logL = -2224.302568 (converged)
AIC = 5780.605135
BIC = 7785.688241

count.K
21 73 21 35 

