logL = -1556.806562 (converged)
AIC = 7961.613123
BIC = 15259.393076

count.K
21 14 18 22 0 4 1 15 1 44 5 1 4 

