logL = -1842.040322 (converged)
AIC = 8256.080645
BIC = 15138.392927

count.K
15 1 20 3 17 3 11 15 8 46 6 5 

