logL = -1213.070211 (converged)
AIC = 5986.140422
BIC = 11345.071245

count.K
9 24 15 16 10 8 16 14 7 31 

