0	tsk_0	(x)	1	:	0.000000	0.000000	0.284344	0.475707	0.239949	0.000000	0.000000	0.000000	0.000000	0.000000	0.000000	0.000000	0.000000	0.000000
1	tsk_1	(x)	1	:	0.000000	0.000000	0.131744	0.008649	0.000000	0.368498	0.000000	0.491109	0.000000	0.000000	0.000000	0.000000	0.000000	0.000000
2	tsk_2	(x)	1	:	0.000000	0.000000	0.016944	0.497784	0.000000	0.000000	0.000000	0.000000	0.000000	0.485272	0.000000	0.000000	0.000000	0.000000
3	tsk_3	(x)	1	:	0.000000	0.000000	0.000000	0.000000	0.000000	0.000000	0.000000	0.484976	0.000000	0.000000	0.515024	0.000000	0.000000	0.000000
4	tsk_4	(x)	1	:	0.000000	0.000000	0.025595	0.000000	0.000000	0.000000	0.000000	0.493787	0.000000	0.477915	0.000000	0.000000	0.002703	0.000000
5	tsk_5	(x)	1	:	0.000000	0.000000	0.130609	0.002011	0.000000	0.368309	0.000000	0.000000	0.000000	0.000000	0.000000	0.000000	0.000000	0.499071
6	tsk_6	(x)	1	:	0.000000	0.000000	0.130895	0.002253	0.000000	0.368331	0.000000	0.000000	0.498521	0.000000	0.000000	0.000000	0.000000	0.000000
7	tsk_7	(x)	1	:	0.000000	0.000000	0.015686	0.000296	0.000000	0.000000	0.000000	0.000000	0.499267	0.484672	0.000000	0.000000	0.000079	0.000000
8	tsk_8	(x)	1	:	0.000000	0.000000	0.000000	0.000000	0.000000	1.000000	0.000000	0.000000	0.000000	0.000000	0.000000	0.000000	0.000000	0.000000
9	tsk_9	(x)	1	:	0.000000	0.000000	0.132043	0.008062	0.000000	0.368401	0.000000	0.491493	0.000000	0.000000	0.000000	0.000000	0.000000	0.000000
10	tsk_10	(x)	1	:	0.000000	0.000000	0.025697	0.000000	0.000000	0.000000	0.000000	0.493756	0.000000	0.477814	0.000000	0.000000	0.002733	0.000000
11	tsk_11	(x)	1	:	0.000000	0.000000	0.017130	0.000080	0.000000	0.000000	0.000000	0.000000	0.499270	0.483390	0.000000	0.000000	0.000129	0.000000
12	tsk_12	(x)	1	:	0.000000	0.000000	0.026331	0.000084	0.000000	0.000000	0.000000	0.493506	0.000000	0.477158	0.000000	0.000000	0.002921	0.000000
13	tsk_13	(x)	1	:	0.000000	0.433579	0.016392	0.064168	0.000000	0.000000	0.000000	0.000000	0.000000	0.485861	0.000000	0.000000	0.000000	0.000000
14	tsk_14	(x)	1	:	0.000000	0.000000	0.000000	0.000000	0.000000	0.000000	0.000000	0.000000	0.000000	1.000000	0.000000	0.000000	0.000000	0.000000
15	tsk_15	(x)	1	:	0.000000	0.000000	0.000000	0.000000	0.000000	0.000000	0.000000	0.490523	0.509477	0.000000	0.000000	0.000000	0.000000	0.000000
16	tsk_16	(x)	1	:	0.000000	0.000000	0.000000	0.496848	0.000000	0.000000	0.000000	0.000000	0.503151	0.000000	0.000000	0.000000	0.000000	0.000000
17	tsk_17	(x)	1	:	0.000000	0.000000	0.000000	0.000000	0.000000	0.000000	0.000000	0.000000	0.391012	0.000000	0.000000	0.000000	0.608988	0.000000
18	tsk_18	(x)	1	:	0.000000	0.000000	0.000000	0.506327	0.000000	0.000000	0.000000	0.493673	0.000000	0.000000	0.000000	0.000000	0.000000	0.000000
19	tsk_19	(x)	1	:	0.000000	0.433656	0.017430	0.063971	0.000000	0.000000	0.000000	0.000000	0.000000	0.484944	0.000000	0.000000	0.000000	0.000000
20	tsk_20	(x)	1	:	0.000000	0.000000	0.000000	0.459625	0.196301	0.000000	0.000000	0.000000	0.000000	0.344074	0.000000	0.000000	0.000000	0.000000
21	tsk_21	(x)	1	:	0.000000	0.000000	0.000000	0.000000	0.000000	0.000000	0.000000	0.000000	0.000000	0.000000	1.000000	0.000000	0.000000	0.000000
22	tsk_22	(x)	1	:	0.000000	0.433836	0.017483	0.063766	0.000000	0.000000	0.000000	0.000000	0.000000	0.484915	0.000000	0.000000	0.000000	0.000000
23	tsk_23	(x)	1	:	0.000000	0.536245	0.000000	0.000000	0.000000	0.000000	0.000000	0.000000	0.463755	0.000000	0.000000	0.000000	0.000000	0.000000
24	tsk_24	(x)	1	:	0.000000	1.000000	0.000000	0.000000	0.000000	0.000000	0.000000	0.000000	0.000000	0.000000	0.000000	0.000000	0.000000	0.000000
25	tsk_25	(x)	1	:	0.000000	0.000000	0.000000	0.000000	0.000000	0.000000	0.000000	0.490523	0.509477	0.000000	0.000000	0.000000	0.000000	0.000000
26	tsk_26	(x)	1	:	0.000000	0.000000	0.024930	0.000000	0.000000	0.000000	0.000000	0.000000	0.000000	0.488567	0.486503	0.000000	0.000000	0.000000
27	tsk_27	(x)	1	:	0.000000	0.000000	0.000000	0.000000	0.000000	0.000000	0.000000	0.000000	0.000000	0.000000	1.000000	0.000000	0.000000	0.000000
28	tsk_28	(x)	1	:	0.000000	0.501608	0.000000	0.000000	0.000000	0.000000	0.000000	0.000000	0.000000	0.000000	0.498392	0.000000	0.000000	0.000000
29	tsk_29	(x)	1	:	0.000000	0.433602	0.000000	0.075673	0.000000	0.000000	0.000000	0.000000	0.000000	0.000000	0.490724	0.000000	0.000000	0.000000
30	tsk_30	(x)	1	:	0.000000	0.000000	0.000000	0.000000	0.000000	0.000000	0.000000	0.000000	0.000000	1.000000	0.000000	0.000000	0.000000	0.000000
31	tsk_31	(x)	1	:	0.000000	0.433690	0.017721	0.063902	0.000000	0.000000	0.000000	0.000000	0.000000	0.484688	0.000000	0.000000	0.000000	0.000000
32	tsk_32	(x)	1	:	0.000000	0.000000	0.000000	0.000000	0.000000	0.000000	0.000000	0.000000	1.000000	0.000000	0.000000	0.000000	0.000000	0.000000
33	tsk_33	(x)	1	:	0.000000	0.000000	0.000000	0.000000	0.000000	0.000000	0.000000	0.515079	0.000000	0.000000	0.000000	0.000000	0.484921	0.000000
34	tsk_34	(x)	1	:	0.000000	0.000000	0.293112	0.000000	0.242969	0.000000	0.000000	0.000000	0.000000	0.000000	0.463918	0.000000	0.000000	0.000000
35	tsk_35	(x)	1	:	0.000000	0.433864	0.000000	0.062690	0.000000	0.000000	0.000000	0.000000	0.503446	0.000000	0.000000	0.000000	0.000000	0.000000
36	tsk_36	(x)	1	:	0.000000	0.433573	0.017332	0.064073	0.000000	0.000000	0.000000	0.000000	0.000000	0.485022	0.000000	0.000000	0.000000	0.000000
37	tsk_37	(x)	1	:	0.000000	0.000000	0.000000	0.000000	0.000000	0.207250	0.000000	0.000000	0.452042	0.299855	0.000000	0.000000	0.040853	0.000000
38	tsk_38	(x)	1	:	0.000000	0.000000	0.000000	0.442295	0.054561	0.000000	0.000000	0.000000	0.503144	0.000000	0.000000	0.000000	0.000000	0.000000
39	tsk_39	(x)	1	:	0.000000	0.000000	0.000000	0.442295	0.054561	0.000000	0.000000	0.000000	0.503144	0.000000	0.000000	0.000000	0.000000	0.000000
40	tsk_40	(x)	1	:	0.000000	0.000000	0.024968	0.000329	0.000000	0.000000	0.000000	0.493757	0.000000	0.478439	0.000000	0.000000	0.002507	0.000000
41	tsk_41	(x)	1	:	0.000000	0.000000	0.509481	0.000000	0.000000	0.000000	0.000000	0.000000	0.000000	0.490519	0.000000	0.000000	0.000000	0.000000
42	tsk_42	(x)	1	:	0.000000	0.000000	0.478828	0.000000	0.000000	0.000000	0.000000	0.000000	0.000000	0.000000	0.521172	0.000000	0.000000	0.000000
43	tsk_43	(x)	1	:	0.000000	0.000000	0.500000	0.000000	0.000000	0.000000	0.000000	0.000000	0.500000	0.000000	0.000000	0.000000	0.000000	0.000000
44	tsk_44	(x)	1	:	0.000000	0.000000	0.000000	0.009276	0.000000	0.000000	0.000000	0.000000	0.504772	0.000000	0.000000	0.485951	0.000000	0.000000
45	tsk_45	(x)	1	:	0.000000	0.000000	0.000000	0.000000	0.000000	0.000000	0.000000	0.485385	0.000000	0.000000	0.000000	0.000000	0.000000	0.514615
46	tsk_46	(x)	1	:	0.000000	0.000000	0.513263	0.000000	0.000000	0.000000	0.000000	0.000000	0.000000	0.000000	0.486737	0.000000	0.000000	0.000000
47	tsk_47	(x)	1	:	0.000000	0.000000	0.000000	0.015782	0.000000	0.000000	0.000000	0.493606	0.000000	0.000000	0.490611	0.000000	0.000000	0.000000
48	tsk_48	(x)	1	:	0.000000	0.000000	0.025235	0.000203	0.000000	0.000000	0.000000	0.493761	0.000000	0.478212	0.000000	0.000000	0.002588	0.000000
49	tsk_49	(x)	1	:	0.000000	0.000000	0.499378	0.000000	0.000000	0.000000	0.492430	0.000000	0.008192	0.000000	0.000000	0.000000	0.000000	0.000000
50	tsk_50	(x)	1	:	0.000000	0.000000	0.501576	0.498424	0.000000	0.000000	0.000000	0.000000	0.000000	0.000000	0.000000	0.000000	0.000000	0.000000
51	tsk_51	(x)	1	:	0.000000	0.000000	0.000000	0.000000	0.000000	0.000000	0.000000	0.000000	0.000000	1.000000	0.000000	0.000000	0.000000	0.000000
52	tsk_52	(x)	1	:	0.000000	0.000000	0.000000	0.000000	0.000000	0.000000	0.000000	0.000000	0.000000	1.000000	0.000000	0.000000	0.000000	0.000000
53	tsk_53	(x)	1	:	0.000000	0.000000	0.015510	0.000002	0.000000	0.000000	0.492536	0.000000	0.007550	0.484368	0.000000	0.000000	0.000034	0.000000
54	tsk_54	(x)	1	:	0.000000	0.000000	0.000000	0.000000	0.000000	0.000000	0.000000	0.000000	0.000000	1.000000	0.000000	0.000000	0.000000	0.000000
55	tsk_55	(x)	1	:	0.000000	0.000000	0.477815	0.029861	0.000000	0.000000	0.000000	0.000000	0.000000	0.023730	0.000000	0.000000	0.468594	0.000000
56	tsk_56	(x)	1	:	0.000000	0.000000	0.016544	0.497827	0.000000	0.000000	0.000000	0.000000	0.000000	0.485629	0.000000	0.000000	0.000000	0.000000
57	tsk_57	(x)	1	:	0.000000	0.000000	0.000000	0.000000	0.000000	0.000000	0.000000	0.000000	0.000000	0.507379	0.000000	0.000000	0.492621	0.000000
58	tsk_58	(x)	1	:	0.000000	0.000000	0.478454	0.029569	0.000000	0.000000	0.000000	0.000000	0.000000	0.023115	0.000000	0.000000	0.468861	0.000000
59	tsk_59	(x)	1	:	0.000000	0.000000	0.000000	0.000000	0.000000	0.000000	0.000000	0.000000	0.000000	1.000000	0.000000	0.000000	0.000000	0.000000
60	tsk_60	(x)	1	:	0.000000	0.000000	0.000000	0.000000	0.000000	0.000000	0.000000	1.000000	0.000000	0.000000	0.000000	0.000000	0.000000	0.000000
61	tsk_61	(x)	1	:	0.000000	0.000000	0.000000	0.000000	0.000000	0.000000	0.000000	0.515079	0.000000	0.000000	0.000000	0.000000	0.484921	0.000000
62	tsk_62	(x)	1	:	0.000000	0.000000	0.000000	0.000000	0.000000	0.000000	0.000000	0.422741	0.000000	0.000000	0.577259	0.000000	0.000000	0.000000
63	tsk_63	(x)	1	:	0.000000	0.000000	0.509481	0.000000	0.000000	0.000000	0.000000	0.000000	0.000000	0.490519	0.000000	0.000000	0.000000	0.000000
64	tsk_64	(x)	1	:	0.000000	0.000000	0.000000	0.000000	0.000000	0.000000	0.000000	0.515079	0.000000	0.000000	0.000000	0.000000	0.484921	0.000000
65	tsk_65	(x)	1	:	0.000000	0.000000	0.000000	0.000000	0.000000	0.000000	0.000000	1.000000	0.000000	0.000000	0.000000	0.000000	0.000000	0.000000
66	tsk_66	(x)	1	:	0.000000	0.000000	0.000000	0.000000	0.000000	0.000000	0.000000	0.515079	0.000000	0.000000	0.000000	0.000000	0.484921	0.000000
67	tsk_67	(x)	1	:	0.000000	0.000000	0.000000	0.000000	0.000000	0.000000	0.000000	0.225625	0.000000	0.000000	0.000000	0.000000	0.774375	0.000000
68	tsk_68	(x)	1	:	0.000000	0.000000	0.503161	0.000000	0.000000	0.000000	0.000000	0.496839	0.000000	0.000000	0.000000	0.000000	0.000000	0.000000
69	tsk_69	(x)	1	:	0.000000	0.000000	0.509481	0.000000	0.000000	0.000000	0.000000	0.000000	0.000000	0.490519	0.000000	0.000000	0.000000	0.000000
70	tsk_70	(x)	1	:	0.000000	0.000000	0.000000	0.000000	0.000000	0.000000	0.000000	0.000000	0.000000	1.000000	0.000000	0.000000	0.000000	0.000000
71	tsk_71	(x)	1	:	0.000000	0.000000	0.017333	0.000019	0.000000	0.000000	0.000000	0.000000	0.499288	0.483219	0.000000	0.000000	0.000141	0.000000
72	tsk_72	(x)	1	:	0.000000	0.000000	0.017284	0.000098	0.000000	0.000000	0.000000	0.000000	0.499240	0.483241	0.000000	0.000000	0.000138	0.000000
73	tsk_73	(x)	1	:	0.000000	0.000000	0.016967	0.497781	0.000000	0.000000	0.000000	0.000000	0.000000	0.485252	0.000000	0.000000	0.000000	0.000000
74	tsk_74	(x)	1	:	0.000000	0.000000	0.000000	0.000000	0.000000	0.000000	0.000000	0.000000	0.000000	1.000000	0.000000	0.000000	0.000000	0.000000
75	tsk_75	(x)	1	:	0.000000	0.000000	0.000000	0.000000	0.000000	0.000000	0.000000	0.000000	0.527641	0.000000	0.000000	0.000000	0.472359	0.000000
76	tsk_76	(x)	1	:	0.000000	0.000000	0.000000	0.000000	0.000000	0.000000	0.000000	0.000000	1.000000	0.000000	0.000000	0.000000	0.000000	0.000000
77	tsk_77	(x)	1	:	0.000000	0.000000	0.000000	0.000000	0.000000	0.000000	0.000000	0.000000	0.000000	1.000000	0.000000	0.000000	0.000000	0.000000
78	tsk_78	(x)	1	:	0.000000	0.000000	0.017506	0.000046	0.000000	0.000000	0.000000	0.000000	0.499248	0.483048	0.000000	0.000000	0.000152	0.000000
79	tsk_79	(x)	1	:	0.000000	0.000000	0.018221	0.000013	0.000000	0.000000	0.000000	0.000000	0.499190	0.482387	0.000000	0.000000	0.000188	0.000000
80	tsk_80	(x)	1	:	0.000000	0.000000	0.000000	1.000000	0.000000	0.000000	0.000000	0.000000	0.000000	0.000000	0.000000	0.000000	0.000000	0.000000
81	tsk_81	(x)	1	:	0.000000	0.000000	0.000000	0.493873	0.000000	0.000000	0.000000	0.000000	0.000000	0.000000	0.000000	0.000000	0.000000	0.506127
82	tsk_82	(x)	1	:	0.000000	0.000000	0.133301	0.498453	0.000000	0.368246	0.000000	0.000000	0.000000	0.000000	0.000000	0.000000	0.000000	0.000000
83	tsk_83	(x)	1	:	0.000000	0.000000	0.000000	0.506327	0.000000	0.000000	0.000000	0.493673	0.000000	0.000000	0.000000	0.000000	0.000000	0.000000
84	tsk_84	(x)	1	:	0.000000	0.000000	0.133324	0.498450	0.000000	0.368226	0.000000	0.000000	0.000000	0.000000	0.000000	0.000000	0.000000	0.000000
85	tsk_85	(x)	1	:	0.000000	0.000000	0.000000	0.496848	0.000000	0.000000	0.000000	0.000000	0.503151	0.000000	0.000000	0.000000	0.000000	0.000000
86	tsk_86	(x)	1	:	0.000000	0.000000	0.000000	1.000000	0.000000	0.000000	0.000000	0.000000	0.000000	0.000000	0.000000	0.000000	0.000000	0.000000
87	tsk_87	(x)	1	:	0.000000	0.000000	0.133331	0.498450	0.000000	0.368220	0.000000	0.000000	0.000000	0.000000	0.000000	0.000000	0.000000	0.000000
88	tsk_88	(x)	1	:	0.000000	0.000000	0.000000	0.493873	0.000000	0.000000	0.000000	0.000000	0.000000	0.000000	0.000000	0.000000	0.000000	0.506127
89	tsk_89	(x)	1	:	0.000000	0.000000	0.000000	0.509361	0.000000	0.000000	0.000000	0.000000	0.000000	0.000000	0.490639	0.000000	0.000000	0.000000
90	tsk_90	(x)	1	:	0.000000	0.000000	0.000000	0.000000	0.000000	0.000000	0.000000	1.000000	0.000000	0.000000	0.000000	0.000000	0.000000	0.000000
91	tsk_91	(x)	1	:	0.000000	0.000000	0.000000	0.000000	0.000000	0.000000	0.000000	0.485385	0.000000	0.000000	0.000000	0.000000	0.000000	0.514615
92	tsk_92	(x)	1	:	0.000000	0.000000	0.509481	0.000000	0.000000	0.000000	0.000000	0.000000	0.000000	0.490519	0.000000	0.000000	0.000000	0.000000
93	tsk_93	(x)	1	:	0.000000	0.000000	0.000000	0.000000	0.000000	0.000000	0.000000	1.000000	0.000000	0.000000	0.000000	0.000000	0.000000	0.000000
94	tsk_94	(x)	1	:	0.000000	0.000000	0.503161	0.000000	0.000000	0.000000	0.000000	0.496839	0.000000	0.000000	0.000000	0.000000	0.000000	0.000000
95	tsk_95	(x)	1	:	0.000000	0.000000	0.478828	0.000000	0.000000	0.000000	0.000000	0.000000	0.000000	0.000000	0.521172	0.000000	0.000000	0.000000
96	tsk_96	(x)	1	:	0.000000	0.000000	0.499226	0.000965	0.000000	0.000000	0.000000	0.000000	0.000000	0.000000	0.000000	0.000000	0.000000	0.499809
97	tsk_97	(x)	1	:	0.000000	0.000000	0.000000	0.506327	0.000000	0.000000	0.000000	0.493673	0.000000	0.000000	0.000000	0.000000	0.000000	0.000000
98	tsk_98	(x)	1	:	0.000000	0.000000	0.501576	0.498424	0.000000	0.000000	0.000000	0.000000	0.000000	0.000000	0.000000	0.000000	0.000000	0.000000
99	tsk_99	(x)	1	:	0.000000	0.000000	0.499193	0.001088	0.000000	0.000000	0.000000	0.000000	0.000000	0.000000	0.000000	0.000000	0.000000	0.499719
100	tsk_100	(x)	1	:	0.000000	0.432788	0.000000	0.567211	0.000000	0.000000	0.000000	0.000000	0.000000	0.000000	0.000000	0.000000	0.000000	0.000000
101	tsk_101	(x)	1	:	0.000000	0.000000	0.015878	0.000000	0.000000	0.000000	0.493340	0.000000	0.006651	0.484085	0.000000	0.000000	0.000046	0.000000
102	tsk_102	(x)	1	:	0.000000	0.000000	0.000000	0.402475	0.000000	0.000000	0.000000	0.597525	0.000000	0.000000	0.000000	0.000000	0.000000	0.000000
103	tsk_103	(x)	1	:	0.000000	0.000000	0.000000	0.000000	0.000000	0.000000	0.000000	0.595103	0.404897	0.000000	0.000000	0.000000	0.000000	0.000000
104	tsk_104	(x)	1	:	0.000000	0.000000	0.000000	0.496848	0.000000	0.000000	0.000000	0.000000	0.503151	0.000000	0.000000	0.000000	0.000000	0.000000
105	tsk_105	(x)	1	:	0.000000	0.433353	0.000000	0.063327	0.000000	0.000000	0.000000	0.000000	0.503320	0.000000	0.000000	0.000000	0.000000	0.000000
106	tsk_106	(x)	1	:	0.000000	0.434128	0.000000	0.060367	0.000000	0.000000	0.491870	0.000000	0.013635	0.000000	0.000000	0.000000	0.000000	0.000000
107	tsk_107	(x)	1	:	0.000000	0.532139	0.000000	0.000000	0.000000	0.000000	0.000000	0.000000	0.467861	0.000000	0.000000	0.000000	0.000000	0.000000
108	tsk_108	(x)	1	:	0.000000	0.000000	0.000000	0.000000	0.000000	0.000000	0.500000	0.000000	0.500000	0.000000	0.000000	0.000000	0.000000	0.000000
109	tsk_109	(x)	1	:	0.000000	0.000000	0.000000	0.000000	0.000000	0.000000	0.500000	0.000000	0.500000	0.000000	0.000000	0.000000	0.000000	0.000000
110	tsk_110	(x)	1	:	0.000000	0.000000	0.000000	0.000178	0.000000	0.000000	0.000000	0.000000	0.000000	0.000000	0.519454	0.000000	0.480368	0.000000
111	tsk_111	(x)	1	:	0.000000	0.000000	1.000000	0.000000	0.000000	0.000000	0.000000	0.000000	0.000000	0.000000	0.000000	0.000000	0.000000	0.000000
112	tsk_112	(x)	1	:	0.000000	0.000000	0.000000	0.000000	0.000000	0.000000	0.493011	0.488817	0.018173	0.000000	0.000000	0.000000	0.000000	0.000000
113	tsk_113	(x)	1	:	0.000000	0.000000	1.000000	0.000000	0.000000	0.000000	0.000000	0.000000	0.000000	0.000000	0.000000	0.000000	0.000000	0.000000
114	tsk_114	(x)	1	:	0.000000	0.000000	0.000000	0.000000	0.000000	0.000000	1.000000	0.000000	0.000000	0.000000	0.000000	0.000000	0.000000	0.000000
115	tsk_115	(x)	1	:	0.000000	0.000000	1.000000	0.000000	0.000000	0.000000	0.000000	0.000000	0.000000	0.000000	0.000000	0.000000	0.000000	0.000000
116	tsk_116	(x)	1	:	0.000000	0.000000	0.509481	0.000000	0.000000	0.000000	0.000000	0.000000	0.000000	0.490519	0.000000	0.000000	0.000000	0.000000
117	tsk_117	(x)	1	:	0.000000	0.000000	0.000000	0.496848	0.000000	0.000000	0.000000	0.000000	0.503151	0.000000	0.000000	0.000000	0.000000	0.000000
118	tsk_118	(x)	1	:	0.000000	0.000000	0.000000	1.000000	0.000000	0.000000	0.000000	0.000000	0.000000	0.000000	0.000000	0.000000	0.000000	0.000000
119	tsk_119	(x)	1	:	0.000000	0.000000	0.000000	0.000000	0.000000	0.000000	0.000000	0.484976	0.000000	0.000000	0.515024	0.000000	0.000000	0.000000
120	tsk_120	(x)	1	:	0.000000	0.000000	0.016349	0.000000	0.000000	0.000000	0.492567	0.000000	0.007445	0.483590	0.000000	0.000000	0.000049	0.000000
121	tsk_121	(x)	1	:	0.610942	0.000000	0.000155	0.388903	0.000000	0.000000	0.000000	0.000000	0.000000	0.000000	0.000000	0.000000	0.000000	0.000000
122	tsk_122	(x)	1	:	0.000000	0.000000	0.015185	0.000000	0.000000	0.000000	0.491701	0.000000	0.008484	0.484609	0.000000	0.000000	0.000021	0.000000
123	tsk_123	(x)	1	:	0.000000	0.000000	0.000000	0.000000	0.000000	0.000000	1.000000	0.000000	0.000000	0.000000	0.000000	0.000000	0.000000	0.000000
124	tsk_124	(x)	1	:	0.611069	0.000000	0.000000	0.388931	0.000000	0.000000	0.000000	0.000000	0.000000	0.000000	0.000000	0.000000	0.000000	0.000000
125	tsk_125	(x)	1	:	0.000000	0.000000	0.000000	0.000000	0.000000	0.328028	0.000000	0.000000	0.000000	0.671972	0.000000	0.000000	0.000000	0.000000
126	tsk_126	(x)	1	:	0.000000	0.000000	0.000000	0.000000	0.000000	0.220900	0.000000	0.435727	0.000000	0.286235	0.000000	0.000000	0.057138	0.000000
127	tsk_127	(x)	1	:	0.000000	0.000000	0.016637	0.497817	0.000000	0.000000	0.000000	0.000000	0.000000	0.485546	0.000000	0.000000	0.000000	0.000000
128	tsk_128	(x)	1	:	0.103647	0.000000	0.000000	0.405085	0.000000	0.000000	0.491261	0.000000	0.000008	0.000000	0.000000	0.000000	0.000000	0.000000
129	tsk_129	(x)	1	:	0.000000	0.000000	0.000000	0.000000	0.000000	0.212999	0.460965	0.000000	0.000114	0.294109	0.000000	0.000000	0.031812	0.000000
130	tsk_130	(x)	1	:	0.000000	0.000000	0.279064	0.000000	0.000000	0.000000	0.000000	0.000000	0.000000	0.000000	0.484895	0.236040	0.000000	0.000000
131	tsk_131	(x)	1	:	0.000000	0.000000	0.001274	0.477387	0.251696	0.000000	0.000000	0.000000	0.000000	0.000000	0.000000	0.269644	0.000000	0.000000
132	tsk_132	(x)	1	:	0.000000	0.000000	0.000000	0.000000	0.000000	0.000000	0.000000	0.000000	0.000000	0.000000	0.000000	0.000000	1.000000	0.000000
133	tsk_133	(x)	1	:	0.000000	0.000000	0.001902	0.493871	0.000000	0.000000	0.000000	0.000000	0.000000	0.000000	0.000000	0.504227	0.000000	0.000000
134	tsk_134	(x)	1	:	0.000000	0.000000	0.000000	0.509361	0.000000	0.000000	0.000000	0.000000	0.000000	0.000000	0.490639	0.000000	0.000000	0.000000
135	tsk_135	(x)	1	:	0.000000	0.000000	0.000000	0.523470	0.000000	0.000000	0.000000	0.000000	0.000000	0.000000	0.000000	0.000000	0.476530	0.000000
136	tsk_136	(x)	1	:	0.000000	0.000000	0.513263	0.000000	0.000000	0.000000	0.000000	0.000000	0.000000	0.000000	0.486737	0.000000	0.000000	0.000000
137	tsk_137	(x)	1	:	0.000000	0.000000	0.513263	0.000000	0.000000	0.000000	0.000000	0.000000	0.000000	0.000000	0.486737	0.000000	0.000000	0.000000
138	tsk_138	(x)	1	:	0.000000	0.000000	0.000000	0.032493	0.000000	0.000000	0.000000	0.000000	0.000000	0.000000	0.490716	0.000000	0.476791	0.000000
139	tsk_139	(x)	1	:	0.000000	0.000000	0.000000	0.464829	0.000000	0.000000	0.000000	0.000000	0.000000	0.000000	0.446728	0.088443	0.000000	0.000000
140	tsk_140	(x)	1	:	0.000000	0.000000	0.000000	0.448652	0.000000	0.000000	0.000000	0.551348	0.000000	0.000000	0.000000	0.000000	0.000000	0.000000
141	tsk_141	(x)	1	:	0.000000	0.000000	0.000000	1.000000	0.000000	0.000000	0.000000	0.000000	0.000000	0.000000	0.000000	0.000000	0.000000	0.000000
142	tsk_142	(x)	1	:	0.000000	0.000000	0.016922	0.000159	0.000000	0.000000	0.000000	0.000000	0.499238	0.483561	0.000000	0.000000	0.000120	0.000000
143	tsk_143	(x)	1	:	0.000000	0.000000	0.000000	0.506327	0.000000	0.000000	0.000000	0.493673	0.000000	0.000000	0.000000	0.000000	0.000000	0.000000
144	tsk_144	(x)	1	:	0.259583	0.000000	0.026457	0.443055	0.000000	0.000000	0.000000	0.000000	0.000000	0.270905	0.000000	0.000000	0.000000	0.000000
145	tsk_145	(x)	1	:	0.000000	0.000000	0.000000	0.496848	0.000000	0.000000	0.000000	0.000000	0.503151	0.000000	0.000000	0.000000	0.000000	0.000000
146	tsk_146	(x)	1	:	0.000000	0.000000	0.000000	0.554167	0.000000	0.000000	0.000000	0.000000	0.445832	0.000000	0.000000	0.000000	0.000000	0.000000
147	tsk_147	(x)	1	:	0.000000	0.000000	0.000000	0.000000	0.000000	0.000000	0.000000	0.548577	0.451423	0.000000	0.000000	0.000000	0.000000	0.000000
148	tsk_148	(x)	1	:	0.000000	0.000000	0.016891	0.497789	0.000000	0.000000	0.000000	0.000000	0.000000	0.485319	0.000000	0.000000	0.000000	0.000000
149	tsk_149	(x)	1	:	0.000000	0.000000	0.000000	0.000000	0.000000	0.000000	0.493033	0.488822	0.018145	0.000000	0.000000	0.000000	0.000000	0.000000
