0	tsk_0	(x)	1	:	0.000000	0.000000	0.000000	0.000000	0.000000	0.400867	0.000000	0.000000	0.000000	0.599133	0.000000	0.000000	0.000000	0.000000	0.000000
1	tsk_1	(x)	1	:	0.000000	0.485168	0.000000	0.000000	0.000017	0.000000	0.000000	0.000000	0.000000	0.514811	0.000000	0.000000	0.000000	0.000003	0.000000
2	tsk_2	(x)	1	:	0.000000	0.000000	0.000000	0.741674	0.000000	0.000000	0.000000	0.000000	0.000000	0.258326	0.000000	0.000000	0.000000	0.000000	0.000000
3	tsk_3	(x)	1	:	0.000000	0.000000	0.000000	0.000000	0.000000	0.000000	0.000000	0.000000	0.000000	1.000000	0.000000	0.000000	0.000000	0.000000	0.000000
4	tsk_4	(x)	1	:	0.000000	0.485165	0.000000	0.000000	0.000020	0.000000	0.000000	0.000000	0.000000	0.514811	0.000000	0.000000	0.000000	0.000005	0.000000
5	tsk_5	(x)	1	:	0.000000	0.569817	0.000000	0.000000	0.380257	0.000000	0.000004	0.000000	0.000000	0.000000	0.000000	0.000000	0.000000	0.049923	0.000000
6	tsk_6	(x)	1	:	0.000000	0.000000	0.000000	0.000000	0.000000	0.000000	0.000000	0.000000	0.000000	1.000000	0.000000	0.000000	0.000000	0.000000	0.000000
7	tsk_7	(x)	1	:	0.000000	0.485167	0.000000	0.000000	0.000021	0.000000	0.000000	0.000000	0.000000	0.514811	0.000000	0.000000	0.000000	0.000001	0.000000
8	tsk_8	(x)	1	:	0.000000	0.496686	0.000000	0.000000	0.009509	0.450915	0.000000	0.000000	0.000000	0.000000	0.000000	0.034878	0.000000	0.008011	0.000000
9	tsk_9	(x)	1	:	0.000000	0.000000	0.000000	0.741674	0.000000	0.000000	0.000000	0.000000	0.000000	0.258326	0.000000	0.000000	0.000000	0.000000	0.000000
10	tsk_10	(x)	1	:	0.000000	0.001388	0.489477	0.000000	0.007858	0.000000	0.000000	0.000000	0.499858	0.000000	0.000000	0.000000	0.000000	0.001419	0.000000
11	tsk_11	(x)	1	:	0.000000	0.000000	0.000000	0.000000	0.000000	0.000000	0.000000	0.000000	1.000000	0.000000	0.000000	0.000000	0.000000	0.000000	0.000000
12	tsk_12	(x)	1	:	0.000000	0.000000	0.000000	0.000000	0.211389	0.000000	0.000001	0.000000	0.000000	0.517950	0.000000	0.000000	0.000000	0.270660	0.000000
13	tsk_13	(x)	1	:	0.000000	0.001139	0.488154	0.000000	0.008190	0.000000	0.000000	0.000000	0.499777	0.000000	0.000000	0.000000	0.000000	0.002739	0.000000
14	tsk_14	(x)	1	:	0.000000	0.000000	0.000000	0.000000	0.000000	0.000000	0.000000	0.000000	1.000000	0.000000	0.000000	0.000000	0.000000	0.000000	0.000000
15	tsk_15	(x)	1	:	0.000000	0.000000	0.000000	0.000000	0.000000	0.000000	0.000000	0.000000	1.000000	0.000000	0.000000	0.000000	0.000000	0.000000	0.000000
16	tsk_16	(x)	1	:	0.000000	0.000000	0.000000	0.000000	0.440878	0.000000	0.000009	0.000000	0.500001	0.000000	0.000000	0.000000	0.000000	0.059112	0.000000
17	tsk_17	(x)	1	:	0.000000	0.000000	0.486289	0.000000	0.125887	0.000000	0.000003	0.000000	0.000000	0.000000	0.000000	0.000000	0.000000	0.387821	0.000000
18	tsk_18	(x)	1	:	0.000000	0.000000	0.000000	0.000000	0.000000	0.000000	0.000000	0.000000	0.509671	0.000000	0.000000	0.490329	0.000000	0.000000	0.000000
19	tsk_19	(x)	1	:	0.000000	0.000000	0.000000	0.410944	0.000000	0.000000	0.000000	0.000000	0.508180	0.000000	0.000000	0.080876	0.000000	0.000000	0.000000
20	tsk_20	(x)	1	:	0.000000	0.000000	0.000000	0.509727	0.318544	0.000000	0.000001	0.000000	0.000000	0.000000	0.000000	0.000002	0.000000	0.171725	0.000000
21	tsk_21	(x)	1	:	0.000000	0.000000	0.000000	0.000000	0.336038	0.000000	0.000001	0.000000	0.000000	0.000000	0.000000	0.000000	0.364089	0.299872	0.000000
22	tsk_22	(x)	1	:	0.000000	0.000169	0.000000	0.000000	0.423485	0.000000	0.000010	0.000000	0.499928	0.000000	0.000000	0.000000	0.000000	0.076408	0.000000
23	tsk_23	(x)	1	:	0.000000	0.000000	0.000000	0.509729	0.393198	0.000000	0.000002	0.000000	0.000000	0.000000	0.000000	0.000000	0.000000	0.097071	0.000000
24	tsk_24	(x)	1	:	0.000000	0.000000	0.000000	0.000000	0.000000	0.450383	0.000000	0.000000	0.000000	0.000000	0.517920	0.031697	0.000000	0.000000	0.000000
25	tsk_25	(x)	1	:	0.000000	0.000000	0.000000	0.000000	0.067189	0.000000	0.000000	0.416772	0.000000	0.000000	0.082359	0.000000	0.000000	0.433679	0.000000
26	tsk_26	(x)	1	:	0.000000	0.000000	0.000000	0.000000	0.632835	0.000000	0.000008	0.000000	0.000000	0.000000	0.000000	0.000000	0.000000	0.367157	0.000000
27	tsk_27	(x)	1	:	0.000000	0.496475	0.000000	0.000000	0.009718	0.451021	0.000000	0.000000	0.000000	0.000000	0.000000	0.034683	0.000001	0.008103	0.000000
28	tsk_28	(x)	1	:	0.000000	0.000000	0.000000	0.000000	0.290184	0.451159	0.000001	0.000000	0.000000	0.000000	0.000000	0.034420	0.000000	0.224236	0.000000
29	tsk_29	(x)	1	:	0.000000	0.497131	0.000000	0.000000	0.000000	0.000000	0.000000	0.000000	0.502869	0.000000	0.000000	0.000000	0.000000	0.000000	0.000000
30	tsk_30	(x)	1	:	0.000000	0.000000	0.484694	0.000000	0.007161	0.000000	0.000000	0.000000	0.000000	0.000000	0.498930	0.000000	0.000000	0.009214	0.000000
31	tsk_31	(x)	1	:	0.000000	0.000000	0.000000	0.000000	0.257412	0.000000	0.000003	0.000000	0.000000	0.000000	0.499123	0.000000	0.000000	0.243462	0.000000
32	tsk_32	(x)	1	:	0.000000	0.000000	0.000000	0.000000	0.000002	0.000000	0.500778	0.000000	0.000000	0.000000	0.499220	0.000000	0.000000	0.000000	0.000000
33	tsk_33	(x)	1	:	0.000000	0.000000	0.000000	0.000000	0.364100	0.000000	0.000002	0.000000	0.000000	0.000000	0.499123	0.000000	0.000000	0.136775	0.000000
34	tsk_34	(x)	1	:	0.000000	0.000000	0.000000	0.000000	0.000000	0.000000	0.000000	0.000000	0.000000	0.511092	0.000000	0.488908	0.000000	0.000000	0.000000
35	tsk_35	(x)	1	:	0.000001	0.000000	0.493114	0.000000	0.000001	0.000000	0.506863	0.000000	0.000000	0.000000	0.000000	0.000000	0.000000	0.000021	0.000000
36	tsk_36	(x)	1	:	0.000000	0.000000	0.000000	0.000000	0.600230	0.000000	0.000002	0.000000	0.000000	0.000000	0.000000	0.000000	0.000000	0.399769	0.000000
37	tsk_37	(x)	1	:	0.000000	0.000000	0.484841	0.000000	0.006611	0.000000	0.000000	0.000000	0.000000	0.000000	0.498948	0.000000	0.000000	0.009600	0.000000
38	tsk_38	(x)	1	:	0.000000	0.000000	0.526329	0.000000	0.000000	0.000000	0.000000	0.000000	0.000000	0.000000	0.473671	0.000000	0.000000	0.000000	0.000000
39	tsk_39	(x)	1	:	0.000000	0.000000	0.000000	0.000000	0.526469	0.000000	0.000008	0.000000	0.000000	0.000000	0.000000	0.000000	0.000000	0.473523	0.000000
40	tsk_40	(x)	1	:	0.000000	0.000000	0.000000	0.000000	0.694847	0.000000	0.000007	0.000000	0.000000	0.000000	0.000000	0.000000	0.000000	0.305146	0.000000
41	tsk_41	(x)	1	:	0.000000	0.000000	0.000000	0.000000	0.000000	0.000000	0.000000	0.000000	0.000000	0.000000	0.485313	0.000000	0.514687	0.000000	0.000000
42	tsk_42	(x)	1	:	0.000000	0.000000	0.000000	0.000000	0.199461	0.000000	0.000001	0.000000	0.000000	0.000000	0.499123	0.000000	0.000000	0.301414	0.000000
43	tsk_43	(x)	1	:	0.000000	0.000000	0.000000	0.000000	0.000000	0.000000	0.000000	0.000000	0.000000	0.485719	0.514267	0.000013	0.000000	0.000000	0.000000
44	tsk_44	(x)	1	:	0.000000	0.000000	0.000000	0.000000	0.316462	0.000000	0.000002	0.000000	0.000000	0.517951	0.000000	0.000000	0.000000	0.165585	0.000000
45	tsk_45	(x)	1	:	0.000000	0.000000	0.000000	0.413718	0.000000	0.586281	0.000000	0.000000	0.000000	0.000000	0.000000	0.000000	0.000000	0.000000	0.000000
46	tsk_46	(x)	1	:	0.000000	0.000000	0.000000	0.000000	0.318748	0.000000	0.000000	0.000000	0.000000	0.000000	0.000000	0.000000	0.588962	0.092289	0.000000
47	tsk_47	(x)	1	:	0.000000	0.000000	0.000000	0.000000	0.000000	0.000000	0.000000	0.000000	0.000000	0.000000	0.522826	0.477173	0.000000	0.000000	0.000000
48	tsk_48	(x)	1	:	0.000000	0.000000	0.000000	0.000000	0.000000	0.517956	0.000000	0.000000	0.000000	0.000000	0.482044	0.000000	0.000000	0.000000	0.000000
49	tsk_49	(x)	1	:	0.000000	0.000000	0.000000	0.000000	0.447447	0.000000	0.000000	0.000000	0.000000	0.000000	0.000000	0.000000	0.000000	0.552553	0.000000
50	tsk_50	(x)	1	:	0.000000	0.000000	0.000000	0.000000	0.165714	0.000000	0.000000	0.000000	0.000000	0.000000	0.000000	0.519601	0.000000	0.314685	0.000000
51	tsk_51	(x)	1	:	0.000000	0.000000	0.000000	0.000000	0.351703	0.000000	0.000001	0.000000	0.000000	0.487577	0.000000	0.000363	0.000000	0.160356	0.000000
52	tsk_52	(x)	1	:	0.000000	0.000000	0.000000	0.000000	0.000000	0.000000	0.000000	0.000000	0.000000	1.000000	0.000000	0.000000	0.000000	0.000000	0.000000
53	tsk_53	(x)	1	:	0.000000	0.000000	0.000000	0.000000	0.410715	0.000000	0.000003	0.000000	0.000000	0.487867	0.000000	0.000000	0.000000	0.101415	0.000000
54	tsk_54	(x)	1	:	0.000000	0.000000	0.000000	0.410843	0.394335	0.000000	0.000001	0.000000	0.000000	0.000000	0.000000	0.073849	0.000000	0.120973	0.000000
55	tsk_55	(x)	1	:	0.000000	0.000000	0.000000	0.000000	0.373300	0.000000	0.000016	0.000000	0.500001	0.000000	0.000000	0.000000	0.000000	0.126683	0.000000
56	tsk_56	(x)	1	:	0.000000	0.000000	0.000000	0.000000	0.063001	0.000000	0.000000	0.416793	0.000000	0.000000	0.082335	0.000000	0.000000	0.437870	0.000000
57	tsk_57	(x)	1	:	0.000000	0.000000	0.000000	0.000000	0.417850	0.000000	0.000003	0.000000	0.000000	0.487867	0.000000	0.000000	0.000000	0.094280	0.000000
58	tsk_58	(x)	1	:	0.000000	0.000000	0.000000	0.000000	0.000000	0.000000	0.000000	0.000000	0.000000	0.388937	0.000000	0.611063	0.000000	0.000000	0.000000
59	tsk_59	(x)	1	:	0.000000	0.000000	0.000000	0.000000	0.696518	0.000000	0.000000	0.000000	0.000000	0.000000	0.000000	0.000000	0.000000	0.303482	0.000000
60	tsk_60	(x)	1	:	0.000000	0.000000	0.000000	0.000000	0.000000	0.000000	0.000000	0.999999	0.000000	0.000000	0.000001	0.000000	0.000000	0.000000	0.000000
61	tsk_61	(x)	1	:	0.000000	0.497131	0.000000	0.000000	0.000000	0.000000	0.000000	0.000000	0.502869	0.000000	0.000000	0.000000	0.000000	0.000000	0.000000
62	tsk_62	(x)	1	:	0.000000	0.000006	0.000000	0.000000	0.000012	0.000000	0.000000	0.416185	0.000025	0.000000	0.082187	0.000000	0.000000	0.000081	0.501504
63	tsk_63	(x)	1	:	0.000000	0.000000	0.000000	0.000000	0.492046	0.000000	0.000000	0.000000	0.000000	0.000000	0.000000	0.000000	0.000000	0.507954	0.000000
64	tsk_64	(x)	1	:	0.000000	0.000000	0.000000	0.000000	0.000000	0.000000	0.000000	0.999998	0.000000	0.000000	0.000002	0.000000	0.000000	0.000000	0.000000
65	tsk_65	(x)	1	:	0.000000	0.000000	0.000000	0.000000	0.342109	0.000000	0.000002	0.000000	0.000000	0.000000	0.499123	0.000000	0.000000	0.158766	0.000000
66	tsk_66	(x)	1	:	0.000000	0.000000	0.000000	0.000000	0.397943	0.000000	0.000000	0.000000	0.000000	0.000000	0.000000	0.000000	0.000000	0.099772	0.502285
67	tsk_67	(x)	1	:	0.000000	0.000000	0.000000	0.000000	0.000000	0.000000	0.000000	0.000000	0.000000	0.000000	0.522826	0.477173	0.000000	0.000000	0.000000
68	tsk_68	(x)	1	:	0.000000	0.000000	0.000000	0.000000	0.382370	0.000000	0.000014	0.000000	0.500001	0.000000	0.000000	0.000000	0.000000	0.117614	0.000000
69	tsk_69	(x)	1	:	0.000000	0.000000	0.000000	0.000000	0.000000	0.000000	0.000000	0.416846	0.000000	0.000000	0.583154	0.000000	0.000000	0.000000	0.000000
70	tsk_70	(x)	1	:	0.000000	0.000000	0.000000	0.000000	0.197037	0.000000	0.000003	0.000000	0.000000	0.000000	0.499123	0.000000	0.000000	0.303838	0.000000
71	tsk_71	(x)	1	:	0.999932	0.000000	0.000000	0.000000	0.000021	0.000000	0.000000	0.000000	0.000000	0.000000	0.000000	0.000000	0.000000	0.000046	0.000000
72	tsk_72	(x)	1	:	0.000000	0.000000	0.000000	0.000000	0.834818	0.000000	0.000004	0.000000	0.000000	0.000000	0.000000	0.000000	0.000000	0.165178	0.000000
73	tsk_73	(x)	1	:	0.000000	0.000000	0.000000	0.000000	0.597314	0.000000	0.000000	0.000000	0.000000	0.000000	0.000000	0.000000	0.000000	0.402686	0.000000
74	tsk_74	(x)	1	:	0.000000	0.000000	0.000000	0.000000	0.455975	0.000000	0.000000	0.000000	0.000000	0.000000	0.000000	0.000000	0.000000	0.544025	0.000000
75	tsk_75	(x)	1	:	0.000000	0.000000	0.000000	0.000000	0.239857	0.000000	0.000002	0.000000	0.000000	0.000000	0.000000	0.519601	0.000000	0.240540	0.000000
76	tsk_76	(x)	1	:	0.000000	0.000000	0.000000	0.000000	0.459850	0.000000	0.000000	0.000000	0.000000	0.000000	0.000000	0.000000	0.000000	0.540150	0.000000
77	tsk_77	(x)	1	:	0.999949	0.000000	0.000000	0.000000	0.000036	0.000000	0.000000	0.000000	0.000000	0.000000	0.000000	0.000000	0.000000	0.000015	0.000000
78	tsk_78	(x)	1	:	0.000000	0.000000	0.000000	0.000000	0.421221	0.000000	0.000000	0.000000	0.000000	0.000000	0.000000	0.000000	0.000000	0.578779	0.000000
79	tsk_79	(x)	1	:	0.000000	0.000000	0.000000	0.000000	0.754565	0.000000	0.000000	0.000000	0.000000	0.000000	0.000000	0.000000	0.000000	0.245435	0.000000
80	tsk_80	(x)	1	:	0.000000	0.000000	0.498281	0.000000	0.000000	0.000000	0.000000	0.000000	0.501719	0.000000	0.000000	0.000000	0.000000	0.000000	0.000000
81	tsk_81	(x)	1	:	0.000000	0.001049	0.488629	0.000000	0.007785	0.000000	0.000000	0.000000	0.499883	0.000000	0.000000	0.000000	0.000000	0.002654	0.000000
82	tsk_82	(x)	1	:	0.000000	0.000000	0.484482	0.000000	0.003280	0.000000	0.000000	0.416808	0.000000	0.000000	0.082101	0.000000	0.000000	0.013329	0.000000
83	tsk_83	(x)	1	:	0.000000	0.001148	0.487559	0.000000	0.008540	0.000000	0.000000	0.000000	0.499689	0.000000	0.000000	0.000000	0.000000	0.003062	0.000000
84	tsk_84	(x)	1	:	0.000000	0.001157	0.487372	0.000000	0.010510	0.000000	0.000000	0.000000	0.499659	0.000000	0.000000	0.000000	0.000000	0.001302	0.000000
85	tsk_85	(x)	1	:	0.000000	0.000180	0.000000	0.000000	0.000269	0.000000	0.000000	0.416142	0.000696	0.000000	0.083984	0.000000	0.000000	0.000701	0.498029
86	tsk_86	(x)	1	:	0.000000	0.000000	0.000000	0.000000	0.000000	0.000000	0.000000	0.416846	0.000000	0.000000	0.583154	0.000000	0.000000	0.000000	0.000000
87	tsk_87	(x)	1	:	0.000000	0.000000	0.486267	0.000000	0.276757	0.000000	0.000000	0.000000	0.000000	0.000000	0.000000	0.000000	0.000000	0.236976	0.000000
88	tsk_88	(x)	1	:	0.000000	0.000000	0.000000	0.000000	0.598265	0.000000	0.000000	0.000000	0.000000	0.000000	0.000000	0.000000	0.000000	0.401734	0.000000
89	tsk_89	(x)	1	:	0.000000	0.000000	0.000000	0.000000	0.000000	0.000000	0.000000	0.000000	1.000000	0.000000	0.000000	0.000000	0.000000	0.000000	0.000000
90	tsk_90	(x)	1	:	0.000000	0.000000	0.000000	0.000000	0.818940	0.000000	0.000013	0.000000	0.000000	0.000000	0.000000	0.000000	0.000000	0.181047	0.000000
91	tsk_91	(x)	1	:	0.000000	0.482918	0.000000	0.000000	0.000001	0.000000	0.000000	0.517074	0.000000	0.000000	0.000000	0.000000	0.000000	0.000006	0.000000
92	tsk_92	(x)	1	:	0.000000	0.491421	0.000000	0.272861	0.000000	0.235718	0.000000	0.000000	0.000000	0.000000	0.000000	0.000000	0.000000	0.000000	0.000000
93	tsk_93	(x)	1	:	0.000000	0.000000	0.000000	0.273753	0.231181	0.236386	0.000000	0.000000	0.000000	0.000000	0.000000	0.000000	0.000000	0.258680	0.000000
94	tsk_94	(x)	1	:	0.000000	0.482918	0.000000	0.000000	0.000001	0.000000	0.000000	0.517074	0.000000	0.000000	0.000000	0.000000	0.000000	0.000007	0.000000
95	tsk_95	(x)	1	:	0.000000	1.000000	0.000000	0.000000	0.000000	0.000000	0.000000	0.000000	0.000000	0.000000	0.000000	0.000000	0.000000	0.000000	0.000000
96	tsk_96	(x)	1	:	0.000000	0.000000	0.000000	0.000000	0.275563	0.000000	0.000004	0.000000	0.000000	0.000000	0.000000	0.481952	0.000000	0.242482	0.000000
97	tsk_97	(x)	1	:	0.000000	0.000000	0.000000	0.000000	0.354470	0.000000	0.000001	0.000000	0.000000	0.000000	0.000000	0.481952	0.000000	0.163576	0.000000
98	tsk_98	(x)	1	:	0.000000	0.496178	0.000000	0.000000	0.383779	0.000000	0.000010	0.000000	0.000000	0.000000	0.000000	0.000000	0.000000	0.120033	0.000000
99	tsk_99	(x)	1	:	0.000000	0.000000	0.000000	0.000000	0.640627	0.000000	0.000000	0.000000	0.000000	0.000000	0.000000	0.000000	0.000000	0.359373	0.000000
100	tsk_100	(x)	1	:	0.000000	0.000000	0.000000	0.410786	0.262954	0.000000	0.000000	0.000000	0.000000	0.000000	0.000000	0.073913	0.000000	0.252347	0.000000
101	tsk_101	(x)	1	:	0.000000	0.000000	0.000000	0.000000	0.000000	0.000000	0.000000	0.000000	0.500468	0.000000	0.499532	0.000000	0.000000	0.000000	0.000000
102	tsk_102	(x)	1	:	0.000000	0.000000	0.000000	1.000000	0.000000	0.000000	0.000000	0.000000	0.000000	0.000000	0.000000	0.000000	0.000000	0.000000	0.000000
103	tsk_103	(x)	1	:	0.000000	0.000000	0.000000	1.000000	0.000000	0.000000	0.000000	0.000000	0.000000	0.000000	0.000000	0.000000	0.000000	0.000000	0.000000
104	tsk_104	(x)	1	:	0.000000	0.000000	1.000000	0.000000	0.000000	0.000000	0.000000	0.000000	0.000000	0.000000	0.000000	0.000000	0.000000	0.000000	0.000000
105	tsk_105	(x)	1	:	0.000000	0.001415	0.490461	0.000000	0.003486	0.000000	0.000000	0.000000	0.499986	0.000000	0.000000	0.000000	0.000000	0.004652	0.000000
106	tsk_106	(x)	1	:	0.000000	0.000000	0.489866	0.410712	0.009123	0.000000	0.000000	0.000000	0.000000	0.000000	0.000000	0.074428	0.000000	0.015872	0.000000
107	tsk_107	(x)	1	:	0.000000	0.000000	0.000000	0.000000	0.403289	0.000000	0.000001	0.000000	0.000000	0.517951	0.000000	0.000000	0.000000	0.078759	0.000000
108	tsk_108	(x)	1	:	0.000000	0.000000	0.000000	0.410964	0.148828	0.000000	0.000002	0.000000	0.000000	0.000000	0.000000	0.073712	0.000000	0.366493	0.000000
109	tsk_109	(x)	1	:	0.000000	0.000000	0.478655	0.000000	0.003407	0.000000	0.000000	0.000000	0.000000	0.517230	0.000000	0.000000	0.000000	0.000707	0.000000
110	tsk_110	(x)	1	:	0.000000	0.000000	0.000000	0.000000	0.000000	0.000000	0.000000	0.416810	0.000000	0.000000	0.056506	0.526685	0.000000	0.000000	0.000000
111	tsk_111	(x)	1	:	0.000000	1.000000	0.000000	0.000000	0.000000	0.000000	0.000000	0.000000	0.000000	0.000000	0.000000	0.000000	0.000000	0.000000	0.000000
112	tsk_112	(x)	1	:	0.000000	0.484479	0.000000	0.000000	0.000031	0.000000	0.000000	0.000000	0.000000	0.000000	0.000000	0.515482	0.000000	0.000008	0.000000
113	tsk_113	(x)	1	:	0.000000	0.000000	0.000000	0.000000	0.596285	0.000000	0.000000	0.000000	0.000000	0.000000	0.000000	0.000000	0.000000	0.403715	0.000000
114	tsk_114	(x)	1	:	0.000000	0.000000	0.000000	0.000000	0.000000	0.000000	0.000000	0.999999	0.000000	0.000000	0.000001	0.000000	0.000000	0.000000	0.000000
115	tsk_115	(x)	1	:	0.000000	1.000000	0.000000	0.000000	0.000000	0.000000	0.000000	0.000000	0.000000	0.000000	0.000000	0.000000	0.000000	0.000000	0.000000
116	tsk_116	(x)	1	:	0.000000	0.000000	0.000000	0.000000	0.098527	0.000000	0.000001	0.416785	0.000000	0.000000	0.082344	0.000000	0.000000	0.402343	0.000000
117	tsk_117	(x)	1	:	0.000000	0.000000	0.000000	0.000000	0.557680	0.000000	0.000000	0.000000	0.000000	0.000000	0.000000	0.000000	0.000000	0.442320	0.000000
118	tsk_118	(x)	1	:	0.000000	0.064317	0.000000	0.000000	0.000000	0.000000	0.000000	0.000000	0.503103	0.000000	0.000000	0.000000	0.432580	0.000000	0.000000
119	tsk_119	(x)	1	:	0.000000	0.497131	0.000000	0.000000	0.000000	0.000000	0.000000	0.000000	0.502869	0.000000	0.000000	0.000000	0.000000	0.000000	0.000000
120	tsk_120	(x)	1	:	0.000015	0.000000	0.000000	0.000000	0.000000	0.000000	0.000000	0.000000	0.000000	0.000000	0.000000	0.000000	0.999985	0.000000	0.000000
121	tsk_121	(x)	1	:	0.000000	0.000000	0.000000	0.000000	0.000000	0.000000	0.000000	0.506267	0.000000	0.000000	0.000000	0.000000	0.493732	0.000000	0.000000
122	tsk_122	(x)	1	:	0.000000	0.000000	0.000000	0.000000	0.120854	0.000000	0.000000	0.000000	0.000000	0.487873	0.000000	0.000000	0.364124	0.027149	0.000000
123	tsk_123	(x)	1	:	0.000000	0.000000	0.000000	0.204406	0.233990	0.000000	0.000001	0.000000	0.000000	0.000000	0.000000	0.327482	0.000000	0.234121	0.000000
124	tsk_124	(x)	1	:	0.000000	0.000000	0.000000	0.520664	0.000000	0.000000	0.000000	0.000000	0.000003	0.000000	0.000000	0.000000	0.000000	0.000000	0.479333
125	tsk_125	(x)	1	:	0.000001	0.066809	0.000000	0.000000	0.000000	0.000000	0.000000	0.000000	0.000000	0.000000	0.000000	0.000000	0.428372	0.000000	0.504818
126	tsk_126	(x)	1	:	0.000000	0.000000	0.000000	0.000000	0.000000	0.000000	0.000000	0.000000	0.000000	0.000000	0.000000	0.000000	1.000000	0.000000	0.000000
127	tsk_127	(x)	1	:	0.000000	0.000000	0.000000	0.000000	0.084010	0.000000	0.000000	0.521258	0.000000	0.000000	0.000000	0.000000	0.000000	0.394733	0.000000
128	tsk_128	(x)	1	:	0.000000	0.000000	0.000000	0.466137	0.000000	0.000000	0.000000	0.000000	0.000000	0.000000	0.000000	0.000000	0.533862	0.000000	0.000000
129	tsk_129	(x)	1	:	0.000000	0.000000	0.000000	1.000000	0.000000	0.000000	0.000000	0.000000	0.000000	0.000000	0.000000	0.000000	0.000000	0.000000	0.000000
130	tsk_130	(x)	1	:	0.000000	0.000000	0.000000	0.000000	0.694726	0.000000	0.000002	0.000000	0.000000	0.000000	0.000000	0.000000	0.000000	0.305272	0.000000
131	tsk_131	(x)	1	:	0.000000	0.000000	0.000000	0.000000	0.551404	0.000000	0.000012	0.000000	0.000000	0.000000	0.000000	0.000000	0.000000	0.448584	0.000000
132	tsk_132	(x)	1	:	0.000000	0.000000	0.000000	0.000000	0.753341	0.000000	0.000007	0.000000	0.000000	0.000000	0.000000	0.000000	0.000000	0.246652	0.000000
133	tsk_133	(x)	1	:	0.000000	0.000000	0.000000	0.000000	0.599787	0.000000	0.000000	0.000000	0.000000	0.000000	0.000000	0.000000	0.000000	0.400212	0.000000
134	tsk_134	(x)	1	:	0.000000	0.000000	0.000000	0.000000	0.000000	0.000000	0.000000	0.512246	0.487754	0.000000	0.000000	0.000000	0.000000	0.000000	0.000000
135	tsk_135	(x)	1	:	0.000000	0.000000	0.000000	0.000000	0.086236	0.000000	0.000001	0.521258	0.000000	0.000000	0.000000	0.000000	0.000000	0.392506	0.000000
136	tsk_136	(x)	1	:	0.000000	0.000000	0.000000	0.000000	0.051653	0.000000	0.000000	0.521258	0.000000	0.000000	0.000000	0.000000	0.000000	0.427089	0.000000
137	tsk_137	(x)	1	:	0.000000	1.000000	0.000000	0.000000	0.000000	0.000000	0.000000	0.000000	0.000000	0.000000	0.000000	0.000000	0.000000	0.000000	0.000000
138	tsk_138	(x)	1	:	0.000000	0.000000	0.000000	0.000000	0.846108	0.000000	0.000007	0.000000	0.000000	0.000000	0.000000	0.000000	0.000000	0.153885	0.000000
139	tsk_139	(x)	1	:	0.000000	0.000000	0.000000	0.000000	0.602425	0.000000	0.000000	0.000000	0.000000	0.000000	0.000000	0.000000	0.000000	0.397575	0.000000
140	tsk_140	(x)	1	:	0.000000	0.000000	0.000000	0.000000	0.000000	0.000000	0.000000	0.000000	0.000000	0.000000	1.000000	0.000000	0.000000	0.000000	0.000000
141	tsk_141	(x)	1	:	0.000000	0.000000	0.000000	0.000000	0.000000	0.000000	0.000000	0.000000	0.000000	0.000000	1.000000	0.000000	0.000000	0.000000	0.000000
142	tsk_142	(x)	1	:	0.000000	0.000000	0.000000	0.000000	0.358241	0.000000	0.000002	0.000000	0.000000	0.000000	0.499123	0.000000	0.000000	0.142634	0.000000
143	tsk_143	(x)	1	:	0.000000	0.000000	0.485365	0.000000	0.008933	0.000000	0.000000	0.000000	0.000000	0.000000	0.499012	0.000000	0.000000	0.006690	0.000000
144	tsk_144	(x)	1	:	0.000000	0.000000	0.000000	0.000000	0.000000	0.000000	0.000000	0.000000	0.000000	0.000000	1.000000	0.000000	0.000000	0.000000	0.000000
145	tsk_145	(x)	1	:	0.000000	0.000000	0.000000	0.000000	0.215138	0.000000	0.000000	0.000000	0.000000	0.000000	0.499123	0.000000	0.000000	0.285738	0.000000
146	tsk_146	(x)	1	:	0.000000	0.000000	0.000000	0.000000	0.000000	0.000000	0.000000	0.000000	0.000000	0.000000	1.000000	0.000000	0.000000	0.000000	0.000000
147	tsk_147	(x)	1	:	0.000000	0.000000	0.000000	0.000000	0.000000	0.000000	0.000000	0.000000	0.000000	0.000000	1.000000	0.000000	0.000000	0.000000	0.000000
148	tsk_148	(x)	1	:	0.000000	0.000000	0.000000	0.000000	0.000000	0.000000	0.000000	0.000000	0.000000	0.000000	1.000000	0.000000	0.000000	0.000000	0.000000
149	tsk_149	(x)	1	:	0.000000	0.000000	0.000000	0.000000	0.000000	0.000000	0.000000	0.000000	0.000000	0.000000	1.000000	0.000000	0.000000	0.000000	0.000000
