0	tsk_0	(x)	1	:	0.000000	0.000000	0.000000	0.000000	0.126265	0.000000	0.000000	0.000000	0.000000	0.406315	0.273830	0.000000	0.193590	0.000000
1	tsk_1	(x)	1	:	0.000000	0.046209	0.000000	0.000000	0.147352	0.000000	0.000000	0.000000	0.000000	0.000000	0.123316	0.453755	0.229368	0.000000
2	tsk_2	(x)	1	:	0.000000	0.000000	0.000000	0.000000	0.222985	0.000000	0.500000	0.000000	0.000000	0.000000	0.216302	0.000000	0.060713	0.000000
3	tsk_3	(x)	1	:	0.000000	0.000000	0.000000	0.000000	0.000000	0.000000	0.000000	0.000000	0.000000	0.000000	0.000000	1.000000	0.000000	0.000000
4	tsk_4	(x)	1	:	0.000000	0.000000	0.000000	0.000000	0.190982	0.000000	0.000000	0.000000	0.000000	0.406315	0.232437	0.000000	0.170266	0.000000
5	tsk_5	(x)	1	:	0.000000	0.000000	0.000000	0.000000	0.409495	0.000000	0.000000	0.000000	0.000000	0.000000	0.398495	0.000000	0.192010	0.000000
6	tsk_6	(x)	1	:	0.000000	0.002512	0.000000	0.000000	0.019527	0.497768	0.000000	0.000000	0.000000	0.406330	0.012929	0.000000	0.060933	0.000000
7	tsk_7	(x)	1	:	0.000000	0.000000	0.000000	0.000000	0.110102	0.000000	0.000000	0.542641	0.000000	0.000000	0.118348	0.000000	0.228909	0.000000
8	tsk_8	(x)	1	:	0.000000	0.000000	0.000000	0.000000	0.227974	0.000000	0.500000	0.000000	0.000000	0.000000	0.172522	0.000000	0.099504	0.000000
9	tsk_9	(x)	1	:	0.000000	0.000000	0.000000	0.000000	0.153486	0.000000	0.000000	0.000000	0.000000	0.000000	0.543519	0.000000	0.302996	0.000000
10	tsk_10	(x)	1	:	0.000000	0.000000	0.000000	0.000000	0.271948	0.000000	0.000000	0.000000	0.000000	0.406315	0.207909	0.000000	0.113828	0.000000
11	tsk_11	(x)	1	:	0.000000	0.479023	0.000000	0.000000	0.000000	0.000000	0.000000	0.000000	0.000000	0.520977	0.000000	0.000000	0.000000	0.000000
12	tsk_12	(x)	1	:	0.000000	0.479023	0.000000	0.000000	0.000000	0.000000	0.000000	0.000000	0.000000	0.520977	0.000000	0.000000	0.000000	0.000000
13	tsk_13	(x)	1	:	0.000000	0.000000	0.000000	0.000000	0.000000	0.000000	0.000000	0.000000	0.000000	0.000000	0.000000	1.000000	0.000000	0.000000
14	tsk_14	(x)	1	:	0.000000	0.546389	0.000000	0.000000	0.000000	0.000000	0.000000	0.000000	0.000000	0.000000	0.000000	0.453611	0.000000	0.000000
15	tsk_15	(x)	1	:	0.000000	0.023724	0.000000	0.000000	0.000000	0.000000	0.000000	0.000000	0.000000	0.521269	0.000000	0.455006	0.000000	0.000000
16	tsk_16	(x)	1	:	0.000000	0.000000	0.000000	0.000000	0.146366	0.000000	0.000000	0.000000	0.000000	0.406315	0.243874	0.000000	0.203444	0.000000
17	tsk_17	(x)	1	:	0.000000	0.000000	0.000000	0.000000	0.000000	0.000000	0.000000	0.000000	0.000000	1.000000	0.000000	0.000000	0.000000	0.000000
18	tsk_18	(x)	1	:	0.000000	0.000000	0.000000	0.000000	0.000000	0.000000	0.000000	0.420553	0.000000	0.579447	0.000000	0.000000	0.000000	0.000000
19	tsk_19	(x)	1	:	0.000000	0.023955	0.000000	0.000000	0.000000	0.000000	0.000000	0.000000	0.000000	0.521229	0.000000	0.454815	0.000000	0.000000
20	tsk_20	(x)	1	:	0.000000	0.000000	0.000000	0.000000	0.329296	0.000000	0.000000	0.000000	0.000000	0.000000	0.452206	0.000000	0.218498	0.000000
21	tsk_21	(x)	1	:	0.000000	0.500001	0.000000	0.000000	0.009314	0.000000	0.000000	0.000000	0.000000	0.406324	0.046402	0.000000	0.037958	0.000000
22	tsk_22	(x)	1	:	0.395600	0.000000	0.000000	0.000000	0.000000	0.000000	0.000000	0.604399	0.000000	0.000000	0.000000	0.000000	0.000000	0.000000
23	tsk_23	(x)	1	:	0.000000	0.000000	0.000000	0.000000	0.097883	0.000000	0.000000	0.542641	0.000000	0.000000	0.251571	0.000000	0.107904	0.000000
24	tsk_24	(x)	1	:	0.000000	0.000000	0.000000	0.000000	0.000000	0.000000	0.000000	0.471238	0.000000	0.000000	0.000000	0.528762	0.000000	0.000000
25	tsk_25	(x)	1	:	0.000000	0.500000	0.000000	0.000000	0.073379	0.000000	0.000000	0.000000	0.000000	0.000000	0.119044	0.000000	0.307577	0.000000
26	tsk_26	(x)	1	:	0.000000	1.000000	0.000000	0.000000	0.000000	0.000000	0.000000	0.000000	0.000000	0.000000	0.000000	0.000000	0.000000	0.000000
27	tsk_27	(x)	1	:	0.000000	0.000000	0.000000	0.000000	0.370522	0.000000	0.000000	0.000000	0.000000	0.000000	0.542102	0.000000	0.087375	0.000000
28	tsk_28	(x)	1	:	0.000000	0.500000	0.000000	0.000000	0.149140	0.000000	0.000000	0.000000	0.000000	0.000000	0.246467	0.000000	0.104393	0.000000
29	tsk_29	(x)	1	:	0.000000	0.000000	0.000000	0.000000	0.371165	0.000000	0.000000	0.000000	0.000000	0.000000	0.543444	0.000000	0.085392	0.000000
30	tsk_30	(x)	1	:	0.000000	0.000000	0.000000	0.000000	0.546190	0.000000	0.000000	0.000000	0.000000	0.000000	0.307033	0.000000	0.146777	0.000000
31	tsk_31	(x)	1	:	0.000000	0.000000	0.000000	0.000000	0.306873	0.000000	0.000000	0.000000	0.000000	0.000000	0.488834	0.000000	0.204292	0.000000
32	tsk_32	(x)	1	:	0.000000	0.410721	0.000000	0.000000	0.036808	0.000000	0.000000	0.000000	0.508011	0.000000	0.005772	0.001071	0.037618	0.000000
33	tsk_33	(x)	1	:	0.000000	0.000000	0.000000	0.000000	0.378793	0.000000	0.000000	0.000000	0.000000	0.000000	0.308957	0.000000	0.312249	0.000000
34	tsk_34	(x)	1	:	0.000000	0.500002	0.000000	0.000000	0.034051	0.000000	0.000000	0.000000	0.000000	0.406324	0.017780	0.000000	0.041843	0.000000
35	tsk_35	(x)	1	:	0.000000	0.410714	0.000000	0.000000	0.019345	0.000000	0.000000	0.000000	0.508004	0.000000	0.030106	0.001078	0.030753	0.000000
36	tsk_36	(x)	1	:	0.000000	0.000000	0.000000	0.000000	0.217023	0.000000	0.000000	0.000000	0.000000	0.000000	0.375121	0.000000	0.407856	0.000000
37	tsk_37	(x)	1	:	0.000000	0.433676	0.000000	0.000000	0.000000	0.000000	0.000000	0.000000	0.000000	0.000000	0.000000	0.566324	0.000000	0.000000
38	tsk_38	(x)	1	:	0.000000	0.046197	0.000000	0.000000	0.264081	0.000000	0.000000	0.000000	0.000000	0.000000	0.087986	0.453765	0.147971	0.000000
39	tsk_39	(x)	1	:	0.000000	0.000000	0.000000	0.000000	0.059719	0.000000	0.000000	0.000000	0.000000	0.000000	0.076356	0.540252	0.323672	0.000000
40	tsk_40	(x)	1	:	0.004637	0.000000	0.995362	0.000000	0.000000	0.000000	0.000000	0.000000	0.000000	0.000000	0.000000	0.000000	0.000000	0.000000
41	tsk_41	(x)	1	:	0.000000	0.000000	0.000000	0.000000	0.478399	0.000000	0.000000	0.000000	0.000000	0.000000	0.128209	0.000000	0.393391	0.000000
42	tsk_42	(x)	1	:	0.000000	0.000000	0.142925	0.000000	0.276575	0.000000	0.000000	0.000000	0.000000	0.000000	0.237563	0.000000	0.342937	0.000000
43	tsk_43	(x)	1	:	0.000000	0.000000	0.000000	0.000000	0.410255	0.000000	0.000000	0.000000	0.000000	0.000000	0.182509	0.000000	0.407236	0.000000
44	tsk_44	(x)	1	:	0.000000	0.000000	0.000000	0.000000	0.231267	0.000000	0.500000	0.000000	0.000000	0.000000	0.203493	0.000000	0.065241	0.000000
45	tsk_45	(x)	1	:	0.000000	0.000000	0.000000	0.000000	0.422499	0.000000	0.000000	0.000000	0.000000	0.000000	0.482540	0.000000	0.094961	0.000000
46	tsk_46	(x)	1	:	0.000000	0.000000	0.000000	0.000000	0.399378	0.000000	0.000000	0.000000	0.000000	0.000000	0.271544	0.000000	0.329078	0.000000
47	tsk_47	(x)	1	:	0.000000	0.000000	0.000000	0.000000	0.243384	0.000000	0.500000	0.000000	0.000000	0.000000	0.057369	0.000000	0.199246	0.000000
48	tsk_48	(x)	1	:	0.000000	0.000000	0.000000	0.136100	0.355573	0.000000	0.000000	0.000000	0.000000	0.000000	0.328788	0.000000	0.179538	0.000000
49	tsk_49	(x)	1	:	0.000000	0.000000	0.000000	0.000000	0.403680	0.000000	0.000000	0.000000	0.000000	0.000000	0.262811	0.000000	0.333509	0.000000
50	tsk_50	(x)	1	:	0.000000	0.000000	0.000000	0.000000	0.343844	0.000000	0.000000	0.000000	0.000000	0.000000	0.313460	0.000000	0.342696	0.000000
51	tsk_51	(x)	1	:	0.000000	0.000000	0.000000	0.000000	0.381714	0.000000	0.000000	0.000000	0.000000	0.000000	0.337168	0.000000	0.281118	0.000000
52	tsk_52	(x)	1	:	0.000000	0.500000	0.000000	0.000000	0.125114	0.000000	0.000000	0.000000	0.000000	0.000000	0.146117	0.000000	0.228769	0.000000
53	tsk_53	(x)	1	:	0.000000	0.000000	0.000000	0.000000	0.159367	0.000000	0.000000	0.000000	0.000000	0.000000	0.124598	0.517887	0.198148	0.000000
54	tsk_54	(x)	1	:	0.000000	0.500001	0.000000	0.000000	0.014513	0.000000	0.000000	0.000000	0.000000	0.406324	0.025973	0.000000	0.053189	0.000000
55	tsk_55	(x)	1	:	0.000000	0.000000	0.000000	0.000000	0.156263	0.000000	0.000000	0.000000	0.000000	0.406315	0.301552	0.000000	0.135870	0.000000
56	tsk_56	(x)	1	:	0.000000	0.003173	0.000000	0.000000	0.151628	0.497178	0.000000	0.000000	0.000000	0.000000	0.095725	0.000000	0.252296	0.000000
57	tsk_57	(x)	1	:	0.000000	0.500000	0.000000	0.000000	0.098542	0.000000	0.000000	0.000000	0.000000	0.000000	0.079649	0.000000	0.321809	0.000000
58	tsk_58	(x)	1	:	0.000000	0.000000	0.000000	0.000000	0.131688	0.000000	0.000000	0.445917	0.000000	0.000000	0.269196	0.000000	0.153199	0.000000
59	tsk_59	(x)	1	:	0.000000	0.500000	0.000000	0.000000	0.216573	0.000000	0.000000	0.000000	0.000000	0.000000	0.149107	0.000000	0.134320	0.000000
60	tsk_60	(x)	1	:	0.000000	0.000000	0.000000	0.000000	0.104359	0.000000	0.000000	0.000000	0.000000	0.406315	0.294816	0.000000	0.194510	0.000000
61	tsk_61	(x)	1	:	0.000000	0.000000	0.000000	0.000000	0.068202	0.000000	0.000000	0.601307	0.000000	0.000000	0.209364	0.000000	0.121127	0.000000
62	tsk_62	(x)	1	:	0.000000	0.000000	0.000000	0.000000	0.123043	0.000000	0.000000	0.525911	0.000000	0.000000	0.265375	0.000000	0.085671	0.000000
63	tsk_63	(x)	1	:	0.000000	0.000000	0.000000	0.000000	0.070693	0.000000	0.000000	0.525911	0.000000	0.000000	0.209417	0.000000	0.193979	0.000000
64	tsk_64	(x)	1	:	0.000000	0.000000	0.000000	0.000000	0.194456	0.000000	0.000000	0.542641	0.000000	0.000000	0.141592	0.000000	0.121311	0.000000
65	tsk_65	(x)	1	:	0.000000	0.000000	0.000000	0.000000	0.000001	0.000000	0.472828	0.527171	0.000000	0.000000	0.000000	0.000000	0.000000	0.000000
66	tsk_66	(x)	1	:	0.000000	0.000000	0.000000	0.000000	0.194844	0.000000	0.000000	0.000000	0.000000	0.406315	0.227866	0.000000	0.170976	0.000000
67	tsk_67	(x)	1	:	0.000000	0.000000	0.000000	0.000000	0.017644	0.000000	0.000000	0.542646	0.000000	0.406329	0.020017	0.000000	0.013363	0.000000
68	tsk_68	(x)	1	:	0.000000	0.000000	0.000000	0.176281	0.002583	0.000000	0.000000	0.395813	0.000000	0.420912	0.002305	0.000000	0.002106	0.000000
69	tsk_69	(x)	1	:	0.000000	0.000000	0.000000	0.000000	0.000000	0.000000	0.000000	1.000000	0.000000	0.000000	0.000000	0.000000	0.000000	0.000000
70	tsk_70	(x)	1	:	0.548368	0.000000	0.000000	0.000000	0.210385	0.000000	0.000000	0.000000	0.000000	0.000000	0.089294	0.000000	0.151952	0.000000
71	tsk_71	(x)	1	:	1.000000	0.000000	0.000000	0.000000	0.000000	0.000000	0.000000	0.000000	0.000000	0.000000	0.000000	0.000000	0.000000	0.000000
72	tsk_72	(x)	1	:	0.514824	0.030680	0.000000	0.000000	0.000000	0.000000	0.000000	0.000000	0.000000	0.000000	0.000000	0.454496	0.000000	0.000000
73	tsk_73	(x)	1	:	1.000000	0.000000	0.000000	0.000000	0.000000	0.000000	0.000000	0.000000	0.000000	0.000000	0.000000	0.000000	0.000000	0.000000
74	tsk_74	(x)	1	:	0.548368	0.000000	0.000000	0.000000	0.145865	0.000000	0.000000	0.000000	0.000000	0.000000	0.152622	0.000000	0.153144	0.000000
75	tsk_75	(x)	1	:	1.000000	0.000000	0.000000	0.000000	0.000000	0.000000	0.000000	0.000000	0.000000	0.000000	0.000000	0.000000	0.000000	0.000000
76	tsk_76	(x)	1	:	0.548368	0.000000	0.000000	0.000000	0.201160	0.000000	0.000000	0.000000	0.000000	0.000000	0.166708	0.000000	0.083764	0.000000
77	tsk_77	(x)	1	:	0.548368	0.000000	0.000000	0.000000	0.224550	0.000000	0.000000	0.000000	0.000000	0.000000	0.113018	0.000000	0.114064	0.000000
78	tsk_78	(x)	1	:	1.000000	0.000000	0.000000	0.000000	0.000000	0.000000	0.000000	0.000000	0.000000	0.000000	0.000000	0.000000	0.000000	0.000000
79	tsk_79	(x)	1	:	1.000000	0.000000	0.000000	0.000000	0.000000	0.000000	0.000000	0.000000	0.000000	0.000000	0.000000	0.000000	0.000000	0.000000
80	tsk_80	(x)	1	:	0.514830	0.030645	0.000000	0.000000	0.000000	0.000000	0.000000	0.000000	0.000000	0.000000	0.000000	0.454524	0.000000	0.000000
81	tsk_81	(x)	1	:	0.470000	0.530000	0.000000	0.000000	0.000000	0.000000	0.000000	0.000000	0.000000	0.000000	0.000000	0.000000	0.000000	0.000000
82	tsk_82	(x)	1	:	0.000000	0.518509	0.000000	0.000000	0.000000	0.000000	0.000000	0.481491	0.000000	0.000000	0.000000	0.000000	0.000000	0.000000
83	tsk_83	(x)	1	:	0.000000	0.000000	0.000000	0.000000	0.030225	0.000000	0.500001	0.445917	0.000000	0.000000	0.016613	0.000000	0.007243	0.000000
84	tsk_84	(x)	1	:	0.470000	0.530000	0.000000	0.000000	0.000000	0.000000	0.000000	0.000000	0.000000	0.000000	0.000000	0.000000	0.000000	0.000000
85	tsk_85	(x)	1	:	0.000000	0.000000	0.000000	0.000000	0.011996	0.000000	0.500001	0.445917	0.000000	0.000000	0.019526	0.000000	0.022561	0.000000
86	tsk_86	(x)	1	:	0.393025	0.000000	0.000000	0.000000	0.042064	0.000000	0.000000	0.000000	0.000000	0.406350	0.084346	0.000000	0.074215	0.000000
87	tsk_87	(x)	1	:	0.000000	0.000000	0.000000	0.000000	0.138413	0.000000	0.000000	0.445917	0.000000	0.000000	0.221667	0.000000	0.194003	0.000000
88	tsk_88	(x)	1	:	0.000000	1.000000	0.000000	0.000000	0.000000	0.000000	0.000000	0.000000	0.000000	0.000000	0.000000	0.000000	0.000000	0.000000
89	tsk_89	(x)	1	:	0.000000	0.000000	0.000000	0.000000	0.071587	0.000000	0.000000	0.445920	0.000000	0.406321	0.060418	0.000000	0.015754	0.000000
90	tsk_90	(x)	1	:	0.000000	0.046202	0.000000	0.000000	0.152162	0.000000	0.000000	0.000000	0.000000	0.000000	0.093215	0.453761	0.254661	0.000000
91	tsk_91	(x)	1	:	0.000000	0.045242	0.000000	0.000000	0.001615	0.000000	0.496622	0.000000	0.000000	0.000000	0.000959	0.453858	0.001704	0.000000
92	tsk_92	(x)	1	:	0.000000	0.000000	0.000000	0.000000	0.353932	0.000000	0.000000	0.000000	0.000000	0.000000	0.403348	0.000000	0.242720	0.000000
93	tsk_93	(x)	1	:	0.548368	0.000000	0.000000	0.000000	0.131811	0.000000	0.000000	0.000000	0.000000	0.000000	0.168059	0.000000	0.151762	0.000000
94	tsk_94	(x)	1	:	0.000000	0.500002	0.000000	0.000000	0.018299	0.000000	0.000000	0.000000	0.000000	0.406324	0.040668	0.000000	0.034708	0.000000
95	tsk_95	(x)	1	:	0.000000	0.000000	0.000000	0.000000	0.243232	0.000000	0.000000	0.000000	0.000000	0.406315	0.250250	0.000000	0.100203	0.000000
96	tsk_96	(x)	1	:	1.000000	0.000000	0.000000	0.000000	0.000000	0.000000	0.000000	0.000000	0.000000	0.000000	0.000000	0.000000	0.000000	0.000000
97	tsk_97	(x)	1	:	0.000000	0.000000	0.000000	0.000000	0.024289	0.000000	0.500006	0.000000	0.000000	0.406324	0.049125	0.000000	0.020255	0.000000
98	tsk_98	(x)	1	:	0.000000	0.045316	0.000000	0.000000	0.001253	0.000000	0.496775	0.000000	0.000000	0.000000	0.001497	0.453828	0.001331	0.000000
99	tsk_99	(x)	1	:	0.000000	0.046196	0.000000	0.000000	0.164818	0.000000	0.000000	0.000000	0.000000	0.000000	0.087757	0.453765	0.247463	0.000000
100	tsk_100	(x)	1	:	0.000000	0.000000	0.000000	0.000000	0.000047	0.000000	0.484899	0.000000	0.000000	0.000000	0.000034	0.515012	0.000008	0.000000
101	tsk_101	(x)	1	:	0.000000	0.000000	0.000000	0.000000	0.254030	0.000000	0.500000	0.000000	0.000000	0.000000	0.214213	0.000000	0.031758	0.000000
102	tsk_102	(x)	1	:	0.000000	0.000000	0.000000	0.000000	0.000000	0.000000	0.472828	0.527171	0.000000	0.000000	0.000001	0.000000	0.000000	0.000000
103	tsk_103	(x)	1	:	0.000000	0.000000	0.000000	0.000000	0.000000	0.000000	0.000000	0.000000	0.000000	0.000000	0.000000	1.000000	0.000000	0.000000
104	tsk_104	(x)	1	:	0.000000	0.000000	0.000000	0.000000	0.378953	0.000000	0.000000	0.000000	0.000000	0.000000	0.358853	0.000000	0.262193	0.000000
105	tsk_105	(x)	1	:	0.000583	0.055974	0.000000	0.490778	0.000000	0.000000	0.000000	0.000000	0.000000	0.000000	0.000000	0.452666	0.000000	0.000000
106	tsk_106	(x)	1	:	0.000000	1.000000	0.000000	0.000000	0.000000	0.000000	0.000000	0.000000	0.000000	0.000000	0.000000	0.000000	0.000000	0.000000
107	tsk_107	(x)	1	:	0.000273	0.000000	0.000000	0.484110	0.000000	0.000000	0.515617	0.000000	0.000000	0.000000	0.000000	0.000000	0.000000	0.000000
108	tsk_108	(x)	1	:	0.000000	0.000000	0.000000	0.000000	0.254367	0.000000	0.000000	0.000000	0.000000	0.406315	0.216964	0.000000	0.122354	0.000000
109	tsk_109	(x)	1	:	0.000000	0.000000	0.000000	0.485933	0.000000	0.000000	0.000000	0.000000	0.000000	0.000000	0.000000	0.514067	0.000000	0.000000
110	tsk_110	(x)	1	:	0.000000	0.043747	0.000000	0.000000	0.000000	0.501798	0.000000	0.000000	0.000000	0.000000	0.000000	0.454455	0.000000	0.000000
111	tsk_111	(x)	1	:	0.000000	0.046207	0.000000	0.000000	0.190554	0.000000	0.000000	0.000000	0.000000	0.000000	0.202092	0.453757	0.107390	0.000000
112	tsk_112	(x)	1	:	0.548368	0.000000	0.000000	0.000000	0.078131	0.000000	0.000000	0.000000	0.000000	0.000000	0.255826	0.000000	0.117675	0.000000
113	tsk_113	(x)	1	:	0.000000	0.003773	0.000000	0.000000	0.317982	0.496644	0.000000	0.000000	0.000000	0.000000	0.075701	0.000000	0.105899	0.000000
114	tsk_114	(x)	1	:	0.000000	0.000000	0.000000	0.000000	0.282681	0.000000	0.000000	0.000000	0.000000	0.000000	0.388533	0.000000	0.328786	0.000000
115	tsk_115	(x)	1	:	0.513080	0.000185	0.000000	0.000000	0.000000	0.486735	0.000000	0.000000	0.000000	0.000000	0.000000	0.000000	0.000000	0.000000
116	tsk_116	(x)	1	:	0.000000	0.003620	0.000000	0.000000	0.218467	0.496780	0.000000	0.000000	0.000000	0.000000	0.105363	0.000000	0.175770	0.000000
117	tsk_117	(x)	1	:	0.000000	0.000000	0.000000	0.000000	0.000000	1.000000	0.000000	0.000000	0.000000	0.000000	0.000000	0.000000	0.000000	0.000000
118	tsk_118	(x)	1	:	0.000000	0.000000	0.000000	0.000000	0.000000	1.000000	0.000000	0.000000	0.000000	0.000000	0.000000	0.000000	0.000000	0.000000
119	tsk_119	(x)	1	:	0.000000	0.000000	0.000000	0.000000	0.219638	0.000000	0.000000	0.000000	0.000000	0.633705	0.093858	0.000000	0.052798	0.000000
120	tsk_120	(x)	1	:	0.000000	1.000000	0.000000	0.000000	0.000000	0.000000	0.000000	0.000000	0.000000	0.000000	0.000000	0.000000	0.000000	0.000000
121	tsk_121	(x)	1	:	0.470000	0.530000	0.000000	0.000000	0.000000	0.000000	0.000000	0.000000	0.000000	0.000000	0.000000	0.000000	0.000000	0.000000
122	tsk_122	(x)	1	:	0.000000	0.518509	0.000000	0.000000	0.000000	0.000000	0.000000	0.481491	0.000000	0.000000	0.000000	0.000000	0.000000	0.000000
123	tsk_123	(x)	1	:	0.000000	1.000000	0.000000	0.000000	0.000000	0.000000	0.000000	0.000000	0.000000	0.000000	0.000000	0.000000	0.000000	0.000000
124	tsk_124	(x)	1	:	0.000000	0.000000	0.000000	0.000000	0.296930	0.000000	0.000000	0.000000	0.000000	0.406315	0.095308	0.000000	0.201447	0.000000
125	tsk_125	(x)	1	:	0.000000	0.499173	0.000000	0.000000	0.002234	0.000000	0.496676	0.000000	0.000000	0.000000	0.000935	0.000000	0.000982	0.000000
126	tsk_126	(x)	1	:	0.000000	1.000000	0.000000	0.000000	0.000000	0.000000	0.000000	0.000000	0.000000	0.000000	0.000000	0.000000	0.000000	0.000000
127	tsk_127	(x)	1	:	0.000000	0.000000	0.000000	0.000000	0.269997	0.000000	0.000000	0.000000	0.000000	0.000000	0.622080	0.000000	0.107923	0.000000
128	tsk_128	(x)	1	:	0.000000	1.000000	0.000000	0.000000	0.000000	0.000000	0.000000	0.000000	0.000000	0.000000	0.000000	0.000000	0.000000	0.000000
129	tsk_129	(x)	1	:	0.000000	1.000000	0.000000	0.000000	0.000000	0.000000	0.000000	0.000000	0.000000	0.000000	0.000000	0.000000	0.000000	0.000000
130	tsk_130	(x)	1	:	0.000000	0.000000	0.000000	0.000000	0.155196	0.000000	0.000000	0.000000	0.000000	0.000000	0.451676	0.000000	0.393128	0.000000
131	tsk_131	(x)	1	:	0.000000	0.000000	0.000000	0.000000	0.717990	0.000000	0.000000	0.000000	0.000000	0.000000	0.000000	0.000000	0.282010	0.000000
132	tsk_132	(x)	1	:	0.000000	0.000000	0.000000	0.000000	0.493956	0.000000	0.000000	0.000000	0.000000	0.000000	0.373137	0.000000	0.132907	0.000000
133	tsk_133	(x)	1	:	0.000000	0.500000	0.000000	0.000000	0.126932	0.000000	0.000000	0.000000	0.000000	0.000000	0.100117	0.000000	0.272951	0.000000
134	tsk_134	(x)	1	:	0.000000	0.000000	0.000000	0.000000	0.149481	0.000000	0.000000	0.000000	0.000000	0.000000	0.517029	0.000000	0.333491	0.000000
135	tsk_135	(x)	1	:	0.000000	0.000000	0.000000	0.000000	0.349462	0.000000	0.000000	0.000000	0.000000	0.000000	0.264033	0.000000	0.386505	0.000000
136	tsk_136	(x)	1	:	0.000000	0.500000	0.000000	0.000000	0.119918	0.000000	0.000000	0.000000	0.000000	0.000000	0.072944	0.000000	0.307138	0.000000
137	tsk_137	(x)	1	:	0.000000	0.000000	0.000000	0.000000	0.457227	0.000000	0.000000	0.000000	0.000000	0.000000	0.290412	0.000000	0.252361	0.000000
138	tsk_138	(x)	1	:	0.000000	0.000000	0.000000	0.000000	0.115931	0.000000	0.000000	0.000000	0.000000	0.000000	0.093399	0.000000	0.280530	0.510140
139	tsk_139	(x)	1	:	0.000000	0.000000	0.000000	0.000000	0.120875	0.000000	0.000000	0.000000	0.000000	0.000000	0.420143	0.000000	0.458981	0.000000
140	tsk_140	(x)	1	:	0.000000	0.000000	0.000000	0.000000	0.000000	0.000000	0.000000	0.470713	0.000000	0.000000	0.000000	0.000000	0.000000	0.529287
141	tsk_141	(x)	1	:	0.000000	0.518509	0.000000	0.000000	0.000000	0.000000	0.000000	0.481491	0.000000	0.000000	0.000000	0.000000	0.000000	0.000000
142	tsk_142	(x)	1	:	0.000000	0.500001	0.000000	0.000000	0.019039	0.000000	0.000000	0.000000	0.000000	0.406324	0.024179	0.000000	0.050456	0.000000
143	tsk_143	(x)	1	:	0.000000	1.000000	0.000000	0.000000	0.000000	0.000000	0.000000	0.000000	0.000000	0.000000	0.000000	0.000000	0.000000	0.000000
144	tsk_144	(x)	1	:	0.000000	0.000719	0.000000	0.000000	0.000000	0.000000	0.000000	0.000000	0.000000	0.000000	0.000000	0.000000	0.000000	0.999280
145	tsk_145	(x)	1	:	0.000000	0.500000	0.000000	0.000000	0.195873	0.000000	0.000000	0.000000	0.000000	0.000000	0.131514	0.000000	0.172613	0.000000
146	tsk_146	(x)	1	:	0.000000	1.000000	0.000000	0.000000	0.000000	0.000000	0.000000	0.000000	0.000000	0.000000	0.000000	0.000000	0.000000	0.000000
147	tsk_147	(x)	1	:	0.000000	0.012971	0.000000	0.000000	0.000000	0.000000	0.000000	0.000000	0.000000	0.000000	0.000000	0.000000	0.000000	0.987029
148	tsk_148	(x)	1	:	0.000000	0.518509	0.000000	0.000000	0.000000	0.000000	0.000000	0.481491	0.000000	0.000000	0.000000	0.000000	0.000000	0.000000
149	tsk_149	(x)	1	:	0.000000	0.546389	0.000000	0.000000	0.000000	0.000000	0.000000	0.000000	0.000000	0.000000	0.000000	0.453611	0.000000	0.000000
