0	tsk_0	(x)	1	:	0.000002	0.000000	0.000000	0.000000	0.000000	0.000000	0.525825	0.000000	0.474172
1	tsk_1	(x)	1	:	0.000003	0.000000	0.000000	0.000000	0.000000	0.000000	0.525825	0.000000	0.474172
2	tsk_2	(x)	1	:	0.005876	0.000000	0.000000	0.497061	0.000000	0.000001	0.000000	0.000000	0.497061
3	tsk_3	(x)	1	:	0.014918	0.000000	0.000000	0.000000	0.000000	0.000000	0.485969	0.000000	0.499113
4	tsk_4	(x)	1	:	0.014928	0.000000	0.000000	0.000000	0.000000	0.000000	0.485964	0.000000	0.499108
5	tsk_5	(x)	1	:	0.014748	0.000000	0.000000	0.000000	0.000000	0.000000	0.486054	0.000000	0.499198
6	tsk_6	(x)	1	:	0.000000	0.504319	0.000000	0.000000	0.000000	0.000000	0.000000	0.000000	0.495680
7	tsk_7	(x)	1	:	0.015075	0.000000	0.000000	0.000000	0.000000	0.000000	0.485891	0.000000	0.499034
8	tsk_8	(x)	1	:	0.006628	0.000001	0.000000	0.496686	0.000000	0.000001	0.000000	0.000000	0.496684
9	tsk_9	(x)	1	:	0.000000	0.000000	0.000000	0.000000	0.000000	0.000000	0.000000	0.000000	0.999999
10	tsk_10	(x)	1	:	0.010521	0.495193	0.000000	0.000000	0.000000	0.000000	0.487162	0.000000	0.007124
11	tsk_11	(x)	1	:	0.000000	0.000000	0.000000	0.000000	0.000000	0.000000	1.000000	0.000000	0.000000
12	tsk_12	(x)	1	:	0.010351	0.495641	0.000000	0.000000	0.000000	0.000000	0.487300	0.000000	0.006708
13	tsk_13	(x)	1	:	0.000000	0.000000	0.000000	0.000000	0.000000	0.000000	1.000000	0.000000	0.000000
14	tsk_14	(x)	1	:	0.015083	0.000000	0.000000	0.000000	0.000000	0.000000	0.485887	0.000000	0.499030
15	tsk_15	(x)	1	:	0.000000	0.000000	0.000000	0.000000	0.000000	0.000000	1.000000	0.000000	0.000000
16	tsk_16	(x)	1	:	0.000000	0.000000	0.000000	1.000000	0.000000	0.000000	0.000000	0.000000	0.000000
17	tsk_17	(x)	1	:	0.012907	0.000000	0.000000	0.500120	0.000000	0.000000	0.486972	0.000000	0.000000
18	tsk_18	(x)	1	:	0.000000	0.000000	0.000000	0.000000	0.000000	0.000000	1.000000	0.000000	0.000000
19	tsk_19	(x)	1	:	0.000000	0.000000	0.000000	0.474174	0.000000	0.000000	0.525826	0.000000	0.000000
20	tsk_20	(x)	1	:	0.000000	0.000000	0.000000	0.000000	0.000000	0.323985	0.000000	0.000000	0.676015
21	tsk_21	(x)	1	:	0.000000	0.000000	0.000000	0.000000	0.000000	0.000001	0.000000	0.000000	0.999999
22	tsk_22	(x)	1	:	0.000000	0.000000	0.000000	0.000000	0.000000	0.000001	0.000000	0.000000	0.999999
23	tsk_23	(x)	1	:	0.000000	0.000000	0.000000	0.372338	0.000000	0.000000	0.000000	0.627662	0.000000
24	tsk_24	(x)	1	:	0.000000	0.000000	0.000000	0.000000	0.000000	0.000000	0.000000	1.000000	0.000000
25	tsk_25	(x)	1	:	0.021433	0.000000	0.000000	0.000000	0.000000	0.323472	0.482639	0.000000	0.172456
26	tsk_26	(x)	1	:	0.000000	0.000000	0.000000	0.000000	0.000000	0.000000	0.000000	1.000000	0.000000
27	tsk_27	(x)	1	:	0.000000	0.000000	0.449064	0.550936	0.000000	0.000000	0.000000	0.000000	0.000000
28	tsk_28	(x)	1	:	0.031724	0.000094	0.000000	0.274110	0.000000	0.000000	0.000000	0.194671	0.499401
29	tsk_29	(x)	1	:	0.029218	0.000001	0.000000	0.000000	0.000000	0.000001	0.000000	0.470875	0.499904
30	tsk_30	(x)	1	:	0.044655	0.000000	0.000000	0.275144	0.485256	0.000000	0.000000	0.194944	0.000000
31	tsk_31	(x)	1	:	0.020845	0.000000	0.000000	0.499415	0.479740	0.000000	0.000000	0.000000	0.000000
32	tsk_32	(x)	1	:	0.023170	0.000000	0.000000	0.498960	0.477870	0.000000	0.000000	0.000000	0.000000
33	tsk_33	(x)	1	:	0.013553	0.000000	0.000000	0.499797	0.000000	0.000000	0.486650	0.000000	0.000000
34	tsk_34	(x)	1	:	0.000000	0.000000	0.000000	0.000000	1.000000	0.000000	0.000000	0.000000	0.000000
35	tsk_35	(x)	1	:	0.013097	0.000000	0.000000	0.500025	0.000000	0.000000	0.486878	0.000000	0.000000
36	tsk_36	(x)	1	:	0.027122	0.000000	0.000000	0.000000	0.474681	0.000001	0.000000	0.000000	0.498195
37	tsk_37	(x)	1	:	0.000000	0.000000	0.000000	1.000000	0.000000	0.000000	0.000000	0.000000	0.000000
38	tsk_38	(x)	1	:	0.000000	0.000000	0.000000	1.000000	0.000000	0.000000	0.000000	0.000000	0.000000
39	tsk_39	(x)	1	:	0.023703	0.000000	0.000000	0.498856	0.477441	0.000000	0.000000	0.000000	0.000000
40	tsk_40	(x)	1	:	0.000002	0.000000	0.000000	0.000000	0.000000	0.472126	0.526405	0.000000	0.001467
41	tsk_41	(x)	1	:	0.036158	0.000000	0.000000	0.000000	0.477982	0.000000	0.485861	0.000000	0.000000
42	tsk_42	(x)	1	:	0.000000	0.000000	0.000000	0.474174	0.000000	0.000000	0.525826	0.000000	0.000000
43	tsk_43	(x)	1	:	0.003082	0.000000	0.000000	0.501920	0.000000	0.494998	0.000000	0.000000	0.000000
44	tsk_44	(x)	1	:	0.003291	0.000000	0.000000	0.000000	0.454142	0.000000	0.542567	0.000000	0.000000
45	tsk_45	(x)	1	:	0.005819	0.000000	0.000000	0.503670	0.000000	0.000000	0.490510	0.000000	0.000000
46	tsk_46	(x)	1	:	0.000000	0.000000	0.000000	0.000000	1.000000	0.000000	0.000000	0.000000	0.000000
47	tsk_47	(x)	1	:	0.000000	0.000000	0.000000	0.000000	1.000000	0.000000	0.000000	0.000000	0.000000
48	tsk_48	(x)	1	:	0.000000	0.000000	0.000000	0.000000	1.000000	0.000000	0.000000	0.000000	0.000000
49	tsk_49	(x)	1	:	0.018689	0.000000	0.000000	0.499839	0.481472	0.000000	0.000000	0.000000	0.000000
50	tsk_50	(x)	1	:	0.035770	0.000000	0.000000	0.000000	0.478295	0.000000	0.485935	0.000000	0.000000
51	tsk_51	(x)	1	:	0.000000	0.504357	0.000000	0.000000	0.000000	0.000001	0.000000	0.000000	0.495642
52	tsk_52	(x)	1	:	0.000000	0.000000	0.000000	0.000000	0.000000	0.000000	1.000000	0.000000	0.000000
53	tsk_53	(x)	1	:	0.014943	0.000000	0.000000	0.000000	0.000000	0.000000	0.485957	0.000000	0.499100
54	tsk_54	(x)	1	:	0.000000	0.000000	0.000000	1.000000	0.000000	0.000000	0.000000	0.000000	0.000000
55	tsk_55	(x)	1	:	0.000000	0.000000	0.000000	0.000000	1.000000	0.000000	0.000000	0.000000	0.000000
56	tsk_56	(x)	1	:	0.000000	0.514809	0.000000	0.000000	0.000000	0.478413	0.000000	0.000000	0.006778
57	tsk_57	(x)	1	:	0.023524	0.496914	0.000000	0.000000	0.476291	0.000000	0.000000	0.000000	0.003272
58	tsk_58	(x)	1	:	0.010886	0.496028	0.000000	0.000000	0.000000	0.000000	0.487079	0.000000	0.006006
59	tsk_59	(x)	1	:	0.000000	0.000000	0.000000	1.000000	0.000000	0.000000	0.000000	0.000000	0.000000
60	tsk_60	(x)	1	:	0.000000	0.000000	1.000000	0.000000	0.000000	0.000000	0.000000	0.000000	0.000000
61	tsk_61	(x)	1	:	0.000000	0.000000	0.000000	0.000000	0.000000	0.000000	1.000000	0.000000	0.000000
62	tsk_62	(x)	1	:	0.015004	0.000000	0.000000	0.000000	0.000000	0.000000	0.485926	0.000000	0.499070
63	tsk_63	(x)	1	:	0.015021	0.000000	0.000000	0.000000	0.000000	0.000000	0.485918	0.000000	0.499061
64	tsk_64	(x)	1	:	0.000002	0.000000	0.000000	0.000000	0.000000	0.000000	0.523438	0.000000	0.476559
65	tsk_65	(x)	1	:	0.029162	0.000009	0.469897	0.000000	0.000000	0.000002	0.000000	0.000000	0.500930
66	tsk_66	(x)	1	:	0.000000	0.000000	0.000000	0.000000	0.000000	0.000000	1.000000	0.000000	0.000000
67	tsk_67	(x)	1	:	0.035076	0.000000	0.000000	0.000000	0.478856	0.000000	0.486069	0.000000	0.000000
68	tsk_68	(x)	1	:	0.000000	0.000000	0.488624	0.000000	0.000000	0.000000	0.511376	0.000000	0.000000
69	tsk_69	(x)	1	:	0.000000	0.000000	0.488624	0.000000	0.000000	0.000000	0.511376	0.000000	0.000000
70	tsk_70	(x)	1	:	0.002925	0.000000	0.000000	0.000000	0.000000	0.000000	0.484060	0.513014	0.000000
71	tsk_71	(x)	1	:	0.002452	0.497960	0.000000	0.498101	0.000000	0.000000	0.000000	0.000000	0.001487
72	tsk_72	(x)	1	:	0.013859	0.000000	0.000000	0.499643	0.000000	0.000000	0.486497	0.000000	0.000000
73	tsk_73	(x)	1	:	0.000000	0.000000	0.000000	0.000000	0.000000	0.000001	0.000000	0.000000	0.999999
74	tsk_74	(x)	1	:	0.014945	0.000000	0.000000	0.000000	0.000000	0.000000	0.485956	0.000000	0.499099
75	tsk_75	(x)	1	:	0.001267	0.000005	0.000000	0.000000	0.000000	0.000008	0.000000	0.508583	0.490137
76	tsk_76	(x)	1	:	0.006721	0.000000	0.000000	0.496639	0.000000	0.000001	0.000000	0.000000	0.496638
77	tsk_77	(x)	1	:	0.000000	0.000000	0.000000	1.000000	0.000000	0.000000	0.000000	0.000000	0.000000
78	tsk_78	(x)	1	:	0.000000	0.000000	0.000000	0.000000	0.000000	0.000000	1.000000	0.000000	0.000000
79	tsk_79	(x)	1	:	0.014284	0.000000	0.000000	0.499431	0.000000	0.000000	0.486286	0.000000	0.000000
80	tsk_80	(x)	1	:	0.035507	0.000000	0.000000	0.000000	0.478507	0.000000	0.485986	0.000000	0.000000
81	tsk_81	(x)	1	:	0.022353	0.000000	0.000000	0.499120	0.478527	0.000000	0.000000	0.000000	0.000000
82	tsk_82	(x)	1	:	0.035852	0.000000	0.000000	0.000000	0.478228	0.000000	0.485919	0.000000	0.000000
83	tsk_83	(x)	1	:	0.024282	0.000000	0.000000	0.498743	0.476975	0.000000	0.000000	0.000000	0.000000
84	tsk_84	(x)	1	:	0.008972	0.000000	0.000000	0.502091	0.000000	0.000000	0.488936	0.000000	0.000000
85	tsk_85	(x)	1	:	0.000000	0.000000	0.000000	1.000000	0.000000	0.000000	0.000000	0.000000	0.000000
86	tsk_86	(x)	1	:	0.006594	0.000001	0.000000	0.496703	0.000000	0.000001	0.000000	0.000000	0.496701
87	tsk_87	(x)	1	:	0.000000	0.000000	0.000000	1.000000	0.000000	0.000000	0.000000	0.000000	0.000000
88	tsk_88	(x)	1	:	0.035675	0.000000	0.000000	0.000000	0.478371	0.000000	0.485953	0.000000	0.000000
89	tsk_89	(x)	1	:	0.006743	0.000002	0.000000	0.496628	0.000000	0.000001	0.000000	0.000000	0.496626
90	tsk_90	(x)	1	:	0.000000	0.000000	0.000000	0.000000	0.000000	0.000001	0.000000	0.000000	0.999999
91	tsk_91	(x)	1	:	0.000000	0.000000	0.000000	0.000000	1.000000	0.000000	0.000000	0.000000	0.000000
92	tsk_92	(x)	1	:	0.035820	0.000000	0.000000	0.000000	0.478255	0.000000	0.485926	0.000000	0.000000
93	tsk_93	(x)	1	:	0.014182	0.000000	0.000000	0.499482	0.000000	0.000000	0.486336	0.000000	0.000000
94	tsk_94	(x)	1	:	0.006531	0.000000	0.000000	0.496734	0.000000	0.000001	0.000000	0.000000	0.496733
95	tsk_95	(x)	1	:	0.024238	0.000000	0.000000	0.498751	0.477010	0.000000	0.000000	0.000000	0.000000
96	tsk_96	(x)	1	:	0.000000	0.000000	0.000000	0.000000	0.000000	0.000000	0.000000	0.000000	0.999999
97	tsk_97	(x)	1	:	0.014756	0.000000	0.000000	0.000000	0.000000	0.000000	0.486050	0.000000	0.499194
98	tsk_98	(x)	1	:	0.006579	0.000001	0.000000	0.496710	0.000000	0.000001	0.000000	0.000000	0.496709
99	tsk_99	(x)	1	:	0.020806	0.000000	0.000000	0.499423	0.479771	0.000000	0.000000	0.000000	0.000000
100	tsk_100	(x)	1	:	0.000002	0.000001	0.000000	0.000000	0.543827	0.000001	0.000000	0.000000	0.456169
101	tsk_101	(x)	1	:	0.000000	0.000000	0.000000	0.000000	0.000000	0.000000	0.000000	0.000000	1.000000
102	tsk_102	(x)	1	:	0.006414	0.000000	0.000000	0.496793	0.000000	0.000001	0.000000	0.000000	0.496792
103	tsk_103	(x)	1	:	0.000000	0.000000	0.000000	0.456167	0.543833	0.000000	0.000000	0.000000	0.000000
104	tsk_104	(x)	1	:	0.000002	0.000000	0.000000	0.000000	0.543829	0.000001	0.000000	0.000000	0.456168
105	tsk_105	(x)	1	:	0.006548	0.000001	0.000000	0.496725	0.000000	0.000001	0.000000	0.000000	0.496724
106	tsk_106	(x)	1	:	0.000000	0.000000	0.000000	0.000000	0.000000	0.000001	0.000000	0.000000	0.999999
107	tsk_107	(x)	1	:	0.000000	0.504334	0.000000	0.000000	0.000000	0.000000	0.000000	0.000000	0.495665
108	tsk_108	(x)	1	:	0.001465	0.498293	0.000000	0.498636	0.000000	0.000000	0.000000	0.000000	0.001606
109	tsk_109	(x)	1	:	0.006659	0.000001	0.000000	0.496670	0.000000	0.000002	0.000000	0.000000	0.496668
110	tsk_110	(x)	1	:	0.026487	0.000001	0.000000	0.000000	0.475192	0.000001	0.000000	0.000000	0.498320
111	tsk_111	(x)	1	:	0.000000	0.000000	0.000000	1.000000	0.000000	0.000000	0.000000	0.000000	0.000000
112	tsk_112	(x)	1	:	0.006180	0.000000	0.000000	0.496910	0.000000	0.000001	0.000000	0.000000	0.496909
113	tsk_113	(x)	1	:	0.000000	0.000000	0.000000	0.000000	0.000000	0.000001	0.000000	0.000000	0.999999
114	tsk_114	(x)	1	:	0.000000	0.000000	0.000000	1.000000	0.000000	0.000000	0.000000	0.000000	0.000000
115	tsk_115	(x)	1	:	0.000000	0.000000	0.000000	0.000000	0.000000	0.467321	0.000000	0.000000	0.532679
116	tsk_116	(x)	1	:	0.006072	0.000001	0.000000	0.496964	0.000000	0.000001	0.000000	0.000000	0.496962
117	tsk_117	(x)	1	:	0.006463	0.000001	0.000000	0.496768	0.000000	0.000001	0.000000	0.000000	0.496767
118	tsk_118	(x)	1	:	0.000000	0.000000	0.000000	0.000000	0.000000	0.000001	0.000000	0.000000	0.999999
119	tsk_119	(x)	1	:	0.006866	0.000002	0.000000	0.496567	0.000000	0.000002	0.000000	0.000000	0.496564
120	tsk_120	(x)	1	:	0.000000	0.515789	0.000000	0.000000	0.000000	0.479371	0.000000	0.000000	0.004840
121	tsk_121	(x)	1	:	0.000000	0.000000	0.000000	0.529067	0.000000	0.000000	0.000000	0.470933	0.000000
122	tsk_122	(x)	1	:	0.000670	0.000000	0.000000	0.503260	0.000000	0.496070	0.000000	0.000000	0.000000
123	tsk_123	(x)	1	:	0.001060	0.000000	0.000000	0.503043	0.000000	0.495896	0.000000	0.000000	0.000000
124	tsk_124	(x)	1	:	0.000000	0.000000	0.484491	0.515509	0.000000	0.000000	0.000000	0.000000	0.000000
125	tsk_125	(x)	1	:	0.001146	0.000000	0.000000	0.502993	0.000000	0.495837	0.000000	0.000000	0.000024
126	tsk_126	(x)	1	:	0.000000	0.000000	0.000000	0.529067	0.000000	0.000000	0.000000	0.470933	0.000000
127	tsk_127	(x)	1	:	0.000000	0.000000	0.000000	0.000000	0.000000	1.000000	0.000000	0.000000	0.000000
128	tsk_128	(x)	1	:	0.000000	0.000000	0.000000	0.529067	0.000000	0.000000	0.000000	0.470933	0.000000
129	tsk_129	(x)	1	:	0.000000	0.000000	0.000000	0.503632	0.000000	0.496368	0.000000	0.000000	0.000000
130	tsk_130	(x)	1	:	0.015033	0.000000	0.000000	0.000000	0.000000	0.000000	0.485911	0.000000	0.499055
131	tsk_131	(x)	1	:	0.000000	0.000000	0.000000	0.000000	0.000000	0.467323	0.000000	0.000000	0.532677
132	tsk_132	(x)	1	:	0.000000	0.000000	0.000000	0.000000	0.000000	0.467324	0.000000	0.000000	0.532676
133	tsk_133	(x)	1	:	0.026970	0.000001	0.000000	0.000000	0.474802	0.000001	0.000000	0.000000	0.498226
134	tsk_134	(x)	1	:	0.000000	0.000000	0.000000	0.000000	0.000000	0.467322	0.000000	0.000000	0.532678
135	tsk_135	(x)	1	:	0.000003	0.000000	0.000000	0.000000	0.000000	0.000000	0.525825	0.000000	0.474172
136	tsk_136	(x)	1	:	0.002085	0.000000	0.000000	0.502474	0.000000	0.495441	0.000000	0.000000	0.000000
137	tsk_137	(x)	1	:	0.000000	0.000000	0.000000	0.000000	1.000000	0.000000	0.000000	0.000000	0.000000
138	tsk_138	(x)	1	:	0.014985	0.000000	0.000000	0.000000	0.000000	0.000000	0.485935	0.000000	0.499079
139	tsk_139	(x)	1	:	0.006703	0.000002	0.000000	0.496648	0.000000	0.000002	0.000000	0.000000	0.496645
140	tsk_140	(x)	1	:	0.004925	0.000000	0.000000	0.504118	0.000000	0.000000	0.490957	0.000000	0.000000
141	tsk_141	(x)	1	:	0.026540	0.000000	0.000000	0.000000	0.475153	0.000001	0.000000	0.000000	0.498306
142	tsk_142	(x)	1	:	0.000000	0.000000	0.000000	0.476561	0.000000	0.000000	0.523439	0.000000	0.000000
143	tsk_143	(x)	1	:	0.015012	0.000000	0.000000	0.000000	0.000000	0.000000	0.485922	0.000000	0.499066
144	tsk_144	(x)	1	:	0.000000	0.000000	0.000000	1.000000	0.000000	0.000000	0.000000	0.000000	0.000000
145	tsk_145	(x)	1	:	0.036091	0.000000	0.000000	0.000000	0.478036	0.000000	0.485873	0.000000	0.000000
146	tsk_146	(x)	1	:	0.023380	0.000000	0.000000	0.498919	0.477701	0.000000	0.000000	0.000000	0.000000
147	tsk_147	(x)	1	:	0.026927	0.000001	0.000000	0.000000	0.474837	0.000001	0.000000	0.000000	0.498234
148	tsk_148	(x)	1	:	0.026923	0.000000	0.000000	0.000000	0.474843	0.000001	0.000000	0.000000	0.498233
149	tsk_149	(x)	1	:	0.027139	0.000001	0.000000	0.000000	0.474667	0.000001	0.000000	0.000000	0.498192
