logL = -956.392318 (converged)
AIC = 3748.784637
BIC = 6512.547837

count.K
46 50 7 15 16 16 

