logL = -1185.034740 (converged)
AIC = 4374.069480
BIC = 7390.726045

count.K
17 12 22 29 20 50 

