logL = -614.270003 (converged)
AIC = 5504.540005
BIC = 11941.278264

count.K
2 16 8 19 1 12 12 2 24 1 2 10 41 

