logL = -1999.805359 (converged)
AIC = 4475.610718
BIC = 5192.141918

count.K
68 82 

