logL = -515.827878 (converged)
AIC = 3195.655756
BIC = 6453.163145

count.K
8 13 31 18 62 9 9 

