logL = -1476.933024 (converged)
AIC = 5065.866047
BIC = 8245.096918

count.K
8 2 24 76 19 21 

