logL = -1305.296040 (converged)
AIC = 3030.592080
BIC = 3662.825492

count.K
26 124 

