logL = -959.082357 (converged)
AIC = 5438.164714
BIC = 10736.882831

count.K
24 26 1 33 23 2 9 16 13 3 

