logL = -1163.216996 (converged)
AIC = 6272.433993
BIC = 12212.417428

count.K
2 4 16 8 22 32 8 10 11 28 9 

