logL = -831.814845 (converged)
AIC = 6199.629690
BIC = 13027.750537

count.K
0 18 12 27 14 34 2 4 20 1 3 10 5 

