logL = -1178.887430 (converged)
AIC = 6833.774860
BIC = 13571.576648

count.K
16 9 0 20 11 20 17 17 15 11 11 3 

