logL = -1015.792573 (converged)
AIC = 3541.585145
BIC = 5814.614792

count.K
19 24 64 6 37 

