logL = -874.093822 (converged)
AIC = 7088.187645
BIC = 15126.583880

count.K
3 13 4 15 3 2 11 8 19 5 1 0 15 21 30 

