logL = -1248.196490 (converged)
AIC = 5268.392981
BIC = 9441.133498

count.K
56 2 4 26 14 5 30 13 

