logL = -1763.592048 (converged)
AIC = 4355.184095
BIC = 5601.587107

count.K
72 47 31 

