logL = -488.567103 (converged)
AIC = 5773.134207
BIC = 12992.637642

count.K
15 4 18 4 7 1 6 7 15 2 5 16 17 33 

