logL = -1557.157143 (converged)
AIC = 6914.314286
BIC = 12634.521345

count.K
7 17 30 54 7 10 11 7 2 5 

