logL = -1358.591536 (converged)
AIC = 8087.183073
BIC = 16170.738838

count.K
2 8 34 10 3 25 5 6 5 4 6 33 1 7 1 

