logL = -1945.781892 (converged)
AIC = 4339.563785
BIC = 5013.946090

count.K
89 61 

