logL = -403.049906 (converged)
AIC = 4730.099812
BIC = 10636.966259

count.K
10 16 8 47 12 11 5 0 13 1 21 6 

