0	tsk_0	(x)	1	:	0.199803	0.000000	0.000000	0.000000	0.000000	0.000000	0.000000	0.000000	0.000000	0.000000	0.000000	0.240968	0.465784	0.093445	0.000000
1	tsk_1	(x)	1	:	0.000698	0.000000	0.000000	0.000000	0.000000	0.000001	0.499125	0.000000	0.455645	0.000000	0.000000	0.003680	0.000000	0.040850	0.000000
2	tsk_2	(x)	1	:	0.352439	0.000000	0.000000	0.000000	0.000000	0.000000	0.000000	0.000000	0.000000	0.000000	0.000000	0.478456	0.000000	0.169105	0.000000
3	tsk_3	(x)	1	:	0.396629	0.000000	0.000000	0.458500	0.000000	0.000000	0.000000	0.000000	0.000000	0.000000	0.000000	0.066558	0.000000	0.078313	0.000000
4	tsk_4	(x)	1	:	0.174351	0.000000	0.000000	0.000000	0.000000	0.000000	0.000000	0.000000	0.000000	0.288663	0.000000	0.409744	0.000000	0.127242	0.000000
5	tsk_5	(x)	1	:	0.224393	0.000000	0.000000	0.000000	0.000000	0.000000	0.000000	0.000000	0.000000	0.000000	0.000000	0.461502	0.000000	0.314105	0.000000
6	tsk_6	(x)	1	:	0.036387	0.000000	0.000009	0.000000	0.000000	0.000000	0.000000	0.000000	0.455607	0.000000	0.000000	0.031485	0.465779	0.010733	0.000000
7	tsk_7	(x)	1	:	0.319111	0.000000	0.000000	0.000000	0.000000	0.000000	0.000000	0.000000	0.000000	0.000000	0.000000	0.423861	0.000000	0.257028	0.000000
8	tsk_8	(x)	1	:	0.393209	0.000000	0.000000	0.458500	0.000000	0.000000	0.000000	0.000000	0.000000	0.000000	0.000000	0.057470	0.000000	0.090820	0.000000
9	tsk_9	(x)	1	:	0.018175	0.000000	0.000000	0.000000	0.000000	0.000004	0.499122	0.000000	0.000000	0.000000	0.000000	0.000000	0.000000	0.482698	0.000000
10	tsk_10	(x)	1	:	0.071724	0.000000	0.000000	0.000000	0.000000	0.000003	0.499122	0.000000	0.000000	0.000000	0.000000	0.000000	0.000000	0.429150	0.000000
11	tsk_11	(x)	1	:	0.000000	0.000000	0.505132	0.000000	0.000000	0.000000	0.494868	0.000000	0.000000	0.000000	0.000000	0.000000	0.000000	0.000000	0.000000
12	tsk_12	(x)	1	:	0.032951	0.000000	0.000000	0.459632	0.000000	0.000000	0.041806	0.457411	0.000000	0.000000	0.000000	0.000561	0.000000	0.007638	0.000000
13	tsk_13	(x)	1	:	0.005397	0.000000	0.000000	0.000000	0.000000	0.000007	0.305939	0.000000	0.000000	0.000000	0.559870	0.002749	0.000000	0.126038	0.000000
14	tsk_14	(x)	1	:	0.231902	0.000000	0.000000	0.458500	0.000000	0.000000	0.000000	0.000000	0.000000	0.000000	0.000000	0.183579	0.000000	0.126018	0.000000
15	tsk_15	(x)	1	:	0.000151	0.000000	0.566647	0.433075	0.000000	0.000000	0.000000	0.000000	0.000000	0.000000	0.000000	0.000075	0.000000	0.000053	0.000000
16	tsk_16	(x)	1	:	0.034544	0.000000	0.000000	0.459079	0.000000	0.000000	0.499142	0.000000	0.000000	0.000000	0.000000	0.000000	0.000000	0.007235	0.000000
17	tsk_17	(x)	1	:	0.043264	0.000000	0.000000	0.000000	0.000000	0.000006	0.499122	0.000000	0.000000	0.000000	0.000000	0.000000	0.000000	0.457607	0.000000
18	tsk_18	(x)	1	:	0.222696	0.000000	0.000000	0.000000	0.000000	0.000000	0.000000	0.000000	0.350900	0.000000	0.000000	0.357362	0.000000	0.069042	0.000000
19	tsk_19	(x)	1	:	0.016360	0.000000	0.000000	0.000000	0.000000	0.000011	0.499149	0.000000	0.351665	0.000000	0.000000	0.004726	0.000000	0.128088	0.000000
20	tsk_20	(x)	1	:	0.205609	0.000000	0.000000	0.000000	0.000000	0.000000	0.000000	0.000000	0.000000	0.288663	0.000000	0.256304	0.000000	0.249424	0.000000
21	tsk_21	(x)	1	:	0.000000	0.000000	0.000000	0.000000	0.000000	0.000004	0.508043	0.000000	0.000000	0.000000	0.000000	0.000000	0.000000	0.491953	0.000000
22	tsk_22	(x)	1	:	0.258723	0.000000	0.000000	0.000000	0.000000	0.000000	0.000000	0.000000	0.000000	0.288663	0.000000	0.329855	0.000000	0.122759	0.000000
23	tsk_23	(x)	1	:	0.005603	0.000000	0.000000	0.000000	0.000000	0.000000	0.499122	0.000000	0.000000	0.000000	0.000000	0.000000	0.000000	0.495274	0.000000
24	tsk_24	(x)	1	:	0.000000	0.000000	0.000000	0.000000	0.000000	0.000000	0.000000	0.500128	0.000000	0.000000	0.000000	0.000000	0.000000	0.499871	0.000000
25	tsk_25	(x)	1	:	0.007063	0.000000	0.000000	0.000000	0.000000	0.000000	0.000000	0.500128	0.350869	0.000000	0.000000	0.000000	0.000000	0.141939	0.000000
26	tsk_26	(x)	1	:	0.000000	0.000000	0.000000	0.000000	0.000000	0.000000	0.000000	0.500128	0.000000	0.000000	0.000000	0.000000	0.000000	0.499871	0.000000
27	tsk_27	(x)	1	:	0.208570	0.000000	0.000000	0.000000	0.000000	0.000000	0.000000	0.000000	0.350900	0.000000	0.000000	0.250794	0.000000	0.189735	0.000000
28	tsk_28	(x)	1	:	0.003093	0.000000	0.000000	0.000000	0.000000	0.000005	0.508043	0.000000	0.000000	0.000000	0.000000	0.000000	0.000000	0.488859	0.000000
29	tsk_29	(x)	1	:	0.009768	0.000000	0.000000	0.000000	0.000000	0.000001	0.000000	0.500129	0.000000	0.288670	0.000000	0.000000	0.000000	0.201433	0.000000
30	tsk_30	(x)	1	:	0.000000	0.000000	0.000000	0.000000	0.000000	0.000000	0.000000	0.000000	0.000000	0.000000	0.000000	0.000000	1.000000	0.000000	0.000000
31	tsk_31	(x)	1	:	0.077266	0.000000	0.000001	0.000000	0.000000	0.000000	0.000000	0.000000	0.350891	0.000000	0.000000	0.083585	0.465786	0.022470	0.000000
32	tsk_32	(x)	1	:	0.203658	0.000000	0.000000	0.000000	0.000000	0.000000	0.000000	0.000000	0.350900	0.000000	0.000000	0.310557	0.000000	0.134886	0.000000
33	tsk_33	(x)	1	:	0.152705	0.000000	0.000000	0.000000	0.000000	0.000000	0.000000	0.000000	0.000000	0.000000	0.000000	0.240363	0.465784	0.141147	0.000000
34	tsk_34	(x)	1	:	0.101586	0.000000	0.000000	0.458448	0.000000	0.000000	0.000000	0.000000	0.350856	0.000000	0.000000	0.054387	0.000000	0.034722	0.000000
35	tsk_35	(x)	1	:	0.445467	0.000000	0.000000	0.000000	0.000000	0.000000	0.000000	0.000000	0.000000	0.000000	0.000000	0.463277	0.000000	0.091256	0.000000
36	tsk_36	(x)	1	:	0.253039	0.000000	0.000000	0.000000	0.000000	0.000000	0.000000	0.000000	0.350900	0.000000	0.000000	0.166181	0.000000	0.229880	0.000000
37	tsk_37	(x)	1	:	0.062365	0.000000	0.000007	0.458630	0.000000	0.000000	0.000000	0.000000	0.000000	0.000000	0.000000	0.008087	0.465824	0.005086	0.000000
38	tsk_38	(x)	1	:	0.064913	0.000000	0.000000	0.000000	0.000000	0.000000	0.000000	0.000000	0.350900	0.000000	0.000000	0.200883	0.000000	0.383304	0.000000
39	tsk_39	(x)	1	:	0.000004	0.000000	0.000000	0.000000	0.000000	0.000000	0.000000	0.000000	0.999980	0.000000	0.000000	0.000010	0.000000	0.000007	0.000000
40	tsk_40	(x)	1	:	0.265736	0.000000	0.000000	0.000000	0.000000	0.000000	0.000000	0.000000	0.000000	0.000000	0.000000	0.358012	0.000000	0.376253	0.000000
41	tsk_41	(x)	1	:	0.000000	0.000000	0.471004	0.528990	0.000000	0.000000	0.000000	0.000000	0.000000	0.000000	0.000000	0.000006	0.000000	0.000000	0.000000
42	tsk_42	(x)	1	:	0.361981	0.000000	0.000000	0.458500	0.000000	0.000000	0.000000	0.000000	0.000000	0.000000	0.000000	0.130398	0.000000	0.049121	0.000000
43	tsk_43	(x)	1	:	0.394047	0.000000	0.000000	0.458500	0.000000	0.000000	0.000000	0.000000	0.000000	0.000000	0.000000	0.120073	0.000000	0.027379	0.000000
44	tsk_44	(x)	1	:	0.398402	0.000000	0.000000	0.458500	0.000000	0.000000	0.000000	0.000000	0.000000	0.000000	0.000000	0.110033	0.000000	0.033064	0.000000
45	tsk_45	(x)	1	:	0.362021	0.000000	0.000000	0.458500	0.000000	0.000000	0.000000	0.000000	0.000000	0.000000	0.000000	0.125997	0.000000	0.053481	0.000000
46	tsk_46	(x)	1	:	0.000039	0.000000	0.561087	0.000000	0.000000	0.000000	0.000000	0.000000	0.438814	0.000000	0.000000	0.000039	0.000000	0.000020	0.000000
47	tsk_47	(x)	1	:	0.006866	0.000000	0.000000	0.741776	0.000000	0.000000	0.000000	0.000000	0.000000	0.000000	0.000000	0.249853	0.000000	0.001504	0.000000
48	tsk_48	(x)	1	:	0.180338	0.000000	0.583402	0.000000	0.000000	0.000000	0.000000	0.000000	0.000000	0.000000	0.000000	0.102669	0.000000	0.133591	0.000000
49	tsk_49	(x)	1	:	0.392081	0.000000	0.000000	0.458500	0.000000	0.000000	0.000000	0.000000	0.000000	0.000000	0.000000	0.092329	0.000000	0.057089	0.000000
50	tsk_50	(x)	1	:	0.000040	0.000000	0.561094	0.000000	0.000000	0.000000	0.000000	0.000000	0.438819	0.000000	0.000000	0.000037	0.000000	0.000009	0.000000
51	tsk_51	(x)	1	:	0.066870	0.000000	0.000000	0.000000	0.000000	0.000000	0.000000	0.000000	0.350953	0.362714	0.000000	0.135690	0.000000	0.083772	0.000000
52	tsk_52	(x)	1	:	0.000003	0.000000	0.000000	0.000000	0.000000	0.000000	0.000000	0.000000	0.000000	0.999991	0.000000	0.000002	0.000000	0.000003	0.000000
53	tsk_53	(x)	1	:	0.000003	0.000000	0.000000	0.000000	0.000000	0.000000	0.000000	0.000000	0.000000	0.999987	0.000000	0.000004	0.000000	0.000005	0.000000
54	tsk_54	(x)	1	:	0.048514	0.000000	0.000000	0.000000	0.000000	0.000000	0.000000	0.000000	0.455765	0.362926	0.000000	0.106993	0.000000	0.025801	0.000000
55	tsk_55	(x)	1	:	0.000002	0.000000	0.000000	0.000000	0.000000	0.000000	0.000000	0.000000	0.000000	0.999990	0.000000	0.000006	0.000000	0.000002	0.000000
56	tsk_56	(x)	1	:	0.318792	0.000000	0.000000	0.000000	0.000000	0.000000	0.000000	0.000000	0.350900	0.000000	0.000000	0.188645	0.000000	0.141664	0.000000
57	tsk_57	(x)	1	:	0.196170	0.000000	0.000000	0.000000	0.000000	0.000000	0.000000	0.000000	0.000000	0.362653	0.000000	0.250103	0.000000	0.191074	0.000000
58	tsk_58	(x)	1	:	0.002604	0.000000	0.000000	0.000000	0.000000	0.000002	0.499124	0.000000	0.455639	0.000000	0.000000	0.004162	0.000000	0.038468	0.000000
59	tsk_59	(x)	1	:	0.000887	0.000000	0.000000	0.009373	0.000000	0.000000	0.000000	0.000000	0.000000	0.000000	0.000000	0.000154	0.000000	0.000077	0.989509
60	tsk_60	(x)	1	:	0.425722	0.000000	0.000000	0.000000	0.000000	0.000000	0.000000	0.000000	0.000000	0.000000	0.000000	0.262633	0.000000	0.311645	0.000000
61	tsk_61	(x)	1	:	0.226015	0.000000	0.000000	0.000000	0.000000	0.000000	0.000000	0.000000	0.000000	0.000000	0.000000	0.170932	0.465784	0.137268	0.000000
62	tsk_62	(x)	1	:	0.348574	0.000000	0.000000	0.458500	0.000000	0.000000	0.000000	0.000000	0.000000	0.000000	0.000000	0.145923	0.000000	0.047002	0.000000
63	tsk_63	(x)	1	:	0.464956	0.000000	0.000000	0.000000	0.000000	0.000000	0.000000	0.000000	0.000000	0.000000	0.000000	0.349552	0.000000	0.185492	0.000000
64	tsk_64	(x)	1	:	0.130770	0.000000	0.583402	0.000000	0.000000	0.000000	0.000000	0.000000	0.000000	0.000000	0.000000	0.229372	0.000000	0.056456	0.000000
65	tsk_65	(x)	1	:	0.216993	0.000000	0.583402	0.000000	0.000000	0.000000	0.000000	0.000000	0.000000	0.000000	0.000000	0.094579	0.000000	0.105026	0.000000
66	tsk_66	(x)	1	:	0.183708	0.000000	0.000000	0.000000	0.000000	0.000000	0.000000	0.000000	0.000000	0.000000	0.000000	0.463557	0.000000	0.352735	0.000000
67	tsk_67	(x)	1	:	0.182538	0.000000	0.583402	0.000000	0.000000	0.000000	0.000000	0.000000	0.000000	0.000000	0.000000	0.154416	0.000000	0.079644	0.000000
68	tsk_68	(x)	1	:	0.000000	0.000000	0.000000	0.000000	0.000000	0.000000	0.000899	0.999101	0.000000	0.000000	0.000000	0.000000	0.000000	0.000000	0.000000
69	tsk_69	(x)	1	:	0.235201	0.000000	0.000000	0.000000	0.000000	0.000000	0.000000	0.000000	0.000000	0.000000	0.000000	0.421981	0.000000	0.342818	0.000000
70	tsk_70	(x)	1	:	0.011549	0.000000	0.000000	0.000000	0.000000	0.000006	0.499136	0.000000	0.351273	0.000000	0.000000	0.000000	0.000000	0.138037	0.000000
71	tsk_71	(x)	1	:	0.000000	0.000000	0.345516	0.000000	0.000000	0.000000	0.000000	0.000000	0.000000	0.000000	0.000000	0.000008	0.654472	0.000004	0.000000
72	tsk_72	(x)	1	:	0.208930	0.000000	0.322794	0.000000	0.000000	0.000000	0.000000	0.000000	0.000000	0.000000	0.000000	0.251662	0.000000	0.216613	0.000000
73	tsk_73	(x)	1	:	0.217433	0.000000	0.000000	0.000000	0.000000	0.000000	0.000000	0.000000	0.350900	0.000000	0.000000	0.310472	0.000000	0.121194	0.000000
74	tsk_74	(x)	1	:	0.317524	0.000000	0.000000	0.000000	0.000000	0.000000	0.000000	0.000000	0.000000	0.000000	0.000000	0.473165	0.000000	0.209311	0.000000
75	tsk_75	(x)	1	:	0.116481	0.000000	0.322777	0.000000	0.000000	0.000000	0.000000	0.000000	0.350869	0.000000	0.000000	0.175518	0.000000	0.034356	0.000000
76	tsk_76	(x)	1	:	0.022639	0.000000	0.000000	0.000000	0.000000	0.000010	0.000000	0.500021	0.352604	0.000000	0.000011	0.001732	0.000000	0.122984	0.000000
77	tsk_77	(x)	1	:	0.016440	0.000000	0.000000	0.000000	0.000000	0.000000	0.000000	0.000000	0.350838	0.000000	0.000000	0.053287	0.556303	0.023131	0.000000
78	tsk_78	(x)	1	:	0.165201	0.000000	0.322794	0.000000	0.000000	0.000000	0.000000	0.000000	0.000000	0.000000	0.000000	0.384607	0.000000	0.127398	0.000000
79	tsk_79	(x)	1	:	0.082589	0.000000	0.778105	0.000000	0.000000	0.000000	0.000000	0.000000	0.000000	0.000000	0.000000	0.081470	0.000000	0.057835	0.000000
80	tsk_80	(x)	1	:	0.541166	0.000000	0.000000	0.000000	0.000000	0.000000	0.000000	0.000000	0.000000	0.000000	0.000000	0.304127	0.000000	0.154707	0.000000
81	tsk_81	(x)	1	:	0.365725	0.000000	0.000000	0.000000	0.000000	0.000000	0.000000	0.000000	0.000000	0.000000	0.000000	0.309110	0.000000	0.325165	0.000000
82	tsk_82	(x)	1	:	0.379017	0.000000	0.000000	0.000000	0.000000	0.000000	0.000000	0.000000	0.000000	0.000000	0.000000	0.342330	0.000000	0.278653	0.000000
83	tsk_83	(x)	1	:	0.331934	0.000000	0.000000	0.000000	0.000000	0.000000	0.000000	0.000000	0.255177	0.000000	0.000000	0.261981	0.000000	0.150909	0.000000
84	tsk_84	(x)	1	:	0.283302	0.000000	0.000000	0.000000	0.000000	0.000000	0.000000	0.000000	0.000000	0.000000	0.000000	0.429209	0.000000	0.287489	0.000000
85	tsk_85	(x)	1	:	0.145598	0.000000	0.000000	0.000000	0.000000	0.000000	0.000000	0.000000	0.000000	0.000000	0.000000	0.224639	0.556318	0.073445	0.000000
86	tsk_86	(x)	1	:	0.266229	0.000000	0.000000	0.000000	0.342984	0.000000	0.000000	0.000000	0.000000	0.000000	0.000000	0.287390	0.000000	0.103397	0.000000
87	tsk_87	(x)	1	:	0.318295	0.000000	0.000000	0.458500	0.000000	0.000000	0.000000	0.000000	0.000000	0.000000	0.000000	0.136915	0.000000	0.086290	0.000000
88	tsk_88	(x)	1	:	0.171058	0.000000	0.000000	0.000000	0.000000	0.000000	0.000000	0.000000	0.000000	0.000000	0.000000	0.515972	0.000000	0.312970	0.000000
89	tsk_89	(x)	1	:	0.397563	0.000000	0.000000	0.000000	0.000000	0.000000	0.000000	0.000000	0.000000	0.000000	0.000000	0.336315	0.000000	0.266121	0.000000
90	tsk_90	(x)	1	:	0.167335	0.462475	0.000000	0.000000	0.000000	0.000000	0.000000	0.000000	0.000000	0.000000	0.000000	0.194024	0.000000	0.176167	0.000000
91	tsk_91	(x)	1	:	0.149386	0.000000	0.583402	0.000000	0.000000	0.000000	0.000000	0.000000	0.000000	0.000000	0.000000	0.147105	0.000000	0.120107	0.000000
92	tsk_92	(x)	1	:	0.317800	0.000000	0.000000	0.000000	0.000000	0.000000	0.000000	0.000000	0.000000	0.000000	0.000000	0.345484	0.000000	0.336717	0.000000
93	tsk_93	(x)	1	:	0.201084	0.000000	0.583402	0.000000	0.000000	0.000000	0.000000	0.000000	0.000000	0.000000	0.000000	0.132717	0.000000	0.082797	0.000000
94	tsk_94	(x)	1	:	0.189508	0.000000	0.000000	0.000000	0.000000	0.000000	0.000000	0.000000	0.000000	0.288663	0.000000	0.328898	0.000000	0.192931	0.000000
95	tsk_95	(x)	1	:	0.060484	0.000000	0.000000	0.000000	0.000000	0.000000	0.000000	0.000000	0.350900	0.000000	0.000000	0.379956	0.000000	0.208660	0.000000
96	tsk_96	(x)	1	:	0.030315	0.462449	0.000000	0.000000	0.000000	0.000000	0.000000	0.000000	0.455599	0.000000	0.000000	0.041285	0.000000	0.010352	0.000000
97	tsk_97	(x)	1	:	0.286392	0.000000	0.000000	0.000000	0.000000	0.000000	0.000000	0.000000	0.000000	0.000000	0.000000	0.496350	0.000000	0.217258	0.000000
98	tsk_98	(x)	1	:	0.223600	0.000000	0.583402	0.000000	0.000000	0.000000	0.000000	0.000000	0.000000	0.000000	0.000000	0.104580	0.000000	0.088418	0.000000
99	tsk_99	(x)	1	:	0.097870	0.000000	0.323308	0.000000	0.503461	0.000004	0.000000	0.000000	0.000000	0.000000	0.000000	0.052244	0.000000	0.023114	0.000000
100	tsk_100	(x)	1	:	0.044665	0.000000	0.000000	0.000000	0.000000	0.000006	0.499122	0.000000	0.000000	0.000000	0.000000	0.008210	0.000000	0.447995	0.000000
101	tsk_101	(x)	1	:	0.415147	0.000000	0.000000	0.000000	0.000000	0.000000	0.000000	0.000000	0.000000	0.000000	0.000000	0.352943	0.000000	0.231911	0.000000
102	tsk_102	(x)	1	:	0.168219	0.000000	0.000000	0.000000	0.000000	0.000000	0.000000	0.000000	0.000000	0.264588	0.000000	0.476053	0.000000	0.091141	0.000000
103	tsk_103	(x)	1	:	0.241235	0.000000	0.000000	0.000000	0.000000	0.000000	0.000000	0.000000	0.000000	0.000000	0.000000	0.503696	0.000000	0.255069	0.000000
104	tsk_104	(x)	1	:	0.387498	0.000000	0.000000	0.000000	0.000000	0.000000	0.000000	0.000000	0.000000	0.000000	0.000000	0.344533	0.000000	0.267969	0.000000
105	tsk_105	(x)	1	:	0.175987	0.000000	0.000000	0.000000	0.502510	0.000000	0.000000	0.000000	0.000000	0.000000	0.000000	0.230791	0.000000	0.090712	0.000000
106	tsk_106	(x)	1	:	0.214099	0.000000	0.000000	0.000000	0.000000	0.000000	0.000000	0.000000	0.000000	0.000000	0.000000	0.500902	0.000000	0.284999	0.000000
107	tsk_107	(x)	1	:	0.308532	0.000000	0.000000	0.000000	0.000000	0.000000	0.000000	0.000000	0.000000	0.000000	0.000000	0.416873	0.000000	0.274595	0.000000
108	tsk_108	(x)	1	:	0.423798	0.000000	0.000000	0.000000	0.000000	0.000000	0.000000	0.000000	0.000000	0.000000	0.000000	0.409074	0.000000	0.167128	0.000000
109	tsk_109	(x)	1	:	0.469193	0.000000	0.000000	0.000000	0.000000	0.000000	0.000000	0.000000	0.000000	0.000000	0.000000	0.391524	0.000000	0.139283	0.000000
110	tsk_110	(x)	1	:	0.178069	0.000000	0.000000	0.000000	0.502510	0.000000	0.000000	0.000000	0.000000	0.000000	0.000000	0.206465	0.000000	0.112956	0.000000
111	tsk_111	(x)	1	:	0.000000	0.000000	0.000000	0.000000	0.500933	0.000000	0.499067	0.000000	0.000000	0.000000	0.000000	0.000000	0.000000	0.000000	0.000000
112	tsk_112	(x)	1	:	0.097186	0.000000	0.000000	0.000000	0.502510	0.000000	0.000000	0.000000	0.000000	0.000000	0.000000	0.147480	0.000000	0.252824	0.000000
113	tsk_113	(x)	1	:	0.062063	0.000000	0.000000	0.000000	0.000000	0.000009	0.499122	0.000000	0.000000	0.000000	0.000000	0.042590	0.000000	0.396216	0.000000
114	tsk_114	(x)	1	:	0.100193	0.000000	0.000000	0.000000	0.502510	0.000000	0.000000	0.000000	0.000000	0.000000	0.000000	0.138141	0.000000	0.259156	0.000000
115	tsk_115	(x)	1	:	0.000000	0.000000	0.000000	0.000000	0.500932	0.000000	0.499067	0.000000	0.000000	0.000000	0.000000	0.000000	0.000000	0.000000	0.000000
116	tsk_116	(x)	1	:	0.000000	0.000000	0.000000	0.000000	0.500933	0.000000	0.499067	0.000000	0.000000	0.000000	0.000000	0.000000	0.000000	0.000000	0.000000
117	tsk_117	(x)	1	:	0.000003	0.000000	0.000000	0.000000	0.206392	0.793601	0.000000	0.000000	0.000000	0.000000	0.000000	0.000002	0.000000	0.000001	0.000000
118	tsk_118	(x)	1	:	0.284223	0.000000	0.000000	0.000000	0.000000	0.000000	0.000000	0.000000	0.000000	0.000000	0.000000	0.424618	0.000000	0.291159	0.000000
119	tsk_119	(x)	1	:	0.000000	0.000000	0.000000	0.000000	0.000000	0.000000	0.493139	0.000000	0.000000	0.000000	0.000000	0.000000	0.506861	0.000000	0.000000
120	tsk_120	(x)	1	:	0.000004	0.000000	0.000000	0.000000	0.000000	0.000000	0.000000	0.000000	0.999979	0.000000	0.000000	0.000010	0.000000	0.000007	0.000000
121	tsk_121	(x)	1	:	0.000000	0.000000	0.000000	0.000000	0.000000	0.000000	0.000000	0.000000	0.000000	0.000000	0.000000	0.000000	1.000000	0.000000	0.000000
122	tsk_122	(x)	1	:	0.136916	0.000000	0.000000	0.000000	0.000000	0.000000	0.000000	0.000000	0.000000	0.000000	0.000000	0.340361	0.465784	0.056939	0.000000
123	tsk_123	(x)	1	:	0.167132	0.000000	0.322794	0.000000	0.000000	0.000000	0.000000	0.000000	0.000000	0.000000	0.000000	0.237504	0.000000	0.272569	0.000000
124	tsk_124	(x)	1	:	0.073994	0.000000	0.000000	0.000000	0.000000	0.000001	0.000000	0.000000	0.350962	0.000000	0.000000	0.055229	0.465812	0.054003	0.000000
125	tsk_125	(x)	1	:	0.000000	0.000000	0.000000	0.000000	0.000000	0.000000	0.000000	0.000000	0.000000	0.000000	0.000000	0.000000	1.000000	0.000000	0.000000
126	tsk_126	(x)	1	:	0.000000	0.000000	0.000000	0.000000	0.000000	0.000000	0.000000	0.000000	0.000000	0.000000	0.000000	0.000000	1.000000	0.000000	0.000000
127	tsk_127	(x)	1	:	0.165987	0.000000	0.000000	0.000000	0.000000	0.000000	0.000000	0.000000	0.000000	0.000000	0.000000	0.305190	0.465784	0.063039	0.000000
128	tsk_128	(x)	1	:	0.000000	0.000000	0.000000	0.000000	0.000000	0.000000	0.000000	0.000000	0.000000	0.000000	0.000000	0.000000	1.000000	0.000000	0.000000
129	tsk_129	(x)	1	:	0.122917	0.000000	0.000000	0.000000	0.000000	0.000000	0.000000	0.000000	0.000000	0.000000	0.000000	0.240054	0.465784	0.171244	0.000000
130	tsk_130	(x)	1	:	0.000000	0.000000	0.000000	0.000000	0.500933	0.000000	0.499067	0.000000	0.000000	0.000000	0.000000	0.000000	0.000000	0.000000	0.000000
131	tsk_131	(x)	1	:	0.379389	0.000000	0.000000	0.458500	0.000000	0.000000	0.000000	0.000000	0.000000	0.000000	0.000000	0.079395	0.000000	0.082715	0.000000
132	tsk_132	(x)	1	:	0.267224	0.000000	0.000000	0.000000	0.000000	0.000000	0.000000	0.000000	0.000000	0.000000	0.000000	0.458178	0.000000	0.274598	0.000000
133	tsk_133	(x)	1	:	0.066575	0.000000	0.000000	0.000000	0.503313	0.000004	0.000000	0.000000	0.000000	0.288992	0.000000	0.095168	0.000000	0.045948	0.000000
134	tsk_134	(x)	1	:	0.430716	0.000000	0.000000	0.000000	0.000000	0.000000	0.000000	0.000000	0.000000	0.000000	0.000000	0.469036	0.000000	0.100247	0.000000
135	tsk_135	(x)	1	:	0.283905	0.000000	0.000000	0.458500	0.000000	0.000000	0.000000	0.000000	0.000000	0.000000	0.000000	0.157842	0.000000	0.099753	0.000000
136	tsk_136	(x)	1	:	0.136669	0.000000	0.000000	0.000000	0.502510	0.000000	0.000000	0.000000	0.000000	0.000000	0.000000	0.252545	0.000000	0.108277	0.000000
137	tsk_137	(x)	1	:	0.000367	0.000000	0.000000	0.000000	0.000000	0.000000	0.499122	0.000000	0.000000	0.000000	0.000000	0.002448	0.000000	0.498063	0.000000
138	tsk_138	(x)	1	:	0.115446	0.000000	0.000000	0.000000	0.000000	0.000000	0.000000	0.000000	0.000000	0.288663	0.000000	0.463022	0.000000	0.132869	0.000000
139	tsk_139	(x)	1	:	0.141024	0.000000	0.000000	0.000000	0.000000	0.000000	0.000000	0.000000	0.000000	0.000000	0.000000	0.695414	0.000000	0.163562	0.000000
140	tsk_140	(x)	1	:	0.156115	0.462475	0.000000	0.000000	0.000000	0.000000	0.000000	0.000000	0.000000	0.000000	0.000000	0.272116	0.000000	0.109293	0.000000
141	tsk_141	(x)	1	:	0.000000	1.000000	0.000000	0.000000	0.000000	0.000000	0.000000	0.000000	0.000000	0.000000	0.000000	0.000000	0.000000	0.000000	0.000000
142	tsk_142	(x)	1	:	0.049741	0.462612	0.000000	0.458630	0.000000	0.000000	0.000000	0.000000	0.000000	0.000000	0.000000	0.019818	0.000000	0.009198	0.000000
143	tsk_143	(x)	1	:	0.033690	0.462397	0.000000	0.000000	0.000000	0.000000	0.000000	0.000000	0.350831	0.000000	0.000000	0.105629	0.000000	0.047453	0.000000
144	tsk_144	(x)	1	:	0.012269	0.461355	0.000000	0.000000	0.501203	0.000001	0.000000	0.000000	0.000000	0.000000	0.000000	0.014188	0.000000	0.010983	0.000000
145	tsk_145	(x)	1	:	0.069982	0.462475	0.000000	0.000000	0.000000	0.000000	0.000000	0.000000	0.000000	0.000000	0.000000	0.228630	0.000000	0.238913	0.000000
146	tsk_146	(x)	1	:	0.049212	0.742632	0.000000	0.000000	0.000000	0.000000	0.000000	0.000000	0.000000	0.000000	0.000000	0.162303	0.000000	0.045853	0.000000
147	tsk_147	(x)	1	:	0.179925	0.462475	0.000000	0.000000	0.000000	0.000000	0.000000	0.000000	0.000000	0.000000	0.000000	0.270191	0.000000	0.087410	0.000000
148	tsk_148	(x)	1	:	0.000000	1.000000	0.000000	0.000000	0.000000	0.000000	0.000000	0.000000	0.000000	0.000000	0.000000	0.000000	0.000000	0.000000	0.000000
149	tsk_149	(x)	1	:	0.062657	0.462388	0.000000	0.000000	0.000000	0.000000	0.000000	0.000000	0.350825	0.000000	0.000000	0.033492	0.000000	0.090638	0.000000
