logL = -706.741949 (converged)
AIC = 5007.483898
BIC = 10417.595521

count.K
9 21 1 6 2 8 3 34 1 59 6 

