0	tsk_0	(x)	1	:	0.500000	0.302861	0.000000	0.000000	0.000000	0.000000	0.000000	0.000000	0.000000	0.000000	0.000000	0.000000	0.197139
1	tsk_1	(x)	1	:	0.000000	0.234994	0.000000	0.000000	0.000000	0.000000	0.500001	0.000000	0.000000	0.000002	0.000000	0.000000	0.265002
2	tsk_2	(x)	1	:	0.000000	0.341566	0.000000	0.000000	0.000000	0.000000	0.000000	0.000000	0.000000	0.000003	0.000000	0.000000	0.658431
3	tsk_3	(x)	1	:	0.507513	0.000000	0.492487	0.000000	0.000000	0.000000	0.000000	0.000000	0.000000	0.000000	0.000000	0.000000	0.000000
4	tsk_4	(x)	1	:	0.500000	0.000000	0.000000	0.000000	0.000000	0.000000	0.500000	0.000000	0.000000	0.000000	0.000000	0.000000	0.000000
5	tsk_5	(x)	1	:	0.498536	0.023828	0.000000	0.000000	0.466914	0.000000	0.004845	0.000000	0.000000	0.000000	0.000000	0.000000	0.005876
6	tsk_6	(x)	1	:	0.000000	0.196566	0.000000	0.000000	0.000000	0.000000	0.000000	0.000000	0.000000	0.000002	0.000000	0.000000	0.803431
7	tsk_7	(x)	1	:	0.000000	0.134240	0.000000	0.000000	0.000000	0.000000	0.500000	0.000000	0.000000	0.000000	0.000000	0.000000	0.365760
8	tsk_8	(x)	1	:	1.000000	0.000000	0.000000	0.000000	0.000000	0.000000	0.000000	0.000000	0.000000	0.000000	0.000000	0.000000	0.000000
9	tsk_9	(x)	1	:	0.498031	0.167138	0.000000	0.000000	0.000000	0.000000	0.005921	0.000000	0.000000	0.000000	0.000000	0.000000	0.328909
10	tsk_10	(x)	1	:	0.000000	0.244083	0.000000	0.000000	0.000000	0.000000	0.000000	0.000000	0.496648	0.000002	0.000000	0.000000	0.259267
11	tsk_11	(x)	1	:	0.501676	0.000000	0.000000	0.000000	0.000000	0.000000	0.000000	0.000000	0.498324	0.000000	0.000000	0.000000	0.000000
12	tsk_12	(x)	1	:	0.000000	0.000000	0.000000	0.000000	0.000000	0.000000	0.000000	0.000000	1.000000	0.000000	0.000000	0.000000	0.000000
13	tsk_13	(x)	1	:	0.000000	0.093028	0.000000	0.000000	0.466680	0.000000	0.000000	0.000000	0.000000	0.000000	0.000000	0.440292	0.000000
14	tsk_14	(x)	1	:	0.000000	0.060970	0.000000	0.000000	0.000000	0.419142	0.000000	0.000000	0.496616	0.000000	0.000000	0.000000	0.023272
15	tsk_15	(x)	1	:	0.000000	0.004795	0.486232	0.000000	0.000000	0.000000	0.009867	0.000000	0.496169	0.000000	0.000000	0.000000	0.002937
16	tsk_16	(x)	1	:	0.501676	0.000000	0.000000	0.000000	0.000000	0.000000	0.000000	0.000000	0.498324	0.000000	0.000000	0.000000	0.000000
17	tsk_17	(x)	1	:	0.000000	0.141593	0.000000	0.269382	0.466579	0.000000	0.000000	0.000000	0.000000	0.000000	0.000000	0.000000	0.122446
18	tsk_18	(x)	1	:	0.000000	0.222984	0.000000	0.000000	0.000000	0.000000	0.000000	0.000000	0.496649	0.000004	0.000000	0.000000	0.280363
19	tsk_19	(x)	1	:	0.497522	0.002362	0.000000	0.000000	0.000000	0.000000	0.004455	0.000000	0.495660	0.000000	0.000000	0.000000	0.000000
20	tsk_20	(x)	1	:	0.501676	0.000000	0.000000	0.000000	0.000000	0.000000	0.000000	0.000000	0.498324	0.000000	0.000000	0.000000	0.000000
21	tsk_21	(x)	1	:	0.499134	0.224698	0.000000	0.000000	0.000000	0.000000	0.002600	0.000000	0.000000	0.000000	0.000000	0.000000	0.273568
22	tsk_22	(x)	1	:	0.000000	0.189925	0.000000	0.000000	0.000000	0.000000	0.000000	0.000000	0.496649	0.000005	0.000000	0.000000	0.313422
23	tsk_23	(x)	1	:	0.000000	0.236881	0.000000	0.000000	0.000000	0.000000	0.000000	0.000000	0.000000	0.000003	0.000000	0.000000	0.763116
24	tsk_24	(x)	1	:	0.000000	0.057131	0.000000	0.000000	0.000000	0.000000	0.500001	0.000000	0.000000	0.000002	0.000000	0.000000	0.442865
25	tsk_25	(x)	1	:	0.000000	0.054610	0.000000	0.313822	0.000000	0.000000	0.000000	0.000000	0.000000	0.000001	0.000000	0.000000	0.631568
26	tsk_26	(x)	1	:	0.000000	0.118701	0.000000	0.000000	0.000000	0.000000	0.000000	0.000000	0.496648	0.000002	0.000000	0.000000	0.384649
27	tsk_27	(x)	1	:	0.000000	0.078409	0.484486	0.000000	0.000000	0.000000	0.016553	0.000000	0.000000	0.000001	0.000000	0.000000	0.420551
28	tsk_28	(x)	1	:	0.498111	0.063542	0.000000	0.000000	0.000000	0.419216	0.005724	0.000000	0.000000	0.000000	0.000000	0.000000	0.013408
29	tsk_29	(x)	1	:	0.000000	0.453078	0.000000	0.000000	0.000000	0.000000	0.000000	0.000000	0.000000	0.000004	0.000000	0.000000	0.546919
30	tsk_30	(x)	1	:	0.000000	0.000000	0.000000	0.000000	0.000000	0.000000	1.000000	0.000000	0.000000	0.000000	0.000000	0.000000	0.000000
31	tsk_31	(x)	1	:	1.000000	0.000000	0.000000	0.000000	0.000000	0.000000	0.000000	0.000000	0.000000	0.000000	0.000000	0.000000	0.000000
32	tsk_32	(x)	1	:	0.000000	0.068903	0.000000	0.000000	0.401035	0.254969	0.000000	0.000000	0.000000	0.000002	0.000000	0.000000	0.275091
33	tsk_33	(x)	1	:	0.000000	0.147987	0.000000	0.000000	0.000000	0.000000	0.500000	0.000000	0.000000	0.000001	0.000000	0.000000	0.352012
34	tsk_34	(x)	1	:	0.000000	0.126900	0.000000	0.000000	0.000000	0.000000	0.500001	0.000000	0.000000	0.000002	0.000000	0.000000	0.373097
35	tsk_35	(x)	1	:	0.000000	0.193954	0.000000	0.000000	0.000000	0.000000	0.000000	0.000000	0.000000	0.000002	0.300710	0.000000	0.505334
36	tsk_36	(x)	1	:	0.000000	0.155526	0.000000	0.000000	0.000000	0.000000	0.500000	0.000000	0.000000	0.000001	0.000000	0.000000	0.344473
37	tsk_37	(x)	1	:	0.000000	0.128137	0.000000	0.000000	0.000000	0.000000	0.000000	0.000000	0.000000	0.000001	0.300710	0.000000	0.571152
38	tsk_38	(x)	1	:	0.000000	0.059657	0.000000	0.000000	0.000000	0.000000	0.000000	0.000000	0.000000	0.000002	0.628503	0.000000	0.311838
39	tsk_39	(x)	1	:	0.000000	0.083790	0.000000	0.000000	0.000000	0.000000	0.000000	0.000000	0.000000	0.000001	0.628503	0.000000	0.287706
40	tsk_40	(x)	1	:	0.000000	0.359381	0.000000	0.000000	0.000000	0.000000	0.000000	0.000000	0.496649	0.000006	0.000000	0.000000	0.143965
41	tsk_41	(x)	1	:	0.152626	0.000000	0.000000	0.000000	0.000000	0.000000	0.000000	0.349430	0.497945	0.000000	0.000000	0.000000	0.000000
42	tsk_42	(x)	1	:	0.000000	0.283019	0.000000	0.000000	0.000000	0.000000	0.000000	0.000000	0.496649	0.000004	0.000000	0.000000	0.220328
43	tsk_43	(x)	1	:	0.000000	0.000000	0.000000	0.000000	1.000000	0.000000	0.000000	0.000000	0.000000	0.000000	0.000000	0.000000	0.000000
44	tsk_44	(x)	1	:	0.000000	0.000000	0.000000	0.000000	0.000000	0.000000	0.000000	0.000000	1.000000	0.000000	0.000000	0.000000	0.000000
45	tsk_45	(x)	1	:	0.000000	0.000000	0.000000	0.000000	0.000000	0.531039	0.000000	0.000000	0.468961	0.000000	0.000000	0.000000	0.000000
46	tsk_46	(x)	1	:	0.000000	0.101183	0.000000	0.000000	0.000000	0.000000	0.000000	0.000000	0.496648	0.000002	0.000000	0.000000	0.402167
47	tsk_47	(x)	1	:	0.000000	0.000000	0.000000	0.000000	0.000000	0.531039	0.000000	0.000000	0.468961	0.000000	0.000000	0.000000	0.000000
48	tsk_48	(x)	1	:	0.153606	0.000000	0.000000	0.000000	0.000000	0.000000	0.000000	0.348622	0.497772	0.000000	0.000000	0.000000	0.000000
49	tsk_49	(x)	1	:	0.000000	0.274111	0.000000	0.000000	0.000000	0.000000	0.000000	0.000000	0.496648	0.000002	0.000000	0.000000	0.229238
50	tsk_50	(x)	1	:	0.000000	0.372103	0.000000	0.000000	0.000000	0.000000	0.000000	0.000000	0.570017	0.000006	0.000000	0.000000	0.057875
51	tsk_51	(x)	1	:	0.498898	0.095252	0.000000	0.000000	0.000000	0.000000	0.003310	0.000000	0.000000	0.000000	0.000000	0.000000	0.402540
52	tsk_52	(x)	1	:	0.000000	0.000000	0.000000	0.000000	0.000000	0.000000	0.000000	0.000000	0.570016	0.000005	0.000000	0.000000	0.429979
53	tsk_53	(x)	1	:	1.000000	0.000000	0.000000	0.000000	0.000000	0.000000	0.000000	0.000000	0.000000	0.000000	0.000000	0.000000	0.000000
54	tsk_54	(x)	1	:	0.507513	0.000000	0.492487	0.000000	0.000000	0.000000	0.000000	0.000000	0.000000	0.000000	0.000000	0.000000	0.000000
55	tsk_55	(x)	1	:	0.000000	0.000000	0.000000	0.000000	0.000000	0.000000	0.000000	0.000000	1.000000	0.000000	0.000000	0.000000	0.000000
56	tsk_56	(x)	1	:	0.000000	0.003060	0.486072	0.000000	0.000000	0.000000	0.010181	0.000000	0.496113	0.000000	0.000000	0.000000	0.004574
57	tsk_57	(x)	1	:	0.000000	0.164239	0.000000	0.000000	0.000000	0.000000	0.000000	0.000000	0.496648	0.000002	0.000000	0.000000	0.339111
58	tsk_58	(x)	1	:	0.000000	0.236493	0.000000	0.000000	0.000000	0.000000	0.000000	0.000000	0.000000	0.000004	0.000000	0.000000	0.763502
59	tsk_59	(x)	1	:	0.000000	0.000000	0.000000	0.000000	0.000000	0.000000	0.000000	0.000000	1.000000	0.000000	0.000000	0.000000	0.000000
60	tsk_60	(x)	1	:	0.000000	0.047473	0.000000	0.313284	0.000000	0.000000	0.000000	0.000000	0.496343	0.000000	0.000000	0.000000	0.142899
61	tsk_61	(x)	1	:	0.507513	0.000000	0.492487	0.000000	0.000000	0.000000	0.000000	0.000000	0.000000	0.000000	0.000000	0.000000	0.000000
62	tsk_62	(x)	1	:	0.000000	0.227285	0.000000	0.313822	0.000000	0.000000	0.000000	0.000000	0.000000	0.000001	0.000000	0.000000	0.458892
63	tsk_63	(x)	1	:	0.000000	0.080875	0.485410	0.313268	0.000000	0.000000	0.012822	0.000000	0.000000	0.000000	0.000000	0.000000	0.107624
64	tsk_64	(x)	1	:	0.000000	0.069321	0.000000	0.313283	0.000000	0.000000	0.000000	0.000000	0.496343	0.000000	0.000000	0.000000	0.121053
65	tsk_65	(x)	1	:	0.498787	0.278212	0.000000	0.000000	0.000000	0.000000	0.003644	0.000000	0.000000	0.000001	0.000000	0.000000	0.219355
66	tsk_66	(x)	1	:	0.000000	0.060480	0.000000	0.313283	0.000000	0.000000	0.000000	0.000000	0.496343	0.000000	0.000000	0.000000	0.129894
67	tsk_67	(x)	1	:	0.000000	0.008002	0.000000	0.494293	0.000000	0.000000	0.000000	0.000000	0.486321	0.000000	0.000000	0.000000	0.011384
68	tsk_68	(x)	1	:	0.501676	0.000000	0.000000	0.000000	0.000000	0.000000	0.000000	0.000000	0.498324	0.000000	0.000000	0.000000	0.000000
69	tsk_69	(x)	1	:	0.000000	0.013501	0.000000	0.313283	0.000000	0.000000	0.000000	0.000000	0.496343	0.000000	0.000000	0.000000	0.176872
70	tsk_70	(x)	1	:	0.000000	0.228198	0.000000	0.000000	0.466684	0.000000	0.000000	0.000000	0.000000	0.000000	0.000000	0.000000	0.305118
71	tsk_71	(x)	1	:	0.000000	0.339079	0.000000	0.000000	0.000000	0.000000	0.000000	0.000000	0.000000	0.000004	0.000000	0.000000	0.660917
72	tsk_72	(x)	1	:	0.498560	0.189179	0.000000	0.000000	0.000000	0.000000	0.004329	0.000000	0.000000	0.000001	0.000000	0.000000	0.307931
73	tsk_73	(x)	1	:	0.498934	0.024660	0.000000	0.000000	0.466771	0.000000	0.003367	0.000000	0.000000	0.000000	0.000000	0.000000	0.006268
74	tsk_74	(x)	1	:	0.497645	0.074332	0.000000	0.000000	0.000000	0.000000	0.007087	0.000000	0.000000	0.000002	0.000000	0.000000	0.420934
75	tsk_75	(x)	1	:	0.000000	0.498729	0.484376	0.000000	0.000000	0.000000	0.016889	0.000000	0.000000	0.000006	0.000000	0.000000	0.000000
76	tsk_76	(x)	1	:	0.000000	0.140782	0.000000	0.269382	0.466579	0.000000	0.000000	0.000000	0.000000	0.000000	0.000000	0.000000	0.123257
77	tsk_77	(x)	1	:	0.000000	0.000000	0.000000	0.256943	0.743057	0.000000	0.000000	0.000000	0.000000	0.000000	0.000000	0.000000	0.000000
78	tsk_78	(x)	1	:	0.000000	0.268025	0.000000	0.000000	0.466684	0.000000	0.000000	0.000000	0.000000	0.000000	0.000000	0.000000	0.265290
79	tsk_79	(x)	1	:	1.000000	0.000000	0.000000	0.000000	0.000000	0.000000	0.000000	0.000000	0.000000	0.000000	0.000000	0.000000	0.000000
80	tsk_80	(x)	1	:	0.498943	0.019676	0.000000	0.000000	0.466877	0.000000	0.003554	0.000000	0.000000	0.000000	0.000000	0.000000	0.010949
81	tsk_81	(x)	1	:	0.000000	0.000000	0.000000	0.000000	1.000000	0.000000	0.000000	0.000000	0.000000	0.000000	0.000000	0.000000	0.000000
82	tsk_82	(x)	1	:	0.000000	0.000000	0.000000	0.000000	0.550337	0.449663	0.000000	0.000000	0.000000	0.000000	0.000000	0.000000	0.000000
83	tsk_83	(x)	1	:	1.000000	0.000000	0.000000	0.000000	0.000000	0.000000	0.000000	0.000000	0.000000	0.000000	0.000000	0.000000	0.000000
84	tsk_84	(x)	1	:	0.500000	0.000000	0.000000	0.000000	0.000000	0.000000	0.500000	0.000000	0.000000	0.000000	0.000000	0.000000	0.000000
85	tsk_85	(x)	1	:	0.500000	0.000000	0.000000	0.000000	0.000000	0.000000	0.500000	0.000000	0.000000	0.000000	0.000000	0.000000	0.000000
86	tsk_86	(x)	1	:	0.498340	0.068787	0.000000	0.000000	0.000000	0.419198	0.004998	0.000000	0.000000	0.000000	0.000000	0.000000	0.008676
87	tsk_87	(x)	1	:	0.500000	0.000000	0.000000	0.000000	0.000000	0.000000	0.500000	0.000000	0.000000	0.000000	0.000000	0.000000	0.000000
88	tsk_88	(x)	1	:	0.498202	0.052229	0.000000	0.000000	0.000000	0.419215	0.005449	0.000000	0.000000	0.000000	0.000000	0.000000	0.024904
89	tsk_89	(x)	1	:	0.000000	0.000000	0.000000	0.000000	1.000000	0.000000	0.000000	0.000000	0.000000	0.000000	0.000000	0.000000	0.000000
90	tsk_90	(x)	1	:	0.000000	0.023900	0.000000	0.000000	0.000000	0.000000	0.000000	0.000000	0.496624	0.000000	0.422743	0.000000	0.056732
91	tsk_91	(x)	1	:	0.000000	0.021178	0.000000	0.000000	0.000000	0.000000	0.000000	0.000000	0.496622	0.000000	0.422735	0.000000	0.059464
92	tsk_92	(x)	1	:	0.000000	0.000000	0.000000	0.000000	0.000000	0.000000	0.000000	0.000000	0.000000	0.000000	1.000000	0.000000	0.000000
93	tsk_93	(x)	1	:	0.000000	0.117759	0.000000	0.000000	0.000000	0.000000	0.000000	0.000000	0.000000	0.000002	0.422817	0.000000	0.459423
94	tsk_94	(x)	1	:	0.000000	0.000000	0.000000	0.000000	0.000000	0.000000	0.499966	0.000000	0.000000	0.000000	0.422784	0.000000	0.077250
95	tsk_95	(x)	1	:	0.000000	0.000000	0.000000	0.197266	0.373073	0.000000	0.000000	0.000000	0.429661	0.000000	0.000000	0.000000	0.000000
96	tsk_96	(x)	1	:	0.000000	0.080933	0.000000	0.000000	0.000000	0.000000	0.000000	0.000000	0.496550	0.000000	0.422517	0.000000	0.000000
97	tsk_97	(x)	1	:	0.498412	0.048155	0.000000	0.000000	0.000000	0.000000	0.005496	0.000000	0.000000	0.000000	0.423547	0.000000	0.024391
98	tsk_98	(x)	1	:	0.000000	0.044458	0.000000	0.000000	0.000000	0.000000	0.000000	0.000000	0.000000	0.000004	0.422818	0.000000	0.532720
99	tsk_99	(x)	1	:	0.000000	0.087573	0.000000	0.000000	0.466680	0.000000	0.000000	0.000000	0.000000	0.000000	0.422806	0.000000	0.022942
100	tsk_100	(x)	1	:	0.165524	0.000000	0.000000	0.000005	0.485899	0.000000	0.000000	0.348572	0.000000	0.000000	0.000000	0.000000	0.000000
101	tsk_101	(x)	1	:	0.498523	0.215153	0.000000	0.000000	0.000000	0.000000	0.004440	0.000000	0.000000	0.000000	0.000000	0.000000	0.281885
102	tsk_102	(x)	1	:	0.152627	0.000000	0.000000	0.000000	0.000000	0.000000	0.000000	0.349428	0.497944	0.000000	0.000000	0.000000	0.000000
103	tsk_103	(x)	1	:	0.498274	0.101490	0.000000	0.000000	0.000000	0.000000	0.005190	0.000000	0.000000	0.000000	0.000000	0.000000	0.395045
104	tsk_104	(x)	1	:	0.000000	0.018629	0.000000	0.000000	0.466647	0.000000	0.000000	0.000000	0.496623	0.000000	0.000000	0.000000	0.018100
105	tsk_105	(x)	1	:	0.000000	0.000000	0.000000	0.000000	1.000000	0.000000	0.000000	0.000000	0.000000	0.000000	0.000000	0.000000	0.000000
106	tsk_106	(x)	1	:	0.000000	0.293450	0.000000	0.000000	0.466685	0.000000	0.000000	0.000000	0.000000	0.000001	0.000000	0.000000	0.239864
107	tsk_107	(x)	1	:	0.000000	0.414395	0.000000	0.000000	0.466685	0.000000	0.000000	0.000000	0.000000	0.000002	0.000000	0.000000	0.118919
108	tsk_108	(x)	1	:	0.498632	0.023966	0.000000	0.000000	0.466853	0.000000	0.004436	0.000000	0.000000	0.000000	0.000000	0.000000	0.006113
109	tsk_109	(x)	1	:	0.000000	0.052447	0.000000	0.000000	0.000000	0.419140	0.000000	0.000000	0.496614	0.000000	0.000000	0.000000	0.031799
110	tsk_110	(x)	1	:	0.470766	0.000000	0.000000	0.000000	0.000000	0.529234	0.000000	0.000000	0.000000	0.000000	0.000000	0.000000	0.000000
111	tsk_111	(x)	1	:	0.000000	0.000000	0.000000	0.000000	0.000000	1.000000	0.000000	0.000000	0.000000	0.000000	0.000000	0.000000	0.000000
112	tsk_112	(x)	1	:	0.500000	0.000000	0.000000	0.000000	0.000000	0.000000	0.500000	0.000000	0.000000	0.000000	0.000000	0.000000	0.000000
113	tsk_113	(x)	1	:	0.000000	0.169448	0.000000	0.000000	0.000000	0.000000	0.000954	0.425605	0.000000	0.000000	0.000000	0.000000	0.403992
114	tsk_114	(x)	1	:	0.499240	0.000000	0.000000	0.000000	0.000000	0.000000	0.002757	0.000000	0.000000	0.000000	0.423295	0.000000	0.074708
115	tsk_115	(x)	1	:	0.000000	0.000000	0.511975	0.000000	0.000000	0.488025	0.000000	0.000000	0.000000	0.000000	0.000000	0.000000	0.000000
116	tsk_116	(x)	1	:	0.498718	0.141884	0.000000	0.313268	0.000000	0.000000	0.002905	0.000000	0.000000	0.000000	0.000000	0.000000	0.043225
117	tsk_117	(x)	1	:	0.000000	0.260453	0.000000	0.000000	0.000000	0.563884	0.000000	0.105234	0.000000	0.000000	0.000000	0.000000	0.070429
118	tsk_118	(x)	1	:	0.000000	0.132646	0.000000	0.000000	0.000000	0.000000	0.000008	0.535080	0.000000	0.000001	0.000000	0.000000	0.332264
119	tsk_119	(x)	1	:	0.498193	0.040482	0.000000	0.000000	0.000000	0.419215	0.005476	0.000000	0.000000	0.000000	0.000000	0.000000	0.036633
120	tsk_120	(x)	1	:	0.000000	0.223642	0.000000	0.000000	0.000000	0.000000	0.000000	0.000000	0.000183	0.000001	0.000000	0.490322	0.285853
121	tsk_121	(x)	1	:	0.000000	0.000000	0.000000	0.000000	0.000000	0.000000	0.000000	0.000000	0.000000	1.000000	0.000000	0.000000	0.000000
122	tsk_122	(x)	1	:	0.000000	0.036722	0.000000	0.000000	0.466652	0.000000	0.000000	0.000000	0.496626	0.000000	0.000000	0.000000	0.000000
123	tsk_123	(x)	1	:	0.000000	0.029121	0.000000	0.000000	0.466653	0.000000	0.000000	0.000000	0.496627	0.000000	0.000000	0.000000	0.007599
124	tsk_124	(x)	1	:	0.155219	0.075983	0.000000	0.000000	0.000000	0.000000	0.002983	0.346048	0.000000	0.000000	0.000000	0.000000	0.419767
125	tsk_125	(x)	1	:	0.000000	0.000000	0.000000	0.000000	0.000000	0.000000	0.000000	0.000000	0.000000	0.999997	0.000000	0.000000	0.000003
126	tsk_126	(x)	1	:	0.000000	0.000000	0.000000	0.000000	0.000000	0.419187	0.000000	0.000000	0.000000	0.000006	0.000000	0.000000	0.580807
127	tsk_127	(x)	1	:	0.498800	0.322089	0.000000	0.000000	0.000000	0.000000	0.003605	0.000000	0.000000	0.000000	0.000000	0.000000	0.175506
128	tsk_128	(x)	1	:	0.000000	0.246702	0.000000	0.000000	0.656341	0.000000	0.000000	0.000000	0.000000	0.000003	0.000000	0.000000	0.096954
129	tsk_129	(x)	1	:	0.000000	0.999982	0.000000	0.000000	0.000000	0.000000	0.000000	0.000000	0.000000	0.000018	0.000000	0.000000	0.000000
130	tsk_130	(x)	1	:	0.000000	0.193893	0.000000	0.000000	0.000000	0.000000	0.500001	0.000000	0.000000	0.000001	0.000000	0.000000	0.306106
131	tsk_131	(x)	1	:	0.000000	0.557108	0.000000	0.000000	0.000000	0.000000	0.000000	0.000000	0.000000	0.000001	0.000000	0.000000	0.442891
132	tsk_132	(x)	1	:	0.000000	0.365066	0.000000	0.000000	0.000000	0.000000	0.000000	0.000000	0.496648	0.000001	0.000000	0.000000	0.138284
133	tsk_133	(x)	1	:	0.000000	0.194457	0.000000	0.000000	0.000000	0.000000	0.000000	0.000000	0.496648	0.000000	0.000000	0.000000	0.308895
134	tsk_134	(x)	1	:	0.498901	0.170214	0.000000	0.000000	0.000000	0.000000	0.003302	0.000000	0.000000	0.000000	0.000000	0.000000	0.327584
135	tsk_135	(x)	1	:	0.000000	0.337384	0.000000	0.000000	0.000000	0.000000	0.000000	0.000000	0.000000	0.000001	0.000000	0.000000	0.662615
136	tsk_136	(x)	1	:	0.000000	0.323879	0.000000	0.000000	0.000000	0.000000	0.000000	0.000000	0.496649	0.000006	0.000000	0.000000	0.179466
137	tsk_137	(x)	1	:	0.000000	0.237523	0.000000	0.000000	0.000000	0.000000	0.000000	0.000000	0.496649	0.000006	0.000000	0.000000	0.265822
138	tsk_138	(x)	1	:	0.000000	0.216982	0.000000	0.000000	0.000000	0.000000	0.000000	0.000000	0.000000	0.000002	0.000000	0.000000	0.783016
139	tsk_139	(x)	1	:	0.000000	0.238033	0.000000	0.000000	0.000000	0.000000	0.000000	0.000000	0.496649	0.000003	0.000000	0.000000	0.265314
140	tsk_140	(x)	1	:	0.505458	0.000000	0.000000	0.000000	0.000000	0.000000	0.000000	0.000000	0.000000	0.000000	0.000000	0.494542	0.000000
141	tsk_141	(x)	1	:	1.000000	0.000000	0.000000	0.000000	0.000000	0.000000	0.000000	0.000000	0.000000	0.000000	0.000000	0.000000	0.000000
142	tsk_142	(x)	1	:	1.000000	0.000000	0.000000	0.000000	0.000000	0.000000	0.000000	0.000000	0.000000	0.000000	0.000000	0.000000	0.000000
143	tsk_143	(x)	1	:	0.000000	0.171986	0.000000	0.000000	0.401035	0.254969	0.000000	0.000000	0.000000	0.000001	0.000000	0.000000	0.172009
144	tsk_144	(x)	1	:	0.000000	0.000000	0.000000	0.000000	0.550337	0.449663	0.000000	0.000000	0.000000	0.000000	0.000000	0.000000	0.000000
145	tsk_145	(x)	1	:	0.499218	0.001732	0.000000	0.000000	0.000000	0.000000	0.005778	0.000000	0.000819	0.000000	0.000000	0.490706	0.001747
146	tsk_146	(x)	1	:	0.498213	0.082827	0.000000	0.000000	0.323770	0.000000	0.005424	0.000000	0.000000	0.000000	0.000000	0.000000	0.089766
147	tsk_147	(x)	1	:	0.000000	0.000000	0.000000	0.000000	0.000000	0.000000	0.000000	0.000000	0.000000	0.000000	0.000000	1.000000	0.000000
148	tsk_148	(x)	1	:	0.000000	0.000000	0.000000	0.000000	0.000000	0.531039	0.000000	0.000000	0.468961	0.000000	0.000000	0.000000	0.000000
149	tsk_149	(x)	1	:	0.505458	0.000000	0.000000	0.000000	0.000000	0.000000	0.000000	0.000000	0.000000	0.000000	0.000000	0.494542	0.000000
