logL = -1253.804261 (converged)
AIC = 3275.608523
BIC = 4431.692476

count.K
44 78 28 

