logL = -1433.511993 (converged)
AIC = 7887.023986
BIC = 15443.718575

count.K
6 2 21 9 11 6 39 20 18 1 2 0 1 14 

