logL = -491.463734 (converged)
AIC = 6022.927468
BIC = 13609.728409

count.K
5 10 6 8 11 13 3 9 24 15 8 20 10 1 7 

