logL = -1594.876155 (converged)
AIC = 8037.752310
BIC = 15335.532263

count.K
4 21 12 3 12 30 15 22 14 6 1 4 6 

