logL = -1263.197962 (converged)
AIC = 5646.395924
BIC = 10342.986982

count.K
26 10 7 6 7 26 56 1 11 

