logL = -1886.401751 (converged)
AIC = 4244.803502
BIC = 4955.313431

count.K
138 12 

