logL = -2089.456943 (converged)
AIC = 9026.913887
BIC = 16324.693840

count.K
12 0 22 20 6 15 27 7 0 18 6 10 7 

