logL = -2260.286485 (converged)
AIC = 5474.572969
BIC = 6910.646005

count.K
26 109 15 

