logL = -1215.796679 (converged)
AIC = 3579.593357
BIC = 5307.698016

count.K
49 27 49 25 

