logL = -1722.752459 (converged)
AIC = 5497.504918
BIC = 8586.416730

count.K
33 19 11 50 22 15 

