logL = -976.045407 (converged)
AIC = 3788.090814
BIC = 6551.854014

count.K
6 39 39 14 34 18 

