logL = -1340.899987 (converged)
AIC = 7813.799973
BIC = 15539.090138

count.K
7 6 8 3 4 7 6 8 6 3 6 50 13 23 

