logL = -897.622460 (converged)
AIC = 6031.244920
BIC = 12407.770472

count.K
6 31 8 23 6 0 28 10 7 26 3 2 

