logL = -1063.455989 (converged)
AIC = 4034.911978
BIC = 6907.058048

count.K
18 21 12 40 38 21 

