logL = -2871.807837 (converged)
AIC = 6673.615675
BIC = 8073.561087

count.K
75 40 35 

