logL = -690.430043 (converged)
AIC = 6420.860086
BIC = 14007.661027

count.K
6 9 33 20 1 21 5 6 6 1 13 7 1 9 12 

