logL = -1171.596602 (converged)
AIC = 3853.193203
BIC = 6126.222850

count.K
54 25 23 23 25 

