0	tsk_0	(x)	1	:	0.137454	0.000000	0.000000	0.000000	0.387709	0.472758	0.002080	0.000000	0.000000
1	tsk_1	(x)	1	:	0.000000	0.000000	0.000000	0.000000	0.000000	1.000000	0.000000	0.000000	0.000000
2	tsk_2	(x)	1	:	0.089345	0.000000	0.000000	0.000000	0.616945	0.000000	0.000000	0.000000	0.293710
3	tsk_3	(x)	1	:	0.000000	0.000000	0.000000	0.000000	0.000000	0.561075	0.438925	0.000000	0.000000
4	tsk_4	(x)	1	:	0.000000	0.000000	0.414790	0.000000	0.000000	0.000000	0.585210	0.000000	0.000000
5	tsk_5	(x)	1	:	0.086786	0.000000	0.000000	0.482618	0.429241	0.000000	0.001355	0.000000	0.000000
6	tsk_6	(x)	1	:	0.000000	0.000000	0.000000	0.000000	0.000000	1.000000	0.000000	0.000000	0.000000
7	tsk_7	(x)	1	:	0.000000	0.000000	0.520611	0.000000	0.000000	0.479389	0.000000	0.000000	0.000000
8	tsk_8	(x)	1	:	0.074753	0.000000	0.000000	0.000000	0.164799	0.000000	0.466760	0.000000	0.293688
9	tsk_9	(x)	1	:	0.000000	0.000000	0.000000	0.477573	0.000000	0.474791	0.047636	0.000000	0.000000
10	tsk_10	(x)	1	:	0.000000	0.000000	0.000000	0.000000	0.000001	0.515907	0.000000	0.000000	0.484092
11	tsk_11	(x)	1	:	0.000029	0.000000	0.000000	0.472390	0.000057	0.000000	0.000041	0.000000	0.527483
12	tsk_12	(x)	1	:	0.041951	0.000000	0.000000	0.000000	0.406396	0.000000	0.000000	0.000000	0.551653
13	tsk_13	(x)	1	:	0.245007	0.494507	0.000000	0.000000	0.260374	0.000000	0.000112	0.000000	0.000000
14	tsk_14	(x)	1	:	0.000000	0.000000	0.000000	0.000000	0.000001	0.515907	0.000000	0.000000	0.484092
15	tsk_15	(x)	1	:	0.000000	0.000000	0.999999	0.000000	0.000000	0.000001	0.000000	0.000000	0.000000
16	tsk_16	(x)	1	:	0.000000	0.000000	0.000000	0.000000	0.000000	0.000000	0.000000	0.000000	1.000000
17	tsk_17	(x)	1	:	0.000000	0.000000	0.000000	0.495228	0.000000	0.504772	0.000000	0.000000	0.000000
18	tsk_18	(x)	1	:	0.000000	0.000000	0.346766	0.000000	0.000000	0.653233	0.000000	0.000000	0.000000
19	tsk_19	(x)	1	:	0.000832	0.000000	0.283627	0.000000	0.002326	0.064911	0.105593	0.000000	0.542711
20	tsk_20	(x)	1	:	0.000000	0.507688	0.414300	0.000000	0.000000	0.000000	0.078012	0.000000	0.000000
21	tsk_21	(x)	1	:	0.000000	0.460386	0.539614	0.000000	0.000000	0.000000	0.000000	0.000000	0.000000
22	tsk_22	(x)	1	:	0.000000	1.000000	0.000000	0.000000	0.000000	0.000000	0.000000	0.000000	0.000000
23	tsk_23	(x)	1	:	0.000000	0.000000	0.592873	0.000000	0.000000	0.000000	0.407127	0.000000	0.000000
24	tsk_24	(x)	1	:	0.000000	0.000000	0.514298	0.485702	0.000000	0.000000	0.000000	0.000000	0.000000
25	tsk_25	(x)	1	:	0.000000	0.000000	0.000000	0.488418	0.000000	0.474715	0.036867	0.000000	0.000000
26	tsk_26	(x)	1	:	0.000000	0.420943	0.579057	0.000000	0.000000	0.000000	0.000000	0.000000	0.000000
27	tsk_27	(x)	1	:	0.000000	0.000000	0.661803	0.000000	0.000000	0.338197	0.000000	0.000000	0.000000
28	tsk_28	(x)	1	:	0.000000	0.000000	0.514298	0.485702	0.000000	0.000000	0.000000	0.000000	0.000000
29	tsk_29	(x)	1	:	0.000000	0.508529	0.000000	0.000000	0.000000	0.000000	0.491471	0.000000	0.000000
30	tsk_30	(x)	1	:	0.000000	1.000000	0.000000	0.000000	0.000000	0.000000	0.000000	0.000000	0.000000
31	tsk_31	(x)	1	:	0.217592	0.000000	0.000000	0.000000	0.315600	0.000000	0.466808	0.000000	0.000000
32	tsk_32	(x)	1	:	0.000000	0.469875	0.000000	0.000000	0.000000	0.530116	0.000009	0.000000	0.000000
33	tsk_33	(x)	1	:	0.133662	0.000000	0.000000	0.482481	0.382000	0.000000	0.001858	0.000000	0.000000
34	tsk_34	(x)	1	:	0.000000	1.000000	0.000000	0.000000	0.000000	0.000000	0.000000	0.000000	0.000000
35	tsk_35	(x)	1	:	0.000000	1.000000	0.000000	0.000000	0.000000	0.000000	0.000000	0.000000	0.000000
36	tsk_36	(x)	1	:	0.000000	0.505767	0.000000	0.487158	0.000000	0.000000	0.007075	0.000000	0.000000
37	tsk_37	(x)	1	:	0.000000	1.000000	0.000000	0.000000	0.000000	0.000000	0.000000	0.000000	0.000000
38	tsk_38	(x)	1	:	0.000000	0.505663	0.000000	0.487079	0.000000	0.000000	0.007258	0.000000	0.000000
39	tsk_39	(x)	1	:	0.000000	0.507687	0.414300	0.000000	0.000000	0.000000	0.078013	0.000000	0.000000
40	tsk_40	(x)	1	:	0.000000	0.000000	0.000000	0.407494	0.000000	0.000000	0.592506	0.000000	0.000000
41	tsk_41	(x)	1	:	0.000000	0.000000	0.414227	0.477588	0.000000	0.000000	0.108186	0.000000	0.000000
42	tsk_42	(x)	1	:	0.000000	0.000000	0.414216	0.488507	0.000000	0.000000	0.097278	0.000000	0.000000
43	tsk_43	(x)	1	:	0.042972	0.000000	0.414696	0.000000	0.490452	0.000000	0.051880	0.000000	0.000000
44	tsk_44	(x)	1	:	0.042060	0.000000	0.000000	0.473829	0.185462	0.000000	0.004861	0.000000	0.293787
45	tsk_45	(x)	1	:	0.040735	0.000000	0.000000	0.473856	0.186865	0.000000	0.004760	0.000000	0.293785
46	tsk_46	(x)	1	:	0.000000	0.000000	0.000000	1.000000	0.000000	0.000000	0.000000	0.000000	0.000000
47	tsk_47	(x)	1	:	0.000000	0.000000	0.414227	0.477588	0.000000	0.000000	0.108186	0.000000	0.000000
48	tsk_48	(x)	1	:	0.032480	0.000000	0.000000	0.482402	0.189154	0.000000	0.002198	0.000000	0.293766
49	tsk_49	(x)	1	:	0.114326	0.000000	0.000000	0.000000	0.409960	0.472471	0.003244	0.000000	0.000000
50	tsk_50	(x)	1	:	0.420211	0.000000	0.000000	0.000000	0.579789	0.000000	0.000000	0.000000	0.000000
51	tsk_51	(x)	1	:	0.000000	0.000000	0.414216	0.488507	0.000000	0.000000	0.097277	0.000000	0.000000
52	tsk_52	(x)	1	:	0.000000	0.000000	0.367981	0.000000	0.000000	0.000000	0.632019	0.000000	0.000000
53	tsk_53	(x)	1	:	0.516519	0.000000	0.000000	0.000000	0.483481	0.000000	0.000000	0.000000	0.000000
54	tsk_54	(x)	1	:	0.340016	0.000000	0.000000	0.000000	0.659983	0.000000	0.000000	0.000000	0.000000
55	tsk_55	(x)	1	:	0.189782	0.000000	0.000000	0.473799	0.331519	0.000000	0.004900	0.000000	0.000000
56	tsk_56	(x)	1	:	0.000000	0.000000	0.999999	0.000000	0.000000	0.000001	0.000000	0.000000	0.000000
57	tsk_57	(x)	1	:	0.095837	0.000000	0.000000	0.473684	0.425153	0.000000	0.005326	0.000000	0.000000
58	tsk_58	(x)	1	:	0.175663	0.000000	0.000000	0.474198	0.346714	0.000000	0.003425	0.000000	0.000000
59	tsk_59	(x)	1	:	0.000000	0.000000	0.999999	0.000000	0.000000	0.000001	0.000000	0.000000	0.000000
60	tsk_60	(x)	1	:	0.000000	0.000000	0.000000	0.489313	0.000000	0.000000	0.510687	0.000000	0.000000
61	tsk_61	(x)	1	:	0.000000	0.000000	0.414790	0.000000	0.000000	0.000000	0.585210	0.000000	0.000000
62	tsk_62	(x)	1	:	0.457102	0.000000	0.537806	0.000000	0.005077	0.000000	0.000015	0.000000	0.000000
63	tsk_63	(x)	1	:	0.000000	0.000000	1.000000	0.000000	0.000000	0.000000	0.000000	0.000000	0.000000
64	tsk_64	(x)	1	:	0.271908	0.000000	0.000000	0.482989	0.245103	0.000000	0.000000	0.000000	0.000000
65	tsk_65	(x)	1	:	0.000000	0.400269	0.000000	0.000000	0.000000	0.000000	0.599731	0.000000	0.000000
66	tsk_66	(x)	1	:	0.000000	0.505542	0.000000	0.486986	0.000000	0.000000	0.007472	0.000000	0.000000
67	tsk_67	(x)	1	:	0.000000	0.508529	0.000000	0.000000	0.000000	0.000000	0.491471	0.000000	0.000000
68	tsk_68	(x)	1	:	0.126643	0.000000	0.000000	0.000000	0.406549	0.000000	0.466808	0.000000	0.000000
69	tsk_69	(x)	1	:	0.405098	0.000000	0.589685	0.000000	0.005217	0.000000	0.000000	0.000000	0.000000
70	tsk_70	(x)	1	:	0.137156	0.000000	0.000000	0.350265	0.394607	0.000000	0.117972	0.000000	0.000000
71	tsk_71	(x)	1	:	0.257267	0.000000	0.000000	0.473716	0.263809	0.000000	0.005208	0.000000	0.000000
72	tsk_72	(x)	1	:	0.000000	0.000000	0.000000	1.000000	0.000000	0.000000	0.000000	0.000000	0.000000
73	tsk_73	(x)	1	:	0.000000	0.000000	0.000000	0.351101	0.000000	0.000000	0.648899	0.000000	0.000000
74	tsk_74	(x)	1	:	0.000000	0.000000	0.000000	0.489313	0.000000	0.000000	0.510687	0.000000	0.000000
75	tsk_75	(x)	1	:	0.000000	0.000000	0.000000	0.396432	0.000000	0.603568	0.000000	0.000000	0.000000
76	tsk_76	(x)	1	:	0.000000	0.000000	0.414790	0.000000	0.000000	0.000000	0.585210	0.000000	0.000000
77	tsk_77	(x)	1	:	0.222369	0.000000	0.000000	0.000000	0.310822	0.000000	0.466808	0.000000	0.000000
78	tsk_78	(x)	1	:	0.000000	0.000000	0.000000	0.478380	0.000000	0.000000	0.521620	0.000000	0.000000
79	tsk_79	(x)	1	:	0.081563	0.000000	0.000000	0.000000	0.451628	0.000000	0.466808	0.000000	0.000000
80	tsk_80	(x)	1	:	0.000000	0.000000	0.000000	0.414762	0.000000	0.000000	0.000000	0.585237	0.000000
81	tsk_81	(x)	1	:	0.000000	0.000000	0.000000	0.468298	0.000000	0.000000	0.000000	0.000000	0.531702
82	tsk_82	(x)	1	:	0.000000	0.000000	0.000000	1.000000	0.000000	0.000000	0.000000	0.000000	0.000000
83	tsk_83	(x)	1	:	0.092837	0.000000	0.000000	0.000000	0.233894	0.000000	0.000000	0.000000	0.673268
84	tsk_84	(x)	1	:	0.000000	0.000000	0.000000	0.561944	0.000000	0.000000	0.438056	0.000000	0.000000
85	tsk_85	(x)	1	:	0.004084	0.000000	0.413336	0.000000	0.030989	0.000000	0.093167	0.458424	0.000000
86	tsk_86	(x)	1	:	0.040090	0.000000	0.000000	0.538095	0.128121	0.000000	0.000000	0.000000	0.293694
87	tsk_87	(x)	1	:	0.000000	0.000000	0.000000	0.000000	0.000000	0.000000	0.000000	0.361515	0.638485
88	tsk_88	(x)	1	:	0.004556	0.000000	0.283154	0.000000	0.014513	0.065048	0.165442	0.467287	0.000000
89	tsk_89	(x)	1	:	0.081754	0.000000	0.000000	0.000000	0.244977	0.000000	0.000000	0.000000	0.673268
90	tsk_90	(x)	1	:	0.000000	0.000000	0.000000	0.000000	0.000000	1.000000	0.000000	0.000000	0.000000
91	tsk_91	(x)	1	:	0.000000	0.000000	0.000000	0.000000	0.000000	1.000000	0.000000	0.000000	0.000000
92	tsk_92	(x)	1	:	0.000000	0.000000	0.283709	0.000000	0.000000	0.065570	0.650721	0.000000	0.000000
93	tsk_93	(x)	1	:	0.000000	0.000000	0.000000	1.000000	0.000000	0.000000	0.000000	0.000000	0.000000
94	tsk_94	(x)	1	:	0.000000	0.000000	0.000000	1.000000	0.000000	0.000000	0.000000	0.000000	0.000000
95	tsk_95	(x)	1	:	0.000000	0.000000	0.000000	0.000000	0.000000	0.404195	0.595804	0.000000	0.000000
96	tsk_96	(x)	1	:	0.102599	0.000000	0.000000	0.000000	0.421673	0.472466	0.003262	0.000000	0.000000
97	tsk_97	(x)	1	:	0.114410	0.000000	0.000000	0.000000	0.412319	0.473271	0.000000	0.000000	0.000000
98	tsk_98	(x)	1	:	0.000000	0.000000	0.000000	1.000000	0.000000	0.000000	0.000000	0.000000	0.000000
99	tsk_99	(x)	1	:	0.000000	0.000000	0.000000	0.000000	0.000000	1.000000	0.000000	0.000000	0.000000
100	tsk_100	(x)	1	:	0.000000	0.000000	0.000000	0.000000	0.000000	0.475499	0.524501	0.000000	0.000000
101	tsk_101	(x)	1	:	0.000000	0.000000	0.411249	0.000000	0.000000	0.588751	0.000000	0.000000	0.000000
102	tsk_102	(x)	1	:	0.000740	0.000000	0.000000	0.000000	0.005323	0.000000	0.451860	0.000000	0.542077
103	tsk_103	(x)	1	:	0.000000	0.000000	0.553884	0.000000	0.000000	0.000000	0.446116	0.000000	0.000000
104	tsk_104	(x)	1	:	0.000775	0.000000	0.000000	0.000000	0.004998	0.000000	0.452037	0.000000	0.542190
105	tsk_105	(x)	1	:	0.083942	0.000000	0.000000	0.000000	0.449250	0.000000	0.466808	0.000000	0.000000
106	tsk_106	(x)	1	:	0.000000	0.000000	0.000000	0.000000	0.000000	0.000000	0.000000	0.000000	1.000000
107	tsk_107	(x)	1	:	0.000000	1.000000	0.000000	0.000000	0.000000	0.000000	0.000000	0.000000	0.000000
108	tsk_108	(x)	1	:	0.393222	0.000000	0.000000	0.000000	0.606778	0.000000	0.000000	0.000000	0.000000
109	tsk_109	(x)	1	:	0.326316	0.000000	0.000000	0.000000	0.673684	0.000000	0.000000	0.000000	0.000000
110	tsk_110	(x)	1	:	0.033862	0.000000	0.000000	0.000000	0.268687	0.000000	0.000000	0.000000	0.697451
111	tsk_111	(x)	1	:	0.078920	0.000000	0.546310	0.000000	0.081069	0.000000	0.000000	0.000000	0.293701
112	tsk_112	(x)	1	:	0.335634	0.000000	0.546313	0.000000	0.118052	0.000000	0.000000	0.000000	0.000000
113	tsk_113	(x)	1	:	0.078016	0.000000	0.584555	0.000000	0.043739	0.000000	0.000000	0.000000	0.293690
114	tsk_114	(x)	1	:	0.000000	0.000000	0.544344	0.455656	0.000000	0.000000	0.000001	0.000000	0.000000
115	tsk_115	(x)	1	:	0.167017	0.000000	0.000000	0.000000	0.539273	0.000000	0.000000	0.000000	0.293710
116	tsk_116	(x)	1	:	0.136336	0.000000	0.000000	0.000000	0.569954	0.000000	0.000000	0.000000	0.293710
117	tsk_117	(x)	1	:	0.000023	0.000000	0.000000	0.472389	0.000084	0.000000	0.000029	0.000000	0.527474
118	tsk_118	(x)	1	:	0.029908	0.000000	0.000000	0.482509	0.192040	0.000000	0.001791	0.000000	0.293752
119	tsk_119	(x)	1	:	0.341929	0.000000	0.546313	0.000000	0.111757	0.000000	0.000000	0.000000	0.000000
120	tsk_120	(x)	1	:	0.000000	0.000000	1.000000	0.000000	0.000000	0.000000	0.000000	0.000000	0.000000
121	tsk_121	(x)	1	:	0.000000	0.507777	0.000000	0.350285	0.000000	0.000000	0.141939	0.000000	0.000000
122	tsk_122	(x)	1	:	0.000000	0.000000	0.547619	0.452381	0.000000	0.000000	0.000000	0.000000	0.000000
123	tsk_123	(x)	1	:	0.000036	0.000000	0.000000	0.000000	0.000348	0.546774	0.000002	0.452841	0.000000
124	tsk_124	(x)	1	:	0.203304	0.000000	0.000000	0.000000	0.329887	0.000000	0.466808	0.000000	0.000000
125	tsk_125	(x)	1	:	0.057357	0.000000	0.000000	0.350297	0.180886	0.000000	0.117792	0.000000	0.293668
126	tsk_126	(x)	1	:	0.297576	0.000000	0.000000	0.000000	0.702424	0.000000	0.000000	0.000000	0.000000
127	tsk_127	(x)	1	:	0.232701	0.000000	0.000000	0.350289	0.299132	0.000000	0.117879	0.000000	0.000000
128	tsk_128	(x)	1	:	0.273342	0.000000	0.000000	0.000000	0.432948	0.000000	0.000000	0.000000	0.293710
129	tsk_129	(x)	1	:	0.297705	0.000000	0.538361	0.000000	0.163934	0.000000	0.000000	0.000000	0.000000
130	tsk_130	(x)	1	:	0.226722	0.000000	0.000000	0.536775	0.236497	0.000000	0.000006	0.000000	0.000000
131	tsk_131	(x)	1	:	0.000000	0.000000	0.000000	1.000000	0.000000	0.000000	0.000000	0.000000	0.000000
132	tsk_132	(x)	1	:	0.000000	0.506946	0.000000	0.000000	0.000000	0.474413	0.018640	0.000000	0.000000
133	tsk_133	(x)	1	:	0.000000	0.000000	0.000000	0.000000	0.000000	0.000000	1.000000	0.000000	0.000000
134	tsk_134	(x)	1	:	0.000000	0.505416	0.000000	0.486889	0.000000	0.000000	0.007694	0.000000	0.000000
135	tsk_135	(x)	1	:	0.000000	0.000000	0.000000	0.000000	0.000000	0.561075	0.438925	0.000000	0.000000
136	tsk_136	(x)	1	:	0.000000	0.508529	0.000000	0.000000	0.000000	0.000000	0.491471	0.000000	0.000000
137	tsk_137	(x)	1	:	0.000000	0.000000	0.000000	0.477572	0.000000	0.474791	0.047637	0.000000	0.000000
138	tsk_138	(x)	1	:	0.000000	0.000000	0.000000	0.488416	0.000000	0.474713	0.036870	0.000000	0.000000
139	tsk_139	(x)	1	:	0.019830	0.000000	0.414480	0.000000	0.219147	0.000000	0.052943	0.000000	0.293600
140	tsk_140	(x)	1	:	0.368345	0.000000	0.000000	0.000000	0.631655	0.000000	0.000000	0.000000	0.000000
141	tsk_141	(x)	1	:	0.134591	0.494344	0.000000	0.000000	0.370455	0.000000	0.000610	0.000000	0.000000
142	tsk_142	(x)	1	:	0.202920	0.000000	0.000000	0.000000	0.330272	0.000000	0.466808	0.000000	0.000000
143	tsk_143	(x)	1	:	0.224174	0.494543	0.000000	0.000000	0.281283	0.000000	0.000000	0.000000	0.000000
144	tsk_144	(x)	1	:	0.000000	0.505794	0.000000	0.487179	0.000000	0.000000	0.007027	0.000000	0.000000
145	tsk_145	(x)	1	:	0.110165	0.000000	0.000000	0.000000	0.423026	0.000000	0.466808	0.000000	0.000000
146	tsk_146	(x)	1	:	0.227758	0.494445	0.000000	0.000000	0.277495	0.000000	0.000302	0.000000	0.000000
147	tsk_147	(x)	1	:	0.099946	0.000000	0.000000	0.538103	0.361951	0.000000	0.000000	0.000000	0.000000
148	tsk_148	(x)	1	:	0.154796	0.000000	0.000000	0.000000	0.378396	0.000000	0.466808	0.000000	0.000000
149	tsk_149	(x)	1	:	0.000000	0.000000	0.000000	0.489313	0.000000	0.000000	0.510687	0.000000	0.000000
