logL = -1021.802026 (converged)
AIC = 5217.604052
BIC = 9995.482264

count.K
1 7 27 12 5 4 6 29 59 

