logL = -1510.028652 (converged)
AIC = 4710.057305
BIC = 7254.044128

count.K
28 31 33 47 11 

