logL = -749.806463 (converged)
AIC = 4403.612926
BIC = 8775.055373

count.K
8 1 35 30 0 14 40 17 5 

