logL = -2155.681927 (converged)
AIC = 4787.363854
BIC = 5503.895054

count.K
94 56 

