logL = -980.595128 (converged)
AIC = 4265.190256
BIC = 7733.442115

count.K
36 25 40 14 27 3 5 

