logL = -2314.329468 (converged)
AIC = 8018.658937
BIC = 13121.685760

count.K
14 6 19 39 17 7 4 25 19 

