0	tsk_0	(x)	1	:	0.000000	0.000000	0.000006	0.000000	0.507328	0.000000	0.000004	0.000000	0.000000	0.000004	0.492658
1	tsk_1	(x)	1	:	0.000000	0.000000	0.043494	0.000000	0.373914	0.000000	0.000000	0.000000	0.465753	0.081246	0.035592
2	tsk_2	(x)	1	:	0.000000	0.000000	0.047189	0.000000	0.373910	0.000000	0.000000	0.000000	0.465761	0.077561	0.035579
3	tsk_3	(x)	1	:	0.000000	0.431635	0.000000	0.000000	0.000000	0.084314	0.000000	0.000000	0.484051	0.000000	0.000000
4	tsk_4	(x)	1	:	0.000000	0.000000	0.396128	0.000000	0.373957	0.000000	0.000000	0.000000	0.000000	0.229915	0.000000
5	tsk_5	(x)	1	:	0.000000	0.000000	0.265207	0.000000	0.000000	0.000000	0.000000	0.000000	0.465778	0.233484	0.035531
6	tsk_6	(x)	1	:	0.000000	0.000000	0.066264	0.000000	0.373912	0.000000	0.000000	0.000000	0.465757	0.058482	0.035585
7	tsk_7	(x)	1	:	0.000000	0.000000	0.000000	0.000000	0.498105	0.000000	0.000000	0.501894	0.000000	0.000000	0.000000
8	tsk_8	(x)	1	:	0.000000	0.000000	0.072724	0.000000	0.373889	0.000000	0.000000	0.000000	0.465797	0.052068	0.035522
9	tsk_9	(x)	1	:	0.000000	0.000000	0.000000	0.000000	0.531518	0.000000	0.000000	0.000000	0.465941	0.000000	0.002542
10	tsk_10	(x)	1	:	0.466367	0.000000	0.046621	0.000000	0.373927	0.000000	0.000000	0.000000	0.000000	0.078120	0.034964
11	tsk_11	(x)	1	:	0.466262	0.000000	0.000000	0.000000	0.531347	0.000000	0.000000	0.000000	0.000000	0.000000	0.002391
12	tsk_12	(x)	1	:	0.000000	0.000000	0.000000	0.000000	1.000000	0.000000	0.000000	0.000000	0.000000	0.000000	0.000000
13	tsk_13	(x)	1	:	0.000000	0.000000	0.000000	0.000000	1.000000	0.000000	0.000000	0.000000	0.000000	0.000000	0.000000
14	tsk_14	(x)	1	:	0.000000	0.000000	0.221469	0.000000	0.615426	0.000000	0.000000	0.000000	0.000000	0.163106	0.000000
15	tsk_15	(x)	1	:	0.466282	0.000000	0.000000	0.000000	0.531359	0.000000	0.000000	0.000000	0.000000	0.000000	0.002359
16	tsk_16	(x)	1	:	0.000000	0.000000	0.282225	0.000000	0.000000	0.000000	0.000000	0.000000	0.465779	0.216466	0.035529
17	tsk_17	(x)	1	:	0.466368	0.000000	0.045980	0.000000	0.373926	0.000000	0.000000	0.000000	0.000000	0.078763	0.034963
18	tsk_18	(x)	1	:	0.466475	0.000000	0.312211	0.000000	0.000000	0.000000	0.000000	0.000000	0.000000	0.186520	0.034794
19	tsk_19	(x)	1	:	0.000000	0.000000	0.418917	0.000000	0.373957	0.000000	0.000000	0.000000	0.000000	0.207127	0.000000
20	tsk_20	(x)	1	:	0.450595	0.000000	0.145629	0.000000	0.000000	0.000000	0.000000	0.000000	0.000000	0.073920	0.329855
21	tsk_21	(x)	1	:	0.466488	0.000000	0.249755	0.000000	0.000000	0.000000	0.000000	0.000000	0.000000	0.248973	0.034783
22	tsk_22	(x)	1	:	0.000000	0.000000	0.129380	0.000000	0.000000	0.000000	0.000000	0.000000	0.540246	0.095233	0.235141
23	tsk_23	(x)	1	:	0.000000	0.000000	0.000000	0.000000	0.000000	0.000000	0.000000	0.000000	1.000000	0.000000	0.000000
24	tsk_24	(x)	1	:	0.450595	0.000000	0.127011	0.000000	0.000000	0.000000	0.000000	0.000000	0.000000	0.092538	0.329855
25	tsk_25	(x)	1	:	0.000000	0.000000	0.366156	0.000000	0.000000	0.000000	0.000000	0.000000	0.525669	0.108174	0.000000
26	tsk_26	(x)	1	:	0.000000	0.000000	0.353598	0.000000	0.000000	0.000000	0.000000	0.000000	0.000000	0.381817	0.264585
27	tsk_27	(x)	1	:	0.000000	0.000003	0.000000	0.000000	0.000000	0.427801	0.000000	0.000000	0.572196	0.000000	0.000000
28	tsk_28	(x)	1	:	0.000000	0.000000	0.450889	0.000000	0.000000	0.000000	0.000000	0.000000	0.465822	0.047814	0.035475
29	tsk_29	(x)	1	:	1.000000	0.000000	0.000000	0.000000	0.000000	0.000000	0.000000	0.000000	0.000000	0.000000	0.000000
30	tsk_30	(x)	1	:	0.000000	0.506384	0.000000	0.000000	0.000000	0.000111	0.000000	0.000000	0.000000	0.000000	0.493505
31	tsk_31	(x)	1	:	0.000000	0.496103	0.049383	0.000000	0.373934	0.000136	0.000000	0.000000	0.000000	0.076352	0.004092
32	tsk_32	(x)	1	:	0.000000	0.575297	0.000000	0.000000	0.000000	0.424703	0.000000	0.000000	0.000000	0.000000	0.000000
33	tsk_33	(x)	1	:	0.000000	0.524026	0.000000	0.000000	0.000000	0.000081	0.000000	0.000000	0.475892	0.000000	0.000000
34	tsk_34	(x)	1	:	0.000000	0.575298	0.000000	0.000000	0.000000	0.424702	0.000000	0.000000	0.000000	0.000000	0.000000
35	tsk_35	(x)	1	:	0.000000	0.485678	0.093822	0.000000	0.000000	0.000035	0.000000	0.000000	0.000000	0.127669	0.292796
36	tsk_36	(x)	1	:	0.000000	0.000000	0.400865	0.000000	0.000000	0.000000	0.000000	0.000000	0.465783	0.097828	0.035524
37	tsk_37	(x)	1	:	0.000000	0.496155	0.205434	0.000000	0.000000	0.000037	0.000000	0.000000	0.000000	0.294181	0.004192
38	tsk_38	(x)	1	:	0.000000	0.000003	0.000000	0.506730	0.000000	0.493267	0.000000	0.000000	0.000000	0.000000	0.000000
39	tsk_39	(x)	1	:	0.000000	0.523947	0.000000	0.000000	0.000000	0.000175	0.000000	0.000000	0.475878	0.000000	0.000000
40	tsk_40	(x)	1	:	0.000000	0.000000	0.107289	0.000000	0.000000	0.000000	0.000000	0.000000	0.000000	0.091494	0.801217
41	tsk_41	(x)	1	:	0.000000	0.000004	0.064720	0.000000	0.373931	0.484545	0.000000	0.000000	0.000000	0.060730	0.016071
42	tsk_42	(x)	1	:	0.000000	0.000000	0.000000	0.000000	0.000000	0.000000	0.000000	0.000063	0.000000	0.000000	0.999937
43	tsk_43	(x)	1	:	0.000000	0.000000	0.130547	0.000000	0.373981	0.000000	0.000000	0.000000	0.000000	0.094642	0.400831
44	tsk_44	(x)	1	:	0.000000	0.527208	0.073600	0.000000	0.373922	0.000000	0.000000	0.000000	0.000000	0.025269	0.000000
45	tsk_45	(x)	1	:	0.000000	0.000000	0.139525	0.000000	0.000000	0.000000	0.000000	0.000000	0.000000	0.059258	0.801217
46	tsk_46	(x)	1	:	0.000000	0.000000	0.000000	0.000000	0.000000	0.000000	0.000000	0.000000	0.000000	0.000000	1.000000
47	tsk_47	(x)	1	:	0.000000	0.000000	0.000032	0.000000	0.999946	0.000000	0.000000	0.000000	0.000000	0.000022	0.000000
48	tsk_48	(x)	1	:	0.000000	0.000000	0.000000	0.000000	0.000000	0.000000	0.000000	0.000062	0.000000	0.000000	0.999937
49	tsk_49	(x)	1	:	0.000000	0.000000	0.256412	0.000000	0.000000	0.000000	0.000000	0.000000	0.465786	0.242282	0.035520
50	tsk_50	(x)	1	:	0.000000	0.000000	0.000000	0.000000	0.000000	0.000000	0.000000	0.000000	0.480903	0.000000	0.519097
51	tsk_51	(x)	1	:	0.000000	0.000003	0.000000	0.000000	0.000000	0.496189	0.000000	0.000000	0.000010	0.000000	0.503798
52	tsk_52	(x)	1	:	0.000000	0.000000	0.382993	0.000000	0.000000	0.000000	0.000000	0.000000	0.000000	0.097378	0.519629
53	tsk_53	(x)	1	:	0.000000	0.000000	0.000000	0.000000	0.000000	0.000000	0.000000	0.000000	0.000000	0.000000	1.000000
54	tsk_54	(x)	1	:	0.000000	0.000000	0.288624	0.000000	0.000000	0.525728	0.000000	0.000000	0.000000	0.185648	0.000000
55	tsk_55	(x)	1	:	0.000000	0.000010	0.000000	0.000000	0.000000	0.999990	0.000000	0.000000	0.000000	0.000000	0.000000
56	tsk_56	(x)	1	:	0.000000	0.000000	0.000000	0.000000	0.000000	0.000000	0.000000	0.000000	0.000000	0.000000	1.000000
57	tsk_57	(x)	1	:	0.000000	0.000004	0.000000	0.000000	0.000000	0.496195	0.000000	0.000000	0.000000	0.000000	0.503801
58	tsk_58	(x)	1	:	0.000000	0.000000	0.000000	0.000000	0.000000	0.000000	0.000000	0.000000	0.000000	0.000000	1.000000
59	tsk_59	(x)	1	:	0.000000	0.000010	0.000000	0.000000	0.000000	0.999990	0.000000	0.000000	0.000000	0.000000	0.000000
60	tsk_60	(x)	1	:	0.479772	0.000006	0.000000	0.000000	0.000000	0.494927	0.000000	0.000000	0.000000	0.000000	0.025295
61	tsk_61	(x)	1	:	0.000000	0.000000	0.000110	0.000000	0.000000	0.000000	0.739945	0.000000	0.000000	0.000079	0.259865
62	tsk_62	(x)	1	:	0.526372	0.000000	0.181243	0.000000	0.000000	0.000000	0.000000	0.000000	0.000000	0.292385	0.000000
63	tsk_63	(x)	1	:	0.000000	0.000000	0.089736	0.000000	0.000000	0.000000	0.000000	0.000000	0.000000	0.109047	0.801217
64	tsk_64	(x)	1	:	0.000000	0.000003	0.000000	0.000000	0.000000	0.496196	0.000000	0.000000	0.000000	0.000000	0.503801
65	tsk_65	(x)	1	:	0.569518	0.000000	0.000000	0.000000	0.000000	0.000000	0.000000	0.000000	0.000000	0.000000	0.430482
66	tsk_66	(x)	1	:	0.541728	0.000000	0.077962	0.000000	0.000000	0.000000	0.000000	0.000000	0.000000	0.146737	0.233572
67	tsk_67	(x)	1	:	0.000000	0.000000	0.210555	0.000000	0.373976	0.000000	0.000000	0.000000	0.000000	0.150882	0.264588
68	tsk_68	(x)	1	:	0.541728	0.000000	0.055156	0.000000	0.000000	0.000000	0.000000	0.000000	0.000000	0.169543	0.233572
69	tsk_69	(x)	1	:	1.000000	0.000000	0.000000	0.000000	0.000000	0.000000	0.000000	0.000000	0.000000	0.000000	0.000000
70	tsk_70	(x)	1	:	0.479767	0.000002	0.000000	0.000000	0.000000	0.494933	0.000000	0.000000	0.000001	0.000000	0.025297
71	tsk_71	(x)	1	:	0.479771	0.000005	0.000000	0.000000	0.000000	0.494929	0.000000	0.000000	0.000000	0.000000	0.025296
72	tsk_72	(x)	1	:	0.479769	0.000002	0.000000	0.000000	0.000000	0.494932	0.000000	0.000000	0.000000	0.000000	0.025297
73	tsk_73	(x)	1	:	1.000000	0.000000	0.000000	0.000000	0.000000	0.000000	0.000000	0.000000	0.000000	0.000000	0.000000
74	tsk_74	(x)	1	:	0.000000	0.000000	0.000000	0.000000	0.000000	0.000000	0.000000	0.000000	0.000000	0.000000	1.000000
75	tsk_75	(x)	1	:	0.000000	0.000024	0.000000	0.000000	0.000000	0.999976	0.000000	0.000000	0.000000	0.000000	0.000000
76	tsk_76	(x)	1	:	0.534571	0.000004	0.000000	0.000000	0.000000	0.465426	0.000000	0.000000	0.000000	0.000000	0.000000
77	tsk_77	(x)	1	:	0.481525	0.000000	0.000000	0.000000	0.000000	0.000000	0.000000	0.000000	0.000000	0.000000	0.518475
78	tsk_78	(x)	1	:	0.534571	0.000006	0.000000	0.000000	0.000000	0.465422	0.000000	0.000000	0.000000	0.000000	0.000000
79	tsk_79	(x)	1	:	0.494235	0.505765	0.000000	0.000000	0.000000	0.000000	0.000000	0.000000	0.000000	0.000000	0.000000
80	tsk_80	(x)	1	:	0.000000	0.460988	0.000000	0.000000	0.000000	0.000485	0.000000	0.060091	0.000000	0.000000	0.478436
81	tsk_81	(x)	1	:	0.000000	0.000000	0.335257	0.000000	0.000000	0.525728	0.000000	0.000000	0.000000	0.139015	0.000000
82	tsk_82	(x)	1	:	0.000000	0.484976	0.204620	0.000000	0.000000	0.003272	0.000000	0.000000	0.000000	0.294989	0.012143
83	tsk_83	(x)	1	:	0.000000	0.000000	0.000000	0.000000	0.000000	1.000000	0.000000	0.000000	0.000000	0.000000	0.000000
84	tsk_84	(x)	1	:	0.000000	0.484697	0.252140	0.000000	0.000000	0.003614	0.000000	0.000000	0.000000	0.247482	0.012066
85	tsk_85	(x)	1	:	0.000000	0.298498	0.000000	0.000000	0.000000	0.701502	0.000000	0.000000	0.000000	0.000000	0.000000
86	tsk_86	(x)	1	:	0.000000	0.000004	0.264000	0.000000	0.000000	0.484562	0.000000	0.000000	0.000000	0.235404	0.016030
87	tsk_87	(x)	1	:	0.531070	0.468690	0.000000	0.000000	0.000000	0.000240	0.000000	0.000000	0.000000	0.000000	0.000000
88	tsk_88	(x)	1	:	0.000000	0.485131	0.196093	0.000000	0.000000	0.003061	0.000000	0.000000	0.000000	0.303479	0.012235
89	tsk_89	(x)	1	:	0.000000	0.000000	0.281023	0.000000	0.000000	0.525728	0.000000	0.000000	0.000000	0.193250	0.000000
90	tsk_90	(x)	1	:	0.000000	0.000000	0.239611	0.000000	0.000000	0.000000	0.000000	0.000000	0.000000	0.760389	0.000000
91	tsk_91	(x)	1	:	0.000000	0.000000	0.311866	0.000000	0.000000	0.000000	0.000000	0.000000	0.525669	0.162465	0.000000
92	tsk_92	(x)	1	:	0.000000	0.000000	0.260961	0.000000	0.000000	0.000000	0.434609	0.000000	0.000000	0.304430	0.000000
93	tsk_93	(x)	1	:	0.000000	0.000000	0.337928	0.000000	0.000000	0.000000	0.000000	0.000000	0.519803	0.142269	0.000000
94	tsk_94	(x)	1	:	0.000000	0.000000	0.375791	0.000000	0.000000	0.000000	0.000000	0.000000	0.000000	0.104580	0.519629
95	tsk_95	(x)	1	:	0.000000	0.000000	0.326456	0.000000	0.000000	0.000000	0.000000	0.000000	0.525669	0.147875	0.000000
96	tsk_96	(x)	1	:	0.000000	0.000000	0.629642	0.000000	0.000000	0.000000	0.000000	0.000000	0.000000	0.370358	0.000000
97	tsk_97	(x)	1	:	0.465059	0.000000	0.000000	0.000000	0.000000	0.000000	0.000000	0.469886	0.000000	0.000000	0.065055
98	tsk_98	(x)	1	:	0.000000	0.000000	0.128631	0.000000	0.000000	0.000000	0.000000	0.000000	0.525669	0.345700	0.000000
99	tsk_99	(x)	1	:	0.526372	0.000000	0.280695	0.000000	0.000000	0.000000	0.000000	0.000000	0.000000	0.192933	0.000000
100	tsk_100	(x)	1	:	0.000000	0.000000	0.761336	0.000000	0.000000	0.000000	0.000000	0.000000	0.000000	0.238664	0.000000
101	tsk_101	(x)	1	:	0.000000	0.000000	0.615046	0.000000	0.000000	0.000000	0.000000	0.000000	0.000000	0.384954	0.000000
102	tsk_102	(x)	1	:	0.000000	0.000000	0.000000	0.000000	0.000000	0.000000	0.000000	1.000000	0.000000	0.000000	0.000000
103	tsk_103	(x)	1	:	0.000000	0.000000	0.016880	0.000000	0.000000	0.000000	0.000000	0.533902	0.000000	0.449217	0.000000
104	tsk_104	(x)	1	:	0.000000	0.000000	0.694015	0.000000	0.000000	0.000000	0.000000	0.000000	0.000000	0.305985	0.000000
105	tsk_105	(x)	1	:	0.000000	0.000000	0.411200	0.000000	0.000000	0.000000	0.000000	0.484769	0.000000	0.104031	0.000000
106	tsk_106	(x)	1	:	0.000000	0.000000	0.000000	0.000000	0.000000	0.000000	0.000000	1.000000	0.000000	0.000000	0.000000
107	tsk_107	(x)	1	:	0.000000	0.000000	0.698175	0.000000	0.000000	0.000000	0.000000	0.000000	0.000000	0.301825	0.000000
108	tsk_108	(x)	1	:	0.000000	0.000000	0.394843	0.000000	0.000000	0.000000	0.000000	0.000000	0.465765	0.103844	0.035548
109	tsk_109	(x)	1	:	0.000000	0.000000	0.231616	0.000000	0.000000	0.000000	0.000000	0.000000	0.525669	0.242715	0.000000
110	tsk_110	(x)	1	:	0.000000	0.000000	0.283203	0.000000	0.000000	0.000000	0.000000	0.000000	0.465784	0.215491	0.035522
111	tsk_111	(x)	1	:	0.000000	0.000000	0.619139	0.000000	0.000000	0.000000	0.000000	0.000000	0.000000	0.380860	0.000000
112	tsk_112	(x)	1	:	0.000000	0.000001	0.401889	0.000000	0.000000	0.484573	0.000000	0.000000	0.000000	0.097513	0.016023
113	tsk_113	(x)	1	:	0.000000	0.000000	0.564907	0.000000	0.000000	0.000000	0.000000	0.000000	0.000000	0.435093	0.000000
114	tsk_114	(x)	1	:	0.000000	0.000005	0.000000	0.000000	0.000000	0.496194	0.000000	0.000000	0.000000	0.000000	0.503801
115	tsk_115	(x)	1	:	0.000000	0.000000	0.823973	0.000000	0.000000	0.000000	0.000000	0.000000	0.000000	0.176027	0.000000
116	tsk_116	(x)	1	:	0.000000	0.000000	0.426872	0.000000	0.000000	0.000000	0.000000	0.000000	0.465787	0.071822	0.035518
117	tsk_117	(x)	1	:	0.000000	0.000000	0.882616	0.000000	0.000000	0.000000	0.000000	0.000000	0.000000	0.117384	0.000000
118	tsk_118	(x)	1	:	0.000000	0.000006	0.000000	0.000000	0.000000	0.514056	0.000000	0.000000	0.485937	0.000000	0.000000
119	tsk_119	(x)	1	:	0.000000	0.000000	0.863209	0.000000	0.000000	0.000000	0.000000	0.000000	0.000000	0.136791	0.000000
120	tsk_120	(x)	1	:	0.000000	0.000000	0.694790	0.000000	0.000000	0.000000	0.000000	0.000000	0.000000	0.305209	0.000000
121	tsk_121	(x)	1	:	0.000000	0.000000	0.275416	0.000000	0.000000	0.000000	0.493433	0.000000	0.000000	0.231151	0.000000
122	tsk_122	(x)	1	:	0.000000	0.000000	0.629921	0.000000	0.000000	0.000000	0.000000	0.000000	0.000000	0.370079	0.000000
123	tsk_123	(x)	1	:	0.000000	0.488032	0.173467	0.000000	0.000000	0.005745	0.000000	0.000000	0.000000	0.332756	0.000000
124	tsk_124	(x)	1	:	0.000000	0.000000	0.832021	0.000000	0.000000	0.000000	0.000000	0.000000	0.000000	0.167979	0.000000
125	tsk_125	(x)	1	:	0.000000	0.000000	0.352173	0.000000	0.000000	0.000000	0.493644	0.000000	0.000000	0.154182	0.000000
126	tsk_126	(x)	1	:	0.000000	0.000000	0.298341	0.000000	0.000000	0.525728	0.000000	0.000000	0.000000	0.175931	0.000000
127	tsk_127	(x)	1	:	0.000000	0.000000	0.317751	0.000000	0.000000	0.000000	0.000000	0.000000	0.000000	0.162620	0.519629
128	tsk_128	(x)	1	:	0.000000	0.000000	0.342184	0.000000	0.000000	0.000000	0.493666	0.000000	0.000000	0.164150	0.000000
129	tsk_129	(x)	1	:	0.000000	0.000000	0.000171	0.000000	0.000000	0.000000	0.481965	0.000000	0.000000	0.000205	0.517659
130	tsk_130	(x)	1	:	0.000000	0.000000	0.562227	0.000000	0.000000	0.000000	0.000000	0.000000	0.000000	0.437773	0.000000
131	tsk_131	(x)	1	:	0.000000	0.000000	0.835809	0.000000	0.000000	0.000000	0.000000	0.000000	0.000000	0.164191	0.000000
132	tsk_132	(x)	1	:	0.000000	0.000005	0.312419	0.000000	0.000000	0.484568	0.000000	0.000000	0.000000	0.186988	0.016019
133	tsk_133	(x)	1	:	0.000000	0.000000	0.588567	0.000000	0.000000	0.000000	0.000000	0.000000	0.000000	0.411433	0.000000
134	tsk_134	(x)	1	:	0.000000	0.000000	0.659898	0.000000	0.000000	0.000000	0.000000	0.000000	0.000000	0.340102	0.000000
135	tsk_135	(x)	1	:	0.000000	0.000000	0.661483	0.000000	0.000000	0.000000	0.000000	0.000000	0.000000	0.338517	0.000000
136	tsk_136	(x)	1	:	0.000000	0.000000	0.720050	0.000000	0.000000	0.000000	0.000000	0.000000	0.000000	0.279950	0.000000
137	tsk_137	(x)	1	:	0.000000	0.000000	0.369490	0.000000	0.000000	0.000000	0.000000	0.000000	0.525669	0.104841	0.000000
138	tsk_138	(x)	1	:	0.000000	0.000000	0.836276	0.000000	0.000000	0.000000	0.000000	0.000000	0.000000	0.163724	0.000000
139	tsk_139	(x)	1	:	0.000000	0.000000	0.360085	0.000000	0.000000	0.000000	0.000000	0.000000	0.000000	0.639915	0.000000
140	tsk_140	(x)	1	:	0.000000	0.000000	0.000000	0.498592	0.000000	0.000000	0.492467	0.000000	0.000000	0.000000	0.008941
141	tsk_141	(x)	1	:	0.000000	0.000000	0.097504	0.000000	0.373902	0.000000	0.000000	0.484797	0.000000	0.043798	0.000000
142	tsk_142	(x)	1	:	0.000000	0.000000	0.147478	0.000000	0.373608	0.000000	0.431609	0.000000	0.000000	0.047305	0.000000
143	tsk_143	(x)	1	:	0.000000	0.000000	0.005898	0.531430	0.000000	0.000000	0.000000	0.000000	0.000000	0.462672	0.000000
144	tsk_144	(x)	1	:	0.000000	0.000000	0.000000	1.000000	0.000000	0.000000	0.000000	0.000000	0.000000	0.000000	0.000000
145	tsk_145	(x)	1	:	0.000000	0.000000	0.244556	0.490630	0.000000	0.000000	0.000000	0.000000	0.000000	0.255115	0.009698
146	tsk_146	(x)	1	:	0.000000	0.000000	0.000000	1.000000	0.000000	0.000000	0.000000	0.000000	0.000000	0.000000	0.000000
147	tsk_147	(x)	1	:	0.000000	0.000000	0.252010	0.490861	0.000000	0.000000	0.000000	0.000000	0.000000	0.247828	0.009301
148	tsk_148	(x)	1	:	0.000000	0.000000	0.660732	0.000000	0.000000	0.000000	0.000000	0.000000	0.000000	0.339267	0.000000
149	tsk_149	(x)	1	:	0.000000	0.000000	0.003637	0.000000	0.000000	0.000000	0.000000	0.533903	0.000000	0.462460	0.000000
