logL = -5249.380304 (converged)
AIC = 13418.760608
BIC = 17814.288137

count.K
12 4 9 25 43 36 21 

