logL = -821.956888 (converged)
AIC = 5143.913776
BIC = 10412.525540

count.K
25 13 49 7 5 2 25 18 4 2 

