logL = -856.013676 (converged)
AIC = 6620.027351
BIC = 14008.126363

count.K
14 14 15 30 14 1 17 16 4 11 2 1 4 7 

