logL = -1131.872832 (converged)
AIC = 5863.745664
BIC = 11282.889194

count.K
10 3 0 11 7 17 29 35 29 9 

