logL = -1139.226777 (converged)
AIC = 6490.453554
BIC = 12830.851483

count.K
12 14 24 11 4 36 2 5 6 26 9 1 

