logL = -1899.179907 (converged)
AIC = 4242.359814
BIC = 4910.720849

count.K
75 75 

