logL = -1191.665711 (converged)
AIC = 6643.331423
BIC = 13055.984599

count.K
48 13 5 26 5 11 3 6 7 1 12 13 

