logL = -888.902090 (converged)
AIC = 6417.804180
BIC = 13402.478062

count.K
3 27 4 3 16 2 37 1 21 3 19 13 1 

