logL = -1455.896138 (converged)
AIC = 4867.792276
BIC = 7812.193593

count.K
46 6 57 15 19 7 

