logL = -832.597673 (converged)
AIC = 6795.195346
BIC = 14517.474875

count.K
4 6 4 9 6 14 2 4 29 2 9 31 22 5 3 

