logL = -977.047216 (converged)
AIC = 7174.094432
BIC = 15031.852550

count.K
6 2 5 7 5 69 23 1 3 1 1 17 4 1 5 

