logL = -847.132071 (converged)
AIC = 2090.264142
BIC = 2686.369930

count.K
96 54 

