logL = -1841.782807 (converged)
AIC = 4135.565615
BIC = 4815.969191

count.K
90 60 

