logL = -1506.580037 (converged)
AIC = 4217.160074
BIC = 6029.562521

count.K
13 41 60 36 

