logL = -1247.123823 (converged)
AIC = 4064.247647
BIC = 6427.596353

count.K
13 18 52 59 8 

