logL = -2698.632576 (converged)
AIC = 5881.265152
BIC = 6609.838893

count.K
80 70 

