logL = -2099.223499 (converged)
AIC = 4654.446998
BIC = 5340.871845

count.K
103 47 

