logL = -1426.773786 (converged)
AIC = 4041.547572
BIC = 5829.864937

count.K
61 11 50 28 

