logL = -1160.483837 (converged)
AIC = 5860.967674
BIC = 11189.792145

count.K
21 10 7 6 52 3 2 22 18 9 

