logL = -2964.774925 (converged)
AIC = 6409.549850
BIC = 7132.102320

count.K
69 81 

