logL = -1681.335126 (converged)
AIC = 7506.670252
BIC = 13744.706581

count.K
6 7 6 34 1 23 12 2 0 47 12 

