logL = -617.619891 (converged)
AIC = 2725.239781
BIC = 4968.163075

count.K
75 13 9 24 29 

