logL = -926.015059 (converged)
AIC = 3772.030118
BIC = 6662.240000

count.K
37 22 33 30 8 20 

