logL = -1622.419999 (converged)
AIC = 6080.839997
BIC = 10349.920844

count.K
27 19 45 3 18 6 18 14 

