logL = -2782.680124 (converged)
AIC = 9885.360249
BIC = 16388.332484

count.K
6 4 13 1 42 23 15 27 6 10 3 

