logL = -795.740723 (converged)
AIC = 4495.481445
BIC = 8866.923892

count.K
12 36 11 23 39 7 12 1 9 

