logL = -1297.794493 (converged)
AIC = 6095.588987
BIC = 11364.200751

count.K
1 60 10 2 15 19 15 11 10 7 

