logL = -2017.437049 (converged)
AIC = 4928.874097
BIC = 6274.628074

count.K
45 47 58 

