logL = -4085.262400 (converged)
AIC = 8678.524801
BIC = 9443.226166

count.K
45 105 

