logL = -909.940406 (converged)
AIC = 7459.880812
BIC = 15949.872342

count.K
3 1 56 25 2 2 6 21 5 4 3 1 3 17 1 

