logL = -950.415191 (converged)
AIC = 6540.830383
BIC = 13525.504265

count.K
11 24 55 4 0 5 5 5 3 5 8 0 25 

