logL = -951.605735 (converged)
AIC = 2343.211469
BIC = 3005.551234

count.K
135 15 

