logL = -1457.758861 (converged)
AIC = 6161.517722
BIC = 11047.778804

count.K
3 57 3 5 13 36 15 14 4 

