logL = -1120.833977 (converged)
AIC = 4629.667955
BIC = 8224.366496

count.K
18 23 20 9 23 27 30 

