logL = -1977.490494 (converged)
AIC = 4482.980988
BIC = 5277.788706

count.K
127 23 

