logL = -565.365899 (converged)
AIC = 4270.731799
BIC = 8997.429211

count.K
1 20 3 8 83 6 22 3 2 2 

