logL = -1949.382080 (converged)
AIC = 4358.764160
BIC = 5051.210278

count.K
63 87 

