logL = -4173.105060 (converged)
AIC = 9814.210119
BIC = 12024.016425

count.K
5 49 14 82 

