logL = -1214.868227 (converged)
AIC = 6289.736453
BIC = 12100.262571

count.K
27 7 4 54 8 1 10 21 13 5 

