logL = -1318.538938 (converged)
AIC = 5441.077877
BIC = 9661.988559

count.K
3 4 7 22 54 14 9 37 

