logL = -821.025779 (converged)
AIC = 3550.051557
BIC = 6422.197628

count.K
15 23 40 36 29 7 

