logL = -1358.904520 (converged)
AIC = 5133.809040
BIC = 8770.656476

count.K
32 52 7 3 8 38 10 

