logL = -1020.475717 (converged)
AIC = 5034.951434
BIC = 9541.872469

count.K
36 3 9 19 6 7 25 37 8 

