logL = -2155.332032 (converged)
AIC = 4782.664064
BIC = 5493.173994

count.K
59 91 

