logL = -1723.208225 (converged)
AIC = 3894.416451
BIC = 4568.798757

count.K
40 110 

