logL = -781.658218 (converged)
AIC = 6099.316437
BIC = 12927.437284

count.K
9 27 4 6 4 16 3 23 10 1 2 25 20 

