logL = -2297.606687 (converged)
AIC = 5495.213373
BIC = 6849.999256

count.K
12 72 66 

