logL = -812.660340 (converged)
AIC = 5241.320680
BIC = 10684.549292

count.K
15 36 3 8 6 33 19 1 4 11 14 

