logL = -1050.543834 (converged)
AIC = 7651.087668
BIC = 16005.600609

count.K
13 17 0 6 5 3 12 6 7 9 10 29 25 1 7 

