logL = -745.250866 (converged)
AIC = 5084.501731
BIC = 10494.613355

count.K
3 16 37 2 19 13 35 11 1 6 7 

