logL = -812.941412 (converged)
AIC = 6589.882824
BIC = 14062.279624

count.K
2 6 10 37 18 2 3 7 13 2 3 23 21 3 

