logL = -1923.012066 (converged)
AIC = 7308.024132
BIC = 12519.433826

count.K
35 9 19 17 12 18 36 1 3 

