logL = -2377.559403 (converged)
AIC = 5691.118806
BIC = 7100.096123

count.K
104 26 20 

