logL = -1816.665166 (converged)
AIC = 5223.330332
BIC = 7616.785391

count.K
39 11 20 49 31 

