logL = -1986.232979 (converged)
AIC = 9692.465959
BIC = 18302.882900

count.K
1 26 24 16 3 17 1 13 13 1 2 31 2 0 

