logL = -1567.091799 (converged)
AIC = 5042.183597
BIC = 7914.329668

count.K
9 31 3 10 58 39 

