logL = -1682.364133 (converged)
AIC = 3804.728266
BIC = 4467.068031

count.K
50 100 

