logL = -968.368370 (converged)
AIC = 6368.736740
BIC = 13040.304552

count.K
12 11 5 2 16 1 14 5 0 50 0 16 18 

