logL = -488.202619 (converged)
AIC = 4746.405238
BIC = 10421.452767

count.K
1 2 7 2 3 11 1 10 16 96 1 

