logL = -1569.410484 (converged)
AIC = 4390.820969
BIC = 6275.478663

count.K
19 62 24 45 

