logL = -1708.905607 (converged)
AIC = 5337.811214
BIC = 8228.021096

count.K
52 22 8 29 26 13 

