logL = -3841.579516 (converged)
AIC = 10919.159033
BIC = 15790.366939

count.K
32 19 26 14 4 8 9 38 

