logL = -1129.752574 (converged)
AIC = 6847.505147
BIC = 13753.902512

count.K
12 7 4 10 16 6 6 4 8 11 40 1 25 

