logL = -1407.130129 (converged)
AIC = 6738.260259
BIC = 12645.126706

count.K
21 25 3 31 6 2 23 1 15 7 16 

