logL = -1163.522858 (converged)
AIC = 5429.045717
BIC = 10098.541058

count.K
1 3 22 4 71 11 0 27 11 

