logL = -777.772819 (converged)
AIC = 6835.545638
BIC = 14783.622814

count.K
0 1 4 2 11 4 9 22 27 12 3 19 5 29 2 

