logL = -2049.175201 (converged)
AIC = 4986.350402
BIC = 6323.072472

count.K
25 60 65 

