logL = -1903.688683 (converged)
AIC = 6139.377366
BIC = 9649.778119

count.K
12 35 28 4 16 37 18 

