logL = -932.229667 (converged)
AIC = 7108.459333
BIC = 15002.345074

count.K
3 1 11 12 0 19 21 3 5 2 1 61 4 7 

