logL = -1057.563700 (converged)
AIC = 2919.127401
BIC = 4129.402789

count.K
63 11 76 

