logL = -1707.841628 (converged)
AIC = 4659.683257
BIC = 6532.298410

count.K
49 34 24 43 

