logL = -788.424337 (converged)
AIC = 4588.848674
BIC = 9122.865427

count.K
17 3 4 9 44 29 4 36 4 

