logL = -489.743585 (converged)
AIC = 3639.487170
BIC = 7643.632112

count.K
3 1 10 6 15 1 16 98 

