0	tsk_0	(x)	1	:	0.000000	0.000000	0.000000	0.000000	0.000000	0.000000	0.000000	0.000000	0.514697	0.000000	0.000000	0.481731	0.000000	0.003572
1	tsk_1	(x)	1	:	0.000000	0.000021	0.000000	0.467834	0.528107	0.000000	0.000000	0.000000	0.000000	0.000000	0.000000	0.004038	0.000000	0.000000
2	tsk_2	(x)	1	:	0.000000	0.000000	0.000000	0.000000	1.000000	0.000000	0.000000	0.000000	0.000000	0.000000	0.000000	0.000000	0.000000	0.000000
3	tsk_3	(x)	1	:	0.000000	0.000020	0.000000	0.467837	0.528110	0.000000	0.000000	0.000000	0.000000	0.000000	0.000000	0.004033	0.000000	0.000000
4	tsk_4	(x)	1	:	0.000000	0.000000	0.000000	0.000000	1.000000	0.000000	0.000000	0.000000	0.000000	0.000000	0.000000	0.000000	0.000000	0.000000
5	tsk_5	(x)	1	:	0.000000	0.000002	0.000000	0.000000	0.499997	0.000000	0.000000	0.000000	0.499994	0.000000	0.000000	0.000000	0.000000	0.000008
6	tsk_6	(x)	1	:	0.000000	0.000023	0.000000	0.000000	0.533878	0.000000	0.000000	0.000000	0.000000	0.000000	0.000000	0.466099	0.000000	0.000000
7	tsk_7	(x)	1	:	0.000000	0.417858	0.000000	0.000000	0.582142	0.000000	0.000000	0.000000	0.000000	0.000000	0.000000	0.000000	0.000000	0.000000
8	tsk_8	(x)	1	:	0.000000	0.000028	0.000000	0.000000	0.533875	0.000000	0.000000	0.000000	0.000000	0.000000	0.000000	0.466097	0.000000	0.000000
9	tsk_9	(x)	1	:	0.000000	0.000002	0.000000	0.000000	0.465816	0.534181	0.000000	0.000000	0.000000	0.000000	0.000000	0.000000	0.000000	0.000000
10	tsk_10	(x)	1	:	0.000000	0.000000	0.000000	0.000000	0.000000	0.000000	0.000000	0.000000	0.514720	0.000000	0.000000	0.481742	0.000000	0.003538
11	tsk_11	(x)	1	:	0.000000	0.000000	0.412784	0.587216	0.000000	0.000000	0.000000	0.000000	0.000000	0.000000	0.000000	0.000000	0.000000	0.000000
12	tsk_12	(x)	1	:	0.000000	0.000000	0.000000	0.516671	0.000000	0.000000	0.483313	0.000000	0.000000	0.000016	0.000000	0.000000	0.000000	0.000000
13	tsk_13	(x)	1	:	0.000000	0.000000	0.000000	1.000000	0.000000	0.000000	0.000000	0.000000	0.000000	0.000000	0.000000	0.000000	0.000000	0.000000
14	tsk_14	(x)	1	:	0.000000	0.000000	0.000000	0.000000	0.000000	0.000000	0.496522	0.000000	0.503425	0.000007	0.000000	0.000000	0.000000	0.000046
15	tsk_15	(x)	1	:	0.000000	0.000000	0.000000	0.000000	0.000000	0.454940	0.505876	0.000000	0.000000	0.000011	0.000000	0.039173	0.000000	0.000000
16	tsk_16	(x)	1	:	0.000000	0.000000	0.000000	0.000000	0.000000	0.000000	0.999875	0.000000	0.000000	0.000125	0.000000	0.000000	0.000000	0.000000
17	tsk_17	(x)	1	:	0.000000	0.000000	0.000000	0.000000	0.000000	0.000000	0.000000	0.000000	1.000000	0.000000	0.000000	0.000000	0.000000	0.000000
18	tsk_18	(x)	1	:	0.000000	0.000000	0.000000	0.518079	0.000000	0.000000	0.000000	0.000000	0.481920	0.000000	0.000000	0.000000	0.000000	0.000001
19	tsk_19	(x)	1	:	0.000000	0.000000	0.000000	0.000000	0.000000	0.000000	0.000000	0.000000	1.000000	0.000000	0.000000	0.000000	0.000000	0.000000
20	tsk_20	(x)	1	:	0.000000	0.000000	0.000000	0.000000	0.000000	0.000000	0.000000	0.000000	0.000000	0.000000	0.000000	1.000000	0.000000	0.000000
21	tsk_21	(x)	1	:	0.000000	0.000000	0.000000	0.000000	0.000000	0.000000	0.000000	0.000000	0.519076	0.000000	0.000000	0.000000	0.000000	0.480924
22	tsk_22	(x)	1	:	0.000000	0.000000	0.000000	0.000000	0.000000	0.000000	0.000000	0.000000	0.000000	0.000000	0.000000	1.000000	0.000000	0.000000
23	tsk_23	(x)	1	:	0.000000	0.000002	0.000000	0.000000	0.499997	0.000000	0.000000	0.000000	0.499994	0.000000	0.000000	0.000000	0.000000	0.000007
24	tsk_24	(x)	1	:	0.000000	0.000000	0.000000	0.000000	0.000000	0.000000	0.000000	0.000000	0.409274	0.000000	0.000000	0.000000	0.000000	0.590726
25	tsk_25	(x)	1	:	0.000000	0.000000	0.000000	0.000000	0.000000	0.000271	0.000000	0.000000	0.513924	0.000000	0.000000	0.481035	0.000000	0.004769
26	tsk_26	(x)	1	:	0.000000	0.000000	0.000000	0.000000	0.000000	0.000000	0.000000	0.000000	0.514700	0.000000	0.000000	0.481732	0.000000	0.003568
27	tsk_27	(x)	1	:	0.000000	0.000000	0.000000	0.000000	0.000000	0.000000	0.000000	0.000000	0.000000	0.000000	0.000000	0.427670	0.000000	0.572330
28	tsk_28	(x)	1	:	0.000000	0.140054	0.254478	0.000000	0.577361	0.000000	0.000000	0.000000	0.000000	0.000000	0.000000	0.028107	0.000000	0.000000
29	tsk_29	(x)	1	:	0.000000	0.000000	0.000000	0.000000	0.000000	0.000000	0.000000	0.000000	0.000000	0.000000	0.000000	1.000000	0.000000	0.000000
30	tsk_30	(x)	1	:	0.000000	0.417858	0.000000	0.000000	0.582142	0.000000	0.000000	0.000000	0.000000	0.000000	0.000000	0.000000	0.000000	0.000000
31	tsk_31	(x)	1	:	0.000000	0.000000	0.000000	0.000000	0.000000	0.000000	0.476118	0.000000	0.000000	0.000001	0.000000	0.523881	0.000000	0.000000
32	tsk_32	(x)	1	:	0.497817	0.000000	0.000000	0.000000	0.000000	0.000000	0.499300	0.000000	0.000000	0.000006	0.000000	0.000000	0.000000	0.002876
33	tsk_33	(x)	1	:	0.000000	0.000005	0.495964	0.000000	0.504031	0.000000	0.000000	0.000000	0.000000	0.000000	0.000000	0.000000	0.000000	0.000000
34	tsk_34	(x)	1	:	0.487234	0.000000	0.000000	0.000000	0.000000	0.000000	0.000000	0.000000	0.512766	0.000000	0.000000	0.000000	0.000000	0.000000
35	tsk_35	(x)	1	:	0.495640	0.000003	0.000000	0.000000	0.503611	0.000000	0.000000	0.000000	0.000000	0.000000	0.000000	0.000000	0.000000	0.000746
36	tsk_36	(x)	1	:	0.000000	0.000000	0.000000	0.000000	0.469835	0.000000	0.000000	0.000000	0.000000	0.000000	0.000000	0.000000	0.000000	0.530165
37	tsk_37	(x)	1	:	0.000000	0.000000	0.000000	0.000000	1.000000	0.000000	0.000000	0.000000	0.000000	0.000000	0.000000	0.000000	0.000000	0.000000
38	tsk_38	(x)	1	:	0.000000	0.000000	0.000000	0.000000	1.000000	0.000000	0.000000	0.000000	0.000000	0.000000	0.000000	0.000000	0.000000	0.000000
39	tsk_39	(x)	1	:	0.000000	0.000000	0.000000	0.000000	0.471149	0.000000	0.000000	0.000000	0.000000	0.000000	0.000000	0.000000	0.000000	0.528851
40	tsk_40	(x)	1	:	0.000000	0.502263	0.000000	0.470768	0.000000	0.000000	0.000000	0.000000	0.000000	0.000000	0.000000	0.026969	0.000000	0.000000
41	tsk_41	(x)	1	:	0.000000	0.000004	0.000000	0.000000	0.445993	0.000000	0.000000	0.000000	0.000000	0.000000	0.000000	0.554003	0.000000	0.000000
42	tsk_42	(x)	1	:	0.000000	0.000000	0.000000	0.000000	0.000000	0.000000	0.000000	0.000000	0.000000	0.000000	0.000000	1.000000	0.000000	0.000000
43	tsk_43	(x)	1	:	0.499429	0.491650	0.000000	0.000000	0.000000	0.000000	0.000000	0.000000	0.000000	0.000000	0.000000	0.000205	0.000000	0.008715
44	tsk_44	(x)	1	:	0.000000	0.000000	0.000000	0.000000	1.000000	0.000000	0.000000	0.000000	0.000000	0.000000	0.000000	0.000000	0.000000	0.000000
45	tsk_45	(x)	1	:	0.469736	0.000000	0.000000	0.000000	0.000000	0.000000	0.000000	0.000000	0.000000	0.000000	0.000000	0.530264	0.000000	0.000000
46	tsk_46	(x)	1	:	0.000000	1.000000	0.000000	0.000000	0.000000	0.000000	0.000000	0.000000	0.000000	0.000000	0.000000	0.000000	0.000000	0.000000
47	tsk_47	(x)	1	:	1.000000	0.000000	0.000000	0.000000	0.000000	0.000000	0.000000	0.000000	0.000000	0.000000	0.000000	0.000000	0.000000	0.000000
48	tsk_48	(x)	1	:	0.499411	0.491646	0.000000	0.000000	0.000000	0.000000	0.000000	0.000000	0.000000	0.000000	0.000000	0.000198	0.000000	0.008744
49	tsk_49	(x)	1	:	0.499151	0.000000	0.000000	0.000000	0.000000	0.455343	0.000000	0.000000	0.000000	0.000000	0.000000	0.030757	0.000000	0.014749
50	tsk_50	(x)	1	:	0.000000	0.000000	0.000000	0.000000	0.000000	0.000000	0.000000	0.000000	0.000000	0.000000	0.000000	0.000000	1.000000	0.000000
51	tsk_51	(x)	1	:	0.000000	0.000000	0.000000	0.000000	0.000000	0.000000	0.000000	0.000000	0.000000	0.000000	0.000000	0.483932	0.000000	0.516068
52	tsk_52	(x)	1	:	0.000000	0.000000	0.000000	0.000000	0.000000	0.000000	0.496589	0.000000	0.115186	0.000007	0.383266	0.000000	0.000000	0.004952
53	tsk_53	(x)	1	:	0.000000	0.000000	0.000000	0.000000	0.000000	0.000000	0.000000	0.000000	0.000000	0.000000	0.000000	0.000000	1.000000	0.000000
54	tsk_54	(x)	1	:	0.000000	0.000001	0.000000	0.000000	0.482283	0.000000	0.517716	0.000000	0.000000	0.000000	0.000000	0.000000	0.000000	0.000000
55	tsk_55	(x)	1	:	0.000000	0.000005	0.000000	0.000000	0.501445	0.000000	0.000000	0.000000	0.110426	0.000000	0.387329	0.000000	0.000000	0.000796
56	tsk_56	(x)	1	:	0.000000	0.000000	0.000000	0.000000	0.000000	0.000000	0.000000	0.000000	0.000000	0.000000	0.000000	0.000000	1.000000	0.000000
57	tsk_57	(x)	1	:	0.490398	0.000000	0.000000	0.000000	0.000000	0.000000	0.000000	0.000000	0.000000	0.000000	0.000000	0.000000	0.509518	0.000085
58	tsk_58	(x)	1	:	0.000000	0.000000	0.000000	0.000000	0.000000	0.000000	0.496185	0.000000	0.000000	0.000005	0.000000	0.000000	0.503797	0.000012
59	tsk_59	(x)	1	:	0.000000	0.000002	0.000000	0.000000	0.482282	0.000000	0.517716	0.000000	0.000000	0.000000	0.000000	0.000000	0.000000	0.000000
60	tsk_60	(x)	1	:	0.000000	0.000000	0.000000	0.000000	0.000000	0.000000	0.000000	0.000000	0.000000	0.000000	0.544879	0.000000	0.000000	0.455120
61	tsk_61	(x)	1	:	0.495653	0.000003	0.000000	0.000000	0.503617	0.000000	0.000000	0.000000	0.000000	0.000000	0.000000	0.000000	0.000000	0.000727
62	tsk_62	(x)	1	:	0.000000	0.511240	0.000000	0.000000	0.000000	0.488760	0.000000	0.000000	0.000000	0.000000	0.000000	0.000000	0.000000	0.000000
63	tsk_63	(x)	1	:	0.000000	0.000000	0.000000	0.000000	0.000000	0.000000	0.000000	0.000000	0.000000	0.000000	1.000000	0.000000	0.000000	0.000000
64	tsk_64	(x)	1	:	0.000000	0.000000	0.000000	0.000000	0.000000	0.520507	0.000000	0.000000	0.479493	0.000000	0.000000	0.000000	0.000000	0.000000
65	tsk_65	(x)	1	:	0.000000	1.000000	0.000000	0.000000	0.000000	0.000000	0.000000	0.000000	0.000000	0.000000	0.000000	0.000000	0.000000	0.000000
66	tsk_66	(x)	1	:	0.000000	0.000000	0.000000	0.000000	1.000000	0.000000	0.000000	0.000000	0.000000	0.000000	0.000000	0.000000	0.000000	0.000000
67	tsk_67	(x)	1	:	0.000000	0.634413	0.000000	0.000000	0.365587	0.000000	0.000000	0.000000	0.000000	0.000000	0.000000	0.000000	0.000000	0.000000
68	tsk_68	(x)	1	:	0.499125	0.000000	0.000000	0.000000	0.000000	0.455400	0.000000	0.000000	0.000000	0.000000	0.000000	0.030667	0.000000	0.014808
69	tsk_69	(x)	1	:	0.000000	0.000000	0.000000	0.000000	0.000000	1.000000	0.000000	0.000000	0.000000	0.000000	0.000000	0.000000	0.000000	0.000000
70	tsk_70	(x)	1	:	0.488524	0.000000	0.000000	0.000000	0.000000	0.000000	0.000000	0.503912	0.007564	0.000000	0.000000	0.000000	0.000000	0.000000
71	tsk_71	(x)	1	:	0.497733	0.000000	0.000000	0.000000	0.000000	0.000000	0.499271	0.000000	0.000000	0.000007	0.000000	0.000000	0.000000	0.002989
72	tsk_72	(x)	1	:	0.000000	0.000000	0.000000	0.000000	0.000000	0.000000	0.999980	0.000000	0.000000	0.000020	0.000000	0.000000	0.000000	0.000000
73	tsk_73	(x)	1	:	0.000000	0.000000	0.000000	1.000000	0.000000	0.000000	0.000000	0.000000	0.000000	0.000000	0.000000	0.000000	0.000000	0.000000
74	tsk_74	(x)	1	:	0.000000	0.000000	0.000000	0.000000	0.000000	0.000000	0.999978	0.000000	0.000000	0.000022	0.000000	0.000000	0.000000	0.000000
75	tsk_75	(x)	1	:	0.000000	0.000000	0.502362	0.000000	0.000000	0.000000	0.497634	0.000000	0.000000	0.000004	0.000000	0.000000	0.000000	0.000000
76	tsk_76	(x)	1	:	0.000000	0.000000	1.000000	0.000000	0.000000	0.000000	0.000000	0.000000	0.000000	0.000000	0.000000	0.000000	0.000000	0.000000
77	tsk_77	(x)	1	:	0.000000	0.000000	0.000000	0.000000	0.000000	0.000000	0.500018	0.000000	0.000000	0.000003	0.000000	0.000000	0.000000	0.499979
78	tsk_78	(x)	1	:	0.000000	0.000002	0.000000	0.000000	0.499997	0.000000	0.000000	0.000000	0.499995	0.000000	0.000000	0.000000	0.000000	0.000006
79	tsk_79	(x)	1	:	0.496319	0.000000	0.502538	0.000000	0.000000	0.000000	0.000000	0.000000	0.000000	0.000000	0.000000	0.000001	0.000000	0.001141
80	tsk_80	(x)	1	:	0.000000	0.000000	0.000000	0.000000	0.000000	0.000000	0.462228	0.000000	0.000000	0.537772	0.000000	0.000000	0.000000	0.000000
81	tsk_81	(x)	1	:	0.000000	0.000000	0.000000	0.532610	0.000000	0.000000	0.000000	0.000000	0.000000	0.467390	0.000000	0.000000	0.000000	0.000000
82	tsk_82	(x)	1	:	0.000000	0.000000	0.000000	0.000000	0.000000	0.000000	0.000000	0.000000	0.499998	0.000000	0.000000	0.000000	0.499997	0.000005
83	tsk_83	(x)	1	:	0.000000	0.000000	0.498484	0.000000	0.000000	0.000000	0.000000	0.000000	0.501505	0.000000	0.000000	0.000000	0.000000	0.000011
84	tsk_84	(x)	1	:	0.000000	0.000000	0.000000	0.000000	0.000000	0.000000	0.000000	0.000000	1.000000	0.000000	0.000000	0.000000	0.000000	0.000000
85	tsk_85	(x)	1	:	0.000000	0.000000	0.504358	0.000000	0.000000	0.000000	0.000000	0.000000	0.000000	0.000000	0.000000	0.000001	0.000000	0.495641
86	tsk_86	(x)	1	:	0.000000	0.000000	0.000000	0.547096	0.000000	0.000000	0.000000	0.000000	0.452902	0.000000	0.000000	0.000000	0.000000	0.000001
87	tsk_87	(x)	1	:	0.000000	0.000000	0.000000	0.000000	0.000000	0.000000	0.000000	0.000000	0.519076	0.000000	0.000000	0.000000	0.000000	0.480924
88	tsk_88	(x)	1	:	0.000000	0.492641	0.000000	0.000000	0.000000	0.000000	0.000000	0.000000	0.000000	0.507126	0.000000	0.000232	0.000000	0.000000
89	tsk_89	(x)	1	:	0.000000	0.000000	0.498991	0.000000	0.000000	0.000000	0.000000	0.000000	0.000000	0.501009	0.000000	0.000000	0.000000	0.000000
90	tsk_90	(x)	1	:	0.000000	0.463568	0.536432	0.000000	0.000000	0.000000	0.000000	0.000000	0.000000	0.000000	0.000000	0.000000	0.000000	0.000000
91	tsk_91	(x)	1	:	0.000000	0.000000	0.000000	0.000000	0.000000	0.000000	0.000000	0.000000	0.000000	0.000000	0.000000	0.000000	0.000000	1.000000
92	tsk_92	(x)	1	:	0.000000	0.000000	0.000000	0.000000	0.000000	0.647814	0.000000	0.000000	0.000000	0.000000	0.000000	0.352186	0.000000	0.000000
93	tsk_93	(x)	1	:	0.000000	0.371090	0.628910	0.000000	0.000000	0.000000	0.000000	0.000000	0.000000	0.000000	0.000000	0.000000	0.000000	0.000000
94	tsk_94	(x)	1	:	0.000000	0.000004	0.000000	0.000000	0.505461	0.000000	0.000000	0.000000	0.000000	0.000000	0.000000	0.000000	0.000000	0.494534
95	tsk_95	(x)	1	:	0.000000	0.000000	0.000000	0.000000	0.000000	0.000000	0.000000	0.000000	0.000000	0.000000	0.000000	0.000000	0.000000	1.000000
96	tsk_96	(x)	1	:	0.000000	0.490074	0.000000	0.000000	0.000000	0.000000	0.000000	0.507125	0.002688	0.000000	0.000000	0.000094	0.000000	0.000019
97	tsk_97	(x)	1	:	0.000000	0.000000	0.000000	0.000000	0.000000	0.455210	0.000000	0.000000	0.000000	0.000000	0.000000	0.031542	0.000000	0.513249
98	tsk_98	(x)	1	:	0.000000	0.520131	0.000000	0.000000	0.000000	0.000000	0.000000	0.000000	0.479869	0.000000	0.000000	0.000000	0.000000	0.000000
99	tsk_99	(x)	1	:	0.000000	0.000004	0.000000	0.000000	0.505462	0.000000	0.000000	0.000000	0.000000	0.000000	0.000000	0.000001	0.000000	0.494534
100	tsk_100	(x)	1	:	0.000000	0.000001	0.000000	0.000000	0.499886	0.000000	0.000000	0.498982	0.001130	0.000000	0.000000	0.000000	0.000000	0.000000
101	tsk_101	(x)	1	:	0.000000	0.000000	1.000000	0.000000	0.000000	0.000000	0.000000	0.000000	0.000000	0.000000	0.000000	0.000000	0.000000	0.000000
102	tsk_102	(x)	1	:	0.000000	0.000000	0.000000	0.000000	0.000000	0.000000	0.000000	0.500000	0.499999	0.000000	0.000000	0.000000	0.000000	0.000000
103	tsk_103	(x)	1	:	0.000000	0.000000	1.000000	0.000000	0.000000	0.000000	0.000000	0.000000	0.000000	0.000000	0.000000	0.000000	0.000000	0.000000
104	tsk_104	(x)	1	:	0.000000	0.000000	0.498482	0.000000	0.000000	0.000000	0.000000	0.000000	0.501498	0.000000	0.000000	0.000000	0.000000	0.000020
105	tsk_105	(x)	1	:	0.000000	0.000000	0.000000	0.000000	0.000000	0.000000	0.000000	0.000000	0.710009	0.000000	0.289991	0.000000	0.000000	0.000000
106	tsk_106	(x)	1	:	0.000000	0.000000	0.000000	0.000000	0.000000	0.000000	0.000000	0.000000	1.000000	0.000000	0.000000	0.000000	0.000000	0.000000
107	tsk_107	(x)	1	:	0.000000	0.000000	0.000000	0.000000	0.000000	0.000000	0.000000	0.000000	0.710009	0.000000	0.289991	0.000000	0.000000	0.000000
108	tsk_108	(x)	1	:	0.000000	0.000000	0.498485	0.000000	0.000000	0.000000	0.000000	0.000000	0.501507	0.000000	0.000000	0.000000	0.000000	0.000008
109	tsk_109	(x)	1	:	0.000000	0.000000	0.000000	0.000000	0.000000	0.000000	0.000000	0.000000	0.513368	0.000000	0.486632	0.000000	0.000000	0.000000
110	tsk_110	(x)	1	:	0.581259	0.000000	0.000000	0.000000	0.000000	0.000000	0.000000	0.000000	0.000000	0.000000	0.418741	0.000000	0.000000	0.000000
111	tsk_111	(x)	1	:	0.000000	0.000000	0.000000	0.000000	0.000000	0.000000	0.000000	0.000000	0.000000	0.000000	0.000000	0.483932	0.000000	0.516068
112	tsk_112	(x)	1	:	0.000000	0.000000	0.000000	0.000000	0.000000	0.000000	0.500017	0.000000	0.000000	0.000004	0.000000	0.000000	0.000000	0.499979
113	tsk_113	(x)	1	:	0.000000	0.000000	0.000000	0.000000	0.000000	0.000000	0.000000	0.000000	0.000000	0.000000	0.000000	0.483932	0.000000	0.516068
114	tsk_114	(x)	1	:	0.000000	0.000000	0.000000	0.470605	0.000000	0.000000	0.000000	0.000000	0.000000	0.000000	0.000000	0.016392	0.000000	0.513004
115	tsk_115	(x)	1	:	0.000000	0.000004	0.000000	0.000000	0.445993	0.000000	0.000000	0.000000	0.000000	0.000000	0.000000	0.554003	0.000000	0.000000
116	tsk_116	(x)	1	:	0.576610	0.000000	0.000000	0.000000	0.000000	0.000000	0.000000	0.000000	0.000000	0.000000	0.000000	0.000000	0.000000	0.423390
117	tsk_117	(x)	1	:	0.000000	0.000000	0.000000	0.000000	0.000000	0.000000	0.000000	0.000000	0.149478	0.000000	0.370793	0.000000	0.000000	0.479729
118	tsk_118	(x)	1	:	0.000000	0.000003	0.000000	0.000000	0.500485	0.000000	0.000000	0.000000	0.120622	0.000000	0.378341	0.000000	0.000000	0.000548
119	tsk_119	(x)	1	:	0.517095	0.000000	0.000000	0.000000	0.000000	0.000000	0.000000	0.000000	0.000000	0.482905	0.000000	0.000000	0.000000	0.000000
120	tsk_120	(x)	1	:	0.000000	0.000000	0.000000	1.000000	0.000000	0.000000	0.000000	0.000000	0.000000	0.000000	0.000000	0.000000	0.000000	0.000000
121	tsk_121	(x)	1	:	0.000000	0.000000	0.000000	0.308711	0.000000	0.000000	0.000000	0.000000	0.000000	0.000000	0.000000	0.691289	0.000000	0.000000
122	tsk_122	(x)	1	:	0.000000	0.491873	0.000000	0.000000	0.000000	0.000000	0.000000	0.000000	0.000000	0.000000	0.000000	0.000276	0.000000	0.507850
123	tsk_123	(x)	1	:	0.000000	0.000000	0.000000	0.470945	0.000000	0.000000	0.000000	0.000001	0.513689	0.000000	0.000000	0.013158	0.000000	0.002206
124	tsk_124	(x)	1	:	0.000000	0.000000	0.000000	0.000000	0.000000	0.000000	0.526814	0.000000	0.000000	0.000000	0.000000	0.000000	0.000000	0.473186
125	tsk_125	(x)	1	:	0.000000	0.000000	0.000000	0.000000	0.000000	0.000000	0.000000	0.000000	0.000000	0.510280	0.000000	0.489719	0.000000	0.000000
126	tsk_126	(x)	1	:	0.000000	0.000000	0.000000	0.470627	0.000000	0.000000	0.000000	0.000000	0.000000	0.000000	0.000000	0.016357	0.000000	0.513015
127	tsk_127	(x)	1	:	0.439281	0.000000	0.000000	0.000000	0.000000	0.000000	0.000000	0.000000	0.000000	0.000000	0.000000	0.560719	0.000000	0.000000
128	tsk_128	(x)	1	:	0.000000	0.000000	0.000000	0.477110	0.000000	0.000000	0.000000	0.000000	0.000000	0.000000	0.000000	0.522890	0.000000	0.000000
129	tsk_129	(x)	1	:	0.000000	0.000000	0.000000	0.000000	0.000000	0.000000	0.000000	0.000000	1.000000	0.000000	0.000000	0.000000	0.000000	0.000000
130	tsk_130	(x)	1	:	0.000000	0.052837	0.241916	0.000000	0.000000	0.000000	0.000000	0.000000	0.000000	0.509484	0.000000	0.195763	0.000000	0.000000
131	tsk_131	(x)	1	:	0.000000	0.000000	0.498991	0.000000	0.000000	0.000000	0.000000	0.000000	0.000000	0.501009	0.000000	0.000000	0.000000	0.000000
132	tsk_132	(x)	1	:	0.496557	0.000000	0.000000	0.000000	0.000000	0.000000	0.000000	0.000000	0.000000	0.502805	0.000000	0.000000	0.000000	0.000638
133	tsk_133	(x)	1	:	0.000000	0.000000	0.000000	0.000000	0.000000	0.000000	0.000000	0.000000	0.000000	1.000000	0.000000	0.000000	0.000000	0.000000
134	tsk_134	(x)	1	:	0.000000	0.000000	0.000000	0.000000	0.000000	0.000000	0.000000	0.000000	0.000000	1.000000	0.000000	0.000000	0.000000	0.000000
135	tsk_135	(x)	1	:	0.000000	0.000000	0.498483	0.000000	0.000000	0.000000	0.000000	0.000000	0.501502	0.000000	0.000000	0.000000	0.000000	0.000015
136	tsk_136	(x)	1	:	0.000000	0.000000	0.498485	0.000000	0.000000	0.000000	0.000000	0.000000	0.501507	0.000000	0.000000	0.000000	0.000000	0.000008
137	tsk_137	(x)	1	:	0.000000	0.000000	0.000000	0.000000	0.000000	0.000000	0.000000	0.000000	0.000000	1.000000	0.000000	0.000000	0.000000	0.000000
138	tsk_138	(x)	1	:	0.000000	0.000000	0.000000	0.468619	0.000000	0.000000	0.000000	0.000000	0.141006	0.000000	0.367800	0.013024	0.000000	0.009551
139	tsk_139	(x)	1	:	0.000000	0.000000	0.000000	0.000000	0.000000	0.000000	0.000000	0.000000	0.519076	0.000000	0.000000	0.000000	0.000000	0.480924
140	tsk_140	(x)	1	:	0.000000	0.000004	0.000000	0.000000	0.503170	0.000000	0.496823	0.000000	0.000000	0.000003	0.000000	0.000000	0.000000	0.000000
141	tsk_141	(x)	1	:	0.496506	0.000000	0.000000	0.000000	0.000000	0.000000	0.000000	0.000000	0.000000	0.502790	0.000000	0.000000	0.000000	0.000705
142	tsk_142	(x)	1	:	0.000000	0.000003	0.000000	0.000000	0.503171	0.000000	0.496822	0.000000	0.000000	0.000004	0.000000	0.000000	0.000000	0.000000
143	tsk_143	(x)	1	:	0.000000	0.000001	0.000000	0.000000	0.499966	0.000000	0.000000	0.499701	0.000332	0.000000	0.000000	0.000000	0.000000	0.000000
144	tsk_144	(x)	1	:	0.000000	0.000000	0.000000	0.000000	0.000000	0.000000	0.496775	0.502782	0.000425	0.000015	0.000000	0.000000	0.000000	0.000003
145	tsk_145	(x)	1	:	0.000000	0.000006	0.000000	0.000000	0.531173	0.000000	0.000000	0.000000	0.000000	0.459322	0.000000	0.009500	0.000000	0.000000
146	tsk_146	(x)	1	:	0.000000	0.000001	0.000000	0.000000	0.499967	0.000000	0.000000	0.499706	0.000326	0.000000	0.000000	0.000000	0.000000	0.000000
147	tsk_147	(x)	1	:	0.000000	0.000000	0.000000	0.000000	0.000000	0.000000	0.999971	0.000000	0.000000	0.000028	0.000000	0.000000	0.000000	0.000000
148	tsk_148	(x)	1	:	0.000000	0.000000	0.000000	0.000000	0.000000	0.000000	0.000000	1.000000	0.000000	0.000000	0.000000	0.000000	0.000000	0.000000
149	tsk_149	(x)	1	:	0.000000	0.000000	0.000000	0.000000	0.000000	0.000000	0.496730	0.502195	0.001068	0.000007	0.000000	0.000000	0.000000	0.000000
