logL = -1718.763850 (converged)
AIC = 4289.527700
BIC = 5572.058336

count.K
21 87 42 

