logL = -1279.467057 (converged)
AIC = 5696.934113
BIC = 10420.620889

count.K
43 2 19 21 8 39 7 9 2 

