0	tsk_0	(x)	1	:	0.276446	0.348767	0.000000	0.000000	0.000000	0.374788
1	tsk_1	(x)	1	:	0.024689	0.000000	0.000000	0.000000	0.000000	0.975311
2	tsk_2	(x)	1	:	0.000007	0.999993	0.000000	0.000000	0.000000	0.000000
3	tsk_3	(x)	1	:	0.535537	0.000000	0.000000	0.000000	0.000000	0.464463
4	tsk_4	(x)	1	:	0.518370	0.000000	0.000000	0.000000	0.000000	0.481630
5	tsk_5	(x)	1	:	0.145082	0.349153	0.000000	0.505765	0.000000	0.000000
6	tsk_6	(x)	1	:	0.000088	0.000000	0.000000	0.000000	0.000000	0.999912
7	tsk_7	(x)	1	:	0.000000	0.000000	0.000000	0.000000	0.000000	1.000000
8	tsk_8	(x)	1	:	0.410449	0.589551	0.000000	0.000000	0.000000	0.000000
9	tsk_9	(x)	1	:	0.133222	0.000000	0.000000	0.492318	0.000000	0.374460
10	tsk_10	(x)	1	:	0.000014	0.596353	0.000000	0.000000	0.000000	0.403632
11	tsk_11	(x)	1	:	0.000000	0.584990	0.000000	0.415010	0.000000	0.000000
12	tsk_12	(x)	1	:	0.000000	1.000000	0.000000	0.000000	0.000000	0.000000
13	tsk_13	(x)	1	:	0.149761	0.349026	0.000000	0.000000	0.501212	0.000000
14	tsk_14	(x)	1	:	0.000010	0.596356	0.000000	0.000000	0.000000	0.403633
15	tsk_15	(x)	1	:	0.000000	0.000000	0.000000	0.000000	0.000000	1.000000
16	tsk_16	(x)	1	:	0.000000	1.000000	0.000000	0.000000	0.000000	0.000000
17	tsk_17	(x)	1	:	0.000726	0.000000	0.000000	0.552106	0.000000	0.447168
18	tsk_18	(x)	1	:	0.000000	0.000000	0.000000	0.000000	0.000000	1.000000
19	tsk_19	(x)	1	:	0.000537	0.650190	0.000000	0.000000	0.000000	0.349273
20	tsk_20	(x)	1	:	0.018959	0.000000	0.000000	0.000000	0.500167	0.480874
21	tsk_21	(x)	1	:	0.000000	0.000000	0.000000	0.000000	0.427731	0.572269
22	tsk_22	(x)	1	:	0.000000	0.000000	0.000000	0.000000	1.000000	0.000000
23	tsk_23	(x)	1	:	0.360460	0.000000	0.000000	0.000000	0.000000	0.639540
24	tsk_24	(x)	1	:	0.000000	0.000000	0.459785	0.000000	0.000000	0.540215
25	tsk_25	(x)	1	:	0.117832	0.000000	0.000000	0.506639	0.000000	0.375529
26	tsk_26	(x)	1	:	0.000001	0.000000	0.000000	0.000000	0.381527	0.618472
27	tsk_27	(x)	1	:	0.000000	0.000000	0.000000	0.000000	0.000000	1.000000
28	tsk_28	(x)	1	:	0.000000	0.000000	0.459785	0.000000	0.000000	0.540215
29	tsk_29	(x)	1	:	0.498591	0.000000	0.000000	0.000000	0.501409	0.000000
30	tsk_30	(x)	1	:	0.000000	0.000000	0.000000	0.000000	1.000000	0.000000
31	tsk_31	(x)	1	:	0.650437	0.349563	0.000000	0.000000	0.000000	0.000000
32	tsk_32	(x)	1	:	0.025354	0.000000	0.000000	0.000000	0.600892	0.373754
33	tsk_33	(x)	1	:	0.145941	0.348563	0.000000	0.505496	0.000000	0.000000
34	tsk_34	(x)	1	:	0.000000	0.000000	0.000000	0.000000	1.000000	0.000000
35	tsk_35	(x)	1	:	0.000000	0.000000	0.000000	0.000000	1.000000	0.000000
36	tsk_36	(x)	1	:	0.002978	0.000000	0.000000	0.501390	0.495633	0.000000
37	tsk_37	(x)	1	:	0.000000	0.000000	0.000000	0.000000	1.000000	0.000000
38	tsk_38	(x)	1	:	0.000000	0.000000	0.000000	0.502688	0.497312	0.000000
39	tsk_39	(x)	1	:	0.020007	0.000000	0.000000	0.000000	0.499510	0.480484
40	tsk_40	(x)	1	:	0.578622	0.000000	0.000000	0.421378	0.000000	0.000000
41	tsk_41	(x)	1	:	0.027203	0.000000	0.000000	0.491991	0.000000	0.480806
42	tsk_42	(x)	1	:	0.000000	0.000000	0.000000	0.512920	0.000000	0.487080
43	tsk_43	(x)	1	:	0.169137	0.349293	0.000000	0.000000	0.000000	0.481570
44	tsk_44	(x)	1	:	0.000942	0.536004	0.000000	0.463054	0.000000	0.000000
45	tsk_45	(x)	1	:	0.000870	0.536051	0.000000	0.463079	0.000000	0.000000
46	tsk_46	(x)	1	:	0.000000	0.000000	0.000000	1.000000	0.000000	0.000000
47	tsk_47	(x)	1	:	0.027033	0.000000	0.000000	0.492086	0.000000	0.480881
48	tsk_48	(x)	1	:	0.000471	0.528576	0.000000	0.470953	0.000000	0.000000
49	tsk_49	(x)	1	:	0.276766	0.348516	0.000000	0.000000	0.000000	0.374718
50	tsk_50	(x)	1	:	0.004704	0.995296	0.000000	0.000000	0.000000	0.000000
51	tsk_51	(x)	1	:	0.003709	0.000000	0.000000	0.510833	0.000000	0.485458
52	tsk_52	(x)	1	:	0.582580	0.000000	0.000000	0.000000	0.000000	0.417420
53	tsk_53	(x)	1	:	0.003442	0.996558	0.000000	0.000000	0.000000	0.000000
54	tsk_54	(x)	1	:	0.004442	0.995558	0.000000	0.000000	0.000000	0.000000
55	tsk_55	(x)	1	:	0.157318	0.349577	0.000000	0.493105	0.000000	0.000000
56	tsk_56	(x)	1	:	0.000000	0.000000	0.000000	0.000000	0.000000	1.000000
57	tsk_57	(x)	1	:	0.158497	0.348758	0.000000	0.492745	0.000000	0.000000
58	tsk_58	(x)	1	:	0.158362	0.348852	0.000000	0.492786	0.000000	0.000000
59	tsk_59	(x)	1	:	0.000000	0.000000	0.000000	0.000000	0.000000	1.000000
60	tsk_60	(x)	1	:	0.494134	0.000000	0.000000	0.505866	0.000000	0.000000
61	tsk_61	(x)	1	:	0.518370	0.000000	0.000000	0.000000	0.000000	0.481630
62	tsk_62	(x)	1	:	0.033850	0.345874	0.000000	0.000000	0.000000	0.620276
63	tsk_63	(x)	1	:	0.000000	0.000000	0.000000	0.000000	0.000000	1.000000
64	tsk_64	(x)	1	:	0.145188	0.349080	0.000000	0.505732	0.000000	0.000000
65	tsk_65	(x)	1	:	0.604010	0.000000	0.000000	0.000000	0.395990	0.000000
66	tsk_66	(x)	1	:	0.000000	0.000000	0.000000	0.502688	0.497312	0.000000
67	tsk_67	(x)	1	:	0.498591	0.000000	0.000000	0.000000	0.501409	0.000000
68	tsk_68	(x)	1	:	0.650437	0.349563	0.000000	0.000000	0.000000	0.000000
69	tsk_69	(x)	1	:	0.002912	0.327597	0.000000	0.000000	0.000000	0.669490
70	tsk_70	(x)	1	:	0.286721	0.349138	0.000000	0.364141	0.000000	0.000000
71	tsk_71	(x)	1	:	0.158751	0.348582	0.000000	0.492667	0.000000	0.000000
72	tsk_72	(x)	1	:	0.000000	0.000000	0.000000	1.000000	0.000000	0.000000
73	tsk_73	(x)	1	:	0.635602	0.000000	0.000000	0.364398	0.000000	0.000000
74	tsk_74	(x)	1	:	0.494134	0.000000	0.000000	0.505866	0.000000	0.000000
75	tsk_75	(x)	1	:	0.000063	0.000000	0.000000	0.658263	0.000000	0.341675
76	tsk_76	(x)	1	:	0.518370	0.000000	0.000000	0.000000	0.000000	0.481630
77	tsk_77	(x)	1	:	0.650439	0.349561	0.000000	0.000000	0.000000	0.000000
78	tsk_78	(x)	1	:	0.506966	0.000000	0.000000	0.493033	0.000000	0.000000
79	tsk_79	(x)	1	:	0.650441	0.349559	0.000000	0.000000	0.000000	0.000000
80	tsk_80	(x)	1	:	0.000228	0.468526	0.000000	0.531246	0.000000	0.000000
81	tsk_81	(x)	1	:	0.000000	0.576978	0.000000	0.423022	0.000000	0.000000
82	tsk_82	(x)	1	:	0.000000	0.000000	0.000000	1.000000	0.000000	0.000000
83	tsk_83	(x)	1	:	0.000000	1.000000	0.000000	0.000000	0.000000	0.000000
84	tsk_84	(x)	1	:	0.425106	0.000000	0.000000	0.574894	0.000000	0.000000
85	tsk_85	(x)	1	:	0.000688	0.528720	0.000000	0.000000	0.000000	0.470593
86	tsk_86	(x)	1	:	0.000168	0.479799	0.000000	0.520033	0.000000	0.000000
87	tsk_87	(x)	1	:	0.000000	1.000000	0.000000	0.000000	0.000000	0.000000
88	tsk_88	(x)	1	:	0.064650	0.552168	0.000000	0.000000	0.000000	0.383182
89	tsk_89	(x)	1	:	0.000000	1.000000	0.000000	0.000000	0.000000	0.000000
90	tsk_90	(x)	1	:	0.024668	0.000000	0.000000	0.000000	0.000000	0.975332
91	tsk_91	(x)	1	:	0.024709	0.000000	0.000000	0.000000	0.000000	0.975291
92	tsk_92	(x)	1	:	0.616326	0.000000	0.000000	0.000000	0.000000	0.383674
93	tsk_93	(x)	1	:	0.000000	0.000000	1.000000	0.000000	0.000000	0.000000
94	tsk_94	(x)	1	:	0.000000	0.000000	0.485850	0.514150	0.000000	0.000000
95	tsk_95	(x)	1	:	0.675434	0.000000	0.000000	0.000000	0.000000	0.324566
96	tsk_96	(x)	1	:	0.276673	0.348588	0.000000	0.000000	0.000000	0.374738
97	tsk_97	(x)	1	:	0.276751	0.348528	0.000000	0.000000	0.000000	0.374722
98	tsk_98	(x)	1	:	0.000000	0.000000	1.000000	0.000000	0.000000	0.000000
99	tsk_99	(x)	1	:	0.024689	0.000000	0.000000	0.000000	0.000000	0.975311
100	tsk_100	(x)	1	:	0.624922	0.000000	0.000000	0.000000	0.000000	0.375078
101	tsk_101	(x)	1	:	0.000128	0.000000	0.000000	0.000000	0.000000	0.999872
102	tsk_102	(x)	1	:	0.290097	0.709903	0.000000	0.000000	0.000000	0.000000
103	tsk_103	(x)	1	:	0.378236	0.000000	0.000000	0.000000	0.000000	0.621764
104	tsk_104	(x)	1	:	0.290097	0.709903	0.000000	0.000000	0.000000	0.000000
105	tsk_105	(x)	1	:	0.650437	0.349563	0.000000	0.000000	0.000000	0.000000
106	tsk_106	(x)	1	:	0.000000	1.000000	0.000000	0.000000	0.000000	0.000000
107	tsk_107	(x)	1	:	0.000000	0.000000	0.000000	0.000000	1.000000	0.000000
108	tsk_108	(x)	1	:	0.005134	0.994866	0.000000	0.000000	0.000000	0.000000
109	tsk_109	(x)	1	:	0.003607	0.996393	0.000000	0.000000	0.000000	0.000000
110	tsk_110	(x)	1	:	0.000000	1.000000	0.000000	0.000000	0.000000	0.000000
111	tsk_111	(x)	1	:	0.000014	0.434321	0.000000	0.000000	0.000000	0.565665
112	tsk_112	(x)	1	:	0.028807	0.345129	0.000000	0.000000	0.000000	0.626063
113	tsk_113	(x)	1	:	0.000000	0.397981	0.000000	0.000000	0.000000	0.602019
114	tsk_114	(x)	1	:	0.000000	0.000000	0.000000	0.426952	0.000000	0.573048
115	tsk_115	(x)	1	:	0.000013	0.999986	0.000000	0.000000	0.000000	0.000000
116	tsk_116	(x)	1	:	0.000010	0.999990	0.000000	0.000000	0.000000	0.000000
117	tsk_117	(x)	1	:	0.000000	0.584990	0.000000	0.415010	0.000000	0.000000
118	tsk_118	(x)	1	:	0.000770	0.528381	0.000000	0.470848	0.000000	0.000000
119	tsk_119	(x)	1	:	0.028756	0.345168	0.000000	0.000000	0.000000	0.626076
120	tsk_120	(x)	1	:	0.000000	0.000000	0.000000	0.000000	0.000000	1.000000
121	tsk_121	(x)	1	:	0.133306	0.000000	0.000000	0.364692	0.502002	0.000000
122	tsk_122	(x)	1	:	0.000000	0.000000	0.000000	0.429051	0.000000	0.570949
123	tsk_123	(x)	1	:	0.003481	0.538416	0.000000	0.000000	0.000000	0.458102
124	tsk_124	(x)	1	:	0.650444	0.349556	0.000000	0.000000	0.000000	0.000000
125	tsk_125	(x)	1	:	0.048242	0.588327	0.000000	0.363432	0.000000	0.000000
126	tsk_126	(x)	1	:	0.003733	0.996267	0.000000	0.000000	0.000000	0.000000
127	tsk_127	(x)	1	:	0.286985	0.348951	0.000000	0.364064	0.000000	0.000000
128	tsk_128	(x)	1	:	0.000025	0.999975	0.000000	0.000000	0.000000	0.000000
129	tsk_129	(x)	1	:	0.032979	0.346199	0.000000	0.000000	0.000000	0.620822
130	tsk_130	(x)	1	:	0.080062	0.348082	0.000000	0.571856	0.000000	0.000000
131	tsk_131	(x)	1	:	0.000000	0.000000	0.000000	1.000000	0.000000	0.000000
132	tsk_132	(x)	1	:	0.123615	0.000000	0.000000	0.000000	0.501416	0.374968
133	tsk_133	(x)	1	:	1.000000	0.000000	0.000000	0.000000	0.000000	0.000000
134	tsk_134	(x)	1	:	0.001792	0.000000	0.000000	0.501906	0.496301	0.000000
135	tsk_135	(x)	1	:	0.535537	0.000000	0.000000	0.000000	0.000000	0.464463
136	tsk_136	(x)	1	:	0.498591	0.000000	0.000000	0.000000	0.501409	0.000000
137	tsk_137	(x)	1	:	0.133282	0.000001	0.000000	0.492282	0.000000	0.374434
138	tsk_138	(x)	1	:	0.118106	0.000000	0.000000	0.506480	0.000000	0.375414
139	tsk_139	(x)	1	:	0.001206	0.539324	0.000000	0.000000	0.000000	0.459469
140	tsk_140	(x)	1	:	0.005576	0.994424	0.000000	0.000000	0.000000	0.000000
141	tsk_141	(x)	1	:	0.147215	0.350609	0.000000	0.000000	0.502176	0.000000
142	tsk_142	(x)	1	:	0.650436	0.349564	0.000000	0.000000	0.000000	0.000000
143	tsk_143	(x)	1	:	0.148578	0.349762	0.000000	0.000000	0.501660	0.000000
144	tsk_144	(x)	1	:	0.003103	0.000000	0.000000	0.501335	0.495562	0.000000
145	tsk_145	(x)	1	:	0.650437	0.349563	0.000000	0.000000	0.000000	0.000000
146	tsk_146	(x)	1	:	0.147763	0.350269	0.000000	0.000000	0.501969	0.000000
147	tsk_147	(x)	1	:	0.076631	0.348680	0.000000	0.574689	0.000000	0.000000
148	tsk_148	(x)	1	:	0.650437	0.349563	0.000000	0.000000	0.000000	0.000000
149	tsk_149	(x)	1	:	0.494134	0.000000	0.000000	0.505866	0.000000	0.000000
