logL = -748.804246 (converged)
AIC = 6293.608492
BIC = 13513.111928

count.K
8 2 4 22 29 1 1 64 1 2 2 9 4 1 

