logL = -456.493066 (converged)
AIC = 5422.986133
BIC = 12211.968721

count.K
28 26 29 2 9 14 1 6 1 7 1 2 24 

