logL = -1511.823293 (converged)
AIC = 5243.646587
BIC = 8585.451763

count.K
19 37 3 42 40 9 

