logL = -997.536861 (converged)
AIC = 4863.073721
BIC = 9180.324733

count.K
7 2 21 61 23 19 4 13 

