logL = -1010.673767 (converged)
AIC = 5769.347534
BIC = 11411.278075

count.K
11 67 2 17 3 7 11 2 18 5 7 

