logL = -1564.732314 (converged)
AIC = 3557.464628
BIC = 4201.740581

count.K
88 62 

