logL = -1817.808641 (converged)
AIC = 7933.617282
BIC = 14403.472529

count.K
21 1 17 23 16 17 3 2 17 2 31 

