logL = -522.195752 (converged)
AIC = 4660.391504
BIC = 10103.620116

count.K
20 10 18 12 8 2 13 37 16 1 13 

