logL = -1768.023526 (converged)
AIC = 5994.047052
BIC = 9694.117828

count.K
16 22 17 19 13 18 45 

