logL = -2219.393658 (converged)
AIC = 7306.787316
BIC = 11624.038328

count.K
24 11 19 23 2 40 4 27 

