logL = -2218.318149 (converged)
AIC = 4892.636298
BIC = 5579.061145

count.K
49 101 

