logL = -4081.873020 (converged)
AIC = 9213.746039
BIC = 10794.329568

count.K
39 75 36 

