logL = -1213.462742 (converged)
AIC = 5134.925484
BIC = 9211.325673

count.K
13 46 16 6 22 15 31 1 

