logL = -1273.859161 (converged)
AIC = 6759.718321
BIC = 13100.116250

count.K
0 7 32 3 25 23 12 6 26 7 5 4 

