logL = -1575.490817 (converged)
AIC = 8170.981634
BIC = 15727.676222

count.K
10 4 19 0 1 2 12 5 20 3 56 7 10 1 

