0	tsk_0	(x)	1	:	0.000000	0.000000	0.500001	0.000000	0.000000	0.499999	0.000000	0.000000	0.000000	0.000000	0.000000	0.000000	0.000000
1	tsk_1	(x)	1	:	0.000000	0.000076	0.000000	0.500553	0.000000	0.000000	0.000000	0.000000	0.000000	0.000000	0.000000	0.000000	0.499370
2	tsk_2	(x)	1	:	0.000000	0.000000	0.497142	0.000000	0.000000	0.002856	0.497094	0.000000	0.000000	0.000000	0.000000	0.000000	0.002907
3	tsk_3	(x)	1	:	0.436213	0.000000	0.452910	0.000000	0.000000	0.000000	0.000000	0.000000	0.000000	0.000000	0.000000	0.110877	0.000000
4	tsk_4	(x)	1	:	0.000000	0.000000	1.000000	0.000000	0.000000	0.000000	0.000000	0.000000	0.000000	0.000000	0.000000	0.000000	0.000000
5	tsk_5	(x)	1	:	0.000000	0.002431	0.496563	0.000000	0.000000	0.003863	0.000000	0.000000	0.000000	0.000000	0.000000	0.000000	0.497143
6	tsk_6	(x)	1	:	0.000000	0.001891	0.495985	0.000000	0.000000	0.004714	0.000000	0.000000	0.000000	0.000000	0.000000	0.000000	0.497410
7	tsk_7	(x)	1	:	0.000000	0.499161	0.495775	0.000000	0.000000	0.005064	0.000000	0.000000	0.000000	0.000000	0.000000	0.000000	0.000000
8	tsk_8	(x)	1	:	0.000000	0.001520	0.496169	0.000000	0.000000	0.004646	0.000000	0.000000	0.000000	0.000000	0.000000	0.000000	0.497664
9	tsk_9	(x)	1	:	0.000000	0.002488	0.495988	0.000000	0.000000	0.004488	0.000000	0.000000	0.000000	0.000000	0.000000	0.000000	0.497037
10	tsk_10	(x)	1	:	0.481252	0.000000	0.498613	0.000000	0.000000	0.020135	0.000000	0.000000	0.000000	0.000000	0.000000	0.000000	0.000000
11	tsk_11	(x)	1	:	0.000000	0.000000	0.499935	0.000000	0.000000	0.102622	0.000000	0.397442	0.000000	0.000000	0.000000	0.000000	0.000000
12	tsk_12	(x)	1	:	0.000000	0.499887	0.000000	0.000000	0.000000	0.000007	0.000000	0.000000	0.500106	0.000000	0.000000	0.000000	0.000000
13	tsk_13	(x)	1	:	0.000000	0.000000	0.500275	0.000000	0.000000	0.129956	0.000000	0.000000	0.369769	0.000000	0.000000	0.000000	0.000000
14	tsk_14	(x)	1	:	0.000000	0.000000	0.499838	0.000000	0.000000	0.033276	0.000000	0.000000	0.000000	0.000000	0.466886	0.000000	0.000000
15	tsk_15	(x)	1	:	0.481442	0.000000	0.498804	0.000000	0.000000	0.019754	0.000000	0.000000	0.000000	0.000000	0.000000	0.000000	0.000000
16	tsk_16	(x)	1	:	0.000000	0.000000	0.000000	0.000000	0.000000	0.000000	0.497292	0.000000	0.499819	0.000000	0.000000	0.000000	0.002889
17	tsk_17	(x)	1	:	1.000000	0.000000	0.000000	0.000000	0.000000	0.000000	0.000000	0.000000	0.000000	0.000000	0.000000	0.000000	0.000000
18	tsk_18	(x)	1	:	0.000000	0.000000	0.443320	0.000000	0.000000	0.000000	0.000000	0.000000	0.000000	0.000000	0.556679	0.000000	0.000000
19	tsk_19	(x)	1	:	1.000000	0.000000	0.000000	0.000000	0.000000	0.000000	0.000000	0.000000	0.000000	0.000000	0.000000	0.000000	0.000000
20	tsk_20	(x)	1	:	0.000000	0.000000	0.000005	0.497769	0.000000	0.274717	0.000000	0.000000	0.227509	0.000000	0.000000	0.000000	0.000000
21	tsk_21	(x)	1	:	0.000000	0.000000	0.000000	0.000000	0.000000	0.802717	0.000000	0.000000	0.197283	0.000000	0.000000	0.000000	0.000000
22	tsk_22	(x)	1	:	0.000000	0.000000	0.000000	0.000000	0.000000	0.440709	0.000000	0.000000	0.559290	0.000000	0.000000	0.000000	0.000000
23	tsk_23	(x)	1	:	0.000000	0.000000	0.000000	0.000000	0.000000	0.566528	0.000000	0.000000	0.433472	0.000000	0.000000	0.000000	0.000000
24	tsk_24	(x)	1	:	0.000000	0.500039	0.000000	0.000000	0.000000	0.270462	0.000000	0.000000	0.229498	0.000000	0.000000	0.000000	0.000000
25	tsk_25	(x)	1	:	0.000000	0.000000	0.000000	0.000000	0.000000	0.000000	0.000000	0.000000	0.000000	1.000000	0.000000	0.000000	0.000000
26	tsk_26	(x)	1	:	0.000000	0.451553	0.405684	0.000000	0.142763	0.000000	0.000000	0.000000	0.000000	0.000000	0.000000	0.000000	0.000000
27	tsk_27	(x)	1	:	0.000000	0.000000	0.398816	0.000000	0.140533	0.000000	0.000000	0.000000	0.000000	0.460652	0.000000	0.000000	0.000000
28	tsk_28	(x)	1	:	0.000000	0.000000	0.000000	0.000000	0.000000	0.566528	0.000000	0.000000	0.433472	0.000000	0.000000	0.000000	0.000000
29	tsk_29	(x)	1	:	0.000000	0.000000	0.500149	0.000000	0.000000	0.270357	0.000000	0.000000	0.229493	0.000000	0.000000	0.000000	0.000000
30	tsk_30	(x)	1	:	0.480445	0.000000	0.497802	0.000000	0.000000	0.021753	0.000000	0.000000	0.000000	0.000000	0.000000	0.000000	0.000000
31	tsk_31	(x)	1	:	0.000000	0.000000	1.000000	0.000000	0.000000	0.000000	0.000000	0.000000	0.000000	0.000000	0.000000	0.000000	0.000000
32	tsk_32	(x)	1	:	1.000000	0.000000	0.000000	0.000000	0.000000	0.000000	0.000000	0.000000	0.000000	0.000000	0.000000	0.000000	0.000000
33	tsk_33	(x)	1	:	0.482630	0.000000	0.000000	0.000000	0.000000	0.050409	0.000000	0.000000	0.000000	0.000000	0.466962	0.000000	0.000000
34	tsk_34	(x)	1	:	0.481268	0.000000	0.498629	0.000000	0.000000	0.020103	0.000000	0.000000	0.000000	0.000000	0.000000	0.000000	0.000000
35	tsk_35	(x)	1	:	0.482630	0.000000	0.000000	0.000000	0.000000	0.050408	0.000000	0.000000	0.000000	0.000000	0.466962	0.000000	0.000000
36	tsk_36	(x)	1	:	1.000000	0.000000	0.000000	0.000000	0.000000	0.000000	0.000000	0.000000	0.000000	0.000000	0.000000	0.000000	0.000000
37	tsk_37	(x)	1	:	0.000000	0.000000	1.000000	0.000000	0.000000	0.000000	0.000000	0.000000	0.000000	0.000000	0.000000	0.000000	0.000000
38	tsk_38	(x)	1	:	1.000000	0.000000	0.000000	0.000000	0.000000	0.000000	0.000000	0.000000	0.000000	0.000000	0.000000	0.000000	0.000000
39	tsk_39	(x)	1	:	0.000000	0.000000	1.000000	0.000000	0.000000	0.000000	0.000000	0.000000	0.000000	0.000000	0.000000	0.000000	0.000000
40	tsk_40	(x)	1	:	0.000000	0.000000	0.000004	0.486787	0.378859	0.134350	0.000000	0.000000	0.000000	0.000000	0.000000	0.000000	0.000000
41	tsk_41	(x)	1	:	0.000000	0.060430	0.000000	0.000000	0.432125	0.006385	0.495340	0.000000	0.000000	0.000000	0.000000	0.000000	0.005719
42	tsk_42	(x)	1	:	0.000000	0.000000	0.499327	0.000000	0.384870	0.115802	0.000000	0.000000	0.000000	0.000000	0.000000	0.000000	0.000000
43	tsk_43	(x)	1	:	0.000000	0.000000	0.000000	0.000000	0.384917	0.218043	0.000000	0.397040	0.000000	0.000000	0.000000	0.000000	0.000000
44	tsk_44	(x)	1	:	0.000000	0.000000	0.000000	0.000000	0.000000	0.000000	0.000000	0.000000	0.000000	0.000000	0.000000	0.000000	1.000000
45	tsk_45	(x)	1	:	0.000000	0.065254	0.000000	0.000000	0.433701	0.003872	0.000000	0.000000	0.000000	0.000000	0.000000	0.000000	0.497174
46	tsk_46	(x)	1	:	0.000000	0.000000	0.446132	0.000000	0.000000	0.000000	0.000000	0.000000	0.000000	0.000000	0.553868	0.000000	0.000000
47	tsk_47	(x)	1	:	0.000000	0.000000	0.499352	0.000000	0.384876	0.115772	0.000000	0.000000	0.000000	0.000000	0.000000	0.000000	0.000000
48	tsk_48	(x)	1	:	0.000000	0.000000	0.474064	0.000000	0.000000	0.000003	0.000000	0.000000	0.000000	0.000000	0.000000	0.000000	0.525933
49	tsk_49	(x)	1	:	0.000000	0.000000	0.000000	0.000000	0.000000	0.000000	0.000000	0.000000	0.000000	0.000000	0.000000	0.000000	1.000000
50	tsk_50	(x)	1	:	0.000000	0.000000	0.000000	0.000000	0.000000	0.000000	0.000000	0.624863	0.000000	0.000000	0.375137	0.000000	0.000000
51	tsk_51	(x)	1	:	0.000000	0.000000	0.499953	0.000000	0.000000	0.033105	0.000000	0.000000	0.000000	0.000000	0.466941	0.000000	0.000000
52	tsk_52	(x)	1	:	0.000000	0.000000	0.000000	0.000000	0.000000	0.000000	0.000000	0.000000	0.000000	0.000000	1.000000	0.000000	0.000000
53	tsk_53	(x)	1	:	0.000000	0.000000	1.000000	0.000000	0.000000	0.000000	0.000000	0.000000	0.000000	0.000000	0.000000	0.000000	0.000000
54	tsk_54	(x)	1	:	0.000000	0.513285	0.000000	0.000000	0.000000	0.000000	0.000000	0.000000	0.000000	0.000000	0.486715	0.000000	0.000000
55	tsk_55	(x)	1	:	0.000000	0.000000	0.353663	0.000000	0.000000	0.000000	0.000000	0.646337	0.000000	0.000000	0.000000	0.000000	0.000000
56	tsk_56	(x)	1	:	0.000000	0.001955	0.496049	0.000000	0.000000	0.004619	0.000000	0.000000	0.000000	0.000000	0.000000	0.000000	0.497377
57	tsk_57	(x)	1	:	0.000000	0.000000	0.499937	0.000000	0.000000	0.033130	0.000000	0.000000	0.000000	0.000000	0.466933	0.000000	0.000000
58	tsk_58	(x)	1	:	0.000000	0.000000	0.499899	0.000000	0.000000	0.033186	0.000000	0.000000	0.000000	0.000000	0.466915	0.000000	0.000000
59	tsk_59	(x)	1	:	0.000000	0.000000	0.499886	0.000000	0.000000	0.033206	0.000000	0.000000	0.000000	0.000000	0.466909	0.000000	0.000000
60	tsk_60	(x)	1	:	0.000000	0.502427	0.000000	0.000000	0.000000	0.000000	0.000000	0.000000	0.000000	0.000000	0.000000	0.000000	0.497573
61	tsk_61	(x)	1	:	0.000000	0.000000	0.393778	0.000000	0.138913	0.000000	0.000000	0.000000	0.000000	0.000000	0.000000	0.000000	0.467309
62	tsk_62	(x)	1	:	0.000000	0.000000	0.393778	0.000000	0.138913	0.000000	0.000000	0.000000	0.000000	0.000000	0.000000	0.000000	0.467309
63	tsk_63	(x)	1	:	0.000000	0.000000	0.000000	0.000000	0.000000	0.000000	0.000000	0.000000	0.000000	0.000000	0.000000	0.000000	1.000000
64	tsk_64	(x)	1	:	0.000000	0.000000	0.499943	0.000000	0.000000	0.102608	0.000000	0.397449	0.000000	0.000000	0.000000	0.000000	0.000000
65	tsk_65	(x)	1	:	0.000000	0.000000	0.000000	0.000000	0.000000	0.000000	0.483172	0.516609	0.000000	0.000000	0.000000	0.000000	0.000219
66	tsk_66	(x)	1	:	0.000000	0.000000	0.896817	0.000000	0.103182	0.000000	0.000000	0.000000	0.000000	0.000000	0.000000	0.000000	0.000000
67	tsk_67	(x)	1	:	0.000000	0.000000	0.000000	0.000000	0.000000	0.000000	0.507274	0.000000	0.000000	0.000000	0.000000	0.000000	0.492725
68	tsk_68	(x)	1	:	0.000000	0.000000	0.000000	0.000000	0.000000	0.000000	0.000000	0.000000	0.000000	0.000000	0.000000	0.000000	1.000000
69	tsk_69	(x)	1	:	0.000000	0.001452	0.496076	0.000000	0.000000	0.004777	0.000000	0.000000	0.000000	0.000000	0.000000	0.000000	0.497696
70	tsk_70	(x)	1	:	0.461961	0.000000	0.000000	0.000000	0.000000	0.000032	0.000000	0.000000	0.000000	0.000000	0.398482	0.139525	0.000000
71	tsk_71	(x)	1	:	0.000000	0.513285	0.000000	0.000000	0.000000	0.000000	0.000000	0.000000	0.000000	0.000000	0.486715	0.000000	0.000000
72	tsk_72	(x)	1	:	0.000000	0.000000	0.000000	0.000000	0.000000	0.000000	0.000000	0.000000	0.000000	0.000000	1.000000	0.000000	0.000000
73	tsk_73	(x)	1	:	0.386476	0.000000	0.401549	0.000000	0.000000	0.000000	0.000000	0.000000	0.000000	0.000000	0.000000	0.211975	0.000000
74	tsk_74	(x)	1	:	0.000000	0.000000	0.910009	0.000000	0.000000	0.000000	0.000000	0.000000	0.000000	0.000000	0.000000	0.089991	0.000000
75	tsk_75	(x)	1	:	0.000000	0.433124	0.358764	0.000000	0.000000	0.000000	0.000000	0.000000	0.000000	0.000000	0.000000	0.208112	0.000000
76	tsk_76	(x)	1	:	0.000000	0.499152	0.495729	0.000000	0.000000	0.005120	0.000000	0.000000	0.000000	0.000000	0.000000	0.000000	0.000000
77	tsk_77	(x)	1	:	0.000000	0.499180	0.495872	0.000000	0.000000	0.004948	0.000000	0.000000	0.000000	0.000000	0.000000	0.000000	0.000000
78	tsk_78	(x)	1	:	0.000000	0.462348	0.417812	0.000000	0.000000	0.000000	0.000000	0.000000	0.000000	0.000000	0.000000	0.119841	0.000000
79	tsk_79	(x)	1	:	0.000000	0.499143	0.000000	0.000000	0.000000	0.000000	0.497394	0.000000	0.000000	0.000000	0.000000	0.000000	0.003463
80	tsk_80	(x)	1	:	0.000000	0.002422	0.496161	0.000000	0.000000	0.004318	0.000000	0.000000	0.000000	0.000000	0.000000	0.000000	0.497099
81	tsk_81	(x)	1	:	0.000000	0.000000	0.499965	0.000000	0.000000	0.075351	0.000000	0.000000	0.000000	0.000000	0.000000	0.424683	0.000000
82	tsk_82	(x)	1	:	0.000000	0.000000	0.499967	0.000000	0.000000	0.075349	0.000000	0.000000	0.000000	0.000000	0.000000	0.424684	0.000000
83	tsk_83	(x)	1	:	0.000000	0.000000	1.000000	0.000000	0.000000	0.000000	0.000000	0.000000	0.000000	0.000000	0.000000	0.000000	0.000000
84	tsk_84	(x)	1	:	0.000000	0.000000	1.000000	0.000000	0.000000	0.000000	0.000000	0.000000	0.000000	0.000000	0.000000	0.000000	0.000000
85	tsk_85	(x)	1	:	0.000000	0.000000	0.896817	0.000000	0.103182	0.000000	0.000000	0.000000	0.000000	0.000000	0.000000	0.000000	0.000000
86	tsk_86	(x)	1	:	0.000000	0.499213	0.496042	0.000000	0.000000	0.004744	0.000000	0.000000	0.000000	0.000000	0.000000	0.000000	0.000000
87	tsk_87	(x)	1	:	0.000000	0.000000	0.896817	0.000000	0.103182	0.000000	0.000000	0.000000	0.000000	0.000000	0.000000	0.000000	0.000000
88	tsk_88	(x)	1	:	0.000000	0.000000	1.000000	0.000000	0.000000	0.000000	0.000000	0.000000	0.000000	0.000000	0.000000	0.000000	0.000000
89	tsk_89	(x)	1	:	1.000000	0.000000	0.000000	0.000000	0.000000	0.000000	0.000000	0.000000	0.000000	0.000000	0.000000	0.000000	0.000000
90	tsk_90	(x)	1	:	0.000000	0.000000	1.000000	0.000000	0.000000	0.000000	0.000000	0.000000	0.000000	0.000000	0.000000	0.000000	0.000000
91	tsk_91	(x)	1	:	0.000000	0.000000	1.000000	0.000000	0.000000	0.000000	0.000000	0.000000	0.000000	0.000000	0.000000	0.000000	0.000000
92	tsk_92	(x)	1	:	0.000000	0.000000	0.000000	0.000000	0.000000	0.070968	0.000000	0.397475	0.000000	0.531557	0.000000	0.000000	0.000000
93	tsk_93	(x)	1	:	0.000000	0.502427	0.000000	0.000000	0.000000	0.000000	0.000000	0.000000	0.000000	0.000000	0.000000	0.000000	0.497573
94	tsk_94	(x)	1	:	0.000000	0.000000	0.000000	0.000000	0.000000	0.192771	0.000000	0.000000	0.229531	0.000000	0.577699	0.000000	0.000000
95	tsk_95	(x)	1	:	0.482342	0.013207	0.000000	0.000000	0.000000	0.017718	0.000000	0.000000	0.000000	0.486733	0.000000	0.000000	0.000000
96	tsk_96	(x)	1	:	0.481471	0.000000	0.498832	0.000000	0.000000	0.019697	0.000000	0.000000	0.000000	0.000000	0.000000	0.000000	0.000000
97	tsk_97	(x)	1	:	0.436213	0.000000	0.452910	0.000000	0.000000	0.000000	0.000000	0.000000	0.000000	0.000000	0.000000	0.110877	0.000000
98	tsk_98	(x)	1	:	0.000000	0.001650	0.496285	0.000000	0.000000	0.004468	0.000000	0.000000	0.000000	0.000000	0.000000	0.000000	0.497597
99	tsk_99	(x)	1	:	0.000000	0.012203	0.495872	0.000000	0.000000	0.005019	0.000000	0.000000	0.000000	0.486906	0.000000	0.000000	0.000000
100	tsk_100	(x)	1	:	0.000000	0.000000	1.000000	0.000000	0.000000	0.000000	0.000000	0.000000	0.000000	0.000000	0.000000	0.000000	0.000000
101	tsk_101	(x)	1	:	0.000000	0.001061	0.496142	0.000000	0.000000	0.004848	0.000000	0.000000	0.000000	0.000000	0.000000	0.000000	0.497948
102	tsk_102	(x)	1	:	0.000000	0.002660	0.495961	0.000000	0.000000	0.004454	0.000000	0.000000	0.000000	0.000000	0.000000	0.000000	0.496925
103	tsk_103	(x)	1	:	0.000000	0.000000	1.000000	0.000000	0.000000	0.000000	0.000000	0.000000	0.000000	0.000000	0.000000	0.000000	0.000000
104	tsk_104	(x)	1	:	0.000000	0.000000	1.000000	0.000000	0.000000	0.000000	0.000000	0.000000	0.000000	0.000000	0.000000	0.000000	0.000000
105	tsk_105	(x)	1	:	0.000000	0.002244	0.495973	0.000000	0.000000	0.004596	0.000000	0.000000	0.000000	0.000000	0.000000	0.000000	0.497187
106	tsk_106	(x)	1	:	0.000000	0.000000	0.000000	0.000000	0.000000	0.000000	0.507274	0.000000	0.000000	0.000000	0.000000	0.000000	0.492725
107	tsk_107	(x)	1	:	0.436213	0.000000	0.452910	0.000000	0.000000	0.000000	0.000000	0.000000	0.000000	0.000000	0.000000	0.110877	0.000000
108	tsk_108	(x)	1	:	0.000000	0.002088	0.496115	0.000000	0.000000	0.004495	0.000000	0.000000	0.000000	0.000000	0.000000	0.000000	0.497302
109	tsk_109	(x)	1	:	0.000000	0.000000	0.387558	0.000000	0.000000	0.000000	0.000000	0.000000	0.000000	0.000000	0.612441	0.000000	0.000000
110	tsk_110	(x)	1	:	0.461936	0.000000	0.000000	0.000000	0.000000	0.000069	0.000000	0.000000	0.000000	0.000000	0.398471	0.139523	0.000000
111	tsk_111	(x)	1	:	0.000000	0.000000	0.510415	0.489585	0.000000	0.000000	0.000000	0.000000	0.000000	0.000000	0.000000	0.000000	0.000000
112	tsk_112	(x)	1	:	0.000000	0.000000	0.000002	0.516109	0.000000	0.000965	0.000000	0.000000	0.000000	0.000000	0.482923	0.000000	0.000000
113	tsk_113	(x)	1	:	0.000000	0.000000	0.500001	0.000000	0.000000	0.499999	0.000000	0.000000	0.000000	0.000000	0.000000	0.000000	0.000000
114	tsk_114	(x)	1	:	0.000000	0.000000	1.000000	0.000000	0.000000	0.000000	0.000000	0.000000	0.000000	0.000000	0.000000	0.000000	0.000000
115	tsk_115	(x)	1	:	0.482630	0.000000	0.000000	0.000000	0.000000	0.050408	0.000000	0.000000	0.000000	0.000000	0.466962	0.000000	0.000000
116	tsk_116	(x)	1	:	0.482634	0.000000	0.000000	0.000000	0.000000	0.517366	0.000000	0.000000	0.000000	0.000000	0.000000	0.000000	0.000000
117	tsk_117	(x)	1	:	0.000000	0.000000	0.500001	0.000000	0.000000	0.499999	0.000000	0.000000	0.000000	0.000000	0.000000	0.000000	0.000000
118	tsk_118	(x)	1	:	0.000000	0.000000	0.499950	0.000000	0.000000	0.033110	0.000000	0.000000	0.000000	0.000000	0.466940	0.000000	0.000000
119	tsk_119	(x)	1	:	0.401143	0.000000	0.000000	0.000000	0.000000	0.000000	0.000000	0.000000	0.000000	0.000000	0.000000	0.124086	0.474771
120	tsk_120	(x)	1	:	0.000000	0.555410	0.000000	0.000000	0.000000	0.000000	0.000000	0.000000	0.000000	0.000000	0.000000	0.444590	0.000000
121	tsk_121	(x)	1	:	0.000000	0.513285	0.000000	0.000000	0.000000	0.000000	0.000000	0.000000	0.000000	0.000000	0.486715	0.000000	0.000000
122	tsk_122	(x)	1	:	0.000000	1.000000	0.000000	0.000000	0.000000	0.000000	0.000000	0.000000	0.000000	0.000000	0.000000	0.000000	0.000000
123	tsk_123	(x)	1	:	0.000000	0.502427	0.000000	0.000000	0.000000	0.000000	0.000000	0.000000	0.000000	0.000000	0.000000	0.000000	0.497573
124	tsk_124	(x)	1	:	0.000000	0.499143	0.000000	0.000000	0.000000	0.000000	0.497396	0.000000	0.000000	0.000000	0.000000	0.000000	0.003461
125	tsk_125	(x)	1	:	0.401143	0.000000	0.000000	0.000000	0.000000	0.000000	0.000000	0.000000	0.000000	0.000000	0.000000	0.124086	0.474771
126	tsk_126	(x)	1	:	0.000000	0.000000	0.000000	0.000000	0.000000	0.102134	0.497302	0.397531	0.000000	0.000000	0.000000	0.000000	0.003034
127	tsk_127	(x)	1	:	0.000000	1.000000	0.000000	0.000000	0.000000	0.000000	0.000000	0.000000	0.000000	0.000000	0.000000	0.000000	0.000000
128	tsk_128	(x)	1	:	0.000000	0.000000	0.496219	0.000000	0.000000	0.003887	0.497041	0.000000	0.000000	0.000000	0.000000	0.000000	0.002853
129	tsk_129	(x)	1	:	0.000000	0.562012	0.000000	0.000000	0.433440	0.004548	0.000000	0.000000	0.000000	0.000000	0.000000	0.000000	0.000000
130	tsk_130	(x)	1	:	0.000000	0.000000	0.000000	0.000000	0.000000	0.602498	0.000000	0.397502	0.000000	0.000000	0.000000	0.000000	0.000000
131	tsk_131	(x)	1	:	0.000000	0.000000	1.000000	0.000000	0.000000	0.000000	0.000000	0.000000	0.000000	0.000000	0.000000	0.000000	0.000000
132	tsk_132	(x)	1	:	0.000000	0.000000	0.499933	0.000000	0.000000	0.033136	0.000000	0.000000	0.000000	0.000000	0.466931	0.000000	0.000000
133	tsk_133	(x)	1	:	0.000000	0.000000	0.000000	0.000000	0.000000	0.000000	0.000000	1.000000	0.000000	0.000000	0.000000	0.000000	0.000000
134	tsk_134	(x)	1	:	0.000000	0.000000	0.484930	0.000000	0.128556	0.001846	0.000000	0.384667	0.000000	0.000000	0.000000	0.000000	0.000000
135	tsk_135	(x)	1	:	0.000000	0.000000	0.500001	0.000000	0.000000	0.499999	0.000000	0.000000	0.000000	0.000000	0.000000	0.000000	0.000000
136	tsk_136	(x)	1	:	0.000000	0.000000	0.499934	0.000000	0.000000	0.102624	0.000000	0.397441	0.000000	0.000000	0.000000	0.000000	0.000000
137	tsk_137	(x)	1	:	0.000000	0.000000	0.791916	0.000000	0.208084	0.000000	0.000000	0.000000	0.000000	0.000000	0.000000	0.000000	0.000000
138	tsk_138	(x)	1	:	0.000000	0.000000	0.810112	0.000000	0.189887	0.000000	0.000000	0.000000	0.000000	0.000000	0.000000	0.000000	0.000000
139	tsk_139	(x)	1	:	0.000000	0.000000	0.484934	0.000000	0.128557	0.001838	0.000000	0.384670	0.000000	0.000000	0.000000	0.000000	0.000000
140	tsk_140	(x)	1	:	0.000000	0.015850	0.000000	0.000000	0.000000	0.000000	0.000000	0.000000	0.000000	0.486636	0.000000	0.000000	0.497514
141	tsk_141	(x)	1	:	0.000000	0.499176	0.495852	0.000000	0.000000	0.004973	0.000000	0.000000	0.000000	0.000000	0.000000	0.000000	0.000000
142	tsk_142	(x)	1	:	0.000000	0.000000	0.000000	0.000000	0.000000	0.420421	0.000000	0.000000	0.000000	0.000000	0.579579	0.000000	0.000000
143	tsk_143	(x)	1	:	0.000000	0.015832	0.000000	0.000000	0.000000	0.000000	0.000000	0.000000	0.000000	0.486647	0.000000	0.000000	0.497521
144	tsk_144	(x)	1	:	0.482350	0.013220	0.000000	0.000000	0.000000	0.017706	0.000000	0.000000	0.000000	0.486724	0.000000	0.000000	0.000000
145	tsk_145	(x)	1	:	0.000000	0.513285	0.000000	0.000000	0.000000	0.000000	0.000000	0.000000	0.000000	0.000000	0.486715	0.000000	0.000000
146	tsk_146	(x)	1	:	0.000000	0.500000	0.000000	0.000000	0.000000	0.500000	0.000000	0.000000	0.000000	0.000000	0.000000	0.000000	0.000000
147	tsk_147	(x)	1	:	0.482260	0.499927	0.000000	0.000000	0.000000	0.017814	0.000000	0.000000	0.000000	0.000000	0.000000	0.000000	0.000000
148	tsk_148	(x)	1	:	0.000000	0.015877	0.000000	0.000000	0.000000	0.000000	0.000000	0.000000	0.000000	0.486619	0.000000	0.000000	0.497503
149	tsk_149	(x)	1	:	0.000000	0.463990	0.000000	0.000000	0.000000	0.000000	0.000000	0.000000	0.000000	0.000000	0.536010	0.000000	0.000000
