logL = -854.386802 (converged)
AIC = 5268.773603
BIC = 10627.704427

count.K
8 17 7 81 2 12 8 7 6 2 

