logL = -988.646431 (converged)
AIC = 4337.292863
BIC = 7889.842510

count.K
25 6 30 8 5 21 55 

