logL = -652.267141 (converged)
AIC = 5052.534283
BIC = 10694.464824

count.K
13 11 9 18 21 4 2 19 5 42 6 

