logL = -1351.902899 (converged)
AIC = 5189.805798
BIC = 8932.025468

count.K
7 16 47 35 4 2 39 

