logL = -694.715949 (converged)
AIC = 3553.431899
BIC = 6810.939287

count.K
11 0 29 38 18 22 32 

