logL = -1875.059862 (converged)
AIC = 4202.119724
BIC = 4882.523300

count.K
104 46 

