logL = -981.861359 (converged)
AIC = 6447.722718
BIC = 13197.567047

count.K
2 3 2 0 8 9 50 5 39 3 7 3 19 

