logL = -704.206746 (converged)
AIC = 4420.413492
BIC = 8954.430245

count.K
6 2 19 37 25 20 31 7 3 

