logL = -971.575347 (converged)
AIC = 6155.150695
BIC = 12495.548624

count.K
28 8 13 25 1 15 1 20 10 9 5 15 

