logL = -2900.420093 (converged)
AIC = 6700.840185
BIC = 8055.626068

count.K
46 68 36 

