logL = -1242.020843 (converged)
AIC = 7228.041686
BIC = 14369.268603

count.K
16 13 6 4 26 19 11 10 6 9 7 5 18 

