logL = -1987.483492 (converged)
AIC = 8834.966983
BIC = 16150.810748

count.K
20 8 32 2 0 1 22 25 6 16 18 0 

