logL = -1007.192614 (converged)
AIC = 5872.385228
BIC = 11679.900710

count.K
13 20 14 10 19 16 17 18 10 0 13 

