logL = -557.879121 (converged)
AIC = 5255.758242
BIC = 11487.773301

count.K
9 26 10 2 3 2 12 57 15 4 1 9 

