logL = -1212.417783 (converged)
AIC = 3596.835565
BIC = 5361.067848

count.K
27 23 60 40 

