logL = -1465.185725 (converged)
AIC = 8426.371450
BIC = 16699.597238

count.K
17 9 22 0 8 13 17 1 17 14 16 1 11 4 

