logL = -1418.371545 (converged)
AIC = 7716.743091
BIC = 15062.693208

count.K
0 1 1 2 4 28 5 37 1 34 23 6 6 2 

