logL = -1566.004377 (converged)
AIC = 5196.008754
BIC = 8302.984378

count.K
70 13 22 19 17 9 

