logL = -1745.745558 (converged)
AIC = 8261.491117
BIC = 15441.856293

count.K
12 13 28 1 4 12 33 12 11 0 6 16 2 

