logL = -787.371429 (converged)
AIC = 4834.742858
BIC = 9742.078387

count.K
0 17 24 10 34 9 27 18 5 6 

