logL = -2242.087596 (converged)
AIC = 6632.175193
BIC = 9865.597499

count.K
5 23 57 33 2 30 

