logL = -2363.903957 (converged)
AIC = 6947.807913
BIC = 10289.613090

count.K
30 14 53 22 18 13 

