logL = -1346.998856 (converged)
AIC = 3515.997712
BIC = 4753.368818

count.K
76 43 31 

