logL = -1163.805857 (converged)
AIC = 6405.611714
BIC = 12544.297079

count.K
16 8 6 7 6 10 22 23 1 16 35 

