logL = -1508.519869 (converged)
AIC = 7095.039738
BIC = 13233.725102

count.K
2 21 43 25 2 6 24 4 12 7 4 

