logL = -1170.852010 (converged)
AIC = 5241.704021
BIC = 9607.125197

count.K
42 10 7 26 5 23 24 13 

