logL = -730.951972 (converged)
AIC = 6681.903944
BIC = 14539.662062

count.K
6 28 9 2 15 2 20 2 10 19 23 0 1 7 6 

