0	tsk_0	(x)	1	:	0.000000	0.000000	0.000000	1.000000	0.000000	0.000000	0.000000	0.000000	0.000000	0.000000	0.000000	0.000000	0.000000	0.000000	0.000000
1	tsk_1	(x)	1	:	0.000000	0.000000	0.000000	0.000000	0.000000	0.000000	1.000000	0.000000	0.000000	0.000000	0.000000	0.000000	0.000000	0.000000	0.000000
2	tsk_2	(x)	1	:	0.000000	0.000000	0.000000	0.499233	0.000000	0.000000	0.498848	0.000000	0.000000	0.000000	0.000000	0.000000	0.000149	0.000000	0.001770
3	tsk_3	(x)	1	:	0.000000	0.000000	0.000000	0.500000	0.000000	0.000000	0.000000	0.000000	0.000000	0.000000	0.000000	0.000000	0.165217	0.000000	0.334783
4	tsk_4	(x)	1	:	0.000000	0.000000	0.000000	0.000000	0.000000	0.000000	0.500000	0.000000	0.000000	0.000000	0.000000	0.000000	0.221174	0.000000	0.278826
5	tsk_5	(x)	1	:	0.131624	0.000000	0.000000	0.499164	0.000000	0.000000	0.367119	0.000000	0.000000	0.000000	0.000000	0.000000	0.000549	0.000000	0.001544
6	tsk_6	(x)	1	:	0.131623	0.000000	0.000000	0.499268	0.000000	0.000000	0.367276	0.000000	0.000000	0.000000	0.000000	0.000000	0.000000	0.000000	0.001832
7	tsk_7	(x)	1	:	0.000000	0.000000	0.000000	0.000000	0.000000	0.000000	1.000000	0.000000	0.000000	0.000000	0.000000	0.000000	0.000000	0.000000	0.000000
8	tsk_8	(x)	1	:	0.131622	0.000000	0.000000	0.000000	0.000000	0.000000	0.868378	0.000000	0.000000	0.000000	0.000000	0.000000	0.000000	0.000000	0.000000
9	tsk_9	(x)	1	:	0.000000	0.000000	0.000000	0.500000	0.000000	0.000000	0.000000	0.000000	0.000000	0.000000	0.000000	0.000000	0.426032	0.000000	0.073968
10	tsk_10	(x)	1	:	0.000000	0.000000	0.000000	0.000000	0.498260	0.000000	0.501740	0.000000	0.000000	0.000000	0.000000	0.000000	0.000000	0.000000	0.000000
11	tsk_11	(x)	1	:	0.508708	0.000000	0.000000	0.491292	0.000000	0.000000	0.000000	0.000000	0.000000	0.000000	0.000000	0.000000	0.000000	0.000000	0.000000
12	tsk_12	(x)	1	:	0.000000	0.000000	0.000000	0.000000	0.000000	0.000000	0.000000	0.000000	0.000000	0.000000	0.000000	0.000000	0.812480	0.000000	0.187520
13	tsk_13	(x)	1	:	0.000000	0.000000	0.000000	0.500000	0.000000	0.000000	0.000000	0.000000	0.000000	0.000000	0.000000	0.000000	0.235688	0.000000	0.264312
14	tsk_14	(x)	1	:	0.000000	0.000000	0.000000	0.000000	0.000000	0.000000	0.000000	0.000000	0.000000	0.000000	0.000000	0.000000	1.000000	0.000000	0.000000
15	tsk_15	(x)	1	:	0.000000	0.000000	0.000000	0.000000	0.498260	0.000000	0.501740	0.000000	0.000000	0.000000	0.000000	0.000000	0.000000	0.000000	0.000000
16	tsk_16	(x)	1	:	0.000000	0.017906	0.000000	0.000000	0.498032	0.000000	0.000000	0.484062	0.000000	0.000000	0.000000	0.000000	0.000000	0.000000	0.000000
17	tsk_17	(x)	1	:	0.000000	0.000000	0.000000	0.000000	0.413128	0.217739	0.369133	0.000000	0.000000	0.000000	0.000000	0.000000	0.000000	0.000000	0.000000
18	tsk_18	(x)	1	:	0.000000	0.484770	0.000000	0.000000	0.000000	0.000000	0.515230	0.000000	0.000000	0.000000	0.000000	0.000000	0.000000	0.000000	0.000000
19	tsk_19	(x)	1	:	0.000000	0.000000	0.000000	0.000000	0.298805	0.701194	0.000000	0.000000	0.000000	0.000000	0.000000	0.000000	0.000000	0.000000	0.000000
20	tsk_20	(x)	1	:	0.000000	0.000000	0.000000	0.000000	0.000000	0.000000	0.000000	0.000000	0.000000	0.000000	0.000000	0.000000	0.620221	0.000000	0.379779
21	tsk_21	(x)	1	:	0.000000	0.000000	0.000000	0.000000	0.000000	0.000000	0.499914	0.000000	0.500086	0.000000	0.000000	0.000000	0.000000	0.000000	0.000000
22	tsk_22	(x)	1	:	0.000000	0.000000	0.000000	0.000000	0.000000	0.000000	0.500000	0.000000	0.000000	0.000000	0.000000	0.000000	0.232894	0.000000	0.267106
23	tsk_23	(x)	1	:	0.000000	0.000000	0.000000	0.000000	0.000000	0.000000	0.000000	0.000000	0.500041	0.000000	0.000000	0.000000	0.116542	0.000000	0.383417
24	tsk_24	(x)	1	:	0.000000	0.000000	0.000000	0.000000	0.000000	0.000000	0.000000	0.000000	0.000000	0.000000	0.000000	0.000000	0.714688	0.000000	0.285312
25	tsk_25	(x)	1	:	0.000000	0.017631	0.000000	0.000000	0.000000	0.000000	0.000000	0.483774	0.000000	0.000000	0.000000	0.000000	0.340592	0.000000	0.158003
26	tsk_26	(x)	1	:	0.000000	0.000000	0.000000	0.000000	0.000000	0.000000	0.000000	0.000000	0.000000	0.000000	0.000000	0.000000	0.889809	0.000000	0.110191
27	tsk_27	(x)	1	:	0.000000	0.000000	0.000000	0.000000	0.000000	0.000000	0.500000	0.000000	0.000000	0.000000	0.000000	0.000000	0.264009	0.000000	0.235991
28	tsk_28	(x)	1	:	0.000000	0.000000	0.000000	0.000000	0.000000	0.000000	0.500000	0.000000	0.000000	0.000000	0.000000	0.000000	0.209733	0.000000	0.290267
29	tsk_29	(x)	1	:	0.000000	0.000000	0.000000	0.000000	0.000000	0.000000	0.000000	0.000000	0.500065	0.000000	0.000000	0.000000	0.117236	0.000000	0.382699
30	tsk_30	(x)	1	:	0.000000	0.017312	0.000000	0.000000	0.000000	0.000000	0.000000	0.484019	0.000000	0.000000	0.000000	0.000000	0.278937	0.000000	0.219732
31	tsk_31	(x)	1	:	0.507668	0.000000	0.000000	0.000000	0.492332	0.000000	0.000000	0.000000	0.000000	0.000000	0.000000	0.000000	0.000000	0.000000	0.000000
32	tsk_32	(x)	1	:	0.000000	0.000000	0.000000	0.000000	0.000000	0.000000	0.000000	0.000000	0.000000	0.000000	0.000000	0.000000	0.739990	0.000000	0.260010
33	tsk_33	(x)	1	:	0.000000	0.000000	0.000000	0.000000	1.000000	0.000000	0.000000	0.000000	0.000000	0.000000	0.000000	0.000000	0.000000	0.000000	0.000000
34	tsk_34	(x)	1	:	0.000000	0.000000	0.000000	0.000000	0.000000	0.000000	0.000000	1.000000	0.000000	0.000000	0.000000	0.000000	0.000000	0.000000	0.000000
35	tsk_35	(x)	1	:	0.000000	0.017425	0.000000	0.000000	0.000000	0.000000	0.000000	0.483932	0.000000	0.000000	0.000000	0.000000	0.362857	0.000000	0.135786
36	tsk_36	(x)	1	:	0.000000	0.000000	0.000000	0.000000	0.000000	0.000000	0.000000	1.000000	0.000000	0.000000	0.000000	0.000000	0.000000	0.000000	0.000000
37	tsk_37	(x)	1	:	0.000000	0.000000	0.000000	0.000000	0.403390	0.186749	0.000000	0.000000	0.409861	0.000000	0.000000	0.000000	0.000000	0.000000	0.000000
38	tsk_38	(x)	1	:	0.000000	0.017638	0.000000	0.000000	0.000000	0.000000	0.000000	0.483768	0.000000	0.000000	0.000000	0.000000	0.279891	0.000000	0.218703
39	tsk_39	(x)	1	:	0.000000	0.000000	0.000000	0.000000	1.000000	0.000000	0.000000	0.000000	0.000000	0.000000	0.000000	0.000000	0.000000	0.000000	0.000000
40	tsk_40	(x)	1	:	0.000000	0.484614	0.000000	0.000000	0.000000	0.000000	0.015426	0.000000	0.499960	0.000000	0.000000	0.000000	0.000000	0.000000	0.000000
41	tsk_41	(x)	1	:	0.000000	1.000000	0.000000	0.000000	0.000000	0.000000	0.000000	0.000000	0.000000	0.000000	0.000000	0.000000	0.000000	0.000000	0.000000
42	tsk_42	(x)	1	:	0.000000	0.484770	0.000000	0.000000	0.000000	0.000000	0.515230	0.000000	0.000000	0.000000	0.000000	0.000000	0.000000	0.000000	0.000000
43	tsk_43	(x)	1	:	0.000000	0.000000	0.000000	0.000000	0.000000	0.000000	0.000000	0.000000	1.000000	0.000000	0.000000	0.000000	0.000000	0.000000	0.000000
44	tsk_44	(x)	1	:	0.513265	0.000000	0.000000	0.000000	0.000000	0.000000	0.000000	0.000000	0.000000	0.000000	0.000000	0.000000	0.266299	0.000000	0.220436
45	tsk_45	(x)	1	:	0.000000	1.000000	0.000000	0.000000	0.000000	0.000000	0.000000	0.000000	0.000000	0.000000	0.000000	0.000000	0.000000	0.000000	0.000000
46	tsk_46	(x)	1	:	0.000000	0.484770	0.000000	0.000000	0.000000	0.000000	0.515230	0.000000	0.000000	0.000000	0.000000	0.000000	0.000000	0.000000	0.000000
47	tsk_47	(x)	1	:	0.518986	0.479594	0.000000	0.000000	0.000000	0.000000	0.001420	0.000000	0.000000	0.000000	0.000000	0.000000	0.000000	0.000000	0.000000
48	tsk_48	(x)	1	:	0.000000	0.000000	0.000000	0.000000	0.498260	0.000000	0.000000	0.000000	0.000000	0.000000	0.000000	0.000000	0.204539	0.000000	0.297201
49	tsk_49	(x)	1	:	0.000000	0.484630	0.000000	0.000000	0.000000	0.000000	0.015403	0.000000	0.499966	0.000000	0.000000	0.000000	0.000000	0.000000	0.000000
50	tsk_50	(x)	1	:	0.000000	0.000000	0.000000	0.000000	0.000000	0.000000	0.500000	0.000000	0.000000	0.000000	0.000000	0.000000	0.219047	0.000000	0.280953
51	tsk_51	(x)	1	:	0.000000	0.000000	0.000000	0.000000	0.498260	0.000000	0.501740	0.000000	0.000000	0.000000	0.000000	0.000000	0.000000	0.000000	0.000000
52	tsk_52	(x)	1	:	0.000000	0.000000	0.500949	0.000000	0.000000	0.000000	0.000000	0.000000	0.000000	0.000000	0.000000	0.000000	0.499051	0.000000	0.000000
53	tsk_53	(x)	1	:	0.000000	0.000000	0.000000	0.000000	0.498260	0.000000	0.000000	0.000000	0.000000	0.000000	0.000000	0.000000	0.351565	0.000000	0.150175
54	tsk_54	(x)	1	:	0.131622	0.000000	0.000000	0.000000	0.000000	0.000000	0.368378	0.000000	0.000000	0.000000	0.000000	0.000000	0.299510	0.000000	0.200490
55	tsk_55	(x)	1	:	0.000000	0.000000	0.000000	0.000000	0.000000	0.000000	0.000000	0.000000	0.000000	0.000000	0.000000	0.000000	0.000000	1.000000	0.000000
56	tsk_56	(x)	1	:	0.000000	0.000000	0.000000	0.000000	0.000000	0.000000	1.000000	0.000000	0.000000	0.000000	0.000000	0.000000	0.000000	0.000000	0.000000
57	tsk_57	(x)	1	:	0.000000	0.000000	0.000000	0.000000	0.000000	0.000000	0.500000	0.000000	0.000000	0.000000	0.000000	0.000000	0.344284	0.000000	0.155716
58	tsk_58	(x)	1	:	0.000000	0.000000	0.000000	0.000000	0.000000	0.000000	0.498872	0.000000	0.000000	0.000000	0.000000	0.497738	0.001248	0.000000	0.002142
59	tsk_59	(x)	1	:	0.000000	0.000000	0.000000	0.000000	0.000000	0.000000	0.500000	0.000000	0.000000	0.000000	0.000000	0.000000	0.363084	0.000000	0.136915
60	tsk_60	(x)	1	:	0.000000	0.000000	0.000000	0.000000	0.498260	0.000000	0.000000	0.000000	0.000000	0.000000	0.000000	0.000000	0.455110	0.000000	0.046630
61	tsk_61	(x)	1	:	0.000000	0.000000	0.000000	0.000000	0.000000	0.000000	0.000000	0.000000	0.500104	0.000000	0.000000	0.000000	0.388264	0.000000	0.111633
62	tsk_62	(x)	1	:	0.000000	0.000000	0.000000	0.000000	0.498260	0.000000	0.000000	0.000000	0.000000	0.000000	0.000000	0.000000	0.392286	0.000000	0.109454
63	tsk_63	(x)	1	:	0.000000	0.000000	0.000000	0.000000	0.000000	0.000000	0.000000	0.000000	0.500055	0.000000	0.000000	0.000000	0.169649	0.000000	0.330296
64	tsk_64	(x)	1	:	0.000000	0.016856	0.000000	0.000000	0.000000	0.000000	0.000000	0.484328	0.498817	0.000000	0.000000	0.000000	0.000000	0.000000	0.000000
65	tsk_65	(x)	1	:	0.000000	0.000000	0.000000	0.000000	0.498260	0.000000	0.000000	0.000000	0.000000	0.000000	0.000000	0.000000	0.266815	0.000000	0.234926
66	tsk_66	(x)	1	:	0.000000	0.000000	0.000000	0.000000	0.498260	0.000000	0.000000	0.000000	0.000000	0.000000	0.000000	0.000000	0.298053	0.000000	0.203687
67	tsk_67	(x)	1	:	0.000000	0.000000	0.000000	0.000000	1.000000	0.000000	0.000000	0.000000	0.000000	0.000000	0.000000	0.000000	0.000000	0.000000	0.000000
68	tsk_68	(x)	1	:	0.000000	0.000000	0.500949	0.000000	0.000000	0.000000	0.000000	0.000000	0.000000	0.000000	0.000000	0.000000	0.104986	0.000000	0.394065
69	tsk_69	(x)	1	:	0.000000	0.000000	0.541120	0.000000	0.458880	0.000000	0.000000	0.000000	0.000000	0.000000	0.000000	0.000000	0.000000	0.000000	0.000000
70	tsk_70	(x)	1	:	0.000000	0.000000	0.000000	0.000000	0.000000	0.000000	0.000000	0.000000	0.000000	0.000000	0.000000	0.000000	0.618205	0.000000	0.381795
71	tsk_71	(x)	1	:	0.000000	0.000000	0.000000	0.000000	0.000000	0.000000	0.000000	1.000000	0.000000	0.000000	0.000000	0.000000	0.000000	0.000000	0.000000
72	tsk_72	(x)	1	:	0.000000	0.006874	0.000000	0.000000	0.000000	0.000000	0.000000	0.492018	0.000000	0.000000	0.000000	0.000000	0.187547	0.000000	0.313561
73	tsk_73	(x)	1	:	0.000000	0.000000	0.000000	0.000000	0.000000	0.000000	0.000000	0.481577	0.000000	0.518423	0.000000	0.000000	0.000000	0.000000	0.000000
74	tsk_74	(x)	1	:	0.000000	0.017481	0.000000	0.000000	0.000000	0.000000	0.000000	0.483889	0.000000	0.000000	0.000000	0.000000	0.112215	0.000000	0.386415
75	tsk_75	(x)	1	:	0.000000	0.000000	0.000000	0.000000	0.000000	0.000000	0.000000	0.502909	0.197724	0.299367	0.000000	0.000000	0.000000	0.000000	0.000000
76	tsk_76	(x)	1	:	0.000000	0.662067	0.000000	0.000000	0.000000	0.000000	0.337933	0.000000	0.000000	0.000000	0.000000	0.000000	0.000000	0.000000	0.000000
77	tsk_77	(x)	1	:	0.000000	0.000000	0.000000	0.000000	0.000000	0.000000	0.500000	0.000000	0.000000	0.000000	0.000000	0.000000	0.321905	0.000000	0.178095
78	tsk_78	(x)	1	:	0.000000	0.000000	0.000000	0.000000	0.000000	0.000000	0.000000	1.000000	0.000000	0.000000	0.000000	0.000000	0.000000	0.000000	0.000000
79	tsk_79	(x)	1	:	0.000000	0.000000	0.000000	0.000000	0.000000	0.000000	0.000000	0.000000	0.000000	0.000000	0.000000	0.000000	0.696734	0.000000	0.303266
80	tsk_80	(x)	1	:	0.000000	0.000000	0.000000	0.000000	0.000000	0.000000	0.000000	1.000000	0.000000	0.000000	0.000000	0.000000	0.000000	0.000000	0.000000
81	tsk_81	(x)	1	:	0.131622	0.000000	0.000000	0.000000	0.000000	0.000000	0.368378	0.000000	0.000000	0.000000	0.000000	0.000000	0.353321	0.000000	0.146678
82	tsk_82	(x)	1	:	1.000000	0.000000	0.000000	0.000000	0.000000	0.000000	0.000000	0.000000	0.000000	0.000000	0.000000	0.000000	0.000000	0.000000	0.000000
83	tsk_83	(x)	1	:	0.000000	0.000000	0.000000	0.000000	0.000000	0.000000	0.000000	1.000000	0.000000	0.000000	0.000000	0.000000	0.000000	0.000000	0.000000
84	tsk_84	(x)	1	:	0.514148	0.006303	0.000000	0.000000	0.000000	0.000000	0.000001	0.479548	0.000000	0.000000	0.000000	0.000000	0.000000	0.000000	0.000000
85	tsk_85	(x)	1	:	1.000000	0.000000	0.000000	0.000000	0.000000	0.000000	0.000000	0.000000	0.000000	0.000000	0.000000	0.000000	0.000000	0.000000	0.000000
86	tsk_86	(x)	1	:	0.000000	0.000000	0.000000	0.000000	0.000000	0.000000	0.000000	0.000000	1.000000	0.000000	0.000000	0.000000	0.000000	0.000000	0.000000
87	tsk_87	(x)	1	:	0.131581	0.021004	0.000000	0.000000	0.000000	0.000000	0.364222	0.483193	0.000000	0.000000	0.000000	0.000000	0.000000	0.000000	0.000000
88	tsk_88	(x)	1	:	0.131622	0.000000	0.000000	0.000000	0.000000	0.000000	0.368378	0.000000	0.000000	0.000000	0.000000	0.000000	0.412773	0.000000	0.087227
89	tsk_89	(x)	1	:	0.513265	0.000000	0.000000	0.000000	0.000000	0.000000	0.000000	0.000000	0.000000	0.000000	0.000000	0.000000	0.319962	0.000000	0.166773
90	tsk_90	(x)	1	:	0.000000	0.000000	0.000000	0.000000	0.498604	0.000000	0.000000	0.000000	0.501396	0.000000	0.000000	0.000000	0.000000	0.000000	0.000000
91	tsk_91	(x)	1	:	0.513265	0.000000	0.000000	0.000000	0.000000	0.000000	0.000000	0.000000	0.000000	0.000000	0.000000	0.000000	0.174092	0.000000	0.312643
92	tsk_92	(x)	1	:	0.000000	0.000000	0.000000	0.000000	1.000000	0.000000	0.000000	0.000000	0.000000	0.000000	0.000000	0.000000	0.000000	0.000000	0.000000
93	tsk_93	(x)	1	:	0.000000	0.000000	0.000000	0.000000	0.498260	0.000000	0.000000	0.000000	0.000000	0.000000	0.000000	0.000000	0.097556	0.000000	0.404184
94	tsk_94	(x)	1	:	0.401913	0.000000	0.000000	0.000000	0.000000	0.000000	0.098088	0.000000	0.000000	0.000000	0.000000	0.000000	0.241691	0.000000	0.258308
95	tsk_95	(x)	1	:	1.000000	0.000000	0.000000	0.000000	0.000000	0.000000	0.000000	0.000000	0.000000	0.000000	0.000000	0.000000	0.000000	0.000000	0.000000
96	tsk_96	(x)	1	:	0.000000	0.000000	0.000000	0.000000	0.498260	0.000000	0.000000	0.000000	0.000000	0.000000	0.000000	0.000000	0.320397	0.000000	0.181344
97	tsk_97	(x)	1	:	0.513265	0.000000	0.000000	0.000000	0.000000	0.000000	0.000000	0.000000	0.000000	0.000000	0.000000	0.000000	0.387651	0.000000	0.099084
98	tsk_98	(x)	1	:	0.000000	0.000000	0.000000	0.000000	0.000000	0.000000	0.500000	0.000000	0.000000	0.000000	0.000000	0.000000	0.334502	0.000000	0.165498
99	tsk_99	(x)	1	:	0.513265	0.000000	0.000000	0.000000	0.000000	0.000000	0.000000	0.000000	0.000000	0.000000	0.000000	0.000000	0.248593	0.000000	0.238142
100	tsk_100	(x)	1	:	0.000000	0.000000	0.000000	0.000000	0.000000	0.000000	0.000000	0.000000	1.000000	0.000000	0.000000	0.000000	0.000000	0.000000	0.000000
101	tsk_101	(x)	1	:	0.000000	0.000000	0.000000	0.000000	0.000000	0.000000	0.000000	0.000000	0.500058	0.000000	0.000000	0.000000	0.224462	0.000000	0.275480
102	tsk_102	(x)	1	:	0.131649	0.000000	0.000000	0.000000	0.000000	0.000000	0.368235	0.000000	0.500116	0.000000	0.000000	0.000000	0.000000	0.000000	0.000000
103	tsk_103	(x)	1	:	0.000000	0.000000	0.000000	0.000000	0.000000	0.000000	0.000000	0.000000	0.500038	0.000000	0.000000	0.000000	0.161696	0.000000	0.338266
104	tsk_104	(x)	1	:	0.000000	0.000000	0.000000	0.000000	0.498600	0.000000	0.000000	0.000000	0.501400	0.000000	0.000000	0.000000	0.000000	0.000000	0.000000
105	tsk_105	(x)	1	:	0.000000	0.484632	0.000000	0.000000	0.000000	0.000000	0.015388	0.000000	0.499979	0.000000	0.000000	0.000000	0.000000	0.000000	0.000000
106	tsk_106	(x)	1	:	0.131714	0.000000	0.000000	0.000000	0.000000	0.000000	0.367882	0.000000	0.500403	0.000000	0.000000	0.000000	0.000000	0.000000	0.000000
107	tsk_107	(x)	1	:	0.000000	0.000000	0.000000	0.000000	0.498260	0.000000	0.000000	0.000000	0.000000	0.000000	0.000000	0.000000	0.433528	0.000000	0.068212
108	tsk_108	(x)	1	:	0.000000	0.000000	0.000000	0.000000	0.498260	0.000000	0.501740	0.000000	0.000000	0.000000	0.000000	0.000000	0.000000	0.000000	0.000000
109	tsk_109	(x)	1	:	0.000000	0.000000	0.000000	0.000000	0.498260	0.000000	0.501740	0.000000	0.000000	0.000000	0.000000	0.000000	0.000000	0.000000	0.000000
110	tsk_110	(x)	1	:	0.000000	0.000000	0.000000	0.000000	1.000000	0.000000	0.000000	0.000000	0.000000	0.000000	0.000000	0.000000	0.000000	0.000000	0.000000
111	tsk_111	(x)	1	:	0.000000	0.000000	0.000000	0.000000	0.498453	0.000000	0.000000	0.000000	0.000000	0.000000	0.000000	0.501547	0.000000	0.000000	0.000000
112	tsk_112	(x)	1	:	0.000000	0.000000	0.000000	0.000000	1.000000	0.000000	0.000000	0.000000	0.000000	0.000000	0.000000	0.000000	0.000000	0.000000	0.000000
113	tsk_113	(x)	1	:	0.000000	0.000000	0.000000	0.000000	0.000000	0.000000	0.000000	0.000000	0.000000	0.000000	0.000000	1.000000	0.000000	0.000000	0.000000
114	tsk_114	(x)	1	:	0.000000	0.000000	0.000000	0.000000	1.000000	0.000000	0.000000	0.000000	0.000000	0.000000	0.000000	0.000000	0.000000	0.000000	0.000000
115	tsk_115	(x)	1	:	0.000000	0.484773	0.000000	0.100000	0.000000	0.000000	0.415227	0.000000	0.000000	0.000000	0.000000	0.000000	0.000000	0.000000	0.000000
116	tsk_116	(x)	1	:	0.000000	0.000000	0.000000	0.000000	0.000000	0.000000	0.000000	0.000000	0.000000	0.000000	0.000000	0.000000	0.708876	0.000000	0.291124
117	tsk_117	(x)	1	:	0.000000	0.000000	0.000000	0.000000	0.498260	0.000000	0.501740	0.000000	0.000000	0.000000	0.000000	0.000000	0.000000	0.000000	0.000000
118	tsk_118	(x)	1	:	0.000000	0.000000	0.000000	0.000000	0.000000	0.000000	0.000000	0.000000	0.000000	0.000000	0.000000	0.000000	0.567810	0.000000	0.432190
119	tsk_119	(x)	1	:	0.000000	0.000000	0.000000	0.000000	0.000000	0.000000	0.500000	0.000000	0.000000	0.000000	0.000000	0.000000	0.301092	0.000000	0.198908
120	tsk_120	(x)	1	:	0.000000	0.000000	0.000000	0.000000	0.000000	0.000000	0.000000	0.000000	0.000000	0.000000	0.000000	0.000000	0.796251	0.000000	0.203749
121	tsk_121	(x)	1	:	0.000000	0.000000	0.000000	0.000000	0.000000	0.000000	0.000000	0.000000	0.000000	0.000000	0.000000	0.000000	0.433428	0.000000	0.566572
122	tsk_122	(x)	1	:	0.000000	0.000000	0.000000	0.000000	0.000000	0.000000	0.000000	0.000000	0.500082	0.000000	0.000000	0.000000	0.295835	0.000000	0.204083
123	tsk_123	(x)	1	:	0.000000	0.000000	0.000000	0.000000	0.000000	0.000000	0.000000	0.000000	0.500000	0.000000	0.000000	0.000000	0.071356	0.000000	0.428644
124	tsk_124	(x)	1	:	0.000000	0.000000	0.000000	0.000000	0.000000	0.000000	0.000000	0.000000	0.000000	0.000000	0.000000	0.000000	0.679934	0.000000	0.320066
125	tsk_125	(x)	1	:	0.000000	0.000000	0.000000	0.000000	0.000000	0.000000	0.000000	0.000000	0.500031	0.000000	0.000000	0.000000	0.129773	0.000000	0.370196
126	tsk_126	(x)	1	:	0.513265	0.000000	0.000000	0.000000	0.000000	0.000000	0.000000	0.000000	0.000000	0.000000	0.000000	0.000000	0.140784	0.000000	0.345951
127	tsk_127	(x)	1	:	0.000000	0.000000	0.000000	0.000000	0.000000	0.000000	0.000000	0.000000	0.000000	0.000000	0.000000	0.000000	0.784468	0.000000	0.215532
128	tsk_128	(x)	1	:	0.000000	0.000000	0.000000	0.000000	0.000000	0.000000	0.000000	0.000000	0.000000	0.000000	0.000000	0.000000	0.766969	0.000000	0.233031
129	tsk_129	(x)	1	:	0.000000	0.000000	0.000000	0.500000	0.000000	0.000000	0.000000	0.000000	0.000000	0.000000	0.000000	0.000000	0.398799	0.000000	0.101201
130	tsk_130	(x)	1	:	0.000000	0.485820	0.000000	0.000000	0.000000	0.000000	0.013664	0.000000	0.000000	0.000000	0.000000	0.000000	0.176765	0.000000	0.323751
131	tsk_131	(x)	1	:	0.000000	0.000000	0.000000	0.499395	0.000000	0.000000	0.499092	0.000000	0.000000	0.000000	0.000000	0.000000	0.000224	0.000000	0.001290
132	tsk_132	(x)	1	:	0.000000	0.000000	0.000000	0.000000	0.000000	0.000000	0.000000	0.000000	0.499720	0.000000	0.500280	0.000000	0.000000	0.000000	0.000000
133	tsk_133	(x)	1	:	0.000000	0.487307	0.000000	0.000000	0.000000	0.000000	0.011436	0.000000	0.000000	0.000000	0.000000	0.000000	0.350573	0.000000	0.150684
134	tsk_134	(x)	1	:	0.000000	0.485527	0.000000	0.000000	0.000000	0.000000	0.014103	0.000000	0.000000	0.000000	0.000000	0.000000	0.324092	0.000000	0.176278
135	tsk_135	(x)	1	:	0.000000	0.000000	0.000000	0.000000	0.000000	0.000000	0.000000	0.000000	0.000000	0.000000	0.000000	0.000000	0.565281	0.000000	0.434719
136	tsk_136	(x)	1	:	0.000000	0.484614	0.000000	0.000000	0.000000	0.000000	0.015419	0.000000	0.499967	0.000000	0.000000	0.000000	0.000000	0.000000	0.000000
137	tsk_137	(x)	1	:	0.000000	0.000000	0.000000	0.499129	0.000000	0.000000	0.253204	0.245721	0.000000	0.000000	0.000000	0.000000	0.000700	0.000000	0.001246
138	tsk_138	(x)	1	:	0.000000	0.000000	0.000000	0.000000	0.498260	0.000000	0.000000	0.000000	0.000000	0.000000	0.000000	0.000000	0.202643	0.000000	0.299097
139	tsk_139	(x)	1	:	0.000000	0.000000	0.000000	0.000000	0.000000	0.000000	0.000000	0.000000	0.500035	0.000000	0.000000	0.000000	0.188393	0.000000	0.311571
140	tsk_140	(x)	1	:	0.000000	0.000000	0.000000	0.000000	0.498260	0.000000	0.000000	0.000000	0.000000	0.000000	0.000000	0.000000	0.299865	0.000000	0.201875
141	tsk_141	(x)	1	:	0.000000	0.000000	0.000000	0.000000	0.000000	0.000000	0.500000	0.000000	0.000000	0.000000	0.000000	0.000000	0.268100	0.000000	0.231900
142	tsk_142	(x)	1	:	0.000000	0.000000	0.000000	0.000000	0.000000	0.000000	0.500000	0.000000	0.000000	0.000000	0.000000	0.000000	0.210848	0.000000	0.289152
143	tsk_143	(x)	1	:	0.000000	0.000000	0.000000	0.000000	0.000000	0.000000	0.500000	0.000000	0.000000	0.000000	0.000000	0.000000	0.276871	0.000000	0.223129
144	tsk_144	(x)	1	:	0.000000	0.000000	0.000000	0.000000	0.000000	0.000000	0.000000	0.000000	0.000000	0.000000	0.000000	0.000000	0.493654	0.000000	0.506346
145	tsk_145	(x)	1	:	0.000000	0.000000	0.000000	0.000000	0.000000	0.000000	0.000000	0.000000	0.000000	0.000000	0.000000	0.000000	1.000000	0.000000	0.000000
146	tsk_146	(x)	1	:	0.000000	0.000000	0.000000	0.000000	0.000000	0.000000	1.000000	0.000000	0.000000	0.000000	0.000000	0.000000	0.000000	0.000000	0.000000
147	tsk_147	(x)	1	:	0.000000	0.017767	0.000000	0.000000	0.000000	0.000000	0.000000	0.483669	0.000000	0.000000	0.000000	0.000000	0.350474	0.000000	0.148090
148	tsk_148	(x)	1	:	0.000000	0.000000	0.000000	0.000000	0.000000	0.000000	0.000000	0.000000	0.000000	0.000000	0.000000	0.000000	0.742119	0.000000	0.257881
149	tsk_149	(x)	1	:	0.000000	0.014018	0.000000	0.000000	0.000000	0.000000	0.000000	0.486423	0.499559	0.000000	0.000000	0.000000	0.000000	0.000000	0.000000
