0	tsk_0	(x)	1	:	0.000000	0.000000	0.463815	0.000000	0.000000	0.000000	0.000000	0.536185	0.000000	0.000000	0.000000	0.000000
1	tsk_1	(x)	1	:	0.329105	0.040993	0.000000	0.000000	0.000000	0.039574	0.458615	0.000000	0.131477	0.000000	0.000000	0.000236
2	tsk_2	(x)	1	:	0.039714	0.002673	0.000006	0.000000	0.000000	0.349506	0.000000	0.499235	0.108865	0.000000	0.000000	0.000000
3	tsk_3	(x)	1	:	0.381611	0.000000	0.000000	0.000000	0.000000	0.023647	0.000000	0.000000	0.594742	0.000000	0.000000	0.000000
4	tsk_4	(x)	1	:	0.000000	0.000000	0.000000	0.000000	0.000000	0.000000	0.000000	1.000000	0.000000	0.000000	0.000000	0.000000
5	tsk_5	(x)	1	:	0.072816	0.002720	0.000004	0.000000	0.000000	0.234554	0.000000	0.499205	0.190700	0.000000	0.000000	0.000000
6	tsk_6	(x)	1	:	0.000000	0.000001	0.463813	0.000000	0.000000	0.000000	0.000000	0.536186	0.000000	0.000000	0.000000	0.000000
7	tsk_7	(x)	1	:	0.000000	0.043337	0.000000	0.000000	0.498076	0.000000	0.458424	0.000000	0.000000	0.000000	0.000000	0.000163
8	tsk_8	(x)	1	:	0.054718	0.044617	0.455424	0.000000	0.000000	0.215882	0.000000	0.000000	0.229359	0.000000	0.000000	0.000000
9	tsk_9	(x)	1	:	0.000000	0.085812	0.455786	0.000000	0.000000	0.000000	0.458256	0.000000	0.000000	0.000000	0.000000	0.000145
10	tsk_10	(x)	1	:	0.503594	0.000000	0.000000	0.000000	0.000000	0.085074	0.000000	0.000000	0.411332	0.000000	0.000000	0.000000
11	tsk_11	(x)	1	:	0.103379	0.044647	0.455398	0.000000	0.000000	0.287848	0.000000	0.000000	0.108728	0.000000	0.000000	0.000000
12	tsk_12	(x)	1	:	0.533429	0.000000	0.000000	0.000000	0.000000	0.169497	0.000000	0.000000	0.297073	0.000000	0.000000	0.000000
13	tsk_13	(x)	1	:	0.000000	0.000000	0.000000	0.000000	0.484952	0.000000	0.515048	0.000000	0.000000	0.000000	0.000000	0.000000
14	tsk_14	(x)	1	:	0.000000	0.000000	0.394644	0.000000	0.000000	0.000000	0.000000	0.605356	0.000000	0.000000	0.000000	0.000000
15	tsk_15	(x)	1	:	0.493762	0.000000	0.000000	0.000000	0.000000	0.175972	0.000000	0.000000	0.330266	0.000000	0.000000	0.000000
16	tsk_16	(x)	1	:	0.329037	0.000000	0.000000	0.000000	0.000000	0.069628	0.000000	0.000000	0.601335	0.000000	0.000000	0.000000
17	tsk_17	(x)	1	:	0.000000	0.052224	0.455444	0.000000	0.000000	0.000000	0.000001	0.000000	0.000000	0.492332	0.000000	0.000000
18	tsk_18	(x)	1	:	0.000000	0.000002	0.999998	0.000000	0.000000	0.000000	0.000000	0.000000	0.000000	0.000000	0.000000	0.000000
19	tsk_19	(x)	1	:	0.000000	0.000000	0.000000	0.000000	0.000000	0.000003	0.000000	0.493851	0.000000	0.000000	0.506146	0.000000
20	tsk_20	(x)	1	:	0.000000	0.000000	0.000000	0.000000	0.000000	0.000000	0.449051	0.000000	0.000000	0.550890	0.000000	0.000059
21	tsk_21	(x)	1	:	0.000000	0.000000	0.000000	0.000000	0.000000	0.000000	0.361740	0.000000	0.000000	0.638260	0.000000	0.000000
22	tsk_22	(x)	1	:	0.000000	0.000000	0.000000	0.000000	0.000000	0.000000	1.000000	0.000000	0.000000	0.000000	0.000000	0.000000
23	tsk_23	(x)	1	:	0.000000	0.000001	0.000000	0.000000	0.000000	0.000000	0.449044	0.000000	0.000000	0.550891	0.000000	0.000064
24	tsk_24	(x)	1	:	0.000000	0.052199	0.455458	0.000000	0.000000	0.000000	0.000002	0.000000	0.000000	0.492340	0.000000	0.000000
25	tsk_25	(x)	1	:	0.000000	0.050497	0.271353	0.000000	0.000000	0.000000	0.000002	0.185909	0.000000	0.492241	0.000000	0.000000
26	tsk_26	(x)	1	:	0.000000	0.000000	0.000000	0.000000	0.000000	0.000000	0.449044	0.000000	0.000000	0.550890	0.000000	0.000066
27	tsk_27	(x)	1	:	0.000000	0.000000	0.000000	0.000000	0.000000	0.000000	0.000000	0.000000	0.000000	0.999994	0.000000	0.000006
28	tsk_28	(x)	1	:	0.000000	0.000000	0.000000	0.000000	0.000000	0.000000	0.000000	0.000000	0.000000	0.999994	0.000000	0.000005
29	tsk_29	(x)	1	:	0.000000	0.008233	0.000015	0.000000	0.000000	0.000000	0.000001	0.501685	0.000000	0.490065	0.000000	0.000000
30	tsk_30	(x)	1	:	0.000000	0.000000	1.000000	0.000000	0.000000	0.000000	0.000000	0.000000	0.000000	0.000000	0.000000	0.000000
31	tsk_31	(x)	1	:	0.000000	0.000000	0.000000	0.000000	0.000000	0.000000	0.581869	0.000000	0.000000	0.418131	0.000000	0.000000
32	tsk_32	(x)	1	:	0.000000	0.000000	0.000000	0.000000	0.000000	0.000000	1.000000	0.000000	0.000000	0.000000	0.000000	0.000000
33	tsk_33	(x)	1	:	0.329804	0.000000	0.000000	0.000000	0.000000	0.020633	0.513567	0.000000	0.135997	0.000000	0.000000	0.000000
34	tsk_34	(x)	1	:	0.184419	0.000000	0.000000	0.000000	0.498566	0.045971	0.000000	0.000000	0.271044	0.000000	0.000000	0.000000
35	tsk_35	(x)	1	:	0.359536	0.000000	0.000000	0.000000	0.000000	0.031150	0.513567	0.000000	0.095748	0.000000	0.000000	0.000000
36	tsk_36	(x)	1	:	0.249806	0.044627	0.455415	0.000000	0.000000	0.177347	0.000000	0.000000	0.072806	0.000000	0.000000	0.000000
37	tsk_37	(x)	1	:	0.255788	0.000000	0.000000	0.000000	0.000000	0.047198	0.513567	0.000000	0.183448	0.000000	0.000000	0.000000
38	tsk_38	(x)	1	:	0.131771	0.000000	0.534967	0.000000	0.000000	0.082406	0.000000	0.000000	0.250856	0.000000	0.000000	0.000000
39	tsk_39	(x)	1	:	0.280583	0.000000	0.000000	0.000000	0.000000	0.043724	0.513567	0.000000	0.162126	0.000000	0.000000	0.000000
40	tsk_40	(x)	1	:	0.000000	0.000002	0.999998	0.000000	0.000000	0.000000	0.000000	0.000000	0.000000	0.000000	0.000000	0.000000
41	tsk_41	(x)	1	:	0.000000	0.085824	0.455779	0.000000	0.000000	0.000000	0.458253	0.000000	0.000000	0.000000	0.000000	0.000144
42	tsk_42	(x)	1	:	0.117624	0.044661	0.455387	0.000000	0.000000	0.270968	0.000000	0.000000	0.111360	0.000000	0.000000	0.000000
43	tsk_43	(x)	1	:	0.126121	0.000513	0.000000	0.000000	0.000000	0.108202	0.000000	0.000000	0.260329	0.000000	0.000000	0.504834
44	tsk_44	(x)	1	:	0.126529	0.044629	0.455413	0.000000	0.000000	0.129255	0.000000	0.000000	0.244174	0.000000	0.000000	0.000000
45	tsk_45	(x)	1	:	0.000000	0.000010	0.539894	0.000000	0.000000	0.000000	0.000001	0.000000	0.000000	0.460095	0.000000	0.000000
46	tsk_46	(x)	1	:	0.440112	0.000000	0.000000	0.000000	0.000000	0.071482	0.000000	0.000000	0.488406	0.000000	0.000000	0.000000
47	tsk_47	(x)	1	:	0.000000	0.085742	0.455825	0.000000	0.000000	0.000000	0.458267	0.000000	0.000000	0.000000	0.000000	0.000165
48	tsk_48	(x)	1	:	0.000000	0.044655	0.455391	0.000000	0.000000	0.279347	0.000000	0.000000	0.220607	0.000000	0.000000	0.000000
49	tsk_49	(x)	1	:	0.283341	0.041314	0.000000	0.000000	0.000000	0.035361	0.458428	0.000000	0.181385	0.000000	0.000000	0.000170
50	tsk_50	(x)	1	:	0.000000	0.083796	0.271917	0.000000	0.000000	0.000000	0.458265	0.185875	0.000000	0.000000	0.000000	0.000147
51	tsk_51	(x)	1	:	0.000000	0.000000	0.000000	0.000000	0.000000	0.000000	0.000000	1.000000	0.000000	0.000000	0.000000	0.000000
52	tsk_52	(x)	1	:	0.000000	0.000000	0.000000	0.000000	0.000000	0.000000	0.000000	0.000000	0.000000	0.000002	0.000000	0.999998
53	tsk_53	(x)	1	:	0.133814	0.000000	0.000000	0.499651	0.000000	0.036778	0.000000	0.000000	0.329757	0.000000	0.000000	0.000000
54	tsk_54	(x)	1	:	0.124551	0.000009	0.000000	0.000000	0.000000	0.095036	0.000000	0.000000	0.271773	0.000000	0.000000	0.508631
55	tsk_55	(x)	1	:	0.000437	0.000008	0.000000	0.490960	0.000000	0.000243	0.000000	0.000000	0.000438	0.000001	0.000002	0.507911
56	tsk_56	(x)	1	:	0.000000	0.000000	0.000000	0.000000	0.000000	0.000000	0.519937	0.480059	0.000000	0.000004	0.000000	0.000000
57	tsk_57	(x)	1	:	0.000060	0.001215	0.000003	0.496526	0.000000	0.001814	0.000000	0.499986	0.000396	0.000000	0.000001	0.000000
58	tsk_58	(x)	1	:	0.000372	0.000010	0.000000	0.491093	0.000000	0.000131	0.000001	0.000000	0.000471	0.000001	0.000001	0.507920
59	tsk_59	(x)	1	:	0.211994	0.000020	0.000000	0.000000	0.000000	0.090213	0.000000	0.000000	0.189150	0.000000	0.000000	0.508622
60	tsk_60	(x)	1	:	0.000000	0.000000	0.000000	0.000000	0.000000	0.000000	1.000000	0.000000	0.000000	0.000000	0.000000	0.000000
61	tsk_61	(x)	1	:	0.000000	0.007413	0.446033	0.000000	0.000000	0.000000	0.546552	0.000000	0.000000	0.000002	0.000000	0.000000
62	tsk_62	(x)	1	:	0.000000	0.000000	0.630360	0.000000	0.000000	0.000000	0.000000	0.369640	0.000000	0.000000	0.000000	0.000000
63	tsk_63	(x)	1	:	0.000000	0.000000	0.630359	0.000000	0.000000	0.000000	0.000000	0.369641	0.000000	0.000000	0.000000	0.000000
64	tsk_64	(x)	1	:	0.326119	0.000000	0.000000	0.000000	0.000000	0.053214	0.488807	0.000000	0.130405	0.000000	0.000000	0.001455
65	tsk_65	(x)	1	:	0.000000	0.009268	0.000000	0.000000	0.498057	0.000000	0.000001	0.000000	0.000000	0.492674	0.000000	0.000000
66	tsk_66	(x)	1	:	0.000000	0.007783	0.445798	0.000000	0.000000	0.000000	0.546411	0.000001	0.000000	0.000007	0.000000	0.000000
67	tsk_67	(x)	1	:	0.000000	0.085752	0.455820	0.000000	0.000000	0.000000	0.458268	0.000001	0.000000	0.000000	0.000000	0.000160
68	tsk_68	(x)	1	:	0.000000	0.000000	0.630359	0.000000	0.000000	0.000000	0.000000	0.369641	0.000000	0.000000	0.000000	0.000000
69	tsk_69	(x)	1	:	0.000000	0.085855	0.455762	0.000000	0.000000	0.000000	0.458249	0.000001	0.000000	0.000000	0.000000	0.000134
70	tsk_70	(x)	1	:	0.582619	0.000000	0.000000	0.000000	0.000000	0.009229	0.000000	0.000000	0.408152	0.000000	0.000000	0.000000
71	tsk_71	(x)	1	:	0.310551	0.000000	0.000000	0.000000	0.000000	0.078959	0.000000	0.000000	0.610490	0.000000	0.000000	0.000000
72	tsk_72	(x)	1	:	0.162741	0.044646	0.455399	0.000000	0.000000	0.176592	0.000000	0.000000	0.160622	0.000000	0.000000	0.000000
73	tsk_73	(x)	1	:	0.184195	0.044584	0.455451	0.000000	0.000000	0.201261	0.000000	0.000000	0.114509	0.000000	0.000000	0.000000
74	tsk_74	(x)	1	:	0.226593	0.000000	0.000000	0.000000	0.000000	0.059159	0.513567	0.000000	0.200681	0.000000	0.000000	0.000000
75	tsk_75	(x)	1	:	0.251779	0.000021	0.000000	0.000000	0.000000	0.044788	0.000000	0.000000	0.194791	0.000000	0.000000	0.508621
76	tsk_76	(x)	1	:	0.000194	0.001293	0.000002	0.497018	0.000000	0.001267	0.000000	0.499966	0.000258	0.000000	0.000001	0.000000
77	tsk_77	(x)	1	:	0.000858	0.047774	0.455681	0.000000	0.000000	0.002556	0.000000	0.000000	0.002423	0.000000	0.490708	0.000000
78	tsk_78	(x)	1	:	0.090421	0.044603	0.455435	0.000000	0.000000	0.101250	0.000000	0.000000	0.308290	0.000000	0.000000	0.000000
79	tsk_79	(x)	1	:	0.000000	0.000000	0.463815	0.000000	0.000000	0.000000	0.000000	0.536185	0.000000	0.000000	0.000000	0.000000
80	tsk_80	(x)	1	:	0.000000	0.000000	0.000000	0.000000	0.000000	0.000000	0.999997	0.000000	0.000000	0.000000	0.000000	0.000002
81	tsk_81	(x)	1	:	0.295584	0.041296	0.000000	0.000000	0.000000	0.039763	0.458444	0.000000	0.164744	0.000000	0.000000	0.000169
82	tsk_82	(x)	1	:	0.000000	0.000000	0.000000	0.000000	0.000000	0.000000	1.000000	0.000000	0.000000	0.000000	0.000000	0.000000
83	tsk_83	(x)	1	:	0.368092	0.000000	0.000000	0.000000	0.000000	0.034440	0.000000	0.000000	0.597468	0.000000	0.000000	0.000000
84	tsk_84	(x)	1	:	0.062233	0.002885	0.000004	0.000000	0.000000	0.306348	0.000000	0.499094	0.129435	0.000000	0.000000	0.000000
85	tsk_85	(x)	1	:	0.195052	0.000000	0.000000	0.499674	0.000000	0.026698	0.000000	0.000000	0.278576	0.000000	0.000000	0.000000
86	tsk_86	(x)	1	:	0.000000	0.037244	0.000060	0.000000	0.000000	0.000000	0.458946	0.503616	0.000000	0.000000	0.000000	0.000135
87	tsk_87	(x)	1	:	0.000000	0.000000	0.000000	0.000000	0.000000	0.000000	0.999989	0.000000	0.000000	0.000000	0.000000	0.000011
88	tsk_88	(x)	1	:	0.223147	0.000000	0.000000	0.000000	0.000000	0.055620	0.513567	0.000000	0.207666	0.000000	0.000000	0.000000
89	tsk_89	(x)	1	:	0.001594	0.039289	0.000000	0.498393	0.000000	0.000137	0.459784	0.000000	0.000544	0.000000	0.000001	0.000258
90	tsk_90	(x)	1	:	0.000000	0.001231	0.000021	0.000000	0.497208	0.000000	0.000000	0.501540	0.000000	0.000000	0.000000	0.000000
91	tsk_91	(x)	1	:	0.000000	0.000000	0.000000	0.000000	0.484952	0.000000	0.515048	0.000000	0.000000	0.000000	0.000000	0.000000
92	tsk_92	(x)	1	:	0.000000	0.000000	0.000000	0.000000	0.000000	0.000000	0.519937	0.480059	0.000000	0.000004	0.000000	0.000000
93	tsk_93	(x)	1	:	0.000000	0.000000	0.000000	0.000000	1.000000	0.000000	0.000000	0.000000	0.000000	0.000000	0.000000	0.000000
94	tsk_94	(x)	1	:	0.000000	0.000000	0.000000	0.000000	0.000000	0.000000	0.483709	0.000000	0.000000	0.516291	0.000000	0.000000
95	tsk_95	(x)	1	:	0.000000	0.022129	0.455115	0.000000	0.522755	0.000000	0.000000	0.000000	0.000000	0.000000	0.000000	0.000000
96	tsk_96	(x)	1	:	0.000000	0.000000	0.000000	0.000000	0.484952	0.000000	0.515048	0.000000	0.000000	0.000000	0.000000	0.000000
97	tsk_97	(x)	1	:	0.000000	0.034690	0.000098	0.000000	0.000000	0.000000	0.460417	0.504563	0.000000	0.000000	0.000000	0.000232
98	tsk_98	(x)	1	:	0.000000	0.001738	0.000014	0.000000	0.497043	0.000000	0.000000	0.501205	0.000000	0.000000	0.000000	0.000000
99	tsk_99	(x)	1	:	0.057307	0.002379	0.000007	0.000000	0.000000	0.366209	0.000000	0.499432	0.074665	0.000000	0.000000	0.000000
100	tsk_100	(x)	1	:	0.300002	0.000000	0.000000	0.000000	0.000000	0.029536	0.000000	0.000000	0.670462	0.000000	0.000000	0.000000
101	tsk_101	(x)	1	:	0.191323	0.096281	0.000000	0.000000	0.000000	0.090021	0.000000	0.000000	0.218649	0.000143	0.000000	0.403582
102	tsk_102	(x)	1	:	0.000000	0.000001	0.000000	0.000000	0.000000	0.000000	0.000000	0.000000	0.000000	0.655960	0.000000	0.344038
103	tsk_103	(x)	1	:	0.324521	0.041169	0.000000	0.000000	0.000000	0.081448	0.458514	0.000000	0.094149	0.000000	0.000000	0.000199
104	tsk_104	(x)	1	:	0.103579	0.042725	0.271425	0.000000	0.000000	0.248313	0.000000	0.185901	0.148056	0.000000	0.000000	0.000000
105	tsk_105	(x)	1	:	0.220992	0.010440	0.000000	0.000000	0.000000	0.025772	0.000002	0.000000	0.252573	0.490221	0.000000	0.000000
106	tsk_106	(x)	1	:	0.000000	0.098291	0.000000	0.000000	0.497986	0.000000	0.000000	0.000000	0.000000	0.000176	0.000000	0.403547
107	tsk_107	(x)	1	:	0.176784	0.010436	0.000000	0.000000	0.000000	0.055806	0.000002	0.000000	0.266747	0.490224	0.000000	0.000000
108	tsk_108	(x)	1	:	0.271764	0.000000	0.000000	0.000000	0.000000	0.044970	0.000000	0.000000	0.683265	0.000000	0.000000	0.000000
109	tsk_109	(x)	1	:	0.001040	0.009873	0.000000	0.000001	0.000000	0.000764	0.000002	0.000000	0.003431	0.493394	0.491496	0.000000
110	tsk_110	(x)	1	:	0.000000	0.000000	0.000000	0.000000	0.000000	0.000000	1.000000	0.000000	0.000000	0.000000	0.000000	0.000000
111	tsk_111	(x)	1	:	0.217896	0.000000	0.000000	0.000000	0.000000	0.069543	0.000000	0.000000	0.712561	0.000000	0.000000	0.000000
112	tsk_112	(x)	1	:	0.246865	0.000000	0.000000	0.000000	0.000000	0.075205	0.513567	0.000000	0.164363	0.000000	0.000000	0.000000
113	tsk_113	(x)	1	:	0.000675	0.007700	0.000000	0.498574	0.000000	0.000212	0.000003	0.000000	0.000612	0.492224	0.000000	0.000000
114	tsk_114	(x)	1	:	0.001103	0.040350	0.000000	0.498602	0.000000	0.000212	0.459061	0.000000	0.000497	0.000000	0.000000	0.000174
115	tsk_115	(x)	1	:	0.262816	0.000000	0.000000	0.499682	0.000000	0.023840	0.000000	0.000000	0.213662	0.000000	0.000000	0.000000
116	tsk_116	(x)	1	:	0.462604	0.000000	0.000000	0.000000	0.000000	0.077057	0.000000	0.000000	0.460339	0.000000	0.000000	0.000000
117	tsk_117	(x)	1	:	0.189672	0.000000	0.000000	0.499651	0.000000	0.039182	0.000000	0.000000	0.271494	0.000000	0.000000	0.000000
118	tsk_118	(x)	1	:	0.225888	0.010524	0.000000	0.000000	0.000000	0.016642	0.000002	0.000000	0.256787	0.490156	0.000000	0.000000
119	tsk_119	(x)	1	:	0.182525	0.000000	0.000000	0.499673	0.000000	0.024715	0.000000	0.000000	0.293087	0.000000	0.000000	0.000000
120	tsk_120	(x)	1	:	0.253588	0.000000	0.515761	0.000000	0.000000	0.145708	0.000000	0.000000	0.084943	0.000000	0.000000	0.000000
121	tsk_121	(x)	1	:	0.230993	0.000000	0.515761	0.000000	0.000000	0.178781	0.000000	0.000000	0.074465	0.000000	0.000000	0.000000
122	tsk_122	(x)	1	:	0.000000	0.000484	0.558014	0.000000	0.000000	0.000000	0.441489	0.000000	0.000000	0.000000	0.000000	0.000012
123	tsk_123	(x)	1	:	0.291787	0.041255	0.000000	0.000000	0.000000	0.029561	0.458466	0.000000	0.178752	0.000000	0.000000	0.000179
124	tsk_124	(x)	1	:	0.068623	0.042774	0.271384	0.000000	0.000000	0.236246	0.000000	0.185902	0.195072	0.000000	0.000000	0.000000
125	tsk_125	(x)	1	:	0.193764	0.000000	0.515761	0.000000	0.000000	0.138778	0.000000	0.000000	0.151697	0.000000	0.000000	0.000000
126	tsk_126	(x)	1	:	0.546041	0.000000	0.000000	0.000000	0.000000	0.057286	0.000000	0.000000	0.396672	0.000000	0.000000	0.000000
127	tsk_127	(x)	1	:	0.198635	0.000000	0.000000	0.000000	0.000000	0.029023	0.513567	0.000000	0.258775	0.000000	0.000000	0.000000
128	tsk_128	(x)	1	:	0.420734	0.000000	0.000000	0.000000	0.000000	0.107014	0.000000	0.000000	0.472252	0.000000	0.000000	0.000000
129	tsk_129	(x)	1	:	0.093248	0.042782	0.271377	0.000000	0.000000	0.279894	0.000000	0.185902	0.126798	0.000000	0.000000	0.000000
130	tsk_130	(x)	1	:	0.000000	0.085894	0.455741	0.000000	0.000000	0.000000	0.458246	0.000000	0.000000	0.000000	0.000000	0.000118
131	tsk_131	(x)	1	:	0.208659	0.000000	0.000000	0.000000	0.000000	0.049512	0.233729	0.000000	0.220421	0.000000	0.000000	0.287678
132	tsk_132	(x)	1	:	0.026139	0.002976	0.000002	0.000000	0.000000	0.336628	0.000000	0.499035	0.135221	0.000000	0.000000	0.000000
133	tsk_133	(x)	1	:	0.310390	0.041351	0.000000	0.000000	0.000000	0.033117	0.458413	0.000000	0.156572	0.000000	0.000000	0.000157
134	tsk_134	(x)	1	:	0.000000	0.000000	0.000000	0.000000	0.000000	0.000000	0.378964	0.000000	0.000000	0.000009	0.000000	0.621027
135	tsk_135	(x)	1	:	0.368763	0.041259	0.000000	0.000000	0.000000	0.065504	0.458465	0.000000	0.065831	0.000000	0.000000	0.000177
136	tsk_136	(x)	1	:	0.368563	0.041246	0.000000	0.000000	0.000000	0.040239	0.458466	0.000000	0.091299	0.000000	0.000000	0.000186
137	tsk_137	(x)	1	:	0.000000	0.000000	0.000000	0.000000	0.000000	0.000000	0.688081	0.000000	0.000000	0.000001	0.000000	0.311918
138	tsk_138	(x)	1	:	0.268120	0.041417	0.000000	0.000000	0.000000	0.039044	0.458378	0.000000	0.192901	0.000000	0.000000	0.000140
139	tsk_139	(x)	1	:	0.365736	0.000000	0.000000	0.000000	0.000000	0.070585	0.000000	0.000000	0.563679	0.000000	0.000000	0.000000
140	tsk_140	(x)	1	:	0.229142	0.096285	0.000000	0.000000	0.000000	0.057878	0.000000	0.000000	0.212973	0.000189	0.000000	0.403532
141	tsk_141	(x)	1	:	0.001347	0.047870	0.455714	0.000000	0.000000	0.001832	0.000000	0.000000	0.001256	0.000000	0.491982	0.000000
142	tsk_142	(x)	1	:	0.000000	0.000000	1.000000	0.000000	0.000000	0.000000	0.000000	0.000000	0.000000	0.000000	0.000000	0.000000
143	tsk_143	(x)	1	:	0.000000	0.000000	0.517362	0.000000	0.482638	0.000000	0.000000	0.000000	0.000000	0.000000	0.000000	0.000000
144	tsk_144	(x)	1	:	0.000000	0.000000	1.000000	0.000000	0.000000	0.000000	0.000000	0.000000	0.000000	0.000000	0.000000	0.000000
145	tsk_145	(x)	1	:	0.000000	0.022167	0.576685	0.000000	0.000000	0.000000	0.000000	0.000000	0.000000	0.000994	0.000000	0.400154
146	tsk_146	(x)	1	:	0.000000	0.000001	0.999998	0.000000	0.000000	0.000000	0.000000	0.000000	0.000000	0.000000	0.000000	0.000000
147	tsk_147	(x)	1	:	0.002691	0.047703	0.455779	0.000000	0.000000	0.000770	0.000000	0.000000	0.001909	0.000000	0.491147	0.000000
148	tsk_148	(x)	1	:	0.240667	0.000478	0.000000	0.000000	0.000000	0.118096	0.000000	0.000000	0.135897	0.000000	0.000000	0.504863
149	tsk_149	(x)	1	:	0.000000	0.000000	0.000000	0.000000	0.000000	0.000000	0.000022	0.000000	0.000000	0.019811	0.000000	0.980167
