logL = -1543.335258 (converged)
AIC = 5376.670517
BIC = 8823.847928

count.K
20 1 57 22 25 20 5 

