logL = -2596.293415 (converged)
AIC = 6532.586830
BIC = 8549.712477

count.K
46 45 18 41 

