0	tsk_0	(x)	1	:	0.000000	0.000000	0.000000	0.000000	0.000001	0.000000	0.000000	0.000000	0.000000	0.522166	0.477833
1	tsk_1	(x)	1	:	0.000000	0.000000	0.000000	0.000000	0.000000	0.000000	0.486675	0.000000	0.000000	0.035931	0.477394
2	tsk_2	(x)	1	:	0.000000	0.000000	0.000000	0.523889	0.000000	0.475244	0.000000	0.000000	0.000000	0.000866	0.000000
3	tsk_3	(x)	1	:	0.000000	0.000000	0.000000	0.000000	0.000000	0.000000	0.453042	0.000000	0.000000	0.000001	0.546957
4	tsk_4	(x)	1	:	0.000000	0.000000	0.000000	0.000000	0.000000	0.000000	0.000000	0.000000	0.000000	0.522167	0.477833
5	tsk_5	(x)	1	:	0.000000	0.000000	0.000000	0.000000	0.000000	0.000000	0.486978	0.000000	0.000000	0.513021	0.000000
6	tsk_6	(x)	1	:	0.000000	0.000000	0.000000	0.532393	0.000000	0.000000	0.467607	0.000000	0.000000	0.000000	0.000000
7	tsk_7	(x)	1	:	0.000000	0.000000	0.000000	0.000000	0.000000	1.000000	0.000000	0.000000	0.000000	0.000000	0.000000
8	tsk_8	(x)	1	:	0.000000	0.000000	0.000000	0.000000	0.000000	0.000000	0.000000	0.000000	0.000000	0.000000	1.000000
9	tsk_9	(x)	1	:	0.000000	0.000000	0.000000	0.000000	0.000000	1.000000	0.000000	0.000000	0.000000	0.000000	0.000000
10	tsk_10	(x)	1	:	0.000000	0.000000	0.000000	0.000000	0.000000	0.494418	0.000000	0.000001	0.495448	0.010132	0.000000
11	tsk_11	(x)	1	:	0.000000	0.000000	0.000000	0.000000	0.000000	1.000000	0.000000	0.000000	0.000000	0.000000	0.000000
12	tsk_12	(x)	1	:	0.000000	0.000000	0.000000	0.000000	0.000000	0.000000	0.000000	0.000000	1.000000	0.000000	0.000000
13	tsk_13	(x)	1	:	0.000000	0.000000	0.000000	0.000000	0.000000	0.494153	0.000000	0.000001	0.495384	0.010462	0.000000
14	tsk_14	(x)	1	:	0.000000	0.475445	0.000000	0.000000	0.000000	0.504836	0.000003	0.000000	0.000000	0.019717	0.000000
15	tsk_15	(x)	1	:	0.000000	0.477009	0.000000	0.000000	0.000000	0.000000	0.000006	0.000002	0.522982	0.000000	0.000000
16	tsk_16	(x)	1	:	0.000000	0.000000	0.000000	0.000000	0.000000	0.000000	0.000000	0.000000	1.000000	0.000000	0.000000
17	tsk_17	(x)	1	:	0.000000	0.378320	0.000000	0.000000	0.000000	0.000000	0.206824	0.414855	0.000001	0.000000	0.000000
18	tsk_18	(x)	1	:	0.000000	0.000000	0.000000	0.000000	0.000000	0.493707	0.000000	0.493237	0.006860	0.006197	0.000000
19	tsk_19	(x)	1	:	0.000000	0.000000	0.000000	0.000000	0.000000	0.494561	0.000000	0.493580	0.006640	0.005218	0.000000
20	tsk_20	(x)	1	:	0.000000	0.000000	0.000000	0.000000	0.000000	0.000000	0.000000	0.000000	0.000000	0.000000	1.000000
21	tsk_21	(x)	1	:	0.000000	0.000000	0.500854	0.000000	0.000001	0.000000	0.000000	0.000000	0.000000	0.499145	0.000000
22	tsk_22	(x)	1	:	0.000000	0.000000	0.477753	0.522247	0.000000	0.000000	0.000000	0.000000	0.000000	0.000000	0.000000
23	tsk_23	(x)	1	:	0.000000	0.000000	0.000000	0.500447	0.000000	0.493480	0.000000	0.000000	0.000000	0.006073	0.000000
24	tsk_24	(x)	1	:	0.000000	0.000000	0.000000	0.000000	0.000001	0.000000	0.000000	0.494547	0.008085	0.497367	0.000000
25	tsk_25	(x)	1	:	0.000000	0.000000	0.000000	0.501452	0.000000	0.000000	0.000000	0.000000	0.000000	0.498547	0.000000
26	tsk_26	(x)	1	:	0.000000	0.000000	0.000000	0.000000	0.000001	0.000000	0.000000	0.000000	0.000000	0.999999	0.000000
27	tsk_27	(x)	1	:	0.000000	0.000000	0.000000	0.000000	0.432569	0.000000	0.000000	0.000000	0.000000	0.567431	0.000000
28	tsk_28	(x)	1	:	0.000000	0.000000	0.000000	0.000000	0.000002	0.505306	0.000000	0.000000	0.000000	0.494693	0.000000
29	tsk_29	(x)	1	:	0.000000	0.000000	0.000000	0.526371	0.000001	0.000000	0.000000	0.000000	0.000000	0.473628	0.000000
30	tsk_30	(x)	1	:	0.000000	0.000000	0.000000	0.000000	0.000000	0.494036	0.000000	0.493652	0.006425	0.005887	0.000000
31	tsk_31	(x)	1	:	0.000000	0.000000	0.000000	0.000000	0.000000	0.000000	0.000000	1.000000	0.000000	0.000000	0.000000
32	tsk_32	(x)	1	:	0.000000	0.000000	0.000000	0.000000	0.000000	0.000000	0.000000	1.000000	0.000000	0.000000	0.000000
33	tsk_33	(x)	1	:	0.000000	0.476031	0.000000	0.000000	0.000000	0.000000	0.000003	0.507713	0.016253	0.000000	0.000000
34	tsk_34	(x)	1	:	0.000000	0.000000	0.499041	0.000000	0.000000	0.000000	0.000000	0.494067	0.006893	0.000000	0.000000
35	tsk_35	(x)	1	:	0.000000	0.476197	0.000000	0.000000	0.000000	0.000000	0.000003	0.508576	0.015224	0.000000	0.000000
36	tsk_36	(x)	1	:	0.000000	0.000000	0.000000	0.000000	0.483379	0.000000	0.000000	0.505976	0.008665	0.001980	0.000000
37	tsk_37	(x)	1	:	0.000000	0.000000	0.000000	0.000000	0.000000	0.000000	0.000000	1.000000	0.000000	0.000000	0.000000
38	tsk_38	(x)	1	:	0.000000	0.000000	0.499096	0.000000	0.000000	0.000000	0.000000	0.494412	0.006492	0.000000	0.000000
39	tsk_39	(x)	1	:	0.000000	0.000000	0.000000	0.000000	0.000000	0.000000	0.000000	1.000000	0.000000	0.000000	0.000000
40	tsk_40	(x)	1	:	0.000000	0.000000	0.000000	0.000000	0.000001	0.000000	0.000000	0.000000	0.000000	0.999998	0.000000
41	tsk_41	(x)	1	:	0.000000	0.000000	0.499158	0.000000	0.000000	0.494874	0.000000	0.000000	0.000000	0.005968	0.000000
42	tsk_42	(x)	1	:	0.000000	0.000000	0.000000	0.500410	0.000000	0.000000	0.000000	0.492946	0.006644	0.000000	0.000000
43	tsk_43	(x)	1	:	0.505531	0.000000	0.000000	0.000000	0.000000	0.000000	0.000000	0.000000	0.000000	0.494469	0.000000
44	tsk_44	(x)	1	:	0.000000	0.000000	0.000000	0.000000	0.000000	1.000000	0.000000	0.000000	0.000000	0.000000	0.000000
45	tsk_45	(x)	1	:	0.000000	0.000000	0.000000	0.000000	0.000000	0.000000	0.000000	0.494866	0.007691	0.497442	0.000000
46	tsk_46	(x)	1	:	0.000000	0.000000	0.000000	0.475237	0.000000	0.503151	0.000000	0.000000	0.000000	0.021612	0.000000
47	tsk_47	(x)	1	:	0.000000	0.000000	0.000000	0.000000	0.000002	0.505306	0.000000	0.000000	0.000000	0.494693	0.000000
48	tsk_48	(x)	1	:	0.000000	0.000000	0.000000	0.000000	0.000000	0.000000	0.000000	1.000000	0.000000	0.000000	0.000000
49	tsk_49	(x)	1	:	0.000000	0.000000	0.000000	0.501454	0.000000	0.000000	0.000000	0.000000	0.000000	0.498545	0.000000
50	tsk_50	(x)	1	:	0.000000	0.000000	0.000000	0.475412	0.000000	0.000000	0.000000	0.504941	0.019647	0.000000	0.000000
51	tsk_51	(x)	1	:	0.000000	0.000000	0.000000	0.000000	0.000000	0.000000	0.000000	0.512721	0.487279	0.000000	0.000000
52	tsk_52	(x)	1	:	0.000000	0.000000	0.000000	0.000000	0.000001	0.000000	0.000000	0.494609	0.008008	0.497382	0.000000
53	tsk_53	(x)	1	:	0.503160	0.000000	0.000000	0.000000	0.000000	0.000000	0.000000	0.491264	0.005576	0.000000	0.000000
54	tsk_54	(x)	1	:	0.000000	0.524720	0.000000	0.000000	0.000001	0.000000	0.000000	0.000000	0.000000	0.475279	0.000000
55	tsk_55	(x)	1	:	0.000000	0.000000	0.000000	0.000000	0.000000	0.000000	0.000000	1.000000	0.000000	0.000000	0.000000
56	tsk_56	(x)	1	:	0.000000	0.524708	0.000000	0.000000	0.000002	0.000000	0.000000	0.000000	0.000000	0.475290	0.000000
57	tsk_57	(x)	1	:	0.000000	0.475968	0.000000	0.000000	0.000000	0.000000	0.000003	0.507384	0.016645	0.000000	0.000000
58	tsk_58	(x)	1	:	0.000000	0.475524	0.000000	0.000000	0.000001	0.000000	0.000003	0.000000	0.000000	0.524472	0.000000
59	tsk_59	(x)	1	:	0.521790	0.478210	0.000000	0.000000	0.000000	0.000000	0.000000	0.000000	0.000000	0.000000	0.000000
60	tsk_60	(x)	1	:	0.000000	0.000000	0.000000	0.000000	0.000000	0.000000	0.000000	1.000000	0.000000	0.000000	0.000000
61	tsk_61	(x)	1	:	0.000000	0.000000	0.000000	0.000000	0.000000	0.000000	0.000000	1.000000	0.000000	0.000000	0.000000
62	tsk_62	(x)	1	:	0.000000	0.000000	0.499075	0.000000	0.000000	0.000000	0.000000	0.494284	0.006641	0.000000	0.000000
63	tsk_63	(x)	1	:	0.000000	0.000000	1.000000	0.000000	0.000000	0.000000	0.000000	0.000000	0.000000	0.000000	0.000000
64	tsk_64	(x)	1	:	0.000000	0.000000	0.000000	0.000000	0.000000	0.000000	0.000000	1.000000	0.000000	0.000000	0.000000
65	tsk_65	(x)	1	:	0.000000	0.000000	1.000000	0.000000	0.000000	0.000000	0.000000	0.000000	0.000000	0.000000	0.000000
66	tsk_66	(x)	1	:	0.000000	0.000000	0.499040	0.000000	0.000000	0.000000	0.000000	0.494062	0.006898	0.000000	0.000000
67	tsk_67	(x)	1	:	0.000000	0.000000	1.000000	0.000000	0.000000	0.000000	0.000000	0.000000	0.000000	0.000000	0.000000
68	tsk_68	(x)	1	:	0.000000	0.000000	1.000000	0.000000	0.000000	0.000000	0.000000	0.000000	0.000000	0.000000	0.000000
69	tsk_69	(x)	1	:	0.000000	0.000000	0.000000	0.000000	0.000001	0.000000	0.000000	0.000000	0.000000	0.999999	0.000000
70	tsk_70	(x)	1	:	0.000000	1.000000	0.000000	0.000000	0.000000	0.000000	0.000000	0.000000	0.000000	0.000000	0.000000
71	tsk_71	(x)	1	:	0.000000	0.000000	0.000000	0.000000	0.000000	0.000000	0.000000	0.495027	0.007492	0.305207	0.192272
72	tsk_72	(x)	1	:	0.000000	0.475942	0.000000	0.000000	0.000000	0.000000	0.000002	0.507247	0.016809	0.000000	0.000000
73	tsk_73	(x)	1	:	0.000000	1.000000	0.000000	0.000000	0.000000	0.000000	0.000000	0.000000	0.000000	0.000000	0.000000
74	tsk_74	(x)	1	:	0.000000	0.000000	0.000000	0.475419	0.000000	0.000000	0.000000	0.000000	0.000000	0.524580	0.000000
75	tsk_75	(x)	1	:	0.000000	0.512348	0.000000	0.487646	0.000000	0.000000	0.000006	0.000000	0.000000	0.000000	0.000000
76	tsk_76	(x)	1	:	0.000000	0.475525	0.000000	0.000000	0.000001	0.000000	0.000004	0.000000	0.000000	0.524470	0.000000
77	tsk_77	(x)	1	:	0.000000	0.000000	0.000000	0.000000	0.000000	0.000000	0.000000	0.999999	0.000000	0.000000	0.000000
78	tsk_78	(x)	1	:	0.000000	0.000000	0.000000	0.000000	0.000000	0.000000	0.000000	0.494160	0.008566	0.497274	0.000000
79	tsk_79	(x)	1	:	0.000000	0.476339	0.000000	0.000000	0.000000	0.000000	0.000003	0.509311	0.014347	0.000000	0.000000
80	tsk_80	(x)	1	:	0.000000	0.000000	0.000000	0.500400	0.000000	0.000000	0.000000	0.492825	0.006775	0.000000	0.000000
81	tsk_81	(x)	1	:	0.000000	0.000000	0.500835	0.000000	0.000002	0.000000	0.000000	0.000000	0.000000	0.499163	0.000000
82	tsk_82	(x)	1	:	0.000000	0.000000	0.000000	0.000000	0.000000	0.000000	0.000000	0.512722	0.487278	0.000000	0.000000
83	tsk_83	(x)	1	:	0.000000	0.000000	0.000000	0.500403	0.000000	0.000000	0.000000	0.492866	0.006731	0.000000	0.000000
84	tsk_84	(x)	1	:	0.000000	0.000000	0.000000	0.000000	0.000001	0.000000	0.000000	0.494693	0.007903	0.497403	0.000000
85	tsk_85	(x)	1	:	0.000000	0.000000	0.000000	0.000000	0.315765	0.000000	0.000000	0.000000	0.000000	0.449790	0.234445
86	tsk_86	(x)	1	:	0.000000	0.000000	0.000000	0.000000	0.000001	0.505291	0.000000	0.000000	0.000000	0.494708	0.000000
87	tsk_87	(x)	1	:	0.000000	0.000000	0.000000	0.000000	0.000001	0.000000	0.000000	0.000000	0.000000	0.999999	0.000000
88	tsk_88	(x)	1	:	0.000000	0.000000	0.000000	0.000000	0.315765	0.000000	0.000000	0.000000	0.000000	0.449790	0.234445
89	tsk_89	(x)	1	:	0.000000	0.000000	0.000000	0.000000	0.000000	0.000000	0.000000	0.000000	0.000000	1.000000	0.000000
90	tsk_90	(x)	1	:	0.000000	0.000000	0.521240	0.478760	0.000000	0.000000	0.000000	0.000000	0.000000	0.000000	0.000000
91	tsk_91	(x)	1	:	0.000000	0.000000	0.000000	0.000000	0.000002	0.000000	0.000000	0.000000	0.000000	0.999998	0.000000
92	tsk_92	(x)	1	:	0.000000	0.000000	1.000000	0.000000	0.000000	0.000000	0.000000	0.000000	0.000000	0.000000	0.000000
93	tsk_93	(x)	1	:	0.000000	0.000000	0.000000	0.000000	0.000000	0.000000	0.000000	1.000000	0.000000	0.000000	0.000000
94	tsk_94	(x)	1	:	0.000000	0.000000	0.500837	0.000000	0.000001	0.000000	0.000000	0.000000	0.000000	0.499161	0.000000
95	tsk_95	(x)	1	:	0.000000	0.000000	0.000000	0.000000	0.432569	0.000000	0.000000	0.000000	0.000000	0.567431	0.000000
96	tsk_96	(x)	1	:	0.000000	0.000000	0.521240	0.478760	0.000000	0.000000	0.000000	0.000000	0.000000	0.000000	0.000000
97	tsk_97	(x)	1	:	0.000000	0.000000	0.000000	0.000000	0.000000	0.000000	0.000000	0.000000	1.000000	0.000000	0.000000
98	tsk_98	(x)	1	:	0.000000	0.000000	0.000000	0.000000	1.000000	0.000000	0.000000	0.000000	0.000000	0.000000	0.000000
99	tsk_99	(x)	1	:	0.000000	0.000000	0.498973	0.000000	0.000000	0.000000	0.000000	0.493647	0.007379	0.000000	0.000000
100	tsk_100	(x)	1	:	0.000000	0.378320	0.000000	0.000000	0.000000	0.000000	0.206824	0.414855	0.000001	0.000000	0.000000
101	tsk_101	(x)	1	:	0.000000	0.000000	0.000000	0.000000	0.000000	0.000000	0.000000	1.000000	0.000000	0.000000	0.000000
102	tsk_102	(x)	1	:	0.000000	0.525070	0.000000	0.000000	0.000000	0.474232	0.000000	0.000000	0.000000	0.000698	0.000000
103	tsk_103	(x)	1	:	0.000000	1.000000	0.000000	0.000000	0.000000	0.000000	0.000000	0.000000	0.000000	0.000000	0.000000
104	tsk_104	(x)	1	:	0.000000	1.000000	0.000000	0.000000	0.000000	0.000000	0.000000	0.000000	0.000000	0.000000	0.000000
105	tsk_105	(x)	1	:	0.000000	0.000000	0.000000	0.000000	0.000000	0.505282	0.000000	0.000000	0.000000	0.494717	0.000000
106	tsk_106	(x)	1	:	0.000000	0.525032	0.000000	0.000000	0.000000	0.000000	0.000000	0.473995	0.000973	0.000000	0.000000
107	tsk_107	(x)	1	:	0.000000	0.530128	0.000000	0.469872	0.000000	0.000000	0.000000	0.000000	0.000000	0.000000	0.000000
108	tsk_108	(x)	1	:	0.000000	0.525005	0.000000	0.000000	0.000000	0.000000	0.000000	0.473837	0.001158	0.000000	0.000000
109	tsk_109	(x)	1	:	0.000000	0.530128	0.000000	0.469872	0.000000	0.000000	0.000000	0.000000	0.000000	0.000000	0.000000
110	tsk_110	(x)	1	:	0.000000	0.000000	0.000000	0.476698	0.000000	0.000000	0.523302	0.000000	0.000000	0.000000	0.000000
111	tsk_111	(x)	1	:	0.000000	0.000000	0.000000	1.000000	0.000000	0.000000	0.000000	0.000000	0.000000	0.000000	0.000000
112	tsk_112	(x)	1	:	0.000000	0.000000	0.000000	0.000000	0.000000	0.000000	0.489501	0.000000	0.510499	0.000000	0.000000
113	tsk_113	(x)	1	:	0.000000	0.000000	0.000000	0.000000	0.000000	0.000000	0.489501	0.000000	0.510499	0.000000	0.000000
114	tsk_114	(x)	1	:	0.000000	0.000000	0.000000	0.520090	0.000000	0.000000	0.000000	0.477907	0.002003	0.000000	0.000000
115	tsk_115	(x)	1	:	0.000000	0.000000	0.000000	1.000000	0.000000	0.000000	0.000000	0.000000	0.000000	0.000000	0.000000
116	tsk_116	(x)	1	:	0.000000	0.477009	0.000000	0.000000	0.000000	0.000000	0.000006	0.000002	0.522983	0.000000	0.000000
117	tsk_117	(x)	1	:	0.000000	0.000000	0.000000	0.482829	0.512506	0.000000	0.000000	0.000000	0.000000	0.004665	0.000000
118	tsk_118	(x)	1	:	0.000000	0.000000	0.000000	0.475274	0.000000	0.503593	0.000000	0.000000	0.000000	0.021133	0.000000
119	tsk_119	(x)	1	:	0.000000	0.512348	0.000000	0.487646	0.000000	0.000000	0.000006	0.000000	0.000000	0.000000	0.000000
120	tsk_120	(x)	1	:	0.000000	0.000000	0.000000	0.000000	0.000000	0.494891	0.000000	0.000001	0.495563	0.009545	0.000000
121	tsk_121	(x)	1	:	0.000000	0.000000	0.000000	0.000000	0.000000	0.000000	0.000000	0.000000	0.000000	0.999999	0.000000
122	tsk_122	(x)	1	:	0.000000	0.000000	0.000000	0.527006	0.000000	0.000000	0.000000	0.000000	0.472994	0.000000	0.000000
123	tsk_123	(x)	1	:	0.000000	0.000000	0.000000	1.000000	0.000000	0.000000	0.000000	0.000000	0.000000	0.000000	0.000000
124	tsk_124	(x)	1	:	0.000000	0.000000	0.477753	0.522247	0.000000	0.000000	0.000000	0.000000	0.000000	0.000000	0.000000
125	tsk_125	(x)	1	:	0.000000	0.000000	0.460921	0.539079	0.000000	0.000000	0.000000	0.000000	0.000000	0.000000	0.000000
126	tsk_126	(x)	1	:	0.000000	0.000000	0.521240	0.478760	0.000000	0.000000	0.000000	0.000000	0.000000	0.000000	0.000000
127	tsk_127	(x)	1	:	0.000000	0.000000	0.000000	1.000000	0.000000	0.000000	0.000000	0.000000	0.000000	0.000000	0.000000
128	tsk_128	(x)	1	:	0.000000	0.000000	0.000000	1.000000	0.000000	0.000000	0.000000	0.000000	0.000000	0.000000	0.000000
129	tsk_129	(x)	1	:	0.000000	0.000000	0.000000	0.546343	0.000000	0.000000	0.000000	0.000000	0.453657	0.000000	0.000000
130	tsk_130	(x)	1	:	0.000000	0.000000	0.000000	0.476097	0.000000	0.000000	0.000000	0.000000	0.523903	0.000000	0.000000
131	tsk_131	(x)	1	:	0.000000	0.000000	0.000000	0.508415	0.000000	0.000000	0.491585	0.000000	0.000000	0.000000	0.000000
132	tsk_132	(x)	1	:	0.000000	0.000000	0.000000	0.000000	0.000000	0.000000	0.484995	0.499192	0.015813	0.000000	0.000000
133	tsk_133	(x)	1	:	0.000000	0.000000	0.000000	0.476698	0.000000	0.000000	0.523302	0.000000	0.000000	0.000000	0.000000
134	tsk_134	(x)	1	:	0.000000	0.000000	1.000000	0.000000	0.000000	0.000000	0.000000	0.000000	0.000000	0.000000	0.000000
135	tsk_135	(x)	1	:	0.503275	0.000000	0.000000	0.000000	0.000000	0.492010	0.000000	0.000000	0.000000	0.004715	0.000000
136	tsk_136	(x)	1	:	0.000000	0.000000	0.502126	0.000000	0.000000	0.000000	0.000000	0.000000	0.497874	0.000000	0.000000
137	tsk_137	(x)	1	:	0.503210	0.000000	0.000000	0.000000	0.000000	0.000000	0.000000	0.491561	0.005230	0.000000	0.000000
138	tsk_138	(x)	1	:	0.000000	0.000000	0.000000	0.000000	0.000000	0.494101	0.000000	0.000001	0.495372	0.010526	0.000000
139	tsk_139	(x)	1	:	0.000000	0.000000	0.000000	1.000000	0.000000	0.000000	0.000000	0.000000	0.000000	0.000000	0.000000
140	tsk_140	(x)	1	:	0.000000	0.000000	0.000000	0.476698	0.000000	0.000000	0.523302	0.000000	0.000000	0.000000	0.000000
141	tsk_141	(x)	1	:	0.000000	0.000000	0.000000	0.475422	0.000000	0.000000	0.000000	0.000000	0.000000	0.524578	0.000000
142	tsk_142	(x)	1	:	0.523631	0.000000	0.000000	0.476369	0.000000	0.000000	0.000000	0.000000	0.000000	0.000000	0.000000
143	tsk_143	(x)	1	:	0.522715	0.477283	0.000000	0.000000	0.000000	0.000000	0.000002	0.000000	0.000000	0.000000	0.000000
144	tsk_144	(x)	1	:	0.000000	0.000000	0.000000	0.505277	0.000000	0.000000	0.494723	0.000000	0.000000	0.000000	0.000000
145	tsk_145	(x)	1	:	0.000000	0.000000	0.000000	0.000000	0.000001	0.000000	0.486978	0.000000	0.000000	0.513021	0.000000
146	tsk_146	(x)	1	:	0.000000	0.523636	0.000000	0.000000	0.000000	0.000006	0.000000	0.000000	0.000000	0.476358	0.000000
147	tsk_147	(x)	1	:	0.000000	0.000000	0.000000	0.000000	0.000000	0.493582	0.000000	0.493235	0.006832	0.006351	0.000000
148	tsk_148	(x)	1	:	0.000000	0.475553	0.000000	0.000000	0.000000	0.000000	0.000003	0.000000	0.000000	0.046552	0.477892
149	tsk_149	(x)	1	:	0.000000	0.000000	0.000000	0.000000	0.000000	0.000000	0.000000	0.000000	0.000000	1.000000	0.000000
