logL = -1083.784163 (converged)
AIC = 6781.568326
BIC = 13727.103949

count.K
10 8 13 1 2 10 1 7 34 31 0 9 24 

