logL = -1183.755356 (converged)
AIC = 5107.510712
BIC = 9232.081065

count.K
14 16 28 15 10 36 12 19 

