logL = -1811.198754 (converged)
AIC = 7402.397508
BIC = 13092.498214

count.K
6 16 57 4 24 2 13 14 6 8 

