logL = -1422.990240 (converged)
AIC = 6385.980479
BIC = 11714.804950

count.K
8 21 0 15 7 27 20 34 17 1 

