logL = -2154.496224 (converged)
AIC = 6068.992448
BIC = 8718.351507

count.K
10 34 42 49 15 

