logL = -1603.901373 (converged)
AIC = 8577.802747
BIC = 16661.358511

count.K
13 10 0 6 20 16 9 3 8 6 6 10 1 35 7 

