logL = -950.776003 (converged)
AIC = 3881.552006
BIC = 6862.080947

count.K
5 45 15 25 46 14 

