logL = -1069.152427 (converged)
AIC = 4118.304855
BIC = 7098.833796

count.K
0 22 6 8 26 88 

