0	tsk_0	(x)	1	:	0.000000	0.000000	0.370049	0.000000	0.000000	0.487642	0.142309
1	tsk_1	(x)	1	:	0.000000	0.473592	0.073246	0.000000	0.000000	0.000000	0.453162
2	tsk_2	(x)	1	:	0.452759	0.000000	0.258888	0.000000	0.000000	0.035873	0.252479
3	tsk_3	(x)	1	:	0.452759	0.000000	0.393579	0.000000	0.000000	0.035874	0.117788
4	tsk_4	(x)	1	:	0.000000	0.000000	0.685539	0.000000	0.000000	0.000000	0.314461
5	tsk_5	(x)	1	:	0.000000	0.000000	0.501079	0.000000	0.000000	0.000000	0.498921
6	tsk_6	(x)	1	:	0.500454	0.000000	0.304621	0.000000	0.000000	0.000005	0.194921
7	tsk_7	(x)	1	:	0.504969	0.473587	0.003981	0.000000	0.000000	0.000000	0.017462
8	tsk_8	(x)	1	:	0.000000	0.000000	0.410706	0.000000	0.000000	0.000000	0.589294
9	tsk_9	(x)	1	:	0.523326	0.000000	0.230516	0.000000	0.000000	0.000000	0.246158
10	tsk_10	(x)	1	:	0.490313	0.509687	0.000000	0.000000	0.000000	0.000000	0.000000
11	tsk_11	(x)	1	:	0.000000	0.000000	0.460309	0.000000	0.000000	0.000000	0.539691
12	tsk_12	(x)	1	:	0.000000	0.473633	0.004513	0.000000	0.000000	0.514888	0.006966
13	tsk_13	(x)	1	:	0.000000	0.000000	0.489645	0.000000	0.000000	0.000000	0.510355
14	tsk_14	(x)	1	:	0.000000	0.473600	0.015515	0.000000	0.000000	0.487645	0.023239
15	tsk_15	(x)	1	:	0.465628	0.000000	0.000000	0.000000	0.000000	0.534372	0.000000
16	tsk_16	(x)	1	:	1.000000	0.000000	0.000000	0.000000	0.000000	0.000000	0.000000
17	tsk_17	(x)	1	:	0.501775	0.000000	0.313844	0.000000	0.000000	0.000003	0.184378
18	tsk_18	(x)	1	:	0.000000	0.502668	0.000000	0.000000	0.000000	0.497332	0.000000
19	tsk_19	(x)	1	:	0.501774	0.473586	0.004023	0.000000	0.000000	0.000002	0.020614
20	tsk_20	(x)	1	:	0.000000	0.543519	0.069029	0.000000	0.000000	0.000000	0.387453
21	tsk_21	(x)	1	:	0.000000	0.543519	0.120296	0.000000	0.000000	0.000000	0.336186
22	tsk_22	(x)	1	:	0.000000	0.000000	0.236188	0.000000	0.000000	0.513096	0.250715
23	tsk_23	(x)	1	:	0.000000	0.000000	0.281681	0.000000	0.000000	0.513096	0.205222
24	tsk_24	(x)	1	:	0.000000	0.000000	0.324142	0.000000	0.000000	0.000000	0.675858
25	tsk_25	(x)	1	:	0.000000	0.000000	0.243484	0.000000	0.000000	0.487642	0.268874
26	tsk_26	(x)	1	:	0.000000	0.000000	0.255552	0.000000	0.000001	0.487642	0.256806
27	tsk_27	(x)	1	:	0.000000	0.000000	0.163774	0.000000	0.000000	0.513096	0.323129
28	tsk_28	(x)	1	:	0.520019	0.000000	0.334321	0.000000	0.000000	0.000000	0.145659
29	tsk_29	(x)	1	:	0.000000	0.000000	0.528258	0.000000	0.000000	0.000000	0.471742
30	tsk_30	(x)	1	:	0.504969	0.473587	0.005388	0.000000	0.000000	0.000000	0.016055
31	tsk_31	(x)	1	:	0.000000	1.000000	0.000000	0.000000	0.000000	0.000000	0.000000
32	tsk_32	(x)	1	:	0.000000	0.000000	0.496106	0.169044	0.000000	0.000000	0.334850
33	tsk_33	(x)	1	:	0.000000	0.000000	0.355705	0.000000	0.000000	0.000000	0.644295
34	tsk_34	(x)	1	:	0.000000	0.000000	0.406065	0.000000	0.000000	0.000000	0.593935
35	tsk_35	(x)	1	:	0.000000	0.473592	0.141734	0.000000	0.000000	0.000000	0.384673
36	tsk_36	(x)	1	:	0.523181	0.000000	0.266659	0.000000	0.000000	0.000001	0.210160
37	tsk_37	(x)	1	:	0.501775	0.000000	0.242064	0.000000	0.000000	0.000003	0.256158
38	tsk_38	(x)	1	:	1.000000	0.000000	0.000000	0.000000	0.000000	0.000000	0.000000
39	tsk_39	(x)	1	:	0.000000	1.000000	0.000000	0.000000	0.000000	0.000000	0.000000
40	tsk_40	(x)	1	:	0.000000	0.000000	0.431141	0.000000	0.000000	0.000000	0.568859
41	tsk_41	(x)	1	:	0.504970	0.000000	0.199039	0.000000	0.000000	0.000001	0.295990
42	tsk_42	(x)	1	:	0.000000	0.000000	0.573655	0.000000	0.000000	0.000000	0.426345
43	tsk_43	(x)	1	:	0.504970	0.000000	0.281771	0.000000	0.000000	0.000000	0.213258
44	tsk_44	(x)	1	:	0.000000	0.543519	0.109098	0.000000	0.000000	0.000000	0.347384
45	tsk_45	(x)	1	:	0.000000	0.000000	0.433177	0.000000	0.000000	0.000000	0.566823
46	tsk_46	(x)	1	:	0.504970	0.000000	0.213285	0.000000	0.000000	0.000000	0.281744
47	tsk_47	(x)	1	:	0.000000	0.000000	0.346230	0.000000	0.000000	0.000000	0.653769
48	tsk_48	(x)	1	:	0.000000	0.000000	0.304029	0.000000	0.000000	0.000000	0.695970
49	tsk_49	(x)	1	:	0.000000	0.000000	0.319796	0.378960	0.000000	0.000000	0.301244
50	tsk_50	(x)	1	:	0.000000	0.000000	0.294072	0.000000	0.000000	0.487642	0.218285
51	tsk_51	(x)	1	:	0.000000	0.000000	0.251525	0.000000	0.000000	0.487642	0.260832
52	tsk_52	(x)	1	:	0.000000	0.000000	0.298151	0.000000	0.000000	0.000000	0.701849
53	tsk_53	(x)	1	:	0.000000	0.000000	0.398937	0.000000	0.000000	0.000000	0.601063
54	tsk_54	(x)	1	:	0.000000	0.000000	0.428767	0.000000	0.000000	0.000000	0.571233
55	tsk_55	(x)	1	:	0.501786	0.000000	0.067351	0.336661	0.000000	0.000001	0.094202
56	tsk_56	(x)	1	:	0.000000	0.473600	0.014199	0.000000	0.000000	0.487645	0.024555
57	tsk_57	(x)	1	:	0.000000	0.000000	0.340776	0.000000	0.000000	0.487642	0.171581
58	tsk_58	(x)	1	:	0.504970	0.000000	0.205686	0.000000	0.000000	0.000000	0.289343
59	tsk_59	(x)	1	:	0.000000	0.000000	0.494233	0.000000	0.000000	0.000000	0.505767
60	tsk_60	(x)	1	:	0.000000	0.473592	0.196917	0.000000	0.000000	0.000000	0.329491
61	tsk_61	(x)	1	:	0.456600	0.000000	0.000000	0.000000	0.000000	0.543400	0.000000
62	tsk_62	(x)	1	:	0.000000	0.473645	0.050949	0.378922	0.000000	0.000000	0.096484
63	tsk_63	(x)	1	:	0.000000	0.473831	0.043625	0.379366	0.000000	0.000000	0.103178
64	tsk_64	(x)	1	:	0.501774	0.473586	0.003572	0.000000	0.000000	0.000002	0.021066
65	tsk_65	(x)	1	:	0.000000	1.000000	0.000000	0.000000	0.000000	0.000000	0.000000
66	tsk_66	(x)	1	:	0.501775	0.000000	0.270384	0.000000	0.000000	0.000003	0.227837
67	tsk_67	(x)	1	:	0.000000	1.000000	0.000000	0.000000	0.000000	0.000000	0.000000
68	tsk_68	(x)	1	:	0.441346	0.000000	0.000000	0.000000	0.555168	0.003486	0.000000
69	tsk_69	(x)	1	:	0.501775	0.000000	0.183672	0.000000	0.000000	0.000003	0.314550
70	tsk_70	(x)	1	:	0.504971	0.000000	0.344613	0.000000	0.000000	0.000000	0.150417
71	tsk_71	(x)	1	:	1.000000	0.000000	0.000000	0.000000	0.000000	0.000000	0.000000
72	tsk_72	(x)	1	:	0.000000	0.000000	0.254734	0.000000	0.000000	0.000000	0.745266
73	tsk_73	(x)	1	:	0.504970	0.000000	0.247349	0.000000	0.000000	0.000001	0.247681
74	tsk_74	(x)	1	:	0.504970	0.000000	0.216498	0.000000	0.000000	0.000001	0.278531
75	tsk_75	(x)	1	:	0.000000	0.000000	0.463205	0.000000	0.000000	0.000000	0.536795
76	tsk_76	(x)	1	:	0.504970	0.000000	0.258746	0.000000	0.000000	0.000000	0.236283
77	tsk_77	(x)	1	:	0.476103	0.000000	0.000000	0.000000	0.000000	0.523897	0.000000
78	tsk_78	(x)	1	:	0.504970	0.000000	0.277371	0.000000	0.000000	0.000001	0.217658
79	tsk_79	(x)	1	:	0.476103	0.000000	0.000000	0.000000	0.000000	0.523897	0.000000
80	tsk_80	(x)	1	:	0.000000	0.000000	0.121284	0.000000	0.497120	0.000000	0.381596
81	tsk_81	(x)	1	:	0.000000	0.473626	0.087042	0.169053	0.000000	0.000000	0.270280
82	tsk_82	(x)	1	:	0.000000	0.473599	0.010563	0.000000	0.000000	0.487645	0.028193
83	tsk_83	(x)	1	:	0.000000	0.473598	0.008201	0.000000	0.000001	0.487644	0.030556
84	tsk_84	(x)	1	:	0.000000	0.000000	0.000000	0.000000	0.602071	0.397929	0.000000
85	tsk_85	(x)	1	:	0.000000	0.000000	0.269770	0.000000	0.000000	0.487642	0.242588
86	tsk_86	(x)	1	:	0.000000	0.473649	0.005263	0.000000	0.497131	0.000000	0.023958
87	tsk_87	(x)	1	:	0.000000	0.000000	0.000000	0.000000	0.602071	0.397929	0.000000
88	tsk_88	(x)	1	:	0.000000	0.473598	0.018553	0.000000	0.000001	0.487644	0.020204
89	tsk_89	(x)	1	:	0.000000	0.000000	0.000000	0.000000	1.000000	0.000000	0.000000
90	tsk_90	(x)	1	:	0.000000	0.000000	0.030467	0.380280	0.417912	0.070731	0.100610
91	tsk_91	(x)	1	:	0.000000	0.473295	0.059359	0.378084	0.000000	0.000000	0.089263
92	tsk_92	(x)	1	:	0.456600	0.000000	0.000000	0.000000	0.000000	0.543400	0.000000
93	tsk_93	(x)	1	:	0.505065	0.000000	0.067702	0.379507	0.000000	0.000000	0.047727
94	tsk_94	(x)	1	:	0.000000	0.000000	0.000000	0.511894	0.418538	0.069567	0.000000
95	tsk_95	(x)	1	:	0.000000	0.000000	0.104179	0.336841	0.000001	0.487687	0.071292
96	tsk_96	(x)	1	:	0.000000	0.000000	0.000000	0.000000	0.600935	0.399065	0.000000
97	tsk_97	(x)	1	:	0.000000	0.473818	0.000000	0.337086	0.000000	0.000000	0.189096
98	tsk_98	(x)	1	:	0.453974	0.000000	0.000000	0.000000	0.419697	0.126329	0.000000
99	tsk_99	(x)	1	:	0.451959	0.000000	0.082463	0.380226	0.000004	0.037123	0.048224
100	tsk_100	(x)	1	:	0.000000	0.000000	0.327378	0.352995	0.000000	0.000000	0.319627
101	tsk_101	(x)	1	:	0.000000	0.543519	0.146845	0.000000	0.000000	0.000000	0.309637
102	tsk_102	(x)	1	:	0.452632	0.521323	0.000000	0.000000	0.000000	0.026043	0.000001
103	tsk_103	(x)	1	:	0.000000	1.000000	0.000000	0.000000	0.000000	0.000000	0.000000
104	tsk_104	(x)	1	:	0.452687	0.000000	0.119539	0.177245	0.000002	0.035980	0.214547
105	tsk_105	(x)	1	:	0.000000	0.000000	0.000000	0.000000	0.000000	1.000000	0.000000
106	tsk_106	(x)	1	:	0.452633	0.521323	0.000000	0.000000	0.000000	0.026043	0.000001
107	tsk_107	(x)	1	:	0.000000	0.473626	0.080486	0.177237	0.000000	0.000000	0.268651
108	tsk_108	(x)	1	:	0.452689	0.000000	0.151456	0.177245	0.000001	0.035978	0.182631
109	tsk_109	(x)	1	:	1.000000	0.000000	0.000000	0.000000	0.000000	0.000000	0.000000
110	tsk_110	(x)	1	:	0.000000	0.000000	0.000000	0.000000	1.000000	0.000000	0.000000
111	tsk_111	(x)	1	:	0.000000	0.000000	0.278396	0.000000	0.497120	0.000000	0.224484
112	tsk_112	(x)	1	:	0.000000	0.000000	0.182052	0.000000	0.497120	0.000000	0.320827
113	tsk_113	(x)	1	:	0.000000	0.514773	0.000000	0.000000	0.485227	0.000000	0.000000
114	tsk_114	(x)	1	:	0.000000	0.514773	0.000000	0.000000	0.485227	0.000000	0.000000
115	tsk_115	(x)	1	:	0.000000	0.473650	0.005165	0.000000	0.497131	0.000000	0.024054
116	tsk_116	(x)	1	:	0.504969	0.473587	0.008184	0.000000	0.000000	0.000000	0.013259
117	tsk_117	(x)	1	:	0.000000	0.473592	0.176095	0.000000	0.000000	0.000000	0.350313
118	tsk_118	(x)	1	:	0.000000	0.000000	0.000000	0.000000	1.000000	0.000000	0.000000
119	tsk_119	(x)	1	:	0.000000	0.000000	0.170471	0.000000	0.497120	0.000000	0.332409
120	tsk_120	(x)	1	:	0.000000	0.000000	0.399720	0.000000	0.000000	0.000000	0.600280
121	tsk_121	(x)	1	:	0.000000	0.477566	0.000000	0.522434	0.000000	0.000000	0.000000
122	tsk_122	(x)	1	:	0.000000	0.000000	0.481386	0.000000	0.000000	0.513897	0.004717
123	tsk_123	(x)	1	:	0.000000	0.000000	0.456000	0.000000	0.000000	0.000000	0.544000
124	tsk_124	(x)	1	:	0.000000	0.000000	0.475131	0.000000	0.000000	0.513897	0.010972
125	tsk_125	(x)	1	:	0.000000	0.000000	0.000000	0.490119	0.000000	0.509881	0.000000
126	tsk_126	(x)	1	:	0.000000	0.000000	0.474549	0.000000	0.000000	0.513897	0.011554
127	tsk_127	(x)	1	:	0.000000	0.000000	0.476127	0.000000	0.000000	0.513897	0.009976
128	tsk_128	(x)	1	:	0.000000	0.477566	0.000000	0.522434	0.000000	0.000000	0.000000
129	tsk_129	(x)	1	:	0.000000	0.000000	0.335693	0.000000	0.000000	0.000000	0.664307
130	tsk_130	(x)	1	:	0.492652	0.507348	0.000000	0.000000	0.000000	0.000000	0.000000
131	tsk_131	(x)	1	:	0.000000	0.543519	0.083751	0.000000	0.000000	0.000000	0.372731
132	tsk_132	(x)	1	:	1.000000	0.000000	0.000000	0.000000	0.000000	0.000000	0.000000
133	tsk_133	(x)	1	:	0.492652	0.507348	0.000000	0.000000	0.000000	0.000000	0.000000
134	tsk_134	(x)	1	:	0.490313	0.509687	0.000000	0.000000	0.000000	0.000000	0.000000
135	tsk_135	(x)	1	:	1.000000	0.000000	0.000000	0.000000	0.000000	0.000000	0.000000
136	tsk_136	(x)	1	:	0.000000	0.543519	0.071527	0.000000	0.000000	0.000000	0.384954
137	tsk_137	(x)	1	:	0.492652	0.507348	0.000000	0.000000	0.000000	0.000000	0.000000
138	tsk_138	(x)	1	:	0.490313	0.509687	0.000000	0.000000	0.000000	0.000000	0.000000
139	tsk_139	(x)	1	:	0.000000	1.000000	0.000000	0.000000	0.000000	0.000000	0.000000
140	tsk_140	(x)	1	:	0.000000	0.000000	0.210241	0.000000	0.497120	0.000000	0.292639
141	tsk_141	(x)	1	:	0.000000	0.000000	0.404452	0.000000	0.000000	0.000000	0.595548
142	tsk_142	(x)	1	:	0.000000	0.473592	0.110085	0.000000	0.000000	0.000000	0.416323
143	tsk_143	(x)	1	:	0.504970	0.000000	0.246023	0.000000	0.000000	0.000000	0.249006
144	tsk_144	(x)	1	:	0.504969	0.473588	0.009642	0.000000	0.000000	0.000000	0.011801
145	tsk_145	(x)	1	:	1.000000	0.000000	0.000000	0.000000	0.000000	0.000000	0.000000
146	tsk_146	(x)	1	:	0.504970	0.000000	0.195314	0.000000	0.000000	0.000001	0.299715
147	tsk_147	(x)	1	:	1.000000	0.000000	0.000000	0.000000	0.000000	0.000000	0.000000
148	tsk_148	(x)	1	:	1.000000	0.000000	0.000000	0.000000	0.000000	0.000000	0.000000
149	tsk_149	(x)	1	:	0.000000	0.473592	0.157705	0.000000	0.000000	0.000000	0.368702
