0	tsk_0	(x)	1	:	0.000000	0.000000	0.000000	0.000000	0.000000	0.493717	0.000000	0.000000	0.000000	0.506283	0.000000	0.000000	0.000000	0.000000
1	tsk_1	(x)	1	:	0.000000	0.000000	0.000000	0.000000	0.000000	1.000000	0.000000	0.000000	0.000000	0.000000	0.000000	0.000000	0.000000	0.000000
2	tsk_2	(x)	1	:	0.000000	0.000000	0.008150	0.000000	0.000000	0.495268	0.000010	0.495878	0.000000	0.000001	0.000000	0.000006	0.000687	0.000000
3	tsk_3	(x)	1	:	0.000000	0.000000	0.000000	0.000000	0.000000	0.556122	0.000000	0.000000	0.000000	0.000000	0.000000	0.000010	0.443868	0.000000
4	tsk_4	(x)	1	:	0.000000	0.000000	0.000000	0.000000	0.000000	0.493715	0.000006	0.000000	0.000000	0.506279	0.000000	0.000000	0.000000	0.000000
5	tsk_5	(x)	1	:	0.000000	0.000000	0.011280	0.000000	0.000000	0.000000	0.000628	0.506375	0.477716	0.000002	0.000000	0.000003	0.003996	0.000000
6	tsk_6	(x)	1	:	0.000000	0.000000	0.000000	0.000000	0.000000	0.493711	0.000017	0.000000	0.000000	0.506271	0.000000	0.000000	0.000000	0.000000
7	tsk_7	(x)	1	:	0.000000	0.000000	0.000000	0.000000	0.461186	0.000000	0.000000	0.000000	0.000000	0.499997	0.000000	0.000000	0.000000	0.038817
8	tsk_8	(x)	1	:	0.000000	0.000000	0.000000	0.000000	0.000000	0.493714	0.000009	0.000000	0.000000	0.506278	0.000000	0.000000	0.000000	0.000000
9	tsk_9	(x)	1	:	0.000000	0.000000	0.000000	0.000000	0.000000	0.000000	0.000000	0.000000	0.000000	1.000000	0.000000	0.000000	0.000000	0.000000
10	tsk_10	(x)	1	:	0.000000	0.000000	0.498421	0.000000	0.000000	0.000000	0.000000	0.000000	0.000000	0.000000	0.000000	0.000000	0.001664	0.499915
11	tsk_11	(x)	1	:	0.000000	0.494708	0.000000	0.000000	0.000000	0.000000	0.000000	0.000000	0.000000	0.005599	0.000001	0.000000	0.000000	0.499692
12	tsk_12	(x)	1	:	0.000000	0.000000	0.498505	0.000000	0.000000	0.000000	0.000000	0.000000	0.000000	0.499511	0.000000	0.000000	0.001983	0.000000
13	tsk_13	(x)	1	:	0.000000	0.000000	0.000000	0.000000	0.000000	0.000000	0.000000	0.000000	0.000004	0.000000	0.000000	0.499997	0.000000	0.499999
14	tsk_14	(x)	1	:	0.000000	0.000000	0.497919	0.000000	0.000000	0.000000	0.000000	0.000000	0.000000	0.000000	0.000000	0.000000	0.002193	0.499888
15	tsk_15	(x)	1	:	0.000000	0.412151	0.000000	0.000000	0.000000	0.000000	0.587849	0.000000	0.000000	0.000000	0.000000	0.000000	0.000000	0.000000
16	tsk_16	(x)	1	:	0.000000	0.000000	0.437365	0.000000	0.000000	0.000000	0.562633	0.000000	0.000000	0.000000	0.000000	0.000002	0.000000	0.000000
17	tsk_17	(x)	1	:	0.000000	0.000000	0.000004	0.000000	0.000000	0.000000	0.000000	0.000000	0.000000	0.000000	0.000000	0.000000	0.999996	0.000000
18	tsk_18	(x)	1	:	0.000000	0.000000	0.000000	0.000000	0.000000	0.000000	0.000000	0.000000	0.000000	0.500000	0.000000	0.000000	0.000000	0.500000
19	tsk_19	(x)	1	:	0.000000	0.000000	0.000000	0.000000	0.000000	0.000000	0.483716	0.000000	0.000000	0.000000	0.000000	0.000000	0.516284	0.000000
20	tsk_20	(x)	1	:	0.000000	0.000000	0.000000	0.000000	0.000000	0.000000	0.000001	0.000000	0.000000	0.008842	0.494092	0.497064	0.000000	0.000000
21	tsk_21	(x)	1	:	0.000000	0.000000	0.512078	0.000000	0.000000	0.000000	0.000000	0.000000	0.000000	0.000000	0.000000	0.000000	0.487922	0.000000
22	tsk_22	(x)	1	:	0.000000	0.000000	0.000000	0.000000	0.000000	0.000000	0.000005	0.000000	0.000000	0.499996	0.000000	0.499999	0.000000	0.000000
23	tsk_23	(x)	1	:	0.000000	0.000000	0.000000	0.000000	0.000000	0.000000	0.455727	0.000000	0.000000	0.544272	0.000000	0.000000	0.000000	0.000000
24	tsk_24	(x)	1	:	0.000000	0.000000	0.000000	0.000000	0.000000	0.493712	0.000014	0.000000	0.000000	0.506274	0.000000	0.000000	0.000000	0.000000
25	tsk_25	(x)	1	:	0.000000	0.000000	0.000000	0.000000	0.000000	0.000000	0.000002	0.000000	0.000000	0.500001	0.000000	0.499998	0.000000	0.000000
26	tsk_26	(x)	1	:	0.000000	0.000000	0.506967	0.000000	0.000000	0.000000	0.481195	0.000000	0.000000	0.000000	0.000000	0.000000	0.011838	0.000000
27	tsk_27	(x)	1	:	0.466553	0.000000	0.000000	0.000000	0.533322	0.000000	0.000000	0.000000	0.000000	0.000000	0.000000	0.000000	0.000000	0.000125
28	tsk_28	(x)	1	:	0.000000	0.000000	0.000000	0.000000	0.000000	0.000000	0.000000	0.000000	0.000000	0.000000	0.000000	1.000000	0.000000	0.000000
29	tsk_29	(x)	1	:	0.000000	0.000000	0.000000	0.000000	0.000000	0.000000	0.454851	0.000000	0.000000	0.046097	0.499052	0.000000	0.000000	0.000000
30	tsk_30	(x)	1	:	0.505476	0.000000	0.493546	0.000000	0.000000	0.000000	0.000000	0.000000	0.000000	0.000000	0.000000	0.000000	0.000978	0.000000
31	tsk_31	(x)	1	:	0.000000	0.000000	0.498933	0.000000	0.000000	0.000000	0.000003	0.000000	0.000000	0.499649	0.000000	0.000000	0.001415	0.000000
32	tsk_32	(x)	1	:	0.000000	0.000000	0.999999	0.000000	0.000000	0.000000	0.000000	0.000000	0.000000	0.000000	0.000000	0.000000	0.000001	0.000000
33	tsk_33	(x)	1	:	0.000000	0.000000	0.999952	0.000000	0.000000	0.000000	0.000000	0.000000	0.000000	0.000000	0.000000	0.000000	0.000048	0.000000
34	tsk_34	(x)	1	:	0.000000	0.000000	0.000000	0.000000	0.000000	0.000000	0.000007	0.000000	0.000000	0.504024	0.000000	0.000000	0.495969	0.000000
35	tsk_35	(x)	1	:	0.000000	0.000000	0.000000	0.000000	0.000000	0.000000	0.100808	0.000000	0.382493	0.000000	0.000000	0.000049	0.516650	0.000000
36	tsk_36	(x)	1	:	0.000000	0.000000	0.000020	0.000000	0.000000	0.000000	0.000000	0.000000	0.000000	0.000000	0.000000	0.000000	0.999980	0.000000
37	tsk_37	(x)	1	:	0.000000	0.000000	0.498345	0.000000	0.000000	0.000000	0.000002	0.000000	0.000000	0.499458	0.000000	0.000000	0.002195	0.000000
38	tsk_38	(x)	1	:	0.000000	0.000000	0.000011	0.000000	0.000000	0.000000	0.000000	0.000000	0.000000	0.000000	0.000000	0.000000	0.999989	0.000000
39	tsk_39	(x)	1	:	0.000000	0.000000	0.999999	0.000000	0.000000	0.000000	0.000000	0.000000	0.000000	0.000000	0.000000	0.000000	0.000001	0.000000
40	tsk_40	(x)	1	:	0.000000	0.000000	0.498209	0.000000	0.000000	0.000000	0.000000	0.000000	0.000000	0.000000	0.000000	0.000000	0.001888	0.499903
41	tsk_41	(x)	1	:	0.000000	0.000000	0.512076	0.000000	0.000000	0.000000	0.000000	0.000000	0.000000	0.000000	0.000000	0.000000	0.487924	0.000000
42	tsk_42	(x)	1	:	0.000000	0.000000	0.000000	0.000000	0.000000	0.000000	0.497205	0.000000	0.000000	0.000000	0.000000	0.000000	0.000000	0.502795
43	tsk_43	(x)	1	:	0.000000	0.000000	0.000000	0.000000	0.000000	0.000000	0.000000	0.000000	0.000000	0.500000	0.000000	0.000000	0.000000	0.500000
44	tsk_44	(x)	1	:	0.000000	0.000000	0.000000	0.000000	0.000000	0.512905	0.487095	0.000000	0.000000	0.000000	0.000000	0.000000	0.000000	0.000000
45	tsk_45	(x)	1	:	0.000000	0.000000	0.000000	0.000000	0.000000	0.000000	0.000000	0.000000	0.000000	0.000000	0.000000	0.000000	0.000000	1.000000
46	tsk_46	(x)	1	:	0.000000	0.000000	0.000000	0.000000	0.000000	0.498890	0.000000	0.000000	0.000000	0.000000	0.000000	0.000000	0.000000	0.501109
47	tsk_47	(x)	1	:	0.000000	0.000000	0.000000	0.000000	0.000000	0.498890	0.000000	0.000000	0.000000	0.000000	0.000000	0.000000	0.000000	0.501109
48	tsk_48	(x)	1	:	0.000000	0.000000	0.000000	0.000000	0.000000	0.000000	0.000019	0.000000	0.000001	0.000000	0.000000	0.000007	0.499303	0.500669
49	tsk_49	(x)	1	:	0.507824	0.000000	0.000000	0.000000	0.000000	0.492176	0.000000	0.000000	0.000000	0.000000	0.000000	0.000000	0.000000	0.000000
50	tsk_50	(x)	1	:	0.000000	0.000000	0.000000	0.000000	0.000000	0.000000	0.000010	0.000000	0.000000	0.504022	0.000000	0.000000	0.495967	0.000000
51	tsk_51	(x)	1	:	0.000000	0.000000	0.000000	0.000000	0.000000	0.000000	1.000000	0.000000	0.000000	0.000000	0.000000	0.000000	0.000000	0.000000
52	tsk_52	(x)	1	:	0.000000	0.000000	0.000000	0.000000	0.000000	0.000000	0.000000	0.000000	0.000000	0.500010	0.499990	0.000000	0.000000	0.000000
53	tsk_53	(x)	1	:	0.000000	0.000000	0.000000	0.000000	0.000000	0.000000	0.000012	0.000000	0.000000	0.504021	0.000000	0.000000	0.495967	0.000000
54	tsk_54	(x)	1	:	0.000000	0.000000	0.000000	0.000000	0.000000	0.000000	0.000009	0.000000	0.000000	0.504023	0.000000	0.000000	0.495968	0.000000
55	tsk_55	(x)	1	:	0.000000	0.000000	0.000000	0.000000	0.000000	0.000000	0.483675	0.000000	0.000000	0.000015	0.000000	0.000015	0.516294	0.000000
56	tsk_56	(x)	1	:	0.000000	0.000000	0.000000	0.000000	0.000000	0.000000	0.000000	0.000000	0.000000	0.500011	0.499989	0.000000	0.000000	0.000000
57	tsk_57	(x)	1	:	0.000000	0.000000	0.000000	0.000000	0.000000	0.000000	0.483716	0.000000	0.000000	0.000000	0.000000	0.000000	0.516284	0.000000
58	tsk_58	(x)	1	:	0.000000	0.000000	0.000004	0.000000	0.000000	0.000000	0.000000	0.000000	0.000000	0.000000	0.000000	0.000000	0.999995	0.000000
59	tsk_59	(x)	1	:	0.000000	0.000000	0.000000	0.000000	0.000000	0.000000	0.592534	0.000000	0.000000	0.000000	0.000000	0.000008	0.407458	0.000000
60	tsk_60	(x)	1	:	0.000000	0.000000	0.000000	0.000000	0.000000	0.000000	0.270777	0.000000	0.212799	0.000007	0.000000	0.000023	0.516394	0.000000
61	tsk_61	(x)	1	:	0.000000	0.000000	0.497652	0.000000	0.000000	0.000000	0.000000	0.000000	0.000000	0.006063	0.494862	0.000002	0.001421	0.000000
62	tsk_62	(x)	1	:	0.000000	0.000000	0.511987	0.000000	0.000000	0.000000	0.194250	0.000000	0.000000	0.000000	0.000000	0.000000	0.293762	0.000000
63	tsk_63	(x)	1	:	0.000000	0.000000	0.000000	0.000000	0.000000	0.000000	0.242367	0.000000	0.212838	0.544796	0.000000	0.000000	0.000000	0.000000
64	tsk_64	(x)	1	:	0.000000	0.000000	0.000000	0.000000	0.000000	0.000000	0.242370	0.000000	0.212837	0.544793	0.000000	0.000000	0.000000	0.000000
65	tsk_65	(x)	1	:	0.000000	0.000000	0.000000	0.000000	0.000000	0.000000	0.594665	0.000000	0.405246	0.000037	0.000000	0.000052	0.000000	0.000000
66	tsk_66	(x)	1	:	0.000000	0.000000	0.000000	0.000000	0.000000	0.000000	0.242206	0.000000	0.212604	0.046428	0.498762	0.000000	0.000000	0.000000
67	tsk_67	(x)	1	:	0.000000	0.000000	0.443348	0.148852	0.000000	0.407798	0.000001	0.000000	0.000000	0.000000	0.000000	0.000000	0.000000	0.000000
68	tsk_68	(x)	1	:	0.000000	0.000000	0.504525	0.000000	0.000000	0.000000	0.108394	0.000001	0.370894	0.000000	0.000000	0.000000	0.016187	0.000000
69	tsk_69	(x)	1	:	0.000000	0.000000	0.999999	0.000000	0.000000	0.000000	0.000000	0.000000	0.000000	0.000000	0.000000	0.000000	0.000001	0.000000
70	tsk_70	(x)	1	:	0.505850	0.491717	0.000000	0.000000	0.000000	0.000000	0.000000	0.000000	0.000000	0.002433	0.000000	0.000000	0.000000	0.000000
71	tsk_71	(x)	1	:	0.000000	0.999996	0.000000	0.000000	0.000000	0.000000	0.000000	0.000000	0.000000	0.000004	0.000000	0.000000	0.000000	0.000000
72	tsk_72	(x)	1	:	0.000000	0.000000	0.000000	0.000000	0.000000	0.000000	0.000019	0.000000	0.000002	0.000000	0.000000	0.000008	0.499302	0.500669
73	tsk_73	(x)	1	:	0.000000	0.000000	0.000000	0.000000	0.000000	0.498890	0.000000	0.000000	0.000000	0.000000	0.000000	0.000000	0.000000	0.501109
74	tsk_74	(x)	1	:	0.000000	0.000000	0.000000	0.000000	0.461169	0.498886	0.000000	0.000000	0.000000	0.000000	0.000000	0.000000	0.000000	0.039945
75	tsk_75	(x)	1	:	0.000000	0.000000	0.000005	0.000000	0.000000	0.000000	0.000000	0.000000	0.000000	0.000000	0.000000	0.000000	0.999995	0.000000
76	tsk_76	(x)	1	:	0.507824	0.000000	0.000000	0.000000	0.000000	0.492176	0.000000	0.000000	0.000000	0.000000	0.000000	0.000000	0.000000	0.000000
77	tsk_77	(x)	1	:	0.505877	0.491982	0.000000	0.000000	0.000000	0.000000	0.000000	0.000000	0.000000	0.002141	0.000000	0.000000	0.000000	0.000000
78	tsk_78	(x)	1	:	0.000000	0.496008	0.000000	0.000000	0.000000	0.000000	0.000003	0.000000	0.000000	0.009329	0.000000	0.000011	0.494649	0.000000
79	tsk_79	(x)	1	:	0.000000	0.000000	0.000000	0.000000	0.461226	0.000000	0.000000	0.000000	0.000000	0.000000	0.000000	0.000000	0.000000	0.538774
80	tsk_80	(x)	1	:	0.000000	0.000000	0.000000	0.000000	0.000000	0.000000	0.000000	0.000000	0.000000	0.000006	0.999994	0.000000	0.000000	0.000000
81	tsk_81	(x)	1	:	0.000000	0.000000	0.000000	0.000000	0.000000	0.000000	0.000001	0.000000	0.000000	0.008727	0.494169	0.497102	0.000000	0.000000
82	tsk_82	(x)	1	:	0.000000	0.000000	0.000000	0.000000	0.000000	0.000000	0.000000	0.000000	0.000000	0.000004	0.999996	0.000000	0.000000	0.000000
83	tsk_83	(x)	1	:	0.000000	0.000000	0.000000	0.000000	0.000000	0.493711	0.000018	0.000000	0.000000	0.506271	0.000000	0.000000	0.000000	0.000000
84	tsk_84	(x)	1	:	0.000000	0.000000	0.000000	0.000000	0.000000	0.000000	0.000000	0.000000	0.000000	0.000004	0.999996	0.000000	0.000000	0.000000
85	tsk_85	(x)	1	:	0.000000	0.000000	0.000000	0.999996	0.000000	0.000000	0.000000	0.000000	0.000000	0.000003	0.000000	0.000000	0.000000	0.000000
86	tsk_86	(x)	1	:	0.000000	0.000000	0.000000	0.000000	0.000000	0.000000	0.000000	0.000000	0.000000	0.004160	0.496069	0.000000	0.000000	0.499770
87	tsk_87	(x)	1	:	0.000000	0.000000	0.000000	0.392783	0.000000	0.000000	0.000000	0.000000	0.000000	0.107216	0.500001	0.000000	0.000000	0.000000
88	tsk_88	(x)	1	:	0.000000	0.000000	0.000000	0.000000	0.000000	0.000000	0.000000	0.000000	0.000000	0.000005	0.999995	0.000000	0.000000	0.000000
89	tsk_89	(x)	1	:	0.000000	0.000000	0.000000	0.000000	0.000000	0.000000	0.000000	0.000000	0.000000	0.000006	0.999994	0.000000	0.000000	0.000000
90	tsk_90	(x)	1	:	0.000000	0.000000	0.000006	0.000000	0.000000	0.000000	0.000000	0.999994	0.000000	0.000000	0.000000	0.000000	0.000000	0.000000
91	tsk_91	(x)	1	:	0.000000	0.000000	0.999966	0.000000	0.000000	0.000000	0.000000	0.000000	0.000000	0.000000	0.000000	0.000000	0.000034	0.000000
92	tsk_92	(x)	1	:	0.000000	0.000000	0.000000	0.000000	0.000000	0.000000	0.455732	0.000000	0.000000	0.000000	0.000000	0.544268	0.000000	0.000000
93	tsk_93	(x)	1	:	0.000000	0.000000	0.000000	0.000000	0.000000	0.000000	1.000000	0.000000	0.000000	0.000000	0.000000	0.000000	0.000000	0.000000
94	tsk_94	(x)	1	:	0.000000	0.000000	0.500310	0.000000	0.000000	0.000000	0.000000	0.499689	0.000000	0.000000	0.000000	0.000000	0.000001	0.000000
95	tsk_95	(x)	1	:	0.000000	0.000000	0.506864	0.000000	0.000000	0.000000	0.481144	0.000000	0.000000	0.000000	0.000000	0.000000	0.011991	0.000000
96	tsk_96	(x)	1	:	0.000000	0.000000	0.007035	0.000000	0.000000	0.000000	0.000001	0.494258	0.000000	0.000000	0.000000	0.498532	0.000173	0.000000
97	tsk_97	(x)	1	:	0.000000	0.000000	0.013882	0.000000	0.000000	0.000000	0.482157	0.497506	0.000000	0.000000	0.000000	0.000000	0.006455	0.000000
98	tsk_98	(x)	1	:	0.000000	0.000000	0.000000	0.000000	0.000000	0.000000	1.000000	0.000000	0.000000	0.000000	0.000000	0.000000	0.000000	0.000000
99	tsk_99	(x)	1	:	0.000000	0.000000	0.000000	0.000000	0.000000	0.000000	0.455723	0.000000	0.000000	0.000000	0.000000	0.544277	0.000000	0.000000
100	tsk_100	(x)	1	:	0.000000	0.000000	0.000007	0.000000	0.000000	0.000000	0.000000	0.000000	0.000000	0.000000	0.000000	0.000000	0.999993	0.000000
101	tsk_101	(x)	1	:	0.000000	0.000000	0.338777	0.000000	0.000000	0.000000	0.000000	0.000000	0.000000	0.000000	0.000000	0.000000	0.661223	0.000000
102	tsk_102	(x)	1	:	0.506695	0.000000	0.000000	0.000000	0.000000	0.000000	0.000000	0.000000	0.000000	0.493305	0.000000	0.000000	0.000000	0.000000
103	tsk_103	(x)	1	:	0.000000	0.000000	0.000000	0.000000	0.000000	0.000000	0.000002	0.000000	0.000000	0.010009	0.495497	0.000009	0.494482	0.000000
104	tsk_104	(x)	1	:	0.000000	0.000000	0.000000	0.000000	0.000000	0.000000	0.000272	0.000000	0.000000	0.029028	0.500121	0.000000	0.000000	0.470579
105	tsk_105	(x)	1	:	0.000000	0.000000	0.000035	0.000000	0.000000	0.000000	0.000000	0.000000	0.000000	0.000000	0.000000	0.000000	0.999965	0.000000
106	tsk_106	(x)	1	:	0.000000	0.000000	0.000000	0.392786	0.000000	0.000000	0.000015	0.000000	0.000000	0.111227	0.000000	0.000004	0.495967	0.000000
107	tsk_107	(x)	1	:	0.000000	0.000000	0.000000	0.000000	0.000000	0.000000	0.012843	0.000000	0.000000	0.000000	0.000000	0.000000	0.515696	0.471461
108	tsk_108	(x)	1	:	0.000000	0.000000	0.000004	0.000000	0.000000	0.000000	0.000013	0.000000	0.000000	0.431102	0.000000	0.000016	0.568865	0.000000
109	tsk_109	(x)	1	:	0.000000	0.000000	0.000000	0.000000	0.000000	0.000000	0.000000	0.000000	0.000000	0.000000	0.000000	0.000000	0.000000	1.000000
110	tsk_110	(x)	1	:	0.000000	0.000000	0.000000	0.000000	0.000000	0.001284	0.000003	0.000000	0.998710	0.000002	0.000000	0.000001	0.000000	0.000000
111	tsk_111	(x)	1	:	0.000000	0.000000	0.000000	0.000000	0.000000	0.001284	0.000006	0.000000	0.998708	0.000001	0.000000	0.000001	0.000000	0.000000
112	tsk_112	(x)	1	:	0.000000	0.000000	0.516183	0.000000	0.000000	0.000000	0.000194	0.000000	0.475860	0.000000	0.000000	0.000000	0.007763	0.000000
113	tsk_113	(x)	1	:	0.000000	0.000000	0.000000	0.000000	0.000000	0.000000	0.000000	0.000000	0.484608	0.000000	0.000000	0.000000	0.000000	0.515392
114	tsk_114	(x)	1	:	0.000000	0.000000	0.000000	0.000000	0.000000	0.000000	0.101222	0.000000	0.382303	0.000000	0.000000	0.000051	0.516425	0.000000
115	tsk_115	(x)	1	:	0.000000	0.000000	0.512081	0.000000	0.000000	0.000000	0.000000	0.000000	0.000000	0.000000	0.000000	0.000000	0.487919	0.000000
116	tsk_116	(x)	1	:	0.000000	0.000000	0.000000	0.000000	0.000000	0.000000	0.242373	0.000000	0.212836	0.544791	0.000000	0.000000	0.000000	0.000000
117	tsk_117	(x)	1	:	0.000000	0.000000	0.000000	0.000000	0.000000	0.000000	0.000093	0.000000	0.461150	0.538757	0.000000	0.000000	0.000000	0.000000
118	tsk_118	(x)	1	:	0.000000	0.000000	0.000000	0.000000	0.000000	0.001285	0.000005	0.000000	0.998707	0.000001	0.000000	0.000002	0.000000	0.000000
119	tsk_119	(x)	1	:	0.000000	0.000000	0.000000	0.000000	0.000000	0.000000	0.218289	0.000000	0.781708	0.000001	0.000000	0.000002	0.000000	0.000000
120	tsk_120	(x)	1	:	0.000000	0.000000	0.000000	0.000000	0.000000	0.000000	0.000000	0.000000	0.000000	0.006009	0.494321	0.000000	0.000000	0.499669
121	tsk_121	(x)	1	:	0.000000	0.499989	0.000000	0.000000	0.000000	0.000000	0.000000	0.000000	0.000000	0.500011	0.000000	0.000000	0.000000	0.000000
122	tsk_122	(x)	1	:	0.000000	0.000000	0.000000	0.000000	0.461205	0.000000	0.000000	0.000000	0.000000	0.005283	0.495006	0.000000	0.000000	0.038506
123	tsk_123	(x)	1	:	0.000000	0.000000	0.000000	0.241490	0.000000	0.000000	0.360770	0.000000	0.000000	0.000000	0.397740	0.000000	0.000000	0.000000
124	tsk_124	(x)	1	:	0.000000	0.000000	0.498162	0.000000	0.000000	0.000000	0.000000	0.000000	0.000000	0.000000	0.000000	0.000000	0.001937	0.499901
125	tsk_125	(x)	1	:	0.000000	0.000000	0.000000	0.000000	0.999949	0.000000	0.000000	0.000000	0.000000	0.000000	0.000000	0.000000	0.000000	0.000051
126	tsk_126	(x)	1	:	0.000000	0.000000	0.506809	0.000000	0.000000	0.000000	0.481118	0.000000	0.000000	0.000000	0.000000	0.000000	0.012072	0.000000
127	tsk_127	(x)	1	:	0.000000	0.000000	0.498521	0.000000	0.000000	0.000000	0.000000	0.000000	0.000000	0.499516	0.000000	0.000000	0.001963	0.000000
128	tsk_128	(x)	1	:	0.000000	0.000000	0.000000	0.000000	0.000000	0.000000	0.000000	0.000000	0.000000	0.005705	0.494609	0.000000	0.000000	0.499686
129	tsk_129	(x)	1	:	0.000000	0.000000	0.498330	0.000000	0.000000	0.000000	0.000000	0.000000	0.000000	0.000000	0.000000	0.000000	0.001760	0.499910
130	tsk_130	(x)	1	:	0.000000	0.000000	0.498205	0.000000	0.000000	0.000000	0.000000	0.000000	0.000000	0.000000	0.000000	0.000000	0.001891	0.499903
131	tsk_131	(x)	1	:	0.000000	0.499987	0.000000	0.000000	0.000000	0.000000	0.000000	0.000000	0.000000	0.500012	0.000000	0.000000	0.000000	0.000000
132	tsk_132	(x)	1	:	0.000000	0.000000	0.000000	0.000000	0.000000	0.000000	0.000019	0.000000	0.000002	0.000000	0.000000	0.000002	0.499308	0.500670
133	tsk_133	(x)	1	:	0.000000	0.000000	0.000000	0.000000	0.000000	0.498890	0.000000	0.000000	0.000000	0.000000	0.000000	0.000000	0.000000	0.501109
134	tsk_134	(x)	1	:	0.000000	0.000000	0.498125	0.000000	0.000000	0.000000	0.000000	0.000000	0.000000	0.000000	0.000000	0.000000	0.001976	0.499899
135	tsk_135	(x)	1	:	0.000000	0.000000	0.501058	0.000000	0.000000	0.495556	0.000007	0.000000	0.000000	0.000000	0.000000	0.000004	0.003374	0.000000
136	tsk_136	(x)	1	:	0.000000	0.000000	0.000000	0.000000	0.000000	0.498251	0.000096	0.000000	0.000000	0.000001	0.000000	0.000016	0.501636	0.000000
137	tsk_137	(x)	1	:	0.000000	0.000000	0.498268	0.000000	0.000000	0.000000	0.000000	0.000000	0.000000	0.000000	0.000000	0.000000	0.001826	0.499907
138	tsk_138	(x)	1	:	0.000000	0.000000	0.506840	0.000000	0.000000	0.259803	0.221685	0.000000	0.000000	0.000001	0.000000	0.000024	0.011647	0.000000
139	tsk_139	(x)	1	:	0.000000	0.000000	0.000000	0.000000	0.000000	0.336086	0.325447	0.000000	0.000000	0.000000	0.000000	0.000000	0.338467	0.000000
140	tsk_140	(x)	1	:	0.000000	0.000000	0.000000	0.000000	0.000000	1.000000	0.000000	0.000000	0.000000	0.000000	0.000000	0.000000	0.000000	0.000000
141	tsk_141	(x)	1	:	0.000000	0.000000	0.500293	0.000000	0.000000	0.000000	0.082891	0.000000	0.388233	0.000001	0.000000	0.000009	0.028573	0.000000
142	tsk_142	(x)	1	:	0.000000	0.000000	0.000000	0.000000	0.000000	0.498265	0.000073	0.000000	0.000000	0.000002	0.000000	0.000011	0.501650	0.000000
143	tsk_143	(x)	1	:	0.000000	0.000000	0.000000	0.000000	0.000000	0.493710	0.000021	0.000000	0.000000	0.506268	0.000000	0.000000	0.000000	0.000000
144	tsk_144	(x)	1	:	0.000000	0.000000	0.501028	0.000000	0.000000	0.495547	0.000008	0.000000	0.000000	0.000000	0.000000	0.000008	0.003410	0.000000
145	tsk_145	(x)	1	:	0.000000	0.000000	0.000000	0.000000	0.000000	0.000000	0.000000	0.000000	0.000000	1.000000	0.000000	0.000000	0.000000	0.000000
146	tsk_146	(x)	1	:	0.000000	0.000000	0.000000	0.000000	0.000000	0.000000	0.041439	0.000000	0.391852	0.566709	0.000000	0.000000	0.000000	0.000000
147	tsk_147	(x)	1	:	0.000000	0.000000	0.498485	0.000000	0.000000	0.000000	0.000000	0.000000	0.000000	0.499504	0.000000	0.000000	0.002010	0.000000
148	tsk_148	(x)	1	:	0.000000	0.000000	0.000000	0.000000	0.000000	0.493717	0.000000	0.000000	0.000000	0.506283	0.000000	0.000000	0.000000	0.000000
149	tsk_149	(x)	1	:	0.000000	0.000000	0.000000	0.000000	0.000000	0.000000	0.000000	0.000000	0.000000	1.000000	0.000000	0.000000	0.000000	0.000000
