logL = -951.775230 (converged)
AIC = 7273.550461
BIC = 15357.106225

count.K
25 17 10 10 12 3 10 7 1 0 9 6 26 10 4 

