logL = -1299.345950 (converged)
AIC = 3384.691899
BIC = 4567.871570

count.K
76 42 32 

