logL = -966.111109 (converged)
AIC = 7092.222218
BIC = 14859.661277

count.K
11 13 1 2 4 22 0 4 19 0 3 1 15 14 41 

