logL = -595.460228 (converged)
AIC = 6170.920456
BIC = 13667.402338

count.K
5 23 13 1 1 9 12 19 31 4 10 3 10 4 5 

