logL = -1644.772908 (converged)
AIC = 4117.545816
BIC = 5363.948828

count.K
51 15 84 

