logL = -1075.963064 (converged)
AIC = 2913.926128
BIC = 4060.978175

count.K
32 73 45 

