logL = -741.558062 (converged)
AIC = 4369.116124
BIC = 8713.462853

count.K
1 14 37 10 9 33 40 0 6 

