logL = -3071.931945 (converged)
AIC = 7061.863890
BIC = 8443.745490

count.K
35 33 82 

