logL = -1998.068637 (converged)
AIC = 4890.137274
BIC = 6235.891251

count.K
82 39 29 

