logL = -347.057135 (converged)
AIC = 5464.114271
BIC = 12644.479447

count.K
6 2 16 11 7 7 1 27 9 6 3 1 45 3 6 

