logL = -613.829653 (converged)
AIC = 6327.659307
BIC = 14004.779307

count.K
35 0 0 4 3 13 12 19 1 1 8 10 1 6 37 

