logL = -1594.388121 (converged)
AIC = 6168.776242
BIC = 10654.622831

count.K
9 19 4 17 51 11 27 12 

