logL = -1463.315638 (converged)
AIC = 5778.631275
BIC = 10071.797205

count.K
12 3 13 66 1 13 2 40 

