0	tsk_0	(x)	1	:	0.000000	0.000000	0.000000	0.423720	0.000000	0.000000	0.000000	0.000000	0.576280	0.000000	0.000000
1	tsk_1	(x)	1	:	0.000000	0.000000	0.000000	0.000000	0.000000	0.000000	0.000000	0.502932	0.000000	0.496952	0.000116
2	tsk_2	(x)	1	:	0.000000	0.000000	0.026788	0.486002	0.487210	0.000000	0.000000	0.000000	0.000000	0.000000	0.000000
3	tsk_3	(x)	1	:	0.000000	0.000032	0.116508	0.000000	0.000000	0.000000	0.000000	0.000000	0.387245	0.496215	0.000000
4	tsk_4	(x)	1	:	0.507729	0.000000	0.000000	0.492271	0.000000	0.000000	0.000000	0.000000	0.000000	0.000000	0.000000
5	tsk_5	(x)	1	:	0.000000	0.000000	0.000000	0.423720	0.000000	0.000000	0.000000	0.000000	0.576280	0.000000	0.000000
6	tsk_6	(x)	1	:	0.507729	0.000000	0.000000	0.492271	0.000000	0.000000	0.000000	0.000000	0.000000	0.000000	0.000000
7	tsk_7	(x)	1	:	0.492721	0.000000	0.022057	0.000000	0.485222	0.000000	0.000000	0.000000	0.000000	0.000000	0.000000
8	tsk_8	(x)	1	:	0.000000	0.000000	0.013043	0.000000	0.491195	0.000000	0.000000	0.000000	0.000000	0.495762	0.000000
9	tsk_9	(x)	1	:	0.492877	0.000000	0.014246	0.000000	0.000000	0.492877	0.000000	0.000000	0.000000	0.000000	0.000000
10	tsk_10	(x)	1	:	0.000000	0.000000	0.000000	1.000000	0.000000	0.000000	0.000000	0.000000	0.000000	0.000000	0.000000
11	tsk_11	(x)	1	:	0.000000	0.000000	0.000000	0.000000	0.000000	0.000000	0.000000	0.492248	0.507752	0.000000	0.000000
12	tsk_12	(x)	1	:	0.000000	0.000000	0.015701	0.489197	0.011683	0.000000	0.483420	0.000000	0.000000	0.000000	0.000000
13	tsk_13	(x)	1	:	0.000000	0.000000	0.013331	0.490625	0.000000	0.000000	0.000000	0.000000	0.000000	0.496044	0.000000
14	tsk_14	(x)	1	:	0.000000	0.000000	0.015220	0.000000	0.488884	0.000000	0.000000	0.495827	0.000000	0.000000	0.000069
15	tsk_15	(x)	1	:	0.000000	0.463462	0.018370	0.000000	0.000000	0.000000	0.000000	0.518168	0.000000	0.000000	0.000000
16	tsk_16	(x)	1	:	0.000000	0.000000	0.000000	0.000000	0.000000	0.000000	0.000000	1.000000	0.000000	0.000000	0.000000
17	tsk_17	(x)	1	:	0.000000	0.000000	0.000000	0.000000	0.000000	0.000000	0.000000	1.000000	0.000000	0.000000	0.000000
18	tsk_18	(x)	1	:	0.000000	0.000000	0.006898	0.000000	0.476503	0.000000	0.000000	0.516599	0.000000	0.000000	0.000000
19	tsk_19	(x)	1	:	0.000000	0.000000	0.002240	0.000000	0.448489	0.000000	0.000000	0.000000	0.549272	0.000000	0.000000
20	tsk_20	(x)	1	:	0.000000	0.000000	0.009841	0.493206	0.000000	0.000000	0.000000	0.496863	0.000000	0.000000	0.000090
21	tsk_21	(x)	1	:	0.000000	0.463776	0.037599	0.000000	0.000000	0.498625	0.000000	0.000000	0.000000	0.000000	0.000000
22	tsk_22	(x)	1	:	0.000000	0.000000	0.000000	0.000000	0.000000	0.000000	0.000000	0.000000	0.000000	1.000000	0.000000
23	tsk_23	(x)	1	:	0.000000	0.463932	0.037198	0.000000	0.000000	0.498870	0.000000	0.000000	0.000000	0.000000	0.000000
24	tsk_24	(x)	1	:	0.000000	0.000000	0.016927	0.487675	0.000000	0.495397	0.000000	0.000000	0.000000	0.000000	0.000000
25	tsk_25	(x)	1	:	0.000000	0.464509	0.039299	0.000000	0.000000	0.000000	0.000000	0.000000	0.000000	0.496192	0.000000
26	tsk_26	(x)	1	:	0.000000	0.000000	0.011796	0.491529	0.000000	0.000000	0.000000	0.496622	0.000000	0.000000	0.000053
27	tsk_27	(x)	1	:	0.000000	0.000000	0.000000	0.000000	0.000000	0.000000	0.000000	0.502938	0.000000	0.496953	0.000109
28	tsk_28	(x)	1	:	0.000000	0.000000	0.012425	0.490987	0.000000	0.000000	0.000000	0.496515	0.000000	0.000000	0.000073
29	tsk_29	(x)	1	:	0.000000	0.000000	0.000000	0.000000	0.000000	1.000000	0.000000	0.000000	0.000000	0.000000	0.000000
30	tsk_30	(x)	1	:	0.000000	0.000000	0.016544	0.000000	0.487658	0.000000	0.000000	0.495739	0.000000	0.000000	0.000060
31	tsk_31	(x)	1	:	0.000000	0.000000	0.000000	0.000000	0.000000	0.000000	1.000000	0.000000	0.000000	0.000000	0.000000
32	tsk_32	(x)	1	:	0.000000	0.000000	0.013864	0.000000	0.490140	0.000000	0.000000	0.495932	0.000000	0.000000	0.000063
33	tsk_33	(x)	1	:	0.000000	0.000000	0.003134	0.000000	0.017052	0.000000	0.483144	0.496601	0.000000	0.000000	0.000070
34	tsk_34	(x)	1	:	0.000000	0.000000	0.000000	0.000000	0.515970	0.000000	0.484030	0.000000	0.000000	0.000000	0.000000
35	tsk_35	(x)	1	:	0.000000	0.000000	0.000000	0.000000	1.000000	0.000000	0.000000	0.000000	0.000000	0.000000	0.000000
36	tsk_36	(x)	1	:	0.000000	0.000000	0.020661	0.000000	0.486162	0.493177	0.000000	0.000000	0.000000	0.000000	0.000000
37	tsk_37	(x)	1	:	0.000000	0.000000	0.000000	0.000000	1.000000	0.000000	0.000000	0.000000	0.000000	0.000000	0.000000
38	tsk_38	(x)	1	:	0.000000	0.000000	0.000000	0.000000	0.000000	0.000000	0.000000	1.000000	0.000000	0.000000	0.000000
39	tsk_39	(x)	1	:	0.000000	0.000000	0.000000	0.000000	0.515970	0.000000	0.484030	0.000000	0.000000	0.000000	0.000000
40	tsk_40	(x)	1	:	0.000000	0.000000	0.012308	0.491087	0.000000	0.000000	0.000000	0.496521	0.000000	0.000000	0.000083
41	tsk_41	(x)	1	:	0.000000	0.000000	0.000000	0.000000	0.000000	0.000000	0.000000	1.000000	0.000000	0.000000	0.000000
42	tsk_42	(x)	1	:	0.000000	0.000000	0.007986	0.000000	0.000000	0.495892	0.000000	0.496054	0.000000	0.000000	0.000068
43	tsk_43	(x)	1	:	0.000000	0.000000	0.008350	0.000000	0.000000	0.495579	0.000000	0.496005	0.000000	0.000000	0.000066
44	tsk_44	(x)	1	:	0.000000	0.000000	0.018100	0.487090	0.000000	0.494811	0.000000	0.000000	0.000000	0.000000	0.000000
45	tsk_45	(x)	1	:	0.000000	0.000000	0.008856	0.000000	0.000000	0.495145	0.000000	0.495943	0.000000	0.000000	0.000055
46	tsk_46	(x)	1	:	0.000000	0.000000	0.006708	0.000000	0.000000	0.496990	0.000000	0.496230	0.000000	0.000000	0.000072
47	tsk_47	(x)	1	:	0.000000	0.463952	0.044878	0.491170	0.000000	0.000000	0.000000	0.000000	0.000000	0.000000	0.000000
48	tsk_48	(x)	1	:	0.000000	0.000000	0.000000	0.000000	0.000000	0.000000	0.000000	0.479630	0.000000	0.520354	0.000016
49	tsk_49	(x)	1	:	0.507729	0.000000	0.000000	0.492271	0.000000	0.000000	0.000000	0.000000	0.000000	0.000000	0.000000
50	tsk_50	(x)	1	:	1.000000	0.000000	0.000000	0.000000	0.000000	0.000000	0.000000	0.000000	0.000000	0.000000	0.000000
51	tsk_51	(x)	1	:	0.507729	0.000000	0.000000	0.492271	0.000000	0.000000	0.000000	0.000000	0.000000	0.000000	0.000000
52	tsk_52	(x)	1	:	0.498591	0.000000	0.015678	0.000000	0.000000	0.000000	0.000000	0.000011	0.000000	0.000000	0.485720
53	tsk_53	(x)	1	:	0.495524	0.000000	0.008457	0.000000	0.014461	0.000000	0.481558	0.000000	0.000000	0.000000	0.000000
54	tsk_54	(x)	1	:	0.000000	0.000000	0.021338	0.492621	0.000000	0.000000	0.000000	0.000005	0.000000	0.000000	0.486037
55	tsk_55	(x)	1	:	0.507729	0.000000	0.000000	0.492271	0.000000	0.000000	0.000000	0.000000	0.000000	0.000000	0.000000
56	tsk_56	(x)	1	:	0.000000	0.000000	0.000000	1.000000	0.000000	0.000000	0.000000	0.000000	0.000000	0.000000	0.000000
57	tsk_57	(x)	1	:	0.493228	0.000000	0.013544	0.000000	0.000000	0.493228	0.000000	0.000000	0.000000	0.000000	0.000000
58	tsk_58	(x)	1	:	0.498994	0.000000	0.015204	0.000000	0.000000	0.000000	0.000000	0.000004	0.000000	0.000000	0.485798
59	tsk_59	(x)	1	:	1.000000	0.000000	0.000000	0.000000	0.000000	0.000000	0.000000	0.000000	0.000000	0.000000	0.000000
60	tsk_60	(x)	1	:	0.000000	0.000000	0.004320	0.486876	0.000000	0.000000	0.000000	0.000000	0.000000	0.000000	0.508804
61	tsk_61	(x)	1	:	0.000000	0.000000	0.000000	0.519349	0.000000	0.000000	0.000000	0.480630	0.000000	0.000000	0.000021
62	tsk_62	(x)	1	:	0.000000	0.000000	0.000000	0.000000	0.000000	0.000000	0.000000	0.000000	0.530379	0.000000	0.469621
63	tsk_63	(x)	1	:	0.000000	0.000000	0.018342	0.486969	0.000000	0.494689	0.000000	0.000000	0.000000	0.000000	0.000000
64	tsk_64	(x)	1	:	0.000000	0.000000	0.002158	0.000000	0.000000	0.489861	0.000000	0.000000	0.000000	0.000000	0.507981
65	tsk_65	(x)	1	:	0.000000	0.000000	0.000073	0.000000	0.000000	0.456155	0.000000	0.000000	0.543772	0.000000	0.000000
66	tsk_66	(x)	1	:	0.000000	0.000000	0.002135	0.000000	0.000000	0.489880	0.000000	0.000000	0.000000	0.000000	0.507984
67	tsk_67	(x)	1	:	0.000000	0.000000	0.018462	0.486908	0.000000	0.494629	0.000000	0.000000	0.000000	0.000000	0.000000
68	tsk_68	(x)	1	:	0.000000	0.000000	0.000000	0.000000	0.000000	0.000000	0.000000	0.607601	0.000000	0.000000	0.392399
69	tsk_69	(x)	1	:	0.000000	0.000000	0.026197	0.486195	0.487608	0.000000	0.000000	0.000000	0.000000	0.000000	0.000000
70	tsk_70	(x)	1	:	0.494884	0.000000	0.011845	0.000000	0.010968	0.000000	0.482304	0.000000	0.000000	0.000000	0.000000
71	tsk_71	(x)	1	:	0.158700	0.000000	0.221985	0.109300	0.030598	0.000000	0.479416	0.000000	0.000000	0.000000	0.000000
72	tsk_72	(x)	1	:	0.475427	0.000000	0.000538	0.000000	0.000000	0.000000	0.000000	0.242155	0.000000	0.000000	0.281881
73	tsk_73	(x)	1	:	0.146142	0.000000	0.232164	0.121700	0.000000	0.499993	0.000000	0.000000	0.000000	0.000000	0.000000
74	tsk_74	(x)	1	:	0.000000	0.000000	0.000000	0.000000	0.000000	0.000000	1.000000	0.000000	0.000000	0.000000	0.000000
75	tsk_75	(x)	1	:	0.495187	0.000000	0.010922	0.000000	0.011598	0.000000	0.482293	0.000000	0.000000	0.000000	0.000000
76	tsk_76	(x)	1	:	0.156401	0.000000	0.222910	0.111636	0.029203	0.000000	0.479850	0.000000	0.000000	0.000000	0.000000
77	tsk_77	(x)	1	:	0.496650	0.000000	0.007103	0.000000	0.000000	0.000000	0.000000	0.496166	0.000000	0.000000	0.000081
78	tsk_78	(x)	1	:	0.000000	0.000000	0.012810	0.490657	0.000000	0.000000	0.000000	0.496469	0.000000	0.000000	0.000064
79	tsk_79	(x)	1	:	0.000000	0.000000	0.018673	0.486803	0.000000	0.494524	0.000000	0.000000	0.000000	0.000000	0.000000
80	tsk_80	(x)	1	:	0.000000	0.000019	0.110277	0.000000	0.019454	0.000000	0.482957	0.000000	0.387292	0.000000	0.000000
81	tsk_81	(x)	1	:	0.493094	0.000000	0.013812	0.000000	0.000000	0.493094	0.000000	0.000000	0.000000	0.000000	0.000000
82	tsk_82	(x)	1	:	0.000000	0.000001	0.000000	0.000000	0.000000	0.000000	0.000000	0.000000	0.999998	0.000000	0.000000
83	tsk_83	(x)	1	:	0.000000	0.000000	0.013308	0.490645	0.000000	0.000000	0.000000	0.000000	0.000000	0.496046	0.000000
84	tsk_84	(x)	1	:	0.000000	0.000043	0.116500	0.000000	0.000000	0.000000	0.000000	0.000000	0.387242	0.496216	0.000000
85	tsk_85	(x)	1	:	0.000000	0.000012	0.112992	0.000000	0.499777	0.000000	0.000000	0.000000	0.387219	0.000000	0.000000
86	tsk_86	(x)	1	:	0.000000	0.000000	0.017531	0.487374	0.000000	0.495095	0.000000	0.000000	0.000000	0.000000	0.000000
87	tsk_87	(x)	1	:	0.000000	0.000000	0.012442	0.491431	0.000000	0.000000	0.000000	0.000000	0.000000	0.496127	0.000000
88	tsk_88	(x)	1	:	0.000000	0.000000	0.011955	0.491872	0.000000	0.000000	0.000000	0.000000	0.000000	0.496172	0.000000
89	tsk_89	(x)	1	:	0.000000	0.000022	0.126749	0.000000	0.000000	0.000000	0.000000	0.000002	0.387248	0.000000	0.485979
90	tsk_90	(x)	1	:	1.000000	0.000000	0.000000	0.000000	0.000000	0.000000	0.000000	0.000000	0.000000	0.000000	0.000000
91	tsk_91	(x)	1	:	0.000000	0.000000	0.012676	0.490772	0.000000	0.000000	0.000000	0.496488	0.000000	0.000000	0.000064
92	tsk_92	(x)	1	:	0.000000	0.000000	0.008808	0.000000	0.000000	0.495185	0.000000	0.495927	0.000000	0.000000	0.000080
93	tsk_93	(x)	1	:	0.000000	0.000000	0.008725	0.000000	0.000000	0.495256	0.000000	0.495948	0.000000	0.000000	0.000071
94	tsk_94	(x)	1	:	0.483529	0.000000	0.000646	0.000000	0.000000	0.000000	0.000000	0.515825	0.000000	0.000000	0.000000
95	tsk_95	(x)	1	:	0.492953	0.000000	0.014093	0.000000	0.000000	0.492953	0.000000	0.000000	0.000000	0.000000	0.000000
96	tsk_96	(x)	1	:	0.492955	0.000000	0.014091	0.000000	0.000000	0.492955	0.000000	0.000000	0.000000	0.000000	0.000000
97	tsk_97	(x)	1	:	0.496594	0.000000	0.007169	0.000000	0.000000	0.000000	0.000000	0.496166	0.000000	0.000000	0.000071
98	tsk_98	(x)	1	:	0.492852	0.000000	0.014297	0.000000	0.000000	0.492852	0.000000	0.000000	0.000000	0.000000	0.000000
99	tsk_99	(x)	1	:	0.497790	0.000000	0.005776	0.000000	0.000000	0.000000	0.000000	0.496350	0.000000	0.000000	0.000084
100	tsk_100	(x)	1	:	0.000000	0.000000	0.015472	0.000000	0.488651	0.000000	0.000000	0.495819	0.000000	0.000000	0.000057
101	tsk_101	(x)	1	:	0.000000	0.000000	0.008464	0.000000	0.000000	0.495482	0.000000	0.495994	0.000000	0.000000	0.000060
102	tsk_102	(x)	1	:	0.000000	0.000000	0.024148	0.000000	0.483813	0.492038	0.000000	0.000000	0.000000	0.000000	0.000000
103	tsk_103	(x)	1	:	0.000000	0.000000	0.008406	0.000000	0.000000	0.495531	0.000000	0.495995	0.000000	0.000000	0.000068
104	tsk_104	(x)	1	:	0.000000	0.000000	0.000000	0.000000	0.000000	0.000000	0.000000	1.000000	0.000000	0.000000	0.000000
105	tsk_105	(x)	1	:	0.000000	0.000000	0.000000	0.000000	0.000000	0.000000	0.000000	0.391798	0.000000	0.000000	0.608202
106	tsk_106	(x)	1	:	0.000000	0.000000	0.000000	0.000000	1.000000	0.000000	0.000000	0.000000	0.000000	0.000000	0.000000
107	tsk_107	(x)	1	:	0.000000	0.000000	0.000000	0.000000	0.000000	0.000000	0.000000	0.391798	0.000000	0.000000	0.608202
108	tsk_108	(x)	1	:	0.000000	0.000000	0.009120	0.000000	0.000000	0.494918	0.000000	0.495899	0.000000	0.000000	0.000063
109	tsk_109	(x)	1	:	0.000000	0.000000	0.000000	0.000000	0.000000	0.000000	0.000000	1.000000	0.000000	0.000000	0.000000
110	tsk_110	(x)	1	:	0.000000	0.000000	0.015752	0.488829	0.012524	0.000000	0.482895	0.000000	0.000000	0.000000	0.000000
111	tsk_111	(x)	1	:	0.000000	0.000000	0.000000	0.493404	0.000000	0.000000	0.000000	0.235070	0.000000	0.000000	0.271526
112	tsk_112	(x)	1	:	0.000000	0.000000	0.000000	0.000000	0.000000	0.000000	0.000000	0.396069	0.000000	0.000000	0.603931
113	tsk_113	(x)	1	:	0.000000	0.000000	0.000080	0.000000	0.003223	0.000000	0.472511	0.242216	0.000000	0.000000	0.281969
114	tsk_114	(x)	1	:	0.000000	0.000000	0.000000	0.000000	0.000000	0.000000	0.000000	0.607601	0.000000	0.000000	0.392399
115	tsk_115	(x)	1	:	0.000000	0.000000	0.000000	0.000000	0.000000	0.000000	1.000000	0.000000	0.000000	0.000000	0.000000
116	tsk_116	(x)	1	:	0.000000	0.000000	0.007211	0.000000	0.023485	0.000000	0.482937	0.000004	0.000000	0.000000	0.486362
117	tsk_117	(x)	1	:	0.000000	0.000000	0.002021	0.000000	0.010842	0.000000	0.489342	0.000000	0.000000	0.497794	0.000000
118	tsk_118	(x)	1	:	0.000000	0.000000	0.000001	0.499290	0.000000	0.000000	0.000000	0.000000	0.000000	0.500709	0.000000
119	tsk_119	(x)	1	:	0.000000	0.000000	0.015319	0.000000	0.000000	0.498897	0.000000	0.000004	0.000000	0.000000	0.485781
120	tsk_120	(x)	1	:	0.000000	0.000000	0.000000	1.000000	0.000000	0.000000	0.000000	0.000000	0.000000	0.000000	0.000000
121	tsk_121	(x)	1	:	0.000000	0.000000	0.000000	0.000000	0.000000	0.000000	0.000000	0.000012	0.000000	0.000000	0.999988
122	tsk_122	(x)	1	:	0.000000	0.535363	0.000424	0.000000	0.000000	0.464213	0.000000	0.000000	0.000000	0.000000	0.000000
123	tsk_123	(x)	1	:	0.000000	1.000000	0.000000	0.000000	0.000000	0.000000	0.000000	0.000000	0.000000	0.000000	0.000000
124	tsk_124	(x)	1	:	0.000000	0.000000	0.012771	0.490690	0.000000	0.000000	0.000000	0.496471	0.000000	0.000000	0.000068
125	tsk_125	(x)	1	:	0.000000	0.535409	0.000296	0.000000	0.000000	0.464295	0.000000	0.000000	0.000000	0.000000	0.000000
126	tsk_126	(x)	1	:	0.000000	0.000000	0.000703	0.000000	0.000000	0.475284	0.000000	0.242146	0.000000	0.000000	0.281867
127	tsk_127	(x)	1	:	0.000000	0.000000	0.017875	0.487202	0.000000	0.494923	0.000000	0.000000	0.000000	0.000000	0.000000
128	tsk_128	(x)	1	:	0.000000	0.000000	0.018187	0.487046	0.000000	0.494767	0.000000	0.000000	0.000000	0.000000	0.000000
129	tsk_129	(x)	1	:	0.000000	0.000000	0.000000	1.000000	0.000000	0.000000	0.000000	0.000000	0.000000	0.000000	0.000000
130	tsk_130	(x)	1	:	0.000000	0.000000	0.000000	0.000000	0.000000	0.000000	0.526727	0.000004	0.000000	0.000000	0.473269
131	tsk_131	(x)	1	:	0.000000	0.000000	0.000000	0.000000	0.000000	1.000000	0.000000	0.000000	0.000000	0.000000	0.000000
132	tsk_132	(x)	1	:	0.457416	0.000000	0.000057	0.000000	0.000000	0.000000	0.542527	0.000000	0.000000	0.000000	0.000000
133	tsk_133	(x)	1	:	0.000000	0.000000	0.015333	0.000000	0.000000	0.498885	0.000000	0.000009	0.000000	0.000000	0.485774
134	tsk_134	(x)	1	:	0.000000	0.000000	0.008849	0.000000	0.021972	0.000000	0.482947	0.000004	0.000000	0.000000	0.486228
135	tsk_135	(x)	1	:	0.000000	0.000000	0.000000	1.000000	0.000000	0.000000	0.000000	0.000000	0.000000	0.000000	0.000000
136	tsk_136	(x)	1	:	0.000000	0.000000	0.000000	0.000000	0.000000	0.000000	0.526728	0.000005	0.000000	0.000000	0.473268
137	tsk_137	(x)	1	:	0.000000	0.000000	0.015672	0.489096	0.011977	0.000000	0.483255	0.000000	0.000000	0.000000	0.000000
138	tsk_138	(x)	1	:	0.000000	0.000000	0.022277	0.491822	0.000000	0.000000	0.000000	0.000003	0.000000	0.000000	0.485898
139	tsk_139	(x)	1	:	0.492892	0.000000	0.014216	0.000000	0.000000	0.492892	0.000000	0.000000	0.000000	0.000000	0.000000
140	tsk_140	(x)	1	:	0.000000	0.000000	0.000000	0.000000	0.000000	0.000000	0.000000	0.000000	0.530600	0.000000	0.469400
141	tsk_141	(x)	1	:	0.000000	0.000000	0.004776	0.000000	0.000000	0.487932	0.000000	0.000000	0.000000	0.000000	0.507292
142	tsk_142	(x)	1	:	0.000000	0.000000	0.000000	0.000000	0.000000	0.000000	0.000000	1.000000	0.000000	0.000000	0.000000
143	tsk_143	(x)	1	:	0.000000	0.000000	0.000000	0.000000	0.000000	0.000000	0.000000	0.000000	0.529843	0.000000	0.470157
144	tsk_144	(x)	1	:	0.000000	0.000000	0.000000	0.000000	0.000000	0.000000	0.000000	1.000000	0.000000	0.000000	0.000000
145	tsk_145	(x)	1	:	0.000000	0.000000	0.000000	0.000000	0.000000	0.000000	0.000000	0.391798	0.000000	0.000000	0.608202
146	tsk_146	(x)	1	:	0.000000	0.000000	0.000000	0.000000	0.000000	0.000000	0.000000	0.391798	0.000000	0.000000	0.608202
147	tsk_147	(x)	1	:	0.493211	0.000000	0.013577	0.000000	0.000000	0.493211	0.000000	0.000000	0.000000	0.000000	0.000000
148	tsk_148	(x)	1	:	0.496270	0.000000	0.007546	0.000000	0.000000	0.000000	0.000000	0.496118	0.000000	0.000000	0.000066
149	tsk_149	(x)	1	:	0.000000	0.000000	0.000000	0.000000	0.000000	0.000000	0.000000	0.000000	0.000000	0.000000	1.000000
