logL = -1217.532277 (converged)
AIC = 3647.064554
BIC = 5471.509542

count.K
31 56 25 38 

