0	tsk_0	(x)	1	:	0.000000	0.000000	0.226399	0.000000	0.054060	0.000000	0.000000	0.000000	0.000000	0.000000	0.445939	0.273601	0.000000
1	tsk_1	(x)	1	:	0.000000	0.000000	0.000000	0.000000	0.000000	0.000000	0.000000	0.000000	0.000000	0.000000	1.000000	0.000000	0.000000
2	tsk_2	(x)	1	:	0.000000	0.000000	0.411263	0.000000	0.000000	0.517727	0.000000	0.000000	0.000000	0.000000	0.000000	0.071009	0.000000
3	tsk_3	(x)	1	:	0.000000	0.000000	0.000000	0.000000	0.000000	0.000000	0.000000	0.000000	0.000000	0.000000	1.000000	0.000000	0.000000
4	tsk_4	(x)	1	:	0.000000	0.000000	0.265144	0.000000	0.000000	0.517727	0.000000	0.000000	0.000000	0.000000	0.000000	0.217129	0.000000
5	tsk_5	(x)	1	:	0.000000	0.000000	0.243656	0.000000	0.054054	0.000000	0.000000	0.000000	0.000064	0.000000	0.445941	0.256285	0.000000
6	tsk_6	(x)	1	:	0.000000	0.010728	0.000000	0.000000	0.054046	0.489284	0.000000	0.000000	0.000000	0.000000	0.445942	0.000000	0.000000
7	tsk_7	(x)	1	:	0.000000	0.000000	0.308098	0.000000	0.000000	0.498358	0.000000	0.000000	0.000000	0.000000	0.000000	0.193545	0.000000
8	tsk_8	(x)	1	:	0.000000	0.000000	0.244531	0.000000	0.054046	0.000000	0.000000	0.000000	0.000138	0.000000	0.445943	0.255343	0.000000
9	tsk_9	(x)	1	:	0.000000	0.000000	0.000000	0.000000	0.000000	1.000000	0.000000	0.000000	0.000000	0.000000	0.000000	0.000000	0.000000
10	tsk_10	(x)	1	:	0.000000	0.000000	0.000000	0.000000	0.000000	0.499266	0.000000	0.000000	0.500734	0.000000	0.000000	0.000000	0.000000
11	tsk_11	(x)	1	:	0.000000	0.010679	0.236116	0.000000	0.000000	0.489319	0.000000	0.000000	0.000058	0.000000	0.000000	0.263827	0.000000
12	tsk_12	(x)	1	:	0.000000	0.000000	0.000000	0.000000	0.055200	0.000000	0.000000	0.000000	0.498860	0.000000	0.445940	0.000000	0.000000
13	tsk_13	(x)	1	:	0.000000	0.011656	0.000000	0.000000	0.000000	0.489555	0.000000	0.000000	0.498789	0.000000	0.000000	0.000000	0.000000
14	tsk_14	(x)	1	:	0.000000	0.010669	0.383033	0.000000	0.000000	0.489320	0.000000	0.000000	0.000160	0.000000	0.000000	0.116818	0.000000
15	tsk_15	(x)	1	:	0.000000	0.000000	0.000000	0.000000	0.000000	1.000000	0.000000	0.000000	0.000000	0.000000	0.000000	0.000000	0.000000
16	tsk_16	(x)	1	:	0.000000	0.010706	0.000000	0.000000	0.054053	0.489302	0.000000	0.000000	0.000000	0.000000	0.445939	0.000000	0.000000
17	tsk_17	(x)	1	:	0.000000	0.011879	0.000000	0.000000	0.000000	0.489368	0.000000	0.000000	0.498752	0.000000	0.000000	0.000000	0.000000
18	tsk_18	(x)	1	:	0.000000	0.000000	0.373565	0.000000	0.054040	0.000000	0.000000	0.000000	0.000193	0.000000	0.445944	0.126259	0.000000
19	tsk_19	(x)	1	:	0.000000	0.000000	0.000000	0.000000	0.000000	0.000000	0.000000	0.000000	0.000000	0.000000	1.000000	0.000000	0.000000
20	tsk_20	(x)	1	:	0.000000	0.000000	0.640506	0.000000	0.000000	0.000000	0.000000	0.000000	0.000000	0.000000	0.000000	0.359493	0.000000
21	tsk_21	(x)	1	:	0.000000	0.499979	0.398338	0.000000	0.000000	0.000000	0.000000	0.000000	0.000231	0.000000	0.000000	0.101451	0.000000
22	tsk_22	(x)	1	:	0.000000	0.001775	0.300139	0.000000	0.000000	0.000014	0.498781	0.000000	0.000081	0.000000	0.000000	0.199210	0.000000
23	tsk_23	(x)	1	:	0.925288	0.000000	0.000000	0.000000	0.000000	0.074712	0.000000	0.000000	0.000000	0.000000	0.000000	0.000000	0.000000
24	tsk_24	(x)	1	:	0.000000	0.010673	0.000000	0.000000	0.054061	0.489329	0.000000	0.000000	0.000000	0.000000	0.445937	0.000000	0.000000
25	tsk_25	(x)	1	:	0.000000	0.000000	0.000000	0.000000	0.039861	0.000000	0.000000	0.000000	0.000000	0.000000	0.445940	0.000000	0.514199
26	tsk_26	(x)	1	:	0.000000	0.510664	0.000000	0.000000	0.000000	0.489336	0.000000	0.000000	0.000000	0.000000	0.000000	0.000000	0.000000
27	tsk_27	(x)	1	:	0.000000	0.000000	0.613980	0.000000	0.000000	0.000000	0.000000	0.000000	0.000000	0.000000	0.000000	0.386020	0.000000
28	tsk_28	(x)	1	:	0.926224	0.000000	0.000000	0.000000	0.000000	0.073776	0.000000	0.000000	0.000000	0.000000	0.000000	0.000000	0.000000
29	tsk_29	(x)	1	:	0.000000	0.000000	0.198535	0.000000	0.000000	0.498336	0.000000	0.000000	0.000291	0.000000	0.000000	0.302838	0.000000
30	tsk_30	(x)	1	:	0.000000	0.000000	0.217988	0.000000	0.000000	0.000000	0.000000	0.000000	0.000000	0.500000	0.000000	0.282012	0.000000
31	tsk_31	(x)	1	:	0.000000	0.000000	0.347817	0.000000	0.000000	0.000000	0.000000	0.000000	0.000000	0.000000	0.000000	0.652183	0.000000
32	tsk_32	(x)	1	:	0.000000	0.000000	0.561604	0.000000	0.000000	0.000000	0.000000	0.000000	0.000000	0.000000	0.000000	0.438396	0.000000
33	tsk_33	(x)	1	:	0.000000	0.000000	0.504056	0.000000	0.000000	0.000000	0.000000	0.000000	0.000000	0.000000	0.000000	0.495944	0.000000
34	tsk_34	(x)	1	:	0.000000	0.000000	0.332892	0.000000	0.499992	0.000000	0.000000	0.000000	0.000101	0.000000	0.000000	0.167015	0.000000
35	tsk_35	(x)	1	:	0.000000	0.000000	0.762020	0.000000	0.000000	0.000000	0.000000	0.000000	0.000000	0.000000	0.000000	0.237980	0.000000
36	tsk_36	(x)	1	:	0.000000	0.000000	0.750530	0.000000	0.000000	0.000000	0.000000	0.000000	0.000000	0.000000	0.000000	0.249470	0.000000
37	tsk_37	(x)	1	:	0.000000	0.000000	0.793849	0.000000	0.000000	0.000000	0.000000	0.000000	0.000000	0.000000	0.000000	0.206151	0.000000
38	tsk_38	(x)	1	:	0.000000	0.000000	0.402596	0.000000	0.000000	0.000000	0.000000	0.500000	0.000000	0.000000	0.000000	0.097405	0.000000
39	tsk_39	(x)	1	:	0.000000	0.000000	0.204082	0.000000	0.000000	0.000000	0.000000	0.300832	0.000000	0.000000	0.000000	0.495086	0.000000
40	tsk_40	(x)	1	:	0.000000	0.000000	0.032671	0.499629	0.000000	0.000000	0.000000	0.000000	0.000000	0.000000	0.000000	0.467700	0.000000
41	tsk_41	(x)	1	:	0.000000	0.000000	0.000000	0.000000	0.519630	0.000000	0.000000	0.000000	0.000000	0.000000	0.000000	0.000000	0.480369
42	tsk_42	(x)	1	:	0.000000	0.000000	0.000000	0.000000	1.000000	0.000000	0.000000	0.000000	0.000000	0.000000	0.000000	0.000000	0.000000
43	tsk_43	(x)	1	:	0.000000	0.000000	0.381702	0.000000	0.000000	0.000000	0.000000	0.000000	0.000000	0.000000	0.000000	0.618298	0.000000
44	tsk_44	(x)	1	:	0.000000	0.000000	0.103899	0.000000	0.000000	0.000000	0.000000	0.000000	0.138507	0.000000	0.000000	0.408407	0.349187
45	tsk_45	(x)	1	:	0.000000	0.000000	0.334772	0.499932	0.000000	0.000000	0.000000	0.000000	0.000000	0.000000	0.000000	0.165297	0.000000
46	tsk_46	(x)	1	:	0.000000	0.000000	0.502936	0.000000	0.000000	0.000000	0.000000	0.000000	0.000000	0.000000	0.000000	0.497063	0.000000
47	tsk_47	(x)	1	:	0.000000	0.000000	0.184335	0.000000	0.000000	0.000000	0.000000	0.000000	0.487478	0.000000	0.000000	0.328187	0.000000
48	tsk_48	(x)	1	:	0.000000	0.000000	0.199104	0.000000	0.000000	0.000000	0.000000	0.000000	0.138496	0.000000	0.000000	0.313208	0.349191
49	tsk_49	(x)	1	:	0.000000	0.000000	0.000000	0.499974	0.500026	0.000000	0.000000	0.000000	0.000000	0.000000	0.000000	0.000000	0.000000
50	tsk_50	(x)	1	:	0.000000	0.000000	0.344029	0.000000	0.054043	0.000000	0.000000	0.000000	0.000162	0.000000	0.445943	0.155823	0.000000
51	tsk_51	(x)	1	:	0.000000	0.010529	0.216521	0.000000	0.000000	0.489451	0.000000	0.000000	0.000000	0.000000	0.000000	0.283499	0.000000
52	tsk_52	(x)	1	:	0.000000	0.000000	0.385563	0.000000	0.000000	0.000000	0.000000	0.000000	0.000000	0.000000	0.000000	0.614437	0.000000
53	tsk_53	(x)	1	:	0.000000	0.000000	0.270128	0.000000	0.000000	0.000000	0.000000	0.000000	0.000000	0.500000	0.000000	0.229872	0.000000
54	tsk_54	(x)	1	:	0.000000	0.000000	0.385871	0.000000	0.000000	0.000000	0.000000	0.000000	0.000000	0.000000	0.000000	0.614129	0.000000
55	tsk_55	(x)	1	:	0.000000	0.000000	0.771772	0.000000	0.000000	0.000000	0.000000	0.000000	0.000000	0.000000	0.000000	0.228228	0.000000
56	tsk_56	(x)	1	:	0.000000	0.000000	0.512415	0.000000	0.000000	0.000000	0.000000	0.000000	0.000000	0.000000	0.000000	0.487585	0.000000
57	tsk_57	(x)	1	:	0.000000	0.011949	0.000000	0.000000	0.000000	0.489310	0.000000	0.000000	0.498741	0.000000	0.000000	0.000000	0.000000
58	tsk_58	(x)	1	:	0.000000	0.010681	0.305217	0.000000	0.000000	0.489319	0.000000	0.000000	0.000041	0.000000	0.000000	0.194742	0.000000
59	tsk_59	(x)	1	:	0.000000	0.000000	0.865784	0.000000	0.000000	0.000000	0.000000	0.000000	0.000000	0.000000	0.000000	0.134216	0.000000
60	tsk_60	(x)	1	:	0.000000	0.000000	0.305711	0.000000	0.000000	0.498358	0.000000	0.000000	0.000000	0.000000	0.000000	0.195932	0.000000
61	tsk_61	(x)	1	:	0.000000	0.499977	0.151427	0.000000	0.000000	0.000000	0.000000	0.000000	0.000257	0.000000	0.000000	0.348339	0.000000
62	tsk_62	(x)	1	:	0.000000	0.000000	0.722021	0.000000	0.000000	0.000000	0.000000	0.000000	0.000000	0.000000	0.000000	0.277979	0.000000
63	tsk_63	(x)	1	:	0.000000	0.000000	0.151647	0.499600	0.000000	0.000000	0.000000	0.000000	0.000000	0.000000	0.000000	0.348753	0.000000
64	tsk_64	(x)	1	:	0.000000	0.499981	0.252679	0.000000	0.000000	0.000000	0.000000	0.000000	0.000214	0.000000	0.000000	0.247126	0.000000
65	tsk_65	(x)	1	:	0.000000	0.000000	0.742019	0.000000	0.000000	0.000000	0.000000	0.000000	0.000000	0.000000	0.000000	0.257981	0.000000
66	tsk_66	(x)	1	:	0.000000	0.499981	0.253651	0.000000	0.000000	0.000000	0.000000	0.000000	0.000216	0.000000	0.000000	0.246152	0.000000
67	tsk_67	(x)	1	:	0.000000	0.000000	0.384695	0.000000	0.499983	0.000000	0.000000	0.000000	0.000208	0.000000	0.000000	0.115114	0.000000
68	tsk_68	(x)	1	:	0.000000	0.009583	0.233812	0.000000	0.000000	0.490253	0.000000	0.000000	0.000000	0.000000	0.000000	0.266353	0.000000
69	tsk_69	(x)	1	:	0.000000	0.010721	0.000000	0.000000	0.499989	0.489289	0.000000	0.000000	0.000000	0.000000	0.000000	0.000000	0.000000
70	tsk_70	(x)	1	:	0.000000	0.011768	0.000000	0.000000	0.000000	0.489461	0.000000	0.000000	0.498770	0.000000	0.000000	0.000000	0.000000
71	tsk_71	(x)	1	:	0.000000	0.011870	0.000000	0.000000	0.000000	0.489376	0.000000	0.000000	0.498754	0.000000	0.000000	0.000000	0.000000
72	tsk_72	(x)	1	:	0.000000	0.000000	0.000000	0.000000	0.000000	0.000000	0.000000	0.000000	1.000000	0.000000	0.000000	0.000000	0.000000
73	tsk_73	(x)	1	:	0.000000	0.000000	0.000000	0.000000	0.000000	0.000000	0.000000	0.000000	1.000000	0.000000	0.000000	0.000000	0.000000
74	tsk_74	(x)	1	:	0.000000	0.499980	0.250555	0.000000	0.000000	0.000000	0.000000	0.000000	0.000227	0.000000	0.000000	0.249238	0.000000
75	tsk_75	(x)	1	:	0.000000	1.000000	0.000000	0.000000	0.000000	0.000000	0.000000	0.000000	0.000000	0.000000	0.000000	0.000000	0.000000
76	tsk_76	(x)	1	:	0.000000	0.000000	0.000000	0.000000	0.000000	0.000000	0.000000	0.000000	1.000000	0.000000	0.000000	0.000000	0.000000
77	tsk_77	(x)	1	:	0.000000	0.501253	0.000000	0.000000	0.000000	0.000000	0.000000	0.000000	0.498735	0.000000	0.000000	0.000000	0.000012
78	tsk_78	(x)	1	:	0.000000	0.000000	0.074693	0.000000	0.000000	0.465357	0.000000	0.000000	0.310450	0.000000	0.000000	0.149501	0.000000
79	tsk_79	(x)	1	:	0.000000	0.011799	0.000000	0.000000	0.000000	0.489435	0.000000	0.000000	0.498765	0.000000	0.000000	0.000000	0.000000
80	tsk_80	(x)	1	:	0.000000	0.000000	0.632127	0.000000	0.000000	0.000000	0.000000	0.000000	0.000000	0.000000	0.000000	0.367873	0.000000
81	tsk_81	(x)	1	:	0.000000	0.000000	0.000000	0.499974	0.500026	0.000000	0.000000	0.000000	0.000000	0.000000	0.000000	0.000000	0.000000
82	tsk_82	(x)	1	:	0.000000	0.000000	0.252326	0.000000	0.000000	0.517727	0.000000	0.000000	0.000000	0.000000	0.000000	0.229947	0.000000
83	tsk_83	(x)	1	:	0.000000	0.000000	0.331235	0.000000	0.499995	0.000000	0.000000	0.000000	0.000062	0.000000	0.000000	0.168708	0.000000
84	tsk_84	(x)	1	:	0.503546	0.000000	0.052691	0.000000	0.000000	0.000000	0.000000	0.000000	0.000034	0.000000	0.000000	0.443729	0.000000
85	tsk_85	(x)	1	:	0.000000	0.000000	0.285735	0.000000	0.499990	0.000000	0.000000	0.000000	0.000120	0.000000	0.000000	0.214155	0.000000
86	tsk_86	(x)	1	:	0.000000	0.000000	0.307757	0.000000	0.000000	0.000000	0.000000	0.000000	0.000000	0.500000	0.000000	0.192243	0.000000
87	tsk_87	(x)	1	:	0.508497	0.000000	0.173677	0.000000	0.000000	0.000000	0.000000	0.000000	0.000014	0.000000	0.000000	0.317811	0.000000
88	tsk_88	(x)	1	:	0.000000	0.000000	0.000000	0.000000	0.501941	0.498059	0.000000	0.000000	0.000000	0.000000	0.000000	0.000000	0.000000
89	tsk_89	(x)	1	:	0.000000	0.000000	0.000000	0.000000	0.000000	1.000000	0.000000	0.000000	0.000000	0.000000	0.000000	0.000000	0.000000
90	tsk_90	(x)	1	:	0.000000	0.000000	0.367276	0.000000	0.000000	0.000000	0.000000	0.000000	0.000000	0.500000	0.000000	0.132723	0.000000
91	tsk_91	(x)	1	:	0.000000	0.000000	0.305214	0.000000	0.000000	0.000000	0.000000	0.000000	0.000000	0.500000	0.000000	0.194786	0.000000
92	tsk_92	(x)	1	:	0.000000	0.499695	0.001870	0.000000	0.000000	0.000000	0.000000	0.000000	0.000005	0.496633	0.000000	0.001796	0.000000
93	tsk_93	(x)	1	:	0.000000	0.000000	0.184198	0.000000	0.000000	0.000000	0.000000	0.000000	0.000000	0.500000	0.000000	0.315802	0.000000
94	tsk_94	(x)	1	:	0.000000	0.000000	0.167613	0.000000	0.000000	0.498358	0.000000	0.000000	0.000000	0.000000	0.000000	0.334030	0.000000
95	tsk_95	(x)	1	:	0.000000	0.010539	0.000000	0.000000	0.000000	0.489444	0.000000	0.000000	0.000000	0.500017	0.000000	0.000000	0.000000
96	tsk_96	(x)	1	:	0.000000	0.499694	0.000612	0.000000	0.000000	0.000000	0.000000	0.000000	0.000007	0.496624	0.000000	0.003062	0.000000
97	tsk_97	(x)	1	:	0.000000	0.499973	0.203137	0.000000	0.000000	0.000000	0.000000	0.000000	0.000306	0.000000	0.000000	0.296584	0.000000
98	tsk_98	(x)	1	:	0.000000	0.000000	0.000050	0.000000	0.000000	0.516498	0.000000	0.000000	0.000000	0.483404	0.000000	0.000048	0.000000
99	tsk_99	(x)	1	:	0.000000	0.484317	0.000000	0.000000	0.000000	0.000000	0.000000	0.000000	0.000000	0.000000	0.000000	0.000000	0.515683
100	tsk_100	(x)	1	:	0.000000	0.000000	0.512513	0.000000	0.000000	0.000000	0.000000	0.000000	0.000000	0.000000	0.000000	0.487486	0.000000
101	tsk_101	(x)	1	:	0.000000	0.000000	0.286247	0.000000	0.499992	0.000000	0.000000	0.000000	0.000094	0.000000	0.000000	0.213667	0.000000
102	tsk_102	(x)	1	:	0.000000	0.000000	0.000000	0.000000	0.000000	1.000000	0.000000	0.000000	0.000000	0.000000	0.000000	0.000000	0.000000
103	tsk_103	(x)	1	:	0.000000	0.000000	0.000000	0.000000	0.554061	0.000000	0.000000	0.000000	0.000000	0.000000	0.445939	0.000000	0.000000
104	tsk_104	(x)	1	:	0.000000	0.000000	0.002514	0.000000	0.053773	0.000000	0.000000	0.000000	0.000003	0.496763	0.445957	0.000990	0.000000
105	tsk_105	(x)	1	:	0.000000	0.000000	0.002817	0.000000	0.499759	0.000000	0.000000	0.000000	0.000000	0.497088	0.000000	0.000336	0.000000
106	tsk_106	(x)	1	:	0.000000	0.010704	0.318358	0.000000	0.000000	0.489294	0.000000	0.000000	0.000114	0.000000	0.000000	0.181530	0.000000
107	tsk_107	(x)	1	:	0.000000	0.000000	0.002657	0.000000	0.053759	0.000000	0.000000	0.000000	0.000002	0.496610	0.445959	0.001013	0.000000
108	tsk_108	(x)	1	:	0.000000	0.000000	0.302971	0.000000	0.000000	0.000000	0.000000	0.000000	0.000000	0.500000	0.000000	0.197029	0.000000
109	tsk_109	(x)	1	:	0.000000	0.000000	0.000000	0.000000	0.000000	0.000000	0.000000	0.000000	0.000000	1.000000	0.000000	0.000000	0.000000
110	tsk_110	(x)	1	:	0.000000	0.478834	0.000000	0.000000	0.000000	0.000000	0.000000	0.000000	0.000000	0.000000	0.521166	0.000000	0.000000
111	tsk_111	(x)	1	:	0.000000	0.010730	0.000000	0.000000	0.054045	0.489282	0.000000	0.000000	0.000000	0.000000	0.445942	0.000000	0.000000
112	tsk_112	(x)	1	:	0.000000	1.000000	0.000000	0.000000	0.000000	0.000000	0.000000	0.000000	0.000000	0.000000	0.000000	0.000000	0.000000
113	tsk_113	(x)	1	:	0.000000	0.478834	0.000000	0.000000	0.000000	0.000000	0.000000	0.000000	0.000000	0.000000	0.521166	0.000000	0.000000
114	tsk_114	(x)	1	:	0.000000	0.000000	0.000000	0.000000	0.000000	0.480518	0.000000	0.000000	0.000000	0.000000	0.519482	0.000000	0.000000
115	tsk_115	(x)	1	:	0.000000	0.000000	0.000000	0.000000	0.000000	1.000000	0.000000	0.000000	0.000000	0.000000	0.000000	0.000000	0.000000
116	tsk_116	(x)	1	:	0.000000	0.000000	0.000000	0.000000	0.000000	1.000000	0.000000	0.000000	0.000000	0.000000	0.000000	0.000000	0.000000
117	tsk_117	(x)	1	:	0.000000	0.510664	0.000000	0.000000	0.000000	0.489336	0.000000	0.000000	0.000000	0.000000	0.000000	0.000000	0.000000
118	tsk_118	(x)	1	:	0.000000	0.478834	0.000000	0.000000	0.000000	0.000000	0.000000	0.000000	0.000000	0.000000	0.521166	0.000000	0.000000
119	tsk_119	(x)	1	:	0.000000	0.000000	0.000000	0.000000	0.000000	0.480518	0.000000	0.000000	0.000000	0.000000	0.519482	0.000000	0.000000
120	tsk_120	(x)	1	:	0.000000	0.000000	0.000000	0.000000	0.000000	0.000000	0.000000	0.000000	0.000000	1.000000	0.000000	0.000000	0.000000
121	tsk_121	(x)	1	:	0.000000	0.000000	0.090718	0.000000	0.000000	0.000000	0.000000	0.385674	0.000000	0.500003	0.000000	0.023605	0.000000
122	tsk_122	(x)	1	:	0.000000	0.010649	0.129542	0.000000	0.000000	0.489349	0.000000	0.000000	0.000000	0.000000	0.000000	0.370460	0.000000
123	tsk_123	(x)	1	:	0.000000	0.000000	0.236423	0.000000	0.000000	0.000000	0.000000	0.385672	0.000000	0.000000	0.000000	0.377905	0.000000
124	tsk_124	(x)	1	:	0.000000	0.000000	0.057770	0.000000	0.000000	0.000000	0.000000	0.385673	0.000000	0.500001	0.000000	0.056556	0.000000
125	tsk_125	(x)	1	:	0.000000	0.000000	0.000000	0.000000	0.000000	1.000000	0.000000	0.000000	0.000000	0.000000	0.000000	0.000000	0.000000
126	tsk_126	(x)	1	:	0.000000	0.011935	0.000000	0.000000	0.000000	0.489322	0.000000	0.000000	0.498743	0.000000	0.000000	0.000000	0.000000
127	tsk_127	(x)	1	:	0.000000	0.000000	0.045309	0.000000	0.000000	0.000000	0.000000	0.385675	0.000000	0.500004	0.000000	0.069011	0.000000
128	tsk_128	(x)	1	:	0.000000	0.000000	0.000000	0.000000	0.000000	0.000000	0.000000	1.000000	0.000000	0.000000	0.000000	0.000000	0.000000
129	tsk_129	(x)	1	:	0.000000	0.000000	0.000000	0.000000	0.000000	0.000000	0.000000	0.000000	0.000000	1.000000	0.000000	0.000000	0.000000
130	tsk_130	(x)	1	:	0.000000	0.000000	0.000000	0.000000	0.501140	0.000000	0.000000	0.000000	0.498860	0.000000	0.000000	0.000000	0.000000
131	tsk_131	(x)	1	:	0.000000	0.001795	0.362732	0.000000	0.000000	0.000011	0.498768	0.000000	0.000090	0.000000	0.000000	0.136605	0.000000
132	tsk_132	(x)	1	:	0.000000	0.000000	0.286533	0.000000	0.499984	0.000000	0.000000	0.000000	0.000201	0.000000	0.000000	0.213282	0.000000
133	tsk_133	(x)	1	:	0.000000	0.000000	0.216584	0.000000	0.000000	0.000000	0.000000	0.000000	0.487478	0.000000	0.000000	0.295938	0.000000
134	tsk_134	(x)	1	:	0.000000	0.000000	0.000000	0.000000	1.000000	0.000000	0.000000	0.000000	0.000000	0.000000	0.000000	0.000000	0.000000
135	tsk_135	(x)	1	:	0.000000	0.001368	0.000000	0.000000	0.499426	0.000056	0.499150	0.000000	0.000000	0.000000	0.000000	0.000000	0.000000
136	tsk_136	(x)	1	:	0.000000	0.000000	0.000000	0.000000	1.000000	0.000000	0.000000	0.000000	0.000000	0.000000	0.000000	0.000000	0.000000
137	tsk_137	(x)	1	:	0.000000	0.001412	0.000000	0.000000	0.053435	0.000060	0.499116	0.000000	0.000000	0.000000	0.445977	0.000000	0.000000
138	tsk_138	(x)	1	:	0.000000	0.000000	0.000000	0.000000	1.000000	0.000000	0.000000	0.000000	0.000000	0.000000	0.000000	0.000000	0.000000
139	tsk_139	(x)	1	:	0.000000	0.001610	0.000028	0.000000	0.000000	0.000025	0.498868	0.000000	0.000000	0.499453	0.000000	0.000017	0.000000
140	tsk_140	(x)	1	:	0.000000	0.000000	0.000000	0.000000	0.000000	1.000000	0.000000	0.000000	0.000000	0.000000	0.000000	0.000000	0.000000
141	tsk_141	(x)	1	:	0.000000	0.000000	0.000000	0.000000	0.000000	1.000000	0.000000	0.000000	0.000000	0.000000	0.000000	0.000000	0.000000
142	tsk_142	(x)	1	:	0.000000	0.010683	0.000000	0.000000	0.499996	0.489321	0.000000	0.000000	0.000000	0.000000	0.000000	0.000000	0.000000
143	tsk_143	(x)	1	:	0.000000	0.000000	0.000000	0.000000	0.000000	1.000000	0.000000	0.000000	0.000000	0.000000	0.000000	0.000000	0.000000
144	tsk_144	(x)	1	:	0.000000	0.010689	0.209854	0.000000	0.000000	0.489312	0.000000	0.000000	0.000033	0.000000	0.000000	0.290111	0.000000
145	tsk_145	(x)	1	:	0.000000	0.010322	0.113491	0.000000	0.000000	0.489626	0.000000	0.000000	0.000000	0.000000	0.000000	0.386560	0.000000
146	tsk_146	(x)	1	:	0.000000	0.000000	0.655451	0.000000	0.000000	0.000000	0.000000	0.000000	0.000000	0.000000	0.000000	0.344549	0.000000
147	tsk_147	(x)	1	:	0.000000	0.000000	0.344192	0.000000	0.499989	0.000000	0.000000	0.000000	0.000132	0.000000	0.000000	0.155687	0.000000
148	tsk_148	(x)	1	:	0.000000	0.000000	0.000000	0.000000	0.000000	1.000000	0.000000	0.000000	0.000000	0.000000	0.000000	0.000000	0.000000
149	tsk_149	(x)	1	:	0.000000	0.000000	0.000000	0.000000	0.000000	0.485186	0.000000	0.000000	0.000000	0.000000	0.000000	0.000000	0.514813
