logL = -2570.170543 (converged)
AIC = 6870.341085
BIC = 9474.540615

count.K
61 24 25 15 25 

