logL = -1031.289334 (converged)
AIC = 4324.578668
BIC = 7729.607185

count.K
27 16 14 16 23 45 9 

