logL = -1259.833914 (converged)
AIC = 7739.667829
BIC = 15597.425947

count.K
1 3 31 3 6 19 33 14 2 1 13 3 1 1 19 

