logL = -3085.623349 (converged)
AIC = 6659.246699
BIC = 7393.841710

count.K
110 40 

