logL = -1586.165192 (converged)
AIC = 4782.330385
BIC = 7205.891796

count.K
13 45 31 54 7 

