logL = -1530.877459 (converged)
AIC = 3901.754919
BIC = 5166.221742

count.K
46 80 24 

