logL = -1780.403506 (converged)
AIC = 5906.807012
BIC = 9438.282212

count.K
3 21 10 51 36 13 16 

