logL = -1831.957789 (converged)
AIC = 7499.915578
BIC = 13274.314072

count.K
17 0 0 8 24 34 11 4 33 3 16 

