0	tsk_0	(x)	1	:	0.000000	0.476471	0.000000	0.171130	0.000000	0.045038	0.000000	0.000000	0.000000	0.259892	0.000000	0.000000	0.000000	0.047469
1	tsk_1	(x)	1	:	0.000000	0.000000	0.000000	0.290253	0.000000	0.111663	0.000000	0.500000	0.000000	0.034661	0.000000	0.000000	0.000000	0.063422
2	tsk_2	(x)	1	:	0.000000	0.475849	0.000000	0.003354	0.000000	0.001585	0.000000	0.499692	0.000000	0.016101	0.000000	0.000000	0.000000	0.003419
3	tsk_3	(x)	1	:	0.000000	0.000000	0.000000	0.000000	0.000000	0.000000	0.000000	1.000000	0.000000	0.000000	0.000000	0.000000	0.000000	0.000000
4	tsk_4	(x)	1	:	0.000000	0.000000	0.000000	0.000000	0.000000	0.000000	0.000000	0.498050	0.501950	0.000000	0.000000	0.000000	0.000000	0.000000
5	tsk_5	(x)	1	:	0.000000	0.000000	0.000000	0.192220	0.000000	0.108365	0.000000	0.500000	0.000000	0.088903	0.000000	0.000000	0.000000	0.110512
6	tsk_6	(x)	1	:	0.000000	0.000000	0.000000	0.131982	0.000000	0.035479	0.000000	0.500000	0.000000	0.122436	0.000000	0.000000	0.000000	0.210103
7	tsk_7	(x)	1	:	0.368150	0.000000	0.213286	0.000000	0.000000	0.000000	0.000000	0.000000	0.418563	0.000000	0.000000	0.000000	0.000000	0.000000
8	tsk_8	(x)	1	:	0.000000	0.475820	0.000000	0.005346	0.000000	0.000699	0.000000	0.499678	0.000000	0.015427	0.000000	0.000000	0.000000	0.003030
9	tsk_9	(x)	1	:	0.368081	0.000000	0.123944	0.191982	0.000000	0.218331	0.000000	0.000000	0.000000	0.072040	0.000000	0.000000	0.000000	0.025621
10	tsk_10	(x)	1	:	0.000000	0.373591	0.419460	0.000000	0.000000	0.000000	0.000000	0.000000	0.000000	0.000000	0.000000	0.000000	0.206949	0.000000
11	tsk_11	(x)	1	:	0.000000	0.000000	0.491733	0.166106	0.000000	0.046391	0.000000	0.000000	0.000000	0.105329	0.000000	0.000000	0.000000	0.190441
12	tsk_12	(x)	1	:	0.549752	0.000000	0.000000	0.110977	0.000000	0.079562	0.000000	0.000000	0.000000	0.111951	0.000000	0.000000	0.000000	0.147759
13	tsk_13	(x)	1	:	0.000000	0.000000	0.491733	0.136030	0.000000	0.080595	0.000000	0.000000	0.000000	0.072572	0.000000	0.000000	0.000000	0.219071
14	tsk_14	(x)	1	:	0.000000	0.000000	0.000000	0.134570	0.000000	0.102851	0.000000	0.500000	0.000000	0.041950	0.000000	0.000000	0.000000	0.220628
15	tsk_15	(x)	1	:	0.000000	0.000000	0.000000	0.329608	0.000000	0.159618	0.000000	0.000000	0.000000	0.113617	0.000000	0.000000	0.000000	0.397156
16	tsk_16	(x)	1	:	0.000000	0.000000	0.497612	0.000000	0.000000	0.000000	0.000000	0.000000	0.000000	0.000000	0.000000	0.502387	0.000000	0.000000
17	tsk_17	(x)	1	:	0.000000	0.000000	0.491733	0.192063	0.000000	0.063356	0.000000	0.000000	0.000000	0.054600	0.000000	0.000000	0.000000	0.198248
18	tsk_18	(x)	1	:	0.000000	0.000000	0.000000	0.076947	0.000000	0.174398	0.000000	0.000000	0.000000	0.082814	0.000000	0.000000	0.000000	0.665842
19	tsk_19	(x)	1	:	0.000000	0.000000	0.000000	0.267585	0.000000	0.033813	0.000000	0.500000	0.000000	0.051470	0.000000	0.000000	0.000000	0.147131
20	tsk_20	(x)	1	:	0.543120	0.456657	0.000000	0.000006	0.000000	0.000014	0.000000	0.000000	0.000000	0.000191	0.000000	0.000000	0.000000	0.000012
21	tsk_21	(x)	1	:	0.000000	0.476471	0.000000	0.084642	0.000000	0.048286	0.000000	0.000000	0.000000	0.229668	0.000000	0.000000	0.000000	0.160933
22	tsk_22	(x)	1	:	0.000000	0.000000	0.491733	0.177749	0.000000	0.051299	0.000000	0.000000	0.000000	0.077357	0.000000	0.000000	0.000000	0.201861
23	tsk_23	(x)	1	:	0.000000	0.000000	0.000000	0.117434	0.503115	0.026585	0.000000	0.000000	0.000000	0.000000	0.000000	0.000000	0.000000	0.352865
24	tsk_24	(x)	1	:	0.543121	0.456660	0.000000	0.000013	0.000000	0.000011	0.000000	0.000000	0.000000	0.000161	0.000000	0.000000	0.000000	0.000035
25	tsk_25	(x)	1	:	0.000000	0.476471	0.000000	0.101028	0.000000	0.066127	0.000000	0.000000	0.000000	0.262913	0.000000	0.000000	0.000000	0.093461
26	tsk_26	(x)	1	:	0.000000	0.000000	0.000000	0.000001	0.000000	0.000008	0.000000	0.000000	0.000000	0.000000	0.506867	0.493124	0.000000	0.000000
27	tsk_27	(x)	1	:	0.000000	0.000000	0.000000	0.419824	0.000000	0.066518	0.000000	0.000000	0.000000	0.205083	0.000000	0.000000	0.000000	0.308574
28	tsk_28	(x)	1	:	0.000000	0.000000	0.000000	0.232582	0.000000	0.042123	0.000000	0.000000	0.000000	0.126960	0.000000	0.000000	0.000000	0.598336
29	tsk_29	(x)	1	:	0.000000	0.000000	0.000000	0.118775	0.000000	0.096905	0.000000	0.000000	0.000000	0.096753	0.000000	0.483974	0.000000	0.203593
30	tsk_30	(x)	1	:	0.000000	1.000000	0.000000	0.000000	0.000000	0.000000	0.000000	0.000000	0.000000	0.000000	0.000000	0.000000	0.000000	0.000000
31	tsk_31	(x)	1	:	0.000000	0.476471	0.000000	0.239466	0.000000	0.036544	0.000000	0.000000	0.000000	0.139713	0.000000	0.000000	0.000000	0.107805
32	tsk_32	(x)	1	:	0.000000	0.476471	0.000000	0.156843	0.000000	0.038430	0.000000	0.000000	0.000000	0.126352	0.000000	0.000000	0.000000	0.201903
33	tsk_33	(x)	1	:	0.000000	0.476509	0.000000	0.002742	0.470953	0.000466	0.000000	0.000000	0.000000	0.023451	0.000000	0.000000	0.000000	0.025879
34	tsk_34	(x)	1	:	0.000000	0.292397	0.000000	0.075590	0.000000	0.096256	0.182797	0.000000	0.000000	0.214517	0.000000	0.000000	0.000000	0.138443
35	tsk_35	(x)	1	:	0.000000	0.448316	0.551660	0.000005	0.000000	0.000001	0.000000	0.000000	0.000000	0.000015	0.000000	0.000000	0.000000	0.000002
36	tsk_36	(x)	1	:	0.000000	0.476945	0.000000	0.001697	0.503276	0.000000	0.000000	0.000000	0.000000	0.005628	0.000000	0.000000	0.000000	0.012455
37	tsk_37	(x)	1	:	0.368349	0.119376	0.130956	0.000000	0.000000	0.000000	0.381318	0.000000	0.000000	0.000000	0.000000	0.000000	0.000000	0.000000
38	tsk_38	(x)	1	:	0.000000	0.476017	0.000000	0.000000	0.502962	0.000000	0.000000	0.000000	0.000000	0.001998	0.000000	0.000000	0.000000	0.019023
39	tsk_39	(x)	1	:	0.000000	1.000000	0.000000	0.000000	0.000000	0.000000	0.000000	0.000000	0.000000	0.000000	0.000000	0.000000	0.000000	0.000000
40	tsk_40	(x)	1	:	0.517371	0.000000	0.064128	0.000000	0.000000	0.000000	0.000000	0.000000	0.418501	0.000000	0.000000	0.000000	0.000000	0.000000
41	tsk_41	(x)	1	:	1.000000	0.000000	0.000000	0.000000	0.000000	0.000000	0.000000	0.000000	0.000000	0.000000	0.000000	0.000000	0.000000	0.000000
42	tsk_42	(x)	1	:	0.517371	0.000000	0.064128	0.000000	0.000000	0.000000	0.000000	0.000000	0.418501	0.000000	0.000000	0.000000	0.000000	0.000000
43	tsk_43	(x)	1	:	1.000000	0.000000	0.000000	0.000000	0.000000	0.000000	0.000000	0.000000	0.000000	0.000000	0.000000	0.000000	0.000000	0.000000
44	tsk_44	(x)	1	:	0.368548	0.000000	0.631451	0.000000	0.000000	0.000000	0.000000	0.000000	0.000000	0.000000	0.000000	0.000000	0.000000	0.000000
45	tsk_45	(x)	1	:	0.000000	0.000000	0.000000	0.124465	0.503115	0.025167	0.000000	0.000000	0.000000	0.002990	0.000000	0.000000	0.000000	0.344262
46	tsk_46	(x)	1	:	0.000000	0.000000	0.000000	0.000000	0.000000	0.000000	0.000000	0.000000	1.000000	0.000000	0.000000	0.000000	0.000000	0.000000
47	tsk_47	(x)	1	:	0.000000	0.476479	0.000000	0.021416	0.000000	0.010398	0.000000	0.000000	0.429065	0.053257	0.000000	0.000000	0.000000	0.009384
48	tsk_48	(x)	1	:	0.000000	0.476122	0.491503	0.002366	0.000000	0.000000	0.000000	0.000000	0.000000	0.029685	0.000000	0.000000	0.000000	0.000324
49	tsk_49	(x)	1	:	0.000000	0.000000	0.000000	0.005771	0.503115	0.009621	0.000000	0.000000	0.429063	0.000304	0.000000	0.000000	0.000000	0.052125
50	tsk_50	(x)	1	:	0.000000	0.000000	0.000000	0.038286	0.000000	0.378787	0.000000	0.000000	0.000000	0.006577	0.524009	0.000000	0.000000	0.052340
51	tsk_51	(x)	1	:	0.000000	0.000000	0.000000	0.000000	0.000000	0.000000	0.000000	0.000000	0.000000	0.000000	1.000000	0.000000	0.000000	0.000000
52	tsk_52	(x)	1	:	0.000000	0.000000	0.000002	0.000000	0.000000	0.000000	0.000000	0.000000	0.000000	0.000000	0.999998	0.000000	0.000000	0.000000
53	tsk_53	(x)	1	:	0.000000	0.000000	0.000000	0.000000	0.000000	0.000000	0.000000	0.000000	0.000000	0.000000	1.000000	0.000000	0.000000	0.000000
54	tsk_54	(x)	1	:	0.000000	0.000000	0.134796	0.200566	0.000000	0.103079	0.000000	0.000000	0.000000	0.071814	0.357207	0.000000	0.000000	0.132539
55	tsk_55	(x)	1	:	0.000000	0.000000	0.000000	0.000000	0.491274	0.000003	0.000000	0.000000	0.000000	0.000000	0.508723	0.000000	0.000000	0.000000
56	tsk_56	(x)	1	:	0.549751	0.000000	0.000000	0.011158	0.000000	0.015362	0.000000	0.000000	0.000000	0.015266	0.000000	0.000000	0.387858	0.020605
57	tsk_57	(x)	1	:	0.000000	0.587728	0.000000	0.316627	0.000000	0.010798	0.000000	0.000000	0.000000	0.058491	0.000000	0.000000	0.000000	0.026356
58	tsk_58	(x)	1	:	0.470891	0.000000	0.000000	0.000000	0.000000	0.000000	0.000000	0.000000	0.529109	0.000000	0.000000	0.000000	0.000000	0.000000
59	tsk_59	(x)	1	:	0.543505	0.000000	0.000000	0.000000	0.000000	0.000000	0.000000	0.000000	0.000000	0.000000	0.456495	0.000000	0.000000	0.000000
60	tsk_60	(x)	1	:	0.503691	0.000000	0.000167	0.180207	0.000000	0.059829	0.000000	0.000000	0.000000	0.084288	0.000000	0.000000	0.000000	0.171817
61	tsk_61	(x)	1	:	0.584141	0.000000	0.000000	0.000579	0.000000	0.026913	0.000000	0.000000	0.000000	0.000361	0.000000	0.000000	0.387153	0.000852
62	tsk_62	(x)	1	:	0.584263	0.000000	0.000000	0.018136	0.000000	0.367877	0.000000	0.000000	0.000000	0.019828	0.000000	0.000000	0.000000	0.009897
63	tsk_63	(x)	1	:	0.000000	0.586714	0.000000	0.021537	0.000000	0.000349	0.000000	0.000000	0.000000	0.003920	0.000000	0.000000	0.385641	0.001839
64	tsk_64	(x)	1	:	0.503693	0.000000	0.000164	0.176789	0.000000	0.054768	0.000000	0.000000	0.000000	0.095709	0.000000	0.000000	0.000000	0.168877
65	tsk_65	(x)	1	:	0.000000	1.000000	0.000000	0.000000	0.000000	0.000000	0.000000	0.000000	0.000000	0.000000	0.000000	0.000000	0.000000	0.000000
66	tsk_66	(x)	1	:	1.000000	0.000000	0.000000	0.000000	0.000000	0.000000	0.000000	0.000000	0.000000	0.000000	0.000000	0.000000	0.000000	0.000000
67	tsk_67	(x)	1	:	0.000000	0.000000	0.000000	0.114028	0.000000	0.157441	0.000000	0.500000	0.000000	0.198075	0.000000	0.000000	0.000000	0.030456
68	tsk_68	(x)	1	:	0.000000	0.000000	0.000000	0.167097	0.000000	0.054237	0.000000	0.000000	0.000000	0.083908	0.000000	0.000000	0.387856	0.306901
69	tsk_69	(x)	1	:	0.000000	0.000000	0.000000	0.042265	0.000000	0.025839	0.000000	0.499994	0.000000	0.016207	0.000000	0.000000	0.387837	0.027859
70	tsk_70	(x)	1	:	0.000000	0.005680	0.000000	0.000000	0.000000	0.000000	0.476612	0.000000	0.517708	0.000000	0.000000	0.000000	0.000000	0.000000
71	tsk_71	(x)	1	:	0.000000	0.005680	0.000000	0.000000	0.000000	0.000000	0.476612	0.000000	0.517708	0.000000	0.000000	0.000000	0.000000	0.000000
72	tsk_72	(x)	1	:	0.000000	0.000000	0.000000	0.000920	0.000000	0.001981	0.000000	0.000000	0.583862	0.023419	0.000000	0.000000	0.386899	0.002919
73	tsk_73	(x)	1	:	0.368081	0.000000	0.124445	0.000000	0.000000	0.000000	0.000000	0.000000	0.507474	0.000000	0.000000	0.000000	0.000000	0.000000
74	tsk_74	(x)	1	:	0.000000	0.475367	0.000000	0.003252	0.000000	0.002107	0.000000	0.000000	0.501568	0.016692	0.000000	0.000000	0.000000	0.001014
75	tsk_75	(x)	1	:	0.000000	0.353191	0.000000	0.000000	0.000000	0.000000	0.000000	0.000000	0.454334	0.000000	0.000000	0.000000	0.192475	0.000000
76	tsk_76	(x)	1	:	0.000000	0.000000	0.000000	0.073995	0.000000	0.144177	0.000000	0.000000	0.501950	0.056314	0.000000	0.000000	0.000000	0.223564
77	tsk_77	(x)	1	:	0.000000	0.000000	0.000000	0.000000	0.000000	0.000000	0.000000	0.000000	1.000000	0.000000	0.000000	0.000000	0.000000	0.000000
78	tsk_78	(x)	1	:	0.000000	0.000000	0.000000	0.306741	0.000000	0.110953	0.000000	0.000000	0.000000	0.107134	0.000000	0.000000	0.000000	0.475172
79	tsk_79	(x)	1	:	0.000000	0.000000	0.000000	0.389076	0.470941	0.011877	0.000000	0.000000	0.000000	0.004073	0.000000	0.000000	0.000000	0.124033
80	tsk_80	(x)	1	:	0.000000	0.000000	0.000000	0.056821	0.503115	0.015175	0.000000	0.000000	0.000000	0.022902	0.000000	0.000000	0.000000	0.401987
81	tsk_81	(x)	1	:	0.000000	0.000000	0.492338	0.000000	0.000000	0.000000	0.000000	0.000000	0.507662	0.000000	0.000000	0.000000	0.000000	0.000000
82	tsk_82	(x)	1	:	0.000000	0.000000	0.000000	0.189094	0.000000	0.051241	0.000000	0.000000	0.000000	0.050170	0.000000	0.000000	0.387856	0.321639
83	tsk_83	(x)	1	:	0.000000	0.000000	0.000000	0.262955	0.000000	0.193702	0.000000	0.000000	0.000000	0.273151	0.000000	0.000000	0.000000	0.270192
84	tsk_84	(x)	1	:	0.000000	0.000000	0.000000	0.084718	0.503115	0.045595	0.000000	0.000000	0.000000	0.035418	0.000000	0.000000	0.000000	0.331153
85	tsk_85	(x)	1	:	0.000000	0.000000	0.491733	0.251085	0.000000	0.013001	0.000000	0.000000	0.000000	0.125401	0.000000	0.000000	0.000000	0.118780
86	tsk_86	(x)	1	:	0.000000	0.000000	0.230697	0.182689	0.000000	0.063042	0.000000	0.000000	0.000000	0.056245	0.261238	0.000000	0.000000	0.206089
87	tsk_87	(x)	1	:	0.000000	0.000000	0.000000	0.280243	0.000000	0.171024	0.000000	0.000000	0.000000	0.162463	0.000000	0.000000	0.000000	0.386270
88	tsk_88	(x)	1	:	0.000000	0.000000	0.000000	0.145576	0.000000	0.170403	0.000000	0.000000	0.501950	0.079029	0.000000	0.000000	0.000000	0.103042
89	tsk_89	(x)	1	:	0.000000	0.000000	0.000000	0.489277	0.000000	0.111341	0.000000	0.000000	0.000000	0.084918	0.000000	0.000000	0.000000	0.314464
90	tsk_90	(x)	1	:	0.000000	0.000000	0.000000	0.214373	0.503115	0.061025	0.000000	0.000000	0.000000	0.000000	0.000000	0.000000	0.000000	0.221487
91	tsk_91	(x)	1	:	0.000000	0.000000	0.491033	0.001535	0.502756	0.000715	0.000000	0.000000	0.000000	0.000414	0.000000	0.000000	0.000000	0.003547
92	tsk_92	(x)	1	:	0.303507	0.000000	0.696493	0.000000	0.000000	0.000000	0.000000	0.000000	0.000000	0.000000	0.000000	0.000000	0.000000	0.000000
93	tsk_93	(x)	1	:	0.000000	0.476657	0.000000	0.003754	0.503179	0.000000	0.000000	0.000000	0.000000	0.005294	0.000000	0.000000	0.000000	0.011116
94	tsk_94	(x)	1	:	0.000000	0.477500	0.000000	0.005355	0.503465	0.000000	0.000000	0.000000	0.000000	0.010055	0.000000	0.000000	0.000000	0.003625
95	tsk_95	(x)	1	:	0.000000	1.000000	0.000000	0.000000	0.000000	0.000000	0.000000	0.000000	0.000000	0.000000	0.000000	0.000000	0.000000	0.000000
96	tsk_96	(x)	1	:	0.368150	0.000000	0.213286	0.000000	0.000000	0.000000	0.000000	0.000000	0.418563	0.000000	0.000000	0.000000	0.000000	0.000000
97	tsk_97	(x)	1	:	0.000000	0.476471	0.000000	0.237533	0.000000	0.046426	0.000000	0.000000	0.000000	0.104316	0.000000	0.000000	0.000000	0.135255
98	tsk_98	(x)	1	:	0.000000	0.000000	0.491233	0.000000	0.502859	0.000000	0.000000	0.000000	0.000000	0.000000	0.000000	0.000000	0.000000	0.005908
99	tsk_99	(x)	1	:	0.000000	0.477297	0.000000	0.004888	0.503396	0.000000	0.000000	0.000000	0.000000	0.002071	0.000000	0.000000	0.000000	0.012349
100	tsk_100	(x)	1	:	0.000000	0.000000	0.134795	0.279529	0.000000	0.073464	0.000000	0.000000	0.000000	0.117920	0.357207	0.000000	0.000000	0.037084
101	tsk_101	(x)	1	:	0.000000	0.000000	0.000000	0.393859	0.000000	0.199226	0.000000	0.000000	0.000000	0.082671	0.000000	0.000000	0.000000	0.324243
102	tsk_102	(x)	1	:	0.547527	0.000000	0.000000	0.000000	0.000000	0.184591	0.000000	0.000000	0.000000	0.092662	0.000000	0.000000	0.000000	0.175220
103	tsk_103	(x)	1	:	0.000000	0.000000	0.000000	0.554952	0.000000	0.285273	0.000000	0.000000	0.000000	0.080335	0.000000	0.000000	0.000000	0.079440
104	tsk_104	(x)	1	:	0.000000	0.000000	0.000000	0.173591	0.000000	0.084535	0.000000	0.000000	0.000000	0.143699	0.000000	0.000000	0.000000	0.598175
105	tsk_105	(x)	1	:	0.000000	0.000000	0.000000	0.416185	0.000000	0.205342	0.000000	0.000000	0.000000	0.094874	0.000000	0.000000	0.000000	0.283600
106	tsk_106	(x)	1	:	0.000000	0.000000	0.000000	0.201124	0.000000	0.147916	0.000000	0.000000	0.000000	0.304005	0.000000	0.000000	0.000000	0.346954
107	tsk_107	(x)	1	:	0.000000	0.000000	0.000000	0.194606	0.000000	0.034169	0.000000	0.500000	0.000000	0.069505	0.000000	0.000000	0.000000	0.201720
108	tsk_108	(x)	1	:	0.000000	0.000000	0.000000	0.038816	0.000000	0.031637	0.000000	0.000000	0.584024	0.332021	0.000000	0.000000	0.000000	0.013501
109	tsk_109	(x)	1	:	0.000000	0.000000	0.000000	0.274303	0.000000	0.120570	0.000000	0.000000	0.000000	0.153038	0.000000	0.000000	0.000000	0.452090
110	tsk_110	(x)	1	:	0.368081	0.000000	0.123944	0.202120	0.000000	0.119250	0.000000	0.000000	0.000000	0.103386	0.000000	0.000000	0.000000	0.083218
111	tsk_111	(x)	1	:	0.000000	0.000000	0.000000	0.310238	0.000000	0.091413	0.000000	0.000000	0.000000	0.150528	0.000000	0.000000	0.000000	0.447822
112	tsk_112	(x)	1	:	0.000000	0.000000	0.000000	0.322585	0.000000	0.239524	0.000000	0.000000	0.000000	0.106530	0.000000	0.000000	0.000000	0.331362
113	tsk_113	(x)	1	:	0.000000	0.000000	0.000000	0.000000	0.000000	0.000000	0.000000	0.453029	0.546971	0.000000	0.000000	0.000000	0.000000	0.000000
114	tsk_114	(x)	1	:	0.000000	0.435843	0.000000	0.000000	0.000000	0.000000	0.000000	0.000000	0.000000	0.000000	0.000000	0.000000	0.564157	0.000000
115	tsk_115	(x)	1	:	0.000000	0.476472	0.000000	0.070728	0.000000	0.029221	0.000000	0.000000	0.000000	0.084807	0.000000	0.000000	0.296076	0.042696
116	tsk_116	(x)	1	:	0.000000	0.476472	0.000000	0.067334	0.000000	0.013672	0.000000	0.000000	0.000000	0.131255	0.000000	0.000000	0.296076	0.015191
117	tsk_117	(x)	1	:	0.000000	0.000000	0.000000	0.456071	0.000000	0.168544	0.000000	0.000000	0.000000	0.082575	0.000000	0.000000	0.000000	0.292810
118	tsk_118	(x)	1	:	0.000000	0.000000	0.000000	0.120717	0.000000	0.114171	0.000000	0.000000	0.546971	0.109164	0.000000	0.000000	0.000000	0.108977
119	tsk_119	(x)	1	:	0.368081	0.000000	0.123944	0.163763	0.000000	0.097855	0.000000	0.000000	0.000000	0.086357	0.000000	0.000000	0.000000	0.160000
120	tsk_120	(x)	1	:	0.000000	0.000000	0.000000	0.023415	0.000000	0.035341	0.000000	0.000000	0.501943	0.019716	0.000000	0.000000	0.387821	0.031766
121	tsk_121	(x)	1	:	0.537291	0.000000	0.000000	0.000000	0.000000	0.000000	0.000000	0.000000	0.462708	0.000000	0.000000	0.000000	0.000000	0.000000
122	tsk_122	(x)	1	:	0.000000	0.000000	0.000000	0.000000	0.000000	0.000000	0.000000	0.498050	0.501950	0.000000	0.000000	0.000000	0.000000	0.000000
123	tsk_123	(x)	1	:	0.000000	0.000000	0.000000	0.000000	0.000000	0.000000	0.000000	0.000000	1.000000	0.000000	0.000000	0.000000	0.000000	0.000000
124	tsk_124	(x)	1	:	0.000000	0.000000	0.000000	0.126864	0.000000	0.020183	0.000000	0.000000	0.000000	0.029704	0.000000	0.000000	0.387856	0.435392
125	tsk_125	(x)	1	:	0.000000	0.000000	0.000000	0.000000	0.000000	0.000000	0.000000	0.498050	0.501950	0.000000	0.000000	0.000000	0.000000	0.000000
126	tsk_126	(x)	1	:	0.000000	0.000000	0.000000	0.178873	0.000000	0.102627	0.000000	0.000000	0.501950	0.110261	0.000000	0.000000	0.000000	0.106289
127	tsk_127	(x)	1	:	0.000000	0.000000	0.000000	0.000000	0.000000	0.000000	0.000000	0.000000	0.000000	0.000000	0.000000	0.000000	1.000000	0.000000
128	tsk_128	(x)	1	:	0.000000	0.000000	0.000000	0.356781	0.000000	0.130289	0.000000	0.000000	0.000000	0.145224	0.000000	0.000000	0.000000	0.367706
129	tsk_129	(x)	1	:	0.000000	0.000000	0.495134	0.000000	0.504866	0.000000	0.000000	0.000000	0.000000	0.000000	0.000000	0.000000	0.000000	0.000000
130	tsk_130	(x)	1	:	0.000000	0.000000	0.000000	0.285337	0.000000	0.022868	0.000000	0.000000	0.000000	0.029731	0.000000	0.000000	0.387856	0.274208
131	tsk_131	(x)	1	:	0.000000	0.000000	0.000000	0.212932	0.000000	0.047106	0.000000	0.500000	0.000000	0.045747	0.000000	0.000000	0.000000	0.194214
132	tsk_132	(x)	1	:	0.000000	0.000000	0.491186	0.001669	0.502835	0.000321	0.000000	0.000000	0.000000	0.000000	0.000000	0.000000	0.000000	0.003989
133	tsk_133	(x)	1	:	0.000000	0.000000	0.491733	0.167310	0.000000	0.096813	0.000000	0.000000	0.000000	0.085498	0.000000	0.000000	0.000000	0.158645
134	tsk_134	(x)	1	:	0.368081	0.000000	0.123944	0.174016	0.000000	0.118339	0.000000	0.000000	0.000000	0.074893	0.000000	0.000000	0.000000	0.140726
135	tsk_135	(x)	1	:	1.000000	0.000000	0.000000	0.000000	0.000000	0.000000	0.000000	0.000000	0.000000	0.000000	0.000000	0.000000	0.000000	0.000000
136	tsk_136	(x)	1	:	0.000000	0.000000	0.000000	0.497790	0.000000	0.140936	0.000000	0.000000	0.000000	0.077326	0.000000	0.000000	0.000000	0.283949
137	tsk_137	(x)	1	:	0.368082	0.000000	0.123944	0.000000	0.000000	0.000000	0.000000	0.507974	0.000000	0.000000	0.000000	0.000000	0.000000	0.000000
138	tsk_138	(x)	1	:	0.368100	0.000000	0.123357	0.000804	0.502830	0.000847	0.000000	0.000000	0.000000	0.000240	0.000000	0.000000	0.000000	0.003822
139	tsk_139	(x)	1	:	0.000000	0.000000	0.000000	0.073181	0.000000	0.084133	0.000000	0.000000	0.000000	0.034939	0.000000	0.000000	0.387856	0.419891
140	tsk_140	(x)	1	:	0.000000	0.000000	0.000000	0.049534	0.000000	0.200250	0.000000	0.000000	0.501950	0.070157	0.000000	0.000000	0.000000	0.178110
141	tsk_141	(x)	1	:	0.000000	0.000000	0.000000	0.184908	0.000000	0.171263	0.000000	0.000000	0.501950	0.022648	0.000000	0.000000	0.000000	0.119231
142	tsk_142	(x)	1	:	0.000000	0.000000	0.000000	0.373113	0.000000	0.066715	0.000000	0.000000	0.000000	0.176421	0.000000	0.000000	0.000000	0.383751
143	tsk_143	(x)	1	:	0.000000	0.000000	0.000000	0.331781	0.000000	0.096690	0.000000	0.000000	0.000000	0.159405	0.000000	0.000000	0.000000	0.412123
144	tsk_144	(x)	1	:	0.000000	0.000000	0.000000	0.271201	0.000000	0.061671	0.000000	0.000000	0.429062	0.130868	0.000000	0.000000	0.000000	0.107198
145	tsk_145	(x)	1	:	0.000000	0.000000	0.000000	0.354703	0.000000	0.151906	0.000000	0.000000	0.000000	0.127637	0.000000	0.000000	0.000000	0.365754
146	tsk_146	(x)	1	:	0.000000	0.000000	0.000000	0.381827	0.000000	0.194337	0.000000	0.000000	0.000000	0.186332	0.000000	0.000000	0.000000	0.237505
147	tsk_147	(x)	1	:	0.000000	0.000000	0.000000	0.318123	0.000000	0.096707	0.000000	0.000000	0.000000	0.149061	0.000000	0.000000	0.000000	0.436109
148	tsk_148	(x)	1	:	0.000000	0.000000	0.000000	0.350245	0.000000	0.042817	0.000000	0.000000	0.000000	0.123468	0.000000	0.000000	0.000000	0.483470
149	tsk_149	(x)	1	:	0.000000	0.000000	0.000000	0.375242	0.000000	0.175055	0.000000	0.000000	0.000000	0.258058	0.000000	0.000000	0.000000	0.191645
