logL = -596.080707 (converged)
AIC = 4592.161414
BIC = 9710.241414

count.K
9 13 55 2 16 3 3 32 13 4 

