logL = -1428.524086 (converged)
AIC = 4447.048173
BIC = 6840.503232

count.K
6 29 3 62 50 

