logL = -2134.039734 (converged)
AIC = 7748.079467
BIC = 12986.584879

count.K
13 4 31 10 21 19 7 33 12 

