logL = -1209.196445 (converged)
AIC = 6606.392889
BIC = 12910.663195

count.K
6 21 56 0 1 2 13 7 7 3 27 7 

