logL = -2789.718041 (converged)
AIC = 8915.436081
BIC = 13937.175752

count.K
19 16 21 13 10 26 15 8 22 

