logL = -823.228581 (converged)
AIC = 5026.457162
BIC = 10114.430809

count.K
28 8 1 17 4 5 68 5 10 4 

