logL = -734.951183 (converged)
AIC = 5489.902366
BIC = 11541.279307

count.K
18 6 2 13 36 10 30 0 7 1 25 2 

