logL = -1433.976442 (converged)
AIC = 7689.952884
BIC = 14948.594578

count.K
6 5 5 23 0 16 11 3 15 24 15 27 0 

