logL = -2107.544252 (converged)
AIC = 8667.088505
BIC = 15368.762669

count.K
3 13 2 10 11 20 6 19 28 1 18 19 

