0	tsk_0	(x)	1	:	0.000000	0.000000	0.000000	0.127478	0.000000	0.000000	0.000000	0.000000	0.000000	0.872522
1	tsk_1	(x)	1	:	0.000000	0.000000	0.000000	0.043637	0.000000	0.000000	0.000000	0.000000	0.000000	0.956363
2	tsk_2	(x)	1	:	0.000000	0.000000	0.000000	0.104634	0.000000	0.000000	0.000000	0.000000	0.000000	0.895366
3	tsk_3	(x)	1	:	0.304845	0.000000	0.000000	0.095512	0.000000	0.000000	0.000000	0.000000	0.000000	0.599643
4	tsk_4	(x)	1	:	0.000000	1.000000	0.000000	0.000000	0.000000	0.000000	0.000000	0.000000	0.000000	0.000000
5	tsk_5	(x)	1	:	0.000000	0.000000	0.000000	0.089276	0.000000	0.000000	0.000000	0.000000	0.000000	0.910723
6	tsk_6	(x)	1	:	0.000000	0.531105	0.000000	0.000138	0.000000	0.000000	0.000000	0.000000	0.466612	0.002145
7	tsk_7	(x)	1	:	0.306141	0.534096	0.000000	0.039878	0.000000	0.000000	0.000000	0.000000	0.000000	0.119885
8	tsk_8	(x)	1	:	0.306132	0.534094	0.000000	0.056896	0.000000	0.000000	0.000000	0.000000	0.000000	0.102878
9	tsk_9	(x)	1	:	0.000000	1.000000	0.000000	0.000000	0.000000	0.000000	0.000000	0.000000	0.000000	0.000000
10	tsk_10	(x)	1	:	0.000000	0.000000	0.000000	0.105441	0.000000	0.000000	0.000000	0.000000	0.000000	0.894559
11	tsk_11	(x)	1	:	0.000000	0.000000	0.000000	0.141375	0.000000	0.000000	0.497620	0.000000	0.000000	0.361005
12	tsk_12	(x)	1	:	0.000000	0.000000	0.000000	0.107330	0.000000	0.000000	0.497620	0.000000	0.000000	0.395050
13	tsk_13	(x)	1	:	0.000000	0.000000	0.000000	0.111804	0.000000	0.000000	0.000000	0.000000	0.000000	0.888195
14	tsk_14	(x)	1	:	0.000000	0.000000	0.000000	0.134691	0.000000	0.000000	0.000000	0.000000	0.000000	0.865309
15	tsk_15	(x)	1	:	0.000000	0.533592	0.000000	0.052958	0.000000	0.000000	0.000000	0.000000	0.000000	0.413449
16	tsk_16	(x)	1	:	0.000000	0.000000	0.000000	0.043593	0.000000	0.000000	0.000000	0.000000	0.326858	0.629549
17	tsk_17	(x)	1	:	0.000000	0.000000	0.000000	0.123047	0.000000	0.000000	0.497620	0.000000	0.000000	0.379333
18	tsk_18	(x)	1	:	0.000000	0.456691	0.000000	0.079741	0.000000	0.000000	0.000000	0.000000	0.000000	0.463568
19	tsk_19	(x)	1	:	0.000000	0.000000	0.188461	0.089011	0.000000	0.000000	0.000000	0.000000	0.000000	0.722528
20	tsk_20	(x)	1	:	0.000000	0.000000	0.000000	0.198324	0.000000	0.000000	0.000000	0.000000	0.000000	0.801676
21	tsk_21	(x)	1	:	0.001737	0.000000	0.000000	0.000000	0.000000	0.524755	0.473508	0.000000	0.000000	0.000000
22	tsk_22	(x)	1	:	0.000000	0.000000	0.202286	0.127090	0.000000	0.000000	0.000000	0.000000	0.000000	0.670623
23	tsk_23	(x)	1	:	0.000000	0.000000	0.000000	0.000000	0.000000	1.000000	0.000000	0.000000	0.000000	0.000000
24	tsk_24	(x)	1	:	0.000000	0.356647	0.643353	0.000000	0.000000	0.000000	0.000000	0.000000	0.000000	0.000000
25	tsk_25	(x)	1	:	0.000000	0.000000	0.000000	0.043354	0.000000	0.000000	0.000000	0.000000	0.000000	0.956646
26	tsk_26	(x)	1	:	0.000000	0.000000	0.000000	0.000000	0.000000	1.000000	0.000000	0.000000	0.000000	0.000000
27	tsk_27	(x)	1	:	0.305707	0.000000	0.000000	0.114600	0.000000	0.000000	0.497795	0.000000	0.000000	0.081899
28	tsk_28	(x)	1	:	0.000000	0.000000	0.000000	0.086175	0.000000	0.000000	0.497620	0.000000	0.000000	0.416205
29	tsk_29	(x)	1	:	0.000000	0.000000	0.000000	0.136321	0.000000	0.000000	0.000000	0.000000	0.000000	0.863679
30	tsk_30	(x)	1	:	0.000000	0.000000	0.000000	0.070479	0.000000	0.000000	0.000000	0.000000	0.000000	0.929521
31	tsk_31	(x)	1	:	0.000000	0.000000	0.000000	0.097245	0.000000	0.000000	0.000000	0.000000	0.000000	0.902755
32	tsk_32	(x)	1	:	0.000000	0.000000	0.000000	0.088196	0.000000	0.000000	0.497620	0.000000	0.000000	0.414184
33	tsk_33	(x)	1	:	0.000000	0.000000	0.000000	0.000000	0.000000	0.000000	1.000000	0.000000	0.000000	0.000000
34	tsk_34	(x)	1	:	0.000000	0.000000	0.000000	0.136913	0.000000	0.000000	0.000000	0.000000	0.000000	0.863087
35	tsk_35	(x)	1	:	0.000000	0.000000	0.000000	0.082356	0.257809	0.000000	0.000000	0.000000	0.000000	0.659834
36	tsk_36	(x)	1	:	0.000000	0.000000	0.416067	0.022336	0.000000	0.000000	0.500010	0.000000	0.000000	0.061587
37	tsk_37	(x)	1	:	0.000000	0.000000	0.416259	0.029041	0.000000	0.000000	0.500040	0.000000	0.000000	0.054660
38	tsk_38	(x)	1	:	0.000000	0.000000	0.000000	0.097693	0.000000	0.000000	0.000000	0.055159	0.000000	0.847148
39	tsk_39	(x)	1	:	0.000000	0.000000	0.161004	0.032469	0.000000	0.000000	0.503281	0.000000	0.000000	0.303246
40	tsk_40	(x)	1	:	0.000000	0.000000	0.000000	0.000000	0.000000	0.000000	0.000000	0.481111	0.518889	0.000000
41	tsk_41	(x)	1	:	0.000000	0.000000	0.000000	0.092580	0.000000	0.000000	0.000000	0.000000	0.000000	0.907420
42	tsk_42	(x)	1	:	0.000000	0.000000	0.000000	0.036267	0.000000	0.000000	0.524858	0.000000	0.000000	0.438874
43	tsk_43	(x)	1	:	0.000000	0.000000	0.000000	0.362507	0.637493	0.000000	0.000000	0.000000	0.000000	0.000000
44	tsk_44	(x)	1	:	0.000000	0.000000	0.000000	0.000000	0.000000	0.000000	0.504218	0.495782	0.000000	0.000000
45	tsk_45	(x)	1	:	0.000000	0.000000	0.000000	0.493820	0.506084	0.000000	0.000000	0.000000	0.000000	0.000096
46	tsk_46	(x)	1	:	0.000000	0.000000	0.000000	0.061450	0.000000	0.000000	0.000000	0.514173	0.000000	0.424377
47	tsk_47	(x)	1	:	0.000000	0.000000	0.000000	0.120838	0.000000	0.000000	0.524858	0.000000	0.000000	0.354303
48	tsk_48	(x)	1	:	0.000000	0.000000	0.000000	0.040992	0.000000	0.000000	0.000000	0.514173	0.000000	0.444835
49	tsk_49	(x)	1	:	0.000000	0.000000	0.000000	0.058482	0.000000	0.000000	0.000000	0.475996	0.000000	0.465521
50	tsk_50	(x)	1	:	0.000000	0.000000	0.000000	0.060775	0.000000	0.000000	0.497620	0.000000	0.000000	0.441605
51	tsk_51	(x)	1	:	0.000000	0.000000	0.000000	0.072746	0.000000	0.000000	0.000000	0.000000	0.000000	0.927254
52	tsk_52	(x)	1	:	0.000000	0.000000	0.000000	0.044515	0.000000	0.000000	0.000000	0.000000	0.000000	0.955484
53	tsk_53	(x)	1	:	0.000000	0.000000	0.000000	0.109832	0.000000	0.000000	0.000000	0.000000	0.000000	0.890168
54	tsk_54	(x)	1	:	0.000000	0.000000	0.000000	0.117918	0.000000	0.000000	0.000000	0.000000	0.000000	0.882082
55	tsk_55	(x)	1	:	0.000000	0.000000	0.000000	0.053589	0.000000	0.000000	0.000000	0.000000	0.477842	0.468569
56	tsk_56	(x)	1	:	0.000000	0.000000	0.000000	0.124882	0.000000	0.000000	0.000000	0.000000	0.000000	0.875118
57	tsk_57	(x)	1	:	0.000000	0.000000	0.000000	0.094076	0.000000	0.000000	0.000000	0.000000	0.000000	0.905924
58	tsk_58	(x)	1	:	0.000000	0.000000	0.000000	0.030349	0.000000	0.000000	0.000000	0.000000	0.000000	0.969651
59	tsk_59	(x)	1	:	0.000000	0.000000	0.000000	0.107777	0.000000	0.000000	0.497620	0.000000	0.000000	0.394603
60	tsk_60	(x)	1	:	0.000000	0.000000	0.000000	0.113018	0.000000	0.000000	0.524858	0.000000	0.000000	0.362123
61	tsk_61	(x)	1	:	0.000000	0.000000	0.000000	0.003400	0.000000	0.000000	0.000000	0.000000	0.000000	0.996600
62	tsk_62	(x)	1	:	0.000000	0.000000	0.000000	0.094075	0.000000	0.000000	0.000000	0.000000	0.000000	0.905925
63	tsk_63	(x)	1	:	0.000000	0.000000	0.000000	0.072928	0.000000	0.000000	0.000000	0.000000	0.000000	0.927072
64	tsk_64	(x)	1	:	0.000000	0.000000	0.000000	0.034135	0.000000	0.000000	0.000000	0.000000	0.000000	0.965865
65	tsk_65	(x)	1	:	0.000000	0.000000	0.000000	0.144600	0.000000	0.000000	0.000000	0.000000	0.000000	0.855400
66	tsk_66	(x)	1	:	0.000000	0.000000	0.000000	0.089497	0.000000	0.000000	0.000000	0.000000	0.000000	0.910503
67	tsk_67	(x)	1	:	0.000000	0.000000	0.000000	0.136573	0.000000	0.000000	0.497620	0.000000	0.000000	0.365807
68	tsk_68	(x)	1	:	0.000000	0.000000	0.000000	0.141572	0.000000	0.000000	0.000000	0.000000	0.000000	0.858428
69	tsk_69	(x)	1	:	0.000000	0.000000	0.000000	0.204686	0.000000	0.000000	0.000000	0.000000	0.000000	0.795314
70	tsk_70	(x)	1	:	0.000000	0.000000	0.000000	0.037093	0.000000	0.000000	0.000000	0.000000	0.477837	0.485069
71	tsk_71	(x)	1	:	0.305876	0.000000	0.000000	0.044667	0.000000	0.000000	0.000000	0.000000	0.479974	0.169483
72	tsk_72	(x)	1	:	0.000000	0.000000	0.000000	0.156998	0.000000	0.000000	0.000000	0.000000	0.000000	0.843002
73	tsk_73	(x)	1	:	0.000000	0.000000	0.000000	0.027586	0.000000	0.000000	0.000000	0.000000	0.477840	0.494574
74	tsk_74	(x)	1	:	0.777716	0.000000	0.000000	0.095120	0.000000	0.000000	0.000000	0.000000	0.000000	0.127163
75	tsk_75	(x)	1	:	0.000000	0.000000	0.000000	0.000000	0.000000	0.000000	0.000000	0.000000	1.000000	0.000000
76	tsk_76	(x)	1	:	0.000000	0.000000	0.000000	0.141442	0.000000	0.000000	0.000000	0.000000	0.000000	0.858558
77	tsk_77	(x)	1	:	0.000000	0.000000	0.000000	0.000000	0.000000	0.000000	0.000000	0.000000	1.000000	0.000000
78	tsk_78	(x)	1	:	0.000000	0.000000	0.000000	0.030509	0.000000	0.000000	0.000000	0.000000	0.477838	0.491654
79	tsk_79	(x)	1	:	0.304829	0.000000	0.000000	0.177309	0.000000	0.000000	0.000000	0.000000	0.000000	0.517862
80	tsk_80	(x)	1	:	0.304921	0.000000	0.225371	0.056855	0.000000	0.000000	0.000000	0.000000	0.000000	0.412852
81	tsk_81	(x)	1	:	0.000000	0.000000	0.225156	0.140498	0.000000	0.000000	0.000000	0.000000	0.000000	0.634345
82	tsk_82	(x)	1	:	0.000000	0.000000	0.225156	0.034543	0.000000	0.000000	0.000000	0.000000	0.000000	0.740302
83	tsk_83	(x)	1	:	0.507026	0.000000	0.000000	0.141420	0.000000	0.000000	0.000000	0.000000	0.000000	0.351554
84	tsk_84	(x)	1	:	0.404683	0.000000	0.000000	0.115745	0.000000	0.000000	0.000000	0.000000	0.000000	0.479572
85	tsk_85	(x)	1	:	0.237675	0.000000	0.000000	0.099026	0.000000	0.000000	0.000000	0.000000	0.000000	0.663299
86	tsk_86	(x)	1	:	0.237617	0.000000	0.225210	0.046600	0.000000	0.000000	0.000000	0.000000	0.000000	0.490572
87	tsk_87	(x)	1	:	0.000000	0.000000	0.513589	0.000000	0.000000	0.000000	0.486408	0.000000	0.000000	0.000002
88	tsk_88	(x)	1	:	0.000000	0.000000	0.225156	0.038261	0.000000	0.000000	0.000000	0.000000	0.000000	0.736583
89	tsk_89	(x)	1	:	0.000000	0.000000	0.000000	0.218134	0.000000	0.000000	0.000000	0.000000	0.000000	0.781866
90	tsk_90	(x)	1	:	0.547611	0.452208	0.000000	0.000051	0.000000	0.000000	0.000000	0.000000	0.000000	0.000130
91	tsk_91	(x)	1	:	0.490428	0.509572	0.000000	0.000000	0.000000	0.000000	0.000000	0.000000	0.000000	0.000000
92	tsk_92	(x)	1	:	0.000000	0.456741	0.000000	0.002428	0.000000	0.000000	0.000000	0.000000	0.478062	0.062768
93	tsk_93	(x)	1	:	0.000000	0.456792	0.000000	0.002766	0.000000	0.000000	0.000000	0.000000	0.478292	0.062151
94	tsk_94	(x)	1	:	0.000000	0.000000	0.202287	0.080703	0.000000	0.000000	0.000000	0.000000	0.000000	0.717011
95	tsk_95	(x)	1	:	0.000000	0.533592	0.000000	0.132827	0.000000	0.000000	0.000000	0.000000	0.000000	0.333581
96	tsk_96	(x)	1	:	0.000000	0.000000	0.000000	0.214376	0.000000	0.000000	0.497620	0.000000	0.000000	0.288004
97	tsk_97	(x)	1	:	0.000000	0.456876	0.000000	0.013582	0.000000	0.000000	0.000000	0.000000	0.478670	0.050871
98	tsk_98	(x)	1	:	0.000000	0.456691	0.000000	0.059884	0.000000	0.000000	0.000000	0.000000	0.000000	0.483425
99	tsk_99	(x)	1	:	0.000000	0.482710	0.000000	0.000000	0.000000	0.000000	0.517290	0.000000	0.000000	0.000000
100	tsk_100	(x)	1	:	0.000000	0.000000	0.000000	0.125201	0.000000	0.000000	0.000000	0.000000	0.000000	0.874799
101	tsk_101	(x)	1	:	0.000000	0.000000	0.000000	0.081695	0.000000	0.000000	0.497620	0.000000	0.000000	0.420685
102	tsk_102	(x)	1	:	0.000000	0.456691	0.000000	0.053452	0.000000	0.000000	0.000000	0.000000	0.000000	0.489858
103	tsk_103	(x)	1	:	0.000000	0.000000	0.000000	0.099423	0.000000	0.000000	0.000000	0.000000	0.000000	0.900577
104	tsk_104	(x)	1	:	0.000000	0.456691	0.000000	0.059327	0.000000	0.000000	0.000000	0.000000	0.000000	0.483982
105	tsk_105	(x)	1	:	0.000000	0.000000	0.000000	0.047772	0.000000	0.000000	0.000000	0.000000	0.477834	0.474394
106	tsk_106	(x)	1	:	0.547646	0.452220	0.000000	0.000027	0.000000	0.000000	0.000000	0.000000	0.000000	0.000107
107	tsk_107	(x)	1	:	0.000000	0.000000	0.000000	0.018618	0.000000	0.000000	0.000000	0.000000	0.659910	0.321472
108	tsk_108	(x)	1	:	0.000000	0.456691	0.000000	0.063924	0.000000	0.000000	0.000000	0.000000	0.000000	0.479385
109	tsk_109	(x)	1	:	0.560107	0.000000	0.000000	0.068243	0.000000	0.000000	0.000000	0.000000	0.000000	0.371650
110	tsk_110	(x)	1	:	0.560108	0.000000	0.000000	0.170550	0.000000	0.000000	0.000000	0.000000	0.000000	0.269341
111	tsk_111	(x)	1	:	0.000000	1.000000	0.000000	0.000000	0.000000	0.000000	0.000000	0.000000	0.000000	0.000000
112	tsk_112	(x)	1	:	0.000000	0.456619	0.202215	0.024455	0.000000	0.000000	0.000000	0.000000	0.000000	0.316712
113	tsk_113	(x)	1	:	0.304831	0.000000	0.000000	0.228789	0.000000	0.000000	0.000000	0.000000	0.000000	0.466380
114	tsk_114	(x)	1	:	0.777675	0.000000	0.000000	0.049826	0.000000	0.000000	0.000000	0.000000	0.000000	0.172499
115	tsk_115	(x)	1	:	0.000000	0.517141	0.000000	0.003466	0.000000	0.000000	0.000000	0.000000	0.000000	0.479393
116	tsk_116	(x)	1	:	0.000000	0.456691	0.000000	0.066742	0.000000	0.000000	0.000000	0.000000	0.000000	0.476568
117	tsk_117	(x)	1	:	0.000000	0.000000	0.000000	0.000000	0.000000	0.000000	0.497999	0.000000	0.481337	0.020665
118	tsk_118	(x)	1	:	0.305512	0.457005	0.000000	0.062526	0.000000	0.000000	0.000000	0.000000	0.000000	0.174957
119	tsk_119	(x)	1	:	0.000000	0.000000	0.000000	0.006900	0.000000	0.000000	0.497907	0.000000	0.480489	0.014704
120	tsk_120	(x)	1	:	0.000000	0.000000	0.000000	0.000000	0.000000	0.000000	1.000000	0.000000	0.000000	0.000000
121	tsk_121	(x)	1	:	0.000000	0.000000	0.000000	0.162041	0.000000	0.000000	0.497620	0.000000	0.000000	0.340339
122	tsk_122	(x)	1	:	0.000000	0.000000	0.000000	0.000000	0.000000	0.000000	1.000000	0.000000	0.000000	0.000000
123	tsk_123	(x)	1	:	0.000000	0.000000	0.000000	0.000000	0.000000	0.000000	1.000000	0.000000	0.000000	0.000000
124	tsk_124	(x)	1	:	0.000000	0.000000	0.000000	0.305103	0.000000	0.000000	0.497620	0.000000	0.000000	0.197277
125	tsk_125	(x)	1	:	0.306129	0.534093	0.000000	0.023290	0.000000	0.000000	0.000000	0.000000	0.000000	0.136488
126	tsk_126	(x)	1	:	0.000000	0.518220	0.000000	0.000000	0.000000	0.000000	0.481780	0.000000	0.000000	0.000000
127	tsk_127	(x)	1	:	0.000000	0.000000	0.000000	0.108318	0.000000	0.000000	0.497620	0.000000	0.000000	0.394062
128	tsk_128	(x)	1	:	0.000000	0.000000	0.000000	0.000000	0.000000	0.000000	1.000000	0.000000	0.000000	0.000000
129	tsk_129	(x)	1	:	0.000000	0.000000	0.000000	0.000000	0.000000	0.000000	1.000000	0.000000	0.000000	0.000000
130	tsk_130	(x)	1	:	0.000000	0.533592	0.000000	0.136742	0.000000	0.000000	0.000000	0.000000	0.000000	0.329666
131	tsk_131	(x)	1	:	0.000000	0.000000	0.000000	0.090752	0.000000	0.000000	0.497620	0.000000	0.000000	0.411628
132	tsk_132	(x)	1	:	0.000000	0.000000	0.000000	0.004804	0.000000	0.000000	0.498067	0.000000	0.481963	0.015167
133	tsk_133	(x)	1	:	0.000000	0.000000	0.000000	0.003617	0.000000	0.000000	0.497834	0.000000	0.479818	0.018731
134	tsk_134	(x)	1	:	0.000000	1.000000	0.000000	0.000000	0.000000	0.000000	0.000000	0.000000	0.000000	0.000000
135	tsk_135	(x)	1	:	0.000000	0.000000	0.000000	0.004558	0.000000	0.000000	0.498190	0.000000	0.483088	0.014165
136	tsk_136	(x)	1	:	0.000000	0.482710	0.000000	0.000000	0.000000	0.000000	0.517290	0.000000	0.000000	0.000000
137	tsk_137	(x)	1	:	0.000000	0.000000	0.000000	0.001644	0.000000	0.000000	0.498218	0.000000	0.483351	0.016787
138	tsk_138	(x)	1	:	0.000000	0.000000	0.000000	0.002440	0.000000	0.000000	0.497832	0.000000	0.479797	0.019931
139	tsk_139	(x)	1	:	0.000000	0.000000	0.000000	0.000000	0.000000	0.000000	1.000000	0.000000	0.000000	0.000000
140	tsk_140	(x)	1	:	0.510846	0.000000	0.000000	0.000003	0.000000	0.000000	0.489148	0.000000	0.000000	0.000003
141	tsk_141	(x)	1	:	1.000000	0.000000	0.000000	0.000000	0.000000	0.000000	0.000000	0.000000	0.000000	0.000000
142	tsk_142	(x)	1	:	1.000000	0.000000	0.000000	0.000000	0.000000	0.000000	0.000000	0.000000	0.000000	0.000000
143	tsk_143	(x)	1	:	0.000000	0.000000	0.000000	0.001870	0.501383	0.000000	0.496747	0.000000	0.000000	0.000000
144	tsk_144	(x)	1	:	1.000000	0.000000	0.000000	0.000000	0.000000	0.000000	0.000000	0.000000	0.000000	0.000000
145	tsk_145	(x)	1	:	0.000000	0.000000	0.000000	0.000000	0.000000	0.000000	1.000000	0.000000	0.000000	0.000000
146	tsk_146	(x)	1	:	0.510848	0.000000	0.000000	0.000001	0.000000	0.000000	0.489148	0.000000	0.000000	0.000003
147	tsk_147	(x)	1	:	0.000000	0.000000	0.000000	0.000000	0.000000	0.000000	1.000000	0.000000	0.000000	0.000000
148	tsk_148	(x)	1	:	0.000000	0.000000	0.000000	0.001870	0.501383	0.000000	0.496747	0.000000	0.000000	0.000000
149	tsk_149	(x)	1	:	0.558424	0.000000	0.000000	0.000000	0.441576	0.000000	0.000000	0.000000	0.000000	0.000000
