logL = -1678.113812 (converged)
AIC = 4906.227624
BIC = 7239.469977

count.K
29 55 19 6 41 

