0	tsk_0	(x)	1	:	0.000000	0.503616	0.000000	0.000000	0.195964	0.300419	0.000000
1	tsk_1	(x)	1	:	0.000000	0.503668	0.000000	0.000000	0.308575	0.187756	0.000000
2	tsk_2	(x)	1	:	0.000000	0.000000	0.000000	0.000000	0.292320	0.197298	0.510382
3	tsk_3	(x)	1	:	0.000000	0.000000	0.012659	0.000000	0.287444	0.225837	0.474060
4	tsk_4	(x)	1	:	0.000000	0.000000	0.000000	0.000000	0.436906	0.563094	0.000000
5	tsk_5	(x)	1	:	0.000000	0.000000	0.000000	0.000000	0.089811	0.375022	0.535166
6	tsk_6	(x)	1	:	0.000000	0.000000	0.000000	0.000000	0.343712	0.656288	0.000000
7	tsk_7	(x)	1	:	0.000000	0.000000	0.000000	0.000000	0.258499	0.741501	0.000000
8	tsk_8	(x)	1	:	0.000000	0.000000	0.000000	0.000000	0.257875	0.206888	0.535237
9	tsk_9	(x)	1	:	0.000000	0.000000	0.000000	0.646182	0.019519	0.334299	0.000000
10	tsk_10	(x)	1	:	0.000000	0.000000	0.012684	0.000000	0.395899	0.117306	0.474111
11	tsk_11	(x)	1	:	0.000000	0.000000	0.012694	0.000000	0.272026	0.241257	0.474023
12	tsk_12	(x)	1	:	0.000000	0.000000	0.485178	0.000000	0.335483	0.179340	0.000000
13	tsk_13	(x)	1	:	0.000000	0.000000	0.000000	0.000000	0.275619	0.724381	0.000000
14	tsk_14	(x)	1	:	0.000000	0.482122	0.000000	0.000000	0.000000	0.517878	0.000000
15	tsk_15	(x)	1	:	0.000000	0.000000	0.012509	0.000000	0.241389	0.271947	0.474155
16	tsk_16	(x)	1	:	0.000000	0.000000	0.000000	0.000000	0.000000	1.000000	0.000000
17	tsk_17	(x)	1	:	0.000000	0.000000	0.000000	0.000000	0.000000	1.000000	0.000000
18	tsk_18	(x)	1	:	0.000000	0.000000	0.000000	0.510874	0.228921	0.260206	0.000000
19	tsk_19	(x)	1	:	0.000000	0.000000	0.000436	0.000000	0.000000	0.539782	0.459781
20	tsk_20	(x)	1	:	0.000000	0.000000	0.000000	0.000000	0.000000	0.000000	1.000000
21	tsk_21	(x)	1	:	0.000000	0.000000	0.000000	0.000000	0.236929	0.763071	0.000000
22	tsk_22	(x)	1	:	0.000000	0.000000	0.000000	0.179039	0.208551	0.612410	0.000000
23	tsk_23	(x)	1	:	0.000000	0.000000	0.000000	0.000000	0.566994	0.433006	0.000000
24	tsk_24	(x)	1	:	0.000000	0.000000	0.000000	0.000000	0.426605	0.573395	0.000000
25	tsk_25	(x)	1	:	0.000000	0.000000	0.000000	0.000000	0.191709	0.808290	0.000000
26	tsk_26	(x)	1	:	0.000000	0.000000	0.012376	0.000000	0.304623	0.208705	0.474296
27	tsk_27	(x)	1	:	0.000000	0.503657	0.000000	0.000000	0.286212	0.210132	0.000000
28	tsk_28	(x)	1	:	0.000000	0.000000	0.000000	0.000000	0.357447	0.642553	0.000000
29	tsk_29	(x)	1	:	0.000000	0.503615	0.000000	0.000000	0.191750	0.304635	0.000000
30	tsk_30	(x)	1	:	0.000000	0.000000	0.485115	0.000000	0.247309	0.267576	0.000000
31	tsk_31	(x)	1	:	0.000000	1.000000	0.000000	0.000000	0.000000	0.000000	0.000000
32	tsk_32	(x)	1	:	0.497739	0.502261	0.000000	0.000000	0.000000	0.000000	0.000000
33	tsk_33	(x)	1	:	0.486489	0.000000	0.000000	0.000000	0.000000	0.000000	0.513511
34	tsk_34	(x)	1	:	0.000000	0.000000	0.513300	0.000000	0.000000	0.000000	0.486700
35	tsk_35	(x)	1	:	0.000000	0.000000	0.485154	0.000000	0.304180	0.210666	0.000000
36	tsk_36	(x)	1	:	0.000000	0.489417	0.000000	0.000000	0.000000	0.000000	0.510583
37	tsk_37	(x)	1	:	0.000000	0.489417	0.000000	0.000000	0.000000	0.000000	0.510583
38	tsk_38	(x)	1	:	0.000000	0.000000	0.410284	0.000000	0.000000	0.000000	0.589716
39	tsk_39	(x)	1	:	0.539455	0.000000	0.460545	0.000000	0.000000	0.000000	0.000000
40	tsk_40	(x)	1	:	0.000000	0.423431	0.062840	0.000000	0.260976	0.252753	0.000000
41	tsk_41	(x)	1	:	0.000000	0.354863	0.000000	0.000000	0.000000	0.000000	0.645137
42	tsk_42	(x)	1	:	0.000000	0.943783	0.056217	0.000000	0.000000	0.000000	0.000000
43	tsk_43	(x)	1	:	0.000000	0.423432	0.062847	0.000000	0.273315	0.240405	0.000000
44	tsk_44	(x)	1	:	0.000000	0.354863	0.000000	0.000000	0.000000	0.000000	0.645137
45	tsk_45	(x)	1	:	0.000000	0.943783	0.056217	0.000000	0.000000	0.000000	0.000000
46	tsk_46	(x)	1	:	0.000000	0.423430	0.062822	0.000000	0.230459	0.283289	0.000000
47	tsk_47	(x)	1	:	0.000000	1.000000	0.000000	0.000000	0.000000	0.000000	0.000000
48	tsk_48	(x)	1	:	0.000000	0.423433	0.062858	0.000000	0.290413	0.223296	0.000000
49	tsk_49	(x)	1	:	0.000000	0.423431	0.062838	0.000000	0.258022	0.255708	0.000000
50	tsk_50	(x)	1	:	0.000000	0.000000	0.000000	0.000000	0.190299	0.809700	0.000000
51	tsk_51	(x)	1	:	0.000000	0.000000	0.000000	0.373950	0.073683	0.552367	0.000000
52	tsk_52	(x)	1	:	0.000000	0.000000	0.000000	0.179068	0.190291	0.630641	0.000000
53	tsk_53	(x)	1	:	0.000000	0.000000	1.000000	0.000000	0.000000	0.000000	0.000000
54	tsk_54	(x)	1	:	0.000000	0.524220	0.000000	0.000000	0.082008	0.393772	0.000000
55	tsk_55	(x)	1	:	0.000000	0.000000	0.000000	0.179088	0.255501	0.565411	0.000000
56	tsk_56	(x)	1	:	0.000000	0.530820	0.469180	0.000000	0.000000	0.000000	0.000000
57	tsk_57	(x)	1	:	0.000000	0.000000	0.518817	0.000000	0.336851	0.144332	0.000000
58	tsk_58	(x)	1	:	0.000000	0.000000	0.503482	0.201632	0.197486	0.097400	0.000000
59	tsk_59	(x)	1	:	0.000000	0.000000	0.012680	0.000000	0.267024	0.246264	0.474032
60	tsk_60	(x)	1	:	0.000000	1.000000	0.000000	0.000000	0.000000	0.000000	0.000000
61	tsk_61	(x)	1	:	0.000000	0.000000	0.011827	0.000000	0.266940	0.246519	0.474713
62	tsk_62	(x)	1	:	0.000000	1.000000	0.000000	0.000000	0.000000	0.000000	0.000000
63	tsk_63	(x)	1	:	0.000000	0.000000	0.000000	1.000000	0.000000	0.000000	0.000000
64	tsk_64	(x)	1	:	0.000000	0.472560	0.527440	0.000000	0.000000	0.000000	0.000000
65	tsk_65	(x)	1	:	0.000000	1.000000	0.000000	0.000000	0.000000	0.000000	0.000000
66	tsk_66	(x)	1	:	0.000000	0.503641	0.000000	0.000000	0.253883	0.242477	0.000000
67	tsk_67	(x)	1	:	0.000000	1.000000	0.000000	0.000000	0.000000	0.000000	0.000000
68	tsk_68	(x)	1	:	0.000000	0.485766	0.000000	0.000000	0.000000	0.000000	0.514234
69	tsk_69	(x)	1	:	0.000000	0.534489	0.001369	0.000000	0.000000	0.000000	0.464142
70	tsk_70	(x)	1	:	0.000000	1.000000	0.000000	0.000000	0.000000	0.000000	0.000000
71	tsk_71	(x)	1	:	0.000000	0.503625	0.000000	0.000000	0.218896	0.277478	0.000000
72	tsk_72	(x)	1	:	0.000000	0.503650	0.000000	0.000000	0.272262	0.224088	0.000000
73	tsk_73	(x)	1	:	0.000000	0.525332	0.000000	0.000000	0.189711	0.284957	0.000000
74	tsk_74	(x)	1	:	0.000000	0.000000	0.000000	0.000000	0.000000	0.000000	1.000000
75	tsk_75	(x)	1	:	0.000000	0.000000	0.000000	0.000000	0.000000	0.000000	1.000000
76	tsk_76	(x)	1	:	0.000000	0.000000	0.000000	0.000000	0.000000	0.000000	1.000000
77	tsk_77	(x)	1	:	1.000000	0.000000	0.000000	0.000000	0.000000	0.000000	0.000000
78	tsk_78	(x)	1	:	1.000000	0.000000	0.000000	0.000000	0.000000	0.000000	0.000000
79	tsk_79	(x)	1	:	0.000000	0.525306	0.000000	0.000000	0.110756	0.363938	0.000000
80	tsk_80	(x)	1	:	0.000000	0.000000	1.000000	0.000000	0.000000	0.000000	0.000000
81	tsk_81	(x)	1	:	0.000000	0.525388	0.000000	0.000000	0.306678	0.167934	0.000000
82	tsk_82	(x)	1	:	0.000000	0.000000	0.485235	0.000000	0.401523	0.113242	0.000000
83	tsk_83	(x)	1	:	0.000000	0.000000	1.000000	0.000000	0.000000	0.000000	0.000000
84	tsk_84	(x)	1	:	0.000000	0.000000	1.000000	0.000000	0.000000	0.000000	0.000000
85	tsk_85	(x)	1	:	0.000000	0.000000	0.485170	0.000000	0.325610	0.189220	0.000000
86	tsk_86	(x)	1	:	0.000000	0.600894	0.399106	0.000000	0.000000	0.000000	0.000000
87	tsk_87	(x)	1	:	0.000000	0.000000	0.469090	0.207957	0.145254	0.177699	0.000000
88	tsk_88	(x)	1	:	0.000000	0.000000	0.000000	0.467066	0.000000	0.000000	0.532934
89	tsk_89	(x)	1	:	0.000000	0.000000	1.000000	0.000000	0.000000	0.000000	0.000000
90	tsk_90	(x)	1	:	0.489513	0.000000	0.000000	0.000000	0.000000	0.000000	0.510487
91	tsk_91	(x)	1	:	0.479942	0.000000	0.520058	0.000000	0.000000	0.000000	0.000000
92	tsk_92	(x)	1	:	0.487221	0.000000	0.512779	0.000000	0.000000	0.000000	0.000000
93	tsk_93	(x)	1	:	0.000000	0.000000	0.000000	0.000000	0.291214	0.708786	0.000000
94	tsk_94	(x)	1	:	0.157020	0.000000	0.000000	0.000000	0.156452	0.294503	0.392025
95	tsk_95	(x)	1	:	0.000000	0.000000	1.000000	0.000000	0.000000	0.000000	0.000000
96	tsk_96	(x)	1	:	1.000000	0.000000	0.000000	0.000000	0.000000	0.000000	0.000000
97	tsk_97	(x)	1	:	0.157023	0.000000	0.000000	0.000000	0.171214	0.279734	0.392029
98	tsk_98	(x)	1	:	0.000000	0.000000	0.435692	0.000000	0.000000	0.000000	0.564308
99	tsk_99	(x)	1	:	1.000000	0.000000	0.000000	0.000000	0.000000	0.000000	0.000000
100	tsk_100	(x)	1	:	0.000000	0.000000	0.000000	0.179054	0.105434	0.715511	0.000000
101	tsk_101	(x)	1	:	0.000000	0.423433	0.062858	0.000000	0.290067	0.223642	0.000000
102	tsk_102	(x)	1	:	0.000000	0.000000	0.000000	0.179116	0.338398	0.482486	0.000000
103	tsk_103	(x)	1	:	0.000000	0.000000	1.000000	0.000000	0.000000	0.000000	0.000000
104	tsk_104	(x)	1	:	0.000000	0.000000	0.000000	0.179009	0.093829	0.727162	0.000000
105	tsk_105	(x)	1	:	0.000000	0.000000	0.519419	0.000000	0.000000	0.000000	0.480581
106	tsk_106	(x)	1	:	0.000000	0.000000	0.012304	0.000000	0.183311	0.330092	0.474293
107	tsk_107	(x)	1	:	0.000000	0.000000	0.000000	0.000000	0.000000	1.000000	0.000000
108	tsk_108	(x)	1	:	0.000000	0.000000	0.000000	0.148162	0.000000	0.851838	0.000000
109	tsk_109	(x)	1	:	0.000000	0.000000	1.000000	0.000000	0.000000	0.000000	0.000000
110	tsk_110	(x)	1	:	0.000000	0.000000	0.000000	0.646137	0.009341	0.344522	0.000000
111	tsk_111	(x)	1	:	0.000000	0.000000	0.000000	0.000000	0.245711	0.754288	0.000000
112	tsk_112	(x)	1	:	0.000000	0.000000	0.000000	0.000000	0.379541	0.620459	0.000000
113	tsk_113	(x)	1	:	0.000000	0.000000	0.000000	0.000000	0.000000	1.000000	0.000000
114	tsk_114	(x)	1	:	0.000000	0.000000	0.518827	0.000000	0.348616	0.132557	0.000000
115	tsk_115	(x)	1	:	0.000000	0.000000	0.000000	0.000000	0.174204	0.825796	0.000000
116	tsk_116	(x)	1	:	0.000000	0.000000	0.000000	0.000000	0.212244	0.787756	0.000000
117	tsk_117	(x)	1	:	0.000000	0.000000	0.480121	0.519879	0.000000	0.000000	0.000000
118	tsk_118	(x)	1	:	0.000000	0.000000	0.000000	0.000000	0.352858	0.647142	0.000000
119	tsk_119	(x)	1	:	0.000000	0.000000	0.000000	0.000000	0.327932	0.672068	0.000000
120	tsk_120	(x)	1	:	0.000000	1.000000	0.000000	0.000000	0.000000	0.000000	0.000000
121	tsk_121	(x)	1	:	0.000000	0.515755	0.000000	0.181134	0.096486	0.206624	0.000000
122	tsk_122	(x)	1	:	0.000000	0.000000	0.000000	0.000000	0.412237	0.587763	0.000000
123	tsk_123	(x)	1	:	0.000000	0.526360	0.000000	0.000000	0.000000	0.000000	0.473640
124	tsk_124	(x)	1	:	0.000000	1.000000	0.000000	0.000000	0.000000	0.000000	0.000000
125	tsk_125	(x)	1	:	0.000000	0.493809	0.000000	0.184683	0.190600	0.130908	0.000000
126	tsk_126	(x)	1	:	0.000000	0.000000	0.000000	0.000000	1.000000	0.000000	0.000000
127	tsk_127	(x)	1	:	0.000000	0.472560	0.527440	0.000000	0.000000	0.000000	0.000000
128	tsk_128	(x)	1	:	0.000000	0.000000	0.000000	0.000000	1.000000	0.000000	0.000000
129	tsk_129	(x)	1	:	0.000000	0.000000	0.000000	0.137251	0.862749	0.000000	0.000000
130	tsk_130	(x)	1	:	0.000000	0.503615	0.000000	0.000000	0.193381	0.303004	0.000000
131	tsk_131	(x)	1	:	0.000000	0.000000	0.000000	0.000000	0.355451	0.644549	0.000000
132	tsk_132	(x)	1	:	0.000000	0.503630	0.000000	0.000000	0.230371	0.265998	0.000000
133	tsk_133	(x)	1	:	0.000003	0.000000	0.000173	0.516517	0.000000	0.000000	0.483306
134	tsk_134	(x)	1	:	0.000000	0.000000	0.000000	0.000000	0.230970	0.769030	0.000000
135	tsk_135	(x)	1	:	0.000000	0.000000	0.517650	0.000000	0.252608	0.229742	0.000000
136	tsk_136	(x)	1	:	0.000000	0.000000	0.000000	0.179057	0.141127	0.679816	0.000000
137	tsk_137	(x)	1	:	0.000000	0.000000	0.012274	0.000000	0.312944	0.200400	0.474382
138	tsk_138	(x)	1	:	0.000000	0.503638	0.000000	0.000000	0.247054	0.249309	0.000000
139	tsk_139	(x)	1	:	0.000000	0.000000	0.517640	0.000000	0.238063	0.244297	0.000000
140	tsk_140	(x)	1	:	0.000000	0.369221	0.630779	0.000000	0.000000	0.000000	0.000000
141	tsk_141	(x)	1	:	0.000000	0.000000	0.485178	0.000000	0.336170	0.178652	0.000000
142	tsk_142	(x)	1	:	0.000000	0.598355	0.401645	0.000000	0.000000	0.000000	0.000000
143	tsk_143	(x)	1	:	0.000000	0.000000	0.519419	0.000000	0.000000	0.000000	0.480581
144	tsk_144	(x)	1	:	0.000000	0.572977	0.000000	0.000000	0.000000	0.000000	0.427023
145	tsk_145	(x)	1	:	0.000000	1.000000	0.000000	0.000000	0.000000	0.000000	0.000000
146	tsk_146	(x)	1	:	0.000000	0.000000	0.416304	0.000000	0.000000	0.000000	0.583695
147	tsk_147	(x)	1	:	0.000000	0.000000	0.000000	0.000000	0.000000	0.000000	1.000000
148	tsk_148	(x)	1	:	0.000000	0.000000	1.000000	0.000000	0.000000	0.000000	0.000000
149	tsk_149	(x)	1	:	0.000000	0.426562	0.573438	0.000000	0.000000	0.000000	0.000000
