logL = -4296.493228 (converged)
AIC = 9618.986455
BIC = 11163.442361

count.K
55 81 14 

