logL = -1739.183124 (converged)
AIC = 5138.366248
BIC = 7637.193542

count.K
59 19 22 30 20 

