logL = -1753.568012 (converged)
AIC = 8947.136023
BIC = 17136.064023

count.K
1 11 10 3 1 15 2 11 4 15 7 11 42 17 

