logL = -1310.054413 (converged)
AIC = 6522.108825
BIC = 12395.858284

count.K
0 1 13 5 39 25 8 22 2 12 23 

