logL = -3693.019293 (converged)
AIC = 12390.038586
BIC = 19922.648092

count.K
34 15 1 8 5 2 26 7 4 4 35 9 

