logL = -1070.082999 (converged)
AIC = 4388.165999
BIC = 7772.120069

count.K
9 17 25 28 11 33 27 

