logL = -1436.234472 (converged)
AIC = 8272.468943
BIC = 16401.184237

count.K
24 24 2 18 15 2 9 0 0 9 7 4 1 7 28 

