logL = -1574.213503 (converged)
AIC = 8420.427006
BIC = 16356.461642

count.K
6 71 1 2 2 5 12 9 25 7 1 4 5 0 

