logL = -1273.546348 (converged)
AIC = 4907.092695
BIC = 8459.642342

count.K
17 5 26 29 16 16 41 

