logL = -1461.354954 (converged)
AIC = 7182.709908
BIC = 13595.363085

count.K
16 18 1 20 17 25 35 2 1 1 9 5 

