logL = -1633.321749 (converged)
AIC = 8140.643498
BIC = 15477.561709

count.K
11 37 1 16 0 9 7 10 1 52 1 3 2 

