logL = -1836.612658 (converged)
AIC = 4109.225317
BIC = 4765.543811

count.K
73 77 

