logL = -1467.272956 (converged)
AIC = 5946.545912
BIC = 10480.562665

count.K
15 37 4 14 51 5 6 17 1 

