logL = -1563.538423 (converged)
AIC = 5899.076846
BIC = 10071.817364

count.K
17 35 9 0 21 22 28 18 

