logL = -878.586982 (converged)
AIC = 4715.173964
BIC = 9167.903564

count.K
6 59 13 30 6 2 1 26 7 

