logL = -1558.095209 (converged)
AIC = 4344.190418
BIC = 6192.720488

count.K
7 32 47 64 

