logL = -522.832775 (converged)
AIC = 3949.665550
BIC = 8321.107997

count.K
2 2 15 19 11 8 12 55 26 

