logL = -1070.618956 (converged)
AIC = 4785.237913
BIC = 8765.297771

count.K
8 0 31 65 14 4 3 25 

