logL = -1182.710268 (converged)
AIC = 7497.420536
BIC = 15222.710700

count.K
7 11 2 10 5 6 2 61 8 5 6 1 11 15 

