logL = -1099.980376 (converged)
AIC = 3347.960752
BIC = 5076.065411

count.K
24 30 36 60 

