logL = -1722.280555 (converged)
AIC = 8604.561110
BIC = 16372.000169

count.K
15 11 24 10 7 6 8 8 0 5 6 1 49 0 

