logL = -1965.414767 (converged)
AIC = 9510.829533
BIC = 17910.502004

count.K
12 8 7 31 15 5 11 11 12 10 4 6 11 7 

