logL = -891.192812 (converged)
AIC = 3974.385624
BIC = 7274.041907

count.K
55 20 11 12 15 29 8 

