0	tsk_0	(x)	1	:	0.000000	0.000000	0.162407	0.164729	0.000000	0.000000	0.000000	0.000000	0.000000	0.000000	0.172864	0.000000	0.000000	0.500000
1	tsk_1	(x)	1	:	0.000000	0.000000	0.095706	0.624437	0.000000	0.000000	0.000000	0.000000	0.000000	0.000000	0.279857	0.000000	0.000000	0.000000
2	tsk_2	(x)	1	:	0.000000	0.000000	0.000000	0.000000	0.000000	0.000000	0.000000	1.000000	0.000000	0.000000	0.000000	0.000000	0.000000	0.000000
3	tsk_3	(x)	1	:	0.000000	0.000000	0.195140	0.170692	0.000000	0.499997	0.000000	0.000000	0.000000	0.000000	0.134170	0.000000	0.000000	0.000000
4	tsk_4	(x)	1	:	0.000000	0.000000	0.000000	0.000000	0.000000	0.000000	0.000000	1.000000	0.000000	0.000000	0.000000	0.000000	0.000000	0.000000
5	tsk_5	(x)	1	:	0.000000	0.000000	0.142442	0.290462	0.000000	0.499997	0.000000	0.000000	0.000000	0.000000	0.067099	0.000000	0.000000	0.000000
6	tsk_6	(x)	1	:	0.000000	0.000000	0.000000	0.000000	0.000000	0.000000	0.000000	1.000000	0.000000	0.000000	0.000000	0.000000	0.000000	0.000000
7	tsk_7	(x)	1	:	0.000000	0.000000	0.209719	0.467132	0.000000	0.000000	0.000000	0.000000	0.000000	0.000000	0.323148	0.000000	0.000000	0.000000
8	tsk_8	(x)	1	:	0.000000	0.000000	0.000000	0.000000	0.000000	0.499997	0.000000	0.500003	0.000000	0.000000	0.000000	0.000000	0.000000	0.000000
9	tsk_9	(x)	1	:	0.000000	0.000000	0.000000	0.000000	0.000000	0.499997	0.000000	0.500003	0.000000	0.000000	0.000000	0.000000	0.000000	0.000000
10	tsk_10	(x)	1	:	0.000000	0.000000	0.000000	0.000000	0.000000	0.000000	0.000000	0.500000	0.000000	0.000000	0.000000	0.000000	0.000000	0.500000
11	tsk_11	(x)	1	:	0.000000	0.000000	0.000000	0.000000	0.000000	0.000000	0.000000	0.000000	0.000000	0.000000	0.000000	0.000000	0.521739	0.478261
12	tsk_12	(x)	1	:	0.000000	0.472582	0.009363	0.010468	0.000000	0.000000	0.000000	0.000000	0.000000	0.000000	0.007603	0.499984	0.000000	0.000000
13	tsk_13	(x)	1	:	0.000000	0.000000	0.000000	0.000000	0.000000	0.000000	0.000000	0.000000	0.000000	0.000000	0.000000	0.000000	1.000000	0.000000
14	tsk_14	(x)	1	:	0.000000	0.480193	0.002011	0.012916	0.000000	0.000000	0.000000	0.503769	0.000000	0.000000	0.001110	0.000000	0.000000	0.000000
15	tsk_15	(x)	1	:	0.000000	0.000000	0.000000	0.000000	0.000000	0.000000	0.000000	0.000000	1.000000	0.000000	0.000000	0.000000	0.000000	0.000000
16	tsk_16	(x)	1	:	0.000000	0.000000	0.000000	0.000000	0.000000	0.000000	0.000000	0.500216	0.000000	0.000000	0.000000	0.000000	0.499784	0.000000
17	tsk_17	(x)	1	:	0.000000	0.000000	0.057462	0.126541	0.000000	0.000000	0.000000	0.000000	0.000000	0.000000	0.315294	0.006378	0.000000	0.494324
18	tsk_18	(x)	1	:	0.000000	0.000000	0.000000	0.000000	0.000000	0.000000	0.000000	0.501163	0.498837	0.000000	0.000000	0.000000	0.000000	0.000000
19	tsk_19	(x)	1	:	0.000000	0.472639	0.041193	0.368720	0.000000	0.000000	0.000000	0.000000	0.000000	0.000000	0.117447	0.000000	0.000000	0.000000
20	tsk_20	(x)	1	:	0.000000	0.000000	0.000000	0.000000	0.000000	0.000000	0.000000	0.500000	0.000000	0.000000	0.000000	0.000000	0.000000	0.500000
21	tsk_21	(x)	1	:	0.000000	0.000000	0.407506	0.343352	0.000000	0.000000	0.000000	0.000000	0.000000	0.000000	0.249142	0.000000	0.000000	0.000000
22	tsk_22	(x)	1	:	0.000000	0.000000	0.248031	0.407959	0.000000	0.000000	0.000000	0.000000	0.000000	0.000000	0.344010	0.000000	0.000000	0.000000
23	tsk_23	(x)	1	:	0.000000	0.000000	0.220554	0.301971	0.000000	0.000000	0.000000	0.000000	0.000000	0.000000	0.477475	0.000000	0.000000	0.000000
24	tsk_24	(x)	1	:	0.000000	0.000000	0.189823	0.085716	0.000000	0.000000	0.000000	0.500028	0.000000	0.000000	0.224432	0.000000	0.000000	0.000000
25	tsk_25	(x)	1	:	0.000000	0.000000	0.131203	0.655287	0.000000	0.000000	0.000000	0.000000	0.000000	0.000000	0.213510	0.000000	0.000000	0.000000
26	tsk_26	(x)	1	:	0.000000	0.000000	0.214140	0.160867	0.000000	0.000000	0.000000	0.500030	0.000000	0.000000	0.124962	0.000000	0.000000	0.000000
27	tsk_27	(x)	1	:	0.000000	0.000000	0.384987	0.389273	0.000000	0.000000	0.000000	0.000000	0.000000	0.000000	0.225740	0.000000	0.000000	0.000000
28	tsk_28	(x)	1	:	0.000000	0.000000	0.346473	0.110115	0.000000	0.000000	0.000000	0.500019	0.000000	0.000000	0.043393	0.000000	0.000000	0.000000
29	tsk_29	(x)	1	:	0.000000	0.000000	0.234444	0.370212	0.000000	0.000000	0.000000	0.000000	0.000000	0.000000	0.395344	0.000000	0.000000	0.000000
30	tsk_30	(x)	1	:	0.000000	0.000000	0.000000	0.000000	0.000000	0.000000	0.000000	1.000000	0.000000	0.000000	0.000000	0.000000	0.000000	0.000000
31	tsk_31	(x)	1	:	0.000000	0.000000	0.254100	0.142298	0.000000	0.000000	0.000000	0.500051	0.000000	0.000000	0.103551	0.000000	0.000000	0.000000
32	tsk_32	(x)	1	:	0.000000	0.000000	0.000000	0.000000	0.525683	0.000000	0.000000	0.474317	0.000000	0.000000	0.000000	0.000000	0.000000	0.000000
33	tsk_33	(x)	1	:	0.000000	0.000000	0.003787	0.000541	0.000000	0.493840	0.000000	0.000000	0.496842	0.000000	0.003314	0.001196	0.000000	0.000480
34	tsk_34	(x)	1	:	0.000000	0.000000	0.302304	0.192250	0.000000	0.000000	0.000000	0.500052	0.000000	0.000000	0.005394	0.000000	0.000000	0.000000
35	tsk_35	(x)	1	:	0.000000	0.000000	0.000000	0.000000	0.000000	0.000000	0.000000	0.500000	0.000000	0.000000	0.000000	0.500000	0.000000	0.000000
36	tsk_36	(x)	1	:	0.000000	0.000000	0.146192	0.262458	0.000000	0.499997	0.000000	0.000000	0.000000	0.000000	0.091352	0.000000	0.000000	0.000000
37	tsk_37	(x)	1	:	0.498392	0.000000	0.118096	0.073970	0.000000	0.000000	0.000000	0.000000	0.000000	0.000000	0.307601	0.001396	0.000000	0.000546
38	tsk_38	(x)	1	:	0.000000	0.000000	0.003757	0.001824	0.000000	0.493934	0.000000	0.000000	0.496330	0.000000	0.001961	0.000641	0.000000	0.001552
39	tsk_39	(x)	1	:	0.000000	0.000000	0.000000	0.000000	0.000000	0.000000	0.000000	0.501162	0.498837	0.000000	0.000000	0.000000	0.000000	0.000000
40	tsk_40	(x)	1	:	0.000000	0.000000	0.234599	0.181588	0.000000	0.000000	0.000000	0.008195	0.000000	0.491981	0.083637	0.000000	0.000000	0.000000
41	tsk_41	(x)	1	:	0.000000	0.000000	0.000000	0.000000	0.000000	0.000000	0.000000	0.000000	0.000000	0.000000	0.000000	1.000000	0.000000	0.000000
42	tsk_42	(x)	1	:	0.000000	0.000000	0.000000	0.000000	0.000000	0.000000	0.000000	0.000000	0.000000	0.000000	0.000000	1.000000	0.000000	0.000000
43	tsk_43	(x)	1	:	0.000000	0.000000	0.003625	0.001905	0.000000	0.492478	0.000000	0.003800	0.000000	0.493677	0.004515	0.000000	0.000000	0.000000
44	tsk_44	(x)	1	:	0.000000	0.000000	0.064589	0.375253	0.000000	0.499997	0.000000	0.000000	0.000000	0.000000	0.060160	0.000000	0.000000	0.000000
45	tsk_45	(x)	1	:	0.000000	0.000000	0.000000	0.000000	0.000000	0.000000	0.000000	0.006435	0.000000	0.493320	0.000000	0.500245	0.000000	0.000000
46	tsk_46	(x)	1	:	0.000000	0.000000	0.083774	0.298989	0.000000	0.499997	0.000000	0.000000	0.000000	0.000000	0.117240	0.000000	0.000000	0.000000
47	tsk_47	(x)	1	:	0.000000	0.000000	0.000000	0.000000	0.000000	0.000000	0.000000	0.000000	0.000000	0.000000	0.000000	0.499999	0.000000	0.500001
48	tsk_48	(x)	1	:	0.000000	0.000000	0.000000	0.000000	0.000000	0.000000	0.000000	0.000000	0.000000	0.000000	0.000000	1.000000	0.000000	0.000000
49	tsk_49	(x)	1	:	0.000000	0.000000	0.003320	0.004730	0.000000	0.492415	0.000000	0.003947	0.000000	0.493568	0.002020	0.000000	0.000000	0.000000
50	tsk_50	(x)	1	:	0.000000	0.000000	0.000000	0.000000	0.000000	0.000000	0.000000	0.500000	0.000000	0.000000	0.000000	0.500000	0.000000	0.000000
51	tsk_51	(x)	1	:	0.000000	0.000000	0.021895	0.384150	0.508011	0.000000	0.000000	0.000107	0.000000	0.000000	0.085837	0.000000	0.000000	0.000000
52	tsk_52	(x)	1	:	0.000000	0.000000	0.000000	0.000000	0.000000	0.000000	0.000000	0.501162	0.498837	0.000000	0.000000	0.000000	0.000000	0.000000
53	tsk_53	(x)	1	:	0.000000	0.000000	0.002728	0.003249	0.000000	0.491481	0.000000	0.000000	0.000000	0.000000	0.003590	0.498951	0.000000	0.000000
54	tsk_54	(x)	1	:	0.498345	0.000000	0.247035	0.115111	0.000000	0.000000	0.000000	0.000000	0.000000	0.000000	0.137548	0.001108	0.000000	0.000854
55	tsk_55	(x)	1	:	0.505751	0.000000	0.000000	0.000000	0.000000	0.000000	0.000000	0.000000	0.494160	0.000000	0.000000	0.000000	0.000000	0.000089
56	tsk_56	(x)	1	:	0.000000	0.000000	0.240472	0.156501	0.000000	0.000000	0.000000	0.500030	0.000000	0.000000	0.102997	0.000000	0.000000	0.000000
57	tsk_57	(x)	1	:	0.000000	0.000000	0.000000	0.000000	0.000000	0.499998	0.000000	0.500002	0.000000	0.000000	0.000000	0.000000	0.000000	0.000000
58	tsk_58	(x)	1	:	0.000000	0.000000	0.000000	0.000000	0.000000	0.000000	0.000000	0.000000	0.493066	0.000000	0.000000	0.504653	0.000000	0.002281
59	tsk_59	(x)	1	:	0.000000	0.000000	0.134738	0.242669	0.000000	0.000000	0.000000	0.000000	0.000000	0.000000	0.122119	0.004294	0.000000	0.496180
60	tsk_60	(x)	1	:	0.000000	0.470751	0.000000	0.000000	0.000000	0.000000	0.000000	0.468847	0.060402	0.000000	0.000000	0.000000	0.000000	0.000000
61	tsk_61	(x)	1	:	0.000000	0.472639	0.095141	0.292264	0.000000	0.000000	0.000000	0.000000	0.000000	0.000000	0.139956	0.000000	0.000000	0.000000
62	tsk_62	(x)	1	:	0.000000	1.000000	0.000000	0.000000	0.000000	0.000000	0.000000	0.000000	0.000000	0.000000	0.000000	0.000000	0.000000	0.000000
63	tsk_63	(x)	1	:	0.000000	0.000000	0.137057	0.596005	0.000000	0.000000	0.000000	0.000000	0.000000	0.000000	0.266938	0.000000	0.000000	0.000000
64	tsk_64	(x)	1	:	0.000000	0.000000	0.281052	0.139079	0.000000	0.000000	0.000000	0.500068	0.000000	0.000000	0.079801	0.000000	0.000000	0.000000
65	tsk_65	(x)	1	:	0.000000	0.472583	0.009267	0.006596	0.000000	0.000000	0.000000	0.000000	0.497988	0.000000	0.012534	0.000928	0.000000	0.000105
66	tsk_66	(x)	1	:	0.000000	0.472590	0.004620	0.007943	0.000000	0.000000	0.000000	0.000000	0.498218	0.000000	0.015899	0.000505	0.000000	0.000226
67	tsk_67	(x)	1	:	0.000000	0.472639	0.015326	0.338539	0.000000	0.000000	0.000000	0.000000	0.000000	0.000000	0.173496	0.000000	0.000000	0.000000
68	tsk_68	(x)	1	:	0.000000	0.471486	0.002003	0.020472	0.000000	0.497615	0.000000	0.000000	0.000000	0.000000	0.008424	0.000000	0.000000	0.000000
69	tsk_69	(x)	1	:	0.000000	1.000000	0.000000	0.000000	0.000000	0.000000	0.000000	0.000000	0.000000	0.000000	0.000000	0.000000	0.000000	0.000000
70	tsk_70	(x)	1	:	0.000000	0.000000	0.000000	0.000000	0.000000	0.000000	0.000000	0.501162	0.498837	0.000000	0.000000	0.000000	0.000000	0.000000
71	tsk_71	(x)	1	:	0.000000	0.000000	0.000000	0.000000	0.000000	0.000000	0.000000	0.508107	0.000000	0.491893	0.000000	0.000000	0.000000	0.000000
72	tsk_72	(x)	1	:	0.000000	0.000000	0.000000	0.000000	0.000000	0.000000	0.000000	0.005788	0.000000	0.493838	0.000000	0.500374	0.000000	0.000000
73	tsk_73	(x)	1	:	0.000000	0.511483	0.000000	0.000000	0.000000	0.000000	0.000000	0.000000	0.000000	0.488517	0.000000	0.000000	0.000000	0.000000
74	tsk_74	(x)	1	:	0.000000	0.000000	0.000000	0.000000	0.000000	0.000000	0.000000	0.000000	0.000000	0.498326	0.000000	0.003072	0.000000	0.498602
75	tsk_75	(x)	1	:	0.000000	0.000000	0.209161	0.129292	0.000000	0.000000	0.000000	0.000000	0.000000	0.000000	0.161546	0.500000	0.000000	0.000000
76	tsk_76	(x)	1	:	0.000000	0.511483	0.000000	0.000000	0.000000	0.000000	0.000000	0.000000	0.000000	0.488517	0.000000	0.000000	0.000000	0.000000
77	tsk_77	(x)	1	:	0.000000	0.000000	0.068957	0.188205	0.000000	0.000000	0.000000	0.000000	0.000000	0.000000	0.242838	0.500000	0.000000	0.000000
78	tsk_78	(x)	1	:	0.000000	0.000000	0.000000	0.000000	0.000000	0.000000	0.000000	0.004891	0.000000	0.494556	0.000000	0.500553	0.000000	0.000000
79	tsk_79	(x)	1	:	0.505761	0.000000	0.000000	0.000000	0.000000	0.000000	0.000000	0.000000	0.494170	0.000000	0.000000	0.000000	0.000000	0.000069
80	tsk_80	(x)	1	:	0.000000	0.000000	0.000000	0.000000	0.000000	0.000000	0.000000	0.000000	0.000000	0.000000	0.000000	0.000000	0.500000	0.500000
81	tsk_81	(x)	1	:	0.500000	0.000000	0.000000	0.000000	0.000000	0.000000	0.000000	0.000000	0.000000	0.000000	0.000000	0.000000	0.000000	0.500000
82	tsk_82	(x)	1	:	0.488182	0.000000	0.000000	0.000000	0.000000	0.000000	0.000000	0.000000	0.000000	0.000000	0.000000	0.000000	0.499327	0.012491
83	tsk_83	(x)	1	:	0.500036	0.000000	0.000000	0.000000	0.000000	0.000000	0.000000	0.000000	0.000002	0.000000	0.000000	0.000000	0.000000	0.499961
84	tsk_84	(x)	1	:	0.494122	0.000000	0.000000	0.000000	0.503808	0.000000	0.000000	0.000006	0.000000	0.000000	0.000000	0.000027	0.000000	0.002037
85	tsk_85	(x)	1	:	0.000000	0.472639	0.158404	0.171170	0.000000	0.000000	0.000000	0.000000	0.000000	0.000000	0.197787	0.000000	0.000000	0.000000
86	tsk_86	(x)	1	:	0.000000	0.472639	0.083995	0.300632	0.000000	0.000000	0.000000	0.000000	0.000000	0.000000	0.142734	0.000000	0.000000	0.000000
87	tsk_87	(x)	1	:	0.000000	0.000000	0.000000	0.000000	0.504107	0.000000	0.000000	0.000017	0.000000	0.000000	0.000000	0.002573	0.000000	0.493303
88	tsk_88	(x)	1	:	0.498688	0.000000	0.127373	0.092608	0.000000	0.000000	0.000000	0.000000	0.000000	0.000000	0.279718	0.001403	0.000000	0.000211
89	tsk_89	(x)	1	:	1.000000	0.000000	0.000000	0.000000	0.000000	0.000000	0.000000	0.000000	0.000000	0.000000	0.000000	0.000000	0.000000	0.000000
90	tsk_90	(x)	1	:	0.000000	0.000000	0.149041	0.184981	0.000000	0.000000	0.000000	0.007817	0.000000	0.492234	0.165928	0.000000	0.000000	0.000000
91	tsk_91	(x)	1	:	0.000000	0.000000	0.154991	0.172839	0.000000	0.000000	0.500000	0.000000	0.000000	0.000000	0.172169	0.000000	0.000000	0.000000
92	tsk_92	(x)	1	:	0.000000	0.000000	0.000000	0.000000	0.000000	0.000000	0.000000	0.500123	0.000000	0.000000	0.000000	0.000000	0.499877	0.000000
93	tsk_93	(x)	1	:	0.000000	0.000000	0.200787	0.169466	0.000000	0.000000	0.000000	0.005979	0.000000	0.493461	0.130307	0.000000	0.000000	0.000000
94	tsk_94	(x)	1	:	0.000000	0.000000	0.189543	0.235084	0.000000	0.499997	0.000000	0.000000	0.000000	0.000000	0.075376	0.000000	0.000000	0.000000
95	tsk_95	(x)	1	:	0.000000	0.000000	0.000000	0.000000	0.000000	0.000000	0.000000	1.000000	0.000000	0.000000	0.000000	0.000000	0.000000	0.000000
96	tsk_96	(x)	1	:	0.000000	0.000000	0.099708	0.112818	0.000000	0.000000	0.000000	0.000000	0.000000	0.000000	0.286743	0.006645	0.000000	0.494087
97	tsk_97	(x)	1	:	0.000000	0.000000	0.147977	0.331905	0.267747	0.000000	0.000000	0.232513	0.000000	0.000000	0.019858	0.000000	0.000000	0.000000
98	tsk_98	(x)	1	:	0.000000	0.000000	0.000000	0.000000	0.000000	0.000000	0.000000	0.000000	0.000000	0.498605	0.000000	0.000000	0.000000	0.501395
99	tsk_99	(x)	1	:	0.000000	0.000000	0.256910	0.114373	0.000000	0.000000	0.000000	0.500022	0.000000	0.000000	0.128695	0.000000	0.000000	0.000000
100	tsk_100	(x)	1	:	0.000000	0.000000	0.261321	0.125549	0.000000	0.000000	0.000000	0.500021	0.000000	0.000000	0.113109	0.000000	0.000000	0.000000
101	tsk_101	(x)	1	:	0.000000	0.000000	0.218058	0.146881	0.000000	0.000000	0.000000	0.500014	0.000000	0.000000	0.135046	0.000000	0.000000	0.000000
102	tsk_102	(x)	1	:	0.000000	0.000000	0.278987	0.144388	0.000000	0.000000	0.000000	0.500139	0.000000	0.000000	0.076486	0.000000	0.000000	0.000000
103	tsk_103	(x)	1	:	0.000000	0.000000	0.195551	0.116070	0.000000	0.000000	0.000000	0.000000	0.000000	0.000000	0.187907	0.004280	0.000000	0.496193
104	tsk_104	(x)	1	:	0.000000	0.000000	0.223747	0.558555	0.000000	0.000000	0.000000	0.000000	0.000000	0.000000	0.217698	0.000000	0.000000	0.000000
105	tsk_105	(x)	1	:	0.000000	0.000000	0.000000	0.000000	0.000000	0.000000	0.000000	1.000000	0.000000	0.000000	0.000000	0.000000	0.000000	0.000000
106	tsk_106	(x)	1	:	0.000000	0.000000	0.226684	0.071216	0.000000	0.000000	0.000000	0.500041	0.000000	0.000000	0.202059	0.000000	0.000000	0.000000
107	tsk_107	(x)	1	:	0.000000	0.472585	0.004132	0.013296	0.000000	0.000000	0.000000	0.000000	0.498069	0.000000	0.010993	0.000757	0.000000	0.000166
108	tsk_108	(x)	1	:	0.000000	0.000000	0.337083	0.069587	0.000000	0.000000	0.500000	0.000000	0.000000	0.000000	0.093330	0.000000	0.000000	0.000000
109	tsk_109	(x)	1	:	0.000000	0.000000	0.573898	0.326339	0.000000	0.000000	0.000000	0.000000	0.000000	0.000000	0.099763	0.000000	0.000000	0.000000
110	tsk_110	(x)	1	:	0.000000	0.000000	0.063927	0.041185	0.000000	0.000000	0.000000	0.000000	0.497775	0.000000	0.395825	0.000950	0.000000	0.000337
111	tsk_111	(x)	1	:	0.000000	0.000000	0.515536	0.227980	0.000000	0.000000	0.000000	0.000000	0.000000	0.000000	0.256484	0.000000	0.000000	0.000000
112	tsk_112	(x)	1	:	0.000000	0.000000	0.135722	0.163232	0.000000	0.000000	0.000000	0.500005	0.000000	0.000000	0.201041	0.000000	0.000000	0.000000
113	tsk_113	(x)	1	:	0.000000	0.000000	0.169433	0.154460	0.000000	0.000000	0.000000	0.000000	0.497950	0.000000	0.177062	0.000976	0.000000	0.000119
114	tsk_114	(x)	1	:	0.000000	0.000000	0.000000	0.000000	0.000000	0.000000	0.000000	0.000000	0.488436	0.000000	0.000000	0.000000	0.000000	0.511564
115	tsk_115	(x)	1	:	0.000000	0.000000	0.184058	0.168573	0.000000	0.000000	0.000000	0.000000	0.000000	0.000000	0.146810	0.005056	0.000000	0.495502
116	tsk_116	(x)	1	:	0.000000	0.000000	0.258580	0.093065	0.000000	0.000000	0.000000	0.000000	0.000000	0.000000	0.148356	0.500000	0.000000	0.000000
117	tsk_117	(x)	1	:	0.000000	0.000000	0.211573	0.072907	0.000000	0.000000	0.000000	0.000000	0.000000	0.000000	0.215520	0.000000	0.000000	0.500000
118	tsk_118	(x)	1	:	0.000000	0.475809	0.000001	0.000000	0.000000	0.000357	0.000000	0.000000	0.523831	0.000000	0.000001	0.000000	0.000000	0.000000
119	tsk_119	(x)	1	:	0.000000	0.000000	0.000000	0.000000	0.000000	0.000000	0.000000	0.501162	0.498837	0.000000	0.000000	0.000000	0.000000	0.000000
120	tsk_120	(x)	1	:	0.000000	0.000000	0.000000	0.000000	0.000000	0.000000	0.000000	0.000000	0.000000	0.000000	0.000000	0.500000	0.000000	0.499999
121	tsk_121	(x)	1	:	0.000000	0.000000	0.181747	0.103941	0.000000	0.000000	0.000000	0.000000	0.000000	0.000000	0.214312	0.500000	0.000000	0.000000
122	tsk_122	(x)	1	:	0.498480	0.000000	0.187221	0.107152	0.000000	0.000000	0.000000	0.000000	0.000000	0.000000	0.205322	0.001235	0.000000	0.000591
123	tsk_123	(x)	1	:	0.000000	0.000000	0.000000	0.000000	0.000000	0.000000	0.000000	0.000000	0.000000	0.000000	0.000000	1.000000	0.000000	0.000000
124	tsk_124	(x)	1	:	0.000000	0.000000	0.233969	0.174731	0.000000	0.000000	0.000000	0.000000	0.000000	0.000000	0.091300	0.500000	0.000000	0.000000
125	tsk_125	(x)	1	:	0.000000	0.000000	0.213966	0.492778	0.000000	0.000000	0.000000	0.000000	0.000000	0.000000	0.293256	0.000000	0.000000	0.000000
126	tsk_126	(x)	1	:	0.000000	0.000000	0.074586	0.247764	0.000000	0.000000	0.000000	0.000000	0.000000	0.000000	0.177650	0.500000	0.000000	0.000000
127	tsk_127	(x)	1	:	0.000000	0.000000	0.176541	0.696687	0.000000	0.000000	0.000000	0.000000	0.000000	0.000000	0.126772	0.000000	0.000000	0.000000
128	tsk_128	(x)	1	:	0.000000	0.000000	0.063141	0.424017	0.000000	0.000000	0.000000	0.000000	0.000000	0.000000	0.012842	0.000000	0.500000	0.000000
129	tsk_129	(x)	1	:	0.000000	0.000000	0.000000	0.000000	0.000000	0.000000	0.000000	0.000000	0.000000	0.000000	0.000000	1.000000	0.000000	0.000000
130	tsk_130	(x)	1	:	0.499992	0.000000	0.000000	0.000000	0.000000	0.000000	0.000000	0.000000	0.000000	0.000000	0.000000	0.000000	0.000000	0.500007
131	tsk_131	(x)	1	:	0.000000	0.494604	0.000000	0.000000	0.000000	0.000000	0.000000	0.000000	0.000000	0.000000	0.000000	0.004295	0.000000	0.501101
132	tsk_132	(x)	1	:	0.000000	0.000000	0.000000	0.000000	0.000000	0.000000	0.000000	0.000000	0.000000	0.000000	0.000000	0.000000	0.000000	1.000000
133	tsk_133	(x)	1	:	0.000000	0.000000	0.000000	0.000000	0.000000	0.000000	0.000000	0.000000	0.488438	0.000000	0.000000	0.000000	0.000000	0.511562
134	tsk_134	(x)	1	:	0.000000	0.000000	0.000000	0.000000	0.000000	0.000000	0.000000	0.000000	0.000000	0.000000	0.000000	0.000000	0.000000	1.000000
135	tsk_135	(x)	1	:	0.000000	0.000000	0.000000	0.000000	0.000000	0.000000	0.000000	0.000000	0.000000	0.000000	0.000000	0.000000	0.000000	1.000000
136	tsk_136	(x)	1	:	0.000000	0.000000	0.000000	0.000000	0.000000	0.000000	0.000000	0.000000	0.000000	0.000000	0.000000	0.000000	0.000000	1.000000
137	tsk_137	(x)	1	:	0.505767	0.000000	0.000000	0.000000	0.000000	0.000000	0.000000	0.000000	0.494176	0.000000	0.000000	0.000000	0.000000	0.000057
138	tsk_138	(x)	1	:	0.500000	0.000000	0.000000	0.000000	0.000000	0.000000	0.000000	0.000000	0.000000	0.000000	0.000000	0.000000	0.000000	0.500000
139	tsk_139	(x)	1	:	0.000000	0.000000	0.000000	0.000000	0.000000	0.500000	0.000000	0.000000	0.000000	0.000000	0.000000	0.000000	0.000000	0.500000
140	tsk_140	(x)	1	:	0.000000	0.494995	0.000000	0.000000	0.000000	0.000000	0.000000	0.000000	0.000000	0.000000	0.000000	0.000000	0.000000	0.505005
141	tsk_141	(x)	1	:	0.000000	0.490833	0.000000	0.000000	0.000000	0.000000	0.000000	0.509167	0.000000	0.000000	0.000000	0.000000	0.000000	0.000000
142	tsk_142	(x)	1	:	0.000000	0.000000	0.000000	0.000000	0.000000	0.000000	0.000000	0.000000	0.000000	0.000000	0.000000	0.000000	0.000000	1.000000
143	tsk_143	(x)	1	:	0.000000	1.000000	0.000000	0.000000	0.000000	0.000000	0.000000	0.000000	0.000000	0.000000	0.000000	0.000000	0.000000	0.000000
144	tsk_144	(x)	1	:	0.000000	0.000000	0.226988	0.085068	0.000000	0.000000	0.000000	0.000000	0.498292	0.000000	0.189000	0.000402	0.000000	0.000250
145	tsk_145	(x)	1	:	0.000000	0.000000	0.000000	0.000000	0.000000	0.000000	0.000000	0.000000	0.000000	0.000000	0.000000	0.000000	0.000000	1.000000
146	tsk_146	(x)	1	:	0.000000	0.000000	0.000000	0.000000	0.000000	0.000000	0.000000	0.000000	0.000000	0.000000	0.000000	0.000000	0.000000	1.000000
147	tsk_147	(x)	1	:	0.000000	1.000000	0.000000	0.000000	0.000000	0.000000	0.000000	0.000000	0.000000	0.000000	0.000000	0.000000	0.000000	0.000000
148	tsk_148	(x)	1	:	0.000000	0.000000	0.000000	0.000000	0.000000	0.000000	0.000000	0.000000	0.000000	0.000000	0.000000	0.000000	0.000000	1.000000
149	tsk_149	(x)	1	:	0.000000	0.511483	0.000000	0.000000	0.000000	0.000000	0.000000	0.000000	0.000000	0.488517	0.000000	0.000000	0.000000	0.000000
