logL = -2056.133030 (converged)
AIC = 6248.266061
BIC = 9463.624555

count.K
23 17 11 34 57 8 

