logL = -1099.350773 (converged)
AIC = 6012.701546
BIC = 11753.983052

count.K
24 0 17 0 2 22 13 6 8 18 40 

