logL = -1196.706677 (converged)
AIC = 7917.413354
BIC = 16232.788036

count.K
1 9 2 21 15 4 5 15 8 18 3 12 27 10 

