0	tsk_0	(x)	1	:	0.000000	0.000000	0.000000	0.208673	0.000000	0.000000	0.210002	0.000000	0.000000	0.439482	0.000000	0.141842
1	tsk_1	(x)	1	:	0.000000	0.499002	0.000000	0.015081	0.000000	0.000000	0.010653	0.000000	0.343043	0.000000	0.000000	0.132221
2	tsk_2	(x)	1	:	0.000000	0.000000	0.000000	0.258701	0.000000	0.000000	0.426272	0.000000	0.000000	0.000000	0.000000	0.315026
3	tsk_3	(x)	1	:	0.406942	0.000000	0.000000	0.147865	0.000000	0.000000	0.356433	0.000000	0.000000	0.000000	0.000000	0.088760
4	tsk_4	(x)	1	:	0.303384	0.000000	0.000000	0.180907	0.000000	0.000000	0.298193	0.000000	0.000000	0.000000	0.000000	0.217516
5	tsk_5	(x)	1	:	0.000000	0.000000	0.000000	0.468998	0.000000	0.000000	0.445990	0.000000	0.000000	0.000000	0.000000	0.085012
6	tsk_6	(x)	1	:	0.000000	0.000000	0.000000	0.060629	0.000000	0.000000	0.148295	0.000000	0.400712	0.312463	0.000000	0.077901
7	tsk_7	(x)	1	:	0.000000	0.000000	0.000000	0.430645	0.000000	0.000000	0.419588	0.000000	0.000000	0.000000	0.000000	0.149767
8	tsk_8	(x)	1	:	0.406942	0.000000	0.000000	0.200172	0.000000	0.000000	0.291814	0.000000	0.000000	0.000000	0.000000	0.101072
9	tsk_9	(x)	1	:	0.000000	0.498997	0.000000	0.114172	0.000000	0.000000	0.053787	0.000000	0.000000	0.000000	0.000000	0.333044
10	tsk_10	(x)	1	:	0.000000	0.498997	0.000000	0.034143	0.000000	0.000000	0.034544	0.000000	0.000000	0.000000	0.000000	0.432316
11	tsk_11	(x)	1	:	0.000000	0.498983	0.000000	0.004829	0.000000	0.000000	0.002429	0.000000	0.426868	0.000000	0.000000	0.066891
12	tsk_12	(x)	1	:	0.312852	0.458068	0.000000	0.000000	0.000000	0.000000	0.000000	0.000000	0.000000	0.000000	0.229081	0.000000
13	tsk_13	(x)	1	:	0.000000	0.494942	0.000000	0.017588	0.000000	0.406822	0.009408	0.000000	0.000000	0.000000	0.000000	0.071240
14	tsk_14	(x)	1	:	0.406942	0.000000	0.000000	0.146680	0.000000	0.000000	0.286604	0.000000	0.000000	0.000000	0.000000	0.159773
15	tsk_15	(x)	1	:	0.407033	0.000000	0.000000	0.036272	0.000000	0.000000	0.064900	0.000000	0.427240	0.000000	0.000000	0.064555
16	tsk_16	(x)	1	:	0.407435	0.499015	0.000000	0.004064	0.000000	0.000000	0.007444	0.000000	0.000000	0.000000	0.000000	0.082042
17	tsk_17	(x)	1	:	0.000000	0.498997	0.000000	0.055234	0.000000	0.000000	0.083217	0.000000	0.000000	0.000000	0.000000	0.362552
18	tsk_18	(x)	1	:	0.000000	0.000000	0.358798	0.211726	0.000000	0.000000	0.293730	0.000000	0.000000	0.000000	0.000000	0.135746
19	tsk_19	(x)	1	:	0.000000	0.498997	0.358785	0.038502	0.000000	0.000000	0.028734	0.000000	0.000000	0.000000	0.000000	0.074983
20	tsk_20	(x)	1	:	0.303384	0.000000	0.000000	0.210885	0.000000	0.000000	0.318062	0.000000	0.000000	0.000000	0.000000	0.167668
21	tsk_21	(x)	1	:	0.000000	0.493948	0.000000	0.000007	0.000000	0.505921	0.000015	0.000000	0.000000	0.000000	0.000000	0.000109
22	tsk_22	(x)	1	:	0.303384	0.000000	0.000000	0.209620	0.000000	0.000000	0.360751	0.000000	0.000000	0.000000	0.000000	0.126245
23	tsk_23	(x)	1	:	0.000000	0.498997	0.000000	0.123520	0.000000	0.000000	0.083122	0.000000	0.000000	0.000000	0.000000	0.294362
24	tsk_24	(x)	1	:	0.000000	0.442575	0.000000	0.014692	0.000000	0.000000	0.015878	0.000000	0.000000	0.000000	0.349484	0.177372
25	tsk_25	(x)	1	:	0.000000	0.448994	0.271170	0.000000	0.000000	0.000000	0.000000	0.000000	0.000000	0.000000	0.279835	0.000000
26	tsk_26	(x)	1	:	0.000000	0.442575	0.000000	0.013402	0.000000	0.000000	0.010135	0.000000	0.000000	0.000000	0.349484	0.184405
27	tsk_27	(x)	1	:	0.000000	0.000000	0.358798	0.238954	0.000000	0.000000	0.191383	0.000000	0.000000	0.000000	0.000000	0.210865
28	tsk_28	(x)	1	:	0.000000	0.493947	0.000000	0.000024	0.000000	0.505835	0.000014	0.000000	0.000000	0.000000	0.000000	0.000181
29	tsk_29	(x)	1	:	0.000000	0.404083	0.000000	0.000000	0.000000	0.000000	0.000000	0.000000	0.000000	0.000000	0.595917	0.000000
30	tsk_30	(x)	1	:	0.000000	0.000000	0.000000	0.000000	0.000000	0.000000	0.000000	0.000000	0.000000	1.000000	0.000000	0.000000
31	tsk_31	(x)	1	:	0.000000	0.000000	0.358792	0.070794	0.000000	0.000000	0.090164	0.000000	0.000000	0.439480	0.000000	0.040770
32	tsk_32	(x)	1	:	0.000000	0.000000	0.358798	0.123459	0.000000	0.000000	0.337101	0.000000	0.000000	0.000000	0.000000	0.180643
33	tsk_33	(x)	1	:	0.000000	0.000000	0.000000	0.214515	0.000000	0.000000	0.191761	0.000000	0.000000	0.439482	0.000000	0.154241
34	tsk_34	(x)	1	:	0.407129	0.000000	0.358965	0.068082	0.000000	0.000000	0.093925	0.000000	0.000000	0.000000	0.000000	0.071899
35	tsk_35	(x)	1	:	0.000000	0.000000	0.000000	0.543123	0.000000	0.000000	0.240053	0.000000	0.000000	0.000000	0.000000	0.216824
36	tsk_36	(x)	1	:	0.000000	0.000000	0.358798	0.167022	0.000000	0.000000	0.264835	0.000000	0.000000	0.000000	0.000000	0.209345
37	tsk_37	(x)	1	:	0.407256	0.000000	0.000000	0.088730	0.000000	0.000000	0.028569	0.000000	0.000000	0.439588	0.000000	0.035856
38	tsk_38	(x)	1	:	0.000000	0.000000	0.358798	0.172382	0.000000	0.000000	0.216543	0.000000	0.000000	0.000000	0.000000	0.252277
39	tsk_39	(x)	1	:	0.000000	0.000000	0.985679	0.003717	0.000000	0.000000	0.007443	0.000000	0.000000	0.000000	0.000000	0.003160
40	tsk_40	(x)	1	:	0.000000	0.000000	0.000000	0.277405	0.000000	0.000000	0.476419	0.000000	0.000000	0.000000	0.000000	0.246176
41	tsk_41	(x)	1	:	0.135639	0.000000	0.000000	0.000000	0.471140	0.000000	0.000000	0.000000	0.393222	0.000000	0.000000	0.000000
42	tsk_42	(x)	1	:	0.406942	0.000000	0.000000	0.268059	0.000000	0.000000	0.173330	0.000000	0.000000	0.000000	0.000000	0.151669
43	tsk_43	(x)	1	:	0.406942	0.000000	0.000000	0.310931	0.000000	0.000000	0.133731	0.000000	0.000000	0.000000	0.000000	0.148395
44	tsk_44	(x)	1	:	0.406942	0.000000	0.000000	0.256814	0.000000	0.000000	0.235159	0.000000	0.000000	0.000000	0.000000	0.101084
45	tsk_45	(x)	1	:	0.406942	0.000000	0.000000	0.250623	0.000000	0.000000	0.162364	0.000000	0.000000	0.000000	0.000000	0.180071
46	tsk_46	(x)	1	:	0.000000	0.000000	0.000000	0.061195	0.000000	0.000000	0.184848	0.000000	0.695206	0.000000	0.000000	0.058752
47	tsk_47	(x)	1	:	0.034054	0.000000	0.000000	0.000000	0.965945	0.000000	0.000000	0.000000	0.000000	0.000000	0.000000	0.000000
48	tsk_48	(x)	1	:	0.000000	0.000000	0.000000	0.104011	0.000000	0.000000	0.269828	0.000000	0.427221	0.000000	0.000000	0.198940
49	tsk_49	(x)	1	:	0.406942	0.000000	0.000000	0.312806	0.000000	0.000000	0.209748	0.000000	0.000000	0.000000	0.000000	0.070503
50	tsk_50	(x)	1	:	0.000000	0.000000	0.000000	0.111201	0.000000	0.000000	0.077512	0.000000	0.695206	0.000000	0.000000	0.116081
51	tsk_51	(x)	1	:	0.000000	0.000000	0.358798	0.096885	0.000000	0.000000	0.237548	0.000000	0.000000	0.126895	0.000000	0.179873
52	tsk_52	(x)	1	:	0.000000	0.000000	0.000000	0.174950	0.000000	0.000000	0.342894	0.000000	0.000000	0.233821	0.000000	0.248336
53	tsk_53	(x)	1	:	0.000000	0.000000	0.000000	0.388515	0.000000	0.000000	0.172058	0.000000	0.000000	0.233821	0.000000	0.205607
54	tsk_54	(x)	1	:	0.000000	0.000000	0.000000	0.149988	0.000000	0.000000	0.313594	0.000000	0.319781	0.110926	0.000000	0.105711
55	tsk_55	(x)	1	:	0.000000	0.000000	0.000000	0.296954	0.000000	0.000000	0.280015	0.000000	0.000000	0.233821	0.000000	0.189210
56	tsk_56	(x)	1	:	0.000000	0.000000	0.358798	0.240453	0.000000	0.000000	0.287457	0.000000	0.000000	0.000000	0.000000	0.113292
57	tsk_57	(x)	1	:	0.000000	0.000000	0.000000	0.176597	0.000000	0.000000	0.375373	0.000000	0.000000	0.126895	0.000000	0.321135
58	tsk_58	(x)	1	:	0.000000	0.499002	0.000000	0.031574	0.000000	0.000000	0.059138	0.000000	0.343043	0.000000	0.000000	0.067244
59	tsk_59	(x)	1	:	0.407626	0.000000	0.000000	0.015332	0.000000	0.000000	0.010167	0.555417	0.000000	0.000000	0.000000	0.011458
60	tsk_60	(x)	1	:	0.000000	0.000000	0.000000	0.351508	0.000000	0.000000	0.476830	0.000000	0.000000	0.000000	0.000000	0.171662
61	tsk_61	(x)	1	:	0.000000	0.000000	0.000000	0.233916	0.000000	0.000000	0.206146	0.000000	0.000000	0.439482	0.000000	0.120455
62	tsk_62	(x)	1	:	0.406942	0.000000	0.000000	0.181969	0.000000	0.000000	0.264162	0.000000	0.000000	0.000000	0.000000	0.146926
63	tsk_63	(x)	1	:	0.000000	0.000000	0.000000	0.378710	0.000000	0.000000	0.355899	0.000000	0.000000	0.000000	0.000000	0.265391
64	tsk_64	(x)	1	:	0.000000	0.000000	0.000000	0.131753	0.000000	0.000000	0.266955	0.000000	0.427221	0.000000	0.000000	0.174070
65	tsk_65	(x)	1	:	0.000000	0.000000	0.000000	0.131014	0.000000	0.000000	0.304433	0.000000	0.427221	0.000000	0.000000	0.137332
66	tsk_66	(x)	1	:	0.000000	0.000000	0.000000	0.264942	0.000000	0.000000	0.502927	0.000000	0.000000	0.000000	0.000000	0.232131
67	tsk_67	(x)	1	:	0.000000	0.000000	0.000000	0.149665	0.000000	0.000000	0.254989	0.000000	0.427221	0.000000	0.000000	0.168124
68	tsk_68	(x)	1	:	0.000000	1.000000	0.000000	0.000000	0.000000	0.000000	0.000000	0.000000	0.000000	0.000000	0.000000	0.000000
69	tsk_69	(x)	1	:	0.000000	0.000000	0.000000	0.404987	0.000000	0.000000	0.374998	0.000000	0.000000	0.000000	0.000000	0.220015
70	tsk_70	(x)	1	:	0.000000	0.498997	0.358785	0.022112	0.000000	0.000000	0.042935	0.000000	0.000000	0.000000	0.000000	0.077171
71	tsk_71	(x)	1	:	0.000000	0.000000	0.000000	0.114556	0.000000	0.000000	0.101903	0.000000	0.002623	0.676897	0.000000	0.104022
72	tsk_72	(x)	1	:	0.000000	0.000000	0.000000	0.173017	0.000000	0.000000	0.373609	0.000000	0.214001	0.000000	0.000000	0.239373
73	tsk_73	(x)	1	:	0.000000	0.000000	0.358798	0.242098	0.000000	0.000000	0.324410	0.000000	0.000000	0.000000	0.000000	0.074694
74	tsk_74	(x)	1	:	0.000000	0.000000	0.000000	0.316480	0.000000	0.000000	0.374359	0.000000	0.000000	0.000000	0.000000	0.309162
75	tsk_75	(x)	1	:	0.000000	0.000000	0.358782	0.116371	0.000000	0.000000	0.175945	0.000000	0.213984	0.000000	0.000000	0.134918
76	tsk_76	(x)	1	:	0.000000	0.507981	0.358785	0.017743	0.000000	0.000000	0.015655	0.000000	0.000000	0.000000	0.000000	0.099837
77	tsk_77	(x)	1	:	0.000000	0.000000	0.358771	0.033843	0.000000	0.000000	0.038373	0.000000	0.000000	0.531536	0.000000	0.037476
78	tsk_78	(x)	1	:	0.000000	0.000000	0.000000	0.260316	0.000000	0.000000	0.249604	0.000000	0.214001	0.000000	0.000000	0.276079
79	tsk_79	(x)	1	:	0.000000	0.000000	0.000000	0.214459	0.000000	0.000000	0.221354	0.000000	0.490450	0.000000	0.000000	0.073737
80	tsk_80	(x)	1	:	0.000000	0.000000	0.000000	0.422651	0.000000	0.000000	0.143752	0.000000	0.000000	0.000000	0.000000	0.433597
81	tsk_81	(x)	1	:	0.000000	0.000000	0.000000	0.518638	0.000000	0.000000	0.287510	0.000000	0.000000	0.000000	0.000000	0.193852
82	tsk_82	(x)	1	:	0.000000	0.000000	0.000000	0.620192	0.000000	0.000000	0.227488	0.000000	0.000000	0.000000	0.000000	0.152319
83	tsk_83	(x)	1	:	0.000000	0.000000	0.000000	0.239561	0.000000	0.000000	0.333845	0.000000	0.175523	0.000000	0.000000	0.251071
84	tsk_84	(x)	1	:	0.000000	0.000000	0.000000	0.315826	0.000000	0.000000	0.428105	0.000000	0.000000	0.000000	0.000000	0.256069
85	tsk_85	(x)	1	:	0.000000	0.000000	0.000000	0.140575	0.000000	0.000000	0.230789	0.000000	0.000000	0.531545	0.000000	0.097090
86	tsk_86	(x)	1	:	0.000000	0.000000	0.000000	0.331402	0.282096	0.000000	0.247351	0.000000	0.000000	0.000000	0.000000	0.139151
87	tsk_87	(x)	1	:	0.406942	0.000000	0.000000	0.179665	0.000000	0.000000	0.317719	0.000000	0.000000	0.000000	0.000000	0.095673
88	tsk_88	(x)	1	:	0.000000	0.000000	0.000000	0.150102	0.000000	0.000000	0.484339	0.000000	0.000000	0.000000	0.000000	0.365559
89	tsk_89	(x)	1	:	0.000000	0.000000	0.000000	0.422927	0.000000	0.000000	0.361847	0.000000	0.000000	0.000000	0.000000	0.215226
90	tsk_90	(x)	1	:	0.000000	0.000000	0.292636	0.287891	0.000000	0.000000	0.276378	0.000000	0.000000	0.000000	0.000000	0.143094
91	tsk_91	(x)	1	:	0.000000	0.000000	0.000000	0.233109	0.000000	0.000000	0.205212	0.000000	0.427221	0.000000	0.000000	0.134458
92	tsk_92	(x)	1	:	0.000000	0.000000	0.000000	0.449375	0.000000	0.000000	0.415220	0.000000	0.000000	0.000000	0.000000	0.135405
93	tsk_93	(x)	1	:	0.000000	0.000000	0.000000	0.129950	0.000000	0.000000	0.277553	0.000000	0.427221	0.000000	0.000000	0.165277
94	tsk_94	(x)	1	:	0.303384	0.000000	0.000000	0.309127	0.000000	0.000000	0.243886	0.000000	0.000000	0.000000	0.000000	0.143603
95	tsk_95	(x)	1	:	0.000000	0.000000	0.358798	0.246160	0.000000	0.000000	0.180812	0.000000	0.000000	0.000000	0.000000	0.214231
96	tsk_96	(x)	1	:	0.000000	0.000000	0.292649	0.128850	0.000000	0.000000	0.188237	0.000000	0.343009	0.000000	0.000000	0.047256
97	tsk_97	(x)	1	:	0.000000	0.000000	0.000000	0.375897	0.000000	0.000000	0.393022	0.000000	0.000000	0.000000	0.000000	0.231081
98	tsk_98	(x)	1	:	0.000000	0.000000	0.000000	0.062399	0.000000	0.000000	0.315994	0.000000	0.427221	0.000000	0.000000	0.194386
99	tsk_99	(x)	1	:	0.000000	0.000000	0.000000	0.048464	0.000000	0.000000	0.209408	0.485357	0.213958	0.000000	0.000000	0.042813
100	tsk_100	(x)	1	:	0.000000	0.498997	0.000000	0.075525	0.000000	0.000000	0.055854	0.000000	0.000000	0.000000	0.000000	0.369624
101	tsk_101	(x)	1	:	0.000000	0.000000	0.000000	0.329570	0.000000	0.000000	0.486405	0.000000	0.000000	0.000000	0.000000	0.184025
102	tsk_102	(x)	1	:	0.286097	0.000000	0.000000	0.160082	0.000000	0.000000	0.305132	0.000000	0.000000	0.000000	0.000000	0.248689
103	tsk_103	(x)	1	:	0.000000	0.000000	0.000000	0.443355	0.000000	0.000000	0.370513	0.000000	0.000000	0.000000	0.000000	0.186132
104	tsk_104	(x)	1	:	0.000000	0.000000	0.000000	0.270328	0.000000	0.000000	0.574173	0.000000	0.000000	0.000000	0.000000	0.155499
105	tsk_105	(x)	1	:	0.000000	0.000000	0.000000	0.191141	0.000000	0.000000	0.182889	0.485511	0.000000	0.000000	0.000000	0.140459
106	tsk_106	(x)	1	:	0.000000	0.000000	0.000000	0.368897	0.000000	0.000000	0.424527	0.000000	0.000000	0.000000	0.000000	0.206575
107	tsk_107	(x)	1	:	0.000000	0.000000	0.000000	0.411632	0.000000	0.000000	0.365378	0.000000	0.000000	0.000000	0.000000	0.222989
108	tsk_108	(x)	1	:	0.000000	0.000000	0.000000	0.341022	0.000000	0.000000	0.467757	0.000000	0.000000	0.000000	0.000000	0.191221
109	tsk_109	(x)	1	:	0.000000	0.000000	0.000000	0.532199	0.000000	0.000000	0.370707	0.000000	0.000000	0.000000	0.000000	0.097094
110	tsk_110	(x)	1	:	0.000000	0.000000	0.000000	0.203617	0.000000	0.000000	0.220808	0.485511	0.000000	0.000000	0.000000	0.090064
111	tsk_111	(x)	1	:	0.000000	0.498405	0.000000	0.001968	0.000000	0.000000	0.002179	0.484487	0.000000	0.000000	0.000000	0.012961
112	tsk_112	(x)	1	:	0.000000	0.000000	0.000000	0.230806	0.000000	0.000000	0.082184	0.485511	0.000000	0.000000	0.000000	0.201499
113	tsk_113	(x)	1	:	0.000000	0.498997	0.000000	0.100431	0.000000	0.000000	0.067350	0.000000	0.000000	0.000000	0.000000	0.333222
114	tsk_114	(x)	1	:	0.000000	0.000000	0.000000	0.144564	0.000000	0.000000	0.236967	0.485511	0.000000	0.000000	0.000000	0.132958
115	tsk_115	(x)	1	:	0.000000	0.498409	0.000000	0.002116	0.000000	0.000000	0.002152	0.484633	0.000000	0.000000	0.000000	0.012690
116	tsk_116	(x)	1	:	0.000000	0.498405	0.000000	0.002425	0.000000	0.000000	0.001513	0.484479	0.000000	0.000000	0.000000	0.013178
117	tsk_117	(x)	1	:	0.000000	0.000000	0.000000	0.021770	0.000000	0.000000	0.020482	0.733676	0.000000	0.000000	0.000000	0.224073
118	tsk_118	(x)	1	:	0.000000	0.000000	0.000000	0.473107	0.000000	0.000000	0.198406	0.000000	0.000000	0.000000	0.000000	0.328486
119	tsk_119	(x)	1	:	0.000000	0.495681	0.000000	0.000000	0.000000	0.000000	0.000000	0.000000	0.000000	0.504318	0.000000	0.000000
120	tsk_120	(x)	1	:	0.000000	0.000000	0.985595	0.002915	0.000000	0.000000	0.008956	0.000000	0.000000	0.000000	0.000000	0.002534
121	tsk_121	(x)	1	:	0.000000	0.000000	0.000000	0.000000	0.000000	0.000000	0.000000	0.000000	0.000000	1.000000	0.000000	0.000000
122	tsk_122	(x)	1	:	0.000000	0.000000	0.000000	0.240303	0.000000	0.000000	0.134855	0.000000	0.000000	0.439482	0.000000	0.185360
123	tsk_123	(x)	1	:	0.000000	0.000000	0.000000	0.259512	0.000000	0.000000	0.339850	0.000000	0.214001	0.000000	0.000000	0.186637
124	tsk_124	(x)	1	:	0.000000	0.000000	0.358792	0.064369	0.000000	0.000000	0.111933	0.000000	0.000000	0.439480	0.000000	0.025426
125	tsk_125	(x)	1	:	0.000000	0.000000	0.000000	0.000000	0.000000	0.000000	0.000000	0.000000	0.000000	1.000000	0.000000	0.000000
126	tsk_126	(x)	1	:	0.000000	0.000000	0.000000	0.000000	0.000000	0.000000	0.000000	0.000000	0.000000	1.000000	0.000000	0.000000
127	tsk_127	(x)	1	:	0.000000	0.000000	0.000000	0.140124	0.000000	0.000000	0.273185	0.000000	0.000000	0.439482	0.000000	0.147208
128	tsk_128	(x)	1	:	0.000000	0.000000	0.000000	0.000000	0.000000	0.000000	0.000000	0.000000	0.000000	1.000000	0.000000	0.000000
129	tsk_129	(x)	1	:	0.000000	0.000000	0.000000	0.213594	0.000000	0.000000	0.180924	0.000000	0.000000	0.439482	0.000000	0.165999
130	tsk_130	(x)	1	:	0.000000	0.498425	0.000000	0.000897	0.000000	0.000000	0.003332	0.485276	0.000000	0.000000	0.000000	0.012071
131	tsk_131	(x)	1	:	0.406942	0.000000	0.000000	0.176344	0.000000	0.000000	0.206544	0.000000	0.000000	0.000000	0.000000	0.210169
132	tsk_132	(x)	1	:	0.000000	0.000000	0.000000	0.577262	0.000000	0.000000	0.237531	0.000000	0.000000	0.000000	0.000000	0.185208
133	tsk_133	(x)	1	:	0.303407	0.000000	0.000000	0.064369	0.000000	0.000000	0.079828	0.485592	0.000000	0.000000	0.000000	0.066803
134	tsk_134	(x)	1	:	0.000000	0.000000	0.000000	0.386808	0.000000	0.000000	0.269830	0.000000	0.000000	0.000000	0.000000	0.343362
135	tsk_135	(x)	1	:	0.406942	0.000000	0.000000	0.148899	0.000000	0.000000	0.262541	0.000000	0.000000	0.000000	0.000000	0.181617
136	tsk_136	(x)	1	:	0.000000	0.000000	0.000000	0.177547	0.000000	0.000000	0.161221	0.485511	0.000000	0.000000	0.000000	0.175722
137	tsk_137	(x)	1	:	0.000000	0.498997	0.000000	0.066697	0.000000	0.000000	0.055162	0.000000	0.000000	0.000000	0.000000	0.379144
138	tsk_138	(x)	1	:	0.303384	0.000000	0.000000	0.286099	0.000000	0.000000	0.175019	0.000000	0.000000	0.000000	0.000000	0.235497
139	tsk_139	(x)	1	:	0.000000	0.000000	0.000000	0.347910	0.000000	0.000000	0.405799	0.000000	0.000000	0.000000	0.000000	0.246291
140	tsk_140	(x)	1	:	0.000000	0.000000	0.292636	0.220692	0.000000	0.000000	0.339490	0.000000	0.000000	0.000000	0.000000	0.147181
141	tsk_141	(x)	1	:	0.000000	0.000000	0.500000	0.253127	0.000000	0.000000	0.148069	0.000000	0.000000	0.000000	0.000000	0.098804
142	tsk_142	(x)	1	:	0.407084	0.000000	0.292722	0.094468	0.000000	0.000000	0.078015	0.000000	0.000000	0.000000	0.000000	0.127712
143	tsk_143	(x)	1	:	0.000000	0.000000	0.609114	0.065346	0.000000	0.000000	0.233580	0.000000	0.000000	0.000000	0.000000	0.091960
144	tsk_144	(x)	1	:	0.000000	0.000000	0.292621	0.060154	0.000000	0.000000	0.101219	0.485482	0.000000	0.000000	0.000000	0.060525
145	tsk_145	(x)	1	:	0.000000	0.000000	0.292636	0.322294	0.000000	0.000000	0.255705	0.000000	0.000000	0.000000	0.000000	0.129364
146	tsk_146	(x)	1	:	0.000000	0.000000	0.292612	0.151753	0.000000	0.000000	0.000504	0.554819	0.000000	0.000000	0.000000	0.000313
147	tsk_147	(x)	1	:	0.000000	0.000000	0.292636	0.158376	0.000000	0.000000	0.373005	0.000000	0.000000	0.000000	0.000000	0.175982
148	tsk_148	(x)	1	:	0.000000	0.000000	0.500000	0.133555	0.000000	0.000000	0.279653	0.000000	0.000000	0.000000	0.000000	0.086792
149	tsk_149	(x)	1	:	0.000000	0.000000	0.609114	0.108321	0.000000	0.000000	0.208279	0.000000	0.000000	0.000000	0.000000	0.074286
