logL = -1742.270114 (converged)
AIC = 6208.540227
BIC = 10309.025498

count.K
17 14 39 20 2 5 5 48 

