logL = -866.293915 (converged)
AIC = 6752.587829
BIC = 14309.282417

count.K
8 14 3 4 4 7 68 2 16 3 15 2 1 3 

