logL = -1368.152311 (converged)
AIC = 3908.304621
BIC = 5672.536904

count.K
57 26 49 18 

