logL = -1840.100174 (converged)
AIC = 5744.200348
BIC = 8851.175971

count.K
32 31 30 17 17 23 

