logL = -690.630286 (converged)
AIC = 5683.260573
BIC = 12159.137091

count.K
46 3 3 1 19 6 9 2 38 2 3 2 16 

