logL = -1412.914953 (converged)
AIC = 8209.829906
BIC = 16314.460117

count.K
8 1 3 5 4 18 53 10 8 26 1 8 0 5 

