logL = -1672.675602 (converged)
AIC = 7165.351203
BIC = 12915.664615

count.K
1 13 12 11 3 18 37 2 8 45 

