0	tsk_0	(x)	1	:	0.000000	0.000000	0.499872	0.000000	0.000000	0.000000	0.000000	0.000000	0.320827	0.000000	0.179300	0.000000
1	tsk_1	(x)	1	:	0.554452	0.000000	0.000000	0.445548	0.000000	0.000000	0.000000	0.000000	0.000000	0.000000	0.000000	0.000000
2	tsk_2	(x)	1	:	0.000000	0.000000	0.000000	0.000000	0.000000	0.000000	0.000000	0.000000	0.000000	0.229074	0.325037	0.445889
3	tsk_3	(x)	1	:	0.000000	0.000000	0.000000	0.000000	0.000000	0.000000	0.498966	0.000000	0.001643	0.175943	0.000000	0.323448
4	tsk_4	(x)	1	:	0.000000	0.000000	0.000000	0.000000	0.000000	0.000000	1.000000	0.000000	0.000000	0.000000	0.000000	0.000000
5	tsk_5	(x)	1	:	0.000000	0.510589	0.000000	0.489411	0.000000	0.000000	0.000000	0.000000	0.000000	0.000000	0.000000	0.000000
6	tsk_6	(x)	1	:	0.000000	0.000000	0.000000	0.491832	0.000000	0.000000	0.508168	0.000000	0.000000	0.000000	0.000000	0.000000
7	tsk_7	(x)	1	:	0.000000	0.000000	0.509208	0.490791	0.000000	0.000000	0.000000	0.000000	0.000000	0.000000	0.000000	0.000000
8	tsk_8	(x)	1	:	0.000000	0.000000	0.000000	0.000000	0.000000	0.000000	0.498971	0.000000	0.001529	0.245114	0.000000	0.254387
9	tsk_9	(x)	1	:	0.000000	0.000000	0.000000	0.503628	0.000000	0.000000	0.496371	0.000000	0.000000	0.000000	0.000000	0.000000
10	tsk_10	(x)	1	:	0.000000	0.000000	1.000000	0.000000	0.000000	0.000000	0.000000	0.000000	0.000000	0.000000	0.000000	0.000000
11	tsk_11	(x)	1	:	0.000000	0.000000	0.509846	0.000000	0.000000	0.000000	0.000000	0.000000	0.000000	0.000000	0.490154	0.000000
12	tsk_12	(x)	1	:	0.000000	0.000000	0.000000	0.510275	0.000000	0.000000	0.000000	0.000000	0.000123	0.164485	0.000000	0.325117
13	tsk_13	(x)	1	:	0.000000	0.000000	0.000000	0.000000	0.000000	0.000000	0.000000	0.000000	0.492946	0.160682	0.000000	0.346372
14	tsk_14	(x)	1	:	0.000000	0.000000	0.500024	0.000000	0.000000	0.000000	0.000000	0.000000	0.499976	0.000000	0.000000	0.000000
15	tsk_15	(x)	1	:	0.409673	0.000000	0.500020	0.000000	0.000000	0.000000	0.000000	0.000000	0.090307	0.000000	0.000000	0.000000
16	tsk_16	(x)	1	:	0.000000	0.000000	0.500024	0.000000	0.000000	0.000000	0.000000	0.000000	0.499976	0.000000	0.000000	0.000000
17	tsk_17	(x)	1	:	0.000000	0.000000	0.493586	0.506413	0.000000	0.000000	0.000000	0.000000	0.000000	0.000000	0.000000	0.000000
18	tsk_18	(x)	1	:	0.000000	0.000000	0.509846	0.000000	0.000000	0.000000	0.000000	0.000000	0.000000	0.000000	0.490154	0.000000
19	tsk_19	(x)	1	:	0.000000	0.000000	0.000000	0.518138	0.000000	0.000000	0.000000	0.481862	0.000000	0.000000	0.000000	0.000000
20	tsk_20	(x)	1	:	0.000000	0.000000	0.000000	0.000000	0.000000	0.000000	0.000000	0.500704	0.499295	0.000000	0.000000	0.000000
21	tsk_21	(x)	1	:	0.000000	0.000000	0.000000	0.479602	0.000000	0.000000	0.000000	0.000000	0.013989	0.312495	0.000000	0.193914
22	tsk_22	(x)	1	:	0.000000	0.000000	0.499618	0.000000	0.000000	0.000000	0.000000	0.000000	0.001474	0.258802	0.000000	0.240106
23	tsk_23	(x)	1	:	0.000000	0.000000	0.000000	0.000000	0.000000	0.000000	0.000000	0.000000	0.492950	0.309423	0.000000	0.197626
24	tsk_24	(x)	1	:	0.000000	0.000000	0.000000	0.479602	0.000000	0.000000	0.000000	0.000000	0.013985	0.257590	0.000000	0.248823
25	tsk_25	(x)	1	:	0.000000	0.499937	0.000000	0.000000	0.000000	0.000000	0.000000	0.000000	0.001411	0.071916	0.000000	0.426736
26	tsk_26	(x)	1	:	0.000000	1.000000	0.000000	0.000000	0.000000	0.000000	0.000000	0.000000	0.000000	0.000000	0.000000	0.000000
27	tsk_27	(x)	1	:	0.000000	0.499941	0.000000	0.000000	0.000000	0.000000	0.000000	0.000000	0.001307	0.153805	0.000000	0.344947
28	tsk_28	(x)	1	:	0.000000	0.000000	0.000000	0.000000	0.000000	0.000000	0.000000	0.000000	0.000000	0.217830	0.000000	0.782170
29	tsk_29	(x)	1	:	0.000000	0.000000	0.000000	0.000000	0.000000	0.000000	0.000000	0.000000	1.000000	0.000000	0.000000	0.000000
30	tsk_30	(x)	1	:	0.000000	0.000000	0.000000	0.000000	0.000000	0.000000	0.499160	0.000000	0.321540	0.000000	0.179300	0.000000
31	tsk_31	(x)	1	:	0.000000	0.000000	0.000000	0.479605	0.000000	0.000000	0.000000	0.000000	0.013950	0.277930	0.000000	0.228515
32	tsk_32	(x)	1	:	0.000000	0.000000	0.499872	0.000000	0.000000	0.000000	0.000000	0.000000	0.320827	0.000000	0.179300	0.000000
33	tsk_33	(x)	1	:	0.000000	0.000000	0.000000	0.000000	0.000000	0.000000	0.498969	0.000000	0.001584	0.149776	0.000000	0.349671
34	tsk_34	(x)	1	:	0.000000	0.000000	0.000000	0.000000	0.000000	0.000000	0.000000	0.000000	0.496022	0.043482	0.279343	0.181153
35	tsk_35	(x)	1	:	0.000000	0.000000	0.000000	0.000000	0.000000	0.000000	0.000000	0.000000	0.000000	0.259031	0.000000	0.740969
36	tsk_36	(x)	1	:	0.000000	0.000000	0.000000	0.000000	0.000000	0.000000	0.498971	0.000000	0.001526	0.179830	0.000000	0.319674
37	tsk_37	(x)	1	:	0.000000	0.000000	0.000000	0.000000	0.000000	0.000000	0.498970	0.000000	0.001542	0.170048	0.000000	0.329439
38	tsk_38	(x)	1	:	0.000000	0.000000	0.000000	0.000000	0.000000	0.000000	1.000000	0.000000	0.000000	0.000000	0.000000	0.000000
39	tsk_39	(x)	1	:	0.000000	0.000000	0.000000	0.000000	0.000000	0.000000	0.000000	0.000000	0.820199	0.000000	0.179801	0.000000
40	tsk_40	(x)	1	:	0.000000	0.000000	0.000000	0.000000	0.000000	0.000000	0.000000	0.000000	1.000000	0.000000	0.000000	0.000000
41	tsk_41	(x)	1	:	0.000000	0.000000	0.000000	0.000000	0.000000	0.318867	0.000000	0.000000	0.492816	0.043513	0.000000	0.144804
42	tsk_42	(x)	1	:	0.000000	0.500335	0.000000	0.000000	0.000000	0.000000	0.000000	0.000000	0.499664	0.000000	0.000000	0.000000
43	tsk_43	(x)	1	:	0.000000	0.000000	0.496531	0.503469	0.000000	0.000000	0.000000	0.000000	0.000000	0.000000	0.000000	0.000000
44	tsk_44	(x)	1	:	0.000000	0.000000	0.000000	0.000000	0.000000	0.318868	0.000000	0.000000	0.492816	0.083263	0.000000	0.105053
45	tsk_45	(x)	1	:	0.000000	1.000000	0.000000	0.000000	0.000000	0.000000	0.000000	0.000000	0.000000	0.000000	0.000000	0.000000
46	tsk_46	(x)	1	:	0.000000	0.000000	0.500024	0.000000	0.000000	0.000000	0.000000	0.000000	0.499976	0.000000	0.000000	0.000000
47	tsk_47	(x)	1	:	0.000000	0.504844	0.000000	0.000000	0.000000	0.000000	0.495156	0.000000	0.000000	0.000000	0.000000	0.000000
48	tsk_48	(x)	1	:	0.000000	0.000000	0.000000	0.000000	0.000000	0.000000	0.000000	0.000000	1.000000	0.000000	0.000000	0.000000
49	tsk_49	(x)	1	:	0.000000	0.000000	0.000000	0.000000	0.000000	0.000000	0.498947	0.501053	0.000000	0.000000	0.000000	0.000000
50	tsk_50	(x)	1	:	0.000000	0.000000	0.000000	0.479603	0.000000	0.000000	0.000000	0.000000	0.013974	0.251507	0.000000	0.254916
51	tsk_51	(x)	1	:	0.000000	0.000000	0.000000	0.000000	0.000000	0.000000	0.000000	0.000000	0.000000	0.802477	0.000000	0.197523
52	tsk_52	(x)	1	:	0.000000	0.000000	0.000000	0.000000	0.000000	0.000000	0.000000	0.000000	0.000000	0.263825	0.000000	0.736175
53	tsk_53	(x)	1	:	0.000000	0.000000	0.000000	0.000000	0.000000	0.000000	0.000000	0.000000	0.000000	0.705400	0.000000	0.294600
54	tsk_54	(x)	1	:	0.000000	0.000000	0.000000	0.000000	0.000000	0.000000	0.000000	0.000000	0.000000	0.149979	0.000000	0.850021
55	tsk_55	(x)	1	:	0.409643	0.000000	0.000000	0.000000	0.000000	0.000000	0.000000	0.000000	0.083426	0.282077	0.000000	0.224854
56	tsk_56	(x)	1	:	0.000000	0.000000	0.000000	0.000000	0.000000	0.000000	0.000000	0.000000	0.000000	0.490307	0.000000	0.509693
57	tsk_57	(x)	1	:	0.000000	0.000000	0.000000	0.479603	0.000000	0.000000	0.000000	0.000000	0.013978	0.253025	0.000000	0.253394
58	tsk_58	(x)	1	:	0.000000	0.000000	0.000000	0.000000	0.000000	0.000000	0.000000	0.000000	0.000000	0.685409	0.000000	0.314591
59	tsk_59	(x)	1	:	0.000000	0.000000	0.000000	0.000000	0.000000	0.000000	0.000000	0.000000	0.000000	0.671719	0.000000	0.328281
60	tsk_60	(x)	1	:	0.000000	0.000000	0.000000	0.000000	0.000000	0.000000	0.000000	0.000000	0.000000	0.582384	0.000000	0.417616
61	tsk_61	(x)	1	:	0.554452	0.000000	0.000000	0.445548	0.000000	0.000000	0.000000	0.000000	0.000000	0.000000	0.000000	0.000000
62	tsk_62	(x)	1	:	0.000000	0.000000	0.000000	0.488930	0.511069	0.000000	0.000000	0.000000	0.000000	0.000000	0.000000	0.000000
63	tsk_63	(x)	1	:	0.000000	0.000000	0.000000	0.479663	0.000000	0.000000	0.000000	0.000000	0.520337	0.000000	0.000000	0.000000
64	tsk_64	(x)	1	:	0.000000	0.000000	0.000000	0.479603	0.000000	0.000000	0.000000	0.000000	0.013978	0.285787	0.000000	0.220632
65	tsk_65	(x)	1	:	0.000000	0.000000	0.000000	0.488930	0.511069	0.000000	0.000000	0.000000	0.000000	0.000000	0.000000	0.000000
66	tsk_66	(x)	1	:	0.000000	0.000000	0.499618	0.000000	0.000000	0.000000	0.000000	0.000000	0.001466	0.310997	0.000000	0.187918
67	tsk_67	(x)	1	:	0.000000	0.000000	0.000000	0.000000	0.000000	0.000000	0.000000	0.000000	0.000000	0.412403	0.000000	0.587597
68	tsk_68	(x)	1	:	0.000000	0.000000	0.000000	0.000000	0.000000	0.000000	0.000000	0.000000	0.000000	0.220306	0.325031	0.454663
69	tsk_69	(x)	1	:	0.000000	0.000000	0.000000	0.479511	0.000000	0.000000	0.000000	0.000000	0.016041	0.074140	0.329010	0.101298
70	tsk_70	(x)	1	:	0.409672	0.000000	0.000000	0.000000	0.000000	0.000000	0.000000	0.500696	0.089631	0.000000	0.000000	0.000000
71	tsk_71	(x)	1	:	0.000000	0.000000	0.000000	1.000000	0.000000	0.000000	0.000000	0.000000	0.000000	0.000000	0.000000	0.000000
72	tsk_72	(x)	1	:	0.409672	0.000000	0.000000	0.000000	0.000000	0.000000	0.000000	0.500696	0.089632	0.000000	0.000000	0.000000
73	tsk_73	(x)	1	:	0.409758	0.000000	0.000000	0.000000	0.000000	0.000000	0.000000	0.000000	0.590242	0.000000	0.000000	0.000000
74	tsk_74	(x)	1	:	0.409668	0.000000	0.000000	0.511920	0.000000	0.000000	0.000000	0.000000	0.078412	0.000000	0.000000	0.000000
75	tsk_75	(x)	1	:	0.000000	0.000000	0.000000	1.000000	0.000000	0.000000	0.000000	0.000000	0.000000	0.000000	0.000000	0.000000
76	tsk_76	(x)	1	:	0.409758	0.000000	0.000000	0.000000	0.000000	0.000000	0.000000	0.000000	0.590242	0.000000	0.000000	0.000000
77	tsk_77	(x)	1	:	0.000000	0.000000	0.000000	0.518138	0.000000	0.000000	0.000000	0.481862	0.000000	0.000000	0.000000	0.000000
78	tsk_78	(x)	1	:	1.000000	0.000000	0.000000	0.000000	0.000000	0.000000	0.000000	0.000000	0.000000	0.000000	0.000000	0.000000
79	tsk_79	(x)	1	:	0.409758	0.000000	0.000000	0.000000	0.000000	0.000000	0.000000	0.000000	0.590242	0.000000	0.000000	0.000000
80	tsk_80	(x)	1	:	0.000000	0.000000	0.499620	0.000000	0.000000	0.000000	0.000000	0.000000	0.001441	0.255797	0.000000	0.243143
81	tsk_81	(x)	1	:	0.000000	0.000000	0.000000	0.510275	0.000000	0.000000	0.000000	0.000000	0.000120	0.161082	0.000000	0.328523
82	tsk_82	(x)	1	:	0.000000	0.000000	0.493586	0.506413	0.000000	0.000000	0.000000	0.000000	0.000000	0.000000	0.000000	0.000000
83	tsk_83	(x)	1	:	0.000000	0.000000	1.000000	0.000000	0.000000	0.000000	0.000000	0.000000	0.000000	0.000000	0.000000	0.000000
84	tsk_84	(x)	1	:	0.000000	0.000000	0.000000	0.510276	0.000000	0.000000	0.000000	0.000000	0.000120	0.233568	0.000000	0.256036
85	tsk_85	(x)	1	:	0.000000	0.000000	1.000000	0.000000	0.000000	0.000000	0.000000	0.000000	0.000000	0.000000	0.000000	0.000000
86	tsk_86	(x)	1	:	0.000000	0.000000	0.000000	0.510270	0.000000	0.318877	0.000000	0.000000	0.000063	0.098648	0.000000	0.072142
87	tsk_87	(x)	1	:	0.000000	0.000000	0.000000	0.518138	0.000000	0.000000	0.000000	0.481862	0.000000	0.000000	0.000000	0.000000
88	tsk_88	(x)	1	:	0.000000	0.000000	0.499654	0.000000	0.000000	0.000000	0.000000	0.500346	0.000000	0.000000	0.000000	0.000000
89	tsk_89	(x)	1	:	0.000000	0.000000	0.000000	0.505253	0.000000	0.000000	0.000000	0.000000	0.000484	0.229570	0.000000	0.264692
90	tsk_90	(x)	1	:	0.000000	0.000000	0.000000	0.510276	0.000000	0.000000	0.000000	0.000000	0.000115	0.293767	0.000000	0.195842
91	tsk_91	(x)	1	:	0.000000	0.000000	0.000000	0.000000	0.000000	0.000000	0.000000	0.499861	0.001545	0.363272	0.000000	0.135321
92	tsk_92	(x)	1	:	0.000000	0.000000	0.493586	0.506413	0.000000	0.000000	0.000000	0.000000	0.000000	0.000000	0.000000	0.000000
93	tsk_93	(x)	1	:	0.000000	0.000000	0.499618	0.000000	0.000000	0.000000	0.000000	0.000000	0.001477	0.206385	0.000000	0.292520
94	tsk_94	(x)	1	:	0.000000	0.000000	0.000000	0.000000	0.000000	0.000000	0.000000	0.000000	0.000000	0.354474	0.324979	0.320547
95	tsk_95	(x)	1	:	0.000000	0.000000	0.000000	0.000000	0.000000	0.000000	0.000000	0.500704	0.499295	0.000000	0.000000	0.000000
96	tsk_96	(x)	1	:	0.000000	0.000000	0.000000	0.000000	0.000000	0.000000	0.498968	0.000000	0.001595	0.113678	0.000000	0.385758
97	tsk_97	(x)	1	:	0.000000	0.000000	0.000000	0.000000	0.000000	0.000000	0.000000	0.000000	1.000000	0.000000	0.000000	0.000000
98	tsk_98	(x)	1	:	0.000000	0.000000	0.000000	0.000000	0.000000	0.000000	0.000000	0.499855	0.001618	0.293027	0.000000	0.205500
99	tsk_99	(x)	1	:	0.000000	0.000000	0.000000	0.000000	0.000000	0.000000	0.000000	0.000000	0.493295	0.128103	0.329166	0.049436
100	tsk_100	(x)	1	:	0.000000	0.000000	0.000000	0.000000	0.000000	0.000000	0.000000	0.000000	0.000000	0.313790	0.000000	0.686210
101	tsk_101	(x)	1	:	0.000000	0.000000	0.000000	0.000000	0.000000	0.000000	0.000000	0.000000	1.000000	0.000000	0.000000	0.000000
102	tsk_102	(x)	1	:	0.000000	0.000000	0.496531	0.503469	0.000000	0.000000	0.000000	0.000000	0.000000	0.000000	0.000000	0.000000
103	tsk_103	(x)	1	:	0.000000	0.000000	0.493586	0.506413	0.000000	0.000000	0.000000	0.000000	0.000000	0.000000	0.000000	0.000000
104	tsk_104	(x)	1	:	0.000000	0.000000	0.501471	0.000000	0.000000	0.000000	0.498528	0.000000	0.000000	0.000000	0.000000	0.000000
105	tsk_105	(x)	1	:	0.000000	0.000000	0.000000	0.000000	0.000000	0.000000	0.000000	0.000000	0.000000	0.551712	0.000000	0.448287
106	tsk_106	(x)	1	:	0.000000	0.000000	0.501471	0.000000	0.000000	0.000000	0.498528	0.000000	0.000000	0.000000	0.000000	0.000000
107	tsk_107	(x)	1	:	0.000000	0.000000	0.137797	0.503126	0.359076	0.000000	0.000000	0.000000	0.000000	0.000000	0.000000	0.000000
108	tsk_108	(x)	1	:	0.000000	0.000000	0.000000	0.505258	0.000000	0.000000	0.000000	0.000000	0.000421	0.301833	0.000000	0.192488
109	tsk_109	(x)	1	:	0.000000	0.000000	0.000000	0.000000	0.000000	0.000000	0.499284	0.000000	0.500716	0.000000	0.000000	0.000000
110	tsk_110	(x)	1	:	0.000000	0.000000	0.000000	0.000000	0.000000	0.000000	0.000000	0.000000	0.000000	0.409580	0.000000	0.590419
111	tsk_111	(x)	1	:	0.000000	0.000000	0.475013	0.000000	0.000000	0.000000	0.000000	0.000000	0.018171	0.305404	0.000000	0.201412
112	tsk_112	(x)	1	:	0.000000	0.000000	0.000000	0.000000	0.000000	0.000000	0.000000	0.000000	0.000000	0.676057	0.000000	0.323943
113	tsk_113	(x)	1	:	0.000000	0.000000	0.475012	0.000000	0.000000	0.000000	0.000000	0.000000	0.018179	0.275059	0.000000	0.231749
114	tsk_114	(x)	1	:	0.000000	0.000000	0.000000	0.000000	0.000000	0.000000	0.000000	0.000000	0.000000	0.410305	0.000000	0.589695
115	tsk_115	(x)	1	:	0.000000	0.000000	0.000000	0.000000	0.000000	0.000000	0.000000	0.499859	0.001569	0.202184	0.000000	0.296388
116	tsk_116	(x)	1	:	0.000000	0.000000	0.475013	0.000000	0.000000	0.000000	0.000000	0.000000	0.018169	0.199974	0.000000	0.306843
117	tsk_117	(x)	1	:	0.000000	0.000000	0.000000	0.000000	0.000000	0.000000	0.000000	1.000000	0.000000	0.000000	0.000000	0.000000
118	tsk_118	(x)	1	:	0.000000	0.000000	0.000000	0.000000	0.000000	0.000000	0.000000	0.499854	0.001630	0.320892	0.000000	0.177624
119	tsk_119	(x)	1	:	0.000000	0.000000	0.475012	0.000000	0.000000	0.000000	0.000000	0.000000	0.018179	0.199956	0.000000	0.306852
120	tsk_120	(x)	1	:	0.000000	0.000002	0.000000	0.000000	0.000000	0.000000	0.489492	0.000000	0.005833	0.185857	0.000000	0.318816
121	tsk_121	(x)	1	:	0.000000	0.000002	0.000000	0.000000	0.000000	0.000000	0.489490	0.000000	0.005884	0.150866	0.000000	0.353757
122	tsk_122	(x)	1	:	0.000000	0.025255	0.000000	0.000000	0.000000	0.511891	0.462580	0.000000	0.000019	0.000071	0.000000	0.000184
123	tsk_123	(x)	1	:	0.000000	0.000000	0.000000	0.000000	0.502444	0.000000	0.497556	0.000000	0.000000	0.000000	0.000000	0.000000
124	tsk_124	(x)	1	:	0.000000	0.000000	0.000000	0.000000	0.000000	0.353235	0.498966	0.000000	0.000297	0.060475	0.000000	0.087027
125	tsk_125	(x)	1	:	0.000000	0.000000	0.000000	0.000000	0.000000	0.000000	1.000000	0.000000	0.000000	0.000000	0.000000	0.000000
126	tsk_126	(x)	1	:	0.000000	0.000000	0.242440	0.000000	0.757560	0.000000	0.000000	0.000000	0.000000	0.000000	0.000000	0.000000
127	tsk_127	(x)	1	:	0.000000	0.000000	0.499632	0.000000	0.000000	0.354537	0.000000	0.000000	0.001042	0.061819	0.000000	0.082970
128	tsk_128	(x)	1	:	0.000000	0.000000	0.000000	0.000000	0.000000	0.354556	0.000000	0.499858	0.001469	0.031879	0.000000	0.112238
129	tsk_129	(x)	1	:	0.000000	0.000000	0.000000	0.000000	0.000000	0.000000	0.498967	0.000000	0.001620	0.233735	0.000000	0.265678
130	tsk_130	(x)	1	:	0.000000	0.000000	0.499654	0.000000	0.000000	0.000000	0.000000	0.500346	0.000000	0.000000	0.000000	0.000000
131	tsk_131	(x)	1	:	0.000000	0.000000	0.000000	0.000000	0.500676	0.000000	0.000000	0.000000	0.499324	0.000000	0.000000	0.000000
132	tsk_132	(x)	1	:	0.000000	0.000000	0.000000	0.000000	0.000000	0.000000	0.000000	0.000000	0.492949	0.222677	0.000000	0.284374
133	tsk_133	(x)	1	:	0.000000	0.000000	0.486434	0.000000	0.513566	0.000000	0.000000	0.000000	0.000000	0.000000	0.000000	0.000000
134	tsk_134	(x)	1	:	0.000000	0.000000	0.000000	0.518138	0.000000	0.000000	0.000000	0.481862	0.000000	0.000000	0.000000	0.000000
135	tsk_135	(x)	1	:	0.000000	0.000000	0.000000	0.000000	0.000000	0.000000	0.000000	0.500704	0.499295	0.000000	0.000000	0.000000
136	tsk_136	(x)	1	:	0.000000	0.000000	0.000000	0.000000	0.000000	0.000000	0.000000	0.500704	0.499295	0.000000	0.000000	0.000000
137	tsk_137	(x)	1	:	0.000000	0.000000	0.000000	0.000000	0.000000	0.000000	0.000000	0.499858	0.001584	0.325285	0.000000	0.173273
138	tsk_138	(x)	1	:	0.000000	0.000000	0.499654	0.000000	0.000000	0.000000	0.000000	0.500346	0.000000	0.000000	0.000000	0.000000
139	tsk_139	(x)	1	:	0.000000	0.000000	0.486436	0.000000	0.513564	0.000000	0.000000	0.000000	0.000000	0.000000	0.000000	0.000000
140	tsk_140	(x)	1	:	0.000000	0.000000	0.499617	0.000000	0.000000	0.000000	0.000000	0.000000	0.001496	0.319677	0.000000	0.179210
141	tsk_141	(x)	1	:	0.000000	0.000000	0.000000	0.000000	0.000000	0.000000	0.000000	0.000000	0.000000	0.071839	0.000000	0.928161
142	tsk_142	(x)	1	:	0.000000	0.000000	0.000000	0.000000	0.000000	0.000000	0.000000	0.000000	0.000000	0.260417	0.000000	0.739583
143	tsk_143	(x)	1	:	0.000000	0.000000	0.000000	0.000000	0.000000	0.000000	0.000000	0.000000	0.000000	0.489537	0.000000	0.510463
144	tsk_144	(x)	1	:	0.000000	0.000000	0.000000	0.000000	0.000000	0.000000	0.000000	0.000000	0.000000	0.369441	0.000000	0.630559
145	tsk_145	(x)	1	:	0.000000	0.000000	0.000000	0.000000	0.000000	0.000000	0.000000	0.000000	0.000000	0.337724	0.000000	0.662276
146	tsk_146	(x)	1	:	0.000000	0.000000	0.000000	0.000000	0.000000	0.000000	0.000000	0.000000	0.000000	0.356123	0.000000	0.643877
147	tsk_147	(x)	1	:	0.000000	0.000000	0.000000	0.000000	0.000000	0.000000	0.000000	0.000000	0.000000	0.536001	0.000000	0.463999
148	tsk_148	(x)	1	:	0.000000	0.000000	0.000000	0.000000	0.000000	0.000000	0.000000	0.000000	0.000000	0.289350	0.000000	0.710650
149	tsk_149	(x)	1	:	0.000000	0.000000	0.000000	0.000000	0.000000	0.000000	0.000000	0.499858	0.001579	0.240662	0.000000	0.257900
