0	tsk_0	(x)	1	:	0.000000	0.493391	0.000000	0.000000	0.000000	0.000897	0.000000	0.000000	0.000000	0.000000	0.000000	0.000000	0.505712
1	tsk_1	(x)	1	:	0.524703	0.000000	0.000000	0.000000	0.000000	0.000000	0.000000	0.000000	0.475297	0.000000	0.000000	0.000000	0.000000
2	tsk_2	(x)	1	:	0.000000	0.487266	0.000000	0.499557	0.000000	0.003119	0.000000	0.000000	0.000000	0.000000	0.010059	0.000000	0.000000
3	tsk_3	(x)	1	:	0.000000	0.000000	0.000000	0.500000	0.000000	0.023357	0.000000	0.000000	0.000000	0.000000	0.476643	0.000000	0.000000
4	tsk_4	(x)	1	:	0.000000	0.436006	0.000000	0.000000	0.000000	0.000000	0.563993	0.000000	0.000000	0.000000	0.000001	0.000000	0.000000
5	tsk_5	(x)	1	:	0.000000	0.000000	0.000000	0.500000	0.000000	0.158157	0.000000	0.000000	0.000000	0.000000	0.341843	0.000000	0.000000
6	tsk_6	(x)	1	:	0.000000	0.000000	0.000000	0.499981	0.000000	0.000000	0.000000	0.000000	0.000000	0.000000	0.000000	0.000000	0.500019
7	tsk_7	(x)	1	:	0.000000	0.487710	0.000000	0.000000	0.000000	0.377200	0.000000	0.000000	0.000000	0.000000	0.135090	0.000000	0.000000
8	tsk_8	(x)	1	:	0.000000	0.000000	0.000000	0.500000	0.000000	0.021538	0.000000	0.000000	0.000000	0.000000	0.478462	0.000000	0.000000
9	tsk_9	(x)	1	:	0.000000	0.000000	0.000000	0.249838	0.000000	0.000000	0.000000	0.000000	0.000000	0.000000	0.249993	0.000000	0.500168
10	tsk_10	(x)	1	:	0.000000	0.000000	0.000000	0.000000	0.000000	0.388579	0.000000	0.000000	0.000000	0.000000	0.057903	0.553518	0.000000
11	tsk_11	(x)	1	:	0.000000	0.000000	0.000000	0.000000	0.000000	0.654454	0.000000	0.000000	0.000000	0.000000	0.345546	0.000000	0.000000
12	tsk_12	(x)	1	:	0.000000	0.000000	0.000000	0.000000	0.000000	0.000000	0.000000	0.000000	1.000000	0.000000	0.000000	0.000000	0.000000
13	tsk_13	(x)	1	:	0.000000	0.000000	0.000000	0.000000	0.000000	0.497824	0.445483	0.000000	0.000000	0.000000	0.056692	0.000000	0.000000
14	tsk_14	(x)	1	:	0.000000	0.000000	0.000000	0.000000	0.475227	0.416944	0.000000	0.000000	0.000000	0.000000	0.070779	0.000000	0.037050
15	tsk_15	(x)	1	:	0.000000	0.000000	0.000000	0.000000	0.000000	0.336770	0.000000	0.000000	0.473755	0.000000	0.189475	0.000000	0.000000
16	tsk_16	(x)	1	:	0.000000	0.000000	0.000000	0.000000	0.000000	0.656455	0.000000	0.000000	0.000000	0.000000	0.343545	0.000000	0.000000
17	tsk_17	(x)	1	:	0.000000	0.000000	0.000000	0.000000	0.000000	0.390366	0.000000	0.000000	0.000000	0.000000	0.056116	0.553518	0.000000
18	tsk_18	(x)	1	:	0.000000	0.000000	0.000000	0.000000	0.000000	0.277446	0.445483	0.000000	0.000000	0.000000	0.277070	0.000000	0.000000
19	tsk_19	(x)	1	:	0.000000	0.000000	0.000000	0.000000	0.000000	0.000000	0.468270	0.000000	0.000000	0.000000	0.019991	0.000000	0.511738
20	tsk_20	(x)	1	:	0.000000	0.000000	0.000000	1.000000	0.000000	0.000000	0.000000	0.000000	0.000000	0.000000	0.000000	0.000000	0.000000
21	tsk_21	(x)	1	:	0.000000	0.000000	0.000000	1.000000	0.000000	0.000000	0.000000	0.000000	0.000000	0.000000	0.000000	0.000000	0.000000
22	tsk_22	(x)	1	:	0.000000	0.000000	0.000000	0.000000	0.000000	0.000000	0.000000	0.000000	0.559029	0.000000	0.440971	0.000000	0.000000
23	tsk_23	(x)	1	:	0.000000	0.000000	0.000000	0.000000	0.000000	0.000000	0.000000	0.000000	0.000000	0.000000	0.000000	0.000000	1.000000
24	tsk_24	(x)	1	:	0.000000	0.000000	0.000000	0.437950	0.000000	0.000000	0.562049	0.000000	0.000000	0.000000	0.000000	0.000000	0.000000
25	tsk_25	(x)	1	:	0.000000	0.000000	0.000000	0.000000	0.000000	0.000000	0.000000	0.000000	0.537540	0.000000	0.000000	0.000000	0.462460
26	tsk_26	(x)	1	:	0.000000	0.000000	0.000000	0.462459	0.000000	0.000000	0.000000	0.000000	0.537541	0.000000	0.000000	0.000000	0.000000
27	tsk_27	(x)	1	:	0.000000	0.000000	0.000000	0.500000	0.000000	0.102770	0.000000	0.000000	0.000000	0.000000	0.397230	0.000000	0.000000
28	tsk_28	(x)	1	:	0.000000	0.000000	0.000000	0.000000	0.000000	0.000000	0.562033	0.000000	0.000000	0.000000	0.000000	0.000000	0.437966
29	tsk_29	(x)	1	:	0.000000	0.000000	0.000000	0.462459	0.000000	0.000000	0.000000	0.000000	0.537540	0.000000	0.000000	0.000000	0.000000
30	tsk_30	(x)	1	:	0.000000	0.078941	0.000000	0.000000	0.000000	0.476831	0.000000	0.000000	0.000000	0.000000	0.035196	0.409032	0.000000
31	tsk_31	(x)	1	:	0.000000	0.000000	0.000000	0.500000	0.000000	0.233276	0.000000	0.000000	0.000000	0.000000	0.266724	0.000000	0.000000
32	tsk_32	(x)	1	:	0.000000	0.000000	0.000000	0.500000	0.000000	0.051965	0.000000	0.000000	0.000000	0.000000	0.448035	0.000000	0.000000
33	tsk_33	(x)	1	:	0.000000	0.078939	0.000000	0.000000	0.000000	0.487438	0.000000	0.000000	0.000000	0.000000	0.024590	0.409033	0.000000
34	tsk_34	(x)	1	:	0.000000	0.078939	0.000000	0.000000	0.000000	0.437748	0.000000	0.000000	0.000000	0.000000	0.074280	0.409033	0.000000
35	tsk_35	(x)	1	:	0.000000	0.000000	0.000000	0.499996	0.000000	0.003248	0.000000	0.000000	0.473754	0.000000	0.023002	0.000000	0.000000
36	tsk_36	(x)	1	:	0.000000	0.000000	0.000000	0.000000	0.000000	0.005861	0.000000	0.000000	0.481840	0.000000	0.000000	0.000000	0.512299
37	tsk_37	(x)	1	:	0.000000	0.000000	0.000000	0.499990	0.000000	0.000000	0.000000	0.000000	0.000000	0.000000	0.000000	0.000000	0.500010
38	tsk_38	(x)	1	:	0.000000	0.078941	0.000000	0.000000	0.000000	0.407308	0.000000	0.000000	0.000000	0.000000	0.104719	0.409032	0.000000
39	tsk_39	(x)	1	:	0.000000	0.000000	0.000000	0.000000	0.000000	0.251950	0.000000	0.000000	0.559029	0.000000	0.189021	0.000000	0.000000
40	tsk_40	(x)	1	:	0.000000	0.000000	0.000000	0.249971	0.000000	0.005268	0.000000	0.000000	0.000000	0.000000	0.244728	0.000000	0.500033
41	tsk_41	(x)	1	:	0.000000	0.068206	0.000000	0.000000	0.000000	0.000000	0.000000	0.000000	0.000000	0.000000	0.000000	0.422312	0.509481
42	tsk_42	(x)	1	:	0.000000	0.487710	0.000000	0.000000	0.000000	0.394887	0.000000	0.000000	0.000000	0.000000	0.117403	0.000000	0.000000
43	tsk_43	(x)	1	:	0.000000	1.000000	0.000000	0.000000	0.000000	0.000000	0.000000	0.000000	0.000000	0.000000	0.000000	0.000000	0.000000
44	tsk_44	(x)	1	:	0.000000	0.493835	0.000000	0.000000	0.000000	0.000000	0.000000	0.000000	0.000000	0.000000	0.000000	0.000000	0.506165
45	tsk_45	(x)	1	:	0.000000	0.493770	0.000000	0.000000	0.000000	0.000000	0.000000	0.000000	0.000000	0.000000	0.000000	0.000000	0.506230
46	tsk_46	(x)	1	:	0.000000	0.493830	0.000000	0.000000	0.000000	0.000000	0.000000	0.000000	0.000000	0.000000	0.000000	0.000000	0.506170
47	tsk_47	(x)	1	:	0.000000	1.000000	0.000000	0.000000	0.000000	0.000000	0.000000	0.000000	0.000000	0.000000	0.000000	0.000000	0.000000
48	tsk_48	(x)	1	:	0.000000	0.487675	0.000000	0.000000	0.000000	0.039024	0.445402	0.000000	0.000000	0.000000	0.027898	0.000000	0.000000
49	tsk_49	(x)	1	:	0.514476	0.485327	0.000000	0.000000	0.000000	0.000138	0.000000	0.000000	0.000000	0.000000	0.000058	0.000000	0.000000
50	tsk_50	(x)	1	:	0.000000	0.000000	0.000000	0.000000	0.000000	0.000000	0.000000	0.000000	0.000000	0.000000	0.000000	1.000000	0.000000
51	tsk_51	(x)	1	:	0.000000	0.078925	0.000000	0.000000	0.000000	0.033051	0.000000	0.000000	0.473778	0.000000	0.005182	0.409064	0.000000
52	tsk_52	(x)	1	:	0.000000	0.000000	0.000000	0.000000	0.000000	0.000000	0.000000	0.000000	1.000000	0.000000	0.000000	0.000000	0.000000
53	tsk_53	(x)	1	:	0.000000	0.004890	0.000000	0.000000	0.000000	0.000000	0.000000	0.000000	0.432712	0.145562	0.000000	0.416836	0.000000
54	tsk_54	(x)	1	:	0.000000	0.000000	0.000000	0.000000	0.000000	0.000000	0.565338	0.000000	0.434662	0.000000	0.000000	0.000000	0.000000
55	tsk_55	(x)	1	:	0.000000	0.487696	0.000000	0.000000	0.000000	0.027230	0.000000	0.000000	0.473749	0.000000	0.011325	0.000000	0.000000
56	tsk_56	(x)	1	:	0.000000	0.090547	0.000000	0.000000	0.000000	0.010502	0.000000	0.000000	0.479368	0.000000	0.012592	0.406991	0.000000
57	tsk_57	(x)	1	:	0.000000	0.423694	0.000000	0.000000	0.000000	0.000000	0.000000	0.000000	0.431375	0.144931	0.000000	0.000000	0.000000
58	tsk_58	(x)	1	:	0.000000	0.049140	0.000000	0.000000	0.000000	0.000000	0.000000	0.000000	0.541879	0.000000	0.000000	0.408981	0.000000
59	tsk_59	(x)	1	:	0.000000	0.000000	0.000000	0.000000	0.000000	0.384457	0.000000	0.000000	0.559029	0.000000	0.056514	0.000000	0.000000
60	tsk_60	(x)	1	:	0.000000	0.000000	0.000000	0.000000	0.000000	0.309506	0.000000	0.000000	0.000000	0.000000	0.690493	0.000000	0.000000
61	tsk_61	(x)	1	:	0.000000	0.000000	0.000000	0.000000	0.000000	0.361147	0.445483	0.000000	0.000000	0.000000	0.193369	0.000000	0.000000
62	tsk_62	(x)	1	:	0.000000	0.000000	0.000000	0.500000	0.000000	0.015579	0.000000	0.000000	0.000000	0.000000	0.484421	0.000000	0.000000
63	tsk_63	(x)	1	:	0.000000	0.492417	0.000000	0.000000	0.000000	0.002847	0.000000	0.000000	0.000000	0.000000	0.000000	0.000000	0.504735
64	tsk_64	(x)	1	:	0.000000	0.000000	0.000000	0.499954	0.000000	0.010663	0.445378	0.000000	0.000000	0.000000	0.044004	0.000000	0.000000
65	tsk_65	(x)	1	:	0.000000	0.487317	0.000000	0.499608	0.000000	0.000659	0.000000	0.000000	0.000000	0.000000	0.012416	0.000000	0.000000
66	tsk_66	(x)	1	:	0.000000	0.000000	0.000000	0.500000	0.000000	0.064009	0.000000	0.000000	0.000000	0.000000	0.435991	0.000000	0.000000
67	tsk_67	(x)	1	:	0.000000	0.000000	0.531277	0.000000	0.000000	0.006001	0.462722	0.000000	0.000000	0.000000	0.000000	0.000000	0.000000
68	tsk_68	(x)	1	:	0.000000	0.000000	0.000000	0.500000	0.000000	0.043789	0.000000	0.000000	0.000000	0.000000	0.456210	0.000000	0.000000
69	tsk_69	(x)	1	:	0.000000	0.487653	0.000000	0.000000	0.000000	0.030201	0.445358	0.000000	0.000000	0.000000	0.036788	0.000000	0.000000
70	tsk_70	(x)	1	:	0.000000	0.000000	0.000000	0.000000	0.000000	0.580341	0.000000	0.000000	0.000000	0.000000	0.419659	0.000000	0.000000
71	tsk_71	(x)	1	:	0.000000	0.000000	0.000000	0.000000	0.000000	0.000000	0.000000	0.000000	1.000000	0.000000	0.000000	0.000000	0.000000
72	tsk_72	(x)	1	:	0.000000	0.000000	0.000000	0.000000	0.000000	0.038943	0.445483	0.000000	0.473763	0.000000	0.041811	0.000000	0.000000
73	tsk_73	(x)	1	:	0.000000	0.000000	0.000000	0.000000	0.000000	0.000000	0.000000	0.000000	1.000000	0.000000	0.000000	0.000000	0.000000
74	tsk_74	(x)	1	:	0.000000	0.000000	0.000000	0.000000	0.000000	0.403820	0.000000	0.000000	0.000000	0.000000	0.096178	0.000000	0.500001
75	tsk_75	(x)	1	:	0.000000	0.000000	0.000000	0.000000	0.000000	0.354898	0.000000	0.000000	0.473755	0.000000	0.171347	0.000000	0.000000
76	tsk_76	(x)	1	:	0.000000	0.487700	0.000000	0.000000	0.000000	0.035840	0.000000	0.000000	0.473751	0.000000	0.002709	0.000000	0.000000
77	tsk_77	(x)	1	:	0.000000	0.487293	0.000000	0.499585	0.000000	0.001053	0.000000	0.000000	0.000000	0.000000	0.012069	0.000000	0.000000
78	tsk_78	(x)	1	:	0.000000	0.000000	0.000000	0.000000	0.000000	0.037602	0.445494	0.000000	0.473766	0.000000	0.043138	0.000000	0.000000
79	tsk_79	(x)	1	:	0.000000	1.000000	0.000000	0.000000	0.000000	0.000000	0.000000	0.000000	0.000000	0.000000	0.000000	0.000000	0.000000
80	tsk_80	(x)	1	:	0.000000	0.000000	0.000000	0.000000	0.000000	0.423264	0.000000	0.000000	0.000000	0.000000	0.076735	0.000000	0.500001
81	tsk_81	(x)	1	:	0.000000	0.000000	0.000000	0.000000	0.000000	0.418500	0.000000	0.000000	0.000000	0.000000	0.081499	0.000000	0.500001
82	tsk_82	(x)	1	:	0.000000	0.000000	0.000000	0.000000	0.000000	0.727420	0.000000	0.000000	0.000000	0.000000	0.272580	0.000000	0.000000
83	tsk_83	(x)	1	:	0.000000	0.000000	0.000000	0.000000	0.000000	0.402084	0.000000	0.000000	0.000000	0.000000	0.097915	0.000000	0.500001
84	tsk_84	(x)	1	:	0.000000	0.000000	0.000000	0.000000	0.000000	0.363551	0.000000	0.000000	0.000000	0.000000	0.136448	0.000000	0.500000
85	tsk_85	(x)	1	:	0.000000	0.493834	0.000000	0.000000	0.000000	0.000000	0.000000	0.000000	0.000000	0.000000	0.000000	0.000000	0.506166
86	tsk_86	(x)	1	:	0.000000	0.000000	0.000000	0.000000	0.000000	0.357676	0.000000	0.000000	0.000000	0.000000	0.142323	0.000000	0.500001
87	tsk_87	(x)	1	:	0.000000	0.079590	0.000000	0.000000	0.000000	0.009443	0.000000	0.000000	0.000000	0.000000	0.000000	0.409540	0.501427
88	tsk_88	(x)	1	:	0.000000	0.000000	0.000000	0.000000	0.000000	0.422900	0.000000	0.000000	0.000000	0.000000	0.077099	0.000000	0.500001
89	tsk_89	(x)	1	:	0.000000	0.000000	0.000000	0.000000	0.000000	0.704040	0.000000	0.000000	0.000000	0.000000	0.295959	0.000000	0.000000
90	tsk_90	(x)	1	:	0.000000	0.000000	0.000000	0.500000	0.000000	0.104334	0.000000	0.000000	0.000000	0.000000	0.395665	0.000000	0.000000
91	tsk_91	(x)	1	:	0.000000	0.000000	0.000000	0.000000	0.000000	0.393545	0.445483	0.000000	0.000000	0.000000	0.160971	0.000000	0.000000
92	tsk_92	(x)	1	:	0.000000	0.000000	0.000000	0.000000	0.000000	0.267672	0.445483	0.000000	0.000000	0.000000	0.286845	0.000000	0.000000
93	tsk_93	(x)	1	:	0.000000	0.000000	0.000000	0.000000	0.000000	0.466645	0.000000	0.000000	0.000000	0.000000	0.533355	0.000000	0.000000
94	tsk_94	(x)	1	:	0.000000	0.000000	0.000000	0.000000	0.000000	0.751292	0.000000	0.000000	0.000000	0.000000	0.248708	0.000000	0.000000
95	tsk_95	(x)	1	:	0.000000	0.000000	0.000000	0.499957	0.000000	0.002696	0.445385	0.000000	0.000000	0.000000	0.051962	0.000000	0.000000
96	tsk_96	(x)	1	:	0.000000	0.000000	0.000000	0.437950	0.000000	0.000000	0.562049	0.000000	0.000000	0.000000	0.000000	0.000000	0.000000
97	tsk_97	(x)	1	:	0.000000	0.487203	0.000000	0.499494	0.000000	0.000765	0.000000	0.000000	0.000000	0.000000	0.012538	0.000000	0.000000
98	tsk_98	(x)	1	:	0.000000	0.000000	0.000000	0.000000	0.000000	0.642023	0.000000	0.000000	0.000000	0.000000	0.357977	0.000000	0.000000
99	tsk_99	(x)	1	:	0.000000	0.487710	0.000000	0.000000	0.000000	0.278329	0.000000	0.000000	0.000000	0.000000	0.233961	0.000000	0.000000
100	tsk_100	(x)	1	:	0.000000	0.487717	0.000000	0.000000	0.000000	0.122131	0.000000	0.000000	0.000000	0.333389	0.056764	0.000000	0.000000
101	tsk_101	(x)	1	:	0.000000	0.000000	0.000000	0.000000	0.000000	0.136658	0.000000	0.000000	0.473755	0.000000	0.389586	0.000000	0.000000
102	tsk_102	(x)	1	:	0.000000	0.000000	0.000000	0.000000	0.000000	0.209848	0.000000	0.500738	0.000000	0.000000	0.289414	0.000000	0.000000
103	tsk_103	(x)	1	:	0.000000	0.000000	0.000000	0.000000	0.000000	0.000000	0.000000	0.000000	0.484183	0.000000	0.000000	0.000000	0.515817
104	tsk_104	(x)	1	:	0.000000	0.000000	0.000000	0.000000	0.000000	0.000000	0.000000	0.000000	0.000000	0.000000	0.000000	0.000000	1.000000
105	tsk_105	(x)	1	:	0.000000	0.000000	0.000000	0.000000	0.000000	0.138404	0.000000	0.000000	0.000000	0.333388	0.028193	0.000000	0.500014
106	tsk_106	(x)	1	:	0.000000	0.000000	0.000000	0.000000	0.000000	0.403313	0.000000	0.000000	0.000000	0.000000	0.096686	0.000000	0.500001
107	tsk_107	(x)	1	:	0.000000	0.000000	0.000000	0.000000	0.000000	0.064803	0.445517	0.000000	0.000000	0.333398	0.156283	0.000000	0.000000
108	tsk_108	(x)	1	:	0.000000	0.000000	0.000000	0.000000	0.000000	0.132351	0.000000	0.000000	0.473755	0.000000	0.393894	0.000000	0.000000
109	tsk_109	(x)	1	:	0.000000	0.000000	0.000000	0.000000	0.000000	0.000000	0.000000	0.000000	0.000000	0.000000	0.000000	0.000000	1.000000
110	tsk_110	(x)	1	:	0.000000	0.000000	0.000000	0.000000	0.000000	0.258468	0.000000	0.000000	0.473759	0.166709	0.101064	0.000000	0.000000
111	tsk_111	(x)	1	:	0.000000	1.000000	0.000000	0.000000	0.000000	0.000000	0.000000	0.000000	0.000000	0.000000	0.000000	0.000000	0.000000
112	tsk_112	(x)	1	:	0.000000	0.000000	0.000000	0.000000	0.000000	0.321445	0.000000	0.000000	0.000000	0.000000	0.178550	0.000000	0.500004
113	tsk_113	(x)	1	:	0.000000	0.494217	0.000000	0.000000	0.000000	0.000003	0.000000	0.505779	0.000000	0.000000	0.000001	0.000000	0.000000
114	tsk_114	(x)	1	:	0.000000	1.000000	0.000000	0.000000	0.000000	0.000000	0.000000	0.000000	0.000000	0.000000	0.000000	0.000000	0.000000
115	tsk_115	(x)	1	:	0.000000	1.000000	0.000000	0.000000	0.000000	0.000000	0.000000	0.000000	0.000000	0.000000	0.000000	0.000000	0.000000
116	tsk_116	(x)	1	:	0.000000	1.000000	0.000000	0.000000	0.000000	0.000000	0.000000	0.000000	0.000000	0.000000	0.000000	0.000000	0.000000
117	tsk_117	(x)	1	:	0.000000	0.000000	0.000000	0.000000	0.000000	0.000000	0.000000	0.000000	0.486749	0.513242	0.000009	0.000000	0.000000
118	tsk_118	(x)	1	:	0.000000	1.000000	0.000000	0.000000	0.000000	0.000000	0.000000	0.000000	0.000000	0.000000	0.000000	0.000000	0.000000
119	tsk_119	(x)	1	:	0.000000	0.000000	0.000000	0.000000	0.000000	0.583914	0.000000	0.000000	0.000000	0.000000	0.416086	0.000000	0.000000
120	tsk_120	(x)	1	:	0.000000	0.000000	0.000000	0.000000	0.000000	0.373415	0.000000	0.000000	0.000000	0.000000	0.126583	0.000000	0.500002
121	tsk_121	(x)	1	:	0.000000	0.000000	0.000000	0.000000	0.000000	0.017221	0.470086	0.000000	0.000000	0.000000	0.000000	0.000000	0.512694
122	tsk_122	(x)	1	:	0.000000	0.000000	0.000000	0.000000	0.499985	0.000000	0.000000	0.000000	0.000000	0.000000	0.000000	0.000000	0.500015
123	tsk_123	(x)	1	:	0.000000	0.000000	0.000000	0.000000	0.000000	0.000000	0.000000	0.000000	0.000000	0.000000	0.000000	0.000000	1.000000
124	tsk_124	(x)	1	:	0.000000	0.000000	0.000000	0.000000	0.000000	0.013068	0.446875	0.000000	0.000000	0.000000	0.039333	0.000000	0.500724
125	tsk_125	(x)	1	:	0.000000	0.000000	0.000000	0.000000	0.000000	0.000000	0.000000	0.000000	0.000000	0.000000	0.000000	0.000000	1.000000
126	tsk_126	(x)	1	:	0.000000	0.000000	0.000000	0.000000	0.000000	0.041322	0.445305	0.000000	0.000000	0.000000	0.013456	0.000000	0.499917
127	tsk_127	(x)	1	:	0.000000	0.000000	0.000000	0.250006	0.000000	0.005030	0.445491	0.000000	0.000000	0.000000	0.299473	0.000000	0.000000
128	tsk_128	(x)	1	:	0.000000	0.000000	0.000000	0.000000	0.000000	0.000000	0.000000	0.000000	0.000000	0.000000	0.000000	0.000000	1.000000
129	tsk_129	(x)	1	:	0.000000	0.000000	0.000000	0.000000	0.000000	0.038841	0.454728	0.000000	0.000000	0.000000	0.001683	0.000000	0.504749
130	tsk_130	(x)	1	:	0.000000	0.000000	0.000000	0.000000	0.000000	0.387426	0.000000	0.000000	0.000000	0.000000	0.112573	0.000000	0.500001
131	tsk_131	(x)	1	:	0.000000	0.000000	0.000000	0.499963	0.000000	0.000000	0.000000	0.000000	0.000000	0.000000	0.000000	0.000000	0.500037
132	tsk_132	(x)	1	:	0.000000	0.000000	0.503855	0.000000	0.000000	0.000000	0.000000	0.000000	0.000000	0.000000	0.000000	0.000000	0.496145
133	tsk_133	(x)	1	:	0.000000	0.000000	0.504012	0.495915	0.000000	0.000000	0.000000	0.000000	0.000000	0.000000	0.000074	0.000000	0.000000
134	tsk_134	(x)	1	:	0.000000	0.078034	0.510556	0.000000	0.000000	0.001921	0.000000	0.000000	0.000000	0.000000	0.000505	0.408984	0.000000
135	tsk_135	(x)	1	:	0.000000	0.487006	0.511115	0.000000	0.000000	0.001474	0.000000	0.000000	0.000000	0.000000	0.000405	0.000000	0.000000
136	tsk_136	(x)	1	:	0.000000	0.000000	0.512616	0.000000	0.000000	0.267278	0.000000	0.000000	0.000000	0.000000	0.220105	0.000000	0.000000
137	tsk_137	(x)	1	:	0.000000	0.000000	0.000000	0.000000	0.000000	0.000000	0.000000	0.000000	0.537538	0.000000	0.000000	0.000000	0.462462
138	tsk_138	(x)	1	:	0.000000	0.000000	0.512616	0.000000	0.000000	0.464554	0.000000	0.000000	0.000000	0.000000	0.022829	0.000000	0.000000
139	tsk_139	(x)	1	:	0.000000	0.000000	0.000000	0.000000	0.000000	0.029821	0.451467	0.000000	0.000000	0.000000	0.015635	0.000000	0.503078
140	tsk_140	(x)	1	:	0.000000	0.000000	0.000000	0.000000	0.000000	0.466748	0.000000	0.000000	0.000000	0.000000	0.033251	0.000000	0.500001
141	tsk_141	(x)	1	:	0.000000	0.423694	0.000000	0.000000	0.000000	0.000000	0.000000	0.000000	0.431375	0.144931	0.000000	0.000000	0.000000
142	tsk_142	(x)	1	:	0.000000	0.000000	0.000000	0.000000	0.000000	0.000000	0.000000	0.000000	0.000000	0.000000	0.000000	0.534089	0.465911
143	tsk_143	(x)	1	:	0.000000	0.000000	0.000000	0.000000	0.000000	0.341987	0.000000	0.000000	0.000000	0.000000	0.104494	0.553518	0.000000
144	tsk_144	(x)	1	:	0.000000	0.000000	0.512616	0.000000	0.000000	0.000000	0.000000	0.000000	0.000000	0.000000	0.487383	0.000000	0.000000
145	tsk_145	(x)	1	:	0.000000	0.359067	0.000000	0.000000	0.000000	0.000000	0.000000	0.000000	0.000000	0.000000	0.000000	0.640933	0.000000
146	tsk_146	(x)	1	:	0.000000	0.000000	0.000000	0.000000	0.000000	0.358089	0.000000	0.000000	0.000000	0.000000	0.088393	0.553518	0.000000
147	tsk_147	(x)	1	:	0.000000	0.359067	0.000000	0.000000	0.000000	0.000000	0.000000	0.000000	0.000000	0.000000	0.000000	0.640933	0.000000
148	tsk_148	(x)	1	:	0.000000	0.000000	0.000000	0.000000	0.000000	0.361474	0.445483	0.000000	0.000000	0.000000	0.193042	0.000000	0.000000
149	tsk_149	(x)	1	:	0.000000	0.359067	0.000000	0.000000	0.000000	0.000000	0.000000	0.000000	0.000000	0.000000	0.000000	0.640933	0.000000
