logL = -1259.445708 (converged)
AIC = 6178.891416
BIC = 11688.354004

count.K
32 6 20 3 9 4 12 39 21 4 

