logL = -1274.252163 (converged)
AIC = 7214.504325
BIC = 14238.316466

count.K
2 3 23 8 24 0 1 17 2 0 28 8 34 

