logL = -474.653777 (converged)
AIC = 3465.307554
BIC = 7252.686754

count.K
4 44 4 9 8 15 6 60 

