logL = -1032.660577 (converged)
AIC = 6165.321153
BIC = 12337.123506

count.K
10 32 9 12 32 20 6 5 6 18 0 

