logL = -799.124672 (converged)
AIC = 5786.249344
BIC = 12090.519650

count.K
24 1 5 15 30 16 0 13 12 13 5 16 

