logL = -936.856633 (converged)
AIC = 5709.713266
BIC = 11484.111760

count.K
6 44 4 0 26 16 21 16 5 12 0 

