logL = -1308.935566 (converged)
AIC = 7021.871133
BIC = 13651.290050

count.K
5 27 10 7 12 18 8 21 1 21 1 19 

