logL = -1473.456873 (converged)
AIC = 7112.913747
BIC = 13384.067065

count.K
1 1 8 7 15 42 27 4 8 29 8 

