logL = -1215.095461 (converged)
AIC = 8070.190923
BIC = 16560.182452

count.K
8 6 1 4 8 0 0 14 24 24 42 6 3 7 3 

