logL = -922.934100 (converged)
AIC = 4803.868200
BIC = 9256.597800

count.K
18 2 59 1 6 16 9 33 6 

