logL = -1949.225300 (converged)
AIC = 5938.450601
BIC = 9009.298601

count.K
17 2 34 46 42 9 

