0	tsk_0	(x)	1	:	0.163483	0.000000	0.000000	0.000000	0.000000	0.000000	0.000000	0.495428	0.014305	0.000000	0.326785
1	tsk_1	(x)	1	:	0.123369	0.000000	0.000000	0.000000	0.000000	0.000000	0.000000	0.495386	0.014389	0.000000	0.366856
2	tsk_2	(x)	1	:	0.148134	0.000000	0.000000	0.000000	0.000000	0.000000	0.000000	0.495220	0.014720	0.000000	0.341926
3	tsk_3	(x)	1	:	0.000000	0.000000	0.000000	0.000000	0.524717	0.000000	0.000000	0.475279	0.000004	0.000000	0.000000
4	tsk_4	(x)	1	:	0.261500	0.000000	0.000000	0.000000	0.000000	0.000000	0.000000	0.000000	0.500000	0.000000	0.238500
5	tsk_5	(x)	1	:	0.302597	0.000000	0.000000	0.000000	0.000000	0.000000	0.000000	0.000000	0.500000	0.000000	0.197403
6	tsk_6	(x)	1	:	0.172559	0.000000	0.000000	0.000000	0.000000	0.000000	0.000000	0.000000	0.500000	0.000000	0.327441
7	tsk_7	(x)	1	:	0.260149	0.000000	0.000000	0.000000	0.000000	0.000000	0.000000	0.000000	0.500000	0.000000	0.239851
8	tsk_8	(x)	1	:	0.482381	0.000000	0.000000	0.000000	0.390080	0.000000	0.000000	0.000000	0.000000	0.000000	0.127539
9	tsk_9	(x)	1	:	0.114542	0.000000	0.000000	0.000000	0.390080	0.000000	0.000000	0.000000	0.000000	0.000000	0.495378
10	tsk_10	(x)	1	:	0.000000	0.000000	0.000000	0.000000	0.000000	0.000000	0.000000	0.000000	1.000000	0.000000	0.000000
11	tsk_11	(x)	1	:	0.000000	0.000000	0.000000	0.000000	0.000000	0.000000	0.000000	0.000000	1.000000	0.000000	0.000000
12	tsk_12	(x)	1	:	0.265721	0.000000	0.000000	0.000000	0.000000	0.000000	0.000000	0.000000	0.500000	0.000000	0.234279
13	tsk_13	(x)	1	:	0.000000	0.000000	0.000000	0.000000	0.000000	0.330944	0.000000	0.000000	0.500000	0.000000	0.169056
14	tsk_14	(x)	1	:	0.209693	0.000000	0.000000	0.000000	0.000000	0.000000	0.000000	0.000000	0.500000	0.000000	0.290307
15	tsk_15	(x)	1	:	0.270509	0.000000	0.000000	0.000000	0.000000	0.000000	0.000000	0.000000	0.500000	0.000000	0.229491
16	tsk_16	(x)	1	:	0.349488	0.000000	0.000000	0.000000	0.000000	0.000000	0.000000	0.000000	0.500000	0.000000	0.150512
17	tsk_17	(x)	1	:	0.277296	0.000000	0.000000	0.188896	0.390062	0.000000	0.000000	0.000000	0.000000	0.000000	0.143746
18	tsk_18	(x)	1	:	0.000000	0.000000	0.000000	0.000000	0.000000	0.000000	0.000000	0.000000	1.000000	0.000000	0.000000
19	tsk_19	(x)	1	:	0.000000	0.000000	0.000000	0.000000	0.000000	0.000000	0.000000	0.000000	1.000000	0.000000	0.000000
20	tsk_20	(x)	1	:	0.013688	0.000000	0.000000	0.000000	0.000000	0.000000	0.000000	0.000000	0.000000	0.505687	0.480625
21	tsk_21	(x)	1	:	0.505207	0.000000	0.000000	0.000000	0.000000	0.000000	0.000000	0.000000	0.000000	0.000000	0.494793
22	tsk_22	(x)	1	:	0.343229	0.000000	0.000000	0.000000	0.000000	0.491866	0.000000	0.000000	0.000000	0.000000	0.164904
23	tsk_23	(x)	1	:	0.001928	0.000000	0.000000	0.000000	0.000000	0.495869	0.501970	0.000000	0.000060	0.000000	0.000173
24	tsk_24	(x)	1	:	0.002029	0.000000	0.000000	0.000000	0.000000	0.489083	0.000000	0.000000	0.000081	0.504917	0.003890
25	tsk_25	(x)	1	:	0.000000	0.000000	0.000000	0.000000	0.000000	0.000000	0.000000	0.000000	0.000000	1.000000	0.000000
26	tsk_26	(x)	1	:	0.000000	1.000000	0.000000	0.000000	0.000000	0.000000	0.000000	0.000000	0.000000	0.000000	0.000000
27	tsk_27	(x)	1	:	0.392085	0.000000	0.000000	0.000000	0.000000	0.000000	0.000000	0.000000	0.000000	0.000000	0.607915
28	tsk_28	(x)	1	:	0.008369	0.000000	0.000000	0.000000	0.000000	0.000000	0.000000	0.000000	0.000734	0.505489	0.485409
29	tsk_29	(x)	1	:	0.493422	0.000000	0.000000	0.000000	0.000000	0.000000	0.000000	0.000000	0.000000	0.000000	0.506577
30	tsk_30	(x)	1	:	0.346970	0.000000	0.000000	0.000000	0.000000	0.000000	0.000000	0.000000	0.000000	0.000000	0.653030
31	tsk_31	(x)	1	:	0.502666	0.000000	0.000000	0.000000	0.000000	0.000000	0.000000	0.000000	0.000000	0.000000	0.497334
32	tsk_32	(x)	1	:	0.293758	0.000000	0.000000	0.000000	0.390080	0.000000	0.000000	0.000000	0.000000	0.000000	0.316162
33	tsk_33	(x)	1	:	0.000000	0.000000	0.000000	0.000000	0.000000	0.000000	0.000000	0.000000	0.500000	0.000000	0.500000
34	tsk_34	(x)	1	:	0.109841	0.000000	0.000000	0.000000	0.390076	0.000000	0.000000	0.000000	0.500083	0.000000	0.000000
35	tsk_35	(x)	1	:	0.509596	0.000000	0.000000	0.000000	0.000000	0.000000	0.000000	0.000000	0.000000	0.000000	0.490404
36	tsk_36	(x)	1	:	0.117101	0.000000	0.000000	0.000000	0.000000	0.000000	0.000000	0.000000	0.500000	0.000000	0.382899
37	tsk_37	(x)	1	:	0.000000	0.000000	0.000000	0.000000	0.000000	0.000000	0.000000	0.000000	1.000000	0.000000	0.000000
38	tsk_38	(x)	1	:	0.683674	0.000000	0.000000	0.000000	0.000000	0.000000	0.000000	0.000000	0.000000	0.000000	0.316326
39	tsk_39	(x)	1	:	0.713352	0.000000	0.000000	0.000000	0.000000	0.000000	0.000000	0.000000	0.000000	0.000000	0.286648
40	tsk_40	(x)	1	:	0.204179	0.000000	0.000000	0.000000	0.000000	0.000000	0.500000	0.000000	0.000000	0.000000	0.295821
41	tsk_41	(x)	1	:	0.157487	0.000000	0.000000	0.000000	0.000000	0.000000	0.500000	0.000000	0.000000	0.000000	0.342512
42	tsk_42	(x)	1	:	0.141409	0.000000	0.000000	0.000000	0.000000	0.000000	0.000000	0.495263	0.014634	0.000000	0.348693
43	tsk_43	(x)	1	:	0.633219	0.000000	0.000000	0.000000	0.000000	0.000000	0.000000	0.000000	0.000000	0.000000	0.366781
44	tsk_44	(x)	1	:	0.130562	0.000000	0.000000	0.000000	0.000000	0.000000	0.000000	0.000000	0.500000	0.000000	0.369438
45	tsk_45	(x)	1	:	0.523733	0.000000	0.000000	0.000000	0.000000	0.000000	0.000000	0.000000	0.000000	0.000000	0.476266
46	tsk_46	(x)	1	:	0.054980	0.000000	0.000000	0.307104	0.390053	0.000000	0.000000	0.000000	0.193027	0.000000	0.054836
47	tsk_47	(x)	1	:	0.000000	0.000000	0.000000	0.000000	0.000000	0.000000	0.500001	0.000000	0.499999	0.000000	0.000000
48	tsk_48	(x)	1	:	0.453833	0.000000	0.000000	0.000000	0.000000	0.000000	0.000000	0.000000	0.000000	0.000000	0.546167
49	tsk_49	(x)	1	:	0.000000	0.000000	0.000000	0.243619	0.384247	0.000000	0.372134	0.000000	0.000000	0.000000	0.000000
50	tsk_50	(x)	1	:	0.635058	0.000000	0.000000	0.000000	0.000000	0.000000	0.000000	0.000000	0.000000	0.000000	0.364942
51	tsk_51	(x)	1	:	0.350737	0.000000	0.000000	0.000000	0.000000	0.000000	0.000000	0.000000	0.000000	0.000000	0.649263
52	tsk_52	(x)	1	:	0.346400	0.000000	0.000000	0.000000	0.000000	0.000000	0.000000	0.000000	0.000000	0.000000	0.653600
53	tsk_53	(x)	1	:	0.390049	0.000000	0.000000	0.000000	0.000000	0.000000	0.000000	0.000000	0.000000	0.000000	0.609951
54	tsk_54	(x)	1	:	0.008325	0.000000	0.000000	0.000000	0.000000	0.491099	0.000000	0.000000	0.499232	0.000000	0.001343
55	tsk_55	(x)	1	:	0.434702	0.000000	0.000000	0.000000	0.000000	0.000000	0.000000	0.000000	0.000000	0.000000	0.565297
56	tsk_56	(x)	1	:	0.553489	0.000000	0.000000	0.000000	0.000000	0.000000	0.000000	0.000000	0.000000	0.000000	0.446511
57	tsk_57	(x)	1	:	0.126427	0.000000	0.000000	0.000000	0.000000	0.000000	0.000000	0.000000	0.500000	0.000000	0.373573
58	tsk_58	(x)	1	:	0.202847	0.000000	0.000000	0.000000	0.000000	0.000000	0.000000	0.000000	0.000000	0.000000	0.797153
59	tsk_59	(x)	1	:	0.269590	0.000000	0.000000	0.000000	0.000000	0.000000	0.000000	0.000000	0.500000	0.000000	0.230410
60	tsk_60	(x)	1	:	0.000000	0.000000	0.000000	0.000000	0.000000	0.000000	0.500001	0.000000	0.499999	0.000000	0.000000
61	tsk_61	(x)	1	:	0.000000	0.000000	0.000000	0.000000	0.000000	0.000000	0.000000	0.000000	1.000000	0.000000	0.000000
62	tsk_62	(x)	1	:	0.000000	0.000000	0.000000	1.000000	0.000000	0.000000	0.000000	0.000000	0.000000	0.000000	0.000000
63	tsk_63	(x)	1	:	0.000000	0.000000	0.000000	0.426933	0.000000	0.000000	0.000000	0.000000	0.573067	0.000000	0.000000
64	tsk_64	(x)	1	:	0.000000	0.000000	0.000000	0.426932	0.000000	0.000000	0.000000	0.000000	0.573068	0.000000	0.000000
65	tsk_65	(x)	1	:	0.000000	0.000000	0.000000	1.000000	0.000000	0.000000	0.000000	0.000000	0.000000	0.000000	0.000000
66	tsk_66	(x)	1	:	0.000000	0.679176	0.000000	0.000000	0.000001	0.320822	0.000000	0.000000	0.000000	0.000000	0.000000
67	tsk_67	(x)	1	:	0.000000	0.000000	0.000000	0.458715	0.000000	0.000000	0.533353	0.000000	0.007932	0.000000	0.000000
68	tsk_68	(x)	1	:	0.029396	0.000000	0.000000	0.000000	0.390040	0.000000	0.499864	0.000000	0.000409	0.000000	0.080291
69	tsk_69	(x)	1	:	0.000000	0.000000	0.000000	0.426933	0.000000	0.000000	0.000000	0.000000	0.573067	0.000000	0.000000
70	tsk_70	(x)	1	:	0.285766	0.000000	0.000000	0.000000	0.390080	0.000000	0.000000	0.000000	0.000000	0.000000	0.324154
71	tsk_71	(x)	1	:	0.612319	0.000000	0.000000	0.000000	0.000000	0.000000	0.000000	0.000000	0.000000	0.000000	0.387680
72	tsk_72	(x)	1	:	0.415199	0.000000	0.000000	0.000000	0.000000	0.000000	0.000000	0.000000	0.000000	0.000000	0.584801
73	tsk_73	(x)	1	:	1.000000	0.000000	0.000000	0.000000	0.000000	0.000000	0.000000	0.000000	0.000000	0.000000	0.000000
74	tsk_74	(x)	1	:	0.679777	0.000000	0.000000	0.000000	0.000000	0.000000	0.000000	0.000000	0.000000	0.000000	0.320223
75	tsk_75	(x)	1	:	0.000000	0.000000	0.000000	0.000000	0.000000	0.000000	0.000000	0.000000	0.000000	1.000000	0.000000
76	tsk_76	(x)	1	:	0.326812	0.000000	0.000000	0.000000	0.545615	0.000000	0.000000	0.000000	0.000000	0.000000	0.127573
77	tsk_77	(x)	1	:	0.453266	0.000000	0.000000	0.000000	0.000000	0.000000	0.000000	0.000000	0.000000	0.000000	0.546734
78	tsk_78	(x)	1	:	0.000000	0.000000	0.000000	0.000000	0.530260	0.000000	0.000000	0.000000	0.000030	0.469710	0.000000
79	tsk_79	(x)	1	:	0.000000	0.000000	0.000000	0.000000	0.530264	0.000000	0.000000	0.000000	0.000019	0.469716	0.000000
80	tsk_80	(x)	1	:	0.085986	0.000000	0.000000	0.000000	0.545615	0.000000	0.000000	0.000000	0.000000	0.000000	0.368399
81	tsk_81	(x)	1	:	0.000000	0.000000	0.000000	0.000000	0.532884	0.000000	0.000000	0.000000	0.467116	0.000000	0.000000
82	tsk_82	(x)	1	:	0.093340	0.000000	0.000000	0.000000	0.000000	0.000000	0.000000	0.000000	0.500000	0.000000	0.406660
83	tsk_83	(x)	1	:	0.000000	0.000000	0.000000	0.000000	1.000000	0.000000	0.000000	0.000000	0.000000	0.000000	0.000000
84	tsk_84	(x)	1	:	0.000000	0.000000	0.000000	0.000000	0.532884	0.000000	0.000000	0.000000	0.467116	0.000000	0.000000
85	tsk_85	(x)	1	:	0.000000	0.000000	0.000000	0.000000	1.000000	0.000000	0.000000	0.000000	0.000000	0.000000	0.000000
86	tsk_86	(x)	1	:	0.000000	0.000000	0.686415	0.000000	0.313585	0.000000	0.000000	0.000000	0.000000	0.000000	0.000000
87	tsk_87	(x)	1	:	0.192050	0.000000	0.000000	0.000000	0.748150	0.000000	0.000000	0.000000	0.000000	0.000000	0.059800
88	tsk_88	(x)	1	:	0.367324	0.000000	0.000000	0.000000	0.545615	0.000000	0.000000	0.000000	0.000000	0.000000	0.087061
89	tsk_89	(x)	1	:	0.000000	0.000000	0.000000	0.000000	0.545615	0.000000	0.000000	0.000000	0.000000	0.000000	0.454385
90	tsk_90	(x)	1	:	0.191532	0.000000	0.000000	0.000000	0.000000	0.000000	0.000000	0.495283	0.014595	0.000000	0.298590
91	tsk_91	(x)	1	:	0.684972	0.000000	0.000000	0.000000	0.000000	0.000000	0.000000	0.000000	0.000000	0.000000	0.315027
92	tsk_92	(x)	1	:	0.407245	0.000000	0.000000	0.000000	0.000000	0.491866	0.000000	0.000000	0.000000	0.000000	0.100889
93	tsk_93	(x)	1	:	0.232080	0.000000	0.000000	0.000000	0.545615	0.000000	0.000000	0.000000	0.000000	0.000000	0.222305
94	tsk_94	(x)	1	:	0.437091	0.000000	0.000000	0.000000	0.000000	0.491866	0.000000	0.000000	0.000000	0.000000	0.071042
95	tsk_95	(x)	1	:	0.459888	0.000000	0.000000	0.000000	0.000000	0.000000	0.000000	0.000000	0.000000	0.000000	0.540112
96	tsk_96	(x)	1	:	0.400288	0.000000	0.000000	0.000000	0.000000	0.491866	0.000000	0.000000	0.000000	0.000000	0.107845
97	tsk_97	(x)	1	:	0.500000	0.000000	0.000000	0.000000	0.000000	0.000000	0.000000	0.000000	0.500000	0.000000	0.000000
98	tsk_98	(x)	1	:	0.408649	0.000000	0.000000	0.000000	0.000000	0.491866	0.000000	0.000000	0.000000	0.000000	0.099484
99	tsk_99	(x)	1	:	0.842341	0.000000	0.000000	0.000000	0.000000	0.000000	0.000000	0.000000	0.000000	0.000000	0.157659
100	tsk_100	(x)	1	:	0.111578	0.000000	0.000000	0.000000	0.000000	0.000000	0.000000	0.000000	0.500000	0.000000	0.388422
101	tsk_101	(x)	1	:	0.258806	0.000000	0.000000	0.000000	0.000000	0.000000	0.000000	0.000000	0.500000	0.000000	0.241194
102	tsk_102	(x)	1	:	0.000000	0.000000	0.000000	0.000000	0.000000	0.000000	0.000000	0.000000	1.000000	0.000000	0.000000
103	tsk_103	(x)	1	:	0.212534	0.000000	0.000000	0.000000	0.000000	0.000000	0.000000	0.000000	0.500000	0.000000	0.287465
104	tsk_104	(x)	1	:	0.299549	0.000000	0.000000	0.000000	0.000000	0.000000	0.000000	0.000000	0.500000	0.000000	0.200451
105	tsk_105	(x)	1	:	0.000000	0.000000	0.000000	0.000000	0.000000	0.000000	0.000000	0.000000	1.000000	0.000000	0.000000
106	tsk_106	(x)	1	:	0.000000	0.000000	0.000000	0.426960	0.000000	0.000000	0.000000	0.000000	0.073007	0.000000	0.500033
107	tsk_107	(x)	1	:	0.000000	0.000000	0.000000	1.000000	0.000000	0.000000	0.000000	0.000000	0.000000	0.000000	0.000000
108	tsk_108	(x)	1	:	0.000000	0.000000	0.000000	0.426933	0.000000	0.000000	0.000000	0.000000	0.573067	0.000000	0.000000
109	tsk_109	(x)	1	:	0.000000	0.000000	0.000000	0.426933	0.000000	0.000000	0.000000	0.000000	0.573067	0.000000	0.000000
110	tsk_110	(x)	1	:	0.000000	0.000000	0.000000	0.000000	1.000000	0.000000	0.000000	0.000000	0.000000	0.000000	0.000000
111	tsk_111	(x)	1	:	0.000324	0.000000	0.000000	0.000000	0.390054	0.000000	0.000000	0.000000	0.000301	0.505665	0.103657
112	tsk_112	(x)	1	:	0.000000	0.000000	0.000000	0.000000	0.000000	1.000000	0.000000	0.000000	0.000000	0.000000	0.000000
113	tsk_113	(x)	1	:	0.000000	0.000000	0.000000	0.000000	0.000000	0.495932	0.000000	0.000000	0.504068	0.000000	0.000000
114	tsk_114	(x)	1	:	0.000000	0.000000	0.000000	0.000000	0.000000	1.000000	0.000000	0.000000	0.000000	0.000000	0.000000
115	tsk_115	(x)	1	:	0.100229	0.000000	0.000000	0.000000	0.390072	0.491938	0.000000	0.000000	0.000000	0.000000	0.017760
116	tsk_116	(x)	1	:	0.000000	0.000000	0.000000	0.000000	1.000000	0.000000	0.000000	0.000000	0.000000	0.000000	0.000000
117	tsk_117	(x)	1	:	0.000000	0.000000	0.000000	0.000000	1.000000	0.000000	0.000000	0.000000	0.000000	0.000000	0.000000
118	tsk_118	(x)	1	:	0.032267	0.000000	0.929264	0.000000	0.000000	0.000000	0.000000	0.000000	0.000000	0.000000	0.038469
119	tsk_119	(x)	1	:	0.000004	0.000000	0.000000	0.000000	0.535132	0.464864	0.000000	0.000000	0.000000	0.000000	0.000000
120	tsk_120	(x)	1	:	0.089170	0.000000	0.000000	0.000000	0.390072	0.491938	0.000000	0.000000	0.000000	0.000000	0.028820
121	tsk_121	(x)	1	:	0.000000	0.000000	0.000000	0.000000	0.000000	0.000000	0.500001	0.000000	0.499999	0.000000	0.000000
122	tsk_122	(x)	1	:	0.000000	0.000000	0.674455	0.000000	0.083662	0.000000	0.000000	0.000000	0.000000	0.000000	0.241883
123	tsk_123	(x)	1	:	0.388732	0.000000	0.000000	0.000000	0.000000	0.000000	0.000000	0.000000	0.500000	0.000000	0.111268
124	tsk_124	(x)	1	:	0.000000	0.000000	0.000000	0.000000	0.000000	0.000000	0.500001	0.000000	0.499999	0.000000	0.000000
125	tsk_125	(x)	1	:	0.000000	0.000000	0.000000	0.000000	0.532884	0.000000	0.000000	0.000000	0.467116	0.000000	0.000000
126	tsk_126	(x)	1	:	0.000000	0.000000	0.000000	0.000000	0.000000	0.000000	0.000000	0.000000	1.000000	0.000000	0.000000
127	tsk_127	(x)	1	:	0.000000	0.000000	0.000000	0.000000	0.532884	0.000000	0.000000	0.000000	0.467116	0.000000	0.000000
128	tsk_128	(x)	1	:	0.000000	0.000000	0.000000	0.000000	0.000000	0.000000	0.500001	0.000000	0.499999	0.000000	0.000000
129	tsk_129	(x)	1	:	0.000000	0.000000	0.000000	0.000000	0.000000	0.000000	0.500001	0.000000	0.499999	0.000000	0.000000
130	tsk_130	(x)	1	:	0.013458	0.000000	0.000000	0.000000	0.000000	0.489205	0.000000	0.000000	0.497336	0.000000	0.000000
131	tsk_131	(x)	1	:	0.000000	0.000000	0.000000	0.000000	0.000000	0.000000	0.000000	0.000000	1.000000	0.000000	0.000000
132	tsk_132	(x)	1	:	0.000000	0.000000	0.000000	0.000000	0.000000	0.000000	0.000000	0.000000	1.000000	0.000000	0.000000
133	tsk_133	(x)	1	:	0.000000	0.000000	0.000000	0.000000	0.000000	0.000000	0.000000	0.000000	1.000000	0.000000	0.000000
134	tsk_134	(x)	1	:	0.235041	0.000000	0.000000	0.000000	0.000000	0.491866	0.000000	0.000000	0.000000	0.000000	0.273092
135	tsk_135	(x)	1	:	0.636451	0.000000	0.000000	0.000000	0.000000	0.000000	0.000000	0.000000	0.000000	0.000000	0.363549
136	tsk_136	(x)	1	:	0.006627	0.000000	0.000000	0.000000	0.000000	0.492619	0.000000	0.000000	0.500753	0.000000	0.000000
137	tsk_137	(x)	1	:	0.419749	0.000000	0.000000	0.000000	0.000000	0.491866	0.000000	0.000000	0.000000	0.000000	0.088385
138	tsk_138	(x)	1	:	0.000000	0.000000	0.000000	0.000000	0.000000	0.000000	0.000000	0.000000	1.000000	0.000000	0.000000
139	tsk_139	(x)	1	:	0.000000	0.000000	0.000000	0.000000	0.000000	0.495932	0.000000	0.000000	0.504068	0.000000	0.000000
140	tsk_140	(x)	1	:	0.000000	0.000000	0.000000	0.000000	0.000000	1.000000	0.000000	0.000000	0.000000	0.000000	0.000000
141	tsk_141	(x)	1	:	0.000000	0.000000	0.000000	0.000000	0.000000	0.000000	0.000000	0.000000	1.000000	0.000000	0.000000
142	tsk_142	(x)	1	:	0.011210	0.000000	0.000000	0.000000	0.000000	0.490329	0.000000	0.000000	0.498461	0.000000	0.000000
143	tsk_143	(x)	1	:	0.000000	0.000000	0.000000	0.000000	0.000000	0.495932	0.000000	0.000000	0.504068	0.000000	0.000000
144	tsk_144	(x)	1	:	0.000002	0.000000	0.000000	0.000000	0.000000	0.493886	0.000000	0.501063	0.005049	0.000000	0.000000
145	tsk_145	(x)	1	:	0.000000	0.000000	0.000000	0.000000	0.000000	0.495932	0.000000	0.000000	0.504068	0.000000	0.000000
146	tsk_146	(x)	1	:	0.000000	0.000000	0.000000	0.000000	0.532884	0.000000	0.000000	0.000000	0.467116	0.000000	0.000000
147	tsk_147	(x)	1	:	0.000000	0.000000	0.000000	0.000000	0.000000	0.495932	0.000000	0.000000	0.504068	0.000000	0.000000
148	tsk_148	(x)	1	:	0.000000	0.000000	0.000000	0.000000	0.532884	0.000000	0.000000	0.000000	0.467116	0.000000	0.000000
149	tsk_149	(x)	1	:	0.000000	0.000000	0.000000	0.000000	0.000000	1.000000	0.000000	0.000000	0.000000	0.000000	0.000000
