logL = -1418.441193 (converged)
AIC = 6952.882385
BIC = 13148.769821

count.K
3 12 1 20 1 17 15 5 23 1 4 48 

