logL = -1374.782343 (converged)
AIC = 7177.564685
BIC = 13843.111226

count.K
22 12 8 2 6 26 4 14 11 43 1 1 

