logL = -1459.940160 (converged)
AIC = 4529.880319
BIC = 6953.441731

count.K
16 29 33 54 18 

