logL = -1929.722987 (converged)
AIC = 7719.445973
BIC = 13529.972091

count.K
14 15 4 26 5 41 6 5 20 14 

