logL = -1893.187323 (converged)
AIC = 7140.374646
BIC = 12189.210034

count.K
31 14 8 21 19 5 31 2 19 

