logL = -1084.416895 (converged)
AIC = 3348.833790
BIC = 5125.108614

count.K
32 22 78 18 

