logL = -600.390628 (converged)
AIC = 5220.781255
BIC = 11272.158196

count.K
1 53 0 5 18 11 1 32 1 15 8 5 

