logL = -1910.051348 (converged)
AIC = 6320.102695
BIC = 10083.396813

count.K
4 18 20 26 37 10 35 

