0	tsk_0	(x)	1	:	0.000000	0.530972	0.000000	0.000000	0.000000	0.000000	0.000000	0.000000	0.000000	0.000000	0.000000	0.000000	0.000000	0.000000	0.469028
1	tsk_1	(x)	1	:	0.000000	0.000000	0.000000	0.499214	0.000000	0.000000	0.000000	0.000000	0.000000	0.000000	0.000000	0.000000	0.500786	0.000000	0.000000
2	tsk_2	(x)	1	:	0.000000	0.000000	0.498255	0.000000	0.000000	0.499779	0.000000	0.000000	0.000000	0.000000	0.000000	0.000000	0.000000	0.001965	0.000000
3	tsk_3	(x)	1	:	0.000000	0.239975	0.000000	0.497443	0.000000	0.000000	0.000000	0.000000	0.000000	0.000000	0.000000	0.005248	0.000000	0.000000	0.257333
4	tsk_4	(x)	1	:	0.000000	0.284479	0.000000	0.000000	0.000000	0.000000	0.000000	0.000000	0.000000	0.000000	0.000000	0.000000	0.000000	0.000000	0.715521
5	tsk_5	(x)	1	:	0.000000	0.241684	0.000000	0.497443	0.000000	0.000000	0.000000	0.000000	0.000000	0.000000	0.000000	0.000000	0.000000	0.000000	0.260872
6	tsk_6	(x)	1	:	0.000000	0.165096	0.493436	0.000000	0.000000	0.000000	0.000000	0.000000	0.000000	0.000000	0.000000	0.003130	0.000000	0.007499	0.330839
7	tsk_7	(x)	1	:	0.000000	0.000000	0.496480	0.000000	0.000000	0.000000	0.000000	0.000000	0.000000	0.000000	0.503520	0.000000	0.000000	0.000000	0.000000
8	tsk_8	(x)	1	:	0.000000	0.693890	0.000000	0.000000	0.000000	0.000000	0.000000	0.000000	0.000000	0.000000	0.000000	0.000000	0.000000	0.000000	0.306110
9	tsk_9	(x)	1	:	0.000000	0.000000	0.494426	0.496092	0.000000	0.000000	0.000000	0.000000	0.000000	0.000000	0.000000	0.000000	0.000000	0.009481	0.000000
10	tsk_10	(x)	1	:	0.000000	0.066241	0.493380	0.000000	0.000000	0.000000	0.000000	0.000000	0.000000	0.000000	0.000000	0.002838	0.000000	0.007563	0.429978
11	tsk_11	(x)	1	:	0.000000	0.629354	0.000000	0.000000	0.000000	0.000000	0.000000	0.000000	0.000000	0.000000	0.000000	0.000000	0.000000	0.000000	0.370646
12	tsk_12	(x)	1	:	0.000000	0.519593	0.000000	0.000000	0.000000	0.000000	0.000000	0.000000	0.000000	0.000000	0.000000	0.000000	0.000000	0.000000	0.480406
13	tsk_13	(x)	1	:	0.000000	0.337121	0.000000	0.000000	0.000000	0.000000	0.000000	0.000000	0.000000	0.000000	0.000000	0.000000	0.000000	0.000000	0.662879
14	tsk_14	(x)	1	:	0.000000	0.000000	0.000000	0.000000	0.000000	0.000000	0.000000	0.000000	0.000000	1.000000	0.000000	0.000000	0.000000	0.000000	0.000000
15	tsk_15	(x)	1	:	0.000000	0.143519	0.493442	0.000000	0.000000	0.000000	0.000000	0.000000	0.000000	0.000000	0.000000	0.000000	0.000000	0.007492	0.355547
16	tsk_16	(x)	1	:	0.000000	0.000000	0.000000	0.000000	0.000000	0.000000	0.000000	0.000000	0.000000	1.000000	0.000000	0.000000	0.000000	0.000000	0.000000
17	tsk_17	(x)	1	:	0.000000	0.287363	0.000000	0.000000	0.000000	0.000000	0.000000	0.000000	0.000000	0.000000	0.000000	0.000000	0.000000	0.000000	0.712637
18	tsk_18	(x)	1	:	0.000000	0.000000	0.493164	0.000000	0.000000	0.000000	0.000000	0.000000	0.004412	0.495240	0.000000	0.000000	0.000000	0.007184	0.000000
19	tsk_19	(x)	1	:	0.000000	0.489805	0.000000	0.000000	0.000000	0.000000	0.000000	0.000000	0.000000	0.000000	0.000000	0.000000	0.000000	0.000000	0.510195
20	tsk_20	(x)	1	:	0.000000	0.177814	0.000000	0.000000	0.000000	0.487881	0.000000	0.000000	0.000000	0.000000	0.000000	0.000000	0.000000	0.000000	0.334305
21	tsk_21	(x)	1	:	0.000000	0.490089	0.000000	0.000000	0.000000	0.000000	0.000000	0.000000	0.000000	0.000000	0.000000	0.000000	0.000000	0.000000	0.509911
22	tsk_22	(x)	1	:	0.000000	0.453794	0.000000	0.000000	0.000000	0.000000	0.000000	0.000000	0.000000	0.000000	0.000000	0.000000	0.000000	0.000000	0.546206
23	tsk_23	(x)	1	:	0.000000	0.342503	0.000000	0.000000	0.000000	0.000000	0.000000	0.000000	0.000000	0.000000	0.000000	0.000000	0.000000	0.000000	0.657497
24	tsk_24	(x)	1	:	0.000000	0.414798	0.000000	0.000000	0.000000	0.000000	0.000000	0.000000	0.000000	0.000000	0.000000	0.000000	0.000000	0.000000	0.585202
25	tsk_25	(x)	1	:	0.000000	0.244886	0.000000	0.497443	0.000000	0.000000	0.000000	0.000000	0.000000	0.000000	0.000000	0.000000	0.000000	0.000000	0.257670
26	tsk_26	(x)	1	:	0.000000	0.341995	0.000000	0.497443	0.000000	0.000000	0.000000	0.000000	0.000000	0.000000	0.000000	0.006162	0.000000	0.000000	0.154399
27	tsk_27	(x)	1	:	0.000000	0.309730	0.000000	0.000000	0.000000	0.000000	0.000000	0.000000	0.000000	0.000000	0.000000	0.000000	0.000000	0.000000	0.690270
28	tsk_28	(x)	1	:	0.000000	0.361751	0.000000	0.000000	0.000000	0.000000	0.000000	0.000000	0.000000	0.000000	0.000000	0.000000	0.000000	0.000000	0.638249
29	tsk_29	(x)	1	:	0.000000	0.222279	0.000000	0.000000	0.000000	0.000000	0.000000	0.000000	0.500000	0.000000	0.000000	0.010079	0.000000	0.000000	0.267642
30	tsk_30	(x)	1	:	0.000000	0.428049	0.000000	0.000000	0.000000	0.000000	0.000000	0.000000	0.000000	0.000000	0.000000	0.000000	0.000000	0.500000	0.071950
31	tsk_31	(x)	1	:	0.000000	0.148629	0.000000	0.000000	0.000000	0.000000	0.000000	0.000000	0.000000	0.000000	0.000000	0.030683	0.497679	0.000000	0.323009
32	tsk_32	(x)	1	:	0.000000	0.305323	0.000000	0.000000	0.000000	0.000000	0.000000	0.500000	0.000000	0.000000	0.000000	0.000000	0.000000	0.000000	0.194677
33	tsk_33	(x)	1	:	0.000000	0.349747	0.000000	0.000000	0.000000	0.000000	0.000000	0.000000	0.000000	0.000000	0.000000	0.000770	0.000000	0.500000	0.149483
34	tsk_34	(x)	1	:	0.000000	0.210374	0.000000	0.000000	0.000000	0.000000	0.000000	0.000000	0.000000	0.000000	0.000000	0.007818	0.497679	0.000000	0.284129
35	tsk_35	(x)	1	:	0.000000	0.000000	0.000000	0.000000	0.000000	0.000000	0.000000	1.000000	0.000000	0.000000	0.000000	0.000000	0.000000	0.000000	0.000000
36	tsk_36	(x)	1	:	0.000000	0.000000	0.000000	0.000000	0.000000	0.000000	0.000000	0.000000	0.000000	0.000000	0.000000	0.000000	0.000000	1.000000	0.000000
37	tsk_37	(x)	1	:	0.000000	0.081342	0.000000	0.000000	0.000000	0.000000	0.000000	0.000000	0.000000	0.000000	0.000000	0.005225	0.000000	0.500000	0.413432
38	tsk_38	(x)	1	:	0.000000	0.281965	0.000000	0.000000	0.000000	0.000000	0.000000	0.500000	0.000000	0.000000	0.000000	0.000000	0.000000	0.000000	0.218035
39	tsk_39	(x)	1	:	0.000000	0.135732	0.000000	0.000000	0.000000	0.000000	0.000000	0.000000	0.000000	0.000000	0.000000	0.049692	0.544405	0.000000	0.270170
40	tsk_40	(x)	1	:	0.000000	0.580586	0.000000	0.000000	0.000000	0.000000	0.000000	0.000000	0.000000	0.000000	0.255137	0.000892	0.000000	0.000000	0.163386
41	tsk_41	(x)	1	:	0.000000	0.472501	0.000000	0.000000	0.000000	0.000000	0.000000	0.000000	0.000000	0.000000	0.000000	0.000000	0.000000	0.000000	0.527499
42	tsk_42	(x)	1	:	0.000000	0.000000	0.000000	0.497017	0.000000	0.000000	0.000000	0.000000	0.502982	0.000000	0.000000	0.000000	0.000000	0.000000	0.000000
43	tsk_43	(x)	1	:	0.000000	0.354819	0.000000	0.000000	0.000000	0.000000	0.000000	0.000000	0.000000	0.000000	0.000000	0.025915	0.497679	0.000000	0.121588
44	tsk_44	(x)	1	:	0.000000	0.000000	0.000000	0.000000	0.000000	0.000000	0.500000	0.000000	0.500000	0.000000	0.000000	0.000000	0.000000	0.000000	0.000000
45	tsk_45	(x)	1	:	0.000000	0.415032	0.000000	0.000000	0.000000	0.000000	0.000000	0.000000	0.000000	0.000000	0.000000	0.000000	0.000000	0.000000	0.584968
46	tsk_46	(x)	1	:	0.000000	0.295717	0.000000	0.000000	0.000000	0.000000	0.000000	0.000000	0.000000	0.000000	0.000000	0.024672	0.497679	0.000000	0.181932
47	tsk_47	(x)	1	:	0.000000	0.280996	0.000000	0.497443	0.000000	0.000000	0.000000	0.000000	0.000000	0.000000	0.000000	0.000000	0.000000	0.000000	0.221561
48	tsk_48	(x)	1	:	0.000000	0.594974	0.000000	0.000000	0.000000	0.000000	0.000000	0.000000	0.000000	0.000000	0.000000	0.000000	0.000000	0.000000	0.405026
49	tsk_49	(x)	1	:	0.000000	0.832359	0.000000	0.000000	0.000000	0.000000	0.000000	0.000000	0.000000	0.000000	0.000000	0.000000	0.000000	0.000000	0.167641
50	tsk_50	(x)	1	:	0.371667	0.070729	0.000000	0.000000	0.000000	0.000000	0.000000	0.000000	0.000000	0.000000	0.000000	0.003969	0.000000	0.500339	0.053296
51	tsk_51	(x)	1	:	0.000000	0.226100	0.000000	0.000000	0.000000	0.000000	0.000000	0.000000	0.000000	0.000000	0.000000	0.000000	0.000000	0.500000	0.273900
52	tsk_52	(x)	1	:	0.000000	0.301600	0.000000	0.000000	0.000000	0.000000	0.000000	0.000000	0.000000	0.000000	0.000000	0.000000	0.000000	0.500000	0.198400
53	tsk_53	(x)	1	:	0.000000	0.181998	0.000000	0.000000	0.000000	0.000000	0.000000	0.000000	0.000000	0.000000	0.000000	0.000000	0.000000	0.500000	0.318002
54	tsk_54	(x)	1	:	0.000000	0.000000	0.000000	0.000000	0.000000	0.000000	0.000000	0.000000	0.000000	0.000000	0.000000	0.000000	0.000000	1.000000	0.000000
55	tsk_55	(x)	1	:	0.000000	0.227040	0.000000	0.000000	0.000000	0.000000	0.000000	0.000000	0.000000	0.000000	0.000000	0.000000	0.000000	0.500000	0.272959
56	tsk_56	(x)	1	:	0.000000	0.000000	0.000000	0.000000	0.000000	0.000000	0.000000	0.000000	0.000000	0.000000	0.000000	0.000000	0.000000	1.000000	0.000000
57	tsk_57	(x)	1	:	0.000000	0.000000	0.000000	0.000000	0.000000	0.000000	0.000000	0.000000	0.000000	0.000000	0.000000	0.000000	0.498549	0.501451	0.000000
58	tsk_58	(x)	1	:	0.000000	0.248769	0.000000	0.000000	0.000000	0.000000	0.000000	0.000000	0.000000	0.000000	0.000000	0.001468	0.000000	0.500000	0.249763
59	tsk_59	(x)	1	:	0.371810	0.058094	0.000000	0.000000	0.000000	0.000000	0.000000	0.000000	0.000000	0.000000	0.000000	0.000937	0.000000	0.500359	0.068800
60	tsk_60	(x)	1	:	0.000000	0.000000	0.000000	0.000000	0.000000	0.000000	0.000000	0.000000	0.000000	0.000000	0.000000	0.000000	0.000000	1.000000	0.000000
61	tsk_61	(x)	1	:	0.000000	0.000000	0.000000	0.000000	0.000000	0.000000	1.000000	0.000000	0.000000	0.000000	0.000000	0.000000	0.000000	0.000000	0.000000
62	tsk_62	(x)	1	:	0.000000	0.386818	0.000000	0.000000	0.000000	0.000000	0.499704	0.000000	0.000000	0.000000	0.000000	0.022442	0.000413	0.000000	0.090623
63	tsk_63	(x)	1	:	0.000000	0.000000	0.000000	0.000000	0.000000	0.000000	0.499718	0.000000	0.499907	0.000000	0.000000	0.000000	0.000376	0.000000	0.000000
64	tsk_64	(x)	1	:	0.000000	0.319397	0.000000	0.497443	0.000000	0.000000	0.000000	0.000000	0.000000	0.000000	0.000000	0.000000	0.000000	0.000000	0.183159
65	tsk_65	(x)	1	:	0.000000	0.000000	0.000000	0.000000	0.000000	0.000000	1.000000	0.000000	0.000000	0.000000	0.000000	0.000000	0.000000	0.000000	0.000000
66	tsk_66	(x)	1	:	0.000000	0.290185	0.000000	0.000000	0.000000	0.000000	0.000000	0.000000	0.500000	0.000000	0.000000	0.000294	0.000000	0.000000	0.209521
67	tsk_67	(x)	1	:	0.000000	0.000000	0.000000	0.497017	0.000000	0.000000	0.000000	0.000000	0.502982	0.000000	0.000000	0.000000	0.000000	0.000000	0.000000
68	tsk_68	(x)	1	:	0.000000	0.000000	0.000000	0.498119	0.000000	0.000000	0.501422	0.000000	0.000000	0.000000	0.000000	0.000000	0.000459	0.000000	0.000000
69	tsk_69	(x)	1	:	0.000000	0.198395	0.000000	0.000000	0.000000	0.000000	0.499749	0.000000	0.000000	0.000000	0.000000	0.024299	0.000350	0.000000	0.277206
70	tsk_70	(x)	1	:	0.000000	0.127819	0.000000	0.000000	0.000000	0.000000	0.000000	0.000000	0.500000	0.000000	0.000000	0.003293	0.000000	0.000000	0.368888
71	tsk_71	(x)	1	:	0.371616	0.103088	0.000000	0.497775	0.000000	0.000000	0.000000	0.000000	0.000000	0.000000	0.000000	0.000934	0.000000	0.000000	0.026587
72	tsk_72	(x)	1	:	0.000000	0.426880	0.000000	0.497443	0.000000	0.000000	0.000000	0.000000	0.000000	0.000000	0.000000	0.001895	0.000000	0.000000	0.073782
73	tsk_73	(x)	1	:	0.000000	0.266099	0.000000	0.497443	0.000000	0.000000	0.000000	0.000000	0.000000	0.000000	0.000000	0.000000	0.000000	0.000000	0.236457
74	tsk_74	(x)	1	:	0.000000	0.189399	0.000000	0.000000	0.000000	0.000000	0.000000	0.000000	0.000000	0.000000	0.000000	0.000000	0.000000	0.000000	0.810601
75	tsk_75	(x)	1	:	0.000000	0.299340	0.000000	0.497443	0.000000	0.000000	0.000000	0.000000	0.000000	0.000000	0.000000	0.000000	0.000000	0.000000	0.203216
76	tsk_76	(x)	1	:	0.000000	0.289704	0.000000	0.000000	0.000000	0.000000	0.000000	0.000000	0.000000	0.000000	0.000000	0.000000	0.000000	0.000000	0.710296
77	tsk_77	(x)	1	:	0.000000	0.196741	0.000000	0.000000	0.000000	0.000000	0.000000	0.000000	0.500000	0.000000	0.000000	0.000254	0.000000	0.000000	0.303005
78	tsk_78	(x)	1	:	0.000000	0.000000	0.000000	0.494037	0.000000	0.000000	0.000000	0.505963	0.000000	0.000000	0.000000	0.000000	0.000000	0.000000	0.000000
79	tsk_79	(x)	1	:	0.000000	0.725227	0.000000	0.000000	0.000000	0.000000	0.000000	0.000000	0.000000	0.000000	0.000000	0.000000	0.000000	0.000000	0.274773
80	tsk_80	(x)	1	:	0.000000	0.229293	0.000000	0.000000	0.000000	0.000000	0.000000	0.000000	0.500000	0.000000	0.000000	0.003177	0.000000	0.000000	0.267531
81	tsk_81	(x)	1	:	0.000000	0.000000	0.000000	0.000000	0.000000	0.000000	0.000000	0.000000	1.000000	0.000000	0.000000	0.000000	0.000000	0.000000	0.000000
82	tsk_82	(x)	1	:	0.000000	0.000000	0.000000	0.497017	0.000000	0.000000	0.000000	0.000000	0.502982	0.000000	0.000000	0.000000	0.000000	0.000000	0.000000
83	tsk_83	(x)	1	:	0.000000	0.000000	0.000000	0.000000	0.000000	0.000000	0.000000	0.000000	1.000000	0.000000	0.000000	0.000000	0.000000	0.000000	0.000000
84	tsk_84	(x)	1	:	0.371698	0.049104	0.000000	0.000000	0.000000	0.000000	0.000000	0.000000	0.500482	0.000000	0.000000	0.004762	0.000000	0.000000	0.073953
85	tsk_85	(x)	1	:	0.000000	0.000000	0.000000	0.000000	0.000000	0.000000	0.000000	0.000000	0.500000	0.000000	0.000000	0.000000	0.000000	0.500000	0.000000
86	tsk_86	(x)	1	:	0.000000	0.000000	0.000000	1.000000	0.000000	0.000000	0.000000	0.000000	0.000000	0.000000	0.000000	0.000000	0.000000	0.000000	0.000000
87	tsk_87	(x)	1	:	0.000000	0.000000	0.000000	0.499214	0.000000	0.000000	0.000000	0.000000	0.000000	0.000000	0.000000	0.000000	0.500786	0.000000	0.000000
88	tsk_88	(x)	1	:	0.000000	0.000000	0.000000	0.000000	0.000000	0.000000	0.000000	0.000000	0.500000	0.500000	0.000000	0.000000	0.000000	0.000000	0.000000
89	tsk_89	(x)	1	:	0.000000	0.381937	0.000000	0.000000	0.000000	0.000000	0.000000	0.000000	0.000000	0.000000	0.000000	0.000000	0.000000	0.000000	0.618063
90	tsk_90	(x)	1	:	0.000000	0.385812	0.000000	0.000000	0.000000	0.000000	0.000000	0.000000	0.000000	0.000000	0.000000	0.000000	0.000000	0.500000	0.114188
91	tsk_91	(x)	1	:	0.505297	0.000000	0.000000	0.000000	0.000000	0.000000	0.000000	0.000000	0.000000	0.000000	0.000000	0.000000	0.494703	0.000000	0.000000
92	tsk_92	(x)	1	:	0.000000	0.229877	0.000000	0.000000	0.000000	0.000000	0.000000	0.000000	0.000000	0.000000	0.000000	0.000000	0.000000	0.000000	0.770123
93	tsk_93	(x)	1	:	0.370032	0.295472	0.000000	0.000000	0.000000	0.000000	0.000000	0.000000	0.000000	0.000000	0.000000	0.000000	0.000000	0.000000	0.334496
94	tsk_94	(x)	1	:	0.663125	0.178650	0.000000	0.000000	0.000000	0.000000	0.000000	0.000000	0.000000	0.000000	0.000000	0.000000	0.000000	0.000000	0.158224
95	tsk_95	(x)	1	:	0.000000	0.769294	0.000000	0.000000	0.000000	0.000000	0.000000	0.000000	0.000000	0.000000	0.000000	0.000000	0.000000	0.000000	0.230706
96	tsk_96	(x)	1	:	0.000000	0.418493	0.000000	0.000000	0.000000	0.000000	0.000000	0.000000	0.000000	0.000000	0.000000	0.000000	0.000000	0.000000	0.581507
97	tsk_97	(x)	1	:	0.310866	0.287041	0.000000	0.000000	0.000000	0.000000	0.000000	0.000000	0.000000	0.000000	0.000000	0.000000	0.000000	0.000000	0.402092
98	tsk_98	(x)	1	:	0.000000	0.258731	0.000000	0.000000	0.000000	0.000000	0.000000	0.000000	0.000000	0.500000	0.000000	0.001009	0.000000	0.000000	0.240260
99	tsk_99	(x)	1	:	0.000000	0.502066	0.000000	0.000000	0.000000	0.000000	0.000000	0.000000	0.000000	0.000000	0.000000	0.000000	0.000000	0.000000	0.497933
100	tsk_100	(x)	1	:	0.000000	0.000000	0.000000	1.000000	0.000000	0.000000	0.000000	0.000000	0.000000	0.000000	0.000000	0.000000	0.000000	0.000000	0.000000
101	tsk_101	(x)	1	:	0.000000	0.191530	0.000000	0.000000	0.000000	0.000000	0.000000	0.000000	0.000000	0.000000	0.000000	0.031217	0.497679	0.000000	0.279575
102	tsk_102	(x)	1	:	0.000000	0.335565	0.000000	0.000000	0.000000	0.000000	0.000000	0.000000	0.000000	0.000000	0.000000	0.000000	0.000000	0.000000	0.664434
103	tsk_103	(x)	1	:	0.000000	0.000000	0.000000	0.497017	0.000000	0.000000	0.000000	0.000000	0.502982	0.000000	0.000000	0.000000	0.000000	0.000000	0.000000
104	tsk_104	(x)	1	:	0.000000	0.332814	0.000000	0.497443	0.000000	0.000000	0.000000	0.000000	0.000000	0.000000	0.000000	0.000000	0.000000	0.000000	0.169743
105	tsk_105	(x)	1	:	0.000000	0.328488	0.000000	0.000000	0.000000	0.000000	0.000000	0.000000	0.000000	0.000000	0.000000	0.039946	0.497679	0.000000	0.133887
106	tsk_106	(x)	1	:	0.000000	0.000000	0.000000	0.000000	0.000000	0.000000	0.000000	0.000000	1.000000	0.000000	0.000000	0.000000	0.000000	0.000000	0.000000
107	tsk_107	(x)	1	:	0.000000	0.250041	0.493495	0.000000	0.000000	0.000000	0.000000	0.000000	0.000000	0.000000	0.000000	0.000000	0.000000	0.007432	0.249033
108	tsk_108	(x)	1	:	0.000000	0.124974	0.000000	0.000000	0.000000	0.000000	0.000000	0.000000	0.500000	0.000000	0.000000	0.000592	0.000000	0.000000	0.374434
109	tsk_109	(x)	1	:	0.000000	0.000000	0.000000	0.000000	0.000000	0.000000	0.000000	0.000000	0.000000	0.000000	0.000000	0.000000	1.000000	0.000000	0.000000
110	tsk_110	(x)	1	:	0.000000	0.238404	0.000000	0.000000	0.000000	0.000000	0.000000	0.000000	0.000000	0.000000	0.000000	0.000000	0.000000	0.000000	0.761596
111	tsk_111	(x)	1	:	0.000000	0.256251	0.000000	0.000000	0.000000	0.000000	0.000000	0.000000	0.000000	0.000000	0.000000	0.000000	0.000000	0.000000	0.743749
112	tsk_112	(x)	1	:	0.000000	0.101552	0.000000	0.000000	0.000000	0.000000	0.000000	0.000000	0.000000	0.000000	0.254706	0.000000	0.000000	0.000000	0.643742
113	tsk_113	(x)	1	:	0.000000	0.113440	0.000000	0.000000	0.000000	0.000000	0.000000	0.000000	0.000000	0.000000	0.299561	0.000021	0.000000	0.000000	0.586978
114	tsk_114	(x)	1	:	0.000000	0.414885	0.000000	0.000000	0.000000	0.000000	0.000000	0.000000	0.000000	0.000000	0.000000	0.000000	0.000000	0.000000	0.585115
115	tsk_115	(x)	1	:	0.000000	0.223231	0.000000	0.000000	0.000000	0.000000	0.000000	0.000000	0.000000	0.000000	0.000000	0.000000	0.000000	0.000000	0.776769
116	tsk_116	(x)	1	:	0.000000	0.518601	0.000000	0.000000	0.000000	0.000000	0.000000	0.000000	0.000000	0.000000	0.000000	0.000000	0.000000	0.000000	0.481399
117	tsk_117	(x)	1	:	0.000000	0.149645	0.000000	0.000000	0.000000	0.000000	0.000000	0.000000	0.500000	0.000000	0.000000	0.000000	0.000000	0.000000	0.350355
118	tsk_118	(x)	1	:	0.000000	0.413035	0.000000	0.000000	0.000000	0.000000	0.000000	0.000000	0.000000	0.000000	0.000000	0.000000	0.000000	0.000000	0.586965
119	tsk_119	(x)	1	:	0.000000	0.620751	0.000000	0.000000	0.000000	0.000000	0.000000	0.000000	0.000000	0.000000	0.000000	0.000000	0.000000	0.000000	0.379249
120	tsk_120	(x)	1	:	0.000000	0.081556	0.000000	0.000000	0.000000	0.000000	0.000000	0.000000	0.000000	0.000000	0.000000	0.051491	0.497679	0.000000	0.369274
121	tsk_121	(x)	1	:	0.000000	0.371498	0.000000	0.000000	0.000000	0.000000	0.000000	0.000000	0.000000	0.000000	0.000000	0.000000	0.000000	0.000000	0.628502
122	tsk_122	(x)	1	:	0.000000	0.255778	0.000000	0.000000	0.000000	0.000000	0.000000	0.000000	0.500000	0.000000	0.000000	0.001409	0.000000	0.000000	0.242812
123	tsk_123	(x)	1	:	0.000000	0.557529	0.000000	0.000000	0.000000	0.000000	0.000000	0.000000	0.000000	0.000000	0.000000	0.000000	0.000000	0.000000	0.442471
124	tsk_124	(x)	1	:	0.000000	0.118875	0.000000	0.000000	0.000000	0.000000	0.000000	0.000000	0.000000	0.000000	0.000000	0.000000	0.000000	0.500000	0.381125
125	tsk_125	(x)	1	:	0.000000	0.416722	0.000000	0.000000	0.000000	0.000000	0.000000	0.000000	0.000000	0.000000	0.000000	0.000000	0.000000	0.000000	0.583278
126	tsk_126	(x)	1	:	0.000000	0.418175	0.000000	0.000000	0.000000	0.000000	0.000000	0.000000	0.000000	0.000000	0.000000	0.000000	0.000000	0.000000	0.581824
127	tsk_127	(x)	1	:	0.000000	0.472132	0.000000	0.000000	0.000000	0.000000	0.000000	0.000000	0.000000	0.000000	0.000001	0.000000	0.000000	0.000000	0.527867
128	tsk_128	(x)	1	:	0.000000	0.348861	0.000000	0.000000	0.000000	0.000000	0.000000	0.000000	0.000000	0.000000	0.000000	0.001364	0.000000	0.500000	0.149775
129	tsk_129	(x)	1	:	0.000000	0.000000	0.000000	0.000000	0.000000	0.000000	0.000000	0.000000	0.500000	0.000000	0.000000	0.000000	0.000000	0.500000	0.000000
130	tsk_130	(x)	1	:	0.000000	0.003338	0.000000	0.000000	0.500085	0.000000	0.000000	0.000000	0.000000	0.000000	0.000000	0.492091	0.000000	0.000000	0.004486
131	tsk_131	(x)	1	:	0.000000	0.000000	0.000000	0.499214	0.000000	0.000000	0.000000	0.000000	0.000000	0.000000	0.000000	0.000000	0.500786	0.000000	0.000000
132	tsk_132	(x)	1	:	0.000000	0.000000	0.000000	0.000000	0.000000	0.000000	0.000000	0.501290	0.000000	0.000000	0.000000	0.000000	0.498710	0.000000	0.000000
133	tsk_133	(x)	1	:	0.000000	0.000000	0.000000	0.000000	0.000000	0.000000	0.000000	0.501290	0.000000	0.000000	0.000000	0.000000	0.498710	0.000000	0.000000
134	tsk_134	(x)	1	:	0.000000	0.000000	0.000000	0.000000	0.000000	0.000000	0.000000	0.000000	0.501934	0.000000	0.000000	0.000000	0.498065	0.000000	0.000000
135	tsk_135	(x)	1	:	0.000000	0.219140	0.000000	0.000000	0.000000	0.000000	0.000000	0.000000	0.000000	0.000000	0.000000	0.001768	0.497679	0.000000	0.281414
136	tsk_136	(x)	1	:	0.000000	0.000000	0.000000	0.000000	0.499867	0.000000	0.000000	0.000000	0.002633	0.497501	0.000000	0.000000	0.000000	0.000000	0.000000
137	tsk_137	(x)	1	:	0.000000	0.004409	0.000000	0.000000	0.500085	0.000000	0.000000	0.000000	0.000000	0.000000	0.000000	0.492750	0.000000	0.000000	0.002756
138	tsk_138	(x)	1	:	0.000000	0.000000	0.000000	0.000000	0.000000	0.000000	0.000000	0.501290	0.000000	0.000000	0.000000	0.000000	0.498710	0.000000	0.000000
139	tsk_139	(x)	1	:	0.000000	0.000000	0.000000	0.499214	0.000000	0.000000	0.000000	0.000000	0.000000	0.000000	0.000000	0.000000	0.500786	0.000000	0.000000
140	tsk_140	(x)	1	:	0.000000	0.000000	0.000000	0.000000	0.000000	0.000000	1.000000	0.000000	0.000000	0.000000	0.000000	0.000000	0.000000	0.000000	0.000000
141	tsk_141	(x)	1	:	0.000000	0.000000	0.000000	0.497017	0.000000	0.000000	0.000000	0.000000	0.000000	0.000000	0.000000	0.000000	0.000000	0.502982	0.000000
142	tsk_142	(x)	1	:	0.000000	0.000000	0.000000	0.000000	0.000000	0.000000	1.000000	0.000000	0.000000	0.000000	0.000000	0.000000	0.000000	0.000000	0.000000
143	tsk_143	(x)	1	:	0.000000	0.196952	0.000000	0.000000	0.000000	0.000000	0.000000	0.000000	0.000000	0.000000	0.000000	0.061731	0.497679	0.000000	0.243638
144	tsk_144	(x)	1	:	0.000000	0.000000	0.000000	0.000000	0.000000	0.000000	0.531549	0.000000	0.000000	0.000000	0.468345	0.000000	0.000106	0.000000	0.000000
145	tsk_145	(x)	1	:	0.000000	0.000000	0.000000	0.000000	0.000000	0.000000	0.499733	0.000000	0.499912	0.000000	0.000000	0.000000	0.000355	0.000000	0.000000
146	tsk_146	(x)	1	:	0.000000	0.000000	0.000000	0.498127	0.000000	0.000000	0.501454	0.000000	0.000000	0.000000	0.000000	0.000000	0.000420	0.000000	0.000000
147	tsk_147	(x)	1	:	0.000000	0.000000	0.000000	0.494037	0.000000	0.000000	0.000000	0.505963	0.000000	0.000000	0.000000	0.000000	0.000000	0.000000	0.000000
148	tsk_148	(x)	1	:	0.000000	0.000000	0.493168	0.000000	0.000000	0.000000	0.499284	0.000000	0.000000	0.000000	0.000000	0.000000	0.000044	0.007504	0.000000
149	tsk_149	(x)	1	:	0.000000	0.304949	0.000000	0.497443	0.000000	0.000000	0.000000	0.000000	0.000000	0.000000	0.000000	0.000000	0.000000	0.000000	0.197608
