0	tsk_0	(x)	1	:	0.000000	0.000000	0.000000	0.000000	0.000000	0.000000	0.000000	0.000000	0.000000	0.040925	0.500057	0.459017	0.000000	0.000000	0.000000
1	tsk_1	(x)	1	:	0.253752	0.000000	0.000000	0.498968	0.000000	0.000000	0.000000	0.000000	0.000000	0.000000	0.000000	0.000000	0.000000	0.247280	0.000000
2	tsk_2	(x)	1	:	0.075143	0.000000	0.000000	0.000000	0.000000	0.000000	0.000000	0.000000	0.000000	0.000360	0.498530	0.001493	0.000000	0.424474	0.000000
3	tsk_3	(x)	1	:	0.385636	0.000000	0.000000	0.000000	0.000000	0.000000	0.000000	0.000000	0.000000	0.000000	0.000000	0.000000	0.000000	0.614364	0.000000
4	tsk_4	(x)	1	:	0.000000	0.000000	0.000000	0.000000	0.000000	0.000000	0.000000	0.000000	0.000000	0.000000	1.000000	0.000000	0.000000	0.000000	0.000000
5	tsk_5	(x)	1	:	0.091450	0.000000	0.000000	0.000000	0.000000	0.000000	0.000000	0.000000	0.000000	0.000195	0.498968	0.001111	0.000000	0.408276	0.000000
6	tsk_6	(x)	1	:	0.000000	0.000000	0.000000	0.000000	0.000000	0.000000	0.000000	0.000000	0.000000	0.039726	0.500057	0.460217	0.000000	0.000000	0.000000
7	tsk_7	(x)	1	:	0.000000	0.000000	0.000000	0.500493	0.499507	0.000000	0.000000	0.000000	0.000000	0.000000	0.000000	0.000000	0.000000	0.000000	0.000000
8	tsk_8	(x)	1	:	0.229095	0.000000	0.000000	0.000000	0.000000	0.000000	0.000000	0.000000	0.000000	0.161224	0.000000	0.338776	0.000000	0.270905	0.000000
9	tsk_9	(x)	1	:	0.000000	0.000000	0.000000	0.497316	0.000000	0.000000	0.000000	0.000000	0.000000	0.207840	0.000000	0.294844	0.000000	0.000000	0.000000
10	tsk_10	(x)	1	:	0.131135	0.000000	0.000000	0.000000	0.000000	0.000000	0.000000	0.000000	0.000000	0.000000	0.000000	0.000000	0.000000	0.868865	0.000000
11	tsk_11	(x)	1	:	0.317368	0.000000	0.000000	0.000000	0.000000	0.000000	0.000000	0.000000	0.000000	0.046526	0.000000	0.453474	0.000000	0.182632	0.000000
12	tsk_12	(x)	1	:	0.069841	0.000000	0.000000	0.000000	0.000000	0.000000	0.000000	0.000000	0.000000	0.000000	0.000000	0.000000	0.000000	0.930159	0.000000
13	tsk_13	(x)	1	:	0.000000	0.500901	0.000000	0.000554	0.498544	0.000000	0.000000	0.000000	0.000000	0.000000	0.000000	0.000000	0.000000	0.000000	0.000000
14	tsk_14	(x)	1	:	0.000000	0.000000	0.000000	0.000000	0.000000	0.000000	0.000000	0.000000	0.000000	0.010859	0.500054	0.203759	0.000000	0.000000	0.285328
15	tsk_15	(x)	1	:	0.459917	0.000000	0.000000	0.000000	0.000000	0.000000	0.000000	0.000000	0.000000	0.000000	0.000000	0.000000	0.000000	0.540083	0.000000
16	tsk_16	(x)	1	:	0.139572	0.000000	0.000000	0.000000	0.000000	0.000000	0.000000	0.000000	0.000000	0.000000	0.000000	0.000000	0.000000	0.860428	0.000000
17	tsk_17	(x)	1	:	0.000000	0.000000	0.000000	0.000000	0.000000	0.000000	0.000000	0.000000	0.000000	0.057957	0.000000	0.444343	0.497700	0.000000	0.000000
18	tsk_18	(x)	1	:	0.000000	0.000000	0.000000	0.000000	0.000000	0.000000	0.000000	0.000000	0.000000	0.050425	0.000000	0.949575	0.000000	0.000000	0.000000
19	tsk_19	(x)	1	:	0.043500	0.000000	0.000000	0.000000	0.000000	0.000000	0.000000	0.000000	0.000000	0.000000	0.300314	0.000000	0.000000	0.397913	0.258274
20	tsk_20	(x)	1	:	0.000000	0.000000	0.000000	0.499032	0.000000	0.000000	0.000000	0.000000	0.000000	0.000000	0.000000	0.000000	0.500968	0.000000	0.000000
21	tsk_21	(x)	1	:	0.000000	0.000000	0.000000	0.397097	0.000000	0.000000	0.000000	0.000000	0.000000	0.000000	0.000000	0.000000	0.602903	0.000000	0.000000
22	tsk_22	(x)	1	:	0.000000	0.000000	0.000000	1.000000	0.000000	0.000000	0.000000	0.000000	0.000000	0.000000	0.000000	0.000000	0.000000	0.000000	0.000000
23	tsk_23	(x)	1	:	0.000000	0.000000	0.000000	0.499032	0.000000	0.000000	0.000000	0.000000	0.000000	0.000000	0.000000	0.000000	0.500968	0.000000	0.000000
24	tsk_24	(x)	1	:	0.000000	0.000000	0.000000	0.000000	0.000000	0.000000	0.000000	0.000000	0.000000	0.393797	0.000000	0.108504	0.497700	0.000000	0.000000
25	tsk_25	(x)	1	:	0.000000	0.000000	0.000000	0.000000	0.000000	0.000000	0.000000	0.000000	0.000000	0.000000	0.166691	0.335611	0.497698	0.000000	0.000000
26	tsk_26	(x)	1	:	0.000000	0.000000	0.000000	0.499032	0.000000	0.000000	0.000000	0.000000	0.000000	0.000000	0.000000	0.000000	0.500968	0.000000	0.000000
27	tsk_27	(x)	1	:	0.000000	0.000000	0.000000	0.000000	0.000000	0.000000	0.000000	0.000000	0.000000	0.000000	0.000000	0.000000	1.000000	0.000000	0.000000
28	tsk_28	(x)	1	:	0.000000	0.000000	0.000000	0.000000	0.000000	0.000000	0.000000	0.000000	0.000000	0.000000	0.000000	0.000000	1.000000	0.000000	0.000000
29	tsk_29	(x)	1	:	0.000000	0.000000	0.000000	0.000000	0.000000	0.000000	0.000000	0.000000	0.000000	0.002946	0.498575	0.001670	0.496809	0.000000	0.000000
30	tsk_30	(x)	1	:	0.000000	0.000000	0.000000	0.000000	0.000000	0.000000	0.000000	0.000000	1.000000	0.000000	0.000000	0.000000	0.000000	0.000000	0.000000
31	tsk_31	(x)	1	:	0.000000	0.503830	0.000000	0.000000	0.000000	0.000000	0.000000	0.000000	0.000000	0.000000	0.000000	0.000000	0.496170	0.000000	0.000000
32	tsk_32	(x)	1	:	0.000000	1.000000	0.000000	0.000000	0.000000	0.000000	0.000000	0.000000	0.000000	0.000000	0.000000	0.000000	0.000000	0.000000	0.000000
33	tsk_33	(x)	1	:	0.186216	0.500000	0.000000	0.000000	0.000000	0.000000	0.000000	0.000000	0.000000	0.000000	0.000000	0.000000	0.000000	0.313784	0.000000
34	tsk_34	(x)	1	:	0.130963	0.000000	0.000000	0.000000	0.498583	0.000000	0.000000	0.000000	0.000000	0.000000	0.000000	0.000000	0.000000	0.370453	0.000000
35	tsk_35	(x)	1	:	0.237925	0.500000	0.000000	0.000000	0.000000	0.000000	0.000000	0.000000	0.000000	0.000000	0.000000	0.000000	0.000000	0.262075	0.000000
36	tsk_36	(x)	1	:	0.315741	0.000000	0.000000	0.000000	0.000000	0.000000	0.000000	0.000000	0.000000	0.079839	0.000000	0.420161	0.000000	0.184259	0.000000
37	tsk_37	(x)	1	:	0.195162	0.500000	0.000000	0.000000	0.000000	0.000000	0.000000	0.000000	0.000000	0.000000	0.000000	0.000000	0.000000	0.304838	0.000000
38	tsk_38	(x)	1	:	0.206204	0.000000	0.000000	0.000000	0.000000	0.000000	0.000000	0.000000	0.515593	0.000000	0.000000	0.000000	0.000000	0.278203	0.000000
39	tsk_39	(x)	1	:	0.168376	0.498110	0.000000	0.002032	0.000000	0.000000	0.000000	0.000000	0.000000	0.000000	0.000000	0.000000	0.000000	0.331482	0.000000
40	tsk_40	(x)	1	:	0.000000	0.000000	0.000000	0.000000	0.000000	0.000000	0.000000	0.000000	0.000000	0.022388	0.000000	0.977612	0.000000	0.000000	0.000000
41	tsk_41	(x)	1	:	0.000000	0.000000	0.000001	0.497315	0.000000	0.000000	0.000000	0.000000	0.000000	0.302312	0.000000	0.200372	0.000000	0.000000	0.000000
42	tsk_42	(x)	1	:	0.290454	0.000000	0.000000	0.000000	0.000000	0.000000	0.000000	0.000000	0.000000	0.101267	0.000000	0.398733	0.000000	0.209546	0.000000
43	tsk_43	(x)	1	:	0.048293	0.000000	0.001176	0.000000	0.000000	0.000000	0.000000	0.862378	0.000000	0.000000	0.000000	0.000000	0.000000	0.088152	0.000000
44	tsk_44	(x)	1	:	0.207908	0.000000	0.000000	0.000000	0.000000	0.000000	0.000000	0.000000	0.000000	0.068270	0.000000	0.431730	0.000000	0.292092	0.000000
45	tsk_45	(x)	1	:	0.000000	0.000000	0.000000	0.000000	0.000000	0.000000	0.000000	0.000000	0.424881	0.053449	0.000000	0.023971	0.497700	0.000000	0.000000
46	tsk_46	(x)	1	:	0.216760	0.000000	0.000000	0.000000	0.000000	0.000000	0.000000	0.000000	0.000000	0.000000	0.000000	0.000000	0.000000	0.783240	0.000000
47	tsk_47	(x)	1	:	0.000000	0.000000	0.000000	0.497316	0.000000	0.000000	0.000000	0.000000	0.000000	0.182202	0.000000	0.320482	0.000000	0.000000	0.000000
48	tsk_48	(x)	1	:	0.140187	0.000000	0.000000	0.000000	0.000000	0.000000	0.000000	0.000000	0.000000	0.080050	0.000000	0.419950	0.000000	0.359813	0.000000
49	tsk_49	(x)	1	:	0.175479	0.000000	0.000000	0.498968	0.000000	0.000000	0.000000	0.000000	0.000000	0.000000	0.000000	0.000000	0.000000	0.325554	0.000000
50	tsk_50	(x)	1	:	0.000000	0.000000	0.000000	0.497314	0.000000	0.000000	0.000000	0.000000	0.000000	0.131564	0.166689	0.204432	0.000000	0.000000	0.000000
51	tsk_51	(x)	1	:	0.000000	0.000000	0.000000	0.000000	0.000000	0.000000	0.000000	0.000000	0.000000	0.000000	1.000000	0.000000	0.000000	0.000000	0.000000
52	tsk_52	(x)	1	:	0.000000	0.000000	1.000000	0.000000	0.000000	0.000000	0.000000	0.000000	0.000000	0.000000	0.000000	0.000000	0.000000	0.000000	0.000000
53	tsk_53	(x)	1	:	0.147913	0.000000	0.000000	0.000000	0.000000	0.500000	0.000000	0.000000	0.000000	0.000000	0.000000	0.000000	0.000000	0.352086	0.000000
54	tsk_54	(x)	1	:	0.069448	0.000000	0.512259	0.000000	0.000000	0.000000	0.000000	0.000000	0.000000	0.000000	0.000000	0.000000	0.000000	0.418293	0.000000
55	tsk_55	(x)	1	:	0.000442	0.000000	0.511224	0.000000	0.000000	0.486976	0.000000	0.000000	0.000000	0.000000	0.000000	0.000000	0.000000	0.001357	0.000000
56	tsk_56	(x)	1	:	0.000000	0.497416	0.000000	0.001919	0.000000	0.000000	0.000000	0.000000	0.000000	0.001513	0.498107	0.001044	0.000000	0.000000	0.000000
57	tsk_57	(x)	1	:	0.000403	0.000000	0.000000	0.000000	0.000000	0.494611	0.000000	0.000000	0.000000	0.000127	0.498662	0.001117	0.000000	0.005081	0.000000
58	tsk_58	(x)	1	:	0.000784	0.000000	0.511226	0.000000	0.000000	0.487005	0.000000	0.000000	0.000000	0.000000	0.000000	0.000000	0.000000	0.000984	0.000000
59	tsk_59	(x)	1	:	0.321322	0.000000	0.512259	0.000000	0.000000	0.000000	0.000000	0.000000	0.000000	0.000000	0.000000	0.000000	0.000000	0.166419	0.000000
60	tsk_60	(x)	1	:	0.000000	1.000000	0.000000	0.000000	0.000000	0.000000	0.000000	0.000000	0.000000	0.000000	0.000000	0.000000	0.000000	0.000000	0.000000
61	tsk_61	(x)	1	:	0.000000	0.497944	0.000000	0.002463	0.000000	0.000000	0.000000	0.000000	0.000000	0.130054	0.000000	0.369539	0.000000	0.000000	0.000000
62	tsk_62	(x)	1	:	0.000000	0.000000	0.000000	0.000000	0.000000	0.000000	0.000000	0.000000	0.000000	0.052048	0.333391	0.614561	0.000000	0.000000	0.000000
63	tsk_63	(x)	1	:	0.000000	0.000000	0.000000	0.000000	0.000000	0.000000	0.000000	0.000000	0.000000	0.024689	0.333391	0.641920	0.000000	0.000000	0.000000
64	tsk_64	(x)	1	:	0.227748	0.000000	0.000000	0.498968	0.000000	0.000000	0.000000	0.000000	0.000000	0.000000	0.000000	0.000000	0.000000	0.273284	0.000000
65	tsk_65	(x)	1	:	0.000000	0.000000	0.000000	0.000000	0.499357	0.000000	0.000000	0.000000	0.000000	0.000000	0.000000	0.000000	0.500643	0.000000	0.000000
66	tsk_66	(x)	1	:	0.000000	0.497912	0.000000	0.002513	0.000000	0.000000	0.000000	0.000000	0.000000	0.206162	0.000000	0.293413	0.000000	0.000000	0.000000
67	tsk_67	(x)	1	:	0.000000	0.000000	0.000000	0.497316	0.000000	0.000000	0.000000	0.000000	0.000000	0.127240	0.000000	0.375444	0.000000	0.000000	0.000000
68	tsk_68	(x)	1	:	0.000000	0.000000	0.000000	0.000000	0.000000	0.000000	0.000000	0.000000	0.000000	0.063922	0.333391	0.602687	0.000000	0.000000	0.000000
69	tsk_69	(x)	1	:	0.000000	0.000000	0.000000	0.497316	0.000000	0.000000	0.000000	0.000000	0.000000	0.145890	0.000000	0.356794	0.000000	0.000000	0.000000
70	tsk_70	(x)	1	:	0.196597	0.000000	0.000000	0.000000	0.000000	0.000000	0.000000	0.000000	0.000000	0.000000	0.000000	0.000000	0.000000	0.803403	0.000000
71	tsk_71	(x)	1	:	0.080050	0.000000	0.000000	0.000000	0.000000	0.000000	0.000000	0.000000	0.000000	0.000000	0.000000	0.000000	0.000000	0.919950	0.000000
72	tsk_72	(x)	1	:	0.332889	0.000000	0.000000	0.000000	0.000000	0.000000	0.000000	0.000000	0.000000	0.128554	0.000000	0.371446	0.000000	0.167111	0.000000
73	tsk_73	(x)	1	:	0.210420	0.000000	0.000000	0.000000	0.000000	0.000000	0.000000	0.000000	0.000000	0.034566	0.000000	0.465434	0.000000	0.289580	0.000000
74	tsk_74	(x)	1	:	0.208935	0.500000	0.000000	0.000000	0.000000	0.000000	0.000000	0.000000	0.000000	0.000000	0.000000	0.000000	0.000000	0.291065	0.000000
75	tsk_75	(x)	1	:	0.311289	0.000000	0.512259	0.000000	0.000000	0.000000	0.000000	0.000000	0.000000	0.000000	0.000000	0.000000	0.000000	0.176451	0.000000
76	tsk_76	(x)	1	:	0.001752	0.000000	0.000000	0.000000	0.000000	0.494305	0.000000	0.000000	0.000000	0.000153	0.498636	0.001098	0.000000	0.004055	0.000000
77	tsk_77	(x)	1	:	0.159160	0.000000	0.000000	0.000000	0.000000	0.000000	0.000000	0.000000	0.000000	0.013482	0.000000	0.150056	0.000000	0.340840	0.336462
78	tsk_78	(x)	1	:	0.248051	0.000000	0.000000	0.000000	0.000000	0.000000	0.000000	0.000000	0.000000	0.097938	0.000000	0.402062	0.000000	0.251949	0.000000
79	tsk_79	(x)	1	:	0.000000	0.000000	0.000000	0.000000	0.000000	0.000000	0.000000	0.000000	0.000000	0.016021	0.500057	0.483921	0.000000	0.000000	0.000000
80	tsk_80	(x)	1	:	0.000000	0.024052	0.000000	0.485426	0.000000	0.000000	0.490522	0.000000	0.000000	0.000000	0.000000	0.000000	0.000000	0.000000	0.000000
81	tsk_81	(x)	1	:	0.347823	0.000000	0.000000	0.498968	0.000000	0.000000	0.000000	0.000000	0.000000	0.000000	0.000000	0.000000	0.000000	0.153210	0.000000
82	tsk_82	(x)	1	:	0.000000	0.000000	0.000000	1.000000	0.000000	0.000000	0.000000	0.000000	0.000000	0.000000	0.000000	0.000000	0.000000	0.000000	0.000000
83	tsk_83	(x)	1	:	0.070452	0.000000	0.000000	0.000000	0.000000	0.000000	0.000000	0.000000	0.000000	0.000000	0.000000	0.000000	0.000000	0.929548	0.000000
84	tsk_84	(x)	1	:	0.116659	0.000000	0.000000	0.000000	0.000000	0.000000	0.000000	0.000000	0.000000	0.000047	0.498659	0.001645	0.000000	0.382990	0.000000
85	tsk_85	(x)	1	:	0.223999	0.000000	0.000000	0.000000	0.000000	0.500000	0.000000	0.000000	0.000000	0.000000	0.000000	0.000000	0.000000	0.276000	0.000000
86	tsk_86	(x)	1	:	0.000000	0.000000	0.000000	0.496418	0.000000	0.000000	0.000000	0.000000	0.000000	0.003753	0.498564	0.001264	0.000000	0.000000	0.000000
87	tsk_87	(x)	1	:	0.000000	0.514011	0.000000	0.485989	0.000000	0.000000	0.000000	0.000000	0.000000	0.000000	0.000000	0.000000	0.000000	0.000000	0.000000
88	tsk_88	(x)	1	:	0.218193	0.500000	0.000000	0.000000	0.000000	0.000000	0.000000	0.000000	0.000000	0.000000	0.000000	0.000000	0.000000	0.281807	0.000000
89	tsk_89	(x)	1	:	0.004547	0.000000	0.000000	0.498594	0.000000	0.495090	0.000000	0.000000	0.000000	0.000000	0.000000	0.000000	0.000000	0.001770	0.000000
90	tsk_90	(x)	1	:	0.000000	0.000000	0.000000	0.000000	0.497986	0.000000	0.000000	0.000000	0.000000	0.000104	0.498614	0.003296	0.000000	0.000000	0.000000
91	tsk_91	(x)	1	:	0.000000	0.500148	0.000000	0.001364	0.498488	0.000000	0.000000	0.000000	0.000000	0.000000	0.000000	0.000000	0.000000	0.000000	0.000000
92	tsk_92	(x)	1	:	0.000000	0.497405	0.000000	0.001915	0.000000	0.000000	0.000000	0.000000	0.000000	0.001813	0.498076	0.000792	0.000000	0.000000	0.000000
93	tsk_93	(x)	1	:	0.000000	0.000000	0.000000	0.000000	1.000000	0.000000	0.000000	0.000000	0.000000	0.000000	0.000000	0.000000	0.000000	0.000000	0.000000
94	tsk_94	(x)	1	:	0.000000	0.000000	0.000000	0.000000	0.000000	0.000000	0.501936	0.000000	0.000000	0.000000	0.000000	0.000000	0.498064	0.000000	0.000000
95	tsk_95	(x)	1	:	0.000000	0.000000	0.000000	0.000000	0.519206	0.000000	0.000000	0.000000	0.000000	0.037676	0.000000	0.443117	0.000000	0.000000	0.000000
96	tsk_96	(x)	1	:	0.000000	0.500850	0.000000	0.000609	0.498541	0.000000	0.000000	0.000000	0.000000	0.000000	0.000000	0.000000	0.000000	0.000000	0.000000
97	tsk_97	(x)	1	:	0.000000	0.000000	0.000000	0.496416	0.000000	0.000000	0.000000	0.000000	0.000000	0.003350	0.498561	0.001673	0.000000	0.000000	0.000000
98	tsk_98	(x)	1	:	0.000000	0.000000	0.000000	0.000000	0.497998	0.000000	0.000000	0.000000	0.000000	0.000003	0.498664	0.003335	0.000000	0.000000	0.000000
99	tsk_99	(x)	1	:	0.154596	0.000000	0.000000	0.000000	0.000000	0.000000	0.000000	0.000000	0.000000	0.000601	0.499128	0.000505	0.000000	0.345170	0.000000
100	tsk_100	(x)	1	:	0.209374	0.000000	0.000000	0.000000	0.000000	0.000000	0.000000	0.000000	0.000000	0.000000	0.000000	0.000000	0.000000	0.790626	0.000000
101	tsk_101	(x)	1	:	0.144255	0.000000	0.485551	0.000000	0.000000	0.000000	0.000000	0.000000	0.000000	0.000000	0.000000	0.000000	0.000000	0.370195	0.000000
102	tsk_102	(x)	1	:	0.000000	0.000000	0.361070	0.000000	0.000000	0.000000	0.000000	0.000000	0.000000	0.000000	0.000000	0.000000	0.638930	0.000000	0.000000
103	tsk_103	(x)	1	:	0.091733	0.000000	0.000000	0.498968	0.000000	0.000000	0.000000	0.000000	0.000000	0.000000	0.000000	0.000000	0.000000	0.409300	0.000000
104	tsk_104	(x)	1	:	0.135740	0.000000	0.000000	0.000000	0.000000	0.000000	0.000000	0.000000	0.000000	0.042773	0.166689	0.290539	0.000000	0.364260	0.000000
105	tsk_105	(x)	1	:	0.340402	0.000000	0.000000	0.000000	0.000000	0.000000	0.000000	0.000000	0.000000	0.000000	0.000000	0.000000	0.499117	0.160481	0.000000
106	tsk_106	(x)	1	:	0.000000	0.000000	0.487188	0.000000	0.512812	0.000000	0.000000	0.000000	0.000000	0.000000	0.000000	0.000000	0.000000	0.000000	0.000000
107	tsk_107	(x)	1	:	0.333950	0.000000	0.000000	0.000000	0.000000	0.000000	0.000000	0.000000	0.000000	0.000000	0.000000	0.000000	0.499117	0.166933	0.000000
108	tsk_108	(x)	1	:	0.301094	0.000000	0.000000	0.000000	0.000000	0.000000	0.000000	0.000000	0.000000	0.000000	0.000000	0.000000	0.000000	0.698906	0.000000
109	tsk_109	(x)	1	:	0.245849	0.000000	0.000000	0.000000	0.000000	0.000000	0.000000	0.000000	0.000000	0.000000	0.000000	0.000000	0.413585	0.228639	0.111927
110	tsk_110	(x)	1	:	0.000000	0.000000	0.000000	1.000000	0.000000	0.000000	0.000000	0.000000	0.000000	0.000000	0.000000	0.000000	0.000000	0.000000	0.000000
111	tsk_111	(x)	1	:	0.139232	0.000000	0.000000	0.000000	0.000000	0.000000	0.000000	0.000000	0.000000	0.000000	0.000000	0.000000	0.000000	0.860768	0.000000
112	tsk_112	(x)	1	:	0.238331	0.500000	0.000000	0.000000	0.000000	0.000000	0.000000	0.000000	0.000000	0.000000	0.000000	0.000000	0.000000	0.261669	0.000000
113	tsk_113	(x)	1	:	0.003523	0.000000	0.000000	0.000000	0.000000	0.495144	0.000000	0.000000	0.000000	0.000000	0.000000	0.000000	0.498747	0.002586	0.000000
114	tsk_114	(x)	1	:	0.002330	0.000000	0.000000	0.498667	0.000000	0.496061	0.000000	0.000000	0.000000	0.000000	0.000000	0.000000	0.000000	0.002941	0.000000
115	tsk_115	(x)	1	:	0.409334	0.000000	0.000000	0.000000	0.000000	0.500000	0.000000	0.000000	0.000000	0.000000	0.000000	0.000000	0.000000	0.090666	0.000000
116	tsk_116	(x)	1	:	0.204792	0.000000	0.000000	0.000000	0.000000	0.000000	0.000000	0.000000	0.000000	0.000000	0.000000	0.000000	0.000000	0.795208	0.000000
117	tsk_117	(x)	1	:	0.049525	0.000000	0.000000	0.000000	0.000000	0.500000	0.000000	0.000000	0.000000	0.000000	0.000000	0.000000	0.000000	0.450474	0.000000
118	tsk_118	(x)	1	:	0.274425	0.000000	0.000000	0.000000	0.000000	0.000000	0.000000	0.000000	0.000000	0.000000	0.000000	0.000000	0.499117	0.226458	0.000000
119	tsk_119	(x)	1	:	0.149880	0.000000	0.000000	0.000000	0.000000	0.500000	0.000000	0.000000	0.000000	0.000000	0.000000	0.000000	0.000000	0.350120	0.000000
120	tsk_120	(x)	1	:	0.323675	0.000000	0.000000	0.000000	0.000000	0.000000	0.000000	0.000000	0.424876	0.014322	0.000000	0.060803	0.000000	0.176325	0.000000
121	tsk_121	(x)	1	:	0.158874	0.000000	0.000000	0.000000	0.000000	0.000000	0.000000	0.000000	0.424875	0.016747	0.000000	0.058378	0.000000	0.341126	0.000000
122	tsk_122	(x)	1	:	0.000000	0.000000	0.000000	0.497316	0.000000	0.000000	0.000000	0.000000	0.424881	0.046261	0.000000	0.031542	0.000000	0.000000	0.000000
123	tsk_123	(x)	1	:	0.275961	0.000000	0.000000	0.498968	0.000000	0.000000	0.000000	0.000000	0.000000	0.000000	0.000000	0.000000	0.000000	0.225072	0.000000
124	tsk_124	(x)	1	:	0.243253	0.000000	0.000000	0.000000	0.000000	0.000000	0.000000	0.000000	0.000000	0.017887	0.166689	0.315425	0.000000	0.256746	0.000000
125	tsk_125	(x)	1	:	0.272411	0.000000	0.000000	0.000000	0.000000	0.000000	0.000000	0.000000	0.424875	0.033361	0.000000	0.041764	0.000000	0.227589	0.000000
126	tsk_126	(x)	1	:	0.063807	0.000000	0.000000	0.000000	0.000000	0.000000	0.000000	0.000000	0.000000	0.000000	0.000000	0.000000	0.000000	0.936193	0.000000
127	tsk_127	(x)	1	:	0.204917	0.500000	0.000000	0.000000	0.000000	0.000000	0.000000	0.000000	0.000000	0.000000	0.000000	0.000000	0.000000	0.295083	0.000000
128	tsk_128	(x)	1	:	0.190982	0.000000	0.000000	0.000000	0.000000	0.000000	0.000000	0.000000	0.000000	0.000000	0.000000	0.000000	0.000000	0.809017	0.000000
129	tsk_129	(x)	1	:	0.210220	0.000000	0.000000	0.000000	0.000000	0.000000	0.000000	0.000000	0.000000	0.047215	0.166689	0.286097	0.000000	0.289780	0.000000
130	tsk_130	(x)	1	:	0.000000	0.000000	0.000000	0.497316	0.000000	0.000000	0.000000	0.000000	0.000000	0.261843	0.000000	0.240841	0.000000	0.000000	0.000000
131	tsk_131	(x)	1	:	0.114922	0.000000	0.000000	0.518021	0.000000	0.000000	0.000000	0.000000	0.000000	0.000000	0.000000	0.000000	0.000000	0.367057	0.000000
132	tsk_132	(x)	1	:	0.076768	0.000000	0.000000	0.000000	0.000000	0.000000	0.000000	0.000000	0.000000	0.000330	0.498705	0.001304	0.000000	0.422892	0.000000
133	tsk_133	(x)	1	:	0.171361	0.000000	0.000000	0.498968	0.000000	0.000000	0.000000	0.000000	0.000000	0.000000	0.000000	0.000000	0.000000	0.329671	0.000000
134	tsk_134	(x)	1	:	0.000000	0.000000	0.562075	0.437925	0.000000	0.000000	0.000000	0.000000	0.000000	0.000000	0.000000	0.000000	0.000000	0.000000	0.000000
135	tsk_135	(x)	1	:	0.200461	0.000000	0.000000	0.498968	0.000000	0.000000	0.000000	0.000000	0.000000	0.000000	0.000000	0.000000	0.000000	0.300571	0.000000
136	tsk_136	(x)	1	:	0.199514	0.000000	0.000000	0.498968	0.000000	0.000000	0.000000	0.000000	0.000000	0.000000	0.000000	0.000000	0.000000	0.301518	0.000000
137	tsk_137	(x)	1	:	0.000000	0.000000	0.000000	1.000000	0.000000	0.000000	0.000000	0.000000	0.000000	0.000000	0.000000	0.000000	0.000000	0.000000	0.000000
138	tsk_138	(x)	1	:	0.290608	0.000000	0.000000	0.498968	0.000000	0.000000	0.000000	0.000000	0.000000	0.000000	0.000000	0.000000	0.000000	0.210425	0.000000
139	tsk_139	(x)	1	:	0.180268	0.000000	0.000000	0.000000	0.000000	0.000000	0.000000	0.000000	0.000000	0.000000	0.000000	0.000000	0.000000	0.819732	0.000000
140	tsk_140	(x)	1	:	0.279558	0.000000	0.485551	0.000000	0.000000	0.000000	0.000000	0.000000	0.000000	0.000000	0.000000	0.000000	0.000000	0.234891	0.000000
141	tsk_141	(x)	1	:	0.160703	0.000000	0.000000	0.000000	0.000000	0.000000	0.000000	0.000000	0.000000	0.021391	0.000000	0.142147	0.000000	0.339296	0.336462
142	tsk_142	(x)	1	:	0.000000	0.000000	0.000000	0.000000	0.000000	0.000000	0.000000	0.000000	0.424875	0.024337	0.000000	0.550788	0.000000	0.000000	0.000000
143	tsk_143	(x)	1	:	0.000000	0.000000	0.000000	0.000000	0.498347	0.000000	0.000000	0.000000	0.424874	0.010652	0.000000	0.066127	0.000000	0.000000	0.000000
144	tsk_144	(x)	1	:	0.000000	0.000000	0.000000	0.000000	0.000000	0.000000	0.000000	0.000000	1.000000	0.000000	0.000000	0.000000	0.000000	0.000000	0.000000
145	tsk_145	(x)	1	:	0.000000	0.000000	0.457602	0.000000	0.000000	0.000000	0.000000	0.000000	0.424878	0.111236	0.000000	0.006283	0.000000	0.000000	0.000000
146	tsk_146	(x)	1	:	0.000000	0.000000	0.000000	0.000000	0.000000	0.000000	0.000000	0.000000	0.000000	0.048302	0.000000	0.951698	0.000000	0.000000	0.000000
147	tsk_147	(x)	1	:	0.264950	0.000000	0.000000	0.000000	0.000000	0.000000	0.000000	0.000000	0.000000	0.009092	0.000000	0.154446	0.000000	0.235050	0.336462
148	tsk_148	(x)	1	:	0.064747	0.000000	0.001174	0.000000	0.000000	0.000000	0.000000	0.862383	0.000000	0.000000	0.000000	0.000000	0.000000	0.071696	0.000000
149	tsk_149	(x)	1	:	0.000000	0.000000	0.997607	0.000759	0.000000	0.000000	0.000000	0.000000	0.000000	0.000000	0.000000	0.000000	0.001634	0.000000	0.000000
