logL = -1383.039012 (converged)
AIC = 3994.078023
BIC = 5842.608094

count.K
23 17 47 63 

