logL = -455.801417 (converged)
AIC = 4593.602834
BIC = 10136.182411

count.K
75 7 2 24 7 1 6 22 3 2 1 

