0	tsk_0	(x)	1	:	0.000033	0.000000	0.000000	0.000000	0.000000	0.000000	0.000000	0.000000	0.000000	0.000000	0.000000	0.000000	0.479856	0.520110
1	tsk_1	(x)	1	:	0.000098	0.000000	0.497078	0.000000	0.000000	0.000000	0.000000	0.000000	0.000000	0.000000	0.000000	0.000000	0.000000	0.502824
2	tsk_2	(x)	1	:	0.000000	0.000000	0.516272	0.000000	0.000000	0.000000	0.000000	0.000000	0.000000	0.000000	0.000000	0.000000	0.483728	0.000000
3	tsk_3	(x)	1	:	0.000000	0.000000	1.000000	0.000000	0.000000	0.000000	0.000000	0.000000	0.000000	0.000000	0.000000	0.000000	0.000000	0.000000
4	tsk_4	(x)	1	:	0.000000	0.000000	1.000000	0.000000	0.000000	0.000000	0.000000	0.000000	0.000000	0.000000	0.000000	0.000000	0.000000	0.000000
5	tsk_5	(x)	1	:	0.000000	0.000000	0.496094	0.000000	0.000000	0.000000	0.503906	0.000000	0.000000	0.000000	0.000000	0.000000	0.000000	0.000000
6	tsk_6	(x)	1	:	0.000000	0.000000	1.000000	0.000000	0.000000	0.000000	0.000000	0.000000	0.000000	0.000000	0.000000	0.000000	0.000000	0.000000
7	tsk_7	(x)	1	:	0.000022	0.000000	0.000000	0.000000	0.000000	0.111825	0.000000	0.000000	0.000000	0.000000	0.000000	0.388177	0.000000	0.499977
8	tsk_8	(x)	1	:	0.000000	0.000000	0.000000	0.000000	0.000000	0.000000	1.000000	0.000000	0.000000	0.000000	0.000000	0.000000	0.000000	0.000000
9	tsk_9	(x)	1	:	0.000000	0.000000	0.000341	0.000000	0.000000	0.288162	0.499805	0.000000	0.000000	0.000000	0.000000	0.211692	0.000000	0.000000
10	tsk_10	(x)	1	:	0.000000	0.499653	0.000606	0.000000	0.000000	0.119398	0.000000	0.000000	0.000000	0.000000	0.000000	0.380343	0.000000	0.000000
11	tsk_11	(x)	1	:	0.000000	0.000000	0.489431	0.000000	0.000000	0.000000	0.000000	0.510568	0.000000	0.000000	0.000000	0.000000	0.000000	0.000000
12	tsk_12	(x)	1	:	0.000000	0.430219	0.569781	0.000000	0.000000	0.000000	0.000000	0.000000	0.000000	0.000000	0.000000	0.000000	0.000000	0.000000
13	tsk_13	(x)	1	:	0.000000	0.500000	0.000000	0.499999	0.000000	0.000000	0.000000	0.000001	0.000000	0.000000	0.000000	0.000000	0.000000	0.000000
14	tsk_14	(x)	1	:	0.443661	0.000000	0.000000	0.556339	0.000000	0.000000	0.000000	0.000000	0.000000	0.000000	0.000000	0.000000	0.000000	0.000000
15	tsk_15	(x)	1	:	0.000000	1.000000	0.000000	0.000000	0.000000	0.000000	0.000000	0.000000	0.000000	0.000000	0.000000	0.000000	0.000000	0.000000
16	tsk_16	(x)	1	:	0.000006	0.499649	0.000614	0.000000	0.000000	0.000000	0.000000	0.000000	0.000000	0.000000	0.000000	0.000000	0.000000	0.499731
17	tsk_17	(x)	1	:	0.000000	0.499476	0.001048	0.499471	0.000000	0.000000	0.000000	0.000005	0.000000	0.000000	0.000000	0.000000	0.000000	0.000000
18	tsk_18	(x)	1	:	0.000004	0.000000	0.000000	0.499997	0.000000	0.000000	0.000000	0.000003	0.000000	0.000000	0.000000	0.000000	0.000000	0.499996
19	tsk_19	(x)	1	:	0.000063	0.000000	0.015511	0.000000	0.000000	0.000000	0.000000	0.000000	0.000000	0.481621	0.000000	0.000000	0.000000	0.502805
20	tsk_20	(x)	1	:	0.000000	0.000000	0.000000	0.530087	0.000000	0.000000	0.000000	0.000000	0.000000	0.000000	0.000000	0.000000	0.469913	0.000000
21	tsk_21	(x)	1	:	0.000016	0.000000	0.000000	0.000000	0.000000	0.000000	0.000000	0.000000	0.000000	0.000000	0.000000	0.000000	0.000000	0.999984
22	tsk_22	(x)	1	:	0.000000	0.499824	0.000307	0.000000	0.000000	0.000000	0.000000	0.000000	0.000000	0.000000	0.499869	0.000000	0.000000	0.000000
23	tsk_23	(x)	1	:	0.000000	0.000000	0.000309	0.499839	0.000000	0.000000	0.499846	0.000006	0.000000	0.000000	0.000000	0.000000	0.000000	0.000000
24	tsk_24	(x)	1	:	0.000000	0.000000	0.000000	1.000000	0.000000	0.000000	0.000000	0.000000	0.000000	0.000000	0.000000	0.000000	0.000000	0.000000
25	tsk_25	(x)	1	:	0.000000	0.000000	0.000000	0.530085	0.000000	0.000000	0.000000	0.000001	0.000000	0.000000	0.000000	0.000000	0.469913	0.000000
26	tsk_26	(x)	1	:	0.000003	0.000000	0.000000	0.000000	0.000000	0.117103	0.000000	0.000000	0.000000	0.000000	0.000000	0.382897	0.000000	0.499996
27	tsk_27	(x)	1	:	0.000000	0.000000	0.000000	0.000000	0.000000	0.000000	0.000000	1.000000	0.000000	0.000000	0.000000	0.000000	0.000000	0.000000
28	tsk_28	(x)	1	:	0.000000	0.000000	0.000870	0.499560	0.000000	0.000000	0.499565	0.000004	0.000000	0.000000	0.000000	0.000000	0.000000	0.000000
29	tsk_29	(x)	1	:	0.000011	0.499631	0.000646	0.000000	0.000000	0.000000	0.000000	0.000000	0.000000	0.000000	0.000000	0.000000	0.000000	0.499712
30	tsk_30	(x)	1	:	0.000000	0.000000	0.000000	0.000000	0.000000	0.000000	0.000000	0.000000	0.000000	0.526707	0.473293	0.000000	0.000000	0.000000
31	tsk_31	(x)	1	:	0.000012	0.000000	0.000000	0.000000	0.000000	0.000000	0.000000	0.000000	0.000000	0.000000	0.000000	0.000000	0.000000	0.999988
32	tsk_32	(x)	1	:	0.000000	0.000000	0.000000	0.000000	0.000000	0.000000	0.500000	0.000000	0.000000	0.000000	0.500000	0.000000	0.000000	0.000000
33	tsk_33	(x)	1	:	0.000000	0.000000	0.000000	0.000000	0.000000	0.000000	0.000000	0.000000	0.000000	0.000000	1.000000	0.000000	0.000000	0.000000
34	tsk_34	(x)	1	:	0.000000	0.000000	0.000000	0.000000	0.000000	0.000000	0.000000	0.000000	0.000000	0.000000	1.000000	0.000000	0.000000	0.000000
35	tsk_35	(x)	1	:	0.000000	0.000000	0.000000	0.000000	0.000000	0.000000	0.000000	0.000000	0.000000	0.000000	1.000000	0.000000	0.000000	0.000000
36	tsk_36	(x)	1	:	0.000025	0.000000	0.000000	0.000000	0.000000	0.000000	0.000000	0.000000	0.000000	0.000000	0.500002	0.000000	0.000000	0.499973
37	tsk_37	(x)	1	:	0.000000	0.000000	0.000000	0.499999	0.000000	0.000000	0.000000	0.000000	0.000000	0.000000	0.500000	0.000000	0.000000	0.000000
38	tsk_38	(x)	1	:	0.000000	0.503980	0.012222	0.000000	0.000000	0.000000	0.000000	0.000000	0.000000	0.000000	0.000000	0.000000	0.483798	0.000000
39	tsk_39	(x)	1	:	0.000000	0.000000	0.000000	0.500000	0.000000	0.000000	0.000000	0.000000	0.000000	0.000000	0.500000	0.000000	0.000000	0.000000
40	tsk_40	(x)	1	:	0.000011	0.000000	0.497071	0.000000	0.000000	0.000000	0.000000	0.000000	0.000000	0.000000	0.000000	0.000000	0.000000	0.502917
41	tsk_41	(x)	1	:	0.000000	0.504012	0.012159	0.000000	0.000000	0.000000	0.000000	0.000000	0.000000	0.000000	0.000000	0.000000	0.483829	0.000000
42	tsk_42	(x)	1	:	0.000000	0.000000	1.000000	0.000000	0.000000	0.000000	0.000000	0.000000	0.000000	0.000000	0.000000	0.000000	0.000000	0.000000
43	tsk_43	(x)	1	:	0.000000	0.000000	0.497070	0.000000	0.000000	0.095786	0.000000	0.000000	0.000000	0.000000	0.000000	0.407144	0.000000	0.000000
44	tsk_44	(x)	1	:	0.000000	0.499656	0.000601	0.000000	0.000000	0.135895	0.000000	0.000000	0.000000	0.000000	0.000000	0.363847	0.000000	0.000000
45	tsk_45	(x)	1	:	0.000000	0.499696	0.000531	0.000000	0.000000	0.290322	0.000000	0.000000	0.000000	0.000000	0.000000	0.209450	0.000000	0.000000
46	tsk_46	(x)	1	:	0.000000	0.503906	0.496094	0.000000	0.000000	0.000000	0.000000	0.000000	0.000000	0.000000	0.000000	0.000000	0.000000	0.000000
47	tsk_47	(x)	1	:	0.000000	0.000000	0.000000	0.000000	0.000000	0.237975	0.000000	0.000000	0.000000	0.000000	0.000000	0.282172	0.479853	0.000000
48	tsk_48	(x)	1	:	0.000000	0.503906	0.496094	0.000000	0.000000	0.000000	0.000000	0.000000	0.000000	0.000000	0.000000	0.000000	0.000000	0.000000
49	tsk_49	(x)	1	:	0.000000	0.503906	0.496094	0.000000	0.000000	0.000000	0.000000	0.000000	0.000000	0.000000	0.000000	0.000000	0.000000	0.000000
50	tsk_50	(x)	1	:	0.000000	0.000000	0.000000	0.999999	0.000000	0.000000	0.000000	0.000001	0.000000	0.000000	0.000000	0.000000	0.000000	0.000000
51	tsk_51	(x)	1	:	0.000007	0.000000	0.000000	0.000000	0.000000	0.247657	0.000000	0.000000	0.000000	0.000000	0.000000	0.252344	0.000000	0.499993
52	tsk_52	(x)	1	:	0.000000	0.000000	0.000000	0.499997	0.000000	0.307201	0.000000	0.000002	0.000000	0.000000	0.000000	0.192799	0.000000	0.000000
53	tsk_53	(x)	1	:	0.000000	0.000000	0.000000	0.000000	0.000000	0.485258	0.000000	0.000000	0.000000	0.000000	0.000000	0.514742	0.000000	0.000000
54	tsk_54	(x)	1	:	0.000000	0.000000	0.000000	0.999999	0.000000	0.000000	0.000000	0.000001	0.000000	0.000000	0.000000	0.000000	0.000000	0.000000
55	tsk_55	(x)	1	:	0.000000	0.000000	0.000000	0.000000	0.000000	0.000000	0.500000	0.000000	0.000000	0.000000	0.500000	0.000000	0.000000	0.000000
56	tsk_56	(x)	1	:	0.000000	0.000000	0.000000	0.500000	0.000000	0.318624	0.000000	0.000000	0.000000	0.000000	0.000000	0.181376	0.000000	0.000000
57	tsk_57	(x)	1	:	0.000000	0.000000	0.000425	0.000000	0.000000	0.160859	0.499757	0.000000	0.000000	0.000000	0.000000	0.338959	0.000000	0.000000
58	tsk_58	(x)	1	:	0.000000	0.000000	0.000000	0.000000	0.000000	0.279103	0.000000	0.000000	0.000000	0.000000	0.000000	0.720897	0.000000	0.000000
59	tsk_59	(x)	1	:	0.000000	0.000000	0.496095	0.503897	0.000000	0.000000	0.000000	0.000008	0.000000	0.000000	0.000000	0.000000	0.000000	0.000000
60	tsk_60	(x)	1	:	0.000000	0.000000	0.000000	0.000000	0.000000	0.437258	0.000000	0.000000	0.000000	0.000000	0.000000	0.000000	0.562742	0.000000
61	tsk_61	(x)	1	:	0.000007	0.000000	0.000000	0.000000	0.000000	0.000000	0.000000	0.000000	0.000000	0.000000	0.000000	0.000000	0.479854	0.520139
62	tsk_62	(x)	1	:	0.000000	0.000000	0.000000	0.000000	0.000000	0.269468	0.000000	0.000000	0.000000	0.000000	0.000000	0.250680	0.479853	0.000000
63	tsk_63	(x)	1	:	0.000000	0.000000	0.000000	0.000000	0.000000	0.245551	0.000000	0.000000	0.000000	0.000000	0.000000	0.754449	0.000000	0.000000
64	tsk_64	(x)	1	:	0.000000	0.000000	0.000000	0.000000	0.000000	0.169450	0.000000	0.000000	0.000000	0.000000	0.000000	0.267808	0.562742	0.000000
65	tsk_65	(x)	1	:	0.000000	0.000000	0.000000	0.000000	0.000000	0.577541	0.000000	0.000000	0.000000	0.000000	0.000000	0.422459	0.000000	0.000000
66	tsk_66	(x)	1	:	0.000000	0.000000	0.000000	0.000000	0.000000	0.000000	0.000000	0.000000	0.000000	0.000000	0.000000	0.000000	1.000000	0.000000
67	tsk_67	(x)	1	:	0.000004	0.000000	0.000000	0.000000	0.000000	0.000000	0.000000	0.000000	0.000000	0.000000	0.000000	0.000000	0.479853	0.520142
68	tsk_68	(x)	1	:	0.000000	0.498567	0.000000	0.000000	0.000000	0.000000	0.000000	0.000000	0.501433	0.000000	0.000000	0.000000	0.000000	0.000000
69	tsk_69	(x)	1	:	0.000000	0.000000	0.000000	0.000000	0.000000	0.335844	0.000000	0.000000	0.000000	0.000000	0.000000	0.184303	0.479853	0.000000
70	tsk_70	(x)	1	:	0.000016	0.000000	0.015092	0.000000	0.000000	0.000000	0.000000	0.000000	0.000000	0.481858	0.000000	0.000000	0.000000	0.503034
71	tsk_71	(x)	1	:	0.000009	0.000000	0.000000	0.000000	0.000000	0.184742	0.000000	0.000000	0.000000	0.000000	0.000000	0.315259	0.000000	0.499990
72	tsk_72	(x)	1	:	0.000011	0.000000	0.000000	0.000000	0.000000	0.000000	0.000000	0.000000	0.000000	0.000000	0.000000	0.000000	0.479854	0.520134
73	tsk_73	(x)	1	:	0.000000	0.000000	0.014948	0.000000	0.000000	0.205738	0.000000	0.000000	0.000000	0.481940	0.000000	0.297375	0.000000	0.000000
74	tsk_74	(x)	1	:	0.000000	0.000000	0.014106	0.504052	0.000000	0.000000	0.000000	0.000000	0.000000	0.481841	0.000000	0.000000	0.000000	0.000000
75	tsk_75	(x)	1	:	0.000003	0.000000	0.000000	0.000000	0.000000	0.186738	0.000000	0.000000	0.000000	0.000000	0.000000	0.313263	0.000000	0.499997
76	tsk_76	(x)	1	:	0.000002	0.000000	0.000000	0.000000	0.000000	0.240302	0.000000	0.000000	0.000000	0.000000	0.000000	0.259698	0.000000	0.499998
77	tsk_77	(x)	1	:	0.000008	0.000000	0.015102	0.000000	0.000000	0.000000	0.000000	0.000000	0.000000	0.481852	0.000000	0.000000	0.000000	0.503038
78	tsk_78	(x)	1	:	0.000000	0.000000	0.000000	0.000000	0.000000	0.236756	0.000000	0.000000	0.000000	0.000000	0.000000	0.283392	0.479853	0.000000
79	tsk_79	(x)	1	:	0.000013	0.000000	0.000000	0.000000	0.000000	0.000000	0.000000	0.000000	0.000000	0.000000	0.000000	0.000000	0.000000	0.999986
80	tsk_80	(x)	1	:	0.535360	0.000000	0.000000	0.000000	0.000000	0.247688	0.000000	0.000000	0.000000	0.000000	0.000000	0.216952	0.000000	0.000000
81	tsk_81	(x)	1	:	0.000013	0.000000	0.000000	0.500000	0.000000	0.000000	0.000000	0.000001	0.000000	0.000000	0.000000	0.000000	0.000000	0.499986
82	tsk_82	(x)	1	:	0.000005	0.000000	0.000000	0.000000	0.000000	0.000000	0.000000	0.000000	0.000000	0.525135	0.000000	0.000000	0.000000	0.474860
83	tsk_83	(x)	1	:	0.000017	0.499628	0.000651	0.000000	0.000000	0.000000	0.000000	0.000000	0.000000	0.000000	0.000000	0.000000	0.000000	0.499703
84	tsk_84	(x)	1	:	0.000000	0.000000	0.000000	0.000000	0.789112	0.000000	0.000000	0.000000	0.000000	0.000000	0.000000	0.000000	0.000000	0.210888
85	tsk_85	(x)	1	:	0.000002	0.000000	0.000000	0.500000	0.000000	0.000000	0.000000	0.000000	0.000000	0.000000	0.000000	0.000000	0.000000	0.499998
86	tsk_86	(x)	1	:	0.000026	0.000000	0.000000	0.000000	0.000000	0.000000	0.000000	0.000000	0.000000	0.000000	0.000000	0.000000	0.000000	0.999973
87	tsk_87	(x)	1	:	0.000000	0.000000	0.495472	0.000000	0.482190	0.000000	0.000000	0.000000	0.000000	0.000000	0.000000	0.000000	0.000000	0.022337
88	tsk_88	(x)	1	:	0.000008	0.000000	0.000000	0.500001	0.000000	0.000000	0.000000	0.000000	0.000000	0.000000	0.000000	0.000000	0.000000	0.499991
89	tsk_89	(x)	1	:	0.000000	0.000000	0.497070	0.000000	0.000000	0.227194	0.000000	0.000000	0.000000	0.000000	0.000000	0.275735	0.000000	0.000000
90	tsk_90	(x)	1	:	0.000011	0.000000	0.015147	0.000000	0.000000	0.000000	0.000000	0.000000	0.000000	0.481826	0.000000	0.000000	0.000000	0.503015
91	tsk_91	(x)	1	:	0.000000	0.000000	0.000000	0.000000	0.000000	0.000000	0.000000	0.000000	0.000000	1.000000	0.000000	0.000000	0.000000	0.000000
92	tsk_92	(x)	1	:	0.000000	0.000000	0.000000	0.000000	0.000000	0.000000	0.000000	0.000000	0.000000	1.000000	0.000000	0.000000	0.000000	0.000000
93	tsk_93	(x)	1	:	0.000016	0.000000	0.000000	0.000000	0.000000	0.000000	0.000000	0.000000	0.000000	0.000000	0.000000	0.000000	0.000000	0.999984
94	tsk_94	(x)	1	:	0.000000	0.000000	0.000000	0.000000	0.000000	0.375506	0.000000	0.000000	0.000000	0.000000	0.500000	0.124494	0.000000	0.000000
95	tsk_95	(x)	1	:	0.000000	0.000000	0.000000	0.000000	0.000000	0.311182	0.000000	0.000000	0.000000	0.000000	0.500000	0.188818	0.000000	0.000000
96	tsk_96	(x)	1	:	0.000016	0.000000	0.000000	0.000000	0.000000	0.000000	0.000000	0.000000	0.000000	0.000000	0.000000	0.000000	0.000000	0.999984
97	tsk_97	(x)	1	:	0.000000	0.499530	0.000941	0.499527	0.000000	0.000000	0.000000	0.000003	0.000000	0.000000	0.000000	0.000000	0.000000	0.000000
98	tsk_98	(x)	1	:	0.000039	0.000000	0.000000	0.000000	0.000000	0.000000	0.000000	0.000000	0.000000	0.000000	0.000000	0.000000	0.479857	0.520104
99	tsk_99	(x)	1	:	0.000000	0.469179	0.000000	0.000000	0.000000	0.000000	0.000000	0.000000	0.000000	0.530820	0.000000	0.000000	0.000000	0.000000
100	tsk_100	(x)	1	:	0.000079	0.000000	0.015583	0.000000	0.000000	0.000000	0.000000	0.000000	0.000000	0.481580	0.000000	0.000000	0.000000	0.502758
101	tsk_101	(x)	1	:	0.000000	0.000000	0.013794	0.000000	0.000000	0.000000	0.504209	0.000000	0.000000	0.481997	0.000000	0.000000	0.000000	0.000000
102	tsk_102	(x)	1	:	0.000000	0.000000	0.000000	0.999998	0.000000	0.000000	0.000000	0.000001	0.000000	0.000000	0.000000	0.000000	0.000000	0.000000
103	tsk_103	(x)	1	:	0.000022	0.000000	0.015222	0.000000	0.000000	0.000000	0.000000	0.000000	0.000000	0.481784	0.000000	0.000000	0.000000	0.502972
104	tsk_104	(x)	1	:	0.000000	0.000000	0.000000	0.999999	0.000000	0.000000	0.000000	0.000001	0.000000	0.000000	0.000000	0.000000	0.000000	0.000000
105	tsk_105	(x)	1	:	0.000000	0.470136	0.000000	0.000000	0.000000	0.000000	0.000000	0.000000	0.000000	0.529864	0.000000	0.000000	0.000000	0.000000
106	tsk_106	(x)	1	:	0.000000	0.000000	0.000000	0.470135	0.000000	0.000000	0.000000	0.000000	0.000000	0.529864	0.000000	0.000000	0.000000	0.000000
107	tsk_107	(x)	1	:	0.000000	0.000000	0.000731	0.499633	0.000000	0.000000	0.499635	0.000002	0.000000	0.000000	0.000000	0.000000	0.000000	0.000000
108	tsk_108	(x)	1	:	0.000000	0.000000	0.000722	0.499634	0.000000	0.000000	0.499639	0.000005	0.000000	0.000000	0.000000	0.000000	0.000000	0.000000
109	tsk_109	(x)	1	:	0.000012	0.000000	0.000000	0.500001	0.000000	0.000000	0.000000	0.000001	0.000000	0.000000	0.000000	0.000000	0.000000	0.499986
110	tsk_110	(x)	1	:	0.000000	0.000000	0.000016	0.000000	0.000000	0.000000	0.000000	0.000000	0.509673	0.000000	0.000000	0.000000	0.490311	0.000000
111	tsk_111	(x)	1	:	0.000000	0.000000	0.001048	0.499467	0.000000	0.000000	0.499476	0.000009	0.000000	0.000000	0.000000	0.000000	0.000000	0.000000
112	tsk_112	(x)	1	:	0.000000	0.000000	0.000000	0.000000	0.000000	0.000000	1.000000	0.000000	0.000000	0.000000	0.000000	0.000000	0.000000	0.000000
113	tsk_113	(x)	1	:	0.000000	0.000000	0.000000	0.000000	0.000000	0.000000	1.000000	0.000000	0.000000	0.000000	0.000000	0.000000	0.000000	0.000000
114	tsk_114	(x)	1	:	0.000000	0.000000	0.000000	0.000000	0.000000	0.000000	0.499622	0.000000	0.500378	0.000000	0.000000	0.000000	0.000000	0.000000
115	tsk_115	(x)	1	:	0.000000	0.000000	0.496094	0.000000	0.000000	0.000000	0.503906	0.000000	0.000000	0.000000	0.000000	0.000000	0.000000	0.000000
116	tsk_116	(x)	1	:	0.000000	0.000000	0.000000	0.000000	0.000000	0.000000	0.499723	0.000000	0.500277	0.000000	0.000000	0.000000	0.000000	0.000000
117	tsk_117	(x)	1	:	0.000012	0.000000	0.000000	0.000000	0.000000	0.246927	0.000000	0.000000	0.000000	0.000000	0.000000	0.253073	0.000000	0.499987
118	tsk_118	(x)	1	:	0.000000	0.000000	0.011958	0.000000	0.000000	0.000000	0.504112	0.000000	0.000000	0.000000	0.000000	0.000000	0.483929	0.000000
119	tsk_119	(x)	1	:	0.000000	0.000000	0.000000	0.000000	0.000000	0.000000	1.000000	0.000000	0.000000	0.000000	0.000000	0.000000	0.000000	0.000000
120	tsk_120	(x)	1	:	0.000038	0.000000	0.015337	0.000000	0.000000	0.000000	0.000000	0.000000	0.000000	0.481719	0.000000	0.000000	0.000000	0.502905
121	tsk_121	(x)	1	:	0.000000	0.000000	0.000000	0.000000	0.000000	0.000000	0.000000	0.000000	0.000000	0.490465	0.000000	0.509534	0.000000	0.000000
122	tsk_122	(x)	1	:	0.000015	0.000000	0.015199	0.000000	0.000000	0.000000	0.000000	0.000000	0.000000	0.481797	0.000000	0.000000	0.000000	0.502989
123	tsk_123	(x)	1	:	0.000025	0.000000	0.015264	0.000000	0.000000	0.000000	0.000000	0.000000	0.000000	0.481760	0.000000	0.000000	0.000000	0.502951
124	tsk_124	(x)	1	:	0.000016	0.000000	0.000000	0.000000	0.000000	0.000000	0.000000	0.000000	0.000000	0.000000	0.000000	0.000000	0.000000	0.999984
125	tsk_125	(x)	1	:	0.000023	0.000000	0.015243	0.000000	0.000000	0.000000	0.000000	0.000000	0.000000	0.481772	0.000000	0.000000	0.000000	0.502962
126	tsk_126	(x)	1	:	0.000048	0.000000	0.000000	0.000000	0.000000	0.000000	0.000000	0.000000	0.000000	0.000000	0.000000	0.000000	0.000000	0.999952
127	tsk_127	(x)	1	:	0.000005	0.000000	0.000000	0.000000	0.000000	0.000000	0.000000	0.000000	0.000000	0.000000	0.000000	0.000000	0.000000	0.999995
128	tsk_128	(x)	1	:	0.000000	0.000000	0.015034	0.000000	0.000000	0.000000	0.000000	0.000000	0.000000	0.481891	0.000000	0.000000	0.000000	0.503075
129	tsk_129	(x)	1	:	0.000057	0.000000	0.000000	0.000000	0.000000	0.000000	0.000000	0.000000	0.000000	0.000000	0.000000	0.000000	0.000000	0.999942
130	tsk_130	(x)	1	:	0.000000	0.000000	0.000000	0.000000	0.000000	0.000000	1.000000	0.000000	0.000000	0.000000	0.000000	0.000000	0.000000	0.000000
131	tsk_131	(x)	1	:	0.000000	0.000000	0.000000	0.000000	0.000000	0.000000	1.000000	0.000000	0.000000	0.000000	0.000000	0.000000	0.000000	0.000000
132	tsk_132	(x)	1	:	0.000000	0.000000	0.000000	0.000000	0.000000	0.734827	0.000000	0.000000	0.000000	0.000000	0.000000	0.265173	0.000000	0.000000
133	tsk_133	(x)	1	:	0.000000	0.000000	0.496094	0.000000	0.000000	0.000000	0.503906	0.000000	0.000000	0.000000	0.000000	0.000000	0.000000	0.000000
134	tsk_134	(x)	1	:	0.000000	0.000000	0.000000	0.000000	0.481052	0.371176	0.000000	0.000000	0.000000	0.000000	0.000000	0.127005	0.000000	0.020766
135	tsk_135	(x)	1	:	0.000000	0.500000	0.000000	0.000000	0.000000	0.000000	0.500000	0.000000	0.000000	0.000000	0.000000	0.000000	0.000000	0.000000
136	tsk_136	(x)	1	:	0.000000	0.500000	0.000000	0.000000	0.000000	0.000000	0.500000	0.000000	0.000000	0.000000	0.000000	0.000000	0.000000	0.000000
137	tsk_137	(x)	1	:	0.000000	0.000000	0.496094	0.000000	0.000000	0.000000	0.503906	0.000000	0.000000	0.000000	0.000000	0.000000	0.000000	0.000000
138	tsk_138	(x)	1	:	0.000000	0.499668	0.000580	0.000000	0.000000	0.202374	0.000000	0.000000	0.000000	0.000000	0.000000	0.297378	0.000000	0.000000
139	tsk_139	(x)	1	:	0.000000	0.000000	0.329906	0.000000	0.000000	0.000000	0.670094	0.000000	0.000000	0.000000	0.000000	0.000000	0.000000	0.000000
140	tsk_140	(x)	1	:	0.000000	0.000000	0.000000	0.999995	0.000000	0.000000	0.000000	0.000005	0.000000	0.000000	0.000000	0.000000	0.000000	0.000000
141	tsk_141	(x)	1	:	0.000002	0.000000	0.000000	0.000000	0.000000	0.186925	0.000000	0.000000	0.000000	0.000000	0.000000	0.313075	0.000000	0.499998
142	tsk_142	(x)	1	:	0.000001	0.000000	0.000000	0.000000	0.000000	0.124479	0.000000	0.000000	0.000000	0.000000	0.000000	0.375521	0.000000	0.499999
143	tsk_143	(x)	1	:	0.000000	0.000000	0.000000	0.500000	0.000000	0.252852	0.000000	0.000000	0.000000	0.000000	0.000000	0.247148	0.000000	0.000000
144	tsk_144	(x)	1	:	0.000000	0.000000	0.000000	0.500000	0.000000	0.329167	0.000000	0.000000	0.000000	0.000000	0.000000	0.170833	0.000000	0.000000
145	tsk_145	(x)	1	:	0.000000	0.000000	0.000000	0.999999	0.000000	0.000000	0.000000	0.000001	0.000000	0.000000	0.000000	0.000000	0.000000	0.000000
146	tsk_146	(x)	1	:	0.000000	0.000000	0.000000	0.000000	0.000000	0.863005	0.000000	0.000000	0.000000	0.000000	0.000000	0.136995	0.000000	0.000000
147	tsk_147	(x)	1	:	0.000000	0.000000	0.000000	1.000000	0.000000	0.000000	0.000000	0.000000	0.000000	0.000000	0.000000	0.000000	0.000000	0.000000
148	tsk_148	(x)	1	:	0.000000	0.000000	0.000000	0.999999	0.000000	0.000000	0.000000	0.000001	0.000000	0.000000	0.000000	0.000000	0.000000	0.000000
149	tsk_149	(x)	1	:	0.000009	0.000000	0.000000	0.000000	0.000000	0.000000	0.000000	0.000000	0.000000	0.000000	0.000000	0.000000	0.000000	0.999991
