logL = -3163.995710 (converged)
AIC = 7707.991420
BIC = 9785.329772

count.K
6 46 58 40 

