logL = -4411.621713 (converged)
AIC = 9423.243426
BIC = 10326.434014

count.K
111 39 

