logL = -742.534185 (converged)
AIC = 5969.068371
BIC = 12718.912700

count.K
3 5 6 22 19 59 0 7 13 7 5 0 4 

