logL = -1656.710550 (converged)
AIC = 7789.421101
BIC = 14527.222889

count.K
0 13 3 52 0 1 11 5 33 2 28 2 

