logL = -1072.587537 (converged)
AIC = 4407.175075
BIC = 7812.203593

count.K
19 25 30 22 7 33 14 

