logL = -1092.359509 (converged)
AIC = 8124.719019
BIC = 17066.305842

count.K
3 10 1 9 10 9 48 22 7 12 0 12 1 0 6 

