logL = -1695.587884 (converged)
AIC = 4643.175767
BIC = 6527.833461

count.K
65 30 37 18 

