logL = -736.300094 (converged)
AIC = 6632.600188
BIC = 14400.039247

count.K
70 1 0 1 13 2 4 9 0 8 36 3 2 0 1 

