logL = -1138.906834 (converged)
AIC = 4873.813669
BIC = 8781.618281

count.K
18 20 0 0 38 26 31 17 

