logL = -1644.492995 (converged)
AIC = 6948.985990
BIC = 12458.448578

count.K
10 9 17 11 18 15 23 11 11 25 

