logL = -1199.411412 (converged)
AIC = 3522.822824
BIC = 5214.799859

count.K
6 17 55 72 

