0	tsk_0	(x)	1	:	0.000000	0.000000	0.000004	0.486474	0.000000	0.000000	0.000000	0.000000	0.513521	0.000000	0.000000
1	tsk_1	(x)	1	:	0.000000	0.000000	0.000000	0.000000	0.000000	0.000000	0.000000	0.000000	0.490197	0.000000	0.509803
2	tsk_2	(x)	1	:	0.000000	0.000000	0.000000	0.000000	0.000000	0.000000	0.000000	0.000000	1.000000	0.000000	0.000000
3	tsk_3	(x)	1	:	0.000000	0.000000	0.000000	0.466166	0.000000	0.000000	0.000000	0.000000	0.000000	0.000000	0.533834
4	tsk_4	(x)	1	:	0.000000	0.000000	0.000000	0.000000	0.000000	0.000000	0.000000	0.508143	0.000000	0.000000	0.491857
5	tsk_5	(x)	1	:	0.000000	0.000000	0.000000	0.000000	0.000000	0.000000	0.000000	0.508143	0.000000	0.000000	0.491857
6	tsk_6	(x)	1	:	0.000000	0.000000	0.000000	0.464755	0.000000	0.000000	0.000000	0.506809	0.000000	0.000000	0.028437
7	tsk_7	(x)	1	:	0.000000	0.000000	0.000001	0.000000	0.000000	0.000000	0.000000	0.000000	0.999999	0.000000	0.000000
8	tsk_8	(x)	1	:	0.000000	0.000000	0.000000	0.000000	0.000000	0.000000	0.000000	1.000000	0.000000	0.000000	0.000000
9	tsk_9	(x)	1	:	0.000000	0.000000	0.000000	0.000000	0.000000	0.000000	0.000000	1.000000	0.000000	0.000000	0.000000
10	tsk_10	(x)	1	:	0.000000	0.000000	0.000001	0.000000	0.622216	0.000000	0.000000	0.000000	0.377783	0.000000	0.000000
11	tsk_11	(x)	1	:	0.000000	0.000000	0.000004	0.000000	0.000000	0.000000	0.000000	0.000000	0.999996	0.000000	0.000000
12	tsk_12	(x)	1	:	0.000000	0.000000	0.000000	0.000000	0.422857	0.000000	0.000000	0.000000	0.577143	0.000000	0.000000
13	tsk_13	(x)	1	:	0.000000	0.000000	0.000000	0.000000	1.000000	0.000000	0.000000	0.000000	0.000000	0.000000	0.000000
14	tsk_14	(x)	1	:	0.000000	0.000000	0.000003	0.000000	0.000000	0.000000	0.000000	0.000000	0.999997	0.000000	0.000000
15	tsk_15	(x)	1	:	0.000000	0.000000	0.000000	0.000000	0.419354	0.000000	0.496234	0.000000	0.084412	0.000000	0.000000
16	tsk_16	(x)	1	:	0.000000	0.499442	0.000000	0.000011	0.000000	0.000000	0.500547	0.000000	0.000000	0.000000	0.000000
17	tsk_17	(x)	1	:	0.000000	0.000000	0.000000	0.000000	0.000000	0.000000	1.000000	0.000000	0.000000	0.000000	0.000000
18	tsk_18	(x)	1	:	0.000000	0.000000	0.000000	0.000000	1.000000	0.000000	0.000000	0.000000	0.000000	0.000000	0.000000
19	tsk_19	(x)	1	:	0.000000	0.000000	0.000002	0.000000	0.422857	0.000000	0.000000	0.000000	0.577141	0.000000	0.000000
20	tsk_20	(x)	1	:	0.000000	0.000000	0.000004	0.000000	0.000000	0.000000	0.000000	0.000000	0.999996	0.000000	0.000000
21	tsk_21	(x)	1	:	0.000000	0.000000	0.000000	0.549295	0.000000	0.000000	0.000000	0.000000	0.450705	0.000000	0.000000
22	tsk_22	(x)	1	:	0.000000	0.000000	0.000001	0.000000	0.422857	0.000000	0.000000	0.000000	0.577142	0.000000	0.000000
23	tsk_23	(x)	1	:	0.000000	0.000000	0.000002	0.000000	0.000000	0.000000	0.000000	0.000000	0.999998	0.000000	0.000000
24	tsk_24	(x)	1	:	0.000000	0.000000	0.000006	0.000000	0.000000	0.000000	0.000000	0.000000	0.999994	0.000000	0.000000
25	tsk_25	(x)	1	:	0.000000	0.000000	0.000002	0.000000	0.000000	0.000000	0.000000	0.000000	0.999998	0.000000	0.000000
26	tsk_26	(x)	1	:	0.000000	0.000000	0.000003	0.000000	0.000000	0.000000	0.000000	0.496959	0.501720	0.000000	0.001318
27	tsk_27	(x)	1	:	0.000000	0.000000	0.000002	0.000000	0.000000	0.000000	0.000000	0.000000	0.999998	0.000000	0.000000
28	tsk_28	(x)	1	:	0.000000	0.000000	0.000001	0.000000	0.000000	0.000000	0.000000	0.000000	0.999999	0.000000	0.000000
29	tsk_29	(x)	1	:	0.000000	0.000000	0.000002	0.000000	0.000000	0.000000	0.000000	0.496816	0.501692	0.000000	0.001490
30	tsk_30	(x)	1	:	0.000000	0.516303	0.000000	0.483697	0.000000	0.000000	0.000000	0.000000	0.000000	0.000000	0.000000
31	tsk_31	(x)	1	:	0.000000	0.000000	0.000002	0.000000	0.000000	0.000000	0.000000	0.000000	0.999998	0.000000	0.000000
32	tsk_32	(x)	1	:	0.000000	0.000000	0.999965	0.000000	0.000000	0.000000	0.000000	0.000000	0.000035	0.000000	0.000000
33	tsk_33	(x)	1	:	0.000000	0.496421	0.000002	0.000000	0.000000	0.000000	0.000000	0.000000	0.503576	0.000000	0.000000
34	tsk_34	(x)	1	:	0.000000	0.070472	0.000001	0.000000	0.000000	0.445589	0.000000	0.000000	0.483938	0.000000	0.000000
35	tsk_35	(x)	1	:	0.000000	0.000000	0.999984	0.000000	0.000000	0.000000	0.000000	0.000000	0.000016	0.000000	0.000000
36	tsk_36	(x)	1	:	0.000000	0.070472	0.000001	0.000000	0.000000	0.445589	0.000000	0.000000	0.483937	0.000000	0.000000
37	tsk_37	(x)	1	:	0.000000	0.496421	0.000001	0.000000	0.000000	0.000000	0.000000	0.000000	0.503577	0.000000	0.000000
38	tsk_38	(x)	1	:	0.000000	0.499480	0.000000	0.000012	0.000000	0.000000	0.000000	0.000000	0.000000	0.000000	0.500508
39	tsk_39	(x)	1	:	0.000000	0.000000	0.000001	0.000004	0.000000	0.000000	0.000000	0.000000	0.503979	0.000000	0.496015
40	tsk_40	(x)	1	:	0.000000	0.000000	0.000007	0.000000	0.000000	0.000000	0.000000	0.000000	0.999993	0.000000	0.000000
41	tsk_41	(x)	1	:	0.000000	0.000000	0.000005	0.000001	0.000000	0.000000	0.496789	0.000000	0.503205	0.000000	0.000000
42	tsk_42	(x)	1	:	0.000000	0.000000	0.000006	0.486474	0.000000	0.000000	0.000000	0.000000	0.513520	0.000000	0.000000
43	tsk_43	(x)	1	:	0.000000	0.000000	0.000003	0.000001	0.000000	0.000000	0.496789	0.000000	0.503207	0.000000	0.000000
44	tsk_44	(x)	1	:	0.000000	0.000000	0.000008	0.000000	0.000000	0.108750	0.000000	0.000000	0.481621	0.000000	0.409620
45	tsk_45	(x)	1	:	0.000000	0.000000	0.000006	0.000000	0.000000	0.000000	0.000000	0.000000	0.503554	0.489047	0.007393
46	tsk_46	(x)	1	:	0.000000	0.000000	0.000006	0.000001	0.000000	0.000000	0.496789	0.000000	0.503204	0.000000	0.000000
47	tsk_47	(x)	1	:	0.000000	0.000000	0.000000	0.464734	0.000000	0.000000	0.000000	0.506787	0.000000	0.000000	0.028479
48	tsk_48	(x)	1	:	0.000000	0.000000	0.000000	0.000000	0.000000	0.094869	0.000000	0.000000	0.000000	0.491102	0.414029
49	tsk_49	(x)	1	:	0.000000	0.000000	0.000002	0.486474	0.000000	0.000000	0.000000	0.000000	0.513524	0.000000	0.000000
50	tsk_50	(x)	1	:	0.000000	1.000000	0.000000	0.000000	0.000000	0.000000	0.000000	0.000000	0.000000	0.000000	0.000000
51	tsk_51	(x)	1	:	0.000000	0.496421	0.000001	0.000000	0.000000	0.000000	0.000000	0.000000	0.503578	0.000000	0.000000
52	tsk_52	(x)	1	:	0.000000	0.000000	0.000005	0.000000	0.000000	0.000000	0.000000	0.000000	0.999995	0.000000	0.000000
53	tsk_53	(x)	1	:	0.000000	0.496421	0.000000	0.000000	0.000000	0.000000	0.000000	0.000000	0.503579	0.000000	0.000000
54	tsk_54	(x)	1	:	0.000000	0.000000	0.000002	0.000001	0.000000	0.000000	0.000000	0.000000	0.503979	0.000000	0.496017
55	tsk_55	(x)	1	:	0.000000	0.000000	0.000004	0.000000	0.000000	0.000000	0.000000	0.000000	0.999996	0.000000	0.000000
56	tsk_56	(x)	1	:	0.000000	0.000000	0.000004	0.000000	0.000000	0.000000	0.000000	0.496875	0.501702	0.000000	0.001419
57	tsk_57	(x)	1	:	0.000000	0.000000	0.000000	0.000000	0.000000	0.000000	0.000000	0.508143	0.000000	0.000000	0.491857
58	tsk_58	(x)	1	:	0.000000	0.499046	0.000000	0.000002	0.000000	0.000000	0.000000	0.000000	0.000000	0.489851	0.011101
59	tsk_59	(x)	1	:	0.000000	0.496815	0.000000	0.000000	0.000000	0.000000	0.000000	0.500236	0.000000	0.000000	0.002949
60	tsk_60	(x)	1	:	0.000000	0.000000	0.000000	0.594972	0.000000	0.000000	0.000000	0.000000	0.405028	0.000000	0.000000
61	tsk_61	(x)	1	:	0.000000	0.000000	0.000002	0.000000	0.000000	0.000000	0.000000	0.496928	0.501715	0.000000	0.001356
62	tsk_62	(x)	1	:	0.000000	0.000000	0.000003	0.000000	0.000000	0.000000	0.000000	0.000000	0.503518	0.488849	0.007630
63	tsk_63	(x)	1	:	0.000000	0.000000	0.000000	0.599933	0.000000	0.000000	0.000000	0.000000	0.000000	0.400067	0.000000
64	tsk_64	(x)	1	:	0.000000	0.000000	0.000002	0.000000	0.000000	0.000000	0.000000	0.000000	0.503558	0.489047	0.007392
65	tsk_65	(x)	1	:	0.000000	0.000000	0.000000	0.661107	0.000000	0.000000	0.000000	0.000000	0.000000	0.000000	0.338893
66	tsk_66	(x)	1	:	0.000000	0.000000	0.000000	0.000000	0.000000	0.000000	0.000000	0.506124	0.000000	0.489064	0.004812
67	tsk_67	(x)	1	:	0.000000	0.000000	0.000001	0.000000	0.000000	0.000000	0.000000	0.000000	0.999999	0.000000	0.000000
68	tsk_68	(x)	1	:	0.000000	0.000000	0.000003	0.000001	0.000000	0.000000	0.496789	0.000000	0.503207	0.000000	0.000000
69	tsk_69	(x)	1	:	0.000000	0.000000	0.000000	0.000000	0.000000	0.000000	0.000000	0.000000	0.000000	0.000000	1.000000
70	tsk_70	(x)	1	:	0.000000	0.000000	0.000005	0.000000	0.000000	0.000000	0.000000	0.000000	0.999994	0.000000	0.000000
71	tsk_71	(x)	1	:	0.000000	0.000000	0.000001	0.486474	0.000000	0.000000	0.000000	0.000000	0.513525	0.000000	0.000000
72	tsk_72	(x)	1	:	0.000000	0.000000	0.000002	0.000000	0.000000	0.000000	0.000000	0.000000	0.999998	0.000000	0.000000
73	tsk_73	(x)	1	:	0.000000	0.000000	0.000000	0.465531	0.000000	0.000000	0.000000	0.000000	0.000000	0.490541	0.043928
74	tsk_74	(x)	1	:	0.000000	0.000000	0.000003	0.486474	0.000000	0.000000	0.000000	0.000000	0.513522	0.000000	0.000000
75	tsk_75	(x)	1	:	0.000000	0.496421	0.000002	0.000000	0.000000	0.000000	0.000000	0.000000	0.503577	0.000000	0.000000
76	tsk_76	(x)	1	:	0.000000	0.000000	0.000007	0.486474	0.000000	0.000000	0.000000	0.000000	0.513518	0.000000	0.000000
77	tsk_77	(x)	1	:	0.000000	0.000000	0.000002	0.000000	0.000000	0.000000	0.000000	0.000000	0.999998	0.000000	0.000000
78	tsk_78	(x)	1	:	0.000000	0.000000	0.000004	0.000001	0.000000	0.000000	0.000000	0.000000	0.503977	0.000000	0.496018
79	tsk_79	(x)	1	:	0.000000	0.000000	0.000004	0.000002	0.000000	0.000000	0.000000	0.000000	0.503977	0.000000	0.496017
80	tsk_80	(x)	1	:	0.000000	0.000000	0.000003	0.000000	0.000000	0.000000	0.000000	0.000000	0.999997	0.000000	0.000000
81	tsk_81	(x)	1	:	0.000000	0.000000	0.000000	0.466166	0.000000	0.000000	0.000000	0.000000	0.000000	0.000000	0.533834
82	tsk_82	(x)	1	:	0.000000	0.000000	0.000000	0.000000	0.000000	0.000000	0.000000	0.000000	0.000000	1.000000	0.000000
83	tsk_83	(x)	1	:	0.000000	0.000000	0.000006	0.486474	0.000000	0.000000	0.000000	0.000000	0.513519	0.000000	0.000000
84	tsk_84	(x)	1	:	0.000000	0.000000	0.000004	0.000000	0.000000	0.000000	0.000000	0.000000	0.503625	0.489394	0.006977
85	tsk_85	(x)	1	:	0.000000	0.000000	0.000009	0.486474	0.000000	0.000000	0.000000	0.000000	0.513516	0.000000	0.000000
86	tsk_86	(x)	1	:	0.000000	0.000000	0.000000	0.000002	0.000000	0.000000	0.499529	0.000000	0.000000	0.489083	0.011387
87	tsk_87	(x)	1	:	0.276458	0.000000	0.000001	0.000000	0.000000	0.000000	0.000000	0.497887	0.225651	0.000000	0.000004
88	tsk_88	(x)	1	:	0.520135	0.000000	0.000000	0.000000	0.000000	0.000000	0.000000	0.479865	0.000000	0.000000	0.000000
89	tsk_89	(x)	1	:	0.354985	0.000000	0.000000	0.484469	0.000000	0.000000	0.000000	0.000000	0.160546	0.000000	0.000000
90	tsk_90	(x)	1	:	0.000000	0.000000	0.000000	0.464722	0.000000	0.000000	0.000000	0.506775	0.000000	0.000000	0.028503
91	tsk_91	(x)	1	:	0.000000	0.516303	0.000000	0.483697	0.000000	0.000000	0.000000	0.000000	0.000000	0.000000	0.000000
92	tsk_92	(x)	1	:	0.000000	0.499441	0.000000	0.000012	0.000000	0.000000	0.500546	0.000000	0.000000	0.000000	0.000000
93	tsk_93	(x)	1	:	0.000000	0.000000	0.000000	1.000000	0.000000	0.000000	0.000000	0.000000	0.000000	0.000000	0.000000
94	tsk_94	(x)	1	:	0.000000	0.000000	0.000000	1.000000	0.000000	0.000000	0.000000	0.000000	0.000000	0.000000	0.000000
95	tsk_95	(x)	1	:	0.000000	0.000000	0.000000	1.000000	0.000000	0.000000	0.000000	0.000000	0.000000	0.000000	0.000000
96	tsk_96	(x)	1	:	0.000000	0.000000	0.000000	1.000000	0.000000	0.000000	0.000000	0.000000	0.000000	0.000000	0.000000
97	tsk_97	(x)	1	:	0.000000	0.516303	0.000000	0.483697	0.000000	0.000000	0.000000	0.000000	0.000000	0.000000	0.000000
98	tsk_98	(x)	1	:	0.000000	0.496421	0.000000	0.000000	0.000000	0.000000	0.000000	0.000000	0.503579	0.000000	0.000000
99	tsk_99	(x)	1	:	0.000000	0.000000	0.000000	0.464748	0.000000	0.000000	0.000000	0.506802	0.000000	0.000000	0.028449
100	tsk_100	(x)	1	:	0.491552	0.508448	0.000000	0.000000	0.000000	0.000000	0.000000	0.000000	0.000000	0.000000	0.000000
101	tsk_101	(x)	1	:	0.000000	0.441798	0.000000	0.000000	0.000000	0.000000	0.558202	0.000000	0.000000	0.000000	0.000000
102	tsk_102	(x)	1	:	0.354332	0.495086	0.000000	0.000022	0.000000	0.000000	0.000000	0.000000	0.150560	0.000000	0.000000
103	tsk_103	(x)	1	:	0.000000	0.535946	0.000003	0.000000	0.000000	0.000000	0.000000	0.000000	0.464050	0.000000	0.000000
104	tsk_104	(x)	1	:	0.577903	0.000000	0.000000	0.000000	0.000000	0.000000	0.000000	0.000000	0.422097	0.000000	0.000000
105	tsk_105	(x)	1	:	0.355113	0.000000	0.000000	0.000028	0.000000	0.000000	0.000000	0.000000	0.150373	0.000000	0.494486
106	tsk_106	(x)	1	:	0.000000	1.000000	0.000000	0.000000	0.000000	0.000000	0.000000	0.000000	0.000000	0.000000	0.000000
107	tsk_107	(x)	1	:	0.000000	0.000000	0.000004	0.000002	0.000000	0.000000	0.000000	0.000000	0.503977	0.000000	0.496017
108	tsk_108	(x)	1	:	0.000000	0.499480	0.000000	0.000011	0.000000	0.000000	0.000000	0.000000	0.000000	0.000000	0.500509
109	tsk_109	(x)	1	:	0.354883	0.000000	0.000000	0.484444	0.000000	0.000000	0.000000	0.000000	0.160673	0.000000	0.000000
110	tsk_110	(x)	1	:	0.000000	0.000000	0.000000	0.000000	0.629498	0.000000	0.000000	0.000000	0.370502	0.000000	0.000000
111	tsk_111	(x)	1	:	0.000000	0.000000	0.000000	0.000000	0.000000	0.000000	0.000000	1.000000	0.000000	0.000000	0.000000
112	tsk_112	(x)	1	:	0.000000	0.080022	0.000000	0.000000	0.000000	0.446960	0.000000	0.473017	0.000000	0.000000	0.000000
113	tsk_113	(x)	1	:	0.000000	0.290596	0.000000	0.000000	0.000000	0.221533	0.000000	0.487870	0.000000	0.000000	0.000000
114	tsk_114	(x)	1	:	0.000000	0.496421	0.000001	0.000000	0.000000	0.000000	0.000000	0.000000	0.503578	0.000000	0.000000
115	tsk_115	(x)	1	:	0.000000	0.000000	0.000003	0.000000	0.000000	0.000000	0.000000	0.496893	0.501706	0.000000	0.001398
116	tsk_116	(x)	1	:	0.000000	0.000000	0.000001	0.000000	0.422857	0.000000	0.000000	0.000000	0.577141	0.000000	0.000000
117	tsk_117	(x)	1	:	0.000000	0.000000	0.000000	0.000000	0.423145	0.000000	0.000000	0.496680	0.078471	0.000000	0.001705
118	tsk_118	(x)	1	:	0.000000	0.000000	0.000000	0.000000	0.000000	0.000000	0.000000	0.508143	0.000000	0.000000	0.491857
119	tsk_119	(x)	1	:	0.000000	0.000000	0.000000	0.000000	0.629498	0.000000	0.000000	0.000000	0.370502	0.000000	0.000000
120	tsk_120	(x)	1	:	0.000000	0.000000	0.000000	1.000000	0.000000	0.000000	0.000000	0.000000	0.000000	0.000000	0.000000
121	tsk_121	(x)	1	:	0.000000	0.000000	0.000003	0.000000	0.000000	0.000000	0.000000	0.000000	0.503582	0.489170	0.007245
122	tsk_122	(x)	1	:	0.000000	0.000000	0.000000	0.661107	0.000000	0.000000	0.000000	0.000000	0.000000	0.000000	0.338893
123	tsk_123	(x)	1	:	0.000000	0.000000	0.000000	0.710348	0.000000	0.000000	0.000000	0.169372	0.000000	0.120279	0.000000
124	tsk_124	(x)	1	:	0.000000	0.000000	0.000002	0.132676	0.000000	0.000000	0.000000	0.000000	0.512615	0.000000	0.354707
125	tsk_125	(x)	1	:	0.000000	0.000000	0.000000	0.661107	0.000000	0.000000	0.000000	0.000000	0.000000	0.000000	0.338893
126	tsk_126	(x)	1	:	0.000000	0.000000	0.000002	0.278680	0.000000	0.000000	0.000000	0.000000	0.512980	0.208339	0.000000
127	tsk_127	(x)	1	:	0.000000	0.000000	0.000000	0.661107	0.000000	0.000000	0.000000	0.000000	0.000000	0.000000	0.338893
128	tsk_128	(x)	1	:	0.000000	0.000000	0.000000	1.000000	0.000000	0.000000	0.000000	0.000000	0.000000	0.000000	0.000000
129	tsk_129	(x)	1	:	0.000000	0.000000	0.000001	0.000001	0.000000	0.000000	0.000000	0.000000	0.503980	0.000000	0.496018
130	tsk_130	(x)	1	:	0.000000	0.000000	0.000001	0.000000	0.000000	0.000000	0.000000	0.000000	0.999999	0.000000	0.000000
131	tsk_131	(x)	1	:	0.000000	0.000000	0.000000	0.000000	0.000000	0.000000	0.000000	0.508143	0.000000	0.000000	0.491857
132	tsk_132	(x)	1	:	0.000000	0.000000	0.000005	0.000001	0.000000	0.000000	0.000000	0.000000	0.503976	0.000000	0.496018
133	tsk_133	(x)	1	:	0.000000	0.000000	0.521556	0.000000	0.000000	0.000000	0.000000	0.478444	0.000000	0.000000	0.000000
134	tsk_134	(x)	1	:	0.000000	0.000000	0.000002	0.486474	0.000000	0.000000	0.000000	0.000000	0.513524	0.000000	0.000000
135	tsk_135	(x)	1	:	0.000000	0.000000	0.000000	0.000000	0.000000	0.000000	0.000000	0.000000	0.503947	0.332903	0.163150
136	tsk_136	(x)	1	:	0.000000	0.000000	0.998996	0.000000	0.000000	0.000000	0.000000	0.000000	0.001004	0.000000	0.000000
137	tsk_137	(x)	1	:	0.000000	0.000000	0.000002	0.000000	0.000000	0.000000	0.000000	0.000000	0.457349	0.000000	0.542648
138	tsk_138	(x)	1	:	0.000000	0.000000	0.000004	0.486474	0.000000	0.000000	0.000000	0.000000	0.513522	0.000000	0.000000
139	tsk_139	(x)	1	:	0.000000	0.000000	0.000002	0.000000	0.000000	0.000000	0.000000	0.000000	0.999998	0.000000	0.000000
140	tsk_140	(x)	1	:	0.000000	0.000000	0.000005	0.000000	0.000000	0.000000	0.000000	0.000000	0.503552	0.489030	0.007413
141	tsk_141	(x)	1	:	0.000000	0.000000	0.000000	0.000006	0.000000	0.000000	0.500224	0.000000	0.000000	0.000000	0.499770
142	tsk_142	(x)	1	:	0.000000	0.000000	0.000004	0.000000	0.000000	0.000000	0.000000	0.496860	0.501699	0.000000	0.001437
143	tsk_143	(x)	1	:	0.000000	0.000000	0.000010	0.000000	0.000000	0.000000	0.000000	0.537815	0.462175	0.000000	0.000000
144	tsk_144	(x)	1	:	0.000000	0.000000	0.000001	0.486474	0.000000	0.000000	0.000000	0.000000	0.513525	0.000000	0.000000
145	tsk_145	(x)	1	:	0.000000	0.000000	0.000004	0.000000	0.000000	0.000000	0.000000	0.000000	0.999996	0.000000	0.000000
146	tsk_146	(x)	1	:	0.000000	0.000000	0.000000	0.000000	0.000000	0.000000	0.455405	0.544595	0.000000	0.000000	0.000000
147	tsk_147	(x)	1	:	0.000000	0.000000	0.000000	0.000000	0.000000	0.000000	0.000000	0.507140	0.000000	0.490077	0.002783
148	tsk_148	(x)	1	:	0.000000	0.000000	0.000000	1.000000	0.000000	0.000000	0.000000	0.000000	0.000000	0.000000	0.000000
149	tsk_149	(x)	1	:	0.000000	0.000000	0.000000	0.466166	0.000000	0.000000	0.000000	0.000000	0.000000	0.000000	0.533834
