logL = -1610.680035 (converged)
AIC = 6251.360071
BIC = 10812.472541

count.K
46 1 14 52 2 3 8 17 7 

