logL = -548.968466 (converged)
AIC = 2909.936932
BIC = 5637.572508

count.K
7 8 15 30 82 8 

