0	tsk_0	(x)	1	:	0.000000	0.247362	0.000000	0.000000	0.000000	0.000000	0.000000	0.000000	0.451505	0.000000	0.000000	0.000000	0.294429	0.006704	0.000000
1	tsk_1	(x)	1	:	0.000000	0.086100	0.537337	0.000000	0.000000	0.000000	0.000000	0.000000	0.000000	0.000000	0.000000	0.000000	0.376563	0.000000	0.000000
2	tsk_2	(x)	1	:	0.000000	0.541722	0.000000	0.000000	0.000000	0.000000	0.000000	0.000000	0.451438	0.000000	0.000000	0.000000	0.000000	0.006840	0.000000
3	tsk_3	(x)	1	:	0.000000	0.000013	0.542752	0.000000	0.000000	0.000000	0.000000	0.000000	0.457182	0.000000	0.000000	0.000000	0.000038	0.000016	0.000000
4	tsk_4	(x)	1	:	0.000000	0.000000	0.000000	0.000000	0.000000	0.000000	0.000000	0.000000	1.000000	0.000000	0.000000	0.000000	0.000000	0.000000	0.000000
5	tsk_5	(x)	1	:	0.000000	0.001710	0.565295	0.000000	0.427826	0.000000	0.000000	0.000000	0.000000	0.000000	0.000000	0.000000	0.005168	0.000000	0.000000
6	tsk_6	(x)	1	:	0.000000	0.000000	0.497968	0.000000	0.000000	0.000000	0.000000	0.000000	0.000000	0.502032	0.000000	0.000000	0.000000	0.000000	0.000000
7	tsk_7	(x)	1	:	0.000000	0.080638	0.000000	0.000000	0.000000	0.000000	0.000000	0.000000	0.000000	0.520603	0.000000	0.000000	0.398759	0.000000	0.000000
8	tsk_8	(x)	1	:	0.000000	0.100302	0.000000	0.000000	0.000000	0.000000	0.000000	0.000000	0.000000	0.000000	0.000000	0.000000	0.447386	0.452312	0.000000
9	tsk_9	(x)	1	:	0.000000	0.352171	0.000000	0.000000	0.000000	0.000000	0.000000	0.000000	0.000000	0.000000	0.000000	0.000000	0.647829	0.000000	0.000000
10	tsk_10	(x)	1	:	0.000000	0.000000	0.000000	0.000000	0.485436	0.000000	0.000000	0.000000	0.514564	0.000000	0.000000	0.000000	0.000000	0.000000	0.000000
11	tsk_11	(x)	1	:	0.000000	0.072451	0.000000	0.000000	0.000000	0.000000	0.000000	0.000000	0.000000	0.000000	0.000000	0.000000	0.927549	0.000000	0.000000
12	tsk_12	(x)	1	:	0.000000	0.177988	0.000000	0.000000	0.000000	0.000000	0.000000	0.000000	0.000000	0.000000	0.000000	0.000000	0.369701	0.452312	0.000000
13	tsk_13	(x)	1	:	0.000000	0.132625	0.000000	0.000000	0.000000	0.000000	0.000000	0.000000	0.000000	0.000000	0.000000	0.000000	0.415063	0.452312	0.000000
14	tsk_14	(x)	1	:	0.000000	0.000000	0.000000	0.470270	0.000000	0.000000	0.000000	0.000000	0.529730	0.000000	0.000000	0.000000	0.000000	0.000000	0.000000
15	tsk_15	(x)	1	:	0.000000	0.011779	0.000000	0.000000	0.000000	0.000000	0.000000	0.000000	0.000000	0.520789	0.000000	0.000000	0.014956	0.452475	0.000000
16	tsk_16	(x)	1	:	0.000000	0.422462	0.000000	0.000000	0.000000	0.000000	0.000000	0.000000	0.577538	0.000000	0.000000	0.000000	0.000000	0.000000	0.000000
17	tsk_17	(x)	1	:	0.000000	0.028435	0.000000	0.000000	0.000000	0.000000	0.000000	0.000000	0.000000	0.000000	0.000000	0.000000	0.320049	0.651516	0.000000
18	tsk_18	(x)	1	:	0.000000	0.174986	0.000000	0.000000	0.000000	0.000000	0.000000	0.000000	0.000000	0.000000	0.000000	0.000000	0.825014	0.000000	0.000000
19	tsk_19	(x)	1	:	0.000000	0.217857	0.000000	0.000000	0.000000	0.000000	0.000000	0.000000	0.000000	0.000000	0.000000	0.000000	0.782143	0.000000	0.000000
20	tsk_20	(x)	1	:	0.000000	0.436404	0.000000	0.000000	0.000000	0.000000	0.000000	0.000000	0.000000	0.000000	0.000000	0.526345	0.037250	0.000000	0.000000
21	tsk_21	(x)	1	:	0.000000	0.252174	0.000000	0.000000	0.000000	0.000000	0.000000	0.000000	0.000000	0.000000	0.000000	0.485252	0.262573	0.000000	0.000000
22	tsk_22	(x)	1	:	0.000000	0.086346	0.000000	0.000000	0.000000	0.500000	0.000000	0.000000	0.000000	0.000000	0.000000	0.000000	0.413654	0.000000	0.000000
23	tsk_23	(x)	1	:	0.000000	0.097593	0.000000	0.000000	0.000000	0.000000	0.000000	0.000000	0.000000	0.000000	0.000000	0.000000	0.542427	0.000000	0.359980
24	tsk_24	(x)	1	:	0.000000	0.310364	0.000000	0.000000	0.000000	0.000000	0.000000	0.000000	0.000000	0.000000	0.000000	0.000000	0.689636	0.000000	0.000000
25	tsk_25	(x)	1	:	0.000000	0.320428	0.000000	0.000000	0.000000	0.000000	0.000000	0.000000	0.000000	0.000000	0.000000	0.000000	0.679572	0.000000	0.000000
26	tsk_26	(x)	1	:	0.000000	0.006643	0.000000	0.000000	0.000000	0.500009	0.000000	0.000000	0.000000	0.000000	0.000000	0.485254	0.008094	0.000000	0.000000
27	tsk_27	(x)	1	:	0.000000	0.163486	0.000000	0.000000	0.000000	0.000000	0.000000	0.000000	0.000000	0.264340	0.000000	0.000000	0.572174	0.000000	0.000000
28	tsk_28	(x)	1	:	0.000000	0.066003	0.000000	0.000000	0.000000	0.000000	0.000000	0.000000	0.000000	0.520603	0.000000	0.000000	0.413394	0.000000	0.000000
29	tsk_29	(x)	1	:	0.000000	0.000000	0.000000	0.000000	0.000000	0.000000	0.000000	0.000000	0.000000	0.000000	0.000000	1.000000	0.000000	0.000000	0.000000
30	tsk_30	(x)	1	:	0.000000	0.384323	0.000000	0.500000	0.000000	0.000000	0.000000	0.000000	0.000000	0.000000	0.000000	0.000000	0.115677	0.000000	0.000000
31	tsk_31	(x)	1	:	0.000000	0.182853	0.000000	0.500000	0.000000	0.000000	0.000000	0.000000	0.000000	0.000000	0.000000	0.000000	0.317147	0.000000	0.000000
32	tsk_32	(x)	1	:	0.000000	0.176786	0.000000	0.000000	0.000000	0.000000	0.000000	0.000000	0.000000	0.000000	0.000000	0.000000	0.823214	0.000000	0.000000
33	tsk_33	(x)	1	:	0.000000	0.155558	0.000000	0.000000	0.000000	0.000000	0.681802	0.000000	0.000000	0.000000	0.000000	0.000000	0.162640	0.000000	0.000000
34	tsk_34	(x)	1	:	0.000000	0.091885	0.000000	0.000000	0.000000	0.000000	0.681802	0.000000	0.000000	0.000000	0.000000	0.000000	0.226314	0.000000	0.000000
35	tsk_35	(x)	1	:	0.000000	0.000294	0.000000	0.000000	0.000000	0.000000	0.546137	0.000000	0.450719	0.000000	0.000000	0.000000	0.000374	0.002477	0.000000
36	tsk_36	(x)	1	:	0.000000	0.067513	0.000000	0.000000	0.000000	0.500002	0.307434	0.000000	0.000000	0.000000	0.000000	0.000000	0.125051	0.000000	0.000000
37	tsk_37	(x)	1	:	0.000000	0.264922	0.000000	0.000000	0.000000	0.000000	0.000000	0.000000	0.451420	0.000000	0.000000	0.000000	0.276782	0.006876	0.000000
38	tsk_38	(x)	1	:	0.000000	0.069271	0.000000	0.000000	0.000000	0.000000	0.550085	0.000000	0.000000	0.000000	0.000000	0.000000	0.380644	0.000000	0.000000
39	tsk_39	(x)	1	:	0.000000	0.116711	0.000000	0.000000	0.416778	0.000000	0.000000	0.000000	0.000000	0.000000	0.000000	0.000000	0.466511	0.000000	0.000000
40	tsk_40	(x)	1	:	0.000000	0.000000	0.000000	1.000000	0.000000	0.000000	0.000000	0.000000	0.000000	0.000000	0.000000	0.000000	0.000000	0.000000	0.000000
41	tsk_41	(x)	1	:	0.000000	0.000000	0.000000	0.493435	0.000000	0.000000	0.000000	0.000000	0.000000	0.506565	0.000000	0.000000	0.000000	0.000000	0.000000
42	tsk_42	(x)	1	:	0.000000	0.011926	0.000000	0.000000	0.000000	0.000000	0.307088	0.000000	0.000000	0.520419	0.000000	0.000000	0.160567	0.000000	0.000000
43	tsk_43	(x)	1	:	0.000000	0.162437	0.000000	0.000000	0.000000	0.000000	0.307439	0.000000	0.000000	0.000000	0.000000	0.000000	0.077803	0.452321	0.000000
44	tsk_44	(x)	1	:	0.000000	0.000000	0.000000	1.000000	0.000000	0.000000	0.000000	0.000000	0.000000	0.000000	0.000000	0.000000	0.000000	0.000000	0.000000
45	tsk_45	(x)	1	:	0.000000	0.119407	0.000000	0.000000	0.000000	0.000000	0.307086	0.000000	0.000000	0.520417	0.000000	0.000000	0.053090	0.000000	0.000000
46	tsk_46	(x)	1	:	0.000000	0.031039	0.000000	0.499953	0.000000	0.000000	0.000000	0.000000	0.000000	0.000000	0.000000	0.000000	0.016897	0.452111	0.000000
47	tsk_47	(x)	1	:	0.000000	0.000000	0.000000	0.493435	0.000000	0.000000	0.000000	0.000000	0.000000	0.506565	0.000000	0.000000	0.000000	0.000000	0.000000
48	tsk_48	(x)	1	:	0.000000	0.000000	0.000000	0.000000	0.000000	0.000000	0.000000	0.000000	0.000000	0.000000	0.000000	0.000000	0.000000	1.000000	0.000000
49	tsk_49	(x)	1	:	0.501675	0.000000	0.000000	0.000000	0.000000	0.000000	0.000000	0.000000	0.000000	0.497672	0.000000	0.000000	0.000000	0.000653	0.000000
50	tsk_50	(x)	1	:	0.000000	0.364370	0.000000	0.500000	0.000000	0.000000	0.000000	0.000000	0.000000	0.000000	0.000000	0.000000	0.135630	0.000000	0.000000
51	tsk_51	(x)	1	:	0.000000	0.000000	0.000000	1.000000	0.000000	0.000000	0.000000	0.000000	0.000000	0.000000	0.000000	0.000000	0.000000	0.000000	0.000000
52	tsk_52	(x)	1	:	0.000000	0.000000	0.000000	1.000000	0.000000	0.000000	0.000000	0.000000	0.000000	0.000000	0.000000	0.000000	0.000000	0.000000	0.000000
53	tsk_53	(x)	1	:	0.000000	0.000000	0.000000	0.514748	0.000000	0.000000	0.000000	0.000000	0.000000	0.000000	0.000000	0.485252	0.000000	0.000000	0.000000
54	tsk_54	(x)	1	:	0.000000	0.171703	0.000000	0.500000	0.000000	0.000000	0.000000	0.000000	0.000000	0.000000	0.000000	0.000000	0.328296	0.000000	0.000000
55	tsk_55	(x)	1	:	0.000000	0.264425	0.000000	0.500000	0.000000	0.000000	0.000000	0.000000	0.000000	0.000000	0.000000	0.000000	0.235575	0.000000	0.000000
56	tsk_56	(x)	1	:	0.000000	0.023775	0.000000	0.499991	0.000000	0.000000	0.000000	0.000000	0.000000	0.000000	0.000000	0.000000	0.023964	0.452270	0.000000
57	tsk_57	(x)	1	:	0.000000	0.000000	0.000000	0.514748	0.000000	0.000000	0.000000	0.000000	0.000000	0.000000	0.000000	0.485252	0.000000	0.000000	0.000000
58	tsk_58	(x)	1	:	0.000000	0.000000	0.000000	1.000000	0.000000	0.000000	0.000000	0.000000	0.000000	0.000000	0.000000	0.000000	0.000000	0.000000	0.000000
59	tsk_59	(x)	1	:	0.000000	0.171398	0.000000	0.500000	0.000000	0.000000	0.000000	0.000000	0.000000	0.000000	0.000000	0.000000	0.328602	0.000000	0.000000
60	tsk_60	(x)	1	:	0.000000	0.227037	0.000000	0.500000	0.000000	0.000000	0.000000	0.000000	0.000000	0.000000	0.000000	0.000000	0.272963	0.000000	0.000000
61	tsk_61	(x)	1	:	0.000000	0.000000	0.000000	0.473655	0.000000	0.000000	0.000000	0.000000	0.000000	0.000000	0.000000	0.526345	0.000000	0.000000	0.000000
62	tsk_62	(x)	1	:	0.000000	0.363467	0.000000	0.500000	0.000000	0.000000	0.000000	0.000000	0.000000	0.000000	0.000000	0.000000	0.136532	0.000000	0.000000
63	tsk_63	(x)	1	:	0.000000	0.185953	0.000000	0.000000	0.000000	0.000000	0.000000	0.000000	0.000000	0.000000	0.000000	0.000000	0.814047	0.000000	0.000000
64	tsk_64	(x)	1	:	0.000000	0.276602	0.000000	0.500000	0.000000	0.000000	0.000000	0.000000	0.000000	0.000000	0.000000	0.000000	0.223398	0.000000	0.000000
65	tsk_65	(x)	1	:	0.000000	0.013938	0.000000	0.000000	0.000000	0.000000	0.000000	0.000000	0.000000	0.520773	0.000000	0.000000	0.012841	0.452447	0.000000
66	tsk_66	(x)	1	:	0.000000	0.210645	0.000000	0.000000	0.000000	0.000000	0.000000	0.000000	0.182041	0.000000	0.000000	0.000000	0.607313	0.000000	0.000000
67	tsk_67	(x)	1	:	0.000000	0.215897	0.000000	0.000000	0.000000	0.000000	0.000000	0.000000	0.000000	0.000000	0.000000	0.000000	0.331791	0.452312	0.000000
68	tsk_68	(x)	1	:	0.000000	0.000000	0.000000	1.000000	0.000000	0.000000	0.000000	0.000000	0.000000	0.000000	0.000000	0.000000	0.000000	0.000000	0.000000
69	tsk_69	(x)	1	:	0.000000	0.195236	0.000000	0.000000	0.000000	0.000000	0.000000	0.000000	0.000000	0.264243	0.000000	0.526242	0.014278	0.000000	0.000000
70	tsk_70	(x)	1	:	0.000000	0.118366	0.000000	0.000000	0.000000	0.000000	0.000000	0.000000	0.000000	0.550721	0.000000	0.000000	0.330913	0.000000	0.000000
71	tsk_71	(x)	1	:	0.000000	0.311831	0.000000	0.500000	0.000000	0.000000	0.000000	0.000000	0.000000	0.000000	0.000000	0.000000	0.188169	0.000000	0.000000
72	tsk_72	(x)	1	:	0.000000	0.006973	0.000000	0.000000	0.416447	0.000000	0.000000	0.000000	0.000000	0.520367	0.000000	0.000000	0.056213	0.000000	0.000000
73	tsk_73	(x)	1	:	0.000000	0.045371	0.000000	0.000000	0.416653	0.000000	0.000000	0.000000	0.000000	0.264279	0.000000	0.000000	0.273697	0.000000	0.000000
74	tsk_74	(x)	1	:	0.000000	0.284590	0.000000	0.000000	0.000000	0.000000	0.000000	0.000000	0.000000	0.264340	0.000000	0.000000	0.451070	0.000000	0.000000
75	tsk_75	(x)	1	:	0.000000	0.189081	0.000000	0.000000	0.000000	0.000000	0.000000	0.000000	0.000000	0.264340	0.000000	0.000000	0.546579	0.000000	0.000000
76	tsk_76	(x)	1	:	0.000000	0.000000	0.000000	1.000000	0.000000	0.000000	0.000000	0.000000	0.000000	0.000000	0.000000	0.000000	0.000000	0.000000	0.000000
77	tsk_77	(x)	1	:	0.000000	0.235601	0.000000	0.000000	0.000000	0.000000	0.000000	0.000000	0.000000	0.264340	0.000000	0.000000	0.500059	0.000000	0.000000
78	tsk_78	(x)	1	:	0.000000	0.012446	0.000000	0.000000	0.416445	0.000000	0.000000	0.000000	0.000000	0.520364	0.000000	0.000000	0.050746	0.000000	0.000000
79	tsk_79	(x)	1	:	0.000000	0.000000	0.000000	0.493435	0.000000	0.000000	0.000000	0.000000	0.000000	0.506565	0.000000	0.000000	0.000000	0.000000	0.000000
80	tsk_80	(x)	1	:	0.000000	0.000000	0.000000	0.000000	0.000000	0.000000	0.000000	0.000000	0.458085	0.000000	0.000000	0.000000	0.000000	0.541914	0.000000
81	tsk_81	(x)	1	:	0.000000	0.012096	0.000000	0.000000	0.416787	0.500008	0.000000	0.000000	0.000000	0.000000	0.000000	0.000000	0.071109	0.000000	0.000000
82	tsk_82	(x)	1	:	0.000000	0.418222	0.000000	0.000000	0.000000	0.000000	0.000000	0.000000	0.000000	0.000000	0.000000	0.000000	0.581778	0.000000	0.000000
83	tsk_83	(x)	1	:	0.000000	0.000000	0.000000	0.493435	0.000000	0.000000	0.000000	0.000000	0.000000	0.506565	0.000000	0.000000	0.000000	0.000000	0.000000
84	tsk_84	(x)	1	:	0.000000	0.000000	0.000000	1.000000	0.000000	0.000000	0.000000	0.000000	0.000000	0.000000	0.000000	0.000000	0.000000	0.000000	0.000000
85	tsk_85	(x)	1	:	0.000000	0.292034	0.000000	0.500000	0.000000	0.000000	0.000000	0.000000	0.000000	0.000000	0.000000	0.000000	0.207966	0.000000	0.000000
86	tsk_86	(x)	1	:	0.000000	0.000000	0.000000	1.000000	0.000000	0.000000	0.000000	0.000000	0.000000	0.000000	0.000000	0.000000	0.000000	0.000000	0.000000
87	tsk_87	(x)	1	:	0.000000	0.003759	0.000000	0.000000	0.000000	0.499999	0.000000	0.000000	0.000000	0.000000	0.000000	0.000000	0.043938	0.452305	0.000000
88	tsk_88	(x)	1	:	0.000000	0.000000	0.000000	0.000000	0.000000	1.000000	0.000000	0.000000	0.000000	0.000000	0.000000	0.000000	0.000000	0.000000	0.000000
89	tsk_89	(x)	1	:	0.000000	0.238157	0.000000	0.500000	0.000000	0.000000	0.000000	0.000000	0.000000	0.000000	0.000000	0.000000	0.261843	0.000000	0.000000
90	tsk_90	(x)	1	:	0.000000	0.308853	0.000000	0.000000	0.000000	0.000000	0.307432	0.000000	0.000000	0.000000	0.000000	0.000000	0.383715	0.000000	0.000000
91	tsk_91	(x)	1	:	0.000000	0.244162	0.000000	0.000000	0.000000	0.000000	0.000000	0.000000	0.000000	0.000000	0.000000	0.485252	0.270586	0.000000	0.000000
92	tsk_92	(x)	1	:	0.000000	0.244885	0.000000	0.000000	0.000000	0.000000	0.000000	0.500000	0.000000	0.000000	0.000000	0.000000	0.255115	0.000000	0.000000
93	tsk_93	(x)	1	:	0.000000	0.444562	0.000000	0.000000	0.000000	0.000000	0.000000	0.000000	0.000000	0.000000	0.000000	0.526345	0.029092	0.000000	0.000000
94	tsk_94	(x)	1	:	0.000000	0.242797	0.000000	0.000000	0.000000	0.000000	0.000000	0.000000	0.451898	0.000000	0.000000	0.000000	0.299398	0.005906	0.000000
95	tsk_95	(x)	1	:	0.000000	0.147732	0.000000	0.000000	0.000000	0.000000	0.342453	0.000000	0.000000	0.000000	0.000000	0.504185	0.005629	0.000000	0.000000
96	tsk_96	(x)	1	:	0.000000	0.119164	0.000000	0.000000	0.000000	0.000000	0.000000	0.500000	0.000000	0.000000	0.000000	0.000000	0.380836	0.000000	0.000000
97	tsk_97	(x)	1	:	0.000000	0.143946	0.000000	0.000000	0.000000	0.000000	0.342453	0.000000	0.000000	0.000000	0.000000	0.504185	0.009416	0.000000	0.000000
98	tsk_98	(x)	1	:	0.000000	0.089550	0.000000	0.000000	0.000000	0.000000	0.307437	0.500000	0.000000	0.000000	0.000000	0.000000	0.103013	0.000000	0.000000
99	tsk_99	(x)	1	:	0.000000	0.261684	0.000000	0.000000	0.000000	0.000000	0.000000	0.000000	0.000000	0.000000	0.000000	0.000000	0.738316	0.000000	0.000000
100	tsk_100	(x)	1	:	0.000000	0.000000	0.000000	0.493435	0.000000	0.000000	0.000000	0.000000	0.000000	0.506565	0.000000	0.000000	0.000000	0.000000	0.000000
101	tsk_101	(x)	1	:	0.000000	0.000000	0.000000	0.000000	0.000000	0.000000	0.000000	0.000000	0.000000	1.000000	0.000000	0.000000	0.000000	0.000000	0.000000
102	tsk_102	(x)	1	:	0.000000	0.000000	0.000000	0.514748	0.000000	0.000000	0.000000	0.000000	0.000000	0.000000	0.000000	0.485252	0.000000	0.000000	0.000000
103	tsk_103	(x)	1	:	0.000000	0.078513	0.000000	0.000000	0.000000	0.000000	0.000000	0.000000	0.000000	0.520603	0.000000	0.000000	0.400884	0.000000	0.000000
104	tsk_104	(x)	1	:	0.000000	0.000000	0.000000	1.000000	0.000000	0.000000	0.000000	0.000000	0.000000	0.000000	0.000000	0.000000	0.000000	0.000000	0.000000
105	tsk_105	(x)	1	:	0.000000	0.000000	0.000000	1.000000	0.000000	0.000000	0.000000	0.000000	0.000000	0.000000	0.000000	0.000000	0.000000	0.000000	0.000000
106	tsk_106	(x)	1	:	0.000000	0.000000	0.000000	0.493435	0.000000	0.000000	0.000000	0.000000	0.000000	0.506565	0.000000	0.000000	0.000000	0.000000	0.000000
107	tsk_107	(x)	1	:	0.000000	0.283250	0.000000	0.500000	0.000000	0.000000	0.000000	0.000000	0.000000	0.000000	0.000000	0.000000	0.216750	0.000000	0.000000
108	tsk_108	(x)	1	:	0.000000	0.200010	0.000000	0.000000	0.000000	0.000000	0.000000	0.000000	0.000000	0.000000	0.000000	0.000000	0.799990	0.000000	0.000000
109	tsk_109	(x)	1	:	0.000000	0.016633	0.000000	0.000000	0.000000	0.000000	0.000000	0.000000	0.000000	0.520798	0.000000	0.000000	0.010077	0.452491	0.000000
110	tsk_110	(x)	1	:	0.000000	0.000000	0.000000	0.000000	0.000000	0.000000	0.000000	0.000000	0.000000	0.000000	0.000000	0.000000	0.000000	1.000000	0.000000
111	tsk_111	(x)	1	:	0.000000	0.000000	0.000000	0.000000	0.000000	0.000000	0.000000	0.000000	0.000000	0.000000	0.000000	0.000000	0.000000	1.000000	0.000000
112	tsk_112	(x)	1	:	0.000000	0.009990	0.000000	0.000000	0.000000	0.000000	0.000000	0.000000	0.000000	0.520812	0.000000	0.000000	0.016682	0.452516	0.000000
113	tsk_113	(x)	1	:	0.000000	0.000000	0.000000	0.000000	0.000000	0.000000	0.000000	0.000000	0.000000	0.000000	0.000000	0.000000	0.000000	1.000000	0.000000
114	tsk_114	(x)	1	:	0.000000	0.010009	0.000000	0.000000	0.000000	0.000000	0.000000	0.000000	0.000000	0.520813	0.000000	0.000000	0.016660	0.452518	0.000000
115	tsk_115	(x)	1	:	0.000000	0.000000	0.000000	0.000000	0.000000	0.000000	0.000000	0.000000	0.000000	0.000000	0.000000	0.000000	0.000000	1.000000	0.000000
116	tsk_116	(x)	1	:	0.000000	0.000000	0.000000	0.000000	0.000000	0.000000	0.000000	0.000000	0.000000	0.000000	0.000000	0.000000	0.000000	1.000000	0.000000
117	tsk_117	(x)	1	:	0.000000	0.000860	0.000000	0.000000	0.546290	0.000000	0.000000	0.000000	0.000000	0.000000	0.000000	0.000000	0.003431	0.449418	0.000000
118	tsk_118	(x)	1	:	0.000000	0.046244	0.000000	0.000000	0.000000	0.000000	0.000000	0.000000	0.000000	0.000000	0.000000	0.485254	0.016178	0.452324	0.000000
119	tsk_119	(x)	1	:	0.000000	0.000000	0.000000	0.000000	0.000000	0.000000	0.000000	0.000000	0.000000	0.000000	0.000000	0.000000	0.000000	1.000000	0.000000
120	tsk_120	(x)	1	:	0.000000	0.207050	0.000000	0.500000	0.000000	0.000000	0.000000	0.000000	0.000000	0.000000	0.000000	0.000000	0.292950	0.000000	0.000000
121	tsk_121	(x)	1	:	0.000000	0.051069	0.000000	0.500000	0.000000	0.000000	0.237952	0.000000	0.000000	0.000000	0.000000	0.000000	0.210979	0.000000	0.000000
122	tsk_122	(x)	1	:	0.000000	0.000163	0.000000	0.000000	0.000000	0.000000	0.000000	0.000000	0.000000	0.515625	0.000000	0.483817	0.000395	0.000000	0.000000
123	tsk_123	(x)	1	:	0.000000	0.000000	0.000000	0.493435	0.000000	0.000000	0.000000	0.000000	0.000000	0.506565	0.000000	0.000000	0.000000	0.000000	0.000000
124	tsk_124	(x)	1	:	0.000000	0.000000	0.000000	0.436899	0.000000	0.000000	0.118944	0.000000	0.000000	0.000000	0.000000	0.444157	0.000000	0.000000	0.000000
125	tsk_125	(x)	1	:	0.000000	0.000000	0.000000	0.000000	0.000000	0.000000	0.000000	0.000000	0.000000	0.000000	0.000000	0.485252	0.514748	0.000000	0.000000
126	tsk_126	(x)	1	:	0.000000	0.400162	0.000000	0.000000	0.000000	0.000000	0.000000	0.000000	0.000000	0.000000	0.000000	0.526345	0.073493	0.000000	0.000000
127	tsk_127	(x)	1	:	0.000000	0.308277	0.000000	0.000000	0.000000	0.000000	0.000000	0.000000	0.000000	0.000000	0.000000	0.000000	0.691722	0.000000	0.000000
128	tsk_128	(x)	1	:	0.000000	0.009641	0.000000	0.000000	0.000000	0.000000	0.000000	0.000000	0.000000	0.510791	0.000000	0.000000	0.125074	0.000000	0.354493
129	tsk_129	(x)	1	:	0.000000	0.002844	0.000000	0.000000	0.000000	0.000000	0.000000	0.000000	0.000000	0.520781	0.000000	0.000000	0.023915	0.452460	0.000000
130	tsk_130	(x)	1	:	0.000000	0.238988	0.000000	0.000000	0.000000	0.000000	0.000000	0.000000	0.000000	0.000000	0.000000	0.000000	0.308700	0.452312	0.000000
131	tsk_131	(x)	1	:	0.000000	0.000000	0.000000	0.000000	0.000000	0.000000	0.000000	0.000000	0.000000	0.000000	0.000000	0.472492	0.000000	0.371903	0.155604
132	tsk_132	(x)	1	:	0.000000	0.030704	0.000000	0.000000	0.000000	0.000000	0.000000	0.000000	0.000000	0.000000	0.000000	0.485256	0.031705	0.452336	0.000000
133	tsk_133	(x)	1	:	0.000000	0.390073	0.000000	0.000000	0.000000	0.000000	0.000000	0.000000	0.000000	0.000000	0.000000	0.485252	0.124675	0.000000	0.000000
134	tsk_134	(x)	1	:	0.000000	0.000000	0.000000	0.000000	0.000000	0.000000	0.000000	0.000000	0.000000	0.000000	0.000000	0.000000	0.000000	1.000000	0.000000
135	tsk_135	(x)	1	:	0.000000	0.000000	0.000000	0.000000	0.000000	0.000000	0.000000	0.000000	0.000000	0.408346	0.000000	0.454880	0.000000	0.000000	0.136774
136	tsk_136	(x)	1	:	0.000000	0.171996	0.000000	0.000000	0.000000	0.000000	0.000000	0.000000	0.000000	0.000000	0.000000	0.000000	0.375692	0.452312	0.000000
137	tsk_137	(x)	1	:	0.000000	0.288824	0.000000	0.000000	0.000000	0.000000	0.000000	0.000000	0.000000	0.000000	0.000000	0.000000	0.258864	0.452312	0.000000
138	tsk_138	(x)	1	:	0.000000	0.095875	0.000000	0.000000	0.000000	0.000000	0.000000	0.000000	0.000000	0.520603	0.000000	0.000000	0.383522	0.000000	0.000000
139	tsk_139	(x)	1	:	0.000000	0.139196	0.000000	0.000000	0.172592	0.000000	0.000000	0.000000	0.000000	0.000000	0.000000	0.000000	0.688211	0.000000	0.000000
140	tsk_140	(x)	1	:	0.000000	0.026749	0.000000	0.000000	0.545961	0.000000	0.000000	0.000000	0.000000	0.000000	0.000000	0.000000	0.427290	0.000000	0.000000
141	tsk_141	(x)	1	:	0.000000	0.162448	0.000000	0.000000	0.172594	0.000000	0.000000	0.000000	0.000000	0.000000	0.000000	0.000000	0.212642	0.452315	0.000000
142	tsk_142	(x)	1	:	0.000000	0.000002	0.000000	0.000000	0.000000	0.000000	0.000000	0.000000	0.000000	0.000000	0.547660	0.000000	0.000006	0.452332	0.000000
143	tsk_143	(x)	1	:	0.000000	0.020233	0.000000	0.000000	0.000000	0.000000	0.000000	0.000000	0.000000	0.000000	0.000000	0.526350	0.001077	0.452340	0.000000
144	tsk_144	(x)	1	:	0.000000	0.000000	0.000000	0.514748	0.000000	0.000000	0.000000	0.000000	0.000000	0.000000	0.000000	0.485252	0.000000	0.000000	0.000000
145	tsk_145	(x)	1	:	0.000000	0.128932	0.000000	0.000000	0.000000	0.000000	0.000000	0.000000	0.000000	0.000000	0.000000	0.000000	0.418756	0.452312	0.000000
146	tsk_146	(x)	1	:	0.000000	0.000000	0.000000	0.000000	0.523331	0.000000	0.000000	0.000000	0.000000	0.000000	0.000000	0.476669	0.000000	0.000000	0.000000
147	tsk_147	(x)	1	:	0.000000	0.052729	0.000000	0.000000	0.000000	0.000000	0.000000	0.000000	0.000000	0.000000	0.547614	0.000000	0.399658	0.000000	0.000000
148	tsk_148	(x)	1	:	0.000000	0.000000	0.000000	0.514748	0.000000	0.000000	0.000000	0.000000	0.000000	0.000000	0.000000	0.485252	0.000000	0.000000	0.000000
149	tsk_149	(x)	1	:	0.000000	0.000005	0.000000	0.000000	0.000000	0.000000	0.000000	0.000000	0.000000	0.000000	0.547651	0.000000	0.000018	0.452325	0.000000
