logL = -497.982311 (converged)
AIC = 3917.964622
BIC = 8316.502786

count.K
1 15 26 16 7 40 20 11 14 

