0	tsk_0	(x)	1	:	0.000226	0.000000	0.508177	0.000000	0.491597	0.000000	0.000000	0.000000	0.000000	0.000000	0.000000	0.000000
1	tsk_1	(x)	1	:	0.372842	0.000000	0.627129	0.000000	0.000000	0.000000	0.000000	0.000029	0.000000	0.000000	0.000000	0.000000
2	tsk_2	(x)	1	:	0.128994	0.000000	0.380156	0.000000	0.490847	0.000000	0.000000	0.000004	0.000000	0.000000	0.000000	0.000000
3	tsk_3	(x)	1	:	0.094049	0.000000	0.000000	0.000000	0.000000	0.000000	0.502942	0.000007	0.000000	0.000000	0.403003	0.000000
4	tsk_4	(x)	1	:	0.473332	0.000000	0.000000	0.000000	0.000000	0.000000	0.526668	0.000000	0.000000	0.000000	0.000000	0.000000
5	tsk_5	(x)	1	:	0.000000	0.000000	0.000000	0.000000	0.000000	0.000000	1.000000	0.000000	0.000000	0.000000	0.000000	0.000000
6	tsk_6	(x)	1	:	0.473210	0.000000	0.000019	0.000000	0.000000	0.000000	0.526670	0.000101	0.000000	0.000000	0.000000	0.000000
7	tsk_7	(x)	1	:	0.473332	0.000000	0.000000	0.000000	0.000000	0.000000	0.526668	0.000000	0.000000	0.000000	0.000000	0.000000
8	tsk_8	(x)	1	:	0.473332	0.000000	0.000000	0.000000	0.000000	0.000000	0.526668	0.000000	0.000000	0.000000	0.000000	0.000000
9	tsk_9	(x)	1	:	0.619918	0.000000	0.379976	0.000000	0.000000	0.000000	0.000000	0.000106	0.000000	0.000000	0.000000	0.000000
10	tsk_10	(x)	1	:	0.126484	0.440733	0.000000	0.000000	0.000000	0.000000	0.000000	0.000004	0.000000	0.432779	0.000000	0.000000
11	tsk_11	(x)	1	:	0.000000	0.000000	0.000000	0.000000	0.000000	1.000000	0.000000	0.000000	0.000000	0.000000	0.000000	0.000000
12	tsk_12	(x)	1	:	0.017085	0.000000	0.000000	0.000000	0.000000	0.500191	0.000000	0.000000	0.482724	0.000000	0.000000	0.000000
13	tsk_13	(x)	1	:	0.000000	0.000000	0.000000	0.000000	0.000000	1.000000	0.000000	0.000000	0.000000	0.000000	0.000000	0.000000
14	tsk_14	(x)	1	:	0.000000	0.000000	0.000000	0.000000	0.000000	1.000000	0.000000	0.000000	0.000000	0.000000	0.000000	0.000000
15	tsk_15	(x)	1	:	0.500000	0.000000	0.000000	0.000000	0.000000	0.500000	0.000000	0.000000	0.000000	0.000000	0.000000	0.000000
16	tsk_16	(x)	1	:	0.499967	0.000000	0.000000	0.000000	0.000000	0.500001	0.000000	0.000033	0.000000	0.000000	0.000000	0.000000
17	tsk_17	(x)	1	:	0.999857	0.000000	0.000000	0.000000	0.000000	0.000000	0.000000	0.000143	0.000000	0.000000	0.000000	0.000000
18	tsk_18	(x)	1	:	0.999767	0.000000	0.000000	0.000000	0.000000	0.000000	0.000000	0.000233	0.000000	0.000000	0.000000	0.000000
19	tsk_19	(x)	1	:	0.999807	0.000000	0.000000	0.000000	0.000000	0.000000	0.000000	0.000193	0.000000	0.000000	0.000000	0.000000
20	tsk_20	(x)	1	:	0.000000	0.000000	0.000000	0.000000	0.000000	0.000000	1.000000	0.000000	0.000000	0.000000	0.000000	0.000000
21	tsk_21	(x)	1	:	0.000000	0.000000	0.000000	0.000000	0.000000	0.000000	0.000000	0.000000	1.000000	0.000000	0.000000	0.000000
22	tsk_22	(x)	1	:	0.520122	0.000000	0.000000	0.000000	0.000000	0.000000	0.000000	0.000064	0.479814	0.000000	0.000000	0.000000
23	tsk_23	(x)	1	:	0.090452	0.440559	0.000000	0.000000	0.000000	0.000000	0.468976	0.000013	0.000000	0.000000	0.000000	0.000000
24	tsk_24	(x)	1	:	0.059302	0.440703	0.000000	0.000000	0.000000	0.499990	0.000000	0.000006	0.000000	0.000000	0.000000	0.000000
25	tsk_25	(x)	1	:	0.079529	0.440768	0.000000	0.000000	0.000000	0.000000	0.000000	0.000007	0.479696	0.000000	0.000000	0.000000
26	tsk_26	(x)	1	:	0.000000	0.000000	0.000000	0.000000	0.000000	0.000000	0.000000	0.000000	1.000000	0.000000	0.000000	0.000000
27	tsk_27	(x)	1	:	0.155664	0.440750	0.000000	0.000000	0.000000	0.000000	0.000000	0.000011	0.000000	0.000000	0.403575	0.000000
28	tsk_28	(x)	1	:	0.015940	0.000000	0.000000	0.000000	0.000000	0.500261	0.000000	0.000000	0.483799	0.000000	0.000000	0.000000
29	tsk_29	(x)	1	:	0.117229	0.000000	0.000000	0.000000	0.000000	0.000000	0.000000	0.000017	0.479411	0.000000	0.403342	0.000000
30	tsk_30	(x)	1	:	0.999746	0.000000	0.000000	0.000000	0.000000	0.000000	0.000000	0.000254	0.000000	0.000000	0.000000	0.000000
31	tsk_31	(x)	1	:	0.811132	0.000000	0.000000	0.000000	0.000000	0.000000	0.000000	0.000193	0.000000	0.188675	0.000000	0.000000
32	tsk_32	(x)	1	:	0.000000	0.499734	0.000000	0.000000	0.000000	0.000000	0.000000	0.000000	0.000000	0.000000	0.500266	0.000000
33	tsk_33	(x)	1	:	0.559106	0.440868	0.000000	0.000000	0.000000	0.000000	0.000000	0.000026	0.000000	0.000000	0.000000	0.000000
34	tsk_34	(x)	1	:	0.000000	0.397917	0.000000	0.000000	0.000000	0.000000	0.000000	0.000000	0.000000	0.000000	0.602083	0.000000
35	tsk_35	(x)	1	:	0.000000	1.000000	0.000000	0.000000	0.000000	0.000000	0.000000	0.000000	0.000000	0.000000	0.000000	0.000000
36	tsk_36	(x)	1	:	0.559060	0.440878	0.000000	0.000000	0.000000	0.000000	0.000000	0.000062	0.000000	0.000000	0.000000	0.000000
37	tsk_37	(x)	1	:	0.366349	0.633598	0.000000	0.000000	0.000000	0.000000	0.000000	0.000054	0.000000	0.000000	0.000000	0.000000
38	tsk_38	(x)	1	:	0.311338	0.000000	0.000000	0.000000	0.000000	0.499999	0.000000	0.000000	0.000000	0.188663	0.000000	0.000000
39	tsk_39	(x)	1	:	0.999778	0.000000	0.000000	0.000000	0.000000	0.000000	0.000000	0.000222	0.000000	0.000000	0.000000	0.000000
40	tsk_40	(x)	1	:	0.499971	0.000000	0.000000	0.000000	0.000000	0.500000	0.000000	0.000028	0.000000	0.000000	0.000000	0.000000
41	tsk_41	(x)	1	:	0.999876	0.000000	0.000000	0.000000	0.000000	0.000000	0.000000	0.000124	0.000000	0.000000	0.000000	0.000000
42	tsk_42	(x)	1	:	0.509144	0.000000	0.000000	0.000000	0.490754	0.000000	0.000000	0.000102	0.000000	0.000000	0.000000	0.000000
43	tsk_43	(x)	1	:	0.811232	0.000000	0.000000	0.000000	0.000000	0.000000	0.000000	0.000097	0.000000	0.188671	0.000000	0.000000
44	tsk_44	(x)	1	:	0.056356	0.440656	0.000000	0.000000	0.000000	0.000000	0.502981	0.000006	0.000000	0.000000	0.000000	0.000000
45	tsk_45	(x)	1	:	0.999924	0.000000	0.000000	0.000000	0.000000	0.000000	0.000000	0.000076	0.000000	0.000000	0.000000	0.000000
46	tsk_46	(x)	1	:	0.559044	0.440882	0.000000	0.000000	0.000000	0.000000	0.000000	0.000074	0.000000	0.000000	0.000000	0.000000
47	tsk_47	(x)	1	:	0.000000	0.000000	0.000000	0.000000	0.000000	1.000000	0.000000	0.000000	0.000000	0.000000	0.000000	0.000000
48	tsk_48	(x)	1	:	0.559012	0.440888	0.000000	0.000000	0.000000	0.000000	0.000000	0.000100	0.000000	0.000000	0.000000	0.000000
49	tsk_49	(x)	1	:	0.000000	0.000000	0.000000	0.494724	0.000000	0.000044	0.505233	0.000000	0.000000	0.000000	0.000000	0.000000
50	tsk_50	(x)	1	:	0.499887	0.000000	0.000000	0.000000	0.000000	0.500002	0.000000	0.000111	0.000000	0.000000	0.000000	0.000000
51	tsk_51	(x)	1	:	0.494215	0.000000	0.505750	0.000000	0.000000	0.000000	0.000000	0.000035	0.000000	0.000000	0.000000	0.000000
52	tsk_52	(x)	1	:	0.269296	0.000000	0.000000	0.000000	0.000000	0.000000	0.000000	0.000038	0.327280	0.000000	0.403386	0.000000
53	tsk_53	(x)	1	:	0.500000	0.000000	0.000000	0.000000	0.000000	0.500000	0.000000	0.000000	0.000000	0.000000	0.000000	0.000000
54	tsk_54	(x)	1	:	0.000000	0.000000	0.000000	0.000000	0.000000	1.000000	0.000000	0.000000	0.000000	0.000000	0.000000	0.000000
55	tsk_55	(x)	1	:	0.268967	0.000000	0.000000	0.000000	0.000000	0.000000	0.000000	0.000037	0.327408	0.000000	0.403588	0.000000
56	tsk_56	(x)	1	:	0.000000	0.000000	0.000000	0.000000	0.000000	1.000000	0.000000	0.000000	0.000000	0.000000	0.000000	0.000000
57	tsk_57	(x)	1	:	0.499919	0.000000	0.000000	0.000000	0.000000	0.500001	0.000000	0.000079	0.000000	0.000000	0.000000	0.000000
58	tsk_58	(x)	1	:	0.499925	0.000000	0.000000	0.000000	0.000000	0.500001	0.000000	0.000074	0.000000	0.000000	0.000000	0.000000
59	tsk_59	(x)	1	:	0.000000	0.000000	0.000000	0.000000	0.000000	1.000000	0.000000	0.000000	0.000000	0.000000	0.000000	0.000000
60	tsk_60	(x)	1	:	0.559020	0.440886	0.000000	0.000000	0.000000	0.000000	0.000000	0.000093	0.000000	0.000000	0.000000	0.000000
61	tsk_61	(x)	1	:	0.067349	0.000000	0.000000	0.000000	0.000000	0.499977	0.000000	0.000007	0.000000	0.432667	0.000000	0.000000
62	tsk_62	(x)	1	:	0.000000	0.000000	0.000000	0.000000	0.000000	0.000000	0.000000	0.000000	0.000000	1.000000	0.000000	0.000000
63	tsk_63	(x)	1	:	0.087646	0.000000	0.000000	0.000000	0.000000	0.000000	0.000000	0.000008	0.479597	0.432749	0.000000	0.000000
64	tsk_64	(x)	1	:	0.000000	0.000000	0.000000	0.000000	0.000000	0.000000	0.000000	0.000000	1.000000	0.000000	0.000000	0.000000
65	tsk_65	(x)	1	:	0.000000	0.000000	0.000000	0.000000	0.000000	0.000000	0.000000	0.000000	1.000000	0.000000	0.000000	0.000000
66	tsk_66	(x)	1	:	0.087581	0.000000	0.000000	0.000000	0.000000	0.000000	0.000000	0.000006	0.479643	0.432770	0.000000	0.000000
67	tsk_67	(x)	1	:	0.059885	0.440155	0.000000	0.000000	0.000000	0.499956	0.000000	0.000004	0.000000	0.000000	0.000000	0.000000
68	tsk_68	(x)	1	:	0.087569	0.000000	0.000000	0.000000	0.000000	0.000000	0.000000	0.000006	0.479651	0.432774	0.000000	0.000000
69	tsk_69	(x)	1	:	0.000000	0.000000	0.000000	0.000000	0.000000	0.000000	0.000000	0.000000	1.000000	0.000000	0.000000	0.000000
70	tsk_70	(x)	1	:	0.000000	0.501010	0.000000	0.000000	0.000000	0.000000	0.000000	0.000000	0.000000	0.000000	0.498989	0.000000
71	tsk_71	(x)	1	:	0.811213	0.000000	0.000000	0.000000	0.000000	0.000000	0.000000	0.000115	0.000000	0.188672	0.000000	0.000000
72	tsk_72	(x)	1	:	0.000000	0.000000	0.000000	0.000000	0.000000	0.000000	0.000000	0.000000	0.000000	0.000000	1.000000	0.000000
73	tsk_73	(x)	1	:	0.178920	0.000000	0.000000	0.000000	0.000000	0.000000	0.000000	0.000029	0.000000	0.188624	0.632427	0.000000
74	tsk_74	(x)	1	:	0.000000	0.000000	0.000000	0.000000	0.000000	0.488015	0.000000	0.000000	0.000000	0.000000	0.511985	0.000000
75	tsk_75	(x)	1	:	0.363861	0.636112	0.000000	0.000000	0.000000	0.000000	0.000000	0.000026	0.000000	0.000000	0.000000	0.000000
76	tsk_76	(x)	1	:	0.367372	0.000000	0.000000	0.000000	0.000000	0.000000	0.000000	0.000068	0.000000	0.000000	0.632560	0.000000
77	tsk_77	(x)	1	:	0.499684	0.000000	0.000000	0.498481	0.000000	0.001723	0.000000	0.000112	0.000000	0.000000	0.000000	0.000000
78	tsk_78	(x)	1	:	0.000000	0.000000	0.000000	0.489307	0.000000	0.000003	0.000000	0.000000	0.000000	0.000000	0.510690	0.000000
79	tsk_79	(x)	1	:	0.000000	0.501010	0.000000	0.000000	0.000000	0.000000	0.000000	0.000000	0.000000	0.000000	0.498989	0.000000
80	tsk_80	(x)	1	:	0.088577	0.000000	0.506996	0.000000	0.000000	0.000000	0.000000	0.000000	0.000000	0.000000	0.404427	0.000000
81	tsk_81	(x)	1	:	0.028774	0.000000	0.000000	0.000000	0.490966	0.000000	0.000000	0.000001	0.480258	0.000000	0.000000	0.000000
82	tsk_82	(x)	1	:	0.999842	0.000000	0.000000	0.000000	0.000000	0.000000	0.000000	0.000158	0.000000	0.000000	0.000000	0.000000
83	tsk_83	(x)	1	:	0.003831	0.000000	0.000000	0.000000	0.495533	0.500636	0.000000	0.000000	0.000000	0.000000	0.000000	0.000000
84	tsk_84	(x)	1	:	0.000492	0.000000	0.507979	0.000000	0.491528	0.000000	0.000000	0.000000	0.000000	0.000000	0.000000	0.000000
85	tsk_85	(x)	1	:	0.000000	0.000000	0.000000	0.000000	1.000000	0.000000	0.000000	0.000000	0.000000	0.000000	0.000000	0.000000
86	tsk_86	(x)	1	:	0.509174	0.000000	0.000000	0.000000	0.490750	0.000000	0.000000	0.000076	0.000000	0.000000	0.000000	0.000000
87	tsk_87	(x)	1	:	0.567156	0.000000	0.000000	0.000000	0.000000	0.000000	0.000000	0.000012	0.000000	0.432832	0.000000	0.000000
88	tsk_88	(x)	1	:	0.088556	0.000000	0.507009	0.000000	0.000000	0.000000	0.000000	0.000000	0.000000	0.000000	0.404435	0.000000
89	tsk_89	(x)	1	:	0.068440	0.440834	0.000000	0.000000	0.490724	0.000000	0.000000	0.000001	0.000000	0.000000	0.000000	0.000000
90	tsk_90	(x)	1	:	0.000000	0.000000	0.000000	0.000000	0.000000	0.000000	0.000000	0.000000	0.000000	0.000000	1.000000	0.000000
91	tsk_91	(x)	1	:	0.000014	0.000000	0.500243	0.000000	0.000000	0.499742	0.000000	0.000000	0.000000	0.000000	0.000000	0.000000
92	tsk_92	(x)	1	:	0.367364	0.000000	0.000000	0.000000	0.000000	0.000000	0.000000	0.000074	0.000000	0.000000	0.632562	0.000000
93	tsk_93	(x)	1	:	0.999880	0.000000	0.000000	0.000000	0.000000	0.000000	0.000000	0.000119	0.000000	0.000000	0.000000	0.000000
94	tsk_94	(x)	1	:	0.088487	0.000000	0.507052	0.000000	0.000000	0.000000	0.000000	0.000000	0.000000	0.000000	0.404461	0.000000
95	tsk_95	(x)	1	:	0.184107	0.000000	0.504552	0.000000	0.000000	0.000000	0.000000	0.000000	0.000000	0.000000	0.000000	0.311341
96	tsk_96	(x)	1	:	0.000016	0.000000	0.500242	0.000000	0.000000	0.499742	0.000000	0.000000	0.000000	0.000000	0.000000	0.000000
97	tsk_97	(x)	1	:	0.497002	0.000000	0.000000	0.000000	0.000000	0.000000	0.502998	0.000000	0.000000	0.000000	0.000000	0.000000
98	tsk_98	(x)	1	:	0.000000	0.000000	0.000000	0.000000	0.000000	0.000000	0.000000	0.000000	0.000000	0.000000	1.000000	0.000000
99	tsk_99	(x)	1	:	0.494235	0.000000	0.505761	0.000000	0.000000	0.000000	0.000000	0.000004	0.000000	0.000000	0.000000	0.000000
100	tsk_100	(x)	1	:	0.218693	0.000000	0.781297	0.000000	0.000000	0.000000	0.000000	0.000010	0.000000	0.000000	0.000000	0.000000
101	tsk_101	(x)	1	:	0.567096	0.000000	0.000000	0.000000	0.000000	0.000000	0.000000	0.000065	0.000000	0.432839	0.000000	0.000000
102	tsk_102	(x)	1	:	0.000125	0.000000	0.511976	0.000000	0.000000	0.000000	0.000000	0.000000	0.000000	0.213182	0.000000	0.274717
103	tsk_103	(x)	1	:	0.002036	0.000000	0.000000	0.498862	0.496982	0.002120	0.000000	0.000000	0.000000	0.000000	0.000000	0.000000
104	tsk_104	(x)	1	:	0.067483	0.000000	0.000000	0.000000	0.000000	0.499962	0.000000	0.000009	0.000000	0.432545	0.000000	0.000000
105	tsk_105	(x)	1	:	0.000002	0.000000	0.500083	0.498649	0.000000	0.001265	0.000000	0.000000	0.000000	0.000000	0.000000	0.000000
106	tsk_106	(x)	1	:	0.065124	0.000000	0.000000	0.000000	0.000000	0.000000	0.502862	0.000000	0.000000	0.432013	0.000000	0.000000
107	tsk_107	(x)	1	:	0.000000	0.000000	0.000000	0.000000	0.583149	0.000000	0.000000	0.000000	0.000000	0.416851	0.000000	0.000000
108	tsk_108	(x)	1	:	0.000353	0.000000	0.508083	0.000000	0.491565	0.000000	0.000000	0.000000	0.000000	0.000000	0.000000	0.000000
109	tsk_109	(x)	1	:	0.509165	0.000000	0.000000	0.000000	0.490751	0.000000	0.000000	0.000083	0.000000	0.000000	0.000000	0.000000
110	tsk_110	(x)	1	:	0.096862	0.000000	0.000000	0.000000	0.000000	0.499967	0.000000	0.000013	0.000000	0.000000	0.403158	0.000000
111	tsk_111	(x)	1	:	0.000000	0.000000	0.000000	0.000000	0.000000	0.000000	0.000000	0.000000	0.000000	0.000000	0.402517	0.597483
112	tsk_112	(x)	1	:	0.610762	0.000000	0.000000	0.000000	0.000000	0.000000	0.000000	0.000029	0.000000	0.389208	0.000000	0.000000
113	tsk_113	(x)	1	:	0.096806	0.000000	0.000000	0.000000	0.000000	0.499970	0.000000	0.000014	0.000000	0.000000	0.403210	0.000000
114	tsk_114	(x)	1	:	0.311300	0.000000	0.000000	0.000000	0.000000	0.500000	0.000000	0.000033	0.000000	0.188668	0.000000	0.000000
115	tsk_115	(x)	1	:	0.097709	0.000000	0.000000	0.000000	0.000000	0.499917	0.000000	0.000000	0.000000	0.000000	0.402375	0.000000
116	tsk_116	(x)	1	:	0.000000	0.000000	0.000000	0.000000	0.000000	0.000000	0.000000	0.000000	0.000000	0.000000	1.000000	0.000000
117	tsk_117	(x)	1	:	0.788050	0.000000	0.000000	0.000000	0.000000	0.000000	0.000000	0.000064	0.000000	0.211886	0.000000	0.000000
118	tsk_118	(x)	1	:	0.500000	0.000000	0.000000	0.000000	0.000000	0.500000	0.000000	0.000000	0.000000	0.000000	0.000000	0.000000
119	tsk_119	(x)	1	:	0.096495	0.000000	0.000000	0.000000	0.000000	0.499989	0.000000	0.000011	0.000000	0.000000	0.403505	0.000000
120	tsk_120	(x)	1	:	0.000000	0.618788	0.000000	0.000000	0.000000	0.000000	0.000000	0.000000	0.000000	0.000000	0.381211	0.000000
121	tsk_121	(x)	1	:	0.097447	0.000000	0.000000	0.000000	0.000000	0.499932	0.000000	0.000000	0.000000	0.000000	0.402620	0.000000
122	tsk_122	(x)	1	:	0.000000	0.000000	0.000000	0.000000	0.000000	0.000000	0.000000	0.000000	0.000000	0.000000	1.000000	0.000000
123	tsk_123	(x)	1	:	0.520144	0.000000	0.000000	0.000000	0.000000	0.000000	0.000000	0.000047	0.479809	0.000000	0.000000	0.000000
124	tsk_124	(x)	1	:	0.000000	0.618788	0.000000	0.000000	0.000000	0.000000	0.000000	0.000000	0.000000	0.000000	0.381211	0.000000
125	tsk_125	(x)	1	:	0.000000	0.000000	0.000000	0.000000	0.000000	0.000000	0.000000	0.000000	0.000000	0.000000	1.000000	0.000000
126	tsk_126	(x)	1	:	0.000000	0.000000	0.000000	0.000000	0.000000	0.000000	0.000000	0.000000	0.000000	0.000000	1.000000	0.000000
127	tsk_127	(x)	1	:	0.000000	0.618788	0.000000	0.000000	0.000000	0.000000	0.000000	0.000000	0.000000	0.000000	0.381211	0.000000
128	tsk_128	(x)	1	:	0.000000	0.000000	0.000000	0.000000	0.000000	0.000000	0.000000	0.000000	0.000000	0.000000	1.000000	0.000000
129	tsk_129	(x)	1	:	0.155819	0.440665	0.000000	0.000000	0.000000	0.000000	0.000000	0.000017	0.000000	0.000000	0.403499	0.000000
130	tsk_130	(x)	1	:	0.559100	0.440869	0.000000	0.000000	0.000000	0.000000	0.000000	0.000030	0.000000	0.000000	0.000000	0.000000
131	tsk_131	(x)	1	:	0.559111	0.440867	0.000000	0.000000	0.000000	0.000000	0.000000	0.000022	0.000000	0.000000	0.000000	0.000000
132	tsk_132	(x)	1	:	0.727436	0.000000	0.000000	0.000000	0.000000	0.000000	0.000000	0.000096	0.000000	0.000000	0.000000	0.272467
133	tsk_133	(x)	1	:	0.559027	0.440885	0.000000	0.000000	0.000000	0.000000	0.000000	0.000088	0.000000	0.000000	0.000000	0.000000
134	tsk_134	(x)	1	:	0.000000	1.000000	0.000000	0.000000	0.000000	0.000000	0.000000	0.000000	0.000000	0.000000	0.000000	0.000000
135	tsk_135	(x)	1	:	0.559110	0.440867	0.000000	0.000000	0.000000	0.000000	0.000000	0.000023	0.000000	0.000000	0.000000	0.000000
136	tsk_136	(x)	1	:	0.000000	0.000000	0.000000	0.000000	0.000000	1.000000	0.000000	0.000000	0.000000	0.000000	0.000000	0.000000
137	tsk_137	(x)	1	:	0.000000	1.000000	0.000000	0.000000	0.000000	0.000000	0.000000	0.000000	0.000000	0.000000	0.000000	0.000000
138	tsk_138	(x)	1	:	0.000000	0.000000	0.000000	0.000000	0.000000	0.000000	0.000000	1.000000	0.000000	0.000000	0.000000	0.000000
139	tsk_139	(x)	1	:	0.559037	0.440883	0.000000	0.000000	0.000000	0.000000	0.000000	0.000080	0.000000	0.000000	0.000000	0.000000
140	tsk_140	(x)	1	:	0.059274	0.440729	0.000000	0.000000	0.000000	0.499992	0.000000	0.000005	0.000000	0.000000	0.000000	0.000000
141	tsk_141	(x)	1	:	0.059621	0.440400	0.000000	0.000000	0.000000	0.499971	0.000000	0.000008	0.000000	0.000000	0.000000	0.000000
142	tsk_142	(x)	1	:	0.500000	0.000000	0.000000	0.000000	0.000000	0.500000	0.000000	0.000000	0.000000	0.000000	0.000000	0.000000
143	tsk_143	(x)	1	:	0.500000	0.000000	0.000000	0.000000	0.000000	0.500000	0.000000	0.000000	0.000000	0.000000	0.000000	0.000000
144	tsk_144	(x)	1	:	0.174879	0.000000	0.000000	0.000000	0.000000	0.499998	0.000000	0.000028	0.000000	0.325095	0.000000	0.000000
145	tsk_145	(x)	1	:	0.097122	0.000000	0.000000	0.000000	0.000000	0.499952	0.000000	0.000002	0.000000	0.000000	0.402925	0.000000
146	tsk_146	(x)	1	:	0.132838	0.000000	0.367148	0.000000	0.000000	0.500002	0.000000	0.000012	0.000000	0.000000	0.000000	0.000000
147	tsk_147	(x)	1	:	0.000000	0.000000	0.000000	0.000000	0.000000	0.000000	0.000000	0.000000	1.000000	0.000000	0.000000	0.000000
148	tsk_148	(x)	1	:	0.019357	0.000000	0.000000	0.000000	0.000000	0.500052	0.000000	0.000000	0.480591	0.000000	0.000000	0.000000
149	tsk_149	(x)	1	:	0.331587	0.000000	0.000000	0.000000	0.000000	0.000000	0.000000	0.000063	0.479699	0.188650	0.000000	0.000000
