logL = -971.344442 (converged)
AIC = 6296.688884
BIC = 12850.841919

count.K
1 17 12 5 1 0 24 8 39 24 2 16 1 

