logL = -803.140431 (converged)
AIC = 4250.280862
BIC = 8230.340721

count.K
36 20 17 32 2 34 9 0 

