logL = -548.620836 (converged)
AIC = 5581.241673
BIC = 12331.086002

count.K
15 3 21 3 6 1 2 8 25 3 11 3 49 

