logL = -2038.170814 (converged)
AIC = 7646.341629
BIC = 13020.325629

count.K
19 17 24 2 10 15 1 39 23 

