logL = -2139.718762 (converged)
AIC = 5215.437523
BIC = 6624.414841

count.K
55 75 20 

