0	tsk_0	(x)	1	:	0.000000	0.491418	0.000000	0.000000	0.000000	0.000000	0.000000	0.508582	0.000000	0.000000	0.000000	0.000000	0.000000	0.000000	0.000000
1	tsk_1	(x)	1	:	0.124118	0.493781	0.000000	0.000000	0.000000	0.000000	0.000000	0.000000	0.000000	0.000000	0.000000	0.000000	0.000000	0.000000	0.382101
2	tsk_2	(x)	1	:	0.075955	0.000000	0.000000	0.000000	0.499333	0.000000	0.000000	0.000000	0.000000	0.000000	0.000000	0.000000	0.000000	0.000000	0.424711
3	tsk_3	(x)	1	:	0.051570	0.000000	0.000000	0.000000	0.499219	0.000000	0.000000	0.000000	0.000000	0.000146	0.000000	0.000000	0.000000	0.000000	0.449065
4	tsk_4	(x)	1	:	0.041372	0.000000	0.000000	0.000000	0.499333	0.000000	0.000000	0.000000	0.000000	0.000000	0.000000	0.000000	0.000000	0.000000	0.459295
5	tsk_5	(x)	1	:	0.000000	0.530801	0.000000	0.000000	0.469199	0.000000	0.000000	0.000000	0.000000	0.000000	0.000000	0.000000	0.000000	0.000000	0.000000
6	tsk_6	(x)	1	:	0.219648	0.000000	0.000000	0.000000	0.000000	0.000000	0.000000	0.503088	0.000000	0.000000	0.000000	0.000000	0.000000	0.000000	0.277264
7	tsk_7	(x)	1	:	0.197868	0.000000	0.000000	0.548158	0.000000	0.000000	0.000000	0.000000	0.000000	0.000000	0.000000	0.000000	0.000000	0.000000	0.253975
8	tsk_8	(x)	1	:	0.759349	0.000000	0.000000	0.000000	0.000000	0.000000	0.000000	0.000000	0.000000	0.000000	0.000000	0.000000	0.000000	0.000000	0.240651
9	tsk_9	(x)	1	:	0.799489	0.000000	0.000000	0.000000	0.000000	0.000000	0.000000	0.000000	0.000000	0.000000	0.000000	0.000000	0.000000	0.000000	0.200511
10	tsk_10	(x)	1	:	0.128171	0.000000	0.000000	0.000000	0.000000	0.799965	0.000000	0.000000	0.000000	0.000000	0.000000	0.000000	0.000000	0.000000	0.071864
11	tsk_11	(x)	1	:	0.000000	0.000000	0.000000	0.000000	0.496749	0.503250	0.000000	0.000000	0.000000	0.000000	0.000000	0.000000	0.000000	0.000000	0.000000
12	tsk_12	(x)	1	:	0.432600	0.000000	0.000000	0.000000	0.000000	0.260779	0.000000	0.000000	0.000000	0.000000	0.000000	0.000000	0.000000	0.000000	0.306621
13	tsk_13	(x)	1	:	0.000000	0.425473	0.000000	0.574527	0.000000	0.000000	0.000000	0.000000	0.000000	0.000000	0.000000	0.000000	0.000000	0.000000	0.000000
14	tsk_14	(x)	1	:	0.000000	0.491998	0.000000	0.000000	0.000000	0.508002	0.000000	0.000000	0.000000	0.000000	0.000000	0.000000	0.000000	0.000000	0.000000
15	tsk_15	(x)	1	:	0.241849	0.493781	0.000000	0.000000	0.000000	0.000000	0.000000	0.000000	0.000000	0.000000	0.000000	0.000000	0.000000	0.000000	0.264370
16	tsk_16	(x)	1	:	0.000000	0.000000	0.000000	0.000000	0.000000	1.000000	0.000000	0.000000	0.000000	0.000000	0.000000	0.000000	0.000000	0.000000	0.000000
17	tsk_17	(x)	1	:	0.000000	0.491998	0.000000	0.000000	0.000000	0.508002	0.000000	0.000000	0.000000	0.000000	0.000000	0.000000	0.000000	0.000000	0.000000
18	tsk_18	(x)	1	:	0.000000	0.000000	0.000000	0.000000	0.000000	0.497270	0.000000	0.000000	0.000000	0.000000	0.000000	0.502730	0.000000	0.000000	0.000000
19	tsk_19	(x)	1	:	0.000000	0.491998	0.000000	0.000000	0.000000	0.508002	0.000000	0.000000	0.000000	0.000000	0.000000	0.000000	0.000000	0.000000	0.000000
20	tsk_20	(x)	1	:	0.000000	0.493750	0.000000	0.000000	0.506250	0.000000	0.000000	0.000000	0.000000	0.000000	0.000000	0.000000	0.000000	0.000000	0.000000
21	tsk_21	(x)	1	:	0.000000	0.000000	0.000000	0.000000	0.499249	0.000000	0.000000	0.000000	0.000000	0.000000	0.499749	0.000000	0.000000	0.000000	0.001002
22	tsk_22	(x)	1	:	0.226864	0.493781	0.000000	0.000000	0.000000	0.000000	0.000000	0.000000	0.000000	0.000000	0.000000	0.000000	0.000000	0.000000	0.279355
23	tsk_23	(x)	1	:	0.000000	0.000000	0.000000	0.000000	1.000000	0.000000	0.000000	0.000000	0.000000	0.000000	0.000000	0.000000	0.000000	0.000000	0.000000
24	tsk_24	(x)	1	:	0.473999	0.000000	0.000000	0.000000	0.526001	0.000000	0.000000	0.000000	0.000000	0.000000	0.000000	0.000000	0.000000	0.000000	0.000000
25	tsk_25	(x)	1	:	0.000000	0.516393	0.000000	0.000000	0.000000	0.000000	0.000000	0.000000	0.000000	0.000000	0.000000	0.483607	0.000000	0.000000	0.000000
26	tsk_26	(x)	1	:	0.000000	0.000000	0.000000	0.000000	1.000000	0.000000	0.000000	0.000000	0.000000	0.000000	0.000000	0.000000	0.000000	0.000000	0.000000
27	tsk_27	(x)	1	:	0.000000	1.000000	0.000000	0.000000	0.000000	0.000000	0.000000	0.000000	0.000000	0.000000	0.000000	0.000000	0.000000	0.000000	0.000000
28	tsk_28	(x)	1	:	0.294740	0.493781	0.000000	0.000000	0.000000	0.000000	0.000000	0.000000	0.000000	0.000000	0.000000	0.000000	0.000000	0.000000	0.211479
29	tsk_29	(x)	1	:	0.000000	0.000000	0.000000	0.000000	1.000000	0.000000	0.000000	0.000000	0.000000	0.000000	0.000000	0.000000	0.000000	0.000000	0.000000
30	tsk_30	(x)	1	:	0.356693	0.000000	0.000000	0.000000	0.000000	0.000000	0.000000	0.000000	0.000000	0.000000	0.500000	0.000000	0.000000	0.000000	0.143306
31	tsk_31	(x)	1	:	0.005517	0.000000	0.000000	0.489973	0.000000	0.000000	0.000000	0.000000	0.000000	0.000000	0.500022	0.000000	0.000000	0.000000	0.004487
32	tsk_32	(x)	1	:	0.000000	0.495475	0.000000	0.000000	0.000000	0.000000	0.000000	0.000000	0.000000	0.000000	0.504525	0.000000	0.000000	0.000000	0.000000
33	tsk_33	(x)	1	:	0.000000	0.000000	0.000000	0.000000	0.000000	0.000000	0.000000	0.000000	0.000000	0.000000	1.000000	0.000000	0.000000	0.000000	0.000000
34	tsk_34	(x)	1	:	0.236019	0.493781	0.000000	0.000000	0.000000	0.000000	0.000000	0.000000	0.000000	0.000000	0.000000	0.000000	0.000000	0.000000	0.270200
35	tsk_35	(x)	1	:	0.777161	0.000000	0.000000	0.000000	0.000000	0.000000	0.000000	0.000000	0.000000	0.000000	0.000000	0.000000	0.000000	0.000000	0.222838
36	tsk_36	(x)	1	:	0.327741	0.000000	0.498176	0.000000	0.000000	0.000000	0.000000	0.000000	0.000000	0.000000	0.000000	0.000000	0.000000	0.000000	0.174083
37	tsk_37	(x)	1	:	0.384798	0.000000	0.000000	0.000000	0.000000	0.515584	0.000000	0.000000	0.000000	0.000000	0.000000	0.000000	0.000000	0.000000	0.099618
38	tsk_38	(x)	1	:	0.000000	0.000000	0.000000	0.000000	0.000000	0.000000	0.000000	0.000000	0.000000	0.000000	1.000000	0.000000	0.000000	0.000000	0.000000
39	tsk_39	(x)	1	:	0.387877	0.000000	0.000000	0.000000	0.000000	0.000000	0.000000	0.000000	0.000000	0.000000	0.500000	0.000000	0.000000	0.000000	0.112123
40	tsk_40	(x)	1	:	0.843763	0.000000	0.000000	0.000000	0.000000	0.000000	0.000000	0.000000	0.000000	0.000000	0.000000	0.000000	0.000000	0.000000	0.156236
41	tsk_41	(x)	1	:	0.914280	0.000000	0.000000	0.000000	0.000000	0.000000	0.000000	0.000000	0.000000	0.000000	0.000000	0.000000	0.000000	0.000000	0.085720
42	tsk_42	(x)	1	:	0.480895	0.000000	0.000000	0.000000	0.000000	0.000000	0.000000	0.000000	0.000000	0.000000	0.000000	0.000000	0.000000	0.000000	0.519105
43	tsk_43	(x)	1	:	0.000000	0.000000	0.000000	0.000000	0.000000	0.000000	0.000000	0.502308	0.497680	0.000012	0.000000	0.000000	0.000000	0.000000	0.000000
44	tsk_44	(x)	1	:	0.000000	0.000000	0.000000	0.000000	0.000000	0.000000	0.000000	0.547985	0.000000	0.000000	0.000000	0.000000	0.452015	0.000000	0.000000
45	tsk_45	(x)	1	:	0.593829	0.000000	0.000000	0.000000	0.000000	0.000000	0.000000	0.000000	0.000000	0.000000	0.000000	0.000000	0.000000	0.000000	0.406171
46	tsk_46	(x)	1	:	0.000000	0.000000	0.000000	0.000000	0.000000	0.000000	0.000000	0.000000	0.510068	0.002973	0.000000	0.000000	0.486958	0.000000	0.000000
47	tsk_47	(x)	1	:	0.000000	0.491418	0.000000	0.000000	0.000000	0.000000	0.000000	0.508582	0.000000	0.000000	0.000000	0.000000	0.000000	0.000000	0.000000
48	tsk_48	(x)	1	:	0.104724	0.000000	0.000000	0.000000	0.000000	0.000000	0.000000	0.000000	0.499956	0.000051	0.000000	0.000000	0.000000	0.000000	0.395270
49	tsk_49	(x)	1	:	0.000000	0.000000	0.000000	0.000000	0.000000	0.000000	0.000000	0.000000	0.512690	0.487310	0.000000	0.000000	0.000000	0.000000	0.000000
50	tsk_50	(x)	1	:	0.000000	0.494548	0.000000	0.000000	0.000000	0.000000	0.000000	0.000000	0.000000	0.000000	0.000000	0.000000	0.505452	0.000000	0.000000
51	tsk_51	(x)	1	:	0.389956	0.526467	0.000000	0.000000	0.000000	0.000000	0.000000	0.000000	0.000000	0.000000	0.000000	0.000000	0.000016	0.000000	0.083561
52	tsk_52	(x)	1	:	0.609738	0.000000	0.000000	0.000000	0.000000	0.000000	0.000000	0.000000	0.000000	0.000000	0.000000	0.000000	0.000000	0.000000	0.390262
53	tsk_53	(x)	1	:	0.000000	1.000000	0.000000	0.000000	0.000000	0.000000	0.000000	0.000000	0.000000	0.000000	0.000000	0.000000	0.000000	0.000000	0.000000
54	tsk_54	(x)	1	:	0.000000	1.000000	0.000000	0.000000	0.000000	0.000000	0.000000	0.000000	0.000000	0.000000	0.000000	0.000000	0.000000	0.000000	0.000000
55	tsk_55	(x)	1	:	0.782056	0.000000	0.000000	0.000000	0.000000	0.000000	0.000000	0.000000	0.000000	0.000000	0.000000	0.000000	0.000000	0.000000	0.217944
56	tsk_56	(x)	1	:	0.217100	0.000000	0.000000	0.000000	0.000000	0.000000	0.000000	0.000000	0.000000	0.000000	0.000000	0.000000	0.481225	0.000000	0.301675
57	tsk_57	(x)	1	:	0.000000	0.494548	0.000000	0.000000	0.000000	0.000000	0.000000	0.000000	0.000000	0.000000	0.000000	0.000000	0.505452	0.000000	0.000000
58	tsk_58	(x)	1	:	0.000000	0.000000	1.000000	0.000000	0.000000	0.000000	0.000000	0.000000	0.000000	0.000000	0.000000	0.000000	0.000000	0.000000	0.000000
59	tsk_59	(x)	1	:	0.000000	0.493750	0.000000	0.000000	0.506250	0.000000	0.000000	0.000000	0.000000	0.000000	0.000000	0.000000	0.000000	0.000000	0.000000
60	tsk_60	(x)	1	:	0.285144	0.493781	0.000000	0.000000	0.000000	0.000000	0.000000	0.000000	0.000000	0.000000	0.000000	0.000000	0.000000	0.000000	0.221075
61	tsk_61	(x)	1	:	0.140600	0.000000	0.000000	0.000000	0.000000	0.000000	0.000000	0.000000	0.000000	0.498185	0.166667	0.000000	0.000000	0.000000	0.194548
62	tsk_62	(x)	1	:	0.293151	0.493781	0.000000	0.000000	0.000000	0.000000	0.000000	0.000000	0.000000	0.000000	0.000000	0.000000	0.000000	0.000000	0.213068
63	tsk_63	(x)	1	:	0.504580	0.000000	0.000000	0.000000	0.000000	0.000000	0.000000	0.000000	0.000000	0.000000	0.000000	0.000000	0.000000	0.000000	0.495419
64	tsk_64	(x)	1	:	0.455440	0.493781	0.000000	0.000000	0.000000	0.000000	0.000000	0.000000	0.000000	0.000000	0.000000	0.000000	0.000000	0.000000	0.050779
65	tsk_65	(x)	1	:	0.000000	0.000000	0.000000	0.500869	0.000000	0.000000	0.000000	0.000000	0.000000	0.000000	0.000000	0.499131	0.000000	0.000000	0.000000
66	tsk_66	(x)	1	:	0.178378	0.000000	0.000000	0.000000	0.000000	0.000000	0.000000	0.000000	0.000000	0.498185	0.166667	0.000000	0.000000	0.000000	0.156770
67	tsk_67	(x)	1	:	0.348452	0.493781	0.000000	0.000000	0.000000	0.000000	0.000000	0.000000	0.000000	0.000000	0.000000	0.000000	0.000000	0.000000	0.157767
68	tsk_68	(x)	1	:	0.000000	1.000000	0.000000	0.000000	0.000000	0.000000	0.000000	0.000000	0.000000	0.000000	0.000000	0.000000	0.000000	0.000000	0.000000
69	tsk_69	(x)	1	:	0.244169	0.000000	0.000000	0.000000	0.000000	0.000000	0.000000	0.000000	0.000000	0.000000	0.000000	0.477848	0.000000	0.000000	0.277983
70	tsk_70	(x)	1	:	0.074646	0.000000	0.000000	0.000000	0.499255	0.000000	0.000000	0.000000	0.000000	0.000100	0.000000	0.000000	0.000000	0.000000	0.425998
71	tsk_71	(x)	1	:	0.000000	0.000000	0.000000	0.494602	0.503603	0.000000	0.000000	0.000000	0.000000	0.001794	0.000000	0.000000	0.000000	0.000000	0.000000
72	tsk_72	(x)	1	:	0.000000	0.000000	0.000000	0.000000	0.498000	0.000000	0.000000	0.000000	0.502000	0.000000	0.000000	0.000000	0.000000	0.000000	0.000000
73	tsk_73	(x)	1	:	0.224109	0.000000	0.000000	0.489957	0.000000	0.000000	0.000000	0.000000	0.000000	0.000000	0.000000	0.000000	0.000000	0.000000	0.285934
74	tsk_74	(x)	1	:	0.000000	0.000000	0.000000	0.000000	0.000000	0.000000	0.000000	0.000000	1.000000	0.000000	0.000000	0.000000	0.000000	0.000000	0.000000
75	tsk_75	(x)	1	:	0.642906	0.000000	0.000000	0.000000	0.000000	0.000000	0.000000	0.000000	0.000000	0.000000	0.000000	0.000000	0.000000	0.000000	0.357094
76	tsk_76	(x)	1	:	0.285074	0.493781	0.000000	0.000000	0.000000	0.000000	0.000000	0.000000	0.000000	0.000000	0.000000	0.000000	0.000000	0.000000	0.221145
77	tsk_77	(x)	1	:	0.000000	0.493750	0.000000	0.000000	0.506250	0.000000	0.000000	0.000000	0.000000	0.000000	0.000000	0.000000	0.000000	0.000000	0.000000
78	tsk_78	(x)	1	:	0.174755	0.000000	0.000000	0.000000	0.000000	0.000000	0.000000	0.503088	0.000000	0.000000	0.000000	0.000000	0.000000	0.000000	0.322157
79	tsk_79	(x)	1	:	0.000000	0.491418	0.000000	0.000000	0.000000	0.000000	0.000000	0.508582	0.000000	0.000000	0.000000	0.000000	0.000000	0.000000	0.000000
80	tsk_80	(x)	1	:	0.471847	0.000000	0.000000	0.000000	0.000000	0.000000	0.000000	0.000000	0.000000	0.000000	0.000000	0.000000	0.000000	0.000000	0.528153
81	tsk_81	(x)	1	:	0.695542	0.000000	0.000000	0.000000	0.000000	0.000000	0.000000	0.000000	0.000000	0.000000	0.000000	0.000000	0.000000	0.000000	0.304458
82	tsk_82	(x)	1	:	0.187243	0.000000	0.000000	0.000000	0.000000	0.000000	0.000000	0.000000	0.000000	0.000000	0.000000	0.505086	0.000000	0.000000	0.307671
83	tsk_83	(x)	1	:	0.129035	0.000000	0.000000	0.000000	0.000000	0.000000	0.000000	0.000000	0.000000	0.000000	0.000000	0.505086	0.000000	0.000000	0.365879
84	tsk_84	(x)	1	:	0.448595	0.000000	0.000000	0.000000	0.000000	0.000000	0.000000	0.000000	0.000000	0.000000	0.000000	0.000000	0.000000	0.000000	0.551405
85	tsk_85	(x)	1	:	0.358072	0.000000	0.000000	0.000000	0.000000	0.000000	0.500000	0.000000	0.000000	0.000000	0.000000	0.000000	0.000000	0.000000	0.141928
86	tsk_86	(x)	1	:	0.054792	0.000000	0.000000	0.000000	0.499333	0.000000	0.000000	0.000000	0.000000	0.000000	0.000000	0.000000	0.000000	0.000000	0.445875
87	tsk_87	(x)	1	:	0.016873	0.000000	0.000000	0.000000	0.499263	0.000000	0.000000	0.000000	0.000000	0.000090	0.000000	0.000000	0.000000	0.000000	0.483774
88	tsk_88	(x)	1	:	0.603868	0.000000	0.000000	0.000000	0.000000	0.000000	0.000000	0.000000	0.000000	0.000000	0.000000	0.000000	0.000000	0.000000	0.396132
89	tsk_89	(x)	1	:	0.085297	0.000000	0.000000	0.000000	0.499213	0.000000	0.000000	0.000000	0.000000	0.000155	0.000000	0.000000	0.000000	0.000000	0.415335
90	tsk_90	(x)	1	:	0.000000	0.000000	0.000000	0.000000	0.000000	0.000000	0.000000	0.000000	0.000000	1.000000	0.000000	0.000000	0.000000	0.000000	0.000000
91	tsk_91	(x)	1	:	0.101358	0.000000	0.000000	0.000000	0.000000	0.000000	0.000000	0.000000	0.000000	0.498185	0.000000	0.000000	0.000000	0.000000	0.400457
92	tsk_92	(x)	1	:	0.000000	0.000000	0.000000	0.000000	0.503351	0.000000	0.000000	0.000000	0.000000	0.496649	0.000000	0.000000	0.000000	0.000000	0.000000
93	tsk_93	(x)	1	:	0.059051	0.000000	0.000000	0.000000	0.499210	0.000000	0.000000	0.000000	0.000000	0.000159	0.000000	0.000000	0.000000	0.000000	0.441581
94	tsk_94	(x)	1	:	0.157332	0.000000	0.498176	0.000000	0.000000	0.000000	0.000000	0.000000	0.000000	0.000000	0.000000	0.000000	0.000000	0.000000	0.344492
95	tsk_95	(x)	1	:	0.144468	0.000000	0.000000	0.000000	0.000000	0.000000	0.000000	0.000000	0.000000	0.498185	0.000000	0.000000	0.000000	0.000000	0.357347
96	tsk_96	(x)	1	:	0.000000	0.000000	0.000000	0.000000	0.000000	0.000000	0.000000	0.000000	0.000000	1.000000	0.000000	0.000000	0.000000	0.000000	0.000000
97	tsk_97	(x)	1	:	0.171077	0.000000	0.000000	0.000000	0.000000	0.000000	0.000000	0.000000	0.000000	0.498185	0.000000	0.000000	0.000000	0.000000	0.330738
98	tsk_98	(x)	1	:	0.421551	0.493781	0.000000	0.000000	0.000000	0.000000	0.000000	0.000000	0.000000	0.000000	0.000000	0.000000	0.000000	0.000000	0.084668
99	tsk_99	(x)	1	:	0.108777	0.000000	0.000000	0.000000	0.000000	0.000000	0.000000	0.000000	0.000000	0.532488	0.000000	0.000000	0.000000	0.000000	0.358734
100	tsk_100	(x)	1	:	0.000000	0.000000	0.000000	0.000000	0.000000	0.000000	0.000000	0.502548	0.000000	0.000000	0.000000	0.000000	0.000000	0.497452	0.000000
101	tsk_101	(x)	1	:	0.728319	0.000000	0.000000	0.000000	0.000000	0.000000	0.000000	0.000000	0.000000	0.000000	0.000000	0.000000	0.000000	0.000000	0.271681
102	tsk_102	(x)	1	:	0.000000	0.493750	0.000000	0.000000	0.506250	0.000000	0.000000	0.000000	0.000000	0.000000	0.000000	0.000000	0.000000	0.000000	0.000000
103	tsk_103	(x)	1	:	0.675634	0.000000	0.000000	0.000000	0.000000	0.000000	0.000000	0.000000	0.000000	0.000000	0.000000	0.000000	0.000000	0.000000	0.324366
104	tsk_104	(x)	1	:	0.000000	0.000000	0.000000	0.000000	0.499334	0.000000	0.000000	0.000000	0.000000	0.000000	0.000000	0.000000	0.000000	0.500666	0.000000
105	tsk_105	(x)	1	:	0.190130	0.000000	0.000000	0.000000	0.499333	0.000000	0.000000	0.000000	0.000000	0.000000	0.000000	0.000000	0.000000	0.000000	0.310537
106	tsk_106	(x)	1	:	0.376911	0.000000	0.000000	0.000000	0.000000	0.000000	0.000000	0.000000	0.000000	0.000000	0.000000	0.000000	0.000000	0.500800	0.122289
107	tsk_107	(x)	1	:	0.071672	0.000000	0.000000	0.000000	0.499333	0.000000	0.000000	0.000000	0.000000	0.000000	0.000000	0.000000	0.000000	0.000000	0.428995
108	tsk_108	(x)	1	:	0.098362	0.000000	0.000000	0.000000	0.499333	0.000000	0.000000	0.000000	0.000000	0.000000	0.000000	0.000000	0.000000	0.000000	0.402305
109	tsk_109	(x)	1	:	0.056599	0.000000	0.000000	0.000000	0.499261	0.000000	0.000000	0.000000	0.000000	0.000093	0.000000	0.000000	0.000000	0.000000	0.444047
110	tsk_110	(x)	1	:	0.000000	0.000000	0.000000	0.000000	0.000000	0.000000	0.000000	0.000000	0.000000	1.000000	0.000000	0.000000	0.000000	0.000000	0.000000
111	tsk_111	(x)	1	:	0.000000	0.000000	0.000000	0.000000	1.000000	0.000000	0.000000	0.000000	0.000000	0.000000	0.000000	0.000000	0.000000	0.000000	0.000000
112	tsk_112	(x)	1	:	0.074441	0.000000	0.000000	0.000000	0.499279	0.000000	0.000000	0.000000	0.000000	0.000070	0.000000	0.000000	0.000000	0.000000	0.426210
113	tsk_113	(x)	1	:	0.000000	0.491418	0.000000	0.000000	0.000000	0.000000	0.000000	0.508582	0.000000	0.000000	0.000000	0.000000	0.000000	0.000000	0.000000
114	tsk_114	(x)	1	:	0.000000	0.000000	0.000000	0.000000	1.000000	0.000000	0.000000	0.000000	0.000000	0.000000	0.000000	0.000000	0.000000	0.000000	0.000000
115	tsk_115	(x)	1	:	0.000000	0.000000	0.000000	0.000000	0.503351	0.000000	0.000000	0.000000	0.000000	0.496649	0.000000	0.000000	0.000000	0.000000	0.000000
116	tsk_116	(x)	1	:	0.000000	0.000000	0.000000	0.000000	0.000000	0.000000	0.000000	0.504476	0.000000	0.495524	0.000000	0.000000	0.000000	0.000000	0.000000
117	tsk_117	(x)	1	:	0.000000	0.000000	0.000000	1.000000	0.000000	0.000000	0.000000	0.000000	0.000000	0.000000	0.000000	0.000000	0.000000	0.000000	0.000000
118	tsk_118	(x)	1	:	0.649951	0.000000	0.000000	0.000000	0.000000	0.000000	0.000000	0.000000	0.000000	0.000000	0.000000	0.000000	0.000000	0.000000	0.350049
119	tsk_119	(x)	1	:	0.000000	0.492594	0.000000	0.000000	0.000000	0.000000	0.000000	0.000000	0.000000	0.507406	0.000000	0.000000	0.000000	0.000000	0.000000
120	tsk_120	(x)	1	:	0.000000	0.000000	0.000000	0.000000	0.000000	0.000000	0.000000	0.000000	0.000000	0.000000	0.000000	1.000000	0.000000	0.000000	0.000000
121	tsk_121	(x)	1	:	0.000000	0.000000	1.000000	0.000000	0.000000	0.000000	0.000000	0.000000	0.000000	0.000000	0.000000	0.000000	0.000000	0.000000	0.000000
122	tsk_122	(x)	1	:	0.000000	0.000000	0.533043	0.466957	0.000000	0.000000	0.000000	0.000000	0.000000	0.000000	0.000000	0.000000	0.000000	0.000000	0.000000
123	tsk_123	(x)	1	:	0.000000	0.493750	0.000000	0.000000	0.506250	0.000000	0.000000	0.000000	0.000000	0.000000	0.000000	0.000000	0.000000	0.000000	0.000000
124	tsk_124	(x)	1	:	0.000000	0.000000	0.000000	0.000000	0.495438	0.000000	0.000000	0.000000	0.000000	0.000000	0.000000	0.504562	0.000000	0.000000	0.000000
125	tsk_125	(x)	1	:	0.000000	0.000000	0.000000	0.000000	0.000000	0.000000	0.000000	0.000000	0.000000	0.000000	0.000000	1.000000	0.000000	0.000000	0.000000
126	tsk_126	(x)	1	:	0.000000	0.000000	1.000000	0.000000	0.000000	0.000000	0.000000	0.000000	0.000000	0.000000	0.000000	0.000000	0.000000	0.000000	0.000000
127	tsk_127	(x)	1	:	0.708075	0.000000	0.000000	0.000000	0.000000	0.000000	0.000000	0.000000	0.000000	0.000000	0.000000	0.000000	0.000000	0.000000	0.291925
128	tsk_128	(x)	1	:	0.000000	0.000000	0.495027	0.000000	0.000000	0.000000	0.000000	0.000000	0.000000	0.000000	0.000000	0.504973	0.000000	0.000000	0.000000
129	tsk_129	(x)	1	:	0.000000	0.000000	0.495027	0.000000	0.000000	0.000000	0.000000	0.000000	0.000000	0.000000	0.000000	0.504973	0.000000	0.000000	0.000000
130	tsk_130	(x)	1	:	0.000000	0.000000	0.000000	0.494295	0.502833	0.000000	0.000000	0.000000	0.000000	0.002872	0.000000	0.000000	0.000000	0.000000	0.000000
131	tsk_131	(x)	1	:	0.064370	0.000000	0.000000	0.000000	0.000000	0.000000	0.000000	0.000000	0.000000	0.000000	0.000000	0.496537	0.000000	0.000000	0.439093
132	tsk_132	(x)	1	:	0.000000	0.000000	0.000000	1.000000	0.000000	0.000000	0.000000	0.000000	0.000000	0.000000	0.000000	0.000000	0.000000	0.000000	0.000000
133	tsk_133	(x)	1	:	0.000085	0.000000	0.000000	0.488150	0.000000	0.511742	0.000000	0.000000	0.000000	0.000000	0.000000	0.000000	0.000000	0.000000	0.000022
134	tsk_134	(x)	1	:	0.000000	0.000000	0.000000	1.000000	0.000000	0.000000	0.000000	0.000000	0.000000	0.000000	0.000000	0.000000	0.000000	0.000000	0.000000
135	tsk_135	(x)	1	:	0.000000	0.000000	0.000000	0.000000	0.503351	0.000000	0.000000	0.000000	0.000000	0.496649	0.000000	0.000000	0.000000	0.000000	0.000000
136	tsk_136	(x)	1	:	0.000000	0.000000	0.000000	0.495115	0.504885	0.000000	0.000000	0.000000	0.000000	0.000000	0.000000	0.000000	0.000000	0.000000	0.000000
137	tsk_137	(x)	1	:	0.000000	0.000000	0.000000	0.494299	0.502844	0.000000	0.000000	0.000000	0.000000	0.002857	0.000000	0.000000	0.000000	0.000000	0.000000
138	tsk_138	(x)	1	:	0.000000	0.000000	0.000000	0.494503	0.000000	0.000000	0.000000	0.000000	0.000000	0.505497	0.000000	0.000000	0.000000	0.000000	0.000000
139	tsk_139	(x)	1	:	0.000000	0.000000	0.000000	0.494503	0.000000	0.000000	0.000000	0.000000	0.000000	0.505497	0.000000	0.000000	0.000000	0.000000	0.000000
140	tsk_140	(x)	1	:	0.646318	0.000000	0.000000	0.000000	0.000000	0.000000	0.000000	0.000000	0.000000	0.000000	0.000000	0.000000	0.000000	0.000000	0.353681
141	tsk_141	(x)	1	:	0.147452	0.000000	0.000000	0.000000	0.000000	0.000000	0.000000	0.000000	0.000000	0.000000	0.000000	0.477848	0.000000	0.000000	0.374701
142	tsk_142	(x)	1	:	0.185656	0.000000	0.498176	0.000000	0.000000	0.000000	0.000000	0.000000	0.000000	0.000000	0.000000	0.000000	0.000000	0.000000	0.316168
143	tsk_143	(x)	1	:	0.258909	0.000000	0.498176	0.000000	0.000000	0.000000	0.000000	0.000000	0.000000	0.000000	0.000000	0.000000	0.000000	0.000000	0.242915
144	tsk_144	(x)	1	:	0.248248	0.000000	0.000000	0.000000	0.000000	0.000000	0.000000	0.503088	0.000000	0.000000	0.000000	0.000000	0.000000	0.000000	0.248664
145	tsk_145	(x)	1	:	0.280991	0.493781	0.000000	0.000000	0.000000	0.000000	0.000000	0.000000	0.000000	0.000000	0.000000	0.000000	0.000000	0.000000	0.225228
146	tsk_146	(x)	1	:	0.000000	0.000000	0.500336	0.000000	0.000000	0.000000	0.499664	0.000000	0.000000	0.000000	0.000000	0.000000	0.000000	0.000000	0.000000
147	tsk_147	(x)	1	:	0.108616	0.000000	0.000000	0.000000	0.000000	0.000000	0.000000	0.000000	0.000000	0.000000	0.000000	0.477848	0.000000	0.000000	0.413536
148	tsk_148	(x)	1	:	0.548431	0.000000	0.000000	0.000000	0.000000	0.000000	0.000000	0.000000	0.000000	0.000000	0.000000	0.000000	0.000000	0.000000	0.451569
149	tsk_149	(x)	1	:	0.295338	0.000000	0.000000	0.000000	0.000000	0.000000	0.500000	0.000000	0.000000	0.000000	0.000000	0.000000	0.000000	0.000000	0.204662
