logL = -1024.985593 (converged)
AIC = 4339.971185
BIC = 7787.148597

count.K
16 40 21 9 17 21 26 

