logL = -1006.935295 (converged)
AIC = 6731.870591
BIC = 13833.959250

count.K
21 25 1 27 6 2 1 3 23 10 6 15 10 

