logL = -1677.995064 (converged)
AIC = 8151.990128
BIC = 15371.493564

count.K
9 16 6 8 14 19 4 19 7 17 21 4 6 

