0	tsk_0	(x)	1	:	0.000000	0.000000	0.000000	0.000000	0.000000	0.006118	0.000000	0.010486	0.000000	0.000000	0.000000	0.000000	0.491045	0.000000	0.492351
1	tsk_1	(x)	1	:	0.000000	0.000000	0.000000	0.000000	0.000000	0.503110	0.000000	0.000000	0.000000	0.000000	0.000000	0.000000	0.000000	0.000000	0.496889
2	tsk_2	(x)	1	:	0.000000	0.000000	0.000000	0.000000	0.000000	0.503110	0.000000	0.000000	0.000000	0.000000	0.000000	0.000000	0.000000	0.000000	0.496889
3	tsk_3	(x)	1	:	0.000000	0.000000	0.008625	0.000000	0.000000	0.497781	0.000000	0.000000	0.000000	0.000000	0.000000	0.493594	0.000000	0.000000	0.000000
4	tsk_4	(x)	1	:	0.000000	0.000000	0.000000	0.000000	0.000000	0.000289	0.000000	0.000000	0.195153	0.000000	0.000000	0.325172	0.000000	0.000000	0.479386
5	tsk_5	(x)	1	:	0.000000	0.000000	0.000000	0.000000	0.000000	0.503110	0.000000	0.000000	0.000000	0.000000	0.000000	0.000000	0.000000	0.000000	0.496889
6	tsk_6	(x)	1	:	0.000000	0.000000	0.007563	0.000000	0.000000	0.000000	0.000000	0.011489	0.000000	0.000000	0.000000	0.493162	0.487786	0.000000	0.000000
7	tsk_7	(x)	1	:	0.000000	0.000000	0.000000	0.000000	0.000000	0.000000	0.000000	0.000000	0.000000	0.000000	0.000000	0.000000	0.000000	0.000000	1.000000
8	tsk_8	(x)	1	:	0.000000	0.000000	0.000000	0.000000	0.000000	0.000000	0.000000	1.000000	0.000000	0.000000	0.000000	0.000000	0.000000	0.000000	0.000000
9	tsk_9	(x)	1	:	0.000000	0.000000	0.000000	0.000000	0.000000	0.423692	0.000000	0.000000	0.000000	0.432367	0.143941	0.000000	0.000000	0.000000	0.000000
10	tsk_10	(x)	1	:	0.000000	0.000000	0.000000	0.000000	0.000000	0.000000	0.000000	0.507680	0.000000	0.000000	0.000000	0.000000	0.492320	0.000000	0.000000
11	tsk_11	(x)	1	:	0.000000	0.000000	0.001096	0.000000	0.000000	0.000000	0.000000	0.000000	0.000000	0.000000	0.000000	0.479062	0.000000	0.000000	0.519842
12	tsk_12	(x)	1	:	0.000000	0.000000	0.007598	0.000000	0.000000	0.000000	0.000000	0.010464	0.000000	0.000000	0.000000	0.493222	0.488716	0.000000	0.000000
13	tsk_13	(x)	1	:	0.000000	0.395451	0.000000	0.000000	0.000000	0.000000	0.000000	0.000000	0.000000	0.000000	0.000000	0.000000	0.604548	0.000000	0.000000
14	tsk_14	(x)	1	:	0.000000	0.000000	0.001551	0.499860	0.000000	0.000000	0.000000	0.000000	0.000000	0.000000	0.000000	0.498589	0.000000	0.000000	0.000000
15	tsk_15	(x)	1	:	0.000000	0.000000	0.000000	0.000000	0.000000	0.000000	0.500363	0.009763	0.000000	0.000000	0.000000	0.000000	0.489874	0.000000	0.000000
16	tsk_16	(x)	1	:	0.000000	0.000000	0.000000	0.497536	0.000000	0.005786	0.000000	0.496677	0.000000	0.000000	0.000000	0.000000	0.000000	0.000000	0.000000
17	tsk_17	(x)	1	:	0.000000	0.000000	0.000000	0.000000	0.000000	0.000000	0.000000	0.000000	0.000000	0.000000	0.000000	0.000000	1.000000	0.000000	0.000000
18	tsk_18	(x)	1	:	0.000000	0.000000	0.007486	0.000000	0.000000	0.000000	0.000000	0.010265	0.000000	0.000000	0.000000	0.493342	0.488908	0.000000	0.000000
19	tsk_19	(x)	1	:	0.000000	0.000000	0.000000	0.000000	0.000000	0.000000	0.000000	1.000000	0.000000	0.000000	0.000000	0.000000	0.000000	0.000000	0.000000
20	tsk_20	(x)	1	:	0.000000	0.000000	0.000000	0.000000	0.000000	0.000000	0.000000	0.000000	0.000000	1.000000	0.000000	0.000000	0.000000	0.000000	0.000000
21	tsk_21	(x)	1	:	0.000000	0.000000	0.007716	0.000000	0.000000	0.005559	0.000000	0.000000	0.000000	0.000000	0.000000	0.493756	0.000000	0.000000	0.492969
22	tsk_22	(x)	1	:	0.531199	0.000000	0.000000	0.000000	0.000000	0.468801	0.000000	0.000000	0.000000	0.000000	0.000000	0.000000	0.000000	0.000000	0.000000
23	tsk_23	(x)	1	:	0.000000	0.000000	0.000000	0.000000	0.000000	0.000000	0.000000	0.000000	0.000000	0.000000	0.000000	1.000000	0.000000	0.000000	0.000000
24	tsk_24	(x)	1	:	0.000000	0.000000	0.000055	0.000000	0.000000	0.000000	0.000000	0.000000	0.555146	0.000000	0.000000	0.444798	0.000000	0.000000	0.000000
25	tsk_25	(x)	1	:	0.000000	0.000000	0.000000	0.000000	0.000000	0.001004	0.000000	0.000000	0.512769	0.000000	0.000000	0.000000	0.000000	0.000000	0.486227
26	tsk_26	(x)	1	:	0.000000	0.000000	0.007455	0.000000	0.000000	0.000000	0.000000	0.011412	0.000000	0.000000	0.000000	0.493268	0.487865	0.000000	0.000000
27	tsk_27	(x)	1	:	0.000000	0.000000	0.148712	0.000000	0.000000	0.000000	0.000000	0.000000	0.351294	0.000000	0.000000	0.499993	0.000000	0.000000	0.000000
28	tsk_28	(x)	1	:	0.000000	0.000000	0.007927	0.000000	0.000000	0.005714	0.000000	0.000000	0.000000	0.000000	0.000000	0.493541	0.000000	0.000000	0.492818
29	tsk_29	(x)	1	:	0.538856	0.000000	0.000074	0.000000	0.000000	0.000000	0.000000	0.000000	0.000000	0.000000	0.000000	0.461070	0.000000	0.000000	0.000000
30	tsk_30	(x)	1	:	0.000000	0.544759	0.000000	0.000000	0.000000	0.000000	0.000000	0.000000	0.000000	0.455241	0.000000	0.000000	0.000000	0.000000	0.000000
31	tsk_31	(x)	1	:	0.000000	0.000000	0.000000	0.000000	0.000000	0.367249	0.000000	0.000000	0.000000	0.632751	0.000000	0.000000	0.000000	0.000000	0.000000
32	tsk_32	(x)	1	:	0.000000	0.000000	0.500000	0.000000	0.000000	0.000000	0.000000	0.000000	0.000000	0.000000	0.000000	0.500000	0.000000	0.000000	0.000000
33	tsk_33	(x)	1	:	0.000000	0.304703	0.000000	0.000000	0.000000	0.000000	0.000000	0.203751	0.000000	0.491546	0.000000	0.000000	0.000000	0.000000	0.000000
34	tsk_34	(x)	1	:	0.000000	0.000000	0.148712	0.000000	0.000000	0.000000	0.000000	0.000000	0.351294	0.000000	0.000000	0.499993	0.000000	0.000000	0.000000
35	tsk_35	(x)	1	:	0.000000	0.000000	0.000000	0.000000	0.000000	0.000000	0.000000	1.000000	0.000000	0.000000	0.000000	0.000000	0.000000	0.000000	0.000000
36	tsk_36	(x)	1	:	0.000000	0.305700	0.000000	0.000000	0.000000	0.000000	0.000000	0.202541	0.000000	0.491759	0.000000	0.000000	0.000000	0.000000	0.000000
37	tsk_37	(x)	1	:	0.000000	0.000000	0.000000	0.000000	0.000000	0.000000	0.000000	1.000000	0.000000	0.000000	0.000000	0.000000	0.000000	0.000000	0.000000
38	tsk_38	(x)	1	:	0.000000	0.000000	0.008099	0.000000	0.000000	0.000000	0.000000	0.498775	0.000000	0.000000	0.000000	0.493126	0.000000	0.000000	0.000000
39	tsk_39	(x)	1	:	0.000000	0.000000	0.482535	0.000000	0.000000	0.000000	0.000000	0.000000	0.000000	0.517465	0.000000	0.000000	0.000000	0.000000	0.000000
40	tsk_40	(x)	1	:	0.000000	0.000000	0.000000	0.000000	0.000000	0.503111	0.000000	0.000000	0.000000	0.000000	0.000000	0.000000	0.000000	0.000000	0.496889
41	tsk_41	(x)	1	:	0.000000	0.000000	0.000000	0.000000	0.000000	0.000000	0.000000	0.000000	0.000000	0.000000	0.000000	0.000000	1.000000	0.000000	0.000000
42	tsk_42	(x)	1	:	0.480462	0.000000	0.000000	0.000000	0.000000	0.000000	0.000000	0.027133	0.000000	0.000000	0.000000	0.000000	0.492405	0.000000	0.000000
43	tsk_43	(x)	1	:	0.000000	0.000000	0.000000	0.000000	0.000000	0.000000	0.000000	0.000000	0.000000	1.000000	0.000000	0.000000	0.000000	0.000000	0.000000
44	tsk_44	(x)	1	:	0.480535	0.000000	0.000000	0.000000	0.000000	0.000000	0.000000	0.025744	0.000000	0.000000	0.000000	0.000000	0.493721	0.000000	0.000000
45	tsk_45	(x)	1	:	0.000000	0.000000	0.001889	0.000000	0.000000	0.000000	0.000000	0.000000	0.000000	0.516164	0.000000	0.481947	0.000000	0.000000	0.000000
46	tsk_46	(x)	1	:	0.472048	0.000000	0.028592	0.000000	0.000000	0.000000	0.000000	0.000000	0.000000	0.000000	0.000000	0.499360	0.000000	0.000000	0.000000
47	tsk_47	(x)	1	:	0.000000	0.000000	0.000000	0.000000	0.000000	0.000000	0.000000	0.000000	0.000000	0.000000	0.000000	0.000000	1.000000	0.000000	0.000000
48	tsk_48	(x)	1	:	0.000000	0.000000	0.000000	0.000000	0.000000	0.065410	0.000000	0.014178	0.000000	0.430326	0.000000	0.000000	0.490087	0.000000	0.000000
49	tsk_49	(x)	1	:	0.000000	0.000000	0.000000	0.000000	0.000000	0.503110	0.000000	0.000000	0.000000	0.000000	0.000000	0.000000	0.000000	0.000000	0.496889
50	tsk_50	(x)	1	:	0.000000	0.000000	0.000000	0.000000	0.000000	0.000000	0.000000	0.507680	0.000000	0.000000	0.000000	0.000000	0.492320	0.000000	0.000000
51	tsk_51	(x)	1	:	0.000000	0.000000	0.000000	0.000000	0.000000	0.000000	0.000000	0.023631	0.000000	0.000000	0.000000	0.000000	0.492896	0.483473	0.000000
52	tsk_52	(x)	1	:	0.000000	0.000000	0.000000	0.000000	0.000000	0.000000	0.000000	0.000000	0.000000	0.000000	0.000000	0.000000	1.000000	0.000000	0.000000
53	tsk_53	(x)	1	:	0.000000	0.000000	0.007590	0.000000	0.000000	0.000000	0.000000	0.012100	0.000000	0.000000	0.000000	0.493083	0.487226	0.000000	0.000000
54	tsk_54	(x)	1	:	0.000000	0.000000	0.007844	0.000000	0.000000	0.000000	0.000000	0.012803	0.000000	0.000000	0.000000	0.493576	0.000000	0.485776	0.000000
55	tsk_55	(x)	1	:	0.480930	0.000000	0.000000	0.000000	0.000000	0.087027	0.000000	0.000000	0.000000	0.432043	0.000000	0.000000	0.000000	0.000000	0.000000
56	tsk_56	(x)	1	:	0.000000	0.000000	0.007832	0.000000	0.000000	0.000000	0.000000	0.014697	0.000000	0.000000	0.000000	0.493463	0.000000	0.484008	0.000000
57	tsk_57	(x)	1	:	0.000000	0.000000	0.000000	0.000000	0.000000	0.000000	0.000000	0.000000	0.000000	0.000000	0.000000	1.000000	0.000000	0.000000	0.000000
58	tsk_58	(x)	1	:	0.000000	0.000000	1.000000	0.000000	0.000000	0.000000	0.000000	0.000000	0.000000	0.000000	0.000000	0.000000	0.000000	0.000000	0.000000
59	tsk_59	(x)	1	:	0.000000	0.000000	0.008250	0.000000	0.000000	0.067145	0.000000	0.000000	0.000000	0.430931	0.000000	0.493674	0.000000	0.000000	0.000000
60	tsk_60	(x)	1	:	0.000000	0.000000	0.007627	0.000000	0.000000	0.000000	0.499420	0.000000	0.000000	0.000000	0.000000	0.492953	0.000000	0.000000	0.000000
61	tsk_61	(x)	1	:	0.000000	0.000000	0.000000	0.000000	0.000000	0.000000	0.500847	0.499152	0.000000	0.000000	0.000000	0.000000	0.000000	0.000000	0.000000
62	tsk_62	(x)	1	:	0.000000	0.000000	0.000000	0.000000	0.000000	0.009785	0.000000	0.501190	0.000000	0.000000	0.000000	0.000000	0.000000	0.000000	0.489025
63	tsk_63	(x)	1	:	0.000000	0.000000	0.008139	0.000000	0.000000	0.000000	0.000000	0.498771	0.000000	0.000000	0.000000	0.493090	0.000000	0.000000	0.000000
64	tsk_64	(x)	1	:	0.000000	0.000000	0.148703	0.000000	0.000000	0.000000	0.500000	0.000000	0.351298	0.000000	0.000000	0.000000	0.000000	0.000000	0.000000
65	tsk_65	(x)	1	:	0.000000	0.000000	0.000000	0.000000	0.000000	0.000000	0.500400	0.009540	0.000000	0.000000	0.000000	0.000000	0.490061	0.000000	0.000000
66	tsk_66	(x)	1	:	0.525273	0.000000	0.000000	0.000000	0.000000	0.000000	0.474727	0.000000	0.000000	0.000000	0.000000	0.000000	0.000000	0.000000	0.000000
67	tsk_67	(x)	1	:	0.000000	0.000000	0.007402	0.000000	0.000000	0.000000	0.499437	0.000000	0.000000	0.000000	0.000000	0.493161	0.000000	0.000000	0.000000
68	tsk_68	(x)	1	:	0.000000	0.000000	0.007558	0.000000	0.000000	0.000000	0.499425	0.000000	0.000000	0.000000	0.000000	0.493017	0.000000	0.000000	0.000000
69	tsk_69	(x)	1	:	0.000000	0.000000	0.148703	0.000000	0.000000	0.000000	0.500000	0.000000	0.351298	0.000000	0.000000	0.000000	0.000000	0.000000	0.000000
70	tsk_70	(x)	1	:	0.000000	0.000000	0.000000	0.000000	0.000000	0.000000	0.000000	0.000000	0.000000	0.000012	0.000000	0.000000	0.000000	0.000000	0.999987
71	tsk_71	(x)	1	:	0.000000	0.000000	0.000000	0.000000	0.000000	0.000000	0.000000	0.000000	0.000000	0.000000	0.000000	1.000000	0.000000	0.000000	0.000000
72	tsk_72	(x)	1	:	0.000000	0.000000	0.007714	0.000000	0.000000	0.007906	0.000000	0.000000	0.000000	0.000000	0.000000	0.493951	0.000000	0.000000	0.490428
73	tsk_73	(x)	1	:	0.000000	0.000000	0.008260	0.000000	0.000000	0.067144	0.000000	0.000000	0.000000	0.430931	0.000000	0.493665	0.000000	0.000000	0.000000
74	tsk_74	(x)	1	:	0.000000	0.000000	0.008170	0.000000	0.000000	0.000000	0.000000	0.498768	0.000000	0.000000	0.000000	0.493062	0.000000	0.000000	0.000000
75	tsk_75	(x)	1	:	0.000000	0.000000	0.008115	0.000000	0.000000	0.067159	0.000000	0.000000	0.000000	0.430930	0.000000	0.493796	0.000000	0.000000	0.000000
76	tsk_76	(x)	1	:	0.000000	0.000000	0.008147	0.000000	0.000000	0.000000	0.000000	0.498770	0.000000	0.000000	0.000000	0.493083	0.000000	0.000000	0.000000
77	tsk_77	(x)	1	:	0.000000	0.000000	0.000009	0.000000	0.000000	0.000000	0.000000	0.000000	0.000000	0.000000	0.000000	0.479028	0.520963	0.000000	0.000000
78	tsk_78	(x)	1	:	0.000000	0.000000	0.000000	0.000000	0.000000	0.000000	0.000000	0.000000	0.000000	0.000000	0.000000	1.000000	0.000000	0.000000	0.000000
79	tsk_79	(x)	1	:	0.000000	0.000000	0.000000	0.000000	0.000000	0.000000	0.000000	0.000000	0.000000	0.000000	0.000000	1.000000	0.000000	0.000000	0.000000
80	tsk_80	(x)	1	:	0.000000	0.000000	0.007506	0.000000	0.000000	0.000000	0.000000	0.011241	0.000000	0.000000	0.000000	0.493237	0.488016	0.000000	0.000000
81	tsk_81	(x)	1	:	0.000000	0.000000	0.000000	0.000000	0.000000	0.572841	0.000000	0.000000	0.000000	0.000000	0.000000	0.000000	0.427158	0.000000	0.000000
82	tsk_82	(x)	1	:	0.000000	0.000000	0.000000	0.000000	0.507724	0.000010	0.000000	0.004460	0.000000	0.000000	0.000000	0.000000	0.487807	0.000000	0.000000
83	tsk_83	(x)	1	:	0.000000	0.000000	0.000000	0.000000	0.000000	0.000000	0.000000	1.000000	0.000000	0.000000	0.000000	0.000000	0.000000	0.000000	0.000000
84	tsk_84	(x)	1	:	0.000000	0.000000	0.000000	0.000000	0.000000	0.000000	0.000000	0.507680	0.000000	0.000000	0.000000	0.000000	0.492320	0.000000	0.000000
85	tsk_85	(x)	1	:	0.000000	0.000000	0.000000	0.000000	0.000000	0.000000	0.000000	1.000000	0.000000	0.000000	0.000000	0.000000	0.000000	0.000000	0.000000
86	tsk_86	(x)	1	:	0.000000	0.000000	0.000000	0.000000	0.000000	0.000000	0.000000	0.507680	0.000000	0.000000	0.000000	0.000000	0.492320	0.000000	0.000000
87	tsk_87	(x)	1	:	0.000000	0.000000	0.000000	0.000000	0.000000	0.000000	0.000000	0.000000	0.000000	0.000000	0.000000	0.000000	1.000000	0.000000	0.000000
88	tsk_88	(x)	1	:	0.000000	0.000000	0.000000	0.000000	0.509167	0.000010	0.000000	0.490823	0.000000	0.000000	0.000000	0.000000	0.000000	0.000000	0.000000
89	tsk_89	(x)	1	:	0.000000	0.000000	0.000000	0.000000	0.000000	0.000000	0.000000	0.000000	0.000000	0.000000	0.000000	0.000000	1.000000	0.000000	0.000000
90	tsk_90	(x)	1	:	0.000000	0.000000	0.500483	0.000000	0.000000	0.000000	0.000000	0.094903	0.000000	0.000000	0.000000	0.000000	0.000000	0.404614	0.000000
91	tsk_91	(x)	1	:	0.000000	0.000000	0.000000	0.000000	0.000000	0.000000	0.000000	0.000062	0.000000	0.000000	0.000000	0.000000	0.000000	0.999938	0.000000
92	tsk_92	(x)	1	:	0.000000	0.000000	0.000000	0.000000	0.000000	0.375051	0.000000	0.000000	0.000000	0.000000	0.000000	0.000000	0.000000	0.000000	0.624949
93	tsk_93	(x)	1	:	0.000000	0.000000	0.007948	0.000000	0.000000	0.000000	0.000000	0.498790	0.000000	0.000000	0.000000	0.493262	0.000000	0.000000	0.000000
94	tsk_94	(x)	1	:	0.000000	0.000000	0.501003	0.000000	0.000000	0.008564	0.000000	0.000000	0.000000	0.000000	0.000000	0.000000	0.000000	0.000000	0.490433
95	tsk_95	(x)	1	:	0.000000	0.000000	0.008085	0.000000	0.000000	0.000000	0.000000	0.498776	0.000000	0.000000	0.000000	0.493139	0.000000	0.000000	0.000000
96	tsk_96	(x)	1	:	0.000000	0.000000	0.001191	0.000000	0.000000	0.000000	0.000000	0.000000	0.000000	0.000000	0.000000	0.478974	0.000000	0.000000	0.519835
97	tsk_97	(x)	1	:	0.000000	0.000000	0.008093	0.000000	0.000000	0.007717	0.000000	0.000000	0.000000	0.000000	0.000000	0.493631	0.000000	0.000000	0.490559
98	tsk_98	(x)	1	:	0.000000	0.000000	0.008555	0.000000	0.000000	0.000000	0.000000	0.093956	0.000000	0.000000	0.000000	0.492737	0.000000	0.404752	0.000000
99	tsk_99	(x)	1	:	0.000000	0.000000	0.000000	0.000000	0.000000	0.000000	0.000000	0.144330	0.000000	0.000000	0.000000	0.000000	0.000000	0.855670	0.000000
100	tsk_100	(x)	1	:	0.000000	0.000000	0.000000	0.000000	0.000000	0.495307	0.000000	0.504693	0.000000	0.000000	0.000000	0.000000	0.000000	0.000000	0.000000
101	tsk_101	(x)	1	:	0.000000	0.000000	0.000000	0.000000	0.000000	0.067200	0.000000	0.502946	0.000000	0.429854	0.000000	0.000000	0.000000	0.000000	0.000000
102	tsk_102	(x)	1	:	0.000000	0.000000	0.000000	0.000000	0.000000	0.000000	0.000000	1.000000	0.000000	0.000000	0.000000	0.000000	0.000000	0.000000	0.000000
103	tsk_103	(x)	1	:	0.000000	0.000000	0.000000	0.000000	0.000000	0.000000	0.000000	0.507680	0.000000	0.000000	0.000000	0.000000	0.492320	0.000000	0.000000
104	tsk_104	(x)	1	:	0.000000	0.000000	0.000000	0.000000	0.000000	0.009553	0.000000	0.501296	0.000000	0.000000	0.000000	0.000000	0.000000	0.000000	0.489151
105	tsk_105	(x)	1	:	0.000000	0.000000	0.000000	0.000000	0.000000	0.000000	0.000000	0.507680	0.000000	0.000000	0.000000	0.000000	0.492320	0.000000	0.000000
106	tsk_106	(x)	1	:	0.000000	0.000000	0.000000	0.000000	0.000000	0.009506	0.000000	0.501318	0.000000	0.000000	0.000000	0.000000	0.000000	0.000000	0.489177
107	tsk_107	(x)	1	:	0.000000	0.000000	0.000000	0.000000	0.000000	0.056328	0.000000	0.201043	0.000000	0.426006	0.316623	0.000000	0.000000	0.000000	0.000000
108	tsk_108	(x)	1	:	0.000000	0.000000	0.000000	0.000000	0.000000	0.008949	0.000000	0.501573	0.000000	0.000000	0.000000	0.000000	0.000000	0.000000	0.489478
109	tsk_109	(x)	1	:	0.000000	0.000000	0.007974	0.000000	0.000000	0.000000	0.000000	0.168204	0.000000	0.000000	0.000000	0.493238	0.330583	0.000000	0.000000
110	tsk_110	(x)	1	:	0.000000	0.000000	0.000000	0.000000	0.000000	0.000000	0.500192	0.010805	0.000000	0.000000	0.000000	0.000000	0.489003	0.000000	0.000000
111	tsk_111	(x)	1	:	0.000000	0.000000	0.007479	0.000000	0.000000	0.000000	0.000000	0.010569	0.000000	0.000000	0.000000	0.493321	0.488631	0.000000	0.000000
112	tsk_112	(x)	1	:	0.000000	0.000000	0.000000	0.000000	0.000000	0.495307	0.000000	0.504693	0.000000	0.000000	0.000000	0.000000	0.000000	0.000000	0.000000
113	tsk_113	(x)	1	:	0.000000	0.000000	0.000000	0.000000	0.000000	1.000000	0.000000	0.000000	0.000000	0.000000	0.000000	0.000000	0.000000	0.000000	0.000000
114	tsk_114	(x)	1	:	0.000000	0.000000	0.007795	0.000000	0.000000	0.000000	0.000000	0.008970	0.000000	0.000000	0.000000	0.493176	0.490059	0.000000	0.000000
115	tsk_115	(x)	1	:	0.000000	0.000000	0.007901	0.000000	0.000000	0.007687	0.000000	0.000000	0.000000	0.000000	0.000000	0.493811	0.000000	0.000000	0.490600
116	tsk_116	(x)	1	:	0.000000	0.000000	0.007525	0.000000	0.000000	0.000000	0.000000	0.010581	0.000000	0.000000	0.000000	0.493278	0.488616	0.000000	0.000000
117	tsk_117	(x)	1	:	0.000000	0.000000	0.000000	0.000000	0.000000	0.494560	0.000000	0.014621	0.000000	0.000000	0.000000	0.000000	0.490819	0.000000	0.000000
118	tsk_118	(x)	1	:	0.000000	0.000000	0.008604	0.000000	0.000000	0.497783	0.000000	0.000000	0.000000	0.000000	0.000000	0.493613	0.000000	0.000000	0.000000
119	tsk_119	(x)	1	:	0.000000	0.000000	0.000000	0.000000	0.000000	0.000000	0.000000	0.523608	0.000000	0.000000	0.000000	0.476392	0.000000	0.000000	0.000000
120	tsk_120	(x)	1	:	0.000000	0.000000	0.008139	0.000000	0.000000	0.007121	0.000000	0.000000	0.000000	0.000000	0.000000	0.493674	0.000000	0.000000	0.491065
121	tsk_121	(x)	1	:	0.000000	0.000000	0.007978	0.000000	0.000000	0.000000	0.000000	0.498787	0.000000	0.000000	0.000000	0.493235	0.000000	0.000000	0.000000
122	tsk_122	(x)	1	:	0.000000	0.000000	0.000000	0.000000	0.000000	0.000000	0.000000	0.000000	0.000000	1.000000	0.000000	0.000000	0.000000	0.000000	0.000000
123	tsk_123	(x)	1	:	0.000000	0.000000	0.000000	0.000000	0.000000	0.000000	0.000000	0.000000	0.000000	0.000012	0.000000	0.000000	0.000000	0.000000	0.999988
124	tsk_124	(x)	1	:	0.000000	0.000000	0.000000	0.000000	0.000000	0.000000	0.000000	0.517329	0.000000	0.000000	0.000000	0.000000	0.000000	0.482671	0.000000
125	tsk_125	(x)	1	:	0.000000	0.000000	0.008094	0.000000	0.000000	0.007517	0.000000	0.000000	0.000000	0.000000	0.000000	0.493659	0.000000	0.000000	0.490730
126	tsk_126	(x)	1	:	0.000000	0.000000	0.000000	0.000000	0.000000	0.009383	0.000000	0.499694	0.000000	0.000000	0.000000	0.000000	0.000000	0.000000	0.490922
127	tsk_127	(x)	1	:	0.000000	0.000000	0.007931	0.000000	0.000000	0.000000	0.000000	0.013862	0.000000	0.000000	0.000000	0.493428	0.000000	0.484779	0.000000
128	tsk_128	(x)	1	:	0.000000	0.000000	0.000000	0.000000	0.000000	0.066924	0.000000	0.019491	0.000000	0.430220	0.000000	0.000000	0.000000	0.483365	0.000000
129	tsk_129	(x)	1	:	0.000000	0.000000	0.000000	0.000000	0.000000	0.000000	0.000000	0.000000	0.000000	0.000000	0.000000	0.000000	0.000000	0.000000	1.000000
130	tsk_130	(x)	1	:	0.000000	0.000000	0.000000	0.000000	0.000000	0.007856	0.000000	0.500390	0.000000	0.000000	0.000000	0.000000	0.000000	0.000000	0.491754
131	tsk_131	(x)	1	:	0.000000	0.000000	0.000000	0.000000	0.000000	0.000000	0.000000	0.507680	0.000000	0.000000	0.000000	0.000000	0.492320	0.000000	0.000000
132	tsk_132	(x)	1	:	0.000000	0.000000	0.000000	0.000000	0.000000	0.000000	0.494840	0.226674	0.000000	0.000000	0.278485	0.000000	0.000000	0.000000	0.000000
133	tsk_133	(x)	1	:	0.000000	0.000000	0.000000	0.000000	0.000000	0.000000	0.000000	1.000000	0.000000	0.000000	0.000000	0.000000	0.000000	0.000000	0.000000
134	tsk_134	(x)	1	:	0.000000	0.000000	0.000000	0.000000	0.000000	0.008102	0.000000	0.500278	0.000000	0.000000	0.000000	0.000000	0.000000	0.000000	0.491620
135	tsk_135	(x)	1	:	0.000000	0.000000	0.007944	0.000000	0.000000	0.000000	0.000000	0.498790	0.000000	0.000000	0.000000	0.493266	0.000000	0.000000	0.000000
136	tsk_136	(x)	1	:	0.000000	0.000000	0.007909	0.000000	0.000000	0.000000	0.000000	0.498794	0.000000	0.000000	0.000000	0.493297	0.000000	0.000000	0.000000
137	tsk_137	(x)	1	:	0.000000	0.000000	0.000000	0.000000	0.000000	0.000000	0.000000	0.239888	0.000000	0.000000	0.267170	0.000000	0.492941	0.000000	0.000000
138	tsk_138	(x)	1	:	0.000000	0.000000	0.000000	0.000000	0.000000	0.000000	0.000000	1.000000	0.000000	0.000000	0.000000	0.000000	0.000000	0.000000	0.000000
139	tsk_139	(x)	1	:	0.000000	0.000000	0.007744	0.000000	0.000000	0.000000	0.000000	0.498810	0.000000	0.000000	0.000000	0.493446	0.000000	0.000000	0.000000
140	tsk_140	(x)	1	:	0.000000	0.000000	0.008163	0.000000	0.000000	0.000000	0.000000	0.498769	0.000000	0.000000	0.000000	0.493068	0.000000	0.000000	0.000000
141	tsk_141	(x)	1	:	0.480451	0.000000	0.000000	0.000000	0.000000	0.000000	0.000000	0.519549	0.000000	0.000000	0.000000	0.000000	0.000000	0.000000	0.000000
142	tsk_142	(x)	1	:	0.000000	0.000000	0.007811	0.000000	0.000000	0.000000	0.000000	0.498803	0.000000	0.000000	0.000000	0.493386	0.000000	0.000000	0.000000
143	tsk_143	(x)	1	:	0.000000	0.000000	0.008004	0.000000	0.000000	0.000000	0.000000	0.498784	0.000000	0.000000	0.000000	0.493212	0.000000	0.000000	0.000000
144	tsk_144	(x)	1	:	0.000000	0.000000	0.000000	0.000000	0.000000	0.495307	0.000000	0.504693	0.000000	0.000000	0.000000	0.000000	0.000000	0.000000	0.000000
145	tsk_145	(x)	1	:	0.000000	0.000000	0.000000	0.000000	0.000000	0.056368	0.000000	0.201028	0.000000	0.425980	0.316623	0.000000	0.000000	0.000000	0.000000
146	tsk_146	(x)	1	:	0.000000	0.000000	0.007940	0.000000	0.000000	0.007802	0.000000	0.000000	0.000000	0.000000	0.000000	0.493760	0.000000	0.000000	0.490499
147	tsk_147	(x)	1	:	0.000000	0.000000	0.007772	0.000000	0.000000	0.007895	0.000000	0.000000	0.000000	0.000000	0.000000	0.493900	0.000000	0.000000	0.490433
148	tsk_148	(x)	1	:	0.000000	0.000000	0.000000	0.000000	0.000000	0.000000	0.000000	0.000000	0.000000	0.000000	0.000000	1.000000	0.000000	0.000000	0.000000
149	tsk_149	(x)	1	:	0.000000	0.000000	0.000932	0.000000	0.000000	0.000001	0.000000	0.000000	0.000000	0.366863	0.155861	0.476342	0.000000	0.000000	0.000000
