logL = -1154.931249 (converged)
AIC = 7469.862499
BIC = 15237.301558

count.K
3 0 8 10 14 5 1 16 45 9 0 22 2 10 5 

