logL = -595.534678 (converged)
AIC = 2943.069356
BIC = 5580.385874

count.K
62 47 20 1 1 19 

