logL = -1116.371053 (converged)
AIC = 3812.742106
BIC = 6191.143988

count.K
52 6 29 39 24 

