logL = -1118.633734 (converged)
AIC = 7229.267468
BIC = 14743.813162

count.K
8 8 27 4 23 2 9 16 12 33 1 3 0 4 

