logL = -2942.516977 (converged)
AIC = 6401.033954
BIC = 7177.777860

count.K
126 24 

