0	tsk_0	(x)	1	:	0.000000	0.481191	0.000000	0.000000	0.000000	0.518809	0.000000	0.000000	0.000000	0.000000	0.000000	0.000000
1	tsk_1	(x)	1	:	0.000000	0.520516	0.000000	0.000000	0.000000	0.479484	0.000000	0.000000	0.000000	0.000000	0.000000	0.000000
2	tsk_2	(x)	1	:	0.000831	0.000000	0.000000	0.000000	0.000000	0.492295	0.506874	0.000000	0.000000	0.000000	0.000000	0.000000
3	tsk_3	(x)	1	:	0.499968	0.000000	0.000000	0.000000	0.000000	0.000000	0.000002	0.500029	0.000000	0.000000	0.000000	0.000000
4	tsk_4	(x)	1	:	0.776883	0.000000	0.000000	0.000000	0.000000	0.000000	0.000004	0.000000	0.223114	0.000000	0.000000	0.000000
5	tsk_5	(x)	1	:	0.000000	0.496070	0.000000	0.000000	0.000000	0.000000	0.000000	0.503930	0.000000	0.000000	0.000000	0.000000
6	tsk_6	(x)	1	:	0.598663	0.000000	0.401335	0.000000	0.000000	0.000000	0.000002	0.000000	0.000000	0.000000	0.000000	0.000000
7	tsk_7	(x)	1	:	0.494022	0.000000	0.000000	0.000000	0.000000	0.505869	0.000108	0.000000	0.000000	0.000000	0.000000	0.000000
8	tsk_8	(x)	1	:	0.999997	0.000000	0.000000	0.000000	0.000000	0.000000	0.000003	0.000000	0.000000	0.000000	0.000000	0.000000
9	tsk_9	(x)	1	:	0.000000	0.000000	0.000000	0.000000	0.000000	0.000000	0.000000	1.000000	0.000000	0.000000	0.000000	0.000000
10	tsk_10	(x)	1	:	0.000000	0.000000	0.000000	0.000000	1.000000	0.000000	0.000000	0.000000	0.000000	0.000000	0.000000	0.000000
11	tsk_11	(x)	1	:	0.109798	0.000000	0.000000	0.000000	0.402828	0.487358	0.000017	0.000000	0.000000	0.000000	0.000000	0.000000
12	tsk_12	(x)	1	:	0.230114	0.000000	0.000000	0.000000	0.000000	0.000000	0.000001	0.000000	0.285269	0.000000	0.000000	0.484615
13	tsk_13	(x)	1	:	0.000000	0.000000	0.000000	0.000000	0.000000	0.500783	0.000000	0.000000	0.000000	0.000000	0.499217	0.000000
14	tsk_14	(x)	1	:	0.099173	0.000000	0.000000	0.000000	0.399825	0.000000	0.000002	0.000000	0.000000	0.000000	0.501001	0.000000
15	tsk_15	(x)	1	:	0.515312	0.000000	0.000000	0.000000	0.000000	0.000000	0.000002	0.000000	0.000000	0.000000	0.000000	0.484686
16	tsk_16	(x)	1	:	0.001673	0.000000	0.000000	0.000000	0.000000	0.506245	0.000000	0.000000	0.000000	0.000000	0.000000	0.492082
17	tsk_17	(x)	1	:	0.018702	0.000000	0.000000	0.000000	0.000000	0.491769	0.000000	0.000000	0.000000	0.000000	0.000000	0.489529
18	tsk_18	(x)	1	:	0.000000	0.000000	0.000000	0.000000	0.000000	0.000000	0.000000	0.000000	0.000000	0.000000	0.000000	1.000000
19	tsk_19	(x)	1	:	0.515308	0.000000	0.000000	0.000000	0.000000	0.000000	0.000001	0.000000	0.000000	0.000000	0.000000	0.484691
20	tsk_20	(x)	1	:	0.456203	0.000000	0.000000	0.000000	0.000000	0.000000	0.000001	0.000000	0.543796	0.000000	0.000000	0.000000
21	tsk_21	(x)	1	:	0.340245	0.000000	0.000000	0.000000	0.000000	0.000000	0.000000	0.000000	0.659755	0.000000	0.000000	0.000000
22	tsk_22	(x)	1	:	0.456201	0.000000	0.000000	0.000000	0.000000	0.000000	0.000003	0.000000	0.543796	0.000000	0.000000	0.000000
23	tsk_23	(x)	1	:	0.195943	0.000000	0.000000	0.000000	0.000000	0.000000	0.000003	0.000000	0.285276	0.000000	0.518778	0.000000
24	tsk_24	(x)	1	:	0.999999	0.000000	0.000000	0.000000	0.000000	0.000000	0.000001	0.000000	0.000000	0.000000	0.000000	0.000000
25	tsk_25	(x)	1	:	0.515307	0.000000	0.000000	0.000000	0.000000	0.000000	0.000001	0.000000	0.000000	0.000000	0.000000	0.484692
26	tsk_26	(x)	1	:	0.515309	0.000000	0.000000	0.000000	0.000000	0.000000	0.000001	0.000000	0.000000	0.000000	0.000000	0.484690
27	tsk_27	(x)	1	:	0.230114	0.000000	0.000000	0.000000	0.000000	0.000000	0.000000	0.000000	0.285269	0.000000	0.000000	0.484616
28	tsk_28	(x)	1	:	0.195940	0.000000	0.000000	0.000000	0.000000	0.000000	0.000001	0.000000	0.285281	0.000000	0.518778	0.000000
29	tsk_29	(x)	1	:	0.515306	0.000000	0.000000	0.000000	0.000000	0.000000	0.000000	0.000000	0.000000	0.000000	0.000000	0.484694
30	tsk_30	(x)	1	:	0.999998	0.000000	0.000000	0.000000	0.000000	0.000000	0.000002	0.000000	0.000000	0.000000	0.000000	0.000000
31	tsk_31	(x)	1	:	0.301818	0.000000	0.000000	0.000000	0.412902	0.000000	0.000003	0.000000	0.285277	0.000000	0.000000	0.000000
32	tsk_32	(x)	1	:	0.714716	0.000000	0.000000	0.000000	0.000000	0.000000	0.000002	0.000000	0.285282	0.000000	0.000000	0.000000
33	tsk_33	(x)	1	:	0.000000	0.000000	0.000000	0.000000	0.000000	1.000000	0.000000	0.000000	0.000000	0.000000	0.000000	0.000000
34	tsk_34	(x)	1	:	0.209166	0.000000	0.000000	0.000000	0.000000	0.505844	0.000071	0.000000	0.284919	0.000000	0.000000	0.000000
35	tsk_35	(x)	1	:	0.000000	0.000000	0.000000	0.000000	0.000000	1.000000	0.000000	0.000000	0.000000	0.000000	0.000000	0.000000
36	tsk_36	(x)	1	:	0.000000	0.000000	0.000000	0.000000	0.000000	1.000000	0.000000	0.000000	0.000000	0.000000	0.000000	0.000000
37	tsk_37	(x)	1	:	0.209721	0.000000	0.000000	0.000000	0.000000	0.505157	0.000046	0.000000	0.285075	0.000000	0.000000	0.000000
38	tsk_38	(x)	1	:	0.000000	0.000000	0.000000	0.000000	0.000000	1.000000	0.000000	0.000000	0.000000	0.000000	0.000000	0.000000
39	tsk_39	(x)	1	:	0.587034	0.000000	0.000000	0.000000	0.412966	0.000000	0.000000	0.000000	0.000000	0.000000	0.000000	0.000000
40	tsk_40	(x)	1	:	0.515308	0.000000	0.000000	0.000000	0.000000	0.000000	0.000001	0.000000	0.000000	0.000000	0.000000	0.484691
41	tsk_41	(x)	1	:	0.000000	0.000000	0.000000	0.000000	0.000000	0.000000	0.000000	0.000000	0.000000	0.000000	0.000000	1.000000
42	tsk_42	(x)	1	:	0.494648	0.000000	0.000000	0.000000	0.000000	0.000000	0.000010	0.000000	0.000000	0.000000	0.505342	0.000000
43	tsk_43	(x)	1	:	0.000000	0.000000	0.000000	0.000000	0.000000	0.000000	0.000000	0.000000	0.000000	0.000000	0.000000	1.000000
44	tsk_44	(x)	1	:	0.515308	0.000000	0.000000	0.000000	0.000000	0.000000	0.000001	0.000000	0.000000	0.000000	0.000000	0.484692
45	tsk_45	(x)	1	:	0.515306	0.000000	0.000000	0.000000	0.000000	0.000000	0.000000	0.000000	0.000000	0.000000	0.000000	0.484694
46	tsk_46	(x)	1	:	0.515306	0.000000	0.000000	0.000000	0.000000	0.000000	0.000000	0.000000	0.000000	0.000000	0.000000	0.484694
47	tsk_47	(x)	1	:	0.515307	0.000000	0.000000	0.000000	0.000000	0.000000	0.000000	0.000000	0.000000	0.000000	0.000000	0.484693
48	tsk_48	(x)	1	:	0.999998	0.000000	0.000000	0.000000	0.000000	0.000000	0.000001	0.000000	0.000000	0.000000	0.000000	0.000000
49	tsk_49	(x)	1	:	0.999999	0.000000	0.000000	0.000000	0.000000	0.000000	0.000000	0.000000	0.000000	0.000000	0.000000	0.000000
50	tsk_50	(x)	1	:	0.587034	0.000000	0.000000	0.000000	0.412966	0.000000	0.000000	0.000000	0.000000	0.000000	0.000000	0.000000
51	tsk_51	(x)	1	:	0.208891	0.000000	0.000000	0.000000	0.420183	0.000000	0.000000	0.000000	0.000000	0.370926	0.000000	0.000000
52	tsk_52	(x)	1	:	0.499967	0.000000	0.000000	0.000000	0.000000	0.000000	0.000002	0.500031	0.000000	0.000000	0.000000	0.000000
53	tsk_53	(x)	1	:	0.000000	0.000000	0.000000	0.000000	0.416290	0.000000	0.000000	0.000000	0.000000	0.583710	0.000000	0.000000
54	tsk_54	(x)	1	:	0.587036	0.000000	0.000000	0.000000	0.412962	0.000000	0.000002	0.000000	0.000000	0.000000	0.000000	0.000000
55	tsk_55	(x)	1	:	0.999999	0.000000	0.000000	0.000000	0.000000	0.000000	0.000001	0.000000	0.000000	0.000000	0.000000	0.000000
56	tsk_56	(x)	1	:	0.587037	0.000000	0.000000	0.000000	0.412960	0.000000	0.000003	0.000000	0.000000	0.000000	0.000000	0.000000
57	tsk_57	(x)	1	:	0.999998	0.000000	0.000000	0.000000	0.000000	0.000000	0.000002	0.000000	0.000000	0.000000	0.000000	0.000000
58	tsk_58	(x)	1	:	0.999999	0.000000	0.000000	0.000000	0.000000	0.000000	0.000001	0.000000	0.000000	0.000000	0.000000	0.000000
59	tsk_59	(x)	1	:	0.999999	0.000000	0.000000	0.000000	0.000000	0.000000	0.000001	0.000000	0.000000	0.000000	0.000000	0.000000
60	tsk_60	(x)	1	:	0.000000	0.000000	0.000000	0.000000	0.000000	0.488738	0.000000	0.000000	0.511262	0.000000	0.000000	0.000000
61	tsk_61	(x)	1	:	0.000000	0.000000	0.000000	0.000000	0.000000	0.000000	0.000000	0.000000	0.529048	0.470952	0.000000	0.000000
62	tsk_62	(x)	1	:	0.504907	0.495093	0.000000	0.000000	0.000000	0.000000	0.000000	0.000000	0.000000	0.000000	0.000000	0.000000
63	tsk_63	(x)	1	:	0.000000	0.000000	0.000000	0.000000	0.000000	0.000000	0.000000	0.000000	0.529048	0.470952	0.000000	0.000000
64	tsk_64	(x)	1	:	0.000000	0.000000	0.000000	0.000000	0.000000	0.000000	0.000000	0.000000	1.000000	0.000000	0.000000	0.000000
65	tsk_65	(x)	1	:	0.000000	0.000000	0.000000	0.000000	0.000000	0.513428	0.000000	0.000000	0.000000	0.000000	0.486572	0.000000
66	tsk_66	(x)	1	:	0.518371	0.000000	0.000000	0.000000	0.000000	0.000000	0.000007	0.000000	0.000000	0.000000	0.481622	0.000000
67	tsk_67	(x)	1	:	0.999997	0.000000	0.000000	0.000000	0.000000	0.000000	0.000003	0.000000	0.000000	0.000000	0.000000	0.000000
68	tsk_68	(x)	1	:	0.000000	0.000000	0.000000	0.000000	0.000000	0.000000	0.000000	0.000000	0.520373	0.000000	0.479627	0.000000
69	tsk_69	(x)	1	:	0.000000	0.000000	0.000000	0.000000	0.000000	0.000000	0.000000	0.000000	1.000000	0.000000	0.000000	0.000000
70	tsk_70	(x)	1	:	1.000000	0.000000	0.000000	0.000000	0.000000	0.000000	0.000000	0.000000	0.000000	0.000000	0.000000	0.000000
71	tsk_71	(x)	1	:	0.495299	0.000000	0.000000	0.000000	0.000000	0.000000	0.000000	0.000000	0.000000	0.504701	0.000000	0.000000
72	tsk_72	(x)	1	:	0.346872	0.000000	0.000000	0.182356	0.000000	0.470727	0.000045	0.000000	0.000000	0.000000	0.000000	0.000000
73	tsk_73	(x)	1	:	0.020481	0.000000	0.000000	0.000000	0.000000	0.491682	0.000000	0.000000	0.000000	0.000000	0.000000	0.487836
74	tsk_74	(x)	1	:	0.862409	0.000000	0.000000	0.137590	0.000000	0.000000	0.000000	0.000000	0.000000	0.000000	0.000000	0.000000
75	tsk_75	(x)	1	:	0.504907	0.495093	0.000000	0.000000	0.000000	0.000000	0.000000	0.000000	0.000000	0.000000	0.000000	0.000000
76	tsk_76	(x)	1	:	0.000000	0.000000	0.000000	0.000000	0.000000	0.000000	0.000000	0.000000	0.000000	0.509757	0.000000	0.490243
77	tsk_77	(x)	1	:	0.495299	0.000000	0.000000	0.000000	0.000000	0.000000	0.000000	0.000000	0.000000	0.504701	0.000000	0.000000
78	tsk_78	(x)	1	:	0.495299	0.000000	0.000000	0.000000	0.000000	0.000000	0.000000	0.000000	0.000000	0.504701	0.000000	0.000000
79	tsk_79	(x)	1	:	0.862409	0.000000	0.000000	0.137590	0.000000	0.000000	0.000001	0.000000	0.000000	0.000000	0.000000	0.000000
80	tsk_80	(x)	1	:	0.000000	0.000000	0.000000	0.000000	0.000000	0.498209	0.501791	0.000000	0.000000	0.000000	0.000000	0.000000
81	tsk_81	(x)	1	:	0.000000	0.000000	0.000000	0.519118	0.000000	0.480882	0.000000	0.000000	0.000000	0.000000	0.000000	0.000000
82	tsk_82	(x)	1	:	0.000000	1.000000	0.000000	0.000000	0.000000	0.000000	0.000000	0.000000	0.000000	0.000000	0.000000	0.000000
83	tsk_83	(x)	1	:	0.000000	0.000000	0.000000	1.000000	0.000000	0.000000	0.000000	0.000000	0.000000	0.000000	0.000000	0.000000
84	tsk_84	(x)	1	:	0.000000	0.544522	0.000000	0.455477	0.000000	0.000000	0.000000	0.000000	0.000000	0.000000	0.000000	0.000000
85	tsk_85	(x)	1	:	0.216851	0.000000	0.305618	0.477530	0.000000	0.000000	0.000000	0.000000	0.000000	0.000000	0.000000	0.000000
86	tsk_86	(x)	1	:	0.000000	0.000000	0.000000	0.505335	0.000000	0.494665	0.000000	0.000000	0.000000	0.000000	0.000000	0.000000
87	tsk_87	(x)	1	:	0.521569	0.000000	0.000000	0.478431	0.000000	0.000000	0.000000	0.000000	0.000000	0.000000	0.000000	0.000000
88	tsk_88	(x)	1	:	0.000000	0.000000	0.000000	1.000000	0.000000	0.000000	0.000000	0.000000	0.000000	0.000000	0.000000	0.000000
89	tsk_89	(x)	1	:	0.217026	0.000000	0.305616	0.477358	0.000000	0.000000	0.000000	0.000000	0.000000	0.000000	0.000000	0.000000
90	tsk_90	(x)	1	:	0.000000	0.000000	0.000000	0.000000	1.000000	0.000000	0.000000	0.000000	0.000000	0.000000	0.000000	0.000000
91	tsk_91	(x)	1	:	0.504907	0.495093	0.000000	0.000000	0.000000	0.000000	0.000000	0.000000	0.000000	0.000000	0.000000	0.000000
92	tsk_92	(x)	1	:	0.099173	0.000000	0.000000	0.000000	0.399826	0.000000	0.000001	0.000000	0.000000	0.000000	0.501001	0.000000
93	tsk_93	(x)	1	:	0.521570	0.000000	0.000000	0.478430	0.000000	0.000000	0.000000	0.000000	0.000000	0.000000	0.000000	0.000000
94	tsk_94	(x)	1	:	0.999999	0.000000	0.000000	0.000000	0.000000	0.000000	0.000001	0.000000	0.000000	0.000000	0.000000	0.000000
95	tsk_95	(x)	1	:	0.000000	0.000000	0.000000	0.000000	0.506813	0.000000	0.493187	0.000000	0.000000	0.000000	0.000000	0.000000
96	tsk_96	(x)	1	:	0.504907	0.495093	0.000000	0.000000	0.000000	0.000000	0.000000	0.000000	0.000000	0.000000	0.000000	0.000000
97	tsk_97	(x)	1	:	0.617002	0.000000	0.000000	0.000000	0.000000	0.000000	0.382998	0.000000	0.000000	0.000000	0.000000	0.000000
98	tsk_98	(x)	1	:	0.000000	1.000000	0.000000	0.000000	0.000000	0.000000	0.000000	0.000000	0.000000	0.000000	0.000000	0.000000
99	tsk_99	(x)	1	:	0.481238	0.000000	0.000000	0.000000	0.000000	0.518762	0.000000	0.000000	0.000000	0.000000	0.000000	0.000000
100	tsk_100	(x)	1	:	0.999995	0.000000	0.000000	0.000000	0.000000	0.000000	0.000005	0.000000	0.000000	0.000000	0.000000	0.000000
101	tsk_101	(x)	1	:	0.000000	0.000000	1.000000	0.000000	0.000000	0.000000	0.000000	0.000000	0.000000	0.000000	0.000000	0.000000
102	tsk_102	(x)	1	:	0.999997	0.000000	0.000000	0.000000	0.000000	0.000000	0.000003	0.000000	0.000000	0.000000	0.000000	0.000000
103	tsk_103	(x)	1	:	0.999995	0.000000	0.000000	0.000000	0.000000	0.000000	0.000005	0.000000	0.000000	0.000000	0.000000	0.000000
104	tsk_104	(x)	1	:	0.000000	0.000000	0.000000	0.000000	0.000000	1.000000	0.000000	0.000000	0.000000	0.000000	0.000000	0.000000
105	tsk_105	(x)	1	:	0.999996	0.000000	0.000000	0.000000	0.000000	0.000000	0.000004	0.000000	0.000000	0.000000	0.000000	0.000000
106	tsk_106	(x)	1	:	0.000000	0.507442	0.000000	0.000002	0.000000	0.492556	0.000000	0.000000	0.000000	0.000000	0.000000	0.000000
107	tsk_107	(x)	1	:	1.000000	0.000000	0.000000	0.000000	0.000000	0.000000	0.000000	0.000000	0.000000	0.000000	0.000000	0.000000
108	tsk_108	(x)	1	:	0.000026	0.000000	0.434146	0.000000	0.000000	0.000000	0.000000	0.000000	0.565829	0.000000	0.000000	0.000000
109	tsk_109	(x)	1	:	1.000000	0.000000	0.000000	0.000000	0.000000	0.000000	0.000000	0.000000	0.000000	0.000000	0.000000	0.000000
110	tsk_110	(x)	1	:	0.999997	0.000000	0.000000	0.000000	0.000000	0.000000	0.000003	0.000000	0.000000	0.000000	0.000000	0.000000
111	tsk_111	(x)	1	:	0.515310	0.000000	0.000000	0.000000	0.000000	0.000000	0.000002	0.000000	0.000000	0.000000	0.000000	0.484689
112	tsk_112	(x)	1	:	0.212859	0.000000	0.000000	0.478421	0.308720	0.000000	0.000000	0.000000	0.000000	0.000000	0.000000	0.000000
113	tsk_113	(x)	1	:	0.521570	0.000000	0.000000	0.478430	0.000000	0.000000	0.000000	0.000000	0.000000	0.000000	0.000000	0.000000
114	tsk_114	(x)	1	:	0.999998	0.000000	0.000000	0.000000	0.000000	0.000000	0.000002	0.000000	0.000000	0.000000	0.000000	0.000000
115	tsk_115	(x)	1	:	0.212858	0.000000	0.000000	0.478421	0.308721	0.000000	0.000000	0.000000	0.000000	0.000000	0.000000	0.000000
116	tsk_116	(x)	1	:	0.623976	0.000000	0.000000	0.000000	0.000000	0.000000	0.000003	0.000000	0.376021	0.000000	0.000000	0.000000
117	tsk_117	(x)	1	:	0.147580	0.000000	0.000000	0.000000	0.308624	0.000000	0.000000	0.000000	0.543796	0.000000	0.000000	0.000000
118	tsk_118	(x)	1	:	0.999994	0.000000	0.000000	0.000000	0.000000	0.000000	0.000006	0.000000	0.000000	0.000000	0.000000	0.000000
119	tsk_119	(x)	1	:	0.999998	0.000000	0.000000	0.000000	0.000000	0.000000	0.000002	0.000000	0.000000	0.000000	0.000000	0.000000
120	tsk_120	(x)	1	:	0.147846	0.000000	0.000000	0.000000	0.333319	0.000000	0.000008	0.000000	0.000000	0.000000	0.518826	0.000000
121	tsk_121	(x)	1	:	0.206574	0.000000	0.000000	0.000000	0.308718	0.000000	0.000000	0.000000	0.000000	0.000000	0.000000	0.484708
122	tsk_122	(x)	1	:	0.001577	0.000000	0.000000	0.000000	0.000000	0.492269	0.506154	0.000000	0.000000	0.000000	0.000000	0.000000
123	tsk_123	(x)	1	:	0.337954	0.000000	0.000000	0.000000	0.000000	0.000000	0.000001	0.000000	0.000000	0.000000	0.000000	0.662046
124	tsk_124	(x)	1	:	0.000901	0.000000	0.000000	0.000000	0.000000	0.492293	0.506806	0.000000	0.000000	0.000000	0.000000	0.000000
125	tsk_125	(x)	1	:	0.508380	0.000000	0.000000	0.000000	0.000000	0.491526	0.000094	0.000000	0.000000	0.000000	0.000000	0.000000
126	tsk_126	(x)	1	:	0.000000	0.000000	0.000000	0.000000	0.228818	0.492790	0.278392	0.000000	0.000000	0.000000	0.000000	0.000000
127	tsk_127	(x)	1	:	0.009926	0.000000	0.000000	0.000000	0.000000	0.000000	0.000000	0.000000	0.000000	0.000000	0.505344	0.484730
128	tsk_128	(x)	1	:	0.999998	0.000000	0.000000	0.000000	0.000000	0.000000	0.000002	0.000000	0.000000	0.000000	0.000000	0.000000
129	tsk_129	(x)	1	:	0.000000	0.000000	0.000000	0.000000	0.000000	0.477169	0.251407	0.000000	0.000000	0.000000	0.000000	0.271424
130	tsk_130	(x)	1	:	0.495299	0.000000	0.000000	0.000000	0.000000	0.000000	0.000000	0.000000	0.000000	0.504701	0.000000	0.000000
131	tsk_131	(x)	1	:	0.495299	0.000000	0.000000	0.000000	0.000000	0.000000	0.000000	0.000000	0.000000	0.504701	0.000000	0.000000
132	tsk_132	(x)	1	:	0.508413	0.000000	0.000000	0.000000	0.000000	0.491525	0.000062	0.000000	0.000000	0.000000	0.000000	0.000000
133	tsk_133	(x)	1	:	0.495299	0.000000	0.000000	0.000000	0.000000	0.000000	0.000000	0.000000	0.000000	0.504701	0.000000	0.000000
134	tsk_134	(x)	1	:	0.000000	0.000000	0.000000	0.000000	0.000000	0.513428	0.000000	0.000000	0.000000	0.000000	0.486572	0.000000
135	tsk_135	(x)	1	:	0.014884	0.000000	0.000000	0.000000	0.000000	0.491957	0.000000	0.000000	0.000000	0.000000	0.000000	0.493159
136	tsk_136	(x)	1	:	0.515309	0.000000	0.000000	0.000000	0.000000	0.000000	0.000001	0.000000	0.000000	0.000000	0.000000	0.484690
137	tsk_137	(x)	1	:	1.000000	0.000000	0.000000	0.000000	0.000000	0.000000	0.000000	0.000000	0.000000	0.000000	0.000000	0.000000
138	tsk_138	(x)	1	:	0.000000	0.000000	0.000000	0.000000	0.000000	0.513428	0.000000	0.000000	0.000000	0.000000	0.486572	0.000000
139	tsk_139	(x)	1	:	0.014796	0.000000	0.000000	0.000000	0.000000	0.491961	0.000000	0.000000	0.000000	0.000000	0.000000	0.493243
140	tsk_140	(x)	1	:	0.000000	0.481191	0.000000	0.000000	0.000000	0.518809	0.000000	0.000000	0.000000	0.000000	0.000000	0.000000
141	tsk_141	(x)	1	:	1.000000	0.000000	0.000000	0.000000	0.000000	0.000000	0.000000	0.000000	0.000000	0.000000	0.000000	0.000000
142	tsk_142	(x)	1	:	0.000048	0.000000	0.000000	0.483766	0.000000	0.000000	0.000000	0.516186	0.000000	0.000000	0.000000	0.000000
143	tsk_143	(x)	1	:	0.000013	0.000000	0.000000	0.000000	0.000000	0.000000	0.000000	0.507656	0.000000	0.000000	0.000000	0.492331
144	tsk_144	(x)	1	:	0.000000	0.000000	0.000000	0.000000	0.000000	0.518597	0.000000	0.000000	0.000000	0.000000	0.000000	0.481403
145	tsk_145	(x)	1	:	0.002321	0.000000	0.000000	0.000000	0.000000	0.000000	0.000000	0.000000	0.000000	0.000000	0.518052	0.479627
146	tsk_146	(x)	1	:	0.494654	0.000000	0.000000	0.000000	0.000000	0.000000	0.000004	0.000000	0.000000	0.000000	0.505342	0.000000
147	tsk_147	(x)	1	:	0.001220	0.000000	0.000000	0.000000	0.000000	0.505294	0.000000	0.000000	0.000000	0.000000	0.000000	0.493486
148	tsk_148	(x)	1	:	0.102198	0.000000	0.000000	0.000000	0.413038	0.000000	0.000000	0.000000	0.000000	0.000000	0.000000	0.484765
149	tsk_149	(x)	1	:	0.000000	0.000000	0.000000	0.000000	0.000000	1.000000	0.000000	0.000000	0.000000	0.000000	0.000000	0.000000
