logL = -364.930660 (converged)
AIC = 4485.861320
BIC = 10139.834402

count.K
8 1 20 23 39 7 10 11 0 6 18 7 

