logL = -855.219435 (converged)
AIC = 7080.438869
BIC = 15163.994634

count.K
17 5 7 5 2 40 17 1 5 9 2 30 1 6 3 

