0	tsk_0	(x)	1	:	0.000000	0.489391	0.000000	0.000000	0.000000	0.000000	0.005881	0.008870	0.000000	0.000000	0.000002	0.486246	0.009610
1	tsk_1	(x)	1	:	0.000000	0.000000	0.000000	0.000000	0.000000	0.499995	0.000000	0.124667	0.000000	0.000000	0.000000	0.293302	0.082036
2	tsk_2	(x)	1	:	0.000000	0.498323	0.000000	0.000000	0.000000	0.501677	0.000000	0.000000	0.000000	0.000000	0.000000	0.000000	0.000000
3	tsk_3	(x)	1	:	0.000000	0.000001	0.000000	0.000000	0.000000	0.500000	0.499998	0.000000	0.000000	0.000002	0.000000	0.000000	0.000000
4	tsk_4	(x)	1	:	0.000000	0.000000	0.000000	0.000000	0.000000	0.500008	0.000000	0.013370	0.000000	0.000000	0.000000	0.486622	0.000000
5	tsk_5	(x)	1	:	0.000000	0.000000	0.000000	0.000000	0.000000	0.000000	0.000000	0.110190	0.499993	0.000000	0.000000	0.325150	0.064666
6	tsk_6	(x)	1	:	0.000000	0.487522	0.000000	0.000000	0.000000	0.000000	0.012396	0.000000	0.000000	0.000000	0.500082	0.000000	0.000000
7	tsk_7	(x)	1	:	0.000000	0.487488	0.000000	0.000000	0.000000	0.500006	0.012505	0.000000	0.000000	0.000000	0.000000	0.000000	0.000000
8	tsk_8	(x)	1	:	0.000000	0.487706	0.000000	0.000000	0.000000	0.500039	0.012254	0.000000	0.000000	0.000000	0.000000	0.000000	0.000000
9	tsk_9	(x)	1	:	0.000000	0.000000	0.000000	0.000000	0.000000	0.268625	0.000000	0.180615	0.231264	0.000000	0.000000	0.000000	0.319496
10	tsk_10	(x)	1	:	0.000000	0.000000	0.000000	0.000000	0.493500	0.000000	0.496799	0.000000	0.000000	0.000000	0.009691	0.000010	0.000000
11	tsk_11	(x)	1	:	0.000000	0.000000	0.000000	0.000000	0.000007	0.000000	0.499998	0.201516	0.000000	0.000000	0.000000	0.000000	0.298479
12	tsk_12	(x)	1	:	0.000000	0.000000	0.000000	0.000000	0.493531	0.000000	0.496782	0.000000	0.000000	0.000000	0.009686	0.000000	0.000000
13	tsk_13	(x)	1	:	0.000000	0.000000	0.000000	0.000000	1.000000	0.000000	0.000000	0.000000	0.000000	0.000000	0.000000	0.000000	0.000000
14	tsk_14	(x)	1	:	0.000001	0.000003	0.000000	0.000000	0.493505	0.000000	0.496811	0.000000	0.000000	0.000000	0.009681	0.000000	0.000000
15	tsk_15	(x)	1	:	0.000000	0.000000	0.000000	0.000000	0.000000	0.000000	1.000000	0.000000	0.000000	0.000000	0.000000	0.000000	0.000000
16	tsk_16	(x)	1	:	0.000000	0.000000	0.000000	0.000000	0.493526	0.000000	0.496779	0.000000	0.000000	0.000000	0.009695	0.000000	0.000000
17	tsk_17	(x)	1	:	0.000000	0.000000	0.000000	0.000000	0.000000	0.000000	1.000000	0.000000	0.000000	0.000000	0.000000	0.000000	0.000000
18	tsk_18	(x)	1	:	0.000000	0.000000	0.000000	0.000000	0.000000	0.000000	0.000000	0.360442	0.000000	0.000000	0.000000	0.000000	0.639558
19	tsk_19	(x)	1	:	0.000000	0.000000	0.000000	0.000000	0.493513	0.000000	0.496788	0.000002	0.000000	0.000000	0.009694	0.000000	0.000002
20	tsk_20	(x)	1	:	0.000000	0.000001	0.000000	0.000000	0.000000	0.500000	0.499998	0.000000	0.000000	0.000002	0.000000	0.000000	0.000000
21	tsk_21	(x)	1	:	0.499053	0.000000	0.000000	0.000000	0.000000	0.000000	0.499053	0.000000	0.000000	0.000000	0.000000	0.000000	0.001894
22	tsk_22	(x)	1	:	0.499982	0.000000	0.000000	0.000000	0.000013	0.000000	0.500005	0.000000	0.000000	0.000000	0.000000	0.000000	0.000000
23	tsk_23	(x)	1	:	0.000000	0.000000	0.000000	0.000000	0.000000	0.486323	0.350414	0.000000	0.000000	0.163262	0.000000	0.000000	0.000000
24	tsk_24	(x)	1	:	0.000000	0.000000	0.000000	0.000000	0.000000	0.499856	0.498269	0.000000	0.000000	0.000000	0.000000	0.000000	0.001875
25	tsk_25	(x)	1	:	0.000002	0.000000	0.000000	0.000000	0.000000	0.499995	0.000002	0.062253	0.000000	0.000000	0.000000	0.293309	0.144439
26	tsk_26	(x)	1	:	0.500000	0.000000	0.000000	0.000000	0.000000	0.500000	0.000000	0.000000	0.000000	0.000000	0.000000	0.000000	0.000000
27	tsk_27	(x)	1	:	0.000000	0.000000	0.000000	0.000000	0.000000	0.000000	0.468595	0.000000	0.000000	0.000000	0.000000	0.531405	0.000000
28	tsk_28	(x)	1	:	1.000000	0.000000	0.000000	0.000000	0.000000	0.000000	0.000000	0.000000	0.000000	0.000000	0.000000	0.000000	0.000000
29	tsk_29	(x)	1	:	0.000000	0.000000	0.000000	0.000000	0.000000	0.000000	0.500000	0.000000	0.000000	0.000000	0.500000	0.000000	0.000000
30	tsk_30	(x)	1	:	0.000000	0.000000	0.000000	0.000000	0.000000	0.000000	0.000000	0.198489	0.000000	0.466418	0.000000	0.000000	0.335092
31	tsk_31	(x)	1	:	0.000000	0.000000	0.000000	0.000000	0.000000	0.500000	0.000000	0.151895	0.000000	0.000000	0.000000	0.000000	0.348105
32	tsk_32	(x)	1	:	0.000000	0.000000	1.000000	0.000000	0.000000	0.000000	0.000000	0.000000	0.000000	0.000000	0.000000	0.000000	0.000000
33	tsk_33	(x)	1	:	0.000000	0.000001	0.000000	0.000000	0.000000	0.500000	0.499998	0.000000	0.000000	0.000002	0.000000	0.000000	0.000000
34	tsk_34	(x)	1	:	0.000000	0.487447	0.000000	0.000000	0.000000	0.000000	0.512553	0.000000	0.000000	0.000000	0.000000	0.000000	0.000000
35	tsk_35	(x)	1	:	0.000000	0.000000	0.496706	0.000000	0.000000	0.000000	0.495096	0.000017	0.000000	0.000000	0.000000	0.000000	0.008181
36	tsk_36	(x)	1	:	0.000000	0.000000	0.000000	0.000000	0.000000	0.500000	0.000000	0.076681	0.000000	0.000000	0.000000	0.000000	0.423319
37	tsk_37	(x)	1	:	0.000000	0.000000	0.000000	0.000000	0.000000	0.000000	1.000000	0.000000	0.000000	0.000000	0.000000	0.000000	0.000000
38	tsk_38	(x)	1	:	0.000000	0.000000	0.497336	0.000000	0.000000	0.000000	0.001787	0.000000	0.000000	0.000000	0.500483	0.000000	0.000394
39	tsk_39	(x)	1	:	0.000000	0.000000	0.000000	0.000000	0.000022	0.000000	0.499993	0.233502	0.000000	0.000000	0.000002	0.000000	0.266481
40	tsk_40	(x)	1	:	0.000000	0.000000	0.000000	0.000000	0.000000	0.000000	0.500000	0.000000	0.000000	0.000000	0.500000	0.000000	0.000000
41	tsk_41	(x)	1	:	0.000000	0.000000	0.000000	0.000000	0.000000	0.500000	0.000000	0.000000	0.000000	0.000000	0.500000	0.000000	0.000000
42	tsk_42	(x)	1	:	0.000000	0.530081	0.000000	0.000000	0.000000	0.000000	0.000000	0.000000	0.000000	0.000000	0.000000	0.469919	0.000000
43	tsk_43	(x)	1	:	0.000000	0.000000	0.000000	0.000000	0.000000	0.493971	0.000000	0.000000	0.000000	0.000000	0.000000	0.506029	0.000000
44	tsk_44	(x)	1	:	0.000000	0.000000	0.000000	0.000000	0.000000	0.000000	0.468595	0.000000	0.000000	0.000000	0.000000	0.531405	0.000000
45	tsk_45	(x)	1	:	0.000000	0.000000	0.000000	0.427146	0.000000	0.572854	0.000000	0.000000	0.000000	0.000000	0.000000	0.000000	0.000000
46	tsk_46	(x)	1	:	0.000000	0.000000	0.000000	0.427146	0.000000	0.572854	0.000000	0.000000	0.000000	0.000000	0.000000	0.000000	0.000000
47	tsk_47	(x)	1	:	0.000000	0.528872	0.000000	0.471126	0.000000	0.000000	0.000000	0.000000	0.000000	0.000000	0.000000	0.000002	0.000000
48	tsk_48	(x)	1	:	0.000000	0.000000	0.000000	0.479723	0.000000	0.000000	0.000000	0.000000	0.000000	0.000000	0.000000	0.520277	0.000000
49	tsk_49	(x)	1	:	0.000000	0.000000	0.000000	0.000000	0.000000	0.500000	0.000000	0.000000	0.000000	0.000000	0.500000	0.000000	0.000000
50	tsk_50	(x)	1	:	0.000000	0.000000	0.000000	0.000000	0.000000	0.000000	0.003845	0.129614	0.000000	0.000000	0.498720	0.000000	0.367820
51	tsk_51	(x)	1	:	0.000000	0.000000	0.000000	0.000000	0.000000	0.000000	0.000000	0.178613	0.000000	0.000000	0.000000	0.000000	0.821387
52	tsk_52	(x)	1	:	0.000000	0.000000	0.000000	0.000000	0.000000	0.500000	0.000000	0.145439	0.000000	0.000000	0.000000	0.000000	0.354561
53	tsk_53	(x)	1	:	0.000000	0.000000	0.000000	0.000000	0.000000	1.000000	0.000000	0.000000	0.000000	0.000000	0.000000	0.000000	0.000000
54	tsk_54	(x)	1	:	0.000000	0.000000	0.000000	0.000000	0.000000	0.000000	0.500000	0.000000	0.000000	0.000000	0.500000	0.000000	0.000000
55	tsk_55	(x)	1	:	0.000000	0.000000	0.000000	0.000000	0.000000	0.000000	0.000000	0.324779	0.000000	0.000000	0.000000	0.000000	0.675221
56	tsk_56	(x)	1	:	0.000000	0.498323	0.000000	0.000000	0.000000	0.501677	0.000000	0.000000	0.000000	0.000000	0.000000	0.000000	0.000000
57	tsk_57	(x)	1	:	0.000000	0.000000	0.000000	0.000000	0.000000	0.500000	0.000000	0.007010	0.000000	0.000000	0.000000	0.000000	0.492990
58	tsk_58	(x)	1	:	0.000000	0.000000	0.000000	0.000000	0.000000	0.500007	0.000000	0.086997	0.000000	0.202227	0.000000	0.000000	0.210769
59	tsk_59	(x)	1	:	0.000000	0.000000	0.000000	0.000000	0.000000	0.315725	0.000000	0.111002	0.183796	0.000000	0.000000	0.362494	0.026982
60	tsk_60	(x)	1	:	0.000000	0.000000	0.000000	0.000000	0.000000	0.500000	0.000000	0.083407	0.000000	0.000000	0.000000	0.000000	0.416593
61	tsk_61	(x)	1	:	0.000000	0.000000	0.000000	0.000000	0.000000	0.000000	0.001401	0.006659	0.000000	0.000000	0.499480	0.486633	0.005827
62	tsk_62	(x)	1	:	0.000000	0.000000	0.000000	0.000000	0.000000	0.500000	0.000000	0.000000	0.000000	0.000000	0.500000	0.000000	0.000000
63	tsk_63	(x)	1	:	0.000000	0.000000	0.000000	0.000000	0.000000	0.000000	0.000000	0.002956	0.000000	0.000000	0.000000	0.995315	0.001728
64	tsk_64	(x)	1	:	0.000000	0.000000	0.000000	0.000000	0.000000	0.000000	0.000000	0.000000	0.000000	0.000000	1.000000	0.000000	0.000000
65	tsk_65	(x)	1	:	0.000000	0.000000	0.000000	0.000000	0.000000	0.000000	0.000000	0.000000	0.000000	0.000000	1.000000	0.000000	0.000000
66	tsk_66	(x)	1	:	0.000000	0.000000	0.000000	0.000005	0.000000	0.234050	0.000828	0.000017	0.265667	0.000000	0.498510	0.000000	0.000923
67	tsk_67	(x)	1	:	0.000000	0.000000	0.000000	0.000000	0.000000	0.500000	0.000000	0.000000	0.000000	0.000000	0.500000	0.000000	0.000000
68	tsk_68	(x)	1	:	0.000000	0.000000	0.000000	0.000000	0.000000	0.000000	0.003397	0.058707	0.000000	0.000000	0.498869	0.000000	0.439027
69	tsk_69	(x)	1	:	0.000000	0.000000	0.000000	0.000000	0.000000	0.000000	0.000000	0.000000	0.000000	0.000000	1.000000	0.000000	0.000000
70	tsk_70	(x)	1	:	0.000000	0.498323	0.000000	0.000000	0.000000	0.501677	0.000000	0.000000	0.000000	0.000000	0.000000	0.000000	0.000000
71	tsk_71	(x)	1	:	0.000000	0.000000	0.000000	0.000000	0.000000	0.000000	0.000000	0.000000	0.000000	0.000000	1.000000	0.000000	0.000000
72	tsk_72	(x)	1	:	0.000000	0.000000	0.000000	0.000000	0.000000	0.000000	0.000000	0.200189	0.000000	0.000000	0.000000	0.000000	0.799811
73	tsk_73	(x)	1	:	0.000000	0.000000	0.000000	0.000000	0.000000	0.000000	0.003280	0.020042	0.000000	0.000000	0.498908	0.000000	0.477769
74	tsk_74	(x)	1	:	0.000000	0.487493	0.000000	0.000000	0.000000	0.000000	0.012454	0.000000	0.000000	0.000000	0.500053	0.000000	0.000000
75	tsk_75	(x)	1	:	0.000002	0.000000	0.000000	0.000000	0.000001	0.000000	0.001141	0.012823	0.000000	0.468788	0.500921	0.000000	0.016324
76	tsk_76	(x)	1	:	0.000000	0.000000	0.000000	0.516752	0.000000	0.000000	0.000000	0.014087	0.000000	0.469162	0.000000	0.000000	0.000000
77	tsk_77	(x)	1	:	0.000000	0.485421	0.000000	0.514562	0.000000	0.000000	0.000000	0.000017	0.000000	0.000000	0.000000	0.000000	0.000000
78	tsk_78	(x)	1	:	0.000000	0.000000	0.000000	0.516330	0.000000	0.000000	0.000000	0.483670	0.000000	0.000000	0.000000	0.000000	0.000000
79	tsk_79	(x)	1	:	0.000000	0.000000	0.000000	0.000000	0.000000	0.500000	0.000000	0.000000	0.000000	0.000000	0.500000	0.000000	0.000000
80	tsk_80	(x)	1	:	0.000000	0.000000	0.000000	0.000000	0.000000	0.000000	0.511716	0.002621	0.000000	0.473771	0.000000	0.000000	0.011893
81	tsk_81	(x)	1	:	0.000000	0.000000	0.000000	0.000000	0.000000	0.000000	0.500000	0.022142	0.000000	0.000000	0.000000	0.000000	0.477858
82	tsk_82	(x)	1	:	0.000000	0.000000	0.000000	0.000000	0.000000	0.000000	0.468595	0.000000	0.000000	0.000000	0.000000	0.531405	0.000000
83	tsk_83	(x)	1	:	0.000000	0.000000	0.000000	0.000000	0.000000	0.000000	0.000000	0.000000	0.000000	0.457625	0.000000	0.542375	0.000000
84	tsk_84	(x)	1	:	0.000000	0.000000	0.000000	0.000000	0.000000	0.000000	0.500000	0.000000	0.000000	0.000000	0.500000	0.000000	0.000000
85	tsk_85	(x)	1	:	0.000000	0.000000	0.000000	0.000000	0.000000	0.000000	0.500000	0.000000	0.000000	0.000000	0.500000	0.000000	0.000000
86	tsk_86	(x)	1	:	0.000000	0.000000	0.000000	0.000000	0.000000	0.503830	0.000000	0.000000	0.000000	0.496170	0.000000	0.000000	0.000000
87	tsk_87	(x)	1	:	0.000001	0.000000	0.000000	0.000000	0.000000	0.000000	0.468595	0.000000	0.000000	0.000000	0.000000	0.531403	0.000000
88	tsk_88	(x)	1	:	0.000000	0.000000	0.000000	0.000000	0.000000	0.000000	0.500009	0.000000	0.000000	0.000000	0.499973	0.000018	0.000000
89	tsk_89	(x)	1	:	0.000000	0.000001	0.000000	0.000000	0.000000	0.500000	0.499998	0.000000	0.000000	0.000002	0.000000	0.000000	0.000000
90	tsk_90	(x)	1	:	0.000000	0.000000	0.337686	0.000000	0.000000	0.162028	0.496624	0.001030	0.000000	0.000000	0.000000	0.000000	0.002631
91	tsk_91	(x)	1	:	0.000000	0.000000	0.000000	0.516318	0.000000	0.000000	0.000000	0.190383	0.000000	0.000000	0.000000	0.293299	0.000000
92	tsk_92	(x)	1	:	0.000000	0.000000	0.000000	0.000000	0.000000	0.499995	0.000000	0.102047	0.000000	0.000000	0.000000	0.293302	0.104657
93	tsk_93	(x)	1	:	0.000000	0.000000	0.000000	0.000000	0.000000	0.000000	0.000000	0.000000	0.000000	0.000000	0.000000	1.000000	0.000000
94	tsk_94	(x)	1	:	0.000000	0.000000	0.000000	0.000000	0.000000	0.499995	0.000000	0.061382	0.000000	0.000000	0.000000	0.293302	0.145322
95	tsk_95	(x)	1	:	0.000000	0.000000	0.000000	0.000000	0.000000	0.000000	0.000000	0.153732	0.000000	0.221995	0.000000	0.551212	0.073061
96	tsk_96	(x)	1	:	0.000000	0.000000	0.000000	0.000000	0.000000	0.000000	0.000000	0.000000	0.000000	0.000000	0.000000	1.000000	0.000000
97	tsk_97	(x)	1	:	0.000000	0.000000	0.000000	0.000000	0.000000	0.493971	0.000000	0.000000	0.000000	0.000000	0.000000	0.506029	0.000000
98	tsk_98	(x)	1	:	0.000000	0.000000	0.000000	0.000000	0.000000	0.000000	0.000000	0.000000	0.000000	0.000000	0.000000	1.000000	0.000000
99	tsk_99	(x)	1	:	0.000000	0.000000	0.000000	0.000000	0.000000	0.499995	0.000000	0.199714	0.000000	0.000000	0.000000	0.293302	0.006989
100	tsk_100	(x)	1	:	0.000000	0.000000	0.000000	0.000009	0.000000	0.499810	0.497789	0.000000	0.000000	0.000000	0.000000	0.000000	0.002392
101	tsk_101	(x)	1	:	0.000000	0.000000	0.000000	0.000000	0.000000	0.000000	0.500000	0.284980	0.000000	0.000000	0.000000	0.000000	0.215019
102	tsk_102	(x)	1	:	0.000000	0.000000	0.000000	0.484596	0.000000	0.000000	0.499964	0.000000	0.000000	0.000000	0.000000	0.000000	0.015440
103	tsk_103	(x)	1	:	0.000000	0.000000	0.000000	0.000000	0.000000	0.000000	1.000000	0.000000	0.000000	0.000000	0.000000	0.000000	0.000000
104	tsk_104	(x)	1	:	0.000002	0.000000	0.000000	0.000000	0.000000	0.000000	0.000002	0.298952	0.000000	0.000000	0.000000	0.000000	0.701043
105	tsk_105	(x)	1	:	0.000000	0.000000	0.000000	0.000000	0.000000	0.000000	0.500000	0.258484	0.000000	0.000000	0.000000	0.000000	0.241516
106	tsk_106	(x)	1	:	0.000000	0.000000	0.485746	0.000500	0.000000	0.000000	0.000000	0.092671	0.000000	0.000000	0.000000	0.000000	0.421083
107	tsk_107	(x)	1	:	0.000000	0.000000	0.000000	0.000000	0.000000	0.500000	0.000000	0.144287	0.000000	0.000000	0.000000	0.000000	0.355713
108	tsk_108	(x)	1	:	0.000000	0.000000	0.000000	0.484599	0.000000	0.000000	0.000000	0.096006	0.000000	0.000000	0.000000	0.000000	0.419394
109	tsk_109	(x)	1	:	0.468596	0.000000	0.000000	0.000000	0.000000	0.000000	0.000000	0.000000	0.000000	0.000000	0.000000	0.531404	0.000000
110	tsk_110	(x)	1	:	0.000000	0.000000	0.000000	0.000000	0.000000	1.000000	0.000000	0.000000	0.000000	0.000000	0.000000	0.000000	0.000000
111	tsk_111	(x)	1	:	0.000000	0.000000	0.337681	0.000000	0.000000	0.662319	0.000000	0.000000	0.000000	0.000000	0.000000	0.000000	0.000000
112	tsk_112	(x)	1	:	0.000000	0.000000	0.000000	0.000000	0.000000	1.000000	0.000000	0.000000	0.000000	0.000000	0.000000	0.000000	0.000000
113	tsk_113	(x)	1	:	0.000000	0.000000	0.000000	0.000000	0.000000	0.000000	0.003320	0.042528	0.000000	0.000000	0.498895	0.000000	0.455257
114	tsk_114	(x)	1	:	0.000004	0.000000	0.000000	0.000000	0.000000	0.000000	0.000004	0.379849	0.000000	0.000000	0.000000	0.000000	0.620142
115	tsk_115	(x)	1	:	0.000000	0.000000	0.000000	0.000000	0.000000	1.000000	0.000000	0.000000	0.000000	0.000000	0.000000	0.000000	0.000000
116	tsk_116	(x)	1	:	0.000000	0.000000	0.000000	0.000000	0.000000	0.500000	0.000000	0.000000	0.000000	0.000000	0.500000	0.000000	0.000000
117	tsk_117	(x)	1	:	0.000000	0.000000	0.000000	0.000000	0.000000	1.000000	0.000000	0.000000	0.000000	0.000000	0.000000	0.000000	0.000000
118	tsk_118	(x)	1	:	0.000000	0.000000	0.000000	0.000000	0.000000	0.499940	0.499281	0.000000	0.000000	0.000000	0.000000	0.000000	0.000779
119	tsk_119	(x)	1	:	0.000000	0.000000	0.000000	0.000000	0.000000	0.000000	0.500003	0.000000	0.000000	0.000000	0.499991	0.000005	0.000000
120	tsk_120	(x)	1	:	0.000000	0.000000	0.000000	0.000000	0.000000	0.000000	0.000000	0.183150	0.000000	0.441417	0.000000	0.000000	0.375433
121	tsk_121	(x)	1	:	0.000000	0.000000	0.000000	0.000000	0.000000	0.000000	0.000000	0.000000	0.000000	0.000000	0.482177	0.517823	0.000000
122	tsk_122	(x)	1	:	0.000000	0.000000	0.000000	0.000000	0.000000	1.000000	0.000000	0.000000	0.000000	0.000000	0.000000	0.000000	0.000000
123	tsk_123	(x)	1	:	0.000000	0.000000	0.000000	0.000000	0.000000	0.493971	0.000000	0.000000	0.000000	0.000000	0.000000	0.506029	0.000000
124	tsk_124	(x)	1	:	0.000000	0.000000	0.000000	0.000000	0.000000	0.000000	0.003147	0.048384	0.000000	0.000000	0.498948	0.000000	0.449520
125	tsk_125	(x)	1	:	0.000000	0.000000	0.000000	0.000000	0.000000	0.000000	0.000000	0.157321	0.000000	0.221995	0.000000	0.551212	0.069472
126	tsk_126	(x)	1	:	0.000000	0.000000	0.000000	0.000000	0.000000	0.000000	0.000000	0.000000	0.000000	0.395783	0.000000	0.293396	0.310821
127	tsk_127	(x)	1	:	0.000000	0.000000	0.000000	0.000000	0.000000	0.000000	0.000000	0.074822	0.000000	0.221995	0.000000	0.551212	0.151971
128	tsk_128	(x)	1	:	0.000000	0.000000	0.000000	0.000000	0.000000	0.493971	0.000000	0.000000	0.000000	0.000000	0.000000	0.506029	0.000000
129	tsk_129	(x)	1	:	0.000000	0.000000	0.000000	0.000000	0.000000	0.500008	0.000000	0.007276	0.000000	0.222014	0.000000	0.000000	0.270702
130	tsk_130	(x)	1	:	0.000000	0.000000	0.000000	0.000000	0.000000	0.000000	0.000000	0.509931	0.000000	0.000000	0.000000	0.000000	0.490069
131	tsk_131	(x)	1	:	0.000000	0.000000	0.000000	0.000000	0.000000	0.000000	0.003090	0.067368	0.000000	0.000000	0.498972	0.000000	0.430569
132	tsk_132	(x)	1	:	0.000000	0.000000	0.000000	0.000000	0.000000	0.000000	0.000000	0.106999	0.000000	0.000000	0.000000	0.000000	0.893001
133	tsk_133	(x)	1	:	0.000000	0.000000	0.000000	0.000000	0.000000	0.000000	0.000000	0.156767	0.000000	0.466418	0.000000	0.000000	0.376814
134	tsk_134	(x)	1	:	0.000000	0.000000	0.000000	0.000000	0.000000	0.499818	0.497813	0.000000	0.000000	0.000002	0.000000	0.000000	0.002367
135	tsk_135	(x)	1	:	0.000000	0.000000	0.000000	0.000000	0.000002	0.000000	0.499999	0.080844	0.000000	0.000000	0.000000	0.000000	0.419153
136	tsk_136	(x)	1	:	0.000000	0.000000	0.000000	0.000000	0.000000	0.499998	0.499978	0.000000	0.000000	0.000000	0.000000	0.000000	0.000024
137	tsk_137	(x)	1	:	0.000000	0.000000	0.000000	0.000000	0.000000	0.499781	0.497366	0.000000	0.000000	0.000000	0.000000	0.000000	0.002853
138	tsk_138	(x)	1	:	0.000000	0.000000	0.000000	0.000000	0.000000	0.000000	0.000000	0.413973	0.000000	0.000000	0.000000	0.000000	0.586027
139	tsk_139	(x)	1	:	0.000000	0.000000	0.000000	0.000000	0.000000	0.500000	0.000000	0.133328	0.000000	0.000000	0.000000	0.000000	0.366672
140	tsk_140	(x)	1	:	0.000000	0.000000	0.000000	0.000000	0.000000	0.000000	0.500000	0.000000	0.000000	0.000000	0.500000	0.000000	0.000000
141	tsk_141	(x)	1	:	0.000000	0.476743	0.000000	0.000000	0.000000	0.000000	0.000000	0.000000	0.000000	0.000000	0.000000	0.523257	0.000000
142	tsk_142	(x)	1	:	0.000000	0.476743	0.000000	0.000000	0.000000	0.000000	0.000000	0.000000	0.000000	0.000000	0.000000	0.523257	0.000000
143	tsk_143	(x)	1	:	0.000000	0.487447	0.000000	0.000000	0.000000	0.000000	0.512553	0.000000	0.000000	0.000000	0.000000	0.000000	0.000000
144	tsk_144	(x)	1	:	0.000000	0.485421	0.000000	0.514562	0.000000	0.000000	0.000000	0.000017	0.000000	0.000000	0.000000	0.000000	0.000000
145	tsk_145	(x)	1	:	0.000000	0.476743	0.000000	0.000000	0.000000	0.000000	0.000000	0.000000	0.000000	0.000000	0.000000	0.523257	0.000000
146	tsk_146	(x)	1	:	0.000000	0.000000	0.000000	0.000000	0.000000	0.000000	0.003590	0.121240	0.000000	0.000000	0.498805	0.000000	0.376365
147	tsk_147	(x)	1	:	0.000000	1.000000	0.000000	0.000000	0.000000	0.000000	0.000000	0.000000	0.000000	0.000000	0.000000	0.000000	0.000000
148	tsk_148	(x)	1	:	0.000000	1.000000	0.000000	0.000000	0.000000	0.000000	0.000000	0.000000	0.000000	0.000000	0.000000	0.000000	0.000000
149	tsk_149	(x)	1	:	0.000000	0.000000	0.000000	0.000000	0.000000	0.000000	0.500000	0.000000	0.000000	0.000000	0.500000	0.000000	0.000000
