logL = -1466.136630 (converged)
AIC = 7384.273261
BIC = 14085.947425

count.K
5 9 8 26 11 11 24 5 34 1 1 15 

