logL = -1358.508358 (converged)
AIC = 5891.016717
BIC = 10668.894928

count.K
15 25 12 22 12 21 5 15 23 

