logL = -1606.914111 (converged)
AIC = 6495.828223
BIC = 11436.280740

count.K
27 34 28 20 5 14 9 13 0 

