logL = -887.955629 (converged)
AIC = 6233.911258
BIC = 12944.617329

count.K
12 0 11 7 7 15 14 7 29 34 10 3 1 

