logL = -1615.853044 (converged)
AIC = 8053.706089
BIC = 15312.347783

count.K
5 7 20 4 14 0 14 14 17 19 14 6 16 

