logL = -925.169747 (converged)
AIC = 5170.339493
BIC = 10167.994082

count.K
14 72 1 0 14 1 9 32 6 1 

