logL = -1341.981036 (converged)
AIC = 8023.962073
BIC = 16062.358308

count.K
19 0 2 65 16 1 1 0 3 5 2 18 8 9 1 

