logL = -922.717071 (converged)
AIC = 3089.434141
BIC = 4962.049294

count.K
108 17 10 15 

