logL = -648.743717 (converged)
AIC = 2405.487433
BIC = 4073.379386

count.K
33 40 25 52 

