logL = -1464.189019 (converged)
AIC = 4944.378038
BIC = 7979.098414

count.K
5 28 63 30 12 12 

