logL = -1117.640333 (converged)
AIC = 4511.280666
BIC = 7937.383631

count.K
48 9 20 25 16 9 23 

