logL = -1766.588065 (converged)
AIC = 8153.176131
BIC = 15107.743660

count.K
8 11 14 36 12 17 3 11 3 1 13 21 

