logL = -1563.914910 (converged)
AIC = 8707.829820
BIC = 17107.502290

count.K
27 6 28 0 11 7 9 8 8 12 15 0 12 1 6 

