logL = -1868.202298 (converged)
AIC = 7748.404597
BIC = 13787.738996

count.K
7 1 0 76 8 18 14 12 2 10 2 

