logL = -763.798099 (converged)
AIC = 4847.596198
BIC = 9845.250786

count.K
31 10 2 49 12 11 13 18 3 1 

