logL = -1231.481385 (converged)
AIC = 7426.962771
BIC = 14899.359571

count.K
5 31 5 2 23 4 4 6 13 12 6 7 6 26 

