0	tsk_0	(x)	1	:	0.000000	0.000000	0.000000	0.000000	1.000000	0.000000	0.000000	0.000000	0.000000	0.000000
1	tsk_1	(x)	1	:	0.000000	0.000000	0.000000	0.000000	0.000000	0.000000	0.000000	0.000000	0.000000	1.000000
2	tsk_2	(x)	1	:	0.000000	0.000000	0.603948	0.000002	0.000000	0.000000	0.000000	0.000000	0.000000	0.396051
3	tsk_3	(x)	1	:	0.457251	0.000000	0.542749	0.000000	0.000000	0.000000	0.000000	0.000000	0.000000	0.000000
4	tsk_4	(x)	1	:	0.000000	0.000000	0.000000	0.000000	0.000000	0.000000	0.000000	0.000000	0.000000	1.000000
5	tsk_5	(x)	1	:	0.458042	0.000000	0.144449	0.000000	0.000000	0.000016	0.000000	0.000000	0.000000	0.397492
6	tsk_6	(x)	1	:	0.000000	0.000000	0.000020	0.000000	0.480720	0.000003	0.000000	0.000000	0.000000	0.519257
7	tsk_7	(x)	1	:	0.000000	0.000000	0.103301	0.000000	0.500092	0.000000	0.000000	0.000000	0.000000	0.396607
8	tsk_8	(x)	1	:	0.000000	0.000000	0.499997	0.000000	0.500003	0.000000	0.000000	0.000000	0.000000	0.000000
9	tsk_9	(x)	1	:	0.000000	0.000000	0.000000	0.000000	1.000000	0.000000	0.000000	0.000000	0.000000	0.000000
10	tsk_10	(x)	1	:	0.000000	0.000000	0.000000	0.000000	0.000000	0.000000	0.000000	0.000000	1.000000	0.000000
11	tsk_11	(x)	1	:	0.000000	0.000000	0.999999	0.000001	0.000000	0.000000	0.000000	0.000000	0.000000	0.000000
12	tsk_12	(x)	1	:	0.000000	0.000000	0.507360	0.000000	0.000000	0.000000	0.492640	0.000000	0.000000	0.000000
13	tsk_13	(x)	1	:	0.000000	0.000000	0.521997	0.000002	0.000000	0.000000	0.000000	0.000000	0.478001	0.000000
14	tsk_14	(x)	1	:	0.000000	0.000000	0.507359	0.000001	0.000000	0.000000	0.492640	0.000000	0.000000	0.000000
15	tsk_15	(x)	1	:	0.000000	0.000000	0.022391	0.000000	0.000000	0.000000	0.493614	0.000000	0.483995	0.000000
16	tsk_16	(x)	1	:	0.000000	0.000000	0.522000	0.000003	0.000000	0.000000	0.000000	0.000000	0.477997	0.000000
17	tsk_17	(x)	1	:	0.000000	0.000000	0.000000	0.000000	0.000000	0.000000	1.000000	0.000000	0.000000	0.000000
18	tsk_18	(x)	1	:	0.000000	0.000000	1.000000	0.000000	0.000000	0.000000	0.000000	0.000000	0.000000	0.000000
19	tsk_19	(x)	1	:	0.000000	0.000000	0.023146	0.000000	0.000000	0.000000	0.493540	0.000000	0.483314	0.000000
20	tsk_20	(x)	1	:	0.000000	0.000000	0.554004	0.445991	0.000000	0.000004	0.000000	0.000000	0.000000	0.000000
21	tsk_21	(x)	1	:	0.000000	0.000027	0.514660	0.000005	0.000000	0.000002	0.000000	0.485305	0.000000	0.000000
22	tsk_22	(x)	1	:	0.000000	0.000000	0.226690	0.000000	0.000000	0.000000	0.000000	0.485328	0.000000	0.287982
23	tsk_23	(x)	1	:	0.000000	0.000007	0.514664	0.000004	0.000000	0.000000	0.000000	0.485326	0.000000	0.000000
24	tsk_24	(x)	1	:	0.000000	0.000000	0.159693	0.445224	0.000000	0.000006	0.000000	0.000000	0.000000	0.395077
25	tsk_25	(x)	1	:	0.000000	0.000000	0.000000	0.000000	0.000000	0.000000	0.499517	0.500483	0.000000	0.000000
26	tsk_26	(x)	1	:	0.000000	0.000000	0.514664	0.000003	0.000000	0.000000	0.000000	0.485333	0.000000	0.000000
27	tsk_27	(x)	1	:	0.000000	0.000000	0.226688	0.000000	0.000000	0.000000	0.000000	0.485328	0.000000	0.287984
28	tsk_28	(x)	1	:	0.000000	0.000000	1.000000	0.000000	0.000000	0.000000	0.000000	0.000000	0.000000	0.000000
29	tsk_29	(x)	1	:	0.000000	0.000014	0.514663	0.000005	0.000000	0.000000	0.000000	0.485319	0.000000	0.000000
30	tsk_30	(x)	1	:	0.000000	0.506262	0.493727	0.000008	0.000000	0.000003	0.000000	0.000000	0.000000	0.000000
31	tsk_31	(x)	1	:	0.000000	0.000000	0.000004	0.403856	0.102458	0.000000	0.493682	0.000000	0.000000	0.000000
32	tsk_32	(x)	1	:	0.000000	0.000000	0.103322	0.000000	0.500089	0.000000	0.000000	0.000000	0.000000	0.396588
33	tsk_33	(x)	1	:	0.000000	0.000000	0.114206	0.000000	0.104867	0.000000	0.497761	0.000000	0.000000	0.283165
34	tsk_34	(x)	1	:	0.000000	0.000000	0.000000	0.000000	0.000000	0.000000	0.000000	0.000000	0.000000	1.000000
35	tsk_35	(x)	1	:	0.000000	0.000000	0.217034	0.000000	0.499941	0.000000	0.000000	0.000000	0.000000	0.283026
36	tsk_36	(x)	1	:	0.000000	0.482032	0.000000	0.517968	0.000000	0.000000	0.000000	0.000000	0.000000	0.000000
37	tsk_37	(x)	1	:	0.000000	0.000000	0.000000	0.526167	0.000000	0.000000	0.473833	0.000000	0.000000	0.000000
38	tsk_38	(x)	1	:	0.000000	0.000000	0.000687	0.000000	0.104912	0.000000	0.497833	0.000000	0.000000	0.396568
39	tsk_39	(x)	1	:	0.000000	0.000000	0.394870	0.000006	0.000000	0.000000	0.000000	0.000000	0.000000	0.605124
40	tsk_40	(x)	1	:	0.000000	0.000025	0.514661	0.000007	0.000000	0.000000	0.000000	0.485308	0.000000	0.000000
41	tsk_41	(x)	1	:	0.000000	0.000000	0.499997	0.000000	0.500003	0.000000	0.000000	0.000000	0.000000	0.000000
42	tsk_42	(x)	1	:	0.000000	0.000000	0.117803	0.000000	0.000000	0.000000	0.000000	0.485366	0.000000	0.396831
43	tsk_43	(x)	1	:	0.000000	0.000000	0.711919	0.000002	0.000000	0.000000	0.000000	0.000000	0.000000	0.288079
44	tsk_44	(x)	1	:	0.000000	0.000000	0.999998	0.000002	0.000000	0.000000	0.000000	0.000000	0.000000	0.000000
45	tsk_45	(x)	1	:	0.000000	0.000029	0.514663	0.000002	0.000000	0.000003	0.000000	0.485304	0.000000	0.000000
46	tsk_46	(x)	1	:	0.000000	0.000000	0.387715	0.000002	0.000000	0.000000	0.000000	0.000000	0.000000	0.612283
47	tsk_47	(x)	1	:	0.000000	0.000000	0.006964	0.000000	0.000000	0.993036	0.000000	0.000000	0.000000	0.000000
48	tsk_48	(x)	1	:	0.000000	0.000000	1.000000	0.000000	0.000000	0.000000	0.000000	0.000000	0.000000	0.000000
49	tsk_49	(x)	1	:	0.000000	0.000000	0.603947	0.000005	0.000000	0.000000	0.000000	0.000000	0.000000	0.396048
50	tsk_50	(x)	1	:	0.485813	0.000000	0.000006	0.000000	0.000000	0.000000	0.000000	0.514181	0.000000	0.000000
51	tsk_51	(x)	1	:	0.494624	0.505371	0.000005	0.000000	0.000000	0.000000	0.000000	0.000000	0.000000	0.000000
52	tsk_52	(x)	1	:	0.000000	0.000000	1.000000	0.000000	0.000000	0.000000	0.000000	0.000000	0.000000	0.000000
53	tsk_53	(x)	1	:	0.000000	0.000000	0.999999	0.000000	0.000000	0.000000	0.000000	0.000000	0.000000	0.000000
54	tsk_54	(x)	1	:	0.997430	0.000000	0.002570	0.000000	0.000000	0.000000	0.000000	0.000000	0.000000	0.000000
55	tsk_55	(x)	1	:	0.000000	0.000000	0.484644	0.000004	0.000000	0.000000	0.000000	0.515352	0.000000	0.000000
56	tsk_56	(x)	1	:	0.998875	0.000000	0.001125	0.000000	0.000000	0.000000	0.000000	0.000000	0.000000	0.000000
57	tsk_57	(x)	1	:	0.000000	0.000000	1.000000	0.000000	0.000000	0.000000	0.000000	0.000000	0.000000	0.000000
58	tsk_58	(x)	1	:	0.000000	0.000000	0.484641	0.000005	0.000000	0.000002	0.000000	0.515352	0.000000	0.000000
59	tsk_59	(x)	1	:	0.000000	0.000000	1.000000	0.000000	0.000000	0.000000	0.000000	0.000000	0.000000	0.000000
60	tsk_60	(x)	1	:	0.000000	0.000013	0.000000	0.000000	0.513403	0.000000	0.000000	0.486584	0.000000	0.000000
61	tsk_61	(x)	1	:	0.000000	0.000000	0.000000	0.000000	0.469455	0.000000	0.000000	0.000000	0.530545	0.000000
62	tsk_62	(x)	1	:	0.000000	0.000000	0.507358	0.000002	0.000000	0.000000	0.492640	0.000000	0.000000	0.000000
63	tsk_63	(x)	1	:	0.000000	0.000000	0.003710	0.000000	0.000000	0.000000	0.520921	0.000000	0.475369	0.000000
64	tsk_64	(x)	1	:	0.000000	0.000000	0.004121	0.000000	0.000000	0.000000	0.000000	0.515590	0.480289	0.000000
65	tsk_65	(x)	1	:	0.000000	0.000000	0.499997	0.000000	0.500003	0.000000	0.000000	0.000000	0.000000	0.000000
66	tsk_66	(x)	1	:	0.000000	0.000000	0.499997	0.000000	0.500003	0.000000	0.000000	0.000000	0.000000	0.000000
67	tsk_67	(x)	1	:	0.000000	0.000000	0.024039	0.000000	0.000000	0.000000	0.493452	0.000000	0.482509	0.000000
68	tsk_68	(x)	1	:	0.000000	0.000000	1.000000	0.000000	0.000000	0.000000	0.000000	0.000000	0.000000	0.000000
69	tsk_69	(x)	1	:	0.000000	0.000000	0.000000	0.000000	0.000000	0.000000	1.000000	0.000000	0.000000	0.000000
70	tsk_70	(x)	1	:	0.502384	0.000000	0.000145	0.000000	0.497471	0.000000	0.000000	0.000000	0.000000	0.000000
71	tsk_71	(x)	1	:	0.000000	0.000000	1.000000	0.000000	0.000000	0.000000	0.000000	0.000000	0.000000	0.000000
72	tsk_72	(x)	1	:	0.000000	0.000000	0.603935	0.000007	0.000000	0.000000	0.000000	0.000000	0.000000	0.396058
73	tsk_73	(x)	1	:	0.000000	0.000000	1.000000	0.000000	0.000000	0.000000	0.000000	0.000000	0.000000	0.000000
74	tsk_74	(x)	1	:	0.000000	0.000000	0.522001	0.000004	0.000000	0.000000	0.000000	0.000000	0.477995	0.000000
75	tsk_75	(x)	1	:	0.000000	0.000000	0.000001	0.000000	0.000000	0.660385	0.000000	0.000000	0.000000	0.339614
76	tsk_76	(x)	1	:	0.528590	0.000000	0.471410	0.000000	0.000000	0.000000	0.000000	0.000000	0.000000	0.000000
77	tsk_77	(x)	1	:	0.000000	0.000000	0.000000	0.000000	0.000000	0.000000	0.000000	0.000000	1.000000	0.000000
78	tsk_78	(x)	1	:	0.000000	0.000000	0.521986	0.000000	0.000000	0.000000	0.000000	0.000000	0.478014	0.000000
79	tsk_79	(x)	1	:	0.000000	0.000000	0.999999	0.000001	0.000000	0.000000	0.000000	0.000000	0.000000	0.000000
80	tsk_80	(x)	1	:	0.000000	0.000000	0.035805	0.461646	0.502545	0.000005	0.000000	0.000000	0.000000	0.000000
81	tsk_81	(x)	1	:	0.000000	0.000000	0.000000	0.000000	1.000000	0.000000	0.000000	0.000000	0.000000	0.000000
82	tsk_82	(x)	1	:	0.000000	0.000000	1.000000	0.000000	0.000000	0.000000	0.000000	0.000000	0.000000	0.000000
83	tsk_83	(x)	1	:	0.000000	0.000000	0.499997	0.000000	0.500003	0.000000	0.000000	0.000000	0.000000	0.000000
84	tsk_84	(x)	1	:	0.000000	0.000000	0.019046	0.000000	0.500831	0.000000	0.000000	0.000000	0.480124	0.000000
85	tsk_85	(x)	1	:	0.000000	0.000019	0.028540	0.000000	0.000000	0.000001	0.000000	0.485791	0.485648	0.000000
86	tsk_86	(x)	1	:	0.000000	0.505750	0.000000	0.000000	0.494249	0.000000	0.000000	0.000000	0.000000	0.000000
87	tsk_87	(x)	1	:	0.000000	0.000000	0.019500	0.000000	0.500767	0.000000	0.000000	0.000000	0.479734	0.000000
88	tsk_88	(x)	1	:	0.502309	0.000000	0.000228	0.000000	0.497463	0.000000	0.000000	0.000000	0.000000	0.000000
89	tsk_89	(x)	1	:	0.000000	0.000000	0.499997	0.000000	0.500003	0.000000	0.000000	0.000000	0.000000	0.000000
90	tsk_90	(x)	1	:	0.000000	0.000000	0.603945	0.000003	0.000000	0.000000	0.000000	0.000000	0.000000	0.396052
91	tsk_91	(x)	1	:	0.000000	0.000000	0.000008	0.000000	0.480722	0.000000	0.000000	0.000000	0.000000	0.519270
92	tsk_92	(x)	1	:	0.000000	0.506249	0.097989	0.000000	0.000000	0.000021	0.000000	0.000000	0.000000	0.395741
93	tsk_93	(x)	1	:	0.000000	0.506261	0.493730	0.000005	0.000000	0.000004	0.000000	0.000000	0.000000	0.000000
94	tsk_94	(x)	1	:	0.000000	0.000000	0.000000	0.000000	0.480724	0.000000	0.000000	0.000000	0.000000	0.519276
95	tsk_95	(x)	1	:	0.000000	0.000000	0.603935	0.000004	0.000000	0.000000	0.000000	0.000000	0.000000	0.396061
96	tsk_96	(x)	1	:	0.000000	0.000000	0.507357	0.000002	0.000000	0.000000	0.492640	0.000000	0.000000	0.000000
97	tsk_97	(x)	1	:	0.000000	0.000000	0.499997	0.000000	0.500003	0.000000	0.000000	0.000000	0.000000	0.000000
98	tsk_98	(x)	1	:	0.000000	0.505750	0.000000	0.000000	0.494249	0.000000	0.000000	0.000000	0.000000	0.000000
99	tsk_99	(x)	1	:	0.000000	0.508803	0.000000	0.000000	0.000000	0.000000	0.491197	0.000000	0.000000	0.000000
100	tsk_100	(x)	1	:	0.000000	0.999921	0.000000	0.000000	0.000000	0.000000	0.000000	0.000079	0.000000	0.000000
101	tsk_101	(x)	1	:	0.000000	0.000000	1.000000	0.000000	0.000000	0.000000	0.000000	0.000000	0.000000	0.000000
102	tsk_102	(x)	1	:	0.000000	0.488402	0.022048	0.000000	0.000000	0.000001	0.000000	0.002465	0.487083	0.000000
103	tsk_103	(x)	1	:	0.409690	0.000000	0.089975	0.000000	0.500323	0.000012	0.000000	0.000000	0.000000	0.000000
104	tsk_104	(x)	1	:	0.000000	0.487809	0.509643	0.000009	0.000000	0.000001	0.000000	0.002538	0.000000	0.000000
105	tsk_105	(x)	1	:	0.000000	0.487810	0.509642	0.000007	0.000000	0.000004	0.000000	0.002537	0.000000	0.000000
106	tsk_106	(x)	1	:	0.000000	0.000000	0.000000	0.000000	1.000000	0.000000	0.000000	0.000000	0.000000	0.000000
107	tsk_107	(x)	1	:	0.000000	0.488258	0.112991	0.000000	0.000000	0.000000	0.000000	0.002092	0.000000	0.396659
108	tsk_108	(x)	1	:	0.000000	0.000000	0.521993	0.000000	0.000000	0.000000	0.000000	0.000000	0.478007	0.000000
109	tsk_109	(x)	1	:	0.000000	0.000000	0.999998	0.000001	0.000000	0.000000	0.000000	0.000000	0.000000	0.000000
110	tsk_110	(x)	1	:	0.000000	0.000000	0.000000	0.000000	0.000000	0.000000	1.000000	0.000000	0.000000	0.000000
111	tsk_111	(x)	1	:	0.000000	0.000000	0.342295	0.000004	0.000000	0.000000	0.000000	0.000000	0.657701	0.000000
112	tsk_112	(x)	1	:	0.000000	0.000000	0.507360	0.000000	0.000000	0.000000	0.492640	0.000000	0.000000	0.000000
113	tsk_113	(x)	1	:	0.000000	0.000000	0.022797	0.000000	0.000000	0.000000	0.493574	0.000000	0.483629	0.000000
114	tsk_114	(x)	1	:	0.000000	0.000000	0.000000	0.000000	0.000000	0.000000	0.000000	0.000000	1.000000	0.000000
115	tsk_115	(x)	1	:	0.000000	0.000000	0.342295	0.000003	0.000000	0.000004	0.000000	0.000000	0.657698	0.000000
116	tsk_116	(x)	1	:	0.000000	0.000000	1.000000	0.000000	0.000000	0.000000	0.000000	0.000000	0.000000	0.000000
117	tsk_117	(x)	1	:	0.000000	0.000000	0.480186	0.000002	0.000000	0.000000	0.519812	0.000000	0.000000	0.000000
118	tsk_118	(x)	1	:	0.000000	0.000000	0.000000	0.000000	0.000000	0.000000	1.000000	0.000000	0.000000	0.000000
119	tsk_119	(x)	1	:	0.000000	0.000000	0.521998	0.000003	0.000000	0.000000	0.000000	0.000000	0.477999	0.000000
120	tsk_120	(x)	1	:	0.000000	0.000000	0.521994	0.000002	0.000000	0.000000	0.000000	0.000000	0.478003	0.000000
121	tsk_121	(x)	1	:	0.000000	0.000000	1.000000	0.000000	0.000000	0.000000	0.000000	0.000000	0.000000	0.000000
122	tsk_122	(x)	1	:	0.000000	0.000000	0.521979	0.000002	0.000000	0.000000	0.000000	0.000000	0.478020	0.000000
123	tsk_123	(x)	1	:	0.000000	0.000000	1.000000	0.000000	0.000000	0.000000	0.000000	0.000000	0.000000	0.000000
124	tsk_124	(x)	1	:	0.000000	0.000000	0.521981	0.000002	0.000000	0.000000	0.000000	0.000000	0.478017	0.000000
125	tsk_125	(x)	1	:	0.000000	0.000000	0.521995	0.000000	0.000000	0.000000	0.000000	0.000000	0.478005	0.000000
126	tsk_126	(x)	1	:	0.000000	0.000000	0.521998	0.000000	0.000000	0.000000	0.000000	0.000000	0.478002	0.000000
127	tsk_127	(x)	1	:	0.000000	0.000000	0.521998	0.000000	0.000000	0.000000	0.000000	0.000000	0.478002	0.000000
128	tsk_128	(x)	1	:	0.000000	0.000000	0.499997	0.000000	0.500003	0.000000	0.000000	0.000000	0.000000	0.000000
129	tsk_129	(x)	1	:	0.000000	0.000000	1.000000	0.000000	0.000000	0.000000	0.000000	0.000000	0.000000	0.000000
130	tsk_130	(x)	1	:	0.000000	0.000000	0.002893	0.480175	0.000000	0.000006	0.000000	0.516926	0.000000	0.000000
131	tsk_131	(x)	1	:	0.000000	0.000000	0.000000	0.000000	0.000000	0.000000	0.000000	1.000000	0.000000	0.000000
132	tsk_132	(x)	1	:	0.000000	0.000000	0.484643	0.000004	0.000000	0.000000	0.000000	0.515352	0.000000	0.000000
133	tsk_133	(x)	1	:	0.000000	0.000000	0.000000	0.000000	0.506031	0.000000	0.493969	0.000000	0.000000	0.000000
134	tsk_134	(x)	1	:	0.000000	0.000000	0.484642	0.000005	0.000000	0.000000	0.000000	0.515352	0.000000	0.000000
135	tsk_135	(x)	1	:	0.000000	0.000000	0.000000	0.000000	0.000000	0.000000	0.000000	1.000000	0.000000	0.000000
136	tsk_136	(x)	1	:	0.000000	0.000000	1.000000	0.000000	0.000000	0.000000	0.000000	0.000000	0.000000	0.000000
137	tsk_137	(x)	1	:	0.000000	0.000000	0.499997	0.000000	0.500003	0.000000	0.000000	0.000000	0.000000	0.000000
138	tsk_138	(x)	1	:	0.000000	0.000000	0.000000	0.000000	0.506031	0.000000	0.493969	0.000000	0.000000	0.000000
139	tsk_139	(x)	1	:	0.000000	0.000000	0.000000	0.000000	0.506031	0.000000	0.493969	0.000000	0.000000	0.000000
140	tsk_140	(x)	1	:	0.000000	0.000000	1.000000	0.000000	0.000000	0.000000	0.000000	0.000000	0.000000	0.000000
141	tsk_141	(x)	1	:	0.000000	0.506261	0.493733	0.000006	0.000000	0.000000	0.000000	0.000000	0.000000	0.000000
142	tsk_142	(x)	1	:	0.000000	0.506262	0.493729	0.000010	0.000000	0.000000	0.000000	0.000000	0.000000	0.000000
143	tsk_143	(x)	1	:	0.000000	0.506262	0.493728	0.000007	0.000000	0.000004	0.000000	0.000000	0.000000	0.000000
144	tsk_144	(x)	1	:	0.000000	0.506262	0.493726	0.000012	0.000000	0.000000	0.000000	0.000000	0.000000	0.000000
145	tsk_145	(x)	1	:	0.000000	0.506258	0.205732	0.000000	0.000000	0.000000	0.000000	0.000000	0.000000	0.288010
146	tsk_146	(x)	1	:	0.000000	0.000000	0.000000	1.000000	0.000000	0.000000	0.000000	0.000000	0.000000	0.000000
147	tsk_147	(x)	1	:	0.000000	0.000000	0.999998	0.000002	0.000000	0.000000	0.000000	0.000000	0.000000	0.000000
148	tsk_148	(x)	1	:	0.000000	0.000000	1.000000	0.000000	0.000000	0.000000	0.000000	0.000000	0.000000	0.000000
149	tsk_149	(x)	1	:	0.000000	0.507955	0.008000	0.484029	0.000000	0.000016	0.000000	0.000000	0.000000	0.000000
