logL = -824.054627 (converged)
AIC = 4660.109253
BIC = 9194.126006

count.K
22 2 1 47 10 0 26 30 12 

