logL = -737.233472 (converged)
AIC = 3666.466944
BIC = 6966.123227

count.K
12 29 91 2 6 7 3 

