logL = -1786.308441 (converged)
AIC = 4000.616882
BIC = 4644.892835

count.K
61 89 

