logL = -705.068439 (converged)
AIC = 3990.136878
BIC = 7873.856407

count.K
8 8 14 21 37 36 12 14 

