logL = -2823.833638 (converged)
AIC = 6529.667276
BIC = 7857.357441

count.K
55 81 14 

