logL = -865.934233 (converged)
AIC = 5991.868467
BIC = 12404.521643

count.K
5 5 10 51 4 2 30 14 9 3 4 13 

