logL = -998.995473 (converged)
AIC = 5357.990947
BIC = 10415.858241

count.K
18 3 27 22 14 21 3 27 13 2 

