logL = -1295.371318 (converged)
AIC = 4546.742636
BIC = 7491.143954

count.K
51 13 32 12 32 10 

