logL = -1433.194019 (converged)
AIC = 6184.388037
BIC = 11179.031990

count.K
1 2 10 13 25 25 24 23 27 

