logL = -783.579566 (converged)
AIC = 4543.159132
BIC = 9022.984449

count.K
4 29 1 3 11 11 13 72 6 

