logL = -1389.873600 (converged)
AIC = 3991.747200
BIC = 5816.192188

count.K
89 35 21 5 

