logL = -1770.252920 (converged)
AIC = 5180.505840
BIC = 7649.226781

count.K
17 94 6 12 21 

