logL = -1319.217879 (converged)
AIC = 5442.435759
BIC = 9663.346441

count.K
27 6 2 7 22 34 33 19 

