logL = -895.578988 (converged)
AIC = 6223.157976
BIC = 12894.725787

count.K
0 9 25 13 26 0 5 22 11 1 6 10 22 

