0	tsk_0	(x)	1	:	0.000000	0.000000	0.000000	0.248372	0.000000	0.000000	0.000000	0.544855	0.000000	0.206773
1	tsk_1	(x)	1	:	0.000000	0.000000	0.000000	0.000000	0.000000	0.000000	0.000000	0.540287	0.458778	0.000934
2	tsk_2	(x)	1	:	0.000110	0.456512	0.000000	0.000000	0.000000	0.000000	0.000000	0.543351	0.000000	0.000027
3	tsk_3	(x)	1	:	0.000000	0.561131	0.000000	0.000000	0.000000	0.000000	0.000000	0.438869	0.000000	0.000000
4	tsk_4	(x)	1	:	0.000000	0.000000	0.000000	0.000000	0.000000	0.000000	0.000000	0.540300	0.458812	0.000887
5	tsk_5	(x)	1	:	0.000000	0.000000	0.000000	0.564395	0.000000	0.000000	0.000000	0.000000	0.000000	0.435605
6	tsk_6	(x)	1	:	0.000000	0.000000	0.000000	0.248372	0.000000	0.000000	0.000000	0.544855	0.000000	0.206773
7	tsk_7	(x)	1	:	0.000000	0.286321	0.000000	0.221746	0.000000	0.000000	0.000000	0.491932	0.000000	0.000000
8	tsk_8	(x)	1	:	0.000110	0.456518	0.000000	0.000000	0.000000	0.000000	0.000000	0.543355	0.000000	0.000017
9	tsk_9	(x)	1	:	0.000000	0.000000	0.000000	0.564395	0.000000	0.000000	0.000000	0.000000	0.000000	0.435605
10	tsk_10	(x)	1	:	0.000000	0.000000	0.000000	0.000000	0.000000	0.000000	0.371748	0.000000	0.000000	0.628252
11	tsk_11	(x)	1	:	0.000000	0.000000	0.000000	0.248401	0.000000	0.000000	0.371674	0.000000	0.000000	0.379925
12	tsk_12	(x)	1	:	0.000000	0.000000	0.000000	0.000000	0.000000	0.000000	0.530447	0.000000	0.000000	0.469553
13	tsk_13	(x)	1	:	0.000000	0.000000	0.000000	0.745371	0.000000	0.000000	0.000000	0.000000	0.000000	0.254629
14	tsk_14	(x)	1	:	0.412274	0.000000	0.000000	0.000000	0.000000	0.000000	0.371658	0.000000	0.000000	0.216068
15	tsk_15	(x)	1	:	0.000000	0.000000	0.000000	0.506214	0.000000	0.000000	0.000000	0.000000	0.000000	0.493786
16	tsk_16	(x)	1	:	0.000000	0.000000	0.000000	0.745371	0.000000	0.000000	0.000000	0.000000	0.000000	0.254629
17	tsk_17	(x)	1	:	0.000000	0.000000	0.000000	0.506163	0.000000	0.000000	0.000000	0.385310	0.000000	0.108527
18	tsk_18	(x)	1	:	0.000000	0.000000	0.000000	0.509471	0.000000	0.000000	0.000000	0.000000	0.484213	0.006316
19	tsk_19	(x)	1	:	0.000000	0.000000	0.000000	0.248373	0.000000	0.000000	0.530377	0.000000	0.000000	0.221250
20	tsk_20	(x)	1	:	0.000000	0.000000	0.000000	0.000000	1.000000	0.000000	0.000000	0.000000	0.000000	0.000000
21	tsk_21	(x)	1	:	0.000000	0.000000	0.000000	0.000000	0.466116	0.000000	0.000000	0.385250	0.000000	0.148634
22	tsk_22	(x)	1	:	0.000000	0.000000	0.000000	0.000000	1.000000	0.000000	0.000000	0.000000	0.000000	0.000000
23	tsk_23	(x)	1	:	0.412123	0.000000	0.000000	0.000000	0.466194	0.000000	0.000000	0.000000	0.000000	0.121683
24	tsk_24	(x)	1	:	0.000000	0.000000	0.000000	0.000000	1.000000	0.000000	0.000000	0.000000	0.000000	0.000000
25	tsk_25	(x)	1	:	0.480523	0.000000	0.000000	0.000000	0.466079	0.000000	0.000000	0.000000	0.000000	0.053398
26	tsk_26	(x)	1	:	0.000000	0.000000	0.000000	0.000000	0.466116	0.000000	0.000000	0.385250	0.000000	0.148634
27	tsk_27	(x)	1	:	0.670952	0.000000	0.000000	0.000000	0.000000	0.000000	0.000000	0.000000	0.000000	0.329048
28	tsk_28	(x)	1	:	0.480526	0.000000	0.000000	0.000000	0.466081	0.000000	0.000000	0.000000	0.000003	0.053390
29	tsk_29	(x)	1	:	0.000000	0.458079	0.000000	0.000000	0.461874	0.000000	0.000000	0.000000	0.000000	0.080048
30	tsk_30	(x)	1	:	0.412126	0.000000	0.000000	0.000000	0.466196	0.000000	0.000000	0.000000	0.000000	0.121678
31	tsk_31	(x)	1	:	0.000000	0.000000	0.462434	0.000000	0.000000	0.000000	0.533261	0.000000	0.000000	0.004304
32	tsk_32	(x)	1	:	0.000000	0.000000	0.554242	0.000000	0.000000	0.000000	0.445758	0.000000	0.000000	0.000000
33	tsk_33	(x)	1	:	0.000000	0.000000	1.000000	0.000000	0.000000	0.000000	0.000000	0.000000	0.000000	0.000000
34	tsk_34	(x)	1	:	0.000000	0.000000	0.000000	0.000000	0.513603	0.000000	0.000000	0.486397	0.000000	0.000000
35	tsk_35	(x)	1	:	0.000000	0.000000	0.000000	0.000000	0.459600	0.000000	0.000000	0.539817	0.000000	0.000583
36	tsk_36	(x)	1	:	0.000000	0.000000	0.000000	0.000000	1.000000	0.000000	0.000000	0.000000	0.000000	0.000000
37	tsk_37	(x)	1	:	0.000000	0.457633	0.000000	0.000000	0.461448	0.000000	0.000000	0.000000	0.000000	0.080920
38	tsk_38	(x)	1	:	0.000000	0.000000	0.000000	0.000000	0.000000	0.000000	0.000000	0.540287	0.458778	0.000934
39	tsk_39	(x)	1	:	0.000000	0.000000	0.000000	0.000000	0.632587	0.000000	0.000000	0.367413	0.000000	0.000000
40	tsk_40	(x)	1	:	0.000000	0.000000	0.000000	0.000000	0.000000	0.000000	0.000000	1.000000	0.000000	0.000000
41	tsk_41	(x)	1	:	0.000000	0.000000	0.000000	0.000000	0.000000	0.000000	0.371562	0.544793	0.000000	0.083645
42	tsk_42	(x)	1	:	0.000000	0.000000	0.000000	0.000000	0.000000	0.000000	0.371562	0.544793	0.000000	0.083645
43	tsk_43	(x)	1	:	0.000000	0.000000	0.000000	0.000000	0.000000	0.000000	1.000000	0.000000	0.000000	0.000000
44	tsk_44	(x)	1	:	0.000000	0.000000	0.000000	0.000000	0.000000	0.000000	0.000000	1.000000	0.000000	0.000000
45	tsk_45	(x)	1	:	0.000000	0.000000	0.000000	0.000000	0.000000	0.000000	0.000000	1.000000	0.000000	0.000000
46	tsk_46	(x)	1	:	0.000000	0.000000	0.000000	0.000000	0.000000	0.000000	0.492757	0.507243	0.000000	0.000000
47	tsk_47	(x)	1	:	0.000000	0.000000	0.000000	0.000000	0.000000	0.000000	0.371562	0.544793	0.000000	0.083645
48	tsk_48	(x)	1	:	0.000000	0.000000	0.000000	0.000000	0.000000	0.000000	0.371562	0.544793	0.000000	0.083645
49	tsk_49	(x)	1	:	0.000000	0.000000	0.000000	0.000000	0.000000	0.000000	0.000000	1.000000	0.000000	0.000000
50	tsk_50	(x)	1	:	0.000000	0.000000	0.000000	0.248386	0.000000	0.000000	0.000000	0.000000	0.470734	0.280879
51	tsk_51	(x)	1	:	0.412460	0.000000	0.000000	0.000000	0.000000	0.156764	0.000000	0.000000	0.000000	0.430775
52	tsk_52	(x)	1	:	0.000000	0.000000	0.000000	0.000000	0.000000	0.000000	0.000000	1.000000	0.000000	0.000000
53	tsk_53	(x)	1	:	0.000000	0.000000	0.000000	0.000000	0.000000	0.000000	0.000000	0.540282	0.458764	0.000953
54	tsk_54	(x)	1	:	0.000000	0.000000	0.548365	0.248371	0.000000	0.000000	0.000000	0.000000	0.000000	0.203264
55	tsk_55	(x)	1	:	0.000000	0.000000	1.000000	0.000000	0.000000	0.000000	0.000000	0.000000	0.000000	0.000000
56	tsk_56	(x)	1	:	0.000000	0.000000	0.000000	0.000000	0.000000	0.000000	0.371585	0.000000	0.470589	0.157826
57	tsk_57	(x)	1	:	0.000000	0.000000	0.000000	0.000000	0.000000	0.156729	0.000000	0.544875	0.000000	0.298396
58	tsk_58	(x)	1	:	0.000078	0.457547	0.000000	0.248006	0.000000	0.000000	0.000000	0.000000	0.000000	0.294369
59	tsk_59	(x)	1	:	0.000000	0.000000	0.000000	0.000000	0.000000	0.156729	0.000000	0.544875	0.000000	0.298396
60	tsk_60	(x)	1	:	0.412274	0.000000	0.000000	0.000000	0.000000	0.000000	0.371658	0.000000	0.000000	0.216068
61	tsk_61	(x)	1	:	0.412121	0.000000	0.000000	0.000000	0.466193	0.000000	0.000000	0.000000	0.000000	0.121686
62	tsk_62	(x)	1	:	0.000000	0.000000	0.000000	0.000000	0.000000	0.000000	0.000000	0.540284	0.458769	0.000947
63	tsk_63	(x)	1	:	0.000000	0.000000	0.000000	0.000000	0.000000	0.000000	0.000000	0.540325	0.458877	0.000798
64	tsk_64	(x)	1	:	0.000000	0.000000	0.000000	0.000000	0.000000	0.000000	0.000000	0.000000	1.000000	0.000000
65	tsk_65	(x)	1	:	0.000000	0.000000	0.000000	0.000000	0.000000	0.000000	0.000000	0.540283	0.458768	0.000948
66	tsk_66	(x)	1	:	0.000000	0.000000	0.000000	0.000000	0.000000	0.000000	0.000000	0.000000	1.000000	0.000000
67	tsk_67	(x)	1	:	0.000000	0.000000	0.000000	0.000000	0.000000	0.000000	0.000000	0.540306	0.458828	0.000866
68	tsk_68	(x)	1	:	0.000000	0.000000	0.000000	0.000000	0.000000	0.000000	0.000000	0.000000	1.000000	0.000000
69	tsk_69	(x)	1	:	0.000000	0.000000	0.000000	0.000000	0.466101	0.000000	0.000000	0.000000	0.470451	0.063448
70	tsk_70	(x)	1	:	0.412069	0.000000	0.000000	0.000000	0.000000	0.000000	0.530325	0.000000	0.000000	0.057606
71	tsk_71	(x)	1	:	0.000000	0.000000	0.000000	0.000000	0.000000	0.000000	1.000000	0.000000	0.000000	0.000000
72	tsk_72	(x)	1	:	0.000000	0.000000	0.000000	0.000000	0.000000	0.000000	0.492757	0.507243	0.000000	0.000000
73	tsk_73	(x)	1	:	0.412015	0.000000	0.000000	0.000000	0.000000	0.000000	0.530304	0.000000	0.000000	0.057681
74	tsk_74	(x)	1	:	0.000000	0.000000	0.000000	0.000000	0.000000	0.000000	0.492757	0.507243	0.000000	0.000000
75	tsk_75	(x)	1	:	0.000000	0.000000	0.000000	0.000000	0.000000	0.000000	0.000000	0.540303	0.458819	0.000879
76	tsk_76	(x)	1	:	0.000000	0.000000	0.000000	0.000000	0.000000	0.000000	0.530447	0.000000	0.000000	0.469553
77	tsk_77	(x)	1	:	0.000000	0.000000	0.000000	0.000000	0.000000	0.000000	0.530311	0.385227	0.000000	0.084462
78	tsk_78	(x)	1	:	0.000000	0.000000	0.000000	0.000000	0.000000	0.000000	1.000000	0.000000	0.000000	0.000000
79	tsk_79	(x)	1	:	0.000000	0.000000	0.000000	0.000000	0.000000	0.000000	0.000000	0.000000	0.000000	1.000000
80	tsk_80	(x)	1	:	0.000000	0.000000	0.000000	0.000000	0.000000	0.235617	0.000000	0.000000	0.764383	0.000000
81	tsk_81	(x)	1	:	0.000000	0.000000	0.000000	0.000000	0.000000	0.000000	1.000000	0.000000	0.000000	0.000000
82	tsk_82	(x)	1	:	0.000000	0.000000	0.000000	0.000000	0.000000	0.000000	0.000000	0.474018	0.525982	0.000000
83	tsk_83	(x)	1	:	0.000000	0.000000	0.000000	0.000000	0.000000	0.209272	0.000000	0.000000	0.790728	0.000000
84	tsk_84	(x)	1	:	0.000000	0.000000	0.000000	0.000000	0.465770	0.000000	0.530085	0.000000	0.000000	0.004145
85	tsk_85	(x)	1	:	0.000000	0.000000	0.000000	0.000000	0.000000	0.130428	0.550839	0.000000	0.318733	0.000000
86	tsk_86	(x)	1	:	0.000000	0.000000	0.000000	0.000000	0.000000	0.000000	1.000000	0.000000	0.000000	0.000000
87	tsk_87	(x)	1	:	0.000000	0.457437	0.000000	0.000000	0.461992	0.000000	0.000000	0.000000	0.000000	0.080570
88	tsk_88	(x)	1	:	0.000000	0.000000	0.000000	0.000000	0.437931	0.147227	0.000000	0.000000	0.414841	0.000000
89	tsk_89	(x)	1	:	0.000000	0.000000	0.000000	0.000000	0.000000	0.139767	0.489220	0.000000	0.371013	0.000000
90	tsk_90	(x)	1	:	0.000000	0.000000	0.000000	0.506164	0.000000	0.000000	0.000000	0.385312	0.000000	0.108524
91	tsk_91	(x)	1	:	0.000000	0.000000	0.000000	0.000000	0.000000	0.000000	0.000000	0.385249	0.470576	0.144175
92	tsk_92	(x)	1	:	0.000000	0.000000	0.242596	0.000000	0.000000	0.000000	0.000000	0.757404	0.000000	0.000000
93	tsk_93	(x)	1	:	0.000000	0.000000	0.000000	0.000000	0.000000	0.000000	0.000000	1.000000	0.000000	0.000000
94	tsk_94	(x)	1	:	0.000110	0.456527	0.000000	0.000000	0.000000	0.000000	0.000000	0.543363	0.000000	0.000000
95	tsk_95	(x)	1	:	0.000000	0.000000	0.000000	0.000000	0.000000	0.000000	0.000000	1.000000	0.000000	0.000000
96	tsk_96	(x)	1	:	0.000899	0.457529	0.000000	0.000000	0.000000	0.000000	0.000000	0.384715	0.000000	0.156857
97	tsk_97	(x)	1	:	0.000000	0.000000	0.000000	0.000000	0.000000	0.000000	0.000000	0.540308	0.458833	0.000858
98	tsk_98	(x)	1	:	0.412210	0.000000	0.000000	0.000000	0.000000	0.000000	0.000000	0.544865	0.000000	0.042924
99	tsk_99	(x)	1	:	0.000000	0.000000	0.000000	0.000000	0.000000	0.000000	0.000000	1.000000	0.000000	0.000000
100	tsk_100	(x)	1	:	1.000000	0.000000	0.000000	0.000000	0.000000	0.000000	0.000000	0.000000	0.000000	0.000000
101	tsk_101	(x)	1	:	0.000000	0.000000	0.000000	0.000000	0.000000	0.000000	0.360782	0.000000	0.639212	0.000006
102	tsk_102	(x)	1	:	0.412181	0.000000	0.000000	0.000000	0.000000	0.000000	0.000000	0.000000	0.470652	0.117166
103	tsk_103	(x)	1	:	0.000000	0.000000	0.000000	0.564395	0.000000	0.000000	0.000000	0.000000	0.000000	0.435605
104	tsk_104	(x)	1	:	0.412409	0.000000	0.000000	0.248418	0.000000	0.000000	0.000000	0.000000	0.000000	0.339173
105	tsk_105	(x)	1	:	0.412186	0.000000	0.000000	0.000000	0.000000	0.000000	0.000000	0.000000	0.470656	0.117158
106	tsk_106	(x)	1	:	0.372060	0.000000	0.000000	0.000000	0.000000	0.000000	0.000000	0.000000	0.627940	0.000000
107	tsk_107	(x)	1	:	0.000000	0.000000	0.000000	0.463100	0.000000	0.000000	0.000000	0.000000	0.536900	0.000000
108	tsk_108	(x)	1	:	0.000000	0.000000	0.000000	0.217339	0.000000	0.000000	0.000000	0.000000	0.000000	0.782661
109	tsk_109	(x)	1	:	1.000000	0.000000	0.000000	0.000000	0.000000	0.000000	0.000000	0.000000	0.000000	0.000000
110	tsk_110	(x)	1	:	0.412268	0.000000	0.000000	0.000000	0.000000	0.399966	0.000000	0.000000	0.000000	0.187766
111	tsk_111	(x)	1	:	0.000000	0.000000	0.000000	0.248401	0.000000	0.000000	0.371674	0.000000	0.000000	0.379925
112	tsk_112	(x)	1	:	0.412121	0.000000	0.000000	0.000000	0.466193	0.000000	0.000000	0.000000	0.000000	0.121685
113	tsk_113	(x)	1	:	0.000000	0.000000	0.000000	0.248372	0.000000	0.000000	0.000000	0.544855	0.000000	0.206773
114	tsk_114	(x)	1	:	0.412212	0.000000	0.000000	0.000000	0.000000	0.000000	0.000000	0.544866	0.000000	0.042922
115	tsk_115	(x)	1	:	0.000000	0.000000	0.000000	0.248410	0.466239	0.000000	0.000000	0.000000	0.000000	0.285350
116	tsk_116	(x)	1	:	1.000000	0.000000	0.000000	0.000000	0.000000	0.000000	0.000000	0.000000	0.000000	0.000000
117	tsk_117	(x)	1	:	1.000000	0.000000	0.000000	0.000000	0.000000	0.000000	0.000000	0.000000	0.000000	0.000000
118	tsk_118	(x)	1	:	0.000000	0.000000	0.000000	0.248372	0.000000	0.000000	0.000000	0.544855	0.000000	0.206773
119	tsk_119	(x)	1	:	0.000000	0.000000	0.000000	0.245202	0.000000	0.299112	0.000000	0.000000	0.455633	0.000053
120	tsk_120	(x)	1	:	0.001148	0.481053	0.000000	0.517695	0.000000	0.000000	0.000000	0.000000	0.000000	0.000103
121	tsk_121	(x)	1	:	0.000000	0.000000	0.000000	0.000000	0.000000	0.296432	0.371650	0.000000	0.000000	0.331918
122	tsk_122	(x)	1	:	0.000000	0.000000	0.000000	0.248383	0.583167	0.000000	0.000000	0.000000	0.000000	0.168450
123	tsk_123	(x)	1	:	0.000000	0.000000	0.000000	0.000000	1.000000	0.000000	0.000000	0.000000	0.000000	0.000000
124	tsk_124	(x)	1	:	0.000000	0.000000	0.000000	0.472720	0.527280	0.000000	0.000000	0.000000	0.000000	0.000000
125	tsk_125	(x)	1	:	0.000056	0.457431	0.000000	0.000000	0.000000	0.000000	0.000000	0.000000	0.000000	0.542513
126	tsk_126	(x)	1	:	0.000000	0.000000	0.000000	0.000000	0.567531	0.000000	0.000000	0.000000	0.432468	0.000001
127	tsk_127	(x)	1	:	0.000000	0.000000	0.000000	0.000000	0.583114	0.296390	0.000000	0.000000	0.000000	0.120496
128	tsk_128	(x)	1	:	0.000000	0.000000	0.000000	0.506214	0.000000	0.000000	0.000000	0.000000	0.000000	0.493786
129	tsk_129	(x)	1	:	0.000000	0.000000	0.000000	0.506181	0.000000	0.156746	0.000000	0.000000	0.000000	0.337072
130	tsk_130	(x)	1	:	0.000000	0.000000	0.242596	0.000000	0.000000	0.000000	0.000000	0.757404	0.000000	0.000000
131	tsk_131	(x)	1	:	0.733655	0.000000	0.000000	0.000000	0.000000	0.000000	0.000000	0.000000	0.000000	0.266345
132	tsk_132	(x)	1	:	0.000000	0.000000	0.000000	0.248367	0.000000	0.000000	0.562151	0.000000	0.000000	0.189482
133	tsk_133	(x)	1	:	0.412214	0.000000	0.000000	0.000000	0.000000	0.000000	0.000000	0.544867	0.000000	0.042919
134	tsk_134	(x)	1	:	0.412210	0.000000	0.000000	0.000000	0.000000	0.000000	0.000000	0.544865	0.000000	0.042926
135	tsk_135	(x)	1	:	0.466184	0.000000	0.000000	0.000000	0.000000	0.000000	0.000000	0.533810	0.000000	0.000007
136	tsk_136	(x)	1	:	0.000000	0.000000	0.000000	0.509988	0.000000	0.000000	0.000000	0.000000	0.486254	0.003758
137	tsk_137	(x)	1	:	0.000000	0.000000	0.000000	0.000000	0.000000	0.000000	0.514043	0.485957	0.000000	0.000000
138	tsk_138	(x)	1	:	0.000000	0.000000	0.000000	0.000000	0.000000	0.000000	0.000000	0.385249	0.470576	0.144176
139	tsk_139	(x)	1	:	0.000000	0.000000	0.000000	0.000000	0.000000	0.000000	0.000000	0.456631	0.000000	0.543369
140	tsk_140	(x)	1	:	0.000000	0.000000	1.000000	0.000000	0.000000	0.000000	0.000000	0.000000	0.000000	0.000000
141	tsk_141	(x)	1	:	0.413705	0.000000	0.548821	0.000000	0.000000	0.000000	0.000000	0.000000	0.000000	0.037474
142	tsk_142	(x)	1	:	0.000000	0.000000	0.459694	0.000000	0.000000	0.000000	0.371595	0.000000	0.000000	0.168711
143	tsk_143	(x)	1	:	0.000000	0.000000	0.405369	0.000000	0.000000	0.263306	0.000000	0.000000	0.331325	0.000000
144	tsk_144	(x)	1	:	0.412234	0.000000	0.459737	0.000000	0.000000	0.000000	0.000000	0.000000	0.000000	0.128030
145	tsk_145	(x)	1	:	0.000000	0.000000	0.000000	0.000000	0.466377	0.000000	0.000000	0.000000	0.000000	0.533623
146	tsk_146	(x)	1	:	0.000000	0.000000	1.000000	0.000000	0.000000	0.000000	0.000000	0.000000	0.000000	0.000000
147	tsk_147	(x)	1	:	0.000000	0.000000	1.000000	0.000000	0.000000	0.000000	0.000000	0.000000	0.000000	0.000000
148	tsk_148	(x)	1	:	0.412227	0.000000	0.459734	0.000000	0.000000	0.000000	0.000000	0.000000	0.000000	0.128039
149	tsk_149	(x)	1	:	0.000000	0.000000	0.242596	0.000000	0.000000	0.000000	0.000000	0.757404	0.000000	0.000000
