logL = -887.614165 (converged)
AIC = 4065.228330
BIC = 7512.405742

count.K
13 22 33 9 19 10 44 

