logL = -1585.494959 (converged)
AIC = 4950.989919
BIC = 7630.455330

count.K
26 15 16 56 37 

