logL = -1330.216949 (converged)
AIC = 7300.433898
BIC = 14285.107781

count.K
19 49 10 1 9 20 9 5 3 13 0 11 1 

