0	tsk_0	(x)	1	:	0.000000	0.000000	0.000000	0.000000	0.000000	0.000000	0.000000	0.192462	0.355459	0.000000	0.000000	0.000000	0.000000	0.452080
1	tsk_1	(x)	1	:	0.000000	0.000000	0.000000	0.000000	0.000000	0.000000	0.000000	0.623619	0.376381	0.000000	0.000000	0.000000	0.000000	0.000000
2	tsk_2	(x)	1	:	0.000000	0.000000	0.000000	0.000000	0.000000	0.000000	0.000000	0.000000	0.000000	0.000000	0.000000	1.000000	0.000000	0.000000
3	tsk_3	(x)	1	:	0.392599	0.000000	0.000000	0.000000	0.000000	0.002569	0.496712	0.000000	0.000000	0.000000	0.000000	0.108120	0.000000	0.000000
4	tsk_4	(x)	1	:	0.000000	0.000000	0.000000	0.000000	0.000000	0.000000	0.000000	0.000000	0.000000	0.000000	0.000000	1.000000	0.000000	0.000000
5	tsk_5	(x)	1	:	0.000285	0.000000	0.000000	0.000000	0.000000	0.000000	0.000000	0.000000	0.000000	0.000000	0.000000	0.497775	0.000000	0.501941
6	tsk_6	(x)	1	:	0.000000	0.000000	0.000000	0.000000	0.000000	0.000000	0.000000	0.000000	0.000000	0.000000	0.000000	1.000000	0.000000	0.000000
7	tsk_7	(x)	1	:	0.000000	0.000000	0.000000	0.000000	0.000000	0.000000	0.000000	0.000000	0.000000	0.000000	0.000000	1.000000	0.000000	0.000000
8	tsk_8	(x)	1	:	0.000000	0.000000	0.000000	0.000000	0.000000	0.000000	0.000000	0.000000	0.000000	0.000000	0.000000	0.000000	0.000000	1.000000
9	tsk_9	(x)	1	:	0.000000	0.000000	0.000000	0.000000	0.000000	0.000000	0.000000	0.000000	0.000000	0.000000	0.000000	0.498060	0.000000	0.501940
10	tsk_10	(x)	1	:	0.000000	0.000000	0.000000	0.000000	0.000000	0.459917	0.000000	0.000000	0.000000	0.540083	0.000000	0.000000	0.000000	0.000000
11	tsk_11	(x)	1	:	0.005823	0.000001	0.000000	0.000000	0.000000	0.496021	0.000000	0.000000	0.000000	0.000000	0.000000	0.498155	0.000000	0.000000
12	tsk_12	(x)	1	:	0.000260	0.000000	0.000000	0.000000	0.000000	0.000000	0.000000	0.000000	0.000000	0.000000	0.000000	0.497800	0.000000	0.501941
13	tsk_13	(x)	1	:	0.000000	0.000000	0.502165	0.000000	0.000000	0.000036	0.000000	0.000000	0.000180	0.000000	0.000000	0.000000	0.000000	0.497618
14	tsk_14	(x)	1	:	0.001936	0.000000	0.502358	0.000000	0.000000	0.000000	0.000000	0.000000	0.000263	0.000000	0.000000	0.495443	0.000000	0.000000
15	tsk_15	(x)	1	:	0.000000	0.000000	0.000000	0.391817	0.000000	0.494712	0.000000	0.000000	0.000000	0.000000	0.000000	0.000000	0.000000	0.113471
16	tsk_16	(x)	1	:	0.000000	0.000000	0.000000	0.000000	0.000000	0.999999	0.000000	0.000000	0.000000	0.000000	0.000000	0.000000	0.000000	0.000000
17	tsk_17	(x)	1	:	0.000000	0.000000	0.000000	0.000000	0.000000	1.000000	0.000000	0.000000	0.000000	0.000000	0.000000	0.000000	0.000000	0.000000
18	tsk_18	(x)	1	:	0.000000	0.000000	0.504157	0.000000	0.000000	0.495715	0.000000	0.000000	0.000128	0.000000	0.000000	0.000000	0.000000	0.000000
19	tsk_19	(x)	1	:	0.000000	0.000000	0.000000	0.000000	0.000000	1.000000	0.000000	0.000000	0.000000	0.000000	0.000000	0.000000	0.000000	0.000000
20	tsk_20	(x)	1	:	0.000000	0.000000	0.000000	0.000000	0.000000	0.000502	0.237926	0.261776	0.000000	0.000000	0.000000	0.000000	0.000000	0.499796
21	tsk_21	(x)	1	:	0.000000	0.000000	0.000000	0.391864	0.000000	0.000496	0.499706	0.000000	0.000000	0.000000	0.000000	0.000000	0.000000	0.107934
22	tsk_22	(x)	1	:	0.324873	0.000000	0.000000	0.000000	0.000000	0.001993	0.497492	0.000000	0.000000	0.000000	0.000000	0.175643	0.000000	0.000000
23	tsk_23	(x)	1	:	0.000000	0.000000	0.502164	0.000000	0.000000	0.000056	0.000000	0.000000	0.000177	0.000000	0.000000	0.000000	0.000000	0.497603
24	tsk_24	(x)	1	:	0.000000	0.000000	0.000000	0.000000	0.000000	0.000000	0.738224	0.261776	0.000000	0.000000	0.000000	0.000000	0.000000	0.000000
25	tsk_25	(x)	1	:	0.000000	0.000000	0.000000	0.000000	0.000000	0.000000	0.066124	0.933876	0.000000	0.000000	0.000000	0.000000	0.000000	0.000000
26	tsk_26	(x)	1	:	0.000000	0.000000	0.000000	0.000000	0.000000	0.000000	0.000000	0.000000	0.525787	0.000000	0.000000	0.000000	0.000000	0.474213
27	tsk_27	(x)	1	:	0.000550	0.000000	0.000000	0.000000	0.000000	0.000000	0.000000	0.000000	0.000000	0.000000	0.000000	0.497508	0.000000	0.501941
28	tsk_28	(x)	1	:	0.000000	0.000000	0.000000	0.000000	0.000000	0.000000	0.000000	0.000000	0.000000	0.000000	0.000000	0.000000	0.000000	1.000000
29	tsk_29	(x)	1	:	0.000593	0.000000	0.000000	0.000000	0.000000	0.000000	0.000000	0.000000	0.000000	0.000000	0.000000	0.497466	0.000000	0.501941
30	tsk_30	(x)	1	:	0.001701	0.000000	0.000000	0.000000	0.000000	0.000000	0.000000	0.000000	0.526067	0.000000	0.000000	0.472232	0.000000	0.000000
31	tsk_31	(x)	1	:	0.000000	0.000000	0.502170	0.000000	0.000000	0.000048	0.000000	0.000000	0.000172	0.000000	0.000000	0.000000	0.000000	0.497609
32	tsk_32	(x)	1	:	0.309596	0.000000	0.000000	0.000000	0.000000	0.000972	0.498205	0.000000	0.000000	0.000000	0.000000	0.191227	0.000000	0.000000
33	tsk_33	(x)	1	:	0.348785	0.000000	0.000000	0.000000	0.000000	0.003024	0.234890	0.261820	0.000000	0.000000	0.000000	0.151481	0.000000	0.000000
34	tsk_34	(x)	1	:	0.000000	0.000000	0.502389	0.000000	0.000000	0.000000	0.497480	0.000000	0.000131	0.000000	0.000000	0.000000	0.000000	0.000000
35	tsk_35	(x)	1	:	0.000000	0.000000	0.502164	0.000000	0.000000	0.000078	0.000000	0.000000	0.000173	0.000000	0.000000	0.000000	0.000000	0.497585
36	tsk_36	(x)	1	:	0.000000	0.000000	0.000000	0.000000	0.000000	0.130650	0.144707	0.363074	0.361570	0.000000	0.000000	0.000000	0.000000	0.000000
37	tsk_37	(x)	1	:	0.000000	0.000000	0.502165	0.000000	0.000000	0.000062	0.000000	0.000000	0.000175	0.000000	0.000000	0.000000	0.000000	0.497598
38	tsk_38	(x)	1	:	0.000000	0.000000	0.000000	0.000000	0.000000	0.000649	0.499610	0.000000	0.000000	0.000000	0.000000	0.000000	0.000000	0.499741
39	tsk_39	(x)	1	:	0.000000	0.000000	0.502389	0.000000	0.000000	0.000000	0.497480	0.000000	0.000131	0.000000	0.000000	0.000000	0.000000	0.000000
40	tsk_40	(x)	1	:	0.246710	0.000000	0.000000	0.000000	0.000000	0.000098	0.001193	0.501877	0.000000	0.000000	0.000000	0.250122	0.000000	0.000000
41	tsk_41	(x)	1	:	0.000000	0.000000	0.000000	0.000000	0.000000	0.000000	0.001663	0.502166	0.000000	0.000000	0.000000	0.000000	0.000000	0.496170
42	tsk_42	(x)	1	:	0.163321	0.000000	0.000000	0.000000	0.000000	0.000144	0.001315	0.502162	0.000000	0.000000	0.000000	0.333058	0.000000	0.000000
43	tsk_43	(x)	1	:	0.000000	0.000000	0.000000	0.000000	0.000000	0.001589	0.000000	0.552787	0.445623	0.000000	0.000000	0.000000	0.000000	0.000000
44	tsk_44	(x)	1	:	0.000000	0.000001	0.000000	0.000000	0.000000	0.068241	0.507779	0.000000	0.423979	0.000000	0.000000	0.000000	0.000000	0.000000
45	tsk_45	(x)	1	:	0.000000	0.000000	0.000000	0.000000	0.000000	0.000000	0.000000	0.000000	0.000000	0.000000	0.000000	1.000000	0.000000	0.000000
46	tsk_46	(x)	1	:	0.231499	0.000000	0.000000	0.000000	0.000000	0.000000	0.321400	0.000000	0.000000	0.000000	0.227350	0.219752	0.000000	0.000000
47	tsk_47	(x)	1	:	0.001379	0.000000	0.000000	0.000000	0.000000	0.072182	0.000000	0.000000	0.423968	0.000000	0.000000	0.502471	0.000000	0.000000
48	tsk_48	(x)	1	:	0.000000	0.000000	0.000000	0.000000	0.000000	0.000000	0.000000	0.000000	0.000000	0.000000	0.000000	1.000000	0.000000	0.000000
49	tsk_49	(x)	1	:	0.428992	0.000000	0.000000	0.000000	0.000000	0.001407	0.497182	0.000000	0.000000	0.000000	0.000000	0.072419	0.000000	0.000000
50	tsk_50	(x)	1	:	0.000000	0.000000	0.000000	0.391860	0.000000	0.000439	0.499740	0.000000	0.000000	0.000000	0.000000	0.000000	0.000000	0.107960
51	tsk_51	(x)	1	:	0.000000	0.000000	0.000000	0.000000	0.000000	0.000000	0.000000	0.000000	0.000000	0.000000	0.000000	0.498060	0.000000	0.501940
52	tsk_52	(x)	1	:	0.000000	0.000000	0.000000	1.000000	0.000000	0.000000	0.000000	0.000000	0.000000	0.000000	0.000000	0.000000	0.000000	0.000000
53	tsk_53	(x)	1	:	0.000000	0.000000	0.000000	0.000000	0.000000	0.000000	0.000000	0.000000	0.000000	0.525205	0.000000	0.000000	0.000000	0.474794
54	tsk_54	(x)	1	:	0.000000	0.000000	0.000000	0.000000	0.000000	0.000000	0.000000	0.000000	0.000000	0.000000	0.000000	1.000000	0.000000	0.000000
55	tsk_55	(x)	1	:	0.000000	0.000000	0.000000	0.391916	0.000000	0.000000	0.000000	0.000000	0.000000	0.000000	0.000000	0.000000	0.520619	0.087464
56	tsk_56	(x)	1	:	0.000000	0.000000	0.000000	0.000000	0.000000	0.000000	0.000000	0.000000	0.000000	0.996528	0.000000	0.003472	0.000000	0.000000
57	tsk_57	(x)	1	:	0.000364	0.000000	0.000000	0.000000	0.000000	0.000000	0.000000	0.000000	0.000000	0.000000	0.000000	0.497695	0.000000	0.501941
58	tsk_58	(x)	1	:	0.000000	0.000000	0.000000	0.000000	0.000000	0.000000	0.000000	0.000000	0.000000	0.998356	0.000000	0.001644	0.000000	0.000000
59	tsk_59	(x)	1	:	0.378741	0.000000	0.000000	0.000000	0.000000	0.002091	0.497089	0.000000	0.000000	0.000000	0.000000	0.122079	0.000000	0.000000
60	tsk_60	(x)	1	:	0.022344	0.000000	0.000000	0.000000	0.000000	0.015575	0.000000	0.000000	0.000000	0.000000	0.479003	0.483077	0.000000	0.000000
61	tsk_61	(x)	1	:	0.000000	0.000000	0.000000	0.000000	0.000000	0.000534	0.498453	0.000000	0.501013	0.000000	0.000000	0.000000	0.000000	0.000000
62	tsk_62	(x)	1	:	0.000239	0.000000	0.000000	0.000000	0.000000	0.000655	0.000000	0.000000	0.501159	0.000000	0.000000	0.497947	0.000000	0.000000
63	tsk_63	(x)	1	:	0.408397	0.000000	0.000000	0.000000	0.000000	0.003077	0.496304	0.000000	0.000000	0.000000	0.000000	0.092221	0.000000	0.000000
64	tsk_64	(x)	1	:	0.000000	0.000000	0.000000	0.136533	0.000000	0.000000	0.000000	0.000000	0.000000	0.000000	0.000000	0.863467	0.000000	0.000000
65	tsk_65	(x)	1	:	0.000000	0.000000	0.000000	0.000000	0.000000	0.000444	0.498529	0.000000	0.501027	0.000000	0.000000	0.000000	0.000000	0.000000
66	tsk_66	(x)	1	:	0.000000	0.000000	0.000000	0.250732	0.000000	0.000000	0.000000	0.000000	0.000000	0.000000	0.000000	0.749268	0.000000	0.000000
67	tsk_67	(x)	1	:	0.030560	0.000000	0.000000	0.165360	0.000000	0.006418	0.000000	0.000000	0.000000	0.000000	0.000000	0.364872	0.432790	0.000000
68	tsk_68	(x)	1	:	0.000000	0.000000	0.000000	0.000000	0.000000	0.000000	0.000000	0.000000	0.000000	0.000000	0.000000	1.000000	0.000000	0.000000
69	tsk_69	(x)	1	:	0.336912	0.000000	0.000000	0.160210	0.000000	0.000000	0.464711	0.000000	0.000000	0.000000	0.000000	0.038167	0.000000	0.000000
70	tsk_70	(x)	1	:	0.000000	0.000000	0.000000	0.000000	0.000000	0.000000	1.000000	0.000000	0.000000	0.000000	0.000000	0.000000	0.000000	0.000000
71	tsk_71	(x)	1	:	0.251663	0.000000	0.000000	0.000000	0.000000	0.000162	0.001112	0.501885	0.000000	0.000000	0.000000	0.245177	0.000000	0.000000
72	tsk_72	(x)	1	:	0.004684	0.000000	0.000000	0.000000	0.495815	0.000199	0.499026	0.000000	0.000000	0.000000	0.000000	0.000277	0.000000	0.000000
73	tsk_73	(x)	1	:	0.000000	0.000000	0.000000	0.000000	0.000000	0.000000	0.486462	0.513538	0.000000	0.000000	0.000000	0.000000	0.000000	0.000000
74	tsk_74	(x)	1	:	0.000000	0.000000	0.000000	0.000000	0.000000	0.000000	1.000000	0.000000	0.000000	0.000000	0.000000	0.000000	0.000000	0.000000
75	tsk_75	(x)	1	:	0.000000	0.000000	0.000000	0.000000	0.000000	0.000000	1.000000	0.000000	0.000000	0.000000	0.000000	0.000000	0.000000	0.000000
76	tsk_76	(x)	1	:	0.000000	0.000000	0.000000	0.000000	0.000000	0.000000	1.000000	0.000000	0.000000	0.000000	0.000000	0.000000	0.000000	0.000000
77	tsk_77	(x)	1	:	0.000000	0.000000	0.000000	0.000000	0.000000	0.000000	1.000000	0.000000	0.000000	0.000000	0.000000	0.000000	0.000000	0.000000
78	tsk_78	(x)	1	:	0.000000	0.000000	0.000000	0.000000	0.000000	0.000000	1.000000	0.000000	0.000000	0.000000	0.000000	0.000000	0.000000	0.000000
79	tsk_79	(x)	1	:	0.389642	0.000000	0.000000	0.000000	0.000000	0.003104	0.496407	0.000000	0.000000	0.000000	0.000000	0.110847	0.000000	0.000000
80	tsk_80	(x)	1	:	0.000000	0.000000	0.000000	0.000000	0.000000	0.117456	0.507734	0.000000	0.374810	0.000000	0.000000	0.000000	0.000000	0.000000
81	tsk_81	(x)	1	:	0.000000	0.000000	0.000000	0.000000	0.000000	0.000000	0.000000	0.000000	0.000000	0.000000	0.000000	0.000000	0.000000	1.000000
82	tsk_82	(x)	1	:	0.000579	0.000000	0.000000	0.000000	0.000000	0.000000	0.000000	0.000000	0.526066	0.000000	0.000000	0.473354	0.000000	0.000000
83	tsk_83	(x)	1	:	0.000000	0.000000	0.000000	0.000000	0.000000	0.000804	0.237737	0.261782	0.000000	0.000000	0.000000	0.000000	0.000000	0.499677
84	tsk_84	(x)	1	:	0.000000	0.000000	0.000000	0.000000	0.000000	0.000000	0.000000	0.000000	0.000000	0.000000	0.000000	0.000000	0.000000	1.000000
85	tsk_85	(x)	1	:	0.000000	0.000001	0.000000	0.000000	0.000000	0.494720	0.000000	0.000000	0.000000	0.000000	0.000000	0.000000	0.000000	0.505279
86	tsk_86	(x)	1	:	0.000000	0.000000	0.000000	0.000000	0.000000	0.000447	0.237961	0.261775	0.000000	0.000000	0.000000	0.000000	0.000000	0.499818
87	tsk_87	(x)	1	:	0.000424	0.000000	0.000000	0.000000	0.000000	0.000000	0.000000	0.000000	0.000000	0.000000	0.000000	0.497635	0.000000	0.501941
88	tsk_88	(x)	1	:	0.000000	0.000000	0.000000	0.000000	0.000000	0.062717	0.000000	0.000000	0.000000	0.000000	0.000000	0.000000	0.431942	0.505341
89	tsk_89	(x)	1	:	0.000000	0.000000	0.000000	0.000000	0.000000	0.193455	0.000000	0.000000	0.374819	0.000000	0.000000	0.000000	0.431725	0.000000
90	tsk_90	(x)	1	:	0.157501	0.000000	0.000000	0.000000	0.000000	0.000046	0.001417	0.502156	0.000000	0.000000	0.000000	0.338878	0.000000	0.000000
91	tsk_91	(x)	1	:	0.000000	0.000000	0.000000	0.000000	0.000000	0.000000	0.000000	0.000000	0.000000	0.000000	0.000000	0.000000	0.000000	1.000000
92	tsk_92	(x)	1	:	0.000000	0.000000	0.000000	0.000000	0.000000	0.000000	0.000000	0.000000	0.525787	0.000000	0.000000	0.000000	0.000000	0.474213
93	tsk_93	(x)	1	:	0.000530	0.000000	0.000000	0.000000	0.000000	0.000000	0.000000	0.000000	0.000000	0.000000	0.000000	0.497528	0.000000	0.501941
94	tsk_94	(x)	1	:	0.306577	0.000000	0.000000	0.000000	0.000000	0.000023	0.001105	0.501692	0.000000	0.000000	0.000000	0.190603	0.000000	0.000000
95	tsk_95	(x)	1	:	0.000000	0.000000	0.000000	0.000000	0.000000	0.000000	0.000000	0.000000	0.000000	0.000000	0.000000	1.000000	0.000000	0.000000
96	tsk_96	(x)	1	:	0.000000	0.000000	0.000000	0.000000	0.000000	0.000000	0.000000	0.000000	0.000000	0.000000	0.000000	0.498060	0.000000	0.501940
97	tsk_97	(x)	1	:	0.375075	0.000000	0.000000	0.000000	0.000000	0.001169	0.497669	0.000000	0.000000	0.000000	0.000000	0.126087	0.000000	0.000000
98	tsk_98	(x)	1	:	0.000288	0.000000	0.000000	0.000000	0.000000	0.000000	0.000000	0.000000	0.526066	0.000000	0.000000	0.473645	0.000000	0.000000
99	tsk_99	(x)	1	:	0.000000	0.000000	0.000000	0.000000	0.000000	0.000000	0.000000	0.000000	0.000000	0.000000	0.000000	0.000000	0.000000	1.000000
100	tsk_100	(x)	1	:	0.000000	0.000000	0.000000	0.000000	0.000000	0.000000	0.182866	0.261783	0.000000	0.000000	0.000000	0.000000	0.555351	0.000000
101	tsk_101	(x)	1	:	0.006977	0.000000	0.000000	0.000000	0.494044	0.000191	0.498671	0.000000	0.000000	0.000000	0.000000	0.000118	0.000000	0.000000
102	tsk_102	(x)	1	:	0.005264	0.000000	0.000000	0.000000	0.495059	0.000203	0.498872	0.000000	0.000000	0.000000	0.000000	0.000602	0.000000	0.000000
103	tsk_103	(x)	1	:	0.382348	0.000000	0.000000	0.000000	0.000000	0.002482	0.496830	0.000000	0.000000	0.000000	0.000000	0.118340	0.000000	0.000000
104	tsk_104	(x)	1	:	0.000000	0.000000	0.000000	0.000000	1.000000	0.000000	0.000000	0.000000	0.000000	0.000000	0.000000	0.000000	0.000000	0.000000
105	tsk_105	(x)	1	:	0.303644	0.000000	0.000000	0.000000	0.000000	0.002251	0.497472	0.000000	0.000000	0.000000	0.000000	0.196634	0.000000	0.000000
106	tsk_106	(x)	1	:	0.000000	0.000000	0.000000	0.000000	0.000000	0.000000	0.000000	0.000000	0.000000	0.000000	0.419895	0.000000	0.580105	0.000000
107	tsk_107	(x)	1	:	0.002871	0.000000	0.000000	0.000000	0.496828	0.000194	0.499239	0.000000	0.000000	0.000000	0.000000	0.000868	0.000000	0.000000
108	tsk_108	(x)	1	:	0.000000	0.000000	0.000000	0.000000	0.000000	0.000000	1.000000	0.000000	0.000000	0.000000	0.000000	0.000000	0.000000	0.000000
109	tsk_109	(x)	1	:	0.000000	0.000000	0.000000	0.000000	0.000000	0.000000	1.000000	0.000000	0.000000	0.000000	0.000000	0.000000	0.000000	0.000000
110	tsk_110	(x)	1	:	0.000000	0.000000	0.000000	0.391867	0.000000	0.000526	0.237916	0.261776	0.000000	0.000000	0.000000	0.000000	0.000000	0.107914
111	tsk_111	(x)	1	:	0.000000	0.000000	0.000000	0.391634	0.000000	0.013749	0.000000	0.000000	0.000000	0.000000	0.479295	0.000000	0.000000	0.115321
112	tsk_112	(x)	1	:	0.000000	0.000001	0.000000	0.000000	0.000000	0.575982	0.000000	0.000000	0.424016	0.000000	0.000000	0.000000	0.000000	0.000000
113	tsk_113	(x)	1	:	0.000137	0.000000	0.000000	0.391790	0.000000	0.000000	0.000000	0.000000	0.000000	0.000000	0.000000	0.497896	0.000000	0.110177
114	tsk_114	(x)	1	:	0.000000	0.000000	0.000000	0.000000	0.000000	0.000000	0.000000	0.000000	1.000000	0.000000	0.000000	0.000000	0.000000	0.000000
115	tsk_115	(x)	1	:	0.000000	0.000000	0.000000	0.000000	0.000000	0.000392	0.000000	0.000000	0.532557	0.000000	0.467052	0.000000	0.000000	0.000000
116	tsk_116	(x)	1	:	0.268852	0.000000	0.000000	0.000000	0.000000	0.000314	0.000761	0.501999	0.000000	0.000000	0.000000	0.228075	0.000000	0.000000
117	tsk_117	(x)	1	:	0.000698	0.000000	0.000000	0.000000	0.000000	0.000000	0.000000	0.000000	0.526066	0.000000	0.000000	0.473235	0.000000	0.000000
118	tsk_118	(x)	1	:	0.000000	0.000000	0.000000	0.000000	0.000000	0.000000	0.000000	0.000000	1.000000	0.000000	0.000000	0.000000	0.000000	0.000000
119	tsk_119	(x)	1	:	0.314762	0.000000	0.000000	0.000000	0.000000	0.001451	0.236093	0.261791	0.000000	0.000000	0.000000	0.185903	0.000000	0.000000
120	tsk_120	(x)	1	:	0.000495	0.000000	0.000000	0.000000	0.000000	0.177283	0.000000	0.000000	0.000000	0.000000	0.000000	0.409100	0.000000	0.413122
121	tsk_121	(x)	1	:	0.000000	0.000000	0.000000	0.000000	0.000000	0.000000	0.000000	0.000000	0.000000	0.000000	0.000000	1.000000	0.000000	0.000000
122	tsk_122	(x)	1	:	0.000000	0.000000	0.000000	0.000000	0.000000	0.000000	0.000000	0.000000	1.000000	0.000000	0.000000	0.000000	0.000000	0.000000
123	tsk_123	(x)	1	:	0.000000	0.000000	0.000000	0.000000	0.000000	0.000000	0.000000	0.000000	1.000000	0.000000	0.000000	0.000000	0.000000	0.000000
124	tsk_124	(x)	1	:	0.003576	0.000000	0.000000	0.000000	0.000000	0.001352	0.000000	0.000000	0.501006	0.000000	0.000000	0.494065	0.000000	0.000000
125	tsk_125	(x)	1	:	0.000000	0.000000	0.000000	0.000000	0.000000	0.000000	0.000000	0.000000	1.000000	0.000000	0.000000	0.000000	0.000000	0.000000
126	tsk_126	(x)	1	:	0.000000	0.000000	0.000000	0.000000	0.000000	0.000473	0.000000	0.000000	0.500911	0.000000	0.000000	0.000000	0.000000	0.498616
127	tsk_127	(x)	1	:	0.000000	0.000000	0.000000	0.000000	0.000000	0.000000	0.000000	0.000000	0.000000	0.000000	0.000000	1.000000	0.000000	0.000000
128	tsk_128	(x)	1	:	0.000000	0.000000	0.502389	0.000000	0.000000	0.000000	0.497480	0.000000	0.000131	0.000000	0.000000	0.000000	0.000000	0.000000
129	tsk_129	(x)	1	:	0.000000	0.000000	0.000000	0.000000	0.000000	0.000000	0.454330	0.000000	0.000000	0.000000	0.000000	0.000000	0.545670	0.000000
130	tsk_130	(x)	1	:	0.000000	0.000000	0.000000	0.000000	0.000000	0.486284	0.007082	0.506634	0.000000	0.000000	0.000000	0.000000	0.000000	0.000000
131	tsk_131	(x)	1	:	0.237454	0.000000	0.000000	0.000000	0.000000	0.000363	0.000492	0.502327	0.000000	0.000000	0.000000	0.259364	0.000000	0.000000
132	tsk_132	(x)	1	:	0.000000	0.000000	0.000000	0.000000	0.000000	0.000000	0.000000	0.468795	0.531205	0.000000	0.000000	0.000000	0.000000	0.000000
133	tsk_133	(x)	1	:	0.000000	0.000000	0.000000	0.000000	0.000000	0.492068	0.246165	0.261767	0.000000	0.000000	0.000000	0.000000	0.000000	0.000000
134	tsk_134	(x)	1	:	0.000423	0.000000	0.000000	0.000000	0.000000	0.000000	0.000000	0.000000	0.526066	0.000000	0.000000	0.473510	0.000000	0.000000
135	tsk_135	(x)	1	:	0.000000	0.000000	0.000000	0.000000	0.000000	0.000000	0.000000	0.000000	1.000000	0.000000	0.000000	0.000000	0.000000	0.000000
136	tsk_136	(x)	1	:	0.000000	0.000000	0.000000	0.000000	0.000000	0.000000	0.000000	0.000000	1.000000	0.000000	0.000000	0.000000	0.000000	0.000000
137	tsk_137	(x)	1	:	0.000000	0.000000	0.000000	0.000000	0.000000	0.000000	0.000000	0.000000	1.000000	0.000000	0.000000	0.000000	0.000000	0.000000
138	tsk_138	(x)	1	:	0.000879	0.000000	0.000000	0.000000	0.000000	0.000000	0.000000	0.000000	0.526067	0.000000	0.000000	0.473054	0.000000	0.000000
139	tsk_139	(x)	1	:	0.000000	0.501452	0.000000	0.000000	0.000000	0.000000	0.000000	0.000000	0.498548	0.000000	0.000000	0.000000	0.000000	0.000000
140	tsk_140	(x)	1	:	0.000000	0.000000	0.000000	0.000000	0.000000	0.000000	0.454896	0.000000	0.000000	0.000000	0.000000	0.545104	0.000000	0.000000
141	tsk_141	(x)	1	:	0.401087	0.000000	0.000000	0.000000	0.000000	0.001723	0.497169	0.000000	0.000000	0.000000	0.000000	0.100021	0.000000	0.000000
142	tsk_142	(x)	1	:	0.000000	0.000000	0.000000	0.000000	0.000000	0.000000	0.000000	0.000000	0.000000	0.000000	0.000000	1.000000	0.000000	0.000000
143	tsk_143	(x)	1	:	0.000149	0.000000	0.000000	0.391780	0.000000	0.000000	0.000000	0.000000	0.000000	0.000000	0.000000	0.497878	0.000000	0.110193
144	tsk_144	(x)	1	:	0.301929	0.000000	0.000000	0.000000	0.000000	0.001639	0.497852	0.000000	0.000000	0.000000	0.000000	0.198580	0.000000	0.000000
145	tsk_145	(x)	1	:	0.000000	0.000000	0.000000	0.000000	0.000000	0.000000	1.000000	0.000000	0.000000	0.000000	0.000000	0.000000	0.000000	0.000000
146	tsk_146	(x)	1	:	0.393194	0.000000	0.000000	0.000000	0.000000	0.003561	0.496109	0.000000	0.000000	0.000000	0.000000	0.107136	0.000000	0.000000
147	tsk_147	(x)	1	:	0.000000	0.000000	0.000000	0.000000	0.000000	0.000000	0.000000	0.000000	0.000000	0.000000	0.000000	1.000000	0.000000	0.000000
148	tsk_148	(x)	1	:	0.000000	0.000000	0.000000	0.391856	0.000000	0.000362	0.499785	0.000000	0.000000	0.000000	0.000000	0.000000	0.000000	0.107997
149	tsk_149	(x)	1	:	0.000111	0.000000	0.000000	0.391794	0.000000	0.000000	0.000000	0.000000	0.000000	0.000000	0.000000	0.497924	0.000000	0.110171
