logL = -1956.326492 (converged)
AIC = 5880.652984
BIC = 8843.118114

count.K
38 43 45 10 6 8 

