logL = -1395.599761 (converged)
AIC = 7027.199521
BIC = 13403.725074

count.K
4 8 9 9 15 5 37 26 1 30 0 6 

