logL = -1051.918214 (converged)
AIC = 6927.836428
BIC = 14189.488758

count.K
7 2 17 2 5 10 1 39 46 3 4 9 4 1 

