logL = -832.794087 (converged)
AIC = 2457.588174
BIC = 3649.799750

count.K
16 67 67 

