logL = -1894.961084 (converged)
AIC = 9089.922168
BIC = 17068.105698

count.K
17 5 26 7 5 1 15 6 2 1 39 7 5 14 

