logL = -1271.216129 (converged)
AIC = 6510.432257
BIC = 12483.532681

count.K
11 7 64 24 14 5 15 3 0 7 0 

