logL = -1344.647552 (converged)
AIC = 5105.295104
BIC = 8742.142539

count.K
5 41 30 6 4 34 30 

