0	tsk_0	(x)	1	:	0.000000	0.000000	0.000000	0.000000	1.000000	0.000000	0.000000	0.000000	0.000000	0.000000	0.000000	0.000000	0.000000
1	tsk_1	(x)	1	:	0.000000	0.000000	0.446914	0.000000	0.000000	0.000000	0.000000	0.000000	0.000000	0.000000	0.000000	0.000000	0.553086
2	tsk_2	(x)	1	:	0.000000	0.000000	0.000000	0.000000	0.000000	0.000000	0.000000	0.000000	0.000000	0.000000	0.000000	1.000000	0.000000
3	tsk_3	(x)	1	:	0.000004	0.000000	0.000000	0.000000	0.000000	0.000000	0.000000	0.000000	0.507768	0.000000	0.000000	0.492228	0.000000
4	tsk_4	(x)	1	:	0.000002	0.000000	0.496892	0.000000	0.000000	0.000000	0.000000	0.000000	0.010910	0.000000	0.000000	0.492196	0.000000
5	tsk_5	(x)	1	:	0.000000	0.000000	0.102483	0.000000	0.394377	0.000000	0.000000	0.000000	0.011019	0.000000	0.000000	0.492121	0.000000
6	tsk_6	(x)	1	:	0.000003	0.000000	0.000000	0.000000	0.000000	0.000000	0.000000	0.500022	0.007701	0.000000	0.000000	0.492274	0.000000
7	tsk_7	(x)	1	:	0.000000	0.000000	0.496207	0.000000	0.000000	0.000000	0.000000	0.499757	0.004035	0.000000	0.000000	0.000000	0.000000
8	tsk_8	(x)	1	:	0.000000	0.000000	0.605464	0.000000	0.394536	0.000000	0.000000	0.000000	0.000000	0.000000	0.000000	0.000000	0.000000
9	tsk_9	(x)	1	:	0.000000	0.000000	0.102822	0.000000	0.394264	0.000000	0.000000	0.000000	0.502914	0.000000	0.000000	0.000000	0.000000
10	tsk_10	(x)	1	:	0.000000	0.000000	0.500619	0.000000	0.000000	0.000000	0.000000	0.000000	0.000000	0.499381	0.000000	0.000000	0.000000
11	tsk_11	(x)	1	:	0.000000	0.000000	0.496938	0.000000	0.000000	0.000000	0.000000	0.000000	0.503062	0.000000	0.000000	0.000000	0.000000
12	tsk_12	(x)	1	:	0.000000	0.000000	0.000000	0.000000	0.000000	0.000000	0.529186	0.000000	0.470814	0.000000	0.000000	0.000000	0.000000
13	tsk_13	(x)	1	:	0.000000	0.000000	0.477107	0.000000	0.000000	0.000000	0.522888	0.000000	0.000005	0.000000	0.000000	0.000000	0.000000
14	tsk_14	(x)	1	:	0.000000	0.000000	0.000000	0.000000	0.000000	0.000000	0.000000	0.000000	0.501289	0.498711	0.000000	0.000000	0.000000
15	tsk_15	(x)	1	:	0.005485	0.000000	0.000000	0.452201	0.000000	0.000000	0.000000	0.000000	0.542314	0.000000	0.000000	0.000000	0.000000
16	tsk_16	(x)	1	:	0.000000	0.000000	0.000000	0.000000	0.000000	0.000000	0.000000	0.000000	1.000000	0.000000	0.000000	0.000000	0.000000
17	tsk_17	(x)	1	:	0.000000	0.000000	0.446643	0.000000	0.000000	0.000000	0.553357	0.000000	0.000000	0.000000	0.000000	0.000000	0.000000
18	tsk_18	(x)	1	:	0.000000	0.000000	0.496885	0.000000	0.000000	0.000000	0.000000	0.000000	0.013511	0.000000	0.000000	0.000000	0.489604
19	tsk_19	(x)	1	:	0.000000	0.000000	0.496938	0.000000	0.000000	0.000000	0.000000	0.000000	0.503062	0.000000	0.000000	0.000000	0.000000
20	tsk_20	(x)	1	:	0.390595	0.000000	0.000000	0.000000	0.000000	0.000000	0.000000	0.000000	0.000000	0.000000	0.000000	0.609405	0.000000
21	tsk_21	(x)	1	:	0.463279	0.000000	0.000000	0.000000	0.000000	0.000000	0.481215	0.000000	0.055506	0.000000	0.000000	0.000000	0.000000
22	tsk_22	(x)	1	:	0.000000	0.000000	0.000000	0.000000	0.000000	0.000000	0.000000	0.499997	0.010357	0.000000	0.000000	0.000000	0.489646
23	tsk_23	(x)	1	:	0.463242	0.000000	0.000000	0.000000	0.000000	0.000000	0.000000	0.000000	0.047143	0.000000	0.000000	0.000000	0.489615
24	tsk_24	(x)	1	:	0.463238	0.000000	0.000000	0.000000	0.000000	0.000000	0.000000	0.499986	0.036775	0.000000	0.000000	0.000000	0.000000
25	tsk_25	(x)	1	:	1.000000	0.000000	0.000000	0.000000	0.000000	0.000000	0.000000	0.000000	0.000000	0.000000	0.000000	0.000000	0.000000
26	tsk_26	(x)	1	:	1.000000	0.000000	0.000000	0.000000	0.000000	0.000000	0.000000	0.000000	0.000000	0.000000	0.000000	0.000000	0.000000
27	tsk_27	(x)	1	:	0.000000	0.000000	0.000000	0.000000	0.000000	0.000000	0.481224	0.000000	0.029119	0.000000	0.000000	0.000000	0.489657
28	tsk_28	(x)	1	:	0.463241	0.000000	0.000000	0.000000	0.000000	0.000000	0.000000	0.000000	0.047144	0.000000	0.000000	0.000000	0.489615
29	tsk_29	(x)	1	:	0.000074	0.000000	0.000000	0.000000	0.000000	0.502473	0.000000	0.000000	0.005290	0.000000	0.000000	0.000000	0.492164
30	tsk_30	(x)	1	:	0.000000	0.000000	0.496880	0.000000	0.000000	0.000000	0.000000	0.000000	0.013521	0.000000	0.000000	0.000000	0.489599
31	tsk_31	(x)	1	:	0.000000	0.000000	0.000000	0.000000	0.000000	0.000000	0.000000	0.000000	0.000000	0.000000	0.000000	0.000000	1.000000
32	tsk_32	(x)	1	:	0.000000	0.000000	0.496883	0.000000	0.000000	0.000000	0.000000	0.000000	0.013515	0.000000	0.000000	0.000000	0.489602
33	tsk_33	(x)	1	:	0.000000	0.000000	0.000000	0.000000	0.000000	0.000000	0.000000	0.000000	0.000000	0.000000	0.000000	0.000000	1.000000
34	tsk_34	(x)	1	:	0.463250	0.000000	0.496901	0.000000	0.000000	0.000000	0.000000	0.000000	0.039849	0.000000	0.000000	0.000000	0.000000
35	tsk_35	(x)	1	:	0.000000	0.000000	0.000000	0.000000	0.000000	0.000000	0.000000	0.499994	0.010366	0.000000	0.000000	0.000000	0.489640
36	tsk_36	(x)	1	:	0.000003	0.000000	0.000000	0.000000	0.000000	0.000000	0.000000	0.000000	0.018119	0.000000	0.000000	0.492224	0.489653
37	tsk_37	(x)	1	:	0.000082	0.000000	0.000000	0.000000	0.000000	0.505113	0.000000	0.000000	0.000000	0.000000	0.000000	0.000000	0.494806
38	tsk_38	(x)	1	:	0.000000	0.000000	0.496913	0.000000	0.000000	0.000000	0.000000	0.000000	0.013455	0.000000	0.000000	0.000000	0.489632
39	tsk_39	(x)	1	:	0.000000	0.000000	0.102521	0.000000	0.394358	0.000000	0.000000	0.000000	0.013616	0.000000	0.000000	0.000000	0.489504
40	tsk_40	(x)	1	:	0.146029	0.000000	0.000000	0.348078	0.000000	0.000000	0.000000	0.000000	0.000000	0.000000	0.000000	0.505893	0.000000
41	tsk_41	(x)	1	:	0.146031	0.000000	0.000000	0.348076	0.000000	0.000000	0.000000	0.000000	0.000000	0.000000	0.000000	0.505892	0.000000
42	tsk_42	(x)	1	:	0.000004	0.000000	0.496919	0.000000	0.000000	0.000000	0.000000	0.000000	0.010864	0.000000	0.000000	0.492213	0.000000
43	tsk_43	(x)	1	:	0.000047	0.000000	0.000000	0.000000	0.000000	0.000000	0.000000	0.000000	0.281455	0.000000	0.226285	0.492214	0.000000
44	tsk_44	(x)	1	:	0.000000	0.000000	0.000000	0.000000	0.000000	0.000000	0.000000	0.000000	0.000000	0.000000	0.000000	1.000000	0.000000
45	tsk_45	(x)	1	:	0.146033	0.000000	0.000000	0.348075	0.000000	0.000000	0.000000	0.000000	0.000000	0.000000	0.000000	0.505892	0.000000
46	tsk_46	(x)	1	:	0.117047	0.000000	0.000000	0.348047	0.000000	0.000000	0.000000	0.000000	0.534907	0.000000	0.000000	0.000000	0.000000
47	tsk_47	(x)	1	:	0.431071	0.000000	0.000000	0.568929	0.000000	0.000000	0.000000	0.000000	0.000000	0.000000	0.000000	0.000000	0.000000
48	tsk_48	(x)	1	:	0.146027	0.000000	0.000000	0.348079	0.000000	0.000000	0.000000	0.000000	0.000000	0.000000	0.000000	0.505894	0.000000
49	tsk_49	(x)	1	:	0.431071	0.000000	0.000000	0.568929	0.000000	0.000000	0.000000	0.000000	0.000000	0.000000	0.000000	0.000000	0.000000
50	tsk_50	(x)	1	:	0.000000	0.000000	0.000000	0.000000	0.000000	0.000000	0.000000	0.000000	0.000000	0.000000	0.000000	0.000000	1.000000
51	tsk_51	(x)	1	:	0.000000	0.000000	0.000000	0.000000	0.000000	0.000000	0.000000	0.000000	0.000000	0.519523	0.000000	0.000000	0.480476
52	tsk_52	(x)	1	:	0.000000	0.000000	0.000000	0.000000	0.000000	0.000000	0.533285	0.000000	0.466715	0.000000	0.000000	0.000000	0.000000
53	tsk_53	(x)	1	:	0.571960	0.000000	0.000000	0.000000	0.000000	0.000000	0.000000	0.000000	0.000000	0.000000	0.000000	0.000000	0.428040
54	tsk_54	(x)	1	:	0.530860	0.000000	0.000000	0.000000	0.000000	0.000000	0.000000	0.469140	0.000000	0.000000	0.000000	0.000000	0.000000
55	tsk_55	(x)	1	:	0.000000	0.000000	0.000000	0.000000	0.000000	0.000000	0.000000	0.499999	0.010349	0.000000	0.000000	0.000000	0.489652
56	tsk_56	(x)	1	:	0.000000	0.000000	0.000000	0.000000	0.000000	0.000000	0.000000	1.000000	0.000000	0.000000	0.000000	0.000000	0.000000
57	tsk_57	(x)	1	:	0.000000	0.000000	0.000000	0.000000	0.000000	0.000000	0.493358	0.000000	0.000000	0.000000	0.000000	0.000000	0.506642
58	tsk_58	(x)	1	:	0.000000	0.000000	0.000000	0.000000	0.000000	0.000000	1.000000	0.000000	0.000000	0.000000	0.000000	0.000000	0.000000
59	tsk_59	(x)	1	:	0.000000	0.000000	0.000000	0.000000	0.000000	0.000000	0.624120	0.375880	0.000000	0.000000	0.000000	0.000000	0.000000
60	tsk_60	(x)	1	:	0.463181	0.000000	0.102629	0.000000	0.394342	0.000000	0.000000	0.000000	0.039848	0.000000	0.000000	0.000000	0.000000
61	tsk_61	(x)	1	:	0.000000	0.000000	0.000000	0.000000	1.000000	0.000000	0.000000	0.000000	0.000000	0.000000	0.000000	0.000000	0.000000
62	tsk_62	(x)	1	:	0.006157	0.000000	0.496797	0.451736	0.000000	0.000000	0.000000	0.000000	0.045310	0.000000	0.000000	0.000000	0.000000
63	tsk_63	(x)	1	:	0.463178	0.000000	0.102629	0.000000	0.394341	0.000000	0.000000	0.000000	0.039852	0.000000	0.000000	0.000000	0.000000
64	tsk_64	(x)	1	:	0.002475	0.000000	0.000000	0.453739	0.000000	0.000000	0.000000	0.000000	0.543785	0.000000	0.000000	0.000000	0.000000
65	tsk_65	(x)	1	:	0.010484	0.000000	0.102790	0.449572	0.394212	0.000000	0.000000	0.000000	0.042941	0.000000	0.000000	0.000000	0.000000
66	tsk_66	(x)	1	:	0.000000	0.000000	0.119165	0.000000	0.377765	0.000000	0.000000	0.000000	0.013515	0.489556	0.000000	0.000000	0.000000
67	tsk_67	(x)	1	:	0.051106	0.000000	0.000000	0.443512	0.000000	0.000000	0.000000	0.000000	0.000000	0.000000	0.000000	0.505381	0.000000
68	tsk_68	(x)	1	:	0.000007	0.000000	0.000000	0.000000	0.000000	0.000000	0.000000	0.000000	0.507766	0.000000	0.000000	0.492227	0.000000
69	tsk_69	(x)	1	:	0.493158	0.000000	0.000000	0.000000	0.000000	0.000000	0.000000	0.000000	0.000000	0.000000	0.000000	0.506842	0.000000
70	tsk_70	(x)	1	:	0.000002	0.000000	0.000000	0.000000	0.000000	0.000000	0.000000	0.000000	0.018117	0.000000	0.000000	0.492226	0.489655
71	tsk_71	(x)	1	:	0.000000	0.503058	0.000000	0.000000	0.000000	0.000000	0.000000	0.000000	0.000000	0.000000	0.000000	0.496942	0.000000
72	tsk_72	(x)	1	:	0.000000	0.000000	0.102541	0.000000	0.394356	0.000000	0.000000	0.000000	0.013581	0.000000	0.000000	0.000000	0.489521
73	tsk_73	(x)	1	:	0.000000	0.000000	0.000000	0.000000	0.000000	0.000000	0.000000	0.000000	0.000000	0.000000	0.000000	1.000000	0.000000
74	tsk_74	(x)	1	:	0.000003	0.000000	0.000000	0.000000	0.000000	0.000000	0.000000	0.000000	0.018117	0.000000	0.000000	0.492225	0.489655
75	tsk_75	(x)	1	:	0.000000	0.000000	0.000000	0.000000	0.000000	0.000000	0.000000	0.000000	0.000000	1.000000	0.000000	0.000000	0.000000
76	tsk_76	(x)	1	:	0.000011	0.000000	0.000000	0.000000	0.000000	0.000000	0.481228	0.000000	0.026527	0.000000	0.000000	0.492234	0.000000
77	tsk_77	(x)	1	:	0.000000	0.000000	0.000000	0.000000	0.000000	0.000000	0.000000	0.000000	0.009258	0.498640	0.000000	0.492102	0.000000
78	tsk_78	(x)	1	:	0.000000	0.000000	0.000000	0.000000	0.000000	0.000000	0.000000	0.000000	0.000000	1.000000	0.000000	0.000000	0.000000
79	tsk_79	(x)	1	:	0.000005	0.000000	0.000000	0.000000	0.000000	0.000000	0.000000	0.000000	0.018127	0.000000	0.000000	0.492220	0.489648
80	tsk_80	(x)	1	:	0.000000	0.000000	0.496938	0.000000	0.503062	0.000000	0.000000	0.000000	0.000000	0.000000	0.000000	0.000000	0.000000
81	tsk_81	(x)	1	:	0.000000	0.000000	0.000000	0.000000	0.000000	0.000000	1.000000	0.000000	0.000000	0.000000	0.000000	0.000000	0.000000
82	tsk_82	(x)	1	:	0.000000	0.000000	0.694811	0.000000	0.305189	0.000000	0.000000	0.000000	0.000000	0.000000	0.000000	0.000000	0.000000
83	tsk_83	(x)	1	:	0.000000	0.000000	0.000000	0.000000	0.000000	0.000000	0.481224	0.000000	0.029119	0.000000	0.000000	0.000000	0.489657
84	tsk_84	(x)	1	:	0.000000	0.000000	0.143708	0.000000	0.336941	0.000000	0.000000	0.000000	0.000000	0.519351	0.000000	0.000000	0.000000
85	tsk_85	(x)	1	:	0.000000	0.000000	0.496938	0.000000	0.503062	0.000000	0.000000	0.000000	0.000000	0.000000	0.000000	0.000000	0.000000
86	tsk_86	(x)	1	:	0.000000	0.000000	0.000000	0.000000	0.000000	0.000000	1.000000	0.000000	0.000000	0.000000	0.000000	0.000000	0.000000
87	tsk_87	(x)	1	:	0.000000	0.000000	0.496938	0.000000	0.503062	0.000000	0.000000	0.000000	0.000000	0.000000	0.000000	0.000000	0.000000
88	tsk_88	(x)	1	:	0.000000	0.000000	0.496938	0.000000	0.503062	0.000000	0.000000	0.000000	0.000000	0.000000	0.000000	0.000000	0.000000
89	tsk_89	(x)	1	:	0.000000	0.000000	0.000000	0.000000	0.000000	0.000000	0.409998	0.590002	0.000000	0.000000	0.000000	0.000000	0.000000
90	tsk_90	(x)	1	:	0.000000	0.000000	0.605464	0.000000	0.394536	0.000000	0.000000	0.000000	0.000000	0.000000	0.000000	0.000000	0.000000
91	tsk_91	(x)	1	:	0.000000	0.000000	0.000000	0.000000	1.000000	0.000000	0.000000	0.000000	0.000000	0.000000	0.000000	0.000000	0.000000
92	tsk_92	(x)	1	:	0.000000	0.000000	1.000000	0.000000	0.000000	0.000000	0.000000	0.000000	0.000000	0.000000	0.000000	0.000000	0.000000
93	tsk_93	(x)	1	:	0.463253	0.000000	0.496902	0.000000	0.000000	0.000000	0.000000	0.000000	0.039844	0.000000	0.000000	0.000000	0.000000
94	tsk_94	(x)	1	:	0.000000	0.000000	0.605464	0.000000	0.394536	0.000000	0.000000	0.000000	0.000000	0.000000	0.000000	0.000000	0.000000
95	tsk_95	(x)	1	:	0.000000	0.000000	0.605464	0.000000	0.394536	0.000000	0.000000	0.000000	0.000000	0.000000	0.000000	0.000000	0.000000
96	tsk_96	(x)	1	:	0.000000	0.000000	0.605464	0.000000	0.394536	0.000000	0.000000	0.000000	0.000000	0.000000	0.000000	0.000000	0.000000
97	tsk_97	(x)	1	:	0.000000	0.505494	0.494506	0.000000	0.000000	0.000000	0.000000	0.000000	0.000000	0.000000	0.000000	0.000000	0.000000
98	tsk_98	(x)	1	:	0.463184	0.000000	0.102627	0.000000	0.394344	0.000000	0.000000	0.000000	0.039845	0.000000	0.000000	0.000000	0.000000
99	tsk_99	(x)	1	:	0.000000	0.505497	0.494503	0.000000	0.000000	0.000000	0.000000	0.000000	0.000000	0.000000	0.000000	0.000000	0.000000
100	tsk_100	(x)	1	:	0.000000	0.000000	0.000000	0.000000	0.000000	0.000000	0.000000	0.000000	0.008676	0.498760	0.000000	0.492564	0.000000
101	tsk_101	(x)	1	:	0.000000	0.000000	0.496213	0.000000	0.000000	0.000000	0.000000	0.499759	0.004027	0.000000	0.000000	0.000000	0.000000
102	tsk_102	(x)	1	:	0.000000	0.000000	0.000000	0.000000	0.000000	0.000000	0.000000	0.000000	0.510343	0.000000	0.000000	0.000000	0.489657
103	tsk_103	(x)	1	:	0.000004	0.000000	0.000000	0.000000	0.000000	0.000000	0.000001	0.500016	0.007716	0.000000	0.000000	0.492263	0.000000
104	tsk_104	(x)	1	:	0.000000	0.000000	0.000000	0.000000	0.000000	0.000000	0.000000	0.000000	0.510343	0.000000	0.000000	0.000000	0.489657
105	tsk_105	(x)	1	:	0.493158	0.000000	0.000000	0.000000	0.000000	0.000000	0.000000	0.000000	0.000000	0.000000	0.000000	0.506842	0.000000
106	tsk_106	(x)	1	:	0.463252	0.000000	0.496902	0.000000	0.000000	0.000000	0.000000	0.000000	0.039846	0.000000	0.000000	0.000000	0.000000
107	tsk_107	(x)	1	:	0.000002	0.000000	0.000000	0.000000	0.000000	0.000000	0.000000	0.000000	0.507769	0.000000	0.000000	0.492228	0.000000
108	tsk_108	(x)	1	:	0.000000	0.000000	0.549086	0.000000	0.000000	0.000000	0.000000	0.000000	0.000000	0.000000	0.000000	0.450914	0.000000
109	tsk_109	(x)	1	:	0.050362	0.000000	0.000000	0.444017	0.000000	0.000000	0.000000	0.000000	0.000000	0.000000	0.000000	0.505620	0.000000
110	tsk_110	(x)	1	:	0.000000	0.000000	0.000000	0.000000	0.000000	0.000000	0.000000	0.499995	0.010362	0.000000	0.000000	0.000000	0.489643
111	tsk_111	(x)	1	:	0.000000	0.000000	0.000000	0.000000	0.000000	0.000000	0.000000	0.499996	0.010357	0.000000	0.000000	0.000000	0.489646
112	tsk_112	(x)	1	:	0.000000	0.000000	0.000000	0.000000	0.000000	0.000000	0.000000	0.500000	0.500000	0.000000	0.000000	0.000000	0.000000
113	tsk_113	(x)	1	:	0.000000	0.000000	0.000000	0.000000	0.000000	0.000000	0.000000	0.000000	0.000000	0.000000	0.000000	0.547065	0.452935
114	tsk_114	(x)	1	:	0.000081	0.000000	0.000000	0.000000	0.000000	0.505023	0.000000	0.000000	0.000179	0.000000	0.000000	0.000000	0.494716
115	tsk_115	(x)	1	:	0.000000	0.000000	0.000000	0.000000	0.000000	0.000000	0.000000	0.499996	0.010360	0.000000	0.000000	0.000000	0.489644
116	tsk_116	(x)	1	:	0.000000	0.000000	0.000000	0.000000	0.000000	0.000000	0.000000	0.499996	0.010358	0.000000	0.000000	0.000000	0.489645
117	tsk_117	(x)	1	:	0.000000	0.000000	0.500619	0.000000	0.000000	0.000000	0.000000	0.000000	0.000000	0.499381	0.000000	0.000000	0.000000
118	tsk_118	(x)	1	:	0.000000	0.000000	0.000000	0.000000	0.000000	0.000000	0.409998	0.590002	0.000000	0.000000	0.000000	0.000000	0.000000
119	tsk_119	(x)	1	:	0.000000	0.000000	0.000000	0.000000	0.000000	0.000000	0.000000	0.000000	1.000000	0.000000	0.000000	0.000000	0.000000
120	tsk_120	(x)	1	:	0.000000	0.000000	0.101669	0.000000	0.394414	0.000000	0.000000	0.499695	0.004222	0.000000	0.000000	0.000000	0.000000
121	tsk_121	(x)	1	:	0.000000	0.000000	0.000000	0.000000	0.000000	0.000000	0.000000	0.000000	0.309606	0.498711	0.191683	0.000000	0.000000
122	tsk_122	(x)	1	:	0.000000	0.000000	0.119066	0.000000	0.377790	0.000000	0.000000	0.000000	0.013598	0.489546	0.000000	0.000000	0.000000
123	tsk_123	(x)	1	:	0.000000	0.000000	0.000000	0.000000	0.000000	0.000000	0.481224	0.000000	0.518776	0.000000	0.000000	0.000000	0.000000
124	tsk_124	(x)	1	:	0.000000	0.000000	0.000000	0.000000	0.000000	0.000000	0.000000	0.000000	1.000000	0.000000	0.000000	0.000000	0.000000
125	tsk_125	(x)	1	:	0.000000	0.000000	0.000000	0.000000	0.000000	0.000000	0.481224	0.000000	0.518776	0.000000	0.000000	0.000000	0.000000
126	tsk_126	(x)	1	:	0.000000	0.000000	0.000000	0.000000	0.000000	0.000000	0.000000	0.000000	0.510343	0.000000	0.000000	0.000000	0.489657
127	tsk_127	(x)	1	:	0.000000	0.000000	0.000000	0.000000	0.000000	0.000000	0.000000	0.000000	1.000000	0.000000	0.000000	0.000000	0.000000
128	tsk_128	(x)	1	:	0.019658	0.000000	0.000000	0.445860	0.000000	0.000000	0.000000	0.000000	0.035624	0.498858	0.000000	0.000000	0.000000
129	tsk_129	(x)	1	:	0.000000	0.000000	0.000000	0.000000	0.000000	0.000000	0.000000	0.500000	0.500000	0.000000	0.000000	0.000000	0.000000
130	tsk_130	(x)	1	:	0.000000	0.000000	0.000000	0.000000	0.000000	0.000000	0.000000	0.000000	0.501289	0.498711	0.000000	0.000000	0.000000
131	tsk_131	(x)	1	:	0.000000	0.000000	0.000000	0.000000	0.000000	0.000000	0.000000	0.000000	0.501289	0.498711	0.000000	0.000000	0.000000
132	tsk_132	(x)	1	:	0.000000	0.000000	0.000000	0.000000	0.000000	1.000000	0.000000	0.000000	0.000000	0.000000	0.000000	0.000000	0.000000
133	tsk_133	(x)	1	:	0.000000	0.000000	0.000000	0.000000	0.000000	0.000000	0.000000	0.000000	1.000000	0.000000	0.000000	0.000000	0.000000
134	tsk_134	(x)	1	:	0.000000	0.000000	0.000000	0.000000	0.000000	0.000000	0.490010	0.000000	0.000000	0.509990	0.000000	0.000000	0.000000
135	tsk_135	(x)	1	:	0.000000	0.000000	0.000000	0.000000	0.000000	0.000000	0.481224	0.000000	0.518776	0.000000	0.000000	0.000000	0.000000
136	tsk_136	(x)	1	:	0.000039	0.000000	0.000000	0.000000	0.000000	0.513398	0.486563	0.000000	0.000000	0.000000	0.000000	0.000000	0.000000
137	tsk_137	(x)	1	:	0.000000	0.000000	0.000000	0.000000	0.000000	0.000000	0.481224	0.000000	0.518776	0.000000	0.000000	0.000000	0.000000
138	tsk_138	(x)	1	:	0.000215	0.000000	0.000000	0.000000	0.000000	0.499893	0.000000	0.000000	0.499893	0.000000	0.000000	0.000000	0.000000
139	tsk_139	(x)	1	:	0.000000	0.000000	0.000000	0.000000	0.000000	0.000000	1.000000	0.000000	0.000000	0.000000	0.000000	0.000000	0.000000
140	tsk_140	(x)	1	:	0.000000	0.000000	0.426550	0.387372	0.000000	0.000000	0.000000	0.000000	0.000000	0.000000	0.186078	0.000000	0.000000
141	tsk_141	(x)	1	:	0.000000	0.000000	0.000000	0.000000	0.000000	0.000000	0.000000	0.000000	0.773717	0.000000	0.226283	0.000000	0.000000
142	tsk_142	(x)	1	:	0.019986	0.000000	0.000000	0.444810	0.000000	0.000000	0.000000	0.000000	0.308931	0.000000	0.226273	0.000000	0.000000
143	tsk_143	(x)	1	:	0.296339	0.000000	0.000000	0.703661	0.000000	0.000000	0.000000	0.000000	0.000000	0.000000	0.000000	0.000000	0.000000
144	tsk_144	(x)	1	:	0.000000	0.000000	0.000000	1.000000	0.000000	0.000000	0.000000	0.000000	0.000000	0.000000	0.000000	0.000000	0.000000
145	tsk_145	(x)	1	:	0.000000	0.000000	0.000000	1.000000	0.000000	0.000000	0.000000	0.000000	0.000000	0.000000	0.000000	0.000000	0.000000
146	tsk_146	(x)	1	:	0.000000	0.000000	0.000000	1.000000	0.000000	0.000000	0.000000	0.000000	0.000000	0.000000	0.000000	0.000000	0.000000
147	tsk_147	(x)	1	:	0.000000	0.000000	0.516650	0.000000	0.000000	0.000000	0.000000	0.000000	0.000000	0.000000	0.483350	0.000000	0.000000
148	tsk_148	(x)	1	:	0.000000	0.000000	0.426550	0.387372	0.000000	0.000000	0.000000	0.000000	0.000000	0.000000	0.186078	0.000000	0.000000
149	tsk_149	(x)	1	:	0.000000	0.000000	0.426550	0.387372	0.000000	0.000000	0.000000	0.000000	0.000000	0.000000	0.186078	0.000000	0.000000
