logL = -3714.291703 (converged)
AIC = 10904.583406
BIC = 16137.067547

count.K
30 4 3 18 21 4 28 42 

