logL = -1357.938073 (converged)
AIC = 6295.876146
BIC = 11684.913322

count.K
6 35 19 9 5 11 19 23 6 17 

