logL = -606.969630 (converged)
AIC = 5841.939260
BIC = 12808.549330

count.K
1 9 5 0 13 22 3 13 0 17 37 20 8 2 

