logL = -1589.936527 (converged)
AIC = 4839.873053
BIC = 7338.700347

count.K
63 22 17 6 42 

