logL = -680.477883 (converged)
AIC = 2840.955765
BIC = 5068.825883

count.K
14 27 53 9 47 

