logL = -1101.993543 (converged)
AIC = 6439.987086
BIC = 12816.512639

count.K
24 13 7 1 48 2 9 16 1 4 16 9 

