logL = -1258.086607 (converged)
AIC = 5456.173215
BIC = 9881.807097

count.K
6 6 44 24 8 20 2 29 11 

