0	tsk_0	(x)	1	:	0.000000	0.000000	0.000024	0.000000	0.000000	0.000001	0.463833	0.322749	0.213393
1	tsk_1	(x)	1	:	0.507879	0.000000	0.000097	0.000000	0.000000	0.000000	0.492024	0.000000	0.000000
2	tsk_2	(x)	1	:	0.000000	0.000000	0.000028	0.000000	0.000000	0.000000	0.463830	0.322749	0.213393
3	tsk_3	(x)	1	:	0.000000	0.527468	0.000000	0.000000	0.000000	0.000000	0.000016	0.472516	0.000000
4	tsk_4	(x)	1	:	0.506527	0.000000	0.000005	0.000000	0.000000	0.000000	0.000000	0.493468	0.000000
5	tsk_5	(x)	1	:	0.000000	0.000000	0.000000	0.000000	0.000000	0.000000	1.000000	0.000000	0.000000
6	tsk_6	(x)	1	:	0.000000	0.000000	0.000000	0.000000	0.000000	0.000000	0.000000	1.000000	0.000000
7	tsk_7	(x)	1	:	0.000000	0.000000	0.000000	0.000000	0.000000	0.000000	0.000000	1.000000	0.000000
8	tsk_8	(x)	1	:	0.000000	0.000000	0.000027	0.000000	0.000000	0.000000	0.503629	0.496344	0.000000
9	tsk_9	(x)	1	:	0.000000	0.000000	0.000000	0.000000	0.000000	0.000000	1.000000	0.000000	0.000000
10	tsk_10	(x)	1	:	0.000000	0.000000	0.000016	0.499395	0.000000	0.000000	0.500590	0.000000	0.000000
11	tsk_11	(x)	1	:	0.470289	0.000000	0.000000	0.000000	0.000000	0.000000	0.000000	0.529711	0.000000
12	tsk_12	(x)	1	:	0.000000	0.000000	0.788701	0.000000	0.000000	0.000000	0.211299	0.000000	0.000000
13	tsk_13	(x)	1	:	0.000000	0.000000	0.414990	0.000000	0.000000	0.000000	0.585010	0.000000	0.000000
14	tsk_14	(x)	1	:	0.354146	0.000000	0.645854	0.000000	0.000000	0.000000	0.000000	0.000000	0.000000
15	tsk_15	(x)	1	:	0.000000	0.000000	0.000000	0.000000	0.224755	0.000000	0.000000	0.775245	0.000000
16	tsk_16	(x)	1	:	0.000000	0.000000	0.000000	0.000000	0.000000	0.000000	1.000000	0.000000	0.000000
17	tsk_17	(x)	1	:	0.000000	0.000000	0.000000	0.000000	0.000000	0.000000	1.000000	0.000000	0.000000
18	tsk_18	(x)	1	:	0.000000	0.000000	1.000000	0.000000	0.000000	0.000000	0.000000	0.000000	0.000000
19	tsk_19	(x)	1	:	0.510153	0.000000	0.000000	0.000000	0.000000	0.489736	0.000111	0.000000	0.000000
20	tsk_20	(x)	1	:	0.431926	0.000000	0.000000	0.000000	0.000000	0.000000	0.568074	0.000000	0.000000
21	tsk_21	(x)	1	:	0.000000	0.000000	0.000011	0.000000	0.000000	0.000001	0.462070	0.537918	0.000000
22	tsk_22	(x)	1	:	0.507876	0.000000	0.000107	0.000000	0.000000	0.000000	0.492017	0.000000	0.000000
23	tsk_23	(x)	1	:	0.000000	0.000000	0.000000	0.000000	0.000000	0.000000	1.000000	0.000000	0.000000
24	tsk_24	(x)	1	:	0.000000	0.000000	0.000000	0.000000	0.000000	0.000000	1.000000	0.000000	0.000000
25	tsk_25	(x)	1	:	0.000000	0.000000	0.000000	0.000000	0.000000	0.000000	0.428791	0.571209	0.000000
26	tsk_26	(x)	1	:	0.000000	0.000000	0.000000	0.000000	0.000000	0.000000	0.000000	1.000000	0.000000
27	tsk_27	(x)	1	:	0.000000	0.000000	0.000000	0.000000	0.509650	0.000000	0.000000	0.490350	0.000000
28	tsk_28	(x)	1	:	0.000000	0.000000	0.000000	0.000000	0.000000	0.000000	1.000000	0.000000	0.000000
29	tsk_29	(x)	1	:	0.000000	0.000000	0.000037	0.000000	0.000000	0.000000	0.503620	0.496343	0.000000
30	tsk_30	(x)	1	:	0.464278	0.535718	0.000000	0.000000	0.000000	0.000000	0.000003	0.000000	0.000000
31	tsk_31	(x)	1	:	0.000000	0.000000	0.000000	0.000000	1.000000	0.000000	0.000000	0.000000	0.000000
32	tsk_32	(x)	1	:	0.000000	0.000000	0.000000	0.000000	0.532606	0.000000	0.000000	0.467393	0.000000
33	tsk_33	(x)	1	:	0.503182	0.000000	0.000000	0.496818	0.000000	0.000000	0.000000	0.000000	0.000000
34	tsk_34	(x)	1	:	0.000000	0.000000	0.000000	0.000000	0.000000	0.000000	0.000000	1.000000	0.000000
35	tsk_35	(x)	1	:	0.506530	0.000000	0.000001	0.000000	0.000000	0.000000	0.000000	0.493469	0.000000
36	tsk_36	(x)	1	:	0.000000	0.000000	0.000000	0.000000	0.000000	0.000000	0.000000	1.000000	0.000000
37	tsk_37	(x)	1	:	0.506528	0.000000	0.000003	0.000000	0.000000	0.000000	0.000000	0.493468	0.000000
38	tsk_38	(x)	1	:	0.000000	0.522014	0.000000	0.000000	0.477977	0.000000	0.000009	0.000000	0.000000
39	tsk_39	(x)	1	:	0.000000	0.000000	0.000000	0.000000	0.000000	0.000000	0.000000	1.000000	0.000000
40	tsk_40	(x)	1	:	0.000000	0.000000	0.481920	0.000000	0.518079	0.000000	0.000001	0.000000	0.000000
41	tsk_41	(x)	1	:	0.000000	0.000000	0.000000	0.000000	0.532606	0.000000	0.000000	0.467393	0.000000
42	tsk_42	(x)	1	:	0.000000	0.000000	0.480552	0.000000	0.519447	0.000000	0.000001	0.000000	0.000000
43	tsk_43	(x)	1	:	0.000000	0.000000	0.999998	0.000000	0.000000	0.000000	0.000002	0.000000	0.000000
44	tsk_44	(x)	1	:	0.000000	0.000000	0.481919	0.000000	0.518079	0.000000	0.000002	0.000000	0.000000
45	tsk_45	(x)	1	:	0.000000	0.000000	0.414990	0.000000	0.000000	0.000000	0.585010	0.000000	0.000000
46	tsk_46	(x)	1	:	0.000000	0.000000	0.000000	0.000000	1.000000	0.000000	0.000000	0.000000	0.000000
47	tsk_47	(x)	1	:	0.000000	0.000000	0.474162	0.000000	0.525834	0.000000	0.000004	0.000000	0.000000
48	tsk_48	(x)	1	:	0.000000	0.000000	0.480553	0.000000	0.519447	0.000000	0.000000	0.000000	0.000000
49	tsk_49	(x)	1	:	0.000000	0.000000	0.000038	0.000000	0.499920	0.000000	0.500041	0.000000	0.000000
50	tsk_50	(x)	1	:	0.000000	0.000000	0.000000	0.000000	0.000000	0.000000	0.000000	0.000000	1.000000
51	tsk_51	(x)	1	:	0.000000	0.000000	0.632921	0.000000	0.000000	0.000000	0.367078	0.000000	0.000000
52	tsk_52	(x)	1	:	0.507884	0.000000	0.000082	0.000000	0.000000	0.000000	0.492034	0.000000	0.000000
53	tsk_53	(x)	1	:	0.512667	0.437147	0.000000	0.000000	0.000000	0.000000	0.050186	0.000000	0.000000
54	tsk_54	(x)	1	:	0.000000	0.000000	0.000037	0.000000	0.499920	0.000001	0.500042	0.000000	0.000000
55	tsk_55	(x)	1	:	0.000000	0.000000	0.632921	0.000000	0.000000	0.000000	0.367079	0.000000	0.000000
56	tsk_56	(x)	1	:	0.431926	0.000000	0.000000	0.000000	0.000000	0.000000	0.568074	0.000000	0.000000
57	tsk_57	(x)	1	:	0.524290	0.000000	0.000000	0.000000	0.000000	0.000000	0.000000	0.000000	0.475710
58	tsk_58	(x)	1	:	0.000000	0.000000	0.000091	0.000000	0.000013	0.000000	0.524291	0.000000	0.475605
59	tsk_59	(x)	1	:	0.000000	0.000000	0.000053	0.000000	0.000008	0.000000	0.524323	0.000000	0.475615
60	tsk_60	(x)	1	:	0.000000	0.000000	0.491876	0.000000	0.000000	0.000000	0.000000	0.508124	0.000000
61	tsk_61	(x)	1	:	0.000000	0.000000	0.000000	0.495252	0.000000	0.000000	0.000000	0.504748	0.000000
62	tsk_62	(x)	1	:	0.000000	0.000000	0.487922	0.512074	0.000000	0.000000	0.000004	0.000000	0.000000
63	tsk_63	(x)	1	:	0.000000	0.000000	0.000000	0.495252	0.000000	0.000000	0.000000	0.504748	0.000000
64	tsk_64	(x)	1	:	0.470289	0.000000	0.000000	0.000000	0.000000	0.000000	0.000000	0.529711	0.000000
65	tsk_65	(x)	1	:	0.507886	0.000000	0.000074	0.000000	0.000000	0.000000	0.492040	0.000000	0.000000
66	tsk_66	(x)	1	:	0.000000	0.000000	0.000001	0.000000	0.000000	0.501051	0.000273	0.498675	0.000000
67	tsk_67	(x)	1	:	0.470289	0.000000	0.000000	0.000000	0.000000	0.000000	0.000000	0.529711	0.000000
68	tsk_68	(x)	1	:	0.000000	0.000000	0.000028	0.000000	0.000000	0.000000	0.503627	0.496344	0.000000
69	tsk_69	(x)	1	:	0.000000	0.000000	0.000000	1.000000	0.000000	0.000000	0.000000	0.000000	0.000000
70	tsk_70	(x)	1	:	0.000000	0.000000	0.000000	0.000000	0.000000	0.000000	0.000000	1.000000	0.000000
71	tsk_71	(x)	1	:	0.000000	0.000000	0.000000	0.000000	0.000000	0.000000	0.000000	1.000000	0.000000
72	tsk_72	(x)	1	:	0.000000	0.000000	0.000000	0.000000	0.000000	0.483600	0.516400	0.000000	0.000000
73	tsk_73	(x)	1	:	0.000000	0.604091	0.395784	0.000000	0.000000	0.000000	0.000126	0.000000	0.000000
74	tsk_74	(x)	1	:	0.000000	0.000000	0.000000	0.000000	0.000000	0.501155	0.000296	0.498549	0.000000
75	tsk_75	(x)	1	:	0.000000	0.000000	0.539841	0.000000	0.000000	0.000000	0.000000	0.460159	0.000000
76	tsk_76	(x)	1	:	0.000000	0.000000	0.486525	0.000000	0.000000	0.000000	0.000001	0.513474	0.000000
77	tsk_77	(x)	1	:	0.000000	0.000000	0.610782	0.000000	0.000000	0.000000	0.389218	0.000000	0.000000
78	tsk_78	(x)	1	:	0.000000	0.000000	0.537671	0.000000	0.462329	0.000000	0.000000	0.000000	0.000000
79	tsk_79	(x)	1	:	0.000000	0.000000	0.000000	0.000000	0.000000	0.999981	0.000019	0.000000	0.000000
80	tsk_80	(x)	1	:	0.507773	0.300061	0.000015	0.000000	0.000000	0.000000	0.192151	0.000000	0.000000
81	tsk_81	(x)	1	:	0.000000	0.476729	0.000000	0.000000	0.000000	0.000000	0.523271	0.000000	0.000000
82	tsk_82	(x)	1	:	0.000000	0.300145	0.414615	0.000000	0.000000	0.000000	0.285240	0.000000	0.000000
83	tsk_83	(x)	1	:	0.000000	0.000000	0.000000	0.000000	0.649334	0.000000	0.000000	0.350666	0.000000
84	tsk_84	(x)	1	:	0.000000	0.000000	0.000003	0.000000	0.000000	0.487748	0.011678	0.500571	0.000000
85	tsk_85	(x)	1	:	0.000000	0.000000	0.000000	0.000000	0.000000	0.000000	1.000000	0.000000	0.000000
86	tsk_86	(x)	1	:	0.000000	0.297616	0.000059	0.000000	0.000000	0.000000	0.206081	0.496244	0.000000
87	tsk_87	(x)	1	:	0.000000	0.476729	0.000000	0.000000	0.000000	0.000000	0.523271	0.000000	0.000000
88	tsk_88	(x)	1	:	0.506529	0.000000	0.000003	0.000000	0.000000	0.000000	0.000000	0.493468	0.000000
89	tsk_89	(x)	1	:	0.000000	0.000000	0.000000	0.000000	0.000000	0.000000	1.000000	0.000000	0.000000
90	tsk_90	(x)	1	:	0.000000	0.000000	0.000000	0.000000	0.000000	0.000000	1.000000	0.000000	0.000000
91	tsk_91	(x)	1	:	0.000000	0.000000	0.000034	0.000000	0.500862	0.000000	0.499104	0.000000	0.000000
92	tsk_92	(x)	1	:	0.000000	0.000000	0.000000	0.000000	0.501042	0.498650	0.000308	0.000000	0.000000
93	tsk_93	(x)	1	:	0.000000	0.421942	0.413723	0.000000	0.000000	0.000000	0.164334	0.000000	0.000000
94	tsk_94	(x)	1	:	0.000000	0.000000	0.414158	0.000000	0.000000	0.583965	0.001877	0.000000	0.000000
95	tsk_95	(x)	1	:	0.000000	0.000000	0.000000	0.000000	0.000000	0.000000	1.000000	0.000000	0.000000
96	tsk_96	(x)	1	:	0.000000	0.000000	0.000000	0.000000	0.000000	0.000000	1.000000	0.000000	0.000000
97	tsk_97	(x)	1	:	0.000000	0.000000	0.000000	0.000000	0.464513	0.535487	0.000000	0.000000	0.000000
98	tsk_98	(x)	1	:	0.000000	0.421993	0.413772	0.000000	0.000000	0.000000	0.164234	0.000000	0.000000
99	tsk_99	(x)	1	:	0.000000	0.000000	0.000000	0.000000	0.000000	0.000000	1.000000	0.000000	0.000000
100	tsk_100	(x)	1	:	0.507875	0.000000	0.000109	0.000000	0.000000	0.000000	0.492015	0.000000	0.000000
101	tsk_101	(x)	1	:	0.000000	0.000000	0.000000	0.000000	0.000000	0.000000	1.000000	0.000000	0.000000
102	tsk_102	(x)	1	:	0.000000	0.000000	0.000000	0.000000	0.000000	0.000000	1.000000	0.000000	0.000000
103	tsk_103	(x)	1	:	0.000000	0.000000	0.000000	0.477368	0.000000	0.000000	0.522632	0.000000	0.000000
104	tsk_104	(x)	1	:	0.000000	0.000000	0.000029	0.000000	0.000000	0.000000	0.503627	0.496344	0.000000
105	tsk_105	(x)	1	:	0.000000	0.000000	0.000000	0.000000	0.000000	0.000000	0.000000	1.000000	0.000000
106	tsk_106	(x)	1	:	0.000000	0.000000	0.000000	0.000000	0.000000	0.000000	0.543584	0.456416	0.000000
107	tsk_107	(x)	1	:	0.000000	0.000000	0.000000	0.000000	0.000000	0.000000	0.543584	0.456416	0.000000
108	tsk_108	(x)	1	:	0.000000	0.000000	0.000000	0.000000	0.000000	0.321516	0.678484	0.000000	0.000000
109	tsk_109	(x)	1	:	0.000000	0.000000	0.000000	0.000000	0.000000	0.000001	0.999999	0.000000	0.000000
110	tsk_110	(x)	1	:	0.000000	0.000000	0.000038	0.000000	0.505102	0.000000	0.494860	0.000000	0.000000
111	tsk_111	(x)	1	:	0.000000	0.000000	0.000000	0.000000	0.000000	0.000000	1.000000	0.000000	0.000000
112	tsk_112	(x)	1	:	0.000000	0.000000	0.000008	0.000000	0.544733	0.000000	0.455259	0.000000	0.000000
113	tsk_113	(x)	1	:	0.000000	0.000000	0.000000	0.000000	0.506590	0.493286	0.000124	0.000000	0.000000
114	tsk_114	(x)	1	:	0.000000	0.000000	0.000000	0.000000	0.000000	0.000000	1.000000	0.000000	0.000000
115	tsk_115	(x)	1	:	0.000000	0.423250	0.000000	0.000000	0.000000	0.000000	0.576750	0.000000	0.000000
116	tsk_116	(x)	1	:	0.000000	0.000000	0.000000	0.000000	0.000000	0.000000	1.000000	0.000000	0.000000
117	tsk_117	(x)	1	:	0.000000	0.000000	0.000000	0.000000	0.000000	0.000000	1.000000	0.000000	0.000000
118	tsk_118	(x)	1	:	0.000000	0.000000	0.000008	0.000000	0.544732	0.000000	0.455259	0.000000	0.000000
119	tsk_119	(x)	1	:	0.000000	0.000000	0.000000	0.000000	0.000000	0.591438	0.408562	0.000000	0.000000
120	tsk_120	(x)	1	:	0.000000	0.000000	0.000000	0.000000	0.000000	0.000000	0.000000	0.642962	0.357038
121	tsk_121	(x)	1	:	1.000000	0.000000	0.000000	0.000000	0.000000	0.000000	0.000000	0.000000	0.000000
122	tsk_122	(x)	1	:	0.470333	0.000000	0.000000	0.000000	0.000000	0.000000	0.000000	0.309187	0.220479
123	tsk_123	(x)	1	:	0.000000	0.434706	0.000000	0.000000	0.000000	0.000000	0.024839	0.316177	0.224279
124	tsk_124	(x)	1	:	0.000000	0.423251	0.000000	0.000000	0.000000	0.000000	0.576749	0.000000	0.000000
125	tsk_125	(x)	1	:	0.000000	1.000000	0.000000	0.000000	0.000000	0.000000	0.000000	0.000000	0.000000
126	tsk_126	(x)	1	:	0.000000	0.423250	0.000000	0.000000	0.000000	0.000000	0.576750	0.000000	0.000000
127	tsk_127	(x)	1	:	0.000000	0.423250	0.000000	0.000000	0.000000	0.000000	0.576750	0.000000	0.000000
128	tsk_128	(x)	1	:	0.000000	1.000000	0.000000	0.000000	0.000000	0.000000	0.000000	0.000000	0.000000
129	tsk_129	(x)	1	:	0.000000	0.433976	0.000001	0.000000	0.000000	0.000000	0.025694	0.316095	0.224234
130	tsk_130	(x)	1	:	0.000000	0.000000	0.000000	0.000000	0.000000	0.591209	0.408791	0.000000	0.000000
131	tsk_131	(x)	1	:	0.000000	0.000000	0.000000	0.000000	0.000000	0.591393	0.408607	0.000000	0.000000
132	tsk_132	(x)	1	:	0.507893	0.000000	0.000052	0.000000	0.000000	0.000000	0.492055	0.000000	0.000000
133	tsk_133	(x)	1	:	0.000000	0.422203	0.000000	0.499279	0.000000	0.000000	0.078518	0.000000	0.000000
134	tsk_134	(x)	1	:	0.000000	0.421837	0.000790	0.000000	0.403799	0.000000	0.131178	0.042395	0.000001
135	tsk_135	(x)	1	:	0.000000	0.423250	0.000000	0.000000	0.000000	0.000000	0.576750	0.000000	0.000000
136	tsk_136	(x)	1	:	0.000000	0.420194	0.000000	0.000000	0.000000	0.578739	0.001067	0.000000	0.000000
137	tsk_137	(x)	1	:	0.507876	0.000000	0.000108	0.000000	0.000000	0.000001	0.492016	0.000000	0.000000
138	tsk_138	(x)	1	:	0.510121	0.429649	0.000000	0.000000	0.000000	0.000000	0.060230	0.000000	0.000000
139	tsk_139	(x)	1	:	0.000000	0.423250	0.000000	0.000000	0.000000	0.000000	0.576749	0.000000	0.000000
140	tsk_140	(x)	1	:	0.000000	0.000000	0.000000	0.000000	0.000000	0.000000	0.000000	1.000000	0.000000
141	tsk_141	(x)	1	:	0.000000	0.000000	0.000000	0.000000	0.000000	0.000000	0.000000	1.000000	0.000000
142	tsk_142	(x)	1	:	0.000000	0.000000	0.000000	0.000000	0.000000	0.590891	0.409109	0.000000	0.000000
143	tsk_143	(x)	1	:	0.000000	0.000000	0.000032	0.000000	0.000000	0.000000	0.503624	0.496343	0.000000
144	tsk_144	(x)	1	:	0.000000	0.423250	0.000000	0.000000	0.000000	0.000000	0.576750	0.000000	0.000000
145	tsk_145	(x)	1	:	0.000000	0.000000	0.000000	0.000000	0.000000	0.591345	0.408655	0.000000	0.000000
146	tsk_146	(x)	1	:	0.000000	0.000000	0.000027	0.000000	0.000000	0.000000	0.503629	0.496344	0.000000
147	tsk_147	(x)	1	:	0.000000	0.000000	0.306169	0.000000	0.000000	0.693831	0.000001	0.000000	0.000000
148	tsk_148	(x)	1	:	0.000000	1.000000	0.000000	0.000000	0.000000	0.000000	0.000000	0.000000	0.000000
149	tsk_149	(x)	1	:	0.000000	0.000000	0.000000	0.000000	0.000000	0.000000	1.000000	0.000000	0.000000
