logL = -685.071425 (converged)
AIC = 2518.142851
BIC = 4246.247510

count.K
15 11 90 34 

