logL = -800.625592 (converged)
AIC = 6111.251184
BIC = 12900.233772

count.K
1 26 4 24 32 2 7 3 0 9 7 20 15 

