logL = -1992.817306 (converged)
AIC = 4453.634611
BIC = 5158.123270

count.K
49 101 

