logL = -879.093135 (converged)
AIC = 6666.186270
BIC = 14054.285282

count.K
6 1 24 7 12 7 2 3 10 40 9 5 15 9 

