logL = -1654.880600 (converged)
AIC = 3761.761199
BIC = 4442.164776

count.K
58 92 

