logL = -2620.425827 (converged)
AIC = 6540.851655
BIC = 8497.764596

count.K
37 68 33 12 

