logL = -1737.249958 (converged)
AIC = 5562.499916
BIC = 8705.603163

count.K
6 36 15 26 30 37 

