logL = -1379.414313 (converged)
AIC = 4338.828626
BIC = 6717.230508

count.K
14 40 41 21 34 

