logL = -415.910430 (converged)
AIC = 5543.820859
BIC = 12636.877612

count.K
2 3 2 6 25 6 15 7 14 9 17 17 18 9 

