logL = -3603.261769 (converged)
AIC = 13042.523537
BIC = 21827.557326

count.K
3 4 5 3 28 4 3 35 2 19 17 6 21 

