logL = -2212.212699 (converged)
AIC = 6524.425398
BIC = 9685.592457

count.K
43 25 12 45 20 5 

