0	tsk_0	(x)	1	:	0.000000	0.000000	0.000000	1.000000	0.000000
1	tsk_1	(x)	1	:	0.000000	0.000000	0.706089	0.000003	0.293908
2	tsk_2	(x)	1	:	0.000000	0.564599	0.000000	0.435313	0.000088
3	tsk_3	(x)	1	:	0.000000	0.294602	0.108414	0.000013	0.596971
4	tsk_4	(x)	1	:	0.000000	0.000000	0.000000	0.494079	0.505921
5	tsk_5	(x)	1	:	0.000000	0.499243	0.000000	0.490324	0.010433
6	tsk_6	(x)	1	:	0.000000	0.559954	0.440020	0.000000	0.000026
7	tsk_7	(x)	1	:	0.000000	0.361304	0.638696	0.000000	0.000000
8	tsk_8	(x)	1	:	0.000000	0.000000	0.396357	0.000004	0.603639
9	tsk_9	(x)	1	:	0.000000	0.000000	0.396431	0.494183	0.109386
10	tsk_10	(x)	1	:	0.000000	0.000000	0.615613	0.000003	0.384384
11	tsk_11	(x)	1	:	0.000000	0.000000	0.000000	0.000007	0.999993
12	tsk_12	(x)	1	:	0.000000	0.431240	0.568760	0.000000	0.000000
13	tsk_13	(x)	1	:	0.000000	0.500514	0.000026	0.000024	0.499436
14	tsk_14	(x)	1	:	0.000000	0.000000	0.615613	0.000003	0.384384
15	tsk_15	(x)	1	:	0.000000	0.225689	0.774311	0.000000	0.000000
16	tsk_16	(x)	1	:	0.000000	0.000000	1.000000	0.000000	0.000000
17	tsk_17	(x)	1	:	0.000000	0.000000	0.396376	0.000011	0.603613
18	tsk_18	(x)	1	:	0.000000	0.294565	0.108517	0.000009	0.596910
19	tsk_19	(x)	1	:	0.000000	0.294673	0.108206	0.000005	0.597115
20	tsk_20	(x)	1	:	0.613877	0.000000	0.000000	0.000015	0.386108
21	tsk_21	(x)	1	:	0.000000	0.000000	0.611165	0.000001	0.388835
22	tsk_22	(x)	1	:	0.000000	0.000000	0.000000	0.000007	0.999993
23	tsk_23	(x)	1	:	0.000000	0.000000	0.611163	0.000000	0.388836
24	tsk_24	(x)	1	:	0.000000	0.000000	0.396357	0.000004	0.603639
25	tsk_25	(x)	1	:	0.166968	0.000000	0.548349	0.284682	0.000001
26	tsk_26	(x)	1	:	0.538612	0.000000	0.461388	0.000000	0.000000
27	tsk_27	(x)	1	:	0.000000	0.431240	0.568760	0.000000	0.000000
28	tsk_28	(x)	1	:	0.613875	0.000000	0.000000	0.000009	0.386116
29	tsk_29	(x)	1	:	0.000000	0.000000	0.000000	0.000009	0.999991
30	tsk_30	(x)	1	:	0.000000	0.000000	0.000000	1.000000	0.000000
31	tsk_31	(x)	1	:	0.000000	0.000000	0.568136	0.431272	0.000592
32	tsk_32	(x)	1	:	0.000000	0.000000	0.570887	0.428843	0.000270
33	tsk_33	(x)	1	:	0.000000	0.000000	0.570857	0.428798	0.000344
34	tsk_34	(x)	1	:	0.398040	0.000000	0.000000	0.508128	0.093832
35	tsk_35	(x)	1	:	0.000000	0.000000	0.000000	0.494084	0.505916
36	tsk_36	(x)	1	:	0.000000	0.000000	0.000000	1.000000	0.000000
37	tsk_37	(x)	1	:	0.000000	0.000000	1.000000	0.000000	0.000000
38	tsk_38	(x)	1	:	0.000000	0.000000	0.000000	1.000000	0.000000
39	tsk_39	(x)	1	:	0.387456	0.000000	0.607779	0.000000	0.004765
40	tsk_40	(x)	1	:	0.000000	0.000000	0.396357	0.000004	0.603639
41	tsk_41	(x)	1	:	0.000000	0.302861	0.697109	0.000000	0.000030
42	tsk_42	(x)	1	:	0.000000	0.000000	0.396363	0.000006	0.603630
43	tsk_43	(x)	1	:	0.000000	0.000000	0.000000	0.000000	1.000000
44	tsk_44	(x)	1	:	0.000000	0.000000	0.000000	0.000008	0.999992
45	tsk_45	(x)	1	:	0.000000	0.000000	0.999979	0.000000	0.000021
46	tsk_46	(x)	1	:	0.000000	0.302860	0.697116	0.000000	0.000024
47	tsk_47	(x)	1	:	0.000000	0.000000	0.396358	0.000004	0.603638
48	tsk_48	(x)	1	:	0.000000	0.000000	0.999977	0.000000	0.000023
49	tsk_49	(x)	1	:	0.000000	0.000000	0.000000	0.000000	1.000000
50	tsk_50	(x)	1	:	0.000000	0.000000	0.396364	0.000007	0.603629
51	tsk_51	(x)	1	:	0.000000	0.000000	0.396359	0.000004	0.603637
52	tsk_52	(x)	1	:	0.000000	0.000000	0.000000	0.000000	1.000000
53	tsk_53	(x)	1	:	1.000000	0.000000	0.000000	0.000000	0.000000
54	tsk_54	(x)	1	:	0.528425	0.000000	0.000000	0.000007	0.471568
55	tsk_55	(x)	1	:	0.000000	1.000000	0.000000	0.000000	0.000000
56	tsk_56	(x)	1	:	0.523914	0.290718	0.125238	0.000000	0.060130
57	tsk_57	(x)	1	:	1.000000	0.000000	0.000000	0.000000	0.000000
58	tsk_58	(x)	1	:	0.187083	0.000000	0.396326	0.000005	0.416585
59	tsk_59	(x)	1	:	0.000000	0.000000	0.615613	0.000003	0.384384
60	tsk_60	(x)	1	:	0.000000	0.000000	0.000000	0.000008	0.999992
61	tsk_61	(x)	1	:	0.000000	0.188339	0.811661	0.000000	0.000000
62	tsk_62	(x)	1	:	0.000000	0.000000	0.000000	0.000007	0.999993
63	tsk_63	(x)	1	:	0.387224	0.296524	0.107800	0.000008	0.208444
64	tsk_64	(x)	1	:	0.000000	0.592037	0.407953	0.000000	0.000011
65	tsk_65	(x)	1	:	0.000000	0.294622	0.108353	0.000005	0.597020
66	tsk_66	(x)	1	:	0.000000	0.500509	0.000029	0.000009	0.499453
67	tsk_67	(x)	1	:	0.000000	0.294537	0.108596	0.000013	0.596853
68	tsk_68	(x)	1	:	0.000000	0.500512	0.000041	0.000035	0.499411
69	tsk_69	(x)	1	:	0.000000	0.000000	0.000000	0.000014	0.999986
70	tsk_70	(x)	1	:	0.392245	0.000000	0.395861	0.000003	0.211891
71	tsk_71	(x)	1	:	0.528424	0.000000	0.000000	0.000004	0.471572
72	tsk_72	(x)	1	:	0.387681	0.000000	0.603662	0.000000	0.008657
73	tsk_73	(x)	1	:	0.392292	0.000000	0.395976	0.000001	0.211730
74	tsk_74	(x)	1	:	0.000000	1.000000	0.000000	0.000000	0.000000
75	tsk_75	(x)	1	:	0.392475	0.000000	0.000000	0.000017	0.607508
76	tsk_76	(x)	1	:	0.000000	0.642229	0.000002	0.000009	0.357760
77	tsk_77	(x)	1	:	0.000000	0.000000	0.611163	0.000000	0.388836
78	tsk_78	(x)	1	:	0.392472	0.000000	0.000000	0.000007	0.607521
79	tsk_79	(x)	1	:	0.000000	0.000000	0.396366	0.000007	0.603627
80	tsk_80	(x)	1	:	0.000000	0.559951	0.440035	0.000000	0.000013
81	tsk_81	(x)	1	:	0.000000	0.000000	0.999985	0.000000	0.000015
82	tsk_82	(x)	1	:	0.000000	0.000000	0.615626	0.000012	0.384362
83	tsk_83	(x)	1	:	0.187093	0.000000	0.000000	0.335517	0.477390
84	tsk_84	(x)	1	:	0.000000	0.000000	0.714606	0.000000	0.285394
85	tsk_85	(x)	1	:	0.000000	0.500512	0.000019	0.000008	0.499461
86	tsk_86	(x)	1	:	0.000000	0.000000	0.615612	0.000002	0.384386
87	tsk_87	(x)	1	:	0.000000	0.456987	0.543012	0.000000	0.000000
88	tsk_88	(x)	1	:	0.000000	0.000000	0.000000	0.000011	0.999989
89	tsk_89	(x)	1	:	0.000000	1.000000	0.000000	0.000000	0.000000
90	tsk_90	(x)	1	:	0.000000	0.000000	1.000000	0.000000	0.000000
91	tsk_91	(x)	1	:	0.000000	0.000000	1.000000	0.000000	0.000000
92	tsk_92	(x)	1	:	0.000000	0.660898	0.339102	0.000000	0.000000
93	tsk_93	(x)	1	:	0.000000	0.000000	1.000000	0.000000	0.000000
94	tsk_94	(x)	1	:	0.000000	0.000000	0.615613	0.000003	0.384385
95	tsk_95	(x)	1	:	0.000000	0.000000	1.000000	0.000000	0.000000
96	tsk_96	(x)	1	:	0.000000	0.000000	1.000000	0.000000	0.000000
97	tsk_97	(x)	1	:	0.000000	1.000000	0.000000	0.000000	0.000000
98	tsk_98	(x)	1	:	0.000000	0.000000	0.999999	0.000000	0.000000
99	tsk_99	(x)	1	:	0.000000	0.851739	0.148261	0.000000	0.000000
100	tsk_100	(x)	1	:	0.000000	0.000000	0.999993	0.000000	0.000007
101	tsk_101	(x)	1	:	0.000000	0.000000	0.000000	0.000013	0.999987
102	tsk_102	(x)	1	:	0.000000	0.188339	0.811661	0.000000	0.000000
103	tsk_103	(x)	1	:	0.000000	0.000000	0.000000	0.000011	0.999989
104	tsk_104	(x)	1	:	0.000000	0.188339	0.811661	0.000000	0.000000
105	tsk_105	(x)	1	:	0.000000	0.000000	0.396368	0.000008	0.603624
106	tsk_106	(x)	1	:	0.000000	0.000000	0.396364	0.000007	0.603629
107	tsk_107	(x)	1	:	0.000000	0.000000	0.000000	0.000007	0.999993
108	tsk_108	(x)	1	:	0.387387	0.000000	0.607668	0.000000	0.004945
109	tsk_109	(x)	1	:	0.000000	0.559951	0.440038	0.000000	0.000012
110	tsk_110	(x)	1	:	0.000000	0.000000	0.615611	0.000001	0.384388
111	tsk_111	(x)	1	:	0.000000	0.000000	0.999997	0.000000	0.000003
112	tsk_112	(x)	1	:	0.000000	1.000000	0.000000	0.000000	0.000000
113	tsk_113	(x)	1	:	0.613875	0.000000	0.000000	0.000011	0.386113
114	tsk_114	(x)	1	:	0.610576	0.000000	0.387553	0.000000	0.001871
115	tsk_115	(x)	1	:	0.000000	1.000000	0.000000	0.000000	0.000000
116	tsk_116	(x)	1	:	0.000000	0.000000	0.474672	0.525328	0.000000
117	tsk_117	(x)	1	:	0.000000	0.500491	0.000000	0.493907	0.005602
118	tsk_118	(x)	1	:	0.000000	0.500369	0.000000	0.493559	0.006071
119	tsk_119	(x)	1	:	0.000000	0.000000	0.570806	0.428723	0.000471
120	tsk_120	(x)	1	:	0.552151	0.447849	0.000000	0.000000	0.000000
121	tsk_121	(x)	1	:	0.000000	0.000000	0.000000	0.000020	0.999980
122	tsk_122	(x)	1	:	0.613875	0.000000	0.000000	0.000010	0.386115
123	tsk_123	(x)	1	:	0.000000	0.000000	0.396373	0.000010	0.603617
124	tsk_124	(x)	1	:	0.000000	0.000000	0.000000	0.000008	0.999992
125	tsk_125	(x)	1	:	0.000000	0.500512	0.000020	0.000009	0.499458
126	tsk_126	(x)	1	:	0.000000	0.000000	0.396907	0.494731	0.108362
127	tsk_127	(x)	1	:	0.000000	0.000000	0.000000	0.494091	0.505909
128	tsk_128	(x)	1	:	0.000000	0.000000	0.611164	0.000000	0.388836
129	tsk_129	(x)	1	:	0.000000	0.559953	0.440025	0.000000	0.000022
130	tsk_130	(x)	1	:	0.529991	0.000000	0.399989	0.000000	0.070020
131	tsk_131	(x)	1	:	0.477475	0.000000	0.522525	0.000000	0.000000
132	tsk_132	(x)	1	:	0.000000	0.000000	0.000000	1.000000	0.000000
133	tsk_133	(x)	1	:	0.000000	0.559954	0.440017	0.000000	0.000028
134	tsk_134	(x)	1	:	0.000000	0.000000	1.000000	0.000000	0.000000
135	tsk_135	(x)	1	:	0.000000	0.302861	0.697112	0.000000	0.000027
136	tsk_136	(x)	1	:	0.000000	0.000000	1.000000	0.000000	0.000000
137	tsk_137	(x)	1	:	0.000000	0.302861	0.697112	0.000000	0.000027
138	tsk_138	(x)	1	:	0.000000	0.294528	0.108620	0.000007	0.596845
139	tsk_139	(x)	1	:	0.000000	0.000000	0.999979	0.000000	0.000021
140	tsk_140	(x)	1	:	0.000000	0.223427	0.776573	0.000000	0.000000
141	tsk_141	(x)	1	:	0.000000	0.000000	0.000000	0.494096	0.505904
142	tsk_142	(x)	1	:	0.000000	0.000000	0.396369	0.000009	0.603622
143	tsk_143	(x)	1	:	0.000000	0.000000	0.396356	0.000003	0.603641
144	tsk_144	(x)	1	:	0.000000	0.499617	0.000000	0.491402	0.008980
145	tsk_145	(x)	1	:	0.000000	0.500512	0.000022	0.000012	0.499454
146	tsk_146	(x)	1	:	0.000000	0.294483	0.108752	0.000013	0.596753
147	tsk_147	(x)	1	:	0.000000	0.000000	0.000000	0.000010	0.999990
148	tsk_148	(x)	1	:	0.000000	1.000000	0.000000	0.000000	0.000000
149	tsk_149	(x)	1	:	0.000000	0.000000	0.000000	0.000011	0.999989
