0	tsk_0	(x)	1	:	0.000000	0.000000	0.508697	0.000000	0.000000	0.000000	0.000000	0.000000	0.000000	0.000000	0.000000	0.000000	0.000000	0.491303
1	tsk_1	(x)	1	:	0.000000	0.000000	0.000000	0.000000	0.000000	0.068131	0.000000	0.414843	0.090916	0.000000	0.000000	0.426110	0.000000	0.000000
2	tsk_2	(x)	1	:	0.000000	0.000000	0.508697	0.000000	0.000000	0.000000	0.000000	0.000000	0.000000	0.000000	0.000000	0.000000	0.000000	0.491303
3	tsk_3	(x)	1	:	0.000000	0.000000	0.508697	0.000000	0.000000	0.000000	0.000000	0.000000	0.000000	0.000000	0.000000	0.000000	0.000000	0.491303
4	tsk_4	(x)	1	:	0.000000	0.000000	0.000000	0.000000	0.000000	0.178218	0.000000	0.171037	0.153008	0.000000	0.000000	0.000000	0.000000	0.497736
5	tsk_5	(x)	1	:	0.000000	0.000000	0.000000	0.000000	0.000000	0.123458	0.000000	0.179320	0.199485	0.000000	0.000000	0.000000	0.000000	0.497736
6	tsk_6	(x)	1	:	0.000000	0.000000	0.000000	0.000000	0.000000	0.155480	0.000000	0.386662	0.457858	0.000000	0.000000	0.000000	0.000000	0.000000
7	tsk_7	(x)	1	:	0.000000	0.000000	0.500675	0.000000	0.000000	0.233619	0.000000	0.231032	0.033873	0.000000	0.000000	0.000000	0.000000	0.000800
8	tsk_8	(x)	1	:	0.000000	0.000000	0.000000	0.000000	0.000000	0.000000	0.000000	0.000000	0.000000	0.000000	0.000000	0.428199	0.000000	0.571801
9	tsk_9	(x)	1	:	0.000000	0.000000	0.000000	0.000000	0.000000	0.160125	0.000000	0.233269	0.180496	0.000000	0.000000	0.426110	0.000000	0.000000
10	tsk_10	(x)	1	:	0.000000	0.000000	0.000000	0.000000	0.326892	0.000000	0.000000	0.000000	0.000000	0.000000	0.000000	0.000000	0.000000	0.673108
11	tsk_11	(x)	1	:	0.000000	0.499373	0.000000	0.000000	0.000000	0.154562	0.000000	0.126808	0.219257	0.000000	0.000000	0.000000	0.000000	0.000000
12	tsk_12	(x)	1	:	0.000000	0.000000	0.000000	0.000000	0.000000	0.375538	0.000000	0.285760	0.338701	0.000000	0.000000	0.000000	0.000000	0.000000
13	tsk_13	(x)	1	:	0.000000	0.000000	0.000000	0.000000	0.000000	0.122966	0.000000	0.275428	0.103869	0.000000	0.000000	0.000000	0.000000	0.497736
14	tsk_14	(x)	1	:	0.000000	0.501765	0.000000	0.000000	0.000000	0.000000	0.000000	0.000000	0.000000	0.000000	0.000000	0.000000	0.000000	0.498235
15	tsk_15	(x)	1	:	0.000000	0.501765	0.000000	0.000000	0.000000	0.000000	0.000000	0.000000	0.000000	0.000000	0.000000	0.000000	0.000000	0.498235
16	tsk_16	(x)	1	:	0.000000	0.000000	0.000000	0.000000	0.000000	0.186982	0.000000	0.475021	0.337997	0.000000	0.000000	0.000000	0.000000	0.000000
17	tsk_17	(x)	1	:	0.000000	0.000000	0.000000	0.000000	0.000000	0.315968	0.000000	0.400736	0.283296	0.000000	0.000000	0.000000	0.000000	0.000000
18	tsk_18	(x)	1	:	0.000000	0.000000	0.000000	0.000000	0.000000	0.114511	0.000000	0.295797	0.091955	0.000000	0.000000	0.000000	0.000000	0.497736
19	tsk_19	(x)	1	:	0.000000	0.000000	0.000000	0.000000	0.000000	0.183404	0.000000	0.212407	0.106452	0.000000	0.000000	0.000000	0.000000	0.497736
20	tsk_20	(x)	1	:	0.000000	0.000000	0.000000	0.487135	0.000000	0.141079	0.000000	0.038768	0.333018	0.000000	0.000000	0.000000	0.000000	0.000000
21	tsk_21	(x)	1	:	0.000000	0.000000	0.000000	0.493178	0.000000	0.000000	0.000000	0.000000	0.000000	0.000000	0.000000	0.000000	0.000000	0.506821
22	tsk_22	(x)	1	:	0.000000	0.000000	0.000000	0.487135	0.000000	0.047483	0.000000	0.135319	0.330063	0.000000	0.000000	0.000000	0.000000	0.000000
23	tsk_23	(x)	1	:	1.000000	0.000000	0.000000	0.000000	0.000000	0.000000	0.000000	0.000000	0.000000	0.000000	0.000000	0.000000	0.000000	0.000000
24	tsk_24	(x)	1	:	0.000000	0.000000	0.000000	0.000000	0.000000	0.040888	0.000000	0.062680	0.396432	0.000000	0.000000	0.000000	0.500000	0.000000
25	tsk_25	(x)	1	:	0.000000	0.373973	0.000000	0.000000	0.000000	0.050192	0.000000	0.338461	0.237374	0.000000	0.000000	0.000000	0.000000	0.000000
26	tsk_26	(x)	1	:	0.000000	0.000000	0.000000	0.000000	0.000000	0.179909	0.000000	0.266450	0.055904	0.000000	0.000000	0.000000	0.000000	0.497736
27	tsk_27	(x)	1	:	0.368494	0.000000	0.000000	0.000000	0.000000	0.350728	0.000000	0.152656	0.128122	0.000000	0.000000	0.000000	0.000000	0.000000
28	tsk_28	(x)	1	:	0.000000	0.000000	0.000000	0.000000	0.000000	0.000000	0.000000	0.002760	0.002590	0.000000	0.000000	0.000000	0.497941	0.496709
29	tsk_29	(x)	1	:	0.000000	0.000000	0.000000	0.000000	0.000000	0.057359	0.000000	0.043809	0.398831	0.000000	0.000000	0.000000	0.500000	0.000000
30	tsk_30	(x)	1	:	0.000000	0.000000	0.000000	0.000000	0.000000	0.075202	0.000000	0.111507	0.313291	0.000000	0.000000	0.000000	0.500000	0.000000
31	tsk_31	(x)	1	:	0.000000	0.000000	0.000000	0.000000	0.000000	0.000000	0.000000	0.000000	0.000000	0.000000	0.000000	0.428199	0.000000	0.571801
32	tsk_32	(x)	1	:	0.000000	0.000000	0.000000	0.000000	0.488641	0.161903	0.000000	0.197807	0.148473	0.000000	0.000000	0.000000	0.000000	0.003176
33	tsk_33	(x)	1	:	0.000000	0.000000	0.000000	0.000000	0.000000	0.339960	0.000000	0.298818	0.361222	0.000000	0.000000	0.000000	0.000000	0.000000
34	tsk_34	(x)	1	:	0.000000	0.000000	0.000000	0.000000	0.000000	0.312349	0.000000	0.212053	0.475598	0.000000	0.000000	0.000000	0.000000	0.000000
35	tsk_35	(x)	1	:	0.000000	0.000000	0.000000	0.000000	0.000000	0.005815	0.472704	0.004280	0.015603	0.000000	0.000000	0.000000	0.000000	0.501598
36	tsk_36	(x)	1	:	0.000000	0.000000	0.000000	0.000000	0.000000	0.000000	0.000000	0.616533	0.383467	0.000000	0.000000	0.000000	0.000000	0.000000
37	tsk_37	(x)	1	:	0.000000	0.000000	0.000000	0.000000	0.484804	0.197346	0.000000	0.171415	0.137494	0.000000	0.000000	0.000000	0.000000	0.008941
38	tsk_38	(x)	1	:	0.000000	0.000000	0.000000	0.000000	0.000000	0.184613	0.000000	0.379959	0.435428	0.000000	0.000000	0.000000	0.000000	0.000000
39	tsk_39	(x)	1	:	0.000000	0.000000	0.000000	0.000000	0.000000	0.184814	0.000000	0.175826	0.141624	0.000000	0.000000	0.000000	0.000000	0.497736
40	tsk_40	(x)	1	:	0.000000	0.000000	0.000000	0.487135	0.000000	0.039664	0.000000	0.271589	0.201612	0.000000	0.000000	0.000000	0.000000	0.000000
41	tsk_41	(x)	1	:	0.000000	0.000000	0.508697	0.000000	0.000000	0.000000	0.000000	0.000000	0.000000	0.000000	0.000000	0.000000	0.000000	0.491303
42	tsk_42	(x)	1	:	0.000000	0.000000	0.000000	0.000000	0.485102	0.146154	0.000000	0.224445	0.135805	0.000000	0.000000	0.000000	0.000000	0.008494
43	tsk_43	(x)	1	:	0.000000	0.000000	0.500729	0.000000	0.000000	0.307086	0.000000	0.000000	0.191463	0.000000	0.000000	0.000000	0.000000	0.000721
44	tsk_44	(x)	1	:	0.000000	0.000000	0.000000	0.000000	0.000000	0.175200	0.000000	0.148670	0.178393	0.000000	0.000000	0.000000	0.000000	0.497736
45	tsk_45	(x)	1	:	0.000000	0.000000	0.500679	0.000000	0.000000	0.155080	0.000000	0.296989	0.046458	0.000000	0.000000	0.000000	0.000000	0.000794
46	tsk_46	(x)	1	:	0.000000	0.000000	0.000000	0.000000	0.000000	0.000000	0.000000	0.448128	0.551872	0.000000	0.000000	0.000000	0.000000	0.000000
47	tsk_47	(x)	1	:	0.000000	0.000000	0.000000	0.000000	0.000000	0.199589	0.000000	0.183485	0.616926	0.000000	0.000000	0.000000	0.000000	0.000000
48	tsk_48	(x)	1	:	0.000000	0.000000	0.500696	0.000000	0.000000	0.310514	0.000000	0.075979	0.112041	0.000000	0.000000	0.000000	0.000000	0.000770
49	tsk_49	(x)	1	:	0.000000	0.000000	0.500679	0.000000	0.000000	0.130691	0.000000	0.197470	0.170366	0.000000	0.000000	0.000000	0.000000	0.000794
50	tsk_50	(x)	1	:	0.000000	0.000000	0.000000	0.000000	0.000000	0.000000	0.000000	0.000000	0.000000	0.000000	0.000000	0.000000	0.000000	1.000000
51	tsk_51	(x)	1	:	0.000000	0.000000	0.000000	0.000000	0.000000	0.090997	0.000000	0.102372	0.306631	0.000000	0.000000	0.000000	0.500000	0.000000
52	tsk_52	(x)	1	:	0.000000	0.000000	0.000000	0.000000	0.000000	0.001073	0.000000	0.002472	0.001934	0.000000	0.000000	0.000000	0.497855	0.496666
53	tsk_53	(x)	1	:	0.571757	0.000000	0.000000	0.000000	0.000000	0.000000	0.000000	0.000000	0.000000	0.000000	0.000000	0.000000	0.428243	0.000000
54	tsk_54	(x)	1	:	0.000000	0.000000	0.000000	0.000000	0.000000	0.235326	0.000000	0.355020	0.409654	0.000000	0.000000	0.000000	0.000000	0.000000
55	tsk_55	(x)	1	:	0.000000	0.000000	0.000000	0.000000	0.000000	0.057570	0.000000	0.131705	0.310725	0.000000	0.000000	0.000000	0.500000	0.000000
56	tsk_56	(x)	1	:	0.000000	0.000000	0.000000	0.000000	0.000000	0.040598	0.000000	0.060579	0.398822	0.000000	0.000000	0.000000	0.500000	0.000000
57	tsk_57	(x)	1	:	0.596272	0.000000	0.000000	0.000000	0.000000	0.384728	0.000000	0.000000	0.019000	0.000000	0.000000	0.000000	0.000000	0.000000
58	tsk_58	(x)	1	:	0.000000	0.000000	0.000000	0.000000	0.000000	0.121731	0.000000	0.091315	0.286954	0.000000	0.000000	0.000000	0.500000	0.000000
59	tsk_59	(x)	1	:	0.000000	0.000000	0.000000	0.551306	0.000000	0.000000	0.000000	0.000000	0.000000	0.000000	0.000000	0.000000	0.448693	0.000000
60	tsk_60	(x)	1	:	0.000000	0.000000	0.000000	0.000000	0.000000	0.322753	0.000000	0.486671	0.190576	0.000000	0.000000	0.000000	0.000000	0.000000
61	tsk_61	(x)	1	:	0.000000	0.000000	0.500618	0.000000	0.000000	0.079564	0.000000	0.292878	0.126056	0.000000	0.000000	0.000000	0.000000	0.000883
62	tsk_62	(x)	1	:	0.000000	0.000000	0.690164	0.000000	0.000000	0.108391	0.000000	0.112087	0.031041	0.000000	0.000000	0.000119	0.000000	0.058198
63	tsk_63	(x)	1	:	0.000000	0.000000	0.000000	0.000000	0.485535	0.114800	0.000000	0.294949	0.096872	0.000000	0.000000	0.000000	0.000000	0.007844
64	tsk_64	(x)	1	:	0.000000	0.000000	0.500602	0.000000	0.000000	0.312773	0.000000	0.124276	0.061442	0.000000	0.000000	0.000000	0.000000	0.000907
65	tsk_65	(x)	1	:	0.000000	0.000000	0.000000	0.000000	0.000000	0.082243	0.000000	0.237987	0.182033	0.000000	0.000000	0.000000	0.000000	0.497736
66	tsk_66	(x)	1	:	0.000000	0.000000	0.500684	0.000000	0.000000	0.125336	0.000000	0.274870	0.098323	0.000000	0.000000	0.000000	0.000000	0.000788
67	tsk_67	(x)	1	:	0.000000	0.000000	0.508697	0.000000	0.000000	0.000000	0.000000	0.000000	0.000000	0.000000	0.000000	0.000000	0.000000	0.491303
68	tsk_68	(x)	1	:	0.000000	0.000000	0.000000	0.000000	0.000000	0.000000	0.000000	0.000000	0.000000	0.000000	0.000000	0.000000	0.000000	1.000000
69	tsk_69	(x)	1	:	0.000000	0.000000	0.000000	0.000000	0.000000	0.336900	0.000000	0.305392	0.357707	0.000000	0.000000	0.000000	0.000000	0.000000
70	tsk_70	(x)	1	:	0.000000	0.000000	0.000000	0.000000	0.000000	0.200397	0.000000	0.243118	0.058748	0.000000	0.000000	0.000000	0.000000	0.497736
71	tsk_71	(x)	1	:	0.000000	0.000000	0.000000	0.000000	0.000000	0.000000	0.000000	0.000000	0.000000	0.000000	0.000000	0.557771	0.000000	0.442229
72	tsk_72	(x)	1	:	0.000000	0.000000	0.000000	0.000000	0.000000	0.077102	0.000000	0.346655	0.020276	0.000000	0.000000	0.555967	0.000000	0.000000
73	tsk_73	(x)	1	:	0.000000	0.000000	0.000000	0.000000	1.000000	0.000000	0.000000	0.000000	0.000000	0.000000	0.000000	0.000000	0.000000	0.000000
74	tsk_74	(x)	1	:	0.000000	0.000000	0.000000	0.000000	0.000000	0.129968	0.000000	0.198304	0.173991	0.000000	0.000000	0.000000	0.000000	0.497736
75	tsk_75	(x)	1	:	0.000000	0.000000	0.000000	0.000000	0.000000	0.000000	0.000000	0.000000	0.000000	0.000000	0.000000	1.000000	0.000000	0.000000
76	tsk_76	(x)	1	:	0.000000	0.000000	0.000000	0.000000	0.485890	0.192281	0.000000	0.227900	0.086618	0.000000	0.000000	0.000000	0.000000	0.007311
77	tsk_77	(x)	1	:	0.000000	0.000000	0.000000	0.000000	0.000000	0.000000	0.000000	0.000000	0.000000	0.000000	0.000000	1.000000	0.000000	0.000000
78	tsk_78	(x)	1	:	1.000000	0.000000	0.000000	0.000000	0.000000	0.000000	0.000000	0.000000	0.000000	0.000000	0.000000	0.000000	0.000000	0.000000
79	tsk_79	(x)	1	:	0.000000	0.000000	0.000000	0.000000	0.452381	0.000000	0.000000	0.000000	0.000000	0.000000	0.000000	0.547619	0.000000	0.000000
80	tsk_80	(x)	1	:	0.487250	0.000000	0.000000	0.000000	0.000000	0.239938	0.000000	0.162533	0.110279	0.000000	0.000000	0.000000	0.000000	0.000000
81	tsk_81	(x)	1	:	0.000000	0.000000	0.000000	0.000000	0.000000	0.000000	0.000000	0.000000	0.000000	0.000000	0.000000	1.000000	0.000000	0.000000
82	tsk_82	(x)	1	:	0.000000	0.000000	0.000000	0.000000	0.000000	0.020699	0.000000	0.276053	0.163025	0.000000	0.000000	0.540223	0.000000	0.000000
83	tsk_83	(x)	1	:	0.368312	0.000000	0.000000	0.000000	0.000000	0.111859	0.000000	0.065439	0.028470	0.000000	0.000000	0.425920	0.000000	0.000000
84	tsk_84	(x)	1	:	0.000000	0.000000	0.000000	0.000000	0.000000	0.000000	0.000000	0.000000	0.000000	0.000000	0.000000	0.627316	0.000000	0.372684
85	tsk_85	(x)	1	:	0.000000	0.000000	0.000000	0.000000	0.000000	0.000000	0.000000	0.000000	0.000000	0.000000	0.000000	1.000000	0.000000	0.000000
86	tsk_86	(x)	1	:	0.470498	0.000000	0.000000	0.000000	0.000000	0.000000	0.000000	0.000000	0.000000	0.000000	0.000000	0.529502	0.000000	0.000000
87	tsk_87	(x)	1	:	0.000000	0.000000	0.000000	0.000000	0.000000	0.097518	0.000000	0.277823	0.198549	0.000000	0.000000	0.426110	0.000000	0.000000
88	tsk_88	(x)	1	:	0.000000	0.000000	0.000000	0.000000	0.000000	0.000000	0.000000	0.000000	0.000000	0.000000	0.000000	1.000000	0.000000	0.000000
89	tsk_89	(x)	1	:	0.487090	0.000000	0.000000	0.000000	0.000000	0.049766	0.000000	0.020221	0.017021	0.000000	0.000000	0.425901	0.000000	0.000000
90	tsk_90	(x)	1	:	0.000000	0.000000	0.000000	0.000000	0.000000	0.235323	0.000000	0.354883	0.409794	0.000000	0.000000	0.000000	0.000000	0.000000
91	tsk_91	(x)	1	:	0.000000	0.000000	0.500666	0.000000	0.000000	0.185455	0.000000	0.228863	0.084202	0.000000	0.000000	0.000000	0.000000	0.000814
92	tsk_92	(x)	1	:	0.000000	0.000000	0.000000	0.000000	0.000000	0.182563	0.000000	0.415116	0.402321	0.000000	0.000000	0.000000	0.000000	0.000000
93	tsk_93	(x)	1	:	0.000000	0.000000	0.000000	0.000000	0.000000	0.248468	0.000000	0.227271	0.524261	0.000000	0.000000	0.000000	0.000000	0.000000
94	tsk_94	(x)	1	:	0.506093	0.000000	0.000000	0.000000	0.000000	0.000604	0.000000	0.000092	0.000000	0.000000	0.000000	0.000000	0.000000	0.493211
95	tsk_95	(x)	1	:	1.000000	0.000000	0.000000	0.000000	0.000000	0.000000	0.000000	0.000000	0.000000	0.000000	0.000000	0.000000	0.000000	0.000000
96	tsk_96	(x)	1	:	0.000000	0.000000	0.000000	0.000000	0.000000	0.231006	0.000000	0.359970	0.409025	0.000000	0.000000	0.000000	0.000000	0.000000
97	tsk_97	(x)	1	:	0.000000	0.000000	0.000000	0.000000	0.000000	0.061679	0.000000	0.263267	0.248944	0.000000	0.000000	0.426110	0.000000	0.000000
98	tsk_98	(x)	1	:	0.506092	0.000000	0.000000	0.000000	0.000000	0.000565	0.000000	0.000101	0.000032	0.000000	0.000000	0.000000	0.000000	0.493210
99	tsk_99	(x)	1	:	0.509627	0.000000	0.000000	0.000000	0.000000	0.369997	0.000000	0.047111	0.073266	0.000000	0.000000	0.000000	0.000000	0.000000
100	tsk_100	(x)	1	:	0.000000	0.000000	0.000000	0.000000	0.000000	0.004544	0.472699	0.013146	0.008015	0.000000	0.000000	0.000000	0.000000	0.501595
101	tsk_101	(x)	1	:	0.000000	0.000000	0.000000	0.000000	0.000000	0.000000	0.000000	0.000000	0.000000	0.000000	0.000000	0.000000	0.000000	1.000000
102	tsk_102	(x)	1	:	0.000000	0.000000	0.000000	0.000000	0.000000	0.000000	0.470668	0.003456	0.021198	0.000000	0.000000	0.000000	0.504678	0.000000
103	tsk_103	(x)	1	:	0.000000	0.000000	0.000000	0.000000	0.000000	0.183209	0.464823	0.109898	0.242071	0.000000	0.000000	0.000000	0.000000	0.000000
104	tsk_104	(x)	1	:	0.000000	0.000000	0.000000	0.000000	0.000000	0.000000	0.000000	0.000000	0.000000	0.000000	0.000000	0.000000	0.000000	1.000000
105	tsk_105	(x)	1	:	0.000000	0.000000	0.508593	0.000000	0.000000	0.000000	0.000000	0.000000	0.000000	0.000000	0.000000	0.428145	0.000000	0.063262
106	tsk_106	(x)	1	:	0.000000	0.000000	0.000000	0.000000	0.000000	0.006096	0.470668	0.005480	0.013079	0.000000	0.000000	0.000000	0.504677	0.000000
107	tsk_107	(x)	1	:	0.000000	0.000000	0.000000	0.000000	0.000000	0.011247	0.472699	0.009747	0.004711	0.000000	0.000000	0.000000	0.000000	0.501596
108	tsk_108	(x)	1	:	0.000000	0.000000	0.000000	0.000000	0.000000	0.001981	0.470667	0.004523	0.018153	0.000000	0.000000	0.000000	0.504676	0.000000
109	tsk_109	(x)	1	:	0.000000	0.000000	0.000000	0.000000	0.000000	0.030582	0.464823	0.045677	0.458918	0.000000	0.000000	0.000000	0.000000	0.000000
110	tsk_110	(x)	1	:	0.000000	0.000000	0.000000	0.000000	0.000000	0.000000	0.000000	0.000000	0.000000	0.000000	0.722052	0.000000	0.000000	0.277948
111	tsk_111	(x)	1	:	0.000000	0.000000	0.000000	0.000000	0.000000	0.000000	0.000000	0.000000	0.000000	0.000000	0.722066	0.000000	0.000000	0.277934
112	tsk_112	(x)	1	:	0.000000	0.000000	0.000000	0.000000	0.000000	0.212302	0.000000	0.324518	0.463180	0.000000	0.000000	0.000000	0.000000	0.000000
113	tsk_113	(x)	1	:	0.000000	0.000000	0.000000	0.000000	0.000000	0.000000	0.000000	0.000000	0.000000	0.000000	0.531693	0.000000	0.468307	0.000000
114	tsk_114	(x)	1	:	0.000000	0.000000	0.000000	0.000000	0.000000	0.181473	0.000000	0.164390	0.110326	0.000000	0.543811	0.000000	0.000000	0.000000
115	tsk_115	(x)	1	:	0.000000	0.000000	0.000000	0.000000	0.000000	0.251212	0.000000	0.307067	0.441721	0.000000	0.000000	0.000000	0.000000	0.000000
116	tsk_116	(x)	1	:	0.000000	0.000000	0.000000	0.000000	0.000000	0.210054	0.000000	0.133547	0.158663	0.000000	0.000000	0.000000	0.000000	0.497736
117	tsk_117	(x)	1	:	0.000000	0.000000	0.500741	0.000000	0.000000	0.263479	0.000000	0.000000	0.235076	0.000000	0.000000	0.000000	0.000000	0.000704
118	tsk_118	(x)	1	:	0.000000	0.000000	0.000000	0.000000	0.000000	0.142360	0.000000	0.291208	0.068696	0.000000	0.000000	0.000000	0.000000	0.497736
119	tsk_119	(x)	1	:	0.000000	0.000000	0.000000	0.000000	0.486520	0.139807	0.000000	0.214195	0.153114	0.000000	0.000000	0.000000	0.000000	0.006364
120	tsk_120	(x)	1	:	0.000000	0.000000	0.000000	0.000000	0.000000	0.251577	0.000000	0.118899	0.131787	0.000000	0.000000	0.000000	0.000000	0.497736
121	tsk_121	(x)	1	:	0.000000	0.000000	0.000000	0.000000	0.000071	0.177544	0.000000	0.271777	0.164554	0.000000	0.386053	0.000000	0.000000	0.000000
122	tsk_122	(x)	1	:	0.000000	0.000000	0.000000	0.000000	0.000000	0.131743	0.000000	0.295128	0.573129	0.000000	0.000000	0.000000	0.000000	0.000000
123	tsk_123	(x)	1	:	0.000000	0.000000	0.000000	0.000000	0.000000	0.347686	0.464823	0.074928	0.112563	0.000000	0.000000	0.000000	0.000000	0.000000
124	tsk_124	(x)	1	:	0.000000	0.000000	0.000000	0.000000	0.000000	0.106269	0.464823	0.065240	0.363668	0.000000	0.000000	0.000000	0.000000	0.000000
125	tsk_125	(x)	1	:	0.000000	0.000000	0.000000	0.000000	0.000000	0.085121	0.651076	0.187944	0.075859	0.000000	0.000000	0.000000	0.000000	0.000000
126	tsk_126	(x)	1	:	0.000000	0.000000	0.000000	0.000000	0.000000	0.101574	0.000000	0.240933	0.058365	0.000000	0.000000	0.000000	0.000000	0.599128
127	tsk_127	(x)	1	:	0.000000	0.000000	0.000000	0.000000	0.000000	0.013334	0.472703	0.007466	0.004899	0.000000	0.000000	0.000000	0.000000	0.501597
128	tsk_128	(x)	1	:	0.000000	0.000000	0.000000	0.000000	0.000000	0.000000	0.564849	0.000000	0.000000	0.000000	0.000000	0.000000	0.000000	0.435151
129	tsk_129	(x)	1	:	0.000000	0.000000	0.000000	0.000000	0.000000	0.007697	0.472696	0.011925	0.006088	0.000000	0.000000	0.000000	0.000000	0.501594
130	tsk_130	(x)	1	:	0.000000	0.000000	0.000000	0.000000	0.000000	0.093099	0.000000	0.268335	0.140830	0.000000	0.000000	0.000000	0.000000	0.497736
131	tsk_131	(x)	1	:	0.000000	0.000000	0.499998	0.000000	0.000000	0.000720	0.000000	0.000535	0.001354	0.000000	0.000000	0.000000	0.497063	0.000331
132	tsk_132	(x)	1	:	0.584367	0.000000	0.000000	0.000000	0.000000	0.026885	0.000000	0.009622	0.379126	0.000000	0.000000	0.000000	0.000000	0.000000
133	tsk_133	(x)	1	:	0.496787	0.000000	0.000000	0.000000	0.000000	0.067303	0.000000	0.021771	0.414138	0.000000	0.000000	0.000000	0.000000	0.000000
134	tsk_134	(x)	1	:	0.000000	0.000000	0.000000	0.000000	0.000000	0.236230	0.000000	0.346124	0.417646	0.000000	0.000000	0.000000	0.000000	0.000000
135	tsk_135	(x)	1	:	0.000000	0.000000	0.000000	0.000000	0.000000	0.000000	0.000000	0.000000	0.000000	0.000000	0.000000	0.000000	0.000000	1.000000
136	tsk_136	(x)	1	:	0.000000	0.000000	0.000000	0.000000	0.000000	0.001158	0.000000	0.002336	0.001959	0.000000	0.000000	0.000000	0.497872	0.496674
137	tsk_137	(x)	1	:	0.000000	0.000000	0.000000	0.000000	0.000000	0.016001	0.000000	0.073211	0.410787	0.000000	0.000000	0.000000	0.500000	0.000000
138	tsk_138	(x)	1	:	0.000000	0.000000	0.000000	0.000000	0.000000	0.000000	0.000000	0.000000	0.000000	1.000000	0.000000	0.000000	0.000000	0.000000
139	tsk_139	(x)	1	:	0.000000	0.000000	0.000000	0.000000	0.000000	0.022031	0.000000	0.104231	0.059623	0.814115	0.000000	0.000000	0.000000	0.000000
140	tsk_140	(x)	1	:	0.000000	0.000000	0.000000	0.490290	0.000000	0.000008	0.000000	0.000052	0.000154	0.000000	0.000000	0.000000	0.509496	0.000000
141	tsk_141	(x)	1	:	0.000000	0.000000	0.000000	0.000000	0.000000	0.069562	0.000000	0.084859	0.345579	0.000000	0.000000	0.000000	0.500000	0.000000
142	tsk_142	(x)	1	:	0.000000	0.000000	0.000000	0.493052	0.000000	0.000049	0.000000	0.000208	0.000058	0.000000	0.000000	0.000000	0.000000	0.506633
143	tsk_143	(x)	1	:	0.506665	0.000000	0.000000	0.000000	0.000000	0.000602	0.000000	0.000179	0.000133	0.000000	0.000000	0.000000	0.492420	0.000000
144	tsk_144	(x)	1	:	0.000000	0.000000	0.000000	0.000000	0.000000	0.008208	0.472701	0.013259	0.004235	0.000000	0.000000	0.000000	0.000000	0.501597
145	tsk_145	(x)	1	:	0.000000	0.000000	0.000000	0.000000	0.000000	0.358597	0.000000	0.531778	0.109625	0.000000	0.000000	0.000000	0.000000	0.000000
146	tsk_146	(x)	1	:	0.000000	0.000000	0.000000	0.000000	0.000000	0.109486	0.000000	0.503876	0.386638	0.000000	0.000000	0.000000	0.000000	0.000000
147	tsk_147	(x)	1	:	0.509627	0.000000	0.000000	0.000000	0.000000	0.354820	0.000000	0.085836	0.049717	0.000000	0.000000	0.000000	0.000000	0.000000
148	tsk_148	(x)	1	:	0.000000	0.000000	0.000000	0.000000	0.000000	0.000000	0.000000	0.000000	0.000000	0.000000	0.000000	0.000000	0.000000	1.000000
149	tsk_149	(x)	1	:	0.000000	0.000000	0.000000	0.000000	0.000000	0.145646	0.000000	0.109475	0.244878	0.000000	0.000000	0.000000	0.500000	0.000000
