logL = -1196.835744 (converged)
AIC = 5567.671488
BIC = 10345.549700

count.K
5 11 17 18 6 48 20 11 14 

