logL = -879.621951 (converged)
AIC = 5551.243903
BIC = 11259.408420

count.K
10 0 30 11 15 15 17 8 7 22 15 

