logL = -691.049166 (converged)
AIC = 6100.098332
BIC = 13202.186990

count.K
5 4 17 81 10 3 1 0 4 3 7 8 7 

