logL = -979.445702 (converged)
AIC = 6442.891405
BIC = 13192.735734

count.K
3 14 7 14 10 60 4 1 16 9 0 5 7 

