logL = -2734.673607 (converged)
AIC = 6369.347214
BIC = 7724.133096

count.K
85 54 11 

