logL = -772.819714 (converged)
AIC = 6285.639428
BIC = 13420.845075

count.K
2 3 1 0 29 16 1 9 22 2 0 15 38 12 

