logL = -968.869470 (converged)
AIC = 6053.738939
BIC = 12249.626374

count.K
4 0 58 1 11 8 3 14 32 4 4 11 

