logL = -2011.735877 (converged)
AIC = 5673.471755
BIC = 8157.245873

count.K
46 10 37 30 27 

