logL = -1040.845991 (converged)
AIC = 3929.691981
BIC = 6711.518993

count.K
4 6 12 93 4 31 

