logL = -2023.165808 (converged)
AIC = 9206.331615
BIC = 16973.770674

count.K
8 23 9 13 20 0 14 16 6 14 0 17 5 5 

