logL = -1467.690826 (converged)
AIC = 3733.381652
BIC = 4934.625135

count.K
51 12 87 

