logL = -1021.436726 (converged)
AIC = 7262.873453
BIC = 15120.631570

count.K
2 1 10 6 8 23 5 24 15 4 4 18 1 25 4 

