logL = -1942.949285 (converged)
AIC = 9885.898571
BIC = 18917.804453

count.K
5 8 11 2 20 4 7 5 11 24 10 12 13 6 12 

