0	tsk_0	(x)	1	:	0.000000	0.000000	0.000000	0.000000	1.000000	0.000000	0.000000	0.000000	0.000000	0.000000	0.000000	0.000000	0.000000
1	tsk_1	(x)	1	:	0.000000	0.000000	0.000000	0.529255	0.470744	0.000000	0.000000	0.000000	0.000000	0.000000	0.000000	0.000000	0.000000
2	tsk_2	(x)	1	:	0.000000	0.000000	0.093346	0.499901	0.000000	0.000000	0.053181	0.000000	0.000000	0.116781	0.000000	0.236792	0.000000
3	tsk_3	(x)	1	:	0.000000	0.000000	0.000000	0.493442	0.000004	0.000000	0.000000	0.000000	0.000000	0.000000	0.000000	0.000000	0.506553
4	tsk_4	(x)	1	:	0.000000	0.000000	0.118590	0.000000	0.480266	0.000000	0.052808	0.000000	0.000000	0.111211	0.000000	0.237125	0.000000
5	tsk_5	(x)	1	:	0.000000	0.000000	0.000000	0.488444	0.000000	0.000000	0.000000	0.000000	0.000002	0.000000	0.000000	0.511554	0.000000
6	tsk_6	(x)	1	:	0.000000	0.000000	0.018384	0.000000	0.007855	0.118585	0.000000	0.338419	0.000001	0.016304	0.000000	0.500453	0.000000
7	tsk_7	(x)	1	:	0.000000	0.000000	0.000000	0.000000	0.489183	0.000000	0.000000	0.000000	0.000000	0.000000	0.000000	0.000000	0.510817
8	tsk_8	(x)	1	:	0.000000	0.000000	0.000000	0.493443	0.000004	0.000000	0.000000	0.000000	0.000000	0.000000	0.000000	0.000000	0.506553
9	tsk_9	(x)	1	:	0.000000	0.000000	0.000000	1.000000	0.000000	0.000000	0.000000	0.000000	0.000000	0.000000	0.000000	0.000000	0.000000
10	tsk_10	(x)	1	:	0.000000	0.000000	0.125988	0.000000	0.480208	0.000000	0.052225	0.000000	0.000000	0.104024	0.000000	0.237554	0.000000
11	tsk_11	(x)	1	:	0.000000	0.000000	0.035313	0.000000	0.000000	0.000000	0.053030	0.084713	0.000001	0.177923	0.412060	0.236959	0.000000
12	tsk_12	(x)	1	:	0.000000	0.000000	0.051836	0.494787	0.000000	0.132708	0.029732	0.000000	0.000000	0.103451	0.000000	0.187485	0.000000
13	tsk_13	(x)	1	:	0.000000	0.000000	0.085154	0.000000	0.000000	0.000000	0.052699	0.000000	0.000000	0.118132	0.000000	0.237130	0.506885
14	tsk_14	(x)	1	:	0.000000	0.000000	0.196918	0.000000	0.000000	0.000000	0.052764	0.000000	0.000000	0.512955	0.000000	0.237363	0.000000
15	tsk_15	(x)	1	:	0.000000	0.000000	0.009127	0.000000	0.000000	0.413158	0.000000	0.000000	0.000000	0.102192	0.000000	0.000000	0.475522
16	tsk_16	(x)	1	:	0.000000	0.000000	0.000000	0.000000	0.000000	0.529514	0.000006	0.000000	0.000000	0.000000	0.000000	0.000102	0.470378
17	tsk_17	(x)	1	:	0.000000	0.000000	0.000000	0.000000	0.000000	0.000000	0.000000	0.000000	0.000000	0.000000	0.000000	0.000000	1.000000
18	tsk_18	(x)	1	:	0.000000	0.000000	0.000000	0.000000	0.000000	0.000000	0.000000	0.000000	0.000000	0.000000	0.000000	0.000000	1.000000
19	tsk_19	(x)	1	:	0.000000	0.000000	0.034536	0.000000	0.000000	0.000000	0.053234	0.084714	0.000001	0.178686	0.412059	0.236770	0.000000
20	tsk_20	(x)	1	:	0.000000	0.524681	0.000000	0.475319	0.000000	0.000000	0.000000	0.000000	0.000000	0.000000	0.000000	0.000000	0.000000
21	tsk_21	(x)	1	:	0.000000	0.000000	0.000000	0.488444	0.000000	0.000000	0.000000	0.000000	0.000001	0.000000	0.000000	0.511554	0.000000
22	tsk_22	(x)	1	:	0.000000	0.000000	0.031160	0.499895	0.000000	0.000000	0.052899	0.000000	0.000000	0.179007	0.000000	0.237039	0.000000
23	tsk_23	(x)	1	:	0.000000	0.524681	0.000000	0.475319	0.000000	0.000000	0.000000	0.000000	0.000000	0.000000	0.000000	0.000000	0.000000
24	tsk_24	(x)	1	:	0.000000	0.000000	0.000000	1.000000	0.000000	0.000000	0.000000	0.000000	0.000000	0.000000	0.000000	0.000000	0.000000
25	tsk_25	(x)	1	:	0.000000	0.000000	0.000000	0.529255	0.470744	0.000000	0.000000	0.000000	0.000000	0.000000	0.000000	0.000000	0.000000
26	tsk_26	(x)	1	:	0.000000	0.000000	0.144424	0.499995	0.000000	0.000000	0.000000	0.000000	0.000000	0.355581	0.000000	0.000000	0.000000
27	tsk_27	(x)	1	:	0.000000	0.000000	0.307075	0.499993	0.000000	0.000000	0.000000	0.000000	0.000000	0.192932	0.000000	0.000000	0.000000
28	tsk_28	(x)	1	:	0.000000	0.524681	0.000000	0.475319	0.000000	0.000000	0.000000	0.000000	0.000000	0.000000	0.000000	0.000000	0.000000
29	tsk_29	(x)	1	:	0.000000	0.000000	0.194336	0.000000	0.000000	0.000000	0.052811	0.000000	0.000000	0.515533	0.000000	0.237321	0.000000
30	tsk_30	(x)	1	:	0.000000	0.000000	0.000000	0.000000	0.495497	0.000000	0.000000	0.000003	0.000000	0.000000	0.504500	0.000000	0.000000
31	tsk_31	(x)	1	:	0.000000	0.000000	0.000000	0.000000	0.495497	0.000000	0.000000	0.000004	0.000000	0.000000	0.504499	0.000000	0.000000
32	tsk_32	(x)	1	:	0.000000	0.000000	0.000000	0.000000	0.495497	0.000000	0.000000	0.000004	0.000000	0.000000	0.504499	0.000000	0.000000
33	tsk_33	(x)	1	:	0.000000	0.000000	0.000000	0.000000	1.000000	0.000000	0.000000	0.000000	0.000000	0.000000	0.000000	0.000000	0.000000
34	tsk_34	(x)	1	:	0.000000	0.000000	0.422375	0.000000	0.480434	0.000000	0.000000	0.000000	0.000000	0.097191	0.000000	0.000000	0.000000
35	tsk_35	(x)	1	:	0.000000	0.000000	0.000000	0.000000	0.495497	0.000000	0.000000	0.000002	0.000000	0.000000	0.504500	0.000000	0.000000
36	tsk_36	(x)	1	:	0.000000	0.000000	0.000000	0.415866	0.584134	0.000000	0.000000	0.000000	0.000000	0.000000	0.000000	0.000000	0.000000
37	tsk_37	(x)	1	:	0.000000	0.000000	0.000000	0.000000	0.503410	0.000000	0.000000	0.000000	0.000000	0.000000	0.000000	0.000000	0.496590
38	tsk_38	(x)	1	:	0.000000	0.000000	0.000000	0.000000	1.000000	0.000000	0.000000	0.000000	0.000000	0.000000	0.000000	0.000000	0.000000
39	tsk_39	(x)	1	:	0.000000	0.000000	0.000000	0.000000	0.519199	0.000000	0.000000	0.000000	0.000000	0.000000	0.000000	0.000000	0.480801
40	tsk_40	(x)	1	:	0.000000	0.000000	0.015995	0.000000	0.000000	0.000000	0.709947	0.000000	0.000022	0.037444	0.000000	0.236591	0.000000
41	tsk_41	(x)	1	:	0.000002	0.000000	0.000000	0.000000	0.000000	0.000000	0.495581	0.000000	0.504417	0.000000	0.000000	0.000000	0.000000
42	tsk_42	(x)	1	:	0.000000	0.000000	0.237490	0.000000	0.000000	0.000000	0.500020	0.000000	0.000000	0.262490	0.000000	0.000000	0.000000
43	tsk_43	(x)	1	:	0.000000	0.000000	0.579800	0.000000	0.000000	0.000000	0.000000	0.000000	0.000000	0.420200	0.000000	0.000000	0.000000
44	tsk_44	(x)	1	:	0.000002	0.000000	0.000000	0.000000	0.000000	0.000000	0.495581	0.000000	0.504417	0.000000	0.000000	0.000000	0.000000
45	tsk_45	(x)	1	:	0.000000	0.000000	0.245235	0.000000	0.000000	0.000000	0.000000	0.000000	0.512268	0.242497	0.000000	0.000000	0.000000
46	tsk_46	(x)	1	:	0.000000	0.000000	0.221753	0.000000	0.000000	0.000000	0.500021	0.000000	0.000000	0.278226	0.000000	0.000000	0.000000
47	tsk_47	(x)	1	:	0.000000	0.000000	0.057888	0.000000	0.000000	0.000000	0.051070	0.000000	0.000000	0.159290	0.000000	0.238411	0.493340
48	tsk_48	(x)	1	:	0.000000	0.000000	0.357486	0.000000	0.000000	0.000000	0.000000	0.000000	0.000000	0.642514	0.000000	0.000000	0.000000
49	tsk_49	(x)	1	:	0.000000	0.000000	0.000000	0.000000	0.000000	0.000000	0.000000	0.000000	0.000000	0.000000	0.000000	0.000000	1.000000
50	tsk_50	(x)	1	:	0.000000	0.000000	0.693820	0.000000	0.000000	0.000000	0.000000	0.000000	0.000001	0.306179	0.000000	0.000000	0.000000
51	tsk_51	(x)	1	:	0.000000	0.000000	0.191366	0.000000	0.000000	0.000000	0.000000	0.000000	0.000000	0.337696	0.000000	0.000000	0.470938
52	tsk_52	(x)	1	:	0.000000	0.000000	0.009004	0.000000	0.480441	0.000000	0.500014	0.000000	0.000001	0.010540	0.000000	0.000000	0.000000
53	tsk_53	(x)	1	:	0.000000	0.000000	0.007180	0.000000	0.480830	0.000000	0.500606	0.000000	0.000000	0.011384	0.000000	0.000000	0.000000
54	tsk_54	(x)	1	:	0.000000	0.000000	0.684136	0.000000	0.000000	0.000000	0.000000	0.000000	0.000000	0.315864	0.000000	0.000000	0.000000
55	tsk_55	(x)	1	:	0.000000	0.000000	0.512388	0.000000	0.000000	0.000000	0.000000	0.000000	0.000000	0.487612	0.000000	0.000000	0.000000
56	tsk_56	(x)	1	:	0.000000	0.000000	0.448847	0.000000	0.000000	0.000000	0.000000	0.000000	0.000000	0.551153	0.000000	0.000000	0.000000
57	tsk_57	(x)	1	:	0.000000	0.000000	0.000000	0.000000	1.000000	0.000000	0.000000	0.000000	0.000000	0.000000	0.000000	0.000000	0.000000
58	tsk_58	(x)	1	:	0.000000	0.000000	0.000000	0.000000	0.000000	0.000000	0.000000	0.000000	0.528234	0.000000	0.000000	0.000000	0.471765
59	tsk_59	(x)	1	:	0.000000	0.000000	0.002870	0.000000	0.000000	0.000000	0.499714	0.000000	0.000002	0.004055	0.000000	0.000000	0.493359
60	tsk_60	(x)	1	:	0.000000	0.000000	0.572557	0.000000	0.000000	0.000000	0.000000	0.000000	0.000000	0.427442	0.000000	0.000000	0.000000
61	tsk_61	(x)	1	:	0.000000	0.435143	0.017854	0.000000	0.000000	0.000000	0.000000	0.000000	0.000003	0.005847	0.000000	0.541154	0.000000
62	tsk_62	(x)	1	:	0.000000	0.000000	0.000000	0.000000	0.000000	0.000000	0.000000	1.000000	0.000000	0.000000	0.000000	0.000000	0.000000
63	tsk_63	(x)	1	:	0.000000	0.000000	0.369705	0.000000	0.000000	0.000000	0.000000	0.496658	0.000000	0.133636	0.000000	0.000000	0.000000
64	tsk_64	(x)	1	:	0.000000	0.438670	0.277727	0.000000	0.000000	0.000000	0.000000	0.000000	0.000000	0.283603	0.000000	0.000000	0.000000
65	tsk_65	(x)	1	:	0.000000	0.000000	0.242485	0.000000	0.000000	0.000000	0.000000	0.496658	0.000000	0.260857	0.000000	0.000000	0.000000
66	tsk_66	(x)	1	:	0.000000	0.000000	0.386714	0.000000	0.000000	0.000000	0.500020	0.000000	0.000000	0.113266	0.000000	0.000000	0.000000
67	tsk_67	(x)	1	:	0.000000	0.438670	0.433848	0.000000	0.000000	0.000000	0.000000	0.000000	0.000000	0.127481	0.000000	0.000000	0.000000
68	tsk_68	(x)	1	:	0.000000	0.000000	0.000000	0.529255	0.470744	0.000000	0.000000	0.000000	0.000000	0.000000	0.000000	0.000000	0.000000
69	tsk_69	(x)	1	:	0.000000	0.000000	0.302870	0.000000	0.559965	0.000000	0.000000	0.000000	0.000000	0.137165	0.000000	0.000000	0.000000
70	tsk_70	(x)	1	:	0.566443	0.000000	0.000000	0.000000	0.433557	0.000000	0.000000	0.000000	0.000000	0.000000	0.000000	0.000000	0.000000
71	tsk_71	(x)	1	:	0.000000	0.000000	0.000610	0.000000	0.470678	0.000000	0.000000	0.000000	0.000006	0.000521	0.000000	0.528186	0.000000
72	tsk_72	(x)	1	:	0.520485	0.000000	0.214176	0.000000	0.000000	0.000000	0.000000	0.000000	0.000000	0.265339	0.000000	0.000000	0.000000
73	tsk_73	(x)	1	:	0.000000	0.000000	0.204322	0.000000	0.000000	0.000000	0.000000	0.000000	0.000000	0.287742	0.000000	0.000000	0.507937
74	tsk_74	(x)	1	:	0.519116	0.000000	0.001621	0.000000	0.479263	0.000000	0.000000	0.000000	0.000000	0.000000	0.000000	0.000000	0.000000
75	tsk_75	(x)	1	:	0.000000	0.000000	0.000690	0.000000	0.470665	0.000000	0.000000	0.000000	0.000003	0.000481	0.000000	0.528162	0.000000
76	tsk_76	(x)	1	:	0.000000	0.000000	0.284739	0.000000	0.000000	0.000000	0.000000	0.000000	0.000000	0.221869	0.000000	0.000000	0.493392
77	tsk_77	(x)	1	:	0.520485	0.000000	0.252631	0.000000	0.000000	0.000000	0.000000	0.000000	0.000000	0.226884	0.000000	0.000000	0.000000
78	tsk_78	(x)	1	:	0.000000	0.000000	0.241381	0.000000	0.000000	0.000000	0.000000	0.000000	0.000000	0.213181	0.000000	0.545438	0.000000
79	tsk_79	(x)	1	:	0.520485	0.000000	0.302407	0.000000	0.000000	0.000000	0.000000	0.000000	0.000000	0.177108	0.000000	0.000000	0.000000
80	tsk_80	(x)	1	:	0.000000	0.000000	0.000000	0.000000	0.000000	0.000000	0.000000	0.000000	0.000000	0.000000	0.000000	0.000000	1.000000
81	tsk_81	(x)	1	:	0.000000	0.000000	0.170260	0.000000	0.000000	0.000000	0.000000	0.000000	0.000000	0.336347	0.000000	0.000000	0.493392
82	tsk_82	(x)	1	:	0.000000	0.000000	0.002344	0.000000	0.000000	0.000000	0.499829	0.000000	0.000002	0.004453	0.000000	0.000000	0.493372
83	tsk_83	(x)	1	:	0.000000	0.000000	0.287058	0.000000	0.000000	0.000000	0.052738	0.000000	0.000000	0.422818	0.000000	0.237386	0.000000
84	tsk_84	(x)	1	:	0.000000	0.000000	0.000000	0.000000	0.000000	0.000000	0.000000	0.000000	0.000000	0.000000	0.000000	1.000000	0.000000
85	tsk_85	(x)	1	:	0.000000	0.000000	0.000000	0.000000	0.000000	0.000000	1.000000	0.000000	0.000000	0.000000	0.000000	0.000000	0.000000
86	tsk_86	(x)	1	:	0.000000	0.000000	0.000101	0.000000	0.000000	0.000000	0.493062	0.000000	0.000003	0.000689	0.000000	0.000000	0.506145
87	tsk_87	(x)	1	:	0.000000	0.000000	0.002812	0.000000	0.000000	0.000000	0.004901	0.000000	0.000030	0.003244	0.000000	0.989013	0.000000
88	tsk_88	(x)	1	:	0.000000	0.000000	0.000000	0.000000	0.000000	0.000000	0.000000	0.000000	0.000004	0.000000	0.000000	0.510077	0.489918
89	tsk_89	(x)	1	:	0.000000	0.000000	0.109512	0.000000	0.000000	0.000000	0.000000	0.000000	0.000000	0.345048	0.000000	0.545440	0.000000
90	tsk_90	(x)	1	:	0.000000	0.000000	0.000000	0.000000	0.000000	0.000000	0.000000	0.491774	0.000000	0.000000	0.000000	0.508226	0.000000
91	tsk_91	(x)	1	:	0.000000	0.000000	0.000000	0.000000	0.488091	0.000000	0.000000	0.000000	0.000000	0.000000	0.000000	0.000000	0.511909
92	tsk_92	(x)	1	:	0.000000	0.000000	0.000000	0.000000	0.000000	0.000000	0.000000	0.000000	0.000000	0.000000	0.000000	1.000000	0.000000
93	tsk_93	(x)	1	:	0.000000	0.000000	0.292368	0.000000	0.000000	0.000000	0.000000	0.496658	0.000000	0.210974	0.000000	0.000000	0.000000
94	tsk_94	(x)	1	:	0.000000	0.000000	0.000000	0.000000	0.000000	0.000000	0.000000	1.000000	0.000000	0.000000	0.000000	0.000000	0.000000
95	tsk_95	(x)	1	:	0.000000	0.000000	0.000000	0.000000	0.488207	0.000000	0.000000	0.000000	0.000000	0.000000	0.000000	0.000000	0.511793
96	tsk_96	(x)	1	:	0.000000	0.000000	0.165969	0.000000	0.000000	0.000000	0.000000	0.000000	0.000000	0.288592	0.000000	0.545439	0.000000
97	tsk_97	(x)	1	:	0.000000	0.000000	0.000000	0.000000	0.000000	0.000000	0.000000	0.000000	0.000004	0.000000	0.000000	0.510077	0.489918
98	tsk_98	(x)	1	:	0.000000	0.000000	0.000000	0.000000	0.498712	0.000000	0.000000	0.501288	0.000000	0.000000	0.000000	0.000000	0.000000
99	tsk_99	(x)	1	:	0.000000	0.000000	0.000000	0.000000	0.000000	0.000000	0.000000	0.502888	0.000000	0.000000	0.000000	0.000000	0.497112
100	tsk_100	(x)	1	:	0.000000	0.000000	0.349987	0.000000	0.000000	0.000000	0.051974	0.000000	0.000000	0.359948	0.000000	0.238091	0.000000
101	tsk_101	(x)	1	:	0.000000	0.000000	0.748837	0.000000	0.000000	0.000000	0.000000	0.000000	0.000000	0.251163	0.000000	0.000000	0.000000
102	tsk_102	(x)	1	:	0.000000	0.000000	0.336115	0.000000	0.000000	0.000000	0.000000	0.000000	0.000000	0.663885	0.000000	0.000000	0.000000
103	tsk_103	(x)	1	:	0.000000	0.000000	0.533178	0.000000	0.000000	0.000000	0.000000	0.000000	0.000000	0.466822	0.000000	0.000000	0.000000
104	tsk_104	(x)	1	:	0.000000	0.000000	0.557474	0.000000	0.000000	0.000000	0.000000	0.000000	0.000000	0.442525	0.000000	0.000000	0.000000
105	tsk_105	(x)	1	:	0.000000	0.000000	0.000000	1.000000	0.000000	0.000000	0.000000	0.000000	0.000000	0.000000	0.000000	0.000000	0.000000
106	tsk_106	(x)	1	:	0.000000	0.000000	0.149735	0.000000	0.000000	0.000000	0.500021	0.000000	0.000000	0.350244	0.000000	0.000000	0.000000
107	tsk_107	(x)	1	:	0.000000	0.000000	0.276713	0.499996	0.000000	0.000000	0.000000	0.000000	0.000000	0.223292	0.000000	0.000000	0.000000
108	tsk_108	(x)	1	:	0.000000	0.000000	0.000000	0.000000	1.000000	0.000000	0.000000	0.000000	0.000000	0.000000	0.000000	0.000000	0.000000
109	tsk_109	(x)	1	:	0.000000	0.000000	0.400731	0.000000	0.000000	0.000000	0.000000	0.000000	0.000000	0.599269	0.000000	0.000000	0.000000
110	tsk_110	(x)	1	:	0.369229	0.000000	0.066845	0.000000	0.480397	0.000000	0.000000	0.000000	0.000000	0.083528	0.000000	0.000000	0.000000
111	tsk_111	(x)	1	:	0.000000	0.000000	0.000000	0.000000	0.000000	0.000000	1.000000	0.000000	0.000000	0.000000	0.000000	0.000000	0.000000
112	tsk_112	(x)	1	:	0.000000	0.000000	0.000000	0.000000	0.513941	0.000000	0.000000	0.486059	0.000000	0.000000	0.000000	0.000000	0.000000
113	tsk_113	(x)	1	:	0.000000	0.000000	0.263653	0.000000	0.000000	0.000000	0.000000	0.496658	0.000000	0.239688	0.000000	0.000000	0.000000
114	tsk_114	(x)	1	:	0.000000	0.000000	0.000000	0.000000	1.000000	0.000000	0.000000	0.000000	0.000000	0.000000	0.000000	0.000000	0.000000
115	tsk_115	(x)	1	:	0.369288	0.000000	0.325045	0.000000	0.000000	0.000000	0.000000	0.000000	0.000000	0.305667	0.000000	0.000000	0.000000
116	tsk_116	(x)	1	:	0.000000	0.000000	0.002703	0.000000	0.000000	0.000000	0.498280	0.496395	0.000002	0.002620	0.000000	0.000000	0.000000
117	tsk_117	(x)	1	:	0.000000	0.000000	0.000000	0.000000	0.000000	0.000000	1.000000	0.000000	0.000000	0.000000	0.000000	0.000000	0.000000
118	tsk_118	(x)	1	:	0.000000	0.000000	0.000000	0.000000	0.513941	0.000000	0.000000	0.486059	0.000000	0.000000	0.000000	0.000000	0.000000
119	tsk_119	(x)	1	:	0.000000	0.000000	0.000001	0.000000	0.536735	0.000000	0.463263	0.000000	0.000000	0.000001	0.000000	0.000000	0.000000
120	tsk_120	(x)	1	:	0.988649	0.000000	0.000100	0.000000	0.000000	0.000000	0.000138	0.000000	0.000000	0.000776	0.000000	0.010337	0.000000
121	tsk_121	(x)	1	:	0.489281	0.000000	0.000000	0.000000	0.000000	0.000000	0.000000	0.510719	0.000000	0.000000	0.000000	0.000000	0.000000
122	tsk_122	(x)	1	:	0.000000	0.000000	0.000000	0.000000	0.477192	0.000000	0.000000	0.522808	0.000000	0.000000	0.000000	0.000000	0.000000
123	tsk_123	(x)	1	:	0.000000	0.000000	0.000000	0.000000	0.000000	0.000000	0.000000	0.440924	0.000000	0.000000	0.559076	0.000000	0.000000
124	tsk_124	(x)	1	:	0.000000	0.000000	0.000000	0.000000	0.489183	0.000000	0.000000	0.000000	0.000000	0.000000	0.000000	0.000000	0.510817
125	tsk_125	(x)	1	:	0.000000	0.000000	0.000000	0.000000	0.489183	0.000000	0.000000	0.000000	0.000000	0.000000	0.000000	0.000000	0.510817
126	tsk_126	(x)	1	:	0.683692	0.000000	0.018695	0.000000	0.000000	0.000000	0.045566	0.000000	0.000008	0.026043	0.000000	0.225996	0.000000
127	tsk_127	(x)	1	:	0.369288	0.000000	0.061784	0.000000	0.000000	0.000000	0.000000	0.000000	0.000000	0.568928	0.000000	0.000000	0.000000
128	tsk_128	(x)	1	:	0.369267	0.000000	0.000000	0.000000	0.000000	0.000000	0.630733	0.000000	0.000000	0.000000	0.000000	0.000000	0.000000
129	tsk_129	(x)	1	:	0.000000	0.000000	0.250564	0.000000	0.000000	0.000000	0.000000	0.516773	0.000000	0.232663	0.000000	0.000000	0.000000
130	tsk_130	(x)	1	:	0.000000	0.000000	0.252548	0.000000	0.000000	0.000000	0.000000	0.000000	0.000000	0.240531	0.000000	0.000000	0.506920
131	tsk_131	(x)	1	:	0.000000	0.000000	0.324826	0.000000	0.000000	0.000000	0.000000	0.496658	0.000000	0.178516	0.000000	0.000000	0.000000
132	tsk_132	(x)	1	:	0.000000	0.000000	0.016678	0.000000	0.000000	0.000000	0.709893	0.000000	0.000003	0.037357	0.000000	0.236069	0.000000
133	tsk_133	(x)	1	:	0.000000	0.438670	0.359329	0.000000	0.000000	0.000000	0.000000	0.000000	0.000000	0.202000	0.000000	0.000000	0.000000
134	tsk_134	(x)	1	:	0.000000	0.000000	0.179722	0.000000	0.480435	0.000000	0.000000	0.000000	0.000000	0.339843	0.000000	0.000000	0.000000
135	tsk_135	(x)	1	:	0.000000	0.000000	0.320724	0.000000	0.000000	0.000000	0.000000	0.000000	0.000000	0.172356	0.000000	0.000000	0.506920
136	tsk_136	(x)	1	:	0.000000	0.000000	0.000162	0.000000	0.000000	0.000000	0.493507	0.000000	0.000007	0.000130	0.000000	0.000000	0.506194
137	tsk_137	(x)	1	:	0.000000	0.000000	0.099477	0.000000	0.000000	0.000000	0.000000	0.000000	0.000000	0.393603	0.000000	0.000000	0.506920
138	tsk_138	(x)	1	:	0.000000	0.000000	0.106418	0.000000	0.000000	0.000000	0.500020	0.000000	0.000000	0.393561	0.000000	0.000000	0.000000
139	tsk_139	(x)	1	:	0.000000	0.438670	0.308907	0.000000	0.000000	0.000000	0.000000	0.000000	0.000000	0.252423	0.000000	0.000000	0.000000
140	tsk_140	(x)	1	:	0.520637	0.000000	0.000000	0.000000	0.000000	0.000000	0.000000	0.000001	0.000000	0.000000	0.479362	0.000000	0.000000
141	tsk_141	(x)	1	:	0.000000	0.000000	0.000000	0.000000	0.000000	0.000000	0.000000	0.000000	0.000001	0.000000	0.494878	0.505121	0.000000
142	tsk_142	(x)	1	:	0.510573	0.000000	0.000000	0.000000	0.000000	0.000000	0.000000	0.000000	0.000000	0.000000	0.000000	0.000000	0.489427
143	tsk_143	(x)	1	:	0.000000	0.000000	0.000000	0.000000	0.000000	0.000000	0.000000	0.000000	0.000000	0.000000	0.000000	1.000000	0.000000
144	tsk_144	(x)	1	:	0.000000	0.000000	0.000000	0.000000	0.000000	0.000000	0.000000	0.000000	0.000000	0.000000	0.507716	0.000000	0.492284
145	tsk_145	(x)	1	:	0.000000	0.000000	0.000000	0.000000	0.000000	0.000000	0.000000	0.091433	0.000000	0.000000	0.411575	0.000000	0.496993
146	tsk_146	(x)	1	:	0.510573	0.000000	0.000000	0.000000	0.000000	0.000000	0.000000	0.000000	0.000000	0.000000	0.000000	0.000000	0.489427
147	tsk_147	(x)	1	:	0.613620	0.000000	0.212469	0.000000	0.000000	0.000000	0.000000	0.000000	0.000000	0.173911	0.000000	0.000000	0.000000
148	tsk_148	(x)	1	:	0.000000	0.000000	0.000000	0.000000	0.489183	0.000000	0.000000	0.000000	0.000000	0.000000	0.000000	0.000000	0.510817
149	tsk_149	(x)	1	:	0.000000	0.000000	0.269969	0.000000	0.000000	0.000000	0.000000	0.000000	0.000000	0.230143	0.499888	0.000000	0.000000
