logL = -1385.223350 (converged)
AIC = 7384.446700
BIC = 14329.982323

count.K
1 1 3 3 38 4 16 0 25 44 5 6 4 

