logL = -2283.772355 (converged)
AIC = 9597.544710
BIC = 17169.292475

count.K
24 6 19 1 7 6 8 4 5 29 26 1 14 

