0	tsk_0	(x)	1	:	0.000000	0.000000	0.000000	0.000000	0.497557	0.000000	0.000000	0.000000	0.000000	0.000000	0.000000	0.502443	0.000000	0.000000	0.000000
1	tsk_1	(x)	1	:	0.007454	0.000000	0.493072	0.000000	0.000000	0.000000	0.000000	0.000000	0.000000	0.000000	0.000000	0.499474	0.000000	0.000000	0.000000
2	tsk_2	(x)	1	:	0.000000	0.000000	0.000000	0.000000	0.000000	0.365995	0.000000	0.000000	0.152843	0.000000	0.000000	0.481162	0.000000	0.000000	0.000000
3	tsk_3	(x)	1	:	0.505547	0.000000	0.000000	0.000000	0.000000	0.000000	0.000000	0.000000	0.000000	0.000000	0.000000	0.494453	0.000000	0.000000	0.000000
4	tsk_4	(x)	1	:	0.000000	0.434721	0.000000	0.000000	0.000000	0.000000	0.000000	0.000000	0.000000	0.000000	0.000000	0.000000	0.000000	0.000000	0.565279
5	tsk_5	(x)	1	:	0.509942	0.489467	0.000000	0.000000	0.000590	0.000000	0.000000	0.000000	0.000000	0.000000	0.000000	0.000000	0.000000	0.000000	0.000000
6	tsk_6	(x)	1	:	0.008186	0.000000	0.492391	0.000000	0.000000	0.000000	0.000000	0.000000	0.000000	0.000000	0.000000	0.499423	0.000000	0.000000	0.000000
7	tsk_7	(x)	1	:	0.000000	0.000000	0.000000	0.000000	0.036554	0.461108	0.000000	0.000000	0.000000	0.000000	0.000000	0.502338	0.000000	0.000000	0.000000
8	tsk_8	(x)	1	:	0.000000	0.533421	0.000000	0.000000	0.000498	0.466081	0.000000	0.000000	0.000000	0.000000	0.000000	0.000000	0.000000	0.000000	0.000000
9	tsk_9	(x)	1	:	0.000000	0.498671	0.000000	0.000000	0.001456	0.000000	0.000000	0.000000	0.000000	0.000000	0.000000	0.499873	0.000000	0.000000	0.000000
10	tsk_10	(x)	1	:	0.000000	0.000000	0.000000	0.000000	0.491222	0.000000	0.000000	0.508768	0.000000	0.000000	0.000000	0.000009	0.000000	0.000000	0.000000
11	tsk_11	(x)	1	:	0.476427	0.000000	0.000000	0.000000	0.000004	0.000000	0.000000	0.523339	0.000000	0.000000	0.000000	0.000230	0.000000	0.000000	0.000000
12	tsk_12	(x)	1	:	0.000000	0.000000	0.000000	0.000000	0.491222	0.000000	0.000000	0.508768	0.000000	0.000000	0.000000	0.000010	0.000000	0.000000	0.000000
13	tsk_13	(x)	1	:	0.000000	0.524300	0.000000	0.000000	0.475700	0.000000	0.000000	0.000000	0.000000	0.000000	0.000000	0.000000	0.000000	0.000000	0.000000
14	tsk_14	(x)	1	:	0.000000	0.000000	0.000000	0.000000	0.491222	0.000000	0.000000	0.508767	0.000000	0.000000	0.000000	0.000011	0.000000	0.000000	0.000000
15	tsk_15	(x)	1	:	0.029244	0.498484	0.000000	0.000000	0.000944	0.000000	0.000000	0.000000	0.000000	0.000000	0.000000	0.000000	0.000000	0.471327	0.000000
16	tsk_16	(x)	1	:	0.001232	0.000000	0.513817	0.000000	0.000000	0.000000	0.000000	0.000000	0.000000	0.000000	0.000000	0.000000	0.000000	0.484951	0.000000
17	tsk_17	(x)	1	:	0.476430	0.000000	0.000000	0.000000	0.000004	0.000000	0.000000	0.523371	0.000000	0.000000	0.000000	0.000195	0.000000	0.000000	0.000000
18	tsk_18	(x)	1	:	0.027047	0.000000	0.000000	0.492634	0.000000	0.000000	0.000000	0.000000	0.000000	0.000000	0.000000	0.007558	0.000000	0.472761	0.000000
19	tsk_19	(x)	1	:	0.000000	0.000000	0.000000	0.000000	0.491222	0.000000	0.000000	0.508770	0.000000	0.000000	0.000000	0.000008	0.000000	0.000000	0.000000
20	tsk_20	(x)	1	:	0.000000	0.000000	0.000000	0.000000	0.131878	0.000000	0.000000	0.508746	0.359372	0.000000	0.000000	0.000004	0.000000	0.000000	0.000000
21	tsk_21	(x)	1	:	0.000000	0.000000	0.000000	0.000000	1.000000	0.000000	0.000000	0.000000	0.000000	0.000000	0.000000	0.000000	0.000000	0.000000	0.000000
22	tsk_22	(x)	1	:	0.000000	0.000000	0.000000	0.000000	0.513008	0.000000	0.000000	0.486992	0.000000	0.000000	0.000000	0.000000	0.000000	0.000000	0.000000
23	tsk_23	(x)	1	:	0.492746	0.000000	0.000000	0.000000	0.000000	0.507254	0.000000	0.000000	0.000000	0.000000	0.000000	0.000000	0.000000	0.000000	0.000000
24	tsk_24	(x)	1	:	0.000000	0.000000	0.000000	0.000000	0.352360	0.647640	0.000000	0.000000	0.000000	0.000000	0.000000	0.000000	0.000000	0.000000	0.000000
25	tsk_25	(x)	1	:	0.000000	0.000000	0.000000	0.000000	0.000000	0.000000	0.000000	0.921829	0.000000	0.000000	0.000000	0.078171	0.000000	0.000000	0.000000
26	tsk_26	(x)	1	:	0.000000	0.000000	0.000000	0.491065	0.000946	0.000000	0.498588	0.000000	0.000000	0.000000	0.000000	0.009394	0.000000	0.000000	0.000007
27	tsk_27	(x)	1	:	0.000000	0.000062	0.000000	0.000000	0.425561	0.574376	0.000000	0.000000	0.000000	0.000000	0.000000	0.000000	0.000001	0.000000	0.000000
28	tsk_28	(x)	1	:	0.000000	0.000000	0.000000	0.000000	0.491734	0.000000	0.508082	0.000000	0.000000	0.000000	0.000000	0.000000	0.000000	0.000000	0.000183
29	tsk_29	(x)	1	:	0.515400	0.000000	0.000000	0.000000	0.084749	0.000000	0.000000	0.000000	0.000000	0.000000	0.000000	0.000000	0.000000	0.000000	0.399852
30	tsk_30	(x)	1	:	0.001405	0.000000	0.513730	0.000000	0.000000	0.000000	0.000000	0.000000	0.000000	0.000000	0.000000	0.000000	0.000000	0.484864	0.000000
31	tsk_31	(x)	1	:	0.000000	0.000000	0.000000	0.000000	0.000000	0.000000	0.000000	0.614568	0.000000	0.000000	0.000000	0.385432	0.000000	0.000000	0.000000
32	tsk_32	(x)	1	:	0.008601	0.000000	0.492005	0.000000	0.000000	0.000000	0.000000	0.284518	0.000000	0.000000	0.000000	0.214876	0.000000	0.000000	0.000000
33	tsk_33	(x)	1	:	0.000000	0.000000	0.000000	0.000000	0.000000	0.000000	0.000000	1.000000	0.000000	0.000000	0.000000	0.000000	0.000000	0.000000	0.000000
34	tsk_34	(x)	1	:	0.000000	0.000000	0.000000	0.000000	0.000199	0.000000	0.494502	0.505290	0.000000	0.000000	0.000000	0.000002	0.000000	0.000000	0.000006
35	tsk_35	(x)	1	:	0.000000	0.000000	1.000000	0.000000	0.000000	0.000000	0.000000	0.000000	0.000000	0.000000	0.000000	0.000000	0.000000	0.000000	0.000000
36	tsk_36	(x)	1	:	0.000000	0.000000	0.000000	0.000000	0.001264	0.000000	0.499021	0.284525	0.000000	0.000000	0.000000	0.215183	0.000000	0.000000	0.000006
37	tsk_37	(x)	1	:	0.000000	0.000000	0.000000	0.000000	0.000000	0.000000	0.000000	0.284506	0.000000	0.000000	0.000000	0.194223	0.521271	0.000000	0.000000
38	tsk_38	(x)	1	:	0.000000	0.000000	1.000000	0.000000	0.000000	0.000000	0.000000	0.000000	0.000000	0.000000	0.000000	0.000000	0.000000	0.000000	0.000000
39	tsk_39	(x)	1	:	0.000000	0.000000	1.000000	0.000000	0.000000	0.000000	0.000000	0.000000	0.000000	0.000000	0.000000	0.000000	0.000000	0.000000	0.000000
40	tsk_40	(x)	1	:	0.000000	0.000000	0.000000	0.000000	0.001543	0.469264	0.000000	0.000000	0.000000	0.000000	0.000000	0.000000	0.529193	0.000000	0.000000
41	tsk_41	(x)	1	:	0.000000	0.000000	0.000000	0.470038	0.000000	0.000000	0.000000	0.528196	0.000000	0.000000	0.000000	0.001766	0.000000	0.000000	0.000000
42	tsk_42	(x)	1	:	0.000000	0.000000	0.000000	0.000000	0.001091	0.469415	0.000000	0.000000	0.000000	0.000000	0.000000	0.000000	0.529494	0.000000	0.000000
43	tsk_43	(x)	1	:	0.000000	0.505382	0.000000	0.000000	0.000008	0.000000	0.000000	0.000000	0.000000	0.000000	0.000000	0.000000	0.494610	0.000000	0.000000
44	tsk_44	(x)	1	:	0.000000	0.000000	0.000000	0.000000	0.002011	0.469108	0.000000	0.000000	0.000000	0.000000	0.000000	0.000000	0.528881	0.000000	0.000000
45	tsk_45	(x)	1	:	0.000000	0.000000	0.000000	0.000000	0.000000	0.000000	0.000000	0.000000	0.000000	0.000000	0.000000	0.000000	1.000000	0.000000	0.000000
46	tsk_46	(x)	1	:	0.000000	0.000000	0.000000	0.000000	0.000000	0.000000	0.000000	0.000000	0.000000	0.000000	0.000000	0.000000	1.000000	0.000000	0.000000
47	tsk_47	(x)	1	:	0.000000	0.533456	0.000000	0.000000	0.000445	0.466099	0.000000	0.000000	0.000000	0.000000	0.000000	0.000000	0.000000	0.000000	0.000000
48	tsk_48	(x)	1	:	0.000000	0.505346	0.000000	0.000000	0.000081	0.000000	0.000000	0.000000	0.000000	0.000000	0.000000	0.000000	0.494573	0.000000	0.000000
49	tsk_49	(x)	1	:	0.000000	0.000000	0.000000	0.487918	0.000063	0.000000	0.000000	0.000000	0.000000	0.315623	0.000000	0.009737	0.186660	0.000000	0.000000
50	tsk_50	(x)	1	:	0.000000	0.000000	0.000000	0.000000	0.000000	0.361213	0.000000	0.000000	0.000000	0.158828	0.000000	0.479958	0.000000	0.000000	0.000000
51	tsk_51	(x)	1	:	0.000000	0.000000	0.000000	0.000000	0.029326	0.461858	0.000000	0.508804	0.000000	0.000000	0.000000	0.000012	0.000000	0.000000	0.000000
52	tsk_52	(x)	1	:	0.000000	0.411094	0.000000	0.000000	0.000000	0.407046	0.000000	0.000000	0.000000	0.181860	0.000000	0.000000	0.000000	0.000000	0.000000
53	tsk_53	(x)	1	:	0.000000	0.417342	0.000000	0.000000	0.000000	0.410118	0.000000	0.000000	0.172540	0.000000	0.000000	0.000000	0.000000	0.000000	0.000000
54	tsk_54	(x)	1	:	0.665304	0.000000	0.000000	0.000000	0.000000	0.000000	0.000000	0.000000	0.000000	0.000000	0.000000	0.000000	0.000000	0.334695	0.000000
55	tsk_55	(x)	1	:	0.000000	0.000000	0.000000	0.470185	0.000000	0.000000	0.000000	0.528281	0.000000	0.000000	0.000000	0.001534	0.000000	0.000000	0.000000
56	tsk_56	(x)	1	:	0.000000	0.000000	0.000000	0.000000	0.000000	0.000000	0.000000	0.545746	0.000000	0.000000	0.000000	0.454254	0.000000	0.000000	0.000000
57	tsk_57	(x)	1	:	0.001407	0.000000	0.513729	0.000000	0.000000	0.000000	0.000000	0.000000	0.000000	0.000000	0.000000	0.000000	0.000000	0.484863	0.000000
58	tsk_58	(x)	1	:	0.029334	0.000000	0.000000	0.000000	0.000000	0.000000	0.000000	0.000000	0.000000	0.000000	0.000000	0.499605	0.000000	0.471061	0.000000
59	tsk_59	(x)	1	:	0.476436	0.000000	0.000000	0.000000	0.000004	0.000000	0.000000	0.523427	0.000000	0.000000	0.000000	0.000133	0.000000	0.000000	0.000000
60	tsk_60	(x)	1	:	1.000000	0.000000	0.000000	0.000000	0.000000	0.000000	0.000000	0.000000	0.000000	0.000000	0.000000	0.000000	0.000000	0.000000	0.000000
61	tsk_61	(x)	1	:	1.000000	0.000000	0.000000	0.000000	0.000000	0.000000	0.000000	0.000000	0.000000	0.000000	0.000000	0.000000	0.000000	0.000000	0.000000
62	tsk_62	(x)	1	:	0.509943	0.489471	0.000000	0.000000	0.000587	0.000000	0.000000	0.000000	0.000000	0.000000	0.000000	0.000000	0.000000	0.000000	0.000000
63	tsk_63	(x)	1	:	0.309591	0.000000	0.000000	0.000000	0.000000	0.000000	0.000000	0.000000	0.000000	0.000000	0.000000	0.000000	0.000000	0.690409	0.000000
64	tsk_64	(x)	1	:	0.509953	0.489558	0.000000	0.000000	0.000489	0.000000	0.000000	0.000000	0.000000	0.000000	0.000000	0.000000	0.000000	0.000000	0.000000
65	tsk_65	(x)	1	:	1.000000	0.000000	0.000000	0.000000	0.000000	0.000000	0.000000	0.000000	0.000000	0.000000	0.000000	0.000000	0.000000	0.000000	0.000000
66	tsk_66	(x)	1	:	0.442574	0.000000	0.557426	0.000000	0.000000	0.000000	0.000000	0.000000	0.000000	0.000000	0.000000	0.000000	0.000000	0.000000	0.000000
67	tsk_67	(x)	1	:	0.000000	0.477492	0.000000	0.000000	0.000085	0.000000	0.000000	0.000000	0.000000	0.000000	0.000000	0.000000	0.000000	0.522423	0.000000
68	tsk_68	(x)	1	:	0.508087	0.000000	0.000000	0.000000	0.000181	0.000000	0.491729	0.000000	0.000000	0.000000	0.000000	0.000000	0.000000	0.000000	0.000003
69	tsk_69	(x)	1	:	1.000000	0.000000	0.000000	0.000000	0.000000	0.000000	0.000000	0.000000	0.000000	0.000000	0.000000	0.000000	0.000000	0.000000	0.000000
70	tsk_70	(x)	1	:	0.000000	0.000000	0.000000	0.000000	0.000000	0.000000	0.434721	0.000000	0.000000	0.000000	0.000000	0.000000	0.000000	0.000000	0.565279
71	tsk_71	(x)	1	:	0.000000	0.000000	0.000000	0.000000	0.000000	0.000000	0.000000	0.000000	0.000000	0.000000	0.000000	0.000000	0.000000	0.000000	1.000000
72	tsk_72	(x)	1	:	0.648080	0.000000	0.351920	0.000000	0.000000	0.000000	0.000000	0.000000	0.000000	0.000000	0.000000	0.000000	0.000000	0.000000	0.000000
73	tsk_73	(x)	1	:	0.000000	0.000000	1.000000	0.000000	0.000000	0.000000	0.000000	0.000000	0.000000	0.000000	0.000000	0.000000	0.000000	0.000000	0.000000
74	tsk_74	(x)	1	:	0.003845	0.000000	0.481039	0.000000	0.000039	0.000000	0.000000	0.000000	0.000000	0.000000	0.000000	0.000000	0.000000	0.000000	0.515078
75	tsk_75	(x)	1	:	0.009443	0.497992	0.491595	0.000000	0.000970	0.000000	0.000000	0.000000	0.000000	0.000000	0.000000	0.000000	0.000000	0.000000	0.000000
76	tsk_76	(x)	1	:	0.000000	0.000000	1.000000	0.000000	0.000000	0.000000	0.000000	0.000000	0.000000	0.000000	0.000000	0.000000	0.000000	0.000000	0.000000
77	tsk_77	(x)	1	:	0.000000	0.000000	0.000000	0.491838	0.035569	0.461263	0.000000	0.000000	0.000000	0.000000	0.000000	0.011330	0.000000	0.000000	0.000000
78	tsk_78	(x)	1	:	0.648080	0.000000	0.351920	0.000000	0.000000	0.000000	0.000000	0.000000	0.000000	0.000000	0.000000	0.000000	0.000000	0.000000	0.000000
79	tsk_79	(x)	1	:	0.000000	0.533512	0.000000	0.000000	0.000361	0.466127	0.000000	0.000000	0.000000	0.000000	0.000000	0.000000	0.000000	0.000000	0.000000
80	tsk_80	(x)	1	:	0.000000	0.498179	0.000000	0.491461	0.001157	0.000000	0.000000	0.000000	0.000000	0.000000	0.000000	0.009203	0.000000	0.000000	0.000000
81	tsk_81	(x)	1	:	0.000000	0.000000	0.000000	1.000000	0.000000	0.000000	0.000000	0.000000	0.000000	0.000000	0.000000	0.000000	0.000000	0.000000	0.000000
82	tsk_82	(x)	1	:	0.509939	0.489438	0.000000	0.000000	0.000624	0.000000	0.000000	0.000000	0.000000	0.000000	0.000000	0.000000	0.000000	0.000000	0.000000
83	tsk_83	(x)	1	:	0.000000	0.000000	0.000000	0.470103	0.000000	0.000000	0.000000	0.528234	0.000000	0.000000	0.000000	0.001663	0.000000	0.000000	0.000000
84	tsk_84	(x)	1	:	0.008034	0.000000	0.492060	0.491869	0.000000	0.000000	0.000000	0.000000	0.000000	0.000000	0.000000	0.008036	0.000000	0.000000	0.000000
85	tsk_85	(x)	1	:	0.000000	0.567834	0.000000	0.000000	0.000474	0.000000	0.000000	0.000000	0.000000	0.000000	0.000000	0.000000	0.000000	0.000000	0.431692
86	tsk_86	(x)	1	:	0.007825	0.000000	0.492224	0.491339	0.000000	0.000000	0.000000	0.000000	0.000000	0.000000	0.000000	0.008611	0.000000	0.000000	0.000000
87	tsk_87	(x)	1	:	0.000000	0.498213	0.000000	0.491555	0.001129	0.000000	0.000000	0.000000	0.000000	0.000000	0.000000	0.009102	0.000000	0.000000	0.000000
88	tsk_88	(x)	1	:	0.000000	0.000000	0.000000	0.000000	0.000000	0.000000	1.000000	0.000000	0.000000	0.000000	0.000000	0.000000	0.000000	0.000000	0.000000
89	tsk_89	(x)	1	:	0.000000	0.000000	0.000000	0.000000	0.000000	0.588954	0.000000	0.000000	0.000000	0.000000	0.000000	0.000000	0.000000	0.000000	0.411046
90	tsk_90	(x)	1	:	0.000000	0.000000	0.000000	1.000000	0.000000	0.000000	0.000000	0.000000	0.000000	0.000000	0.000000	0.000000	0.000000	0.000000	0.000000
91	tsk_91	(x)	1	:	0.000000	0.524303	0.000000	0.000000	0.475697	0.000000	0.000000	0.000000	0.000000	0.000000	0.000000	0.000000	0.000000	0.000000	0.000000
92	tsk_92	(x)	1	:	0.000000	0.000000	0.000000	0.000000	0.491729	0.000000	0.508080	0.000000	0.000000	0.000000	0.000000	0.000000	0.000001	0.000000	0.000189
93	tsk_93	(x)	1	:	0.000000	0.000000	0.000000	0.000000	0.486369	0.000000	0.000000	0.000000	0.000000	0.000000	0.000000	0.000000	0.513630	0.000000	0.000000
94	tsk_94	(x)	1	:	0.000000	0.000005	0.000000	0.000000	0.538320	0.461674	0.000000	0.000000	0.000000	0.000000	0.000000	0.000000	0.000001	0.000000	0.000000
95	tsk_95	(x)	1	:	0.009630	0.498414	0.491477	0.000000	0.000478	0.000000	0.000000	0.000000	0.000000	0.000000	0.000000	0.000000	0.000000	0.000000	0.000000
96	tsk_96	(x)	1	:	0.000000	0.524304	0.000000	0.000000	0.475696	0.000000	0.000000	0.000000	0.000000	0.000000	0.000000	0.000000	0.000000	0.000000	0.000000
97	tsk_97	(x)	1	:	0.508097	0.000000	0.000000	0.000000	0.000144	0.000000	0.491755	0.000000	0.000000	0.000000	0.000000	0.000000	0.000000	0.000000	0.000004
98	tsk_98	(x)	1	:	0.012234	0.000000	0.492063	0.000000	0.034282	0.461422	0.000000	0.000000	0.000000	0.000000	0.000000	0.000000	0.000000	0.000000	0.000000
99	tsk_99	(x)	1	:	0.000000	0.000000	0.000000	0.000000	0.000377	0.479404	0.520177	0.000000	0.000000	0.000000	0.000000	0.000000	0.000000	0.000000	0.000041
100	tsk_100	(x)	1	:	0.000000	0.000000	0.000000	0.000000	0.001214	0.000000	0.000000	0.000000	0.000000	0.000000	0.000000	0.000000	0.562442	0.000000	0.436344
101	tsk_101	(x)	1	:	0.000000	0.000000	0.000000	0.000000	0.000269	0.469690	0.000000	0.000000	0.000000	0.000000	0.000000	0.000000	0.530041	0.000000	0.000000
102	tsk_102	(x)	1	:	0.000000	0.000000	0.000000	0.000000	0.000000	0.370763	0.000000	0.000000	0.295928	0.000000	0.000000	0.000000	0.333309	0.000000	0.000000
103	tsk_103	(x)	1	:	0.000000	0.000000	0.000000	0.000000	0.000000	0.000000	0.568078	0.000000	0.000000	0.000000	0.000000	0.000000	0.000000	0.000000	0.431922
104	tsk_104	(x)	1	:	0.000000	0.000000	0.000000	0.000000	0.000000	0.000000	0.000000	0.000000	0.000000	0.000000	0.000000	0.000000	0.430476	0.000000	0.569524
105	tsk_105	(x)	1	:	0.000000	0.000000	0.000000	0.000000	0.000000	0.412930	0.000000	0.000000	0.173864	0.000000	0.000000	0.000000	0.413206	0.000000	0.000000
106	tsk_106	(x)	1	:	0.029705	0.000000	0.000000	0.000000	0.000623	0.000000	0.498931	0.000000	0.000000	0.000000	0.000000	0.000000	0.000000	0.470736	0.000006
107	tsk_107	(x)	1	:	0.000000	0.000000	0.000000	0.000000	0.000042	0.000000	0.502669	0.000000	0.000000	0.000000	0.000000	0.000000	0.497260	0.000000	0.000029
108	tsk_108	(x)	1	:	0.456331	0.000000	0.000000	0.000000	0.006141	0.000000	0.000000	0.000000	0.000000	0.319652	0.000000	0.000000	0.217877	0.000000	0.000000
109	tsk_109	(x)	1	:	0.000000	0.000000	0.000000	0.000000	0.491756	0.000000	0.508091	0.000000	0.000000	0.000000	0.000000	0.000000	0.000000	0.000000	0.000153
110	tsk_110	(x)	1	:	0.001274	0.000000	0.000000	0.000000	0.000000	0.000000	0.000000	0.000000	0.000000	0.000000	0.513796	0.000000	0.000000	0.484930	0.000000
111	tsk_111	(x)	1	:	0.000000	0.000000	0.000000	0.000000	0.000000	0.000000	0.000000	0.000000	0.000000	0.000000	1.000000	0.000000	0.000000	0.000000	0.000000
112	tsk_112	(x)	1	:	0.000000	0.000000	0.000000	0.000000	0.000000	0.000000	0.000000	0.000000	0.000000	0.496286	0.000000	0.000000	0.000000	0.503713	0.000000
113	tsk_113	(x)	1	:	0.008170	0.000000	0.492405	0.000000	0.000000	0.000000	0.000000	0.000000	0.000000	0.000000	0.000000	0.499424	0.000000	0.000000	0.000000
114	tsk_114	(x)	1	:	0.001298	0.000000	0.000000	0.000000	0.000000	0.000000	0.000000	0.000000	0.000000	0.000000	0.513784	0.000000	0.000000	0.484918	0.000000
115	tsk_115	(x)	1	:	0.000000	0.000000	1.000000	0.000000	0.000000	0.000000	0.000000	0.000000	0.000000	0.000000	0.000000	0.000000	0.000000	0.000000	0.000000
116	tsk_116	(x)	1	:	0.001431	0.000000	0.513718	0.000000	0.000000	0.000000	0.000000	0.000000	0.000000	0.000000	0.000000	0.000000	0.000000	0.484852	0.000000
117	tsk_117	(x)	1	:	0.000000	0.000000	0.000000	0.000000	0.000000	0.000000	0.000000	0.000000	0.000000	0.493526	0.506474	0.000000	0.000000	0.000000	0.000000
118	tsk_118	(x)	1	:	0.000228	0.000000	0.499886	0.000000	0.000000	0.000000	0.000000	0.000000	0.000000	0.000000	0.499886	0.000000	0.000000	0.000000	0.000000
119	tsk_119	(x)	1	:	0.000000	0.000000	0.000000	0.000000	0.000000	0.000000	0.000000	0.000000	0.000000	0.000000	1.000000	0.000000	0.000000	0.000000	0.000000
120	tsk_120	(x)	1	:	0.009929	0.000000	0.491899	0.000000	0.004537	0.000000	0.000000	0.000000	0.000000	0.000000	0.000000	0.000000	0.493636	0.000000	0.000000
121	tsk_121	(x)	1	:	0.008906	0.000000	0.000000	0.000000	0.004890	0.000000	0.000000	0.000000	0.000000	0.000000	0.492766	0.000000	0.493438	0.000000	0.000000
122	tsk_122	(x)	1	:	0.000000	0.000000	0.000000	0.000000	0.000000	0.000000	0.000000	0.284524	0.000000	0.000000	0.000000	0.204837	0.000000	0.000000	0.510640
123	tsk_123	(x)	1	:	0.000000	0.000000	0.000000	0.000000	0.000000	0.000000	0.000000	0.284524	0.000000	0.000000	0.000000	0.204837	0.000000	0.000000	0.510640
124	tsk_124	(x)	1	:	0.028822	0.000000	0.000000	0.000000	0.000000	0.000000	0.000000	0.000000	0.000000	0.000000	0.000000	0.499640	0.000000	0.471537	0.000000
125	tsk_125	(x)	1	:	0.458976	0.000000	0.000000	0.000000	0.031880	0.000000	0.000000	0.000000	0.000000	0.000000	0.000000	0.000000	0.509143	0.000000	0.000000
126	tsk_126	(x)	1	:	0.000000	0.000000	0.000000	0.000000	0.005183	0.000000	0.000000	0.000000	0.000000	0.000000	0.000000	0.500522	0.494294	0.000000	0.000000
127	tsk_127	(x)	1	:	0.000000	0.000000	0.000000	0.000000	0.000000	0.000000	0.000000	0.000000	0.000000	0.000000	0.000000	0.000000	0.000000	0.000000	1.000000
128	tsk_128	(x)	1	:	0.000000	0.000000	0.000000	0.000000	0.138308	0.000000	0.000000	0.000000	0.359299	0.000000	0.000000	0.502393	0.000000	0.000000	0.000000
129	tsk_129	(x)	1	:	0.000000	0.000000	0.000000	0.000000	0.001351	0.000000	0.000000	0.000000	0.000000	0.000000	0.000000	0.000000	0.562371	0.000000	0.436278
130	tsk_130	(x)	1	:	0.000000	0.000000	0.000000	0.470063	0.000000	0.000000	0.000000	0.528211	0.000000	0.000000	0.000000	0.001726	0.000000	0.000000	0.000000
131	tsk_131	(x)	1	:	0.000000	0.000000	0.000000	0.000000	0.491222	0.000000	0.000000	0.508768	0.000000	0.000000	0.000000	0.000010	0.000000	0.000000	0.000000
132	tsk_132	(x)	1	:	0.000000	0.000000	0.000000	0.000000	0.491222	0.000000	0.000000	0.508768	0.000000	0.000000	0.000000	0.000010	0.000000	0.000000	0.000000
133	tsk_133	(x)	1	:	0.014568	0.000000	0.000000	0.000000	0.000000	0.516318	0.000000	0.000000	0.000000	0.000000	0.000000	0.000000	0.000000	0.469114	0.000000
134	tsk_134	(x)	1	:	0.000000	0.000000	0.000000	0.491976	0.035577	0.461266	0.000000	0.000000	0.000000	0.000000	0.000000	0.011180	0.000000	0.000000	0.000000
135	tsk_135	(x)	1	:	0.000000	0.000000	0.000000	0.000000	0.073556	0.000000	0.000000	0.510738	0.000000	0.000000	0.000000	0.000020	0.000000	0.000000	0.415686
136	tsk_136	(x)	1	:	0.000000	0.000000	0.000000	0.491245	0.095834	0.000000	0.000000	0.000000	0.000000	0.000000	0.000000	0.012774	0.000000	0.000000	0.400147
137	tsk_137	(x)	1	:	0.000000	0.000000	0.000000	1.000000	0.000000	0.000000	0.000000	0.000000	0.000000	0.000000	0.000000	0.000000	0.000000	0.000000	0.000000
138	tsk_138	(x)	1	:	0.000000	0.000002	0.000000	0.000000	0.538324	0.461673	0.000000	0.000000	0.000000	0.000000	0.000000	0.000000	0.000000	0.000000	0.000000
139	tsk_139	(x)	1	:	0.470567	0.000000	0.000000	0.000000	0.000000	0.000000	0.000000	0.000000	0.000000	0.000000	0.000000	0.000000	0.000000	0.529433	0.000000
140	tsk_140	(x)	1	:	0.000000	0.000000	0.000000	0.000000	0.000000	0.523890	0.000000	0.476109	0.000000	0.000000	0.000000	0.000000	0.000000	0.000000	0.000000
141	tsk_141	(x)	1	:	0.442574	0.000000	0.557426	0.000000	0.000000	0.000000	0.000000	0.000000	0.000000	0.000000	0.000000	0.000000	0.000000	0.000000	0.000000
142	tsk_142	(x)	1	:	0.491256	0.000000	0.000000	0.000000	0.000000	0.508744	0.000000	0.000000	0.000000	0.000000	0.000000	0.000000	0.000000	0.000000	0.000000
143	tsk_143	(x)	1	:	0.504828	0.000000	0.000000	0.488580	0.000000	0.000000	0.000000	0.000000	0.000000	0.000000	0.000000	0.006591	0.000000	0.000000	0.000000
144	tsk_144	(x)	1	:	0.012603	0.000000	0.491758	0.000000	0.034144	0.461495	0.000000	0.000000	0.000000	0.000000	0.000000	0.000000	0.000000	0.000000	0.000000
145	tsk_145	(x)	1	:	0.002473	0.000000	0.482437	0.000000	0.000000	0.515089	0.000000	0.000000	0.000000	0.000000	0.000000	0.000000	0.000000	0.000000	0.000000
146	tsk_146	(x)	1	:	0.510972	0.000000	0.000000	0.000000	0.002463	0.000000	0.000000	0.000000	0.000000	0.000000	0.000000	0.000000	0.486565	0.000000	0.000000
147	tsk_147	(x)	1	:	0.028273	0.000000	0.000000	0.492376	0.000000	0.000000	0.000000	0.000000	0.000000	0.000000	0.000000	0.007746	0.000000	0.471605	0.000000
148	tsk_148	(x)	1	:	0.028504	0.000000	0.000000	0.000000	0.000000	0.000000	0.000000	0.284509	0.000000	0.000000	0.000000	0.215154	0.000000	0.471834	0.000000
149	tsk_149	(x)	1	:	0.491256	0.000000	0.000000	0.000000	0.000000	0.508744	0.000000	0.000000	0.000000	0.000000	0.000000	0.000000	0.000000	0.000000	0.000000
