logL = -1153.684729 (converged)
AIC = 6615.369459
BIC = 13100.277882

count.K
12 3 22 3 0 0 21 48 15 6 8 12 

