logL = -1450.227703 (converged)
AIC = 4470.455405
BIC = 6833.804111

count.K
20 31 43 45 11 

