logL = -817.067941 (converged)
AIC = 3154.135882
BIC = 5442.218706

count.K
10 32 15 25 68 

