logL = -1373.821346 (converged)
AIC = 5065.642692
BIC = 8554.968998

count.K
7 33 8 12 24 62 4 

