logL = -791.430502 (converged)
AIC = 6832.861004
BIC = 14735.778651

count.K
3 4 1 9 9 26 5 4 10 4 13 21 27 14 0 

