logL = -1212.250577 (converged)
AIC = 6700.501153
BIC = 13137.239412

count.K
15 8 7 3 19 45 8 5 7 18 15 

