logL = -1626.121148 (converged)
AIC = 4480.242296
BIC = 6328.772367

count.K
57 13 31 49 

