logL = -1506.714869 (converged)
AIC = 8863.429738
BIC = 17669.537974

count.K
23 7 11 9 4 11 0 32 2 8 7 19 8 3 6 

