logL = -3157.390402 (converged)
AIC = 6814.780804
BIC = 7567.439627

count.K
78 72 

