logL = -934.614764 (converged)
AIC = 5209.229528
BIC = 10236.990469

count.K
5 25 14 16 2 36 16 10 19 7 

