logL = -546.112885 (converged)
AIC = 5608.225770
BIC = 12406.240264

count.K
1 2 8 25 7 9 32 27 5 2 4 8 19 1 

