logL = -5150.750054 (converged)
AIC = 14141.500108
BIC = 19921.919873

count.K
35 17 14 17 13 24 13 11 6 

