logL = -2911.951809 (converged)
AIC = 6693.903618
BIC = 8003.529970

count.K
50 85 15 

