logL = -776.761335 (converged)
AIC = 5301.522670
BIC = 10943.453211

count.K
0 4 2 24 36 14 39 5 7 5 14 

