logL = -1499.367918 (converged)
AIC = 5578.735835
BIC = 9462.455365

count.K
8 62 18 26 4 5 17 10 

