logL = -1164.646321 (converged)
AIC = 5449.292642
BIC = 10145.883701

count.K
13 21 21 14 9 23 7 25 17 

