logL = -971.137566 (converged)
AIC = 4302.275131
BIC = 7854.824778

count.K
20 15 53 33 11 15 3 

