logL = -2114.092530 (converged)
AIC = 5928.185061
BIC = 8487.225061

count.K
6 24 63 18 39 

