logL = -2356.214443 (converged)
AIC = 7254.428886
BIC = 11080.946345

count.K
16 23 14 20 4 16 57 

