logL = -971.854476 (converged)
AIC = 5343.708953
BIC = 10461.788953

count.K
12 7 46 10 4 11 13 17 29 1 

