logL = -645.806294 (converged)
AIC = 5383.612589
BIC = 11543.372401

count.K
44 3 2 4 23 4 11 6 47 3 2 1 

