logL = -965.538180 (converged)
AIC = 6783.076360
BIC = 14086.877583

count.K
12 26 3 9 17 4 16 14 1 15 1 15 13 4 

