logL = -905.241236 (converged)
AIC = 6424.482472
BIC = 13370.018096

count.K
7 4 49 27 6 12 2 1 30 5 3 2 2 

