logL = -1485.508983 (converged)
AIC = 3431.017966
BIC = 4123.464084

count.K
97 53 

