logL = -1560.771281 (converged)
AIC = 8401.542562
BIC = 16349.619738

count.K
1 0 6 1 1 0 6 6 23 1 2 15 2 16 70 

