logL = -1497.617753 (converged)
AIC = 4207.235505
BIC = 6031.680493

count.K
42 57 17 34 

