logL = -1969.768721 (converged)
AIC = 4791.537441
BIC = 6074.068077

count.K
85 31 34 

