logL = -860.122479 (converged)
AIC = 3604.244959
BIC = 6440.263406

count.K
2 4 3 68 37 36 

