logL = -1656.959652 (converged)
AIC = 8893.919304
BIC = 17293.591774

count.K
20 2 11 4 3 13 22 6 18 6 7 25 1 6 6 

