logL = -864.326939 (converged)
AIC = 4988.653878
BIC = 9895.989408

count.K
0 25 42 20 3 18 18 12 2 10 

