logL = -1974.928401 (converged)
AIC = 6037.856801
BIC = 9180.960048

count.K
16 20 40 60 3 11 

