logL = -1068.027275 (converged)
AIC = 6016.054550
BIC = 11856.687020

count.K
10 14 16 22 5 17 17 11 14 6 18 

