logL = -1066.122564 (converged)
AIC = 5858.245127
BIC = 11467.058680

count.K
1 4 55 36 5 4 3 11 4 10 17 

