logL = -1666.694457 (converged)
AIC = 6813.388914
BIC = 12051.894326

count.K
5 11 7 20 7 11 10 3 70 6 

