logL = -2155.400194 (converged)
AIC = 7370.800387
BIC = 11977.072387

count.K
12 18 9 31 29 23 12 16 

