logL = -839.963542 (converged)
AIC = 6809.927085
BIC = 14532.206614

count.K
2 39 4 6 1 1 8 12 3 21 1 8 20 7 17 

