logL = -1501.337764 (converged)
AIC = 6662.675528
BIC = 12172.138116

count.K
1 11 31 20 25 15 5 16 25 1 

