logL = -1841.462966 (converged)
AIC = 8660.925931
BIC = 16154.397178

count.K
8 12 0 8 0 31 24 3 4 18 2 5 35 

