0	tsk_0	(x)	1	:	0.000000	0.000000	0.000000	0.000000	0.000000	0.000000	0.000000	0.000000	0.000000	0.000000	0.000000	0.500000	0.000000	0.500000	0.000000
1	tsk_1	(x)	1	:	0.000000	0.000000	0.000000	0.000000	0.000000	0.000000	0.000000	1.000000	0.000000	0.000000	0.000000	0.000000	0.000000	0.000000	0.000000
2	tsk_2	(x)	1	:	0.000000	0.000000	0.000000	0.000000	0.000000	0.000000	0.000000	0.000000	0.000000	0.000000	0.000000	0.000000	0.000000	1.000000	0.000000
3	tsk_3	(x)	1	:	0.025401	0.000000	0.005973	0.000000	0.469305	0.000000	0.000000	0.499322	0.000000	0.000000	0.000000	0.000000	0.000000	0.000000	0.000000
4	tsk_4	(x)	1	:	0.000000	0.000000	0.000000	0.000000	0.000000	0.000000	0.000000	1.000000	0.000000	0.000000	0.000000	0.000000	0.000000	0.000000	0.000000
5	tsk_5	(x)	1	:	0.000104	0.000000	0.002452	0.000000	0.000000	0.000000	0.000000	0.497955	0.000000	0.000000	0.000000	0.000000	0.000000	0.499490	0.000000
6	tsk_6	(x)	1	:	0.000000	0.000000	0.000000	0.000000	0.000000	0.000000	0.000000	0.000000	0.000000	0.000000	0.000000	0.000000	0.000000	0.000000	1.000000
7	tsk_7	(x)	1	:	0.000000	0.000000	0.000000	0.000000	0.000000	0.000000	0.000000	0.000000	0.000000	0.000000	0.000000	0.000000	0.000000	1.000000	0.000000
8	tsk_8	(x)	1	:	0.000000	0.000000	0.000542	0.000000	0.000000	0.000000	0.000000	0.025742	0.000000	0.472967	0.000000	0.000000	0.000000	0.500750	0.000000
9	tsk_9	(x)	1	:	0.000000	0.000000	0.003240	0.000000	0.000000	0.000000	0.000000	0.497406	0.000000	0.000000	0.000000	0.000000	0.000000	0.499354	0.000000
10	tsk_10	(x)	1	:	0.316473	0.000000	0.185306	0.000000	0.000000	0.000000	0.000000	0.000000	0.498221	0.000000	0.000000	0.000000	0.000000	0.000000	0.000000
11	tsk_11	(x)	1	:	0.001201	0.000000	0.002102	0.000000	0.000000	0.000000	0.000000	0.000000	0.000000	0.000000	0.000000	0.497355	0.000000	0.499341	0.000000
12	tsk_12	(x)	1	:	0.000000	0.000000	0.000000	0.000000	0.000000	0.000000	0.000000	0.000000	0.000000	0.000000	0.000000	0.000000	0.000000	1.000000	0.000000
13	tsk_13	(x)	1	:	0.002015	0.000000	0.004358	0.000000	0.000000	0.000000	0.000000	0.496319	0.497308	0.000000	0.000000	0.000000	0.000000	0.000000	0.000000
14	tsk_14	(x)	1	:	0.002923	0.000000	0.003948	0.000000	0.000000	0.000000	0.000000	0.000000	0.497209	0.000000	0.000000	0.495919	0.000000	0.000000	0.000000
15	tsk_15	(x)	1	:	0.000000	0.000000	0.002689	0.000000	0.000000	0.000000	0.000000	0.497847	0.000000	0.000000	0.000000	0.000000	0.000000	0.499464	0.000000
16	tsk_16	(x)	1	:	0.339254	0.000000	0.162525	0.000000	0.000000	0.000000	0.000000	0.000000	0.498221	0.000000	0.000000	0.000000	0.000000	0.000000	0.000000
17	tsk_17	(x)	1	:	0.000000	0.000000	0.000000	0.000000	0.000000	0.000000	0.000000	1.000000	0.000000	0.000000	0.000000	0.000000	0.000000	0.000000	0.000000
18	tsk_18	(x)	1	:	0.001596	0.000000	0.011381	0.000000	0.000000	0.000000	0.000000	0.493511	0.000000	0.000000	0.000000	0.493511	0.000000	0.000000	0.000000
19	tsk_19	(x)	1	:	0.000000	0.000000	0.000000	0.000000	0.000000	0.000000	0.000000	0.000000	0.499094	0.000000	0.000000	0.000000	0.000000	0.500906	0.000000
20	tsk_20	(x)	1	:	0.000000	0.000000	0.000000	0.000000	0.000000	0.000000	0.000000	0.000000	0.000000	0.000000	0.000000	1.000000	0.000000	0.000000	0.000000
21	tsk_21	(x)	1	:	0.000019	0.000000	0.000009	0.000000	0.545146	0.000000	0.000000	0.454826	0.000000	0.000000	0.000000	0.000000	0.000000	0.000000	0.000000
22	tsk_22	(x)	1	:	0.003426	0.000000	0.004376	0.000018	0.000000	0.000000	0.000000	0.000000	0.497010	0.000000	0.000000	0.495170	0.000000	0.000000	0.000000
23	tsk_23	(x)	1	:	0.026432	0.000000	0.004022	0.000000	0.469525	0.000000	0.000000	0.000000	0.000000	0.000000	0.000000	0.500020	0.000000	0.000000	0.000000
24	tsk_24	(x)	1	:	0.000000	0.000000	0.000000	0.000000	0.000000	0.000000	0.000000	0.000000	0.000000	0.000000	0.000000	1.000000	0.000000	0.000000	0.000000
25	tsk_25	(x)	1	:	0.022529	0.000000	0.008486	0.000000	0.469391	0.000000	0.000000	0.000000	0.000000	0.000000	0.000000	0.499595	0.000000	0.000000	0.000000
26	tsk_26	(x)	1	:	0.000000	0.000000	0.000000	0.000000	0.471839	0.000000	0.000000	0.000000	0.528161	0.000000	0.000000	0.000000	0.000000	0.000000	0.000000
27	tsk_27	(x)	1	:	0.000000	0.000000	0.000000	0.000000	0.443028	0.000000	0.000000	0.000000	0.000000	0.556972	0.000000	0.000000	0.000000	0.000000	0.000000
28	tsk_28	(x)	1	:	0.000000	0.000000	0.000000	0.000000	0.000000	0.000000	0.000000	0.000000	0.000000	0.000000	0.000000	1.000000	0.000000	0.000000	0.000000
29	tsk_29	(x)	1	:	0.004552	0.000000	0.004367	0.000000	0.000000	0.000000	0.000000	0.495541	0.000000	0.000000	0.000000	0.495541	0.000000	0.000000	0.000000
30	tsk_30	(x)	1	:	0.158083	0.000000	0.341913	0.000000	0.000000	0.000000	0.000000	0.000000	0.000000	0.000000	0.000000	0.000000	0.000000	0.500004	0.000000
31	tsk_31	(x)	1	:	0.000000	0.000000	0.000000	0.000000	1.000000	0.000000	0.000000	0.000000	0.000000	0.000000	0.000000	0.000000	0.000000	0.000000	0.000000
32	tsk_32	(x)	1	:	0.000000	0.000000	0.000000	0.000000	1.000000	0.000000	0.000000	0.000000	0.000000	0.000000	0.000000	0.000000	0.000000	0.000000	0.000000
33	tsk_33	(x)	1	:	0.234177	0.000000	0.265821	0.000000	0.000000	0.000000	0.000000	0.000000	0.000000	0.000000	0.000000	0.000000	0.000000	0.500002	0.000000
34	tsk_34	(x)	1	:	0.368504	0.000000	0.073437	0.000000	0.558059	0.000000	0.000000	0.000000	0.000000	0.000000	0.000000	0.000000	0.000000	0.000000	0.000000
35	tsk_35	(x)	1	:	0.180375	0.000000	0.319625	0.000000	0.000000	0.000000	0.000000	0.000000	0.000000	0.000000	0.000000	0.500000	0.000000	0.000000	0.000000
36	tsk_36	(x)	1	:	0.178597	0.000000	0.321402	0.000000	0.000000	0.000000	0.000000	0.000000	0.000000	0.000000	0.000000	0.000000	0.000000	0.500001	0.000000
37	tsk_37	(x)	1	:	0.273738	0.000000	0.228041	0.000000	0.000000	0.000000	0.000000	0.000000	0.498221	0.000000	0.000000	0.000000	0.000000	0.000000	0.000000
38	tsk_38	(x)	1	:	0.000000	0.000000	0.000000	0.000000	0.000000	0.000000	0.000000	0.000000	0.000000	0.000000	0.000000	1.000000	0.000000	0.000000	0.000000
39	tsk_39	(x)	1	:	0.000020	0.000000	0.000005	0.000000	0.545146	0.000000	0.000000	0.000000	0.000000	0.000000	0.000000	0.454829	0.000000	0.000000	0.000000
40	tsk_40	(x)	1	:	0.141079	0.000000	0.858921	0.000000	0.000000	0.000000	0.000000	0.000000	0.000000	0.000000	0.000000	0.000000	0.000000	0.000000	0.000000
41	tsk_41	(x)	1	:	0.000000	0.000000	0.000074	0.000000	0.000000	0.000000	0.000000	0.000000	0.000000	0.000000	0.000000	0.499941	0.000000	0.499985	0.000000
42	tsk_42	(x)	1	:	0.171047	0.000000	0.828953	0.000000	0.000000	0.000000	0.000000	0.000000	0.000000	0.000000	0.000000	0.000000	0.000000	0.000000	0.000000
43	tsk_43	(x)	1	:	0.000000	0.000000	0.000000	0.000000	0.000000	0.000000	0.000000	0.531441	0.000000	0.468559	0.000000	0.000000	0.000000	0.000000	0.000000
44	tsk_44	(x)	1	:	0.073088	0.000000	0.426912	0.000000	0.000000	0.000000	0.000000	0.000000	0.000000	0.000000	0.000000	0.500000	0.000000	0.000000	0.000000
45	tsk_45	(x)	1	:	0.002181	0.000000	0.007757	0.000000	0.000000	0.000000	0.000000	0.026700	0.000000	0.468422	0.000000	0.494940	0.000000	0.000000	0.000000
46	tsk_46	(x)	1	:	0.186909	0.000000	0.311370	0.000000	0.000000	0.000000	0.000000	0.034851	0.000000	0.466870	0.000000	0.000000	0.000000	0.000000	0.000000
47	tsk_47	(x)	1	:	0.126408	0.000000	0.873592	0.000000	0.000000	0.000000	0.000000	0.000000	0.000000	0.000000	0.000000	0.000000	0.000000	0.000000	0.000000
48	tsk_48	(x)	1	:	0.128914	0.000000	0.371086	0.000000	0.000000	0.000000	0.000000	0.500000	0.000000	0.000000	0.000000	0.000000	0.000000	0.000000	0.000000
49	tsk_49	(x)	1	:	0.032774	0.000000	0.397982	0.000000	0.000000	0.000000	0.000000	0.000000	0.000000	0.000000	0.569244	0.000000	0.000000	0.000000	0.000000
50	tsk_50	(x)	1	:	0.000000	0.000000	0.000000	0.000000	0.471838	0.000000	0.000000	0.000000	0.528161	0.000000	0.000000	0.000000	0.000000	0.000000	0.000000
51	tsk_51	(x)	1	:	0.000000	0.000000	0.000000	0.000000	0.471839	0.000000	0.000000	0.000000	0.528161	0.000000	0.000000	0.000000	0.000000	0.000000	0.000000
52	tsk_52	(x)	1	:	0.000000	0.000000	0.000000	0.000000	0.000000	0.000000	0.000000	0.000000	1.000000	0.000000	0.000000	0.000000	0.000000	0.000000	0.000000
53	tsk_53	(x)	1	:	0.000000	0.000000	0.001148	0.000000	0.000000	0.000000	0.000000	0.023754	0.000000	0.474222	0.000000	0.000000	0.000000	0.500876	0.000000
54	tsk_54	(x)	1	:	0.004500	0.000000	0.002436	0.000000	0.000000	0.000000	0.000000	0.000000	0.497196	0.000000	0.000000	0.495867	0.000000	0.000000	0.000000
55	tsk_55	(x)	1	:	0.156686	0.000000	0.343314	0.000000	0.000000	0.000000	0.000000	0.000000	0.000000	0.000000	0.000000	0.500000	0.000000	0.000000	0.000000
56	tsk_56	(x)	1	:	0.018622	0.000000	0.012601	0.000000	0.469341	0.000000	0.000000	0.000000	0.000000	0.000000	0.000000	0.499436	0.000000	0.000000	0.000000
57	tsk_57	(x)	1	:	0.188042	0.000000	0.309869	0.000000	0.000000	0.000000	0.000000	0.035581	0.000000	0.466508	0.000000	0.000000	0.000000	0.000000	0.000000
58	tsk_58	(x)	1	:	0.308615	0.000000	0.193163	0.000000	0.000000	0.000000	0.000000	0.000000	0.498221	0.000000	0.000000	0.000000	0.000000	0.000000	0.000000
59	tsk_59	(x)	1	:	0.047834	0.000000	0.450226	0.000000	0.000000	0.000000	0.000000	0.035285	0.000000	0.466655	0.000000	0.000000	0.000000	0.000000	0.000000
60	tsk_60	(x)	1	:	0.089546	0.000000	0.408482	0.000000	0.000000	0.000000	0.000000	0.035348	0.000000	0.466623	0.000000	0.000000	0.000000	0.000000	0.000000
61	tsk_61	(x)	1	:	0.001911	0.000000	0.004763	0.000000	0.000000	0.000000	0.000000	0.000000	0.497248	0.000000	0.000000	0.496078	0.000000	0.000000	0.000000
62	tsk_62	(x)	1	:	0.089340	0.000000	0.408452	0.000000	0.000000	0.000000	0.000000	0.035817	0.000000	0.466391	0.000000	0.000000	0.000000	0.000000	0.000000
63	tsk_63	(x)	1	:	0.000695	0.000000	0.001256	0.000000	0.000000	0.472887	0.000000	0.022930	0.000000	0.000000	0.000000	0.502231	0.000000	0.000000	0.000000
64	tsk_64	(x)	1	:	0.000969	0.000000	0.006619	0.000000	0.000000	0.280401	0.000000	0.215763	0.000000	0.000000	0.000000	0.496248	0.000000	0.000000	0.000000
65	tsk_65	(x)	1	:	0.022273	0.000000	0.009106	0.000000	0.469303	0.000000	0.000000	0.000000	0.000000	0.000000	0.000000	0.499318	0.000000	0.000000	0.000000
66	tsk_66	(x)	1	:	0.000000	0.000000	0.000000	0.000000	0.000000	0.000000	0.500671	0.000000	0.499329	0.000000	0.000000	0.000000	0.000000	0.000000	0.000000
67	tsk_67	(x)	1	:	0.005404	0.000000	0.000517	0.000000	0.000000	0.000000	0.000000	0.000000	0.497397	0.000000	0.000000	0.496681	0.000000	0.000000	0.000000
68	tsk_68	(x)	1	:	0.022480	0.000000	0.009126	0.000000	0.469249	0.000000	0.000000	0.000000	0.000000	0.000000	0.000000	0.499145	0.000000	0.000000	0.000000
69	tsk_69	(x)	1	:	0.000000	0.000000	0.000000	0.000000	0.000000	0.000000	0.000000	0.000000	0.000000	1.000000	0.000000	0.000000	0.000000	0.000000	0.000000
70	tsk_70	(x)	1	:	0.007157	0.000000	0.001035	0.000000	0.000000	0.000000	0.000000	0.492754	0.000000	0.000000	0.000000	0.000000	0.496609	0.002445	0.000000
71	tsk_71	(x)	1	:	0.334845	0.000000	0.164653	0.000000	0.000000	0.000000	0.000000	0.000000	0.000000	0.000000	0.000000	0.000000	0.497983	0.002519	0.000000
72	tsk_72	(x)	1	:	0.065248	0.000000	0.434752	0.000000	0.000000	0.000000	0.000000	0.500000	0.000000	0.000000	0.000000	0.000000	0.000000	0.000000	0.000000
73	tsk_73	(x)	1	:	0.000000	0.000000	0.000000	0.000000	0.000000	0.000000	0.000000	0.500000	0.000000	0.000000	0.000000	0.000000	0.000000	0.500000	0.000000
74	tsk_74	(x)	1	:	0.030149	0.000000	0.000000	0.000000	0.469525	0.000000	0.000000	0.000000	0.000000	0.000000	0.000000	0.000000	0.498711	0.001614	0.000000
75	tsk_75	(x)	1	:	0.245578	0.000000	0.162521	0.000000	0.000000	0.000000	0.000000	0.000000	0.000000	0.591901	0.000000	0.000000	0.000000	0.000000	0.000000
76	tsk_76	(x)	1	:	0.000000	0.000000	0.000000	0.000000	0.000000	0.000000	0.000000	0.000000	0.000000	0.000000	0.000000	0.000000	1.000000	0.000000	0.000000
77	tsk_77	(x)	1	:	0.000000	0.000000	0.000000	0.000000	0.000000	0.000000	0.000000	1.000000	0.000000	0.000000	0.000000	0.000000	0.000000	0.000000	0.000000
78	tsk_78	(x)	1	:	0.006239	0.000000	0.001840	0.000000	0.000000	0.000000	0.000000	0.492945	0.000000	0.000000	0.000000	0.000000	0.497112	0.001863	0.000000
79	tsk_79	(x)	1	:	0.000000	0.000000	0.000000	0.000000	0.000000	0.000000	0.000000	1.000000	0.000000	0.000000	0.000000	0.000000	0.000000	0.000000	0.000000
80	tsk_80	(x)	1	:	0.003893	0.000000	0.066711	0.000000	0.000000	0.000000	0.000000	0.500018	0.000000	0.000000	0.429379	0.000000	0.000000	0.000000	0.000000
81	tsk_81	(x)	1	:	0.000000	0.000000	0.000000	0.000143	0.000000	0.000000	0.000000	0.000000	0.999857	0.000000	0.000000	0.000000	0.000000	0.000000	0.000000
82	tsk_82	(x)	1	:	0.000000	0.000000	0.000008	0.000000	0.000000	0.000000	0.000000	0.450470	0.000000	0.000000	0.549521	0.000000	0.000000	0.000000	0.000000
83	tsk_83	(x)	1	:	0.000000	0.000000	0.000000	0.000000	0.000000	0.000000	0.000000	1.000000	0.000000	0.000000	0.000000	0.000000	0.000000	0.000000	0.000000
84	tsk_84	(x)	1	:	0.000000	0.000000	0.000000	0.000075	0.000000	0.000000	0.000000	0.000000	0.999924	0.000000	0.000000	0.000000	0.000000	0.000000	0.000000
85	tsk_85	(x)	1	:	0.000000	0.000000	0.000000	0.000000	0.000000	0.000000	0.000000	1.000000	0.000000	0.000000	0.000000	0.000000	0.000000	0.000000	0.000000
86	tsk_86	(x)	1	:	0.009612	0.000000	0.062841	0.000537	0.000000	0.000000	0.000000	0.000000	0.497733	0.000000	0.429276	0.000000	0.000000	0.000000	0.000000
87	tsk_87	(x)	1	:	0.056543	0.000000	0.024176	0.407607	0.000001	0.000000	0.000000	0.499933	0.011740	0.000000	0.000000	0.000000	0.000000	0.000000	0.000000
88	tsk_88	(x)	1	:	0.000000	0.000000	0.000000	0.000072	0.000000	0.000000	0.000000	0.000000	0.472100	0.000000	0.527827	0.000000	0.000000	0.000000	0.000000
89	tsk_89	(x)	1	:	0.003716	0.000000	0.003799	0.000000	0.000000	0.000000	0.000000	0.495403	0.497082	0.000000	0.000000	0.000000	0.000000	0.000000	0.000000
90	tsk_90	(x)	1	:	0.000000	0.000000	0.000000	0.000000	0.527100	0.000000	0.000000	0.000000	0.000000	0.000000	0.000000	0.000000	0.000000	0.472900	0.000000
91	tsk_91	(x)	1	:	0.020044	0.000000	0.011468	0.000000	0.469271	0.000000	0.000000	0.499217	0.000000	0.000000	0.000000	0.000000	0.000000	0.000000	0.000000
92	tsk_92	(x)	1	:	0.131474	0.000000	0.368526	0.000000	0.000000	0.000000	0.000000	0.500000	0.000000	0.000000	0.000000	0.000000	0.000000	0.000000	0.000000
93	tsk_93	(x)	1	:	0.000000	0.000000	0.000000	0.000000	1.000000	0.000000	0.000000	0.000000	0.000000	0.000000	0.000000	0.000000	0.000000	0.000000	0.000000
94	tsk_94	(x)	1	:	0.022606	0.000000	0.008959	0.000000	0.469258	0.000000	0.000000	0.499176	0.000000	0.000000	0.000000	0.000000	0.000000	0.000000	0.000000
95	tsk_95	(x)	1	:	0.000000	0.000000	0.000000	0.000000	1.000000	0.000000	0.000000	0.000000	0.000000	0.000000	0.000000	0.000000	0.000000	0.000000	0.000000
96	tsk_96	(x)	1	:	0.233096	0.000000	0.266895	0.000000	0.000000	0.000000	0.000000	0.000000	0.000000	0.000000	0.000000	0.000000	0.000000	0.500009	0.000000
97	tsk_97	(x)	1	:	0.000000	0.000000	0.000000	0.000000	0.000000	0.000000	0.000000	1.000000	0.000000	0.000000	0.000000	0.000000	0.000000	0.000000	0.000000
98	tsk_98	(x)	1	:	0.000000	0.000000	0.000000	0.000000	0.000000	0.000000	0.000000	1.000000	0.000000	0.000000	0.000000	0.000000	0.000000	0.000000	0.000000
99	tsk_99	(x)	1	:	0.000016	0.000000	0.000006	0.000000	0.545147	0.000000	0.000000	0.454831	0.000000	0.000000	0.000000	0.000000	0.000000	0.000000	0.000000
100	tsk_100	(x)	1	:	0.015515	0.000000	0.056925	0.000369	0.000000	0.000000	0.000000	0.000000	0.497885	0.000000	0.429306	0.000000	0.000000	0.000000	0.000000
101	tsk_101	(x)	1	:	0.082030	0.500000	0.417970	0.000000	0.000000	0.000000	0.000000	0.000000	0.000000	0.000000	0.000000	0.000000	0.000000	0.000000	0.000000
102	tsk_102	(x)	1	:	0.157144	0.000000	0.342853	0.000000	0.000000	0.000000	0.000000	0.000000	0.000000	0.000000	0.000000	0.000000	0.000000	0.500003	0.000000
103	tsk_103	(x)	1	:	0.000894	0.000000	0.000521	0.524156	0.000000	0.000000	0.000000	0.474429	0.000000	0.000000	0.000000	0.000000	0.000000	0.000000	0.000000
104	tsk_104	(x)	1	:	0.004288	0.000000	0.003583	0.000000	0.000000	0.000000	0.000000	0.495117	0.497012	0.000000	0.000000	0.000000	0.000000	0.000000	0.000000
105	tsk_105	(x)	1	:	0.003055	0.000000	0.009831	0.000000	0.000000	0.000000	0.000000	0.493557	0.000000	0.000000	0.000000	0.493557	0.000000	0.000000	0.000000
106	tsk_106	(x)	1	:	0.000000	0.000000	0.000000	0.000000	0.000000	0.000000	0.000000	1.000000	0.000000	0.000000	0.000000	0.000000	0.000000	0.000000	0.000000
107	tsk_107	(x)	1	:	0.023798	0.000000	0.000000	0.000000	0.473316	0.000000	0.000000	0.000000	0.000000	0.000000	0.000000	0.000000	0.000000	0.502885	0.000000
108	tsk_108	(x)	1	:	0.001211	0.000000	0.069363	0.000000	0.000000	0.000000	0.000000	0.000000	0.000000	0.000000	0.429388	0.500038	0.000000	0.000000	0.000000
109	tsk_109	(x)	1	:	0.102759	0.000000	0.397241	0.000000	0.000000	0.000000	0.000000	0.500000	0.000000	0.000000	0.000000	0.000000	0.000000	0.000000	0.000000
110	tsk_110	(x)	1	:	0.107900	0.000000	0.392097	0.000000	0.000000	0.000000	0.000000	0.000000	0.000000	0.000000	0.000000	0.000000	0.000000	0.500003	0.000000
111	tsk_111	(x)	1	:	0.000000	0.000000	0.499997	0.000000	0.000000	0.000000	0.000000	0.000000	0.000000	0.000000	0.000000	0.000000	0.000000	0.500003	0.000000
112	tsk_112	(x)	1	:	0.000140	0.000000	0.002990	0.000000	0.000000	0.000000	0.000000	0.024468	0.000000	0.472299	0.000000	0.000000	0.000000	0.500103	0.000000
113	tsk_113	(x)	1	:	0.204402	0.000000	0.295593	0.000000	0.000000	0.000000	0.000000	0.000000	0.000000	0.000000	0.000000	0.000000	0.000000	0.500005	0.000000
114	tsk_114	(x)	1	:	0.152332	0.000000	0.347663	0.000000	0.000000	0.000000	0.000000	0.000000	0.000000	0.000000	0.000000	0.000000	0.000000	0.500005	0.000000
115	tsk_115	(x)	1	:	0.000000	0.000000	0.000000	0.000000	0.000000	0.000000	0.000000	0.000000	0.000000	0.000000	0.000000	0.000000	0.000000	1.000000	0.000000
116	tsk_116	(x)	1	:	0.000000	0.000000	0.000000	0.000000	0.000000	0.000000	0.000000	0.000000	0.000000	0.000000	0.000000	0.000000	0.000000	1.000000	0.000000
117	tsk_117	(x)	1	:	0.000000	0.000000	0.000000	0.000000	0.000000	0.000000	0.000000	0.000000	0.000000	0.000000	0.000000	0.000000	0.000000	1.000000	0.000000
118	tsk_118	(x)	1	:	0.341949	0.000000	0.658050	0.000000	0.000000	0.000000	0.000000	0.000000	0.000000	0.000000	0.000000	0.000000	0.000000	0.000000	0.000000
119	tsk_119	(x)	1	:	0.383716	0.000000	0.085084	0.531200	0.000000	0.000000	0.000000	0.000000	0.000000	0.000000	0.000000	0.000000	0.000000	0.000000	0.000000
120	tsk_120	(x)	1	:	0.016443	0.000000	0.483323	0.000000	0.000000	0.000000	0.500234	0.000000	0.000000	0.000000	0.000000	0.000000	0.000000	0.000000	0.000000
121	tsk_121	(x)	1	:	0.136093	0.000000	0.361915	0.000000	0.000000	0.000000	0.000000	0.035388	0.000000	0.466603	0.000000	0.000000	0.000000	0.000000	0.000000
122	tsk_122	(x)	1	:	0.000000	0.000000	0.000000	0.000000	0.000000	0.000000	0.000000	0.000000	0.000000	1.000000	0.000000	0.000000	0.000000	0.000000	0.000000
123	tsk_123	(x)	1	:	0.000059	0.000000	0.001456	0.000000	0.000000	0.000000	0.496616	0.016323	0.000000	0.485546	0.000000	0.000000	0.000000	0.000000	0.000000
124	tsk_124	(x)	1	:	0.028895	0.000000	0.470871	0.000000	0.000000	0.000000	0.500234	0.000000	0.000000	0.000000	0.000000	0.000000	0.000000	0.000000	0.000000
125	tsk_125	(x)	1	:	0.000000	0.000000	0.000000	0.000000	0.000000	0.000000	0.000000	0.000000	0.000000	1.000000	0.000000	0.000000	0.000000	0.000000	0.000000
126	tsk_126	(x)	1	:	0.170590	0.000000	0.329410	0.000000	0.000000	0.000000	0.000000	0.500000	0.000000	0.000000	0.000000	0.000000	0.000000	0.000000	0.000000
127	tsk_127	(x)	1	:	0.002969	0.000000	0.005215	0.000000	0.000000	0.000000	0.000000	0.494866	0.496950	0.000000	0.000000	0.000000	0.000000	0.000000	0.000000
128	tsk_128	(x)	1	:	0.023613	0.000000	0.476153	0.000000	0.000000	0.000000	0.500234	0.000000	0.000000	0.000000	0.000000	0.000000	0.000000	0.000000	0.000000
129	tsk_129	(x)	1	:	0.003129	0.000000	0.000000	0.000000	0.000000	0.000000	0.000000	0.029767	0.498045	0.469058	0.000000	0.000000	0.000000	0.000000	0.000000
130	tsk_130	(x)	1	:	0.000000	0.000000	0.000000	0.000000	0.000000	0.000000	0.000000	0.000000	0.000000	0.000000	0.000000	0.000000	0.000000	1.000000	0.000000
131	tsk_131	(x)	1	:	0.003988	0.000000	0.004463	0.000051	0.000000	0.000000	0.000000	0.022418	0.497447	0.471632	0.000000	0.000000	0.000000	0.000000	0.000000
132	tsk_132	(x)	1	:	0.000000	0.000000	0.000000	0.000070	0.000000	0.000000	0.000000	0.000000	0.999930	0.000000	0.000000	0.000000	0.000000	0.000000	0.000000
133	tsk_133	(x)	1	:	0.003679	0.000000	0.005092	0.000047	0.000000	0.000000	0.000000	0.494387	0.496795	0.000000	0.000000	0.000000	0.000000	0.000000	0.000000
134	tsk_134	(x)	1	:	0.003493	0.000000	0.004628	0.000000	0.000000	0.000000	0.000000	0.494917	0.496963	0.000000	0.000000	0.000000	0.000000	0.000000	0.000000
135	tsk_135	(x)	1	:	0.000000	0.000000	0.000000	0.000000	0.000000	0.000000	0.500671	0.000000	0.499329	0.000000	0.000000	0.000000	0.000000	0.000000	0.000000
136	tsk_136	(x)	1	:	0.000000	0.000000	0.000000	0.000000	0.000000	0.000000	0.000000	0.000000	0.000000	1.000000	0.000000	0.000000	0.000000	0.000000	0.000000
137	tsk_137	(x)	1	:	0.001549	0.000000	0.010749	0.000000	0.000000	0.000000	0.000000	0.493851	0.000000	0.000000	0.000000	0.493851	0.000000	0.000000	0.000000
138	tsk_138	(x)	1	:	0.017337	0.000000	0.012913	0.000000	0.469524	0.000000	0.500226	0.000000	0.000000	0.000000	0.000000	0.000000	0.000000	0.000000	0.000000
139	tsk_139	(x)	1	:	0.279359	0.000000	0.222420	0.000000	0.000000	0.000000	0.000000	0.000000	0.498221	0.000000	0.000000	0.000000	0.000000	0.000000	0.000000
140	tsk_140	(x)	1	:	0.447556	0.000000	0.082926	0.000000	0.469518	0.000000	0.000000	0.000000	0.000000	0.000000	0.000000	0.000000	0.000000	0.000000	0.000000
141	tsk_141	(x)	1	:	0.000000	0.000000	0.000000	0.000000	0.000000	0.533361	0.000000	0.003968	0.000000	0.462671	0.000000	0.000000	0.000000	0.000000	0.000000
142	tsk_142	(x)	1	:	0.000106	0.000000	0.005848	0.000000	0.000000	0.000000	0.499723	0.494323	0.000000	0.000000	0.000000	0.000000	0.000000	0.000000	0.000000
143	tsk_143	(x)	1	:	0.056462	0.000000	0.420145	0.000000	0.000000	0.522705	0.000000	0.000687	0.000000	0.000000	0.000000	0.000000	0.000000	0.000000	0.000000
144	tsk_144	(x)	1	:	0.133393	0.000000	0.366601	0.000000	0.000000	0.000000	0.000000	0.000000	0.000000	0.000000	0.000000	0.000000	0.000000	0.500006	0.000000
145	tsk_145	(x)	1	:	0.000000	0.000000	0.000000	0.000000	0.513863	0.000000	0.486136	0.000000	0.000000	0.000000	0.000000	0.000000	0.000000	0.000000	0.000000
146	tsk_146	(x)	1	:	0.000000	0.000000	0.000000	0.000000	0.000000	0.533076	0.000000	0.004713	0.000000	0.462210	0.000000	0.000000	0.000000	0.000000	0.000000
147	tsk_147	(x)	1	:	0.051243	0.000000	0.448523	0.000000	0.000000	0.000000	0.500234	0.000000	0.000000	0.000000	0.000000	0.000000	0.000000	0.000000	0.000000
148	tsk_148	(x)	1	:	0.000000	0.000000	0.000000	0.000000	0.000000	0.000000	0.000000	0.000000	0.498577	0.000000	0.000000	0.000000	0.000000	0.000000	0.501423
149	tsk_149	(x)	1	:	0.000025	0.000000	0.000055	0.000000	0.000000	0.516614	0.000000	0.000057	0.000000	0.000000	0.000000	0.483249	0.000000	0.000000	0.000000
