logL = -763.424197 (converged)
AIC = 5642.848395
BIC = 11838.735830

count.K
6 6 27 0 4 0 24 12 3 52 3 13 

