logL = -2240.300470 (converged)
AIC = 5374.600940
BIC = 6720.354917

count.K
44 48 58 

