logL = -1073.710240 (converged)
AIC = 6605.420480
BIC = 13316.126551

count.K
3 0 1 4 5 7 1 30 2 7 60 19 11 

