0	tsk_0	(x)	1	:	0.000000	0.000000	0.000000	0.000000	0.000000	1.000000	0.000000	0.000000	0.000000	0.000000	0.000000	0.000000	0.000000	0.000000
1	tsk_1	(x)	1	:	0.000002	0.000000	0.000003	0.000000	0.000005	0.000000	0.500348	0.000000	0.499570	0.000000	0.000000	0.000000	0.000072	0.000000
2	tsk_2	(x)	1	:	0.000000	0.000000	0.000000	0.000000	0.000000	0.000000	0.000000	0.000000	0.000000	0.000000	0.000000	0.000000	0.000000	1.000000
3	tsk_3	(x)	1	:	0.000000	0.000000	0.000000	0.000000	0.000000	0.000000	0.499915	0.000000	0.000000	0.000000	0.000000	0.000000	0.000000	0.500085
4	tsk_4	(x)	1	:	0.999998	0.000000	0.000000	0.000000	0.000000	0.000002	0.000000	0.000000	0.000000	0.000000	0.000000	0.000000	0.000000	0.000000
5	tsk_5	(x)	1	:	0.000000	0.000000	0.000000	0.000000	0.000000	1.000000	0.000000	0.000000	0.000000	0.000000	0.000000	0.000000	0.000000	0.000000
6	tsk_6	(x)	1	:	0.370779	0.000000	0.000000	0.000000	0.000000	0.629221	0.000000	0.000000	0.000000	0.000000	0.000000	0.000000	0.000000	0.000000
7	tsk_7	(x)	1	:	0.000000	0.490558	0.000000	0.000000	0.000013	0.000000	0.490525	0.000000	0.000000	0.000000	0.000000	0.000000	0.000000	0.018904
8	tsk_8	(x)	1	:	0.000000	0.000000	0.000000	0.000000	0.000000	1.000000	0.000000	0.000000	0.000000	0.000000	0.000000	0.000000	0.000000	0.000000
9	tsk_9	(x)	1	:	0.000000	0.495597	0.000000	0.000000	0.000000	0.498131	0.000397	0.000000	0.000000	0.000000	0.000000	0.000000	0.000230	0.005645
10	tsk_10	(x)	1	:	0.000000	0.000000	0.000000	0.000000	0.000000	0.000000	0.000000	0.000000	0.000000	0.000000	0.000000	0.000000	0.000000	1.000000
11	tsk_11	(x)	1	:	0.000000	0.000000	0.000000	0.000000	0.000000	0.000000	0.000006	0.000000	0.000000	0.999994	0.000000	0.000000	0.000000	0.000000
12	tsk_12	(x)	1	:	0.000000	0.000000	0.000000	0.000000	0.000000	0.000000	0.499971	0.000000	0.000000	0.000000	0.000000	0.000000	0.000000	0.500029
13	tsk_13	(x)	1	:	0.000000	0.000000	0.000000	0.000000	0.000016	0.000000	0.105142	0.000000	0.000000	0.394552	0.000000	0.000000	0.000000	0.500289
14	tsk_14	(x)	1	:	0.000000	0.000000	0.000000	0.000000	0.000000	0.000000	0.000000	0.000000	0.000000	0.000000	0.000000	0.000000	0.000000	1.000000
15	tsk_15	(x)	1	:	0.000000	0.000000	0.000000	0.000000	0.000007	0.000000	0.605987	0.000000	0.000000	0.394005	0.000000	0.000000	0.000000	0.000000
16	tsk_16	(x)	1	:	0.000000	0.000000	0.000000	0.000000	0.000000	0.000000	0.000000	0.000000	0.000000	1.000000	0.000000	0.000000	0.000000	0.000000
17	tsk_17	(x)	1	:	0.000000	0.000000	0.000000	0.000000	0.000000	0.000000	0.073661	0.000000	0.000000	0.394913	0.531427	0.000000	0.000000	0.000000
18	tsk_18	(x)	1	:	0.000000	0.000000	0.000000	0.000000	0.000000	0.000000	0.105161	0.000000	0.000000	0.394551	0.000000	0.000000	0.000000	0.500288
19	tsk_19	(x)	1	:	0.000000	0.000000	0.000000	0.000000	0.000000	0.000000	0.105157	0.000000	0.000000	0.394553	0.000000	0.000000	0.000000	0.500290
20	tsk_20	(x)	1	:	0.000000	0.000000	0.000002	0.000000	0.000005	0.000000	0.503406	0.000000	0.000000	0.000000	0.000000	0.000000	0.496587	0.000000
21	tsk_21	(x)	1	:	0.000000	0.000000	0.000000	0.000000	0.000000	0.000000	0.508355	0.000000	0.000000	0.000000	0.491645	0.000000	0.000000	0.000000
22	tsk_22	(x)	1	:	0.000000	0.000000	0.000000	0.000006	0.000000	0.000000	0.499865	0.000000	0.000000	0.000000	0.000000	0.000000	0.000000	0.500129
23	tsk_23	(x)	1	:	0.000000	0.000000	0.000000	0.000000	0.000000	0.000000	0.014075	0.000000	0.000000	0.000000	0.490841	0.000000	0.000000	0.495085
24	tsk_24	(x)	1	:	0.000000	0.000000	0.000000	0.000000	0.000000	0.000000	1.000000	0.000000	0.000000	0.000000	0.000000	0.000000	0.000000	0.000000
25	tsk_25	(x)	1	:	0.000000	0.000000	0.000000	0.000000	0.000010	0.000000	0.999990	0.000000	0.000000	0.000000	0.000000	0.000000	0.000000	0.000000
26	tsk_26	(x)	1	:	0.000000	0.000000	0.000000	0.000000	0.000000	0.000000	0.000000	0.000000	0.000000	0.000000	1.000000	0.000000	0.000000	0.000000
27	tsk_27	(x)	1	:	0.000000	0.000000	0.000000	0.000000	0.000000	0.000000	0.499943	0.000000	0.000000	0.000000	0.000000	0.000000	0.000000	0.500057
28	tsk_28	(x)	1	:	0.000000	0.000000	0.000000	0.000000	0.000000	0.000000	0.508355	0.000000	0.000000	0.000000	0.491645	0.000000	0.000000	0.000000
29	tsk_29	(x)	1	:	0.000000	0.000000	0.000000	0.000000	0.000000	0.000000	0.508355	0.000000	0.000000	0.000000	0.491645	0.000000	0.000000	0.000000
30	tsk_30	(x)	1	:	0.000000	0.000000	0.000000	0.000000	0.000000	0.000000	1.000000	0.000000	0.000000	0.000000	0.000000	0.000000	0.000000	0.000000
31	tsk_31	(x)	1	:	0.000001	0.000000	0.000003	0.000000	0.000004	0.000000	0.500346	0.000000	0.499559	0.000000	0.000000	0.000000	0.000086	0.000000
32	tsk_32	(x)	1	:	0.000000	0.000000	0.000000	0.000000	0.238833	0.490172	0.000000	0.000000	0.000000	0.000000	0.000000	0.000000	0.000000	0.270995
33	tsk_33	(x)	1	:	0.000000	0.000000	0.000003	0.000000	0.000013	0.498141	0.501530	0.000000	0.000000	0.000000	0.000000	0.000000	0.000314	0.000000
34	tsk_34	(x)	1	:	0.000000	0.000000	0.000000	0.000000	0.000000	0.000000	1.000000	0.000000	0.000000	0.000000	0.000000	0.000000	0.000000	0.000000
35	tsk_35	(x)	1	:	0.000000	0.000000	0.000000	0.000000	0.478990	0.000000	0.000429	0.000000	0.000000	0.000000	0.000000	0.000000	0.000000	0.520581
36	tsk_36	(x)	1	:	0.000000	0.000000	0.000000	0.000000	0.000002	0.498162	0.121667	0.379887	0.000000	0.000000	0.000000	0.000000	0.000281	0.000000
37	tsk_37	(x)	1	:	0.000000	0.000000	0.000000	0.000000	0.000002	0.498160	0.121671	0.379883	0.000000	0.000000	0.000000	0.000000	0.000284	0.000000
38	tsk_38	(x)	1	:	0.000000	0.000000	0.000000	0.000000	0.000000	0.000000	0.499957	0.000000	0.000000	0.000000	0.000000	0.000000	0.000000	0.500043
39	tsk_39	(x)	1	:	0.000000	0.000000	0.000000	0.000000	0.000000	0.000000	0.499951	0.000000	0.000000	0.000000	0.000000	0.000000	0.000000	0.500049
40	tsk_40	(x)	1	:	0.000000	0.000000	0.000000	0.000000	0.000000	0.000000	0.000000	0.000000	0.000000	0.000000	0.000000	0.000000	0.000000	1.000000
41	tsk_41	(x)	1	:	0.000000	0.000000	0.000000	0.000000	0.000000	0.489078	0.000000	0.000000	0.510922	0.000000	0.000000	0.000000	0.000000	0.000000
42	tsk_42	(x)	1	:	0.000000	0.000000	0.000000	0.000000	0.000000	0.000000	0.000000	0.000000	0.000000	0.000000	0.000000	0.000000	0.000000	1.000000
43	tsk_43	(x)	1	:	0.000004	0.000000	0.000000	0.000000	0.000000	0.000000	0.005040	0.000000	0.499462	0.000000	0.000000	0.000000	0.000045	0.495449
44	tsk_44	(x)	1	:	0.000000	0.000000	0.000000	0.000000	0.000000	0.000000	0.001522	0.000000	0.506829	0.000000	0.000000	0.000000	0.000000	0.491650
45	tsk_45	(x)	1	:	0.000000	0.000000	0.000000	0.000000	0.000000	0.000000	0.000000	0.000000	0.000000	0.000000	0.000000	0.000000	0.000000	1.000000
46	tsk_46	(x)	1	:	0.000000	0.000000	0.000000	0.000000	0.000000	0.498092	0.005165	0.000000	0.000000	0.000000	0.000000	0.000000	0.000260	0.496483
47	tsk_47	(x)	1	:	0.000000	0.000000	0.000000	0.000000	0.000000	0.498103	0.004985	0.000000	0.000000	0.000000	0.000000	0.000000	0.000250	0.496662
48	tsk_48	(x)	1	:	0.000000	0.000000	0.000000	0.000000	0.000000	0.498090	0.005377	0.000000	0.000000	0.000001	0.000000	0.000000	0.000256	0.496276
49	tsk_49	(x)	1	:	0.000002	0.000000	0.000000	0.000000	0.000004	0.000000	0.104788	0.000000	0.499584	0.395551	0.000000	0.000000	0.000071	0.000000
50	tsk_50	(x)	1	:	0.000000	0.000000	0.000000	0.000000	0.000000	0.499760	0.000000	0.000000	0.000000	0.000000	0.500107	0.000000	0.000133	0.000000
51	tsk_51	(x)	1	:	0.000000	0.000000	0.499124	0.000000	0.000000	0.000000	0.009418	0.000000	0.000000	0.000000	0.491458	0.000000	0.000000	0.000000
52	tsk_52	(x)	1	:	0.000000	0.000000	0.000000	0.000000	0.000000	0.499732	0.000000	0.000000	0.000000	0.000000	0.500105	0.000000	0.000162	0.000000
53	tsk_53	(x)	1	:	0.000000	0.000000	0.000000	0.000000	0.000000	0.499693	0.000000	0.000000	0.000000	0.000000	0.500103	0.000000	0.000204	0.000000
54	tsk_54	(x)	1	:	0.000000	0.000000	0.000000	0.000000	0.000000	0.499697	0.000000	0.000000	0.000000	0.000000	0.500103	0.000000	0.000200	0.000000
55	tsk_55	(x)	1	:	0.000000	0.000000	0.000000	0.495580	0.000000	0.000000	0.013498	0.000000	0.000000	0.000000	0.490922	0.000000	0.000000	0.000000
56	tsk_56	(x)	1	:	0.000000	0.000000	0.499039	0.000000	0.000000	0.000000	0.009511	0.000000	0.000000	0.000000	0.491444	0.000000	0.000000	0.000006
57	tsk_57	(x)	1	:	0.000000	0.000000	0.000000	0.498528	0.000000	0.498151	0.003062	0.000000	0.000000	0.000000	0.000000	0.000000	0.000259	0.000000
58	tsk_58	(x)	1	:	0.000000	0.000000	0.000000	0.495213	0.000000	0.000000	0.013926	0.000000	0.000000	0.000000	0.490862	0.000000	0.000000	0.000000
59	tsk_59	(x)	1	:	0.504483	0.000000	0.000000	0.000000	0.000000	0.000000	0.000000	0.000000	0.000000	0.000000	0.495517	0.000000	0.000000	0.000000
60	tsk_60	(x)	1	:	0.000000	0.000000	0.000000	0.000000	0.000000	0.000000	0.000000	0.000000	0.000000	0.000000	0.000000	0.000000	0.000000	1.000000
61	tsk_61	(x)	1	:	0.000000	0.494821	0.000000	0.000000	0.000000	0.498106	0.000490	0.000000	0.000000	0.000000	0.000000	0.000000	0.000231	0.006352
62	tsk_62	(x)	1	:	0.000000	0.000000	0.000000	0.000000	0.000000	0.000000	0.000000	0.000000	0.000000	0.000000	0.000000	0.000000	0.000000	1.000000
63	tsk_63	(x)	1	:	0.000004	0.000000	0.000000	0.000000	0.000000	0.000000	0.005086	0.000000	0.499465	0.000000	0.000000	0.000000	0.000041	0.495404
64	tsk_64	(x)	1	:	0.000007	0.494064	0.000000	0.000000	0.000000	0.000000	0.000453	0.000000	0.499464	0.000000	0.000000	0.000000	0.000001	0.006011
65	tsk_65	(x)	1	:	0.000000	0.500009	0.000000	0.000000	0.000000	0.000000	0.000000	0.000000	0.000000	0.000000	0.000000	0.000000	0.000000	0.499991
66	tsk_66	(x)	1	:	0.000000	0.000000	0.000000	0.000000	0.000000	0.000000	0.000000	0.493885	0.000000	0.000000	0.000000	0.000000	0.506115	0.000000
67	tsk_67	(x)	1	:	0.000004	0.000000	0.000000	0.000000	0.000000	0.000000	0.002639	0.000000	0.499527	0.000000	0.000000	0.000000	0.000048	0.497782
68	tsk_68	(x)	1	:	0.000003	0.000000	0.000000	0.496701	0.000000	0.000000	0.003751	0.000000	0.499496	0.000000	0.000000	0.000000	0.000049	0.000000
69	tsk_69	(x)	1	:	0.000000	0.000000	0.000000	0.000000	0.000000	0.000000	0.000000	0.000000	0.000000	0.000000	0.000000	0.000000	0.000000	1.000000
70	tsk_70	(x)	1	:	0.000000	0.000000	0.000000	0.000000	0.000000	0.000000	0.003975	0.000000	0.000000	0.000000	0.000000	0.499893	0.000000	0.496132
71	tsk_71	(x)	1	:	0.000006	0.000000	0.000000	0.000000	0.000000	0.000000	0.000000	0.000000	0.493683	0.000000	0.505776	0.000000	0.000535	0.000000
72	tsk_72	(x)	1	:	0.000000	0.000000	0.000000	0.493956	0.000000	0.000000	0.012089	0.000000	0.000000	0.000000	0.000000	0.000000	0.000000	0.493956
73	tsk_73	(x)	1	:	0.000000	0.000000	0.000000	0.000000	0.000000	0.493924	0.000000	0.000000	0.000000	0.000000	0.000000	0.506076	0.000000	0.000000
74	tsk_74	(x)	1	:	0.000000	0.000000	0.000000	0.000000	0.000000	0.000000	0.000000	0.000000	0.000000	0.000000	0.495094	0.000000	0.504906	0.000000
75	tsk_75	(x)	1	:	0.000000	0.000000	0.000000	0.498118	0.000000	0.498152	0.003485	0.000000	0.000000	0.000000	0.000000	0.000000	0.000245	0.000000
76	tsk_76	(x)	1	:	0.000000	0.000000	0.000000	0.000000	0.000000	0.000000	0.013493	0.000000	0.000000	0.000000	0.490922	0.000000	0.000000	0.495585
77	tsk_77	(x)	1	:	0.000000	0.000000	0.000000	0.000000	0.000000	0.000000	0.000000	0.000000	0.000000	0.000000	0.000000	1.000000	0.000000	0.000000
78	tsk_78	(x)	1	:	0.000000	0.000000	0.000000	0.000000	0.000000	0.000000	0.004202	0.000000	0.000000	0.000000	0.000000	0.499887	0.000000	0.495911
79	tsk_79	(x)	1	:	0.000004	0.000000	0.000000	0.497066	0.000000	0.000000	0.003376	0.000000	0.499511	0.000000	0.000000	0.000000	0.000043	0.000000
80	tsk_80	(x)	1	:	0.000000	0.000000	0.000000	0.000000	0.000000	0.000000	0.000000	0.000000	0.000000	0.000000	1.000000	0.000000	0.000000	0.000000
81	tsk_81	(x)	1	:	0.000000	0.000000	0.000000	0.000000	0.000000	0.000000	0.000000	0.000000	0.000000	0.000000	0.000000	0.000000	0.000000	1.000000
82	tsk_82	(x)	1	:	0.000000	0.000000	0.000000	0.000000	0.000000	0.000000	0.400480	0.000000	0.000000	0.599511	0.000000	0.000000	0.000000	0.000009
83	tsk_83	(x)	1	:	0.000000	0.000000	0.000000	0.000000	0.000005	0.498162	0.220227	0.000000	0.000000	0.281330	0.000000	0.000000	0.000276	0.000000
84	tsk_84	(x)	1	:	0.000000	0.000000	0.000000	0.000000	0.000000	0.000000	0.000000	0.000000	0.000000	0.000000	0.000000	0.000000	0.000000	1.000000
85	tsk_85	(x)	1	:	0.544862	0.000000	0.000000	0.000000	0.000000	0.455138	0.000000	0.000000	0.000000	0.000000	0.000000	0.000000	0.000000	0.000000
86	tsk_86	(x)	1	:	0.000000	0.000000	0.000000	0.000000	0.000000	0.000000	0.000000	0.000000	0.000000	0.000000	0.000000	0.000000	0.000000	1.000000
87	tsk_87	(x)	1	:	0.000000	0.000000	0.000000	0.000000	0.000000	0.498150	0.002809	0.000000	0.000000	0.000000	0.000000	0.000000	0.000268	0.498774
88	tsk_88	(x)	1	:	0.000000	0.000000	0.000000	0.000000	0.494891	0.501380	0.003229	0.000000	0.000000	0.000000	0.000000	0.000000	0.000500	0.000000
89	tsk_89	(x)	1	:	0.000000	0.000000	0.000000	0.000000	0.000000	0.498086	0.005793	0.000000	0.000000	0.000000	0.000000	0.000000	0.000248	0.495873
90	tsk_90	(x)	1	:	0.000000	0.000000	0.000000	0.000000	0.000000	0.499712	0.000000	0.000000	0.000000	0.000000	0.500104	0.000000	0.000184	0.000000
91	tsk_91	(x)	1	:	0.000000	0.000000	0.000000	0.000000	0.000000	0.000000	0.000000	0.000000	0.000000	0.506277	0.000000	0.000000	0.493723	0.000000
92	tsk_92	(x)	1	:	0.000000	0.000000	0.000000	0.000000	0.000000	0.492581	0.000000	0.000000	0.000000	0.506222	0.000000	0.000000	0.001197	0.000000
93	tsk_93	(x)	1	:	0.000000	0.000000	0.500229	0.000000	0.000000	0.498234	0.001324	0.000000	0.000000	0.000000	0.000000	0.000000	0.000213	0.000000
94	tsk_94	(x)	1	:	0.000000	0.000000	0.000000	0.503310	0.000000	0.000000	0.000000	0.000000	0.000000	0.000000	0.000000	0.000000	0.496690	0.000000
95	tsk_95	(x)	1	:	0.000000	0.000000	0.500871	0.000000	0.000000	0.498214	0.000660	0.000000	0.000000	0.000000	0.000000	0.000000	0.000254	0.000000
96	tsk_96	(x)	1	:	0.000000	0.000000	0.503318	0.000000	0.000000	0.000000	0.000000	0.000000	0.000000	0.000000	0.000000	0.000000	0.496682	0.000000
97	tsk_97	(x)	1	:	0.000000	0.000000	0.000000	0.000000	0.000000	1.000000	0.000000	0.000000	0.000000	0.000000	0.000000	0.000000	0.000000	0.000000
98	tsk_98	(x)	1	:	0.000000	0.000000	0.000000	0.000000	0.000000	0.000000	0.000000	0.000000	0.000000	0.506277	0.000000	0.000000	0.493723	0.000000
99	tsk_99	(x)	1	:	0.000000	0.000000	0.000000	0.000000	0.000001	0.498271	0.023767	0.477661	0.000000	0.000000	0.000000	0.000000	0.000300	0.000000
100	tsk_100	(x)	1	:	0.000005	0.000000	0.000000	0.497837	0.000000	0.000000	0.002583	0.000000	0.499536	0.000000	0.000000	0.000000	0.000040	0.000000
101	tsk_101	(x)	1	:	0.000003	0.000000	0.000000	0.000000	0.000000	0.000000	0.000000	0.000000	0.500999	0.000000	0.498998	0.000000	0.000000	0.000000
102	tsk_102	(x)	1	:	0.000000	0.000000	0.000000	0.470892	0.000000	0.000000	0.001023	0.000000	0.000000	0.000000	0.528085	0.000000	0.000000	0.000000
103	tsk_103	(x)	1	:	0.000005	0.000000	0.000000	0.497458	0.000000	0.000000	0.002973	0.000000	0.499523	0.000000	0.000000	0.000000	0.000042	0.000000
104	tsk_104	(x)	1	:	0.000002	0.000000	0.000000	0.000000	0.000000	0.000000	0.000000	0.000000	0.501000	0.000000	0.498998	0.000000	0.000000	0.000000
105	tsk_105	(x)	1	:	0.000000	0.000000	0.000000	1.000000	0.000000	0.000000	0.000000	0.000000	0.000000	0.000000	0.000000	0.000000	0.000000	0.000000
106	tsk_106	(x)	1	:	0.000000	0.000000	0.000000	1.000000	0.000000	0.000000	0.000000	0.000000	0.000000	0.000000	0.000000	0.000000	0.000000	0.000000
107	tsk_107	(x)	1	:	0.000003	0.000000	0.000000	0.496090	0.000000	0.000000	0.004380	0.000000	0.499484	0.000000	0.000000	0.000000	0.000043	0.000000
108	tsk_108	(x)	1	:	0.000000	0.000000	0.000000	0.499434	0.000000	0.498170	0.002129	0.000000	0.000000	0.000000	0.000000	0.000000	0.000266	0.000000
109	tsk_109	(x)	1	:	0.000004	0.000000	0.000000	0.497398	0.000000	0.000000	0.003034	0.000000	0.499517	0.000000	0.000000	0.000000	0.000047	0.000000
110	tsk_110	(x)	1	:	0.000000	0.000000	0.495610	0.000000	0.000000	0.000000	0.009029	0.000000	0.000000	0.000000	0.000000	0.000000	0.000000	0.495361
111	tsk_111	(x)	1	:	0.503377	0.000000	0.000000	0.000000	0.000000	0.000000	0.001030	0.000000	0.000000	0.000000	0.000000	0.000000	0.000001	0.495592
112	tsk_112	(x)	1	:	0.000000	0.000000	0.000000	0.000000	0.000000	0.000000	0.105204	0.000000	0.000000	0.394530	0.000000	0.000000	0.000000	0.500266
113	tsk_113	(x)	1	:	0.000000	0.000000	0.000000	0.000000	0.000000	0.000000	0.000000	0.000000	0.000000	0.000000	0.000000	0.000000	0.000000	1.000000
114	tsk_114	(x)	1	:	0.000000	0.000000	0.000001	0.000000	0.000008	0.000000	0.104201	0.000000	0.000000	0.395774	0.000000	0.500016	0.000000	0.000000
115	tsk_115	(x)	1	:	0.000000	0.000000	0.000000	0.000000	0.000000	0.000000	0.014858	0.000000	0.000000	0.000000	0.490730	0.000000	0.000000	0.494412
116	tsk_116	(x)	1	:	0.000000	0.000000	0.000000	0.000000	0.000000	0.000000	0.000000	0.000000	0.000000	0.000000	0.000000	0.000000	0.000000	1.000000
117	tsk_117	(x)	1	:	0.000000	0.000000	0.000020	0.000000	0.000000	0.498211	0.106077	0.000000	0.000000	0.395443	0.000000	0.000000	0.000249	0.000000
118	tsk_118	(x)	1	:	0.000000	0.000000	0.500757	0.000000	0.000000	0.000000	0.104507	0.000000	0.000000	0.394736	0.000000	0.000000	0.000000	0.000000
119	tsk_119	(x)	1	:	0.000000	0.000000	0.000000	0.000000	0.000000	0.000000	0.013979	0.000000	0.000000	0.000000	0.490854	0.000000	0.000000	0.495167
120	tsk_120	(x)	1	:	0.000000	0.000000	0.000000	0.000000	0.000000	1.000000	0.000000	0.000000	0.000000	0.000000	0.000000	0.000000	0.000000	0.000000
121	tsk_121	(x)	1	:	1.000000	0.000000	0.000000	0.000000	0.000000	0.000000	0.000000	0.000000	0.000000	0.000000	0.000000	0.000000	0.000000	0.000000
122	tsk_122	(x)	1	:	0.000000	0.000000	0.000002	0.000000	0.000003	0.498153	0.501541	0.000000	0.000000	0.000000	0.000000	0.000000	0.000300	0.000000
123	tsk_123	(x)	1	:	0.541236	0.000000	0.000000	0.000000	0.000000	0.458764	0.000000	0.000000	0.000000	0.000000	0.000000	0.000000	0.000000	0.000000
124	tsk_124	(x)	1	:	0.544862	0.000000	0.000000	0.000000	0.000000	0.455138	0.000000	0.000000	0.000000	0.000000	0.000000	0.000000	0.000000	0.000000
125	tsk_125	(x)	1	:	0.544862	0.000000	0.000000	0.000000	0.000000	0.455138	0.000000	0.000000	0.000000	0.000000	0.000000	0.000000	0.000000	0.000000
126	tsk_126	(x)	1	:	0.000000	0.000000	0.000001	0.000000	0.000008	0.498149	0.501536	0.000000	0.000000	0.000000	0.000000	0.000000	0.000306	0.000000
127	tsk_127	(x)	1	:	0.000000	0.000000	0.000000	0.000000	0.000000	1.000000	0.000000	0.000000	0.000000	0.000000	0.000000	0.000000	0.000000	0.000000
128	tsk_128	(x)	1	:	0.000000	0.000000	0.000002	0.000000	0.000010	0.498143	0.501535	0.000000	0.000000	0.000000	0.000000	0.000000	0.000310	0.000000
129	tsk_129	(x)	1	:	0.541236	0.000000	0.000000	0.000000	0.000000	0.458764	0.000000	0.000000	0.000000	0.000000	0.000000	0.000000	0.000000	0.000000
130	tsk_130	(x)	1	:	0.000000	0.000000	0.000000	0.000000	0.000000	1.000000	0.000000	0.000000	0.000000	0.000000	0.000000	0.000000	0.000000	0.000000
131	tsk_131	(x)	1	:	0.000000	0.000000	0.000000	0.000000	0.000000	1.000000	0.000000	0.000000	0.000000	0.000000	0.000000	0.000000	0.000000	0.000000
132	tsk_132	(x)	1	:	0.000002	0.000000	0.000000	0.000000	0.000000	0.000000	0.023551	0.476704	0.499689	0.000000	0.000000	0.000000	0.000053	0.000000
133	tsk_133	(x)	1	:	0.000000	0.000000	0.000000	0.000000	0.000000	0.505849	0.003257	0.000000	0.000000	0.000000	0.000000	0.000000	0.000000	0.490894
134	tsk_134	(x)	1	:	0.000000	0.000000	0.000000	0.000000	0.000000	1.000000	0.000000	0.000000	0.000000	0.000000	0.000000	0.000000	0.000000	0.000000
135	tsk_135	(x)	1	:	0.000000	0.000000	0.000000	0.000000	0.000000	1.000000	0.000000	0.000000	0.000000	0.000000	0.000000	0.000000	0.000000	0.000000
136	tsk_136	(x)	1	:	0.000000	0.000000	0.000000	0.000000	0.000000	0.000000	0.000000	0.000000	0.000000	0.000000	0.000000	0.000000	0.000000	1.000000
137	tsk_137	(x)	1	:	0.503513	0.000000	0.000000	0.000000	0.000008	0.000000	0.496478	0.000000	0.000000	0.000000	0.000000	0.000000	0.000000	0.000000
138	tsk_138	(x)	1	:	0.000000	0.000000	0.000000	0.000000	0.000000	0.504295	0.003292	0.492413	0.000000	0.000000	0.000000	0.000000	0.000000	0.000000
139	tsk_139	(x)	1	:	0.478799	0.000000	0.000000	0.000000	0.000000	0.521201	0.000000	0.000000	0.000000	0.000000	0.000000	0.000000	0.000000	0.000000
140	tsk_140	(x)	1	:	0.000000	0.000000	0.000000	0.000000	0.000000	0.000000	0.000000	0.000000	0.000000	1.000000	0.000000	0.000000	0.000000	0.000000
141	tsk_141	(x)	1	:	0.000003	0.000000	0.000000	0.000000	0.000002	0.000000	0.105040	0.000000	0.499588	0.395308	0.000000	0.000000	0.000059	0.000000
142	tsk_142	(x)	1	:	0.000000	0.000000	0.000000	0.000000	0.000000	0.000000	0.113156	0.000000	0.000000	0.395164	0.491680	0.000000	0.000000	0.000000
143	tsk_143	(x)	1	:	0.000000	0.000000	0.000000	0.000000	0.000000	0.000000	0.113267	0.000000	0.000000	0.395068	0.491665	0.000000	0.000000	0.000000
144	tsk_144	(x)	1	:	0.000000	0.000000	0.000002	0.000000	0.000017	0.498138	0.501526	0.000000	0.000000	0.000000	0.000000	0.000000	0.000316	0.000000
145	tsk_145	(x)	1	:	0.000000	0.000000	0.000002	0.000001	0.000044	0.498135	0.501497	0.000000	0.000000	0.000000	0.000000	0.000000	0.000321	0.000000
146	tsk_146	(x)	1	:	0.000000	0.000000	0.000000	0.000000	0.000000	0.492594	0.000000	0.000000	0.000000	0.506223	0.000000	0.000000	0.001182	0.000000
147	tsk_147	(x)	1	:	1.000000	0.000000	0.000000	0.000000	0.000000	0.000000	0.000000	0.000000	0.000000	0.000000	0.000000	0.000000	0.000000	0.000000
148	tsk_148	(x)	1	:	0.000000	0.000000	0.000000	0.000000	0.000000	0.489078	0.000000	0.000000	0.510922	0.000000	0.000000	0.000000	0.000000	0.000000
149	tsk_149	(x)	1	:	0.544862	0.000000	0.000000	0.000000	0.000000	0.455138	0.000000	0.000000	0.000000	0.000000	0.000000	0.000000	0.000000	0.000000
