logL = -1305.230967 (converged)
AIC = 5802.461934
BIC = 10607.435863

count.K
9 0 42 4 8 12 58 12 5 

