logL = -2333.194709 (converged)
AIC = 8832.389419
BIC = 15103.542736

count.K
6 21 10 48 4 17 1 2 3 14 24 

