logL = -1002.478792 (converged)
AIC = 4294.957583
BIC = 7742.134995

count.K
13 11 8 54 11 17 36 

