logL = -1582.497155 (converged)
AIC = 5524.994310
BIC = 9077.543957

count.K
26 13 7 42 39 16 7 

