logL = -1283.281384 (converged)
AIC = 5354.562767
BIC = 9551.388367

count.K
28 30 24 13 19 8 4 24 

