logL = -1445.386381 (converged)
AIC = 4110.772762
BIC = 5947.260291

count.K
19 43 33 55 

