logL = -1293.202378 (converged)
AIC = 5470.404755
BIC = 9811.740849

count.K
15 23 18 4 9 35 33 13 

