logL = -1451.731029 (converged)
AIC = 3707.462058
BIC = 4917.737446

count.K
20 81 49 

