logL = -1345.709966 (converged)
AIC = 5303.419933
BIC = 9235.309627

count.K
12 13 15 52 14 19 25 

