logL = -1260.782604 (converged)
AIC = 7265.565208
BIC = 14406.792126

count.K
2 24 2 15 5 14 25 4 13 25 6 7 8 

