logL = -1507.706562 (converged)
AIC = 4267.413124
BIC = 6152.070819

count.K
32 37 59 22 

