logL = -1764.749161 (converged)
AIC = 5219.498322
BIC = 7763.485146

count.K
25 70 21 17 17 

