logL = -3681.322447 (converged)
AIC = 13250.644894
BIC = 22113.955200

count.K
12 2 7 8 0 28 17 0 18 8 12 5 2 31 

