logL = -1150.048795 (converged)
AIC = 7320.097590
BIC = 14876.792178

count.K
11 7 2 3 51 6 6 8 3 15 25 1 11 1 

