logL = -1144.479945 (converged)
AIC = 5768.959891
BIC = 11007.465303

count.K
16 40 19 2 15 2 7 12 31 6 

