logL = -2773.370078 (converged)
AIC = 8494.740156
BIC = 12932.416580

count.K
17 39 0 4 48 2 23 17 

