logL = -1202.692812 (converged)
AIC = 3209.385624
BIC = 4419.661013

count.K
35 101 14 

