logL = -1141.453480 (converged)
AIC = 6118.906961
BIC = 11893.305455

count.K
14 22 2 20 12 4 4 20 6 10 36 

