logL = -1040.090705 (converged)
AIC = 5200.181410
BIC = 9896.772468

count.K
6 63 2 15 3 10 14 16 21 

