logL = -747.954574 (converged)
AIC = 6535.909147
BIC = 14122.710088

count.K
22 10 9 30 4 10 14 1 7 1 13 26 1 1 1 

