logL = -2178.808106 (converged)
AIC = 4809.616211
BIC = 5490.019788

count.K
122 28 

