logL = -1352.815937 (converged)
AIC = 5023.631874
BIC = 8512.958179

count.K
6 14 22 77 20 9 2 

