logL = -1692.219575 (converged)
AIC = 4212.439149
BIC = 5458.842161

count.K
16 61 73 

