logL = -941.283157 (converged)
AIC = 2674.566314
BIC = 3866.777891

count.K
30 52 68 

