logL = -2061.958055 (converged)
AIC = 9023.916110
BIC = 16399.972580

count.K
2 0 5 3 36 16 49 7 3 1 23 1 4 

