logL = -1169.439028 (converged)
AIC = 3542.878056
BIC = 5355.280503

count.K
29 62 23 36 

