logL = -1681.167650 (converged)
AIC = 5652.335301
BIC = 9099.512713

count.K
38 15 12 25 7 9 44 

