logL = -1949.646895 (converged)
AIC = 6047.293790
BIC = 9280.716096

count.K
11 5 19 83 23 9 

