logL = -700.972676 (converged)
AIC = 5729.945352
BIC = 12244.960129

count.K
2 40 9 0 0 3 1 2 3 16 44 10 20 

