logL = -1673.096423 (converged)
AIC = 6682.192846
BIC = 11703.932516

count.K
8 11 12 10 9 32 13 26 29 

