logL = -1991.409288 (converged)
AIC = 5330.818576
BIC = 7359.986764

count.K
23 50 55 22 

