logL = -3961.379896 (converged)
AIC = 8442.759791
BIC = 9225.524968

count.K
56 94 

