logL = -1420.979477 (converged)
AIC = 7351.958953
BIC = 14140.941542

count.K
2 5 3 6 1 42 23 1 1 4 30 23 9 

