logL = -1673.097747 (converged)
AIC = 4180.195494
BIC = 5435.630412

count.K
85 63 2 

