logL = -1966.238115 (converged)
AIC = 6376.476229
BIC = 10055.472558

count.K
18 17 1 15 66 24 9 

