logL = -741.509794 (converged)
AIC = 6883.019588
BIC = 15011.734882

count.K
19 22 2 9 17 0 7 5 33 3 5 19 3 1 5 

