0	tsk_0	(x)	1	:	0.039147	0.476342	0.000000	0.000000	0.000000	0.000000	0.000000	0.000000	0.457139	0.000000	0.000000	0.000000	0.027372
1	tsk_1	(x)	1	:	0.000000	0.000000	0.000000	0.000000	0.000000	0.000000	0.000000	0.000000	0.674384	0.325615	0.000000	0.000000	0.000000
2	tsk_2	(x)	1	:	0.011554	0.000000	0.000000	0.000532	0.000000	0.000000	0.000000	0.000000	0.457306	0.000000	0.000000	0.499624	0.030984
3	tsk_3	(x)	1	:	0.000000	0.000000	0.000000	1.000000	0.000000	0.000000	0.000000	0.000000	0.000000	0.000000	0.000000	0.000000	0.000000
4	tsk_4	(x)	1	:	0.000289	0.000000	0.000085	0.000000	0.000000	0.441577	0.000000	0.000000	0.056732	0.500364	0.000000	0.000000	0.000952
5	tsk_5	(x)	1	:	0.000000	0.000000	0.000000	0.000000	0.000000	0.000000	0.000000	0.000000	0.674384	0.325615	0.000000	0.000000	0.000000
6	tsk_6	(x)	1	:	0.000000	0.000000	0.000000	1.000000	0.000000	0.000000	0.000000	0.000000	0.000000	0.000000	0.000000	0.000000	0.000000
7	tsk_7	(x)	1	:	0.039759	0.000000	0.000000	0.500270	0.000000	0.000000	0.401595	0.000000	0.000000	0.000000	0.000000	0.000000	0.058377
8	tsk_8	(x)	1	:	0.012904	0.000000	0.000000	0.000127	0.000000	0.000000	0.000000	0.478049	0.000000	0.000000	0.000000	0.499976	0.008944
9	tsk_9	(x)	1	:	0.058357	0.000000	0.000067	0.499442	0.000000	0.409088	0.000000	0.000000	0.000000	0.000000	0.000000	0.000000	0.033047
10	tsk_10	(x)	1	:	0.661238	0.000000	0.000000	0.000000	0.000000	0.000000	0.000000	0.000000	0.000000	0.000000	0.000000	0.000000	0.338762
11	tsk_11	(x)	1	:	0.247226	0.000000	0.000000	0.499999	0.000000	0.000000	0.000000	0.000000	0.000000	0.000000	0.000000	0.000000	0.252775
12	tsk_12	(x)	1	:	0.263307	0.000000	0.000000	0.000000	0.000000	0.000000	0.000000	0.000000	0.000000	0.000000	0.000000	0.500000	0.236693
13	tsk_13	(x)	1	:	0.180230	0.000000	0.000000	0.000000	0.000000	0.000000	0.000000	0.000000	0.579446	0.000000	0.000000	0.000000	0.240324
14	tsk_14	(x)	1	:	0.504024	0.000000	0.000000	0.000000	0.000000	0.000000	0.000000	0.000000	0.000000	0.000000	0.000000	0.000000	0.495976
15	tsk_15	(x)	1	:	0.516633	0.000000	0.000000	0.000000	0.000000	0.000000	0.000000	0.000000	0.000000	0.000000	0.000000	0.000000	0.483366
16	tsk_16	(x)	1	:	0.180438	0.000000	0.000000	0.499999	0.000000	0.000000	0.000000	0.000000	0.000000	0.000000	0.000000	0.000000	0.319563
17	tsk_17	(x)	1	:	0.000000	0.000000	0.000000	0.000000	0.000000	0.000000	0.000000	0.000000	1.000000	0.000000	0.000000	0.000000	0.000000
18	tsk_18	(x)	1	:	0.622721	0.000000	0.000000	0.000000	0.000000	0.000000	0.000000	0.000000	0.000000	0.000000	0.000000	0.000000	0.377279
19	tsk_19	(x)	1	:	0.000000	0.000000	0.000000	0.000000	0.000000	0.000000	0.547746	0.000000	0.452254	0.000000	0.000000	0.000000	0.000000
20	tsk_20	(x)	1	:	0.000000	0.000000	0.000000	0.000006	0.000000	0.000000	0.000000	0.000000	0.519027	0.000000	0.000000	0.480967	0.000000
21	tsk_21	(x)	1	:	0.452485	0.000000	0.000000	0.000000	0.000000	0.410912	0.000000	0.000000	0.000000	0.000000	0.000000	0.000000	0.136603
22	tsk_22	(x)	1	:	0.325085	0.000000	0.000000	0.000000	0.000000	0.000000	0.000000	0.000000	0.000000	0.000000	0.510636	0.000000	0.164279
23	tsk_23	(x)	1	:	0.240812	0.000000	0.000000	0.000000	0.000000	0.000000	0.000000	0.000000	0.456625	0.000000	0.000000	0.000000	0.302563
24	tsk_24	(x)	1	:	0.066972	0.000000	0.000000	0.000000	0.000000	0.000000	0.401394	0.000000	0.457615	0.000000	0.000000	0.000000	0.074019
25	tsk_25	(x)	1	:	0.000000	0.000000	0.000000	0.000000	0.000000	0.000000	0.000000	0.000000	1.000000	0.000000	0.000000	0.000000	0.000000
26	tsk_26	(x)	1	:	0.380885	0.546370	0.000000	0.000000	0.000000	0.000000	0.000000	0.000000	0.000000	0.000000	0.000000	0.000000	0.072745
27	tsk_27	(x)	1	:	0.000000	0.000000	0.000000	0.000000	0.000000	0.000000	0.000000	0.000000	0.319116	0.680883	0.000000	0.000000	0.000000
28	tsk_28	(x)	1	:	0.256793	0.000000	0.000000	0.000000	0.000000	0.000000	0.000000	0.000000	0.456853	0.000000	0.000000	0.000000	0.286353
29	tsk_29	(x)	1	:	0.230960	0.546451	0.000000	0.000000	0.000000	0.000000	0.206262	0.000000	0.000000	0.000000	0.000000	0.000000	0.016327
30	tsk_30	(x)	1	:	0.000000	0.000000	0.000000	0.000000	0.000000	0.000000	0.000000	0.000000	0.370866	0.000000	0.629134	0.000000	0.000000
31	tsk_31	(x)	1	:	0.000288	0.000000	0.000000	0.000000	0.000000	0.000000	0.000000	0.485979	0.000014	0.000000	0.513719	0.000000	0.000000
32	tsk_32	(x)	1	:	0.242472	0.000000	0.000000	0.000000	0.000000	0.000000	0.000000	0.000000	0.000000	0.000000	0.000000	0.500000	0.257528
33	tsk_33	(x)	1	:	0.353174	0.000000	0.000000	0.000000	0.000000	0.000000	0.000000	0.000000	0.000010	0.000000	0.510705	0.000000	0.136111
34	tsk_34	(x)	1	:	0.397000	0.000000	0.000000	0.000000	0.000000	0.000000	0.000000	0.000000	0.000000	0.000000	0.000000	0.000000	0.603000
35	tsk_35	(x)	1	:	0.012356	0.000000	0.000000	0.000249	0.000000	0.000000	0.000000	0.480218	0.000000	0.000000	0.000000	0.500132	0.007045
36	tsk_36	(x)	1	:	0.000000	1.000000	0.000000	0.000000	0.000000	0.000000	0.000000	0.000000	0.000000	0.000000	0.000000	0.000000	0.000000
37	tsk_37	(x)	1	:	0.000000	1.000000	0.000000	0.000000	0.000000	0.000000	0.000000	0.000000	0.000000	0.000000	0.000000	0.000000	0.000000
38	tsk_38	(x)	1	:	0.000000	0.480593	0.000000	0.000000	0.000000	0.000000	0.000000	0.000000	0.000031	0.000000	0.519377	0.000000	0.000000
39	tsk_39	(x)	1	:	0.262286	0.476275	0.000000	0.000000	0.000000	0.000000	0.000000	0.000000	0.000000	0.000000	0.000000	0.000000	0.261439
40	tsk_40	(x)	1	:	0.000000	0.000000	0.000000	1.000000	0.000000	0.000000	0.000000	0.000000	0.000000	0.000000	0.000000	0.000000	0.000000
41	tsk_41	(x)	1	:	0.000000	0.000000	0.000000	1.000000	0.000000	0.000000	0.000000	0.000000	0.000000	0.000000	0.000000	0.000000	0.000000
42	tsk_42	(x)	1	:	0.253416	0.000000	0.000000	0.499999	0.000000	0.000000	0.000000	0.000000	0.000000	0.000000	0.000000	0.000000	0.246585
43	tsk_43	(x)	1	:	0.650629	0.000000	0.000000	0.000000	0.000000	0.000000	0.000000	0.000000	0.000000	0.000000	0.000000	0.000000	0.349371
44	tsk_44	(x)	1	:	0.000000	0.000000	0.000000	1.000000	0.000000	0.000000	0.000000	0.000000	0.000000	0.000000	0.000000	0.000000	0.000000
45	tsk_45	(x)	1	:	0.353232	0.000000	0.000000	0.000000	0.000000	0.000000	0.000000	0.476623	0.000000	0.000000	0.000000	0.000000	0.170145
46	tsk_46	(x)	1	:	0.000000	0.000000	0.000000	1.000000	0.000000	0.000000	0.000000	0.000000	0.000000	0.000000	0.000000	0.000000	0.000000
47	tsk_47	(x)	1	:	0.017059	0.000000	0.000000	0.499994	0.000000	0.000000	0.000000	0.477273	0.000000	0.000000	0.000000	0.000000	0.005674
48	tsk_48	(x)	1	:	0.038147	0.000000	0.000000	0.000000	0.000000	0.000000	0.000000	0.476408	0.456566	0.000000	0.000000	0.000000	0.028879
49	tsk_49	(x)	1	:	0.015820	0.000000	0.000000	0.499837	0.000000	0.000000	0.000000	0.476134	0.000000	0.000000	0.000000	0.000000	0.008210
50	tsk_50	(x)	1	:	0.203310	0.000000	0.000000	0.000000	0.000000	0.000000	0.000000	0.000000	0.456263	0.000000	0.000000	0.000000	0.340427
51	tsk_51	(x)	1	:	0.475851	0.000000	0.000000	0.000000	0.000000	0.000000	0.000000	0.000000	0.000000	0.000000	0.000000	0.000000	0.524149
52	tsk_52	(x)	1	:	0.419204	0.000000	0.000000	0.000000	0.000000	0.000000	0.000000	0.000000	0.000000	0.000000	0.000000	0.000000	0.580796
53	tsk_53	(x)	1	:	0.276434	0.000000	0.000000	0.000000	0.000000	0.000000	0.000000	0.000000	0.456522	0.000000	0.000000	0.000000	0.267045
54	tsk_54	(x)	1	:	0.149318	0.000000	0.000000	0.499999	0.000000	0.000000	0.000000	0.000000	0.000000	0.000000	0.000000	0.000000	0.350683
55	tsk_55	(x)	1	:	0.209501	0.000000	0.000000	0.000000	0.000000	0.000000	0.000000	0.000000	0.000000	0.477811	0.000000	0.000000	0.312688
56	tsk_56	(x)	1	:	0.430454	0.000000	0.000000	0.000000	0.000000	0.000000	0.000000	0.000000	0.000000	0.000000	0.000000	0.000000	0.569546
57	tsk_57	(x)	1	:	0.378551	0.000000	0.000000	0.000000	0.000000	0.000000	0.000000	0.000000	0.456238	0.000000	0.000000	0.000000	0.165211
58	tsk_58	(x)	1	:	0.009038	0.000000	0.000000	0.500053	0.000000	0.000000	0.000000	0.000000	0.457129	0.000000	0.000000	0.000000	0.033780
59	tsk_59	(x)	1	:	0.515983	0.000000	0.000000	0.000000	0.000000	0.000000	0.000000	0.000000	0.000000	0.000000	0.000000	0.000000	0.484017
60	tsk_60	(x)	1	:	0.352022	0.000000	0.000000	0.000000	0.000000	0.000000	0.000000	0.000000	0.456421	0.000000	0.000000	0.000000	0.191557
61	tsk_61	(x)	1	:	0.438469	0.000000	0.000000	0.000000	0.000000	0.000000	0.000000	0.326848	0.000000	0.000000	0.000000	0.000000	0.234683
62	tsk_62	(x)	1	:	0.802591	0.000000	0.000000	0.000000	0.000000	0.000000	0.000000	0.000000	0.000000	0.000000	0.000000	0.000000	0.197409
63	tsk_63	(x)	1	:	0.550030	0.000000	0.000000	0.000000	0.000000	0.000000	0.000000	0.000000	0.000000	0.000000	0.000000	0.000000	0.449969
64	tsk_64	(x)	1	:	0.234938	0.000000	0.000000	0.000000	0.000000	0.000000	0.000000	0.000000	0.000000	0.000000	0.000000	0.000000	0.765062
65	tsk_65	(x)	1	:	0.551017	0.000000	0.000000	0.000000	0.000000	0.000000	0.000000	0.000000	0.000000	0.000000	0.000000	0.000000	0.448983
66	tsk_66	(x)	1	:	0.550534	0.000000	0.000000	0.000000	0.000000	0.000000	0.000000	0.000000	0.000000	0.000000	0.000000	0.000000	0.449466
67	tsk_67	(x)	1	:	0.288944	0.000000	0.000000	0.000000	0.000000	0.000000	0.000000	0.000000	0.456580	0.000000	0.000000	0.000000	0.254476
68	tsk_68	(x)	1	:	0.585318	0.000000	0.000000	0.000000	0.000000	0.000000	0.000000	0.000000	0.000000	0.000000	0.000000	0.000000	0.414682
69	tsk_69	(x)	1	:	0.735104	0.000000	0.000000	0.000000	0.000000	0.000000	0.000000	0.000000	0.000000	0.000000	0.000000	0.000000	0.264896
70	tsk_70	(x)	1	:	0.350497	0.476276	0.000000	0.000000	0.000000	0.000000	0.000000	0.000000	0.000000	0.000000	0.000000	0.000000	0.173227
71	tsk_71	(x)	1	:	0.512230	0.000000	0.000000	0.000000	0.000000	0.000000	0.000000	0.000000	0.000000	0.000000	0.000000	0.000000	0.487770
72	tsk_72	(x)	1	:	0.475859	0.000000	0.000000	0.000000	0.000000	0.000000	0.000000	0.000000	0.000000	0.000000	0.000000	0.000000	0.524141
73	tsk_73	(x)	1	:	0.631737	0.000000	0.000000	0.000000	0.000000	0.000000	0.000000	0.000000	0.000000	0.000000	0.000000	0.000000	0.368263
74	tsk_74	(x)	1	:	0.249421	0.476274	0.000000	0.000000	0.000000	0.000000	0.000000	0.000000	0.000000	0.000000	0.000000	0.000000	0.274304
75	tsk_75	(x)	1	:	0.484207	0.000000	0.000000	0.000000	0.000000	0.000000	0.000000	0.000000	0.000000	0.000000	0.000000	0.000000	0.515793
76	tsk_76	(x)	1	:	0.410314	0.000000	0.000000	0.000000	0.000000	0.000000	0.000000	0.476732	0.000000	0.000000	0.000000	0.000000	0.112954
77	tsk_77	(x)	1	:	0.461798	0.000000	0.000000	0.000000	0.000000	0.000000	0.000000	0.000000	0.000000	0.000000	0.000000	0.000000	0.538202
78	tsk_78	(x)	1	:	0.579464	0.000000	0.000000	0.000000	0.000000	0.000000	0.000000	0.000000	0.000000	0.000000	0.000000	0.000000	0.420536
79	tsk_79	(x)	1	:	0.638585	0.000000	0.000000	0.000000	0.000000	0.000000	0.000000	0.000000	0.000000	0.000000	0.000000	0.000000	0.361415
80	tsk_80	(x)	1	:	0.400629	0.000000	0.000000	0.000000	0.000000	0.000000	0.000000	0.000000	0.579545	0.000000	0.000000	0.000000	0.019826
81	tsk_81	(x)	1	:	0.000001	0.000000	0.000004	0.205925	0.000000	0.461703	0.000000	0.000000	0.328377	0.000000	0.000000	0.000023	0.003967
82	tsk_82	(x)	1	:	0.142155	0.476453	0.000000	0.000000	0.000000	0.000000	0.355204	0.000000	0.000000	0.000000	0.000000	0.000000	0.026187
83	tsk_83	(x)	1	:	0.162120	0.000000	0.000000	0.000000	0.000000	0.000000	0.000000	0.000000	0.579269	0.000000	0.000000	0.000000	0.258611
84	tsk_84	(x)	1	:	0.368265	0.000000	0.000000	0.000000	0.000000	0.000000	0.000000	0.000000	0.000000	0.000000	0.000000	0.000000	0.631735
85	tsk_85	(x)	1	:	0.000000	0.484384	0.000000	0.515616	0.000000	0.000000	0.000000	0.000000	0.000000	0.000000	0.000000	0.000000	0.000000
86	tsk_86	(x)	1	:	0.192492	0.000000	0.000000	0.499999	0.000000	0.000000	0.000000	0.000000	0.000000	0.000000	0.000000	0.000000	0.307509
87	tsk_87	(x)	1	:	0.176448	0.000000	0.000000	0.000000	0.000000	0.000000	0.191651	0.000000	0.580188	0.000000	0.000000	0.000000	0.051713
88	tsk_88	(x)	1	:	0.270403	0.000000	0.000000	0.000000	0.000000	0.000000	0.191701	0.000000	0.457063	0.000000	0.000000	0.000000	0.080833
89	tsk_89	(x)	1	:	0.284441	0.000000	0.000000	0.000000	0.000000	0.000000	0.000000	0.000000	0.579291	0.000000	0.000000	0.000000	0.136268
90	tsk_90	(x)	1	:	0.260504	0.476276	0.000000	0.000000	0.000000	0.000000	0.000000	0.000000	0.000000	0.000000	0.000000	0.000000	0.263220
91	tsk_91	(x)	1	:	0.000000	0.445063	0.000000	0.000000	0.000000	0.000000	0.000000	0.000000	0.363589	0.191348	0.000000	0.000000	0.000000
92	tsk_92	(x)	1	:	0.000000	1.000000	0.000000	0.000000	0.000000	0.000000	0.000000	0.000000	0.000000	0.000000	0.000000	0.000000	0.000000
93	tsk_93	(x)	1	:	0.209215	0.000000	0.000000	0.000000	0.000000	0.000000	0.000000	0.000000	0.567011	0.000000	0.000000	0.000000	0.223774
94	tsk_94	(x)	1	:	0.417154	0.476275	0.000000	0.000000	0.000000	0.000000	0.000000	0.000000	0.000000	0.000000	0.000000	0.000000	0.106571
95	tsk_95	(x)	1	:	0.362527	0.476275	0.000000	0.000000	0.000000	0.000000	0.000000	0.000000	0.000000	0.000000	0.000000	0.000000	0.161198
96	tsk_96	(x)	1	:	0.316534	0.476276	0.000000	0.000000	0.000000	0.000000	0.000000	0.000000	0.000000	0.000000	0.000000	0.000000	0.207190
97	tsk_97	(x)	1	:	0.000000	0.463186	0.000000	0.000000	0.000000	0.000000	0.000000	0.000000	0.536814	0.000000	0.000000	0.000000	0.000000
98	tsk_98	(x)	1	:	0.313443	0.476276	0.000000	0.000000	0.000000	0.000000	0.000000	0.000000	0.000000	0.000000	0.000000	0.000000	0.210280
99	tsk_99	(x)	1	:	0.237991	0.000000	0.000000	0.000000	0.000000	0.000000	0.000000	0.000000	0.414967	0.203317	0.000000	0.000000	0.143725
100	tsk_100	(x)	1	:	0.462040	0.000000	0.000000	0.000000	0.000000	0.000000	0.000000	0.000000	0.000000	0.000000	0.000000	0.000000	0.537960
101	tsk_101	(x)	1	:	0.220481	0.000000	0.000000	0.000000	0.000000	0.000000	0.000000	0.000000	0.000000	0.477861	0.000000	0.000000	0.301658
102	tsk_102	(x)	1	:	0.000000	0.000000	0.500489	0.499511	0.000000	0.000000	0.000000	0.000000	0.000000	0.000000	0.000000	0.000000	0.000000
103	tsk_103	(x)	1	:	0.551393	0.000000	0.000000	0.000000	0.000000	0.000000	0.000000	0.000000	0.000000	0.000000	0.000000	0.000000	0.448607
104	tsk_104	(x)	1	:	0.000000	0.000000	0.000000	0.000000	0.000000	0.000000	0.000000	0.000000	0.000000	1.000000	0.000000	0.000000	0.000000
105	tsk_105	(x)	1	:	0.000000	0.000000	0.000000	0.496872	0.000000	0.000000	0.000000	0.000000	0.000005	0.000000	0.503123	0.000000	0.000000
106	tsk_106	(x)	1	:	0.263420	0.000000	0.000000	0.499998	0.000000	0.000000	0.000000	0.000000	0.000000	0.000000	0.000000	0.000000	0.236582
107	tsk_107	(x)	1	:	0.097675	0.000000	0.000000	0.499999	0.000000	0.000000	0.000000	0.000000	0.000000	0.000000	0.000000	0.000000	0.402325
108	tsk_108	(x)	1	:	0.186133	0.000000	0.000000	0.000000	0.000000	0.000000	0.000000	0.000000	0.000000	0.477880	0.000000	0.000000	0.335987
109	tsk_109	(x)	1	:	0.246574	0.000000	0.000000	0.499999	0.000000	0.000000	0.000000	0.000000	0.000000	0.000000	0.000000	0.000000	0.253426
110	tsk_110	(x)	1	:	0.000001	0.570880	0.000000	0.000000	0.000000	0.000000	0.000000	0.000000	0.429119	0.000000	0.000000	0.000000	0.000000
111	tsk_111	(x)	1	:	0.000000	0.000000	0.000000	0.000000	0.000000	0.000000	0.000000	0.000000	0.000000	1.000000	0.000000	0.000000	0.000000
112	tsk_112	(x)	1	:	0.009505	0.000000	0.000000	0.000106	0.000000	0.000000	0.000000	0.000000	0.457117	0.000000	0.000000	0.499950	0.033321
113	tsk_113	(x)	1	:	0.000000	0.000000	0.000000	0.000000	0.000000	0.000000	0.000000	0.000000	1.000000	0.000000	0.000000	0.000000	0.000000
114	tsk_114	(x)	1	:	0.000001	0.570880	0.000000	0.000000	0.000000	0.000000	0.000000	0.000000	0.429119	0.000000	0.000000	0.000000	0.000000
115	tsk_115	(x)	1	:	0.008119	0.520123	0.000000	0.000000	0.000000	0.000000	0.000000	0.000000	0.457055	0.000000	0.000000	0.000000	0.014703
116	tsk_116	(x)	1	:	0.266015	0.000000	0.000000	0.000000	0.000000	0.000000	0.000000	0.000000	0.000000	0.000000	0.000000	0.500000	0.233986
117	tsk_117	(x)	1	:	0.000000	0.000000	0.000000	0.000000	0.000000	0.000000	0.000000	0.000000	0.479477	0.520523	0.000000	0.000000	0.000000
118	tsk_118	(x)	1	:	0.000000	0.464571	0.000000	0.000000	0.000000	0.000000	0.000000	0.000000	0.000000	0.535429	0.000000	0.000000	0.000000
119	tsk_119	(x)	1	:	0.019139	0.000000	0.000000	0.000767	0.000000	0.000000	0.000000	0.000000	0.457152	0.000000	0.000000	0.499381	0.023561
120	tsk_120	(x)	1	:	0.213816	0.000000	0.000000	0.500026	0.000000	0.000000	0.206068	0.000000	0.000000	0.000000	0.000000	0.000000	0.080090
121	tsk_121	(x)	1	:	0.205076	0.000000	0.000000	0.500045	0.000000	0.000000	0.206149	0.000000	0.000000	0.000000	0.000000	0.000000	0.088729
122	tsk_122	(x)	1	:	0.359390	0.000000	0.000000	0.000000	0.000000	0.410660	0.000000	0.000000	0.000000	0.000000	0.000000	0.000000	0.229949
123	tsk_123	(x)	1	:	0.000000	0.000000	0.000000	0.500000	0.000000	0.000000	0.000000	0.000000	0.000000	0.000000	0.000000	0.500000	0.000000
124	tsk_124	(x)	1	:	0.533958	0.000000	0.000000	0.000000	0.000000	0.000000	0.205814	0.000000	0.000000	0.000000	0.000000	0.000000	0.260228
125	tsk_125	(x)	1	:	0.067065	0.546745	0.000000	0.000000	0.000000	0.000000	0.383674	0.000000	0.000000	0.000000	0.000000	0.000000	0.002517
126	tsk_126	(x)	1	:	0.297677	0.476333	0.000000	0.000000	0.000000	0.000000	0.206165	0.000000	0.000000	0.000000	0.000000	0.000000	0.019825
127	tsk_127	(x)	1	:	0.015515	0.000000	0.000000	0.000808	0.000000	0.000000	0.000000	0.477905	0.000000	0.000000	0.000000	0.499363	0.006409
128	tsk_128	(x)	1	:	0.000000	1.000000	0.000000	0.000000	0.000000	0.000000	0.000000	0.000000	0.000000	0.000000	0.000000	0.000000	0.000000
129	tsk_129	(x)	1	:	0.036621	0.000000	0.000000	0.500265	0.000000	0.000000	0.401576	0.000000	0.000000	0.000000	0.000000	0.000000	0.061538
130	tsk_130	(x)	1	:	0.000000	0.000000	0.000000	0.500000	0.000000	0.000000	0.000000	0.000000	0.000000	0.000000	0.000000	0.500000	0.000000
131	tsk_131	(x)	1	:	0.000000	0.484384	0.000000	0.515616	0.000000	0.000000	0.000000	0.000000	0.000000	0.000000	0.000000	0.000000	0.000000
132	tsk_132	(x)	1	:	0.310894	0.476274	0.000000	0.000000	0.000000	0.000000	0.000000	0.000000	0.000000	0.000000	0.000000	0.000000	0.212832
133	tsk_133	(x)	1	:	0.000000	0.484384	0.000000	0.515616	0.000000	0.000000	0.000000	0.000000	0.000000	0.000000	0.000000	0.000000	0.000000
134	tsk_134	(x)	1	:	0.010633	0.000000	0.000000	0.000010	0.000000	0.000000	0.000000	0.000000	0.457126	0.000000	0.000000	0.500037	0.032194
135	tsk_135	(x)	1	:	0.372022	0.520085	0.000000	0.000000	0.000000	0.000000	0.000000	0.000000	0.000000	0.000000	0.000000	0.000000	0.107893
136	tsk_136	(x)	1	:	0.000000	0.000000	0.000000	0.500000	0.000000	0.000000	0.000000	0.000000	0.000000	0.000000	0.000000	0.500000	0.000000
137	tsk_137	(x)	1	:	0.173706	0.000000	0.000000	0.000000	0.000000	0.000000	0.000000	0.000000	0.000000	0.000000	0.000000	0.500000	0.326294
138	tsk_138	(x)	1	:	0.045743	0.476342	0.000000	0.000000	0.000000	0.000000	0.000000	0.000000	0.457139	0.000000	0.000000	0.000000	0.020775
139	tsk_139	(x)	1	:	0.000000	0.484582	0.000000	0.013639	0.000000	0.000000	0.000000	0.000000	0.000000	0.000000	0.000000	0.501779	0.000000
140	tsk_140	(x)	1	:	0.581871	0.000000	0.000000	0.000000	0.000000	0.000000	0.000000	0.000000	0.000000	0.000000	0.000000	0.000000	0.418129
141	tsk_141	(x)	1	:	0.264047	0.000000	0.000000	0.000000	0.000000	0.000000	0.000000	0.000000	0.000000	0.477739	0.000000	0.000000	0.258214
142	tsk_142	(x)	1	:	0.000000	0.000000	0.000000	0.000000	1.000000	0.000000	0.000000	0.000000	0.000000	0.000000	0.000000	0.000000	0.000000
143	tsk_143	(x)	1	:	0.224368	0.000000	0.000000	0.000000	0.499862	0.000000	0.000000	0.000000	0.000000	0.000000	0.000000	0.000000	0.275770
144	tsk_144	(x)	1	:	0.002200	0.000000	0.000000	0.000000	0.499653	0.000000	0.000000	0.000000	0.000000	0.477797	0.000000	0.000000	0.020350
145	tsk_145	(x)	1	:	0.062776	0.000000	0.000111	0.000000	0.491160	0.407665	0.000000	0.000000	0.000008	0.000000	0.000000	0.000000	0.038280
146	tsk_146	(x)	1	:	0.076604	0.000000	0.000117	0.000000	0.491207	0.407685	0.000000	0.000000	0.000008	0.000000	0.000000	0.000000	0.024379
147	tsk_147	(x)	1	:	0.012912	0.000000	0.000000	0.499933	0.000000	0.000000	0.000000	0.476830	0.000000	0.000000	0.000000	0.000000	0.010325
148	tsk_148	(x)	1	:	0.000000	0.000000	0.000000	0.000000	1.000000	0.000000	0.000000	0.000000	0.000000	0.000000	0.000000	0.000000	0.000000
149	tsk_149	(x)	1	:	0.230327	0.000000	0.000000	0.499999	0.000000	0.000000	0.000000	0.000000	0.000000	0.000000	0.000000	0.000000	0.269674
