logL = -1229.991200 (converged)
AIC = 5741.982400
BIC = 10682.434917

count.K
24 13 22 17 11 14 21 17 11 

