logL = -1015.174054 (converged)
AIC = 6362.348108
BIC = 12883.384155

count.K
10 2 6 19 30 5 23 4 1 2 42 6 

