logL = -753.001395 (converged)
AIC = 5166.002790
BIC = 10675.465379

count.K
58 7 1 3 20 11 11 1 23 8 7 

