logL = -1485.184792 (converged)
AIC = 8410.369584
BIC = 16599.297584

count.K
1 0 0 9 26 1 12 1 5 11 15 2 17 50 

