logL = -423.913346 (converged)
AIC = 5615.826692
BIC = 12793.181233

count.K
7 2 37 39 1 15 2 1 2 0 3 32 2 7 

