logL = -1211.572352 (converged)
AIC = 5525.144705
BIC = 10194.640046

count.K
27 33 3 9 48 16 1 7 6 

