logL = -2594.034572 (converged)
AIC = 5720.069143
BIC = 6520.898131

count.K
116 34 

