logL = -1235.484413 (converged)
AIC = 7058.968825
BIC = 13965.366190

count.K
6 1 4 6 2 20 4 29 24 8 26 16 4 

