logL = -1013.295412 (converged)
AIC = 2454.590824
BIC = 3098.866777

count.K
94 56 

