logL = -1558.615182 (converged)
AIC = 5777.230364
BIC = 9781.375305

count.K
9 14 1 32 39 12 28 15 

