logL = -1861.822433 (converged)
AIC = 5015.644866
BIC = 6960.515266

count.K
30 11 43 66 

