0	tsk_0	(x)	1	:	0.000000	0.000000	0.000020	0.000000	0.000000	0.000000	0.000000	0.478896	0.000000	0.000000	0.521084
1	tsk_1	(x)	1	:	0.000000	0.000000	0.000000	0.000000	0.000000	0.558742	0.000000	0.441258	0.000000	0.000000	0.000000
2	tsk_2	(x)	1	:	0.000000	0.000000	0.000624	0.000000	0.000000	0.447994	0.000000	0.551382	0.000000	0.000000	0.000000
3	tsk_3	(x)	1	:	0.000000	0.000000	0.411398	0.000000	0.000000	0.000000	0.000000	0.588602	0.000000	0.000000	0.000000
4	tsk_4	(x)	1	:	0.000000	0.000000	0.000018	0.000000	0.000000	0.000000	0.000000	0.478898	0.000000	0.000000	0.521084
5	tsk_5	(x)	1	:	0.000000	0.000000	0.000000	0.000000	0.000000	0.558742	0.000000	0.441257	0.000000	0.000000	0.000000
6	tsk_6	(x)	1	:	0.000000	0.000000	0.000019	0.000000	0.000000	0.000000	0.000000	0.478897	0.000000	0.000000	0.521084
7	tsk_7	(x)	1	:	0.000000	0.000000	1.000000	0.000000	0.000000	0.000000	0.000000	0.000000	0.000000	0.000000	0.000000
8	tsk_8	(x)	1	:	0.000000	0.000000	0.000000	0.000000	0.000000	0.000000	0.000000	0.000000	0.000000	0.000000	1.000000
9	tsk_9	(x)	1	:	0.000000	0.000000	0.411398	0.000000	0.000000	0.000000	0.000000	0.588602	0.000000	0.000000	0.000000
10	tsk_10	(x)	1	:	0.000000	0.000011	0.497183	0.000000	0.000000	0.000000	0.000000	0.000000	0.000000	0.502805	0.000000
11	tsk_11	(x)	1	:	0.000000	0.000015	0.512454	0.000000	0.000000	0.000000	0.000000	0.000000	0.000000	0.487531	0.000000
12	tsk_12	(x)	1	:	0.000000	0.000000	1.000000	0.000000	0.000000	0.000000	0.000000	0.000000	0.000000	0.000000	0.000000
13	tsk_13	(x)	1	:	0.000000	0.000000	0.495788	0.000000	0.000000	0.000000	0.504212	0.000000	0.000000	0.000000	0.000000
14	tsk_14	(x)	1	:	0.000000	0.000014	0.497183	0.000000	0.000000	0.000000	0.000001	0.000000	0.000000	0.502802	0.000000
15	tsk_15	(x)	1	:	0.000000	0.000000	1.000000	0.000000	0.000000	0.000000	0.000000	0.000000	0.000000	0.000000	0.000000
16	tsk_16	(x)	1	:	0.000000	0.000058	0.000000	0.000000	0.000000	0.000000	0.000000	0.000000	0.000000	0.999942	0.000000
17	tsk_17	(x)	1	:	0.000000	0.000116	0.000000	0.000000	0.000000	0.000000	0.000000	0.000000	0.000000	0.999884	0.000000
18	tsk_18	(x)	1	:	0.000000	0.000023	0.000000	0.000000	0.000000	0.000000	0.000000	0.000000	0.000000	0.999977	0.000000
19	tsk_19	(x)	1	:	0.000000	0.000058	0.497185	0.000000	0.000000	0.000000	0.000002	0.000000	0.000000	0.502755	0.000000
20	tsk_20	(x)	1	:	0.000000	0.437878	0.000000	0.000000	0.000000	0.000000	0.000000	0.000000	0.454322	0.107800	0.000000
21	tsk_21	(x)	1	:	0.000000	0.423871	0.000000	0.000000	0.000000	0.000000	0.000000	0.000000	0.000000	0.576129	0.000000
22	tsk_22	(x)	1	:	0.000000	0.000000	0.000000	0.537152	0.000000	0.000000	0.000000	0.000000	0.462848	0.000000	0.000000
23	tsk_23	(x)	1	:	0.000000	0.000000	0.000000	0.000000	0.000000	0.000000	0.493198	0.000000	0.000000	0.000000	0.506802
24	tsk_24	(x)	1	:	0.000000	0.000000	0.000000	0.000001	0.501893	0.000000	0.498106	0.000000	0.000000	0.000000	0.000000
25	tsk_25	(x)	1	:	0.000000	0.685423	0.000000	0.000000	0.000000	0.000000	0.000000	0.000000	0.000000	0.314577	0.000000
26	tsk_26	(x)	1	:	0.000000	0.000000	0.000000	0.000019	0.000000	0.000000	0.000000	0.000000	0.999813	0.000168	0.000000
27	tsk_27	(x)	1	:	0.000000	0.410620	0.000000	0.000000	0.503270	0.000000	0.000000	0.000000	0.000000	0.086110	0.000000
28	tsk_28	(x)	1	:	0.000000	0.424732	0.000000	0.000006	0.000000	0.000000	0.513653	0.000000	0.000000	0.061609	0.000000
29	tsk_29	(x)	1	:	0.000000	0.000000	0.000000	0.000000	0.508273	0.000000	0.000000	0.000000	0.491726	0.000000	0.000000
30	tsk_30	(x)	1	:	0.000000	0.000000	0.538676	0.000000	0.000000	0.000000	0.000000	0.000000	0.000000	0.000000	0.461324
31	tsk_31	(x)	1	:	0.000000	0.000000	0.000000	0.000001	0.000000	0.000000	0.512848	0.000000	0.000000	0.000000	0.487151
32	tsk_32	(x)	1	:	0.568547	0.000000	0.000000	0.000000	0.000000	0.000000	0.000000	0.000000	0.000000	0.000000	0.431453
33	tsk_33	(x)	1	:	0.502719	0.000000	0.000759	0.000001	0.000000	0.000000	0.496521	0.000000	0.000000	0.000000	0.000000
34	tsk_34	(x)	1	:	0.000000	0.000000	0.000000	0.000000	0.000000	0.000000	0.512849	0.000000	0.000000	0.000000	0.487151
35	tsk_35	(x)	1	:	0.000000	0.000000	0.000000	0.345604	0.000000	0.000000	0.000000	0.000000	0.000000	0.654396	0.000000
36	tsk_36	(x)	1	:	0.000000	0.000014	0.497183	0.000000	0.000000	0.000000	0.000001	0.000000	0.000000	0.502801	0.000000
37	tsk_37	(x)	1	:	0.000000	0.000006	0.497183	0.000000	0.000000	0.000000	0.000000	0.000000	0.000000	0.502810	0.000000
38	tsk_38	(x)	1	:	0.000000	0.000000	0.000000	0.537115	0.000000	0.000000	0.000000	0.000000	0.462885	0.000000	0.000000
39	tsk_39	(x)	1	:	0.000000	0.000000	0.000000	0.000001	0.000000	0.000000	0.512848	0.000000	0.000000	0.000000	0.487151
40	tsk_40	(x)	1	:	0.542695	0.000000	0.019696	0.000000	0.000000	0.000000	0.000000	0.000000	0.000000	0.000000	0.437608
41	tsk_41	(x)	1	:	0.000000	0.000000	0.516204	0.000000	0.000000	0.000000	0.000000	0.000000	0.000000	0.000000	0.483796
42	tsk_42	(x)	1	:	0.101397	0.000000	0.000000	0.000000	0.000000	0.000000	0.000000	0.000000	0.000000	0.000000	0.898603
43	tsk_43	(x)	1	:	0.000000	0.418170	0.000000	0.000000	0.000000	0.000000	0.000000	0.000000	0.235972	0.345858	0.000000
44	tsk_44	(x)	1	:	0.000000	0.000000	0.000000	0.000000	0.477683	0.000000	0.000000	0.000000	0.000000	0.000000	0.522317
45	tsk_45	(x)	1	:	0.000000	0.000000	1.000000	0.000000	0.000000	0.000000	0.000000	0.000000	0.000000	0.000000	0.000000
46	tsk_46	(x)	1	:	0.000000	0.000003	0.000000	0.000000	0.000000	0.000000	0.264707	0.000000	0.000006	0.209888	0.525394
47	tsk_47	(x)	1	:	0.238966	0.000000	0.389031	0.000000	0.000000	0.000000	0.000000	0.000000	0.000000	0.000000	0.372003
48	tsk_48	(x)	1	:	0.000000	0.520417	0.000000	0.000000	0.479354	0.000000	0.000000	0.000000	0.000000	0.000228	0.000000
49	tsk_49	(x)	1	:	0.000000	0.000000	0.000000	0.000000	0.465836	0.000000	0.534163	0.000000	0.000001	0.000000	0.000000
50	tsk_50	(x)	1	:	0.000000	0.000000	0.000000	0.511274	0.000000	0.000000	0.001657	0.000000	0.000000	0.000000	0.487069
51	tsk_51	(x)	1	:	0.000000	0.000000	0.000000	0.482847	0.000000	0.516848	0.000306	0.000000	0.000000	0.000000	0.000000
52	tsk_52	(x)	1	:	0.000000	0.000000	0.000000	0.000000	0.485312	0.000000	0.000000	0.000000	0.514688	0.000000	0.000000
53	tsk_53	(x)	1	:	0.000000	0.000000	0.000000	0.000000	0.508273	0.000000	0.000000	0.000000	0.491726	0.000000	0.000000
54	tsk_54	(x)	1	:	0.000000	0.000000	0.000000	0.000000	0.000000	0.000000	0.525865	0.000000	0.000000	0.000000	0.474134
55	tsk_55	(x)	1	:	0.000000	0.000000	0.000000	0.435237	0.000000	0.000000	0.000000	0.000000	0.564763	0.000000	0.000000
56	tsk_56	(x)	1	:	0.000000	0.000000	0.066995	0.000000	0.932819	0.000000	0.000000	0.000000	0.000000	0.000000	0.000186
57	tsk_57	(x)	1	:	0.000000	0.000000	0.000000	1.000000	0.000000	0.000000	0.000000	0.000000	0.000000	0.000000	0.000000
58	tsk_58	(x)	1	:	0.000000	0.000000	0.000000	0.000000	0.000000	0.615195	0.000000	0.000000	0.000000	0.000000	0.384805
59	tsk_59	(x)	1	:	0.000000	0.000023	0.000000	0.000000	0.000000	0.519685	0.000000	0.000000	0.000000	0.480292	0.000000
60	tsk_60	(x)	1	:	0.000000	0.000030	0.000000	0.513261	0.000000	0.000000	0.000000	0.000000	0.000000	0.486709	0.000000
61	tsk_61	(x)	1	:	0.000000	0.000000	0.000000	0.797595	0.000000	0.000000	0.000000	0.000000	0.202405	0.000000	0.000000
62	tsk_62	(x)	1	:	0.000000	0.000000	0.000000	0.493813	0.000000	0.000000	0.000404	0.000000	0.000000	0.000000	0.505782
63	tsk_63	(x)	1	:	0.000000	0.000000	0.511134	0.000001	0.000000	0.000000	0.488865	0.000000	0.000000	0.000000	0.000000
64	tsk_64	(x)	1	:	0.502715	0.000000	0.000763	0.000000	0.000000	0.000000	0.496521	0.000000	0.000000	0.000000	0.000000
65	tsk_65	(x)	1	:	0.502705	0.000000	0.000774	0.000001	0.000000	0.000000	0.496521	0.000000	0.000000	0.000000	0.000000
66	tsk_66	(x)	1	:	0.000000	0.000000	0.000000	0.000000	0.000000	0.000000	0.493198	0.000000	0.000000	0.000000	0.506802
67	tsk_67	(x)	1	:	0.000000	0.000000	0.000000	1.000000	0.000000	0.000000	0.000000	0.000000	0.000000	0.000000	0.000000
68	tsk_68	(x)	1	:	0.000000	0.000000	0.000000	0.493893	0.000000	0.000000	0.000321	0.000000	0.000000	0.000000	0.505786
69	tsk_69	(x)	1	:	0.000000	0.000017	0.000000	0.513258	0.000000	0.000000	0.000000	0.000000	0.000000	0.486725	0.000000
70	tsk_70	(x)	1	:	0.000000	0.000017	0.000000	0.000000	0.503294	0.000000	0.000000	0.000000	0.000000	0.496689	0.000000
71	tsk_71	(x)	1	:	0.000000	0.000000	0.000000	0.000000	1.000000	0.000000	0.000000	0.000000	0.000000	0.000000	0.000000
72	tsk_72	(x)	1	:	0.000000	0.000014	0.000000	0.000000	0.000000	0.000000	0.000000	0.000000	0.000000	0.491860	0.508125
73	tsk_73	(x)	1	:	0.000000	0.000000	0.000000	0.000000	0.508273	0.000000	0.000000	0.000000	0.491726	0.000000	0.000000
74	tsk_74	(x)	1	:	0.000000	0.000065	0.000000	0.362756	0.000000	0.000000	0.000000	0.000000	0.312263	0.324916	0.000000
75	tsk_75	(x)	1	:	0.000000	0.000000	0.000000	0.294339	0.480483	0.000000	0.000000	0.000000	0.225178	0.000000	0.000000
76	tsk_76	(x)	1	:	0.000000	0.000074	0.000000	0.000000	0.000000	0.000000	0.000000	0.000000	0.000000	0.999926	0.000000
77	tsk_77	(x)	1	:	0.000000	0.000000	0.000000	0.000000	0.477683	0.000000	0.000000	0.000000	0.000000	0.000000	0.522317
78	tsk_78	(x)	1	:	0.000000	0.000000	0.000000	0.000000	0.477683	0.000000	0.000000	0.000000	0.000000	0.000000	0.522317
79	tsk_79	(x)	1	:	0.000000	0.498641	0.000000	0.000000	0.501272	0.000000	0.000000	0.000000	0.000000	0.000087	0.000000
80	tsk_80	(x)	1	:	0.000000	0.000000	0.000128	0.499643	0.000000	0.000000	0.000306	0.499923	0.000000	0.000000	0.000000
81	tsk_81	(x)	1	:	0.000000	0.000000	1.000000	0.000000	0.000000	0.000000	0.000000	0.000000	0.000000	0.000000	0.000000
82	tsk_82	(x)	1	:	0.476074	0.000000	0.023683	0.500030	0.000000	0.000000	0.000212	0.000000	0.000001	0.000000	0.000000
83	tsk_83	(x)	1	:	0.000000	0.000000	0.000004	0.294252	0.000000	0.000000	0.000000	0.480656	0.225089	0.000000	0.000000
84	tsk_84	(x)	1	:	0.000000	0.000000	0.454337	0.000000	0.000000	0.000000	0.000000	0.000000	0.000000	0.000000	0.545663
85	tsk_85	(x)	1	:	0.000000	0.499683	0.000121	0.000000	0.000000	0.000000	0.000000	0.500080	0.000000	0.000116	0.000000
86	tsk_86	(x)	1	:	0.000000	1.000000	0.000000	0.000000	0.000000	0.000000	0.000000	0.000000	0.000000	0.000000	0.000000
87	tsk_87	(x)	1	:	0.000000	0.501276	0.000000	0.000000	0.000000	0.000000	0.000000	0.000000	0.000000	0.000000	0.498724
88	tsk_88	(x)	1	:	0.000000	0.499223	0.000000	0.500763	0.000000	0.000000	0.000000	0.000000	0.000001	0.000014	0.000000
89	tsk_89	(x)	1	:	0.000000	0.000000	0.000000	0.392336	0.000000	0.000000	0.000000	0.000000	0.607664	0.000000	0.000000
90	tsk_90	(x)	1	:	0.000000	0.000000	0.000000	0.821754	0.000000	0.000000	0.000000	0.000000	0.178246	0.000000	0.000000
91	tsk_91	(x)	1	:	0.000000	0.000000	0.000000	0.665522	0.000000	0.000000	0.000000	0.000000	0.334478	0.000000	0.000000
92	tsk_92	(x)	1	:	0.000000	0.000029	0.000000	0.000000	0.517735	0.000000	0.000000	0.000000	0.000000	0.482235	0.000000
93	tsk_93	(x)	1	:	0.000000	0.000034	0.000000	0.000000	0.000000	0.000000	0.000000	0.000000	0.000000	0.999966	0.000000
94	tsk_94	(x)	1	:	0.000000	0.000000	0.000000	0.000000	0.489863	0.510136	0.000000	0.000000	0.000000	0.000000	0.000000
95	tsk_95	(x)	1	:	0.000000	0.000000	0.000000	0.000000	0.489863	0.510136	0.000000	0.000000	0.000000	0.000000	0.000000
96	tsk_96	(x)	1	:	0.000000	0.000000	0.000000	0.484727	0.514874	0.000000	0.000399	0.000000	0.000000	0.000000	0.000000
97	tsk_97	(x)	1	:	0.000000	0.000000	0.407198	0.000000	0.592802	0.000000	0.000000	0.000000	0.000000	0.000000	0.000000
98	tsk_98	(x)	1	:	0.000000	0.000000	0.000000	0.000000	0.537306	0.000000	0.000000	0.000000	0.000000	0.000000	0.462694
99	tsk_99	(x)	1	:	0.476292	0.000000	0.024173	0.000001	0.000000	0.000000	0.499534	0.000000	0.000000	0.000000	0.000000
100	tsk_100	(x)	1	:	0.000000	1.000000	0.000000	0.000000	0.000000	0.000000	0.000000	0.000000	0.000000	0.000000	0.000000
101	tsk_101	(x)	1	:	0.000000	0.000000	0.509892	0.489784	0.000000	0.000000	0.000324	0.000000	0.000000	0.000000	0.000000
102	tsk_102	(x)	1	:	0.000000	1.000000	0.000000	0.000000	0.000000	0.000000	0.000000	0.000000	0.000000	0.000000	0.000000
103	tsk_103	(x)	1	:	0.000000	0.000000	1.000000	0.000000	0.000000	0.000000	0.000000	0.000000	0.000000	0.000000	0.000000
104	tsk_104	(x)	1	:	0.000000	0.000075	0.000000	0.513272	0.000000	0.000000	0.000000	0.000000	0.000000	0.486653	0.000000
105	tsk_105	(x)	1	:	0.000000	0.489684	0.510215	0.000000	0.000000	0.000000	0.000000	0.000000	0.000000	0.000102	0.000000
106	tsk_106	(x)	1	:	0.000000	0.499174	0.000000	0.500753	0.000000	0.000000	0.000000	0.000000	0.000001	0.000072	0.000000
107	tsk_107	(x)	1	:	0.000000	0.000076	0.000000	0.513273	0.000000	0.000000	0.000000	0.000000	0.000000	0.486651	0.000000
108	tsk_108	(x)	1	:	0.000000	0.498613	0.000000	0.000000	0.501271	0.000000	0.000000	0.000000	0.000000	0.000116	0.000000
109	tsk_109	(x)	1	:	0.000000	0.634232	0.000000	0.357063	0.000000	0.000000	0.000000	0.000000	0.000000	0.008705	0.000000
110	tsk_110	(x)	1	:	0.000000	0.000000	0.000000	0.000000	0.000000	1.000000	0.000000	0.000000	0.000000	0.000000	0.000000
111	tsk_111	(x)	1	:	0.000000	0.000013	0.000000	0.000000	0.000000	0.488132	0.000001	0.000000	0.000000	0.511854	0.000000
112	tsk_112	(x)	1	:	0.000000	0.000123	0.000000	0.000000	0.000000	0.000000	0.000000	0.000000	0.000000	0.999877	0.000000
113	tsk_113	(x)	1	:	0.000000	0.000051	0.000000	0.513267	0.000000	0.000000	0.000000	0.000000	0.000000	0.486682	0.000000
114	tsk_114	(x)	1	:	0.000000	0.000024	0.000000	0.000000	0.000000	0.519685	0.000000	0.000000	0.000000	0.480291	0.000000
115	tsk_115	(x)	1	:	0.000000	0.000004	0.000000	0.000000	0.000000	0.488132	0.000000	0.000000	0.000000	0.511864	0.000000
116	tsk_116	(x)	1	:	0.000000	0.000000	0.541491	0.000000	0.000000	0.458509	0.000000	0.000000	0.000000	0.000000	0.000000
117	tsk_117	(x)	1	:	0.000000	0.000000	0.000000	0.000000	0.000000	1.000000	0.000000	0.000000	0.000000	0.000000	0.000000
118	tsk_118	(x)	1	:	0.000000	0.000000	0.599723	0.000000	0.000000	0.400277	0.000000	0.000000	0.000000	0.000000	0.000000
119	tsk_119	(x)	1	:	0.000000	0.000000	0.511134	0.000000	0.000000	0.000000	0.488865	0.000000	0.000000	0.000000	0.000000
120	tsk_120	(x)	1	:	0.000000	0.000000	0.000000	0.379764	0.000000	0.000000	0.000000	0.000000	0.000000	0.620236	0.000000
121	tsk_121	(x)	1	:	0.000000	0.000000	1.000000	0.000000	0.000000	0.000000	0.000000	0.000000	0.000000	0.000000	0.000000
122	tsk_122	(x)	1	:	0.000000	0.000000	0.000000	0.000000	1.000000	0.000000	0.000000	0.000000	0.000000	0.000000	0.000000
123	tsk_123	(x)	1	:	0.000000	0.000000	0.483582	0.000000	0.000000	0.000000	0.000000	0.000000	0.000000	0.516418	0.000000
124	tsk_124	(x)	1	:	0.000000	0.000000	0.483582	0.000000	0.000000	0.000000	0.000000	0.000000	0.000000	0.516418	0.000000
125	tsk_125	(x)	1	:	0.000000	0.000000	0.483582	0.000000	0.000000	0.000000	0.000000	0.000000	0.000000	0.516418	0.000000
126	tsk_126	(x)	1	:	0.000000	0.000000	0.495787	0.000002	0.000000	0.000000	0.504210	0.000000	0.000000	0.000000	0.000000
127	tsk_127	(x)	1	:	0.000000	0.000000	0.000000	0.291000	0.000000	0.000000	0.000000	0.000000	0.000000	0.709000	0.000000
128	tsk_128	(x)	1	:	0.000001	0.000000	0.495787	0.000000	0.000000	0.000000	0.504212	0.000000	0.000000	0.000000	0.000000
129	tsk_129	(x)	1	:	0.000000	0.000000	0.000000	0.290989	0.000000	0.000000	0.000000	0.000000	0.000000	0.709011	0.000000
130	tsk_130	(x)	1	:	0.000000	0.000000	0.000000	0.460684	0.000000	0.539316	0.000000	0.000000	0.000000	0.000000	0.000000
131	tsk_131	(x)	1	:	0.000000	0.000011	0.000000	0.000000	0.000000	0.488132	0.000001	0.000000	0.000000	0.511857	0.000000
132	tsk_132	(x)	1	:	0.000000	0.000000	0.000000	1.000000	0.000000	0.000000	0.000000	0.000000	0.000000	0.000000	0.000000
133	tsk_133	(x)	1	:	0.000000	0.000000	0.000000	0.000000	0.000000	0.419462	0.000000	0.000000	0.000000	0.000000	0.580538
134	tsk_134	(x)	1	:	0.000000	0.000000	0.000000	0.493839	0.000000	0.000000	0.000377	0.000000	0.000000	0.000000	0.505784
135	tsk_135	(x)	1	:	0.000000	0.000000	0.495300	0.504026	0.000000	0.000000	0.000673	0.000000	0.000000	0.000000	0.000000
136	tsk_136	(x)	1	:	0.000000	0.000000	0.000000	0.511685	0.000000	0.486658	0.001656	0.000000	0.000000	0.000000	0.000000
137	tsk_137	(x)	1	:	0.000000	0.000000	0.495304	0.504092	0.000000	0.000000	0.000604	0.000000	0.000000	0.000000	0.000000
138	tsk_138	(x)	1	:	0.000000	0.000000	0.000000	0.000000	0.000000	0.498552	0.000000	0.000000	0.000000	0.000000	0.501448
139	tsk_139	(x)	1	:	0.000001	0.000000	0.495787	0.000000	0.000000	0.000000	0.504212	0.000000	0.000000	0.000000	0.000000
140	tsk_140	(x)	1	:	0.000000	0.000000	0.495300	0.504014	0.000000	0.000000	0.000686	0.000000	0.000000	0.000000	0.000000
141	tsk_141	(x)	1	:	0.000000	0.000009	0.497183	0.000000	0.000000	0.000000	0.000000	0.000000	0.000000	0.502807	0.000000
142	tsk_142	(x)	1	:	0.000000	0.000000	0.000000	0.493882	0.000000	0.000000	0.000332	0.000000	0.000000	0.000000	0.505786
143	tsk_143	(x)	1	:	0.000000	0.000000	0.000130	0.000000	0.504363	0.000000	0.000000	0.495506	0.000000	0.000000	0.000000
144	tsk_144	(x)	1	:	0.000000	0.000000	0.509893	0.489811	0.000000	0.000000	0.000296	0.000000	0.000000	0.000000	0.000000
145	tsk_145	(x)	1	:	0.000000	0.000000	0.000119	0.499582	0.000000	0.000000	0.000370	0.499929	0.000000	0.000000	0.000000
146	tsk_146	(x)	1	:	0.000000	0.000000	1.000000	0.000000	0.000000	0.000000	0.000000	0.000000	0.000000	0.000000	0.000000
147	tsk_147	(x)	1	:	0.000000	0.000020	0.512454	0.000000	0.000000	0.000000	0.000000	0.000000	0.000000	0.487526	0.000000
148	tsk_148	(x)	1	:	0.000000	0.000000	0.000000	1.000000	0.000000	0.000000	0.000000	0.000000	0.000000	0.000000	0.000000
149	tsk_149	(x)	1	:	0.000000	0.000056	0.000000	0.513268	0.000000	0.000000	0.000000	0.000000	0.000000	0.486676	0.000000
