logL = -1242.622223 (converged)
AIC = 4085.244446
BIC = 6493.752681

count.K
15 43 11 29 52 

