logL = -1783.906486 (converged)
AIC = 7777.812973
BIC = 14115.200267

count.K
12 0 16 3 14 18 17 39 11 11 9 

