logL = -2148.025108 (converged)
AIC = 9906.050217
BIC = 18350.882217

count.K
2 2 34 16 6 10 3 13 14 11 8 12 1 18 0 

