logL = -1637.965493 (converged)
AIC = 8463.930987
BIC = 16273.518939

count.K
11 2 7 15 24 2 10 8 10 14 26 15 6 0 

