logL = -1455.264241 (converged)
AIC = 4146.528481
BIC = 6007.101093

count.K
27 89 14 20 

