logL = -1177.204208 (converged)
AIC = 5814.408415
BIC = 11022.807474

count.K
15 12 22 14 2 6 23 5 10 41 

