logL = -936.460288 (converged)
AIC = 6720.920576
BIC = 14018.700529

count.K
7 7 8 1 4 41 2 1 16 5 9 27 22 

