0	tsk_0	(x)	1	:	0.000085	0.000000	0.100556	0.000000	0.000000	0.000000	0.000000	0.499689	0.000000	0.000000	0.316490	0.000000	0.083181	0.000000
1	tsk_1	(x)	1	:	0.075668	0.000000	0.097306	0.000000	0.000000	0.000000	0.000000	0.500000	0.000000	0.000000	0.000000	0.000000	0.327026	0.000000
2	tsk_2	(x)	1	:	0.027497	0.018872	0.002910	0.000000	0.000000	0.000000	0.497326	0.000000	0.000000	0.000000	0.443046	0.000000	0.010348	0.000000
3	tsk_3	(x)	1	:	0.000000	0.000000	0.000000	0.000000	0.000000	0.000000	0.000000	0.437061	0.000000	0.000000	0.562939	0.000000	0.000000	0.000000
4	tsk_4	(x)	1	:	0.000000	0.000000	0.000000	0.499995	0.000000	0.000000	0.000000	0.500001	0.000000	0.000000	0.000000	0.000004	0.000000	0.000000
5	tsk_5	(x)	1	:	0.147337	0.056605	0.077455	0.000000	0.000000	0.000000	0.000000	0.000000	0.000000	0.000000	0.442128	0.000000	0.276475	0.000000
6	tsk_6	(x)	1	:	0.087783	0.017056	0.252334	0.000000	0.000000	0.000000	0.000000	0.500000	0.000000	0.000000	0.000000	0.000000	0.142826	0.000000
7	tsk_7	(x)	1	:	0.003945	0.001183	0.020902	0.000000	0.000000	0.000000	0.000000	0.501576	0.000000	0.000000	0.445247	0.000000	0.027147	0.000000
8	tsk_8	(x)	1	:	0.125943	0.021352	0.296422	0.000000	0.000000	0.000000	0.000000	0.000000	0.000000	0.000000	0.000000	0.000000	0.556283	0.000000
9	tsk_9	(x)	1	:	0.000000	0.000000	0.000000	0.000000	0.000000	0.000000	0.000000	0.000000	0.000000	0.000000	1.000000	0.000000	0.000000	0.000000
10	tsk_10	(x)	1	:	0.014503	0.009137	0.171040	0.000000	0.000000	0.497302	0.000000	0.005448	0.000000	0.000000	0.000000	0.000000	0.302571	0.000000
11	tsk_11	(x)	1	:	0.017277	0.000000	0.122348	0.000000	0.000000	0.497262	0.000000	0.005527	0.000000	0.000000	0.000000	0.000000	0.357585	0.000000
12	tsk_12	(x)	1	:	0.111382	0.130814	0.045107	0.000000	0.000000	0.000000	0.496942	0.000000	0.000000	0.000000	0.000000	0.000000	0.215755	0.000000
13	tsk_13	(x)	1	:	0.000000	0.000000	0.000000	0.000000	0.000000	0.497596	0.496508	0.005896	0.000000	0.000000	0.000000	0.000000	0.000000	0.000000
14	tsk_14	(x)	1	:	0.281525	0.049464	0.345795	0.000000	0.000000	0.000000	0.000000	0.000000	0.000000	0.000000	0.000000	0.000000	0.323216	0.000000
15	tsk_15	(x)	1	:	0.000000	0.000000	0.000000	0.000000	0.000000	0.000000	1.000000	0.000000	0.000000	0.000000	0.000000	0.000000	0.000000	0.000000
16	tsk_16	(x)	1	:	0.000000	0.000000	0.000000	0.000000	0.000000	0.500000	0.000000	0.500000	0.000000	0.000000	0.000000	0.000000	0.000000	0.000000
17	tsk_17	(x)	1	:	0.000000	0.000000	0.000000	0.000000	0.000000	1.000000	0.000000	0.000000	0.000000	0.000000	0.000000	0.000000	0.000000	0.000000
18	tsk_18	(x)	1	:	0.000000	0.000000	0.000000	0.500000	0.000000	0.000000	0.000000	0.500000	0.000000	0.000000	0.000000	0.000000	0.000000	0.000000
19	tsk_19	(x)	1	:	0.122422	0.010525	0.235718	0.000000	0.000000	0.000000	0.000000	0.500000	0.000000	0.000000	0.000000	0.000000	0.131335	0.000000
20	tsk_20	(x)	1	:	0.130583	0.060667	0.098547	0.000000	0.000000	0.000000	0.000000	0.053102	0.000000	0.000000	0.000000	0.446950	0.210150	0.000000
21	tsk_21	(x)	1	:	0.044058	0.046501	0.109200	0.000000	0.000000	0.000000	0.000000	0.499997	0.000000	0.000000	0.000000	0.000000	0.122846	0.177398
22	tsk_22	(x)	1	:	0.000000	0.000000	0.000000	0.000000	0.000000	0.000000	0.000000	0.473846	0.000000	0.000000	0.000000	0.000000	0.000000	0.526154
23	tsk_23	(x)	1	:	0.068072	0.032061	0.000000	0.495249	0.000000	0.000000	0.000000	0.008034	0.000000	0.000000	0.000000	0.000694	0.395890	0.000000
24	tsk_24	(x)	1	:	0.195921	0.030119	0.084440	0.497389	0.000000	0.000000	0.000000	0.005134	0.000000	0.000000	0.000000	0.000040	0.186958	0.000000
25	tsk_25	(x)	1	:	0.011873	0.478707	0.090954	0.000000	0.000000	0.000000	0.000000	0.000000	0.000000	0.000000	0.000000	0.000000	0.028705	0.389761
26	tsk_26	(x)	1	:	0.000701	0.159867	0.005408	0.000000	0.000000	0.000000	0.000000	0.000000	0.000000	0.000000	0.442212	0.000000	0.002001	0.389811
27	tsk_27	(x)	1	:	0.144581	0.027546	0.154518	0.497209	0.000000	0.000000	0.000000	0.005449	0.000000	0.000000	0.000000	0.000061	0.170637	0.000000
28	tsk_28	(x)	1	:	0.105162	0.005499	0.123023	0.496159	0.000000	0.000000	0.000000	0.007037	0.000000	0.000000	0.000000	0.000304	0.262817	0.000000
29	tsk_29	(x)	1	:	0.000000	0.592375	0.000000	0.000000	0.000000	0.000000	0.000000	0.000000	0.000000	0.000000	0.000000	0.000000	0.017864	0.389761
30	tsk_30	(x)	1	:	0.000000	0.000000	0.000000	0.000000	0.000000	0.000000	0.497703	0.021460	0.480836	0.000000	0.000000	0.000000	0.000000	0.000000
31	tsk_31	(x)	1	:	0.171184	0.238287	0.019915	0.000000	0.000000	0.000000	0.496942	0.000000	0.000000	0.000000	0.000000	0.000000	0.073672	0.000000
32	tsk_32	(x)	1	:	0.145439	0.028233	0.198884	0.000000	0.000000	0.000000	0.000000	0.000000	0.000000	0.000000	0.000000	0.000000	0.627444	0.000000
33	tsk_33	(x)	1	:	0.256412	0.052639	0.075040	0.000000	0.000000	0.000000	0.496942	0.000000	0.000000	0.000000	0.000000	0.000000	0.118967	0.000000
34	tsk_34	(x)	1	:	0.111359	0.266094	0.037021	0.000000	0.000000	0.000000	0.496942	0.000000	0.000000	0.000000	0.000000	0.000000	0.088585	0.000000
35	tsk_35	(x)	1	:	0.029417	0.013525	0.002916	0.000000	0.000000	0.000000	0.497415	0.000000	0.000000	0.000000	0.443310	0.000000	0.013417	0.000000
36	tsk_36	(x)	1	:	0.018372	0.022728	0.064361	0.000000	0.000000	0.000000	0.000000	0.499997	0.000000	0.000000	0.000000	0.000000	0.217144	0.177398
37	tsk_37	(x)	1	:	0.000000	0.000000	0.000000	0.000000	0.000000	0.000000	1.000000	0.000000	0.000000	0.000000	0.000000	0.000000	0.000000	0.000000
38	tsk_38	(x)	1	:	0.000000	0.000000	0.000000	0.000000	0.000000	0.000000	0.497715	0.021401	0.480884	0.000000	0.000000	0.000000	0.000000	0.000000
39	tsk_39	(x)	1	:	0.137493	0.199103	0.034435	0.000000	0.000000	0.000000	0.496942	0.000000	0.000000	0.000000	0.000000	0.000000	0.132027	0.000000
40	tsk_40	(x)	1	:	0.055044	0.011947	0.142737	0.000000	0.000000	0.000000	0.000000	0.000000	0.000000	0.000000	0.000000	0.543228	0.247044	0.000000
41	tsk_41	(x)	1	:	0.307863	0.032136	0.228536	0.000000	0.000000	0.000000	0.000000	0.000000	0.000000	0.000000	0.000000	0.000000	0.431464	0.000000
42	tsk_42	(x)	1	:	0.095382	0.012013	0.096806	0.496815	0.000000	0.000000	0.000000	0.006107	0.000000	0.000000	0.000000	0.000122	0.292755	0.000000
43	tsk_43	(x)	1	:	0.145608	0.028079	0.328141	0.000000	0.000000	0.000000	0.000000	0.000000	0.000000	0.000000	0.000000	0.000000	0.498172	0.000000
44	tsk_44	(x)	1	:	0.052189	0.054471	0.187893	0.000000	0.000000	0.000000	0.000000	0.000000	0.000000	0.000000	0.000000	0.000000	0.705447	0.000000
45	tsk_45	(x)	1	:	0.112595	0.013575	0.498687	0.000000	0.000000	0.000000	0.000000	0.000000	0.000000	0.000000	0.000000	0.000000	0.375143	0.000000
46	tsk_46	(x)	1	:	0.293765	0.024003	0.352468	0.000000	0.000000	0.000000	0.000000	0.000000	0.000000	0.000000	0.000000	0.000000	0.329764	0.000000
47	tsk_47	(x)	1	:	0.279866	0.042873	0.301068	0.000000	0.000000	0.000000	0.000000	0.000000	0.000000	0.000000	0.000000	0.000000	0.376193	0.000000
48	tsk_48	(x)	1	:	0.094538	0.036253	0.369209	0.000000	0.000000	0.000000	0.000000	0.500000	0.000000	0.000000	0.000000	0.000000	0.000000	0.000000
49	tsk_49	(x)	1	:	0.190684	0.032480	0.344701	0.000000	0.000000	0.000000	0.000000	0.000000	0.000000	0.000000	0.000000	0.000000	0.432134	0.000000
50	tsk_50	(x)	1	:	0.000000	0.000000	0.000000	0.498958	0.000000	0.000000	0.497196	0.003830	0.000000	0.000000	0.000000	0.000016	0.000000	0.000000
51	tsk_51	(x)	1	:	0.287676	0.072775	0.088243	0.000000	0.000000	0.000000	0.496942	0.000000	0.000000	0.000000	0.000000	0.000000	0.054363	0.000000
52	tsk_52	(x)	1	:	0.000000	0.000000	0.000000	0.000000	0.000000	0.000000	0.497717	0.021391	0.480892	0.000000	0.000000	0.000000	0.000000	0.000000
53	tsk_53	(x)	1	:	0.086878	0.053763	0.166765	0.499992	0.000000	0.000000	0.000000	0.000000	0.000000	0.000000	0.000000	0.000000	0.192604	0.000000
54	tsk_54	(x)	1	:	0.171978	0.128718	0.142063	0.000000	0.000000	0.000000	0.496942	0.000000	0.000000	0.000000	0.000000	0.000000	0.060298	0.000000
55	tsk_55	(x)	1	:	0.000000	0.000000	0.000000	0.000000	0.000000	0.000000	0.497708	0.021438	0.480855	0.000000	0.000000	0.000000	0.000000	0.000000
56	tsk_56	(x)	1	:	0.000000	0.000000	0.000000	0.000000	0.000000	0.000000	1.000000	0.000000	0.000000	0.000000	0.000000	0.000000	0.000000	0.000000
57	tsk_57	(x)	1	:	0.000000	0.000000	0.000000	0.000000	0.000000	0.000000	1.000000	0.000000	0.000000	0.000000	0.000000	0.000000	0.000000	0.000000
58	tsk_58	(x)	1	:	0.220976	0.235788	0.020803	0.000000	0.000000	0.000000	0.496942	0.000000	0.000000	0.000000	0.000000	0.000000	0.025490	0.000000
59	tsk_59	(x)	1	:	0.150719	0.208883	0.056744	0.000000	0.000000	0.000000	0.496942	0.000000	0.000000	0.000000	0.000000	0.000000	0.086713	0.000000
60	tsk_60	(x)	1	:	0.084932	0.006957	0.249725	0.000000	0.000000	0.000000	0.000000	0.000000	0.000000	0.000000	0.000000	0.000000	0.658385	0.000000
61	tsk_61	(x)	1	:	0.083755	0.016099	0.062192	0.497069	0.000000	0.000000	0.000000	0.005687	0.000000	0.000000	0.000000	0.000080	0.335117	0.000000
62	tsk_62	(x)	1	:	0.050974	0.013040	0.162473	0.000000	0.000000	0.000000	0.000000	0.500000	0.000000	0.000000	0.000000	0.000000	0.273513	0.000000
63	tsk_63	(x)	1	:	0.053722	0.005699	0.185835	0.000000	0.000000	0.373977	0.000000	0.000000	0.001850	0.000000	0.000000	0.000000	0.378917	0.000000
64	tsk_64	(x)	1	:	0.168171	0.065618	0.766212	0.000000	0.000000	0.000000	0.000000	0.000000	0.000000	0.000000	0.000000	0.000000	0.000000	0.000000
65	tsk_65	(x)	1	:	0.039124	0.039760	0.223211	0.497273	0.000000	0.000000	0.000000	0.005316	0.000000	0.000000	0.000000	0.000063	0.195254	0.000000
66	tsk_66	(x)	1	:	0.099228	0.016763	0.205276	0.000000	0.000000	0.000000	0.000000	0.000000	0.327765	0.000000	0.000000	0.000000	0.350969	0.000000
67	tsk_67	(x)	1	:	0.117341	0.000000	0.116000	0.000000	0.000000	0.000000	0.000000	0.053102	0.000000	0.000000	0.000000	0.446950	0.266606	0.000000
68	tsk_68	(x)	1	:	0.000000	0.000000	0.000000	0.499964	0.000000	0.000000	0.000000	0.500006	0.000000	0.000000	0.000000	0.000030	0.000000	0.000000
69	tsk_69	(x)	1	:	0.088124	0.032569	0.095944	0.497220	0.000000	0.000000	0.000000	0.005430	0.000000	0.000000	0.000000	0.000060	0.280655	0.000000
70	tsk_70	(x)	1	:	0.000000	0.000000	0.000000	0.499963	0.000000	0.000000	0.000000	0.500006	0.000000	0.000000	0.000000	0.000032	0.000000	0.000000
71	tsk_71	(x)	1	:	0.000000	0.000000	0.000000	0.460905	0.539095	0.000000	0.000000	0.000000	0.000000	0.000000	0.000000	0.000000	0.000000	0.000000
72	tsk_72	(x)	1	:	0.082567	0.038570	0.210421	0.000000	0.437226	0.000000	0.000000	0.000000	0.000000	0.000000	0.000000	0.000000	0.231214	0.000000
73	tsk_73	(x)	1	:	0.000000	0.019995	0.214350	0.000000	0.437226	0.000000	0.000000	0.000000	0.000000	0.000000	0.000000	0.000000	0.328428	0.000000
74	tsk_74	(x)	1	:	0.000000	0.000000	0.000000	0.000000	1.000000	0.000000	0.000000	0.000000	0.000000	0.000000	0.000000	0.000000	0.000000	0.000000
75	tsk_75	(x)	1	:	0.013919	0.000000	0.048830	0.000000	0.437240	0.000000	0.000000	0.500011	0.000000	0.000000	0.000000	0.000000	0.000000	0.000000
76	tsk_76	(x)	1	:	0.000000	0.053631	0.194373	0.000000	0.437226	0.000000	0.000000	0.000000	0.000000	0.000000	0.000000	0.000000	0.314769	0.000000
77	tsk_77	(x)	1	:	0.102070	0.038822	0.141540	0.000000	0.437226	0.000000	0.000000	0.000000	0.000000	0.000000	0.000000	0.000000	0.280342	0.000000
78	tsk_78	(x)	1	:	0.002112	0.007161	0.030878	0.000000	0.437194	0.000000	0.000000	0.499988	0.000000	0.000000	0.000000	0.000000	0.022667	0.000000
79	tsk_79	(x)	1	:	0.042073	0.035614	0.255238	0.000000	0.437226	0.000000	0.000000	0.000000	0.000000	0.000000	0.000000	0.000000	0.229848	0.000000
80	tsk_80	(x)	1	:	0.000000	0.000000	0.000000	0.000000	0.000000	0.000000	0.000000	0.519139	0.480860	0.000000	0.000000	0.000000	0.000000	0.000000
81	tsk_81	(x)	1	:	0.000000	0.000000	0.000000	0.000000	0.000000	0.000000	0.000000	0.020412	0.479898	0.499690	0.000000	0.000000	0.000000	0.000000
82	tsk_82	(x)	1	:	0.000000	0.000000	0.000000	0.000000	0.000000	0.000000	0.498165	0.000000	0.000000	0.501835	0.000000	0.000000	0.000000	0.000000
83	tsk_83	(x)	1	:	0.027481	0.016770	0.185404	0.497548	0.000000	0.000000	0.000000	0.004832	0.000000	0.000000	0.000000	0.000032	0.267932	0.000000
84	tsk_84	(x)	1	:	0.000000	0.000000	0.000000	0.000000	0.000000	0.000000	0.000000	1.000000	0.000000	0.000000	0.000000	0.000000	0.000000	0.000000
85	tsk_85	(x)	1	:	0.000000	0.000000	0.000000	0.000000	0.000000	0.000000	0.497706	0.502294	0.000000	0.000000	0.000000	0.000000	0.000000	0.000000
86	tsk_86	(x)	1	:	0.051645	0.025131	0.138773	0.000000	0.000000	0.000000	0.000000	0.019501	0.480614	0.000000	0.000000	0.000000	0.284337	0.000000
87	tsk_87	(x)	1	:	0.000000	0.000000	0.000000	0.000000	0.000000	0.000000	0.000000	0.000000	1.000000	0.000000	0.000000	0.000000	0.000000	0.000000
88	tsk_88	(x)	1	:	0.000000	0.000000	0.000000	0.000000	0.000000	0.000000	0.000000	0.000000	0.000000	0.000000	0.000000	1.000000	0.000000	0.000000
89	tsk_89	(x)	1	:	0.000000	0.000000	0.000000	0.000000	0.000000	0.000000	0.497706	0.502294	0.000000	0.000000	0.000000	0.000000	0.000000	0.000000
90	tsk_90	(x)	1	:	0.000000	0.000000	0.000000	0.499235	0.000000	0.000000	0.497326	0.003437	0.000000	0.000000	0.000000	0.000002	0.000000	0.000000
91	tsk_91	(x)	1	:	0.238840	0.000000	0.059237	0.000000	0.000000	0.000000	0.496942	0.000000	0.000000	0.000000	0.000000	0.000000	0.204980	0.000000
92	tsk_92	(x)	1	:	0.000000	0.000000	0.000000	0.000000	0.000000	0.000000	0.000000	1.000000	0.000000	0.000000	0.000000	0.000000	0.000000	0.000000
93	tsk_93	(x)	1	:	0.000000	0.000000	0.000000	0.000000	0.000000	0.497623	0.496521	0.005855	0.000000	0.000000	0.000000	0.000000	0.000000	0.000000
94	tsk_94	(x)	1	:	0.000000	0.000000	0.000000	0.000000	0.000000	0.000000	0.000000	0.000000	0.000000	0.000000	0.000000	1.000000	0.000000	0.000000
95	tsk_95	(x)	1	:	0.045506	0.006246	0.201347	0.000000	0.000000	0.000000	0.000000	0.019535	0.480591	0.000000	0.000000	0.000000	0.246775	0.000000
96	tsk_96	(x)	1	:	0.000000	0.000000	0.000000	0.000000	0.000000	0.000000	0.000000	1.000000	0.000000	0.000000	0.000000	0.000000	0.000000	0.000000
97	tsk_97	(x)	1	:	0.000000	0.000000	0.000000	0.000000	0.000000	0.000000	0.000000	0.339144	0.660856	0.000000	0.000000	0.000000	0.000000	0.000000
98	tsk_98	(x)	1	:	0.000000	0.000000	0.000000	0.000000	0.000000	0.000000	0.497706	0.502294	0.000000	0.000000	0.000000	0.000000	0.000000	0.000000
99	tsk_99	(x)	1	:	0.000000	0.000000	0.000000	0.000000	0.000000	0.000000	0.497706	0.502294	0.000000	0.000000	0.000000	0.000000	0.000000	0.000000
100	tsk_100	(x)	1	:	0.160197	0.020319	0.143656	0.000000	0.000000	0.000000	0.000000	0.000000	0.000000	0.000000	0.000000	0.000000	0.675827	0.000000
101	tsk_101	(x)	1	:	0.139494	0.062613	0.191382	0.000000	0.000000	0.000000	0.000000	0.000000	0.000000	0.000000	0.000000	0.000000	0.606510	0.000000
102	tsk_102	(x)	1	:	0.453947	0.070493	0.165764	0.000000	0.000000	0.000000	0.000000	0.000000	0.000000	0.000000	0.000000	0.000000	0.309795	0.000000
103	tsk_103	(x)	1	:	0.000000	0.000000	0.000000	0.497562	0.000000	0.000000	0.496538	0.005818	0.000000	0.000000	0.000000	0.000082	0.000000	0.000000
104	tsk_104	(x)	1	:	0.111910	0.086294	0.410977	0.000000	0.000000	0.000000	0.000000	0.000000	0.000000	0.000000	0.000000	0.000000	0.390820	0.000000
105	tsk_105	(x)	1	:	0.097263	0.011879	0.085873	0.000000	0.000000	0.000000	0.000000	0.000000	0.000000	0.000000	0.000000	0.000000	0.804985	0.000000
106	tsk_106	(x)	1	:	0.039550	0.020471	0.281129	0.000000	0.000000	0.000000	0.000000	0.000000	0.000000	0.000000	0.000000	0.000000	0.658850	0.000000
107	tsk_107	(x)	1	:	0.011137	0.003600	0.009451	0.494245	0.000000	0.000000	0.000000	0.012712	0.000000	0.000000	0.447794	0.001006	0.020054	0.000000
108	tsk_108	(x)	1	:	0.301204	0.133725	0.037604	0.000000	0.000000	0.000000	0.496942	0.000000	0.000000	0.000000	0.000000	0.000000	0.030525	0.000000
109	tsk_109	(x)	1	:	0.168897	0.029105	0.412134	0.000000	0.000000	0.000000	0.000000	0.000000	0.000000	0.000000	0.000000	0.000000	0.389864	0.000000
110	tsk_110	(x)	1	:	0.000000	0.000000	0.000000	0.498767	0.000000	0.000000	0.497108	0.004095	0.000000	0.000000	0.000000	0.000030	0.000000	0.000000
111	tsk_111	(x)	1	:	0.148209	0.028306	0.328696	0.000000	0.000000	0.000000	0.000000	0.000000	0.000000	0.000000	0.000000	0.000000	0.494789	0.000000
112	tsk_112	(x)	1	:	0.075071	0.243489	0.096494	0.000000	0.000000	0.000000	0.496942	0.000000	0.000000	0.000000	0.000000	0.000000	0.088004	0.000000
113	tsk_113	(x)	1	:	0.081751	0.290341	0.082650	0.000000	0.000000	0.000000	0.496942	0.000000	0.000000	0.000000	0.000000	0.000000	0.048315	0.000000
114	tsk_114	(x)	1	:	0.200256	0.021427	0.000000	0.497288	0.000000	0.000000	0.000000	0.005298	0.000000	0.000000	0.000000	0.000057	0.275674	0.000000
115	tsk_115	(x)	1	:	0.137539	0.022591	0.123244	0.495887	0.000000	0.000000	0.000000	0.007379	0.000000	0.000000	0.000000	0.000399	0.212960	0.000000
116	tsk_116	(x)	1	:	0.000000	0.000000	0.000000	0.498254	0.000000	0.000000	0.496854	0.004861	0.000000	0.000000	0.000000	0.000032	0.000000	0.000000
117	tsk_117	(x)	1	:	0.172822	0.054770	0.156716	0.495859	0.000000	0.000000	0.000000	0.007391	0.000000	0.000000	0.000000	0.000420	0.112021	0.000000
118	tsk_118	(x)	1	:	0.229192	0.088056	0.081935	0.000000	0.000000	0.000000	0.496942	0.000000	0.000000	0.000000	0.000000	0.000000	0.103875	0.000000
119	tsk_119	(x)	1	:	0.000000	0.000000	0.000000	0.497432	0.000000	0.000000	0.496479	0.005996	0.000000	0.000000	0.000000	0.000093	0.000000	0.000000
120	tsk_120	(x)	1	:	0.182601	0.154507	0.041662	0.000000	0.000000	0.000000	0.496942	0.000000	0.000000	0.000000	0.000000	0.000000	0.124287	0.000000
121	tsk_121	(x)	1	:	0.000000	0.000000	0.000000	0.000000	0.000000	0.000000	1.000000	0.000000	0.000000	0.000000	0.000000	0.000000	0.000000	0.000000
122	tsk_122	(x)	1	:	0.000000	0.000000	0.000000	0.000000	0.000000	0.000000	0.497706	0.502294	0.000000	0.000000	0.000000	0.000000	0.000000	0.000000
123	tsk_123	(x)	1	:	0.075429	0.006172	0.135673	0.000000	0.000000	0.000000	0.000000	0.019442	0.480653	0.000000	0.000000	0.000000	0.282630	0.000000
124	tsk_124	(x)	1	:	0.000000	0.000000	0.000000	0.000000	0.000000	0.000000	0.000000	1.000000	0.000000	0.000000	0.000000	0.000000	0.000000	0.000000
125	tsk_125	(x)	1	:	0.000000	0.000000	0.000000	0.000000	0.000000	0.000000	0.000000	1.000000	0.000000	0.000000	0.000000	0.000000	0.000000	0.000000
126	tsk_126	(x)	1	:	0.000000	0.000000	0.000000	0.506400	0.000000	0.000000	0.000000	0.000000	0.493600	0.000000	0.000000	0.000000	0.000000	0.000000
127	tsk_127	(x)	1	:	0.124200	0.172922	0.125541	0.000000	0.000000	0.000000	0.496942	0.000000	0.000000	0.000000	0.000000	0.000000	0.080394	0.000000
128	tsk_128	(x)	1	:	0.000000	0.000000	0.000000	0.000000	0.000000	0.000000	0.554546	0.445454	0.000000	0.000000	0.000000	0.000000	0.000000	0.000000
129	tsk_129	(x)	1	:	0.000000	0.000000	0.000000	0.000000	0.000000	0.000000	0.497706	0.502294	0.000000	0.000000	0.000000	0.000000	0.000000	0.000000
130	tsk_130	(x)	1	:	0.240521	0.000000	0.759479	0.000000	0.000000	0.000000	0.000000	0.000000	0.000000	0.000000	0.000000	0.000000	0.000000	0.000000
131	tsk_131	(x)	1	:	0.307785	0.038853	0.472441	0.000000	0.000000	0.000000	0.000000	0.000000	0.000000	0.000000	0.000000	0.000000	0.180921	0.000000
132	tsk_132	(x)	1	:	0.051002	0.052779	0.186729	0.000000	0.000000	0.000000	0.000000	0.000000	0.000000	0.000000	0.000000	0.000000	0.709490	0.000000
133	tsk_133	(x)	1	:	0.000000	0.000000	0.000000	0.000000	0.000000	1.000000	0.000000	0.000000	0.000000	0.000000	0.000000	0.000000	0.000000	0.000000
134	tsk_134	(x)	1	:	0.000000	0.011415	0.000000	0.000000	0.000000	0.000000	0.000000	0.000000	0.000000	0.000000	0.000000	0.000000	0.988585	0.000000
135	tsk_135	(x)	1	:	0.071713	0.045158	0.084619	0.000000	0.000000	0.497269	0.000000	0.005514	0.000000	0.000000	0.000000	0.000000	0.295726	0.000000
136	tsk_136	(x)	1	:	0.284762	0.028822	0.102693	0.000000	0.000000	0.000000	0.000000	0.000000	0.000000	0.000000	0.000000	0.000000	0.583722	0.000000
137	tsk_137	(x)	1	:	0.000000	0.000000	0.000000	0.499972	0.000000	0.500028	0.000000	0.000000	0.000000	0.000000	0.000000	0.000000	0.000000	0.000000
138	tsk_138	(x)	1	:	0.000000	0.231985	0.205899	0.000000	0.000000	0.000000	0.496942	0.000000	0.000000	0.000000	0.000000	0.000000	0.065174	0.000000
139	tsk_139	(x)	1	:	0.081190	0.064030	0.296855	0.000000	0.000000	0.000000	0.000000	0.000000	0.000000	0.000000	0.000000	0.000000	0.557925	0.000000
140	tsk_140	(x)	1	:	0.000000	0.000000	0.000000	0.000000	0.000000	0.000000	1.000000	0.000000	0.000000	0.000000	0.000000	0.000000	0.000000	0.000000
141	tsk_141	(x)	1	:	0.045108	0.013984	0.035365	0.000000	0.000000	0.000000	0.000000	0.000000	0.000000	0.000000	0.000000	0.543228	0.362315	0.000000
142	tsk_142	(x)	1	:	0.311680	0.107036	0.084342	0.000000	0.000000	0.000000	0.496942	0.000000	0.000000	0.000000	0.000000	0.000000	0.000000	0.000000
143	tsk_143	(x)	1	:	0.122009	0.014781	0.053817	0.495918	0.000000	0.000000	0.000000	0.007345	0.000000	0.000000	0.000000	0.000386	0.305745	0.000000
144	tsk_144	(x)	1	:	0.000000	0.000000	0.000000	0.501529	0.000000	0.000000	0.498471	0.000000	0.000000	0.000000	0.000000	0.000000	0.000000	0.000000
145	tsk_145	(x)	1	:	0.208669	0.005699	0.065348	0.496252	0.000000	0.000000	0.000000	0.006920	0.000000	0.000000	0.000000	0.000270	0.216841	0.000000
146	tsk_146	(x)	1	:	0.000000	0.027540	0.050249	0.000000	0.000000	0.000000	0.000000	0.500000	0.000000	0.000000	0.000000	0.000000	0.422211	0.000000
147	tsk_147	(x)	1	:	0.000000	0.000000	0.000000	0.000000	0.000000	0.000000	1.000000	0.000000	0.000000	0.000000	0.000000	0.000000	0.000000	0.000000
148	tsk_148	(x)	1	:	0.000000	0.000000	0.000000	0.000000	0.000000	0.000000	0.000000	0.422183	0.000000	0.000000	0.000000	0.577817	0.000000	0.000000
149	tsk_149	(x)	1	:	0.000000	0.000000	0.000000	0.000000	0.000000	0.000000	0.468651	0.000000	0.000000	0.000000	0.000000	0.531349	0.000000	0.000000
