logL = -788.319356 (converged)
AIC = 5524.638713
BIC = 11467.632783

count.K
15 2 10 5 16 1 17 11 1 20 5 47 

