logL = -1478.651534 (converged)
AIC = 4567.303068
BIC = 6990.864480

count.K
32 37 29 27 25 

