logL = -1608.503561 (converged)
AIC = 4461.007123
BIC = 6333.622276

count.K
41 24 34 51 

