logL = -1499.996754 (converged)
AIC = 3791.993508
BIC = 4984.205084

count.K
64 28 58 

