logL = -1215.341603 (converged)
AIC = 5730.683206
BIC = 10698.231441

count.K
2 13 8 6 12 41 37 20 6 5 

