logL = -1302.480887 (converged)
AIC = 6616.961774
BIC = 12656.296174

count.K
5 22 26 5 18 31 11 5 9 9 9 

