logL = -1552.830395 (converged)
AIC = 4341.660791
BIC = 6202.233403

count.K
19 63 54 14 

