logL = -1890.233054 (converged)
AIC = 9480.466108
BIC = 18060.776696

count.K
4 1 0 6 1 6 5 27 6 23 0 1 44 23 3 

