logL = -1297.652304 (converged)
AIC = 3035.304608
BIC = 3697.644373

count.K
35 115 

