logL = -3946.907539 (converged)
AIC = 10245.815079
BIC = 13786.322185

count.K
31 16 29 34 37 3 

