0	tsk_0	(x)	1	:	0.000000	0.000000	0.000000	0.000000	0.000000	0.486274	0.000000	0.000000	0.000000	0.513726	0.000000	0.000000	0.000000	0.000000
1	tsk_1	(x)	1	:	0.000000	0.000000	0.000000	0.000000	0.000000	0.000000	0.000000	0.000000	1.000000	0.000000	0.000000	0.000000	0.000000	0.000000
2	tsk_2	(x)	1	:	0.207133	0.000000	0.000000	0.000000	0.169302	0.000000	0.000000	0.000003	0.482620	0.000000	0.000000	0.140940	0.000000	0.000000
3	tsk_3	(x)	1	:	0.000000	0.000000	0.000000	0.000000	0.164848	0.000000	0.000000	0.000004	0.481693	0.000000	0.000000	0.353455	0.000000	0.000000
4	tsk_4	(x)	1	:	0.000000	0.000000	0.000000	0.000000	0.000000	0.000000	0.000000	0.000000	0.000000	0.510320	0.000000	0.000000	0.000000	0.489680
5	tsk_5	(x)	1	:	0.000000	0.000000	0.000000	0.000000	0.000000	0.000000	0.000000	0.000000	1.000000	0.000000	0.000000	0.000000	0.000000	0.000000
6	tsk_6	(x)	1	:	0.000000	0.000000	0.000000	0.000000	0.000000	0.486274	0.000000	0.000000	0.000000	0.513726	0.000000	0.000000	0.000000	0.000000
7	tsk_7	(x)	1	:	0.000000	0.000000	0.000000	0.000000	0.000000	0.497320	0.000000	0.000001	0.502678	0.000000	0.000000	0.000000	0.000000	0.000000
8	tsk_8	(x)	1	:	0.207166	0.000000	0.000000	0.000000	0.150772	0.000000	0.000000	0.000006	0.482756	0.000000	0.000000	0.159300	0.000000	0.000000
9	tsk_9	(x)	1	:	0.000000	0.000000	0.000000	0.000000	0.000000	0.481952	0.000000	0.000000	0.000000	0.000000	0.000000	0.000000	0.000000	0.518048
10	tsk_10	(x)	1	:	0.240094	0.000000	0.000000	0.000000	0.157745	0.000000	0.000000	0.000003	0.000000	0.000000	0.000000	0.106473	0.000000	0.495685
11	tsk_11	(x)	1	:	0.000000	0.000000	0.000000	0.340804	0.182574	0.000000	0.000000	0.000003	0.000000	0.000000	0.000000	0.317106	0.000000	0.159514
12	tsk_12	(x)	1	:	0.000000	0.000000	0.000000	0.594555	0.000000	0.000000	0.000000	0.000000	0.000000	0.000000	0.000000	0.000000	0.000000	0.405445
13	tsk_13	(x)	1	:	0.000000	0.000000	0.000000	0.340805	0.004908	0.000000	0.000000	0.000000	0.484488	0.000000	0.000000	0.010169	0.000000	0.159630
14	tsk_14	(x)	1	:	0.241085	0.000000	0.000000	0.000000	0.258362	0.492120	0.000000	0.000012	0.000000	0.000000	0.000000	0.008421	0.000000	0.000000
15	tsk_15	(x)	1	:	0.000000	0.000000	0.000000	0.000000	0.011890	0.000000	0.000000	0.000000	0.484707	0.490920	0.000000	0.012483	0.000000	0.000000
16	tsk_16	(x)	1	:	0.000000	0.000000	0.000000	0.340799	0.370977	0.000000	0.000000	0.000006	0.000000	0.000000	0.000000	0.128661	0.000000	0.159557
17	tsk_17	(x)	1	:	0.000000	0.000000	0.000000	0.000000	0.251600	0.000000	0.000000	0.000003	0.000000	0.568031	0.000000	0.180366	0.000000	0.000000
18	tsk_18	(x)	1	:	0.240682	0.000000	0.000000	0.000000	0.149532	0.492086	0.000000	0.000002	0.000000	0.000000	0.000000	0.117698	0.000000	0.000000
19	tsk_19	(x)	1	:	0.000000	0.000000	0.000000	0.340800	0.358975	0.000000	0.000000	0.000005	0.000000	0.000000	0.000000	0.140666	0.000000	0.159553
20	tsk_20	(x)	1	:	0.000000	0.000000	0.000000	0.000000	0.444034	0.000000	0.000000	0.000011	0.000000	0.000000	0.000000	0.555955	0.000000	0.000000
21	tsk_21	(x)	1	:	0.000000	0.000000	0.000000	0.000000	0.133110	0.000000	0.000000	0.000010	0.481640	0.000000	0.000000	0.385240	0.000000	0.000000
22	tsk_22	(x)	1	:	0.000000	0.000000	0.000000	0.000000	0.227653	0.000000	0.000000	0.000011	0.482053	0.000000	0.000000	0.290283	0.000000	0.000000
23	tsk_23	(x)	1	:	0.000000	0.000000	0.505466	0.000000	0.197415	0.000000	0.000000	0.000002	0.000000	0.000000	0.000000	0.297116	0.000000	0.000000
24	tsk_24	(x)	1	:	0.000000	0.000000	0.505360	0.000000	0.172051	0.000000	0.000000	0.000003	0.000000	0.000000	0.000000	0.322586	0.000000	0.000000
25	tsk_25	(x)	1	:	0.000000	0.000000	0.000000	0.000000	0.164788	0.000000	0.000000	0.000005	0.481713	0.000000	0.000000	0.353494	0.000000	0.000000
26	tsk_26	(x)	1	:	0.206821	0.000000	0.000000	0.000000	0.217721	0.000000	0.000000	0.000002	0.000000	0.000000	0.000000	0.575455	0.000000	0.000000
27	tsk_27	(x)	1	:	0.000000	0.000000	0.000000	0.000000	0.000000	0.000000	0.000000	0.000000	0.321030	0.000000	0.000000	0.678970	0.000000	0.000000
28	tsk_28	(x)	1	:	0.000000	0.000000	0.000000	0.000000	0.329362	0.000000	0.000000	0.000011	0.000000	0.000000	0.000000	0.670627	0.000000	0.000000
29	tsk_29	(x)	1	:	0.000000	0.000000	0.000000	0.000000	0.150882	0.000000	0.000000	0.000005	0.481642	0.000000	0.000000	0.367471	0.000000	0.000000
30	tsk_30	(x)	1	:	0.000000	0.000000	0.499883	0.000000	0.000044	0.000000	0.000000	0.000000	0.000000	0.000000	0.000000	0.000079	0.000000	0.499995
31	tsk_31	(x)	1	:	0.000000	0.000000	0.000000	0.000000	0.000000	0.000000	0.000000	0.000000	0.000000	0.498383	0.000000	0.000000	0.000000	0.501616
32	tsk_32	(x)	1	:	0.000000	0.000000	0.000000	0.405206	0.000000	0.000000	0.000000	0.000000	0.000000	0.498241	0.000000	0.000000	0.000000	0.096553
33	tsk_33	(x)	1	:	0.000000	0.000000	0.000000	0.000000	0.000000	0.000000	0.000000	0.000000	0.000000	0.498383	0.000000	0.000000	0.000000	0.501616
34	tsk_34	(x)	1	:	0.000000	0.000000	0.000000	0.000000	0.000000	0.000000	0.000000	0.000000	0.000000	0.498383	0.000000	0.000000	0.000000	0.501616
35	tsk_35	(x)	1	:	0.380557	0.000000	0.000000	0.000000	0.074384	0.000000	0.000000	0.000001	0.000000	0.000000	0.000000	0.545059	0.000000	0.000000
36	tsk_36	(x)	1	:	0.000000	0.000000	0.000000	0.498996	0.000013	0.000000	0.000000	0.500964	0.000000	0.000000	0.000000	0.000023	0.000000	0.000004
37	tsk_37	(x)	1	:	0.000000	0.000000	0.000000	0.000000	0.006696	0.000000	0.000000	0.000000	0.486547	0.491519	0.000000	0.015236	0.000000	0.000000
38	tsk_38	(x)	1	:	0.000000	0.000022	0.000000	0.000000	0.063950	0.000000	0.000000	0.401395	0.000000	0.484844	0.000000	0.049789	0.000000	0.000000
39	tsk_39	(x)	1	:	0.000000	0.000000	0.506652	0.000000	0.001500	0.000000	0.000000	0.000000	0.000000	0.490379	0.000000	0.001468	0.000000	0.000000
40	tsk_40	(x)	1	:	0.000000	0.000000	0.000000	0.000000	0.403468	0.000000	0.000000	0.000010	0.000000	0.000000	0.000000	0.596522	0.000000	0.000000
41	tsk_41	(x)	1	:	0.000000	0.000000	0.000000	0.000000	0.000000	0.000000	0.486587	0.000000	0.000000	0.000000	0.000000	0.000000	0.000000	0.513413
42	tsk_42	(x)	1	:	0.000000	0.000000	0.000000	0.000000	0.325302	0.000000	0.000000	0.000010	0.000000	0.000000	0.000000	0.674688	0.000000	0.000000
43	tsk_43	(x)	1	:	0.000000	0.000000	0.000000	0.000000	0.000000	0.000000	0.000000	0.000000	0.000000	0.000000	0.000000	0.000000	1.000000	0.000000
44	tsk_44	(x)	1	:	0.000000	0.000000	0.000000	0.000000	0.424857	0.000000	0.000000	0.000013	0.000000	0.000000	0.000000	0.575130	0.000000	0.000000
45	tsk_45	(x)	1	:	0.000000	0.000000	0.000000	0.000000	0.513952	0.000000	0.000000	0.000026	0.000000	0.000000	0.000000	0.486022	0.000000	0.000000
46	tsk_46	(x)	1	:	0.000000	0.000000	0.000000	0.000000	0.158933	0.000000	0.000000	0.000007	0.000000	0.000000	0.000000	0.340833	0.000000	0.500228
47	tsk_47	(x)	1	:	0.000000	0.000000	0.000000	0.000000	0.203790	0.000000	0.000000	0.000004	0.000000	0.000000	0.000000	0.334698	0.461509	0.000000
48	tsk_48	(x)	1	:	0.000000	0.000000	0.000000	0.000000	0.323009	0.000000	0.000000	0.000014	0.000000	0.000000	0.000000	0.676977	0.000000	0.000000
49	tsk_49	(x)	1	:	0.000000	0.000000	0.000000	0.000000	0.000000	0.000000	0.000000	0.000000	0.000000	0.000000	0.000000	0.000000	1.000000	0.000000
50	tsk_50	(x)	1	:	0.000000	0.000000	0.000000	0.000000	0.345478	0.000000	0.000000	0.000003	0.000000	0.490188	0.000000	0.164332	0.000000	0.000000
51	tsk_51	(x)	1	:	0.416329	0.000000	0.000000	0.000000	0.000000	0.000000	0.000000	0.000000	0.000000	0.583671	0.000000	0.000000	0.000000	0.000000
52	tsk_52	(x)	1	:	0.000000	0.000000	1.000000	0.000000	0.000000	0.000000	0.000000	0.000000	0.000000	0.000000	0.000000	0.000000	0.000000	0.000000
53	tsk_53	(x)	1	:	0.000000	0.000000	0.000000	0.000000	0.000000	1.000000	0.000000	0.000000	0.000000	0.000000	0.000000	0.000000	0.000000	0.000000
54	tsk_54	(x)	1	:	0.000000	0.000000	0.000000	0.000000	0.373827	0.000000	0.000000	0.000010	0.000000	0.000000	0.000000	0.626163	0.000000	0.000000
55	tsk_55	(x)	1	:	0.000000	0.000000	0.000000	0.000000	0.000000	0.000000	0.000000	0.000000	0.000000	1.000000	0.000000	0.000000	0.000000	0.000000
56	tsk_56	(x)	1	:	0.000000	0.000000	0.000000	0.000000	0.099856	0.000000	0.000000	0.000002	0.747516	0.000000	0.000000	0.152625	0.000000	0.000000
57	tsk_57	(x)	1	:	0.000000	0.000000	0.000000	0.000000	0.217215	0.496452	0.000000	0.000008	0.000000	0.000000	0.000000	0.286325	0.000000	0.000000
58	tsk_58	(x)	1	:	0.000000	0.000000	0.000000	0.000000	0.000000	0.497605	0.000000	0.000000	0.000000	0.502395	0.000000	0.000000	0.000000	0.000000
59	tsk_59	(x)	1	:	0.000000	0.000000	0.000000	0.000000	0.000000	0.000000	0.000000	0.000000	0.000000	1.000000	0.000000	0.000000	0.000000	0.000000
60	tsk_60	(x)	1	:	0.000000	0.000000	0.000000	0.405202	0.209852	0.000000	0.000000	0.000002	0.000000	0.000000	0.000000	0.289771	0.000000	0.095172
61	tsk_61	(x)	1	:	0.000000	0.000000	0.000000	0.000000	0.184298	0.000000	0.000000	0.000007	0.481813	0.000000	0.000000	0.333882	0.000000	0.000000
62	tsk_62	(x)	1	:	0.000000	0.495803	0.000000	0.000000	0.000000	0.000000	0.491424	0.000000	0.000000	0.012772	0.000000	0.000000	0.000000	0.000000
63	tsk_63	(x)	1	:	0.000000	0.000000	0.000000	0.405218	0.141062	0.000000	0.000000	0.000005	0.000000	0.000000	0.000000	0.358572	0.000000	0.095142
64	tsk_64	(x)	1	:	0.000000	0.000000	0.000000	0.000000	0.000000	0.000000	0.430452	0.000000	0.000000	0.569547	0.000000	0.000000	0.000000	0.000000
65	tsk_65	(x)	1	:	0.000000	0.000000	0.000000	0.000000	0.282969	0.000000	0.000000	0.000003	0.000000	0.490092	0.000000	0.226936	0.000000	0.000000
66	tsk_66	(x)	1	:	0.000000	0.505224	0.000000	0.405303	0.000000	0.000000	0.000000	0.000000	0.000000	0.000000	0.000000	0.000000	0.000000	0.089473
67	tsk_67	(x)	1	:	0.000000	0.000000	0.000000	0.000000	0.000000	0.000000	0.483761	0.000000	0.000000	0.023229	0.000000	0.000000	0.000000	0.493010
68	tsk_68	(x)	1	:	0.000000	0.000000	0.000000	0.999829	0.000000	0.000000	0.000000	0.000000	0.000000	0.000000	0.000000	0.000000	0.000000	0.000171
69	tsk_69	(x)	1	:	0.000000	0.000000	0.000000	0.405138	0.003314	0.000000	0.000000	0.000000	0.487366	0.000000	0.000000	0.008707	0.000000	0.095475
70	tsk_70	(x)	1	:	0.206974	0.000000	0.000000	0.000000	0.388644	0.000000	0.000000	0.000004	0.000000	0.000000	0.000000	0.404377	0.000000	0.000000
71	tsk_71	(x)	1	:	0.175868	0.000000	0.000000	0.000000	0.217381	0.000000	0.000000	0.000002	0.000000	0.490175	0.000000	0.116575	0.000000	0.000000
72	tsk_72	(x)	1	:	0.175785	0.000000	0.000000	0.000000	0.161669	0.000000	0.000000	0.000003	0.000000	0.490049	0.000000	0.172493	0.000000	0.000000
73	tsk_73	(x)	1	:	0.000000	0.000000	0.000000	0.000000	0.158758	0.000000	0.000000	0.000010	0.000000	0.000000	0.000000	0.841232	0.000000	0.000000
74	tsk_74	(x)	1	:	0.000000	0.000000	0.000000	0.000000	0.311526	0.000000	0.000000	0.000003	0.000000	0.568122	0.000000	0.120349	0.000000	0.000000
75	tsk_75	(x)	1	:	0.000000	0.000000	0.000000	0.000000	0.000000	0.000000	0.000000	0.000000	0.000000	1.000000	0.000000	0.000000	0.000000	0.000000
76	tsk_76	(x)	1	:	0.207063	0.000000	0.000000	0.000000	0.129400	0.000000	0.000000	0.000001	0.000000	0.568057	0.000000	0.095478	0.000000	0.000000
77	tsk_77	(x)	1	:	0.000000	0.000000	0.000000	0.000000	0.226036	0.000000	0.000000	0.000012	0.000000	0.000000	0.000000	0.773951	0.000000	0.000000
78	tsk_78	(x)	1	:	0.000000	0.000000	0.000000	0.000000	0.253064	0.000000	0.000000	0.000005	0.000000	0.568034	0.000000	0.178897	0.000000	0.000000
79	tsk_79	(x)	1	:	0.175954	0.000000	0.000000	0.000000	0.271581	0.000000	0.000000	0.000005	0.000000	0.490303	0.000000	0.062156	0.000000	0.000000
80	tsk_80	(x)	1	:	0.000000	0.000000	0.000000	0.000000	0.073815	0.000000	0.000000	0.000005	0.483940	0.000000	0.000000	0.117134	0.325106	0.000000
81	tsk_81	(x)	1	:	0.000000	0.000000	0.000000	0.000000	0.015834	0.000000	0.000000	0.000000	0.486213	0.491417	0.000000	0.006536	0.000000	0.000000
82	tsk_82	(x)	1	:	0.000000	0.000000	0.000000	0.000000	0.005024	0.496543	0.000000	0.000000	0.484135	0.000000	0.000000	0.014298	0.000000	0.000000
83	tsk_83	(x)	1	:	0.000000	0.000000	0.000000	0.000000	0.000000	0.509710	0.000000	0.000000	0.000000	0.490289	0.000000	0.000000	0.000000	0.000000
84	tsk_84	(x)	1	:	0.000000	0.000000	0.000000	0.000000	0.000000	1.000000	0.000000	0.000000	0.000000	0.000000	0.000000	0.000000	0.000000	0.000000
85	tsk_85	(x)	1	:	0.000000	0.000000	0.000000	0.000000	0.192378	0.508086	0.000000	0.000008	0.000000	0.000000	0.000000	0.299528	0.000000	0.000000
86	tsk_86	(x)	1	:	0.000000	0.332570	0.000000	0.000000	0.452662	0.000000	0.000000	0.000021	0.000000	0.000000	0.000000	0.214747	0.000000	0.000000
87	tsk_87	(x)	1	:	0.000000	0.000000	0.000000	0.000000	0.180794	0.000000	0.000000	0.000007	0.481800	0.000000	0.000000	0.337399	0.000000	0.000000
88	tsk_88	(x)	1	:	0.000000	0.000000	0.000000	0.000000	0.000808	0.508292	0.000000	0.000000	0.486871	0.000000	0.000000	0.004028	0.000000	0.000000
89	tsk_89	(x)	1	:	0.000000	0.000000	0.000000	0.000000	0.420903	0.000000	0.000000	0.000008	0.000000	0.000000	0.000000	0.579089	0.000000	0.000000
90	tsk_90	(x)	1	:	0.000000	0.332647	0.000000	0.000000	0.101409	0.000000	0.000000	0.000002	0.000000	0.490280	0.000000	0.075661	0.000000	0.000000
91	tsk_91	(x)	1	:	0.000000	0.332675	0.000000	0.000000	0.115583	0.000000	0.000000	0.000001	0.000000	0.490304	0.000000	0.061436	0.000000	0.000000
92	tsk_92	(x)	1	:	0.000000	0.000000	0.000000	0.000000	0.000000	0.000000	0.000000	0.000000	0.000000	0.498383	0.000000	0.000000	0.000000	0.501616
93	tsk_93	(x)	1	:	0.000000	0.332391	0.000000	0.000000	0.385387	0.000000	0.000000	0.000009	0.000000	0.000000	0.000000	0.282212	0.000000	0.000000
94	tsk_94	(x)	1	:	0.000000	0.000000	0.000000	0.000000	0.000000	0.000000	0.000000	0.000000	0.000000	0.024394	0.473946	0.000000	0.000000	0.501659
95	tsk_95	(x)	1	:	0.000000	0.332624	0.000000	0.000000	0.109160	0.000000	0.000000	0.000001	0.000000	0.490277	0.000000	0.067937	0.000000	0.000000
96	tsk_96	(x)	1	:	0.000000	0.332721	0.000000	0.000000	0.057976	0.000000	0.000000	0.000003	0.482891	0.000000	0.000000	0.126409	0.000000	0.000000
97	tsk_97	(x)	1	:	0.000000	0.000000	0.000000	0.000000	0.000000	0.000000	0.000000	0.000000	0.000000	1.000000	0.000000	0.000000	0.000000	0.000000
98	tsk_98	(x)	1	:	0.000000	0.000000	0.000000	0.000000	0.000000	0.497612	0.000000	0.000000	0.000000	0.029206	0.473182	0.000000	0.000000	0.000000
99	tsk_99	(x)	1	:	0.000000	0.000000	0.000000	0.000000	0.138338	0.000000	0.000000	0.000004	0.000000	0.012209	0.476458	0.372990	0.000000	0.000000
100	tsk_100	(x)	1	:	0.000000	0.000000	0.000000	0.000000	0.000000	0.000000	0.000000	0.000000	0.000000	0.000000	1.000000	0.000000	0.000000	0.000000
101	tsk_101	(x)	1	:	0.000000	0.332866	0.000000	0.000000	0.063700	0.000000	0.000000	0.000007	0.000000	0.000000	0.000000	0.103147	0.000000	0.500279
102	tsk_102	(x)	1	:	0.000000	0.000000	0.000000	0.000000	0.000000	0.000000	0.000000	0.000000	0.000000	0.000000	1.000000	0.000000	0.000000	0.000000
103	tsk_103	(x)	1	:	0.000000	0.000000	0.000000	0.000000	0.000000	0.000000	0.000000	0.000000	0.000000	0.000000	0.000000	0.000000	0.000000	1.000000
104	tsk_104	(x)	1	:	0.000000	0.000000	0.000000	0.000000	0.325317	0.000000	0.000000	0.000013	0.000000	0.000000	0.000000	0.674669	0.000000	0.000000
105	tsk_105	(x)	1	:	0.000000	0.000000	0.000000	0.000000	0.000000	0.000000	0.590965	0.000000	0.000000	0.000000	0.409035	0.000000	0.000000	0.000000
106	tsk_106	(x)	1	:	0.000000	0.000000	0.000000	0.000000	0.271868	0.000000	0.000000	0.000003	0.000000	0.013004	0.476013	0.239111	0.000000	0.000000
107	tsk_107	(x)	1	:	0.000000	0.000000	0.000000	0.000000	0.000000	0.000000	0.000000	0.000000	0.000000	1.000000	0.000000	0.000000	0.000000	0.000000
108	tsk_108	(x)	1	:	0.000000	0.000000	0.000000	0.000000	0.000000	0.000000	0.590965	0.000000	0.000000	0.000000	0.409035	0.000000	0.000000	0.000000
109	tsk_109	(x)	1	:	0.000000	0.000000	0.000000	0.000000	0.268057	0.000000	0.000000	0.000005	0.000000	0.012596	0.476314	0.243028	0.000000	0.000000
110	tsk_110	(x)	1	:	0.000000	0.000000	0.000000	0.000000	0.136347	0.000000	0.000000	0.000011	0.000000	0.000000	0.000000	0.863642	0.000000	0.000000
111	tsk_111	(x)	1	:	0.000000	0.000000	0.000000	0.000000	0.151221	0.000000	0.000000	0.000011	0.481733	0.000000	0.000000	0.367035	0.000000	0.000000
112	tsk_112	(x)	1	:	0.000000	0.697677	0.000000	0.000000	0.004235	0.000000	0.000000	0.000000	0.000000	0.000000	0.000000	0.298088	0.000000	0.000000
113	tsk_113	(x)	1	:	0.000000	0.588936	0.000000	0.000000	0.221681	0.000000	0.000000	0.000009	0.000000	0.000000	0.000000	0.189374	0.000000	0.000000
114	tsk_114	(x)	1	:	0.000000	0.588883	0.000000	0.000000	0.210316	0.000000	0.000000	0.000003	0.000000	0.000000	0.000000	0.200798	0.000000	0.000000
115	tsk_115	(x)	1	:	0.000000	0.000000	0.000000	0.000000	0.234604	0.000000	0.000000	0.000012	0.000000	0.000000	0.000000	0.765384	0.000000	0.000000
116	tsk_116	(x)	1	:	0.000000	0.589009	0.000000	0.000000	0.245079	0.000000	0.000000	0.000004	0.000000	0.000000	0.000000	0.165909	0.000000	0.000000
117	tsk_117	(x)	1	:	0.000000	0.000000	0.000000	0.000000	0.000000	0.000000	0.000000	0.000000	1.000000	0.000000	0.000000	0.000000	0.000000	0.000000
118	tsk_118	(x)	1	:	0.472260	0.315014	0.000000	0.000000	0.000000	0.000000	0.000000	0.000000	0.000000	0.212726	0.000000	0.000000	0.000000	0.000000
119	tsk_119	(x)	1	:	0.000000	0.589077	0.000000	0.000000	0.253031	0.000000	0.000000	0.000021	0.000000	0.000000	0.000000	0.157871	0.000000	0.000000
120	tsk_120	(x)	1	:	0.000000	0.000000	0.000000	0.000000	0.000000	0.000000	0.000000	0.000000	0.000000	0.663049	0.336951	0.000000	0.000000	0.000000
121	tsk_121	(x)	1	:	1.000000	0.000000	0.000000	0.000000	0.000000	0.000000	0.000000	0.000000	0.000000	0.000000	0.000000	0.000000	0.000000	0.000000
122	tsk_122	(x)	1	:	0.398546	0.332396	0.000000	0.000000	0.105249	0.000000	0.000000	0.000002	0.000000	0.000000	0.000000	0.163807	0.000000	0.000000
123	tsk_123	(x)	1	:	0.000000	0.000000	0.000000	0.000000	0.000000	0.000000	0.000000	0.000000	0.000000	0.663049	0.336951	0.000000	0.000000	0.000000
124	tsk_124	(x)	1	:	0.000000	0.000000	0.000000	0.000000	0.243602	0.000000	0.000000	0.000007	0.000000	0.000000	0.000000	0.256145	0.000000	0.500245
125	tsk_125	(x)	1	:	0.000000	0.000000	0.000000	0.000000	0.000000	0.000000	0.000000	0.000000	0.000000	1.000000	0.000000	0.000000	0.000000	0.000000
126	tsk_126	(x)	1	:	0.000000	0.000000	0.000000	0.000000	0.000000	0.000000	0.000000	0.000000	0.000000	0.000000	0.000000	0.000000	0.000000	1.000000
127	tsk_127	(x)	1	:	0.000000	0.000000	0.000000	0.000000	0.000000	0.487245	0.000000	0.512755	0.000000	0.000000	0.000000	0.000000	0.000000	0.000000
128	tsk_128	(x)	1	:	0.000000	0.339638	0.000000	0.000000	0.092353	0.000000	0.000000	0.000082	0.000000	0.161341	0.333252	0.073333	0.000000	0.000000
129	tsk_129	(x)	1	:	0.000000	0.000000	0.000000	0.000000	0.000000	0.000000	0.000000	0.000000	0.000000	0.498383	0.000000	0.000000	0.000000	0.501616
130	tsk_130	(x)	1	:	0.000000	0.000000	0.000000	0.000000	0.199438	0.507203	0.000000	0.000006	0.000004	0.000000	0.000000	0.293350	0.000000	0.000000
131	tsk_131	(x)	1	:	0.000000	0.000000	0.000000	0.000000	0.202804	0.000000	0.000000	0.000011	0.000000	0.000000	0.000000	0.797185	0.000000	0.000000
132	tsk_132	(x)	1	:	0.000000	0.000000	0.000000	0.000000	0.140426	0.000000	0.000000	0.000008	0.481638	0.000000	0.000000	0.377928	0.000000	0.000000
133	tsk_133	(x)	1	:	0.000000	0.000000	0.000000	0.000000	0.234263	0.000000	0.000000	0.000009	0.000000	0.000000	0.000000	0.765727	0.000000	0.000000
134	tsk_134	(x)	1	:	0.000000	0.000000	0.000000	0.000000	0.104146	0.000000	0.000000	0.000005	0.660317	0.000000	0.000000	0.235532	0.000000	0.000000
135	tsk_135	(x)	1	:	0.000000	0.000000	0.000000	0.000000	0.001035	0.507551	0.000000	0.000000	0.490356	0.000000	0.000000	0.001058	0.000000	0.000000
136	tsk_136	(x)	1	:	0.000000	0.000000	0.000000	0.000000	0.000000	0.000000	0.000000	1.000000	0.000000	0.000000	0.000000	0.000000	0.000000	0.000000
137	tsk_137	(x)	1	:	0.206866	0.000000	0.000000	0.000000	0.268060	0.000000	0.000000	0.000006	0.000000	0.000000	0.000000	0.525068	0.000000	0.000000
138	tsk_138	(x)	1	:	0.000000	0.000000	0.000000	0.000000	0.000000	0.000000	0.999125	0.000000	0.000000	0.000875	0.000000	0.000000	0.000000	0.000000
139	tsk_139	(x)	1	:	0.000000	0.000000	0.000000	0.000000	0.184455	0.000000	0.000000	0.000021	0.000000	0.000000	0.000000	0.815525	0.000000	0.000000
140	tsk_140	(x)	1	:	0.000000	0.000000	0.505469	0.000000	0.172464	0.000000	0.000000	0.000011	0.000000	0.000000	0.000000	0.322056	0.000000	0.000000
141	tsk_141	(x)	1	:	0.000000	0.000000	0.506701	0.000000	0.002075	0.000000	0.000000	0.000000	0.000000	0.490396	0.000000	0.000827	0.000000	0.000000
142	tsk_142	(x)	1	:	0.000000	0.000000	0.506922	0.000000	0.001482	0.000000	0.000000	0.000000	0.000000	0.490469	0.000000	0.001127	0.000000	0.000000
143	tsk_143	(x)	1	:	0.000000	0.000000	0.000000	0.405095	0.002111	0.000000	0.000000	0.000000	0.487057	0.000000	0.000000	0.010231	0.000000	0.095505
144	tsk_144	(x)	1	:	0.000000	0.000000	0.000000	0.000000	0.416560	0.000000	0.000000	0.000004	0.000000	0.490298	0.000000	0.093138	0.000000	0.000000
145	tsk_145	(x)	1	:	0.000000	0.000000	0.000000	0.000000	0.000000	0.497605	0.000000	0.000000	0.000000	0.502395	0.000000	0.000000	0.000000	0.000000
146	tsk_146	(x)	1	:	0.000000	0.000000	0.000000	0.000000	0.142804	0.000000	0.000000	0.000002	0.481575	0.000000	0.000000	0.375619	0.000000	0.000000
147	tsk_147	(x)	1	:	0.000000	0.000000	0.000000	0.000000	0.171877	0.000000	0.000000	0.000003	0.000000	0.489926	0.000000	0.338194	0.000000	0.000000
148	tsk_148	(x)	1	:	0.000000	0.000000	0.503537	0.000000	0.000025	0.496371	0.000000	0.000000	0.000000	0.000000	0.000000	0.000068	0.000000	0.000000
149	tsk_149	(x)	1	:	0.000000	0.000000	0.000000	0.000000	0.580264	0.000000	0.000000	0.000000	0.000000	0.419736	0.000000	0.000000	0.000000	0.000000
