logL = -1564.314783 (converged)
AIC = 4728.629566
BIC = 7137.137801

count.K
43 21 11 27 48 

