logL = -695.628513 (converged)
AIC = 4811.257026
BIC = 9959.443379

count.K
8 9 19 3 42 26 8 2 5 28 

