logL = -1308.934525 (converged)
AIC = 5501.869050
BIC = 9843.205144

count.K
5 39 16 7 2 2 47 32 

