logL = -2245.107554 (converged)
AIC = 5774.215109
BIC = 7707.042967

count.K
48 12 43 47 

