logL = -1864.247353 (converged)
AIC = 5004.494706
BIC = 6925.280024

count.K
34 61 43 12 

