logL = -884.639745 (converged)
AIC = 3641.279490
BIC = 6459.234126

count.K
0 25 31 28 51 15 

