logL = -1479.761053 (converged)
AIC = 8209.522106
BIC = 16112.439753

count.K
20 1 5 16 55 1 1 17 17 2 0 5 2 3 5 

