logL = -1050.767331 (converged)
AIC = 4377.534662
BIC = 7803.637627

count.K
31 41 19 8 35 8 8 

