logL = -1493.166499 (converged)
AIC = 5854.332997
BIC = 10171.584009

count.K
33 25 10 18 15 1 31 17 

