logL = -1154.070876 (converged)
AIC = 7328.141753
BIC = 14884.836341

count.K
2 3 2 20 19 14 19 3 4 2 1 19 20 22 

