logL = -507.075157 (converged)
AIC = 5586.150314
BIC = 12468.462596

count.K
1 4 7 6 17 4 16 10 9 2 44 4 18 8 

