logL = -915.760335 (converged)
AIC = 6851.520670
BIC = 14408.215258

count.K
6 15 21 53 1 19 10 5 4 2 4 3 4 3 

