logL = -1308.912721 (converged)
AIC = 6497.825443
BIC = 12338.457913

count.K
3 17 13 10 5 2 38 4 37 14 7 

