0	tsk_0	(x)	1	:	0.000000	0.490726	0.286874	0.222400	0.000000	0.000000
1	tsk_1	(x)	1	:	0.000037	0.999963	0.000000	0.000000	0.000000	0.000000
2	tsk_2	(x)	1	:	0.446745	0.553255	0.000000	0.000000	0.000000	0.000000
3	tsk_3	(x)	1	:	0.000008	0.000000	0.286991	0.712998	0.000003	0.000000
4	tsk_4	(x)	1	:	0.000011	0.999989	0.000000	0.000000	0.000000	0.000000
5	tsk_5	(x)	1	:	0.000037	0.999963	0.000000	0.000000	0.000000	0.000000
6	tsk_6	(x)	1	:	0.000026	0.000000	0.000000	0.999967	0.000008	0.000000
7	tsk_7	(x)	1	:	0.000000	0.000000	1.000000	0.000000	0.000000	0.000000
8	tsk_8	(x)	1	:	0.000000	0.490970	0.286996	0.222034	0.000000	0.000000
9	tsk_9	(x)	1	:	0.000000	0.491017	0.000000	0.508983	0.000000	0.000000
10	tsk_10	(x)	1	:	0.429429	0.000000	0.320202	0.250369	0.000001	0.000000
11	tsk_11	(x)	1	:	0.000000	0.000000	0.000000	0.000000	0.000000	1.000000
12	tsk_12	(x)	1	:	0.000015	0.000000	0.000000	0.999978	0.000007	0.000000
13	tsk_13	(x)	1	:	0.000016	0.000000	0.000000	0.999979	0.000005	0.000000
14	tsk_14	(x)	1	:	0.430379	0.000000	0.000000	0.569621	0.000000	0.000000
15	tsk_15	(x)	1	:	0.000007	0.000000	0.320518	0.679471	0.000004	0.000000
16	tsk_16	(x)	1	:	0.000000	0.000000	0.539902	0.460098	0.000000	0.000000
17	tsk_17	(x)	1	:	1.000000	0.000000	0.000000	0.000000	0.000000	0.000000
18	tsk_18	(x)	1	:	0.000000	0.491325	0.320778	0.187897	0.000000	0.000000
19	tsk_19	(x)	1	:	0.429636	0.000000	0.320260	0.250104	0.000000	0.000000
20	tsk_20	(x)	1	:	0.000000	0.493789	0.000000	0.000653	0.000000	0.505557
21	tsk_21	(x)	1	:	0.000012	0.000000	0.000000	0.999983	0.000005	0.000000
22	tsk_22	(x)	1	:	0.000000	0.000000	0.000000	0.045419	0.449610	0.504971
23	tsk_23	(x)	1	:	0.000003	0.000000	0.440749	0.559246	0.000003	0.000000
24	tsk_24	(x)	1	:	0.000000	0.000000	0.146943	0.348112	0.000000	0.504945
25	tsk_25	(x)	1	:	0.000000	0.491016	0.000000	0.508984	0.000000	0.000000
26	tsk_26	(x)	1	:	0.000005	0.000000	0.000000	0.495016	0.000003	0.504976
27	tsk_27	(x)	1	:	0.000000	0.000000	0.000000	0.000000	0.000000	1.000000
28	tsk_28	(x)	1	:	0.000000	0.490904	0.000000	0.059669	0.449427	0.000000
29	tsk_29	(x)	1	:	0.000000	0.491016	0.000000	0.508984	0.000000	0.000000
30	tsk_30	(x)	1	:	1.000000	0.000000	0.000000	0.000000	0.000000	0.000000
31	tsk_31	(x)	1	:	0.000004	0.000000	0.000000	0.495988	0.000003	0.504005
32	tsk_32	(x)	1	:	0.000005	0.000000	0.000000	0.495987	0.000003	0.504005
33	tsk_33	(x)	1	:	0.000004	0.000000	0.000000	0.495988	0.000003	0.504005
34	tsk_34	(x)	1	:	0.000008	0.000000	0.000000	0.999987	0.000005	0.000000
35	tsk_35	(x)	1	:	0.000000	0.490950	0.000000	0.036735	0.000000	0.472315
36	tsk_36	(x)	1	:	0.000000	0.000000	0.000000	0.046393	0.449608	0.503999
37	tsk_37	(x)	1	:	0.000000	0.000000	0.000000	0.550757	0.449243	0.000000
38	tsk_38	(x)	1	:	0.000000	0.000000	0.000000	0.000000	1.000000	0.000000
39	tsk_39	(x)	1	:	0.000000	0.000000	0.000000	0.550615	0.449385	0.000000
40	tsk_40	(x)	1	:	0.000000	0.000000	0.286933	0.263675	0.449392	0.000000
41	tsk_41	(x)	1	:	0.000008	0.000000	0.000000	0.495011	0.000004	0.504977
42	tsk_42	(x)	1	:	0.000009	0.000000	0.286991	0.712997	0.000003	0.000000
43	tsk_43	(x)	1	:	0.000000	0.000000	0.286887	0.393625	0.319488	0.000000
44	tsk_44	(x)	1	:	0.000007	0.000000	0.286991	0.712999	0.000003	0.000000
45	tsk_45	(x)	1	:	0.000000	0.000000	0.866055	0.133945	0.000000	0.000000
46	tsk_46	(x)	1	:	0.000000	0.000000	0.691496	0.308504	0.000000	0.000000
47	tsk_47	(x)	1	:	0.000000	0.000000	0.534652	0.465348	0.000000	0.000000
48	tsk_48	(x)	1	:	0.000000	0.000000	0.534652	0.465348	0.000000	0.000000
49	tsk_49	(x)	1	:	0.000000	0.000000	0.534652	0.465348	0.000000	0.000000
50	tsk_50	(x)	1	:	1.000000	0.000000	0.000000	0.000000	0.000000	0.000000
51	tsk_51	(x)	1	:	0.000000	0.000000	0.610721	0.389279	0.000000	0.000000
52	tsk_52	(x)	1	:	0.430424	0.000000	0.000000	0.569576	0.000000	0.000000
53	tsk_53	(x)	1	:	0.000000	0.000000	0.756133	0.243867	0.000000	0.000000
54	tsk_54	(x)	1	:	0.000000	0.000000	0.320343	0.230679	0.448978	0.000000
55	tsk_55	(x)	1	:	0.429942	0.000000	0.286848	0.283211	0.000000	0.000000
56	tsk_56	(x)	1	:	0.429552	0.000000	0.320236	0.250211	0.000000	0.000000
57	tsk_57	(x)	1	:	0.429634	0.000000	0.320259	0.250107	0.000000	0.000000
58	tsk_58	(x)	1	:	0.000000	0.000000	0.320414	0.230352	0.449233	0.000000
59	tsk_59	(x)	1	:	0.000000	0.000000	0.610721	0.389279	0.000000	0.000000
60	tsk_60	(x)	1	:	0.000000	0.391302	0.000000	0.608698	0.000000	0.000000
61	tsk_61	(x)	1	:	0.430396	0.000000	0.000000	0.569604	0.000000	0.000000
62	tsk_62	(x)	1	:	0.429594	0.000000	0.286774	0.283632	0.000000	0.000000
63	tsk_63	(x)	1	:	0.000000	0.000000	0.375718	0.624282	0.000000	0.000000
64	tsk_64	(x)	1	:	0.292713	0.000000	0.000000	0.707287	0.000000	0.000000
65	tsk_65	(x)	1	:	0.000004	0.000000	0.286787	0.208325	0.000002	0.504882
66	tsk_66	(x)	1	:	0.429715	0.000000	0.286800	0.283485	0.000000	0.000000
67	tsk_67	(x)	1	:	0.431747	0.000000	0.443491	0.124762	0.000000	0.000000
68	tsk_68	(x)	1	:	0.430465	0.000000	0.000000	0.065545	0.000000	0.503990
69	tsk_69	(x)	1	:	0.000000	0.000000	0.693964	0.306036	0.000000	0.000000
70	tsk_70	(x)	1	:	0.000000	0.000000	0.000000	0.498637	0.501363	0.000000
71	tsk_71	(x)	1	:	0.647034	0.000000	0.000000	0.027086	0.325880	0.000000
72	tsk_72	(x)	1	:	0.000000	0.000000	0.000000	0.348838	0.651162	0.000000
73	tsk_73	(x)	1	:	0.623545	0.000000	0.285674	0.090780	0.000001	0.000000
74	tsk_74	(x)	1	:	0.000009	0.000000	0.320518	0.679471	0.000002	0.000000
75	tsk_75	(x)	1	:	0.000005	0.517373	0.000000	0.000000	0.000000	0.482621
76	tsk_76	(x)	1	:	0.640353	0.000000	0.000000	0.359646	0.000001	0.000000
77	tsk_77	(x)	1	:	0.000009	0.000000	0.320518	0.679470	0.000003	0.000000
78	tsk_78	(x)	1	:	0.000000	0.000000	0.000000	0.348841	0.651159	0.000000
79	tsk_79	(x)	1	:	0.662566	0.000000	0.332511	0.004924	0.000000	0.000000
80	tsk_80	(x)	1	:	0.000000	0.491017	0.000000	0.508983	0.000000	0.000000
81	tsk_81	(x)	1	:	0.000000	0.000000	0.000000	0.550598	0.449402	0.000000
82	tsk_82	(x)	1	:	0.000009	0.000000	0.000000	0.999985	0.000006	0.000000
83	tsk_83	(x)	1	:	0.000000	0.000000	0.000000	0.550712	0.449288	0.000000
84	tsk_84	(x)	1	:	0.000000	0.000000	0.000000	0.078122	0.449560	0.472319
85	tsk_85	(x)	1	:	0.000000	0.000000	0.000000	0.000000	1.000000	0.000000
86	tsk_86	(x)	1	:	0.000000	0.490910	0.000000	0.059650	0.449439	0.000000
87	tsk_87	(x)	1	:	0.651546	0.348454	0.000000	0.000000	0.000000	0.000000
88	tsk_88	(x)	1	:	0.000000	0.000000	0.000000	0.078134	0.449548	0.472318
89	tsk_89	(x)	1	:	0.000002	0.000000	0.000000	0.527665	0.000002	0.472331
90	tsk_90	(x)	1	:	0.000000	0.000000	0.000000	0.175302	0.319736	0.504962
91	tsk_91	(x)	1	:	0.000005	0.000000	0.286790	0.208318	0.000005	0.504883
92	tsk_92	(x)	1	:	0.000004	0.000000	0.286788	0.208321	0.000004	0.504882
93	tsk_93	(x)	1	:	0.000000	0.490666	0.286844	0.222490	0.000000	0.000000
94	tsk_94	(x)	1	:	0.246738	0.000000	0.259886	0.000013	0.000000	0.493362
95	tsk_95	(x)	1	:	0.000000	0.491017	0.000000	0.508983	0.000000	0.000000
96	tsk_96	(x)	1	:	0.000004	0.000000	0.286800	0.209998	0.000009	0.503189
97	tsk_97	(x)	1	:	0.000000	0.000000	0.320129	0.175031	0.000000	0.504839
98	tsk_98	(x)	1	:	0.000000	0.491323	0.320776	0.187901	0.000000	0.000000
99	tsk_99	(x)	1	:	0.246739	0.000000	0.259886	0.000012	0.000000	0.493363
100	tsk_100	(x)	1	:	0.431646	0.000000	0.441167	0.127187	0.000000	0.000000
101	tsk_101	(x)	1	:	0.000004	0.000000	0.440749	0.559245	0.000002	0.000000
102	tsk_102	(x)	1	:	0.000012	0.000000	0.000000	0.999981	0.000007	0.000000
103	tsk_103	(x)	1	:	0.000000	0.000000	0.443031	0.556969	0.000000	0.000000
104	tsk_104	(x)	1	:	0.000008	0.000000	0.286991	0.712998	0.000003	0.000000
105	tsk_105	(x)	1	:	0.000019	0.000000	0.000000	0.999972	0.000009	0.000000
106	tsk_106	(x)	1	:	0.431629	0.000000	0.441161	0.127210	0.000000	0.000000
107	tsk_107	(x)	1	:	0.000001	0.000000	0.000000	0.496718	0.000001	0.503279
108	tsk_108	(x)	1	:	0.000007	0.000000	0.286991	0.712999	0.000003	0.000000
109	tsk_109	(x)	1	:	0.000000	0.000000	0.000000	0.000000	0.000000	1.000000
110	tsk_110	(x)	1	:	0.000000	0.490872	0.000000	0.059765	0.449363	0.000000
111	tsk_111	(x)	1	:	0.000001	0.000000	0.000000	0.495994	0.000001	0.504004
112	tsk_112	(x)	1	:	0.000004	0.000000	0.000000	0.495989	0.000002	0.504004
113	tsk_113	(x)	1	:	0.000008	0.000000	0.320517	0.679474	0.000001	0.000000
114	tsk_114	(x)	1	:	0.000000	0.000000	0.000000	0.550635	0.449365	0.000000
115	tsk_115	(x)	1	:	0.000000	0.000000	0.000000	0.000000	1.000000	0.000000
116	tsk_116	(x)	1	:	0.000000	0.000000	0.000000	0.550630	0.449370	0.000000
117	tsk_117	(x)	1	:	0.000000	0.000000	0.000000	0.000000	1.000000	0.000000
118	tsk_118	(x)	1	:	0.000000	0.000000	0.000000	0.550615	0.449385	0.000000
119	tsk_119	(x)	1	:	0.000000	0.000000	0.000000	0.000000	1.000000	0.000000
120	tsk_120	(x)	1	:	0.000003	0.000000	0.000000	0.496711	0.000006	0.503279
121	tsk_121	(x)	1	:	0.000000	0.000000	0.323077	0.035931	0.640993	0.000000
122	tsk_122	(x)	1	:	0.000005	0.000000	0.286795	0.210005	0.000006	0.503188
123	tsk_123	(x)	1	:	0.429838	0.000000	0.286826	0.283336	0.000000	0.000000
124	tsk_124	(x)	1	:	0.000000	0.472833	0.527167	0.000000	0.000000	0.000000
125	tsk_125	(x)	1	:	0.000000	0.000000	1.000000	0.000000	0.000000	0.000000
126	tsk_126	(x)	1	:	0.430484	0.000000	0.000000	0.066250	0.000000	0.503267
127	tsk_127	(x)	1	:	0.000000	0.491248	0.320728	0.188025	0.000000	0.000000
128	tsk_128	(x)	1	:	0.000000	0.000000	0.505463	0.000000	0.000000	0.494537
129	tsk_129	(x)	1	:	0.071178	0.364450	0.320023	0.244349	0.000000	0.000000
130	tsk_130	(x)	1	:	0.000001	0.000000	0.000000	0.471052	0.000006	0.528942
131	tsk_131	(x)	1	:	0.430295	0.000000	0.000000	0.097407	0.000000	0.472298
132	tsk_132	(x)	1	:	0.640358	0.000000	0.000000	0.359640	0.000002	0.000000
133	tsk_133	(x)	1	:	0.515367	0.000000	0.000000	0.000000	0.000000	0.484633
134	tsk_134	(x)	1	:	0.515367	0.000000	0.000000	0.000000	0.000000	0.484633
135	tsk_135	(x)	1	:	0.000000	0.000000	0.000000	0.000000	0.000000	1.000000
136	tsk_136	(x)	1	:	0.000011	0.000000	0.000000	0.999983	0.000007	0.000000
137	tsk_137	(x)	1	:	0.000001	0.000000	0.000000	0.495994	0.000001	0.504004
138	tsk_138	(x)	1	:	0.000007	0.000000	0.000000	0.999989	0.000004	0.000000
139	tsk_139	(x)	1	:	0.651546	0.348454	0.000000	0.000000	0.000000	0.000000
140	tsk_140	(x)	1	:	0.430491	0.000000	0.000000	0.064545	0.000000	0.504964
141	tsk_141	(x)	1	:	0.000001	0.000000	0.000000	0.496720	0.000001	0.503279
142	tsk_142	(x)	1	:	0.000000	0.000000	0.000000	0.469867	0.000000	0.530133
143	tsk_143	(x)	1	:	0.430243	0.000000	0.000000	0.097464	0.000000	0.472293
144	tsk_144	(x)	1	:	0.000000	0.000000	0.000000	0.697194	0.302806	0.000000
145	tsk_145	(x)	1	:	0.000000	0.000000	0.000000	0.047120	0.449607	0.503274
146	tsk_146	(x)	1	:	0.000002	0.000000	0.000000	0.496718	0.000001	0.503279
147	tsk_147	(x)	1	:	0.430370	0.000000	0.000000	0.569630	0.000000	0.000000
148	tsk_148	(x)	1	:	0.000007	0.000000	0.000000	0.499688	0.000002	0.500303
149	tsk_149	(x)	1	:	0.000000	0.000000	0.000000	0.047120	0.449607	0.503274
