logL = -1387.778062 (converged)
AIC = 6235.556123
BIC = 11443.955182

count.K
15 2 7 47 0 5 17 53 1 3 

