logL = -2894.418922 (converged)
AIC = 6284.837844
BIC = 7031.475397

count.K
59 91 

