0	tsk_0	(x)	1	:	0.480576	0.000000	0.000000	0.000000	0.000000	0.000000	0.006424	0.000000	0.003041	0.000000	0.000000	0.491058	0.018900	0.000000
1	tsk_1	(x)	1	:	1.000000	0.000000	0.000000	0.000000	0.000000	0.000000	0.000000	0.000000	0.000000	0.000000	0.000000	0.000000	0.000000	0.000000
2	tsk_2	(x)	1	:	0.480672	0.000000	0.000000	0.000000	0.000000	0.000000	0.000000	0.000000	0.000000	0.000000	0.000000	0.000000	0.519327	0.000000
3	tsk_3	(x)	1	:	0.000000	0.000000	0.000000	0.000000	0.000000	0.000000	0.437289	0.000000	0.071342	0.000000	0.000000	0.491369	0.000000	0.000000
4	tsk_4	(x)	1	:	1.000000	0.000000	0.000000	0.000000	0.000000	0.000000	0.000000	0.000000	0.000000	0.000000	0.000000	0.000000	0.000000	0.000000
5	tsk_5	(x)	1	:	1.000000	0.000000	0.000000	0.000000	0.000000	0.000000	0.000000	0.000000	0.000000	0.000000	0.000000	0.000000	0.000000	0.000000
6	tsk_6	(x)	1	:	0.000000	0.000000	0.000000	0.000000	0.000000	0.000000	0.479927	0.000000	0.520073	0.000000	0.000000	0.000000	0.000000	0.000000
7	tsk_7	(x)	1	:	0.000000	0.000000	0.000000	0.716362	0.000000	0.000000	0.000000	0.000000	0.000000	0.000000	0.000000	0.000000	0.000000	0.283638
8	tsk_8	(x)	1	:	0.479862	0.000000	0.000000	0.000000	0.000000	0.000000	0.008341	0.000000	0.000936	0.000000	0.000000	0.490887	0.019974	0.000000
9	tsk_9	(x)	1	:	0.481613	0.000000	0.000000	0.000000	0.000000	0.000000	0.385086	0.000000	0.115860	0.000000	0.000000	0.000000	0.017440	0.000000
10	tsk_10	(x)	1	:	0.000000	0.000000	0.000000	0.429685	0.000000	0.000000	0.050118	0.000000	0.020103	0.000000	0.000000	0.000000	0.500094	0.000000
11	tsk_11	(x)	1	:	0.000000	0.000000	0.000000	0.000000	0.000000	0.000000	0.000000	0.000000	0.000000	1.000000	0.000000	0.000000	0.000000	0.000000
12	tsk_12	(x)	1	:	0.000000	0.000000	0.000000	0.000000	0.000000	0.000000	0.887482	0.000000	0.112518	0.000000	0.000000	0.000000	0.000000	0.000000
13	tsk_13	(x)	1	:	0.000000	0.000000	0.000000	0.000000	0.000000	0.000000	0.000000	0.000000	1.000000	0.000000	0.000000	0.000000	0.000000	0.000000
14	tsk_14	(x)	1	:	0.000000	0.000000	0.000000	0.000000	0.000000	0.000000	0.200373	0.000000	0.299627	0.000000	0.000000	0.000000	0.500000	0.000000
15	tsk_15	(x)	1	:	0.000000	0.000000	0.000000	0.429514	0.000000	0.000000	0.275460	0.000000	0.295026	0.000000	0.000000	0.000000	0.000000	0.000000
16	tsk_16	(x)	1	:	0.000000	0.000000	0.000000	0.641956	0.000000	0.000000	0.130320	0.000000	0.227724	0.000000	0.000000	0.000000	0.000000	0.000000
17	tsk_17	(x)	1	:	0.000000	0.000000	0.000000	0.000000	0.000000	0.000000	0.000000	0.000000	0.000000	0.000000	0.000000	0.000000	1.000000	0.000000
18	tsk_18	(x)	1	:	0.480448	0.000000	0.000000	0.429384	0.000000	0.000000	0.036394	0.000000	0.034019	0.000000	0.000000	0.000000	0.019755	0.000000
19	tsk_19	(x)	1	:	0.000000	0.000000	0.000000	0.429696	0.000000	0.000000	0.031423	0.000000	0.038760	0.000000	0.000000	0.000000	0.500120	0.000000
20	tsk_20	(x)	1	:	0.493717	0.000000	0.000000	0.000000	0.000000	0.000000	0.002595	0.000000	0.005838	0.000000	0.497851	0.000000	0.000000	0.000000
21	tsk_21	(x)	1	:	0.000000	0.000000	0.000000	0.000000	0.000000	0.000000	0.435819	0.000000	0.564181	0.000000	0.000000	0.000000	0.000000	0.000000
22	tsk_22	(x)	1	:	0.000000	0.000000	0.495675	0.000000	0.000000	0.000000	0.002154	0.000000	0.005421	0.000000	0.496750	0.000000	0.000000	0.000000
23	tsk_23	(x)	1	:	0.000000	0.000000	0.000000	0.000000	0.000000	0.000000	0.160353	0.000000	0.339648	0.000000	0.000000	0.000000	0.000000	0.500000
24	tsk_24	(x)	1	:	0.000000	0.000000	0.000000	0.000000	0.000000	0.000000	0.107275	0.000000	0.151993	0.000000	0.497155	0.243577	0.000000	0.000000
25	tsk_25	(x)	1	:	0.480415	0.000000	0.000000	0.000000	0.000000	0.000000	0.296340	0.000000	0.203403	0.000000	0.000000	0.000000	0.019843	0.000000
26	tsk_26	(x)	1	:	0.000000	0.000000	0.000000	0.000000	0.000000	0.000000	0.242073	0.000000	0.260749	0.000000	0.497177	0.000000	0.000000	0.000000
27	tsk_27	(x)	1	:	0.000000	0.000000	0.000000	0.000000	0.000000	0.000000	0.000000	0.000000	0.000000	0.000000	1.000000	0.000000	0.000000	0.000000
28	tsk_28	(x)	1	:	0.483075	0.000000	0.496494	0.000000	0.000000	0.000000	0.006339	0.000000	0.003053	0.000000	0.000000	0.000000	0.011039	0.000000
29	tsk_29	(x)	1	:	0.481164	0.000000	0.000000	0.000000	0.000000	0.000000	0.329738	0.000000	0.170758	0.000000	0.000000	0.000000	0.018340	0.000000
30	tsk_30	(x)	1	:	0.000000	0.000000	0.000000	0.000000	0.000000	0.000000	0.000000	0.000000	0.000000	0.000000	0.000000	0.000000	1.000000	0.000000
31	tsk_31	(x)	1	:	0.000000	0.000000	0.000000	0.000000	0.000000	0.000000	0.178080	0.000000	0.313936	0.507984	0.000000	0.000000	0.000000	0.000000
32	tsk_32	(x)	1	:	0.000000	0.000000	0.000000	0.000000	0.000000	0.000000	0.492016	0.000000	0.000000	0.507984	0.000000	0.000000	0.000000	0.000000
33	tsk_33	(x)	1	:	0.000000	0.000000	0.000000	0.000000	0.000000	0.000000	0.105072	0.000000	0.386944	0.507984	0.000000	0.000000	0.000000	0.000000
34	tsk_34	(x)	1	:	0.000000	0.000000	0.000000	0.000000	0.000000	0.000000	0.688829	0.000000	0.311171	0.000000	0.000000	0.000000	0.000000	0.000000
35	tsk_35	(x)	1	:	0.482322	0.000000	0.000000	0.000000	0.000000	0.128913	0.010636	0.000000	0.022065	0.322453	0.018098	0.000000	0.015514	0.000000
36	tsk_36	(x)	1	:	0.000000	0.000000	0.489805	0.000000	0.000000	0.000000	0.000858	0.000000	0.002399	0.506938	0.000000	0.000000	0.000000	0.000000
37	tsk_37	(x)	1	:	0.000000	0.000000	0.500000	0.000000	0.000000	0.000000	0.284064	0.000000	0.215935	0.000000	0.000000	0.000000	0.000000	0.000000
38	tsk_38	(x)	1	:	0.000000	0.000000	1.000000	0.000000	0.000000	0.000000	0.000000	0.000000	0.000000	0.000000	0.000000	0.000000	0.000000	0.000000
39	tsk_39	(x)	1	:	0.000000	0.000000	0.500000	0.000000	0.000000	0.000000	0.225243	0.000000	0.274757	0.000000	0.000000	0.000000	0.000000	0.000000
40	tsk_40	(x)	1	:	0.000000	0.000000	0.497030	0.000000	0.000000	0.000000	0.004406	0.000000	0.008665	0.000000	0.000000	0.489899	0.000000	0.000000
41	tsk_41	(x)	1	:	0.000000	0.000000	0.000000	0.000000	0.000000	0.000000	0.218815	0.000000	0.284007	0.000000	0.497177	0.000000	0.000000	0.000000
42	tsk_42	(x)	1	:	0.000000	0.000000	0.000000	0.000000	0.000000	0.000000	0.476047	0.000000	0.032583	0.000000	0.000000	0.491369	0.000000	0.000000
43	tsk_43	(x)	1	:	0.000000	0.380293	0.000000	0.000000	0.000000	0.000000	0.107993	0.000000	0.020328	0.000000	0.000000	0.491386	0.000000	0.000000
44	tsk_44	(x)	1	:	0.000000	0.000000	0.000000	0.000000	0.000000	0.000000	0.419515	0.000000	0.089116	0.000000	0.000000	0.491369	0.000000	0.000000
45	tsk_45	(x)	1	:	0.000000	0.000000	0.000000	0.367815	0.000000	0.000000	0.000000	0.000000	0.000000	0.000000	0.000000	0.000000	0.000000	0.632185
46	tsk_46	(x)	1	:	0.000000	0.000000	0.000000	0.000000	0.000000	0.000000	0.000053	0.000000	0.000055	0.000000	0.000000	0.496481	0.000000	0.503412
47	tsk_47	(x)	1	:	0.000000	0.000000	0.000000	0.000000	0.000000	0.000000	0.000000	0.000000	0.000000	0.000000	0.000000	1.000000	0.000000	0.000000
48	tsk_48	(x)	1	:	0.000000	0.000000	0.000000	0.000000	0.000000	0.000000	0.000000	0.000000	0.000000	0.000000	0.000000	1.000000	0.000000	0.000000
49	tsk_49	(x)	1	:	0.000000	0.000000	0.000000	0.000000	0.000000	0.000000	0.000000	0.000000	0.000000	0.000000	0.000000	1.000000	0.000000	0.000000
50	tsk_50	(x)	1	:	0.000000	0.000000	0.000000	0.000000	0.000000	0.000000	0.000000	0.000000	0.000000	0.000000	0.000000	0.000000	1.000000	0.000000
51	tsk_51	(x)	1	:	0.000000	0.000000	0.000000	0.429342	0.000000	0.000000	0.052329	0.000000	0.027011	0.000000	0.000000	0.491318	0.000000	0.000000
52	tsk_52	(x)	1	:	0.000000	0.000000	0.000000	0.000000	0.000000	0.000000	0.291804	0.000000	0.208195	0.000000	0.000000	0.000000	0.500000	0.000000
53	tsk_53	(x)	1	:	0.000000	0.000000	0.000000	1.000000	0.000000	0.000000	0.000000	0.000000	0.000000	0.000000	0.000000	0.000000	0.000000	0.000000
54	tsk_54	(x)	1	:	0.000000	0.000000	0.500063	0.429672	0.000000	0.000000	0.040624	0.000000	0.029641	0.000000	0.000000	0.000000	0.000000	0.000000
55	tsk_55	(x)	1	:	0.000000	0.000000	0.000000	0.000000	0.000000	0.000000	0.011244	0.000000	0.001757	0.000000	0.000000	0.489922	0.497077	0.000000
56	tsk_56	(x)	1	:	0.000000	0.000000	0.000000	0.429705	0.000000	0.000000	0.036741	0.000000	0.033413	0.000000	0.000000	0.000000	0.500141	0.000000
57	tsk_57	(x)	1	:	0.000000	0.000000	0.000000	0.429677	0.000000	0.000000	0.033786	0.000000	0.036461	0.000000	0.000000	0.000000	0.500076	0.000000
58	tsk_58	(x)	1	:	0.000000	0.000000	0.500062	0.429671	0.000000	0.000000	0.050106	0.000000	0.020161	0.000000	0.000000	0.000000	0.000000	0.000000
59	tsk_59	(x)	1	:	0.000000	0.000000	0.000000	0.429342	0.000000	0.000000	0.052672	0.000000	0.026668	0.000000	0.000000	0.491318	0.000000	0.000000
60	tsk_60	(x)	1	:	0.479014	0.299283	0.000000	0.000000	0.000000	0.000000	0.153440	0.000000	0.045539	0.000000	0.000000	0.000000	0.022723	0.000000
61	tsk_61	(x)	1	:	0.000000	0.000000	0.000000	0.000000	0.000000	0.000000	0.252782	0.000000	0.247218	0.000000	0.000000	0.000000	0.500000	0.000000
62	tsk_62	(x)	1	:	0.000000	0.000000	0.000000	0.000000	0.000000	0.000000	0.012132	0.000000	0.000067	0.000000	0.000000	0.490187	0.497614	0.000000
63	tsk_63	(x)	1	:	0.000000	0.299129	0.000000	0.559420	0.000000	0.000000	0.069024	0.000000	0.072426	0.000000	0.000000	0.000000	0.000000	0.000000
64	tsk_64	(x)	1	:	0.000000	0.299232	0.000000	0.000000	0.000000	0.000000	0.128108	0.000000	0.072655	0.000000	0.000000	0.000000	0.500006	0.000000
65	tsk_65	(x)	1	:	0.000000	0.000000	0.000000	0.000000	0.000000	0.000000	0.003588	0.000000	0.008245	0.000000	0.497115	0.491052	0.000000	0.000000
66	tsk_66	(x)	1	:	0.000000	0.000000	0.000000	0.000000	0.000000	0.000000	0.012179	0.000000	0.000000	0.000000	0.000000	0.490193	0.497628	0.000000
67	tsk_67	(x)	1	:	0.000000	0.000000	0.000000	0.542427	0.000000	0.000000	0.000000	0.000000	0.000000	0.000000	0.000000	0.000000	0.457573	0.000000
68	tsk_68	(x)	1	:	0.000000	0.000000	0.000000	0.000000	0.000000	0.000000	0.000000	0.000000	0.001555	0.507094	0.000000	0.000000	0.491350	0.000000
69	tsk_69	(x)	1	:	0.000000	0.000000	0.000000	0.536720	0.000000	0.000000	0.000000	0.000000	0.000000	0.000000	0.000000	0.463280	0.000000	0.000000
70	tsk_70	(x)	1	:	0.000000	1.000000	0.000000	0.000000	0.000000	0.000000	0.000000	0.000000	0.000000	0.000000	0.000000	0.000000	0.000000	0.000000
71	tsk_71	(x)	1	:	0.000000	0.381182	0.000000	0.000000	0.491117	0.000000	0.089780	0.000000	0.019192	0.000000	0.000000	0.000000	0.018729	0.000000
72	tsk_72	(x)	1	:	0.000000	0.380413	0.500166	0.000000	0.000000	0.000000	0.000000	0.000000	0.119421	0.000000	0.000000	0.000000	0.000000	0.000000
73	tsk_73	(x)	1	:	0.000000	0.000000	0.000000	0.000000	0.000000	0.000000	0.000000	0.000000	0.000000	0.000000	0.000000	0.568995	0.431005	0.000000
74	tsk_74	(x)	1	:	0.000000	0.000000	0.000000	0.429514	0.000000	0.000000	0.456385	0.000000	0.114102	0.000000	0.000000	0.000000	0.000000	0.000000
75	tsk_75	(x)	1	:	0.518110	0.000000	0.000000	0.000000	0.000000	0.481890	0.000000	0.000000	0.000000	0.000000	0.000000	0.000000	0.000000	0.000000
76	tsk_76	(x)	1	:	0.000000	0.000000	0.000000	0.000000	0.494548	0.000000	0.262062	0.000000	0.232486	0.000000	0.000000	0.000000	0.010904	0.000000
77	tsk_77	(x)	1	:	0.000000	0.000000	0.000000	0.429514	0.000000	0.000000	0.246799	0.000000	0.323687	0.000000	0.000000	0.000000	0.000000	0.000000
78	tsk_78	(x)	1	:	0.000000	0.380365	0.500104	0.000000	0.000000	0.000000	0.100351	0.000000	0.019179	0.000000	0.000000	0.000000	0.000000	0.000000
79	tsk_79	(x)	1	:	0.000000	0.000000	0.000000	0.430621	0.491485	0.000000	0.037755	0.000000	0.020588	0.000000	0.000000	0.000000	0.019551	0.000000
80	tsk_80	(x)	1	:	0.482727	0.000000	0.000000	0.000000	0.000000	0.000000	0.281225	0.000000	0.220841	0.000000	0.000000	0.000000	0.015207	0.000000
81	tsk_81	(x)	1	:	0.000000	0.000000	0.500000	0.000000	0.000000	0.000000	0.312390	0.000000	0.187610	0.000000	0.000000	0.000000	0.000000	0.000000
82	tsk_82	(x)	1	:	0.000000	0.000000	0.000000	0.000000	0.000000	0.000000	0.767810	0.000000	0.232190	0.000000	0.000000	0.000000	0.000000	0.000000
83	tsk_83	(x)	1	:	0.000000	0.000000	0.500000	0.000000	0.000000	0.000000	0.346322	0.000000	0.153678	0.000000	0.000000	0.000000	0.000000	0.000000
84	tsk_84	(x)	1	:	0.000000	0.000000	0.499634	0.000000	0.000000	0.128421	0.007840	0.000000	0.023033	0.322022	0.019050	0.000000	0.000000	0.000000
85	tsk_85	(x)	1	:	0.000000	0.000000	1.000000	0.000000	0.000000	0.000000	0.000000	0.000000	0.000000	0.000000	0.000000	0.000000	0.000000	0.000000
86	tsk_86	(x)	1	:	0.483975	0.000000	0.496587	0.000000	0.000000	0.000000	0.009260	0.000000	0.000845	0.000000	0.000000	0.000000	0.009332	0.000000
87	tsk_87	(x)	1	:	0.483511	0.000000	0.000000	0.000000	0.502854	0.000000	0.000000	0.000000	0.000000	0.000000	0.000000	0.000000	0.013635	0.000000
88	tsk_88	(x)	1	:	0.000000	0.000000	0.499635	0.000000	0.000000	0.128471	0.017931	0.000000	0.012941	0.322067	0.018954	0.000000	0.000000	0.000000
89	tsk_89	(x)	1	:	0.000000	0.000000	0.000000	0.000000	0.000000	0.128722	0.314073	0.000000	0.216403	0.322284	0.018519	0.000000	0.000000	0.000000
90	tsk_90	(x)	1	:	0.000000	0.380306	0.000000	0.000000	0.000000	0.000000	0.016935	0.000000	0.105578	0.000000	0.497181	0.000000	0.000000	0.000000
91	tsk_91	(x)	1	:	0.000000	0.000000	0.000000	0.000000	0.000000	0.000000	0.005021	0.000000	0.006878	0.000000	0.497105	0.490997	0.000000	0.000000
92	tsk_92	(x)	1	:	0.000000	0.000000	0.000000	0.000000	0.000000	0.000000	0.004069	0.000000	0.007854	0.000000	0.497101	0.490976	0.000000	0.000000
93	tsk_93	(x)	1	:	0.484874	0.000000	0.000000	0.000000	0.000000	0.000000	0.009880	0.000000	0.001446	0.000000	0.000000	0.491859	0.011941	0.000000
94	tsk_94	(x)	1	:	0.000000	0.000000	0.000000	0.000000	0.000000	0.000000	0.000000	0.000000	0.000000	0.000000	0.496225	0.503775	0.000000	0.000000
95	tsk_95	(x)	1	:	0.481412	0.000000	0.000000	0.000000	0.000000	0.000000	0.304571	0.000000	0.196173	0.000000	0.000000	0.000000	0.017843	0.000000
96	tsk_96	(x)	1	:	0.000000	0.000000	0.000000	0.000000	0.000000	0.501642	0.001846	0.000000	0.005088	0.000000	0.000000	0.491425	0.000000	0.000000
97	tsk_97	(x)	1	:	0.000000	0.000000	0.000000	0.429176	0.000000	0.000000	0.073649	0.000000	0.000000	0.000000	0.497174	0.000000	0.000000	0.000000
98	tsk_98	(x)	1	:	0.479858	0.000000	0.000000	0.429433	0.000000	0.000000	0.035502	0.000000	0.034176	0.000000	0.000000	0.000000	0.021031	0.000000
99	tsk_99	(x)	1	:	0.000000	0.000000	0.000000	0.000000	0.000000	0.000000	0.000000	0.000000	0.000000	0.000000	0.496225	0.503775	0.000000	0.000000
100	tsk_100	(x)	1	:	0.000000	0.000000	0.000000	0.000000	0.000000	0.000000	0.000000	0.000000	0.000000	0.000000	0.000000	0.000000	0.500000	0.500000
101	tsk_101	(x)	1	:	0.000000	0.000000	0.000000	0.000000	0.000000	0.000000	0.144954	0.000000	0.355047	0.000000	0.000000	0.000000	0.000000	0.500000
102	tsk_102	(x)	1	:	0.000000	0.000000	0.000000	0.000000	0.000000	0.000000	0.558771	0.000000	0.441229	0.000000	0.000000	0.000000	0.000000	0.000000
103	tsk_103	(x)	1	:	0.000000	0.000000	0.000000	0.559600	0.000000	0.000000	0.317028	0.000000	0.123373	0.000000	0.000000	0.000000	0.000000	0.000000
104	tsk_104	(x)	1	:	0.000000	0.000000	0.000000	0.000000	0.000000	0.000000	0.340535	0.000000	0.168096	0.000000	0.000000	0.491369	0.000000	0.000000
105	tsk_105	(x)	1	:	0.000000	0.000000	0.000000	0.000000	0.000000	0.000000	0.612791	0.000000	0.387208	0.000000	0.000000	0.000000	0.000000	0.000000
106	tsk_106	(x)	1	:	0.000000	0.000000	0.000000	0.000000	0.000000	0.000000	0.000000	0.000000	0.000000	0.000000	0.000000	0.000000	0.500000	0.500000
107	tsk_107	(x)	1	:	0.000000	0.000000	0.000000	0.000000	0.000000	0.501632	0.063325	0.000000	0.435042	0.000000	0.000000	0.000000	0.000000	0.000000
108	tsk_108	(x)	1	:	0.000000	0.000000	0.000000	0.000000	0.000000	0.000000	0.334728	0.000000	0.173903	0.000000	0.000000	0.491369	0.000000	0.000000
109	tsk_109	(x)	1	:	0.000000	0.000000	0.000000	0.000000	0.000000	1.000000	0.000000	0.000000	0.000000	0.000000	0.000000	0.000000	0.000000	0.000000
110	tsk_110	(x)	1	:	0.481119	0.000000	0.495906	0.000000	0.000000	0.000000	0.006521	0.000000	0.002093	0.000000	0.000000	0.000000	0.014361	0.000000
111	tsk_111	(x)	1	:	0.000000	0.000000	0.000000	0.000000	0.000000	0.000000	0.245621	0.000000	0.246395	0.507984	0.000000	0.000000	0.000000	0.000000
112	tsk_112	(x)	1	:	0.000000	0.000000	0.000000	0.000000	0.000000	0.000000	0.046391	0.000000	0.445625	0.507984	0.000000	0.000000	0.000000	0.000000
113	tsk_113	(x)	1	:	0.000000	0.000000	0.000000	0.429514	0.000000	0.000000	0.414718	0.000000	0.155768	0.000000	0.000000	0.000000	0.000000	0.000000
114	tsk_114	(x)	1	:	0.000000	0.000000	0.500000	0.000000	0.000000	0.000000	0.277452	0.000000	0.222548	0.000000	0.000000	0.000000	0.000000	0.000000
115	tsk_115	(x)	1	:	0.000000	0.000000	1.000000	0.000000	0.000000	0.000000	0.000000	0.000000	0.000000	0.000000	0.000000	0.000000	0.000000	0.000000
116	tsk_116	(x)	1	:	0.000000	0.000000	0.500000	0.000000	0.000000	0.000000	0.386521	0.000000	0.113479	0.000000	0.000000	0.000000	0.000000	0.000000
117	tsk_117	(x)	1	:	0.000000	0.000000	1.000000	0.000000	0.000000	0.000000	0.000000	0.000000	0.000000	0.000000	0.000000	0.000000	0.000000	0.000000
118	tsk_118	(x)	1	:	0.000000	0.000000	0.500000	0.000000	0.000000	0.000000	0.223558	0.000000	0.276441	0.000000	0.000000	0.000000	0.000000	0.000000
119	tsk_119	(x)	1	:	0.000000	0.000000	1.000000	0.000000	0.000000	0.000000	0.000000	0.000000	0.000000	0.000000	0.000000	0.000000	0.000000	0.000000
120	tsk_120	(x)	1	:	0.000000	0.000000	0.000000	0.000000	0.000000	0.501632	0.026504	0.000000	0.471864	0.000000	0.000000	0.000000	0.000000	0.000000
121	tsk_121	(x)	1	:	0.000000	0.000000	0.469466	0.530449	0.000000	0.000000	0.000066	0.000000	0.000019	0.000000	0.000000	0.000000	0.000000	0.000000
122	tsk_122	(x)	1	:	0.000000	0.000000	0.000000	0.000000	0.000000	0.501642	0.002833	0.000000	0.004100	0.000000	0.000000	0.491425	0.000000	0.000000
123	tsk_123	(x)	1	:	0.000000	0.000000	0.000000	0.000000	0.000000	0.000000	0.012375	0.000000	0.000000	0.000000	0.000000	0.490129	0.497496	0.000000
124	tsk_124	(x)	1	:	0.411751	0.000000	0.000000	0.588249	0.000000	0.000000	0.000000	0.000000	0.000000	0.000000	0.000000	0.000000	0.000000	0.000000
125	tsk_125	(x)	1	:	0.000000	0.000000	0.000000	1.000000	0.000000	0.000000	0.000000	0.000000	0.000000	0.000000	0.000000	0.000000	0.000000	0.000000
126	tsk_126	(x)	1	:	0.000000	0.000000	0.000000	0.000000	0.000000	0.501349	0.000000	0.000000	0.001447	0.000000	0.000000	0.000000	0.497204	0.000000
127	tsk_127	(x)	1	:	0.478854	0.000000	0.000000	0.429544	0.000000	0.000000	0.054152	0.000000	0.014193	0.000000	0.000000	0.000000	0.023258	0.000000
128	tsk_128	(x)	1	:	0.000000	0.000000	0.000000	0.534589	0.000000	0.000000	0.000000	0.000000	0.000000	0.000000	0.465411	0.000000	0.000000	0.000000
129	tsk_129	(x)	1	:	0.000000	0.000000	0.000000	0.000050	0.000000	0.000000	0.000011	0.999934	0.000004	0.000000	0.000000	0.000000	0.000000	0.000000
130	tsk_130	(x)	1	:	0.000000	0.000000	0.000000	0.000000	0.000000	0.000000	0.021094	0.000000	0.446106	0.532800	0.000000	0.000000	0.000000	0.000000
131	tsk_131	(x)	1	:	0.000000	0.000000	0.000000	0.000000	0.000000	0.129559	0.019673	0.000000	0.011033	0.323161	0.016764	0.000000	0.499809	0.000000
132	tsk_132	(x)	1	:	0.000000	0.000000	0.000000	0.000000	0.494088	0.000000	0.363479	0.000000	0.130609	0.000000	0.000000	0.000000	0.011824	0.000000
133	tsk_133	(x)	1	:	0.000000	0.000000	0.000000	0.000000	0.492399	0.000000	0.000000	0.000000	0.000000	0.506529	0.000000	0.000000	0.001073	0.000000
134	tsk_134	(x)	1	:	0.000000	0.000000	0.000000	0.000000	0.492482	0.000000	0.000000	0.000000	0.000000	0.506536	0.000000	0.000000	0.000982	0.000000
135	tsk_135	(x)	1	:	0.000000	0.000000	0.000000	0.000000	0.000000	0.053581	0.000000	0.000000	0.000000	0.944757	0.001661	0.000000	0.000000	0.000000
136	tsk_136	(x)	1	:	0.000000	0.000000	0.000000	0.000000	0.000000	0.000000	0.509290	0.000000	0.490709	0.000000	0.000000	0.000000	0.000000	0.000000
137	tsk_137	(x)	1	:	0.000000	0.000000	0.000000	0.000000	0.000000	0.000000	0.103415	0.000000	0.388601	0.507984	0.000000	0.000000	0.000000	0.000000
138	tsk_138	(x)	1	:	0.000000	0.000000	0.000000	0.000000	0.000000	0.000000	1.000000	0.000000	0.000000	0.000000	0.000000	0.000000	0.000000	0.000000
139	tsk_139	(x)	1	:	0.480260	0.000000	0.000000	0.000000	0.499587	0.000000	0.000000	0.000000	0.000000	0.000000	0.000000	0.000000	0.020153	0.000000
140	tsk_140	(x)	1	:	0.000000	0.000000	0.000000	0.000000	0.000000	0.000000	0.000000	0.000000	0.004633	0.000000	0.497014	0.000000	0.498353	0.000000
141	tsk_141	(x)	1	:	0.000000	0.000000	0.000000	0.000000	0.000000	0.501632	0.065591	0.000000	0.432776	0.000000	0.000000	0.000000	0.000000	0.000000
142	tsk_142	(x)	1	:	0.000000	0.000000	0.000000	0.000000	0.000000	0.000000	0.043164	0.000000	0.434999	0.000000	0.521837	0.000000	0.000000	0.000000
143	tsk_143	(x)	1	:	0.000000	0.000000	0.000000	0.000000	0.000000	0.129427	0.010990	0.000000	0.020869	0.323258	0.016690	0.000000	0.498766	0.000000
144	tsk_144	(x)	1	:	0.000000	0.299232	0.500006	0.000000	0.000000	0.000000	0.126735	0.000000	0.074027	0.000000	0.000000	0.000000	0.000000	0.000000
145	tsk_145	(x)	1	:	0.000000	0.000000	0.493974	0.000000	0.000000	0.501026	0.001033	0.000000	0.003966	0.000000	0.000000	0.000000	0.000000	0.000000
146	tsk_146	(x)	1	:	0.000000	0.000000	0.000000	0.000000	0.000000	0.501632	0.078639	0.000000	0.419729	0.000000	0.000000	0.000000	0.000000	0.000000
147	tsk_147	(x)	1	:	0.000000	0.000000	0.000000	0.000000	0.000000	0.000000	0.317193	0.000000	0.182807	0.000000	0.000000	0.000000	0.500000	0.000000
148	tsk_148	(x)	1	:	0.000000	0.000000	0.000000	0.000000	0.000000	0.481351	0.175934	0.000000	0.342715	0.000000	0.000000	0.000000	0.000000	0.000000
149	tsk_149	(x)	1	:	0.000000	0.000000	0.494239	0.000000	0.000000	0.501052	0.001441	0.000000	0.003267	0.000000	0.000000	0.000000	0.000000	0.000000
