logL = -1275.734316 (converged)
AIC = 7269.468631
BIC = 14371.557290

count.K
4 23 2 13 15 2 23 6 3 14 16 5 24 

