logL = -2255.983186 (converged)
AIC = 5345.966371
BIC = 6601.401289

count.K
53 40 57 

