logL = -5616.151037 (converged)
AIC = 12312.302073
BIC = 13938.045132

count.K
48 65 37 

