logL = -1012.886821 (converged)
AIC = 6261.773641
BIC = 12638.299194

count.K
12 22 22 11 12 24 1 12 13 4 16 1 

