logL = -846.384947 (converged)
AIC = 5952.769893
BIC = 12365.423070

count.K
24 46 16 5 4 0 1 4 25 5 4 16 

