0	tsk_0	(x)	1	:	0.000000	0.000000	0.000076	0.269407	0.406047	0.000000	0.000000	0.000000	0.000000	0.000000	0.000000	0.324470	0.000000
1	tsk_1	(x)	1	:	0.000000	0.000000	0.000043	0.338063	0.000000	0.000000	0.500001	0.000000	0.000000	0.000000	0.000000	0.161893	0.000000
2	tsk_2	(x)	1	:	0.000000	0.000000	0.000000	0.385048	0.000000	0.000000	0.000000	0.000000	0.491317	0.000000	0.000000	0.123635	0.000000
3	tsk_3	(x)	1	:	0.000000	0.000000	0.000000	0.000000	0.000000	0.000000	1.000000	0.000000	0.000000	0.000000	0.000000	0.000000	0.000000
4	tsk_4	(x)	1	:	0.000000	0.000000	0.000061	0.328375	0.406045	0.000000	0.000000	0.000000	0.000000	0.000000	0.000000	0.265519	0.000000
5	tsk_5	(x)	1	:	0.000000	0.000000	0.000160	0.306371	0.000000	0.000000	0.000000	0.000000	0.000000	0.000000	0.000000	0.693469	0.000000
6	tsk_6	(x)	1	:	0.000000	0.000000	0.000000	0.014238	0.404178	0.000000	0.000000	0.000000	0.000000	0.000000	0.499798	0.081786	0.000000
7	tsk_7	(x)	1	:	0.000000	0.000000	0.000049	0.220821	0.000000	0.540075	0.000000	0.000000	0.000000	0.000000	0.000000	0.239056	0.000000
8	tsk_8	(x)	1	:	0.000000	0.000000	0.000081	0.379538	0.000000	0.000000	0.000000	0.000000	0.491330	0.000000	0.000000	0.129052	0.000000
9	tsk_9	(x)	1	:	0.000000	0.000000	0.000173	0.704936	0.000000	0.000000	0.000000	0.000000	0.000000	0.000000	0.000000	0.294890	0.000000
10	tsk_10	(x)	1	:	0.000000	0.000000	0.000074	0.196881	0.406029	0.000000	0.000000	0.000000	0.000000	0.000000	0.000000	0.397015	0.000000
11	tsk_11	(x)	1	:	0.000000	0.000000	0.000000	0.000000	0.522494	0.000000	0.000000	0.000000	0.000000	0.477506	0.000000	0.000000	0.000000
12	tsk_12	(x)	1	:	0.000000	0.000000	0.000000	0.000000	0.522494	0.000000	0.000000	0.000000	0.000000	0.477506	0.000000	0.000000	0.000000
13	tsk_13	(x)	1	:	0.000000	0.000000	0.000000	0.000000	0.000000	0.000000	1.000000	0.000000	0.000000	0.000000	0.000000	0.000000	0.000000
14	tsk_14	(x)	1	:	0.000000	0.000000	0.000000	0.000000	0.000000	0.000000	0.507313	0.000000	0.000000	0.492687	0.000000	0.000000	0.000000
15	tsk_15	(x)	1	:	0.000000	0.000000	0.000000	0.000000	0.517319	0.000000	0.482681	0.000000	0.000000	0.000000	0.000000	0.000000	0.000000
16	tsk_16	(x)	1	:	0.000000	0.000000	0.000043	0.327575	0.406041	0.000000	0.000000	0.000000	0.000000	0.000000	0.000000	0.266341	0.000000
17	tsk_17	(x)	1	:	0.000000	0.000000	0.000000	0.000000	1.000000	0.000000	0.000000	0.000000	0.000000	0.000000	0.000000	0.000000	0.000000
18	tsk_18	(x)	1	:	0.000000	0.000000	0.000000	0.000000	0.581155	0.418845	0.000000	0.000000	0.000000	0.000000	0.000000	0.000000	0.000000
19	tsk_19	(x)	1	:	0.000000	0.000000	0.000000	0.000000	0.517319	0.000000	0.482681	0.000000	0.000000	0.000000	0.000000	0.000000	0.000000
20	tsk_20	(x)	1	:	0.000000	0.000000	0.000204	0.654237	0.000000	0.000000	0.000000	0.000000	0.000000	0.000000	0.000000	0.345559	0.000000
21	tsk_21	(x)	1	:	0.000000	0.000000	0.000000	0.000000	0.405987	0.000000	0.000000	0.000000	0.000000	0.498162	0.000000	0.095851	0.000000
22	tsk_22	(x)	1	:	0.000000	0.405037	0.000000	0.000000	0.000000	0.594962	0.000000	0.000000	0.000000	0.000000	0.000000	0.000000	0.000000
23	tsk_23	(x)	1	:	0.000000	0.000000	0.000054	0.341469	0.000000	0.540075	0.000000	0.000000	0.000000	0.000000	0.000000	0.118402	0.000000
24	tsk_24	(x)	1	:	0.259404	0.000000	0.000000	0.000000	0.000000	0.482779	0.250648	0.000000	0.000000	0.007169	0.000000	0.000000	0.000000
25	tsk_25	(x)	1	:	0.000000	0.000000	0.000047	0.085787	0.000000	0.000000	0.000000	0.000000	0.000000	0.498173	0.000000	0.415993	0.000000
26	tsk_26	(x)	1	:	0.000000	0.000000	0.000000	0.000000	0.000000	0.000000	0.000000	0.000000	0.000000	1.000000	0.000000	0.000000	0.000000
27	tsk_27	(x)	1	:	0.000000	0.000000	0.000181	0.683333	0.000000	0.000000	0.000000	0.000000	0.000000	0.000000	0.000000	0.316486	0.000000
28	tsk_28	(x)	1	:	0.000000	0.000000	0.000058	0.135321	0.000000	0.000000	0.000000	0.000000	0.000000	0.498173	0.000000	0.366447	0.000000
29	tsk_29	(x)	1	:	0.000000	0.000000	0.000199	0.518982	0.000000	0.000000	0.000000	0.000000	0.000000	0.000000	0.000000	0.480819	0.000000
30	tsk_30	(x)	1	:	0.000000	0.000000	0.000202	0.833076	0.000000	0.000000	0.000000	0.000000	0.000000	0.000000	0.000000	0.166721	0.000000
31	tsk_31	(x)	1	:	0.000000	0.000000	0.000191	0.750894	0.000000	0.000000	0.000000	0.000000	0.000000	0.000000	0.000000	0.248915	0.000000
32	tsk_32	(x)	1	:	0.000000	0.000000	0.000000	0.000008	0.000000	0.000000	0.499998	0.000000	0.000000	0.000002	0.000000	0.000003	0.499990
33	tsk_33	(x)	1	:	0.000000	0.000000	0.000177	0.732844	0.000000	0.000000	0.000000	0.000000	0.000000	0.000000	0.000000	0.266979	0.000000
34	tsk_34	(x)	1	:	0.000000	0.000000	0.000000	0.000000	0.405987	0.000000	0.000000	0.000000	0.000000	0.498162	0.000000	0.095851	0.000000
35	tsk_35	(x)	1	:	0.000000	0.000000	0.000000	0.000013	0.000000	0.000000	0.499997	0.000000	0.000000	0.000000	0.000000	0.000019	0.499971
36	tsk_36	(x)	1	:	0.000000	0.000000	0.000180	0.621116	0.000000	0.000000	0.000000	0.000000	0.000000	0.000000	0.000000	0.378704	0.000000
37	tsk_37	(x)	1	:	0.259460	0.000000	0.000000	0.000000	0.000000	0.000000	0.247852	0.000000	0.000000	0.492687	0.000000	0.000000	0.000000
38	tsk_38	(x)	1	:	0.000000	0.000000	0.000071	0.146444	0.000000	0.000000	0.500002	0.000000	0.000000	0.000000	0.000000	0.353483	0.000000
39	tsk_39	(x)	1	:	0.506776	0.000000	0.000082	0.172989	0.000000	0.000000	0.000000	0.000000	0.000000	0.000000	0.000000	0.320154	0.000000
40	tsk_40	(x)	1	:	0.000000	1.000000	0.000000	0.000000	0.000000	0.000000	0.000000	0.000000	0.000000	0.000000	0.000000	0.000000	0.000000
41	tsk_41	(x)	1	:	0.000000	0.000000	0.000161	0.531081	0.000000	0.000000	0.000000	0.000000	0.000000	0.000000	0.000000	0.468758	0.000000
42	tsk_42	(x)	1	:	0.000000	0.000000	1.000000	0.000000	0.000000	0.000000	0.000000	0.000000	0.000000	0.000000	0.000000	0.000000	0.000000
43	tsk_43	(x)	1	:	0.000000	0.000000	0.000199	0.724906	0.000000	0.000000	0.000000	0.000000	0.000000	0.000000	0.000000	0.274895	0.000000
44	tsk_44	(x)	1	:	0.000000	0.000000	0.000083	0.110387	0.000000	0.000000	0.000000	0.000000	0.491330	0.000000	0.000000	0.398200	0.000000
45	tsk_45	(x)	1	:	0.000000	0.000000	0.000073	0.642361	0.000000	0.000000	0.000000	0.000000	0.000000	0.000000	0.000000	0.357566	0.000000
46	tsk_46	(x)	1	:	0.000000	0.000000	0.000131	0.768892	0.000000	0.000000	0.000000	0.000000	0.000000	0.000000	0.000000	0.230977	0.000000
47	tsk_47	(x)	1	:	0.000000	0.000000	0.000078	0.290612	0.000000	0.000000	0.000000	0.000000	0.491329	0.000000	0.000000	0.217980	0.000000
48	tsk_48	(x)	1	:	0.000000	0.000000	0.000029	0.361923	0.000000	0.000000	0.000000	0.500061	0.000000	0.000000	0.000000	0.137987	0.000000
49	tsk_49	(x)	1	:	0.000000	0.000000	0.000188	0.505709	0.000000	0.000000	0.000000	0.000000	0.000000	0.000000	0.000000	0.494102	0.000000
50	tsk_50	(x)	1	:	0.000000	0.000000	0.000201	0.631297	0.000000	0.000000	0.000000	0.000000	0.000000	0.000000	0.000000	0.368502	0.000000
51	tsk_51	(x)	1	:	0.000000	0.000000	0.000000	0.899696	0.000000	0.000000	0.000000	0.000000	0.000000	0.000000	0.000000	0.100304	0.000000
52	tsk_52	(x)	1	:	0.000000	0.000000	0.000053	0.049149	0.000000	0.000000	0.000000	0.000000	0.000000	0.498173	0.000000	0.452626	0.000000
53	tsk_53	(x)	1	:	0.336788	0.000000	0.000022	0.224837	0.000000	0.000000	0.163210	0.000000	0.000000	0.000000	0.000000	0.275144	0.000000
54	tsk_54	(x)	1	:	0.000000	0.000000	0.000005	0.000000	0.405911	0.000000	0.000000	0.000000	0.000000	0.498153	0.000000	0.095931	0.000000
55	tsk_55	(x)	1	:	0.000000	0.000000	0.000076	0.299906	0.406030	0.000000	0.000000	0.000000	0.000000	0.000000	0.000000	0.293988	0.000000
56	tsk_56	(x)	1	:	0.000000	0.000000	0.000000	0.045176	0.000000	0.000000	0.000000	0.000000	0.000000	0.000000	0.500000	0.454824	0.000000
57	tsk_57	(x)	1	:	0.000000	0.000000	0.000084	0.167299	0.000000	0.000000	0.000000	0.000000	0.000000	0.498174	0.000000	0.334443	0.000000
58	tsk_58	(x)	1	:	0.000000	0.000000	0.000079	0.336483	0.000000	0.443314	0.000000	0.000000	0.000000	0.000000	0.000000	0.220124	0.000000
59	tsk_59	(x)	1	:	0.000000	0.000000	0.000075	0.223832	0.000000	0.000000	0.000000	0.000000	0.000000	0.498174	0.000000	0.277920	0.000000
60	tsk_60	(x)	1	:	0.000000	0.000000	0.000016	0.281800	0.406036	0.000000	0.000000	0.000000	0.000000	0.000000	0.000000	0.312149	0.000000
61	tsk_61	(x)	1	:	0.000000	0.000000	0.000062	0.378805	0.000000	0.599113	0.000000	0.000000	0.000000	0.000000	0.000000	0.022020	0.000000
62	tsk_62	(x)	1	:	0.000000	0.000000	0.000077	0.421734	0.000000	0.523590	0.000000	0.000000	0.000000	0.000000	0.000000	0.054600	0.000000
63	tsk_63	(x)	1	:	0.000000	0.000000	0.000074	0.167547	0.000000	0.523589	0.000000	0.000000	0.000000	0.000000	0.000000	0.308790	0.000000
64	tsk_64	(x)	1	:	0.000000	0.000000	0.000064	0.266830	0.000000	0.540076	0.000000	0.000000	0.000000	0.000000	0.000000	0.193030	0.000000
65	tsk_65	(x)	1	:	0.000000	0.000000	0.000000	0.000000	0.000000	0.528664	0.000000	0.000000	0.471336	0.000000	0.000000	0.000000	0.000000
66	tsk_66	(x)	1	:	0.000000	0.000000	0.000052	0.345186	0.406018	0.000000	0.000000	0.000000	0.000000	0.000000	0.000000	0.248744	0.000000
67	tsk_67	(x)	1	:	0.000000	0.000000	0.000004	0.026457	0.405933	0.540033	0.000000	0.000000	0.000000	0.000000	0.000000	0.027573	0.000000
68	tsk_68	(x)	1	:	0.000000	0.000000	0.000008	0.029015	0.405752	0.521996	0.000000	0.000000	0.000000	0.000000	0.000000	0.043230	0.000000
69	tsk_69	(x)	1	:	0.000000	0.000000	0.000000	0.000000	0.000000	1.000000	0.000000	0.000000	0.000000	0.000000	0.000000	0.000000	0.000000
70	tsk_70	(x)	1	:	0.000000	0.553172	0.000042	0.391353	0.000000	0.000000	0.000000	0.000000	0.000000	0.000000	0.000000	0.055432	0.000000
71	tsk_71	(x)	1	:	0.000000	1.000000	0.000000	0.000000	0.000000	0.000000	0.000000	0.000000	0.000000	0.000000	0.000000	0.000000	0.000000
72	tsk_72	(x)	1	:	0.000000	0.512849	0.000000	0.000000	0.000000	0.000000	0.487151	0.000000	0.000000	0.000000	0.000000	0.000000	0.000000
73	tsk_73	(x)	1	:	0.000000	1.000000	0.000000	0.000000	0.000000	0.000000	0.000000	0.000000	0.000000	0.000000	0.000000	0.000000	0.000000
74	tsk_74	(x)	1	:	0.000000	0.553169	0.000019	0.332536	0.000000	0.000000	0.000000	0.000000	0.000000	0.000000	0.000000	0.114276	0.000000
75	tsk_75	(x)	1	:	0.000000	1.000000	0.000000	0.000000	0.000000	0.000000	0.000000	0.000000	0.000000	0.000000	0.000000	0.000000	0.000000
76	tsk_76	(x)	1	:	0.000000	0.553170	0.000025	0.337386	0.000000	0.000000	0.000000	0.000000	0.000000	0.000000	0.000000	0.109419	0.000000
77	tsk_77	(x)	1	:	0.000000	0.553171	0.000036	0.393462	0.000000	0.000000	0.000000	0.000000	0.000000	0.000000	0.000000	0.053331	0.000000
78	tsk_78	(x)	1	:	0.000000	1.000000	0.000000	0.000000	0.000000	0.000000	0.000000	0.000000	0.000000	0.000000	0.000000	0.000000	0.000000
79	tsk_79	(x)	1	:	0.000000	1.000000	0.000000	0.000000	0.000000	0.000000	0.000000	0.000000	0.000000	0.000000	0.000000	0.000000	0.000000
80	tsk_80	(x)	1	:	0.000000	0.512849	0.000000	0.000000	0.000000	0.000000	0.487151	0.000000	0.000000	0.000000	0.000000	0.000000	0.000000
81	tsk_81	(x)	1	:	0.000000	0.475872	0.000000	0.000000	0.000000	0.000000	0.000000	0.000000	0.000000	0.524128	0.000000	0.000000	0.000000
82	tsk_82	(x)	1	:	0.000000	0.000000	0.000000	0.000000	0.000000	0.482191	0.000000	0.000000	0.000000	0.517809	0.000000	0.000000	0.000000
83	tsk_83	(x)	1	:	0.000000	0.000000	0.000007	0.019286	0.000000	0.443225	0.000000	0.000000	0.491181	0.000000	0.000000	0.046300	0.000000
84	tsk_84	(x)	1	:	0.000000	0.475872	0.000000	0.000000	0.000000	0.000000	0.000000	0.000000	0.000000	0.524128	0.000000	0.000000	0.000000
85	tsk_85	(x)	1	:	0.000000	0.000000	0.000007	0.049198	0.000000	0.443206	0.000000	0.000000	0.491151	0.000000	0.000000	0.016437	0.000000
86	tsk_86	(x)	1	:	0.000000	0.404479	0.000014	0.097020	0.405918	0.000000	0.000000	0.000000	0.000000	0.000000	0.000000	0.092568	0.000000
87	tsk_87	(x)	1	:	0.000000	0.000000	0.000088	0.202782	0.000000	0.443315	0.000000	0.000000	0.000000	0.000000	0.000000	0.353814	0.000000
88	tsk_88	(x)	1	:	0.000000	0.000000	0.000000	0.000000	0.000000	0.000000	0.000000	0.000000	0.000000	1.000000	0.000000	0.000000	0.000000
89	tsk_89	(x)	1	:	0.000000	0.000000	0.000018	0.063147	0.405629	0.443179	0.000000	0.000000	0.000000	0.000000	0.000000	0.088027	0.000000
90	tsk_90	(x)	1	:	0.000000	0.000000	0.000000	0.291581	0.000000	0.000000	0.500000	0.000000	0.000000	0.000000	0.000000	0.208419	0.000000
91	tsk_91	(x)	1	:	0.000000	0.000000	0.000000	0.001242	0.000000	0.000000	0.500114	0.000000	0.491894	0.000001	0.000000	0.006750	0.000000
92	tsk_92	(x)	1	:	0.000000	0.000000	0.000202	0.436169	0.000000	0.000000	0.000000	0.000000	0.000000	0.000000	0.000000	0.563629	0.000000
93	tsk_93	(x)	1	:	0.000000	0.553171	0.000030	0.309445	0.000000	0.000000	0.000000	0.000000	0.000000	0.000000	0.000000	0.137354	0.000000
94	tsk_94	(x)	1	:	0.000000	0.000000	0.000009	0.000000	0.405814	0.000000	0.000000	0.000000	0.000000	0.498142	0.000000	0.096036	0.000000
95	tsk_95	(x)	1	:	0.000000	0.000000	0.000088	0.337975	0.406037	0.000000	0.000000	0.000000	0.000000	0.000000	0.000000	0.255900	0.000000
96	tsk_96	(x)	1	:	0.000000	1.000000	0.000000	0.000000	0.000000	0.000000	0.000000	0.000000	0.000000	0.000000	0.000000	0.000000	0.000000
97	tsk_97	(x)	1	:	0.000000	0.000000	0.000007	0.049935	0.405379	0.000000	0.000000	0.000000	0.490960	0.000000	0.000000	0.053720	0.000000
98	tsk_98	(x)	1	:	0.000000	0.000000	0.000001	0.002956	0.000000	0.000000	0.500046	0.000000	0.491551	0.000000	0.000000	0.005446	0.000000
99	tsk_99	(x)	1	:	0.000000	0.000000	0.000083	0.158787	0.000000	0.000000	0.500002	0.000000	0.000000	0.000000	0.000000	0.341127	0.000000
100	tsk_100	(x)	1	:	0.334821	0.000000	0.000001	0.002352	0.000000	0.000000	0.165215	0.000000	0.490603	0.000000	0.000000	0.007008	0.000000
101	tsk_101	(x)	1	:	0.000000	0.000000	0.000044	0.187355	0.000000	0.000000	0.000000	0.000000	0.491324	0.000000	0.000000	0.321277	0.000000
102	tsk_102	(x)	1	:	0.000000	0.000000	0.000000	0.000000	0.000000	0.528664	0.000000	0.000000	0.471336	0.000000	0.000000	0.000000	0.000000
103	tsk_103	(x)	1	:	1.000000	0.000000	0.000000	0.000000	0.000000	0.000000	0.000000	0.000000	0.000000	0.000000	0.000000	0.000000	0.000000
104	tsk_104	(x)	1	:	0.000000	0.000000	0.000183	0.528281	0.000000	0.000000	0.000000	0.000000	0.000000	0.000000	0.000000	0.471535	0.000000
105	tsk_105	(x)	1	:	0.260009	0.475843	0.000000	0.000000	0.000000	0.000000	0.247193	0.000000	0.000000	0.016955	0.000000	0.000000	0.000000
106	tsk_106	(x)	1	:	0.000000	0.000000	0.000000	0.000000	0.000000	0.000000	0.000000	0.000000	0.000000	1.000000	0.000000	0.000000	0.000000
107	tsk_107	(x)	1	:	0.000000	0.402968	0.000000	0.001550	0.000000	0.000000	0.000000	0.000000	0.595197	0.000000	0.000000	0.000284	0.000000
108	tsk_108	(x)	1	:	0.000000	0.000000	0.000075	0.322242	0.406047	0.000000	0.000000	0.000000	0.000000	0.000000	0.000000	0.271636	0.000000
109	tsk_109	(x)	1	:	0.526479	0.473516	0.000000	0.000000	0.000000	0.000000	0.000000	0.000000	0.000000	0.000006	0.000000	0.000000	0.000000
110	tsk_110	(x)	1	:	0.000000	0.000000	0.000000	0.000000	0.000000	0.000000	0.500000	0.000000	0.000000	0.000000	0.500000	0.000000	0.000000
111	tsk_111	(x)	1	:	0.000000	0.000000	0.000081	0.238883	0.000000	0.000000	0.500002	0.000000	0.000000	0.000000	0.000000	0.261034	0.000000
112	tsk_112	(x)	1	:	0.000000	0.553171	0.000033	0.366856	0.000000	0.000000	0.000000	0.000000	0.000000	0.000000	0.000000	0.079940	0.000000
113	tsk_113	(x)	1	:	0.000000	0.000000	0.000000	0.084970	0.000000	0.000000	0.000000	0.000000	0.000000	0.000000	0.500000	0.415030	0.000000
114	tsk_114	(x)	1	:	0.000000	0.000000	0.000172	0.655092	0.000000	0.000000	0.000000	0.000000	0.000000	0.000000	0.000000	0.344736	0.000000
115	tsk_115	(x)	1	:	0.000000	0.514192	0.000000	0.000000	0.000000	0.000000	0.000000	0.000000	0.000000	0.000000	0.485808	0.000000	0.000000
116	tsk_116	(x)	1	:	0.000000	0.000000	0.000000	0.117583	0.000000	0.000000	0.000000	0.000000	0.000000	0.000000	0.500000	0.382417	0.000000
117	tsk_117	(x)	1	:	0.000000	0.000000	0.000000	0.000000	0.000000	0.000000	0.000000	0.000000	0.000000	0.000000	1.000000	0.000000	0.000000
118	tsk_118	(x)	1	:	0.000000	0.000000	0.000000	0.000000	0.000000	0.000000	0.000000	0.000000	0.000000	0.000000	1.000000	0.000000	0.000000
119	tsk_119	(x)	1	:	0.000000	0.000000	0.000000	0.126080	0.633583	0.000000	0.000000	0.000000	0.000000	0.000000	0.000000	0.240336	0.000000
120	tsk_120	(x)	1	:	0.000000	0.000000	0.000000	0.000000	0.000000	0.000000	0.000000	0.000000	0.000000	1.000000	0.000000	0.000000	0.000000
121	tsk_121	(x)	1	:	0.000000	0.475872	0.000000	0.000000	0.000000	0.000000	0.000000	0.000000	0.000000	0.524128	0.000000	0.000000	0.000000
122	tsk_122	(x)	1	:	0.000000	0.000000	0.000000	0.000000	0.000000	0.482191	0.000000	0.000000	0.000000	0.517809	0.000000	0.000000	0.000000
123	tsk_123	(x)	1	:	0.000000	0.000000	0.000000	0.000000	0.000000	0.000000	0.000000	0.000000	0.000000	1.000000	0.000000	0.000000	0.000000
124	tsk_124	(x)	1	:	0.000000	0.000000	0.000096	0.227083	0.406047	0.000000	0.000000	0.000000	0.000000	0.000000	0.000000	0.366774	0.000000
125	tsk_125	(x)	1	:	0.000000	0.000000	0.000000	0.000000	0.000000	0.000000	0.000000	0.000000	0.499725	0.500275	0.000000	0.000000	0.000000
126	tsk_126	(x)	1	:	0.000000	0.000000	0.000000	0.000000	0.000000	0.000000	0.000000	0.000000	0.000000	1.000000	0.000000	0.000000	0.000000
127	tsk_127	(x)	1	:	0.000000	0.000000	0.000177	0.572850	0.000000	0.000000	0.000000	0.000000	0.000000	0.000000	0.000000	0.426973	0.000000
128	tsk_128	(x)	1	:	0.000000	0.000000	0.000000	0.000000	0.000000	0.000000	0.000000	0.000000	0.000000	1.000000	0.000000	0.000000	0.000000
129	tsk_129	(x)	1	:	0.000000	0.000000	0.000000	0.000000	0.000000	0.000000	0.000000	0.000000	0.000000	1.000000	0.000000	0.000000	0.000000
130	tsk_130	(x)	1	:	0.000000	0.000000	0.000160	0.520254	0.000000	0.000000	0.000000	0.000000	0.000000	0.000000	0.000000	0.479586	0.000000
131	tsk_131	(x)	1	:	0.000000	0.000000	0.000186	0.454847	0.000000	0.000000	0.000000	0.000000	0.000000	0.000000	0.000000	0.544968	0.000000
132	tsk_132	(x)	1	:	0.000000	0.000000	0.000141	0.850683	0.000000	0.000000	0.000000	0.000000	0.000000	0.000000	0.000000	0.149176	0.000000
133	tsk_133	(x)	1	:	0.000000	0.000000	0.000016	0.171368	0.000000	0.000000	0.000000	0.000000	0.000000	0.498172	0.000000	0.330444	0.000000
134	tsk_134	(x)	1	:	0.000000	0.000000	0.000106	0.638487	0.000000	0.000000	0.000000	0.000000	0.000000	0.000000	0.000000	0.361407	0.000000
135	tsk_135	(x)	1	:	0.000000	0.000000	0.000067	0.476844	0.000000	0.000000	0.000000	0.000000	0.000000	0.000000	0.000000	0.523089	0.000000
136	tsk_136	(x)	1	:	0.000000	0.000000	0.000048	0.038841	0.000000	0.000000	0.000000	0.000000	0.000000	0.498173	0.000000	0.462938	0.000000
137	tsk_137	(x)	1	:	0.000000	0.000000	0.000032	0.689371	0.000000	0.000000	0.000000	0.000000	0.000000	0.000000	0.000000	0.310596	0.000000
138	tsk_138	(x)	1	:	0.000000	0.000000	0.000000	0.000000	0.000000	0.000000	0.000000	0.501763	0.000000	0.498237	0.000000	0.000000	0.000000
139	tsk_139	(x)	1	:	0.000000	0.000000	0.000203	0.366620	0.000000	0.000000	0.000000	0.000000	0.000000	0.000000	0.000000	0.633177	0.000000
140	tsk_140	(x)	1	:	0.000000	0.000000	0.000000	0.000000	0.000000	0.456604	0.000000	0.000000	0.000000	0.543395	0.000000	0.000000	0.000000
141	tsk_141	(x)	1	:	0.000000	0.000000	0.000000	0.000000	0.000000	0.482191	0.000000	0.000000	0.000000	0.517809	0.000000	0.000000	0.000000
142	tsk_142	(x)	1	:	0.000000	0.000000	0.000000	0.000000	0.405987	0.000000	0.000000	0.000000	0.000000	0.498162	0.000000	0.095851	0.000000
143	tsk_143	(x)	1	:	0.000000	0.000000	0.000000	0.000000	0.000000	0.000000	0.000000	0.000000	0.000000	1.000000	0.000000	0.000000	0.000000
144	tsk_144	(x)	1	:	0.000000	0.000000	0.000000	0.000000	0.000000	0.000000	0.000000	0.000000	0.000000	1.000000	0.000000	0.000000	0.000000
145	tsk_145	(x)	1	:	0.000000	0.000000	0.000083	0.118833	0.000000	0.000000	0.000000	0.000000	0.000000	0.498174	0.000000	0.382910	0.000000
146	tsk_146	(x)	1	:	0.000000	0.000000	0.000000	0.000000	0.000000	0.000000	0.000000	0.000000	0.000000	1.000000	0.000000	0.000000	0.000000
147	tsk_147	(x)	1	:	0.000000	0.000000	0.000000	0.000000	0.000000	0.000000	0.000000	0.000000	0.000000	1.000000	0.000000	0.000000	0.000000
148	tsk_148	(x)	1	:	0.000000	0.000000	0.000000	0.000000	0.000000	0.482191	0.000000	0.000000	0.000000	0.517809	0.000000	0.000000	0.000000
149	tsk_149	(x)	1	:	0.000000	0.000000	0.000000	0.000000	0.000000	0.000000	0.507313	0.000000	0.000000	0.492687	0.000000	0.000000	0.000000
