logL = -1402.373544 (converged)
AIC = 5888.747088
BIC = 10531.146712

count.K
47 43 4 15 22 6 7 2 4 

