logL = -763.402363 (converged)
AIC = 6210.804726
BIC = 13261.712585

count.K
13 9 1 19 12 40 10 11 2 2 22 2 1 6 

