logL = -1031.575078 (converged)
AIC = 5039.150156
BIC = 9518.975473

count.K
9 25 44 18 11 7 11 21 4 

