logL = -775.825289 (converged)
AIC = 6319.650577
BIC = 13497.005119

count.K
26 4 14 13 17 5 14 7 21 0 1 9 13 6 

