0	tsk_0	(x)	1	:	0.497379	0.000000	0.000000	0.502621	0.000000	0.000000	0.000000	0.000000	0.000000	0.000000	0.000000	0.000000
1	tsk_1	(x)	1	:	0.050003	0.000000	0.000000	0.502845	0.000000	0.000000	0.000000	0.000000	0.000000	0.000000	0.447152	0.000000
2	tsk_2	(x)	1	:	0.000000	0.000000	0.000000	0.000000	0.000000	0.493604	0.000000	0.000000	0.000000	0.506396	0.000000	0.000000
3	tsk_3	(x)	1	:	0.000000	0.000000	0.000000	0.000000	0.000000	0.516327	0.000000	0.000000	0.000000	0.483673	0.000000	0.000000
4	tsk_4	(x)	1	:	0.538358	0.000000	0.000000	0.000000	0.000000	0.000000	0.461642	0.000000	0.000000	0.000000	0.000000	0.000000
5	tsk_5	(x)	1	:	0.000000	0.000000	0.000000	0.000000	0.000000	0.355491	0.000000	0.000000	0.000000	0.000000	0.237329	0.407181
6	tsk_6	(x)	1	:	0.000000	0.000000	0.000000	0.000000	0.000000	0.516327	0.000000	0.000000	0.000000	0.483673	0.000000	0.000000
7	tsk_7	(x)	1	:	0.000000	0.000000	0.000000	0.000000	0.000000	0.516327	0.000000	0.000000	0.000000	0.483673	0.000000	0.000000
8	tsk_8	(x)	1	:	0.392685	0.000000	0.000000	0.000000	0.000000	0.607315	0.000000	0.000000	0.000000	0.000000	0.000000	0.000000
9	tsk_9	(x)	1	:	0.289575	0.000000	0.000000	0.000000	0.000000	0.710425	0.000000	0.000000	0.000000	0.000000	0.000000	0.000000
10	tsk_10	(x)	1	:	0.008723	0.000028	0.000000	0.000000	0.000000	0.991249	0.000000	0.000000	0.000000	0.000000	0.000000	0.000000
11	tsk_11	(x)	1	:	0.000246	0.467007	0.000000	0.000000	0.000000	0.000000	0.000000	0.000000	0.532747	0.000000	0.000000	0.000000
12	tsk_12	(x)	1	:	0.460231	0.000000	0.000000	0.000000	0.000000	0.000000	0.000000	0.000000	0.539769	0.000000	0.000000	0.000000
13	tsk_13	(x)	1	:	0.150132	0.000000	0.000000	0.000000	0.000000	0.358793	0.000000	0.000000	0.000000	0.000000	0.000000	0.491074
14	tsk_14	(x)	1	:	0.150133	0.000000	0.000000	0.000000	0.000000	0.358795	0.000000	0.000000	0.000000	0.000000	0.000000	0.491072
15	tsk_15	(x)	1	:	0.307500	0.000000	0.000000	0.000000	0.000000	0.000000	0.461657	0.000000	0.230842	0.000000	0.000000	0.000000
16	tsk_16	(x)	1	:	0.000000	0.000000	0.516653	0.000000	0.000000	0.003232	0.000003	0.000000	0.000000	0.000000	0.480112	0.000000
17	tsk_17	(x)	1	:	0.000000	0.000000	0.516684	0.000000	0.000000	0.003171	0.000000	0.000000	0.000000	0.000000	0.480145	0.000000
18	tsk_18	(x)	1	:	0.000024	0.000000	0.000000	0.000000	0.000000	0.000000	0.414789	0.000000	0.585188	0.000000	0.000000	0.000000
19	tsk_19	(x)	1	:	0.000314	0.466965	0.000000	0.000000	0.000000	0.000000	0.000000	0.000000	0.532720	0.000000	0.000000	0.000000
20	tsk_20	(x)	1	:	0.000000	0.443131	0.000000	0.000000	0.000000	0.000000	0.000000	0.000000	0.000000	0.000000	0.556869	0.000000
21	tsk_21	(x)	1	:	0.000000	0.000044	0.000000	0.000000	0.000000	0.999955	0.000000	0.000000	0.000000	0.000000	0.000000	0.000000
22	tsk_22	(x)	1	:	0.059878	0.478940	0.000000	0.000000	0.000000	0.000000	0.461181	0.000000	0.000000	0.000000	0.000000	0.000000
23	tsk_23	(x)	1	:	0.414549	0.585451	0.000000	0.000000	0.000000	0.000000	0.000000	0.000000	0.000000	0.000000	0.000000	0.000000
24	tsk_24	(x)	1	:	0.059867	0.478944	0.000000	0.000000	0.000000	0.000000	0.461189	0.000000	0.000000	0.000000	0.000000	0.000000
25	tsk_25	(x)	1	:	0.538358	0.000000	0.000000	0.000000	0.000000	0.000000	0.461642	0.000000	0.000000	0.000000	0.000000	0.000000
26	tsk_26	(x)	1	:	0.000000	0.366532	0.000000	0.000000	0.000000	0.633468	0.000000	0.000000	0.000000	0.000000	0.000000	0.000000
27	tsk_27	(x)	1	:	0.000000	0.000000	0.000000	0.000000	0.000000	1.000000	0.000000	0.000000	0.000000	0.000000	0.000000	0.000000
28	tsk_28	(x)	1	:	0.000000	0.000000	0.000000	0.000000	0.000000	1.000000	0.000000	0.000000	0.000000	0.000000	0.000000	0.000000
29	tsk_29	(x)	1	:	0.000000	0.366532	0.000000	0.000000	0.000000	0.633468	0.000000	0.000000	0.000000	0.000000	0.000000	0.000000
30	tsk_30	(x)	1	:	0.000000	0.000000	0.000000	0.000000	0.000000	0.000000	0.000000	0.000000	0.000000	0.499173	0.000000	0.500827
31	tsk_31	(x)	1	:	0.403911	0.000000	0.000000	0.000000	0.000000	0.000000	0.000000	0.000000	0.000000	0.000000	0.000000	0.596089
32	tsk_32	(x)	1	:	0.023363	0.479243	0.000000	0.000000	0.000000	0.000000	0.000000	0.000000	0.000000	0.497393	0.000000	0.000000
33	tsk_33	(x)	1	:	0.000000	0.000000	0.489449	0.000000	0.000000	0.000000	0.000000	0.000000	0.000000	0.000000	0.000000	0.510550
34	tsk_34	(x)	1	:	0.000000	1.000000	0.000000	0.000000	0.000000	0.000000	0.000000	0.000000	0.000000	0.000000	0.000000	0.000000
35	tsk_35	(x)	1	:	0.030765	0.478657	0.000000	0.000000	0.000000	0.000000	0.000000	0.000000	0.000000	0.000000	0.000000	0.490578
36	tsk_36	(x)	1	:	0.000000	1.000000	0.000000	0.000000	0.000000	0.000000	0.000000	0.000000	0.000000	0.000000	0.000000	0.000000
37	tsk_37	(x)	1	:	0.000000	1.000000	0.000000	0.000000	0.000000	0.000000	0.000000	0.000000	0.000000	0.000000	0.000000	0.000000
38	tsk_38	(x)	1	:	0.410693	0.589284	0.000000	0.000000	0.000000	0.000000	0.000000	0.000000	0.000000	0.000000	0.000000	0.000023
39	tsk_39	(x)	1	:	0.000000	0.000000	0.000000	0.000000	0.000000	0.000000	0.000000	0.000000	0.000000	0.000000	0.000000	1.000000
40	tsk_40	(x)	1	:	0.150127	0.000000	0.000000	0.000000	0.000000	0.358768	0.000000	0.000000	0.000000	0.000000	0.000016	0.491089
41	tsk_41	(x)	1	:	0.000000	0.000000	0.000000	0.420307	0.000000	0.000000	0.000000	0.000000	0.579693	0.000000	0.000000	0.000000
42	tsk_42	(x)	1	:	0.000000	0.000000	0.000000	0.770709	0.229291	0.000000	0.000000	0.000000	0.000000	0.000000	0.000000	0.000000
43	tsk_43	(x)	1	:	0.000000	0.000000	0.000000	0.144087	0.000000	0.000000	0.000000	0.000000	0.367189	0.000000	0.000000	0.488724
44	tsk_44	(x)	1	:	0.150132	0.000000	0.000000	0.000000	0.000000	0.358794	0.000000	0.000000	0.000000	0.000000	0.000000	0.491074
45	tsk_45	(x)	1	:	0.138660	0.000000	0.000000	0.502551	0.000000	0.358789	0.000000	0.000000	0.000000	0.000000	0.000000	0.000000
46	tsk_46	(x)	1	:	0.000000	0.000000	0.000000	0.420307	0.000000	0.000000	0.000000	0.000000	0.579693	0.000000	0.000000	0.000000
47	tsk_47	(x)	1	:	0.000000	0.000000	0.000000	0.000000	0.000000	0.000000	0.000000	0.507656	0.000000	0.000000	0.000000	0.492344
48	tsk_48	(x)	1	:	0.508878	0.000000	0.000000	0.000000	0.000000	0.000000	0.000000	0.000000	0.000000	0.000000	0.000000	0.491122
49	tsk_49	(x)	1	:	0.145591	0.000000	0.000000	0.096715	0.403331	0.354362	0.000000	0.000000	0.000000	0.000000	0.000000	0.000000
50	tsk_50	(x)	1	:	0.304579	0.000000	0.000000	0.307865	0.000000	0.000000	0.000000	0.000000	0.000000	0.000000	0.000000	0.387556
51	tsk_51	(x)	1	:	0.000000	0.000000	0.000000	0.000000	0.000000	0.000000	0.534382	0.465618	0.000000	0.000000	0.000000	0.000000
52	tsk_52	(x)	1	:	0.000000	0.000000	0.000000	0.632985	0.000000	0.000000	0.000000	0.000000	0.367015	0.000000	0.000000	0.000000
53	tsk_53	(x)	1	:	0.000000	0.000000	0.000000	0.000000	0.000000	0.000000	0.000000	0.000000	0.000000	0.486392	0.513608	0.000000
54	tsk_54	(x)	1	:	0.000000	0.000000	0.000000	0.439737	0.000000	0.000000	0.560263	0.000000	0.000000	0.000000	0.000000	0.000000
55	tsk_55	(x)	1	:	0.000000	0.000000	0.000000	0.472430	0.000000	0.000000	0.000000	0.000000	0.000000	0.000000	0.527570	0.000000
56	tsk_56	(x)	1	:	0.041722	0.000000	0.000000	0.000000	0.000000	0.000000	0.460964	0.000000	0.000000	0.497314	0.000000	0.000000
57	tsk_57	(x)	1	:	0.497374	0.000000	0.000000	0.502626	0.000000	0.000000	0.000000	0.000000	0.000000	0.000000	0.000000	0.000000
58	tsk_58	(x)	1	:	0.000000	0.000000	0.000000	0.000000	0.000000	0.000000	0.000000	0.482109	0.000000	0.000000	0.517891	0.000000
59	tsk_59	(x)	1	:	0.000000	0.000000	0.000000	0.401789	0.230893	0.000000	0.000000	0.000000	0.367317	0.000000	0.000000	0.000000
60	tsk_60	(x)	1	:	0.538358	0.000000	0.000000	0.000000	0.000000	0.000000	0.461642	0.000000	0.000000	0.000000	0.000000	0.000000
61	tsk_61	(x)	1	:	0.059866	0.478944	0.000000	0.000000	0.000000	0.000000	0.461190	0.000000	0.000000	0.000000	0.000000	0.000000
62	tsk_62	(x)	1	:	0.538358	0.000000	0.000000	0.000000	0.000000	0.000000	0.461642	0.000000	0.000000	0.000000	0.000000	0.000000
63	tsk_63	(x)	1	:	0.414549	0.585451	0.000000	0.000000	0.000000	0.000000	0.000000	0.000000	0.000000	0.000000	0.000000	0.000000
64	tsk_64	(x)	1	:	0.508877	0.000000	0.000000	0.000000	0.000000	0.000000	0.000000	0.000000	0.000000	0.000000	0.000000	0.491123
65	tsk_65	(x)	1	:	0.020885	0.478012	0.000000	0.133683	0.000000	0.000000	0.000000	0.000000	0.367419	0.000000	0.000000	0.000000
66	tsk_66	(x)	1	:	0.538358	0.000000	0.000000	0.000000	0.000000	0.000000	0.461642	0.000000	0.000000	0.000000	0.000000	0.000000
67	tsk_67	(x)	1	:	0.059871	0.478943	0.000000	0.000000	0.000000	0.000000	0.461186	0.000000	0.000000	0.000000	0.000000	0.000000
68	tsk_68	(x)	1	:	0.038240	0.000000	0.000000	0.134259	0.000000	0.000000	0.460234	0.000000	0.367267	0.000000	0.000000	0.000000
69	tsk_69	(x)	1	:	0.497378	0.000000	0.000000	0.502622	0.000000	0.000000	0.000000	0.000000	0.000000	0.000000	0.000000	0.000000
70	tsk_70	(x)	1	:	0.498196	0.000000	0.000000	0.000000	0.000000	0.000000	0.000000	0.500532	0.000000	0.000000	0.000000	0.001271
71	tsk_71	(x)	1	:	0.000000	0.000000	0.501398	0.000000	0.000000	0.498602	0.000000	0.000000	0.000000	0.000000	0.000000	0.000000
72	tsk_72	(x)	1	:	0.005473	0.483081	0.511446	0.000000	0.000000	0.000000	0.000000	0.000000	0.000000	0.000000	0.000000	0.000000
73	tsk_73	(x)	1	:	0.498187	0.000000	0.000000	0.000000	0.000000	0.000000	0.000000	0.500528	0.000000	0.000000	0.000000	0.001284
74	tsk_74	(x)	1	:	0.000000	0.000000	0.000000	0.511502	0.000000	0.000000	0.000000	0.000000	0.000000	0.000000	0.000000	0.488498
75	tsk_75	(x)	1	:	0.000000	0.000000	1.000000	0.000000	0.000000	0.000000	0.000000	0.000000	0.000000	0.000000	0.000000	0.000000
76	tsk_76	(x)	1	:	0.000000	0.000000	0.000000	1.000000	0.000000	0.000000	0.000000	0.000000	0.000000	0.000000	0.000000	0.000000
77	tsk_77	(x)	1	:	0.999902	0.000000	0.000000	0.000000	0.000000	0.000098	0.000000	0.000000	0.000000	0.000000	0.000000	0.000000
78	tsk_78	(x)	1	:	0.497374	0.000000	0.000000	0.502626	0.000000	0.000000	0.000000	0.000000	0.000000	0.000000	0.000000	0.000000
79	tsk_79	(x)	1	:	0.520787	0.479213	0.000000	0.000000	0.000000	0.000000	0.000000	0.000000	0.000000	0.000000	0.000000	0.000000
80	tsk_80	(x)	1	:	1.000000	0.000000	0.000000	0.000000	0.000000	0.000000	0.000000	0.000000	0.000000	0.000000	0.000000	0.000000
81	tsk_81	(x)	1	:	0.000000	0.000000	0.486499	0.513501	0.000000	0.000000	0.000000	0.000000	0.000000	0.000000	0.000000	0.000000
82	tsk_82	(x)	1	:	0.000000	0.000000	0.000000	0.000000	0.000000	0.000000	0.000000	0.501849	0.000000	0.497414	0.000000	0.000736
83	tsk_83	(x)	1	:	0.000000	0.000000	0.000000	0.000000	0.000000	0.000000	0.000000	1.000000	0.000000	0.000000	0.000000	0.000000
84	tsk_84	(x)	1	:	0.502613	0.000000	0.000000	0.000000	0.000000	0.000000	0.000000	0.000000	0.000000	0.497387	0.000000	0.000000
85	tsk_85	(x)	1	:	0.498277	0.000000	0.000000	0.000000	0.000000	0.000000	0.000000	0.500591	0.000000	0.000000	0.000000	0.001133
86	tsk_86	(x)	1	:	0.000000	0.000000	0.000000	0.000000	0.000000	0.000000	0.000000	0.501819	0.000000	0.497404	0.000000	0.000776
87	tsk_87	(x)	1	:	0.000000	0.000000	0.000000	0.000000	0.000000	0.000000	0.000000	0.000000	0.000000	1.000000	0.000000	0.000000
88	tsk_88	(x)	1	:	0.000000	0.000000	0.000000	0.000000	0.000000	0.000000	0.000000	1.000000	0.000000	0.000000	0.000000	0.000000
89	tsk_89	(x)	1	:	0.513191	0.000000	0.486809	0.000000	0.000000	0.000000	0.000000	0.000000	0.000000	0.000000	0.000000	0.000000
90	tsk_90	(x)	1	:	0.000000	0.000000	0.000000	0.161639	0.461753	0.000000	0.000000	0.000000	0.376608	0.000000	0.000000	0.000000
91	tsk_91	(x)	1	:	0.000000	0.000000	0.000000	0.000000	0.530405	0.000000	0.469595	0.000000	0.000000	0.000000	0.000000	0.000000
92	tsk_92	(x)	1	:	0.000000	0.000000	0.000000	0.000000	0.000000	0.000000	1.000000	0.000000	0.000000	0.000000	0.000000	0.000000
93	tsk_93	(x)	1	:	0.041732	0.000000	0.000000	0.000000	0.000000	0.000000	0.460956	0.000000	0.000000	0.497313	0.000000	0.000000
94	tsk_94	(x)	1	:	0.000000	0.000000	0.000000	0.000000	0.530403	0.000000	0.469597	0.000000	0.000000	0.000000	0.000000	0.000000
95	tsk_95	(x)	1	:	0.000000	0.000000	0.000000	0.068514	0.000000	0.000000	0.564183	0.000000	0.367303	0.000000	0.000000	0.000000
96	tsk_96	(x)	1	:	0.000000	0.000000	0.000000	0.000000	0.000000	0.000000	0.522150	0.000000	0.000000	0.477850	0.000000	0.000000
97	tsk_97	(x)	1	:	0.000000	0.000000	0.000000	0.000000	0.530404	0.000000	0.469596	0.000000	0.000000	0.000000	0.000000	0.000000
98	tsk_98	(x)	1	:	0.006502	0.000000	0.000000	0.000000	0.000000	0.000000	0.451498	0.000000	0.000000	0.000000	0.542000	0.000000
99	tsk_99	(x)	1	:	0.000000	0.000000	0.000000	0.000000	0.000000	0.550937	0.000000	0.000000	0.000000	0.000000	0.000000	0.449063
100	tsk_100	(x)	1	:	0.030766	0.478653	0.000000	0.000000	0.000000	0.000000	0.000000	0.000000	0.000000	0.000000	0.000000	0.490581
101	tsk_101	(x)	1	:	0.008866	0.000032	0.000000	0.000000	0.000000	0.991102	0.000000	0.000000	0.000000	0.000000	0.000000	0.000000
102	tsk_102	(x)	1	:	0.179780	0.000000	0.000000	0.000000	0.000000	0.358735	0.461485	0.000000	0.000000	0.000000	0.000000	0.000000
103	tsk_103	(x)	1	:	0.179780	0.000000	0.000000	0.000000	0.000000	0.358735	0.461485	0.000000	0.000000	0.000000	0.000000	0.000000
104	tsk_104	(x)	1	:	0.000000	0.000000	0.000000	0.511500	0.000000	0.000000	0.000000	0.000000	0.000000	0.000000	0.000000	0.488500
105	tsk_105	(x)	1	:	0.000000	0.000000	0.000000	0.511500	0.000000	0.000000	0.000000	0.000000	0.000000	0.000000	0.000000	0.488500
106	tsk_106	(x)	1	:	0.000000	0.000000	1.000000	0.000000	0.000000	0.000000	0.000000	0.000000	0.000000	0.000000	0.000000	0.000000
107	tsk_107	(x)	1	:	0.179780	0.000000	0.000000	0.000000	0.000000	0.358736	0.461483	0.000000	0.000000	0.000000	0.000000	0.000000
108	tsk_108	(x)	1	:	0.143828	0.000000	0.000000	0.000000	0.000000	0.358793	0.000000	0.000000	0.000000	0.497376	0.000002	0.000000
109	tsk_109	(x)	1	:	0.008651	0.000037	0.000000	0.000000	0.000000	0.991313	0.000000	0.000000	0.000000	0.000000	0.000000	0.000000
110	tsk_110	(x)	1	:	0.049966	0.000000	0.000000	0.502811	0.000000	0.000000	0.000000	0.000000	0.000000	0.000000	0.447222	0.000000
111	tsk_111	(x)	1	:	0.641126	0.000000	0.000000	0.000000	0.000000	0.358874	0.000000	0.000000	0.000000	0.000000	0.000000	0.000000
112	tsk_112	(x)	1	:	0.497367	0.000000	0.000000	0.502633	0.000000	0.000000	0.000000	0.000000	0.000000	0.000000	0.000000	0.000000
113	tsk_113	(x)	1	:	0.037789	0.000000	0.000000	0.501898	0.000000	0.000000	0.460313	0.000000	0.000000	0.000000	0.000000	0.000000
114	tsk_114	(x)	1	:	0.000000	0.000000	0.000000	1.000000	0.000000	0.000000	0.000000	0.000000	0.000000	0.000000	0.000000	0.000000
115	tsk_115	(x)	1	:	0.037636	0.000000	0.000000	0.501949	0.000000	0.000000	0.460414	0.000000	0.000000	0.000000	0.000000	0.000000
116	tsk_116	(x)	1	:	0.061476	0.000000	0.000000	0.000000	0.000000	0.000000	0.000000	0.000000	0.000000	0.000000	0.447424	0.491101
117	tsk_117	(x)	1	:	0.091145	0.000000	0.000000	0.000000	0.000000	0.000000	0.461526	0.000000	0.000000	0.000000	0.447329	0.000000
118	tsk_118	(x)	1	:	0.497366	0.000000	0.000000	0.502634	0.000000	0.000000	0.000000	0.000000	0.000000	0.000000	0.000000	0.000000
119	tsk_119	(x)	1	:	0.049949	0.000000	0.000000	0.502751	0.000000	0.000000	0.000000	0.000000	0.000000	0.000000	0.447300	0.000000
120	tsk_120	(x)	1	:	0.000000	0.000000	0.000000	0.000000	0.000000	0.000000	0.000000	0.000000	0.000000	0.000000	0.000000	1.000000
121	tsk_121	(x)	1	:	0.497604	0.000000	0.000000	0.135196	0.000000	0.000000	0.000000	0.000000	0.367201	0.000000	0.000000	0.000000
122	tsk_122	(x)	1	:	0.150132	0.000000	0.000000	0.000000	0.000000	0.358794	0.000000	0.000000	0.000000	0.000000	0.000000	0.491073
123	tsk_123	(x)	1	:	0.477189	0.000000	0.000000	0.000000	0.000000	0.000000	0.000000	0.000000	0.000000	0.522810	0.000000	0.000000
124	tsk_124	(x)	1	:	0.150133	0.000000	0.000000	0.000000	0.000000	0.358795	0.000000	0.000000	0.000000	0.000000	0.000000	0.491073
125	tsk_125	(x)	1	:	0.000000	0.000000	0.000000	0.144085	0.000000	0.000000	0.000000	0.000000	0.367190	0.000000	0.000000	0.488725
126	tsk_126	(x)	1	:	0.508879	0.000000	0.000000	0.000000	0.000000	0.000000	0.000000	0.000000	0.000000	0.000000	0.000000	0.491121
127	tsk_127	(x)	1	:	0.061467	0.000000	0.000000	0.000000	0.000000	0.000000	0.000000	0.000000	0.000000	0.000000	0.447446	0.491087
128	tsk_128	(x)	1	:	0.508879	0.000000	0.000000	0.000000	0.000000	0.000000	0.000000	0.000000	0.000000	0.000000	0.000000	0.491121
129	tsk_129	(x)	1	:	0.000000	0.000000	0.000000	0.000000	0.000000	0.000000	0.000000	0.000000	1.000000	0.000000	0.000000	0.000000
130	tsk_130	(x)	1	:	0.000000	0.000000	0.000000	0.000000	0.000000	0.000000	0.000000	0.507656	0.000000	0.000000	0.000000	0.492344
131	tsk_131	(x)	1	:	0.000000	0.000000	0.000000	0.000000	0.000000	0.000000	0.000000	1.000000	0.000000	0.000000	0.000000	0.000000
132	tsk_132	(x)	1	:	0.000000	0.608594	0.000000	0.000000	0.000000	0.391406	0.000000	0.000000	0.000000	0.000000	0.000000	0.000000
133	tsk_133	(x)	1	:	0.000000	0.000000	0.000000	0.000000	0.000000	0.000000	0.000000	1.000000	0.000000	0.000000	0.000000	0.000000
134	tsk_134	(x)	1	:	0.000000	0.000000	0.000000	1.000000	0.000000	0.000000	0.000000	0.000000	0.000000	0.000000	0.000000	0.000000
135	tsk_135	(x)	1	:	0.410699	0.589282	0.000000	0.000000	0.000000	0.000000	0.000000	0.000000	0.000000	0.000000	0.000000	0.000019
136	tsk_136	(x)	1	:	0.000000	0.000000	0.000000	0.511496	0.000000	0.000000	0.000000	0.000000	0.000000	0.000000	0.000000	0.488504
137	tsk_137	(x)	1	:	0.000000	0.000000	0.000000	0.500122	0.000000	0.000000	0.000000	0.499878	0.000000	0.000000	0.000000	0.000000
138	tsk_138	(x)	1	:	0.000000	0.000000	0.000000	0.511502	0.000000	0.000000	0.000000	0.000000	0.000000	0.000000	0.000000	0.488498
139	tsk_139	(x)	1	:	0.000000	0.000000	0.000000	0.000000	0.000000	0.000000	0.000000	0.507656	0.000000	0.000000	0.000000	0.492344
140	tsk_140	(x)	1	:	0.497365	0.000000	0.000000	0.502635	0.000000	0.000000	0.000000	0.000000	0.000000	0.000000	0.000000	0.000000
141	tsk_141	(x)	1	:	0.000000	0.000000	0.000000	0.409041	0.000000	0.000000	0.000000	0.000000	0.590959	0.000000	0.000000	0.000000
142	tsk_142	(x)	1	:	0.000000	0.366532	0.000000	0.000000	0.000000	0.633468	0.000000	0.000000	0.000000	0.000000	0.000000	0.000000
143	tsk_143	(x)	1	:	0.497604	0.000000	0.000000	0.135195	0.000000	0.000000	0.000000	0.000000	0.367201	0.000000	0.000000	0.000000
144	tsk_144	(x)	1	:	1.000000	0.000000	0.000000	0.000000	0.000000	0.000000	0.000000	0.000000	0.000000	0.000000	0.000000	0.000000
145	tsk_145	(x)	1	:	0.454958	0.000000	0.000000	0.000000	0.000000	0.000000	0.000000	0.000000	0.000000	0.000000	0.545042	0.000000
146	tsk_146	(x)	1	:	0.000000	0.000000	0.000000	0.632985	0.000000	0.000000	0.000000	0.000000	0.367015	0.000000	0.000000	0.000000
147	tsk_147	(x)	1	:	0.410693	0.589284	0.000000	0.000000	0.000000	0.000000	0.000000	0.000000	0.000000	0.000000	0.000000	0.000023
148	tsk_148	(x)	1	:	0.138660	0.000000	0.000000	0.502551	0.000000	0.358789	0.000000	0.000000	0.000000	0.000000	0.000000	0.000000
149	tsk_149	(x)	1	:	0.498204	0.000000	0.000000	0.000000	0.000000	0.000000	0.000000	0.500538	0.000000	0.000000	0.000000	0.001258
