logL = -2744.745157 (converged)
AIC = 6449.490314
BIC = 7894.595256

count.K
55 67 28 

