logL = -716.696536 (converged)
AIC = 5765.393072
BIC = 12286.429119

count.K
1 10 4 7 65 7 29 10 3 5 7 2 

