logL = -816.668201 (converged)
AIC = 4953.336403
BIC = 9950.990991

count.K
22 2 7 17 7 49 7 28 0 11 

