logL = -906.920612 (converged)
AIC = 3353.841224
BIC = 5672.030400

count.K
47 51 12 5 35 

