logL = -854.387375 (converged)
AIC = 4828.774750
BIC = 9525.365809

count.K
26 15 7 47 11 2 10 17 15 

