logL = -2375.478169 (converged)
AIC = 5638.956339
BIC = 6975.678409

count.K
37 51 62 

