logL = -3308.221228 (converged)
AIC = 7108.442456
BIC = 7849.058738

count.K
64 86 

