logL = -1649.643137 (converged)
AIC = 4679.286275
BIC = 6756.624628

count.K
4 44 67 35 

