logL = -1424.525948 (converged)
AIC = 4829.051895
BIC = 7809.580836

count.K
26 12 48 8 7 49 

