0	tsk_0	(x)	1	:	0.000000	0.489865	0.000000	0.000000	0.000000	0.000000	0.000000	0.000000	0.000000	0.000000	0.000000	0.000000	0.510135	0.000000	0.000000
1	tsk_1	(x)	1	:	0.000000	0.000000	0.000000	0.492695	0.000000	0.000000	0.000000	0.000000	0.000000	0.000000	0.000000	0.000000	0.000000	0.000000	0.507304
2	tsk_2	(x)	1	:	0.000000	0.000000	0.000037	0.491965	0.000000	0.000000	0.000000	0.000000	0.000000	0.000000	0.499876	0.000000	0.000000	0.000000	0.008122
3	tsk_3	(x)	1	:	0.000000	0.000000	0.000037	0.000000	0.000000	0.000000	0.000000	0.000000	0.000000	0.000000	0.499978	0.000000	0.000000	0.000000	0.499985
4	tsk_4	(x)	1	:	0.000000	0.000000	0.000000	0.435651	0.000000	0.000000	0.564349	0.000000	0.000000	0.000000	0.000000	0.000000	0.000000	0.000000	0.000000
5	tsk_5	(x)	1	:	0.000000	0.000000	0.000071	0.000000	0.000000	0.500864	0.000000	0.000000	0.000000	0.000000	0.499065	0.000000	0.000000	0.000000	0.000000
6	tsk_6	(x)	1	:	0.000000	0.000000	0.000048	0.000000	0.000000	0.000000	0.000000	0.000000	0.000000	0.000000	0.488443	0.000000	0.511509	0.000000	0.000000
7	tsk_7	(x)	1	:	0.000000	0.489769	0.000000	0.000000	0.000000	0.000000	0.510230	0.000000	0.000000	0.000000	0.000000	0.000000	0.000000	0.000000	0.000000
8	tsk_8	(x)	1	:	0.000000	0.420548	0.000000	0.000000	0.000000	0.579452	0.000000	0.000000	0.000000	0.000000	0.000000	0.000000	0.000000	0.000000	0.000000
9	tsk_9	(x)	1	:	0.000000	0.489865	0.000000	0.000000	0.000000	0.000000	0.000000	0.000000	0.000000	0.000000	0.000000	0.000000	0.510135	0.000000	0.000000
10	tsk_10	(x)	1	:	0.000000	0.000000	0.000000	0.492695	0.000000	0.000000	0.000000	0.000000	0.000000	0.000000	0.000000	0.000000	0.000000	0.000000	0.507304
11	tsk_11	(x)	1	:	0.000000	0.000000	0.000000	0.492696	0.000000	0.000000	0.000000	0.000000	0.000000	0.000000	0.000000	0.000000	0.000000	0.000000	0.507304
12	tsk_12	(x)	1	:	0.000000	0.000000	0.000000	1.000000	0.000000	0.000000	0.000000	0.000000	0.000000	0.000000	0.000000	0.000000	0.000000	0.000000	0.000000
13	tsk_13	(x)	1	:	0.000000	0.000000	0.000000	0.000000	0.000000	0.000000	0.000000	0.000000	0.000000	0.000000	0.000000	0.000000	0.000000	0.000000	1.000000
14	tsk_14	(x)	1	:	0.000000	0.000000	0.000000	0.487663	0.000000	0.000000	0.000000	0.000000	0.000000	0.511236	0.000000	0.000000	0.000000	0.000000	0.001101
15	tsk_15	(x)	1	:	0.000000	0.000000	0.000000	0.492695	0.000000	0.000000	0.000000	0.000000	0.000000	0.000000	0.000000	0.000000	0.000000	0.000000	0.507304
16	tsk_16	(x)	1	:	0.000000	0.000000	0.000000	0.492695	0.000000	0.000000	0.000000	0.000000	0.000000	0.000000	0.000000	0.000000	0.000000	0.000000	0.507304
17	tsk_17	(x)	1	:	0.000000	0.000000	0.000000	0.000000	0.000000	0.000000	0.000000	0.000000	0.000000	0.000000	0.000000	0.000000	0.000000	0.000000	1.000000
18	tsk_18	(x)	1	:	0.000000	0.000000	0.000000	1.000000	0.000000	0.000000	0.000000	0.000000	0.000000	0.000000	0.000000	0.000000	0.000000	0.000000	0.000000
19	tsk_19	(x)	1	:	0.000000	0.000000	0.000000	0.460890	0.000000	0.000000	0.000000	0.000000	0.000000	0.539110	0.000000	0.000000	0.000000	0.000000	0.000000
20	tsk_20	(x)	1	:	0.000000	0.000000	0.000000	0.000000	0.000000	0.000000	0.000000	0.000000	0.000000	0.000000	0.000000	0.000000	0.000000	0.000000	1.000000
21	tsk_21	(x)	1	:	0.000000	0.000000	0.000000	0.000000	0.000000	0.000000	0.000000	0.000000	0.000000	0.000000	0.000000	0.000000	0.000000	0.000000	1.000000
22	tsk_22	(x)	1	:	0.000000	0.000000	0.000000	0.000000	0.000000	0.000000	0.000000	0.000000	0.000000	0.000000	0.000000	0.000000	0.553759	0.000000	0.446240
23	tsk_23	(x)	1	:	0.000000	0.000000	0.000000	0.000000	0.000000	0.000000	0.000000	0.000000	0.000000	0.000000	0.000000	0.000000	0.000000	0.000000	1.000000
24	tsk_24	(x)	1	:	0.000000	0.000000	0.000000	0.000000	0.000000	0.000000	0.000000	0.000000	0.000000	0.000000	0.000000	0.000000	0.000000	0.000000	1.000000
25	tsk_25	(x)	1	:	0.000000	1.000000	0.000000	0.000000	0.000000	0.000000	0.000000	0.000000	0.000000	0.000000	0.000000	0.000000	0.000000	0.000000	0.000000
26	tsk_26	(x)	1	:	0.000000	0.511284	0.000085	0.000000	0.000000	0.000000	0.000000	0.000000	0.000000	0.000000	0.488631	0.000000	0.000000	0.000000	0.000000
27	tsk_27	(x)	1	:	0.000000	0.511902	0.000000	0.000000	0.000000	0.000000	0.000000	0.000000	0.488098	0.000000	0.000000	0.000000	0.000000	0.000000	0.000000
28	tsk_28	(x)	1	:	0.000000	0.000000	0.000079	0.000000	0.000000	0.000000	0.000000	0.000000	0.000000	0.000000	0.499954	0.000000	0.000000	0.000000	0.499967
29	tsk_29	(x)	1	:	0.000000	0.512592	0.000000	0.000000	0.000000	0.000000	0.000000	0.000000	0.000000	0.000000	0.000000	0.000000	0.000000	0.000000	0.487408
30	tsk_30	(x)	1	:	0.000000	0.000000	0.000356	0.000000	0.000000	0.000000	0.000000	0.000000	0.000000	0.000000	0.999644	0.000000	0.000000	0.000000	0.000000
31	tsk_31	(x)	1	:	0.000000	0.000000	0.000254	0.000000	0.000000	0.000000	0.000000	0.000000	0.000000	0.000000	0.999746	0.000000	0.000000	0.000000	0.000000
32	tsk_32	(x)	1	:	0.000000	0.000000	0.000054	0.000000	0.000000	0.000000	0.000000	0.500032	0.000000	0.000000	0.499914	0.000000	0.000000	0.000000	0.000000
33	tsk_33	(x)	1	:	0.000000	0.000000	0.000071	0.000000	0.000000	0.500864	0.000000	0.000000	0.000000	0.000000	0.499064	0.000000	0.000000	0.000000	0.000000
34	tsk_34	(x)	1	:	0.000000	0.000000	0.000084	0.000000	0.000000	0.000000	0.000000	0.000000	0.000000	0.000000	0.999916	0.000000	0.000000	0.000000	0.000000
35	tsk_35	(x)	1	:	0.000000	0.000000	0.000144	0.000000	0.000000	0.000000	0.000000	0.500048	0.000000	0.000000	0.499808	0.000000	0.000000	0.000000	0.000000
36	tsk_36	(x)	1	:	0.000000	0.000000	0.000063	0.000000	0.000000	0.000000	0.000000	0.500034	0.000000	0.000000	0.499903	0.000000	0.000000	0.000000	0.000000
37	tsk_37	(x)	1	:	0.000000	0.000000	0.000092	0.000000	0.000000	0.000000	0.000000	0.000000	0.000000	0.000000	0.999908	0.000000	0.000000	0.000000	0.000000
38	tsk_38	(x)	1	:	0.000000	0.000000	0.000305	0.000000	0.000000	0.000000	0.000000	0.000000	0.000000	0.000000	0.999695	0.000000	0.000000	0.000000	0.000000
39	tsk_39	(x)	1	:	0.000000	0.000000	0.000075	0.000000	0.000000	0.000000	0.000000	0.500038	0.000000	0.000000	0.499887	0.000000	0.000000	0.000000	0.000000
40	tsk_40	(x)	1	:	0.000000	0.512260	0.000000	0.486971	0.000000	0.000000	0.000000	0.000000	0.000000	0.000000	0.000000	0.000000	0.000000	0.000000	0.000768
41	tsk_41	(x)	1	:	0.190623	0.490105	0.000000	0.000000	0.000000	0.000000	0.000000	0.000000	0.000000	0.000000	0.000000	0.319272	0.000000	0.000000	0.000000
42	tsk_42	(x)	1	:	0.494400	0.000000	0.000000	0.000000	0.000000	0.000000	0.000000	0.000000	0.000000	0.000000	0.000000	0.000000	0.000000	0.000000	0.505600
43	tsk_43	(x)	1	:	0.000001	0.000000	0.000000	0.000000	0.000000	0.000000	0.515498	0.000000	0.000000	0.000000	0.000000	0.484501	0.000000	0.000000	0.000000
44	tsk_44	(x)	1	:	0.486873	0.000000	0.000002	0.000000	0.000000	0.000000	0.000000	0.000000	0.000000	0.375965	0.137159	0.000000	0.000000	0.000000	0.000000
45	tsk_45	(x)	1	:	0.000000	0.494413	0.000000	0.000000	0.000000	0.000000	0.000000	0.000000	0.000000	0.505587	0.000000	0.000000	0.000000	0.000000	0.000000
46	tsk_46	(x)	1	:	0.484512	0.515488	0.000000	0.000000	0.000000	0.000000	0.000000	0.000000	0.000000	0.000000	0.000000	0.000000	0.000000	0.000000	0.000000
47	tsk_47	(x)	1	:	0.484512	0.515488	0.000000	0.000000	0.000000	0.000000	0.000000	0.000000	0.000000	0.000000	0.000000	0.000000	0.000000	0.000000	0.000000
48	tsk_48	(x)	1	:	0.000000	0.486857	0.000000	0.000000	0.000000	0.000000	0.000000	0.000000	0.000000	0.000000	0.000000	0.513143	0.000000	0.000000	0.000000
49	tsk_49	(x)	1	:	1.000000	0.000000	0.000000	0.000000	0.000000	0.000000	0.000000	0.000000	0.000000	0.000000	0.000000	0.000000	0.000000	0.000000	0.000000
50	tsk_50	(x)	1	:	0.000000	0.000000	0.000000	0.492695	0.000000	0.000000	0.000000	0.000000	0.000000	0.000000	0.000000	0.000000	0.000000	0.000000	0.507304
51	tsk_51	(x)	1	:	0.000000	0.498454	0.000000	0.501546	0.000000	0.000000	0.000000	0.000000	0.000000	0.000000	0.000000	0.000000	0.000000	0.000000	0.000000
52	tsk_52	(x)	1	:	0.000000	0.000000	0.000000	1.000000	0.000000	0.000000	0.000000	0.000000	0.000000	0.000000	0.000000	0.000000	0.000000	0.000000	0.000000
53	tsk_53	(x)	1	:	0.000000	0.000000	0.000045	0.000000	0.000000	0.000000	0.000000	0.000000	0.000000	0.000000	0.999955	0.000000	0.000000	0.000000	0.000000
54	tsk_54	(x)	1	:	0.000000	0.000000	0.000067	0.000000	0.000000	0.000000	0.000000	0.000000	0.000000	0.000000	0.499960	0.000000	0.000000	0.000000	0.499972
55	tsk_55	(x)	1	:	0.000000	0.000000	0.000000	0.492695	0.000000	0.000000	0.000000	0.000000	0.000000	0.000000	0.000000	0.000000	0.000000	0.000000	0.507304
56	tsk_56	(x)	1	:	0.000000	1.000000	0.000000	0.000000	0.000000	0.000000	0.000000	0.000000	0.000000	0.000000	0.000000	0.000000	0.000000	0.000000	0.000000
57	tsk_57	(x)	1	:	0.000000	0.512260	0.000000	0.486963	0.000000	0.000000	0.000000	0.000000	0.000000	0.000000	0.000000	0.000000	0.000000	0.000000	0.000777
58	tsk_58	(x)	1	:	0.000000	0.000000	0.000000	0.492695	0.000000	0.000000	0.000000	0.000000	0.000000	0.000000	0.000000	0.000000	0.000000	0.000000	0.507305
59	tsk_59	(x)	1	:	0.000000	0.511284	0.000048	0.000000	0.000000	0.000000	0.000000	0.000000	0.000000	0.000000	0.488668	0.000000	0.000000	0.000000	0.000000
60	tsk_60	(x)	1	:	0.000000	0.000000	0.000000	0.491911	0.000000	0.502186	0.000000	0.000000	0.000000	0.000000	0.000000	0.000000	0.000001	0.000000	0.005902
61	tsk_61	(x)	1	:	0.000000	0.000000	0.000000	0.000000	0.000000	0.000000	0.000000	0.499384	0.000000	0.000000	0.000809	0.000000	0.000000	0.000000	0.499807
62	tsk_62	(x)	1	:	0.000000	0.000000	0.000000	0.491906	0.000000	0.502185	0.000000	0.000000	0.000000	0.000000	0.000000	0.000000	0.000000	0.000000	0.005909
63	tsk_63	(x)	1	:	0.000000	0.000000	0.000000	0.000000	0.000000	1.000000	0.000000	0.000000	0.000000	0.000000	0.000000	0.000000	0.000000	0.000000	0.000000
64	tsk_64	(x)	1	:	0.000000	1.000000	0.000000	0.000000	0.000000	0.000000	0.000000	0.000000	0.000000	0.000000	0.000000	0.000000	0.000000	0.000000	0.000000
65	tsk_65	(x)	1	:	0.000000	0.000000	0.000000	0.000000	0.000000	1.000000	0.000000	0.000000	0.000000	0.000000	0.000000	0.000000	0.000000	0.000000	0.000000
66	tsk_66	(x)	1	:	0.000000	0.000000	0.000058	0.000000	0.000000	0.501993	0.000000	0.000000	0.000000	0.000000	0.497949	0.000000	0.000000	0.000000	0.000000
67	tsk_67	(x)	1	:	0.000000	0.000000	0.000089	0.000000	0.000000	0.501993	0.000000	0.000000	0.000000	0.000000	0.497918	0.000000	0.000000	0.000000	0.000000
68	tsk_68	(x)	1	:	0.000000	0.000000	0.000000	0.000000	0.000000	0.497271	0.000000	0.000000	0.000000	0.000000	0.000000	0.000000	0.502728	0.000000	0.000000
69	tsk_69	(x)	1	:	0.000000	0.000000	0.000054	0.491938	0.000000	0.000000	0.000000	0.000000	0.000000	0.000000	0.499863	0.000000	0.000000	0.000000	0.008145
70	tsk_70	(x)	1	:	0.000000	0.000000	0.000000	0.000000	0.000000	0.000000	0.000000	0.000000	0.000000	0.000000	0.000000	0.000000	0.000000	0.000000	1.000000
71	tsk_71	(x)	1	:	0.000000	0.000000	0.000000	1.000000	0.000000	0.000000	0.000000	0.000000	0.000000	0.000000	0.000000	0.000000	0.000000	0.000000	0.000000
72	tsk_72	(x)	1	:	0.000000	0.000000	0.000056	0.000000	0.000000	0.000000	0.000000	0.000000	0.000000	0.000000	0.499967	0.000000	0.000000	0.000000	0.499977
73	tsk_73	(x)	1	:	0.000000	0.000000	0.000000	0.191413	0.000000	0.481614	0.301343	0.000000	0.000000	0.000000	0.000000	0.000000	0.000000	0.000000	0.025630
74	tsk_74	(x)	1	:	0.000000	0.000000	0.000025	0.492049	0.000000	0.000000	0.000000	0.000000	0.000000	0.000000	0.499894	0.000000	0.000000	0.000000	0.008032
75	tsk_75	(x)	1	:	0.000000	0.000000	0.000000	0.000000	0.000000	0.000000	0.000000	0.000000	0.000000	0.000000	0.000000	0.000000	0.553762	0.000000	0.446238
76	tsk_76	(x)	1	:	0.000000	0.000000	0.000000	0.000000	0.000000	0.000000	0.000000	0.485002	0.000000	0.000000	0.000000	0.000000	0.000000	0.514998	0.000000
77	tsk_77	(x)	1	:	0.000000	0.000000	0.000000	0.000000	0.000000	0.000000	0.000000	0.000000	0.000000	0.000000	0.000000	0.000000	0.000000	0.975591	0.024409
78	tsk_78	(x)	1	:	0.000000	0.000000	0.000000	0.191414	0.000000	0.481614	0.301343	0.000000	0.000000	0.000000	0.000000	0.000000	0.000000	0.000000	0.025629
79	tsk_79	(x)	1	:	0.000000	0.000000	0.000000	0.698601	0.000000	0.000000	0.301399	0.000000	0.000000	0.000000	0.000000	0.000000	0.000000	0.000000	0.000000
80	tsk_80	(x)	1	:	0.000000	0.000000	0.000046	0.000000	0.000000	0.000000	0.000000	0.000000	0.000000	0.000000	0.499973	0.000000	0.000000	0.000000	0.499981
81	tsk_81	(x)	1	:	0.000000	0.000000	0.000088	0.000000	0.000000	0.500865	0.000000	0.000000	0.000000	0.000000	0.499047	0.000000	0.000000	0.000000	0.000000
82	tsk_82	(x)	1	:	0.000000	0.000000	0.000011	0.000000	0.000000	0.000000	0.000000	0.000000	0.000000	0.375702	0.132523	0.000000	0.000000	0.000000	0.491764
83	tsk_83	(x)	1	:	0.000000	0.000000	0.000009	0.000000	0.000000	0.000000	0.000000	0.000000	0.000000	0.000000	0.499994	0.000000	0.000000	0.000000	0.499996
84	tsk_84	(x)	1	:	0.000000	0.000000	0.000113	0.000000	0.000000	0.500864	0.000000	0.000000	0.000000	0.000000	0.499022	0.000000	0.000000	0.000000	0.000000
85	tsk_85	(x)	1	:	0.000000	0.000000	0.000312	0.000000	0.000000	0.000000	0.000000	0.000000	0.000000	0.000000	0.999688	0.000000	0.000000	0.000000	0.000000
86	tsk_86	(x)	1	:	0.000000	0.000000	0.000069	0.000000	0.000000	0.000000	0.000000	0.000000	0.000000	0.000000	0.499959	0.000000	0.000000	0.000000	0.499971
87	tsk_87	(x)	1	:	0.000000	0.000000	0.000094	0.000000	0.000000	0.000000	0.000000	0.000000	0.000000	0.000000	0.999906	0.000000	0.000000	0.000000	0.000000
88	tsk_88	(x)	1	:	0.000000	0.000000	0.000288	0.000000	0.000000	0.000000	0.000000	0.000000	0.000000	0.000000	0.499845	0.000000	0.000000	0.000000	0.499867
89	tsk_89	(x)	1	:	0.000000	0.000000	0.000310	0.000000	0.000000	0.000000	0.000000	0.000000	0.000000	0.000000	0.999690	0.000000	0.000000	0.000000	0.000000
90	tsk_90	(x)	1	:	0.000000	0.000000	0.000000	0.000000	0.496871	0.501825	0.000000	0.000000	0.000000	0.000000	0.001304	0.000000	0.000000	0.000000	0.000000
91	tsk_91	(x)	1	:	0.000000	0.000000	0.000000	0.498591	0.498443	0.000000	0.000000	0.000000	0.000000	0.000000	0.002817	0.000000	0.000000	0.000000	0.000149
92	tsk_92	(x)	1	:	0.515919	0.000000	0.000000	0.000000	0.000000	0.000000	0.000000	0.000000	0.000000	0.000000	0.000000	0.000000	0.000000	0.000000	0.484081
93	tsk_93	(x)	1	:	0.000000	0.000000	0.000000	0.000000	0.000000	0.000000	0.000000	0.000000	0.000000	0.000000	0.000000	0.000000	0.000000	0.000000	1.000000
94	tsk_94	(x)	1	:	0.515916	0.000000	0.000000	0.000000	0.000000	0.000000	0.000000	0.000000	0.000000	0.000000	0.000000	0.000000	0.000000	0.000000	0.484084
95	tsk_95	(x)	1	:	0.515919	0.000000	0.000000	0.000000	0.000000	0.000000	0.000000	0.000000	0.000000	0.000000	0.000000	0.000000	0.000000	0.000000	0.484081
96	tsk_96	(x)	1	:	0.515921	0.000000	0.000000	0.000000	0.000000	0.000000	0.000000	0.000000	0.000000	0.000000	0.000000	0.000000	0.000000	0.000000	0.484079
97	tsk_97	(x)	1	:	0.000000	0.000000	0.000000	0.000000	0.497990	0.000000	0.000000	0.000000	0.000000	0.000000	0.002341	0.000000	0.000000	0.000000	0.499668
98	tsk_98	(x)	1	:	0.515922	0.000000	0.000000	0.000000	0.000000	0.000000	0.000000	0.000000	0.000000	0.000000	0.000000	0.000000	0.000000	0.000000	0.484078
99	tsk_99	(x)	1	:	0.513140	0.000000	0.000000	0.000000	0.486835	0.000000	0.000000	0.000000	0.000000	0.000000	0.000025	0.000000	0.000000	0.000000	0.000000
100	tsk_100	(x)	1	:	0.000000	0.000000	0.000000	0.000000	0.496182	0.000000	0.000000	0.000000	0.000000	0.000000	0.002737	0.000000	0.291889	0.000000	0.209193
101	tsk_101	(x)	1	:	0.000000	0.000000	0.000000	0.492695	0.000000	0.000000	0.000000	0.000000	0.000000	0.000000	0.000000	0.000000	0.000000	0.000000	0.507304
102	tsk_102	(x)	1	:	0.000000	0.000000	0.000000	0.000000	0.000000	0.000000	0.000000	0.000000	0.000000	0.000000	0.000000	0.000000	0.294214	0.000000	0.705786
103	tsk_103	(x)	1	:	0.000000	0.482776	0.000000	0.000000	0.000000	0.002555	0.000000	0.000000	0.000000	0.000000	0.000000	0.000000	0.481665	0.000000	0.033004
104	tsk_104	(x)	1	:	0.000000	0.869294	0.000000	0.000000	0.000000	0.130706	0.000000	0.000000	0.000000	0.000000	0.000000	0.000000	0.000000	0.000000	0.000000
105	tsk_105	(x)	1	:	0.000000	0.000000	0.000000	0.000000	0.000000	0.000000	0.000000	0.000000	0.498660	0.000000	0.000000	0.000000	0.293692	0.000000	0.207648
106	tsk_106	(x)	1	:	0.000000	0.483258	0.000000	0.492683	0.000000	0.002102	0.000000	0.000000	0.000000	0.000000	0.000000	0.000000	0.000000	0.000000	0.021957
107	tsk_107	(x)	1	:	0.000000	0.485232	0.000000	0.000000	0.000000	0.000000	0.000000	0.000000	0.000000	0.000000	0.000000	0.000000	0.000000	0.000000	0.514768
108	tsk_108	(x)	1	:	0.000000	0.494664	0.000000	0.000000	0.499753	0.000000	0.000000	0.000000	0.000000	0.000000	0.005583	0.000000	0.000000	0.000000	0.000000
109	tsk_109	(x)	1	:	0.000000	0.000000	0.000048	0.489353	0.000000	0.000000	0.000000	0.000000	0.000000	0.375731	0.131917	0.000000	0.000000	0.000000	0.002950
110	tsk_110	(x)	1	:	0.000000	0.000000	0.000145	0.000000	0.000000	0.500865	0.000000	0.000000	0.000000	0.000000	0.498990	0.000000	0.000000	0.000000	0.000000
111	tsk_111	(x)	1	:	0.000000	0.000000	0.000000	0.000000	0.000000	0.000000	0.000000	0.000000	0.500022	0.000000	0.000000	0.000000	0.000000	0.000066	0.499912
112	tsk_112	(x)	1	:	0.000000	0.000000	0.000483	0.000000	0.000000	0.000000	0.000000	0.000000	0.000000	0.000000	0.999517	0.000000	0.000000	0.000000	0.000000
113	tsk_113	(x)	1	:	0.000000	0.000000	1.000000	0.000000	0.000000	0.000000	0.000000	0.000000	0.000000	0.000000	0.000000	0.000000	0.000000	0.000000	0.000000
114	tsk_114	(x)	1	:	0.000000	0.000000	0.000108	0.000000	0.000000	0.000000	0.000000	0.000000	0.000000	0.000000	0.999891	0.000000	0.000000	0.000000	0.000000
115	tsk_115	(x)	1	:	0.000000	0.000000	0.000000	0.000000	0.000000	0.500968	0.000000	0.000000	0.000000	0.000000	0.000000	0.000000	0.000000	0.000000	0.499032
116	tsk_116	(x)	1	:	0.000000	0.000000	0.000036	0.000000	0.000000	0.000000	0.000000	0.000000	0.000000	0.000000	0.499979	0.000000	0.000000	0.000000	0.499985
117	tsk_117	(x)	1	:	0.000000	0.000000	0.000209	0.000000	0.000000	0.000000	0.000000	0.000000	0.000000	0.000000	0.999790	0.000000	0.000000	0.000000	0.000000
118	tsk_118	(x)	1	:	0.000000	0.000000	0.000093	0.000000	0.000000	0.000000	0.000000	0.500041	0.000000	0.000000	0.499866	0.000000	0.000000	0.000000	0.000000
119	tsk_119	(x)	1	:	0.000000	0.000000	0.000031	0.000000	0.000000	0.500864	0.000000	0.000000	0.000000	0.000000	0.499105	0.000000	0.000000	0.000000	0.000000
120	tsk_120	(x)	1	:	0.000000	0.000000	0.000123	0.000000	0.000000	0.000000	0.511440	0.000000	0.000000	0.000000	0.488437	0.000000	0.000000	0.000000	0.000000
121	tsk_121	(x)	1	:	0.000000	0.000000	0.000000	0.000000	0.000000	0.000000	0.000000	0.000000	0.500009	0.000000	0.000000	0.000000	0.000000	0.000000	0.499991
122	tsk_122	(x)	1	:	0.000000	0.000000	0.000059	0.491886	0.000000	0.000000	0.000000	0.000000	0.000000	0.000000	0.499852	0.000000	0.000000	0.000000	0.008202
123	tsk_123	(x)	1	:	0.000000	0.000000	0.000000	0.492695	0.000000	0.000000	0.000000	0.000000	0.000000	0.000000	0.000000	0.000000	0.000000	0.000000	0.507305
124	tsk_124	(x)	1	:	0.000000	0.000000	0.000054	0.000000	0.000000	0.000000	0.000000	0.000000	0.000000	0.000000	0.999946	0.000000	0.000000	0.000000	0.000000
125	tsk_125	(x)	1	:	0.000000	0.000000	0.000000	0.000000	0.000000	0.000000	0.000000	0.000000	0.000000	0.000000	0.000000	0.000000	0.000000	0.643059	0.356941
126	tsk_126	(x)	1	:	0.000000	0.511284	0.000035	0.000000	0.000000	0.000000	0.000000	0.000000	0.000000	0.000000	0.488681	0.000000	0.000000	0.000000	0.000000
127	tsk_127	(x)	1	:	0.000000	0.000000	0.000038	0.000000	0.000000	0.000000	0.000000	0.000000	0.000000	0.000000	0.499978	0.000000	0.000000	0.000000	0.499984
128	tsk_128	(x)	1	:	0.000000	0.000000	0.000000	0.000000	0.000000	0.000000	0.000000	0.000000	0.000000	0.000000	0.000000	0.000000	0.000000	0.979772	0.020228
129	tsk_129	(x)	1	:	0.000000	0.000000	0.000034	0.000000	0.000000	0.000000	0.000000	0.000000	0.000000	0.000000	0.499980	0.000000	0.000000	0.000000	0.499986
130	tsk_130	(x)	1	:	0.000002	0.000000	0.000000	0.000000	0.000000	0.000000	0.000000	0.500417	0.000000	0.000000	0.009468	0.490113	0.000000	0.000000	0.000000
131	tsk_131	(x)	1	:	0.000000	0.000000	0.000000	0.000000	0.000000	0.500780	0.000000	0.499220	0.000000	0.000000	0.000000	0.000000	0.000000	0.000000	0.000000
132	tsk_132	(x)	1	:	0.480336	0.519664	0.000000	0.000000	0.000000	0.000000	0.000000	0.000000	0.000000	0.000000	0.000000	0.000000	0.000000	0.000000	0.000000
133	tsk_133	(x)	1	:	1.000000	0.000000	0.000000	0.000000	0.000000	0.000000	0.000000	0.000000	0.000000	0.000000	0.000000	0.000000	0.000000	0.000000	0.000000
134	tsk_134	(x)	1	:	0.000000	0.000000	0.000000	0.000000	0.000000	0.500779	0.000000	0.499211	0.000000	0.000000	0.000009	0.000000	0.000000	0.000000	0.000000
135	tsk_135	(x)	1	:	0.000000	0.000000	0.000000	0.000000	0.000000	0.000000	0.000000	0.000000	0.000000	0.000000	0.000000	0.488635	0.000000	0.000000	0.511365
136	tsk_136	(x)	1	:	0.480336	0.519664	0.000000	0.000000	0.000000	0.000000	0.000000	0.000000	0.000000	0.000000	0.000000	0.000000	0.000000	0.000000	0.000000
137	tsk_137	(x)	1	:	0.000001	0.000000	0.000000	0.000000	0.000000	0.000000	0.000000	0.000000	0.000000	0.000000	0.000000	0.488637	0.000000	0.000000	0.511362
138	tsk_138	(x)	1	:	0.000000	0.637144	0.000000	0.000000	0.000000	0.362856	0.000000	0.000000	0.000000	0.000000	0.000000	0.000000	0.000000	0.000000	0.000000
139	tsk_139	(x)	1	:	0.000001	0.517058	0.000000	0.000000	0.000000	0.000000	0.000000	0.000000	0.000000	0.000000	0.000000	0.482942	0.000000	0.000000	0.000000
140	tsk_140	(x)	1	:	0.000000	0.494678	0.000030	0.000000	0.000000	0.000000	0.000000	0.000000	0.000000	0.000000	0.505292	0.000000	0.000000	0.000000	0.000000
141	tsk_141	(x)	1	:	0.000000	0.000000	0.000259	0.000000	0.000000	0.000000	0.000000	0.000000	0.000000	0.000000	0.999741	0.000000	0.000000	0.000000	0.000000
142	tsk_142	(x)	1	:	0.000000	1.000000	0.000000	0.000000	0.000000	0.000000	0.000000	0.000000	0.000000	0.000000	0.000000	0.000000	0.000000	0.000000	0.000000
143	tsk_143	(x)	1	:	0.000000	0.494044	0.000000	0.000000	0.000000	0.000000	0.000000	0.000000	0.000000	0.000000	0.000000	0.000000	0.000000	0.000000	0.505955
144	tsk_144	(x)	1	:	0.000000	1.000000	0.000000	0.000000	0.000000	0.000000	0.000000	0.000000	0.000000	0.000000	0.000000	0.000000	0.000000	0.000000	0.000000
145	tsk_145	(x)	1	:	0.000000	0.489769	0.000000	0.000000	0.000000	0.000000	0.510230	0.000000	0.000000	0.000000	0.000000	0.000000	0.000000	0.000000	0.000000
146	tsk_146	(x)	1	:	0.000000	1.000000	0.000000	0.000000	0.000000	0.000000	0.000000	0.000000	0.000000	0.000000	0.000000	0.000000	0.000000	0.000000	0.000000
147	tsk_147	(x)	1	:	0.000000	0.869529	0.000000	0.000000	0.000000	0.130471	0.000000	0.000000	0.000000	0.000000	0.000000	0.000000	0.000000	0.000000	0.000000
148	tsk_148	(x)	1	:	0.000000	1.000000	0.000000	0.000000	0.000000	0.000000	0.000000	0.000000	0.000000	0.000000	0.000000	0.000000	0.000000	0.000000	0.000000
149	tsk_149	(x)	1	:	0.000000	0.494678	0.000056	0.000000	0.000000	0.000000	0.000000	0.000000	0.000000	0.000000	0.505266	0.000000	0.000000	0.000000	0.000000
