logL = -1042.776678 (converged)
AIC = 4761.553355
BIC = 8789.783379

count.K
13 24 9 17 15 14 17 41 

