logL = -691.723485 (converged)
AIC = 6693.446970
BIC = 14686.683676

count.K
1 8 8 22 4 9 17 19 3 16 15 4 16 0 8 

