logL = -728.021220 (converged)
AIC = 5572.042440
BIC = 11767.929875

count.K
3 14 2 18 28 4 9 1 62 1 3 5 

