logL = -1829.839213 (converged)
AIC = 4475.678426
BIC = 5704.017626

count.K
76 2 72 

