logL = -705.664233 (converged)
AIC = 5359.328466
BIC = 11302.322536

count.K
2 1 3 25 3 10 3 3 4 54 11 31 

