logL = -1675.080965 (converged)
AIC = 7964.161931
BIC = 14909.697554

count.K
23 4 6 27 6 37 9 0 17 1 0 3 17 

