logL = -692.763611 (converged)
AIC = 5357.527223
BIC = 11336.648917

count.K
5 34 35 7 6 21 7 7 1 1 5 21 

