logL = -2564.895184 (converged)
AIC = 10793.790367
BIC = 19319.909520

count.K
19 8 7 2 4 22 12 35 10 15 1 13 2 0 

