logL = -667.654659 (converged)
AIC = 3915.309317
BIC = 7799.028847

count.K
10 54 12 1 10 8 11 44 

