logL = -856.243200 (converged)
AIC = 6732.486401
BIC = 14289.180989

count.K
10 19 4 11 8 7 7 24 0 29 15 5 5 6 

