logL = -1264.126296 (converged)
AIC = 6276.252592
BIC = 11918.183133

count.K
3 4 7 5 6 31 55 2 2 12 23 

