logL = -906.272698 (converged)
AIC = 4488.545396
BIC = 8516.775420

count.K
12 15 12 9 13 7 52 30 

