logL = -665.150925 (converged)
AIC = 4670.301850
BIC = 9698.062791

count.K
5 26 5 19 2 7 6 67 9 4 

