0	tsk_0	(x)	1	:	0.000000	0.000000	0.000000	0.000000	0.543004	0.000000	0.456383	0.000000	0.000613
1	tsk_1	(x)	1	:	0.000000	0.000000	0.000000	0.000000	0.000000	1.000000	0.000000	0.000000	0.000000
2	tsk_2	(x)	1	:	0.000000	0.000000	0.000000	0.000000	0.000000	0.000000	1.000000	0.000000	0.000000
3	tsk_3	(x)	1	:	0.000000	0.000000	0.000000	0.000000	0.000000	0.475290	0.495012	0.000000	0.029698
4	tsk_4	(x)	1	:	0.536298	0.000000	0.000000	0.000000	0.000000	0.000000	0.462411	0.000000	0.001291
5	tsk_5	(x)	1	:	0.000000	0.000000	1.000000	0.000000	0.000000	0.000000	0.000000	0.000000	0.000000
6	tsk_6	(x)	1	:	0.000000	0.000000	0.000000	0.000000	0.000000	0.000000	0.494971	0.000000	0.505029
7	tsk_7	(x)	1	:	0.000000	0.000000	0.000000	0.000000	0.000000	0.000000	0.494972	0.000000	0.505028
8	tsk_8	(x)	1	:	0.000000	0.000000	0.479099	0.000000	0.000000	0.000000	0.491686	0.000000	0.029215
9	tsk_9	(x)	1	:	0.000000	0.000000	0.000000	0.492611	0.000000	0.000000	0.487593	0.000000	0.019796
10	tsk_10	(x)	1	:	0.000000	0.000000	0.481536	0.000000	0.000000	0.000000	0.000000	0.513931	0.004532
11	tsk_11	(x)	1	:	0.000000	0.000000	0.480704	0.000000	0.000000	0.000000	0.000001	0.000000	0.519294
12	tsk_12	(x)	1	:	0.000000	0.000000	0.479733	0.000000	0.000000	0.000000	0.492987	0.000000	0.027280
13	tsk_13	(x)	1	:	0.000000	0.000000	0.000000	0.000000	0.491921	0.000000	0.000000	0.507600	0.000478
14	tsk_14	(x)	1	:	0.000000	0.000000	0.000000	0.000000	1.000000	0.000000	0.000000	0.000000	0.000000
15	tsk_15	(x)	1	:	0.000000	0.000000	0.474330	0.000000	0.521394	0.000000	0.000000	0.000000	0.004276
16	tsk_16	(x)	1	:	0.000000	0.000000	0.000000	0.000000	0.000000	0.468968	0.000000	0.531032	0.000000
17	tsk_17	(x)	1	:	0.000000	0.000000	0.000000	0.000000	0.491929	0.000000	0.000000	0.507629	0.000441
18	tsk_18	(x)	1	:	0.000000	0.000000	0.480583	0.000000	0.000000	0.000000	0.000000	0.513247	0.006170
19	tsk_19	(x)	1	:	0.000000	0.000000	0.481375	0.000000	0.000000	0.000000	0.000000	0.513815	0.004810
20	tsk_20	(x)	1	:	0.513237	0.000000	0.000000	0.000000	0.000003	0.000000	0.479219	0.000000	0.007541
21	tsk_21	(x)	1	:	0.000000	0.000000	0.000000	0.000000	0.000000	0.000000	1.000000	0.000000	0.000000
22	tsk_22	(x)	1	:	0.000000	0.000000	0.000000	0.000000	0.000000	0.000000	0.494972	0.000000	0.505028
23	tsk_23	(x)	1	:	0.513222	0.000000	0.000000	0.000000	0.000000	0.000000	0.479201	0.000000	0.007577
24	tsk_24	(x)	1	:	0.000000	0.000000	0.480169	0.000000	0.000000	0.000000	0.493882	0.000000	0.025949
25	tsk_25	(x)	1	:	0.000000	0.000000	0.479632	0.000000	0.000000	0.000000	0.492781	0.000000	0.027587
26	tsk_26	(x)	1	:	0.000000	0.000000	0.000000	0.000000	0.000000	0.000000	1.000000	0.000000	0.000000
27	tsk_27	(x)	1	:	0.000000	0.000000	0.000000	0.000000	0.000000	0.000000	0.494971	0.000000	0.505029
28	tsk_28	(x)	1	:	0.000000	0.000000	0.000000	0.000000	0.000000	0.000000	1.000000	0.000000	0.000000
29	tsk_29	(x)	1	:	0.000000	0.000000	0.000000	0.000000	0.000000	0.000000	0.494972	0.000000	0.505027
30	tsk_30	(x)	1	:	0.000000	0.514620	0.485364	0.000000	0.000000	0.000000	0.000000	0.000000	0.000016
31	tsk_31	(x)	1	:	0.514293	0.000000	0.477645	0.000000	0.000000	0.000000	0.000000	0.000000	0.008062
32	tsk_32	(x)	1	:	0.000000	0.000000	0.474509	0.000000	0.521432	0.000000	0.000000	0.000000	0.004059
33	tsk_33	(x)	1	:	0.508464	0.000000	0.000000	0.000000	0.000000	0.000000	0.000000	0.491535	0.000001
34	tsk_34	(x)	1	:	0.000000	0.514618	0.485356	0.000000	0.000000	0.000000	0.000000	0.000000	0.000026
35	tsk_35	(x)	1	:	0.000000	0.000000	0.480704	0.000000	0.000000	0.000000	0.000001	0.000000	0.519295
36	tsk_36	(x)	1	:	0.000000	0.000000	0.481785	0.000000	0.000000	0.000000	0.000000	0.514109	0.004106
37	tsk_37	(x)	1	:	0.000000	0.000000	1.000000	0.000000	0.000000	0.000000	0.000000	0.000000	0.000000
38	tsk_38	(x)	1	:	0.475794	0.000000	0.000000	0.000000	0.524206	0.000000	0.000000	0.000000	0.000000
39	tsk_39	(x)	1	:	0.000000	0.000000	1.000000	0.000000	0.000000	0.000000	0.000000	0.000000	0.000000
40	tsk_40	(x)	1	:	0.481699	0.000000	0.000000	0.000000	0.000006	0.000000	0.000000	0.515211	0.003084
41	tsk_41	(x)	1	:	0.481711	0.000000	0.000000	0.000000	0.000005	0.000000	0.000000	0.515254	0.003030
42	tsk_42	(x)	1	:	0.445363	0.000000	0.000000	0.000000	0.554637	0.000000	0.000000	0.000000	0.000000
43	tsk_43	(x)	1	:	0.480787	0.000000	0.000000	0.496767	0.000003	0.000000	0.000000	0.000000	0.022442
44	tsk_44	(x)	1	:	0.999998	0.000000	0.000000	0.000000	0.000002	0.000000	0.000000	0.000000	0.000000
45	tsk_45	(x)	1	:	0.000000	0.000000	0.000000	0.000000	0.493716	0.475284	0.000000	0.000000	0.031000
46	tsk_46	(x)	1	:	0.508433	0.000000	0.000000	0.000000	0.000000	0.000000	0.483307	0.000000	0.008260
47	tsk_47	(x)	1	:	0.000000	0.000000	0.000000	0.000000	0.493712	0.475267	0.000000	0.000000	0.031020
48	tsk_48	(x)	1	:	0.480752	0.000000	0.000000	0.000000	0.000003	0.000000	0.491647	0.000000	0.027597
49	tsk_49	(x)	1	:	0.000000	0.120870	0.000000	0.000000	0.000000	0.232581	0.494975	0.000046	0.151527
50	tsk_50	(x)	1	:	0.000000	0.000000	0.000000	0.493823	0.000000	0.000000	0.488803	0.000000	0.017374
51	tsk_51	(x)	1	:	0.508409	0.000000	0.000000	0.000000	0.000000	0.000000	0.483104	0.000000	0.008486
52	tsk_52	(x)	1	:	0.000000	0.000000	0.000000	0.000000	0.000000	0.000000	1.000000	0.000000	0.000000
53	tsk_53	(x)	1	:	0.000000	0.000000	0.000000	0.000000	0.493728	0.000000	0.000000	0.000000	0.506271
54	tsk_54	(x)	1	:	0.000000	0.000000	0.000000	0.000000	0.000000	0.000000	0.494972	0.000000	0.505028
55	tsk_55	(x)	1	:	0.000000	0.000000	0.000000	0.000000	0.493728	0.000000	0.000000	0.000000	0.506271
56	tsk_56	(x)	1	:	0.000000	0.000000	0.000000	0.000000	0.493729	0.000000	0.000000	0.000000	0.506271
57	tsk_57	(x)	1	:	0.000001	0.000000	0.000000	0.000000	0.492985	0.000000	0.488661	0.000000	0.018354
58	tsk_58	(x)	1	:	0.000000	0.000000	0.000000	0.492823	0.000000	0.000000	0.487804	0.000000	0.019373
59	tsk_59	(x)	1	:	0.000000	0.000000	0.000000	0.000000	0.000000	0.000000	0.494973	0.000000	0.505027
60	tsk_60	(x)	1	:	0.512994	0.000000	0.000000	0.481917	0.000000	0.000000	0.000000	0.000000	0.005088
61	tsk_61	(x)	1	:	0.000000	0.000000	0.000000	1.000000	0.000000	0.000000	0.000000	0.000000	0.000000
62	tsk_62	(x)	1	:	0.513083	0.000000	0.000000	0.482659	0.000000	0.000000	0.000000	0.000000	0.004258
63	tsk_63	(x)	1	:	0.000000	0.511474	0.000000	0.488452	0.000000	0.000000	0.000000	0.000000	0.000074
64	tsk_64	(x)	1	:	0.000000	0.000000	0.000000	0.000000	0.000000	0.000000	0.000000	0.513355	0.486645
65	tsk_65	(x)	1	:	0.000000	0.000000	0.000000	0.000000	0.000000	0.000017	0.000001	0.347278	0.652704
66	tsk_66	(x)	1	:	0.000000	0.000000	0.000000	1.000000	0.000000	0.000000	0.000000	0.000000	0.000000
67	tsk_67	(x)	1	:	0.000000	0.000000	0.000000	0.499563	0.000000	0.000013	0.000000	0.347156	0.153268
68	tsk_68	(x)	1	:	0.514914	0.000000	0.000000	0.000000	0.000000	0.000000	0.000001	0.000000	0.485086
69	tsk_69	(x)	1	:	0.514915	0.000000	0.000000	0.000000	0.000000	0.000000	0.000001	0.000000	0.485084
70	tsk_70	(x)	1	:	0.445363	0.000000	0.000000	0.000000	0.554637	0.000000	0.000000	0.000000	0.000000
71	tsk_71	(x)	1	:	0.000001	0.000000	0.000000	0.492580	0.492876	0.000000	0.000000	0.000000	0.014543
72	tsk_72	(x)	1	:	0.000001	0.000000	0.000000	0.000000	0.493727	0.000000	0.000000	0.000000	0.506271
73	tsk_73	(x)	1	:	0.439764	0.105021	0.000000	0.000000	0.000000	0.232542	0.000000	0.000077	0.222595
74	tsk_74	(x)	1	:	0.999998	0.000000	0.000000	0.000000	0.000002	0.000000	0.000000	0.000000	0.000000
75	tsk_75	(x)	1	:	0.439766	0.105022	0.000000	0.000000	0.000000	0.232587	0.000000	0.000039	0.222587
76	tsk_76	(x)	1	:	0.000001	0.000000	0.000000	0.000000	0.492966	0.000000	0.488529	0.000000	0.018504
77	tsk_77	(x)	1	:	0.439768	0.105022	0.000000	0.000000	0.000000	0.232577	0.000000	0.000048	0.222585
78	tsk_78	(x)	1	:	0.000000	0.000000	0.000000	0.000000	0.491963	0.000000	0.000000	0.507730	0.000307
79	tsk_79	(x)	1	:	0.000000	0.000000	0.000000	0.000000	1.000000	0.000000	0.000000	0.000000	0.000000
80	tsk_80	(x)	1	:	0.000000	0.000000	0.000000	1.000000	0.000000	0.000000	0.000000	0.000000	0.000000
81	tsk_81	(x)	1	:	0.000000	0.000000	0.000000	1.000000	0.000000	0.000000	0.000000	0.000000	0.000000
82	tsk_82	(x)	1	:	0.000000	0.000000	0.000000	0.501838	0.000000	0.476171	0.000000	0.000000	0.021991
83	tsk_83	(x)	1	:	0.000000	0.000000	0.000000	0.500058	0.000000	0.475302	0.000000	0.000000	0.024640
84	tsk_84	(x)	1	:	0.000000	0.000000	0.000000	0.500073	0.000000	0.475309	0.000000	0.000000	0.024618
85	tsk_85	(x)	1	:	0.000000	0.000000	0.000000	0.500892	0.000000	0.475708	0.000000	0.000000	0.023399
86	tsk_86	(x)	1	:	0.000000	0.000000	0.000000	0.499841	0.000000	0.475195	0.000000	0.000000	0.024964
87	tsk_87	(x)	1	:	0.000000	0.000000	0.000000	1.000000	0.000000	0.000000	0.000000	0.000000	0.000000
88	tsk_88	(x)	1	:	0.000000	0.063024	0.000000	0.500265	0.000000	0.232687	0.000000	0.000068	0.203956
89	tsk_89	(x)	1	:	0.000000	0.000000	0.000000	1.000000	0.000000	0.000000	0.000000	0.000000	0.000000
90	tsk_90	(x)	1	:	0.000000	0.000000	0.000000	0.000000	0.000000	0.586134	0.000001	0.000000	0.413865
91	tsk_91	(x)	1	:	0.000000	0.000000	0.000000	0.000000	0.493712	0.475268	0.000000	0.000000	0.031019
92	tsk_92	(x)	1	:	0.000000	0.000000	0.000000	0.438602	0.000000	0.561390	0.000000	0.000000	0.000008
93	tsk_93	(x)	1	:	0.000000	0.000000	0.000000	0.000000	1.000000	0.000000	0.000000	0.000000	0.000000
94	tsk_94	(x)	1	:	0.000000	0.000000	0.000000	0.488068	0.000000	0.000000	0.000000	0.509098	0.002834
95	tsk_95	(x)	1	:	0.000000	0.000000	0.000000	0.000000	0.000000	1.000000	0.000000	0.000000	0.000000
96	tsk_96	(x)	1	:	0.000000	0.000000	0.000000	0.000000	0.493718	0.475296	0.000000	0.000000	0.030986
97	tsk_97	(x)	1	:	0.000000	0.000000	0.000000	0.000000	0.000000	1.000000	0.000000	0.000000	0.000000
98	tsk_98	(x)	1	:	0.000000	0.000000	0.000000	0.000000	0.000000	1.000000	0.000000	0.000000	0.000000
99	tsk_99	(x)	1	:	0.000000	0.000000	0.000000	0.000000	0.478142	0.521857	0.000000	0.000000	0.000001
100	tsk_100	(x)	1	:	0.000000	0.000000	0.000000	0.000001	0.000000	0.000000	0.000002	0.000000	0.999997
101	tsk_101	(x)	1	:	0.000000	0.000000	0.000000	0.000000	0.000000	0.000000	1.000000	0.000000	0.000000
102	tsk_102	(x)	1	:	0.000000	0.000000	0.000000	0.000000	0.493728	0.000000	0.000000	0.000000	0.506271
103	tsk_103	(x)	1	:	0.000000	0.000000	0.000000	0.000000	0.520560	0.000000	0.474814	0.000000	0.004625
104	tsk_104	(x)	1	:	0.000000	0.000000	0.000000	0.000000	0.493728	0.000000	0.000001	0.000000	0.506271
105	tsk_105	(x)	1	:	0.000000	0.000000	0.000000	0.000000	0.000000	0.475023	0.494463	0.000000	0.030513
106	tsk_106	(x)	1	:	0.000000	0.000000	0.000000	0.000000	0.000000	0.000000	0.664910	0.000000	0.335090
107	tsk_107	(x)	1	:	0.000000	0.000000	0.000000	0.000000	0.000000	0.000001	0.000001	0.513355	0.486643
108	tsk_108	(x)	1	:	0.000000	0.000000	0.000000	0.000000	0.000000	0.475051	0.494520	0.000000	0.030429
109	tsk_109	(x)	1	:	0.000001	0.000000	0.000000	0.000000	0.493049	0.000000	0.489133	0.000000	0.017817
110	tsk_110	(x)	1	:	0.000000	0.000000	0.480859	0.000000	0.000000	0.475430	0.000000	0.000000	0.043710
111	tsk_111	(x)	1	:	0.000000	0.000000	0.480972	0.000000	0.000000	0.475543	0.000000	0.000000	0.043485
112	tsk_112	(x)	1	:	0.000000	0.000000	0.000000	0.000000	0.000000	0.468968	0.000000	0.531031	0.000000
113	tsk_113	(x)	1	:	0.000000	0.000000	0.000000	0.000000	0.000000	0.582652	0.000000	0.000000	0.417348
114	tsk_114	(x)	1	:	0.000000	0.000000	0.480704	0.000000	0.000000	0.000000	0.000001	0.000000	0.519295
115	tsk_115	(x)	1	:	0.000000	0.000000	0.000000	0.000000	0.000000	0.582652	0.000000	0.000000	0.417348
116	tsk_116	(x)	1	:	0.000000	0.000000	0.000000	0.000000	0.493709	0.475250	0.000000	0.000000	0.031041
117	tsk_117	(x)	1	:	0.000000	0.000000	0.000000	0.000000	0.000000	0.382838	0.000000	0.190295	0.426867
118	tsk_118	(x)	1	:	0.000000	0.000000	0.000000	0.000000	0.000000	0.581572	0.000000	0.000000	0.418427
119	tsk_119	(x)	1	:	0.000000	0.000000	0.481249	0.000000	0.000000	0.475818	0.000000	0.000000	0.042933
120	tsk_120	(x)	1	:	0.000001	0.000000	0.000000	0.000000	0.493728	0.000000	0.000000	0.000000	0.506271
121	tsk_121	(x)	1	:	0.000000	0.000000	1.000000	0.000000	0.000000	0.000000	0.000000	0.000000	0.000000
122	tsk_122	(x)	1	:	0.000000	0.000000	0.562011	0.000000	0.000000	0.437819	0.000000	0.000000	0.000170
123	tsk_123	(x)	1	:	0.000000	0.000000	0.000000	0.000002	0.000000	0.000000	0.000003	0.000000	0.999995
124	tsk_124	(x)	1	:	0.000000	0.000000	0.000000	0.000000	0.000000	0.475270	0.000001	0.000000	0.524728
125	tsk_125	(x)	1	:	0.000000	0.000000	0.000000	0.000000	0.520476	0.000000	0.000000	0.000000	0.479524
126	tsk_126	(x)	1	:	0.000000	0.000000	0.000000	0.000000	0.000000	0.475268	0.000000	0.000000	0.524732
127	tsk_127	(x)	1	:	0.000000	0.000000	0.524915	0.000000	0.475069	0.000000	0.000000	0.000000	0.000015
128	tsk_128	(x)	1	:	0.000000	0.063029	0.000000	0.000000	0.000000	0.232532	0.000000	0.000090	0.704348
129	tsk_129	(x)	1	:	0.000000	0.000000	0.000000	0.000000	0.000000	1.000000	0.000000	0.000000	0.000000
130	tsk_130	(x)	1	:	0.650318	0.000000	0.000000	0.000000	0.349682	0.000000	0.000000	0.000000	0.000000
131	tsk_131	(x)	1	:	0.000000	0.000000	0.000000	0.000000	0.000000	0.562801	0.437168	0.000000	0.000030
132	tsk_132	(x)	1	:	0.000001	0.000000	0.000000	0.000000	0.492998	0.000000	0.488754	0.000000	0.018247
133	tsk_133	(x)	1	:	0.000000	0.000000	0.000002	0.493581	0.000000	0.000000	0.488562	0.000000	0.017855
134	tsk_134	(x)	1	:	1.000000	0.000000	0.000000	0.000000	0.000000	0.000000	0.000000	0.000000	0.000000
135	tsk_135	(x)	1	:	0.000001	0.000000	0.000000	0.492517	0.492868	0.000000	0.000000	0.000000	0.014614
136	tsk_136	(x)	1	:	0.000000	0.000000	0.000000	0.476974	0.520274	0.000000	0.000000	0.000000	0.002752
137	tsk_137	(x)	1	:	0.000000	0.000000	0.000000	0.000000	0.000000	1.000000	0.000000	0.000000	0.000000
138	tsk_138	(x)	1	:	0.000000	0.000000	0.000000	0.493803	0.000000	0.000000	0.488783	0.000000	0.017414
139	tsk_139	(x)	1	:	0.000000	0.000000	0.000000	0.000000	0.000000	1.000000	0.000000	0.000000	0.000000
140	tsk_140	(x)	1	:	0.000001	0.000000	0.000000	0.000000	0.493728	0.000000	0.000000	0.000000	0.506271
141	tsk_141	(x)	1	:	0.000001	0.000000	0.000000	0.492602	0.492879	0.000000	0.000000	0.000000	0.014519
142	tsk_142	(x)	1	:	0.000000	0.512124	0.000000	0.000000	0.000000	0.000000	0.487805	0.000000	0.000071
143	tsk_143	(x)	1	:	0.000001	0.000000	0.000000	0.492604	0.492879	0.000000	0.000000	0.000000	0.014516
144	tsk_144	(x)	1	:	0.000000	0.000000	0.000000	0.494278	0.000000	0.000000	0.489258	0.000000	0.016464
145	tsk_145	(x)	1	:	0.000000	0.000000	0.000000	0.492451	0.000000	0.000000	0.487433	0.000000	0.020116
146	tsk_146	(x)	1	:	0.000000	0.000000	0.000000	0.000000	0.493734	0.475400	0.000000	0.000000	0.030866
147	tsk_147	(x)	1	:	0.508473	0.000000	0.000000	0.000000	0.000000	0.000000	0.483659	0.000000	0.007868
148	tsk_148	(x)	1	:	0.000000	0.000000	0.000000	0.493650	0.000000	0.000000	0.488631	0.000000	0.017720
149	tsk_149	(x)	1	:	0.000000	0.000000	0.000000	0.502002	0.000000	0.476251	0.000000	0.000000	0.021747
