logL = -1755.240643 (converged)
AIC = 5200.481286
BIC = 7744.468110

count.K
18 31 49 7 45 

