logL = -1364.111929 (converged)
AIC = 6228.223858
BIC = 11496.835623

count.K
17 44 8 9 11 1 6 30 19 5 

