logL = -587.360818 (converged)
AIC = 2634.721636
BIC = 4832.485400

count.K
52 20 43 13 22 

