0	tsk_0	(x)	1	:	0.000000	0.000000	0.000000	0.000000	1.000000	0.000000	0.000000
1	tsk_1	(x)	1	:	0.247535	0.000000	0.000000	0.000000	0.752465	0.000000	0.000000
2	tsk_2	(x)	1	:	0.002125	0.494450	0.000000	0.503425	0.000000	0.000000	0.000000
3	tsk_3	(x)	1	:	0.000000	0.000000	0.000000	0.000000	1.000000	0.000000	0.000000
4	tsk_4	(x)	1	:	0.000000	0.000000	0.000000	0.000000	1.000000	0.000000	0.000000
5	tsk_5	(x)	1	:	0.000000	0.000000	0.000000	0.000000	1.000000	0.000000	0.000000
6	tsk_6	(x)	1	:	0.000229	0.487933	0.000000	0.000000	0.511838	0.000000	0.000000
7	tsk_7	(x)	1	:	0.000000	0.000000	0.000000	0.000000	1.000000	0.000000	0.000000
8	tsk_8	(x)	1	:	0.460262	0.000000	0.000000	0.000000	0.539734	0.000000	0.000004
9	tsk_9	(x)	1	:	0.339027	0.000000	0.000000	0.358263	0.302704	0.000000	0.000006
10	tsk_10	(x)	1	:	0.000003	0.000000	0.000000	0.000000	0.459803	0.540194	0.000000
11	tsk_11	(x)	1	:	0.497189	0.000000	0.000000	0.000000	0.000000	0.502810	0.000001
12	tsk_12	(x)	1	:	0.194511	0.000000	0.000000	0.000000	0.302681	0.502807	0.000000
13	tsk_13	(x)	1	:	0.000004	0.000000	0.000000	0.000000	0.999996	0.000000	0.000000
14	tsk_14	(x)	1	:	0.000000	0.002814	0.000000	0.000000	0.000000	0.997186	0.000000
15	tsk_15	(x)	1	:	0.000000	0.000000	0.000000	0.000000	0.000000	0.999999	0.000000
16	tsk_16	(x)	1	:	0.086583	0.000000	0.000000	0.358287	0.000000	0.555129	0.000000
17	tsk_17	(x)	1	:	0.132115	0.000000	0.000000	0.000000	0.000000	0.502837	0.365047
18	tsk_18	(x)	1	:	0.000000	0.000000	0.000000	0.000000	0.000000	1.000000	0.000000
19	tsk_19	(x)	1	:	0.000000	0.000000	0.000000	0.000000	0.000000	1.000000	0.000000
20	tsk_20	(x)	1	:	0.197311	0.000000	0.499999	0.000000	0.302688	0.000000	0.000002
21	tsk_21	(x)	1	:	0.116040	0.000000	0.000000	0.000000	0.883960	0.000000	0.000000
22	tsk_22	(x)	1	:	0.134941	0.000000	0.500024	0.000000	0.000000	0.000000	0.365036
23	tsk_23	(x)	1	:	0.197312	0.000000	0.499999	0.000000	0.302686	0.000000	0.000003
24	tsk_24	(x)	1	:	0.000000	0.000000	1.000000	0.000000	0.000000	0.000000	0.000000
25	tsk_25	(x)	1	:	0.135117	0.000000	0.499998	0.000000	0.000000	0.000000	0.364885
26	tsk_26	(x)	1	:	0.000000	0.000000	1.000000	0.000000	0.000000	0.000000	0.000000
27	tsk_27	(x)	1	:	0.499995	0.000000	0.500001	0.000000	0.000000	0.000000	0.000005
28	tsk_28	(x)	1	:	0.000000	0.000000	0.458582	0.000000	0.000000	0.541418	0.000000
29	tsk_29	(x)	1	:	0.200953	0.496353	0.000000	0.000000	0.302694	0.000000	0.000000
30	tsk_30	(x)	1	:	0.000000	0.002814	0.000000	0.000000	0.000000	0.997186	0.000000
31	tsk_31	(x)	1	:	0.000000	0.000002	0.000000	0.000000	0.618961	0.381037	0.000000
32	tsk_32	(x)	1	:	0.000000	0.000000	0.000000	0.000000	0.571502	0.428497	0.000000
33	tsk_33	(x)	1	:	0.000000	0.002810	0.000000	0.000000	0.000000	0.997190	0.000000
34	tsk_34	(x)	1	:	0.999993	0.000000	0.000000	0.000000	0.000000	0.000000	0.000007
35	tsk_35	(x)	1	:	0.000000	0.000000	1.000000	0.000000	0.000000	0.000000	0.000000
36	tsk_36	(x)	1	:	0.000000	0.010658	0.543284	0.000000	0.000000	0.446058	0.000000
37	tsk_37	(x)	1	:	0.000000	0.010753	0.543268	0.000000	0.000000	0.445979	0.000000
38	tsk_38	(x)	1	:	0.000000	0.000000	0.000000	0.000000	0.000000	1.000000	0.000000
39	tsk_39	(x)	1	:	0.000001	0.000002	0.000000	0.000000	0.618960	0.381037	0.000000
40	tsk_40	(x)	1	:	0.125323	0.000000	0.000000	0.507838	0.000000	0.000000	0.366839
41	tsk_41	(x)	1	:	0.119415	0.000000	0.000000	0.509607	0.000000	0.000000	0.370978
42	tsk_42	(x)	1	:	0.115934	0.000000	0.000000	0.000000	0.884066	0.000000	0.000000
43	tsk_43	(x)	1	:	0.634827	0.000000	0.000000	0.000000	0.000000	0.000000	0.365173
44	tsk_44	(x)	1	:	0.000000	0.000000	0.000000	0.000000	1.000000	0.000000	0.000000
45	tsk_45	(x)	1	:	0.000000	0.000000	0.000000	0.526832	0.473167	0.000000	0.000000
46	tsk_46	(x)	1	:	0.561093	0.003753	0.000000	0.000000	0.000000	0.435153	0.000001
47	tsk_47	(x)	1	:	0.021762	0.003420	0.000000	0.000000	0.539471	0.435347	0.000000
48	tsk_48	(x)	1	:	0.053730	0.004150	0.000000	0.507217	0.000000	0.434904	0.000000
49	tsk_49	(x)	1	:	0.258359	0.003764	0.000000	0.000000	0.302726	0.435150	0.000001
50	tsk_50	(x)	1	:	0.000000	0.000000	0.000000	0.000000	0.000000	1.000000	0.000000
51	tsk_51	(x)	1	:	0.000000	0.000000	0.458582	0.000000	0.000000	0.541418	0.000000
52	tsk_52	(x)	1	:	0.000000	0.000000	0.000000	0.000000	0.472069	0.000000	0.527931
53	tsk_53	(x)	1	:	0.000000	0.000000	1.000000	0.000000	0.000000	0.000000	0.000000
54	tsk_54	(x)	1	:	0.000000	0.000000	0.000000	0.000000	0.000000	0.491760	0.508240
55	tsk_55	(x)	1	:	0.000000	0.474758	0.000000	0.000000	0.000000	0.000000	0.525242
56	tsk_56	(x)	1	:	0.000000	0.474758	0.000000	0.000000	0.000000	0.000000	0.525242
57	tsk_57	(x)	1	:	0.000000	0.010722	0.543273	0.000000	0.000000	0.446005	0.000000
58	tsk_58	(x)	1	:	0.006269	0.000000	0.000000	0.000000	0.293377	0.000000	0.700354
59	tsk_59	(x)	1	:	0.000002	0.001379	0.000000	0.000000	0.000000	0.429081	0.569537
60	tsk_60	(x)	1	:	0.053738	0.004117	0.000000	0.507216	0.000000	0.434928	0.000000
61	tsk_61	(x)	1	:	0.125922	0.000000	0.000000	0.507659	0.000000	0.000000	0.366419
62	tsk_62	(x)	1	:	0.122359	0.000000	0.000000	0.000000	0.303072	0.000000	0.574569
63	tsk_63	(x)	1	:	0.001689	0.494599	0.000000	0.503712	0.000000	0.000000	0.000000
64	tsk_64	(x)	1	:	0.190185	0.000000	0.000000	0.507097	0.302716	0.000000	0.000002
65	tsk_65	(x)	1	:	0.000000	1.000000	0.000000	0.000000	0.000000	0.000000	0.000000
66	tsk_66	(x)	1	:	0.000000	0.000000	0.000000	1.000000	0.000000	0.000000	0.000000
67	tsk_67	(x)	1	:	0.444884	0.000000	0.000000	0.000000	0.000000	0.555115	0.000001
68	tsk_68	(x)	1	:	0.000000	0.000000	0.000000	0.463761	0.000000	0.536239	0.000000
69	tsk_69	(x)	1	:	0.429579	0.000000	0.000000	0.000000	0.000000	0.000000	0.570421
70	tsk_70	(x)	1	:	0.142208	0.000000	0.000000	0.000000	0.302680	0.555112	0.000000
71	tsk_71	(x)	1	:	0.000000	0.000000	0.000000	0.000000	0.000000	1.000000	0.000000
72	tsk_72	(x)	1	:	0.410507	0.000000	0.000000	0.000000	0.000000	0.589493	0.000000
73	tsk_73	(x)	1	:	0.697284	0.000000	0.000000	0.000000	0.302713	0.000000	0.000003
74	tsk_74	(x)	1	:	0.000000	0.000000	0.000000	0.000000	0.000000	0.524736	0.475264
75	tsk_75	(x)	1	:	0.137248	0.000000	0.000000	0.560002	0.302750	0.000000	0.000000
76	tsk_76	(x)	1	:	0.000000	0.000000	0.000000	0.000000	0.000000	1.000000	0.000000
77	tsk_77	(x)	1	:	0.000000	0.000000	0.000000	0.000000	0.000000	1.000000	0.000000
78	tsk_78	(x)	1	:	0.258364	0.003744	0.000000	0.000000	0.302726	0.435165	0.000001
79	tsk_79	(x)	1	:	0.000000	0.000000	0.000000	0.000000	0.000000	1.000000	0.000000
80	tsk_80	(x)	1	:	0.999997	0.000000	0.000000	0.000000	0.000000	0.000000	0.000003
81	tsk_81	(x)	1	:	0.492890	0.000000	0.000000	0.507101	0.000000	0.000000	0.000009
82	tsk_82	(x)	1	:	0.999994	0.000000	0.000000	0.000000	0.000000	0.000000	0.000006
83	tsk_83	(x)	1	:	0.634848	0.000000	0.000000	0.000000	0.000000	0.000000	0.365152
84	tsk_84	(x)	1	:	0.634849	0.000000	0.000000	0.000000	0.000000	0.000000	0.365151
85	tsk_85	(x)	1	:	0.524837	0.000000	0.000000	0.475151	0.000000	0.000000	0.000012
86	tsk_86	(x)	1	:	0.213629	0.000000	0.000000	0.483653	0.302717	0.000000	0.000001
87	tsk_87	(x)	1	:	0.492872	0.000000	0.000000	0.507109	0.000000	0.000000	0.000019
88	tsk_88	(x)	1	:	0.122589	0.000000	0.000000	0.000000	0.302961	0.000000	0.574450
89	tsk_89	(x)	1	:	0.697286	0.000000	0.000000	0.000000	0.302711	0.000000	0.000003
90	tsk_90	(x)	1	:	0.503646	0.496353	0.000000	0.000000	0.000000	0.000000	0.000001
91	tsk_91	(x)	1	:	0.000000	1.000000	0.000000	0.000000	0.000000	0.000000	0.000000
92	tsk_92	(x)	1	:	0.697292	0.000000	0.000000	0.000000	0.302706	0.000000	0.000001
93	tsk_93	(x)	1	:	0.019114	0.496664	0.000000	0.484222	0.000000	0.000000	0.000000
94	tsk_94	(x)	1	:	0.516330	0.000000	0.000000	0.483659	0.000000	0.000000	0.000011
95	tsk_95	(x)	1	:	0.019428	0.496555	0.000000	0.484018	0.000000	0.000000	0.000000
96	tsk_96	(x)	1	:	0.200953	0.496353	0.000000	0.000000	0.302693	0.000000	0.000000
97	tsk_97	(x)	1	:	0.019118	0.496663	0.000000	0.484219	0.000000	0.000000	0.000000
98	tsk_98	(x)	1	:	0.000857	0.000000	0.000000	0.475042	0.524100	0.000000	0.000001
99	tsk_99	(x)	1	:	0.019152	0.496651	0.000000	0.484197	0.000000	0.000000	0.000000
100	tsk_100	(x)	1	:	0.073029	0.000000	0.000000	0.000000	0.000000	0.556186	0.370785
101	tsk_101	(x)	1	:	0.076657	0.000000	0.000000	0.000000	0.000000	0.555627	0.367716
102	tsk_102	(x)	1	:	0.076197	0.000000	0.000000	0.000000	0.000000	0.555698	0.368106
103	tsk_103	(x)	1	:	0.142208	0.000000	0.000000	0.000000	0.302680	0.555112	0.000000
104	tsk_104	(x)	1	:	0.074070	0.000000	0.000000	0.000000	0.000000	0.556026	0.369904
105	tsk_105	(x)	1	:	0.074614	0.000000	0.000000	0.000000	0.000000	0.555942	0.369444
106	tsk_106	(x)	1	:	0.444885	0.000000	0.000000	0.000000	0.000000	0.555114	0.000001
107	tsk_107	(x)	1	:	0.697271	0.000000	0.000000	0.000000	0.302724	0.000000	0.000006
108	tsk_108	(x)	1	:	0.000000	0.000000	0.000000	0.000000	0.000000	1.000000	0.000000
109	tsk_109	(x)	1	:	0.444883	0.000000	0.000000	0.000000	0.000000	0.555115	0.000002
110	tsk_110	(x)	1	:	0.200953	0.496353	0.000000	0.000000	0.302694	0.000000	0.000000
111	tsk_111	(x)	1	:	0.000000	1.000000	0.000000	0.000000	0.000000	0.000000	0.000000
112	tsk_112	(x)	1	:	0.200953	0.496353	0.000000	0.000000	0.302694	0.000000	0.000000
113	tsk_113	(x)	1	:	0.000000	0.010734	0.543271	0.000000	0.000000	0.445995	0.000000
114	tsk_114	(x)	1	:	0.999995	0.000000	0.000000	0.000000	0.000000	0.000000	0.000005
115	tsk_115	(x)	1	:	0.000000	0.384006	0.000000	0.000000	0.000000	0.615994	0.000000
116	tsk_116	(x)	1	:	0.258368	0.003725	0.000000	0.000000	0.302726	0.435180	0.000001
117	tsk_117	(x)	1	:	0.000000	0.384006	0.000000	0.000000	0.000000	0.615994	0.000000
118	tsk_118	(x)	1	:	0.697286	0.000000	0.000000	0.000000	0.302711	0.000000	0.000003
119	tsk_119	(x)	1	:	0.200954	0.496353	0.000000	0.000000	0.302693	0.000000	0.000001
120	tsk_120	(x)	1	:	0.000000	0.000000	0.000000	0.000000	0.000000	1.000000	0.000000
121	tsk_121	(x)	1	:	0.999996	0.000000	0.000000	0.000000	0.000000	0.000000	0.000004
122	tsk_122	(x)	1	:	0.999996	0.000000	0.000000	0.000000	0.000000	0.000000	0.000004
123	tsk_123	(x)	1	:	0.999995	0.000000	0.000000	0.000000	0.000000	0.000000	0.000005
124	tsk_124	(x)	1	:	0.000000	0.002809	0.000000	0.000000	0.000000	0.997191	0.000000
125	tsk_125	(x)	1	:	0.561100	0.003725	0.000000	0.000000	0.000000	0.435174	0.000000
126	tsk_126	(x)	1	:	0.000000	0.002811	0.000000	0.000000	0.000000	0.997189	0.000000
127	tsk_127	(x)	1	:	0.000000	0.000000	0.000000	0.000000	0.000000	1.000000	0.000000
128	tsk_128	(x)	1	:	0.000000	0.002819	0.000000	0.000000	0.000000	0.997181	0.000000
129	tsk_129	(x)	1	:	0.444885	0.000000	0.000000	0.000000	0.000000	0.555114	0.000001
130	tsk_130	(x)	1	:	0.000000	0.000000	1.000000	0.000000	0.000000	0.000000	0.000000
131	tsk_131	(x)	1	:	0.483539	0.000000	0.000000	0.000000	0.516460	0.000000	0.000001
132	tsk_132	(x)	1	:	0.001875	0.000000	0.496232	0.000000	0.501893	0.000000	0.000000
133	tsk_133	(x)	1	:	0.999994	0.000000	0.000000	0.000000	0.000000	0.000000	0.000006
134	tsk_134	(x)	1	:	0.483533	0.000000	0.000000	0.000000	0.516465	0.000000	0.000002
135	tsk_135	(x)	1	:	0.000005	0.000000	0.000000	0.000000	0.999995	0.000000	0.000000
136	tsk_136	(x)	1	:	0.999992	0.000000	0.000000	0.000000	0.000000	0.000000	0.000008
137	tsk_137	(x)	1	:	0.483544	0.000000	0.000000	0.000000	0.516455	0.000000	0.000000
138	tsk_138	(x)	1	:	0.000001	0.000000	0.000000	0.000000	0.999999	0.000000	0.000000
139	tsk_139	(x)	1	:	0.418151	0.581849	0.000000	0.000000	0.000000	0.000000	0.000000
140	tsk_140	(x)	1	:	0.503646	0.496353	0.000000	0.000000	0.000000	0.000000	0.000001
141	tsk_141	(x)	1	:	0.000000	0.631687	0.000000	0.000000	0.000000	0.368313	0.000000
142	tsk_142	(x)	1	:	0.999998	0.000000	0.000000	0.000000	0.000000	0.000000	0.000002
143	tsk_143	(x)	1	:	0.138441	0.496404	0.000000	0.000000	0.000000	0.000000	0.365155
144	tsk_144	(x)	1	:	0.492891	0.000000	0.000000	0.507101	0.000000	0.000000	0.000009
145	tsk_145	(x)	1	:	0.138756	0.496351	0.000000	0.000000	0.000000	0.000000	0.364893
146	tsk_146	(x)	1	:	0.999997	0.000000	0.000000	0.000000	0.000000	0.000000	0.000003
147	tsk_147	(x)	1	:	0.497190	0.000000	0.000000	0.000000	0.000000	0.502810	0.000000
148	tsk_148	(x)	1	:	0.999996	0.000000	0.000000	0.000000	0.000000	0.000000	0.000004
149	tsk_149	(x)	1	:	0.999996	0.000000	0.000000	0.000000	0.000000	0.000000	0.000004
