logL = -1350.468998 (converged)
AIC = 4200.937997
BIC = 6458.914467

count.K
9 37 9 40 55 

