logL = -1879.490143 (converged)
AIC = 4202.980286
BIC = 4871.341321

count.K
88 62 

