logL = -1497.373532 (converged)
AIC = 7874.747065
BIC = 15220.697182

count.K
0 5 4 22 2 15 9 13 22 19 1 26 10 2 

