logL = -2310.028204 (converged)
AIC = 7648.056409
BIC = 12206.158244

count.K
36 18 8 32 8 23 23 2 

