logL = -1442.318575 (converged)
AIC = 6040.637151
BIC = 10791.419645

count.K
7 9 28 16 13 29 19 12 17 

