logL = -928.744367 (converged)
AIC = 6821.488734
BIC = 14293.885534

count.K
9 15 11 26 13 4 2 17 24 7 3 4 14 1 

