logL = -540.623252 (converged)
AIC = 4885.246504
BIC = 10611.474833

count.K
6 18 1 14 4 17 6 46 32 0 1 5 

