logL = -875.158185 (converged)
AIC = 6058.316370
BIC = 12543.224793

count.K
9 15 34 19 6 10 19 12 20 1 2 3 

