logL = -1667.067098 (converged)
AIC = 4554.134196
BIC = 6390.621725

count.K
37 47 38 28 

