logL = -895.405716 (converged)
AIC = 3270.811431
BIC = 5498.681549

count.K
10 75 19 4 42 

