logL = -1938.657885 (converged)
AIC = 4735.315770
BIC = 6026.878311

count.K
36 39 75 

