logL = -1683.193835 (converged)
AIC = 4170.387671
BIC = 5380.663059

count.K
35 33 82 

