logL = -618.656579 (converged)
AIC = 3121.313159
BIC = 5957.331606

count.K
7 11 17 12 61 42 

