logL = -1233.253605 (converged)
AIC = 6918.507210
BIC = 13620.181374

count.K
15 8 26 15 38 10 3 1 13 5 12 4 

