logL = -2931.855709 (converged)
AIC = 6351.711419
BIC = 7086.306430

count.K
79 71 

