logL = -1459.477725 (converged)
AIC = 4994.955450
BIC = 8119.994885

count.K
32 44 21 26 13 14 

