logL = -817.946763 (converged)
AIC = 4215.893526
BIC = 8099.613055

count.K
25 57 20 11 27 4 4 2 

