logL = -2445.969607 (converged)
AIC = 5375.939215
BIC = 6104.512956

count.K
109 41 

