logL = -2598.614046 (converged)
AIC = 7697.228093
BIC = 11460.522211

count.K
14 28 21 14 33 24 16 

