logL = -2365.647863 (converged)
AIC = 7343.295726
BIC = 11275.185420

count.K
27 14 17 44 14 29 5 

