logL = -1274.315497 (converged)
AIC = 6780.630995
BIC = 13151.135277

count.K
6 3 9 49 3 2 17 39 5 12 5 

