logL = -1629.981886 (converged)
AIC = 7495.963771
BIC = 13872.489324

count.K
0 8 8 10 13 2 15 13 1 38 9 33 

