logL = -2070.701821 (converged)
AIC = 5353.403642
BIC = 7177.848631

count.K
65 3 37 45 

