logL = -1435.210020 (converged)
AIC = 6350.420041
BIC = 11588.925452

count.K
24 26 29 5 4 5 4 47 0 6 

