logL = -1879.602757 (converged)
AIC = 6659.205514
BIC = 11024.626690

count.K
36 1 17 20 9 39 11 17 

