logL = -2170.380867 (converged)
AIC = 6368.761735
BIC = 9421.545923

count.K
11 27 43 19 39 11 

