logL = -1776.600338 (converged)
AIC = 5213.200675
BIC = 7712.027969

count.K
24 33 33 45 15 

