logL = -1880.132155 (converged)
AIC = 6330.264309
BIC = 10198.930662

count.K
3 11 6 39 11 16 64 

