logL = -1787.075560 (converged)
AIC = 5174.151119
BIC = 7582.659355

count.K
3 29 72 8 38 

