logL = -1726.247102 (converged)
AIC = 7232.494204
BIC = 12922.594909

count.K
18 26 20 41 6 7 11 11 8 2 

