logL = -1673.873555 (converged)
AIC = 7425.747109
BIC = 13564.432474

count.K
1 2 3 7 27 30 10 46 3 20 1 

