logL = -1369.968868 (converged)
AIC = 7983.937736
BIC = 15877.823477

count.K
5 16 13 23 12 9 0 13 5 14 32 1 1 6 

