logL = -3070.686831 (converged)
AIC = 7521.373662
BIC = 9598.712015

count.K
5 32 66 47 

