logL = -1732.391747 (converged)
AIC = 8764.783494
BIC = 16742.967023

count.K
11 12 22 0 1 11 6 36 4 7 14 8 0 18 

