0	tsk_0	(x)	1	:	0.500257	0.000000	0.000000	0.000000	0.000000	0.000000	0.000000	0.000000	0.000000	0.000000	0.000000	0.000000	0.499743
1	tsk_1	(x)	1	:	0.000000	0.000000	0.000000	0.502282	0.000000	0.496404	0.001314	0.000000	0.000000	0.000000	0.000000	0.000000	0.000000
2	tsk_2	(x)	1	:	0.000000	0.000000	0.504770	0.000000	0.000000	0.000000	0.000000	0.000000	0.000000	0.000000	0.000000	0.000000	0.495229
3	tsk_3	(x)	1	:	0.502405	0.000000	0.000000	0.000000	0.000000	0.496940	0.000655	0.000000	0.000000	0.000000	0.000000	0.000000	0.000000
4	tsk_4	(x)	1	:	0.502401	0.000000	0.000000	0.000000	0.000000	0.496894	0.000705	0.000000	0.000000	0.000000	0.000000	0.000000	0.000000
5	tsk_5	(x)	1	:	0.000000	0.000000	0.000000	0.000000	0.000000	0.000000	0.000000	0.523735	0.000000	0.000000	0.000000	0.000000	0.476265
6	tsk_6	(x)	1	:	0.500404	0.000000	0.000000	0.499596	0.000000	0.000000	0.000000	0.000000	0.000000	0.000000	0.000000	0.000000	0.000000
7	tsk_7	(x)	1	:	0.000000	0.000000	0.000000	0.000000	0.000000	0.370067	0.000000	0.629933	0.000000	0.000000	0.000000	0.000000	0.000000
8	tsk_8	(x)	1	:	0.000000	0.000000	0.000000	0.000000	0.000000	0.370067	0.000000	0.629933	0.000000	0.000000	0.000000	0.000000	0.000000
9	tsk_9	(x)	1	:	0.000000	0.000000	0.000000	0.000000	0.000000	1.000000	0.000000	0.000000	0.000000	0.000000	0.000000	0.000000	0.000000
10	tsk_10	(x)	1	:	0.000000	0.000000	0.000000	0.000000	0.000000	0.000000	0.000000	0.000000	0.000000	0.000000	0.000000	0.000000	1.000000
11	tsk_11	(x)	1	:	0.000000	0.000000	0.467807	0.000000	0.000000	0.000000	0.000000	0.000000	0.000000	0.000000	0.532193	0.000000	0.000000
12	tsk_12	(x)	1	:	0.000000	0.000000	0.000000	0.000000	0.000000	0.000000	0.000000	0.530266	0.000000	0.000000	0.000000	0.000000	0.469734
13	tsk_13	(x)	1	:	0.000000	0.000000	0.000000	0.000000	0.000000	0.000000	0.000000	0.000000	0.000000	0.000000	0.000000	0.000000	1.000000
14	tsk_14	(x)	1	:	0.000000	0.000000	0.000000	0.000000	0.000000	0.000000	0.000000	0.000000	0.000000	0.000000	0.000000	0.000000	1.000000
15	tsk_15	(x)	1	:	0.494045	0.000000	0.000059	0.000000	0.000000	0.000000	0.000000	0.000000	0.000000	0.000000	0.000000	0.000000	0.505896
16	tsk_16	(x)	1	:	0.000000	0.000000	0.467807	0.000000	0.000000	0.000000	0.000000	0.000000	0.000000	0.000000	0.532193	0.000000	0.000000
17	tsk_17	(x)	1	:	0.000000	0.494496	0.000000	0.000000	0.000000	0.000000	0.000000	0.000000	0.000000	0.000000	0.000000	0.000000	0.505503
18	tsk_18	(x)	1	:	0.000000	0.000000	0.000000	0.000000	0.000000	0.481598	0.000000	0.000000	0.000000	0.000000	0.000000	0.000000	0.518402
19	tsk_19	(x)	1	:	0.000000	0.000000	0.000000	0.000000	0.464080	0.000000	0.000003	0.535917	0.000000	0.000000	0.000000	0.000000	0.000000
20	tsk_20	(x)	1	:	0.000000	0.000000	0.000000	0.000000	0.384967	0.000000	0.615033	0.000000	0.000000	0.000000	0.000000	0.000000	0.000000
21	tsk_21	(x)	1	:	0.000000	0.000000	0.000000	0.000000	0.719439	0.000000	0.280561	0.000000	0.000000	0.000000	0.000000	0.000000	0.000000
22	tsk_22	(x)	1	:	0.000000	0.000000	0.000000	0.000000	0.464080	0.000000	0.000003	0.535916	0.000000	0.000000	0.000000	0.000000	0.000000
23	tsk_23	(x)	1	:	0.000000	0.000000	0.000000	0.000000	0.000000	0.000000	0.562476	0.000000	0.000000	0.000000	0.000000	0.437490	0.000033
24	tsk_24	(x)	1	:	0.000000	0.000000	0.504770	0.000000	0.000000	0.000000	0.000000	0.000000	0.000000	0.000000	0.000000	0.000000	0.495229
25	tsk_25	(x)	1	:	0.000000	0.000000	0.000000	0.000000	0.719439	0.000000	0.280561	0.000000	0.000000	0.000000	0.000000	0.000000	0.000000
26	tsk_26	(x)	1	:	0.000000	0.000000	0.000000	0.000000	0.612822	0.000000	0.387178	0.000000	0.000000	0.000000	0.000000	0.000000	0.000000
27	tsk_27	(x)	1	:	0.000000	0.000000	0.000000	0.000000	0.384967	0.000000	0.615033	0.000000	0.000000	0.000000	0.000000	0.000000	0.000000
28	tsk_28	(x)	1	:	0.500000	0.000000	0.000000	0.000000	0.499996	0.000000	0.000004	0.000000	0.000000	0.000000	0.000000	0.000000	0.000000
29	tsk_29	(x)	1	:	0.000000	0.000000	0.000000	0.000000	0.000000	0.000000	1.000000	0.000000	0.000000	0.000000	0.000000	0.000000	0.000000
30	tsk_30	(x)	1	:	0.194827	0.000000	0.000000	0.000000	0.000000	0.000000	0.000000	0.000000	0.297468	0.507705	0.000000	0.000000	0.000000
31	tsk_31	(x)	1	:	0.000000	0.000000	0.000000	0.000000	0.000000	0.000000	0.000000	0.000000	0.000000	0.503821	0.000000	0.000000	0.496179
32	tsk_32	(x)	1	:	0.180128	0.000000	0.000000	0.537960	0.000000	0.000000	0.000000	0.000000	0.281911	0.000000	0.000000	0.000000	0.000000
33	tsk_33	(x)	1	:	0.000000	0.000000	0.000000	0.500170	0.000000	0.000000	0.000000	0.000000	0.000000	0.000000	0.000000	0.000000	0.499830
34	tsk_34	(x)	1	:	0.000000	0.000000	0.000000	0.500170	0.000000	0.000000	0.000000	0.000000	0.000000	0.000000	0.000000	0.000000	0.499830
35	tsk_35	(x)	1	:	0.440849	0.000000	0.000000	0.000000	0.000000	0.000000	0.000000	0.000000	0.559151	0.000000	0.000000	0.000000	0.000000
36	tsk_36	(x)	1	:	0.000000	0.000000	0.000000	0.000000	0.000000	0.000000	0.000000	0.000000	0.000000	0.000000	0.000000	0.469648	0.530352
37	tsk_37	(x)	1	:	0.000000	0.000000	0.000000	0.000000	0.000000	0.000000	0.000000	0.000000	0.000000	0.000000	0.000000	0.717551	0.282449
38	tsk_38	(x)	1	:	0.194827	0.000000	0.000000	0.000000	0.000000	0.000000	0.000000	0.000000	0.297468	0.507705	0.000000	0.000000	0.000000
39	tsk_39	(x)	1	:	0.000000	0.000000	0.000000	0.000000	0.503507	0.000000	0.000006	0.000000	0.000000	0.000000	0.000000	0.000000	0.496488
40	tsk_40	(x)	1	:	1.000000	0.000000	0.000000	0.000000	0.000000	0.000000	0.000000	0.000000	0.000000	0.000000	0.000000	0.000000	0.000000
41	tsk_41	(x)	1	:	0.000000	0.000000	0.000000	0.000000	0.612822	0.000000	0.387178	0.000000	0.000000	0.000000	0.000000	0.000000	0.000000
42	tsk_42	(x)	1	:	0.000000	0.000000	0.000000	0.000000	0.612822	0.000000	0.387178	0.000000	0.000000	0.000000	0.000000	0.000000	0.000000
43	tsk_43	(x)	1	:	0.502399	0.000000	0.000000	0.000000	0.000000	0.496866	0.000734	0.000000	0.000000	0.000000	0.000000	0.000000	0.000000
44	tsk_44	(x)	1	:	0.000000	0.000000	0.000000	0.000000	0.000000	0.506461	0.493520	0.000019	0.000000	0.000000	0.000000	0.000000	0.000000
45	tsk_45	(x)	1	:	0.000000	0.000000	0.000000	0.000000	0.503506	0.000000	0.000007	0.000000	0.000000	0.000000	0.000000	0.000000	0.496487
46	tsk_46	(x)	1	:	0.000000	0.000000	0.000000	0.000000	0.478264	0.000000	0.000004	0.521733	0.000000	0.000000	0.000000	0.000000	0.000000
47	tsk_47	(x)	1	:	0.000000	0.493740	0.000000	0.000000	0.000000	0.000000	0.000000	0.000000	0.000000	0.506259	0.000000	0.000000	0.000000
48	tsk_48	(x)	1	:	0.000000	0.000000	0.000000	0.000000	0.612822	0.000000	0.387178	0.000000	0.000000	0.000000	0.000000	0.000000	0.000000
49	tsk_49	(x)	1	:	0.000000	0.514015	0.000000	0.000000	0.000000	0.485974	0.000011	0.000000	0.000000	0.000000	0.000000	0.000000	0.000000
50	tsk_50	(x)	1	:	0.000000	0.494696	0.505304	0.000000	0.000000	0.000000	0.000000	0.000000	0.000000	0.000000	0.000000	0.000000	0.000000
51	tsk_51	(x)	1	:	0.000000	0.000000	0.000000	0.000000	0.503507	0.000000	0.000006	0.000000	0.000000	0.000000	0.000000	0.000000	0.496487
52	tsk_52	(x)	1	:	0.000000	1.000000	0.000000	0.000000	0.000000	0.000000	0.000000	0.000000	0.000000	0.000000	0.000000	0.000000	0.000000
53	tsk_53	(x)	1	:	0.000000	0.000000	0.000000	0.000000	0.498968	0.000000	0.000004	0.000000	0.501028	0.000000	0.000000	0.000000	0.000000
54	tsk_54	(x)	1	:	0.500257	0.000000	0.000000	0.000000	0.000000	0.000000	0.000000	0.000000	0.000000	0.000000	0.000000	0.000000	0.499743
55	tsk_55	(x)	1	:	0.000000	0.634764	0.000000	0.000000	0.000001	0.000000	0.365235	0.000000	0.000000	0.000000	0.000000	0.000000	0.000000
56	tsk_56	(x)	1	:	0.000000	0.000000	0.504286	0.000000	0.000000	0.000000	0.000000	0.000000	0.000000	0.495714	0.000000	0.000000	0.000000
57	tsk_57	(x)	1	:	0.000000	0.000000	0.000000	0.000000	1.000000	0.000000	0.000000	0.000000	0.000000	0.000000	0.000000	0.000000	0.000000
58	tsk_58	(x)	1	:	0.000000	0.000000	0.000000	0.000000	0.000004	0.000000	0.495782	0.000000	0.504213	0.000000	0.000000	0.000000	0.000000
59	tsk_59	(x)	1	:	0.000000	0.000000	0.504627	0.000000	0.495373	0.000000	0.000000	0.000000	0.000000	0.000000	0.000000	0.000000	0.000000
60	tsk_60	(x)	1	:	0.000000	0.000000	0.000000	0.000000	0.464080	0.000000	0.000003	0.535916	0.000000	0.000000	0.000000	0.000000	0.000000
61	tsk_61	(x)	1	:	0.000000	0.000000	0.000000	0.000000	0.411286	0.000000	0.000000	0.588714	0.000000	0.000000	0.000000	0.000000	0.000000
62	tsk_62	(x)	1	:	0.462408	0.000000	0.000000	0.000000	0.000000	0.000000	0.000017	0.000007	0.000000	0.000000	0.537568	0.000000	0.000000
63	tsk_63	(x)	1	:	0.000000	0.000000	0.000000	0.000000	0.509847	0.000000	0.000002	0.000000	0.000000	0.000000	0.000000	0.423877	0.066274
64	tsk_64	(x)	1	:	1.000000	0.000000	0.000000	0.000000	0.000000	0.000000	0.000000	0.000000	0.000000	0.000000	0.000000	0.000000	0.000000
65	tsk_65	(x)	1	:	0.000000	0.000000	0.000000	0.000000	0.525570	0.474430	0.000000	0.000000	0.000000	0.000000	0.000000	0.000000	0.000000
66	tsk_66	(x)	1	:	0.000000	0.000000	0.000000	0.000000	0.000000	0.350674	0.000000	0.649326	0.000000	0.000000	0.000000	0.000000	0.000000
67	tsk_67	(x)	1	:	0.496901	0.000000	0.000000	0.000000	0.000000	0.000000	0.000000	0.503099	0.000000	0.000000	0.000000	0.000000	0.000000
68	tsk_68	(x)	1	:	0.000000	0.000000	0.000000	0.000000	0.464080	0.000000	0.000004	0.535916	0.000000	0.000000	0.000000	0.000000	0.000000
69	tsk_69	(x)	1	:	0.494783	0.000000	0.000000	0.000000	0.000000	0.000000	0.000000	0.000000	0.000000	0.000000	0.000000	0.505217	0.000000
70	tsk_70	(x)	1	:	0.000000	0.000000	0.000000	0.000000	0.000000	0.000000	0.000000	0.000000	0.000000	0.000000	0.000000	0.404622	0.595378
71	tsk_71	(x)	1	:	0.000000	0.000000	0.000000	0.000000	0.000000	0.532202	0.000000	0.000000	0.000000	0.000000	0.000000	0.000013	0.467785
72	tsk_72	(x)	1	:	0.000000	0.000000	0.000000	0.000000	0.000000	0.000000	0.000000	0.000000	0.501261	0.000000	0.000000	0.000000	0.498739
73	tsk_73	(x)	1	:	0.000000	0.000000	0.000000	0.000000	0.000000	0.502973	0.000000	0.000000	0.497027	0.000000	0.000000	0.000000	0.000000
74	tsk_74	(x)	1	:	0.000000	0.000000	0.000000	0.000000	0.000000	0.000000	0.000000	0.530417	0.000000	0.000000	0.000000	0.435347	0.034236
75	tsk_75	(x)	1	:	0.000000	0.000000	0.000000	0.000000	0.498967	0.000000	0.000005	0.000000	0.501028	0.000000	0.000000	0.000000	0.000000
76	tsk_76	(x)	1	:	0.000000	0.000000	0.000000	0.000000	0.000000	0.572047	0.000000	0.000000	0.000000	0.000000	0.000000	0.000000	0.427953
77	tsk_77	(x)	1	:	0.000000	0.000000	0.000000	0.000000	0.000000	0.567620	0.000000	0.432380	0.000000	0.000000	0.000000	0.000000	0.000000
78	tsk_78	(x)	1	:	0.000000	0.000000	0.000000	0.000000	0.000000	0.000000	0.000000	0.000000	0.000000	0.000000	0.000000	0.000000	1.000000
79	tsk_79	(x)	1	:	0.000000	0.000000	0.000000	0.000000	0.000000	0.000000	0.000018	0.000035	0.463364	0.000000	0.536583	0.000000	0.000000
80	tsk_80	(x)	1	:	0.000000	0.000000	0.000000	0.000000	0.503508	0.000000	0.000004	0.000000	0.000000	0.000000	0.000000	0.000000	0.496488
81	tsk_81	(x)	1	:	0.000000	0.000000	0.000000	0.000000	0.612822	0.000000	0.387178	0.000000	0.000000	0.000000	0.000000	0.000000	0.000000
82	tsk_82	(x)	1	:	0.000000	0.000000	0.000000	0.000000	0.503507	0.000000	0.000004	0.000000	0.000000	0.000000	0.000000	0.000000	0.496488
83	tsk_83	(x)	1	:	0.500000	0.000000	0.000000	0.000000	0.499998	0.000000	0.000002	0.000000	0.000000	0.000000	0.000000	0.000000	0.000000
84	tsk_84	(x)	1	:	0.194696	0.000000	0.000000	0.000000	0.507958	0.000000	0.000003	0.000000	0.297343	0.000000	0.000000	0.000000	0.000000
85	tsk_85	(x)	1	:	0.000000	0.000000	0.000000	0.000000	0.000000	0.533533	0.000000	0.000000	0.000000	0.000000	0.000000	0.000000	0.466467
86	tsk_86	(x)	1	:	0.000000	0.000000	0.000000	0.000000	1.000000	0.000000	0.000000	0.000000	0.000000	0.000000	0.000000	0.000000	0.000000
87	tsk_87	(x)	1	:	0.000000	0.000000	0.000000	0.000000	0.503506	0.000000	0.000007	0.000000	0.000000	0.000000	0.000000	0.000000	0.496487
88	tsk_88	(x)	1	:	0.000000	0.000000	0.000000	0.000000	0.000000	0.000000	0.002123	0.458216	0.000000	0.000000	0.000000	0.000000	0.539661
89	tsk_89	(x)	1	:	0.000000	0.169107	0.000000	0.000000	0.391915	0.000000	0.000000	0.000000	0.000000	0.000000	0.000000	0.000000	0.438977
90	tsk_90	(x)	1	:	0.000000	0.000000	0.000000	0.000000	0.000000	0.350674	0.000000	0.649326	0.000000	0.000000	0.000000	0.000000	0.000000
91	tsk_91	(x)	1	:	0.501525	0.000000	0.000000	0.000000	0.000000	0.000002	0.033949	0.464517	0.000000	0.000000	0.000007	0.000000	0.000000
92	tsk_92	(x)	1	:	0.000000	0.514014	0.000000	0.000000	0.000000	0.485974	0.000012	0.000000	0.000000	0.000000	0.000000	0.000000	0.000000
93	tsk_93	(x)	1	:	0.500794	0.499206	0.000000	0.000000	0.000000	0.000000	0.000000	0.000000	0.000000	0.000000	0.000000	0.000000	0.000000
94	tsk_94	(x)	1	:	0.000000	0.514014	0.000000	0.000000	0.000000	0.485974	0.000011	0.000000	0.000000	0.000000	0.000000	0.000000	0.000000
95	tsk_95	(x)	1	:	0.000000	0.000000	0.000000	0.000000	0.525570	0.474430	0.000000	0.000000	0.000000	0.000000	0.000000	0.000000	0.000000
96	tsk_96	(x)	1	:	0.462408	0.000000	0.000000	0.000000	0.000000	0.000000	0.000017	0.000007	0.000000	0.000000	0.537568	0.000000	0.000000
97	tsk_97	(x)	1	:	0.000000	0.489157	0.000000	0.000000	0.510840	0.000000	0.000004	0.000000	0.000000	0.000000	0.000000	0.000000	0.000000
98	tsk_98	(x)	1	:	0.000000	1.000000	0.000000	0.000000	0.000000	0.000000	0.000000	0.000000	0.000000	0.000000	0.000000	0.000000	0.000000
99	tsk_99	(x)	1	:	0.462408	0.000000	0.000000	0.000000	0.000000	0.000000	0.000017	0.000000	0.000000	0.000000	0.537575	0.000000	0.000000
100	tsk_100	(x)	1	:	0.501525	0.000000	0.000000	0.000000	0.000000	0.000004	0.033948	0.464510	0.000000	0.000000	0.000013	0.000000	0.000000
101	tsk_101	(x)	1	:	0.000000	0.000000	0.000000	0.000000	0.000000	0.000004	0.000000	0.999996	0.000000	0.000000	0.000000	0.000000	0.000000
102	tsk_102	(x)	1	:	0.000000	0.000000	0.000000	0.000000	0.000000	0.000000	0.000000	1.000000	0.000000	0.000000	0.000000	0.000000	0.000000
103	tsk_103	(x)	1	:	0.000000	0.000000	0.000000	0.500265	0.000000	0.499734	0.000000	0.000000	0.000000	0.000000	0.000000	0.000000	0.000000
104	tsk_104	(x)	1	:	0.000000	0.000000	0.000000	0.000000	0.000000	0.532200	0.000000	0.000000	0.000000	0.000000	0.000000	0.000000	0.467800
105	tsk_105	(x)	1	:	0.500000	0.000000	0.000000	0.000000	0.499997	0.000000	0.000002	0.000000	0.000000	0.000000	0.000000	0.000000	0.000000
106	tsk_106	(x)	1	:	0.000000	0.000000	0.000000	0.000000	0.000000	0.000004	0.000000	0.999996	0.000000	0.000000	0.000000	0.000000	0.000000
107	tsk_107	(x)	1	:	0.000000	0.000000	0.000000	0.000000	0.000000	0.503145	0.000000	0.000000	0.496855	0.000000	0.000000	0.000000	0.000000
108	tsk_108	(x)	1	:	0.000000	0.000000	0.000000	0.000000	0.000000	0.000005	0.000000	0.999995	0.000000	0.000000	0.000000	0.000000	0.000000
109	tsk_109	(x)	1	:	0.000000	0.000000	0.000000	0.000000	0.000000	0.000004	0.000000	0.999996	0.000000	0.000000	0.000000	0.000000	0.000000
110	tsk_110	(x)	1	:	0.000000	0.000000	0.000000	0.000000	0.000000	0.000000	0.000000	0.000000	0.000000	0.000000	0.000000	1.000000	0.000000
111	tsk_111	(x)	1	:	0.000000	0.000000	0.000000	0.000000	0.000000	0.000000	0.000000	0.000000	0.000000	0.000000	0.000000	0.000000	1.000000
112	tsk_112	(x)	1	:	0.477221	0.000000	0.000000	0.000000	0.000000	0.000000	0.000000	0.000000	0.522779	0.000000	0.000000	0.000000	0.000000
113	tsk_113	(x)	1	:	0.000000	0.000000	0.000000	0.000000	0.498969	0.000000	0.000003	0.000000	0.501028	0.000000	0.000000	0.000000	0.000000
114	tsk_114	(x)	1	:	0.000000	0.000000	0.000000	0.000000	0.498968	0.000000	0.000004	0.000000	0.501028	0.000000	0.000000	0.000000	0.000000
115	tsk_115	(x)	1	:	0.000000	0.000000	0.000000	0.000000	0.000000	0.000000	0.000000	0.000000	0.000000	0.000000	0.000000	0.469653	0.530347
116	tsk_116	(x)	1	:	0.000000	0.000000	0.000000	0.000000	0.000000	0.533349	0.000000	0.000000	0.000000	0.000000	0.000000	0.466442	0.000209
117	tsk_117	(x)	1	:	0.000000	0.000000	0.000000	0.000000	0.000000	0.000000	0.000000	0.000000	0.501261	0.000000	0.000000	0.000000	0.498739
118	tsk_118	(x)	1	:	0.000000	0.000000	0.000000	0.000000	0.000000	0.000000	0.000000	0.000000	1.000000	0.000000	0.000000	0.000000	0.000000
119	tsk_119	(x)	1	:	0.000000	0.000000	0.000000	0.000000	0.000000	0.000000	0.000000	0.000000	1.000000	0.000000	0.000000	0.000000	0.000000
120	tsk_120	(x)	1	:	0.000000	0.000000	0.000000	0.000000	0.000000	0.000000	0.000000	0.000000	0.000000	0.000000	0.000000	0.469653	0.530347
121	tsk_121	(x)	1	:	0.000000	0.000000	0.000000	0.000000	0.503507	0.000000	0.000004	0.000000	0.000000	0.000000	0.000000	0.000000	0.496488
122	tsk_122	(x)	1	:	0.000000	0.000000	0.000000	0.000000	0.000000	0.000000	0.000000	0.000000	0.000000	0.000000	0.000000	0.469653	0.530347
123	tsk_123	(x)	1	:	0.000000	0.494496	0.000000	0.000000	0.000000	0.000000	0.000000	0.000000	0.000000	0.000000	0.000000	0.000000	0.505503
124	tsk_124	(x)	1	:	0.000000	0.000000	0.000000	0.000000	0.508462	0.000000	0.000004	0.000000	0.000000	0.000000	0.000000	0.487624	0.003910
125	tsk_125	(x)	1	:	0.000000	0.000000	0.000000	0.000000	0.000000	0.000000	0.000000	0.530471	0.000000	0.000000	0.000000	0.468990	0.000538
126	tsk_126	(x)	1	:	0.000000	0.000000	0.000000	0.000000	0.508146	0.000000	0.000004	0.000000	0.000000	0.000000	0.000000	0.486383	0.005466
127	tsk_127	(x)	1	:	0.000000	0.000000	0.000000	0.000000	0.000000	0.000000	0.000000	0.000000	0.000000	0.000000	0.000000	1.000000	0.000000
128	tsk_128	(x)	1	:	0.000000	0.000000	0.000000	0.000000	0.508356	0.000000	0.000004	0.000000	0.000000	0.000000	0.000000	0.487209	0.004431
129	tsk_129	(x)	1	:	0.000000	0.000000	0.000000	0.000000	0.000001	0.000000	0.454913	0.000000	0.000000	0.000000	0.000000	0.496913	0.048173
130	tsk_130	(x)	1	:	0.000000	0.000000	0.000000	0.000000	0.000000	0.000000	0.000000	0.000000	0.000000	0.000000	0.000000	0.717482	0.282518
131	tsk_131	(x)	1	:	0.175390	0.000000	0.000000	0.000000	0.000000	0.000000	0.000001	0.000000	0.277363	0.000000	0.547245	0.000000	0.000000
132	tsk_132	(x)	1	:	0.000000	0.000000	0.000000	0.000000	0.000000	0.000000	0.000000	1.000000	0.000000	0.000000	0.000000	0.000000	0.000000
133	tsk_133	(x)	1	:	1.000000	0.000000	0.000000	0.000000	0.000000	0.000000	0.000000	0.000000	0.000000	0.000000	0.000000	0.000000	0.000000
134	tsk_134	(x)	1	:	0.195032	0.000000	0.000000	0.000000	0.000000	0.000000	0.000000	0.000000	0.297665	0.000000	0.000000	0.412370	0.094933
135	tsk_135	(x)	1	:	0.175389	0.000000	0.000000	0.000000	0.000000	0.000000	0.000001	0.000000	0.277364	0.000000	0.547246	0.000000	0.000000
136	tsk_136	(x)	1	:	0.000000	0.000000	0.000000	0.000000	0.000000	0.540378	0.000000	0.000000	0.000000	0.000000	0.000000	0.442671	0.016951
137	tsk_137	(x)	1	:	0.500552	0.000000	0.000000	0.000000	0.000000	0.000000	0.000000	0.000000	0.000000	0.000000	0.000000	0.417057	0.082391
138	tsk_138	(x)	1	:	0.000000	0.000000	0.000000	0.500265	0.000000	0.499735	0.000000	0.000000	0.000000	0.000000	0.000000	0.000000	0.000000
139	tsk_139	(x)	1	:	0.000000	0.000000	0.000000	0.000000	0.000000	0.000000	0.000000	0.537287	0.000000	0.000000	0.000000	0.436549	0.026164
140	tsk_140	(x)	1	:	0.000000	0.498199	0.000000	0.000000	0.000000	0.000000	0.000000	0.000000	0.501801	0.000000	0.000000	0.000000	0.000000
141	tsk_141	(x)	1	:	0.000000	0.000000	0.000000	0.000000	0.503506	0.000000	0.000007	0.000000	0.000000	0.000000	0.000000	0.000000	0.496487
142	tsk_142	(x)	1	:	0.500000	0.000000	0.000000	0.000000	0.499998	0.000000	0.000002	0.000000	0.000000	0.000000	0.000000	0.000000	0.000000
143	tsk_143	(x)	1	:	1.000000	0.000000	0.000000	0.000000	0.000000	0.000000	0.000000	0.000000	0.000000	0.000000	0.000000	0.000000	0.000000
144	tsk_144	(x)	1	:	0.000000	0.000000	0.000000	0.000000	0.000000	0.000000	0.000000	0.000000	0.501261	0.000000	0.000000	0.000002	0.498737
145	tsk_145	(x)	1	:	0.000000	0.000000	0.000000	0.000000	0.503507	0.000000	0.000005	0.000000	0.000000	0.000000	0.000000	0.000000	0.496488
146	tsk_146	(x)	1	:	0.000000	0.000000	0.000000	0.000000	1.000000	0.000000	0.000000	0.000000	0.000000	0.000000	0.000000	0.000000	0.000000
147	tsk_147	(x)	1	:	1.000000	0.000000	0.000000	0.000000	0.000000	0.000000	0.000000	0.000000	0.000000	0.000000	0.000000	0.000000	0.000000
148	tsk_148	(x)	1	:	0.500257	0.000000	0.000000	0.000000	0.000000	0.000000	0.000000	0.000000	0.000000	0.000000	0.000000	0.000000	0.499743
149	tsk_149	(x)	1	:	0.500000	0.000000	0.000000	0.000000	0.499997	0.000000	0.000003	0.000000	0.000000	0.000000	0.000000	0.000000	0.000000
