logL = -1031.179633 (converged)
AIC = 3662.359266
BIC = 6070.867502

count.K
35 5 48 48 14 

