logL = -1151.317991 (converged)
AIC = 6994.635982
BIC = 14057.586382

count.K
6 19 12 1 17 3 24 2 11 16 0 27 12 

