logL = -1524.274897 (converged)
AIC = 5520.549794
BIC = 9241.695018

count.K
29 18 5 36 17 18 27 

