logL = -1315.309183 (converged)
AIC = 6250.618367
BIC = 11699.868249

count.K
4 9 5 52 15 13 11 8 2 31 

