logL = -1814.307172 (converged)
AIC = 4808.614345
BIC = 6584.889168

count.K
18 45 24 63 

