logL = -758.710565 (converged)
AIC = 6369.421130
BIC = 13673.222354

count.K
0 6 4 3 2 7 5 10 0 28 26 44 6 9 

