logL = -716.643168 (converged)
AIC = 5405.286336
BIC = 11384.408030

count.K
45 25 0 44 8 2 9 9 3 3 2 0 

