logL = -2467.984263 (converged)
AIC = 6735.968527
BIC = 9445.540291

count.K
40 13 50 22 25 

