logL = -767.966541 (converged)
AIC = 3015.933083
BIC = 5243.803201

count.K
5 119 16 5 5 

