logL = -983.514859 (converged)
AIC = 4675.029717
BIC = 8751.429905

count.K
13 2 38 12 21 41 20 3 

