0	tsk_0	(x)	1	:	0.000000	0.000000	0.000000	0.546482	0.000000	0.453518
1	tsk_1	(x)	1	:	0.000029	0.508094	0.000000	0.491473	0.000396	0.000008
2	tsk_2	(x)	1	:	0.473811	0.000000	0.000003	0.000000	0.526186	0.000000
3	tsk_3	(x)	1	:	0.000000	0.000000	0.000001	0.000000	0.999999	0.000000
4	tsk_4	(x)	1	:	0.496999	0.000000	0.000000	0.502990	0.000000	0.000012
5	tsk_5	(x)	1	:	0.000000	0.000000	0.000000	0.000000	0.500252	0.499748
6	tsk_6	(x)	1	:	0.000000	0.000000	0.000000	0.999997	0.000000	0.000003
7	tsk_7	(x)	1	:	0.000000	0.000000	0.000002	0.056120	0.503544	0.440334
8	tsk_8	(x)	1	:	0.000120	0.505116	0.000000	0.493796	0.000953	0.000014
9	tsk_9	(x)	1	:	0.523652	0.000000	0.000000	0.476347	0.000000	0.000001
10	tsk_10	(x)	1	:	0.466890	0.000000	0.000000	0.533110	0.000000	0.000000
11	tsk_11	(x)	1	:	0.000000	0.513661	0.000002	0.000000	0.486337	0.000000
12	tsk_12	(x)	1	:	0.403516	0.000000	0.000000	0.000000	0.596484	0.000000
13	tsk_13	(x)	1	:	0.000000	0.229192	0.000000	0.000000	0.770808	0.000000
14	tsk_14	(x)	1	:	0.470686	0.526411	0.000000	0.000000	0.002903	0.000000
15	tsk_15	(x)	1	:	0.000091	0.504240	0.000000	0.079262	0.001065	0.415341
16	tsk_16	(x)	1	:	0.495897	0.000000	0.000000	0.088224	0.000000	0.415879
17	tsk_17	(x)	1	:	0.000000	0.000000	0.376623	0.000000	0.623377	0.000000
18	tsk_18	(x)	1	:	0.000000	0.000000	0.000005	0.080183	0.503607	0.416206
19	tsk_19	(x)	1	:	0.000000	0.000000	0.262550	0.000000	0.737450	0.000000
20	tsk_20	(x)	1	:	0.000000	0.999808	0.000000	0.000000	0.000191	0.000000
21	tsk_21	(x)	1	:	0.000698	0.000000	0.376218	0.000000	0.123747	0.499338
22	tsk_22	(x)	1	:	0.000000	0.999414	0.000000	0.000000	0.000586	0.000000
23	tsk_23	(x)	1	:	0.000000	0.000000	0.000000	0.000000	1.000000	0.000000
24	tsk_24	(x)	1	:	0.000000	0.000000	0.000005	0.056616	0.503509	0.439869
25	tsk_25	(x)	1	:	0.000000	0.998703	0.000000	0.000000	0.001297	0.000000
26	tsk_26	(x)	1	:	0.000000	0.614867	0.376882	0.000000	0.008251	0.000000
27	tsk_27	(x)	1	:	0.000000	0.000000	0.000003	0.495628	0.504369	0.000000
28	tsk_28	(x)	1	:	0.000000	0.334127	0.000000	0.000000	0.665873	0.000000
29	tsk_29	(x)	1	:	0.000000	0.614711	0.376833	0.000000	0.008456	0.000000
30	tsk_30	(x)	1	:	0.000000	0.999723	0.000000	0.000000	0.000277	0.000000
31	tsk_31	(x)	1	:	0.000000	0.592525	0.000003	0.000000	0.407472	0.000000
32	tsk_32	(x)	1	:	0.000000	0.999547	0.000000	0.000000	0.000453	0.000000
33	tsk_33	(x)	1	:	0.000000	0.592503	0.000006	0.000000	0.407491	0.000000
34	tsk_34	(x)	1	:	0.000000	0.571016	0.000005	0.000000	0.428979	0.000000
35	tsk_35	(x)	1	:	0.000000	0.997640	0.000000	0.000000	0.002360	0.000000
36	tsk_36	(x)	1	:	0.000000	0.999741	0.000000	0.000000	0.000259	0.000000
37	tsk_37	(x)	1	:	0.000000	0.504054	0.000000	0.000000	0.000000	0.495946
38	tsk_38	(x)	1	:	0.000000	0.000000	0.000000	0.000000	1.000000	0.000000
39	tsk_39	(x)	1	:	0.000000	0.999724	0.000000	0.000000	0.000276	0.000000
40	tsk_40	(x)	1	:	0.492334	0.000000	0.000000	0.000000	0.000000	0.507666
41	tsk_41	(x)	1	:	0.496998	0.000000	0.000000	0.502993	0.000000	0.000009
42	tsk_42	(x)	1	:	1.000000	0.000000	0.000000	0.000000	0.000000	0.000000
43	tsk_43	(x)	1	:	0.000000	0.000000	0.000000	0.546481	0.000000	0.453519
44	tsk_44	(x)	1	:	0.496998	0.000000	0.000000	0.502994	0.000000	0.000008
45	tsk_45	(x)	1	:	0.000000	0.000000	0.000000	0.546470	0.000000	0.453530
46	tsk_46	(x)	1	:	0.403516	0.000000	0.000000	0.000000	0.596484	0.000000
47	tsk_47	(x)	1	:	1.000000	0.000000	0.000000	0.000000	0.000000	0.000000
48	tsk_48	(x)	1	:	0.000000	0.000000	0.000000	0.999994	0.000000	0.000006
49	tsk_49	(x)	1	:	1.000000	0.000000	0.000000	0.000000	0.000000	0.000000
50	tsk_50	(x)	1	:	0.000000	0.000000	0.000000	0.000000	0.500328	0.499672
51	tsk_51	(x)	1	:	0.000000	0.000000	0.000000	0.000000	0.000000	1.000000
52	tsk_52	(x)	1	:	0.000000	0.000000	0.620024	0.000000	0.379976	0.000000
53	tsk_53	(x)	1	:	0.000000	0.000004	0.376148	0.000007	0.104256	0.519584
54	tsk_54	(x)	1	:	0.000000	0.000000	1.000000	0.000000	0.000000	0.000000
55	tsk_55	(x)	1	:	0.000000	0.000000	0.000012	0.000000	0.480360	0.519628
56	tsk_56	(x)	1	:	0.000000	0.000000	0.376547	0.000000	0.623453	0.000000
57	tsk_57	(x)	1	:	0.000000	0.000000	0.000000	0.000000	0.462462	0.537538
58	tsk_58	(x)	1	:	0.000000	0.000000	0.513212	0.000000	0.000000	0.486788
59	tsk_59	(x)	1	:	0.000000	0.000000	0.000000	0.000000	1.000000	0.000000
60	tsk_60	(x)	1	:	0.000000	0.000000	0.000000	0.999996	0.000000	0.000004
61	tsk_61	(x)	1	:	0.000000	0.000000	0.000002	0.495628	0.504370	0.000000
62	tsk_62	(x)	1	:	0.000000	0.000000	0.000000	1.000000	0.000000	0.000000
63	tsk_63	(x)	1	:	0.000000	0.000000	0.000000	0.120037	0.000000	0.879963
64	tsk_64	(x)	1	:	0.000000	0.000000	0.000000	0.000000	0.480379	0.519621
65	tsk_65	(x)	1	:	0.000000	0.000000	0.000000	0.999996	0.000000	0.000004
66	tsk_66	(x)	1	:	0.523652	0.000000	0.000000	0.476348	0.000000	0.000000
67	tsk_67	(x)	1	:	0.000000	0.599133	0.000011	0.000000	0.400856	0.000000
68	tsk_68	(x)	1	:	0.000000	0.000000	0.000000	1.000000	0.000000	0.000000
69	tsk_69	(x)	1	:	0.473810	0.000000	0.000001	0.000000	0.526189	0.000000
70	tsk_70	(x)	1	:	0.000001	0.483697	0.000000	0.000010	0.000345	0.515946
71	tsk_71	(x)	1	:	0.000000	0.000000	0.000000	0.426214	0.000000	0.573786
72	tsk_72	(x)	1	:	0.000015	0.000000	0.000000	0.474657	0.525316	0.000013
73	tsk_73	(x)	1	:	0.000002	0.000000	0.000000	0.497833	0.502165	0.000000
74	tsk_74	(x)	1	:	0.000000	0.000000	0.000000	0.487142	0.000000	0.512858
75	tsk_75	(x)	1	:	0.000000	0.000000	0.000005	0.495628	0.504367	0.000000
76	tsk_76	(x)	1	:	0.000000	0.000000	0.000000	0.518906	0.481093	0.000000
77	tsk_77	(x)	1	:	0.000000	0.592282	0.000006	0.000000	0.407712	0.000000
78	tsk_78	(x)	1	:	0.000000	0.000000	0.000000	0.000000	1.000000	0.000000
79	tsk_79	(x)	1	:	0.000000	0.000000	0.000000	0.000000	0.500364	0.499636
80	tsk_80	(x)	1	:	0.000006	0.319649	0.201017	0.064597	0.000005	0.414726
81	tsk_81	(x)	1	:	0.000006	0.320225	0.201223	0.478534	0.000006	0.000006
82	tsk_82	(x)	1	:	0.000008	0.320226	0.201223	0.478533	0.000003	0.000007
83	tsk_83	(x)	1	:	0.000000	0.504423	0.000000	0.000000	0.000049	0.495528
84	tsk_84	(x)	1	:	0.001161	0.000005	0.375841	0.495227	0.127757	0.000010
85	tsk_85	(x)	1	:	0.000000	0.000000	0.000000	0.000005	0.000000	0.999995
86	tsk_86	(x)	1	:	0.000000	0.597425	0.000015	0.000000	0.402559	0.000000
87	tsk_87	(x)	1	:	0.000000	0.000000	0.000000	0.000006	0.000000	0.999994
88	tsk_88	(x)	1	:	0.000000	0.000000	0.000000	0.426214	0.000000	0.573786
89	tsk_89	(x)	1	:	0.561402	0.000011	0.375145	0.000000	0.063442	0.000000
90	tsk_90	(x)	1	:	0.000000	0.000000	0.000000	0.000000	1.000000	0.000000
91	tsk_91	(x)	1	:	0.540922	0.458882	0.000000	0.000000	0.000195	0.000000
92	tsk_92	(x)	1	:	0.000000	0.592166	0.000002	0.000000	0.407832	0.000000
93	tsk_93	(x)	1	:	0.000000	0.000012	0.000000	0.000000	0.999988	0.000000
94	tsk_94	(x)	1	:	0.000000	0.000018	0.000000	0.000000	0.999982	0.000000
95	tsk_95	(x)	1	:	0.000000	0.000000	0.000000	0.000000	1.000000	0.000000
96	tsk_96	(x)	1	:	0.561819	0.000000	0.000000	0.000000	0.438181	0.000000
97	tsk_97	(x)	1	:	0.000000	0.000000	0.000000	0.000000	1.000000	0.000000
98	tsk_98	(x)	1	:	0.000000	0.591457	0.000005	0.000000	0.408538	0.000000
99	tsk_99	(x)	1	:	0.000000	0.000014	0.000000	0.000000	0.999986	0.000000
100	tsk_100	(x)	1	:	0.473809	0.000000	0.000000	0.000000	0.526191	0.000000
101	tsk_101	(x)	1	:	0.462527	0.536720	0.000000	0.000000	0.000754	0.000000
102	tsk_102	(x)	1	:	0.000000	0.999841	0.000000	0.000000	0.000159	0.000000
103	tsk_103	(x)	1	:	0.466895	0.531637	0.000001	0.000000	0.001466	0.000000
104	tsk_104	(x)	1	:	0.000000	0.570829	0.000007	0.000000	0.429164	0.000000
105	tsk_105	(x)	1	:	0.473809	0.000000	0.000000	0.000000	0.526191	0.000000
106	tsk_106	(x)	1	:	0.000000	0.243888	0.000000	0.000000	0.756112	0.000000
107	tsk_107	(x)	1	:	0.000000	0.603052	0.000011	0.000000	0.396937	0.000000
108	tsk_108	(x)	1	:	0.462503	0.536548	0.000000	0.000000	0.000949	0.000000
109	tsk_109	(x)	1	:	0.000000	0.570358	0.000010	0.000000	0.429632	0.000000
110	tsk_110	(x)	1	:	0.000000	0.571020	0.000005	0.000000	0.428975	0.000000
111	tsk_111	(x)	1	:	0.470629	0.526069	0.000000	0.000000	0.003302	0.000000
112	tsk_112	(x)	1	:	0.000000	0.000000	0.000000	0.999998	0.000000	0.000002
113	tsk_113	(x)	1	:	0.000000	0.000000	0.000000	0.000000	1.000000	0.000000
114	tsk_114	(x)	1	:	0.000000	0.998667	0.000000	0.000000	0.001333	0.000000
115	tsk_115	(x)	1	:	0.000000	0.998318	0.000000	0.000000	0.001682	0.000000
116	tsk_116	(x)	1	:	0.000000	0.570924	0.000006	0.000000	0.429070	0.000000
117	tsk_117	(x)	1	:	0.000000	0.570991	0.000004	0.000000	0.429005	0.000000
118	tsk_118	(x)	1	:	0.000000	0.570814	0.000005	0.000000	0.429181	0.000000
119	tsk_119	(x)	1	:	0.466890	0.000000	0.000000	0.533110	0.000000	0.000000
120	tsk_120	(x)	1	:	0.498067	0.000000	0.000000	0.501933	0.000000	0.000000
121	tsk_121	(x)	1	:	0.000000	0.000000	0.000000	0.000000	0.500370	0.499630
122	tsk_122	(x)	1	:	0.000000	0.000000	0.000000	1.000000	0.000000	0.000000
123	tsk_123	(x)	1	:	0.000020	0.000000	0.000000	0.474644	0.525312	0.000024
124	tsk_124	(x)	1	:	0.543273	0.456484	0.000000	0.000000	0.000243	0.000000
125	tsk_125	(x)	1	:	1.000000	0.000000	0.000000	0.000000	0.000000	0.000000
126	tsk_126	(x)	1	:	0.000000	0.000000	0.000000	0.000000	1.000000	0.000000
127	tsk_127	(x)	1	:	0.000000	0.000000	0.000007	0.495629	0.504365	0.000000
128	tsk_128	(x)	1	:	0.000001	0.484859	0.000000	0.515108	0.000032	0.000000
129	tsk_129	(x)	1	:	0.498067	0.000000	0.000000	0.501933	0.000000	0.000000
130	tsk_130	(x)	1	:	0.000000	0.000000	0.620021	0.000000	0.379979	0.000000
131	tsk_131	(x)	1	:	0.000000	0.000000	0.517330	0.482662	0.000000	0.000008
132	tsk_132	(x)	1	:	0.000000	0.000000	0.376482	0.000000	0.623518	0.000000
133	tsk_133	(x)	1	:	0.617414	0.000000	0.000000	0.000000	0.382586	0.000000
134	tsk_134	(x)	1	:	0.000000	0.000000	0.376554	0.000000	0.623446	0.000000
135	tsk_135	(x)	1	:	0.000000	0.000022	0.999573	0.000000	0.000406	0.000000
136	tsk_136	(x)	1	:	0.561819	0.000000	0.000000	0.000000	0.438181	0.000000
137	tsk_137	(x)	1	:	0.590775	0.409225	0.000000	0.000000	0.000000	0.000000
138	tsk_138	(x)	1	:	0.561819	0.000000	0.000001	0.000000	0.438180	0.000000
139	tsk_139	(x)	1	:	0.000000	0.000000	1.000000	0.000000	0.000000	0.000000
140	tsk_140	(x)	1	:	0.000000	0.000000	0.516452	0.045709	0.000000	0.437839
141	tsk_141	(x)	1	:	0.000000	0.000000	0.000002	0.537966	0.462032	0.000000
142	tsk_142	(x)	1	:	0.000000	0.000000	0.478613	0.521387	0.000000	0.000000
143	tsk_143	(x)	1	:	0.000000	0.000000	0.000000	0.000000	1.000000	0.000000
144	tsk_144	(x)	1	:	0.000000	0.000000	0.516452	0.045695	0.000000	0.437852
145	tsk_145	(x)	1	:	0.000000	0.000000	0.000000	0.000000	1.000000	0.000000
146	tsk_146	(x)	1	:	0.000000	0.000000	0.000000	0.000000	1.000000	0.000000
147	tsk_147	(x)	1	:	0.000000	0.000000	0.000000	0.255727	0.000000	0.744273
148	tsk_148	(x)	1	:	0.000000	0.000000	0.000000	0.000000	1.000000	0.000000
149	tsk_149	(x)	1	:	0.000000	0.000000	0.000000	0.787756	0.000000	0.212244
