logL = -1006.840865 (converged)
AIC = 5061.681730
BIC = 9649.889918

count.K
12 0 1 12 31 48 18 11 17 

