logL = -1441.533057 (converged)
AIC = 6403.066113
BIC = 11701.784231

count.K
9 27 2 12 2 50 0 28 6 14 

