logL = -2659.543552 (converged)
AIC = 5779.087103
BIC = 6471.533221

count.K
118 32 

