logL = -1802.016189 (converged)
AIC = 5704.032379
BIC = 8865.199438

count.K
13 67 17 11 17 25 

