logL = -1524.587973 (converged)
AIC = 8079.175946
BIC = 15650.923710

count.K
9 2 12 21 26 5 10 6 9 11 9 8 22 

