0	tsk_0	(x)	1	:	0.000000	0.000000	0.000000	0.252350	0.000000	0.000000	0.000000	0.492157	0.000000	0.000000	0.255492	0.000000
1	tsk_1	(x)	1	:	0.000000	0.000000	0.474799	0.296385	0.000000	0.000000	0.000000	0.000000	0.000000	0.000000	0.228817	0.000000
2	tsk_2	(x)	1	:	0.000000	0.500395	0.000000	0.360066	0.000000	0.000000	0.000000	0.000000	0.000000	0.000000	0.139539	0.000000
3	tsk_3	(x)	1	:	0.000000	0.500382	0.000000	0.275501	0.000000	0.000000	0.000000	0.000000	0.000000	0.000000	0.224116	0.000000
4	tsk_4	(x)	1	:	0.000000	0.000000	0.000000	0.304096	0.000000	0.000000	0.000000	0.000000	0.000000	0.000000	0.695904	0.000000
5	tsk_5	(x)	1	:	0.000000	0.000000	0.000000	0.475902	0.000000	0.000000	0.000000	0.000000	0.000000	0.000000	0.524098	0.000000
6	tsk_6	(x)	1	:	0.000000	0.500196	0.000000	0.140230	0.000000	0.000000	0.000000	0.000104	0.000000	0.000000	0.146739	0.212731
7	tsk_7	(x)	1	:	0.000000	0.005494	0.474792	0.011724	0.000000	0.000000	0.000000	0.000000	0.000000	0.495250	0.012740	0.000000
8	tsk_8	(x)	1	:	0.000000	0.000000	0.000000	0.555733	0.000000	0.000000	0.000000	0.000000	0.000000	0.000000	0.444267	0.000000
9	tsk_9	(x)	1	:	0.000000	0.006246	0.000000	0.286210	0.000000	0.000000	0.000000	0.000000	0.000000	0.494512	0.000000	0.213032
10	tsk_10	(x)	1	:	0.000000	0.000000	0.511178	0.000000	0.000000	0.488822	0.000000	0.000000	0.000000	0.000000	0.000000	0.000000
11	tsk_11	(x)	1	:	0.000000	0.000000	0.000000	0.513124	0.000000	0.000000	0.000000	0.000000	0.000000	0.000000	0.486875	0.000000
12	tsk_12	(x)	1	:	0.000000	0.000000	0.474655	0.003897	0.000000	0.000000	0.000000	0.519139	0.000000	0.000000	0.002309	0.000000
13	tsk_13	(x)	1	:	0.000000	0.000000	0.000000	0.697836	0.000000	0.000000	0.000000	0.000000	0.000000	0.000000	0.302164	0.000000
14	tsk_14	(x)	1	:	0.000000	0.000000	0.474770	0.016394	0.000000	0.000000	0.000000	0.492154	0.000000	0.000000	0.016682	0.000000
15	tsk_15	(x)	1	:	0.000000	0.000000	0.000000	0.000000	0.000000	0.453958	0.000000	0.546042	0.000000	0.000000	0.000000	0.000000
16	tsk_16	(x)	1	:	0.000000	0.000000	0.000000	0.000000	0.000000	1.000000	0.000000	0.000000	0.000000	0.000000	0.000000	0.000000
17	tsk_17	(x)	1	:	0.000000	0.000000	0.000000	0.240234	0.000000	0.499590	0.000000	0.000000	0.000000	0.000000	0.260175	0.000000
18	tsk_18	(x)	1	:	0.000000	0.000000	0.499983	0.000000	0.000000	0.000000	0.000000	0.500017	0.000000	0.000000	0.000000	0.000000
19	tsk_19	(x)	1	:	0.000000	0.000000	0.474774	0.012614	0.000000	0.499590	0.000000	0.000000	0.000000	0.000000	0.013021	0.000000
20	tsk_20	(x)	1	:	0.000000	0.000000	0.544584	0.203171	0.000000	0.000000	0.000000	0.000000	0.000000	0.000000	0.252245	0.000000
21	tsk_21	(x)	1	:	0.000000	0.000000	0.544619	0.282563	0.000000	0.000000	0.000000	0.000000	0.000000	0.000000	0.172818	0.000000
22	tsk_22	(x)	1	:	0.000000	0.000000	0.000000	0.000032	0.000000	0.000000	0.000000	0.517372	0.000000	0.000000	0.482597	0.000000
23	tsk_23	(x)	1	:	0.000000	0.000000	0.000000	0.000002	0.000000	0.000000	0.000000	0.517372	0.000000	0.000000	0.482626	0.000000
24	tsk_24	(x)	1	:	0.000000	0.000000	0.000000	0.220196	0.000000	0.000000	0.000000	0.000000	0.000000	0.000000	0.779804	0.000000
25	tsk_25	(x)	1	:	0.000000	0.000000	0.000000	0.254637	0.000000	0.000000	0.000000	0.492157	0.000000	0.000000	0.253206	0.000000
26	tsk_26	(x)	1	:	0.000000	0.000000	0.000000	0.235706	0.000000	0.000000	0.000000	0.492154	0.000000	0.000000	0.272140	0.000000
27	tsk_27	(x)	1	:	0.000000	0.000000	0.000000	0.000000	0.000000	0.000000	0.000000	0.517372	0.000000	0.000000	0.482628	0.000000
28	tsk_28	(x)	1	:	0.000000	0.000000	0.000000	0.482752	0.000000	0.517247	0.000000	0.000000	0.000000	0.000000	0.000002	0.000000
29	tsk_29	(x)	1	:	0.000000	0.000000	0.000000	0.206419	0.000000	0.000000	0.000000	0.000000	0.000000	0.000000	0.793581	0.000000
30	tsk_30	(x)	1	:	0.000000	0.005504	0.474730	0.004477	0.000000	0.000000	0.000000	0.000000	0.000000	0.495223	0.020066	0.000000
31	tsk_31	(x)	1	:	0.000000	0.000000	1.000000	0.000000	0.000000	0.000000	0.000000	0.000000	0.000000	0.000000	0.000000	0.000000
32	tsk_32	(x)	1	:	0.000000	0.000000	0.000000	0.000000	0.000000	0.000000	0.000000	0.000000	0.000000	0.000000	1.000000	0.000000
33	tsk_33	(x)	1	:	0.000000	0.000000	0.000000	0.465146	0.000000	0.000000	0.000000	0.000000	0.000000	0.000000	0.534854	0.000000
34	tsk_34	(x)	1	:	0.000000	0.000000	0.000000	0.379646	0.000000	0.000000	0.000000	0.000000	0.000000	0.000000	0.620354	0.000000
35	tsk_35	(x)	1	:	0.000000	0.000000	0.474702	0.060274	0.000000	0.000000	0.000000	0.000000	0.000000	0.000000	0.465024	0.000000
36	tsk_36	(x)	1	:	0.000000	0.005448	0.000000	0.236658	0.000000	0.000000	0.107109	0.000000	0.000000	0.495300	0.155485	0.000000
37	tsk_37	(x)	1	:	0.000000	0.000000	0.000000	0.302652	0.000000	0.499598	0.000000	0.000000	0.000000	0.000000	0.197749	0.000000
38	tsk_38	(x)	1	:	0.000000	0.000000	0.000000	0.000000	0.000000	1.000000	0.000000	0.000000	0.000000	0.000000	0.000000	0.000000
39	tsk_39	(x)	1	:	0.000000	0.000000	1.000000	0.000000	0.000000	0.000000	0.000000	0.000000	0.000000	0.000000	0.000000	0.000000
40	tsk_40	(x)	1	:	0.000000	0.000000	0.000000	0.091511	0.000000	0.000000	0.000000	0.000000	0.000000	0.000000	0.908489	0.000000
41	tsk_41	(x)	1	:	0.000000	0.005471	0.000000	0.243873	0.000000	0.000000	0.000000	0.000000	0.000000	0.495268	0.255388	0.000000
42	tsk_42	(x)	1	:	0.000000	0.000000	0.000000	0.479061	0.000000	0.000000	0.000000	0.000000	0.000000	0.000000	0.520939	0.000000
43	tsk_43	(x)	1	:	0.000000	0.005479	0.000000	0.196985	0.000000	0.000000	0.000000	0.000000	0.000000	0.495254	0.302282	0.000000
44	tsk_44	(x)	1	:	0.000000	0.000000	0.544587	0.210584	0.000000	0.000000	0.000000	0.000000	0.000000	0.000000	0.244828	0.000000
45	tsk_45	(x)	1	:	0.000000	0.000000	0.000000	0.551781	0.000000	0.000000	0.000000	0.000000	0.000000	0.000000	0.448219	0.000000
46	tsk_46	(x)	1	:	0.000000	0.005468	0.000000	0.188638	0.000000	0.000000	0.000000	0.000000	0.000000	0.495263	0.310631	0.000000
47	tsk_47	(x)	1	:	0.000000	0.000000	0.000000	0.577913	0.000000	0.000000	0.000000	0.000000	0.000000	0.000000	0.422086	0.000000
48	tsk_48	(x)	1	:	0.000000	0.000000	0.000000	0.535762	0.000000	0.000000	0.000000	0.000000	0.000000	0.000000	0.464238	0.000000
49	tsk_49	(x)	1	:	0.000000	0.000000	0.000000	0.237435	0.000000	0.000000	0.000000	0.000000	0.000000	0.000000	0.247838	0.514727
50	tsk_50	(x)	1	:	0.000000	0.000000	0.000000	0.417316	0.000000	0.000000	0.000000	0.492188	0.000000	0.000000	0.090496	0.000000
51	tsk_51	(x)	1	:	0.000000	0.000000	0.000000	0.206550	0.000000	0.000000	0.000000	0.492148	0.000000	0.000000	0.301301	0.000000
52	tsk_52	(x)	1	:	0.000000	0.000000	0.000000	0.449521	0.000000	0.000000	0.000000	0.000000	0.000000	0.000000	0.550479	0.000000
53	tsk_53	(x)	1	:	0.000000	0.000000	0.000000	0.554712	0.000000	0.000000	0.000000	0.000000	0.000000	0.000000	0.445288	0.000000
54	tsk_54	(x)	1	:	0.000000	0.000000	0.000000	0.329702	0.000000	0.000000	0.000000	0.000000	0.000000	0.000000	0.670298	0.000000
55	tsk_55	(x)	1	:	0.501953	0.000000	0.000000	0.000000	0.000000	0.498047	0.000000	0.000000	0.000000	0.000000	0.000000	0.000000
56	tsk_56	(x)	1	:	0.000000	0.000000	0.474781	0.018113	0.000000	0.000000	0.000000	0.492159	0.000000	0.000000	0.014947	0.000000
57	tsk_57	(x)	1	:	0.000000	0.000000	0.000000	0.181869	0.000000	0.000000	0.000000	0.492144	0.000000	0.000000	0.325986	0.000000
58	tsk_58	(x)	1	:	0.000000	0.005470	0.000000	0.275565	0.000000	0.000000	0.000000	0.000000	0.000000	0.495272	0.223692	0.000000
59	tsk_59	(x)	1	:	0.000000	0.000000	0.000000	0.527820	0.000000	0.000000	0.000000	0.000000	0.000000	0.000000	0.472180	0.000000
60	tsk_60	(x)	1	:	0.000000	0.000000	0.474805	0.311857	0.000000	0.000000	0.000000	0.000000	0.000000	0.000000	0.213338	0.000000
61	tsk_61	(x)	1	:	0.000000	0.527599	0.000000	0.000000	0.000000	0.000000	0.000000	0.472401	0.000000	0.000000	0.000000	0.000000
62	tsk_62	(x)	1	:	0.000000	0.000000	0.477428	0.000000	0.000000	0.000000	0.000000	0.000000	0.000000	0.000000	0.000000	0.522572
63	tsk_63	(x)	1	:	0.000000	0.000000	0.477428	0.000000	0.000000	0.000000	0.000000	0.000000	0.000000	0.000000	0.000000	0.522572
64	tsk_64	(x)	1	:	0.000000	0.000000	0.474806	0.016484	0.000000	0.499599	0.000000	0.000000	0.000000	0.000000	0.009111	0.000000
65	tsk_65	(x)	1	:	0.000000	0.000000	1.000000	0.000000	0.000000	0.000000	0.000000	0.000000	0.000000	0.000000	0.000000	0.000000
66	tsk_66	(x)	1	:	0.000000	0.000000	0.000000	0.216063	0.000000	0.499587	0.000000	0.000000	0.000000	0.000000	0.284350	0.000000
67	tsk_67	(x)	1	:	0.000000	0.000000	1.000000	0.000000	0.000000	0.000000	0.000000	0.000000	0.000000	0.000000	0.000000	0.000000
68	tsk_68	(x)	1	:	0.000000	0.514559	0.000000	0.000000	0.485441	0.000000	0.000000	0.000000	0.000000	0.000000	0.000000	0.000000
69	tsk_69	(x)	1	:	0.000000	0.000000	0.000000	0.245337	0.000000	0.499591	0.000000	0.000000	0.000000	0.000000	0.255072	0.000000
70	tsk_70	(x)	1	:	0.000000	0.005465	0.000000	0.279298	0.000000	0.000000	0.000000	0.000000	0.000000	0.495278	0.219959	0.000000
71	tsk_71	(x)	1	:	0.000000	0.000000	0.000000	0.000000	0.000000	0.497340	0.000000	0.000000	0.000000	0.502660	0.000000	0.000000
72	tsk_72	(x)	1	:	0.000000	0.000000	0.000000	0.713591	0.000000	0.000000	0.000000	0.000000	0.000000	0.000000	0.286408	0.000000
73	tsk_73	(x)	1	:	0.000000	0.005460	0.000000	0.225633	0.000000	0.000000	0.000000	0.000000	0.000000	0.495275	0.273631	0.000000
74	tsk_74	(x)	1	:	0.000000	0.005473	0.000000	0.230527	0.000000	0.000000	0.000000	0.000000	0.000000	0.495264	0.268736	0.000000
75	tsk_75	(x)	1	:	0.000000	0.000000	0.000000	0.531790	0.000000	0.000000	0.000000	0.000000	0.000000	0.000000	0.468210	0.000000
76	tsk_76	(x)	1	:	0.000000	0.005464	0.000000	0.255136	0.000000	0.000000	0.000000	0.000000	0.000000	0.495276	0.244124	0.000000
77	tsk_77	(x)	1	:	0.000000	0.000000	0.000000	0.000000	0.000000	0.000000	0.000000	0.543696	0.000000	0.456304	0.000000	0.000000
78	tsk_78	(x)	1	:	0.000000	0.005454	0.000000	0.214283	0.000000	0.000000	0.000000	0.000000	0.000000	0.495279	0.284983	0.000000
79	tsk_79	(x)	1	:	0.000000	0.000000	0.000000	0.000000	0.000000	0.000000	0.000000	0.543696	0.000000	0.456304	0.000000	0.000000
80	tsk_80	(x)	1	:	0.000000	0.000000	0.000000	0.300673	0.495146	0.000000	0.000000	0.000000	0.000000	0.000000	0.204181	0.000000
81	tsk_81	(x)	1	:	0.000000	0.000000	0.422530	0.577469	0.000000	0.000000	0.000000	0.000000	0.000000	0.000000	0.000000	0.000000
82	tsk_82	(x)	1	:	0.000000	0.000000	0.474749	0.013050	0.000000	0.000000	0.000000	0.492146	0.000000	0.000000	0.020055	0.000000
83	tsk_83	(x)	1	:	0.000000	0.000000	0.474779	0.017758	0.000000	0.000000	0.000000	0.492158	0.000000	0.000000	0.015305	0.000000
84	tsk_84	(x)	1	:	0.000000	0.000000	0.000000	0.000000	0.523844	0.000000	0.000000	0.476156	0.000000	0.000000	0.000000	0.000000
85	tsk_85	(x)	1	:	0.000000	0.000000	0.000000	0.338541	0.000000	0.000000	0.000000	0.492173	0.000000	0.000000	0.169286	0.000000
86	tsk_86	(x)	1	:	0.000000	0.000000	0.474729	0.021576	0.495116	0.000000	0.000000	0.000000	0.000000	0.000000	0.008579	0.000000
87	tsk_87	(x)	1	:	0.000000	0.000000	0.000000	0.000000	0.523844	0.000000	0.000000	0.476156	0.000000	0.000000	0.000000	0.000000
88	tsk_88	(x)	1	:	0.000000	0.000000	0.474800	0.020998	0.000000	0.000000	0.000000	0.492166	0.000000	0.000000	0.012035	0.000000
89	tsk_89	(x)	1	:	0.000000	0.000000	0.000000	0.000000	1.000000	0.000000	0.000000	0.000000	0.000000	0.000000	0.000000	0.000000
90	tsk_90	(x)	1	:	0.000000	0.000000	0.000000	0.000000	0.360006	0.000000	0.000000	0.131816	0.000000	0.000000	0.000000	0.508178
91	tsk_91	(x)	1	:	0.000000	0.000000	0.477428	0.000000	0.000000	0.000000	0.000000	0.000000	0.000000	0.000000	0.000000	0.522572
92	tsk_92	(x)	1	:	0.000000	0.527599	0.000000	0.000000	0.000000	0.000000	0.000000	0.472401	0.000000	0.000000	0.000000	0.000000
93	tsk_93	(x)	1	:	0.000000	0.002595	0.000000	0.000000	0.000000	0.000000	0.000000	0.000000	0.000000	0.496164	0.000000	0.501241
94	tsk_94	(x)	1	:	0.000000	0.000000	0.000000	0.059889	0.270101	0.000000	0.388066	0.221343	0.000000	0.000000	0.060600	0.000000
95	tsk_95	(x)	1	:	0.508708	0.000000	0.000000	0.000000	0.000000	0.000000	0.000000	0.491292	0.000000	0.000000	0.000000	0.000000
96	tsk_96	(x)	1	:	0.000000	0.000000	0.000000	0.000000	0.541135	0.000000	0.000000	0.458865	0.000000	0.000000	0.000000	0.000000
97	tsk_97	(x)	1	:	0.520688	0.000000	0.478282	0.000239	0.000000	0.000000	0.000000	0.000000	0.000000	0.000000	0.000791	0.000000
98	tsk_98	(x)	1	:	0.000000	0.525630	0.000000	0.000000	0.363375	0.000000	0.000000	0.110995	0.000000	0.000000	0.000000	0.000000
99	tsk_99	(x)	1	:	0.000000	0.498480	0.000000	0.000000	0.000000	0.000000	0.000000	0.000000	0.000000	0.000000	0.000000	0.501520
100	tsk_100	(x)	1	:	0.000000	0.000000	0.000000	0.000000	0.000000	0.000000	0.000000	0.000000	1.000000	0.000000	0.000000	0.000000
101	tsk_101	(x)	1	:	0.000000	0.000000	0.544585	0.205341	0.000000	0.000000	0.000000	0.000000	0.000000	0.000000	0.250074	0.000000
102	tsk_102	(x)	1	:	0.000000	0.488791	0.511209	0.000000	0.000000	0.000000	0.000000	0.000000	0.000000	0.000000	0.000000	0.000000
103	tsk_103	(x)	1	:	0.000000	0.000000	1.000000	0.000000	0.000000	0.000000	0.000000	0.000000	0.000000	0.000000	0.000000	0.000000
104	tsk_104	(x)	1	:	0.000000	0.500000	0.000000	0.000000	0.000000	0.000000	0.000000	0.000000	0.500000	0.000000	0.000000	0.000000
105	tsk_105	(x)	1	:	0.000000	0.000000	0.000000	0.000000	0.000000	0.000000	0.000000	1.000000	0.000000	0.000000	0.000000	0.000000
106	tsk_106	(x)	1	:	0.000000	0.488791	0.511209	0.000000	0.000000	0.000000	0.000000	0.000000	0.000000	0.000000	0.000000	0.000000
107	tsk_107	(x)	1	:	0.000000	0.000000	0.475843	0.011075	0.000000	0.000000	0.000000	0.000000	0.509304	0.000000	0.003779	0.000000
108	tsk_108	(x)	1	:	0.000000	0.500000	0.000000	0.000000	0.000000	0.000000	0.000000	0.000000	0.500000	0.000000	0.000000	0.000000
109	tsk_109	(x)	1	:	0.000000	1.000000	0.000000	0.000000	0.000000	0.000000	0.000000	0.000000	0.000000	0.000000	0.000000	0.000000
110	tsk_110	(x)	1	:	0.000000	0.000000	0.000000	0.000000	1.000000	0.000000	0.000000	0.000000	0.000000	0.000000	0.000000	0.000000
111	tsk_111	(x)	1	:	0.000000	0.000000	0.000000	0.319769	0.495149	0.000000	0.000000	0.000000	0.000000	0.000000	0.185082	0.000000
112	tsk_112	(x)	1	:	0.000000	0.000000	0.000000	0.393932	0.495162	0.000000	0.000000	0.000000	0.000000	0.000000	0.110906	0.000000
113	tsk_113	(x)	1	:	0.000000	0.000000	0.516406	0.000000	0.483594	0.000000	0.000000	0.000000	0.000000	0.000000	0.000000	0.000000
114	tsk_114	(x)	1	:	0.000000	0.000000	0.516406	0.000000	0.483594	0.000000	0.000000	0.000000	0.000000	0.000000	0.000000	0.000000
115	tsk_115	(x)	1	:	0.000000	0.000000	0.474759	0.025943	0.495127	0.000000	0.000000	0.000000	0.000000	0.000000	0.004171	0.000000
116	tsk_116	(x)	1	:	0.000000	0.005531	0.474843	0.017683	0.000000	0.000000	0.000000	0.000000	0.000000	0.495231	0.006713	0.000000
117	tsk_117	(x)	1	:	0.000000	0.000000	0.474812	0.326365	0.000000	0.000000	0.000000	0.000000	0.000000	0.000000	0.198824	0.000000
118	tsk_118	(x)	1	:	0.000000	0.000000	0.000000	0.000000	1.000000	0.000000	0.000000	0.000000	0.000000	0.000000	0.000000	0.000000
119	tsk_119	(x)	1	:	0.000000	0.000000	0.000000	0.258675	0.495139	0.000000	0.000000	0.000000	0.000000	0.000000	0.246186	0.000000
120	tsk_120	(x)	1	:	0.000000	0.000000	0.000000	0.095168	0.000000	0.000000	0.000000	0.000000	0.000000	0.000000	0.904832	0.000000
121	tsk_121	(x)	1	:	0.000000	0.000000	0.474859	0.072097	0.000000	0.000000	0.356876	0.000000	0.000000	0.000000	0.096168	0.000000
122	tsk_122	(x)	1	:	0.000000	0.000000	0.000000	0.186242	0.000000	0.000000	0.117217	0.492165	0.000000	0.000000	0.204376	0.000000
123	tsk_123	(x)	1	:	0.000000	0.000000	0.000000	0.182262	0.000000	0.000000	0.000000	0.000000	0.000000	0.000000	0.817738	0.000000
124	tsk_124	(x)	1	:	0.000000	0.000000	0.000000	0.180975	0.000000	0.000000	0.117216	0.492164	0.000000	0.000000	0.209645	0.000000
125	tsk_125	(x)	1	:	0.000000	0.000000	0.000000	0.000000	0.000000	0.000000	0.499791	0.500209	0.000000	0.000000	0.000000	0.000000
126	tsk_126	(x)	1	:	0.000000	0.000000	0.000000	0.053768	0.000000	0.000000	0.117188	0.492135	0.000000	0.000000	0.336908	0.000000
127	tsk_127	(x)	1	:	0.000000	0.000000	0.000000	0.081408	0.000000	0.000000	0.117194	0.492141	0.000000	0.000000	0.309256	0.000000
128	tsk_128	(x)	1	:	0.000000	0.000000	0.474852	0.066906	0.000000	0.000000	0.356869	0.000000	0.000000	0.000000	0.101373	0.000000
129	tsk_129	(x)	1	:	0.000000	0.000000	0.000000	0.470926	0.000000	0.000000	0.000000	0.000000	0.000000	0.000000	0.529073	0.000000
130	tsk_130	(x)	1	:	0.000000	0.001386	0.510531	0.000000	0.000000	0.000000	0.000000	0.000000	0.000000	0.488083	0.000000	0.000000
131	tsk_131	(x)	1	:	0.000000	0.000000	0.544602	0.245307	0.000000	0.000000	0.000000	0.000000	0.000000	0.000000	0.210090	0.000000
132	tsk_132	(x)	1	:	0.000000	0.000000	0.000000	0.000000	0.000000	0.497340	0.000000	0.000000	0.000000	0.502660	0.000000	0.000000
133	tsk_133	(x)	1	:	0.000000	0.001384	0.510531	0.000000	0.000000	0.000000	0.000000	0.000000	0.000000	0.488085	0.000000	0.000000
134	tsk_134	(x)	1	:	0.000000	0.000000	0.511178	0.000000	0.000000	0.488822	0.000000	0.000000	0.000000	0.000000	0.000000	0.000000
135	tsk_135	(x)	1	:	0.000000	0.000000	0.000000	0.000000	0.000000	1.000000	0.000000	0.000000	0.000000	0.000000	0.000000	0.000000
136	tsk_136	(x)	1	:	0.000000	0.000000	0.544603	0.245869	0.000000	0.000000	0.000000	0.000000	0.000000	0.000000	0.209528	0.000000
137	tsk_137	(x)	1	:	0.000000	0.001384	0.510531	0.000000	0.000000	0.000000	0.000000	0.000000	0.000000	0.488085	0.000000	0.000000
138	tsk_138	(x)	1	:	0.000000	0.000000	0.511178	0.000000	0.000000	0.488822	0.000000	0.000000	0.000000	0.000000	0.000000	0.000000
139	tsk_139	(x)	1	:	0.000000	0.000000	1.000000	0.000000	0.000000	0.000000	0.000000	0.000000	0.000000	0.000000	0.000000	0.000000
140	tsk_140	(x)	1	:	0.000000	0.000000	0.000000	0.330911	0.495150	0.000000	0.000000	0.000002	0.000000	0.000000	0.173937	0.000000
141	tsk_141	(x)	1	:	0.000000	0.000000	0.000000	0.183632	0.000000	0.000000	0.000000	0.000000	0.000000	0.000000	0.816368	0.000000
142	tsk_142	(x)	1	:	0.000000	0.000000	0.474766	0.218082	0.000000	0.000000	0.000000	0.000000	0.000000	0.000000	0.307152	0.000000
143	tsk_143	(x)	1	:	0.000000	0.005471	0.000000	0.238632	0.000000	0.000000	0.000000	0.000000	0.000000	0.495267	0.260630	0.000000
144	tsk_144	(x)	1	:	0.000000	0.005523	0.474855	0.019053	0.000000	0.000000	0.000000	0.000000	0.000000	0.495241	0.005328	0.000000
145	tsk_145	(x)	1	:	0.000000	0.007990	0.000000	0.000000	0.000000	0.495349	0.000000	0.000000	0.000000	0.496660	0.000000	0.000000
146	tsk_146	(x)	1	:	0.000000	0.005464	0.000000	0.256231	0.000000	0.000000	0.000000	0.000000	0.000000	0.495276	0.243029	0.000000
147	tsk_147	(x)	1	:	0.000000	0.007658	0.000000	0.000000	0.000000	0.495432	0.000000	0.000000	0.000000	0.496910	0.000000	0.000000
148	tsk_148	(x)	1	:	0.000000	0.000000	0.000000	0.000000	0.000000	1.000000	0.000000	0.000000	0.000000	0.000000	0.000000	0.000000
149	tsk_149	(x)	1	:	0.000000	0.000000	0.474741	0.158028	0.000000	0.000000	0.000000	0.000000	0.000000	0.000000	0.367231	0.000000
