logL = -735.085843 (converged)
AIC = 6032.171686
BIC = 12899.430792

count.K
32 12 15 16 29 4 10 8 0 6 10 6 2 

