logL = -859.843666 (converged)
AIC = 6515.687331
BIC = 13735.190767

count.K
23 12 1 4 6 12 13 24 10 3 13 3 3 23 

