logL = -1035.558911 (converged)
AIC = 4319.117823
BIC = 7703.071893

count.K
14 24 2 31 34 37 8 

