logL = -1843.930150 (converged)
AIC = 4551.860300
BIC = 5852.454747

count.K
8 88 54 

