logL = -1134.537384 (converged)
AIC = 4573.074768
BIC = 8041.326627

count.K
60 18 20 26 9 15 2 

