logL = -948.429175 (converged)
AIC = 4854.858350
BIC = 9307.587950

count.K
4 7 33 5 25 19 23 13 21 

