logL = -1756.907088 (converged)
AIC = 8853.814176
BIC = 16892.210411

count.K
16 3 5 1 2 18 8 2 0 6 9 10 18 42 10 

