logL = -1689.495305 (converged)
AIC = 5682.990610
BIC = 9151.242469

count.K
1 42 8 66 28 0 5 

