logL = -904.353208 (converged)
AIC = 6884.706415
BIC = 14525.698792

count.K
11 3 25 7 10 31 10 5 4 5 19 17 2 1 

