logL = -5302.900131 (converged)
AIC = 13065.800262
BIC = 16768.881674

count.K
34 11 40 34 17 14 

