logL = -863.495993 (converged)
AIC = 4630.991986
BIC = 9002.434433

count.K
15 2 53 0 12 15 2 33 18 

