logL = -2745.372072 (converged)
AIC = 10230.744144
BIC = 17365.949791

count.K
9 14 22 6 5 8 8 1 6 25 3 43 

