logL = -569.060425 (converged)
AIC = 4908.120849
BIC = 10583.168379

count.K
60 5 17 3 17 4 12 3 19 3 7 

