0	tsk_0	(x)	1	:	0.000000	0.000000	0.000000	0.000000	0.470629	0.009515	0.000000	0.519856
1	tsk_1	(x)	1	:	0.000000	0.000000	0.000000	0.000000	1.000000	0.000000	0.000000	0.000000
2	tsk_2	(x)	1	:	0.275052	0.000000	0.000000	0.000000	0.000000	0.000000	0.000000	0.724948
3	tsk_3	(x)	1	:	0.000000	0.000000	0.000000	0.000000	0.561296	0.438704	0.000000	0.000000
4	tsk_4	(x)	1	:	0.000000	0.000000	0.000000	0.508761	0.000000	0.491238	0.000000	0.000001
5	tsk_5	(x)	1	:	0.000000	0.480872	0.000000	0.000000	0.000000	0.005001	0.000003	0.514124
6	tsk_6	(x)	1	:	0.000000	0.000000	0.000000	0.000000	1.000000	0.000000	0.000000	0.000000
7	tsk_7	(x)	1	:	0.000000	0.000000	0.394446	0.033408	0.572147	0.000000	0.000000	0.000000
8	tsk_8	(x)	1	:	0.275111	0.000000	0.000000	0.000000	0.000000	0.465302	0.000000	0.259586
9	tsk_9	(x)	1	:	0.000000	0.477273	0.000000	0.000000	0.474897	0.047831	0.000000	0.000000
10	tsk_10	(x)	1	:	0.477695	0.000000	0.000000	0.000000	0.522295	0.000004	0.000000	0.000005
11	tsk_11	(x)	1	:	0.518548	0.478617	0.000000	0.000000	0.000000	0.000478	0.000004	0.002354
12	tsk_12	(x)	1	:	0.526452	0.000000	0.000000	0.000000	0.000000	0.000000	0.000000	0.473548
13	tsk_13	(x)	1	:	0.000000	0.000000	0.000000	0.000000	0.000000	0.002116	0.493870	0.504014
14	tsk_14	(x)	1	:	0.477694	0.000000	0.000000	0.000000	0.522295	0.000005	0.000000	0.000007
15	tsk_15	(x)	1	:	0.000000	0.000000	0.000000	1.000000	0.000000	0.000000	0.000000	0.000000
16	tsk_16	(x)	1	:	1.000000	0.000000	0.000000	0.000000	0.000000	0.000000	0.000000	0.000000
17	tsk_17	(x)	1	:	0.000000	0.495220	0.000000	0.000000	0.504780	0.000000	0.000000	0.000000
18	tsk_18	(x)	1	:	0.000000	0.000000	0.000000	0.448548	0.551452	0.000000	0.000000	0.000000
19	tsk_19	(x)	1	:	0.524426	0.000000	0.000000	0.382960	0.000014	0.080196	0.000000	0.012403
20	tsk_20	(x)	1	:	0.000000	0.000000	0.000000	0.502317	0.000000	0.001175	0.496508	0.000000
21	tsk_21	(x)	1	:	0.000000	0.000000	0.494775	0.000000	0.000000	0.000000	0.505225	0.000000
22	tsk_22	(x)	1	:	0.000000	0.000000	0.000000	0.000000	0.000000	0.000000	1.000000	0.000000
23	tsk_23	(x)	1	:	0.000000	0.000000	0.530654	0.000000	0.000000	0.469346	0.000000	0.000000
24	tsk_24	(x)	1	:	0.000000	0.522200	0.477800	0.000000	0.000000	0.000000	0.000000	0.000000
25	tsk_25	(x)	1	:	0.000000	0.487631	0.000000	0.000000	0.474525	0.037840	0.000003	0.000000
26	tsk_26	(x)	1	:	0.000000	0.000000	0.525961	0.000000	0.000000	0.000011	0.474027	0.000000
27	tsk_27	(x)	1	:	0.000000	0.000000	0.558785	0.000000	0.441215	0.000000	0.000000	0.000000
28	tsk_28	(x)	1	:	0.000000	0.522200	0.477800	0.000000	0.000000	0.000000	0.000000	0.000000
29	tsk_29	(x)	1	:	0.000000	0.000000	0.000000	0.000000	0.000000	0.490608	0.509392	0.000001
30	tsk_30	(x)	1	:	0.000000	0.000000	0.000000	0.000000	0.000000	0.000000	1.000000	0.000000
31	tsk_31	(x)	1	:	0.000001	0.000000	0.000000	0.000000	0.000000	0.465180	0.000000	0.534820
32	tsk_32	(x)	1	:	0.000000	0.000000	0.000000	0.000000	0.529892	0.000006	0.470102	0.000000
33	tsk_33	(x)	1	:	0.000000	0.481024	0.000000	0.000000	0.000000	0.004443	0.000003	0.514531
34	tsk_34	(x)	1	:	0.000000	0.000000	0.000000	0.000000	0.000000	0.000000	1.000000	0.000000
35	tsk_35	(x)	1	:	0.000000	0.000000	0.000000	0.000000	0.000000	0.000004	0.999996	0.000000
36	tsk_36	(x)	1	:	0.000000	0.485525	0.000000	0.000000	0.000000	0.009444	0.505026	0.000005
37	tsk_37	(x)	1	:	0.000000	0.000000	0.000000	0.000000	0.000000	0.000000	1.000000	0.000000
38	tsk_38	(x)	1	:	0.000000	0.485405	0.000000	0.000000	0.000000	0.009725	0.504870	0.000000
39	tsk_39	(x)	1	:	0.000000	0.000000	0.000000	0.502259	0.000000	0.001350	0.496391	0.000000
40	tsk_40	(x)	1	:	0.000000	0.406942	0.000000	0.000000	0.000000	0.593058	0.000000	0.000000
41	tsk_41	(x)	1	:	0.000000	0.477171	0.000000	0.508165	0.000000	0.014663	0.000000	0.000000
42	tsk_42	(x)	1	:	0.000000	0.488376	0.000000	0.508433	0.000000	0.003187	0.000004	0.000000
43	tsk_43	(x)	1	:	0.000000	0.000000	0.000000	0.499794	0.000000	0.000991	0.000000	0.499215
44	tsk_44	(x)	1	:	0.275231	0.472132	0.000000	0.000000	0.000000	0.008881	0.000000	0.243756
45	tsk_45	(x)	1	:	0.275212	0.472335	0.000000	0.000000	0.000000	0.008105	0.000000	0.244349
46	tsk_46	(x)	1	:	0.000000	1.000000	0.000000	0.000000	0.000000	0.000000	0.000000	0.000000
47	tsk_47	(x)	1	:	0.000000	0.477158	0.000000	0.508157	0.000000	0.014685	0.000000	0.000000
48	tsk_48	(x)	1	:	0.275211	0.480781	0.000000	0.000000	0.000000	0.005518	0.000005	0.238486
49	tsk_49	(x)	1	:	0.000000	0.000000	0.000000	0.000000	0.470684	0.009286	0.000000	0.520030
50	tsk_50	(x)	1	:	0.000015	0.000000	0.000000	0.000000	0.000000	0.000000	0.000000	0.999984
51	tsk_51	(x)	1	:	0.000000	0.487458	0.000000	0.507837	0.000000	0.004701	0.000004	0.000000
52	tsk_52	(x)	1	:	0.000000	0.000000	0.000000	0.448322	0.000000	0.551677	0.000000	0.000001
53	tsk_53	(x)	1	:	0.000000	0.000000	0.000000	0.000000	0.000000	0.000000	0.000000	1.000000
54	tsk_54	(x)	1	:	0.000000	0.000000	0.000000	0.000000	0.000000	0.000000	0.000000	1.000000
55	tsk_55	(x)	1	:	0.000000	0.472208	0.000000	0.000000	0.000000	0.008395	0.000000	0.519397
56	tsk_56	(x)	1	:	0.000000	0.000000	0.000000	1.000000	0.000000	0.000000	0.000000	0.000000
57	tsk_57	(x)	1	:	0.000001	0.472144	0.000000	0.000000	0.000000	0.008634	0.000000	0.519221
58	tsk_58	(x)	1	:	0.000001	0.472099	0.000000	0.000000	0.000000	0.008803	0.000000	0.519097
59	tsk_59	(x)	1	:	0.000000	0.000000	0.000000	1.000000	0.000000	0.000000	0.000000	0.000000
60	tsk_60	(x)	1	:	0.000000	0.488920	0.000000	0.000000	0.000000	0.511071	0.000009	0.000000
61	tsk_61	(x)	1	:	0.000000	0.000000	0.000000	0.508761	0.000000	0.491238	0.000000	0.000001
62	tsk_62	(x)	1	:	0.000000	0.000000	0.461371	0.000022	0.000000	0.014179	0.000000	0.524428
63	tsk_63	(x)	1	:	0.000000	0.000000	1.000000	0.000000	0.000000	0.000000	0.000000	0.000000
64	tsk_64	(x)	1	:	0.000000	0.480991	0.000000	0.000000	0.000000	0.004562	0.000003	0.514443
65	tsk_65	(x)	1	:	0.000000	0.000000	0.000000	0.000000	0.000000	0.599378	0.400622	0.000000
66	tsk_66	(x)	1	:	0.000000	0.485314	0.000000	0.000000	0.000000	0.009935	0.504751	0.000000
67	tsk_67	(x)	1	:	0.000000	0.000000	0.000000	0.000000	0.000000	0.490608	0.509392	0.000000
68	tsk_68	(x)	1	:	0.000000	0.000000	0.000000	0.000000	0.000000	0.465180	0.000000	0.534820
69	tsk_69	(x)	1	:	0.000000	0.000000	0.527297	0.000000	0.000000	0.000128	0.000000	0.472576
70	tsk_70	(x)	1	:	0.000000	0.349979	0.000000	0.000000	0.000000	0.116975	0.000000	0.533046
71	tsk_71	(x)	1	:	0.000000	0.472351	0.000000	0.000000	0.000000	0.007864	0.000000	0.519785
72	tsk_72	(x)	1	:	0.000000	1.000000	0.000000	0.000000	0.000000	0.000000	0.000000	0.000000
73	tsk_73	(x)	1	:	0.000000	0.350977	0.000000	0.000000	0.000000	0.649021	0.000000	0.000001
74	tsk_74	(x)	1	:	0.000000	0.488920	0.000000	0.000000	0.000000	0.511071	0.000009	0.000000
75	tsk_75	(x)	1	:	0.000000	0.396262	0.000000	0.000000	0.603738	0.000000	0.000000	0.000000
76	tsk_76	(x)	1	:	0.000000	0.000000	0.000000	0.508761	0.000000	0.491238	0.000000	0.000001
77	tsk_77	(x)	1	:	0.000000	0.000000	0.000000	0.000000	0.000000	0.465180	0.000000	0.534820
78	tsk_78	(x)	1	:	0.000000	0.478119	0.000000	0.000000	0.000000	0.521880	0.000000	0.000001
79	tsk_79	(x)	1	:	0.000011	0.000000	0.000000	0.000000	0.000000	0.465181	0.000000	0.534808
80	tsk_80	(x)	1	:	0.219054	0.538266	0.000000	0.000000	0.000000	0.000081	0.000000	0.242599
81	tsk_81	(x)	1	:	0.525113	0.474886	0.000000	0.000000	0.000000	0.000000	0.000000	0.000000
82	tsk_82	(x)	1	:	0.000000	1.000000	0.000000	0.000000	0.000000	0.000000	0.000000	0.000000
83	tsk_83	(x)	1	:	0.654486	0.000000	0.000000	0.000000	0.000000	0.000001	0.000000	0.345513
84	tsk_84	(x)	1	:	0.000000	0.562746	0.000000	0.000000	0.000000	0.437253	0.000000	0.000000
85	tsk_85	(x)	1	:	0.218479	0.000000	0.000000	0.500141	0.000000	0.000862	0.000000	0.280518
86	tsk_86	(x)	1	:	0.275108	0.538279	0.000000	0.000000	0.000000	0.000091	0.000000	0.186522
87	tsk_87	(x)	1	:	0.737141	0.000000	0.000000	0.000000	0.000000	0.000000	0.000000	0.262859
88	tsk_88	(x)	1	:	0.218592	0.000000	0.000000	0.383059	0.000015	0.084297	0.000000	0.314037
89	tsk_89	(x)	1	:	0.654487	0.000000	0.000000	0.000000	0.000000	0.000000	0.000000	0.345513
90	tsk_90	(x)	1	:	0.000000	0.000000	0.000000	0.000000	1.000000	0.000000	0.000000	0.000000
91	tsk_91	(x)	1	:	0.000000	0.000000	0.000000	0.000000	1.000000	0.000000	0.000000	0.000000
92	tsk_92	(x)	1	:	0.000000	0.000000	0.000000	0.383409	0.000047	0.616542	0.000000	0.000001
93	tsk_93	(x)	1	:	0.000000	1.000000	0.000000	0.000000	0.000000	0.000000	0.000000	0.000000
94	tsk_94	(x)	1	:	0.000000	1.000000	0.000000	0.000000	0.000000	0.000000	0.000000	0.000000
95	tsk_95	(x)	1	:	0.000000	0.000000	0.000000	0.000000	0.404098	0.595902	0.000000	0.000000
96	tsk_96	(x)	1	:	0.000000	0.000000	0.000000	0.000000	0.470602	0.009625	0.000000	0.519773
97	tsk_97	(x)	1	:	0.000001	0.000000	0.000000	0.000000	0.470631	0.009506	0.000000	0.519862
98	tsk_98	(x)	1	:	0.000000	1.000000	0.000000	0.000000	0.000000	0.000000	0.000000	0.000000
99	tsk_99	(x)	1	:	0.000000	0.000000	0.000000	0.000000	1.000000	0.000000	0.000000	0.000000
100	tsk_100	(x)	1	:	0.000000	0.000000	0.000000	0.000000	0.475640	0.524359	0.000000	0.000000
101	tsk_101	(x)	1	:	0.000000	0.000000	0.000000	0.535875	0.464125	0.000000	0.000000	0.000000
102	tsk_102	(x)	1	:	0.522751	0.000000	0.000000	0.000000	0.000000	0.459317	0.000000	0.017932
103	tsk_103	(x)	1	:	0.000000	0.000000	0.464244	0.000077	0.000000	0.535679	0.000000	0.000000
104	tsk_104	(x)	1	:	0.522693	0.000000	0.000000	0.000000	0.000000	0.459224	0.000000	0.018083
105	tsk_105	(x)	1	:	0.000000	0.000000	0.000000	0.000000	0.000000	0.465180	0.000000	0.534820
106	tsk_106	(x)	1	:	1.000000	0.000000	0.000000	0.000000	0.000000	0.000000	0.000000	0.000000
107	tsk_107	(x)	1	:	0.000000	0.000000	0.000000	0.000000	0.000000	0.000000	1.000000	0.000000
108	tsk_108	(x)	1	:	0.000000	0.000000	0.000000	0.000000	0.000000	0.000000	0.000000	1.000000
109	tsk_109	(x)	1	:	0.000000	0.000000	0.000000	0.000000	0.000000	0.000000	0.000000	1.000000
110	tsk_110	(x)	1	:	0.662970	0.000000	0.000000	0.000000	0.000000	0.000000	0.000000	0.337030
111	tsk_111	(x)	1	:	0.275263	0.000000	0.479135	0.000000	0.000000	0.006590	0.000000	0.239011
112	tsk_112	(x)	1	:	0.000000	0.000000	0.479278	0.000003	0.000000	0.005349	0.000000	0.515370
113	tsk_113	(x)	1	:	0.275205	0.000000	0.516663	0.000000	0.000000	0.000569	0.000000	0.207563
114	tsk_114	(x)	1	:	0.000000	0.489790	0.483034	0.000005	0.000000	0.027169	0.000002	0.000000
115	tsk_115	(x)	1	:	0.275052	0.000000	0.000000	0.000000	0.000000	0.000000	0.000000	0.724948
116	tsk_116	(x)	1	:	0.275052	0.000000	0.000000	0.000000	0.000000	0.000000	0.000000	0.724948
117	tsk_117	(x)	1	:	0.518685	0.478693	0.000000	0.000000	0.000000	0.000422	0.000004	0.002196
118	tsk_118	(x)	1	:	0.275191	0.480945	0.000000	0.000000	0.000000	0.004890	0.000005	0.238969
119	tsk_119	(x)	1	:	0.000000	0.000000	0.479261	0.000003	0.000000	0.005464	0.000000	0.515272
120	tsk_120	(x)	1	:	0.000000	0.000000	1.000000	0.000000	0.000000	0.000000	0.000000	0.000000
121	tsk_121	(x)	1	:	0.000000	0.350079	0.000000	0.000000	0.000000	0.141353	0.508568	0.000000
122	tsk_122	(x)	1	:	0.000000	0.494861	0.505139	0.000000	0.000000	0.000000	0.000000	0.000000
123	tsk_123	(x)	1	:	0.219062	0.000000	0.000000	0.000000	0.539945	0.000167	0.000000	0.240826
124	tsk_124	(x)	1	:	0.000001	0.000000	0.000000	0.000000	0.000000	0.465180	0.000000	0.534819
125	tsk_125	(x)	1	:	0.275061	0.350032	0.000000	0.000000	0.000000	0.116785	0.000000	0.258122
126	tsk_126	(x)	1	:	0.000000	0.000000	0.000000	0.000000	0.000000	0.000000	0.000000	1.000000
127	tsk_127	(x)	1	:	0.000000	0.350007	0.000000	0.000000	0.000000	0.116866	0.000002	0.533125
128	tsk_128	(x)	1	:	0.275052	0.000000	0.000000	0.000000	0.000000	0.000000	0.000000	0.724948
129	tsk_129	(x)	1	:	0.000000	0.000000	0.462471	0.000041	0.000000	0.013129	0.000000	0.524359
130	tsk_130	(x)	1	:	0.000000	0.536538	0.000000	0.000000	0.000000	0.000116	0.000000	0.463346
131	tsk_131	(x)	1	:	0.000000	1.000000	0.000000	0.000000	0.000000	0.000000	0.000000	0.000000
132	tsk_132	(x)	1	:	0.000000	0.000000	0.000000	0.000000	0.474062	0.018872	0.507066	0.000000
133	tsk_133	(x)	1	:	0.000000	0.000000	0.000000	0.000000	0.000000	0.999998	0.000000	0.000002
134	tsk_134	(x)	1	:	0.000000	0.485391	0.000000	0.000000	0.000000	0.009759	0.504851	0.000000
135	tsk_135	(x)	1	:	0.000000	0.000000	0.000000	0.000000	0.561296	0.438704	0.000000	0.000000
136	tsk_136	(x)	1	:	0.000000	0.000000	0.000000	0.000000	0.000000	0.490608	0.509392	0.000000
137	tsk_137	(x)	1	:	0.000000	0.477230	0.000000	0.000000	0.474859	0.047911	0.000000	0.000000
138	tsk_138	(x)	1	:	0.000000	0.487669	0.000000	0.000000	0.474557	0.037770	0.000003	0.000000
139	tsk_139	(x)	1	:	0.275134	0.000000	0.000000	0.499810	0.000000	0.001005	0.000000	0.224051
140	tsk_140	(x)	1	:	0.000000	0.000000	0.000000	0.000000	0.000000	0.000000	0.000000	1.000000
141	tsk_141	(x)	1	:	0.000000	0.000000	0.000000	0.000000	0.000000	0.002264	0.493821	0.503914
142	tsk_142	(x)	1	:	0.000000	0.000000	0.000000	0.000000	0.000000	0.465180	0.000000	0.534820
143	tsk_143	(x)	1	:	0.000000	0.000000	0.000000	0.000000	0.000000	0.002075	0.493883	0.504041
144	tsk_144	(x)	1	:	0.000000	0.485176	0.000000	0.000000	0.000000	0.010255	0.504569	0.000000
145	tsk_145	(x)	1	:	0.000000	0.000000	0.000000	0.000000	0.000000	0.465180	0.000000	0.534820
146	tsk_146	(x)	1	:	0.000000	0.000000	0.000000	0.000000	0.000000	0.002178	0.493850	0.503973
147	tsk_147	(x)	1	:	0.000000	0.538255	0.000000	0.000000	0.000000	0.000108	0.000000	0.461637
148	tsk_148	(x)	1	:	0.000000	0.000000	0.000000	0.000000	0.000000	0.465180	0.000000	0.534820
149	tsk_149	(x)	1	:	0.000000	0.488920	0.000000	0.000000	0.000000	0.511072	0.000008	0.000000
