logL = -1268.825249 (converged)
AIC = 5917.650499
BIC = 11005.624146

count.K
2 5 7 1 19 28 4 13 60 11 

