logL = -1030.636869 (converged)
AIC = 5441.273738
BIC = 10529.247385

count.K
5 7 1 5 6 5 18 10 45 48 

