logL = -2408.184398 (converged)
AIC = 5686.368796
BIC = 6995.995149

count.K
66 41 43 

