logL = -1789.140583 (converged)
AIC = 4014.281166
BIC = 4670.599660

count.K
88 62 

