logL = -1534.230800 (converged)
AIC = 4668.461600
BIC = 7076.969835

count.K
55 22 38 27 8 

