0	tsk_0	(x)	1	:	0.000000	0.000000	0.000000	0.000000	0.000000	0.503159	0.494118	0.000000	0.002723	0.000000
1	tsk_1	(x)	1	:	0.000000	0.000000	0.492729	0.000011	0.000000	0.000000	0.000000	0.000000	0.005425	0.501834
2	tsk_2	(x)	1	:	0.000000	0.000000	0.000000	0.000000	0.578330	0.000000	0.421670	0.000000	0.000000	0.000000
3	tsk_3	(x)	1	:	0.000000	0.000000	0.493265	0.000009	0.000000	0.503601	0.000000	0.000000	0.003125	0.000000
4	tsk_4	(x)	1	:	0.000000	0.000000	0.493850	0.000009	0.000000	0.503646	0.000000	0.000000	0.002494	0.000000
5	tsk_5	(x)	1	:	0.000000	0.000000	0.000000	0.532139	0.000000	0.000000	0.467858	0.000000	0.000003	0.000000
6	tsk_6	(x)	1	:	0.000000	0.000000	0.000000	0.000000	0.000000	0.507763	0.000000	0.000000	0.000000	0.492237
7	tsk_7	(x)	1	:	0.000000	0.000000	0.394140	0.605860	0.000000	0.000000	0.000000	0.000000	0.000000	0.000000
8	tsk_8	(x)	1	:	0.000000	0.000000	0.394140	0.605860	0.000000	0.000000	0.000000	0.000000	0.000000	0.000000
9	tsk_9	(x)	1	:	0.000000	0.000000	1.000000	0.000000	0.000000	0.000000	0.000000	0.000000	0.000000	0.000000
10	tsk_10	(x)	1	:	0.000000	0.000000	0.000000	0.000000	0.000000	0.000000	1.000000	0.000000	0.000000	0.000000
11	tsk_11	(x)	1	:	0.000000	0.000000	0.000000	0.430247	0.569753	0.000000	0.000000	0.000000	0.000000	0.000000
12	tsk_12	(x)	1	:	0.000000	0.000000	0.000000	0.544845	0.000000	0.000000	0.455102	0.000000	0.000053	0.000000
13	tsk_13	(x)	1	:	0.000000	0.000000	0.000000	0.000000	0.000000	0.000000	1.000000	0.000000	0.000000	0.000000
14	tsk_14	(x)	1	:	0.000000	0.000000	0.000000	0.000000	0.000000	0.000000	1.000000	0.000000	0.000000	0.000000
15	tsk_15	(x)	1	:	0.000000	0.000000	0.000000	0.000000	0.000000	0.497069	0.502931	0.000000	0.000000	0.000000
16	tsk_16	(x)	1	:	0.000000	0.000000	0.000000	0.430247	0.569753	0.000000	0.000000	0.000000	0.000000	0.000000
17	tsk_17	(x)	1	:	0.000000	0.000000	0.000000	0.000000	0.000000	0.000000	0.492446	0.504586	0.002967	0.000000
18	tsk_18	(x)	1	:	0.000000	0.000000	0.492085	0.000007	0.000000	0.000000	0.497851	0.000000	0.010057	0.000000
19	tsk_19	(x)	1	:	0.462576	0.000000	0.000000	0.537381	0.000000	0.000000	0.000000	0.000000	0.000042	0.000000
20	tsk_20	(x)	1	:	0.363472	0.000000	0.000000	0.000000	0.000000	0.000000	0.000000	0.000000	0.636528	0.000000
21	tsk_21	(x)	1	:	1.000000	0.000000	0.000000	0.000000	0.000000	0.000000	0.000000	0.000000	0.000000	0.000000
22	tsk_22	(x)	1	:	0.462568	0.000000	0.000000	0.537379	0.000000	0.000000	0.000000	0.000000	0.000054	0.000000
23	tsk_23	(x)	1	:	0.000000	0.440431	0.000000	0.000000	0.000000	0.000000	0.000067	0.000000	0.559502	0.000000
24	tsk_24	(x)	1	:	0.000000	0.000000	0.000000	0.000000	0.578330	0.000000	0.421670	0.000000	0.000000	0.000000
25	tsk_25	(x)	1	:	1.000000	0.000000	0.000000	0.000000	0.000000	0.000000	0.000000	0.000000	0.000000	0.000000
26	tsk_26	(x)	1	:	0.582462	0.000000	0.000000	0.000000	0.000000	0.000000	0.000000	0.000000	0.417538	0.000000
27	tsk_27	(x)	1	:	0.363472	0.000000	0.000000	0.000000	0.000000	0.000000	0.000000	0.000000	0.636528	0.000000
28	tsk_28	(x)	1	:	0.498247	0.000000	0.000000	0.000000	0.000000	0.501704	0.000000	0.000000	0.000049	0.000000
29	tsk_29	(x)	1	:	0.000000	0.000000	0.000000	0.000000	0.000000	0.000000	0.000000	0.000000	1.000000	0.000000
30	tsk_30	(x)	1	:	0.000036	0.000000	0.000000	0.000000	0.346619	0.218387	0.293359	0.000000	0.141600	0.000000
31	tsk_31	(x)	1	:	0.117403	0.000000	0.000000	0.000000	0.000000	0.000000	0.882597	0.000000	0.000000	0.000000
32	tsk_32	(x)	1	:	0.000000	0.000000	0.000000	0.000000	0.000000	0.464910	0.000000	0.000000	0.000000	0.535090
33	tsk_33	(x)	1	:	0.000000	0.000000	0.000000	0.000000	0.000000	0.000000	0.495103	0.000000	0.003414	0.501483
34	tsk_34	(x)	1	:	0.000000	0.000000	0.000000	0.000000	0.000000	0.000000	0.495170	0.000000	0.003343	0.501487
35	tsk_35	(x)	1	:	0.000000	0.000000	0.000000	0.000000	0.000000	1.000000	0.000000	0.000000	0.000000	0.000000
36	tsk_36	(x)	1	:	0.000000	0.564868	0.000000	0.000000	0.000000	0.000000	0.435132	0.000000	0.000000	0.000000
37	tsk_37	(x)	1	:	0.000000	0.000000	0.000000	0.000000	0.000000	0.000000	1.000000	0.000000	0.000000	0.000000
38	tsk_38	(x)	1	:	0.000000	0.000000	0.000000	0.000000	0.351375	0.221285	0.427340	0.000000	0.000000	0.000000
39	tsk_39	(x)	1	:	0.523821	0.000000	0.000000	0.000000	0.000000	0.000000	0.476020	0.000000	0.000159	0.000000
40	tsk_40	(x)	1	:	0.000000	0.000000	0.000000	0.000000	0.000000	1.000000	0.000000	0.000000	0.000000	0.000000
41	tsk_41	(x)	1	:	0.582462	0.000000	0.000000	0.000000	0.000000	0.000000	0.000000	0.000000	0.417538	0.000000
42	tsk_42	(x)	1	:	0.582462	0.000000	0.000000	0.000000	0.000000	0.000000	0.000000	0.000000	0.417538	0.000000
43	tsk_43	(x)	1	:	0.000000	0.000000	0.493212	0.000010	0.000000	0.503597	0.000000	0.000000	0.003182	0.000000
44	tsk_44	(x)	1	:	0.000000	0.000000	0.498434	0.000009	0.000000	0.000000	0.000000	0.000000	0.501557	0.000000
45	tsk_45	(x)	1	:	0.523834	0.000000	0.000000	0.000000	0.000000	0.000000	0.476027	0.000000	0.000140	0.000000
46	tsk_46	(x)	1	:	0.295178	0.000000	0.000016	0.316628	0.000000	0.000000	0.000000	0.000000	0.388178	0.000000
47	tsk_47	(x)	1	:	0.000129	0.000000	0.000000	0.000000	0.000000	0.000000	0.312022	0.687850	0.000000	0.000000
48	tsk_48	(x)	1	:	0.582462	0.000000	0.000000	0.000000	0.000000	0.000000	0.000000	0.000000	0.417538	0.000000
49	tsk_49	(x)	1	:	0.000000	0.000000	0.490497	0.000005	0.000000	0.000000	0.000000	0.507619	0.001879	0.000000
50	tsk_50	(x)	1	:	0.000000	0.000000	0.000000	0.000000	0.577346	0.000000	0.000000	0.422654	0.000000	0.000000
51	tsk_51	(x)	1	:	0.523824	0.000000	0.000000	0.000000	0.000000	0.000000	0.476022	0.000000	0.000154	0.000000
52	tsk_52	(x)	1	:	0.000000	0.000000	0.000000	0.000000	0.000000	0.000000	0.000000	1.000000	0.000000	0.000000
53	tsk_53	(x)	1	:	0.499746	0.000000	0.000000	0.000000	0.000000	0.500210	0.000000	0.000000	0.000044	0.000000
54	tsk_54	(x)	1	:	0.000000	0.000000	0.000000	0.000000	0.000000	0.503153	0.493997	0.000000	0.002850	0.000000
55	tsk_55	(x)	1	:	0.000000	0.000000	0.000000	0.000000	0.000000	0.000000	0.000000	0.616697	0.383303	0.000000
56	tsk_56	(x)	1	:	0.000007	0.000000	0.000000	0.000000	0.618306	0.000000	0.276991	0.000000	0.104695	0.000000
57	tsk_57	(x)	1	:	1.000000	0.000000	0.000000	0.000000	0.000000	0.000000	0.000000	0.000000	0.000000	0.000000
58	tsk_58	(x)	1	:	0.000000	0.000000	0.000000	0.000000	0.000000	0.502454	0.000000	0.000000	0.497546	0.000000
59	tsk_59	(x)	1	:	0.421191	0.000000	0.000000	0.000000	0.578808	0.000000	0.000000	0.000000	0.000000	0.000000
60	tsk_60	(x)	1	:	0.462571	0.000000	0.000000	0.537380	0.000000	0.000000	0.000000	0.000000	0.000049	0.000000
61	tsk_61	(x)	1	:	0.417948	0.000000	0.000000	0.582046	0.000000	0.000000	0.000000	0.000000	0.000006	0.000000
62	tsk_62	(x)	1	:	0.000000	0.000000	0.000000	0.502522	0.000000	0.497478	0.000000	0.000000	0.000000	0.000000
63	tsk_63	(x)	1	:	0.441682	0.000000	0.000000	0.000000	0.000000	0.000000	0.558292	0.000000	0.000026	0.000000
64	tsk_64	(x)	1	:	0.000000	0.000000	0.000000	0.000000	0.000000	1.000000	0.000000	0.000000	0.000000	0.000000
65	tsk_65	(x)	1	:	0.522741	0.000000	0.477169	0.000015	0.000000	0.000000	0.000000	0.000000	0.000075	0.000000
66	tsk_66	(x)	1	:	0.000000	0.000000	0.355835	0.644165	0.000000	0.000000	0.000000	0.000000	0.000000	0.000000
67	tsk_67	(x)	1	:	0.000000	0.000000	0.000000	0.500821	0.000000	0.499179	0.000000	0.000000	0.000000	0.000000
68	tsk_68	(x)	1	:	0.462566	0.000000	0.000000	0.537378	0.000000	0.000000	0.000000	0.000000	0.000055	0.000000
69	tsk_69	(x)	1	:	0.000000	0.504389	0.000000	0.000000	0.000000	0.495611	0.000000	0.000000	0.000000	0.000000
70	tsk_70	(x)	1	:	0.000000	0.000000	0.000000	0.000000	0.000000	0.000000	1.000000	0.000000	0.000000	0.000000
71	tsk_71	(x)	1	:	0.000000	0.000000	0.545251	0.000000	0.000000	0.000000	0.454740	0.000000	0.000009	0.000000
72	tsk_72	(x)	1	:	0.000000	0.000000	0.000000	0.000000	0.000000	0.501665	0.494911	0.000000	0.003423	0.000000
73	tsk_73	(x)	1	:	0.000000	0.000000	0.504016	0.000000	0.000000	0.495984	0.000000	0.000000	0.000000	0.000000
74	tsk_74	(x)	1	:	0.000000	0.000000	0.000000	0.474914	0.000000	0.000000	0.525086	0.000000	0.000000	0.000000
75	tsk_75	(x)	1	:	0.499746	0.000000	0.000000	0.000000	0.000000	0.500210	0.000000	0.000000	0.000044	0.000000
76	tsk_76	(x)	1	:	0.000000	0.000000	0.583742	0.000000	0.000000	0.000000	0.416258	0.000000	0.000000	0.000000
77	tsk_77	(x)	1	:	0.000000	0.000000	0.589203	0.410797	0.000000	0.000000	0.000000	0.000000	0.000000	0.000000
78	tsk_78	(x)	1	:	0.000000	0.000000	0.000000	0.000000	0.000000	0.000000	1.000000	0.000000	0.000000	0.000000
79	tsk_79	(x)	1	:	0.000000	0.000000	0.000000	0.503952	0.000000	0.496048	0.000000	0.000000	0.000000	0.000000
80	tsk_80	(x)	1	:	0.523846	0.000000	0.000000	0.000000	0.000000	0.000000	0.476032	0.000000	0.000122	0.000000
81	tsk_81	(x)	1	:	0.582462	0.000000	0.000000	0.000000	0.000000	0.000000	0.000000	0.000000	0.417538	0.000000
82	tsk_82	(x)	1	:	0.523843	0.000000	0.000000	0.000000	0.000000	0.000000	0.476031	0.000000	0.000126	0.000000
83	tsk_83	(x)	1	:	0.498242	0.000000	0.000000	0.000000	0.000000	0.501703	0.000000	0.000000	0.000054	0.000000
84	tsk_84	(x)	1	:	0.507245	0.000000	0.000000	0.000000	0.000000	0.492739	0.000000	0.000000	0.000016	0.000000
85	tsk_85	(x)	1	:	0.000000	0.000000	0.546532	0.000000	0.000000	0.000000	0.453449	0.000000	0.000019	0.000000
86	tsk_86	(x)	1	:	1.000000	0.000000	0.000000	0.000000	0.000000	0.000000	0.000000	0.000000	0.000000	0.000000
87	tsk_87	(x)	1	:	0.523825	0.000000	0.000000	0.000000	0.000000	0.000000	0.476022	0.000000	0.000153	0.000000
88	tsk_88	(x)	1	:	0.000000	0.000000	0.000036	0.444378	0.000000	0.000000	0.501929	0.000000	0.053657	0.000000
89	tsk_89	(x)	1	:	0.448546	0.000000	0.000000	0.000000	0.000000	0.000000	0.551420	0.000000	0.000034	0.000000
90	tsk_90	(x)	1	:	0.000000	0.000000	0.355835	0.644165	0.000000	0.000000	0.000000	0.000000	0.000000	0.000000
91	tsk_91	(x)	1	:	0.000000	0.000000	0.000023	0.443072	0.000000	0.502759	0.000000	0.000000	0.054145	0.000000
92	tsk_92	(x)	1	:	0.000000	0.000000	0.490655	0.000005	0.000000	0.000000	0.000000	0.507858	0.001482	0.000000
93	tsk_93	(x)	1	:	0.000000	0.000000	0.000000	0.000000	0.000000	0.502500	0.000000	0.497421	0.000079	0.000000
94	tsk_94	(x)	1	:	0.000000	0.000000	0.490465	0.000006	0.000000	0.000000	0.000000	0.507571	0.001958	0.000000
95	tsk_95	(x)	1	:	0.522774	0.000000	0.477178	0.000020	0.000000	0.000000	0.000000	0.000000	0.000028	0.000000
96	tsk_96	(x)	1	:	0.000000	0.000000	0.000000	0.502522	0.000000	0.497478	0.000000	0.000000	0.000000	0.000000
97	tsk_97	(x)	1	:	0.515915	0.000000	0.000000	0.000000	0.000000	0.000000	0.000000	0.484085	0.000000	0.000000
98	tsk_98	(x)	1	:	0.000000	0.000000	0.000000	0.000000	0.000000	0.000000	0.000000	1.000000	0.000000	0.000000
99	tsk_99	(x)	1	:	0.000000	0.000000	0.000000	0.502522	0.000000	0.497478	0.000000	0.000000	0.000000	0.000000
100	tsk_100	(x)	1	:	0.000000	0.000000	0.000029	0.443064	0.000000	0.502759	0.000000	0.000000	0.054148	0.000000
101	tsk_101	(x)	1	:	0.000000	0.000000	0.000064	0.999936	0.000000	0.000000	0.000000	0.000000	0.000000	0.000000
102	tsk_102	(x)	1	:	0.000000	0.000000	0.000000	1.000000	0.000000	0.000000	0.000000	0.000000	0.000000	0.000000
103	tsk_103	(x)	1	:	0.000000	0.000000	0.499764	0.000000	0.000000	0.000000	0.000000	0.000000	0.000000	0.500236
104	tsk_104	(x)	1	:	0.000000	0.000000	0.545252	0.000000	0.000000	0.000000	0.454743	0.000000	0.000005	0.000000
105	tsk_105	(x)	1	:	0.498281	0.000000	0.000000	0.000000	0.000000	0.501704	0.000000	0.000000	0.000014	0.000000
106	tsk_106	(x)	1	:	0.000000	0.000000	0.000056	0.999944	0.000000	0.000000	0.000000	0.000000	0.000000	0.000000
107	tsk_107	(x)	1	:	0.000000	0.000000	0.504183	0.000000	0.000000	0.495817	0.000000	0.000000	0.000000	0.000000
108	tsk_108	(x)	1	:	0.000000	0.000000	0.000047	0.999953	0.000000	0.000000	0.000000	0.000000	0.000000	0.000000
109	tsk_109	(x)	1	:	0.000000	0.000000	0.000052	0.999948	0.000000	0.000000	0.000000	0.000000	0.000000	0.000000
110	tsk_110	(x)	1	:	0.000000	1.000000	0.000000	0.000000	0.000000	0.000000	0.000000	0.000000	0.000000	0.000000
111	tsk_111	(x)	1	:	0.000000	0.000000	0.000000	0.000000	0.000000	0.000000	1.000000	0.000000	0.000000	0.000000
112	tsk_112	(x)	1	:	0.000000	0.000000	0.000000	0.000000	0.000000	1.000000	0.000000	0.000000	0.000000	0.000000
113	tsk_113	(x)	1	:	0.499755	0.000000	0.000000	0.000000	0.000000	0.500210	0.000000	0.000000	0.000035	0.000000
114	tsk_114	(x)	1	:	0.499758	0.000000	0.000000	0.000000	0.000000	0.500211	0.000000	0.000000	0.000031	0.000000
115	tsk_115	(x)	1	:	0.000000	0.564868	0.000000	0.000000	0.000000	0.000000	0.435132	0.000000	0.000000	0.000000
116	tsk_116	(x)	1	:	0.000000	0.470695	0.529244	0.000000	0.000000	0.000000	0.000061	0.000000	0.000001	0.000000
117	tsk_117	(x)	1	:	0.000000	0.000000	0.000000	0.000000	0.000000	0.501664	0.494881	0.000000	0.003456	0.000000
118	tsk_118	(x)	1	:	0.000000	0.000000	0.000000	0.000000	0.000000	1.000000	0.000000	0.000000	0.000000	0.000000
119	tsk_119	(x)	1	:	0.000000	0.000000	0.000000	0.000000	0.000000	1.000000	0.000000	0.000000	0.000000	0.000000
120	tsk_120	(x)	1	:	0.000000	0.564868	0.000000	0.000000	0.000000	0.000000	0.435132	0.000000	0.000000	0.000000
121	tsk_121	(x)	1	:	0.523823	0.000000	0.000000	0.000000	0.000000	0.000000	0.476021	0.000000	0.000156	0.000000
122	tsk_122	(x)	1	:	0.000000	0.564868	0.000000	0.000000	0.000000	0.000000	0.435132	0.000000	0.000000	0.000000
123	tsk_123	(x)	1	:	0.000000	0.000000	0.000000	0.000000	0.000000	0.000000	0.492320	0.504460	0.003220	0.000000
124	tsk_124	(x)	1	:	0.501301	0.498596	0.000000	0.000000	0.000000	0.000000	0.000047	0.000000	0.000056	0.000000
125	tsk_125	(x)	1	:	0.000000	0.475128	0.000000	0.524825	0.000000	0.000000	0.000039	0.000000	0.000008	0.000000
126	tsk_126	(x)	1	:	0.501310	0.498600	0.000000	0.000000	0.000000	0.000000	0.000044	0.000000	0.000046	0.000000
127	tsk_127	(x)	1	:	0.000000	1.000000	0.000000	0.000000	0.000000	0.000000	0.000000	0.000000	0.000000	0.000000
128	tsk_128	(x)	1	:	0.501304	0.498599	0.000000	0.000000	0.000000	0.000000	0.000043	0.000000	0.000054	0.000000
129	tsk_129	(x)	1	:	0.000000	0.526053	0.000000	0.000000	0.000000	0.000000	0.001233	0.000000	0.472714	0.000000
130	tsk_130	(x)	1	:	0.000000	0.000000	0.000000	0.000000	0.000000	0.000000	1.000000	0.000000	0.000000	0.000000
131	tsk_131	(x)	1	:	0.000000	0.000000	0.000000	0.511189	0.000000	0.488810	0.000000	0.000000	0.000000	0.000000
132	tsk_132	(x)	1	:	0.000000	0.000000	0.000000	1.000000	0.000000	0.000000	0.000000	0.000000	0.000000	0.000000
133	tsk_133	(x)	1	:	0.000000	0.000000	0.000000	0.000000	0.000000	1.000000	0.000000	0.000000	0.000000	0.000000
134	tsk_134	(x)	1	:	0.000000	0.000000	0.000000	0.000000	0.000000	0.487854	0.512146	0.000000	0.000000	0.000000
135	tsk_135	(x)	1	:	0.000000	0.000000	0.000000	0.511189	0.000000	0.488810	0.000000	0.000000	0.000000	0.000000
136	tsk_136	(x)	1	:	0.000000	0.000000	0.496859	0.000000	0.000000	0.000000	0.503141	0.000000	0.000000	0.000000
137	tsk_137	(x)	1	:	0.000000	0.000000	0.000000	0.000000	0.000000	0.496539	0.503461	0.000000	0.000000	0.000000
138	tsk_138	(x)	1	:	0.000000	0.000000	0.499764	0.000000	0.000000	0.000000	0.000000	0.000000	0.000000	0.500236
139	tsk_139	(x)	1	:	0.000000	0.000000	0.000000	0.485869	0.000000	0.000000	0.514131	0.000000	0.000000	0.000000
140	tsk_140	(x)	1	:	0.000000	0.000000	0.000000	0.000000	0.000000	0.501044	0.000000	0.498912	0.000044	0.000000
141	tsk_141	(x)	1	:	0.523841	0.000000	0.000000	0.000000	0.000000	0.000000	0.476030	0.000000	0.000129	0.000000
142	tsk_142	(x)	1	:	0.498248	0.000000	0.000000	0.000000	0.000000	0.501704	0.000000	0.000000	0.000048	0.000000
143	tsk_143	(x)	1	:	0.000000	0.000000	0.000000	0.000000	0.000000	1.000000	0.000000	0.000000	0.000000	0.000000
144	tsk_144	(x)	1	:	0.000000	0.000000	0.000000	0.000000	0.000000	0.501668	0.494956	0.000000	0.003376	0.000000
145	tsk_145	(x)	1	:	0.523824	0.000000	0.000000	0.000000	0.000000	0.000000	0.476022	0.000000	0.000154	0.000000
146	tsk_146	(x)	1	:	1.000000	0.000000	0.000000	0.000000	0.000000	0.000000	0.000000	0.000000	0.000000	0.000000
147	tsk_147	(x)	1	:	0.000000	0.000000	0.000000	0.000000	0.000000	1.000000	0.000000	0.000000	0.000000	0.000000
148	tsk_148	(x)	1	:	0.000000	0.002964	0.000000	0.000000	0.000000	0.503196	0.491307	0.000000	0.002532	0.000000
149	tsk_149	(x)	1	:	0.498248	0.000000	0.000000	0.000000	0.000000	0.501704	0.000000	0.000000	0.000049	0.000000
