logL = -619.883142 (converged)
AIC = 5775.766284
BIC = 12603.887131

count.K
18 3 8 21 7 13 7 7 13 27 5 16 5 

