0	tsk_0	(x)	1	:	0.000000	0.000000	0.015014	0.000000	0.000000	0.000000	0.000000	0.500148	0.000000	0.000000	0.000000	0.000000	0.000000	0.000000	0.484838
1	tsk_1	(x)	1	:	0.000000	0.000000	0.001504	0.499727	0.000000	0.000000	0.000000	0.498769	0.000000	0.000000	0.000000	0.000000	0.000000	0.000000	0.000000
2	tsk_2	(x)	1	:	0.000000	0.000000	0.000000	0.500000	0.000000	0.000000	0.000000	0.000000	0.500000	0.000000	0.000000	0.000000	0.000000	0.000000	0.000000
3	tsk_3	(x)	1	:	0.000000	0.000000	0.014868	0.000000	0.000000	0.000000	0.000000	0.500268	0.000000	0.000000	0.000000	0.000000	0.000000	0.000000	0.484864
4	tsk_4	(x)	1	:	0.000000	0.500000	0.000000	0.000000	0.000000	0.000000	0.000000	0.000000	0.500000	0.000000	0.000000	0.000000	0.000000	0.000000	0.000000
5	tsk_5	(x)	1	:	0.000000	0.000000	0.000000	0.500000	0.000000	0.000000	0.000000	0.000000	0.500000	0.000000	0.000000	0.000000	0.000000	0.000000	0.000000
6	tsk_6	(x)	1	:	0.000000	0.000000	0.015157	0.000000	0.000000	0.000000	0.000000	0.500030	0.000000	0.000000	0.000000	0.000000	0.000000	0.000000	0.484813
7	tsk_7	(x)	1	:	0.000000	0.000000	0.014746	0.000000	0.000000	0.000000	0.000000	0.500369	0.000000	0.000000	0.000000	0.000000	0.000000	0.000000	0.484885
8	tsk_8	(x)	1	:	0.000000	0.500000	0.000000	0.000000	0.000000	0.000000	0.000000	0.000000	0.500000	0.000000	0.000000	0.000000	0.000000	0.000000	0.000000
9	tsk_9	(x)	1	:	0.000000	0.499923	0.500076	0.000000	0.000000	0.000000	0.000000	0.000000	0.000000	0.000000	0.000000	0.000000	0.000000	0.000000	0.000000
10	tsk_10	(x)	1	:	0.000000	0.000000	0.000000	0.000000	0.000000	0.000000	0.000000	0.000000	1.000000	0.000000	0.000000	0.000000	0.000000	0.000000	0.000000
11	tsk_11	(x)	1	:	0.000000	0.000000	0.000000	0.500000	0.000000	0.000000	0.000000	0.000000	0.500000	0.000000	0.000000	0.000000	0.000000	0.000000	0.000000
12	tsk_12	(x)	1	:	0.000000	0.000000	0.000000	0.000000	0.000000	0.000000	0.000000	0.000000	0.485561	0.000000	0.000000	0.000000	0.000000	0.000000	0.514439
13	tsk_13	(x)	1	:	0.000000	0.000000	0.000000	0.000000	0.000000	0.000000	0.000000	0.000000	0.485561	0.000000	0.000000	0.000000	0.000000	0.000000	0.514439
14	tsk_14	(x)	1	:	0.000000	0.000000	0.000000	0.000000	0.000000	0.000000	0.000000	0.000000	0.485561	0.000000	0.000000	0.000000	0.000000	0.000000	0.514439
15	tsk_15	(x)	1	:	0.000000	0.000000	0.000000	0.000000	0.000000	0.000000	0.000000	0.000000	0.000000	0.000000	0.000000	0.000000	0.000000	1.000000	0.000000
16	tsk_16	(x)	1	:	0.000000	0.000000	0.000000	0.000000	0.000000	0.000000	0.000000	0.000000	0.485561	0.000000	0.000000	0.000000	0.000000	0.000000	0.514439
17	tsk_17	(x)	1	:	0.000000	0.000000	0.500003	0.000000	0.000000	0.000000	0.000000	0.000000	0.499997	0.000000	0.000000	0.000000	0.000000	0.000000	0.000000
18	tsk_18	(x)	1	:	0.000000	0.000000	0.000000	0.000000	0.000000	0.000000	0.000000	0.000000	0.485561	0.000000	0.000000	0.000000	0.000000	0.000000	0.514439
19	tsk_19	(x)	1	:	0.000000	0.000000	0.000000	0.194500	0.000000	0.000000	0.000000	0.000000	0.000000	0.000000	0.316221	0.000000	0.000000	0.489279	0.000000
20	tsk_20	(x)	1	:	0.000000	0.000000	0.000000	0.000000	0.000000	0.000000	0.000000	0.000000	0.000000	0.000000	0.340939	0.000000	0.000000	0.000000	0.659061
21	tsk_21	(x)	1	:	0.000000	0.000000	0.000000	0.000000	0.000000	0.000000	0.000000	1.000000	0.000000	0.000000	0.000000	0.000000	0.000000	0.000000	0.000000
22	tsk_22	(x)	1	:	0.000000	0.000000	0.500006	0.000000	0.000000	0.000000	0.000000	0.499993	0.000000	0.000000	0.000000	0.000000	0.000000	0.000000	0.000000
23	tsk_23	(x)	1	:	0.000000	0.000000	0.000000	0.000000	0.000000	0.000000	0.000000	0.484308	0.000000	0.000000	0.000000	0.000000	0.000000	0.000000	0.515692
24	tsk_24	(x)	1	:	0.000000	0.000000	0.000000	0.000000	0.000000	0.000000	0.000000	0.000000	0.000000	0.000000	0.000000	0.479004	0.000000	0.000000	0.520996
25	tsk_25	(x)	1	:	0.000000	0.000000	0.000000	0.000000	0.000000	0.000000	0.000000	0.484308	0.000000	0.000000	0.000000	0.000000	0.000000	0.000000	0.515692
26	tsk_26	(x)	1	:	0.000000	0.000000	0.000000	0.000000	0.000000	0.000000	0.000000	0.000000	0.000000	0.000000	0.000000	0.000000	0.000000	0.000000	1.000000
27	tsk_27	(x)	1	:	0.000000	0.000000	0.001063	0.499807	0.000000	0.000000	0.000000	0.499130	0.000000	0.000000	0.000000	0.000000	0.000000	0.000000	0.000000
28	tsk_28	(x)	1	:	0.000000	0.000000	0.000000	0.000000	0.000000	0.000000	0.000000	1.000000	0.000000	0.000000	0.000000	0.000000	0.000000	0.000000	0.000000
29	tsk_29	(x)	1	:	0.000000	0.000000	0.481315	0.000000	0.000000	0.000000	0.000000	0.000000	0.000000	0.000000	0.000000	0.000000	0.000000	0.000000	0.518685
30	tsk_30	(x)	1	:	0.000000	0.000000	0.000000	0.000000	0.000000	0.000000	0.000000	0.000000	0.000000	0.493835	0.000000	0.000000	0.505833	0.000000	0.000332
31	tsk_31	(x)	1	:	0.000000	0.000000	0.000000	0.000000	0.000000	0.000000	0.000000	0.000000	0.511892	0.488108	0.000000	0.000000	0.000000	0.000000	0.000000
32	tsk_32	(x)	1	:	0.000000	0.000000	0.010371	0.000000	0.000000	0.000000	0.000000	0.500167	0.000000	0.489461	0.000000	0.000000	0.000000	0.000000	0.000000
33	tsk_33	(x)	1	:	0.492802	0.000000	0.000000	0.000000	0.000000	0.000000	0.000000	0.000000	0.000000	0.000000	0.000000	0.002017	0.505181	0.000000	0.000000
34	tsk_34	(x)	1	:	0.000000	0.000000	1.000000	0.000000	0.000000	0.000000	0.000000	0.000000	0.000000	0.000000	0.000000	0.000000	0.000000	0.000000	0.000000
35	tsk_35	(x)	1	:	0.509856	0.490144	0.000000	0.000000	0.000000	0.000000	0.000000	0.000000	0.000000	0.000000	0.000000	0.000000	0.000000	0.000000	0.000000
36	tsk_36	(x)	1	:	0.000000	0.000000	1.000000	0.000000	0.000000	0.000000	0.000000	0.000000	0.000000	0.000000	0.000000	0.000000	0.000000	0.000000	0.000000
37	tsk_37	(x)	1	:	0.416558	0.000000	0.000000	0.506958	0.000000	0.000000	0.000000	0.000000	0.000000	0.000000	0.000000	0.076484	0.000000	0.000000	0.000000
38	tsk_38	(x)	1	:	0.000000	0.499955	0.500045	0.000000	0.000000	0.000000	0.000000	0.000000	0.000000	0.000000	0.000000	0.000000	0.000000	0.000000	0.000000
39	tsk_39	(x)	1	:	0.000000	0.492445	0.000000	0.025709	0.000000	0.000000	0.000000	0.000000	0.000000	0.000000	0.000000	0.000000	0.481846	0.000000	0.000000
40	tsk_40	(x)	1	:	0.000000	0.499988	0.000000	0.000000	0.000000	0.500012	0.000000	0.000000	0.000000	0.000000	0.000000	0.000000	0.000000	0.000000	0.000000
41	tsk_41	(x)	1	:	0.000000	0.499988	0.000000	0.000000	0.000000	0.500012	0.000000	0.000000	0.000000	0.000000	0.000000	0.000000	0.000000	0.000000	0.000000
42	tsk_42	(x)	1	:	0.000000	0.000000	0.481203	0.000000	0.000000	0.000000	0.000000	0.000000	0.000000	0.518797	0.000000	0.000000	0.000000	0.000000	0.000000
43	tsk_43	(x)	1	:	0.000000	0.500001	0.000000	0.065440	0.000000	0.000000	0.000000	0.000000	0.000000	0.000000	0.000000	0.000000	0.000000	0.000000	0.434559
44	tsk_44	(x)	1	:	0.000000	0.499999	0.000000	0.058126	0.441875	0.000000	0.000000	0.000000	0.000000	0.000000	0.000000	0.000000	0.000000	0.000000	0.000000
45	tsk_45	(x)	1	:	0.000000	0.499913	0.500087	0.000000	0.000000	0.000000	0.000000	0.000000	0.000000	0.000000	0.000000	0.000000	0.000000	0.000000	0.000000
46	tsk_46	(x)	1	:	0.000000	0.000000	0.000000	0.000000	1.000000	0.000000	0.000000	0.000000	0.000000	0.000000	0.000000	0.000000	0.000000	0.000000	0.000000
47	tsk_47	(x)	1	:	0.000000	0.510574	0.000000	0.000000	0.000000	0.000000	0.000000	0.000000	0.000000	0.489426	0.000000	0.000000	0.000000	0.000000	0.000000
48	tsk_48	(x)	1	:	0.000000	0.000000	0.000000	0.000000	0.000000	0.000000	0.000000	0.000000	0.000000	0.536924	0.000000	0.000000	0.000000	0.000000	0.463076
49	tsk_49	(x)	1	:	0.000000	0.500000	0.000000	0.500000	0.000000	0.000000	0.000000	0.000000	0.000000	0.000000	0.000000	0.000000	0.000000	0.000000	0.000000
50	tsk_50	(x)	1	:	0.000000	0.000000	0.000000	0.000000	0.000000	0.000000	0.000000	0.000000	0.000000	0.000000	0.453615	0.000000	0.000000	0.000000	0.546385
51	tsk_51	(x)	1	:	0.000000	0.000000	0.515275	0.000000	0.000000	0.000000	0.000000	0.000000	0.000000	0.000000	0.000000	0.000000	0.000000	0.000000	0.484725
52	tsk_52	(x)	1	:	0.000000	0.499898	0.500102	0.000000	0.000000	0.000000	0.000000	0.000000	0.000000	0.000000	0.000000	0.000000	0.000000	0.000000	0.000000
53	tsk_53	(x)	1	:	0.000000	0.000000	0.014157	0.000000	0.000000	0.000000	0.000000	0.500854	0.000000	0.000000	0.000000	0.000000	0.000000	0.000000	0.484989
54	tsk_54	(x)	1	:	0.000000	0.000000	0.500009	0.000000	0.000000	0.000000	0.000000	0.499991	0.000000	0.000000	0.000000	0.000000	0.000000	0.000000	0.000000
55	tsk_55	(x)	1	:	0.000000	0.000000	1.000000	0.000000	0.000000	0.000000	0.000000	0.000000	0.000000	0.000000	0.000000	0.000000	0.000000	0.000000	0.000000
56	tsk_56	(x)	1	:	0.000000	0.499963	0.500037	0.000000	0.000000	0.000000	0.000000	0.000000	0.000000	0.000000	0.000000	0.000000	0.000000	0.000000	0.000000
57	tsk_57	(x)	1	:	0.000000	1.000000	0.000000	0.000000	0.000000	0.000000	0.000000	0.000000	0.000000	0.000000	0.000000	0.000000	0.000000	0.000000	0.000000
58	tsk_58	(x)	1	:	0.000000	1.000000	0.000000	0.000000	0.000000	0.000000	0.000000	0.000000	0.000000	0.000000	0.000000	0.000000	0.000000	0.000000	0.000000
59	tsk_59	(x)	1	:	0.000000	0.000000	0.000217	0.000000	0.000000	0.000000	0.000000	0.499812	0.499971	0.000000	0.000000	0.000000	0.000000	0.000000	0.000000
60	tsk_60	(x)	1	:	0.000000	0.000000	0.000000	0.000000	0.494618	0.000000	0.000000	0.000000	0.000000	0.000000	0.000000	0.505382	0.000000	0.000000	0.000000
61	tsk_61	(x)	1	:	0.000000	0.000000	0.000000	0.683775	0.000000	0.000000	0.000000	0.000000	0.000000	0.000000	0.316225	0.000000	0.000000	0.000000	0.000000
62	tsk_62	(x)	1	:	0.000000	0.000000	0.000000	0.558125	0.441875	0.000000	0.000000	0.000000	0.000000	0.000000	0.000000	0.000000	0.000000	0.000000	0.000000
63	tsk_63	(x)	1	:	0.000000	0.000000	0.513440	0.000000	0.486559	0.000000	0.000000	0.000000	0.000000	0.000000	0.000000	0.000000	0.000000	0.000000	0.000000
64	tsk_64	(x)	1	:	0.000000	0.000000	0.000000	0.000000	1.000000	0.000000	0.000000	0.000000	0.000000	0.000000	0.000000	0.000000	0.000000	0.000000	0.000000
65	tsk_65	(x)	1	:	0.000000	0.000000	0.500073	0.499927	0.000000	0.000000	0.000000	0.000000	0.000000	0.000000	0.000000	0.000000	0.000000	0.000000	0.000000
66	tsk_66	(x)	1	:	0.000000	0.000000	0.000000	0.000000	0.000000	0.000000	0.000000	0.484308	0.000000	0.000000	0.000000	0.000000	0.000000	0.000000	0.515692
67	tsk_67	(x)	1	:	0.000000	0.000000	0.000000	1.000000	0.000000	0.000000	0.000000	0.000000	0.000000	0.000000	0.000000	0.000000	0.000000	0.000000	0.000000
68	tsk_68	(x)	1	:	0.000000	0.505124	0.000000	0.000000	0.000000	0.000000	0.000000	0.000000	0.000000	0.000000	0.000000	0.494876	0.000000	0.000000	0.000000
69	tsk_69	(x)	1	:	0.000000	0.000000	0.513418	0.000000	0.486582	0.000000	0.000000	0.000000	0.000000	0.000000	0.000000	0.000000	0.000000	0.000000	0.000000
70	tsk_70	(x)	1	:	0.000000	0.082948	0.000000	0.215403	0.000000	0.000000	0.000000	0.000000	0.228363	0.000000	0.000000	0.301391	0.000000	0.171895	0.000000
71	tsk_71	(x)	1	:	0.000000	0.000000	0.000000	0.000000	0.000000	0.000000	0.000000	0.000000	0.236647	0.000000	0.446047	0.317306	0.000000	0.000000	0.000000
72	tsk_72	(x)	1	:	0.000000	0.000000	0.000000	0.000000	0.000000	0.000000	0.000000	0.000000	0.227592	0.472466	0.000000	0.299941	0.000000	0.000000	0.000000
73	tsk_73	(x)	1	:	0.000000	0.000000	0.010212	0.000000	0.000000	0.000000	0.000000	0.500298	0.000000	0.489490	0.000000	0.000000	0.000000	0.000000	0.000000
74	tsk_74	(x)	1	:	0.000000	0.000000	0.000000	0.241778	0.000000	0.000000	0.000000	0.000000	0.000000	0.437181	0.321041	0.000000	0.000000	0.000000	0.000000
75	tsk_75	(x)	1	:	0.000000	0.000000	0.000001	0.000000	0.000000	0.000000	0.000000	0.497422	0.000000	0.000000	0.502577	0.000000	0.000000	0.000000	0.000000
76	tsk_76	(x)	1	:	0.000000	0.000000	0.000000	0.223687	0.000000	0.000000	0.000000	0.000000	0.000000	0.471094	0.305219	0.000000	0.000000	0.000000	0.000000
77	tsk_77	(x)	1	:	0.000000	0.000000	0.000000	0.000000	0.000000	0.000000	0.000000	0.497423	0.000000	0.000000	0.502577	0.000000	0.000000	0.000000	0.000000
78	tsk_78	(x)	1	:	0.000000	0.000000	0.000000	0.000000	0.000000	0.000000	0.000000	0.000000	0.000000	1.000000	0.000000	0.000000	0.000000	0.000000	0.000000
79	tsk_79	(x)	1	:	0.000000	0.000000	0.025549	0.000000	0.000000	0.000000	0.000000	0.500259	0.000000	0.000000	0.474192	0.000000	0.000000	0.000000	0.000000
80	tsk_80	(x)	1	:	0.000000	0.000000	0.000000	0.565442	0.000000	0.000000	0.000000	0.000000	0.000000	0.000000	0.000000	0.000000	0.000000	0.000000	0.434558
81	tsk_81	(x)	1	:	0.000000	0.000000	0.000000	0.505589	0.000000	0.000000	0.000000	0.000000	0.000000	0.000000	0.000000	0.494411	0.000000	0.000000	0.000000
82	tsk_82	(x)	1	:	0.000000	0.000000	0.010133	0.000000	0.000000	0.000000	0.000000	0.500363	0.000000	0.489504	0.000000	0.000000	0.000000	0.000000	0.000000
83	tsk_83	(x)	1	:	0.000000	0.000000	0.000000	0.000000	0.000000	0.000000	0.000000	0.000000	0.000000	1.000000	0.000000	0.000000	0.000000	0.000000	0.000000
84	tsk_84	(x)	1	:	0.000000	0.000000	0.000000	0.000000	0.000000	0.000000	0.000000	0.000000	0.000000	1.000000	0.000000	0.000000	0.000000	0.000000	0.000000
85	tsk_85	(x)	1	:	0.000000	0.000000	0.000000	0.511892	0.000000	0.000000	0.000000	0.000000	0.000000	0.488108	0.000000	0.000000	0.000000	0.000000	0.000000
86	tsk_86	(x)	1	:	0.000000	0.000000	0.000000	0.511892	0.000000	0.000000	0.000000	0.000000	0.000000	0.488108	0.000000	0.000000	0.000000	0.000000	0.000000
87	tsk_87	(x)	1	:	0.000000	0.000000	0.010358	0.000000	0.000000	0.000000	0.000000	0.500178	0.000000	0.489464	0.000000	0.000000	0.000000	0.000000	0.000000
88	tsk_88	(x)	1	:	0.000000	0.000000	0.500221	0.499779	0.000000	0.000000	0.000000	0.000000	0.000000	0.000000	0.000000	0.000000	0.000000	0.000000	0.000000
89	tsk_89	(x)	1	:	0.000000	0.000000	0.000000	0.000000	0.000000	0.000000	0.000000	0.000000	0.000000	0.517045	0.482955	0.000000	0.000000	0.000000	0.000000
90	tsk_90	(x)	1	:	0.000000	0.000000	0.525890	0.000000	0.000000	0.000000	0.000000	0.000000	0.000000	0.000000	0.474109	0.000000	0.000000	0.000000	0.000000
91	tsk_91	(x)	1	:	0.000000	0.000000	0.526049	0.000000	0.000000	0.000000	0.000000	0.000000	0.000000	0.000000	0.473951	0.000000	0.000000	0.000000	0.000000
92	tsk_92	(x)	1	:	0.000000	0.000000	0.526408	0.000000	0.000000	0.000000	0.000000	0.000000	0.000000	0.000000	0.473592	0.000000	0.000000	0.000000	0.000000
93	tsk_93	(x)	1	:	0.000000	0.000000	0.526060	0.000000	0.000000	0.000000	0.000000	0.000000	0.000000	0.000000	0.473940	0.000000	0.000000	0.000000	0.000000
94	tsk_94	(x)	1	:	0.000000	0.000000	0.025878	0.000000	0.000000	0.000000	0.000000	0.499985	0.000000	0.000000	0.474137	0.000000	0.000000	0.000000	0.000000
95	tsk_95	(x)	1	:	0.000000	0.000000	1.000000	0.000000	0.000000	0.000000	0.000000	0.000000	0.000000	0.000000	0.000000	0.000000	0.000000	0.000000	0.000000
96	tsk_96	(x)	1	:	0.000000	0.000000	0.500001	0.000000	0.000000	0.000000	0.000000	0.000000	0.499999	0.000000	0.000000	0.000000	0.000000	0.000000	0.000000
97	tsk_97	(x)	1	:	0.000000	0.000000	0.500013	0.000000	0.000000	0.000000	0.000000	0.499986	0.000000	0.000000	0.000000	0.000000	0.000000	0.000000	0.000000
98	tsk_98	(x)	1	:	0.000000	0.000000	0.525932	0.000000	0.000000	0.000000	0.000000	0.000000	0.000000	0.000000	0.474068	0.000000	0.000000	0.000000	0.000000
99	tsk_99	(x)	1	:	0.000000	0.000000	0.010055	0.000000	0.000000	0.000000	0.000000	0.500427	0.000000	0.489518	0.000000	0.000000	0.000000	0.000000	0.000000
100	tsk_100	(x)	1	:	0.000000	0.000000	0.000000	0.000000	0.000000	0.000000	0.000000	0.000000	0.000000	0.517045	0.482955	0.000000	0.000000	0.000000	0.000000
101	tsk_101	(x)	1	:	0.000000	0.000000	0.000000	0.000000	0.000000	0.000000	0.000000	0.000000	0.000000	1.000000	0.000000	0.000000	0.000000	0.000000	0.000000
102	tsk_102	(x)	1	:	0.000000	0.000000	0.000000	0.341947	0.000000	0.000000	0.000000	0.000000	0.000000	0.000000	0.658053	0.000000	0.000000	0.000000	0.000000
103	tsk_103	(x)	1	:	0.000000	0.000000	0.000000	0.227000	0.000000	0.000000	0.000000	0.000000	0.464826	0.000000	0.308174	0.000000	0.000000	0.000000	0.000000
104	tsk_104	(x)	1	:	0.000000	0.000000	0.014773	0.000000	0.000000	0.000000	0.000000	0.500347	0.000000	0.000000	0.000000	0.000000	0.000000	0.000000	0.484880
105	tsk_105	(x)	1	:	0.000000	0.000000	0.000000	0.341947	0.000000	0.000000	0.000000	0.000000	0.000000	0.000000	0.658053	0.000000	0.000000	0.000000	0.000000
106	tsk_106	(x)	1	:	0.000000	0.000000	0.000000	0.000000	0.000000	0.000000	0.000000	0.000000	0.511892	0.488108	0.000000	0.000000	0.000000	0.000000	0.000000
107	tsk_107	(x)	1	:	0.000000	0.000000	0.000000	0.458169	0.000000	0.000000	0.000000	0.000000	0.000000	0.000000	0.541831	0.000000	0.000000	0.000000	0.000000
108	tsk_108	(x)	1	:	0.000000	0.371192	0.000000	0.144531	0.129315	0.000000	0.000000	0.000000	0.000000	0.000000	0.000000	0.000000	0.000000	0.257616	0.097347
109	tsk_109	(x)	1	:	0.000000	0.000000	0.000000	0.000000	0.000000	0.000000	0.000000	0.000000	0.000000	0.517045	0.482955	0.000000	0.000000	0.000000	0.000000
110	tsk_110	(x)	1	:	0.000000	0.000000	0.482638	0.000000	0.000000	0.000000	0.000000	0.000000	0.000000	0.517361	0.000000	0.000000	0.000000	0.000000	0.000000
111	tsk_111	(x)	1	:	0.000000	0.000000	0.500001	0.000000	0.000000	0.000000	0.000000	0.000000	0.499998	0.000000	0.000000	0.000000	0.000000	0.000000	0.000000
112	tsk_112	(x)	1	:	0.000000	0.000000	0.000000	0.000000	0.000000	0.000000	0.000000	0.000000	0.000000	0.535386	0.000000	0.000000	0.000000	0.000000	0.464614
113	tsk_113	(x)	1	:	0.000000	0.000000	0.000000	0.000000	0.000000	0.000000	1.000000	0.000000	0.000000	0.000000	0.000000	0.000000	0.000000	0.000000	0.000000
114	tsk_114	(x)	1	:	0.000000	0.499999	0.000000	0.058126	0.441875	0.000000	0.000000	0.000000	0.000000	0.000000	0.000000	0.000000	0.000000	0.000000	0.000000
115	tsk_115	(x)	1	:	0.000000	0.000000	0.515318	0.000000	0.000000	0.000000	0.000000	0.000000	0.000000	0.000000	0.000000	0.000000	0.000000	0.000000	0.484682
116	tsk_116	(x)	1	:	0.000000	0.000000	0.513520	0.000000	0.486480	0.000000	0.000000	0.000000	0.000000	0.000000	0.000000	0.000000	0.000000	0.000000	0.000000
117	tsk_117	(x)	1	:	0.000000	0.000000	1.000000	0.000000	0.000000	0.000000	0.000000	0.000000	0.000000	0.000000	0.000000	0.000000	0.000000	0.000000	0.000000
118	tsk_118	(x)	1	:	0.000000	0.000000	0.000000	0.342386	0.000000	0.000000	0.000000	0.000000	0.000000	0.000000	0.657614	0.000000	0.000000	0.000000	0.000000
119	tsk_119	(x)	1	:	0.000000	0.000000	0.000000	0.000000	0.507874	0.000000	0.000000	0.000000	0.000000	0.000000	0.000000	0.000000	0.000000	0.000000	0.492126
120	tsk_120	(x)	1	:	0.000000	0.499979	0.000000	0.113361	0.000000	0.000000	0.000000	0.000000	0.000000	0.000000	0.386659	0.000000	0.000000	0.000000	0.000000
121	tsk_121	(x)	1	:	0.000000	0.000000	0.000000	0.000000	0.000000	0.000000	0.000000	1.000000	0.000000	0.000000	0.000000	0.000000	0.000000	0.000000	0.000000
122	tsk_122	(x)	1	:	0.000000	0.000000	0.002728	0.499505	0.000000	0.000000	0.000000	0.497767	0.000000	0.000000	0.000000	0.000000	0.000000	0.000000	0.000000
123	tsk_123	(x)	1	:	0.000000	0.000000	0.000000	0.000000	0.000000	0.000000	0.000000	0.000000	0.000000	0.000000	0.000000	0.506891	0.000000	0.000000	0.493109
124	tsk_124	(x)	1	:	0.000000	0.499979	0.000000	0.113361	0.000000	0.000000	0.000000	0.000000	0.000000	0.000000	0.386659	0.000000	0.000000	0.000000	0.000000
125	tsk_125	(x)	1	:	0.000000	0.000000	0.009515	0.000000	0.000000	0.000000	0.000000	0.500870	0.000000	0.489615	0.000000	0.000000	0.000000	0.000000	0.000000
126	tsk_126	(x)	1	:	0.000000	0.000000	0.000000	0.000000	0.000000	0.000000	0.000000	1.000000	0.000000	0.000000	0.000000	0.000000	0.000000	0.000000	0.000000
127	tsk_127	(x)	1	:	0.000000	0.000000	0.000000	0.000000	0.000000	0.000000	0.000000	0.486237	0.000000	0.513763	0.000000	0.000000	0.000000	0.000000	0.000000
128	tsk_128	(x)	1	:	0.000000	0.000000	0.003398	0.000000	0.000000	0.000000	0.000000	0.501480	0.000000	0.000000	0.000000	0.495121	0.000000	0.000000	0.000000
129	tsk_129	(x)	1	:	0.000000	0.000000	0.025335	0.000000	0.000000	0.000000	0.000000	0.500435	0.000000	0.000000	0.474229	0.000000	0.000000	0.000000	0.000000
130	tsk_130	(x)	1	:	0.000000	0.000000	0.000000	0.424579	0.575421	0.000000	0.000000	0.000000	0.000000	0.000000	0.000000	0.000000	0.000000	0.000000	0.000000
131	tsk_131	(x)	1	:	0.000000	0.000000	0.000000	0.000000	0.000000	0.000000	0.000000	0.000000	0.000000	0.000000	0.000000	1.000000	0.000000	0.000000	0.000000
132	tsk_132	(x)	1	:	0.000000	0.000000	0.000000	0.252826	0.416867	0.000000	0.000000	0.000000	0.000000	0.000000	0.330307	0.000000	0.000000	0.000000	0.000000
133	tsk_133	(x)	1	:	0.000000	0.164242	0.000000	0.158332	0.575420	0.000000	0.000000	0.000000	0.000000	0.000000	0.000000	0.000000	0.000000	0.102005	0.000000
134	tsk_134	(x)	1	:	0.000000	0.000000	0.000000	0.000000	1.000000	0.000000	0.000000	0.000000	0.000000	0.000000	0.000000	0.000000	0.000000	0.000000	0.000000
135	tsk_135	(x)	1	:	0.000000	0.164242	0.000000	0.158332	0.575420	0.000000	0.000000	0.000000	0.000000	0.000000	0.000000	0.000000	0.000000	0.102005	0.000000
136	tsk_136	(x)	1	:	0.000000	0.000000	0.000000	0.000000	0.521740	0.000000	0.000000	0.000000	0.000000	0.000000	0.000000	0.478260	0.000000	0.000000	0.000000
137	tsk_137	(x)	1	:	0.000000	0.113220	0.000000	0.252694	0.000000	0.000000	0.000000	0.000000	0.000000	0.000000	0.000000	0.488121	0.000000	0.145965	0.000000
138	tsk_138	(x)	1	:	0.000000	0.000000	0.000000	0.000000	1.000000	0.000000	0.000000	0.000000	0.000000	0.000000	0.000000	0.000000	0.000000	0.000000	0.000000
139	tsk_139	(x)	1	:	0.000000	0.000000	0.000000	0.000000	0.494618	0.000000	0.000000	0.000000	0.000000	0.000000	0.000000	0.505382	0.000000	0.000000	0.000000
140	tsk_140	(x)	1	:	0.000000	0.000000	0.000000	0.000000	0.000000	0.000000	0.000000	0.000000	0.000000	0.000000	0.000000	0.000000	0.000000	1.000000	0.000000
141	tsk_141	(x)	1	:	0.000000	0.000000	0.000000	0.022592	0.000000	0.000000	0.000000	0.000000	0.000000	0.488108	0.000000	0.000000	0.000000	0.489299	0.000000
142	tsk_142	(x)	1	:	0.000000	0.000000	0.000000	0.224445	0.000000	0.000000	0.000000	0.000000	0.000000	0.469656	0.305899	0.000000	0.000000	0.000000	0.000000
143	tsk_143	(x)	1	:	0.000000	0.000000	0.000000	0.000000	0.000000	0.000000	0.000000	0.000000	0.000000	0.517045	0.482955	0.000000	0.000000	0.000000	0.000000
144	tsk_144	(x)	1	:	0.000000	0.000000	0.000000	0.510705	0.000000	0.000000	0.000000	0.000000	0.000000	0.000000	0.000000	0.000000	0.000000	0.489295	0.000000
145	tsk_145	(x)	1	:	0.000000	0.500000	0.000000	0.000000	0.000000	0.000000	0.000000	0.000000	0.500000	0.000000	0.000000	0.000000	0.000000	0.000000	0.000000
146	tsk_146	(x)	1	:	0.000000	0.000000	0.000000	0.000000	0.000000	0.000000	0.000000	0.000000	0.000000	0.000000	0.000000	0.000000	0.000000	1.000000	0.000000
147	tsk_147	(x)	1	:	0.000000	0.108672	0.000000	0.247094	0.000000	0.000000	0.000000	0.000000	0.494361	0.000000	0.000000	0.000000	0.000000	0.149873	0.000000
148	tsk_148	(x)	1	:	0.000000	0.000000	0.000000	0.000000	0.546606	0.000000	0.000000	0.000000	0.000000	0.000000	0.000000	0.000000	0.000000	0.453394	0.000000
149	tsk_149	(x)	1	:	0.000000	1.000000	0.000000	0.000000	0.000000	0.000000	0.000000	0.000000	0.000000	0.000000	0.000000	0.000000	0.000000	0.000000	0.000000
