logL = -1001.016612 (converged)
AIC = 6310.033224
BIC = 12794.941647

count.K
12 24 4 31 1 23 10 20 16 1 1 7 

