logL = -1240.968450 (converged)
AIC = 6965.936900
BIC = 13715.781229

count.K
2 4 10 3 22 24 1 6 20 19 3 28 8 

