logL = -1862.062735 (converged)
AIC = 5404.125471
BIC = 7933.059118

count.K
8 44 16 33 49 

