logL = -1448.202261 (converged)
AIC = 3658.404523
BIC = 4805.456570

count.K
31 67 52 

