logL = -1405.504435 (converged)
AIC = 3247.008870
BIC = 3903.327364

count.K
53 97 

