0	tsk_0	(x)	1	:	0.912248	0.000004	0.000000	0.000000	0.009180	0.000000	0.000000	0.000000	0.078568	0.000000	0.000000	0.000000	0.000000	0.000000
1	tsk_1	(x)	1	:	0.000000	0.000000	0.000000	0.000000	0.000000	0.000000	0.000000	0.000000	0.000000	0.000000	0.497766	0.000000	0.000000	0.502234
2	tsk_2	(x)	1	:	0.000000	0.000000	0.000000	0.000000	0.000000	0.000000	0.455080	0.000000	0.000000	0.000000	0.000000	0.000000	0.544920	0.000000
3	tsk_3	(x)	1	:	0.099732	0.000002	0.000000	0.000000	0.111801	0.000000	0.000000	0.000000	0.291017	0.000000	0.497447	0.000000	0.000000	0.000000
4	tsk_4	(x)	1	:	0.904476	0.000009	0.000000	0.000000	0.024272	0.000000	0.000000	0.000000	0.071242	0.000000	0.000000	0.000000	0.000000	0.000000
5	tsk_5	(x)	1	:	0.143848	0.000001	0.000000	0.000000	0.085942	0.000000	0.000000	0.000000	0.272761	0.000000	0.497447	0.000000	0.000000	0.000000
6	tsk_6	(x)	1	:	0.237247	0.000003	0.000000	0.000000	0.179918	0.000000	0.000000	0.000000	0.054401	0.000000	0.000000	0.000000	0.528431	0.000000
7	tsk_7	(x)	1	:	0.000000	0.515077	0.000000	0.000000	0.000000	0.000000	0.000000	0.000000	0.000000	0.000000	0.000000	0.000000	0.484923	0.000000
8	tsk_8	(x)	1	:	0.866615	0.000000	0.000000	0.000000	0.016468	0.000000	0.000000	0.000000	0.116916	0.000000	0.000000	0.000000	0.000000	0.000000
9	tsk_9	(x)	1	:	0.000000	0.000000	0.000000	0.000000	0.000000	0.000000	0.000000	0.000000	0.000000	0.000000	0.464468	0.000000	0.535532	0.000000
10	tsk_10	(x)	1	:	0.333289	0.000002	0.000000	0.000000	0.118328	0.000000	0.000000	0.000000	0.019950	0.000000	0.000000	0.000000	0.528431	0.000000
11	tsk_11	(x)	1	:	0.935295	0.000004	0.000000	0.000000	0.024158	0.000000	0.000000	0.000000	0.040544	0.000000	0.000000	0.000000	0.000000	0.000000
12	tsk_12	(x)	1	:	0.917757	0.000000	0.000000	0.000000	0.007706	0.000000	0.000000	0.000000	0.074537	0.000000	0.000000	0.000000	0.000000	0.000000
13	tsk_13	(x)	1	:	0.953441	0.000009	0.000000	0.000000	0.014709	0.000000	0.000000	0.000000	0.031842	0.000000	0.000000	0.000000	0.000000	0.000000
14	tsk_14	(x)	1	:	0.000000	0.000000	0.000000	0.000000	0.000000	0.000000	0.000000	1.000000	0.000000	0.000000	0.000000	0.000000	0.000000	0.000000
15	tsk_15	(x)	1	:	0.341803	0.000002	0.000000	0.000000	0.091759	0.000000	0.000000	0.000000	0.038004	0.000000	0.000000	0.000000	0.528431	0.000000
16	tsk_16	(x)	1	:	0.000000	0.000000	0.000000	0.000000	0.000000	0.000000	0.000000	1.000000	0.000000	0.000000	0.000000	0.000000	0.000000	0.000000
17	tsk_17	(x)	1	:	0.910002	0.000000	0.000000	0.000000	0.014805	0.000000	0.000000	0.000000	0.075193	0.000000	0.000000	0.000000	0.000000	0.000000
18	tsk_18	(x)	1	:	0.000000	0.000000	0.000000	0.000000	0.000000	0.000000	0.000000	0.500371	0.000000	0.000000	0.000000	0.000000	0.499629	0.000000
19	tsk_19	(x)	1	:	0.931779	0.000009	0.000000	0.000000	0.004980	0.000000	0.000001	0.000000	0.063232	0.000000	0.000000	0.000000	0.000000	0.000000
20	tsk_20	(x)	1	:	0.610103	0.000000	0.000000	0.000000	0.001774	0.000000	0.338878	0.000000	0.049245	0.000000	0.000000	0.000000	0.000000	0.000000
21	tsk_21	(x)	1	:	0.914170	0.000006	0.000000	0.000000	0.011252	0.000000	0.000000	0.000000	0.074573	0.000000	0.000000	0.000000	0.000000	0.000000
22	tsk_22	(x)	1	:	0.955156	0.000009	0.000000	0.000000	0.008043	0.000000	0.000000	0.000000	0.036792	0.000000	0.000000	0.000000	0.000000	0.000000
23	tsk_23	(x)	1	:	0.877721	0.000009	0.000000	0.000000	0.004681	0.000000	0.000000	0.000000	0.117588	0.000000	0.000000	0.000000	0.000000	0.000000
24	tsk_24	(x)	1	:	0.932709	0.000008	0.000000	0.000000	0.014479	0.000000	0.000000	0.000000	0.052804	0.000000	0.000000	0.000000	0.000000	0.000000
25	tsk_25	(x)	1	:	0.112110	0.000000	0.000000	0.000000	0.106406	0.000000	0.000000	0.000000	0.284037	0.000000	0.497447	0.000000	0.000000	0.000000
26	tsk_26	(x)	1	:	0.317192	0.000003	0.000000	0.000000	0.185357	0.000000	0.000000	0.000000	0.000000	0.000000	0.497447	0.000000	0.000000	0.000000
27	tsk_27	(x)	1	:	0.947279	0.000008	0.000000	0.000000	0.014310	0.000000	0.000000	0.000000	0.038403	0.000000	0.000000	0.000000	0.000000	0.000000
28	tsk_28	(x)	1	:	0.950348	0.000005	0.000000	0.000000	0.008909	0.000000	0.000000	0.000000	0.040738	0.000000	0.000000	0.000000	0.000000	0.000000
29	tsk_29	(x)	1	:	0.153529	0.000004	0.000000	0.000000	0.226180	0.000000	0.000000	0.486454	0.133833	0.000000	0.000000	0.000000	0.000000	0.000000
30	tsk_30	(x)	1	:	0.254535	0.000004	0.000000	0.000000	0.170786	0.000000	0.000000	0.000000	0.085091	0.000000	0.000000	0.000000	0.489584	0.000000
31	tsk_31	(x)	1	:	0.333377	0.000002	0.000000	0.000000	0.153016	0.000000	0.000000	0.000000	0.013610	0.000000	0.000000	0.000000	0.000000	0.499994
32	tsk_32	(x)	1	:	0.030412	0.000001	0.000000	0.000000	0.045094	0.000000	0.000000	0.000000	0.424493	0.000000	0.000000	0.500000	0.000000	0.000000
33	tsk_33	(x)	1	:	0.311072	0.000003	0.000000	0.000000	0.139322	0.000000	0.000000	0.000000	0.060019	0.000000	0.000000	0.000000	0.489584	0.000000
34	tsk_34	(x)	1	:	0.398411	0.000003	0.000000	0.000000	0.085187	0.000000	0.000000	0.000000	0.016417	0.000000	0.000000	0.000000	0.000000	0.499981
35	tsk_35	(x)	1	:	0.000000	0.000000	0.000000	0.000000	0.000000	0.000000	0.000000	0.000000	0.000000	0.000000	0.000000	1.000000	0.000000	0.000000
36	tsk_36	(x)	1	:	0.000000	0.000000	0.000000	0.000000	0.000000	0.000000	0.000000	0.000000	0.000000	0.000000	0.000000	0.000000	1.000000	0.000000
37	tsk_37	(x)	1	:	0.257134	0.000001	0.000000	0.000000	0.173129	0.000000	0.000000	0.000000	0.080152	0.000000	0.000000	0.000000	0.489584	0.000000
38	tsk_38	(x)	1	:	0.056269	0.000002	0.000000	0.000000	0.090870	0.000000	0.000000	0.000000	0.352860	0.000000	0.000000	0.500000	0.000000	0.000000
39	tsk_39	(x)	1	:	0.000000	0.000000	0.525380	0.000000	0.000000	0.000000	0.000000	0.000000	0.000000	0.000000	0.000000	0.000000	0.000000	0.474619
40	tsk_40	(x)	1	:	0.000036	0.000000	0.999961	0.000000	0.000000	0.000000	0.000000	0.000000	0.000003	0.000000	0.000000	0.000000	0.000000	0.000000
41	tsk_41	(x)	1	:	0.916256	0.000008	0.000000	0.000000	0.026113	0.000000	0.000000	0.000000	0.057623	0.000000	0.000000	0.000000	0.000000	0.000000
42	tsk_42	(x)	1	:	0.000000	0.000000	0.000000	0.000000	0.000000	0.000000	0.000000	0.491682	0.000000	0.000000	0.508318	0.000000	0.000000	0.000000
43	tsk_43	(x)	1	:	0.353177	0.000000	0.000000	0.000000	0.075106	0.000000	0.000000	0.000000	0.071789	0.000000	0.000000	0.000000	0.000000	0.499928
44	tsk_44	(x)	1	:	0.000000	0.000000	0.000000	0.500126	0.000000	0.000000	0.000000	0.488755	0.000000	0.000000	0.000000	0.000000	0.000000	0.011120
45	tsk_45	(x)	1	:	0.870615	0.000009	0.000000	0.000000	0.033695	0.000000	0.000000	0.000000	0.095681	0.000000	0.000000	0.000000	0.000000	0.000000
46	tsk_46	(x)	1	:	0.382761	0.000003	0.000000	0.000000	0.097471	0.000000	0.000000	0.000000	0.019787	0.000000	0.000000	0.000000	0.000000	0.499977
47	tsk_47	(x)	1	:	0.122701	0.000001	0.000000	0.000000	0.127781	0.000000	0.000000	0.000000	0.252070	0.000000	0.497447	0.000000	0.000000	0.000000
48	tsk_48	(x)	1	:	0.792963	0.000000	0.000000	0.000000	0.020952	0.000000	0.000000	0.000000	0.186085	0.000000	0.000000	0.000000	0.000000	0.000000
49	tsk_49	(x)	1	:	0.911878	0.000007	0.000000	0.000000	0.024962	0.000000	0.000000	0.000000	0.063152	0.000000	0.000000	0.000000	0.000000	0.000000
50	tsk_50	(x)	1	:	0.003633	0.000000	0.000000	0.000000	0.001755	0.503825	0.000000	0.000000	0.000664	0.000000	0.000000	0.000000	0.490123	0.000000
51	tsk_51	(x)	1	:	0.216005	0.000003	0.000000	0.000000	0.194968	0.000000	0.000000	0.000000	0.099439	0.000000	0.000000	0.000000	0.489584	0.000000
52	tsk_52	(x)	1	:	0.271923	0.000003	0.000000	0.000000	0.168375	0.000000	0.000000	0.000000	0.070115	0.000000	0.000000	0.000000	0.489584	0.000000
53	tsk_53	(x)	1	:	0.261482	0.000002	0.000000	0.000000	0.177389	0.000000	0.000000	0.000000	0.071542	0.000000	0.000000	0.000000	0.489584	0.000000
54	tsk_54	(x)	1	:	0.000000	0.000000	0.000000	0.000000	0.000000	0.000000	0.000000	0.000000	0.000000	0.000000	0.000000	0.000000	1.000000	0.000000
55	tsk_55	(x)	1	:	0.344395	0.000003	0.000000	0.000000	0.125101	0.000000	0.000000	0.000000	0.040916	0.000000	0.000000	0.000000	0.489584	0.000000
56	tsk_56	(x)	1	:	0.000000	0.000000	0.000000	0.000000	0.000000	0.000000	0.000000	0.000000	0.000000	0.000000	0.000000	0.000000	1.000000	0.000000
57	tsk_57	(x)	1	:	0.000000	0.000000	0.000000	0.000000	0.000000	0.000000	0.000000	0.000000	0.000000	0.000000	0.000000	0.000000	0.490882	0.509118
58	tsk_58	(x)	1	:	0.261976	0.000002	0.000000	0.000000	0.189079	0.000000	0.000000	0.000000	0.059358	0.000000	0.000000	0.000000	0.489584	0.000000
59	tsk_59	(x)	1	:	0.003054	0.000000	0.000000	0.000000	0.003402	0.503159	0.000000	0.000000	0.000356	0.000000	0.000000	0.000000	0.490029	0.000000
60	tsk_60	(x)	1	:	0.000000	0.000000	0.000000	0.000000	0.000000	0.000000	0.000000	0.000000	0.000000	0.000000	0.000000	0.000000	1.000000	0.000000
61	tsk_61	(x)	1	:	0.000000	0.000000	0.000000	1.000000	0.000000	0.000000	0.000000	0.000000	0.000000	0.000000	0.000000	0.000000	0.000000	0.000000
62	tsk_62	(x)	1	:	0.206512	0.000000	0.000000	0.498893	0.235637	0.000000	0.000000	0.000000	0.057410	0.000000	0.000000	0.000000	0.000000	0.001549
63	tsk_63	(x)	1	:	0.000000	0.000000	0.000000	0.500359	0.000000	0.000000	0.000000	0.488831	0.000000	0.000000	0.000000	0.000000	0.000000	0.010810
64	tsk_64	(x)	1	:	0.068167	0.000004	0.000000	0.000000	0.201462	0.000000	0.000000	0.000000	0.232920	0.000000	0.497447	0.000000	0.000000	0.000000
65	tsk_65	(x)	1	:	0.000000	0.000000	0.000000	1.000000	0.000000	0.000000	0.000000	0.000000	0.000000	0.000000	0.000000	0.000000	0.000000	0.000000
66	tsk_66	(x)	1	:	0.261702	0.000003	0.000000	0.000000	0.145829	0.000000	0.000000	0.486459	0.106007	0.000000	0.000000	0.000000	0.000000	0.000000
67	tsk_67	(x)	1	:	0.000000	0.000000	0.000000	0.000000	0.000000	0.000000	0.000000	0.491682	0.000000	0.000000	0.508318	0.000000	0.000000	0.000000
68	tsk_68	(x)	1	:	0.000000	0.000000	0.000000	0.497924	0.000000	0.000000	0.000000	0.000000	0.000000	0.000000	0.497250	0.000000	0.000000	0.004826
69	tsk_69	(x)	1	:	0.443268	0.000003	0.000000	0.497416	0.019650	0.000000	0.000000	0.000000	0.036049	0.000000	0.000000	0.000000	0.000000	0.003615
70	tsk_70	(x)	1	:	0.274925	0.000003	0.000000	0.000000	0.190995	0.000000	0.000000	0.486458	0.047619	0.000000	0.000000	0.000000	0.000000	0.000000
71	tsk_71	(x)	1	:	0.000789	0.000000	0.000000	0.000000	0.000778	0.498106	0.000000	0.000000	0.003149	0.000000	0.497178	0.000000	0.000000	0.000000
72	tsk_72	(x)	1	:	0.223190	0.000001	0.000000	0.000000	0.141268	0.000000	0.000000	0.000000	0.138094	0.000000	0.497447	0.000000	0.000000	0.000000
73	tsk_73	(x)	1	:	0.034041	0.000003	0.000000	0.000000	0.089501	0.000000	0.000000	0.000000	0.379009	0.000000	0.497447	0.000000	0.000000	0.000000
74	tsk_74	(x)	1	:	0.634353	0.000000	0.000000	0.000000	0.049357	0.000000	0.000000	0.000000	0.316290	0.000000	0.000000	0.000000	0.000000	0.000000
75	tsk_75	(x)	1	:	0.102618	0.000002	0.000000	0.000000	0.093248	0.000000	0.000000	0.000000	0.306686	0.000000	0.497447	0.000000	0.000000	0.000000
76	tsk_76	(x)	1	:	0.000000	0.000000	0.000000	0.000000	0.134276	0.000000	0.000000	0.000000	0.865724	0.000000	0.000000	0.000000	0.000000	0.000000
77	tsk_77	(x)	1	:	0.204278	0.000003	0.000000	0.000000	0.172576	0.000000	0.000000	0.486455	0.136687	0.000000	0.000000	0.000000	0.000000	0.000000
78	tsk_78	(x)	1	:	0.000000	0.000000	0.000000	0.000000	0.000000	0.000000	0.000000	0.000000	0.000000	0.000000	0.494045	0.505955	0.000000	0.000000
79	tsk_79	(x)	1	:	0.994309	0.000009	0.000000	0.000000	0.005682	0.000000	0.000000	0.000000	0.000000	0.000000	0.000000	0.000000	0.000000	0.000000
80	tsk_80	(x)	1	:	0.278884	0.000002	0.000000	0.000000	0.112111	0.000000	0.000000	0.486462	0.122541	0.000000	0.000000	0.000000	0.000000	0.000000
81	tsk_81	(x)	1	:	0.000000	0.000000	0.000000	0.000000	0.000000	0.000000	0.000000	1.000000	0.000000	0.000000	0.000000	0.000000	0.000000	0.000000
82	tsk_82	(x)	1	:	0.000000	0.000000	0.000000	0.000000	0.000000	0.000000	0.000000	0.491682	0.000000	0.000000	0.508318	0.000000	0.000000	0.000000
83	tsk_83	(x)	1	:	0.000000	0.000000	0.000000	0.000000	0.000000	0.000000	0.000000	1.000000	0.000000	0.000000	0.000000	0.000000	0.000000	0.000000
84	tsk_84	(x)	1	:	0.003526	0.000000	0.000000	0.000000	0.003154	0.503834	0.000000	0.487221	0.002264	0.000000	0.000000	0.000000	0.000000	0.000000
85	tsk_85	(x)	1	:	0.000000	0.000000	0.000000	0.000000	0.000000	0.000000	0.000000	0.500862	0.000000	0.000000	0.000000	0.000000	0.499138	0.000000
86	tsk_86	(x)	1	:	0.000000	0.000000	0.000000	0.000000	0.000000	0.000000	0.000000	0.000000	0.000000	0.000000	1.000000	0.000000	0.000000	0.000000
87	tsk_87	(x)	1	:	0.000000	0.000000	0.000000	0.000000	0.000000	0.000000	0.000000	0.000000	0.000000	0.000000	0.497766	0.000000	0.000000	0.502234
88	tsk_88	(x)	1	:	0.000000	0.000000	0.000000	0.000000	0.000000	0.000000	0.000000	1.000000	0.000000	0.000000	0.000000	0.000000	0.000000	0.000000
89	tsk_89	(x)	1	:	0.967640	0.000008	0.000000	0.000000	0.007556	0.000000	0.000000	0.000000	0.024796	0.000000	0.000000	0.000000	0.000000	0.000000
90	tsk_90	(x)	1	:	0.211860	0.000004	0.000000	0.000000	0.257234	0.000000	0.000000	0.000000	0.041319	0.000000	0.000000	0.000000	0.489584	0.000000
91	tsk_91	(x)	1	:	0.000000	0.000000	0.000000	0.000000	0.000000	0.000000	0.529358	0.000000	0.000000	0.000000	0.000000	0.000000	0.000000	0.470642
92	tsk_92	(x)	1	:	0.913865	0.000009	0.000000	0.000000	0.024826	0.000000	0.000000	0.000000	0.061300	0.000000	0.000000	0.000000	0.000000	0.000000
93	tsk_93	(x)	1	:	0.459471	0.000000	0.000000	0.000000	0.012326	0.499978	0.000000	0.000000	0.028224	0.000000	0.000000	0.000000	0.000000	0.000000
94	tsk_94	(x)	1	:	0.000000	0.000000	0.000000	0.000000	0.000000	0.556740	0.443260	0.000000	0.000000	0.000000	0.000000	0.000000	0.000000	0.000000
95	tsk_95	(x)	1	:	0.926129	0.000008	0.000000	0.000000	0.011936	0.000000	0.000000	0.000000	0.061927	0.000000	0.000000	0.000000	0.000000	0.000000
96	tsk_96	(x)	1	:	0.948514	0.000009	0.000000	0.000000	0.011141	0.000000	0.000000	0.000000	0.040336	0.000000	0.000000	0.000000	0.000000	0.000000
97	tsk_97	(x)	1	:	0.566006	0.000000	0.000000	0.000000	0.000866	0.000000	0.380321	0.000000	0.052807	0.000000	0.000000	0.000000	0.000000	0.000000
98	tsk_98	(x)	1	:	0.080786	0.000001	0.000000	0.000000	0.323077	0.000000	0.000000	0.539247	0.056890	0.000000	0.000000	0.000000	0.000000	0.000000
99	tsk_99	(x)	1	:	0.920352	0.000009	0.000000	0.000000	0.033270	0.000000	0.000001	0.000000	0.046368	0.000000	0.000000	0.000000	0.000000	0.000000
100	tsk_100	(x)	1	:	0.000000	0.000000	0.000000	0.000000	0.000000	0.000000	0.000000	0.000000	0.000000	0.000000	1.000000	0.000000	0.000000	0.000000
101	tsk_101	(x)	1	:	0.222666	0.000000	0.000000	0.000000	0.258834	0.000000	0.000000	0.000000	0.018530	0.000000	0.000000	0.000000	0.000000	0.499969
102	tsk_102	(x)	1	:	0.921042	0.000007	0.000000	0.000000	0.018333	0.000000	0.000000	0.000000	0.060618	0.000000	0.000000	0.000000	0.000000	0.000000
103	tsk_103	(x)	1	:	0.000000	0.000000	0.000000	0.000000	0.000000	0.000000	0.000000	0.491682	0.000000	0.000000	0.508318	0.000000	0.000000	0.000000
104	tsk_104	(x)	1	:	0.060593	0.000001	0.000000	0.000000	0.090201	0.000000	0.000000	0.000000	0.351759	0.000000	0.497447	0.000000	0.000000	0.000000
105	tsk_105	(x)	1	:	0.312680	0.000003	0.000000	0.000000	0.149779	0.000000	0.000000	0.000000	0.037561	0.000000	0.000000	0.000000	0.000000	0.499977
106	tsk_106	(x)	1	:	0.000000	0.000000	0.000000	0.000000	0.000000	0.000000	0.000000	1.000000	0.000000	0.000000	0.000000	0.000000	0.000000	0.000000
107	tsk_107	(x)	1	:	0.296328	0.000003	0.000000	0.000000	0.146797	0.000000	0.000000	0.000000	0.028441	0.000000	0.000000	0.000000	0.528431	0.000000
108	tsk_108	(x)	1	:	0.104627	0.000003	0.000000	0.000000	0.274413	0.000000	0.000000	0.486456	0.134501	0.000000	0.000000	0.000000	0.000000	0.000000
109	tsk_109	(x)	1	:	0.000000	0.000000	0.000000	0.000000	0.000000	0.000000	0.000000	0.000000	0.000000	0.000000	0.000000	0.000000	0.000000	1.000000
110	tsk_110	(x)	1	:	0.969103	0.000007	0.000000	0.000000	0.005356	0.000000	0.000000	0.000000	0.025534	0.000000	0.000000	0.000000	0.000000	0.000000
111	tsk_111	(x)	1	:	0.945080	0.000009	0.000000	0.000000	0.003760	0.000000	0.000000	0.000000	0.051151	0.000000	0.000000	0.000000	0.000000	0.000000
112	tsk_112	(x)	1	:	0.000039	0.000000	0.999960	0.000000	0.000000	0.000000	0.000000	0.000000	0.000000	0.000000	0.000000	0.000000	0.000000	0.000000
113	tsk_113	(x)	1	:	0.000557	0.999443	0.000000	0.000000	0.000000	0.000000	0.000000	0.000000	0.000000	0.000000	0.000000	0.000000	0.000000	0.000000
114	tsk_114	(x)	1	:	0.898068	0.000007	0.000000	0.000000	0.027727	0.000000	0.000000	0.000000	0.074198	0.000000	0.000000	0.000000	0.000000	0.000000
115	tsk_115	(x)	1	:	0.834942	0.000003	0.000000	0.000000	0.034645	0.000000	0.000000	0.000000	0.130409	0.000000	0.000000	0.000000	0.000000	0.000000
116	tsk_116	(x)	1	:	0.910488	0.000009	0.000000	0.000000	0.006614	0.000000	0.000000	0.000000	0.082889	0.000000	0.000000	0.000000	0.000000	0.000000
117	tsk_117	(x)	1	:	0.199306	0.000004	0.000000	0.000000	0.161080	0.000000	0.000000	0.486452	0.153158	0.000000	0.000000	0.000000	0.000000	0.000000
118	tsk_118	(x)	1	:	0.901886	0.000000	0.000000	0.000000	0.017320	0.000000	0.000000	0.000000	0.080794	0.000000	0.000000	0.000000	0.000000	0.000000
119	tsk_119	(x)	1	:	0.953734	0.000009	0.000000	0.000000	0.007312	0.000000	0.000000	0.000000	0.038945	0.000000	0.000000	0.000000	0.000000	0.000000
120	tsk_120	(x)	1	:	0.307332	0.000000	0.000000	0.000000	0.117616	0.000000	0.000000	0.000000	0.075148	0.000000	0.000000	0.000000	0.000000	0.499904
121	tsk_121	(x)	1	:	0.955536	0.000000	0.000000	0.000000	0.017477	0.000000	0.000000	0.000000	0.026987	0.000000	0.000000	0.000000	0.000000	0.000000
122	tsk_122	(x)	1	:	0.269539	0.000003	0.000000	0.000000	0.220795	0.000000	0.000000	0.486455	0.023207	0.000000	0.000000	0.000000	0.000000	0.000000
123	tsk_123	(x)	1	:	0.955313	0.000008	0.000000	0.000000	0.005628	0.000000	0.000000	0.000000	0.039051	0.000000	0.000000	0.000000	0.000000	0.000000
124	tsk_124	(x)	1	:	0.292852	0.000002	0.000000	0.000000	0.180901	0.000000	0.000000	0.000000	0.036661	0.000000	0.000000	0.000000	0.489584	0.000000
125	tsk_125	(x)	1	:	0.961823	0.000008	0.000000	0.000000	0.006077	0.000000	0.000000	0.000000	0.032092	0.000000	0.000000	0.000000	0.000000	0.000000
126	tsk_126	(x)	1	:	0.716908	0.000000	0.000000	0.000000	0.094206	0.000000	0.000000	0.000000	0.188886	0.000000	0.000000	0.000000	0.000000	0.000000
127	tsk_127	(x)	1	:	0.883482	0.000009	0.000000	0.000000	0.012347	0.000000	0.000000	0.000000	0.104162	0.000000	0.000000	0.000000	0.000000	0.000000
128	tsk_128	(x)	1	:	0.316446	0.000003	0.000000	0.000000	0.097467	0.000000	0.000000	0.000000	0.096500	0.000000	0.000000	0.000000	0.489584	0.000000
129	tsk_129	(x)	1	:	0.000000	0.000000	0.000000	0.000000	0.000000	0.000000	0.000000	0.500862	0.000000	0.000000	0.000000	0.000000	0.499138	0.000000
130	tsk_130	(x)	1	:	0.000000	0.000000	0.491929	0.000000	0.000000	0.000000	0.000000	0.000000	0.000000	0.508071	0.000000	0.000000	0.000000	0.000000
131	tsk_131	(x)	1	:	0.000000	0.000000	0.000000	0.000000	0.000000	0.000000	0.000000	0.000000	0.000000	0.000000	0.497766	0.000000	0.000000	0.502234
132	tsk_132	(x)	1	:	0.000000	0.000000	0.000000	0.000000	0.000000	0.000000	0.000000	0.000000	0.000000	0.000000	0.000000	0.500000	0.000000	0.500000
133	tsk_133	(x)	1	:	0.000000	0.000000	0.000000	0.000000	0.000000	0.000000	0.000000	0.000000	0.000000	0.000000	0.000000	0.500000	0.000000	0.500000
134	tsk_134	(x)	1	:	0.000000	0.000000	0.000000	0.000000	0.000000	0.000000	0.000000	0.488713	0.000000	0.000000	0.000000	0.000000	0.000000	0.511287
135	tsk_135	(x)	1	:	0.385000	0.000004	0.000000	0.000000	0.085534	0.000000	0.000000	0.000000	0.029480	0.000000	0.000000	0.000000	0.000000	0.499983
136	tsk_136	(x)	1	:	0.000000	0.000000	0.000000	0.000000	0.000000	0.000000	0.000000	0.506077	0.000000	0.493923	0.000000	0.000000	0.000000	0.000000
137	tsk_137	(x)	1	:	0.000000	0.000000	0.491929	0.000000	0.000000	0.000000	0.000000	0.000000	0.000000	0.508071	0.000000	0.000000	0.000000	0.000000
138	tsk_138	(x)	1	:	0.000000	0.000000	0.000000	0.000000	0.000000	0.000000	0.000000	0.000000	0.000000	0.000000	0.000000	0.500000	0.000000	0.500000
139	tsk_139	(x)	1	:	0.000000	0.000000	0.000000	0.000000	0.000000	0.000000	0.000000	0.000000	0.000000	0.000000	0.497766	0.000000	0.000000	0.502234
140	tsk_140	(x)	1	:	0.000000	0.000000	0.000000	1.000000	0.000000	0.000000	0.000000	0.000000	0.000000	0.000000	0.000000	0.000000	0.000000	0.000000
141	tsk_141	(x)	1	:	0.000000	0.000000	0.000000	0.000000	0.000000	0.000000	0.000000	0.000000	0.000000	0.000000	0.509178	0.000000	0.490822	0.000000
142	tsk_142	(x)	1	:	0.000000	0.000000	0.000000	1.000000	0.000000	0.000000	0.000000	0.000000	0.000000	0.000000	0.000000	0.000000	0.000000	0.000000
143	tsk_143	(x)	1	:	0.300694	0.000003	0.000000	0.000000	0.179484	0.000000	0.000000	0.000000	0.019843	0.000000	0.000000	0.000000	0.000000	0.499975
144	tsk_144	(x)	1	:	0.000000	0.507918	0.000000	0.492082	0.000000	0.000000	0.000000	0.000000	0.000000	0.000000	0.000000	0.000000	0.000000	0.000000
145	tsk_145	(x)	1	:	0.000000	0.000000	0.000000	0.499858	0.000000	0.000000	0.000000	0.488667	0.000000	0.000000	0.000000	0.000000	0.000000	0.011475
146	tsk_146	(x)	1	:	0.000000	0.000000	0.000000	0.497919	0.000000	0.000000	0.000000	0.000000	0.000000	0.000000	0.497249	0.000000	0.000000	0.004833
147	tsk_147	(x)	1	:	0.000000	0.000000	0.000000	0.000000	0.000000	0.000000	0.000000	0.000000	0.000000	0.000000	0.494045	0.505955	0.000000	0.000000
148	tsk_148	(x)	1	:	0.000000	0.000000	0.000000	0.479678	0.000000	0.000000	0.000000	0.000000	0.000000	0.000000	0.000000	0.000000	0.520308	0.000014
149	tsk_149	(x)	1	:	0.046908	0.000002	0.000000	0.000000	0.108990	0.000000	0.000000	0.000000	0.346653	0.000000	0.497447	0.000000	0.000000	0.000000
