logL = -821.792387 (converged)
AIC = 3821.584774
BIC = 7100.166609

count.K
4 63 30 12 37 4 0 

