logL = -2685.719202 (converged)
AIC = 8011.438405
BIC = 11985.476993

count.K
15 13 24 24 15 38 21 

