0	tsk_0	(x)	1	:	0.000000	0.000000	0.000000	0.000000	0.481709	0.218525	0.000000	0.000000	0.000000	0.299766
1	tsk_1	(x)	1	:	0.000000	0.539265	0.000000	0.000000	0.000000	0.168249	0.000000	0.000000	0.000000	0.292486
2	tsk_2	(x)	1	:	0.000000	0.530878	0.000000	0.000000	0.468543	0.000250	0.000000	0.000000	0.000000	0.000329
3	tsk_3	(x)	1	:	0.000000	1.000000	0.000000	0.000000	0.000000	0.000000	0.000000	0.000000	0.000000	0.000000
4	tsk_4	(x)	1	:	0.471791	0.528209	0.000000	0.000000	0.000000	0.000000	0.000000	0.000000	0.000000	0.000000
5	tsk_5	(x)	1	:	0.000000	0.539265	0.000000	0.000000	0.000000	0.167604	0.000000	0.000000	0.000000	0.293131
6	tsk_6	(x)	1	:	0.000000	0.539265	0.000000	0.000000	0.000000	0.160905	0.000000	0.000000	0.000000	0.299831
7	tsk_7	(x)	1	:	0.468813	0.002692	0.000000	0.000000	0.000000	0.000000	0.528495	0.000000	0.000000	0.000000
8	tsk_8	(x)	1	:	0.000000	0.530878	0.000000	0.000000	0.468543	0.000353	0.000000	0.000000	0.000000	0.000225
9	tsk_9	(x)	1	:	0.000000	0.000000	0.000000	0.000000	0.000000	0.242364	0.458120	0.000000	0.000000	0.299516
10	tsk_10	(x)	1	:	0.000000	0.379493	0.000000	0.000000	0.419082	0.000000	0.000000	0.000000	0.201425	0.000000
11	tsk_11	(x)	1	:	0.000000	0.418034	0.000000	0.000000	0.000000	0.337864	0.000000	0.000000	0.000000	0.244101
12	tsk_12	(x)	1	:	0.000000	0.000000	0.000000	0.000000	0.000000	0.203060	0.564485	0.000000	0.000000	0.232454
13	tsk_13	(x)	1	:	0.000000	0.418034	0.000000	0.000000	0.000000	0.248043	0.000000	0.000000	0.000000	0.333923
14	tsk_14	(x)	1	:	0.000000	0.539265	0.000000	0.000000	0.000000	0.149313	0.000000	0.000000	0.000000	0.311423
15	tsk_15	(x)	1	:	0.000000	0.000000	0.000000	0.000000	0.000000	0.287692	0.000000	0.000000	0.000000	0.712308
16	tsk_16	(x)	1	:	0.000000	0.000106	0.000000	0.000000	0.000000	0.307133	0.000000	0.405435	0.000000	0.287326
17	tsk_17	(x)	1	:	0.000000	0.418034	0.000000	0.000000	0.000000	0.199947	0.000000	0.000000	0.000000	0.382018
18	tsk_18	(x)	1	:	0.000000	0.000000	0.000000	0.000000	0.000000	0.475475	0.000000	0.000000	0.000000	0.524525
19	tsk_19	(x)	1	:	0.000000	0.539265	0.000000	0.000000	0.000000	0.281284	0.000000	0.000000	0.000000	0.179451
20	tsk_20	(x)	1	:	0.000000	0.000000	0.000000	0.000000	0.447125	0.000001	0.552872	0.000000	0.000000	0.000002
21	tsk_21	(x)	1	:	0.000000	0.000000	0.000000	0.000000	0.481709	0.196182	0.000000	0.000000	0.000000	0.322109
22	tsk_22	(x)	1	:	0.000000	0.418034	0.000000	0.000000	0.000000	0.243691	0.000000	0.000000	0.000000	0.338274
23	tsk_23	(x)	1	:	0.000000	0.000000	0.507150	0.000000	0.000000	0.215847	0.000000	0.000000	0.000000	0.277003
24	tsk_24	(x)	1	:	0.000000	0.000000	0.000000	0.000000	0.447124	0.000002	0.552872	0.000000	0.000000	0.000002
25	tsk_25	(x)	1	:	0.000000	0.000000	0.000000	0.000000	0.481709	0.168507	0.000000	0.000000	0.000000	0.349785
26	tsk_26	(x)	1	:	0.000000	0.000000	0.000000	0.000000	0.000000	0.134064	0.000000	0.571475	0.000000	0.294461
27	tsk_27	(x)	1	:	0.000000	0.000000	0.000000	0.000000	0.000000	0.658341	0.000000	0.000000	0.000000	0.341659
28	tsk_28	(x)	1	:	0.000000	0.000000	0.000000	0.000000	0.000000	0.401990	0.000000	0.000000	0.000000	0.598010
29	tsk_29	(x)	1	:	0.000000	0.000000	0.000000	0.000000	0.000000	0.298859	0.000000	0.098023	0.000000	0.603119
30	tsk_30	(x)	1	:	0.000000	0.000000	0.000000	0.000000	0.767565	0.000000	0.000000	0.000000	0.232435	0.000000
31	tsk_31	(x)	1	:	0.000000	0.000000	0.000000	0.000000	0.481709	0.138167	0.000000	0.000000	0.000000	0.380124
32	tsk_32	(x)	1	:	0.000000	0.000000	0.000000	0.000000	0.481709	0.102466	0.000000	0.000000	0.000000	0.415825
33	tsk_33	(x)	1	:	0.000000	0.000000	0.474886	0.000000	0.482251	0.013473	0.000000	0.000000	0.000000	0.029391
34	tsk_34	(x)	1	:	0.000000	0.000000	0.000000	0.000000	0.586983	0.152874	0.000000	0.000000	0.000000	0.260142
35	tsk_35	(x)	1	:	0.000000	0.508312	0.000000	0.000000	0.489493	0.000000	0.000000	0.000000	0.000000	0.002194
36	tsk_36	(x)	1	:	0.000000	0.000000	0.507984	0.000000	0.484136	0.002527	0.000000	0.000000	0.000000	0.005353
37	tsk_37	(x)	1	:	0.000000	0.000000	0.000000	0.000000	0.325435	0.000000	0.391949	0.000000	0.282616	0.000000
38	tsk_38	(x)	1	:	0.000000	0.000000	0.507828	0.000000	0.483685	0.007707	0.000000	0.000000	0.000000	0.000779
39	tsk_39	(x)	1	:	0.000000	0.000000	0.000000	0.000000	1.000000	0.000000	0.000000	0.000000	0.000000	0.000000
40	tsk_40	(x)	1	:	0.426078	0.000000	0.000000	0.000000	0.000000	0.000000	0.573922	0.000000	0.000000	0.000000
41	tsk_41	(x)	1	:	0.000000	0.000000	0.000000	0.000000	0.000000	0.000000	1.000000	0.000000	0.000000	0.000000
42	tsk_42	(x)	1	:	0.426078	0.000000	0.000000	0.000000	0.000000	0.000000	0.573922	0.000000	0.000000	0.000000
43	tsk_43	(x)	1	:	0.000000	0.000000	0.000000	0.000000	0.000000	0.000000	1.000000	0.000000	0.000000	0.000000
44	tsk_44	(x)	1	:	0.000000	0.356978	0.000000	0.000000	0.000000	0.000000	0.643022	0.000000	0.000000	0.000000
45	tsk_45	(x)	1	:	0.000000	0.000000	0.507150	0.000000	0.000000	0.206211	0.000000	0.000000	0.000000	0.286639
46	tsk_46	(x)	1	:	1.000000	0.000000	0.000000	0.000000	0.000000	0.000000	0.000000	0.000000	0.000000	0.000000
47	tsk_47	(x)	1	:	0.424916	0.000000	0.000000	0.000000	0.481714	0.029866	0.000000	0.000000	0.000000	0.063504
48	tsk_48	(x)	1	:	0.000000	0.418164	0.000000	0.000000	0.481925	0.060106	0.000000	0.000000	0.000000	0.039805
49	tsk_49	(x)	1	:	0.424803	0.000000	0.506951	0.000000	0.000000	0.032471	0.000000	0.000000	0.000000	0.035776
50	tsk_50	(x)	1	:	0.000000	0.000000	0.000000	0.000000	0.000000	0.194198	0.000000	0.517090	0.000000	0.288712
51	tsk_51	(x)	1	:	0.000000	0.000000	0.000000	0.000000	0.000000	0.000000	0.000000	1.000000	0.000000	0.000000
52	tsk_52	(x)	1	:	0.000000	0.000000	0.000000	0.000000	0.000000	0.000000	0.000000	1.000000	0.000000	0.000000
53	tsk_53	(x)	1	:	0.000000	0.000000	0.000000	0.000000	0.000000	0.000000	0.000000	1.000000	0.000000	0.000000
54	tsk_54	(x)	1	:	0.000000	0.000000	0.000000	0.000000	0.000000	0.246931	0.000000	0.447201	0.000000	0.305867
55	tsk_55	(x)	1	:	0.000000	0.000000	0.496440	0.000000	0.000000	0.000000	0.000000	0.503559	0.000000	0.000001
56	tsk_56	(x)	1	:	0.000000	0.000000	0.000000	0.000000	0.000000	0.059764	0.564462	0.000000	0.303399	0.072375
57	tsk_57	(x)	1	:	0.000000	0.000000	0.000000	0.000000	0.591490	0.186628	0.000000	0.000000	0.000000	0.221882
58	tsk_58	(x)	1	:	0.517971	0.000000	0.000000	0.000000	0.000000	0.000000	0.482029	0.000000	0.000000	0.000000
59	tsk_59	(x)	1	:	0.000000	0.000000	0.000000	0.000000	0.000000	0.000000	0.569462	0.430538	0.000000	0.000000
60	tsk_60	(x)	1	:	0.000000	0.000000	0.000000	0.000000	0.000000	0.303855	0.519029	0.000000	0.000000	0.177116
61	tsk_61	(x)	1	:	0.000000	0.000000	0.000000	0.560249	0.000000	0.000000	0.001348	0.000000	0.438403	0.000000
62	tsk_62	(x)	1	:	0.000000	0.000000	0.000000	0.535472	0.000000	0.000000	0.000000	0.000000	0.000000	0.464528
63	tsk_63	(x)	1	:	0.000000	0.000000	0.000000	0.000000	0.591453	0.058117	0.000000	0.000000	0.303330	0.047101
64	tsk_64	(x)	1	:	0.000000	0.000000	0.000000	0.000000	0.000000	0.188031	0.519029	0.000000	0.000000	0.292940
65	tsk_65	(x)	1	:	0.000000	0.000000	0.000000	0.000000	1.000000	0.000000	0.000000	0.000000	0.000000	0.000000
66	tsk_66	(x)	1	:	0.000000	0.000000	0.000000	0.967361	0.000000	0.000000	0.032639	0.000000	0.000000	0.000000
67	tsk_67	(x)	1	:	0.000000	0.539265	0.000000	0.000000	0.000000	0.168813	0.000000	0.000000	0.000000	0.291922
68	tsk_68	(x)	1	:	0.000000	0.000000	0.000000	0.000000	0.000000	0.450718	0.000000	0.000000	0.303333	0.245949
69	tsk_69	(x)	1	:	0.000000	0.539286	0.000000	0.000000	0.000000	0.060883	0.000000	0.000000	0.303457	0.096374
70	tsk_70	(x)	1	:	0.526920	0.000000	0.000000	0.000000	0.323805	0.000000	0.000000	0.000000	0.149275	0.000000
71	tsk_71	(x)	1	:	0.526920	0.000000	0.000000	0.000000	0.323805	0.000000	0.000000	0.000000	0.149275	0.000000
72	tsk_72	(x)	1	:	0.582187	0.000000	0.000000	0.000000	0.000000	0.096077	0.000000	0.000000	0.303426	0.018310
73	tsk_73	(x)	1	:	0.529612	0.000000	0.000000	0.000000	0.000000	0.000000	0.470388	0.000000	0.000000	0.000000
74	tsk_74	(x)	1	:	0.497566	0.000000	0.000000	0.000000	0.481595	0.006149	0.000000	0.000000	0.000000	0.014691
75	tsk_75	(x)	1	:	0.455864	0.000000	0.000000	0.000000	0.370537	0.000000	0.000000	0.000000	0.173599	0.000000
76	tsk_76	(x)	1	:	0.497604	0.000000	0.000000	0.000000	0.000000	0.242294	0.000000	0.000000	0.000000	0.260102
77	tsk_77	(x)	1	:	1.000000	0.000000	0.000000	0.000000	0.000000	0.000000	0.000000	0.000000	0.000000	0.000000
78	tsk_78	(x)	1	:	0.000000	0.000000	0.000000	0.000000	0.000000	0.446537	0.000000	0.000000	0.000000	0.553463
79	tsk_79	(x)	1	:	0.000000	0.000000	0.474743	0.000000	0.000000	0.131951	0.000000	0.000000	0.000000	0.393306
80	tsk_80	(x)	1	:	0.000000	0.000000	0.507150	0.000000	0.000000	0.242152	0.000000	0.000000	0.000000	0.250698
81	tsk_81	(x)	1	:	0.550382	0.449618	0.000000	0.000000	0.000000	0.000000	0.000000	0.000000	0.000000	0.000000
82	tsk_82	(x)	1	:	0.000000	0.000000	0.000000	0.000000	0.000000	0.284247	0.000000	0.000000	0.303333	0.412421
83	tsk_83	(x)	1	:	0.000000	0.000000	0.000000	0.000000	0.000000	0.446533	0.000000	0.000000	0.000000	0.553467
84	tsk_84	(x)	1	:	0.000000	0.000000	0.507150	0.000000	0.000000	0.220776	0.000000	0.000000	0.000000	0.272074
85	tsk_85	(x)	1	:	0.000000	0.418034	0.000000	0.000000	0.000000	0.282562	0.000000	0.000000	0.000000	0.299403
86	tsk_86	(x)	1	:	0.000000	0.502492	0.000000	0.000000	0.000000	0.236941	0.000000	0.000000	0.000000	0.260566
87	tsk_87	(x)	1	:	0.000000	0.000000	0.000000	0.000000	0.000000	0.617498	0.000000	0.000000	0.000000	0.382502
88	tsk_88	(x)	1	:	0.497604	0.000000	0.000000	0.000000	0.000000	0.208873	0.000000	0.000000	0.000000	0.293523
89	tsk_89	(x)	1	:	0.000000	0.000000	0.000000	0.000000	0.000000	0.385459	0.000000	0.000000	0.000000	0.614541
90	tsk_90	(x)	1	:	0.000000	0.000000	0.507150	0.000000	0.000000	0.121476	0.000000	0.000000	0.000000	0.371374
91	tsk_91	(x)	1	:	0.000000	0.418879	0.507569	0.000000	0.000000	0.008550	0.000000	0.000000	0.000000	0.065002
92	tsk_92	(x)	1	:	0.000000	0.459151	0.000000	0.000000	0.000000	0.000000	0.540849	0.000000	0.000000	0.000000
93	tsk_93	(x)	1	:	0.000000	0.000000	0.507966	0.000000	0.484084	0.003831	0.000000	0.000000	0.000000	0.004119
94	tsk_94	(x)	1	:	0.000000	0.000000	0.507992	0.000000	0.484158	0.004796	0.000000	0.000000	0.000000	0.003053
95	tsk_95	(x)	1	:	0.000000	0.000000	0.000000	0.000000	1.000000	0.000000	0.000000	0.000000	0.000000	0.000000
96	tsk_96	(x)	1	:	0.468813	0.002692	0.000000	0.000000	0.000000	0.000000	0.528495	0.000000	0.000000	0.000000
97	tsk_97	(x)	1	:	0.000000	0.000000	0.000000	0.000000	0.481709	0.138830	0.000000	0.000000	0.000000	0.379461
98	tsk_98	(x)	1	:	0.000000	0.418604	0.507423	0.000000	0.000000	0.005814	0.000000	0.000000	0.000000	0.068159
99	tsk_99	(x)	1	:	0.000000	0.000000	0.507895	0.000000	0.483879	0.001511	0.000000	0.000000	0.000000	0.006715
100	tsk_100	(x)	1	:	0.000000	0.000000	0.000000	0.000000	0.000000	0.236118	0.000000	0.447201	0.000000	0.316680
101	tsk_101	(x)	1	:	0.000000	0.000000	0.000000	0.000000	0.000000	0.479575	0.000000	0.000000	0.000000	0.520425
102	tsk_102	(x)	1	:	0.000000	0.000000	0.000000	0.450015	0.000000	0.379106	0.044748	0.000000	0.000000	0.126131
103	tsk_103	(x)	1	:	0.000000	0.000000	0.000000	0.000000	0.000000	0.472252	0.000000	0.000000	0.000000	0.527748
104	tsk_104	(x)	1	:	0.000000	0.000000	0.000000	0.000000	0.000000	0.349662	0.000000	0.000000	0.000000	0.650338
105	tsk_105	(x)	1	:	0.000000	0.000000	0.000000	0.000000	0.000000	0.654313	0.000000	0.000000	0.000000	0.345687
106	tsk_106	(x)	1	:	0.000000	0.000000	0.000000	0.000000	0.000000	0.495744	0.000000	0.000000	0.000000	0.504256
107	tsk_107	(x)	1	:	0.000000	0.539265	0.000000	0.000000	0.000000	0.312169	0.000000	0.000000	0.000000	0.148566
108	tsk_108	(x)	1	:	0.582214	0.000000	0.000000	0.000000	0.000000	0.235649	0.000000	0.000000	0.000000	0.182137
109	tsk_109	(x)	1	:	0.000000	0.000000	0.000000	0.000000	0.000000	0.385532	0.000000	0.000000	0.000000	0.614468
110	tsk_110	(x)	1	:	0.000000	0.000000	0.000000	0.000000	0.000000	0.323042	0.458120	0.000000	0.000000	0.218839
111	tsk_111	(x)	1	:	0.000000	0.000000	0.000000	0.000000	0.000000	0.414055	0.000000	0.000000	0.000000	0.585944
112	tsk_112	(x)	1	:	0.000000	0.000000	0.000000	0.000000	0.000000	0.566650	0.000000	0.000000	0.000000	0.433350
113	tsk_113	(x)	1	:	0.526521	0.473479	0.000000	0.000000	0.000000	0.000000	0.000000	0.000000	0.000000	0.000000
114	tsk_114	(x)	1	:	0.000000	0.000000	0.000000	0.000000	0.473659	0.000700	0.000000	0.000000	0.524446	0.001194
115	tsk_115	(x)	1	:	0.000000	0.000000	0.000000	0.000000	0.481736	0.093355	0.000000	0.000000	0.244613	0.180296
116	tsk_116	(x)	1	:	0.000000	0.000000	0.000000	0.000000	0.481736	0.045944	0.000000	0.000000	0.244613	0.227707
117	tsk_117	(x)	1	:	0.000000	0.000000	0.000000	0.000000	0.000000	0.547097	0.000000	0.000000	0.000000	0.452903
118	tsk_118	(x)	1	:	0.543905	0.000000	0.000000	0.000000	0.000000	0.389929	0.000000	0.000000	0.000000	0.066165
119	tsk_119	(x)	1	:	0.000000	0.000000	0.000000	0.000000	0.000000	0.167293	0.458120	0.000000	0.000000	0.374587
120	tsk_120	(x)	1	:	0.497612	0.000000	0.000000	0.000000	0.000000	0.072370	0.000000	0.000000	0.303512	0.126506
121	tsk_121	(x)	1	:	0.448261	0.000000	0.000000	0.000000	0.000000	0.000000	0.551739	0.000000	0.000000	0.000000
122	tsk_122	(x)	1	:	0.471791	0.528209	0.000000	0.000000	0.000000	0.000000	0.000000	0.000000	0.000000	0.000000
123	tsk_123	(x)	1	:	1.000000	0.000000	0.000000	0.000000	0.000000	0.000000	0.000000	0.000000	0.000000	0.000000
124	tsk_124	(x)	1	:	0.000000	0.000000	0.000000	0.000000	0.000000	0.376314	0.000000	0.000000	0.303333	0.320353
125	tsk_125	(x)	1	:	0.471791	0.528209	0.000000	0.000000	0.000000	0.000000	0.000000	0.000000	0.000000	0.000000
126	tsk_126	(x)	1	:	0.497604	0.000000	0.000000	0.000000	0.000000	0.226042	0.000000	0.000000	0.000000	0.276354
127	tsk_127	(x)	1	:	0.000000	0.000000	0.000000	0.000000	0.000000	0.000076	0.000000	0.000000	0.999923	0.000000
128	tsk_128	(x)	1	:	0.000000	0.000000	0.000000	0.000000	0.000000	0.445808	0.000000	0.000000	0.000000	0.554192
129	tsk_129	(x)	1	:	0.000000	0.418714	0.507482	0.000000	0.000000	0.007235	0.000000	0.000000	0.000000	0.066569
130	tsk_130	(x)	1	:	0.000000	0.000000	0.000000	0.000000	0.000000	0.362298	0.000000	0.000000	0.303333	0.334370
131	tsk_131	(x)	1	:	0.000000	0.539265	0.000000	0.000000	0.000000	0.197393	0.000000	0.000000	0.000000	0.263342
132	tsk_132	(x)	1	:	0.000000	0.419432	0.507864	0.000000	0.000000	0.052924	0.000000	0.000000	0.000000	0.019780
133	tsk_133	(x)	1	:	0.000000	0.418034	0.000000	0.000000	0.000000	0.190861	0.000000	0.000000	0.000000	0.391104
134	tsk_134	(x)	1	:	0.000000	0.000000	0.000000	0.000000	0.000000	0.241770	0.458120	0.000000	0.000000	0.300110
135	tsk_135	(x)	1	:	0.000000	0.000000	0.000000	0.000000	0.000000	0.000000	1.000000	0.000000	0.000000	0.000000
136	tsk_136	(x)	1	:	0.000000	0.000000	0.000000	0.000000	0.000000	0.377067	0.000000	0.000000	0.000000	0.622933
137	tsk_137	(x)	1	:	0.000000	0.675091	0.000000	0.000000	0.000000	0.000000	0.324909	0.000000	0.000000	0.000000
138	tsk_138	(x)	1	:	0.000000	0.000000	0.506836	0.000000	0.000000	0.009524	0.457880	0.000000	0.000000	0.025759
139	tsk_139	(x)	1	:	0.000000	0.000000	0.000000	0.000000	0.000000	0.412885	0.000000	0.000000	0.303333	0.283782
140	tsk_140	(x)	1	:	0.497604	0.000000	0.000000	0.000000	0.000000	0.327299	0.000000	0.000000	0.000000	0.175097
141	tsk_141	(x)	1	:	0.497604	0.000000	0.000000	0.000000	0.000000	0.336545	0.000000	0.000000	0.000000	0.165851
142	tsk_142	(x)	1	:	0.000000	0.000000	0.000000	0.000000	0.000000	0.572700	0.000000	0.000000	0.000000	0.427300
143	tsk_143	(x)	1	:	0.000000	0.000000	0.000000	0.000000	0.000000	0.417732	0.000000	0.000000	0.000000	0.582268
144	tsk_144	(x)	1	:	0.424913	0.000000	0.000000	0.000000	0.000000	0.305003	0.000000	0.000000	0.000000	0.270085
145	tsk_145	(x)	1	:	0.000000	0.000000	0.000000	0.000000	0.000000	0.350119	0.000000	0.000000	0.000000	0.649881
146	tsk_146	(x)	1	:	0.000000	0.000000	0.000000	0.000000	0.000000	0.392003	0.000000	0.000000	0.000000	0.607997
147	tsk_147	(x)	1	:	0.000000	0.000000	0.000000	0.000000	0.000000	0.596361	0.000000	0.000000	0.000000	0.403639
148	tsk_148	(x)	1	:	0.000000	0.000000	0.000000	0.000000	0.000000	0.417254	0.000000	0.000000	0.000000	0.582746
149	tsk_149	(x)	1	:	0.000000	0.000000	0.000000	0.000000	0.000000	0.645124	0.000000	0.000000	0.000000	0.354876
