0	tsk_0	(x)	1	:	0.000000	0.000074	0.000000	0.000002	0.000071	0.000000	0.495627	0.000000	0.000661	0.502781	0.000000	0.000195	0.000589	0.000000
1	tsk_1	(x)	1	:	0.000000	0.000010	0.000000	0.000002	0.123392	0.000000	0.000000	0.000000	0.147921	0.000000	0.499998	0.041050	0.187628	0.000000
2	tsk_2	(x)	1	:	0.000000	0.000000	0.000000	0.000001	0.000088	0.000000	0.000000	0.000000	0.000182	0.000000	0.499819	0.000341	0.000125	0.499444
3	tsk_3	(x)	1	:	0.000000	0.000073	0.000000	0.000002	0.000477	0.000000	0.495562	0.000000	0.000290	0.502141	0.000000	0.000669	0.000787	0.000000
4	tsk_4	(x)	1	:	0.000000	0.000000	0.000000	0.000000	0.000000	0.000000	0.000000	0.000000	0.000000	1.000000	0.000000	0.000000	0.000000	0.000000
5	tsk_5	(x)	1	:	0.000000	0.000000	0.000000	0.000000	0.119671	0.000000	0.000000	0.000000	0.187093	0.000000	0.000000	0.320641	0.372595	0.000000
6	tsk_6	(x)	1	:	0.000000	0.433553	0.000000	0.000000	0.023425	0.000000	0.000000	0.000000	0.011282	0.499348	0.000000	0.012069	0.020323	0.000000
7	tsk_7	(x)	1	:	0.000000	0.000000	0.000000	0.000000	0.000000	0.000000	0.000000	0.000000	0.000000	0.000000	1.000000	0.000000	0.000000	0.000000
8	tsk_8	(x)	1	:	0.000000	0.000007	0.000000	0.000001	0.064100	0.000000	0.000000	0.000000	0.083044	0.000000	0.499999	0.023138	0.329712	0.000000
9	tsk_9	(x)	1	:	0.000000	0.000015	0.000000	0.000001	0.089698	0.000000	0.000000	0.000000	0.073698	0.000000	0.499997	0.000000	0.336590	0.000000
10	tsk_10	(x)	1	:	0.000000	0.000007	0.000000	0.000001	0.056684	0.000000	0.000000	0.000000	0.124060	0.000000	0.499998	0.191760	0.127489	0.000000
11	tsk_11	(x)	1	:	0.000000	0.000000	0.000000	0.000000	0.038406	0.000000	0.000000	0.000000	0.110541	0.500000	0.000000	0.160906	0.190147	0.000000
12	tsk_12	(x)	1	:	0.000000	0.000000	0.000000	0.000000	0.000000	0.000000	0.000000	1.000000	0.000000	0.000000	0.000000	0.000000	0.000000	0.000000
13	tsk_13	(x)	1	:	0.000000	0.000003	0.000000	0.000000	0.002792	0.000000	0.000000	0.000000	0.002696	0.492498	0.499259	0.001185	0.001565	0.000000
14	tsk_14	(x)	1	:	0.000000	0.000000	0.000000	0.000000	0.231639	0.000000	0.000000	0.000000	0.204846	0.000000	0.000000	0.317621	0.245894	0.000000
15	tsk_15	(x)	1	:	0.000000	0.000000	0.000000	0.000000	0.070158	0.409136	0.000000	0.499738	0.006442	0.000000	0.000000	0.010071	0.004454	0.000000
16	tsk_16	(x)	1	:	0.000000	0.000000	0.000000	0.000000	0.000000	0.000000	0.000000	1.000000	0.000000	0.000000	0.000000	0.000000	0.000000	0.000000
17	tsk_17	(x)	1	:	0.000000	0.000000	0.000000	0.000000	0.068620	0.000000	0.000000	0.000000	0.167738	0.000000	0.000000	0.230911	0.532731	0.000000
18	tsk_18	(x)	1	:	0.000000	0.000023	0.000000	0.000001	0.113034	0.000000	0.000000	0.000000	0.189845	0.000000	0.499997	0.052450	0.144649	0.000000
19	tsk_19	(x)	1	:	0.000000	0.000008	0.000000	0.000000	0.416448	0.000000	0.000000	0.499996	0.012792	0.000000	0.000000	0.027960	0.042796	0.000000
20	tsk_20	(x)	1	:	0.000000	0.000000	0.166724	0.000000	0.089400	0.000000	0.000000	0.000000	0.219234	0.000000	0.000000	0.208639	0.316003	0.000000
21	tsk_21	(x)	1	:	0.000000	0.000000	0.000000	0.000000	0.105476	0.000000	0.000000	0.000000	0.221599	0.000000	0.000000	0.341619	0.331305	0.000000
22	tsk_22	(x)	1	:	0.000000	0.000000	0.000000	0.000000	0.161104	0.000000	0.000000	0.000000	0.516711	0.000000	0.000000	0.322186	0.000000	0.000000
23	tsk_23	(x)	1	:	0.000000	0.000000	0.166724	0.000000	0.042200	0.000000	0.000000	0.000000	0.180452	0.000000	0.000000	0.397338	0.213285	0.000000
24	tsk_24	(x)	1	:	0.000000	0.000005	0.514704	0.000000	0.026852	0.000000	0.000000	0.000000	0.111820	0.000000	0.000000	0.245757	0.100862	0.000000
25	tsk_25	(x)	1	:	0.000000	0.000000	0.000000	0.000000	0.139507	0.000000	0.000000	0.000000	0.266943	0.000000	0.000000	0.275897	0.317654	0.000000
26	tsk_26	(x)	1	:	0.000000	0.000000	0.000000	0.000000	0.038807	0.000000	0.000000	0.000000	0.298470	0.000000	0.000000	0.306930	0.355793	0.000000
27	tsk_27	(x)	1	:	0.000000	0.000000	0.000000	0.000000	0.000000	0.000000	0.000000	0.000000	0.248717	0.000000	0.000000	0.382922	0.368361	0.000000
28	tsk_28	(x)	1	:	0.000000	0.000000	0.000000	0.000000	0.140142	0.000000	0.000000	0.000000	0.603095	0.000000	0.000000	0.077354	0.179409	0.000000
29	tsk_29	(x)	1	:	0.000000	0.000000	0.000000	0.000000	0.091455	0.000000	0.000000	0.000000	0.187197	0.000000	0.000000	0.386420	0.334928	0.000000
30	tsk_30	(x)	1	:	0.000000	0.000066	0.000000	0.000000	0.044662	0.000000	0.502100	0.000000	0.088694	0.000000	0.000000	0.095569	0.268774	0.000135
31	tsk_31	(x)	1	:	0.000000	0.000000	0.000000	0.000000	0.000000	0.000000	1.000000	0.000000	0.000000	0.000000	0.000000	0.000000	0.000000	0.000000
32	tsk_32	(x)	1	:	0.000000	0.000017	0.000000	0.000001	0.044267	0.000000	0.000000	0.000000	0.179057	0.000000	0.499997	0.050763	0.225897	0.000000
33	tsk_33	(x)	1	:	0.000000	0.434172	0.000000	0.000000	0.155826	0.000000	0.000000	0.000000	0.167888	0.000000	0.000000	0.088414	0.153701	0.000000
34	tsk_34	(x)	1	:	0.000000	0.000000	0.000000	0.000000	0.000000	0.000000	0.512371	0.000000	0.000000	0.000000	0.487629	0.000000	0.000000	0.000000
35	tsk_35	(x)	1	:	0.000000	0.000000	0.000000	0.000000	0.000000	0.000000	1.000000	0.000000	0.000000	0.000000	0.000000	0.000000	0.000000	0.000000
36	tsk_36	(x)	1	:	0.000000	0.000097	0.000000	0.000000	0.138688	0.000000	0.502099	0.000000	0.068745	0.000000	0.000000	0.122977	0.167218	0.000175
37	tsk_37	(x)	1	:	0.000000	0.000000	0.293396	0.000004	0.023595	0.000000	0.000000	0.000000	0.036616	0.000109	0.461874	0.150016	0.034390	0.000000
38	tsk_38	(x)	1	:	0.000000	0.000000	0.000000	0.000000	0.000000	0.000000	0.000000	0.000000	0.000000	0.000000	1.000000	0.000000	0.000000	0.000000
39	tsk_39	(x)	1	:	0.000000	0.000000	0.000000	0.000000	0.000000	0.000000	0.000000	0.000000	0.000000	0.000000	1.000000	0.000000	0.000000	0.000000
40	tsk_40	(x)	1	:	0.000000	0.000077	0.000000	0.531054	0.074125	0.000000	0.000000	0.000000	0.095615	0.000000	0.000000	0.012549	0.286580	0.000000
41	tsk_41	(x)	1	:	0.000000	0.000000	0.000000	0.000000	0.054265	0.000000	0.000000	0.000000	0.271084	0.000000	0.000000	0.221875	0.452776	0.000000
42	tsk_42	(x)	1	:	0.000000	0.532245	0.000000	0.000000	0.000000	0.000000	0.467755	0.000000	0.000000	0.000000	0.000000	0.000000	0.000000	0.000000
43	tsk_43	(x)	1	:	0.000000	0.000000	0.000000	0.000000	0.018843	0.000000	0.000000	0.000000	0.286433	0.000000	0.000000	0.352275	0.342448	0.000000
44	tsk_44	(x)	1	:	0.000000	0.000000	0.000000	0.000000	0.106054	0.000000	0.000000	0.000000	0.334935	0.000000	0.000000	0.259085	0.299926	0.000000
45	tsk_45	(x)	1	:	0.000000	0.000000	0.166724	0.000000	0.039395	0.000000	0.000000	0.000000	0.158427	0.000000	0.000000	0.286786	0.348668	0.000000
46	tsk_46	(x)	1	:	0.000000	0.000000	0.000000	0.531061	0.034012	0.000000	0.000000	0.000000	0.029323	0.000000	0.000000	0.015431	0.390174	0.000000
47	tsk_47	(x)	1	:	0.485438	0.000000	0.000000	0.000000	0.038879	0.000000	0.000000	0.000000	0.137166	0.000000	0.000000	0.080708	0.257810	0.000000
48	tsk_48	(x)	1	:	0.000000	0.000000	0.200003	0.475078	0.036510	0.000000	0.000000	0.000000	0.065094	0.000000	0.000000	0.223315	0.000000	0.000000
49	tsk_49	(x)	1	:	0.000000	0.000000	0.000000	0.000000	0.119736	0.000000	0.000000	0.000000	0.219149	0.000000	0.000000	0.225514	0.435600	0.000000
50	tsk_50	(x)	1	:	0.480758	0.000000	0.000000	0.000000	0.018451	0.000000	0.000000	0.497686	0.001714	0.000000	0.000000	0.000753	0.000638	0.000000
51	tsk_51	(x)	1	:	0.485438	0.000000	0.000000	0.000000	0.015599	0.000000	0.000000	0.000000	0.171058	0.000000	0.000000	0.199174	0.128731	0.000000
52	tsk_52	(x)	1	:	0.485438	0.000000	0.000000	0.000000	0.051890	0.000000	0.000000	0.000000	0.000000	0.000000	0.000000	0.253281	0.209391	0.000000
53	tsk_53	(x)	1	:	0.000000	0.000000	0.000000	0.000000	0.034112	0.000000	0.000000	0.000000	0.148509	0.500000	0.000000	0.159053	0.158326	0.000000
54	tsk_54	(x)	1	:	0.485469	0.142033	0.296199	0.000000	0.006949	0.000000	0.000000	0.000000	0.021872	0.000000	0.000000	0.039501	0.007976	0.000000
55	tsk_55	(x)	1	:	0.000000	0.000007	0.000000	0.000001	0.072798	0.000000	0.000000	0.000000	0.114037	0.000000	0.499998	0.157212	0.155946	0.000000
56	tsk_56	(x)	1	:	0.000000	0.000004	0.000000	0.000000	0.393853	0.000000	0.000000	0.499998	0.040675	0.000000	0.000000	0.065470	0.000000	0.000000
57	tsk_57	(x)	1	:	0.000000	0.000007	0.000000	0.000000	0.316746	0.000000	0.000000	0.499996	0.075413	0.000000	0.000000	0.022798	0.085038	0.000000
58	tsk_58	(x)	1	:	0.480990	0.000008	0.000000	0.000000	0.016520	0.000000	0.000000	0.497796	0.003092	0.000000	0.000000	0.000000	0.001594	0.000000
59	tsk_59	(x)	1	:	0.000000	0.143578	0.295646	0.000000	0.000001	0.000000	0.000000	0.560774	0.000000	0.000000	0.000000	0.000000	0.000000	0.000000
60	tsk_60	(x)	1	:	0.000000	0.000000	0.000000	0.000000	0.059677	0.000000	0.000000	0.000000	0.311829	0.000000	0.000000	0.256220	0.372274	0.000000
61	tsk_61	(x)	1	:	0.329082	0.000000	0.000000	0.000000	0.070787	0.000000	0.000000	0.000000	0.083374	0.000000	0.000000	0.214266	0.302490	0.000000
62	tsk_62	(x)	1	:	0.000000	0.000018	0.000000	0.000002	0.088138	0.000000	0.000000	0.000000	0.145806	0.000000	0.499997	0.082432	0.183608	0.000000
63	tsk_63	(x)	1	:	0.329082	0.000000	0.000000	0.000000	0.051858	0.000000	0.000000	0.000000	0.153449	0.000000	0.000000	0.158160	0.307452	0.000000
64	tsk_64	(x)	1	:	0.000000	0.000000	0.000000	0.000000	0.157038	0.000000	0.000000	0.000000	0.220204	0.000000	0.000000	0.226630	0.396128	0.000000
65	tsk_65	(x)	1	:	0.000000	0.000000	0.000000	0.000000	0.071567	0.000000	0.000000	0.000000	0.380378	0.000000	0.000000	0.223748	0.324307	0.000000
66	tsk_66	(x)	1	:	0.000000	0.000018	0.000000	0.000002	0.103301	0.000000	0.000000	0.000000	0.106653	0.000000	0.499997	0.106642	0.183387	0.000000
67	tsk_67	(x)	1	:	0.000000	0.000000	0.000000	0.000000	0.081037	0.000000	0.000000	0.000000	0.166610	0.000000	0.000000	0.258206	0.494147	0.000000
68	tsk_68	(x)	1	:	0.000000	0.000000	0.000000	0.000000	0.043427	0.000000	0.000000	0.000000	0.265383	0.000000	0.000000	0.136372	0.554817	0.000000
69	tsk_69	(x)	1	:	0.000000	0.000000	0.000000	0.000000	0.089444	0.000000	0.000000	0.000000	0.286887	0.000000	0.000000	0.395747	0.227922	0.000000
70	tsk_70	(x)	1	:	0.485438	0.000000	0.000000	0.000000	0.030451	0.000000	0.000000	0.000000	0.200224	0.000000	0.000000	0.157234	0.126653	0.000000
71	tsk_71	(x)	1	:	0.342686	0.000000	0.000000	0.000000	0.000008	0.235416	0.000000	0.421883	0.000002	0.000000	0.000000	0.000002	0.000003	0.000000
72	tsk_72	(x)	1	:	0.000000	0.000000	0.000000	0.000000	0.065995	0.000000	0.000000	0.000000	0.215458	0.000000	0.000000	0.332294	0.386254	0.000000
73	tsk_73	(x)	1	:	0.000000	0.000000	0.000000	0.000000	0.132173	0.000000	0.000000	0.000000	0.203576	0.000000	0.000000	0.422266	0.241985	0.000000
74	tsk_74	(x)	1	:	0.485438	0.000000	0.000000	0.000000	0.047901	0.000000	0.000000	0.000000	0.204856	0.000000	0.000000	0.144125	0.117681	0.000000
75	tsk_75	(x)	1	:	0.482943	0.000004	0.000000	0.000001	0.001680	0.000000	0.000000	0.000000	0.005002	0.000000	0.499756	0.003189	0.007426	0.000000
76	tsk_76	(x)	1	:	0.000000	0.000000	0.000000	0.498362	0.085931	0.000000	0.000000	0.000000	0.103312	0.000000	0.000000	0.088676	0.223719	0.000000
77	tsk_77	(x)	1	:	1.000000	0.000000	0.000000	0.000000	0.000000	0.000000	0.000000	0.000000	0.000000	0.000000	0.000000	0.000000	0.000000	0.000000
78	tsk_78	(x)	1	:	0.000000	0.000022	0.000000	0.000000	0.059871	0.000000	0.000001	0.000000	0.198066	0.000000	0.499997	0.039551	0.202492	0.000000
79	tsk_79	(x)	1	:	0.000000	0.000000	0.000000	0.000000	0.068331	0.000000	0.000000	0.000000	0.158394	0.000000	0.000000	0.270789	0.502485	0.000000
80	tsk_80	(x)	1	:	0.000000	0.000022	0.000000	0.000000	0.109594	0.000000	0.000000	0.000000	0.140831	0.000000	0.499998	0.106351	0.143204	0.000000
81	tsk_81	(x)	1	:	0.000000	0.500000	0.000000	0.000000	0.079121	0.000000	0.000000	0.000000	0.034965	0.000000	0.000000	0.256190	0.129724	0.000000
82	tsk_82	(x)	1	:	0.000000	0.000000	0.000000	0.000000	0.042981	0.409595	0.000000	0.000000	0.121917	0.000000	0.000000	0.251219	0.174289	0.000000
83	tsk_83	(x)	1	:	0.000000	0.000000	0.000000	0.000000	0.037441	0.000000	0.000000	0.000000	0.109971	0.500000	0.000000	0.197008	0.155580	0.000000
84	tsk_84	(x)	1	:	0.000000	0.000000	0.000000	0.000000	0.201630	0.000000	0.000000	0.000000	0.183534	0.000000	0.000000	0.285509	0.329327	0.000000
85	tsk_85	(x)	1	:	0.000000	0.000000	0.000000	0.000000	0.012631	0.409134	0.000000	0.000000	0.043012	0.000000	0.499951	0.014620	0.020652	0.000000
86	tsk_86	(x)	1	:	0.000000	0.000000	0.166724	0.000000	0.000000	0.000000	0.000000	0.000000	0.169443	0.000000	0.000000	0.427211	0.236621	0.000000
87	tsk_87	(x)	1	:	0.000000	0.308111	0.000000	0.000000	0.040529	0.000000	0.000000	0.000000	0.041778	0.000000	0.458804	0.106741	0.044037	0.000000
88	tsk_88	(x)	1	:	0.000000	0.425859	0.000000	0.000000	0.191275	0.000000	0.000000	0.287070	0.021330	0.000000	0.000000	0.042735	0.031731	0.000000
89	tsk_89	(x)	1	:	0.000000	0.000000	0.000000	0.000000	0.146305	0.000000	0.000000	0.000000	0.403550	0.000000	0.000000	0.208201	0.241944	0.000000
90	tsk_90	(x)	1	:	0.000000	0.000000	0.000000	0.527931	0.000000	0.000000	0.000000	0.000000	0.000000	0.472069	0.000000	0.000000	0.000000	0.000000
91	tsk_91	(x)	1	:	0.000000	0.000000	0.000000	0.526293	0.000000	0.000000	0.000000	0.000000	0.000000	0.473707	0.000000	0.000000	0.000000	0.000000
92	tsk_92	(x)	1	:	0.000000	0.196534	0.296440	0.000000	0.000000	0.000000	0.000000	0.000000	0.000000	0.000000	0.507026	0.000000	0.000000	0.000000
93	tsk_93	(x)	1	:	0.000000	0.000000	0.000000	0.000000	0.074755	0.000000	0.000000	0.000000	0.224449	0.500000	0.000000	0.121504	0.079293	0.000000
94	tsk_94	(x)	1	:	0.000000	0.000000	0.000000	0.000000	0.000000	0.000000	0.000000	0.000000	0.293500	0.500000	0.000000	0.105194	0.101306	0.000000
95	tsk_95	(x)	1	:	0.000000	0.000000	0.000000	0.000000	0.000000	0.000000	0.000000	0.000000	0.000000	1.000000	0.000000	0.000000	0.000000	0.000000
96	tsk_96	(x)	1	:	0.000000	0.000000	0.000000	0.529238	0.065752	0.000000	0.000000	0.000000	0.175517	0.000000	0.000000	0.156830	0.072663	0.000000
97	tsk_97	(x)	1	:	0.000000	0.000000	0.514706	0.000000	0.076060	0.000000	0.000000	0.000000	0.043780	0.000000	0.000000	0.333510	0.031945	0.000000
98	tsk_98	(x)	1	:	1.000000	0.000000	0.000000	0.000000	0.000000	0.000000	0.000000	0.000000	0.000000	0.000000	0.000000	0.000000	0.000000	0.000000
99	tsk_99	(x)	1	:	1.000000	0.000000	0.000000	0.000000	0.000000	0.000000	0.000000	0.000000	0.000000	0.000000	0.000000	0.000000	0.000000	0.000000
100	tsk_100	(x)	1	:	0.000000	0.143654	0.295618	0.000000	0.000000	0.000000	0.000000	0.560720	0.000000	0.000000	0.000000	0.000008	0.000000	0.000000
101	tsk_101	(x)	1	:	0.000000	0.492440	0.000000	0.000000	0.000000	0.000000	0.000000	0.000000	0.000000	0.000000	0.507560	0.000000	0.000000	0.000000
102	tsk_102	(x)	1	:	0.000000	1.000000	0.000000	0.000000	0.000000	0.000000	0.000000	0.000000	0.000000	0.000000	0.000000	0.000000	0.000000	0.000000
103	tsk_103	(x)	1	:	0.000000	0.000009	0.000000	0.000000	0.000000	0.000000	0.000000	0.499992	0.000000	0.000000	0.499999	0.000000	0.000000	0.000000
104	tsk_104	(x)	1	:	0.000000	0.434171	0.000000	0.000000	0.000000	0.000000	0.000000	0.565829	0.000000	0.000000	0.000000	0.000000	0.000000	0.000000
105	tsk_105	(x)	1	:	0.485169	0.433910	0.000000	0.000000	0.020422	0.000000	0.000000	0.000000	0.022950	0.000000	0.000000	0.022200	0.015350	0.000000
106	tsk_106	(x)	1	:	0.000000	0.434172	0.000000	0.000000	0.032679	0.000000	0.000000	0.000000	0.241101	0.000000	0.000000	0.175985	0.116063	0.000000
107	tsk_107	(x)	1	:	0.000000	0.433461	0.000000	0.000000	0.011454	0.000000	0.000000	0.000000	0.000000	0.499250	0.000000	0.018825	0.037009	0.000000
108	tsk_108	(x)	1	:	0.000000	0.000006	0.000000	0.000000	0.320816	0.000000	0.000000	0.499997	0.033934	0.000000	0.000000	0.055243	0.090003	0.000000
109	tsk_109	(x)	1	:	0.000000	0.434171	0.000000	0.000000	0.000000	0.000000	0.000000	0.565829	0.000000	0.000000	0.000000	0.000000	0.000000	0.000000
110	tsk_110	(x)	1	:	1.000000	0.000000	0.000000	0.000000	0.000000	0.000000	0.000000	0.000000	0.000000	0.000000	0.000000	0.000000	0.000000	0.000000
111	tsk_111	(x)	1	:	0.000000	0.000000	0.000000	0.000000	0.057208	0.000000	0.000000	0.000000	0.423337	0.000000	0.000000	0.375016	0.144438	0.000000
112	tsk_112	(x)	1	:	1.000000	0.000000	0.000000	0.000000	0.000000	0.000000	0.000000	0.000000	0.000000	0.000000	0.000000	0.000000	0.000000	0.000000
113	tsk_113	(x)	1	:	0.485438	0.000000	0.000000	0.000000	0.043134	0.000000	0.000000	0.000000	0.164087	0.000000	0.000000	0.154267	0.153075	0.000000
114	tsk_114	(x)	1	:	0.000000	0.000000	0.000000	0.000000	0.035340	0.000000	0.000000	0.000000	0.263885	0.000000	0.000000	0.323704	0.377070	0.000000
115	tsk_115	(x)	1	:	0.000000	0.000000	0.000000	0.000000	0.087487	0.000000	0.000000	0.000000	0.209053	0.000000	0.000000	0.287423	0.416037	0.000000
116	tsk_116	(x)	1	:	0.485438	0.000000	0.000000	0.000000	0.032619	0.000000	0.000000	0.000000	0.222659	0.000000	0.000000	0.143910	0.115374	0.000000
117	tsk_117	(x)	1	:	1.000000	0.000000	0.000000	0.000000	0.000000	0.000000	0.000000	0.000000	0.000000	0.000000	0.000000	0.000000	0.000000	0.000000
118	tsk_118	(x)	1	:	0.485438	0.000000	0.000000	0.000000	0.032052	0.000000	0.000000	0.000000	0.091987	0.000000	0.000000	0.216946	0.173577	0.000000
119	tsk_119	(x)	1	:	0.000000	0.000000	0.000000	0.498360	0.085716	0.000000	0.000000	0.000000	0.332435	0.000000	0.000000	0.044723	0.038767	0.000000
120	tsk_120	(x)	1	:	0.486736	0.000000	0.000000	0.000000	0.000622	0.000000	0.000000	0.000000	0.001402	0.000000	0.000000	0.003293	0.002740	0.505207
121	tsk_121	(x)	1	:	0.000000	0.000000	0.000000	0.000000	0.000000	0.000000	0.000000	0.000000	0.000000	0.000000	1.000000	0.000000	0.000000	0.000000
122	tsk_122	(x)	1	:	0.000000	0.000000	0.000000	0.000000	0.000000	0.000000	0.000000	0.000000	0.000000	0.000000	1.000000	0.000000	0.000000	0.000000
123	tsk_123	(x)	1	:	0.000000	0.699053	0.300947	0.000000	0.000000	0.000000	0.000000	0.000000	0.000000	0.000000	0.000000	0.000000	0.000000	0.000000
124	tsk_124	(x)	1	:	0.000000	0.143527	0.295664	0.000000	0.089639	0.000000	0.000000	0.000000	0.140306	0.000000	0.000000	0.241861	0.089003	0.000000
125	tsk_125	(x)	1	:	0.000000	0.000013	0.000000	0.000001	0.149871	0.000000	0.000000	0.000000	0.198241	0.000000	0.499998	0.068876	0.083000	0.000000
126	tsk_126	(x)	1	:	0.000000	0.000000	0.000000	0.000000	0.000000	0.000000	0.000000	0.000000	0.000000	0.000000	1.000000	0.000000	0.000000	0.000000
127	tsk_127	(x)	1	:	0.000000	0.000009	0.000000	0.000000	0.082116	0.000000	0.000000	0.000000	0.267720	0.000000	0.499999	0.069713	0.080443	0.000000
128	tsk_128	(x)	1	:	0.000000	0.000000	0.000000	0.000000	0.000000	0.000000	0.000000	0.000000	0.000000	0.000000	1.000000	0.000000	0.000000	0.000000
129	tsk_129	(x)	1	:	0.000000	0.000000	0.000000	0.000000	0.000000	0.000000	0.000000	0.000000	0.000000	0.000000	1.000000	0.000000	0.000000	0.000000
130	tsk_130	(x)	1	:	1.000000	0.000000	0.000000	0.000000	0.000000	0.000000	0.000000	0.000000	0.000000	0.000000	0.000000	0.000000	0.000000	0.000000
131	tsk_131	(x)	1	:	0.000000	0.000000	0.000000	0.000000	0.035001	0.000000	0.518578	0.000000	0.225362	0.000000	0.000000	0.108481	0.112578	0.000000
132	tsk_132	(x)	1	:	0.000000	0.196551	0.296425	0.000000	0.000000	0.000000	0.000000	0.000000	0.000000	0.000000	0.507024	0.000000	0.000000	0.000000
133	tsk_133	(x)	1	:	1.000000	0.000000	0.000000	0.000000	0.000000	0.000000	0.000000	0.000000	0.000000	0.000000	0.000000	0.000000	0.000000	0.000000
134	tsk_134	(x)	1	:	0.000000	0.000000	0.000000	0.498361	0.066554	0.000000	0.000000	0.000000	0.122555	0.000000	0.000000	0.039996	0.272534	0.000000
135	tsk_135	(x)	1	:	0.485438	0.000000	0.000000	0.000000	0.071025	0.000000	0.000000	0.000000	0.103063	0.000000	0.000000	0.240700	0.099774	0.000000
136	tsk_136	(x)	1	:	0.000000	0.000000	0.000000	0.000000	0.060311	0.000000	0.000000	0.000000	0.248744	0.000000	0.000000	0.319740	0.371206	0.000000
137	tsk_137	(x)	1	:	0.485438	0.000000	0.000000	0.000000	0.039113	0.000000	0.000000	0.000000	0.039718	0.000000	0.000000	0.278775	0.156957	0.000000
138	tsk_138	(x)	1	:	0.000000	0.000000	0.000000	0.000000	0.158644	0.000000	0.000000	0.000000	0.284596	0.000000	0.000000	0.352066	0.204693	0.000000
139	tsk_139	(x)	1	:	0.000000	0.000000	0.000000	0.000000	0.104542	0.000000	0.000000	0.000000	0.389262	0.000000	0.000000	0.320075	0.186121	0.000000
140	tsk_140	(x)	1	:	0.485438	0.000000	0.000000	0.000000	0.025125	0.000000	0.000000	0.000000	0.104567	0.000000	0.000000	0.182205	0.202666	0.000000
141	tsk_141	(x)	1	:	0.000000	0.000000	0.000000	0.000000	0.178479	0.000000	0.000000	0.000000	0.330707	0.000000	0.000000	0.228792	0.262022	0.000000
142	tsk_142	(x)	1	:	0.000000	0.196499	0.296470	0.000000	0.000000	0.000000	0.000000	0.000000	0.000000	0.000000	0.507030	0.000000	0.000000	0.000000
143	tsk_143	(x)	1	:	0.000000	0.000000	0.000000	0.498361	0.082136	0.000000	0.000000	0.000000	0.082420	0.000000	0.000000	0.100967	0.236115	0.000000
144	tsk_144	(x)	1	:	0.000000	0.000014	0.000000	0.000001	0.026787	0.000000	0.000000	0.000000	0.225090	0.000000	0.499998	0.132755	0.115355	0.000000
145	tsk_145	(x)	1	:	0.000000	0.000000	0.000000	0.000000	0.000000	0.000000	0.000000	0.000000	0.000000	0.000000	1.000000	0.000000	0.000000	0.000000
146	tsk_146	(x)	1	:	0.000000	0.000000	0.000000	0.000000	0.088796	0.000000	0.000000	0.000000	0.206714	0.000000	0.000000	0.212578	0.491912	0.000000
147	tsk_147	(x)	1	:	0.000000	0.000004	0.000000	0.000000	0.381007	0.000000	0.000000	0.499998	0.053212	0.000000	0.000000	0.030315	0.035465	0.000000
148	tsk_148	(x)	1	:	0.000000	0.000000	0.000000	0.000000	0.151338	0.000000	0.000000	0.000000	0.322955	0.000000	0.000000	0.333423	0.192284	0.000000
149	tsk_149	(x)	1	:	0.000000	0.000000	0.000000	0.000000	0.066516	0.000000	0.000000	0.000000	0.344269	0.000000	0.000000	0.424234	0.164980	0.000000
