logL = -3350.068044 (converged)
AIC = 7220.136088
BIC = 8002.901265

count.K
20 130 

