logL = -862.032675 (converged)
AIC = 4000.065350
BIC = 7426.168314

count.K
64 5 9 14 2 25 31 

