logL = -938.888295 (converged)
AIC = 7367.776589
BIC = 15631.970472

count.K
6 59 6 1 1 1 10 1 6 5 1 3 18 29 3 

