logL = -1656.223253 (converged)
AIC = 7170.446507
BIC = 12977.961989

count.K
20 7 26 19 6 13 22 10 10 15 2 

