logL = -1578.871169 (converged)
AIC = 8767.742339
BIC = 17212.574339

count.K
18 16 18 9 4 10 10 21 0 0 5 12 14 5 8 

