0	tsk_0	(x)	1	:	0.000000	0.000000	0.310990	0.000000	0.000000	0.000000	0.000000	0.000000	0.546135	0.000000	0.142874	0.000000
1	tsk_1	(x)	1	:	0.503157	0.496843	0.000000	0.000000	0.000000	0.000000	0.000000	0.000000	0.000000	0.000000	0.000000	0.000000
2	tsk_2	(x)	1	:	0.000000	0.000000	0.104973	0.000000	0.248445	0.000000	0.529417	0.000000	0.080427	0.000000	0.036738	0.000000
3	tsk_3	(x)	1	:	0.000000	0.494465	0.114010	0.000000	0.000000	0.000000	0.000000	0.000000	0.252581	0.000000	0.138943	0.000000
4	tsk_4	(x)	1	:	0.000000	0.000000	0.365128	0.000000	0.000000	0.000000	0.000000	0.000000	0.570118	0.000000	0.064755	0.000000
5	tsk_5	(x)	1	:	0.000000	0.494465	0.112661	0.000000	0.000000	0.000000	0.000000	0.000000	0.326025	0.000000	0.066849	0.000000
6	tsk_6	(x)	1	:	0.000000	0.000000	0.112876	0.000000	0.000000	0.000000	0.528672	0.000000	0.245755	0.000000	0.112697	0.000000
7	tsk_7	(x)	1	:	0.000000	0.000000	0.000000	0.000000	0.000000	0.000000	0.480820	0.519180	0.000000	0.000000	0.000000	0.000000
8	tsk_8	(x)	1	:	0.000000	0.000000	0.336895	0.000000	0.000000	0.000000	0.000000	0.000000	0.511180	0.000000	0.151925	0.000000
9	tsk_9	(x)	1	:	0.000000	0.459537	0.000000	0.000000	0.000000	0.000000	0.540462	0.000000	0.000000	0.000000	0.000000	0.000000
10	tsk_10	(x)	1	:	0.000000	0.000000	0.140151	0.000000	0.000000	0.000000	0.528672	0.000000	0.186343	0.000000	0.144834	0.000000
11	tsk_11	(x)	1	:	0.000000	0.000000	0.346513	0.000000	0.000000	0.000000	0.000000	0.000000	0.367240	0.000000	0.286248	0.000000
12	tsk_12	(x)	1	:	0.000000	0.000000	0.417405	0.000000	0.000000	0.000000	0.000000	0.000000	0.365909	0.000000	0.216686	0.000000
13	tsk_13	(x)	1	:	0.000000	0.000000	0.301029	0.000000	0.000000	0.000000	0.000000	0.000000	0.608169	0.000000	0.090802	0.000000
14	tsk_14	(x)	1	:	0.000000	0.000000	0.000000	1.000000	0.000000	0.000000	0.000000	0.000000	0.000000	0.000000	0.000000	0.000000
15	tsk_15	(x)	1	:	0.000000	0.000000	0.192357	0.000000	0.000000	0.000000	0.528672	0.000000	0.128942	0.000000	0.150029	0.000000
16	tsk_16	(x)	1	:	0.000000	0.000000	0.000000	1.000000	0.000000	0.000000	0.000000	0.000000	0.000000	0.000000	0.000000	0.000000
17	tsk_17	(x)	1	:	0.000000	0.000000	0.209399	0.000000	0.000000	0.000000	0.000000	0.000000	0.735492	0.000000	0.055109	0.000000
18	tsk_18	(x)	1	:	0.000000	0.000000	0.000000	0.500457	0.000000	0.000000	0.499543	0.000000	0.000000	0.000000	0.000000	0.000000
19	tsk_19	(x)	1	:	0.000000	0.000000	0.287539	0.000000	0.000000	0.000000	0.000000	0.000000	0.581137	0.000000	0.131324	0.000000
20	tsk_20	(x)	1	:	0.000000	0.000000	0.321920	0.000000	0.244188	0.000000	0.000000	0.000000	0.288880	0.000000	0.145012	0.000000
21	tsk_21	(x)	1	:	0.000000	0.000000	0.269663	0.000000	0.000000	0.000000	0.000000	0.000000	0.590207	0.000000	0.140130	0.000000
22	tsk_22	(x)	1	:	0.000000	0.000000	0.212508	0.000000	0.000000	0.000000	0.000000	0.000000	0.742203	0.000000	0.045288	0.000000
23	tsk_23	(x)	1	:	0.000000	0.000000	0.273079	0.000000	0.000000	0.000000	0.000000	0.000000	0.561078	0.000000	0.165842	0.000000
24	tsk_24	(x)	1	:	0.000000	0.000000	0.374698	0.000000	0.000000	0.000000	0.000000	0.000000	0.378664	0.000000	0.246638	0.000000
25	tsk_25	(x)	1	:	0.000000	0.494465	0.121507	0.000000	0.000000	0.000000	0.000000	0.000000	0.197841	0.000000	0.186186	0.000000
26	tsk_26	(x)	1	:	0.000000	0.494465	0.066655	0.000000	0.000000	0.000000	0.000000	0.000000	0.255147	0.000000	0.183732	0.000000
27	tsk_27	(x)	1	:	0.000000	0.000000	0.179513	0.000000	0.000000	0.000000	0.000000	0.000000	0.634616	0.000000	0.185871	0.000000
28	tsk_28	(x)	1	:	0.000000	0.000000	0.288040	0.000000	0.000000	0.000000	0.000000	0.000000	0.634931	0.000000	0.077028	0.000000
29	tsk_29	(x)	1	:	0.000000	0.000000	0.302772	0.487411	0.000000	0.000000	0.000000	0.000000	0.107915	0.000000	0.101902	0.000000
30	tsk_30	(x)	1	:	0.000000	0.000000	0.141337	0.000000	0.000000	0.000000	0.490089	0.000000	0.129751	0.000000	0.238823	0.000000
31	tsk_31	(x)	1	:	0.497445	0.000000	0.175471	0.000000	0.000000	0.000000	0.000000	0.000000	0.236902	0.000000	0.090182	0.000000
32	tsk_32	(x)	1	:	0.000000	0.519224	0.237516	0.000000	0.000000	0.000000	0.000000	0.000000	0.052473	0.000000	0.190787	0.000000
33	tsk_33	(x)	1	:	0.000000	0.000000	0.077112	0.000000	0.000000	0.000000	0.490089	0.000000	0.171638	0.000000	0.261161	0.000000
34	tsk_34	(x)	1	:	0.497445	0.000000	0.048509	0.000000	0.000000	0.000000	0.000000	0.000000	0.322108	0.000000	0.131937	0.000000
35	tsk_35	(x)	1	:	0.000000	1.000000	0.000000	0.000000	0.000000	0.000000	0.000000	0.000000	0.000000	0.000000	0.000000	0.000000
36	tsk_36	(x)	1	:	0.000000	0.000000	0.000000	0.000000	0.000000	0.000000	1.000000	0.000000	0.000000	0.000000	0.000000	0.000000
37	tsk_37	(x)	1	:	0.000000	0.000000	0.203161	0.000000	0.000000	0.000000	0.490089	0.000000	0.073971	0.000000	0.232778	0.000000
38	tsk_38	(x)	1	:	0.000000	0.519224	0.101955	0.000000	0.000000	0.000000	0.000000	0.000000	0.194454	0.000000	0.184367	0.000000
39	tsk_39	(x)	1	:	0.544300	0.000000	0.167691	0.000000	0.000000	0.000000	0.000000	0.000000	0.210882	0.000000	0.077127	0.000000
40	tsk_40	(x)	1	:	0.000000	0.000000	0.236541	0.000000	0.244101	0.000000	0.000000	0.000000	0.366973	0.000000	0.152384	0.000000
41	tsk_41	(x)	1	:	0.000000	0.000000	0.323700	0.000000	0.000000	0.000000	0.000000	0.000000	0.568154	0.000000	0.108146	0.000000
42	tsk_42	(x)	1	:	0.000000	0.504577	0.000000	0.495423	0.000000	0.000000	0.000000	0.000000	0.000000	0.000000	0.000000	0.000000
43	tsk_43	(x)	1	:	0.497445	0.000000	0.097784	0.000000	0.000000	0.000000	0.000000	0.000000	0.277976	0.000000	0.126794	0.000000
44	tsk_44	(x)	1	:	0.000000	0.000000	0.000000	0.492120	0.000000	0.000000	0.000000	0.000000	0.000000	0.507880	0.000000	0.000000
45	tsk_45	(x)	1	:	0.000000	0.000000	0.255001	0.000000	0.000000	0.000000	0.000000	0.000000	0.526902	0.000000	0.218098	0.000000
46	tsk_46	(x)	1	:	0.497445	0.000000	0.091319	0.000000	0.000000	0.000000	0.000000	0.000000	0.364001	0.000000	0.047234	0.000000
47	tsk_47	(x)	1	:	0.000000	0.494465	0.115704	0.000000	0.000000	0.000000	0.000000	0.000000	0.219817	0.000000	0.170013	0.000000
48	tsk_48	(x)	1	:	0.000000	0.000000	0.391435	0.000000	0.000000	0.000000	0.000000	0.000000	0.540218	0.000000	0.068347	0.000000
49	tsk_49	(x)	1	:	0.000000	0.000000	0.334903	0.000000	0.000000	0.000000	0.000000	0.000000	0.490370	0.000000	0.174727	0.000000
50	tsk_50	(x)	1	:	0.000000	0.000000	0.001350	0.000000	0.000000	0.000000	0.490585	0.000000	0.002440	0.000000	0.002277	0.503348
51	tsk_51	(x)	1	:	0.000000	0.000000	0.182098	0.000000	0.000000	0.000000	0.490089	0.000000	0.195747	0.000000	0.132066	0.000000
52	tsk_52	(x)	1	:	0.000000	0.000000	0.120096	0.000000	0.000000	0.000000	0.490089	0.000000	0.154658	0.000000	0.235157	0.000000
53	tsk_53	(x)	1	:	0.000000	0.000000	0.135519	0.000000	0.000000	0.000000	0.490089	0.000000	0.245085	0.000000	0.129306	0.000000
54	tsk_54	(x)	1	:	0.000000	0.000000	0.000000	0.000000	0.000000	0.000000	1.000000	0.000000	0.000000	0.000000	0.000000	0.000000
55	tsk_55	(x)	1	:	0.000000	0.000000	0.080218	0.000000	0.000000	0.000000	0.490089	0.000000	0.134508	0.000000	0.295185	0.000000
56	tsk_56	(x)	1	:	0.000000	0.000000	0.000000	0.000000	0.000000	0.000000	1.000000	0.000000	0.000000	0.000000	0.000000	0.000000
57	tsk_57	(x)	1	:	0.507083	0.000000	0.000000	0.000000	0.000000	0.000000	0.492917	0.000000	0.000000	0.000000	0.000000	0.000000
58	tsk_58	(x)	1	:	0.000000	0.000000	0.134598	0.000000	0.000000	0.000000	0.490089	0.000000	0.176091	0.000000	0.199222	0.000000
59	tsk_59	(x)	1	:	0.000000	0.000000	0.001927	0.000000	0.000000	0.000000	0.490636	0.000000	0.001158	0.000000	0.002574	0.503705
60	tsk_60	(x)	1	:	0.000000	0.000000	0.000000	0.000000	0.000000	0.000000	1.000000	0.000000	0.000000	0.000000	0.000000	0.000000
61	tsk_61	(x)	1	:	0.000000	0.000000	0.000000	0.000000	0.000000	0.000000	0.000000	0.000000	0.000000	1.000000	0.000000	0.000000
62	tsk_62	(x)	1	:	0.000000	0.000000	0.189466	0.000000	0.000000	0.000000	0.000000	0.000000	0.193460	0.500000	0.117074	0.000000
63	tsk_63	(x)	1	:	0.000000	0.000000	0.000000	0.492120	0.000000	0.000000	0.000000	0.000000	0.000000	0.507880	0.000000	0.000000
64	tsk_64	(x)	1	:	0.000000	0.494465	0.194550	0.000000	0.000000	0.000000	0.000000	0.000000	0.118037	0.000000	0.192947	0.000000
65	tsk_65	(x)	1	:	0.000000	0.000000	0.000000	0.000000	0.000000	0.000000	0.000000	0.000000	0.000000	1.000000	0.000000	0.000000
66	tsk_66	(x)	1	:	0.000000	0.000000	0.235031	0.487411	0.000000	0.000000	0.000000	0.000000	0.056011	0.000000	0.221547	0.000000
67	tsk_67	(x)	1	:	0.000000	0.504577	0.000000	0.495423	0.000000	0.000000	0.000000	0.000000	0.000000	0.000000	0.000000	0.000000
68	tsk_68	(x)	1	:	0.000000	0.496177	0.000000	0.000000	0.000000	0.000000	0.000000	0.000000	0.000000	0.503823	0.000000	0.000000
69	tsk_69	(x)	1	:	0.000000	0.000000	0.075284	0.000000	0.000000	0.000000	0.000000	0.000000	0.317781	0.500000	0.106935	0.000000
70	tsk_70	(x)	1	:	0.000000	0.000000	0.171639	0.487411	0.000000	0.000000	0.000000	0.000000	0.148498	0.000000	0.192452	0.000000
71	tsk_71	(x)	1	:	0.000000	0.494702	0.000674	0.000000	0.000000	0.000000	0.000000	0.000000	0.002209	0.000000	0.001021	0.501394
72	tsk_72	(x)	1	:	0.000000	0.494465	0.074120	0.000000	0.000000	0.000000	0.000000	0.000000	0.184558	0.000000	0.246857	0.000000
73	tsk_73	(x)	1	:	0.000000	0.494465	0.100060	0.000000	0.000000	0.000000	0.000000	0.000000	0.320308	0.000000	0.085167	0.000000
74	tsk_74	(x)	1	:	0.000000	0.000000	0.291778	0.000000	0.000000	0.000000	0.000000	0.000000	0.617779	0.000000	0.090442	0.000000
75	tsk_75	(x)	1	:	0.000000	0.494465	0.219551	0.000000	0.000000	0.000000	0.000000	0.000000	0.106548	0.000000	0.179436	0.000000
76	tsk_76	(x)	1	:	0.000000	0.000000	0.335619	0.000000	0.000000	0.000000	0.000000	0.000000	0.488527	0.000000	0.175855	0.000000
77	tsk_77	(x)	1	:	0.000000	0.000000	0.315659	0.487411	0.000000	0.000000	0.000000	0.000000	0.092679	0.000000	0.104250	0.000000
78	tsk_78	(x)	1	:	0.000000	1.000000	0.000000	0.000000	0.000000	0.000000	0.000000	0.000000	0.000000	0.000000	0.000000	0.000000
79	tsk_79	(x)	1	:	0.000000	0.000000	0.106800	0.000000	0.000000	0.000000	0.000000	0.000000	0.753502	0.000000	0.139698	0.000000
80	tsk_80	(x)	1	:	0.000000	0.000000	0.232256	0.487411	0.000000	0.000000	0.000000	0.000000	0.152271	0.000000	0.128062	0.000000
81	tsk_81	(x)	1	:	0.000000	0.000000	0.000000	1.000000	0.000000	0.000000	0.000000	0.000000	0.000000	0.000000	0.000000	0.000000
82	tsk_82	(x)	1	:	0.000000	0.504577	0.000000	0.495423	0.000000	0.000000	0.000000	0.000000	0.000000	0.000000	0.000000	0.000000
83	tsk_83	(x)	1	:	0.000000	0.000000	0.000000	1.000000	0.000000	0.000000	0.000000	0.000000	0.000000	0.000000	0.000000	0.000000
84	tsk_84	(x)	1	:	0.000000	0.000000	0.004980	0.488093	0.000000	0.000000	0.000000	0.000000	0.000785	0.000000	0.003024	0.503118
85	tsk_85	(x)	1	:	0.000000	0.000000	0.000000	0.501062	0.000000	0.000000	0.498938	0.000000	0.000000	0.000000	0.000000	0.000000
86	tsk_86	(x)	1	:	0.000000	1.000000	0.000000	0.000000	0.000000	0.000000	0.000000	0.000000	0.000000	0.000000	0.000000	0.000000
87	tsk_87	(x)	1	:	0.503157	0.496843	0.000000	0.000000	0.000000	0.000000	0.000000	0.000000	0.000000	0.000000	0.000000	0.000000
88	tsk_88	(x)	1	:	0.000000	0.000000	0.000000	1.000000	0.000000	0.000000	0.000000	0.000000	0.000000	0.000000	0.000000	0.000000
89	tsk_89	(x)	1	:	0.000000	0.000000	0.411098	0.000000	0.000000	0.000000	0.000000	0.000000	0.453429	0.000000	0.135474	0.000000
90	tsk_90	(x)	1	:	0.000000	0.000000	0.132731	0.000000	0.000000	0.000000	0.490089	0.000000	0.200734	0.000000	0.176445	0.000000
91	tsk_91	(x)	1	:	0.499647	0.000000	0.000000	0.000000	0.500352	0.000000	0.000000	0.000000	0.000000	0.000000	0.000000	0.000000
92	tsk_92	(x)	1	:	0.000000	0.000000	0.402296	0.000000	0.000000	0.000000	0.000000	0.000000	0.430632	0.000000	0.167071	0.000000
93	tsk_93	(x)	1	:	0.000000	0.000000	0.074078	0.000000	0.000000	0.000000	0.000000	0.000000	0.352555	0.000000	0.074434	0.498933
94	tsk_94	(x)	1	:	0.000000	0.000000	0.043960	0.000000	0.258289	0.000000	0.000000	0.000000	0.158886	0.000000	0.059307	0.479558
95	tsk_95	(x)	1	:	0.000000	0.000000	0.278623	0.000000	0.000000	0.000000	0.000000	0.000000	0.576623	0.000000	0.144754	0.000000
96	tsk_96	(x)	1	:	0.000000	0.000000	0.041243	0.000000	0.000000	0.000000	0.000000	0.000000	0.805483	0.000000	0.153274	0.000000
97	tsk_97	(x)	1	:	0.000000	0.000000	0.178130	0.000000	0.267127	0.000000	0.000000	0.000000	0.396573	0.000000	0.158169	0.000000
98	tsk_98	(x)	1	:	0.000000	0.000000	0.215767	0.539689	0.000000	0.000000	0.000000	0.000000	0.058507	0.000000	0.186037	0.000000
99	tsk_99	(x)	1	:	0.000000	0.000000	0.309794	0.000000	0.000000	0.000000	0.000000	0.000000	0.619711	0.000000	0.070494	0.000000
100	tsk_100	(x)	1	:	0.000000	1.000000	0.000000	0.000000	0.000000	0.000000	0.000000	0.000000	0.000000	0.000000	0.000000	0.000000
101	tsk_101	(x)	1	:	0.497445	0.000000	0.267320	0.000000	0.000000	0.000000	0.000000	0.000000	0.121835	0.000000	0.113399	0.000000
102	tsk_102	(x)	1	:	0.000000	0.000000	0.374578	0.000000	0.000000	0.000000	0.000000	0.000000	0.515758	0.000000	0.109664	0.000000
103	tsk_103	(x)	1	:	0.000000	0.504577	0.000000	0.495423	0.000000	0.000000	0.000000	0.000000	0.000000	0.000000	0.000000	0.000000
104	tsk_104	(x)	1	:	0.000000	0.494465	0.117358	0.000000	0.000000	0.000000	0.000000	0.000000	0.221810	0.000000	0.166367	0.000000
105	tsk_105	(x)	1	:	0.497445	0.000000	0.143982	0.000000	0.000000	0.000000	0.000000	0.000000	0.172331	0.000000	0.186242	0.000000
106	tsk_106	(x)	1	:	0.000000	0.000000	0.000000	1.000000	0.000000	0.000000	0.000000	0.000000	0.000000	0.000000	0.000000	0.000000
107	tsk_107	(x)	1	:	0.000000	0.000000	0.158953	0.000000	0.000000	0.000000	0.528672	0.000000	0.174079	0.000000	0.138296	0.000000
108	tsk_108	(x)	1	:	0.000000	0.000000	0.250177	0.487411	0.000000	0.000000	0.000000	0.000000	0.083402	0.000000	0.179010	0.000000
109	tsk_109	(x)	1	:	1.000000	0.000000	0.000000	0.000000	0.000000	0.000000	0.000000	0.000000	0.000000	0.000000	0.000000	0.000000
110	tsk_110	(x)	1	:	0.000000	0.000000	0.463571	0.000000	0.000000	0.000000	0.000000	0.000000	0.455231	0.000000	0.081198	0.000000
111	tsk_111	(x)	1	:	0.000000	0.000000	0.245232	0.000000	0.000000	0.000000	0.000000	0.000000	0.646091	0.000000	0.108677	0.000000
112	tsk_112	(x)	1	:	0.000000	0.000000	0.227384	0.000000	0.244101	0.000000	0.000000	0.000000	0.469189	0.000000	0.059326	0.000000
113	tsk_113	(x)	1	:	0.000000	0.000000	0.254262	0.000000	0.000000	0.000000	0.000000	0.353956	0.306538	0.000000	0.085244	0.000000
114	tsk_114	(x)	1	:	0.000000	0.000000	0.250532	0.000000	0.000000	0.000000	0.000000	0.000000	0.662702	0.000000	0.086766	0.000000
115	tsk_115	(x)	1	:	0.000000	0.000000	0.355352	0.000000	0.000000	0.000000	0.000000	0.000000	0.551073	0.000000	0.093575	0.000000
116	tsk_116	(x)	1	:	0.000000	0.000000	0.520989	0.000000	0.000000	0.000000	0.000000	0.000000	0.344695	0.000000	0.134315	0.000000
117	tsk_117	(x)	1	:	0.000000	0.000000	0.281349	0.487411	0.000000	0.000000	0.000000	0.000000	0.106038	0.000000	0.125202	0.000000
118	tsk_118	(x)	1	:	0.000000	0.000000	0.249356	0.000000	0.000000	0.000000	0.000000	0.000000	0.653102	0.000000	0.097542	0.000000
119	tsk_119	(x)	1	:	0.000000	0.000000	0.198722	0.000000	0.000000	0.000000	0.000000	0.000000	0.698327	0.000000	0.102951	0.000000
120	tsk_120	(x)	1	:	0.497445	0.000000	0.091518	0.000000	0.000000	0.000000	0.000000	0.000000	0.363336	0.000000	0.047700	0.000000
121	tsk_121	(x)	1	:	0.000000	0.000000	0.355817	0.000000	0.000000	0.000000	0.000000	0.000000	0.535935	0.000000	0.108248	0.000000
122	tsk_122	(x)	1	:	0.000000	0.000000	0.211241	0.487411	0.000000	0.000000	0.000000	0.000000	0.107802	0.000000	0.193546	0.000000
123	tsk_123	(x)	1	:	0.000000	0.000000	0.337198	0.000000	0.000000	0.000000	0.000000	0.000000	0.341475	0.000000	0.321327	0.000000
124	tsk_124	(x)	1	:	0.000000	0.000000	0.119301	0.000000	0.000000	0.000000	0.490089	0.000000	0.142951	0.000000	0.247659	0.000000
125	tsk_125	(x)	1	:	0.000000	0.000000	0.349871	0.000000	0.000000	0.000000	0.000000	0.000000	0.445067	0.000000	0.205062	0.000000
126	tsk_126	(x)	1	:	0.000000	0.000000	0.260567	0.000000	0.000000	0.000000	0.000000	0.000000	0.571536	0.000000	0.167897	0.000000
127	tsk_127	(x)	1	:	0.000000	0.000000	0.317853	0.000000	0.000000	0.000000	0.000000	0.000000	0.490933	0.000000	0.191215	0.000000
128	tsk_128	(x)	1	:	0.000000	0.000000	0.046814	0.000000	0.000000	0.000000	0.490089	0.000000	0.184869	0.000000	0.278227	0.000000
129	tsk_129	(x)	1	:	0.000000	0.000000	0.000000	0.501062	0.000000	0.000000	0.498938	0.000000	0.000000	0.000000	0.000000	0.000000
130	tsk_130	(x)	1	:	0.000000	0.000000	0.091317	0.000000	0.000000	0.628667	0.000000	0.000000	0.250267	0.000000	0.029748	0.000000
131	tsk_131	(x)	1	:	0.503157	0.496843	0.000000	0.000000	0.000000	0.000000	0.000000	0.000000	0.000000	0.000000	0.000000	0.000000
132	tsk_132	(x)	1	:	0.000000	0.611862	0.000000	0.000000	0.000000	0.000000	0.000000	0.000000	0.000000	0.388138	0.000000	0.000000
133	tsk_133	(x)	1	:	0.000000	0.611862	0.000000	0.000000	0.000000	0.000000	0.000000	0.000000	0.000000	0.388138	0.000000	0.000000
134	tsk_134	(x)	1	:	0.508376	0.000000	0.000000	0.491624	0.000000	0.000000	0.000000	0.000000	0.000000	0.000000	0.000000	0.000000
135	tsk_135	(x)	1	:	0.497445	0.000000	0.015522	0.000000	0.000000	0.000000	0.000000	0.000000	0.436823	0.000000	0.050210	0.000000
136	tsk_136	(x)	1	:	0.000000	0.000000	0.000000	0.000000	0.000000	1.000000	0.000000	0.000000	0.000000	0.000000	0.000000	0.000000
137	tsk_137	(x)	1	:	0.000000	0.000000	0.124281	0.000000	0.000000	0.628667	0.000000	0.000000	0.216292	0.000000	0.030759	0.000000
138	tsk_138	(x)	1	:	0.481558	0.518442	0.000000	0.000000	0.000000	0.000000	0.000000	0.000000	0.000000	0.000000	0.000000	0.000000
139	tsk_139	(x)	1	:	0.503157	0.496843	0.000000	0.000000	0.000000	0.000000	0.000000	0.000000	0.000000	0.000000	0.000000	0.000000
140	tsk_140	(x)	1	:	0.000000	0.000000	0.000000	0.000000	0.000000	0.000000	0.000000	0.000000	0.000000	1.000000	0.000000	0.000000
141	tsk_141	(x)	1	:	0.000000	0.505698	0.000000	0.000000	0.000000	0.000000	0.494302	0.000000	0.000000	0.000000	0.000000	0.000000
142	tsk_142	(x)	1	:	0.000000	0.000000	0.000000	0.000000	0.000000	0.000000	0.000000	0.000000	0.000000	1.000000	0.000000	0.000000
143	tsk_143	(x)	1	:	0.497445	0.000000	0.208484	0.000000	0.000000	0.000000	0.000000	0.000000	0.191894	0.000000	0.102177	0.000000
144	tsk_144	(x)	1	:	0.000000	0.000000	0.000000	0.000000	0.000000	0.000000	0.000000	0.479390	0.000000	0.520610	0.000000	0.000000
145	tsk_145	(x)	1	:	0.000000	0.000000	0.000000	0.492120	0.000000	0.000000	0.000000	0.000000	0.000000	0.507880	0.000000	0.000000
146	tsk_146	(x)	1	:	0.000000	0.496177	0.000000	0.000000	0.000000	0.000000	0.000000	0.000000	0.000000	0.503823	0.000000	0.000000
147	tsk_147	(x)	1	:	0.000000	1.000000	0.000000	0.000000	0.000000	0.000000	0.000000	0.000000	0.000000	0.000000	0.000000	0.000000
148	tsk_148	(x)	1	:	0.000000	0.000000	0.000000	0.000000	0.000000	0.000000	0.520482	0.000000	0.000000	0.479518	0.000000	0.000000
149	tsk_149	(x)	1	:	0.000000	0.494465	0.234370	0.000000	0.000000	0.000000	0.000000	0.000000	0.163372	0.000000	0.107792	0.000000
