logL = -1433.442719 (converged)
AIC = 3302.885438
BIC = 3959.203932

count.K
110 40 

