logL = -1893.724831 (converged)
AIC = 7407.449662
BIC = 12856.699544

count.K
10 13 18 1 13 2 73 7 5 8 

