logL = -1384.179744 (converged)
AIC = 7816.359489
BIC = 15415.202971

count.K
3 5 1 34 1 1 4 0 2 5 3 46 33 12 

