logL = -664.803643 (converged)
AIC = 4967.607286
BIC = 10443.952886

count.K
10 10 1 9 15 22 14 4 19 22 24 

