0	tsk_0	(x)	1	:	0.000000	0.507064	0.002621	0.000000	0.000000	0.000000	0.000000	0.000000	0.000000	0.000000	0.000000	0.490315	0.000000	0.000000	0.000000
1	tsk_1	(x)	1	:	0.000000	0.000000	0.377528	0.000000	0.000000	0.462514	0.005801	0.036233	0.000000	0.000000	0.000000	0.034365	0.000000	0.000000	0.083559
2	tsk_2	(x)	1	:	0.000000	0.000000	0.377647	0.000000	0.000000	0.462458	0.006387	0.019714	0.000000	0.000000	0.000000	0.034204	0.000000	0.000000	0.099590
3	tsk_3	(x)	1	:	0.000000	0.000000	0.000000	0.000000	0.000000	0.563479	0.000000	0.000000	0.000000	0.000000	0.000000	0.000000	0.000000	0.436521	0.000000
4	tsk_4	(x)	1	:	0.000000	0.000000	0.377503	0.000000	0.000000	0.000000	0.000000	0.275901	0.000000	0.000000	0.000000	0.000000	0.000000	0.000000	0.346596
5	tsk_5	(x)	1	:	0.000000	0.000000	0.000000	0.000000	0.000000	0.462591	0.005265	0.171203	0.000000	0.000000	0.000000	0.034490	0.000000	0.000000	0.326451
6	tsk_6	(x)	1	:	0.000000	0.000000	0.377585	0.000000	0.000000	0.462511	0.006334	0.027988	0.000000	0.000000	0.000000	0.034120	0.000000	0.000000	0.091461
7	tsk_7	(x)	1	:	0.000000	0.000000	0.495614	0.000000	0.504386	0.000000	0.000000	0.000000	0.000000	0.000000	0.000000	0.000000	0.000000	0.000000	0.000000
8	tsk_8	(x)	1	:	0.000000	0.000000	0.377526	0.000000	0.000000	0.462568	0.006293	0.087476	0.000000	0.000000	0.000000	0.034023	0.000000	0.000000	0.032113
9	tsk_9	(x)	1	:	0.000000	0.000000	0.532534	0.000000	0.000000	0.462057	0.000000	0.000000	0.000000	0.000000	0.000000	0.005409	0.000000	0.000000	0.000000
10	tsk_10	(x)	1	:	0.000000	0.000000	0.377523	0.000000	0.000000	0.000000	0.005174	0.077289	0.460432	0.000000	0.000000	0.036809	0.000000	0.000000	0.042773
11	tsk_11	(x)	1	:	0.000000	0.000000	0.532534	0.000000	0.000000	0.000000	0.000000	0.000000	0.460043	0.000000	0.000000	0.007423	0.000000	0.000000	0.000000
12	tsk_12	(x)	1	:	0.000000	0.000000	1.000000	0.000000	0.000000	0.000000	0.000000	0.000000	0.000000	0.000000	0.000000	0.000000	0.000000	0.000000	0.000000
13	tsk_13	(x)	1	:	0.000000	0.000000	1.000000	0.000000	0.000000	0.000000	0.000000	0.000000	0.000000	0.000000	0.000000	0.000000	0.000000	0.000000	0.000000
14	tsk_14	(x)	1	:	0.000000	0.000000	0.619801	0.000000	0.000000	0.000000	0.000000	0.294448	0.000000	0.000000	0.000000	0.000000	0.000000	0.000000	0.085751
15	tsk_15	(x)	1	:	0.000000	0.000000	0.532525	0.000000	0.000000	0.000000	0.000000	0.000000	0.460026	0.000000	0.000000	0.007449	0.000000	0.000000	0.000000
16	tsk_16	(x)	1	:	0.000000	0.000000	0.000000	0.000000	0.000000	0.462526	0.006432	0.113231	0.000000	0.000000	0.000000	0.034024	0.000000	0.000000	0.383787
17	tsk_17	(x)	1	:	0.000000	0.000000	0.377353	0.000000	0.000000	0.000000	0.005209	0.050888	0.460604	0.000000	0.000000	0.036439	0.000000	0.000000	0.069507
18	tsk_18	(x)	1	:	0.000000	0.000000	0.000000	0.000000	0.000000	0.000000	0.002002	0.204975	0.460885	0.000000	0.000000	0.037581	0.000000	0.000000	0.294557
19	tsk_19	(x)	1	:	0.000000	0.000000	0.377503	0.000000	0.000000	0.000000	0.000000	0.394772	0.000000	0.000000	0.000000	0.000000	0.000000	0.000000	0.227725
20	tsk_20	(x)	1	:	0.000000	0.000000	0.000000	0.000000	0.000000	0.000000	0.499999	0.000000	0.460193	0.000000	0.000000	0.039807	0.000000	0.000000	0.000000
21	tsk_21	(x)	1	:	0.000000	0.000000	0.000000	0.000000	0.000000	0.000000	0.002517	0.176481	0.460943	0.000000	0.000000	0.037221	0.000000	0.000000	0.322838
22	tsk_22	(x)	1	:	0.000000	0.000000	0.000000	0.000000	0.000000	0.533253	0.466746	0.000000	0.000000	0.000000	0.000000	0.000001	0.000000	0.000000	0.000000
23	tsk_23	(x)	1	:	0.000000	0.000000	0.000000	0.000000	0.000000	1.000000	0.000000	0.000000	0.000000	0.000000	0.000000	0.000000	0.000000	0.000000	0.000000
24	tsk_24	(x)	1	:	0.000000	0.000000	0.000000	0.000000	0.000000	0.000000	0.500000	0.000000	0.460194	0.000000	0.000000	0.039806	0.000000	0.000000	0.000000
25	tsk_25	(x)	1	:	0.000000	0.000000	0.000000	0.000000	0.000000	0.524384	0.000000	0.350625	0.000000	0.000000	0.000000	0.000000	0.000000	0.000000	0.124991
26	tsk_26	(x)	1	:	0.000000	0.000000	0.000000	0.000000	0.000000	0.000000	0.500000	0.375441	0.000000	0.000000	0.000000	0.000000	0.000000	0.000000	0.124559
27	tsk_27	(x)	1	:	0.000000	0.000000	0.000000	0.000000	0.000000	0.576069	0.000000	0.000000	0.000000	0.000000	0.000000	0.000000	0.000000	0.423931	0.000000
28	tsk_28	(x)	1	:	0.000000	0.000000	0.000000	0.000000	0.000000	0.462985	0.005380	0.310626	0.000000	0.000000	0.000000	0.033736	0.000000	0.000000	0.187273
29	tsk_29	(x)	1	:	0.000000	0.000000	0.000000	0.000000	0.000000	0.000000	0.000000	0.000000	1.000000	0.000000	0.000000	0.000000	0.000000	0.000000	0.000000
30	tsk_30	(x)	1	:	0.000000	0.000000	0.000000	0.000000	0.000000	0.000000	0.000000	0.000000	0.000000	0.000000	0.000000	0.455537	0.000000	0.544463	0.000000
31	tsk_31	(x)	1	:	0.000000	0.000000	0.377454	0.000000	0.000000	0.000000	0.000000	0.046478	0.000000	0.000000	0.000000	0.000000	0.000000	0.523527	0.052541
32	tsk_32	(x)	1	:	0.000000	0.000000	0.000000	0.000000	0.000000	0.000000	0.000000	0.000000	0.000000	0.000000	0.000000	0.000000	0.000000	1.000000	0.000000
33	tsk_33	(x)	1	:	0.000000	0.000000	0.000000	0.000000	0.000000	0.411599	0.000000	0.000000	0.000000	0.000000	0.000000	0.000000	0.000000	0.588401	0.000000
34	tsk_34	(x)	1	:	0.000000	0.000000	0.000000	0.000000	0.000000	0.000000	0.000000	0.000000	0.000000	0.000000	0.000000	0.000000	0.000000	1.000000	0.000000
35	tsk_35	(x)	1	:	0.000000	0.000000	0.000000	0.000000	0.000000	0.000000	0.469223	0.000000	0.000000	0.000000	0.000000	0.000001	0.000000	0.530776	0.000000
36	tsk_36	(x)	1	:	0.000000	0.000000	0.000000	0.000000	0.000000	0.462828	0.004332	0.150415	0.000000	0.000000	0.000000	0.034536	0.000000	0.000000	0.347889
37	tsk_37	(x)	1	:	0.000000	0.000000	0.000000	0.000000	0.000000	0.000000	0.000000	0.225975	0.000000	0.000000	0.000000	0.000000	0.000000	0.523509	0.250516
38	tsk_38	(x)	1	:	0.000000	0.000000	0.000000	0.996569	0.000000	0.000000	0.000000	0.000000	0.000000	0.000000	0.000000	0.003431	0.000000	0.000000	0.000000
39	tsk_39	(x)	1	:	0.000000	0.000000	0.000000	0.000000	0.000000	0.411599	0.000000	0.000000	0.000000	0.000000	0.000000	0.000000	0.000000	0.588401	0.000000
40	tsk_40	(x)	1	:	0.000000	0.000000	0.000000	0.000000	0.000000	0.000000	0.500000	0.000000	0.000000	0.000000	0.000000	0.500000	0.000000	0.000000	0.000000
41	tsk_41	(x)	1	:	0.000000	0.000000	0.377545	0.000000	0.000000	0.000000	0.004907	0.078966	0.000000	0.000000	0.000000	0.018504	0.000000	0.478787	0.041291
42	tsk_42	(x)	1	:	0.000000	0.000000	0.000000	0.000000	0.000000	0.000000	0.250000	0.000000	0.000000	0.000000	0.000000	0.750000	0.000000	0.000000	0.000000
43	tsk_43	(x)	1	:	0.000000	0.000000	0.377493	0.000000	0.000000	0.000000	0.249993	0.083775	0.000000	0.000000	0.000000	0.250002	0.000000	0.000000	0.038737
44	tsk_44	(x)	1	:	0.000000	0.000000	0.377427	0.000000	0.000000	0.000000	0.000000	0.024242	0.000000	0.000000	0.000000	0.000000	0.000000	0.550725	0.047606
45	tsk_45	(x)	1	:	0.000000	0.000000	0.000000	0.000000	0.000000	0.000000	0.500000	0.000000	0.000000	0.000000	0.000000	0.500000	0.000000	0.000000	0.000000
46	tsk_46	(x)	1	:	0.000000	0.000000	0.000000	0.000000	0.000000	0.000000	0.000000	0.000000	0.000000	0.000000	0.000000	1.000000	0.000000	0.000000	0.000000
47	tsk_47	(x)	1	:	0.000000	0.000000	0.999999	0.000000	0.000000	0.000000	0.000000	0.000001	0.000000	0.000000	0.000000	0.000000	0.000000	0.000000	0.000000
48	tsk_48	(x)	1	:	0.000000	0.000000	0.000000	0.000000	0.000000	0.000000	0.250000	0.000000	0.000000	0.000000	0.000000	0.750000	0.000000	0.000000	0.000000
49	tsk_49	(x)	1	:	0.000000	0.000000	0.000000	0.000000	0.000000	0.462776	0.004918	0.202011	0.000000	0.000000	0.000000	0.034335	0.000000	0.000000	0.295959
50	tsk_50	(x)	1	:	0.000000	0.000000	0.000000	0.000000	0.000000	0.462209	0.000000	0.000000	0.000000	0.000000	0.000000	0.537791	0.000000	0.000000	0.000000
51	tsk_51	(x)	1	:	0.000000	0.000000	0.000000	0.000000	0.000000	0.000000	0.000000	0.000000	0.000000	0.000000	0.000000	0.521483	0.000000	0.478517	0.000000
52	tsk_52	(x)	1	:	0.000000	0.000000	0.000000	0.000000	0.000000	0.000000	0.001169	0.364465	0.000000	0.000000	0.000000	0.499415	0.000000	0.000000	0.134950
53	tsk_53	(x)	1	:	0.000000	0.000000	0.000000	0.000000	0.000000	0.000000	0.000000	0.000000	0.000000	0.000000	0.000000	1.000000	0.000000	0.000000	0.000000
54	tsk_54	(x)	1	:	0.000000	0.000000	0.000000	0.207784	0.000000	0.000000	0.000000	0.377357	0.000000	0.000000	0.000000	0.000000	0.000000	0.334574	0.080285
55	tsk_55	(x)	1	:	0.000000	0.000000	0.000000	0.000000	0.000000	0.000000	0.000000	0.000000	0.000000	0.000000	0.000000	0.000000	0.000000	1.000000	0.000000
56	tsk_56	(x)	1	:	0.000000	0.000000	0.000000	0.000000	0.000000	0.000000	0.000000	0.000000	0.000000	0.000000	0.000000	1.000000	0.000000	0.000000	0.000000
57	tsk_57	(x)	1	:	0.000000	0.000000	0.000000	0.000000	0.000000	0.000000	0.000000	0.000000	0.000000	0.000000	0.000000	0.521483	0.000000	0.478517	0.000000
58	tsk_58	(x)	1	:	0.000000	0.000000	0.000000	0.000000	0.000000	0.000000	0.000000	0.000000	0.000000	0.000000	0.000000	1.000000	0.000000	0.000000	0.000000
59	tsk_59	(x)	1	:	0.000000	0.000000	0.000000	0.000000	0.000000	0.000000	0.000000	0.000000	0.000000	0.000000	0.000000	0.000000	0.000000	1.000000	0.000000
60	tsk_60	(x)	1	:	0.000000	0.000000	0.000000	0.000000	0.000000	0.000000	0.000000	0.000000	0.000031	0.883379	0.000000	0.116590	0.000000	0.000000	0.000000
61	tsk_61	(x)	1	:	0.548675	0.000000	0.000000	0.000000	0.000000	0.000000	0.451325	0.000000	0.000000	0.000000	0.000000	0.000000	0.000000	0.000000	0.000000
62	tsk_62	(x)	1	:	0.000000	0.000000	0.000000	0.000000	0.000000	0.000000	0.000000	0.196087	0.525081	0.000000	0.000000	0.000000	0.000000	0.000000	0.278832
63	tsk_63	(x)	1	:	0.000000	0.000000	0.000000	0.000000	0.000000	0.000000	0.500000	0.000000	0.000000	0.000000	0.000000	0.500000	0.000000	0.000000	0.000000
64	tsk_64	(x)	1	:	0.000000	0.000000	0.000000	0.000000	0.000000	0.000000	0.000000	0.000000	0.000000	0.000000	0.000000	0.521483	0.000000	0.478517	0.000000
65	tsk_65	(x)	1	:	0.000000	0.000000	0.000000	0.000000	0.000000	0.000000	0.000000	0.000000	0.553659	0.000000	0.000000	0.446340	0.000000	0.000000	0.000000
66	tsk_66	(x)	1	:	0.000000	0.000000	0.000000	0.000000	0.000000	0.000000	0.465820	0.000000	0.534179	0.000000	0.000000	0.000001	0.000000	0.000000	0.000000
67	tsk_67	(x)	1	:	0.000000	0.000000	0.377341	0.000000	0.000000	0.000000	0.499910	0.095975	0.000000	0.000000	0.000000	0.000000	0.000000	0.000000	0.026774
68	tsk_68	(x)	1	:	0.000000	0.000000	0.000000	0.000000	0.000000	0.000000	0.465820	0.000000	0.534179	0.000000	0.000000	0.000001	0.000000	0.000000	0.000000
69	tsk_69	(x)	1	:	0.000000	0.000000	0.000000	0.000000	0.000000	0.000000	0.000000	0.000000	1.000000	0.000000	0.000000	0.000000	0.000000	0.000000	0.000000
70	tsk_70	(x)	1	:	0.000000	0.000000	0.000000	0.000000	0.000000	0.000000	0.000000	0.000000	0.000030	0.883379	0.000000	0.116590	0.000000	0.000000	0.000000
71	tsk_71	(x)	1	:	0.000000	0.000000	0.000000	0.000000	0.000000	0.000000	0.000000	0.000000	0.000031	0.883379	0.000000	0.116590	0.000000	0.000000	0.000000
72	tsk_72	(x)	1	:	0.000000	0.000000	0.000000	0.000000	0.000000	0.000000	0.000000	0.000000	0.000030	0.883379	0.000000	0.116590	0.000000	0.000000	0.000000
73	tsk_73	(x)	1	:	0.000000	0.000000	0.000000	0.000000	0.000000	0.000000	0.000000	0.000000	1.000000	0.000000	0.000000	0.000000	0.000000	0.000000	0.000000
74	tsk_74	(x)	1	:	0.000000	0.000000	0.000000	0.000000	0.000000	0.000000	0.000000	0.000000	0.000000	0.000000	0.000000	1.000000	0.000000	0.000000	0.000000
75	tsk_75	(x)	1	:	0.000000	0.000000	0.000000	0.000000	0.000000	0.000000	0.000000	0.000000	0.000000	0.000000	0.000000	0.000000	0.000000	1.000000	0.000000
76	tsk_76	(x)	1	:	0.000000	0.000000	0.000000	0.000000	0.000000	0.000000	0.000000	0.000000	0.536294	0.000300	0.000000	0.000000	0.000000	0.463406	0.000000
77	tsk_77	(x)	1	:	0.000000	0.000000	0.000000	0.000000	0.000000	0.000000	0.000000	0.000000	0.460194	0.000000	0.000000	0.539806	0.000000	0.000000	0.000000
78	tsk_78	(x)	1	:	0.000000	0.000000	0.000000	0.000000	0.000000	0.000000	0.000000	0.000000	0.536257	0.000380	0.000000	0.000000	0.000000	0.463363	0.000000
79	tsk_79	(x)	1	:	0.000000	0.000000	0.000000	0.000000	0.000000	0.000000	0.000000	0.000000	0.468631	0.000000	0.000000	0.000000	0.000000	0.531369	0.000000
80	tsk_80	(x)	1	:	0.000000	0.000000	0.000000	0.234373	0.000000	0.000000	0.250032	0.000000	0.000000	0.000000	0.000000	0.154676	0.000000	0.360920	0.000000
81	tsk_81	(x)	1	:	0.000000	0.000000	0.000000	0.207792	0.000000	0.000000	0.000000	0.300949	0.000000	0.000000	0.000000	0.000000	0.000000	0.334590	0.156670
82	tsk_82	(x)	1	:	0.000000	0.000000	0.000000	0.207736	0.000000	0.000000	0.000000	0.181545	0.000000	0.000000	0.000000	0.000000	0.000000	0.334633	0.276086
83	tsk_83	(x)	1	:	0.000000	0.000000	0.000000	0.260367	0.000000	0.000000	0.000000	0.000000	0.000000	0.000000	0.000000	0.000000	0.000000	0.739633	0.000000
84	tsk_84	(x)	1	:	0.000000	0.000000	0.000000	0.207734	0.000000	0.000000	0.000000	0.229313	0.000000	0.000000	0.000000	0.000000	0.000000	0.334629	0.228324
85	tsk_85	(x)	1	:	0.000000	0.000000	0.000000	1.000000	0.000000	0.000000	0.000000	0.000000	0.000000	0.000000	0.000000	0.000000	0.000000	0.000000	0.000000
86	tsk_86	(x)	1	:	0.000000	0.000000	0.000000	0.000000	0.000000	0.000000	0.004212	0.205972	0.000000	0.000000	0.000000	0.015271	0.000000	0.480547	0.293998
87	tsk_87	(x)	1	:	0.000000	0.000000	0.000000	0.196355	0.000000	0.000000	0.000000	0.000000	0.481161	0.001721	0.000000	0.000000	0.000000	0.320763	0.000000
88	tsk_88	(x)	1	:	0.000000	0.000000	0.000000	0.207722	0.000000	0.000000	0.000000	0.299573	0.000000	0.000000	0.000000	0.000000	0.000000	0.334605	0.158100
89	tsk_89	(x)	1	:	0.000000	0.000000	0.000000	0.207790	0.000000	0.000000	0.000000	0.221809	0.000000	0.000000	0.000000	0.000000	0.000000	0.334586	0.235815
90	tsk_90	(x)	1	:	0.000000	0.000000	0.000000	0.000000	0.000000	0.000000	0.000000	0.865023	0.000000	0.000000	0.000000	0.000000	0.000000	0.000000	0.134977
91	tsk_91	(x)	1	:	0.000000	0.000000	0.000000	0.000000	0.000000	0.524387	0.000000	0.208374	0.000000	0.000000	0.000000	0.000000	0.000000	0.000000	0.267239
92	tsk_92	(x)	1	:	0.353998	0.000000	0.000000	0.000000	0.000000	0.000000	0.000000	0.588407	0.000000	0.000000	0.000000	0.000000	0.000000	0.000000	0.057595
93	tsk_93	(x)	1	:	0.000000	0.000000	0.000000	0.000000	0.000000	0.518457	0.000000	0.250174	0.000000	0.000000	0.000000	0.000000	0.000000	0.000000	0.231369
94	tsk_94	(x)	1	:	0.000000	0.000000	0.000000	0.000000	0.000000	0.000000	0.002908	0.429488	0.000000	0.000000	0.000000	0.498546	0.000000	0.000000	0.069058
95	tsk_95	(x)	1	:	0.000000	0.000000	0.000000	0.000000	0.000000	0.524389	0.000000	0.265599	0.000000	0.000000	0.000000	0.000000	0.000000	0.000000	0.210012
96	tsk_96	(x)	1	:	0.000000	0.000000	0.000000	0.000000	0.000000	0.000000	0.000000	1.000000	0.000000	0.000000	0.000000	0.000000	0.000000	0.000000	0.000000
97	tsk_97	(x)	1	:	0.000000	0.000000	0.000000	0.000000	0.482846	0.000000	0.000000	0.000000	0.460189	0.000000	0.000000	0.056964	0.000000	0.000000	0.000000
98	tsk_98	(x)	1	:	0.000000	0.000000	0.000000	0.000000	0.000000	0.524382	0.000000	0.347204	0.000000	0.000000	0.000000	0.000000	0.000000	0.000000	0.128413
99	tsk_99	(x)	1	:	0.000000	0.000000	0.000000	0.000000	0.000000	0.000000	0.000000	0.244481	0.525075	0.000000	0.000000	0.000000	0.000000	0.000000	0.230444
100	tsk_100	(x)	1	:	0.000000	0.000000	0.000000	0.000000	0.000000	0.000000	0.000000	0.836127	0.000000	0.000000	0.000000	0.000000	0.000000	0.000000	0.163873
101	tsk_101	(x)	1	:	0.000000	0.000000	0.000000	0.000000	0.000000	0.000000	0.000000	0.728826	0.000000	0.000000	0.000000	0.000000	0.000000	0.000000	0.271174
102	tsk_102	(x)	1	:	0.000000	0.000000	0.000000	0.000000	1.000000	0.000000	0.000000	0.000000	0.000000	0.000000	0.000000	0.000000	0.000000	0.000000	0.000000
103	tsk_103	(x)	1	:	0.000000	0.000000	0.000000	0.000000	0.538436	0.000000	0.000000	0.208234	0.000000	0.000000	0.000000	0.000000	0.000000	0.000000	0.253330
104	tsk_104	(x)	1	:	0.000000	0.000000	0.000000	0.000000	0.000000	0.000000	0.000000	0.794565	0.000000	0.000000	0.000000	0.000000	0.000000	0.000000	0.205435
105	tsk_105	(x)	1	:	0.000000	0.000000	0.000000	0.000000	0.484514	0.000000	0.012966	0.379744	0.000000	0.000000	0.000000	0.000000	0.000000	0.000000	0.122776
106	tsk_106	(x)	1	:	0.000000	0.000000	0.000000	0.000000	1.000000	0.000000	0.000000	0.000000	0.000000	0.000000	0.000000	0.000000	0.000000	0.000000	0.000000
107	tsk_107	(x)	1	:	0.000000	0.000000	0.000000	0.000000	0.000000	0.000000	0.000000	0.667291	0.000000	0.000000	0.000000	0.000000	0.000000	0.000000	0.332709
108	tsk_108	(x)	1	:	0.000000	0.000000	0.000000	0.000000	0.000000	0.462956	0.004820	0.156372	0.000000	0.000000	0.000000	0.034066	0.000000	0.000000	0.341786
109	tsk_109	(x)	1	:	0.000000	0.000000	0.000000	0.000000	0.000000	0.524390	0.000000	0.313080	0.000000	0.000000	0.000000	0.000000	0.000000	0.000000	0.162530
110	tsk_110	(x)	1	:	0.000000	0.000000	0.000000	0.000000	0.000000	0.462527	0.006305	0.193579	0.000000	0.000000	0.000000	0.034085	0.000000	0.000000	0.303504
111	tsk_111	(x)	1	:	0.000000	0.000000	0.000000	0.000000	0.000000	0.000000	0.000000	0.671340	0.000000	0.000000	0.000000	0.000000	0.000000	0.000000	0.328660
112	tsk_112	(x)	1	:	0.000000	0.000000	0.000000	0.000000	0.000000	0.000000	0.002358	0.308779	0.000000	0.000000	0.000000	0.018098	0.000000	0.479606	0.191159
113	tsk_113	(x)	1	:	0.000000	0.000000	0.000000	0.000000	0.000000	0.000000	0.000000	0.760827	0.000000	0.000000	0.000000	0.000000	0.000000	0.000000	0.239173
114	tsk_114	(x)	1	:	0.000000	0.000000	0.000000	0.000000	0.000000	0.000000	0.000000	0.000000	0.000000	0.000000	0.000000	0.521483	0.000000	0.478517	0.000000
115	tsk_115	(x)	1	:	0.000000	0.000000	0.000000	0.000000	0.000000	0.000000	0.000000	0.626119	0.000000	0.000000	0.000000	0.000000	0.000000	0.000000	0.373881
116	tsk_116	(x)	1	:	0.000000	0.000000	0.000000	0.000000	0.000000	0.463498	0.002377	0.270973	0.000000	0.000000	0.000000	0.034327	0.000000	0.000000	0.228825
117	tsk_117	(x)	1	:	0.000000	0.000000	0.000000	0.000000	0.000000	0.000000	0.000000	0.667727	0.000000	0.000000	0.000000	0.000000	0.000000	0.000000	0.332273
118	tsk_118	(x)	1	:	0.000000	0.000000	0.000000	0.000000	0.000000	0.490565	0.000000	0.000000	0.000000	0.000000	0.000000	0.000000	0.000000	0.509435	0.000000
119	tsk_119	(x)	1	:	0.000000	0.000000	0.000000	0.000000	0.000000	0.000000	0.000000	0.542751	0.000000	0.000000	0.000000	0.000000	0.000000	0.000000	0.457249
120	tsk_120	(x)	1	:	0.000000	0.000000	0.000000	0.000000	0.000000	0.000000	0.000000	0.736559	0.000000	0.000000	0.000000	0.000000	0.000000	0.000000	0.263441
121	tsk_121	(x)	1	:	0.000000	0.000000	0.000000	0.000000	0.000000	0.000000	0.000000	0.352214	0.000000	0.000000	0.499999	0.000000	0.000000	0.000000	0.147787
122	tsk_122	(x)	1	:	0.000000	0.000000	0.000000	0.000000	0.000000	0.000000	0.000000	0.730854	0.000000	0.000000	0.000000	0.000000	0.000000	0.000000	0.269146
123	tsk_123	(x)	1	:	0.000000	0.000000	0.000000	0.207731	0.000000	0.000000	0.000000	0.069476	0.000000	0.000000	0.000000	0.000000	0.000000	0.334623	0.388170
124	tsk_124	(x)	1	:	0.000000	0.000000	0.000000	0.000000	0.000000	0.000000	0.000000	0.754577	0.000000	0.000000	0.000000	0.000000	0.000000	0.000000	0.245423
125	tsk_125	(x)	1	:	0.000000	0.000000	0.000000	0.000000	0.000000	0.000000	0.000000	0.344200	0.000000	0.000000	0.499999	0.000000	0.000000	0.000000	0.155801
126	tsk_126	(x)	1	:	0.000000	0.000000	0.000000	0.207786	0.000000	0.000000	0.000000	0.107979	0.000000	0.000000	0.000000	0.000000	0.000000	0.334579	0.349656
127	tsk_127	(x)	1	:	0.000000	0.000000	0.000000	0.000000	0.000000	0.000000	0.002545	0.300965	0.000000	0.000000	0.000000	0.498727	0.000000	0.000000	0.197763
128	tsk_128	(x)	1	:	0.000000	0.000000	0.000000	0.000000	0.000000	0.000000	0.000000	0.293374	0.000000	0.000000	0.499999	0.000000	0.000000	0.000000	0.206627
129	tsk_129	(x)	1	:	0.000000	0.000000	0.000000	0.000000	0.000000	0.000000	0.021730	0.000311	0.000000	0.000000	0.490884	0.486800	0.000000	0.000000	0.000276
130	tsk_130	(x)	1	:	0.000000	0.000000	0.000000	0.000000	0.000000	0.000000	0.000000	0.782435	0.000000	0.000000	0.000000	0.000000	0.000000	0.000000	0.217565
131	tsk_131	(x)	1	:	0.000000	0.000000	0.000000	0.000000	0.000000	0.000000	0.000000	0.794588	0.000000	0.000000	0.000000	0.000000	0.000000	0.000000	0.205412
132	tsk_132	(x)	1	:	0.000000	0.000000	0.000000	0.000000	0.000000	0.000000	0.007277	0.286245	0.000000	0.000000	0.000000	0.000000	0.000000	0.487374	0.219105
133	tsk_133	(x)	1	:	0.000000	0.000000	0.000000	0.000000	0.000000	0.000000	0.000000	0.555460	0.000000	0.000000	0.000000	0.000000	0.000000	0.000000	0.444539
134	tsk_134	(x)	1	:	0.000000	0.000000	0.000000	0.000000	0.000000	0.000000	0.000000	0.411185	0.000000	0.000000	0.000000	0.000000	0.000000	0.000000	0.588815
135	tsk_135	(x)	1	:	0.000000	0.000000	0.000000	0.000000	0.000000	0.000000	0.000000	0.724553	0.000000	0.000000	0.000000	0.000000	0.000000	0.000000	0.275447
136	tsk_136	(x)	1	:	0.000000	0.000000	0.000000	0.000000	0.000000	0.000000	0.000000	0.767277	0.000000	0.000000	0.000000	0.000000	0.000000	0.000000	0.232723
137	tsk_137	(x)	1	:	0.000000	0.000000	0.000000	0.000000	0.000000	0.524386	0.000000	0.081143	0.000000	0.000000	0.000000	0.000000	0.000000	0.000000	0.394471
138	tsk_138	(x)	1	:	0.000000	0.000000	0.000000	0.000000	0.000000	0.000000	0.000000	0.894399	0.000000	0.000000	0.000000	0.000000	0.000000	0.000000	0.105600
139	tsk_139	(x)	1	:	0.000000	0.000000	0.000000	0.000000	0.000000	0.000000	0.000000	0.550832	0.000000	0.000000	0.000000	0.000000	0.000000	0.000000	0.449168
140	tsk_140	(x)	1	:	0.465660	0.000000	0.000000	0.407003	0.000000	0.000000	0.010383	0.000000	0.000000	0.000000	0.000000	0.116953	0.000000	0.000000	0.000000
141	tsk_141	(x)	1	:	0.000000	0.000000	0.377495	0.000000	0.482719	0.000000	0.017478	0.103592	0.000000	0.000000	0.000000	0.000000	0.000000	0.000000	0.018717
142	tsk_142	(x)	1	:	0.350164	0.000000	0.376965	0.000000	0.000000	0.000000	0.000000	0.203431	0.000000	0.000000	0.000000	0.000000	0.000000	0.000000	0.069440
143	tsk_143	(x)	1	:	0.000000	0.000000	0.000000	0.333570	0.000000	0.000000	0.000000	0.000000	0.000000	0.000000	0.000000	0.145685	0.520745	0.000000	0.000000
144	tsk_144	(x)	1	:	0.000000	0.000000	0.000000	0.999883	0.000000	0.000000	0.000000	0.000000	0.000000	0.000000	0.000000	0.000117	0.000000	0.000000	0.000000
145	tsk_145	(x)	1	:	0.000000	0.000000	0.000000	0.407933	0.000000	0.000000	0.000000	0.289795	0.000000	0.000000	0.000000	0.091688	0.000000	0.000000	0.210584
146	tsk_146	(x)	1	:	0.000000	0.000000	0.000000	0.999883	0.000000	0.000000	0.000000	0.000000	0.000000	0.000000	0.000000	0.000117	0.000000	0.000000	0.000000
147	tsk_147	(x)	1	:	0.000000	0.000000	0.000000	0.407856	0.000000	0.000000	0.000000	0.300552	0.000000	0.000000	0.000000	0.091819	0.000000	0.000000	0.199773
148	tsk_148	(x)	1	:	0.000000	0.000000	0.000000	0.000000	0.000000	0.000000	0.000000	0.000000	0.000000	0.000000	0.000000	0.000000	0.000000	0.000000	1.000000
149	tsk_149	(x)	1	:	0.000000	0.000000	0.000000	0.000000	0.507362	0.000000	0.000000	0.000000	0.000000	0.000000	0.000000	0.000000	0.492638	0.000000	0.000000
