logL = -1652.824692 (converged)
AIC = 4139.649384
BIC = 5395.084302

count.K
78 61 11 

