logL = -1162.106085 (converged)
AIC = 7424.212170
BIC = 15101.332170

count.K
6 23 2 1 4 11 5 35 17 2 11 4 3 15 11 

