logL = -1029.521627 (converged)
AIC = 2455.043253
BIC = 3051.149042

count.K
51 99 

