logL = -1099.640934 (converged)
AIC = 3331.281867
BIC = 5035.301444

count.K
97 12 4 37 

