logL = -1784.508421 (converged)
AIC = 4893.016842
BIC = 6886.057407

count.K
59 3 39 49 

