logL = -962.258004 (converged)
AIC = 6776.516008
BIC = 14080.317232

count.K
2 9 6 14 7 5 9 43 4 13 4 10 4 20 

