logL = -1085.234486 (converged)
AIC = 3680.468972
BIC = 5953.498619

count.K
10 17 42 67 14 

