logL = -1170.474840 (converged)
AIC = 4700.949681
BIC = 8253.499328

count.K
49 17 10 4 7 44 19 

