logL = -1141.546304 (converged)
AIC = 4179.092608
BIC = 7033.174867

count.K
8 14 23 58 27 20 

