logL = -1316.455472 (converged)
AIC = 3472.910944
BIC = 4737.377767

count.K
46 26 78 

