logL = -1478.286070 (converged)
AIC = 7700.572141
BIC = 14841.799058

count.K
42 2 7 6 5 8 39 1 5 7 6 14 8 

