logL = -866.000098 (converged)
AIC = 4636.000196
BIC = 9007.442643

count.K
3 37 12 34 15 9 3 21 16 

