logL = -451.062394 (converged)
AIC = 5474.124788
BIC = 12356.437071

count.K
8 2 6 22 31 1 3 1 9 9 24 19 2 13 

