0	tsk_0	(x)	1	:	0.292138	0.000000	0.000000	0.233400	0.000000	0.474462	0.000000	0.000000	0.000000	0.000000	0.000000	0.000000	0.000000	0.000000
1	tsk_1	(x)	1	:	0.000000	0.000000	0.000000	0.000000	0.000000	0.000000	0.000000	0.473669	0.000000	0.526331	0.000000	0.000000	0.000000	0.000000
2	tsk_2	(x)	1	:	0.389514	0.000000	0.000000	0.000000	0.000000	0.000000	0.000000	0.000000	0.000000	0.610486	0.000000	0.000000	0.000000	0.000000
3	tsk_3	(x)	1	:	1.000000	0.000000	0.000000	0.000000	0.000000	0.000000	0.000000	0.000000	0.000000	0.000000	0.000000	0.000000	0.000000	0.000000
4	tsk_4	(x)	1	:	0.620737	0.000000	0.000000	0.000000	0.000000	0.000000	0.000000	0.000000	0.000000	0.379263	0.000000	0.000000	0.000000	0.000000
5	tsk_5	(x)	1	:	0.000000	0.000000	0.000000	0.000000	0.000000	0.000000	0.000000	0.000000	0.000000	1.000000	0.000000	0.000000	0.000000	0.000000
6	tsk_6	(x)	1	:	0.557126	0.000000	0.000000	0.000000	0.000000	0.000000	0.000000	0.442873	0.000000	0.000000	0.000000	0.000000	0.000000	0.000000
7	tsk_7	(x)	1	:	0.000000	0.000000	0.000000	0.000000	0.000000	0.000000	0.000000	0.473669	0.000000	0.526331	0.000000	0.000000	0.000000	0.000000
8	tsk_8	(x)	1	:	0.000000	0.000000	0.000000	0.297825	0.000000	0.498102	0.000000	0.000000	0.000000	0.204073	0.000000	0.000000	0.000000	0.000000
9	tsk_9	(x)	1	:	0.389523	0.000000	0.000000	0.000000	0.000000	0.000000	0.000000	0.000000	0.000000	0.610476	0.000000	0.000000	0.000000	0.000000
10	tsk_10	(x)	1	:	0.000000	0.000000	0.000000	0.000000	0.000000	0.000000	0.000000	0.000000	0.439787	0.000000	0.000000	0.000000	0.000000	0.560213
11	tsk_11	(x)	1	:	0.000000	0.000000	0.000000	0.387509	0.000000	0.499341	0.000000	0.000000	0.000000	0.113150	0.000000	0.000000	0.000000	0.000000
12	tsk_12	(x)	1	:	0.000000	0.000000	0.000000	0.382652	0.000000	0.000000	0.000000	0.617348	0.000000	0.000000	0.000000	0.000000	0.000000	0.000000
13	tsk_13	(x)	1	:	0.000000	0.000000	0.000000	0.378736	0.000000	0.000000	0.000000	0.000000	0.000000	0.621264	0.000000	0.000000	0.000000	0.000000
14	tsk_14	(x)	1	:	0.000000	0.000000	0.000000	0.000000	0.000000	0.000000	0.000000	0.000000	0.510361	0.000000	0.000000	0.000000	0.000000	0.489639
15	tsk_15	(x)	1	:	0.000000	0.000000	0.000000	0.000000	0.000000	0.000000	0.000000	1.000000	0.000000	0.000000	0.000000	0.000000	0.000000	0.000000
16	tsk_16	(x)	1	:	0.000000	0.000000	0.000000	0.000000	0.000000	0.000000	0.000000	0.000000	0.373988	0.000000	0.000000	0.000000	0.000000	0.626012
17	tsk_17	(x)	1	:	0.000000	0.000000	0.000000	0.000000	0.000000	0.497407	0.000000	0.000000	0.000000	0.502593	0.000000	0.000000	0.000000	0.000000
18	tsk_18	(x)	1	:	0.000000	0.000000	0.000000	0.390651	0.000000	0.499859	0.000000	0.000000	0.000000	0.109490	0.000000	0.000000	0.000000	0.000000
19	tsk_19	(x)	1	:	0.000000	0.000000	0.000000	0.000000	0.000000	0.000000	0.000000	0.615411	0.000000	0.384589	0.000000	0.000000	0.000000	0.000000
20	tsk_20	(x)	1	:	0.000000	0.000000	0.000000	0.000000	0.000000	0.000000	0.000000	0.000000	0.512616	0.000000	0.000000	0.000000	0.000000	0.487384
21	tsk_21	(x)	1	:	0.000000	0.000000	0.000000	0.000000	0.000000	0.509120	0.000000	0.490880	0.000000	0.000000	0.000000	0.000000	0.000000	0.000000
22	tsk_22	(x)	1	:	0.000000	0.000000	0.000000	0.000000	0.000000	0.000000	0.000000	0.000000	0.249866	0.500000	0.000000	0.000000	0.000000	0.250134
23	tsk_23	(x)	1	:	0.000000	0.000000	0.000000	0.000000	0.000000	0.000000	0.000000	0.473669	0.000000	0.526331	0.000000	0.000000	0.000000	0.000000
24	tsk_24	(x)	1	:	0.000000	0.000000	0.000000	0.000000	0.000000	0.000000	0.000000	0.000000	0.207342	0.500000	0.000000	0.000000	0.000000	0.292658
25	tsk_25	(x)	1	:	0.000000	0.000000	0.000000	0.000000	0.000000	0.000000	0.000000	0.000000	0.624069	0.000000	0.000000	0.000000	0.000000	0.375931
26	tsk_26	(x)	1	:	0.000000	0.000000	0.000000	0.000000	0.000000	0.000000	0.000000	0.486780	0.274042	0.000000	0.000000	0.000000	0.000000	0.239179
27	tsk_27	(x)	1	:	0.000000	0.000000	0.000000	0.000000	0.000000	0.000000	0.000000	0.473669	0.000000	0.526331	0.000000	0.000000	0.000000	0.000000
28	tsk_28	(x)	1	:	0.000000	0.000000	0.000000	0.000000	0.000000	0.000000	0.000000	0.000000	0.248711	0.500000	0.000000	0.000000	0.000000	0.251289
29	tsk_29	(x)	1	:	0.000000	0.000000	0.000000	0.000000	0.000000	0.000000	0.000000	0.000000	0.248768	0.500000	0.000000	0.000000	0.000000	0.251232
30	tsk_30	(x)	1	:	0.000000	0.000000	0.000000	0.000000	0.000000	0.000000	0.000000	0.000000	0.000000	1.000000	0.000000	0.000000	0.000000	0.000000
31	tsk_31	(x)	1	:	0.000000	0.000000	0.000000	0.000000	0.000000	0.000000	0.000000	0.000000	0.000000	0.000000	1.000000	0.000000	0.000000	0.000000
32	tsk_32	(x)	1	:	0.000000	0.000000	0.000000	0.000000	0.000000	0.000000	0.000000	0.000000	0.000000	1.000000	0.000000	0.000000	0.000000	0.000000
33	tsk_33	(x)	1	:	0.000000	0.000000	0.000000	0.000000	0.482800	0.000000	0.000000	0.000000	0.014712	0.500177	0.000000	0.000000	0.000000	0.002310
34	tsk_34	(x)	1	:	0.000000	0.000000	0.000000	0.000000	0.482602	0.000000	0.000000	0.000000	0.011505	0.500099	0.000000	0.000000	0.000000	0.005794
35	tsk_35	(x)	1	:	0.000000	0.000000	0.000000	0.283186	0.000000	0.000000	0.000000	0.000000	0.000000	0.716814	0.000000	0.000000	0.000000	0.000000
36	tsk_36	(x)	1	:	0.000000	0.000000	0.000000	0.000000	0.000000	0.000000	0.000000	0.000000	0.000000	1.000000	0.000000	0.000000	0.000000	0.000000
37	tsk_37	(x)	1	:	0.000000	0.000000	0.000000	0.000000	0.482356	0.000000	0.000000	0.486780	0.022189	0.000000	0.000000	0.000000	0.000000	0.008674
38	tsk_38	(x)	1	:	0.000000	0.000000	0.000000	0.000000	0.000000	0.494815	0.000000	0.000000	0.157947	0.000000	0.000000	0.000000	0.000000	0.347238
39	tsk_39	(x)	1	:	0.000000	0.000000	0.000000	0.000000	0.482399	0.000000	0.000000	0.000000	0.014361	0.500018	0.000000	0.000000	0.000000	0.003221
40	tsk_40	(x)	1	:	0.000000	0.000000	0.000000	0.000000	0.000000	0.494815	0.000000	0.000000	0.505185	0.000000	0.000000	0.000000	0.000000	0.000000
41	tsk_41	(x)	1	:	0.000000	0.000000	0.000000	0.000000	0.000000	0.494815	0.000000	0.000000	0.296542	0.000000	0.000000	0.000000	0.000000	0.208643
42	tsk_42	(x)	1	:	0.000000	0.000000	0.000000	0.000000	0.000000	0.000000	0.000000	0.565786	0.067541	0.000000	0.000000	0.000000	0.000000	0.366673
43	tsk_43	(x)	1	:	0.000000	0.000000	0.000000	0.000000	0.000000	0.000000	0.000000	0.000000	0.276412	0.500000	0.000000	0.000000	0.000000	0.223588
44	tsk_44	(x)	1	:	0.000000	0.000000	0.000000	0.000000	0.000000	0.000000	0.000000	0.000000	0.000000	0.000000	0.000000	0.000000	1.000000	0.000000
45	tsk_45	(x)	1	:	0.000000	0.000000	0.000000	0.000000	0.000000	0.000000	0.000000	0.000000	0.609558	0.000000	0.000000	0.000000	0.000000	0.390442
46	tsk_46	(x)	1	:	0.000000	0.000000	0.000000	0.000000	0.000000	0.000000	0.000000	0.000000	0.497622	0.000000	0.000000	0.262569	0.000000	0.239809
47	tsk_47	(x)	1	:	0.000000	0.000000	0.000000	0.000000	0.000000	0.000000	0.000000	0.000000	0.000000	0.000000	0.000000	0.000000	0.000000	1.000000
48	tsk_48	(x)	1	:	0.000000	0.000000	0.000000	0.000000	0.000000	0.000000	0.000000	0.000000	0.377305	0.500000	0.000000	0.000000	0.000000	0.122695
49	tsk_49	(x)	1	:	0.000000	0.000000	0.000000	0.000000	0.000000	0.402109	0.144511	0.000000	0.000000	0.453379	0.000000	0.000000	0.000000	0.000000
50	tsk_50	(x)	1	:	0.000000	0.000000	0.501244	0.000000	0.000000	0.000000	0.000000	0.000000	0.165482	0.000000	0.000000	0.000000	0.000000	0.333274
51	tsk_51	(x)	1	:	0.000000	0.000000	0.000000	0.000000	0.000000	0.494815	0.000000	0.000000	0.110633	0.000000	0.000000	0.276938	0.000000	0.117613
52	tsk_52	(x)	1	:	0.000000	0.000000	0.000000	0.000000	0.000000	0.000000	0.000000	0.486780	0.163932	0.000000	0.000000	0.000000	0.000000	0.349288
53	tsk_53	(x)	1	:	0.000000	0.000000	0.000000	0.000000	0.000000	0.000000	0.000000	0.486780	0.242666	0.000000	0.000000	0.000000	0.000000	0.270554
54	tsk_54	(x)	1	:	0.000000	0.000000	0.000000	0.000000	0.379457	0.422997	0.000000	0.000000	0.000000	0.000000	0.000000	0.197546	0.000000	0.000000
55	tsk_55	(x)	1	:	0.000000	0.000000	0.000000	0.000000	0.530970	0.000000	0.000000	0.000000	0.000000	0.469030	0.000000	0.000000	0.000000	0.000000
56	tsk_56	(x)	1	:	0.000000	0.000000	0.501244	0.000000	0.000000	0.000000	0.000000	0.000000	0.347065	0.000000	0.000000	0.000000	0.000000	0.151691
57	tsk_57	(x)	1	:	0.000000	0.000000	0.000000	0.000000	0.000000	0.000000	0.000000	0.000000	0.510474	0.000000	0.000000	0.000000	0.000000	0.489526
58	tsk_58	(x)	1	:	0.000000	0.000000	0.000000	0.000000	0.000000	0.494815	0.000000	0.000000	0.093866	0.000000	0.000000	0.276938	0.000000	0.134381
59	tsk_59	(x)	1	:	0.000000	0.000000	0.000000	0.000000	0.482354	0.000000	0.000000	0.000000	0.404230	0.000000	0.000000	0.000000	0.000000	0.113416
60	tsk_60	(x)	1	:	0.000000	0.000000	0.000000	0.000000	0.000000	0.494815	0.000000	0.000000	0.158651	0.000000	0.000000	0.000000	0.000000	0.346534
61	tsk_61	(x)	1	:	0.000000	0.000000	0.000000	0.000000	0.000000	0.000000	0.000000	0.000000	0.394842	0.000000	0.000000	0.000000	0.000000	0.605158
62	tsk_62	(x)	1	:	0.000000	0.000000	0.000000	0.000000	0.000000	0.000000	0.000000	0.000000	0.249510	0.500000	0.000000	0.000000	0.000000	0.250490
63	tsk_63	(x)	1	:	0.000000	0.000000	0.000000	0.000000	0.000000	0.000000	0.000000	0.000000	0.556320	0.000000	0.000000	0.000000	0.000000	0.443680
64	tsk_64	(x)	1	:	0.000000	0.000000	0.000000	0.000000	0.000000	0.000000	0.000000	0.000000	0.723184	0.000000	0.000000	0.000000	0.000000	0.276816
65	tsk_65	(x)	1	:	0.000000	0.000000	0.000000	0.000000	0.000000	0.000000	0.000000	0.000000	0.000000	1.000000	0.000000	0.000000	0.000000	0.000000
66	tsk_66	(x)	1	:	0.000000	0.615344	0.000000	0.000000	0.000000	0.000000	0.000000	0.000000	0.041714	0.000000	0.000000	0.000000	0.000000	0.342942
67	tsk_67	(x)	1	:	0.000000	0.000000	0.500709	0.000000	0.000000	0.000000	0.000000	0.000000	0.000000	0.499291	0.000000	0.000000	0.000000	0.000000
68	tsk_68	(x)	1	:	0.000000	0.000000	0.000000	0.000000	0.000000	0.000000	0.000000	0.000000	0.386153	0.000000	0.000000	0.000000	0.000000	0.613847
69	tsk_69	(x)	1	:	0.000000	0.000000	0.000000	0.000000	0.000000	0.000000	0.000000	0.000000	0.259644	0.000000	0.000000	0.000000	0.000000	0.740356
70	tsk_70	(x)	1	:	0.000000	0.000000	0.000000	0.000000	0.000000	0.790309	0.000000	0.000000	0.000000	0.000000	0.000000	0.209691	0.000000	0.000000
71	tsk_71	(x)	1	:	0.000000	0.000000	0.000000	0.000000	0.000000	0.494815	0.000000	0.000000	0.092495	0.000000	0.000000	0.276938	0.000000	0.135752
72	tsk_72	(x)	1	:	0.000000	0.000000	0.000000	0.000000	0.000000	0.494815	0.000000	0.000000	0.127081	0.000000	0.000000	0.276938	0.000000	0.101165
73	tsk_73	(x)	1	:	0.000000	0.000000	0.000000	0.000000	0.000000	0.494815	0.000000	0.000000	0.030689	0.000000	0.000000	0.276938	0.000000	0.197558
74	tsk_74	(x)	1	:	0.000000	0.000000	0.000000	0.000000	0.000000	0.000000	0.282261	0.000000	0.103250	0.000000	0.000000	0.262569	0.000000	0.351920
75	tsk_75	(x)	1	:	0.000000	0.000000	0.000000	0.000000	0.000000	0.483173	0.000000	0.000000	0.000000	0.000000	0.000000	0.516826	0.000000	0.000000
76	tsk_76	(x)	1	:	0.000000	0.000000	0.000000	0.000000	0.000000	0.494815	0.000000	0.000000	0.095564	0.000000	0.000000	0.276938	0.000000	0.132683
77	tsk_77	(x)	1	:	0.000000	0.000000	0.000000	0.000000	0.000000	0.494815	0.000000	0.000000	0.159977	0.000000	0.000000	0.276938	0.000000	0.068270
78	tsk_78	(x)	1	:	0.000000	0.000000	0.000000	0.000000	0.000000	0.494815	0.000000	0.000000	0.109855	0.000000	0.000000	0.276938	0.000000	0.118392
79	tsk_79	(x)	1	:	0.000000	0.000000	0.000000	0.000000	0.000000	0.000000	0.000000	0.000000	0.128576	0.000000	0.000000	0.500000	0.000000	0.371424
80	tsk_80	(x)	1	:	0.000000	0.000000	0.000000	0.000000	0.000000	0.000000	0.000000	0.486780	0.245822	0.000000	0.000000	0.000000	0.000000	0.267399
81	tsk_81	(x)	1	:	0.000000	0.000000	0.501244	0.000000	0.000000	0.000000	0.377817	0.000000	0.042526	0.000000	0.000000	0.000000	0.000000	0.078412
82	tsk_82	(x)	1	:	0.000000	0.000000	0.000000	0.000000	0.000000	0.000000	0.377817	0.000000	0.504080	0.000000	0.000000	0.000000	0.000000	0.118103
83	tsk_83	(x)	1	:	0.000000	0.000000	0.510567	0.000000	0.000000	0.000000	0.000000	0.489433	0.000000	0.000000	0.000000	0.000000	0.000000	0.000000
84	tsk_84	(x)	1	:	0.000000	0.000000	0.000000	0.000000	0.000000	0.000000	0.000000	0.486780	0.241942	0.000000	0.000000	0.000000	0.000000	0.271278
85	tsk_85	(x)	1	:	0.000000	0.000000	0.000000	0.000000	0.000000	0.000000	0.000000	1.000000	0.000000	0.000000	0.000000	0.000000	0.000000	0.000000
86	tsk_86	(x)	1	:	0.000000	0.000000	0.000000	0.000000	0.000000	0.000000	0.377817	0.000000	0.142601	0.000000	0.000000	0.000000	0.000000	0.479582
87	tsk_87	(x)	1	:	0.000000	0.000000	0.000000	0.000000	0.000000	0.529291	0.470709	0.000000	0.000000	0.000000	0.000000	0.000000	0.000000	0.000000
88	tsk_88	(x)	1	:	0.000000	0.000000	0.510567	0.000000	0.000000	0.000000	0.000000	0.489433	0.000000	0.000000	0.000000	0.000000	0.000000	0.000000
89	tsk_89	(x)	1	:	0.000000	0.000000	0.000000	0.000000	0.000000	0.000000	0.000000	0.473669	0.000000	0.526331	0.000000	0.000000	0.000000	0.000000
90	tsk_90	(x)	1	:	0.000000	0.615344	0.000000	0.000000	0.000000	0.000000	0.000000	0.000000	0.161336	0.000000	0.000000	0.000000	0.000000	0.223320
91	tsk_91	(x)	1	:	0.000000	0.000000	0.000000	0.000000	0.000000	0.000000	0.000000	0.000000	0.276544	0.500000	0.000000	0.000000	0.000000	0.223456
92	tsk_92	(x)	1	:	0.000000	0.000000	0.000000	0.389154	0.000000	0.000000	0.000000	0.000000	0.292510	0.108180	0.000000	0.000000	0.000000	0.210156
93	tsk_93	(x)	1	:	0.000000	0.000000	0.000000	0.000000	0.000000	0.000000	0.000000	0.000000	0.565726	0.000000	0.000000	0.000000	0.000000	0.434274
94	tsk_94	(x)	1	:	0.000000	0.000000	0.000000	0.000000	0.000000	0.000000	0.000000	0.000000	0.219716	0.500000	0.000000	0.000000	0.000000	0.280284
95	tsk_95	(x)	1	:	0.000000	0.000000	0.000000	0.000000	0.000000	0.000000	0.000000	0.486780	0.220857	0.000000	0.000000	0.000000	0.000000	0.292363
96	tsk_96	(x)	1	:	0.000000	0.615344	0.000000	0.000000	0.000000	0.000000	0.000000	0.000000	0.190087	0.000000	0.000000	0.000000	0.000000	0.194569
97	tsk_97	(x)	1	:	0.000000	0.000000	0.000000	0.000000	0.000000	0.000000	0.000000	0.486780	0.000000	0.000000	0.000000	0.000000	0.000000	0.513220
98	tsk_98	(x)	1	:	0.000000	0.000000	0.000000	0.000000	0.000000	0.000000	0.000000	0.000000	0.333713	0.500000	0.000000	0.000000	0.000000	0.166287
99	tsk_99	(x)	1	:	0.000000	0.615344	0.000000	0.000000	0.000000	0.000000	0.000000	0.000000	0.201460	0.000000	0.000000	0.000000	0.000000	0.183196
100	tsk_100	(x)	1	:	0.000000	0.000000	0.000000	0.000000	0.000000	0.000000	0.000000	0.000000	0.542209	0.000000	0.000000	0.000000	0.000000	0.457791
101	tsk_101	(x)	1	:	0.000000	0.000000	0.000000	0.000000	0.000000	0.000000	0.000000	0.000000	0.510154	0.000000	0.000000	0.000000	0.000000	0.489845
102	tsk_102	(x)	1	:	0.000000	0.000000	0.000000	0.000000	0.000000	0.000000	0.000000	0.486780	0.248290	0.000000	0.000000	0.000000	0.000000	0.264931
103	tsk_103	(x)	1	:	0.000000	0.000000	0.000000	0.000000	0.000000	0.000000	0.000000	0.000000	0.510301	0.000000	0.000000	0.000000	0.000000	0.489699
104	tsk_104	(x)	1	:	0.000000	0.000000	0.000000	0.000000	0.000000	0.000000	0.000000	0.486780	0.270705	0.000000	0.000000	0.000000	0.000000	0.242516
105	tsk_105	(x)	1	:	0.000000	0.000000	0.000000	0.000000	0.000000	0.000000	0.000000	0.486780	0.372445	0.000000	0.000000	0.000000	0.000000	0.140775
106	tsk_106	(x)	1	:	0.000000	0.000000	0.000000	0.000000	0.000000	0.000000	0.000000	1.000000	0.000000	0.000000	0.000000	0.000000	0.000000	0.000000
107	tsk_107	(x)	1	:	0.000000	0.000000	0.000000	0.000000	0.000000	0.000000	0.000000	1.000000	0.000000	0.000000	0.000000	0.000000	0.000000	0.000000
108	tsk_108	(x)	1	:	0.000000	0.000000	0.000000	0.000000	0.000000	0.000000	0.000000	0.486780	0.172919	0.000000	0.000000	0.000000	0.000000	0.340302
109	tsk_109	(x)	1	:	0.000000	0.000000	0.000000	0.000000	0.000000	0.000000	0.000000	0.486780	0.099943	0.000000	0.000000	0.000000	0.000000	0.413277
110	tsk_110	(x)	1	:	0.000000	0.000000	0.500709	0.000000	0.000000	0.000000	0.000000	0.000000	0.000000	0.499291	0.000000	0.000000	0.000000	0.000000
111	tsk_111	(x)	1	:	0.000000	0.000000	0.000000	0.000000	0.000000	0.497407	0.000000	0.000000	0.000000	0.502593	0.000000	0.000000	0.000000	0.000000
112	tsk_112	(x)	1	:	0.000000	0.000000	0.000000	0.000000	0.000000	0.494815	0.000000	0.000000	0.334587	0.000000	0.000000	0.000000	0.000000	0.170597
113	tsk_113	(x)	1	:	0.000000	0.000000	0.000000	0.000000	0.000000	0.000000	0.000000	0.000000	0.247677	0.500000	0.000000	0.000000	0.000000	0.252322
114	tsk_114	(x)	1	:	0.000000	0.000000	0.000000	0.000000	0.000000	0.497407	0.000000	0.000000	0.000000	0.502593	0.000000	0.000000	0.000000	0.000000
115	tsk_115	(x)	1	:	0.000000	0.000000	0.000000	0.000000	0.000000	0.000000	0.000000	0.000000	0.417998	0.500000	0.000000	0.000000	0.000000	0.082002
116	tsk_116	(x)	1	:	0.000000	0.000000	0.000000	0.000000	0.000000	1.000000	0.000000	0.000000	0.000000	0.000000	0.000000	0.000000	0.000000	0.000000
117	tsk_117	(x)	1	:	0.000000	0.000000	0.000000	0.000000	0.000000	0.497407	0.000000	0.000000	0.000000	0.502593	0.000000	0.000000	0.000000	0.000000
118	tsk_118	(x)	1	:	0.000000	0.000000	0.000000	0.000000	0.483300	0.000000	0.000000	0.000000	0.012612	0.500376	0.000000	0.000000	0.000000	0.003712
119	tsk_119	(x)	1	:	0.000000	0.000000	0.000000	0.000000	0.000000	0.494815	0.000000	0.000000	0.148083	0.000000	0.000000	0.262569	0.000000	0.094533
120	tsk_120	(x)	1	:	0.389523	0.000000	0.000000	0.000000	0.000000	0.000000	0.000000	0.000000	0.000000	0.610477	0.000000	0.000000	0.000000	0.000000
121	tsk_121	(x)	1	:	0.389526	0.000000	0.000000	0.000000	0.000000	0.000000	0.000000	0.000000	0.000000	0.610474	0.000000	0.000000	0.000000	0.000000
122	tsk_122	(x)	1	:	0.000000	0.000000	0.000000	0.000000	0.000000	0.000000	0.000000	0.000000	0.248419	0.500000	0.000000	0.000000	0.000000	0.251581
123	tsk_123	(x)	1	:	1.000000	0.000000	0.000000	0.000000	0.000000	0.000000	0.000000	0.000000	0.000000	0.000000	0.000000	0.000000	0.000000	0.000000
124	tsk_124	(x)	1	:	0.000000	0.000000	0.000000	0.000000	0.000000	0.497407	0.000000	0.000000	0.000000	0.502593	0.000000	0.000000	0.000000	0.000000
125	tsk_125	(x)	1	:	0.000000	0.000000	0.000000	0.000000	0.000000	0.000000	0.000000	0.000000	0.737431	0.000000	0.000000	0.262569	0.000000	0.000000
126	tsk_126	(x)	1	:	0.389527	0.000000	0.000000	0.000000	0.000000	0.000000	0.000000	0.000000	0.000000	0.610473	0.000000	0.000000	0.000000	0.000000
127	tsk_127	(x)	1	:	0.593039	0.000000	0.000000	0.000000	0.000000	0.000000	0.000000	0.000000	0.000000	0.406960	0.000000	0.000000	0.000000	0.000000
128	tsk_128	(x)	1	:	0.389511	0.000000	0.000000	0.000000	0.000000	0.000000	0.000000	0.473653	0.000000	0.136836	0.000000	0.000000	0.000000	0.000000
129	tsk_129	(x)	1	:	0.000000	0.000000	0.000000	0.000000	0.000000	0.000000	0.000000	0.000000	0.162670	0.500000	0.000000	0.000000	0.000000	0.337330
130	tsk_130	(x)	1	:	0.000000	0.000000	0.000000	0.000000	0.000000	1.000000	0.000000	0.000000	0.000000	0.000000	0.000000	0.000000	0.000000	0.000000
131	tsk_131	(x)	1	:	0.000000	0.000000	0.000000	0.000000	0.000000	0.569239	0.000000	0.000000	0.128775	0.000000	0.000000	0.000000	0.000000	0.301986
132	tsk_132	(x)	1	:	0.000000	0.000000	0.000000	0.000000	0.000000	0.000000	0.000000	0.000000	0.000000	1.000000	0.000000	0.000000	0.000000	0.000000
133	tsk_133	(x)	1	:	0.000000	0.000000	0.000000	0.000000	0.000000	0.497407	0.000000	0.000000	0.000000	0.502593	0.000000	0.000000	0.000000	0.000000
134	tsk_134	(x)	1	:	0.000000	0.000000	0.000000	0.000000	0.000000	0.509120	0.000000	0.490880	0.000000	0.000000	0.000000	0.000000	0.000000	0.000000
135	tsk_135	(x)	1	:	0.000000	0.000000	0.000000	0.000000	0.000000	1.000000	0.000000	0.000000	0.000000	0.000000	0.000000	0.000000	0.000000	0.000000
136	tsk_136	(x)	1	:	0.000000	0.000000	0.000000	0.000000	0.000000	1.000000	0.000000	0.000000	0.000000	0.000000	0.000000	0.000000	0.000000	0.000000
137	tsk_137	(x)	1	:	0.000000	0.000000	0.000000	0.000000	0.000000	1.000000	0.000000	0.000000	0.000000	0.000000	0.000000	0.000000	0.000000	0.000000
138	tsk_138	(x)	1	:	0.000000	0.000000	0.000000	0.000000	0.000000	0.569239	0.000000	0.000000	0.000000	0.000000	0.000000	0.000000	0.000000	0.430761
139	tsk_139	(x)	1	:	0.000000	0.000000	0.000000	0.000000	0.000000	0.569239	0.000000	0.000000	0.339522	0.000000	0.000000	0.000000	0.000000	0.091239
140	tsk_140	(x)	1	:	0.000000	0.000000	0.000000	0.000000	0.000000	0.000000	0.000000	0.000000	0.160936	0.500000	0.000000	0.000000	0.000000	0.339064
141	tsk_141	(x)	1	:	0.000000	1.000000	0.000000	0.000000	0.000000	0.000000	0.000000	0.000000	0.000000	0.000000	0.000000	0.000000	0.000000	0.000000
142	tsk_142	(x)	1	:	0.000000	0.615344	0.000000	0.000000	0.000000	0.000000	0.000000	0.000000	0.132405	0.000000	0.000000	0.000000	0.000000	0.252251
143	tsk_143	(x)	1	:	0.000000	0.000000	0.501244	0.000000	0.000000	0.000000	0.000000	0.000000	0.164286	0.000000	0.000000	0.262569	0.000000	0.071901
144	tsk_144	(x)	1	:	0.000000	0.000000	0.000000	0.000000	0.000000	0.000000	0.000000	0.000000	0.200025	0.500000	0.000000	0.000000	0.000000	0.299975
145	tsk_145	(x)	1	:	0.000000	0.000000	0.000000	0.000000	0.000000	1.000000	0.000000	0.000000	0.000000	0.000000	0.000000	0.000000	0.000000	0.000000
146	tsk_146	(x)	1	:	0.000000	0.000000	0.000000	0.000000	0.000000	1.000000	0.000000	0.000000	0.000000	0.000000	0.000000	0.000000	0.000000	0.000000
147	tsk_147	(x)	1	:	0.000000	1.000000	0.000000	0.000000	0.000000	0.000000	0.000000	0.000000	0.000000	0.000000	0.000000	0.000000	0.000000	0.000000
148	tsk_148	(x)	1	:	0.000000	0.000000	0.520892	0.000000	0.000000	0.479107	0.000000	0.000000	0.000000	0.000000	0.000000	0.000000	0.000000	0.000000
149	tsk_149	(x)	1	:	0.000000	0.000000	0.501244	0.000000	0.000000	0.000000	0.000000	0.000000	0.183658	0.000000	0.000000	0.000000	0.000000	0.315098
