0	tsk_0	(x)	1	:	0.494980	0.000000	0.000000	0.000000	0.000112	0.000000	0.504907	0.000000	0.000000	0.000000
1	tsk_1	(x)	1	:	0.000000	0.220517	0.000000	0.000000	0.000000	0.476952	0.000000	0.000000	0.286307	0.016224
2	tsk_2	(x)	1	:	0.000000	0.284948	0.000000	0.000000	0.000000	0.000000	0.000000	0.000000	0.715052	0.000000
3	tsk_3	(x)	1	:	0.511854	0.000000	0.000000	0.000000	0.000000	0.481327	0.000000	0.000000	0.000000	0.006819
4	tsk_4	(x)	1	:	0.000000	0.032855	0.000000	0.000000	0.000064	0.000000	0.498768	0.000000	0.468312	0.000000
5	tsk_5	(x)	1	:	0.000000	0.000000	0.000000	0.000000	0.000000	0.000000	0.515019	0.484981	0.000000	0.000000
6	tsk_6	(x)	1	:	0.494979	0.000000	0.000000	0.000000	0.000140	0.000000	0.504880	0.000001	0.000000	0.000000
7	tsk_7	(x)	1	:	1.000000	0.000000	0.000000	0.000000	0.000000	0.000000	0.000000	0.000000	0.000000	0.000000
8	tsk_8	(x)	1	:	0.500912	0.000000	0.000000	0.000000	0.499087	0.000000	0.000001	0.000000	0.000000	0.000000
9	tsk_9	(x)	1	:	0.000000	0.246935	0.000000	0.000000	0.000000	0.477035	0.000000	0.000000	0.259917	0.016114
10	tsk_10	(x)	1	:	0.000000	0.089161	0.000000	0.000000	0.000032	0.000000	0.498796	0.000000	0.412011	0.000000
11	tsk_11	(x)	1	:	0.000000	0.000000	0.000000	0.000000	0.000000	0.483014	0.000000	0.000000	0.000000	0.516986
12	tsk_12	(x)	1	:	0.000000	0.142729	0.000000	0.000000	0.000080	0.000000	0.498755	0.000000	0.358436	0.000000
13	tsk_13	(x)	1	:	0.493052	0.328437	0.000000	0.000000	0.000000	0.000000	0.000000	0.000000	0.178511	0.000000
14	tsk_14	(x)	1	:	0.000000	0.000000	0.000000	1.000000	0.000000	0.000000	0.000000	0.000000	0.000000	0.000000
15	tsk_15	(x)	1	:	0.000000	0.000000	0.000000	0.000000	0.000000	0.000000	0.503654	0.000000	0.000000	0.496346
16	tsk_16	(x)	1	:	0.000134	0.466899	0.000000	0.499882	0.000000	0.000000	0.000000	0.000000	0.033085	0.000000
17	tsk_17	(x)	1	:	0.000000	0.000000	0.000000	0.502642	0.000000	0.000000	0.000000	0.000000	0.000000	0.497358
18	tsk_18	(x)	1	:	0.473394	0.000000	0.000000	0.000000	0.289631	0.000000	0.236975	0.000000	0.000000	0.000000
19	tsk_19	(x)	1	:	0.000000	0.113010	0.000000	0.000000	0.000063	0.000000	0.498769	0.000000	0.388158	0.000000
20	tsk_20	(x)	1	:	0.000000	0.377365	0.000000	0.000000	0.000000	0.000000	0.000000	0.000000	0.622635	0.000000
21	tsk_21	(x)	1	:	1.000000	0.000000	0.000000	0.000000	0.000000	0.000000	0.000000	0.000000	0.000000	0.000000
22	tsk_22	(x)	1	:	0.493052	0.355471	0.000000	0.000000	0.000000	0.000000	0.000000	0.000000	0.151477	0.000000
23	tsk_23	(x)	1	:	0.493052	0.359893	0.000000	0.000000	0.000000	0.000000	0.000000	0.000000	0.147055	0.000000
24	tsk_24	(x)	1	:	0.493052	0.396652	0.000000	0.000000	0.000000	0.000000	0.000000	0.000000	0.110296	0.000000
25	tsk_25	(x)	1	:	0.493052	0.353579	0.000000	0.000000	0.000000	0.000000	0.000000	0.000000	0.153368	0.000000
26	tsk_26	(x)	1	:	0.000000	0.333937	0.000000	0.000000	0.000000	0.000000	0.000000	0.000000	0.666063	0.000000
27	tsk_27	(x)	1	:	1.000000	0.000000	0.000000	0.000000	0.000000	0.000000	0.000000	0.000000	0.000000	0.000000
28	tsk_28	(x)	1	:	1.000000	0.000000	0.000000	0.000000	0.000000	0.000000	0.000000	0.000000	0.000000	0.000000
29	tsk_29	(x)	1	:	0.000000	0.000000	0.000000	0.000000	0.999975	0.000000	0.000025	0.000000	0.000000	0.000000
30	tsk_30	(x)	1	:	0.000000	0.035585	0.000000	0.000000	0.000063	0.000000	0.498769	0.000000	0.465583	0.000000
31	tsk_31	(x)	1	:	0.000000	0.154875	0.000000	0.000000	0.000060	0.000000	0.498772	0.000000	0.346294	0.000000
32	tsk_32	(x)	1	:	0.483975	0.000000	0.000000	0.000000	0.000000	0.000000	0.000000	0.516025	0.000000	0.000000
33	tsk_33	(x)	1	:	0.000137	0.481703	0.000000	0.499879	0.000000	0.000000	0.000000	0.000000	0.018281	0.000000
34	tsk_34	(x)	1	:	0.483975	0.000000	0.000000	0.000000	0.000000	0.000000	0.000000	0.516025	0.000000	0.000000
35	tsk_35	(x)	1	:	0.000000	0.041612	0.000000	0.000000	0.000049	0.000000	0.498781	0.000000	0.459557	0.000000
36	tsk_36	(x)	1	:	0.000000	0.000000	0.000000	0.000000	0.000001	0.000000	0.999831	0.000168	0.000000	0.000000
37	tsk_37	(x)	1	:	0.000177	0.000000	0.000000	0.501182	0.000004	0.000000	0.003597	0.495041	0.000000	0.000000
38	tsk_38	(x)	1	:	0.000000	0.095228	0.000000	0.000000	0.000035	0.000000	0.498793	0.000000	0.405944	0.000000
39	tsk_39	(x)	1	:	0.452212	0.000000	0.000000	0.547788	0.000000	0.000000	0.000000	0.000000	0.000000	0.000000
40	tsk_40	(x)	1	:	0.505283	0.000000	0.013314	0.000000	0.000004	0.000000	0.481399	0.000000	0.000000	0.000000
41	tsk_41	(x)	1	:	0.000000	0.000000	0.000000	0.000000	0.000005	0.000000	0.999994	0.000000	0.000000	0.000000
42	tsk_42	(x)	1	:	0.000000	0.098738	0.000000	0.000000	0.477558	0.000000	0.000001	0.000000	0.423703	0.000000
43	tsk_43	(x)	1	:	0.494980	0.000000	0.000000	0.000000	0.000120	0.000000	0.504899	0.000000	0.000000	0.000000
44	tsk_44	(x)	1	:	0.000000	0.656123	0.000000	0.000000	0.000000	0.000000	0.000000	0.000000	0.343877	0.000000
45	tsk_45	(x)	1	:	0.500912	0.000000	0.000000	0.000000	0.499087	0.000000	0.000001	0.000000	0.000000	0.000000
46	tsk_46	(x)	1	:	0.000000	0.091150	0.000000	0.000000	0.000007	0.000000	0.007183	0.490012	0.411649	0.000000
47	tsk_47	(x)	1	:	0.494978	0.000000	0.000000	0.000000	0.000158	0.000000	0.504863	0.000000	0.000000	0.000000
48	tsk_48	(x)	1	:	0.000000	0.000000	0.000000	0.000000	0.000009	0.000000	0.999991	0.000001	0.000000	0.000000
49	tsk_49	(x)	1	:	0.000000	0.055052	0.000000	0.000000	0.000017	0.000000	0.007491	0.489774	0.447665	0.000000
50	tsk_50	(x)	1	:	1.000000	0.000000	0.000000	0.000000	0.000000	0.000000	0.000000	0.000000	0.000000	0.000000
51	tsk_51	(x)	1	:	0.505283	0.000000	0.013314	0.000000	0.000007	0.000000	0.481396	0.000000	0.000000	0.000000
52	tsk_52	(x)	1	:	0.489232	0.000000	0.000126	0.000000	0.279795	0.000000	0.230847	0.000000	0.000000	0.000000
53	tsk_53	(x)	1	:	0.000000	0.000000	0.000000	0.000000	0.482202	0.000000	0.517797	0.000000	0.000000	0.000000
54	tsk_54	(x)	1	:	0.497526	0.000003	0.000000	0.000000	0.000000	0.000003	0.000000	0.000000	0.000000	0.502468
55	tsk_55	(x)	1	:	0.497526	0.000004	0.000000	0.000000	0.000000	0.000003	0.000000	0.000000	0.000000	0.502468
56	tsk_56	(x)	1	:	0.000000	0.000000	0.000000	0.000000	0.295541	0.000000	0.704458	0.000001	0.000000	0.000000
57	tsk_57	(x)	1	:	0.459537	0.000000	0.000000	0.000000	0.374393	0.000000	0.166070	0.000000	0.000000	0.000000
58	tsk_58	(x)	1	:	0.000000	0.000000	0.000000	0.000000	0.482210	0.000000	0.517789	0.000001	0.000000	0.000000
59	tsk_59	(x)	1	:	0.505283	0.000000	0.013314	0.000000	0.000008	0.000000	0.481395	0.000000	0.000000	0.000000
60	tsk_60	(x)	1	:	0.000000	0.131891	0.000000	0.000000	0.477558	0.000000	0.000001	0.000000	0.390550	0.000000
61	tsk_61	(x)	1	:	0.497751	0.000000	0.000000	0.000000	0.000000	0.485017	0.000000	0.000000	0.000000	0.017231
62	tsk_62	(x)	1	:	0.494978	0.000000	0.000000	0.000000	0.000156	0.000000	0.504865	0.000000	0.000000	0.000000
63	tsk_63	(x)	1	:	0.500912	0.000000	0.000000	0.000000	0.499087	0.000000	0.000001	0.000000	0.000000	0.000000
64	tsk_64	(x)	1	:	0.493052	0.335773	0.000000	0.000000	0.000000	0.000000	0.000000	0.000000	0.171174	0.000000
65	tsk_65	(x)	1	:	1.000000	0.000000	0.000000	0.000000	0.000000	0.000000	0.000000	0.000000	0.000000	0.000000
66	tsk_66	(x)	1	:	0.000301	0.000000	0.000000	0.505667	0.494032	0.000000	0.000000	0.000000	0.000000	0.000000
67	tsk_67	(x)	1	:	1.000000	0.000000	0.000000	0.000000	0.000000	0.000000	0.000000	0.000000	0.000000	0.000000
68	tsk_68	(x)	1	:	0.493052	0.420871	0.000000	0.000000	0.000000	0.000000	0.000000	0.000000	0.086076	0.000000
69	tsk_69	(x)	1	:	0.493052	0.342739	0.000000	0.000000	0.000000	0.000000	0.000000	0.000000	0.164208	0.000000
70	tsk_70	(x)	1	:	0.000000	0.080802	0.000000	0.000000	0.000052	0.000000	0.498779	0.000000	0.420367	0.000000
71	tsk_71	(x)	1	:	0.000000	0.411661	0.166667	0.000000	0.000000	0.000000	0.000000	0.000000	0.421672	0.000000
72	tsk_72	(x)	1	:	0.457513	0.000000	0.131258	0.000000	0.000000	0.000000	0.000000	0.411229	0.000000	0.000000
73	tsk_73	(x)	1	:	0.000000	0.359008	0.166667	0.000000	0.000000	0.000000	0.000000	0.000000	0.474325	0.000000
74	tsk_74	(x)	1	:	0.499138	0.078138	0.291580	0.000000	0.000000	0.000000	0.000000	0.000000	0.131143	0.000000
75	tsk_75	(x)	1	:	0.496335	0.028048	0.462632	0.000000	0.000000	0.000000	0.000000	0.000000	0.012985	0.000000
76	tsk_76	(x)	1	:	0.000000	0.360043	0.166667	0.000000	0.000000	0.000000	0.000000	0.000000	0.473290	0.000000
77	tsk_77	(x)	1	:	0.000000	0.199590	0.000000	0.000000	0.000000	0.000000	0.000000	0.000000	0.800410	0.000000
78	tsk_78	(x)	1	:	0.499138	0.150842	0.291580	0.000000	0.000000	0.000000	0.000000	0.000000	0.058439	0.000000
79	tsk_79	(x)	1	:	0.000000	0.065528	0.000000	0.000000	0.000062	0.000000	0.498770	0.000000	0.435639	0.000000
80	tsk_80	(x)	1	:	0.509739	0.000000	0.021413	0.000000	0.468848	0.000000	0.000001	0.000000	0.000000	0.000000
81	tsk_81	(x)	1	:	0.505283	0.000000	0.013314	0.000000	0.000007	0.000000	0.481397	0.000000	0.000000	0.000000
82	tsk_82	(x)	1	:	0.505283	0.000000	0.013314	0.000000	0.000005	0.000000	0.481398	0.000000	0.000000	0.000000
83	tsk_83	(x)	1	:	0.000000	0.000000	0.000000	0.000000	0.000006	0.000000	0.999993	0.000001	0.000000	0.000000
84	tsk_84	(x)	1	:	0.509739	0.000000	0.021412	0.000000	0.468848	0.000000	0.000001	0.000000	0.000000	0.000000
85	tsk_85	(x)	1	:	1.000000	0.000000	0.000000	0.000000	0.000000	0.000000	0.000000	0.000000	0.000000	0.000000
86	tsk_86	(x)	1	:	0.000000	0.000000	0.000000	0.000000	0.399796	0.000000	0.600204	0.000000	0.000000	0.000000
87	tsk_87	(x)	1	:	0.000000	0.138521	0.000000	0.000000	0.477558	0.000000	0.000001	0.000000	0.383919	0.000000
88	tsk_88	(x)	1	:	0.509739	0.000000	0.021412	0.000000	0.468848	0.000000	0.000001	0.000000	0.000000	0.000000
89	tsk_89	(x)	1	:	0.000000	0.000000	0.000000	0.000000	0.000008	0.000000	0.999991	0.000001	0.000000	0.000000
90	tsk_90	(x)	1	:	0.000000	0.376865	0.000000	0.000000	0.000000	0.000000	0.000000	0.000000	0.623135	0.000000
91	tsk_91	(x)	1	:	0.000000	0.124557	0.000000	0.000000	0.000008	0.000000	0.011070	0.487096	0.377270	0.000000
92	tsk_92	(x)	1	:	0.000000	0.098951	0.000000	0.000000	0.000062	0.000000	0.498770	0.000000	0.402217	0.000000
93	tsk_93	(x)	1	:	0.000000	0.151774	0.000000	0.000000	0.477558	0.000000	0.000001	0.000000	0.370667	0.000000
94	tsk_94	(x)	1	:	0.000135	0.496339	0.000000	0.499881	0.000000	0.000000	0.000000	0.000000	0.003645	0.000000
95	tsk_95	(x)	1	:	0.000000	0.182949	0.000000	0.000000	0.000000	0.519945	0.000000	0.000000	0.297106	0.000000
96	tsk_96	(x)	1	:	0.000000	0.027504	0.000000	0.000000	0.000005	0.000000	0.007984	0.489413	0.475094	0.000000
97	tsk_97	(x)	1	:	0.000000	0.119214	0.000000	0.000000	0.477559	0.000000	0.000000	0.000000	0.403227	0.000000
98	tsk_98	(x)	1	:	0.000000	0.048021	0.000000	0.000000	0.000011	0.000000	0.009686	0.488133	0.454150	0.000000
99	tsk_99	(x)	1	:	0.000000	0.423605	0.000000	0.000000	0.000000	0.000000	0.000000	0.000000	0.085190	0.491204
100	tsk_100	(x)	1	:	1.000000	0.000000	0.000000	0.000000	0.000000	0.000000	0.000000	0.000000	0.000000	0.000000
101	tsk_101	(x)	1	:	0.000000	0.000000	0.000000	0.000000	0.494983	0.000000	0.000001	0.000000	0.000000	0.505016
102	tsk_102	(x)	1	:	0.000000	0.215136	0.000000	0.000000	0.000054	0.000000	0.498776	0.000000	0.286033	0.000000
103	tsk_103	(x)	1	:	0.000000	0.440278	0.000000	0.000000	0.000000	0.000000	0.000000	0.000000	0.559722	0.000000
104	tsk_104	(x)	1	:	0.000000	0.000000	0.000000	0.000000	0.000118	0.480805	0.504046	0.000001	0.000000	0.015030
105	tsk_105	(x)	1	:	0.000000	0.000000	0.000000	0.000000	0.000080	0.000001	0.504500	0.000000	0.000000	0.495419
106	tsk_106	(x)	1	:	1.000000	0.000000	0.000000	0.000000	0.000000	0.000000	0.000000	0.000000	0.000000	0.000000
107	tsk_107	(x)	1	:	0.497939	0.000000	0.000000	0.000000	0.000000	0.486723	0.000000	0.000000	0.000000	0.015339
108	tsk_108	(x)	1	:	0.000000	0.000000	0.000000	0.000000	0.000134	0.000000	0.504450	0.000001	0.000000	0.495414
109	tsk_109	(x)	1	:	0.000000	0.232683	0.000000	0.000000	0.000000	0.000000	0.000000	0.000000	0.276113	0.491204
110	tsk_110	(x)	1	:	0.000000	0.201637	0.000000	0.000000	0.527988	0.000000	0.000001	0.000000	0.270373	0.000000
111	tsk_111	(x)	1	:	0.511702	0.342920	0.000000	0.000000	0.000000	0.000000	0.000000	0.000000	0.145378	0.000000
112	tsk_112	(x)	1	:	0.506094	0.293012	0.068251	0.000000	0.000000	0.000000	0.000000	0.000000	0.132643	0.000000
113	tsk_113	(x)	1	:	0.505283	0.000000	0.013314	0.000000	0.000005	0.000000	0.481397	0.000000	0.000000	0.000000
114	tsk_114	(x)	1	:	0.000000	0.000000	0.000000	0.000000	0.000023	0.000001	0.009877	0.493098	0.000000	0.497001
115	tsk_115	(x)	1	:	0.500863	0.000000	0.000000	0.000000	0.499137	0.000000	0.000000	0.000000	0.000000	0.000000
116	tsk_116	(x)	1	:	0.000000	0.000000	0.000000	0.000000	0.608459	0.000000	0.391541	0.000000	0.000000	0.000000
117	tsk_117	(x)	1	:	0.509552	0.000000	0.000000	0.000000	0.000046	0.000000	0.490402	0.000000	0.000000	0.000000
118	tsk_118	(x)	1	:	0.000000	0.000000	0.000000	0.000000	0.000000	0.000002	0.000000	0.000000	0.000000	0.999998
119	tsk_119	(x)	1	:	0.511702	0.350754	0.000000	0.000000	0.000000	0.000000	0.000000	0.000000	0.137544	0.000000
120	tsk_120	(x)	1	:	0.000000	0.233597	0.000000	0.000000	0.000000	0.476976	0.000000	0.000000	0.273235	0.016192
121	tsk_121	(x)	1	:	0.000000	0.464910	0.000000	0.000000	0.000000	0.000000	0.000000	0.000000	0.535090	0.000000
122	tsk_122	(x)	1	:	0.000000	0.000000	0.000000	0.000000	0.493338	0.000000	0.000001	0.000000	0.000000	0.506660
123	tsk_123	(x)	1	:	0.498044	0.000000	0.000000	0.000000	0.000000	0.487676	0.000000	0.000000	0.000000	0.014280
124	tsk_124	(x)	1	:	0.000000	0.460116	0.000000	0.000000	0.000000	0.000000	0.000000	0.000000	0.539884	0.000000
125	tsk_125	(x)	1	:	0.000000	0.272807	0.000000	0.000000	0.000000	0.000000	0.000000	0.000000	0.194507	0.532685
126	tsk_126	(x)	1	:	0.000000	0.153640	0.000000	0.000000	0.000000	0.000000	0.000000	0.000000	0.355155	0.491204
127	tsk_127	(x)	1	:	0.000000	0.376112	0.000000	0.000000	0.000000	0.000000	0.000000	0.000000	0.623888	0.000000
128	tsk_128	(x)	1	:	0.000000	0.109203	0.000000	0.000000	0.477558	0.000000	0.000001	0.000000	0.413238	0.000000
129	tsk_129	(x)	1	:	0.483279	0.000000	0.000000	0.000000	0.000000	0.000000	0.000000	0.000000	0.000000	0.516721
130	tsk_130	(x)	1	:	0.000000	0.081797	0.166672	0.000000	0.000064	0.000000	0.498771	0.000000	0.252696	0.000000
131	tsk_131	(x)	1	:	0.505283	0.000000	0.013314	0.000000	0.000006	0.000000	0.481397	0.000000	0.000000	0.000000
132	tsk_132	(x)	1	:	0.000000	0.000000	0.000000	0.000000	0.999974	0.000000	0.000026	0.000000	0.000000	0.000000
133	tsk_133	(x)	1	:	0.500912	0.000000	0.000000	0.000000	0.499087	0.000000	0.000001	0.000000	0.000000	0.000000
134	tsk_134	(x)	1	:	0.506094	0.324138	0.068251	0.000000	0.000000	0.000000	0.000000	0.000000	0.101516	0.000000
135	tsk_135	(x)	1	:	0.000000	0.000000	0.000000	0.000000	0.000009	0.000000	0.999991	0.000000	0.000000	0.000000
136	tsk_136	(x)	1	:	0.000000	0.000000	0.000000	0.000000	0.000000	0.000000	0.515019	0.484981	0.000000	0.000000
137	tsk_137	(x)	1	:	0.000000	0.044598	0.166652	0.000000	0.000007	0.000000	0.007071	0.490092	0.291580	0.000000
138	tsk_138	(x)	1	:	0.000136	0.498361	0.000000	0.499880	0.000000	0.000000	0.000000	0.000000	0.001623	0.000000
139	tsk_139	(x)	1	:	0.000000	0.000000	0.000000	0.000000	0.999978	0.000000	0.000022	0.000000	0.000000	0.000000
140	tsk_140	(x)	1	:	0.000000	0.460189	0.000000	0.000000	0.000000	0.000000	0.000000	0.000000	0.539811	0.000000
141	tsk_141	(x)	1	:	0.000000	0.000000	0.000000	0.000000	0.000000	1.000000	0.000000	0.000000	0.000000	0.000000
142	tsk_142	(x)	1	:	0.448992	0.000000	0.121016	0.000000	0.000000	0.429991	0.000000	0.000000	0.000000	0.000000
143	tsk_143	(x)	1	:	0.000000	0.000000	0.000000	0.000000	0.396051	0.000000	0.121169	0.482780	0.000000	0.000000
144	tsk_144	(x)	1	:	0.000000	0.000000	0.000000	0.000000	0.000002	0.515356	0.484640	0.000002	0.000000	0.000000
145	tsk_145	(x)	1	:	0.000000	0.000000	0.000000	0.000000	0.000000	1.000000	0.000000	0.000000	0.000000	0.000000
146	tsk_146	(x)	1	:	0.000000	0.000000	0.000000	0.000000	0.000012	0.514738	0.485249	0.000001	0.000000	0.000000
147	tsk_147	(x)	1	:	0.000203	0.000000	0.000000	0.503167	0.000000	0.490034	0.000000	0.000000	0.000000	0.006596
148	tsk_148	(x)	1	:	0.000000	0.000000	0.000000	0.000000	0.000000	0.000000	0.515019	0.484981	0.000000	0.000000
149	tsk_149	(x)	1	:	0.000000	0.152424	0.000000	0.000000	0.000000	0.476903	0.000000	0.000000	0.354384	0.016289
