logL = -1918.344217 (converged)
AIC = 7136.688433
BIC = 12104.236669

count.K
10 14 20 36 14 8 25 10 13 

