logL = -991.281092 (converged)
AIC = 5246.562184
BIC = 10159.918984

count.K
17 20 19 6 58 3 2 6 19 

