logL = -2115.299495 (converged)
AIC = 5890.598989
BIC = 8389.426283

count.K
66 30 43 2 9 

