logL = -2749.203636 (converged)
AIC = 5950.407272
BIC = 6630.810848

count.K
58 92 

