logL = -1028.177750 (converged)
AIC = 6724.355500
BIC = 13751.178276

count.K
18 14 6 28 5 15 11 13 8 7 6 19 

