logL = -1561.057775 (converged)
AIC = 5538.115549
BIC = 9174.962984

count.K
5 8 18 6 85 14 14 

