logL = -1069.446110 (converged)
AIC = 2918.892221
BIC = 4093.039985

count.K
72 54 24 

