logL = -1409.958414 (converged)
AIC = 6011.916827
BIC = 10816.890757

count.K
29 4 21 12 24 14 28 10 8 

