logL = -769.410475 (converged)
AIC = 3422.820951
BIC = 6258.839398

count.K
68 6 6 32 29 9 

