logL = -900.264243 (converged)
AIC = 4476.528485
BIC = 8504.758509

count.K
10 13 10 20 31 28 29 9 

