logL = -942.477356 (converged)
AIC = 6764.954712
BIC = 14110.904830

count.K
15 33 1 1 14 7 11 14 2 19 11 14 4 4 

