logL = -993.162917 (converged)
AIC = 5486.325835
BIC = 10754.937599

count.K
16 18 5 15 3 11 8 4 65 5 

