logL = -1754.280599 (converged)
AIC = 7208.561197
BIC = 12778.236491

count.K
23 2 17 33 33 22 6 0 11 3 

