logL = -837.452021 (converged)
AIC = 2406.904041
BIC = 3508.796559

count.K
37 59 54 

