logL = -1668.786080 (converged)
AIC = 4165.572161
BIC = 5411.975172

count.K
59 36 55 

