logL = -1770.739877 (converged)
AIC = 6027.479754
BIC = 9769.699424

count.K
9 48 41 13 5 24 10 

