logL = -1469.544090 (converged)
AIC = 4569.088180
BIC = 7022.755944

count.K
14 43 22 48 23 

