logL = -2311.582561 (converged)
AIC = 6323.165121
BIC = 8882.205121

count.K
45 43 30 23 9 

