logL = -1620.258737 (converged)
AIC = 6720.517474
BIC = 11959.022885

count.K
36 6 11 6 4 5 7 18 14 43 

