logL = -883.018707 (converged)
AIC = 5882.037414
BIC = 12077.924849

count.K
9 3 9 12 16 2 43 12 12 19 13 0 

