logL = -3062.814164 (converged)
AIC = 6625.628328
BIC = 7378.287152

count.K
109 41 

