logL = -1282.294644 (converged)
AIC = 7584.589287
BIC = 15141.283875

count.K
17 20 6 3 1 0 19 20 1 37 2 11 10 3 

