logL = -1094.292963 (converged)
AIC = 5888.585926
BIC = 11458.261220

count.K
10 24 11 23 12 6 8 8 33 15 

