0	tsk_0	(x)	1	:	0.000000	0.000000	0.000000	0.307692	0.191435	0.000000	0.499476	0.000000	0.000000	0.000000	0.000000	0.000000	0.001397	0.000000
1	tsk_1	(x)	1	:	0.000000	0.000000	0.000000	0.779336	0.220664	0.000000	0.000000	0.000000	0.000000	0.000000	0.000000	0.000000	0.000000	0.000000
2	tsk_2	(x)	1	:	0.000000	0.000000	0.000000	0.000000	0.000000	0.399157	0.600842	0.000000	0.000000	0.000000	0.000000	0.000000	0.000000	0.000000
3	tsk_3	(x)	1	:	0.000000	0.000000	0.000000	0.543570	0.456430	0.000000	0.000000	0.000000	0.000000	0.000000	0.000000	0.000000	0.000000	0.000000
4	tsk_4	(x)	1	:	0.000000	0.000000	0.000000	0.340378	0.158393	0.000000	0.499263	0.000000	0.000000	0.000000	0.000000	0.000000	0.001966	0.000000
5	tsk_5	(x)	1	:	0.000000	0.000000	0.000000	0.240310	0.259700	0.000000	0.000000	0.499989	0.000000	0.000000	0.000000	0.000000	0.000000	0.000000
6	tsk_6	(x)	1	:	0.000000	0.000000	0.000000	0.000000	0.000000	0.000000	0.999999	0.000000	0.000000	0.000000	0.000000	0.000000	0.000000	0.000000
7	tsk_7	(x)	1	:	0.000000	0.000000	0.000000	0.212900	0.286602	0.000000	0.499701	0.000000	0.000000	0.000000	0.000000	0.000000	0.000797	0.000000
8	tsk_8	(x)	1	:	0.000000	0.000000	0.000000	0.000000	0.000000	0.000000	0.000000	1.000000	0.000000	0.000000	0.000000	0.000000	0.000000	0.000000
9	tsk_9	(x)	1	:	0.000000	0.000000	0.000000	0.242917	0.257544	0.473505	0.000000	0.000000	0.000000	0.000000	0.000000	0.000000	0.026034	0.000000
10	tsk_10	(x)	1	:	0.000000	0.000000	0.000000	0.303440	0.212126	0.000000	0.000000	0.000000	0.484434	0.000000	0.000000	0.000000	0.000000	0.000000
11	tsk_11	(x)	1	:	0.000000	0.000000	0.000000	0.006097	0.052388	0.000000	0.000000	0.000000	0.485334	0.000000	0.456180	0.000000	0.000000	0.000000
12	tsk_12	(x)	1	:	0.000000	0.000000	0.000000	0.130711	0.413657	0.000000	0.000000	0.000000	0.000000	0.000000	0.455631	0.000000	0.000000	0.000000
13	tsk_13	(x)	1	:	0.000000	0.000000	0.000000	0.133672	0.323177	0.000000	0.000000	0.000000	0.000000	0.000000	0.543151	0.000000	0.000000	0.000000
14	tsk_14	(x)	1	:	0.000000	0.000000	0.000000	0.674232	0.325768	0.000000	0.000000	0.000000	0.000000	0.000000	0.000000	0.000000	0.000000	0.000000
15	tsk_15	(x)	1	:	0.000000	0.000000	0.000000	0.718494	0.281506	0.000000	0.000000	0.000000	0.000000	0.000000	0.000000	0.000000	0.000000	0.000000
16	tsk_16	(x)	1	:	0.000000	0.000000	0.000000	0.000000	0.000000	1.000000	0.000000	0.000000	0.000000	0.000000	0.000000	0.000000	0.000000	0.000000
17	tsk_17	(x)	1	:	0.000000	0.000000	0.000000	0.286033	0.229262	0.000000	0.000000	0.000000	0.484705	0.000000	0.000000	0.000000	0.000000	0.000000
18	tsk_18	(x)	1	:	0.000000	0.000000	0.000000	0.000000	0.000000	0.537594	0.000000	0.000000	0.000000	0.000000	0.462389	0.000000	0.000017	0.000000
19	tsk_19	(x)	1	:	0.000000	0.000000	0.000000	0.000360	0.000415	0.522691	0.000000	0.000000	0.476534	0.000000	0.000000	0.000000	0.000000	0.000000
20	tsk_20	(x)	1	:	0.000000	0.000000	0.000000	0.117108	0.339821	0.000000	0.000000	0.000000	0.000000	0.000000	0.543071	0.000000	0.000000	0.000000
21	tsk_21	(x)	1	:	0.000000	0.000000	0.000000	0.088107	0.368712	0.000000	0.000000	0.000000	0.000000	0.000000	0.543181	0.000000	0.000000	0.000000
22	tsk_22	(x)	1	:	0.000000	0.000000	0.000000	0.126833	0.373188	0.000000	0.000000	0.499979	0.000000	0.000000	0.000000	0.000000	0.000000	0.000000
23	tsk_23	(x)	1	:	0.000000	0.000000	0.486070	0.380253	0.120670	0.000000	0.000000	0.000000	0.000000	0.000000	0.000000	0.000000	0.013007	0.000000
24	tsk_24	(x)	1	:	0.000000	0.000000	0.000000	0.000000	0.000000	0.000000	0.000000	0.485596	0.000000	0.000000	0.514404	0.000000	0.000000	0.000000
25	tsk_25	(x)	1	:	0.000000	0.000000	0.000000	0.000000	0.000000	0.000000	0.000000	0.000000	0.000000	0.000000	0.000000	0.503772	0.000000	0.496228
26	tsk_26	(x)	1	:	0.000000	0.000000	0.489707	0.000000	0.000000	0.000198	0.000000	0.000000	0.000000	0.000000	0.000000	0.000000	0.018350	0.491745
27	tsk_27	(x)	1	:	0.000000	0.000000	0.000000	0.242332	0.257680	0.000000	0.000000	0.499988	0.000000	0.000000	0.000000	0.000000	0.000000	0.000000
28	tsk_28	(x)	1	:	0.000000	0.000000	0.000000	0.136045	0.408085	0.000000	0.000000	0.000000	0.000000	0.000000	0.455870	0.000000	0.000000	0.000000
29	tsk_29	(x)	1	:	0.000000	0.000000	0.000000	0.000000	0.000000	0.000000	0.000000	0.000000	0.000000	1.000000	0.000000	0.000000	0.000000	0.000000
30	tsk_30	(x)	1	:	0.000000	0.000000	0.000000	0.013821	0.001863	0.000000	0.000000	0.000000	0.484981	0.000000	0.000000	0.493546	0.005788	0.000000
31	tsk_31	(x)	1	:	0.000000	0.000000	0.000000	0.000000	0.000000	0.452879	0.000000	0.000000	0.000000	0.000000	0.000000	0.547121	0.000000	0.000000
32	tsk_32	(x)	1	:	0.000000	0.000000	0.000000	0.298683	0.201546	0.473339	0.000000	0.000000	0.000000	0.000000	0.000000	0.000000	0.026432	0.000000
33	tsk_33	(x)	1	:	0.000000	0.000000	0.000000	0.000000	0.000000	0.473172	0.000000	0.000000	0.000000	0.000000	0.000000	0.112651	0.414177	0.000000
34	tsk_34	(x)	1	:	0.000000	0.000000	0.000000	0.000000	0.000000	0.000000	0.499473	0.000000	0.000000	0.000000	0.000000	0.492475	0.008051	0.000000
35	tsk_35	(x)	1	:	0.000000	0.000000	0.000000	0.000000	0.000000	0.000000	0.000000	0.000000	0.432129	0.567870	0.000000	0.000000	0.000000	0.000000
36	tsk_36	(x)	1	:	0.000000	0.000000	0.000000	0.000000	0.000000	0.452879	0.000000	0.000000	0.000000	0.000000	0.000000	0.547121	0.000000	0.000000
37	tsk_37	(x)	1	:	0.000000	0.000000	0.000000	0.140310	0.324538	0.000000	0.000000	0.000000	0.000000	0.000000	0.535152	0.000000	0.000000	0.000000
38	tsk_38	(x)	1	:	0.000000	0.000000	0.000000	0.207754	0.300096	0.000000	0.000000	0.000000	0.000000	0.000000	0.000000	0.000000	0.000000	0.492149
39	tsk_39	(x)	1	:	0.000000	0.000000	0.000000	0.000000	0.000000	1.000000	0.000000	0.000000	0.000000	0.000000	0.000000	0.000000	0.000000	0.000000
40	tsk_40	(x)	1	:	0.353524	0.000000	0.000000	0.544180	0.102296	0.000000	0.000000	0.000000	0.000000	0.000000	0.000000	0.000000	0.000000	0.000000
41	tsk_41	(x)	1	:	0.000000	0.000000	0.486304	0.341451	0.159865	0.000000	0.000000	0.000000	0.000000	0.000000	0.000000	0.000000	0.012379	0.000000
42	tsk_42	(x)	1	:	0.000000	0.000000	0.533997	0.000000	0.000000	0.466003	0.000000	0.000000	0.000000	0.000000	0.000000	0.000000	0.000000	0.000000
43	tsk_43	(x)	1	:	0.000000	0.000000	0.485361	0.000000	0.000000	0.000212	0.000000	0.000000	0.000000	0.000000	0.466949	0.000000	0.047478	0.000000
44	tsk_44	(x)	1	:	0.000000	0.000000	0.000000	0.469570	0.030507	0.000000	0.000000	0.000000	0.000000	0.000000	0.000000	0.378375	0.121548	0.000000
45	tsk_45	(x)	1	:	0.000000	0.000000	0.486823	0.277056	0.225133	0.000000	0.000000	0.000000	0.000000	0.000000	0.000000	0.000000	0.010988	0.000000
46	tsk_46	(x)	1	:	0.000000	0.000000	0.533997	0.000000	0.000000	0.466003	0.000000	0.000000	0.000000	0.000000	0.000000	0.000000	0.000000	0.000000
47	tsk_47	(x)	1	:	0.000000	0.000000	0.000000	0.126264	0.417850	0.000000	0.000000	0.000000	0.000000	0.000000	0.455886	0.000000	0.000000	0.000000
48	tsk_48	(x)	1	:	0.000000	0.000000	0.000000	0.700318	0.299682	0.000000	0.000000	0.000000	0.000000	0.000000	0.000000	0.000000	0.000000	0.000000
49	tsk_49	(x)	1	:	0.365993	0.000000	0.000000	0.104483	0.044714	0.484809	0.000000	0.000000	0.000000	0.000000	0.000000	0.000000	0.000000	0.000000
50	tsk_50	(x)	1	:	0.000000	0.000000	0.000000	0.000000	0.000000	0.000000	0.000000	1.000000	0.000000	0.000000	0.000000	0.000000	0.000000	0.000000
51	tsk_51	(x)	1	:	0.000000	0.000000	0.464084	0.000000	0.000000	0.000003	0.535913	0.000000	0.000000	0.000000	0.000000	0.000000	0.000000	0.000000
52	tsk_52	(x)	1	:	0.000000	0.000000	0.000000	0.000000	0.000000	0.000000	0.000000	0.000000	0.000000	0.000000	1.000000	0.000000	0.000000	0.000000
53	tsk_53	(x)	1	:	0.000000	0.000000	0.000000	0.000000	0.000000	0.000000	0.999999	0.000000	0.000000	0.000000	0.000000	0.000000	0.000000	0.000000
54	tsk_54	(x)	1	:	0.000000	0.000000	0.000000	0.000000	0.000000	0.000000	0.500011	0.000000	0.000000	0.000000	0.466952	0.000000	0.033037	0.000000
55	tsk_55	(x)	1	:	0.000000	0.000000	0.000000	0.000000	0.000000	0.473193	0.000000	0.500010	0.000000	0.000000	0.000000	0.000000	0.026797	0.000000
56	tsk_56	(x)	1	:	0.000000	0.000000	0.000000	0.000000	0.000000	0.000000	0.499571	0.499642	0.000000	0.000000	0.000000	0.000000	0.000787	0.000000
57	tsk_57	(x)	1	:	0.000000	0.499409	0.000000	0.046614	0.450559	0.000000	0.000000	0.000000	0.000000	0.000000	0.000000	0.000000	0.003418	0.000000
58	tsk_58	(x)	1	:	0.000000	0.000000	0.000000	0.000000	0.000000	0.000000	0.499622	0.499685	0.000000	0.000000	0.000000	0.000000	0.000693	0.000000
59	tsk_59	(x)	1	:	0.000000	0.000000	0.000000	0.000000	0.000000	0.000000	0.500011	0.000000	0.000000	0.000000	0.466952	0.000000	0.033037	0.000000
60	tsk_60	(x)	1	:	0.000000	0.000000	0.000000	0.000000	0.000000	0.000000	0.000000	0.000000	1.000000	0.000000	0.000000	0.000000	0.000000	0.000000
61	tsk_61	(x)	1	:	0.000000	0.000000	0.000000	0.000000	0.000000	0.399157	0.600842	0.000000	0.000000	0.000000	0.000000	0.000000	0.000000	0.000000
62	tsk_62	(x)	1	:	0.000000	0.000000	0.000000	0.000000	0.000000	0.000000	0.000000	0.000000	0.000000	0.000000	0.000000	0.503772	0.000000	0.496228
63	tsk_63	(x)	1	:	0.000000	0.000000	0.000000	0.183926	0.316955	0.473801	0.000000	0.000000	0.000000	0.000000	0.000000	0.000000	0.025317	0.000000
64	tsk_64	(x)	1	:	0.000000	0.000000	0.000000	0.005196	0.016562	0.000000	0.000000	0.000000	0.485844	0.000000	0.000000	0.000000	0.000154	0.492245
65	tsk_65	(x)	1	:	0.000000	0.000000	0.000000	0.007842	0.012279	0.474270	0.000000	0.000000	0.482907	0.000000	0.000000	0.000000	0.022702	0.000000
66	tsk_66	(x)	1	:	0.000000	0.000000	0.000000	0.326636	0.192023	0.000000	0.000000	0.000000	0.481341	0.000000	0.000000	0.000000	0.000000	0.000000
67	tsk_67	(x)	1	:	0.000000	0.000000	0.000000	0.000000	0.000000	0.510328	0.000000	0.000000	0.000000	0.000000	0.000000	0.000000	0.000000	0.489672
68	tsk_68	(x)	1	:	0.000000	0.000000	0.000000	0.014742	0.005186	0.474151	0.000000	0.000000	0.482927	0.000000	0.000000	0.000000	0.022994	0.000000
69	tsk_69	(x)	1	:	0.000000	0.000000	0.000000	0.000000	0.000000	0.000000	0.000000	0.000000	1.000000	0.000000	0.000000	0.000000	0.000000	0.000000
70	tsk_70	(x)	1	:	0.000000	0.000000	0.000000	0.000000	0.000000	0.000000	0.500000	0.000000	0.000000	0.000000	0.000000	0.000000	0.500000	0.000000
71	tsk_71	(x)	1	:	0.000000	0.000000	0.000000	0.000000	0.000000	0.000000	0.999999	0.000000	0.000000	0.000000	0.000000	0.000000	0.000000	0.000000
72	tsk_72	(x)	1	:	0.000000	0.000000	0.000000	0.000000	0.000000	0.000000	0.500000	0.000000	0.000000	0.000000	0.000000	0.000000	0.500000	0.000000
73	tsk_73	(x)	1	:	0.000000	0.000000	0.000000	0.000000	0.000000	0.000000	0.000000	0.000000	0.000000	0.000000	0.000000	0.000000	1.000000	0.000000
74	tsk_74	(x)	1	:	0.000000	0.000000	0.000000	0.000000	0.000000	0.000000	0.500000	0.000000	0.000000	0.000000	0.000000	0.000000	0.500000	0.000000
75	tsk_75	(x)	1	:	0.000000	0.000000	0.000000	0.000000	0.000000	0.000000	0.000000	0.000000	0.000000	0.000000	0.000000	0.000000	1.000000	0.000000
76	tsk_76	(x)	1	:	0.000000	0.000000	0.000000	0.000000	0.000000	0.000000	0.000000	0.000000	0.000000	0.000000	0.000000	0.000000	1.000000	0.000000
77	tsk_77	(x)	1	:	0.000000	0.000000	0.000000	0.000000	0.000000	0.000000	0.000000	0.000000	0.000000	0.000000	0.000000	0.000000	0.513711	0.486289
78	tsk_78	(x)	1	:	0.000000	0.000000	0.000000	0.000000	0.000000	0.000000	0.000000	0.500000	0.000000	0.000000	0.000000	0.000000	0.500000	0.000000
79	tsk_79	(x)	1	:	0.000000	0.000000	0.000000	0.000000	0.000000	0.000000	0.000000	0.000000	0.000000	0.000000	0.000000	0.000000	1.000000	0.000000
80	tsk_80	(x)	1	:	0.000000	0.000000	0.000000	0.429801	0.570199	0.000000	0.000000	0.000000	0.000000	0.000000	0.000000	0.000000	0.000000	0.000000
81	tsk_81	(x)	1	:	0.000000	0.000000	0.000000	0.692607	0.307393	0.000000	0.000000	0.000000	0.000000	0.000000	0.000000	0.000000	0.000000	0.000000
82	tsk_82	(x)	1	:	0.000000	0.000000	0.486861	0.366923	0.135332	0.000000	0.000000	0.000000	0.000000	0.000000	0.000000	0.000000	0.010884	0.000000
83	tsk_83	(x)	1	:	0.000000	0.000000	0.000000	0.350253	0.149235	0.000000	0.499693	0.000000	0.000000	0.000000	0.000000	0.000000	0.000818	0.000000
84	tsk_84	(x)	1	:	0.000000	0.000000	0.486544	0.331776	0.169946	0.000000	0.000000	0.000000	0.000000	0.000000	0.000000	0.000000	0.011734	0.000000
85	tsk_85	(x)	1	:	0.000000	0.000000	0.488231	0.246906	0.257645	0.000000	0.000000	0.000000	0.000000	0.000000	0.000000	0.000000	0.007218	0.000000
86	tsk_86	(x)	1	:	0.000000	0.000000	0.000000	0.120643	0.380059	0.473674	0.000000	0.000000	0.000000	0.000000	0.000000	0.000000	0.025624	0.000000
87	tsk_87	(x)	1	:	0.000000	0.000000	0.486206	0.336206	0.164947	0.000000	0.000000	0.000000	0.000000	0.000000	0.000000	0.000000	0.012641	0.000000
88	tsk_88	(x)	1	:	0.000000	0.000000	0.000000	0.825235	0.174764	0.000000	0.000000	0.000000	0.000000	0.000000	0.000000	0.000000	0.000000	0.000000
89	tsk_89	(x)	1	:	0.000000	0.000000	0.000000	0.243524	0.256765	0.473381	0.000000	0.000000	0.000000	0.000000	0.000000	0.000000	0.026331	0.000000
90	tsk_90	(x)	1	:	0.000000	0.000000	0.000000	0.848347	0.151653	0.000000	0.000000	0.000000	0.000000	0.000000	0.000000	0.000000	0.000000	0.000000
91	tsk_91	(x)	1	:	0.000000	0.000000	0.000000	0.134203	0.373651	0.000000	0.000000	0.000000	0.000000	0.000000	0.000000	0.000000	0.000000	0.492146
92	tsk_92	(x)	1	:	0.000000	0.000000	0.000000	0.142307	0.401724	0.000000	0.000000	0.000000	0.000000	0.000000	0.455969	0.000000	0.000000	0.000000
93	tsk_93	(x)	1	:	0.000000	0.000000	0.000000	0.228029	0.216296	0.555674	0.000000	0.000000	0.000000	0.000000	0.000000	0.000000	0.000000	0.000000
94	tsk_94	(x)	1	:	0.000000	0.000000	0.000000	0.000000	0.000000	0.510328	0.000000	0.000000	0.000000	0.000000	0.000000	0.000000	0.000000	0.489672
95	tsk_95	(x)	1	:	0.000000	0.000000	0.000000	0.742599	0.257401	0.000000	0.000000	0.000000	0.000000	0.000000	0.000000	0.000000	0.000000	0.000000
96	tsk_96	(x)	1	:	0.291958	0.000000	0.000000	0.135142	0.088764	0.484135	0.000000	0.000000	0.000000	0.000000	0.000000	0.000000	0.000000	0.000000
97	tsk_97	(x)	1	:	0.000000	0.000000	0.000000	0.217590	0.290263	0.000000	0.000000	0.000000	0.000000	0.000000	0.000000	0.000000	0.000000	0.492147
98	tsk_98	(x)	1	:	0.000000	0.000000	0.000000	0.000000	0.000000	0.510328	0.000000	0.000000	0.000000	0.000000	0.000000	0.000000	0.000000	0.489672
99	tsk_99	(x)	1	:	0.000000	0.000000	0.000000	0.858099	0.141901	0.000000	0.000000	0.000000	0.000000	0.000000	0.000000	0.000000	0.000000	0.000000
100	tsk_100	(x)	1	:	0.000000	0.000000	0.000000	0.220557	0.278182	0.000000	0.499244	0.000000	0.000000	0.000000	0.000000	0.000000	0.002017	0.000000
101	tsk_101	(x)	1	:	0.000000	0.000000	0.000000	0.708507	0.291493	0.000000	0.000000	0.000000	0.000000	0.000000	0.000000	0.000000	0.000000	0.000000
102	tsk_102	(x)	1	:	0.000000	0.000000	0.486936	0.321105	0.181275	0.000000	0.000000	0.000000	0.000000	0.000000	0.000000	0.000000	0.010684	0.000000
103	tsk_103	(x)	1	:	0.000000	0.000000	0.000000	0.359217	0.140049	0.000000	0.499560	0.000000	0.000000	0.000000	0.000000	0.000000	0.001174	0.000000
104	tsk_104	(x)	1	:	0.000000	0.000000	0.000000	0.848285	0.151715	0.000000	0.000000	0.000000	0.000000	0.000000	0.000000	0.000000	0.000000	0.000000
105	tsk_105	(x)	1	:	0.000000	0.000000	0.000000	0.637076	0.362924	0.000000	0.000000	0.000000	0.000000	0.000000	0.000000	0.000000	0.000000	0.000000
106	tsk_106	(x)	1	:	0.000000	0.000000	0.000000	0.115611	0.255319	0.000000	0.480119	0.000000	0.000000	0.000000	0.148951	0.000000	0.000000	0.000000
107	tsk_107	(x)	1	:	0.000000	0.000000	0.000000	0.774765	0.225235	0.000000	0.000000	0.000000	0.000000	0.000000	0.000000	0.000000	0.000000	0.000000
108	tsk_108	(x)	1	:	0.000000	0.000000	0.000000	0.739696	0.260304	0.000000	0.000000	0.000000	0.000000	0.000000	0.000000	0.000000	0.000000	0.000000
109	tsk_109	(x)	1	:	0.000000	0.000000	0.000000	0.698159	0.301841	0.000000	0.000000	0.000000	0.000000	0.000000	0.000000	0.000000	0.000000	0.000000
110	tsk_110	(x)	1	:	0.000000	0.000000	0.000000	0.304634	0.194804	0.000000	0.499663	0.000000	0.000000	0.000000	0.000000	0.000000	0.000899	0.000000
111	tsk_111	(x)	1	:	0.000000	0.499442	0.000000	0.313410	0.183983	0.000000	0.000000	0.000000	0.000000	0.000000	0.000000	0.000000	0.003165	0.000000
112	tsk_112	(x)	1	:	0.000000	0.000000	0.000000	0.666465	0.333535	0.000000	0.000000	0.000000	0.000000	0.000000	0.000000	0.000000	0.000000	0.000000
113	tsk_113	(x)	1	:	0.000000	0.499390	0.000000	0.061552	0.435489	0.000000	0.000000	0.000000	0.000000	0.000000	0.000000	0.000000	0.003569	0.000000
114	tsk_114	(x)	1	:	0.000000	0.000000	0.000000	0.557317	0.314623	0.000000	0.000000	0.000000	0.000000	0.000000	0.128060	0.000000	0.000000	0.000000
115	tsk_115	(x)	1	:	0.000000	0.499454	0.000000	0.266285	0.231193	0.000000	0.000000	0.000000	0.000000	0.000000	0.000000	0.000000	0.003068	0.000000
116	tsk_116	(x)	1	:	0.000000	0.000000	0.000000	0.506839	0.493161	0.000000	0.000000	0.000000	0.000000	0.000000	0.000000	0.000000	0.000000	0.000000
117	tsk_117	(x)	1	:	0.000000	0.499370	0.000000	0.104918	0.391982	0.000000	0.000000	0.000000	0.000000	0.000000	0.000000	0.000000	0.003730	0.000000
118	tsk_118	(x)	1	:	0.000000	0.000000	0.000000	0.000000	0.000000	0.000000	0.000000	0.000000	0.000000	1.000000	0.000000	0.000000	0.000000	0.000000
119	tsk_119	(x)	1	:	0.000000	0.499469	0.000000	0.000000	0.000000	0.000000	0.498404	0.000000	0.000000	0.000000	0.000000	0.000000	0.002127	0.000000
120	tsk_120	(x)	1	:	0.000000	0.000000	0.000000	0.000000	0.000000	0.000000	0.478309	0.000000	0.521691	0.000000	0.000000	0.000000	0.000000	0.000000
121	tsk_121	(x)	1	:	0.000000	0.000000	0.000000	0.261288	0.213687	0.525025	0.000000	0.000000	0.000000	0.000000	0.000000	0.000000	0.000000	0.000000
122	tsk_122	(x)	1	:	0.000000	0.000000	0.485440	0.000000	0.000000	0.000000	0.000000	0.000000	0.000000	0.000000	0.000000	0.378211	0.136349	0.000000
123	tsk_123	(x)	1	:	0.000000	0.000000	0.000000	0.000000	0.000000	0.000000	0.503351	0.000000	0.000000	0.000000	0.000000	0.000000	0.006179	0.490470
124	tsk_124	(x)	1	:	0.000000	0.000000	0.464084	0.000000	0.000000	0.000003	0.535913	0.000000	0.000000	0.000000	0.000000	0.000000	0.000000	0.000000
125	tsk_125	(x)	1	:	0.000000	0.000000	0.000000	0.000000	0.000000	0.399157	0.600842	0.000000	0.000000	0.000000	0.000000	0.000000	0.000000	0.000000
126	tsk_126	(x)	1	:	0.000000	0.000000	0.000000	0.000000	0.000000	0.399157	0.600842	0.000000	0.000000	0.000000	0.000000	0.000000	0.000000	0.000000
127	tsk_127	(x)	1	:	0.000000	0.000000	0.000000	0.384060	0.171506	0.000000	0.000000	0.444434	0.000000	0.000000	0.000000	0.000000	0.000000	0.000000
128	tsk_128	(x)	1	:	0.000000	0.000000	0.000000	0.303630	0.196110	0.000000	0.499843	0.000000	0.000000	0.000000	0.000000	0.000000	0.000418	0.000000
129	tsk_129	(x)	1	:	0.000000	0.000000	0.000000	0.204870	0.294411	0.000000	0.499568	0.000000	0.000000	0.000000	0.000000	0.000000	0.001152	0.000000
130	tsk_130	(x)	1	:	0.000000	0.000000	0.551524	0.327512	0.120964	0.000000	0.000000	0.000000	0.000000	0.000000	0.000000	0.000000	0.000000	0.000000
131	tsk_131	(x)	1	:	0.000000	0.000000	0.000000	0.323659	0.175259	0.000000	0.499351	0.000000	0.000000	0.000000	0.000000	0.000000	0.001730	0.000000
132	tsk_132	(x)	1	:	0.000000	0.000000	0.000000	0.554723	0.445276	0.000000	0.000000	0.000000	0.000000	0.000000	0.000000	0.000000	0.000000	0.000000
133	tsk_133	(x)	1	:	0.000000	0.000000	0.000000	0.000000	0.000000	0.000000	0.000000	0.000000	1.000000	0.000000	0.000000	0.000000	0.000000	0.000000
134	tsk_134	(x)	1	:	0.000000	0.000000	0.583005	0.000000	0.000000	0.000000	0.416994	0.000000	0.000000	0.000000	0.000000	0.000000	0.000000	0.000000
135	tsk_135	(x)	1	:	0.000000	0.000000	0.524338	0.368327	0.107335	0.000000	0.000000	0.000000	0.000000	0.000000	0.000000	0.000000	0.000000	0.000000
136	tsk_136	(x)	1	:	0.000000	0.000000	0.524336	0.408037	0.067627	0.000000	0.000000	0.000000	0.000000	0.000000	0.000000	0.000000	0.000000	0.000000
137	tsk_137	(x)	1	:	0.000000	0.000000	0.000000	0.706997	0.293003	0.000000	0.000000	0.000000	0.000000	0.000000	0.000000	0.000000	0.000000	0.000000
138	tsk_138	(x)	1	:	0.000000	0.000000	0.000000	0.675363	0.324636	0.000000	0.000000	0.000000	0.000000	0.000000	0.000000	0.000000	0.000000	0.000000
139	tsk_139	(x)	1	:	0.000000	0.000000	0.000000	0.010817	0.007430	0.473699	0.000000	0.000000	0.483576	0.000000	0.000000	0.000000	0.024478	0.000000
140	tsk_140	(x)	1	:	0.000000	0.000000	0.000000	0.215391	0.284623	0.000000	0.000000	0.499985	0.000000	0.000000	0.000000	0.000000	0.000000	0.000000
141	tsk_141	(x)	1	:	0.000000	0.000000	0.000000	0.340185	0.159826	0.000000	0.000000	0.499988	0.000000	0.000000	0.000000	0.000000	0.000000	0.000000
142	tsk_142	(x)	1	:	0.000000	0.000000	0.000000	0.000000	0.000000	0.000000	0.000000	1.000000	0.000000	0.000000	0.000000	0.000000	0.000000	0.000000
143	tsk_143	(x)	1	:	0.000000	0.000000	0.000000	0.232826	0.267191	0.000000	0.000000	0.499982	0.000000	0.000000	0.000000	0.000000	0.000000	0.000000
144	tsk_144	(x)	1	:	0.000000	0.000000	0.000000	0.240167	0.259843	0.000000	0.000000	0.499990	0.000000	0.000000	0.000000	0.000000	0.000000	0.000000
145	tsk_145	(x)	1	:	0.000000	0.000000	0.000000	0.233757	0.266253	0.000000	0.000000	0.499990	0.000000	0.000000	0.000000	0.000000	0.000000	0.000000
146	tsk_146	(x)	1	:	0.000000	0.000000	0.000000	0.000000	0.000000	0.000000	0.000000	1.000000	0.000000	0.000000	0.000000	0.000000	0.000000	0.000000
147	tsk_147	(x)	1	:	0.000000	0.000000	0.000000	0.216920	0.283089	0.000000	0.000000	0.499991	0.000000	0.000000	0.000000	0.000000	0.000000	0.000000
148	tsk_148	(x)	1	:	0.000000	0.000000	0.000000	0.232941	0.266740	0.000000	0.000000	0.499835	0.000000	0.000000	0.000000	0.000000	0.000484	0.000000
149	tsk_149	(x)	1	:	0.000000	0.000000	0.000000	0.293441	0.206575	0.000000	0.000000	0.499984	0.000000	0.000000	0.000000	0.000000	0.000000	0.000000
