logL = -1796.003417 (converged)
AIC = 4044.006834
BIC = 4724.410410

count.K
95 55 

