logL = -1254.897539 (converged)
AIC = 4139.795078
BIC = 6593.462843

count.K
6 5 21 69 49 

