logL = -1475.398987 (converged)
AIC = 6918.797974
BIC = 12891.898398

count.K
3 2 18 25 10 16 12 9 38 10 7 

