logL = -981.459761 (converged)
AIC = 4266.919521
BIC = 7735.171380

count.K
24 9 8 46 25 31 7 

