logL = -1978.506714 (converged)
AIC = 6583.013428
BIC = 10535.977569

count.K
14 32 15 22 14 37 16 

