logL = -1338.257678 (converged)
AIC = 5868.515356
BIC = 10673.489285

count.K
47 7 20 5 16 15 5 14 21 

