logL = -1513.723655 (converged)
AIC = 5373.447310
BIC = 8904.922510

count.K
8 50 26 1 6 16 43 

