logL = -677.931590 (converged)
AIC = 5059.863179
BIC = 10635.559744

count.K
20 10 7 4 2 18 37 11 5 23 13 

