logL = -1612.028338 (converged)
AIC = 7236.056676
BIC = 13275.391076

count.K
5 32 13 4 4 16 47 9 2 7 11 

