logL = -720.959040 (converged)
AIC = 5557.918080
BIC = 11753.805515

count.K
5 12 17 4 9 2 5 0 65 3 2 26 

