logL = -2208.838383 (converged)
AIC = 10267.676766
BIC = 19073.785001

count.K
15 6 19 9 4 3 9 1 23 16 2 25 3 11 4 

