logL = -761.366687 (converged)
AIC = 5138.733374
BIC = 10581.961986

count.K
11 28 2 12 21 4 1 21 5 3 42 

