logL = -1242.151492 (converged)
AIC = 7532.302984
BIC = 15131.146466

count.K
1 1 16 9 30 4 15 15 10 36 9 1 2 1 

