0	tsk_0	(x)	1	:	0.000000	0.000000	0.526091	0.000000	0.000000	0.000000	0.000017	0.473891	0.000000
1	tsk_1	(x)	1	:	0.000000	0.000000	0.516038	0.483958	0.000000	0.000000	0.000000	0.000004	0.000000
2	tsk_2	(x)	1	:	0.508086	0.000000	0.000179	0.000000	0.000000	0.000000	0.000020	0.491715	0.000000
3	tsk_3	(x)	1	:	0.000000	0.517415	0.000000	0.482577	0.000000	0.000000	0.000000	0.000008	0.000000
4	tsk_4	(x)	1	:	0.502033	0.000000	0.000263	0.497375	0.000000	0.000000	0.000000	0.000051	0.000278
5	tsk_5	(x)	1	:	0.000000	0.000000	0.521248	0.000000	0.000000	0.000000	0.000000	0.000143	0.478609
6	tsk_6	(x)	1	:	0.000000	0.000000	0.521373	0.000000	0.478571	0.000000	0.000000	0.000056	0.000000
7	tsk_7	(x)	1	:	0.506930	0.000000	0.000141	0.000000	0.491014	0.000000	0.000000	0.000904	0.001011
8	tsk_8	(x)	1	:	0.000000	0.000000	1.000000	0.000000	0.000000	0.000000	0.000000	0.000000	0.000000
9	tsk_9	(x)	1	:	0.000000	0.000000	0.516038	0.483958	0.000000	0.000000	0.000000	0.000004	0.000000
10	tsk_10	(x)	1	:	0.502086	0.000000	0.000208	0.497402	0.000000	0.000000	0.000000	0.000085	0.000219
11	tsk_11	(x)	1	:	0.507131	0.000000	0.000114	0.000000	0.491547	0.000000	0.000000	0.000602	0.000607
12	tsk_12	(x)	1	:	0.502050	0.000000	0.000244	0.497382	0.000000	0.000000	0.000000	0.000067	0.000257
13	tsk_13	(x)	1	:	0.506473	0.000000	0.000065	0.000000	0.000000	0.000000	0.493425	0.000036	0.000000
14	tsk_14	(x)	1	:	1.000000	0.000000	0.000000	0.000000	0.000000	0.000000	0.000000	0.000000	0.000000
15	tsk_15	(x)	1	:	0.000000	0.000000	0.000000	0.516775	0.483225	0.000000	0.000000	0.000000	0.000000
16	tsk_16	(x)	1	:	0.000000	0.000000	0.000000	0.000000	0.494041	0.000000	0.000017	0.505942	0.000000
17	tsk_17	(x)	1	:	0.000000	0.000000	0.000000	0.000000	0.328714	0.000000	0.000000	0.000000	0.671286
18	tsk_18	(x)	1	:	0.000000	0.000000	0.000000	0.510909	0.000000	0.000000	0.000006	0.489085	0.000000
19	tsk_19	(x)	1	:	0.506468	0.000000	0.000069	0.000000	0.000000	0.000000	0.493409	0.000054	0.000000
20	tsk_20	(x)	1	:	0.480636	0.000000	0.000018	0.000000	0.000000	0.000000	0.000000	0.519346	0.000000
21	tsk_21	(x)	1	:	0.000000	1.000000	0.000000	0.000000	0.000000	0.000000	0.000000	0.000000	0.000000
22	tsk_22	(x)	1	:	0.506478	0.000000	0.000059	0.000000	0.000000	0.000000	0.493417	0.000046	0.000000
23	tsk_23	(x)	1	:	0.000000	0.000000	0.000000	0.000000	0.444002	0.000000	0.555998	0.000000	0.000000
24	tsk_24	(x)	1	:	0.000000	0.000000	0.000000	0.000000	0.000000	0.000000	1.000000	0.000000	0.000000
25	tsk_25	(x)	1	:	0.000000	0.000000	0.000000	0.516775	0.483225	0.000000	0.000000	0.000000	0.000000
26	tsk_26	(x)	1	:	0.506976	0.492887	0.000137	0.000000	0.000000	0.000000	0.000000	0.000000	0.000000
27	tsk_27	(x)	1	:	0.000000	1.000000	0.000000	0.000000	0.000000	0.000000	0.000000	0.000000	0.000000
28	tsk_28	(x)	1	:	0.000000	0.500769	0.000000	0.000000	0.000000	0.000000	0.499231	0.000000	0.000000
29	tsk_29	(x)	1	:	0.000000	0.500119	0.000000	0.000000	0.000000	0.000000	0.499793	0.000088	0.000000
30	tsk_30	(x)	1	:	1.000000	0.000000	0.000000	0.000000	0.000000	0.000000	0.000000	0.000000	0.000000
31	tsk_31	(x)	1	:	0.506488	0.000000	0.000049	0.000000	0.000000	0.000000	0.493427	0.000036	0.000000
32	tsk_32	(x)	1	:	0.000000	0.000000	0.000000	0.000000	1.000000	0.000000	0.000000	0.000000	0.000000
33	tsk_33	(x)	1	:	0.000000	0.000000	0.000000	0.486186	0.000000	0.000000	0.000000	0.000000	0.513814
34	tsk_34	(x)	1	:	0.000000	0.475147	0.524853	0.000000	0.000000	0.000000	0.000000	0.000000	0.000000
35	tsk_35	(x)	1	:	0.000000	0.000000	0.000000	0.000000	0.493449	0.000000	0.506412	0.000139	0.000000
36	tsk_36	(x)	1	:	0.506492	0.000000	0.000044	0.000000	0.000000	0.000000	0.493424	0.000040	0.000000
37	tsk_37	(x)	1	:	0.488595	0.000000	0.000022	0.000000	0.511383	0.000000	0.000000	0.000000	0.000000
38	tsk_38	(x)	1	:	0.000000	0.000000	0.000000	0.000000	0.438028	0.000000	0.000000	0.561972	0.000000
39	tsk_39	(x)	1	:	0.000000	0.000000	0.000000	0.000000	0.438028	0.000000	0.000000	0.561972	0.000000
40	tsk_40	(x)	1	:	0.502062	0.000000	0.000230	0.497384	0.000000	0.000000	0.000000	0.000080	0.000244
41	tsk_41	(x)	1	:	0.604558	0.000000	0.395442	0.000000	0.000000	0.000000	0.000000	0.000000	0.000000
42	tsk_42	(x)	1	:	0.000011	0.539051	0.460938	0.000000	0.000000	0.000000	0.000000	0.000000	0.000000
43	tsk_43	(x)	1	:	0.000017	0.000000	0.496931	0.000000	0.497167	0.000000	0.000000	0.005885	0.000000
44	tsk_44	(x)	1	:	0.000000	0.000000	0.437511	0.000000	0.262328	0.000000	0.000000	0.000000	0.300161
45	tsk_45	(x)	1	:	0.000000	0.000000	0.000000	0.514203	0.000000	0.000000	0.000000	0.000000	0.485797
46	tsk_46	(x)	1	:	0.000011	0.505887	0.494102	0.000000	0.000000	0.000000	0.000000	0.000000	0.000000
47	tsk_47	(x)	1	:	0.000000	0.497357	0.000000	0.501753	0.000000	0.000000	0.000000	0.000890	0.000000
48	tsk_48	(x)	1	:	0.502032	0.000000	0.000259	0.497365	0.000000	0.000000	0.000000	0.000072	0.000273
49	tsk_49	(x)	1	:	0.000030	0.000000	0.474953	0.000000	0.525017	0.000000	0.000000	0.000000	0.000000
50	tsk_50	(x)	1	:	0.000027	0.000000	0.495351	0.000000	0.000000	0.000000	0.000017	0.504605	0.000000
51	tsk_51	(x)	1	:	1.000000	0.000000	0.000000	0.000000	0.000000	0.000000	0.000000	0.000000	0.000000
52	tsk_52	(x)	1	:	1.000000	0.000000	0.000000	0.000000	0.000000	0.000000	0.000000	0.000000	0.000000
53	tsk_53	(x)	1	:	0.485005	0.000000	0.000018	0.000000	0.514977	0.000000	0.000000	0.000000	0.000000
54	tsk_54	(x)	1	:	1.000000	0.000000	0.000000	0.000000	0.000000	0.000000	0.000000	0.000000	0.000000
55	tsk_55	(x)	1	:	0.326376	0.000000	0.167722	0.000000	0.000000	0.000000	0.000005	0.071322	0.434575
56	tsk_56	(x)	1	:	0.508154	0.000000	0.000103	0.000000	0.000000	0.000000	0.000019	0.491723	0.000000
57	tsk_57	(x)	1	:	0.522880	0.000000	0.000000	0.000000	0.000000	0.000000	0.000000	0.000000	0.477120
58	tsk_58	(x)	1	:	0.328360	0.000000	0.165466	0.000000	0.000000	0.000000	0.000008	0.072650	0.433516
59	tsk_59	(x)	1	:	1.000000	0.000000	0.000000	0.000000	0.000000	0.000000	0.000000	0.000000	0.000000
60	tsk_60	(x)	1	:	0.000000	0.000000	0.000000	1.000000	0.000000	0.000000	0.000000	0.000000	0.000000
61	tsk_61	(x)	1	:	0.000000	0.000000	0.000000	0.486186	0.000000	0.000000	0.000000	0.000000	0.513814
62	tsk_62	(x)	1	:	0.000000	0.494008	0.000000	0.000000	0.000000	0.505992	0.000000	0.000000	0.000000
63	tsk_63	(x)	1	:	0.604558	0.000000	0.395442	0.000000	0.000000	0.000000	0.000000	0.000000	0.000000
64	tsk_64	(x)	1	:	0.000000	0.000000	0.000000	0.486186	0.000000	0.000000	0.000000	0.000000	0.513814
65	tsk_65	(x)	1	:	0.000000	0.000000	0.000000	1.000000	0.000000	0.000000	0.000000	0.000000	0.000000
66	tsk_66	(x)	1	:	0.000000	0.000000	0.000000	0.486186	0.000000	0.000000	0.000000	0.000000	0.513814
67	tsk_67	(x)	1	:	0.000000	0.000000	0.000000	0.000000	0.000000	0.505595	0.000000	0.000000	0.494405
68	tsk_68	(x)	1	:	0.000029	0.000000	0.492435	0.505093	0.000000	0.000000	0.000000	0.002443	0.000000
69	tsk_69	(x)	1	:	0.604558	0.000000	0.395442	0.000000	0.000000	0.000000	0.000000	0.000000	0.000000
70	tsk_70	(x)	1	:	1.000000	0.000000	0.000000	0.000000	0.000000	0.000000	0.000000	0.000000	0.000000
71	tsk_71	(x)	1	:	0.506941	0.000000	0.000135	0.000000	0.491083	0.000000	0.000000	0.000992	0.000848
72	tsk_72	(x)	1	:	0.506976	0.000000	0.000127	0.000000	0.491144	0.000000	0.000000	0.000903	0.000850
73	tsk_73	(x)	1	:	0.508123	0.000000	0.000138	0.000000	0.000000	0.000000	0.000016	0.491723	0.000000
74	tsk_74	(x)	1	:	1.000000	0.000000	0.000000	0.000000	0.000000	0.000000	0.000000	0.000000	0.000000
75	tsk_75	(x)	1	:	0.000000	0.000000	0.000000	0.000000	0.460907	0.000000	0.000000	0.000000	0.539093
76	tsk_76	(x)	1	:	0.000000	0.000000	0.000000	0.000000	1.000000	0.000000	0.000000	0.000000	0.000000
77	tsk_77	(x)	1	:	1.000000	0.000000	0.000000	0.000000	0.000000	0.000000	0.000000	0.000000	0.000000
78	tsk_78	(x)	1	:	0.507083	0.000000	0.000134	0.000000	0.491382	0.000000	0.000000	0.000503	0.000897
79	tsk_79	(x)	1	:	0.507093	0.000000	0.000095	0.000000	0.491485	0.000000	0.000000	0.000895	0.000431
80	tsk_80	(x)	1	:	0.000000	0.000000	0.000000	0.000000	0.000000	0.000000	0.000018	0.999982	0.000000
81	tsk_81	(x)	1	:	0.000000	0.000000	0.000000	0.000000	0.000000	0.000000	0.000009	0.498344	0.501647
82	tsk_82	(x)	1	:	0.000000	0.000000	0.528692	0.000000	0.000000	0.000000	0.000022	0.471286	0.000000
83	tsk_83	(x)	1	:	0.000000	0.000000	0.000000	0.510910	0.000000	0.000000	0.000010	0.489080	0.000000
84	tsk_84	(x)	1	:	0.000000	0.000000	0.528692	0.000000	0.000000	0.000000	0.000022	0.471286	0.000000
85	tsk_85	(x)	1	:	0.000000	0.000000	0.000000	0.000000	0.494041	0.000000	0.000013	0.505946	0.000000
86	tsk_86	(x)	1	:	0.000000	0.000000	0.000000	0.000000	0.000000	0.000000	0.000021	0.999979	0.000000
87	tsk_87	(x)	1	:	0.000000	0.000000	0.528691	0.000000	0.000000	0.000000	0.000011	0.471297	0.000000
88	tsk_88	(x)	1	:	0.000000	0.000000	0.000000	0.000000	0.000000	0.000000	0.000011	0.498342	0.501647
89	tsk_89	(x)	1	:	0.000000	0.501021	0.000000	0.000000	0.000000	0.000000	0.000011	0.498968	0.000000
90	tsk_90	(x)	1	:	0.000000	0.000000	0.000000	1.000000	0.000000	0.000000	0.000000	0.000000	0.000000
91	tsk_91	(x)	1	:	0.000000	0.000000	0.000000	0.514203	0.000000	0.000000	0.000000	0.000000	0.485797
92	tsk_92	(x)	1	:	0.604558	0.000000	0.395442	0.000000	0.000000	0.000000	0.000000	0.000000	0.000000
93	tsk_93	(x)	1	:	0.000000	0.000000	0.000000	1.000000	0.000000	0.000000	0.000000	0.000000	0.000000
94	tsk_94	(x)	1	:	0.000016	0.000000	0.492563	0.505325	0.000000	0.000000	0.000000	0.002095	0.000000
95	tsk_95	(x)	1	:	0.000010	0.539051	0.460938	0.000000	0.000000	0.000000	0.000000	0.000000	0.000000
96	tsk_96	(x)	1	:	0.000000	0.000000	0.493831	0.000000	0.000000	0.000000	0.000001	0.009072	0.497096
97	tsk_97	(x)	1	:	0.000000	0.000000	0.000000	0.510910	0.000000	0.000000	0.000016	0.489074	0.000000
98	tsk_98	(x)	1	:	0.000030	0.000000	0.495348	0.000000	0.000000	0.000000	0.000020	0.504601	0.000000
99	tsk_99	(x)	1	:	0.000000	0.000000	0.495234	0.000000	0.000000	0.000000	0.000002	0.003543	0.501222
100	tsk_100	(x)	1	:	0.000000	0.000000	0.000000	0.000000	0.000000	0.000000	0.509220	0.490780	0.000000
101	tsk_101	(x)	1	:	0.484998	0.000000	0.000025	0.000000	0.514977	0.000000	0.000000	0.000000	0.000000
102	tsk_102	(x)	1	:	0.000000	0.000000	0.000000	0.610614	0.000000	0.000000	0.000014	0.389371	0.000000
103	tsk_103	(x)	1	:	0.000000	0.000000	0.000000	0.614448	0.385552	0.000000	0.000000	0.000000	0.000000
104	tsk_104	(x)	1	:	0.000000	0.000000	0.000000	0.000000	0.494041	0.000000	0.000018	0.505941	0.000000
105	tsk_105	(x)	1	:	0.000000	0.000000	0.000000	0.000000	0.493422	0.000000	0.506307	0.000271	0.000000
106	tsk_106	(x)	1	:	0.000000	0.000000	0.000000	0.000000	0.548380	0.000000	0.451616	0.000005	0.000000
107	tsk_107	(x)	1	:	0.000000	0.000000	0.000000	0.000000	0.447590	0.000000	0.552410	0.000000	0.000000
108	tsk_108	(x)	1	:	0.000000	0.000000	0.000000	0.000000	1.000000	0.000000	0.000000	0.000000	0.000000
109	tsk_109	(x)	1	:	0.000000	0.000000	0.000000	0.000000	1.000000	0.000000	0.000000	0.000000	0.000000
110	tsk_110	(x)	1	:	0.000000	0.516423	0.000000	0.000000	0.000000	0.000000	0.000000	0.000012	0.483565
111	tsk_111	(x)	1	:	0.000077	0.000000	0.999922	0.000000	0.000000	0.000000	0.000000	0.000000	0.000000
112	tsk_112	(x)	1	:	0.000000	0.000000	0.000000	0.448440	0.551560	0.000000	0.000000	0.000000	0.000000
113	tsk_113	(x)	1	:	0.000086	0.000000	0.999914	0.000000	0.000000	0.000000	0.000000	0.000000	0.000000
114	tsk_114	(x)	1	:	0.000000	0.000000	0.000000	0.000000	1.000000	0.000000	0.000000	0.000000	0.000000
115	tsk_115	(x)	1	:	0.000087	0.000000	0.999913	0.000000	0.000000	0.000000	0.000000	0.000000	0.000000
116	tsk_116	(x)	1	:	0.604558	0.000000	0.395442	0.000000	0.000000	0.000000	0.000000	0.000000	0.000000
117	tsk_117	(x)	1	:	0.000000	0.000000	0.000000	0.000000	0.494042	0.000000	0.000023	0.505935	0.000000
118	tsk_118	(x)	1	:	0.000000	0.000000	0.000000	0.000000	0.000000	0.000000	0.000015	0.999985	0.000000
119	tsk_119	(x)	1	:	0.000000	0.517416	0.000000	0.482579	0.000000	0.000000	0.000000	0.000005	0.000000
120	tsk_120	(x)	1	:	0.485003	0.000000	0.000020	0.000000	0.514977	0.000000	0.000000	0.000000	0.000000
121	tsk_121	(x)	1	:	0.454900	0.000000	0.000000	0.000000	0.000000	0.000000	0.000000	0.545099	0.000000
122	tsk_122	(x)	1	:	0.484999	0.000000	0.000024	0.000000	0.514977	0.000000	0.000000	0.000000	0.000000
123	tsk_123	(x)	1	:	0.000000	0.000000	0.000000	0.000000	1.000000	0.000000	0.000000	0.000000	0.000000
124	tsk_124	(x)	1	:	0.454900	0.000000	0.000000	0.000000	0.000000	0.000000	0.000000	0.545099	0.000000
125	tsk_125	(x)	1	:	0.542373	0.000000	0.457627	0.000000	0.000000	0.000000	0.000000	0.000000	0.000000
126	tsk_126	(x)	1	:	0.225773	0.000000	0.296691	0.435244	0.000000	0.000000	0.000000	0.000000	0.042291
127	tsk_127	(x)	1	:	0.508133	0.000000	0.000126	0.000000	0.000000	0.000000	0.000015	0.491725	0.000000
128	tsk_128	(x)	1	:	0.000000	0.000000	0.000000	0.000000	0.455050	0.000000	0.000000	0.544950	0.000000
129	tsk_129	(x)	1	:	0.238139	0.000000	0.274473	0.000000	0.487330	0.000000	0.000000	0.000000	0.000058
130	tsk_130	(x)	1	:	0.000000	0.475527	0.524473	0.000000	0.000000	0.000000	0.000000	0.000000	0.000000
131	tsk_131	(x)	1	:	0.000000	0.000000	0.496043	0.000000	0.000000	0.000000	0.000000	0.503957	0.000000
132	tsk_132	(x)	1	:	0.000000	0.000000	0.000000	0.000000	0.000000	0.000000	0.000000	0.000000	1.000000
133	tsk_133	(x)	1	:	0.000000	0.000000	0.495684	0.000000	0.000000	0.000000	0.000000	0.504316	0.000000
134	tsk_134	(x)	1	:	0.000000	0.501022	0.000000	0.000000	0.000000	0.000000	0.000015	0.498964	0.000000
135	tsk_135	(x)	1	:	0.000000	0.000000	0.000000	0.000000	0.000000	0.000000	0.000013	0.469574	0.530412
136	tsk_136	(x)	1	:	0.000007	0.505887	0.494106	0.000000	0.000000	0.000000	0.000000	0.000000	0.000000
137	tsk_137	(x)	1	:	0.000010	0.505887	0.494103	0.000000	0.000000	0.000000	0.000000	0.000000	0.000000
138	tsk_138	(x)	1	:	0.000000	0.494318	0.000000	0.000000	0.000000	0.000000	0.000000	0.000780	0.504902
139	tsk_139	(x)	1	:	0.000000	0.476468	0.000000	0.000000	0.000000	0.000000	0.000000	0.523532	0.000000
140	tsk_140	(x)	1	:	0.000000	0.000000	0.000000	0.566392	0.000000	0.000000	0.000004	0.433604	0.000000
141	tsk_141	(x)	1	:	0.000000	0.000000	0.000000	0.000000	0.000000	0.000000	0.000000	1.000000	0.000000
142	tsk_142	(x)	1	:	0.506975	0.000000	0.000119	0.000000	0.491133	0.000000	0.000000	0.000950	0.000824
143	tsk_143	(x)	1	:	0.000000	0.000000	0.000000	0.510909	0.000000	0.000000	0.000006	0.489084	0.000000
144	tsk_144	(x)	1	:	0.479708	0.000000	0.000014	0.000000	0.000000	0.000000	0.000000	0.520279	0.000000
145	tsk_145	(x)	1	:	0.000000	0.000000	0.000000	0.000000	0.494041	0.000000	0.000015	0.505944	0.000000
146	tsk_146	(x)	1	:	0.000000	0.000000	0.000000	0.000000	0.436098	0.000000	0.000000	0.563902	0.000000
147	tsk_147	(x)	1	:	0.000000	0.000000	0.000000	0.571103	0.428897	0.000000	0.000000	0.000000	0.000000
148	tsk_148	(x)	1	:	0.508102	0.000000	0.000161	0.000000	0.000000	0.000000	0.000019	0.491718	0.000000
149	tsk_149	(x)	1	:	0.000000	0.000000	0.000000	0.448440	0.551560	0.000000	0.000000	0.000000	0.000000
