logL = -992.859213 (converged)
AIC = 4645.718425
BIC = 8649.863366

count.K
1 34 57 9 11 13 8 17 

