logL = -1439.569209 (converged)
AIC = 8669.138417
BIC = 17384.927594

count.K
4 1 3 2 2 10 10 43 2 11 0 37 13 3 9 

