logL = -1536.926231 (converged)
AIC = 7525.852461
BIC = 14227.526626

count.K
4 18 4 12 3 2 3 10 17 38 24 15 

