logL = -1518.234827 (converged)
AIC = 6806.469654
BIC = 12481.517183

count.K
1 0 3 17 2 3 17 54 23 22 8 

