0	tsk_0	(x)	1	:	0.000000	0.000000	0.000000	0.000000	0.000000	0.000000	0.000000	1.000000	0.000000
1	tsk_1	(x)	1	:	0.000000	0.000000	0.000098	0.000000	0.000000	0.473433	0.526469	0.000000	0.000000
2	tsk_2	(x)	1	:	0.000000	0.413898	0.000000	0.000000	0.000000	0.000000	0.000000	0.586102	0.000000
3	tsk_3	(x)	1	:	0.000000	0.000000	0.000101	0.000000	0.000000	0.473430	0.526470	0.000000	0.000000
4	tsk_4	(x)	1	:	0.000000	0.000000	0.000235	0.000000	0.000000	0.999765	0.000000	0.000000	0.000000
5	tsk_5	(x)	1	:	0.000000	0.000000	0.000191	0.000000	0.000000	0.999809	0.000000	0.000000	0.000000
6	tsk_6	(x)	1	:	0.000000	0.000000	0.000183	0.000000	0.000000	0.999817	0.000000	0.000000	0.000000
7	tsk_7	(x)	1	:	0.000000	0.000000	0.000173	0.000000	0.000000	0.999827	0.000000	0.000000	0.000000
8	tsk_8	(x)	1	:	0.000000	0.000000	0.000049	0.000000	0.000000	0.526276	0.000000	0.473675	0.000000
9	tsk_9	(x)	1	:	0.000000	0.000000	0.000025	0.000000	0.000000	0.549325	0.000000	0.000000	0.450649
10	tsk_10	(x)	1	:	0.000000	0.120349	0.000000	0.000000	0.000000	0.416675	0.000000	0.000000	0.462976
11	tsk_11	(x)	1	:	0.000000	0.000000	0.000113	0.000000	0.000000	0.999887	0.000000	0.000000	0.000000
12	tsk_12	(x)	1	:	0.000000	0.000000	0.000000	0.000000	0.000000	0.000000	0.000000	1.000000	0.000000
13	tsk_13	(x)	1	:	0.000000	0.000000	0.000031	0.000000	0.000000	0.526298	0.000000	0.473671	0.000000
14	tsk_14	(x)	1	:	0.000000	0.000000	0.000000	0.000000	0.000000	0.000000	0.000000	0.000000	1.000000
15	tsk_15	(x)	1	:	0.000000	0.000000	0.000007	0.000000	0.000000	0.075899	0.000000	0.473496	0.450598
16	tsk_16	(x)	1	:	0.000000	0.000000	0.000106	0.000000	0.500008	0.499886	0.000000	0.000000	0.000000
17	tsk_17	(x)	1	:	0.000000	0.000000	0.000067	0.000000	0.500005	0.499928	0.000000	0.000000	0.000000
18	tsk_18	(x)	1	:	0.000000	0.000000	0.000045	0.000000	0.000000	0.526280	0.000000	0.473674	0.000000
19	tsk_19	(x)	1	:	0.000000	0.000000	0.000000	0.000000	0.000000	0.000000	0.000000	1.000000	0.000000
20	tsk_20	(x)	1	:	0.000000	0.000000	0.000000	0.000000	0.000000	0.000000	0.000000	0.000000	1.000000
21	tsk_21	(x)	1	:	0.000000	0.000000	0.000096	0.000000	0.000000	0.460105	0.000000	0.000000	0.539799
22	tsk_22	(x)	1	:	0.000000	0.000000	0.000066	0.000000	0.000000	0.565921	0.434013	0.000000	0.000000
23	tsk_23	(x)	1	:	0.000000	0.000000	0.000166	0.000000	0.000000	0.999834	0.000000	0.000000	0.000000
24	tsk_24	(x)	1	:	0.000000	0.000000	0.000072	0.000000	0.000000	0.999928	0.000000	0.000000	0.000000
25	tsk_25	(x)	1	:	0.000000	0.000000	0.000019	0.000000	0.000000	0.460189	0.000000	0.000000	0.539792
26	tsk_26	(x)	1	:	0.000000	0.000000	0.000163	0.000000	0.000000	0.999837	0.000000	0.000000	0.000000
27	tsk_27	(x)	1	:	0.000000	0.000000	0.000000	0.000000	0.000000	0.460210	0.000000	0.000000	0.539790
28	tsk_28	(x)	1	:	0.000000	0.000000	0.000063	0.000000	0.000000	0.343920	0.000000	0.656017	0.000000
29	tsk_29	(x)	1	:	0.000000	0.000000	0.000206	0.000000	0.000000	0.999794	0.000000	0.000000	0.000000
30	tsk_30	(x)	1	:	0.000000	0.000000	0.000005	0.000000	0.000000	0.058466	0.468046	0.473483	0.000000
31	tsk_31	(x)	1	:	0.000000	0.000000	0.000000	0.000000	0.000000	0.000000	1.000000	0.000000	0.000000
32	tsk_32	(x)	1	:	0.000000	0.000000	0.000000	0.473150	0.000000	0.000670	0.526179	0.000000	0.000000
33	tsk_33	(x)	1	:	0.000000	0.000000	0.000000	0.000000	0.000000	0.000000	1.000000	0.000000	0.000000
34	tsk_34	(x)	1	:	0.000000	0.000000	0.000000	0.000000	0.000000	0.000000	1.000000	0.000000	0.000000
35	tsk_35	(x)	1	:	0.000000	0.000000	0.000000	0.000000	0.000000	0.000000	1.000000	0.000000	0.000000
36	tsk_36	(x)	1	:	0.000000	0.000000	0.000116	0.000000	0.000000	0.531815	0.468069	0.000000	0.000000
37	tsk_37	(x)	1	:	0.000000	0.000000	0.000115	0.000000	0.000000	0.531429	0.468456	0.000000	0.000000
38	tsk_38	(x)	1	:	0.000000	0.000000	0.000017	0.000000	0.000000	0.473516	0.526467	0.000000	0.000000
39	tsk_39	(x)	1	:	0.000000	0.000000	0.000000	0.000000	0.000000	0.000000	1.000000	0.000000	0.000000
40	tsk_40	(x)	1	:	0.000000	0.000000	0.000000	1.000000	0.000000	0.000000	0.000000	0.000000	0.000000
41	tsk_41	(x)	1	:	0.000000	0.000000	0.000004	0.474197	0.499930	0.025869	0.000000	0.000000	0.000000
42	tsk_42	(x)	1	:	0.500224	0.000000	0.000000	0.474560	0.000000	0.025216	0.000000	0.000000	0.000000
43	tsk_43	(x)	1	:	0.000000	0.000000	0.000000	1.000000	0.000000	0.000000	0.000000	0.000000	0.000000
44	tsk_44	(x)	1	:	0.000000	0.000000	0.000000	1.000000	0.000000	0.000000	0.000000	0.000000	0.000000
45	tsk_45	(x)	1	:	0.375990	0.225065	0.000000	0.000000	0.000000	0.000000	0.000000	0.000000	0.398945
46	tsk_46	(x)	1	:	0.000000	0.000000	0.000000	1.000000	0.000000	0.000000	0.000000	0.000000	0.000000
47	tsk_47	(x)	1	:	0.000000	0.000000	0.000000	1.000000	0.000000	0.000000	0.000000	0.000000	0.000000
48	tsk_48	(x)	1	:	0.000000	0.000000	0.000006	0.474276	0.000000	0.075109	0.000000	0.000000	0.450608
49	tsk_49	(x)	1	:	0.000000	0.000000	0.000000	1.000000	0.000000	0.000000	0.000000	0.000000	0.000000
50	tsk_50	(x)	1	:	0.000000	0.000000	0.000117	0.000000	0.000000	0.565869	0.434014	0.000000	0.000000
51	tsk_51	(x)	1	:	0.000000	0.000000	0.000080	0.232511	0.000000	0.767408	0.000000	0.000000	0.000000
52	tsk_52	(x)	1	:	0.000000	0.000000	0.000041	0.474345	0.000000	0.525614	0.000000	0.000000	0.000000
53	tsk_53	(x)	1	:	0.000000	0.000000	0.000031	0.474343	0.000000	0.525626	0.000000	0.000000	0.000000
54	tsk_54	(x)	1	:	0.000000	0.000000	0.000000	0.000000	0.000000	0.000000	0.429781	0.000000	0.570219
55	tsk_55	(x)	1	:	0.000000	0.000000	0.000000	0.000000	0.500000	0.500000	0.000000	0.000000	0.000000
56	tsk_56	(x)	1	:	0.000000	0.000000	0.000049	0.232515	0.500007	0.267429	0.000000	0.000000	0.000000
57	tsk_57	(x)	1	:	0.000000	0.000000	0.000099	0.474354	0.000000	0.525547	0.000000	0.000000	0.000000
58	tsk_58	(x)	1	:	0.000000	0.000000	0.000077	0.000000	0.000000	0.565910	0.434013	0.000000	0.000000
59	tsk_59	(x)	1	:	0.000000	0.000000	0.000030	0.474343	0.000000	0.525626	0.000000	0.000000	0.000000
60	tsk_60	(x)	1	:	0.000000	0.000000	0.000000	0.000000	0.000000	0.000000	0.000000	0.000000	1.000000
61	tsk_61	(x)	1	:	0.000000	0.000000	0.000001	0.000000	0.000000	0.057971	0.468407	0.473620	0.000000
62	tsk_62	(x)	1	:	0.499842	0.000000	0.000003	0.000000	0.000000	0.031779	0.468376	0.000000	0.000000
63	tsk_63	(x)	1	:	0.000000	0.000000	0.000080	0.000000	0.000000	0.464446	0.000000	0.000000	0.535474
64	tsk_64	(x)	1	:	0.000000	0.000000	0.000052	0.000000	0.000000	0.404977	0.000000	0.000000	0.594972
65	tsk_65	(x)	1	:	0.000000	0.000000	0.000000	0.000000	0.000000	0.000000	0.459213	0.000000	0.540787
66	tsk_66	(x)	1	:	0.000000	0.000000	0.000083	0.000000	0.000000	0.460120	0.000000	0.000000	0.539798
67	tsk_67	(x)	1	:	0.499712	0.000000	0.000006	0.000000	0.000000	0.049815	0.000000	0.000000	0.450466
68	tsk_68	(x)	1	:	0.474687	0.000000	0.000001	0.000000	0.000000	0.000001	0.000000	0.000000	0.525310
69	tsk_69	(x)	1	:	0.000000	0.000000	0.000029	0.000000	0.000000	0.464501	0.000000	0.000000	0.535469
70	tsk_70	(x)	1	:	0.000000	0.000000	0.000007	0.474276	0.000000	0.075110	0.000000	0.000000	0.450608
71	tsk_71	(x)	1	:	0.000000	0.000000	0.000073	0.000000	0.000000	0.549273	0.000000	0.000000	0.450653
72	tsk_72	(x)	1	:	0.000000	0.000000	0.000025	0.474342	0.000000	0.525632	0.000000	0.000000	0.000000
73	tsk_73	(x)	1	:	0.000000	0.000000	0.000006	0.474286	0.000000	0.075094	0.000000	0.000000	0.450614
74	tsk_74	(x)	1	:	0.000000	0.000000	0.000003	0.474313	0.000000	0.075053	0.000000	0.000000	0.450631
75	tsk_75	(x)	1	:	0.000000	0.000000	0.000075	0.474350	0.000000	0.525575	0.000000	0.000000	0.000000
76	tsk_76	(x)	1	:	0.000000	0.000000	0.000070	0.474349	0.000000	0.525580	0.000000	0.000000	0.000000
77	tsk_77	(x)	1	:	0.000000	0.000000	0.000059	0.474348	0.000000	0.525594	0.000000	0.000000	0.000000
78	tsk_78	(x)	1	:	0.000000	0.000000	0.000066	0.474349	0.000000	0.525586	0.000000	0.000000	0.000000
79	tsk_79	(x)	1	:	0.000000	0.000000	0.000010	0.474224	0.000000	0.075190	0.000000	0.000000	0.450576
80	tsk_80	(x)	1	:	0.000000	0.000000	0.000005	0.474211	0.499937	0.025848	0.000000	0.000000	0.000000
81	tsk_81	(x)	1	:	0.000000	0.000000	0.000058	0.000000	0.500004	0.499938	0.000000	0.000000	0.000000
82	tsk_82	(x)	1	:	0.000000	0.000000	0.000156	0.000000	0.000000	0.999844	0.000000	0.000000	0.000000
83	tsk_83	(x)	1	:	0.000000	0.000000	0.000003	0.000000	0.500000	0.499997	0.000000	0.000000	0.000000
84	tsk_84	(x)	1	:	0.000000	0.000000	0.000036	0.000000	0.000000	0.526292	0.000000	0.473672	0.000000
85	tsk_85	(x)	1	:	0.000000	0.000000	0.000006	0.000000	0.500042	0.026118	0.000000	0.473834	0.000000
86	tsk_86	(x)	1	:	0.000000	0.000000	0.000098	0.000000	0.500007	0.499895	0.000000	0.000000	0.000000
87	tsk_87	(x)	1	:	0.000000	0.000000	0.000013	0.232503	0.000000	0.293830	0.000000	0.473653	0.000000
88	tsk_88	(x)	1	:	0.000000	0.000000	0.000000	0.000000	0.000000	0.000000	0.000000	1.000000	0.000000
89	tsk_89	(x)	1	:	0.000000	0.000000	0.000104	0.000000	0.500007	0.499889	0.000000	0.000000	0.000000
90	tsk_90	(x)	1	:	0.000000	0.000000	0.000045	0.474345	0.000000	0.525610	0.000000	0.000000	0.000000
91	tsk_91	(x)	1	:	0.000000	0.000000	0.000105	0.000000	0.500007	0.499888	0.000000	0.000000	0.000000
92	tsk_92	(x)	1	:	0.000000	0.000000	0.000000	0.000000	0.529941	0.000000	0.000000	0.000000	0.470059
93	tsk_93	(x)	1	:	0.000000	0.000000	0.000092	0.000000	0.000000	0.473439	0.526469	0.000000	0.000000
94	tsk_94	(x)	1	:	0.500006	0.000000	0.000037	0.000000	0.000000	0.499957	0.000000	0.000000	0.000000
95	tsk_95	(x)	1	:	0.000000	0.000000	0.000117	0.000000	0.000000	0.999883	0.000000	0.000000	0.000000
96	tsk_96	(x)	1	:	0.000000	0.000000	0.000000	0.000000	0.000000	0.473534	0.526466	0.000000	0.000000
97	tsk_97	(x)	1	:	0.000000	0.000000	0.000000	0.000000	0.000000	0.000000	1.000000	0.000000	0.000000
98	tsk_98	(x)	1	:	0.000000	0.000000	0.000000	0.000000	0.000000	0.000000	1.000000	0.000000	0.000000
99	tsk_99	(x)	1	:	0.000000	0.000000	0.000083	0.000000	0.500006	0.499912	0.000000	0.000000	0.000000
100	tsk_100	(x)	1	:	0.000000	0.000000	0.000084	0.000000	0.000000	0.549261	0.000000	0.000000	0.450654
101	tsk_101	(x)	1	:	0.000000	0.000000	0.000096	0.000000	0.000000	0.473435	0.526469	0.000000	0.000000
102	tsk_102	(x)	1	:	0.000000	0.000000	0.000035	0.000000	0.000000	0.526294	0.000000	0.473672	0.000000
103	tsk_103	(x)	1	:	0.000000	0.000000	0.000122	0.000000	0.000000	0.999878	0.000000	0.000000	0.000000
104	tsk_104	(x)	1	:	0.000000	0.000000	0.000001	0.000000	0.000000	0.002551	0.526179	0.471269	0.000000
105	tsk_105	(x)	1	:	0.000000	0.000000	0.000065	0.000000	0.500005	0.499931	0.000000	0.000000	0.000000
106	tsk_106	(x)	1	:	0.000000	0.000000	0.000051	0.000000	0.000000	0.549298	0.000000	0.000000	0.450652
107	tsk_107	(x)	1	:	0.000000	0.000000	0.000063	0.000000	0.000000	0.549284	0.000000	0.000000	0.450653
108	tsk_108	(x)	1	:	0.000000	0.000000	0.000002	0.000000	0.000000	0.000056	0.457923	0.000000	0.542020
109	tsk_109	(x)	1	:	0.000000	0.000000	0.000000	0.000000	0.000000	0.000000	0.000000	1.000000	0.000000
110	tsk_110	(x)	1	:	0.000000	0.000000	0.000006	0.000000	0.499996	0.026353	0.000000	0.473645	0.000000
111	tsk_111	(x)	1	:	0.000000	0.000000	0.000004	0.000000	0.500076	0.025949	0.000000	0.473971	0.000000
112	tsk_112	(x)	1	:	0.000000	0.000000	0.000062	0.000000	0.000000	0.526260	0.000000	0.473678	0.000000
113	tsk_113	(x)	1	:	0.000000	0.000000	0.000065	0.000000	0.500005	0.499931	0.000000	0.000000	0.000000
114	tsk_114	(x)	1	:	0.000000	0.000000	0.000000	0.000000	1.000000	0.000000	0.000000	0.000000	0.000000
115	tsk_115	(x)	1	:	0.000000	0.000000	1.000000	0.000000	0.000000	0.000000	0.000000	0.000000	0.000000
116	tsk_116	(x)	1	:	0.000000	0.000000	0.000049	0.000000	0.000000	0.526276	0.000000	0.473675	0.000000
117	tsk_117	(x)	1	:	0.000000	0.000000	0.000000	0.000000	1.000000	0.000000	0.000000	0.000000	0.000000
118	tsk_118	(x)	1	:	0.000000	0.000000	0.000033	0.000000	0.500002	0.499965	0.000000	0.000000	0.000000
119	tsk_119	(x)	1	:	0.000000	0.000000	0.000000	0.000000	0.473534	0.000000	0.526466	0.000000	0.000000
120	tsk_120	(x)	1	:	0.500017	0.000000	0.000102	0.000000	0.000000	0.499881	0.000000	0.000000	0.000000
121	tsk_121	(x)	1	:	1.000000	0.000000	0.000000	0.000000	0.000000	0.000000	0.000000	0.000000	0.000000
122	tsk_122	(x)	1	:	0.478630	0.000000	0.000001	0.000000	0.000000	0.000000	0.521369	0.000000	0.000000
123	tsk_123	(x)	1	:	1.000000	0.000000	0.000000	0.000000	0.000000	0.000000	0.000000	0.000000	0.000000
124	tsk_124	(x)	1	:	0.500016	0.000000	0.000100	0.000000	0.000000	0.499884	0.000000	0.000000	0.000000
125	tsk_125	(x)	1	:	0.500013	0.000000	0.000077	0.000000	0.000000	0.499911	0.000000	0.000000	0.000000
126	tsk_126	(x)	1	:	0.500016	0.000000	0.000098	0.000000	0.000000	0.499886	0.000000	0.000000	0.000000
127	tsk_127	(x)	1	:	0.450195	0.000000	0.000000	0.549805	0.000000	0.000000	0.000000	0.000000	0.000000
128	tsk_128	(x)	1	:	0.498937	0.000000	0.000007	0.000000	0.499469	0.001587	0.000000	0.000000	0.000000
129	tsk_129	(x)	1	:	0.000000	0.000000	0.000075	0.000000	0.000000	0.473456	0.526469	0.000000	0.000000
130	tsk_130	(x)	1	:	0.500057	0.000000	0.000009	0.000000	0.000000	0.026157	0.000000	0.473777	0.000000
131	tsk_131	(x)	1	:	0.000000	0.000000	0.000122	0.000000	0.000000	0.565863	0.434014	0.000000	0.000000
132	tsk_132	(x)	1	:	0.000000	0.000000	0.000000	0.000000	0.000000	0.565989	0.434011	0.000000	0.000000
133	tsk_133	(x)	1	:	0.000000	0.000000	0.000037	0.474344	0.000000	0.525618	0.000000	0.000000	0.000000
134	tsk_134	(x)	1	:	0.000000	0.000000	0.000218	0.000000	0.000000	0.999782	0.000000	0.000000	0.000000
135	tsk_135	(x)	1	:	0.000000	0.000000	0.000138	0.000000	0.000000	0.999862	0.000000	0.000000	0.000000
136	tsk_136	(x)	1	:	0.499956	0.000000	0.000000	0.232471	0.000000	0.267573	0.000000	0.000000	0.000000
137	tsk_137	(x)	1	:	0.000000	0.000000	0.000033	0.000000	0.000000	0.526296	0.000000	0.473671	0.000000
138	tsk_138	(x)	1	:	0.000000	0.000000	0.000165	0.000000	0.000000	0.999835	0.000000	0.000000	0.000000
139	tsk_139	(x)	1	:	0.000000	0.000000	0.000055	0.000000	0.000000	0.526268	0.000000	0.473676	0.000000
140	tsk_140	(x)	1	:	0.000000	0.000000	0.000020	0.000000	0.500001	0.499978	0.000000	0.000000	0.000000
141	tsk_141	(x)	1	:	0.000000	0.000000	0.000041	0.000000	0.500003	0.499956	0.000000	0.000000	0.000000
142	tsk_142	(x)	1	:	0.000000	0.000000	0.000000	0.000000	0.000000	0.000000	0.460723	0.000000	0.539277
143	tsk_143	(x)	1	:	0.000000	0.000000	0.000000	0.000000	0.565989	0.000000	0.434011	0.000000	0.000000
144	tsk_144	(x)	1	:	0.000000	0.000000	0.000000	0.000000	0.500000	0.500000	0.000000	0.000000	0.000000
145	tsk_145	(x)	1	:	0.000000	0.000000	0.000000	0.000000	0.565989	0.000000	0.434011	0.000000	0.000000
146	tsk_146	(x)	1	:	0.000000	0.000000	0.000000	0.000000	0.565989	0.000000	0.434011	0.000000	0.000000
147	tsk_147	(x)	1	:	0.000000	0.000000	0.000097	0.000000	0.500007	0.499896	0.000000	0.000000	0.000000
148	tsk_148	(x)	1	:	0.000000	0.000000	0.000000	0.000000	0.565989	0.000000	0.434011	0.000000	0.000000
149	tsk_149	(x)	1	:	0.000000	0.000000	0.000000	0.000000	0.531547	0.000000	0.468452	0.000000	0.000000
