logL = -1126.732378 (converged)
AIC = 7593.464757
BIC = 15631.860992

count.K
3 2 10 7 4 9 18 0 11 36 1 23 6 14 6 

