logL = -1156.998181 (converged)
AIC = 4317.996363
BIC = 7334.652928

count.K
44 18 18 26 24 20 

