logL = -3335.306769 (converged)
AIC = 7210.613539
BIC = 8023.485068

count.K
28 122 

