logL = -2600.233936 (converged)
AIC = 5696.467872
BIC = 6443.105425

count.K
45 105 

