logL = -751.271857 (converged)
AIC = 5118.543714
BIC = 10561.772325

count.K
2 19 3 0 3 44 6 43 16 5 9 

