logL = -2208.805566 (converged)
AIC = 6077.611133
BIC = 8576.438427

count.K
11 42 43 31 23 

