logL = -1661.447848 (converged)
AIC = 8314.895695
BIC = 15829.441389

count.K
1 3 31 9 7 6 16 20 22 3 4 11 1 16 

