logL = -1135.843196 (converged)
AIC = 3069.686391
BIC = 4270.929873

count.K
55 16 79 

