logL = -1097.454349 (converged)
AIC = 5554.908698
BIC = 10612.775993

count.K
23 16 1 55 5 5 11 0 31 3 

