logL = -1342.440705 (converged)
AIC = 3872.881409
BIC = 5661.198774

count.K
22 16 75 37 

