0	tsk_0	(x)	1	:	0.000000	0.000000	0.000000	0.000000	0.000000	0.470219	0.000000	0.496236	0.000022	0.033524
1	tsk_1	(x)	1	:	0.000000	0.000000	0.000000	0.000000	0.000000	0.472427	0.495688	0.000000	0.000005	0.031880
2	tsk_2	(x)	1	:	0.000000	0.000000	0.000000	0.000000	0.000000	0.000000	0.497024	0.502957	0.000019	0.000000
3	tsk_3	(x)	1	:	0.000000	0.000000	0.000000	0.000000	0.407731	0.000000	0.000000	0.000000	0.021825	0.570444
4	tsk_4	(x)	1	:	0.000000	1.000000	0.000000	0.000000	0.000000	0.000000	0.000000	0.000000	0.000000	0.000000
5	tsk_5	(x)	1	:	0.000000	0.000000	0.000000	0.000000	0.000000	0.000000	0.000000	0.357912	0.642088	0.000000
6	tsk_6	(x)	1	:	0.000000	0.000000	0.000000	0.000000	0.000000	0.000000	0.000000	0.495952	0.000219	0.503829
7	tsk_7	(x)	1	:	0.000000	0.000000	0.000000	0.000000	0.408204	0.000000	0.000000	0.000000	0.020830	0.570966
8	tsk_8	(x)	1	:	0.000000	0.000000	0.000000	0.000000	0.408711	0.467899	0.000000	0.000000	0.018044	0.105345
9	tsk_9	(x)	1	:	0.000000	0.000000	0.000000	0.000000	0.000000	0.000000	0.000000	0.495904	0.000315	0.503781
10	tsk_10	(x)	1	:	0.000000	0.000000	0.000000	0.000000	0.000000	0.000000	0.000000	1.000000	0.000000	0.000000
11	tsk_11	(x)	1	:	0.008851	0.492070	0.000000	0.000000	0.000000	0.000000	0.000000	0.499051	0.000027	0.000000
12	tsk_12	(x)	1	:	0.500461	0.000000	0.000000	0.000000	0.000000	0.000000	0.000000	0.499499	0.000040	0.000000
13	tsk_13	(x)	1	:	0.008773	0.492144	0.000000	0.000000	0.000000	0.000000	0.000000	0.499063	0.000020	0.000000
14	tsk_14	(x)	1	:	0.008696	0.492217	0.000000	0.000000	0.000000	0.000000	0.000000	0.499058	0.000030	0.000000
15	tsk_15	(x)	1	:	0.502582	0.000000	0.000000	0.497412	0.000000	0.000000	0.000000	0.000000	0.000006	0.000000
16	tsk_16	(x)	1	:	0.000000	0.000000	0.000000	0.000000	0.000000	0.000000	0.000000	1.000000	0.000000	0.000000
17	tsk_17	(x)	1	:	0.009277	0.493672	0.000000	0.497039	0.000000	0.000000	0.000000	0.000000	0.000012	0.000000
18	tsk_18	(x)	1	:	0.000000	0.000000	0.501036	0.498959	0.000000	0.000000	0.000000	0.000000	0.000006	0.000000
19	tsk_19	(x)	1	:	0.000000	0.000000	0.498914	0.000000	0.000000	0.000000	0.000000	0.501049	0.000037	0.000000
20	tsk_20	(x)	1	:	0.000000	0.000000	0.498426	0.000000	0.000000	0.000001	0.000000	0.000000	0.000518	0.501055
21	tsk_21	(x)	1	:	0.499986	0.000000	0.000000	0.000000	0.000000	0.000000	0.000000	0.000000	0.000266	0.499747
22	tsk_22	(x)	1	:	0.011857	0.493578	0.494565	0.000000	0.000000	0.000000	0.000000	0.000000	0.000000	0.000000
23	tsk_23	(x)	1	:	0.000000	0.000000	0.498430	0.000000	0.000000	0.000000	0.000000	0.000000	0.000447	0.501123
24	tsk_24	(x)	1	:	0.000000	0.000000	0.000000	0.000000	0.000000	0.000001	0.000000	0.000000	0.000000	0.999999
25	tsk_25	(x)	1	:	0.000000	0.000000	0.000000	0.000000	0.000000	0.000000	0.000000	0.598481	0.000000	0.401519
26	tsk_26	(x)	1	:	0.499986	0.000000	0.000000	0.000000	0.000000	0.000000	0.000000	0.000000	0.000281	0.499733
27	tsk_27	(x)	1	:	0.000000	0.000000	0.000000	0.591369	0.000000	0.000000	0.000000	0.000000	0.000000	0.408631
28	tsk_28	(x)	1	:	0.000000	0.000000	0.498425	0.000000	0.000000	0.000001	0.000000	0.000000	0.000535	0.501039
29	tsk_29	(x)	1	:	0.000000	0.000000	0.498428	0.000000	0.000000	0.000001	0.000000	0.000000	0.000480	0.501091
30	tsk_30	(x)	1	:	0.000000	0.000000	0.000000	0.336622	0.000000	0.000000	0.000000	0.000000	0.663378	0.000000
31	tsk_31	(x)	1	:	0.003717	0.484851	0.000000	0.000000	0.000000	0.000000	0.000000	0.000000	0.511431	0.000000
32	tsk_32	(x)	1	:	0.003714	0.484854	0.000000	0.000000	0.000000	0.000000	0.000000	0.000000	0.511432	0.000000
33	tsk_33	(x)	1	:	0.000000	0.000000	0.000000	0.000000	0.000000	0.000000	0.000000	0.357912	0.642088	0.000000
34	tsk_34	(x)	1	:	0.000000	0.000000	0.000000	0.000000	0.213474	0.000000	0.000000	0.000000	0.786526	0.000000
35	tsk_35	(x)	1	:	0.003832	0.484743	0.000000	0.000000	0.000000	0.000000	0.000000	0.000000	0.511425	0.000000
36	tsk_36	(x)	1	:	0.000000	0.000000	0.000000	0.000000	0.000000	0.000000	0.000000	0.357912	0.642088	0.000000
37	tsk_37	(x)	1	:	0.500462	0.000000	0.000000	0.000000	0.000000	0.000000	0.000000	0.499508	0.000030	0.000000
38	tsk_38	(x)	1	:	0.000000	0.000000	0.502852	0.000000	0.407216	0.000000	0.000000	0.000000	0.089931	0.000000
39	tsk_39	(x)	1	:	0.000000	1.000000	0.000000	0.000000	0.000000	0.000000	0.000000	0.000000	0.000000	0.000000
40	tsk_40	(x)	1	:	0.500000	0.500000	0.000000	0.000000	0.000000	0.000000	0.000000	0.000000	0.000000	0.000000
41	tsk_41	(x)	1	:	0.008752	0.492164	0.000000	0.000000	0.000000	0.000000	0.000000	0.499056	0.000028	0.000000
42	tsk_42	(x)	1	:	0.000000	0.000000	0.000000	0.000000	0.000000	0.000000	0.000000	0.000000	0.419836	0.580164
43	tsk_43	(x)	1	:	0.499981	0.000000	0.000000	0.000000	0.000000	0.000000	0.000000	0.000000	0.000377	0.499642
44	tsk_44	(x)	1	:	0.008873	0.492048	0.000000	0.000000	0.000000	0.000000	0.000000	0.499027	0.000051	0.000000
45	tsk_45	(x)	1	:	0.011415	0.494191	0.000000	0.000000	0.000000	0.000000	0.000000	0.000000	0.494394	0.000000
46	tsk_46	(x)	1	:	1.000000	0.000000	0.000000	0.000000	0.000000	0.000000	0.000000	0.000000	0.000000	0.000000
47	tsk_47	(x)	1	:	0.000000	1.000000	0.000000	0.000000	0.000000	0.000000	0.000000	0.000000	0.000000	0.000000
48	tsk_48	(x)	1	:	0.000000	0.000000	0.000000	0.000000	0.000000	0.000000	0.000000	0.495897	0.000328	0.503774
49	tsk_49	(x)	1	:	0.000000	1.000000	0.000000	0.000000	0.000000	0.000000	0.000000	0.000000	0.000000	0.000000
50	tsk_50	(x)	1	:	0.011346	0.494256	0.000000	0.000000	0.000000	0.000000	0.000000	0.000000	0.494398	0.000000
51	tsk_51	(x)	1	:	0.505251	0.000000	0.000000	0.000000	0.000000	0.000000	0.000000	0.000000	0.494749	0.000000
52	tsk_52	(x)	1	:	0.000000	0.000000	0.000000	0.000000	0.000000	0.000000	0.000000	0.495919	0.000285	0.503796
53	tsk_53	(x)	1	:	0.000000	0.000000	0.000000	0.000000	0.000000	0.000000	0.000000	0.000000	0.419836	0.580164
54	tsk_54	(x)	1	:	0.000000	0.000000	0.000000	0.000000	0.000000	0.000000	0.000000	0.000000	1.000000	0.000000
55	tsk_55	(x)	1	:	0.000000	0.000000	0.000000	0.000000	0.000000	0.000000	0.000000	0.000000	0.419836	0.580164
56	tsk_56	(x)	1	:	0.000000	0.000000	0.000000	0.000000	0.462316	0.000000	0.537684	0.000000	0.000000	0.000000
57	tsk_57	(x)	1	:	0.000000	0.000000	0.000000	0.000000	0.000000	0.000000	0.000000	0.000000	0.419836	0.580164
58	tsk_58	(x)	1	:	0.000000	0.000000	0.000000	0.000000	0.000000	0.000000	0.000000	0.000000	0.419836	0.580164
59	tsk_59	(x)	1	:	0.000000	0.000000	0.000000	0.000000	0.000000	0.000000	0.000000	0.000000	0.419835	0.580164
60	tsk_60	(x)	1	:	0.000000	0.000000	0.000000	0.000000	0.000000	0.000000	0.000000	0.000000	0.000000	1.000000
61	tsk_61	(x)	1	:	0.000000	0.000000	0.000000	0.000000	0.000000	0.470354	0.000000	0.496289	0.000048	0.033309
62	tsk_62	(x)	1	:	0.000000	0.000000	0.000000	0.000000	0.419809	0.000000	0.000000	0.000000	0.580191	0.000000
63	tsk_63	(x)	1	:	0.009493	0.493467	0.000000	0.497034	0.000000	0.000000	0.000000	0.000000	0.000006	0.000000
64	tsk_64	(x)	1	:	0.000000	0.000000	0.000000	0.369279	0.224653	0.000000	0.000000	0.000000	0.000000	0.406068
65	tsk_65	(x)	1	:	0.000000	0.000000	0.000000	0.000000	0.000000	0.000000	0.000000	0.000000	0.419836	0.580164
66	tsk_66	(x)	1	:	0.000000	0.000000	0.000000	0.000000	1.000000	0.000000	0.000000	0.000000	0.000000	0.000000
67	tsk_67	(x)	1	:	0.000000	0.000000	0.000000	0.000000	0.000000	0.475767	0.496507	0.000000	0.000006	0.027720
68	tsk_68	(x)	1	:	0.000000	0.000000	0.000000	0.000000	0.419809	0.000000	0.000000	0.000000	0.580191	0.000000
69	tsk_69	(x)	1	:	0.009943	0.493041	0.000000	0.497005	0.000000	0.000000	0.000000	0.000000	0.000011	0.000000
70	tsk_70	(x)	1	:	0.499978	0.000000	0.000000	0.000000	0.000000	0.000000	0.000000	0.000000	0.000424	0.499597
71	tsk_71	(x)	1	:	0.008553	0.491898	0.000000	0.000000	0.000000	0.000000	0.000000	0.000000	0.000360	0.499189
72	tsk_72	(x)	1	:	0.008530	0.491922	0.000000	0.000000	0.000000	0.000000	0.000000	0.000000	0.000324	0.499224
73	tsk_73	(x)	1	:	0.000000	0.000000	0.000000	0.000000	0.000000	0.000000	0.000000	0.000000	0.000000	1.000000
74	tsk_74	(x)	1	:	0.000000	0.000000	0.000000	0.000000	0.000000	0.000000	0.000000	0.000000	0.000000	1.000000
75	tsk_75	(x)	1	:	0.000000	0.000000	0.000000	0.000000	0.000000	0.000000	0.000000	0.000000	0.000000	1.000000
76	tsk_76	(x)	1	:	0.000000	0.000000	0.000000	0.000000	0.000000	0.000000	0.000000	0.000000	0.000000	0.999999
77	tsk_77	(x)	1	:	0.000000	0.000000	0.000000	0.000000	0.000000	0.000000	0.000000	0.000000	0.000000	1.000000
78	tsk_78	(x)	1	:	0.500000	0.500000	0.000000	0.000000	0.000000	0.000000	0.000000	0.000000	0.000000	0.000000
79	tsk_79	(x)	1	:	0.000000	0.000000	0.000000	0.000000	0.000000	0.000000	0.000000	0.000000	0.000000	1.000000
80	tsk_80	(x)	1	:	0.000000	0.000000	0.000000	0.000000	0.419809	0.000000	0.000000	0.000000	0.580191	0.000000
81	tsk_81	(x)	1	:	0.000000	0.000000	0.000000	0.000000	0.000000	0.000000	0.521242	0.000000	0.478758	0.000000
82	tsk_82	(x)	1	:	0.000000	0.000000	0.000000	0.000000	0.000000	0.000000	0.497024	0.502956	0.000020	0.000000
83	tsk_83	(x)	1	:	0.000000	0.000000	0.000000	0.000000	0.536017	0.000000	0.463983	0.000000	0.000000	0.000000
84	tsk_84	(x)	1	:	0.003731	0.484733	0.000000	0.000000	0.000000	0.000000	0.511536	0.000000	0.000000	0.000000
85	tsk_85	(x)	1	:	0.000000	0.000000	0.000000	0.000000	0.000000	0.000000	0.497025	0.502959	0.000016	0.000000
86	tsk_86	(x)	1	:	0.008840	0.492080	0.000000	0.000000	0.000000	0.000000	0.000000	0.499040	0.000040	0.000000
87	tsk_87	(x)	1	:	0.000000	0.000000	0.000000	0.000000	0.000000	0.000000	0.497025	0.502958	0.000017	0.000000
88	tsk_88	(x)	1	:	0.000000	0.000000	0.000000	0.000000	0.000000	0.000000	1.000000	0.000000	0.000000	0.000000
89	tsk_89	(x)	1	:	0.000000	0.000000	0.000000	0.000000	0.000000	0.000000	0.521242	0.000000	0.478758	0.000000
90	tsk_90	(x)	1	:	0.000000	0.000000	0.000000	0.000000	0.000000	0.000000	0.000000	0.495967	0.000188	0.503844
91	tsk_91	(x)	1	:	0.008674	0.492236	0.000000	0.000000	0.000000	0.000000	0.000000	0.499031	0.000059	0.000000
92	tsk_92	(x)	1	:	0.000000	0.000000	0.000000	0.573617	0.000000	0.426357	0.000000	0.000000	0.000000	0.000026
93	tsk_93	(x)	1	:	0.009673	0.493297	0.000000	0.497021	0.000000	0.000000	0.000000	0.000000	0.000010	0.000000
94	tsk_94	(x)	1	:	0.000000	0.000000	0.000000	0.000000	0.000000	0.000000	0.000000	0.495913	0.000296	0.503790
95	tsk_95	(x)	1	:	0.000000	0.000000	0.000000	0.478058	0.000000	0.000000	0.000000	0.000000	0.000205	0.521737
96	tsk_96	(x)	1	:	0.008682	0.491774	0.000000	0.000000	0.000000	0.000000	0.000000	0.000000	0.000395	0.499148
97	tsk_97	(x)	1	:	0.000000	0.000000	0.000000	0.478023	0.000000	0.000000	0.000000	0.000000	0.000276	0.521701
98	tsk_98	(x)	1	:	0.000000	0.000000	0.000000	0.000000	0.000000	0.000000	0.000000	0.495893	0.000338	0.503769
99	tsk_99	(x)	1	:	0.000000	0.000000	0.000000	0.478043	0.000000	0.000000	0.000000	0.000000	0.000235	0.521721
100	tsk_100	(x)	1	:	0.499979	0.000000	0.000000	0.000000	0.000000	0.000000	0.000000	0.000000	0.000406	0.499614
101	tsk_101	(x)	1	:	0.000000	0.000000	1.000000	0.000000	0.000000	0.000000	0.000000	0.000000	0.000000	0.000000
102	tsk_102	(x)	1	:	0.000000	0.000000	0.000000	0.000000	0.000000	0.000000	0.000000	0.495874	0.000375	0.503751
103	tsk_103	(x)	1	:	0.000000	1.000000	0.000000	0.000000	0.000000	0.000000	0.000000	0.000000	0.000000	0.000000
104	tsk_104	(x)	1	:	0.500132	0.000000	0.000000	0.000000	0.000000	0.472190	0.000000	0.000000	0.000005	0.027673
105	tsk_105	(x)	1	:	1.000000	0.000000	0.000000	0.000000	0.000000	0.000000	0.000000	0.000000	0.000000	0.000000
106	tsk_106	(x)	1	:	1.000000	0.000000	0.000000	0.000000	0.000000	0.000000	0.000000	0.000000	0.000000	0.000000
107	tsk_107	(x)	1	:	0.000000	0.000000	0.498915	0.000000	0.000000	0.000000	0.000000	0.501060	0.000026	0.000000
108	tsk_108	(x)	1	:	0.504383	0.000000	0.495617	0.000000	0.000000	0.000000	0.000000	0.000000	0.000000	0.000000
109	tsk_109	(x)	1	:	0.499981	0.000000	0.000000	0.000000	0.000000	0.000000	0.000000	0.000000	0.000364	0.499654
110	tsk_110	(x)	1	:	0.499983	0.000000	0.000000	0.000000	0.000000	0.000000	0.000000	0.000000	0.000334	0.499683
111	tsk_111	(x)	1	:	0.000000	0.000000	1.000000	0.000000	0.000000	0.000000	0.000000	0.000000	0.000000	0.000000
112	tsk_112	(x)	1	:	1.000000	0.000000	0.000000	0.000000	0.000000	0.000000	0.000000	0.000000	0.000000	0.000000
113	tsk_113	(x)	1	:	0.000000	0.000000	1.000000	0.000000	0.000000	0.000000	0.000000	0.000000	0.000000	0.000000
114	tsk_114	(x)	1	:	1.000000	0.000000	0.000000	0.000000	0.000000	0.000000	0.000000	0.000000	0.000000	0.000000
115	tsk_115	(x)	1	:	0.499987	0.000000	0.000000	0.000000	0.000000	0.000000	0.000000	0.000000	0.000249	0.499764
116	tsk_116	(x)	1	:	0.504383	0.000000	0.495617	0.000000	0.000000	0.000000	0.000000	0.000000	0.000000	0.000000
117	tsk_117	(x)	1	:	0.000000	0.000000	0.503609	0.000000	0.000000	0.000000	0.000000	0.000000	0.496391	0.000000
118	tsk_118	(x)	1	:	0.464902	0.000000	0.535098	0.000000	0.000000	0.000000	0.000000	0.000000	0.000000	0.000000
119	tsk_119	(x)	1	:	0.504383	0.000000	0.495617	0.000000	0.000000	0.000000	0.000000	0.000000	0.000000	0.000000
120	tsk_120	(x)	1	:	0.008761	0.491889	0.000000	0.000000	0.000000	0.473044	0.000000	0.000000	0.000006	0.026299
121	tsk_121	(x)	1	:	0.504383	0.000000	0.495617	0.000000	0.000000	0.000000	0.000000	0.000000	0.000000	0.000000
122	tsk_122	(x)	1	:	0.000000	0.000000	1.000000	0.000000	0.000000	0.000000	0.000000	0.000000	0.000000	0.000000
123	tsk_123	(x)	1	:	0.000000	0.000000	0.000000	0.000000	0.000000	0.469856	0.000000	0.000000	0.000000	0.530144
124	tsk_124	(x)	1	:	0.499971	0.000000	0.000000	0.000000	0.000000	0.000001	0.000000	0.000000	0.000572	0.499457
125	tsk_125	(x)	1	:	0.499983	0.000000	0.000000	0.000000	0.000000	0.000000	0.000000	0.000000	0.000337	0.499679
126	tsk_126	(x)	1	:	0.499981	0.000000	0.000000	0.000000	0.000000	0.000000	0.000000	0.000000	0.000369	0.499649
127	tsk_127	(x)	1	:	0.504383	0.000000	0.495617	0.000000	0.000000	0.000000	0.000000	0.000000	0.000000	0.000000
128	tsk_128	(x)	1	:	0.504383	0.000000	0.495617	0.000000	0.000000	0.000000	0.000000	0.000000	0.000000	0.000000
129	tsk_129	(x)	1	:	0.000000	0.000000	0.000000	0.000000	0.000000	0.469855	0.000000	0.000000	0.000000	0.530144
130	tsk_130	(x)	1	:	0.000000	0.000000	1.000000	0.000000	0.000000	0.000000	0.000000	0.000000	0.000000	0.000000
131	tsk_131	(x)	1	:	1.000000	0.000000	0.000000	0.000000	0.000000	0.000000	0.000000	0.000000	0.000000	0.000000
132	tsk_132	(x)	1	:	0.001720	0.486325	0.000000	0.000000	0.000000	0.511955	0.000000	0.000000	0.000000	0.000000
133	tsk_133	(x)	1	:	0.001534	0.486501	0.000000	0.000000	0.000000	0.511965	0.000000	0.000000	0.000000	0.000000
134	tsk_134	(x)	1	:	0.499975	0.000000	0.000000	0.000000	0.000000	0.000001	0.000000	0.000000	0.000484	0.499540
135	tsk_135	(x)	1	:	0.504383	0.000000	0.495617	0.000000	0.000000	0.000000	0.000000	0.000000	0.000000	0.000000
136	tsk_136	(x)	1	:	0.000000	0.000000	0.000000	0.000000	0.000000	1.000000	0.000000	0.000000	0.000000	0.000000
137	tsk_137	(x)	1	:	0.500105	0.000000	0.000000	0.000000	0.000000	0.471723	0.000000	0.000000	0.000003	0.028168
138	tsk_138	(x)	1	:	0.000000	0.000000	0.000000	0.000000	0.000000	1.000000	0.000000	0.000000	0.000000	0.000000
139	tsk_139	(x)	1	:	0.000000	0.000000	0.000000	0.000000	0.000000	0.469857	0.000000	0.000000	0.000000	0.530143
140	tsk_140	(x)	1	:	0.000000	0.000000	0.000000	0.000000	0.000000	0.000000	0.000000	0.000000	0.419836	0.580164
141	tsk_141	(x)	1	:	0.499985	0.000000	0.000000	0.000000	0.000000	0.000000	0.000000	0.000000	0.000295	0.499720
142	tsk_142	(x)	1	:	0.000000	0.000000	0.000000	0.000000	0.000000	0.000000	0.000000	0.000000	0.419836	0.580164
143	tsk_143	(x)	1	:	0.505251	0.000000	0.000000	0.000000	0.000000	0.000000	0.000000	0.000000	0.494749	0.000000
144	tsk_144	(x)	1	:	0.000000	0.000000	0.000000	0.000000	0.000000	0.000000	0.000000	0.000000	0.419836	0.580164
145	tsk_145	(x)	1	:	0.000000	0.000000	0.000000	0.000000	0.556942	0.000000	0.000000	0.000000	0.000014	0.443044
146	tsk_146	(x)	1	:	0.000000	0.000000	0.000000	0.000000	0.556943	0.000000	0.000000	0.000000	0.000011	0.443046
147	tsk_147	(x)	1	:	0.000000	0.000000	0.513029	0.000000	0.000000	0.000001	0.000000	0.000000	0.000063	0.486907
148	tsk_148	(x)	1	:	0.000000	0.000000	0.000000	0.000000	0.000000	0.000001	0.000000	0.000000	0.000000	0.999999
149	tsk_149	(x)	1	:	0.487138	0.000000	0.000000	0.000000	0.192262	0.000000	0.000000	0.000000	0.000000	0.320599
