logL = -2557.354301 (converged)
AIC = 5578.708603
BIC = 6277.175991

count.K
85 65 

