logL = -1174.158542 (converged)
AIC = 6206.317083
BIC = 12013.832566

count.K
20 19 2 0 28 10 13 50 1 1 6 

