logL = -1692.430788 (converged)
AIC = 6612.861576
BIC = 11472.026941

count.K
1 12 52 11 7 31 6 3 27 

