logL = -1446.091759 (converged)
AIC = 6272.183518
BIC = 11360.157165

count.K
3 16 4 16 5 19 16 19 32 20 

