logL = -1653.298812 (converged)
AIC = 4170.597623
BIC = 5471.192070

count.K
60 35 55 

