logL = -1264.675433 (converged)
AIC = 4413.350866
BIC = 7249.369313

count.K
31 12 7 3 26 71 

