0	tsk_0	(x)	1	:	0.000000	0.000000	0.000000	0.000000	0.000000	0.000000	0.000000	0.497311	0.000000	0.502689	0.000000	0.000000	0.000000	0.000000
1	tsk_1	(x)	1	:	0.000000	0.000000	0.000000	0.000000	0.000000	0.000000	0.500000	0.000000	0.000000	0.500000	0.000000	0.000000	0.000000	0.000000
2	tsk_2	(x)	1	:	0.509814	0.000000	0.000000	0.000000	0.000000	0.000000	0.000000	0.000000	0.000000	0.490186	0.000000	0.000000	0.000000	0.000000
3	tsk_3	(x)	1	:	0.000000	0.000000	0.000000	0.000000	0.000000	0.360755	0.000000	0.000000	0.139150	0.500095	0.000000	0.000000	0.000000	0.000000
4	tsk_4	(x)	1	:	0.000000	0.000000	0.000000	0.000000	0.529515	0.000000	0.000000	0.046530	0.000000	0.000000	0.000000	0.000000	0.423954	0.000000
5	tsk_5	(x)	1	:	0.000000	0.000000	0.000000	0.000000	0.500890	0.360669	0.000000	0.000266	0.138174	0.000000	0.000000	0.000000	0.000000	0.000000
6	tsk_6	(x)	1	:	0.000000	0.000000	0.000000	0.000000	0.000000	0.000000	0.500000	0.000000	0.000000	0.500000	0.000000	0.000000	0.000000	0.000000
7	tsk_7	(x)	1	:	0.441631	0.000000	0.000000	0.000000	0.000000	0.000000	0.000000	0.055807	0.000000	0.502562	0.000000	0.000000	0.000000	0.000000
8	tsk_8	(x)	1	:	0.439200	0.000000	0.000000	0.000000	0.528540	0.000000	0.000000	0.032260	0.000000	0.000000	0.000000	0.000000	0.000000	0.000000
9	tsk_9	(x)	1	:	0.000000	0.000000	0.000000	0.000000	0.500510	0.000000	0.000000	0.000200	0.000000	0.499290	0.000000	0.000000	0.000000	0.000000
10	tsk_10	(x)	1	:	0.000000	0.000000	0.220547	0.000000	0.000000	0.000000	0.000000	0.001298	0.000000	0.279193	0.000000	0.000000	0.000000	0.498962
11	tsk_11	(x)	1	:	0.000000	0.000000	0.505873	0.000000	0.000000	0.000000	0.000000	0.000000	0.494127	0.000000	0.000000	0.000000	0.000000	0.000000
12	tsk_12	(x)	1	:	0.000000	0.000000	0.220719	0.000000	0.000000	0.000000	0.000000	0.001520	0.000000	0.279020	0.000000	0.000000	0.000000	0.498741
13	tsk_13	(x)	1	:	0.000000	0.000000	0.000000	0.000000	0.533871	0.000000	0.000000	0.466129	0.000000	0.000000	0.000000	0.000000	0.000000	0.000000
14	tsk_14	(x)	1	:	0.000000	0.000000	0.220008	0.000000	0.000000	0.000000	0.000000	0.000607	0.000000	0.279731	0.000000	0.000000	0.000000	0.499654
15	tsk_15	(x)	1	:	0.000000	0.000000	0.000000	0.000000	0.486318	0.513300	0.000000	0.000005	0.000378	0.000000	0.000000	0.000000	0.000000	0.000000
16	tsk_16	(x)	1	:	0.000000	0.000000	0.000000	0.000000	0.000000	0.592069	0.407931	0.000000	0.000000	0.000000	0.000000	0.000000	0.000000	0.000000
17	tsk_17	(x)	1	:	0.000000	0.000000	0.505873	0.000000	0.000000	0.000000	0.000000	0.000000	0.494127	0.000000	0.000000	0.000000	0.000000	0.000000
18	tsk_18	(x)	1	:	0.000000	0.304189	0.000000	0.000000	0.000000	0.256146	0.000000	0.000000	0.011036	0.000000	0.000000	0.428629	0.000000	0.000000
19	tsk_19	(x)	1	:	0.000000	0.000000	0.220336	0.000000	0.000000	0.000000	0.000000	0.001028	0.000000	0.279404	0.000000	0.000000	0.000000	0.499233
20	tsk_20	(x)	1	:	0.000000	0.000000	0.494588	0.376684	0.000000	0.000000	0.000000	0.000011	0.000000	0.001454	0.000000	0.000000	0.000000	0.127264
21	tsk_21	(x)	1	:	0.000000	0.000000	0.000000	0.000000	0.000000	0.000000	0.000000	1.000000	0.000000	0.000000	0.000000	0.000000	0.000000	0.000000
22	tsk_22	(x)	1	:	0.000000	0.000000	0.488600	0.000000	0.000000	0.000000	0.000000	0.511400	0.000000	0.000000	0.000000	0.000000	0.000000	0.000000
23	tsk_23	(x)	1	:	0.512584	0.000000	0.000000	0.000000	0.000000	0.360870	0.000000	0.000000	0.126547	0.000000	0.000000	0.000000	0.000000	0.000000
24	tsk_24	(x)	1	:	0.634528	0.000000	0.000000	0.000000	0.000000	0.000000	0.000000	0.365472	0.000000	0.000000	0.000000	0.000000	0.000000	0.000000
25	tsk_25	(x)	1	:	0.000000	0.000000	1.000000	0.000000	0.000000	0.000000	0.000000	0.000000	0.000000	0.000000	0.000000	0.000000	0.000000	0.000000
26	tsk_26	(x)	1	:	0.000000	0.481249	0.000000	0.000000	0.000000	0.000000	0.000000	0.000000	0.000000	0.000524	0.000000	0.000000	0.518227	0.000000
27	tsk_27	(x)	1	:	0.558022	0.000000	0.000000	0.000000	0.000000	0.000000	0.000000	0.441978	0.000000	0.000000	0.000000	0.000000	0.000000	0.000000
28	tsk_28	(x)	1	:	0.000000	0.000000	0.000000	0.000000	0.000000	0.000000	0.000000	0.368827	0.000000	0.000000	0.000000	0.000000	0.631173	0.000000
29	tsk_29	(x)	1	:	0.000000	0.000000	0.000000	0.000000	0.000000	0.360822	0.000000	0.255985	0.142689	0.000000	0.000000	0.000000	0.240503	0.000000
30	tsk_30	(x)	1	:	0.000000	0.000000	0.000000	0.000000	0.000000	0.592069	0.407931	0.000000	0.000000	0.000000	0.000000	0.000000	0.000000	0.000000
31	tsk_31	(x)	1	:	0.000000	0.000000	0.679910	0.000000	0.000000	0.000000	0.000000	0.000000	0.000000	0.320090	0.000000	0.000000	0.000000	0.000000
32	tsk_32	(x)	1	:	0.000000	0.000000	0.298133	0.000000	0.000000	0.000006	0.494324	0.000000	0.006418	0.201118	0.000000	0.000000	0.000000	0.000000
33	tsk_33	(x)	1	:	0.000000	0.000000	1.000000	0.000000	0.000000	0.000000	0.000000	0.000000	0.000000	0.000000	0.000000	0.000000	0.000000	0.000000
34	tsk_34	(x)	1	:	0.000000	0.000000	0.489713	0.000000	0.000000	0.000000	0.000000	0.000000	0.000000	0.000000	0.000000	0.000000	0.510287	0.000000
35	tsk_35	(x)	1	:	0.000000	0.000000	0.000000	0.000000	0.000000	0.000000	1.000000	0.000000	0.000000	0.000000	0.000000	0.000000	0.000000	0.000000
36	tsk_36	(x)	1	:	0.000000	0.000000	0.298123	0.000000	0.000000	0.000000	0.000000	0.000000	0.000000	0.182105	0.000000	0.000000	0.519772	0.000000
37	tsk_37	(x)	1	:	0.000000	0.000000	0.298123	0.000000	0.000000	0.000000	0.000000	0.000000	0.000000	0.183170	0.518707	0.000000	0.000000	0.000000
38	tsk_38	(x)	1	:	0.000000	0.000000	0.000000	0.000000	0.000000	0.000000	1.000000	0.000000	0.000000	0.000000	0.000000	0.000000	0.000000	0.000000
39	tsk_39	(x)	1	:	0.000000	0.000000	0.000000	0.000000	0.000000	0.000000	1.000000	0.000000	0.000000	0.000000	0.000000	0.000000	0.000000	0.000000
40	tsk_40	(x)	1	:	0.441626	0.000000	0.000000	0.000000	0.000000	0.000000	0.000000	0.072517	0.000000	0.000000	0.485857	0.000000	0.000000	0.000000
41	tsk_41	(x)	1	:	0.000000	0.463020	0.536980	0.000000	0.000000	0.000000	0.000000	0.000000	0.000000	0.000000	0.000000	0.000000	0.000000	0.000000
42	tsk_42	(x)	1	:	0.441626	0.000000	0.000000	0.000000	0.000000	0.000000	0.000000	0.072517	0.000000	0.000000	0.485856	0.000000	0.000000	0.000000
43	tsk_43	(x)	1	:	0.000000	0.000000	0.000000	0.000000	0.520208	0.000000	0.000000	0.006923	0.000000	0.000000	0.472868	0.000000	0.000000	0.000000
44	tsk_44	(x)	1	:	0.441627	0.000000	0.000000	0.000000	0.000000	0.000000	0.000000	0.072516	0.000000	0.000000	0.485857	0.000000	0.000000	0.000000
45	tsk_45	(x)	1	:	0.000000	0.000000	0.000000	0.000000	0.000000	0.000000	0.000000	0.000000	0.000000	0.000000	1.000000	0.000000	0.000000	0.000000
46	tsk_46	(x)	1	:	0.000000	0.000000	0.000000	0.000000	0.000000	0.000000	0.000000	0.000000	0.000000	0.000000	1.000000	0.000000	0.000000	0.000000
47	tsk_47	(x)	1	:	0.439183	0.000000	0.000000	0.000000	0.528503	0.000000	0.000000	0.032314	0.000000	0.000000	0.000000	0.000000	0.000000	0.000000
48	tsk_48	(x)	1	:	0.000000	0.000000	0.000000	0.000000	0.520182	0.000000	0.000000	0.006976	0.000000	0.000000	0.472843	0.000000	0.000000	0.000000
49	tsk_49	(x)	1	:	0.000000	0.488716	0.000000	0.144543	0.000000	0.000000	0.000000	0.000000	0.000000	0.001766	0.364975	0.000000	0.000000	0.000000
50	tsk_50	(x)	1	:	0.509063	0.000000	0.000000	0.000000	0.000000	0.000000	0.000000	0.000000	0.000000	0.490936	0.000000	0.000000	0.000000	0.000000
51	tsk_51	(x)	1	:	0.414840	0.000000	0.496670	0.000000	0.000000	0.000000	0.000000	0.000000	0.000000	0.000450	0.000000	0.000000	0.000000	0.088040
52	tsk_52	(x)	1	:	0.530495	0.000000	0.000000	0.000000	0.469505	0.000000	0.000000	0.000000	0.000000	0.000000	0.000000	0.000000	0.000000	0.000000
53	tsk_53	(x)	1	:	0.533210	0.000000	0.000000	0.000000	0.466790	0.000000	0.000000	0.000000	0.000000	0.000000	0.000000	0.000000	0.000000	0.000000
54	tsk_54	(x)	1	:	0.000000	0.000000	0.000000	0.000000	0.000000	0.592065	0.000000	0.000000	0.407935	0.000000	0.000000	0.000000	0.000000	0.000000
55	tsk_55	(x)	1	:	0.000000	0.463020	0.536980	0.000000	0.000000	0.000000	0.000000	0.000000	0.000000	0.000000	0.000000	0.000000	0.000000	0.000000
56	tsk_56	(x)	1	:	0.000000	0.000000	0.559840	0.000000	0.000000	0.000000	0.000000	0.000000	0.000000	0.440160	0.000000	0.000000	0.000000	0.000000
57	tsk_57	(x)	1	:	0.000000	0.000000	0.000000	0.000000	0.000000	0.592069	0.407931	0.000000	0.000000	0.000000	0.000000	0.000000	0.000000	0.000000
58	tsk_58	(x)	1	:	0.000000	0.000000	0.000000	0.000000	0.000000	0.000000	0.000000	0.000000	0.000000	0.000000	0.000000	1.000000	0.000000	0.000000
59	tsk_59	(x)	1	:	0.000000	0.000000	0.505873	0.000000	0.000000	0.000000	0.000000	0.000000	0.494127	0.000000	0.000000	0.000000	0.000000	0.000000
60	tsk_60	(x)	1	:	0.000000	0.000000	0.000000	0.000000	0.000000	1.000000	0.000000	0.000000	0.000000	0.000000	0.000000	0.000000	0.000000	0.000000
61	tsk_61	(x)	1	:	0.000000	0.000000	0.000000	0.000000	0.000000	1.000000	0.000000	0.000000	0.000000	0.000000	0.000000	0.000000	0.000000	0.000000
62	tsk_62	(x)	1	:	0.000000	0.000000	0.000000	0.000000	0.500897	0.360666	0.000000	0.000257	0.138179	0.000000	0.000000	0.000000	0.000000	0.000000
63	tsk_63	(x)	1	:	0.000000	0.000000	0.000000	0.000000	0.000000	0.999928	0.000072	0.000000	0.000000	0.000000	0.000000	0.000000	0.000000	0.000000
64	tsk_64	(x)	1	:	0.000000	0.000000	0.000000	0.000000	0.500889	0.360685	0.000000	0.000270	0.138156	0.000000	0.000000	0.000000	0.000000	0.000000
65	tsk_65	(x)	1	:	0.000000	0.000000	0.000000	0.000000	0.000000	1.000000	0.000000	0.000000	0.000000	0.000000	0.000000	0.000000	0.000000	0.000000
66	tsk_66	(x)	1	:	0.000000	0.000000	0.000000	0.000000	0.000000	0.359421	0.640579	0.000000	0.000000	0.000000	0.000000	0.000000	0.000000	0.000000
67	tsk_67	(x)	1	:	0.000000	0.000000	0.000000	0.000000	0.461435	0.538542	0.000001	0.000022	0.000001	0.000000	0.000000	0.000000	0.000000	0.000000
68	tsk_68	(x)	1	:	0.000000	0.000000	0.000000	0.000000	0.000000	0.360409	0.000000	0.000000	0.113175	0.000000	0.000000	0.000000	0.526416	0.000000
69	tsk_69	(x)	1	:	0.000000	0.000000	0.000000	0.000000	0.000000	1.000000	0.000000	0.000000	0.000000	0.000000	0.000000	0.000000	0.000000	0.000000
70	tsk_70	(x)	1	:	0.000000	0.000000	0.000000	0.000000	0.000000	0.000000	0.000000	0.000000	0.000000	0.000000	0.000000	0.000000	1.000000	0.000000
71	tsk_71	(x)	1	:	0.000000	0.000000	0.000000	0.000000	0.000000	0.000000	0.000000	0.062416	0.000000	0.000000	0.000000	0.000000	0.937584	0.000000
72	tsk_72	(x)	1	:	0.000000	0.000000	0.000000	0.000000	0.000000	0.000102	0.499949	0.000000	0.499949	0.000000	0.000000	0.000000	0.000000	0.000000
73	tsk_73	(x)	1	:	0.000000	0.000000	0.000000	0.000000	0.000000	0.000000	1.000000	0.000000	0.000000	0.000000	0.000000	0.000000	0.000000	0.000000
74	tsk_74	(x)	1	:	0.000000	0.000000	0.000000	0.000000	0.000000	0.000013	0.495501	0.069240	0.009375	0.000000	0.000000	0.000000	0.425870	0.000000
75	tsk_75	(x)	1	:	0.000000	0.000000	0.000000	0.000000	0.499327	0.000080	0.493991	0.000161	0.006441	0.000000	0.000000	0.000000	0.000000	0.000000
76	tsk_76	(x)	1	:	0.000000	0.000000	0.000000	0.000000	0.000000	0.000000	1.000000	0.000000	0.000000	0.000000	0.000000	0.000000	0.000000	0.000000
77	tsk_77	(x)	1	:	0.441658	0.495616	0.000000	0.000000	0.000000	0.000000	0.000000	0.055342	0.000000	0.007385	0.000000	0.000000	0.000000	0.000000
78	tsk_78	(x)	1	:	0.000000	0.000000	0.000000	0.000000	0.000000	0.000102	0.499949	0.000000	0.499949	0.000000	0.000000	0.000000	0.000000	0.000000
79	tsk_79	(x)	1	:	0.439280	0.000000	0.000000	0.000000	0.528720	0.000000	0.000000	0.032000	0.000000	0.000000	0.000000	0.000000	0.000000	0.000000
80	tsk_80	(x)	1	:	0.000000	0.494235	0.000000	0.000000	0.500037	0.000000	0.000000	0.000149	0.000000	0.005579	0.000000	0.000000	0.000000	0.000000
81	tsk_81	(x)	1	:	0.000000	1.000000	0.000000	0.000000	0.000000	0.000000	0.000000	0.000000	0.000000	0.000000	0.000000	0.000000	0.000000	0.000000
82	tsk_82	(x)	1	:	0.000000	0.000000	0.000000	0.000000	0.500929	0.360658	0.000000	0.000221	0.138192	0.000000	0.000000	0.000000	0.000000	0.000000
83	tsk_83	(x)	1	:	0.000000	0.463020	0.536979	0.000000	0.000000	0.000000	0.000000	0.000000	0.000000	0.000001	0.000000	0.000000	0.000000	0.000000
84	tsk_84	(x)	1	:	0.000000	0.499329	0.000000	0.000000	0.000000	0.000088	0.494524	0.000000	0.006059	0.000000	0.000000	0.000000	0.000000	0.000000
85	tsk_85	(x)	1	:	0.000000	0.000000	0.000000	0.000000	0.532269	0.000000	0.000000	0.227920	0.000000	0.000000	0.000000	0.000000	0.239810	0.000000
86	tsk_86	(x)	1	:	0.000000	0.499336	0.000000	0.000000	0.000000	0.000094	0.494581	0.000000	0.005989	0.000000	0.000000	0.000000	0.000000	0.000000
87	tsk_87	(x)	1	:	0.000000	0.494114	0.000000	0.000000	0.500024	0.000000	0.000000	0.000152	0.000000	0.005711	0.000000	0.000000	0.000000	0.000000
88	tsk_88	(x)	1	:	0.000000	0.000000	0.000000	0.000000	0.000000	0.000000	0.000000	0.000000	0.000000	0.000000	0.000000	0.000000	1.000000	0.000000
89	tsk_89	(x)	1	:	0.563774	0.000000	0.000000	0.000000	0.000000	0.000000	0.000000	0.195727	0.000000	0.000000	0.000000	0.000000	0.240499	0.000000
90	tsk_90	(x)	1	:	0.000000	1.000000	0.000000	0.000000	0.000000	0.000000	0.000000	0.000000	0.000000	0.000000	0.000000	0.000000	0.000000	0.000000
91	tsk_91	(x)	1	:	0.000000	0.000000	0.000000	0.000000	0.533871	0.000000	0.000000	0.466129	0.000000	0.000000	0.000000	0.000000	0.000000	0.000000
92	tsk_92	(x)	1	:	0.000000	0.000000	0.000000	0.000000	0.000000	0.000000	0.000000	0.368827	0.000000	0.000000	0.000000	0.000000	0.631173	0.000000
93	tsk_93	(x)	1	:	0.000000	0.000000	0.000000	0.000000	0.000000	0.000000	0.000000	0.512845	0.000000	0.000000	0.487155	0.000000	0.000000	0.000000
94	tsk_94	(x)	1	:	0.442316	0.000000	0.000000	0.000000	0.000000	0.000000	0.000000	0.557684	0.000000	0.000000	0.000000	0.000000	0.000000	0.000000
95	tsk_95	(x)	1	:	0.000000	0.000000	0.000000	0.000000	0.499292	0.000079	0.493996	0.000202	0.006431	0.000000	0.000000	0.000000	0.000000	0.000000
96	tsk_96	(x)	1	:	0.000000	0.000000	0.000000	0.000000	0.533871	0.000000	0.000000	0.466129	0.000000	0.000000	0.000000	0.000000	0.000000	0.000000
97	tsk_97	(x)	1	:	0.000000	0.000000	0.000000	0.000000	0.000000	0.360409	0.000000	0.000000	0.113176	0.000000	0.000000	0.000000	0.526415	0.000000
98	tsk_98	(x)	1	:	0.441509	0.000000	0.000000	0.000000	0.000000	0.000109	0.496091	0.053780	0.008511	0.000000	0.000000	0.000000	0.000000	0.000000
99	tsk_99	(x)	1	:	0.406814	0.000000	0.000000	0.000000	0.000000	0.000000	0.000000	0.000000	0.000000	0.000000	0.000000	0.000000	0.593186	0.000000
100	tsk_100	(x)	1	:	0.000000	0.000000	0.000000	0.000000	0.000000	0.000000	0.000000	0.272966	0.000000	0.000000	0.486465	0.000000	0.240569	0.000000
101	tsk_101	(x)	1	:	0.441627	0.000000	0.000000	0.000000	0.000000	0.000000	0.000000	0.072515	0.000000	0.000000	0.485858	0.000000	0.000000	0.000000
102	tsk_102	(x)	1	:	0.477092	0.000000	0.000000	0.000000	0.000000	0.000000	0.000000	0.000000	0.000000	0.000000	0.522908	0.000000	0.000000	0.000000
103	tsk_103	(x)	1	:	0.000000	0.000000	0.000000	0.000000	0.000000	0.000000	0.000000	0.000000	0.000000	0.000000	0.000000	0.000000	1.000000	0.000000
104	tsk_104	(x)	1	:	0.000000	0.000000	0.000000	0.000000	0.000000	0.000000	0.000000	0.088028	0.000000	0.000000	0.485926	0.000000	0.426046	0.000000
105	tsk_105	(x)	1	:	0.546361	0.000000	0.000000	0.000000	0.000000	0.000000	0.000000	0.000074	0.000000	0.000000	0.453565	0.000000	0.000000	0.000000
106	tsk_106	(x)	1	:	0.000000	0.000000	0.000000	0.000000	0.000000	0.490285	0.000000	0.000000	0.000084	0.000000	0.000000	0.000000	0.509630	0.000000
107	tsk_107	(x)	1	:	0.000000	0.000000	0.000000	0.000000	0.000000	0.000000	0.000000	0.000000	0.000000	0.000000	0.409105	0.000000	0.590895	0.000000
108	tsk_108	(x)	1	:	0.000000	0.000000	0.000000	0.145317	0.000000	0.000000	0.000000	0.000000	0.485542	0.000000	0.369141	0.000000	0.000000	0.000000
109	tsk_109	(x)	1	:	0.000000	0.000000	0.000000	0.000000	0.000000	0.000000	0.000000	0.368827	0.000000	0.000000	0.000000	0.000000	0.631173	0.000000
110	tsk_110	(x)	1	:	0.000000	0.000000	0.000000	0.000000	0.000000	1.000000	0.000000	0.000000	0.000000	0.000000	0.000000	0.000000	0.000000	0.000000
111	tsk_111	(x)	1	:	0.000000	0.000000	0.000000	0.000000	0.000000	1.000000	0.000000	0.000000	0.000000	0.000000	0.000000	0.000000	0.000000	0.000000
112	tsk_112	(x)	1	:	0.000000	0.000000	0.000000	0.000000	0.000000	0.491700	0.000000	0.000000	0.000000	0.000000	0.508300	0.000000	0.000000	0.000000
113	tsk_113	(x)	1	:	0.000000	0.000000	0.000000	0.000000	0.000000	0.000000	0.500000	0.000000	0.000000	0.500000	0.000000	0.000000	0.000000	0.000000
114	tsk_114	(x)	1	:	0.000000	0.000000	0.000000	0.000000	0.000000	1.000000	0.000000	0.000000	0.000000	0.000000	0.000000	0.000000	0.000000	0.000000
115	tsk_115	(x)	1	:	0.000000	0.000000	0.000000	0.000000	0.000000	0.000000	1.000000	0.000000	0.000000	0.000000	0.000000	0.000000	0.000000	0.000000
116	tsk_116	(x)	1	:	0.000000	0.000000	0.000000	0.000000	0.000000	0.592069	0.407931	0.000000	0.000000	0.000000	0.000000	0.000000	0.000000	0.000000
117	tsk_117	(x)	1	:	0.000000	0.000000	0.000000	0.000000	0.000000	0.489905	0.000000	0.000000	0.000000	0.000000	0.510095	0.000000	0.000000	0.000000
118	tsk_118	(x)	1	:	0.000000	0.000000	0.000000	0.000000	0.000000	0.579306	0.420694	0.000000	0.000000	0.000000	0.000000	0.000000	0.000000	0.000000
119	tsk_119	(x)	1	:	0.000000	0.000000	0.000000	0.000000	0.000000	1.000000	0.000000	0.000000	0.000000	0.000000	0.000000	0.000000	0.000000	0.000000
120	tsk_120	(x)	1	:	0.000000	0.000000	0.000000	0.000000	0.000000	0.000074	0.495860	0.012277	0.008516	0.000000	0.483272	0.000000	0.000000	0.000000
121	tsk_121	(x)	1	:	0.000000	0.000000	0.000000	0.000000	0.000000	0.516195	0.000000	0.004175	0.000000	0.000000	0.479629	0.000000	0.000000	0.000000
122	tsk_122	(x)	1	:	0.000000	0.000000	0.298126	0.000000	0.000000	0.000000	0.000000	0.081283	0.000000	0.204446	0.000000	0.000000	0.416142	0.000002
123	tsk_123	(x)	1	:	0.000000	0.000000	0.298126	0.000000	0.000000	0.000000	0.000000	0.081284	0.000000	0.204446	0.000000	0.000000	0.416142	0.000002
124	tsk_124	(x)	1	:	0.000000	0.000000	0.000000	0.000000	0.000000	0.000000	0.000000	0.000000	0.000000	0.000000	0.000000	1.000000	0.000000	0.000000
125	tsk_125	(x)	1	:	0.000000	0.000000	0.000000	0.000000	0.000000	0.000000	0.000000	0.013552	0.503279	0.000000	0.483169	0.000000	0.000000	0.000000
126	tsk_126	(x)	1	:	0.000000	0.000000	0.000000	0.000000	0.000000	0.000000	0.000000	0.013451	0.000000	0.502393	0.484157	0.000000	0.000000	0.000000
127	tsk_127	(x)	1	:	0.000000	0.000000	0.000000	0.000000	0.000000	0.000000	0.000000	0.429405	0.000000	0.000000	0.000000	0.000000	0.570595	0.000000
128	tsk_128	(x)	1	:	0.000000	0.000000	0.000000	0.387873	0.000000	0.000000	0.000000	0.109638	0.000000	0.502489	0.000000	0.000000	0.000000	0.000000
129	tsk_129	(x)	1	:	0.000000	0.000000	0.000000	0.000000	0.000000	0.000000	0.000000	0.272966	0.000000	0.000000	0.486465	0.000000	0.240569	0.000000
130	tsk_130	(x)	1	:	0.000000	0.463020	0.536980	0.000000	0.000000	0.000000	0.000000	0.000000	0.000000	0.000000	0.000000	0.000000	0.000000	0.000000
131	tsk_131	(x)	1	:	0.000000	0.000000	0.220426	0.000000	0.000000	0.000000	0.000000	0.001143	0.000000	0.279314	0.000000	0.000000	0.000000	0.499117
132	tsk_132	(x)	1	:	0.000000	0.000000	0.220027	0.000000	0.000000	0.000000	0.000000	0.000632	0.000000	0.279712	0.000000	0.000000	0.000000	0.499629
133	tsk_133	(x)	1	:	0.499620	0.000000	0.000000	0.000000	0.000000	0.500249	0.000000	0.000000	0.000132	0.000000	0.000000	0.000000	0.000000	0.000000
134	tsk_134	(x)	1	:	0.441659	0.495450	0.000000	0.000000	0.000000	0.000000	0.000000	0.055324	0.000000	0.007567	0.000000	0.000000	0.000000	0.000000
135	tsk_135	(x)	1	:	0.000000	0.000000	0.373103	0.000000	0.000000	0.000000	0.000000	0.000003	0.000000	0.125067	0.000000	0.000000	0.226155	0.275673
136	tsk_136	(x)	1	:	0.000000	0.495755	0.000000	0.000000	0.000000	0.000000	0.000000	0.256397	0.000000	0.007285	0.000000	0.000000	0.240563	0.000000
137	tsk_137	(x)	1	:	0.000000	1.000000	0.000000	0.000000	0.000000	0.000000	0.000000	0.000000	0.000000	0.000000	0.000000	0.000000	0.000000	0.000000
138	tsk_138	(x)	1	:	0.442316	0.000000	0.000000	0.000000	0.000000	0.000000	0.000000	0.557684	0.000000	0.000000	0.000000	0.000000	0.000000	0.000000
139	tsk_139	(x)	1	:	0.000000	0.000000	0.000000	0.000000	0.000000	1.000000	0.000000	0.000000	0.000000	0.000000	0.000000	0.000000	0.000000	0.000000
140	tsk_140	(x)	1	:	0.485020	0.000000	0.514980	0.000000	0.000000	0.000000	0.000000	0.000000	0.000000	0.000000	0.000000	0.000000	0.000000	0.000000
141	tsk_141	(x)	1	:	0.000000	0.000000	0.000000	0.000000	0.000000	0.359421	0.640579	0.000000	0.000000	0.000000	0.000000	0.000000	0.000000	0.000000
142	tsk_142	(x)	1	:	0.514148	0.000000	0.000000	0.000000	0.000000	0.360866	0.000000	0.000000	0.124987	0.000000	0.000000	0.000000	0.000000	0.000000
143	tsk_143	(x)	1	:	0.000000	0.499584	0.000000	0.000000	0.000000	0.360945	0.000000	0.000000	0.138920	0.000551	0.000000	0.000000	0.000000	0.000000
144	tsk_144	(x)	1	:	0.441496	0.000000	0.000000	0.000000	0.000000	0.000081	0.495859	0.053726	0.008838	0.000000	0.000000	0.000000	0.000000	0.000000
145	tsk_145	(x)	1	:	0.511299	0.000000	0.000000	0.000000	0.000000	0.000062	0.487201	0.000000	0.001438	0.000000	0.000000	0.000000	0.000000	0.000000
146	tsk_146	(x)	1	:	0.000000	0.000000	0.000000	0.000000	0.000000	0.360904	0.000000	0.013750	0.142149	0.000000	0.483197	0.000000	0.000000	0.000000
147	tsk_147	(x)	1	:	0.000000	0.304158	0.000000	0.000000	0.000000	0.256009	0.000000	0.000000	0.011147	0.000000	0.000000	0.428685	0.000000	0.000000
148	tsk_148	(x)	1	:	0.000000	0.000000	0.227201	0.000000	0.000000	0.165213	0.000000	0.000000	0.030328	0.000000	0.000000	0.577258	0.000000	0.000000
149	tsk_149	(x)	1	:	0.514150	0.000000	0.000000	0.000000	0.000000	0.360889	0.000000	0.000000	0.124961	0.000000	0.000000	0.000000	0.000000	0.000000
