logL = -2009.229034 (converged)
AIC = 5310.458068
BIC = 7255.328468

count.K
8 29 53 60 

