logL = -1938.767748 (converged)
AIC = 6307.535496
BIC = 9965.457378

count.K
52 41 17 1 35 2 2 

