logL = -1136.774674 (converged)
AIC = 4535.549347
BIC = 7940.577865

count.K
5 57 42 3 20 1 22 

