logL = -885.564075 (converged)
AIC = 5815.128150
BIC = 11902.632714

count.K
2 4 8 10 10 6 32 3 21 18 19 17 

