logL = -501.726798 (converged)
AIC = 3871.453597
BIC = 8188.704608

count.K
4 8 2 49 4 2 0 72 9 

