logL = -1090.968531 (converged)
AIC = 2949.937062
BIC = 4106.021015

count.K
45 63 42 

