logL = -753.699527 (converged)
AIC = 3415.399053
BIC = 6287.545124

count.K
15 20 22 48 4 41 

