logL = -703.895810 (converged)
AIC = 2827.791621
BIC = 4965.342679

count.K
28 40 10 4 68 

