logL = -1678.323191 (converged)
AIC = 4608.646382
BIC = 6493.304076

count.K
64 17 17 52 

