logL = -1955.389941 (converged)
AIC = 5962.779882
BIC = 9051.691693

count.K
20 10 43 27 35 15 

