logL = -1835.179805 (converged)
AIC = 6970.359610
BIC = 11937.907845

count.K
24 29 9 9 3 11 13 14 38 

