logL = -1342.995452 (converged)
AIC = 3513.990904
BIC = 4760.393916

count.K
57 38 55 

