logL = -1004.216947 (converged)
AIC = 3488.433893
BIC = 5716.304011

count.K
14 32 68 3 33 

