logL = -1903.243731 (converged)
AIC = 6250.487461
BIC = 9929.483791

count.K
11 28 43 33 7 16 12 

