0	tsk_0	(x)	1	:	0.000000	0.000000	0.000000	0.000000	0.000000	0.000000	0.000000	0.000000	0.000000	0.000000	1.000000
1	tsk_1	(x)	1	:	0.000000	0.000000	0.000000	0.000000	0.000000	0.000000	0.000000	0.000000	0.000000	0.000000	1.000000
2	tsk_2	(x)	1	:	0.000000	0.000000	0.000000	0.230060	0.000000	0.192955	0.306306	0.000000	0.000000	0.000000	0.270679
3	tsk_3	(x)	1	:	0.427650	0.000000	0.000000	0.000000	0.000000	0.372911	0.126408	0.000000	0.000000	0.000000	0.073031
4	tsk_4	(x)	1	:	0.000000	0.000000	0.000000	0.000000	0.000000	0.000000	0.000000	0.000000	0.000000	1.000000	0.000000
5	tsk_5	(x)	1	:	0.427767	0.000000	0.000000	0.000000	0.000000	0.000000	0.000000	0.000000	0.000000	0.000000	0.572233
6	tsk_6	(x)	1	:	0.521689	0.000000	0.000000	0.000000	0.000000	0.000557	0.477754	0.000000	0.000000	0.000000	0.000000
7	tsk_7	(x)	1	:	0.000000	0.000000	0.000000	0.000000	0.000000	0.303341	0.190692	0.000000	0.000000	0.505967	0.000000
8	tsk_8	(x)	1	:	0.000000	0.000000	0.000000	0.000000	0.000000	0.000000	0.000000	0.000000	0.000000	0.511211	0.488789
9	tsk_9	(x)	1	:	0.000000	0.000000	0.000000	0.000000	0.000000	0.654847	0.345153	0.000000	0.000000	0.000000	0.000000
10	tsk_10	(x)	1	:	0.000000	0.000000	0.000000	0.000000	0.000000	0.257733	0.236286	0.000000	0.000000	0.505980	0.000000
11	tsk_11	(x)	1	:	0.000000	0.000000	0.000000	0.000000	0.000000	0.244864	0.294402	0.000000	0.000000	0.460734	0.000000
12	tsk_12	(x)	1	:	0.000000	0.000000	0.000000	0.000000	0.000000	0.000000	0.000000	0.453095	0.000000	0.546905	0.000000
13	tsk_13	(x)	1	:	0.000000	0.000000	0.484760	0.000000	0.000000	0.259352	0.239940	0.000000	0.000000	0.000000	0.015948
14	tsk_14	(x)	1	:	0.000000	0.000000	0.000000	0.000000	0.000000	0.000000	0.000000	0.628808	0.000000	0.371192	0.000000
15	tsk_15	(x)	1	:	0.427651	0.000000	0.000000	0.000000	0.000000	0.320394	0.178905	0.000000	0.000000	0.000000	0.073050
16	tsk_16	(x)	1	:	0.000000	0.000000	0.000000	0.000000	0.000000	0.000000	1.000000	0.000000	0.000000	0.000000	0.000000
17	tsk_17	(x)	1	:	0.000000	0.000000	0.000000	0.000000	0.000000	0.000000	0.000000	0.628808	0.000000	0.371192	0.000000
18	tsk_18	(x)	1	:	0.000000	0.000000	0.000000	0.000000	0.000000	0.259445	0.279824	0.000000	0.000000	0.460730	0.000000
19	tsk_19	(x)	1	:	0.000000	0.000000	0.000000	0.000000	0.000000	0.357017	0.182278	0.000000	0.000000	0.460706	0.000000
20	tsk_20	(x)	1	:	0.000000	0.000000	0.000000	0.000000	0.000000	0.000000	0.000000	0.000000	0.500696	0.000000	0.499304
21	tsk_21	(x)	1	:	0.427767	0.000000	0.000000	0.000000	0.000000	0.000000	0.000000	0.000000	0.000000	0.000000	0.572233
22	tsk_22	(x)	1	:	1.000000	0.000000	0.000000	0.000000	0.000000	0.000000	0.000000	0.000000	0.000000	0.000000	0.000000
23	tsk_23	(x)	1	:	0.630626	0.000000	0.000000	0.000000	0.000000	0.000000	0.000000	0.000000	0.000000	0.000000	0.369374
24	tsk_24	(x)	1	:	0.000000	0.000000	0.000000	0.000000	0.000000	0.377449	0.622551	0.000000	0.000000	0.000000	0.000000
25	tsk_25	(x)	1	:	0.000000	0.000000	0.000000	0.000000	0.000000	0.000000	0.000000	0.000000	0.500696	0.000000	0.499304
26	tsk_26	(x)	1	:	0.552918	0.000000	0.447082	0.000000	0.000000	0.000000	0.000000	0.000000	0.000000	0.000000	0.000000
27	tsk_27	(x)	1	:	0.000000	0.000000	0.000000	0.000000	0.000000	0.295295	0.204008	0.000000	0.000000	0.000000	0.500696
28	tsk_28	(x)	1	:	0.552918	0.000000	0.447082	0.000000	0.000000	0.000000	0.000000	0.000000	0.000000	0.000000	0.000000
29	tsk_29	(x)	1	:	0.552918	0.000000	0.447082	0.000000	0.000000	0.000000	0.000000	0.000000	0.000000	0.000000	0.000000
30	tsk_30	(x)	1	:	0.000000	0.000000	0.000000	0.000000	0.000000	0.391070	0.108269	0.000000	0.000000	0.000000	0.500661
31	tsk_31	(x)	1	:	0.000000	0.000000	0.000000	0.000000	0.000000	0.258743	0.240547	0.000000	0.000000	0.000000	0.500710
32	tsk_32	(x)	1	:	0.000000	0.000000	0.000000	0.000000	0.000000	0.793614	0.206386	0.000000	0.000000	0.000000	0.000000
33	tsk_33	(x)	1	:	0.000000	0.000000	0.000000	0.000000	0.000000	0.260587	0.739413	0.000000	0.000000	0.000000	0.000000
34	tsk_34	(x)	1	:	0.000000	0.000000	0.000000	0.000000	0.000000	1.000000	0.000000	0.000000	0.000000	0.000000	0.000000
35	tsk_35	(x)	1	:	0.427651	0.000000	0.000000	0.000000	0.000000	0.280801	0.218483	0.000000	0.000000	0.000000	0.073064
36	tsk_36	(x)	1	:	0.000000	0.000000	0.000000	0.000000	0.000000	0.386790	0.613210	0.000000	0.000000	0.000000	0.000000
37	tsk_37	(x)	1	:	0.000000	0.000000	0.000000	0.000000	0.000000	0.600230	0.399770	0.000000	0.000000	0.000000	0.000000
38	tsk_38	(x)	1	:	0.427649	0.000000	0.000000	0.000000	0.000000	0.395796	0.103531	0.000000	0.000000	0.000000	0.073024
39	tsk_39	(x)	1	:	0.000000	0.000000	0.000000	0.000000	0.000000	0.298030	0.201275	0.000000	0.000000	0.000000	0.500695
40	tsk_40	(x)	1	:	0.000000	0.000000	0.000000	0.000000	0.000000	0.371929	0.127403	0.000000	0.000000	0.000000	0.500668
41	tsk_41	(x)	1	:	0.427669	0.000000	0.484728	0.000000	0.000000	0.000000	0.000000	0.000000	0.000000	0.000000	0.087603
42	tsk_42	(x)	1	:	0.000000	0.000000	0.000000	0.000000	0.000000	0.000000	0.000000	0.555045	0.000000	0.000000	0.444955
43	tsk_43	(x)	1	:	0.000000	0.000000	0.484734	0.230053	0.000000	0.000000	0.000000	0.000000	0.000000	0.000000	0.285213
44	tsk_44	(x)	1	:	0.427767	0.000000	0.000000	0.000000	0.000000	0.000000	0.000000	0.000000	0.000000	0.000000	0.572233
45	tsk_45	(x)	1	:	0.427767	0.000000	0.000000	0.230084	0.000000	0.000000	0.000000	0.000000	0.000000	0.000000	0.342149
46	tsk_46	(x)	1	:	0.000000	0.000000	0.000000	0.000000	0.000000	0.000000	0.000000	0.555045	0.000000	0.000000	0.444955
47	tsk_47	(x)	1	:	0.441579	0.000000	0.000000	0.000000	0.000000	0.000000	0.000000	0.558421	0.000000	0.000000	0.000000
48	tsk_48	(x)	1	:	1.000000	0.000000	0.000000	0.000000	0.000000	0.000000	0.000000	0.000000	0.000000	0.000000	0.000000
49	tsk_49	(x)	1	:	0.000000	0.000000	0.000000	0.000000	0.000000	0.286157	0.207871	0.000000	0.000000	0.505972	0.000000
50	tsk_50	(x)	1	:	0.000000	0.000000	0.484754	0.000000	0.000000	0.000000	0.000000	0.000000	0.000000	0.000000	0.515246
51	tsk_51	(x)	1	:	0.000000	0.000000	0.000000	0.000000	0.000000	0.339462	0.159858	0.000000	0.000000	0.000000	0.500680
52	tsk_52	(x)	1	:	0.427649	0.000000	0.000000	0.000000	0.000000	0.400679	0.098650	0.000000	0.000000	0.000000	0.073022
53	tsk_53	(x)	1	:	0.000000	0.000000	0.484754	0.000000	0.000000	0.000000	0.000000	0.000000	0.000000	0.000000	0.515246
54	tsk_54	(x)	1	:	0.000000	0.000000	0.000000	0.230060	0.000000	0.207168	0.292098	0.000000	0.000000	0.000000	0.270674
55	tsk_55	(x)	1	:	0.427576	0.000000	0.000000	0.000000	0.000000	0.000000	0.000000	0.000000	0.000000	0.511176	0.061248
56	tsk_56	(x)	1	:	0.427650	0.000000	0.000000	0.000000	0.000000	0.362876	0.136440	0.000000	0.000000	0.000000	0.073035
57	tsk_57	(x)	1	:	0.000000	0.000000	0.000000	0.000000	0.000000	0.218715	0.280559	0.000000	0.000000	0.000000	0.500725
58	tsk_58	(x)	1	:	0.000000	0.000000	0.000000	0.230060	0.000000	0.254477	0.244807	0.000000	0.000000	0.000000	0.270656
59	tsk_59	(x)	1	:	0.000000	0.000000	0.484759	0.000000	0.000000	0.275499	0.223799	0.000000	0.000000	0.000000	0.015943
60	tsk_60	(x)	1	:	0.000000	0.332077	0.000000	0.000000	0.000000	0.109268	0.058212	0.000000	0.000000	0.000000	0.500444
61	tsk_61	(x)	1	:	0.000000	0.332188	0.000000	0.000000	0.000000	0.065113	0.096888	0.000000	0.000000	0.505811	0.000000
62	tsk_62	(x)	1	:	0.000000	0.000000	0.000000	0.000000	0.000000	0.000000	0.000000	0.000000	0.000000	0.000000	1.000000
63	tsk_63	(x)	1	:	0.000000	0.000000	0.000000	0.000000	0.000000	0.000000	0.000000	0.000000	0.500696	0.000000	0.499304
64	tsk_64	(x)	1	:	0.000000	0.000000	0.000000	0.000000	0.000000	0.000000	0.000000	0.000000	0.500696	0.000000	0.499304
65	tsk_65	(x)	1	:	0.000000	0.000000	0.000000	0.230060	0.000000	0.108487	0.390741	0.000000	0.000000	0.000000	0.270712
66	tsk_66	(x)	1	:	0.427576	0.000000	0.000000	0.000000	0.000000	0.000000	0.000000	0.000000	0.000000	0.511176	0.061248
67	tsk_67	(x)	1	:	0.000000	0.000000	0.000000	0.000000	0.000000	0.000000	0.000000	0.000000	0.000000	0.511211	0.488789
68	tsk_68	(x)	1	:	0.000000	0.000000	0.000000	0.000000	0.000000	0.000000	0.000000	0.000000	0.495016	0.504984	0.000000
69	tsk_69	(x)	1	:	0.000000	0.000000	0.000000	0.230060	0.000000	0.183383	0.315874	0.000000	0.000000	0.000000	0.270683
70	tsk_70	(x)	1	:	0.000000	0.000000	0.000000	0.000000	0.000000	0.000000	0.000000	0.000000	0.000000	0.000000	1.000000
71	tsk_71	(x)	1	:	0.241545	0.000000	0.000000	0.000000	0.271339	0.200569	0.286548	0.000000	0.000000	0.000000	0.000000
72	tsk_72	(x)	1	:	0.000000	0.000000	0.399149	0.139912	0.000000	0.288383	0.172556	0.000000	0.000000	0.000000	0.000000
73	tsk_73	(x)	1	:	0.000000	0.000000	1.000000	0.000000	0.000000	0.000000	0.000000	0.000000	0.000000	0.000000	0.000000
74	tsk_74	(x)	1	:	0.000000	0.000000	0.000000	0.021284	0.501964	0.206033	0.270719	0.000000	0.000000	0.000000	0.000000
75	tsk_75	(x)	1	:	0.000000	0.000000	0.000000	0.000000	1.000000	0.000000	0.000000	0.000000	0.000000	0.000000	0.000000
76	tsk_76	(x)	1	:	0.000000	0.000000	0.484754	0.000000	0.000000	0.000000	0.000000	0.000000	0.000000	0.000000	0.515246
77	tsk_77	(x)	1	:	0.257163	0.000000	0.464421	0.000000	0.278416	0.000000	0.000000	0.000000	0.000000	0.000000	0.000000
78	tsk_78	(x)	1	:	0.000000	0.000000	0.564903	0.000000	0.000000	0.000000	0.000000	0.000000	0.000000	0.000000	0.435097
79	tsk_79	(x)	1	:	0.000000	0.000000	0.564903	0.000000	0.000000	0.000000	0.000000	0.000000	0.000000	0.000000	0.435097
80	tsk_80	(x)	1	:	0.301645	0.000000	0.000000	0.000000	0.000000	0.421436	0.077915	0.000000	0.000000	0.000000	0.199004
81	tsk_81	(x)	1	:	0.301615	0.000000	0.000000	0.230069	0.000000	0.000000	0.000000	0.000000	0.000000	0.000000	0.468316
82	tsk_82	(x)	1	:	0.000000	0.000000	0.000000	0.000000	0.000000	0.160661	0.338591	0.000000	0.000000	0.000000	0.500748
83	tsk_83	(x)	1	:	0.000000	0.000000	0.000000	0.230078	0.000000	0.000000	0.000000	0.000000	0.000000	0.000000	0.769921
84	tsk_84	(x)	1	:	0.630141	0.000000	0.000000	0.000000	0.000000	0.000000	0.000000	0.000000	0.000000	0.000000	0.369859
85	tsk_85	(x)	1	:	0.301645	0.000000	0.000000	0.000000	0.000000	0.208940	0.290333	0.000000	0.000000	0.000000	0.199082
86	tsk_86	(x)	1	:	0.301645	0.000000	0.000000	0.000000	0.000000	0.357690	0.141638	0.000000	0.000000	0.000000	0.199027
87	tsk_87	(x)	1	:	0.427767	0.000000	0.000000	0.000000	0.000000	0.000000	0.000000	0.000000	0.000000	0.000000	0.572233
88	tsk_88	(x)	1	:	0.000000	0.000000	0.000000	0.230068	0.000000	0.000000	0.000000	0.000000	0.000000	0.417163	0.352769
89	tsk_89	(x)	1	:	0.000000	0.000000	0.000000	0.000000	0.000000	0.000000	0.000000	0.000000	0.000000	0.000000	1.000000
90	tsk_90	(x)	1	:	0.000000	0.000000	0.484757	0.000000	0.000000	0.327124	0.172192	0.000000	0.000000	0.000000	0.015926
91	tsk_91	(x)	1	:	0.000000	0.000000	0.000000	0.000000	0.000000	0.236855	0.262426	0.000000	0.000000	0.000000	0.500719
92	tsk_92	(x)	1	:	0.000000	0.000000	0.484756	0.000000	0.000000	0.396660	0.102682	0.000000	0.000000	0.000000	0.015903
93	tsk_93	(x)	1	:	0.000000	0.000000	0.000000	0.000000	0.000000	0.630169	0.369831	0.000000	0.000000	0.000000	0.000000
94	tsk_94	(x)	1	:	0.000000	0.000000	0.000000	0.000000	0.000000	0.719522	0.280478	0.000000	0.000000	0.000000	0.000000
95	tsk_95	(x)	1	:	0.000000	0.000000	0.000000	0.000000	0.000000	0.589381	0.410618	0.000000	0.000000	0.000000	0.000000
96	tsk_96	(x)	1	:	0.000000	0.000000	0.494353	0.000000	0.000000	0.000000	0.000000	0.000000	0.505647	0.000000	0.000000
97	tsk_97	(x)	1	:	0.000000	0.000000	0.000000	0.000000	0.000000	0.219604	0.274405	0.000000	0.000000	0.505991	0.000000
98	tsk_98	(x)	1	:	0.000000	0.000000	0.000000	0.000000	0.000000	0.000000	0.000000	0.000000	0.000000	1.000000	0.000000
99	tsk_99	(x)	1	:	0.000000	0.000000	0.484762	0.000000	0.000000	0.294255	0.205051	0.000000	0.000000	0.000000	0.015931
100	tsk_100	(x)	1	:	0.427767	0.000000	0.000000	0.000000	0.000000	0.000000	0.000000	0.000000	0.000000	0.000000	0.572233
101	tsk_101	(x)	1	:	0.000000	0.287364	0.000000	0.000000	0.000000	0.132049	0.080116	0.000000	0.000000	0.000000	0.500472
102	tsk_102	(x)	1	:	0.000000	0.000000	0.000000	0.000000	0.000000	0.000000	0.000000	0.000000	0.000000	0.000000	1.000000
103	tsk_103	(x)	1	:	0.427576	0.000000	0.000000	0.000000	0.000000	0.000000	0.000000	0.000000	0.000000	0.511176	0.061248
104	tsk_104	(x)	1	:	0.427652	0.000000	0.000000	0.000000	0.000000	0.249771	0.249502	0.000000	0.000000	0.000000	0.073075
105	tsk_105	(x)	1	:	0.000000	0.000000	0.000000	0.000000	0.000000	0.669550	0.330450	0.000000	0.000000	0.000000	0.000000
106	tsk_106	(x)	1	:	0.000000	0.000000	0.000000	0.000000	0.000000	0.223384	0.275892	0.000000	0.000000	0.000000	0.500724
107	tsk_107	(x)	1	:	0.000000	0.287364	0.000000	0.000000	0.000000	0.131845	0.080318	0.000000	0.000000	0.000000	0.500472
108	tsk_108	(x)	1	:	0.427651	0.000000	0.000000	0.000000	0.000000	0.317959	0.181339	0.000000	0.000000	0.000000	0.073051
109	tsk_109	(x)	1	:	0.000000	0.000000	0.000000	0.000000	0.000000	0.588607	0.411393	0.000000	0.000000	0.000000	0.000000
110	tsk_110	(x)	1	:	0.000000	0.000000	0.000000	0.000000	0.000000	0.690261	0.309739	0.000000	0.000000	0.000000	0.000000
111	tsk_111	(x)	1	:	0.427650	0.000000	0.000000	0.000000	0.000000	0.349455	0.149855	0.000000	0.000000	0.000000	0.073040
112	tsk_112	(x)	1	:	0.000000	0.000000	0.000000	0.000000	0.000000	0.362070	0.145474	0.492456	0.000000	0.000000	0.000000
113	tsk_113	(x)	1	:	0.000000	0.000000	0.000000	0.000000	0.000000	0.752264	0.247735	0.000000	0.000000	0.000000	0.000000
114	tsk_114	(x)	1	:	0.000000	0.000000	0.000000	0.000000	0.000000	0.654772	0.345227	0.000000	0.000000	0.000000	0.000000
115	tsk_115	(x)	1	:	0.000000	0.000000	0.000000	0.000000	0.000000	0.422243	0.577757	0.000000	0.000000	0.000000	0.000000
116	tsk_116	(x)	1	:	0.000000	0.000000	0.000000	0.000000	0.000000	0.512324	0.487676	0.000000	0.000000	0.000000	0.000000
117	tsk_117	(x)	1	:	0.427651	0.000000	0.000000	0.000000	0.000000	0.318709	0.180590	0.000000	0.000000	0.000000	0.073050
118	tsk_118	(x)	1	:	0.427650	0.000000	0.000000	0.000000	0.000000	0.364079	0.135237	0.000000	0.000000	0.000000	0.073035
119	tsk_119	(x)	1	:	0.000000	0.000000	0.000000	0.000000	0.000000	0.498194	0.501805	0.000000	0.000000	0.000000	0.000000
120	tsk_120	(x)	1	:	0.000000	0.000000	0.000000	0.230060	0.000000	0.334702	0.164613	0.000000	0.000000	0.000000	0.270626
121	tsk_121	(x)	1	:	0.000000	0.000000	0.000000	0.230060	0.000000	0.168293	0.330958	0.000000	0.000000	0.000000	0.270689
122	tsk_122	(x)	1	:	0.000000	0.000000	0.000000	0.230060	0.000000	0.287470	0.211827	0.000000	0.000000	0.000000	0.270643
123	tsk_123	(x)	1	:	0.325409	0.000000	0.000000	0.193257	0.000000	0.277878	0.203456	0.000000	0.000000	0.000000	0.000000
124	tsk_124	(x)	1	:	0.000000	0.000000	0.000000	0.054403	0.000000	0.484696	0.460900	0.000000	0.000000	0.000000	0.000000
125	tsk_125	(x)	1	:	0.427767	0.000000	0.000000	0.000000	0.000000	0.000000	0.000000	0.000000	0.000000	0.000000	0.572233
126	tsk_126	(x)	1	:	0.325393	0.000000	0.000000	0.193251	0.000000	0.343242	0.138114	0.000000	0.000000	0.000000	0.000000
127	tsk_127	(x)	1	:	0.325381	0.000000	0.000000	0.193247	0.000000	0.393575	0.087798	0.000000	0.000000	0.000000	0.000000
128	tsk_128	(x)	1	:	0.000000	0.000000	0.000000	0.000000	0.000000	0.236886	0.262123	0.000000	0.500991	0.000000	0.000000
129	tsk_129	(x)	1	:	0.427651	0.000000	0.000000	0.000000	0.000000	0.291957	0.207332	0.000000	0.000000	0.000000	0.073060
130	tsk_130	(x)	1	:	0.000000	0.000000	0.000000	0.383774	0.000000	0.000000	0.000000	0.000000	0.000000	0.000000	0.616226
131	tsk_131	(x)	1	:	0.000000	0.000000	0.000000	0.000000	0.000000	0.000000	0.000000	0.000000	0.000000	0.000000	1.000000
132	tsk_132	(x)	1	:	0.427767	0.000000	0.000000	0.230084	0.000000	0.000000	0.000000	0.000000	0.000000	0.000000	0.342149
133	tsk_133	(x)	1	:	0.000000	0.000000	0.000000	0.000000	0.000000	0.297069	0.202235	0.000000	0.000000	0.000000	0.500696
134	tsk_134	(x)	1	:	0.427767	0.000000	0.000000	0.000000	0.000000	0.000000	0.000000	0.000000	0.000000	0.000000	0.572233
135	tsk_135	(x)	1	:	0.000000	0.000000	0.000000	0.000000	0.000000	0.564150	0.435849	0.000000	0.000000	0.000000	0.000000
136	tsk_136	(x)	1	:	0.000000	0.000000	0.000000	0.000000	0.000000	0.414670	0.585330	0.000000	0.000000	0.000000	0.000000
137	tsk_137	(x)	1	:	0.000000	0.000000	0.564881	0.230042	0.000000	0.000000	0.000000	0.000000	0.000000	0.000000	0.205077
138	tsk_138	(x)	1	:	0.000000	0.000000	0.000000	0.000000	0.000000	0.521843	0.478157	0.000000	0.000000	0.000000	0.000000
139	tsk_139	(x)	1	:	0.000000	0.000000	0.000000	0.000000	0.000000	0.293150	0.206152	0.000000	0.000000	0.000000	0.500697
140	tsk_140	(x)	1	:	0.427669	0.000000	0.484728	0.000000	0.000000	0.000000	0.000000	0.000000	0.000000	0.000000	0.087603
141	tsk_141	(x)	1	:	0.000000	0.000000	0.484754	0.000000	0.000000	0.000000	0.000000	0.000000	0.000000	0.000000	0.515246
142	tsk_142	(x)	1	:	0.000000	0.000000	0.000000	0.000000	0.000000	0.000000	0.000000	0.000000	0.000000	0.000000	1.000000
143	tsk_143	(x)	1	:	0.000000	0.000000	1.000000	0.000000	0.000000	0.000000	0.000000	0.000000	0.000000	0.000000	0.000000
144	tsk_144	(x)	1	:	0.000000	0.000000	0.484754	0.000000	0.000000	0.000000	0.000000	0.000000	0.000000	0.000000	0.515246
145	tsk_145	(x)	1	:	0.000000	0.000000	0.494353	0.000000	0.000000	0.000000	0.000000	0.000000	0.505647	0.000000	0.000000
146	tsk_146	(x)	1	:	0.000000	0.000000	0.000000	0.000000	0.000000	0.000000	0.000000	0.000000	0.500696	0.000000	0.499304
147	tsk_147	(x)	1	:	0.000000	0.000000	1.000000	0.000000	0.000000	0.000000	0.000000	0.000000	0.000000	0.000000	0.000000
148	tsk_148	(x)	1	:	0.000000	0.000000	1.000000	0.000000	0.000000	0.000000	0.000000	0.000000	0.000000	0.000000	0.000000
149	tsk_149	(x)	1	:	0.000000	0.332142	0.000000	0.000000	0.000000	0.095741	0.071659	0.000000	0.000000	0.000000	0.500458
