logL = -998.797617 (converged)
AIC = 4231.595234
BIC = 7594.474857

count.K
37 4 26 18 9 28 28 

