logL = -938.516243 (converged)
AIC = 2993.032487
BIC = 4672.966981

count.K
53 17 34 46 

