logL = -966.033020 (converged)
AIC = 6072.066040
BIC = 12304.081099

count.K
15 1 7 1 4 14 12 13 3 11 26 43 

