logL = -1217.229721 (converged)
AIC = 3582.459442
BIC = 5310.564101

count.K
48 34 59 9 

