logL = -1628.227750 (converged)
AIC = 5996.455499
BIC = 10121.025852

count.K
14 6 8 32 7 4 77 2 

