logL = -1236.170007 (converged)
AIC = 3668.340014
BIC = 5468.699920

count.K
19 44 38 49 

