logL = -1081.347201 (converged)
AIC = 6802.694403
BIC = 13787.368285

count.K
5 16 15 18 7 4 13 2 20 7 23 4 16 

