logL = -1850.151319 (converged)
AIC = 5776.302639
BIC = 8901.342074

count.K
15 41 28 11 45 10 

