logL = -1251.790498 (converged)
AIC = 6619.580996
BIC = 12815.468432

count.K
15 7 1 1 12 2 7 29 11 23 13 29 

