0	tsk_0	(x)	1	:	0.000000	0.000000	0.000000	0.000000	0.000000	0.000000	0.000000	0.000000	0.499807	0.000000	0.499368	0.000000	0.000000	0.000640	0.000184
1	tsk_1	(x)	1	:	0.000000	0.000000	0.000000	0.000000	0.000000	0.314650	0.000000	0.000000	0.000000	0.000000	0.499857	0.000000	0.000000	0.185492	0.000000
2	tsk_2	(x)	1	:	0.000000	0.000000	0.000000	0.000000	0.000000	0.000020	0.000000	0.000000	0.499545	0.000000	0.000000	0.000000	0.000000	0.499755	0.000680
3	tsk_3	(x)	1	:	0.000000	0.000000	0.000000	0.000000	0.507415	0.000000	0.000000	0.000000	0.492500	0.000000	0.000000	0.000000	0.000000	0.000000	0.000085
4	tsk_4	(x)	1	:	0.000000	0.000000	0.000000	0.000000	0.000000	0.000000	0.000000	0.000000	0.000000	0.000000	0.000000	0.000000	0.000000	1.000000	0.000000
5	tsk_5	(x)	1	:	0.000000	0.000000	0.000000	0.000000	0.000000	0.454426	0.000000	0.000000	0.000000	0.000000	0.000000	0.000000	0.000000	0.000000	0.545574
6	tsk_6	(x)	1	:	0.000000	0.000000	0.000000	0.000000	0.000000	0.314710	0.499955	0.000000	0.000000	0.000000	0.000000	0.000000	0.000000	0.185334	0.000000
7	tsk_7	(x)	1	:	0.000000	0.000000	0.000000	0.000000	0.000000	0.000004	0.495525	0.494860	0.000000	0.000000	0.000000	0.000000	0.000000	0.004363	0.005249
8	tsk_8	(x)	1	:	0.000000	0.000000	0.000000	0.000000	0.000000	0.517905	0.000000	0.000000	0.000000	0.000000	0.000000	0.000000	0.000000	0.000000	0.482095
9	tsk_9	(x)	1	:	0.000000	0.000000	0.000000	0.000000	0.000000	0.539114	0.000000	0.000000	0.000000	0.000000	0.460885	0.000000	0.000000	0.000000	0.000000
10	tsk_10	(x)	1	:	0.000000	0.000000	0.000000	0.000000	0.000000	0.000002	0.494507	0.000000	0.000000	0.000000	0.000000	0.000000	0.000000	0.006399	0.499092
11	tsk_11	(x)	1	:	0.000000	0.000000	0.000000	0.000000	0.000000	0.000021	0.000000	0.000000	0.000000	0.000000	0.000000	0.000000	0.000000	0.499981	0.499997
12	tsk_12	(x)	1	:	0.000000	0.000000	0.000000	0.000000	0.000000	0.000020	0.000000	0.000000	0.000000	0.000000	0.000000	0.000000	0.000000	0.499982	0.499998
13	tsk_13	(x)	1	:	0.000000	0.000000	0.000000	0.000000	0.000000	0.000000	0.000000	0.000000	0.000000	0.000000	0.000000	0.000000	0.000000	0.000000	1.000000
14	tsk_14	(x)	1	:	0.000000	0.000000	0.000000	0.000000	0.000000	0.000000	0.000000	0.000000	0.000000	0.000000	0.000000	0.000000	0.511322	0.000000	0.488678
15	tsk_15	(x)	1	:	0.000000	0.000000	0.000000	0.000000	0.000000	0.000004	0.497228	0.000000	0.000000	0.000000	0.000000	0.000000	0.000000	0.003228	0.499540
16	tsk_16	(x)	1	:	0.000000	0.000000	0.000000	0.000000	0.000000	0.000000	0.000000	0.000000	0.000000	0.000000	0.000000	0.000000	0.000000	0.000000	1.000000
17	tsk_17	(x)	1	:	0.275116	0.000000	0.000000	0.000000	0.000000	0.000030	0.000000	0.000000	0.000000	0.000000	0.000000	0.000000	0.000000	0.224846	0.500008
18	tsk_18	(x)	1	:	0.000000	0.000000	0.000000	0.000000	0.000000	0.000000	0.000000	0.000000	0.000000	0.000000	0.000000	0.000000	0.000000	0.000000	1.000000
19	tsk_19	(x)	1	:	0.000000	0.000000	0.000000	0.000000	0.000000	0.061418	0.000000	0.000000	0.000000	0.000000	0.000000	0.000000	0.400335	0.000000	0.538247
20	tsk_20	(x)	1	:	0.000000	0.000000	0.000000	0.000000	0.000000	0.000000	0.000000	0.000000	0.000000	0.000000	0.000000	0.000000	0.000000	1.000000	0.000000
21	tsk_21	(x)	1	:	0.000000	1.000000	0.000000	0.000000	0.000000	0.000000	0.000000	0.000000	0.000000	0.000000	0.000000	0.000000	0.000000	0.000000	0.000000
22	tsk_22	(x)	1	:	0.000000	0.000000	0.000000	0.311458	0.000000	0.000000	0.000000	0.000000	0.000000	0.000000	0.000000	0.000000	0.000000	0.688542	0.000000
23	tsk_23	(x)	1	:	0.000000	0.000000	0.000000	0.000000	0.000000	0.000000	0.000000	0.000000	0.000000	0.000000	0.000000	0.000000	0.000000	1.000000	0.000000
24	tsk_24	(x)	1	:	0.000000	0.000000	0.000000	0.000000	0.000000	0.000000	0.000000	0.000000	0.000000	0.000000	0.000000	0.000000	0.000000	1.000000	0.000000
25	tsk_25	(x)	1	:	0.000000	0.000000	0.000000	0.000000	0.000000	0.000000	0.000000	0.000000	0.000000	0.000000	0.000000	0.000000	0.000000	1.000000	0.000000
26	tsk_26	(x)	1	:	0.000000	0.000000	0.000000	0.000000	0.000000	0.000000	0.000000	0.000000	0.000000	0.000000	0.000000	0.000000	0.000000	1.000000	0.000000
27	tsk_27	(x)	1	:	0.000000	0.000000	0.000000	0.000000	0.000000	0.000000	0.000000	0.000000	0.000000	0.000000	0.000000	0.000000	0.000000	1.000000	0.000000
28	tsk_28	(x)	1	:	0.000000	0.000000	0.000000	0.000000	0.000000	0.000000	0.000000	0.000000	0.000000	0.000000	0.000000	0.000000	0.000000	1.000000	0.000000
29	tsk_29	(x)	1	:	0.000000	0.499999	0.000000	0.000000	0.000000	0.000013	0.000000	0.000000	0.000000	0.000000	0.000000	0.000000	0.000000	0.499988	0.000000
30	tsk_30	(x)	1	:	0.521889	0.000000	0.000000	0.000000	0.000000	0.000000	0.477869	0.000000	0.000000	0.000000	0.000000	0.000000	0.000000	0.000242	0.000000
31	tsk_31	(x)	1	:	0.501015	0.000000	0.000000	0.000000	0.498985	0.000000	0.000000	0.000000	0.000000	0.000000	0.000000	0.000000	0.000000	0.000000	0.000000
32	tsk_32	(x)	1	:	1.000000	0.000000	0.000000	0.000000	0.000000	0.000000	0.000000	0.000000	0.000000	0.000000	0.000000	0.000000	0.000000	0.000000	0.000000
33	tsk_33	(x)	1	:	0.501015	0.000000	0.000000	0.000000	0.498985	0.000000	0.000000	0.000000	0.000000	0.000000	0.000000	0.000000	0.000000	0.000000	0.000000
34	tsk_34	(x)	1	:	0.000000	0.000000	0.000000	0.000000	0.000000	0.061763	0.000000	0.501397	0.000000	0.000000	0.000000	0.000000	0.400268	0.000000	0.036572
35	tsk_35	(x)	1	:	0.000000	0.000000	0.416278	0.000000	0.000000	0.000002	0.000000	0.000000	0.000000	0.000000	0.000000	0.000000	0.529260	0.054459	0.000000
36	tsk_36	(x)	1	:	0.550712	0.000000	0.440099	0.000000	0.000000	0.000000	0.000000	0.000000	0.000000	0.000000	0.000000	0.000000	0.000000	0.009189	0.000000
37	tsk_37	(x)	1	:	0.530498	0.000000	0.000000	0.307277	0.000000	0.000000	0.000000	0.000000	0.000000	0.000000	0.000000	0.000000	0.000000	0.162225	0.000000
38	tsk_38	(x)	1	:	1.000000	0.000000	0.000000	0.000000	0.000000	0.000000	0.000000	0.000000	0.000000	0.000000	0.000000	0.000000	0.000000	0.000000	0.000000
39	tsk_39	(x)	1	:	0.550341	0.000000	0.439501	0.000000	0.000000	0.000000	0.000000	0.000000	0.000000	0.000000	0.000000	0.000000	0.000000	0.010158	0.000000
40	tsk_40	(x)	1	:	0.000000	0.000000	0.000000	0.000000	0.000000	0.000003	0.495739	0.494147	0.000000	0.000000	0.000000	0.000000	0.000000	0.003998	0.006113
41	tsk_41	(x)	1	:	0.000000	0.000000	0.000000	0.000000	0.506260	0.000000	0.000000	0.000000	0.000000	0.000000	0.000000	0.000000	0.000000	0.000000	0.493740
42	tsk_42	(x)	1	:	0.000000	0.000000	0.000000	0.000000	0.000000	0.000019	0.000000	0.000000	0.000000	0.000000	0.000000	0.000000	0.000000	0.499983	0.499998
43	tsk_43	(x)	1	:	0.000000	0.000000	0.000000	0.000000	0.000000	0.000000	0.000000	0.000000	0.000000	0.000000	0.000000	0.000000	0.000000	0.000000	1.000000
44	tsk_44	(x)	1	:	0.000000	0.000000	0.000000	0.000000	0.515398	0.000001	0.483310	0.000000	0.000000	0.000000	0.000000	0.000000	0.000000	0.001290	0.000000
45	tsk_45	(x)	1	:	0.000000	0.000000	0.000000	0.000000	0.506260	0.000000	0.000000	0.000000	0.000000	0.000000	0.000000	0.000000	0.000000	0.000000	0.493740
46	tsk_46	(x)	1	:	0.000000	0.000000	0.000000	0.000000	0.000000	0.000000	0.000000	0.000000	0.000000	0.000000	0.000000	0.499808	0.000000	0.000000	0.500192
47	tsk_47	(x)	1	:	0.000000	0.000000	0.000000	0.000000	0.000000	0.000019	0.000000	0.000000	0.000000	0.000000	0.000000	0.000000	0.000000	0.499983	0.499998
48	tsk_48	(x)	1	:	0.000000	0.000000	0.000000	0.000000	0.000000	0.000000	1.000000	0.000000	0.000000	0.000000	0.000000	0.000000	0.000000	0.000000	0.000000
49	tsk_49	(x)	1	:	0.000000	0.000000	0.000000	0.000000	0.506260	0.000000	0.000000	0.000000	0.000000	0.000000	0.000000	0.000000	0.000000	0.000000	0.493740
50	tsk_50	(x)	1	:	0.000000	0.000000	0.000000	0.000000	0.000000	0.000000	0.000000	0.000000	0.000000	0.000000	0.000000	0.000000	1.000000	0.000000	0.000000
51	tsk_51	(x)	1	:	0.000000	0.000000	0.000000	0.000000	0.000000	0.000000	0.000000	0.000000	0.000000	0.000000	0.000000	0.000000	1.000000	0.000000	0.000000
52	tsk_52	(x)	1	:	0.275129	0.000000	0.000000	0.000000	0.000000	0.000000	0.500149	0.000000	0.000000	0.000000	0.000000	0.000000	0.000000	0.224722	0.000000
53	tsk_53	(x)	1	:	0.000000	0.000000	0.000000	0.000000	0.000000	0.000010	0.000000	0.000000	0.000000	0.000000	0.000000	0.000000	0.528218	0.471772	0.000000
54	tsk_54	(x)	1	:	0.000000	0.000000	0.000000	0.000000	0.000000	0.000000	0.000000	0.000000	0.000000	0.483581	0.000000	0.000000	0.516419	0.000000	0.000000
55	tsk_55	(x)	1	:	0.000000	0.000000	0.000000	0.000000	0.321742	0.000009	0.000000	0.000000	0.000000	0.000000	0.000000	0.000000	0.678249	0.000000	0.000000
56	tsk_56	(x)	1	:	0.000000	0.000000	0.000000	0.000000	0.321742	0.000010	0.000000	0.000000	0.000000	0.000000	0.000000	0.000000	0.678249	0.000000	0.000000
57	tsk_57	(x)	1	:	0.000000	0.000000	0.000000	0.000000	0.000000	0.000000	0.000000	0.000000	0.000000	0.000000	0.000000	0.000000	1.000000	0.000000	0.000000
58	tsk_58	(x)	1	:	0.000000	0.000000	0.000000	0.000000	0.000000	0.000000	0.000000	0.000000	0.000000	0.000000	0.000000	0.000000	1.000000	0.000000	0.000000
59	tsk_59	(x)	1	:	0.496716	0.000000	0.000000	0.000000	0.000000	0.000000	0.000000	0.000000	0.000000	0.000000	0.000000	0.000000	0.503284	0.000000	0.000000
60	tsk_60	(x)	1	:	0.476531	0.000000	0.000000	0.000000	0.000000	0.000000	0.000000	0.000000	0.000000	0.523469	0.000000	0.000000	0.000000	0.000000	0.000000
61	tsk_61	(x)	1	:	0.549060	0.000000	0.437433	0.000000	0.000000	0.000000	0.000000	0.000000	0.000000	0.000000	0.000000	0.000000	0.000000	0.013507	0.000000
62	tsk_62	(x)	1	:	0.506547	0.000000	0.000000	0.000000	0.000000	0.000000	0.000000	0.489852	0.000000	0.000000	0.000000	0.000000	0.000000	0.000000	0.003601
63	tsk_63	(x)	1	:	0.506556	0.000000	0.000000	0.000000	0.000000	0.000000	0.000000	0.489928	0.000000	0.000000	0.000000	0.000000	0.000000	0.000000	0.003515
64	tsk_64	(x)	1	:	0.507844	0.000000	0.000000	0.000000	0.000000	0.000000	0.000000	0.000000	0.000000	0.000000	0.000000	0.000000	0.000000	0.000000	0.492156
65	tsk_65	(x)	1	:	0.496716	0.000000	0.000000	0.000000	0.000000	0.000000	0.000000	0.000000	0.000000	0.000000	0.000000	0.000000	0.503284	0.000000	0.000000
66	tsk_66	(x)	1	:	0.000000	0.000000	0.413586	0.000000	0.000000	0.000259	0.000000	0.000000	0.000000	0.000000	0.000000	0.000000	0.366929	0.219227	0.000000
67	tsk_67	(x)	1	:	0.000000	0.000000	0.000000	0.000000	0.000000	0.000000	0.000000	0.487291	0.000000	0.000000	0.000000	0.000000	0.509431	0.000000	0.003278
68	tsk_68	(x)	1	:	0.000000	0.000000	0.000000	0.000000	0.000000	0.000000	0.000000	1.000000	0.000000	0.000000	0.000000	0.000000	0.000000	0.000000	0.000000
69	tsk_69	(x)	1	:	0.000000	0.000000	0.000000	0.000000	0.000000	0.000000	0.000000	0.000000	0.000000	0.000000	0.000000	0.000000	1.000000	0.000000	0.000000
70	tsk_70	(x)	1	:	0.000000	0.000000	0.000000	0.000000	0.000000	0.000000	0.000000	0.000000	0.000000	1.000000	0.000000	0.000000	0.000000	0.000000	0.000000
71	tsk_71	(x)	1	:	0.000000	0.000000	0.000000	0.000000	0.000000	0.000002	0.496521	0.000000	0.000000	0.491193	0.000000	0.000000	0.000000	0.012284	0.000000
72	tsk_72	(x)	1	:	0.000000	0.000000	0.000000	0.000000	0.000000	0.000000	0.000000	0.000000	0.000000	1.000000	0.000000	0.000000	0.000000	0.000000	0.000000
73	tsk_73	(x)	1	:	0.000000	0.000000	0.000000	0.000000	0.000000	0.000000	0.000000	0.000000	0.000000	1.000000	0.000000	0.000000	0.000000	0.000000	0.000000
74	tsk_74	(x)	1	:	0.000000	0.000000	0.000000	0.000000	0.000000	0.000000	0.000000	0.000000	0.000000	1.000000	0.000000	0.000000	0.000000	0.000000	0.000000
75	tsk_75	(x)	1	:	0.000000	0.000000	0.000000	0.000000	0.000000	0.000002	0.000000	0.000000	0.000000	0.540450	0.000000	0.000000	0.000000	0.459548	0.000000
76	tsk_76	(x)	1	:	0.000000	0.000000	0.000000	0.000000	0.000000	0.000001	0.000000	0.000000	0.000000	0.540450	0.000000	0.000000	0.000000	0.459549	0.000000
77	tsk_77	(x)	1	:	0.000000	0.000000	0.000000	0.000000	0.000000	0.000000	0.000000	0.000000	0.000000	1.000000	0.000000	0.000000	0.000000	0.000000	0.000000
78	tsk_78	(x)	1	:	0.000000	0.000000	0.000000	0.000000	0.000000	0.000000	0.000000	0.000000	0.000000	1.000000	0.000000	0.000000	0.000000	0.000000	0.000000
79	tsk_79	(x)	1	:	0.000000	0.000000	0.000000	0.000000	0.000000	0.000001	0.000000	0.000000	0.000000	0.540450	0.000000	0.000000	0.000000	0.459549	0.000000
80	tsk_80	(x)	1	:	0.000000	0.543058	0.000000	0.000000	0.000000	0.000000	0.000000	0.000000	0.000000	0.456941	0.000000	0.000000	0.000000	0.000000	0.000000
81	tsk_81	(x)	1	:	0.000000	0.000000	0.000000	0.000000	0.000000	0.000000	0.500065	0.000000	0.000000	0.432657	0.000000	0.000000	0.000000	0.067278	0.000000
82	tsk_82	(x)	1	:	0.000000	0.000000	0.250910	0.000000	0.002115	0.281609	0.000000	0.000000	0.000000	0.465365	0.000000	0.000000	0.000000	0.000000	0.000000
83	tsk_83	(x)	1	:	0.000000	0.000000	0.000000	0.000000	0.000000	0.000000	0.000000	0.499999	0.000000	0.432646	0.000000	0.000000	0.000000	0.000000	0.067355
84	tsk_84	(x)	1	:	0.000000	0.000000	0.245960	0.000000	0.639227	0.114814	0.000000	0.000000	0.000000	0.000000	0.000000	0.000000	0.000000	0.000000	0.000000
85	tsk_85	(x)	1	:	0.521948	0.000000	0.000000	0.000000	0.000000	0.000000	0.477975	0.000000	0.000000	0.000000	0.000000	0.000000	0.000000	0.000078	0.000000
86	tsk_86	(x)	1	:	0.000000	0.499309	0.000000	0.000000	0.000000	0.000000	0.493708	0.000000	0.000000	0.000000	0.000000	0.000000	0.000000	0.006983	0.000000
87	tsk_87	(x)	1	:	0.000000	0.000000	0.000000	0.000000	0.000000	0.000002	0.495601	0.494036	0.000000	0.000000	0.000000	0.000000	0.000000	0.004141	0.006220
88	tsk_88	(x)	1	:	0.000000	0.000000	0.000000	0.000000	0.000000	0.000004	0.496167	0.494174	0.000000	0.000000	0.000000	0.000000	0.000000	0.003504	0.006152
89	tsk_89	(x)	1	:	0.000000	0.000000	0.000000	0.000000	0.599551	0.000000	0.000000	0.000000	0.000000	0.400448	0.000000	0.000000	0.000000	0.000000	0.000000
90	tsk_90	(x)	1	:	0.000000	0.000000	0.000000	0.000000	0.618291	0.002577	0.000000	0.000000	0.000000	0.000000	0.000000	0.000000	0.379133	0.000000	0.000000
91	tsk_91	(x)	1	:	0.000000	0.000000	0.000000	0.000000	0.000000	0.000000	0.000000	0.500000	0.000000	0.000000	0.000000	0.000000	0.000000	0.000000	0.500000
92	tsk_92	(x)	1	:	0.000000	0.000000	0.000000	0.000000	1.000000	0.000000	0.000000	0.000000	0.000000	0.000000	0.000000	0.000000	0.000000	0.000000	0.000000
93	tsk_93	(x)	1	:	0.275096	0.500004	0.000000	0.000000	0.000000	0.000017	0.000000	0.000000	0.000000	0.000000	0.000000	0.000000	0.000000	0.224883	0.000000
94	tsk_94	(x)	1	:	0.000000	0.000000	0.000000	0.000000	0.000000	0.000000	0.000000	1.000000	0.000000	0.000000	0.000000	0.000000	0.000000	0.000000	0.000000
95	tsk_95	(x)	1	:	0.000000	0.000000	0.000000	0.000000	0.000000	0.000000	0.000000	0.000000	0.000000	0.000000	0.000000	0.000000	0.000000	0.000000	1.000000
96	tsk_96	(x)	1	:	0.000000	0.000000	0.000000	0.000000	0.520018	0.000000	0.000000	0.000000	0.000000	0.479982	0.000000	0.000000	0.000000	0.000000	0.000000
97	tsk_97	(x)	1	:	0.000000	0.000000	0.000000	0.000000	0.000000	0.000018	0.000000	0.494370	0.000000	0.000000	0.000000	0.000000	0.000000	0.499054	0.006557
98	tsk_98	(x)	1	:	0.275066	0.000000	0.000000	0.000000	0.000000	0.000000	0.000000	0.000000	0.000000	0.000000	0.000000	0.000000	0.000000	0.724934	0.000000
99	tsk_99	(x)	1	:	0.275141	0.000000	0.000000	0.000000	0.000000	0.000039	0.000000	0.493678	0.000000	0.000000	0.000000	0.000000	0.000000	0.223764	0.007378
100	tsk_100	(x)	1	:	0.000000	1.000000	0.000000	0.000000	0.000000	0.000000	0.000000	0.000000	0.000000	0.000000	0.000000	0.000000	0.000000	0.000000	0.000000
101	tsk_101	(x)	1	:	0.000000	0.499999	0.000000	0.000000	0.000000	0.000013	0.000000	0.000000	0.000000	0.000000	0.000000	0.000000	0.000000	0.499988	0.000000
102	tsk_102	(x)	1	:	0.000000	0.499289	0.000000	0.000000	0.000000	0.000000	0.000000	0.493530	0.000000	0.000000	0.000000	0.000000	0.000000	0.000000	0.007181
103	tsk_103	(x)	1	:	0.000000	0.499999	0.000000	0.000000	0.000000	0.000010	0.000000	0.000000	0.000000	0.000000	0.000000	0.000000	0.000000	0.499991	0.000000
104	tsk_104	(x)	1	:	0.000000	1.000000	0.000000	0.000000	0.000000	0.000000	0.000000	0.000000	0.000000	0.000000	0.000000	0.000000	0.000000	0.000000	0.000000
105	tsk_105	(x)	1	:	0.000000	1.000000	0.000000	0.000000	0.000000	0.000000	0.000000	0.000000	0.000000	0.000000	0.000000	0.000000	0.000000	0.000000	0.000000
106	tsk_106	(x)	1	:	0.000000	0.000000	0.000000	0.000000	0.434509	0.000056	0.000000	0.000000	0.000000	0.000000	0.000000	0.000000	0.000000	0.000000	0.565435
107	tsk_107	(x)	1	:	0.000000	1.000000	0.000000	0.000000	0.000000	0.000000	0.000000	0.000000	0.000000	0.000000	0.000000	0.000000	0.000000	0.000000	0.000000
108	tsk_108	(x)	1	:	0.000000	0.499273	0.000000	0.000000	0.000000	0.000000	0.000000	0.493383	0.000000	0.000000	0.000000	0.000000	0.000000	0.000000	0.007344
109	tsk_109	(x)	1	:	0.000000	0.499999	0.000000	0.000000	0.000000	0.000012	0.000000	0.000000	0.000000	0.000000	0.000000	0.000000	0.000000	0.499989	0.000000
110	tsk_110	(x)	1	:	0.000000	0.000000	0.000000	0.000000	0.000000	0.000000	0.000000	0.000000	0.000000	0.000000	0.000000	0.000000	0.000000	0.000000	1.000000
111	tsk_111	(x)	1	:	0.000000	0.000000	0.000000	0.000000	0.000000	0.000000	0.000000	0.000000	0.000000	0.000000	0.000000	0.000000	0.511322	0.000000	0.488678
112	tsk_112	(x)	1	:	0.000000	0.000000	0.000000	0.000000	0.494194	0.000000	0.000000	0.000000	0.000000	0.000000	0.000000	0.000000	0.505806	0.000000	0.000000
113	tsk_113	(x)	1	:	0.000000	0.000000	0.000000	0.000000	0.512317	0.000000	0.000000	0.000000	0.000000	0.000000	0.000000	0.000000	0.000000	0.000000	0.487683
114	tsk_114	(x)	1	:	0.871250	0.000000	0.000000	0.000000	0.000000	0.000000	0.000000	0.000000	0.000000	0.000000	0.000000	0.000000	0.000000	0.128750	0.000000
115	tsk_115	(x)	1	:	0.871238	0.000000	0.000000	0.000000	0.000000	0.000000	0.000000	0.000000	0.000000	0.000000	0.000000	0.000000	0.000000	0.128762	0.000000
116	tsk_116	(x)	1	:	0.275107	0.000000	0.000000	0.000000	0.000000	0.000024	0.000000	0.000000	0.000000	0.000000	0.000000	0.000000	0.000000	0.224862	0.500007
117	tsk_117	(x)	1	:	0.507844	0.000000	0.000000	0.000000	0.000000	0.000000	0.000000	0.000000	0.000000	0.000000	0.000000	0.000000	0.000000	0.000000	0.492156
118	tsk_118	(x)	1	:	0.496716	0.000000	0.000000	0.000000	0.000000	0.000000	0.000000	0.000000	0.000000	0.000000	0.000000	0.000000	0.503284	0.000000	0.000000
119	tsk_119	(x)	1	:	0.507844	0.000000	0.000000	0.000000	0.000000	0.000000	0.000000	0.000000	0.000000	0.000000	0.000000	0.000000	0.000000	0.000000	0.492156
120	tsk_120	(x)	1	:	0.000000	0.000000	0.000000	0.000000	0.000000	0.000244	0.000000	0.000000	0.000000	0.000000	0.000000	0.000000	0.366956	0.632799	0.000000
121	tsk_121	(x)	1	:	0.000000	0.000000	0.000000	0.000000	0.000000	0.000000	0.000000	0.000000	0.000000	0.000000	1.000000	0.000000	0.000000	0.000000	0.000000
122	tsk_122	(x)	1	:	0.000000	0.000000	0.000000	0.000000	0.000000	0.000000	0.000000	0.000000	0.000000	0.000000	0.500000	0.000000	0.000000	0.500000	0.000000
123	tsk_123	(x)	1	:	0.000000	0.000000	0.000000	0.000000	0.000000	0.827009	0.000000	0.000000	0.000000	0.073718	0.000000	0.000000	0.000000	0.000000	0.099273
124	tsk_124	(x)	1	:	0.000000	0.000000	0.000000	0.000000	0.000000	0.539114	0.000000	0.000000	0.000000	0.000000	0.460885	0.000000	0.000000	0.000000	0.000000
125	tsk_125	(x)	1	:	0.000000	0.442062	0.000000	0.112001	0.445937	0.000000	0.000000	0.000000	0.000000	0.000000	0.000000	0.000000	0.000000	0.000000	0.000000
126	tsk_126	(x)	1	:	0.000000	0.472606	0.000000	0.177484	0.000000	0.000000	0.000000	0.000000	0.000000	0.000000	0.000000	0.000000	0.349910	0.000000	0.000000
127	tsk_127	(x)	1	:	0.505661	0.494339	0.000000	0.000000	0.000000	0.000000	0.000000	0.000000	0.000000	0.000000	0.000000	0.000000	0.000000	0.000000	0.000000
128	tsk_128	(x)	1	:	0.000000	0.000000	0.000000	0.000000	0.000000	0.000244	0.000000	0.000000	0.000000	0.000000	0.000000	0.000000	0.366956	0.632799	0.000000
129	tsk_129	(x)	1	:	0.000000	0.000000	0.000000	0.000000	0.000000	0.203034	0.000000	0.000000	0.000000	0.000000	0.000000	0.000000	0.796965	0.000001	0.000000
130	tsk_130	(x)	1	:	0.000000	1.000000	0.000000	0.000000	0.000000	0.000000	0.000000	0.000000	0.000000	0.000000	0.000000	0.000000	0.000000	0.000000	0.000000
131	tsk_131	(x)	1	:	0.000000	0.000000	0.000000	0.000000	0.000000	0.000000	1.000000	0.000000	0.000000	0.000000	0.000000	0.000000	0.000000	0.000000	0.000000
132	tsk_132	(x)	1	:	0.000000	0.499324	0.000000	0.000000	0.000000	0.000001	0.493850	0.000000	0.000000	0.000000	0.000000	0.000000	0.000000	0.006826	0.000000
133	tsk_133	(x)	1	:	0.000000	0.499999	0.000000	0.000000	0.000000	0.000013	0.000000	0.000000	0.000000	0.000000	0.000000	0.000000	0.000000	0.499988	0.000000
134	tsk_134	(x)	1	:	0.000000	0.000000	0.000000	0.000000	0.000000	0.000000	0.500000	0.000000	0.000000	0.000000	0.000000	0.000000	0.000000	0.500000	0.000000
135	tsk_135	(x)	1	:	0.000000	0.445500	0.000000	0.189926	0.000000	0.000000	0.364574	0.000000	0.000000	0.000000	0.000000	0.000000	0.000000	0.000000	0.000000
136	tsk_136	(x)	1	:	0.000000	0.499999	0.000000	0.000000	0.000000	0.000011	0.000000	0.000000	0.000000	0.000000	0.000000	0.000000	0.000000	0.499990	0.000000
137	tsk_137	(x)	1	:	0.000000	0.000000	0.000000	0.000000	0.515441	0.000002	0.483423	0.000000	0.000000	0.000000	0.000000	0.000000	0.000000	0.001135	0.000000
138	tsk_138	(x)	1	:	0.000000	0.000000	0.000000	0.000000	0.000000	0.000000	1.000000	0.000000	0.000000	0.000000	0.000000	0.000000	0.000000	0.000000	0.000000
139	tsk_139	(x)	1	:	0.000000	0.499315	0.000000	0.000000	0.000000	0.000000	0.493770	0.000000	0.000000	0.000000	0.000000	0.000000	0.000000	0.006914	0.000000
140	tsk_140	(x)	1	:	0.000000	0.500000	0.413625	0.000000	0.000000	0.000001	0.000000	0.000000	0.000000	0.000000	0.000000	0.000000	0.000000	0.086374	0.000000
141	tsk_141	(x)	1	:	0.000000	0.000000	0.000000	0.000000	0.000000	0.000002	0.496521	0.000000	0.499273	0.000000	0.000000	0.000000	0.000000	0.003690	0.000514
142	tsk_142	(x)	1	:	0.000000	0.000000	0.000000	0.310908	0.000000	0.000000	0.000000	0.490679	0.000000	0.000000	0.000000	0.000000	0.000000	0.187748	0.010666
143	tsk_143	(x)	1	:	0.000000	0.000000	0.000000	0.000000	0.000000	0.000002	0.498243	0.000000	0.499688	0.000000	0.000000	0.000000	0.000000	0.001891	0.000176
144	tsk_144	(x)	1	:	0.000000	0.000000	0.000000	0.000000	0.000000	0.000020	0.000000	0.000000	0.499690	0.000000	0.000000	0.000000	0.000000	0.499827	0.000462
145	tsk_145	(x)	1	:	0.000000	0.000000	0.000000	0.000000	0.000000	0.000000	0.000000	1.000000	0.000000	0.000000	0.000000	0.000000	0.000000	0.000000	0.000000
146	tsk_146	(x)	1	:	0.000000	0.483691	0.000000	0.282292	0.000000	0.000029	0.000000	0.000000	0.000000	0.000000	0.000000	0.000000	0.000000	0.233988	0.000000
147	tsk_147	(x)	1	:	0.000000	0.000000	0.000000	0.000000	0.000000	0.000000	0.000000	0.495333	0.498454	0.000000	0.000000	0.000000	0.000000	0.000000	0.006213
148	tsk_148	(x)	1	:	0.000000	0.769644	0.000000	0.000000	0.000000	0.000000	0.000000	0.000000	0.000000	0.000000	0.000000	0.230356	0.000000	0.000000	0.000000
149	tsk_149	(x)	1	:	0.000000	0.499284	0.000000	0.000000	0.000000	0.000000	0.000000	0.493482	0.000000	0.000000	0.000000	0.000000	0.000000	0.000000	0.007234
