logL = -2310.256734 (converged)
AIC = 5496.513469
BIC = 6815.171728

count.K
50 33 67 

