logL = -1476.617863 (converged)
AIC = 4603.235726
BIC = 7087.009843

count.K
21 36 36 37 20 

