logL = -2889.350929 (converged)
AIC = 7578.701858
BIC = 10288.273623

count.K
39 8 28 26 49 

