logL = -3514.249247 (converged)
AIC = 11678.498495
BIC = 18678.225554

count.K
10 43 4 8 9 10 6 3 3 31 23 

