logL = -1691.341896 (converged)
AIC = 3806.683793
BIC = 4444.938475

count.K
60 90 

