logL = -1577.656040 (converged)
AIC = 3615.312081
BIC = 4307.758199

count.K
35 115 

