0	tsk_0	(x)	1	:	0.000000	0.484780	0.000000	0.000000	0.000000	0.000000	0.001100	0.000002	0.513234	0.000884
1	tsk_1	(x)	1	:	0.000000	0.000000	0.000000	0.000000	0.000000	0.000000	0.508440	0.000000	0.000000	0.491560
2	tsk_2	(x)	1	:	0.000000	0.499799	0.000000	0.000000	0.000000	0.000000	0.226662	0.000000	0.000000	0.273539
3	tsk_3	(x)	1	:	0.000000	0.000000	0.365655	0.000000	0.000000	0.000000	0.000000	0.000000	0.634345	0.000000
4	tsk_4	(x)	1	:	0.000000	0.000000	0.000000	0.000000	0.000000	0.000000	0.599519	0.000000	0.000000	0.400481
5	tsk_5	(x)	1	:	0.000000	0.000000	0.496568	0.000000	0.000000	0.000000	0.152286	0.000000	0.000000	0.351145
6	tsk_6	(x)	1	:	0.000000	0.000000	0.496568	0.000000	0.000000	0.000000	0.307095	0.000000	0.000000	0.196337
7	tsk_7	(x)	1	:	0.000000	0.000000	0.496568	0.000000	0.000000	0.000000	0.102687	0.000000	0.000000	0.400745
8	tsk_8	(x)	1	:	0.000000	0.000000	0.091216	0.000000	0.000000	0.000000	0.312245	0.000000	0.405455	0.191083
9	tsk_9	(x)	1	:	0.000000	0.000000	0.365655	0.000000	0.000000	0.000000	0.000000	0.000000	0.634345	0.000000
10	tsk_10	(x)	1	:	0.433059	0.000000	0.000000	0.000000	0.000000	0.000000	0.000000	0.000000	0.566941	0.000000
11	tsk_11	(x)	1	:	0.499453	0.493914	0.000000	0.000000	0.000000	0.000000	0.003267	0.000000	0.000000	0.003366
12	tsk_12	(x)	1	:	0.000000	0.000000	0.000000	0.498840	0.000000	0.000000	0.268801	0.000000	0.000000	0.232359
13	tsk_13	(x)	1	:	0.000000	0.487642	0.000000	0.000000	0.000000	0.000000	0.000992	0.000001	0.510071	0.001293
14	tsk_14	(x)	1	:	0.504630	0.000000	0.000003	0.495367	0.000000	0.000000	0.000000	0.000000	0.000000	0.000000
15	tsk_15	(x)	1	:	0.000000	0.000000	0.000000	0.498840	0.000000	0.000000	0.294268	0.000000	0.000000	0.206892
16	tsk_16	(x)	1	:	0.000000	0.000000	0.496568	0.000000	0.000000	0.000000	0.175579	0.000000	0.000000	0.327853
17	tsk_17	(x)	1	:	0.000000	0.000000	0.000000	0.498841	0.000000	0.000000	0.249374	0.000000	0.000000	0.251784
18	tsk_18	(x)	1	:	0.534080	0.000000	0.465920	0.000000	0.000000	0.000000	0.000000	0.000000	0.000000	0.000000
19	tsk_19	(x)	1	:	0.000000	0.000000	1.000000	0.000000	0.000000	0.000000	0.000000	0.000000	0.000000	0.000000
20	tsk_20	(x)	1	:	0.534080	0.000000	0.465920	0.000000	0.000000	0.000000	0.000000	0.000000	0.000000	0.000000
21	tsk_21	(x)	1	:	0.500000	0.000000	0.000000	0.000000	0.000000	0.000000	0.224738	0.000000	0.000000	0.275262
22	tsk_22	(x)	1	:	0.000000	0.000000	0.496568	0.000000	0.000000	0.000000	0.196888	0.000000	0.000000	0.306543
23	tsk_23	(x)	1	:	0.000000	0.000000	0.000000	0.000000	0.000000	0.000000	0.000000	0.511770	0.488229	0.000000
24	tsk_24	(x)	1	:	0.000000	0.000000	0.000000	0.000000	0.000000	0.000000	0.644520	0.000000	0.000000	0.355480
25	tsk_25	(x)	1	:	0.499999	0.000000	0.000000	0.000000	0.000000	0.000000	0.255216	0.000000	0.000000	0.244785
26	tsk_26	(x)	1	:	0.000000	0.000000	0.000000	0.000000	0.000000	0.000000	0.458046	0.000000	0.000000	0.541954
27	tsk_27	(x)	1	:	0.000000	0.000000	0.496568	0.000000	0.000000	0.000000	0.247576	0.000000	0.000000	0.255855
28	tsk_28	(x)	1	:	0.000000	0.000000	1.000000	0.000000	0.000000	0.000000	0.000000	0.000000	0.000000	0.000000
29	tsk_29	(x)	1	:	0.000000	0.000000	0.000000	0.000000	0.000000	0.000000	0.000000	0.000000	1.000000	0.000000
30	tsk_30	(x)	1	:	0.000000	0.000000	0.000000	0.000000	0.000000	0.000000	0.435258	0.000000	0.000000	0.564742
31	tsk_31	(x)	1	:	0.000000	0.000000	0.000000	0.000000	0.000000	0.000000	0.705902	0.000000	0.000000	0.294098
32	tsk_32	(x)	1	:	0.000000	0.000000	0.091501	0.000000	0.000000	0.000000	0.220721	0.000000	0.405198	0.282580
33	tsk_33	(x)	1	:	0.000000	0.000000	0.000000	0.000000	0.000000	0.000000	0.458988	0.000000	0.000000	0.541012
34	tsk_34	(x)	1	:	0.000000	0.000000	0.000000	0.000000	0.000000	0.000000	0.318391	0.000000	0.514550	0.167059
35	tsk_35	(x)	1	:	0.000000	0.000000	0.000000	0.000000	0.000000	0.000000	0.000000	0.000000	1.000000	0.000000
36	tsk_36	(x)	1	:	0.000000	0.000000	0.000001	0.000000	0.000000	0.000000	0.000000	0.000000	0.999999	0.000000
37	tsk_37	(x)	1	:	0.000000	0.000000	0.091317	0.000000	0.000000	0.000000	0.211870	0.000000	0.405365	0.291449
38	tsk_38	(x)	1	:	0.000000	0.000000	0.090966	0.000000	0.000000	0.000000	0.223798	0.000000	0.405681	0.279554
39	tsk_39	(x)	1	:	0.000000	0.000000	0.000000	0.000000	0.000000	0.000000	0.000000	0.000000	1.000000	0.000000
40	tsk_40	(x)	1	:	0.000000	0.000000	0.496568	0.000000	0.000000	0.000000	0.154659	0.000000	0.000000	0.348772
41	tsk_41	(x)	1	:	0.000000	0.000000	0.000000	0.000000	0.000000	0.000000	0.600226	0.000000	0.000000	0.399774
42	tsk_42	(x)	1	:	0.000000	0.000000	0.000000	0.000000	0.000000	0.000000	0.268908	0.000000	0.514550	0.216542
43	tsk_43	(x)	1	:	0.000000	0.000000	1.000000	0.000000	0.000000	0.000000	0.000000	0.000000	0.000000	0.000000
44	tsk_44	(x)	1	:	0.000000	0.000000	0.000000	0.000000	0.000000	0.000000	0.250618	0.000000	0.514550	0.234832
45	tsk_45	(x)	1	:	0.000000	0.000000	0.000000	0.000000	0.000000	0.000000	0.620751	0.000000	0.000000	0.379249
46	tsk_46	(x)	1	:	0.000000	0.000000	0.522017	0.000000	0.000000	0.000000	0.245410	0.000000	0.000000	0.232572
47	tsk_47	(x)	1	:	0.000000	0.000000	0.000000	0.000000	0.000000	0.000000	0.358574	0.000000	0.514550	0.126876
48	tsk_48	(x)	1	:	0.000000	0.000000	0.045565	0.000000	0.449494	0.000000	0.258946	0.000000	0.000000	0.245995
49	tsk_49	(x)	1	:	0.000000	0.000000	0.522018	0.000000	0.000000	0.000000	0.246719	0.000000	0.000000	0.231263
50	tsk_50	(x)	1	:	0.000000	0.000000	1.000000	0.000000	0.000000	0.000000	0.000000	0.000000	0.000000	0.000000
51	tsk_51	(x)	1	:	0.000000	0.000000	0.496568	0.000000	0.000000	0.000000	0.284229	0.000000	0.000000	0.219203
52	tsk_52	(x)	1	:	0.000000	0.000000	1.000000	0.000000	0.000000	0.000000	0.000000	0.000000	0.000000	0.000000
53	tsk_53	(x)	1	:	0.000000	0.000000	0.819234	0.000000	0.180766	0.000000	0.000000	0.000000	0.000000	0.000000
54	tsk_54	(x)	1	:	0.000000	0.000000	1.000000	0.000000	0.000000	0.000000	0.000000	0.000000	0.000000	0.000000
55	tsk_55	(x)	1	:	0.000000	0.000000	0.496568	0.000000	0.000000	0.000000	0.314994	0.000000	0.000000	0.188438
56	tsk_56	(x)	1	:	0.000000	0.000000	1.000000	0.000000	0.000000	0.000000	0.000000	0.000000	0.000000	0.000000
57	tsk_57	(x)	1	:	0.000000	0.000000	0.496568	0.000000	0.000000	0.000000	0.444570	0.000000	0.000000	0.058862
58	tsk_58	(x)	1	:	0.000000	0.000000	1.000000	0.000000	0.000000	0.000000	0.000000	0.000000	0.000000	0.000000
59	tsk_59	(x)	1	:	0.000000	0.000000	1.000000	0.000000	0.000000	0.000000	0.000000	0.000000	0.000000	0.000000
60	tsk_60	(x)	1	:	0.000000	0.000000	0.000000	0.000000	0.000000	0.000000	0.508359	0.000000	0.000000	0.491641
61	tsk_61	(x)	1	:	0.000000	0.494875	0.091005	0.000000	0.000000	0.000000	0.002034	0.000001	0.405190	0.006895
62	tsk_62	(x)	1	:	0.000000	0.000000	0.522017	0.000000	0.000000	0.000000	0.305648	0.000000	0.000000	0.172334
63	tsk_63	(x)	1	:	0.000000	0.000000	0.000000	0.000000	0.486068	0.000000	0.000000	0.000000	0.513932	0.000000
64	tsk_64	(x)	1	:	0.000000	0.000000	0.000000	0.000000	0.000000	0.000000	0.140356	0.000000	0.514550	0.345094
65	tsk_65	(x)	1	:	0.000000	0.000000	0.000000	0.000000	0.508890	0.000000	0.277100	0.000000	0.000000	0.214010
66	tsk_66	(x)	1	:	0.000000	0.000000	0.000000	0.000000	0.000000	0.000000	0.264144	0.000000	0.000000	0.735856
67	tsk_67	(x)	1	:	0.000000	0.000000	0.000000	0.000000	0.000000	0.000000	0.122899	0.000000	0.514550	0.362551
68	tsk_68	(x)	1	:	0.000000	0.000000	0.000000	0.000000	0.410097	0.000000	0.000000	0.000000	0.589903	0.000000
69	tsk_69	(x)	1	:	0.000000	0.000000	0.496568	0.000000	0.000000	0.000000	0.333103	0.000000	0.000000	0.170328
70	tsk_70	(x)	1	:	0.000000	0.000000	0.000000	0.000000	0.000000	0.000000	0.333240	0.000000	0.000000	0.666760
71	tsk_71	(x)	1	:	0.000000	0.000000	0.496568	0.000000	0.000000	0.000000	0.290664	0.000000	0.000000	0.212767
72	tsk_72	(x)	1	:	0.000000	0.000000	0.000000	0.000000	0.000000	0.000000	0.299780	0.000000	0.000000	0.700220
73	tsk_73	(x)	1	:	0.000000	0.499886	0.000000	0.000000	0.000000	0.000000	0.300871	0.000000	0.000000	0.199243
74	tsk_74	(x)	1	:	0.000000	0.000000	0.000000	0.000000	0.000000	0.000000	0.621833	0.000000	0.000000	0.378167
75	tsk_75	(x)	1	:	0.000000	0.499937	0.000000	0.000000	0.000000	0.000000	0.279323	0.000000	0.000000	0.220740
76	tsk_76	(x)	1	:	0.000000	0.000000	0.000000	0.000000	0.000000	0.000000	0.508323	0.000000	0.000000	0.491677
77	tsk_77	(x)	1	:	0.000000	0.000000	0.000000	0.000000	0.000000	0.000000	0.585183	0.000000	0.000000	0.414817
78	tsk_78	(x)	1	:	0.000000	0.499868	0.000000	0.000000	0.000000	0.000000	0.243954	0.000000	0.000000	0.256178
79	tsk_79	(x)	1	:	0.000000	0.000000	0.000000	0.000000	0.000000	0.000000	0.388781	0.000000	0.000000	0.611219
80	tsk_80	(x)	1	:	0.000000	0.000000	0.000000	0.000000	0.000000	0.000000	0.760652	0.000000	0.000000	0.239348
81	tsk_81	(x)	1	:	0.000000	0.000000	0.389758	0.610242	0.000000	0.000000	0.000000	0.000000	0.000000	0.000000
82	tsk_82	(x)	1	:	0.000000	0.000000	0.489813	0.510187	0.000000	0.000000	0.000000	0.000000	0.000000	0.000000
83	tsk_83	(x)	1	:	0.000000	0.000000	1.000000	0.000000	0.000000	0.000000	0.000000	0.000000	0.000000	0.000000
84	tsk_84	(x)	1	:	0.000000	0.000000	0.496568	0.000000	0.000000	0.000000	0.248325	0.000000	0.000000	0.255107
85	tsk_85	(x)	1	:	0.000000	0.000000	0.496568	0.000000	0.000000	0.000000	0.346817	0.000000	0.000000	0.156614
86	tsk_86	(x)	1	:	0.000000	0.000000	0.496568	0.000000	0.000000	0.000000	0.247793	0.000000	0.000000	0.255639
87	tsk_87	(x)	1	:	0.000000	0.000000	1.000000	0.000000	0.000000	0.000000	0.000000	0.000000	0.000000	0.000000
88	tsk_88	(x)	1	:	0.000000	0.000000	0.496568	0.000000	0.000000	0.000000	0.119303	0.000000	0.000000	0.384128
89	tsk_89	(x)	1	:	0.000000	0.000000	1.000000	0.000000	0.000000	0.000000	0.000000	0.000000	0.000000	0.000000
90	tsk_90	(x)	1	:	0.000000	0.000000	0.496568	0.000000	0.000000	0.000000	0.264324	0.000000	0.000000	0.239107
91	tsk_91	(x)	1	:	0.000000	0.000000	1.000000	0.000000	0.000000	0.000000	0.000000	0.000000	0.000000	0.000000
92	tsk_92	(x)	1	:	0.000000	0.000000	0.000000	0.000000	0.000000	0.000000	0.428076	0.000000	0.000000	0.571924
93	tsk_93	(x)	1	:	0.000000	0.000000	1.000000	0.000000	0.000000	0.000000	0.000000	0.000000	0.000000	0.000000
94	tsk_94	(x)	1	:	0.000000	0.000000	0.000000	0.498841	0.000000	0.000000	0.288462	0.000000	0.000000	0.212697
95	tsk_95	(x)	1	:	0.000000	0.000000	0.522018	0.000000	0.000000	0.000000	0.412671	0.000000	0.000000	0.065311
96	tsk_96	(x)	1	:	0.000000	0.000000	0.281073	0.000000	0.000000	0.215517	0.348433	0.000000	0.000000	0.154977
97	tsk_97	(x)	1	:	0.499999	0.000000	0.000000	0.000000	0.000000	0.000000	0.086832	0.000000	0.000000	0.413168
98	tsk_98	(x)	1	:	0.499999	0.000000	0.000000	0.000000	0.000000	0.000000	0.317936	0.000000	0.000000	0.182065
99	tsk_99	(x)	1	:	0.000000	0.000000	0.496568	0.000000	0.000000	0.000000	0.347022	0.000000	0.000000	0.156409
100	tsk_100	(x)	1	:	0.000000	0.000000	0.000001	0.000000	0.000000	0.000000	0.000000	0.000000	0.999999	0.000000
101	tsk_101	(x)	1	:	0.000000	0.000000	0.000000	0.000000	0.494108	0.000000	0.000000	0.000000	0.505892	0.000000
102	tsk_102	(x)	1	:	0.000000	0.000000	0.000001	0.000000	0.000000	0.000000	0.000000	0.000000	0.999999	0.000000
103	tsk_103	(x)	1	:	0.000000	0.000000	0.085512	0.509461	0.000000	0.000000	0.000000	0.000000	0.405027	0.000000
104	tsk_104	(x)	1	:	0.000000	0.000000	0.000000	0.000000	0.000000	0.000000	0.646557	0.000000	0.000000	0.353443
105	tsk_105	(x)	1	:	0.000000	0.000000	0.000000	0.000000	0.000000	0.000000	0.508784	0.000000	0.000000	0.491216
106	tsk_106	(x)	1	:	0.000000	0.000000	0.000000	0.000000	0.000000	0.000000	0.000000	0.000000	1.000000	0.000000
107	tsk_107	(x)	1	:	0.000000	0.000000	0.090872	0.000000	0.000000	0.000000	0.248125	0.000000	0.405766	0.255237
108	tsk_108	(x)	1	:	0.000000	0.491769	0.000000	0.000000	0.508231	0.000000	0.000000	0.000000	0.000000	0.000000
109	tsk_109	(x)	1	:	0.000000	0.000000	0.647828	0.000000	0.352172	0.000000	0.000000	0.000000	0.000000	0.000000
110	tsk_110	(x)	1	:	0.000000	0.000000	0.496568	0.000000	0.000000	0.000000	0.203234	0.000000	0.000000	0.300198
111	tsk_111	(x)	1	:	0.000000	0.000000	0.496568	0.000000	0.000000	0.000000	0.377938	0.000000	0.000000	0.125494
112	tsk_112	(x)	1	:	0.499999	0.000000	0.000000	0.000000	0.000000	0.000000	0.318169	0.000000	0.000000	0.181832
113	tsk_113	(x)	1	:	0.499999	0.000000	0.000000	0.000000	0.000000	0.000000	0.266519	0.000000	0.000000	0.233482
114	tsk_114	(x)	1	:	0.000000	0.000000	0.000000	0.000000	0.000000	0.000000	0.299514	0.000000	0.511138	0.189348
115	tsk_115	(x)	1	:	0.000000	0.000000	0.496568	0.000000	0.000000	0.000000	0.184220	0.000000	0.000000	0.319212
116	tsk_116	(x)	1	:	0.000000	0.000000	0.000000	0.000000	0.000000	0.000000	0.433037	0.000000	0.000000	0.566963
117	tsk_117	(x)	1	:	0.534080	0.000000	0.465920	0.000000	0.000000	0.000000	0.000000	0.000000	0.000000	0.000000
118	tsk_118	(x)	1	:	0.000000	0.000000	0.000000	0.000000	0.000000	0.000000	0.000000	0.000000	1.000000	0.000000
119	tsk_119	(x)	1	:	0.000000	0.000000	0.129529	0.000000	0.000000	0.264203	0.000000	0.000000	0.606269	0.000000
120	tsk_120	(x)	1	:	0.000000	0.000000	0.000000	1.000000	0.000000	0.000000	0.000000	0.000000	0.000000	0.000000
121	tsk_121	(x)	1	:	0.000000	0.000000	0.593366	0.000000	0.000000	0.000000	0.000000	0.000000	0.406634	0.000000
122	tsk_122	(x)	1	:	0.000000	0.000000	0.000000	1.000000	0.000000	0.000000	0.000000	0.000000	0.000000	0.000000
123	tsk_123	(x)	1	:	0.000000	0.000000	0.593366	0.000000	0.000000	0.000000	0.000000	0.000000	0.406634	0.000000
124	tsk_124	(x)	1	:	0.000000	0.000000	0.489813	0.510187	0.000000	0.000000	0.000000	0.000000	0.000000	0.000000
125	tsk_125	(x)	1	:	0.000000	0.000000	0.000000	1.000000	0.000000	0.000000	0.000000	0.000000	0.000000	0.000000
126	tsk_126	(x)	1	:	0.534080	0.000000	0.465920	0.000000	0.000000	0.000000	0.000000	0.000000	0.000000	0.000000
127	tsk_127	(x)	1	:	0.000000	0.000000	0.496568	0.000000	0.000000	0.000000	0.176041	0.000000	0.000000	0.327391
128	tsk_128	(x)	1	:	0.000000	0.000000	0.085514	0.509460	0.000000	0.000000	0.000000	0.000000	0.405026	0.000000
129	tsk_129	(x)	1	:	0.000000	0.000000	0.435277	0.000000	0.564723	0.000000	0.000000	0.000000	0.000000	0.000000
130	tsk_130	(x)	1	:	0.000000	0.000000	0.000000	0.000000	0.000000	0.500832	0.283110	0.000000	0.000000	0.216058
131	tsk_131	(x)	1	:	0.000000	0.000000	0.000000	0.498840	0.000000	0.000000	0.320079	0.000000	0.000000	0.181080
132	tsk_132	(x)	1	:	0.000000	0.000000	0.000000	0.000000	0.000000	0.500832	0.179535	0.000000	0.000000	0.319633
133	tsk_133	(x)	1	:	0.000000	0.000000	0.000000	0.000000	0.000000	0.500832	0.045383	0.000000	0.000000	0.453785
134	tsk_134	(x)	1	:	0.000000	0.000000	0.000000	0.000000	0.000000	0.000000	0.468441	0.000000	0.000000	0.531559
135	tsk_135	(x)	1	:	0.000000	0.000000	0.000000	0.000000	0.000000	0.500832	0.261774	0.000000	0.000000	0.237394
136	tsk_136	(x)	1	:	0.000000	0.000000	0.000000	0.000000	0.000000	0.500832	0.233755	0.000000	0.000000	0.265413
137	tsk_137	(x)	1	:	0.000000	0.000000	0.000000	0.000000	0.000000	0.000000	0.271219	0.000000	0.514550	0.214231
138	tsk_138	(x)	1	:	0.000000	0.000000	0.000000	0.000000	0.000000	0.000000	0.198053	0.000000	0.514550	0.287398
139	tsk_139	(x)	1	:	0.000000	0.000000	0.000000	0.567830	0.432170	0.000000	0.000000	0.000000	0.000000	0.000000
140	tsk_140	(x)	1	:	0.000000	0.000000	0.783837	0.000000	0.000000	0.216163	0.000000	0.000000	0.000000	0.000000
141	tsk_141	(x)	1	:	0.000000	0.499766	0.000000	0.000000	0.000000	0.000000	0.295630	0.000000	0.000000	0.204603
142	tsk_142	(x)	1	:	0.000000	0.000000	0.593366	0.000000	0.000000	0.000000	0.000000	0.000000	0.406634	0.000000
143	tsk_143	(x)	1	:	0.000000	0.000000	0.000000	0.000000	0.000000	0.000000	0.000331	0.998751	0.000000	0.000918
144	tsk_144	(x)	1	:	0.000000	0.000000	1.000000	0.000000	0.000000	0.000000	0.000000	0.000000	0.000000	0.000000
145	tsk_145	(x)	1	:	0.000000	0.000000	0.496568	0.000000	0.000000	0.000000	0.394708	0.000000	0.000000	0.108723
146	tsk_146	(x)	1	:	0.000000	0.000000	0.593366	0.000000	0.000000	0.000000	0.000000	0.000000	0.406634	0.000000
147	tsk_147	(x)	1	:	1.000000	0.000000	0.000000	0.000000	0.000000	0.000000	0.000000	0.000000	0.000000	0.000000
148	tsk_148	(x)	1	:	0.000000	0.000000	0.000000	0.000000	0.000000	0.000000	0.000113	0.999008	0.000000	0.000879
149	tsk_149	(x)	1	:	0.000000	1.000000	0.000000	0.000000	0.000000	0.000000	0.000000	0.000000	0.000000	0.000000
