logL = -2802.330013 (converged)
AIC = 7434.660025
BIC = 10189.391319

count.K
3 70 10 25 42 

