logL = -728.063280 (converged)
AIC = 3316.126561
BIC = 6116.017384

count.K
51 15 21 10 10 43 

