0	tsk_0	(x)	1	:	0.000000	0.000000	0.000000	0.000000	0.000000	0.499142	0.000000	0.000000	0.000000	0.469327	0.000000	0.031530	0.000000	0.000000
1	tsk_1	(x)	1	:	0.000000	0.000000	0.000000	0.000000	0.000000	1.000000	0.000000	0.000000	0.000000	0.000000	0.000000	0.000000	0.000000	0.000000
2	tsk_2	(x)	1	:	0.000000	0.000000	0.000000	0.000000	0.000000	1.000000	0.000000	0.000000	0.000000	0.000000	0.000000	0.000000	0.000000	0.000000
3	tsk_3	(x)	1	:	0.000000	0.000000	0.000000	0.000000	0.000000	1.000000	0.000000	0.000000	0.000000	0.000000	0.000000	0.000000	0.000000	0.000000
4	tsk_4	(x)	1	:	0.000000	0.000000	0.480045	0.000000	0.000000	0.000000	0.000000	0.000000	0.000000	0.469894	0.000000	0.050060	0.000000	0.000000
5	tsk_5	(x)	1	:	0.000000	0.000000	0.479906	0.000000	0.000000	0.000000	0.000000	0.000000	0.000000	0.469827	0.000000	0.050267	0.000000	0.000000
6	tsk_6	(x)	1	:	0.000000	0.000000	0.000000	0.000000	0.000000	0.000000	0.000000	0.634022	0.000000	0.000000	0.000000	0.000000	0.365978	0.000000
7	tsk_7	(x)	1	:	0.000000	0.000000	1.000000	0.000000	0.000000	0.000000	0.000000	0.000000	0.000000	0.000000	0.000000	0.000000	0.000000	0.000000
8	tsk_8	(x)	1	:	0.000000	0.000000	0.000000	0.000000	0.000000	0.000000	0.000000	0.468894	0.000000	0.000000	0.000000	0.000000	0.531106	0.000000
9	tsk_9	(x)	1	:	0.000000	0.000000	0.000000	0.500000	0.000000	0.500000	0.000000	0.000000	0.000000	0.000000	0.000000	0.000000	0.000000	0.000000
10	tsk_10	(x)	1	:	0.000000	0.000000	0.000000	0.000000	0.000000	0.000000	0.000000	0.000000	0.000000	0.000000	0.000000	0.000011	0.497331	0.502659
11	tsk_11	(x)	1	:	0.000000	0.000000	0.000000	0.000000	0.502271	0.000000	0.000000	0.000000	0.000000	0.000000	0.000000	0.000000	0.000000	0.497729
12	tsk_12	(x)	1	:	0.000000	0.000000	0.000000	0.000000	0.000000	0.000000	0.000000	0.521802	0.478198	0.000000	0.000000	0.000000	0.000000	0.000000
13	tsk_13	(x)	1	:	0.000000	0.000000	0.000000	0.000000	0.496472	0.000000	0.000000	0.419415	0.000000	0.000000	0.000000	0.018640	0.065474	0.000000
14	tsk_14	(x)	1	:	0.480213	0.000000	0.000000	0.000000	0.000000	0.000001	0.000000	0.519772	0.000013	0.000000	0.000000	0.000000	0.000000	0.000000
15	tsk_15	(x)	1	:	0.000000	0.503330	0.000000	0.000000	0.496523	0.000147	0.000000	0.000000	0.000000	0.000000	0.000000	0.000000	0.000000	0.000000
16	tsk_16	(x)	1	:	0.000000	0.502297	0.000000	0.000000	0.000000	0.006792	0.000000	0.000000	0.000000	0.000000	0.000000	0.000000	0.000000	0.490912
17	tsk_17	(x)	1	:	0.000000	0.000000	0.000000	0.000000	0.000000	0.000000	0.000000	0.000000	0.676002	0.000000	0.323998	0.000000	0.000000	0.000000
18	tsk_18	(x)	1	:	0.000000	0.480814	0.000000	0.000000	0.000000	0.000232	0.000000	0.518955	0.000000	0.000000	0.000000	0.000000	0.000000	0.000000
19	tsk_19	(x)	1	:	0.000000	0.480813	0.000000	0.000000	0.000000	0.000232	0.000000	0.518955	0.000000	0.000000	0.000000	0.000000	0.000000	0.000000
20	tsk_20	(x)	1	:	0.000000	0.000000	0.000000	0.000000	0.000000	0.000000	0.000000	0.420340	0.000002	0.000000	0.494720	0.007060	0.077877	0.000000
21	tsk_21	(x)	1	:	0.000000	0.000000	0.000000	1.000000	0.000000	0.000000	0.000000	0.000000	0.000000	0.000000	0.000000	0.000000	0.000000	0.000000
22	tsk_22	(x)	1	:	0.000000	0.000000	0.000000	0.000000	0.000000	0.000000	0.000000	0.418575	0.000000	0.000000	0.000000	0.000000	0.581425	0.000000
23	tsk_23	(x)	1	:	0.000000	0.000000	0.000000	0.000000	0.000000	0.000000	0.000000	1.000000	0.000000	0.000000	0.000000	0.000000	0.000000	0.000000
24	tsk_24	(x)	1	:	0.000000	0.000000	0.000000	0.000000	0.000000	0.000000	0.000000	0.418575	0.000000	0.000000	0.000000	0.000000	0.581425	0.000000
25	tsk_25	(x)	1	:	0.000000	0.000000	0.323761	0.000000	0.000000	0.000000	0.214743	0.000000	0.461496	0.000000	0.000000	0.000000	0.000000	0.000000
26	tsk_26	(x)	1	:	0.000000	0.501131	0.000000	0.000000	0.000000	0.000000	0.000000	0.426502	0.000000	0.000000	0.000000	0.019557	0.052809	0.000000
27	tsk_27	(x)	1	:	0.000000	0.000000	0.476647	0.498031	0.000000	0.000000	0.000000	0.000000	0.000000	0.000000	0.000000	0.025322	0.000000	0.000000
28	tsk_28	(x)	1	:	0.000000	0.000000	0.000000	0.000000	0.000000	0.000000	0.000000	0.418575	0.000000	0.000000	0.000000	0.000000	0.581425	0.000000
29	tsk_29	(x)	1	:	0.000000	0.000000	0.000000	0.506395	0.000000	0.000000	0.000000	0.418236	0.000000	0.000000	0.000000	0.000000	0.075369	0.000000
30	tsk_30	(x)	1	:	0.000000	0.000000	1.000000	0.000000	0.000000	0.000000	0.000000	0.000000	0.000000	0.000000	0.000000	0.000000	0.000000	0.000000
31	tsk_31	(x)	1	:	0.000000	0.000000	1.000000	0.000000	0.000000	0.000000	0.000000	0.000000	0.000000	0.000000	0.000000	0.000000	0.000000	0.000000
32	tsk_32	(x)	1	:	0.000000	0.000000	0.000000	0.502309	0.000000	0.000000	0.000000	0.000000	0.497691	0.000000	0.000000	0.000000	0.000000	0.000000
33	tsk_33	(x)	1	:	0.000000	0.000000	0.000000	0.000000	0.000000	0.000000	0.000000	0.000000	0.000000	0.000000	1.000000	0.000000	0.000000	0.000000
34	tsk_34	(x)	1	:	0.000000	0.000000	1.000000	0.000000	0.000000	0.000000	0.000000	0.000000	0.000000	0.000000	0.000000	0.000000	0.000000	0.000000
35	tsk_35	(x)	1	:	0.000000	0.000000	0.000000	0.000000	0.000000	0.000000	0.405387	0.000000	0.000029	0.000000	0.489977	0.104606	0.000000	0.000000
36	tsk_36	(x)	1	:	0.000000	0.000000	0.479555	0.000000	0.000000	0.000000	0.000000	0.000000	0.497484	0.000000	0.000000	0.022961	0.000000	0.000000
37	tsk_37	(x)	1	:	0.000000	0.000000	0.476737	0.498076	0.000000	0.000000	0.000000	0.000000	0.000000	0.000000	0.000000	0.025187	0.000000	0.000000
38	tsk_38	(x)	1	:	0.000000	0.000000	0.480759	0.000000	0.000000	0.000000	0.402813	0.000000	0.000000	0.000000	0.000000	0.116429	0.000000	0.000000
39	tsk_39	(x)	1	:	0.000000	0.000000	0.568691	0.431309	0.000000	0.000000	0.000000	0.000000	0.000000	0.000000	0.000000	0.000000	0.000000	0.000000
40	tsk_40	(x)	1	:	0.000000	0.000000	0.000000	0.000000	0.000000	0.000000	0.000000	0.000000	0.000000	0.000000	0.000000	1.000000	0.000000	0.000000
41	tsk_41	(x)	1	:	0.000000	0.000000	0.480679	0.000000	0.000000	0.000000	0.402742	0.000000	0.000000	0.000000	0.000000	0.116579	0.000000	0.000000
42	tsk_42	(x)	1	:	0.000000	0.000000	0.000000	0.000000	0.000000	0.000000	0.402704	0.000000	0.000000	0.000000	0.000000	0.597296	0.000000	0.000000
43	tsk_43	(x)	1	:	0.000000	0.000000	0.000000	0.000000	0.000000	0.000000	0.402811	0.000000	0.497671	0.000000	0.000000	0.099518	0.000000	0.000000
44	tsk_44	(x)	1	:	0.000000	0.000000	0.000000	0.000000	0.000000	0.000000	0.000000	0.000000	1.000000	0.000000	0.000000	0.000000	0.000000	0.000000
45	tsk_45	(x)	1	:	0.000000	0.000000	0.000000	0.000000	0.000000	0.000000	0.000000	0.000000	1.000000	0.000000	0.000000	0.000000	0.000000	0.000000
46	tsk_46	(x)	1	:	0.000000	1.000000	0.000000	0.000000	0.000000	0.000000	0.000000	0.000000	0.000000	0.000000	0.000000	0.000000	0.000000	0.000000
47	tsk_47	(x)	1	:	0.000000	0.000000	0.000000	0.000000	0.497138	0.000000	0.402814	0.000000	0.000000	0.000000	0.000000	0.100048	0.000000	0.000000
48	tsk_48	(x)	1	:	0.000000	0.000000	0.000000	0.000000	0.000000	0.000000	0.000000	0.000000	0.497691	0.000000	0.000000	0.502309	0.000000	0.000000
49	tsk_49	(x)	1	:	0.000000	0.000000	0.000000	0.000000	0.000000	0.000000	0.000000	0.000000	0.497691	0.000000	0.000000	0.502309	0.000000	0.000000
50	tsk_50	(x)	1	:	0.000000	0.000000	0.000000	0.471311	0.000000	0.000000	0.000000	0.528677	0.000000	0.000000	0.000000	0.000011	0.000000	0.000000
51	tsk_51	(x)	1	:	0.493103	0.000000	0.000000	0.000000	0.000000	0.000000	0.000000	0.000000	0.000000	0.000000	0.000000	0.020460	0.486437	0.000000
52	tsk_52	(x)	1	:	0.000000	0.000000	0.000000	0.000000	0.000000	0.000000	0.000000	0.539161	0.000000	0.459937	0.000000	0.000902	0.000000	0.000000
53	tsk_53	(x)	1	:	0.000000	0.000000	0.000000	0.000000	0.000000	0.000000	0.000000	0.623202	0.000000	0.000000	0.000000	0.000000	0.376798	0.000000
54	tsk_54	(x)	1	:	0.000000	0.000000	0.000000	0.000000	0.000000	0.000000	0.000000	0.000000	0.497443	0.000000	0.000000	0.016088	0.486469	0.000000
55	tsk_55	(x)	1	:	0.000000	0.000000	0.000000	0.000000	0.000000	0.000000	0.000000	0.000000	0.000000	0.470093	0.000000	0.042880	0.487027	0.000000
56	tsk_56	(x)	1	:	0.493523	0.000000	0.000000	0.000000	0.000000	0.000000	0.000000	0.000000	0.000000	0.000000	0.000000	0.018324	0.488154	0.000000
57	tsk_57	(x)	1	:	0.000000	0.000000	0.000000	0.000000	0.000000	0.000000	0.000000	1.000000	0.000000	0.000000	0.000000	0.000000	0.000000	0.000000
58	tsk_58	(x)	1	:	0.000000	0.000000	0.000000	0.500000	0.000000	0.000000	0.000000	0.000000	0.000000	0.000000	0.000000	0.500000	0.000000	0.000000
59	tsk_59	(x)	1	:	0.000000	0.000000	0.000000	0.000000	0.000000	0.000000	0.000000	0.000000	0.000000	0.000000	0.000000	0.000000	1.000000	0.000000
60	tsk_60	(x)	1	:	0.000000	0.000000	0.000000	0.000000	0.000000	0.000000	0.000000	0.000000	0.000000	1.000000	0.000000	0.000000	0.000000	0.000000
61	tsk_61	(x)	1	:	0.000000	0.856330	0.000000	0.000000	0.000000	0.143670	0.000000	0.000000	0.000000	0.000000	0.000000	0.000000	0.000000	0.000000
62	tsk_62	(x)	1	:	0.000000	0.502317	0.000000	0.000000	0.000000	0.000899	0.403045	0.000000	0.000000	0.000000	0.000000	0.093739	0.000000	0.000000
63	tsk_63	(x)	1	:	0.000000	1.000000	0.000000	0.000000	0.000000	0.000000	0.000000	0.000000	0.000000	0.000000	0.000000	0.000000	0.000000	0.000000
64	tsk_64	(x)	1	:	0.488111	0.503897	0.000000	0.000000	0.000000	0.000000	0.000000	0.000000	0.007992	0.000000	0.000000	0.000000	0.000000	0.000000
65	tsk_65	(x)	1	:	0.484786	0.000000	0.000000	0.000000	0.000000	0.000000	0.000000	0.419619	0.013083	0.000000	0.000000	0.016905	0.065607	0.000000
66	tsk_66	(x)	1	:	0.000000	0.000000	0.000000	0.000000	0.000000	0.000000	0.000000	0.418181	0.000000	0.469832	0.000000	0.043268	0.068720	0.000000
67	tsk_67	(x)	1	:	0.000000	0.502652	0.000000	0.000000	0.000000	0.000368	0.000000	0.000000	0.000000	0.470572	0.000000	0.026408	0.000000	0.000000
68	tsk_68	(x)	1	:	0.000000	0.502731	0.000000	0.000000	0.000000	0.000490	0.000000	0.000000	0.000000	0.470893	0.000000	0.025886	0.000000	0.000000
69	tsk_69	(x)	1	:	0.486670	0.503354	0.000000	0.000000	0.000000	0.000000	0.000000	0.000000	0.009976	0.000000	0.000000	0.000000	0.000000	0.000000
70	tsk_70	(x)	1	:	1.000000	0.000000	0.000000	0.000000	0.000000	0.000000	0.000000	0.000000	0.000000	0.000000	0.000000	0.000000	0.000000	0.000000
71	tsk_71	(x)	1	:	0.000000	0.000000	0.000000	0.000000	0.498670	0.000000	0.000000	0.000000	0.501330	0.000000	0.000000	0.000000	0.000000	0.000000
72	tsk_72	(x)	1	:	0.000000	0.000000	0.000000	0.000000	0.000000	0.000000	0.000000	0.000000	0.498145	0.471314	0.000000	0.030541	0.000000	0.000000
73	tsk_73	(x)	1	:	0.518343	0.481657	0.000000	0.000000	0.000000	0.000000	0.000000	0.000000	0.000000	0.000000	0.000000	0.000000	0.000000	0.000000
74	tsk_74	(x)	1	:	0.000000	0.000000	0.000000	0.000000	0.000000	0.000000	0.000000	0.000000	1.000000	0.000000	0.000000	0.000000	0.000000	0.000000
75	tsk_75	(x)	1	:	0.000000	0.000000	0.000000	0.000000	0.000000	0.000000	0.000000	0.000000	0.000000	1.000000	0.000000	0.000000	0.000000	0.000000
76	tsk_76	(x)	1	:	0.525843	0.000000	0.000000	0.000000	0.000000	0.000000	0.000000	0.000000	0.000000	0.468539	0.000000	0.005618	0.000000	0.000000
77	tsk_77	(x)	1	:	0.000000	0.000000	0.000000	0.000000	0.000000	0.000000	0.000000	0.000000	0.497757	0.470330	0.000000	0.031913	0.000000	0.000000
78	tsk_78	(x)	1	:	0.525769	0.000000	0.000000	0.000000	0.000000	0.000000	0.000000	0.000000	0.000000	0.468225	0.000000	0.006006	0.000000	0.000000
79	tsk_79	(x)	1	:	0.000000	0.487376	0.000000	0.000000	0.000000	0.024437	0.000000	0.000000	0.488187	0.000000	0.000000	0.000000	0.000000	0.000000
80	tsk_80	(x)	1	:	0.485487	0.000000	0.000000	0.000000	0.498000	0.000000	0.000000	0.000000	0.016514	0.000000	0.000000	0.000000	0.000000	0.000000
81	tsk_81	(x)	1	:	0.000000	0.000000	0.000000	0.000000	1.000000	0.000000	0.000000	0.000000	0.000000	0.000000	0.000000	0.000000	0.000000	0.000000
82	tsk_82	(x)	1	:	0.000000	0.000000	0.000000	0.000000	1.000000	0.000000	0.000000	0.000000	0.000000	0.000000	0.000000	0.000000	0.000000	0.000000
83	tsk_83	(x)	1	:	0.000000	0.000000	0.000000	0.000000	0.497286	0.000000	0.000000	0.000000	0.000000	0.000000	0.000000	0.015284	0.487430	0.000000
84	tsk_84	(x)	1	:	0.000000	0.000000	0.000000	0.000000	0.497096	0.000000	0.000000	0.000000	0.000000	0.000000	0.000000	0.015954	0.486950	0.000000
85	tsk_85	(x)	1	:	0.000000	0.000000	0.000000	0.000000	0.496908	0.000000	0.000000	0.000000	0.000000	0.000000	0.000000	0.016620	0.486472	0.000000
86	tsk_86	(x)	1	:	0.000000	0.000000	0.478944	0.000000	0.000000	0.000000	0.000000	0.000000	0.000000	0.000000	0.000000	0.034773	0.486283	0.000000
87	tsk_87	(x)	1	:	0.000000	0.000000	0.479580	0.000000	0.000000	0.000000	0.000000	0.000000	0.497489	0.000000	0.000000	0.022931	0.000000	0.000000
88	tsk_88	(x)	1	:	0.000000	0.000000	0.000000	0.000000	0.496835	0.000000	0.000000	0.000000	0.000000	0.000000	0.000000	0.016876	0.486289	0.000000
89	tsk_89	(x)	1	:	0.000000	0.000000	0.479824	0.000000	0.497003	0.000000	0.000000	0.000000	0.000000	0.000000	0.000000	0.023173	0.000000	0.000000
90	tsk_90	(x)	1	:	0.000000	0.000000	0.000000	0.000000	0.000000	0.000000	0.000000	0.000000	1.000000	0.000000	0.000000	0.000000	0.000000	0.000000
91	tsk_91	(x)	1	:	0.000000	0.000000	0.000000	0.000000	0.000000	0.000000	0.000000	0.000000	1.000000	0.000000	0.000000	0.000000	0.000000	0.000000
92	tsk_92	(x)	1	:	0.000000	0.000000	0.000000	0.000000	0.000000	0.000000	0.000000	0.000000	1.000000	0.000000	0.000000	0.000000	0.000000	0.000000
93	tsk_93	(x)	1	:	0.486956	0.503461	0.000000	0.000000	0.000000	0.000000	0.000000	0.000000	0.009583	0.000000	0.000000	0.000000	0.000000	0.000000
94	tsk_94	(x)	1	:	0.000000	0.000000	0.000000	0.000000	0.000000	0.000000	0.000000	0.000000	1.000000	0.000000	0.000000	0.000000	0.000000	0.000000
95	tsk_95	(x)	1	:	0.000000	0.000000	0.000000	0.000000	0.000000	0.000000	0.000000	0.000000	1.000000	0.000000	0.000000	0.000000	0.000000	0.000000
96	tsk_96	(x)	1	:	0.000000	0.000000	0.000000	0.000000	0.601671	0.000000	0.000000	0.000000	0.398329	0.000000	0.000000	0.000000	0.000000	0.000000
97	tsk_97	(x)	1	:	0.000000	0.000000	0.000000	0.000000	0.469757	0.000000	0.530242	0.000000	0.000000	0.000000	0.000000	0.000000	0.000000	0.000000
98	tsk_98	(x)	1	:	1.000000	0.000000	0.000000	0.000000	0.000000	0.000000	0.000000	0.000000	0.000000	0.000000	0.000000	0.000000	0.000000	0.000000
99	tsk_99	(x)	1	:	0.000000	0.000000	0.000000	0.000000	0.000000	0.000000	0.529833	0.000000	0.470167	0.000000	0.000000	0.000000	0.000000	0.000000
100	tsk_100	(x)	1	:	0.000000	0.000000	0.000000	0.000000	0.000000	0.000000	0.000000	0.000000	1.000000	0.000000	0.000000	0.000000	0.000000	0.000000
101	tsk_101	(x)	1	:	0.000000	0.000000	0.000000	0.000000	0.000000	0.000000	0.000000	1.000000	0.000000	0.000000	0.000000	0.000000	0.000000	0.000000
102	tsk_102	(x)	1	:	0.000000	0.000000	0.000000	0.000000	0.000000	0.000000	0.000000	0.000000	0.000000	1.000000	0.000000	0.000000	0.000000	0.000000
103	tsk_103	(x)	1	:	0.000000	0.000000	0.000000	0.000000	0.000000	0.000000	0.000000	0.418512	0.497386	0.000000	0.000000	0.016325	0.067777	0.000000
104	tsk_104	(x)	1	:	0.000000	0.000000	0.000000	0.000000	0.000000	0.000000	0.000000	0.521802	0.478198	0.000000	0.000000	0.000000	0.000000	0.000000
105	tsk_105	(x)	1	:	0.000000	0.000000	0.000000	0.000000	0.000000	0.000000	0.000000	1.000000	0.000000	0.000000	0.000000	0.000000	0.000000	0.000000
106	tsk_106	(x)	1	:	0.485937	0.000000	0.000000	0.000000	0.000000	0.000000	0.000000	0.000000	0.514063	0.000000	0.000000	0.000000	0.000000	0.000000
107	tsk_107	(x)	1	:	0.000000	0.000000	0.000000	0.000000	0.000000	0.000000	0.000000	1.000000	0.000000	0.000000	0.000000	0.000000	0.000000	0.000000
108	tsk_108	(x)	1	:	0.000000	0.000000	0.000000	0.000000	0.000000	0.000000	0.000000	1.000000	0.000000	0.000000	0.000000	0.000000	0.000000	0.000000
109	tsk_109	(x)	1	:	0.000000	0.000000	0.000000	0.000000	0.000000	0.000000	0.000000	0.000000	0.497734	0.470270	0.000000	0.031997	0.000000	0.000000
110	tsk_110	(x)	1	:	0.000000	0.501976	0.477813	0.000000	0.000000	0.000299	0.000000	0.000000	0.000000	0.000000	0.000000	0.019913	0.000000	0.000000
111	tsk_111	(x)	1	:	0.000000	0.000000	0.000000	1.000000	0.000000	0.000000	0.000000	0.000000	0.000000	0.000000	0.000000	0.000000	0.000000	0.000000
112	tsk_112	(x)	1	:	0.485575	0.337816	0.000000	0.000000	0.000000	0.164265	0.000000	0.000000	0.012344	0.000000	0.000000	0.000000	0.000000	0.000000
113	tsk_113	(x)	1	:	0.000000	0.000000	0.000000	0.498665	0.000000	0.000000	0.000000	0.418936	0.000000	0.000000	0.000000	0.015799	0.066600	0.000000
114	tsk_114	(x)	1	:	0.000000	0.000000	0.000000	0.499577	0.000000	0.000000	0.000000	0.000000	0.000000	0.469755	0.000000	0.030668	0.000000	0.000000
115	tsk_115	(x)	1	:	0.000000	0.000000	0.000000	1.000000	0.000000	0.000000	0.000000	0.000000	0.000000	0.000000	0.000000	0.000000	0.000000	0.000000
116	tsk_116	(x)	1	:	0.000000	0.000000	0.000000	1.000000	0.000000	0.000000	0.000000	0.000000	0.000000	0.000000	0.000000	0.000000	0.000000	0.000000
117	tsk_117	(x)	1	:	0.000000	0.000000	0.000000	0.507518	0.000000	0.000000	0.000000	0.000000	0.000000	0.000000	0.000000	0.000000	0.000000	0.492481
118	tsk_118	(x)	1	:	0.000000	0.000000	0.000000	1.000000	0.000000	0.000000	0.000000	0.000000	0.000000	0.000000	0.000000	0.000000	0.000000	0.000000
119	tsk_119	(x)	1	:	0.485571	0.000000	0.000000	0.502094	0.000000	0.000000	0.000000	0.000000	0.012335	0.000000	0.000000	0.000000	0.000000	0.000000
120	tsk_120	(x)	1	:	0.485873	0.000000	0.000000	0.502275	0.000000	0.000000	0.000000	0.000000	0.011852	0.000000	0.000000	0.000000	0.000000	0.000000
121	tsk_121	(x)	1	:	0.000000	0.000000	0.000000	0.000000	0.000000	0.000000	0.000000	0.521802	0.478198	0.000000	0.000000	0.000000	0.000000	0.000000
122	tsk_122	(x)	1	:	0.488601	0.000000	0.000000	0.503915	0.000000	0.000000	0.000000	0.000000	0.007484	0.000000	0.000000	0.000000	0.000000	0.000000
123	tsk_123	(x)	1	:	0.485797	0.000000	0.000000	0.502229	0.000000	0.000000	0.000000	0.000000	0.011973	0.000000	0.000000	0.000000	0.000000	0.000000
124	tsk_124	(x)	1	:	0.000000	0.000000	0.000000	0.507518	0.000000	0.000000	0.000000	0.000000	0.000000	0.000000	0.000000	0.000000	0.000000	0.492481
125	tsk_125	(x)	1	:	0.000000	0.000000	0.000000	0.000000	0.000000	0.000000	0.000000	0.000000	1.000000	0.000000	0.000000	0.000000	0.000000	0.000000
126	tsk_126	(x)	1	:	0.000000	0.000000	0.000000	0.498450	0.000000	0.000000	0.000000	0.000000	0.000000	0.000000	0.000000	0.015986	0.485564	0.000000
127	tsk_127	(x)	1	:	0.000000	0.000000	0.000000	0.000000	0.000000	0.000000	0.000000	0.000000	1.000000	0.000000	0.000000	0.000000	0.000000	0.000000
128	tsk_128	(x)	1	:	0.000000	0.000000	0.000000	0.468389	0.000000	0.000000	0.000000	0.531611	0.000000	0.000000	0.000000	0.000000	0.000000	0.000000
129	tsk_129	(x)	1	:	0.000000	0.000000	1.000000	0.000000	0.000000	0.000000	0.000000	0.000000	0.000000	0.000000	0.000000	0.000000	0.000000	0.000000
130	tsk_130	(x)	1	:	0.000000	0.000000	0.000000	0.498236	0.000000	0.000000	0.000000	0.000000	0.000000	0.000000	0.000000	0.016413	0.485351	0.000000
131	tsk_131	(x)	1	:	0.000000	0.000000	0.000000	0.000000	0.000000	0.000000	0.000000	0.000000	0.000000	0.000000	0.000000	0.000000	1.000000	0.000000
132	tsk_132	(x)	1	:	0.000000	0.000000	0.000000	0.502309	0.000000	0.000000	0.000000	0.000000	0.497691	0.000000	0.000000	0.000000	0.000000	0.000000
133	tsk_133	(x)	1	:	0.000000	0.000000	0.000000	0.498249	0.000000	0.000000	0.000000	0.000000	0.000000	0.000000	0.000000	0.016388	0.485363	0.000000
134	tsk_134	(x)	1	:	0.000000	0.000000	0.478888	0.000000	0.000000	0.000000	0.000000	0.000000	0.000000	0.000000	0.000000	0.034856	0.486256	0.000000
135	tsk_135	(x)	1	:	0.000000	0.000000	0.000000	0.000000	0.000000	0.000000	0.000000	0.000000	0.000000	0.000000	0.000000	0.000000	1.000000	0.000000
136	tsk_136	(x)	1	:	0.000000	0.000000	0.000000	0.000000	0.000000	0.000000	0.000000	0.000000	0.000000	0.000000	0.000000	0.000000	1.000000	0.000000
137	tsk_137	(x)	1	:	0.000000	0.000000	0.000000	1.000000	0.000000	0.000000	0.000000	0.000000	0.000000	0.000000	0.000000	0.000000	0.000000	0.000000
138	tsk_138	(x)	1	:	0.000000	0.502014	0.000000	0.000000	0.000000	0.000000	0.000000	0.000000	0.000000	0.000000	0.000000	0.012440	0.485546	0.000000
139	tsk_139	(x)	1	:	0.000000	0.502068	0.000000	0.000000	0.000000	0.000000	0.000000	0.000000	0.000000	0.000000	0.000000	0.012250	0.485682	0.000000
140	tsk_140	(x)	1	:	0.000000	0.000000	0.000000	0.499596	0.000000	0.000000	0.000000	0.000000	0.000000	0.469775	0.000000	0.030628	0.000000	0.000000
141	tsk_141	(x)	1	:	0.000000	0.000000	0.000000	0.000000	0.497014	0.000000	0.000000	0.000000	0.000000	0.000000	0.000000	0.016244	0.486742	0.000000
142	tsk_142	(x)	1	:	0.000000	0.000000	0.000000	0.000000	0.000000	0.000000	0.000000	0.000000	0.440411	0.559589	0.000000	0.000000	0.000000	0.000000
143	tsk_143	(x)	1	:	0.000000	0.000000	1.000000	0.000000	0.000000	0.000000	0.000000	0.000000	0.000000	0.000000	0.000000	0.000000	0.000000	0.000000
144	tsk_144	(x)	1	:	0.000000	0.000000	0.378777	0.000000	0.000000	0.000000	0.000000	0.000000	0.000000	0.621223	0.000000	0.000000	0.000000	0.000000
145	tsk_145	(x)	1	:	0.000000	0.000000	0.000000	0.000000	0.000000	0.000000	0.000000	0.000000	0.000000	0.470105	0.000000	0.042856	0.487039	0.000000
146	tsk_146	(x)	1	:	0.000000	0.000000	0.426796	0.000000	0.000000	0.000000	0.000000	0.000000	0.000000	0.000000	0.000000	0.000018	0.573186	0.000000
147	tsk_147	(x)	1	:	0.000000	0.000000	0.000000	0.000000	0.000000	0.000000	0.000000	0.000000	0.000000	0.470054	0.000000	0.042959	0.486987	0.000000
148	tsk_148	(x)	1	:	0.000000	0.000000	0.000000	0.498444	0.000000	0.000000	0.000000	0.000000	0.000000	0.000000	0.000000	0.015998	0.485558	0.000000
149	tsk_149	(x)	1	:	0.000000	0.000000	0.000000	0.000000	0.000000	0.000000	0.000000	0.000000	0.000000	1.000000	0.000000	0.000000	0.000000	0.000000
