logL = -1744.100093 (converged)
AIC = 8544.200186
BIC = 16155.086210

count.K
7 1 29 16 10 11 17 14 4 16 22 1 2 

