logL = -1577.292120 (converged)
AIC = 3988.584240
BIC = 5244.019157

count.K
12 103 35 

