logL = -504.358860 (converged)
AIC = 5928.717720
BIC = 13334.880543

count.K
16 0 4 13 2 3 4 9 4 14 8 8 38 18 9 

