logL = -1553.346496 (converged)
AIC = 3538.692991
BIC = 4188.990215

count.K
83 67 

