logL = -1179.911100 (converged)
AIC = 7467.822199
BIC = 15156.984740

count.K
0 2 8 16 20 27 12 2 14 14 25 9 1 

