0	tsk_0	(x)	1	:	0.000000	0.000150	0.000000	0.369107	0.406217	0.000000	0.224526	0.000000	0.000000	0.000000	0.000000	0.000000	0.000000	0.000000	0.000000
1	tsk_1	(x)	1	:	0.000000	0.000027	0.000000	0.141732	0.000000	0.000000	0.360078	0.000000	0.475183	0.000000	0.000000	0.000000	0.000000	0.000000	0.022981
2	tsk_2	(x)	1	:	0.500007	0.000041	0.000000	0.321618	0.000000	0.000000	0.178334	0.000000	0.000000	0.000000	0.000000	0.000000	0.000000	0.000000	0.000000
3	tsk_3	(x)	1	:	0.000000	0.000000	0.000000	0.000000	0.000000	0.000000	0.000000	0.000000	1.000000	0.000000	0.000000	0.000000	0.000000	0.000000	0.000000
4	tsk_4	(x)	1	:	0.000000	0.000031	0.000000	0.299606	0.406183	0.000000	0.294179	0.000000	0.000000	0.000000	0.000000	0.000000	0.000000	0.000000	0.000000
5	tsk_5	(x)	1	:	0.000000	0.000000	0.000000	0.756115	0.000000	0.000000	0.243885	0.000000	0.000000	0.000000	0.000000	0.000000	0.000000	0.000000	0.000000
6	tsk_6	(x)	1	:	0.000000	0.000002	0.000000	0.028844	0.406149	0.000000	0.065007	0.000000	0.000000	0.000000	0.000000	0.000000	0.499997	0.000000	0.000000
7	tsk_7	(x)	1	:	0.000000	0.000034	0.000000	0.408672	0.000000	0.542590	0.048704	0.000000	0.000000	0.000000	0.000000	0.000000	0.000000	0.000000	0.000000
8	tsk_8	(x)	1	:	0.500003	0.000015	0.000000	0.352539	0.000000	0.000000	0.147443	0.000000	0.000000	0.000000	0.000000	0.000000	0.000000	0.000000	0.000000
9	tsk_9	(x)	1	:	0.000000	0.000002	0.000000	0.691129	0.000000	0.000000	0.308869	0.000000	0.000000	0.000000	0.000000	0.000000	0.000000	0.000000	0.000000
10	tsk_10	(x)	1	:	0.000000	0.000006	0.000000	0.312796	0.406175	0.000000	0.281022	0.000000	0.000000	0.000000	0.000000	0.000000	0.000000	0.000000	0.000000
11	tsk_11	(x)	1	:	0.000000	0.000000	0.000000	0.000000	0.522519	0.000000	0.000000	0.000000	0.000000	0.000000	0.000000	0.000000	0.000000	0.000000	0.477480
12	tsk_12	(x)	1	:	0.000000	0.000000	0.000000	0.000000	0.522519	0.000000	0.000000	0.000000	0.000000	0.000000	0.000000	0.000000	0.000000	0.000000	0.477480
13	tsk_13	(x)	1	:	0.000000	0.000000	0.000000	0.000000	0.000000	0.000000	0.000000	0.000000	1.000000	0.000000	0.000000	0.000000	0.000000	0.000000	0.000000
14	tsk_14	(x)	1	:	0.000000	0.000000	0.000000	0.000000	0.000000	0.000000	0.000000	0.000000	0.475236	0.000000	0.000000	0.000000	0.000000	0.000000	0.524764
15	tsk_15	(x)	1	:	0.000000	0.000000	0.000000	0.000000	0.521922	0.000000	0.000000	0.000000	0.472395	0.000000	0.000000	0.000000	0.000000	0.000000	0.005682
16	tsk_16	(x)	1	:	0.000000	0.000006	0.000000	0.292138	0.406174	0.000000	0.301683	0.000000	0.000000	0.000000	0.000000	0.000000	0.000000	0.000000	0.000000
17	tsk_17	(x)	1	:	0.000000	0.000000	0.000000	0.000000	1.000000	0.000000	0.000000	0.000000	0.000000	0.000000	0.000000	0.000000	0.000000	0.000000	0.000000
18	tsk_18	(x)	1	:	0.000000	0.000000	0.000000	0.000000	0.579491	0.420508	0.000000	0.000000	0.000000	0.000000	0.000000	0.000000	0.000000	0.000000	0.000000
19	tsk_19	(x)	1	:	0.000000	0.000000	0.000000	0.000000	0.521922	0.000000	0.000000	0.000000	0.472395	0.000000	0.000000	0.000000	0.000000	0.000000	0.005683
20	tsk_20	(x)	1	:	0.000000	0.000027	0.000000	0.637844	0.000000	0.000000	0.362129	0.000000	0.000000	0.000000	0.000000	0.000000	0.000000	0.000000	0.000000
21	tsk_21	(x)	1	:	0.000000	0.000000	0.000000	0.017039	0.406122	0.000000	0.078696	0.000000	0.000000	0.000000	0.000000	0.000000	0.000000	0.000000	0.498143
22	tsk_22	(x)	1	:	0.000000	0.000000	0.000000	0.000000	0.000000	0.603082	0.000000	0.000000	0.000000	0.396918	0.000000	0.000000	0.000000	0.000000	0.000000
23	tsk_23	(x)	1	:	0.000000	0.000036	0.000000	0.422472	0.000000	0.542590	0.034901	0.000000	0.000000	0.000000	0.000000	0.000000	0.000000	0.000000	0.000000
24	tsk_24	(x)	1	:	0.000000	0.000000	0.000000	0.000000	0.000000	0.468712	0.000000	0.000000	0.531288	0.000000	0.000000	0.000000	0.000000	0.000000	0.000000
25	tsk_25	(x)	1	:	0.000000	0.000002	0.000000	0.173395	0.000000	0.000000	0.328453	0.000000	0.000000	0.000000	0.000000	0.000000	0.000000	0.000000	0.498150
26	tsk_26	(x)	1	:	0.000000	0.000000	0.000000	0.000000	0.000000	0.000000	0.000000	0.000000	0.000000	0.000000	0.000000	0.000000	0.000000	0.000000	1.000000
27	tsk_27	(x)	1	:	0.000000	0.000000	0.000000	0.627768	0.000000	0.000000	0.372232	0.000000	0.000000	0.000000	0.000000	0.000000	0.000000	0.000000	0.000000
28	tsk_28	(x)	1	:	0.000000	0.000025	0.000000	0.021208	0.000000	0.000000	0.480617	0.000000	0.000000	0.000000	0.000000	0.000000	0.000000	0.000000	0.498151
29	tsk_29	(x)	1	:	0.000000	0.000067	0.000000	0.574525	0.000000	0.000000	0.425408	0.000000	0.000000	0.000000	0.000000	0.000000	0.000000	0.000000	0.000000
30	tsk_30	(x)	1	:	0.000000	0.000000	0.000000	0.844269	0.000000	0.000000	0.155731	0.000000	0.000000	0.000000	0.000000	0.000000	0.000000	0.000000	0.000000
31	tsk_31	(x)	1	:	0.000000	0.000150	0.000000	0.706917	0.000000	0.000000	0.292932	0.000000	0.000000	0.000000	0.000000	0.000000	0.000000	0.000000	0.000000
32	tsk_32	(x)	1	:	0.000000	0.000010	0.000000	0.024812	0.000000	0.000000	0.349249	0.000000	0.477871	0.000000	0.000000	0.148057	0.000000	0.000000	0.000000
33	tsk_33	(x)	1	:	0.000000	0.000034	0.000000	0.586291	0.000000	0.000000	0.413675	0.000000	0.000000	0.000000	0.000000	0.000000	0.000000	0.000000	0.000000
34	tsk_34	(x)	1	:	0.000000	0.000000	0.000000	0.006926	0.406146	0.000000	0.088781	0.000000	0.000000	0.000000	0.000000	0.000000	0.000000	0.000000	0.498146
35	tsk_35	(x)	1	:	0.000000	0.000000	0.000000	0.079709	0.000000	0.000000	0.294363	0.000000	0.477871	0.000000	0.000000	0.148057	0.000000	0.000000	0.000000
36	tsk_36	(x)	1	:	0.000000	0.000064	0.000000	0.789265	0.000000	0.000000	0.210671	0.000000	0.000000	0.000000	0.000000	0.000000	0.000000	0.000000	0.000000
37	tsk_37	(x)	1	:	0.000000	0.000000	0.000000	0.000000	0.000000	0.000000	0.000000	0.000000	0.583803	0.000000	0.000000	0.000000	0.000000	0.000000	0.416197
38	tsk_38	(x)	1	:	0.000000	0.000001	0.000000	0.082375	0.000000	0.000000	0.419513	0.000000	0.475390	0.000000	0.000000	0.000000	0.000000	0.000000	0.022721
39	tsk_39	(x)	1	:	0.000000	0.000000	0.501852	0.000000	0.000000	0.000000	0.000000	0.000000	0.498147	0.000000	0.000000	0.000000	0.000000	0.000000	0.000000
40	tsk_40	(x)	1	:	0.000000	0.000000	0.000000	0.000000	0.000000	0.000000	0.000000	0.000000	0.000000	0.332197	0.000000	0.667803	0.000000	0.000000	0.000000
41	tsk_41	(x)	1	:	0.000000	0.000000	0.000000	0.638741	0.000000	0.000000	0.361259	0.000000	0.000000	0.000000	0.000000	0.000000	0.000000	0.000000	0.000000
42	tsk_42	(x)	1	:	0.000000	0.000000	0.000000	0.000000	0.000000	0.000000	0.000000	1.000000	0.000000	0.000000	0.000000	0.000000	0.000000	0.000000	0.000000
43	tsk_43	(x)	1	:	0.000000	0.000000	0.000000	0.770993	0.000000	0.000000	0.229007	0.000000	0.000000	0.000000	0.000000	0.000000	0.000000	0.000000	0.000000
44	tsk_44	(x)	1	:	0.500002	0.000010	0.000000	0.324501	0.000000	0.000000	0.175486	0.000000	0.000000	0.000000	0.000000	0.000000	0.000000	0.000000	0.000000
45	tsk_45	(x)	1	:	0.000000	0.000057	0.000000	0.766495	0.000000	0.000000	0.233448	0.000000	0.000000	0.000000	0.000000	0.000000	0.000000	0.000000	0.000000
46	tsk_46	(x)	1	:	0.000000	0.000000	0.000000	0.334011	0.000000	0.000000	0.665989	0.000000	0.000000	0.000000	0.000000	0.000000	0.000000	0.000000	0.000000
47	tsk_47	(x)	1	:	0.500023	0.000136	0.000000	0.232845	0.000000	0.000000	0.266997	0.000000	0.000000	0.000000	0.000000	0.000000	0.000000	0.000000	0.000000
48	tsk_48	(x)	1	:	0.000000	1.000000	0.000000	0.000000	0.000000	0.000000	0.000000	0.000000	0.000000	0.000000	0.000000	0.000000	0.000000	0.000000	0.000000
49	tsk_49	(x)	1	:	0.000000	0.000000	0.000000	0.771149	0.000000	0.000000	0.228851	0.000000	0.000000	0.000000	0.000000	0.000000	0.000000	0.000000	0.000000
50	tsk_50	(x)	1	:	0.000000	0.000034	0.000000	0.399093	0.000000	0.000000	0.600873	0.000000	0.000000	0.000000	0.000000	0.000000	0.000000	0.000000	0.000000
51	tsk_51	(x)	1	:	0.000000	0.000000	0.000000	0.438233	0.000000	0.000000	0.561767	0.000000	0.000000	0.000000	0.000000	0.000000	0.000000	0.000000	0.000000
52	tsk_52	(x)	1	:	0.000000	0.000000	0.000000	0.098044	0.000000	0.000000	0.403806	0.000000	0.000000	0.000000	0.000000	0.000000	0.000000	0.000000	0.498150
53	tsk_53	(x)	1	:	0.000000	0.000007	0.000000	0.202689	0.000000	0.000000	0.277444	0.000000	0.519859	0.000000	0.000000	0.000000	0.000000	0.000000	0.000000
54	tsk_54	(x)	1	:	0.000000	0.000002	0.000000	0.013180	0.406170	0.000000	0.082499	0.000000	0.000000	0.000000	0.000000	0.000000	0.000000	0.000000	0.498149
55	tsk_55	(x)	1	:	0.000000	0.000131	0.000000	0.196675	0.406213	0.000000	0.396980	0.000000	0.000000	0.000000	0.000000	0.000000	0.000000	0.000000	0.000000
56	tsk_56	(x)	1	:	0.000000	0.000024	0.000000	0.145610	0.000000	0.000000	0.354365	0.000000	0.000000	0.000000	0.000000	0.000000	0.500001	0.000000	0.000000
57	tsk_57	(x)	1	:	0.000000	0.000028	0.000000	0.144219	0.000000	0.000000	0.357603	0.000000	0.000000	0.000000	0.000000	0.000000	0.000000	0.000000	0.498151
58	tsk_58	(x)	1	:	0.000000	0.000007	0.000000	0.501519	0.000000	0.445820	0.052654	0.000000	0.000000	0.000000	0.000000	0.000000	0.000000	0.000000	0.000000
59	tsk_59	(x)	1	:	0.000000	0.000007	0.000000	0.037344	0.000000	0.000000	0.464499	0.000000	0.000000	0.000000	0.000000	0.000000	0.000000	0.000000	0.498150
60	tsk_60	(x)	1	:	0.000000	0.000119	0.000000	0.438162	0.406209	0.000000	0.155511	0.000000	0.000000	0.000000	0.000000	0.000000	0.000000	0.000000	0.000000
61	tsk_61	(x)	1	:	0.000000	0.000051	0.000000	0.398104	0.000000	0.601264	0.000581	0.000000	0.000000	0.000000	0.000000	0.000000	0.000000	0.000000	0.000000
62	tsk_62	(x)	1	:	0.000000	0.000014	0.000000	0.452362	0.000000	0.525822	0.021801	0.000000	0.000000	0.000000	0.000000	0.000000	0.000000	0.000000	0.000000
63	tsk_63	(x)	1	:	0.000000	0.000027	0.000000	0.443987	0.000000	0.525824	0.030162	0.000000	0.000000	0.000000	0.000000	0.000000	0.000000	0.000000	0.000000
64	tsk_64	(x)	1	:	0.000000	0.000031	0.000000	0.437559	0.000000	0.542590	0.019820	0.000000	0.000000	0.000000	0.000000	0.000000	0.000000	0.000000	0.000000
65	tsk_65	(x)	1	:	0.472863	0.000000	0.000000	0.000000	0.000000	0.527137	0.000000	0.000000	0.000000	0.000000	0.000000	0.000000	0.000000	0.000000	0.000000
66	tsk_66	(x)	1	:	0.000000	0.000000	0.000000	0.289789	0.406172	0.000000	0.304039	0.000000	0.000000	0.000000	0.000000	0.000000	0.000000	0.000000	0.000000
67	tsk_67	(x)	1	:	0.000000	0.000004	0.000000	0.044891	0.406077	0.542557	0.006470	0.000000	0.000000	0.000000	0.000000	0.000000	0.000000	0.000000	0.000000
68	tsk_68	(x)	1	:	0.000000	0.000000	0.000000	0.021556	0.407282	0.391238	0.003454	0.000000	0.000000	0.000000	0.176470	0.000000	0.000000	0.000000	0.000000
69	tsk_69	(x)	1	:	0.000000	0.000000	0.000000	0.000000	0.000000	1.000000	0.000000	0.000000	0.000000	0.000000	0.000000	0.000000	0.000000	0.000000	0.000000
70	tsk_70	(x)	1	:	0.000000	0.000021	0.000000	0.000000	0.000000	0.000000	0.450289	0.000007	0.000000	0.549683	0.000000	0.000000	0.000000	0.000000	0.000000
71	tsk_71	(x)	1	:	0.000000	0.000000	0.000000	0.000000	0.000000	0.000000	0.000000	0.000000	0.000000	1.000000	0.000000	0.000000	0.000000	0.000000	0.000000
72	tsk_72	(x)	1	:	0.000000	0.000000	0.000000	0.000000	0.000000	0.000000	0.000000	0.000000	0.473391	0.516271	0.000000	0.000000	0.000000	0.000000	0.010338
73	tsk_73	(x)	1	:	0.000000	0.000000	0.000000	0.000000	0.000000	0.000000	0.000000	0.000000	0.000000	1.000000	0.000000	0.000000	0.000000	0.000000	0.000000
74	tsk_74	(x)	1	:	0.000000	0.000000	0.000000	0.295897	0.000000	0.000000	0.154424	0.000000	0.000000	0.549679	0.000000	0.000000	0.000000	0.000000	0.000000
75	tsk_75	(x)	1	:	0.000000	0.000000	0.000000	0.000000	0.000000	0.000000	0.000000	0.000000	0.000000	1.000000	0.000000	0.000000	0.000000	0.000000	0.000000
76	tsk_76	(x)	1	:	0.000000	0.000025	0.000000	0.285958	0.000000	0.000000	0.164335	0.000000	0.000000	0.549682	0.000000	0.000000	0.000000	0.000000	0.000000
77	tsk_77	(x)	1	:	0.000000	0.000079	0.000000	0.316201	0.000000	0.000000	0.134031	0.000000	0.000000	0.549689	0.000000	0.000000	0.000000	0.000000	0.000000
78	tsk_78	(x)	1	:	0.000000	0.000000	0.000000	0.000000	0.000000	0.000000	0.000000	0.000000	0.000000	1.000000	0.000000	0.000000	0.000000	0.000000	0.000000
79	tsk_79	(x)	1	:	0.000000	0.000000	0.000000	0.000000	0.000000	0.000000	0.000000	0.000000	0.000000	1.000000	0.000000	0.000000	0.000000	0.000000	0.000000
80	tsk_80	(x)	1	:	0.000000	0.000000	0.000000	0.000000	0.000000	0.000000	0.000000	0.000000	0.473390	0.516271	0.000000	0.000000	0.000000	0.000000	0.010339
81	tsk_81	(x)	1	:	0.000000	0.000000	0.000000	0.000000	0.000000	0.000000	0.000000	0.000000	0.000000	0.472472	0.000000	0.000000	0.000000	0.000000	0.527528
82	tsk_82	(x)	1	:	0.000000	0.000000	0.000000	0.000000	0.000000	0.483081	0.000000	0.000000	0.000000	0.000000	0.000000	0.000000	0.000000	0.000000	0.516919
83	tsk_83	(x)	1	:	0.500002	0.000001	0.000000	0.050845	0.000000	0.445821	0.003330	0.000000	0.000000	0.000000	0.000000	0.000000	0.000000	0.000000	0.000000
84	tsk_84	(x)	1	:	0.000000	0.000000	0.000000	0.000000	0.000000	0.000000	0.000000	0.000000	0.000000	0.472472	0.000000	0.000000	0.000000	0.000000	0.527528
85	tsk_85	(x)	1	:	0.500031	0.000002	0.000000	0.051187	0.000000	0.445839	0.002940	0.000000	0.000000	0.000000	0.000000	0.000000	0.000000	0.000000	0.000000
86	tsk_86	(x)	1	:	0.000000	0.000020	0.000000	0.097496	0.406414	0.000000	0.100942	0.000000	0.000000	0.395128	0.000000	0.000000	0.000000	0.000000	0.000000
87	tsk_87	(x)	1	:	0.000000	0.000034	0.000000	0.460978	0.000000	0.445823	0.093166	0.000000	0.000000	0.000000	0.000000	0.000000	0.000000	0.000000	0.000000
88	tsk_88	(x)	1	:	0.000000	0.000000	0.000000	0.000000	0.000000	0.000000	0.000000	0.000000	0.000000	0.000000	0.000000	0.000000	0.000000	0.000000	1.000000
89	tsk_89	(x)	1	:	0.000000	0.000004	0.000000	0.136365	0.406219	0.445833	0.011580	0.000000	0.000000	0.000000	0.000000	0.000000	0.000000	0.000000	0.000000
90	tsk_90	(x)	1	:	0.000000	0.000028	0.000000	0.109808	0.000000	0.000000	0.392081	0.000000	0.475508	0.000000	0.000000	0.000000	0.000000	0.000000	0.022575
91	tsk_91	(x)	1	:	0.499521	0.000000	0.000000	0.000239	0.000000	0.000000	0.002015	0.000000	0.474439	0.000000	0.000000	0.000000	0.000000	0.000000	0.023786
92	tsk_92	(x)	1	:	0.000000	0.000000	0.000000	0.761210	0.000000	0.000000	0.238790	0.000000	0.000000	0.000000	0.000000	0.000000	0.000000	0.000000	0.000000
93	tsk_93	(x)	1	:	0.000000	0.000050	0.000000	0.187903	0.000000	0.000000	0.262357	0.000004	0.000000	0.549686	0.000000	0.000000	0.000000	0.000000	0.000000
94	tsk_94	(x)	1	:	0.000000	0.000005	0.000000	0.007246	0.406234	0.000000	0.088359	0.000000	0.000000	0.000000	0.000000	0.000000	0.000000	0.000000	0.498157
95	tsk_95	(x)	1	:	0.000000	0.000018	0.000000	0.314724	0.406178	0.000000	0.279080	0.000000	0.000000	0.000000	0.000000	0.000000	0.000000	0.000000	0.000000
96	tsk_96	(x)	1	:	0.000000	0.000000	0.000000	0.000000	0.000000	0.000000	0.000000	0.000000	0.000000	1.000000	0.000000	0.000000	0.000000	0.000000	0.000000
97	tsk_97	(x)	1	:	0.499935	0.000003	0.000000	0.053781	0.406055	0.000000	0.040227	0.000000	0.000000	0.000000	0.000000	0.000000	0.000000	0.000000	0.000000
98	tsk_98	(x)	1	:	0.499702	0.000000	0.000000	0.000367	0.000000	0.000000	0.001660	0.000000	0.474437	0.000000	0.000000	0.000000	0.000000	0.000000	0.023833
99	tsk_99	(x)	1	:	0.000000	0.000039	0.000000	0.204449	0.000000	0.000000	0.297576	0.000000	0.476106	0.000000	0.000000	0.000000	0.000000	0.000000	0.021830
100	tsk_100	(x)	1	:	0.483318	0.000000	0.000000	0.000000	0.000000	0.000000	0.000001	0.000000	0.516681	0.000000	0.000000	0.000000	0.000000	0.000000	0.000000
101	tsk_101	(x)	1	:	0.500007	0.000041	0.000000	0.438747	0.000000	0.000000	0.061206	0.000000	0.000000	0.000000	0.000000	0.000000	0.000000	0.000000	0.000000
102	tsk_102	(x)	1	:	0.472863	0.000000	0.000000	0.000000	0.000000	0.527137	0.000000	0.000000	0.000000	0.000000	0.000000	0.000000	0.000000	0.000000	0.000000
103	tsk_103	(x)	1	:	0.000000	0.000000	0.000000	0.000000	0.000000	0.000000	0.000000	0.000000	1.000000	0.000000	0.000000	0.000000	0.000000	0.000000	0.000000
104	tsk_104	(x)	1	:	0.000000	0.000161	0.000000	0.475696	0.000000	0.000000	0.524143	0.000000	0.000000	0.000000	0.000000	0.000000	0.000000	0.000000	0.000000
105	tsk_105	(x)	1	:	0.000000	0.000000	0.000000	0.000000	0.000000	0.000000	0.000000	0.000000	0.472945	0.000000	0.493548	0.000000	0.000000	0.000000	0.033507
106	tsk_106	(x)	1	:	0.000000	0.000000	0.000000	0.000000	0.000000	0.000000	0.000000	0.000000	0.000000	0.000000	0.000000	0.000000	0.000000	0.000000	1.000000
107	tsk_107	(x)	1	:	0.509141	0.000000	0.000000	0.003005	0.000000	0.000000	0.005120	0.000001	0.000000	0.000000	0.482732	0.000000	0.000000	0.000000	0.000000
108	tsk_108	(x)	1	:	0.000000	0.000074	0.000000	0.442702	0.406197	0.000000	0.151027	0.000000	0.000000	0.000000	0.000000	0.000000	0.000000	0.000000	0.000000
109	tsk_109	(x)	1	:	0.000000	0.000000	0.000000	0.000000	0.000000	0.000000	0.000000	0.000000	0.502455	0.000000	0.497545	0.000000	0.000000	0.000000	0.000000
110	tsk_110	(x)	1	:	0.000000	0.000000	0.000000	0.000000	0.000000	0.000000	0.000000	0.000000	0.473970	0.000000	0.000000	0.000000	0.512222	0.000000	0.013807
111	tsk_111	(x)	1	:	0.000000	0.000019	0.000000	0.186826	0.000000	0.000000	0.315022	0.000000	0.475309	0.000000	0.000000	0.000000	0.000000	0.000000	0.022823
112	tsk_112	(x)	1	:	0.000000	0.000089	0.000000	0.256724	0.000000	0.000000	0.193496	0.000000	0.000000	0.549691	0.000000	0.000000	0.000000	0.000000	0.000000
113	tsk_113	(x)	1	:	0.000000	0.000033	0.000000	0.079171	0.000000	0.000000	0.420795	0.000000	0.000000	0.000000	0.000000	0.000000	0.500001	0.000000	0.000000
114	tsk_114	(x)	1	:	0.000000	0.000078	0.000000	0.687968	0.000000	0.000000	0.311954	0.000000	0.000000	0.000000	0.000000	0.000000	0.000000	0.000000	0.000000
115	tsk_115	(x)	1	:	0.000000	0.000000	0.000000	0.000000	0.000000	0.000000	0.000000	0.000000	0.000000	0.513421	0.000000	0.000000	0.486578	0.000000	0.000002
116	tsk_116	(x)	1	:	0.000000	0.000037	0.000000	0.203078	0.000000	0.000000	0.296883	0.000000	0.000000	0.000000	0.000000	0.000000	0.500001	0.000000	0.000000
117	tsk_117	(x)	1	:	0.000000	0.000000	0.000000	0.000000	0.000000	0.000000	0.000000	0.000000	0.000000	0.000000	0.000000	0.000000	1.000000	0.000000	0.000000
118	tsk_118	(x)	1	:	0.000000	0.000000	0.000000	0.000000	0.000000	0.000000	0.000000	0.000000	0.000000	0.000000	0.000000	0.000000	1.000000	0.000000	0.000000
119	tsk_119	(x)	1	:	0.000000	0.000037	0.000000	0.187650	0.633657	0.000000	0.178656	0.000000	0.000000	0.000000	0.000000	0.000000	0.000000	0.000000	0.000000
120	tsk_120	(x)	1	:	0.000000	0.000000	0.000000	0.000000	0.000000	0.000000	0.000000	0.000000	0.000000	0.000000	0.000000	0.000000	0.000000	0.000000	1.000000
121	tsk_121	(x)	1	:	0.000000	0.000000	0.000000	0.000000	0.000000	0.000000	0.000000	0.000000	0.000000	0.472472	0.000000	0.000000	0.000000	0.000000	0.527528
122	tsk_122	(x)	1	:	0.000000	0.000000	0.000000	0.000000	0.000000	0.483081	0.000000	0.000000	0.000000	0.000000	0.000000	0.000000	0.000000	0.000000	0.516919
123	tsk_123	(x)	1	:	0.000000	0.000000	0.000000	0.000000	0.000000	0.000000	0.000000	0.000000	0.000000	0.000000	0.000000	0.000000	0.000000	0.000000	1.000000
124	tsk_124	(x)	1	:	0.000000	0.000012	0.000000	0.000000	0.406174	0.000000	0.593814	0.000000	0.000000	0.000000	0.000000	0.000000	0.000000	0.000000	0.000000
125	tsk_125	(x)	1	:	0.499561	0.000000	0.000000	0.000104	0.000000	0.000000	0.002294	0.000000	0.000000	0.000000	0.000000	0.000000	0.000000	0.000000	0.498041
126	tsk_126	(x)	1	:	0.000000	0.000000	0.000000	0.000000	0.000000	0.000000	0.000000	0.000000	0.000000	0.000000	0.000000	0.000000	0.000000	0.000000	1.000000
127	tsk_127	(x)	1	:	0.000000	0.000000	0.000000	0.330905	0.000000	0.000000	0.669095	0.000000	0.000000	0.000000	0.000000	0.000000	0.000000	0.000000	0.000000
128	tsk_128	(x)	1	:	0.000000	0.000000	0.000000	0.000000	0.000000	0.000000	0.000000	0.000000	0.000000	0.000000	0.000000	0.000000	0.000000	0.000000	1.000000
129	tsk_129	(x)	1	:	0.000000	0.000000	0.000000	0.000000	0.000000	0.000000	0.000000	0.000000	0.000000	0.000000	0.000000	0.000000	0.000000	0.000000	1.000000
130	tsk_130	(x)	1	:	0.000000	0.000053	0.000000	0.713173	0.000000	0.000000	0.286773	0.000000	0.000000	0.000000	0.000000	0.000000	0.000000	0.000000	0.000000
131	tsk_131	(x)	1	:	0.000000	0.000000	0.000000	0.524559	0.000000	0.000000	0.475440	0.000000	0.000000	0.000000	0.000000	0.000000	0.000000	0.000000	0.000000
132	tsk_132	(x)	1	:	0.000000	0.000041	0.000000	0.559978	0.000000	0.000000	0.439981	0.000000	0.000000	0.000000	0.000000	0.000000	0.000000	0.000000	0.000000
133	tsk_133	(x)	1	:	0.000000	0.000035	0.000000	0.068943	0.000000	0.000000	0.432870	0.000000	0.000000	0.000000	0.000000	0.000000	0.000000	0.000000	0.498151
134	tsk_134	(x)	1	:	0.000000	0.000000	0.000000	0.210712	0.000000	0.000000	0.789288	0.000000	0.000000	0.000000	0.000000	0.000000	0.000000	0.000000	0.000000
135	tsk_135	(x)	1	:	0.000000	0.000066	0.000000	0.728915	0.000000	0.000000	0.271019	0.000000	0.000000	0.000000	0.000000	0.000000	0.000000	0.000000	0.000000
136	tsk_136	(x)	1	:	0.000000	0.000000	0.000000	0.164416	0.000000	0.000000	0.337433	0.000000	0.000000	0.000000	0.000000	0.000000	0.000000	0.000000	0.498150
137	tsk_137	(x)	1	:	0.000000	0.000000	0.000000	0.734529	0.000000	0.000000	0.265471	0.000000	0.000000	0.000000	0.000000	0.000000	0.000000	0.000000	0.000000
138	tsk_138	(x)	1	:	0.000000	0.000004	0.000000	0.211678	0.000000	0.000000	0.195238	0.000000	0.000000	0.000000	0.000000	0.000000	0.000000	0.593079	0.000000
139	tsk_139	(x)	1	:	0.000000	0.000092	0.000000	0.800864	0.000000	0.000000	0.199044	0.000000	0.000000	0.000000	0.000000	0.000000	0.000000	0.000000	0.000000
140	tsk_140	(x)	1	:	0.000000	0.000000	0.000000	0.000000	0.000000	0.457439	0.000000	0.000000	0.000000	0.000000	0.000000	0.000000	0.000000	0.000000	0.542561
141	tsk_141	(x)	1	:	0.000000	0.000000	0.000000	0.000000	0.000000	0.483081	0.000000	0.000000	0.000000	0.000000	0.000000	0.000000	0.000000	0.000000	0.516919
142	tsk_142	(x)	1	:	0.000000	0.000000	0.000000	0.020138	0.406122	0.000000	0.075597	0.000000	0.000000	0.000000	0.000000	0.000000	0.000000	0.000000	0.498143
143	tsk_143	(x)	1	:	0.000000	0.000000	0.000000	0.000000	0.000000	0.000000	0.000000	0.000000	0.000000	0.000000	0.000000	0.000000	0.000000	0.000000	1.000000
144	tsk_144	(x)	1	:	0.000000	0.000000	0.000000	0.000000	0.000000	0.000000	0.000000	0.000000	0.000000	0.000000	0.000000	0.000000	0.000000	0.000000	1.000000
145	tsk_145	(x)	1	:	0.000000	0.000022	0.000000	0.162902	0.000000	0.000000	0.338926	0.000000	0.000000	0.000000	0.000000	0.000000	0.000000	0.000000	0.498151
146	tsk_146	(x)	1	:	0.000000	0.000000	0.000000	0.000000	0.000000	0.000000	0.000000	0.000000	0.000000	0.000000	0.000000	0.000000	0.000000	0.000000	1.000000
147	tsk_147	(x)	1	:	0.000000	0.000000	0.000000	0.000000	0.000000	0.000000	0.000000	0.000000	0.000000	0.000000	0.000000	0.000000	0.000000	0.000000	1.000000
148	tsk_148	(x)	1	:	0.000000	0.000000	0.000000	0.000000	0.000000	0.483081	0.000000	0.000000	0.000000	0.000000	0.000000	0.000000	0.000000	0.000000	0.516919
149	tsk_149	(x)	1	:	0.000000	0.000000	0.000000	0.000000	0.000000	0.000000	0.000000	0.000000	0.475236	0.000000	0.000000	0.000000	0.000000	0.000000	0.524764
