logL = -1563.419216 (converged)
AIC = 4346.838431
BIC = 6183.325960

count.K
16 17 33 84 

