logL = -1765.096877 (converged)
AIC = 9350.193753
BIC = 18111.142459

count.K
0 3 2 4 24 2 15 13 15 1 1 28 7 18 17 

