logL = -1855.087265 (converged)
AIC = 7190.174530
BIC = 12428.679941

count.K
5 27 0 35 23 13 4 1 40 2 

