logL = -2711.031234 (converged)
AIC = 9970.062469
BIC = 16816.247128

count.K
16 4 16 18 7 31 3 20 0 24 2 9 

