logL = -1818.638424 (converged)
AIC = 6193.276848
BIC = 10040.868754

count.K
23 18 50 9 10 11 29 

