logL = -1794.358203 (converged)
AIC = 8696.716406
BIC = 16385.878948

count.K
9 3 11 10 2 6 18 3 48 3 3 7 27 

