logL = -1202.314708 (converged)
AIC = 5904.629416
BIC = 11173.241180

count.K
0 3 17 15 42 16 26 2 12 17 

