0	tsk_0	(x)	1	:	0.000000	0.517290	0.000000	0.000000	0.000000	0.482710	0.000000	0.000000	0.000000	0.000000	0.000000	0.000000	0.000000
1	tsk_1	(x)	1	:	0.492721	0.000000	0.000000	0.000000	0.000000	0.000000	0.000000	0.377939	0.000000	0.129339	0.000000	0.000000	0.000000
2	tsk_2	(x)	1	:	0.000000	0.000000	0.000000	0.000000	0.000000	0.000000	0.000000	0.893775	0.000000	0.106225	0.000000	0.000000	0.000000
3	tsk_3	(x)	1	:	0.000000	0.000000	0.000000	0.359059	0.000000	0.000000	0.000000	0.377856	0.000000	0.122138	0.000000	0.000000	0.140948
4	tsk_4	(x)	1	:	0.000000	0.490692	0.509308	0.000000	0.000000	0.000000	0.000000	0.000000	0.000000	0.000000	0.000000	0.000000	0.000000
5	tsk_5	(x)	1	:	0.000000	0.000000	0.000000	0.000000	0.000000	0.500007	0.000000	0.000000	0.000000	0.499993	0.000000	0.000000	0.000000
6	tsk_6	(x)	1	:	0.492656	0.000000	0.000000	0.323456	0.000000	0.000000	0.000000	0.000000	0.000000	0.007744	0.000000	0.000000	0.176144
7	tsk_7	(x)	1	:	0.000000	1.000000	0.000000	0.000000	0.000000	0.000000	0.000000	0.000000	0.000000	0.000000	0.000000	0.000000	0.000000
8	tsk_8	(x)	1	:	0.000000	0.516012	0.000000	0.288892	0.000000	0.000000	0.000000	0.000000	0.000000	0.000000	0.000000	0.000000	0.195096
9	tsk_9	(x)	1	:	0.000000	0.000000	0.501656	0.000000	0.000000	0.497424	0.000000	0.000000	0.000000	0.000920	0.000000	0.000000	0.000000
10	tsk_10	(x)	1	:	0.000000	0.000000	0.000000	0.000000	0.000000	0.499999	0.000000	0.000000	0.000000	0.500001	0.000000	0.000000	0.000000
11	tsk_11	(x)	1	:	0.000000	0.000000	0.000000	0.000000	0.000000	0.499999	0.000000	0.000000	0.000000	0.500001	0.000000	0.000000	0.000000
12	tsk_12	(x)	1	:	0.000000	0.435641	0.000000	0.000000	0.270285	0.000000	0.000000	0.294074	0.000000	0.000000	0.000000	0.000000	0.000000
13	tsk_13	(x)	1	:	0.000000	0.451351	0.000000	0.000000	0.327102	0.000000	0.000000	0.000000	0.000000	0.221547	0.000000	0.000000	0.000000
14	tsk_14	(x)	1	:	0.000000	0.000000	0.000000	0.000000	0.000000	0.499999	0.000000	0.000000	0.000000	0.500001	0.000000	0.000000	0.000000
15	tsk_15	(x)	1	:	0.580287	0.000000	0.419713	0.000000	0.000000	0.000000	0.000000	0.000000	0.000000	0.000000	0.000000	0.000000	0.000000
16	tsk_16	(x)	1	:	0.000000	0.000000	0.000000	0.000000	0.000000	0.500111	0.000000	0.377938	0.000000	0.121951	0.000000	0.000000	0.000000
17	tsk_17	(x)	1	:	0.000000	0.000000	0.000000	0.000000	0.000000	0.000000	0.000000	0.000000	0.000000	1.000000	0.000000	0.000000	0.000000
18	tsk_18	(x)	1	:	0.000000	0.000000	0.000000	0.000000	0.000000	1.000000	0.000000	0.000000	0.000000	0.000000	0.000000	0.000000	0.000000
19	tsk_19	(x)	1	:	0.517916	0.000000	0.000000	0.000000	0.000000	0.482056	0.000000	0.000000	0.000000	0.000027	0.000000	0.000000	0.000000
20	tsk_20	(x)	1	:	0.000000	0.494099	0.000000	0.320880	0.000000	0.000000	0.000000	0.000000	0.000000	0.004704	0.000000	0.000000	0.180317
21	tsk_21	(x)	1	:	1.000000	0.000000	0.000000	0.000000	0.000000	0.000000	0.000000	0.000000	0.000000	0.000000	0.000000	0.000000	0.000000
22	tsk_22	(x)	1	:	0.000000	0.493908	0.000000	0.351636	0.000000	0.000000	0.000000	0.000000	0.000000	0.005958	0.000000	0.000000	0.148498
23	tsk_23	(x)	1	:	0.000000	0.105655	0.446670	0.000000	0.000000	0.000000	0.000000	0.000000	0.000000	0.447674	0.000000	0.000000	0.000000
24	tsk_24	(x)	1	:	0.000000	0.493933	0.000000	0.345791	0.000000	0.000000	0.000000	0.000000	0.000000	0.005797	0.000000	0.000000	0.154480
25	tsk_25	(x)	1	:	0.000000	0.000000	0.000000	0.774781	0.000000	0.000000	0.000000	0.000000	0.000000	0.000000	0.000000	0.000000	0.225219
26	tsk_26	(x)	1	:	0.000000	0.000000	0.000000	0.765170	0.000000	0.000000	0.000000	0.000000	0.000000	0.000000	0.000000	0.000000	0.234830
27	tsk_27	(x)	1	:	0.000000	0.044399	0.000000	0.396323	0.000000	0.000000	0.000000	0.000000	0.000000	0.455534	0.000000	0.000000	0.103745
28	tsk_28	(x)	1	:	0.432880	0.111430	0.000000	0.000000	0.000000	0.000000	0.000000	0.000000	0.000000	0.455690	0.000000	0.000000	0.000000
29	tsk_29	(x)	1	:	0.000000	0.000000	0.000000	0.711356	0.000000	0.000000	0.000000	0.000000	0.000000	0.000000	0.000000	0.000000	0.288644
30	tsk_30	(x)	1	:	0.492723	0.000000	0.000000	0.000000	0.000000	0.000000	0.000000	0.377883	0.000000	0.129265	0.000000	0.000130	0.000000
31	tsk_31	(x)	1	:	0.000000	0.493941	0.000000	0.376450	0.000000	0.000000	0.000000	0.000000	0.000000	0.005737	0.000000	0.000000	0.123872
32	tsk_32	(x)	1	:	0.000000	0.000000	0.000000	0.274084	0.000000	0.000000	0.000000	0.521618	0.000000	0.000000	0.000000	0.000000	0.204297
33	tsk_33	(x)	1	:	0.000000	0.000000	0.000000	0.865222	0.000000	0.000000	0.000000	0.000000	0.000000	0.000000	0.000000	0.000000	0.134778
34	tsk_34	(x)	1	:	0.000000	0.000000	0.000000	0.359037	0.000000	0.000000	0.000000	0.521668	0.000000	0.000000	0.000000	0.000000	0.119296
35	tsk_35	(x)	1	:	0.000000	0.000000	0.000000	0.820780	0.000000	0.000000	0.000000	0.000000	0.000000	0.000000	0.000000	0.000000	0.179220
36	tsk_36	(x)	1	:	0.000000	0.493881	0.000000	0.000000	0.000000	0.000000	0.000000	0.377925	0.000000	0.128193	0.000000	0.000000	0.000000
37	tsk_37	(x)	1	:	0.000000	0.000000	0.000000	0.659810	0.000000	0.000000	0.000000	0.000000	0.000000	0.000000	0.000000	0.000000	0.340190
38	tsk_38	(x)	1	:	0.000000	0.000000	0.000000	0.000000	0.000000	0.000000	0.000000	1.000000	0.000000	0.000000	0.000000	0.000000	0.000000
39	tsk_39	(x)	1	:	0.000000	0.000000	0.525277	0.142576	0.000000	0.000000	0.000000	0.000000	0.000000	0.000000	0.000000	0.000000	0.332148
40	tsk_40	(x)	1	:	0.000000	0.000000	0.509600	0.000000	0.000000	0.000000	0.000000	0.000000	0.000000	0.490400	0.000000	0.000000	0.000000
41	tsk_41	(x)	1	:	0.000000	0.000000	0.000000	0.000000	0.000000	0.000000	0.000000	0.000000	0.000000	1.000000	0.000000	0.000000	0.000000
42	tsk_42	(x)	1	:	0.000000	0.000000	0.509600	0.000000	0.000000	0.000000	0.000000	0.000000	0.000000	0.490400	0.000000	0.000000	0.000000
43	tsk_43	(x)	1	:	0.000000	0.000000	0.000000	0.000000	0.000000	0.000000	0.402836	0.000000	0.000000	0.000000	0.597164	0.000000	0.000000
44	tsk_44	(x)	1	:	0.000000	0.000000	0.525273	0.387065	0.000000	0.000000	0.000000	0.000000	0.000000	0.000000	0.000000	0.000000	0.087661
45	tsk_45	(x)	1	:	0.000000	0.000000	0.000000	0.301264	0.000000	0.000000	0.000000	0.000000	0.000000	0.010781	0.489422	0.000000	0.198533
46	tsk_46	(x)	1	:	0.000000	0.000000	0.000000	0.301352	0.000000	0.000000	0.000000	0.377789	0.000000	0.122217	0.000000	0.000000	0.198642
47	tsk_47	(x)	1	:	0.000000	0.000000	0.000000	0.498916	0.000000	0.000000	0.000000	0.000000	0.000000	0.000000	0.000000	0.000000	0.501083
48	tsk_48	(x)	1	:	0.000000	0.000000	0.000000	0.289027	0.000000	0.000000	0.000000	0.000000	0.000000	0.010031	0.489667	0.000000	0.211275
49	tsk_49	(x)	1	:	0.000000	0.000000	1.000000	0.000000	0.000000	0.000000	0.000000	0.000000	0.000000	0.000000	0.000000	0.000000	0.000000
50	tsk_50	(x)	1	:	0.000000	0.000000	0.000000	0.764683	0.000000	0.000000	0.000000	0.000000	0.000000	0.000000	0.000000	0.000000	0.235317
51	tsk_51	(x)	1	:	0.000000	0.000000	0.000000	0.722798	0.000000	0.000000	0.000000	0.000000	0.000000	0.000000	0.000000	0.000000	0.277202
52	tsk_52	(x)	1	:	0.000000	0.000000	0.000000	0.173341	0.000000	0.000000	0.205601	0.000000	0.000000	0.294399	0.000000	0.000000	0.326658
53	tsk_53	(x)	1	:	0.000000	0.000000	0.000000	0.585480	0.000000	0.000000	0.000000	0.000000	0.000000	0.000000	0.000000	0.000000	0.414520
54	tsk_54	(x)	1	:	0.000000	0.000000	0.000000	0.945799	0.000000	0.000000	0.000000	0.000000	0.000000	0.000000	0.000000	0.000000	0.054201
55	tsk_55	(x)	1	:	0.000000	0.000000	0.000000	0.793593	0.000000	0.000000	0.000000	0.000000	0.000000	0.000000	0.000000	0.000000	0.206407
56	tsk_56	(x)	1	:	0.000000	1.000000	0.000000	0.000000	0.000000	0.000000	0.000000	0.000000	0.000000	0.000000	0.000000	0.000000	0.000000
57	tsk_57	(x)	1	:	0.000000	0.000000	0.000000	0.624589	0.000000	0.000000	0.000000	0.000000	0.000000	0.000000	0.000000	0.000000	0.375410
58	tsk_58	(x)	1	:	0.000000	0.000000	0.000000	0.303391	0.000000	0.000000	0.000000	0.000000	0.000000	0.000000	0.000000	0.000000	0.696609
59	tsk_59	(x)	1	:	0.000000	0.000000	0.000000	0.759061	0.000000	0.000000	0.000000	0.000000	0.000000	0.000000	0.000000	0.000000	0.240939
60	tsk_60	(x)	1	:	0.000000	0.000000	0.000000	0.000000	0.000000	0.000000	0.000000	0.000000	0.000000	1.000000	0.000000	0.000000	0.000000
61	tsk_61	(x)	1	:	0.000000	0.000000	0.000000	0.236856	0.000000	0.000000	0.000000	0.000000	0.000000	0.500014	0.000000	0.000000	0.263129
62	tsk_62	(x)	1	:	0.492731	0.000000	0.000000	0.000000	0.000000	0.000000	0.000000	0.000000	0.000000	0.507269	0.000000	0.000000	0.000000
63	tsk_63	(x)	1	:	0.000000	0.000000	0.528518	0.000000	0.000000	0.000000	0.000000	0.000000	0.000000	0.471482	0.000000	0.000000	0.000000
64	tsk_64	(x)	1	:	0.436197	0.110014	0.000000	0.000000	0.000000	0.000000	0.000000	0.000000	0.000000	0.453789	0.000000	0.000000	0.000000
65	tsk_65	(x)	1	:	0.000000	0.000000	1.000000	0.000000	0.000000	0.000000	0.000000	0.000000	0.000000	0.000000	0.000000	0.000000	0.000000
66	tsk_66	(x)	1	:	0.000000	0.000000	0.525278	0.192379	0.000000	0.000000	0.000000	0.000000	0.000000	0.000000	0.000000	0.000000	0.282342
67	tsk_67	(x)	1	:	0.000000	0.000000	0.000000	0.000000	0.000000	0.000000	0.000000	0.000327	0.000000	0.000000	0.000000	0.999673	0.000000
68	tsk_68	(x)	1	:	0.000000	0.000000	0.464581	0.000000	0.000000	0.000000	0.000000	0.000000	0.000000	0.535419	0.000000	0.000000	0.000000
69	tsk_69	(x)	1	:	0.000000	0.000000	0.501511	0.284864	0.000000	0.000000	0.000000	0.000000	0.000000	0.000989	0.000000	0.000000	0.212636
70	tsk_70	(x)	1	:	0.000000	0.000000	0.000000	0.305552	0.000000	0.000000	0.000000	0.521664	0.000000	0.000000	0.000000	0.000000	0.172784
71	tsk_71	(x)	1	:	0.000000	0.000000	0.000000	0.403461	0.000000	0.000000	0.000000	0.000000	0.000000	0.500016	0.000000	0.000000	0.096524
72	tsk_72	(x)	1	:	0.000000	0.000000	0.000000	0.459091	0.000000	0.000000	0.000000	0.521635	0.000000	0.000000	0.000000	0.000000	0.019275
73	tsk_73	(x)	1	:	0.000000	0.000000	0.464174	0.000000	0.000000	0.000000	0.000000	0.535821	0.000000	0.000005	0.000000	0.000000	0.000000
74	tsk_74	(x)	1	:	0.000000	0.000000	0.000000	0.000000	0.000000	0.000000	0.000000	1.000000	0.000000	0.000000	0.000000	0.000000	0.000000
75	tsk_75	(x)	1	:	0.000000	0.000000	0.000000	0.337313	0.000000	0.000000	0.000000	0.521659	0.000000	0.000000	0.000000	0.000000	0.141028
76	tsk_76	(x)	1	:	0.000000	0.000000	0.000000	0.000000	0.000000	0.000000	0.000000	1.000000	0.000000	0.000000	0.000000	0.000000	0.000000
77	tsk_77	(x)	1	:	0.486281	0.000000	0.000000	0.000000	0.000000	0.000000	0.000000	0.513718	0.000000	0.000000	0.000000	0.000000	0.000000
78	tsk_78	(x)	1	:	0.000000	0.000000	0.000000	0.400884	0.000000	0.000000	0.000000	0.000000	0.000000	0.500015	0.000000	0.000000	0.099101
79	tsk_79	(x)	1	:	0.486281	0.000000	0.000000	0.000000	0.000000	0.000000	0.000000	0.513718	0.000000	0.000000	0.000000	0.000000	0.000000
80	tsk_80	(x)	1	:	0.000000	0.000000	0.000000	0.238335	0.000000	0.000000	0.000000	0.000000	0.000000	0.500016	0.000000	0.000000	0.261649
81	tsk_81	(x)	1	:	0.516486	0.000000	0.000000	0.128518	0.000000	0.000000	0.000000	0.000000	0.000000	0.000000	0.000000	0.000000	0.354995
82	tsk_82	(x)	1	:	0.000000	0.000000	0.000000	0.000000	0.000000	0.000000	0.000000	0.000000	1.000000	0.000000	0.000000	0.000000	0.000000
83	tsk_83	(x)	1	:	0.000000	0.000000	0.464581	0.000000	0.000000	0.000000	0.000000	0.000000	0.000000	0.535419	0.000000	0.000000	0.000000
84	tsk_84	(x)	1	:	0.000000	0.000000	0.000000	0.415759	0.000000	0.000000	0.000000	0.000000	0.000000	0.500005	0.000000	0.000000	0.084235
85	tsk_85	(x)	1	:	0.000000	0.000000	0.000000	0.000000	0.000000	0.000000	0.000000	0.000000	0.000000	0.510460	0.489540	0.000000	0.000000
86	tsk_86	(x)	1	:	0.541805	0.000000	0.000000	0.000000	0.000000	0.000000	0.000000	0.000000	0.000000	0.458195	0.000000	0.000000	0.000000
87	tsk_87	(x)	1	:	0.000000	0.000000	0.000000	0.000000	0.000000	0.000000	0.000000	0.000000	0.000000	1.000000	0.000000	0.000000	0.000000
88	tsk_88	(x)	1	:	0.519625	0.000000	0.000000	0.000000	0.000000	0.000000	0.000000	0.000000	0.000000	0.480375	0.000000	0.000000	0.000000
89	tsk_89	(x)	1	:	0.000000	0.000000	0.464568	0.302451	0.000000	0.000000	0.000000	0.000000	0.000000	0.035566	0.000000	0.000000	0.197416
90	tsk_90	(x)	1	:	0.518943	0.000000	0.481057	0.000000	0.000000	0.000000	0.000000	0.000000	0.000000	0.000000	0.000000	0.000000	0.000000
91	tsk_91	(x)	1	:	0.492665	0.000000	0.000000	0.110597	0.000000	0.000000	0.000000	0.000000	0.000000	0.007690	0.000000	0.000000	0.389048
92	tsk_92	(x)	1	:	0.000000	0.000000	1.000000	0.000000	0.000000	0.000000	0.000000	0.000000	0.000000	0.000000	0.000000	0.000000	0.000000
93	tsk_93	(x)	1	:	0.000000	0.000000	0.480487	0.000000	0.000000	0.000000	0.000000	0.519513	0.000000	0.000000	0.000000	0.000000	0.000000
94	tsk_94	(x)	1	:	0.492720	0.000000	0.000000	0.081765	0.000000	0.000000	0.000000	0.000000	0.000000	0.007347	0.000000	0.000000	0.418168
95	tsk_95	(x)	1	:	0.000000	0.517543	0.482457	0.000000	0.000000	0.000000	0.000000	0.000000	0.000000	0.000000	0.000000	0.000000	0.000000
96	tsk_96	(x)	1	:	0.492694	0.000000	0.000000	0.082981	0.000000	0.000000	0.000000	0.000000	0.000000	0.007504	0.000000	0.000000	0.416821
97	tsk_97	(x)	1	:	0.000000	0.000000	0.464581	0.000000	0.000000	0.000000	0.000000	0.000000	0.000000	0.535419	0.000000	0.000000	0.000000
98	tsk_98	(x)	1	:	1.000000	0.000000	0.000000	0.000000	0.000000	0.000000	0.000000	0.000000	0.000000	0.000000	0.000000	0.000000	0.000000
99	tsk_99	(x)	1	:	0.000000	0.547062	0.452938	0.000000	0.000000	0.000000	0.000000	0.000000	0.000000	0.000000	0.000000	0.000000	0.000000
100	tsk_100	(x)	1	:	0.492731	0.000000	0.000000	0.000000	0.000000	0.000000	0.000000	0.000000	0.000000	0.507269	0.000000	0.000000	0.000000
101	tsk_101	(x)	1	:	0.000000	0.000000	0.000000	0.000000	0.000000	0.000000	0.000000	0.000000	0.000000	1.000000	0.000000	0.000000	0.000000
102	tsk_102	(x)	1	:	0.000000	0.000000	0.000000	0.000000	0.000000	0.000000	0.000000	0.000000	0.000000	1.000000	0.000000	0.000000	0.000000
103	tsk_103	(x)	1	:	0.000000	0.000000	0.000000	0.262661	0.000000	0.000000	0.000000	0.000000	0.000000	0.500013	0.000000	0.000000	0.237326
104	tsk_104	(x)	1	:	0.492731	0.000000	0.000000	0.000000	0.000000	0.000000	0.000000	0.000000	0.000000	0.507269	0.000000	0.000000	0.000000
105	tsk_105	(x)	1	:	0.000000	0.000000	0.000000	0.583527	0.000000	0.000000	0.000000	0.000000	0.000000	0.000000	0.000000	0.000000	0.416473
106	tsk_106	(x)	1	:	0.492731	0.000000	0.000000	0.000000	0.000000	0.000000	0.000000	0.000000	0.000000	0.507269	0.000000	0.000000	0.000000
107	tsk_107	(x)	1	:	0.492731	0.000000	0.000000	0.000000	0.000000	0.000000	0.000000	0.000000	0.000000	0.507269	0.000000	0.000000	0.000000
108	tsk_108	(x)	1	:	0.000000	0.000000	0.000000	0.000000	0.000000	0.000000	0.000000	0.000000	0.000000	1.000000	0.000000	0.000000	0.000000
109	tsk_109	(x)	1	:	0.492731	0.000000	0.000000	0.000000	0.000000	0.000000	0.000000	0.000000	0.000000	0.507269	0.000000	0.000000	0.000000
110	tsk_110	(x)	1	:	0.000000	0.000000	0.525273	0.343319	0.000000	0.000000	0.000000	0.000000	0.000000	0.000000	0.000000	0.000000	0.131408
111	tsk_111	(x)	1	:	0.497212	0.000000	0.000000	0.000000	0.000000	0.000000	0.401398	0.000000	0.000000	0.000000	0.101390	0.000000	0.000000
112	tsk_112	(x)	1	:	0.497321	0.000000	0.000000	0.000000	0.000000	0.000000	0.195455	0.000000	0.000000	0.000000	0.307224	0.000000	0.000000
113	tsk_113	(x)	1	:	0.000000	0.000000	0.527492	0.000000	0.000000	0.000000	0.401317	0.000000	0.000000	0.000000	0.071191	0.000000	0.000000
114	tsk_114	(x)	1	:	0.497212	0.000000	0.000000	0.000000	0.000000	0.000000	0.401398	0.000000	0.000000	0.000000	0.101390	0.000000	0.000000
115	tsk_115	(x)	1	:	0.000000	0.000000	0.000000	0.000000	0.000000	0.000000	0.195432	0.000000	0.000000	0.510131	0.294437	0.000000	0.000000
116	tsk_116	(x)	1	:	0.000000	0.000000	0.000000	0.000000	0.000000	0.000000	0.195431	0.000000	0.000000	0.510133	0.294436	0.000000	0.000000
117	tsk_117	(x)	1	:	0.000000	0.000000	0.000000	0.000000	0.000000	0.000000	0.401363	0.000000	0.000000	0.509804	0.088833	0.000000	0.000000
118	tsk_118	(x)	1	:	0.000000	0.000000	0.000000	0.290078	0.000000	0.000000	0.000000	0.000000	0.000000	0.500013	0.000000	0.000000	0.209909
119	tsk_119	(x)	1	:	0.000000	0.000000	0.000000	0.000000	0.000000	0.000000	1.000000	0.000000	0.000000	0.000000	0.000000	0.000000	0.000000
120	tsk_120	(x)	1	:	0.000000	0.000000	0.000000	0.663588	0.000000	0.000000	0.000000	0.000000	0.000000	0.000000	0.000000	0.000000	0.336412
121	tsk_121	(x)	1	:	0.000000	0.000000	0.000000	0.867203	0.000000	0.000000	0.000000	0.000000	0.000000	0.000000	0.000000	0.000000	0.132797
122	tsk_122	(x)	1	:	0.000000	0.000000	0.000000	0.661081	0.000000	0.000000	0.000000	0.000000	0.000000	0.000000	0.000000	0.000000	0.338919
123	tsk_123	(x)	1	:	0.000000	0.000000	0.000000	0.697886	0.000000	0.000000	0.000000	0.000000	0.000000	0.000000	0.000000	0.000000	0.302114
124	tsk_124	(x)	1	:	0.000000	0.000000	0.000000	0.727897	0.000000	0.000000	0.000000	0.000000	0.000000	0.000000	0.000000	0.000000	0.272103
125	tsk_125	(x)	1	:	0.000000	0.000000	0.508485	0.283106	0.000000	0.000000	0.000000	0.000000	0.000000	0.000000	0.000000	0.000000	0.208408
126	tsk_126	(x)	1	:	0.000000	0.000000	0.000000	0.884630	0.000000	0.000000	0.000000	0.000000	0.000000	0.000000	0.000000	0.000000	0.115370
127	tsk_127	(x)	1	:	0.000000	0.000000	0.502237	0.000000	0.104266	0.000000	0.195275	0.000000	0.000000	0.000000	0.198222	0.000000	0.000000
128	tsk_128	(x)	1	:	0.000000	0.000000	0.000000	0.600617	0.000000	0.000000	0.000000	0.000000	0.000000	0.000000	0.000000	0.000000	0.399383
129	tsk_129	(x)	1	:	0.000000	0.000000	0.500219	0.191337	0.123515	0.000000	0.000000	0.000000	0.000000	0.000000	0.000000	0.000000	0.184930
130	tsk_130	(x)	1	:	0.492672	0.000000	0.000000	0.071100	0.000000	0.000000	0.000000	0.000000	0.000000	0.007655	0.000000	0.000000	0.428573
131	tsk_131	(x)	1	:	0.000000	0.000000	0.000000	0.000000	0.000000	0.000000	0.205630	0.000000	0.000000	0.794370	0.000000	0.000000	0.000000
132	tsk_132	(x)	1	:	0.000000	0.000000	0.000000	0.185790	0.000000	0.000000	0.205546	0.000000	0.000000	0.294443	0.000000	0.000000	0.314221
133	tsk_133	(x)	1	:	0.000000	0.000000	0.000000	0.000000	0.000000	0.000000	0.000000	0.000000	0.000000	0.510460	0.489540	0.000000	0.000000
134	tsk_134	(x)	1	:	0.000000	0.000000	0.000000	0.000000	0.000000	0.502824	0.000000	0.000000	0.000000	0.006938	0.490238	0.000000	0.000000
135	tsk_135	(x)	1	:	0.000000	0.000000	0.000000	0.000000	0.000000	0.000000	0.000000	0.000000	0.000000	1.000000	0.000000	0.000000	0.000000
136	tsk_136	(x)	1	:	0.000000	0.000000	0.000000	0.000000	0.000000	0.000000	0.000000	0.000000	0.000000	1.000000	0.000000	0.000000	0.000000
137	tsk_137	(x)	1	:	0.000000	0.000000	0.000000	0.000000	0.000000	0.000000	0.000000	0.000000	0.000000	0.510460	0.489540	0.000000	0.000000
138	tsk_138	(x)	1	:	0.492731	0.000000	0.000000	0.000000	0.000000	0.000000	0.000000	0.000000	0.000000	0.507269	0.000000	0.000000	0.000000
139	tsk_139	(x)	1	:	0.000000	0.000000	0.000000	0.000000	0.000000	0.000000	0.000000	0.000000	0.000000	0.510460	0.489539	0.000000	0.000000
140	tsk_140	(x)	1	:	0.530169	0.000000	0.000000	0.000000	0.000000	0.000000	0.192917	0.000000	0.000000	0.276914	0.000000	0.000000	0.000000
141	tsk_141	(x)	1	:	0.000000	0.000000	0.000000	0.323959	0.000000	0.000000	0.000000	0.000000	0.000000	0.000000	0.535234	0.000000	0.140806
142	tsk_142	(x)	1	:	0.000000	0.493966	0.000000	0.120116	0.000000	0.000000	0.000000	0.000000	0.000000	0.005573	0.000000	0.000000	0.380346
143	tsk_143	(x)	1	:	0.000000	0.000000	0.000000	0.327644	0.000000	0.000000	0.000000	0.000000	0.000000	0.500013	0.000000	0.000000	0.172342
144	tsk_144	(x)	1	:	0.000000	0.000000	0.000000	0.322884	0.000000	0.000000	0.000000	0.000000	0.000000	0.000000	0.535234	0.000000	0.141882
145	tsk_145	(x)	1	:	0.530169	0.000000	0.000000	0.000000	0.000000	0.000000	0.192917	0.000000	0.000000	0.276914	0.000000	0.000000	0.000000
146	tsk_146	(x)	1	:	0.000000	0.000000	0.000000	0.890911	0.000000	0.000000	0.000000	0.000000	0.000000	0.000000	0.000000	0.000000	0.109089
147	tsk_147	(x)	1	:	0.000000	0.000000	0.000000	0.276873	0.000000	0.000000	0.000000	0.000000	0.000000	0.500015	0.000000	0.000000	0.223112
148	tsk_148	(x)	1	:	0.000000	0.000000	0.000000	0.370286	0.000000	0.000000	0.000000	0.000000	0.000000	0.500003	0.000000	0.000000	0.129711
149	tsk_149	(x)	1	:	0.492822	0.000000	0.000000	0.102449	0.000000	0.000000	0.000000	0.000000	0.000000	0.006730	0.000000	0.000000	0.397998
