logL = -1396.860403 (converged)
AIC = 5501.720806
BIC = 9578.120994

count.K
12 30 9 5 1 3 36 54 

