logL = -1819.964631 (converged)
AIC = 8939.929263
BIC = 16918.112792

count.K
1 26 26 5 9 33 5 12 9 6 2 2 1 13 

