logL = -999.428301 (converged)
AIC = 6306.856602
BIC = 12791.765026

count.K
3 15 26 2 16 33 2 19 11 1 9 13 

