0	tsk_0	(x)	1	:	0.000000	0.000000	0.000000	0.503528	0.000000	0.000000	0.000000	0.000000	0.000000	0.000000	0.000000	0.496472	0.000000	0.000000
1	tsk_1	(x)	1	:	0.000000	0.000000	0.000000	0.000000	0.000000	0.000000	0.000000	0.000000	0.000000	0.000000	0.000000	0.449528	0.000000	0.550472
2	tsk_2	(x)	1	:	0.000000	0.000000	0.000000	0.000000	0.505293	0.000000	0.000000	0.000000	0.000000	0.000000	0.000000	0.494706	0.000000	0.000000
3	tsk_3	(x)	1	:	0.000000	0.000000	0.000000	0.000000	0.505290	0.000000	0.000000	0.000000	0.000000	0.000000	0.000000	0.494710	0.000000	0.000000
4	tsk_4	(x)	1	:	0.000000	0.000000	0.066099	0.500005	0.094929	0.000000	0.000000	0.000000	0.000000	0.000000	0.000000	0.000000	0.338968	0.000000
5	tsk_5	(x)	1	:	0.000000	0.000000	0.000000	0.503526	0.000000	0.000000	0.000000	0.000000	0.000000	0.000000	0.000000	0.496474	0.000000	0.000000
6	tsk_6	(x)	1	:	0.000000	0.000000	0.492514	0.499600	0.007886	0.000000	0.000000	0.000000	0.000000	0.000000	0.000000	0.000000	0.000000	0.000000
7	tsk_7	(x)	1	:	0.000000	0.000000	0.000000	0.455124	0.000000	0.000000	0.000000	0.000000	0.000000	0.000000	0.000000	0.000000	0.000000	0.544876
8	tsk_8	(x)	1	:	0.000000	0.000000	0.002772	0.000000	0.133291	0.000000	0.000000	0.000000	0.000000	0.000000	0.000000	0.000000	0.251224	0.612713
9	tsk_9	(x)	1	:	0.000000	0.000000	0.010887	0.500001	0.238396	0.000000	0.000000	0.000000	0.000000	0.000000	0.000000	0.000000	0.250716	0.000000
10	tsk_10	(x)	1	:	0.000000	0.000000	0.501791	0.000000	0.004320	0.000000	0.000000	0.000005	0.000000	0.485427	0.000000	0.008456	0.000000	0.000000
11	tsk_11	(x)	1	:	0.189270	0.310730	0.000000	0.000000	0.000000	0.000000	0.000000	0.500000	0.000000	0.000000	0.000000	0.000000	0.000000	0.000000
12	tsk_12	(x)	1	:	0.114248	0.398340	0.000000	0.000000	0.000000	0.000000	0.000000	0.012530	0.000000	0.474881	0.000000	0.000000	0.000000	0.000000
13	tsk_13	(x)	1	:	0.000000	0.000000	0.000000	0.000000	0.000000	0.000000	0.000000	0.000000	0.000000	0.999997	0.000003	0.000000	0.000000	0.000000
14	tsk_14	(x)	1	:	0.000000	0.000000	0.000000	0.000000	0.520295	0.000000	0.000000	0.000000	0.000000	0.477965	0.000000	0.001740	0.000000	0.000000
15	tsk_15	(x)	1	:	0.000000	0.000000	1.000000	0.000000	0.000000	0.000000	0.000000	0.000000	0.000000	0.000000	0.000000	0.000000	0.000000	0.000000
16	tsk_16	(x)	1	:	0.245858	0.248761	0.000000	0.000000	0.000000	0.000000	0.000000	0.021333	0.000000	0.000000	0.000000	0.484048	0.000000	0.000000
17	tsk_17	(x)	1	:	0.000000	0.000000	0.492812	0.000000	0.507188	0.000000	0.000000	0.000000	0.000000	0.000000	0.000000	0.000000	0.000000	0.000000
18	tsk_18	(x)	1	:	0.000000	0.000000	0.000000	0.000000	0.520465	0.000000	0.000000	0.000000	0.000000	0.478298	0.000000	0.001236	0.000000	0.000000
19	tsk_19	(x)	1	:	0.191938	0.300183	0.000000	0.000000	0.497172	0.000000	0.000000	0.010031	0.000000	0.000000	0.000000	0.000675	0.000000	0.000000
20	tsk_20	(x)	1	:	0.272390	0.222766	0.000000	0.000000	0.000000	0.000000	0.000000	0.020486	0.000000	0.000000	0.334011	0.150347	0.000000	0.000000
21	tsk_21	(x)	1	:	0.240450	0.253893	0.000000	0.000000	0.000000	0.000000	0.000000	0.021888	0.000000	0.000000	0.000000	0.483770	0.000000	0.000000
22	tsk_22	(x)	1	:	0.000000	0.000000	0.536715	0.000000	0.000000	0.000000	0.000000	0.000000	0.345624	0.000000	0.000000	0.117660	0.000000	0.000000
23	tsk_23	(x)	1	:	0.228257	0.245257	0.000000	0.000000	0.000000	0.000012	0.000000	0.001107	0.525367	0.000000	0.000000	0.000000	0.000000	0.000000
24	tsk_24	(x)	1	:	0.230502	0.264194	0.000000	0.000000	0.000000	0.000000	0.000000	0.021211	0.000000	0.000000	0.333870	0.150223	0.000000	0.000000
25	tsk_25	(x)	1	:	0.429773	0.064234	0.000000	0.000000	0.000000	0.000000	0.000000	0.022554	0.000000	0.000000	0.000000	0.483438	0.000000	0.000000
26	tsk_26	(x)	1	:	0.268621	0.225803	0.000000	0.000000	0.000000	0.000000	0.000000	0.021802	0.345986	0.000000	0.000000	0.137788	0.000000	0.000000
27	tsk_27	(x)	1	:	0.000000	0.000000	0.000000	0.000000	0.000000	0.000000	0.000000	0.000000	0.000000	0.000000	0.999705	0.000294	0.000000	0.000000
28	tsk_28	(x)	1	:	0.710192	0.289808	0.000000	0.000000	0.000000	0.000000	0.000000	0.000000	0.000000	0.000000	0.000000	0.000000	0.000000	0.000000
29	tsk_29	(x)	1	:	0.263501	0.736499	0.000000	0.000000	0.000000	0.000000	0.000000	0.000000	0.000000	0.000000	0.000000	0.000000	0.000000	0.000000
30	tsk_30	(x)	1	:	0.000000	0.000000	0.065847	0.000000	0.100211	0.000000	0.000000	0.000000	0.000000	0.000000	0.000000	0.494727	0.339215	0.000000
31	tsk_31	(x)	1	:	0.394646	0.099649	0.000000	0.000000	0.000000	0.000000	0.000000	0.021984	0.000000	0.000000	0.000000	0.483721	0.000000	0.000000
32	tsk_32	(x)	1	:	0.000000	0.000000	0.000000	0.500000	0.500000	0.000000	0.000000	0.000000	0.000000	0.000000	0.000000	0.000000	0.000000	0.000000
33	tsk_33	(x)	1	:	0.000000	0.000000	0.065736	0.500004	0.094944	0.000000	0.000000	0.000000	0.000000	0.000000	0.000000	0.000000	0.339316	0.000000
34	tsk_34	(x)	1	:	0.000000	0.000000	0.000000	1.000000	0.000000	0.000000	0.000000	0.000000	0.000000	0.000000	0.000000	0.000000	0.000000	0.000000
35	tsk_35	(x)	1	:	0.000000	0.000000	0.000000	0.559968	0.000000	0.000000	0.000000	0.000000	0.000000	0.440032	0.000000	0.000000	0.000000	0.000000
36	tsk_36	(x)	1	:	0.000000	0.000000	0.000000	0.000000	0.505290	0.000000	0.000000	0.000000	0.000000	0.000000	0.000000	0.494710	0.000000	0.000000
37	tsk_37	(x)	1	:	0.000000	0.000000	0.000000	0.000000	0.505294	0.000000	0.000000	0.000000	0.000000	0.000000	0.000000	0.494706	0.000000	0.000000
38	tsk_38	(x)	1	:	0.000000	0.000000	0.065866	0.000000	0.100211	0.000000	0.000000	0.000000	0.000000	0.000000	0.000000	0.494726	0.339197	0.000000
39	tsk_39	(x)	1	:	0.000000	0.000000	0.000000	0.000000	0.000000	0.000000	0.000000	0.000000	0.000000	0.326075	0.000000	0.673925	0.000000	0.000000
40	tsk_40	(x)	1	:	0.000000	0.000000	0.000000	0.000000	0.000000	0.000000	0.000000	0.000000	0.000000	0.000000	0.000000	0.000000	1.000000	0.000000
41	tsk_41	(x)	1	:	0.289916	0.206719	0.000000	0.000000	0.000000	0.000000	0.000000	0.017184	0.345797	0.000000	0.000000	0.140384	0.000000	0.000000
42	tsk_42	(x)	1	:	0.000000	0.000000	0.515218	0.000000	0.000000	0.000000	0.000000	0.000000	0.000000	0.000000	0.000000	0.000000	0.484782	0.000000
43	tsk_43	(x)	1	:	0.000000	0.000000	0.492810	0.000000	0.381969	0.000000	0.000000	0.000000	0.000000	0.000000	0.125221	0.000000	0.000000	0.000000
44	tsk_44	(x)	1	:	0.000000	0.000000	1.000000	0.000000	0.000000	0.000000	0.000000	0.000000	0.000000	0.000000	0.000000	0.000000	0.000000	0.000000
45	tsk_45	(x)	1	:	0.000000	0.000000	0.000000	0.000000	0.000000	0.000000	0.000000	0.000000	0.000000	0.000000	0.000000	1.000000	0.000000	0.000000
46	tsk_46	(x)	1	:	0.000000	0.000000	0.000000	0.000000	0.389681	0.000000	0.000000	0.000000	0.000000	0.000000	0.125145	0.000000	0.485173	0.000000
47	tsk_47	(x)	1	:	0.000000	0.000000	1.000000	0.000000	0.000000	0.000000	0.000000	0.000000	0.000000	0.000000	0.000000	0.000000	0.000000	0.000000
48	tsk_48	(x)	1	:	0.000000	0.000000	0.000000	0.000000	0.000000	0.000000	0.000000	0.000000	0.345877	0.000000	0.000000	0.654123	0.000000	0.000000
49	tsk_49	(x)	1	:	0.000000	0.000000	0.000000	0.000000	0.019853	0.000000	0.000000	0.000000	0.000000	0.000000	0.000000	0.494849	0.485298	0.000000
50	tsk_50	(x)	1	:	0.000000	0.000000	0.000000	0.503528	0.000000	0.000000	0.000000	0.000000	0.000000	0.000000	0.000000	0.496471	0.000000	0.000000
51	tsk_51	(x)	1	:	0.000000	0.000000	0.000000	1.000000	0.000000	0.000000	0.000000	0.000000	0.000000	0.000000	0.000000	0.000000	0.000000	0.000000
52	tsk_52	(x)	1	:	0.000000	0.000000	0.000000	1.000000	0.000000	0.000000	0.000000	0.000000	0.000000	0.000000	0.000000	0.000000	0.000000	0.000000
53	tsk_53	(x)	1	:	0.000000	0.000000	0.000000	0.000000	0.003029	0.000000	0.000000	0.000000	0.345739	0.000000	0.000000	0.142599	0.508634	0.000000
54	tsk_54	(x)	1	:	0.292289	0.207214	0.000000	0.000318	0.000000	0.000000	0.499854	0.000314	0.000000	0.000000	0.000000	0.000011	0.000000	0.000000
55	tsk_55	(x)	1	:	0.000000	0.000000	0.000000	0.001364	0.000000	0.000000	0.500124	0.000000	0.342792	0.000000	0.000000	0.155720	0.000000	0.000000
56	tsk_56	(x)	1	:	0.000000	0.000000	0.000000	0.000000	0.000000	0.000000	0.000000	0.000000	0.000000	0.000000	0.000000	0.000000	1.000000	0.000000
57	tsk_57	(x)	1	:	0.000000	0.000000	0.000000	1.000000	0.000000	0.000000	0.000000	0.000000	0.000000	0.000000	0.000000	0.000000	0.000000	0.000000
58	tsk_58	(x)	1	:	0.000000	0.000000	0.000000	1.000000	0.000000	0.000000	0.000000	0.000000	0.000000	0.000000	0.000000	0.000000	0.000000	0.000000
59	tsk_59	(x)	1	:	0.000000	0.000000	0.000000	0.503528	0.000000	0.000000	0.000000	0.000000	0.000000	0.000000	0.000000	0.496472	0.000000	0.000000
60	tsk_60	(x)	1	:	0.000000	0.000000	0.000000	0.499005	0.000000	0.000000	0.000000	0.496965	0.000000	0.000000	0.000000	0.004029	0.000000	0.000000
61	tsk_61	(x)	1	:	0.215179	0.277357	0.000000	0.000000	0.497207	0.000000	0.000000	0.009278	0.000000	0.000000	0.000000	0.000979	0.000000	0.000000
62	tsk_62	(x)	1	:	0.050467	0.449533	0.000000	0.000000	0.000000	0.000000	0.000000	0.500000	0.000000	0.000000	0.000000	0.000000	0.000000	0.000000
63	tsk_63	(x)	1	:	0.000000	0.000000	0.000000	0.499639	0.000000	0.000000	0.000000	0.498899	0.000000	0.000000	0.000000	0.001462	0.000000	0.000000
64	tsk_64	(x)	1	:	0.092284	0.407716	0.000000	0.000000	0.000000	0.000000	0.000000	0.500000	0.000000	0.000000	0.000000	0.000000	0.000000	0.000000
65	tsk_65	(x)	1	:	0.000000	0.000000	0.000000	0.000000	0.000000	0.000000	0.000000	1.000000	0.000000	0.000000	0.000000	0.000000	0.000000	0.000000
66	tsk_66	(x)	1	:	0.000000	0.000000	0.000000	0.000000	0.000000	0.000000	0.000000	1.000000	0.000000	0.000000	0.000000	0.000000	0.000000	0.000000
67	tsk_67	(x)	1	:	0.279524	0.215806	0.000000	0.498704	0.000000	0.000000	0.000000	0.005423	0.000000	0.000000	0.000000	0.000543	0.000000	0.000000
68	tsk_68	(x)	1	:	0.205364	0.294635	0.000000	0.500001	0.000000	0.000000	0.000000	0.000000	0.000000	0.000000	0.000000	0.000000	0.000000	0.000000
69	tsk_69	(x)	1	:	0.219584	0.276934	0.000000	0.499135	0.000000	0.000000	0.000000	0.004347	0.000000	0.000000	0.000000	0.000000	0.000000	0.000000
70	tsk_70	(x)	1	:	0.178745	0.284488	0.000000	0.000000	0.000003	0.000000	0.000000	0.000025	0.000000	0.000000	0.000000	0.000000	0.536738	0.000000
71	tsk_71	(x)	1	:	0.494703	0.000000	0.000000	0.000000	0.000000	0.000000	0.000000	0.021171	0.000000	0.000000	0.000000	0.484126	0.000000	0.000000
72	tsk_72	(x)	1	:	0.353819	0.144831	0.000000	0.499593	0.000000	0.000000	0.000000	0.001478	0.000000	0.000000	0.000000	0.000279	0.000000	0.000000
73	tsk_73	(x)	1	:	0.123523	0.876477	0.000000	0.000000	0.000000	0.000000	0.000000	0.000000	0.000000	0.000000	0.000000	0.000000	0.000000	0.000000
74	tsk_74	(x)	1	:	0.000000	0.000000	0.000000	0.000000	0.008840	0.000000	0.000000	0.000000	0.000000	0.000000	0.408602	0.065943	0.516615	0.000000
75	tsk_75	(x)	1	:	0.000000	0.000000	0.000000	0.503441	0.000000	0.000000	0.000000	0.000000	0.345660	0.000000	0.000000	0.150899	0.000000	0.000000
76	tsk_76	(x)	1	:	0.000000	0.000000	0.000000	0.500240	0.014350	0.000000	0.000000	0.000000	0.000000	0.000000	0.000000	0.000000	0.485410	0.000000
77	tsk_77	(x)	1	:	0.182657	0.316030	0.000000	0.499673	0.000000	0.000000	0.000000	0.001640	0.000000	0.000000	0.000000	0.000000	0.000000	0.000000
78	tsk_78	(x)	1	:	0.274116	0.223824	0.000000	0.499383	0.000000	0.000000	0.000000	0.002264	0.000000	0.000000	0.000000	0.000413	0.000000	0.000000
79	tsk_79	(x)	1	:	0.326113	0.168467	0.000000	0.000000	0.000000	0.000000	0.000000	0.021405	0.000000	0.000000	0.000000	0.484014	0.000000	0.000000
80	tsk_80	(x)	1	:	0.353782	0.146218	0.000000	0.000000	0.000000	0.000000	0.000000	0.500000	0.000000	0.000000	0.000000	0.000000	0.000000	0.000000
81	tsk_81	(x)	1	:	0.179619	0.314379	0.000000	0.000000	0.000000	0.000000	0.000000	0.022704	0.346039	0.000000	0.000000	0.137258	0.000000	0.000000
82	tsk_82	(x)	1	:	0.101853	0.390273	0.000000	0.000000	0.497169	0.000000	0.000000	0.010015	0.000000	0.000000	0.000000	0.000689	0.000000	0.000000
83	tsk_83	(x)	1	:	0.000000	0.000000	0.000000	0.000000	0.012675	0.000000	0.000000	0.497706	0.000000	0.000000	0.000000	0.004058	0.485561	0.000000
84	tsk_84	(x)	1	:	0.000000	0.000000	0.000000	0.000000	0.505157	0.000000	0.000000	0.000000	0.345648	0.000000	0.000000	0.149194	0.000000	0.000000
85	tsk_85	(x)	1	:	0.237286	0.257202	0.000000	0.000000	0.000000	0.000000	0.000000	0.021599	0.000000	0.000000	0.000000	0.483913	0.000000	0.000000
86	tsk_86	(x)	1	:	0.297875	0.702125	0.000000	0.000000	0.000000	0.000000	0.000000	0.000000	0.000000	0.000000	0.000000	0.000000	0.000000	0.000000
87	tsk_87	(x)	1	:	0.000000	0.000000	0.000000	0.000000	0.019552	0.000000	0.000000	0.000000	0.000000	0.000000	0.000000	0.495047	0.485401	0.000000
88	tsk_88	(x)	1	:	0.353133	0.141483	0.000000	0.000000	0.000000	0.000000	0.000000	0.021341	0.000000	0.000000	0.000000	0.484044	0.000000	0.000000
89	tsk_89	(x)	1	:	0.248442	0.245579	0.000000	0.000000	0.008945	0.000000	0.000000	0.009663	0.000000	0.000000	0.000000	0.000519	0.486853	0.000000
90	tsk_90	(x)	1	:	0.087609	0.406269	0.493713	0.000000	0.002922	0.000000	0.000000	0.009038	0.000000	0.000000	0.000000	0.000449	0.000000	0.000000
91	tsk_91	(x)	1	:	0.150911	0.342693	0.493281	0.000000	0.003885	0.000000	0.000000	0.008919	0.000000	0.000000	0.000000	0.000312	0.000000	0.000000
92	tsk_92	(x)	1	:	0.000000	0.000000	0.492425	0.499482	0.008092	0.000000	0.000000	0.000000	0.000000	0.000000	0.000000	0.000000	0.000000	0.000000
93	tsk_93	(x)	1	:	0.000000	0.000000	0.000000	1.000000	0.000000	0.000000	0.000000	0.000000	0.000000	0.000000	0.000000	0.000000	0.000000	0.000000
94	tsk_94	(x)	1	:	0.000000	0.000000	0.000000	1.000000	0.000000	0.000000	0.000000	0.000000	0.000000	0.000000	0.000000	0.000000	0.000000	0.000000
95	tsk_95	(x)	1	:	0.000000	0.000000	0.000000	0.500000	0.500000	0.000000	0.000000	0.000000	0.000000	0.000000	0.000000	0.000000	0.000000	0.000000
96	tsk_96	(x)	1	:	0.000000	0.000000	0.492899	0.000000	0.012226	0.000000	0.000000	0.000000	0.000000	0.000000	0.000000	0.494875	0.000000	0.000000
97	tsk_97	(x)	1	:	0.146817	0.349541	0.000000	0.498785	0.000000	0.000000	0.000000	0.003614	0.000000	0.000000	0.000000	0.001242	0.000000	0.000000
98	tsk_98	(x)	1	:	0.000000	0.000000	0.000000	0.479982	0.000000	0.000000	0.000000	0.000000	0.520018	0.000000	0.000000	0.000000	0.000000	0.000000
99	tsk_99	(x)	1	:	0.000000	0.000000	0.000000	0.485385	0.000000	0.000000	0.000000	0.000000	0.514615	0.000000	0.000000	0.000000	0.000000	0.000000
100	tsk_100	(x)	1	:	0.000000	0.000000	0.000000	0.500000	0.500000	0.000000	0.000000	0.000000	0.000000	0.000000	0.000000	0.000000	0.000000	0.000000
101	tsk_101	(x)	1	:	0.000000	0.000000	0.000000	0.503526	0.000000	0.000000	0.000000	0.000000	0.000000	0.000000	0.000000	0.496474	0.000000	0.000000
102	tsk_102	(x)	1	:	0.000000	0.000000	0.063327	0.000000	0.100322	0.000000	0.000000	0.000000	0.000000	0.000000	0.000000	0.494715	0.341636	0.000000
103	tsk_103	(x)	1	:	0.000000	0.000000	0.000000	0.000000	0.000000	0.000000	0.000000	0.000000	0.000000	0.000000	0.000000	1.000000	0.000000	0.000000
104	tsk_104	(x)	1	:	0.000000	0.000000	0.000000	0.500000	0.499999	0.000000	0.000000	0.000000	0.000000	0.000000	0.000000	0.000000	0.000000	0.000000
105	tsk_105	(x)	1	:	0.000000	0.000000	0.000000	0.503527	0.000000	0.000000	0.000000	0.000000	0.000000	0.000000	0.000000	0.496473	0.000000	0.000000
106	tsk_106	(x)	1	:	0.000000	0.000000	0.000000	0.503526	0.000000	0.000000	0.000000	0.000000	0.000000	0.000000	0.000000	0.496474	0.000000	0.000000
107	tsk_107	(x)	1	:	0.000000	0.000000	0.000000	0.503526	0.000000	0.000000	0.000000	0.000000	0.000000	0.000000	0.000000	0.496474	0.000000	0.000000
108	tsk_108	(x)	1	:	0.186778	0.813222	0.000000	0.000000	0.000000	0.000000	0.000000	0.000000	0.000000	0.000000	0.000000	0.000000	0.000000	0.000000
109	tsk_109	(x)	1	:	0.000000	0.000000	0.000000	0.503526	0.000000	0.000000	0.000000	0.000000	0.000000	0.000000	0.000000	0.496474	0.000000	0.000000
110	tsk_110	(x)	1	:	0.000000	0.000000	0.000000	0.000000	0.000000	1.000000	0.000000	0.000000	0.000000	0.000000	0.000000	0.000000	0.000000	0.000000
111	tsk_111	(x)	1	:	0.000862	0.000480	0.000000	0.000000	0.497140	0.496843	0.000000	0.004223	0.000000	0.000000	0.000000	0.000452	0.000000	0.000000
112	tsk_112	(x)	1	:	0.250563	0.244074	0.000000	0.000000	0.000000	0.000000	0.000000	0.021300	0.000000	0.000000	0.000000	0.484063	0.000000	0.000000
113	tsk_113	(x)	1	:	0.214855	0.258860	0.000000	0.000000	0.000000	0.000012	0.000000	0.000828	0.525444	0.000000	0.000000	0.000000	0.000000	0.000000
114	tsk_114	(x)	1	:	0.212148	0.287862	0.000000	0.000000	0.000000	0.499989	0.000000	0.000000	0.000000	0.000000	0.000000	0.000000	0.000000	0.000000
115	tsk_115	(x)	1	:	0.000000	0.000000	0.530462	0.469538	0.000000	0.000000	0.000000	0.000000	0.000000	0.000000	0.000000	0.000000	0.000000	0.000000
116	tsk_116	(x)	1	:	0.327281	0.168186	0.000000	0.000000	0.000000	0.000000	0.000000	0.019634	0.000000	0.000000	0.000000	0.484899	0.000000	0.000000
117	tsk_117	(x)	1	:	0.000000	0.000000	0.000000	0.000000	0.474336	0.000000	0.000000	0.000000	0.525664	0.000000	0.000000	0.000001	0.000000	0.000000
118	tsk_118	(x)	1	:	0.205157	0.794843	0.000000	0.000000	0.000000	0.000000	0.000000	0.000000	0.000000	0.000000	0.000000	0.000000	0.000000	0.000000
119	tsk_119	(x)	1	:	0.337549	0.157081	0.000000	0.000000	0.000000	0.000000	0.000000	0.021308	0.000000	0.000000	0.000000	0.484062	0.000000	0.000000
120	tsk_120	(x)	1	:	0.000000	0.000000	0.000000	0.000000	0.000000	0.000000	0.000000	0.000000	0.000000	0.000000	0.000000	0.000000	1.000000	0.000000
121	tsk_121	(x)	1	:	0.000000	0.000000	0.000007	0.000000	0.000000	0.000000	0.000000	0.000000	0.000000	0.000000	0.000000	0.000000	0.999993	0.000000
122	tsk_122	(x)	1	:	0.000000	0.000000	0.000000	0.000000	0.487783	0.000000	0.000000	0.000000	0.000000	0.000000	0.000000	0.000000	0.512217	0.000000
123	tsk_123	(x)	1	:	0.235547	0.227220	0.000000	0.000000	0.000000	0.000000	0.000000	0.000180	0.000000	0.000000	0.000000	0.000000	0.537052	0.000000
124	tsk_124	(x)	1	:	0.000000	0.000000	0.000000	0.000000	0.000000	0.000000	0.000000	0.000000	0.000000	0.000000	0.000000	0.000000	1.000000	0.000000
125	tsk_125	(x)	1	:	0.000000	0.000000	0.000000	0.000000	0.000000	0.000000	0.000000	0.000000	0.000000	0.000000	0.000000	0.000000	1.000000	0.000000
126	tsk_126	(x)	1	:	0.000000	0.000000	0.000000	0.000000	0.402047	0.000000	0.000000	0.000000	0.000000	0.000000	0.000000	0.597953	0.000000	0.000000
127	tsk_127	(x)	1	:	0.155162	0.307597	0.000000	0.000000	0.000000	0.000000	0.000000	0.000190	0.000000	0.000000	0.000000	0.000000	0.537051	0.000000
128	tsk_128	(x)	1	:	0.000000	0.000000	0.000003	0.000000	0.000000	0.000000	0.000000	0.000000	0.000000	0.000000	0.000000	0.000000	0.999997	0.000000
129	tsk_129	(x)	1	:	0.000000	0.000000	0.000000	0.000000	0.402047	0.000000	0.000000	0.000000	0.000000	0.000000	0.000000	0.597953	0.000000	0.000000
130	tsk_130	(x)	1	:	0.173474	0.315821	0.000000	0.000000	0.000036	0.000000	0.000000	0.005547	0.000000	0.000000	0.000000	0.000059	0.505064	0.000000
131	tsk_131	(x)	1	:	0.157715	0.331860	0.000000	0.000000	0.000056	0.000000	0.000000	0.005231	0.000000	0.000000	0.000000	0.000038	0.505099	0.000000
132	tsk_132	(x)	1	:	0.118387	0.373579	0.000000	0.000000	0.497221	0.000000	0.000000	0.010437	0.000000	0.000000	0.000000	0.000377	0.000000	0.000000
133	tsk_133	(x)	1	:	0.357072	0.642928	0.000000	0.000000	0.000000	0.000000	0.000000	0.000000	0.000000	0.000000	0.000000	0.000000	0.000000	0.000000
134	tsk_134	(x)	1	:	0.191909	0.297657	0.000000	0.000000	0.000058	0.000000	0.000000	0.005208	0.000000	0.000000	0.000000	0.000077	0.505092	0.000000
135	tsk_135	(x)	1	:	0.214384	0.278075	0.000000	0.000000	0.497214	0.000000	0.000000	0.009445	0.000000	0.000000	0.000000	0.000882	0.000000	0.000000
136	tsk_136	(x)	1	:	0.000000	0.000000	0.000000	0.000000	1.000000	0.000000	0.000000	0.000000	0.000000	0.000000	0.000000	0.000000	0.000000	0.000000
137	tsk_137	(x)	1	:	0.222025	0.267533	0.000000	0.000000	0.000063	0.000000	0.000000	0.005220	0.000000	0.000000	0.000000	0.000070	0.505089	0.000000
138	tsk_138	(x)	1	:	0.000000	0.000000	0.000000	0.000000	0.487783	0.000000	0.000000	0.000000	0.000000	0.000000	0.000000	0.000000	0.512217	0.000000
139	tsk_139	(x)	1	:	0.209365	0.289803	0.000000	0.000328	0.000000	0.000000	0.499780	0.000718	0.000000	0.000000	0.000000	0.000007	0.000000	0.000000
140	tsk_140	(x)	1	:	0.000000	0.000000	0.000000	0.000000	0.467174	0.000000	0.000000	0.000000	0.532826	0.000000	0.000000	0.000000	0.000000	0.000000
141	tsk_141	(x)	1	:	0.000000	0.000000	0.000000	0.000000	0.000000	0.000000	0.000000	0.000000	1.000000	0.000000	0.000000	0.000000	0.000000	0.000000
142	tsk_142	(x)	1	:	0.000000	0.000000	0.000000	0.000000	0.505295	0.000000	0.000000	0.000000	0.000000	0.000000	0.000000	0.494705	0.000000	0.000000
143	tsk_143	(x)	1	:	0.150393	0.342012	0.000000	0.000000	0.497241	0.000000	0.000000	0.009604	0.000000	0.000000	0.000000	0.000750	0.000000	0.000000
144	tsk_144	(x)	1	:	0.000000	0.000000	0.000000	0.000000	0.000000	0.000000	0.000000	0.000000	0.000000	0.000000	0.000000	1.000000	0.000000	0.000000
145	tsk_145	(x)	1	:	0.000000	0.000000	0.000000	0.000000	0.000000	0.000000	0.000000	0.000000	0.509929	0.000000	0.000000	0.000000	0.490071	0.000000
146	tsk_146	(x)	1	:	0.000000	0.000000	0.000000	0.000000	0.467174	0.000000	0.000000	0.000000	0.532825	0.000000	0.000000	0.000000	0.000000	0.000000
147	tsk_147	(x)	1	:	0.000000	0.000000	0.000000	0.000000	0.000941	0.000000	0.000000	0.000000	0.000000	0.000000	0.000000	0.489633	0.509425	0.000000
148	tsk_148	(x)	1	:	0.000000	0.000000	0.000000	0.000000	0.000000	0.000000	0.000000	0.000000	0.584089	0.000000	0.000000	0.415911	0.000000	0.000000
149	tsk_149	(x)	1	:	0.000000	0.000000	0.000000	0.000000	0.505291	0.000000	0.000000	0.000000	0.000000	0.000000	0.000000	0.494709	0.000000	0.000000
