logL = -592.195921 (converged)
AIC = 5564.391841
BIC = 12157.683136

count.K
22 4 19 3 7 1 7 9 11 17 13 30 7 

