logL = -696.834251 (converged)
AIC = 4021.668502
BIC = 7977.643279

count.K
7 6 5 26 24 4 75 3 

