logL = -987.112073 (converged)
AIC = 3906.224146
BIC = 6814.497840

count.K
27 33 43 10 18 19 

