logL = -1186.305053 (converged)
AIC = 7012.610107
BIC = 13997.283989

count.K
11 6 11 14 0 10 15 8 27 26 15 2 5 

