logL = -1732.300101 (converged)
AIC = 7476.600202
BIC = 13515.934602

count.K
6 18 1 28 16 16 22 16 12 13 2 

