logL = -1706.015007 (converged)
AIC = 6408.030014
BIC = 10917.961685

count.K
6 18 44 36 30 13 3 0 

