logL = -2176.766957 (converged)
AIC = 6853.533914
BIC = 10616.828031

count.K
6 26 15 8 43 12 40 

