logL = -1150.300851 (converged)
AIC = 7018.601703
BIC = 14120.690362

count.K
5 31 18 1 12 28 17 5 0 3 7 5 18 

