logL = -1017.650463 (converged)
AIC = 5959.300925
BIC = 11866.167372

count.K
2 20 17 1 6 27 7 18 9 19 24 

