logL = -1821.492331 (converged)
AIC = 4862.984661
BIC = 6699.472190

count.K
30 5 77 38 

