logL = -866.295451 (converged)
AIC = 4424.590902
BIC = 8476.906008

count.K
20 8 6 5 5 29 53 24 

