logL = -1075.313027 (converged)
AIC = 6482.626054
BIC = 13003.662101

count.K
14 1 14 34 33 13 7 5 4 16 8 1 

