logL = -881.287045 (converged)
AIC = 5902.574090
BIC = 12134.589149

count.K
0 21 15 31 16 9 12 0 12 12 10 12 

