logL = -2724.672009 (converged)
AIC = 7669.344018
BIC = 11011.149195

count.K
39 27 24 23 15 22 

