logL = -866.368301 (converged)
AIC = 6216.736603
BIC = 12966.580932

count.K
13 16 5 8 7 3 9 7 10 12 48 4 8 

