logL = -914.220893 (converged)
AIC = 5510.441785
BIC = 11053.021361

count.K
5 0 24 3 14 2 0 18 26 31 27 

