logL = -1456.714291 (converged)
AIC = 6793.428582
BIC = 12634.061052

count.K
24 13 9 1 25 29 9 5 11 21 3 

