logL = -1052.398473 (converged)
AIC = 4844.796946
BIC = 8969.367299

count.K
15 6 14 16 67 22 4 6 

