logL = -1446.814565 (converged)
AIC = 5809.629130
BIC = 10199.135389

count.K
22 31 26 14 24 1 11 21 

