logL = -1756.232902 (converged)
AIC = 6444.465803
BIC = 10858.057145

count.K
2 7 10 36 3 27 28 37 

