logL = -983.751642 (converged)
AIC = 6659.503284
BIC = 13722.453684

count.K
17 11 20 11 26 2 8 13 1 6 2 25 8 

