logL = -924.211406 (converged)
AIC = 5684.422813
BIC = 11458.821307

count.K
2 38 3 19 2 9 6 16 8 38 9 

