logL = -1049.261717 (converged)
AIC = 5200.523434
BIC = 9870.018776

count.K
19 27 23 15 11 24 4 10 17 

