logL = -938.509879 (converged)
AIC = 5779.019757
BIC = 11652.769216

count.K
0 24 10 5 4 2 17 9 35 29 15 

