logL = -1494.999990 (converged)
AIC = 5633.999981
BIC = 9614.059840

count.K
14 5 13 19 10 16 21 52 

