logL = -2680.157243 (converged)
AIC = 10716.314487
BIC = 18778.795804

count.K
8 28 1 9 15 3 16 24 5 4 4 19 5 9 

