logL = -1977.402990 (converged)
AIC = 9244.805979
BIC = 17207.936332

count.K
25 17 16 26 0 15 1 0 14 19 14 1 2 

