logL = -1407.868293 (converged)
AIC = 5189.736586
BIC = 8763.360680

count.K
1 19 30 33 31 18 18 

