logL = -1326.313983 (converged)
AIC = 6272.627967
BIC = 11721.877849

count.K
31 9 7 3 9 19 24 8 24 16 

