logL = -1683.519822 (converged)
AIC = 9067.039644
BIC = 17647.350232

count.K
3 2 0 0 0 8 8 4 36 5 27 1 26 13 17 

