logL = -2370.169058 (converged)
AIC = 5664.338116
BIC = 7055.251622

count.K
26 97 27 

