logL = -797.244771 (converged)
AIC = 5408.489542
BIC = 11149.771048

count.K
15 19 2 1 24 3 4 24 2 9 47 

