logL = -1765.548830 (converged)
AIC = 5619.097661
BIC = 8762.200908

count.K
29 23 2 44 40 12 

