logL = -779.559075 (converged)
AIC = 5241.118150
BIC = 10783.697726

count.K
13 3 1 0 18 62 12 9 6 24 2 

