logL = -2513.762437 (converged)
AIC = 6287.524873
BIC = 8184.225109

count.K
16 34 44 56 

