logL = -2161.730018 (converged)
AIC = 9539.460035
BIC = 17391.196882

count.K
3 5 25 37 5 11 21 2 7 8 2 9 10 5 

