logL = -2375.352964 (converged)
AIC = 6790.705929
BIC = 9861.553929

count.K
18 52 54 0 19 7 

