logL = -2078.988844 (converged)
AIC = 5105.977689
BIC = 6533.018818

count.K
33 43 74 

