logL = -838.846059 (converged)
AIC = 6445.692119
BIC = 13623.046660

count.K
19 4 3 12 8 5 18 2 1 2 20 9 41 6 

