logL = -999.815158 (converged)
AIC = 6899.630316
BIC = 14275.686787

count.K
5 12 3 3 10 7 20 3 35 7 14 20 11 

