0	tsk_0	(x)	1	:	0.000000	0.000000	0.000000	0.000000	0.000000	0.000000	0.000000	0.512247	0.000000	0.487753
1	tsk_1	(x)	1	:	0.000000	0.550006	0.000000	0.425300	0.000000	0.000000	0.000000	0.000000	0.000000	0.024694
2	tsk_2	(x)	1	:	0.000000	1.000000	0.000000	0.000000	0.000000	0.000000	0.000000	0.000000	0.000000	0.000000
3	tsk_3	(x)	1	:	0.000000	0.550009	0.000000	0.425309	0.000000	0.000000	0.000000	0.000000	0.000000	0.024682
4	tsk_4	(x)	1	:	0.000000	1.000000	0.000000	0.000000	0.000000	0.000000	0.000000	0.000000	0.000000	0.000000
5	tsk_5	(x)	1	:	0.000000	0.507148	0.000000	0.000000	0.000000	0.000000	0.000000	0.492852	0.000000	0.000000
6	tsk_6	(x)	1	:	0.000000	0.552852	0.000000	0.000000	0.000000	0.000000	0.000000	0.000000	0.000000	0.447148
7	tsk_7	(x)	1	:	0.000000	0.561029	0.000000	0.000000	0.000000	0.000000	0.000000	0.000000	0.438971	0.000000
8	tsk_8	(x)	1	:	0.000000	0.552850	0.000000	0.000000	0.000000	0.000000	0.000000	0.000000	0.000000	0.447150
9	tsk_9	(x)	1	:	0.000000	0.388258	0.000000	0.000000	0.000000	0.000000	0.000000	0.000000	0.000000	0.611742
10	tsk_10	(x)	1	:	0.000000	0.000000	0.000000	0.000000	0.000000	0.000000	0.000000	0.512247	0.000000	0.487753
11	tsk_11	(x)	1	:	0.000000	0.339053	0.000000	0.635069	0.000000	0.000000	0.000000	0.000000	0.000016	0.025862
12	tsk_12	(x)	1	:	0.000000	0.000000	0.485456	0.514537	0.000000	0.000000	0.000000	0.000000	0.000000	0.000006
13	tsk_13	(x)	1	:	0.000000	0.000000	0.000000	1.000000	0.000000	0.000000	0.000000	0.000000	0.000000	0.000000
14	tsk_14	(x)	1	:	0.000000	0.000000	0.491449	0.000000	0.000000	0.000000	0.000000	0.508551	0.000000	0.000000
15	tsk_15	(x)	1	:	0.000000	0.000000	0.468064	0.000000	0.000000	0.000000	0.000000	0.000000	0.000000	0.531936
16	tsk_16	(x)	1	:	0.000000	0.000000	1.000000	0.000000	0.000000	0.000000	0.000000	0.000000	0.000000	0.000000
17	tsk_17	(x)	1	:	0.000000	0.000000	0.000000	0.000000	0.000000	0.000000	0.000000	1.000000	0.000000	0.000000
18	tsk_18	(x)	1	:	0.000000	0.000000	0.000000	0.508678	0.000000	0.000000	0.000000	0.491322	0.000000	0.000000
19	tsk_19	(x)	1	:	0.000000	0.000000	0.000000	0.000000	0.000000	0.000000	0.000000	1.000000	0.000000	0.000000
20	tsk_20	(x)	1	:	0.000000	0.000000	0.000000	0.000000	0.000000	0.000000	0.000000	0.000000	0.000000	1.000000
21	tsk_21	(x)	1	:	0.000000	0.000000	0.000000	0.000000	0.000000	0.000000	0.460350	0.539650	0.000000	0.000000
22	tsk_22	(x)	1	:	0.000000	0.000000	0.000000	0.000000	0.000000	0.000000	0.000000	0.000000	0.000000	1.000000
23	tsk_23	(x)	1	:	0.000000	0.507120	0.000000	0.000000	0.000000	0.000000	0.000000	0.492880	0.000000	0.000000
24	tsk_24	(x)	1	:	0.000000	0.000000	0.000000	0.000000	0.000000	0.000000	0.571728	0.428272	0.000000	0.000000
25	tsk_25	(x)	1	:	0.000000	0.000000	0.000000	0.000000	0.000000	0.000000	0.000000	0.512247	0.000000	0.487753
26	tsk_26	(x)	1	:	0.000000	0.000000	0.000000	0.000000	0.000000	0.000000	0.000000	0.512247	0.000000	0.487753
27	tsk_27	(x)	1	:	0.000000	0.000000	0.000000	0.000000	0.000000	0.000000	0.555798	0.000000	0.000000	0.444201
28	tsk_28	(x)	1	:	0.000000	0.667612	0.000000	0.000000	0.000000	0.000000	0.000000	0.000000	0.162137	0.170251
29	tsk_29	(x)	1	:	0.000000	0.000000	0.000000	0.000000	0.000000	0.000000	0.000000	0.000000	0.000000	1.000000
30	tsk_30	(x)	1	:	0.000000	0.561028	0.000000	0.000000	0.000000	0.000000	0.000000	0.000000	0.438972	0.000000
31	tsk_31	(x)	1	:	0.000000	0.000000	0.497312	0.179190	0.000000	0.000000	0.000000	0.000000	0.000000	0.323498
32	tsk_32	(x)	1	:	0.000000	0.000000	0.493120	0.000000	0.000000	0.506792	0.000088	0.000000	0.000000	0.000000
33	tsk_33	(x)	1	:	0.000000	0.849150	0.000000	0.000000	0.000000	0.000000	0.000000	0.000000	0.013851	0.136999
34	tsk_34	(x)	1	:	0.000000	0.000000	0.000000	0.000000	0.000000	0.496062	0.000000	0.503938	0.000000	0.000000
35	tsk_35	(x)	1	:	0.000000	0.507620	0.000000	0.000000	0.000000	0.492380	0.000000	0.000000	0.000000	0.000000
36	tsk_36	(x)	1	:	0.000000	0.483283	0.000000	0.000000	0.000000	0.000000	0.516717	0.000000	0.000000	0.000000
37	tsk_37	(x)	1	:	0.000000	1.000000	0.000000	0.000000	0.000000	0.000000	0.000000	0.000000	0.000000	0.000000
38	tsk_38	(x)	1	:	0.000000	1.000000	0.000000	0.000000	0.000000	0.000000	0.000000	0.000000	0.000000	0.000000
39	tsk_39	(x)	1	:	0.000000	0.251667	0.000000	0.000000	0.000000	0.000000	0.430877	0.000000	0.317456	0.000000
40	tsk_40	(x)	1	:	0.000000	0.000000	0.000000	0.425261	0.000000	0.000000	0.000000	0.000000	0.481425	0.093314
41	tsk_41	(x)	1	:	0.000000	0.551471	0.000000	0.178845	0.000000	0.000000	0.000000	0.000000	0.000000	0.269684
42	tsk_42	(x)	1	:	0.000000	0.000000	0.000000	0.320552	0.000000	0.000000	0.000000	0.000000	0.000000	0.679448
43	tsk_43	(x)	1	:	0.000000	0.000001	0.000000	0.000000	0.000000	0.508088	0.000119	0.000001	0.483442	0.008350
44	tsk_44	(x)	1	:	0.000000	1.000000	0.000000	0.000000	0.000000	0.000000	0.000000	0.000000	0.000000	0.000000
45	tsk_45	(x)	1	:	0.000000	0.000000	0.000000	0.179146	0.000000	0.508206	0.000166	0.000001	0.000000	0.312481
46	tsk_46	(x)	1	:	0.000000	0.000000	0.000000	0.000000	0.000000	0.000000	0.000000	0.000000	1.000000	0.000000
47	tsk_47	(x)	1	:	0.000000	0.000000	0.000000	0.000000	0.000000	1.000000	0.000000	0.000000	0.000000	0.000000
48	tsk_48	(x)	1	:	0.000000	0.000000	0.000000	0.000000	0.000000	0.508129	0.000080	0.000001	0.483509	0.008281
49	tsk_49	(x)	1	:	0.000000	0.000000	0.000000	0.000000	0.000000	0.470318	0.000022	0.000000	0.000000	0.529660
50	tsk_50	(x)	1	:	0.000000	0.000000	0.000000	0.000000	0.000000	0.000000	1.000000	0.000000	0.000000	0.000000
51	tsk_51	(x)	1	:	0.000000	0.000000	0.000000	0.000000	0.000000	0.000000	0.498232	0.000000	0.000000	0.501768
52	tsk_52	(x)	1	:	0.000000	0.000000	0.491188	0.000000	0.494334	0.000000	0.000000	0.014478	0.000000	0.000000
53	tsk_53	(x)	1	:	0.000000	0.000000	0.000000	0.000000	0.000000	0.000000	1.000000	0.000000	0.000000	0.000000
54	tsk_54	(x)	1	:	0.000000	0.238433	0.458592	0.000000	0.000000	0.000000	0.000000	0.000000	0.302975	0.000000
55	tsk_55	(x)	1	:	0.000000	0.506160	0.000000	0.000000	0.488785	0.000000	0.000000	0.005055	0.000000	0.000000
56	tsk_56	(x)	1	:	0.000000	0.000000	0.000000	0.000000	0.000000	0.000000	1.000000	0.000000	0.000000	0.000000
57	tsk_57	(x)	1	:	0.000000	0.000000	0.000000	0.000000	0.000000	0.437322	0.562678	0.000000	0.000000	0.000000
58	tsk_58	(x)	1	:	0.000000	0.000000	0.468361	0.000000	0.000000	0.000000	0.531639	0.000000	0.000000	0.000000
59	tsk_59	(x)	1	:	0.000000	0.238433	0.458592	0.000000	0.000000	0.000000	0.000000	0.000000	0.302975	0.000000
60	tsk_60	(x)	1	:	0.000000	0.000000	0.000000	0.000000	0.596216	0.000000	0.403755	0.000028	0.000000	0.000000
61	tsk_61	(x)	1	:	0.000000	0.507622	0.000000	0.000000	0.000000	0.492378	0.000000	0.000000	0.000000	0.000000
62	tsk_62	(x)	1	:	0.000000	0.000000	0.000000	0.000000	0.000000	0.000000	0.000000	0.000000	0.417427	0.582573
63	tsk_63	(x)	1	:	0.000000	0.000000	0.000000	0.000000	1.000000	0.000000	0.000000	0.000000	0.000000	0.000000
64	tsk_64	(x)	1	:	0.000000	0.000000	0.000000	0.000000	0.000000	0.000000	0.000000	0.432867	0.000000	0.567133
65	tsk_65	(x)	1	:	0.000000	0.000000	0.000000	0.000000	0.000000	0.000000	0.000000	0.000000	1.000000	0.000000
66	tsk_66	(x)	1	:	0.000000	1.000000	0.000000	0.000000	0.000000	0.000000	0.000000	0.000000	0.000000	0.000000
67	tsk_67	(x)	1	:	0.000000	0.334702	0.000000	0.000000	0.000000	0.000000	0.000000	0.000000	0.665298	0.000000
68	tsk_68	(x)	1	:	0.000000	0.000000	0.000000	0.000000	0.000000	0.470317	0.000024	0.000000	0.000000	0.529659
69	tsk_69	(x)	1	:	0.000000	0.000000	0.000000	0.000000	0.000000	0.000000	0.000000	0.000000	0.000000	1.000000
70	tsk_70	(x)	1	:	0.503552	0.000000	0.000000	0.000000	0.000000	0.488497	0.000000	0.007951	0.000000	0.000000
71	tsk_71	(x)	1	:	0.000000	0.000000	0.493122	0.000000	0.000000	0.506798	0.000080	0.000000	0.000000	0.000000
72	tsk_72	(x)	1	:	0.000000	0.000000	1.000000	0.000000	0.000000	0.000000	0.000000	0.000000	0.000000	0.000000
73	tsk_73	(x)	1	:	0.000000	0.000000	0.000000	1.000000	0.000000	0.000000	0.000000	0.000000	0.000000	0.000000
74	tsk_74	(x)	1	:	0.000000	0.000000	1.000000	0.000000	0.000000	0.000000	0.000000	0.000000	0.000000	0.000000
75	tsk_75	(x)	1	:	0.000000	0.340037	0.496955	0.000000	0.000000	0.000000	0.000000	0.000000	0.000024	0.162984
76	tsk_76	(x)	1	:	0.000000	0.625213	0.000000	0.000000	0.000000	0.000000	0.000000	0.000000	0.001260	0.373526
77	tsk_77	(x)	1	:	0.000000	0.000000	0.498502	0.000000	0.000000	0.000000	0.501498	0.000000	0.000000	0.000000
78	tsk_78	(x)	1	:	0.000000	0.507178	0.000000	0.000000	0.000000	0.000000	0.000000	0.492822	0.000000	0.000000
79	tsk_79	(x)	1	:	0.000000	0.339924	0.000000	0.000000	0.000000	0.507716	0.000172	0.000000	0.000024	0.152164
80	tsk_80	(x)	1	:	0.000000	0.000000	1.000000	0.000000	0.000000	0.000000	0.000000	0.000000	0.000000	0.000000
81	tsk_81	(x)	1	:	0.000000	0.000000	0.489730	0.510270	0.000000	0.000000	0.000000	0.000000	0.000000	0.000000
82	tsk_82	(x)	1	:	0.000000	0.000000	0.000000	0.000000	0.000000	0.000000	0.583224	0.416776	0.000000	0.000000
83	tsk_83	(x)	1	:	0.000000	0.339887	0.000000	0.000000	0.000000	0.000000	0.000000	0.511059	0.000000	0.149053
84	tsk_84	(x)	1	:	0.000000	0.000000	0.000000	0.000000	0.000000	0.000000	0.000000	1.000000	0.000000	0.000000
85	tsk_85	(x)	1	:	0.000000	0.339913	0.000000	0.000000	0.000000	0.000000	0.496440	0.000000	0.000023	0.163624
86	tsk_86	(x)	1	:	0.000000	0.000000	0.000000	0.537867	0.000000	0.000000	0.000000	0.462133	0.000000	0.000000
87	tsk_87	(x)	1	:	0.000000	0.000000	0.000000	0.000000	0.000000	0.000000	0.460350	0.539650	0.000000	0.000000
88	tsk_88	(x)	1	:	0.000000	0.000000	0.527261	0.000000	0.000000	0.000000	0.000000	0.000000	0.472431	0.000308
89	tsk_89	(x)	1	:	0.000000	0.339813	0.529305	0.000000	0.000000	0.000000	0.000000	0.000000	0.000018	0.130864
90	tsk_90	(x)	1	:	0.000000	0.500924	0.000000	0.000000	0.000000	0.000000	0.000000	0.000000	0.304363	0.194713
91	tsk_91	(x)	1	:	0.000000	0.000000	0.000000	0.000000	0.000000	0.000000	1.000000	0.000000	0.000000	0.000000
92	tsk_92	(x)	1	:	0.000000	0.000000	0.000000	0.000000	0.000000	0.000000	0.000000	0.000000	0.000000	1.000000
93	tsk_93	(x)	1	:	0.000000	0.332965	0.000000	0.000000	0.000000	0.000000	0.000000	0.000000	0.529505	0.137530
94	tsk_94	(x)	1	:	0.000000	0.521689	0.000000	0.000000	0.000000	0.000000	0.478311	0.000000	0.000000	0.000000
95	tsk_95	(x)	1	:	0.000000	0.000000	0.000000	0.000000	0.000000	0.000000	1.000000	0.000000	0.000000	0.000000
96	tsk_96	(x)	1	:	0.508485	0.000000	0.000000	0.000000	0.000000	0.000000	0.000016	0.005731	0.482703	0.003064
97	tsk_97	(x)	1	:	0.000000	0.000000	0.000000	0.000000	0.000000	0.000000	0.435784	0.000000	0.000000	0.564216
98	tsk_98	(x)	1	:	0.000000	0.000000	0.000000	0.000000	0.000000	0.000000	0.000000	0.481899	0.518101	0.000000
99	tsk_99	(x)	1	:	0.000000	0.521701	0.000000	0.000000	0.000000	0.000000	0.478299	0.000000	0.000000	0.000000
100	tsk_100	(x)	1	:	0.494823	0.503445	0.000000	0.000000	0.000000	0.000000	0.000000	0.001732	0.000000	0.000000
101	tsk_101	(x)	1	:	0.000000	0.625231	0.000000	0.000000	0.000000	0.000000	0.000000	0.000000	0.001225	0.373544
102	tsk_102	(x)	1	:	0.526367	0.000000	0.000000	0.000000	0.000000	0.000000	0.000000	0.473633	0.000000	0.000000
103	tsk_103	(x)	1	:	0.000000	0.625223	0.000000	0.000000	0.000000	0.000000	0.000000	0.000000	0.001241	0.373536
104	tsk_104	(x)	1	:	0.000000	0.339887	0.000000	0.000000	0.000000	0.000000	0.000000	0.511059	0.000000	0.149053
105	tsk_105	(x)	1	:	0.000000	0.000000	0.000000	0.000000	0.000000	0.000000	0.000000	1.000000	0.000000	0.000000
106	tsk_106	(x)	1	:	0.000000	0.000000	0.000000	0.000000	0.000000	0.000000	0.000000	1.000000	0.000000	0.000000
107	tsk_107	(x)	1	:	0.000000	0.000000	0.000000	0.000000	0.000000	0.000000	0.000000	1.000000	0.000000	0.000000
108	tsk_108	(x)	1	:	0.000000	0.339887	0.000000	0.000000	0.000000	0.000000	0.000000	0.511059	0.000000	0.149053
109	tsk_109	(x)	1	:	0.000000	0.000000	0.000000	0.000000	0.000000	0.000000	0.000000	1.000000	0.000000	0.000000
110	tsk_110	(x)	1	:	0.000000	0.000000	0.000000	0.000000	0.442267	0.557685	0.000000	0.000048	0.000000	0.000000
111	tsk_111	(x)	1	:	0.000000	0.000000	0.000000	0.000000	0.000000	0.000000	0.498232	0.000000	0.000000	0.501768
112	tsk_112	(x)	1	:	0.000000	0.000000	0.498502	0.000000	0.000000	0.000000	0.501498	0.000000	0.000000	0.000000
113	tsk_113	(x)	1	:	0.000000	0.000000	0.000000	0.000000	0.000000	0.000000	0.498232	0.000000	0.000000	0.501768
114	tsk_114	(x)	1	:	0.000000	0.000000	0.000000	0.425466	0.000000	0.000000	0.496212	0.000000	0.000000	0.078322
115	tsk_115	(x)	1	:	0.000000	0.551480	0.000000	0.178831	0.000000	0.000000	0.000000	0.000000	0.000000	0.269690
116	tsk_116	(x)	1	:	0.000000	0.000000	0.000000	0.000000	0.000000	0.594987	0.405012	0.000000	0.000000	0.000000
117	tsk_117	(x)	1	:	0.000000	0.000000	0.000000	0.000000	0.496170	0.000000	0.459784	0.044047	0.000000	0.000000
118	tsk_118	(x)	1	:	0.000000	0.506161	0.000000	0.000000	0.488807	0.000000	0.000000	0.005032	0.000000	0.000000
119	tsk_119	(x)	1	:	0.000000	0.000000	0.496602	0.000000	0.000000	0.503398	0.000000	0.000000	0.000000	0.000000
120	tsk_120	(x)	1	:	0.000000	0.000000	0.000000	1.000000	0.000000	0.000000	0.000000	0.000000	0.000000	0.000000
121	tsk_121	(x)	1	:	0.000000	0.000000	0.000000	0.634922	0.000000	0.000000	0.000000	0.000000	0.000000	0.365078
122	tsk_122	(x)	1	:	0.000000	0.000001	0.000000	0.000000	0.000000	0.000000	0.496738	0.000000	0.482821	0.020440
123	tsk_123	(x)	1	:	0.000000	0.000000	0.000000	0.422162	0.000000	0.000000	0.000000	0.509814	0.000000	0.068024
124	tsk_124	(x)	1	:	0.000000	0.000000	0.472117	0.000000	0.000000	0.000000	0.527883	0.000000	0.000000	0.000000
125	tsk_125	(x)	1	:	0.000000	0.000000	0.530033	0.000000	0.000000	0.000000	0.000000	0.000000	0.000000	0.469967
126	tsk_126	(x)	1	:	0.000000	0.000000	0.000000	0.425477	0.000000	0.000000	0.496218	0.000000	0.000000	0.078305
127	tsk_127	(x)	1	:	0.000000	0.000000	0.000000	0.308722	0.000000	0.507922	0.000048	0.000000	0.000000	0.183308
128	tsk_128	(x)	1	:	0.000000	0.000000	0.000000	0.429801	0.000000	0.000000	0.000000	0.000000	0.000000	0.570199
129	tsk_129	(x)	1	:	0.000000	0.000000	0.000000	0.000000	0.000000	0.000000	0.000000	1.000000	0.000000	0.000000
130	tsk_130	(x)	1	:	0.000000	0.000006	0.529495	0.000000	0.000000	0.000000	0.000000	0.000000	0.239169	0.231330
131	tsk_131	(x)	1	:	0.000000	0.339815	0.529305	0.000000	0.000000	0.000000	0.000000	0.000000	0.000011	0.130868
132	tsk_132	(x)	1	:	0.000000	0.000000	0.517926	0.000000	0.000000	0.481976	0.000098	0.000000	0.000000	0.000000
133	tsk_133	(x)	1	:	0.000000	0.000000	1.000000	0.000000	0.000000	0.000000	0.000000	0.000000	0.000000	0.000000
134	tsk_134	(x)	1	:	0.000000	0.000000	1.000000	0.000000	0.000000	0.000000	0.000000	0.000000	0.000000	0.000000
135	tsk_135	(x)	1	:	0.000000	0.339887	0.000000	0.000000	0.000000	0.000000	0.000000	0.511059	0.000000	0.149053
136	tsk_136	(x)	1	:	0.000000	0.339887	0.000000	0.000000	0.000000	0.000000	0.000000	0.511059	0.000000	0.149053
137	tsk_137	(x)	1	:	0.000000	0.000000	1.000000	0.000000	0.000000	0.000000	0.000000	0.000000	0.000000	0.000000
138	tsk_138	(x)	1	:	0.000000	0.000000	0.000000	0.425313	0.496487	0.000000	0.000000	0.014531	0.000000	0.063669
139	tsk_139	(x)	1	:	0.000000	0.000000	0.000000	0.000000	0.000000	0.000000	0.460350	0.539650	0.000000	0.000000
140	tsk_140	(x)	1	:	0.000000	0.513394	0.486605	0.000000	0.000000	0.000000	0.000000	0.000000	0.000000	0.000000
141	tsk_141	(x)	1	:	0.000000	0.000000	0.517930	0.000000	0.000000	0.481990	0.000080	0.000000	0.000000	0.000000
142	tsk_142	(x)	1	:	0.000000	0.513394	0.486606	0.000000	0.000000	0.000000	0.000000	0.000000	0.000000	0.000000
143	tsk_143	(x)	1	:	0.494760	0.503438	0.000000	0.000000	0.000000	0.000000	0.000000	0.001802	0.000000	0.000000
144	tsk_144	(x)	1	:	0.505118	0.000000	0.489522	0.000000	0.000000	0.000000	0.000033	0.005326	0.000000	0.000000
145	tsk_145	(x)	1	:	0.000000	0.513395	0.486605	0.000000	0.000000	0.000000	0.000000	0.000000	0.000000	0.000000
146	tsk_146	(x)	1	:	0.494957	0.503460	0.000000	0.000000	0.000000	0.000000	0.000000	0.001583	0.000000	0.000000
147	tsk_147	(x)	1	:	0.000000	0.000000	1.000000	0.000000	0.000000	0.000000	0.000000	0.000000	0.000000	0.000000
148	tsk_148	(x)	1	:	1.000000	0.000000	0.000000	0.000000	0.000000	0.000000	0.000000	0.000000	0.000000	0.000000
149	tsk_149	(x)	1	:	0.505968	0.000000	0.489594	0.000000	0.000000	0.000000	0.000044	0.004394	0.000000	0.000000
