logL = -1178.722176 (converged)
AIC = 6789.444352
BIC = 13461.012163

count.K
0 0 12 29 4 7 5 51 10 6 1 3 22 

