logL = -2583.444610 (converged)
AIC = 5606.889221
BIC = 6269.228986

count.K
84 66 

