logL = -975.939847 (converged)
AIC = 7411.879694
BIC = 15630.914047

count.K
8 18 12 16 16 14 8 16 8 1 4 5 5 1 18 

