logL = -589.963457 (converged)
AIC = 6399.926913
BIC = 14257.685031

count.K
28 4 21 4 2 0 2 5 32 13 5 2 17 0 15 

