logL = -1885.005733 (converged)
AIC = 6734.011466
BIC = 11195.772972

count.K
3 10 14 8 15 30 68 2 

