0	tsk_0	(x)	1	:	0.000000	0.000000	0.000000	0.000000	0.000000	0.000000	0.000000	0.496274	0.000000	0.503726
1	tsk_1	(x)	1	:	0.132991	0.000000	0.000000	0.000000	0.000000	0.380351	0.000000	0.000000	0.000000	0.486658
2	tsk_2	(x)	1	:	0.000000	0.000000	0.000000	0.000000	0.000000	0.495191	0.000000	0.002865	0.000000	0.501945
3	tsk_3	(x)	1	:	0.000000	0.000000	0.000000	0.000000	0.000000	0.000000	0.000000	0.000000	0.000001	0.999999
4	tsk_4	(x)	1	:	0.000000	0.000000	0.000000	0.000000	0.000000	1.000000	0.000000	0.000000	0.000000	0.000000
5	tsk_5	(x)	1	:	0.000000	0.000000	0.000000	0.000000	0.000000	0.486289	0.511873	0.001838	0.000000	0.000000
6	tsk_6	(x)	1	:	0.000000	0.000000	0.000000	0.000000	0.000000	0.000000	0.000000	0.000000	0.000001	0.999999
7	tsk_7	(x)	1	:	0.000000	0.000000	0.000000	0.000000	0.000000	0.494907	0.000000	0.003183	0.000000	0.501910
8	tsk_8	(x)	1	:	0.000000	0.000000	0.000000	0.000000	0.000000	0.000000	0.473956	0.000001	0.000000	0.526043
9	tsk_9	(x)	1	:	0.000000	0.527897	0.000000	0.000000	0.000000	0.000000	0.000000	0.000000	0.000000	0.472103
10	tsk_10	(x)	1	:	0.000000	0.000000	0.000000	0.000000	0.000000	1.000000	0.000000	0.000000	0.000000	0.000000
11	tsk_11	(x)	1	:	0.000000	0.000000	0.000000	0.000000	0.000000	1.000000	0.000000	0.000000	0.000000	0.000000
12	tsk_12	(x)	1	:	0.000000	0.000000	0.000000	0.530053	0.000000	0.469883	0.000000	0.000064	0.000000	0.000000
13	tsk_13	(x)	1	:	0.000000	0.000000	0.000000	0.000000	0.271993	0.486240	0.239730	0.002037	0.000000	0.000000
14	tsk_14	(x)	1	:	0.000000	0.000000	0.000000	0.000000	0.000000	0.486383	0.511967	0.001650	0.000000	0.000000
15	tsk_15	(x)	1	:	0.000000	0.000000	0.000000	0.000000	0.000000	0.494884	0.000000	0.003209	0.000000	0.501907
16	tsk_16	(x)	1	:	0.479490	0.000000	0.000000	0.000000	0.000000	0.000000	0.520509	0.000000	0.000000	0.000000
17	tsk_17	(x)	1	:	0.000000	0.000000	0.282365	0.532431	0.000000	0.000000	0.000000	0.185205	0.000000	0.000000
18	tsk_18	(x)	1	:	0.000000	0.000000	0.000000	0.000000	0.000000	1.000000	0.000000	0.000000	0.000000	0.000000
19	tsk_19	(x)	1	:	0.000000	0.000000	0.000000	0.000000	0.000000	0.486385	0.511969	0.001646	0.000000	0.000000
20	tsk_20	(x)	1	:	0.000000	0.000000	0.000000	0.000000	0.000000	0.495143	0.000000	0.002918	0.000000	0.501939
21	tsk_21	(x)	1	:	0.000000	0.000000	0.000000	1.000000	0.000000	0.000000	0.000000	0.000000	0.000000	0.000000
22	tsk_22	(x)	1	:	0.000000	0.000000	0.000000	0.499067	0.000000	0.496803	0.000000	0.004130	0.000000	0.000000
23	tsk_23	(x)	1	:	0.000000	0.000000	0.000000	0.000000	0.000000	0.524429	0.000000	0.000000	0.000000	0.475571
24	tsk_24	(x)	1	:	0.000000	0.000000	0.000000	0.000000	0.000000	0.486326	0.511910	0.001764	0.000000	0.000000
25	tsk_25	(x)	1	:	0.000000	0.000000	0.000000	0.000000	0.271998	0.486149	0.239629	0.002223	0.000000	0.000000
26	tsk_26	(x)	1	:	0.000000	0.000000	0.000000	1.000000	0.000000	0.000000	0.000000	0.000000	0.000000	0.000000
27	tsk_27	(x)	1	:	0.000000	0.000000	0.000000	0.000000	0.271972	0.000000	0.728028	0.000000	0.000000	0.000000
28	tsk_28	(x)	1	:	0.000000	0.000000	0.000000	1.000000	0.000000	0.000000	0.000000	0.000000	0.000000	0.000000
29	tsk_29	(x)	1	:	0.000000	0.000000	0.000000	0.000000	0.000000	1.000000	0.000000	0.000000	0.000000	0.000000
30	tsk_30	(x)	1	:	0.000000	0.354776	0.398570	0.000000	0.000000	0.000000	0.246654	0.000000	0.000000	0.000000
31	tsk_31	(x)	1	:	0.000000	0.000000	0.000000	0.000000	0.000000	0.494882	0.000000	0.003211	0.000000	0.501907
32	tsk_32	(x)	1	:	0.000000	0.354753	0.000000	0.000000	0.000000	0.486618	0.157799	0.000831	0.000000	0.000000
33	tsk_33	(x)	1	:	0.000000	0.354753	0.000000	0.000000	0.000000	0.486604	0.157782	0.000860	0.000000	0.000000
34	tsk_34	(x)	1	:	0.000000	0.000000	0.000000	0.000000	0.000000	0.494928	0.000000	0.003159	0.000000	0.501912
35	tsk_35	(x)	1	:	0.000000	0.354669	0.000000	0.000000	0.000000	0.000000	0.136597	0.000001	0.508733	0.000000
36	tsk_36	(x)	1	:	0.000000	0.354523	0.000000	0.495588	0.000000	0.000000	0.149619	0.000269	0.000000	0.000000
37	tsk_37	(x)	1	:	0.000000	0.000000	0.000000	0.000000	0.000000	0.486334	0.511918	0.001748	0.000000	0.000000
38	tsk_38	(x)	1	:	0.000000	0.280626	0.238697	0.480677	0.000000	0.000000	0.000000	0.000000	0.000000	0.000000
39	tsk_39	(x)	1	:	0.000000	0.000000	0.000000	0.000000	0.000000	0.514742	0.000000	0.000000	0.485258	0.000000
40	tsk_40	(x)	1	:	0.000000	0.000000	0.000000	0.530053	0.000000	0.469880	0.000000	0.000067	0.000000	0.000000
41	tsk_41	(x)	1	:	0.000000	0.000000	0.282365	0.532431	0.000000	0.000000	0.000000	0.185205	0.000000	0.000000
42	tsk_42	(x)	1	:	0.000000	0.000000	0.408054	0.000000	0.000000	0.487112	0.103407	0.001427	0.000000	0.000000
43	tsk_43	(x)	1	:	0.000000	0.000000	0.409564	0.000000	0.000000	0.000000	0.081266	0.000042	0.509128	0.000000
44	tsk_44	(x)	1	:	0.000000	0.000000	0.000000	0.000000	0.000000	0.486350	0.511934	0.001716	0.000000	0.000000
45	tsk_45	(x)	1	:	0.000000	0.000000	0.000000	0.000000	0.000000	0.000000	1.000000	0.000000	0.000000	0.000000
46	tsk_46	(x)	1	:	0.000000	0.000000	0.408414	0.000000	0.000000	0.486615	0.102171	0.002800	0.000000	0.000000
47	tsk_47	(x)	1	:	0.000000	0.000000	0.000000	0.000000	0.000000	0.487818	0.000000	0.000466	0.511716	0.000000
48	tsk_48	(x)	1	:	0.000000	0.000000	0.546290	0.000000	0.000000	0.000000	0.453710	0.000000	0.000000	0.000000
49	tsk_49	(x)	1	:	0.000000	0.000000	0.000000	0.000000	0.000000	0.000000	0.490893	0.000017	0.509090	0.000000
50	tsk_50	(x)	1	:	0.000000	0.000000	0.503821	0.496127	0.000000	0.000000	0.000052	0.000000	0.000000	0.000000
51	tsk_51	(x)	1	:	0.000000	0.000000	0.503801	0.496126	0.000000	0.000000	0.000073	0.000000	0.000000	0.000000
52	tsk_52	(x)	1	:	0.000000	0.000000	0.503831	0.496127	0.000000	0.000000	0.000042	0.000000	0.000000	0.000000
53	tsk_53	(x)	1	:	0.000000	0.000000	0.503831	0.496127	0.000000	0.000000	0.000042	0.000000	0.000000	0.000000
54	tsk_54	(x)	1	:	0.000000	0.000000	0.503360	0.000000	0.000000	0.000000	0.000173	0.000000	0.000000	0.496467
55	tsk_55	(x)	1	:	0.000000	0.000000	0.000000	0.000000	0.000000	0.000000	0.000000	0.000000	0.000000	0.999999
56	tsk_56	(x)	1	:	0.000000	0.000000	0.503812	0.496126	0.000000	0.000000	0.000061	0.000000	0.000000	0.000000
57	tsk_57	(x)	1	:	0.000000	0.000000	0.503804	0.496126	0.000000	0.000000	0.000070	0.000000	0.000000	0.000000
58	tsk_58	(x)	1	:	0.000000	0.355089	0.548043	0.000000	0.000000	0.000000	0.096868	0.000000	0.000000	0.000000
59	tsk_59	(x)	1	:	0.000000	0.000000	0.000000	1.000000	0.000000	0.000000	0.000000	0.000000	0.000000	0.000000
60	tsk_60	(x)	1	:	0.000000	0.000000	0.000000	0.498340	0.000000	0.000000	0.000000	0.000000	0.000004	0.501656
61	tsk_61	(x)	1	:	0.000000	0.354584	0.000000	0.000000	0.000000	0.000000	0.645416	0.000000	0.000000	0.000000
62	tsk_62	(x)	1	:	0.479490	0.000000	0.000000	0.000000	0.000000	0.000000	0.520510	0.000000	0.000000	0.000000
63	tsk_63	(x)	1	:	0.479491	0.000000	0.000000	0.000000	0.000000	0.000000	0.520509	0.000000	0.000000	0.000000
64	tsk_64	(x)	1	:	0.000000	0.354516	0.000000	0.000000	0.000000	0.000000	0.146029	0.000026	0.000000	0.499429
65	tsk_65	(x)	1	:	0.000000	0.000000	0.000000	0.495610	0.000000	0.000000	0.504390	0.000000	0.000000	0.000000
66	tsk_66	(x)	1	:	0.000000	0.000000	0.000000	0.000000	0.000000	0.000000	0.500366	0.000249	0.000000	0.499385
67	tsk_67	(x)	1	:	0.000000	0.000000	0.000000	0.000000	0.213802	0.000000	0.286519	0.000275	0.000000	0.499403
68	tsk_68	(x)	1	:	0.000000	0.000000	0.000000	0.000000	0.000000	0.000000	1.000000	0.000000	0.000000	0.000000
69	tsk_69	(x)	1	:	0.000000	0.000000	0.000000	0.000000	0.000000	0.000000	0.500389	0.000223	0.000000	0.499387
70	tsk_70	(x)	1	:	0.000000	0.000000	0.000000	0.000000	0.000000	0.000000	1.000000	0.000000	0.000000	0.000000
71	tsk_71	(x)	1	:	0.000000	0.000000	0.000000	0.000000	0.000000	0.000000	0.500381	0.000232	0.000000	0.499386
72	tsk_72	(x)	1	:	0.000000	0.000000	0.000000	0.000000	0.000000	0.000000	0.000000	0.000000	0.000000	1.000000
73	tsk_73	(x)	1	:	0.000000	0.000000	0.000000	0.000000	0.000000	0.000000	0.500371	0.000244	0.000000	0.499385
74	tsk_74	(x)	1	:	0.000000	0.000000	0.000000	0.496533	0.000000	0.000000	0.000000	0.000000	0.000001	0.503465
75	tsk_75	(x)	1	:	0.000000	0.503814	0.000000	0.000000	0.000000	0.000000	0.000099	0.000000	0.000000	0.496088
76	tsk_76	(x)	1	:	0.000000	0.000000	0.000000	0.000000	0.000000	0.000000	0.000000	0.000000	0.000000	0.999999
77	tsk_77	(x)	1	:	0.000000	0.000000	0.000000	0.000000	0.000000	0.494836	0.000000	0.003262	0.000000	0.501901
78	tsk_78	(x)	1	:	0.000000	0.000000	0.000000	0.000000	0.000000	0.000000	0.534982	0.465018	0.000000	0.000000
79	tsk_79	(x)	1	:	0.000000	0.000000	0.000000	0.000000	0.000000	0.000000	1.000000	0.000000	0.000000	0.000000
80	tsk_80	(x)	1	:	0.000000	0.000000	0.519315	0.000000	0.000000	0.479030	0.001655	0.000000	0.000000	0.000000
81	tsk_81	(x)	1	:	0.000000	0.000000	0.000000	0.000000	0.000000	0.495006	0.000000	0.003072	0.000000	0.501922
82	tsk_82	(x)	1	:	0.000000	0.000000	0.000000	0.000000	0.271998	0.486159	0.239641	0.002202	0.000000	0.000000
83	tsk_83	(x)	1	:	0.000000	0.000000	0.000000	0.000000	0.000000	0.000000	0.000000	0.000000	0.998242	0.001757
84	tsk_84	(x)	1	:	0.000000	0.000000	0.000000	0.498340	0.000000	0.000000	0.000000	0.000000	0.000002	0.501658
85	tsk_85	(x)	1	:	0.000000	0.000000	0.000000	0.498340	0.000000	0.000000	0.000000	0.000000	0.000003	0.501657
86	tsk_86	(x)	1	:	0.000000	0.000000	0.000000	0.000000	0.000000	0.486396	0.511979	0.001625	0.000000	0.000000
87	tsk_87	(x)	1	:	0.000000	0.000000	0.503368	0.000000	0.000000	0.000000	0.000165	0.000000	0.000000	0.496467
88	tsk_88	(x)	1	:	0.000000	0.000000	0.000000	0.000000	0.000000	0.486337	0.511920	0.001743	0.000000	0.000000
89	tsk_89	(x)	1	:	0.000000	0.000000	0.000000	0.000000	0.000000	0.000000	0.000000	0.000000	0.000001	0.999999
90	tsk_90	(x)	1	:	0.000000	0.000000	0.000000	0.000000	0.000000	0.000000	0.000000	0.496274	0.000000	0.503726
91	tsk_91	(x)	1	:	0.000000	0.000000	0.000000	0.000000	0.000000	0.000000	0.000000	0.000000	0.000001	0.999999
92	tsk_92	(x)	1	:	0.000000	0.000000	0.000000	0.496533	0.000000	0.000000	0.000000	0.000000	0.000001	0.503466
93	tsk_93	(x)	1	:	0.000000	0.000000	0.000000	0.000000	0.000000	0.000000	0.000000	0.000000	0.000002	0.999998
94	tsk_94	(x)	1	:	0.000000	0.000000	0.000000	0.496533	0.000000	0.000000	0.000000	0.000000	0.000001	0.503466
95	tsk_95	(x)	1	:	0.000000	0.000000	0.000000	0.497625	0.000000	0.000000	0.000000	0.502374	0.000000	0.000000
96	tsk_96	(x)	1	:	0.000000	0.000000	0.000000	0.000000	0.000000	0.000000	0.000000	0.496274	0.000000	0.503726
97	tsk_97	(x)	1	:	0.000000	0.000000	0.000000	0.497625	0.000000	0.000000	0.000000	0.502374	0.000000	0.000000
98	tsk_98	(x)	1	:	0.000000	0.000000	0.000000	0.000000	0.000000	0.000000	0.000000	0.000000	0.000000	1.000000
99	tsk_99	(x)	1	:	0.000000	0.000000	0.000000	0.000000	0.000000	0.494934	0.000000	0.003152	0.000000	0.501913
100	tsk_100	(x)	1	:	0.000000	0.000000	0.000000	0.000000	0.000000	0.000000	0.000000	0.000000	0.000000	1.000000
101	tsk_101	(x)	1	:	0.000000	0.000000	0.000000	0.000000	0.000000	0.000000	0.000000	0.000000	0.000001	0.999999
102	tsk_102	(x)	1	:	0.000000	0.000000	0.000000	0.000000	0.000000	0.486377	0.511961	0.001662	0.000000	0.000000
103	tsk_103	(x)	1	:	0.479497	0.000000	0.000000	0.000000	0.000000	0.000000	0.020999	0.000027	0.000000	0.499477
104	tsk_104	(x)	1	:	0.000000	0.000000	0.000000	0.000000	0.000000	0.000000	0.000000	0.000000	0.488418	0.511582
105	tsk_105	(x)	1	:	0.000000	0.000000	0.000000	0.000000	0.000000	0.000000	0.000000	0.000000	0.000001	0.999999
106	tsk_106	(x)	1	:	0.000000	0.000000	0.000000	0.000000	0.000000	0.000000	0.000000	0.000000	0.476460	0.523540
107	tsk_107	(x)	1	:	0.000000	0.000000	0.000000	0.000000	0.000000	0.494995	0.000000	0.003084	0.000000	0.501921
108	tsk_108	(x)	1	:	0.000000	0.000000	0.000000	0.000000	0.000000	0.000000	0.000000	0.000000	0.490059	0.509941
109	tsk_109	(x)	1	:	0.000000	0.000000	0.000000	0.000000	0.000000	0.000000	0.231224	0.316257	0.000000	0.452519
110	tsk_110	(x)	1	:	0.000000	0.000000	0.000000	0.000000	0.000000	0.525250	0.000000	0.000000	0.000000	0.474750
111	tsk_111	(x)	1	:	0.087209	0.000000	0.000000	0.000000	0.000000	0.000000	0.413144	0.000252	0.000000	0.499395
112	tsk_112	(x)	1	:	0.000000	0.000000	0.000000	0.000000	0.000000	0.000000	0.000000	0.000000	0.000001	0.999999
113	tsk_113	(x)	1	:	0.000000	0.000000	0.000000	0.000000	0.000000	0.000000	0.000000	0.000000	0.000000	1.000000
114	tsk_114	(x)	1	:	0.000000	0.000000	0.000000	0.000000	0.503520	0.000000	0.000001	0.000000	0.000000	0.496479
115	tsk_115	(x)	1	:	0.000000	0.000000	0.000000	0.000000	0.000000	0.594072	0.405928	0.000000	0.000000	0.000000
116	tsk_116	(x)	1	:	0.000000	0.000000	0.000000	0.000000	1.000000	0.000000	0.000000	0.000000	0.000000	0.000000
117	tsk_117	(x)	1	:	0.000000	0.000000	0.000000	0.000000	0.503520	0.000000	0.000001	0.000000	0.000000	0.496479
118	tsk_118	(x)	1	:	0.000000	0.000000	0.000000	0.000000	0.000000	0.594072	0.405928	0.000000	0.000000	0.000000
119	tsk_119	(x)	1	:	0.000000	0.000000	0.000000	0.000000	0.272019	0.000000	0.228224	0.000362	0.000000	0.499394
120	tsk_120	(x)	1	:	0.000000	0.594422	0.000000	0.000000	0.000000	0.000000	0.405578	0.000000	0.000000	0.000000
121	tsk_121	(x)	1	:	0.000000	0.000000	0.000000	0.000000	0.000000	0.000000	0.000000	0.000000	0.997164	0.002836
122	tsk_122	(x)	1	:	0.000000	0.504021	0.000000	0.495921	0.000000	0.000000	0.000057	0.000000	0.000000	0.000000
123	tsk_123	(x)	1	:	0.000000	0.502242	0.000000	0.000000	0.497745	0.000000	0.000012	0.000000	0.000000	0.000000
124	tsk_124	(x)	1	:	0.000000	0.515203	0.000000	0.000000	0.000000	0.000000	0.484797	0.000000	0.000000	0.000000
125	tsk_125	(x)	1	:	0.000000	0.517046	0.000000	0.482954	0.000000	0.000000	0.000000	0.000000	0.000000	0.000000
126	tsk_126	(x)	1	:	0.000000	0.496595	0.000000	0.000000	0.000000	0.000000	0.000000	0.000000	0.503405	0.000000
127	tsk_127	(x)	1	:	0.000000	1.000000	0.000000	0.000000	0.000000	0.000000	0.000000	0.000000	0.000000	0.000000
128	tsk_128	(x)	1	:	0.000000	0.496595	0.000000	0.000000	0.000000	0.000000	0.000000	0.000000	0.503405	0.000000
129	tsk_129	(x)	1	:	0.000000	0.504020	0.000000	0.495921	0.000000	0.000000	0.000058	0.000000	0.000000	0.000000
130	tsk_130	(x)	1	:	0.000000	0.000000	0.000000	0.000000	0.000000	0.000000	1.000000	0.000000	0.000000	0.000000
131	tsk_131	(x)	1	:	0.000000	0.000000	0.000000	0.000000	0.000000	0.000000	0.500364	0.000251	0.000000	0.499384
132	tsk_132	(x)	1	:	0.000000	0.000000	0.000000	0.000000	0.000000	0.000000	1.000000	0.000000	0.000000	0.000000
133	tsk_133	(x)	1	:	0.000000	0.000000	0.000000	0.000000	0.271972	0.000000	0.728028	0.000000	0.000000	0.000000
134	tsk_134	(x)	1	:	0.000000	0.000000	0.000000	0.000000	0.000000	0.000000	1.000000	0.000000	0.000000	0.000000
135	tsk_135	(x)	1	:	0.000000	0.000000	0.000000	0.000000	0.000000	0.000000	1.000000	0.000000	0.000000	0.000000
136	tsk_136	(x)	1	:	0.000000	0.000000	0.000000	0.000000	0.000000	0.000000	0.500361	0.000255	0.000000	0.499384
137	tsk_137	(x)	1	:	0.000000	0.000000	0.000000	0.000000	0.000000	0.000000	1.000000	0.000000	0.000000	0.000000
138	tsk_138	(x)	1	:	0.000000	0.000000	0.000000	0.000000	0.000000	0.000000	0.500359	0.000258	0.000000	0.499384
139	tsk_139	(x)	1	:	0.000000	0.000000	0.000000	0.497745	0.000000	0.000000	0.502254	0.000000	0.000000	0.000000
140	tsk_140	(x)	1	:	1.000000	0.000000	0.000000	0.000000	0.000000	0.000000	0.000000	0.000000	0.000000	0.000000
141	tsk_141	(x)	1	:	0.000000	0.562590	0.000000	0.000000	0.000000	0.437410	0.000000	0.000000	0.000000	0.000000
142	tsk_142	(x)	1	:	0.000000	0.000000	0.000000	0.000000	0.375293	0.000000	0.624707	0.000000	0.000000	0.000000
143	tsk_143	(x)	1	:	0.000000	0.515203	0.000000	0.000000	0.000000	0.000000	0.484797	0.000000	0.000000	0.000000
144	tsk_144	(x)	1	:	0.000000	0.000000	0.000000	0.000000	0.000000	0.486468	0.512051	0.001481	0.000000	0.000000
145	tsk_145	(x)	1	:	0.000000	0.515203	0.000000	0.000000	0.000000	0.000000	0.484797	0.000000	0.000000	0.000000
146	tsk_146	(x)	1	:	0.000000	0.000000	0.000000	0.496871	0.000000	0.498092	0.000000	0.005036	0.000000	0.000000
147	tsk_147	(x)	1	:	0.000000	0.512886	0.000000	0.000000	0.000000	0.483299	0.003634	0.000181	0.000000	0.000000
148	tsk_148	(x)	1	:	0.479490	0.000000	0.000000	0.000000	0.000000	0.000000	0.520510	0.000000	0.000000	0.000000
149	tsk_149	(x)	1	:	0.000000	0.000000	0.000000	0.000000	0.217735	0.000000	0.282463	0.000413	0.000000	0.499389
