logL = -516.557772 (converged)
AIC = 3323.115544
BIC = 6770.292956

count.K
3 15 17 102 9 2 2 

