0	tsk_0	(x)	1	:	0.000000	0.000000	0.564332	0.000000	0.000000	0.000000	0.435668	0.000000	0.000000	0.000000	0.000000	0.000000
1	tsk_1	(x)	1	:	0.000000	0.000000	0.000000	0.000000	0.000000	0.000000	0.538228	0.000000	0.000000	0.000000	0.000000	0.461772
2	tsk_2	(x)	1	:	0.000000	0.000000	0.000000	0.000000	0.500000	0.000000	0.500000	0.000000	0.000000	0.000000	0.000000	0.000000
3	tsk_3	(x)	1	:	0.000000	0.000000	0.000000	0.000000	0.000000	0.000000	0.590898	0.000000	0.409101	0.000000	0.000000	0.000000
4	tsk_4	(x)	1	:	0.000000	0.000000	0.000000	0.000000	0.023244	0.000000	0.499391	0.477366	0.000000	0.000000	0.000000	0.000000
5	tsk_5	(x)	1	:	0.000000	0.000000	0.000000	0.000000	0.000000	0.000000	1.000000	0.000000	0.000000	0.000000	0.000000	0.000000
6	tsk_6	(x)	1	:	0.000000	0.000000	0.000000	0.000000	0.000000	0.000000	0.000000	0.000000	0.000000	0.000000	0.000000	1.000000
7	tsk_7	(x)	1	:	0.000000	0.000000	0.000000	0.000000	0.000000	0.000000	1.000000	0.000000	0.000000	0.000000	0.000000	0.000000
8	tsk_8	(x)	1	:	0.000000	0.000000	0.000000	0.000000	0.000000	0.000000	0.538228	0.000000	0.000000	0.000000	0.000000	0.461772
9	tsk_9	(x)	1	:	0.000000	0.000000	0.000000	0.473840	0.000000	0.000000	0.526160	0.000000	0.000000	0.000000	0.000000	0.000000
10	tsk_10	(x)	1	:	0.578012	0.000000	0.000000	0.000000	0.000000	0.000000	0.000000	0.000000	0.000000	0.421988	0.000000	0.000000
11	tsk_11	(x)	1	:	0.000000	0.000000	0.000002	0.000000	0.022168	0.000000	0.000000	0.477982	0.000000	0.499848	0.000000	0.000000
12	tsk_12	(x)	1	:	0.000000	0.000000	0.000000	0.000000	0.000000	0.000000	0.000000	1.000000	0.000000	0.000000	0.000000	0.000000
13	tsk_13	(x)	1	:	0.000000	0.000000	0.000000	0.000000	0.521402	0.000000	0.000000	0.478598	0.000000	0.000000	0.000000	0.000000
14	tsk_14	(x)	1	:	0.578012	0.000000	0.000000	0.000000	0.000000	0.000000	0.000000	0.000000	0.000000	0.421988	0.000000	0.000000
15	tsk_15	(x)	1	:	0.530382	0.000000	0.000000	0.000000	0.002902	0.000000	0.000000	0.466715	0.000000	0.000000	0.000000	0.000000
16	tsk_16	(x)	1	:	0.000000	0.000000	0.000000	0.000000	0.000000	0.000000	0.000000	0.000000	0.000000	0.471423	0.000000	0.528577
17	tsk_17	(x)	1	:	0.477733	0.000000	0.000000	0.522267	0.000000	0.000000	0.000000	0.000000	0.000000	0.000000	0.000000	0.000000
18	tsk_18	(x)	1	:	0.000000	0.000000	0.000000	0.000000	0.000000	0.000000	0.000000	1.000000	0.000000	0.000000	0.000000	0.000000
19	tsk_19	(x)	1	:	0.000000	0.000000	0.000000	0.000000	0.000000	0.000000	0.000000	0.000000	0.000000	0.000000	0.000000	1.000000
20	tsk_20	(x)	1	:	0.000000	0.000000	0.000000	0.000000	0.521402	0.000000	0.000000	0.478598	0.000000	0.000000	0.000000	0.000000
21	tsk_21	(x)	1	:	0.000000	0.497417	0.000000	0.000000	0.502583	0.000000	0.000000	0.000000	0.000000	0.000000	0.000000	0.000000
22	tsk_22	(x)	1	:	0.000000	0.000000	0.000000	0.000000	0.059713	0.000000	0.000000	0.478540	0.000000	0.000000	0.000000	0.461747
23	tsk_23	(x)	1	:	0.000000	0.497417	0.000000	0.000000	0.502583	0.000000	0.000000	0.000000	0.000000	0.000000	0.000000	0.000000
24	tsk_24	(x)	1	:	0.000000	0.000000	0.000000	0.000000	1.000000	0.000000	0.000000	0.000000	0.000000	0.000000	0.000000	0.000000
25	tsk_25	(x)	1	:	0.000000	0.499424	0.000000	0.000000	0.014026	0.000000	0.000000	0.486550	0.000000	0.000000	0.000000	0.000000
26	tsk_26	(x)	1	:	0.000000	0.561322	0.000000	0.000000	0.438678	0.000000	0.000000	0.000000	0.000000	0.000000	0.000000	0.000000
27	tsk_27	(x)	1	:	0.000000	0.000000	0.000000	0.000000	1.000000	0.000000	0.000000	0.000000	0.000000	0.000000	0.000000	0.000000
28	tsk_28	(x)	1	:	0.000000	0.000000	0.000000	0.000000	0.499666	0.000000	0.091850	0.000000	0.408484	0.000000	0.000000	0.000000
29	tsk_29	(x)	1	:	0.000000	0.497570	0.000000	0.000000	0.502233	0.000000	0.000000	0.000193	0.000000	0.000000	0.000003	0.000000
30	tsk_30	(x)	1	:	0.394873	0.000000	0.055037	0.000000	0.000000	0.000003	0.550085	0.000000	0.000000	0.000003	0.000000	0.000000
31	tsk_31	(x)	1	:	0.394898	0.000000	0.055006	0.000000	0.000000	0.000000	0.550096	0.000000	0.000000	0.000000	0.000000	0.000000
32	tsk_32	(x)	1	:	0.323104	0.000000	0.000000	0.000000	0.000000	0.000000	0.000000	0.000000	0.000000	0.676896	0.000000	0.000000
33	tsk_33	(x)	1	:	0.842459	0.000000	0.000664	0.000000	0.000000	0.000000	0.000000	0.000000	0.000000	0.156877	0.000000	0.000000
34	tsk_34	(x)	1	:	0.000000	0.000000	0.000000	0.000000	0.000000	0.000000	0.558013	0.000000	0.000000	0.000000	0.441987	0.000000
35	tsk_35	(x)	1	:	0.000000	0.000000	0.000000	0.000000	0.000000	0.000000	0.455020	0.000000	0.000000	0.000000	0.000000	0.544980
36	tsk_36	(x)	1	:	0.000000	0.000000	0.000000	0.471657	0.000000	0.000000	0.067232	0.000000	0.000000	0.000000	0.000000	0.461111
37	tsk_37	(x)	1	:	0.842468	0.000000	0.000633	0.000000	0.000000	0.000000	0.000000	0.000000	0.000000	0.156898	0.000000	0.000000
38	tsk_38	(x)	1	:	0.395887	0.000000	0.129317	0.000000	0.000000	0.000000	0.000000	0.000000	0.000000	0.000000	0.474796	0.000000
39	tsk_39	(x)	1	:	0.000000	0.000000	0.000000	0.473840	0.000000	0.000000	0.526160	0.000000	0.000000	0.000000	0.000000	0.000000
40	tsk_40	(x)	1	:	0.000000	0.000000	0.447093	0.000000	0.552907	0.000000	0.000000	0.000000	0.000000	0.000000	0.000000	0.000000
41	tsk_41	(x)	1	:	0.000000	0.000000	1.000000	0.000000	0.000000	0.000000	0.000000	0.000000	0.000000	0.000000	0.000000	0.000000
42	tsk_42	(x)	1	:	0.000000	0.000000	0.447093	0.000000	0.000000	0.000000	0.552907	0.000000	0.000000	0.000000	0.000000	0.000000
43	tsk_43	(x)	1	:	0.000000	0.000000	0.564314	0.000000	0.000000	0.000000	0.000000	0.000000	0.000000	0.435685	0.000000	0.000000
44	tsk_44	(x)	1	:	0.000000	0.000000	0.000000	0.000000	0.521402	0.000000	0.000000	0.478598	0.000000	0.000000	0.000000	0.000000
45	tsk_45	(x)	1	:	0.000000	0.000000	0.447093	0.000000	0.000000	0.000000	0.552907	0.000000	0.000000	0.000000	0.000000	0.000000
46	tsk_46	(x)	1	:	0.533744	0.000000	0.000000	0.000000	0.000000	0.000000	0.466255	0.000000	0.000000	0.000000	0.000000	0.000000
47	tsk_47	(x)	1	:	0.000000	0.000000	0.447093	0.000000	0.000000	0.000000	0.000000	0.000000	0.000000	0.552907	0.000000	0.000000
48	tsk_48	(x)	1	:	0.000000	0.000000	0.000001	0.000000	0.000000	0.000000	0.091763	0.000000	0.408414	0.499822	0.000000	0.000000
49	tsk_49	(x)	1	:	0.000000	0.000000	0.564315	0.000000	0.435685	0.000000	0.000000	0.000000	0.000000	0.000000	0.000000	0.000000
50	tsk_50	(x)	1	:	0.000000	0.000000	0.000070	0.000000	0.000000	0.000000	0.000000	0.000000	0.000000	0.523043	0.000000	0.476887
51	tsk_51	(x)	1	:	0.000000	0.000000	0.000076	0.000000	0.000000	0.000000	0.000000	0.000000	0.000000	0.523039	0.000000	0.476884
52	tsk_52	(x)	1	:	0.000000	0.000000	0.000000	1.000000	0.000000	0.000000	0.000000	0.000000	0.000000	0.000000	0.000000	0.000000
53	tsk_53	(x)	1	:	0.000000	0.000000	0.000009	0.478952	0.000000	0.000000	0.019782	0.000000	0.000000	0.501257	0.000000	0.000000
54	tsk_54	(x)	1	:	0.000000	0.000000	0.000000	0.000000	0.000000	0.000000	0.538228	0.000000	0.000000	0.000000	0.000000	0.461772
55	tsk_55	(x)	1	:	0.000000	0.000000	0.594394	0.000000	0.000000	0.000000	0.000000	0.000000	0.000000	0.000000	0.405606	0.000000
56	tsk_56	(x)	1	:	0.000000	0.000000	0.000000	0.447943	0.000000	0.000000	0.000002	0.000000	0.000000	0.000000	0.000000	0.552055
57	tsk_57	(x)	1	:	0.000000	0.000000	0.000044	0.472535	0.000000	0.478870	0.048551	0.000000	0.000000	0.000000	0.000000	0.000000
58	tsk_58	(x)	1	:	0.000000	0.000000	0.000000	0.000000	0.000000	0.000000	0.000000	0.000000	0.000000	0.000000	0.000000	1.000000
59	tsk_59	(x)	1	:	0.000000	0.000000	0.000000	0.000000	0.000000	0.000000	0.000000	0.000000	0.000000	0.000000	0.431037	0.568963
60	tsk_60	(x)	1	:	0.000000	0.000000	0.000001	0.000000	0.022335	0.000000	0.000000	0.477848	0.000000	0.499816	0.000000	0.000000
61	tsk_61	(x)	1	:	0.000000	0.000000	0.000000	0.458941	0.000000	0.000000	0.000369	0.000000	0.000000	0.000000	0.000000	0.540690
62	tsk_62	(x)	1	:	0.000000	0.000000	0.000002	0.000000	0.000000	0.456410	0.000000	0.000000	0.000000	0.000000	0.000000	0.543588
63	tsk_63	(x)	1	:	0.000000	0.000000	0.000000	0.000000	0.059708	0.000000	0.000000	0.478544	0.000000	0.000000	0.000000	0.461748
64	tsk_64	(x)	1	:	0.629731	0.000000	0.000000	0.000000	0.000000	0.370269	0.000000	0.000000	0.000000	0.000000	0.000000	0.000000
65	tsk_65	(x)	1	:	0.000000	0.000000	0.000000	0.000000	0.000000	0.000000	0.538228	0.000000	0.000000	0.000000	0.000000	0.461772
66	tsk_66	(x)	1	:	0.000000	0.497417	0.000000	0.000000	0.000000	0.000000	0.502583	0.000000	0.000000	0.000000	0.000000	0.000000
67	tsk_67	(x)	1	:	0.000000	0.000000	0.000000	0.000000	0.000000	0.000000	0.000000	0.000000	0.000000	0.000000	0.602662	0.397338
68	tsk_68	(x)	1	:	0.000000	0.000000	0.000000	0.000000	0.000000	1.000000	0.000000	0.000000	0.000000	0.000000	0.000000	0.000000
69	tsk_69	(x)	1	:	0.000000	0.000000	0.000000	0.000000	0.000000	0.000000	0.000000	0.000000	0.000000	0.000000	0.000000	1.000000
70	tsk_70	(x)	1	:	0.000000	0.000000	0.000005	0.000000	0.000000	0.000000	0.499997	0.000000	0.000000	0.499997	0.000000	0.000000
71	tsk_71	(x)	1	:	0.000002	0.000000	0.017112	0.000000	0.000000	0.508582	0.000000	0.000000	0.000000	0.000000	0.474303	0.000000
72	tsk_72	(x)	1	:	0.000000	0.000000	0.000000	0.000000	0.000000	0.540092	0.459908	0.000000	0.000000	0.000000	0.000000	0.000000
73	tsk_73	(x)	1	:	0.000000	0.000000	0.000008	0.479464	0.000000	0.000000	0.019144	0.000000	0.000000	0.501384	0.000000	0.000000
74	tsk_74	(x)	1	:	0.000000	0.000000	0.000042	0.000000	0.042208	0.479182	0.000000	0.478567	0.000000	0.000000	0.000000	0.000000
75	tsk_75	(x)	1	:	0.000000	0.000000	0.000000	0.000000	0.079184	0.000000	0.000000	0.478775	0.000000	0.000000	0.442041	0.000000
76	tsk_76	(x)	1	:	0.000000	0.000000	0.000000	0.000000	0.000000	0.000000	0.558013	0.000000	0.000000	0.000000	0.441987	0.000000
77	tsk_77	(x)	1	:	0.000000	0.455934	0.000000	0.000000	0.000000	0.000000	0.544066	0.000000	0.000000	0.000000	0.000000	0.000000
78	tsk_78	(x)	1	:	0.000000	0.000020	0.000000	0.000000	0.000000	0.000000	0.000000	0.000000	0.000000	0.000000	0.484387	0.515593
79	tsk_79	(x)	1	:	0.000000	0.000000	0.000000	0.000000	0.000000	0.000000	0.149360	0.000000	0.408760	0.000000	0.441880	0.000000
80	tsk_80	(x)	1	:	0.000000	0.000000	0.000000	0.000000	0.000000	0.000000	0.000259	0.000000	0.567845	0.000000	0.000000	0.431896
81	tsk_81	(x)	1	:	0.000000	0.000000	0.000000	0.000000	0.000000	0.000000	0.000000	0.000000	0.000000	1.000000	0.000000	0.000000
82	tsk_82	(x)	1	:	0.000000	0.000000	0.000005	0.000000	0.000000	0.000000	0.499997	0.000000	0.000000	0.499997	0.000000	0.000000
83	tsk_83	(x)	1	:	0.000000	0.000000	0.000000	0.000000	0.000000	0.000000	0.000000	0.000000	0.000000	0.000000	0.542443	0.457557
84	tsk_84	(x)	1	:	0.000000	0.000000	0.000000	0.000000	0.000000	0.000000	0.000259	0.000000	0.567845	0.000000	0.000000	0.431896
85	tsk_85	(x)	1	:	0.000000	0.000000	0.000000	0.000000	0.000000	0.000000	0.000000	0.000000	0.575326	0.424674	0.000000	0.000000
86	tsk_86	(x)	1	:	0.000000	0.000000	0.000000	0.000000	0.000000	0.000000	0.000000	0.000000	0.000000	0.000000	0.542443	0.457557
87	tsk_87	(x)	1	:	0.000000	0.000006	0.000000	0.000000	0.000002	0.000000	0.000000	0.000000	0.000000	0.000000	0.484400	0.515592
88	tsk_88	(x)	1	:	0.000000	0.000000	0.000000	0.000000	0.000000	0.000000	0.000434	0.000000	0.580631	0.000000	0.418936	0.000000
89	tsk_89	(x)	1	:	0.000000	0.000000	0.000002	0.000000	0.022336	0.000000	0.000000	0.477848	0.000000	0.499815	0.000000	0.000000
90	tsk_90	(x)	1	:	0.000000	0.000000	0.000000	0.000000	0.000000	0.000000	0.000000	0.000000	0.000000	0.000000	1.000000	0.000000
91	tsk_91	(x)	1	:	0.000000	0.000000	0.000000	0.000000	0.079141	0.000000	0.000000	0.478808	0.000000	0.000000	0.442050	0.000000
92	tsk_92	(x)	1	:	0.000000	0.000000	0.000000	0.000000	0.000018	0.000000	0.000000	0.415219	0.000000	0.000000	0.584763	0.000000
93	tsk_93	(x)	1	:	0.000000	0.000000	0.000000	0.473840	0.000000	0.000000	0.526160	0.000000	0.000000	0.000000	0.000000	0.000000
94	tsk_94	(x)	1	:	0.000000	0.000021	0.000000	0.464979	0.000000	0.000000	0.095577	0.000000	0.000000	0.000000	0.439423	0.000000
95	tsk_95	(x)	1	:	0.289850	0.000000	0.159284	0.000000	0.000000	0.000000	0.550866	0.000000	0.000000	0.000000	0.000000	0.000000
96	tsk_96	(x)	1	:	0.000000	0.000000	0.000000	0.414302	0.000000	0.000000	0.000000	0.000000	0.000000	0.000000	0.585698	0.000000
97	tsk_97	(x)	1	:	0.289494	0.000000	0.085273	0.000000	0.000000	0.000000	0.000000	0.000000	0.000000	0.000000	0.625233	0.000000
98	tsk_98	(x)	1	:	0.290353	0.000006	0.234394	0.000000	0.000000	0.000000	0.000000	0.000000	0.000000	0.000000	0.475248	0.000000
99	tsk_99	(x)	1	:	0.000000	0.000000	0.000000	0.000000	0.000000	0.000000	0.000000	0.000000	0.000000	0.432911	0.567089	0.000000
100	tsk_100	(x)	1	:	0.000000	0.000000	0.000000	0.000000	0.000603	0.000000	0.000000	0.459840	0.000000	0.000000	0.000000	0.539557
101	tsk_101	(x)	1	:	0.000000	0.000000	0.000001	0.000000	0.000000	0.000000	0.091763	0.000000	0.408414	0.499822	0.000000	0.000000
102	tsk_102	(x)	1	:	0.000000	0.000000	0.000000	0.000000	0.023311	0.000000	0.499368	0.477321	0.000000	0.000000	0.000000	0.000000
103	tsk_103	(x)	1	:	0.000000	0.000000	0.000071	0.000000	0.000000	0.000000	0.000000	0.000000	0.000000	0.523042	0.000000	0.476887
104	tsk_104	(x)	1	:	0.000000	0.000000	0.000000	0.000000	0.023383	0.000000	0.499344	0.477272	0.000000	0.000000	0.000000	0.000000
105	tsk_105	(x)	1	:	0.000000	0.000000	0.000000	0.000000	0.000000	0.000000	0.000000	0.000000	0.000000	0.471423	0.000000	0.528577
106	tsk_106	(x)	1	:	0.000000	0.000000	0.000000	0.000000	0.000000	0.000000	0.000000	0.000000	0.000000	0.471415	0.000000	0.528585
107	tsk_107	(x)	1	:	0.000000	0.000000	0.000002	0.000000	0.022330	0.000000	0.000000	0.477852	0.000000	0.499816	0.000000	0.000000
108	tsk_108	(x)	1	:	0.000000	0.000000	0.000000	0.000000	0.000000	0.000000	0.000000	0.000000	0.000000	0.000000	0.000000	1.000000
109	tsk_109	(x)	1	:	0.000000	0.000000	0.000000	0.000000	0.000000	0.000000	0.000000	0.000000	0.000000	0.431482	0.000000	0.568518
110	tsk_110	(x)	1	:	0.000000	0.000000	0.000000	0.000000	0.079239	0.000000	0.000000	0.478733	0.000000	0.000000	0.442028	0.000000
111	tsk_111	(x)	1	:	0.000000	0.000000	0.000000	0.000000	0.000000	0.000000	0.538228	0.000000	0.000000	0.000000	0.000000	0.461772
112	tsk_112	(x)	1	:	0.000000	0.000000	0.000000	0.000000	0.000000	0.000000	0.000000	0.000000	0.000000	1.000000	0.000000	0.000000
113	tsk_113	(x)	1	:	0.323102	0.000000	0.000001	0.000000	0.000000	0.000001	0.000000	0.000000	0.000000	0.676896	0.000000	0.000000
114	tsk_114	(x)	1	:	0.000000	0.000000	0.000002	0.000000	0.022324	0.000000	0.000000	0.477856	0.000000	0.499817	0.000000	0.000000
115	tsk_115	(x)	1	:	0.000000	0.000000	0.000000	0.000000	0.521402	0.000000	0.000000	0.478598	0.000000	0.000000	0.000000	0.000000
116	tsk_116	(x)	1	:	0.000000	0.000000	0.564322	0.000000	0.000000	0.000000	0.000000	0.000000	0.000000	0.435678	0.000000	0.000000
117	tsk_117	(x)	1	:	0.000000	0.000000	0.000000	0.000000	0.000000	0.000000	0.000000	0.000000	0.000000	0.000000	0.426645	0.573354
118	tsk_118	(x)	1	:	0.000000	0.000000	0.000000	0.000000	0.000000	0.000000	0.000000	0.000000	0.000000	1.000000	0.000000	0.000000
119	tsk_119	(x)	1	:	0.000000	0.000000	0.000000	0.000000	0.000000	0.000000	0.000000	0.000000	0.000000	0.000000	1.000000	0.000000
120	tsk_120	(x)	1	:	0.000000	0.000000	0.000000	0.000000	0.000000	0.000000	0.000000	0.542867	0.000000	0.457133	0.000000	0.000000
121	tsk_121	(x)	1	:	0.000000	0.000000	0.000000	0.000000	0.000000	0.000000	0.000000	1.000000	0.000000	0.000000	0.000000	0.000000
122	tsk_122	(x)	1	:	0.000000	0.000000	0.000000	0.000000	0.000000	0.000000	1.000000	0.000000	0.000000	0.000000	0.000000	0.000000
123	tsk_123	(x)	1	:	0.000000	0.000000	0.000002	0.000000	0.022380	0.000000	0.000000	0.477812	0.000000	0.499806	0.000000	0.000000
124	tsk_124	(x)	1	:	0.000000	0.000000	0.578058	0.000000	0.000000	0.000000	0.000000	0.000000	0.000000	0.000000	0.000000	0.421942
125	tsk_125	(x)	1	:	0.000000	0.000000	0.000000	0.000000	0.023316	0.000000	0.499367	0.477317	0.000000	0.000000	0.000000	0.000000
126	tsk_126	(x)	1	:	0.000000	0.000000	0.000000	0.000000	0.059719	0.000000	0.000000	0.478535	0.000000	0.000000	0.000000	0.461746
127	tsk_127	(x)	1	:	0.000000	0.000000	0.000000	0.000000	0.000000	0.000000	0.432597	0.567403	0.000000	0.000000	0.000000	0.000000
128	tsk_128	(x)	1	:	0.000000	0.000000	0.000000	0.000000	0.000000	0.000000	1.000000	0.000000	0.000000	0.000000	0.000000	0.000000
129	tsk_129	(x)	1	:	0.000000	0.000000	0.000000	0.000000	0.000000	0.000000	0.000000	1.000000	0.000000	0.000000	0.000000	0.000000
130	tsk_130	(x)	1	:	0.000000	0.000000	0.000000	0.000000	0.079145	0.000000	0.000000	0.478805	0.000000	0.000000	0.442050	0.000000
131	tsk_131	(x)	1	:	0.000000	0.000000	0.000006	0.000000	0.499997	0.000000	0.000000	0.000000	0.000000	0.499997	0.000000	0.000000
132	tsk_132	(x)	1	:	0.000000	0.000000	0.000002	0.000000	0.000000	0.000000	0.091762	0.000000	0.408414	0.499822	0.000000	0.000000
133	tsk_133	(x)	1	:	0.000000	0.000000	0.000000	0.000000	0.000000	0.000000	0.149359	0.000000	0.408761	0.000000	0.441880	0.000000
134	tsk_134	(x)	1	:	0.000000	0.000000	0.000000	0.000000	0.000000	0.000000	0.000000	0.000000	0.000000	0.000000	1.000000	0.000000
135	tsk_135	(x)	1	:	0.578012	0.000000	0.000000	0.000000	0.000000	0.000000	0.000000	0.000000	0.000000	0.421988	0.000000	0.000000
136	tsk_136	(x)	1	:	0.533584	0.000000	0.000000	0.000000	0.000000	0.000000	0.057822	0.000000	0.408594	0.000000	0.000000	0.000000
137	tsk_137	(x)	1	:	0.000000	0.000000	0.000002	0.000000	0.000000	0.000000	0.091762	0.000000	0.408414	0.499822	0.000000	0.000000
138	tsk_138	(x)	1	:	0.530400	0.000000	0.000000	0.000000	0.002822	0.000000	0.000000	0.466778	0.000000	0.000000	0.000000	0.000000
139	tsk_139	(x)	1	:	0.629731	0.000000	0.000000	0.000000	0.000000	0.370269	0.000000	0.000000	0.000000	0.000000	0.000000	0.000000
140	tsk_140	(x)	1	:	0.000000	0.000000	0.000000	0.000000	0.000000	0.000000	0.590898	0.000000	0.409101	0.000000	0.000000	0.000000
141	tsk_141	(x)	1	:	0.533744	0.000000	0.000000	0.000000	0.000000	0.000000	0.466255	0.000000	0.000000	0.000000	0.000000	0.000000
142	tsk_142	(x)	1	:	0.000000	0.000000	0.000000	0.000000	0.000000	0.000000	0.590898	0.000000	0.409101	0.000000	0.000000	0.000000
143	tsk_143	(x)	1	:	0.000000	0.000000	0.000000	0.000000	0.000000	0.000000	0.000000	0.000000	0.401240	0.000000	0.598760	0.000000
144	tsk_144	(x)	1	:	0.000000	0.000000	0.000000	0.000000	0.000000	0.000000	0.000543	0.000000	0.400814	0.000000	0.598643	0.000000
145	tsk_145	(x)	1	:	0.000000	0.000000	0.000000	0.000000	0.000000	0.000000	0.399054	0.000000	0.000000	0.000000	0.600946	0.000000
146	tsk_146	(x)	1	:	0.551413	0.000000	0.000000	0.000000	0.000000	0.000000	0.000000	0.000000	0.000000	0.000000	0.000000	0.448587
147	tsk_147	(x)	1	:	0.465823	0.000000	0.295297	0.000000	0.000000	0.238880	0.000000	0.000000	0.000000	0.000000	0.000000	0.000000
148	tsk_148	(x)	1	:	0.000000	0.000000	0.235057	0.000000	0.000000	0.213557	0.551386	0.000000	0.000000	0.000000	0.000000	0.000000
149	tsk_149	(x)	1	:	0.000000	0.000000	0.000000	0.000000	0.000000	0.000000	0.558013	0.000000	0.000000	0.000000	0.441987	0.000000
