logL = -1046.386016 (converged)
AIC = 5774.772032
BIC = 11317.351608

count.K
2 3 9 44 9 5 17 16 13 16 16 

