logL = -1254.433679 (converged)
AIC = 7070.867358
BIC = 13938.126464

count.K
3 1 6 2 0 10 2 4 20 4 3 71 24 

