logL = -1569.420964 (converged)
AIC = 7150.841929
BIC = 13190.176329

count.K
31 7 14 12 17 1 39 19 1 6 3 

