logL = -752.918814 (converged)
AIC = 5989.837628
BIC = 12739.681957

count.K
5 13 4 12 30 38 5 3 26 4 2 5 3 

