logL = -1791.120273 (converged)
AIC = 4054.240547
BIC = 4764.750476

count.K
106 44 

