logL = -1540.529581 (converged)
AIC = 8325.059163
BIC = 16218.944904

count.K
8 19 1 14 21 16 8 2 10 5 16 7 9 14 

