logL = -2676.461102 (converged)
AIC = 6732.922203
BIC = 8810.260556

count.K
1 75 40 34 

