logL = -1395.663518 (converged)
AIC = 3679.327036
BIC = 5016.049107

count.K
104 11 35 

