logL = -3202.000573 (converged)
AIC = 6896.001146
BIC = 7636.617429

count.K
100 50 

