logL = -2070.585050 (converged)
AIC = 9385.170099
BIC = 17279.055840

count.K
1 2 23 13 3 5 9 20 12 12 7 38 2 3 

