logL = -1269.125284 (converged)
AIC = 4554.250568
BIC = 7588.970944

count.K
30 40 32 26 9 13 

