logL = -1486.468919 (converged)
AIC = 6732.937839
BIC = 12392.932192

count.K
29 11 13 3 6 2 4 3 58 21 

