logL = -1657.382653 (converged)
AIC = 5366.765305
BIC = 8455.677117

count.K
20 58 10 27 15 20 

