logL = -1960.477944 (converged)
AIC = 4814.955888
BIC = 6160.709864

count.K
52 87 11 

