logL = -945.683342 (converged)
AIC = 3071.366684
BIC = 4847.641508

count.K
29 80 22 19 

