logL = -1869.656854 (converged)
AIC = 6323.313707
BIC = 10213.054507

count.K
13 12 13 33 38 30 11 

