logL = -1245.106866 (converged)
AIC = 5990.213731
BIC = 11258.825496

count.K
27 7 16 18 4 9 40 25 1 3 

