logL = -1213.899962 (converged)
AIC = 7671.799923
BIC = 15565.685664

count.K
9 1 17 7 3 1 28 9 8 16 4 16 28 3 

