logL = -447.499101 (converged)
AIC = 5774.998202
BIC = 13120.948320

count.K
5 10 31 1 12 2 3 1 26 4 1 0 32 22 

