logL = -1307.619892 (converged)
AIC = 4975.239785
BIC = 8527.789432

count.K
13 19 53 30 9 12 14 

