0	tsk_0	(x)	1	:	0.000000	0.000000	0.481347	0.000000	0.518653	0.000000	0.000000	0.000000	0.000000	0.000000
1	tsk_1	(x)	1	:	0.000000	0.000000	0.000000	0.000000	0.468178	0.000000	0.000000	0.000000	0.531822	0.000000
2	tsk_2	(x)	1	:	0.000000	0.000000	0.000000	0.000000	0.593627	0.000000	0.000000	0.000000	0.406373	0.000000
3	tsk_3	(x)	1	:	0.000000	0.000000	0.000000	0.000000	1.000000	0.000000	0.000000	0.000000	0.000000	0.000000
4	tsk_4	(x)	1	:	0.000000	0.000000	0.481347	0.000000	0.518653	0.000000	0.000000	0.000000	0.000000	0.000000
5	tsk_5	(x)	1	:	0.000000	0.000000	0.000000	0.000000	0.468178	0.000000	0.000000	0.000000	0.531822	0.000000
6	tsk_6	(x)	1	:	0.000000	0.000000	0.481347	0.000000	0.518653	0.000000	0.000000	0.000000	0.000000	0.000000
7	tsk_7	(x)	1	:	0.000000	0.000000	0.000000	0.000000	1.000000	0.000000	0.000000	0.000000	0.000000	0.000000
8	tsk_8	(x)	1	:	0.000000	0.000000	1.000000	0.000000	0.000000	0.000000	0.000000	0.000000	0.000000	0.000000
9	tsk_9	(x)	1	:	0.000000	0.000000	0.000000	0.000000	1.000000	0.000000	0.000000	0.000000	0.000000	0.000000
10	tsk_10	(x)	1	:	0.000000	0.000000	0.000000	0.000000	0.497323	0.000000	0.000000	0.502677	0.000000	0.000000
11	tsk_11	(x)	1	:	0.000000	0.000000	0.000000	0.532266	0.000246	0.000000	0.000000	0.467487	0.000000	0.000000
12	tsk_12	(x)	1	:	0.000000	0.000000	0.000000	0.000000	1.000000	0.000000	0.000000	0.000000	0.000000	0.000000
13	tsk_13	(x)	1	:	0.000000	0.000000	0.000000	0.000000	0.496233	0.000000	0.503765	0.000000	0.000000	0.000002
14	tsk_14	(x)	1	:	0.000000	0.000000	0.000000	0.000000	0.497323	0.000000	0.000000	0.502677	0.000000	0.000000
15	tsk_15	(x)	1	:	0.000000	0.000000	0.000000	0.000000	1.000000	0.000000	0.000000	0.000000	0.000000	0.000000
16	tsk_16	(x)	1	:	0.000000	0.000000	0.000000	0.000000	0.000000	0.000000	0.000000	1.000000	0.000000	0.000000
17	tsk_17	(x)	1	:	0.000000	0.000000	0.000000	0.000000	0.000000	0.000000	0.000000	1.000000	0.000000	0.000000
18	tsk_18	(x)	1	:	0.000000	0.000000	0.000000	0.000000	0.000000	0.000000	0.000000	1.000000	0.000000	0.000000
19	tsk_19	(x)	1	:	0.000000	0.000000	0.000000	0.000000	0.497323	0.000000	0.000000	0.502677	0.000000	0.000000
20	tsk_20	(x)	1	:	0.360313	0.000000	0.000000	0.000000	0.000000	0.000000	0.000011	0.639676	0.000000	0.000000
21	tsk_21	(x)	1	:	0.000000	0.000000	0.000000	0.000000	0.000000	0.000000	0.000000	1.000000	0.000000	0.000000
22	tsk_22	(x)	1	:	0.000000	0.000000	0.000000	0.000000	0.000000	0.000000	0.999993	0.000000	0.000000	0.000007
23	tsk_23	(x)	1	:	0.000001	0.000000	0.505731	0.000000	0.000000	0.000000	0.494246	0.000004	0.000000	0.000019
24	tsk_24	(x)	1	:	0.000001	0.000000	0.000000	0.000000	0.000000	0.498485	0.501483	0.000007	0.000000	0.000024
25	tsk_25	(x)	1	:	0.000000	0.000000	0.000000	0.000000	0.000000	0.000000	0.000000	1.000000	0.000000	0.000000
26	tsk_26	(x)	1	:	0.445369	0.000000	0.000000	0.000000	0.000000	0.000000	0.554602	0.000009	0.000000	0.000020
27	tsk_27	(x)	1	:	0.000000	0.000000	0.000000	0.000000	0.000000	0.486494	0.000000	0.513506	0.000000	0.000000
28	tsk_28	(x)	1	:	0.000000	0.000000	0.000000	0.000000	0.000000	0.000000	0.404091	0.595909	0.000000	0.000000
29	tsk_29	(x)	1	:	0.496031	0.000000	0.000000	0.000000	0.000000	0.503964	0.000003	0.000001	0.000000	0.000000
30	tsk_30	(x)	1	:	0.000000	0.000000	0.455584	0.000000	0.544416	0.000000	0.000000	0.000000	0.000000	0.000000
31	tsk_31	(x)	1	:	0.000001	0.000000	0.486382	0.000000	0.000000	0.000000	0.513578	0.000010	0.000000	0.000028
32	tsk_32	(x)	1	:	0.000000	0.000000	0.513233	0.000000	0.486767	0.000000	0.000000	0.000000	0.000000	0.000000
33	tsk_33	(x)	1	:	0.000000	0.000000	0.000000	0.525199	0.001269	0.000000	0.473506	0.000001	0.000000	0.000026
34	tsk_34	(x)	1	:	0.000001	0.000000	0.486382	0.000000	0.000000	0.000000	0.513595	0.000007	0.000000	0.000015
35	tsk_35	(x)	1	:	0.000000	0.000000	0.000000	0.000000	0.000000	0.000000	0.510322	0.489671	0.000000	0.000007
36	tsk_36	(x)	1	:	0.000000	0.000000	0.000000	0.000000	0.497323	0.000000	0.000000	0.502677	0.000000	0.000000
37	tsk_37	(x)	1	:	0.000000	0.000000	0.000000	0.000000	0.497323	0.000000	0.000000	0.502677	0.000000	0.000000
38	tsk_38	(x)	1	:	0.000000	0.000000	0.000000	0.000000	0.000000	0.000000	0.999993	0.000000	0.000000	0.000007
39	tsk_39	(x)	1	:	0.000001	0.000000	0.486382	0.000000	0.000000	0.000000	0.513584	0.000009	0.000000	0.000023
40	tsk_40	(x)	1	:	0.000000	0.000000	0.514912	0.000000	0.485088	0.000000	0.000000	0.000000	0.000000	0.000000
41	tsk_41	(x)	1	:	0.000000	0.000000	0.483588	0.000000	0.516411	0.000000	0.000000	0.000000	0.000000	0.000000
42	tsk_42	(x)	1	:	0.000000	0.000000	1.000000	0.000000	0.000000	0.000000	0.000000	0.000000	0.000000	0.000000
43	tsk_43	(x)	1	:	0.000000	0.000000	0.000000	0.000000	0.000000	0.000000	0.203708	0.796290	0.000000	0.000001
44	tsk_44	(x)	1	:	0.000000	0.000000	0.530725	0.000000	0.000000	0.469275	0.000000	0.000000	0.000000	0.000000
45	tsk_45	(x)	1	:	0.000000	0.000000	0.000000	0.000000	1.000000	0.000000	0.000000	0.000000	0.000000	0.000000
46	tsk_46	(x)	1	:	0.022609	0.000000	0.523982	0.000000	0.000000	0.000000	0.251525	0.201883	0.000000	0.000001
47	tsk_47	(x)	1	:	0.000000	0.000000	0.462634	0.000000	0.537366	0.000000	0.000000	0.000000	0.000000	0.000000
48	tsk_48	(x)	1	:	0.000000	0.413103	0.000000	0.000007	0.000018	0.472909	0.000007	0.113871	0.000084	0.000000
49	tsk_49	(x)	1	:	0.217448	0.000000	0.000000	0.000000	0.000022	0.459824	0.322607	0.000000	0.000043	0.000056
50	tsk_50	(x)	1	:	0.000000	0.000000	0.485259	0.000000	0.000000	0.000000	0.063594	0.000000	0.000000	0.451147
51	tsk_51	(x)	1	:	0.000000	0.000000	0.000000	0.000000	0.000000	0.000000	0.028829	0.000000	0.518118	0.453053
52	tsk_52	(x)	1	:	0.522104	0.000000	0.000000	0.000002	0.000017	0.477772	0.000006	0.000003	0.000096	0.000000
53	tsk_53	(x)	1	:	0.496031	0.000000	0.000000	0.000000	0.000000	0.503964	0.000004	0.000002	0.000000	0.000000
54	tsk_54	(x)	1	:	0.212811	0.000000	0.473802	0.000000	0.000000	0.000000	0.313309	0.000000	0.000000	0.000077
55	tsk_55	(x)	1	:	0.434933	0.000000	0.000000	0.000000	0.000000	0.000000	0.116343	0.000002	0.000000	0.448723
56	tsk_56	(x)	1	:	0.000000	0.000000	0.000000	0.000000	0.428007	0.000000	0.000000	0.000000	0.571992	0.000000
57	tsk_57	(x)	1	:	0.000000	0.000000	0.000000	0.000000	0.000000	0.000000	0.000011	0.000000	0.000000	0.999989
58	tsk_58	(x)	1	:	0.000000	0.000000	0.378683	0.000000	0.000000	0.000001	0.000000	0.000000	0.621316	0.000000
59	tsk_59	(x)	1	:	0.000000	0.000000	0.000000	0.000000	0.000000	0.000000	0.000001	0.479748	0.520251	0.000000
60	tsk_60	(x)	1	:	0.000000	0.000000	0.000000	0.000000	0.000000	0.000000	0.073635	0.477913	0.000000	0.448452
61	tsk_61	(x)	1	:	0.000000	0.000000	0.000000	0.000000	0.000000	0.000000	0.584265	0.000000	0.000000	0.415735
62	tsk_62	(x)	1	:	0.000000	0.000000	0.504565	0.000000	0.000000	0.000000	0.044231	0.000000	0.000000	0.451204
63	tsk_63	(x)	1	:	0.000000	0.000000	0.000000	0.530542	0.000780	0.000000	0.468650	0.000000	0.000000	0.000027
64	tsk_64	(x)	1	:	0.000000	0.000000	0.000000	0.525458	0.001016	0.000000	0.473510	0.000000	0.000000	0.000016
65	tsk_65	(x)	1	:	0.000000	0.000000	0.000000	0.524899	0.001563	0.000000	0.473511	0.000001	0.000000	0.000027
66	tsk_66	(x)	1	:	0.000000	0.000000	0.505730	0.000000	0.000000	0.000000	0.494246	0.000005	0.000000	0.000018
67	tsk_67	(x)	1	:	0.000000	0.000000	0.000000	0.000000	0.000000	0.000000	0.000036	0.000000	0.000000	0.999964
68	tsk_68	(x)	1	:	0.000000	0.000000	0.504569	0.000000	0.000000	0.000000	0.044138	0.000000	0.000000	0.451292
69	tsk_69	(x)	1	:	0.000000	0.000000	0.000000	0.000000	0.000000	0.000000	0.073266	0.478025	0.000000	0.448709
70	tsk_70	(x)	1	:	0.000000	0.000000	0.000000	0.000000	0.000000	0.499576	0.000003	0.500420	0.000000	0.000000
71	tsk_71	(x)	1	:	0.000000	0.000000	0.000000	0.000000	0.000000	1.000000	0.000000	0.000000	0.000000	0.000000
72	tsk_72	(x)	1	:	0.000000	0.000000	0.506785	0.000000	0.000000	0.000000	0.000002	0.493213	0.000000	0.000000
73	tsk_73	(x)	1	:	0.496030	0.000000	0.000000	0.000000	0.000000	0.503964	0.000005	0.000001	0.000000	0.000000
74	tsk_74	(x)	1	:	0.000000	0.000007	0.000000	0.000000	0.000000	0.000000	0.000377	0.422517	0.000000	0.577099
75	tsk_75	(x)	1	:	0.000000	0.000000	0.000000	0.000000	0.000000	0.486339	0.000007	0.000000	0.000000	0.513654
76	tsk_76	(x)	1	:	0.000000	0.000000	0.000000	0.000000	0.000000	0.000000	0.000000	1.000000	0.000000	0.000000
77	tsk_77	(x)	1	:	0.000000	0.000000	0.530725	0.000000	0.000000	0.469275	0.000000	0.000000	0.000000	0.000000
78	tsk_78	(x)	1	:	0.000000	0.000000	0.530725	0.000000	0.000000	0.469275	0.000000	0.000000	0.000000	0.000000
79	tsk_79	(x)	1	:	0.000000	0.412576	0.000000	0.000000	0.000000	0.498793	0.000002	0.088629	0.000000	0.000000
80	tsk_80	(x)	1	:	0.000000	0.000000	0.000000	0.000000	0.509537	0.000000	0.038293	0.000000	0.000000	0.452170
81	tsk_81	(x)	1	:	0.000000	0.000000	0.000000	0.000000	1.000000	0.000000	0.000000	0.000000	0.000000	0.000000
82	tsk_82	(x)	1	:	0.000000	0.138072	0.000000	0.000116	0.482899	0.000000	0.000013	0.000000	0.000000	0.378900
83	tsk_83	(x)	1	:	0.000000	0.000000	0.000000	0.000000	0.497971	0.000000	0.000002	0.000000	0.000000	0.502027
84	tsk_84	(x)	1	:	0.000000	0.000000	0.539672	0.000000	0.460328	0.000000	0.000000	0.000000	0.000000	0.000000
85	tsk_85	(x)	1	:	0.000000	0.413131	0.000000	0.000000	0.511688	0.000000	0.000000	0.075181	0.000000	0.000000
86	tsk_86	(x)	1	:	0.000000	0.284394	0.000000	0.000000	0.000000	0.000000	0.000000	0.715605	0.000000	0.000000
87	tsk_87	(x)	1	:	0.000000	0.000000	0.506266	0.000000	0.000000	0.000000	0.000000	0.493734	0.000000	0.000000
88	tsk_88	(x)	1	:	0.000000	0.391576	0.000000	0.000000	0.000000	0.000000	0.601400	0.007024	0.000000	0.000000
89	tsk_89	(x)	1	:	0.323483	0.000000	0.000000	0.000000	0.000000	0.000000	0.016643	0.000000	0.000000	0.659874
90	tsk_90	(x)	1	:	0.000000	0.000000	0.000000	0.000000	0.000000	0.000000	0.000000	0.000000	0.000000	1.000000
91	tsk_91	(x)	1	:	0.000000	0.000000	0.000000	0.000000	0.000000	0.000000	0.000000	0.000000	0.000000	1.000000
92	tsk_92	(x)	1	:	0.000000	0.000000	0.000000	0.000000	0.000000	0.514096	0.000002	0.485902	0.000000	0.000000
93	tsk_93	(x)	1	:	0.000000	0.000000	0.000000	0.000000	0.000000	0.000000	0.000000	1.000000	0.000000	0.000000
94	tsk_94	(x)	1	:	0.000000	0.000000	0.000000	0.000000	0.000000	0.462615	0.000000	0.000000	0.537384	0.000000
95	tsk_95	(x)	1	:	0.000000	0.000000	0.000000	0.000000	0.000000	0.462615	0.000000	0.000000	0.537384	0.000000
96	tsk_96	(x)	1	:	0.000000	0.000000	0.000000	0.000000	0.000000	0.511855	0.036491	0.000000	0.000000	0.451654
97	tsk_97	(x)	1	:	0.000000	0.000000	0.000000	0.000000	0.427676	0.572324	0.000000	0.000000	0.000000	0.000000
98	tsk_98	(x)	1	:	0.000000	0.000000	0.472319	0.000000	0.000000	0.527681	0.000000	0.000000	0.000000	0.000000
99	tsk_99	(x)	1	:	0.000000	0.000000	0.000000	0.000001	0.483330	0.000000	0.516669	0.000000	0.000000	0.000000
100	tsk_100	(x)	1	:	0.000000	0.999847	0.000000	0.000000	0.000000	0.000000	0.000000	0.000153	0.000000	0.000000
101	tsk_101	(x)	1	:	0.000000	0.000000	0.000000	0.529145	0.001248	0.000000	0.009230	0.000000	0.000000	0.460376
102	tsk_102	(x)	1	:	0.000000	0.999852	0.000000	0.000000	0.000000	0.000000	0.000000	0.000148	0.000000	0.000000
103	tsk_103	(x)	1	:	0.000000	0.000000	0.000000	0.000000	1.000000	0.000000	0.000000	0.000000	0.000000	0.000000
104	tsk_104	(x)	1	:	0.000000	0.000000	0.000000	0.000000	0.000000	0.000000	0.074233	0.477732	0.000000	0.448035
105	tsk_105	(x)	1	:	0.000000	0.433336	0.000000	0.532867	0.000772	0.000000	0.000000	0.033024	0.000000	0.000000
106	tsk_106	(x)	1	:	0.000000	0.414388	0.000000	0.000000	0.000000	0.000000	0.074246	0.063256	0.000000	0.448109
107	tsk_107	(x)	1	:	0.000000	0.000000	0.000000	0.000000	0.000000	0.000000	0.073362	0.477996	0.000000	0.448642
108	tsk_108	(x)	1	:	0.000000	0.412589	0.000000	0.000000	0.000000	0.498794	0.000002	0.088615	0.000000	0.000000
109	tsk_109	(x)	1	:	0.000000	0.413536	0.000000	0.000000	0.000000	0.000000	0.000000	0.253699	0.000000	0.332764
110	tsk_110	(x)	1	:	0.000000	0.000000	0.000000	0.000000	0.000000	0.000000	0.000000	0.000000	1.000000	0.000000
111	tsk_111	(x)	1	:	0.000000	0.000000	0.000000	0.000000	0.000000	0.000000	0.000003	0.510949	0.489047	0.000000
112	tsk_112	(x)	1	:	0.000000	0.000000	0.000000	0.000000	0.000000	0.000000	0.000000	1.000000	0.000000	0.000000
113	tsk_113	(x)	1	:	0.000000	0.000000	0.000000	0.000000	0.000000	0.000000	0.073098	0.478076	0.000000	0.448826
114	tsk_114	(x)	1	:	0.000000	0.000000	0.000000	0.000000	0.000000	0.000000	0.000000	0.479748	0.520251	0.000000
115	tsk_115	(x)	1	:	0.000000	0.000000	0.000000	0.000000	0.000000	0.000000	0.000002	0.510950	0.489047	0.000000
116	tsk_116	(x)	1	:	0.000000	0.000000	0.000000	0.000000	0.538182	0.000000	0.000000	0.000000	0.461818	0.000000
117	tsk_117	(x)	1	:	0.000000	0.000000	0.000000	0.000000	0.000000	0.000000	0.000000	0.000000	1.000000	0.000000
118	tsk_118	(x)	1	:	0.000000	0.000000	0.000000	0.000000	0.591201	0.000000	0.000000	0.000000	0.408799	0.000000
119	tsk_119	(x)	1	:	0.000000	0.000000	0.000000	0.530332	0.000983	0.000000	0.468664	0.000000	0.000000	0.000020
120	tsk_120	(x)	1	:	0.000000	0.474989	0.000000	0.000000	0.000000	0.000000	0.078708	0.008067	0.000000	0.438236
121	tsk_121	(x)	1	:	0.000000	0.000000	0.000000	0.000000	1.000000	0.000000	0.000000	0.000000	0.000000	0.000000
122	tsk_122	(x)	1	:	0.000000	0.000000	0.000000	0.000000	0.000000	1.000000	0.000000	0.000000	0.000000	0.000000
123	tsk_123	(x)	1	:	0.000000	0.312770	0.000000	0.000000	0.497278	0.000000	0.000000	0.189952	0.000000	0.000000
124	tsk_124	(x)	1	:	0.000000	0.312796	0.000000	0.000000	0.497279	0.000000	0.000000	0.189924	0.000000	0.000000
125	tsk_125	(x)	1	:	0.000000	0.312791	0.000000	0.000000	0.497279	0.000000	0.000000	0.189930	0.000000	0.000000
126	tsk_126	(x)	1	:	0.000000	0.000000	0.000000	0.000000	0.496233	0.000000	0.503759	0.000000	0.000000	0.000007
127	tsk_127	(x)	1	:	0.000000	0.312629	0.000000	0.000000	0.000000	0.000000	0.509816	0.177550	0.000000	0.000006
128	tsk_128	(x)	1	:	0.000000	0.000000	0.000000	0.000000	0.496233	0.000000	0.503767	0.000000	0.000000	0.000000
129	tsk_129	(x)	1	:	0.000000	0.312625	0.000000	0.000000	0.000000	0.000000	0.509813	0.177557	0.000000	0.000006
130	tsk_130	(x)	1	:	0.250611	0.000000	0.000000	0.000000	0.000000	0.000000	0.000000	0.000000	0.488768	0.260621
131	tsk_131	(x)	1	:	0.000000	0.000000	0.000000	0.000000	0.000000	0.000000	0.000003	0.510950	0.489047	0.000000
132	tsk_132	(x)	1	:	0.000000	0.000000	0.000000	0.000000	0.000000	0.000000	0.000020	0.000000	0.000000	0.999980
133	tsk_133	(x)	1	:	0.000000	0.000000	0.571912	0.000000	0.000000	0.000000	0.000000	0.000000	0.428088	0.000000
134	tsk_134	(x)	1	:	0.000000	0.000000	0.504568	0.000000	0.000000	0.000000	0.044168	0.000000	0.000000	0.451264
135	tsk_135	(x)	1	:	0.000000	0.000000	0.000000	0.000000	0.495168	0.000000	0.051367	0.000000	0.000000	0.453464
136	tsk_136	(x)	1	:	0.000000	0.000000	0.000000	0.000000	0.000000	0.000000	0.061317	0.000000	0.486858	0.451825
137	tsk_137	(x)	1	:	0.000000	0.000000	0.000000	0.000000	0.495135	0.000000	0.052119	0.000000	0.000000	0.452746
138	tsk_138	(x)	1	:	0.000000	0.000000	0.492616	0.000000	0.000000	0.000000	0.000000	0.000000	0.507384	0.000000
139	tsk_139	(x)	1	:	0.000000	0.000000	0.000000	0.000000	0.496233	0.000000	0.503760	0.000000	0.000000	0.000006
140	tsk_140	(x)	1	:	0.000000	0.000000	0.000000	0.000000	0.495162	0.000000	0.051516	0.000000	0.000000	0.453322
141	tsk_141	(x)	1	:	0.000000	0.000000	0.000000	0.000000	0.497323	0.000000	0.000000	0.502677	0.000000	0.000000
142	tsk_142	(x)	1	:	0.000000	0.000000	0.504674	0.000000	0.000000	0.000000	0.041720	0.000000	0.000000	0.453606
143	tsk_143	(x)	1	:	0.000000	0.000000	0.000000	0.000000	0.552810	0.447189	0.000000	0.000000	0.000000	0.000000
144	tsk_144	(x)	1	:	0.000000	0.000000	0.000000	0.528800	0.001515	0.000000	0.010609	0.000000	0.000000	0.459076
145	tsk_145	(x)	1	:	0.000000	0.000000	0.000000	0.000000	0.509517	0.000000	0.038750	0.000000	0.000000	0.451733
146	tsk_146	(x)	1	:	0.000000	0.000000	0.000000	0.000000	1.000000	0.000000	0.000000	0.000000	0.000000	0.000000
147	tsk_147	(x)	1	:	0.000000	0.000000	0.000000	0.532148	0.000360	0.000000	0.000000	0.467491	0.000000	0.000000
148	tsk_148	(x)	1	:	0.000000	0.000000	0.000000	0.000000	0.000000	0.000000	0.000014	0.000000	0.000000	0.999986
149	tsk_149	(x)	1	:	0.000000	0.000000	0.000000	0.000000	0.000000	0.000000	0.611142	0.388858	0.000000	0.000000
