logL = -1898.151318 (converged)
AIC = 6824.302635
BIC = 11382.404471

count.K
2 51 18 12 8 18 9 32 

