logL = -1440.881714 (converged)
AIC = 3313.763428
BIC = 3964.060652

count.K
96 54 

