logL = -2169.850216 (converged)
AIC = 10279.700432
BIC = 19221.287256

count.K
42 5 5 1 8 1 2 2 11 8 8 7 18 12 20 

