logL = -2597.863367 (converged)
AIC = 5719.726735
BIC = 6508.513182

count.K
88 62 

