logL = -1432.894099 (converged)
AIC = 7965.788198
BIC = 15642.908198

count.K
6 11 14 5 17 2 17 5 4 12 0 7 39 6 5 

