logL = -642.370847 (converged)
AIC = 2794.741694
BIC = 5067.771341

count.K
5 15 84 9 37 

