logL = -1099.476773 (converged)
AIC = 4118.953547
BIC = 7009.163429

count.K
9 6 50 17 16 52 

