logL = -2604.300013 (converged)
AIC = 6072.600027
BIC = 7373.194474

count.K
46 48 56 

