logL = -1606.647248 (converged)
AIC = 6893.294497
BIC = 12432.863438

count.K
65 5 25 6 21 12 2 10 3 1 

