logL = -716.211599 (converged)
AIC = 4408.423197
BIC = 8888.248515

count.K
8 23 7 3 28 67 1 6 7 

