logL = -1734.406944 (converged)
AIC = 6732.813889
BIC = 11646.170689

count.K
19 31 13 11 27 12 19 2 16 

