logL = -1228.883328 (converged)
AIC = 6425.766656
BIC = 12398.867079

count.K
21 2 7 7 11 5 1 11 9 14 62 

