logL = -1158.344219 (converged)
AIC = 6956.688438
BIC = 13941.362320

count.K
2 10 43 3 2 27 11 16 1 16 4 12 3 

