logL = -859.150504 (converged)
AIC = 3218.301008
BIC = 5476.277478

count.K
57 34 13 19 27 

