logL = -1859.939978 (converged)
AIC = 6555.879957
BIC = 10824.960804

count.K
28 7 20 8 15 9 30 33 

