logL = -983.406007 (converged)
AIC = 5604.812014
BIC = 11081.157614

count.K
3 1 4 2 10 11 2 109 2 4 2 

