logL = -549.186085 (converged)
AIC = 5270.372170
BIC = 11550.557393

count.K
2 5 1 18 12 4 12 5 24 13 8 7 39 

