logL = -2045.906239 (converged)
AIC = 8411.812477
BIC = 14914.784712

count.K
10 9 7 11 14 5 9 26 23 20 16 

