logL = -1512.028283 (converged)
AIC = 5244.056567
BIC = 8585.861743

count.K
8 7 25 15 5 32 58 

