0	tsk_0	(x)	1	:	0.493807	0.000000	0.000000	0.506193	0.000000	0.000000	0.000000	0.000000	0.000000
1	tsk_1	(x)	1	:	0.000000	0.000000	0.000000	0.000000	0.000000	0.069871	0.000000	0.478508	0.451621
2	tsk_2	(x)	1	:	0.000000	0.000000	0.440661	0.000000	0.000000	0.437356	0.000000	0.000000	0.121983
3	tsk_3	(x)	1	:	0.515177	0.000000	0.484822	0.000000	0.000000	0.000001	0.000000	0.000000	0.000001
4	tsk_4	(x)	1	:	0.000000	0.000000	0.526793	0.473207	0.000000	0.000000	0.000000	0.000000	0.000000
5	tsk_5	(x)	1	:	0.000000	0.497150	0.502801	0.000000	0.000000	0.000043	0.000000	0.000000	0.000006
6	tsk_6	(x)	1	:	0.000000	0.512150	0.000000	0.487850	0.000000	0.000000	0.000000	0.000000	0.000000
7	tsk_7	(x)	1	:	0.000000	0.497150	0.502802	0.000000	0.000000	0.000036	0.000000	0.000000	0.000012
8	tsk_8	(x)	1	:	0.000000	0.000000	0.440661	0.000000	0.000000	0.414054	0.000000	0.000000	0.145284
9	tsk_9	(x)	1	:	0.000000	0.000000	0.000000	0.493638	0.000000	0.420455	0.000000	0.000000	0.085907
10	tsk_10	(x)	1	:	0.000000	0.000000	0.000000	0.493638	0.000000	0.424303	0.000000	0.000000	0.082058
11	tsk_11	(x)	1	:	0.000000	0.000000	0.000000	0.000000	0.000000	0.332981	0.493583	0.000000	0.173436
12	tsk_12	(x)	1	:	0.000000	0.000000	0.000000	0.000000	0.000000	0.738436	0.000000	0.000000	0.261564
13	tsk_13	(x)	1	:	0.000000	0.497149	0.502798	0.000000	0.000000	0.000044	0.000000	0.000000	0.000009
14	tsk_14	(x)	1	:	0.491766	0.000000	0.508213	0.000000	0.000000	0.000012	0.000000	0.000000	0.000009
15	tsk_15	(x)	1	:	0.000000	0.000000	0.000000	0.000000	0.000000	0.370988	0.493583	0.000000	0.135429
16	tsk_16	(x)	1	:	0.000000	0.000000	0.000000	0.000000	0.000000	0.050418	0.000000	0.478508	0.471074
17	tsk_17	(x)	1	:	0.468191	0.000000	0.000000	0.000000	0.000000	0.000000	0.000000	0.531809	0.000000
18	tsk_18	(x)	1	:	0.000000	0.000000	0.000000	0.000000	0.000000	0.000000	1.000000	0.000000	0.000000
19	tsk_19	(x)	1	:	0.000000	0.000000	0.000000	0.000000	0.000000	0.098231	0.000000	0.478508	0.423261
20	tsk_20	(x)	1	:	0.000000	0.000000	0.000000	0.000000	0.484281	0.271478	0.000000	0.000000	0.244241
21	tsk_21	(x)	1	:	0.000000	0.377330	0.000000	0.000000	0.160752	0.348190	0.000000	0.000000	0.113728
22	tsk_22	(x)	1	:	0.507425	0.000000	0.000000	0.000000	0.000000	0.182827	0.000000	0.000000	0.309748
23	tsk_23	(x)	1	:	0.000000	0.000000	0.000000	1.000000	0.000000	0.000000	0.000000	0.000000	0.000000
24	tsk_24	(x)	1	:	0.000000	0.000000	0.442084	0.000000	0.557916	0.000000	0.000000	0.000000	0.000000
25	tsk_25	(x)	1	:	0.000000	0.000000	0.000000	0.533789	0.000000	0.393565	0.000000	0.000000	0.072646
26	tsk_26	(x)	1	:	0.000000	0.000000	0.000000	0.000000	0.484281	0.337271	0.000000	0.000000	0.178448
27	tsk_27	(x)	1	:	0.000000	0.000000	0.527971	0.472029	0.000000	0.000000	0.000000	0.000000	0.000000
28	tsk_28	(x)	1	:	0.469306	0.000000	0.319017	0.000000	0.211677	0.000000	0.000000	0.000000	0.000000
29	tsk_29	(x)	1	:	0.513315	0.000000	0.000000	0.000000	0.486685	0.000000	0.000000	0.000000	0.000000
30	tsk_30	(x)	1	:	1.000000	0.000000	0.000000	0.000000	0.000000	0.000000	0.000000	0.000000	0.000000
31	tsk_31	(x)	1	:	0.508289	0.000000	0.491670	0.000000	0.000000	0.000000	0.000000	0.000000	0.000040
32	tsk_32	(x)	1	:	0.000000	0.000000	0.000000	0.000000	0.000000	0.728142	0.000000	0.000000	0.271858
33	tsk_33	(x)	1	:	0.491343	0.508657	0.000000	0.000000	0.000000	0.000000	0.000000	0.000000	0.000000
34	tsk_34	(x)	1	:	0.508122	0.491878	0.000000	0.000000	0.000000	0.000000	0.000000	0.000000	0.000000
35	tsk_35	(x)	1	:	0.508289	0.000000	0.491670	0.000000	0.000000	0.000000	0.000000	0.000000	0.000040
36	tsk_36	(x)	1	:	0.535548	0.464452	0.000000	0.000000	0.000000	0.000000	0.000000	0.000000	0.000000
37	tsk_37	(x)	1	:	0.491343	0.508657	0.000000	0.000000	0.000000	0.000000	0.000000	0.000000	0.000000
38	tsk_38	(x)	1	:	0.000000	0.476402	0.000000	0.523598	0.000000	0.000000	0.000000	0.000000	0.000000
39	tsk_39	(x)	1	:	0.000000	0.476402	0.000000	0.523598	0.000000	0.000000	0.000000	0.000000	0.000000
40	tsk_40	(x)	1	:	0.491576	0.000000	0.000000	0.000000	0.000000	0.000000	0.508424	0.000000	0.000000
41	tsk_41	(x)	1	:	0.000000	0.568148	0.000000	0.000000	0.000000	0.000000	0.000000	0.431852	0.000000
42	tsk_42	(x)	1	:	0.000000	0.568148	0.000000	0.000000	0.000000	0.000000	0.000000	0.431852	0.000000
43	tsk_43	(x)	1	:	0.000000	0.534201	0.465797	0.000000	0.000000	0.000002	0.000000	0.000000	0.000000
44	tsk_44	(x)	1	:	0.000000	0.501952	0.000000	0.000000	0.000000	0.331193	0.000000	0.000000	0.166855
45	tsk_45	(x)	1	:	0.000000	0.000000	0.491962	0.000000	0.000000	0.000003	0.000000	0.508033	0.000002
46	tsk_46	(x)	1	:	0.508122	0.491878	0.000000	0.000000	0.000000	0.000000	0.000000	0.000000	0.000000
47	tsk_47	(x)	1	:	0.000000	1.000000	0.000000	0.000000	0.000000	0.000000	0.000000	0.000000	0.000000
48	tsk_48	(x)	1	:	0.000000	0.509236	0.000000	0.000000	0.000000	0.000000	0.490764	0.000000	0.000000
49	tsk_49	(x)	1	:	0.000000	0.469811	0.530189	0.000000	0.000000	0.000000	0.000000	0.000000	0.000000
50	tsk_50	(x)	1	:	0.000000	0.000000	0.000000	0.000000	0.000000	0.819691	0.000000	0.000000	0.180309
51	tsk_51	(x)	1	:	0.000000	0.000000	0.000000	0.000000	0.000000	0.854920	0.000000	0.000000	0.145079
52	tsk_52	(x)	1	:	0.000000	0.000000	0.557838	0.000000	0.000000	0.330632	0.000000	0.000000	0.111530
53	tsk_53	(x)	1	:	0.000000	0.000000	0.000000	0.000000	0.000000	0.872180	0.000000	0.000000	0.127820
54	tsk_54	(x)	1	:	0.000000	0.000000	0.555843	0.000000	0.000000	0.000000	0.000000	0.444157	0.000000
55	tsk_55	(x)	1	:	0.000000	0.000000	0.519769	0.000000	0.000000	0.000000	0.480231	0.000000	0.000000
56	tsk_56	(x)	1	:	0.000000	0.000000	0.000000	0.502604	0.000000	0.000000	0.497395	0.000000	0.000000
57	tsk_57	(x)	1	:	0.000000	0.509236	0.000000	0.000000	0.000000	0.000000	0.490764	0.000000	0.000000
58	tsk_58	(x)	1	:	0.000000	0.000000	0.527971	0.472029	0.000000	0.000000	0.000000	0.000000	0.000000
59	tsk_59	(x)	1	:	0.000000	0.000000	0.557838	0.000000	0.000000	0.244073	0.000000	0.000000	0.198089
60	tsk_60	(x)	1	:	0.000000	0.474553	0.000000	0.000000	0.000000	0.000000	0.525447	0.000000	0.000000
61	tsk_61	(x)	1	:	0.498741	0.000000	0.501258	0.000000	0.000000	0.000000	0.000000	0.000000	0.000000
62	tsk_62	(x)	1	:	0.000000	0.000000	0.000000	0.000000	0.000000	0.415709	0.000000	0.475167	0.109124
63	tsk_63	(x)	1	:	0.000000	0.000000	0.000000	0.000000	0.000000	0.000000	0.000000	1.000000	0.000000
64	tsk_64	(x)	1	:	0.507425	0.000000	0.000000	0.000000	0.000000	0.373473	0.000000	0.000000	0.119102
65	tsk_65	(x)	1	:	0.000000	0.000000	0.440661	0.000000	0.000000	0.410445	0.000000	0.000000	0.148894
66	tsk_66	(x)	1	:	0.000000	0.000000	0.000000	0.493638	0.000000	0.417627	0.000000	0.000000	0.088735
67	tsk_67	(x)	1	:	0.515177	0.000000	0.484821	0.000000	0.000000	0.000002	0.000000	0.000000	0.000000
68	tsk_68	(x)	1	:	0.507425	0.000000	0.000000	0.000000	0.000000	0.284625	0.000000	0.000000	0.207950
69	tsk_69	(x)	1	:	0.000000	0.000000	0.440661	0.000000	0.000000	0.424440	0.000000	0.000000	0.134899
70	tsk_70	(x)	1	:	0.000000	0.000000	0.440661	0.000000	0.000000	0.391690	0.000000	0.000000	0.167649
71	tsk_71	(x)	1	:	0.000000	0.000000	0.000000	0.000000	0.000000	0.781773	0.000000	0.000000	0.218227
72	tsk_72	(x)	1	:	0.000000	0.531548	0.000000	0.000000	0.468452	0.000000	0.000000	0.000000	0.000000
73	tsk_73	(x)	1	:	0.000000	0.501952	0.000000	0.000000	0.000000	0.294652	0.000000	0.000000	0.203395
74	tsk_74	(x)	1	:	0.488110	0.000000	0.000000	0.000000	0.511890	0.000000	0.000000	0.000000	0.000000
75	tsk_75	(x)	1	:	0.491343	0.508657	0.000000	0.000000	0.000000	0.000000	0.000000	0.000000	0.000000
76	tsk_76	(x)	1	:	0.000000	0.000000	0.000000	0.000000	0.000000	0.737411	0.000000	0.000000	0.262589
77	tsk_77	(x)	1	:	0.000000	0.000000	0.000000	0.000000	0.000000	0.337987	0.493583	0.000000	0.168430
78	tsk_78	(x)	1	:	0.000000	0.984062	0.000000	0.000000	0.000000	0.000000	0.000000	0.015938	0.000000
79	tsk_79	(x)	1	:	0.000000	0.000000	0.440661	0.000000	0.000000	0.418120	0.000000	0.000000	0.141218
80	tsk_80	(x)	1	:	0.000000	0.466916	0.000000	0.000000	0.000000	0.442094	0.000000	0.000002	0.090987
81	tsk_81	(x)	1	:	0.000000	0.501952	0.000000	0.000000	0.000000	0.323264	0.000000	0.000000	0.174784
82	tsk_82	(x)	1	:	0.000000	0.000000	0.000000	0.000000	0.000000	0.804028	0.000000	0.000000	0.195972
83	tsk_83	(x)	1	:	0.000000	0.000000	0.000000	0.000000	0.000000	0.769113	0.000000	0.000000	0.230887
84	tsk_84	(x)	1	:	0.000000	0.000000	0.440661	0.000000	0.000000	0.428528	0.000000	0.000000	0.130811
85	tsk_85	(x)	1	:	0.000000	0.501952	0.000000	0.000000	0.000000	0.306948	0.000000	0.000000	0.191100
86	tsk_86	(x)	1	:	0.000000	0.466916	0.000000	0.000000	0.000000	0.397764	0.000000	0.000002	0.135317
87	tsk_87	(x)	1	:	0.000000	0.512150	0.000000	0.487850	0.000000	0.000000	0.000000	0.000000	0.000000
88	tsk_88	(x)	1	:	0.000000	0.000000	0.440661	0.000000	0.000000	0.455043	0.000000	0.000000	0.104295
89	tsk_89	(x)	1	:	0.491766	0.000000	0.508212	0.000000	0.000000	0.000017	0.000000	0.000000	0.000004
90	tsk_90	(x)	1	:	0.514690	0.000000	0.000000	0.000000	0.000000	0.000000	0.000000	0.485310	0.000000
91	tsk_91	(x)	1	:	0.000000	0.000000	0.486216	0.513777	0.000000	0.000006	0.000000	0.000000	0.000001
92	tsk_92	(x)	1	:	0.515177	0.000000	0.484820	0.000000	0.000000	0.000003	0.000000	0.000000	0.000000
93	tsk_93	(x)	1	:	0.000000	0.000000	0.488403	0.000000	0.000000	0.000000	0.000000	0.511567	0.000031
94	tsk_94	(x)	1	:	0.000000	0.534201	0.465797	0.000000	0.000000	0.000001	0.000000	0.000001	0.000001
95	tsk_95	(x)	1	:	0.000000	0.000000	0.486217	0.513777	0.000000	0.000005	0.000000	0.000000	0.000001
96	tsk_96	(x)	1	:	0.491766	0.000000	0.508216	0.000000	0.000000	0.000012	0.000000	0.000000	0.000006
97	tsk_97	(x)	1	:	0.000000	0.000000	0.000000	0.000000	0.000000	0.720979	0.000000	0.000000	0.279021
98	tsk_98	(x)	1	:	0.000000	0.000000	0.000000	1.000000	0.000000	0.000000	0.000000	0.000000	0.000000
99	tsk_99	(x)	1	:	0.000000	0.000000	0.000000	0.000000	0.000000	0.805695	0.000000	0.000000	0.194305
100	tsk_100	(x)	1	:	0.509872	0.000000	0.000000	0.490128	0.000000	0.000000	0.000000	0.000000	0.000000
101	tsk_101	(x)	1	:	0.000000	0.000000	0.000000	0.511126	0.000000	0.000000	0.000000	0.488874	0.000000
102	tsk_102	(x)	1	:	0.507425	0.000000	0.000000	0.000000	0.000000	0.337451	0.000000	0.000000	0.155124
103	tsk_103	(x)	1	:	0.000000	0.512150	0.000000	0.487850	0.000000	0.000000	0.000000	0.000000	0.000000
104	tsk_104	(x)	1	:	0.508122	0.491878	0.000000	0.000000	0.000000	0.000000	0.000000	0.000000	0.000000
105	tsk_105	(x)	1	:	0.507425	0.000000	0.000000	0.000000	0.000000	0.396019	0.000000	0.000000	0.096555
106	tsk_106	(x)	1	:	0.493568	0.000000	0.000000	0.506432	0.000000	0.000000	0.000000	0.000000	0.000000
107	tsk_107	(x)	1	:	0.526067	0.473933	0.000000	0.000000	0.000000	0.000000	0.000000	0.000000	0.000000
108	tsk_108	(x)	1	:	0.000000	0.000000	0.000000	1.000000	0.000000	0.000000	0.000000	0.000000	0.000000
109	tsk_109	(x)	1	:	0.000000	0.000000	0.000000	0.533770	0.000000	0.182135	0.000000	0.000000	0.284095
110	tsk_110	(x)	1	:	0.000000	0.474553	0.000000	0.000000	0.000000	0.000000	0.525447	0.000000	0.000000
111	tsk_111	(x)	1	:	0.515177	0.000000	0.484820	0.000000	0.000000	0.000003	0.000000	0.000000	0.000001
112	tsk_112	(x)	1	:	0.000000	0.534201	0.465797	0.000000	0.000000	0.000001	0.000000	0.000001	0.000000
113	tsk_113	(x)	1	:	0.460442	0.000000	0.000000	0.000000	0.000000	0.000000	0.539558	0.000000	0.000000
114	tsk_114	(x)	1	:	1.000000	0.000000	0.000000	0.000000	0.000000	0.000000	0.000000	0.000000	0.000000
115	tsk_115	(x)	1	:	0.480408	0.519591	0.000000	0.000000	0.000000	0.000000	0.000000	0.000000	0.000000
116	tsk_116	(x)	1	:	0.000000	0.531548	0.000000	0.000000	0.468452	0.000000	0.000000	0.000000	0.000000
117	tsk_117	(x)	1	:	0.487966	0.000000	0.000000	0.000000	0.000000	0.000000	0.000000	0.512034	0.000000
118	tsk_118	(x)	1	:	1.000000	0.000000	0.000000	0.000000	0.000000	0.000000	0.000000	0.000000	0.000000
119	tsk_119	(x)	1	:	0.508122	0.491878	0.000000	0.000000	0.000000	0.000000	0.000000	0.000000	0.000000
120	tsk_120	(x)	1	:	0.000000	0.000000	1.000000	0.000000	0.000000	0.000000	0.000000	0.000000	0.000000
121	tsk_121	(x)	1	:	0.000000	0.534201	0.465797	0.000000	0.000000	0.000002	0.000000	0.000000	0.000000
122	tsk_122	(x)	1	:	0.000000	0.000000	1.000000	0.000000	0.000000	0.000000	0.000000	0.000000	0.000000
123	tsk_123	(x)	1	:	0.000000	1.000000	0.000000	0.000000	0.000000	0.000000	0.000000	0.000000	0.000000
124	tsk_124	(x)	1	:	0.000000	0.000000	0.615067	0.000000	0.384933	0.000000	0.000000	0.000000	0.000000
125	tsk_125	(x)	1	:	0.000000	0.531548	0.000000	0.000000	0.468452	0.000000	0.000000	0.000000	0.000000
126	tsk_126	(x)	1	:	0.000000	0.000000	0.491326	0.000000	0.508670	0.000002	0.000000	0.000000	0.000002
127	tsk_127	(x)	1	:	0.000000	1.000000	0.000000	0.000000	0.000000	0.000000	0.000000	0.000000	0.000000
128	tsk_128	(x)	1	:	0.000000	0.534201	0.465797	0.000000	0.000000	0.000001	0.000000	0.000000	0.000000
129	tsk_129	(x)	1	:	0.000000	0.000000	1.000000	0.000000	0.000000	0.000000	0.000000	0.000000	0.000000
130	tsk_130	(x)	1	:	0.000000	0.000000	0.018381	0.339442	0.000000	0.162666	0.000000	0.440753	0.038758
131	tsk_131	(x)	1	:	0.000000	0.512150	0.000000	0.487850	0.000000	0.000000	0.000000	0.000000	0.000000
132	tsk_132	(x)	1	:	0.000000	0.000000	1.000000	0.000000	0.000000	0.000000	0.000000	0.000000	0.000000
133	tsk_133	(x)	1	:	0.000000	0.512150	0.000000	0.487850	0.000000	0.000000	0.000000	0.000000	0.000000
134	tsk_134	(x)	1	:	0.000000	1.000000	0.000000	0.000000	0.000000	0.000000	0.000000	0.000000	0.000000
135	tsk_135	(x)	1	:	0.000000	0.512150	0.000000	0.487850	0.000000	0.000000	0.000000	0.000000	0.000000
136	tsk_136	(x)	1	:	0.000000	0.000000	0.486216	0.513777	0.000000	0.000006	0.000000	0.000000	0.000001
137	tsk_137	(x)	1	:	0.000000	0.000000	0.486216	0.513777	0.000000	0.000006	0.000000	0.000000	0.000001
138	tsk_138	(x)	1	:	0.000000	0.000000	1.000000	0.000000	0.000000	0.000000	0.000000	0.000000	0.000000
139	tsk_139	(x)	1	:	0.000000	0.000000	0.114836	0.000000	0.000000	0.233866	0.000000	0.516465	0.134833
140	tsk_140	(x)	1	:	0.507425	0.000000	0.000000	0.000000	0.000000	0.339514	0.000000	0.000000	0.153060
141	tsk_141	(x)	1	:	0.000000	0.000000	0.000000	0.000000	0.000000	0.734283	0.000000	0.000000	0.265717
142	tsk_142	(x)	1	:	0.513315	0.000000	0.000000	0.000000	0.486685	0.000000	0.000000	0.000000	0.000000
143	tsk_143	(x)	1	:	0.514690	0.000000	0.000000	0.000000	0.000000	0.000000	0.000000	0.485310	0.000000
144	tsk_144	(x)	1	:	0.486957	0.000000	0.000000	0.000000	0.000000	0.000000	0.000000	0.513043	0.000000
145	tsk_145	(x)	1	:	0.000000	0.000000	0.000000	0.502604	0.000000	0.000000	0.497395	0.000000	0.000000
146	tsk_146	(x)	1	:	0.000000	0.000000	0.000000	0.000000	0.000000	0.000000	1.000000	0.000000	0.000000
147	tsk_147	(x)	1	:	0.000000	0.000000	0.000000	0.000000	0.000000	0.056011	0.000000	0.478508	0.465481
148	tsk_148	(x)	1	:	0.000000	0.000000	0.000000	0.502604	0.000000	0.000000	0.497395	0.000000	0.000000
149	tsk_149	(x)	1	:	0.000000	0.000000	0.000000	0.000000	0.000000	0.800061	0.000000	0.000000	0.199939
