logL = -1292.993764 (converged)
AIC = 2989.987529
BIC = 3598.135858

count.K
75 75 

