0	tsk_0	(x)	1	:	0.000000	0.000000	0.616760	0.000000	0.000000	0.000000	0.000000	0.000000	0.383239	0.000000	0.000000
1	tsk_1	(x)	1	:	1.000000	0.000000	0.000000	0.000000	0.000000	0.000000	0.000000	0.000000	0.000000	0.000000	0.000000
2	tsk_2	(x)	1	:	1.000000	0.000000	0.000000	0.000000	0.000000	0.000000	0.000000	0.000000	0.000000	0.000000	0.000000
3	tsk_3	(x)	1	:	0.498178	0.000000	0.000068	0.000000	0.000000	0.000000	0.000000	0.000000	0.501754	0.000000	0.000000
4	tsk_4	(x)	1	:	0.380903	0.000000	0.619097	0.000000	0.000000	0.000000	0.000000	0.000000	0.000000	0.000000	0.000000
5	tsk_5	(x)	1	:	1.000000	0.000000	0.000000	0.000000	0.000000	0.000000	0.000000	0.000000	0.000000	0.000000	0.000000
6	tsk_6	(x)	1	:	0.497493	0.000000	0.000034	0.000000	0.000000	0.000000	0.000000	0.000000	0.002822	0.000000	0.499651
7	tsk_7	(x)	1	:	0.000000	0.000000	0.000000	0.000000	0.000000	0.000000	0.000000	0.000000	1.000000	0.000000	0.000000
8	tsk_8	(x)	1	:	1.000000	0.000000	0.000000	0.000000	0.000000	0.000000	0.000000	0.000000	0.000000	0.000000	0.000000
9	tsk_9	(x)	1	:	0.000000	0.000000	0.000000	0.000000	0.000000	0.000000	0.000000	0.000000	0.500000	0.000000	0.500000
10	tsk_10	(x)	1	:	0.000000	0.000000	0.000000	0.000000	0.000000	0.000000	0.000000	1.000000	0.000000	0.000000	0.000000
11	tsk_11	(x)	1	:	0.000000	0.000000	0.000000	0.000000	0.000000	0.000000	0.000000	0.513640	0.000000	0.486360	0.000000
12	tsk_12	(x)	1	:	0.000000	0.000000	0.000000	0.000000	0.000000	0.000000	0.000000	0.461654	0.033985	0.000000	0.504361
13	tsk_13	(x)	1	:	0.000000	0.000000	0.000000	0.000000	0.000000	0.000000	0.000000	0.000000	0.500000	0.000000	0.500000
14	tsk_14	(x)	1	:	0.000000	0.000000	0.000000	0.000000	0.000000	0.000000	0.000000	0.540232	0.000000	0.000000	0.459768
15	tsk_15	(x)	1	:	0.000000	0.000000	0.000000	0.000000	0.000000	0.000000	0.000000	0.000000	0.500000	0.000000	0.500000
16	tsk_16	(x)	1	:	0.000000	0.000000	0.000000	0.000000	0.000000	0.000000	0.000000	0.648650	0.351350	0.000000	0.000000
17	tsk_17	(x)	1	:	0.000086	0.000000	0.492935	0.000000	0.000000	0.000000	0.000000	0.000000	0.002249	0.504730	0.000000
18	tsk_18	(x)	1	:	0.000000	0.000000	0.000000	0.000000	0.000000	0.000000	0.000000	0.000000	0.000000	0.000000	1.000000
19	tsk_19	(x)	1	:	0.000000	0.000000	0.000000	0.000000	0.000000	0.000000	0.000000	0.648650	0.351350	0.000000	0.000000
20	tsk_20	(x)	1	:	0.000000	0.000000	0.000000	0.357166	0.000000	0.000000	0.172725	0.000000	0.000000	0.000000	0.470110
21	tsk_21	(x)	1	:	0.000000	0.000000	0.000017	0.497582	0.000000	0.000000	0.000000	0.000000	0.002217	0.000000	0.500184
22	tsk_22	(x)	1	:	0.000000	0.000000	0.000000	0.000000	0.000000	0.000000	0.000000	0.000000	0.000000	0.000000	1.000000
23	tsk_23	(x)	1	:	0.000000	0.000000	0.000000	1.000000	0.000000	0.000000	0.000000	0.000000	0.000000	0.000000	0.000000
24	tsk_24	(x)	1	:	0.000000	0.000000	0.000000	0.342072	0.000000	0.000000	0.191751	0.000000	0.000000	0.000000	0.466177
25	tsk_25	(x)	1	:	0.000000	0.000000	0.000016	0.496836	0.000000	0.000000	0.000000	0.000000	0.003336	0.000000	0.499812
26	tsk_26	(x)	1	:	0.000000	0.000000	0.000000	0.000000	0.000000	0.461650	0.000000	0.000000	0.038522	0.000000	0.499828
27	tsk_27	(x)	1	:	0.000000	0.000000	0.000018	0.496658	0.000000	0.000000	0.000000	0.000000	0.003600	0.000000	0.499724
28	tsk_28	(x)	1	:	0.000000	0.000000	0.000026	0.497601	0.000000	0.000000	0.000000	0.000000	0.002176	0.000000	0.500197
29	tsk_29	(x)	1	:	0.000000	0.000000	0.000022	0.496294	0.000000	0.000000	0.000000	0.000000	0.004141	0.000000	0.499543
30	tsk_30	(x)	1	:	0.000000	0.000000	0.403639	0.000000	0.000000	0.462454	0.000000	0.000000	0.133907	0.000000	0.000000
31	tsk_31	(x)	1	:	0.500949	0.000000	0.000082	0.498970	0.000000	0.000000	0.000000	0.000000	0.000000	0.000000	0.000000
32	tsk_32	(x)	1	:	0.000000	0.000000	0.000027	0.497103	0.000000	0.000000	0.000000	0.000000	0.002922	0.000000	0.499948
33	tsk_33	(x)	1	:	0.000000	0.000000	0.000000	1.000000	0.000000	0.000000	0.000000	0.000000	0.000000	0.000000	0.000000
34	tsk_34	(x)	1	:	0.000000	0.000000	0.403638	0.000000	0.000000	0.462453	0.000000	0.000000	0.133909	0.000000	0.000000
35	tsk_35	(x)	1	:	0.435737	0.000000	0.000000	0.000000	0.000000	0.000000	0.000000	0.564263	0.000000	0.000000	0.000000
36	tsk_36	(x)	1	:	0.000000	0.000000	0.000000	0.435181	0.000000	0.000000	0.000000	0.564819	0.000000	0.000000	0.000000
37	tsk_37	(x)	1	:	0.594081	0.000000	0.405919	0.000000	0.000000	0.000000	0.000000	0.000000	0.000000	0.000000	0.000000
38	tsk_38	(x)	1	:	1.000000	0.000000	0.000000	0.000000	0.000000	0.000000	0.000000	0.000000	0.000000	0.000000	0.000000
39	tsk_39	(x)	1	:	0.000000	0.000000	0.000000	1.000000	0.000000	0.000000	0.000000	0.000000	0.000000	0.000000	0.000000
40	tsk_40	(x)	1	:	0.000000	0.000000	0.000000	1.000000	0.000000	0.000000	0.000000	0.000000	0.000000	0.000000	0.000000
41	tsk_41	(x)	1	:	0.503671	0.000000	0.000204	0.000000	0.496124	0.000000	0.000000	0.000000	0.000000	0.000000	0.000000
42	tsk_42	(x)	1	:	0.495841	0.000000	0.000025	0.000000	0.000000	0.000000	0.000000	0.000000	0.005309	0.000000	0.498826
43	tsk_43	(x)	1	:	0.503667	0.000000	0.000213	0.000000	0.496120	0.000000	0.000000	0.000000	0.000000	0.000000	0.000000
44	tsk_44	(x)	1	:	0.500948	0.000000	0.000082	0.498969	0.000000	0.000000	0.000000	0.000000	0.000000	0.000000	0.000000
45	tsk_45	(x)	1	:	0.000000	0.592919	0.401647	0.000000	0.000000	0.000000	0.000000	0.000000	0.005434	0.000000	0.000000
46	tsk_46	(x)	1	:	0.000000	0.000000	0.000000	1.000000	0.000000	0.000000	0.000000	0.000000	0.000000	0.000000	0.000000
47	tsk_47	(x)	1	:	0.503668	0.000000	0.000210	0.000000	0.496121	0.000000	0.000000	0.000000	0.000000	0.000000	0.000000
48	tsk_48	(x)	1	:	1.000000	0.000000	0.000000	0.000000	0.000000	0.000000	0.000000	0.000000	0.000000	0.000000	0.000000
49	tsk_49	(x)	1	:	0.497775	0.000000	0.000020	0.000000	0.000000	0.461579	0.000000	0.000000	0.040626	0.000000	0.000000
50	tsk_50	(x)	1	:	0.000000	0.000000	0.000106	0.000000	0.495407	0.000000	0.000000	0.000000	0.003974	0.000000	0.500513
51	tsk_51	(x)	1	:	0.000000	0.000000	0.000023	0.496637	0.000000	0.000000	0.000000	0.000000	0.003625	0.000000	0.499715
52	tsk_52	(x)	1	:	0.000000	0.000000	0.000000	0.000000	1.000000	0.000000	0.000000	0.000000	0.000000	0.000000	0.000000
53	tsk_53	(x)	1	:	0.000000	0.000000	0.000000	0.000000	0.000000	0.573198	0.000000	0.423855	0.002947	0.000000	0.000000
54	tsk_54	(x)	1	:	0.000000	0.347113	0.000187	0.000000	0.494465	0.000000	0.000000	0.000000	0.158234	0.000000	0.000000
55	tsk_55	(x)	1	:	0.000000	0.000000	0.000020	0.495713	0.000000	0.000000	0.000000	0.000000	0.005012	0.000000	0.499254
56	tsk_56	(x)	1	:	0.000000	0.000000	0.623974	0.000000	0.376026	0.000000	0.000000	0.000000	0.000000	0.000000	0.000000
57	tsk_57	(x)	1	:	0.000000	0.000000	0.000065	0.497190	0.000000	0.000000	0.000000	0.000000	0.502745	0.000000	0.000000
58	tsk_58	(x)	1	:	0.000000	0.000000	0.000017	0.496145	0.000000	0.000000	0.000000	0.000000	0.004371	0.000000	0.499467
59	tsk_59	(x)	1	:	0.000000	0.000000	0.000014	0.496875	0.000000	0.000000	0.000000	0.000000	0.003280	0.000000	0.499831
60	tsk_60	(x)	1	:	0.000000	0.346930	0.000000	0.000000	0.000000	0.000000	0.000000	0.000000	0.153064	0.000000	0.500006
61	tsk_61	(x)	1	:	0.000000	0.000000	0.000144	0.000000	0.494367	0.000000	0.000000	0.000000	0.505489	0.000000	0.000000
62	tsk_62	(x)	1	:	0.000000	0.000000	0.000025	0.498225	0.000000	0.000000	0.000000	0.446163	0.055587	0.000000	0.000000
63	tsk_63	(x)	1	:	0.000000	0.346990	0.000000	0.000000	0.000000	0.000000	0.000000	0.444258	0.208751	0.000000	0.000000
64	tsk_64	(x)	1	:	0.000000	0.000000	0.000000	0.000000	0.000000	0.000000	0.000000	0.000000	0.500000	0.000000	0.500000
65	tsk_65	(x)	1	:	0.000000	0.000000	0.000000	0.000000	0.000000	0.000000	0.000000	0.444168	0.555832	0.000000	0.000000
66	tsk_66	(x)	1	:	0.000000	0.000000	0.000000	0.000000	0.000000	0.000000	0.000000	0.455235	0.042023	0.000000	0.502742
67	tsk_67	(x)	1	:	0.000000	0.000000	0.000077	0.498948	0.000000	0.000000	0.000000	0.447654	0.053321	0.000000	0.000000
68	tsk_68	(x)	1	:	0.499884	0.000000	0.000118	0.000000	0.000000	0.000000	0.000000	0.447589	0.052409	0.000000	0.000000
69	tsk_69	(x)	1	:	0.000000	0.000000	0.000207	0.000000	0.496922	0.000000	0.000000	0.449301	0.053570	0.000000	0.000000
70	tsk_70	(x)	1	:	0.397674	0.000000	0.000000	0.000000	0.391120	0.000000	0.211206	0.000000	0.000000	0.000000	0.000000
71	tsk_71	(x)	1	:	0.500949	0.000000	0.000081	0.498970	0.000000	0.000000	0.000000	0.000000	0.000000	0.000000	0.000000
72	tsk_72	(x)	1	:	1.000000	0.000000	0.000000	0.000000	0.000000	0.000000	0.000000	0.000000	0.000000	0.000000	0.000000
73	tsk_73	(x)	1	:	0.000000	0.000000	0.000000	0.000000	0.000000	0.511465	0.000000	0.000000	0.000000	0.488535	0.000000
74	tsk_74	(x)	1	:	0.000000	0.000000	0.000000	0.396678	0.391849	0.000000	0.211473	0.000000	0.000000	0.000000	0.000000
75	tsk_75	(x)	1	:	0.000000	0.000000	0.000000	0.000000	0.000000	0.581663	0.000000	0.000000	0.043366	0.000000	0.374971
76	tsk_76	(x)	1	:	0.495826	0.000000	0.000022	0.000000	0.000000	0.000000	0.000000	0.000000	0.005334	0.000000	0.498818
77	tsk_77	(x)	1	:	0.000000	0.000000	0.000000	0.000000	0.381713	0.618287	0.000000	0.000000	0.000000	0.000000	0.000000
78	tsk_78	(x)	1	:	0.000000	0.000000	0.000011	0.496556	0.000000	0.000000	0.000000	0.000000	0.003763	0.000000	0.499671
79	tsk_79	(x)	1	:	0.000000	0.000000	0.000014	0.495879	0.000000	0.000000	0.000000	0.000000	0.004773	0.000000	0.499334
80	tsk_80	(x)	1	:	1.000000	0.000000	0.000000	0.000000	0.000000	0.000000	0.000000	0.000000	0.000000	0.000000	0.000000
81	tsk_81	(x)	1	:	0.000000	0.000000	0.000000	1.000000	0.000000	0.000000	0.000000	0.000000	0.000000	0.000000	0.000000
82	tsk_82	(x)	1	:	1.000000	0.000000	0.000000	0.000000	0.000000	0.000000	0.000000	0.000000	0.000000	0.000000	0.000000
83	tsk_83	(x)	1	:	0.458970	0.541030	0.000000	0.000000	0.000000	0.000000	0.000000	0.000000	0.000000	0.000000	0.000000
84	tsk_84	(x)	1	:	0.503669	0.000000	0.000208	0.000000	0.496123	0.000000	0.000000	0.000000	0.000000	0.000000	0.000000
85	tsk_85	(x)	1	:	1.000000	0.000000	0.000000	0.000000	0.000000	0.000000	0.000000	0.000000	0.000000	0.000000	0.000000
86	tsk_86	(x)	1	:	0.000000	0.000000	0.000000	0.000000	0.000000	0.000000	0.000000	0.444168	0.555832	0.000000	0.000000
87	tsk_87	(x)	1	:	0.497784	0.000000	0.000016	0.000000	0.000000	0.461586	0.000000	0.000000	0.040614	0.000000	0.000000
88	tsk_88	(x)	1	:	0.503667	0.000000	0.000212	0.000000	0.496120	0.000000	0.000000	0.000000	0.000000	0.000000	0.000000
89	tsk_89	(x)	1	:	0.458970	0.541030	0.000000	0.000000	0.000000	0.000000	0.000000	0.000000	0.000000	0.000000	0.000000
90	tsk_90	(x)	1	:	0.425672	0.155639	0.000000	0.000000	0.418688	0.000000	0.000000	0.000000	0.000000	0.000000	0.000000
91	tsk_91	(x)	1	:	0.000000	0.000000	0.000000	0.000000	0.000000	0.000000	0.000000	1.000000	0.000000	0.000000	0.000000
92	tsk_92	(x)	1	:	0.000000	0.000000	0.404664	0.000000	0.000000	0.000000	0.000000	0.446241	0.149095	0.000000	0.000000
93	tsk_93	(x)	1	:	0.000000	0.000000	0.000000	0.000000	0.000000	0.000000	0.000000	1.000000	0.000000	0.000000	0.000000
94	tsk_94	(x)	1	:	0.440223	0.215922	0.000000	0.000000	0.000000	0.000000	0.000000	0.343854	0.000000	0.000000	0.000000
95	tsk_95	(x)	1	:	0.000000	0.000000	0.000186	0.000000	0.496268	0.000000	0.000000	0.447980	0.055566	0.000000	0.000000
96	tsk_96	(x)	1	:	0.000000	0.000000	0.000127	0.000000	0.495210	0.000000	0.000000	0.445814	0.058849	0.000000	0.000000
97	tsk_97	(x)	1	:	0.503667	0.000000	0.000213	0.000000	0.496120	0.000000	0.000000	0.000000	0.000000	0.000000	0.000000
98	tsk_98	(x)	1	:	0.499704	0.000000	0.000068	0.000000	0.000000	0.000000	0.000000	0.447180	0.053048	0.000000	0.000000
99	tsk_99	(x)	1	:	0.000000	0.000000	0.000000	0.000000	1.000000	0.000000	0.000000	0.000000	0.000000	0.000000	0.000000
100	tsk_100	(x)	1	:	0.000000	0.000000	0.402769	0.000000	0.000000	0.000000	0.000000	0.000000	0.597230	0.000000	0.000000
101	tsk_101	(x)	1	:	0.000000	0.346929	0.000000	0.000000	0.000000	0.000000	0.000000	0.000000	0.153065	0.000000	0.500006
102	tsk_102	(x)	1	:	0.496217	0.000000	0.000020	0.000000	0.000000	0.000000	0.000000	0.000000	0.004751	0.000000	0.499012
103	tsk_103	(x)	1	:	0.000000	0.347046	0.402902	0.000000	0.000000	0.000000	0.000000	0.000000	0.250052	0.000000	0.000000
104	tsk_104	(x)	1	:	0.000000	0.000000	0.407675	0.592325	0.000000	0.000000	0.000000	0.000000	0.000000	0.000000	0.000000
105	tsk_105	(x)	1	:	0.498187	0.000000	0.000049	0.000000	0.000000	0.000000	0.000000	0.000000	0.501763	0.000000	0.000000
106	tsk_106	(x)	1	:	0.000045	0.000000	0.000000	0.000001	0.000002	0.000000	0.303869	0.000000	0.696083	0.000000	0.000000
107	tsk_107	(x)	1	:	0.500944	0.000000	0.000090	0.498966	0.000000	0.000000	0.000000	0.000000	0.000000	0.000000	0.000000
108	tsk_108	(x)	1	:	0.498203	0.000000	0.000065	0.000000	0.000000	0.000000	0.000000	0.000000	0.126720	0.000000	0.375012
109	tsk_109	(x)	1	:	0.000000	0.000000	0.000184	0.000000	0.496287	0.000000	0.000000	0.448017	0.055512	0.000000	0.000000
110	tsk_110	(x)	1	:	0.000000	0.000000	0.000000	0.000000	0.000000	1.000000	0.000000	0.000000	0.000000	0.000000	0.000000
111	tsk_111	(x)	1	:	0.497697	0.000000	0.000012	0.000000	0.000000	0.461499	0.000000	0.000000	0.040792	0.000000	0.000000
112	tsk_112	(x)	1	:	1.000000	0.000000	0.000000	0.000000	0.000000	0.000000	0.000000	0.000000	0.000000	0.000000	0.000000
113	tsk_113	(x)	1	:	0.000000	0.346924	0.000000	0.000000	0.000000	0.462003	0.000000	0.000000	0.191073	0.000000	0.000000
114	tsk_114	(x)	1	:	1.000000	0.000000	0.000000	0.000000	0.000000	0.000000	0.000000	0.000000	0.000000	0.000000	0.000000
115	tsk_115	(x)	1	:	0.497573	0.000000	0.000004	0.000000	0.000000	0.461373	0.000000	0.000000	0.041051	0.000000	0.000000
116	tsk_116	(x)	1	:	0.000000	0.000000	0.000000	1.000000	0.000000	0.000000	0.000000	0.000000	0.000000	0.000000	0.000000
117	tsk_117	(x)	1	:	0.498359	0.000000	0.000042	0.000000	0.000000	0.000000	0.000000	0.000000	0.001513	0.000000	0.500086
118	tsk_118	(x)	1	:	1.000000	0.000000	0.000000	0.000000	0.000000	0.000000	0.000000	0.000000	0.000000	0.000000	0.000000
119	tsk_119	(x)	1	:	1.000000	0.000000	0.000000	0.000000	0.000000	0.000000	0.000000	0.000000	0.000000	0.000000	0.000000
120	tsk_120	(x)	1	:	0.500967	0.000000	0.000087	0.000000	0.000000	0.000000	0.000000	0.449699	0.049246	0.000000	0.000000
121	tsk_121	(x)	1	:	0.000000	1.000000	0.000000	0.000000	0.000000	0.000000	0.000000	0.000000	0.000000	0.000000	0.000000
122	tsk_122	(x)	1	:	0.000000	0.000000	0.000000	0.000000	0.000000	0.000000	0.000000	1.000000	0.000000	0.000000	0.000000
123	tsk_123	(x)	1	:	0.000000	1.000000	0.000000	0.000000	0.000000	0.000000	0.000000	0.000000	0.000000	0.000000	0.000000
124	tsk_124	(x)	1	:	0.000000	0.593725	0.000000	0.000000	0.000000	0.000000	0.000000	0.000000	0.406275	0.000000	0.000000
125	tsk_125	(x)	1	:	0.498243	0.347011	0.000060	0.000000	0.000000	0.000000	0.000000	0.000000	0.154686	0.000000	0.000000
126	tsk_126	(x)	1	:	0.000000	0.000000	0.591190	0.000000	0.000000	0.000000	0.000000	0.408810	0.000000	0.000000	0.000000
127	tsk_127	(x)	1	:	0.000000	0.000000	0.591190	0.000000	0.000000	0.000000	0.000000	0.408810	0.000000	0.000000	0.000000
128	tsk_128	(x)	1	:	1.000000	0.000000	0.000000	0.000000	0.000000	0.000000	0.000000	0.000000	0.000000	0.000000	0.000000
129	tsk_129	(x)	1	:	0.400775	0.000000	0.000000	0.000000	0.599225	0.000000	0.000000	0.000000	0.000000	0.000000	0.000000
130	tsk_130	(x)	1	:	0.500946	0.000000	0.000087	0.498967	0.000000	0.000000	0.000000	0.000000	0.000000	0.000000	0.000000
131	tsk_131	(x)	1	:	0.000000	0.000000	0.000000	0.000000	0.000000	0.000000	0.000000	0.000000	1.000000	0.000000	0.000000
132	tsk_132	(x)	1	:	0.500948	0.000000	0.000083	0.498969	0.000000	0.000000	0.000000	0.000000	0.000000	0.000000	0.000000
133	tsk_133	(x)	1	:	0.000000	0.000000	0.000132	0.000000	0.494373	0.000000	0.000000	0.000000	0.505495	0.000000	0.000000
134	tsk_134	(x)	1	:	0.000000	0.000000	0.000064	0.497191	0.000000	0.000000	0.000000	0.000000	0.502746	0.000000	0.000000
135	tsk_135	(x)	1	:	0.000000	0.000000	0.000000	0.000000	0.000000	0.000000	0.000000	0.000000	1.000000	0.000000	0.000000
136	tsk_136	(x)	1	:	0.000000	0.000000	0.000000	0.000000	0.000000	0.000000	0.000000	0.000000	1.000000	0.000000	0.000000
137	tsk_137	(x)	1	:	0.498177	0.000000	0.000069	0.000000	0.000000	0.000000	0.000000	0.000000	0.501754	0.000000	0.000000
138	tsk_138	(x)	1	:	0.000000	0.000000	0.402769	0.000000	0.000000	0.000000	0.000000	0.000000	0.597230	0.000000	0.000000
139	tsk_139	(x)	1	:	0.853201	0.000000	0.000000	0.000000	0.000000	0.000000	0.146799	0.000000	0.000000	0.000000	0.000000
140	tsk_140	(x)	1	:	1.000000	0.000000	0.000000	0.000000	0.000000	0.000000	0.000000	0.000000	0.000000	0.000000	0.000000
141	tsk_141	(x)	1	:	0.000000	0.000000	0.620303	0.379697	0.000000	0.000000	0.000000	0.000000	0.000000	0.000000	0.000000
142	tsk_142	(x)	1	:	0.000000	0.000000	0.405302	0.000000	0.000000	0.000000	0.000000	0.000000	0.094052	0.000000	0.500646
143	tsk_143	(x)	1	:	0.000000	0.000000	0.000028	0.497910	0.000000	0.000000	0.000000	0.000000	0.001711	0.000000	0.500351
144	tsk_144	(x)	1	:	0.000000	0.000000	0.000009	0.496731	0.000000	0.461519	0.000000	0.000000	0.041742	0.000000	0.000000
145	tsk_145	(x)	1	:	0.000000	0.000000	0.000007	0.495471	0.000000	0.000000	0.000000	0.000000	0.005392	0.000000	0.499130
146	tsk_146	(x)	1	:	0.000000	0.000000	0.000011	0.496744	0.000000	0.461534	0.000000	0.000000	0.041711	0.000000	0.000000
147	tsk_147	(x)	1	:	0.000000	0.000000	0.000000	0.000000	0.000000	0.461918	0.000000	0.443984	0.094097	0.000000	0.000000
148	tsk_148	(x)	1	:	0.000000	0.000000	0.000013	0.497157	0.000000	0.000000	0.000000	0.000000	0.002858	0.000000	0.499971
149	tsk_149	(x)	1	:	0.000000	0.000000	0.000000	0.000000	0.000000	0.000000	0.000000	0.000000	0.000000	0.000000	1.000000
