0	tsk_0	(x)	1	:	0.000000	0.000000	0.000000	0.000000	0.000000	0.000000	0.001846	0.493978	0.000000	0.002572	0.000000	0.000000	0.000000	0.501603	0.000000
1	tsk_1	(x)	1	:	0.000000	0.000000	0.000000	0.000000	0.000000	0.466800	0.000000	0.000000	0.000000	0.000000	0.000000	0.000000	0.000000	0.533200	0.000000
2	tsk_2	(x)	1	:	0.000000	0.000000	0.000000	0.000000	0.000000	0.000000	0.008607	0.000000	0.000000	0.046858	0.000000	0.435945	0.000000	0.508590	0.000000
3	tsk_3	(x)	1	:	0.000000	0.000000	0.000000	0.000000	0.000000	0.000000	0.000000	1.000000	0.000000	0.000000	0.000000	0.000000	0.000000	0.000000	0.000000
4	tsk_4	(x)	1	:	0.000000	0.000000	0.000000	0.000000	0.000000	0.000000	0.226979	0.000000	0.000000	0.265314	0.000000	0.000000	0.000000	0.507706	0.000000
5	tsk_5	(x)	1	:	0.000000	0.000000	0.376251	0.131210	0.000000	0.000000	0.000848	0.000000	0.000000	0.000381	0.000000	0.000000	0.000000	0.491310	0.000000
6	tsk_6	(x)	1	:	0.000000	0.000000	0.500201	0.000000	0.000000	0.000000	0.338144	0.000000	0.000000	0.161655	0.000000	0.000000	0.000000	0.000000	0.000000
7	tsk_7	(x)	1	:	0.000000	0.000000	0.499790	0.000000	0.000000	0.000000	0.000000	0.000000	0.000000	0.000000	0.000000	0.000000	0.000000	0.500210	0.000000
8	tsk_8	(x)	1	:	0.000000	0.000000	0.000000	0.000000	0.000000	0.000000	0.000640	0.508042	0.000000	0.000540	0.000000	0.000000	0.000000	0.490778	0.000000
9	tsk_9	(x)	1	:	0.000000	0.000000	0.000000	0.000000	0.000000	0.000000	0.009977	0.000000	0.000000	0.044231	0.000000	0.436553	0.000000	0.509239	0.000000
10	tsk_10	(x)	1	:	0.499872	0.000000	0.000000	0.000000	0.000000	0.000000	0.001896	0.000000	0.000000	0.000705	0.000000	0.000000	0.000000	0.497526	0.000000
11	tsk_11	(x)	1	:	0.510548	0.000000	0.001788	0.000000	0.487664	0.000000	0.000000	0.000000	0.000000	0.000000	0.000000	0.000000	0.000000	0.000000	0.000000
12	tsk_12	(x)	1	:	0.000000	0.000000	0.020917	0.000000	0.478817	0.000000	0.303547	0.000000	0.000000	0.196719	0.000000	0.000000	0.000000	0.000000	0.000000
13	tsk_13	(x)	1	:	0.000000	0.000000	0.000000	0.000000	0.545575	0.000000	0.000000	0.000000	0.000000	0.000000	0.000000	0.000000	0.000000	0.000000	0.454424
14	tsk_14	(x)	1	:	0.502850	0.000000	0.000122	0.000000	0.000000	0.000000	0.000000	0.000000	0.000000	0.000000	0.000000	0.000000	0.000000	0.000000	0.497027
15	tsk_15	(x)	1	:	0.000000	0.000000	0.000000	0.000000	0.000000	0.000000	0.518124	0.000000	0.000000	0.481876	0.000000	0.000000	0.000000	0.000000	0.000000
16	tsk_16	(x)	1	:	0.000000	0.000000	0.025204	0.000000	0.474744	0.000000	0.377252	0.000000	0.000000	0.122800	0.000000	0.000000	0.000000	0.000000	0.000000
17	tsk_17	(x)	1	:	0.000000	0.000000	0.000000	0.000000	1.000000	0.000000	0.000000	0.000000	0.000000	0.000000	0.000000	0.000000	0.000000	0.000000	0.000000
18	tsk_18	(x)	1	:	0.000000	0.000000	0.023137	0.000000	0.476702	0.000000	0.363522	0.000000	0.000000	0.136639	0.000000	0.000000	0.000000	0.000000	0.000000
19	tsk_19	(x)	1	:	1.000000	0.000000	0.000000	0.000000	0.000000	0.000000	0.000000	0.000000	0.000000	0.000000	0.000000	0.000000	0.000000	0.000000	0.000000
20	tsk_20	(x)	1	:	0.000000	0.000000	0.499790	0.000000	0.000000	0.000000	0.000000	0.000000	0.000000	0.000000	0.000000	0.000000	0.500210	0.000000	0.000000
21	tsk_21	(x)	1	:	0.000000	0.504593	0.000000	0.000000	0.000000	0.000000	0.000000	0.495407	0.000000	0.000000	0.000000	0.000000	0.000000	0.000000	0.000000
22	tsk_22	(x)	1	:	0.000000	0.000000	0.499790	0.000000	0.000000	0.000000	0.000000	0.000000	0.000000	0.000000	0.000000	0.000000	0.500210	0.000000	0.000000
23	tsk_23	(x)	1	:	0.000000	0.498287	0.501713	0.000000	0.000000	0.000000	0.000000	0.000000	0.000000	0.000000	0.000000	0.000000	0.000000	0.000000	0.000000
24	tsk_24	(x)	1	:	0.000000	0.000000	0.522787	0.000000	0.000000	0.000000	0.000000	0.477212	0.000000	0.000000	0.000000	0.000000	0.000000	0.000000	0.000000
25	tsk_25	(x)	1	:	0.000000	0.000000	0.402840	0.135188	0.000000	0.000000	0.000000	0.000000	0.000000	0.000000	0.000000	0.000000	0.000000	0.000000	0.461972
26	tsk_26	(x)	1	:	0.000000	0.000000	0.499790	0.000000	0.000000	0.000000	0.000000	0.000000	0.000000	0.000000	0.000000	0.000000	0.500210	0.000000	0.000000
27	tsk_27	(x)	1	:	0.000000	0.000000	1.000000	0.000000	0.000000	0.000000	0.000000	0.000000	0.000000	0.000000	0.000000	0.000000	0.000000	0.000000	0.000000
28	tsk_28	(x)	1	:	0.000000	0.000000	0.500194	0.000000	0.000000	0.000000	0.364249	0.000000	0.000000	0.135556	0.000000	0.000000	0.000000	0.000000	0.000000
29	tsk_29	(x)	1	:	0.000000	0.000000	0.522787	0.000000	0.000000	0.000000	0.000000	0.477212	0.000000	0.000000	0.000000	0.000000	0.000000	0.000000	0.000000
30	tsk_30	(x)	1	:	0.000000	0.000000	0.000000	0.000000	0.000000	0.000000	0.000000	0.000000	0.000000	0.000000	0.000000	0.000000	0.000000	1.000000	0.000000
31	tsk_31	(x)	1	:	0.000000	0.000000	0.000000	0.000000	0.000000	0.000000	0.155738	0.000000	0.000000	0.336206	0.000000	0.000000	0.000000	0.508057	0.000000
32	tsk_32	(x)	1	:	0.000000	0.000000	0.175093	0.000000	0.000000	0.000000	0.000000	0.000000	0.330193	0.000000	0.000000	0.000000	0.000000	0.494714	0.000000
33	tsk_33	(x)	1	:	0.000000	0.000000	0.175729	0.000000	0.000000	0.000000	0.416539	0.000000	0.330330	0.077401	0.000000	0.000000	0.000000	0.000000	0.000000
34	tsk_34	(x)	1	:	0.000000	0.000000	0.000000	0.000000	0.000000	0.000000	0.000000	0.000000	0.000000	0.000000	0.000000	0.000000	0.000000	1.000000	0.000000
35	tsk_35	(x)	1	:	0.000000	0.000000	0.175740	0.000000	0.000000	0.000000	0.366021	0.000000	0.330333	0.127906	0.000000	0.000000	0.000000	0.000000	0.000000
36	tsk_36	(x)	1	:	0.000000	0.000000	0.000000	0.000000	0.000000	0.000000	0.259199	0.494404	0.000000	0.246397	0.000000	0.000000	0.000000	0.000000	0.000000
37	tsk_37	(x)	1	:	0.000000	0.000000	0.500191	0.000000	0.000000	0.000000	0.374458	0.000000	0.000000	0.125350	0.000000	0.000000	0.000000	0.000000	0.000000
38	tsk_38	(x)	1	:	0.000000	0.000000	0.000000	0.000000	0.000000	0.000000	0.235707	0.000000	0.000000	0.256628	0.000000	0.000000	0.000000	0.507664	0.000000
39	tsk_39	(x)	1	:	0.000000	0.000000	0.000000	0.000000	0.000000	0.000000	0.478900	0.000000	0.000000	0.521100	0.000000	0.000000	0.000000	0.000000	0.000000
40	tsk_40	(x)	1	:	0.000000	0.492202	0.000000	0.000000	0.000000	0.000000	0.224695	0.000000	0.000000	0.283103	0.000000	0.000000	0.000000	0.000000	0.000000
41	tsk_41	(x)	1	:	0.000000	0.000000	0.000000	0.000000	0.000000	0.000000	0.859571	0.000000	0.000000	0.140429	0.000000	0.000000	0.000000	0.000000	0.000000
42	tsk_42	(x)	1	:	0.000000	0.499245	0.000000	0.000000	0.000000	0.000000	0.000000	0.000000	0.000000	0.000000	0.000000	0.000000	0.000000	0.000000	0.500755
43	tsk_43	(x)	1	:	0.000000	0.504593	0.000000	0.000000	0.000000	0.000000	0.000000	0.495407	0.000000	0.000000	0.000000	0.000000	0.000000	0.000000	0.000000
44	tsk_44	(x)	1	:	0.000000	1.000000	0.000000	0.000000	0.000000	0.000000	0.000000	0.000000	0.000000	0.000000	0.000000	0.000000	0.000000	0.000000	0.000000
45	tsk_45	(x)	1	:	0.000000	0.000000	0.000000	0.000000	0.000000	0.000000	0.002900	0.493944	0.000000	0.002269	0.000000	0.000000	0.000000	0.500887	0.000000
46	tsk_46	(x)	1	:	0.000000	0.489323	0.000000	0.000000	0.000000	0.000000	0.000000	0.510676	0.000000	0.000000	0.000000	0.000000	0.000000	0.000000	0.000000
47	tsk_47	(x)	1	:	0.000000	0.513619	0.000000	0.000000	0.000000	0.000000	0.000000	0.000000	0.000000	0.000000	0.000000	0.000000	0.000000	0.000000	0.486381
48	tsk_48	(x)	1	:	0.000000	0.492123	0.000000	0.000000	0.000000	0.000000	0.273985	0.000000	0.000000	0.233892	0.000000	0.000000	0.000000	0.000000	0.000000
49	tsk_49	(x)	1	:	0.000000	0.498287	0.501713	0.000000	0.000000	0.000000	0.000000	0.000000	0.000000	0.000000	0.000000	0.000000	0.000000	0.000000	0.000000
50	tsk_50	(x)	1	:	0.000000	0.000000	0.000000	0.000000	0.000000	0.000000	0.000000	1.000000	0.000000	0.000000	0.000000	0.000000	0.000000	0.000000	0.000000
51	tsk_51	(x)	1	:	0.000000	0.000000	0.000000	0.000000	0.000000	0.000000	0.000000	0.494782	0.000000	0.505218	0.000000	0.000000	0.000000	0.000000	0.000000
52	tsk_52	(x)	1	:	0.000000	0.000000	0.000000	0.000000	0.000000	0.000000	0.000000	1.000000	0.000000	0.000000	0.000000	0.000000	0.000000	0.000000	0.000000
53	tsk_53	(x)	1	:	0.000000	0.000000	0.000000	0.000000	0.000000	0.000000	0.015997	0.000000	0.000000	0.040999	0.000000	0.435205	0.000000	0.507799	0.000000
54	tsk_54	(x)	1	:	0.000000	0.000000	0.500285	0.000000	0.000000	0.000000	0.000000	0.000000	0.000000	0.063791	0.000000	0.435925	0.000000	0.000000	0.000000
55	tsk_55	(x)	1	:	0.000000	0.000000	0.500202	0.000000	0.000000	0.000000	0.334898	0.000000	0.000000	0.164900	0.000000	0.000000	0.000000	0.000000	0.000000
56	tsk_56	(x)	1	:	0.000000	0.000000	0.467125	0.000000	0.000000	0.000000	0.000000	0.532875	0.000000	0.000000	0.000000	0.000000	0.000000	0.000000	0.000000
57	tsk_57	(x)	1	:	0.000000	0.000000	0.000000	0.000000	0.000000	0.000000	0.000000	1.000000	0.000000	0.000000	0.000000	0.000000	0.000000	0.000000	0.000000
58	tsk_58	(x)	1	:	0.000000	0.000000	0.522787	0.000000	0.000000	0.000000	0.000000	0.477212	0.000000	0.000000	0.000000	0.000000	0.000000	0.000000	0.000000
59	tsk_59	(x)	1	:	0.000000	0.000000	0.000000	0.000000	0.000000	0.000000	0.002281	0.493938	0.000000	0.003024	0.000000	0.000000	0.000000	0.500757	0.000000
60	tsk_60	(x)	1	:	0.000000	0.000000	0.000000	0.000000	0.000000	0.000000	0.000000	0.000000	0.000000	0.000000	1.000000	0.000000	0.000000	0.000000	0.000000
61	tsk_61	(x)	1	:	0.000000	0.000000	0.000000	0.000000	0.000000	0.000000	0.000000	0.000000	0.000000	0.000000	1.000000	0.000000	0.000000	0.000000	0.000000
62	tsk_62	(x)	1	:	0.000000	0.000000	0.000000	0.000000	0.000000	0.000000	0.000000	1.000000	0.000000	0.000000	0.000000	0.000000	0.000000	0.000000	0.000000
63	tsk_63	(x)	1	:	0.000000	0.000000	0.000000	0.000000	0.000000	0.000000	0.000000	0.000000	0.000000	0.000000	0.000000	1.000000	0.000000	0.000000	0.000000
64	tsk_64	(x)	1	:	0.000000	0.000000	0.000000	0.000000	0.000000	0.000000	0.428228	0.000000	0.000000	0.137289	0.000000	0.434482	0.000000	0.000000	0.000000
65	tsk_65	(x)	1	:	0.000000	0.000000	0.000000	0.000000	0.000000	0.000000	0.006870	0.494354	0.000000	0.062879	0.000000	0.435897	0.000000	0.000000	0.000000
66	tsk_66	(x)	1	:	0.000000	0.000000	0.474110	0.000000	0.000000	0.000000	0.000000	0.525889	0.000000	0.000000	0.000000	0.000000	0.000000	0.000000	0.000000
67	tsk_67	(x)	1	:	0.000000	0.000000	0.000000	0.000000	0.000000	0.000000	0.000000	1.000000	0.000000	0.000000	0.000000	0.000000	0.000000	0.000000	0.000000
68	tsk_68	(x)	1	:	0.000000	0.000000	0.506303	0.493697	0.000000	0.000000	0.000000	0.000000	0.000000	0.000000	0.000000	0.000000	0.000000	0.000000	0.000000
69	tsk_69	(x)	1	:	0.000000	0.000000	0.000000	0.499058	0.000000	0.000000	0.009405	0.000000	0.000000	0.056064	0.000000	0.435473	0.000000	0.000000	0.000000
70	tsk_70	(x)	1	:	0.000000	0.490957	0.000000	0.000000	0.000000	0.000000	0.001091	0.000000	0.000000	0.003956	0.000000	0.000000	0.000000	0.503996	0.000000
71	tsk_71	(x)	1	:	0.000000	0.000000	0.000000	0.000000	0.000000	0.000000	0.743278	0.000000	0.000000	0.256722	0.000000	0.000000	0.000000	0.000000	0.000000
72	tsk_72	(x)	1	:	0.000000	0.000000	0.000000	0.000000	0.000000	0.000000	0.000373	0.508058	0.000000	0.000441	0.000000	0.000000	0.000000	0.491128	0.000000
73	tsk_73	(x)	1	:	0.000000	0.000000	0.000000	0.000000	0.000000	0.000000	0.212278	0.000000	0.000000	0.279943	0.000000	0.000000	0.000000	0.507778	0.000000
74	tsk_74	(x)	1	:	0.000000	0.000000	0.000000	0.000000	0.000000	0.000000	0.000000	1.000000	0.000000	0.000000	0.000000	0.000000	0.000000	0.000000	0.000000
75	tsk_75	(x)	1	:	0.000000	0.000000	0.000000	0.000000	0.000000	0.000000	0.275584	0.000000	0.000000	0.216943	0.000000	0.000000	0.000000	0.507473	0.000000
76	tsk_76	(x)	1	:	0.000000	0.000000	0.000000	0.000000	0.000000	0.000000	0.220909	0.000000	0.000000	0.271354	0.000000	0.000000	0.000000	0.507736	0.000000
77	tsk_77	(x)	1	:	0.000000	0.000000	0.000000	0.000000	0.000000	0.000000	0.337121	0.000000	0.000000	0.662878	0.000000	0.000000	0.000000	0.000000	0.000000
78	tsk_78	(x)	1	:	0.000000	0.000000	0.000000	0.000000	0.000000	0.000000	0.263132	0.508954	0.000000	0.227914	0.000000	0.000000	0.000000	0.000000	0.000000
79	tsk_79	(x)	1	:	0.000000	0.492118	0.000000	0.000000	0.000000	0.000000	0.277014	0.000000	0.000000	0.230867	0.000000	0.000000	0.000000	0.000000	0.000000
80	tsk_80	(x)	1	:	0.000000	0.498287	0.501713	0.000000	0.000000	0.000000	0.000000	0.000000	0.000000	0.000000	0.000000	0.000000	0.000000	0.000000	0.000000
81	tsk_81	(x)	1	:	0.000000	0.000000	0.000000	0.000000	0.000000	0.000000	0.621900	0.000000	0.000000	0.378099	0.000000	0.000000	0.000000	0.000000	0.000000
82	tsk_82	(x)	1	:	0.000000	0.000000	1.000000	0.000000	0.000000	0.000000	0.000000	0.000000	0.000000	0.000000	0.000000	0.000000	0.000000	0.000000	0.000000
83	tsk_83	(x)	1	:	0.000000	0.000000	0.522787	0.000000	0.000000	0.000000	0.000000	0.477212	0.000000	0.000000	0.000000	0.000000	0.000000	0.000000	0.000000
84	tsk_84	(x)	1	:	0.000000	0.000000	0.000000	0.000000	0.000000	0.000000	0.338113	0.000000	0.000000	0.162434	0.000000	0.000000	0.000000	0.000000	0.499453
85	tsk_85	(x)	1	:	0.000000	0.000000	0.000000	0.000000	0.000000	0.000000	0.343695	0.000000	0.000000	0.149153	0.000000	0.000000	0.000000	0.507152	0.000000
86	tsk_86	(x)	1	:	0.000000	0.000000	1.000000	0.000000	0.000000	0.000000	0.000000	0.000000	0.000000	0.000000	0.000000	0.000000	0.000000	0.000000	0.000000
87	tsk_87	(x)	1	:	0.000000	0.000000	0.522787	0.000000	0.000000	0.000000	0.000000	0.477212	0.000000	0.000000	0.000000	0.000000	0.000000	0.000000	0.000000
88	tsk_88	(x)	1	:	0.000000	0.000000	0.500171	0.000000	0.000000	0.000000	0.449421	0.000000	0.000000	0.050408	0.000000	0.000000	0.000000	0.000000	0.000000
89	tsk_89	(x)	1	:	0.000000	0.000000	0.500176	0.000000	0.000000	0.000000	0.430504	0.000000	0.000000	0.069320	0.000000	0.000000	0.000000	0.000000	0.000000
90	tsk_90	(x)	1	:	0.000000	0.000000	1.000000	0.000000	0.000000	0.000000	0.000000	0.000000	0.000000	0.000000	0.000000	0.000000	0.000000	0.000000	0.000000
91	tsk_91	(x)	1	:	0.000000	0.000000	0.522787	0.000000	0.000000	0.000000	0.000000	0.477212	0.000000	0.000000	0.000000	0.000000	0.000000	0.000000	0.000000
92	tsk_92	(x)	1	:	0.000000	0.000000	0.500191	0.000000	0.000000	0.000000	0.376389	0.000000	0.000000	0.123420	0.000000	0.000000	0.000000	0.000000	0.000000
93	tsk_93	(x)	1	:	0.000000	0.000000	0.499788	0.000000	0.000000	0.000000	0.000044	0.000000	0.000000	0.000000	0.000000	0.000000	0.000000	0.500168	0.000000
94	tsk_94	(x)	1	:	0.000000	0.000000	0.231893	0.000000	0.000000	0.000000	0.397908	0.000000	0.273972	0.096227	0.000000	0.000000	0.000000	0.000000	0.000000
95	tsk_95	(x)	1	:	0.000000	0.000000	0.500170	0.000000	0.000000	0.000000	0.453881	0.000000	0.000000	0.045949	0.000000	0.000000	0.000000	0.000000	0.000000
96	tsk_96	(x)	1	:	0.000000	0.000000	0.474110	0.000000	0.000000	0.000000	0.000000	0.525889	0.000000	0.000000	0.000000	0.000000	0.000000	0.000000	0.000000
97	tsk_97	(x)	1	:	0.000000	0.492248	0.233125	0.000000	0.000000	0.000000	0.000000	0.000000	0.274627	0.000000	0.000000	0.000000	0.000000	0.000000	0.000000
98	tsk_98	(x)	1	:	0.000000	0.000000	1.000000	0.000000	0.000000	0.000000	0.000000	0.000000	0.000000	0.000000	0.000000	0.000000	0.000000	0.000000	0.000000
99	tsk_99	(x)	1	:	0.000000	0.000000	0.000000	0.000000	0.000000	0.000000	0.278660	0.494399	0.000000	0.226940	0.000000	0.000000	0.000000	0.000000	0.000000
100	tsk_100	(x)	1	:	0.000000	0.000000	0.000000	0.000000	0.000000	0.000000	0.215347	0.000000	0.000000	0.285168	0.000000	0.000000	0.000000	0.000000	0.499484
101	tsk_101	(x)	1	:	0.000000	0.000000	0.503453	0.000000	0.000000	0.000000	0.000000	0.000000	0.000000	0.000000	0.000000	0.000000	0.000000	0.000000	0.496547
102	tsk_102	(x)	1	:	0.500358	0.000000	0.000000	0.000000	0.000000	0.000000	0.422230	0.000000	0.000000	0.077411	0.000000	0.000000	0.000000	0.000000	0.000000
103	tsk_103	(x)	1	:	0.000000	0.000000	0.000000	0.000000	0.000000	0.000000	0.422337	0.000000	0.000000	0.577662	0.000000	0.000000	0.000000	0.000000	0.000000
104	tsk_104	(x)	1	:	0.000000	0.000000	0.000000	0.000000	0.000000	0.000000	0.000000	0.535367	0.000000	0.000000	0.000000	0.000000	0.000000	0.000000	0.464633
105	tsk_105	(x)	1	:	0.000000	0.000000	0.529500	0.000000	0.470500	0.000000	0.000000	0.000000	0.000000	0.000000	0.000000	0.000000	0.000000	0.000000	0.000000
106	tsk_106	(x)	1	:	0.000000	0.000000	0.000000	0.000000	0.000000	0.000000	0.338077	0.508936	0.000000	0.152987	0.000000	0.000000	0.000000	0.000000	0.000000
107	tsk_107	(x)	1	:	0.000000	0.000000	0.000000	0.000000	0.000000	0.000000	0.363560	0.000000	0.000000	0.636440	0.000000	0.000000	0.000000	0.000000	0.000000
108	tsk_108	(x)	1	:	0.000000	0.000000	0.000000	0.000000	0.000000	0.000000	0.167014	0.508977	0.000000	0.324008	0.000000	0.000000	0.000000	0.000000	0.000000
109	tsk_109	(x)	1	:	0.000000	0.000000	0.000000	0.000000	0.000000	0.000000	0.569603	0.000000	0.000000	0.430397	0.000000	0.000000	0.000000	0.000000	0.000000
110	tsk_110	(x)	1	:	0.000000	0.000000	1.000000	0.000000	0.000000	0.000000	0.000000	0.000000	0.000000	0.000000	0.000000	0.000000	0.000000	0.000000	0.000000
111	tsk_111	(x)	1	:	0.000000	0.000000	1.000000	0.000000	0.000000	0.000000	0.000000	0.000000	0.000000	0.000000	0.000000	0.000000	0.000000	0.000000	0.000000
112	tsk_112	(x)	1	:	0.000000	0.000000	0.522787	0.000000	0.000000	0.000000	0.000000	0.477212	0.000000	0.000000	0.000000	0.000000	0.000000	0.000000	0.000000
113	tsk_113	(x)	1	:	0.000000	0.514434	0.485566	0.000000	0.000000	0.000000	0.000000	0.000000	0.000000	0.000000	0.000000	0.000000	0.000000	0.000000	0.000000
114	tsk_114	(x)	1	:	0.000000	0.000000	0.000000	0.000000	0.000000	0.000000	0.329875	0.494387	0.000000	0.175738	0.000000	0.000000	0.000000	0.000000	0.000000
115	tsk_115	(x)	1	:	0.000000	0.000000	0.488320	0.000000	0.000000	0.000000	0.000000	0.000000	0.000000	0.000000	0.000000	0.511680	0.000000	0.000000	0.000000
116	tsk_116	(x)	1	:	0.000000	0.000000	0.000000	0.000000	0.000000	0.000000	0.000000	1.000000	0.000000	0.000000	0.000000	0.000000	0.000000	0.000000	0.000000
117	tsk_117	(x)	1	:	0.000000	0.000000	0.000000	0.000000	0.000000	0.000000	0.202148	0.494418	0.000000	0.303434	0.000000	0.000000	0.000000	0.000000	0.000000
118	tsk_118	(x)	1	:	0.000000	0.000000	1.000000	0.000000	0.000000	0.000000	0.000000	0.000000	0.000000	0.000000	0.000000	0.000000	0.000000	0.000000	0.000000
119	tsk_119	(x)	1	:	0.000000	0.000000	0.500202	0.000000	0.000000	0.000000	0.335171	0.000000	0.000000	0.164627	0.000000	0.000000	0.000000	0.000000	0.000000
120	tsk_120	(x)	1	:	0.000000	0.000000	0.467125	0.000000	0.000000	0.000000	0.000000	0.532875	0.000000	0.000000	0.000000	0.000000	0.000000	0.000000	0.000000
121	tsk_121	(x)	1	:	0.000000	0.000000	0.499790	0.000000	0.000000	0.000000	0.000000	0.000000	0.000000	0.000000	0.000000	0.000000	0.000000	0.500210	0.000000
122	tsk_122	(x)	1	:	0.000000	0.000000	0.000000	0.000000	0.000000	1.000000	0.000000	0.000000	0.000000	0.000000	0.000000	0.000000	0.000000	0.000000	0.000000
123	tsk_123	(x)	1	:	0.000000	0.000000	0.500284	0.000000	0.000000	0.000000	0.000000	0.000000	0.000000	0.063796	0.000000	0.435919	0.000000	0.000000	0.000000
124	tsk_124	(x)	1	:	0.000000	0.000000	0.000000	0.000000	0.000000	1.000000	0.000000	0.000000	0.000000	0.000000	0.000000	0.000000	0.000000	0.000000	0.000000
125	tsk_125	(x)	1	:	0.000000	0.000000	0.503453	0.000000	0.000000	0.000000	0.000000	0.000000	0.000000	0.000000	0.000000	0.000000	0.000000	0.000000	0.496547
126	tsk_126	(x)	1	:	0.000000	0.000000	0.467125	0.000000	0.000000	0.000000	0.000000	0.532875	0.000000	0.000000	0.000000	0.000000	0.000000	0.000000	0.000000
127	tsk_127	(x)	1	:	0.000000	0.000000	0.501564	0.000000	0.000000	0.498436	0.000000	0.000000	0.000000	0.000000	0.000000	0.000000	0.000000	0.000000	0.000000
128	tsk_128	(x)	1	:	0.000000	0.000000	0.000000	0.000000	0.000000	0.468891	0.008720	0.000000	0.000000	0.051109	0.000000	0.434817	0.000000	0.036463	0.000000
129	tsk_129	(x)	1	:	0.000000	0.000000	0.503453	0.000000	0.000000	0.000000	0.000000	0.000000	0.000000	0.000000	0.000000	0.000000	0.000000	0.000000	0.496547
130	tsk_130	(x)	1	:	0.000000	0.485280	0.000000	0.000000	0.000000	0.000000	0.000000	0.000000	0.000000	0.000000	0.000000	0.000000	0.000000	0.000000	0.514720
131	tsk_131	(x)	1	:	0.000000	0.000000	0.000000	0.000000	0.000000	0.000000	0.000000	0.000000	0.000000	0.000000	0.000000	0.000000	0.000000	1.000000	0.000000
132	tsk_132	(x)	1	:	0.000000	0.000000	0.000000	0.000000	0.000000	0.000000	0.437247	0.000000	0.000000	0.562753	0.000000	0.000000	0.000000	0.000000	0.000000
133	tsk_133	(x)	1	:	0.000000	0.000000	0.000000	0.000000	0.000000	0.000000	0.129155	0.000000	0.000000	0.362655	0.000000	0.000000	0.000000	0.508190	0.000000
134	tsk_134	(x)	1	:	0.000000	0.000000	0.500209	0.000000	0.000000	0.000000	0.311265	0.000000	0.000000	0.188526	0.000000	0.000000	0.000000	0.000000	0.000000
135	tsk_135	(x)	1	:	0.000000	0.000000	0.499748	0.000000	0.000000	0.000000	0.000000	0.000000	0.000000	0.000770	0.000000	0.000000	0.000000	0.499482	0.000000
136	tsk_136	(x)	1	:	0.000000	0.000000	0.000000	0.000000	0.000000	0.323786	0.222895	0.000000	0.000000	0.269385	0.000000	0.000000	0.000000	0.183933	0.000000
137	tsk_137	(x)	1	:	0.000000	0.000000	0.000000	0.000000	0.000000	0.000000	0.000000	0.000000	0.000000	0.000000	0.000000	0.000000	0.000000	1.000000	0.000000
138	tsk_138	(x)	1	:	0.000000	0.000000	0.000000	0.000000	0.000000	0.000000	0.002796	0.000000	0.000000	0.000629	0.000000	0.000000	0.000000	0.497623	0.498952
139	tsk_139	(x)	1	:	0.000000	0.000000	0.000000	0.000000	0.000000	0.000000	0.348684	0.000000	0.000000	0.151865	0.000000	0.000000	0.000000	0.000000	0.499450
140	tsk_140	(x)	1	:	0.000000	0.000000	0.000000	0.000000	0.000000	0.000000	0.000000	0.000000	0.000000	0.000000	0.000000	0.585024	0.414975	0.000000	0.000000
141	tsk_141	(x)	1	:	0.000000	0.000000	1.000000	0.000000	0.000000	0.000000	0.000000	0.000000	0.000000	0.000000	0.000000	0.000000	0.000000	0.000000	0.000000
142	tsk_142	(x)	1	:	0.000000	0.000000	0.000000	0.000000	0.000000	0.000000	0.316786	0.000000	0.000000	0.683214	0.000000	0.000000	0.000000	0.000000	0.000000
143	tsk_143	(x)	1	:	0.000000	0.000000	1.000000	0.000000	0.000000	0.000000	0.000000	0.000000	0.000000	0.000000	0.000000	0.000000	0.000000	0.000000	0.000000
144	tsk_144	(x)	1	:	0.000000	0.000000	0.000000	0.000000	0.000000	0.000000	0.000000	1.000000	0.000000	0.000000	0.000000	0.000000	0.000000	0.000000	0.000000
145	tsk_145	(x)	1	:	0.000000	0.000000	0.500180	0.000000	0.000000	0.000000	0.415631	0.000000	0.000000	0.084189	0.000000	0.000000	0.000000	0.000000	0.000000
146	tsk_146	(x)	1	:	0.000000	0.000000	0.000000	0.000000	0.000000	0.000000	0.281966	0.000000	0.000000	0.218567	0.000000	0.000000	0.000000	0.000000	0.499467
147	tsk_147	(x)	1	:	0.000000	0.000000	0.500204	0.000000	0.000000	0.000000	0.328527	0.000000	0.000000	0.171269	0.000000	0.000000	0.000000	0.000000	0.000000
148	tsk_148	(x)	1	:	0.000000	0.000000	0.524282	0.475718	0.000000	0.000000	0.000000	0.000000	0.000000	0.000000	0.000000	0.000000	0.000000	0.000000	0.000000
149	tsk_149	(x)	1	:	0.000000	0.000000	0.485683	0.000000	0.000000	0.000000	0.514317	0.000000	0.000000	0.000000	0.000000	0.000000	0.000000	0.000000	0.000000
