logL = -1509.447006 (converged)
AIC = 6318.894012
BIC = 11286.442247

count.K
25 65 11 1 9 1 23 0 2 13 

