logL = -1134.689914 (converged)
AIC = 6883.379829
BIC = 13828.915452

count.K
33 7 1 27 7 9 1 14 4 2 5 2 38 

