0	tsk_0	(x)	1	:	0.000000	0.000000	0.000000	0.000000	0.000000	0.000000	0.000000	0.000000	0.000000	1.000000	0.000000	0.000000	0.000000
1	tsk_1	(x)	1	:	0.000000	0.000000	1.000000	0.000000	0.000000	0.000000	0.000000	0.000000	0.000000	0.000000	0.000000	0.000000	0.000000
2	tsk_2	(x)	1	:	0.000000	0.000000	0.489005	0.000000	0.000000	0.000000	0.000000	0.021778	0.158157	0.000000	0.000000	0.086049	0.245011
3	tsk_3	(x)	1	:	0.000000	0.000000	0.000000	0.000000	0.000000	0.000000	0.000000	0.022669	0.165536	0.000000	0.261973	0.132292	0.417530
4	tsk_4	(x)	1	:	0.000000	0.000000	1.000000	0.000000	0.000000	0.000000	0.000000	0.000000	0.000000	0.000000	0.000000	0.000000	0.000000
5	tsk_5	(x)	1	:	0.000000	0.000000	0.488981	0.000000	0.000000	0.000000	0.000000	0.009299	0.171384	0.000000	0.261959	0.025154	0.043223
6	tsk_6	(x)	1	:	0.000000	0.000000	0.393093	0.000000	0.000000	0.000000	0.150589	0.000000	0.000000	0.456318	0.000000	0.000000	0.000000
7	tsk_7	(x)	1	:	0.000000	0.000000	0.489856	0.000000	0.000000	0.000000	0.000000	0.001175	0.002403	0.498956	0.000000	0.003418	0.004192
8	tsk_8	(x)	1	:	0.000000	0.000000	0.000000	0.000000	0.000000	0.000000	0.000000	0.026446	0.103916	0.498819	0.000000	0.223506	0.147313
9	tsk_9	(x)	1	:	0.000000	0.000000	0.000000	0.000000	0.000000	0.000000	0.000000	0.000000	0.000000	1.000000	0.000000	0.000000	0.000000
10	tsk_10	(x)	1	:	0.000000	0.000000	0.000000	0.000000	1.000000	0.000000	0.000000	0.000000	0.000000	0.000000	0.000000	0.000000	0.000000
11	tsk_11	(x)	1	:	0.000000	0.000000	0.000000	0.000000	0.000000	0.000000	0.000000	0.039826	0.264718	0.000000	0.000000	0.147881	0.547575
12	tsk_12	(x)	1	:	0.494741	0.000000	0.000000	0.000000	0.000000	0.000000	0.000000	0.043269	0.290488	0.000000	0.000000	0.037164	0.134338
13	tsk_13	(x)	1	:	0.000000	0.000000	0.000000	0.000000	0.422083	0.000000	0.000000	0.000800	0.051895	0.000000	0.000000	0.039937	0.485285
14	tsk_14	(x)	1	:	0.494741	0.000000	0.000000	0.000000	0.000000	0.000000	0.000000	0.029715	0.256035	0.000000	0.000000	0.109443	0.110066
15	tsk_15	(x)	1	:	0.494742	0.000000	0.000000	0.000000	0.422103	0.000000	0.000000	0.002900	0.051144	0.000000	0.000000	0.008128	0.020982
16	tsk_16	(x)	1	:	0.000000	0.000000	0.000000	0.000000	0.422083	0.000000	0.000000	0.000612	0.093523	0.000000	0.000000	0.076731	0.407051
17	tsk_17	(x)	1	:	1.000000	0.000000	0.000000	0.000000	0.000000	0.000000	0.000000	0.000000	0.000000	0.000000	0.000000	0.000000	0.000000
18	tsk_18	(x)	1	:	0.000000	0.000000	0.000000	0.000000	0.000000	0.000000	0.000000	0.000000	0.306982	0.000000	0.000000	0.113336	0.579682
19	tsk_19	(x)	1	:	0.494741	0.000000	0.000000	0.000000	0.422091	0.000000	0.000000	0.005466	0.046069	0.000000	0.000000	0.008441	0.023192
20	tsk_20	(x)	1	:	0.000000	0.000000	0.000000	0.000000	0.000000	0.000000	0.000000	0.007477	0.339208	0.000000	0.333355	0.085094	0.234866
21	tsk_21	(x)	1	:	0.000000	0.000000	0.000000	0.482458	0.000000	0.000000	0.000000	0.387487	0.031352	0.000000	0.000000	0.052558	0.046145
22	tsk_22	(x)	1	:	0.000000	0.000000	0.000000	0.482652	0.000000	0.505529	0.000000	0.005636	0.000391	0.000000	0.000000	0.004856	0.000938
23	tsk_23	(x)	1	:	0.000000	0.000000	0.000000	0.482458	0.000000	0.000000	0.000000	0.235930	0.042384	0.000000	0.000000	0.162858	0.076370
24	tsk_24	(x)	1	:	0.000000	0.000000	0.489000	0.000000	0.000000	0.000000	0.000000	0.003275	0.112981	0.000000	0.333338	0.031523	0.029883
25	tsk_25	(x)	1	:	0.525648	0.000000	0.000000	0.474352	0.000000	0.000000	0.000000	0.000000	0.000000	0.000000	0.000000	0.000000	0.000000
26	tsk_26	(x)	1	:	0.000000	0.000000	0.000000	0.482458	0.000000	0.000000	0.000000	0.253621	0.029407	0.000000	0.000000	0.156704	0.077810
27	tsk_27	(x)	1	:	0.000000	0.000000	0.000000	0.482662	0.000000	0.505762	0.000000	0.006365	0.001077	0.000000	0.000000	0.002543	0.001591
28	tsk_28	(x)	1	:	0.000000	0.000000	0.000000	0.000000	0.000000	0.000000	0.000000	0.008960	0.251184	0.000000	0.000000	0.214257	0.525599
29	tsk_29	(x)	1	:	0.000000	0.000000	0.000000	0.482458	0.000000	0.000000	0.000000	0.254757	0.038126	0.000000	0.000000	0.169498	0.055161
30	tsk_30	(x)	1	:	0.000000	0.000000	0.000000	0.511156	0.000000	0.000000	0.000000	0.269047	0.065723	0.000000	0.000000	0.082231	0.071843
31	tsk_31	(x)	1	:	0.477631	0.000000	0.000000	0.000000	0.000000	0.000000	0.274248	0.000000	0.000000	0.000000	0.248120	0.000000	0.000000
32	tsk_32	(x)	1	:	0.000000	0.000000	0.489879	0.000000	0.000000	0.000000	0.000000	0.000735	0.003344	0.498960	0.000000	0.003707	0.003374
33	tsk_33	(x)	1	:	0.502188	0.000000	0.000000	0.000000	0.000000	0.000000	0.497812	0.000000	0.000000	0.000000	0.000000	0.000000	0.000000
34	tsk_34	(x)	1	:	0.000000	0.000000	1.000000	0.000000	0.000000	0.000000	0.000000	0.000000	0.000000	0.000000	0.000000	0.000000	0.000000
35	tsk_35	(x)	1	:	0.000000	0.000000	0.000000	0.000000	0.000000	0.000000	0.180033	0.010794	0.037909	0.466630	0.000000	0.154721	0.149914
36	tsk_36	(x)	1	:	0.000000	0.000000	0.000000	0.495083	0.000000	0.000000	0.000000	0.000000	0.000000	0.000000	0.504917	0.000000	0.000000
37	tsk_37	(x)	1	:	0.489257	0.000000	0.000000	0.000000	0.000000	0.000000	0.000000	0.000000	0.000000	0.000000	0.510743	0.000000	0.000000
38	tsk_38	(x)	1	:	0.466248	0.000000	0.282352	0.000000	0.000000	0.000000	0.251400	0.000000	0.000000	0.000000	0.000000	0.000000	0.000000
39	tsk_39	(x)	1	:	0.000000	0.000000	0.481450	0.000000	0.000000	0.000000	0.152609	0.000000	0.037803	0.000000	0.000000	0.000000	0.328138
40	tsk_40	(x)	1	:	0.000000	0.000000	0.000000	0.482458	0.000000	0.000000	0.000000	0.346969	0.041950	0.000000	0.000000	0.039938	0.088684
41	tsk_41	(x)	1	:	0.000000	0.000000	0.000000	0.000000	0.000000	0.000000	0.000000	0.017676	0.067028	0.498819	0.000000	0.223692	0.192785
42	tsk_42	(x)	1	:	0.000000	0.000000	0.489121	0.482495	0.000000	0.000000	0.000000	0.018128	0.002818	0.000000	0.000000	0.005306	0.002131
43	tsk_43	(x)	1	:	0.000000	0.000000	0.000000	0.000000	0.000000	0.501292	0.000000	0.010843	0.211615	0.000000	0.000000	0.054579	0.221671
44	tsk_44	(x)	1	:	0.000000	0.000000	0.000000	0.000000	0.000000	0.000000	0.000000	0.017005	0.340304	0.000000	0.000000	0.139930	0.502761
45	tsk_45	(x)	1	:	0.000000	0.000000	0.000000	0.482458	0.000000	0.000000	0.000000	0.277822	0.051410	0.000000	0.000000	0.095168	0.093142
46	tsk_46	(x)	1	:	0.000000	0.000000	0.489789	0.000000	0.000000	0.502027	0.000000	0.000045	0.002034	0.000000	0.000000	0.002130	0.003975
47	tsk_47	(x)	1	:	0.000000	0.000000	0.000000	0.000000	0.000000	0.000000	0.000000	0.003578	0.167730	0.000000	0.252419	0.084988	0.491284
48	tsk_48	(x)	1	:	0.000000	0.000000	0.000000	0.000000	0.000000	0.000000	0.000000	0.031537	0.514287	0.000000	0.000000	0.266244	0.187932
49	tsk_49	(x)	1	:	0.000000	0.000000	0.489005	0.000000	0.000000	0.000000	0.000000	0.001135	0.196405	0.000000	0.000000	0.115125	0.198330
50	tsk_50	(x)	1	:	0.000000	0.000000	0.000000	0.508870	0.304556	0.000000	0.000000	0.170463	0.000000	0.000000	0.000000	0.009405	0.006705
51	tsk_51	(x)	1	:	0.000000	0.000000	0.000000	0.511156	0.304558	0.000000	0.000000	0.140661	0.005748	0.000000	0.000000	0.024369	0.013508
52	tsk_52	(x)	1	:	0.000000	0.000000	0.000000	0.000000	0.000000	0.000000	0.000000	0.000000	0.178047	0.000000	0.000000	0.229770	0.592183
53	tsk_53	(x)	1	:	0.000000	0.000000	0.000000	0.000000	0.000000	0.000000	0.000000	0.000000	0.475012	0.000000	0.000000	0.209082	0.315906
54	tsk_54	(x)	1	:	0.000000	0.000000	0.000000	0.000000	0.304555	0.000000	0.000000	0.013229	0.080305	0.000000	0.261971	0.062184	0.277755
55	tsk_55	(x)	1	:	0.000000	0.000000	0.000000	0.508871	0.000000	0.000000	0.000000	0.252645	0.044888	0.000000	0.000000	0.150300	0.043296
56	tsk_56	(x)	1	:	0.000000	0.000000	0.000000	0.000000	0.304557	0.000000	0.000000	0.015621	0.064024	0.000000	0.261972	0.054979	0.298847
57	tsk_57	(x)	1	:	0.000000	0.000000	0.000000	0.000000	0.000000	0.000000	0.000000	0.027356	0.275852	0.000000	0.000000	0.127108	0.569684
58	tsk_58	(x)	1	:	0.000000	0.000000	0.000000	0.508871	0.000000	0.000000	0.000000	0.421215	0.013201	0.000000	0.000000	0.047013	0.009701
59	tsk_59	(x)	1	:	0.000000	0.000000	0.000000	0.000000	0.000000	0.000000	0.000000	0.016847	0.208822	0.000000	0.000000	0.121991	0.652339
60	tsk_60	(x)	1	:	0.000000	0.000000	0.000000	0.484291	0.000000	0.000000	0.000000	0.000000	0.000000	0.515709	0.000000	0.000000	0.000000
61	tsk_61	(x)	1	:	0.000000	0.000000	0.000000	0.000000	0.523984	0.000000	0.000000	0.000000	0.000000	0.476016	0.000000	0.000000	0.000000
62	tsk_62	(x)	1	:	0.494741	0.000000	0.000000	0.000000	0.000000	0.000000	0.000000	0.048104	0.269235	0.000000	0.000000	0.062099	0.125821
63	tsk_63	(x)	1	:	0.522867	0.000000	0.000000	0.000000	0.422079	0.000000	0.000000	0.020140	0.025188	0.000000	0.000000	0.005313	0.004413
64	tsk_64	(x)	1	:	0.000000	0.000000	0.000000	0.508871	0.422101	0.000000	0.000000	0.056932	0.001237	0.000000	0.000000	0.009725	0.001134
65	tsk_65	(x)	1	:	0.000000	0.000000	0.000000	0.000000	0.000000	0.000000	0.000000	0.027128	0.024137	0.498819	0.000000	0.251841	0.198075
66	tsk_66	(x)	1	:	0.000000	0.000000	0.000000	0.000000	0.000000	0.000000	0.000000	0.030317	0.112199	0.498819	0.000000	0.218244	0.140421
67	tsk_67	(x)	1	:	0.494741	0.000000	0.000000	0.000000	0.422092	0.000000	0.000000	0.005380	0.043809	0.000000	0.000000	0.006065	0.027913
68	tsk_68	(x)	1	:	0.000000	0.000000	0.000000	0.000000	0.000000	0.000000	0.000000	0.036805	0.302402	0.000000	0.000000	0.406759	0.254035
69	tsk_69	(x)	1	:	1.000000	0.000000	0.000000	0.000000	0.000000	0.000000	0.000000	0.000000	0.000000	0.000000	0.000000	0.000000	0.000000
70	tsk_70	(x)	1	:	0.000000	0.000000	0.000000	0.000000	0.304555	0.000000	0.000000	0.008414	0.033800	0.498818	0.000000	0.113724	0.040689
71	tsk_71	(x)	1	:	0.000000	0.000000	0.000000	0.000000	0.000000	0.000000	0.000000	0.031343	0.321326	0.000000	0.000000	0.067051	0.580280
72	tsk_72	(x)	1	:	0.000000	0.000000	0.489006	0.000000	0.000000	0.000000	0.000000	0.018483	0.163559	0.000000	0.000000	0.049570	0.279382
73	tsk_73	(x)	1	:	0.000000	0.000000	0.000000	0.000000	0.000000	0.000000	0.000000	0.007355	0.340271	0.000000	0.000000	0.188508	0.463867
74	tsk_74	(x)	1	:	0.000000	0.000000	0.000000	0.000000	0.422079	0.000000	0.000000	0.005958	0.166005	0.000000	0.000000	0.050229	0.355729
75	tsk_75	(x)	1	:	0.000000	0.000000	0.488982	0.000000	0.000000	0.000000	0.000000	0.004249	0.055839	0.000000	0.252406	0.084205	0.114319
76	tsk_76	(x)	1	:	0.000000	0.000000	0.000000	0.000000	0.304558	0.000000	0.000000	0.026430	0.152783	0.000000	0.000000	0.060962	0.455267
77	tsk_77	(x)	1	:	0.000000	0.000000	0.000000	0.000000	1.000000	0.000000	0.000000	0.000000	0.000000	0.000000	0.000000	0.000000	0.000000
78	tsk_78	(x)	1	:	0.000000	0.000000	0.000000	0.000000	0.422078	0.000000	0.000000	0.002320	0.076019	0.000000	0.000000	0.035693	0.463890
79	tsk_79	(x)	1	:	0.000000	0.000000	0.000000	0.000000	0.000000	0.000000	0.000000	0.025011	0.175563	0.000000	0.000000	0.215541	0.583885
80	tsk_80	(x)	1	:	0.000000	0.000000	0.000000	0.000000	0.000000	0.000000	0.000000	0.003973	0.035849	0.498814	0.333316	0.058567	0.069482
81	tsk_81	(x)	1	:	0.000000	0.000000	0.000000	0.000000	0.000000	0.000000	0.000000	0.000000	0.000000	1.000000	0.000000	0.000000	0.000000
82	tsk_82	(x)	1	:	0.000000	0.000000	0.000000	0.000000	0.000000	0.000000	0.000000	0.005198	0.186168	0.000000	0.000000	0.214485	0.594149
83	tsk_83	(x)	1	:	0.000000	0.000000	0.000000	0.000000	0.000000	0.000000	0.000000	0.023643	0.092109	0.498819	0.000000	0.178588	0.206841
84	tsk_84	(x)	1	:	0.000000	0.000000	0.000000	0.000000	0.422158	0.000000	0.000000	0.002242	0.005692	0.498830	0.000000	0.027223	0.043855
85	tsk_85	(x)	1	:	0.000000	0.000000	0.000000	0.482458	0.422093	0.000000	0.000000	0.048577	0.003483	0.000000	0.000000	0.016877	0.026512
86	tsk_86	(x)	1	:	0.000000	0.000000	0.000000	0.510542	0.000000	0.000000	0.000000	0.000000	0.000000	0.489458	0.000000	0.000000	0.000000
87	tsk_87	(x)	1	:	0.000000	0.000000	0.000000	0.000000	0.422127	0.000000	0.000000	0.000463	0.009447	0.498825	0.000000	0.016881	0.052257
88	tsk_88	(x)	1	:	0.000000	0.000000	0.000000	0.000000	0.304553	0.000000	0.000000	0.003103	0.022615	0.498817	0.000000	0.069280	0.101633
89	tsk_89	(x)	1	:	0.000000	0.000000	0.000000	0.000000	0.000000	0.000000	0.000000	0.022365	0.044648	0.498819	0.000000	0.205926	0.228242
90	tsk_90	(x)	1	:	0.000000	0.000000	0.489005	0.000000	0.000000	0.000000	0.000000	0.015245	0.119652	0.000000	0.000000	0.107934	0.268165
91	tsk_91	(x)	1	:	0.000000	0.493602	0.046181	0.000000	0.000000	0.000000	0.000000	0.000000	0.000000	0.460217	0.000000	0.000000	0.000000
92	tsk_92	(x)	1	:	0.000000	0.000000	0.484595	0.511003	0.000000	0.000000	0.000000	0.002968	0.000638	0.000000	0.000000	0.000539	0.000257
93	tsk_93	(x)	1	:	0.000000	0.000000	0.000000	0.511156	0.000000	0.000000	0.000000	0.307468	0.029390	0.000000	0.000000	0.125778	0.026208
94	tsk_94	(x)	1	:	0.000000	0.000000	0.533543	0.000000	0.000000	0.000000	0.000000	0.000000	0.000000	0.466457	0.000000	0.000000	0.000000
95	tsk_95	(x)	1	:	0.000000	0.000000	0.489010	0.000000	0.000000	0.000000	0.000000	0.026923	0.145363	0.000000	0.000000	0.113741	0.224962
96	tsk_96	(x)	1	:	0.494741	0.000000	0.000000	0.000000	0.000000	0.000000	0.000000	0.054581	0.219158	0.000000	0.000000	0.107147	0.124373
97	tsk_97	(x)	1	:	0.000000	0.000000	0.000000	0.000000	0.000000	0.000000	0.000000	0.023484	0.108409	0.498819	0.000000	0.154321	0.214967
98	tsk_98	(x)	1	:	0.000000	0.000000	0.000000	0.510542	0.000000	0.000000	0.000000	0.000000	0.000000	0.489458	0.000000	0.000000	0.000000
99	tsk_99	(x)	1	:	0.487446	0.000000	0.000000	0.512554	0.000000	0.000000	0.000000	0.000000	0.000000	0.000000	0.000000	0.000000	0.000000
100	tsk_100	(x)	1	:	0.000000	0.000000	0.000000	1.000000	0.000000	0.000000	0.000000	0.000000	0.000000	0.000000	0.000000	0.000000	0.000000
101	tsk_101	(x)	1	:	0.000000	0.000000	0.000000	0.000000	0.000000	0.000000	0.000000	0.030436	0.403582	0.000000	0.000000	0.110123	0.455860
102	tsk_102	(x)	1	:	0.000000	0.000000	0.000000	0.497831	0.422098	0.000000	0.000000	0.058022	0.000796	0.000000	0.000000	0.010259	0.010994
103	tsk_103	(x)	1	:	0.000000	0.000000	0.000000	0.000000	0.000000	0.000000	0.000000	0.020787	0.048971	0.537919	0.000000	0.181587	0.210735
104	tsk_104	(x)	1	:	0.000000	0.000000	0.000000	0.497831	0.000000	0.000000	0.000000	0.303899	0.009811	0.000000	0.000000	0.142783	0.045677
105	tsk_105	(x)	1	:	0.000000	0.000000	0.000000	0.497831	0.000000	0.000000	0.000000	0.338742	0.019397	0.000000	0.000000	0.104497	0.039533
106	tsk_106	(x)	1	:	0.000000	0.000000	0.000000	0.000000	0.000000	0.000000	0.000000	0.000000	0.000000	1.000000	0.000000	0.000000	0.000000
107	tsk_107	(x)	1	:	0.000000	0.000000	0.488517	0.497847	0.000000	0.000000	0.000000	0.007976	0.001404	0.000000	0.000000	0.003178	0.001076
108	tsk_108	(x)	1	:	0.000000	0.000000	0.000000	0.000000	0.422079	0.000000	0.000000	0.006117	0.125859	0.000000	0.000000	0.047598	0.398346
109	tsk_109	(x)	1	:	0.000000	0.000000	0.000000	0.000000	0.000000	0.000000	0.000000	0.014399	0.288155	0.000000	0.000000	0.166473	0.530972
110	tsk_110	(x)	1	:	1.000000	0.000000	0.000000	0.000000	0.000000	0.000000	0.000000	0.000000	0.000000	0.000000	0.000000	0.000000	0.000000
111	tsk_111	(x)	1	:	0.000000	0.000000	0.000000	0.000000	0.619770	0.000000	0.000000	0.002194	0.070339	0.000000	0.000000	0.044177	0.263520
112	tsk_112	(x)	1	:	0.494741	0.000000	0.000000	0.000000	0.000000	0.000000	0.000000	0.038602	0.324108	0.000000	0.000000	0.089122	0.053427
113	tsk_113	(x)	1	:	0.494742	0.000000	0.000000	0.000000	0.422095	0.000000	0.000000	0.005088	0.041134	0.000000	0.000000	0.011180	0.025761
114	tsk_114	(x)	1	:	0.000000	0.000000	0.000000	0.000000	1.000000	0.000000	0.000000	0.000000	0.000000	0.000000	0.000000	0.000000	0.000000
115	tsk_115	(x)	1	:	0.000000	0.000000	0.000000	0.000000	0.619770	0.000000	0.000000	0.000000	0.089682	0.000000	0.000000	0.017412	0.273136
116	tsk_116	(x)	1	:	0.000000	0.000000	0.000000	0.000000	0.000000	0.000000	0.000000	0.029126	0.237466	0.000000	0.000000	0.333953	0.399456
117	tsk_117	(x)	1	:	0.521809	0.000000	0.000000	0.000000	0.000000	0.000000	0.000000	0.031722	0.324224	0.000000	0.000000	0.052408	0.069837
118	tsk_118	(x)	1	:	1.000000	0.000000	0.000000	0.000000	0.000000	0.000000	0.000000	0.000000	0.000000	0.000000	0.000000	0.000000	0.000000
119	tsk_119	(x)	1	:	0.000000	0.000000	0.000000	0.000000	0.422075	0.000000	0.000000	0.000019	0.065859	0.000000	0.000000	0.100538	0.411508
120	tsk_120	(x)	1	:	0.000000	0.000000	0.000000	0.000000	0.422083	0.000000	0.000000	0.010587	0.091223	0.000000	0.000000	0.085675	0.390432
121	tsk_121	(x)	1	:	0.000000	0.000000	0.000000	0.000000	0.000000	0.000000	0.000000	0.025270	0.353683	0.000000	0.000000	0.110776	0.510270
122	tsk_122	(x)	1	:	0.000000	0.000000	0.000000	0.000000	0.422074	0.000000	0.000000	0.000000	0.143601	0.000000	0.000000	0.085549	0.348775
123	tsk_123	(x)	1	:	0.000000	0.000000	0.000000	0.000000	0.000000	0.000000	0.000000	0.005661	0.153140	0.000000	0.000000	0.239450	0.601749
124	tsk_124	(x)	1	:	0.000000	0.000000	0.000000	0.000000	0.422076	0.000000	0.000000	0.007182	0.151358	0.000000	0.000000	0.097550	0.321833
125	tsk_125	(x)	1	:	0.000000	0.000000	0.000000	0.000000	0.422082	0.000000	0.000000	0.000349	0.069217	0.000000	0.000000	0.038742	0.469610
126	tsk_126	(x)	1	:	0.000000	0.000000	0.000000	0.000000	0.422082	0.000000	0.000000	0.001656	0.065422	0.000000	0.000000	0.062651	0.448188
127	tsk_127	(x)	1	:	0.000000	0.000000	0.000000	0.000000	0.422078	0.000000	0.000000	0.000592	0.099914	0.000000	0.000000	0.063838	0.413579
128	tsk_128	(x)	1	:	0.000000	0.000000	0.000000	0.000000	0.000000	0.000000	0.000000	0.012571	0.067118	0.498819	0.000000	0.172840	0.248651
129	tsk_129	(x)	1	:	0.000000	0.000000	0.000000	0.000000	0.000000	0.000000	0.000000	0.007655	0.221434	0.000000	0.000000	0.168208	0.602703
130	tsk_130	(x)	1	:	0.000000	0.000000	0.000000	0.508844	0.000000	0.000000	0.000000	0.123002	0.017395	0.000000	0.333333	0.009641	0.007785
131	tsk_131	(x)	1	:	0.000000	0.000000	0.000000	1.000000	0.000000	0.000000	0.000000	0.000000	0.000000	0.000000	0.000000	0.000000	0.000000
132	tsk_132	(x)	1	:	0.000000	0.000000	0.000000	0.508871	0.000000	0.000000	0.000000	0.402160	0.006032	0.000000	0.000000	0.057986	0.024951
133	tsk_133	(x)	1	:	0.496341	0.000000	0.000000	0.000000	0.000000	0.000000	0.000000	0.000000	0.000000	0.503659	0.000000	0.000000	0.000000
134	tsk_134	(x)	1	:	0.000000	0.000000	0.000000	0.508871	0.000000	0.000000	0.000000	0.327903	0.012590	0.000000	0.000000	0.112082	0.038554
135	tsk_135	(x)	1	:	0.000000	0.000000	0.000000	1.000000	0.000000	0.000000	0.000000	0.000000	0.000000	0.000000	0.000000	0.000000	0.000000
136	tsk_136	(x)	1	:	0.000000	0.000000	0.000000	0.000000	0.000000	0.000000	0.000000	0.005417	0.303829	0.000000	0.000000	0.171415	0.519338
137	tsk_137	(x)	1	:	0.000000	0.000000	0.000000	0.000000	0.000000	0.000000	0.000000	0.028327	0.087844	0.498819	0.000000	0.186280	0.198730
138	tsk_138	(x)	1	:	0.496341	0.000000	0.000000	0.000000	0.000000	0.000000	0.000000	0.000000	0.000000	0.503659	0.000000	0.000000	0.000000
139	tsk_139	(x)	1	:	0.496341	0.000000	0.000000	0.000000	0.000000	0.000000	0.000000	0.000000	0.000000	0.503659	0.000000	0.000000	0.000000
140	tsk_140	(x)	1	:	0.000000	0.000000	0.000000	0.000000	0.000000	0.000000	0.000000	0.016466	0.269434	0.000000	0.000000	0.234094	0.480006
141	tsk_141	(x)	1	:	0.000000	0.000000	0.000000	0.511156	0.000000	0.000000	0.000000	0.322417	0.047954	0.000000	0.000000	0.094087	0.024385
142	tsk_142	(x)	1	:	0.000000	0.000000	0.000000	0.511156	0.000000	0.000000	0.000000	0.325385	0.024836	0.000000	0.000000	0.094257	0.044366
143	tsk_143	(x)	1	:	0.000000	0.000000	0.000000	0.511156	0.000000	0.000000	0.000000	0.232762	0.029142	0.000000	0.000000	0.157261	0.069678
144	tsk_144	(x)	1	:	0.000000	0.000000	0.000000	0.511156	0.000000	0.000000	0.000000	0.288842	0.054432	0.000000	0.000000	0.113704	0.031864
145	tsk_145	(x)	1	:	0.000000	0.000000	0.000000	0.510610	0.000000	0.489248	0.000000	0.000086	0.000007	0.000000	0.000000	0.000042	0.000007
146	tsk_146	(x)	1	:	0.000000	0.000000	0.000000	0.000000	0.000000	0.000000	0.000000	0.000000	0.000011	0.000000	0.999978	0.000001	0.000010
147	tsk_147	(x)	1	:	0.000000	0.000000	0.000000	0.000000	0.000000	0.000000	0.000000	0.032341	0.257622	0.000000	0.000000	0.264233	0.445804
148	tsk_148	(x)	1	:	0.000000	0.000000	0.000000	0.000000	0.000000	0.000000	0.000000	0.013522	0.371989	0.000000	0.000000	0.164286	0.450204
149	tsk_149	(x)	1	:	0.000000	0.000000	0.000000	0.511130	0.000000	0.000000	0.000000	0.108941	0.016534	0.000000	0.333333	0.026380	0.003683
