logL = -2670.886248 (converged)
AIC = 5833.772495
BIC = 6574.388778

count.K
114 36 

