logL = -2838.738548 (converged)
AIC = 6977.477095
BIC = 8934.390037

count.K
11 67 58 14 

