logL = -1061.031730 (converged)
AIC = 4042.063459
BIC = 6932.273342

count.K
13 15 25 46 20 31 

