logL = -859.042351 (converged)
AIC = 3258.084703
BIC = 5576.273879

count.K
38 9 20 33 50 

