logL = -1635.771860 (converged)
AIC = 4111.543720
BIC = 5376.010543

count.K
61 18 71 

