logL = -1094.222436 (converged)
AIC = 7558.444871
BIC = 15642.000636

count.K
11 25 32 16 1 9 1 5 5 8 29 0 3 2 3 

