logL = -500.550927 (converged)
AIC = 4705.101855
BIC = 10280.798419

count.K
6 23 5 7 1 5 65 11 2 7 18 

