0	tsk_0	(x)	1	:	0.000000	0.000000	0.000000	0.711098	0.000000	0.000003	0.000000	0.000000	0.288899	0.000000
1	tsk_1	(x)	1	:	0.000000	0.000000	0.000000	0.000000	0.999992	0.000000	0.000000	0.000000	0.000000	0.000008
2	tsk_2	(x)	1	:	0.000000	0.000000	0.000000	0.000000	0.536204	0.000000	0.000000	0.000000	0.000000	0.463796
3	tsk_3	(x)	1	:	0.000000	0.000000	0.000000	0.000000	0.536204	0.000000	0.000000	0.000000	0.000000	0.463796
4	tsk_4	(x)	1	:	0.000000	0.000000	0.000000	0.000000	0.999992	0.000000	0.000000	0.000000	0.000000	0.000008
5	tsk_5	(x)	1	:	0.000000	0.000000	0.000000	0.000000	0.000000	0.000002	0.000000	0.525412	0.474586	0.000000
6	tsk_6	(x)	1	:	0.000000	0.000000	0.000000	0.000000	0.026074	0.000000	0.000000	0.519094	0.000275	0.454556
7	tsk_7	(x)	1	:	0.000000	0.000000	0.000000	0.000000	0.536199	0.000000	0.000000	0.000000	0.000000	0.463801
8	tsk_8	(x)	1	:	0.000000	0.000000	0.000000	0.000000	0.044822	0.000001	0.000000	0.000000	0.499325	0.455852
9	tsk_9	(x)	1	:	0.000000	0.000000	0.000000	0.000000	0.000000	0.000000	0.000000	1.000000	0.000000	0.000000
10	tsk_10	(x)	1	:	0.000000	0.000000	0.587984	0.000000	0.000000	0.000015	0.000000	0.000000	0.412000	0.000000
11	tsk_11	(x)	1	:	0.000000	0.000000	0.000000	0.000000	0.009651	0.549083	0.000000	0.000000	0.000092	0.441174
12	tsk_12	(x)	1	:	0.000000	0.000000	0.000000	0.213713	0.042165	0.000000	0.000000	0.000000	0.286441	0.457681
13	tsk_13	(x)	1	:	0.000000	0.000000	0.315366	0.000000	0.036403	0.000003	0.000000	0.000000	0.195672	0.452555
14	tsk_14	(x)	1	:	0.000000	0.000000	0.315531	0.000000	0.000000	0.627515	0.000000	0.000000	0.056954	0.000000
15	tsk_15	(x)	1	:	0.000000	0.000000	0.315455	0.000000	0.000000	0.627241	0.000000	0.000000	0.057304	0.000000
16	tsk_16	(x)	1	:	0.000000	0.000000	0.000000	0.000000	0.041061	0.000000	0.478530	0.000000	0.020859	0.459550
17	tsk_17	(x)	1	:	0.000000	0.000000	0.000000	0.000000	0.000000	0.627339	0.000000	0.000000	0.372661	0.000000
18	tsk_18	(x)	1	:	0.000000	0.496470	0.000000	0.000000	0.037491	0.000000	0.000000	0.000000	0.006435	0.459604
19	tsk_19	(x)	1	:	0.000000	0.000000	0.000000	0.000000	0.000000	1.000000	0.000000	0.000000	0.000000	0.000000
20	tsk_20	(x)	1	:	0.498512	0.000000	0.000000	0.000000	0.000000	0.000000	0.477551	0.000000	0.023937	0.000000
21	tsk_21	(x)	1	:	0.000000	0.000000	0.527765	0.000000	0.000000	0.000000	0.468942	0.000000	0.003293	0.000000
22	tsk_22	(x)	1	:	0.499498	0.000000	0.000000	0.000000	0.000000	0.000000	0.480546	0.000000	0.019955	0.000000
23	tsk_23	(x)	1	:	0.000000	0.479348	0.520652	0.000000	0.000000	0.000000	0.000000	0.000000	0.000000	0.000000
24	tsk_24	(x)	1	:	0.000000	0.000000	0.000000	0.000000	0.494503	0.000000	0.474539	0.000000	0.030952	0.000006
25	tsk_25	(x)	1	:	1.000000	0.000000	0.000000	0.000000	0.000000	0.000000	0.000000	0.000000	0.000000	0.000000
26	tsk_26	(x)	1	:	0.000000	0.543912	0.000000	0.439602	0.000000	0.000000	0.000000	0.000000	0.016486	0.000000
27	tsk_27	(x)	1	:	0.501256	0.498744	0.000000	0.000000	0.000000	0.000000	0.000000	0.000000	0.000000	0.000000
28	tsk_28	(x)	1	:	0.000000	0.497029	0.000000	0.381939	0.000000	0.000001	0.000000	0.000000	0.121032	0.000000
29	tsk_29	(x)	1	:	0.000000	0.498374	0.000000	0.000000	0.000000	0.000000	0.479855	0.000000	0.021771	0.000000
30	tsk_30	(x)	1	:	0.000000	0.000000	0.000000	0.000000	0.000000	0.000003	0.000000	0.000000	0.999997	0.000000
31	tsk_31	(x)	1	:	0.000000	0.000000	0.000000	0.000000	0.999993	0.000000	0.000000	0.000000	0.000000	0.000007
32	tsk_32	(x)	1	:	0.000000	0.000000	0.000000	0.000000	0.496710	0.000001	0.000000	0.000000	0.503285	0.000004
33	tsk_33	(x)	1	:	0.000000	0.000000	0.000000	0.579371	0.000000	0.000003	0.000000	0.000000	0.420626	0.000000
34	tsk_34	(x)	1	:	0.000000	0.000000	0.000000	0.543851	0.456036	0.000000	0.000000	0.000000	0.000109	0.000005
35	tsk_35	(x)	1	:	0.000000	0.000000	0.000000	0.000000	0.000000	0.000000	0.000000	0.000000	1.000000	0.000000
36	tsk_36	(x)	1	:	0.000000	0.000003	0.000000	0.000000	0.495817	0.000000	0.000000	0.473330	0.030846	0.000003
37	tsk_37	(x)	1	:	0.000000	0.000000	0.000000	0.000000	0.496713	0.000001	0.000000	0.000000	0.503283	0.000003
38	tsk_38	(x)	1	:	0.000000	0.000010	0.000000	0.000000	0.000000	0.000002	0.000000	0.473608	0.526380	0.000000
39	tsk_39	(x)	1	:	0.000000	0.000000	0.000000	0.000000	0.000000	0.000001	0.000000	0.000000	0.999999	0.000000
40	tsk_40	(x)	1	:	0.496437	0.000000	0.000000	0.000000	0.491231	0.000000	0.000000	0.000000	0.012330	0.000002
41	tsk_41	(x)	1	:	0.000000	0.000000	1.000000	0.000000	0.000000	0.000000	0.000000	0.000000	0.000000	0.000000
42	tsk_42	(x)	1	:	0.000000	0.000000	0.465351	0.000000	0.000000	0.000000	0.000000	0.534649	0.000000	0.000000
43	tsk_43	(x)	1	:	0.000000	0.000000	0.497214	0.000000	0.000000	0.000000	0.000000	0.502786	0.000000	0.000000
44	tsk_44	(x)	1	:	0.000000	0.000000	0.465351	0.000000	0.000000	0.000000	0.000000	0.534649	0.000000	0.000000
45	tsk_45	(x)	1	:	0.000000	0.000000	0.493686	0.506312	0.000000	0.000000	0.000000	0.000000	0.000002	0.000000
46	tsk_46	(x)	1	:	0.000000	0.000000	1.000000	0.000000	0.000000	0.000000	0.000000	0.000000	0.000000	0.000000
47	tsk_47	(x)	1	:	0.000000	0.000000	0.450657	0.549290	0.000000	0.000000	0.000000	0.000000	0.000054	0.000000
48	tsk_48	(x)	1	:	0.000000	0.000000	1.000000	0.000000	0.000000	0.000000	0.000000	0.000000	0.000000	0.000000
49	tsk_49	(x)	1	:	0.000000	0.000000	1.000000	0.000000	0.000000	0.000000	0.000000	0.000000	0.000000	0.000000
50	tsk_50	(x)	1	:	0.497226	0.000000	0.000000	0.000000	0.034037	0.000000	0.000000	0.000000	0.007735	0.461001
51	tsk_51	(x)	1	:	0.497813	0.000000	0.000000	0.000000	0.039843	0.000000	0.000000	0.000000	0.004080	0.458265
52	tsk_52	(x)	1	:	0.461052	0.000000	0.000000	0.000000	0.000000	0.000000	0.000000	0.538948	0.000000	0.000000
53	tsk_53	(x)	1	:	0.496873	0.000000	0.000000	0.000000	0.492564	0.000000	0.000000	0.000000	0.010559	0.000003
54	tsk_54	(x)	1	:	0.496210	0.000000	0.000000	0.000000	0.490529	0.000000	0.000000	0.000000	0.013251	0.000009
55	tsk_55	(x)	1	:	0.536611	0.000004	0.000000	0.000000	0.000000	0.000000	0.000000	0.463386	0.000000	0.000000
56	tsk_56	(x)	1	:	0.498388	0.000002	0.000000	0.000000	0.000000	0.410882	0.000000	0.000000	0.090728	0.000000
57	tsk_57	(x)	1	:	0.000000	0.000000	0.000000	0.000000	1.000000	0.000000	0.000000	0.000000	0.000000	0.000000
58	tsk_58	(x)	1	:	0.000000	0.000000	0.000000	0.000000	0.452469	0.547531	0.000000	0.000000	0.000000	0.000000
59	tsk_59	(x)	1	:	0.000000	0.000000	0.000000	0.000000	0.000000	0.000000	0.000000	1.000000	0.000000	0.000000
60	tsk_60	(x)	1	:	0.000000	0.000000	0.000000	0.440296	0.000000	0.000001	0.000000	0.000000	0.559703	0.000000
61	tsk_61	(x)	1	:	0.000000	0.000014	0.000000	0.000000	0.000000	0.000005	0.000000	0.473606	0.526374	0.000000
62	tsk_62	(x)	1	:	0.000000	0.497736	0.000000	0.000000	0.000000	0.000000	0.478245	0.000000	0.024019	0.000000
63	tsk_63	(x)	1	:	0.000000	0.000000	0.000000	0.000000	0.000000	0.000000	0.000000	1.000000	0.000000	0.000000
64	tsk_64	(x)	1	:	0.000000	0.000000	0.000000	0.000000	0.000000	0.000000	1.000000	0.000000	0.000000	0.000000
65	tsk_65	(x)	1	:	0.000000	0.000000	0.467564	0.000000	0.000000	0.000005	0.000000	0.000000	0.532431	0.000000
66	tsk_66	(x)	1	:	0.000000	0.000000	0.000000	0.000000	0.000000	0.000010	0.000000	0.525413	0.474577	0.000000
67	tsk_67	(x)	1	:	0.000000	0.000000	0.000000	0.000000	0.000000	0.000006	0.000000	0.559656	0.440338	0.000000
68	tsk_68	(x)	1	:	0.000000	0.000013	0.000000	0.000000	0.000000	0.000002	0.000000	0.473607	0.526378	0.000000
69	tsk_69	(x)	1	:	0.000000	0.000000	0.465351	0.000000	0.000000	0.000000	0.000000	0.534649	0.000000	0.000000
70	tsk_70	(x)	1	:	0.000000	0.000000	0.000000	0.000000	0.347773	0.000000	0.000000	0.000000	0.000000	0.652227
71	tsk_71	(x)	1	:	0.000000	0.000000	0.467195	0.000000	0.476463	0.000000	0.000000	0.000000	0.056337	0.000004
72	tsk_72	(x)	1	:	0.000000	0.000000	0.000000	0.000000	0.040189	0.410527	0.000000	0.000000	0.090154	0.459129
73	tsk_73	(x)	1	:	0.476204	0.000000	0.000000	0.000000	0.000060	0.000000	0.000000	0.000000	0.000006	0.523730
74	tsk_74	(x)	1	:	0.000000	0.000000	0.000000	0.357841	0.464712	0.000000	0.177023	0.000000	0.000423	0.000002
75	tsk_75	(x)	1	:	0.000000	0.000000	0.467260	0.000000	0.476591	0.000000	0.000000	0.000000	0.056144	0.000004
76	tsk_76	(x)	1	:	0.000000	0.000000	0.459837	0.000000	0.000060	0.000000	0.000000	0.000000	0.000000	0.540103
77	tsk_77	(x)	1	:	0.000000	0.000000	0.000000	0.000000	0.039521	0.410290	0.000000	0.000000	0.090691	0.459498
78	tsk_78	(x)	1	:	0.000000	0.000000	0.000000	0.000000	0.536206	0.000000	0.000000	0.000000	0.000000	0.463794
79	tsk_79	(x)	1	:	0.000000	0.000000	0.467112	0.000000	0.476282	0.000000	0.000000	0.000000	0.056592	0.000014
80	tsk_80	(x)	1	:	0.000000	0.000000	0.000000	0.440046	0.000000	0.000001	0.000000	0.473542	0.086410	0.000000
81	tsk_81	(x)	1	:	0.000000	0.000000	0.000000	1.000000	0.000000	0.000000	0.000000	0.000000	0.000000	0.000000
82	tsk_82	(x)	1	:	0.536610	0.000004	0.000000	0.000000	0.000000	0.000000	0.000000	0.463385	0.000000	0.000000
83	tsk_83	(x)	1	:	0.000000	0.000000	0.000000	0.893372	0.000000	0.000000	0.000000	0.000000	0.106628	0.000000
84	tsk_84	(x)	1	:	0.000000	0.000001	0.000000	0.537580	0.000000	0.000000	0.000000	0.461832	0.000587	0.000000
85	tsk_85	(x)	1	:	0.000000	0.000000	0.000000	0.439996	0.496407	0.000000	0.000000	0.000000	0.063590	0.000007
86	tsk_86	(x)	1	:	0.000000	0.000000	0.000000	0.489005	0.000000	0.000000	0.510957	0.000000	0.000038	0.000000
87	tsk_87	(x)	1	:	0.000000	0.000000	0.000000	0.893372	0.000000	0.000000	0.000000	0.000000	0.106628	0.000000
88	tsk_88	(x)	1	:	0.000000	0.000000	0.000000	1.000000	0.000000	0.000000	0.000000	0.000000	0.000000	0.000000
89	tsk_89	(x)	1	:	0.000000	0.000010	0.000000	0.000000	0.000000	0.410115	0.000000	0.473631	0.116244	0.000000
90	tsk_90	(x)	1	:	0.000000	0.497215	0.000000	0.000000	0.000000	0.410365	0.000000	0.000000	0.092420	0.000000
91	tsk_91	(x)	1	:	0.000000	0.000000	0.000000	0.000000	0.042588	0.411255	0.000000	0.000000	0.088395	0.457761
92	tsk_92	(x)	1	:	0.000000	0.497148	0.000000	0.000000	0.000000	0.000002	0.233693	0.000000	0.269157	0.000000
93	tsk_93	(x)	1	:	0.000000	0.000000	0.000000	0.000000	0.045659	0.000002	0.000000	0.000000	0.499048	0.455291
94	tsk_94	(x)	1	:	0.000000	0.000000	0.000000	0.000000	0.000000	0.410029	0.000000	0.000000	0.589971	0.000000
95	tsk_95	(x)	1	:	0.000000	0.497138	0.000000	0.000000	0.000000	0.000010	0.000000	0.000000	0.502851	0.000000
96	tsk_96	(x)	1	:	0.000000	0.000000	0.000000	1.000000	0.000000	0.000000	0.000000	0.000000	0.000000	0.000000
97	tsk_97	(x)	1	:	0.000000	0.497313	0.000000	0.000000	0.000000	0.410872	0.000000	0.000000	0.091814	0.000000
98	tsk_98	(x)	1	:	0.000000	0.496959	0.000000	0.000000	0.041197	0.000000	0.000000	0.000000	0.003924	0.457920
99	tsk_99	(x)	1	:	0.000000	1.000000	0.000000	0.000000	0.000000	0.000000	0.000000	0.000000	0.000000	0.000000
100	tsk_100	(x)	1	:	0.000000	0.000000	0.000000	0.000000	0.000000	0.410029	0.000000	0.000000	0.589971	0.000000
101	tsk_101	(x)	1	:	0.000000	0.000000	0.315337	0.000000	0.483436	0.000001	0.000000	0.000000	0.201221	0.000004
102	tsk_102	(x)	1	:	0.000000	0.000000	0.000000	0.000000	0.999995	0.000000	0.000000	0.000000	0.000000	0.000005
103	tsk_103	(x)	1	:	0.000000	0.000000	0.000000	0.000000	0.000000	0.611390	0.000000	0.000000	0.388610	0.000000
104	tsk_104	(x)	1	:	0.000000	0.000000	0.000000	0.000000	0.014558	0.542789	0.000000	0.000000	0.000052	0.442601
105	tsk_105	(x)	1	:	0.000000	0.000000	0.000000	0.000000	0.496746	0.000001	0.233691	0.000000	0.269560	0.000003
106	tsk_106	(x)	1	:	0.000000	0.000569	0.335982	0.000000	0.000000	0.000009	0.000000	0.524946	0.138494	0.000000
107	tsk_107	(x)	1	:	0.000000	0.000000	0.000000	0.440343	0.000000	0.410065	0.000000	0.000000	0.149592	0.000000
108	tsk_108	(x)	1	:	0.000000	0.497137	0.000000	0.000000	0.000000	0.000002	0.000000	0.000000	0.502861	0.000000
109	tsk_109	(x)	1	:	0.000000	0.000000	0.000000	0.000000	0.000000	0.000002	0.000000	0.000000	0.999998	0.000000
110	tsk_110	(x)	1	:	0.000000	0.000012	0.000000	0.000000	0.000000	0.000005	0.000000	0.473607	0.526376	0.000000
111	tsk_111	(x)	1	:	0.536611	0.000004	0.000000	0.000000	0.000000	0.000000	0.000000	0.463385	0.000000	0.000000
112	tsk_112	(x)	1	:	0.000000	0.000003	0.000000	0.000000	0.049792	0.000000	0.000000	0.476144	0.016371	0.457690
113	tsk_113	(x)	1	:	0.498365	0.000000	0.000000	0.440682	0.000000	0.000000	0.000000	0.000000	0.060952	0.000000
114	tsk_114	(x)	1	:	0.000000	0.000000	0.000000	0.000000	0.000000	0.000004	0.000000	0.525412	0.474584	0.000000
115	tsk_115	(x)	1	:	0.000000	0.000000	0.315483	0.213627	0.000000	0.000006	0.000000	0.000000	0.470884	0.000000
116	tsk_116	(x)	1	:	0.536611	0.000003	0.000000	0.000000	0.000000	0.000000	0.000000	0.463386	0.000000	0.000000
117	tsk_117	(x)	1	:	0.000000	0.000010	0.000000	0.000000	0.000000	0.000003	0.000000	0.473608	0.526379	0.000000
118	tsk_118	(x)	1	:	0.000000	0.000000	0.000000	0.000000	0.000032	0.000000	0.000000	0.000000	0.000000	0.999967
119	tsk_119	(x)	1	:	0.479472	0.000000	0.000000	0.520417	0.000000	0.000000	0.000000	0.000000	0.000111	0.000000
120	tsk_120	(x)	1	:	0.000000	0.000004	0.000000	0.000000	0.047934	0.000000	0.000000	0.475481	0.019011	0.457570
121	tsk_121	(x)	1	:	0.000000	0.000000	0.000000	0.000000	0.000052	0.000000	0.000000	0.460345	0.000009	0.539594
122	tsk_122	(x)	1	:	0.000000	0.000000	0.000000	0.000000	0.496454	0.409489	0.000000	0.000000	0.094047	0.000011
123	tsk_123	(x)	1	:	0.000000	0.000000	0.000000	0.000000	0.045183	0.000001	0.000000	0.000000	0.499206	0.455610
124	tsk_124	(x)	1	:	0.000000	0.000000	0.000000	0.000000	0.000036	0.407327	0.000000	0.000000	0.030513	0.562124
125	tsk_125	(x)	1	:	0.000000	0.000000	0.000000	0.000000	0.000000	0.999958	0.000000	0.000000	0.000042	0.000000
126	tsk_126	(x)	1	:	0.496400	0.000000	0.000000	0.000000	0.491116	0.000000	0.000000	0.000000	0.012479	0.000004
127	tsk_127	(x)	1	:	0.000000	0.000000	0.000000	0.000000	0.496270	0.409150	0.000000	0.000000	0.094564	0.000016
128	tsk_128	(x)	1	:	0.000000	0.000000	0.000000	0.000000	0.536206	0.000000	0.000000	0.000000	0.000000	0.463794
129	tsk_129	(x)	1	:	0.000000	0.000000	0.467204	0.000000	0.476481	0.000000	0.000000	0.000000	0.056312	0.000003
130	tsk_130	(x)	1	:	0.543968	0.000000	0.456031	0.000000	0.000000	0.000000	0.000000	0.000000	0.000000	0.000000
131	tsk_131	(x)	1	:	0.000000	1.000000	0.000000	0.000000	0.000000	0.000000	0.000000	0.000000	0.000000	0.000000
132	tsk_132	(x)	1	:	0.000000	0.000000	0.000000	0.000000	0.000000	0.000000	0.000000	1.000000	0.000000	0.000000
133	tsk_133	(x)	1	:	0.515012	0.000001	0.484983	0.000000	0.000000	0.000000	0.000000	0.000000	0.000004	0.000000
134	tsk_134	(x)	1	:	0.000000	0.000000	0.000000	0.000000	0.000000	0.000000	0.000000	1.000000	0.000000	0.000000
135	tsk_135	(x)	1	:	0.000000	0.000000	1.000000	0.000000	0.000000	0.000000	0.000000	0.000000	0.000000	0.000000
136	tsk_136	(x)	1	:	0.000000	0.448946	0.000000	0.000000	0.000000	0.000000	0.000000	0.551054	0.000000	0.000000
137	tsk_137	(x)	1	:	0.000000	0.000004	0.000000	0.000000	0.047969	0.000000	0.000000	0.475555	0.018770	0.457701
138	tsk_138	(x)	1	:	0.000000	0.000000	0.000000	0.000000	0.000000	0.000002	0.000000	0.000000	0.999997	0.000000
139	tsk_139	(x)	1	:	0.000000	0.000000	0.000000	0.000000	0.026103	0.000000	0.000000	0.519095	0.000263	0.454539
140	tsk_140	(x)	1	:	0.498348	0.000000	0.000000	0.440629	0.000000	0.000000	0.000000	0.000000	0.061022	0.000000
141	tsk_141	(x)	1	:	0.000000	0.000000	0.000000	0.440386	0.000000	0.410151	0.000000	0.000000	0.149463	0.000000
142	tsk_142	(x)	1	:	0.000000	0.000000	0.000000	0.440231	0.496646	0.000000	0.000000	0.000000	0.063118	0.000006
143	tsk_143	(x)	1	:	0.000000	0.000000	0.000000	0.440383	0.000000	0.410145	0.000000	0.000000	0.149472	0.000000
144	tsk_144	(x)	1	:	0.000000	0.000000	0.000000	0.440373	0.000000	0.410124	0.000000	0.000000	0.149504	0.000000
145	tsk_145	(x)	1	:	0.498330	0.000001	0.000000	0.440572	0.000000	0.000000	0.000000	0.000000	0.061097	0.000000
146	tsk_146	(x)	1	:	0.000000	0.000000	0.000000	0.440355	0.000000	0.410089	0.000000	0.000000	0.149556	0.000000
147	tsk_147	(x)	1	:	0.000000	0.000000	0.000000	1.000000	0.000000	0.000000	0.000000	0.000000	0.000000	0.000000
148	tsk_148	(x)	1	:	0.000000	0.000000	0.000000	0.440399	0.000000	0.410178	0.000000	0.000000	0.149423	0.000000
149	tsk_149	(x)	1	:	0.000000	0.000000	0.000000	0.439996	0.496409	0.000000	0.000000	0.000000	0.063589	0.000006
