0	tsk_0	(x)	1	:	0.000000	0.000000	0.000000	0.000000	0.000000	0.000000	0.000000	0.000000	0.000000	0.000000	0.999999	0.000001
1	tsk_1	(x)	1	:	0.000000	0.000000	0.000000	0.000000	0.746969	0.253031	0.000000	0.000000	0.000000	0.000000	0.000000	0.000000
2	tsk_2	(x)	1	:	0.135241	0.000000	0.000000	0.000000	0.420194	0.127339	0.000000	0.000000	0.317225	0.000000	0.000000	0.000000
3	tsk_3	(x)	1	:	0.000000	0.000000	0.000000	0.000000	0.412806	0.126708	0.000000	0.460486	0.000000	0.000000	0.000000	0.000000
4	tsk_4	(x)	1	:	0.156934	0.000000	0.000000	0.000000	0.000000	0.000000	0.000000	0.000000	0.318963	0.000000	0.000000	0.524103
5	tsk_5	(x)	1	:	0.000000	0.000000	0.000000	0.000000	0.000000	0.000000	0.000000	0.000000	0.000000	0.000000	1.000000	0.000000
6	tsk_6	(x)	1	:	0.485822	0.000000	0.000000	0.000000	0.000000	0.000000	0.000000	0.000000	0.514178	0.000000	0.000000	0.000000
7	tsk_7	(x)	1	:	0.000000	0.000000	0.000000	0.000000	0.000000	0.000000	0.000000	0.484219	0.000000	0.000000	0.345088	0.170694
8	tsk_8	(x)	1	:	0.156422	0.000000	0.000000	0.000000	0.000000	0.000000	0.000000	0.000000	0.319945	0.000000	0.345729	0.177904
9	tsk_9	(x)	1	:	0.000000	0.000000	0.000000	0.000000	0.746969	0.253031	0.000000	0.000000	0.000000	0.000000	0.000000	0.000000
10	tsk_10	(x)	1	:	0.000074	0.000000	0.518463	0.000000	0.000000	0.000000	0.000000	0.000000	0.474613	0.000000	0.000000	0.006851
11	tsk_11	(x)	1	:	0.000000	0.000000	0.494990	0.000000	0.000003	0.500561	0.000000	0.000000	0.000000	0.000000	0.000000	0.004446
12	tsk_12	(x)	1	:	0.000000	0.000000	0.000000	0.000000	1.000000	0.000000	0.000000	0.000000	0.000000	0.000000	0.000000	0.000000
13	tsk_13	(x)	1	:	0.000081	0.000000	0.000000	0.000000	0.000017	0.509816	0.000000	0.000000	0.487916	0.000000	0.000000	0.002170
14	tsk_14	(x)	1	:	0.000000	0.000000	0.494275	0.000000	0.490883	0.000000	0.000000	0.000000	0.000000	0.000000	0.000000	0.014842
15	tsk_15	(x)	1	:	0.000000	0.000000	0.000000	0.000000	0.000000	0.000000	0.000000	0.000000	1.000000	0.000000	0.000000	0.000000
16	tsk_16	(x)	1	:	0.000188	0.000000	0.000000	0.000000	0.000000	0.000000	0.000000	0.000000	0.449767	0.000000	0.000000	0.550045
17	tsk_17	(x)	1	:	0.000000	0.000000	0.000000	0.000000	0.000000	0.000000	0.000000	0.000000	1.000000	0.000000	0.000000	0.000000
18	tsk_18	(x)	1	:	0.000000	0.000000	0.000000	0.000000	1.000000	0.000000	0.000000	0.000000	0.000000	0.000000	0.000000	0.000000
19	tsk_19	(x)	1	:	0.422717	0.000000	0.577283	0.000000	0.000000	0.000000	0.000000	0.000000	0.000000	0.000000	0.000000	0.000000
20	tsk_20	(x)	1	:	0.651907	0.000000	0.000000	0.000000	0.000000	0.000000	0.000000	0.000000	0.000000	0.000000	0.000000	0.348093
21	tsk_21	(x)	1	:	1.000000	0.000000	0.000000	0.000000	0.000000	0.000000	0.000000	0.000000	0.000000	0.000000	0.000000	0.000000
22	tsk_22	(x)	1	:	0.000000	0.000000	0.000000	0.000000	0.000000	0.000000	0.000000	0.000000	0.000000	1.000000	0.000000	0.000000
23	tsk_23	(x)	1	:	0.472466	0.000000	0.000000	0.000000	0.490413	0.000000	0.000000	0.000000	0.000000	0.000000	0.000000	0.037120
24	tsk_24	(x)	1	:	0.000000	0.000000	0.000000	0.000000	0.000000	0.000000	0.000000	0.000000	0.000000	0.000000	0.470483	0.529517
25	tsk_25	(x)	1	:	0.542160	0.000000	0.000000	0.000000	0.457840	0.000000	0.000000	0.000000	0.000000	0.000000	0.000000	0.000000
26	tsk_26	(x)	1	:	0.000000	0.000000	0.000000	0.486397	0.490256	0.000000	0.000000	0.004820	0.000000	0.000000	0.000000	0.018528
27	tsk_27	(x)	1	:	1.000000	0.000000	0.000000	0.000000	0.000000	0.000000	0.000000	0.000000	0.000000	0.000000	0.000000	0.000000
28	tsk_28	(x)	1	:	1.000000	0.000000	0.000000	0.000000	0.000000	0.000000	0.000000	0.000000	0.000000	0.000000	0.000000	0.000000
29	tsk_29	(x)	1	:	0.471651	0.000000	0.000000	0.454830	0.000000	0.000000	0.000000	0.031969	0.000000	0.000000	0.000000	0.041550
30	tsk_30	(x)	1	:	0.000000	0.000000	0.000000	0.486000	0.000000	0.000000	0.000000	0.005319	0.000000	0.000000	0.000000	0.508680
31	tsk_31	(x)	1	:	0.000000	0.000000	0.000000	0.000000	0.000000	0.000000	0.471658	0.528341	0.000000	0.000000	0.000000	0.000000
32	tsk_32	(x)	1	:	0.000000	0.000000	0.000000	0.521919	0.000000	0.000000	0.000000	0.478081	0.000000	0.000000	0.000000	0.000000
33	tsk_33	(x)	1	:	0.443981	0.000000	0.000000	0.000000	0.000000	0.000000	0.000000	0.555388	0.000000	0.000000	0.000000	0.000630
34	tsk_34	(x)	1	:	1.000000	0.000000	0.000000	0.000000	0.000000	0.000000	0.000000	0.000000	0.000000	0.000000	0.000000	0.000000
35	tsk_35	(x)	1	:	0.471732	0.000000	0.000000	0.000000	0.000000	0.000000	0.000000	0.000000	0.000000	0.000000	0.000000	0.528268
36	tsk_36	(x)	1	:	0.000000	0.000000	0.000000	0.299525	0.000000	0.000000	0.000000	0.700475	0.000000	0.000000	0.000000	0.000000
37	tsk_37	(x)	1	:	0.000000	0.000000	0.000000	0.466223	0.000000	0.000000	0.000000	0.533777	0.000000	0.000000	0.000000	0.000000
38	tsk_38	(x)	1	:	0.471323	0.000000	0.000000	0.486099	0.000000	0.000000	0.000000	0.005070	0.000000	0.000000	0.000000	0.037507
39	tsk_39	(x)	1	:	0.000000	0.000000	0.000000	0.000000	0.000000	0.000000	0.000000	0.541819	0.000000	0.000000	0.458180	0.000001
40	tsk_40	(x)	1	:	0.000000	0.000000	0.000000	0.000000	1.000000	0.000000	0.000000	0.000000	0.000000	0.000000	0.000000	0.000000
41	tsk_41	(x)	1	:	0.000000	0.000000	0.000000	0.000000	0.000000	1.000000	0.000000	0.000000	0.000000	0.000000	0.000000	0.000000
42	tsk_42	(x)	1	:	0.000000	0.000000	0.000000	0.000000	0.496113	0.000000	0.000000	0.000000	0.000000	0.000000	0.503886	0.000000
43	tsk_43	(x)	1	:	0.471732	0.000000	0.000000	0.000000	0.000000	0.000000	0.000000	0.000000	0.000000	0.000000	0.000000	0.528268
44	tsk_44	(x)	1	:	0.000000	0.000000	0.000000	0.000000	0.000067	0.505232	0.000000	0.000000	0.000000	0.000000	0.494701	0.000000
45	tsk_45	(x)	1	:	0.000000	0.000000	0.000000	0.000000	0.483811	0.516189	0.000000	0.000000	0.000000	0.000000	0.000000	0.000000
46	tsk_46	(x)	1	:	0.000000	0.000000	0.000000	0.000000	0.000003	0.499998	0.000000	0.000000	0.000000	0.000000	0.000000	0.499999
47	tsk_47	(x)	1	:	0.472087	0.000000	0.000000	0.000000	0.490340	0.000000	0.000000	0.000000	0.000000	0.000000	0.000000	0.037573
48	tsk_48	(x)	1	:	0.000000	0.000000	0.000000	0.000000	0.496113	0.000000	0.000000	0.000000	0.000000	0.000000	0.503886	0.000000
49	tsk_49	(x)	1	:	0.472703	0.000000	0.000000	0.000000	0.490458	0.000000	0.000000	0.000000	0.000000	0.000000	0.000000	0.036839
50	tsk_50	(x)	1	:	0.000000	0.000000	0.000000	0.000000	0.000000	0.000000	0.000000	0.484286	0.000000	0.490361	0.000000	0.025354
51	tsk_51	(x)	1	:	0.061371	0.440810	0.000000	0.000000	0.000000	0.000000	0.000000	0.000000	0.000000	0.497819	0.000000	0.000000
52	tsk_52	(x)	1	:	0.471345	0.000000	0.000000	0.000000	0.000000	0.000000	0.491984	0.000000	0.000000	0.000000	0.000000	0.036671
53	tsk_53	(x)	1	:	0.000000	0.000000	0.000000	0.000000	0.000000	0.000000	0.000000	0.000000	0.000000	1.000000	0.000000	0.000000
54	tsk_54	(x)	1	:	0.000000	0.000000	0.000000	0.000000	0.000000	0.000000	0.000000	0.000000	0.000000	1.000000	0.000000	0.000000
55	tsk_55	(x)	1	:	0.000000	0.000000	0.000000	0.000000	0.000000	0.000000	0.000000	0.484315	0.000000	0.490382	0.000000	0.025303
56	tsk_56	(x)	1	:	0.471961	0.000000	0.000000	0.000000	0.000000	0.000000	0.000000	0.000000	0.000000	0.490359	0.000000	0.037680
57	tsk_57	(x)	1	:	0.000000	0.000000	0.000000	0.000000	0.451704	0.000000	0.000000	0.000000	0.000000	0.548296	0.000000	0.000000
58	tsk_58	(x)	1	:	0.471878	0.000000	0.000000	0.000000	0.490300	0.000000	0.000000	0.000000	0.000000	0.000000	0.000000	0.037822
59	tsk_59	(x)	1	:	0.558686	0.441314	0.000000	0.000000	0.000000	0.000000	0.000000	0.000000	0.000000	0.000000	0.000000	0.000000
60	tsk_60	(x)	1	:	0.000000	0.000000	0.000000	0.000000	0.508223	0.000000	0.000000	0.000000	0.000000	0.000000	0.491777	0.000000
61	tsk_61	(x)	1	:	0.480572	0.000000	0.000000	0.000000	0.000000	0.000000	0.000000	0.000000	0.000000	0.000000	0.519428	0.000000
62	tsk_62	(x)	1	:	0.000000	0.000000	0.495653	0.000000	0.491428	0.000000	0.000000	0.000000	0.000000	0.000000	0.000000	0.012919
63	tsk_63	(x)	1	:	0.000000	0.000000	0.000000	0.000000	0.000000	0.000000	0.000000	0.000000	1.000000	0.000000	0.000000	0.000000
64	tsk_64	(x)	1	:	0.480572	0.000000	0.000000	0.000000	0.000000	0.000000	0.000000	0.000000	0.000000	0.000000	0.519428	0.000000
65	tsk_65	(x)	1	:	0.471683	0.000000	0.000000	0.000000	0.000000	0.000000	0.000000	0.484195	0.000000	0.000000	0.000000	0.044122
66	tsk_66	(x)	1	:	0.471986	0.000000	0.000000	0.000000	0.490321	0.000000	0.000000	0.000000	0.000000	0.000000	0.000000	0.037693
67	tsk_67	(x)	1	:	0.480572	0.000000	0.000000	0.000000	0.000000	0.000000	0.000000	0.000000	0.000000	0.000000	0.519428	0.000000
68	tsk_68	(x)	1	:	0.651626	0.000000	0.000000	0.000000	0.000000	0.000000	0.000000	0.000000	0.000000	0.000000	0.000000	0.348374
69	tsk_69	(x)	1	:	0.471732	0.000000	0.000000	0.000000	0.000000	0.000000	0.000000	0.000000	0.000000	0.000000	0.000000	0.528268
70	tsk_70	(x)	1	:	0.471978	0.000000	0.000000	0.000000	0.490320	0.000000	0.000000	0.000000	0.000000	0.000000	0.000000	0.037703
71	tsk_71	(x)	1	:	0.000000	0.000000	0.000000	0.000000	0.490299	0.000000	0.000000	0.484254	0.000000	0.000000	0.000000	0.025447
72	tsk_72	(x)	1	:	1.000000	0.000000	0.000000	0.000000	0.000000	0.000000	0.000000	0.000000	0.000000	0.000000	0.000000	0.000000
73	tsk_73	(x)	1	:	0.000000	0.000000	0.000000	0.000000	0.000000	0.000000	0.000000	1.000000	0.000000	0.000000	0.000000	0.000000
74	tsk_74	(x)	1	:	0.000000	0.000000	0.000000	0.000000	0.000000	0.000000	0.000000	0.418520	0.000000	0.000000	0.581480	0.000000
75	tsk_75	(x)	1	:	0.472082	0.000000	0.000000	0.000000	0.490339	0.000000	0.000000	0.000000	0.000000	0.000000	0.000000	0.037578
76	tsk_76	(x)	1	:	0.000000	0.000000	0.000000	0.000000	0.000000	0.000000	0.000000	0.454248	0.000000	0.000000	0.545752	0.000000
77	tsk_77	(x)	1	:	0.561032	0.000000	0.000000	0.000000	0.000000	0.000000	0.000000	0.438968	0.000000	0.000000	0.000000	0.000000
78	tsk_78	(x)	1	:	1.000000	0.000000	0.000000	0.000000	0.000000	0.000000	0.000000	0.000000	0.000000	0.000000	0.000000	0.000000
79	tsk_79	(x)	1	:	1.000000	0.000000	0.000000	0.000000	0.000000	0.000000	0.000000	0.000000	0.000000	0.000000	0.000000	0.000000
80	tsk_80	(x)	1	:	0.000000	0.000000	0.000000	0.000000	0.000000	0.000000	0.000000	0.000000	0.000000	0.000000	0.000000	1.000000
81	tsk_81	(x)	1	:	0.000000	0.000000	0.000000	0.000000	0.000000	0.000000	0.492046	0.000000	0.000000	0.000000	0.000000	0.507954
82	tsk_82	(x)	1	:	0.000000	0.000000	0.000000	0.992634	0.000000	0.000000	0.000000	0.007366	0.000000	0.000000	0.000000	0.000000
83	tsk_83	(x)	1	:	0.000000	0.000000	0.470179	0.000000	0.529821	0.000000	0.000000	0.000000	0.000000	0.000000	0.000000	0.000000
84	tsk_84	(x)	1	:	0.000000	0.000000	0.492730	0.000000	0.000000	0.000000	0.000000	0.000000	0.000000	0.000000	0.000000	0.507270
85	tsk_85	(x)	1	:	0.000000	0.000000	0.000000	0.000000	0.490273	0.000000	0.000000	0.000000	0.000000	0.000000	0.000000	0.509727
86	tsk_86	(x)	1	:	0.502676	0.000000	0.000000	0.000000	0.497324	0.000000	0.000000	0.000000	0.000000	0.000000	0.000000	0.000000
87	tsk_87	(x)	1	:	0.000000	0.000000	0.000000	0.000000	0.000000	0.000000	0.000000	0.000000	0.000000	0.000000	0.000000	1.000000
88	tsk_88	(x)	1	:	0.000000	0.000000	0.000000	0.000000	0.490277	0.000000	0.492048	0.000000	0.000000	0.000000	0.000000	0.017675
89	tsk_89	(x)	1	:	0.000000	0.000000	0.000000	0.000000	0.538044	0.000000	0.000000	0.000000	0.000000	0.000000	0.000000	0.461956
90	tsk_90	(x)	1	:	0.451268	0.000000	0.000000	0.547553	0.000000	0.000000	0.000000	0.000000	0.000000	0.000000	0.000000	0.001179
91	tsk_91	(x)	1	:	0.000000	0.000000	0.000000	0.479544	0.000002	0.500062	0.000000	0.009639	0.000000	0.000000	0.000000	0.010753
92	tsk_92	(x)	1	:	0.000000	0.000000	1.000000	0.000000	0.000000	0.000000	0.000000	0.000000	0.000000	0.000000	0.000000	0.000000
93	tsk_93	(x)	1	:	0.471485	0.000000	0.000000	0.478452	0.000000	0.000000	0.000000	0.010705	0.000000	0.000000	0.000000	0.039357
94	tsk_94	(x)	1	:	0.000000	0.000000	0.493223	0.000000	0.000000	0.000000	0.000000	0.484536	0.000000	0.000000	0.000000	0.022241
95	tsk_95	(x)	1	:	0.000000	0.000000	0.000000	0.478900	0.490282	0.000000	0.000000	0.010260	0.000000	0.000000	0.000000	0.020557
96	tsk_96	(x)	1	:	0.000000	0.000000	1.000000	0.000000	0.000000	0.000000	0.000000	0.000000	0.000000	0.000000	0.000000	0.000000
97	tsk_97	(x)	1	:	0.570672	0.000000	0.000000	0.000000	0.000000	0.000000	0.000000	0.000000	0.429328	0.000000	0.000000	0.000000
98	tsk_98	(x)	1	:	0.000000	0.000000	0.493252	0.000000	0.000000	0.000000	0.000000	0.484555	0.000000	0.000000	0.000000	0.022192
99	tsk_99	(x)	1	:	0.000000	0.000000	1.000000	0.000000	0.000000	0.000000	0.000000	0.000000	0.000000	0.000000	0.000000	0.000000
100	tsk_100	(x)	1	:	0.471436	0.000000	0.000000	0.000000	0.000000	0.000000	0.000000	0.000000	0.000000	0.000000	0.470367	0.058197
101	tsk_101	(x)	1	:	0.471856	0.000000	0.000000	0.000000	0.000000	0.000000	0.000000	0.000000	0.000000	0.490334	0.000000	0.037809
102	tsk_102	(x)	1	:	0.464047	0.000000	0.000000	0.000000	0.000000	0.000000	0.531165	0.000000	0.000000	0.000000	0.000000	0.004788
103	tsk_103	(x)	1	:	0.473287	0.000000	0.000000	0.000000	0.000000	0.000000	0.000000	0.000000	0.000000	0.490679	0.000000	0.036035
104	tsk_104	(x)	1	:	0.000000	0.000000	0.000000	0.000000	0.508223	0.000000	0.000000	0.000000	0.000000	0.000000	0.491777	0.000000
105	tsk_105	(x)	1	:	0.471472	0.000000	0.000000	0.000000	0.000000	0.000000	0.492004	0.000000	0.000000	0.000000	0.000000	0.036524
106	tsk_106	(x)	1	:	0.471442	0.000000	0.000000	0.000000	0.000000	0.000000	0.491999	0.000000	0.000000	0.000000	0.000000	0.036559
107	tsk_107	(x)	1	:	0.000000	0.000000	0.000000	0.000000	0.000000	0.000000	0.000000	0.000000	0.000000	1.000000	0.000000	0.000000
108	tsk_108	(x)	1	:	0.472202	0.000000	0.000000	0.000000	0.490362	0.000000	0.000000	0.000000	0.000000	0.000000	0.000000	0.037435
109	tsk_109	(x)	1	:	1.000000	0.000000	0.000000	0.000000	0.000000	0.000000	0.000000	0.000000	0.000000	0.000000	0.000000	0.000000
110	tsk_110	(x)	1	:	0.000000	0.000000	0.000000	0.000000	0.000000	0.000000	1.000000	0.000000	0.000000	0.000000	0.000000	0.000000
111	tsk_111	(x)	1	:	0.000000	0.000000	0.000000	0.000000	0.000000	0.000000	0.000000	0.000000	0.000000	0.000000	1.000000	0.000000
112	tsk_112	(x)	1	:	0.000000	0.000000	0.000000	0.000000	0.000000	0.000000	1.000000	0.000000	0.000000	0.000000	0.000000	0.000000
113	tsk_113	(x)	1	:	0.000000	0.211330	0.277598	0.000000	0.000000	0.000000	0.000000	0.000000	0.000000	0.511072	0.000000	0.000000
114	tsk_114	(x)	1	:	0.453549	0.000000	0.000000	0.000000	0.000000	0.000000	0.000000	0.000000	0.000000	0.545791	0.000000	0.000660
115	tsk_115	(x)	1	:	1.000000	0.000000	0.000000	0.000000	0.000000	0.000000	0.000000	0.000000	0.000000	0.000000	0.000000	0.000000
116	tsk_116	(x)	1	:	0.000000	0.000000	0.000000	0.000000	0.000000	0.000000	1.000000	0.000000	0.000000	0.000000	0.000000	0.000000
117	tsk_117	(x)	1	:	0.000000	0.000000	0.000000	0.000000	0.000000	0.000000	0.000000	0.000000	0.000000	1.000000	0.000000	0.000000
118	tsk_118	(x)	1	:	0.463223	0.000000	0.000000	0.000000	0.000000	0.000000	0.531039	0.000000	0.000000	0.000000	0.000000	0.005738
119	tsk_119	(x)	1	:	0.000000	0.000000	0.000000	0.000000	0.490277	0.000000	0.492048	0.000000	0.000000	0.000000	0.000000	0.017675
120	tsk_120	(x)	1	:	0.000000	0.000000	0.000000	0.000000	0.000000	1.000000	0.000000	0.000000	0.000000	0.000000	0.000000	0.000000
121	tsk_121	(x)	1	:	0.000000	0.000000	0.000000	0.000000	0.000000	0.000000	0.000000	0.484213	0.000000	0.000000	0.000000	0.515787
122	tsk_122	(x)	1	:	0.000000	0.000000	0.000000	0.000000	0.000000	1.000000	0.000000	0.000000	0.000000	0.000000	0.000000	0.000000
123	tsk_123	(x)	1	:	0.000000	0.000000	0.492730	0.000000	0.000000	0.000000	0.000000	0.000000	0.000000	0.000000	0.000000	0.507270
124	tsk_124	(x)	1	:	0.000000	0.000000	0.000000	0.000000	0.000000	0.000000	0.000000	0.484213	0.000000	0.000000	0.000000	0.515787
125	tsk_125	(x)	1	:	0.000000	0.000000	0.000000	0.000000	0.483811	0.516189	0.000000	0.000000	0.000000	0.000000	0.000000	0.000000
126	tsk_126	(x)	1	:	0.000000	0.000000	0.493146	0.000000	0.000000	0.000000	0.000000	0.484486	0.000000	0.000000	0.000000	0.022368
127	tsk_127	(x)	1	:	0.000000	0.000000	0.000000	0.000000	0.000003	0.499998	0.000000	0.000000	0.000000	0.000000	0.000000	0.499999
128	tsk_128	(x)	1	:	0.000000	0.000000	0.000000	0.000000	0.000000	0.000000	0.000000	0.484213	0.000000	0.000000	0.000000	0.515787
129	tsk_129	(x)	1	:	0.000000	0.000000	0.000000	0.000000	0.000003	0.499998	0.000000	0.000000	0.000000	0.000000	0.000000	0.499999
130	tsk_130	(x)	1	:	0.000000	0.000000	0.000000	0.454258	0.000004	0.500403	0.000000	0.033770	0.000000	0.000000	0.000000	0.011564
131	tsk_131	(x)	1	:	0.000000	0.000000	0.000000	0.000000	0.483811	0.516189	0.000000	0.000000	0.000000	0.000000	0.000000	0.000000
132	tsk_132	(x)	1	:	0.000000	0.000000	0.000000	0.000000	1.000000	0.000000	0.000000	0.000000	0.000000	0.000000	0.000000	0.000000
133	tsk_133	(x)	1	:	0.000000	0.000000	0.000000	0.000000	1.000000	0.000000	0.000000	0.000000	0.000000	0.000000	0.000000	0.000000
134	tsk_134	(x)	1	:	0.000000	0.000000	0.000000	0.000000	0.498028	0.000000	0.000000	0.000000	0.000000	0.501972	0.000000	0.000000
135	tsk_135	(x)	1	:	0.472212	0.000000	0.000000	0.000000	0.490364	0.000000	0.000000	0.000000	0.000000	0.000000	0.000000	0.037424
136	tsk_136	(x)	1	:	0.000000	0.000000	0.000000	0.000000	0.000000	0.000000	0.000000	0.559216	0.000000	0.000000	0.000000	0.440784
137	tsk_137	(x)	1	:	0.000000	0.000000	0.000000	0.000000	0.490273	0.000000	0.000000	0.000000	0.000000	0.000000	0.000000	0.509727
138	tsk_138	(x)	1	:	0.000000	0.000000	0.000000	0.000000	0.000000	0.000000	0.000000	0.484213	0.000000	0.000000	0.000000	0.515787
139	tsk_139	(x)	1	:	0.471678	0.000000	0.000000	0.000000	0.000000	0.000000	0.000000	0.484193	0.000000	0.000000	0.000000	0.044129
140	tsk_140	(x)	1	:	0.000000	0.000000	0.000000	0.000000	0.426702	0.000000	0.000000	0.000000	0.000000	0.000000	0.573298	0.000000
141	tsk_141	(x)	1	:	0.000000	0.000000	0.000000	0.000000	0.000000	0.000000	0.532353	0.000000	0.000000	0.000000	0.345084	0.122563
142	tsk_142	(x)	1	:	0.558686	0.441314	0.000000	0.000000	0.000000	0.000000	0.000000	0.000000	0.000000	0.000000	0.000000	0.000000
143	tsk_143	(x)	1	:	0.000000	0.000000	0.000000	0.000000	0.490301	0.000000	0.000000	0.484258	0.000000	0.000000	0.000000	0.025441
144	tsk_144	(x)	1	:	0.000000	0.000000	0.000000	0.000000	0.000000	0.000000	0.000000	0.000000	0.000000	0.000000	1.000000	0.000000
145	tsk_145	(x)	1	:	0.000000	0.000000	0.000000	0.000000	0.376454	0.000000	0.000000	0.000000	0.000000	0.000000	0.623546	0.000000
146	tsk_146	(x)	1	:	0.431629	0.000000	0.000000	0.000000	0.000000	0.000000	0.000000	0.000000	0.000000	0.000000	0.568363	0.000007
147	tsk_147	(x)	1	:	0.000000	0.000000	0.000000	0.444125	0.000000	0.000000	0.000000	0.042288	0.000000	0.000000	0.345108	0.168479
148	tsk_148	(x)	1	:	0.000000	0.000000	0.000000	0.000000	0.490301	0.000000	0.000000	0.484258	0.000000	0.000000	0.000000	0.025442
149	tsk_149	(x)	1	:	0.000000	0.000000	0.000000	0.544290	0.000000	0.000000	0.000000	0.000000	0.000000	0.000000	0.345006	0.110704
