logL = -2829.383737 (converged)
AIC = 6158.767473
BIC = 6911.426297

count.K
74 76 

