logL = -1707.282379 (converged)
AIC = 7650.564759
BIC = 14027.090312

count.K
6 0 28 8 6 1 41 18 10 15 4 13 

