logL = -1248.527793 (converged)
AIC = 2933.055586
BIC = 3589.374080

count.K
12 138 

