logL = -3676.607139 (converged)
AIC = 11773.214277
BIC = 18426.718277

count.K
11 22 25 3 2 31 6 3 26 21 

