logL = -3283.284666 (converged)
AIC = 7526.569332
BIC = 8971.674273

count.K
65 45 40 

