logL = -2754.842245 (converged)
AIC = 10669.684489
BIC = 18437.123548

count.K
34 6 6 1 23 9 9 9 8 2 7 10 26 

