logL = -1475.842910 (converged)
AIC = 4581.685819
BIC = 7035.353584

count.K
38 15 40 34 23 

