logL = -906.625184 (converged)
AIC = 5905.250368
BIC = 12065.010179

count.K
3 3 9 1 6 31 0 21 17 18 15 26 

