logL = -1161.843768 (converged)
AIC = 3543.687536
BIC = 5380.175065

count.K
2 70 56 22 

