logL = -773.764083 (converged)
AIC = 5639.528166
BIC = 11799.287978

count.K
22 23 35 2 4 1 19 18 9 10 3 4 

