logL = -2095.081551 (converged)
AIC = 5840.163102
BIC = 8323.937220

count.K
5 51 25 41 28 

