logL = -2038.853487 (converged)
AIC = 9209.706974
BIC = 16934.997138

count.K
4 26 17 5 0 9 0 22 16 30 9 10 2 0 

