0	tsk_0	(x)	1	:	0.000000	0.000000	0.000000	0.000000	0.069821	0.000000	0.000000	0.000000	0.000000	0.000000	0.500000	0.000000	0.430179	0.000000
1	tsk_1	(x)	1	:	0.000000	0.000000	0.000000	0.000000	0.009259	0.000000	0.000000	0.000000	0.000000	0.483964	0.500009	0.000000	0.006768	0.000000
2	tsk_2	(x)	1	:	0.000000	0.000000	0.000000	0.000000	0.000000	0.000000	0.000000	0.000000	0.000000	0.000000	1.000000	0.000000	0.000000	0.000000
3	tsk_3	(x)	1	:	0.000000	0.000000	0.000000	0.000000	0.001065	0.000000	0.499682	0.000000	0.000000	0.000000	0.497445	0.000000	0.001808	0.000000
4	tsk_4	(x)	1	:	0.000000	0.000000	0.000000	0.000000	0.257745	0.000000	0.000000	0.000000	0.000000	0.483963	0.000000	0.000000	0.258292	0.000000
5	tsk_5	(x)	1	:	0.000000	0.000000	0.000000	0.000000	0.221466	0.000000	0.000000	0.000000	0.000000	0.000000	0.500000	0.000000	0.278534	0.000000
6	tsk_6	(x)	1	:	0.000000	0.000000	0.000000	0.000000	0.009750	0.000000	0.000000	0.000000	0.000000	0.483954	0.499957	0.000000	0.006338	0.000000
7	tsk_7	(x)	1	:	0.000000	0.000000	0.000000	0.000000	0.000000	0.000000	0.000000	0.000000	0.000000	0.000000	1.000000	0.000000	0.000000	0.000000
8	tsk_8	(x)	1	:	0.000000	0.000000	0.000000	0.000000	0.000000	0.000000	0.000000	0.000000	0.000000	1.000000	0.000000	0.000000	0.000000	0.000000
9	tsk_9	(x)	1	:	0.000000	0.000000	0.000000	0.000000	0.003205	0.000000	0.000000	0.000000	0.000000	0.483965	0.500013	0.000000	0.012817	0.000000
10	tsk_10	(x)	1	:	0.000000	0.000000	0.000000	0.000000	0.000000	0.000000	0.000000	0.000000	0.000000	0.000000	1.000000	0.000000	0.000000	0.000000
11	tsk_11	(x)	1	:	0.000000	0.000000	0.000000	0.000000	0.000000	0.000000	0.000000	0.000000	1.000000	0.000000	0.000000	0.000000	0.000000	0.000000
12	tsk_12	(x)	1	:	0.000000	0.000000	0.000000	0.000000	0.000862	0.000000	0.000000	0.000000	0.499504	0.000000	0.497508	0.000000	0.002126	0.000000
13	tsk_13	(x)	1	:	0.000000	0.000000	0.000000	0.513474	0.000000	0.000000	0.000000	0.000000	0.486526	0.000000	0.000000	0.000000	0.000000	0.000000
14	tsk_14	(x)	1	:	0.000000	0.000000	0.000000	0.000000	0.000000	0.000000	0.000000	0.524231	0.000000	0.000000	0.475769	0.000000	0.000000	0.000000
15	tsk_15	(x)	1	:	0.000000	0.000000	0.000000	0.513474	0.000000	0.000000	0.000000	0.000000	0.486526	0.000000	0.000000	0.000000	0.000000	0.000000
16	tsk_16	(x)	1	:	0.000000	0.000000	0.000000	0.000000	0.000000	0.000000	0.000000	0.000000	1.000000	0.000000	0.000000	0.000000	0.000000	0.000000
17	tsk_17	(x)	1	:	0.000000	0.000000	0.000000	0.513474	0.000000	0.000000	0.000000	0.000000	0.486526	0.000000	0.000000	0.000000	0.000000	0.000000
18	tsk_18	(x)	1	:	0.000000	0.000000	0.000000	0.000000	0.000000	0.000000	0.000000	0.531822	0.468177	0.000000	0.000000	0.000000	0.000000	0.000000
19	tsk_19	(x)	1	:	0.000000	0.000000	0.000000	1.000000	0.000000	0.000000	0.000000	0.000000	0.000000	0.000000	0.000000	0.000000	0.000000	0.000000
20	tsk_20	(x)	1	:	0.000000	0.000000	0.000000	0.000000	0.300356	0.000000	0.000000	0.000000	0.000000	0.000000	0.000000	0.000000	0.199467	0.500177
21	tsk_21	(x)	1	:	0.000000	0.000000	0.000000	0.000000	0.215845	0.000000	0.000000	0.000000	0.000000	0.000000	0.000000	0.000000	0.283978	0.500177
22	tsk_22	(x)	1	:	0.453362	0.000000	0.000000	0.000000	0.037688	0.000000	0.000000	0.000000	0.500553	0.000000	0.000000	0.000000	0.008397	0.000000
23	tsk_23	(x)	1	:	0.000000	0.000000	0.000000	0.000000	1.000000	0.000000	0.000000	0.000000	0.000000	0.000000	0.000000	0.000000	0.000000	0.000000
24	tsk_24	(x)	1	:	0.000000	0.499749	0.000000	0.000000	0.001185	0.000000	0.000000	0.000000	0.000000	0.000000	0.498235	0.000000	0.000831	0.000000
25	tsk_25	(x)	1	:	0.000000	0.000000	0.000000	0.000000	0.211578	0.000000	0.000000	0.000000	0.000000	0.000000	0.000000	0.000000	0.788422	0.000000
26	tsk_26	(x)	1	:	0.000000	0.000000	0.000000	0.000000	0.001715	0.000000	0.000000	0.000000	0.499646	0.000000	0.498226	0.000000	0.000413	0.000000
27	tsk_27	(x)	1	:	0.000000	0.000000	0.000000	0.000000	0.244517	0.000000	0.000000	0.000000	0.000000	0.000000	0.000000	0.000000	0.755483	0.000000
28	tsk_28	(x)	1	:	0.000000	0.000000	0.000000	0.000000	0.000000	0.000000	0.000000	0.000000	0.500000	0.000000	0.000000	0.000000	0.500000	0.000000
29	tsk_29	(x)	1	:	0.000000	0.499202	0.000000	0.000000	0.438046	0.000000	0.000000	0.000000	0.001116	0.000000	0.000000	0.000000	0.061636	0.000000
30	tsk_30	(x)	1	:	0.000000	0.000000	0.000000	0.000000	0.000351	0.000000	0.499730	0.000000	0.000000	0.000000	0.497833	0.000000	0.002086	0.000000
31	tsk_31	(x)	1	:	0.000000	0.000000	0.000000	0.000000	0.000919	0.000000	0.000000	0.000000	0.499512	0.000000	0.497553	0.000000	0.002015	0.000000
32	tsk_32	(x)	1	:	0.000000	0.000000	0.000000	0.000000	0.000000	0.000000	0.511478	0.000000	0.000000	0.488522	0.000000	0.000000	0.000000	0.000000
33	tsk_33	(x)	1	:	0.000000	0.000000	0.000000	0.000000	0.122788	0.000000	0.000000	0.000000	0.000000	0.000000	0.500000	0.000000	0.377212	0.000000
34	tsk_34	(x)	1	:	0.000000	0.000000	0.000000	0.000000	0.001082	0.000000	0.000000	0.000000	0.499674	0.000000	0.498366	0.000000	0.000878	0.000000
35	tsk_35	(x)	1	:	0.000000	0.000000	0.000000	0.000000	0.332018	0.000000	0.000000	0.000000	0.000000	0.000000	0.500000	0.000000	0.167982	0.000000
36	tsk_36	(x)	1	:	0.000000	0.000000	0.000000	0.000000	0.000000	0.000000	0.000000	0.000000	0.000000	0.000000	1.000000	0.000000	0.000000	0.000000
37	tsk_37	(x)	1	:	0.000000	0.000000	0.000000	0.000000	0.012553	0.000000	0.000000	0.000000	0.000000	0.483968	0.500025	0.000000	0.003453	0.000000
38	tsk_38	(x)	1	:	0.504378	0.000000	0.000000	0.000000	0.000000	0.000000	0.000000	0.495622	0.000000	0.000000	0.000000	0.000000	0.000000	0.000000
39	tsk_39	(x)	1	:	0.000000	0.000000	0.000000	0.000000	0.002529	0.000000	0.000000	0.000000	0.499499	0.000000	0.497486	0.000000	0.000486	0.000000
40	tsk_40	(x)	1	:	0.000000	0.000000	0.000000	0.000000	0.000000	0.000000	1.000000	0.000000	0.000000	0.000000	0.000000	0.000000	0.000000	0.000000
41	tsk_41	(x)	1	:	0.000000	0.000000	0.000000	0.000000	0.345198	0.520783	0.000000	0.000000	0.000000	0.000000	0.000000	0.000000	0.134019	0.000000
42	tsk_42	(x)	1	:	0.000000	0.000000	0.000000	0.000000	0.001553	0.000000	0.000000	0.000000	0.499591	0.000000	0.497950	0.000000	0.000905	0.000000
43	tsk_43	(x)	1	:	0.000000	0.000000	0.000000	0.000000	0.000879	0.000000	0.499687	0.000000	0.000000	0.000000	0.497483	0.000000	0.001951	0.000000
44	tsk_44	(x)	1	:	0.000000	0.000000	0.000000	0.000000	0.221429	0.000000	0.000000	0.000000	0.000000	0.000000	0.500001	0.000000	0.278569	0.000000
45	tsk_45	(x)	1	:	0.000000	0.000000	0.000000	0.000000	0.272601	0.000000	0.500000	0.000000	0.000000	0.000000	0.000000	0.000000	0.227399	0.000000
46	tsk_46	(x)	1	:	0.000000	0.000000	0.000000	0.000000	0.140909	0.000000	0.000000	0.000000	0.000000	0.000000	0.500000	0.000000	0.359091	0.000000
47	tsk_47	(x)	1	:	0.000000	0.000000	0.000000	0.509675	0.000000	0.000000	0.490325	0.000000	0.000000	0.000000	0.000000	0.000000	0.000000	0.000000
48	tsk_48	(x)	1	:	0.000000	0.000000	0.000000	0.000000	0.000000	0.515328	0.484672	0.000000	0.000000	0.000000	0.000000	0.000000	0.000000	0.000000
49	tsk_49	(x)	1	:	0.000000	0.000000	0.000000	0.000000	0.000000	0.736189	0.000000	0.000000	0.263811	0.000000	0.000000	0.000000	0.000000	0.000000
50	tsk_50	(x)	1	:	0.000000	0.000000	0.000000	0.000000	0.003045	0.000000	0.000000	0.000000	0.499494	0.000000	0.497460	0.000000	0.000000	0.000000
51	tsk_51	(x)	1	:	0.000000	0.000000	0.000000	0.539131	0.136491	0.000000	0.000000	0.000000	0.000000	0.000000	0.000000	0.000000	0.324379	0.000000
52	tsk_52	(x)	1	:	0.000000	0.000000	0.000000	0.539131	0.219501	0.000000	0.000000	0.000000	0.000000	0.000000	0.000000	0.000000	0.241368	0.000000
53	tsk_53	(x)	1	:	0.000000	0.000000	0.488086	0.511914	0.000000	0.000000	0.000000	0.000000	0.000000	0.000000	0.000000	0.000000	0.000000	0.000000
54	tsk_54	(x)	1	:	0.000000	0.000000	1.000000	0.000000	0.000000	0.000000	0.000000	0.000000	0.000000	0.000000	0.000000	0.000000	0.000000	0.000000
55	tsk_55	(x)	1	:	0.000000	0.000000	0.000000	0.301957	0.000000	0.000000	0.000000	0.000000	0.499998	0.000000	0.198045	0.000000	0.000000	0.000000
56	tsk_56	(x)	1	:	0.000000	0.000000	0.000000	0.000000	0.001422	0.000000	0.000000	0.000000	0.499451	0.000000	0.497245	0.000000	0.001881	0.000000
57	tsk_57	(x)	1	:	0.000000	0.000000	0.000000	0.000000	0.169604	0.000000	0.000000	0.000000	0.000000	0.000000	0.500000	0.000000	0.330396	0.000000
58	tsk_58	(x)	1	:	0.000000	0.000000	0.000000	0.301977	0.000000	0.000000	0.000000	0.000000	0.000000	0.000000	0.698023	0.000000	0.000000	0.000000
59	tsk_59	(x)	1	:	0.000000	0.000000	0.499933	0.000000	0.000179	0.000000	0.000000	0.000000	0.000000	0.000000	0.499598	0.000000	0.000290	0.000000
60	tsk_60	(x)	1	:	0.000000	0.000000	0.499931	0.301996	0.000279	0.000000	0.000000	0.000000	0.000000	0.000000	0.197557	0.000000	0.000237	0.000000
61	tsk_61	(x)	1	:	0.000000	0.000000	0.000000	0.301975	0.000000	0.000000	0.000000	0.000000	0.000000	0.000000	0.698025	0.000000	0.000000	0.000000
62	tsk_62	(x)	1	:	0.000000	0.000000	0.000000	0.000000	0.000000	0.000000	0.000000	0.000000	0.000000	0.000000	1.000000	0.000000	0.000000	0.000000
63	tsk_63	(x)	1	:	0.000000	0.000000	0.000000	0.000000	0.000000	0.000000	0.000000	0.000000	0.000000	0.000000	1.000000	0.000000	0.000000	0.000000
64	tsk_64	(x)	1	:	0.000000	0.000000	0.000000	0.697371	0.000000	0.000000	0.000000	0.000000	0.000000	0.000000	0.302629	0.000000	0.000000	0.000000
65	tsk_65	(x)	1	:	0.000000	0.000000	0.000000	0.301978	0.000000	0.000000	0.000000	0.000000	0.000000	0.000000	0.698022	0.000000	0.000000	0.000000
66	tsk_66	(x)	1	:	0.000000	0.000000	0.000000	0.301980	0.168515	0.000000	0.000000	0.000000	0.000000	0.000000	0.198009	0.000000	0.331496	0.000000
67	tsk_67	(x)	1	:	0.000000	0.000000	0.000000	0.301978	0.000000	0.000000	0.000000	0.000000	0.000000	0.000000	0.698022	0.000000	0.000000	0.000000
68	tsk_68	(x)	1	:	0.000000	0.000000	0.000000	0.301967	0.000000	0.000000	0.500000	0.000000	0.000000	0.000000	0.198033	0.000000	0.000000	0.000000
69	tsk_69	(x)	1	:	0.000000	0.000000	0.000000	0.000000	0.000000	0.000000	0.511478	0.000000	0.000000	0.488522	0.000000	0.000000	0.000000	0.000000
70	tsk_70	(x)	1	:	0.000000	0.000000	0.000000	0.000000	0.000000	0.000000	0.000000	0.000000	0.000000	0.000000	1.000000	0.000000	0.000000	0.000000
71	tsk_71	(x)	1	:	0.000000	0.000000	0.000000	0.000000	0.000000	0.000000	0.000000	0.000000	0.000000	0.000000	1.000000	0.000000	0.000000	0.000000
72	tsk_72	(x)	1	:	0.000000	0.000000	0.000000	0.301995	0.002854	0.000000	0.000000	0.000000	0.000000	0.000000	0.195218	0.000000	0.002485	0.497447
73	tsk_73	(x)	1	:	0.000000	0.000000	0.000000	0.000000	0.006501	0.000000	0.000000	0.000000	0.000000	0.483911	0.499732	0.000000	0.009857	0.000000
74	tsk_74	(x)	1	:	0.000000	0.000000	0.000000	0.544062	0.000000	0.000000	0.000000	0.000000	0.455938	0.000000	0.000000	0.000000	0.000000	0.000000
75	tsk_75	(x)	1	:	0.000000	0.000000	0.000000	0.301977	0.000000	0.000000	0.000000	0.000000	0.000000	0.000000	0.698022	0.000000	0.000000	0.000000
76	tsk_76	(x)	1	:	0.000000	0.000000	0.000000	0.000000	0.000000	0.000000	0.000000	0.483777	0.000000	0.000000	0.000000	0.000000	0.000000	0.516223
77	tsk_77	(x)	1	:	0.000000	0.000000	0.000000	0.000000	0.001736	0.000000	0.000000	0.000000	0.000000	0.000000	0.497756	0.000000	0.002556	0.497952
78	tsk_78	(x)	1	:	0.000000	0.000000	0.000000	0.000000	0.000000	0.000000	0.000000	0.000000	0.000000	0.000000	1.000000	0.000000	0.000000	0.000000
79	tsk_79	(x)	1	:	0.000000	0.000000	0.000000	0.000000	0.007160	0.000000	0.000000	0.000000	0.000000	0.483913	0.499741	0.000000	0.009186	0.000000
80	tsk_80	(x)	1	:	0.000000	0.000000	0.000000	0.000000	0.000000	0.000000	0.500000	0.000000	0.500000	0.000000	0.000000	0.000000	0.000000	0.000000
81	tsk_81	(x)	1	:	0.000000	0.000000	0.000000	0.000000	0.244426	0.000000	0.000000	0.000000	0.000000	0.000000	0.000000	0.000000	0.755574	0.000000
82	tsk_82	(x)	1	:	0.000000	0.000000	0.000000	0.000000	0.155284	0.000000	0.000000	0.000000	0.000000	0.000000	0.500000	0.000000	0.344716	0.000000
83	tsk_83	(x)	1	:	0.000000	0.000000	0.000000	0.000000	0.351745	0.000000	0.000000	0.000000	0.500000	0.000000	0.000000	0.000000	0.148255	0.000000
84	tsk_84	(x)	1	:	0.000000	0.000000	0.000000	0.000000	0.000000	0.000000	0.000000	0.000000	0.484753	0.000000	0.000000	0.515246	0.000000	0.000000
85	tsk_85	(x)	1	:	0.000000	0.000000	0.000000	0.000000	0.000000	0.000000	0.000000	0.000000	0.000000	0.000000	1.000000	0.000000	0.000000	0.000000
86	tsk_86	(x)	1	:	0.000000	0.000000	0.000000	0.000000	0.001322	0.000000	0.000000	0.000000	0.499628	0.000000	0.498133	0.000000	0.000917	0.000000
87	tsk_87	(x)	1	:	0.000000	0.000000	0.000000	0.000000	0.577919	0.000000	0.000000	0.000000	0.000000	0.000000	0.000000	0.000000	0.422081	0.000000
88	tsk_88	(x)	1	:	0.000000	0.000000	0.000000	0.000000	0.001967	0.000000	0.000000	0.000000	0.499509	0.000000	0.497533	0.000000	0.000991	0.000000
89	tsk_89	(x)	1	:	0.000000	0.000000	0.000000	0.000000	0.283689	0.000000	0.000000	0.000000	0.000000	0.000000	0.000000	0.000000	0.716311	0.000000
90	tsk_90	(x)	1	:	0.000000	0.000000	0.000000	0.000000	0.000000	0.000000	0.000000	0.000000	0.000000	1.000000	0.000000	0.000000	0.000000	0.000000
91	tsk_91	(x)	1	:	0.000000	0.000000	0.000000	0.000000	0.497445	0.000000	0.000000	0.000000	0.000000	0.000000	0.000000	0.000000	0.502555	0.000000
92	tsk_92	(x)	1	:	0.468318	0.000000	0.000000	0.000000	0.000000	0.000000	0.000000	0.000000	0.000000	0.000000	0.531682	0.000000	0.000000	0.000000
93	tsk_93	(x)	1	:	0.000000	0.000000	0.000000	0.000000	0.034742	0.000000	0.000000	0.000000	0.000000	0.538071	0.000000	0.000000	0.427187	0.000000
94	tsk_94	(x)	1	:	0.000000	0.000000	0.000000	0.000000	0.000000	0.000000	0.000000	0.000000	0.000000	1.000000	0.000000	0.000000	0.000000	0.000000
95	tsk_95	(x)	1	:	0.000000	0.000000	0.000000	0.000000	0.000000	0.000000	0.000000	0.000000	0.000000	1.000000	0.000000	0.000000	0.000000	0.000000
96	tsk_96	(x)	1	:	0.000000	0.000000	0.000000	0.000000	0.000000	0.000000	0.000000	0.000000	0.000000	1.000000	0.000000	0.000000	0.000000	0.000000
97	tsk_97	(x)	1	:	0.000000	0.000000	0.000000	0.000000	0.072405	0.000000	0.000000	0.000000	0.000000	0.538071	0.000000	0.000000	0.389523	0.000000
98	tsk_98	(x)	1	:	0.000000	0.000000	0.000000	0.000000	0.005224	0.000000	0.000000	0.000000	0.000000	0.483961	0.499992	0.000000	0.010823	0.000000
99	tsk_99	(x)	1	:	0.000000	0.000000	0.000000	0.000000	0.000000	0.000000	0.000000	0.000000	0.000000	0.000000	1.000000	0.000000	0.000000	0.000000
100	tsk_100	(x)	1	:	0.000000	0.000000	0.000000	0.000000	0.285653	0.000000	0.500000	0.000000	0.000000	0.000000	0.000000	0.000000	0.214347	0.000000
101	tsk_101	(x)	1	:	0.000000	0.000000	0.000000	0.301980	0.356241	0.000000	0.000000	0.000000	0.000000	0.000000	0.198009	0.000000	0.143771	0.000000
102	tsk_102	(x)	1	:	0.000000	0.000000	0.000000	0.000000	0.251996	0.000000	0.500000	0.000000	0.000000	0.000000	0.000000	0.000000	0.248004	0.000000
103	tsk_103	(x)	1	:	0.165021	0.000000	0.000000	0.000000	0.000000	0.000000	0.000000	0.000000	0.470749	0.000000	0.364230	0.000000	0.000000	0.000000
104	tsk_104	(x)	1	:	0.000000	0.000000	0.000000	0.000000	0.154472	0.000000	0.000000	0.000000	0.000000	0.000000	0.500000	0.000000	0.345528	0.000000
105	tsk_105	(x)	1	:	0.000000	0.000000	0.000000	0.000000	0.002435	0.000000	0.000000	0.000000	0.499527	0.000000	0.497626	0.000000	0.000412	0.000000
106	tsk_106	(x)	1	:	0.000000	0.000000	0.000000	0.000000	0.000169	0.000000	0.499802	0.000000	0.000000	0.000000	0.498409	0.000000	0.001620	0.000000
107	tsk_107	(x)	1	:	0.000000	0.000000	0.000000	0.000000	0.333946	0.000000	0.000000	0.000000	0.500000	0.000000	0.000000	0.000000	0.166054	0.000000
108	tsk_108	(x)	1	:	0.000000	0.000000	0.000000	0.301978	0.000000	0.000000	0.000000	0.000000	0.000000	0.000000	0.698022	0.000000	0.000000	0.000000
109	tsk_109	(x)	1	:	0.000000	0.000000	0.000000	0.000000	0.323602	0.000000	0.000000	0.000000	0.500000	0.000000	0.000000	0.000000	0.176398	0.000000
110	tsk_110	(x)	1	:	0.000000	0.499211	0.000000	0.000000	0.227039	0.000000	0.000000	0.000000	0.001105	0.000000	0.000000	0.000000	0.272646	0.000000
111	tsk_111	(x)	1	:	0.000000	0.500000	0.000000	0.000000	0.280377	0.000000	0.000000	0.000000	0.000000	0.000000	0.000000	0.000000	0.219623	0.000000
112	tsk_112	(x)	1	:	0.000000	0.500000	0.000000	0.000000	0.000000	0.000000	0.000000	0.000000	0.500000	0.000000	0.000000	0.000000	0.000000	0.000000
113	tsk_113	(x)	1	:	0.000000	1.000000	0.000000	0.000000	0.000000	0.000000	0.000000	0.000000	0.000000	0.000000	0.000000	0.000000	0.000000	0.000000
114	tsk_114	(x)	1	:	0.000000	1.000000	0.000000	0.000000	0.000000	0.000000	0.000000	0.000000	0.000000	0.000000	0.000000	0.000000	0.000000	0.000000
115	tsk_115	(x)	1	:	0.000000	0.500000	0.000000	0.000000	0.000000	0.000000	0.000000	0.000000	0.500000	0.000000	0.000000	0.000000	0.000000	0.000000
116	tsk_116	(x)	1	:	0.000000	0.500000	0.000000	0.000000	0.000000	0.000000	0.000000	0.000000	0.500000	0.000000	0.000000	0.000000	0.000000	0.000000
117	tsk_117	(x)	1	:	0.000000	0.000000	0.000000	0.000000	0.000000	0.000000	0.000000	0.000000	1.000000	0.000000	0.000000	0.000000	0.000000	0.000000
118	tsk_118	(x)	1	:	0.000000	0.499239	0.000000	0.000000	0.360788	0.000000	0.000000	0.000000	0.001065	0.000000	0.000000	0.000000	0.138908	0.000000
119	tsk_119	(x)	1	:	0.000000	0.000000	0.000000	0.000000	0.214927	0.000000	0.000000	0.000000	0.000000	0.000000	0.000000	0.000000	0.785073	0.000000
120	tsk_120	(x)	1	:	0.000000	0.000000	0.000000	0.000000	0.304182	0.000000	0.000000	0.000000	0.000000	0.000000	0.500000	0.000000	0.195817	0.000000
121	tsk_121	(x)	1	:	0.000000	0.000000	0.000000	0.000000	0.000000	0.000000	0.000000	0.000000	0.000000	0.000000	1.000000	0.000000	0.000000	0.000000
122	tsk_122	(x)	1	:	0.000000	0.000000	0.500000	0.000000	0.231608	0.000000	0.000000	0.000000	0.000000	0.000000	0.000000	0.000000	0.268392	0.000000
123	tsk_123	(x)	1	:	0.000000	0.000000	0.000000	0.000000	0.002130	0.000000	0.000000	0.000000	0.499514	0.000000	0.497563	0.000000	0.000792	0.000000
124	tsk_124	(x)	1	:	0.000000	0.000000	0.000000	0.000000	0.000000	0.000000	0.000000	0.000000	0.000000	0.000000	1.000000	0.000000	0.000000	0.000000
125	tsk_125	(x)	1	:	0.000000	0.000000	0.000000	0.000000	0.259842	0.000000	0.000000	0.000000	0.000000	0.000000	0.500000	0.000000	0.240157	0.000000
126	tsk_126	(x)	1	:	0.000000	0.000000	0.000000	0.000000	0.125281	0.000000	0.000000	0.000000	0.000000	0.000000	0.500000	0.000000	0.374719	0.000000
127	tsk_127	(x)	1	:	0.000000	0.000000	0.000000	0.000000	0.235294	0.000000	0.000000	0.000000	0.000000	0.000000	0.500000	0.000000	0.264705	0.000000
128	tsk_128	(x)	1	:	0.000000	0.000000	0.000000	0.000000	0.333474	0.000000	0.000000	0.000000	0.000000	0.000000	0.000000	0.000000	0.666526	0.000000
129	tsk_129	(x)	1	:	0.000000	0.000000	0.000000	0.000000	0.000000	0.000000	0.000000	0.000000	0.000000	0.000000	0.000000	1.000000	0.000000	0.000000
130	tsk_130	(x)	1	:	0.140828	0.000000	0.000000	0.562827	0.000000	0.000000	0.000000	0.000000	0.000000	0.000000	0.296345	0.000000	0.000000	0.000000
131	tsk_131	(x)	1	:	0.000000	0.000000	0.000000	0.523939	0.000000	0.000000	0.000000	0.000000	0.000000	0.476061	0.000000	0.000000	0.000000	0.000000
132	tsk_132	(x)	1	:	0.000000	0.000000	0.000000	0.000000	0.321923	0.000000	0.000000	0.000000	0.000000	0.000000	0.000000	0.000000	0.678077	0.000000
133	tsk_133	(x)	1	:	0.000000	0.000000	0.000000	0.000000	0.000000	0.000000	0.000000	0.000000	0.000000	0.000000	0.000000	0.000000	1.000000	0.000000
134	tsk_134	(x)	1	:	0.000000	0.499285	0.000000	0.000000	0.422403	0.000000	0.000000	0.000000	0.001000	0.000000	0.000000	0.000000	0.077311	0.000000
135	tsk_135	(x)	1	:	0.000000	0.000000	0.000000	0.000000	0.500148	0.000000	0.000000	0.000000	0.000000	0.000000	0.000000	0.000000	0.499852	0.000000
136	tsk_136	(x)	1	:	0.000000	0.000000	0.000000	1.000000	0.000000	0.000000	0.000000	0.000000	0.000000	0.000000	0.000000	0.000000	0.000000	0.000000
137	tsk_137	(x)	1	:	0.000000	0.000000	0.000000	0.539131	0.283894	0.000000	0.000000	0.000000	0.000000	0.000000	0.000000	0.000000	0.176975	0.000000
138	tsk_138	(x)	1	:	0.000000	0.000000	0.000000	0.000000	0.000000	0.000000	0.000000	0.000000	0.539584	0.460415	0.000000	0.000000	0.000000	0.000000
139	tsk_139	(x)	1	:	0.000000	0.000000	0.000000	0.000000	0.006073	0.000000	0.000000	0.000000	0.000000	0.483965	0.500014	0.000000	0.009947	0.000000
140	tsk_140	(x)	1	:	0.000000	0.000000	0.000000	0.000000	0.707888	0.000000	0.000000	0.000000	0.000000	0.000000	0.000000	0.000000	0.292112	0.000000
141	tsk_141	(x)	1	:	0.000000	0.000000	0.000000	0.000000	0.193008	0.000000	0.000000	0.000000	0.000000	0.483963	0.000000	0.000000	0.323029	0.000000
142	tsk_142	(x)	1	:	0.000000	0.000000	0.000000	0.000000	0.000000	0.420992	0.000000	0.000000	0.000000	0.579008	0.000000	0.000000	0.000000	0.000000
143	tsk_143	(x)	1	:	0.000000	0.000000	0.000000	0.000000	0.678733	0.000000	0.000000	0.000000	0.000000	0.000000	0.000000	0.000000	0.321267	0.000000
144	tsk_144	(x)	1	:	0.000000	0.000000	0.000000	0.000000	0.374271	0.000000	0.000000	0.000000	0.000000	0.483963	0.000000	0.000000	0.141766	0.000000
145	tsk_145	(x)	1	:	0.000000	0.000000	0.000000	0.000000	0.003257	0.000000	0.000000	0.000000	0.000000	0.483956	0.499963	0.000000	0.012824	0.000000
146	tsk_146	(x)	1	:	0.000000	0.000000	0.000000	0.000000	0.000000	0.000000	0.000000	0.000000	0.000000	1.000000	0.000000	0.000000	0.000000	0.000000
147	tsk_147	(x)	1	:	0.000000	0.000000	0.000000	0.000000	0.289599	0.000000	0.000000	0.000000	0.500000	0.000000	0.000000	0.000000	0.210401	0.000000
148	tsk_148	(x)	1	:	0.000000	0.000000	0.000000	0.000000	0.173638	0.000000	0.000000	0.000000	0.000000	0.000000	0.500000	0.000000	0.326362	0.000000
149	tsk_149	(x)	1	:	0.000000	0.000000	0.000000	0.000000	0.000000	0.000000	0.000000	0.000000	1.000000	0.000000	0.000000	0.000000	0.000000	0.000000
