logL = -904.210807 (converged)
AIC = 6856.421614
BIC = 14455.265096

count.K
34 2 4 1 0 16 24 9 9 12 26 4 8 1 

