0	tsk_0	(x)	1	:	0.000000	0.000000	0.000000	0.000000	0.000000	0.000000	0.000000	0.000000	0.000000	0.000000	0.000000	0.000000	1.000000	0.000000
1	tsk_1	(x)	1	:	0.000000	1.000000	0.000000	0.000000	0.000000	0.000000	0.000000	0.000000	0.000000	0.000000	0.000000	0.000000	0.000000	0.000000
2	tsk_2	(x)	1	:	0.000000	0.000000	1.000000	0.000000	0.000000	0.000000	0.000000	0.000000	0.000000	0.000000	0.000000	0.000000	0.000000	0.000000
3	tsk_3	(x)	1	:	0.000000	0.000000	0.487609	0.000000	0.000000	0.013733	0.000000	0.000000	0.000000	0.495186	0.000000	0.003472	0.000000	0.000000
4	tsk_4	(x)	1	:	0.000000	0.000000	0.491973	0.000000	0.000000	0.008585	0.000000	0.000000	0.000000	0.000000	0.490539	0.008903	0.000000	0.000000
5	tsk_5	(x)	1	:	0.000000	0.000000	0.368395	0.000000	0.000000	0.000000	0.000105	0.149800	0.000000	0.000000	0.000000	0.000000	0.481700	0.000000
6	tsk_6	(x)	1	:	0.000000	0.000000	0.492415	0.000000	0.000000	0.489159	0.000000	0.000000	0.000000	0.000000	0.000000	0.018425	0.000000	0.000000
7	tsk_7	(x)	1	:	0.000000	0.000000	0.381036	0.000000	0.000000	0.000000	0.000107	0.135465	0.000000	0.000000	0.000000	0.000000	0.483391	0.000000
8	tsk_8	(x)	1	:	0.000000	0.000000	1.000000	0.000000	0.000000	0.000000	0.000000	0.000000	0.000000	0.000000	0.000000	0.000000	0.000000	0.000000
9	tsk_9	(x)	1	:	0.000000	0.000000	0.000000	0.000000	0.000000	0.000000	0.000000	0.000000	0.000000	0.000000	0.000000	0.000000	1.000000	0.000000
10	tsk_10	(x)	1	:	0.000000	0.517350	0.000000	0.000000	0.000000	0.000000	0.000003	0.000000	0.000000	0.000000	0.000000	0.000000	0.482647	0.000000
11	tsk_11	(x)	1	:	0.000000	0.000000	0.000000	0.000000	0.000000	0.327827	0.000000	0.000000	0.000000	0.500000	0.000000	0.172173	0.000000	0.000000
12	tsk_12	(x)	1	:	0.000000	0.000000	0.000000	0.000000	0.000000	0.000000	0.000000	0.000000	0.000000	0.500843	0.490962	0.008194	0.000000	0.000000
13	tsk_13	(x)	1	:	0.000000	0.000000	0.000000	0.532375	0.000000	0.000010	0.000000	0.000000	0.000000	0.000000	0.000000	0.000000	0.000000	0.467615
14	tsk_14	(x)	1	:	0.000000	0.000000	0.000000	0.000000	0.000000	0.416852	0.000000	0.000000	0.000000	0.000000	0.000000	0.146747	0.000000	0.436400
15	tsk_15	(x)	1	:	0.000000	0.494593	0.000000	0.505407	0.000000	0.000000	0.000000	0.000000	0.000000	0.000000	0.000000	0.000000	0.000000	0.000000
16	tsk_16	(x)	1	:	0.000000	0.000000	0.000000	0.000000	0.000000	0.469119	0.000000	0.000000	0.000000	0.000000	0.000000	0.094471	0.000000	0.436410
17	tsk_17	(x)	1	:	0.000000	0.000000	0.000000	0.000000	0.000000	0.062378	0.000000	0.000000	0.427656	0.500007	0.000000	0.009960	0.000000	0.000000
18	tsk_18	(x)	1	:	0.000000	0.000000	0.000000	0.000000	0.000000	0.000000	0.000000	0.000000	0.000000	1.000000	0.000000	0.000000	0.000000	0.000000
19	tsk_19	(x)	1	:	0.000000	0.000000	0.000000	0.000000	0.000000	0.028463	0.000000	0.000000	0.000000	0.512121	0.000000	0.011583	0.000000	0.447833
20	tsk_20	(x)	1	:	0.000000	0.000000	0.000000	0.000000	0.000000	0.000000	0.998863	0.000000	0.000000	0.000000	0.000000	0.000000	0.001137	0.000000
21	tsk_21	(x)	1	:	0.000000	0.493457	0.000000	0.000000	0.000000	0.002801	0.000000	0.000000	0.000000	0.000000	0.000000	0.007120	0.496622	0.000000
22	tsk_22	(x)	1	:	0.000000	0.000000	0.000000	0.000000	0.000000	0.000000	0.000000	0.000000	0.000000	0.000000	0.000000	0.000000	1.000000	0.000000
23	tsk_23	(x)	1	:	0.000000	0.000000	0.000000	0.000000	0.000000	0.196331	0.510535	0.000000	0.000000	0.000000	0.000000	0.293134	0.000000	0.000000
24	tsk_24	(x)	1	:	0.000000	0.000000	0.000000	0.000000	0.000000	0.000000	0.000000	0.000000	0.000000	0.503346	0.000000	0.000000	0.496654	0.000000
25	tsk_25	(x)	1	:	0.000000	0.000000	0.000000	0.000000	0.000000	0.001483	0.507512	0.000000	0.000000	0.000000	0.490335	0.000670	0.000000	0.000000
26	tsk_26	(x)	1	:	0.000000	0.000000	0.000000	0.000000	0.000000	0.000000	0.999420	0.000000	0.000000	0.000000	0.000000	0.000000	0.000579	0.000000
27	tsk_27	(x)	1	:	0.000000	0.000000	0.486565	0.000000	0.000000	0.006366	0.000027	0.000000	0.000000	0.000000	0.000000	0.011051	0.495991	0.000000
28	tsk_28	(x)	1	:	0.000000	0.000000	0.000000	0.000000	0.000000	0.752001	0.000000	0.000000	0.000000	0.000000	0.000000	0.247999	0.000000	0.000000
29	tsk_29	(x)	1	:	0.000000	0.000000	0.000000	0.000000	0.000000	0.312399	0.000000	0.000000	0.000000	0.000000	0.000000	0.190947	0.496654	0.000000
30	tsk_30	(x)	1	:	1.000000	0.000000	0.000000	0.000000	0.000000	0.000000	0.000000	0.000000	0.000000	0.000000	0.000000	0.000000	0.000000	0.000000
31	tsk_31	(x)	1	:	0.000000	0.500234	0.000000	0.000000	0.000000	0.017671	0.000000	0.000000	0.000000	0.000000	0.000000	0.012068	0.000000	0.470027
32	tsk_32	(x)	1	:	0.000000	0.000000	0.000000	0.000000	0.000000	0.000000	0.000000	0.000000	0.000000	0.000000	0.000000	0.000000	1.000000	0.000000
33	tsk_33	(x)	1	:	0.000000	0.493606	0.000000	0.000000	0.000000	0.012926	0.000000	0.000000	0.000000	0.000000	0.490840	0.002629	0.000000	0.000000
34	tsk_34	(x)	1	:	0.000000	0.000000	0.000000	0.000000	0.000000	0.000000	0.000000	0.000000	0.000000	0.000000	0.000000	0.000000	1.000000	0.000000
35	tsk_35	(x)	1	:	0.000000	0.000000	0.000000	0.000000	0.000000	0.000000	0.000000	0.000000	0.000000	0.000000	1.000000	0.000000	0.000000	0.000000
36	tsk_36	(x)	1	:	0.000000	0.000000	0.000000	0.000000	0.000000	0.019749	0.000011	0.000000	0.000000	0.000000	0.000000	0.044312	0.496933	0.438994
37	tsk_37	(x)	1	:	0.000000	0.493430	0.000000	0.000000	0.000000	0.003963	0.000000	0.000000	0.000000	0.000000	0.000000	0.005998	0.496608	0.000000
38	tsk_38	(x)	1	:	0.000000	0.000000	0.000000	0.000000	0.000000	0.000000	0.000000	0.000000	0.000000	0.000000	0.000000	0.000000	1.000000	0.000000
39	tsk_39	(x)	1	:	0.000000	0.000000	0.000000	0.000000	0.000000	0.195437	0.000000	0.000000	0.000000	0.000000	0.000000	0.307909	0.496654	0.000000
40	tsk_40	(x)	1	:	0.000000	0.000000	0.000000	0.000000	0.000000	0.000000	0.000000	0.000000	0.531201	0.000000	0.000000	0.000000	0.468799	0.000000
41	tsk_41	(x)	1	:	0.000000	0.000000	0.000000	0.000000	0.000000	0.000000	0.000000	0.000000	0.000000	0.000000	0.000000	0.000000	1.000000	0.000000
42	tsk_42	(x)	1	:	0.000000	0.500163	0.000000	0.000000	0.000000	0.000000	0.000000	0.000000	0.000000	0.000000	0.000000	0.000000	0.499837	0.000000
43	tsk_43	(x)	1	:	0.000000	0.000000	0.000000	0.000000	0.000000	0.000000	0.479749	0.000000	0.520251	0.000000	0.000000	0.000000	0.000000	0.000000
44	tsk_44	(x)	1	:	0.000000	0.530308	0.000000	0.000000	0.000000	0.000000	0.000000	0.000000	0.000000	0.000000	0.469692	0.000000	0.000000	0.000000
45	tsk_45	(x)	1	:	0.000000	0.000000	0.000000	0.000000	0.000000	0.000000	0.000000	0.000000	0.531201	0.000000	0.000000	0.000000	0.468799	0.000000
46	tsk_46	(x)	1	:	0.000000	0.000000	0.000000	0.000000	0.000000	0.276452	0.000000	0.000000	0.000000	0.000000	0.490684	0.232864	0.000000	0.000000
47	tsk_47	(x)	1	:	0.000000	0.458410	0.000000	0.000000	0.000000	0.000000	0.000000	0.000000	0.541590	0.000000	0.000000	0.000000	0.000000	0.000000
48	tsk_48	(x)	1	:	0.000000	0.000000	0.000000	0.000000	0.000000	0.000000	0.000000	0.000000	0.000000	0.000000	1.000000	0.000000	0.000000	0.000000
49	tsk_49	(x)	1	:	0.000000	0.000000	0.000000	0.000000	0.000000	0.000000	0.000000	0.000000	0.000000	0.000000	0.501265	0.000000	0.498735	0.000000
50	tsk_50	(x)	1	:	0.000000	0.000000	0.000000	0.000000	0.000000	0.712521	0.000000	0.000000	0.000000	0.000000	0.000000	0.287479	0.000000	0.000000
51	tsk_51	(x)	1	:	0.000000	0.000000	0.000000	0.000000	0.000000	0.180982	0.000000	0.167222	0.000000	0.000000	0.000000	0.155142	0.496654	0.000000
52	tsk_52	(x)	1	:	0.000000	0.000000	0.000000	0.000000	0.000000	0.282770	0.000000	0.000000	0.000000	0.000000	0.000000	0.220576	0.496654	0.000000
53	tsk_53	(x)	1	:	0.000000	0.000000	0.000000	0.000000	0.000000	0.108875	0.000000	0.174225	0.000000	0.000000	0.000000	0.220246	0.496654	0.000000
54	tsk_54	(x)	1	:	0.000000	0.000000	0.000000	0.000000	0.000000	0.073879	0.000000	0.344164	0.000000	0.000000	0.000000	0.085302	0.496656	0.000000
55	tsk_55	(x)	1	:	0.000000	0.000000	0.000000	0.000000	0.000000	0.235712	0.000000	0.000000	0.000000	0.000000	0.000000	0.267635	0.496654	0.000000
56	tsk_56	(x)	1	:	0.000000	0.000000	0.000000	0.000000	0.000000	0.216324	0.000000	0.000000	0.000000	0.000000	0.000000	0.287022	0.496654	0.000000
57	tsk_57	(x)	1	:	0.000000	0.000000	0.000000	0.000000	0.000000	0.166540	0.000000	0.000000	0.000000	0.000000	0.000000	0.336807	0.496654	0.000000
58	tsk_58	(x)	1	:	0.000000	0.493513	0.000000	0.000000	0.000000	0.408660	0.000000	0.000000	0.000000	0.000000	0.000000	0.097827	0.000000	0.000000
59	tsk_59	(x)	1	:	0.000000	0.000000	0.000000	0.000000	0.000000	0.088817	0.000000	0.344157	0.000000	0.000000	0.000000	0.070372	0.496654	0.000000
60	tsk_60	(x)	1	:	0.000000	0.000000	0.488320	0.000000	0.000000	0.004878	0.000000	0.000000	0.000000	0.000000	0.000000	0.010593	0.496209	0.000000
61	tsk_61	(x)	1	:	0.000000	0.000000	0.492442	0.000000	0.507558	0.000000	0.000000	0.000000	0.000000	0.000000	0.000000	0.000000	0.000000	0.000000
62	tsk_62	(x)	1	:	0.000000	0.000000	0.000000	0.000000	0.000000	0.380660	0.000000	0.000000	0.000000	0.000000	0.490684	0.128656	0.000000	0.000000
63	tsk_63	(x)	1	:	0.000000	0.000000	0.000000	0.000000	1.000000	0.000000	0.000000	0.000000	0.000000	0.000000	0.000000	0.000000	0.000000	0.000000
64	tsk_64	(x)	1	:	0.000000	0.000000	0.000000	0.000000	1.000000	0.000000	0.000000	0.000000	0.000000	0.000000	0.000000	0.000000	0.000000	0.000000
65	tsk_65	(x)	1	:	0.000000	0.000000	0.487086	0.000000	0.000000	0.006236	0.000006	0.000000	0.000000	0.000000	0.000000	0.010602	0.496070	0.000000
66	tsk_66	(x)	1	:	0.000000	0.000000	0.492441	0.000000	0.507554	0.000005	0.000000	0.000000	0.000000	0.000000	0.000000	0.000000	0.000000	0.000000
67	tsk_67	(x)	1	:	0.000000	0.000000	0.001797	0.000000	0.499101	0.381051	0.000000	0.000000	0.000000	0.000000	0.000000	0.118051	0.000000	0.000000
68	tsk_68	(x)	1	:	0.000000	0.000000	0.001974	0.000000	0.499012	0.447674	0.000000	0.000000	0.000000	0.000000	0.000000	0.051339	0.000000	0.000000
69	tsk_69	(x)	1	:	0.000000	0.493513	0.000000	0.000000	0.000000	0.451602	0.000000	0.000000	0.000000	0.000000	0.000000	0.054885	0.000000	0.000000
70	tsk_70	(x)	1	:	0.000000	0.000000	0.000000	0.000000	0.000000	0.000000	0.000000	0.000000	0.000000	0.000000	0.000000	0.000000	1.000000	0.000000
71	tsk_71	(x)	1	:	0.000000	0.000000	0.000000	0.499535	0.000000	0.426017	0.000000	0.000000	0.000000	0.000000	0.000000	0.074448	0.000000	0.000000
72	tsk_72	(x)	1	:	0.000000	0.000000	0.000000	0.000000	0.000000	0.023794	0.000017	0.000000	0.000000	0.000000	0.000000	0.040105	0.496943	0.439142
73	tsk_73	(x)	1	:	0.000000	0.000000	0.000000	0.000000	0.000000	0.027890	0.000082	0.000000	0.000000	0.000000	0.000000	0.037517	0.496727	0.437784
74	tsk_74	(x)	1	:	0.000000	0.000000	0.000000	0.000000	0.000000	0.221966	0.000023	0.000000	0.000000	0.000000	0.000000	0.281382	0.496628	0.000000
75	tsk_75	(x)	1	:	0.000000	0.000000	0.000000	0.000000	0.000000	0.914977	0.000000	0.000000	0.000000	0.000000	0.000000	0.085023	0.000000	0.000000
76	tsk_76	(x)	1	:	0.000000	0.000000	0.000000	0.000000	0.000000	0.335387	0.000000	0.000000	0.000000	0.000000	0.490684	0.173929	0.000000	0.000000
77	tsk_77	(x)	1	:	0.000000	0.000000	0.000000	0.000000	0.000000	0.856644	0.000000	0.000000	0.000000	0.000000	0.000000	0.143356	0.000000	0.000000
78	tsk_78	(x)	1	:	0.000000	0.000000	0.000000	0.000000	0.000000	0.837925	0.000000	0.000000	0.000000	0.000000	0.000000	0.162075	0.000000	0.000000
79	tsk_79	(x)	1	:	0.000000	0.000000	0.000000	0.000000	0.000000	0.000000	1.000000	0.000000	0.000000	0.000000	0.000000	0.000000	0.000000	0.000000
80	tsk_80	(x)	1	:	0.000000	0.000000	0.000000	0.000000	0.000000	0.132632	0.000000	0.000000	0.000000	0.000000	0.000000	0.370714	0.496654	0.000000
81	tsk_81	(x)	1	:	0.000000	0.494782	0.000738	0.000000	0.502808	0.001550	0.000000	0.000000	0.000000	0.000000	0.000000	0.000122	0.000000	0.000000
82	tsk_82	(x)	1	:	0.000000	0.000000	0.000000	0.000000	0.000000	0.214216	0.000000	0.000000	0.000000	0.000000	0.000000	0.289130	0.496654	0.000000
83	tsk_83	(x)	1	:	0.000000	1.000000	0.000000	0.000000	0.000000	0.000000	0.000000	0.000000	0.000000	0.000000	0.000000	0.000000	0.000000	0.000000
84	tsk_84	(x)	1	:	0.000000	0.000000	0.000000	0.000000	0.000000	0.675246	0.000000	0.000000	0.000000	0.000000	0.000000	0.324753	0.000000	0.000000
85	tsk_85	(x)	1	:	0.000000	0.493513	0.000000	0.000000	0.000000	0.424726	0.000000	0.000000	0.000000	0.000000	0.000000	0.081761	0.000000	0.000000
86	tsk_86	(x)	1	:	0.000000	0.000000	0.000000	0.000000	0.000000	0.135548	0.000000	0.000000	0.000000	0.000000	0.000000	0.367798	0.496654	0.000000
87	tsk_87	(x)	1	:	0.000000	0.000000	0.000000	0.000000	0.000000	0.413926	0.000000	0.000000	0.000000	0.000000	0.000000	0.149660	0.000000	0.436413
88	tsk_88	(x)	1	:	0.000000	0.494335	0.000000	0.000000	0.000000	0.007136	0.000000	0.000000	0.000000	0.000000	0.492062	0.006468	0.000000	0.000000
89	tsk_89	(x)	1	:	0.000000	0.493513	0.000000	0.000000	0.000000	0.449628	0.000000	0.000000	0.000000	0.000000	0.000000	0.056859	0.000000	0.000000
90	tsk_90	(x)	1	:	0.000000	0.590648	0.000000	0.000000	0.000000	0.000000	0.000000	0.000000	0.409352	0.000000	0.000000	0.000000	0.000000	0.000000
91	tsk_91	(x)	1	:	0.000000	0.000000	0.492418	0.000000	0.000000	0.359612	0.000000	0.000000	0.000000	0.000000	0.000000	0.147970	0.000000	0.000000
92	tsk_92	(x)	1	:	0.000000	0.493554	0.000001	0.000001	0.000000	0.008649	0.000001	0.000000	0.000001	0.000001	0.000000	0.001118	0.496675	0.000000
93	tsk_93	(x)	1	:	0.000000	0.000000	0.000000	0.000000	0.000000	0.161998	0.000000	0.000000	0.000000	0.000000	0.000000	0.341348	0.496654	0.000000
94	tsk_94	(x)	1	:	0.000000	0.000000	0.000000	0.000000	0.000000	0.000000	0.000000	0.000000	0.427655	0.000000	0.000000	0.075691	0.496653	0.000000
95	tsk_95	(x)	1	:	0.000000	0.000000	0.000000	0.000000	0.000000	0.200578	0.000000	0.000000	0.000000	0.000000	0.000000	0.302768	0.496654	0.000000
96	tsk_96	(x)	1	:	0.000000	0.493542	0.000000	0.000000	0.000000	0.003287	0.000000	0.000000	0.000000	0.000000	0.000000	0.006501	0.496670	0.000000
97	tsk_97	(x)	1	:	0.000000	0.000000	0.000000	0.000000	0.000000	0.000000	0.000000	0.000000	1.000000	0.000000	0.000000	0.000000	0.000000	0.000000
98	tsk_98	(x)	1	:	0.000000	0.000000	0.000000	0.000000	0.000000	0.000000	0.000000	0.000000	1.000000	0.000000	0.000000	0.000000	0.000000	0.000000
99	tsk_99	(x)	1	:	0.000000	0.000000	0.000000	0.000000	0.000000	0.027618	0.000000	0.000000	0.427656	0.000000	0.000000	0.048073	0.496653	0.000000
100	tsk_100	(x)	1	:	0.000000	0.000000	0.000000	0.000000	0.000000	0.782180	0.000000	0.000000	0.000000	0.000000	0.000000	0.217820	0.000000	0.000000
101	tsk_101	(x)	1	:	0.000000	0.493513	0.000000	0.000000	0.000000	0.448818	0.000000	0.000000	0.000000	0.000000	0.000000	0.057669	0.000000	0.000000
102	tsk_102	(x)	1	:	0.000000	0.000000	0.492422	0.000000	0.000000	0.378633	0.000000	0.000000	0.000000	0.000000	0.000000	0.128946	0.000000	0.000000
103	tsk_103	(x)	1	:	0.000000	0.000000	0.491933	0.000000	0.000000	0.008692	0.000000	0.000000	0.000000	0.000000	0.490526	0.008848	0.000000	0.000000
104	tsk_104	(x)	1	:	0.000000	0.493269	0.491170	0.000000	0.000000	0.010506	0.000000	0.000000	0.000000	0.000000	0.000000	0.005056	0.000000	0.000000
105	tsk_105	(x)	1	:	0.000000	0.493379	0.491733	0.000000	0.000000	0.014888	0.000000	0.000000	0.000000	0.000000	0.000000	0.000000	0.000000	0.000000
106	tsk_106	(x)	1	:	0.000000	0.000000	0.000000	0.000000	0.000000	0.438007	0.000000	0.000000	0.000000	0.499999	0.000000	0.061994	0.000000	0.000000
107	tsk_107	(x)	1	:	0.000000	0.493172	0.490677	0.000000	0.000000	0.016008	0.000000	0.000000	0.000000	0.000000	0.000000	0.000142	0.000000	0.000000
108	tsk_108	(x)	1	:	0.000000	0.493558	0.000000	0.000000	0.000000	0.004190	0.000000	0.000000	0.000000	0.000000	0.000000	0.005573	0.496679	0.000000
109	tsk_109	(x)	1	:	0.000000	0.493173	0.490678	0.000000	0.000000	0.013307	0.000000	0.000000	0.000000	0.000000	0.000000	0.002842	0.000000	0.000000
110	tsk_110	(x)	1	:	0.000000	0.000000	0.503052	0.000000	0.000000	0.042223	0.000000	0.000000	0.000000	0.000000	0.000000	0.008322	0.000000	0.446403
111	tsk_111	(x)	1	:	0.000000	0.000000	0.370187	0.000000	0.000000	0.000000	0.000130	0.147765	0.000000	0.000000	0.000000	0.000000	0.481919	0.000000
112	tsk_112	(x)	1	:	0.000000	0.000000	0.431648	0.000000	0.000000	0.000000	0.000000	0.159310	0.409042	0.000000	0.000000	0.000000	0.000000	0.000000
113	tsk_113	(x)	1	:	0.000000	0.000000	0.526306	0.000000	0.000000	0.000000	0.000000	0.000000	0.000000	0.000000	0.000000	0.000000	0.473694	0.000000
114	tsk_114	(x)	1	:	0.462791	0.000000	0.386378	0.000000	0.000000	0.000000	0.000000	0.150831	0.000000	0.000000	0.000000	0.000000	0.000000	0.000000
115	tsk_115	(x)	1	:	0.000000	0.000000	0.488095	0.000000	0.000000	0.004092	0.000000	0.000000	0.000000	0.000000	0.000000	0.011629	0.496185	0.000000
116	tsk_116	(x)	1	:	0.000000	0.000000	0.872366	0.000000	0.000000	0.000000	0.000000	0.127633	0.000000	0.000000	0.000000	0.000000	0.000000	0.000000
117	tsk_117	(x)	1	:	0.000000	0.000000	0.000000	0.000000	0.000000	0.000000	0.000000	0.000000	0.000000	0.000000	0.450429	0.000000	0.000000	0.549571
118	tsk_118	(x)	1	:	0.000000	0.000000	0.492128	0.000000	0.000000	0.007053	0.000000	0.000000	0.000000	0.000000	0.490589	0.010230	0.000000	0.000000
119	tsk_119	(x)	1	:	0.000000	0.000000	1.000000	0.000000	0.000000	0.000000	0.000000	0.000000	0.000000	0.000000	0.000000	0.000000	0.000000	0.000000
120	tsk_120	(x)	1	:	1.000000	0.000000	0.000000	0.000000	0.000000	0.000000	0.000000	0.000000	0.000000	0.000000	0.000000	0.000000	0.000000	0.000000
121	tsk_121	(x)	1	:	0.496320	0.000000	0.000000	0.000000	0.000000	0.441543	0.000000	0.000000	0.000000	0.011094	0.000000	0.051042	0.000000	0.000000
122	tsk_122	(x)	1	:	0.000000	0.000000	0.000000	0.000000	0.000000	0.760259	0.000000	0.000000	0.000000	0.000000	0.000000	0.239741	0.000000	0.000000
123	tsk_123	(x)	1	:	1.000000	0.000000	0.000000	0.000000	0.000000	0.000000	0.000000	0.000000	0.000000	0.000000	0.000000	0.000000	0.000000	0.000000
124	tsk_124	(x)	1	:	0.499324	0.493555	0.000000	0.000000	0.000000	0.004681	0.000000	0.000000	0.000000	0.002239	0.000000	0.000201	0.000000	0.000000
125	tsk_125	(x)	1	:	0.000000	0.482088	0.000000	0.000000	0.000000	0.000000	0.000000	0.000000	0.000000	0.000000	0.000000	0.000000	0.517911	0.000000
126	tsk_126	(x)	1	:	0.418937	0.000000	0.000000	0.000000	0.000000	0.000000	0.000000	0.109689	0.000000	0.000000	0.000000	0.000000	0.471373	0.000000
127	tsk_127	(x)	1	:	0.000000	0.493513	0.000000	0.000000	0.000000	0.455692	0.000000	0.000000	0.000000	0.000000	0.000000	0.050795	0.000000	0.000000
128	tsk_128	(x)	1	:	0.000000	0.000000	0.000000	0.000000	0.000000	0.000000	0.000000	0.000000	0.000000	0.000000	0.000000	0.000000	1.000000	0.000000
129	tsk_129	(x)	1	:	0.496459	0.000000	0.000000	0.000000	0.000000	0.420693	0.000000	0.000000	0.000000	0.010674	0.000000	0.072174	0.000000	0.000000
130	tsk_130	(x)	1	:	0.000000	0.000000	0.000000	0.000000	0.000000	0.000000	0.000000	0.000000	0.000000	0.000000	0.000000	0.000000	1.000000	0.000000
131	tsk_131	(x)	1	:	0.000000	0.000000	0.000000	0.000000	0.000000	0.936446	0.000000	0.000000	0.000000	0.000000	0.000000	0.063553	0.000000	0.000000
132	tsk_132	(x)	1	:	0.000000	0.493513	0.000000	0.000000	0.000000	0.414219	0.000000	0.000000	0.000000	0.000000	0.000000	0.092268	0.000000	0.000000
133	tsk_133	(x)	1	:	0.000000	0.000000	0.000000	0.000000	0.000000	0.008867	0.000000	0.000000	0.000000	0.497965	0.490015	0.003152	0.000000	0.000000
134	tsk_134	(x)	1	:	0.000000	0.000000	0.000000	0.000000	0.000000	0.242750	0.000000	0.000000	0.000000	0.000000	0.000000	0.260596	0.496654	0.000000
135	tsk_135	(x)	1	:	0.000000	0.000000	0.000000	0.000000	0.000000	0.043081	0.000000	0.000000	0.000000	0.508350	0.000000	0.004357	0.000000	0.444212
136	tsk_136	(x)	1	:	0.000000	0.000000	0.000000	0.000000	0.000000	0.819088	0.000000	0.000000	0.000000	0.000000	0.000000	0.180912	0.000000	0.000000
137	tsk_137	(x)	1	:	0.000000	0.000000	0.000000	0.000000	0.000000	0.000000	0.000000	0.000000	0.000000	0.503346	0.000000	0.000000	0.496654	0.000000
138	tsk_138	(x)	1	:	0.000000	0.000000	0.000000	0.000000	0.000000	0.247005	0.000000	0.000000	0.000000	0.000000	0.000000	0.256341	0.496654	0.000000
139	tsk_139	(x)	1	:	0.000000	0.000000	0.000000	0.000000	0.000000	0.003536	0.000000	0.000000	0.000000	0.000000	0.485527	0.017385	0.493552	0.000000
140	tsk_140	(x)	1	:	0.000000	0.000000	0.000000	0.503002	0.000000	0.000000	0.000000	0.000000	0.000000	0.000000	0.000000	0.000000	0.496998	0.000000
141	tsk_141	(x)	1	:	0.000000	0.000000	0.000000	0.499519	0.000000	0.377958	0.000000	0.000000	0.000000	0.000000	0.000000	0.122523	0.000000	0.000000
142	tsk_142	(x)	1	:	0.000000	0.000000	0.000000	0.503008	0.000000	0.000000	0.000044	0.000000	0.000000	0.000000	0.000000	0.000000	0.496949	0.000000
143	tsk_143	(x)	1	:	0.000000	0.000000	0.492525	0.000000	0.000000	0.110131	0.000000	0.000000	0.000000	0.000000	0.000000	0.088145	0.000000	0.309198
144	tsk_144	(x)	1	:	0.000000	0.000000	0.000000	0.000000	0.000000	0.609250	0.000000	0.000000	0.000000	0.000000	0.000000	0.390750	0.000000	0.000000
145	tsk_145	(x)	1	:	0.000000	0.000000	0.000000	0.000000	0.000000	0.297865	0.000000	0.000000	0.642017	0.000000	0.000000	0.060118	0.000000	0.000000
146	tsk_146	(x)	1	:	0.000000	0.000000	0.000000	0.506990	0.000000	0.000000	0.000000	0.000000	0.000000	0.000000	0.493010	0.000000	0.000000	0.000000
147	tsk_147	(x)	1	:	0.000000	0.000000	0.000000	0.000000	0.000000	0.202508	0.000000	0.000000	0.000000	0.000000	0.000000	0.300839	0.496654	0.000000
148	tsk_148	(x)	1	:	0.000000	0.000000	0.000000	0.000000	0.000000	0.070640	0.000000	0.000000	0.000000	0.000000	0.000000	0.123539	0.496657	0.309163
149	tsk_149	(x)	1	:	0.000000	0.000000	1.000000	0.000000	0.000000	0.000000	0.000000	0.000000	0.000000	0.000000	0.000000	0.000000	0.000000	0.000000
