logL = -1468.787606 (converged)
AIC = 6363.575213
BIC = 11520.793471

count.K
5 14 77 6 3 14 13 10 8 

