logL = -1176.768521 (converged)
AIC = 5437.537041
BIC = 10079.936665

count.K
10 4 12 19 15 28 13 43 6 

