logL = -1963.519711 (converged)
AIC = 6827.039422
BIC = 11192.460598

count.K
26 7 13 7 16 19 38 24 

