logL = -1223.312729 (converged)
AIC = 5186.625459
BIC = 9311.195812

count.K
26 12 15 13 4 19 12 49 

