0	tsk_0	(x)	1	:	0.000000	0.000000	0.000000	0.000000	0.000000	0.000000	0.000000	0.135127	0.000000	0.000000	0.071461	0.000000	0.000000	0.128789	0.664623
1	tsk_1	(x)	1	:	0.000000	0.000000	0.000000	0.000000	0.000000	0.000000	0.000000	0.000000	0.000000	0.000000	0.000000	0.000000	0.000000	0.000000	1.000000
2	tsk_2	(x)	1	:	0.000000	0.000000	0.000000	0.000000	0.000000	0.000000	0.000000	0.003611	0.464281	0.000000	0.000325	0.000000	0.000000	0.038745	0.493039
3	tsk_3	(x)	1	:	0.000000	0.000000	0.000000	0.000000	0.000000	0.000000	0.000000	0.218748	0.000000	0.000000	0.207606	0.000000	0.000000	0.079530	0.494116
4	tsk_4	(x)	1	:	0.000000	0.000000	0.000000	0.000000	0.000000	0.000000	0.000000	0.000000	0.000000	0.000000	0.000000	0.000000	0.000000	0.000000	1.000000
5	tsk_5	(x)	1	:	0.000000	0.000000	0.000000	0.000000	0.000000	0.000000	0.000000	0.000000	0.000000	0.000000	0.000000	0.000000	0.000000	0.000000	1.000000
6	tsk_6	(x)	1	:	0.000000	0.496728	0.000000	0.000000	0.000000	0.000000	0.000000	0.009429	0.000000	0.000000	0.084607	0.400051	0.000000	0.009184	0.000000
7	tsk_7	(x)	1	:	0.000000	0.000000	0.000000	0.000000	0.000000	0.000000	0.000000	0.023115	0.000000	0.000000	0.533413	0.399918	0.000000	0.043553	0.000000
8	tsk_8	(x)	1	:	0.000000	1.000000	0.000000	0.000000	0.000000	0.000000	0.000000	0.000000	0.000000	0.000000	0.000000	0.000000	0.000000	0.000000	0.000000
9	tsk_9	(x)	1	:	0.000000	0.000000	0.000000	0.000000	0.000000	0.000000	0.000000	0.200315	0.000000	0.000000	0.188708	0.000000	0.000000	0.117707	0.493271
10	tsk_10	(x)	1	:	0.366388	0.000000	0.000000	0.000000	0.000000	0.000000	0.000000	0.215727	0.000000	0.000000	0.239706	0.000000	0.000000	0.178178	0.000000
11	tsk_11	(x)	1	:	0.000000	0.000000	0.000000	0.000000	0.000000	0.000000	0.000000	0.159366	0.000000	0.000000	0.076995	0.000000	0.000000	0.763638	0.000000
12	tsk_12	(x)	1	:	0.613594	0.000000	0.000000	0.000000	0.000000	0.000000	0.000000	0.200781	0.000000	0.000000	0.077888	0.000000	0.000000	0.107737	0.000000
13	tsk_13	(x)	1	:	0.000000	1.000000	0.000000	0.000000	0.000000	0.000000	0.000000	0.000000	0.000000	0.000000	0.000000	0.000000	0.000000	0.000000	0.000000
14	tsk_14	(x)	1	:	0.000000	0.000000	0.000000	0.000000	0.245008	0.000000	0.000000	0.140230	0.000000	0.000000	0.179642	0.000000	0.000000	0.435119	0.000000
15	tsk_15	(x)	1	:	0.000000	0.496651	0.000000	0.000000	0.000000	0.000000	0.000000	0.055988	0.000000	0.000000	0.160905	0.000000	0.000000	0.286455	0.000000
16	tsk_16	(x)	1	:	0.000000	0.496651	0.000000	0.000000	0.000000	0.000000	0.000000	0.234272	0.000000	0.000000	0.157558	0.000000	0.000000	0.111519	0.000000
17	tsk_17	(x)	1	:	0.000000	0.000000	0.000000	0.000000	0.000000	0.000000	0.000000	0.267776	0.000000	0.000000	0.457488	0.000000	0.000000	0.274735	0.000000
18	tsk_18	(x)	1	:	0.000000	0.000000	0.000000	0.000000	0.000000	0.000000	0.000000	0.352182	0.000000	0.000000	0.041453	0.000000	0.000000	0.113019	0.493346
19	tsk_19	(x)	1	:	0.000000	0.000000	0.000000	0.000000	0.000000	0.000000	0.000000	0.191130	0.000000	0.000000	0.400665	0.000000	0.000000	0.408205	0.000000
20	tsk_20	(x)	1	:	0.000000	0.449765	0.000000	0.000000	0.000000	0.000000	0.000000	0.000000	0.000000	0.000000	0.000000	0.223185	0.000000	0.000000	0.327050
21	tsk_21	(x)	1	:	0.000000	1.000000	0.000000	0.000000	0.000000	0.000000	0.000000	0.000000	0.000000	0.000000	0.000000	0.000000	0.000000	0.000000	0.000000
22	tsk_22	(x)	1	:	0.000000	0.000000	0.000000	0.000000	0.000000	0.000000	0.000000	0.000000	0.000000	0.000000	0.000000	0.000000	0.000000	0.000000	1.000000
23	tsk_23	(x)	1	:	0.000000	0.000000	0.000000	0.000000	0.000000	0.000000	0.000000	0.075833	0.000000	0.000000	0.168969	0.000000	0.000000	0.261860	0.493338
24	tsk_24	(x)	1	:	0.000000	0.000000	0.000000	0.000000	0.000000	0.000000	0.000000	0.426664	0.000000	0.000000	0.285155	0.000000	0.000000	0.288181	0.000000
25	tsk_25	(x)	1	:	0.000000	0.000000	0.000000	0.000000	0.000000	0.000000	0.000000	0.000000	0.000000	0.000000	0.000000	0.000000	0.000000	0.000000	1.000000
26	tsk_26	(x)	1	:	0.000000	0.553345	0.000000	0.000000	0.000000	0.000000	0.000000	0.221798	0.000000	0.000000	0.088739	0.000000	0.000000	0.136118	0.000000
27	tsk_27	(x)	1	:	0.000000	0.000000	0.000000	0.000000	0.000000	0.000000	0.000000	0.274258	0.000000	0.000000	0.102649	0.000000	0.000000	0.129829	0.493265
28	tsk_28	(x)	1	:	0.000000	0.544878	0.000000	0.000000	0.000000	0.000000	0.000000	0.000000	0.000000	0.000000	0.000000	0.000000	0.000000	0.000000	0.455122
29	tsk_29	(x)	1	:	0.000000	0.000000	0.000000	0.000000	0.000000	0.000000	0.000000	0.049183	0.000000	0.000000	0.092554	0.305637	0.000000	0.058148	0.494478
30	tsk_30	(x)	1	:	0.000000	0.000000	0.000000	0.000000	0.000000	0.000000	0.000000	0.000000	1.000000	0.000000	0.000000	0.000000	0.000000	0.000000	0.000000
31	tsk_31	(x)	1	:	0.000000	0.000000	0.000000	0.000000	0.000000	0.000000	0.000000	0.000000	0.000000	0.247650	0.415174	0.000000	0.000000	0.337175	0.000000
32	tsk_32	(x)	1	:	0.000000	0.496651	0.000000	0.000000	0.000000	0.000000	0.000000	0.141470	0.000000	0.000000	0.191013	0.000000	0.000000	0.170866	0.000000
33	tsk_33	(x)	1	:	0.366478	0.000000	0.000000	0.000000	0.000000	0.000000	0.000000	0.144219	0.000000	0.000000	0.120256	0.000000	0.000000	0.369048	0.000000
34	tsk_34	(x)	1	:	0.000000	0.000000	0.000000	0.000000	0.000000	0.000000	0.000000	0.226565	0.000000	0.247655	0.172431	0.000000	0.000000	0.353349	0.000000
35	tsk_35	(x)	1	:	0.000000	0.000000	0.000000	0.000000	0.000000	0.000000	0.000000	0.127032	0.500000	0.000000	0.000821	0.000000	0.000000	0.372147	0.000000
36	tsk_36	(x)	1	:	0.366484	0.000000	0.000000	0.000000	0.000000	0.000000	0.000000	0.246773	0.000000	0.000000	0.221411	0.000000	0.000000	0.165332	0.000000
37	tsk_37	(x)	1	:	0.000000	0.000000	0.000000	0.500848	0.000000	0.000000	0.000000	0.067985	0.000000	0.000000	0.105722	0.000000	0.000000	0.325445	0.000000
38	tsk_38	(x)	1	:	1.000000	0.000000	0.000000	0.000000	0.000000	0.000000	0.000000	0.000000	0.000000	0.000000	0.000000	0.000000	0.000000	0.000000	0.000000
39	tsk_39	(x)	1	:	0.366485	0.496758	0.000000	0.000000	0.000000	0.000000	0.000000	0.087835	0.000000	0.000000	0.025918	0.000000	0.000000	0.023004	0.000000
40	tsk_40	(x)	1	:	0.000000	0.000000	0.000000	0.000000	0.000000	0.000000	0.000000	0.531811	0.000000	0.000000	0.266715	0.000000	0.000000	0.201474	0.000000
41	tsk_41	(x)	1	:	0.000000	0.000000	0.000000	0.000000	0.000000	0.000000	0.000000	0.541114	0.000000	0.000000	0.227788	0.000000	0.000000	0.231098	0.000000
42	tsk_42	(x)	1	:	0.000000	0.496651	0.000000	0.000000	0.000000	0.000000	0.000000	0.259470	0.000000	0.000000	0.129538	0.000000	0.000000	0.114341	0.000000
43	tsk_43	(x)	1	:	0.000000	0.000000	0.000000	0.000000	0.000000	0.000000	0.000000	0.281052	0.000000	0.000000	0.380936	0.000000	0.000000	0.338012	0.000000
44	tsk_44	(x)	1	:	0.000000	0.000000	0.000000	0.000000	0.000000	0.000000	0.000000	0.433779	0.000000	0.000000	0.312608	0.000000	0.000000	0.253614	0.000000
45	tsk_45	(x)	1	:	0.000000	0.000000	0.000000	0.000000	0.000000	0.000000	0.000000	0.380735	0.000000	0.000000	0.307489	0.000000	0.000000	0.311776	0.000000
46	tsk_46	(x)	1	:	0.000000	0.497318	0.000000	0.000000	0.000000	0.502681	0.000000	0.000001	0.000000	0.000000	0.000000	0.000000	0.000000	0.000000	0.000000
47	tsk_47	(x)	1	:	0.366420	0.000000	0.000000	0.000000	0.000000	0.000000	0.000000	0.238436	0.000000	0.000000	0.130228	0.000000	0.000000	0.264916	0.000000
48	tsk_48	(x)	1	:	0.000000	0.496651	0.000000	0.000000	0.000000	0.000000	0.000000	0.152904	0.000000	0.000000	0.149569	0.000000	0.000000	0.200876	0.000000
49	tsk_49	(x)	1	:	0.000000	0.000000	0.000000	0.000000	0.000000	0.000000	0.000000	0.397177	0.000000	0.000000	0.264613	0.000000	0.000000	0.338210	0.000000
50	tsk_50	(x)	1	:	0.000000	0.000000	0.000000	0.000000	0.000000	0.000000	0.000000	0.674756	0.000000	0.000000	0.220415	0.000000	0.000000	0.104828	0.000000
51	tsk_51	(x)	1	:	0.000000	0.000000	0.000000	0.000000	0.000000	0.000000	0.000000	0.102125	0.000000	0.000000	0.472342	0.399855	0.000000	0.025678	0.000000
52	tsk_52	(x)	1	:	0.000000	0.000000	0.000000	0.000000	0.000000	0.000000	0.000000	0.219147	0.000000	0.000000	0.084642	0.000000	0.000000	0.203019	0.493191
53	tsk_53	(x)	1	:	0.613575	0.000000	0.000000	0.000000	0.000000	0.000000	0.000000	0.077607	0.000000	0.000000	0.095949	0.000000	0.000000	0.212869	0.000000
54	tsk_54	(x)	1	:	0.366451	0.000000	0.000000	0.000000	0.000000	0.000000	0.000000	0.279163	0.000000	0.000000	0.177043	0.000000	0.000000	0.177343	0.000000
55	tsk_55	(x)	1	:	0.366448	0.000000	0.000000	0.000000	0.000000	0.000000	0.000000	0.080323	0.000000	0.000000	0.274817	0.000000	0.000000	0.278412	0.000000
56	tsk_56	(x)	1	:	0.000000	0.000000	0.000000	0.000000	0.000000	0.000000	0.000000	0.257206	0.000000	0.000000	0.192046	0.000000	0.000000	0.057482	0.493266
57	tsk_57	(x)	1	:	0.000000	0.000000	0.000000	0.000000	0.000000	0.000000	0.000000	0.359829	0.000000	0.000000	0.270910	0.000000	0.000000	0.369260	0.000000
58	tsk_58	(x)	1	:	0.000000	0.000000	0.000000	0.000000	0.000000	0.000000	0.000000	0.497875	0.000000	0.000000	0.249472	0.000000	0.000000	0.252653	0.000000
59	tsk_59	(x)	1	:	0.366421	0.000000	0.000000	0.000000	0.000000	0.000000	0.000000	0.268184	0.000000	0.000000	0.145129	0.000000	0.000000	0.220266	0.000000
60	tsk_60	(x)	1	:	0.000000	0.000000	0.000000	0.000000	0.000000	0.000000	0.000000	0.244334	0.000000	0.000000	0.312116	0.000000	0.000000	0.443550	0.000000
61	tsk_61	(x)	1	:	0.000000	0.000000	0.000000	0.000000	0.000000	0.000000	0.000000	0.242557	0.000000	0.000000	0.310971	0.000000	0.000000	0.446472	0.000000
62	tsk_62	(x)	1	:	0.000000	0.000000	0.000000	0.000000	0.000000	0.000000	0.000000	0.130936	0.000000	0.000000	0.060700	0.000000	0.000000	0.315105	0.493259
63	tsk_63	(x)	1	:	0.000000	0.000000	0.000000	0.000000	0.000000	0.000000	0.000000	0.149717	0.000000	0.000000	0.176493	0.000000	0.000000	0.180640	0.493150
64	tsk_64	(x)	1	:	0.000000	0.000000	0.000000	0.000000	0.000000	0.000000	0.000000	0.128100	0.000000	0.000000	0.398887	0.000000	0.000000	0.473013	0.000000
65	tsk_65	(x)	1	:	0.000000	0.496651	0.000000	0.000000	0.000000	0.000000	0.000000	0.252161	0.000000	0.000000	0.174417	0.000000	0.000000	0.076770	0.000000
66	tsk_66	(x)	1	:	0.000000	0.496651	0.000000	0.000000	0.000000	0.000000	0.000000	0.179606	0.000000	0.000000	0.171774	0.000000	0.000000	0.151968	0.000000
67	tsk_67	(x)	1	:	0.000000	0.496651	0.000000	0.000000	0.000000	0.000000	0.000000	0.348223	0.000000	0.000000	0.082275	0.000000	0.000000	0.072851	0.000000
68	tsk_68	(x)	1	:	0.000000	0.000000	0.000000	0.000000	0.000000	0.000000	0.000000	0.064612	0.000000	0.000000	0.500178	0.000000	0.000000	0.435210	0.000000
69	tsk_69	(x)	1	:	0.000000	0.496651	0.000000	0.000000	0.000000	0.000000	0.000000	0.271258	0.000000	0.000000	0.146568	0.000000	0.000000	0.085523	0.000000
70	tsk_70	(x)	1	:	0.000000	0.000000	0.000000	0.000000	0.000000	0.000000	0.000000	0.499958	0.000000	0.000000	0.392176	0.000000	0.000000	0.107866	0.000000
71	tsk_71	(x)	1	:	0.000000	0.000000	0.000000	0.000000	0.229731	0.000000	0.000000	0.097275	0.000000	0.000000	0.044398	0.000000	0.000000	0.124031	0.504565
72	tsk_72	(x)	1	:	0.000000	0.000000	0.000000	0.000000	0.000000	0.000000	0.000000	0.055737	0.000000	0.000000	0.033869	0.305414	0.000000	0.110933	0.494047
73	tsk_73	(x)	1	:	0.000000	0.449765	0.000000	0.000000	0.000000	0.000000	0.000000	0.000000	0.000000	0.000000	0.000000	0.223185	0.000000	0.000000	0.327050
74	tsk_74	(x)	1	:	0.000000	0.000000	0.000000	0.000000	0.245009	0.000000	0.000000	0.293547	0.000000	0.000000	0.029342	0.000000	0.000000	0.432102	0.000000
75	tsk_75	(x)	1	:	0.000000	0.497560	0.000000	0.000000	0.276675	0.000000	0.000000	0.135968	0.000000	0.000000	0.013376	0.000000	0.000000	0.076421	0.000000
76	tsk_76	(x)	1	:	0.000000	0.000000	0.000000	0.000000	0.245008	0.000000	0.000000	0.239435	0.000000	0.000000	0.305095	0.000000	0.000000	0.210461	0.000000
77	tsk_77	(x)	1	:	0.000000	0.000000	0.000000	0.000000	0.000000	0.000000	0.000000	0.066951	0.000000	0.000000	0.052493	0.305190	0.000000	0.081758	0.493609
78	tsk_78	(x)	1	:	0.000000	0.000000	0.000000	0.000000	0.000000	0.000000	0.000000	0.223518	0.000000	0.000000	0.228533	0.000000	0.000000	0.547949	0.000000
79	tsk_79	(x)	1	:	0.000000	0.000000	0.000000	0.000000	0.000000	0.000000	0.000000	0.000000	0.000000	0.000000	0.000000	1.000000	0.000000	0.000000	0.000000
80	tsk_80	(x)	1	:	0.000000	0.000000	0.000000	0.000000	0.000000	0.000000	0.500353	0.189995	0.000000	0.000000	0.211582	0.000000	0.000000	0.098070	0.000000
81	tsk_81	(x)	1	:	0.000000	0.000000	0.000000	0.000000	0.275253	0.000000	0.000000	0.448886	0.000000	0.000000	0.137272	0.000000	0.000000	0.138589	0.000000
82	tsk_82	(x)	1	:	0.000000	0.000000	0.000000	1.000000	0.000000	0.000000	0.000000	0.000000	0.000000	0.000000	0.000000	0.000000	0.000000	0.000000	0.000000
83	tsk_83	(x)	1	:	0.000000	0.000000	0.000000	0.000000	0.000000	0.000000	0.000000	0.078884	0.000000	0.000000	0.647556	0.000000	0.000000	0.273560	0.000000
84	tsk_84	(x)	1	:	0.000000	0.496651	0.000000	0.000000	0.000000	0.000000	0.000000	0.237912	0.000000	0.000000	0.127587	0.000000	0.000000	0.137850	0.000000
85	tsk_85	(x)	1	:	0.000000	0.000000	0.000000	0.500770	0.000000	0.000000	0.000000	0.109142	0.000000	0.000000	0.242992	0.000000	0.000000	0.147096	0.000000
86	tsk_86	(x)	1	:	0.000000	0.000000	0.000000	0.000000	0.000000	0.000000	0.000000	0.424267	0.000000	0.000000	0.285625	0.000000	0.000000	0.290108	0.000000
87	tsk_87	(x)	1	:	0.000000	0.000000	0.000000	0.500000	0.000000	0.000000	0.500000	0.000000	0.000000	0.000000	0.000000	0.000000	0.000000	0.000000	0.000000
88	tsk_88	(x)	1	:	0.000000	0.000000	0.000000	0.000000	0.000000	0.000000	0.000000	0.379716	0.000000	0.000000	0.146961	0.000000	0.000000	0.473323	0.000000
89	tsk_89	(x)	1	:	0.000000	0.000000	0.000000	0.000000	0.245008	0.000000	0.000000	0.361182	0.000000	0.000000	0.117563	0.000000	0.000000	0.276247	0.000000
90	tsk_90	(x)	1	:	0.000000	0.000000	0.000000	0.000000	0.000000	0.000000	0.000000	0.303242	0.000000	0.000000	0.465023	0.000000	0.000000	0.231736	0.000000
91	tsk_91	(x)	1	:	0.000000	0.000000	0.000000	0.000000	0.000000	0.000000	0.000000	0.076700	0.500000	0.000000	0.000000	0.000000	0.000000	0.423300	0.000000
92	tsk_92	(x)	1	:	0.000000	0.000000	0.000000	0.000000	0.000000	0.000000	0.000000	0.496928	0.000000	0.000000	0.221090	0.000000	0.000000	0.281982	0.000000
93	tsk_93	(x)	1	:	0.000000	0.496854	0.000000	0.000000	0.000000	0.000000	0.000000	0.124610	0.000000	0.282812	0.040954	0.000000	0.000000	0.054770	0.000000
94	tsk_94	(x)	1	:	0.000000	0.000000	0.000000	0.000000	0.000000	0.000000	0.000000	0.242872	0.000000	0.000000	0.506521	0.000000	0.000000	0.250606	0.000000
95	tsk_95	(x)	1	:	0.000000	0.000000	0.000000	0.000000	0.000000	0.000000	0.000000	0.500230	0.000000	0.000000	0.359443	0.000000	0.000000	0.140327	0.000000
96	tsk_96	(x)	1	:	0.000000	0.000000	0.000004	0.000000	0.000000	0.000000	0.000000	0.018322	0.499727	0.279095	0.000000	0.000000	0.000000	0.202852	0.000000
97	tsk_97	(x)	1	:	0.000000	0.000000	0.000000	0.000000	0.000000	0.000000	0.000000	0.148813	0.500000	0.000000	0.002289	0.000000	0.000000	0.348898	0.000000
98	tsk_98	(x)	1	:	0.000000	0.498317	0.000000	0.000000	0.000000	0.000000	0.000000	0.000000	0.000000	0.501682	0.000000	0.000000	0.000000	0.000000	0.000000
99	tsk_99	(x)	1	:	0.000000	0.000000	0.000000	0.000000	0.000000	0.000000	0.000000	0.353175	0.000000	0.000000	0.357527	0.000000	0.000000	0.289297	0.000000
100	tsk_100	(x)	1	:	1.000000	0.000000	0.000000	0.000000	0.000000	0.000000	0.000000	0.000000	0.000000	0.000000	0.000000	0.000000	0.000000	0.000000	0.000000
101	tsk_101	(x)	1	:	0.366491	0.000000	0.000000	0.000000	0.000000	0.000000	0.000000	0.225300	0.000000	0.000000	0.204281	0.000000	0.000000	0.203928	0.000000
102	tsk_102	(x)	1	:	0.000000	0.000000	0.000000	0.000000	0.000000	0.000000	0.000000	0.423785	0.000000	0.000000	0.285863	0.000000	0.000000	0.290352	0.000000
103	tsk_103	(x)	1	:	0.000000	0.000000	0.000000	0.000000	0.000000	0.000000	0.000000	0.050046	0.000000	0.000000	0.504802	0.399854	0.000000	0.045297	0.000000
104	tsk_104	(x)	1	:	0.000000	0.000000	0.000000	0.000000	0.000000	0.000000	0.000000	0.502150	0.000000	0.000000	0.157982	0.000000	0.000000	0.339868	0.000000
105	tsk_105	(x)	1	:	0.000000	0.000000	0.000000	0.000000	0.000000	0.000000	0.000000	0.012527	0.000000	0.000000	0.081298	0.399994	0.000000	0.012789	0.493392
106	tsk_106	(x)	1	:	0.000000	0.000000	0.000000	0.000000	0.000000	0.000000	0.000000	0.194772	0.000000	0.000000	0.299215	0.399856	0.000000	0.106157	0.000000
107	tsk_107	(x)	1	:	0.366233	0.496690	0.000000	0.000000	0.000000	0.000000	0.000000	0.046448	0.000000	0.000000	0.043611	0.000000	0.000000	0.047018	0.000000
108	tsk_108	(x)	1	:	0.000000	0.000000	0.000000	0.000000	0.000000	0.000000	0.000000	0.117729	0.000000	0.000000	0.404697	0.399966	0.000000	0.077607	0.000000
109	tsk_109	(x)	1	:	0.000000	0.000000	0.000000	0.500087	0.000000	0.000000	0.000000	0.016396	0.000000	0.000000	0.077290	0.399842	0.000000	0.006384	0.000000
110	tsk_110	(x)	1	:	0.000000	0.000000	0.000000	0.000000	0.000000	0.000000	0.000000	0.327539	0.000000	0.000000	0.163135	0.000000	0.000000	0.509326	0.000000
111	tsk_111	(x)	1	:	0.000000	0.000000	0.000000	0.000000	0.000000	0.000000	0.000000	0.224200	0.000000	0.000000	0.463951	0.000000	0.000000	0.311849	0.000000
112	tsk_112	(x)	1	:	0.000000	0.496651	0.000000	0.000000	0.000000	0.000000	0.000000	0.167707	0.000000	0.000000	0.118965	0.000000	0.000000	0.216677	0.000000
113	tsk_113	(x)	1	:	0.000000	0.000000	0.000000	0.000000	0.000000	0.000000	0.000000	0.224268	0.000000	0.000000	0.384974	0.000000	0.000000	0.390759	0.000000
114	tsk_114	(x)	1	:	0.000000	0.496016	0.000000	0.000000	0.000000	0.000000	0.000000	0.000000	0.000000	0.000000	0.000000	0.000000	0.503984	0.000000	0.000000
115	tsk_115	(x)	1	:	0.533425	0.466574	0.000000	0.000000	0.000000	0.000000	0.000000	0.000000	0.000000	0.000000	0.000000	0.000000	0.000000	0.000000	0.000000
116	tsk_116	(x)	1	:	0.000000	0.000000	0.000000	0.000000	0.000000	0.000000	0.000000	0.181111	0.000000	0.000000	0.501448	0.000000	0.000000	0.317442	0.000000
117	tsk_117	(x)	1	:	0.000000	0.496651	0.000000	0.000000	0.000000	0.000000	0.000000	0.287395	0.000000	0.000000	0.150167	0.000000	0.000000	0.065787	0.000000
118	tsk_118	(x)	1	:	0.000000	0.496651	0.000000	0.000000	0.000000	0.000000	0.000000	0.254272	0.000000	0.000000	0.118360	0.000000	0.000000	0.130717	0.000000
119	tsk_119	(x)	1	:	0.000000	0.496651	0.000000	0.000000	0.000000	0.000000	0.000000	0.221734	0.000000	0.000000	0.184061	0.000000	0.000000	0.097554	0.000000
120	tsk_120	(x)	1	:	0.000000	0.000000	0.000000	0.000000	0.000000	0.000000	0.000000	0.168690	0.000000	0.000000	0.396476	0.399994	0.000000	0.034839	0.000000
121	tsk_121	(x)	1	:	0.613582	0.000000	0.000000	0.000000	0.000000	0.000000	0.000000	0.154920	0.000000	0.000000	0.145065	0.000000	0.000000	0.086434	0.000000
122	tsk_122	(x)	1	:	0.000000	0.496651	0.000000	0.000000	0.000000	0.000000	0.000000	0.116802	0.000000	0.000000	0.220950	0.000000	0.000000	0.165597	0.000000
123	tsk_123	(x)	1	:	0.000000	0.496662	0.000000	0.000000	0.000000	0.000000	0.000000	0.005136	0.000000	0.000000	0.001368	0.000000	0.000000	0.003663	0.493172
124	tsk_124	(x)	1	:	0.000000	0.000000	0.000000	0.000000	0.000000	0.000000	0.000000	0.462245	0.000000	0.000000	0.386989	0.000000	0.000000	0.150766	0.000000
125	tsk_125	(x)	1	:	0.000000	0.000000	0.000000	0.000000	0.000000	0.000000	0.000000	0.126929	0.000000	0.000000	0.150203	0.000000	0.000000	0.229466	0.493402
126	tsk_126	(x)	1	:	0.000000	0.000000	0.000000	0.000000	0.000000	0.000000	0.000000	0.352493	0.000000	0.000000	0.357894	0.000000	0.000000	0.289612	0.000000
127	tsk_127	(x)	1	:	0.000000	1.000000	0.000000	0.000000	0.000000	0.000000	0.000000	0.000000	0.000000	0.000000	0.000000	0.000000	0.000000	0.000000	0.000000
128	tsk_128	(x)	1	:	0.000000	0.000000	0.000000	0.000000	0.000000	0.000000	0.000000	0.222275	0.000000	0.000000	0.155259	0.000000	0.000000	0.129218	0.493248
129	tsk_129	(x)	1	:	0.000000	0.000000	0.000000	0.000000	0.000000	0.000000	0.000000	0.126907	0.000000	0.000000	0.534151	0.000000	0.000000	0.338942	0.000000
130	tsk_130	(x)	1	:	0.000000	0.000000	0.000000	0.000000	0.000000	0.000000	0.000000	0.241804	0.000000	0.000000	0.115366	0.000000	0.000000	0.642830	0.000000
131	tsk_131	(x)	1	:	0.000000	0.000000	0.000000	0.000000	0.000000	0.000000	0.000000	0.414832	0.000000	0.000000	0.334736	0.000000	0.000000	0.250432	0.000000
132	tsk_132	(x)	1	:	0.000000	0.000000	0.000000	0.000000	0.275264	0.000000	0.000000	0.377351	0.000000	0.000000	0.083784	0.000000	0.000000	0.263601	0.000000
133	tsk_133	(x)	1	:	0.000000	0.496651	0.000000	0.000000	0.000000	0.000000	0.000000	0.063213	0.000000	0.000000	0.275442	0.000000	0.000000	0.164694	0.000000
134	tsk_134	(x)	1	:	0.000000	0.000000	0.000000	0.000000	0.000000	0.000000	0.000000	0.498917	0.000000	0.000000	0.313272	0.000000	0.000000	0.187810	0.000000
135	tsk_135	(x)	1	:	0.000000	0.000000	0.000000	0.000000	0.000000	0.000000	0.000000	0.085409	0.000000	0.000000	0.331886	0.399974	0.000000	0.182731	0.000000
136	tsk_136	(x)	1	:	0.373569	0.000000	0.000000	0.000000	0.279274	0.000000	0.000000	0.067464	0.000000	0.000000	0.092155	0.000000	0.000000	0.187536	0.000000
137	tsk_137	(x)	1	:	0.000000	0.000000	0.000000	0.000000	0.275262	0.000000	0.000000	0.430183	0.000000	0.000000	0.250278	0.000000	0.000000	0.044276	0.000000
138	tsk_138	(x)	1	:	0.000000	0.000000	1.000000	0.000000	0.000000	0.000000	0.000000	0.000000	0.000000	0.000000	0.000000	0.000000	0.000000	0.000000	0.000000
139	tsk_139	(x)	1	:	0.369670	0.000000	0.000000	0.000000	0.276951	0.000000	0.000000	0.126744	0.000000	0.000000	0.084695	0.000000	0.000000	0.141939	0.000000
140	tsk_140	(x)	1	:	0.000000	0.000000	0.000000	0.000000	0.000000	0.000000	0.000000	0.351079	0.000000	0.000000	0.212281	0.000000	0.000000	0.436639	0.000000
141	tsk_141	(x)	1	:	0.000000	0.000000	0.000000	0.000000	0.000000	0.000000	0.000000	0.293039	0.000000	0.000000	0.089292	0.000000	0.000000	0.617669	0.000000
142	tsk_142	(x)	1	:	0.613587	0.000000	0.000000	0.000000	0.000000	0.000000	0.000000	0.147927	0.000000	0.000000	0.076551	0.000000	0.000000	0.161935	0.000000
143	tsk_143	(x)	1	:	0.000000	0.000000	0.000000	0.000000	0.000000	0.000000	0.000000	0.359485	0.000000	0.000000	0.271325	0.000000	0.000000	0.369190	0.000000
144	tsk_144	(x)	1	:	0.492566	0.000000	0.000000	0.000000	0.176183	0.000000	0.000000	0.000000	0.000000	0.000000	0.000000	0.000000	0.000000	0.000000	0.331252
145	tsk_145	(x)	1	:	0.613593	0.000000	0.000000	0.000000	0.000000	0.000000	0.000000	0.058056	0.000000	0.000000	0.135843	0.000000	0.000000	0.192508	0.000000
146	tsk_146	(x)	1	:	0.000000	0.000000	0.000000	0.000000	0.000000	0.000000	0.000000	0.000000	0.000000	0.000000	0.000000	0.000000	0.000000	0.000000	1.000000
147	tsk_147	(x)	1	:	0.570645	0.000000	0.000000	0.000000	0.000000	0.000000	0.000000	0.000000	0.000000	0.000000	0.000000	0.000000	0.000000	0.000000	0.429355
148	tsk_148	(x)	1	:	0.000000	0.000000	0.000000	0.000000	0.000000	0.000000	0.000000	0.505817	0.000000	0.000000	0.155518	0.000000	0.000000	0.338665	0.000000
149	tsk_149	(x)	1	:	0.000000	0.000000	0.000000	0.000000	0.000000	0.000000	0.000000	0.000000	0.000000	0.000000	0.000000	0.000000	0.000000	0.000000	1.000000
