logL = -1710.351040 (converged)
AIC = 8888.702081
BIC = 17119.778975

count.K
12 21 16 8 2 5 13 21 22 13 8 0 1 8 

