logL = -2205.333312 (converged)
AIC = 8444.666624
BIC = 14517.118012

count.K
11 13 14 2 11 2 15 40 0 31 11 

