0	tsk_0	(x)	1	:	0.145308	0.000000	0.000000	0.057759	0.296933	0.000000	0.499989	0.000000	0.000000	0.000003	0.000008
1	tsk_1	(x)	1	:	0.140839	0.000000	0.000000	0.371039	0.488123	0.000000	0.000000	0.000000	0.000000	0.000000	0.000000
2	tsk_2	(x)	1	:	0.000000	0.000000	0.000000	0.000000	0.000000	0.000000	0.000000	1.000000	0.000000	0.000000	0.000000
3	tsk_3	(x)	1	:	0.108636	0.000000	0.000000	0.132625	0.290721	0.468017	0.000000	0.000000	0.000000	0.000000	0.000000
4	tsk_4	(x)	1	:	0.000000	0.000000	0.000000	0.000000	0.000000	0.000000	0.000000	1.000000	0.000000	0.000000	0.000000
5	tsk_5	(x)	1	:	0.149710	0.000000	0.000000	0.257378	0.124894	0.468017	0.000000	0.000000	0.000000	0.000000	0.000000
6	tsk_6	(x)	1	:	0.000000	0.000000	0.000000	0.000000	0.000000	0.000000	0.000000	1.000000	0.000000	0.000000	0.000000
7	tsk_7	(x)	1	:	0.269907	0.000000	0.000000	0.250710	0.479383	0.000000	0.000000	0.000000	0.000000	0.000000	0.000000
8	tsk_8	(x)	1	:	0.005839	0.000000	0.000000	0.015727	0.012559	0.466293	0.000000	0.499582	0.000000	0.000000	0.000000
9	tsk_9	(x)	1	:	0.007471	0.000000	0.000000	0.013381	0.013483	0.466124	0.000000	0.499541	0.000000	0.000000	0.000000
10	tsk_10	(x)	1	:	0.000000	0.000000	0.000000	0.000000	0.000000	0.000000	0.499994	0.500000	0.000000	0.000002	0.000003
11	tsk_11	(x)	1	:	0.000000	0.000000	0.507456	0.000000	0.000000	0.000000	0.000000	0.000000	0.000000	0.492544	0.000000
12	tsk_12	(x)	1	:	0.040315	0.472431	0.000000	0.000000	0.005580	0.000000	0.000000	0.000000	0.000000	0.481674	0.000000
13	tsk_13	(x)	1	:	0.000000	0.000000	1.000000	0.000000	0.000000	0.000000	0.000000	0.000000	0.000000	0.000000	0.000000
14	tsk_14	(x)	1	:	0.010417	0.463194	0.000000	0.019916	0.006589	0.000000	0.000000	0.499884	0.000000	0.000000	0.000000
15	tsk_15	(x)	1	:	0.000000	0.000000	0.000000	0.000000	0.000000	0.000000	0.499991	0.000000	0.000000	0.500003	0.000006
16	tsk_16	(x)	1	:	0.000000	0.000000	0.500000	0.000000	0.000000	0.000000	0.000000	0.500000	0.000000	0.000000	0.000000
17	tsk_17	(x)	1	:	0.156746	0.000000	0.000000	0.067753	0.275501	0.000000	0.499992	0.000000	0.000000	0.000002	0.000006
18	tsk_18	(x)	1	:	0.000000	0.000000	0.000000	0.000000	0.000000	0.000000	0.244532	0.457107	0.000000	0.298354	0.000007
19	tsk_19	(x)	1	:	0.146589	0.463427	0.000000	0.148257	0.241728	0.000000	0.000000	0.000000	0.000000	0.000000	0.000000
20	tsk_20	(x)	1	:	0.000000	0.000000	0.000000	0.000000	0.000000	0.000000	0.499990	0.500000	0.000000	0.000003	0.000007
21	tsk_21	(x)	1	:	0.229261	0.000000	0.000000	0.374818	0.395920	0.000000	0.000000	0.000000	0.000000	0.000000	0.000000
22	tsk_22	(x)	1	:	0.209803	0.000000	0.000000	0.422786	0.367412	0.000000	0.000000	0.000000	0.000000	0.000000	0.000000
23	tsk_23	(x)	1	:	0.155745	0.000000	0.000000	0.250095	0.594160	0.000000	0.000000	0.000000	0.000000	0.000000	0.000000
24	tsk_24	(x)	1	:	0.099505	0.000000	0.000000	0.189954	0.210541	0.000000	0.000000	0.500000	0.000000	0.000000	0.000000
25	tsk_25	(x)	1	:	0.072769	0.000000	0.000000	0.319646	0.607585	0.000000	0.000000	0.000000	0.000000	0.000000	0.000000
26	tsk_26	(x)	1	:	0.115088	0.000000	0.000000	0.265919	0.118992	0.000000	0.000000	0.500000	0.000000	0.000000	0.000000
27	tsk_27	(x)	1	:	0.292333	0.000000	0.000000	0.451688	0.255979	0.000000	0.000000	0.000000	0.000000	0.000000	0.000000
28	tsk_28	(x)	1	:	0.043433	0.000000	0.000000	0.249923	0.206644	0.000000	0.000000	0.500000	0.000000	0.000000	0.000000
29	tsk_29	(x)	1	:	0.187391	0.000000	0.000000	0.319608	0.493000	0.000000	0.000000	0.000000	0.000000	0.000000	0.000000
30	tsk_30	(x)	1	:	0.000000	0.000000	0.000000	0.000000	0.000000	0.000000	0.000000	1.000000	0.000000	0.000000	0.000000
31	tsk_31	(x)	1	:	0.069038	0.000000	0.000000	0.322698	0.108264	0.000000	0.000000	0.500000	0.000000	0.000000	0.000000
32	tsk_32	(x)	1	:	0.000000	0.000000	0.000000	0.000000	0.000000	0.000000	0.000000	0.630461	0.369539	0.000000	0.000000
33	tsk_33	(x)	1	:	0.001681	0.000000	0.000000	0.000696	0.003549	0.452871	0.243886	0.000000	0.000000	0.297312	0.000004
34	tsk_34	(x)	1	:	0.057704	0.000000	0.000000	0.279272	0.163024	0.000000	0.000000	0.500000	0.000000	0.000000	0.000000
35	tsk_35	(x)	1	:	0.000000	0.000000	0.000000	0.000000	0.000000	0.000000	0.000000	0.520465	0.000000	0.479535	0.000000
36	tsk_36	(x)	1	:	0.088197	0.000000	0.000000	0.222819	0.220967	0.468017	0.000000	0.000000	0.000000	0.000000	0.000000
37	tsk_37	(x)	1	:	0.231446	0.000000	0.000000	0.090882	0.177335	0.000000	0.003391	0.000000	0.000000	0.000000	0.496946
38	tsk_38	(x)	1	:	0.001626	0.000000	0.000000	0.000574	0.003914	0.452703	0.243866	0.000000	0.000000	0.297305	0.000012
39	tsk_39	(x)	1	:	0.000000	0.000000	0.000000	0.000000	0.000000	0.000000	0.244540	0.457107	0.000000	0.298351	0.000002
40	tsk_40	(x)	1	:	0.122640	0.000000	0.000000	0.192577	0.185413	0.000000	0.000000	0.000695	0.498676	0.000000	0.000000
41	tsk_41	(x)	1	:	0.000000	0.000000	0.000000	0.000000	0.000000	0.000000	0.023693	0.000000	0.000000	0.976307	0.000000
42	tsk_42	(x)	1	:	0.000000	0.000000	0.000000	0.000000	0.000000	0.000000	0.023575	0.000000	0.000000	0.976425	0.000000
43	tsk_43	(x)	1	:	0.004140	0.000000	0.000000	0.013902	0.014229	0.468384	0.000000	0.000360	0.498985	0.000000	0.000000
44	tsk_44	(x)	1	:	0.137186	0.000000	0.000000	0.193147	0.201648	0.468018	0.000000	0.000000	0.000000	0.000000	0.000000
45	tsk_45	(x)	1	:	0.000000	0.000000	0.000000	0.000000	0.000000	0.000000	0.000000	0.000000	0.516733	0.483267	0.000000
46	tsk_46	(x)	1	:	0.109125	0.000000	0.000000	0.240218	0.182639	0.468017	0.000000	0.000000	0.000000	0.000000	0.000000
47	tsk_47	(x)	1	:	0.000000	0.000000	0.000000	0.000000	0.000000	0.000000	0.640136	0.000000	0.000000	0.359859	0.000005
48	tsk_48	(x)	1	:	0.000000	0.000000	0.000000	0.000000	0.000000	0.000000	0.023527	0.000000	0.000000	0.976473	0.000000
49	tsk_49	(x)	1	:	0.007346	0.000000	0.000000	0.009262	0.016330	0.467825	0.000000	0.000322	0.498915	0.000000	0.000000
50	tsk_50	(x)	1	:	0.000000	0.000000	0.000000	0.000000	0.000000	0.000000	0.000000	0.520465	0.000000	0.479535	0.000000
51	tsk_51	(x)	1	:	0.083007	0.000000	0.000000	0.349254	0.066628	0.000000	0.000000	0.133364	0.367746	0.000000	0.000000
52	tsk_52	(x)	1	:	0.000000	0.000000	0.000000	0.000000	0.000000	0.000000	0.244540	0.457107	0.000000	0.298351	0.000002
53	tsk_53	(x)	1	:	0.010898	0.000000	0.000000	0.000277	0.024275	0.483225	0.000000	0.000000	0.000000	0.481325	0.000000
54	tsk_54	(x)	1	:	0.170303	0.000000	0.000000	0.074955	0.254303	0.000000	0.004422	0.000000	0.000000	0.000000	0.496018
55	tsk_55	(x)	1	:	0.000000	0.000000	0.000000	0.000000	0.000000	0.000000	0.201985	0.000000	0.000000	0.294743	0.503272
56	tsk_56	(x)	1	:	0.061791	0.000000	0.000000	0.304104	0.134105	0.000000	0.000000	0.500000	0.000000	0.000000	0.000000
57	tsk_57	(x)	1	:	0.003863	0.000000	0.000000	0.022050	0.008571	0.466004	0.000000	0.499512	0.000000	0.000000	0.000000
58	tsk_58	(x)	1	:	0.000000	0.000000	0.000000	0.000000	0.000000	0.000000	0.390231	0.000000	0.000000	0.609767	0.000003
59	tsk_59	(x)	1	:	0.200032	0.000000	0.000000	0.095576	0.204393	0.000000	0.499995	0.000000	0.000000	0.000001	0.000004
60	tsk_60	(x)	1	:	0.004755	0.458548	0.000000	0.002529	0.001032	0.000000	0.000000	0.461961	0.000000	0.071175	0.000000
61	tsk_61	(x)	1	:	0.311640	0.463427	0.000000	0.081418	0.143516	0.000000	0.000000	0.000000	0.000000	0.000000	0.000000
62	tsk_62	(x)	1	:	0.000000	1.000000	0.000000	0.000000	0.000000	0.000000	0.000000	0.000000	0.000000	0.000000	0.000000
63	tsk_63	(x)	1	:	0.357001	0.000000	0.000000	0.119483	0.523516	0.000000	0.000000	0.000000	0.000000	0.000000	0.000000
64	tsk_64	(x)	1	:	0.089991	0.000000	0.000000	0.324866	0.085143	0.000000	0.000000	0.500000	0.000000	0.000000	0.000000
65	tsk_65	(x)	1	:	0.000649	0.455468	0.000000	0.000566	0.002218	0.000000	0.243846	0.000000	0.000000	0.297248	0.000005
66	tsk_66	(x)	1	:	0.002147	0.455269	0.000000	0.000077	0.001453	0.000000	0.243825	0.000000	0.000000	0.297222	0.000007
67	tsk_67	(x)	1	:	0.256475	0.463427	0.000000	0.114019	0.166079	0.000000	0.000000	0.000000	0.000000	0.000000	0.000000
68	tsk_68	(x)	1	:	0.022948	0.463277	0.000000	0.014708	0.031370	0.467697	0.000000	0.000000	0.000000	0.000000	0.000000
69	tsk_69	(x)	1	:	0.000000	1.000000	0.000000	0.000000	0.000000	0.000000	0.000000	0.000000	0.000000	0.000000	0.000000
70	tsk_70	(x)	1	:	0.000000	0.000000	0.000000	0.000000	0.000000	0.000000	0.244540	0.457107	0.000000	0.298351	0.000002
71	tsk_71	(x)	1	:	0.000000	0.000000	0.000000	0.000000	0.000000	0.000000	0.000000	0.503262	0.496738	0.000000	0.000000
72	tsk_72	(x)	1	:	0.000000	0.000000	0.000000	0.000000	0.000000	0.000000	0.000000	0.000000	0.516734	0.483266	0.000000
73	tsk_73	(x)	1	:	0.000002	0.525650	0.000000	0.000000	0.000001	0.000000	0.000000	0.000019	0.474327	0.000000	0.000000
74	tsk_74	(x)	1	:	0.000000	0.000000	0.000000	0.000000	0.000000	0.000000	0.500384	0.000184	0.499418	0.000002	0.000013
75	tsk_75	(x)	1	:	0.234407	0.000000	0.000000	0.122579	0.163479	0.000000	0.000000	0.000000	0.000000	0.479535	0.000000
76	tsk_76	(x)	1	:	0.000002	0.525652	0.000000	0.000002	0.000001	0.000000	0.000000	0.000008	0.474336	0.000000	0.000000
77	tsk_77	(x)	1	:	0.177915	0.000000	0.000000	0.014091	0.328459	0.000000	0.000000	0.000000	0.000000	0.479535	0.000000
78	tsk_78	(x)	1	:	0.000000	0.000000	0.000000	0.000000	0.000000	0.000000	0.000000	0.000000	0.516734	0.483266	0.000000
79	tsk_79	(x)	1	:	0.000000	0.000000	0.000000	0.000000	0.000000	0.000000	0.203986	0.000000	0.000000	0.294082	0.501932
80	tsk_80	(x)	1	:	0.000000	0.000000	0.500003	0.000000	0.000000	0.000000	0.499860	0.000000	0.000000	0.000003	0.000133
81	tsk_81	(x)	1	:	0.000000	0.000000	0.000000	0.000000	0.000000	0.000000	0.499191	0.000000	0.000000	0.000000	0.500809
82	tsk_82	(x)	1	:	0.000000	0.000000	0.499993	0.000000	0.000000	0.000000	0.000189	0.000000	0.000000	0.000000	0.499818
83	tsk_83	(x)	1	:	0.000000	0.000000	0.000000	0.000000	0.000000	0.000000	0.499160	0.000000	0.000000	0.000000	0.500840
84	tsk_84	(x)	1	:	0.000000	0.000000	0.000000	0.000000	0.000000	0.000000	0.004198	0.131486	0.368377	0.000000	0.495939
85	tsk_85	(x)	1	:	0.271255	0.463427	0.000000	0.088649	0.176669	0.000000	0.000000	0.000000	0.000000	0.000000	0.000000
86	tsk_86	(x)	1	:	0.134616	0.463427	0.000000	0.190376	0.211581	0.000000	0.000000	0.000000	0.000000	0.000000	0.000000
87	tsk_87	(x)	1	:	0.000000	0.000000	0.000000	0.000000	0.000000	0.000000	0.499822	0.131166	0.368999	0.000011	0.000001
88	tsk_88	(x)	1	:	0.182052	0.000000	0.000000	0.079689	0.237900	0.000000	0.003604	0.000000	0.000000	0.000000	0.496754
89	tsk_89	(x)	1	:	0.000000	0.000000	0.000000	0.000000	0.000000	0.000000	0.000000	0.000000	0.000000	0.000000	1.000000
90	tsk_90	(x)	1	:	0.093482	0.000000	0.000000	0.163446	0.243701	0.000000	0.000000	0.000695	0.498676	0.000000	0.000000
91	tsk_91	(x)	1	:	0.042831	0.000000	0.000000	0.101951	0.031026	0.324174	0.000000	0.500018	0.000000	0.000000	0.000000
92	tsk_92	(x)	1	:	0.000000	0.000000	0.500000	0.000000	0.000000	0.000000	0.000000	0.500000	0.000000	0.000000	0.000000
93	tsk_93	(x)	1	:	0.111856	0.000000	0.000000	0.194106	0.194693	0.000000	0.000000	0.000604	0.498742	0.000000	0.000000
94	tsk_94	(x)	1	:	0.103581	0.000000	0.000000	0.114643	0.313758	0.468018	0.000000	0.000000	0.000000	0.000000	0.000000
95	tsk_95	(x)	1	:	0.000000	0.000000	0.000000	0.000000	0.000000	0.000000	0.000000	1.000000	0.000000	0.000000	0.000000
96	tsk_96	(x)	1	:	0.194840	0.000000	0.000000	0.139306	0.165855	0.000000	0.499985	0.000000	0.000000	0.000003	0.000011
97	tsk_97	(x)	1	:	0.119205	0.000000	0.000000	0.257643	0.123080	0.000000	0.000000	0.292893	0.207178	0.000000	0.000000
98	tsk_98	(x)	1	:	0.000000	0.000000	0.000000	0.000000	0.000000	0.000000	0.500393	0.000162	0.499436	0.000001	0.000008
99	tsk_99	(x)	1	:	0.044680	0.000000	0.000000	0.308241	0.147079	0.000000	0.000000	0.500000	0.000000	0.000000	0.000000
100	tsk_100	(x)	1	:	0.164053	0.000000	0.000000	0.179658	0.156289	0.000000	0.000000	0.500000	0.000000	0.000000	0.000000
101	tsk_101	(x)	1	:	0.079232	0.000000	0.000000	0.250541	0.170227	0.000000	0.000000	0.500000	0.000000	0.000000	0.000000
102	tsk_102	(x)	1	:	0.044088	0.000000	0.000000	0.331213	0.124698	0.000000	0.000000	0.500000	0.000000	0.000000	0.000000
103	tsk_103	(x)	1	:	0.178006	0.000000	0.000000	0.091706	0.230288	0.000000	0.499989	0.000000	0.000000	0.000003	0.000008
104	tsk_104	(x)	1	:	0.223247	0.000000	0.000000	0.383102	0.393650	0.000000	0.000000	0.000000	0.000000	0.000000	0.000000
105	tsk_105	(x)	1	:	0.000000	0.000000	0.000000	0.000000	0.000000	0.000000	0.000000	1.000000	0.000000	0.000000	0.000000
106	tsk_106	(x)	1	:	0.046514	0.000000	0.000000	0.300085	0.153402	0.000000	0.000000	0.500000	0.000000	0.000000	0.000000
107	tsk_107	(x)	1	:	0.002358	0.455455	0.000000	0.000092	0.000999	0.000000	0.243850	0.000000	0.000000	0.297244	0.000001
108	tsk_108	(x)	1	:	0.018222	0.000000	0.000000	0.105735	0.051871	0.324159	0.000000	0.500012	0.000000	0.000000	0.000000
109	tsk_109	(x)	1	:	0.227813	0.000000	0.000000	0.434464	0.337722	0.000000	0.000000	0.000000	0.000000	0.000000	0.000000
110	tsk_110	(x)	1	:	0.118138	0.000000	0.000000	0.115528	0.223441	0.000000	0.244530	0.000000	0.000000	0.298355	0.000008
111	tsk_111	(x)	1	:	0.232204	0.000000	0.000000	0.360378	0.407418	0.000000	0.000000	0.000000	0.000000	0.000000	0.000000
112	tsk_112	(x)	1	:	0.031479	0.000000	0.000000	0.380356	0.088165	0.000000	0.000000	0.500000	0.000000	0.000000	0.000000
113	tsk_113	(x)	1	:	0.146501	0.000000	0.000000	0.067857	0.242749	0.000000	0.244540	0.000000	0.000000	0.298351	0.000002
114	tsk_114	(x)	1	:	0.000000	0.000000	0.000000	0.000000	0.000000	0.000000	0.707011	0.000000	0.000000	0.292981	0.000008
115	tsk_115	(x)	1	:	0.174181	0.000000	0.000000	0.074733	0.251087	0.000000	0.499988	0.000000	0.000000	0.000003	0.000009
116	tsk_116	(x)	1	:	0.184360	0.000000	0.000000	0.061181	0.274924	0.000000	0.000000	0.000000	0.000000	0.479535	0.000000
117	tsk_117	(x)	1	:	0.148464	0.000000	0.000000	0.121737	0.229799	0.000000	0.499992	0.000000	0.000000	0.000003	0.000005
118	tsk_118	(x)	1	:	0.000000	0.482145	0.000000	0.000000	0.000000	0.000000	0.235752	0.000000	0.000000	0.282103	0.000000
119	tsk_119	(x)	1	:	0.000000	0.000000	0.000000	0.000000	0.000000	0.000000	0.244539	0.457107	0.000000	0.298351	0.000002
120	tsk_120	(x)	1	:	0.000000	0.000000	0.000000	0.000000	0.000000	0.000000	0.640144	0.000000	0.000000	0.359854	0.000002
121	tsk_121	(x)	1	:	0.120811	0.000000	0.000000	0.127638	0.272016	0.000000	0.000000	0.000000	0.000000	0.479535	0.000000
122	tsk_122	(x)	1	:	0.163581	0.000000	0.000000	0.093719	0.242383	0.000000	0.003182	0.000000	0.000000	0.000000	0.497134
123	tsk_123	(x)	1	:	0.000000	0.000000	0.000000	0.000000	0.000000	0.000000	0.023499	0.000000	0.000000	0.976501	0.000000
124	tsk_124	(x)	1	:	0.144234	0.000000	0.000000	0.096021	0.280209	0.000000	0.000000	0.000000	0.000000	0.479535	0.000000
125	tsk_125	(x)	1	:	0.130992	0.000000	0.000000	0.400271	0.468737	0.000000	0.000000	0.000000	0.000000	0.000000	0.000000
126	tsk_126	(x)	1	:	0.197366	0.000000	0.000000	0.106664	0.216435	0.000000	0.000000	0.000000	0.000000	0.479535	0.000000
127	tsk_127	(x)	1	:	0.138253	0.000000	0.000000	0.371922	0.489825	0.000000	0.000000	0.000000	0.000000	0.000000	0.000000
128	tsk_128	(x)	1	:	0.002941	0.000000	0.500000	0.494393	0.002666	0.000000	0.000000	0.000000	0.000000	0.000000	0.000000
129	tsk_129	(x)	1	:	0.000000	0.000000	0.000000	0.000000	0.000000	0.000000	0.023116	0.000000	0.000000	0.976884	0.000000
130	tsk_130	(x)	1	:	0.000000	0.000000	0.000000	0.000000	0.000000	0.000000	0.499194	0.000000	0.000000	0.000000	0.500806
131	tsk_131	(x)	1	:	0.017535	0.463271	0.000000	0.002911	0.016318	0.000000	0.499960	0.000000	0.000000	0.000002	0.000005
132	tsk_132	(x)	1	:	0.000000	0.000000	0.000000	0.000000	0.000000	0.000000	0.999984	0.000000	0.000000	0.000000	0.000016
133	tsk_133	(x)	1	:	0.000000	0.000000	0.000000	0.000000	0.000000	0.000000	0.707012	0.000000	0.000000	0.292981	0.000008
134	tsk_134	(x)	1	:	0.000000	0.000000	0.000000	0.000000	0.000000	0.000000	0.999992	0.000000	0.000000	0.000000	0.000007
135	tsk_135	(x)	1	:	0.000000	0.000000	0.000000	0.000000	0.000000	0.000000	0.999989	0.000000	0.000000	0.000000	0.000011
136	tsk_136	(x)	1	:	0.000000	0.000000	0.000000	0.000000	0.000000	0.000000	0.999985	0.000000	0.000000	0.000000	0.000014
137	tsk_137	(x)	1	:	0.000000	0.000000	0.000000	0.000000	0.000000	0.000000	0.202249	0.000000	0.000000	0.294656	0.503095
138	tsk_138	(x)	1	:	0.000000	0.000000	0.000000	0.000000	0.000000	0.000000	0.499177	0.000000	0.000000	0.000000	0.500823
139	tsk_139	(x)	1	:	0.010939	0.000000	0.000000	0.009126	0.013282	0.466784	0.499861	0.000000	0.000000	0.000003	0.000005
140	tsk_140	(x)	1	:	0.026006	0.463244	0.000000	0.003533	0.007257	0.000000	0.499947	0.000000	0.000000	0.000004	0.000010
141	tsk_141	(x)	1	:	0.015334	0.463207	0.000000	0.008433	0.013135	0.000000	0.000000	0.499891	0.000000	0.000000	0.000000
142	tsk_142	(x)	1	:	0.000000	0.000000	0.000000	0.000000	0.000000	0.000000	0.999991	0.000000	0.000000	0.000000	0.000009
143	tsk_143	(x)	1	:	0.000000	1.000000	0.000000	0.000000	0.000000	0.000000	0.000000	0.000000	0.000000	0.000000	0.000000
144	tsk_144	(x)	1	:	0.154830	0.000000	0.000000	0.070925	0.231351	0.000000	0.244534	0.000000	0.000000	0.298353	0.000005
145	tsk_145	(x)	1	:	0.000000	0.000000	0.000000	0.000000	0.000000	0.000000	0.999986	0.000000	0.000000	0.000000	0.000014
146	tsk_146	(x)	1	:	0.000000	0.000000	0.000000	0.000000	0.000000	0.000000	0.999995	0.000000	0.000000	0.000000	0.000005
147	tsk_147	(x)	1	:	0.000000	1.000000	0.000000	0.000000	0.000000	0.000000	0.000000	0.000000	0.000000	0.000000	0.000000
148	tsk_148	(x)	1	:	0.000000	0.000000	0.000000	0.000000	0.000000	0.000000	0.999993	0.000000	0.000000	0.000000	0.000007
149	tsk_149	(x)	1	:	0.000002	0.525652	0.000000	0.000001	0.000001	0.000000	0.000000	0.000008	0.474336	0.000000	0.000000
