logL = -1814.406749 (converged)
AIC = 7228.813499
BIC = 12647.957028

count.K
24 28 11 0 9 1 26 13 8 30 

