logL = -1557.547814 (converged)
AIC = 4815.095627
BIC = 7374.135627

count.K
18 50 41 28 13 

