logL = -2206.037370 (converged)
AIC = 4940.074740
BIC = 5734.882458

count.K
138 12 

