logL = -2285.003623 (converged)
AIC = 8014.007247
BIC = 13198.321223

count.K
19 37 8 12 18 3 30 15 8 

