logL = -1279.646448 (converged)
AIC = 4515.292895
BIC = 7459.694213

count.K
12 12 29 18 41 38 

