logL = -646.120974 (converged)
AIC = 6512.241948
BIC = 14370.000066

count.K
7 9 0 2 4 2 41 8 19 2 5 4 11 35 1 

