logL = -1948.507951 (converged)
AIC = 5567.015901
BIC = 8080.896372

count.K
47 33 24 30 16 

