logL = -1026.420643 (converged)
AIC = 6168.841285
BIC = 12364.728721

count.K
28 1 19 18 2 6 2 58 4 8 1 3 

