logL = -525.849427 (converged)
AIC = 3647.698854
BIC = 7555.503465

count.K
7 2 10 75 2 3 34 17 

