logL = -1128.954615 (converged)
AIC = 4273.909230
BIC = 7308.629606

count.K
33 47 39 7 21 3 

