logL = -1804.544198 (converged)
AIC = 7309.088396
BIC = 12878.763690

count.K
20 7 36 3 12 9 15 5 30 13 

