logL = -1359.306425 (converged)
AIC = 7794.612849
BIC = 15435.605226

count.K
6 1 1 10 15 16 22 39 22 1 7 8 0 2 

