logL = -1772.068668 (converged)
AIC = 3988.137336
BIC = 4656.498372

count.K
17 133 

