logL = -2718.497999 (converged)
AIC = 9176.995998
BIC = 14806.883998

count.K
11 24 13 11 17 3 15 10 13 33 

