logL = -1306.166205 (converged)
AIC = 6052.332409
BIC = 11230.625115

count.K
1 7 34 63 4 6 4 9 5 17 

