logL = -1737.509051 (converged)
AIC = 7095.018102
BIC = 12544.267984

count.K
14 11 22 13 12 26 7 12 18 15 

