logL = -2508.657828 (converged)
AIC = 11017.315656
BIC = 20049.221538

count.K
6 2 7 20 11 5 9 16 1 20 16 1 20 4 12 

