logL = -1901.905152 (converged)
AIC = 4649.810304
BIC = 5923.309034

count.K
51 57 42 

