logL = -739.957944 (converged)
AIC = 2635.915887
BIC = 4376.063087

count.K
38 11 88 13 

