logL = -2249.087546 (converged)
AIC = 9118.175091
BIC = 16072.742621

count.K
16 11 14 1 9 21 12 28 17 7 14 0 

