0	tsk_0	(x)	1	:	0.000000	0.000000	0.000000	0.000000	0.000000	0.000000	0.005872	0.000000	0.011778	0.000000	0.000000	0.000000	0.273088	0.709261	0.000000
1	tsk_1	(x)	1	:	0.000000	0.000000	0.000000	0.000000	0.000000	0.000000	0.000000	0.000000	0.000000	1.000000	0.000000	0.000000	0.000000	0.000000	0.000000
2	tsk_2	(x)	1	:	0.000000	0.000000	0.000000	0.000000	0.000000	0.000000	0.000000	0.000000	0.000000	0.485421	0.000000	0.000000	0.000000	0.000000	0.514579
3	tsk_3	(x)	1	:	0.000000	0.000000	0.000000	0.000000	0.000000	0.000000	0.000000	0.000000	0.000000	0.485421	0.000000	0.000000	0.000000	0.000000	0.514579
4	tsk_4	(x)	1	:	0.000000	0.000000	0.000000	0.000000	0.000000	0.000000	0.000000	0.000000	0.000000	1.000000	0.000000	0.000000	0.000000	0.000000	0.000000
5	tsk_5	(x)	1	:	0.000000	0.000000	0.015938	0.000000	0.000000	0.000000	0.024633	0.000000	0.293482	0.000000	0.000000	0.484279	0.181667	0.000000	0.000000
6	tsk_6	(x)	1	:	0.000000	0.000000	0.015024	0.000000	0.000000	0.000000	0.000230	0.000000	0.000376	0.001083	0.000000	0.484530	0.000734	0.000000	0.498023
7	tsk_7	(x)	1	:	0.000000	0.000000	0.000000	0.000000	0.000000	0.000000	0.000000	0.000000	0.000000	0.485421	0.000000	0.000000	0.000000	0.000000	0.514579
8	tsk_8	(x)	1	:	0.000000	0.000000	0.000000	0.000000	0.000000	0.000000	0.348856	0.000000	0.003778	0.001955	0.000000	0.000000	0.146721	0.000000	0.498690
9	tsk_9	(x)	1	:	0.000000	0.000000	0.000000	0.000000	0.000000	0.000000	0.000000	0.000000	0.000000	0.000000	0.000000	1.000000	0.000000	0.000000	0.000000
10	tsk_10	(x)	1	:	1.000000	0.000000	0.000000	0.000000	0.000000	0.000000	0.000000	0.000000	0.000000	0.000000	0.000000	0.000000	0.000000	0.000000	0.000000
11	tsk_11	(x)	1	:	0.000000	0.000000	0.000000	0.000000	0.543957	0.000000	0.000000	0.000000	0.000000	0.000018	0.000000	0.000000	0.000000	0.000000	0.456024
12	tsk_12	(x)	1	:	0.000000	0.000000	0.000000	0.000000	0.000000	0.000000	0.164879	0.000000	0.004967	0.001979	0.000000	0.000000	0.116268	0.213252	0.498655
13	tsk_13	(x)	1	:	0.470845	0.000000	0.000000	0.000000	0.000000	0.000000	0.017788	0.000000	0.001784	0.001651	0.000000	0.000000	0.008901	0.000000	0.499030
14	tsk_14	(x)	1	:	0.436829	0.000000	0.000000	0.000000	0.563171	0.000000	0.000000	0.000000	0.000000	0.000000	0.000000	0.000000	0.000000	0.000000	0.000000
15	tsk_15	(x)	1	:	0.436829	0.000000	0.000000	0.000000	0.563171	0.000000	0.000000	0.000000	0.000000	0.000000	0.000000	0.000000	0.000000	0.000000	0.000000
16	tsk_16	(x)	1	:	0.000000	0.000000	0.000000	0.486127	0.000000	0.000000	0.011432	0.000000	0.000542	0.001498	0.000000	0.000000	0.002581	0.000000	0.497819
17	tsk_17	(x)	1	:	0.000000	0.000000	0.000000	0.000000	0.633577	0.000000	0.035091	0.000000	0.038966	0.000000	0.000000	0.000000	0.292365	0.000000	0.000000
18	tsk_18	(x)	1	:	0.000000	0.496638	0.000000	0.000000	0.000000	0.000000	0.001068	0.000000	0.001439	0.000808	0.000000	0.000000	0.001441	0.000000	0.498606
19	tsk_19	(x)	1	:	0.000000	0.000000	0.000000	0.000000	1.000000	0.000000	0.000000	0.000000	0.000000	0.000000	0.000000	0.000000	0.000000	0.000000	0.000000
20	tsk_20	(x)	1	:	0.000000	0.000000	0.000000	0.485039	0.000000	0.499062	0.000283	0.000000	0.008908	0.000000	0.000000	0.000000	0.006708	0.000000	0.000000
21	tsk_21	(x)	1	:	0.000000	0.000000	0.000000	0.465139	0.000000	0.000000	0.000004	0.000000	0.000001	0.000000	0.534829	0.000000	0.000027	0.000000	0.000000
22	tsk_22	(x)	1	:	0.000000	0.000000	0.000000	0.485043	0.000000	0.499063	0.000294	0.000000	0.008908	0.000000	0.000000	0.000000	0.006693	0.000000	0.000000
23	tsk_23	(x)	1	:	0.000000	0.471126	0.000000	0.000000	0.000000	0.000000	0.000000	0.000000	0.000000	0.000000	0.528874	0.000000	0.000000	0.000000	0.000000
24	tsk_24	(x)	1	:	0.000000	0.000000	0.000000	0.486329	0.000000	0.000000	0.022532	0.000000	0.000000	0.491139	0.000000	0.000000	0.000000	0.000000	0.000000
25	tsk_25	(x)	1	:	0.000000	0.000000	0.000000	0.000000	0.000000	1.000000	0.000000	0.000000	0.000000	0.000000	0.000000	0.000000	0.000000	0.000000	0.000000
26	tsk_26	(x)	1	:	0.000000	0.544149	0.000000	0.000000	0.000000	0.000000	0.000000	0.000000	0.006945	0.000000	0.000000	0.000000	0.009192	0.439714	0.000000
27	tsk_27	(x)	1	:	0.000000	0.495245	0.000000	0.000000	0.000000	0.504755	0.000000	0.000000	0.000000	0.000000	0.000000	0.000000	0.000000	0.000000	0.000000
28	tsk_28	(x)	1	:	0.000000	0.497081	0.000000	0.000000	0.000000	0.000000	0.002241	0.000000	0.063025	0.000000	0.000000	0.000000	0.056203	0.381450	0.000000
29	tsk_29	(x)	1	:	0.000000	0.496156	0.000000	0.485382	0.000000	0.000000	0.000273	0.000000	0.009336	0.000000	0.000000	0.000000	0.008853	0.000000	0.000000
30	tsk_30	(x)	1	:	0.000000	0.000000	0.000000	0.000000	0.000000	0.000000	0.309424	0.000000	0.088516	0.000000	0.000000	0.000000	0.602060	0.000000	0.000000
31	tsk_31	(x)	1	:	0.000000	0.000000	0.000000	0.000000	0.000000	0.000000	0.000000	0.000000	0.000000	1.000000	0.000000	0.000000	0.000000	0.000000	0.000000
32	tsk_32	(x)	1	:	0.000000	0.000000	0.000000	0.000000	0.000000	0.000000	0.384207	0.000000	0.022407	0.492703	0.000000	0.000000	0.100682	0.000000	0.000000
33	tsk_33	(x)	1	:	0.000000	0.000000	0.000000	0.000000	0.000000	0.000000	0.058418	0.000000	0.031771	0.000000	0.000000	0.000000	0.331110	0.578701	0.000000
34	tsk_34	(x)	1	:	0.000000	0.000000	0.000000	0.000000	0.000000	0.000000	0.000006	0.000000	0.000000	0.454560	0.000000	0.000000	0.000001	0.545433	0.000000
35	tsk_35	(x)	1	:	0.000000	0.000000	0.000000	0.000000	0.000000	0.000000	0.148886	0.000000	0.118195	0.000000	0.000000	0.000000	0.732919	0.000000	0.000000
36	tsk_36	(x)	1	:	0.000000	0.000000	0.499718	0.000000	0.000000	0.000000	0.006032	0.000000	0.001698	0.491851	0.000000	0.000000	0.000700	0.000000	0.000000
37	tsk_37	(x)	1	:	0.000000	0.000000	0.000000	0.000000	0.000000	0.000000	0.448501	0.000000	0.005151	0.492703	0.000000	0.000000	0.053645	0.000000	0.000000
38	tsk_38	(x)	1	:	0.000000	0.000000	0.500000	0.000000	0.000000	0.000000	0.011521	0.000000	0.193776	0.000000	0.000000	0.000000	0.294703	0.000000	0.000000
39	tsk_39	(x)	1	:	0.000000	0.000000	0.000000	0.000000	0.000000	0.000000	0.183282	0.000000	0.054611	0.000000	0.000000	0.000000	0.762107	0.000000	0.000000
40	tsk_40	(x)	1	:	0.000000	0.000000	0.000000	0.000000	0.000000	0.499846	0.006371	0.000000	0.001544	0.492239	0.000000	0.000000	0.000000	0.000000	0.000000
41	tsk_41	(x)	1	:	0.000000	0.000000	0.000000	0.000000	0.000000	0.000000	0.000000	0.000000	0.000000	0.000000	1.000000	0.000000	0.000000	0.000000	0.000000
42	tsk_42	(x)	1	:	0.000000	0.000000	0.024316	0.000000	0.000000	0.000000	0.000000	0.000000	0.000000	0.000000	0.490611	0.485073	0.000000	0.000000	0.000000
43	tsk_43	(x)	1	:	0.000000	0.000000	0.002846	0.000000	0.000000	0.000000	0.000000	0.000000	0.000000	0.000000	0.522515	0.474638	0.000000	0.000000	0.000000
44	tsk_44	(x)	1	:	0.000000	0.000000	0.024318	0.000000	0.000000	0.000000	0.000000	0.000000	0.000000	0.000000	0.490611	0.485071	0.000000	0.000000	0.000000
45	tsk_45	(x)	1	:	0.000000	0.000000	0.000000	0.000000	0.000000	0.000000	0.000000	0.000000	0.000000	0.000000	0.502759	0.000000	0.000000	0.497241	0.000000
46	tsk_46	(x)	1	:	0.000000	0.000000	0.000000	0.000000	0.000000	0.000000	0.000000	0.000000	0.000000	0.000000	1.000000	0.000000	0.000000	0.000000	0.000000
47	tsk_47	(x)	1	:	0.000000	0.000000	0.000000	0.000000	0.000000	0.000000	0.000000	0.000000	0.000000	0.000000	0.459555	0.000000	0.000001	0.540444	0.000000
48	tsk_48	(x)	1	:	0.000000	0.000000	0.000000	0.000000	0.000000	0.000000	0.000000	0.000000	0.000000	0.000000	1.000000	0.000000	0.000000	0.000000	0.000000
49	tsk_49	(x)	1	:	0.000000	0.000000	0.000000	0.000000	0.000000	0.000000	0.000000	0.000000	0.000000	0.000000	1.000000	0.000000	0.000000	0.000000	0.000000
50	tsk_50	(x)	1	:	0.000000	0.000000	0.000000	0.000000	0.000000	0.499242	0.001175	0.000000	0.000473	0.001014	0.000000	0.000000	0.000301	0.000000	0.497796
51	tsk_51	(x)	1	:	0.000000	0.000000	0.000000	0.000000	0.000000	0.499353	0.000693	0.000000	0.000459	0.001227	0.000000	0.000000	0.000393	0.000000	0.497875
52	tsk_52	(x)	1	:	0.000000	0.000000	0.016538	0.000000	0.000000	0.499577	0.000000	0.000000	0.000000	0.000000	0.000000	0.483885	0.000000	0.000000	0.000000
53	tsk_53	(x)	1	:	0.000000	0.000000	0.000000	0.000000	0.000000	0.499725	0.006654	0.000000	0.001007	0.491872	0.000000	0.000000	0.000740	0.000000	0.000000
54	tsk_54	(x)	1	:	0.000000	0.000000	0.000000	0.000000	0.000000	0.499854	0.007070	0.000000	0.000628	0.492260	0.000000	0.000000	0.000188	0.000000	0.000000
55	tsk_55	(x)	1	:	0.000000	0.000000	0.500000	0.000000	0.000000	0.500000	0.000000	0.000000	0.000000	0.000000	0.000000	0.000000	0.000000	0.000000	0.000000
56	tsk_56	(x)	1	:	0.000000	0.000000	0.000000	0.000000	0.418720	0.500005	0.008069	0.000000	0.021298	0.000000	0.000000	0.000000	0.051908	0.000000	0.000000
57	tsk_57	(x)	1	:	0.000000	0.000000	0.000000	0.000000	0.000000	0.000000	0.000000	0.000000	0.000000	1.000000	0.000000	0.000000	0.000000	0.000000	0.000000
58	tsk_58	(x)	1	:	0.000000	0.000000	0.000000	0.000000	0.476618	0.000000	0.000000	0.224428	0.000000	0.298954	0.000000	0.000000	0.000000	0.000000	0.000000
59	tsk_59	(x)	1	:	0.000000	0.000000	1.000000	0.000000	0.000000	0.000000	0.000000	0.000000	0.000000	0.000000	0.000000	0.000000	0.000000	0.000000	0.000000
60	tsk_60	(x)	1	:	0.000000	0.000000	0.000000	0.000000	0.000000	0.000000	0.067467	0.000000	0.145555	0.000000	0.000000	0.000000	0.347254	0.439723	0.000000
61	tsk_61	(x)	1	:	0.000000	0.000000	0.500000	0.000000	0.000000	0.000000	0.006969	0.000000	0.118910	0.000000	0.000000	0.000000	0.374120	0.000000	0.000000
62	tsk_62	(x)	1	:	0.000000	0.496169	0.000000	0.485414	0.000000	0.000000	0.000528	0.000000	0.013278	0.000000	0.000000	0.000000	0.004612	0.000000	0.000000
63	tsk_63	(x)	1	:	0.000000	0.000000	0.000000	0.000000	0.000000	0.000000	0.000000	0.000000	0.000000	0.000000	0.000000	1.000000	0.000000	0.000000	0.000000
64	tsk_64	(x)	1	:	0.000000	0.000000	0.000000	1.000000	0.000000	0.000000	0.000000	0.000000	0.000000	0.000000	0.000000	0.000000	0.000000	0.000000	0.000000
65	tsk_65	(x)	1	:	0.000000	0.000000	0.000000	0.000000	0.000000	0.000000	0.037846	0.000000	0.226158	0.000000	0.481399	0.000000	0.254597	0.000000	0.000000
66	tsk_66	(x)	1	:	0.000000	0.000000	0.015849	0.000000	0.000000	0.000000	0.018325	0.000000	0.124053	0.000000	0.000000	0.484356	0.357417	0.000000	0.000000
67	tsk_67	(x)	1	:	0.000000	0.000000	0.000000	0.000000	0.000000	0.000000	0.000000	0.000000	0.106687	0.000000	0.000000	0.532374	0.360939	0.000000	0.000000
68	tsk_68	(x)	1	:	0.000000	0.000000	0.500000	0.000000	0.000000	0.000000	0.013310	0.000000	0.198674	0.000000	0.000000	0.000000	0.288015	0.000000	0.000000
69	tsk_69	(x)	1	:	0.000000	0.000000	0.024323	0.000000	0.000000	0.000000	0.000000	0.000000	0.000000	0.000000	0.490610	0.485067	0.000000	0.000000	0.000000
70	tsk_70	(x)	1	:	0.000000	0.000000	0.000000	0.000000	0.000000	0.000000	0.000000	0.411495	0.000000	0.360998	0.000000	0.000000	0.000000	0.000000	0.227507
71	tsk_71	(x)	1	:	0.000000	0.000000	0.000000	0.000000	0.000000	0.000000	0.050240	0.000000	0.000316	0.467641	0.480963	0.000000	0.000839	0.000000	0.000000
72	tsk_72	(x)	1	:	0.000000	0.000000	0.000000	0.000000	0.418038	0.000000	0.048218	0.000000	0.006620	0.001873	0.000000	0.000000	0.026728	0.000000	0.498523
73	tsk_73	(x)	1	:	0.133654	0.000000	0.000000	0.000000	0.000000	0.440340	0.000000	0.000000	0.000000	0.000006	0.000000	0.000000	0.000000	0.000000	0.426000
74	tsk_74	(x)	1	:	0.000000	0.000000	0.000000	0.000000	0.000000	0.000000	0.015654	0.000000	0.000027	0.595848	0.000000	0.000000	0.006795	0.381677	0.000000
75	tsk_75	(x)	1	:	0.000000	0.000000	0.000000	0.000000	0.000000	0.000000	0.181907	0.000000	0.006074	0.000000	0.484362	0.000000	0.003157	0.000000	0.324500
76	tsk_76	(x)	1	:	0.201972	0.000000	0.000000	0.000000	0.000000	0.000000	0.000000	0.000000	0.000000	0.000018	0.353633	0.000000	0.000000	0.000000	0.444377
77	tsk_77	(x)	1	:	0.000000	0.000000	0.000000	0.000000	0.418148	0.000000	0.059577	0.000000	0.004478	0.001547	0.000000	0.000000	0.017472	0.000000	0.498778
78	tsk_78	(x)	1	:	0.000000	0.000000	0.000000	0.000000	0.000000	0.000000	0.000000	0.000000	0.000000	0.485421	0.000000	0.000000	0.000000	0.000000	0.514579
79	tsk_79	(x)	1	:	0.000000	0.000000	0.000000	0.000000	0.000000	0.000000	0.050360	0.000000	0.000100	0.467642	0.480964	0.000000	0.000934	0.000000	0.000000
80	tsk_80	(x)	1	:	0.000000	0.000000	0.499961	0.000000	0.000000	0.000000	0.000650	0.000000	0.015575	0.000000	0.000000	0.000000	0.044182	0.439632	0.000000
81	tsk_81	(x)	1	:	0.000000	0.000000	0.000000	0.000000	0.000000	0.000000	0.000000	0.000000	0.000000	0.000000	0.000000	0.000000	0.000000	1.000000	0.000000
82	tsk_82	(x)	1	:	0.000000	0.000000	0.500000	0.000000	0.000000	0.500000	0.000000	0.000000	0.000000	0.000000	0.000000	0.000000	0.000000	0.000000	0.000000
83	tsk_83	(x)	1	:	0.000000	0.000000	0.000000	0.000000	0.000000	0.000000	0.022451	0.000000	0.016510	0.000000	0.000000	0.000000	0.070152	0.890886	0.000000
84	tsk_84	(x)	1	:	0.000000	0.000000	0.480914	0.000000	0.000000	0.000000	0.000000	0.000000	0.000000	0.000000	0.000000	0.000000	0.000000	0.519086	0.000000
85	tsk_85	(x)	1	:	0.000000	0.000000	0.000000	0.000000	0.000000	0.000000	0.220525	0.000000	0.000916	0.000000	0.000000	0.000000	0.005612	0.439662	0.333285
86	tsk_86	(x)	1	:	0.000000	0.000000	0.000000	0.515847	0.000000	0.000000	0.000000	0.000000	0.000000	0.000000	0.000000	0.000000	0.000000	0.484153	0.000000
87	tsk_87	(x)	1	:	0.000000	0.000000	0.000000	0.000000	0.000000	0.000000	0.009504	0.000000	0.013184	0.000000	0.000000	0.000000	0.086426	0.890886	0.000000
88	tsk_88	(x)	1	:	0.000000	0.000000	0.000000	0.000000	0.000000	0.000000	0.000000	0.000000	0.000000	0.000000	0.000000	0.000000	0.000000	1.000000	0.000000
89	tsk_89	(x)	1	:	0.000000	0.000000	0.500005	0.000000	0.418721	0.000000	0.001271	0.000000	0.024870	0.000000	0.000000	0.000000	0.055133	0.000000	0.000000
90	tsk_90	(x)	1	:	0.000000	0.497163	0.000000	0.000000	0.418780	0.000000	0.002657	0.000000	0.036212	0.000000	0.000000	0.000000	0.045188	0.000000	0.000000
91	tsk_91	(x)	1	:	0.000000	0.000000	0.000000	0.000000	0.418039	0.000000	0.027492	0.000000	0.003273	0.001841	0.000000	0.000000	0.050810	0.000000	0.498544
92	tsk_92	(x)	1	:	0.000000	0.497085	0.000000	0.241159	0.000000	0.000000	0.005096	0.000000	0.138820	0.000000	0.000000	0.000000	0.117842	0.000000	0.000000
93	tsk_93	(x)	1	:	0.000000	0.000000	0.000000	0.000000	0.000000	0.000000	0.293228	0.000000	0.001419	0.001839	0.000000	0.000000	0.204745	0.000000	0.498767
94	tsk_94	(x)	1	:	0.000000	0.000000	0.000000	0.000000	0.419240	0.000000	0.123148	0.000000	0.037860	0.000000	0.000000	0.000000	0.419752	0.000000	0.000000
95	tsk_95	(x)	1	:	0.000000	0.497146	0.000000	0.000000	0.000000	0.000000	0.007865	0.000000	0.155056	0.000000	0.000000	0.000000	0.339932	0.000000	0.000000
96	tsk_96	(x)	1	:	0.000000	0.000000	0.000000	0.000000	0.000000	0.000000	0.000000	0.000000	0.000000	0.000000	0.000000	0.000000	0.000000	1.000000	0.000000
97	tsk_97	(x)	1	:	0.000000	0.497164	0.000000	0.000000	0.418784	0.000000	0.002796	0.000000	0.064572	0.000000	0.000000	0.000000	0.016683	0.000000	0.000000
98	tsk_98	(x)	1	:	0.000000	0.496781	0.000000	0.000000	0.000000	0.000000	0.002184	0.000000	0.000641	0.001186	0.000000	0.000000	0.000620	0.000000	0.498589
99	tsk_99	(x)	1	:	0.000000	1.000000	0.000000	0.000000	0.000000	0.000000	0.000000	0.000000	0.000000	0.000000	0.000000	0.000000	0.000000	0.000000	0.000000
100	tsk_100	(x)	1	:	0.000000	0.000000	0.000000	0.000000	0.419240	0.000000	0.094114	0.000000	0.063519	0.000000	0.000000	0.000000	0.423127	0.000000	0.000000
101	tsk_101	(x)	1	:	0.470710	0.000000	0.000000	0.000000	0.000000	0.000000	0.035201	0.000000	0.000824	0.492711	0.000000	0.000000	0.000554	0.000000	0.000000
102	tsk_102	(x)	1	:	0.000000	0.000000	0.000000	0.000000	0.000000	0.000000	0.000000	0.000000	0.000000	1.000000	0.000000	0.000000	0.000000	0.000000	0.000000
103	tsk_103	(x)	1	:	0.000000	0.000000	0.000000	0.000000	0.618288	0.000000	0.049161	0.000000	0.068444	0.000000	0.000000	0.000000	0.264107	0.000000	0.000000
104	tsk_104	(x)	1	:	0.000000	0.000000	0.000000	0.000002	0.538733	0.000000	0.000002	0.000000	0.000000	0.000057	0.000000	0.000000	0.000000	0.000000	0.461206
105	tsk_105	(x)	1	:	0.000000	0.000000	0.000000	0.240843	0.000000	0.000000	0.245265	0.000000	0.009655	0.492112	0.000000	0.000000	0.012124	0.000000	0.000000
106	tsk_106	(x)	1	:	0.487368	0.000000	0.512632	0.000000	0.000000	0.000000	0.000000	0.000000	0.000000	0.000000	0.000000	0.000000	0.000000	0.000000	0.000000
107	tsk_107	(x)	1	:	0.000000	0.000000	0.000000	0.000000	0.420047	0.000000	0.030075	0.000000	0.018982	0.000000	0.000000	0.000000	0.090502	0.440394	0.000000
108	tsk_108	(x)	1	:	0.000000	0.497146	0.000000	0.000000	0.000000	0.000000	0.016148	0.000000	0.151637	0.000000	0.000000	0.000000	0.335068	0.000000	0.000000
109	tsk_109	(x)	1	:	0.000000	0.000000	0.000000	0.000000	0.000000	0.000000	0.209200	0.000000	0.150103	0.000000	0.000000	0.000000	0.640697	0.000000	0.000000
110	tsk_110	(x)	1	:	0.000000	0.000000	0.500000	0.000000	0.000000	0.000000	0.005007	0.000000	0.076418	0.000000	0.000000	0.000000	0.418575	0.000000	0.000000
111	tsk_111	(x)	1	:	0.000000	0.000000	0.500000	0.000000	0.000000	0.500000	0.000000	0.000000	0.000000	0.000000	0.000000	0.000000	0.000000	0.000000	0.000000
112	tsk_112	(x)	1	:	0.000000	0.000000	0.499285	0.000000	0.000000	0.000000	0.000816	0.000000	0.000127	0.001061	0.000000	0.000000	0.000857	0.000000	0.497853
113	tsk_113	(x)	1	:	0.000000	0.000000	0.000000	0.000000	0.000000	0.499960	0.000746	0.000000	0.037022	0.000000	0.000000	0.000000	0.022641	0.439630	0.000000
114	tsk_114	(x)	1	:	0.000000	0.000000	0.016044	0.000000	0.000000	0.000000	0.017061	0.000000	0.233022	0.000000	0.000000	0.484188	0.249686	0.000000	0.000000
115	tsk_115	(x)	1	:	0.470684	0.000000	0.000000	0.000000	0.000000	0.000000	0.012645	0.000000	0.054499	0.000000	0.000000	0.000000	0.248929	0.213244	0.000000
116	tsk_116	(x)	1	:	0.000000	0.000000	0.500000	0.000000	0.000000	0.500000	0.000000	0.000000	0.000000	0.000000	0.000000	0.000000	0.000000	0.000000	0.000000
117	tsk_117	(x)	1	:	0.000000	0.000000	0.500000	0.000000	0.000000	0.000000	0.006973	0.000000	0.192614	0.000000	0.000000	0.000000	0.300413	0.000000	0.000000
118	tsk_118	(x)	1	:	0.000000	0.000000	0.000000	0.000000	0.000000	0.000000	0.000000	0.000000	0.000000	0.000000	0.000000	0.000000	0.000000	0.000000	1.000000
119	tsk_119	(x)	1	:	0.000000	0.000000	0.000000	0.000000	0.000000	0.480914	0.000000	0.000000	0.000000	0.000000	0.000000	0.000000	0.000000	0.519086	0.000000
120	tsk_120	(x)	1	:	0.000000	0.000000	0.499285	0.000000	0.000000	0.000000	0.000746	0.000000	0.000574	0.001095	0.000000	0.000000	0.000471	0.000000	0.497829
121	tsk_121	(x)	1	:	0.000000	0.000000	0.486566	0.000000	0.000000	0.000000	0.000000	0.379862	0.000000	0.000000	0.000000	0.000000	0.000000	0.000000	0.133572
122	tsk_122	(x)	1	:	0.000000	0.000000	0.000000	0.000000	0.418337	0.000000	0.076830	0.000000	0.003462	0.492517	0.000000	0.000000	0.008854	0.000000	0.000000
123	tsk_123	(x)	1	:	0.000000	0.000000	0.000000	0.000000	0.000000	0.000000	0.139948	0.000000	0.009534	0.001898	0.000000	0.000000	0.349892	0.000000	0.498728
124	tsk_124	(x)	1	:	0.000000	0.000000	0.000000	0.000000	0.449196	0.000000	0.000000	0.389221	0.000000	0.000000	0.000000	0.000000	0.000005	0.000000	0.161578
125	tsk_125	(x)	1	:	0.000000	0.000000	0.000000	0.000000	1.000000	0.000000	0.000000	0.000000	0.000000	0.000000	0.000000	0.000000	0.000000	0.000000	0.000000
126	tsk_126	(x)	1	:	0.000000	0.000000	0.000000	0.000000	0.000000	0.499755	0.007853	0.000000	0.000275	0.491963	0.000000	0.000000	0.000155	0.000000	0.000000
127	tsk_127	(x)	1	:	0.000000	0.000000	0.000000	0.000000	0.418330	0.000000	0.081026	0.000000	0.000000	0.492513	0.000000	0.000000	0.008130	0.000000	0.000000
128	tsk_128	(x)	1	:	0.000000	0.000000	0.000000	0.000000	0.000000	0.000000	0.000000	0.000000	0.000000	0.485421	0.000000	0.000000	0.000000	0.000000	0.514579
129	tsk_129	(x)	1	:	0.000000	0.000000	0.000000	0.000000	0.000000	0.000000	0.047981	0.000000	0.000493	0.467636	0.480961	0.000000	0.002928	0.000000	0.000000
130	tsk_130	(x)	1	:	0.194925	0.000000	0.000000	0.000000	0.000000	0.456778	0.000000	0.000000	0.000000	0.000000	0.348297	0.000000	0.000000	0.000000	0.000000
131	tsk_131	(x)	1	:	0.000000	1.000000	0.000000	0.000000	0.000000	0.000000	0.000000	0.000000	0.000000	0.000000	0.000000	0.000000	0.000000	0.000000	0.000000
132	tsk_132	(x)	1	:	0.000000	0.000000	1.000000	0.000000	0.000000	0.000000	0.000000	0.000000	0.000000	0.000000	0.000000	0.000000	0.000000	0.000000	0.000000
133	tsk_133	(x)	1	:	0.000000	0.000000	0.000000	0.000000	0.000000	0.509324	0.000000	0.000000	0.000000	0.000000	0.490675	0.000000	0.000000	0.000000	0.000000
134	tsk_134	(x)	1	:	0.000000	0.000000	0.000000	0.000000	0.000000	0.000000	0.000000	0.000000	0.000000	0.000000	0.000000	1.000000	0.000000	0.000000	0.000000
135	tsk_135	(x)	1	:	0.000000	0.000000	0.000000	0.000000	0.000000	0.000000	0.000000	0.000000	0.000000	0.000000	1.000000	0.000000	0.000000	0.000000	0.000000
136	tsk_136	(x)	1	:	0.000000	0.494853	0.020737	0.000000	0.000000	0.000000	0.000000	0.000000	0.000000	0.000000	0.000000	0.484410	0.000000	0.000000	0.000000
137	tsk_137	(x)	1	:	0.000000	0.000000	0.499277	0.000000	0.000000	0.000000	0.000515	0.000000	0.000547	0.001088	0.000000	0.000000	0.000756	0.000000	0.497817
138	tsk_138	(x)	1	:	0.000000	0.000000	0.000000	0.000000	0.000000	0.000000	0.346456	0.000000	0.151784	0.000000	0.000000	0.000000	0.501760	0.000000	0.000000
139	tsk_139	(x)	1	:	0.000000	0.000000	0.015075	0.000000	0.000000	0.000000	0.000162	0.000000	0.000632	0.001059	0.000000	0.484502	0.000494	0.000000	0.498076
140	tsk_140	(x)	1	:	0.000000	0.000000	0.000000	0.000000	0.000000	0.499960	0.002374	0.000000	0.041269	0.000000	0.000000	0.000000	0.016765	0.439631	0.000000
141	tsk_141	(x)	1	:	0.000000	0.000000	0.000000	0.000000	0.420046	0.000000	0.013146	0.000000	0.022949	0.000000	0.000000	0.000000	0.103466	0.440393	0.000000
142	tsk_142	(x)	1	:	0.000000	0.000000	0.000000	0.000000	0.000000	0.000000	0.059470	0.000000	0.000543	0.492664	0.000000	0.000000	0.007615	0.439708	0.000000
143	tsk_143	(x)	1	:	0.000000	0.000000	0.000000	0.000000	0.420044	0.000000	0.014028	0.000000	0.014483	0.000000	0.000000	0.000000	0.111052	0.440393	0.000000
144	tsk_144	(x)	1	:	0.000000	0.000000	0.000000	0.000000	0.420095	0.000000	0.013208	0.000000	0.021214	0.000000	0.000000	0.000000	0.105066	0.440417	0.000000
145	tsk_145	(x)	1	:	0.000000	0.000000	0.000000	0.000000	0.000000	0.499961	0.001337	0.000000	0.031238	0.000000	0.000000	0.000000	0.027831	0.439633	0.000000
146	tsk_146	(x)	1	:	0.000000	0.000000	0.000000	0.000000	0.420050	0.000000	0.026447	0.000000	0.017872	0.000000	0.000000	0.000000	0.095235	0.440396	0.000000
147	tsk_147	(x)	1	:	0.000000	0.000000	0.000000	0.000000	0.000000	0.000000	0.000000	0.000000	0.000000	0.000000	0.000000	0.000000	0.000000	1.000000	0.000000
148	tsk_148	(x)	1	:	0.000000	0.000000	0.000000	0.000000	0.420087	0.000000	0.000000	0.000000	0.000000	0.000000	0.000000	0.000000	0.139500	0.440414	0.000000
149	tsk_149	(x)	1	:	0.000000	0.000000	0.000000	0.000000	0.000000	0.000000	0.064923	0.000000	0.000104	0.492665	0.000000	0.000000	0.002599	0.439709	0.000000
