0	tsk_0	(x)	1	:	0.000000	0.000000	0.000000	0.445757	0.000000	0.000000	0.554243	0.000000	0.000000	0.000000	0.000000
1	tsk_1	(x)	1	:	0.000000	0.000000	0.000000	0.000000	0.000000	0.502987	0.000000	0.497013	0.000000	0.000000	0.000000
2	tsk_2	(x)	1	:	0.000000	0.002533	0.000000	0.000000	0.000000	0.000000	0.488300	0.000000	0.000000	0.506749	0.002418
3	tsk_3	(x)	1	:	0.000000	0.000000	0.000000	0.000000	0.000000	0.000000	1.000000	0.000000	0.000000	0.000000	0.000000
4	tsk_4	(x)	1	:	0.359219	0.000000	0.000566	0.000000	0.000000	0.000000	0.000000	0.000000	0.000000	0.640215	0.000000
5	tsk_5	(x)	1	:	0.000000	0.000000	0.000000	0.588413	0.000000	0.000000	0.411587	0.000000	0.000000	0.000000	0.000000
6	tsk_6	(x)	1	:	0.000000	0.000271	0.000000	0.000000	0.000000	0.519696	0.479633	0.000000	0.000000	0.000000	0.000399
7	tsk_7	(x)	1	:	0.000000	0.344922	0.000079	0.000000	0.000000	0.497666	0.000000	0.000000	0.000000	0.000000	0.157334
8	tsk_8	(x)	1	:	0.000000	0.224390	0.000000	0.000000	0.000000	0.000000	0.000000	0.000000	0.000000	0.507320	0.268291
9	tsk_9	(x)	1	:	0.000000	0.003918	0.498965	0.000000	0.000000	0.000000	0.489172	0.000000	0.000000	0.000000	0.007946
10	tsk_10	(x)	1	:	0.000000	0.008681	0.499003	0.327208	0.000000	0.000000	0.162171	0.000000	0.000000	0.000000	0.002936
11	tsk_11	(x)	1	:	0.000000	0.314969	0.000000	0.327098	0.000000	0.000000	0.163769	0.000000	0.000000	0.000000	0.194164
12	tsk_12	(x)	1	:	0.000000	0.000000	0.546985	0.000000	0.000000	0.000000	0.000000	0.000000	0.453015	0.000000	0.000000
13	tsk_13	(x)	1	:	0.000000	0.007113	0.498975	0.327219	0.000000	0.000000	0.162042	0.000000	0.000000	0.000000	0.004651
14	tsk_14	(x)	1	:	0.000000	0.000000	0.483056	0.000000	0.516944	0.000000	0.000000	0.000000	0.000000	0.000000	0.000000
15	tsk_15	(x)	1	:	0.000000	0.007467	0.499003	0.327208	0.000000	0.000000	0.162173	0.000000	0.000000	0.000000	0.004149
16	tsk_16	(x)	1	:	0.000000	0.006500	0.498989	0.327214	0.000000	0.000000	0.162107	0.000000	0.000000	0.000000	0.005190
17	tsk_17	(x)	1	:	0.000000	0.000000	0.483056	0.000000	0.516944	0.000000	0.000000	0.000000	0.000000	0.000000	0.000000
18	tsk_18	(x)	1	:	0.000000	0.000000	0.000000	0.327080	0.590015	0.000000	0.082905	0.000000	0.000000	0.000000	0.000000
19	tsk_19	(x)	1	:	0.000000	0.000000	0.000000	0.327082	0.590016	0.000000	0.082901	0.000000	0.000000	0.000000	0.000000
20	tsk_20	(x)	1	:	0.000000	0.002750	0.499057	0.000000	0.473617	0.000000	0.014456	0.000000	0.000000	0.000000	0.010119
21	tsk_21	(x)	1	:	0.000000	0.000000	0.000000	0.554208	0.445775	0.000000	0.000017	0.000000	0.000000	0.000000	0.000000
22	tsk_22	(x)	1	:	0.000000	0.263238	0.000000	0.533798	0.000000	0.000000	0.000000	0.000000	0.000000	0.000000	0.202963
23	tsk_23	(x)	1	:	0.000000	0.198250	0.000000	0.000000	0.471523	0.000000	0.019846	0.000000	0.000000	0.000000	0.310382
24	tsk_24	(x)	1	:	0.000000	0.000000	0.489067	0.510933	0.000000	0.000000	0.000000	0.000000	0.000000	0.000000	0.000000
25	tsk_25	(x)	1	:	0.000000	0.000000	0.000000	0.512372	0.000000	0.000000	0.000000	0.487628	0.000000	0.000000	0.000000
26	tsk_26	(x)	1	:	0.000000	0.000000	0.489067	0.510933	0.000000	0.000000	0.000000	0.000000	0.000000	0.000000	0.000000
27	tsk_27	(x)	1	:	0.000000	0.000000	0.316502	0.510917	0.000000	0.172581	0.000000	0.000000	0.000000	0.000000	0.000000
28	tsk_28	(x)	1	:	0.000000	0.000000	0.000000	1.000000	0.000000	0.000000	0.000000	0.000000	0.000000	0.000000	0.000000
29	tsk_29	(x)	1	:	0.000000	0.000000	0.000000	1.000000	0.000000	0.000000	0.000000	0.000000	0.000000	0.000000	0.000000
30	tsk_30	(x)	1	:	0.000000	0.812609	0.000000	0.000000	0.000000	0.000000	0.000000	0.000000	0.000000	0.000000	0.187391
31	tsk_31	(x)	1	:	0.000000	0.277187	0.499356	0.000000	0.000000	0.000000	0.000000	0.000000	0.000000	0.000000	0.223457
32	tsk_32	(x)	1	:	0.000000	0.262703	0.499356	0.000000	0.000000	0.000000	0.000000	0.000000	0.000000	0.000000	0.237942
33	tsk_33	(x)	1	:	0.000000	0.000000	0.000000	0.930953	0.000000	0.000000	0.069047	0.000000	0.000000	0.000000	0.000000
34	tsk_34	(x)	1	:	0.000000	0.000000	0.000000	0.588413	0.000000	0.000000	0.411587	0.000000	0.000000	0.000000	0.000000
35	tsk_35	(x)	1	:	0.000000	0.000000	1.000000	0.000000	0.000000	0.000000	0.000000	0.000000	0.000000	0.000000	0.000000
36	tsk_36	(x)	1	:	0.000000	0.295120	0.499356	0.000000	0.000000	0.000000	0.000000	0.000000	0.000000	0.000000	0.205524
37	tsk_37	(x)	1	:	0.000000	0.000000	0.000000	0.778155	0.000000	0.000000	0.221845	0.000000	0.000000	0.000000	0.000000
38	tsk_38	(x)	1	:	0.000000	0.001802	0.499069	0.000000	0.473311	0.000000	0.015115	0.000000	0.000000	0.000000	0.010702
39	tsk_39	(x)	1	:	0.000000	0.252764	0.000000	0.000000	0.471312	0.000000	0.020270	0.000000	0.000000	0.000000	0.255653
40	tsk_40	(x)	1	:	0.000000	0.000000	0.652846	0.000000	0.000000	0.347154	0.000000	0.000000	0.000000	0.000000	0.000000
41	tsk_41	(x)	1	:	0.000000	0.000000	0.316502	0.510917	0.000000	0.172581	0.000000	0.000000	0.000000	0.000000	0.000000
42	tsk_42	(x)	1	:	0.000000	0.007139	0.498970	0.000000	0.000000	0.000000	0.489192	0.000000	0.000000	0.000000	0.004699
43	tsk_43	(x)	1	:	0.000000	0.000000	0.159918	0.510845	0.000000	0.329237	0.000000	0.000000	0.000000	0.000000	0.000000
44	tsk_44	(x)	1	:	0.000000	0.175675	0.499356	0.000000	0.000000	0.000000	0.000000	0.000000	0.000000	0.000000	0.324969
45	tsk_45	(x)	1	:	0.000000	0.003362	0.498985	0.000000	0.000000	0.000000	0.489254	0.000000	0.000000	0.000000	0.008399
46	tsk_46	(x)	1	:	0.000000	0.000000	0.827381	0.000000	0.000000	0.172618	0.000000	0.000000	0.000000	0.000000	0.000000
47	tsk_47	(x)	1	:	0.000000	0.230255	0.000000	0.533798	0.000000	0.000000	0.000000	0.000000	0.000000	0.000000	0.235947
48	tsk_48	(x)	1	:	0.000000	0.000000	0.000000	1.000000	0.000000	0.000000	0.000000	0.000000	0.000000	0.000000	0.000000
49	tsk_49	(x)	1	:	0.000000	0.000000	0.007777	0.000000	0.000000	0.178663	0.000000	0.000000	0.000000	0.813560	0.000000
50	tsk_50	(x)	1	:	0.000000	0.002463	0.499179	0.000000	0.472484	0.000000	0.017208	0.000000	0.000000	0.000000	0.008666
51	tsk_51	(x)	1	:	0.000000	0.223448	0.499356	0.000000	0.000000	0.000000	0.000000	0.000000	0.000000	0.000000	0.277196
52	tsk_52	(x)	1	:	0.000000	0.007840	0.498998	0.327210	0.000000	0.000000	0.162149	0.000000	0.000000	0.000000	0.003803
53	tsk_53	(x)	1	:	0.000000	0.005876	0.499002	0.327209	0.000000	0.000000	0.162168	0.000000	0.000000	0.000000	0.005745
54	tsk_54	(x)	1	:	0.000000	0.308543	0.000000	0.327098	0.000000	0.000000	0.163769	0.000000	0.000000	0.000000	0.200590
55	tsk_55	(x)	1	:	0.000000	0.007881	0.326423	0.327213	0.000000	0.172587	0.162106	0.000000	0.000000	0.000000	0.003790
56	tsk_56	(x)	1	:	0.000000	0.000000	1.000000	0.000000	0.000000	0.000000	0.000000	0.000000	0.000000	0.000000	0.000000
57	tsk_57	(x)	1	:	0.000000	0.007767	0.498975	0.327219	0.000000	0.000000	0.162043	0.000000	0.000000	0.000000	0.003996
58	tsk_58	(x)	1	:	0.000000	0.000000	1.000000	0.000000	0.000000	0.000000	0.000000	0.000000	0.000000	0.000000	0.000000
59	tsk_59	(x)	1	:	0.000000	0.000000	1.000000	0.000000	0.000000	0.000000	0.000000	0.000000	0.000000	0.000000	0.000000
60	tsk_60	(x)	1	:	0.343293	0.000000	0.340440	0.000000	0.000000	0.000000	0.000000	0.316267	0.000000	0.000000	0.000000
61	tsk_61	(x)	1	:	0.000000	0.000000	0.000000	0.000000	0.000000	0.000000	1.000000	0.000000	0.000000	0.000000	0.000000
62	tsk_62	(x)	1	:	0.000000	0.000000	0.446519	0.000000	0.000000	0.553481	0.000000	0.000000	0.000000	0.000000	0.000000
63	tsk_63	(x)	1	:	0.000000	0.000000	0.000000	0.000000	0.000000	0.000000	1.000000	0.000000	0.000000	0.000000	0.000000
64	tsk_64	(x)	1	:	0.358465	0.008310	0.140534	0.000000	0.000000	0.000000	0.489228	0.000000	0.000000	0.000000	0.003462
65	tsk_65	(x)	1	:	0.000000	0.000000	0.593212	0.000000	0.000000	0.406788	0.000000	0.000000	0.000000	0.000000	0.000000
66	tsk_66	(x)	1	:	0.000000	0.000000	0.349702	0.000000	0.000000	0.181925	0.000000	0.468373	0.000000	0.000000	0.000000
67	tsk_67	(x)	1	:	0.000000	0.003496	0.000000	0.000000	0.000000	0.000000	0.494224	0.496956	0.000000	0.000000	0.005324
68	tsk_68	(x)	1	:	0.000000	0.000000	0.004643	0.000000	0.000000	0.188752	0.000000	0.000000	0.000000	0.806604	0.000000
69	tsk_69	(x)	1	:	0.341674	0.000000	0.000037	0.000000	0.000000	0.000000	0.000000	0.000000	0.000000	0.658288	0.000000
70	tsk_70	(x)	1	:	1.000000	0.000000	0.000000	0.000000	0.000000	0.000000	0.000000	0.000000	0.000000	0.000000	0.000000
71	tsk_71	(x)	1	:	0.000000	0.000000	0.000000	0.327079	0.579675	0.000000	0.093246	0.000000	0.000000	0.000000	0.000000
72	tsk_72	(x)	1	:	0.358432	0.295142	0.140948	0.000000	0.000000	0.000000	0.000000	0.000000	0.000000	0.000000	0.205478
73	tsk_73	(x)	1	:	0.000000	0.000000	1.000000	0.000000	0.000000	0.000000	0.000000	0.000000	0.000000	0.000000	0.000000
74	tsk_74	(x)	1	:	1.000000	0.000000	0.000000	0.000000	0.000000	0.000000	0.000000	0.000000	0.000000	0.000000	0.000000
75	tsk_75	(x)	1	:	0.000000	0.000000	1.000000	0.000000	0.000000	0.000000	0.000000	0.000000	0.000000	0.000000	0.000000
76	tsk_76	(x)	1	:	0.000000	0.000000	0.000000	0.000000	1.000000	0.000000	0.000000	0.000000	0.000000	0.000000	0.000000
77	tsk_77	(x)	1	:	0.000000	0.001242	0.000000	0.327097	0.000000	0.519591	0.152066	0.000000	0.000000	0.000000	0.000004
78	tsk_78	(x)	1	:	1.000000	0.000000	0.000000	0.000000	0.000000	0.000000	0.000000	0.000000	0.000000	0.000000	0.000000
79	tsk_79	(x)	1	:	0.000000	0.000000	0.000000	0.000000	1.000000	0.000000	0.000000	0.000000	0.000000	0.000000	0.000000
80	tsk_80	(x)	1	:	0.000000	0.651445	0.000000	0.000000	0.000000	0.000000	0.000000	0.000000	0.000000	0.000000	0.348555
81	tsk_81	(x)	1	:	0.000000	0.000000	1.000000	0.000000	0.000000	0.000000	0.000000	0.000000	0.000000	0.000000	0.000000
82	tsk_82	(x)	1	:	0.000000	0.000000	0.526136	0.000000	0.000000	0.000000	0.000000	0.473864	0.000000	0.000000	0.000000
83	tsk_83	(x)	1	:	0.000000	0.357760	0.499356	0.000000	0.000000	0.000000	0.000000	0.000000	0.000000	0.000000	0.142884
84	tsk_84	(x)	1	:	0.000000	0.006232	0.326403	0.000000	0.000000	0.172587	0.489187	0.000000	0.000000	0.000000	0.005591
85	tsk_85	(x)	1	:	0.000000	0.003209	0.498981	0.000000	0.000000	0.000000	0.489236	0.000000	0.000000	0.000000	0.008573
86	tsk_86	(x)	1	:	0.000000	0.267042	0.499356	0.000000	0.000000	0.000000	0.000000	0.000000	0.000000	0.000000	0.233602
87	tsk_87	(x)	1	:	0.000000	0.000000	0.000000	0.000000	0.000000	0.000000	0.000000	1.000000	0.000000	0.000000	0.000000
88	tsk_88	(x)	1	:	0.000000	0.000000	1.000000	0.000000	0.000000	0.000000	0.000000	0.000000	0.000000	0.000000	0.000000
89	tsk_89	(x)	1	:	0.000000	0.000000	0.000000	0.000000	0.000000	0.000000	1.000000	0.000000	0.000000	0.000000	0.000000
90	tsk_90	(x)	1	:	0.000000	0.251806	0.499356	0.000000	0.000000	0.000000	0.000000	0.000000	0.000000	0.000000	0.248838
91	tsk_91	(x)	1	:	0.000000	0.249822	0.000000	0.000000	0.000000	0.000000	0.490754	0.000000	0.000000	0.000000	0.259424
92	tsk_92	(x)	1	:	0.000000	0.000000	0.507763	0.000000	0.000000	0.492237	0.000000	0.000000	0.000000	0.000000	0.000000
93	tsk_93	(x)	1	:	0.000000	0.000000	1.000000	0.000000	0.000000	0.000000	0.000000	0.000000	0.000000	0.000000	0.000000
94	tsk_94	(x)	1	:	0.000000	0.287025	0.326797	0.000000	0.000000	0.172582	0.000000	0.000000	0.000000	0.000000	0.213596
95	tsk_95	(x)	1	:	0.000000	0.862806	0.000000	0.000000	0.000000	0.000000	0.000000	0.000000	0.000000	0.000000	0.137194
96	tsk_96	(x)	1	:	0.000000	0.000000	1.000000	0.000000	0.000000	0.000000	0.000000	0.000000	0.000000	0.000000	0.000000
97	tsk_97	(x)	1	:	0.000000	0.000000	0.489067	0.510933	0.000000	0.000000	0.000000	0.000000	0.000000	0.000000	0.000000
98	tsk_98	(x)	1	:	0.000000	0.644807	0.000000	0.000000	0.000000	0.000000	0.000000	0.000000	0.000000	0.000000	0.355193
99	tsk_99	(x)	1	:	0.000000	0.257963	0.000000	0.000000	0.000000	0.000000	0.490754	0.000000	0.000000	0.000000	0.251283
100	tsk_100	(x)	1	:	0.000000	0.000000	1.000000	0.000000	0.000000	0.000000	0.000000	0.000000	0.000000	0.000000	0.000000
101	tsk_101	(x)	1	:	0.000000	0.321054	0.499356	0.000000	0.000000	0.000000	0.000000	0.000000	0.000000	0.000000	0.179590
102	tsk_102	(x)	1	:	0.000000	0.394625	0.499356	0.000000	0.000000	0.000000	0.000000	0.000000	0.000000	0.000000	0.106019
103	tsk_103	(x)	1	:	0.000000	0.000000	1.000000	0.000000	0.000000	0.000000	0.000000	0.000000	0.000000	0.000000	0.000000
104	tsk_104	(x)	1	:	0.358357	0.000000	0.641643	0.000000	0.000000	0.000000	0.000000	0.000000	0.000000	0.000000	0.000000
105	tsk_105	(x)	1	:	0.000000	0.000000	1.000000	0.000000	0.000000	0.000000	0.000000	0.000000	0.000000	0.000000	0.000000
106	tsk_106	(x)	1	:	0.000000	0.000000	0.827381	0.000000	0.000000	0.172618	0.000000	0.000000	0.000000	0.000000	0.000000
107	tsk_107	(x)	1	:	0.000000	0.000000	1.000000	0.000000	0.000000	0.000000	0.000000	0.000000	0.000000	0.000000	0.000000
108	tsk_108	(x)	1	:	0.000000	0.000000	1.000000	0.000000	0.000000	0.000000	0.000000	0.000000	0.000000	0.000000	0.000000
109	tsk_109	(x)	1	:	0.000000	0.005006	0.498999	0.000000	0.000000	0.000000	0.489308	0.000000	0.000000	0.000000	0.006688
110	tsk_110	(x)	1	:	0.000000	0.281827	0.499356	0.000000	0.000000	0.000000	0.000000	0.000000	0.000000	0.000000	0.218817
111	tsk_111	(x)	1	:	0.000000	0.001574	0.499065	0.000000	0.473464	0.000000	0.014793	0.000000	0.000000	0.000000	0.011104
112	tsk_112	(x)	1	:	0.000000	0.000000	0.239526	0.000000	0.000000	0.000000	0.000000	0.000000	0.000000	0.760474	0.000000
113	tsk_113	(x)	1	:	0.000000	0.255524	0.000000	0.000000	0.471580	0.000000	0.019731	0.000000	0.000000	0.000000	0.253166
114	tsk_114	(x)	1	:	0.000000	0.000000	0.546985	0.000000	0.000000	0.000000	0.000000	0.000000	0.453015	0.000000	0.000000
115	tsk_115	(x)	1	:	0.000000	0.183030	0.000000	0.000000	0.545937	0.000000	0.000000	0.000000	0.000000	0.000000	0.271033
116	tsk_116	(x)	1	:	0.000000	0.006124	0.498994	0.000000	0.000000	0.000000	0.489290	0.000000	0.000000	0.000000	0.005592
117	tsk_117	(x)	1	:	0.000000	0.321711	0.499356	0.000000	0.000000	0.000000	0.000000	0.000000	0.000000	0.000000	0.178933
118	tsk_118	(x)	1	:	0.000000	0.001392	0.000000	0.000000	0.476251	0.000000	0.010290	0.000000	0.416012	0.000000	0.096055
119	tsk_119	(x)	1	:	0.000000	0.163956	0.000000	0.000000	0.471708	0.000000	0.019473	0.000000	0.000000	0.000000	0.344863
120	tsk_120	(x)	1	:	0.539641	0.191618	0.000000	0.000000	0.000000	0.000000	0.000000	0.000000	0.000000	0.000000	0.268741
121	tsk_121	(x)	1	:	0.000000	0.285944	0.433482	0.000000	0.000000	0.000000	0.000000	0.000000	0.242302	0.000000	0.038273
122	tsk_122	(x)	1	:	0.358357	0.000000	0.641643	0.000000	0.000000	0.000000	0.000000	0.000000	0.000000	0.000000	0.000000
123	tsk_123	(x)	1	:	0.707524	0.000000	0.244158	0.000000	0.000000	0.000000	0.000000	0.000000	0.048318	0.000000	0.000000
124	tsk_124	(x)	1	:	0.565721	0.000000	0.261767	0.000000	0.000000	0.172512	0.000000	0.000000	0.000000	0.000000	0.000000
125	tsk_125	(x)	1	:	0.358432	0.384612	0.140948	0.000000	0.000000	0.000000	0.000000	0.000000	0.000000	0.000000	0.116008
126	tsk_126	(x)	1	:	0.000000	0.000000	0.818519	0.000000	0.000000	0.000000	0.000000	0.000000	0.181481	0.000000	0.000000
127	tsk_127	(x)	1	:	0.707559	0.000000	0.292441	0.000000	0.000000	0.000000	0.000000	0.000000	0.000000	0.000000	0.000000
128	tsk_128	(x)	1	:	0.539641	0.295976	0.000000	0.000000	0.000000	0.000000	0.000000	0.000000	0.000000	0.000000	0.164384
129	tsk_129	(x)	1	:	0.358433	0.213028	0.140947	0.000000	0.000000	0.000000	0.000000	0.000000	0.000000	0.000000	0.287592
130	tsk_130	(x)	1	:	0.000000	0.257170	0.499356	0.000000	0.000000	0.000000	0.000000	0.000000	0.000000	0.000000	0.243475
131	tsk_131	(x)	1	:	0.000000	0.002762	0.498985	0.000000	0.000000	0.000000	0.489253	0.000000	0.000000	0.000000	0.009000
132	tsk_132	(x)	1	:	0.000000	0.000000	1.000000	0.000000	0.000000	0.000000	0.000000	0.000000	0.000000	0.000000	0.000000
133	tsk_133	(x)	1	:	0.000000	0.000002	0.464499	0.000000	0.000000	0.000000	0.443865	0.000000	0.091631	0.000000	0.000003
134	tsk_134	(x)	1	:	0.000000	0.004304	0.498983	0.000000	0.000000	0.000000	0.489247	0.000000	0.000000	0.000000	0.007466
135	tsk_135	(x)	1	:	0.000000	0.004160	0.498991	0.000000	0.000000	0.000000	0.489278	0.000000	0.000000	0.000000	0.007570
136	tsk_136	(x)	1	:	0.000000	0.004138	0.498998	0.000000	0.000000	0.000000	0.489306	0.000000	0.000000	0.000000	0.007557
137	tsk_137	(x)	1	:	0.000000	0.545619	0.000000	0.000000	0.000000	0.000000	0.000000	0.000000	0.000000	0.000000	0.454381
138	tsk_138	(x)	1	:	0.000000	0.000000	0.000000	0.327325	0.000000	0.000000	0.672675	0.000000	0.000000	0.000000	0.000000
139	tsk_139	(x)	1	:	0.000000	0.000000	0.000000	0.327325	0.000000	0.000000	0.672675	0.000000	0.000000	0.000000	0.000000
140	tsk_140	(x)	1	:	0.000000	0.794005	0.000000	0.000000	0.000000	0.000000	0.000000	0.000000	0.000000	0.000000	0.205995
141	tsk_141	(x)	1	:	0.000000	0.000000	0.489067	0.510933	0.000000	0.000000	0.000000	0.000000	0.000000	0.000000	0.000000
142	tsk_142	(x)	1	:	0.000000	0.000000	0.000000	0.588413	0.000000	0.000000	0.411587	0.000000	0.000000	0.000000	0.000000
143	tsk_143	(x)	1	:	0.000000	0.179612	0.000000	0.000000	0.000000	0.000000	0.490754	0.000000	0.000000	0.000000	0.329634
144	tsk_144	(x)	1	:	0.000000	0.000000	0.000000	0.000000	0.472142	0.000000	0.527858	0.000000	0.000000	0.000000	0.000000
145	tsk_145	(x)	1	:	0.000000	0.000000	0.000000	0.588413	0.000000	0.000000	0.411587	0.000000	0.000000	0.000000	0.000000
146	tsk_146	(x)	1	:	0.000000	0.291935	0.000000	0.533798	0.000000	0.000000	0.000000	0.000000	0.000000	0.000000	0.174267
147	tsk_147	(x)	1	:	0.000000	0.240375	0.000000	0.000000	0.000000	0.000000	0.490754	0.000000	0.000000	0.000000	0.268871
148	tsk_148	(x)	1	:	0.000000	0.170268	0.000000	0.000000	0.471579	0.000000	0.019733	0.000000	0.000000	0.000000	0.338420
149	tsk_149	(x)	1	:	0.000000	0.000000	0.477172	0.000000	0.000000	0.000000	0.522827	0.000000	0.000000	0.000000	0.000000
