logL = -4115.793417 (converged)
AIC = 9819.586834
BIC = 12210.031257

count.K
66 39 11 34 

