logL = -3568.596130 (converged)
AIC = 13445.192260
BIC = 22940.735978

count.K
5 4 19 7 2 21 30 25 3 23 0 4 7 0 

