logL = -1491.367903 (converged)
AIC = 4186.735806
BIC = 5999.138253

count.K
42 41 37 30 

