logL = -1750.538135 (converged)
AIC = 6747.076271
BIC = 11633.337353

count.K
13 12 16 16 17 23 17 23 13 

