logL = -1639.189723 (converged)
AIC = 4506.379446
BIC = 6354.909517

count.K
35 61 47 7 

