logL = -2029.314441 (converged)
AIC = 5270.628883
BIC = 7095.073871

count.K
34 36 26 54 

