logL = -1038.683727 (converged)
AIC = 5233.367454
BIC = 9984.149948

count.K
1 17 1 16 15 16 55 13 16 

