logL = -1600.677817 (converged)
AIC = 5205.355633
BIC = 8222.012198

count.K
20 22 34 17 37 20 

