logL = -1559.173540 (converged)
AIC = 8518.347081
BIC = 16647.062375

count.K
14 19 12 16 11 4 10 0 2 4 27 7 3 10 11 

