0	tsk_0	(x)	1	:	0.000000	0.000000	0.000000	0.000000	0.404856	0.327058	0.000000	0.000000	0.000000	0.268086
1	tsk_1	(x)	1	:	0.000000	0.000000	0.000000	0.000000	0.000000	0.248409	0.225783	0.000000	0.000000	0.525808
2	tsk_2	(x)	1	:	0.000000	0.000000	0.000000	0.000000	0.000000	0.008904	0.000000	0.000000	0.472057	0.519038
3	tsk_3	(x)	1	:	0.000000	0.000000	0.000000	0.000000	0.404816	0.327116	0.000000	0.000000	0.000000	0.268068
4	tsk_4	(x)	1	:	0.000000	0.000000	0.000000	0.000000	0.999999	0.000001	0.000000	0.000000	0.000000	0.000000
5	tsk_5	(x)	1	:	0.000000	0.000000	0.000000	0.000000	0.000000	0.382659	0.000000	0.000000	0.617341	0.000000
6	tsk_6	(x)	1	:	0.000000	0.000000	0.000000	0.250644	0.402623	0.345263	0.000000	0.000000	0.000000	0.001471
7	tsk_7	(x)	1	:	0.000000	0.000000	0.000000	0.000000	0.404861	0.327051	0.000000	0.000000	0.000000	0.268088
8	tsk_8	(x)	1	:	0.000000	0.000000	0.000000	0.000000	0.404953	0.326920	0.000000	0.000000	0.000000	0.268128
9	tsk_9	(x)	1	:	0.000000	0.000000	0.000000	0.000000	0.000000	0.456962	0.000000	0.000000	0.000000	0.543038
10	tsk_10	(x)	1	:	0.000000	0.000000	0.000000	0.000000	1.000000	0.000000	0.000000	0.000000	0.000000	0.000000
11	tsk_11	(x)	1	:	0.000000	0.640336	0.000000	0.000000	0.359664	0.000000	0.000000	0.000000	0.000000	0.000000
12	tsk_12	(x)	1	:	0.000000	0.000000	0.000000	0.000000	1.000000	0.000000	0.000000	0.000000	0.000000	0.000000
13	tsk_13	(x)	1	:	0.000000	0.000000	0.000000	0.000000	0.485630	0.000003	0.000000	0.000000	0.514367	0.000000
14	tsk_14	(x)	1	:	0.000000	0.000000	0.000000	0.000000	1.000000	0.000000	0.000000	0.000000	0.000000	0.000000
15	tsk_15	(x)	1	:	0.000000	0.000000	0.000000	0.000000	0.485632	0.000001	0.000000	0.000000	0.514367	0.000000
16	tsk_16	(x)	1	:	0.000000	0.000000	0.000000	0.000000	0.000000	0.000000	0.000000	0.000000	1.000000	0.000000
17	tsk_17	(x)	1	:	0.000000	0.668235	0.000000	0.000000	0.000000	0.063040	0.000000	0.000000	0.000000	0.268725
18	tsk_18	(x)	1	:	0.000000	0.000000	0.000000	0.000000	0.402614	0.597386	0.000000	0.000000	0.000000	0.000000
19	tsk_19	(x)	1	:	0.000000	0.000000	0.000000	0.000000	0.177486	0.822514	0.000000	0.000000	0.000000	0.000000
20	tsk_20	(x)	1	:	0.000000	0.000000	0.000000	0.000000	0.000000	0.642291	0.357708	0.000000	0.000000	0.000000
21	tsk_21	(x)	1	:	0.000000	0.000000	0.000000	0.251390	0.000000	0.748610	0.000000	0.000000	0.000000	0.000000
22	tsk_22	(x)	1	:	0.000000	0.000000	0.000000	0.000000	0.000000	0.476119	0.000000	0.000000	0.000000	0.523881
23	tsk_23	(x)	1	:	0.000000	0.000000	0.000000	0.000000	0.000000	0.476119	0.000000	0.000000	0.000000	0.523881
24	tsk_24	(x)	1	:	0.000000	0.000000	0.489521	0.000000	0.000000	0.000196	0.000000	0.000000	0.000000	0.510283
25	tsk_25	(x)	1	:	0.000000	0.000000	0.000000	0.000000	0.000000	0.525227	0.000000	0.000000	0.474773	0.000000
26	tsk_26	(x)	1	:	0.000000	0.000000	0.000000	0.000000	0.634697	0.365303	0.000000	0.000000	0.000000	0.000000
27	tsk_27	(x)	1	:	0.000000	0.000000	0.425227	0.000000	0.574773	0.000000	0.000000	0.000000	0.000000	0.000000
28	tsk_28	(x)	1	:	0.000000	0.000000	0.000000	0.000000	0.000000	0.642291	0.357708	0.000000	0.000000	0.000000
29	tsk_29	(x)	1	:	0.000000	0.000000	0.000000	0.236375	0.000000	0.203750	0.000000	0.000000	0.000000	0.559875
30	tsk_30	(x)	1	:	0.000000	0.000000	0.000000	0.000000	1.000000	0.000000	0.000000	0.000000	0.000000	0.000000
31	tsk_31	(x)	1	:	0.000000	0.000000	0.000000	0.000000	0.000000	0.478751	0.521249	0.000000	0.000000	0.000000
32	tsk_32	(x)	1	:	0.000000	0.000000	0.000000	0.000000	0.403173	0.199653	0.397174	0.000000	0.000000	0.000000
33	tsk_33	(x)	1	:	0.000000	0.000000	0.000000	0.000000	1.000000	0.000000	0.000000	0.000000	0.000000	0.000000
34	tsk_34	(x)	1	:	0.000000	0.000000	0.000000	0.000000	0.635037	0.140665	0.224298	0.000000	0.000000	0.000000
35	tsk_35	(x)	1	:	0.000000	0.000000	0.000000	0.000000	0.403166	0.199663	0.397171	0.000000	0.000000	0.000000
36	tsk_36	(x)	1	:	0.000000	0.000000	0.000000	0.000000	0.402661	0.373202	0.224138	0.000000	0.000000	0.000000
37	tsk_37	(x)	1	:	0.000000	0.000000	0.000000	0.000000	0.000000	0.270259	0.204282	0.000000	0.000000	0.525459
38	tsk_38	(x)	1	:	0.000000	0.000000	0.000000	0.000000	0.598304	0.000000	0.401695	0.000000	0.000000	0.000000
39	tsk_39	(x)	1	:	0.186912	0.000000	0.000000	0.000000	0.787408	0.000000	0.000000	0.000000	0.025679	0.000000
40	tsk_40	(x)	1	:	0.000000	0.000000	0.425227	0.000000	0.574773	0.000000	0.000000	0.000000	0.000000	0.000000
41	tsk_41	(x)	1	:	0.000000	0.000000	0.000000	0.000000	0.634697	0.365303	0.000000	0.000000	0.000000	0.000000
42	tsk_42	(x)	1	:	0.000000	0.000000	0.000000	0.000000	0.634697	0.365303	0.000000	0.000000	0.000000	0.000000
43	tsk_43	(x)	1	:	0.000000	0.000000	0.000000	0.000000	0.634697	0.365303	0.000000	0.000000	0.000000	0.000000
44	tsk_44	(x)	1	:	0.000000	0.275227	0.000000	0.000000	0.000000	0.198707	0.000000	0.000000	0.000000	0.526066
45	tsk_45	(x)	1	:	0.000000	0.000000	0.000000	0.000000	0.634697	0.365303	0.000000	0.000000	0.000000	0.000000
46	tsk_46	(x)	1	:	0.000000	0.535481	0.000000	0.000000	0.464519	0.000000	0.000000	0.000000	0.000000	0.000000
47	tsk_47	(x)	1	:	0.000000	0.000000	0.000000	0.000000	0.195819	0.588831	0.000000	0.000000	0.215349	0.000000
48	tsk_48	(x)	1	:	0.000000	0.460399	0.000000	0.000000	0.000000	0.401397	0.000000	0.000000	0.138203	0.000000
49	tsk_49	(x)	1	:	0.000000	0.272643	0.000000	0.000000	0.000000	0.727357	0.000000	0.000000	0.000000	0.000000
50	tsk_50	(x)	1	:	0.000000	0.000000	0.517654	0.000000	0.000000	0.214032	0.000000	0.000001	0.000000	0.268314
51	tsk_51	(x)	1	:	0.000000	0.000000	0.489500	0.000000	0.000000	0.000228	0.000000	0.000000	0.000000	0.510272
52	tsk_52	(x)	1	:	0.000000	0.000000	1.000000	0.000000	0.000000	0.000000	0.000000	0.000000	0.000000	0.000000
53	tsk_53	(x)	1	:	0.000000	0.000000	0.005395	0.000000	0.000000	0.000000	0.000000	0.488375	0.000000	0.506230
54	tsk_54	(x)	1	:	0.000000	0.000000	0.005395	0.000000	0.000000	0.000000	0.000000	0.488375	0.000000	0.506230
55	tsk_55	(x)	1	:	0.000000	0.000000	0.499673	0.000000	0.000000	0.000000	0.000000	0.500327	0.000000	0.000000
56	tsk_56	(x)	1	:	0.000000	0.000000	0.000000	0.000000	0.000000	0.000000	0.000000	0.000000	0.000000	1.000000
57	tsk_57	(x)	1	:	0.000000	0.000000	0.489480	0.000000	0.000000	0.000258	0.000000	0.000000	0.000000	0.510262
58	tsk_58	(x)	1	:	0.000000	0.000000	0.499673	0.000000	0.000000	0.000000	0.000000	0.500327	0.000000	0.000000
59	tsk_59	(x)	1	:	0.000000	0.000000	0.489482	0.000000	0.000000	0.000255	0.000000	0.000000	0.000000	0.510263
60	tsk_60	(x)	1	:	0.000000	0.000000	0.516684	0.000000	0.000000	0.007874	0.000000	0.000000	0.475442	0.000000
61	tsk_61	(x)	1	:	0.000000	0.000000	0.514668	0.000000	0.000000	0.485332	0.000000	0.000000	0.000000	0.000000
62	tsk_62	(x)	1	:	0.000000	0.272538	0.514459	0.000000	0.000000	0.213003	0.000000	0.000000	0.000000	0.000000
63	tsk_63	(x)	1	:	0.214375	0.272552	0.000000	0.000000	0.120899	0.313647	0.000000	0.000000	0.078527	0.000000
64	tsk_64	(x)	1	:	0.000000	0.000000	0.514668	0.000000	0.000000	0.485332	0.000000	0.000000	0.000000	0.000000
65	tsk_65	(x)	1	:	0.214131	0.272555	0.000000	0.000000	0.120869	0.313641	0.000000	0.000000	0.078804	0.000000
66	tsk_66	(x)	1	:	0.000000	0.272491	0.514357	0.000000	0.000000	0.213151	0.000000	0.000001	0.000000	0.000000
67	tsk_67	(x)	1	:	0.000000	0.272547	0.000000	0.000000	0.402457	0.324995	0.000000	0.000000	0.000000	0.000000
68	tsk_68	(x)	1	:	0.000000	0.272643	0.000000	0.000000	0.000000	0.727357	0.000000	0.000000	0.000000	0.000000
69	tsk_69	(x)	1	:	0.567963	0.000000	0.000000	0.000000	0.000000	0.432037	0.000000	0.000000	0.000000	0.000000
70	tsk_70	(x)	1	:	0.000000	0.000000	0.000000	0.000000	0.404189	0.071245	0.000000	0.000000	0.000000	0.524566
71	tsk_71	(x)	1	:	0.000000	0.000000	0.000000	0.000000	0.000000	0.270259	0.204282	0.000000	0.000000	0.525459
72	tsk_72	(x)	1	:	0.492881	0.272520	0.000000	0.000000	0.000000	0.234599	0.000000	0.000000	0.000000	0.000000
73	tsk_73	(x)	1	:	1.000000	0.000000	0.000000	0.000000	0.000000	0.000000	0.000000	0.000000	0.000000	0.000000
74	tsk_74	(x)	1	:	1.000000	0.000000	0.000000	0.000000	0.000000	0.000000	0.000000	0.000000	0.000000	0.000000
75	tsk_75	(x)	1	:	0.000000	0.000000	0.000000	0.000000	0.000000	0.476119	0.000000	0.000000	0.000000	0.523881
76	tsk_76	(x)	1	:	0.000000	0.000000	0.000000	0.000000	0.637157	0.094068	0.000000	0.000000	0.000000	0.268775
77	tsk_77	(x)	1	:	0.541137	0.000000	0.000000	0.000000	0.458858	0.000004	0.000000	0.000000	0.000000	0.000000
78	tsk_78	(x)	1	:	0.000000	0.000000	0.000000	0.000000	1.000000	0.000000	0.000000	0.000000	0.000000	0.000000
79	tsk_79	(x)	1	:	0.216306	0.000000	0.000000	0.000000	0.117664	0.061102	0.000000	0.000000	0.079349	0.525579
80	tsk_80	(x)	1	:	0.000000	0.000000	0.000000	0.328892	0.000000	0.000000	0.000000	0.000000	0.000000	0.671108
81	tsk_81	(x)	1	:	0.000000	0.000000	0.496122	0.317373	0.000000	0.000274	0.000000	0.000000	0.000000	0.186231
82	tsk_82	(x)	1	:	0.000000	0.000000	0.000000	0.579895	0.000000	0.195888	0.224217	0.000000	0.000000	0.000000
83	tsk_83	(x)	1	:	0.000000	0.000000	1.000000	0.000000	0.000000	0.000000	0.000000	0.000000	0.000000	0.000000
84	tsk_84	(x)	1	:	0.000000	0.000000	0.514825	0.000000	0.000000	0.281978	0.203197	0.000000	0.000000	0.000000
85	tsk_85	(x)	1	:	0.000000	0.000000	0.514451	0.000000	0.402439	0.083110	0.000000	0.000000	0.000000	0.000000
86	tsk_86	(x)	1	:	0.000000	0.000000	0.000000	0.316889	0.403121	0.083039	0.000000	0.000000	0.000000	0.196951
87	tsk_87	(x)	1	:	0.000000	0.000000	0.000000	0.316386	0.000000	0.486045	0.000000	0.000000	0.000000	0.197569
88	tsk_88	(x)	1	:	0.000000	0.000000	0.000000	0.316382	0.000000	0.486042	0.000000	0.000000	0.000000	0.197576
89	tsk_89	(x)	1	:	0.000000	0.000000	0.000000	0.999984	0.000000	0.000000	0.000000	0.000000	0.000000	0.000015
90	tsk_90	(x)	1	:	0.000000	0.000000	0.000000	0.248401	0.000000	0.000000	0.527901	0.000000	0.000000	0.223698
91	tsk_91	(x)	1	:	0.000000	0.000000	0.459420	0.000000	0.000000	0.000000	0.540580	0.000000	0.000000	0.000000
92	tsk_92	(x)	1	:	0.000000	0.000000	0.489516	0.000000	0.000000	0.000204	0.000000	0.000000	0.000000	0.510280
93	tsk_93	(x)	1	:	0.000000	0.000000	0.000000	0.000000	0.000000	0.000000	0.524115	0.000000	0.000000	0.475885
94	tsk_94	(x)	1	:	0.000000	0.212729	0.000000	0.000000	0.000000	0.519732	0.000000	0.000000	0.000000	0.267539
95	tsk_95	(x)	1	:	0.000000	0.000000	0.000000	0.000000	0.000000	0.000000	0.000000	0.000000	0.000000	1.000000
96	tsk_96	(x)	1	:	0.000000	0.000000	0.000000	0.254127	0.000000	0.000000	0.000000	0.000000	0.000000	0.745873
97	tsk_97	(x)	1	:	0.000000	0.000000	0.000000	0.000000	0.000000	0.000000	0.000000	0.000000	0.000000	1.000000
98	tsk_98	(x)	1	:	0.000000	0.000000	1.000000	0.000000	0.000000	0.000000	0.000000	0.000000	0.000000	0.000000
99	tsk_99	(x)	1	:	0.000000	0.000000	0.000000	0.425882	0.000000	0.000000	0.000000	0.000000	0.000000	0.574118
100	tsk_100	(x)	1	:	0.000000	0.000000	0.517584	0.000000	0.000000	0.214131	0.000000	0.000000	0.000000	0.268285
101	tsk_101	(x)	1	:	0.000000	0.000000	0.514668	0.000000	0.000000	0.485332	0.000000	0.000000	0.000000	0.000000
102	tsk_102	(x)	1	:	0.000000	0.000000	0.000000	0.000000	0.000000	0.608421	0.391579	0.000000	0.000000	0.000000
103	tsk_103	(x)	1	:	0.000000	0.000000	0.000000	0.000000	0.402638	0.394202	0.203161	0.000000	0.000000	0.000000
104	tsk_104	(x)	1	:	0.425499	0.000000	0.000000	0.000000	0.000766	0.305567	0.000000	0.000000	0.000000	0.268167
105	tsk_105	(x)	1	:	0.000000	0.000000	0.000000	0.000000	0.634856	0.161929	0.203214	0.000000	0.000000	0.000000
106	tsk_106	(x)	1	:	0.000000	0.000000	0.000000	0.000000	0.000000	0.113660	0.358426	0.000000	0.000000	0.527914
107	tsk_107	(x)	1	:	0.000000	0.000000	0.000000	0.000000	0.402633	0.394207	0.203160	0.000000	0.000000	0.000000
108	tsk_108	(x)	1	:	0.000000	0.000000	0.000000	0.316332	0.000000	0.282317	0.203403	0.000000	0.000000	0.197948
109	tsk_109	(x)	1	:	0.000000	0.000000	0.000000	0.000000	0.000000	0.608421	0.391579	0.000000	0.000000	0.000000
110	tsk_110	(x)	1	:	0.000000	0.000000	0.000000	0.000000	0.404189	0.071245	0.000000	0.000000	0.000000	0.524566
111	tsk_111	(x)	1	:	0.000000	0.000000	0.000000	0.000000	1.000000	0.000000	0.000000	0.000000	0.000000	0.000000
112	tsk_112	(x)	1	:	0.000000	0.000000	0.000000	0.000000	1.000000	0.000000	0.000000	0.000000	0.000000	0.000000
113	tsk_113	(x)	1	:	0.000000	0.535481	0.000000	0.000000	0.464519	0.000000	0.000000	0.000000	0.000000	0.000000
114	tsk_114	(x)	1	:	0.000000	0.000000	0.000000	0.000000	0.546258	0.000000	0.000000	0.000000	0.000000	0.453742
115	tsk_115	(x)	1	:	0.000000	0.000000	0.000000	0.000000	0.546258	0.000000	0.000000	0.000000	0.000000	0.453742
116	tsk_116	(x)	1	:	0.000000	0.535481	0.000000	0.000000	0.464519	0.000000	0.000000	0.000000	0.000000	0.000000
117	tsk_117	(x)	1	:	0.000000	0.272539	0.000000	0.000000	0.402441	0.325020	0.000000	0.000000	0.000000	0.000000
118	tsk_118	(x)	1	:	0.000000	0.000000	0.000000	0.000000	1.000000	0.000000	0.000000	0.000000	0.000000	0.000000
119	tsk_119	(x)	1	:	0.000000	0.000000	0.000000	0.000000	0.634697	0.365303	0.000000	0.000000	0.000000	0.000000
120	tsk_120	(x)	1	:	0.000000	0.000000	0.000000	0.000000	0.000000	1.000000	0.000000	0.000000	0.000000	0.000000
121	tsk_121	(x)	1	:	0.000000	0.666386	0.000000	0.000000	0.000000	0.333614	0.000000	0.000000	0.000000	0.000000
122	tsk_122	(x)	1	:	0.000000	0.666386	0.000000	0.000000	0.000000	0.333614	0.000000	0.000000	0.000000	0.000000
123	tsk_123	(x)	1	:	0.000000	0.000000	0.000000	0.000000	0.000000	0.999999	0.000000	0.000000	0.000000	0.000000
124	tsk_124	(x)	1	:	0.000000	0.000000	0.000000	0.000000	0.000000	1.000000	0.000000	0.000000	0.000000	0.000000
125	tsk_125	(x)	1	:	0.000000	0.272643	0.000000	0.000000	0.000000	0.727357	0.000000	0.000000	0.000000	0.000000
126	tsk_126	(x)	1	:	0.000000	0.666386	0.000000	0.000000	0.000000	0.333614	0.000000	0.000000	0.000000	0.000000
127	tsk_127	(x)	1	:	0.000000	0.000000	0.000000	0.000000	0.000000	1.000000	0.000000	0.000000	0.000000	0.000000
128	tsk_128	(x)	1	:	0.000000	0.272643	0.000000	0.000000	0.000000	0.727357	0.000000	0.000000	0.000000	0.000000
129	tsk_129	(x)	1	:	0.486427	0.000000	0.000000	0.000000	0.000000	0.000510	0.000000	0.000000	0.000000	0.513063
130	tsk_130	(x)	1	:	0.000000	0.000000	0.000000	0.000000	0.598304	0.000000	0.401695	0.000000	0.000000	0.000000
131	tsk_131	(x)	1	:	0.000000	0.000000	0.000000	0.000000	1.000000	0.000000	0.000000	0.000000	0.000000	0.000000
132	tsk_132	(x)	1	:	0.000000	0.000000	0.000000	0.000000	0.000000	0.300492	0.431084	0.000000	0.000000	0.268424
133	tsk_133	(x)	1	:	0.492495	0.000000	0.000000	0.000000	0.000000	0.078687	0.428818	0.000000	0.000000	0.000000
134	tsk_134	(x)	1	:	0.000000	0.000000	0.000000	0.000000	0.403555	0.166326	0.430119	0.000000	0.000000	0.000000
135	tsk_135	(x)	1	:	0.338685	0.000000	0.000000	0.000000	0.000000	0.422307	0.000000	0.000000	0.239008	0.000000
136	tsk_136	(x)	1	:	0.000000	0.272651	0.000000	0.000000	0.000000	0.297724	0.429625	0.000000	0.000000	0.000000
137	tsk_137	(x)	1	:	0.493976	0.000000	0.000000	0.000000	0.000000	0.237318	0.000000	0.000000	0.000000	0.268706
138	tsk_138	(x)	1	:	0.000000	0.000000	0.000000	0.000000	0.195812	0.588837	0.000000	0.000000	0.215351	0.000000
139	tsk_139	(x)	1	:	0.000000	0.000000	0.000000	0.000000	0.000000	0.219582	0.780418	0.000000	0.000000	0.000000
140	tsk_140	(x)	1	:	0.000000	0.000000	0.514950	0.000000	0.000000	0.010175	0.000000	0.000000	0.474875	0.000000
141	tsk_141	(x)	1	:	0.000000	0.000000	0.515308	0.000000	0.000000	0.009700	0.000000	0.000000	0.474992	0.000000
142	tsk_142	(x)	1	:	0.000000	0.000000	0.514491	0.000000	0.000000	0.010783	0.000000	0.000000	0.474725	0.000000
143	tsk_143	(x)	1	:	0.000000	0.000000	0.000000	0.000000	0.000000	0.525227	0.000000	0.000000	0.474773	0.000000
144	tsk_144	(x)	1	:	0.000000	0.000000	0.513842	0.000000	0.000000	0.011644	0.000000	0.000000	0.474514	0.000000
145	tsk_145	(x)	1	:	0.000000	0.000000	0.000000	0.000000	0.608781	0.000000	0.000000	0.000000	0.391219	0.000000
146	tsk_146	(x)	1	:	0.000000	0.000000	0.000000	0.000000	0.485632	0.000001	0.000000	0.000000	0.514367	0.000000
147	tsk_147	(x)	1	:	0.000000	0.000000	0.000000	0.000000	0.608781	0.000000	0.000000	0.000000	0.391219	0.000000
148	tsk_148	(x)	1	:	0.492934	0.000000	0.000000	0.000000	0.000000	0.507066	0.000000	0.000000	0.000000	0.000000
149	tsk_149	(x)	1	:	0.000000	0.000000	0.496038	0.317378	0.000000	0.000403	0.000000	0.000000	0.000000	0.186180
