logL = -1641.782555 (converged)
AIC = 4487.565110
BIC = 6299.967557

count.K
23 66 26 35 

