logL = -943.755756 (converged)
AIC = 4121.511512
BIC = 7484.391135

count.K
31 6 24 28 1 15 45 

