logL = -1200.359900 (converged)
AIC = 3588.719800
BIC = 5377.037165

count.K
29 19 49 53 

