logL = -647.631168 (converged)
AIC = 5087.262337
BIC = 10795.426854

count.K
6 13 17 15 7 17 0 22 18 26 9 

