logL = -1980.667412 (converged)
AIC = 10111.334823
BIC = 19369.038352

count.K
5 6 12 23 1 12 2 30 21 0 4 1 5 18 10 

