logL = -1121.742773 (converged)
AIC = 4645.485546
BIC = 8261.258534

count.K
51 10 8 12 31 20 18 

