0	tsk_0	(x)	1	:	0.000000	0.000000	0.000000	0.000000	0.481742	0.000017	0.000000	0.000000	0.000000	0.000000	0.000000	0.518241
1	tsk_1	(x)	1	:	0.000000	0.000000	0.000000	0.000000	0.484262	0.000000	0.000000	0.000000	0.006254	0.509484	0.000000	0.000000
2	tsk_2	(x)	1	:	0.000000	0.000000	0.530178	0.000000	0.469822	0.000000	0.000000	0.000000	0.000000	0.000000	0.000000	0.000000
3	tsk_3	(x)	1	:	0.000000	0.387817	0.000000	0.000000	0.484592	0.000000	0.000000	0.000000	0.127590	0.000000	0.000000	0.000000
4	tsk_4	(x)	1	:	0.433455	0.000000	0.000000	0.000000	0.000000	0.566545	0.000000	0.000000	0.000000	0.000000	0.000000	0.000000
5	tsk_5	(x)	1	:	0.503958	0.388481	0.000000	0.000000	0.000000	0.000000	0.000000	0.000000	0.107561	0.000000	0.000000	0.000000
6	tsk_6	(x)	1	:	0.000000	0.000000	0.000000	0.000000	0.484269	0.000000	0.000000	0.000000	0.006194	0.509537	0.000000	0.000000
7	tsk_7	(x)	1	:	0.000000	0.000000	0.471406	0.000000	0.482745	0.000000	0.000000	0.000000	0.000000	0.000000	0.000000	0.045849
8	tsk_8	(x)	1	:	0.550331	0.000000	0.449669	0.000000	0.000000	0.000000	0.000000	0.000000	0.000000	0.000000	0.000000	0.000000
9	tsk_9	(x)	1	:	0.523809	0.000000	0.000000	0.000000	0.476191	0.000000	0.000000	0.000000	0.000000	0.000000	0.000000	0.000000
10	tsk_10	(x)	1	:	0.000000	0.000000	0.000000	0.000000	0.000000	0.000044	0.000000	0.515715	0.000000	0.000000	0.000000	0.484241
11	tsk_11	(x)	1	:	0.000000	0.000000	0.000000	0.000000	0.000000	0.000000	0.000000	0.508191	0.491809	0.000000	0.000000	0.000000
12	tsk_12	(x)	1	:	0.000000	0.000000	0.000000	0.000000	0.000000	0.000031	0.000000	0.515715	0.000000	0.000000	0.000000	0.484254
13	tsk_13	(x)	1	:	0.585489	0.000000	0.000000	0.000000	0.000000	0.000000	0.000000	0.000000	0.000000	0.000000	0.000000	0.414511
14	tsk_14	(x)	1	:	0.000000	0.000000	0.000000	0.000000	0.000000	0.000022	0.000000	0.515714	0.000000	0.000000	0.000000	0.484264
15	tsk_15	(x)	1	:	0.482804	0.517196	0.000000	0.000000	0.000000	0.000000	0.000000	0.000000	0.000000	0.000000	0.000000	0.000000
16	tsk_16	(x)	1	:	0.000000	0.612270	0.000000	0.000000	0.000000	0.000000	0.000000	0.000000	0.000000	0.387729	0.000000	0.000000
17	tsk_17	(x)	1	:	0.000000	0.000000	0.000000	0.000000	0.000000	0.000000	0.000000	0.508191	0.491809	0.000000	0.000000	0.000000
18	tsk_18	(x)	1	:	0.000000	0.502822	0.000000	0.000000	0.497178	0.000000	0.000000	0.000000	0.000000	0.000000	0.000000	0.000000
19	tsk_19	(x)	1	:	0.000000	0.000000	0.000000	0.000000	0.000000	0.000026	0.000000	0.515714	0.000000	0.000000	0.000000	0.484260
20	tsk_20	(x)	1	:	0.000000	0.000000	0.000000	0.000000	0.000000	0.000000	0.000000	0.473105	0.000000	0.000000	0.000000	0.526895
21	tsk_21	(x)	1	:	0.000000	0.000000	0.000000	0.000000	0.000000	0.000000	0.000000	0.000000	0.000000	0.000000	0.000000	1.000000
22	tsk_22	(x)	1	:	0.000000	0.000000	0.000000	0.000000	0.000000	0.000000	0.000000	0.493507	0.000000	0.000000	0.000000	0.506493
23	tsk_23	(x)	1	:	0.000000	0.387750	0.515338	0.000000	0.000000	0.000000	0.000000	0.000000	0.096912	0.000000	0.000000	0.000000
24	tsk_24	(x)	1	:	0.000000	0.000000	0.649677	0.000000	0.000000	0.000022	0.000000	0.000000	0.000000	0.000000	0.000000	0.350301
25	tsk_25	(x)	1	:	0.000000	0.000000	0.000000	0.000000	0.000000	0.000000	0.000000	1.000000	0.000000	0.000000	0.000000	0.000000
26	tsk_26	(x)	1	:	0.000000	0.000000	0.000000	0.000000	0.508817	0.000000	0.000000	0.000000	0.000000	0.000000	0.491183	0.000000
27	tsk_27	(x)	1	:	0.000000	0.000000	0.577245	0.000000	0.000000	0.000000	0.000000	0.000000	0.000000	0.000000	0.000000	0.422755
28	tsk_28	(x)	1	:	0.000000	0.000000	0.000000	0.000000	0.000000	0.000930	0.000000	0.000000	0.000000	0.000000	0.523554	0.475516
29	tsk_29	(x)	1	:	0.000000	0.387822	0.000000	0.000000	0.000000	0.486114	0.000000	0.000000	0.126063	0.000000	0.000000	0.000000
30	tsk_30	(x)	1	:	0.000000	0.612270	0.000000	0.000000	0.000000	0.000000	0.000000	0.000000	0.000000	0.387729	0.000000	0.000000
31	tsk_31	(x)	1	:	0.000000	0.000000	0.000000	0.000000	0.126052	0.000000	0.000000	0.873948	0.000000	0.000000	0.000000	0.000000
32	tsk_32	(x)	1	:	0.000000	0.000000	0.000000	0.000000	0.063263	0.000000	0.000000	0.425697	0.003876	0.507164	0.000000	0.000000
33	tsk_33	(x)	1	:	0.000000	0.000000	0.000000	0.000000	0.000000	0.000000	0.000000	1.000000	0.000000	0.000000	0.000000	0.000000
34	tsk_34	(x)	1	:	0.000000	0.000000	0.000000	0.000000	0.000000	0.000000	0.000000	0.507598	0.000000	0.000000	0.492402	0.000000
35	tsk_35	(x)	1	:	0.000000	0.000000	0.000000	0.000000	0.000000	0.000000	0.000000	0.000000	0.000000	1.000000	0.000000	0.000000
36	tsk_36	(x)	1	:	0.000000	0.000000	0.000000	0.000000	0.060517	0.000000	0.000000	0.425648	0.000000	0.000000	0.513835	0.000000
37	tsk_37	(x)	1	:	0.000000	0.000000	0.000000	0.536557	0.033384	0.000000	0.000000	0.430059	0.000000	0.000000	0.000000	0.000000
38	tsk_38	(x)	1	:	0.000000	0.000000	0.000000	0.000000	0.000000	0.000000	0.000000	0.000000	0.000000	1.000000	0.000000	0.000000
39	tsk_39	(x)	1	:	0.000000	0.000000	0.000000	0.000000	0.000000	0.000000	0.000000	0.000000	0.000000	1.000000	0.000000	0.000000
40	tsk_40	(x)	1	:	0.000000	0.000000	0.459745	0.540255	0.000000	0.000000	0.000000	0.000000	0.000000	0.000000	0.000000	0.000000
41	tsk_41	(x)	1	:	0.000000	0.000000	0.000000	0.000000	0.503920	0.000000	0.000000	0.496080	0.000000	0.000000	0.000000	0.000000
42	tsk_42	(x)	1	:	0.000000	0.000000	0.459745	0.540255	0.000000	0.000000	0.000000	0.000000	0.000000	0.000000	0.000000	0.000000
43	tsk_43	(x)	1	:	0.513383	0.000000	0.000000	0.486617	0.000000	0.000000	0.000000	0.000000	0.000000	0.000000	0.000000	0.000000
44	tsk_44	(x)	1	:	0.000000	0.000000	0.459745	0.540255	0.000000	0.000000	0.000000	0.000000	0.000000	0.000000	0.000000	0.000000
45	tsk_45	(x)	1	:	0.000000	0.000000	0.000000	1.000000	0.000000	0.000000	0.000000	0.000000	0.000000	0.000000	0.000000	0.000000
46	tsk_46	(x)	1	:	0.000000	0.000000	0.000000	1.000000	0.000000	0.000000	0.000000	0.000000	0.000000	0.000000	0.000000	0.000000
47	tsk_47	(x)	1	:	0.550331	0.000000	0.449669	0.000000	0.000000	0.000000	0.000000	0.000000	0.000000	0.000000	0.000000	0.000000
48	tsk_48	(x)	1	:	0.513383	0.000000	0.000000	0.486617	0.000000	0.000000	0.000000	0.000000	0.000000	0.000000	0.000000	0.000000
49	tsk_49	(x)	1	:	0.000000	0.000000	0.000000	0.509537	0.490463	0.000000	0.000000	0.000000	0.000000	0.000000	0.000000	0.000000
50	tsk_50	(x)	1	:	0.222274	0.000000	0.327357	0.000000	0.450369	0.000000	0.000000	0.000000	0.000000	0.000000	0.000000	0.000000
51	tsk_51	(x)	1	:	0.000000	0.000000	0.481039	0.000000	0.000000	0.000000	0.000000	0.518370	0.000000	0.000000	0.000000	0.000591
52	tsk_52	(x)	1	:	0.618327	0.000000	0.381673	0.000000	0.000000	0.000000	0.000000	0.000000	0.000000	0.000000	0.000000	0.000000
53	tsk_53	(x)	1	:	0.464759	0.000000	0.535241	0.000000	0.000000	0.000000	0.000000	0.000000	0.000000	0.000000	0.000000	0.000000
54	tsk_54	(x)	1	:	0.000000	0.628139	0.000000	0.000000	0.000000	0.000000	0.000000	0.000000	0.371861	0.000000	0.000000	0.000000
55	tsk_55	(x)	1	:	0.000000	0.000000	0.000000	0.000000	0.503920	0.000000	0.000000	0.496080	0.000000	0.000000	0.000000	0.000000
56	tsk_56	(x)	1	:	0.000000	0.000000	0.000000	0.000000	0.309964	0.000000	0.000000	0.690036	0.000000	0.000000	0.000000	0.000000
57	tsk_57	(x)	1	:	0.000000	0.612270	0.000000	0.000000	0.000000	0.000000	0.000000	0.000000	0.000000	0.387729	0.000000	0.000000
58	tsk_58	(x)	1	:	0.000000	0.525461	0.000000	0.000000	0.474539	0.000000	0.000000	0.000000	0.000000	0.000000	0.000000	0.000000
59	tsk_59	(x)	1	:	0.000000	0.000000	0.000000	0.000000	0.000000	0.000000	0.000000	0.508191	0.491809	0.000000	0.000000	0.000000
60	tsk_60	(x)	1	:	0.000000	0.998588	0.000000	0.000000	0.000000	0.000000	0.000000	0.000000	0.000064	0.001348	0.000000	0.000000
61	tsk_61	(x)	1	:	0.000000	0.998583	0.000000	0.000000	0.000000	0.000000	0.000000	0.000000	0.000058	0.001358	0.000000	0.000000
62	tsk_62	(x)	1	:	0.503958	0.388481	0.000000	0.000000	0.000000	0.000000	0.000000	0.000000	0.107561	0.000000	0.000000	0.000000
63	tsk_63	(x)	1	:	0.000000	1.000000	0.000000	0.000000	0.000000	0.000000	0.000000	0.000000	0.000000	0.000000	0.000000	0.000000
64	tsk_64	(x)	1	:	0.503958	0.388482	0.000000	0.000000	0.000000	0.000000	0.000000	0.000000	0.107561	0.000000	0.000000	0.000000
65	tsk_65	(x)	1	:	0.000000	0.998590	0.000000	0.000000	0.000000	0.000000	0.000000	0.000000	0.000068	0.001342	0.000000	0.000000
66	tsk_66	(x)	1	:	0.000000	0.368753	0.000000	0.000000	0.000000	0.000000	0.000000	0.000000	0.000000	0.631246	0.000000	0.000000
67	tsk_67	(x)	1	:	0.457890	0.542110	0.000000	0.000000	0.000000	0.000000	0.000000	0.000000	0.000000	0.000000	0.000000	0.000000
68	tsk_68	(x)	1	:	0.000000	0.387788	0.000000	0.000000	0.000000	0.000000	0.000000	0.000000	0.109803	0.000000	0.502409	0.000000
69	tsk_69	(x)	1	:	0.000000	0.998591	0.000000	0.000000	0.000000	0.000000	0.000000	0.000000	0.000072	0.001336	0.000000	0.000000
70	tsk_70	(x)	1	:	0.000000	0.000000	0.000000	0.000000	0.000000	0.566813	0.000000	0.000000	0.000000	0.000000	0.433187	0.000000
71	tsk_71	(x)	1	:	0.000000	0.000000	0.000000	0.000000	0.000000	1.000000	0.000000	0.000000	0.000000	0.000000	0.000000	0.000000
72	tsk_72	(x)	1	:	0.000000	0.000000	0.000000	0.000000	0.000000	0.000000	0.000000	0.000000	0.487476	0.512524	0.000000	0.000000
73	tsk_73	(x)	1	:	0.000000	0.000000	0.000000	0.000000	0.000000	0.000000	0.000000	0.000000	0.000000	1.000000	0.000000	0.000000
74	tsk_74	(x)	1	:	0.000000	0.000000	0.000000	0.000000	0.000000	0.515901	0.000000	0.000000	0.000000	0.484099	0.000000	0.000000
75	tsk_75	(x)	1	:	0.500592	0.000000	0.000000	0.000000	0.000000	0.000000	0.000000	0.000000	0.000310	0.499098	0.000000	0.000000
76	tsk_76	(x)	1	:	0.000000	0.000000	0.000000	0.000000	0.000000	0.000000	0.000000	0.000000	0.000000	1.000000	0.000000	0.000000
77	tsk_77	(x)	1	:	0.000000	0.000000	0.478861	0.000000	0.520549	0.000000	0.000000	0.000000	0.000000	0.000000	0.000000	0.000590
78	tsk_78	(x)	1	:	0.000000	0.000000	0.000000	0.000000	0.000000	0.000000	0.000000	0.000000	0.487476	0.512524	0.000000	0.000000
79	tsk_79	(x)	1	:	0.550331	0.000000	0.449669	0.000000	0.000000	0.000000	0.000000	0.000000	0.000000	0.000000	0.000000	0.000000
80	tsk_80	(x)	1	:	0.490140	0.000000	0.000000	0.000000	0.509860	0.000000	0.000000	0.000000	0.000000	0.000000	0.000000	0.000000
81	tsk_81	(x)	1	:	0.000000	0.000000	0.000000	0.000000	1.000000	0.000000	0.000000	0.000000	0.000000	0.000000	0.000000	0.000000
82	tsk_82	(x)	1	:	0.503958	0.388481	0.000000	0.000000	0.000000	0.000000	0.000000	0.000000	0.107561	0.000000	0.000000	0.000000
83	tsk_83	(x)	1	:	0.000000	0.000000	0.000000	0.000000	0.503920	0.000000	0.000000	0.496080	0.000000	0.000000	0.000000	0.000000
84	tsk_84	(x)	1	:	0.000000	0.000000	0.000000	0.000000	0.506807	0.000000	0.000000	0.000000	0.000125	0.493068	0.000000	0.000000
85	tsk_85	(x)	1	:	0.572515	0.000000	0.000000	0.000000	0.000000	0.427485	0.000000	0.000000	0.000000	0.000000	0.000000	0.000000
86	tsk_86	(x)	1	:	0.000000	0.000000	0.000000	0.000000	0.506809	0.000000	0.000000	0.000000	0.000114	0.493078	0.000000	0.000000
87	tsk_87	(x)	1	:	0.490140	0.000000	0.000000	0.000000	0.509860	0.000000	0.000000	0.000000	0.000000	0.000000	0.000000	0.000000
88	tsk_88	(x)	1	:	0.000000	0.000000	0.000000	0.000000	0.000000	0.000000	0.000000	0.000000	0.000000	0.000000	1.000000	0.000000
89	tsk_89	(x)	1	:	0.000000	0.000000	0.576295	0.000000	0.000000	0.423705	0.000000	0.000000	0.000000	0.000000	0.000000	0.000000
90	tsk_90	(x)	1	:	0.000000	0.000000	0.000000	0.000000	1.000000	0.000000	0.000000	0.000000	0.000000	0.000000	0.000000	0.000000
91	tsk_91	(x)	1	:	0.584566	0.000000	0.000000	0.000000	0.000000	0.000000	0.000000	0.000000	0.000000	0.000000	0.000000	0.415433
92	tsk_92	(x)	1	:	0.000000	0.000000	0.000000	0.000000	0.000000	0.001048	0.000000	0.000000	0.000000	0.000000	0.523517	0.475435
93	tsk_93	(x)	1	:	0.000000	0.000000	0.000000	0.550522	0.000000	0.000000	0.000000	0.000000	0.000000	0.000000	0.000000	0.449478
94	tsk_94	(x)	1	:	0.000000	0.000000	0.465950	0.000000	0.000000	0.000000	0.000000	0.000000	0.000000	0.000000	0.000000	0.534050
95	tsk_95	(x)	1	:	0.500595	0.000000	0.000000	0.000000	0.000000	0.000000	0.000000	0.000000	0.000294	0.499111	0.000000	0.000000
96	tsk_96	(x)	1	:	0.585614	0.000000	0.000000	0.000000	0.000000	0.000000	0.000000	0.000000	0.000000	0.000000	0.000000	0.414386
97	tsk_97	(x)	1	:	0.000000	0.387788	0.000000	0.000000	0.000000	0.000000	0.000000	0.000000	0.109803	0.000000	0.502409	0.000000
98	tsk_98	(x)	1	:	0.000000	0.000000	0.486306	0.000000	0.000000	0.000000	0.000000	0.000000	0.004935	0.508757	0.000000	0.000002
99	tsk_99	(x)	1	:	0.000000	0.000000	0.471968	0.000000	0.000000	0.000000	0.000000	0.000000	0.000000	0.000000	0.528032	0.000000
100	tsk_100	(x)	1	:	0.000000	0.000000	0.000000	0.556361	0.000000	0.443639	0.000000	0.000000	0.000000	0.000000	0.000000	0.000000
101	tsk_101	(x)	1	:	0.000000	0.000000	0.459745	0.540255	0.000000	0.000000	0.000000	0.000000	0.000000	0.000000	0.000000	0.000000
102	tsk_102	(x)	1	:	0.000000	0.000000	0.600460	0.399540	0.000000	0.000000	0.000000	0.000000	0.000000	0.000000	0.000000	0.000000
103	tsk_103	(x)	1	:	0.000000	0.000000	0.000000	0.000000	0.000000	0.434708	0.000000	0.000000	0.000000	0.000000	0.565292	0.000000
104	tsk_104	(x)	1	:	0.000000	0.000000	0.000000	0.425753	0.000000	0.574247	0.000000	0.000000	0.000000	0.000000	0.000000	0.000000
105	tsk_105	(x)	1	:	0.000000	0.000000	0.541493	0.458507	0.000000	0.000000	0.000000	0.000000	0.000000	0.000000	0.000000	0.000000
106	tsk_106	(x)	1	:	0.000000	0.514627	0.000000	0.000000	0.000000	0.000000	0.000000	0.000000	0.000000	0.000000	0.485373	0.000000
107	tsk_107	(x)	1	:	0.000000	0.000000	0.000000	0.495253	0.000000	0.000000	0.000000	0.000000	0.000000	0.000000	0.504747	0.000000
108	tsk_108	(x)	1	:	0.000000	0.000000	0.000000	0.469868	0.000000	0.000000	0.000000	0.000000	0.530132	0.000000	0.000000	0.000000
109	tsk_109	(x)	1	:	0.000000	0.000000	0.000000	0.000000	0.000000	0.000854	0.000000	0.000000	0.000000	0.000000	0.523578	0.475568
110	tsk_110	(x)	1	:	0.000000	0.647996	0.000000	0.000000	0.000000	0.000000	0.352003	0.000000	0.000000	0.000000	0.000000	0.000000
111	tsk_111	(x)	1	:	0.000000	0.000000	0.000000	0.000000	0.000000	0.000000	1.000000	0.000000	0.000000	0.000000	0.000000	0.000000
112	tsk_112	(x)	1	:	0.000000	0.337460	0.000000	0.465319	0.000000	0.000000	0.197221	0.000000	0.000000	0.000000	0.000000	0.000000
113	tsk_113	(x)	1	:	0.000000	0.000000	0.000000	0.000000	0.484281	0.000000	0.000000	0.000000	0.006081	0.509638	0.000000	0.000000
114	tsk_114	(x)	1	:	0.000000	0.647996	0.000000	0.000000	0.000000	0.000000	0.352003	0.000000	0.000000	0.000000	0.000000	0.000000
115	tsk_115	(x)	1	:	0.000000	0.000000	0.000000	0.000000	0.000000	0.000000	0.000000	0.000000	0.000000	1.000000	0.000000	0.000000
116	tsk_116	(x)	1	:	0.000000	0.612270	0.000000	0.000000	0.000000	0.000000	0.000000	0.000000	0.000000	0.387729	0.000000	0.000000
117	tsk_117	(x)	1	:	0.000000	0.000000	0.000000	0.477221	0.000000	0.000000	0.522779	0.000000	0.000000	0.000000	0.000000	0.000000
118	tsk_118	(x)	1	:	0.000000	0.000000	0.000000	0.000000	0.000000	0.000000	0.470891	0.000000	0.000000	0.529109	0.000000	0.000000
119	tsk_119	(x)	1	:	0.000000	0.000000	0.000000	0.000000	0.000000	0.000000	1.000000	0.000000	0.000000	0.000000	0.000000	0.000000
120	tsk_120	(x)	1	:	0.000000	0.000000	0.000000	0.498004	0.000000	0.000000	0.000000	0.000000	0.000618	0.501378	0.000000	0.000000
121	tsk_121	(x)	1	:	0.000000	0.000000	0.000000	0.500685	0.000000	0.000000	0.482844	0.000000	0.016471	0.000000	0.000000	0.000000
122	tsk_122	(x)	1	:	0.000002	0.000000	0.000000	0.000000	0.000000	0.531566	0.000000	0.468430	0.000000	0.000000	0.000000	0.000002
123	tsk_123	(x)	1	:	0.000000	0.000000	0.000000	0.000000	0.000000	0.531570	0.000000	0.468430	0.000000	0.000000	0.000000	0.000000
124	tsk_124	(x)	1	:	0.000000	0.525461	0.000000	0.000000	0.474539	0.000000	0.000000	0.000000	0.000000	0.000000	0.000000	0.000000
125	tsk_125	(x)	1	:	0.000000	0.000000	0.000000	0.500790	0.000000	0.000000	0.000000	0.000000	0.499210	0.000000	0.000000	0.000000
126	tsk_126	(x)	1	:	0.000000	0.000000	0.000000	0.521349	0.478651	0.000000	0.000000	0.000000	0.000000	0.000000	0.000000	0.000000
127	tsk_127	(x)	1	:	0.000000	0.000000	0.000000	0.000000	0.000000	1.000000	0.000000	0.000000	0.000000	0.000000	0.000000	0.000000
128	tsk_128	(x)	1	:	0.000000	0.000000	0.000000	0.000000	0.437069	0.000000	0.000000	0.000000	0.000000	0.000000	0.000000	0.562931
129	tsk_129	(x)	1	:	0.000000	0.000000	0.000000	0.556361	0.000000	0.443639	0.000000	0.000000	0.000000	0.000000	0.000000	0.000000
130	tsk_130	(x)	1	:	0.000000	0.000000	0.000000	0.000000	0.503920	0.000000	0.000000	0.496080	0.000000	0.000000	0.000000	0.000000
131	tsk_131	(x)	1	:	0.000000	0.000000	0.000000	0.000000	0.000000	0.000030	0.000000	0.515714	0.000000	0.000000	0.000000	0.484255
132	tsk_132	(x)	1	:	0.000000	0.000000	0.000000	0.000000	0.000000	0.000025	0.000000	0.515714	0.000000	0.000000	0.000000	0.484261
133	tsk_133	(x)	1	:	0.000000	0.502940	0.497060	0.000000	0.000000	0.000000	0.000000	0.000000	0.000000	0.000000	0.000000	0.000000
134	tsk_134	(x)	1	:	0.000000	0.000000	0.478834	0.000000	0.520543	0.000000	0.000000	0.000000	0.000000	0.000000	0.000000	0.000622
135	tsk_135	(x)	1	:	0.000000	0.000000	0.000000	0.000000	0.000000	0.480536	0.000000	0.519464	0.000000	0.000000	0.000000	0.000000
136	tsk_136	(x)	1	:	0.000000	0.000000	0.000000	0.000000	0.521852	0.477458	0.000000	0.000000	0.000000	0.000000	0.000000	0.000690
137	tsk_137	(x)	1	:	0.000000	0.000000	0.000000	0.000000	1.000000	0.000000	0.000000	0.000000	0.000000	0.000000	0.000000	0.000000
138	tsk_138	(x)	1	:	0.000000	0.000000	0.466031	0.000000	0.000000	0.000118	0.000000	0.000000	0.000000	0.000000	0.000000	0.533851
139	tsk_139	(x)	1	:	0.000000	1.000000	0.000000	0.000000	0.000000	0.000000	0.000000	0.000000	0.000000	0.000000	0.000000	0.000000
140	tsk_140	(x)	1	:	0.000000	0.000000	0.519026	0.000000	0.000000	0.000000	0.000000	0.480973	0.000000	0.000000	0.000000	0.000000
141	tsk_141	(x)	1	:	0.000000	0.368753	0.000000	0.000000	0.000000	0.000000	0.000000	0.000000	0.000000	0.631246	0.000000	0.000000
142	tsk_142	(x)	1	:	0.000000	0.387745	0.516854	0.000000	0.000000	0.000000	0.000000	0.000000	0.095401	0.000000	0.000000	0.000000
143	tsk_143	(x)	1	:	0.000000	0.387738	0.000000	0.000000	0.509229	0.000000	0.000000	0.000000	0.103033	0.000000	0.000000	0.000000
144	tsk_144	(x)	1	:	0.000000	0.000000	0.486301	0.000000	0.000000	0.000000	0.000000	0.000000	0.004958	0.508738	0.000000	0.000003
145	tsk_145	(x)	1	:	0.000000	0.000000	0.511827	0.000000	0.000000	0.000000	0.000000	0.000000	0.000050	0.488123	0.000000	0.000000
146	tsk_146	(x)	1	:	0.000000	0.387828	0.000000	0.500673	0.000000	0.000000	0.000000	0.000000	0.111499	0.000000	0.000000	0.000000
147	tsk_147	(x)	1	:	0.000000	0.502822	0.000000	0.000000	0.497178	0.000000	0.000000	0.000000	0.000000	0.000000	0.000000	0.000000
148	tsk_148	(x)	1	:	0.000000	0.521024	0.000000	0.000000	0.053950	0.000000	0.000000	0.425026	0.000000	0.000000	0.000000	0.000000
149	tsk_149	(x)	1	:	0.000000	0.387745	0.516854	0.000000	0.000000	0.000000	0.000000	0.000000	0.095401	0.000000	0.000000	0.000000
