logL = -1805.720201 (converged)
AIC = 9135.440402
BIC = 17450.815085

count.K
3 8 8 5 6 12 3 3 23 34 5 21 3 16 

