logL = -869.825052 (converged)
AIC = 6431.650105
BIC = 13494.600505

count.K
15 6 7 5 18 8 15 33 10 9 4 18 2 

