logL = -693.829819 (converged)
AIC = 3999.659638
BIC = 7931.549332

count.K
6 32 6 69 4 9 5 19 

