logL = -859.890287 (converged)
AIC = 3279.780575
BIC = 5628.076104

count.K
28 24 42 18 38 

