logL = -1419.128353 (converged)
AIC = 5254.256707
BIC = 8891.104142

count.K
13 13 17 32 29 19 27 

