logL = -1232.382081 (converged)
AIC = 7984.764162
BIC = 16294.117573

count.K
25 11 1 30 3 2 1 6 2 20 6 14 5 7 17 

