logL = -734.444037 (converged)
AIC = 5952.888074
BIC = 12702.732403

count.K
4 0 10 31 5 6 33 0 10 1 3 15 32 

