logL = -1351.825530 (converged)
AIC = 4671.651059
BIC = 7634.116188

count.K
27 30 25 22 43 3 

