logL = -1385.409284 (converged)
AIC = 5102.818569
BIC = 8613.219322

count.K
7 22 20 9 40 34 18 

