logL = -2422.470541 (converged)
AIC = 7004.941083
BIC = 10256.427200

count.K
25 34 30 1 36 24 

