logL = -1719.705974 (converged)
AIC = 4285.411948
BIC = 5558.910677

count.K
38 57 55 

