logL = -1171.283356 (converged)
AIC = 3902.566711
BIC = 6250.862241

count.K
23 28 10 70 19 

