logL = -3601.755337 (converged)
AIC = 7743.510675
BIC = 8556.382204

count.K
49 101 

