logL = -1735.032655 (converged)
AIC = 4754.065310
BIC = 6686.893169

count.K
23 24 22 81 

