0	tsk_0	(x)	1	:	0.000000	1.000000	0.000000	0.000000	0.000000	0.000000	0.000000	0.000000	0.000000	0.000000	0.000000	0.000000	0.000000
1	tsk_1	(x)	1	:	0.000000	1.000000	0.000000	0.000000	0.000000	0.000000	0.000000	0.000000	0.000000	0.000000	0.000000	0.000000	0.000000
2	tsk_2	(x)	1	:	0.000000	0.500001	0.000000	0.000000	0.000000	0.000000	0.000000	0.000000	0.000000	0.000001	0.000000	0.000000	0.499998
3	tsk_3	(x)	1	:	0.000000	0.000000	0.000000	0.499872	0.000000	0.000000	0.000000	0.000000	0.500127	0.000000	0.000000	0.000000	0.000000
4	tsk_4	(x)	1	:	0.000000	0.509036	0.000000	0.000000	0.000000	0.000000	0.000000	0.000000	0.000000	0.000050	0.487794	0.000000	0.003120
5	tsk_5	(x)	1	:	0.000000	0.500000	0.000000	0.000000	0.000000	0.000000	0.000000	0.000000	0.000000	0.000000	0.000000	0.000000	0.500000
6	tsk_6	(x)	1	:	0.000000	0.499188	0.000254	0.000000	0.000000	0.000000	0.000000	0.000000	0.499621	0.000137	0.000000	0.000000	0.000800
7	tsk_7	(x)	1	:	0.000000	0.000000	0.000000	0.000000	0.000000	0.000000	0.000000	0.000000	0.500564	0.499436	0.000000	0.000000	0.000000
8	tsk_8	(x)	1	:	0.000000	0.500003	0.000000	0.000000	0.000000	0.000000	0.000000	0.000000	0.000000	0.000004	0.000000	0.000000	0.499992
9	tsk_9	(x)	1	:	0.000000	0.000000	0.498861	0.000000	0.000000	0.000000	0.000000	0.000000	0.000000	0.501139	0.000000	0.000000	0.000000
10	tsk_10	(x)	1	:	0.000000	0.000000	0.000000	0.000000	0.000000	0.000000	0.000000	0.000000	0.000000	1.000000	0.000000	0.000000	0.000000
11	tsk_11	(x)	1	:	0.000000	0.000000	0.000448	0.000000	0.000000	0.000000	0.000000	0.000000	0.500313	0.499239	0.000000	0.000000	0.000000
12	tsk_12	(x)	1	:	0.000000	0.000000	0.000000	0.000000	0.000000	0.000000	0.000000	0.000000	0.000000	0.000001	0.000000	0.000000	0.999999
13	tsk_13	(x)	1	:	0.000000	0.000000	0.000845	0.000000	0.000007	0.000000	0.000000	0.229569	0.270601	0.498978	0.000000	0.000000	0.000000
14	tsk_14	(x)	1	:	0.000000	0.000000	0.000000	0.000000	0.000000	0.000000	0.000000	0.000000	0.500568	0.499432	0.000000	0.000000	0.000000
15	tsk_15	(x)	1	:	0.000000	0.000000	0.000000	0.000000	0.000000	0.000000	0.000000	0.000000	0.000000	1.000000	0.000000	0.000000	0.000000
16	tsk_16	(x)	1	:	0.000000	0.000000	0.000854	0.000000	0.492903	0.000000	0.000000	0.229799	0.270922	0.005522	0.000000	0.000000	0.000000
17	tsk_17	(x)	1	:	0.000000	0.000000	0.000000	0.000000	0.000000	0.000000	0.000000	0.000000	0.000000	0.496026	0.000000	0.000000	0.503973
18	tsk_18	(x)	1	:	0.000000	0.000000	0.002715	0.000000	0.492418	0.000000	0.000000	0.000000	0.000000	0.007410	0.000000	0.497457	0.000000
19	tsk_19	(x)	1	:	0.000000	0.000000	0.000000	0.000000	0.000000	0.000000	0.000000	0.401167	0.598833	0.000000	0.000000	0.000000	0.000000
20	tsk_20	(x)	1	:	0.000000	0.000000	0.000000	0.000000	0.000000	0.000000	0.159313	0.533512	0.307175	0.000000	0.000000	0.000000	0.000000
21	tsk_21	(x)	1	:	0.209898	0.000000	0.000000	0.000000	0.000000	0.000002	0.000000	0.283161	0.506940	0.000000	0.000000	0.000000	0.000000
22	tsk_22	(x)	1	:	0.000000	0.000000	0.000000	0.000000	0.000000	0.500026	0.000000	0.283567	0.216407	0.000000	0.000000	0.000000	0.000000
23	tsk_23	(x)	1	:	0.000000	0.000000	0.000000	0.000000	0.000000	0.000000	0.093213	0.000000	0.420915	0.485872	0.000000	0.000000	0.000000
24	tsk_24	(x)	1	:	0.000000	0.000000	0.000000	0.000000	0.000000	0.000001	0.000000	0.283333	0.716666	0.000000	0.000000	0.000000	0.000000
25	tsk_25	(x)	1	:	0.000000	0.000000	0.000000	0.000000	0.000000	0.500026	0.000000	0.283568	0.216407	0.000000	0.000000	0.000000	0.000000
26	tsk_26	(x)	1	:	0.210034	0.000000	0.000000	0.000000	0.000000	0.000000	0.082210	0.000000	0.707756	0.000000	0.000000	0.000000	0.000000
27	tsk_27	(x)	1	:	0.000000	0.000000	0.000000	0.000000	0.000000	0.000000	0.172711	0.000000	0.354351	0.472938	0.000000	0.000000	0.000000
28	tsk_28	(x)	1	:	0.000000	0.000000	0.000000	0.000000	0.000000	0.000001	0.000000	0.692733	0.307265	0.000000	0.000000	0.000000	0.000000
29	tsk_29	(x)	1	:	0.000000	0.000000	0.000000	0.000000	0.000000	0.000001	0.000000	0.283333	0.716666	0.000000	0.000000	0.000000	0.000000
30	tsk_30	(x)	1	:	0.499508	0.000000	0.000400	0.000000	0.000000	0.000000	0.000000	0.000000	0.000879	0.499213	0.000000	0.000000	0.000000
31	tsk_31	(x)	1	:	0.500080	0.000000	0.000148	0.000000	0.000000	0.000000	0.000000	0.000000	0.000328	0.499444	0.000000	0.000000	0.000000
32	tsk_32	(x)	1	:	0.000000	0.000000	0.000000	0.000000	0.000000	0.000000	0.000000	0.000000	0.500567	0.499433	0.000000	0.000000	0.000000
33	tsk_33	(x)	1	:	0.000000	0.000000	0.000000	0.000000	0.000000	0.000000	0.000000	0.000000	0.000000	1.000000	0.000000	0.000000	0.000000
34	tsk_34	(x)	1	:	0.227007	0.000000	0.000000	0.000000	0.000000	0.000000	0.000000	0.000000	0.772993	0.000000	0.000000	0.000000	0.000000
35	tsk_35	(x)	1	:	0.000000	0.000000	0.002549	0.000000	0.491308	0.000000	0.000000	0.000000	0.000000	0.008741	0.000000	0.497402	0.000000
36	tsk_36	(x)	1	:	0.726603	0.000000	0.000000	0.000000	0.000000	0.000000	0.000000	0.000000	0.273397	0.000000	0.000000	0.000000	0.000000
37	tsk_37	(x)	1	:	0.000000	0.000000	0.001076	0.000000	0.000000	0.000000	0.000000	0.000000	0.000000	0.501146	0.000000	0.497777	0.000000
38	tsk_38	(x)	1	:	0.501723	0.000000	0.000000	0.000000	0.000000	0.000000	0.000000	0.000000	0.002703	0.000000	0.000000	0.495574	0.000000
39	tsk_39	(x)	1	:	0.000000	0.000000	0.000000	0.000000	0.488761	0.000000	0.000000	0.000000	0.000000	0.511239	0.000000	0.000000	0.000000
40	tsk_40	(x)	1	:	0.441450	0.000000	0.000000	0.000000	0.000000	0.000000	0.000000	0.000000	0.058545	0.500004	0.000000	0.000000	0.000000
41	tsk_41	(x)	1	:	0.000000	0.000000	0.002259	0.000000	0.000000	0.000000	0.000000	0.000000	0.000000	0.500536	0.000000	0.497206	0.000000
42	tsk_42	(x)	1	:	0.000000	0.000000	0.498732	0.000000	0.000000	0.000000	0.000000	0.000000	0.000000	0.501268	0.000000	0.000000	0.000000
43	tsk_43	(x)	1	:	0.000000	0.000000	0.000000	0.000000	0.000000	0.000000	0.000000	0.000000	0.000000	1.000000	0.000000	0.000000	0.000000
44	tsk_44	(x)	1	:	0.000000	0.000000	0.000245	0.000000	0.000000	0.000000	0.000000	0.283586	0.216188	0.000542	0.000000	0.000000	0.499438
45	tsk_45	(x)	1	:	0.499844	0.000000	0.000135	0.000000	0.000000	0.000000	0.000000	0.000000	0.000616	0.499405	0.000000	0.000000	0.000000
46	tsk_46	(x)	1	:	0.499749	0.000000	0.000356	0.000000	0.000000	0.000000	0.000000	0.000000	0.000613	0.499282	0.000000	0.000000	0.000000
47	tsk_47	(x)	1	:	0.499423	0.000000	0.000042	0.000000	0.000000	0.000000	0.000000	0.000000	0.000498	0.000988	0.000000	0.000000	0.499049
48	tsk_48	(x)	1	:	0.726636	0.000000	0.000000	0.000000	0.000000	0.000000	0.000000	0.000000	0.273364	0.000000	0.000000	0.000000	0.000000
49	tsk_49	(x)	1	:	0.241625	0.000000	0.000786	0.000000	0.000000	0.000000	0.000000	0.000000	0.258289	0.254185	0.245115	0.000000	0.000000
50	tsk_50	(x)	1	:	0.000000	0.499429	0.001356	0.000000	0.000000	0.000000	0.000000	0.000000	0.000000	0.000178	0.000000	0.497183	0.001854
51	tsk_51	(x)	1	:	0.000000	0.000000	0.001900	0.000000	0.000000	0.000000	0.000000	0.000000	0.000000	0.500708	0.000000	0.497392	0.000000
52	tsk_52	(x)	1	:	0.000000	0.000000	0.002639	0.000000	0.000003	0.000000	0.000000	0.000000	0.000000	0.500336	0.000000	0.497023	0.000000
53	tsk_53	(x)	1	:	0.000000	0.000000	0.000000	0.000000	0.000000	1.000000	0.000000	0.000000	0.000000	0.000000	0.000000	0.000000	0.000000
54	tsk_54	(x)	1	:	0.000000	0.000000	0.000000	0.000000	0.000000	0.000000	0.000000	0.000000	0.500569	0.499431	0.000000	0.000000	0.000000
55	tsk_55	(x)	1	:	0.000000	0.000000	0.000000	0.000000	0.000000	0.000000	0.000000	0.000000	1.000000	0.000000	0.000000	0.000000	0.000000
56	tsk_56	(x)	1	:	0.000000	0.000000	0.000000	0.000000	0.000000	0.000000	0.000000	0.000000	0.000000	0.000000	0.000000	1.000000	0.000000
57	tsk_57	(x)	1	:	0.000000	0.498637	0.000000	0.000000	0.000000	0.000000	0.000000	0.000000	0.000000	0.493275	0.000000	0.000000	0.008088
58	tsk_58	(x)	1	:	0.000000	0.000000	0.000000	0.000000	0.000000	0.000000	0.000000	0.000000	0.505750	0.000000	0.000000	0.494250	0.000000
59	tsk_59	(x)	1	:	0.000000	0.000000	0.000000	0.000000	0.000000	1.000000	0.000000	0.000000	0.000000	0.000000	0.000000	0.000000	0.000000
60	tsk_60	(x)	1	:	0.000000	0.000000	0.000000	0.502534	0.000000	0.000000	0.000000	0.000000	0.000000	0.000000	0.000000	0.497466	0.000000
61	tsk_61	(x)	1	:	0.000000	0.000000	0.000000	0.000000	0.000000	0.000000	0.000000	0.000000	0.000000	1.000000	0.000000	0.000000	0.000000
62	tsk_62	(x)	1	:	0.000000	0.000000	0.498806	0.000000	0.000000	0.000000	0.000000	0.000000	0.000000	0.501194	0.000000	0.000000	0.000000
63	tsk_63	(x)	1	:	0.000000	0.000000	0.000000	0.000000	0.000000	0.000000	0.000000	0.000000	0.000000	1.000000	0.000000	0.000000	0.000000
64	tsk_64	(x)	1	:	0.000000	0.000000	0.000000	0.000000	0.000000	0.000000	0.000000	0.000000	0.000000	1.000000	0.000000	0.000000	0.000000
65	tsk_65	(x)	1	:	0.000000	0.000000	0.002253	0.000000	0.000000	0.000000	0.000000	0.000000	0.000000	0.500539	0.000000	0.497207	0.000000
66	tsk_66	(x)	1	:	0.000000	0.000000	0.000000	0.000000	0.000000	0.000000	0.000000	0.000000	0.000000	0.495998	0.000000	0.000000	0.504002
67	tsk_67	(x)	1	:	0.000000	0.000000	0.498783	0.000000	0.000000	0.000000	0.000000	0.000000	0.000000	0.501217	0.000000	0.000000	0.000000
68	tsk_68	(x)	1	:	0.000000	0.000000	0.002569	0.000000	0.000000	0.000000	0.000000	0.000000	0.000000	0.500375	0.000000	0.497055	0.000000
69	tsk_69	(x)	1	:	0.000000	0.000000	0.000000	0.000000	0.000000	0.000000	0.000000	0.000000	0.000000	0.000002	0.000000	0.000000	0.999997
70	tsk_70	(x)	1	:	0.000000	0.000000	0.497189	0.000000	0.000000	0.000000	0.000000	0.000000	0.502811	0.000000	0.000000	0.000000	0.000000
71	tsk_71	(x)	1	:	0.000000	0.000000	0.000000	0.000000	0.000000	0.000000	0.000000	0.000000	0.000000	0.496515	0.000000	0.000000	0.503485
72	tsk_72	(x)	1	:	0.000000	0.000000	0.003070	0.000000	0.000000	0.000000	0.000000	0.000000	0.504109	0.000000	0.492820	0.000000	0.000000
73	tsk_73	(x)	1	:	0.226824	0.000000	0.000765	0.000000	0.000013	0.000000	0.000000	0.000000	0.273439	0.498959	0.000000	0.000000	0.000000
74	tsk_74	(x)	1	:	0.244617	0.000000	0.000669	0.000000	0.000000	0.000000	0.000000	0.000000	0.255671	0.499043	0.000000	0.000000	0.000000
75	tsk_75	(x)	1	:	0.000000	0.000000	0.000000	0.000000	0.000000	0.000000	0.000000	0.000000	0.000000	0.496014	0.000000	0.000000	0.503985
76	tsk_76	(x)	1	:	0.000000	0.000000	0.000000	0.000000	0.000000	0.000000	0.000000	0.000000	0.474283	0.000000	0.187164	0.000000	0.338553
77	tsk_77	(x)	1	:	0.546432	0.000000	0.000000	0.000000	0.000000	0.000000	0.000000	0.000000	0.453568	0.000000	0.000000	0.000000	0.000000
78	tsk_78	(x)	1	:	0.000000	0.000000	0.544692	0.000000	0.000000	0.000000	0.000000	0.000000	0.000000	0.000000	0.000000	0.000000	0.455307
79	tsk_79	(x)	1	:	0.000000	0.000000	0.000000	0.000000	0.000000	0.000000	0.000000	0.000000	0.000000	1.000000	0.000000	0.000000	0.000000
80	tsk_80	(x)	1	:	0.000000	0.000000	0.497914	0.000000	0.000000	0.000000	0.000000	0.000000	0.000000	0.002006	0.000000	0.000000	0.500081
81	tsk_81	(x)	1	:	0.000000	0.000000	0.498479	0.000000	0.000000	0.000000	0.000000	0.000000	0.000000	0.501521	0.000000	0.000000	0.000000
82	tsk_82	(x)	1	:	0.000000	0.000000	0.496614	0.000000	0.000000	0.499137	0.000000	0.000000	0.004249	0.000000	0.000000	0.000000	0.000000
83	tsk_83	(x)	1	:	0.000000	0.000000	0.000000	0.000000	0.000000	0.000000	0.000000	0.000000	0.000000	0.000001	0.000000	0.000000	0.999999
84	tsk_84	(x)	1	:	0.500209	0.000000	0.000000	0.000000	0.000000	0.000000	0.000000	0.000000	0.000270	0.499520	0.000000	0.000000	0.000000
85	tsk_85	(x)	1	:	0.000000	0.000000	0.502205	0.000000	0.000000	0.000000	0.000000	0.000000	0.000000	0.000000	0.000000	0.497795	0.000000
86	tsk_86	(x)	1	:	0.000000	0.000000	0.000000	0.000000	0.000000	0.000000	0.000000	0.000000	0.000000	0.000001	0.000000	0.525408	0.474591
87	tsk_87	(x)	1	:	0.000000	0.000000	0.000000	0.000000	0.000000	0.000000	0.000000	0.000000	0.000000	1.000000	0.000000	0.000000	0.000000
88	tsk_88	(x)	1	:	0.000000	0.000000	0.498887	0.000000	0.000000	0.000000	0.000000	0.000000	0.000000	0.501113	0.000000	0.000000	0.000000
89	tsk_89	(x)	1	:	0.000000	0.000000	0.497972	0.000000	0.000000	0.000000	0.000000	0.000000	0.000000	0.001711	0.000000	0.000000	0.500316
90	tsk_90	(x)	1	:	0.226959	0.000000	0.000000	0.000000	0.000000	0.000000	0.000000	0.000000	0.278837	0.000000	0.000000	0.494204	0.000000
91	tsk_91	(x)	1	:	0.000000	0.000000	0.444498	0.000000	0.000000	0.000000	0.000000	0.000000	0.000000	0.000000	0.000000	0.555502	0.000000
92	tsk_92	(x)	1	:	0.000000	0.000000	0.502205	0.000000	0.000000	0.000000	0.000000	0.000000	0.000000	0.000000	0.000000	0.497795	0.000000
93	tsk_93	(x)	1	:	0.000000	0.000000	0.502205	0.000000	0.000000	0.000000	0.000000	0.000000	0.000000	0.000000	0.000000	0.497795	0.000000
94	tsk_94	(x)	1	:	0.000000	0.000000	0.502205	0.000000	0.000000	0.000000	0.000000	0.000000	0.000000	0.000000	0.000000	0.497795	0.000000
95	tsk_95	(x)	1	:	0.000000	0.000000	0.502205	0.000000	0.000000	0.000000	0.000000	0.000000	0.000000	0.000000	0.000000	0.497795	0.000000
96	tsk_96	(x)	1	:	0.000000	0.000000	0.497142	0.000000	0.000000	0.000000	0.000000	0.229846	0.273012	0.000000	0.000000	0.000000	0.000000
97	tsk_97	(x)	1	:	0.000000	0.000000	1.000000	0.000000	0.000000	0.000000	0.000000	0.000000	0.000000	0.000000	0.000000	0.000000	0.000000
98	tsk_98	(x)	1	:	0.000000	0.000000	0.002663	0.000000	0.491033	0.000000	0.000000	0.000000	0.000000	0.008993	0.000000	0.497311	0.000000
99	tsk_99	(x)	1	:	0.000000	0.000000	0.502205	0.000000	0.000000	0.000000	0.000000	0.000000	0.000000	0.000000	0.000000	0.497795	0.000000
100	tsk_100	(x)	1	:	0.000000	0.000000	0.060805	0.000000	0.000000	0.000000	0.439940	0.000000	0.000000	0.499256	0.000000	0.000000	0.000000
101	tsk_101	(x)	1	:	0.000000	0.000000	0.002621	0.000000	0.491069	0.000000	0.000000	0.000000	0.000000	0.008974	0.000000	0.497336	0.000000
102	tsk_102	(x)	1	:	0.000000	0.000000	0.000000	0.000000	0.488426	0.000000	0.493688	0.000000	0.000000	0.017886	0.000000	0.000000	0.000000
103	tsk_103	(x)	1	:	0.227072	0.000000	0.000000	0.000000	0.000000	0.496360	0.000000	0.000000	0.276567	0.000000	0.000000	0.000000	0.000000
104	tsk_104	(x)	1	:	0.000000	0.000000	0.000000	0.000000	0.000000	0.500026	0.000000	0.283567	0.216407	0.000000	0.000000	0.000000	0.000000
105	tsk_105	(x)	1	:	0.000000	0.000000	0.499530	0.000000	0.491191	0.000000	0.000000	0.000000	0.000000	0.009279	0.000000	0.000000	0.000000
106	tsk_106	(x)	1	:	0.000000	0.000000	0.502205	0.000000	0.000000	0.000000	0.000000	0.000000	0.000000	0.000000	0.000000	0.497795	0.000000
107	tsk_107	(x)	1	:	0.000000	0.000000	0.002716	0.000000	0.491313	0.000000	0.000000	0.000000	0.000000	0.008652	0.000000	0.497319	0.000000
108	tsk_108	(x)	1	:	0.000000	0.000000	0.000000	0.000000	0.000000	0.498702	0.427525	0.000000	0.073740	0.000000	0.000000	0.000033	0.000000
109	tsk_109	(x)	1	:	0.000000	0.000000	0.000162	0.000000	0.492195	0.499146	0.000000	0.000000	0.002083	0.006413	0.000000	0.000000	0.000000
110	tsk_110	(x)	1	:	0.000000	0.498767	0.000230	0.000000	0.000000	0.000000	0.000000	0.000000	0.499540	0.000066	0.000000	0.000000	0.001397
111	tsk_111	(x)	1	:	0.000000	0.498752	0.000000	0.000000	0.000001	0.000000	0.000000	0.000000	0.000000	0.493507	0.000000	0.000000	0.007740
112	tsk_112	(x)	1	:	0.000000	0.499002	0.000251	0.000000	0.000000	0.000000	0.000000	0.000000	0.499584	0.000079	0.000000	0.000000	0.001084
113	tsk_113	(x)	1	:	0.000000	0.000000	0.000069	0.000000	0.000000	0.000000	0.000000	0.000000	0.500529	0.499401	0.000000	0.000000	0.000000
114	tsk_114	(x)	1	:	0.000000	0.000000	0.000229	0.000000	0.000000	0.000000	0.000000	0.000000	0.499735	0.000980	0.000000	0.000000	0.499056
115	tsk_115	(x)	1	:	0.000000	0.000000	0.000000	0.000000	0.000000	0.000000	0.000000	0.000000	0.500569	0.499431	0.000000	0.000000	0.000000
116	tsk_116	(x)	1	:	0.000000	0.000000	0.000000	0.000000	0.000000	0.000000	0.000000	0.000000	0.505750	0.000000	0.000000	0.494250	0.000000
117	tsk_117	(x)	1	:	0.000000	0.000000	0.000244	0.000000	0.000000	0.000000	0.000000	0.000000	0.499756	0.000738	0.000000	0.000000	0.499262
118	tsk_118	(x)	1	:	0.000000	0.000000	0.000000	0.000000	0.528507	0.000000	0.000000	0.000000	0.471493	0.000000	0.000000	0.000000	0.000000
119	tsk_119	(x)	1	:	0.000000	0.000000	0.498877	0.000000	0.000000	0.000000	0.000000	0.000000	0.000000	0.501123	0.000000	0.000000	0.000000
120	tsk_120	(x)	1	:	0.000000	0.000000	0.000000	0.000000	0.000000	0.000000	0.000000	0.000000	0.000000	0.000001	0.000000	0.000000	0.999999
121	tsk_121	(x)	1	:	0.000000	0.000000	0.000225	0.000000	0.000000	0.000000	0.000000	0.000000	0.499759	0.000808	0.000000	0.000000	0.499208
122	tsk_122	(x)	1	:	0.000000	0.000000	0.000000	0.000000	0.000000	0.000000	0.000000	0.000000	0.000000	0.496011	0.000000	0.000000	0.503989
123	tsk_123	(x)	1	:	0.000000	0.000000	0.000000	0.000000	0.000000	0.000000	0.000000	0.000000	0.000000	0.495986	0.000000	0.000000	0.504013
124	tsk_124	(x)	1	:	0.000000	0.000000	0.000000	0.000000	0.000000	0.000000	0.000000	0.000000	0.000000	0.496043	0.000000	0.000000	0.503957
125	tsk_125	(x)	1	:	0.000000	0.000000	0.000000	0.000000	0.000000	0.000000	0.000000	0.000000	0.000000	0.000000	0.000000	0.000000	1.000000
126	tsk_126	(x)	1	:	0.000000	0.000000	0.000188	0.000000	0.000000	0.000000	0.000000	0.000000	0.499772	0.000891	0.000000	0.000000	0.499149
127	tsk_127	(x)	1	:	0.000000	0.000000	0.000000	0.000000	0.000000	0.000000	0.000000	0.000000	1.000000	0.000000	0.000000	0.000000	0.000000
128	tsk_128	(x)	1	:	0.000000	0.000000	0.000251	0.000000	0.000000	0.000000	0.000000	0.000000	0.499699	0.001166	0.000000	0.000000	0.498885
129	tsk_129	(x)	1	:	0.000000	0.000000	0.000000	0.000000	0.000000	0.000000	0.000000	0.000000	0.000000	0.000001	0.000000	0.000000	0.999999
130	tsk_130	(x)	1	:	0.000000	0.000000	0.000000	0.000000	0.000000	0.000000	0.000000	0.000000	0.000000	0.000000	0.000000	0.000000	1.000000
131	tsk_131	(x)	1	:	0.000000	0.000000	0.000061	0.000000	0.492528	0.499019	0.000000	0.000000	0.002352	0.006040	0.000000	0.000000	0.000000
132	tsk_132	(x)	1	:	0.000000	0.000000	0.499941	0.000000	0.492840	0.000000	0.000000	0.000000	0.000000	0.007219	0.000000	0.000000	0.000000
133	tsk_133	(x)	1	:	0.000000	0.000000	0.000000	0.000000	0.488139	0.000000	0.000000	0.000000	0.000000	0.008430	0.000000	0.000000	0.503431
134	tsk_134	(x)	1	:	0.000000	0.000000	0.000674	0.000000	0.000000	0.000000	0.000000	0.000000	0.500184	0.499142	0.000000	0.000000	0.000000
135	tsk_135	(x)	1	:	0.000000	0.000000	0.000000	0.000000	0.488604	0.000000	0.000000	0.000000	0.000000	0.007502	0.000000	0.000000	0.503894
136	tsk_136	(x)	1	:	0.000000	0.000000	0.000000	0.000000	0.000000	0.000000	0.000000	0.000000	0.000000	0.000000	0.000000	0.000000	1.000000
137	tsk_137	(x)	1	:	0.000000	0.000000	0.000000	0.000000	0.488039	0.000000	0.000000	0.000000	0.000000	0.008631	0.000000	0.000000	0.503329
138	tsk_138	(x)	1	:	0.000000	0.000000	0.498071	0.000000	0.000000	0.000000	0.000000	0.000000	0.000000	0.001213	0.000000	0.000000	0.500716
139	tsk_139	(x)	1	:	0.000000	0.000000	0.000783	0.000000	0.491887	0.000000	0.000000	0.000000	0.500587	0.006742	0.000000	0.000000	0.000000
140	tsk_140	(x)	1	:	0.000000	0.000000	0.502205	0.000000	0.000000	0.000000	0.000000	0.000000	0.000000	0.000000	0.000000	0.497795	0.000000
141	tsk_141	(x)	1	:	0.000000	0.000000	0.000000	0.000000	0.000000	0.000000	0.000000	0.506644	0.000000	0.493356	0.000000	0.000000	0.000000
142	tsk_142	(x)	1	:	0.409427	0.000000	0.000000	0.000000	0.000000	0.000000	0.000000	0.000000	0.090001	0.500572	0.000000	0.000000	0.000000
143	tsk_143	(x)	1	:	0.000000	0.000000	0.497990	0.000000	0.000000	0.000000	0.000000	0.000000	0.000000	0.001622	0.000000	0.000000	0.500388
144	tsk_144	(x)	1	:	0.000000	0.000000	0.000000	0.000000	0.000000	0.000000	0.000000	0.515288	0.000015	0.000000	0.000000	0.484696	0.000000
145	tsk_145	(x)	1	:	0.000000	0.000000	0.000000	0.000000	0.000000	0.000000	0.000000	0.505525	0.000000	0.000276	0.000000	0.000000	0.494199
146	tsk_146	(x)	1	:	0.000000	0.000000	0.497189	0.000000	0.000000	0.000000	0.000000	0.000000	0.502811	0.000000	0.000000	0.000000	0.000000
147	tsk_147	(x)	1	:	0.000000	0.000000	0.497189	0.000000	0.000000	0.000000	0.000000	0.000000	0.502811	0.000000	0.000000	0.000000	0.000000
148	tsk_148	(x)	1	:	0.000000	0.000000	0.000000	0.000000	0.000000	0.000000	0.000000	1.000000	0.000000	0.000000	0.000000	0.000000	0.000000
149	tsk_149	(x)	1	:	0.000000	0.000000	0.000000	0.000000	0.000000	0.000000	0.000000	1.000000	0.000000	0.000000	0.000000	0.000000	0.000000
