logL = -1618.611202 (converged)
AIC = 4737.222405
BIC = 6995.198875

count.K
54 10 8 21 57 

