logL = -1440.856924 (converged)
AIC = 6651.713848
BIC = 12326.761377

count.K
6 3 23 2 3 5 9 18 42 35 4 

