logL = -707.716501 (converged)
AIC = 6635.433002
BIC = 14493.191120

count.K
53 1 2 6 16 9 25 2 3 3 7 4 2 4 13 

