logL = -639.403169 (converged)
AIC = 5632.806339
BIC = 12186.959374

count.K
12 11 24 16 4 14 0 10 26 9 0 5 19 

