logL = -731.654310 (converged)
AIC = 6315.308619
BIC = 13619.109843

count.K
6 0 1 2 6 22 66 17 4 3 11 2 6 4 

