logL = -863.815596 (converged)
AIC = 4387.631193
BIC = 8391.776134

count.K
4 24 29 18 6 22 4 43 

