logL = -5206.740457 (converged)
AIC = 13793.480915
BIC = 18881.454562

count.K
59 14 16 12 10 7 22 10 

