logL = -956.098885 (converged)
AIC = 6172.197771
BIC = 12584.850947

count.K
1 2 12 0 2 14 5 67 23 5 11 8 

