0	tsk_0	(x)	1	:	0.000000	0.000000	0.000000	0.531065	0.000000	0.000000	0.000000	0.000000	0.000000	0.468935	0.000000
1	tsk_1	(x)	1	:	0.000000	0.000000	0.000000	0.000000	0.000000	0.000000	0.000000	0.000000	0.498416	0.501584	0.000000
2	tsk_2	(x)	1	:	0.478263	0.000000	0.000000	0.000000	0.492556	0.000000	0.000000	0.000000	0.029181	0.000000	0.000000
3	tsk_3	(x)	1	:	0.473573	0.000000	0.000000	0.000000	0.000000	0.000000	0.000000	0.000000	0.526426	0.000000	0.000000
4	tsk_4	(x)	1	:	0.552110	0.000000	0.000000	0.000000	0.000000	0.000000	0.000000	0.000000	0.000000	0.447890	0.000000
5	tsk_5	(x)	1	:	0.000000	0.000000	0.000000	0.000000	0.000000	0.000000	0.000000	0.000000	1.000000	0.000000	0.000000
6	tsk_6	(x)	1	:	0.473557	0.000000	0.000000	0.000000	0.000000	0.000000	0.000000	0.000000	0.526443	0.000000	0.000000
7	tsk_7	(x)	1	:	0.552110	0.000000	0.000000	0.000000	0.000000	0.000000	0.000000	0.000000	0.000000	0.447890	0.000000
8	tsk_8	(x)	1	:	0.000000	0.000000	0.000000	0.000000	0.492137	0.000000	0.000000	0.000000	0.005510	0.502352	0.000000
9	tsk_9	(x)	1	:	0.330560	0.000000	0.000000	0.000000	0.458553	0.000000	0.210887	0.000000	0.000000	0.000000	0.000000
10	tsk_10	(x)	1	:	0.000000	0.000000	0.535361	0.000000	0.000000	0.000000	0.000000	0.464629	0.000010	0.000000	0.000000
11	tsk_11	(x)	1	:	0.000000	0.000000	0.000000	0.000000	0.491106	0.000000	0.000000	0.501730	0.007164	0.000000	0.000000
12	tsk_12	(x)	1	:	0.000000	0.000000	0.000000	0.000000	0.000000	0.000000	0.000000	0.000000	1.000000	0.000000	0.000000
13	tsk_13	(x)	1	:	0.000000	0.000000	0.000000	0.000000	0.000000	0.000000	0.000000	0.334902	0.665098	0.000000	0.000000
14	tsk_14	(x)	1	:	0.000000	0.161870	0.408798	0.000000	0.000000	0.000000	0.000000	0.000000	0.000000	0.000000	0.429331
15	tsk_15	(x)	1	:	0.000000	0.000000	1.000000	0.000000	0.000000	0.000000	0.000000	0.000000	0.000000	0.000000	0.000000
16	tsk_16	(x)	1	:	0.000000	0.000000	0.505549	0.000000	0.000000	0.000000	0.000000	0.000000	0.000000	0.000000	0.494451
17	tsk_17	(x)	1	:	0.000000	0.000000	0.546853	0.000000	0.000000	0.000000	0.000000	0.000000	0.453147	0.000000	0.000000
18	tsk_18	(x)	1	:	0.000000	0.000000	0.546873	0.000000	0.000000	0.000000	0.000000	0.000000	0.453127	0.000000	0.000000
19	tsk_19	(x)	1	:	0.000000	0.161870	0.408798	0.000000	0.000000	0.000000	0.000000	0.000000	0.000000	0.000000	0.429331
20	tsk_20	(x)	1	:	0.000000	0.000000	0.000000	0.000000	0.000000	0.000000	0.000000	0.480064	0.000000	0.000000	0.519936
21	tsk_21	(x)	1	:	0.000000	0.000000	0.000000	0.000000	0.000000	0.000000	0.000000	0.000000	0.000000	0.000000	1.000000
22	tsk_22	(x)	1	:	0.000000	0.000000	0.000000	0.000000	0.000000	0.000000	0.000000	0.000000	0.000000	0.485385	0.514615
23	tsk_23	(x)	1	:	0.000000	0.000000	0.000000	0.000000	0.000000	0.000000	0.000000	0.000000	0.000000	1.000000	0.000000
24	tsk_24	(x)	1	:	0.000000	0.000000	0.000000	0.000000	0.000000	0.000000	0.000000	0.000000	0.000000	0.000000	1.000000
25	tsk_25	(x)	1	:	0.000000	0.000000	0.000000	0.000000	0.000000	0.000000	0.000000	0.000000	0.535600	0.000000	0.464400
26	tsk_26	(x)	1	:	0.000000	0.000000	0.000000	0.000000	0.000000	0.000000	0.000000	0.000000	0.033441	0.501829	0.464730
27	tsk_27	(x)	1	:	0.000000	0.000000	0.000000	0.000001	0.000000	0.000000	0.000000	0.000000	0.000000	0.000000	0.999999
28	tsk_28	(x)	1	:	0.000000	0.000000	0.000000	0.000000	0.000000	0.000000	0.000000	0.000000	0.000000	0.485385	0.514615
29	tsk_29	(x)	1	:	0.000000	0.000000	0.000000	0.000000	0.000000	0.000000	0.000000	0.000000	0.000000	0.000000	1.000000
30	tsk_30	(x)	1	:	0.000000	0.000000	0.000000	0.000000	1.000000	0.000000	0.000000	0.000000	0.000000	0.000000	0.000000
31	tsk_31	(x)	1	:	0.000000	0.000000	0.000000	0.000000	0.491237	0.000000	0.000000	0.000000	0.508763	0.000000	0.000000
32	tsk_32	(x)	1	:	0.000000	0.000000	0.000000	0.000000	0.490875	0.000000	0.000000	0.000000	0.509124	0.000000	0.000000
33	tsk_33	(x)	1	:	0.000000	0.000000	0.000000	0.000000	0.000000	0.000000	0.000000	0.000000	1.000000	0.000000	0.000000
34	tsk_34	(x)	1	:	0.000000	0.000000	0.000000	0.000000	0.492430	0.000000	0.000000	0.000000	0.004729	0.502842	0.000000
35	tsk_35	(x)	1	:	0.000000	0.000000	0.000000	0.000000	0.533434	0.000000	0.000000	0.000000	0.000000	0.000000	0.466566
36	tsk_36	(x)	1	:	0.000000	0.000000	0.000000	0.000000	0.000000	0.000000	0.000000	0.000000	1.000000	0.000000	0.000000
37	tsk_37	(x)	1	:	0.000000	0.000000	0.000000	0.000000	0.000000	0.417432	0.000000	0.000000	0.081174	0.501394	0.000000
38	tsk_38	(x)	1	:	0.000000	0.000000	0.000000	0.000000	0.490893	0.000000	0.000000	0.000000	0.509107	0.000000	0.000000
39	tsk_39	(x)	1	:	0.000000	0.000000	0.000000	0.000000	0.000000	0.000000	0.000000	0.000000	0.033988	0.501512	0.464501
40	tsk_40	(x)	1	:	0.000000	0.000000	0.000000	0.000000	0.520871	0.000000	0.000000	0.000000	0.000000	0.000000	0.479129
41	tsk_41	(x)	1	:	0.000000	0.000000	0.000000	0.000000	0.000000	0.000000	0.000000	0.000000	0.467681	0.000000	0.532319
42	tsk_42	(x)	1	:	0.000000	0.000000	0.000000	1.000000	0.000000	0.000000	0.000000	0.000000	0.000000	0.000000	0.000000
43	tsk_43	(x)	1	:	0.000000	0.000000	0.000000	0.000000	0.541646	0.000000	0.000000	0.000000	0.458353	0.000000	0.000000
44	tsk_44	(x)	1	:	0.000000	0.000000	0.000000	0.000000	0.493152	0.000000	0.000000	0.000000	0.002799	0.504049	0.000000
45	tsk_45	(x)	1	:	0.000000	0.000000	0.000000	0.000000	0.526673	0.000000	0.000000	0.000000	0.000000	0.473327	0.000000
46	tsk_46	(x)	1	:	0.000000	0.000000	0.000000	0.425729	0.574271	0.000000	0.000000	0.000000	0.000000	0.000000	0.000000
47	tsk_47	(x)	1	:	0.000000	0.000000	0.000000	0.000000	1.000000	0.000000	0.000000	0.000000	0.000000	0.000000	0.000000
48	tsk_48	(x)	1	:	0.000000	0.000000	0.000000	0.504106	0.495894	0.000000	0.000000	0.000000	0.000000	0.000000	0.000000
49	tsk_49	(x)	1	:	0.000000	0.000000	0.000000	0.429509	0.000000	0.000000	0.000000	0.000000	0.000000	0.000000	0.570491
50	tsk_50	(x)	1	:	0.000000	0.000000	0.000000	0.000000	0.000000	0.000000	0.000000	0.000000	0.000000	1.000000	0.000000
51	tsk_51	(x)	1	:	0.000000	0.000000	0.000000	0.000000	0.000000	0.999998	0.000000	0.000000	0.000002	0.000000	0.000000
52	tsk_52	(x)	1	:	0.473908	0.000000	0.000000	0.000000	0.000000	0.000000	0.000000	0.000000	0.024464	0.501628	0.000000
53	tsk_53	(x)	1	:	0.000000	0.000000	0.000000	0.000000	0.000000	0.000000	0.000000	0.000000	0.000000	1.000000	0.000000
54	tsk_54	(x)	1	:	0.000000	0.000000	0.000000	0.000000	0.491216	0.416066	0.000000	0.000000	0.092718	0.000000	0.000000
55	tsk_55	(x)	1	:	0.000000	0.000000	0.000000	0.000000	0.000000	0.000000	0.000000	0.000000	0.535934	0.000000	0.464066
56	tsk_56	(x)	1	:	0.000000	0.000000	0.000000	0.000000	0.000000	0.000000	0.000000	0.000000	0.000000	1.000000	0.000000
57	tsk_57	(x)	1	:	0.000000	0.000000	0.000000	0.000000	0.000000	0.416953	0.000000	0.000000	0.583047	0.000000	0.000000
58	tsk_58	(x)	1	:	0.000000	0.000000	0.505549	0.000000	0.000000	0.000000	0.000000	0.000000	0.000000	0.000000	0.494451
59	tsk_59	(x)	1	:	0.000000	0.000000	0.000000	0.000000	0.000000	0.999998	0.000000	0.000000	0.000002	0.000000	0.000000
60	tsk_60	(x)	1	:	0.000000	0.000000	0.528502	0.000000	0.471498	0.000000	0.000000	0.000000	0.000000	0.000000	0.000000
61	tsk_61	(x)	1	:	0.000000	0.000000	0.461956	0.000000	0.000000	0.000000	0.000000	0.000000	0.538044	0.000000	0.000000
62	tsk_62	(x)	1	:	0.000000	0.000000	0.523097	0.000000	0.000000	0.000000	0.000000	0.000000	0.000000	0.476902	0.000000
63	tsk_63	(x)	1	:	0.000000	0.000000	0.461746	0.000000	0.000000	0.000000	0.000000	0.000000	0.036903	0.501351	0.000000
64	tsk_64	(x)	1	:	0.000000	0.000000	0.000000	0.000000	0.000000	0.000000	0.000000	0.000000	1.000000	0.000000	0.000000
65	tsk_65	(x)	1	:	0.000000	0.000000	0.523097	0.000000	0.000000	0.000000	0.000000	0.000000	0.000000	0.476903	0.000000
66	tsk_66	(x)	1	:	0.000000	0.000000	0.000000	0.000000	0.540441	0.000000	0.000000	0.000000	0.459559	0.000000	0.000000
67	tsk_67	(x)	1	:	0.000000	0.000000	0.487590	0.000000	0.512410	0.000000	0.000000	0.000000	0.000000	0.000000	0.000000
68	tsk_68	(x)	1	:	0.000000	0.000000	0.541195	0.000000	0.000000	0.000000	0.000000	0.000000	0.458805	0.000000	0.000000
69	tsk_69	(x)	1	:	0.000000	0.000000	1.000000	0.000000	0.000000	0.000000	0.000000	0.000000	0.000000	0.000000	0.000000
70	tsk_70	(x)	1	:	0.000000	0.000000	0.000000	0.000000	0.490953	0.000000	0.000000	0.500947	0.008100	0.000000	0.000000
71	tsk_71	(x)	1	:	0.000000	0.000000	0.000000	0.000000	0.000000	0.000000	0.373817	0.626153	0.000029	0.000000	0.000000
72	tsk_72	(x)	1	:	0.000000	0.000000	0.000000	0.000000	0.000000	0.000000	0.000000	0.504678	0.495322	0.000000	0.000000
73	tsk_73	(x)	1	:	0.000000	0.000000	0.000000	0.000000	0.491268	0.000000	0.000000	0.502559	0.006172	0.000000	0.000000
74	tsk_74	(x)	1	:	0.000000	0.000000	0.530165	0.000000	0.469835	0.000000	0.000000	0.000000	0.000000	0.000000	0.000000
75	tsk_75	(x)	1	:	0.000000	0.000000	0.000000	0.000000	0.491295	0.000000	0.000000	0.000000	0.508705	0.000000	0.000000
76	tsk_76	(x)	1	:	0.000000	0.000000	0.000000	0.000000	0.491208	0.000000	0.000000	0.502251	0.006541	0.000000	0.000000
77	tsk_77	(x)	1	:	0.000000	0.000000	0.000000	0.000000	0.000000	0.000000	0.000000	0.504736	0.495264	0.000000	0.000000
78	tsk_78	(x)	1	:	0.000000	0.000000	0.000000	0.000000	0.490548	0.000000	0.000000	0.000000	0.509452	0.000000	0.000000
79	tsk_79	(x)	1	:	0.000000	0.000000	0.000000	0.000000	0.000000	0.000000	0.000000	0.000000	1.000000	0.000000	0.000000
80	tsk_80	(x)	1	:	0.000000	0.000000	0.000000	0.000000	0.490970	0.000000	0.000000	0.000000	0.509030	0.000000	0.000000
81	tsk_81	(x)	1	:	0.000000	0.000000	0.000000	0.000000	0.492087	0.000000	0.000000	0.000000	0.005646	0.502267	0.000000
82	tsk_82	(x)	1	:	0.000000	0.000000	0.000000	0.000000	0.000000	0.000000	0.000000	0.000000	0.000000	1.000000	0.000000
83	tsk_83	(x)	1	:	0.000000	0.000000	0.000000	0.000000	0.000000	0.310935	0.000000	0.000000	0.187765	0.501300	0.000000
84	tsk_84	(x)	1	:	0.000000	0.000000	0.000000	0.000000	0.000000	0.000000	0.000000	0.000000	0.498436	0.501564	0.000000
85	tsk_85	(x)	1	:	0.000000	0.000000	0.000000	0.000000	0.000000	0.000000	0.000000	0.000000	0.498427	0.501573	0.000000
86	tsk_86	(x)	1	:	0.000000	0.000000	0.000000	0.000000	0.000000	0.000000	0.000000	0.000000	1.000000	0.000000	0.000000
87	tsk_87	(x)	1	:	0.000000	0.000000	0.000000	0.000000	0.000000	0.310801	0.000000	0.000000	0.187965	0.501235	0.000000
88	tsk_88	(x)	1	:	0.000000	0.000000	0.000000	0.000000	0.000000	0.311232	0.000000	0.000000	0.187323	0.501445	0.000000
89	tsk_89	(x)	1	:	0.000000	0.000000	0.000000	0.000000	0.000000	0.000000	0.000000	0.000000	0.498414	0.501586	0.000000
90	tsk_90	(x)	1	:	0.000000	0.000000	0.000000	0.000000	0.000000	0.417759	0.000000	0.000000	0.582241	0.000000	0.000000
91	tsk_91	(x)	1	:	0.000000	0.000000	0.000000	0.000000	0.000000	0.000000	0.000000	0.000000	0.000000	0.000000	1.000000
92	tsk_92	(x)	1	:	0.426033	0.000000	0.000000	0.000000	0.000000	0.000000	0.000000	0.000000	0.000000	0.000000	0.573967
93	tsk_93	(x)	1	:	0.000000	0.000000	0.553697	0.000000	0.000000	0.000000	0.000000	0.000000	0.000000	0.000000	0.446302
94	tsk_94	(x)	1	:	0.473622	0.000000	0.000000	0.000000	0.000000	0.000000	0.000000	0.000000	0.526378	0.000000	0.000000
95	tsk_95	(x)	1	:	0.000000	0.000000	0.000000	0.000000	0.000000	0.000000	0.000000	0.506406	0.028633	0.000000	0.464961
96	tsk_96	(x)	1	:	0.472548	0.000000	0.000000	0.000000	0.000000	0.000000	0.000000	0.503500	0.023952	0.000000	0.000000
97	tsk_97	(x)	1	:	0.459120	0.000000	0.540044	0.000000	0.000000	0.000000	0.000000	0.000000	0.000836	0.000000	0.000000
98	tsk_98	(x)	1	:	0.475344	0.000000	0.000000	0.000000	0.000000	0.000000	0.000000	0.000000	0.059751	0.000000	0.464905
99	tsk_99	(x)	1	:	0.473083	0.000000	0.000000	0.000000	0.000000	0.000000	0.000000	0.504038	0.022879	0.000000	0.000000
100	tsk_100	(x)	1	:	0.000000	0.000000	0.461449	0.000000	0.000000	0.416342	0.000000	0.000000	0.122209	0.000000	0.000000
101	tsk_101	(x)	1	:	0.000000	0.000000	0.505546	0.000014	0.000000	0.000000	0.000000	0.000000	0.000000	0.000000	0.494439
102	tsk_102	(x)	1	:	0.000000	0.000000	0.505549	0.000000	0.000000	0.000000	0.000000	0.000000	0.000000	0.000000	0.494451
103	tsk_103	(x)	1	:	0.000000	0.000000	0.000000	0.000000	0.000000	0.414128	0.000000	0.000000	0.122280	0.000000	0.463593
104	tsk_104	(x)	1	:	0.000000	0.000000	0.000000	0.000000	0.000000	0.000000	0.000000	0.000000	0.000000	0.000000	1.000000
105	tsk_105	(x)	1	:	0.000000	0.000000	0.505549	0.000000	0.000000	0.000000	0.000000	0.000000	0.000000	0.000000	0.494451
106	tsk_106	(x)	1	:	0.000000	0.000000	1.000000	0.000000	0.000000	0.000000	0.000000	0.000000	0.000000	0.000000	0.000000
107	tsk_107	(x)	1	:	0.000000	0.000000	1.000000	0.000000	0.000000	0.000000	0.000000	0.000000	0.000000	0.000000	0.000000
108	tsk_108	(x)	1	:	0.000000	0.000000	0.000000	0.000000	0.533434	0.000000	0.000000	0.000000	0.000000	0.000000	0.466566
109	tsk_109	(x)	1	:	0.000000	0.000000	0.505549	0.000000	0.000000	0.000000	0.000000	0.000000	0.000000	0.000000	0.494451
110	tsk_110	(x)	1	:	0.000000	0.000000	0.000000	0.000000	0.000000	0.000000	0.000000	0.000000	0.000000	0.000000	1.000000
111	tsk_111	(x)	1	:	0.000000	0.000000	0.000000	0.000000	0.533434	0.000000	0.000000	0.000000	0.000000	0.000000	0.466566
112	tsk_112	(x)	1	:	1.000000	0.000000	0.000000	0.000000	0.000000	0.000000	0.000000	0.000000	0.000000	0.000000	0.000000
113	tsk_113	(x)	1	:	0.000000	0.000000	0.000000	0.000000	0.000000	0.000000	0.000000	0.000000	0.535513	0.000000	0.464487
114	tsk_114	(x)	1	:	0.523312	0.000000	0.000000	0.000000	0.000000	0.000000	0.000000	0.000000	0.000000	0.000000	0.476688
115	tsk_115	(x)	1	:	0.000000	0.000000	0.000000	0.000000	0.000000	0.000000	0.000000	0.000000	0.000000	0.000000	1.000000
116	tsk_116	(x)	1	:	0.000000	0.000000	0.461963	0.000000	0.000000	0.000000	0.000000	0.000000	0.538037	0.000000	0.000000
117	tsk_117	(x)	1	:	0.000000	0.000000	0.452564	0.000000	0.000000	0.000000	0.000000	0.000000	0.000000	0.000000	0.547436
118	tsk_118	(x)	1	:	0.000000	0.000000	0.000000	0.000000	0.000000	0.000000	0.000000	0.000000	0.000000	0.000000	1.000000
119	tsk_119	(x)	1	:	0.000000	0.000000	0.000000	0.000000	0.000000	0.000000	0.000000	0.000000	0.535602	0.000000	0.464398
120	tsk_120	(x)	1	:	0.000000	0.301477	0.000000	0.000000	0.000000	0.000000	0.000000	0.000000	0.197371	0.501152	0.000000
121	tsk_121	(x)	1	:	0.000000	0.000000	0.462323	0.000000	0.000000	0.000000	0.000000	0.505859	0.031818	0.000000	0.000000
122	tsk_122	(x)	1	:	0.000000	0.000000	1.000000	0.000000	0.000000	0.000000	0.000000	0.000000	0.000000	0.000000	0.000000
123	tsk_123	(x)	1	:	0.000000	0.000000	0.000000	0.000000	0.000000	0.311112	0.000000	0.503980	0.184909	0.000000	0.000000
124	tsk_124	(x)	1	:	0.000000	0.300714	0.000000	0.000000	0.000000	0.000000	0.000000	0.000000	0.167418	0.000000	0.531868
125	tsk_125	(x)	1	:	0.000000	0.000000	0.000000	0.000000	0.000000	0.000000	0.000000	0.000000	0.467432	0.000000	0.532568
126	tsk_126	(x)	1	:	0.000000	0.000000	0.000000	0.000000	0.000000	0.000000	0.000000	0.496044	0.005258	0.498699	0.000000
127	tsk_127	(x)	1	:	0.000000	0.000000	0.000000	0.000000	0.492039	0.000000	0.000000	0.000000	0.005774	0.502187	0.000000
128	tsk_128	(x)	1	:	0.000000	0.000000	0.000000	0.000000	0.000000	0.000000	0.000000	0.000000	0.034223	0.501371	0.464406
129	tsk_129	(x)	1	:	0.000000	0.000000	0.461939	0.000000	0.000000	0.000000	0.000000	0.504643	0.033419	0.000000	0.000000
130	tsk_130	(x)	1	:	0.000000	0.000000	0.000000	0.000000	0.000000	0.000000	0.000000	0.000000	0.000000	0.448380	0.551620
131	tsk_131	(x)	1	:	0.000000	0.000000	0.000000	0.000000	0.000000	0.000000	0.000000	0.431085	0.000005	0.000000	0.568909
132	tsk_132	(x)	1	:	0.000000	0.000000	0.000000	0.000000	0.491260	0.000000	0.000000	0.000000	0.508740	0.000000	0.000000
133	tsk_133	(x)	1	:	0.000000	0.000000	0.000000	0.000000	0.000000	0.000000	0.000000	0.000000	0.000000	0.448380	0.551620
134	tsk_134	(x)	1	:	0.000000	0.000000	0.000000	0.000000	0.000000	0.000000	0.000000	0.000000	0.000000	0.000000	1.000000
135	tsk_135	(x)	1	:	0.000000	0.000000	0.000000	0.000000	0.000000	0.000000	0.000000	0.495902	0.005446	0.498652	0.000000
136	tsk_136	(x)	1	:	0.426033	0.000000	0.000000	0.000000	0.000000	0.000000	0.000000	0.000000	0.000000	0.000000	0.573967
137	tsk_137	(x)	1	:	0.000000	0.000000	0.000000	0.000000	0.000000	0.000000	0.000000	0.000000	0.000000	1.000000	0.000000
138	tsk_138	(x)	1	:	0.000000	0.302819	0.000000	0.000000	0.000000	0.000000	0.000000	0.000000	0.195373	0.501808	0.000000
139	tsk_139	(x)	1	:	0.000000	0.000000	0.000000	0.000000	0.000000	0.000000	0.000000	0.000000	0.000000	0.000000	1.000000
140	tsk_140	(x)	1	:	0.000000	0.000000	0.000000	0.493041	0.000000	0.000000	0.000000	0.000000	0.004910	0.502049	0.000000
141	tsk_141	(x)	1	:	0.000000	0.000000	0.000000	0.000000	0.000000	0.000000	0.000000	0.000000	0.034399	0.501271	0.464329
142	tsk_142	(x)	1	:	0.000000	0.000000	0.000000	0.491652	0.000000	0.000000	0.000000	0.500531	0.007817	0.000000	0.000000
143	tsk_143	(x)	1	:	0.000000	0.000000	0.000000	0.000000	0.000000	0.000000	0.000000	0.000000	0.000000	1.000000	0.000000
144	tsk_144	(x)	1	:	0.000000	0.000000	0.524471	0.000000	0.000000	0.000000	0.000000	0.000000	0.000000	0.475529	0.000000
145	tsk_145	(x)	1	:	0.000000	0.000000	0.000000	0.000000	0.000000	0.000000	0.000000	0.504559	0.495441	0.000000	0.000000
146	tsk_146	(x)	1	:	0.000000	0.000000	0.000000	0.000000	0.000000	0.000000	0.000000	0.505347	0.029940	0.000000	0.464713
147	tsk_147	(x)	1	:	0.472381	0.000000	0.000000	0.000000	0.000000	0.000000	0.000000	0.503331	0.024288	0.000000	0.000000
148	tsk_148	(x)	1	:	0.000000	0.000000	1.000000	0.000000	0.000000	0.000000	0.000000	0.000000	0.000000	0.000000	0.000000
149	tsk_149	(x)	1	:	0.000000	0.000000	0.000000	0.000000	0.000000	0.000000	0.000000	1.000000	0.000000	0.000000	0.000000
