logL = -922.751275 (converged)
AIC = 3385.502549
BIC = 5703.691726

count.K
64 28 6 19 33 

