0	tsk_0	(x)	1	:	0.000051	0.000000	0.000000	0.000000	0.499940	0.000000	0.000000	0.092378	0.000000	0.000000	0.000000	0.000000	0.407631
1	tsk_1	(x)	1	:	0.000050	0.000000	0.000000	0.000000	0.249938	0.000000	0.000000	0.302550	0.000000	0.000000	0.000000	0.000000	0.447463
2	tsk_2	(x)	1	:	0.000159	0.000000	0.000000	0.000000	0.749828	0.000000	0.000000	0.059571	0.000000	0.000000	0.000000	0.000000	0.190442
3	tsk_3	(x)	1	:	0.000000	0.000000	0.000000	0.000000	0.000000	0.000000	0.000000	0.000000	0.000000	1.000000	0.000000	0.000000	0.000000
4	tsk_4	(x)	1	:	0.000000	0.000000	0.000000	0.000000	0.000000	0.000000	0.409728	0.000000	0.000000	0.590272	0.000000	0.000000	0.000000
5	tsk_5	(x)	1	:	0.000000	0.000000	0.000000	0.000000	0.000000	0.000000	0.409728	0.000000	0.000000	0.590272	0.000000	0.000000	0.000000
6	tsk_6	(x)	1	:	0.000000	0.000000	0.000000	0.000000	0.000000	0.000000	0.000000	0.000000	0.000000	1.000000	0.000000	0.000000	0.000000
7	tsk_7	(x)	1	:	0.000122	0.000000	0.000000	0.000000	0.498031	0.000000	0.000000	0.000714	0.000000	0.499668	0.000000	0.000000	0.001465
8	tsk_8	(x)	1	:	0.000110	0.000000	0.000000	0.000000	0.498046	0.000000	0.000000	0.000755	0.000000	0.499668	0.000000	0.000000	0.001420
9	tsk_9	(x)	1	:	0.000000	0.000000	0.000000	0.000000	0.000000	0.000000	0.000000	0.287589	0.514903	0.000000	0.000000	0.000000	0.197509
10	tsk_10	(x)	1	:	0.000027	0.000000	0.000000	0.000000	0.499981	0.000000	0.000000	0.018233	0.481759	0.000000	0.000000	0.000000	0.000000
11	tsk_11	(x)	1	:	0.000056	0.000000	0.000000	0.000000	0.499966	0.000000	0.000000	0.007036	0.481762	0.000000	0.000000	0.000000	0.011179
12	tsk_12	(x)	1	:	0.000044	0.000000	0.000000	0.000000	0.499949	0.000000	0.000000	0.190438	0.000000	0.000000	0.000000	0.000000	0.309569
13	tsk_13	(x)	1	:	0.000000	0.000000	0.000000	0.000000	0.000000	0.000000	1.000000	0.000000	0.000000	0.000000	0.000000	0.000000	0.000000
14	tsk_14	(x)	1	:	0.000000	0.000000	0.000000	0.000000	0.000000	0.000000	0.000000	0.000000	1.000000	0.000000	0.000000	0.000000	0.000000
15	tsk_15	(x)	1	:	0.000179	0.000000	0.000000	0.000000	0.999821	0.000000	0.000000	0.000000	0.000000	0.000000	0.000000	0.000000	0.000000
16	tsk_16	(x)	1	:	0.000000	0.000000	0.000000	0.000000	0.000000	0.000000	0.000000	0.000000	0.464115	0.535885	0.000000	0.000000	0.000000
17	tsk_17	(x)	1	:	0.000000	0.000000	0.000000	0.000000	0.000000	0.000000	0.000000	0.000000	0.464115	0.535885	0.000000	0.000000	0.000000
18	tsk_18	(x)	1	:	0.000000	0.000000	0.000000	0.000000	0.000000	0.000000	0.000000	0.000000	1.000000	0.000000	0.000000	0.000000	0.000000
19	tsk_19	(x)	1	:	0.000000	0.000000	0.000000	0.000000	0.000000	0.000000	0.000000	0.345705	0.481757	0.000000	0.000000	0.000000	0.172539
20	tsk_20	(x)	1	:	0.000000	0.000000	0.000000	0.000000	0.000000	0.000000	0.000000	0.299229	0.000000	0.500000	0.000000	0.000000	0.200771
21	tsk_21	(x)	1	:	0.000000	0.000000	0.000000	0.000000	0.000000	0.000000	0.000000	0.233067	0.000000	0.500000	0.000000	0.000000	0.266933
22	tsk_22	(x)	1	:	0.000000	0.000000	0.000000	0.000000	0.000000	0.000000	0.000000	0.000000	0.528318	0.471682	0.000000	0.000000	0.000000
23	tsk_23	(x)	1	:	0.000084	0.000000	0.000000	0.000000	0.497753	0.000000	0.000000	0.000204	0.000000	0.499610	0.000000	0.000000	0.002350
24	tsk_24	(x)	1	:	0.000000	0.000000	0.000000	0.000000	0.000000	0.508734	0.000000	0.134068	0.000000	0.000000	0.000000	0.000000	0.357198
25	tsk_25	(x)	1	:	0.000000	0.000000	0.000000	0.000000	0.000000	0.000000	0.000000	0.019141	0.000000	0.000000	0.000000	0.500000	0.480858
26	tsk_26	(x)	1	:	0.000113	0.000000	0.000000	0.000000	0.497799	0.000000	0.000000	0.001119	0.000000	0.499624	0.000000	0.000000	0.001345
27	tsk_27	(x)	1	:	0.000115	0.000000	0.000000	0.000000	0.492420	0.507457	0.000000	0.000002	0.000000	0.000000	0.000000	0.000000	0.000005
28	tsk_28	(x)	1	:	0.000075	0.000000	0.000000	0.000000	0.498387	0.000000	0.000000	0.001982	0.000000	0.000000	0.000000	0.496937	0.002618
29	tsk_29	(x)	1	:	0.000000	0.000000	0.000000	0.000000	0.000000	0.000000	0.462992	0.179499	0.000000	0.000000	0.000000	0.000000	0.357509
30	tsk_30	(x)	1	:	0.000110	0.000000	0.000000	0.496583	0.498558	0.000000	0.000000	0.000137	0.000000	0.003486	0.000000	0.000000	0.001126
31	tsk_31	(x)	1	:	0.000000	0.497125	0.000000	0.000000	0.000000	0.000000	0.000000	0.003025	0.000000	0.000000	0.000000	0.497125	0.002724
32	tsk_32	(x)	1	:	0.000000	0.000000	0.000000	0.497788	0.499397	0.000000	0.000000	0.000000	0.000000	0.002303	0.000000	0.000000	0.000512
33	tsk_33	(x)	1	:	0.000091	0.000000	0.000000	0.496481	0.498823	0.000000	0.000000	0.000362	0.000000	0.003642	0.000000	0.000000	0.000601
34	tsk_34	(x)	1	:	0.000114	0.000000	0.000000	0.000000	0.498075	0.000000	0.000000	0.000509	0.000000	0.499674	0.000000	0.000000	0.001627
35	tsk_35	(x)	1	:	0.000034	0.496994	0.000000	0.000000	0.498462	0.000000	0.000000	0.001428	0.000000	0.000000	0.000000	0.000000	0.003082
36	tsk_36	(x)	1	:	0.000000	0.000000	0.000000	0.000000	0.000000	0.000000	0.000000	0.000000	0.000000	1.000000	0.000000	0.000000	0.000000
37	tsk_37	(x)	1	:	0.000000	0.000000	0.000000	0.475994	0.000000	0.000000	0.000000	0.000000	0.523993	0.000012	0.000000	0.000000	0.000000
38	tsk_38	(x)	1	:	0.000305	0.000000	0.000000	0.000000	0.999695	0.000000	0.000000	0.000000	0.000000	0.000000	0.000000	0.000000	0.000000
39	tsk_39	(x)	1	:	0.000014	0.000000	0.000000	0.000000	0.487456	0.000000	0.000000	0.000000	0.512530	0.000000	0.000000	0.000000	0.000000
40	tsk_40	(x)	1	:	0.000000	0.000000	0.000000	0.000000	0.000000	0.000000	0.000000	0.000000	0.000000	0.000000	0.000000	1.000000	0.000000
41	tsk_41	(x)	1	:	0.000000	0.000000	0.000000	0.000000	0.000000	0.000000	0.000000	0.000000	0.000000	0.000000	0.000000	1.000000	0.000000
42	tsk_42	(x)	1	:	0.000000	0.000000	0.000000	0.000000	0.000000	0.000000	0.000000	0.297874	0.000000	0.000000	0.000000	0.000000	0.702126
43	tsk_43	(x)	1	:	0.000000	0.000000	0.000000	0.000000	0.000000	0.000000	0.000000	0.068239	0.000000	0.000000	0.321182	0.499939	0.110640
44	tsk_44	(x)	1	:	0.000065	0.000000	0.000000	0.000000	0.498317	0.000000	0.000000	0.001022	0.000000	0.499708	0.000000	0.000000	0.000888
45	tsk_45	(x)	1	:	0.000000	0.000000	0.000000	0.000000	0.000000	0.000000	0.000000	0.465803	0.000000	0.000000	0.000000	0.500000	0.034196
46	tsk_46	(x)	1	:	0.000000	0.000000	0.000000	0.496593	0.000000	0.000000	0.000000	0.000785	0.000000	0.003490	0.000000	0.497512	0.001621
47	tsk_47	(x)	1	:	0.000000	0.000000	0.000000	0.000000	0.000000	0.000000	0.000000	0.178508	0.000000	0.500000	0.000000	0.000000	0.321492
48	tsk_48	(x)	1	:	0.000000	0.000000	0.000000	0.000000	0.000000	0.000000	0.000000	0.253099	0.000000	0.500000	0.000000	0.000000	0.246901
49	tsk_49	(x)	1	:	0.000000	0.000000	0.000000	0.000000	0.000000	0.000000	0.000000	0.000000	0.000000	1.000000	0.000000	0.000000	0.000000
50	tsk_50	(x)	1	:	0.000069	0.000000	0.000000	0.000000	0.730613	0.000000	0.000000	0.000000	0.000000	0.000000	0.269317	0.000000	0.000000
51	tsk_51	(x)	1	:	0.000041	0.000000	0.000000	0.000000	0.497729	0.000000	0.000000	0.000601	0.000000	0.499597	0.000000	0.000000	0.002032
52	tsk_52	(x)	1	:	0.000000	0.000000	0.601975	0.000000	0.000000	0.000000	0.000000	0.000000	0.000000	0.398025	0.000000	0.000000	0.000000
53	tsk_53	(x)	1	:	0.000000	0.000000	0.000000	1.000000	0.000000	0.000000	0.000000	0.000000	0.000000	0.000000	0.000000	0.000000	0.000000
54	tsk_54	(x)	1	:	0.000023	0.000000	0.000000	0.000000	0.999977	0.000000	0.000000	0.000000	0.000000	0.000000	0.000000	0.000000	0.000000
55	tsk_55	(x)	1	:	0.000000	0.000000	0.656703	0.000000	0.000000	0.000000	0.343297	0.000000	0.000000	0.000000	0.000000	0.000000	0.000000
56	tsk_56	(x)	1	:	0.000000	0.000000	0.000000	1.000000	0.000000	0.000000	0.000000	0.000000	0.000000	0.000000	0.000000	0.000000	0.000000
57	tsk_57	(x)	1	:	0.000072	0.000000	0.000000	0.000000	0.498281	0.000000	0.000000	0.001206	0.000000	0.499703	0.000000	0.000000	0.000737
58	tsk_58	(x)	1	:	0.000132	0.000000	0.000000	0.000000	0.730543	0.000000	0.000000	0.000000	0.000000	0.000000	0.269325	0.000000	0.000000
59	tsk_59	(x)	1	:	0.000080	0.000000	0.000000	0.000000	0.369474	0.000000	0.000000	0.017417	0.000000	0.000000	0.380442	0.000000	0.232588
60	tsk_60	(x)	1	:	0.000107	0.496778	0.000000	0.000000	0.498271	0.000000	0.000000	0.001536	0.000000	0.000000	0.000000	0.000000	0.003307
61	tsk_61	(x)	1	:	1.000000	0.000000	0.000000	0.000000	0.000000	0.000000	0.000000	0.000000	0.000000	0.000000	0.000000	0.000000	0.000000
62	tsk_62	(x)	1	:	0.000000	0.000000	0.000000	0.500000	0.000000	0.000000	0.000000	0.000000	0.000000	0.500000	0.000000	0.000000	0.000000
63	tsk_63	(x)	1	:	0.000059	0.000000	0.000000	0.000000	0.498287	0.000000	0.000000	0.000197	0.000000	0.499702	0.000000	0.000000	0.001755
64	tsk_64	(x)	1	:	0.000101	0.000000	0.000000	0.000000	0.999899	0.000000	0.000000	0.000000	0.000000	0.000000	0.000000	0.000000	0.000000
65	tsk_65	(x)	1	:	0.000153	0.000000	0.000000	0.000000	0.999847	0.000000	0.000000	0.000000	0.000000	0.000000	0.000000	0.000000	0.000000
66	tsk_66	(x)	1	:	0.000000	0.000000	0.000000	0.000000	0.000000	0.000000	0.525595	0.000000	0.000000	0.474405	0.000000	0.000000	0.000000
67	tsk_67	(x)	1	:	0.000106	0.000000	0.000000	0.000000	0.491044	0.000000	0.508816	0.000033	0.000000	0.000000	0.000000	0.000000	0.000001
68	tsk_68	(x)	1	:	0.000000	0.000000	0.000000	0.479849	0.000000	0.000000	0.520113	0.000000	0.000000	0.000038	0.000000	0.000000	0.000000
69	tsk_69	(x)	1	:	0.000000	0.000000	0.000000	0.000000	0.000000	0.000000	1.000000	0.000000	0.000000	0.000000	0.000000	0.000000	0.000000
70	tsk_70	(x)	1	:	0.000063	0.000000	0.000000	0.000000	0.498419	0.000000	0.000000	0.001225	0.000000	0.000000	0.000000	0.496975	0.003317
71	tsk_71	(x)	1	:	0.000000	0.000000	0.103905	0.000000	0.504897	0.383358	0.000000	0.007839	0.000000	0.000000	0.000000	0.000000	0.000000
72	tsk_72	(x)	1	:	0.000050	0.000000	0.000000	0.000000	0.498338	0.000000	0.000000	0.000464	0.000000	0.499709	0.000000	0.000000	0.001440
73	tsk_73	(x)	1	:	0.000077	0.000000	0.000000	0.000000	0.498387	0.000000	0.000000	0.001283	0.000000	0.000000	0.000000	0.496940	0.003313
74	tsk_74	(x)	1	:	0.000105	0.000000	0.000000	0.000000	0.498329	0.000000	0.000000	0.000792	0.000000	0.000000	0.000000	0.496889	0.003885
75	tsk_75	(x)	1	:	0.000000	0.000000	0.000000	0.000000	0.000000	0.000000	0.000000	0.000042	0.513604	0.000000	0.000000	0.486286	0.000067
76	tsk_76	(x)	1	:	0.000115	0.000000	0.000000	0.000000	0.498026	0.000000	0.000000	0.000363	0.000000	0.499666	0.000000	0.000000	0.001831
77	tsk_77	(x)	1	:	0.000000	0.000000	0.000000	0.000000	0.000000	0.000000	0.000000	0.000000	0.000000	0.000000	0.000000	1.000000	0.000000
78	tsk_78	(x)	1	:	0.000255	0.000000	0.000000	0.000000	0.999745	0.000000	0.000000	0.000000	0.000000	0.000000	0.000000	0.000000	0.000000
79	tsk_79	(x)	1	:	0.000083	0.000000	0.000000	0.000000	0.999917	0.000000	0.000000	0.000000	0.000000	0.000000	0.000000	0.000000	0.000000
80	tsk_80	(x)	1	:	0.000000	0.000000	0.000000	0.000000	0.000000	0.000000	0.000000	0.193878	0.000000	0.000000	0.000000	0.500000	0.306122
81	tsk_81	(x)	1	:	0.000000	0.000000	0.000000	0.000000	0.000000	0.000000	0.000000	0.193518	0.000000	0.000000	0.000000	0.500000	0.306482
82	tsk_82	(x)	1	:	0.000000	0.000000	0.000000	0.000000	0.000000	0.000000	0.000000	0.051152	0.000000	0.000000	0.000000	0.500000	0.448848
83	tsk_83	(x)	1	:	0.000000	0.000000	0.000000	0.000000	0.000000	0.000000	0.000000	0.201715	0.000000	0.000000	0.000000	0.000000	0.798285
84	tsk_84	(x)	1	:	0.000000	0.000000	0.000000	0.000000	0.000000	0.000000	0.000000	0.000000	0.000000	0.000000	0.000000	1.000000	0.000000
85	tsk_85	(x)	1	:	0.000097	0.000000	0.000000	0.000000	0.499887	0.000000	0.000000	0.097844	0.000000	0.000000	0.000000	0.000000	0.402172
86	tsk_86	(x)	1	:	0.000000	0.000000	0.000000	0.000000	0.000000	0.000000	0.000000	0.197715	0.000000	0.000000	0.000000	0.500000	0.302285
87	tsk_87	(x)	1	:	0.000000	0.000000	0.000000	0.000000	0.000000	0.000000	0.000000	0.000078	0.513605	0.000000	0.000000	0.486298	0.000019
88	tsk_88	(x)	1	:	0.000000	0.000000	0.000000	0.000000	0.000000	0.000000	0.510851	0.414829	0.000000	0.000000	0.000000	0.000000	0.074320
89	tsk_89	(x)	1	:	0.000000	0.000000	0.000000	0.000000	0.000000	0.000000	0.000000	0.269762	0.000000	0.000000	0.000000	0.000000	0.730238
90	tsk_90	(x)	1	:	0.000001	0.000000	0.000000	0.000000	0.000959	0.000000	0.000000	0.496196	0.000000	0.000000	0.502844	0.000000	0.000000
91	tsk_91	(x)	1	:	0.000000	0.000000	0.484083	0.000000	0.000000	0.000000	0.000000	0.191497	0.000000	0.000000	0.000000	0.000000	0.324420
92	tsk_92	(x)	1	:	0.000012	0.000000	0.000000	0.000000	0.999988	0.000000	0.000000	0.000000	0.000000	0.000000	0.000000	0.000000	0.000000
93	tsk_93	(x)	1	:	0.000090	0.000000	0.000000	0.000000	0.499895	0.000000	0.000000	0.090392	0.000000	0.000000	0.000000	0.000000	0.409622
94	tsk_94	(x)	1	:	0.000001	0.000000	0.000000	0.000000	0.000896	0.000000	0.000000	0.000000	0.000000	0.000000	0.502879	0.000000	0.496224
95	tsk_95	(x)	1	:	0.000070	0.000000	0.000000	0.000000	0.492274	0.000000	0.000000	0.000000	0.000000	0.000000	0.507656	0.000000	0.000000
96	tsk_96	(x)	1	:	0.000030	0.000000	0.000000	0.000000	0.499964	0.000000	0.000000	0.010132	0.000000	0.000000	0.000000	0.000000	0.489873
97	tsk_97	(x)	1	:	0.000070	0.000000	0.000000	0.000000	0.492274	0.000000	0.000000	0.000000	0.000000	0.000000	0.507656	0.000000	0.000000
98	tsk_98	(x)	1	:	0.000001	0.000000	0.000000	0.000000	0.000925	0.000000	0.000000	0.077921	0.000000	0.000000	0.502863	0.000000	0.418290
99	tsk_99	(x)	1	:	0.000081	0.000000	0.000000	0.000000	0.492261	0.000000	0.000000	0.000000	0.000000	0.000000	0.507658	0.000000	0.000000
100	tsk_100	(x)	1	:	0.000274	0.000000	0.000000	0.000000	0.999726	0.000000	0.000000	0.000000	0.000000	0.000000	0.000000	0.000000	0.000000
101	tsk_101	(x)	1	:	0.000096	0.000000	0.000000	0.000000	0.499888	0.000000	0.000000	0.125542	0.000000	0.000000	0.000000	0.000000	0.374474
102	tsk_102	(x)	1	:	0.000000	0.000000	0.000000	0.000000	0.000000	0.000000	0.462992	0.335726	0.000000	0.000000	0.000000	0.000000	0.201282
103	tsk_103	(x)	1	:	0.000104	0.000000	0.000000	0.000000	0.499879	0.000000	0.000000	0.163691	0.000000	0.000000	0.000000	0.000000	0.336326
104	tsk_104	(x)	1	:	0.000193	0.000000	0.000000	0.000000	0.999807	0.000000	0.000000	0.000000	0.000000	0.000000	0.000000	0.000000	0.000000
105	tsk_105	(x)	1	:	0.000000	0.000000	0.000000	0.000000	0.000000	0.000000	0.510851	0.443682	0.000000	0.000000	0.000000	0.000000	0.045468
106	tsk_106	(x)	1	:	0.000012	0.000000	0.000000	0.000000	0.230801	0.000000	0.000000	0.132510	0.000000	0.000000	0.269249	0.000000	0.367428
107	tsk_107	(x)	1	:	0.000024	0.000000	0.000000	0.000000	0.230784	0.000000	0.000000	0.089601	0.000000	0.000000	0.269251	0.000000	0.410340
108	tsk_108	(x)	1	:	0.000304	0.000000	0.000000	0.000000	0.999695	0.000000	0.000000	0.000000	0.000000	0.000000	0.000000	0.000000	0.000000
109	tsk_109	(x)	1	:	0.000000	0.000000	0.000000	0.000000	0.000000	0.000000	0.525595	0.000000	0.000000	0.474405	0.000000	0.000000	0.000000
110	tsk_110	(x)	1	:	0.000000	0.497327	0.000000	0.000000	0.000000	0.000000	0.000000	0.000928	0.000000	0.499758	0.000000	0.000000	0.001986
111	tsk_111	(x)	1	:	0.000000	0.000000	0.000000	0.000000	0.000000	0.000000	0.000000	0.000000	0.000000	1.000000	0.000000	0.000000	0.000000
112	tsk_112	(x)	1	:	0.000000	0.000000	0.000000	0.500000	0.000000	0.000000	0.000000	0.000000	0.000000	0.500000	0.000000	0.000000	0.000000
113	tsk_113	(x)	1	:	0.000000	0.000000	0.000000	0.000000	0.230792	0.000000	0.000000	0.000000	0.000000	0.499990	0.269217	0.000000	0.000000
114	tsk_114	(x)	1	:	0.000000	0.000000	0.000000	0.000000	0.025447	0.000000	0.000000	0.248006	0.000000	0.000000	0.472009	0.000000	0.254538
115	tsk_115	(x)	1	:	0.000000	0.000000	0.000000	0.000000	0.286333	0.000000	0.000000	0.426049	0.000000	0.000000	0.213818	0.000000	0.073800
116	tsk_116	(x)	1	:	0.000050	0.000000	0.000000	0.000000	0.249935	0.000000	0.000000	0.250015	0.000000	0.499999	0.000000	0.000000	0.000000
117	tsk_117	(x)	1	:	0.000000	0.497644	0.000000	0.496641	0.000000	0.000000	0.000000	0.000635	0.000000	0.003449	0.000000	0.000000	0.001631
118	tsk_118	(x)	1	:	0.000000	1.000000	0.000000	0.000000	0.000000	0.000000	0.000000	0.000000	0.000000	0.000000	0.000000	0.000000	0.000000
119	tsk_119	(x)	1	:	0.000046	0.000000	0.000000	0.000000	0.249941	0.000000	0.000000	0.118014	0.000000	0.499999	0.000000	0.000000	0.132000
120	tsk_120	(x)	1	:	0.000000	0.000000	0.000000	0.000000	0.000000	0.000000	0.000000	0.000000	1.000000	0.000000	0.000000	0.000000	0.000000
121	tsk_121	(x)	1	:	0.000085	0.496840	0.000000	0.000000	0.498327	0.000000	0.000000	0.001697	0.000000	0.000000	0.000000	0.000000	0.003051
122	tsk_122	(x)	1	:	0.000000	0.000000	0.601975	0.000000	0.000000	0.000000	0.000000	0.000000	0.000000	0.398025	0.000000	0.000000	0.000000
123	tsk_123	(x)	1	:	0.000000	0.000000	0.499011	0.000000	0.000000	0.000000	0.000000	0.000000	0.500989	0.000000	0.000000	0.000000	0.000000
124	tsk_124	(x)	1	:	0.000045	0.000000	0.000000	0.000000	0.230675	0.000000	0.000000	0.000000	0.000000	0.499997	0.269283	0.000000	0.000000
125	tsk_125	(x)	1	:	0.000000	0.000000	0.656703	0.000000	0.000000	0.000000	0.343297	0.000000	0.000000	0.000000	0.000000	0.000000	0.000000
126	tsk_126	(x)	1	:	0.000000	0.000000	0.499011	0.000000	0.000000	0.000000	0.000000	0.000000	0.500989	0.000000	0.000000	0.000000	0.000000
127	tsk_127	(x)	1	:	0.000000	0.497333	0.000000	0.000000	0.000000	0.000000	0.000000	0.002372	0.000000	0.499759	0.000000	0.000000	0.000536
128	tsk_128	(x)	1	:	0.000000	0.486274	0.000000	0.000000	0.000000	0.000000	0.000000	0.000079	0.513603	0.000000	0.000000	0.000000	0.000045
129	tsk_129	(x)	1	:	0.000001	0.000000	0.000000	0.000000	0.032941	0.000000	0.000000	0.040752	0.514903	0.000000	0.217103	0.000000	0.194300
130	tsk_130	(x)	1	:	0.000000	0.000000	0.000000	0.000000	0.000000	0.000000	0.510851	0.423639	0.000000	0.000000	0.000000	0.000000	0.065510
131	tsk_131	(x)	1	:	0.000000	0.000000	0.408196	0.000000	0.000000	0.000000	0.591804	0.000000	0.000000	0.000000	0.000000	0.000000	0.000000
132	tsk_132	(x)	1	:	0.000074	0.000000	0.484082	0.000000	0.499911	0.000000	0.000000	0.005658	0.000000	0.000000	0.000000	0.000000	0.010274
133	tsk_133	(x)	1	:	0.000000	0.000000	0.000000	0.000000	0.000000	0.000000	0.000000	0.265376	0.000000	0.000000	0.000000	0.500000	0.234624
134	tsk_134	(x)	1	:	0.000052	0.000000	0.000000	0.000000	0.500008	0.000000	0.463007	0.011173	0.000000	0.000000	0.000000	0.000000	0.025761
135	tsk_135	(x)	1	:	0.000093	0.000000	0.000000	0.496481	0.498968	0.000000	0.000000	0.000502	0.000000	0.003669	0.000000	0.000000	0.000287
136	tsk_136	(x)	1	:	0.000000	0.000000	1.000000	0.000000	0.000000	0.000000	0.000000	0.000000	0.000000	0.000000	0.000000	0.000000	0.000000
137	tsk_137	(x)	1	:	0.000000	0.000000	0.360099	0.000000	0.000000	0.000000	0.000000	0.000000	0.000000	0.639901	0.000000	0.000000	0.000000
138	tsk_138	(x)	1	:	0.000081	0.000000	0.507827	0.000000	0.492060	0.000000	0.000000	0.000019	0.000000	0.000000	0.000000	0.000000	0.000013
139	tsk_139	(x)	1	:	0.000000	0.000000	0.509314	0.000000	0.000000	0.000000	0.000000	0.000000	0.000000	0.000000	0.000000	0.000000	0.490686
140	tsk_140	(x)	1	:	0.000000	0.000000	0.000000	0.000000	0.000000	0.000000	0.000000	0.000000	0.000000	1.000000	0.000000	0.000000	0.000000
141	tsk_141	(x)	1	:	0.000000	0.000000	0.000000	0.000000	0.000000	0.000000	0.000000	0.000000	0.000000	1.000000	0.000000	0.000000	0.000000
142	tsk_142	(x)	1	:	0.000000	0.000000	0.000000	0.000000	0.000000	0.000000	0.000000	0.000000	0.000000	1.000000	0.000000	0.000000	0.000000
143	tsk_143	(x)	1	:	0.000000	0.000000	0.000000	0.000000	0.000000	0.000000	0.000000	0.001037	0.000000	0.499738	0.000000	0.497107	0.002118
144	tsk_144	(x)	1	:	0.000000	0.000000	0.000000	0.000000	0.000000	0.000000	0.000000	0.151963	0.000000	0.500000	0.000000	0.000000	0.348037
145	tsk_145	(x)	1	:	0.000000	0.000000	0.000000	0.000000	0.000000	0.000000	0.000000	0.000000	0.000000	1.000000	0.000000	0.000000	0.000000
146	tsk_146	(x)	1	:	0.000000	0.000000	0.000000	0.000000	0.000000	0.000000	0.000000	0.194969	0.000000	0.500000	0.000000	0.000000	0.305031
147	tsk_147	(x)	1	:	0.000000	0.000000	0.000000	0.000000	0.000000	0.000000	0.000000	0.160655	0.000000	0.000000	0.000000	0.500000	0.339345
148	tsk_148	(x)	1	:	0.000000	0.000000	0.000000	0.000000	0.000000	0.000000	0.000000	0.204975	0.000000	0.500000	0.000000	0.000000	0.295025
149	tsk_149	(x)	1	:	0.000000	0.000000	0.000000	0.000000	0.000000	0.668101	0.000000	0.000000	0.000000	0.331899	0.000000	0.000000	0.000000
