logL = -782.116657 (converged)
AIC = 4096.233314
BIC = 7907.697596

count.K
26 11 13 18 7 29 14 32 

