0	tsk_0	(x)	1	:	0.000000	0.000000	0.000000	0.000000	0.000000	0.000000	0.000000	0.000000	0.000000	0.502185	0.000000	0.000000	0.497815	0.000000	0.000000
1	tsk_1	(x)	1	:	0.000000	0.000000	0.486409	0.000000	0.000000	0.000000	0.000000	0.000000	0.000000	0.000000	0.000000	0.000000	0.513591	0.000000	0.000000
2	tsk_2	(x)	1	:	0.000000	0.000000	0.000000	0.000000	0.000000	0.000000	0.000000	0.000000	0.000000	0.000000	0.000000	0.000000	1.000000	0.000000	0.000000
3	tsk_3	(x)	1	:	0.000000	0.000000	0.000000	0.000000	0.000000	0.000000	0.000000	0.000000	0.000000	0.510538	0.488834	0.000000	0.000628	0.000000	0.000000
4	tsk_4	(x)	1	:	0.000000	0.000000	0.000000	0.000000	0.000000	0.000000	0.000000	0.000000	0.000000	0.330935	0.000000	0.000000	0.000000	0.000000	0.669065
5	tsk_5	(x)	1	:	0.000000	0.000000	0.000000	0.000000	0.000000	0.000000	0.000000	0.000000	0.000000	0.502185	0.000000	0.000000	0.497815	0.000000	0.000000
6	tsk_6	(x)	1	:	0.000000	0.000000	0.494963	0.000000	0.000000	0.000000	0.000000	0.000000	0.000000	0.505037	0.000000	0.000000	0.000000	0.000000	0.000000
7	tsk_7	(x)	1	:	0.499502	0.000000	0.000000	0.000000	0.000000	0.000093	0.000000	0.000000	0.000000	0.000000	0.497150	0.000000	0.003254	0.000000	0.000000
8	tsk_8	(x)	1	:	0.000000	0.000000	0.000000	0.000000	0.000000	0.000000	0.000000	0.000000	0.000000	0.502185	0.000000	0.000000	0.497815	0.000000	0.000000
9	tsk_9	(x)	1	:	0.000000	0.000000	0.000000	0.000000	0.000000	0.000000	0.000000	0.000000	0.000000	0.000000	0.000000	0.000000	0.483617	0.000000	0.516383
10	tsk_10	(x)	1	:	0.493714	0.000000	0.000000	0.000000	0.000000	0.000164	0.000000	0.000000	0.000000	0.000000	0.000000	0.000000	0.000000	0.000000	0.506122
11	tsk_11	(x)	1	:	0.000000	0.000000	0.000000	0.000000	0.000000	0.000000	0.000000	0.000000	0.000000	0.000000	0.000000	0.000000	1.000000	0.000000	0.000000
12	tsk_12	(x)	1	:	0.000000	0.000000	0.000000	0.000000	0.000000	0.000000	0.000000	0.000000	0.000000	0.000000	0.000000	0.000000	1.000000	0.000000	0.000000
13	tsk_13	(x)	1	:	0.000000	0.000000	0.000000	0.000000	0.000000	0.000000	0.000000	0.000000	0.000000	0.000000	0.000000	0.000000	0.493435	0.000000	0.506564
14	tsk_14	(x)	1	:	0.000000	0.000000	0.000000	0.000000	0.496212	0.000000	0.000000	0.000000	0.007576	0.000000	0.000000	0.000000	0.000000	0.496212	0.000000
15	tsk_15	(x)	1	:	0.501073	0.000000	0.000000	0.000000	0.000000	0.000000	0.000000	0.000000	0.000000	0.000000	0.000000	0.000000	0.498927	0.000000	0.000000
16	tsk_16	(x)	1	:	0.000000	0.000000	0.000000	0.000000	0.000000	0.000000	0.000000	0.000000	0.000000	0.000000	1.000000	0.000000	0.000000	0.000000	0.000000
17	tsk_17	(x)	1	:	0.000000	0.353140	0.000000	0.000000	0.500791	0.000000	0.000000	0.000000	0.146068	0.000000	0.000000	0.000000	0.000000	0.000000	0.000000
18	tsk_18	(x)	1	:	0.500748	0.000000	0.000000	0.000000	0.000000	0.000000	0.000000	0.000000	0.000000	0.000000	0.000000	0.000000	0.499252	0.000000	0.000000
19	tsk_19	(x)	1	:	0.000000	0.000000	0.000000	0.000000	0.000000	0.000000	0.000000	0.000000	0.000000	0.000000	0.000000	0.000000	0.000000	0.000000	1.000000
20	tsk_20	(x)	1	:	0.501165	0.288203	0.000000	0.000000	0.000000	0.000000	0.000000	0.000000	0.210631	0.000000	0.000000	0.000000	0.000000	0.000000	0.000000
21	tsk_21	(x)	1	:	1.000000	0.000000	0.000000	0.000000	0.000000	0.000000	0.000000	0.000000	0.000000	0.000000	0.000000	0.000000	0.000000	0.000000	0.000000
22	tsk_22	(x)	1	:	0.999508	0.000000	0.000000	0.000000	0.000000	0.000492	0.000000	0.000000	0.000000	0.000000	0.000000	0.000000	0.000000	0.000000	0.000000
23	tsk_23	(x)	1	:	0.000000	0.000000	0.000000	0.000000	0.000000	0.000000	0.000000	0.000000	0.000000	0.000000	0.000000	0.000000	1.000000	0.000000	0.000000
24	tsk_24	(x)	1	:	0.500549	0.000000	0.000000	0.000000	0.000000	0.000178	0.000000	0.000000	0.000000	0.000000	0.000000	0.000000	0.499272	0.000000	0.000000
25	tsk_25	(x)	1	:	0.500735	0.000000	0.000000	0.000000	0.000000	0.000000	0.000000	0.000000	0.000000	0.000000	0.000000	0.000000	0.499265	0.000000	0.000000
26	tsk_26	(x)	1	:	0.999734	0.000000	0.000000	0.000000	0.000000	0.000266	0.000000	0.000000	0.000000	0.000000	0.000000	0.000000	0.000000	0.000000	0.000000
27	tsk_27	(x)	1	:	0.480265	0.000000	0.000000	0.000000	0.000000	0.000000	0.000000	0.000000	0.000000	0.000000	0.000000	0.519735	0.000000	0.000000	0.000000
28	tsk_28	(x)	1	:	0.500738	0.000000	0.000000	0.000000	0.000000	0.000000	0.000000	0.000000	0.000000	0.000000	0.000000	0.000000	0.499262	0.000000	0.000000
29	tsk_29	(x)	1	:	0.999872	0.000000	0.000000	0.000000	0.000000	0.000128	0.000000	0.000000	0.000000	0.000000	0.000000	0.000000	0.000000	0.000000	0.000000
30	tsk_30	(x)	1	:	0.999508	0.000000	0.000000	0.000000	0.000000	0.000492	0.000000	0.000000	0.000000	0.000000	0.000000	0.000000	0.000000	0.000000	0.000000
31	tsk_31	(x)	1	:	0.000000	0.353420	0.000008	0.000000	0.000000	0.000000	0.000000	0.000000	0.147174	0.000000	0.000000	0.000000	0.499397	0.000000	0.000000
32	tsk_32	(x)	1	:	0.412179	0.000000	0.000000	0.000000	0.000000	0.000000	0.191948	0.000000	0.000000	0.000000	0.000000	0.000000	0.395873	0.000000	0.000000
33	tsk_33	(x)	1	:	0.499683	0.000000	0.000000	0.000000	0.000000	0.000000	0.000000	0.000000	0.000000	0.000000	0.497736	0.000000	0.002581	0.000000	0.000000
34	tsk_34	(x)	1	:	0.000000	0.000000	0.000000	0.000000	0.000000	0.000000	0.000000	0.000000	0.000000	0.000000	0.000000	0.000000	0.000000	0.000000	1.000000
35	tsk_35	(x)	1	:	0.000000	0.000000	0.000000	0.000000	0.000000	1.000000	0.000000	0.000000	0.000000	0.000000	0.000000	0.000000	0.000000	0.000000	0.000000
36	tsk_36	(x)	1	:	0.500175	0.000000	0.000000	0.000000	0.000000	0.000000	0.000000	0.000000	0.000000	0.000000	0.000000	0.000000	0.000000	0.499825	0.000000
37	tsk_37	(x)	1	:	0.000000	0.000000	0.000002	0.000000	0.000000	0.000000	0.000000	0.000000	0.504180	0.000000	0.000000	0.000000	0.000000	0.000000	0.495819
38	tsk_38	(x)	1	:	0.000000	0.000000	0.000001	0.000000	0.000000	0.000000	0.000000	0.000000	0.504180	0.000000	0.000000	0.000000	0.000000	0.000000	0.495819
39	tsk_39	(x)	1	:	0.000000	0.000000	0.000000	0.000000	0.000000	0.000000	0.000000	0.000000	0.500000	0.000000	0.000000	0.000000	0.000000	0.500000	0.000000
40	tsk_40	(x)	1	:	1.000000	0.000000	0.000000	0.000000	0.000000	0.000000	0.000000	0.000000	0.000000	0.000000	0.000000	0.000000	0.000000	0.000000	0.000000
41	tsk_41	(x)	1	:	0.503981	0.000000	0.000000	0.000000	0.000000	0.000205	0.000000	0.000000	0.000000	0.000000	0.000000	0.000000	0.000000	0.000000	0.495814
42	tsk_42	(x)	1	:	1.000000	0.000000	0.000000	0.000000	0.000000	0.000000	0.000000	0.000000	0.000000	0.000000	0.000000	0.000000	0.000000	0.000000	0.000000
43	tsk_43	(x)	1	:	0.500531	0.000000	0.000000	0.000000	0.000000	0.000196	0.000000	0.000000	0.000000	0.000000	0.000000	0.000000	0.499273	0.000000	0.000000
44	tsk_44	(x)	1	:	0.000000	0.000000	0.000000	0.000000	0.000000	0.000000	0.000000	0.000000	0.005182	0.000000	0.000000	0.000000	0.498715	0.496103	0.000000
45	tsk_45	(x)	1	:	0.498747	0.000000	0.000000	0.000000	0.495722	0.000196	0.000000	0.000000	0.005335	0.000000	0.000000	0.000000	0.000000	0.000000	0.000000
46	tsk_46	(x)	1	:	0.503993	0.000000	0.000000	0.000000	0.000000	0.000191	0.000000	0.000000	0.000000	0.000000	0.000000	0.000000	0.000000	0.000000	0.495816
47	tsk_47	(x)	1	:	0.000000	0.000000	0.000000	0.000000	0.000000	0.000000	0.000000	0.000000	0.000000	0.000000	0.000000	0.000000	0.504143	0.000000	0.495856
48	tsk_48	(x)	1	:	0.503983	0.000000	0.000000	0.000000	0.000000	0.000202	0.000000	0.000000	0.000000	0.000000	0.000000	0.000000	0.000000	0.000000	0.495815
49	tsk_49	(x)	1	:	0.500735	0.000000	0.000000	0.000000	0.000000	0.000000	0.000000	0.000000	0.000000	0.000000	0.000000	0.000000	0.499265	0.000000	0.000000
50	tsk_50	(x)	1	:	0.480596	0.000000	0.000000	0.000000	0.000000	0.000000	0.000000	0.000000	0.000000	0.000000	0.000000	0.519404	0.000000	0.000000	0.000000
51	tsk_51	(x)	1	:	0.999518	0.000000	0.000000	0.000000	0.000000	0.000482	0.000000	0.000000	0.000000	0.000000	0.000000	0.000000	0.000000	0.000000	0.000000
52	tsk_52	(x)	1	:	0.500735	0.000000	0.000000	0.000000	0.000000	0.000000	0.000000	0.000000	0.000000	0.000000	0.000000	0.000000	0.499265	0.000000	0.000000
53	tsk_53	(x)	1	:	0.000000	0.000000	0.000000	0.000000	0.000000	0.000000	0.000000	0.000000	0.000000	0.000000	0.000000	0.000000	0.000000	0.000000	1.000000
54	tsk_54	(x)	1	:	0.000000	0.000000	0.000000	0.000000	0.000000	0.000000	0.000000	0.000000	0.005872	0.000000	0.000000	0.000000	0.000000	0.498371	0.495757
55	tsk_55	(x)	1	:	0.503988	0.000000	0.000000	0.000000	0.000000	0.000198	0.000000	0.000000	0.000000	0.000000	0.000000	0.000000	0.000000	0.000000	0.495813
56	tsk_56	(x)	1	:	0.000000	0.000000	0.000002	0.000000	0.000000	0.000000	0.000000	0.000000	0.504180	0.000000	0.000000	0.000000	0.000000	0.000000	0.495819
57	tsk_57	(x)	1	:	0.000000	0.000000	0.000000	0.000000	0.000000	0.000000	0.000000	0.000000	0.000000	0.000000	0.000000	0.000000	0.000000	0.000000	1.000000
58	tsk_58	(x)	1	:	1.000000	0.000000	0.000000	0.000000	0.000000	0.000000	0.000000	0.000000	0.000000	0.000000	0.000000	0.000000	0.000000	0.000000	0.000000
59	tsk_59	(x)	1	:	0.000000	0.000000	0.000000	0.000000	0.000000	0.000000	0.000000	0.000000	0.000000	0.000000	0.000000	0.000000	0.504143	0.000000	0.495856
60	tsk_60	(x)	1	:	0.000000	0.353159	0.000000	0.000000	0.500816	0.000000	0.000000	0.000000	0.146026	0.000000	0.000000	0.000000	0.000000	0.000000	0.000000
61	tsk_61	(x)	1	:	0.000000	0.353010	0.416836	0.000000	0.000000	0.000000	0.000000	0.000000	0.230154	0.000000	0.000000	0.000000	0.000000	0.000000	0.000000
62	tsk_62	(x)	1	:	0.000000	0.000000	0.485700	0.000000	0.000000	0.000000	0.000000	0.000000	0.000000	0.514300	0.000000	0.000000	0.000000	0.000000	0.000000
63	tsk_63	(x)	1	:	0.000000	0.998834	0.000000	0.000000	0.000000	0.000000	0.000000	0.000000	0.001166	0.000000	0.000000	0.000000	0.000000	0.000000	0.000000
64	tsk_64	(x)	1	:	0.000000	0.000000	0.000000	0.000000	0.000000	0.000000	0.000000	0.000000	0.500000	0.000000	0.000000	0.000000	0.000000	0.500000	0.000000
65	tsk_65	(x)	1	:	0.503993	0.000000	0.000000	0.000000	0.000000	0.000194	0.000000	0.000000	0.000000	0.000000	0.000000	0.000000	0.000000	0.000000	0.495813
66	tsk_66	(x)	1	:	0.000000	0.353473	0.000004	0.000000	0.000000	0.000000	0.000000	0.000000	0.135543	0.510980	0.000000	0.000000	0.000000	0.000000	0.000000
67	tsk_67	(x)	1	:	0.000000	0.000000	0.000000	0.000000	0.000000	0.000000	0.000000	0.000000	0.000000	0.000000	0.000000	0.000000	0.483617	0.000000	0.516383
68	tsk_68	(x)	1	:	0.000000	0.353275	0.000007	0.000000	0.000000	0.000000	0.000000	0.000000	0.150871	0.000000	0.000000	0.000000	0.000000	0.000000	0.495846
69	tsk_69	(x)	1	:	0.485213	0.514787	0.000000	0.000000	0.000000	0.000000	0.000000	0.000000	0.000000	0.000000	0.000000	0.000000	0.000000	0.000000	0.000000
70	tsk_70	(x)	1	:	0.000000	0.000000	0.416179	0.000000	0.000000	0.000000	0.000000	0.000000	0.083906	0.000000	0.000000	0.000000	0.000000	0.499915	0.000000
71	tsk_71	(x)	1	:	0.000000	0.000000	0.416253	0.000000	0.000000	0.000000	0.000000	0.000000	0.583747	0.000000	0.000000	0.000000	0.000000	0.000000	0.000000
72	tsk_72	(x)	1	:	0.000000	0.000000	0.000000	0.000000	0.000000	0.000000	0.000000	0.000000	0.000000	0.000000	0.000000	0.000000	1.000000	0.000000	0.000000
73	tsk_73	(x)	1	:	0.000000	0.000000	0.000000	0.000000	0.000000	0.000000	0.000000	0.000000	0.000000	0.000000	0.000000	0.510644	0.489356	0.000000	0.000000
74	tsk_74	(x)	1	:	0.000000	0.000000	0.000000	0.000000	0.000000	0.000000	0.741871	0.000000	0.000000	0.000000	0.000000	0.000000	0.258129	0.000000	0.000000
75	tsk_75	(x)	1	:	0.000000	0.000000	0.000000	0.467211	0.000000	0.000000	0.000000	0.000000	0.000000	0.000000	0.000000	0.000000	0.532789	0.000000	0.000000
76	tsk_76	(x)	1	:	0.000000	0.000000	0.416172	0.000000	0.000000	0.000000	0.000000	0.000000	0.083920	0.000000	0.000000	0.000000	0.000000	0.499908	0.000000
77	tsk_77	(x)	1	:	0.000000	0.000000	0.000000	0.000000	0.000000	0.000000	0.000000	0.000000	0.000000	0.000000	0.000000	0.000000	0.000000	1.000000	0.000000
78	tsk_78	(x)	1	:	0.000000	0.000000	1.000000	0.000000	0.000000	0.000000	0.000000	0.000000	0.000000	0.000000	0.000000	0.000000	0.000000	0.000000	0.000000
79	tsk_79	(x)	1	:	0.999535	0.000000	0.000000	0.000000	0.000000	0.000464	0.000000	0.000000	0.000000	0.000000	0.000000	0.000000	0.000000	0.000000	0.000000
80	tsk_80	(x)	1	:	0.000000	0.000000	0.000000	0.000000	0.000000	0.000000	0.000000	0.000000	0.000000	0.000000	0.000000	0.000000	0.493299	0.000000	0.506701
81	tsk_81	(x)	1	:	0.493758	0.000000	0.000000	0.000000	0.000000	0.000000	0.000000	0.000000	0.000000	0.000000	0.000000	0.000000	0.000000	0.000000	0.506242
82	tsk_82	(x)	1	:	0.000000	0.000000	0.000000	0.000000	0.000000	0.000000	0.000000	0.000000	0.493745	0.000000	0.000000	0.000000	0.000000	0.000000	0.506255
83	tsk_83	(x)	1	:	0.000000	0.000000	0.000000	0.000000	0.000000	0.000000	0.000000	0.000000	0.493745	0.000000	0.000000	0.000000	0.000000	0.000000	0.506255
84	tsk_84	(x)	1	:	0.000000	0.000000	0.000000	0.000000	0.000000	0.000000	0.000000	0.000000	0.500733	0.000000	0.000000	0.000000	0.499267	0.000000	0.000000
85	tsk_85	(x)	1	:	0.000000	0.000000	0.000000	0.000000	0.000000	0.000000	0.000000	0.000000	0.500733	0.000000	0.000000	0.000000	0.499267	0.000000	0.000000
86	tsk_86	(x)	1	:	0.000000	0.000000	0.000000	0.000000	0.000000	0.000000	0.000000	0.000000	0.000000	0.000000	0.000000	0.000000	0.000000	0.000000	1.000000
87	tsk_87	(x)	1	:	0.000000	0.000000	0.000000	0.000000	0.000000	0.000000	0.000000	0.000000	0.000000	0.000000	0.000000	0.000000	0.493299	0.000000	0.506701
88	tsk_88	(x)	1	:	0.000000	0.000000	0.000000	0.000000	0.000000	0.000000	0.000000	0.000000	0.500733	0.000000	0.000000	0.000000	0.499267	0.000000	0.000000
89	tsk_89	(x)	1	:	0.000000	0.000000	0.000000	0.000000	0.000000	0.000000	0.000000	0.000000	0.000000	0.000000	0.000000	0.000000	1.000000	0.000000	0.000000
90	tsk_90	(x)	1	:	0.000000	0.601866	0.000000	0.000000	0.000000	0.000000	0.000000	0.000000	0.398134	0.000000	0.000000	0.000000	0.000000	0.000000	0.000000
91	tsk_91	(x)	1	:	0.500448	0.353905	0.000000	0.000000	0.000000	0.000000	0.000000	0.000000	0.145647	0.000000	0.000000	0.000000	0.000000	0.000000	0.000000
92	tsk_92	(x)	1	:	0.497861	0.000000	0.000000	0.000000	0.000000	0.000202	0.000000	0.000000	0.000000	0.501937	0.000000	0.000000	0.000000	0.000000	0.000000
93	tsk_93	(x)	1	:	0.493681	0.000000	0.000000	0.000000	0.000000	0.000199	0.000000	0.000000	0.000000	0.000000	0.000000	0.000000	0.000000	0.000000	0.506120
94	tsk_94	(x)	1	:	0.499636	0.000000	0.000000	0.000000	0.000000	0.000000	0.000000	0.000000	0.000000	0.000000	0.497415	0.000000	0.002949	0.000000	0.000000
95	tsk_95	(x)	1	:	0.999506	0.000000	0.000000	0.000000	0.000000	0.000494	0.000000	0.000000	0.000000	0.000000	0.000000	0.000000	0.000000	0.000000	0.000000
96	tsk_96	(x)	1	:	0.000000	0.601866	0.000000	0.000000	0.000000	0.000000	0.000000	0.000000	0.398134	0.000000	0.000000	0.000000	0.000000	0.000000	0.000000
97	tsk_97	(x)	1	:	0.000000	0.286385	0.000000	0.000000	0.000000	0.000000	0.000000	0.000000	0.713615	0.000000	0.000000	0.000000	0.000000	0.000000	0.000000
98	tsk_98	(x)	1	:	0.000000	0.286504	0.000003	0.000000	0.000000	0.000000	0.000000	0.000000	0.213121	0.000000	0.497531	0.000000	0.002840	0.000000	0.000000
99	tsk_99	(x)	1	:	0.500454	0.353921	0.000000	0.000000	0.000000	0.000000	0.000000	0.000000	0.145625	0.000000	0.000000	0.000000	0.000000	0.000000	0.000000
100	tsk_100	(x)	1	:	0.503980	0.000000	0.000000	0.000000	0.000000	0.000205	0.000000	0.000000	0.000000	0.000000	0.000000	0.000000	0.000000	0.000000	0.495814
101	tsk_101	(x)	1	:	0.000000	0.000000	0.470711	0.000000	0.000000	0.000000	0.000000	0.000000	0.327043	0.000000	0.000000	0.202246	0.000000	0.000000	0.000000
102	tsk_102	(x)	1	:	0.500082	0.000000	0.000001	0.000000	0.000000	0.000000	0.000000	0.000000	0.499917	0.000000	0.000000	0.000000	0.000000	0.000000	0.000000
103	tsk_103	(x)	1	:	0.999518	0.000000	0.000000	0.000000	0.000000	0.000482	0.000000	0.000000	0.000000	0.000000	0.000000	0.000000	0.000000	0.000000	0.000000
104	tsk_104	(x)	1	:	0.000000	0.000000	0.000000	0.000000	0.484670	0.000000	0.000000	0.000000	0.000587	0.000000	0.000000	0.514743	0.000000	0.000000	0.000000
105	tsk_105	(x)	1	:	0.000000	0.000000	0.000001	0.000000	0.000000	0.000000	0.000000	0.000000	0.504180	0.000000	0.000000	0.000000	0.000000	0.000000	0.495819
106	tsk_106	(x)	1	:	0.999553	0.000000	0.000000	0.000000	0.000000	0.000447	0.000000	0.000000	0.000000	0.000000	0.000000	0.000000	0.000000	0.000000	0.000000
107	tsk_107	(x)	1	:	0.503982	0.000000	0.000000	0.000000	0.000000	0.000203	0.000000	0.000000	0.000000	0.000000	0.000000	0.000000	0.000000	0.000000	0.495815
108	tsk_108	(x)	1	:	0.500525	0.000000	0.000000	0.000000	0.000000	0.000201	0.000000	0.000000	0.000000	0.000000	0.000000	0.000000	0.499274	0.000000	0.000000
109	tsk_109	(x)	1	:	0.000000	0.000000	0.417041	0.000000	0.390095	0.000000	0.000000	0.000000	0.000000	0.000000	0.000000	0.192864	0.000000	0.000000	0.000000
110	tsk_110	(x)	1	:	0.000000	0.295214	0.000000	0.000000	0.000000	0.000000	0.355568	0.000000	0.000000	0.000000	0.000000	0.000000	0.349218	0.000000	0.000000
111	tsk_111	(x)	1	:	0.000000	0.000000	0.351443	0.000000	0.000000	0.000000	0.000000	0.231628	0.000000	0.000000	0.000000	0.000000	0.416928	0.000000	0.000000
112	tsk_112	(x)	1	:	0.000000	0.000000	0.000000	0.000000	0.000000	0.000000	0.000000	0.695183	0.000000	0.000000	0.000000	0.000000	0.304817	0.000000	0.000000
113	tsk_113	(x)	1	:	0.000000	0.000000	0.264963	0.000000	0.000000	0.000000	0.345890	0.000000	0.000000	0.000000	0.000000	0.000000	0.389147	0.000000	0.000000
114	tsk_114	(x)	1	:	0.000000	0.000000	0.351443	0.000000	0.000000	0.000000	0.000000	0.231628	0.000000	0.000000	0.000000	0.000000	0.416928	0.000000	0.000000
115	tsk_115	(x)	1	:	0.000000	0.000000	0.548910	0.000000	0.000000	0.000000	0.000000	0.000000	0.000000	0.000000	0.000000	0.000000	0.000000	0.000000	0.451090
116	tsk_116	(x)	1	:	0.000000	0.000000	0.000000	0.000000	0.000000	0.000000	0.000000	0.695183	0.000000	0.000000	0.000000	0.000000	0.304817	0.000000	0.000000
117	tsk_117	(x)	1	:	0.529442	0.000000	0.470558	0.000000	0.000000	0.000000	0.000000	0.000000	0.000000	0.000000	0.000000	0.000000	0.000000	0.000000	0.000000
118	tsk_118	(x)	1	:	0.000000	0.000000	0.000000	0.000000	0.000000	0.000000	0.000000	0.000000	0.000000	0.000000	0.505122	0.000000	0.494878	0.000000	0.000000
119	tsk_119	(x)	1	:	0.000000	0.000000	0.416153	0.000000	0.000000	0.000000	0.000000	0.000000	0.083961	0.000000	0.000000	0.000000	0.000000	0.499886	0.000000
120	tsk_120	(x)	1	:	0.000000	0.000000	0.000000	0.000000	0.000000	0.000000	0.000000	0.000000	0.000000	0.000000	0.000000	0.000000	0.499359	0.500641	0.000000
121	tsk_121	(x)	1	:	0.000000	0.000000	0.000000	0.519075	0.000000	0.000000	0.000000	0.000000	0.480925	0.000000	0.000000	0.000000	0.000000	0.000000	0.000000
122	tsk_122	(x)	1	:	0.000000	0.000000	0.000000	0.000000	0.000000	0.000000	0.000000	0.000000	0.004076	0.000000	0.499550	0.000000	0.000000	0.496374	0.000000
123	tsk_123	(x)	1	:	0.000000	0.000000	0.000000	0.000000	0.000000	0.000000	0.000000	0.000000	0.000000	0.000000	0.000000	0.000000	0.000000	1.000000	0.000000
124	tsk_124	(x)	1	:	0.000000	0.491758	0.000000	0.000000	0.000000	0.000000	0.000000	0.000000	0.508242	0.000000	0.000000	0.000000	0.000000	0.000000	0.000000
125	tsk_125	(x)	1	:	0.000000	0.286499	0.000000	0.000000	0.000000	0.000000	0.000000	0.000000	0.214209	0.000000	0.000000	0.000000	0.499291	0.000000	0.000000
126	tsk_126	(x)	1	:	0.000000	0.352870	0.105076	0.000000	0.000000	0.000000	0.000000	0.000000	0.228430	0.000000	0.000000	0.313624	0.000000	0.000000	0.000000
127	tsk_127	(x)	1	:	0.000000	0.000000	0.000000	0.000000	0.000000	0.000000	0.000000	0.000000	0.000000	0.000000	0.000000	0.000000	0.000000	1.000000	0.000000
128	tsk_128	(x)	1	:	0.000000	0.000000	0.000000	0.000000	0.000000	0.000000	0.000000	0.000000	0.003060	0.000000	0.000000	0.000000	0.498977	0.497962	0.000000
129	tsk_129	(x)	1	:	0.000000	0.000000	0.000000	0.000000	0.000000	0.000000	0.000000	0.000000	0.000000	0.000000	0.499699	0.000000	0.004659	0.000000	0.495641
130	tsk_130	(x)	1	:	0.000000	0.000000	0.000000	0.000000	0.000000	0.000000	0.000000	0.000000	0.500000	0.000000	0.000000	0.000000	0.000000	0.500000	0.000000
131	tsk_131	(x)	1	:	0.000000	0.000000	0.000000	0.000000	0.500000	0.000000	0.000000	0.000000	0.500000	0.000000	0.000000	0.000000	0.000000	0.000000	0.000000
132	tsk_132	(x)	1	:	0.000000	0.000000	0.000000	0.000000	0.000000	0.000000	0.000000	0.000000	1.000000	0.000000	0.000000	0.000000	0.000000	0.000000	0.000000
133	tsk_133	(x)	1	:	0.000000	0.000000	0.000000	0.000000	0.498441	0.000000	0.000000	0.000000	0.001405	0.000000	0.497329	0.000000	0.002826	0.000000	0.000000
134	tsk_134	(x)	1	:	0.000000	0.000000	0.000000	0.000000	0.498301	0.000000	0.000000	0.000000	0.002674	0.000000	0.000000	0.000000	0.499025	0.000000	0.000000
135	tsk_135	(x)	1	:	0.000000	0.000000	0.000000	0.000000	0.495512	0.000000	0.000000	0.000000	0.008976	0.000000	0.000000	0.000000	0.000000	0.495512	0.000000
136	tsk_136	(x)	1	:	0.000000	0.000000	0.000000	0.000000	0.000000	0.000000	0.000000	0.000000	0.000000	0.000000	1.000000	0.000000	0.000000	0.000000	0.000000
137	tsk_137	(x)	1	:	0.000000	0.000000	0.000000	0.000000	0.000000	0.000000	0.000000	0.000000	0.000000	0.000000	1.000000	0.000000	0.000000	0.000000	0.000000
138	tsk_138	(x)	1	:	0.000000	0.000000	0.000000	0.000000	0.000000	0.000000	0.000000	0.000000	0.000000	0.000000	1.000000	0.000000	0.000000	0.000000	0.000000
139	tsk_139	(x)	1	:	0.000000	0.000000	0.000000	0.000000	0.000000	0.000000	0.000000	0.000000	0.000000	0.000000	0.490821	0.508181	0.000998	0.000000	0.000000
140	tsk_140	(x)	1	:	0.503992	0.000000	0.000000	0.000000	0.000000	0.000195	0.000000	0.000000	0.000000	0.000000	0.000000	0.000000	0.000000	0.000000	0.495813
141	tsk_141	(x)	1	:	0.499078	0.000000	0.000000	0.000000	0.495624	0.000000	0.000000	0.000000	0.005297	0.000000	0.000000	0.000000	0.000000	0.000000	0.000000
142	tsk_142	(x)	1	:	0.000000	0.000000	0.000000	0.000000	0.000000	0.000000	0.000000	0.000000	0.000000	0.000000	0.000000	0.495687	0.000000	0.000000	0.504313
143	tsk_143	(x)	1	:	0.000000	0.000000	0.000000	0.000000	0.000000	0.000000	0.000000	0.000000	0.000000	0.436637	0.000000	0.000000	0.000000	0.000000	0.563363
144	tsk_144	(x)	1	:	0.000000	0.000000	0.000000	0.000000	1.000000	0.000000	0.000000	0.000000	0.000000	0.000000	0.000000	0.000000	0.000000	0.000000	0.000000
145	tsk_145	(x)	1	:	0.000000	0.000000	0.000000	0.000000	0.000000	0.000000	0.000000	0.000000	0.000000	0.436637	0.000000	0.000000	0.000000	0.000000	0.563363
146	tsk_146	(x)	1	:	0.000000	0.000000	0.000000	0.000000	0.000000	0.000000	0.000000	0.000000	0.006050	0.434128	0.000000	0.000000	0.000000	0.497930	0.061892
147	tsk_147	(x)	1	:	0.000000	0.000000	0.000000	0.000000	0.000000	0.000000	0.000000	0.000000	0.000000	0.000000	0.000000	0.506666	0.000000	0.000000	0.493334
148	tsk_148	(x)	1	:	0.000000	0.000000	0.000000	0.000000	0.499055	0.000000	0.000000	0.000000	0.005162	0.000000	0.000000	0.000000	0.000000	0.000000	0.495783
149	tsk_149	(x)	1	:	0.000000	0.000000	0.000000	0.000000	0.000000	0.000000	0.000000	0.000000	0.000000	0.434109	0.000000	0.506372	0.000000	0.000000	0.059519
