logL = -1352.971863 (converged)
AIC = 4685.943725
BIC = 7666.472666

count.K
15 39 9 26 45 16 

