0	tsk_0	(x)	1	:	0.000000	0.000000	0.013566	0.000000	0.425173	0.561260	0.000000
1	tsk_1	(x)	1	:	0.000000	0.000000	0.566938	0.000000	0.433062	0.000000	0.000000
2	tsk_2	(x)	1	:	0.000000	0.000000	0.088810	0.000001	0.432986	0.168523	0.309680
3	tsk_3	(x)	1	:	0.000000	0.000000	0.089081	0.000000	0.433011	0.000000	0.477908
4	tsk_4	(x)	1	:	0.000000	0.000000	0.000002	0.000000	0.999998	0.000000	0.000000
5	tsk_5	(x)	1	:	0.000000	0.000000	0.000002	0.000000	0.999998	0.000000	0.000000
6	tsk_6	(x)	1	:	0.000000	0.000000	0.000002	0.000000	0.999998	0.000000	0.000000
7	tsk_7	(x)	1	:	0.000000	0.000000	1.000000	0.000000	0.000000	0.000000	0.000000
8	tsk_8	(x)	1	:	0.000000	0.000000	0.566940	0.000000	0.433060	0.000000	0.000000
9	tsk_9	(x)	1	:	0.000000	0.000000	0.566940	0.000000	0.433060	0.000000	0.000000
10	tsk_10	(x)	1	:	0.195543	0.000000	0.521702	0.000001	0.000000	0.000000	0.282753
11	tsk_11	(x)	1	:	0.000000	0.487920	0.000000	0.000000	0.000000	0.000000	0.512080
12	tsk_12	(x)	1	:	0.330894	0.000000	0.000000	0.000000	0.000000	0.000000	0.669105
13	tsk_13	(x)	1	:	0.000000	0.000000	0.000012	0.999988	0.000000	0.000000	0.000000
14	tsk_14	(x)	1	:	0.000000	0.000000	0.546568	0.453432	0.000000	0.000000	0.000000
15	tsk_15	(x)	1	:	0.000000	0.000000	0.546566	0.453434	0.000000	0.000000	0.000000
16	tsk_16	(x)	1	:	0.000000	0.000000	0.370373	0.000000	0.629627	0.000000	0.000000
17	tsk_17	(x)	1	:	0.000000	0.000000	0.546566	0.453434	0.000000	0.000000	0.000000
18	tsk_18	(x)	1	:	0.330119	0.000000	0.521080	0.000000	0.000000	0.000000	0.148800
19	tsk_19	(x)	1	:	0.195558	0.000000	0.068445	0.453329	0.000000	0.000000	0.282667
20	tsk_20	(x)	1	:	0.000000	0.000000	0.000001	0.000000	0.999999	0.000000	0.000000
21	tsk_21	(x)	1	:	0.000000	0.000000	0.088771	0.000000	0.433012	0.168522	0.309694
22	tsk_22	(x)	1	:	0.000000	0.000001	0.000000	0.000000	0.000000	0.168893	0.831106
23	tsk_23	(x)	1	:	0.000000	0.000000	0.000734	0.000000	0.399791	0.599475	0.000000
24	tsk_24	(x)	1	:	0.000000	0.000000	0.000000	0.000000	0.000000	0.168893	0.831107
25	tsk_25	(x)	1	:	0.000000	0.000002	0.000000	0.000000	0.000000	0.690233	0.309765
26	tsk_26	(x)	1	:	0.000000	0.000000	0.000000	0.000000	0.000000	0.168893	0.831107
27	tsk_27	(x)	1	:	0.000000	0.000000	0.088789	0.000000	0.433000	0.168523	0.309687
28	tsk_28	(x)	1	:	0.000000	0.000000	0.089069	0.000000	0.433019	0.000000	0.477912
29	tsk_29	(x)	1	:	0.000000	0.000000	0.000000	0.000000	0.000000	0.357526	0.642474
30	tsk_30	(x)	1	:	0.472838	0.000000	0.515875	0.000001	0.000000	0.000000	0.011286
31	tsk_31	(x)	1	:	0.000000	0.000000	0.437043	0.000000	0.000000	0.562956	0.000001
32	tsk_32	(x)	1	:	0.000000	0.412442	0.587434	0.000000	0.000000	0.000000	0.000124
33	tsk_33	(x)	1	:	0.476522	0.482889	0.000000	0.000000	0.000000	0.000000	0.040589
34	tsk_34	(x)	1	:	0.000000	0.472966	0.514560	0.000002	0.000000	0.000000	0.012472
35	tsk_35	(x)	1	:	0.000000	0.999998	0.000000	0.000000	0.000000	0.000000	0.000002
36	tsk_36	(x)	1	:	0.000000	0.473091	0.514622	0.000002	0.000000	0.000000	0.012285
37	tsk_37	(x)	1	:	0.000000	0.473062	0.514608	0.000002	0.000000	0.000000	0.012328
38	tsk_38	(x)	1	:	0.000000	0.473390	0.514772	0.000001	0.000000	0.000000	0.011837
39	tsk_39	(x)	1	:	0.000000	0.999998	0.000000	0.000000	0.000000	0.000000	0.000001
40	tsk_40	(x)	1	:	0.000000	0.000000	0.000000	0.000000	0.000000	0.000000	1.000000
41	tsk_41	(x)	1	:	0.000000	0.000001	0.000000	0.000000	0.000000	0.625393	0.374605
42	tsk_42	(x)	1	:	0.000000	0.000000	0.000000	0.000000	0.000000	0.689106	0.310894
43	tsk_43	(x)	1	:	0.000000	0.000002	0.000000	0.000000	0.000000	0.625393	0.374605
44	tsk_44	(x)	1	:	0.000000	0.000000	0.367020	0.000000	0.632980	0.000000	0.000000
45	tsk_45	(x)	1	:	0.000000	0.000000	0.000000	0.000000	1.000000	0.000000	0.000000
46	tsk_46	(x)	1	:	0.000000	0.000000	1.000000	0.000000	0.000000	0.000000	0.000000
47	tsk_47	(x)	1	:	0.000000	0.000001	0.068751	0.453351	0.000000	0.000000	0.477897
48	tsk_48	(x)	1	:	0.000000	0.000002	0.000000	0.000000	0.000000	0.625393	0.374605
49	tsk_49	(x)	1	:	0.000000	0.000000	0.000000	0.000000	0.482878	0.517122	0.000000
50	tsk_50	(x)	1	:	0.000000	0.000000	0.000002	0.000000	0.999998	0.000000	0.000000
51	tsk_51	(x)	1	:	0.000000	0.000000	0.000078	0.000000	0.567147	0.000000	0.432775
52	tsk_52	(x)	1	:	0.000000	0.000000	0.566939	0.000000	0.433061	0.000000	0.000000
53	tsk_53	(x)	1	:	0.000000	0.000000	0.089056	0.000000	0.433027	0.000000	0.477916
54	tsk_54	(x)	1	:	0.000000	0.473440	0.080893	0.000000	0.433645	0.000000	0.012021
55	tsk_55	(x)	1	:	0.000000	0.000000	0.000000	0.000000	0.000000	0.000000	1.000000
56	tsk_56	(x)	1	:	0.000000	0.000000	0.000004	0.000000	0.999996	0.000000	0.000000
57	tsk_57	(x)	1	:	0.000000	0.000000	0.089064	0.000000	0.433022	0.000000	0.477914
58	tsk_58	(x)	1	:	0.000000	0.487111	0.000000	0.000000	0.000000	0.168506	0.344383
59	tsk_59	(x)	1	:	0.000000	0.000000	0.000000	0.000000	1.000000	0.000000	0.000000
60	tsk_60	(x)	1	:	0.000000	0.000000	0.437043	0.000000	0.000000	0.562956	0.000001
61	tsk_61	(x)	1	:	0.000000	0.000000	0.000000	0.000000	0.000000	0.000000	1.000000
62	tsk_62	(x)	1	:	0.000000	0.000002	0.000000	0.000000	0.000000	0.625393	0.374605
63	tsk_63	(x)	1	:	0.478740	0.000000	0.000000	0.000000	0.000000	0.168549	0.352711
64	tsk_64	(x)	1	:	0.000000	0.000001	0.000000	0.000000	0.000000	0.625393	0.374605
65	tsk_65	(x)	1	:	0.000000	0.000000	0.000142	0.000000	0.568377	0.168495	0.262986
66	tsk_66	(x)	1	:	0.479051	0.000000	0.000000	0.000000	0.000000	0.000000	0.520949
67	tsk_67	(x)	1	:	0.000000	0.000000	0.522063	0.000001	0.000000	0.000000	0.477935
68	tsk_68	(x)	1	:	0.000000	0.000000	0.437043	0.000000	0.000000	0.562956	0.000001
69	tsk_69	(x)	1	:	0.419469	0.000000	0.000000	0.000000	0.000000	0.580512	0.000019
70	tsk_70	(x)	1	:	0.000000	0.472962	0.514557	0.000002	0.000000	0.000000	0.012479
71	tsk_71	(x)	1	:	0.000000	0.000000	0.088802	0.000000	0.432991	0.168523	0.309684
72	tsk_72	(x)	1	:	0.000000	0.405871	0.000000	0.000000	0.000000	0.594095	0.000034
73	tsk_73	(x)	1	:	0.000012	0.324413	0.000000	0.000000	0.000000	0.000000	0.675575
74	tsk_74	(x)	1	:	0.000000	0.475125	0.060620	0.454511	0.000000	0.000000	0.009744
75	tsk_75	(x)	1	:	0.000000	0.000000	0.000016	0.999984	0.000000	0.000000	0.000000
76	tsk_76	(x)	1	:	0.000000	0.000000	0.546564	0.453436	0.000000	0.000000	0.000000
77	tsk_77	(x)	1	:	0.000000	0.000000	0.000370	0.000000	0.400673	0.598957	0.000000
78	tsk_78	(x)	1	:	0.000012	0.324413	0.000000	0.000000	0.000000	0.000000	0.675575
79	tsk_79	(x)	1	:	0.000000	0.000000	0.000277	0.000000	0.400751	0.598972	0.000000
80	tsk_80	(x)	1	:	0.000000	0.487920	0.000000	0.000000	0.000000	0.000000	0.512080
81	tsk_81	(x)	1	:	0.000000	0.473220	0.514687	0.000001	0.000000	0.000000	0.012092
82	tsk_82	(x)	1	:	0.000000	0.473635	0.514893	0.000001	0.000000	0.000000	0.011470
83	tsk_83	(x)	1	:	0.000000	0.000000	0.000000	0.000000	0.000000	0.000000	1.000000
84	tsk_84	(x)	1	:	0.000000	0.487919	0.000000	0.000000	0.000000	0.000000	0.512080
85	tsk_85	(x)	1	:	0.000000	0.473169	0.514661	0.000001	0.000000	0.000000	0.012168
86	tsk_86	(x)	1	:	0.000000	0.473065	0.514609	0.000001	0.000000	0.000000	0.012324
87	tsk_87	(x)	1	:	0.000000	0.473103	0.514629	0.000001	0.000000	0.000000	0.012267
88	tsk_88	(x)	1	:	0.000000	0.472832	0.514493	0.000001	0.000000	0.000000	0.012673
89	tsk_89	(x)	1	:	0.000000	0.000000	1.000000	0.000000	0.000000	0.000000	0.000000
90	tsk_90	(x)	1	:	0.000000	0.000000	0.000000	0.000000	0.000000	0.000000	1.000000
91	tsk_91	(x)	1	:	0.000000	0.000000	0.000000	0.000000	0.482878	0.517122	0.000000
92	tsk_92	(x)	1	:	0.000000	0.000000	0.000000	0.000000	0.000000	0.000000	1.000000
93	tsk_93	(x)	1	:	0.000000	0.000000	0.000000	0.000000	0.000000	0.000000	1.000000
94	tsk_94	(x)	1	:	0.000000	0.321601	0.000000	0.000000	0.000000	0.000000	0.678399
95	tsk_95	(x)	1	:	0.000000	0.505604	0.000003	0.000000	0.494392	0.000000	0.000000
96	tsk_96	(x)	1	:	0.000000	0.000000	0.000000	0.000000	0.000000	0.000000	1.000000
97	tsk_97	(x)	1	:	0.412144	0.587831	0.000000	0.000000	0.000000	0.000000	0.000026
98	tsk_98	(x)	1	:	0.479051	0.000000	0.000000	0.000000	0.000000	0.000000	0.520949
99	tsk_99	(x)	1	:	0.000000	0.000000	0.000000	0.000000	0.000000	0.000000	1.000000
100	tsk_100	(x)	1	:	0.000000	0.000000	0.522063	0.000001	0.000000	0.000000	0.477935
101	tsk_101	(x)	1	:	0.000000	0.000002	0.000000	0.000000	0.000000	0.625394	0.374604
102	tsk_102	(x)	1	:	0.000000	0.000000	0.000000	0.000000	0.000000	0.000000	1.000000
103	tsk_103	(x)	1	:	0.000000	0.000000	0.000000	0.000000	0.000000	0.885343	0.114656
104	tsk_104	(x)	1	:	0.000000	0.000000	0.000000	0.000000	0.000000	0.000000	1.000000
105	tsk_105	(x)	1	:	0.000000	0.000000	0.437043	0.000000	0.000000	0.562957	0.000000
106	tsk_106	(x)	1	:	0.000000	0.000002	0.000000	0.000000	0.000000	0.625394	0.374604
107	tsk_107	(x)	1	:	0.000000	0.487919	0.000000	0.000000	0.000000	0.000000	0.512081
108	tsk_108	(x)	1	:	0.000000	0.000001	0.000000	0.000000	0.000000	0.168893	0.831107
109	tsk_109	(x)	1	:	0.000000	0.000000	0.000000	0.000000	0.000000	0.000000	1.000000
110	tsk_110	(x)	1	:	0.476523	0.482890	0.000000	0.000000	0.000000	0.000000	0.040587
111	tsk_111	(x)	1	:	0.473792	0.000000	0.083296	0.000000	0.433400	0.000000	0.009512
112	tsk_112	(x)	1	:	0.478740	0.000000	0.000000	0.000000	0.000000	0.168549	0.352711
113	tsk_113	(x)	1	:	0.000000	0.000001	0.000000	0.000000	0.000000	0.357526	0.642474
114	tsk_114	(x)	1	:	0.000000	0.000000	0.000050	0.000000	0.567157	0.000000	0.432793
115	tsk_115	(x)	1	:	1.000000	0.000000	0.000000	0.000000	0.000000	0.000000	0.000000
116	tsk_116	(x)	1	:	0.000000	0.000000	0.000053	0.000000	0.566981	0.168493	0.264474
117	tsk_117	(x)	1	:	0.476588	0.483025	0.000000	0.000000	0.000000	0.000000	0.040387
118	tsk_118	(x)	1	:	0.000000	0.000000	0.000000	0.000000	1.000000	0.000000	0.000000
119	tsk_119	(x)	1	:	0.000000	0.000000	0.000070	0.000000	0.566971	0.168493	0.264466
120	tsk_120	(x)	1	:	0.000000	0.000000	0.113687	0.453338	0.432975	0.000000	0.000000
121	tsk_121	(x)	1	:	0.000000	0.000000	0.245300	0.321637	0.433063	0.000000	0.000000
122	tsk_122	(x)	1	:	0.000000	0.000003	0.000000	0.000000	0.000000	0.625394	0.374604
123	tsk_123	(x)	1	:	0.000000	1.000000	0.000000	0.000000	0.000000	0.000000	0.000000
124	tsk_124	(x)	1	:	0.000000	0.000000	0.000018	0.257351	0.326830	0.000000	0.415801
125	tsk_125	(x)	1	:	0.000000	0.561996	0.012043	0.000000	0.425960	0.000000	0.000000
126	tsk_126	(x)	1	:	0.000000	0.502161	0.000000	0.223802	0.274037	0.000000	0.000000
127	tsk_127	(x)	1	:	0.000000	0.559314	0.003525	0.437161	0.000000	0.000000	0.000000
128	tsk_128	(x)	1	:	0.000000	0.000000	1.000000	0.000000	0.000000	0.000000	0.000000
129	tsk_129	(x)	1	:	0.000000	0.000001	0.068711	0.453379	0.000000	0.000000	0.477910
130	tsk_130	(x)	1	:	0.472724	0.000000	0.515759	0.000001	0.000000	0.000000	0.011516
131	tsk_131	(x)	1	:	0.000000	0.000000	0.522063	0.000001	0.000000	0.000000	0.477935
132	tsk_132	(x)	1	:	0.000000	0.000000	0.000000	0.000000	0.000000	0.000000	1.000000
133	tsk_133	(x)	1	:	0.192366	0.000000	0.088726	0.000000	0.433025	0.000000	0.285883
134	tsk_134	(x)	1	:	0.479051	0.000000	0.000000	0.000000	0.000000	0.000000	0.520949
135	tsk_135	(x)	1	:	0.000000	0.000000	0.089086	0.000000	0.433007	0.000000	0.477907
136	tsk_136	(x)	1	:	0.000000	0.000000	0.000000	0.000000	0.621889	0.000000	0.378111
137	tsk_137	(x)	1	:	0.592262	0.000000	0.000000	0.000000	0.000000	0.000000	0.407738
138	tsk_138	(x)	1	:	0.000000	0.000000	0.000000	0.000000	0.000000	0.000000	1.000000
139	tsk_139	(x)	1	:	0.581735	0.000000	0.003874	0.000000	0.414391	0.000000	0.000000
140	tsk_140	(x)	1	:	0.000000	0.000000	0.089056	0.000000	0.433027	0.000000	0.477916
141	tsk_141	(x)	1	:	0.000000	0.000000	0.413016	0.000000	0.000000	0.000000	0.586984
142	tsk_142	(x)	1	:	1.000000	0.000000	0.000000	0.000000	0.000000	0.000000	0.000000
143	tsk_143	(x)	1	:	0.419476	0.000000	0.000000	0.000000	0.000000	0.580516	0.000008
144	tsk_144	(x)	1	:	0.473018	0.000000	0.516057	0.000000	0.000000	0.000000	0.010925
145	tsk_145	(x)	1	:	0.476541	0.482928	0.000000	0.000000	0.000000	0.000000	0.040531
146	tsk_146	(x)	1	:	0.380542	0.000000	0.000000	0.000000	0.000000	0.000000	0.619458
147	tsk_147	(x)	1	:	0.412142	0.587828	0.000000	0.000000	0.000000	0.000000	0.000030
148	tsk_148	(x)	1	:	1.000000	0.000000	0.000000	0.000000	0.000000	0.000000	0.000000
149	tsk_149	(x)	1	:	0.381752	0.000000	0.000000	0.000000	0.000000	0.000000	0.618248
