logL = -1296.111744 (converged)
AIC = 3740.223488
BIC = 5468.328147

count.K
13 8 66 63 

