logL = -1528.532290 (converged)
AIC = 8245.064580
BIC = 16054.652533

count.K
2 4 18 26 0 1 13 21 25 17 12 1 3 7 

