logL = -1024.328340 (converged)
AIC = 7538.656681
BIC = 15802.850563

count.K
1 3 5 2 3 11 8 12 19 9 10 38 0 22 7 

