logL = -1185.902996 (converged)
AIC = 7681.805992
BIC = 15675.042698

count.K
11 4 3 12 5 23 6 7 0 43 2 16 10 5 3 

