0	tsk_0	(x)	1	:	0.035628	0.000000	0.000000	0.000000	0.000000	0.470334	0.000000	0.000000	0.000000	0.000000	0.000000	0.000000	0.000000	0.000000	0.494038
1	tsk_1	(x)	1	:	0.000000	0.000000	0.000001	0.000000	0.000000	0.000000	0.508435	0.000000	0.000000	0.000000	0.438229	0.000000	0.000000	0.000000	0.053335
2	tsk_2	(x)	1	:	0.000000	0.000000	0.000000	0.000000	0.000000	0.000000	1.000000	0.000000	0.000000	0.000000	0.000000	0.000000	0.000000	0.000000	0.000000
3	tsk_3	(x)	1	:	0.000000	0.000000	0.000001	0.000000	0.000000	0.000000	0.508449	0.000000	0.000000	0.000000	0.438250	0.000000	0.000000	0.000000	0.053299
4	tsk_4	(x)	1	:	0.000000	0.000000	0.000000	0.000000	0.000000	0.000000	1.000000	0.000000	0.000000	0.000000	0.000000	0.000000	0.000000	0.000000	0.000000
5	tsk_5	(x)	1	:	0.029556	0.000000	0.000000	0.000000	0.000000	0.470450	0.499993	0.000000	0.000000	0.000000	0.000000	0.000000	0.000000	0.000000	0.000000
6	tsk_6	(x)	1	:	0.000000	0.000000	0.000001	0.000000	0.000000	0.000000	0.507858	0.000000	0.000000	0.000000	0.000000	0.000000	0.000000	0.000000	0.492141
7	tsk_7	(x)	1	:	0.000000	0.000000	0.416932	0.000000	0.000000	0.000000	0.583067	0.000000	0.000000	0.000000	0.000000	0.000000	0.000000	0.000000	0.000000
8	tsk_8	(x)	1	:	0.000000	0.000000	0.000000	0.000000	0.000000	0.000000	0.507858	0.000000	0.000000	0.000000	0.000000	0.000000	0.000000	0.000000	0.492141
9	tsk_9	(x)	1	:	0.000000	0.000000	0.000000	0.536090	0.000000	0.000000	0.463869	0.000000	0.000000	0.000000	0.000000	0.000000	0.000000	0.000000	0.000041
10	tsk_10	(x)	1	:	0.035628	0.000000	0.000000	0.000000	0.000000	0.470334	0.000000	0.000000	0.000000	0.000000	0.000000	0.000000	0.000000	0.000000	0.494038
11	tsk_11	(x)	1	:	0.000000	0.000000	0.000000	0.000000	0.000000	0.000000	0.000000	0.000000	0.000000	0.000000	0.586897	0.000000	0.413103	0.000000	0.000000
12	tsk_12	(x)	1	:	0.000000	0.000000	0.000000	0.000000	0.485087	0.000000	0.000000	0.000000	0.000000	0.000000	0.514913	0.000000	0.000000	0.000000	0.000000
13	tsk_13	(x)	1	:	0.000000	0.000000	0.000000	0.000000	0.000000	0.000000	0.000000	0.000000	0.000000	0.000000	1.000000	0.000000	0.000000	0.000000	0.000000
14	tsk_14	(x)	1	:	0.031755	0.000000	0.000000	0.000000	0.497793	0.470452	0.000000	0.000000	0.000000	0.000000	0.000000	0.000000	0.000000	0.000000	0.000000
15	tsk_15	(x)	1	:	0.000000	0.000000	0.000000	0.366652	0.497983	0.000000	0.000000	0.000000	0.000000	0.000000	0.000000	0.000000	0.000000	0.000000	0.135365
16	tsk_16	(x)	1	:	0.000000	0.000000	0.000000	0.000000	1.000000	0.000000	0.000000	0.000000	0.000000	0.000000	0.000000	0.000000	0.000000	0.000000	0.000000
17	tsk_17	(x)	1	:	0.000000	0.000000	0.000000	0.000000	0.000000	1.000000	0.000000	0.000000	0.000000	0.000000	0.000000	0.000000	0.000000	0.000000	0.000000
18	tsk_18	(x)	1	:	0.006711	0.000000	0.000000	0.000000	0.000000	0.470095	0.000000	0.000000	0.000000	0.000000	0.523194	0.000000	0.000000	0.000000	0.000000
19	tsk_19	(x)	1	:	0.000000	0.000000	0.000000	0.000000	0.000000	1.000000	0.000000	0.000000	0.000000	0.000000	0.000000	0.000000	0.000000	0.000000	0.000000
20	tsk_20	(x)	1	:	0.000000	0.000000	0.000000	0.000000	0.000000	0.000000	0.000000	0.000000	0.000000	0.000000	0.000000	0.000000	0.000000	0.000000	1.000000
21	tsk_21	(x)	1	:	0.529529	0.000000	0.000000	0.000000	0.000000	0.470471	0.000000	0.000000	0.000000	0.000000	0.000000	0.000000	0.000000	0.000000	0.000000
22	tsk_22	(x)	1	:	0.000000	0.000000	0.000000	0.000000	0.000000	0.000000	0.000000	0.000000	0.000000	0.000000	0.000000	0.000000	0.000000	0.000000	1.000000
23	tsk_23	(x)	1	:	0.029555	0.000000	0.000000	0.000000	0.000000	0.470451	0.499994	0.000000	0.000000	0.000000	0.000000	0.000000	0.000000	0.000000	0.000000
24	tsk_24	(x)	1	:	0.215786	0.313746	0.000000	0.000000	0.000000	0.470469	0.000000	0.000000	0.000000	0.000000	0.000000	0.000000	0.000000	0.000000	0.000000
25	tsk_25	(x)	1	:	0.035628	0.000000	0.000000	0.000000	0.000000	0.470334	0.000000	0.000000	0.000000	0.000000	0.000000	0.000000	0.000000	0.000000	0.494038
26	tsk_26	(x)	1	:	0.035628	0.000000	0.000000	0.000000	0.000000	0.470334	0.000000	0.000000	0.000000	0.000000	0.000000	0.000000	0.000000	0.000000	0.494038
27	tsk_27	(x)	1	:	0.192138	0.313754	0.000000	0.000000	0.000000	0.000000	0.000000	0.000000	0.000000	0.000000	0.000000	0.000000	0.000000	0.000000	0.494108
28	tsk_28	(x)	1	:	0.000000	0.000000	0.125683	0.000000	0.000000	0.000000	0.573637	0.000000	0.000000	0.000000	0.000000	0.000000	0.169529	0.000000	0.131150
29	tsk_29	(x)	1	:	0.000000	0.000000	0.000000	0.000000	0.000000	0.000000	0.000000	0.000000	0.000000	0.000000	0.000000	0.000000	0.000000	0.000000	1.000000
30	tsk_30	(x)	1	:	0.000000	0.000000	0.416932	0.000000	0.000000	0.000000	0.583067	0.000000	0.000000	0.000000	0.000000	0.000000	0.000000	0.000000	0.000000
31	tsk_31	(x)	1	:	0.000000	0.000000	0.000000	0.000000	0.500720	0.000000	0.000000	0.000000	0.000000	0.000000	0.000000	0.000000	0.000000	0.430652	0.068628
32	tsk_32	(x)	1	:	0.015158	0.000000	0.000000	0.000000	0.497794	0.000000	0.000000	0.000000	0.000000	0.487047	0.000000	0.000000	0.000000	0.000000	0.000000
33	tsk_33	(x)	1	:	0.000000	0.000000	0.000000	0.000000	0.000000	0.000000	0.504084	0.000000	0.000000	0.000000	0.000000	0.000000	0.495915	0.000000	0.000000
34	tsk_34	(x)	1	:	0.000000	0.000000	0.000000	0.000000	0.000000	0.493107	0.000000	0.000000	0.000000	0.506893	0.000000	0.000000	0.000000	0.000000	0.000000
35	tsk_35	(x)	1	:	0.013032	0.000000	0.000000	0.000000	0.000000	0.000000	0.499966	0.000000	0.000000	0.487002	0.000000	0.000000	0.000000	0.000000	0.000000
36	tsk_36	(x)	1	:	0.186249	0.313750	0.000007	0.000000	0.000000	0.000000	0.499994	0.000000	0.000000	0.000000	0.000000	0.000000	0.000000	0.000000	0.000000
37	tsk_37	(x)	1	:	0.000000	0.000000	0.000000	0.000000	0.000000	0.000000	1.000000	0.000000	0.000000	0.000000	0.000000	0.000000	0.000000	0.000000	0.000000
38	tsk_38	(x)	1	:	0.000000	0.000000	0.000000	0.000000	0.000000	0.000000	1.000000	0.000000	0.000000	0.000000	0.000000	0.000000	0.000000	0.000000	0.000000
39	tsk_39	(x)	1	:	0.422595	0.000000	0.000000	0.000000	0.000000	0.000000	0.398607	0.000000	0.000000	0.000000	0.000000	0.000000	0.000000	0.178798	0.000000
40	tsk_40	(x)	1	:	0.000000	0.000000	0.469370	0.000000	0.000000	0.000000	0.000000	0.000000	0.000000	0.000000	0.438177	0.000000	0.000000	0.000000	0.092453
41	tsk_41	(x)	1	:	0.000000	0.000000	0.000004	0.000000	0.000000	0.000000	0.515528	0.000000	0.000000	0.000000	0.000000	0.000000	0.000000	0.450244	0.034224
42	tsk_42	(x)	1	:	0.000000	0.000000	0.000000	0.000000	0.000000	0.000000	0.000000	0.000000	0.000000	0.000000	0.000000	0.000000	0.000000	1.000000	0.000000
43	tsk_43	(x)	1	:	0.026226	0.000000	0.485969	0.000000	0.000000	0.000000	0.000000	0.000000	0.000000	0.487805	0.000000	0.000000	0.000000	0.000000	0.000000
44	tsk_44	(x)	1	:	0.000000	0.000000	0.000000	0.000000	0.000000	0.000000	1.000000	0.000000	0.000000	0.000000	0.000000	0.000000	0.000000	0.000000	0.000000
45	tsk_45	(x)	1	:	0.029706	0.000000	0.000000	0.000000	0.000000	0.000000	0.000000	0.000000	0.000000	0.486008	0.000000	0.000000	0.000000	0.463069	0.021217
46	tsk_46	(x)	1	:	0.000000	0.000000	1.000000	0.000000	0.000000	0.000000	0.000000	0.000000	0.000000	0.000000	0.000000	0.000000	0.000000	0.000000	0.000000
47	tsk_47	(x)	1	:	0.000000	0.000000	0.000000	0.000000	0.000000	0.000000	0.000000	0.000000	0.000000	1.000000	0.000000	0.000000	0.000000	0.000000	0.000000
48	tsk_48	(x)	1	:	0.026224	0.000000	0.485965	0.000000	0.000000	0.000000	0.000000	0.000000	0.000000	0.487805	0.000000	0.000000	0.000000	0.000000	0.000005
49	tsk_49	(x)	1	:	0.000554	0.000000	0.000000	0.367942	0.000000	0.000000	0.000000	0.000000	0.000000	0.494290	0.000000	0.000000	0.000000	0.000000	0.137214
50	tsk_50	(x)	1	:	0.000000	1.000000	0.000000	0.000000	0.000000	0.000000	0.000000	0.000000	0.000000	0.000000	0.000000	0.000000	0.000000	0.000000	0.000000
51	tsk_51	(x)	1	:	0.505894	0.000000	0.000000	0.000000	0.000000	0.000000	0.000000	0.000000	0.000000	0.000000	0.000000	0.000000	0.000000	0.000000	0.494106
52	tsk_52	(x)	1	:	0.019884	0.000000	0.000000	0.000000	0.498007	0.000038	0.000000	0.000000	0.000000	0.000000	0.000000	0.482071	0.000000	0.000000	0.000000
53	tsk_53	(x)	1	:	0.000000	1.000000	0.000000	0.000000	0.000000	0.000000	0.000000	0.000000	0.000000	0.000000	0.000000	0.000000	0.000000	0.000000	0.000000
54	tsk_54	(x)	1	:	0.000000	0.000000	0.000000	0.000000	0.000000	0.000000	0.499988	0.000000	0.500012	0.000000	0.000000	0.000000	0.000000	0.000000	0.000000
55	tsk_55	(x)	1	:	0.014082	0.000000	0.000000	0.000000	0.000000	0.000066	0.501295	0.000000	0.000000	0.000000	0.000000	0.484558	0.000000	0.000000	0.000000
56	tsk_56	(x)	1	:	0.000000	1.000000	0.000000	0.000000	0.000000	0.000000	0.000000	0.000000	0.000000	0.000000	0.000000	0.000000	0.000000	0.000000	0.000000
57	tsk_57	(x)	1	:	0.082040	0.430878	0.000000	0.000000	0.000000	0.000000	0.000000	0.000000	0.000000	0.487082	0.000000	0.000000	0.000000	0.000000	0.000000
58	tsk_58	(x)	1	:	0.071321	0.430879	0.000000	0.000000	0.497800	0.000000	0.000000	0.000000	0.000000	0.000000	0.000000	0.000000	0.000000	0.000000	0.000000
59	tsk_59	(x)	1	:	0.000000	0.000000	0.000000	0.000000	0.000000	0.000000	0.499988	0.000000	0.500012	0.000000	0.000000	0.000000	0.000000	0.000000	0.000000
60	tsk_60	(x)	1	:	0.435728	0.000000	0.000000	0.000000	0.000000	0.000000	0.000000	0.000000	0.000000	0.000000	0.000000	0.564272	0.000000	0.000000	0.000000
61	tsk_61	(x)	1	:	0.013033	0.000000	0.000000	0.000000	0.000000	0.000000	0.499966	0.000000	0.000000	0.487001	0.000000	0.000000	0.000000	0.000000	0.000000
62	tsk_62	(x)	1	:	0.000000	0.000000	0.508813	0.491187	0.000000	0.000000	0.000000	0.000000	0.000000	0.000000	0.000000	0.000000	0.000000	0.000000	0.000000
63	tsk_63	(x)	1	:	0.000000	0.000000	0.000000	0.000000	0.000000	0.000000	0.000000	0.000000	0.000000	0.000000	0.000000	1.000000	0.000000	0.000000	0.000000
64	tsk_64	(x)	1	:	0.008881	0.000000	0.000000	0.527077	0.000000	0.463995	0.000000	0.000000	0.000000	0.000000	0.000000	0.000000	0.000000	0.000000	0.000047
65	tsk_65	(x)	1	:	0.000000	0.000000	1.000000	0.000000	0.000000	0.000000	0.000000	0.000000	0.000000	0.000000	0.000000	0.000000	0.000000	0.000000	0.000000
66	tsk_66	(x)	1	:	0.000000	0.000000	0.000000	0.000000	0.000000	0.000000	1.000000	0.000000	0.000000	0.000000	0.000000	0.000000	0.000000	0.000000	0.000000
67	tsk_67	(x)	1	:	0.000000	0.000000	0.633943	0.000000	0.000000	0.000000	0.366057	0.000000	0.000000	0.000000	0.000000	0.000000	0.000000	0.000000	0.000000
68	tsk_68	(x)	1	:	0.000743	0.000000	0.000000	0.367989	0.000000	0.000000	0.000000	0.000000	0.000000	0.494188	0.000000	0.000000	0.000000	0.000000	0.137080
69	tsk_69	(x)	1	:	0.000000	0.000000	0.000000	0.999812	0.000000	0.000000	0.000000	0.000000	0.000000	0.000000	0.000000	0.000000	0.000000	0.000000	0.000188
70	tsk_70	(x)	1	:	0.000000	0.000000	0.000000	0.000000	0.000000	0.573677	0.000000	0.000000	0.000000	0.426323	0.000000	0.000000	0.000000	0.000000	0.000000
71	tsk_71	(x)	1	:	0.015157	0.000000	0.000000	0.000000	0.497794	0.000000	0.000000	0.000000	0.000000	0.487048	0.000000	0.000000	0.000000	0.000000	0.000000
72	tsk_72	(x)	1	:	0.000000	0.000000	0.000000	0.000000	1.000000	0.000000	0.000000	0.000000	0.000000	0.000000	0.000000	0.000000	0.000000	0.000000	0.000000
73	tsk_73	(x)	1	:	0.000000	0.000000	0.000000	0.000000	0.000000	0.000000	0.000000	0.000000	0.000000	0.000000	1.000000	0.000000	0.000000	0.000000	0.000000
74	tsk_74	(x)	1	:	0.000000	0.000000	0.000000	0.000000	1.000000	0.000000	0.000000	0.000000	0.000000	0.000000	0.000000	0.000000	0.000000	0.000000	0.000000
75	tsk_75	(x)	1	:	0.000000	0.000000	0.000000	0.000000	0.499312	0.000000	0.000000	0.000000	0.000000	0.000000	0.000000	0.000000	0.500688	0.000000	0.000000
76	tsk_76	(x)	1	:	0.000000	0.000000	0.000000	0.000000	0.000000	0.000000	0.000000	0.000000	0.000000	0.000000	0.000000	0.000000	1.000000	0.000000	0.000000
77	tsk_77	(x)	1	:	0.502201	0.000000	0.000000	0.000000	0.497799	0.000000	0.000000	0.000000	0.000000	0.000000	0.000000	0.000000	0.000000	0.000000	0.000000
78	tsk_78	(x)	1	:	0.029551	0.000000	0.000000	0.000000	0.000000	0.470454	0.499994	0.000000	0.000000	0.000000	0.000000	0.000000	0.000000	0.000000	0.000000
79	tsk_79	(x)	1	:	0.015040	0.000000	0.000000	0.000000	0.000000	0.000000	0.000000	0.000000	0.000000	0.487028	0.000000	0.000000	0.497932	0.000000	0.000000
80	tsk_80	(x)	1	:	0.000000	0.000000	0.000000	0.000000	0.480240	0.000000	0.000000	0.519760	0.000000	0.000000	0.000000	0.000000	0.000000	0.000000	0.000000
81	tsk_81	(x)	1	:	0.000000	0.000000	0.000000	0.000000	0.000000	0.000000	0.000000	0.467526	0.000000	0.000000	0.532474	0.000000	0.000000	0.000000	0.000000
82	tsk_82	(x)	1	:	0.098669	0.430865	0.000000	0.000000	0.000000	0.470465	0.000000	0.000000	0.000000	0.000000	0.000000	0.000000	0.000000	0.000000	0.000000
83	tsk_83	(x)	1	:	0.031591	0.000000	0.000000	0.000000	0.000000	0.470457	0.000000	0.000000	0.000000	0.000000	0.000000	0.000000	0.497952	0.000000	0.000000
84	tsk_84	(x)	1	:	0.000000	0.000000	0.000000	0.000000	0.000000	1.000000	0.000000	0.000000	0.000000	0.000000	0.000000	0.000000	0.000000	0.000000	0.000000
85	tsk_85	(x)	1	:	0.502042	0.000000	0.000000	0.000000	0.000000	0.000000	0.000000	0.000000	0.000000	0.000000	0.000000	0.000000	0.497957	0.000000	0.000000
86	tsk_86	(x)	1	:	0.000000	0.000000	0.000000	0.000000	0.000000	0.446620	0.000000	0.000000	0.000000	0.000000	0.553380	0.000000	0.000000	0.000000	0.000000
87	tsk_87	(x)	1	:	0.529529	0.000000	0.000000	0.000000	0.000000	0.470471	0.000000	0.000000	0.000000	0.000000	0.000000	0.000000	0.000000	0.000000	0.000000
88	tsk_88	(x)	1	:	0.000000	0.000000	0.488267	0.000000	0.001021	0.000000	0.000000	0.505181	0.000000	0.000000	0.000000	0.000000	0.000000	0.000000	0.005531
89	tsk_89	(x)	1	:	0.000000	0.000000	0.000000	0.000000	0.000628	0.000000	0.000000	0.500445	0.000000	0.000000	0.000000	0.000000	0.498926	0.000000	0.000000
90	tsk_90	(x)	1	:	0.000000	0.000000	0.463048	0.000000	0.000000	0.000000	0.000000	0.000000	0.000000	0.000000	0.000000	0.000000	0.536952	0.000000	0.000000
91	tsk_91	(x)	1	:	1.000000	0.000000	0.000000	0.000000	0.000000	0.000000	0.000000	0.000000	0.000000	0.000000	0.000000	0.000000	0.000000	0.000000	0.000000
92	tsk_92	(x)	1	:	0.000000	0.000000	0.000000	0.000000	0.000000	0.000000	0.000000	0.000000	0.000000	0.000000	0.000000	0.000000	0.000000	0.000000	1.000000
93	tsk_93	(x)	1	:	0.000000	0.000000	0.370695	0.000000	0.000000	0.000000	0.000000	0.000000	0.000000	0.000000	0.000000	0.000000	0.629305	0.000000	0.000000
94	tsk_94	(x)	1	:	0.500000	0.000000	0.000000	0.000000	0.000000	0.000000	0.500000	0.000000	0.000000	0.000000	0.000000	0.000000	0.000000	0.000000	0.000000
95	tsk_95	(x)	1	:	1.000000	0.000000	0.000000	0.000000	0.000000	0.000000	0.000000	0.000000	0.000000	0.000000	0.000000	0.000000	0.000000	0.000000	0.000000
96	tsk_96	(x)	1	:	0.000000	0.000000	0.464038	0.000000	0.000000	0.535962	0.000000	0.000000	0.000000	0.000000	0.000000	0.000000	0.000000	0.000000	0.000000
97	tsk_97	(x)	1	:	0.527567	0.000000	0.000000	0.472433	0.000000	0.000000	0.000000	0.000000	0.000000	0.000000	0.000000	0.000000	0.000000	0.000000	0.000000
98	tsk_98	(x)	1	:	0.000066	0.000000	0.527124	0.000033	0.000000	0.472777	0.000000	0.000000	0.000000	0.000000	0.000000	0.000000	0.000000	0.000000	0.000000
99	tsk_99	(x)	1	:	0.500000	0.000000	0.000000	0.000000	0.000000	0.000000	0.500000	0.000000	0.000000	0.000000	0.000000	0.000000	0.000000	0.000000	0.000000
100	tsk_100	(x)	1	:	0.000000	0.000000	0.000000	0.000000	0.000000	0.523164	0.476836	0.000000	0.000000	0.000000	0.000000	0.000000	0.000000	0.000000	0.000000
101	tsk_101	(x)	1	:	0.000000	0.000000	0.000000	0.000000	0.000000	0.000000	0.000000	0.000000	0.000000	0.000000	0.000000	0.000000	1.000000	0.000000	0.000000
102	tsk_102	(x)	1	:	0.000000	0.000000	0.000000	0.000000	0.000000	1.000000	0.000000	0.000000	0.000000	0.000000	0.000000	0.000000	0.000000	0.000000	0.000000
103	tsk_103	(x)	1	:	0.000000	0.000000	0.000000	0.000000	0.000000	0.000000	0.000000	0.000000	0.000000	0.000000	0.000000	0.000000	1.000000	0.000000	0.000000
104	tsk_104	(x)	1	:	0.031594	0.000000	0.000000	0.000000	0.000000	0.470455	0.000000	0.000000	0.000000	0.000000	0.000000	0.000000	0.497952	0.000000	0.000000
105	tsk_105	(x)	1	:	0.000000	0.000000	0.000000	0.000000	0.000000	0.609554	0.000000	0.000000	0.000000	0.000000	0.000000	0.390446	0.000000	0.000000	0.000000
106	tsk_106	(x)	1	:	0.000000	0.000000	0.000000	0.000000	0.000000	1.000000	0.000000	0.000000	0.000000	0.000000	0.000000	0.000000	0.000000	0.000000	0.000000
107	tsk_107	(x)	1	:	0.000000	0.000000	0.000000	0.000000	0.000000	0.609554	0.000000	0.000000	0.000000	0.000000	0.000000	0.390446	0.000000	0.000000	0.000000
108	tsk_108	(x)	1	:	0.031599	0.000000	0.000000	0.000000	0.000000	0.470451	0.000000	0.000000	0.000000	0.000000	0.000000	0.000000	0.497950	0.000000	0.000000
109	tsk_109	(x)	1	:	0.000000	0.000000	0.000000	0.000000	0.000000	0.378509	0.000000	0.000000	0.000000	0.000000	0.000000	0.621491	0.000000	0.000000	0.000000
110	tsk_110	(x)	1	:	0.000000	0.000000	0.000000	0.000000	0.000000	0.000000	0.000000	0.000000	0.000000	0.565046	0.000000	0.434954	0.000000	0.000000	0.000000
111	tsk_111	(x)	1	:	0.505894	0.000000	0.000000	0.000000	0.000000	0.000000	0.000000	0.000000	0.000000	0.000000	0.000000	0.000000	0.000000	0.000000	0.494106
112	tsk_112	(x)	1	:	0.502201	0.000000	0.000000	0.000000	0.497799	0.000000	0.000000	0.000000	0.000000	0.000000	0.000000	0.000000	0.000000	0.000000	0.000000
113	tsk_113	(x)	1	:	0.505894	0.000000	0.000000	0.000000	0.000000	0.000000	0.000000	0.000000	0.000000	0.000000	0.000000	0.000000	0.000000	0.000000	0.494106
114	tsk_114	(x)	1	:	0.505818	0.000000	0.000000	0.000000	0.000000	0.000000	0.000000	0.000000	0.000000	0.000000	0.437256	0.000000	0.000000	0.000000	0.056926
115	tsk_115	(x)	1	:	0.000000	0.000000	0.000003	0.000000	0.000000	0.000000	0.516354	0.000000	0.000000	0.000000	0.000000	0.000000	0.000000	0.452602	0.031042
116	tsk_116	(x)	1	:	0.434083	0.000000	0.000000	0.000000	0.000000	0.000000	0.000000	0.000000	0.000000	0.565917	0.000000	0.000000	0.000000	0.000000	0.000000
117	tsk_117	(x)	1	:	0.518577	0.000000	0.000000	0.000000	0.000000	0.000090	0.000000	0.000000	0.000000	0.000000	0.000000	0.481333	0.000000	0.000000	0.000000
118	tsk_118	(x)	1	:	0.012244	0.000000	0.000000	0.000000	0.000000	0.000066	0.501821	0.000000	0.000000	0.000000	0.000000	0.485869	0.000000	0.000000	0.000000
119	tsk_119	(x)	1	:	0.000000	0.000000	0.000000	0.000000	0.000000	0.000000	0.000000	0.482949	0.000000	0.517051	0.000000	0.000000	0.000000	0.000000	0.000000
120	tsk_120	(x)	1	:	0.000000	0.000000	0.000000	0.000000	0.000000	0.000000	0.000000	0.000000	0.000000	0.000000	1.000000	0.000000	0.000000	0.000000	0.000000
121	tsk_121	(x)	1	:	0.000000	0.000000	0.000000	0.000000	0.000000	0.000000	0.000000	0.000000	0.000000	0.000000	0.405701	0.000000	0.000000	0.594299	0.000000
122	tsk_122	(x)	1	:	0.514245	0.000000	0.484991	0.000000	0.000000	0.000000	0.000000	0.000000	0.000000	0.000000	0.000000	0.000000	0.000000	0.000000	0.000763
123	tsk_123	(x)	1	:	0.036960	0.000000	0.000000	0.000000	0.000000	0.469485	0.000000	0.000000	0.000000	0.000000	0.437543	0.000000	0.000000	0.000000	0.056012
124	tsk_124	(x)	1	:	0.475251	0.000000	0.000000	0.000000	0.524749	0.000000	0.000000	0.000000	0.000000	0.000000	0.000000	0.000000	0.000000	0.000000	0.000000
125	tsk_125	(x)	1	:	0.000000	0.000000	0.000000	0.000000	0.001169	0.000000	0.000000	0.501302	0.000000	0.000000	0.000000	0.000000	0.000000	0.000000	0.497529
126	tsk_126	(x)	1	:	0.505818	0.000000	0.000000	0.000000	0.000000	0.000000	0.000000	0.000000	0.000000	0.000000	0.437257	0.000000	0.000000	0.000000	0.056925
127	tsk_127	(x)	1	:	0.000009	0.000000	0.000000	0.000000	0.000000	0.000000	0.000000	0.000000	0.000000	0.473688	0.000000	0.000000	0.000000	0.526303	0.000000
128	tsk_128	(x)	1	:	0.000000	0.000000	0.000000	0.000000	0.000000	0.000000	0.000000	0.000000	0.000000	0.000000	0.437437	0.000000	0.000000	0.000000	0.562563
129	tsk_129	(x)	1	:	0.000000	0.000000	0.000000	0.000000	0.000000	1.000000	0.000000	0.000000	0.000000	0.000000	0.000000	0.000000	0.000000	0.000000	0.000000
130	tsk_130	(x)	1	:	0.000000	0.000000	0.047420	0.000000	0.001030	0.000000	0.000000	0.501405	0.000000	0.000000	0.000000	0.000000	0.214226	0.000000	0.235920
131	tsk_131	(x)	1	:	0.000000	0.000000	0.000000	0.000000	0.000583	0.000000	0.000000	0.500486	0.000000	0.000000	0.000000	0.000000	0.498931	0.000000	0.000000
132	tsk_132	(x)	1	:	0.012962	0.000000	0.000000	0.000000	0.000129	0.000000	0.000000	0.499907	0.000000	0.487002	0.000000	0.000000	0.000000	0.000000	0.000000
133	tsk_133	(x)	1	:	0.000000	0.000000	0.000000	0.000000	0.000000	0.000000	0.000000	1.000000	0.000000	0.000000	0.000000	0.000000	0.000000	0.000000	0.000000
134	tsk_134	(x)	1	:	0.000000	0.000000	0.000000	0.000000	0.000000	0.000000	0.000000	1.000000	0.000000	0.000000	0.000000	0.000000	0.000000	0.000000	0.000000
135	tsk_135	(x)	1	:	0.031598	0.000000	0.000000	0.000000	0.000000	0.470451	0.000000	0.000000	0.000000	0.000000	0.000000	0.000000	0.497950	0.000000	0.000000
136	tsk_136	(x)	1	:	0.031596	0.000000	0.000000	0.000000	0.000000	0.470453	0.000000	0.000000	0.000000	0.000000	0.000000	0.000000	0.497951	0.000000	0.000000
137	tsk_137	(x)	1	:	0.000000	0.000000	0.000000	0.000000	0.000000	0.000000	0.000000	1.000000	0.000000	0.000000	0.000000	0.000000	0.000000	0.000000	0.000000
138	tsk_138	(x)	1	:	0.025522	0.000000	0.000000	0.000000	0.000000	0.000053	0.000000	0.000000	0.000000	0.000000	0.437542	0.480775	0.000000	0.000000	0.056109
139	tsk_139	(x)	1	:	0.529529	0.000000	0.000000	0.000000	0.000000	0.470471	0.000000	0.000000	0.000000	0.000000	0.000000	0.000000	0.000000	0.000000	0.000000
140	tsk_140	(x)	1	:	0.000000	0.000000	0.000000	0.000000	0.498340	0.000000	0.501660	0.000000	0.000000	0.000000	0.000000	0.000000	0.000000	0.000000	0.000000
141	tsk_141	(x)	1	:	0.012966	0.000000	0.000000	0.000000	0.000111	0.000000	0.000000	0.499923	0.000000	0.487001	0.000000	0.000000	0.000000	0.000000	0.000000
142	tsk_142	(x)	1	:	0.000000	0.000000	0.000000	0.000000	0.498340	0.000000	0.501660	0.000000	0.000000	0.000000	0.000000	0.000000	0.000000	0.000000	0.000000
143	tsk_143	(x)	1	:	0.000000	0.000000	0.000000	0.000000	0.000000	0.523164	0.476836	0.000000	0.000000	0.000000	0.000000	0.000000	0.000000	0.000000	0.000000
144	tsk_144	(x)	1	:	0.000000	0.000000	0.000000	0.000000	0.479140	0.520860	0.000000	0.000000	0.000000	0.000000	0.000000	0.000000	0.000000	0.000000	0.000000
145	tsk_145	(x)	1	:	0.000000	0.000000	0.000000	0.000000	0.498340	0.000000	0.501660	0.000000	0.000000	0.000000	0.000000	0.000000	0.000000	0.000000	0.000000
146	tsk_146	(x)	1	:	0.000000	0.000000	0.000000	0.000000	0.000000	0.523164	0.476836	0.000000	0.000000	0.000000	0.000000	0.000000	0.000000	0.000000	0.000000
147	tsk_147	(x)	1	:	0.000000	0.000000	0.000000	0.000000	1.000000	0.000000	0.000000	0.000000	0.000000	0.000000	0.000000	0.000000	0.000000	0.000000	0.000000
148	tsk_148	(x)	1	:	0.000000	0.000000	0.000000	0.000000	0.000000	1.000000	0.000000	0.000000	0.000000	0.000000	0.000000	0.000000	0.000000	0.000000	0.000000
149	tsk_149	(x)	1	:	0.000000	0.000000	0.000000	0.000000	0.479142	0.520857	0.000000	0.000000	0.000000	0.000000	0.000000	0.000000	0.000000	0.000000	0.000000
