0	tsk_0	(x)	1	:	0.000000	0.000000	0.499889	0.000000	0.000000	0.000000	0.007929	0.000000	0.000000	0.000000	0.000394	0.000000	0.000000	0.000000	0.491788
1	tsk_1	(x)	1	:	0.000000	0.069429	0.000000	0.000000	0.000000	0.156829	0.008220	0.000000	0.000000	0.000000	0.000000	0.190749	0.000000	0.082979	0.491794
2	tsk_2	(x)	1	:	0.000000	0.079200	0.500000	0.000000	0.000000	0.148983	0.000000	0.000000	0.000000	0.000000	0.000000	0.186134	0.000000	0.085683	0.000000
3	tsk_3	(x)	1	:	0.000000	0.064709	0.000000	0.000000	0.000000	0.384643	0.000000	0.000000	0.000000	0.496503	0.000000	0.030111	0.000000	0.024035	0.000000
4	tsk_4	(x)	1	:	0.000000	0.000109	0.413165	0.000000	0.000000	0.000165	0.000000	0.000000	0.000000	0.120550	0.000000	0.000737	0.000000	0.000180	0.465094
5	tsk_5	(x)	1	:	0.000000	0.134612	0.000000	0.000000	0.000000	0.146659	0.000000	0.000000	0.000000	0.000000	0.500000	0.122633	0.000000	0.096095	0.000000
6	tsk_6	(x)	1	:	0.000000	0.000000	0.000000	0.000000	0.000000	0.000000	0.000000	0.000000	0.000000	0.000000	0.000000	0.000000	0.000000	0.000000	1.000000
7	tsk_7	(x)	1	:	0.000000	0.000000	0.499885	0.000000	0.000000	0.000000	0.007909	0.000000	0.000000	0.000000	0.000413	0.000000	0.000000	0.000000	0.491793
8	tsk_8	(x)	1	:	0.000000	0.000000	0.000000	0.000000	0.000000	0.000000	0.000000	0.000000	0.000000	0.498369	0.000000	0.000000	0.000000	0.000000	0.501631
9	tsk_9	(x)	1	:	0.000000	0.086296	0.000000	0.000000	0.000000	0.220622	0.007935	0.000000	0.000000	0.000000	0.000405	0.157363	0.000000	0.035584	0.491795
10	tsk_10	(x)	1	:	0.000000	0.000000	0.000000	0.000000	0.000000	0.000000	0.500039	0.425393	0.000000	0.000000	0.074568	0.000000	0.000000	0.000000	0.000000
11	tsk_11	(x)	1	:	0.000000	0.000000	0.499640	0.000000	0.000000	0.000000	0.498918	0.000000	0.000000	0.000000	0.001442	0.000000	0.000000	0.000000	0.000000
12	tsk_12	(x)	1	:	0.000000	0.000000	0.000000	0.000000	0.512294	0.000000	0.000002	0.487705	0.000000	0.000000	0.000000	0.000000	0.000000	0.000000	0.000000
13	tsk_13	(x)	1	:	0.000000	0.000000	0.000000	0.000000	0.000000	0.000000	0.000000	0.000000	0.000000	0.000000	0.499797	0.000000	0.500203	0.000000	0.000000
14	tsk_14	(x)	1	:	0.000000	0.132084	0.000000	0.000000	0.000000	0.137355	0.000000	0.425387	0.000000	0.000000	0.074596	0.064473	0.000000	0.166104	0.000000
15	tsk_15	(x)	1	:	0.000000	0.010105	0.417721	0.000000	0.000000	0.004960	0.500000	0.000000	0.000000	0.000000	0.043047	0.018502	0.000000	0.005665	0.000000
16	tsk_16	(x)	1	:	0.000000	0.000000	0.000000	0.000000	0.000000	0.000000	0.000000	1.000000	0.000000	0.000000	0.000000	0.000000	0.000000	0.000000	0.000000
17	tsk_17	(x)	1	:	0.000000	0.000000	0.000000	0.000000	0.494093	0.000000	0.505907	0.000000	0.000000	0.000000	0.000000	0.000000	0.000000	0.000000	0.000000
18	tsk_18	(x)	1	:	0.000000	0.000000	0.000000	0.000000	0.000000	0.000000	0.500038	0.425389	0.000000	0.000000	0.074573	0.000000	0.000000	0.000000	0.000000
19	tsk_19	(x)	1	:	0.000000	0.000000	0.000000	0.000000	0.000000	0.000000	0.500041	0.425401	0.000000	0.000000	0.074557	0.000000	0.000000	0.000000	0.000000
20	tsk_20	(x)	1	:	0.000000	0.086460	0.500000	0.000000	0.000000	0.191389	0.000000	0.000000	0.000000	0.000000	0.000000	0.176755	0.000000	0.045395	0.000000
21	tsk_21	(x)	1	:	0.000000	0.006315	0.000000	0.416489	0.000000	0.061362	0.000000	0.000000	0.000000	0.000000	0.500028	0.006056	0.000000	0.009750	0.000000
22	tsk_22	(x)	1	:	0.000000	0.095669	0.000000	0.000000	0.000000	0.509231	0.000000	0.000000	0.000000	0.000000	0.000000	0.174239	0.000000	0.220860	0.000000
23	tsk_23	(x)	1	:	0.000000	0.090971	0.000000	0.000000	0.000000	0.112333	0.000000	0.000000	0.000000	0.000000	0.500000	0.104274	0.000000	0.192422	0.000000
24	tsk_24	(x)	1	:	0.000000	0.000000	0.000000	0.000000	0.000000	0.000000	0.500000	0.000000	0.000000	0.000000	0.500000	0.000000	0.000000	0.000000	0.000000
25	tsk_25	(x)	1	:	0.000000	0.000000	0.000000	0.000000	0.000000	0.000000	0.000000	0.000000	0.000000	0.000000	1.000000	0.000000	0.000000	0.000000	0.000000
26	tsk_26	(x)	1	:	0.000000	0.048918	0.000000	0.000000	0.000000	0.210324	0.499040	0.000000	0.000000	0.000000	0.001371	0.107350	0.000000	0.132997	0.000000
27	tsk_27	(x)	1	:	0.000000	0.098602	0.000000	0.000000	0.000000	0.253100	0.000000	0.000000	0.000000	0.000000	0.500000	0.039793	0.000000	0.108504	0.000000
28	tsk_28	(x)	1	:	0.000000	0.000000	0.000000	0.000000	0.000000	0.000000	1.000000	0.000000	0.000000	0.000000	0.000000	0.000000	0.000000	0.000000	0.000000
29	tsk_29	(x)	1	:	0.000000	0.000000	0.000000	0.000000	0.000000	0.000000	0.500000	0.000000	0.000000	0.000000	0.500000	0.000000	0.000000	0.000000	0.000000
30	tsk_30	(x)	1	:	0.000000	0.000000	0.000000	0.000000	0.000000	0.000000	0.500000	0.000000	0.500000	0.000000	0.000000	0.000000	0.000000	0.000000	0.000000
31	tsk_31	(x)	1	:	0.000000	0.050408	0.000000	0.000000	0.000000	0.175985	0.007978	0.000000	0.000000	0.000000	0.000342	0.149679	0.000000	0.123813	0.491795
32	tsk_32	(x)	1	:	0.000000	0.000000	0.000000	0.000000	0.000000	0.000000	0.508137	0.000000	0.000000	0.000000	0.000000	0.000000	0.000000	0.000000	0.491863
33	tsk_33	(x)	1	:	0.000000	0.056303	0.000000	0.000000	0.000000	0.152137	0.499004	0.000000	0.000000	0.000000	0.001423	0.090602	0.000000	0.200531	0.000000
34	tsk_34	(x)	1	:	0.000000	0.000000	0.000000	0.000000	0.000000	0.000000	0.508137	0.000000	0.000000	0.000000	0.000000	0.000000	0.000000	0.000000	0.491863
35	tsk_35	(x)	1	:	0.000000	0.042966	0.000000	0.000000	0.000000	0.653816	0.000000	0.000000	0.000000	0.000000	0.000000	0.124157	0.000000	0.179061	0.000000
36	tsk_36	(x)	1	:	0.000000	0.066250	0.000000	0.000000	0.000000	0.104375	0.007904	0.000000	0.000000	0.000000	0.000420	0.211181	0.000000	0.118057	0.491812
37	tsk_37	(x)	1	:	0.000000	0.300472	0.000000	0.000000	0.000000	0.303785	0.000000	0.000000	0.000000	0.000000	0.000000	0.232040	0.000000	0.163703	0.000000
38	tsk_38	(x)	1	:	0.000000	0.128082	0.000000	0.000000	0.000000	0.463265	0.000000	0.000000	0.000000	0.000000	0.000000	0.071974	0.000000	0.336679	0.000000
39	tsk_39	(x)	1	:	0.000000	0.000000	0.000000	0.000000	0.000000	0.000000	0.500000	0.000000	0.500000	0.000000	0.000000	0.000000	0.000000	0.000000	0.000000
40	tsk_40	(x)	1	:	0.000000	0.146810	0.000000	0.000000	0.000000	0.087078	0.000000	0.425389	0.000000	0.000000	0.074594	0.080282	0.000000	0.185846	0.000000
41	tsk_41	(x)	1	:	0.000000	0.000000	0.000000	0.000000	0.000000	0.000000	0.000000	0.812213	0.000000	0.000000	0.187787	0.000000	0.000000	0.000000	0.000000
42	tsk_42	(x)	1	:	0.000000	0.000000	0.499903	0.000000	0.000000	0.000000	0.007982	0.000000	0.000000	0.000000	0.000335	0.000000	0.000000	0.000000	0.491781
43	tsk_43	(x)	1	:	0.000000	0.102321	0.000000	0.000000	0.000000	0.092844	0.498951	0.000000	0.000000	0.000000	0.001498	0.088099	0.000000	0.216288	0.000000
44	tsk_44	(x)	1	:	0.000000	0.000000	0.499854	0.000000	0.000000	0.000000	0.007801	0.000000	0.000000	0.000000	0.000543	0.000000	0.000000	0.000000	0.491802
45	tsk_45	(x)	1	:	0.000000	0.084001	0.000000	0.000000	0.000000	0.146959	0.000000	0.514397	0.000000	0.000000	0.000000	0.100065	0.000000	0.154579	0.000000
46	tsk_46	(x)	1	:	0.000000	0.000000	0.000000	0.000000	0.000000	0.000000	0.536917	0.463083	0.000000	0.000000	0.000000	0.000000	0.000000	0.000000	0.000000
47	tsk_47	(x)	1	:	0.000000	0.000000	0.000000	0.000000	0.000000	0.000000	0.000000	0.629899	0.000000	0.000000	0.370101	0.000000	0.000000	0.000000	0.000000
48	tsk_48	(x)	1	:	0.000000	0.000000	0.499840	0.000000	0.000000	0.000000	0.007531	0.000000	0.000000	0.000000	0.000689	0.000000	0.000000	0.000000	0.491939
49	tsk_49	(x)	1	:	0.000000	0.000000	0.500014	0.000000	0.000000	0.000000	0.000000	0.425400	0.000000	0.000000	0.074586	0.000000	0.000000	0.000000	0.000000
50	tsk_50	(x)	1	:	0.000000	0.060093	0.000000	0.318392	0.000000	0.228277	0.000000	0.000000	0.000000	0.000000	0.000000	0.229930	0.000000	0.163308	0.000000
51	tsk_51	(x)	1	:	0.000000	0.127872	0.000000	0.000000	0.000000	0.469545	0.000000	0.000000	0.000000	0.000000	0.000000	0.235289	0.000000	0.167293	0.000000
52	tsk_52	(x)	1	:	0.000000	0.229919	0.000000	0.000000	0.000000	0.279475	0.000000	0.000000	0.000000	0.000000	0.000000	0.490606	0.000000	0.000000	0.000000
53	tsk_53	(x)	1	:	0.000000	0.136287	0.000000	0.000000	0.000000	0.395302	0.000000	0.000000	0.000000	0.000000	0.000000	0.247866	0.000000	0.220544	0.000000
54	tsk_54	(x)	1	:	0.000000	0.044395	0.000000	0.318392	0.000000	0.440465	0.000000	0.000000	0.000000	0.000000	0.000000	0.139926	0.000000	0.056823	0.000000
55	tsk_55	(x)	1	:	0.000000	0.000000	1.000000	0.000000	0.000000	0.000000	0.000000	0.000000	0.000000	0.000000	0.000000	0.000000	0.000000	0.000000	0.000000
56	tsk_56	(x)	1	:	0.000000	0.090410	0.000000	0.318391	0.000000	0.170062	0.000000	0.000000	0.000000	0.000000	0.000000	0.301985	0.000000	0.119151	0.000000
57	tsk_57	(x)	1	:	0.000000	0.081584	0.000000	0.000000	0.000000	0.498973	0.000000	0.000000	0.000000	0.000000	0.000000	0.259481	0.000000	0.159961	0.000000
58	tsk_58	(x)	1	:	0.000000	0.152864	0.000000	0.000000	0.000000	0.553953	0.000000	0.000000	0.000000	0.000000	0.000000	0.218763	0.000000	0.074419	0.000000
59	tsk_59	(x)	1	:	0.000000	0.083183	0.500000	0.000000	0.000000	0.219094	0.000000	0.000000	0.000000	0.000000	0.000000	0.165148	0.000000	0.032575	0.000000
60	tsk_60	(x)	1	:	0.000000	0.054845	0.000000	0.000000	0.000000	0.210236	0.008067	0.000000	0.000000	0.000000	0.000238	0.062869	0.000000	0.171962	0.491783
61	tsk_61	(x)	1	:	0.000000	0.046693	0.000000	0.000000	0.000000	0.239321	0.000000	0.425386	0.000000	0.000000	0.074597	0.097004	0.000000	0.116997	0.000000
62	tsk_62	(x)	1	:	0.000000	0.073958	0.000000	0.000000	0.000000	0.035362	0.007077	0.000000	0.000000	0.000000	0.001235	0.070631	0.000000	0.319712	0.492026
63	tsk_63	(x)	1	:	0.000000	0.120237	0.000000	0.000000	0.000000	0.424521	0.000000	0.000000	0.000000	0.000000	0.000000	0.213935	0.000000	0.241307	0.000000
64	tsk_64	(x)	1	:	0.000000	0.059360	0.000000	0.000000	0.000000	0.131731	0.007899	0.000000	0.000000	0.000000	0.000454	0.065649	0.000000	0.243111	0.491797
65	tsk_65	(x)	1	:	0.000000	0.158116	0.000000	0.000000	0.000000	0.332577	0.000000	0.000000	0.000000	0.000000	0.000000	0.347138	0.000000	0.162169	0.000000
66	tsk_66	(x)	1	:	0.000000	0.080147	0.000000	0.000000	0.000000	0.083277	0.007776	0.000000	0.000000	0.000000	0.000606	0.115402	0.000000	0.220982	0.491811
67	tsk_67	(x)	1	:	0.000000	0.045400	0.000000	0.000000	0.000000	0.181487	0.008140	0.000000	0.000000	0.000000	0.000125	0.209265	0.000000	0.063796	0.491788
68	tsk_68	(x)	1	:	0.000000	0.037002	0.000000	0.000000	0.000000	0.166297	0.007932	0.000000	0.000000	0.000000	0.000394	0.162175	0.000000	0.134396	0.491804
69	tsk_69	(x)	1	:	0.000000	0.221810	0.000000	0.000000	0.000000	0.441840	0.000000	0.000000	0.000000	0.000000	0.000000	0.309977	0.000000	0.026373	0.000000
70	tsk_70	(x)	1	:	0.000000	0.000000	0.000000	0.000000	0.000000	0.000000	1.000000	0.000000	0.000000	0.000000	0.000000	0.000000	0.000000	0.000000	0.000000
71	tsk_71	(x)	1	:	0.000000	0.000000	0.334145	0.164998	0.000000	0.000000	0.499191	0.000000	0.000000	0.000000	0.001666	0.000000	0.000000	0.000000	0.000000
72	tsk_72	(x)	1	:	0.000000	0.000000	0.000000	0.000000	0.000000	0.000000	0.500000	0.000000	0.000000	0.000000	0.500000	0.000000	0.000000	0.000000	0.000000
73	tsk_73	(x)	1	:	0.000000	0.000000	0.000000	0.000000	0.000000	0.000000	0.500000	0.000000	0.000000	0.000000	0.500000	0.000000	0.000000	0.000000	0.000000
74	tsk_74	(x)	1	:	0.000000	0.191699	0.000000	0.000000	0.000000	0.486112	0.000000	0.000000	0.000000	0.000000	0.000000	0.145818	0.000000	0.176371	0.000000
75	tsk_75	(x)	1	:	0.000000	0.414685	0.000000	0.000000	0.000000	0.005077	0.000000	0.366069	0.000000	0.000000	0.133911	0.022268	0.000000	0.057989	0.000000
76	tsk_76	(x)	1	:	0.000000	0.000000	0.000000	0.000000	0.000000	0.000000	1.000000	0.000000	0.000000	0.000000	0.000000	0.000000	0.000000	0.000000	0.000000
77	tsk_77	(x)	1	:	0.000000	0.008385	0.000000	0.426993	0.000000	0.017236	0.499036	0.000000	0.000000	0.000000	0.001406	0.009772	0.000000	0.037171	0.000000
78	tsk_78	(x)	1	:	0.000000	0.000000	0.000000	0.000000	0.000000	0.000000	0.500000	0.000000	0.000000	0.000000	0.500000	0.000000	0.000000	0.000000	0.000000
79	tsk_79	(x)	1	:	0.000000	0.000000	0.000000	0.000000	0.000000	0.000000	0.508137	0.000000	0.000000	0.000000	0.000000	0.000000	0.000000	0.000000	0.491863
80	tsk_80	(x)	1	:	0.000000	0.000000	0.000000	0.000000	0.494093	0.000000	0.505907	0.000000	0.000000	0.000000	0.000000	0.000000	0.000000	0.000000	0.000000
81	tsk_81	(x)	1	:	0.000000	0.073500	0.000000	0.000000	0.499874	0.191564	0.000000	0.000000	0.000000	0.000000	0.000000	0.142973	0.000000	0.092088	0.000000
82	tsk_82	(x)	1	:	0.000000	0.059936	0.000000	0.000000	0.499874	0.195052	0.000000	0.000000	0.000000	0.000000	0.000000	0.120800	0.000000	0.124337	0.000000
83	tsk_83	(x)	1	:	0.000000	0.000000	0.000000	0.000000	0.000000	0.000000	0.000000	0.796267	0.000000	0.000000	0.203733	0.000000	0.000000	0.000000	0.000000
84	tsk_84	(x)	1	:	0.000000	0.056576	0.000000	0.000000	0.499874	0.189635	0.000000	0.000000	0.000000	0.000000	0.000000	0.140566	0.000000	0.113348	0.000000
85	tsk_85	(x)	1	:	0.000000	0.070746	0.000000	0.000000	0.000000	0.181935	0.499228	0.000000	0.000000	0.000000	0.001102	0.063222	0.000000	0.183767	0.000000
86	tsk_86	(x)	1	:	0.000000	0.178421	0.000000	0.000000	0.000000	0.142110	0.000000	0.425385	0.000000	0.000000	0.074598	0.042690	0.000000	0.136796	0.000000
87	tsk_87	(x)	1	:	0.000000	0.031080	0.000000	0.000000	0.000000	0.070475	0.000000	0.425387	0.000000	0.000000	0.074597	0.152181	0.000000	0.246280	0.000000
88	tsk_88	(x)	1	:	0.000000	0.211440	0.000000	0.000000	0.000000	0.527632	0.000000	0.000000	0.000000	0.000000	0.000000	0.108119	0.000000	0.152809	0.000000
89	tsk_89	(x)	1	:	0.000000	0.047324	0.000000	0.000000	0.000000	0.121888	0.008178	0.000000	0.000000	0.000000	0.000084	0.149989	0.000000	0.180758	0.491780
90	tsk_90	(x)	1	:	0.000000	0.000000	1.000000	0.000000	0.000000	0.000000	0.000000	0.000000	0.000000	0.000000	0.000000	0.000000	0.000000	0.000000	0.000000
91	tsk_91	(x)	1	:	0.000000	0.061021	0.500000	0.000000	0.000000	0.074109	0.000000	0.000000	0.000000	0.000000	0.000000	0.328237	0.000000	0.036632	0.000000
92	tsk_92	(x)	1	:	0.000000	0.095210	0.500000	0.000000	0.000000	0.214928	0.000000	0.000000	0.000000	0.000000	0.000000	0.145359	0.000000	0.044503	0.000000
93	tsk_93	(x)	1	:	0.000000	0.114121	0.000000	0.000000	0.000000	0.622823	0.000000	0.000000	0.000000	0.000000	0.000000	0.152340	0.000000	0.110716	0.000000
94	tsk_94	(x)	1	:	0.000000	0.000000	0.499911	0.000000	0.000000	0.000000	0.008006	0.000000	0.000000	0.000000	0.000302	0.000000	0.000000	0.000000	0.491781
95	tsk_95	(x)	1	:	0.000000	0.000000	1.000000	0.000000	0.000000	0.000000	0.000000	0.000000	0.000000	0.000000	0.000000	0.000000	0.000000	0.000000	0.000000
96	tsk_96	(x)	1	:	0.000000	0.062358	0.000000	0.000000	0.000000	0.660090	0.000000	0.000000	0.000000	0.000000	0.000000	0.113756	0.000000	0.163796	0.000000
97	tsk_97	(x)	1	:	0.000000	0.220756	0.000000	0.000000	0.000000	0.522097	0.000000	0.000000	0.000000	0.000000	0.000000	0.129891	0.000000	0.127255	0.000000
98	tsk_98	(x)	1	:	0.000000	0.000000	1.000000	0.000000	0.000000	0.000000	0.000000	0.000000	0.000000	0.000000	0.000000	0.000000	0.000000	0.000000	0.000000
99	tsk_99	(x)	1	:	0.000000	0.149983	0.000000	0.000000	0.000000	0.324238	0.000000	0.000000	0.000000	0.000000	0.000000	0.163486	0.000000	0.362293	0.000000
100	tsk_100	(x)	1	:	0.000000	0.152836	0.500000	0.000000	0.000000	0.068559	0.000000	0.000000	0.000000	0.000000	0.000000	0.260361	0.000000	0.018244	0.000000
101	tsk_101	(x)	1	:	0.000000	0.087535	0.000000	0.000000	0.000000	0.206455	0.000000	0.425387	0.000000	0.000000	0.074597	0.053279	0.000000	0.152748	0.000000
102	tsk_102	(x)	1	:	0.000000	0.167184	0.000000	0.000000	0.000000	0.064108	0.000000	0.425387	0.000000	0.000000	0.074596	0.102467	0.000000	0.166258	0.000000
103	tsk_103	(x)	1	:	0.000000	0.031442	0.000000	0.000000	0.000000	0.217288	0.000000	0.000000	0.499992	0.000000	0.000000	0.172580	0.000000	0.078697	0.000000
104	tsk_104	(x)	1	:	0.000000	0.056281	0.500000	0.000000	0.000000	0.184931	0.000000	0.000000	0.000000	0.000000	0.000000	0.219677	0.000000	0.039111	0.000000
105	tsk_105	(x)	1	:	0.000000	0.000317	0.000000	0.000000	0.000000	0.000099	0.000000	0.425400	0.499467	0.000000	0.074506	0.000038	0.000000	0.000173	0.000000
106	tsk_106	(x)	1	:	0.000000	0.194739	0.000000	0.000000	0.000000	0.041587	0.000000	0.000000	0.000000	0.000000	0.500000	0.215244	0.000000	0.048429	0.000000
107	tsk_107	(x)	1	:	0.000000	0.130852	0.500000	0.000000	0.000000	0.199297	0.000000	0.000000	0.000000	0.000000	0.000000	0.139845	0.000000	0.030006	0.000000
108	tsk_108	(x)	1	:	0.000000	0.000000	0.500015	0.000000	0.000000	0.000000	0.000000	0.366071	0.000000	0.000000	0.133914	0.000000	0.000000	0.000000	0.000000
109	tsk_109	(x)	1	:	0.000000	0.000000	0.000000	0.000000	0.000000	0.000000	0.000000	0.796267	0.000000	0.000000	0.203733	0.000000	0.000000	0.000000	0.000000
110	tsk_110	(x)	1	:	0.000000	0.420225	0.000000	0.000000	0.000000	0.015782	0.000000	0.366069	0.000000	0.000000	0.133911	0.009467	0.000000	0.054546	0.000000
111	tsk_111	(x)	1	:	0.000000	0.000000	0.000000	0.000000	0.000000	0.000000	0.500000	0.000000	0.000000	0.000000	0.500000	0.000000	0.000000	0.000000	0.000000
112	tsk_112	(x)	1	:	0.000000	0.034420	0.417728	0.000000	0.000000	0.001253	0.000000	0.366032	0.000000	0.000000	0.177002	0.002306	0.000000	0.001260	0.000000
113	tsk_113	(x)	1	:	0.000000	0.404200	0.000000	0.000000	0.000000	0.025133	0.000000	0.366069	0.000000	0.000000	0.133911	0.011734	0.000000	0.058952	0.000000
114	tsk_114	(x)	1	:	0.000000	0.000000	0.000000	0.000000	0.000000	0.000000	0.508137	0.000000	0.000000	0.000000	0.000000	0.000000	0.000000	0.000000	0.491863
115	tsk_115	(x)	1	:	0.000000	0.000000	1.000000	0.000000	0.000000	0.000000	0.000000	0.000000	0.000000	0.000000	0.000000	0.000000	0.000000	0.000000	0.000000
116	tsk_116	(x)	1	:	0.000000	0.066392	0.000000	0.000000	0.000000	0.178917	0.498930	0.000000	0.000000	0.000000	0.001528	0.048756	0.000000	0.205476	0.000000
117	tsk_117	(x)	1	:	0.000000	0.000000	0.000000	0.000000	0.000000	0.000000	0.500000	0.000000	0.000000	0.000000	0.500000	0.000000	0.000000	0.000000	0.000000
118	tsk_118	(x)	1	:	0.000000	0.000000	0.000000	0.000000	0.000000	0.000000	0.000000	0.672662	0.000000	0.000000	0.327338	0.000000	0.000000	0.000000	0.000000
119	tsk_119	(x)	1	:	0.000000	0.000000	1.000000	0.000000	0.000000	0.000000	0.000000	0.000000	0.000000	0.000000	0.000000	0.000000	0.000000	0.000000	0.000000
120	tsk_120	(x)	1	:	0.000000	0.065959	0.000000	0.000000	0.000000	0.173004	0.000000	0.000000	0.000000	0.000000	0.000000	0.148296	0.000000	0.093392	0.519349
121	tsk_121	(x)	1	:	0.000000	0.061017	0.000000	0.000000	0.000000	0.192142	0.498978	0.000000	0.000000	0.000000	0.001460	0.081935	0.000000	0.164468	0.000000
122	tsk_122	(x)	1	:	0.000000	0.056869	0.000000	0.000000	0.369337	0.137189	0.130984	0.000000	0.000000	0.000000	0.000000	0.169532	0.000000	0.136090	0.000000
123	tsk_123	(x)	1	:	0.000000	0.000000	0.000000	0.000000	0.000000	0.000000	0.008580	0.000000	0.000000	0.000000	0.499823	0.000000	0.000000	0.000000	0.491597
124	tsk_124	(x)	1	:	0.000000	0.082246	0.000000	0.000000	0.000000	0.504068	0.000000	0.000000	0.000000	0.000000	0.000000	0.304636	0.000000	0.109051	0.000000
125	tsk_125	(x)	1	:	0.000000	0.000000	0.000000	0.000000	0.369129	0.186619	0.131212	0.000000	0.000000	0.000000	0.000000	0.124326	0.000000	0.188713	0.000000
126	tsk_126	(x)	1	:	0.000000	0.038621	0.000000	0.000000	0.000000	0.149468	0.000000	0.000000	0.000000	0.000000	0.000000	0.087773	0.000000	0.204789	0.519349
127	tsk_127	(x)	1	:	0.000000	0.065152	0.000000	0.000000	0.000000	0.160175	0.500000	0.000000	0.000000	0.000000	0.000000	0.088422	0.000000	0.186251	0.000000
128	tsk_128	(x)	1	:	0.000000	0.000000	0.000000	0.000000	0.000000	0.000000	0.000000	0.000000	0.000000	0.000000	0.000000	0.000000	0.000000	0.000000	1.000000
129	tsk_129	(x)	1	:	0.000000	0.039924	0.000000	0.000000	0.000000	0.175328	0.000000	0.000000	0.000000	0.000000	0.500000	0.066021	0.000000	0.218727	0.000000
130	tsk_130	(x)	1	:	0.000000	0.215186	0.000000	0.000000	0.000000	0.307165	0.000000	0.000000	0.000000	0.000000	0.000000	0.307335	0.000000	0.170314	0.000000
131	tsk_131	(x)	1	:	0.000000	0.007700	0.417721	0.000000	0.000000	0.007365	0.008787	0.000000	0.000000	0.000000	0.042764	0.015664	0.000000	0.008514	0.491485
132	tsk_132	(x)	1	:	0.000000	0.098460	0.000000	0.000000	0.000000	0.269836	0.000000	0.000000	0.000000	0.000000	0.500000	0.083696	0.000000	0.048008	0.000000
133	tsk_133	(x)	1	:	0.000000	0.161809	0.000000	0.000000	0.000000	0.573901	0.000000	0.000000	0.000000	0.000000	0.000000	0.106981	0.000000	0.157309	0.000000
134	tsk_134	(x)	1	:	0.000000	0.075966	0.000000	0.000000	0.000000	0.126428	0.000000	0.000000	0.000000	0.000000	0.500000	0.102451	0.000000	0.195155	0.000000
135	tsk_135	(x)	1	:	0.000000	0.136084	0.000000	0.000000	0.000000	0.237380	0.000000	0.000000	0.000000	0.000000	0.500000	0.027367	0.000000	0.099169	0.000000
136	tsk_136	(x)	1	:	0.000000	0.126982	0.000000	0.000000	0.000000	0.518417	0.000000	0.000000	0.000000	0.000000	0.000000	0.189813	0.000000	0.164788	0.000000
137	tsk_137	(x)	1	:	0.000000	0.145913	0.000000	0.000000	0.000000	0.125113	0.000000	0.000000	0.000000	0.000000	0.500000	0.097034	0.000000	0.131940	0.000000
138	tsk_138	(x)	1	:	0.000000	0.110489	0.000000	0.000000	0.000000	0.192625	0.000000	0.000000	0.000000	0.000000	0.500000	0.071327	0.000000	0.125559	0.000000
139	tsk_139	(x)	1	:	0.000000	0.056001	0.500000	0.000000	0.000000	0.060790	0.000000	0.000000	0.000000	0.000000	0.000000	0.312915	0.000000	0.070293	0.000000
140	tsk_140	(x)	1	:	0.478431	0.018628	0.000000	0.305080	0.000000	0.106510	0.000000	0.000000	0.000000	0.000000	0.000000	0.037481	0.000000	0.053871	0.000000
141	tsk_141	(x)	1	:	0.000000	0.016648	0.500035	0.318556	0.000000	0.029617	0.000000	0.000000	0.000000	0.000000	0.000000	0.132452	0.000000	0.002693	0.000000
142	tsk_142	(x)	1	:	0.000000	0.072233	0.500000	0.000000	0.000000	0.086811	0.000000	0.000000	0.000000	0.000000	0.000000	0.298024	0.000000	0.042931	0.000000
143	tsk_143	(x)	1	:	0.000000	0.069544	0.000000	0.000000	0.000000	0.079313	0.008178	0.000000	0.000000	0.000000	0.000065	0.145594	0.000000	0.205515	0.491791
144	tsk_144	(x)	1	:	0.000000	0.091660	0.000000	0.000000	0.000000	0.111166	0.499001	0.000000	0.000000	0.000000	0.001427	0.100137	0.000000	0.196609	0.000000
145	tsk_145	(x)	1	:	0.000000	0.016786	0.500035	0.318556	0.000000	0.061034	0.000000	0.000000	0.000000	0.000000	0.000000	0.091606	0.000000	0.011983	0.000000
146	tsk_146	(x)	1	:	0.000000	0.047162	0.500000	0.000000	0.000000	0.068734	0.000000	0.000000	0.000000	0.000000	0.000000	0.290821	0.000000	0.093284	0.000000
147	tsk_147	(x)	1	:	0.000000	0.045885	0.500000	0.000000	0.000000	0.178246	0.000000	0.000000	0.000000	0.000000	0.000000	0.198276	0.000000	0.077592	0.000000
148	tsk_148	(x)	1	:	0.000000	0.106126	0.000000	0.318392	0.000000	0.286210	0.000000	0.000000	0.000000	0.000000	0.000000	0.170840	0.000000	0.118432	0.000000
149	tsk_149	(x)	1	:	0.500000	0.000000	0.500000	0.000000	0.000000	0.000000	0.000000	0.000000	0.000000	0.000000	0.000000	0.000000	0.000000	0.000000	0.000000
