0	tsk_0	(x)	1	:	0.000000	0.000000	0.000000	0.000000	0.000000	0.000000	0.000000	0.000000	0.000000	0.000000	1.000000	0.000000	0.000000
1	tsk_1	(x)	1	:	1.000000	0.000000	0.000000	0.000000	0.000000	0.000000	0.000000	0.000000	0.000000	0.000000	0.000000	0.000000	0.000000
2	tsk_2	(x)	1	:	0.491138	0.000000	0.000000	0.000000	0.000000	0.318809	0.000000	0.000000	0.000000	0.000000	0.000000	0.190053	0.000000
3	tsk_3	(x)	1	:	0.000000	0.000000	0.000000	0.000000	0.070108	0.387185	0.000000	0.429892	0.000000	0.000000	0.000000	0.112815	0.000000
4	tsk_4	(x)	1	:	0.482383	0.000000	0.000000	0.000000	0.458898	0.000205	0.013543	0.041507	0.000000	0.000000	0.000000	0.003465	0.000000
5	tsk_5	(x)	1	:	0.484143	0.000000	0.000000	0.000000	0.447503	0.000332	0.010732	0.052802	0.000000	0.000000	0.000000	0.004488	0.000000
6	tsk_6	(x)	1	:	0.000000	0.000000	0.000000	0.000000	0.079345	0.187289	0.000000	0.420654	0.000000	0.000000	0.000000	0.312711	0.000000
7	tsk_7	(x)	1	:	0.000000	0.000000	0.000000	0.000000	0.175120	0.002625	0.000000	0.322875	0.000000	0.000000	0.495305	0.004076	0.000000
8	tsk_8	(x)	1	:	0.477562	0.000000	0.000000	0.000000	0.472065	0.001408	0.020255	0.027637	0.000000	0.000000	0.000000	0.001073	0.000000
9	tsk_9	(x)	1	:	0.482200	0.000000	0.000000	0.000000	0.462702	0.000375	0.014622	0.038473	0.000000	0.000000	0.000000	0.001629	0.000000
10	tsk_10	(x)	1	:	0.000000	0.000000	0.000000	0.000000	0.000000	0.000000	0.000000	0.000000	0.000000	0.000000	0.000000	0.000000	1.000000
11	tsk_11	(x)	1	:	0.000000	0.000000	0.000000	0.000000	0.000000	0.000675	0.000000	0.000000	0.000000	0.000000	0.533418	0.000830	0.465078
12	tsk_12	(x)	1	:	0.000000	0.000000	0.000000	0.000000	0.000000	0.368846	0.000000	0.000000	0.485027	0.000000	0.000000	0.146127	0.000000
13	tsk_13	(x)	1	:	0.000000	0.000000	0.280181	0.000000	0.000000	0.000007	0.000000	0.000000	0.000000	0.227022	0.492788	0.000002	0.000000
14	tsk_14	(x)	1	:	0.000000	0.000000	0.000000	0.000000	0.000000	0.226166	0.000000	0.000000	0.000000	0.233472	0.000000	0.053537	0.486825
15	tsk_15	(x)	1	:	0.000000	0.000000	0.000000	0.000000	0.000000	0.000000	0.000000	0.000000	1.000000	0.000000	0.000000	0.000000	0.000000
16	tsk_16	(x)	1	:	0.000000	0.000000	0.000000	0.000000	0.000000	0.000000	0.472057	0.000000	0.000000	0.000000	0.527943	0.000000	0.000000
17	tsk_17	(x)	1	:	0.000000	0.000000	0.000000	0.000000	0.000000	0.006084	0.000000	0.000000	0.484956	0.000000	0.000000	0.022302	0.486657
18	tsk_18	(x)	1	:	0.000000	0.000000	1.000000	0.000000	0.000000	0.000000	0.000000	0.000000	0.000000	0.000000	0.000000	0.000000	0.000000
19	tsk_19	(x)	1	:	0.000000	0.000000	0.000000	0.000000	0.000000	0.001023	0.000000	0.000000	0.000000	0.000000	0.533415	0.000342	0.465220
20	tsk_20	(x)	1	:	0.000000	0.000000	0.000000	0.000000	0.000000	0.215732	0.000000	0.000000	0.000000	0.000000	0.495836	0.288433	0.000000
21	tsk_21	(x)	1	:	0.000000	0.000000	0.000000	0.000000	0.000000	0.288074	0.000000	0.000000	0.000000	0.000000	0.000000	0.225126	0.486800
22	tsk_22	(x)	1	:	0.000000	0.000000	0.000000	0.000000	0.000000	0.222026	0.000000	0.000000	0.000000	0.000000	0.495836	0.282139	0.000000
23	tsk_23	(x)	1	:	0.000000	0.000000	0.000000	0.000000	0.062147	0.384317	0.000000	0.437853	0.000000	0.000000	0.000000	0.115683	0.000000
24	tsk_24	(x)	1	:	0.000000	0.000000	0.000000	0.000000	0.330502	0.004436	0.000000	0.167069	0.000000	0.000000	0.495222	0.002770	0.000000
25	tsk_25	(x)	1	:	0.000000	0.000000	0.000000	0.000000	0.099832	0.315173	0.000000	0.400168	0.000000	0.000000	0.000000	0.184827	0.000000
26	tsk_26	(x)	1	:	0.000000	0.000000	0.000000	0.000000	0.000000	0.013070	0.000000	0.000000	0.000000	0.000000	0.495847	0.006639	0.484444
27	tsk_27	(x)	1	:	0.000000	0.000000	0.000000	0.000000	0.000000	0.000000	0.000000	0.000000	0.000000	0.000000	1.000000	0.000000	0.000000
28	tsk_28	(x)	1	:	0.000000	0.000000	0.000000	0.000000	0.127605	0.006213	0.000000	0.371784	0.000000	0.000000	0.000000	0.008830	0.485568
29	tsk_29	(x)	1	:	0.000000	0.000000	0.000000	0.000000	0.000000	0.009109	0.000000	0.000000	0.000000	0.000000	0.495836	0.010376	0.484680
30	tsk_30	(x)	1	:	0.000000	0.000000	0.000000	0.000000	0.000000	0.112785	0.500000	0.000000	0.000000	0.000000	0.000000	0.387215	0.000000
31	tsk_31	(x)	1	:	0.000000	0.000000	0.000000	0.000000	0.114675	0.002706	0.497446	0.382770	0.000000	0.000000	0.000000	0.002402	0.000000
32	tsk_32	(x)	1	:	0.000000	0.000000	0.000000	0.000000	0.159834	0.274460	0.000000	0.340166	0.000000	0.000000	0.000000	0.225540	0.000000
33	tsk_33	(x)	1	:	0.000000	0.000000	0.000000	0.000000	0.000000	0.000000	1.000000	0.000000	0.000000	0.000000	0.000000	0.000000	0.000000
34	tsk_34	(x)	1	:	0.000000	0.000000	0.000000	0.000000	0.000000	0.000000	1.000000	0.000000	0.000000	0.000000	0.000000	0.000000	0.000000
35	tsk_35	(x)	1	:	0.000000	0.000000	0.000000	0.000000	0.000000	0.300161	0.000000	0.000000	0.000000	0.000000	0.000000	0.699839	0.000000
36	tsk_36	(x)	1	:	0.000000	0.000000	0.000000	0.000000	0.530469	0.000000	0.000000	0.469530	0.000000	0.000000	0.000000	0.000000	0.000000
37	tsk_37	(x)	1	:	0.000000	0.000000	0.000000	0.000000	0.216084	0.003683	0.496270	0.280185	0.000000	0.000000	0.000000	0.003779	0.000000
38	tsk_38	(x)	1	:	0.000000	0.000000	0.000000	0.000000	0.000000	0.000000	1.000000	0.000000	0.000000	0.000000	0.000000	0.000000	0.000000
39	tsk_39	(x)	1	:	0.000000	0.000000	0.000000	0.000000	0.000000	0.001099	0.498412	0.000000	0.000000	0.000000	0.495392	0.005097	0.000000
40	tsk_40	(x)	1	:	0.000000	0.000000	0.000000	0.000000	0.000000	0.231710	0.000000	0.000000	0.000000	0.233469	0.000000	0.048005	0.486815
41	tsk_41	(x)	1	:	0.000000	0.000000	0.000000	0.484115	0.000000	0.000000	0.000000	0.000000	0.000000	0.000000	0.515885	0.000000	0.000000
42	tsk_42	(x)	1	:	0.000000	0.000000	0.000000	0.000000	0.000000	0.185247	0.000000	0.000000	0.000000	0.233469	0.000000	0.094468	0.486815
43	tsk_43	(x)	1	:	0.000000	0.000000	0.000000	0.000000	0.000000	0.055838	0.000000	0.000000	0.000000	0.385304	0.000000	0.071667	0.487191
44	tsk_44	(x)	1	:	0.000000	0.499949	0.000000	0.000000	0.000000	0.009206	0.000000	0.000000	0.000000	0.000000	0.000000	0.005670	0.485176
45	tsk_45	(x)	1	:	0.000000	0.000000	0.000000	0.000000	0.000000	0.487315	0.000000	0.000000	0.000000	0.000000	0.000000	0.512685	0.000000
46	tsk_46	(x)	1	:	0.000000	0.000000	0.000000	0.000000	0.000000	0.017741	0.500000	0.000000	0.000000	0.000000	0.000000	0.482259	0.000000
47	tsk_47	(x)	1	:	0.000000	0.000000	0.000000	0.000000	0.182432	0.213817	0.000000	0.317567	0.000000	0.000000	0.000000	0.286183	0.000000
48	tsk_48	(x)	1	:	0.000000	0.000000	0.000000	0.485480	0.000000	0.024498	0.000000	0.000000	0.000000	0.000000	0.000000	0.003389	0.486632
49	tsk_49	(x)	1	:	0.000000	0.000000	0.000000	0.485204	0.000000	0.268370	0.000000	0.000000	0.000000	0.000000	0.000000	0.246425	0.000000
50	tsk_50	(x)	1	:	0.000000	0.000000	0.000000	0.000000	0.000000	0.000000	0.000000	0.000000	0.000000	0.000000	1.000000	0.000000	0.000000
51	tsk_51	(x)	1	:	0.000000	0.000000	0.000000	0.000000	0.119295	0.005169	0.495782	0.376581	0.000000	0.000000	0.000000	0.003173	0.000000
52	tsk_52	(x)	1	:	0.000000	0.000000	0.000000	0.000000	0.109710	0.386368	0.000000	0.390290	0.000000	0.000000	0.000000	0.113633	0.000000
53	tsk_53	(x)	1	:	0.000000	0.000000	0.000000	0.000000	0.126317	0.189911	0.000000	0.373683	0.000000	0.000000	0.000000	0.310089	0.000000
54	tsk_54	(x)	1	:	0.000000	0.000000	0.000000	0.000000	0.038015	0.002945	0.000000	0.461645	0.000000	0.000000	0.000000	0.011276	0.486119
55	tsk_55	(x)	1	:	0.000000	0.000000	0.000000	0.000000	0.000000	0.008136	0.000000	0.000000	0.000000	0.000000	0.495827	0.011142	0.484894
56	tsk_56	(x)	1	:	0.000000	0.000000	0.000000	0.000000	0.535131	0.000000	0.000000	0.464869	0.000000	0.000000	0.000000	0.000000	0.000000
57	tsk_57	(x)	1	:	0.000000	0.000000	0.389308	0.000000	0.080629	0.092918	0.000000	0.416074	0.000000	0.000000	0.000000	0.021072	0.000000
58	tsk_58	(x)	1	:	0.000000	0.000000	0.000000	0.000000	0.000000	0.164599	0.500000	0.000000	0.000000	0.000000	0.000000	0.335402	0.000000
59	tsk_59	(x)	1	:	0.000000	0.363783	0.000000	0.472853	0.000000	0.000000	0.000000	0.000000	0.000000	0.000000	0.163364	0.000000	0.000000
60	tsk_60	(x)	1	:	0.000000	0.000000	0.000000	0.000000	0.000000	0.221251	0.000000	0.000000	0.000000	0.385193	0.000000	0.393555	0.000000
61	tsk_61	(x)	1	:	0.000000	0.000000	0.000000	0.485482	0.000000	0.026280	0.000000	0.000000	0.000000	0.000000	0.000000	0.002128	0.486110
62	tsk_62	(x)	1	:	0.000000	0.500001	0.000000	0.000000	0.000000	0.282040	0.000000	0.000000	0.000000	0.000000	0.000000	0.217959	0.000000
63	tsk_63	(x)	1	:	0.000000	0.524170	0.000000	0.475830	0.000000	0.000000	0.000000	0.000000	0.000000	0.000000	0.000000	0.000000	0.000000
64	tsk_64	(x)	1	:	0.000000	0.000000	0.000000	0.000000	0.501981	0.000000	0.000000	0.498019	0.000000	0.000000	0.000000	0.000000	0.000000
65	tsk_65	(x)	1	:	0.000000	0.499227	0.000000	0.000000	0.000000	0.001084	0.497506	0.000000	0.000000	0.000000	0.000000	0.002183	0.000000
66	tsk_66	(x)	1	:	0.000000	0.000000	0.000000	0.000000	0.000000	0.537332	0.000000	0.000000	0.000000	0.000000	0.000000	0.462668	0.000000
67	tsk_67	(x)	1	:	0.000000	0.500001	0.000000	0.000000	0.000000	0.304779	0.000000	0.000000	0.000000	0.000000	0.000000	0.195220	0.000000
68	tsk_68	(x)	1	:	0.000000	0.500001	0.000000	0.000000	0.000000	0.398028	0.000000	0.000000	0.000000	0.000000	0.000000	0.101971	0.000000
69	tsk_69	(x)	1	:	0.000000	0.000000	0.000000	0.000000	0.083139	0.035252	0.000000	0.416489	0.393726	0.000000	0.000000	0.071394	0.000000
70	tsk_70	(x)	1	:	0.000000	0.000000	0.000000	0.000000	0.000000	0.141797	0.500000	0.000000	0.000000	0.000000	0.000000	0.358203	0.000000
71	tsk_71	(x)	1	:	0.000000	0.000000	0.000000	0.000000	0.203076	0.326773	0.000000	0.296924	0.000000	0.000000	0.000000	0.173228	0.000000
72	tsk_72	(x)	1	:	0.543020	0.000000	0.000000	0.000000	0.456967	0.000000	0.000001	0.000012	0.000000	0.000000	0.000000	0.000000	0.000000
73	tsk_73	(x)	1	:	0.000000	0.000000	0.000000	0.000000	0.000000	0.001803	0.499971	0.000000	0.484999	0.000000	0.000000	0.013228	0.000000
74	tsk_74	(x)	1	:	0.482883	0.000000	0.000000	0.000000	0.485790	0.001232	0.012089	0.013953	0.000000	0.000000	0.000000	0.004053	0.000000
75	tsk_75	(x)	1	:	0.000000	0.000000	0.000000	0.000000	0.000000	0.205578	0.500000	0.000000	0.000000	0.000000	0.000000	0.294422	0.000000
76	tsk_76	(x)	1	:	0.000000	0.000000	0.000000	0.000000	0.000000	0.000000	1.000000	0.000000	0.000000	0.000000	0.000000	0.000000	0.000000
77	tsk_77	(x)	1	:	0.000006	0.000000	0.393320	0.000000	0.000000	0.020124	0.498789	0.000000	0.000000	0.000000	0.000000	0.087761	0.000000
78	tsk_78	(x)	1	:	0.000000	0.000000	0.000000	0.000000	0.000000	0.000000	1.000000	0.000000	0.000000	0.000000	0.000000	0.000000	0.000000
79	tsk_79	(x)	1	:	0.473546	0.000000	0.000000	0.000000	0.000000	0.000000	0.526454	0.000000	0.000000	0.000000	0.000000	0.000000	0.000000
80	tsk_80	(x)	1	:	0.000000	0.499133	0.000000	0.000000	0.161409	0.002767	0.000000	0.335688	0.000000	0.000000	0.000000	0.001002	0.000000
81	tsk_81	(x)	1	:	0.000000	0.000000	0.000000	0.000000	0.000000	0.000000	0.000000	0.000000	0.000000	0.000000	0.000000	0.000000	1.000000
82	tsk_82	(x)	1	:	0.000000	0.000000	0.000000	0.000000	0.252410	0.003083	0.000000	0.247543	0.484982	0.000000	0.000000	0.011981	0.000000
83	tsk_83	(x)	1	:	0.000000	0.000000	0.000000	0.000000	0.000000	0.081957	0.000000	0.000000	0.000000	0.000000	0.000000	0.918043	0.000000
84	tsk_84	(x)	1	:	0.000000	0.499955	0.000000	0.000000	0.000000	0.011216	0.000000	0.000000	0.000000	0.000000	0.000000	0.004214	0.484615
85	tsk_85	(x)	1	:	0.000000	0.499975	0.000000	0.000000	0.000000	0.008645	0.000000	0.000000	0.000000	0.000000	0.000000	0.007468	0.483912
86	tsk_86	(x)	1	:	0.000000	0.499949	0.000000	0.000000	0.000000	0.006564	0.000000	0.000000	0.000000	0.000000	0.000000	0.008234	0.485252
87	tsk_87	(x)	1	:	0.000000	0.000000	0.000000	0.000000	0.000000	0.000000	0.000000	0.000000	0.000000	0.000000	0.000000	0.000000	1.000000
88	tsk_88	(x)	1	:	0.000000	0.500001	0.000000	0.000000	0.000000	0.180883	0.000000	0.000000	0.000000	0.000000	0.000000	0.319115	0.000000
89	tsk_89	(x)	1	:	0.000000	0.499952	0.000000	0.000000	0.000000	0.009410	0.000000	0.000000	0.000000	0.000000	0.000000	0.005837	0.484802
90	tsk_90	(x)	1	:	0.000000	0.000000	0.000000	0.000000	0.092909	0.273789	0.000000	0.407091	0.000000	0.000000	0.000000	0.226211	0.000000
91	tsk_91	(x)	1	:	0.000000	0.000000	0.000000	0.484115	0.000000	0.000000	0.000000	0.000000	0.000000	0.000000	0.515885	0.000000	0.000000
92	tsk_92	(x)	1	:	0.000000	0.000000	0.000000	1.000000	0.000000	0.000000	0.000000	0.000000	0.000000	0.000000	0.000000	0.000000	0.000000
93	tsk_93	(x)	1	:	0.000000	0.000000	0.000000	0.485285	0.137485	0.012279	0.000000	0.362500	0.000000	0.000000	0.000000	0.002451	0.000000
94	tsk_94	(x)	1	:	0.000000	0.000000	0.000000	0.000000	0.000000	0.113294	0.500000	0.000000	0.000000	0.000000	0.000000	0.386706	0.000000
95	tsk_95	(x)	1	:	0.000000	0.000000	0.000000	0.485308	0.000000	0.000000	0.500105	0.000000	0.000000	0.000000	0.000000	0.014587	0.000000
96	tsk_96	(x)	1	:	0.000000	0.000000	0.000000	0.000000	0.000000	0.548157	0.000000	0.000000	0.000000	0.000000	0.000000	0.451843	0.000000
97	tsk_97	(x)	1	:	0.000000	0.000000	0.000000	0.000000	0.198808	0.006292	0.000000	0.300463	0.000000	0.000000	0.000000	0.009107	0.485330
98	tsk_98	(x)	1	:	0.000009	0.000000	0.000000	0.000000	0.000000	0.129798	0.499984	0.000000	0.000000	0.000000	0.000000	0.370209	0.000000
99	tsk_99	(x)	1	:	0.000020	0.000000	0.000000	0.000000	0.052602	0.003199	0.494153	0.441588	0.000000	0.000000	0.000000	0.008439	0.000000
100	tsk_100	(x)	1	:	0.000000	0.000000	0.000000	0.000000	0.119768	0.276474	0.000000	0.380232	0.000000	0.000000	0.000000	0.223526	0.000000
101	tsk_101	(x)	1	:	0.000000	0.499146	0.000000	0.000000	0.000000	0.001925	0.497155	0.000000	0.000000	0.000000	0.000000	0.001773	0.000000
102	tsk_102	(x)	1	:	0.000000	0.499956	0.000000	0.000000	0.000000	0.009635	0.000000	0.000000	0.000000	0.000000	0.000000	0.005879	0.484529
103	tsk_103	(x)	1	:	0.000000	0.000000	0.000000	0.000000	0.000000	0.595852	0.000000	0.000000	0.000000	0.000000	0.000000	0.404148	0.000000
104	tsk_104	(x)	1	:	0.000000	0.000000	0.000000	0.000000	0.000000	0.155977	0.500000	0.000000	0.000000	0.000000	0.000000	0.344023	0.000000
105	tsk_105	(x)	1	:	0.000000	0.499366	0.000000	0.000000	0.000000	0.000874	0.498037	0.000000	0.000000	0.000000	0.000000	0.001723	0.000000
106	tsk_106	(x)	1	:	0.000000	0.500001	0.000000	0.000000	0.000000	0.393812	0.000000	0.000000	0.000000	0.000000	0.000000	0.106186	0.000000
107	tsk_107	(x)	1	:	0.000000	0.000000	0.000000	0.000000	0.000000	0.004604	0.499268	0.000000	0.000000	0.000000	0.000000	0.010804	0.485324
108	tsk_108	(x)	1	:	0.000000	0.499966	0.000000	0.000000	0.000000	0.010449	0.000000	0.000000	0.000000	0.000000	0.000000	0.005424	0.484160
109	tsk_109	(x)	1	:	0.000000	0.000000	0.000000	0.000000	0.000000	0.089207	0.000000	0.000000	0.000000	0.000000	0.000000	0.250076	0.660717
110	tsk_110	(x)	1	:	0.000000	0.000000	0.000000	0.000000	0.000000	0.000000	0.000000	0.000000	0.000000	0.000000	0.495836	0.504164	0.000000
111	tsk_111	(x)	1	:	0.000000	0.499905	0.000000	0.000000	0.000000	0.021985	0.000000	0.000000	0.000000	0.476278	0.000000	0.001833	0.000000
112	tsk_112	(x)	1	:	0.000000	0.000000	0.000000	0.000000	0.000000	0.014379	0.000000	0.000000	0.000000	0.476595	0.495798	0.013228	0.000000
113	tsk_113	(x)	1	:	0.000000	0.000000	0.000000	0.000000	0.000000	0.000000	0.000000	0.000000	0.000000	0.527647	0.472353	0.000000	0.000000
114	tsk_114	(x)	1	:	0.000000	0.000000	0.000000	0.000000	0.000000	0.003503	0.000000	0.000000	0.484848	0.000000	0.495804	0.015845	0.000000
115	tsk_115	(x)	1	:	0.000000	0.499942	0.000000	0.000000	0.000000	0.022357	0.000000	0.000000	0.000000	0.476450	0.000000	0.001251	0.000000
116	tsk_116	(x)	1	:	0.000000	0.498974	0.000000	0.000000	0.351371	0.003223	0.000000	0.144955	0.000000	0.000000	0.000000	0.001477	0.000000
117	tsk_117	(x)	1	:	0.000000	0.000000	0.000000	0.000000	0.000000	0.023730	0.000000	0.000000	0.484904	0.476637	0.000000	0.014729	0.000000
118	tsk_118	(x)	1	:	0.000000	0.499993	0.000000	0.000000	0.000000	0.020080	0.000000	0.000000	0.000000	0.476659	0.000000	0.003268	0.000000
119	tsk_119	(x)	1	:	0.000000	0.506260	0.000000	0.000000	0.000000	0.000000	0.000000	0.000000	0.000000	0.000000	0.493739	0.000000	0.000000
120	tsk_120	(x)	1	:	0.000000	0.000000	0.000000	0.000000	0.000000	0.408766	0.000000	0.000000	0.000000	0.476747	0.000000	0.114487	0.000000
121	tsk_121	(x)	1	:	0.000000	0.000000	0.000000	0.000000	0.000000	0.359697	0.000000	0.000000	0.000000	0.000000	0.000000	0.153503	0.486800
122	tsk_122	(x)	1	:	0.000000	0.000000	0.000000	0.000000	0.000000	0.591312	0.000000	0.000000	0.000000	0.000000	0.000000	0.408688	0.000000
123	tsk_123	(x)	1	:	0.000000	0.000000	0.000000	0.000000	0.000000	0.743600	0.000000	0.000000	0.000000	0.000000	0.000000	0.256400	0.000000
124	tsk_124	(x)	1	:	0.000000	0.000000	0.000000	0.000000	0.000000	0.164471	0.000000	0.000000	0.000000	0.000000	0.000000	0.348729	0.486800
125	tsk_125	(x)	1	:	0.000000	0.000000	0.000000	0.000000	0.000000	0.198487	0.000000	0.000000	0.000000	0.000000	0.495836	0.305678	0.000000
126	tsk_126	(x)	1	:	0.000000	0.000000	0.000000	0.000000	0.000000	0.584177	0.000000	0.000000	0.000000	0.000000	0.000000	0.415823	0.000000
127	tsk_127	(x)	1	:	0.000000	0.500001	0.000000	0.000000	0.000000	0.248803	0.000000	0.000000	0.000000	0.000000	0.000000	0.251195	0.000000
128	tsk_128	(x)	1	:	0.000000	0.000000	0.000000	0.000000	0.000000	0.582133	0.000000	0.000000	0.000000	0.000000	0.000000	0.417867	0.000000
129	tsk_129	(x)	1	:	0.000000	0.000000	0.000000	0.000000	0.000000	0.167236	0.000000	0.000000	0.000000	0.000000	0.000000	0.172047	0.660717
130	tsk_130	(x)	1	:	0.000000	0.000000	0.000000	0.000000	0.000000	0.000000	1.000000	0.000000	0.000000	0.000000	0.000000	0.000000	0.000000
131	tsk_131	(x)	1	:	0.000000	0.000000	0.000000	0.000000	0.000000	0.349312	0.000000	0.000000	0.000000	0.000000	0.000000	0.163888	0.486800
132	tsk_132	(x)	1	:	0.000000	0.500001	0.000000	0.000000	0.000000	0.323215	0.000000	0.000000	0.000000	0.000000	0.000000	0.176784	0.000000
133	tsk_133	(x)	1	:	0.000000	0.000000	0.000000	0.000000	0.000000	0.000000	0.000000	0.000000	0.000000	0.000000	0.000000	0.000000	1.000000
134	tsk_134	(x)	1	:	0.000000	0.468032	0.211935	0.000000	0.000000	0.000000	0.000000	0.000000	0.000000	0.000000	0.000000	0.000000	0.320032
135	tsk_135	(x)	1	:	0.000000	1.000000	0.000000	0.000000	0.000000	0.000000	0.000000	0.000000	0.000000	0.000000	0.000000	0.000000	0.000000
136	tsk_136	(x)	1	:	0.000000	0.500001	0.000000	0.000000	0.000000	0.455879	0.000000	0.000000	0.000000	0.000000	0.000000	0.044120	0.000000
137	tsk_137	(x)	1	:	0.000000	0.499967	0.000000	0.000000	0.000000	0.010377	0.000000	0.000000	0.000000	0.000000	0.000000	0.005533	0.484123
138	tsk_138	(x)	1	:	0.000000	0.000000	0.000000	0.000000	0.000000	0.186345	0.500000	0.000000	0.000000	0.000000	0.000000	0.313655	0.000000
139	tsk_139	(x)	1	:	0.000000	0.500001	0.000000	0.000000	0.000000	0.369388	0.000000	0.000000	0.000000	0.000000	0.000000	0.130611	0.000000
140	tsk_140	(x)	1	:	0.000000	0.000000	0.000000	0.000000	0.354816	0.002624	0.000000	0.142626	0.000000	0.000000	0.495198	0.004736	0.000000
141	tsk_141	(x)	1	:	0.000000	0.000000	0.000000	0.000000	0.000000	0.019126	0.000000	0.000000	0.000000	0.476490	0.495771	0.008612	0.000000
142	tsk_142	(x)	1	:	0.000000	0.000000	0.000000	0.000000	0.000000	0.184362	0.000000	0.000000	0.000000	0.734525	0.000000	0.081113	0.000000
143	tsk_143	(x)	1	:	0.000000	0.000000	0.000000	0.000000	0.000000	0.000000	0.000000	0.000000	0.000000	0.527622	0.472378	0.000000	0.000000
144	tsk_144	(x)	1	:	0.000000	0.000000	0.000000	0.000000	0.000000	0.000000	0.000000	0.000000	0.000000	1.000000	0.000000	0.000000	0.000000
145	tsk_145	(x)	1	:	0.000000	0.000000	0.000000	0.000000	0.000000	0.175647	0.000000	0.000000	0.000000	0.000000	0.495836	0.328517	0.000000
146	tsk_146	(x)	1	:	0.000000	0.000000	0.000000	0.000000	0.000000	0.000000	0.000000	0.000000	0.000000	1.000000	0.000000	0.000000	0.000000
147	tsk_147	(x)	1	:	0.000000	0.000000	0.000000	0.000000	0.349189	0.002623	0.000000	0.148322	0.000000	0.000000	0.495211	0.004655	0.000000
148	tsk_148	(x)	1	:	0.000000	0.000000	0.000000	0.000000	0.108718	0.018564	0.000000	0.390983	0.000000	0.476439	0.000000	0.005296	0.000000
149	tsk_149	(x)	1	:	0.000000	0.000000	0.000000	0.000000	0.000000	0.000000	0.000000	0.000000	0.000000	1.000000	0.000000	0.000000	0.000000
