logL = -713.185493 (converged)
AIC = 6110.370985
BIC = 13161.278844

count.K
42 4 1 47 8 2 13 18 1 1 2 0 3 8 

