0	tsk_0	(x)	1	:	0.000000	0.265612	0.000000	0.000000	0.233489	0.000000	0.000000	0.000000	0.000000	0.500899
1	tsk_1	(x)	1	:	0.000000	0.220570	0.000000	0.000000	0.278499	0.000000	0.000000	0.000000	0.000000	0.500931
2	tsk_2	(x)	1	:	0.000000	0.000000	0.000000	0.000000	0.000000	0.000000	0.000000	0.000000	0.000000	1.000000
3	tsk_3	(x)	1	:	0.000000	0.999995	0.000000	0.000000	0.000005	0.000000	0.000000	0.000000	0.000000	0.000000
4	tsk_4	(x)	1	:	0.000000	0.200017	0.000000	0.000000	0.299036	0.000000	0.000000	0.000000	0.000000	0.500946
5	tsk_5	(x)	1	:	0.000000	0.000000	0.000000	1.000000	0.000000	0.000000	0.000000	0.000000	0.000000	0.000000
6	tsk_6	(x)	1	:	0.000000	0.000000	0.000000	0.000000	0.000000	0.000000	0.000000	0.000000	0.000000	1.000000
7	tsk_7	(x)	1	:	0.000000	0.185493	0.000000	0.000000	0.313549	0.000000	0.000000	0.000000	0.000000	0.500957
8	tsk_8	(x)	1	:	0.000000	0.705142	0.000000	0.000000	0.294858	0.000000	0.000000	0.000000	0.000000	0.000000
9	tsk_9	(x)	1	:	0.000000	0.000000	0.000000	0.000000	0.000000	0.000000	0.000000	0.000000	0.000000	1.000000
10	tsk_10	(x)	1	:	0.506411	0.000000	0.000000	0.000000	0.000001	0.000000	0.493588	0.000000	0.000000	0.000000
11	tsk_11	(x)	1	:	1.000000	0.000000	0.000000	0.000000	0.000000	0.000000	0.000000	0.000000	0.000000	0.000000
12	tsk_12	(x)	1	:	0.000000	0.003746	0.495910	0.000000	0.001692	0.000000	0.000047	0.482008	0.000000	0.016598
13	tsk_13	(x)	1	:	0.512229	0.000000	0.000000	0.487768	0.000003	0.000000	0.000000	0.000000	0.000000	0.000000
14	tsk_14	(x)	1	:	0.000000	0.004369	0.491399	0.504213	0.000000	0.000000	0.000019	0.000000	0.000000	0.000000
15	tsk_15	(x)	1	:	0.000000	0.074741	0.000000	0.000000	0.024735	0.000000	0.399772	0.479453	0.000000	0.021299
16	tsk_16	(x)	1	:	0.532909	0.000000	0.000000	0.000000	0.000000	0.000000	0.000000	0.458548	0.000000	0.008542
17	tsk_17	(x)	1	:	0.000000	0.094055	0.000000	0.507587	0.000000	0.000000	0.398358	0.000000	0.000000	0.000000
18	tsk_18	(x)	1	:	0.000000	0.000000	1.000000	0.000000	0.000000	0.000000	0.000000	0.000000	0.000000	0.000000
19	tsk_19	(x)	1	:	0.506411	0.000000	0.000000	0.000000	0.000000	0.000000	0.493589	0.000000	0.000000	0.000000
20	tsk_20	(x)	1	:	0.000000	0.256480	0.000000	0.000000	0.242161	0.000000	0.000000	0.475005	0.000000	0.026354
21	tsk_21	(x)	1	:	0.000000	0.103271	0.000000	0.000000	0.395710	0.000000	0.000000	0.000000	0.000000	0.501019
22	tsk_22	(x)	1	:	0.000000	0.148824	0.000000	0.000000	0.350191	0.000000	0.000000	0.000000	0.000000	0.500984
23	tsk_23	(x)	1	:	0.000000	0.243127	0.000000	0.000000	0.255958	0.000000	0.000000	0.000000	0.000000	0.500915
24	tsk_24	(x)	1	:	0.000000	0.314294	0.000000	0.000000	0.184600	0.000000	0.000000	0.476763	0.000000	0.024343
25	tsk_25	(x)	1	:	0.000000	0.030887	0.000000	0.000000	0.241796	0.000000	0.727317	0.000000	0.000000	0.000000
26	tsk_26	(x)	1	:	0.000000	0.336800	0.000000	0.000000	0.167514	0.000000	0.000000	0.000000	0.495685	0.000000
27	tsk_27	(x)	1	:	0.000000	0.000000	0.000000	0.000000	0.000000	0.000000	0.000000	0.000000	0.523261	0.476738
28	tsk_28	(x)	1	:	0.000000	0.723559	0.000000	0.000000	0.276441	0.000000	0.000000	0.000000	0.000000	0.000000
29	tsk_29	(x)	1	:	0.000000	0.176723	0.000000	0.000000	0.322186	0.000000	0.000000	0.477717	0.000000	0.023373
30	tsk_30	(x)	1	:	0.000000	0.457553	0.000000	0.495145	0.047302	0.000000	0.000000	0.000000	0.000000	0.000000
31	tsk_31	(x)	1	:	0.490114	0.103968	0.000000	0.000000	0.405919	0.000000	0.000000	0.000000	0.000000	0.000000
32	tsk_32	(x)	1	:	0.000000	0.008354	0.497948	0.493660	0.000000	0.000000	0.000038	0.000000	0.000000	0.000000
33	tsk_33	(x)	1	:	0.000000	0.000000	0.000000	0.000000	0.000000	0.000000	0.404425	0.000000	0.595575	0.000000
34	tsk_34	(x)	1	:	0.000000	0.000000	0.000000	1.000000	0.000000	0.000000	0.000000	0.000000	0.000000	0.000000
35	tsk_35	(x)	1	:	0.000000	0.000000	0.000000	0.000000	0.000000	0.000000	0.000000	0.000000	0.000000	1.000000
36	tsk_36	(x)	1	:	0.000000	0.208991	0.502472	0.000000	0.288422	0.000000	0.000115	0.000000	0.000000	0.000000
37	tsk_37	(x)	1	:	0.490155	0.042745	0.000000	0.000000	0.467100	0.000000	0.000000	0.000000	0.000000	0.000000
38	tsk_38	(x)	1	:	0.000000	0.000000	0.000000	0.445687	0.000000	0.000000	0.554313	0.000000	0.000000	0.000000
39	tsk_39	(x)	1	:	0.521931	0.000674	0.000000	0.000000	0.001238	0.000000	0.000030	0.000000	0.476128	0.000000
40	tsk_40	(x)	1	:	0.000000	0.346589	0.501256	0.000000	0.152015	0.000000	0.000140	0.000000	0.000000	0.000000
41	tsk_41	(x)	1	:	0.000000	0.005898	0.000000	0.000000	0.003197	0.000000	0.000044	0.000000	0.491512	0.499348
42	tsk_42	(x)	1	:	0.000000	0.478017	0.000000	0.000000	0.027506	0.000000	0.000000	0.000000	0.494477	0.000000
43	tsk_43	(x)	1	:	0.000000	0.006043	0.000000	0.000000	0.002122	0.000000	0.000071	0.000000	0.492234	0.499529
44	tsk_44	(x)	1	:	0.000000	0.000299	0.000000	0.502617	0.000000	0.000000	0.000000	0.474352	0.000000	0.022732
45	tsk_45	(x)	1	:	0.440847	0.046774	0.000000	0.000000	0.014678	0.000000	0.000311	0.000000	0.497390	0.000000
46	tsk_46	(x)	1	:	0.000000	0.008100	0.000000	0.000000	0.001476	0.000000	0.000095	0.000000	0.491077	0.499251
47	tsk_47	(x)	1	:	0.000000	0.000000	0.000000	0.000000	0.000000	0.000000	0.000000	0.000000	0.000000	1.000000
48	tsk_48	(x)	1	:	0.000000	0.000000	0.000000	0.000000	0.000000	0.000000	0.000000	0.000000	0.000000	1.000000
49	tsk_49	(x)	1	:	0.440859	0.046341	0.000000	0.000000	0.015016	0.000000	0.000356	0.000000	0.497427	0.000000
50	tsk_50	(x)	1	:	0.000000	0.000000	0.000000	0.000000	0.000000	0.000000	0.000000	0.000000	0.000000	1.000000
51	tsk_51	(x)	1	:	0.000000	0.453211	0.500403	0.000000	0.046386	0.000000	0.000000	0.000000	0.000000	0.000000
52	tsk_52	(x)	1	:	0.000000	0.467050	0.000000	0.000000	0.038347	0.000000	0.000065	0.000000	0.494538	0.000000
53	tsk_53	(x)	1	:	0.000000	0.469416	0.000000	0.000000	0.134531	0.000000	0.396052	0.000000	0.000000	0.000000
54	tsk_54	(x)	1	:	0.000000	0.008802	0.000000	0.000000	0.001472	0.000000	0.000041	0.000000	0.490566	0.499119
55	tsk_55	(x)	1	:	0.471098	0.000000	0.000000	0.000000	0.000000	0.000000	0.000000	0.000000	0.000000	0.528902
56	tsk_56	(x)	1	:	0.000000	0.006042	0.000000	0.000000	0.000000	0.000000	0.000011	0.000000	0.493993	0.499954
57	tsk_57	(x)	1	:	0.000000	0.008023	0.000000	0.000000	0.001723	0.000000	0.000039	0.000000	0.490993	0.499223
58	tsk_58	(x)	1	:	0.000000	0.000000	0.000000	0.000000	0.000000	0.000000	0.000000	0.327167	0.000000	0.672833
59	tsk_59	(x)	1	:	0.000000	0.006441	0.000000	0.000000	0.001453	0.000000	0.000067	0.000000	0.492455	0.499583
60	tsk_60	(x)	1	:	0.000000	0.000000	0.384594	0.000000	0.000000	0.000000	0.615406	0.000000	0.000000	0.000000
61	tsk_61	(x)	1	:	0.000000	0.327012	0.501440	0.000000	0.171436	0.000000	0.000112	0.000000	0.000000	0.000000
62	tsk_62	(x)	1	:	0.000000	0.000000	0.505585	0.000000	0.000000	0.000000	0.000348	0.000000	0.494067	0.000000
63	tsk_63	(x)	1	:	0.000000	0.238234	0.502273	0.000000	0.259494	0.000000	0.000000	0.000000	0.000000	0.000000
64	tsk_64	(x)	1	:	0.000000	0.000000	0.505622	0.000000	0.000000	0.000000	0.000274	0.000000	0.494104	0.000000
65	tsk_65	(x)	1	:	0.000000	0.432476	0.000000	0.000000	0.072521	0.000000	0.000279	0.000000	0.494724	0.000000
66	tsk_66	(x)	1	:	0.000000	0.439011	0.500525	0.000000	0.060464	0.000000	0.000000	0.000000	0.000000	0.000000
67	tsk_67	(x)	1	:	0.000000	0.000000	0.000000	0.000000	0.000000	0.000000	0.000000	0.000000	1.000000	0.000000
68	tsk_68	(x)	1	:	0.000000	0.363302	0.501181	0.000000	0.135518	0.000000	0.000000	0.000000	0.000000	0.000000
69	tsk_69	(x)	1	:	0.000000	0.000000	1.000000	0.000000	0.000000	0.000000	0.000000	0.000000	0.000000	0.000000
70	tsk_70	(x)	1	:	0.000000	0.000323	0.000000	0.502896	0.000000	0.000000	0.000000	0.000000	0.000000	0.496781
71	tsk_71	(x)	1	:	0.000000	0.049619	0.000000	0.449650	0.000000	0.000000	0.000000	0.000000	0.000000	0.500731
72	tsk_72	(x)	1	:	0.000000	0.003697	0.491918	0.504366	0.000000	0.000000	0.000019	0.000000	0.000000	0.000000
73	tsk_73	(x)	1	:	0.000000	0.047444	0.502755	0.449700	0.000000	0.000000	0.000102	0.000000	0.000000	0.000000
74	tsk_74	(x)	1	:	0.000000	0.152063	0.000000	0.000000	0.346955	0.000000	0.000000	0.000000	0.000000	0.500982
75	tsk_75	(x)	1	:	0.000000	0.000000	0.000000	0.484598	0.000000	0.000000	0.515402	0.000000	0.000000	0.000000
76	tsk_76	(x)	1	:	0.000000	0.000000	0.384594	0.000000	0.000000	0.000000	0.615406	0.000000	0.000000	0.000000
77	tsk_77	(x)	1	:	0.000000	0.000000	0.000000	1.000000	0.000000	0.000000	0.000000	0.000000	0.000000	0.000000
78	tsk_78	(x)	1	:	0.000000	0.002991	0.495344	0.000000	0.002775	0.000000	0.000031	0.000000	0.000000	0.498859
79	tsk_79	(x)	1	:	0.000000	0.001851	0.000000	0.495144	0.002238	0.000000	0.000000	0.000000	0.000000	0.500767
80	tsk_80	(x)	1	:	0.000000	0.000000	0.000000	0.000000	0.000000	0.000000	0.000000	0.000000	0.000000	1.000000
81	tsk_81	(x)	1	:	0.000000	0.000000	0.000000	0.000000	0.000000	0.000000	0.000000	0.478756	0.000000	0.521244
82	tsk_82	(x)	1	:	0.000000	0.000000	0.000000	0.000000	0.000000	0.000000	0.000000	0.478756	0.000000	0.521244
83	tsk_83	(x)	1	:	0.000000	0.476936	0.000000	0.000000	0.127105	0.000000	0.395960	0.000000	0.000000	0.000000
84	tsk_84	(x)	1	:	0.000000	0.061635	0.000000	0.000000	0.037054	0.000000	0.400399	0.000000	0.000000	0.500912
85	tsk_85	(x)	1	:	0.000000	0.000000	0.000000	0.000000	0.000000	0.000000	0.000000	0.478756	0.000000	0.521244
86	tsk_86	(x)	1	:	0.000000	0.000000	0.605618	0.000000	0.000000	0.000000	0.394381	0.000000	0.000000	0.000000
87	tsk_87	(x)	1	:	0.000000	0.000000	0.000000	0.000000	0.000000	0.000000	1.000000	0.000000	0.000000	0.000000
88	tsk_88	(x)	1	:	0.000000	0.000000	0.605618	0.000000	0.000000	0.000000	0.394381	0.000000	0.000000	0.000000
89	tsk_89	(x)	1	:	0.000000	0.000000	0.000000	0.000000	0.000000	0.000000	0.000000	0.478756	0.000000	0.521244
90	tsk_90	(x)	1	:	0.000000	0.000000	0.000000	0.421725	0.000000	0.578275	0.000000	0.000000	0.000000	0.000000
91	tsk_91	(x)	1	:	0.000000	0.239090	0.000000	0.000000	0.071489	0.291551	0.397870	0.000000	0.000000	0.000000
92	tsk_92	(x)	1	:	0.000000	0.622290	0.000000	0.000000	0.086018	0.291692	0.000000	0.000000	0.000000	0.000000
93	tsk_93	(x)	1	:	0.000000	0.000042	0.000000	0.000000	0.000025	0.999933	0.000000	0.000000	0.000000	0.000000
94	tsk_94	(x)	1	:	1.000000	0.000000	0.000000	0.000000	0.000000	0.000000	0.000000	0.000000	0.000000	0.000000
95	tsk_95	(x)	1	:	0.000000	0.456928	0.000000	0.543072	0.000000	0.000000	0.000000	0.000000	0.000000	0.000000
96	tsk_96	(x)	1	:	0.000000	0.000000	0.000000	0.000000	0.000000	1.000000	0.000000	0.000000	0.000000	0.000000
97	tsk_97	(x)	1	:	0.441226	0.000725	0.000000	0.000000	0.005231	0.552818	0.000000	0.000000	0.000000	0.000000
98	tsk_98	(x)	1	:	0.000000	0.267116	0.000000	0.000000	0.182262	0.550621	0.000000	0.000000	0.000000	0.000000
99	tsk_99	(x)	1	:	0.000000	0.208050	0.000000	0.000000	0.241095	0.550855	0.000000	0.000000	0.000000	0.000000
100	tsk_100	(x)	1	:	0.490095	0.025364	0.000000	0.000000	0.083402	0.000000	0.401138	0.000000	0.000000	0.000000
101	tsk_101	(x)	1	:	0.488981	0.001785	0.498926	0.000000	0.010249	0.000000	0.000060	0.000000	0.000000	0.000000
102	tsk_102	(x)	1	:	0.000000	0.492326	0.000000	0.507674	0.000000	0.000000	0.000000	0.000000	0.000000	0.000000
103	tsk_103	(x)	1	:	0.000000	0.492326	0.000000	0.507674	0.000000	0.000000	0.000000	0.000000	0.000000	0.000000
104	tsk_104	(x)	1	:	0.000000	0.300850	0.000000	0.000000	0.300999	0.000000	0.398151	0.000000	0.000000	0.000000
105	tsk_105	(x)	1	:	0.000000	0.568199	0.000000	0.000000	0.431801	0.000000	0.000000	0.000000	0.000000	0.000000
106	tsk_106	(x)	1	:	0.490153	0.046186	0.000000	0.000000	0.463661	0.000000	0.000000	0.000000	0.000000	0.000000
107	tsk_107	(x)	1	:	0.000000	0.492326	0.000000	0.507674	0.000000	0.000000	0.000000	0.000000	0.000000	0.000000
108	tsk_108	(x)	1	:	0.490144	0.058669	0.000000	0.000000	0.451187	0.000000	0.000000	0.000000	0.000000	0.000000
109	tsk_109	(x)	1	:	0.000000	0.456928	0.000000	0.543072	0.000000	0.000000	0.000000	0.000000	0.000000	0.000000
110	tsk_110	(x)	1	:	0.482497	0.000000	0.000000	0.000000	0.000000	0.000000	0.517503	0.000000	0.000000	0.000000
111	tsk_111	(x)	1	:	0.521066	0.000130	0.477887	0.000000	0.000902	0.000000	0.000016	0.000000	0.000000	0.000000
112	tsk_112	(x)	1	:	0.000000	0.278846	0.000000	0.000000	0.219947	0.000000	0.000000	0.476132	0.000000	0.025075
113	tsk_113	(x)	1	:	0.000000	0.859309	0.000000	0.000000	0.140691	0.000000	0.000000	0.000000	0.000000	0.000000
114	tsk_114	(x)	1	:	0.000000	0.026536	0.000000	0.000000	0.246088	0.000000	0.727375	0.000000	0.000000	0.000000
115	tsk_115	(x)	1	:	0.526738	0.046804	0.000000	0.000000	0.426457	0.000000	0.000000	0.000000	0.000000	0.000000
116	tsk_116	(x)	1	:	0.000000	0.000000	0.000000	0.416726	0.583274	0.000000	0.000000	0.000000	0.000000	0.000000
117	tsk_117	(x)	1	:	0.000000	0.384370	0.500998	0.000000	0.114632	0.000000	0.000000	0.000000	0.000000	0.000000
118	tsk_118	(x)	1	:	0.482497	0.000000	0.000000	0.000000	0.000000	0.000000	0.517503	0.000000	0.000000	0.000000
119	tsk_119	(x)	1	:	0.000000	0.000000	0.275909	0.000000	0.000000	0.000000	0.724091	0.000000	0.000000	0.000000
120	tsk_120	(x)	1	:	0.000000	0.000000	0.000000	0.000000	0.000000	0.000000	1.000000	0.000000	0.000000	0.000000
121	tsk_121	(x)	1	:	0.000000	0.852623	0.000000	0.000000	0.147377	0.000000	0.000000	0.000000	0.000000	0.000000
122	tsk_122	(x)	1	:	0.000000	0.293579	0.000000	0.000000	0.205542	0.000000	0.000000	0.000000	0.000000	0.500879
123	tsk_123	(x)	1	:	0.000000	0.000000	0.000000	0.000000	0.000000	0.000000	0.404425	0.000000	0.595575	0.000000
124	tsk_124	(x)	1	:	0.000000	0.071339	0.000000	0.000000	0.028140	0.000000	0.399694	0.000000	0.000000	0.500828
125	tsk_125	(x)	1	:	0.000000	0.334415	0.000000	0.000000	0.043039	0.225894	0.396652	0.000000	0.000000	0.000000
126	tsk_126	(x)	1	:	0.000000	0.424154	0.000000	0.000000	0.179233	0.000000	0.396613	0.000000	0.000000	0.000000
127	tsk_127	(x)	1	:	0.000000	0.000000	0.000000	0.000000	0.000000	0.000000	1.000000	0.000000	0.000000	0.000000
128	tsk_128	(x)	1	:	0.000000	0.157427	0.000000	0.000000	0.341595	0.000000	0.000000	0.000000	0.000000	0.500978
129	tsk_129	(x)	1	:	0.000000	0.000000	0.000000	0.000000	0.000000	0.000000	1.000000	0.000000	0.000000	0.000000
130	tsk_130	(x)	1	:	0.000000	0.419673	0.000000	0.000000	0.183659	0.000000	0.396668	0.000000	0.000000	0.000000
131	tsk_131	(x)	1	:	0.000000	0.000000	1.000000	0.000000	0.000000	0.000000	0.000000	0.000000	0.000000	0.000000
132	tsk_132	(x)	1	:	0.000000	0.000000	0.000000	0.000000	0.000000	0.000000	1.000000	0.000000	0.000000	0.000000
133	tsk_133	(x)	1	:	0.000000	0.192536	0.309897	0.000000	0.115302	0.000000	0.382265	0.000000	0.000000	0.000000
134	tsk_134	(x)	1	:	0.000000	0.000000	1.000000	0.000000	0.000000	0.000000	0.000000	0.000000	0.000000	0.000000
135	tsk_135	(x)	1	:	0.000000	0.392439	0.500928	0.000000	0.106633	0.000000	0.000000	0.000000	0.000000	0.000000
136	tsk_136	(x)	1	:	0.000000	0.051447	0.000000	0.000000	0.046662	0.000000	0.400917	0.000000	0.000000	0.500973
137	tsk_137	(x)	1	:	0.000000	0.002708	0.495415	0.000000	0.002955	0.000000	0.000043	0.000000	0.000000	0.498878
138	tsk_138	(x)	1	:	0.000000	0.000000	0.605618	0.000000	0.000000	0.000000	0.394381	0.000000	0.000000	0.000000
139	tsk_139	(x)	1	:	0.000000	0.319655	0.000000	0.000000	0.082891	0.000000	0.597453	0.000000	0.000000	0.000000
140	tsk_140	(x)	1	:	0.000000	0.060892	0.000000	0.000000	0.037814	0.000000	0.400385	0.000000	0.000000	0.500910
141	tsk_141	(x)	1	:	0.000000	0.000000	0.000000	0.000000	0.000000	0.000000	1.000000	0.000000	0.000000	0.000000
142	tsk_142	(x)	1	:	0.000000	0.391604	0.000000	0.000000	0.316230	0.292166	0.000000	0.000000	0.000000	0.000000
143	tsk_143	(x)	1	:	0.000000	0.066668	0.000000	0.000000	0.933332	0.000000	0.000000	0.000000	0.000000	0.000000
144	tsk_144	(x)	1	:	0.000000	0.000000	0.000000	0.000000	0.000000	0.000000	1.000000	0.000000	0.000000	0.000000
145	tsk_145	(x)	1	:	0.000000	0.169722	0.000000	0.000000	0.329309	0.000000	0.000000	0.000000	0.000000	0.500969
146	tsk_146	(x)	1	:	0.526725	0.066826	0.000000	0.000000	0.406449	0.000000	0.000000	0.000000	0.000000	0.000000
147	tsk_147	(x)	1	:	0.000000	0.357971	0.000000	0.000000	0.244592	0.000000	0.397436	0.000000	0.000000	0.000000
148	tsk_148	(x)	1	:	0.000000	0.276673	0.000000	0.000000	0.034852	0.291294	0.397181	0.000000	0.000000	0.000000
149	tsk_149	(x)	1	:	0.000000	0.009061	0.000000	0.000000	0.001297	0.000000	0.000026	0.000000	0.490513	0.499104
