logL = -874.719457 (converged)
AIC = 3229.438914
BIC = 5457.309032

count.K
28 8 38 63 13 

