logL = -1008.854942 (converged)
AIC = 5101.709884
BIC = 9744.109507

count.K
11 17 32 6 23 10 9 36 6 

