logL = -1606.170047 (converged)
AIC = 6440.340093
BIC = 11299.505458

count.K
39 14 15 20 17 2 6 22 15 

