logL = -948.912807 (converged)
AIC = 5377.825615
BIC = 10616.331026

count.K
6 1 43 28 3 31 5 20 7 6 

