logL = -1046.598599 (converged)
AIC = 4049.197198
BIC = 6993.598516

count.K
50 36 32 9 22 1 

