logL = -2177.690698 (converged)
AIC = 9463.381397
BIC = 17152.543938

count.K
4 14 3 20 18 7 3 7 42 1 2 8 21 

