logL = -1289.279324 (converged)
AIC = 5302.558647
BIC = 9403.043918

count.K
4 4 8 44 6 41 4 39 

