logL = -1617.177519 (converged)
AIC = 3678.355037
BIC = 4346.716073

count.K
64 86 

