logL = -738.713058 (converged)
AIC = 4121.426115
BIC = 8101.485974

count.K
27 54 6 2 28 14 13 6 

