logL = -1165.983450 (converged)
AIC = 2767.966900
BIC = 3424.285394

count.K
55 95 

