logL = -2123.498516 (converged)
AIC = 7946.997032
BIC = 13516.672326

count.K
24 5 8 6 9 44 8 7 12 27 

