logL = -1980.122900 (converged)
AIC = 6168.245801
BIC = 9491.987166

count.K
51 27 33 24 11 4 

