logL = -1352.743067 (converged)
AIC = 3129.486133
BIC = 3767.740816

count.K
52 98 

