logL = -1976.267170 (converged)
AIC = 5702.534339
BIC = 8336.840221

count.K
36 17 14 15 68 

