0	tsk_0	(x)	1	:	0.000000	0.000000	0.000000	0.000000	0.000000	0.000000	0.000000	0.000000	0.000000	0.000000	1.000000	0.000000	0.000000	0.000000	0.000000
1	tsk_1	(x)	1	:	0.000000	0.000000	0.000000	0.579939	0.000000	0.000000	0.000000	0.420061	0.000000	0.000000	0.000000	0.000000	0.000000	0.000000	0.000000
2	tsk_2	(x)	1	:	0.000000	0.000000	0.000000	0.000000	0.000020	0.000000	0.000000	0.000000	0.000000	0.220671	0.779308	0.000000	0.000000	0.000000	0.000000
3	tsk_3	(x)	1	:	0.000000	0.000000	0.000000	0.570989	0.000000	0.000000	0.000000	0.000000	0.000000	0.000000	0.429010	0.000000	0.000000	0.000000	0.000000
4	tsk_4	(x)	1	:	0.000000	0.000000	0.498104	0.000000	0.000000	0.000000	0.000000	0.000806	0.000000	0.000000	0.501091	0.000000	0.000000	0.000000	0.000000
5	tsk_5	(x)	1	:	0.000000	0.000000	0.000000	0.000000	0.000000	0.000000	0.000000	0.495051	0.000000	0.000000	0.504948	0.000000	0.000000	0.000000	0.000000
6	tsk_6	(x)	1	:	0.000000	0.000000	0.449033	0.550967	0.000000	0.000000	0.000000	0.000000	0.000000	0.000000	0.000000	0.000000	0.000000	0.000000	0.000000
7	tsk_7	(x)	1	:	0.000000	0.000000	0.000000	0.000000	0.000000	0.418680	0.000000	0.000000	0.000000	0.000000	0.500000	0.000000	0.000000	0.000000	0.081320
8	tsk_8	(x)	1	:	0.000000	0.000000	0.498054	0.000000	0.000000	0.000000	0.000000	0.001107	0.000000	0.000000	0.500839	0.000000	0.000000	0.000000	0.000000
9	tsk_9	(x)	1	:	0.000000	0.000000	0.000000	0.479307	0.000000	0.000000	0.000000	0.014371	0.000000	0.000000	0.506322	0.000000	0.000000	0.000000	0.000000
10	tsk_10	(x)	1	:	0.000000	0.493903	0.000000	0.000000	0.000000	0.000000	0.506096	0.000000	0.000000	0.000000	0.000000	0.000000	0.000000	0.000000	0.000000
11	tsk_11	(x)	1	:	0.000000	0.490801	0.000000	0.000000	0.000000	0.000000	0.509199	0.000000	0.000000	0.000000	0.000000	0.000000	0.000000	0.000000	0.000000
12	tsk_12	(x)	1	:	0.000000	0.533920	0.000000	0.000000	0.000000	0.000000	0.000000	0.000000	0.000000	0.000000	0.466080	0.000000	0.000000	0.000000	0.000000
13	tsk_13	(x)	1	:	0.000000	0.000000	0.000000	1.000000	0.000000	0.000000	0.000000	0.000000	0.000000	0.000000	0.000000	0.000000	0.000000	0.000000	0.000000
14	tsk_14	(x)	1	:	0.000000	0.632469	0.367531	0.000000	0.000000	0.000000	0.000000	0.000000	0.000000	0.000000	0.000000	0.000000	0.000000	0.000000	0.000000
15	tsk_15	(x)	1	:	0.000000	0.000000	0.000000	0.000000	0.000000	0.000000	0.501913	0.498087	0.000000	0.000000	0.000000	0.000000	0.000000	0.000000	0.000000
16	tsk_16	(x)	1	:	0.000000	0.407145	0.592855	0.000000	0.000000	0.000000	0.000000	0.000000	0.000000	0.000000	0.000000	0.000000	0.000000	0.000000	0.000000
17	tsk_17	(x)	1	:	0.000000	0.000000	0.000000	1.000000	0.000000	0.000000	0.000000	0.000000	0.000000	0.000000	0.000000	0.000000	0.000000	0.000000	0.000000
18	tsk_18	(x)	1	:	0.000000	0.510671	0.000000	0.000000	0.000000	0.402409	0.000000	0.000000	0.000000	0.000000	0.000000	0.000000	0.000000	0.000000	0.086920
19	tsk_19	(x)	1	:	0.000000	0.474024	0.000000	0.000000	0.000000	0.000000	0.000000	0.525976	0.000000	0.000000	0.000000	0.000000	0.000000	0.000000	0.000000
20	tsk_20	(x)	1	:	0.000000	0.000000	0.000000	0.000000	0.000000	0.371846	0.000000	0.000500	0.000000	0.220672	0.278860	0.000000	0.000000	0.000000	0.128122
21	tsk_21	(x)	1	:	0.000000	0.000000	0.000000	0.000000	0.508462	0.398778	0.000000	0.000000	0.000000	0.000000	0.000000	0.000000	0.000000	0.000000	0.092759
22	tsk_22	(x)	1	:	0.000000	0.000000	0.000000	0.000000	0.000000	0.000000	0.000000	0.000000	0.000000	0.220678	0.779322	0.000000	0.000000	0.000000	0.000000
23	tsk_23	(x)	1	:	0.000000	0.000000	0.000000	0.000000	0.000000	0.000000	0.000000	0.000000	0.000000	0.220678	0.779322	0.000000	0.000000	0.000000	0.000000
24	tsk_24	(x)	1	:	0.000000	0.000000	0.000000	0.000000	0.997450	0.000000	0.000000	0.000000	0.000000	0.000000	0.002550	0.000000	0.000000	0.000000	0.000000
25	tsk_25	(x)	1	:	0.496027	0.000000	0.000000	0.000000	0.000000	0.281544	0.000000	0.001500	0.000000	0.000000	0.000000	0.000000	0.000000	0.000000	0.220928
26	tsk_26	(x)	1	:	0.000000	0.000000	0.000000	0.000000	0.000000	0.000000	0.000000	0.000000	0.000000	0.000000	1.000000	0.000000	0.000000	0.000000	0.000000
27	tsk_27	(x)	1	:	0.000000	0.000000	0.000000	0.579939	0.000000	0.000000	0.000000	0.420060	0.000000	0.000000	0.000000	0.000000	0.000000	0.000000	0.000000
28	tsk_28	(x)	1	:	0.431588	0.000000	0.000000	0.568412	0.000000	0.000000	0.000000	0.000000	0.000000	0.000000	0.000000	0.000000	0.000000	0.000000	0.000000
29	tsk_29	(x)	1	:	0.000000	0.000000	0.000000	0.000000	0.000000	0.437182	0.000000	0.499670	0.000000	0.000000	0.000000	0.000000	0.000000	0.000000	0.063148
30	tsk_30	(x)	1	:	0.000000	0.474849	0.000000	0.000000	0.000000	0.000000	0.000000	0.016790	0.000000	0.000000	0.508361	0.000000	0.000000	0.000000	0.000000
31	tsk_31	(x)	1	:	0.000000	0.000000	0.000000	0.000000	0.000000	0.000000	0.000000	0.369916	0.630083	0.000000	0.000000	0.000000	0.000000	0.000000	0.000000
32	tsk_32	(x)	1	:	0.000000	0.000000	0.000000	0.000000	0.000000	0.000000	0.000000	0.000000	1.000000	0.000000	0.000000	0.000000	0.000000	0.000000	0.000000
33	tsk_33	(x)	1	:	0.435116	0.000000	0.000000	0.000000	0.000000	0.000000	0.000000	0.000000	0.000000	0.000000	0.000000	0.000000	0.000000	0.564884	0.000000
34	tsk_34	(x)	1	:	0.000000	0.000000	0.000000	0.463410	0.000000	0.000000	0.000000	0.000000	0.000000	0.000000	0.000000	0.000000	0.000000	0.536590	0.000000
35	tsk_35	(x)	1	:	0.000000	0.000000	0.000000	0.479282	0.000000	0.000000	0.000000	0.014579	0.000000	0.000000	0.506139	0.000000	0.000000	0.000000	0.000000
36	tsk_36	(x)	1	:	0.000000	0.000000	0.000000	0.479111	0.000000	0.000000	0.000000	0.267220	0.000000	0.253669	0.000000	0.000000	0.000000	0.000000	0.000000
37	tsk_37	(x)	1	:	0.000000	0.000000	0.000000	0.000000	0.000000	0.000000	0.000000	0.000207	0.000000	0.000000	0.000000	0.000000	0.000000	0.999793	0.000000
38	tsk_38	(x)	1	:	0.000000	0.531341	0.000000	0.468659	0.000000	0.000000	0.000000	0.000000	0.000000	0.000000	0.000000	0.000000	0.000000	0.000000	0.000000
39	tsk_39	(x)	1	:	0.480125	0.474091	0.000000	0.000000	0.000000	0.000000	0.000000	0.045784	0.000000	0.000000	0.000000	0.000000	0.000000	0.000000	0.000000
40	tsk_40	(x)	1	:	0.494844	0.000000	0.000000	0.000000	0.000000	0.432694	0.000000	0.002846	0.000000	0.000000	0.000000	0.000000	0.000000	0.000000	0.069617
41	tsk_41	(x)	1	:	0.000000	0.000000	0.000000	0.000000	0.000000	0.342398	0.000000	0.000040	0.000000	0.000000	0.499963	0.000000	0.000000	0.000000	0.157600
42	tsk_42	(x)	1	:	0.000000	0.000000	0.000000	0.000000	0.000000	0.404748	0.000000	0.000000	0.000000	0.000000	0.500000	0.000000	0.000000	0.000000	0.095252
43	tsk_43	(x)	1	:	0.000000	0.000000	0.000000	0.000000	0.000000	0.381253	0.000000	0.000000	0.000000	0.000000	0.500000	0.000000	0.000000	0.000000	0.118747
44	tsk_44	(x)	1	:	0.000000	0.000000	0.000000	0.000000	0.000000	0.406209	0.000000	0.499670	0.000000	0.000000	0.000000	0.000000	0.000000	0.000000	0.094121
45	tsk_45	(x)	1	:	0.494800	0.000000	0.000000	0.000000	0.000000	0.448650	0.000000	0.002896	0.000000	0.000000	0.000000	0.000000	0.000000	0.000000	0.053654
46	tsk_46	(x)	1	:	0.483044	0.000000	0.000000	0.000000	0.000000	0.000000	0.000000	0.005848	0.000000	0.000000	0.511108	0.000000	0.000000	0.000000	0.000000
47	tsk_47	(x)	1	:	0.000000	0.000000	0.000000	0.000000	0.000000	0.000000	0.000000	0.000000	0.000000	0.000000	1.000000	0.000000	0.000000	0.000000	0.000000
48	tsk_48	(x)	1	:	0.000000	0.000000	0.000000	0.464718	0.000000	0.000000	0.000000	0.000000	0.000000	0.159779	0.000000	0.000000	0.375502	0.000000	0.000000
49	tsk_49	(x)	1	:	0.000000	0.000000	0.000000	0.000000	0.000000	0.818449	0.000000	0.000000	0.000000	0.000000	0.000000	0.000000	0.000000	0.000000	0.181551
50	tsk_50	(x)	1	:	0.000000	0.000000	0.000000	0.000000	0.000000	0.000000	0.000000	1.000000	0.000000	0.000000	0.000000	0.000000	0.000000	0.000000	0.000000
51	tsk_51	(x)	1	:	0.000000	0.000000	0.000000	0.000000	0.000000	0.000000	0.000000	0.000000	0.000000	0.000000	0.500031	0.000000	0.499969	0.000000	0.000000
52	tsk_52	(x)	1	:	0.000000	0.000000	0.000000	0.000000	0.000000	0.000000	0.000000	0.490192	0.000000	0.000000	0.014694	0.000000	0.495113	0.000000	0.000000
53	tsk_53	(x)	1	:	0.000000	0.000000	0.000000	0.000000	0.000000	0.000000	0.000000	0.495060	0.000000	0.000000	0.504940	0.000000	0.000000	0.000000	0.000000
54	tsk_54	(x)	1	:	0.000000	0.000000	0.000000	0.000000	0.000000	0.338398	0.000000	0.000465	0.000000	0.220677	0.278888	0.000000	0.000000	0.000000	0.161573
55	tsk_55	(x)	1	:	0.000000	0.000000	0.000000	0.000000	0.000000	0.000000	0.000000	0.491007	0.000000	0.000000	0.013065	0.000000	0.495928	0.000000	0.000000
56	tsk_56	(x)	1	:	0.000000	0.000000	0.000000	0.000000	0.000000	0.000000	0.000000	0.490613	0.000000	0.000000	0.013852	0.000000	0.495535	0.000000	0.000000
57	tsk_57	(x)	1	:	0.000000	0.000000	0.000000	0.000000	0.000000	0.000000	0.000000	0.490590	0.000000	0.000000	0.013900	0.000000	0.495511	0.000000	0.000000
58	tsk_58	(x)	1	:	0.000000	0.000000	0.000000	0.000000	0.000000	0.000000	0.000000	0.000000	0.000000	0.220676	0.272299	0.507024	0.000000	0.000000	0.000000
59	tsk_59	(x)	1	:	0.000000	0.000000	0.000000	0.000000	0.000000	0.000000	0.000000	0.000000	0.000000	0.000000	0.500037	0.000000	0.499963	0.000000	0.000000
60	tsk_60	(x)	1	:	0.000000	0.000000	0.000000	0.000000	0.000000	0.000000	0.000000	1.000000	0.000000	0.000000	0.000000	0.000000	0.000000	0.000000	0.000000
61	tsk_61	(x)	1	:	0.000000	0.000000	0.000000	0.479279	0.000000	0.000000	0.000000	0.014580	0.000000	0.194263	0.311878	0.000000	0.000000	0.000000	0.000000
62	tsk_62	(x)	1	:	0.000000	0.000000	0.000000	0.479113	0.000000	0.000000	0.000000	0.382118	0.000000	0.138769	0.000000	0.000000	0.000000	0.000000	0.000000
63	tsk_63	(x)	1	:	0.000000	0.000000	0.000000	0.000000	0.000000	0.464716	0.000000	0.499670	0.000000	0.000000	0.000000	0.000000	0.000000	0.000000	0.035614
64	tsk_64	(x)	1	:	0.480493	0.000000	0.000000	0.000000	0.000000	0.000000	0.000000	0.013542	0.000000	0.000000	0.505965	0.000000	0.000000	0.000000	0.000000
65	tsk_65	(x)	1	:	0.619625	0.000000	0.000000	0.000000	0.000000	0.000000	0.000000	0.000000	0.000000	0.000000	0.380374	0.000000	0.000000	0.000000	0.000000
66	tsk_66	(x)	1	:	0.479984	0.000000	0.000000	0.000000	0.000000	0.000000	0.000000	0.520016	0.000000	0.000000	0.000000	0.000000	0.000000	0.000000	0.000000
67	tsk_67	(x)	1	:	0.000000	0.000000	0.000000	0.000000	0.000000	0.000000	0.000000	0.000000	0.000000	0.000000	1.000000	0.000000	0.000000	0.000000	0.000000
68	tsk_68	(x)	1	:	0.480393	0.000000	0.000000	0.000000	0.000000	0.000000	0.000000	0.013844	0.000000	0.000000	0.505763	0.000000	0.000000	0.000000	0.000000
69	tsk_69	(x)	1	:	0.000000	0.000000	0.000000	0.000000	0.000000	0.000000	0.000000	0.000000	0.000000	0.000000	1.000000	0.000000	0.000000	0.000000	0.000000
70	tsk_70	(x)	1	:	0.000000	0.000000	0.000000	0.000000	0.000000	0.000000	0.501913	0.498087	0.000000	0.000000	0.000000	0.000000	0.000000	0.000000	0.000000
71	tsk_71	(x)	1	:	0.000000	0.000000	0.000000	0.000000	0.000000	0.000000	0.000000	1.000000	0.000000	0.000000	0.000000	0.000000	0.000000	0.000000	0.000000
72	tsk_72	(x)	1	:	0.000000	0.000000	0.000000	0.000000	0.000000	0.398787	0.000000	0.499670	0.000000	0.000000	0.000000	0.000000	0.000000	0.000000	0.101543
73	tsk_73	(x)	1	:	0.000000	0.000000	0.000000	0.000000	0.000000	0.000000	0.501913	0.498087	0.000000	0.000000	0.000000	0.000000	0.000000	0.000000	0.000000
74	tsk_74	(x)	1	:	0.000000	0.000000	0.000000	0.000000	0.000000	0.423587	0.000000	0.499670	0.000000	0.000000	0.000000	0.000000	0.000000	0.000000	0.076743
75	tsk_75	(x)	1	:	0.000000	0.000000	0.000000	0.000000	0.000000	0.000000	0.000000	1.000000	0.000000	0.000000	0.000000	0.000000	0.000000	0.000000	0.000000
76	tsk_76	(x)	1	:	0.000000	0.000000	0.000000	0.000000	0.000000	0.447993	0.000000	0.499670	0.000000	0.000000	0.000000	0.000000	0.000000	0.000000	0.052337
77	tsk_77	(x)	1	:	0.000000	0.474024	0.000000	0.000000	0.000000	0.000000	0.000000	0.525976	0.000000	0.000000	0.000000	0.000000	0.000000	0.000000	0.000000
78	tsk_78	(x)	1	:	0.000000	0.000000	0.000000	0.000000	0.000000	0.000000	0.000000	1.000000	0.000000	0.000000	0.000000	0.000000	0.000000	0.000000	0.000000
79	tsk_79	(x)	1	:	0.000000	0.000000	0.000000	0.000000	0.000000	0.164790	0.500776	0.000000	0.000000	0.000000	0.000000	0.000000	0.000000	0.000000	0.334434
80	tsk_80	(x)	1	:	0.000000	0.000000	0.000000	0.000000	0.000000	0.000000	0.000000	0.022625	0.471264	0.000000	0.506111	0.000000	0.000000	0.000000	0.000000
81	tsk_81	(x)	1	:	0.000000	0.000000	0.000000	0.000000	0.000000	0.416930	0.000000	0.000074	0.000000	0.000000	0.004478	0.000000	0.495718	0.000000	0.082800
82	tsk_82	(x)	1	:	0.000000	0.000000	0.000000	0.000000	0.000000	0.000000	0.500950	0.000133	0.000000	0.000000	0.004334	0.000000	0.494582	0.000000	0.000000
83	tsk_83	(x)	1	:	0.000000	0.000000	0.000000	0.000000	0.000000	0.000000	0.000000	0.023075	0.471040	0.000000	0.505885	0.000000	0.000000	0.000000	0.000000
84	tsk_84	(x)	1	:	0.000000	0.000000	0.000000	0.000000	0.000000	0.000000	0.000000	0.000000	0.000000	0.220678	0.779322	0.000000	0.000000	0.000000	0.000000
85	tsk_85	(x)	1	:	0.000000	0.000000	0.000000	0.000000	0.000000	0.000000	0.000000	0.000000	0.000000	0.000000	1.000000	0.000000	0.000000	0.000000	0.000000
86	tsk_86	(x)	1	:	0.000000	0.000000	0.000000	0.000000	0.000000	0.000000	0.000000	1.000000	0.000000	0.000000	0.000000	0.000000	0.000000	0.000000	0.000000
87	tsk_87	(x)	1	:	0.000000	0.000000	0.000000	0.000000	0.000000	0.000000	0.000000	0.020151	0.472494	0.000000	0.507355	0.000000	0.000000	0.000000	0.000000
88	tsk_88	(x)	1	:	0.000000	0.000000	0.000000	0.000000	0.000000	0.393706	0.000000	0.000059	0.000000	0.000000	0.003966	0.000000	0.496214	0.000000	0.106055
89	tsk_89	(x)	1	:	0.000000	0.000000	0.000000	0.000000	0.000000	0.000000	0.000000	0.022375	0.471388	0.000000	0.506237	0.000000	0.000000	0.000000	0.000000
90	tsk_90	(x)	1	:	0.000000	0.474024	0.000000	0.000000	0.000000	0.000000	0.000000	0.525976	0.000000	0.000000	0.000000	0.000000	0.000000	0.000000	0.000000
91	tsk_91	(x)	1	:	0.000000	0.504629	0.000000	0.495370	0.000000	0.000000	0.000000	0.000000	0.000000	0.000000	0.000000	0.000000	0.000000	0.000000	0.000000
92	tsk_92	(x)	1	:	0.000000	0.493541	0.000000	0.000000	0.000000	0.310238	0.000000	0.000000	0.000000	0.000000	0.000000	0.000000	0.000000	0.000000	0.196222
93	tsk_93	(x)	1	:	0.000000	0.000000	0.000000	0.000000	0.000000	0.856669	0.000000	0.000000	0.000000	0.000000	0.000000	0.000000	0.000000	0.000000	0.143331
94	tsk_94	(x)	1	:	0.000000	0.000000	0.000000	0.000000	0.000000	0.181500	0.500776	0.000000	0.000000	0.000000	0.000000	0.000000	0.000000	0.000000	0.317725
95	tsk_95	(x)	1	:	0.000000	0.000000	0.000000	0.000000	0.000000	0.000000	0.000000	0.495095	0.000000	0.194255	0.310650	0.000000	0.000000	0.000000	0.000000
96	tsk_96	(x)	1	:	0.000000	0.000000	0.000000	0.000000	0.000000	0.000000	0.000000	0.495104	0.000000	0.194257	0.310638	0.000000	0.000000	0.000000	0.000000
97	tsk_97	(x)	1	:	0.000000	0.000000	0.000000	0.000000	0.000000	0.906484	0.000000	0.000000	0.000000	0.000000	0.000000	0.000000	0.000000	0.000000	0.093516
98	tsk_98	(x)	1	:	0.000000	0.000000	0.000000	0.551124	0.000000	0.000000	0.000000	0.448876	0.000000	0.000000	0.000000	0.000000	0.000000	0.000000	0.000000
99	tsk_99	(x)	1	:	0.000000	0.542547	0.000000	0.000000	0.000000	0.000000	0.000000	0.457452	0.000000	0.000000	0.000000	0.000000	0.000000	0.000000	0.000000
100	tsk_100	(x)	1	:	0.000000	0.000000	0.000000	0.000000	0.000000	0.908822	0.000000	0.000000	0.000000	0.000000	0.000000	0.000000	0.000000	0.000000	0.091178
101	tsk_101	(x)	1	:	0.000000	0.000000	0.000000	0.544888	0.000000	0.000000	0.000000	0.000000	0.000000	0.000000	0.455112	0.000000	0.000000	0.000000	0.000000
102	tsk_102	(x)	1	:	0.000000	0.000000	0.000000	0.000000	0.000000	0.311100	0.000000	0.499670	0.000000	0.000000	0.000000	0.000000	0.000000	0.000000	0.189230
103	tsk_103	(x)	1	:	0.000000	0.000000	0.000000	0.000000	0.000000	0.852153	0.000000	0.000000	0.000000	0.000000	0.000000	0.000000	0.000000	0.000000	0.147847
104	tsk_104	(x)	1	:	0.000000	0.000000	0.000000	0.000000	0.000000	0.388707	0.000000	0.499670	0.000000	0.000000	0.000000	0.000000	0.000000	0.000000	0.111623
105	tsk_105	(x)	1	:	0.000000	0.000000	0.000000	0.000000	0.000000	0.000000	0.000000	0.000000	0.000000	0.000000	1.000000	0.000000	0.000000	0.000000	0.000000
106	tsk_106	(x)	1	:	0.000000	0.000000	0.000000	0.000000	0.000000	0.371989	0.000000	0.000000	0.000000	0.000000	0.500000	0.000000	0.000000	0.000000	0.128011
107	tsk_107	(x)	1	:	0.000000	0.000000	0.000000	0.000000	0.000000	0.000000	0.000000	0.495078	0.000000	0.000000	0.504922	0.000000	0.000000	0.000000	0.000000
108	tsk_108	(x)	1	:	0.000000	0.000000	0.000000	0.000000	0.000000	0.889290	0.000000	0.000000	0.000000	0.000000	0.000000	0.000000	0.000000	0.000000	0.110710
109	tsk_109	(x)	1	:	0.000000	0.000000	0.000000	0.479117	0.000000	0.000000	0.000000	0.520883	0.000000	0.000000	0.000000	0.000000	0.000000	0.000000	0.000000
110	tsk_110	(x)	1	:	0.000000	0.000000	0.000000	0.000000	0.000000	0.000000	0.501913	0.498087	0.000000	0.000000	0.000000	0.000000	0.000000	0.000000	0.000000
111	tsk_111	(x)	1	:	0.000000	0.000000	0.000000	0.000000	0.000000	0.000000	0.500957	0.000188	0.000000	0.000000	0.004130	0.000000	0.494725	0.000000	0.000000
112	tsk_112	(x)	1	:	0.000000	0.000000	0.000000	0.479186	0.000000	0.000000	0.000000	0.015368	0.000000	0.000000	0.505446	0.000000	0.000000	0.000000	0.000000
113	tsk_113	(x)	1	:	0.000000	0.000000	0.000000	0.479117	0.000000	0.000000	0.000000	0.520883	0.000000	0.000000	0.000000	0.000000	0.000000	0.000000	0.000000
114	tsk_114	(x)	1	:	0.000000	0.000000	0.000000	1.000000	0.000000	0.000000	0.000000	0.000000	0.000000	0.000000	0.000000	0.000000	0.000000	0.000000	0.000000
115	tsk_115	(x)	1	:	0.000000	0.000000	0.000000	0.491570	0.000000	0.265930	0.000000	0.000000	0.000000	0.000000	0.000000	0.000000	0.000000	0.000000	0.242500
116	tsk_116	(x)	1	:	0.000000	0.000000	0.000000	1.000000	0.000000	0.000000	0.000000	0.000000	0.000000	0.000000	0.000000	0.000000	0.000000	0.000000	0.000000
117	tsk_117	(x)	1	:	0.000000	0.000000	0.000000	0.479150	0.000000	0.000000	0.000000	0.015650	0.000000	0.194246	0.310953	0.000000	0.000000	0.000000	0.000000
118	tsk_118	(x)	1	:	0.000000	0.000000	0.000000	0.465305	0.000000	0.000000	0.534695	0.000000	0.000000	0.000000	0.000000	0.000000	0.000000	0.000000	0.000000
119	tsk_119	(x)	1	:	0.000000	0.000000	0.000000	0.000000	0.000000	0.000000	0.000000	0.000000	0.000000	0.000000	0.000000	0.000000	1.000000	0.000000	0.000000
120	tsk_120	(x)	1	:	0.481386	0.000000	0.000000	0.000000	0.000000	0.000000	0.000000	0.010842	0.000000	0.000000	0.507772	0.000000	0.000000	0.000000	0.000000
121	tsk_121	(x)	1	:	0.000000	0.000000	0.000000	0.000000	0.000000	0.402923	0.000000	0.000000	0.000000	0.000000	0.500000	0.000000	0.000000	0.000000	0.097077
122	tsk_122	(x)	1	:	0.000000	0.000000	0.000000	0.000000	0.000000	0.263974	0.000000	0.000304	0.000000	0.000000	0.499714	0.000000	0.000000	0.000000	0.236007
123	tsk_123	(x)	1	:	0.000000	0.000000	0.000000	0.000000	0.000000	0.000000	0.000000	0.495042	0.000000	0.000000	0.504958	0.000000	0.000000	0.000000	0.000000
124	tsk_124	(x)	1	:	0.000000	0.000000	0.000000	0.000000	0.000000	0.447016	0.000000	0.000175	0.000000	0.000000	0.499835	0.000000	0.000000	0.000000	0.052973
125	tsk_125	(x)	1	:	0.000000	0.000000	0.000000	0.000000	0.000000	0.382010	0.000000	0.000000	0.000000	0.000000	0.500000	0.000000	0.000000	0.000000	0.117990
126	tsk_126	(x)	1	:	0.000000	0.000000	0.000000	0.000000	0.000000	0.000000	0.000000	0.000000	0.000000	0.000000	1.000000	0.000000	0.000000	0.000000	0.000000
127	tsk_127	(x)	1	:	0.000000	0.504629	0.000000	0.495370	0.000000	0.000000	0.000000	0.000000	0.000000	0.000000	0.000000	0.000000	0.000000	0.000000	0.000000
128	tsk_128	(x)	1	:	0.000000	0.000000	0.000000	0.000000	0.000000	0.000000	0.000000	0.495046	0.000000	0.000000	0.504953	0.000000	0.000000	0.000000	0.000000
129	tsk_129	(x)	1	:	0.000000	0.000000	0.000000	0.000000	0.000000	0.227788	0.500776	0.000000	0.000000	0.000000	0.000000	0.000000	0.000000	0.000000	0.271436
130	tsk_130	(x)	1	:	0.000000	0.000000	0.000000	0.491570	0.000000	0.271256	0.000000	0.000000	0.000000	0.000000	0.000000	0.000000	0.000000	0.000000	0.237174
131	tsk_131	(x)	1	:	0.000000	0.000000	0.000000	0.000000	0.000000	0.398485	0.000000	0.499670	0.000000	0.000000	0.000000	0.000000	0.000000	0.000000	0.101845
132	tsk_132	(x)	1	:	0.000000	0.000000	0.000000	0.000000	0.000000	0.000000	0.000000	0.495022	0.000000	0.000000	0.144711	0.360267	0.000000	0.000000	0.000000
133	tsk_133	(x)	1	:	0.000000	0.000000	0.000000	0.000000	0.000000	0.418784	0.000000	0.499670	0.000000	0.000000	0.000000	0.000000	0.000000	0.000000	0.081546
134	tsk_134	(x)	1	:	0.000000	0.000000	0.000000	0.447188	0.000000	0.000000	0.000000	0.552812	0.000000	0.000000	0.000000	0.000000	0.000000	0.000000	0.000000
135	tsk_135	(x)	1	:	0.000000	0.000000	0.000000	0.000000	0.000000	0.000000	0.000000	0.000000	0.000000	0.000000	1.000000	0.000000	0.000000	0.000000	0.000000
136	tsk_136	(x)	1	:	0.000000	0.000000	0.000000	0.000000	0.000000	0.000000	0.000000	1.000000	0.000000	0.000000	0.000000	0.000000	0.000000	0.000000	0.000000
137	tsk_137	(x)	1	:	0.000000	0.000000	0.000000	0.491570	0.000000	0.318176	0.000000	0.000000	0.000000	0.000000	0.000000	0.000000	0.000000	0.000000	0.190254
138	tsk_138	(x)	1	:	0.000000	0.000000	0.000000	0.479330	0.000000	0.000000	0.000000	0.014180	0.000000	0.000000	0.506490	0.000000	0.000000	0.000000	0.000000
139	tsk_139	(x)	1	:	0.000000	0.000000	0.000000	0.000000	0.000000	0.000000	0.000000	0.495053	0.000000	0.000000	0.504947	0.000000	0.000000	0.000000	0.000000
140	tsk_140	(x)	1	:	0.000000	0.000000	0.000000	0.000000	0.000000	0.000000	0.000000	0.000000	0.000000	0.000000	0.000000	0.000000	1.000000	0.000000	0.000000
141	tsk_141	(x)	1	:	0.000000	0.000000	0.000000	0.479240	0.000000	0.000000	0.000000	0.014920	0.000000	0.000000	0.505840	0.000000	0.000000	0.000000	0.000000
142	tsk_142	(x)	1	:	0.000000	0.000000	0.000000	0.479253	0.000000	0.000000	0.000000	0.014817	0.000000	0.000000	0.505931	0.000000	0.000000	0.000000	0.000000
143	tsk_143	(x)	1	:	0.000000	0.000000	0.000000	0.000000	0.000000	0.000000	0.000000	0.000000	0.000000	0.000000	0.000471	0.502918	0.496611	0.000000	0.000000
144	tsk_144	(x)	1	:	0.000000	0.000000	0.000000	0.481802	0.000000	0.000000	0.000000	0.001832	0.000000	0.000000	0.000038	0.516328	0.000000	0.000000	0.000000
145	tsk_145	(x)	1	:	0.000000	0.000000	0.000000	0.464718	0.000000	0.000000	0.000000	0.000000	0.000000	0.159779	0.000000	0.000000	0.375502	0.000000	0.000000
146	tsk_146	(x)	1	:	0.000000	0.000000	0.000000	0.465305	0.000000	0.000000	0.534695	0.000000	0.000000	0.000000	0.000000	0.000000	0.000000	0.000000	0.000000
147	tsk_147	(x)	1	:	0.000000	0.000000	0.000000	0.000000	0.000000	0.000000	0.000000	0.000000	0.000000	0.000000	0.000688	0.502799	0.496513	0.000000	0.000000
148	tsk_148	(x)	1	:	0.000000	0.000000	0.000000	0.000000	0.000000	0.323974	0.000000	0.000100	0.000000	0.000000	0.499906	0.000000	0.000000	0.000000	0.176019
149	tsk_149	(x)	1	:	0.000000	0.000000	0.000000	0.000000	0.000000	0.000000	0.000000	0.493982	0.000000	0.000000	0.000301	0.505717	0.000000	0.000000	0.000000
