logL = -1210.236476 (converged)
AIC = 8090.472952
BIC = 16625.624011

count.K
13 2 0 4 2 19 6 5 8 11 45 2 30 1 2 

