0	tsk_0	(x)	1	:	0.000000	0.000001	0.533300	0.000007	0.000000	0.466693	0.000000
1	tsk_1	(x)	1	:	0.000000	0.585470	0.414504	0.000011	0.000000	0.000016	0.000000
2	tsk_2	(x)	1	:	0.000000	0.468624	0.000001	0.000000	0.531375	0.000000	0.000000
3	tsk_3	(x)	1	:	0.000000	0.490914	0.000003	0.000000	0.509084	0.000000	0.000000
4	tsk_4	(x)	1	:	0.000000	0.000000	0.000000	0.000000	0.000000	1.000000	0.000000
5	tsk_5	(x)	1	:	0.180978	0.434735	0.384285	0.000000	0.000000	0.000002	0.000000
6	tsk_6	(x)	1	:	0.000000	0.490915	0.000001	0.000000	0.509084	0.000000	0.000000
7	tsk_7	(x)	1	:	0.000000	0.490914	0.000002	0.000000	0.509084	0.000000	0.000000
8	tsk_8	(x)	1	:	0.000000	0.591806	0.000000	0.000000	0.000000	0.408194	0.000000
9	tsk_9	(x)	1	:	0.000000	0.695583	0.000000	0.000000	0.000000	0.304417	0.000000
10	tsk_10	(x)	1	:	0.000000	0.999990	0.000000	0.000000	0.000000	0.000010	0.000000
11	tsk_11	(x)	1	:	0.000000	0.455218	0.000002	0.544779	0.000000	0.000001	0.000000
12	tsk_12	(x)	1	:	0.000000	0.000002	0.000005	0.613238	0.000000	0.386755	0.000000
13	tsk_13	(x)	1	:	0.372449	0.372228	0.000003	0.000000	0.000000	0.255320	0.000000
14	tsk_14	(x)	1	:	0.372449	0.372231	0.000003	0.000000	0.000000	0.255316	0.000000
15	tsk_15	(x)	1	:	0.000000	0.000000	0.000000	0.000000	0.000000	1.000000	0.000000
16	tsk_16	(x)	1	:	0.000000	0.495838	0.000000	0.000000	0.000000	0.000000	0.504162
17	tsk_17	(x)	1	:	0.000000	0.495838	0.000000	0.000000	0.000000	0.000000	0.504162
18	tsk_18	(x)	1	:	0.000000	0.000000	0.000003	0.341798	0.000000	0.658199	0.000000
19	tsk_19	(x)	1	:	0.000000	0.455218	0.000003	0.544779	0.000000	0.000001	0.000000
20	tsk_20	(x)	1	:	0.000000	1.000000	0.000000	0.000000	0.000000	0.000000	0.000000
21	tsk_21	(x)	1	:	0.000000	0.999999	0.000000	0.000000	0.000000	0.000001	0.000000
22	tsk_22	(x)	1	:	0.000000	0.432896	0.000000	0.000000	0.000000	0.567104	0.000000
23	tsk_23	(x)	1	:	0.000000	0.707956	0.000000	0.000000	0.000000	0.292044	0.000000
24	tsk_24	(x)	1	:	0.000000	0.432896	0.000000	0.000000	0.000000	0.567104	0.000000
25	tsk_25	(x)	1	:	0.000000	0.000000	0.000000	0.000000	0.000000	1.000000	0.000000
26	tsk_26	(x)	1	:	0.000000	1.000000	0.000000	0.000000	0.000000	0.000000	0.000000
27	tsk_27	(x)	1	:	0.000000	1.000000	0.000000	0.000000	0.000000	0.000000	0.000000
28	tsk_28	(x)	1	:	0.000000	1.000000	0.000000	0.000000	0.000000	0.000000	0.000000
29	tsk_29	(x)	1	:	0.000000	1.000000	0.000000	0.000000	0.000000	0.000000	0.000000
30	tsk_30	(x)	1	:	0.420650	0.000000	0.045687	0.000000	0.533632	0.000030	0.000000
31	tsk_31	(x)	1	:	0.374472	0.271610	0.000006	0.000001	0.000000	0.353911	0.000000
32	tsk_32	(x)	1	:	0.000000	0.504784	0.000000	0.000000	0.495216	0.000000	0.000000
33	tsk_33	(x)	1	:	0.425124	0.000000	0.066333	0.000000	0.000000	0.000023	0.508520
34	tsk_34	(x)	1	:	0.000000	1.000000	0.000000	0.000000	0.000000	0.000000	0.000000
35	tsk_35	(x)	1	:	0.368514	0.596484	0.000001	0.000000	0.000000	0.035002	0.000000
36	tsk_36	(x)	1	:	0.000000	1.000000	0.000000	0.000000	0.000000	0.000000	0.000000
37	tsk_37	(x)	1	:	0.000000	1.000000	0.000000	0.000000	0.000000	0.000000	0.000000
38	tsk_38	(x)	1	:	0.000000	0.710654	0.000000	0.000000	0.000000	0.289346	0.000000
39	tsk_39	(x)	1	:	0.942450	0.000000	0.057375	0.000000	0.000000	0.000175	0.000000
40	tsk_40	(x)	1	:	0.372449	0.372231	0.000003	0.000000	0.000000	0.255316	0.000000
41	tsk_41	(x)	1	:	0.000000	0.000000	0.269449	0.730551	0.000000	0.000000	0.000000
42	tsk_42	(x)	1	:	0.000000	0.000000	1.000000	0.000000	0.000000	0.000000	0.000000
43	tsk_43	(x)	1	:	0.364797	0.000000	0.042491	0.592711	0.000000	0.000000	0.000000
44	tsk_44	(x)	1	:	0.372448	0.372228	0.000003	0.000000	0.000000	0.255321	0.000000
45	tsk_45	(x)	1	:	0.000000	0.366587	0.523663	0.000003	0.000000	0.109747	0.000000
46	tsk_46	(x)	1	:	0.000000	0.000000	0.269589	0.730411	0.000000	0.000000	0.000000
47	tsk_47	(x)	1	:	1.000000	0.000000	0.000000	0.000000	0.000000	0.000000	0.000000
48	tsk_48	(x)	1	:	0.381058	0.000002	0.000047	0.000002	0.000000	0.618891	0.000000
49	tsk_49	(x)	1	:	0.000000	0.328283	0.671716	0.000000	0.000000	0.000001	0.000000
50	tsk_50	(x)	1	:	0.000000	0.266101	0.618706	0.000002	0.000000	0.115191	0.000000
51	tsk_51	(x)	1	:	0.524214	0.000000	0.000000	0.000000	0.000000	0.475786	0.000000
52	tsk_52	(x)	1	:	0.000000	0.000000	0.445827	0.554172	0.000000	0.000000	0.000000
53	tsk_53	(x)	1	:	0.000000	0.544460	0.000000	0.000000	0.455539	0.000000	0.000000
54	tsk_54	(x)	1	:	0.000000	0.000000	0.502926	0.000000	0.000000	0.497074	0.000000
55	tsk_55	(x)	1	:	0.000000	0.634231	0.365751	0.000013	0.000000	0.000004	0.000000
56	tsk_56	(x)	1	:	0.000000	0.000000	0.000000	0.000000	0.481219	0.518781	0.000000
57	tsk_57	(x)	1	:	0.000000	0.000001	0.533297	0.000008	0.000000	0.466693	0.000000
58	tsk_58	(x)	1	:	0.502197	0.497803	0.000000	0.000000	0.000000	0.000000	0.000000
59	tsk_59	(x)	1	:	0.000000	0.000000	0.656379	0.343621	0.000000	0.000000	0.000000
60	tsk_60	(x)	1	:	0.000000	0.000000	0.000000	0.000000	0.000000	1.000000	0.000000
61	tsk_61	(x)	1	:	0.000000	0.432896	0.000000	0.000000	0.000000	0.567104	0.000000
62	tsk_62	(x)	1	:	0.000000	0.000000	0.000000	0.000000	0.000000	1.000000	0.000000
63	tsk_63	(x)	1	:	0.000000	0.707956	0.000000	0.000000	0.000000	0.292044	0.000000
64	tsk_64	(x)	1	:	0.381063	0.000004	0.000036	0.000004	0.000000	0.618894	0.000000
65	tsk_65	(x)	1	:	0.000000	0.512106	0.000013	0.487881	0.000000	0.000000	0.000000
66	tsk_66	(x)	1	:	0.000000	0.000000	0.000000	0.000000	0.000000	1.000000	0.000000
67	tsk_67	(x)	1	:	0.000000	0.432896	0.000000	0.000000	0.000000	0.567104	0.000000
68	tsk_68	(x)	1	:	0.000000	0.000000	0.000002	0.442888	0.000000	0.557110	0.000000
69	tsk_69	(x)	1	:	0.000000	0.000001	0.533301	0.000005	0.000000	0.466692	0.000000
70	tsk_70	(x)	1	:	0.688684	0.000001	0.000000	0.000000	0.000000	0.311315	0.000000
71	tsk_71	(x)	1	:	0.000000	0.490005	0.000000	0.000000	0.000000	0.000000	0.509995
72	tsk_72	(x)	1	:	0.000000	0.491319	0.000000	0.000000	0.000000	0.000000	0.508681
73	tsk_73	(x)	1	:	0.688684	0.000001	0.000000	0.000000	0.000000	0.311315	0.000000
74	tsk_74	(x)	1	:	0.353027	0.000000	0.646965	0.000009	0.000000	0.000000	0.000000
75	tsk_75	(x)	1	:	0.000000	0.000000	0.000000	0.000000	0.000000	0.000000	1.000000
76	tsk_76	(x)	1	:	0.000000	0.000000	0.999988	0.000012	0.000000	0.000000	0.000000
77	tsk_77	(x)	1	:	0.000000	0.000000	0.000000	0.000000	0.000000	1.000000	0.000000
78	tsk_78	(x)	1	:	0.000000	0.000001	0.533301	0.000005	0.000000	0.466693	0.000000
79	tsk_79	(x)	1	:	0.000000	0.608345	0.000000	0.000000	0.000000	0.391654	0.000000
80	tsk_80	(x)	1	:	0.000000	0.000009	0.000001	0.000000	0.000000	0.999989	0.000000
81	tsk_81	(x)	1	:	0.000000	0.000000	0.508726	0.000000	0.000000	0.000000	0.491274
82	tsk_82	(x)	1	:	0.549166	0.000000	0.000000	0.000000	0.450834	0.000000	0.000000
83	tsk_83	(x)	1	:	1.000000	0.000000	0.000000	0.000000	0.000000	0.000000	0.000000
84	tsk_84	(x)	1	:	0.000000	0.000000	0.000000	0.000000	0.511460	0.488540	0.000000
85	tsk_85	(x)	1	:	0.688684	0.000001	0.000000	0.000000	0.000000	0.311315	0.000000
86	tsk_86	(x)	1	:	0.549166	0.000000	0.000000	0.000000	0.450834	0.000000	0.000000
87	tsk_87	(x)	1	:	0.000000	0.000000	0.000000	0.000000	1.000000	0.000000	0.000000
88	tsk_88	(x)	1	:	1.000000	0.000000	0.000000	0.000000	0.000000	0.000000	0.000000
89	tsk_89	(x)	1	:	0.000000	0.000001	0.000000	0.000003	0.000000	0.504550	0.495446
90	tsk_90	(x)	1	:	0.000000	0.000000	0.748989	0.251011	0.000000	0.000000	0.000000
91	tsk_91	(x)	1	:	0.000000	0.000000	0.507175	0.000000	0.000000	0.492825	0.000000
92	tsk_92	(x)	1	:	0.000000	0.000000	0.000000	0.000000	0.000000	1.000000	0.000000
93	tsk_93	(x)	1	:	0.000000	0.000000	0.000000	0.000000	0.481219	0.518781	0.000000
94	tsk_94	(x)	1	:	0.000000	0.000000	0.507175	0.000000	0.000000	0.492825	0.000000
95	tsk_95	(x)	1	:	0.000000	0.000000	0.000002	0.384247	0.000000	0.615752	0.000000
96	tsk_96	(x)	1	:	0.000000	0.000000	0.000000	0.000000	0.458481	0.541519	0.000000
97	tsk_97	(x)	1	:	0.000000	0.000000	0.507175	0.000000	0.000000	0.492825	0.000000
98	tsk_98	(x)	1	:	0.000000	0.618670	0.000000	0.000000	0.000000	0.381330	0.000000
99	tsk_99	(x)	1	:	0.368798	0.579752	0.000001	0.000000	0.000000	0.051449	0.000000
100	tsk_100	(x)	1	:	0.368517	0.596489	0.000001	0.000000	0.000000	0.034993	0.000000
101	tsk_101	(x)	1	:	0.000000	0.999989	0.000000	0.000000	0.000000	0.000011	0.000000
102	tsk_102	(x)	1	:	0.000000	0.249544	0.000000	0.000000	0.000000	0.750456	0.000000
103	tsk_103	(x)	1	:	0.000000	0.249544	0.000000	0.000000	0.000000	0.750456	0.000000
104	tsk_104	(x)	1	:	0.353027	0.000000	0.646965	0.000009	0.000000	0.000000	0.000000
105	tsk_105	(x)	1	:	0.353027	0.000000	0.646965	0.000009	0.000000	0.000000	0.000000
106	tsk_106	(x)	1	:	0.000000	0.000000	0.000000	0.000000	0.000000	0.000000	1.000000
107	tsk_107	(x)	1	:	0.000000	0.249544	0.000000	0.000000	0.000000	0.750456	0.000000
108	tsk_108	(x)	1	:	0.000000	0.365671	0.000000	0.000000	0.509306	0.125023	0.000000
109	tsk_109	(x)	1	:	0.000000	0.999988	0.000000	0.000000	0.000000	0.000012	0.000000
110	tsk_110	(x)	1	:	0.000000	0.585470	0.414512	0.000004	0.000000	0.000014	0.000000
111	tsk_111	(x)	1	:	0.000000	0.389860	0.000000	0.000000	0.000000	0.610139	0.000000
112	tsk_112	(x)	1	:	0.000000	0.000001	0.533299	0.000007	0.000000	0.466693	0.000000
113	tsk_113	(x)	1	:	0.000000	0.000000	0.404032	0.000005	0.000000	0.595964	0.000000
114	tsk_114	(x)	1	:	0.000000	0.000000	0.999980	0.000020	0.000000	0.000000	0.000000
115	tsk_115	(x)	1	:	0.000000	0.000000	0.404029	0.000007	0.000000	0.595964	0.000000
116	tsk_116	(x)	1	:	0.340610	0.659387	0.000001	0.000001	0.000000	0.000002	0.000000
117	tsk_117	(x)	1	:	0.000000	0.538781	0.000000	0.000000	0.000000	0.461219	0.000000
118	tsk_118	(x)	1	:	0.000000	0.000001	0.533297	0.000009	0.000000	0.466693	0.000000
119	tsk_119	(x)	1	:	0.000000	0.585470	0.414495	0.000017	0.000000	0.000018	0.000000
120	tsk_120	(x)	1	:	0.942438	0.000000	0.057408	0.000000	0.000000	0.000154	0.000000
121	tsk_121	(x)	1	:	0.000000	0.000002	0.000171	0.539348	0.000000	0.460479	0.000000
122	tsk_122	(x)	1	:	0.372449	0.372229	0.000003	0.000000	0.000000	0.255319	0.000000
123	tsk_123	(x)	1	:	0.000000	0.000001	0.000000	0.000000	0.536007	0.463992	0.000000
124	tsk_124	(x)	1	:	0.372449	0.372231	0.000003	0.000000	0.000000	0.255316	0.000000
125	tsk_125	(x)	1	:	0.365107	0.000000	0.041271	0.593621	0.000000	0.000000	0.000000
126	tsk_126	(x)	1	:	0.381060	0.000002	0.000045	0.000002	0.000000	0.618892	0.000000
127	tsk_127	(x)	1	:	0.340610	0.659387	0.000001	0.000000	0.000000	0.000002	0.000000
128	tsk_128	(x)	1	:	0.381059	0.000002	0.000044	0.000003	0.000000	0.618891	0.000000
129	tsk_129	(x)	1	:	0.000000	0.000000	0.000004	0.999996	0.000000	0.000000	0.000000
130	tsk_130	(x)	1	:	1.000000	0.000000	0.000000	0.000000	0.000000	0.000000	0.000000
131	tsk_131	(x)	1	:	1.000000	0.000000	0.000000	0.000000	0.000000	0.000000	0.000000
132	tsk_132	(x)	1	:	0.000000	0.999996	0.000000	0.000000	0.000000	0.000004	0.000000
133	tsk_133	(x)	1	:	1.000000	0.000000	0.000000	0.000000	0.000000	0.000000	0.000000
134	tsk_134	(x)	1	:	0.000000	0.000000	0.999985	0.000015	0.000000	0.000000	0.000000
135	tsk_135	(x)	1	:	0.000000	0.710654	0.000000	0.000000	0.000000	0.289346	0.000000
136	tsk_136	(x)	1	:	0.353027	0.000000	0.646964	0.000010	0.000000	0.000000	0.000000
137	tsk_137	(x)	1	:	0.673697	0.000000	0.326260	0.000043	0.000000	0.000000	0.000000
138	tsk_138	(x)	1	:	0.353026	0.000000	0.646967	0.000006	0.000000	0.000000	0.000000
139	tsk_139	(x)	1	:	1.000000	0.000000	0.000000	0.000000	0.000000	0.000000	0.000000
140	tsk_140	(x)	1	:	0.000000	0.000001	0.533297	0.000009	0.000000	0.466693	0.000000
141	tsk_141	(x)	1	:	0.000000	0.000000	0.260466	0.739534	0.000000	0.000000	0.000000
142	tsk_142	(x)	1	:	0.000000	1.000000	0.000000	0.000000	0.000000	0.000000	0.000000
143	tsk_143	(x)	1	:	0.000000	0.000002	0.000156	0.539358	0.000000	0.460484	0.000000
144	tsk_144	(x)	1	:	0.000000	0.000009	0.000001	0.000000	0.000000	0.999990	0.000000
145	tsk_145	(x)	1	:	0.000000	0.767975	0.000000	0.000000	0.000000	0.232025	0.000000
146	tsk_146	(x)	1	:	0.000000	0.000000	0.445866	0.554134	0.000000	0.000000	0.000000
147	tsk_147	(x)	1	:	0.000000	0.710654	0.000000	0.000000	0.000000	0.289346	0.000000
148	tsk_148	(x)	1	:	0.000000	0.366588	0.523663	0.000004	0.000000	0.109745	0.000000
149	tsk_149	(x)	1	:	0.688683	0.000001	0.000000	0.000000	0.000000	0.311315	0.000000
