logL = -1611.909940 (converged)
AIC = 4045.819879
BIC = 5283.190985

count.K
31 45 74 

