0	tsk_0	(x)	1	:	0.531134	0.468826	0.000000	0.000040	0.000000	0.000000	0.000000
1	tsk_1	(x)	1	:	0.000000	0.000234	0.000000	0.999766	0.000000	0.000000	0.000000
2	tsk_2	(x)	1	:	0.000000	0.999995	0.000000	0.000005	0.000000	0.000000	0.000000
3	tsk_3	(x)	1	:	0.000000	0.999990	0.000000	0.000010	0.000000	0.000000	0.000000
4	tsk_4	(x)	1	:	0.000000	0.999991	0.000000	0.000009	0.000000	0.000000	0.000000
5	tsk_5	(x)	1	:	0.531137	0.468773	0.000000	0.000090	0.000000	0.000000	0.000000
6	tsk_6	(x)	1	:	0.000000	0.379215	0.000000	0.620785	0.000000	0.000000	0.000000
7	tsk_7	(x)	1	:	0.000000	0.460139	0.000000	0.000006	0.000000	0.000000	0.539855
8	tsk_8	(x)	1	:	0.000000	0.000248	0.000000	0.999752	0.000000	0.000000	0.000000
9	tsk_9	(x)	1	:	0.544009	0.000000	0.455991	0.000000	0.000000	0.000000	0.000000
10	tsk_10	(x)	1	:	0.000000	0.472106	0.527892	0.000002	0.000000	0.000000	0.000000
11	tsk_11	(x)	1	:	0.000000	0.000000	0.503562	0.000000	0.000000	0.000000	0.496438
12	tsk_12	(x)	1	:	0.000000	0.000000	1.000000	0.000000	0.000000	0.000000	0.000000
13	tsk_13	(x)	1	:	0.000000	0.000000	0.000000	0.000000	0.000000	0.000000	1.000000
14	tsk_14	(x)	1	:	0.000000	0.000000	0.531111	0.000000	0.000000	0.000000	0.468889
15	tsk_15	(x)	1	:	0.000000	0.491188	0.000000	0.000004	0.000000	0.000000	0.508808
16	tsk_16	(x)	1	:	0.000000	0.999994	0.000000	0.000006	0.000000	0.000000	0.000000
17	tsk_17	(x)	1	:	0.000000	0.000000	0.564586	0.000000	0.000000	0.000000	0.435414
18	tsk_18	(x)	1	:	0.000000	0.000000	0.564586	0.000000	0.000000	0.000000	0.435414
19	tsk_19	(x)	1	:	0.000000	0.000000	1.000000	0.000000	0.000000	0.000000	0.000000
20	tsk_20	(x)	1	:	0.000000	0.493437	0.000000	0.000000	0.000000	0.000000	0.506563
21	tsk_21	(x)	1	:	0.485989	0.000000	0.000000	0.000000	0.514011	0.000000	0.000000
22	tsk_22	(x)	1	:	0.000000	0.999991	0.000000	0.000009	0.000000	0.000000	0.000000
23	tsk_23	(x)	1	:	0.518355	0.000000	0.000000	0.000000	0.000003	0.481641	0.000000
24	tsk_24	(x)	1	:	0.000000	1.000000	0.000000	0.000000	0.000000	0.000000	0.000000
25	tsk_25	(x)	1	:	0.000000	1.000000	0.000000	0.000000	0.000000	0.000000	0.000000
26	tsk_26	(x)	1	:	0.000000	0.000000	0.000000	0.000000	0.000000	0.468495	0.531504
27	tsk_27	(x)	1	:	0.000000	0.524479	0.000000	0.475521	0.000000	0.000000	0.000000
28	tsk_28	(x)	1	:	0.000000	0.002885	0.498704	0.000001	0.000000	0.000000	0.498410
29	tsk_29	(x)	1	:	0.000000	0.000000	0.000000	0.000000	0.000000	1.000000	0.000000
30	tsk_30	(x)	1	:	0.000000	0.531685	0.000000	0.000002	0.000000	0.000000	0.468313
31	tsk_31	(x)	1	:	0.504160	0.000000	0.000000	0.000000	0.000015	0.495825	0.000000
32	tsk_32	(x)	1	:	0.000000	0.108094	0.000000	0.423792	0.000000	0.000000	0.468114
33	tsk_33	(x)	1	:	0.000000	0.531683	0.000000	0.000004	0.000000	0.000000	0.468313
34	tsk_34	(x)	1	:	0.000000	0.108124	0.000000	0.423766	0.000000	0.000000	0.468110
35	tsk_35	(x)	1	:	0.000000	0.000000	0.000000	0.000000	0.000000	0.000000	1.000000
36	tsk_36	(x)	1	:	0.000000	0.107954	0.000000	0.423916	0.000000	0.000000	0.468130
37	tsk_37	(x)	1	:	0.000000	0.067064	0.510492	0.422444	0.000000	0.000000	0.000000
38	tsk_38	(x)	1	:	0.000000	0.491190	0.000000	0.000003	0.000000	0.000000	0.508807
39	tsk_39	(x)	1	:	0.000000	0.460137	0.000000	0.000007	0.000000	0.000000	0.539855
40	tsk_40	(x)	1	:	0.000000	0.062446	0.515874	0.421680	0.000000	0.000000	0.000000
41	tsk_41	(x)	1	:	0.000000	0.040461	0.000000	0.420288	0.000000	0.000000	0.539251
42	tsk_42	(x)	1	:	0.000000	0.108030	0.000000	0.423849	0.000000	0.000000	0.468121
43	tsk_43	(x)	1	:	0.000000	0.000000	0.000000	0.000000	0.541238	0.000000	0.458762
44	tsk_44	(x)	1	:	0.000000	0.072461	0.000000	0.422888	0.000023	0.504628	0.000000
45	tsk_45	(x)	1	:	0.000000	0.073536	0.000000	0.422949	0.503515	0.000000	0.000000
46	tsk_46	(x)	1	:	0.000000	0.000306	0.000000	0.999694	0.000000	0.000000	0.000000
47	tsk_47	(x)	1	:	0.000000	0.073287	0.000000	0.423168	0.503545	0.000000	0.000000
48	tsk_48	(x)	1	:	0.000000	0.108046	0.000000	0.423834	0.000000	0.000000	0.468119
49	tsk_49	(x)	1	:	0.000000	0.000000	0.000000	0.000000	1.000000	0.000000	0.000000
50	tsk_50	(x)	1	:	0.000000	0.000000	0.000000	0.000000	0.498225	0.000000	0.501775
51	tsk_51	(x)	1	:	0.000000	0.000000	0.000000	0.000000	0.055439	0.442213	0.502348
52	tsk_52	(x)	1	:	0.000000	0.000000	0.000000	0.000000	0.541238	0.000000	0.458762
53	tsk_53	(x)	1	:	0.000000	0.000112	0.000000	0.547006	0.000000	0.000000	0.452882
54	tsk_54	(x)	1	:	0.000000	0.000000	0.000000	0.000000	0.000000	0.000000	1.000000
55	tsk_55	(x)	1	:	0.000000	0.000000	0.000000	0.000000	0.458229	0.000000	0.541771
56	tsk_56	(x)	1	:	0.000000	0.000000	0.000000	0.000000	0.000000	0.000000	1.000000
57	tsk_57	(x)	1	:	0.000000	0.494907	0.000000	0.000004	0.000000	0.000000	0.505088
58	tsk_58	(x)	1	:	0.000000	0.000000	0.000000	0.000000	0.000000	0.000000	1.000000
59	tsk_59	(x)	1	:	0.000000	0.000156	0.000000	0.517971	0.481874	0.000000	0.000000
60	tsk_60	(x)	1	:	0.000000	0.000000	0.000000	0.000000	0.000000	1.000000	0.000000
61	tsk_61	(x)	1	:	0.000000	0.483153	0.516844	0.000003	0.000000	0.000000	0.000000
62	tsk_62	(x)	1	:	0.000000	0.000000	0.000000	0.000000	0.495724	0.504276	0.000000
63	tsk_63	(x)	1	:	0.000000	0.000000	0.000000	0.000000	0.000022	0.497147	0.502831
64	tsk_64	(x)	1	:	0.000000	0.072338	0.000000	0.422999	0.000023	0.504640	0.000000
65	tsk_65	(x)	1	:	0.000000	0.000000	0.000000	0.000000	0.000000	1.000000	0.000000
66	tsk_66	(x)	1	:	0.000000	0.072829	0.000000	0.422557	0.000020	0.504593	0.000000
67	tsk_67	(x)	1	:	0.000000	0.495093	0.000000	0.000002	0.000029	0.504876	0.000000
68	tsk_68	(x)	1	:	0.000000	0.000000	0.000000	0.000000	0.000000	1.000000	0.000000
69	tsk_69	(x)	1	:	0.000000	0.000000	0.000000	0.000000	0.000000	1.000000	0.000000
70	tsk_70	(x)	1	:	0.000000	0.000000	1.000000	0.000000	0.000000	0.000000	0.000000
71	tsk_71	(x)	1	:	0.000000	0.000000	1.000000	0.000000	0.000000	0.000000	0.000000
72	tsk_72	(x)	1	:	0.000000	0.000000	0.481342	0.000000	0.000000	0.518658	0.000000
73	tsk_73	(x)	1	:	0.000000	0.000000	0.505422	0.000000	0.000012	0.494566	0.000000
74	tsk_74	(x)	1	:	0.000000	0.003011	0.498610	0.000000	0.000000	0.000000	0.498378
75	tsk_75	(x)	1	:	0.000000	0.000011	0.537503	0.000000	0.000000	0.000000	0.462486
76	tsk_76	(x)	1	:	0.000000	0.000081	0.441167	0.000000	0.000000	0.000000	0.558752
77	tsk_77	(x)	1	:	0.000000	0.000011	0.537503	0.000000	0.000000	0.000000	0.462486
78	tsk_78	(x)	1	:	0.000000	0.000001	0.505422	0.000000	0.000012	0.494566	0.000000
79	tsk_79	(x)	1	:	0.000000	0.000001	0.505422	0.000000	0.000011	0.494566	0.000000
80	tsk_80	(x)	1	:	0.000000	0.460133	0.000000	0.000011	0.000000	0.000000	0.539856
81	tsk_81	(x)	1	:	0.000000	0.073334	0.000000	0.423126	0.503540	0.000000	0.000000
82	tsk_82	(x)	1	:	0.000000	0.357190	0.000000	0.642810	0.000000	0.000000	0.000000
83	tsk_83	(x)	1	:	0.480088	0.000001	0.000000	0.000000	0.000000	0.000000	0.519911
84	tsk_84	(x)	1	:	0.000000	0.460140	0.000000	0.000005	0.000000	0.000000	0.539855
85	tsk_85	(x)	1	:	0.480088	0.000001	0.000000	0.000000	0.000000	0.000000	0.519911
86	tsk_86	(x)	1	:	0.000000	0.511613	0.000000	0.000005	0.000339	0.488043	0.000000
87	tsk_87	(x)	1	:	0.000000	0.357190	0.000000	0.642810	0.000000	0.000000	0.000000
88	tsk_88	(x)	1	:	0.000000	0.574756	0.000000	0.425244	0.000000	0.000000	0.000000
89	tsk_89	(x)	1	:	0.480087	0.000002	0.000000	0.000000	0.000000	0.000000	0.519910
90	tsk_90	(x)	1	:	0.000000	0.000000	0.000000	0.000000	0.000000	0.000000	1.000000
91	tsk_91	(x)	1	:	0.510799	0.000000	0.000000	0.000000	0.000000	0.000000	0.489201
92	tsk_92	(x)	1	:	0.000000	0.000024	0.532931	0.000000	0.000000	0.000000	0.467045
93	tsk_93	(x)	1	:	0.000000	0.000000	1.000000	0.000000	0.000000	0.000000	0.000000
94	tsk_94	(x)	1	:	0.000000	0.000000	0.472999	0.000000	0.000000	0.000000	0.527001
95	tsk_95	(x)	1	:	0.000000	0.000002	0.501673	0.000000	0.000016	0.498309	0.000000
96	tsk_96	(x)	1	:	0.505491	0.000000	0.000000	0.000000	0.494509	0.000000	0.000000
97	tsk_97	(x)	1	:	0.509804	0.490173	0.000000	0.000023	0.000000	0.000000	0.000000
98	tsk_98	(x)	1	:	0.000000	0.000002	0.501673	0.000000	0.000017	0.498309	0.000000
99	tsk_99	(x)	1	:	0.000000	0.483152	0.516844	0.000003	0.000000	0.000000	0.000000
100	tsk_100	(x)	1	:	0.000000	0.000000	0.000000	0.000000	0.024087	0.975913	0.000000
101	tsk_101	(x)	1	:	0.000000	0.000003	0.513702	0.000000	0.000315	0.485980	0.000000
102	tsk_102	(x)	1	:	0.000000	0.000001	0.519302	0.000000	0.000278	0.480419	0.000000
103	tsk_103	(x)	1	:	0.000000	0.574765	0.000000	0.425235	0.000000	0.000000	0.000000
104	tsk_104	(x)	1	:	0.000000	0.491189	0.000000	0.000003	0.000000	0.000000	0.508808
105	tsk_105	(x)	1	:	0.000000	0.491191	0.000000	0.000002	0.000000	0.000000	0.508807
106	tsk_106	(x)	1	:	0.000000	0.108048	0.000000	0.423832	0.000000	0.000000	0.468119
107	tsk_107	(x)	1	:	0.505860	0.000000	0.494140	0.000000	0.000000	0.000000	0.000000
108	tsk_108	(x)	1	:	0.000000	0.000733	0.488122	0.000000	0.000612	0.510533	0.000000
109	tsk_109	(x)	1	:	0.000000	0.000000	0.000000	0.000000	0.000000	0.000000	1.000000
110	tsk_110	(x)	1	:	0.000000	0.000000	0.000000	0.000000	0.000000	0.000000	1.000000
111	tsk_111	(x)	1	:	0.000000	0.000000	0.000000	1.000000	0.000000	0.000000	0.000000
112	tsk_112	(x)	1	:	0.000000	0.072121	0.000000	0.423062	0.000000	0.000000	0.504817
113	tsk_113	(x)	1	:	0.000000	0.459615	0.000000	0.000001	0.000000	0.000000	0.540384
114	tsk_114	(x)	1	:	0.000000	0.357190	0.000000	0.642810	0.000000	0.000000	0.000000
115	tsk_115	(x)	1	:	0.000000	0.000001	0.000000	0.999999	0.000000	0.000000	0.000000
116	tsk_116	(x)	1	:	0.000000	0.496173	0.000000	0.000004	0.503824	0.000000	0.000000
117	tsk_117	(x)	1	:	0.000000	0.357190	0.000000	0.642810	0.000000	0.000000	0.000000
118	tsk_118	(x)	1	:	0.000000	0.000073	0.470327	0.000000	0.000000	0.000000	0.529600
119	tsk_119	(x)	1	:	0.000000	0.041922	0.000000	0.418523	0.000000	0.000000	0.539555
120	tsk_120	(x)	1	:	0.000000	0.000001	0.000000	0.999999	0.000000	0.000000	0.000000
121	tsk_121	(x)	1	:	0.000000	0.003458	0.500252	0.000000	0.053926	0.442363	0.000000
122	tsk_122	(x)	1	:	0.000000	0.000118	0.477286	0.522595	0.000000	0.000000	0.000000
123	tsk_123	(x)	1	:	0.000000	0.000000	0.000000	1.000000	0.000000	0.000000	0.000000
124	tsk_124	(x)	1	:	0.513217	0.000001	0.000000	0.486782	0.000000	0.000000	0.000000
125	tsk_125	(x)	1	:	0.000000	0.000054	0.000000	0.491929	0.000000	0.508016	0.000000
126	tsk_126	(x)	1	:	0.493572	0.000001	0.000000	0.506427	0.000000	0.000000	0.000000
127	tsk_127	(x)	1	:	1.000000	0.000000	0.000000	0.000000	0.000000	0.000000	0.000000
128	tsk_128	(x)	1	:	0.000000	0.000006	0.000000	0.488900	0.000000	0.000000	0.511095
129	tsk_129	(x)	1	:	0.000000	0.145493	0.430514	0.423993	0.000000	0.000000	0.000000
130	tsk_130	(x)	1	:	0.000000	0.000000	0.000000	0.000000	0.000000	0.000000	1.000000
131	tsk_131	(x)	1	:	0.485989	0.000001	0.000000	0.000000	0.514010	0.000000	0.000000
132	tsk_132	(x)	1	:	0.000000	0.000000	0.000000	0.000000	0.000000	0.000000	1.000000
133	tsk_133	(x)	1	:	0.000000	0.000000	0.479683	0.000000	0.000000	0.000000	0.520317
134	tsk_134	(x)	1	:	0.000000	0.496166	0.000000	0.000010	0.503824	0.000000	0.000000
135	tsk_135	(x)	1	:	0.000000	0.000000	0.506832	0.000000	0.000000	0.000000	0.493168
136	tsk_136	(x)	1	:	0.000000	0.000000	0.000000	0.000000	0.000000	0.000000	1.000000
137	tsk_137	(x)	1	:	0.493784	0.000400	0.000000	0.000000	0.000000	0.000000	0.505816
138	tsk_138	(x)	1	:	0.000000	0.496171	0.000000	0.000005	0.503824	0.000000	0.000000
139	tsk_139	(x)	1	:	0.000000	0.000087	0.469857	0.000000	0.530056	0.000000	0.000000
140	tsk_140	(x)	1	:	0.482319	0.093892	0.000000	0.423789	0.000000	0.000000	0.000000
141	tsk_141	(x)	1	:	0.000000	0.072655	0.000000	0.422714	0.000021	0.504610	0.000000
142	tsk_142	(x)	1	:	0.000000	0.000000	1.000000	0.000000	0.000000	0.000000	0.000000
143	tsk_143	(x)	1	:	0.000000	0.145559	0.430499	0.423942	0.000000	0.000000	0.000000
144	tsk_144	(x)	1	:	0.000000	0.569077	0.430919	0.000003	0.000000	0.000000	0.000000
145	tsk_145	(x)	1	:	0.000000	0.000334	0.000000	0.999666	0.000000	0.000000	0.000000
146	tsk_146	(x)	1	:	0.000000	0.000274	0.000000	0.999726	0.000000	0.000000	0.000000
147	tsk_147	(x)	1	:	0.481523	0.000000	0.000000	0.000000	0.000000	0.000000	0.518476
148	tsk_148	(x)	1	:	0.000000	0.000000	1.000000	0.000000	0.000000	0.000000	0.000000
149	tsk_149	(x)	1	:	0.000000	0.569079	0.430919	0.000002	0.000000	0.000000	0.000000
