logL = -1313.827422 (converged)
AIC = 4147.654845
BIC = 6435.737668

count.K
52 59 21 12 6 

