0	tsk_0	(x)	1	:	0.000000	0.000000	0.000000	0.000000	0.474784	0.000000	0.144377	0.000000	0.000000	0.076097	0.000000	0.000000	0.000000	0.000000	0.304741
1	tsk_1	(x)	1	:	0.000000	0.000000	0.000000	0.500000	0.000000	0.000000	0.180132	0.000000	0.000000	0.098077	0.000000	0.000000	0.000000	0.000000	0.221790
2	tsk_2	(x)	1	:	0.000000	0.000000	0.000000	0.500123	0.475037	0.000000	0.007533	0.000000	0.000000	0.006797	0.000000	0.000000	0.000000	0.000000	0.010509
3	tsk_3	(x)	1	:	0.000000	0.000000	0.000000	1.000000	0.000000	0.000000	0.000000	0.000000	0.000000	0.000000	0.000000	0.000000	0.000000	0.000000	0.000000
4	tsk_4	(x)	1	:	0.000000	0.000000	0.000000	0.499995	0.000000	0.326337	0.000000	0.000000	0.000000	0.000000	0.000000	0.173668	0.000000	0.000000	0.000000
5	tsk_5	(x)	1	:	0.000000	0.000000	0.000000	0.500000	0.000000	0.000000	0.104998	0.000000	0.000000	0.166042	0.000000	0.000000	0.000000	0.000000	0.228960
6	tsk_6	(x)	1	:	0.000000	0.000000	0.000000	0.500000	0.000000	0.000000	0.216159	0.000000	0.000000	0.214704	0.000000	0.000000	0.000000	0.000000	0.069136
7	tsk_7	(x)	1	:	0.000000	0.422872	0.058610	0.000000	0.000000	0.000000	0.000000	0.000000	0.000000	0.000000	0.000000	0.518517	0.000000	0.000000	0.000000
8	tsk_8	(x)	1	:	0.000000	0.000000	0.000000	0.500106	0.475001	0.000000	0.011983	0.000000	0.000000	0.007499	0.000000	0.000000	0.000000	0.000000	0.005411
9	tsk_9	(x)	1	:	0.000000	0.423366	0.051611	0.000000	0.000000	0.000000	0.187187	0.000000	0.000000	0.173931	0.000000	0.000000	0.000000	0.000000	0.163905
10	tsk_10	(x)	1	:	0.000000	0.000000	0.485402	0.000000	0.000000	0.000000	0.000000	0.000000	0.000000	0.000000	0.000000	0.000000	0.514598	0.000000	0.000000
11	tsk_11	(x)	1	:	0.000000	0.000000	0.474045	0.000000	0.000000	0.000000	0.237288	0.000000	0.000000	0.151707	0.000000	0.000000	0.000000	0.000000	0.136959
12	tsk_12	(x)	1	:	0.000000	0.561494	0.000000	0.000000	0.000000	0.000000	0.114576	0.000000	0.000000	0.136532	0.000000	0.000000	0.000000	0.000000	0.187397
13	tsk_13	(x)	1	:	0.000000	0.000000	0.474045	0.000000	0.000000	0.000000	0.110586	0.000000	0.000000	0.210660	0.000000	0.000000	0.000000	0.000000	0.204708
14	tsk_14	(x)	1	:	0.000000	0.000000	0.000000	0.500000	0.000000	0.000000	0.167841	0.000000	0.000000	0.115592	0.000000	0.000000	0.000000	0.000000	0.216566
15	tsk_15	(x)	1	:	0.000000	0.000000	0.000000	0.000000	0.000000	0.000000	0.249554	0.000000	0.000000	0.188075	0.000000	0.000000	0.000000	0.000000	0.562370
16	tsk_16	(x)	1	:	0.000000	0.000000	0.554744	0.000000	0.000000	0.000000	0.055163	0.000000	0.000000	0.097535	0.000000	0.000000	0.000000	0.000000	0.292558
17	tsk_17	(x)	1	:	0.000000	0.000000	0.474045	0.000000	0.000000	0.000000	0.131013	0.000000	0.000000	0.122005	0.000000	0.000000	0.000000	0.000000	0.272936
18	tsk_18	(x)	1	:	0.000000	0.000000	0.000000	0.000000	0.000000	0.000000	0.358048	0.000000	0.000000	0.221504	0.000000	0.000000	0.000000	0.000000	0.420448
19	tsk_19	(x)	1	:	0.000000	0.000000	0.000000	0.500000	0.000000	0.000000	0.195416	0.000000	0.000000	0.124197	0.000000	0.000000	0.000000	0.000000	0.180387
20	tsk_20	(x)	1	:	0.000000	0.552361	0.000000	0.000000	0.447638	0.000000	0.000001	0.000000	0.000000	0.000000	0.000000	0.000000	0.000000	0.000000	0.000000
21	tsk_21	(x)	1	:	0.000000	0.000000	0.000000	0.000000	0.474780	0.000000	0.340026	0.000000	0.000000	0.040611	0.000000	0.000000	0.000000	0.000000	0.144584
22	tsk_22	(x)	1	:	0.000000	0.000000	0.474045	0.000000	0.000000	0.000000	0.120377	0.000000	0.000000	0.197482	0.000000	0.000000	0.000000	0.000000	0.208095
23	tsk_23	(x)	1	:	0.000000	0.000000	0.000000	0.000000	0.000000	0.000000	0.092822	0.505268	0.000000	0.190407	0.000000	0.000000	0.000000	0.000000	0.211503
24	tsk_24	(x)	1	:	0.000000	0.552361	0.000000	0.000000	0.447637	0.000000	0.000002	0.000000	0.000000	0.000000	0.000000	0.000000	0.000000	0.000000	0.000000
25	tsk_25	(x)	1	:	0.000000	0.000000	0.000000	0.000000	0.474787	0.000000	0.199068	0.000000	0.000000	0.068596	0.000000	0.000000	0.000000	0.000000	0.257548
26	tsk_26	(x)	1	:	0.000000	0.000000	0.274157	0.000000	0.000000	0.000000	0.040528	0.000000	0.350465	0.277319	0.000000	0.000000	0.000000	0.000000	0.057531
27	tsk_27	(x)	1	:	0.000000	0.000000	0.000000	0.000000	0.000000	0.000000	0.425862	0.000000	0.000000	0.227268	0.000000	0.000000	0.000000	0.000000	0.346870
28	tsk_28	(x)	1	:	0.000000	0.000000	0.000000	0.000000	0.000000	0.000000	0.628480	0.000000	0.000000	0.147589	0.000000	0.000000	0.000000	0.000000	0.223931
29	tsk_29	(x)	1	:	0.000000	0.000000	0.135306	0.000000	0.000000	0.000000	0.282901	0.000000	0.000000	0.109838	0.000000	0.000000	0.000000	0.000000	0.471956
30	tsk_30	(x)	1	:	0.000000	0.000000	0.000000	0.000000	1.000000	0.000000	0.000000	0.000000	0.000000	0.000000	0.000000	0.000000	0.000000	0.000000	0.000000
31	tsk_31	(x)	1	:	0.000000	0.000000	0.000000	0.000000	0.474780	0.000000	0.239375	0.000000	0.000000	0.131699	0.000000	0.000000	0.000000	0.000000	0.154146
32	tsk_32	(x)	1	:	0.000000	0.000000	0.000000	0.000000	0.474786	0.000000	0.315495	0.000000	0.000000	0.023691	0.000000	0.000000	0.000000	0.000000	0.186029
33	tsk_33	(x)	1	:	0.000000	0.000000	0.000000	0.000000	0.473675	0.000000	0.034198	0.472494	0.000000	0.007838	0.000000	0.000000	0.000000	0.000000	0.011795
34	tsk_34	(x)	1	:	0.000000	0.000000	0.000000	0.000000	0.581537	0.000000	0.256888	0.000000	0.000000	0.050717	0.000000	0.000000	0.000000	0.000000	0.110858
35	tsk_35	(x)	1	:	0.000000	0.000000	0.542708	0.000000	0.457211	0.000000	0.000046	0.000000	0.000000	0.000021	0.000000	0.000000	0.000000	0.000000	0.000014
36	tsk_36	(x)	1	:	0.000000	0.000000	0.000000	0.000000	0.475785	0.000000	0.005090	0.505618	0.000000	0.001994	0.000000	0.000000	0.000000	0.000000	0.011513
37	tsk_37	(x)	1	:	0.000000	0.474602	0.000000	0.000000	0.525398	0.000000	0.000000	0.000000	0.000000	0.000000	0.000000	0.000000	0.000000	0.000000	0.000000
38	tsk_38	(x)	1	:	0.000000	0.000000	0.000000	0.000000	0.475934	0.000000	0.008748	0.505669	0.000000	0.001601	0.000000	0.000000	0.000000	0.000000	0.008048
39	tsk_39	(x)	1	:	0.000000	0.000000	0.000000	0.000000	1.000000	0.000000	0.000000	0.000000	0.000000	0.000000	0.000000	0.000000	0.000000	0.000000	0.000000
40	tsk_40	(x)	1	:	0.000000	0.513049	0.000000	0.000000	0.000000	0.000000	0.000000	0.000000	0.000000	0.000000	0.000000	0.486951	0.000000	0.000000	0.000000
41	tsk_41	(x)	1	:	0.000000	1.000000	0.000000	0.000000	0.000000	0.000000	0.000000	0.000000	0.000000	0.000000	0.000000	0.000000	0.000000	0.000000	0.000000
42	tsk_42	(x)	1	:	0.000000	0.513049	0.000000	0.000000	0.000000	0.000000	0.000000	0.000000	0.000000	0.000000	0.000000	0.486951	0.000000	0.000000	0.000000
43	tsk_43	(x)	1	:	0.000000	1.000000	0.000000	0.000000	0.000000	0.000000	0.000000	0.000000	0.000000	0.000000	0.000000	0.000000	0.000000	0.000000	0.000000
44	tsk_44	(x)	1	:	0.000000	0.425053	0.574947	0.000000	0.000000	0.000000	0.000000	0.000000	0.000000	0.000000	0.000000	0.000000	0.000000	0.000000	0.000000
45	tsk_45	(x)	1	:	0.000000	0.000000	0.000000	0.000000	0.000000	0.000000	0.193629	0.505238	0.000000	0.200088	0.000000	0.000000	0.000000	0.000000	0.101044
46	tsk_46	(x)	1	:	0.000000	0.000000	0.000000	0.000000	0.000000	0.000000	0.000000	0.000000	0.000000	0.000000	0.000000	1.000000	0.000000	0.000000	0.000000
47	tsk_47	(x)	1	:	0.000000	0.000000	0.000000	0.000000	0.475113	0.000000	0.012736	0.000000	0.000000	0.004133	0.000000	0.500136	0.000000	0.000000	0.007882
48	tsk_48	(x)	1	:	0.000000	0.000000	0.473976	0.000000	0.474692	0.000000	0.026738	0.000000	0.000000	0.011586	0.000000	0.000000	0.000000	0.000000	0.013008
49	tsk_49	(x)	1	:	0.000000	0.000000	0.000000	0.000000	0.000000	0.000000	0.000000	0.502831	0.000000	0.000000	0.000000	0.497164	0.000000	0.000005	0.000000
50	tsk_50	(x)	1	:	0.000000	0.000000	0.000000	0.000000	0.000000	0.000000	0.097171	0.000000	0.526790	0.305155	0.000000	0.000000	0.000000	0.000000	0.070884
51	tsk_51	(x)	1	:	0.000000	0.000000	0.000000	0.000000	0.000000	0.000000	0.000000	0.000000	1.000000	0.000000	0.000000	0.000000	0.000000	0.000000	0.000000
52	tsk_52	(x)	1	:	0.000000	0.000000	0.000000	0.000000	0.000000	0.000000	0.000000	0.000000	1.000000	0.000000	0.000000	0.000000	0.000000	0.000000	0.000000
53	tsk_53	(x)	1	:	0.000000	0.000000	0.000000	0.000000	0.000000	0.000000	0.000000	0.000000	1.000000	0.000000	0.000000	0.000000	0.000000	0.000000	0.000000
54	tsk_54	(x)	1	:	0.000000	0.000000	0.069544	0.000000	0.000000	0.000000	0.141504	0.000000	0.405641	0.217827	0.000000	0.000000	0.000000	0.000000	0.165483
55	tsk_55	(x)	1	:	0.000000	0.000000	0.000000	0.000000	0.000000	0.000000	0.000000	0.491265	0.508735	0.000000	0.000000	0.000000	0.000000	0.000000	0.000000
56	tsk_56	(x)	1	:	0.403207	0.561412	0.000000	0.000000	0.000000	0.000000	0.010049	0.000000	0.000000	0.015253	0.000000	0.000000	0.000000	0.000000	0.010080
57	tsk_57	(x)	1	:	0.300255	0.000000	0.000000	0.000000	0.474609	0.000000	0.162786	0.000000	0.000000	0.027698	0.000000	0.000000	0.000000	0.000000	0.034652
58	tsk_58	(x)	1	:	0.000000	0.497448	0.000000	0.000000	0.000000	0.502552	0.000000	0.000000	0.000000	0.000000	0.000000	0.000000	0.000000	0.000000	0.000000
59	tsk_59	(x)	1	:	0.000000	0.556295	0.000000	0.000000	0.000000	0.000000	0.000000	0.000000	0.443705	0.000000	0.000000	0.000000	0.000000	0.000000	0.000000
60	tsk_60	(x)	1	:	0.000000	0.515399	0.000000	0.000000	0.000000	0.000000	0.199500	0.000000	0.000000	0.173251	0.000000	0.000000	0.000000	0.000000	0.111850
61	tsk_61	(x)	1	:	0.456836	0.000045	0.000000	0.000000	0.000000	0.000000	0.000000	0.000000	0.000000	0.000000	0.543119	0.000000	0.000000	0.000000	0.000000
62	tsk_62	(x)	1	:	0.000000	0.000000	0.000000	0.000000	0.000000	0.000000	0.071887	0.000000	0.000000	0.272086	0.535087	0.000000	0.000000	0.000000	0.120939
63	tsk_63	(x)	1	:	0.567976	0.000000	0.000000	0.000000	0.432024	0.000000	0.000000	0.000000	0.000000	0.000000	0.000000	0.000000	0.000000	0.000000	0.000000
64	tsk_64	(x)	1	:	0.000000	0.515398	0.000000	0.000000	0.000000	0.000000	0.225277	0.000000	0.000000	0.140852	0.000000	0.000000	0.000000	0.000000	0.118472
65	tsk_65	(x)	1	:	0.256249	0.000000	0.000000	0.000000	0.743751	0.000000	0.000000	0.000000	0.000000	0.000000	0.000000	0.000000	0.000000	0.000000	0.000000
66	tsk_66	(x)	1	:	0.000000	0.046544	0.000000	0.000000	0.000000	0.000000	0.000000	0.000000	0.000000	0.000000	0.953456	0.000000	0.000000	0.000000	0.000000
67	tsk_67	(x)	1	:	0.000000	0.000000	0.000000	0.500000	0.000000	0.000000	0.143431	0.000000	0.000000	0.157178	0.000000	0.000000	0.000000	0.000000	0.199392
68	tsk_68	(x)	1	:	0.404020	0.000000	0.000000	0.000000	0.000000	0.000000	0.179727	0.000000	0.000000	0.108424	0.000000	0.000000	0.000000	0.000000	0.307829
69	tsk_69	(x)	1	:	0.403922	0.000000	0.000000	0.500052	0.000000	0.000000	0.021618	0.000000	0.000000	0.026171	0.000000	0.000000	0.000000	0.000000	0.048237
70	tsk_70	(x)	1	:	0.000000	0.000000	0.000000	0.000000	0.481852	0.518148	0.000000	0.000000	0.000000	0.000000	0.000000	0.000000	0.000000	0.000000	0.000000
71	tsk_71	(x)	1	:	0.000000	0.000000	0.000000	0.000000	0.481852	0.518148	0.000000	0.000000	0.000000	0.000000	0.000000	0.000000	0.000000	0.000000	0.000000
72	tsk_72	(x)	1	:	0.403592	0.000000	0.000000	0.000000	0.000000	0.556057	0.017175	0.000000	0.000000	0.016458	0.000000	0.000000	0.000000	0.000000	0.006717
73	tsk_73	(x)	1	:	0.000000	0.422864	0.058636	0.000000	0.000000	0.326419	0.000000	0.000000	0.000000	0.000000	0.000000	0.192081	0.000000	0.000000	0.000000
74	tsk_74	(x)	1	:	0.000000	0.000000	0.000000	0.000000	0.474575	0.325998	0.013459	0.000000	0.000000	0.006932	0.000000	0.174020	0.000000	0.000001	0.005015
75	tsk_75	(x)	1	:	0.000000	0.000000	0.000000	0.000000	0.000000	0.316386	0.000000	0.000000	0.000000	0.000000	0.000000	0.182616	0.500998	0.000000	0.000000
76	tsk_76	(x)	1	:	0.000000	0.000000	0.000000	0.000000	0.000000	0.326426	0.157668	0.000000	0.000000	0.148333	0.000000	0.173556	0.000000	0.000000	0.194017
77	tsk_77	(x)	1	:	0.000000	0.000000	0.000000	0.000000	0.000000	1.000000	0.000000	0.000000	0.000000	0.000000	0.000000	0.000000	0.000000	0.000000	0.000000
78	tsk_78	(x)	1	:	0.000000	0.000000	0.000000	0.000000	0.000000	0.000000	0.247275	0.000000	0.000000	0.401943	0.000000	0.000000	0.000000	0.000000	0.350781
79	tsk_79	(x)	1	:	0.000000	0.000000	0.000000	0.000000	0.000000	0.000000	0.000000	0.437146	0.000000	0.000000	0.000000	0.000000	0.000000	0.562854	0.000000
80	tsk_80	(x)	1	:	0.000000	0.000000	0.000000	0.000000	0.000000	0.000000	0.117489	0.505235	0.000000	0.192632	0.000000	0.000000	0.000000	0.000000	0.184644
81	tsk_81	(x)	1	:	0.000000	0.000000	0.480517	0.000000	0.000000	0.326420	0.000000	0.000000	0.000000	0.000000	0.000000	0.193063	0.000000	0.000000	0.000000
82	tsk_82	(x)	1	:	0.403676	0.000000	0.000000	0.000000	0.000000	0.000000	0.067240	0.000000	0.000000	0.143501	0.000000	0.000000	0.000000	0.000000	0.385582
83	tsk_83	(x)	1	:	0.000000	0.000000	0.000000	0.000000	0.000000	0.000000	0.495947	0.000000	0.000000	0.151888	0.000000	0.000000	0.000000	0.000000	0.352165
84	tsk_84	(x)	1	:	0.000000	0.000000	0.000000	0.000000	0.000000	0.000000	0.112111	0.505272	0.000000	0.173999	0.000000	0.000000	0.000000	0.000000	0.208618
85	tsk_85	(x)	1	:	0.000000	0.000000	0.474045	0.000000	0.000000	0.000000	0.186826	0.000000	0.000000	0.202639	0.000000	0.000000	0.000000	0.000000	0.136490
86	tsk_86	(x)	1	:	0.000000	0.000000	0.550951	0.000000	0.000000	0.000000	0.000046	0.000000	0.000000	0.000135	0.000000	0.000000	0.000000	0.000000	0.448868
87	tsk_87	(x)	1	:	0.000000	0.000000	0.000000	0.000000	0.000000	0.000000	0.330176	0.000000	0.000000	0.204465	0.000000	0.000000	0.000000	0.000000	0.465359
88	tsk_88	(x)	1	:	0.000000	0.000000	0.000000	0.000000	0.000000	0.326420	0.090039	0.000000	0.000000	0.313553	0.000000	0.173564	0.000000	0.000000	0.096424
89	tsk_89	(x)	1	:	0.000000	0.000000	0.000000	0.000000	0.000000	0.000000	0.418056	0.000000	0.000000	0.047667	0.000000	0.000000	0.000000	0.000000	0.534277
90	tsk_90	(x)	1	:	0.000000	0.000000	0.000000	0.000000	0.000000	0.000000	0.113075	0.505253	0.000000	0.241780	0.000000	0.000000	0.000000	0.000000	0.139892
91	tsk_91	(x)	1	:	0.000000	0.000000	0.474215	0.000000	0.000000	0.000000	0.002195	0.505341	0.000000	0.012951	0.000000	0.000000	0.000000	0.000000	0.005298
92	tsk_92	(x)	1	:	0.000000	0.343099	0.656901	0.000000	0.000000	0.000000	0.000000	0.000000	0.000000	0.000000	0.000000	0.000000	0.000000	0.000000	0.000000
93	tsk_93	(x)	1	:	0.000000	0.000000	0.000000	0.000000	0.475722	0.000000	0.008930	0.505596	0.000000	0.000000	0.000000	0.000000	0.000000	0.000000	0.009752
94	tsk_94	(x)	1	:	0.000000	0.000000	0.000000	0.000000	0.475636	0.000000	0.009390	0.505567	0.000000	0.003800	0.000000	0.000000	0.000000	0.000000	0.005606
95	tsk_95	(x)	1	:	0.000000	0.000000	0.000000	0.000000	1.000000	0.000000	0.000000	0.000000	0.000000	0.000000	0.000000	0.000000	0.000000	0.000000	0.000000
96	tsk_96	(x)	1	:	0.000000	0.422872	0.058611	0.000000	0.000000	0.000000	0.000000	0.000000	0.000000	0.000000	0.000000	0.518517	0.000000	0.000000	0.000000
97	tsk_97	(x)	1	:	0.000000	0.000000	0.000000	0.000000	0.474783	0.000000	0.297143	0.000000	0.000000	0.085162	0.000000	0.000000	0.000000	0.000000	0.142912
98	tsk_98	(x)	1	:	0.000000	0.000000	0.474210	0.000000	0.000000	0.000000	0.003550	0.505339	0.000000	0.013859	0.000000	0.000000	0.000000	0.000000	0.003042
99	tsk_99	(x)	1	:	0.000000	0.000000	0.000000	0.000000	0.475994	0.000000	0.004586	0.505688	0.000000	0.006706	0.000000	0.000000	0.000000	0.000000	0.007025
100	tsk_100	(x)	1	:	0.000000	0.000000	0.069816	0.000000	0.000000	0.000000	0.062853	0.000000	0.405440	0.360724	0.000000	0.000000	0.000000	0.000000	0.101166
101	tsk_101	(x)	1	:	0.000000	0.000000	0.000000	0.000000	0.000000	0.000000	0.422831	0.000000	0.000000	0.177401	0.000000	0.000000	0.000000	0.000000	0.399768
102	tsk_102	(x)	1	:	0.000000	0.016255	0.000000	0.000000	0.000000	0.000000	0.145292	0.000000	0.000000	0.090888	0.472247	0.000000	0.000000	0.000000	0.275318
103	tsk_103	(x)	1	:	0.000000	0.000000	0.000000	0.000000	0.000000	0.000000	0.309309	0.000000	0.000000	0.144924	0.000000	0.000000	0.000000	0.000000	0.545767
104	tsk_104	(x)	1	:	0.000000	0.000000	0.000000	0.000000	0.000000	0.000000	0.205254	0.000000	0.000000	0.104122	0.000000	0.000000	0.000000	0.000000	0.690623
105	tsk_105	(x)	1	:	0.000000	0.000000	0.000000	0.000000	0.000000	0.000000	0.153527	0.000000	0.000000	0.094267	0.000000	0.000000	0.000000	0.000000	0.752206
106	tsk_106	(x)	1	:	0.000000	0.000000	0.000000	0.000000	0.000000	0.000000	0.365818	0.000000	0.000000	0.056600	0.000000	0.000000	0.000000	0.000000	0.577581
107	tsk_107	(x)	1	:	0.000000	0.000000	0.000000	0.500000	0.000000	0.000000	0.211109	0.000000	0.000000	0.134245	0.000000	0.000000	0.000000	0.000000	0.154646
108	tsk_108	(x)	1	:	0.000000	0.000000	0.000000	0.000000	0.000000	0.556070	0.092862	0.000000	0.000000	0.245852	0.000000	0.000000	0.000000	0.000000	0.105217
109	tsk_109	(x)	1	:	0.000000	0.000000	0.000000	0.000000	0.000000	0.000000	0.387099	0.000000	0.000000	0.186327	0.000000	0.000000	0.000000	0.000000	0.426575
110	tsk_110	(x)	1	:	0.000000	0.423199	0.051899	0.000000	0.000000	0.000000	0.176596	0.000000	0.000000	0.239160	0.000000	0.000000	0.000000	0.000000	0.109145
111	tsk_111	(x)	1	:	0.000000	0.000000	0.000000	0.000000	0.000000	0.000000	0.204910	0.000000	0.000000	0.220721	0.000000	0.000000	0.000000	0.000000	0.574370
112	tsk_112	(x)	1	:	0.000000	0.000000	0.000000	0.000000	0.000000	0.000000	0.325971	0.000000	0.000000	0.137663	0.000000	0.000000	0.000000	0.000000	0.536366
113	tsk_113	(x)	1	:	0.000000	0.000000	0.000000	0.484792	0.000000	0.515208	0.000000	0.000000	0.000000	0.000000	0.000000	0.000000	0.000000	0.000000	0.000000
114	tsk_114	(x)	1	:	0.471467	0.000000	0.000000	0.000000	0.000000	0.000000	0.000000	0.000000	0.000000	0.000000	0.000000	0.000000	0.528533	0.000000	0.000000
115	tsk_115	(x)	1	:	0.000000	0.000000	0.000000	0.000000	0.000000	0.000000	0.263434	0.000000	0.000000	0.044288	0.000000	0.000000	0.504015	0.000000	0.188263
116	tsk_116	(x)	1	:	0.000000	0.000000	0.000000	0.000000	0.000000	0.000000	0.311164	0.000000	0.000000	0.039150	0.000000	0.000000	0.504056	0.000000	0.145630
117	tsk_117	(x)	1	:	0.000000	0.000000	0.000000	0.000000	0.000000	0.000000	0.281564	0.000000	0.000000	0.219046	0.000000	0.000000	0.000000	0.000000	0.499390
118	tsk_118	(x)	1	:	0.000000	0.000000	0.000000	0.000000	0.000000	0.515194	0.188021	0.000000	0.000000	0.163930	0.000000	0.000000	0.000000	0.000000	0.132854
119	tsk_119	(x)	1	:	0.000000	0.423023	0.052205	0.000000	0.000000	0.000000	0.112799	0.000000	0.000000	0.297509	0.000000	0.000000	0.000000	0.000000	0.114464
120	tsk_120	(x)	1	:	0.402880	0.000000	0.000000	0.000000	0.000000	0.326475	0.028800	0.000000	0.000000	0.038417	0.000000	0.173338	0.000000	0.000000	0.030091
121	tsk_121	(x)	1	:	0.000000	0.552723	0.000000	0.000000	0.000000	0.326457	0.000000	0.000000	0.000000	0.000000	0.000000	0.120820	0.000000	0.000000	0.000000
122	tsk_122	(x)	1	:	0.000000	0.000000	0.000000	0.499994	0.000000	0.326334	0.000000	0.000000	0.000000	0.000000	0.000000	0.173672	0.000000	0.000000	0.000000
123	tsk_123	(x)	1	:	0.000000	0.000000	0.000000	0.000000	0.000000	1.000000	0.000000	0.000000	0.000000	0.000000	0.000000	0.000000	0.000000	0.000000	0.000000
124	tsk_124	(x)	1	:	0.403981	0.000000	0.000000	0.000000	0.000000	0.000000	0.261815	0.000000	0.000000	0.124509	0.000000	0.000000	0.000000	0.000000	0.209694
125	tsk_125	(x)	1	:	0.000000	0.000000	0.000000	0.499952	0.000000	0.326147	0.000000	0.000000	0.000000	0.000000	0.000000	0.173901	0.000000	0.000000	0.000000
126	tsk_126	(x)	1	:	0.000000	0.000000	0.000000	0.000000	0.000000	0.326448	0.202207	0.000000	0.000000	0.124587	0.000000	0.173527	0.000000	0.000000	0.173230
127	tsk_127	(x)	1	:	1.000000	0.000000	0.000000	0.000000	0.000000	0.000000	0.000000	0.000000	0.000000	0.000000	0.000000	0.000000	0.000000	0.000000	0.000000
128	tsk_128	(x)	1	:	0.000000	0.000000	0.000000	0.000000	0.000000	0.000000	0.253750	0.000000	0.000000	0.314339	0.000000	0.000000	0.000000	0.000000	0.431911
129	tsk_129	(x)	1	:	0.000000	0.000000	0.474080	0.000000	0.000000	0.000000	0.001489	0.505273	0.000000	0.017348	0.000000	0.000000	0.000000	0.000000	0.001810
130	tsk_130	(x)	1	:	0.403616	0.000000	0.000000	0.000000	0.000000	0.000000	0.159137	0.000000	0.000000	0.095583	0.000000	0.000000	0.000000	0.000000	0.341664
131	tsk_131	(x)	1	:	0.000000	0.000000	0.000000	0.500000	0.000000	0.000000	0.159341	0.000000	0.000000	0.163529	0.000000	0.000000	0.000000	0.000000	0.177130
132	tsk_132	(x)	1	:	0.000000	0.000000	0.475176	0.000000	0.000000	0.000000	0.005419	0.505830	0.000000	0.005923	0.000000	0.000000	0.000000	0.000000	0.007653
133	tsk_133	(x)	1	:	0.000000	0.000000	0.474045	0.000000	0.000000	0.000000	0.000000	0.000000	0.000000	0.266071	0.000000	0.000000	0.000000	0.000000	0.259883
134	tsk_134	(x)	1	:	0.000000	0.423120	0.052037	0.000000	0.000000	0.000000	0.057659	0.000000	0.000000	0.233093	0.000000	0.000000	0.000000	0.000000	0.234091
135	tsk_135	(x)	1	:	0.000000	1.000000	0.000000	0.000000	0.000000	0.000000	0.000000	0.000000	0.000000	0.000000	0.000000	0.000000	0.000000	0.000000	0.000000
136	tsk_136	(x)	1	:	0.000000	0.000000	0.000000	0.000000	0.000000	0.000000	0.596274	0.000000	0.000000	0.188880	0.000000	0.000000	0.000000	0.000000	0.214846
137	tsk_137	(x)	1	:	0.000000	0.422865	0.052478	0.524657	0.000000	0.000000	0.000000	0.000000	0.000000	0.000000	0.000000	0.000000	0.000000	0.000000	0.000000
138	tsk_138	(x)	1	:	0.000000	0.422528	0.053231	0.000000	0.000000	0.000000	0.002726	0.505353	0.000000	0.014521	0.000000	0.000000	0.000000	0.000000	0.001642
139	tsk_139	(x)	1	:	0.404032	0.000000	0.000000	0.000000	0.000000	0.000000	0.069797	0.000000	0.000000	0.127489	0.000000	0.000000	0.000000	0.000000	0.398683
140	tsk_140	(x)	1	:	0.000000	0.000000	0.000000	0.000000	0.000000	0.326436	0.127918	0.000000	0.000000	0.187458	0.000000	0.173543	0.000000	0.000000	0.184645
141	tsk_141	(x)	1	:	0.000000	0.000000	0.000000	0.000000	0.000000	0.326435	0.249441	0.000000	0.000000	0.029423	0.000000	0.173545	0.000000	0.000000	0.221156
142	tsk_142	(x)	1	:	0.000000	0.000000	0.000000	0.000000	0.000000	0.000000	0.471258	0.000000	0.000000	0.230049	0.000000	0.000000	0.000000	0.000000	0.298694
143	tsk_143	(x)	1	:	0.000000	0.000000	0.000000	0.000000	0.000000	0.000000	0.268847	0.000000	0.000000	0.201959	0.000000	0.000000	0.000000	0.000000	0.529193
144	tsk_144	(x)	1	:	0.000000	0.000000	0.000000	0.000000	0.000000	0.000000	0.377392	0.000000	0.000000	0.035860	0.000000	0.500000	0.000000	0.000000	0.086748
145	tsk_145	(x)	1	:	0.000000	0.000000	0.000000	0.000000	0.000000	0.000000	0.251701	0.000000	0.000000	0.250498	0.000000	0.000000	0.000000	0.000000	0.497801
146	tsk_146	(x)	1	:	0.000000	0.000000	0.000000	0.000000	0.000000	0.000000	0.159185	0.000000	0.000000	0.168525	0.000000	0.000000	0.000000	0.000000	0.672290
147	tsk_147	(x)	1	:	0.000000	0.000000	0.000000	0.000000	0.000000	0.000000	0.252113	0.000000	0.000000	0.157227	0.000000	0.000000	0.000000	0.000000	0.590660
148	tsk_148	(x)	1	:	0.000000	0.000000	0.000000	0.000000	0.000000	0.000000	0.486651	0.000000	0.000000	0.340219	0.000000	0.000000	0.000000	0.000000	0.173129
149	tsk_149	(x)	1	:	0.000000	0.000000	0.000000	0.000000	0.000000	0.000000	0.460927	0.000000	0.000000	0.290435	0.000000	0.000000	0.000000	0.000000	0.248637
