0	tsk_0	(x)	1	:	0.000000	0.000000	0.000000	0.000000	0.000000	0.000000	0.000000	0.000000	0.000000	0.000000	0.965870	0.000000	0.000000	0.034130
1	tsk_1	(x)	1	:	0.000000	0.000000	0.000000	0.498690	0.000000	0.000000	0.000000	0.000000	0.000000	0.000000	0.393533	0.000000	0.000000	0.107777
2	tsk_2	(x)	1	:	0.000000	0.000000	0.000000	0.343965	0.000000	0.000000	0.000000	0.135615	0.000000	0.000000	0.293595	0.000000	0.000000	0.226825
3	tsk_3	(x)	1	:	0.000000	0.000000	0.000000	0.498690	0.000000	0.000000	0.000000	0.000000	0.000000	0.000000	0.338712	0.000000	0.000000	0.162598
4	tsk_4	(x)	1	:	0.000000	0.000000	0.000000	0.000000	0.000000	0.000000	0.000000	0.000000	0.000000	0.000000	0.976040	0.000000	0.000000	0.023960
5	tsk_5	(x)	1	:	0.000000	0.000000	0.000000	0.000000	0.000000	0.000000	0.514975	0.000000	0.000000	0.000000	0.208915	0.000000	0.000000	0.276110
6	tsk_6	(x)	1	:	0.000000	0.000000	0.000000	0.000000	0.000000	0.000000	0.000000	0.000000	0.000000	0.000000	0.613256	0.000000	0.000000	0.386744
7	tsk_7	(x)	1	:	0.000000	0.000000	0.000000	0.000000	0.000000	0.000000	0.000000	0.000000	0.000000	0.000000	0.924387	0.000000	0.000000	0.075613
8	tsk_8	(x)	1	:	0.000000	0.000000	0.000000	0.000000	0.000000	0.000000	0.000000	0.000000	0.000000	0.000000	1.000000	0.000000	0.000000	0.000000
9	tsk_9	(x)	1	:	0.000000	0.000000	0.000000	0.000000	0.000000	0.000000	0.535854	0.000000	0.000000	0.000000	0.239617	0.000000	0.000000	0.224528
10	tsk_10	(x)	1	:	0.000000	0.524206	0.099913	0.000000	0.000000	0.000000	0.000000	0.000000	0.000000	0.375881	0.000000	0.000000	0.000000	0.000000
11	tsk_11	(x)	1	:	0.000000	0.000000	0.499116	0.000000	0.000000	0.500884	0.000000	0.000000	0.000000	0.000000	0.000000	0.000000	0.000000	0.000000
12	tsk_12	(x)	1	:	0.000000	0.000000	0.000000	0.000000	0.000000	0.500258	0.000000	0.000000	0.000000	0.000000	0.179324	0.000000	0.000000	0.320419
13	tsk_13	(x)	1	:	0.000000	0.000000	0.000000	0.000000	0.000000	0.500258	0.000000	0.000000	0.000000	0.000000	0.187860	0.000000	0.000000	0.311882
14	tsk_14	(x)	1	:	0.000000	0.000000	0.123102	0.498114	0.000000	0.000000	0.000000	0.000000	0.000000	0.378784	0.000000	0.000000	0.000000	0.000000
15	tsk_15	(x)	1	:	0.000000	0.000000	0.501662	0.498338	0.000000	0.000000	0.000000	0.000000	0.000000	0.000000	0.000000	0.000000	0.000000	0.000000
16	tsk_16	(x)	1	:	0.000000	0.000000	0.499116	0.000000	0.000000	0.500884	0.000000	0.000000	0.000000	0.000000	0.000000	0.000000	0.000000	0.000000
17	tsk_17	(x)	1	:	0.000000	1.000000	0.000000	0.000000	0.000000	0.000000	0.000000	0.000000	0.000000	0.000000	0.000000	0.000000	0.000000	0.000000
18	tsk_18	(x)	1	:	0.000000	0.491821	0.000000	0.000000	0.000000	0.508179	0.000000	0.000000	0.000000	0.000000	0.000000	0.000000	0.000000	0.000000
19	tsk_19	(x)	1	:	0.000000	0.000000	1.000000	0.000000	0.000000	0.000000	0.000000	0.000000	0.000000	0.000000	0.000000	0.000000	0.000000	0.000000
20	tsk_20	(x)	1	:	0.000000	0.000000	0.498524	0.000000	0.000000	0.000000	0.000000	0.000000	0.501476	0.000000	0.000000	0.000000	0.000000	0.000000
21	tsk_21	(x)	1	:	0.000000	0.000000	0.000000	0.000000	1.000000	0.000000	0.000000	0.000000	0.000000	0.000000	0.000000	0.000000	0.000000	0.000000
22	tsk_22	(x)	1	:	0.000000	0.000000	0.000000	0.000000	0.000000	0.000000	0.000000	0.000000	0.000000	0.000000	0.853216	0.000000	0.000000	0.146784
23	tsk_23	(x)	1	:	0.000000	0.000000	0.000000	0.522245	0.477755	0.000000	0.000000	0.000000	0.000000	0.000000	0.000000	0.000000	0.000000	0.000000
24	tsk_24	(x)	1	:	0.000000	0.497326	0.000000	0.000000	0.000000	0.000000	0.000000	0.000000	0.000000	0.000000	0.216720	0.000000	0.000000	0.285953
25	tsk_25	(x)	1	:	0.000000	0.000000	0.000000	0.000000	0.469309	0.000000	0.000000	0.000000	0.530691	0.000000	0.000000	0.000000	0.000000	0.000000
26	tsk_26	(x)	1	:	0.000000	0.000000	0.000000	0.000000	0.492973	0.000000	0.000000	0.000000	0.000000	0.000000	0.152807	0.000000	0.000000	0.354220
27	tsk_27	(x)	1	:	0.000000	0.000000	0.000233	0.000000	0.000000	0.000000	0.000000	0.000000	0.499527	0.500241	0.000000	0.000000	0.000000	0.000000
28	tsk_28	(x)	1	:	0.000000	0.000000	0.000000	0.000000	0.000000	0.000000	0.000000	0.000000	0.000000	0.500718	0.427600	0.000000	0.000000	0.071682
29	tsk_29	(x)	1	:	0.000000	0.000000	0.511488	0.000000	0.488512	0.000000	0.000000	0.000000	0.000000	0.000000	0.000000	0.000000	0.000000	0.000000
30	tsk_30	(x)	1	:	0.000000	0.496251	0.503748	0.000000	0.000000	0.000000	0.000000	0.000000	0.000000	0.000000	0.000000	0.000000	0.000000	0.000000
31	tsk_31	(x)	1	:	0.000000	0.572196	0.000000	0.000000	0.000322	0.000000	0.000000	0.427482	0.000000	0.000000	0.000000	0.000000	0.000000	0.000000
32	tsk_32	(x)	1	:	0.000000	0.000000	1.000000	0.000000	0.000000	0.000000	0.000000	0.000000	0.000000	0.000000	0.000000	0.000000	0.000000	0.000000
33	tsk_33	(x)	1	:	0.000000	0.000000	1.000000	0.000000	0.000000	0.000000	0.000000	0.000000	0.000000	0.000000	0.000000	0.000000	0.000000	0.000000
34	tsk_34	(x)	1	:	0.000000	0.000000	1.000000	0.000000	0.000000	0.000000	0.000000	0.000000	0.000000	0.000000	0.000000	0.000000	0.000000	0.000000
35	tsk_35	(x)	1	:	0.000000	0.572241	0.000000	0.000000	0.000239	0.000000	0.000000	0.427520	0.000000	0.000000	0.000000	0.000000	0.000000	0.000000
36	tsk_36	(x)	1	:	0.000000	0.000000	0.000000	0.000000	0.000105	0.000000	0.000000	0.475761	0.000000	0.000000	0.199020	0.000000	0.000000	0.325113
37	tsk_37	(x)	1	:	0.000000	0.000000	0.499752	0.000000	0.000000	0.000000	0.000000	0.000000	0.000000	0.000000	0.233554	0.000000	0.000000	0.266694
38	tsk_38	(x)	1	:	0.000000	0.000000	0.488391	0.000000	0.000000	0.000000	0.000000	0.511609	0.000000	0.000000	0.000000	0.000000	0.000000	0.000000
39	tsk_39	(x)	1	:	0.000000	0.000000	0.486724	0.000000	0.000000	0.000000	0.513276	0.000000	0.000000	0.000000	0.000000	0.000000	0.000000	0.000000
40	tsk_40	(x)	1	:	0.000000	0.000000	0.000000	0.000000	0.000000	0.000000	0.000000	0.000000	0.000000	0.000000	0.933179	0.000000	0.000000	0.066821
41	tsk_41	(x)	1	:	0.000000	0.000000	0.000000	0.000000	0.000000	0.000000	0.000000	0.000000	0.000000	0.000000	0.595000	0.000000	0.000000	0.405000
42	tsk_42	(x)	1	:	0.000000	0.000000	0.000000	0.000000	0.000000	0.000000	0.000000	0.000000	0.000000	0.000000	0.754627	0.000000	0.000000	0.245373
43	tsk_43	(x)	1	:	0.000000	0.000000	0.000000	0.000000	0.000000	0.000000	0.000000	0.000000	0.000000	0.000000	0.799394	0.000000	0.000000	0.200606
44	tsk_44	(x)	1	:	0.000000	0.000000	0.000000	0.000000	0.493466	0.000000	0.000000	0.000000	0.000000	0.000000	0.016375	0.000000	0.478978	0.011181
45	tsk_45	(x)	1	:	0.000000	0.000000	0.000000	0.000000	0.000000	0.000000	0.000000	0.000000	0.000000	0.000000	0.755332	0.000000	0.000000	0.244668
46	tsk_46	(x)	1	:	0.000000	0.000000	0.000000	0.000000	0.000000	0.000000	0.000000	0.000000	0.000000	0.000000	0.779737	0.000000	0.000000	0.220263
47	tsk_47	(x)	1	:	0.000000	0.000000	0.000000	0.000000	0.000000	0.000000	0.000000	0.000000	0.000000	0.000000	0.834774	0.000000	0.000000	0.165225
48	tsk_48	(x)	1	:	0.000000	0.000000	0.499752	0.000000	0.000000	0.000000	0.000000	0.000000	0.000000	0.000000	0.316154	0.000000	0.000000	0.184094
49	tsk_49	(x)	1	:	0.000000	0.000000	0.000000	0.000000	0.000000	0.000000	0.000000	0.000000	0.000000	0.000000	0.464888	0.000000	0.473024	0.062088
50	tsk_50	(x)	1	:	0.000000	0.000000	0.000000	0.494896	0.000000	0.505104	0.000000	0.000000	0.000000	0.000000	0.000000	0.000000	0.000000	0.000000
51	tsk_51	(x)	1	:	0.000000	0.000000	0.488391	0.000000	0.000000	0.000000	0.000000	0.511609	0.000000	0.000000	0.000000	0.000000	0.000000	0.000000
52	tsk_52	(x)	1	:	0.000000	0.000000	0.488391	0.000000	0.000000	0.000000	0.000000	0.511609	0.000000	0.000000	0.000000	0.000000	0.000000	0.000000
53	tsk_53	(x)	1	:	0.000000	0.000000	0.000000	0.000000	0.000000	0.000000	0.000000	0.506322	0.000000	0.000000	0.278338	0.000000	0.000000	0.215340
54	tsk_54	(x)	1	:	0.000000	0.000000	1.000000	0.000000	0.000000	0.000000	0.000000	0.000000	0.000000	0.000000	0.000000	0.000000	0.000000	0.000000
55	tsk_55	(x)	1	:	0.000000	0.000000	0.499116	0.000000	0.000000	0.500884	0.000000	0.000000	0.000000	0.000000	0.000000	0.000000	0.000000	0.000000
56	tsk_56	(x)	1	:	0.000000	0.000000	0.000000	0.000000	0.000000	0.000000	0.000000	0.506383	0.000000	0.000000	0.011463	0.000000	0.473728	0.008426
57	tsk_57	(x)	1	:	0.000000	0.000000	0.000000	0.464717	0.000000	0.000000	0.000000	0.535283	0.000000	0.000000	0.000000	0.000000	0.000000	0.000000
58	tsk_58	(x)	1	:	0.000000	0.000000	0.000000	0.498690	0.000000	0.000000	0.000000	0.000000	0.000000	0.000000	0.285959	0.000000	0.000000	0.215352
59	tsk_59	(x)	1	:	0.000000	0.000000	0.000000	1.000000	0.000000	0.000000	0.000000	0.000000	0.000000	0.000000	0.000000	0.000000	0.000000	0.000000
60	tsk_60	(x)	1	:	0.000000	0.000000	0.497870	0.000000	0.000000	0.000000	0.000000	0.502130	0.000000	0.000000	0.000000	0.000000	0.000000	0.000000
61	tsk_61	(x)	1	:	0.000000	0.000000	0.000000	0.000000	0.000000	0.000000	0.000000	0.000000	0.000000	0.000000	1.000000	0.000000	0.000000	0.000000
62	tsk_62	(x)	1	:	0.000000	0.000000	0.000000	0.000000	0.000000	0.000000	0.000000	0.506322	0.000000	0.000000	0.300877	0.000000	0.000000	0.192801
63	tsk_63	(x)	1	:	0.000000	0.000000	0.000000	0.000000	0.000000	0.000000	0.000000	0.506322	0.000000	0.000000	0.347746	0.000000	0.000000	0.145931
64	tsk_64	(x)	1	:	0.000000	0.000000	1.000000	0.000000	0.000000	0.000000	0.000000	0.000000	0.000000	0.000000	0.000000	0.000000	0.000000	0.000000
65	tsk_65	(x)	1	:	0.000000	0.000000	0.000000	0.000000	0.000000	0.000000	0.000000	0.506322	0.000000	0.000000	0.308299	0.000000	0.000000	0.185379
66	tsk_66	(x)	1	:	0.000000	0.000000	1.000000	0.000000	0.000000	0.000000	0.000000	0.000000	0.000000	0.000000	0.000000	0.000000	0.000000	0.000000
67	tsk_67	(x)	1	:	0.000000	0.000000	0.000000	0.000000	0.000000	0.000000	0.000000	0.000000	0.000000	0.000000	0.875668	0.000000	0.000000	0.124332
68	tsk_68	(x)	1	:	0.000000	0.000000	0.488391	0.000000	0.000000	0.000000	0.000000	0.511609	0.000000	0.000000	0.000000	0.000000	0.000000	0.000000
69	tsk_69	(x)	1	:	0.000000	0.000000	0.488391	0.000000	0.000000	0.000000	0.000000	0.511609	0.000000	0.000000	0.000000	0.000000	0.000000	0.000000
70	tsk_70	(x)	1	:	0.000000	0.000000	0.499752	0.000000	0.000000	0.000000	0.000000	0.000000	0.000000	0.000000	0.268466	0.000000	0.000000	0.231781
71	tsk_71	(x)	1	:	0.000000	0.497326	0.000000	0.000000	0.000000	0.000000	0.000000	0.000000	0.000000	0.000000	0.227920	0.000000	0.000000	0.274753
72	tsk_72	(x)	1	:	0.000000	0.000000	0.543067	0.000000	0.000000	0.000000	0.000000	0.456933	0.000000	0.000000	0.000000	0.000000	0.000000	0.000000
73	tsk_73	(x)	1	:	0.000000	0.469085	0.000000	0.000000	0.000000	0.000000	0.000000	0.530915	0.000000	0.000000	0.000000	0.000000	0.000000	0.000000
74	tsk_74	(x)	1	:	0.232619	0.000000	0.000000	0.000000	0.000000	0.000000	0.000000	0.000000	0.000000	0.000000	0.675297	0.000000	0.000000	0.092083
75	tsk_75	(x)	1	:	0.000000	0.496251	0.503748	0.000000	0.000000	0.000000	0.000000	0.000000	0.000000	0.000000	0.000000	0.000000	0.000000	0.000000
76	tsk_76	(x)	1	:	0.000000	0.000000	1.000000	0.000000	0.000000	0.000000	0.000000	0.000000	0.000000	0.000000	0.000000	0.000000	0.000000	0.000000
77	tsk_77	(x)	1	:	0.000000	0.496251	0.503749	0.000000	0.000000	0.000000	0.000000	0.000000	0.000000	0.000000	0.000000	0.000000	0.000000	0.000000
78	tsk_78	(x)	1	:	0.000000	1.000000	0.000000	0.000000	0.000000	0.000000	0.000000	0.000000	0.000000	0.000000	0.000000	0.000000	0.000000	0.000000
79	tsk_79	(x)	1	:	0.000000	0.000000	1.000000	0.000000	0.000000	0.000000	0.000000	0.000000	0.000000	0.000000	0.000000	0.000000	0.000000	0.000000
80	tsk_80	(x)	1	:	0.000000	0.000000	0.000000	0.435954	0.564046	0.000000	0.000000	0.000000	0.000000	0.000000	0.000000	0.000000	0.000000	0.000000
81	tsk_81	(x)	1	:	0.000000	0.000000	0.000000	0.000000	0.000000	0.000000	0.000000	0.000000	0.000000	0.000000	0.241795	0.500056	0.000000	0.258149
82	tsk_82	(x)	1	:	0.000000	0.000000	0.000000	0.498690	0.000000	0.000000	0.000000	0.000000	0.000000	0.000000	0.401302	0.000000	0.000000	0.100008
83	tsk_83	(x)	1	:	0.000000	0.000000	0.471843	0.000000	0.528157	0.000000	0.000000	0.000000	0.000000	0.000000	0.000000	0.000000	0.000000	0.000000
84	tsk_84	(x)	1	:	0.000000	0.000000	0.471843	0.000000	0.528157	0.000000	0.000000	0.000000	0.000000	0.000000	0.000000	0.000000	0.000000	0.000000
85	tsk_85	(x)	1	:	0.000000	0.000000	0.000000	0.498690	0.000000	0.000000	0.000000	0.000000	0.000000	0.000000	0.248389	0.000000	0.000000	0.252921
86	tsk_86	(x)	1	:	0.000000	0.000000	0.000000	0.000000	0.000000	0.498886	0.000000	0.000000	0.501113	0.000000	0.000000	0.000000	0.000000	0.000000
87	tsk_87	(x)	1	:	0.000000	0.000000	0.000000	0.000000	0.000000	0.500258	0.000000	0.000000	0.000000	0.000000	0.339258	0.000000	0.000000	0.160484
88	tsk_88	(x)	1	:	0.000000	0.000000	0.501662	0.498338	0.000000	0.000000	0.000000	0.000000	0.000000	0.000000	0.000000	0.000000	0.000000	0.000000
89	tsk_89	(x)	1	:	0.000000	0.000000	0.000000	0.000000	0.000000	0.500258	0.000000	0.000000	0.000000	0.000000	0.228373	0.000000	0.000000	0.271370
90	tsk_90	(x)	1	:	0.000000	0.000000	0.000000	0.000000	0.000000	0.000000	0.000000	0.000000	0.000000	0.000000	0.233635	0.500056	0.000000	0.266310
91	tsk_91	(x)	1	:	0.000000	0.000000	0.499752	0.000000	0.000000	0.000000	0.000000	0.000000	0.000000	0.000000	0.448193	0.000000	0.000000	0.052054
92	tsk_92	(x)	1	:	0.000000	0.000000	0.000000	0.000000	0.000000	0.000000	0.000000	0.000000	0.000000	0.000000	0.906654	0.000000	0.000000	0.093346
93	tsk_93	(x)	1	:	0.000000	0.000005	0.499545	0.000000	0.000000	0.000000	0.000000	0.000000	0.000000	0.000000	0.000000	0.500450	0.000000	0.000000
94	tsk_94	(x)	1	:	0.000000	0.000000	0.486724	0.000000	0.000000	0.000000	0.513276	0.000000	0.000000	0.000000	0.000000	0.000000	0.000000	0.000000
95	tsk_95	(x)	1	:	0.000000	0.000000	0.486724	0.000000	0.000000	0.000000	0.513276	0.000000	0.000000	0.000000	0.000000	0.000000	0.000000	0.000000
96	tsk_96	(x)	1	:	0.000000	0.000000	0.499545	0.000000	0.000000	0.000000	0.000000	0.000000	0.000000	0.000000	0.000000	0.500455	0.000000	0.000000
97	tsk_97	(x)	1	:	0.000000	0.000000	0.499545	0.000000	0.000000	0.000000	0.000000	0.000000	0.000000	0.000000	0.000000	0.500455	0.000000	0.000000
98	tsk_98	(x)	1	:	0.000000	0.000000	0.000000	0.000000	0.000000	0.000000	1.000000	0.000000	0.000000	0.000000	0.000000	0.000000	0.000000	0.000000
99	tsk_99	(x)	1	:	0.000000	0.000000	1.000000	0.000000	0.000000	0.000000	0.000000	0.000000	0.000000	0.000000	0.000000	0.000000	0.000000	0.000000
100	tsk_100	(x)	1	:	0.000000	0.000000	0.000000	0.000000	0.000000	0.000000	0.000000	1.000000	0.000000	0.000000	0.000000	0.000000	0.000000	0.000000
101	tsk_101	(x)	1	:	0.000000	0.000000	0.000000	0.000000	0.000000	0.000000	0.000000	1.000000	0.000000	0.000000	0.000000	0.000000	0.000000	0.000000
102	tsk_102	(x)	1	:	0.515456	0.000000	0.000000	0.000000	0.000000	0.000000	0.000000	0.484544	0.000000	0.000000	0.000000	0.000000	0.000000	0.000000
103	tsk_103	(x)	1	:	0.000000	0.000000	0.000000	0.000000	0.000000	0.000000	0.000000	0.000000	0.500673	0.000000	0.365239	0.000000	0.000000	0.134088
104	tsk_104	(x)	1	:	0.000000	0.000000	0.000000	0.000000	0.000000	0.000000	0.000000	0.506322	0.000000	0.000000	0.339006	0.000000	0.000000	0.154671
105	tsk_105	(x)	1	:	0.321164	0.000000	0.000000	0.000000	0.000000	0.000000	0.000000	0.499174	0.000000	0.000000	0.144063	0.000000	0.000000	0.035599
106	tsk_106	(x)	1	:	0.320766	0.000000	0.000000	0.000000	0.000000	0.000000	0.000000	0.499103	0.000000	0.000000	0.127474	0.000000	0.000000	0.052657
107	tsk_107	(x)	1	:	0.000000	0.000000	0.000000	0.000000	0.000000	0.000000	0.000000	0.000000	0.500673	0.000000	0.284090	0.000000	0.000000	0.215237
108	tsk_108	(x)	1	:	0.000000	0.000000	0.000000	0.000000	0.000000	0.000000	0.000000	0.506322	0.000000	0.000000	0.376944	0.000000	0.000000	0.116733
109	tsk_109	(x)	1	:	0.000000	0.000000	0.000000	0.000000	0.000103	0.000000	0.000000	0.475763	0.000000	0.000000	0.293082	0.000000	0.000000	0.231051
110	tsk_110	(x)	1	:	0.000000	0.000000	1.000000	0.000000	0.000000	0.000000	0.000000	0.000000	0.000000	0.000000	0.000000	0.000000	0.000000	0.000000
111	tsk_111	(x)	1	:	0.000000	0.000000	0.000000	0.000000	0.000000	0.000000	0.000000	0.000000	0.000000	0.000000	0.833939	0.000000	0.000000	0.166061
112	tsk_112	(x)	1	:	0.000000	0.000000	0.000000	0.000000	0.000000	0.000000	0.000000	0.000000	0.000000	0.500718	0.229948	0.000000	0.000000	0.269334
113	tsk_113	(x)	1	:	0.000000	0.000000	0.000000	0.000000	0.000000	0.000000	0.000000	0.000000	0.000000	0.000000	0.685467	0.000000	0.000000	0.314532
114	tsk_114	(x)	1	:	0.000000	0.000000	0.000000	0.000000	0.000000	0.000000	0.000000	0.000000	0.000000	0.000000	0.887030	0.000000	0.000000	0.112970
115	tsk_115	(x)	1	:	0.000000	0.000000	0.000000	0.000000	0.000000	0.000000	0.000000	0.506322	0.000000	0.000000	0.311536	0.000000	0.000000	0.182141
116	tsk_116	(x)	1	:	0.000000	0.000000	0.000000	0.000000	0.000003	0.000000	0.000000	0.459138	0.000000	0.540859	0.000000	0.000000	0.000000	0.000000
117	tsk_117	(x)	1	:	0.000000	0.000000	0.000000	0.000000	0.000000	0.000000	0.000000	0.000000	0.000000	0.000000	0.790835	0.000000	0.000000	0.209165
118	tsk_118	(x)	1	:	0.000000	0.000000	0.000000	0.000000	0.000140	0.000000	0.000000	0.459051	0.000000	0.540809	0.000000	0.000000	0.000000	0.000000
119	tsk_119	(x)	1	:	0.000000	0.000000	0.000000	0.000000	0.000000	0.000000	0.000000	0.000000	0.000000	0.500718	0.213522	0.000000	0.000000	0.285760
120	tsk_120	(x)	1	:	0.000000	0.000000	0.000000	0.166499	0.000000	0.000000	0.000000	0.346439	0.000000	0.000000	0.286212	0.000000	0.000001	0.200850
121	tsk_121	(x)	1	:	0.000000	0.000000	1.000000	0.000000	0.000000	0.000000	0.000000	0.000000	0.000000	0.000000	0.000000	0.000000	0.000000	0.000000
122	tsk_122	(x)	1	:	0.000000	0.000000	0.000000	0.000000	0.000000	0.000000	0.000000	0.488947	0.000000	0.000000	0.000000	0.000000	0.511053	0.000000
123	tsk_123	(x)	1	:	0.000000	0.000000	0.000000	0.000000	0.000000	0.000000	0.000000	1.000000	0.000000	0.000000	0.000000	0.000000	0.000000	0.000000
124	tsk_124	(x)	1	:	0.000000	0.000000	0.000000	0.000000	0.000000	0.000000	0.000000	0.000000	0.000000	0.000000	0.481365	0.000000	0.473024	0.045611
125	tsk_125	(x)	1	:	0.000000	0.000000	0.497870	0.000000	0.000000	0.000000	0.000000	0.502130	0.000000	0.000000	0.000000	0.000000	0.000000	0.000000
126	tsk_126	(x)	1	:	0.000000	0.000000	0.000000	0.000000	0.000000	0.000000	0.000000	0.501470	0.498530	0.000000	0.000000	0.000000	0.000000	0.000000
127	tsk_127	(x)	1	:	0.000000	0.000030	0.000000	0.000000	0.000000	0.000000	0.000000	0.000000	0.000000	0.000000	0.007490	0.500383	0.478764	0.013333
128	tsk_128	(x)	1	:	0.000000	0.000000	0.000000	0.000000	0.000000	0.000000	0.000000	1.000000	0.000000	0.000000	0.000000	0.000000	0.000000	0.000000
129	tsk_129	(x)	1	:	0.000000	0.000000	0.000000	0.000000	0.000000	0.000000	0.000000	0.488947	0.000000	0.000000	0.000000	0.000000	0.511053	0.000000
130	tsk_130	(x)	1	:	0.000000	0.000000	0.499752	0.000000	0.000000	0.000000	0.000000	0.000000	0.000000	0.000000	0.307621	0.000000	0.000000	0.192626
131	tsk_131	(x)	1	:	0.000000	0.000000	0.000000	0.000000	0.000000	0.000000	1.000000	0.000000	0.000000	0.000000	0.000000	0.000000	0.000000	0.000000
132	tsk_132	(x)	1	:	0.000000	0.000000	0.499752	0.000000	0.000000	0.000000	0.000000	0.000000	0.000000	0.000000	0.319030	0.000000	0.000000	0.181217
133	tsk_133	(x)	1	:	0.000000	0.000000	0.486724	0.000000	0.000000	0.000000	0.513276	0.000000	0.000000	0.000000	0.000000	0.000000	0.000000	0.000000
134	tsk_134	(x)	1	:	0.000000	0.000000	0.486724	0.000000	0.000000	0.000000	0.513276	0.000000	0.000000	0.000000	0.000000	0.000000	0.000000	0.000000
135	tsk_135	(x)	1	:	0.000000	0.000000	0.000000	0.000000	0.000000	0.000000	0.487527	0.000000	0.000000	0.000000	0.363307	0.000000	0.000000	0.149166
136	tsk_136	(x)	1	:	0.000000	0.000000	0.000000	0.000000	0.000000	0.000000	0.000000	0.000000	0.000000	0.000000	0.792812	0.000000	0.000000	0.207188
137	tsk_137	(x)	1	:	0.000000	0.000000	0.000000	0.000000	0.000000	0.000000	1.000000	0.000000	0.000000	0.000000	0.000000	0.000000	0.000000	0.000000
138	tsk_138	(x)	1	:	0.000000	0.000000	0.499752	0.000000	0.000000	0.000000	0.000000	0.000000	0.000000	0.000000	0.308058	0.000000	0.000000	0.192190
139	tsk_139	(x)	1	:	0.000000	0.000000	0.480884	0.000000	0.000000	0.000000	0.000000	0.000000	0.000000	0.519116	0.000000	0.000000	0.000000	0.000000
140	tsk_140	(x)	1	:	0.000000	0.000000	1.000000	0.000000	0.000000	0.000000	0.000000	0.000000	0.000000	0.000000	0.000000	0.000000	0.000000	0.000000
141	tsk_141	(x)	1	:	0.000000	0.496251	0.503748	0.000000	0.000000	0.000000	0.000000	0.000000	0.000000	0.000000	0.000000	0.000000	0.000000	0.000000
142	tsk_142	(x)	1	:	0.000000	0.497326	0.000000	0.000000	0.000000	0.000000	0.000000	0.000000	0.000000	0.000000	0.304677	0.000000	0.000000	0.197997
143	tsk_143	(x)	1	:	0.000000	0.496251	0.503749	0.000000	0.000000	0.000000	0.000000	0.000000	0.000000	0.000000	0.000000	0.000000	0.000000	0.000000
144	tsk_144	(x)	1	:	0.000000	0.496251	0.503748	0.000000	0.000000	0.000000	0.000000	0.000000	0.000000	0.000000	0.000000	0.000000	0.000000	0.000000
145	tsk_145	(x)	1	:	0.000000	0.497326	0.000000	0.000000	0.000000	0.000000	0.000000	0.000000	0.000000	0.000000	0.282207	0.000000	0.000000	0.220466
146	tsk_146	(x)	1	:	0.000000	0.000000	0.486724	0.000000	0.000000	0.000000	0.513276	0.000000	0.000000	0.000000	0.000000	0.000000	0.000000	0.000000
147	tsk_147	(x)	1	:	0.000000	0.000000	0.499752	0.000000	0.000000	0.000000	0.000000	0.000000	0.000000	0.000000	0.314362	0.000000	0.000000	0.185886
148	tsk_148	(x)	1	:	0.000000	0.496257	0.503743	0.000000	0.000000	0.000000	0.000000	0.000000	0.000000	0.000000	0.000000	0.000000	0.000000	0.000000
149	tsk_149	(x)	1	:	0.000000	1.000000	0.000000	0.000000	0.000000	0.000000	0.000000	0.000000	0.000000	0.000000	0.000000	0.000000	0.000000	0.000000
