logL = -901.382438 (converged)
AIC = 7142.764875
BIC = 15181.161111

count.K
10 8 10 4 34 2 2 22 5 25 1 2 5 11 9 

