logL = -1079.170759 (converged)
AIC = 6148.341519
BIC = 12154.558931

count.K
10 9 9 13 13 23 7 29 3 6 28 

