logL = -873.504409 (converged)
AIC = 6627.008818
BIC = 13972.958936

count.K
7 2 11 1 0 14 28 24 16 7 3 20 4 13 

