logL = -1200.555903 (converged)
AIC = 7449.111806
BIC = 15047.955288

count.K
7 20 15 7 7 12 5 0 7 11 6 0 50 3 

