logL = -1256.083815 (converged)
AIC = 8092.167630
BIC = 16491.840100

count.K
5 9 0 25 14 20 18 10 11 3 5 25 5 0 0 

