logL = -1355.860629 (converged)
AIC = 6271.721257
BIC = 11630.652081

count.K
2 19 6 10 9 3 2 26 49 24 

