0	tsk_0	(x)	1	:	0.000000	0.000000	0.000000	0.000000	0.469174	0.000000	0.000000	0.000000	0.001820	0.000000	0.000000	0.027664	0.501342
1	tsk_1	(x)	1	:	0.000000	0.499997	0.000000	0.000000	0.000000	0.000000	0.000000	0.000000	0.249401	0.000000	0.000000	0.250603	0.000000
2	tsk_2	(x)	1	:	0.000000	0.999998	0.000000	0.000000	0.000000	0.000000	0.000000	0.000002	0.000000	0.000000	0.000000	0.000000	0.000000
3	tsk_3	(x)	1	:	0.000000	0.499281	0.000000	0.000000	0.000000	0.000000	0.000000	0.000001	0.002244	0.000000	0.496388	0.002086	0.000000
4	tsk_4	(x)	1	:	0.000000	0.000000	0.000000	0.000000	0.000000	0.000000	0.000000	0.000000	0.000000	0.000000	0.000000	0.000000	1.000000
5	tsk_5	(x)	1	:	0.000000	0.000000	0.000000	0.000000	0.214409	0.000000	0.000000	0.000000	0.020900	0.000000	0.000000	0.264646	0.500045
6	tsk_6	(x)	1	:	0.000000	0.000000	0.000000	0.000000	0.258655	0.000000	0.000000	0.000000	0.067880	0.000000	0.000000	0.173362	0.500103
7	tsk_7	(x)	1	:	0.000000	0.499008	0.000000	0.000000	0.000000	0.000000	0.000000	0.000006	0.003614	0.000000	0.000000	0.002338	0.495034
8	tsk_8	(x)	1	:	0.000000	0.999991	0.000000	0.000000	0.000000	0.000000	0.000000	0.000009	0.000000	0.000000	0.000000	0.000000	0.000000
9	tsk_9	(x)	1	:	0.000000	0.000000	0.000000	0.000000	0.000000	0.000000	0.000000	0.000000	0.000000	0.000000	0.000000	0.000000	1.000000
10	tsk_10	(x)	1	:	0.000000	0.499996	0.000000	0.000000	0.000000	0.000000	0.000000	0.000000	0.417531	0.000000	0.000000	0.082474	0.000000
11	tsk_11	(x)	1	:	0.000000	0.000000	0.000000	0.000000	0.000000	0.000000	0.000000	0.000000	0.131011	0.000000	0.499941	0.369047	0.000000
12	tsk_12	(x)	1	:	0.000000	0.499998	0.000000	0.000000	0.000000	0.000000	0.000000	0.000000	0.405177	0.000000	0.000000	0.094826	0.000000
13	tsk_13	(x)	1	:	0.000000	0.999997	0.000000	0.000000	0.000000	0.000000	0.000000	0.000003	0.000000	0.000000	0.000000	0.000000	0.000000
14	tsk_14	(x)	1	:	0.000000	0.499748	0.460342	0.000000	0.000000	0.000000	0.000000	0.000018	0.021150	0.000000	0.000000	0.018742	0.000000
15	tsk_15	(x)	1	:	0.000000	0.000000	0.000000	0.000000	0.000000	0.000000	0.000000	0.000000	0.638716	0.000000	0.000000	0.361284	0.000000
16	tsk_16	(x)	1	:	0.000000	0.000000	0.000000	0.000000	0.221690	0.000000	0.000000	0.000000	0.258077	0.000000	0.000000	0.520232	0.000000
17	tsk_17	(x)	1	:	0.000000	0.000000	0.000000	0.000000	0.000000	0.000000	0.000000	0.000000	0.411229	0.000000	0.000000	0.588771	0.000000
18	tsk_18	(x)	1	:	0.000000	0.000000	0.000000	0.000000	0.000000	0.000000	0.000000	0.000000	0.000000	0.000000	0.000000	0.000000	1.000000
19	tsk_19	(x)	1	:	0.000000	0.000000	0.000000	0.000000	0.000000	0.000000	0.000000	0.000000	0.241934	0.000000	0.000000	0.258317	0.499749
20	tsk_20	(x)	1	:	0.000000	0.000000	0.000000	0.000000	0.258594	0.000000	0.000000	0.000000	0.271562	0.000000	0.000000	0.469844	0.000000
21	tsk_21	(x)	1	:	0.000000	0.499834	0.000000	0.000000	0.258060	0.000000	0.000000	0.000000	0.187097	0.000000	0.000000	0.055008	0.000000
22	tsk_22	(x)	1	:	0.000000	0.000000	0.000000	0.000000	0.000000	0.000000	0.000000	0.000000	0.005549	0.497660	0.000000	0.000142	0.496648
23	tsk_23	(x)	1	:	0.000000	0.439727	0.000000	0.095787	0.000000	0.000000	0.000000	0.000019	0.000000	0.464467	0.000000	0.000000	0.000000
24	tsk_24	(x)	1	:	0.000000	0.000000	0.000000	0.000000	0.258655	0.000000	0.000000	0.000000	0.029009	0.000000	0.000000	0.212232	0.500104
25	tsk_25	(x)	1	:	0.485052	0.000000	0.000000	0.000000	0.000000	0.000000	0.000000	0.000000	0.007667	0.499968	0.000000	0.000416	0.006897
26	tsk_26	(x)	1	:	0.000000	0.000000	0.000000	0.000000	0.000000	0.000000	0.000000	0.000000	0.000000	0.000000	0.000000	0.500229	0.499771
27	tsk_27	(x)	1	:	0.000000	0.499994	0.000000	0.499984	0.000000	0.000000	0.000000	0.000000	0.000014	0.000000	0.000000	0.000008	0.000000
28	tsk_28	(x)	1	:	0.000000	0.000000	0.000000	0.000000	0.000000	0.000000	0.000000	0.000000	0.000000	0.000000	0.000000	0.000000	1.000000
29	tsk_29	(x)	1	:	0.000000	0.000000	0.000000	0.000000	0.000000	0.000000	0.000000	0.000000	0.126741	0.000000	0.000000	0.373406	0.499854
30	tsk_30	(x)	1	:	0.000000	0.499998	0.000000	0.000000	0.000000	0.000000	0.000000	0.000000	0.488784	0.000000	0.000000	0.011218	0.000000
31	tsk_31	(x)	1	:	0.000000	0.499995	0.000000	0.000000	0.000000	0.000000	0.000000	0.000000	0.279077	0.000000	0.000000	0.220927	0.000000
32	tsk_32	(x)	1	:	0.000000	0.499995	0.000000	0.000000	0.000000	0.000000	0.000000	0.000000	0.466043	0.000000	0.000000	0.033962	0.000000
33	tsk_33	(x)	1	:	0.000000	0.000000	0.000000	0.000000	0.000000	0.000000	0.000000	0.000000	0.360227	0.000000	0.000000	0.639772	0.000000
34	tsk_34	(x)	1	:	0.000000	0.999994	0.000000	0.000000	0.000000	0.000000	0.000000	0.000006	0.000000	0.000000	0.000000	0.000000	0.000000
35	tsk_35	(x)	1	:	0.000000	0.499998	0.000000	0.000000	0.000000	0.000000	0.000000	0.000000	0.443337	0.000000	0.000000	0.056665	0.000000
36	tsk_36	(x)	1	:	0.000000	0.499997	0.000000	0.000000	0.000000	0.000000	0.000000	0.000000	0.489229	0.000000	0.000000	0.010774	0.000000
37	tsk_37	(x)	1	:	0.000000	0.000000	0.000000	0.000000	0.000000	0.000000	0.000000	0.000000	0.268048	0.000000	0.000000	0.731952	0.000000
38	tsk_38	(x)	1	:	0.000000	0.499997	0.000000	0.000000	0.000000	0.000000	0.000000	0.000000	0.472315	0.000000	0.000000	0.027688	0.000000
39	tsk_39	(x)	1	:	0.000000	0.499995	0.000000	0.000000	0.000000	0.000000	0.000000	0.000000	0.420492	0.000000	0.000000	0.079513	0.000000
40	tsk_40	(x)	1	:	0.000000	0.000000	0.000000	0.000000	0.000000	0.000000	0.000000	0.000000	0.000000	1.000000	0.000000	0.000000	0.000000
41	tsk_41	(x)	1	:	0.000000	0.000000	0.000000	0.000000	0.000000	0.000000	0.000000	0.000000	0.006323	0.497455	0.000000	0.000824	0.495398
42	tsk_42	(x)	1	:	0.263140	0.000000	0.000000	0.000000	0.000000	0.000000	0.000000	0.000000	0.016154	0.000000	0.500116	0.220590	0.000000
43	tsk_43	(x)	1	:	0.000000	0.000000	0.000000	0.000000	0.000000	0.000000	0.000000	0.000000	0.031570	0.000000	0.499957	0.468473	0.000000
44	tsk_44	(x)	1	:	0.000000	0.000000	0.000000	0.000000	0.000000	0.000000	0.000000	0.000000	0.142433	0.000000	0.000000	0.357709	0.499857
45	tsk_45	(x)	1	:	0.000000	0.000000	0.000000	0.000000	0.000000	0.000000	0.000000	0.000000	0.001707	0.000000	0.494863	0.008567	0.494863
46	tsk_46	(x)	1	:	0.000000	0.000000	0.000000	0.000000	0.000000	0.000000	0.000000	0.000000	0.039849	0.000000	0.499951	0.460200	0.000000
47	tsk_47	(x)	1	:	0.000000	0.000000	0.000000	0.000000	0.000000	0.000000	0.000000	0.000000	0.001723	0.000000	0.494585	0.009107	0.494585
48	tsk_48	(x)	1	:	0.000000	0.000000	0.000000	0.000000	0.000000	0.000000	0.000000	0.000000	0.007848	0.497305	0.000000	0.000368	0.494478
49	tsk_49	(x)	1	:	0.000000	0.000000	0.000000	0.000000	0.000000	0.000000	0.000000	0.000000	0.001480	0.000000	0.494394	0.009732	0.494394
50	tsk_50	(x)	1	:	0.000000	0.000000	0.000000	0.000000	0.000000	0.000000	0.000000	0.000000	0.189646	0.000000	0.499769	0.310585	0.000000
51	tsk_51	(x)	1	:	0.000000	0.499113	0.000000	0.000000	0.000000	0.000000	0.000000	0.000003	0.001332	0.000000	0.495551	0.004001	0.000000
52	tsk_52	(x)	1	:	0.000000	0.000000	0.000000	0.000000	0.000000	0.000000	0.000000	0.000000	0.000000	0.000000	0.494506	0.010988	0.494506
53	tsk_53	(x)	1	:	0.000000	0.499208	0.000000	0.000000	0.000000	0.000000	0.000000	0.000001	0.003598	0.000000	0.496024	0.001168	0.000000
54	tsk_54	(x)	1	:	0.000000	0.999992	0.000000	0.000000	0.000000	0.000000	0.000000	0.000008	0.000000	0.000000	0.000000	0.000000	0.000000
55	tsk_55	(x)	1	:	0.000000	0.498916	0.000000	0.000000	0.000000	0.000000	0.000000	0.000001	0.004137	0.000000	0.000000	0.002405	0.494540
56	tsk_56	(x)	1	:	0.000000	0.499063	0.000000	0.000000	0.000000	0.000000	0.000000	0.000006	0.002104	0.000000	0.495313	0.003515	0.000000
57	tsk_57	(x)	1	:	0.000000	0.499827	0.000000	0.000000	0.000000	0.000000	0.000000	0.000002	0.000190	0.000000	0.000000	0.000837	0.499144
58	tsk_58	(x)	1	:	0.000000	0.499103	0.000000	0.000000	0.000000	0.000000	0.000000	0.000003	0.003384	0.000000	0.495501	0.002009	0.000000
59	tsk_59	(x)	1	:	0.000000	0.000000	0.000000	0.000000	0.000000	0.000000	0.000000	0.000000	0.000000	0.000000	1.000000	0.000000	0.000000
60	tsk_60	(x)	1	:	0.000000	0.000000	1.000000	0.000000	0.000000	0.000000	0.000000	0.000000	0.000000	0.000000	0.000000	0.000000	0.000000
61	tsk_61	(x)	1	:	0.000000	0.000000	0.000000	0.000000	0.000000	0.000000	0.000000	0.000000	0.000000	0.000000	1.000000	0.000000	0.000000
62	tsk_62	(x)	1	:	0.000000	0.000000	0.000000	0.000000	0.000000	0.000000	0.453117	0.000000	0.006225	0.000000	0.000000	0.010715	0.529943
63	tsk_63	(x)	1	:	0.000000	0.000000	0.000000	0.000000	0.000000	0.000000	0.000000	0.000000	0.000000	0.000000	1.000000	0.000000	0.000000
64	tsk_64	(x)	1	:	0.000000	0.000000	0.000000	0.000000	0.258655	0.000000	0.000000	0.000000	0.161033	0.000000	0.000000	0.080207	0.500105
65	tsk_65	(x)	1	:	0.000000	0.000000	0.460178	0.000000	0.000000	0.000000	0.000000	0.000000	0.028104	0.497944	0.000000	0.013774	0.000000
66	tsk_66	(x)	1	:	0.000000	0.000000	0.459724	0.000000	0.000000	0.000000	0.000000	0.404221	0.136055	0.000000	0.000000	0.000000	0.000000
67	tsk_67	(x)	1	:	0.000000	0.000000	0.000000	0.000000	0.000000	0.000000	0.444807	0.000000	0.004716	0.000000	0.521220	0.029257	0.000000
68	tsk_68	(x)	1	:	0.000000	0.000000	1.000000	0.000000	0.000000	0.000000	0.000000	0.000000	0.000000	0.000000	0.000000	0.000000	0.000000
69	tsk_69	(x)	1	:	0.000000	0.000000	0.460740	0.000000	0.000000	0.000000	0.000000	0.000000	0.011810	0.000000	0.000000	0.027395	0.500055
70	tsk_70	(x)	1	:	0.000000	0.499053	0.000000	0.000000	0.000000	0.000000	0.000000	0.000000	0.003597	0.000000	0.000000	0.002123	0.495227
71	tsk_71	(x)	1	:	0.000000	0.000000	0.000000	0.000000	0.000000	0.000000	0.000000	0.000000	0.351648	0.000000	0.000000	0.648352	0.000000
72	tsk_72	(x)	1	:	0.000000	0.499998	0.000000	0.000000	0.000000	0.000000	0.000000	0.000000	0.484049	0.000000	0.000000	0.015953	0.000000
73	tsk_73	(x)	1	:	0.000000	0.499997	0.000000	0.000000	0.000000	0.000000	0.000000	0.000000	0.284800	0.000000	0.000000	0.215203	0.000000
74	tsk_74	(x)	1	:	0.000000	0.000000	0.000000	0.000000	0.000000	0.000000	0.000000	0.000000	0.761342	0.000000	0.000000	0.238658	0.000000
75	tsk_75	(x)	1	:	0.000000	0.999994	0.000000	0.000000	0.000000	0.000000	0.000000	0.000006	0.000000	0.000000	0.000000	0.000000	0.000000
76	tsk_76	(x)	1	:	0.000000	0.499995	0.000000	0.000000	0.000000	0.000000	0.000000	0.000000	0.345239	0.000000	0.000000	0.154766	0.000000
77	tsk_77	(x)	1	:	0.000000	0.000000	0.000000	0.000000	0.000000	0.000000	0.000000	0.000000	0.000000	0.000000	1.000000	0.000000	0.000000
78	tsk_78	(x)	1	:	0.000000	0.500021	0.000000	0.000000	0.000000	0.000000	0.000000	0.000000	0.000000	0.000000	0.499978	0.000000	0.000000
79	tsk_79	(x)	1	:	0.000000	0.000000	0.000000	0.000000	0.000000	0.000000	0.000000	0.000000	0.236207	0.000000	0.000000	0.763793	0.000000
80	tsk_80	(x)	1	:	0.000000	0.499998	0.000000	0.000000	0.000000	0.000000	0.000000	0.000000	0.404938	0.000000	0.000000	0.095064	0.000000
81	tsk_81	(x)	1	:	0.000000	0.000000	0.000000	0.000000	0.000000	0.000000	0.000000	0.000000	0.366598	0.000000	0.000000	0.633402	0.000000
82	tsk_82	(x)	1	:	0.000000	0.000000	0.520104	0.000000	0.000000	0.000000	0.000000	0.000000	0.000000	0.479896	0.000000	0.000000	0.000000
83	tsk_83	(x)	1	:	0.000000	0.000000	0.000000	0.000000	0.000000	0.000000	0.000000	0.000000	0.003851	0.497363	0.494836	0.003950	0.000000
84	tsk_84	(x)	1	:	0.000000	0.000000	0.000000	0.000000	0.000000	0.000000	0.000000	0.000000	0.127370	0.000000	0.499956	0.372674	0.000000
85	tsk_85	(x)	1	:	0.000000	0.000000	0.000000	0.000000	0.000000	0.000000	0.000000	0.000000	0.070228	0.000000	0.499972	0.429800	0.000000
86	tsk_86	(x)	1	:	0.000000	0.000000	0.000000	0.000000	0.000000	0.000000	0.000000	0.000000	0.233201	0.000000	0.499949	0.266851	0.000000
87	tsk_87	(x)	1	:	0.000000	0.499995	0.000000	0.000000	0.000000	0.000000	0.000000	0.000000	0.500005	0.000000	0.000000	0.000000	0.000000
88	tsk_88	(x)	1	:	0.000000	0.000000	0.610116	0.000000	0.000000	0.000000	0.000000	0.000000	0.014222	0.000000	0.000000	0.375662	0.000000
89	tsk_89	(x)	1	:	0.000000	0.000000	0.520104	0.000000	0.000000	0.000000	0.000000	0.000000	0.000000	0.479896	0.000000	0.000000	0.000000
90	tsk_90	(x)	1	:	0.000000	0.000000	0.000000	0.000000	0.000000	0.000000	0.000000	0.000000	0.001853	0.497355	0.494787	0.006004	0.000000
91	tsk_91	(x)	1	:	0.000000	0.499998	0.000000	0.000000	0.000000	0.000000	0.000000	0.000000	0.435956	0.000000	0.000000	0.064046	0.000000
92	tsk_92	(x)	1	:	0.000000	0.000000	0.520104	0.000000	0.000000	0.000000	0.000000	0.000000	0.000000	0.479896	0.000000	0.000000	0.000000
93	tsk_93	(x)	1	:	0.000000	0.000000	0.000000	0.000002	0.000000	0.000000	0.000000	0.531202	0.000039	0.000000	0.468715	0.000042	0.000000
94	tsk_94	(x)	1	:	0.000000	0.999985	0.000000	0.000000	0.000000	0.000000	0.000000	0.000015	0.000000	0.000000	0.000000	0.000000	0.000000
95	tsk_95	(x)	1	:	0.000000	0.999998	0.000000	0.000000	0.000000	0.000000	0.000000	0.000002	0.000000	0.000000	0.000000	0.000000	0.000000
96	tsk_96	(x)	1	:	0.000000	0.503581	0.000000	0.000000	0.000000	0.000000	0.000000	0.000005	0.000000	0.496413	0.000000	0.000000	0.000000
97	tsk_97	(x)	1	:	0.000000	0.000000	0.520104	0.000000	0.000000	0.000000	0.000000	0.000000	0.000000	0.479896	0.000000	0.000000	0.000000
98	tsk_98	(x)	1	:	0.000000	0.000000	0.000000	0.000000	0.000000	0.000000	0.000000	0.000000	0.000000	1.000000	0.000000	0.000000	0.000000
99	tsk_99	(x)	1	:	0.000000	0.000000	0.000000	0.000002	0.000000	0.000000	0.000000	0.531203	0.000041	0.000000	0.468719	0.000035	0.000000
100	tsk_100	(x)	1	:	0.000000	0.000000	0.000000	0.000000	0.000000	0.000000	0.443991	0.000000	0.003546	0.000000	0.520358	0.032105	0.000000
101	tsk_101	(x)	1	:	0.000000	0.000000	0.000000	0.000000	0.000000	0.000000	0.000000	0.000000	0.353838	0.498215	0.000000	0.147947	0.000000
102	tsk_102	(x)	1	:	0.000000	0.000000	0.000000	0.000000	0.000000	0.000000	0.000000	0.000000	0.005528	0.497400	0.495061	0.002012	0.000000
103	tsk_103	(x)	1	:	0.479661	0.000000	0.000000	0.000000	0.000000	0.000000	0.000000	0.000000	0.001377	0.000000	0.500031	0.013464	0.005467
104	tsk_104	(x)	1	:	0.000000	0.000000	0.000000	0.000000	0.000000	0.000000	0.000000	0.000000	0.000000	0.000000	1.000000	0.000000	0.000000
105	tsk_105	(x)	1	:	0.000000	0.000000	0.000000	0.000000	0.000000	0.000000	0.000000	0.000000	0.000483	0.000000	0.494944	0.009629	0.494944
106	tsk_106	(x)	1	:	0.000000	0.099991	0.000000	0.000000	0.000000	0.000000	0.000000	0.000000	0.161938	0.000000	0.499821	0.238250	0.000000
107	tsk_107	(x)	1	:	0.000000	0.000000	0.000000	0.000000	0.000000	0.000000	0.000000	0.000000	0.001785	0.000000	0.494342	0.009530	0.494342
108	tsk_108	(x)	1	:	0.000000	0.000000	0.000000	0.000000	0.000000	0.000000	0.000000	0.000000	0.000000	0.000000	1.000000	0.000000	0.000000
109	tsk_109	(x)	1	:	0.000000	0.000000	0.000000	0.000000	0.000000	0.000000	0.000000	0.000000	0.001717	0.000000	0.494657	0.008970	0.494657
110	tsk_110	(x)	1	:	0.582751	0.000000	0.000000	0.000000	0.000000	0.000000	0.000000	0.000000	0.000000	0.000000	0.417248	0.000001	0.000000
111	tsk_111	(x)	1	:	0.487716	0.000000	0.000000	0.000000	0.000000	0.000000	0.000000	0.000000	0.000000	0.000000	0.000000	0.000000	0.512284
112	tsk_112	(x)	1	:	1.000000	0.000000	0.000000	0.000000	0.000000	0.000000	0.000000	0.000000	0.000000	0.000000	0.000000	0.000000	0.000000
113	tsk_113	(x)	1	:	0.000000	0.499215	0.000000	0.000000	0.000000	0.000000	0.000000	0.000002	0.003841	0.000000	0.000000	0.000880	0.496062
114	tsk_114	(x)	1	:	0.000000	0.000000	0.000000	0.000000	0.000000	0.000000	0.000000	0.000000	0.000000	0.000000	1.000000	0.000000	0.000000
115	tsk_115	(x)	1	:	0.000000	0.000000	0.000000	0.000000	0.000000	0.000000	0.000000	0.000000	0.000000	0.000000	0.000000	0.000000	1.000000
116	tsk_116	(x)	1	:	0.492490	0.000000	0.000000	0.000000	0.000000	0.000000	0.000000	0.000000	0.000363	0.000000	0.498320	0.006390	0.002438
117	tsk_117	(x)	1	:	0.000000	0.099990	0.000000	0.000000	0.000000	0.000000	0.000000	0.000000	0.076494	0.000000	0.499791	0.323725	0.000000
118	tsk_118	(x)	1	:	0.000000	0.000000	0.000000	0.000000	0.000000	0.000000	0.000000	0.000000	0.001370	0.000000	0.494855	0.008919	0.494855
119	tsk_119	(x)	1	:	0.000000	0.000000	0.000000	0.000000	0.327542	0.000000	0.000000	0.000000	0.000000	0.000000	0.336229	0.000000	0.336229
120	tsk_120	(x)	1	:	0.486133	0.502286	0.000000	0.000000	0.000000	0.000000	0.000000	0.000006	0.004528	0.000000	0.000000	0.001104	0.005943
121	tsk_121	(x)	1	:	0.000000	0.000000	0.000000	0.000000	0.000000	0.000000	0.000000	0.000000	0.061464	0.000000	0.000000	0.438663	0.499873
122	tsk_122	(x)	1	:	0.478347	0.000000	0.000000	0.000000	0.000000	0.000000	0.000000	0.000000	0.002439	0.000000	0.500674	0.010146	0.008394
123	tsk_123	(x)	1	:	0.000000	0.000000	0.000000	0.000000	0.000000	0.000000	0.000000	0.000000	0.000000	0.000000	1.000000	0.000000	0.000000
124	tsk_124	(x)	1	:	0.000000	0.000000	0.000000	0.000000	0.258655	0.000000	0.000000	0.000000	0.025813	0.000000	0.500104	0.215428	0.000000
125	tsk_125	(x)	1	:	0.000000	0.000000	0.000000	0.000000	0.000000	0.000000	0.000000	0.000000	0.001083	0.000000	0.495530	0.007857	0.495530
126	tsk_126	(x)	1	:	0.000000	0.000000	0.000000	0.000000	0.000000	0.000000	0.000000	0.000000	0.000000	0.000000	1.000000	0.000000	0.000000
127	tsk_127	(x)	1	:	0.487208	0.502029	0.000000	0.000000	0.000000	0.000000	0.000000	0.000003	0.005596	0.000000	0.000000	0.002430	0.002734
128	tsk_128	(x)	1	:	0.000000	0.000000	0.000000	0.000000	0.000000	0.000000	0.000000	0.000000	0.113608	0.000000	0.499938	0.386454	0.000000
129	tsk_129	(x)	1	:	0.000000	0.000035	0.000000	0.000000	0.000000	0.499453	0.000000	0.000000	0.006668	0.000000	0.000000	0.000000	0.493843
130	tsk_130	(x)	1	:	0.000000	0.000000	0.000000	0.000000	0.000000	0.000000	0.000000	0.000000	0.070929	0.000000	0.499980	0.429092	0.000000
131	tsk_131	(x)	1	:	0.000000	0.000000	0.000000	0.000000	0.000000	0.000000	0.000000	0.000000	0.382733	0.000000	0.000000	0.617267	0.000000
132	tsk_132	(x)	1	:	0.000000	0.000000	0.000000	0.000000	0.000000	0.000000	0.000000	0.000000	0.018675	0.000000	0.499975	0.481350	0.000000
133	tsk_133	(x)	1	:	0.000000	0.000000	0.000000	0.000000	0.000000	0.000000	0.000000	0.000000	0.047134	0.000000	0.499994	0.452872	0.000000
134	tsk_134	(x)	1	:	0.000000	0.000000	0.460722	0.000000	0.000000	0.000000	0.000000	0.000000	0.128267	0.000000	0.000000	0.411011	0.000000
135	tsk_135	(x)	1	:	0.000000	0.000000	0.000000	0.000000	0.000000	0.000000	0.000000	0.000000	0.088535	0.000000	0.499960	0.411505	0.000000
136	tsk_136	(x)	1	:	0.000000	0.000000	0.000000	0.000000	0.000000	0.000000	0.000000	0.000000	0.041187	0.000000	0.499972	0.458841	0.000000
137	tsk_137	(x)	1	:	0.000000	0.000000	0.000000	0.000000	0.000000	0.000000	0.000000	0.000000	0.452529	0.498215	0.000000	0.049256	0.000000
138	tsk_138	(x)	1	:	0.000000	0.000000	0.000000	0.000000	0.000000	0.000000	0.000000	0.000000	0.005496	0.497447	0.495346	0.001712	0.000000
139	tsk_139	(x)	1	:	0.000000	0.000000	0.000000	0.000000	0.000000	0.000000	0.000000	0.000000	0.037686	0.000000	0.499969	0.462344	0.000000
140	tsk_140	(x)	1	:	0.000000	0.000915	0.000000	0.000000	0.000000	0.502089	0.000000	0.000000	0.000000	0.496996	0.000000	0.000000	0.000000
141	tsk_141	(x)	1	:	0.000000	0.430092	0.000000	0.000000	0.000000	0.000000	0.000000	0.000000	0.000000	0.569907	0.000000	0.000000	0.000000
142	tsk_142	(x)	1	:	0.000000	0.000000	0.000000	0.000000	0.000000	0.000000	0.000000	0.000000	0.118925	0.000000	0.000000	0.381146	0.499929
143	tsk_143	(x)	1	:	0.000000	0.467623	0.000000	0.000000	0.000000	0.000000	0.532377	0.000000	0.000000	0.000000	0.000000	0.000000	0.000000
144	tsk_144	(x)	1	:	0.000000	0.000000	0.000000	0.000000	0.000000	0.000000	0.000000	0.000000	0.003263	0.497635	0.000000	0.002611	0.496492
145	tsk_145	(x)	1	:	0.000000	0.000063	0.000000	0.000000	0.000000	0.499533	0.000000	0.000000	0.005708	0.000000	0.494552	0.000144	0.000000
146	tsk_146	(x)	1	:	0.000000	0.000000	0.000000	0.000000	0.000000	0.000000	0.000000	0.000000	0.000000	0.000000	0.000000	0.000000	1.000000
147	tsk_147	(x)	1	:	0.000000	0.000000	0.000000	0.000000	0.327542	0.000000	0.000000	0.000000	0.000000	0.000000	0.336229	0.000000	0.336229
148	tsk_148	(x)	1	:	0.000000	0.000000	0.000000	0.000000	0.000000	0.000000	0.000000	0.000000	0.000000	0.000000	0.000000	0.000000	1.000000
149	tsk_149	(x)	1	:	0.000000	0.000000	0.000000	0.000000	0.000000	0.000000	0.000000	0.000000	0.002164	0.000000	0.494749	0.008338	0.494749
