logL = -3308.503312 (converged)
AIC = 7529.006625
BIC = 8901.856319

count.K
47 45 58 

