logL = -1182.434336 (converged)
AIC = 5520.868672
BIC = 10271.651166

count.K
16 56 6 10 3 17 9 21 12 

