logL = -983.208194 (converged)
AIC = 4270.416388
BIC = 7738.668246

count.K
11 29 14 18 44 22 12 

