logL = -1597.458251 (converged)
AIC = 8954.916502
BIC = 17625.546149

count.K
5 8 1 20 2 8 13 27 2 0 48 5 8 3 0 

