logL = -2346.506900 (converged)
AIC = 5521.013799
BIC = 6767.416811

count.K
18 53 79 

