logL = -1172.379278 (converged)
AIC = 6676.758556
BIC = 13197.794603

count.K
29 5 10 6 20 10 0 4 29 12 4 21 

