logL = -638.868399 (converged)
AIC = 5989.736798
BIC = 13082.793551

count.K
0 11 27 12 2 30 3 22 3 2 10 1 24 3 

