logL = -1235.612502 (converged)
AIC = 7991.225005
BIC = 16300.578416

count.K
9 2 7 9 0 1 2 4 0 40 20 38 4 13 1 

