logL = -826.347132 (converged)
AIC = 3844.694265
BIC = 7144.350547

count.K
10 26 1 28 1 69 15 

