logL = -747.182523 (converged)
AIC = 6714.365045
BIC = 14572.123163

count.K
1 1 3 33 4 6 4 3 7 26 3 17 22 20 0 

