logL = -833.040566 (converged)
AIC = 4732.081131
BIC = 9347.385037

count.K
24 10 7 12 9 10 32 28 18 

