logL = -1122.342060 (converged)
AIC = 5016.684119
BIC = 9189.424637

count.K
19 30 12 2 15 58 12 2 

