0	tsk_0	(x)	1	:	0.000000	0.000000	0.000000	0.000000	0.000000	0.000000	0.000000	0.000000	0.000000	0.000000	1.000000
1	tsk_1	(x)	1	:	0.000000	0.000000	0.000000	0.500000	0.000000	0.000000	0.000000	0.000000	0.000000	0.000000	0.500000
2	tsk_2	(x)	1	:	0.000000	0.000000	0.000000	1.000000	0.000000	0.000000	0.000000	0.000000	0.000000	0.000000	0.000000
3	tsk_3	(x)	1	:	0.000000	0.000000	0.000000	0.000000	0.000000	0.000000	0.000000	0.000000	0.000000	0.000000	1.000000
4	tsk_4	(x)	1	:	0.000000	0.000000	0.000000	0.000000	0.000000	0.000000	0.294567	0.205433	0.000000	0.000000	0.500000
5	tsk_5	(x)	1	:	0.000000	0.000000	0.000000	0.496814	0.000000	0.000000	0.000000	0.000000	0.503185	0.000000	0.000001
6	tsk_6	(x)	1	:	0.000000	0.000000	0.000000	1.000000	0.000000	0.000000	0.000000	0.000000	0.000000	0.000000	0.000000
7	tsk_7	(x)	1	:	0.000000	0.000000	0.000000	0.500000	0.000000	0.000000	0.000000	0.000000	0.000000	0.000000	0.500000
8	tsk_8	(x)	1	:	0.000000	0.000000	0.000000	1.000000	0.000000	0.000000	0.000000	0.000000	0.000000	0.000000	0.000000
9	tsk_9	(x)	1	:	0.000000	0.000000	0.000000	0.500000	0.000000	0.000000	0.000000	0.000000	0.000000	0.000000	0.500000
10	tsk_10	(x)	1	:	0.000000	0.000000	0.000000	0.000000	0.488931	0.000000	0.413156	0.097912	0.000000	0.000000	0.000000
11	tsk_11	(x)	1	:	0.000000	0.000000	0.509493	0.000000	0.490507	0.000000	0.000000	0.000000	0.000000	0.000000	0.000000
12	tsk_12	(x)	1	:	0.000000	0.392670	0.000000	0.442578	0.000000	0.000000	0.000000	0.000000	0.000000	0.000000	0.164752
13	tsk_13	(x)	1	:	0.000000	0.402604	0.427101	0.000000	0.000000	0.000000	0.000000	0.000000	0.000000	0.000000	0.170295
14	tsk_14	(x)	1	:	0.000000	0.000000	0.000000	0.000000	0.488931	0.000000	0.473129	0.037940	0.000000	0.000000	0.000000
15	tsk_15	(x)	1	:	0.000000	0.387979	0.000000	0.000000	0.449948	0.000000	0.000000	0.000000	0.000000	0.000000	0.162073
16	tsk_16	(x)	1	:	0.000000	0.000000	0.000000	0.000000	0.499427	0.500573	0.000000	0.000000	0.000000	0.000000	0.000000
17	tsk_17	(x)	1	:	0.000000	0.383426	0.000000	0.000000	0.000000	0.457143	0.000000	0.000000	0.000000	0.000000	0.159432
18	tsk_18	(x)	1	:	0.000000	0.000000	0.000000	0.000000	0.000000	0.000000	0.663136	0.336864	0.000000	0.000000	0.000000
19	tsk_19	(x)	1	:	0.000000	0.000000	0.000000	0.000000	0.488931	0.000000	0.433931	0.077137	0.000000	0.000000	0.000000
20	tsk_20	(x)	1	:	0.000000	0.000000	0.000000	0.000000	0.000000	0.000000	0.369412	0.130588	0.000000	0.000000	0.500000
21	tsk_21	(x)	1	:	0.000000	0.000000	0.000000	0.000000	0.000000	0.000000	0.297302	0.204293	0.498405	0.000000	0.000000
22	tsk_22	(x)	1	:	0.000000	0.000000	0.000000	0.000000	0.000000	0.000000	0.000000	0.000000	1.000000	0.000000	0.000000
23	tsk_23	(x)	1	:	0.000000	0.000000	0.000000	0.000000	0.000000	0.000000	0.225642	0.274358	0.000000	0.000000	0.500000
24	tsk_24	(x)	1	:	0.000000	0.000000	0.000000	0.500000	0.000000	0.000000	0.000000	0.000000	0.000000	0.000000	0.500000
25	tsk_25	(x)	1	:	0.000000	0.000000	0.000000	0.000000	0.000000	0.000000	0.000000	0.000000	0.532212	0.000000	0.467788
26	tsk_26	(x)	1	:	0.000000	0.000000	0.000000	0.000000	0.000000	0.000000	0.225343	0.274657	0.000000	0.000000	0.500000
27	tsk_27	(x)	1	:	0.000000	0.000000	0.000000	0.000000	0.000000	0.000000	0.000000	0.000000	0.992709	0.000000	0.007291
28	tsk_28	(x)	1	:	0.000000	0.443632	0.000000	0.000000	0.000000	0.000000	0.091974	0.073508	0.390886	0.000000	0.000000
29	tsk_29	(x)	1	:	0.000000	0.000000	0.000000	0.000000	0.000000	0.000000	0.344619	0.150411	0.504970	0.000000	0.000000
30	tsk_30	(x)	1	:	0.000000	0.000000	0.000000	0.500000	0.000000	0.000000	0.000000	0.000000	0.000000	0.000000	0.500000
31	tsk_31	(x)	1	:	0.000000	0.000000	0.000000	0.496814	0.000000	0.000000	0.000000	0.000000	0.503185	0.000000	0.000001
32	tsk_32	(x)	1	:	0.000000	0.000000	0.000000	0.000000	0.000000	0.562817	0.279086	0.158096	0.000000	0.000000	0.000000
33	tsk_33	(x)	1	:	0.000000	0.000000	0.000000	0.000000	0.000000	0.000000	0.000000	0.000000	1.000000	0.000000	0.000000
34	tsk_34	(x)	1	:	0.000000	0.762401	0.000000	0.000000	0.000000	0.000000	0.033005	0.062140	0.000000	0.000000	0.142454
35	tsk_35	(x)	1	:	0.000000	0.000000	0.000000	0.000000	0.000000	0.000000	0.000000	0.000000	0.000000	0.000000	1.000000
36	tsk_36	(x)	1	:	0.000000	0.000000	0.000000	0.500000	0.000000	0.000000	0.000000	0.000000	0.000000	0.000000	0.500000
37	tsk_37	(x)	1	:	0.000000	0.000000	0.000000	0.500000	0.000000	0.000000	0.117346	0.382654	0.000000	0.000000	0.000000
38	tsk_38	(x)	1	:	0.000000	0.000000	0.000000	0.000000	0.000000	0.495251	0.000000	0.000000	0.499101	0.000000	0.005648
39	tsk_39	(x)	1	:	0.000000	0.000000	0.000000	0.000000	0.000000	0.000000	0.000000	0.000000	0.999994	0.000000	0.000006
40	tsk_40	(x)	1	:	0.000000	0.000000	0.000000	0.000000	0.000000	0.000000	0.697125	0.302875	0.000000	0.000000	0.000000
41	tsk_41	(x)	1	:	0.000000	0.420736	0.000000	0.000000	0.000000	0.000000	0.188777	0.210688	0.000000	0.000000	0.179799
42	tsk_42	(x)	1	:	0.000000	0.000000	0.000000	0.000000	0.000000	0.000000	0.345578	0.154422	0.000000	0.000000	0.500000
43	tsk_43	(x)	1	:	0.000000	0.420736	0.000000	0.000000	0.000000	0.000000	0.149965	0.249500	0.000000	0.000000	0.179799
44	tsk_44	(x)	1	:	0.000000	0.521333	0.000000	0.000000	0.000000	0.000000	0.106783	0.065150	0.000000	0.000000	0.306734
45	tsk_45	(x)	1	:	0.000000	0.000000	0.000000	0.500000	0.000000	0.000000	0.092621	0.407379	0.000000	0.000000	0.000000
46	tsk_46	(x)	1	:	0.000000	0.302041	0.000000	0.590251	0.000000	0.000000	0.017212	0.090496	0.000000	0.000000	0.000000
47	tsk_47	(x)	1	:	0.000000	1.000000	0.000000	0.000000	0.000000	0.000000	0.000000	0.000000	0.000000	0.000000	0.000000
48	tsk_48	(x)	1	:	0.000000	0.289545	0.000000	0.000000	0.000000	0.000000	0.438104	0.272350	0.000000	0.000000	0.000000
49	tsk_49	(x)	1	:	0.000000	0.420736	0.000000	0.000000	0.000000	0.000000	0.148185	0.251279	0.000000	0.000000	0.179799
50	tsk_50	(x)	1	:	0.000000	0.000000	0.000000	0.000000	0.000000	1.000000	0.000000	0.000000	0.000000	0.000000	0.000000
51	tsk_51	(x)	1	:	0.000000	0.000000	0.000000	0.000000	0.000000	0.491403	0.292278	0.216319	0.000000	0.000000	0.000000
52	tsk_52	(x)	1	:	0.000000	0.000000	0.000000	0.500000	0.000000	0.000000	0.000000	0.000000	0.000000	0.000000	0.500000
53	tsk_53	(x)	1	:	0.000000	0.000000	0.000000	0.000000	0.000000	0.000000	0.000000	0.000000	0.000000	0.000000	1.000000
54	tsk_54	(x)	1	:	0.000000	0.000000	0.000000	0.000000	0.000000	0.000000	0.244766	0.255234	0.000000	0.000000	0.500000
55	tsk_55	(x)	1	:	0.000000	0.000000	0.000000	0.000000	0.000000	0.000000	0.382458	0.119137	0.498405	0.000000	0.000000
56	tsk_56	(x)	1	:	0.000000	0.000000	0.000000	0.000000	0.000000	0.000000	0.025723	0.010751	0.000000	0.963527	0.000000
57	tsk_57	(x)	1	:	0.000000	0.000000	0.000000	0.000000	0.000000	0.000000	0.430076	0.569924	0.000000	0.000000	0.000000
58	tsk_58	(x)	1	:	0.000000	0.000000	0.000000	0.000000	0.000000	0.000000	0.152198	0.347802	0.000000	0.000000	0.500000
59	tsk_59	(x)	1	:	0.000000	0.000000	0.000000	0.000000	0.000000	0.491403	0.368770	0.139827	0.000000	0.000000	0.000000
60	tsk_60	(x)	1	:	0.000000	0.000000	0.000000	0.000000	0.490507	0.000000	0.000000	0.000000	0.000000	0.000000	0.509493
61	tsk_61	(x)	1	:	0.000000	0.000000	0.000000	0.000000	0.000000	0.000000	0.204991	0.295009	0.000000	0.000000	0.500000
62	tsk_62	(x)	1	:	0.000000	0.000000	0.000000	0.000000	0.527351	0.000000	0.000000	0.000000	0.472649	0.000000	0.000000
63	tsk_63	(x)	1	:	0.000000	0.000000	0.000000	0.000000	0.000000	0.000000	0.335269	0.164731	0.000000	0.000000	0.500000
64	tsk_64	(x)	1	:	0.000000	0.000000	0.000000	0.000000	0.000000	0.000000	0.762726	0.237274	0.000000	0.000000	0.000000
65	tsk_65	(x)	1	:	0.000000	0.000000	0.000000	0.000000	0.000000	0.000000	0.340350	0.159650	0.000000	0.000000	0.500000
66	tsk_66	(x)	1	:	0.000000	0.000000	0.000000	0.000000	0.000000	0.000000	0.000000	0.000000	0.490520	0.000000	0.509480
67	tsk_67	(x)	1	:	0.000000	0.000000	0.000000	0.000000	0.488931	0.000000	0.450294	0.060774	0.000000	0.000000	0.000000
68	tsk_68	(x)	1	:	0.000000	0.000000	0.000000	0.000000	0.000000	0.000000	0.000000	0.000000	0.000000	0.000000	1.000000
69	tsk_69	(x)	1	:	0.000000	0.000000	0.000000	0.000000	0.000000	0.000000	0.302910	0.198685	0.498405	0.000000	0.000000
70	tsk_70	(x)	1	:	0.000000	0.000000	0.000000	0.000000	0.000000	0.000000	0.000172	0.000071	0.000000	0.999757	0.000000
71	tsk_71	(x)	1	:	0.000000	0.000000	0.000000	0.000000	0.000000	0.000000	0.778598	0.221402	0.000000	0.000000	0.000000
72	tsk_72	(x)	1	:	0.000000	0.000000	0.000000	0.000000	0.000000	0.000000	0.609969	0.390031	0.000000	0.000000	0.000000
73	tsk_73	(x)	1	:	0.000000	0.000000	0.000000	0.000000	0.000000	0.000000	0.723891	0.276109	0.000000	0.000000	0.000000
74	tsk_74	(x)	1	:	0.281513	0.000000	0.000000	0.000000	0.489018	0.000000	0.000000	0.000000	0.000000	0.000000	0.229469
75	tsk_75	(x)	1	:	0.500039	0.000000	0.000000	0.000000	0.000000	0.000000	0.150670	0.105491	0.000000	0.000000	0.243800
76	tsk_76	(x)	1	:	0.000000	0.000000	0.000000	0.000000	0.533312	0.000000	0.440835	0.025852	0.000000	0.000000	0.000000
77	tsk_77	(x)	1	:	0.000000	0.000000	0.000000	0.000000	0.000000	0.000000	0.000116	0.000027	0.000000	0.999857	0.000000
78	tsk_78	(x)	1	:	0.706704	0.000000	0.000000	0.000000	0.000000	0.000000	0.000001	0.000001	0.000000	0.000000	0.293294
79	tsk_79	(x)	1	:	0.000000	0.000000	0.000000	0.000000	0.000000	0.000000	0.620733	0.379267	0.000000	0.000000	0.000000
80	tsk_80	(x)	1	:	0.000000	0.000000	0.000000	0.000000	0.000000	0.000000	0.492455	0.507545	0.000000	0.000000	0.000000
81	tsk_81	(x)	1	:	0.000000	0.000000	0.000000	0.000000	0.000000	0.000000	0.712318	0.287682	0.000000	0.000000	0.000000
82	tsk_82	(x)	1	:	0.000000	0.000000	0.000000	0.000000	0.000000	0.000000	0.228578	0.271422	0.000000	0.000000	0.500000
83	tsk_83	(x)	1	:	0.000000	0.000000	0.000000	0.000000	0.000000	0.000000	0.507906	0.492094	0.000000	0.000000	0.000000
84	tsk_84	(x)	1	:	0.000000	0.000000	0.000000	0.000000	0.000000	0.000000	0.451714	0.548285	0.000000	0.000000	0.000000
85	tsk_85	(x)	1	:	0.000000	0.000000	0.000000	0.000000	0.000000	0.000000	0.000000	0.000000	0.000000	0.000000	1.000000
86	tsk_86	(x)	1	:	0.000000	0.000000	0.000000	0.000000	0.000000	0.000000	0.460850	0.539150	0.000000	0.000000	0.000000
87	tsk_87	(x)	1	:	0.000000	0.279175	0.000000	0.000000	0.000000	0.000000	0.524567	0.196258	0.000000	0.000000	0.000000
88	tsk_88	(x)	1	:	0.000000	0.000000	0.000000	0.000000	0.000000	0.000000	0.226455	0.273545	0.000000	0.000000	0.500000
89	tsk_89	(x)	1	:	0.000000	0.000000	0.000000	0.000000	0.000000	0.000000	0.549064	0.450936	0.000000	0.000000	0.000000
90	tsk_90	(x)	1	:	0.000000	0.000000	0.000000	0.000000	0.000000	0.000000	0.000000	0.000000	0.000000	0.000000	1.000000
91	tsk_91	(x)	1	:	0.000000	0.000000	0.000000	0.000000	0.000000	0.000000	0.851441	0.148558	0.000000	0.000000	0.000000
92	tsk_92	(x)	1	:	0.000000	0.000000	0.000000	0.000000	0.000000	0.000000	0.794645	0.205354	0.000000	0.000000	0.000000
93	tsk_93	(x)	1	:	0.500124	0.000000	0.000000	0.000000	0.000000	0.000000	0.105117	0.151013	0.000000	0.000000	0.243746
94	tsk_94	(x)	1	:	0.000000	0.000000	0.000000	0.000000	0.000000	0.000000	0.000000	0.000000	0.000000	0.000000	1.000000
95	tsk_95	(x)	1	:	0.000000	0.000000	0.000000	0.500000	0.000000	0.000000	0.000000	0.000000	0.000000	0.000000	0.500000
96	tsk_96	(x)	1	:	0.000000	0.000000	0.000000	0.000000	0.000000	0.000000	0.662539	0.337461	0.000000	0.000000	0.000000
97	tsk_97	(x)	1	:	0.000000	0.000000	0.000000	0.000000	0.000000	0.000000	0.744294	0.255706	0.000000	0.000000	0.000000
98	tsk_98	(x)	1	:	0.000000	0.000000	0.000000	0.000000	0.000000	0.000000	0.663520	0.336480	0.000000	0.000000	0.000000
99	tsk_99	(x)	1	:	0.000000	0.000000	0.000000	0.000000	0.000000	0.000000	0.000000	0.000000	0.000000	0.000000	1.000000
100	tsk_100	(x)	1	:	0.000000	0.000000	0.000000	0.500000	0.000000	0.000000	0.093427	0.406573	0.000000	0.000000	0.000000
101	tsk_101	(x)	1	:	0.000000	0.420736	0.000000	0.000000	0.000000	0.000000	0.265181	0.134283	0.000000	0.000000	0.179799
102	tsk_102	(x)	1	:	0.000000	0.000000	0.000000	0.000000	0.000000	0.000000	0.342907	0.157093	0.000000	0.000000	0.500000
103	tsk_103	(x)	1	:	0.000000	0.000000	0.000000	0.000000	0.490507	0.000000	0.000000	0.000000	0.000000	0.000000	0.509493
104	tsk_104	(x)	1	:	0.000000	0.000000	0.000000	0.000000	0.488931	0.000000	0.441027	0.070041	0.000000	0.000000	0.000000
105	tsk_105	(x)	1	:	0.000000	0.000000	0.000000	0.000000	0.000000	0.000000	0.181373	0.318627	0.000000	0.000000	0.500000
106	tsk_106	(x)	1	:	0.000000	0.000000	0.000000	0.500000	0.000000	0.000000	0.000000	0.000000	0.000000	0.000000	0.500000
107	tsk_107	(x)	1	:	0.000000	0.000000	0.000000	0.000000	0.000000	0.000000	0.154868	0.345132	0.000000	0.000000	0.500000
108	tsk_108	(x)	1	:	0.000000	0.000000	0.000000	0.000000	0.000000	0.000000	0.000000	0.000000	0.000000	0.000000	1.000000
109	tsk_109	(x)	1	:	0.000000	0.000000	0.000000	0.000000	0.000000	0.000000	0.000000	0.000000	0.000000	0.000000	1.000000
110	tsk_110	(x)	1	:	0.000000	0.000000	0.000000	0.500000	0.000000	0.000000	0.000000	0.000000	0.000000	0.000000	0.500000
111	tsk_111	(x)	1	:	0.000000	0.000000	0.000000	0.500000	0.000000	0.000000	0.000000	0.000000	0.000000	0.000000	0.500000
112	tsk_112	(x)	1	:	0.000000	0.000000	0.000000	1.000000	0.000000	0.000000	0.000000	0.000000	0.000000	0.000000	0.000000
113	tsk_113	(x)	1	:	0.000000	0.289545	0.000000	0.000000	0.000000	0.000000	0.307187	0.403268	0.000000	0.000000	0.000000
114	tsk_114	(x)	1	:	0.000000	0.000000	0.000000	0.000000	0.000000	0.491403	0.354614	0.153982	0.000000	0.000000	0.000000
115	tsk_115	(x)	1	:	0.000000	0.000000	0.000000	0.000000	0.000000	0.525851	0.000000	0.000000	0.000000	0.000000	0.474149
116	tsk_116	(x)	1	:	0.000000	0.000000	0.000000	0.000000	0.000000	0.492475	0.000000	0.000000	0.000000	0.000000	0.507524
117	tsk_117	(x)	1	:	0.000000	0.000000	0.000000	0.000000	0.000000	0.525851	0.000000	0.000000	0.000000	0.000000	0.474149
118	tsk_118	(x)	1	:	0.000000	0.000000	0.000000	0.000000	0.000000	1.000000	0.000000	0.000000	0.000000	0.000000	0.000000
119	tsk_119	(x)	1	:	0.000000	0.000000	0.000000	0.000000	0.000000	0.000000	0.000000	0.000000	0.000000	0.000000	1.000000
120	tsk_120	(x)	1	:	0.000000	0.000000	0.000000	0.000000	0.000000	0.000000	0.333513	0.166487	0.000000	0.000000	0.500000
121	tsk_121	(x)	1	:	0.000000	0.000000	0.000000	0.000000	0.000000	0.000000	0.295922	0.204078	0.000000	0.000000	0.500000
122	tsk_122	(x)	1	:	0.000000	0.000000	0.000000	0.000000	0.000000	0.000000	0.270588	0.229412	0.000000	0.000000	0.500000
123	tsk_123	(x)	1	:	0.000000	0.000000	0.000000	0.000000	0.000000	0.000000	0.659065	0.340935	0.000000	0.000000	0.000000
124	tsk_124	(x)	1	:	0.000000	0.281419	0.000000	0.000000	0.000000	0.000000	0.000000	0.000000	0.487521	0.000000	0.231060
125	tsk_125	(x)	1	:	0.000000	0.000000	0.000000	0.000000	0.000000	0.000000	0.293266	0.206733	0.000000	0.000000	0.500000
126	tsk_126	(x)	1	:	0.000000	0.000000	0.000000	0.000000	0.000000	0.000000	0.499191	0.334142	0.000000	0.000000	0.166667
127	tsk_127	(x)	1	:	0.000000	0.000000	0.000000	0.000000	0.000000	0.000000	0.000000	0.000000	0.000000	0.000000	1.000000
128	tsk_128	(x)	1	:	0.000000	0.000000	0.000000	0.000000	0.000000	0.000000	0.000000	0.000000	0.490519	0.000000	0.509481
129	tsk_129	(x)	1	:	0.000000	0.643356	0.000000	0.000000	0.000000	0.000000	0.090214	0.042960	0.000000	0.000000	0.223469
130	tsk_130	(x)	1	:	0.000000	0.000000	0.000000	0.000000	0.000000	0.000000	0.231731	0.268269	0.000000	0.000000	0.500000
131	tsk_131	(x)	1	:	0.000000	0.000000	0.000000	0.000000	0.000000	0.000000	0.720226	0.279774	0.000000	0.000000	0.000000
132	tsk_132	(x)	1	:	0.000000	0.000000	0.000000	0.000000	0.000000	0.000000	0.227317	0.272683	0.000000	0.000000	0.500000
133	tsk_133	(x)	1	:	0.000000	0.000000	0.000000	0.000000	0.000000	0.000000	0.557924	0.275409	0.000000	0.000000	0.166667
134	tsk_134	(x)	1	:	0.000000	0.000000	0.000000	0.000000	0.000000	0.000000	0.296108	0.203892	0.000000	0.000000	0.500000
135	tsk_135	(x)	1	:	0.000000	0.000000	0.000000	0.000000	0.000000	0.000000	0.661930	0.338070	0.000000	0.000000	0.000000
136	tsk_136	(x)	1	:	0.218753	0.000000	0.000000	0.000000	0.000000	0.000000	0.000000	0.000000	0.000000	0.000000	0.781247
137	tsk_137	(x)	1	:	0.000000	0.000000	0.000000	0.000000	0.000000	0.000000	0.457927	0.542073	0.000000	0.000000	0.000000
138	tsk_138	(x)	1	:	0.000000	0.000000	0.000000	0.000000	0.000000	0.000000	0.191688	0.319546	0.484310	0.000000	0.004455
139	tsk_139	(x)	1	:	0.000000	0.000000	0.000000	0.000000	0.000000	0.000000	0.318763	0.181237	0.000000	0.000000	0.500000
140	tsk_140	(x)	1	:	0.000000	0.000000	0.000000	0.500000	0.000000	0.000000	0.125895	0.374105	0.000000	0.000000	0.000000
141	tsk_141	(x)	1	:	0.000000	0.000000	0.000000	0.000000	0.000000	0.000000	0.703204	0.296796	0.000000	0.000000	0.000000
142	tsk_142	(x)	1	:	0.000000	0.000000	0.000000	0.000000	0.000000	0.000000	0.000000	0.000000	0.000000	0.000000	1.000000
143	tsk_143	(x)	1	:	0.000000	0.000000	0.000000	0.000000	0.000000	0.000000	0.496367	0.503632	0.000000	0.000000	0.000000
144	tsk_144	(x)	1	:	0.000000	0.000000	0.000000	0.000000	0.000000	0.000000	0.896725	0.103275	0.000000	0.000000	0.000000
145	tsk_145	(x)	1	:	0.000000	0.000000	0.000000	0.000000	0.000000	0.000000	0.771741	0.228259	0.000000	0.000000	0.000000
146	tsk_146	(x)	1	:	0.000000	0.420736	0.000000	0.000000	0.000000	0.000000	0.248737	0.150728	0.000000	0.000000	0.179799
147	tsk_147	(x)	1	:	0.000000	0.000000	0.000000	0.000000	0.000000	0.000000	0.723782	0.276218	0.000000	0.000000	0.000000
148	tsk_148	(x)	1	:	0.000000	0.000000	0.000000	0.000000	0.000000	0.000000	0.660720	0.339280	0.000000	0.000000	0.000000
149	tsk_149	(x)	1	:	0.000000	0.000000	0.000000	0.500000	0.000000	0.000000	0.164695	0.335305	0.000000	0.000000	0.000000
