0	tsk_0	(x)	1	:	0.536084	0.000000	0.000000	0.000000	0.000000	0.000000	0.000000	0.000013	0.463902	0.000000	0.000000
1	tsk_1	(x)	1	:	0.502263	0.000000	0.000002	0.000004	0.000000	0.000000	0.432426	0.065305	0.000000	0.000000	0.000000
2	tsk_2	(x)	1	:	0.000000	0.000000	0.000000	0.000000	0.520971	0.000000	0.000000	0.187033	0.000012	0.291984	0.000000
3	tsk_3	(x)	1	:	0.000000	0.000000	0.000000	0.000000	0.497799	0.000000	0.000000	0.210126	0.000000	0.292075	0.000000
4	tsk_4	(x)	1	:	0.000000	0.000000	0.000000	0.000000	0.000000	0.000000	0.000000	0.000009	0.494222	0.000003	0.505767
5	tsk_5	(x)	1	:	0.000000	0.000000	0.000000	0.300389	0.000000	0.000000	0.000000	0.000007	0.461203	0.238400	0.000000
6	tsk_6	(x)	1	:	0.000000	0.000000	0.000000	0.000000	0.497799	0.000000	0.000000	0.210127	0.000000	0.292074	0.000000
7	tsk_7	(x)	1	:	0.000000	0.000000	0.000000	0.000000	0.497799	0.000000	0.000000	0.210127	0.000000	0.292074	0.000000
8	tsk_8	(x)	1	:	0.000000	0.000000	0.000000	0.000000	0.000000	0.000000	0.000000	0.272182	0.435666	0.292153	0.000000
9	tsk_9	(x)	1	:	0.000000	0.000000	0.000000	0.000000	0.000000	0.000000	0.000000	0.098371	0.435793	0.465836	0.000000
10	tsk_10	(x)	1	:	0.000000	0.000000	0.000000	0.000000	0.000000	0.000000	0.000000	0.999999	0.000001	0.000000	0.000000
11	tsk_11	(x)	1	:	0.003060	0.000000	0.504401	0.000000	0.000000	0.000000	0.000000	0.136616	0.000000	0.355923	0.000000
12	tsk_12	(x)	1	:	0.024172	0.000000	0.513091	0.000000	0.000000	0.000000	0.000000	0.000000	0.462737	0.000000	0.000000
13	tsk_13	(x)	1	:	0.000001	0.000000	0.000000	0.502362	0.000000	0.000000	0.000000	0.497623	0.000013	0.000000	0.000001
14	tsk_14	(x)	1	:	0.000000	0.000000	0.000000	0.502360	0.000000	0.000000	0.000000	0.497621	0.000018	0.000000	0.000001
15	tsk_15	(x)	1	:	0.000000	0.000000	0.000000	0.000000	0.000000	0.000000	0.000000	0.000000	0.750343	0.000000	0.249657
16	tsk_16	(x)	1	:	0.000000	0.510116	0.000000	0.000000	0.000000	0.000000	0.428956	0.060927	0.000000	0.000000	0.000000
17	tsk_17	(x)	1	:	0.000000	0.510114	0.000000	0.000000	0.000000	0.000000	0.428940	0.060946	0.000000	0.000000	0.000000
18	tsk_18	(x)	1	:	0.015671	0.000000	0.296346	0.000000	0.000000	0.000000	0.000000	0.000000	0.497899	0.000000	0.190084
19	tsk_19	(x)	1	:	0.003418	0.000000	0.504135	0.000000	0.000000	0.000000	0.000000	0.136645	0.000000	0.355802	0.000000
20	tsk_20	(x)	1	:	0.000000	0.000000	0.000000	0.000000	0.000000	0.000000	0.571905	0.071852	0.000000	0.356242	0.000002
21	tsk_21	(x)	1	:	0.000000	0.000000	0.000000	0.000000	0.000000	0.000000	0.000000	0.776892	0.000000	0.223108	0.000000
22	tsk_22	(x)	1	:	0.000000	0.000000	0.000000	0.000000	0.000000	0.000000	0.000000	0.173097	0.000797	0.356267	0.469839
23	tsk_23	(x)	1	:	0.000000	0.000000	0.000000	0.000000	0.000000	0.000000	0.000000	0.019310	0.427693	0.552997	0.000000
24	tsk_24	(x)	1	:	0.000000	0.000000	0.000000	0.000000	0.000000	0.000000	0.000000	0.173271	0.000526	0.356241	0.469962
25	tsk_25	(x)	1	:	0.000000	0.000000	0.000000	0.000000	0.000000	0.000000	0.000000	0.000012	0.494185	0.000004	0.505799
26	tsk_26	(x)	1	:	0.000000	0.000000	0.000000	0.000000	0.000000	0.000000	0.000000	0.385438	0.000000	0.614562	0.000000
27	tsk_27	(x)	1	:	0.000000	0.000000	0.000000	0.000000	0.000000	0.000000	0.000000	0.495063	0.000000	0.504937	0.000000
28	tsk_28	(x)	1	:	0.000000	0.000000	0.000000	0.000000	0.000000	0.000000	0.000000	0.495063	0.000000	0.504937	0.000000
29	tsk_29	(x)	1	:	0.000000	0.000000	0.000000	0.000000	0.000000	0.000000	0.000000	0.385440	0.000000	0.614560	0.000000
30	tsk_30	(x)	1	:	0.000000	0.000000	0.000000	0.503107	0.496893	0.000000	0.000000	0.000000	0.000000	0.000000	0.000000
31	tsk_31	(x)	1	:	0.000001	0.000000	0.000000	0.422947	0.000000	0.000000	0.000000	0.000000	0.577052	0.000000	0.000000
32	tsk_32	(x)	1	:	0.000000	0.000000	0.000000	0.000000	0.497793	0.000000	0.000000	0.146014	0.000000	0.356193	0.000000
33	tsk_33	(x)	1	:	0.000000	0.487587	0.000000	0.512403	0.000000	0.000000	0.000000	0.000000	0.000010	0.000000	0.000000
34	tsk_34	(x)	1	:	0.000000	0.000000	0.000000	0.000000	0.000000	0.000000	0.000000	0.030044	0.000000	0.969956	0.000000
35	tsk_35	(x)	1	:	0.000000	0.000000	0.000000	0.502237	0.000000	0.000000	0.000000	0.141668	0.000000	0.356095	0.000000
36	tsk_36	(x)	1	:	0.000000	0.000000	0.000000	0.000000	0.000000	0.000000	0.000000	0.030120	0.000000	0.969880	0.000000
37	tsk_37	(x)	1	:	0.000000	0.000000	0.000000	0.000000	0.000000	0.000000	0.000000	0.029420	0.000000	0.970580	0.000000
38	tsk_38	(x)	1	:	0.000000	0.000000	0.000000	0.000000	0.000000	0.000000	0.000000	0.018570	0.630161	0.351269	0.000000
39	tsk_39	(x)	1	:	0.000000	0.000000	0.000000	1.000000	0.000000	0.000000	0.000000	0.000000	0.000000	0.000000	0.000000
40	tsk_40	(x)	1	:	0.000001	0.000000	0.000000	0.502360	0.000000	0.000000	0.000000	0.497621	0.000018	0.000000	0.000000
41	tsk_41	(x)	1	:	0.494879	0.000000	0.505118	0.000003	0.000000	0.000000	0.000000	0.000000	0.000000	0.000000	0.000000
42	tsk_42	(x)	1	:	0.759531	0.000000	0.240469	0.000000	0.000000	0.000000	0.000000	0.000000	0.000000	0.000000	0.000000
43	tsk_43	(x)	1	:	0.202343	0.000000	0.297806	0.499837	0.000000	0.000000	0.000000	0.000000	0.000014	0.000000	0.000000
44	tsk_44	(x)	1	:	0.000002	0.000000	0.000000	0.502358	0.000000	0.000000	0.000000	0.497615	0.000025	0.000000	0.000001
45	tsk_45	(x)	1	:	0.502359	0.000000	0.000002	0.000000	0.000000	0.000000	0.000000	0.497629	0.000008	0.000000	0.000001
46	tsk_46	(x)	1	:	0.494879	0.000000	0.505118	0.000003	0.000000	0.000000	0.000000	0.000000	0.000000	0.000000	0.000000
47	tsk_47	(x)	1	:	0.000000	0.000000	0.000000	0.499999	0.000000	0.500000	0.000000	0.000000	0.000000	0.000000	0.000000
48	tsk_48	(x)	1	:	0.000000	0.000000	0.000000	0.536109	0.000000	0.000000	0.000000	0.000012	0.463878	0.000000	0.000000
49	tsk_49	(x)	1	:	0.096060	0.000000	0.406503	0.000000	0.000000	0.000000	0.000000	0.496366	0.001071	0.000000	0.000000
50	tsk_50	(x)	1	:	0.350373	0.000000	0.000002	0.000000	0.000000	0.000000	0.000000	0.000000	0.649626	0.000000	0.000000
51	tsk_51	(x)	1	:	0.000000	0.000000	0.000000	0.000052	0.000000	0.467362	0.000000	0.000000	0.000001	0.000000	0.532586
52	tsk_52	(x)	1	:	0.702092	0.000000	0.297908	0.000000	0.000000	0.000000	0.000000	0.000000	0.000000	0.000000	0.000000
53	tsk_53	(x)	1	:	0.000000	0.000000	0.000000	0.000000	0.484798	0.000000	0.515201	0.000000	0.000000	0.000000	0.000000
54	tsk_54	(x)	1	:	0.446445	0.000000	0.000010	0.000000	0.000000	0.000000	0.000000	0.000000	0.000001	0.000000	0.553543
55	tsk_55	(x)	1	:	0.468412	0.000000	0.000003	0.000000	0.000000	0.000000	0.531576	0.000009	0.000000	0.000000	0.000000
56	tsk_56	(x)	1	:	0.000001	0.000000	0.000000	0.000000	0.502859	0.000000	0.000000	0.000001	0.004444	0.000000	0.492695
57	tsk_57	(x)	1	:	0.536089	0.000000	0.000000	0.000000	0.000000	0.000000	0.000000	0.000008	0.463903	0.000000	0.000000
58	tsk_58	(x)	1	:	0.000000	0.000000	0.000000	0.000000	0.000000	0.479525	0.520472	0.000000	0.000000	0.000000	0.000003
59	tsk_59	(x)	1	:	0.469154	0.000000	0.530846	0.000000	0.000000	0.000000	0.000000	0.000000	0.000000	0.000000	0.000000
60	tsk_60	(x)	1	:	0.000000	0.000000	0.000000	0.000000	0.000000	0.000000	0.000000	0.000009	0.494221	0.000001	0.505768
61	tsk_61	(x)	1	:	0.000000	0.000000	0.000000	0.000000	0.000000	0.000000	0.000000	0.173233	0.000535	0.356262	0.469971
62	tsk_62	(x)	1	:	0.000000	0.000000	0.000000	0.000000	0.000000	0.000000	0.000000	0.000011	0.494202	0.000003	0.505784
63	tsk_63	(x)	1	:	0.000000	0.000000	0.000000	0.000000	0.000000	0.000000	0.000000	0.017865	0.428403	0.553731	0.000000
64	tsk_64	(x)	1	:	0.000000	0.000000	0.000000	0.536111	0.000000	0.000000	0.000000	0.000033	0.463856	0.000000	0.000000
65	tsk_65	(x)	1	:	0.204587	0.000000	0.297673	0.000000	0.000000	0.000000	0.000000	0.141810	0.000000	0.355930	0.000000
66	tsk_66	(x)	1	:	0.000000	0.000000	0.000000	0.000000	0.000000	0.000000	0.000000	0.000011	0.494194	0.000002	0.505792
67	tsk_67	(x)	1	:	0.000000	0.000000	0.000000	0.000000	0.000000	0.000000	0.000000	0.173264	0.000525	0.356245	0.469965
68	tsk_68	(x)	1	:	0.223973	0.000000	0.297695	0.000000	0.000000	0.000000	0.000000	0.000000	0.001821	0.000000	0.476511
69	tsk_69	(x)	1	:	0.536098	0.000000	0.000003	0.000000	0.000000	0.000000	0.000000	0.000002	0.463897	0.000000	0.000000
70	tsk_70	(x)	1	:	0.000000	0.000000	0.000000	0.036525	0.000000	0.499821	0.000000	0.000007	0.463647	0.000000	0.000000
71	tsk_71	(x)	1	:	0.000000	0.510477	0.000000	0.000000	0.000000	0.000000	0.000000	0.197719	0.000008	0.291795	0.000000
72	tsk_72	(x)	1	:	0.000000	0.510492	0.000000	0.000000	0.000000	0.000000	0.000000	0.133333	0.000000	0.356175	0.000000
73	tsk_73	(x)	1	:	0.000000	0.000000	0.000000	0.036553	0.000000	0.499810	0.000000	0.000011	0.463626	0.000000	0.000000
74	tsk_74	(x)	1	:	0.500017	0.000000	0.000001	0.499982	0.000000	0.000000	0.000000	0.000000	0.000000	0.000000	0.000000
75	tsk_75	(x)	1	:	0.000000	1.000000	0.000000	0.000000	0.000000	0.000000	0.000000	0.000000	0.000000	0.000000	0.000000
76	tsk_76	(x)	1	:	0.999996	0.000000	0.000004	0.000000	0.000000	0.000000	0.000000	0.000000	0.000000	0.000000	0.000000
77	tsk_77	(x)	1	:	0.000000	0.000000	0.000000	0.000000	0.000000	0.000000	0.000000	0.000001	0.999997	0.000000	0.000002
78	tsk_78	(x)	1	:	0.536084	0.000000	0.000003	0.000000	0.000000	0.000000	0.000000	0.000011	0.463902	0.000000	0.000000
79	tsk_79	(x)	1	:	0.000000	0.000000	0.000000	0.000000	0.000000	0.000000	0.000000	0.208386	0.435462	0.356152	0.000000
80	tsk_80	(x)	1	:	0.000000	0.000000	0.000000	0.000000	0.000000	0.000000	0.000000	0.000017	0.999983	0.000000	0.000000
81	tsk_81	(x)	1	:	0.513460	0.486523	0.000017	0.000000	0.000000	0.000000	0.000000	0.000000	0.000000	0.000000	0.000000
82	tsk_82	(x)	1	:	0.000000	0.000000	0.000000	0.006009	0.496227	0.497764	0.000000	0.000000	0.000000	0.000000	0.000000
83	tsk_83	(x)	1	:	0.000000	0.000000	0.000000	0.000000	0.000000	1.000000	0.000000	0.000000	0.000000	0.000000	0.000000
84	tsk_84	(x)	1	:	0.000009	0.000000	0.000000	0.000000	0.504153	0.000000	0.000000	0.000018	0.495821	0.000000	0.000000
85	tsk_85	(x)	1	:	0.000000	0.000000	0.000000	0.036588	0.000000	0.499795	0.000000	0.000009	0.463607	0.000000	0.000000
86	tsk_86	(x)	1	:	0.000000	0.000000	0.000000	0.005945	0.496241	0.497814	0.000000	0.000000	0.000000	0.000000	0.000000
87	tsk_87	(x)	1	:	0.000000	0.000000	0.000000	0.000000	1.000000	0.000000	0.000000	0.000000	0.000000	0.000000	0.000000
88	tsk_88	(x)	1	:	0.000000	0.000000	0.000000	0.000000	0.000000	1.000000	0.000000	0.000000	0.000000	0.000000	0.000000
89	tsk_89	(x)	1	:	0.000001	0.490839	0.000000	0.000001	0.000000	0.000000	0.000000	0.000024	0.509135	0.000000	0.000000
90	tsk_90	(x)	1	:	0.330862	0.000000	0.669137	0.000000	0.000000	0.000000	0.000000	0.000000	0.000001	0.000000	0.000000
91	tsk_91	(x)	1	:	0.019048	0.000000	0.418883	0.000010	0.000000	0.000000	0.000000	0.000000	0.000004	0.000000	0.562056
92	tsk_92	(x)	1	:	0.000000	0.000000	0.000000	0.000000	0.000000	0.000000	0.000000	0.000000	0.000000	0.000000	1.000000
93	tsk_93	(x)	1	:	0.000001	0.000000	0.000000	0.000000	0.502875	0.000000	0.000000	0.000001	0.004265	0.000000	0.492857
94	tsk_94	(x)	1	:	0.019944	0.000000	0.418328	0.000010	0.000000	0.000000	0.000000	0.000000	0.000004	0.000000	0.561714
95	tsk_95	(x)	1	:	0.141679	0.000000	0.297733	0.000005	0.000000	0.000000	0.000000	0.000000	0.000000	0.000000	0.560582
96	tsk_96	(x)	1	:	0.000000	0.000000	0.000000	0.000000	0.478874	0.000000	0.000000	0.000000	0.000000	0.000000	0.521126
97	tsk_97	(x)	1	:	0.020055	0.000000	0.418259	0.000010	0.000000	0.000000	0.000000	0.000000	0.000004	0.000000	0.561672
98	tsk_98	(x)	1	:	0.000000	0.000000	0.000000	0.000000	0.000000	0.000000	0.553021	0.000085	0.000001	0.000000	0.446893
99	tsk_99	(x)	1	:	0.000000	0.000000	0.000000	0.502253	0.000000	0.000000	0.000000	0.205754	0.000003	0.291989	0.000000
100	tsk_100	(x)	1	:	0.000001	0.000000	0.000000	0.502226	0.000000	0.000000	0.000000	0.141706	0.000000	0.356067	0.000000
101	tsk_101	(x)	1	:	0.000000	0.000000	0.000000	0.000000	0.000000	0.000000	0.000000	0.999998	0.000002	0.000000	0.000000
102	tsk_102	(x)	1	:	0.000000	0.000000	0.000000	0.000000	0.000000	0.000000	0.000000	0.528840	0.001617	0.000000	0.469543
103	tsk_103	(x)	1	:	0.000000	0.000000	0.000000	0.000000	0.000000	0.000000	0.000000	0.529158	0.000983	0.000000	0.469859
104	tsk_104	(x)	1	:	0.500010	0.000000	0.000005	0.499984	0.000000	0.000000	0.000000	0.000000	0.000001	0.000000	0.000000
105	tsk_105	(x)	1	:	0.500015	0.000000	0.000007	0.499978	0.000000	0.000000	0.000000	0.000000	0.000001	0.000000	0.000000
106	tsk_106	(x)	1	:	0.000000	1.000000	0.000000	0.000000	0.000000	0.000000	0.000000	0.000000	0.000000	0.000000	0.000000
107	tsk_107	(x)	1	:	0.000000	0.000000	0.000000	0.000000	0.000000	0.000000	0.000000	0.529073	0.001151	0.000000	0.469776
108	tsk_108	(x)	1	:	0.000001	0.000000	0.000000	0.000000	0.497820	0.000000	0.000000	0.502175	0.000004	0.000000	0.000000
109	tsk_109	(x)	1	:	0.000000	0.000000	0.000000	0.000000	0.000000	0.000000	0.000000	1.000000	0.000000	0.000000	0.000000
110	tsk_110	(x)	1	:	0.502088	0.000000	0.000001	0.000000	0.000000	0.000000	0.432174	0.065737	0.000000	0.000000	0.000000
111	tsk_111	(x)	1	:	0.000000	0.000000	0.000000	0.000000	0.000000	0.000000	0.000000	0.564292	0.435708	0.000000	0.000000
112	tsk_112	(x)	1	:	0.536087	0.000000	0.000000	0.000000	0.000000	0.000000	0.000000	0.000006	0.463907	0.000000	0.000000
113	tsk_113	(x)	1	:	0.521764	0.000000	0.000002	0.000000	0.000000	0.000000	0.000000	0.000001	0.001293	0.000000	0.476940
114	tsk_114	(x)	1	:	0.999995	0.000000	0.000005	0.000000	0.000000	0.000000	0.000000	0.000000	0.000000	0.000000	0.000000
115	tsk_115	(x)	1	:	0.521504	0.000000	0.000004	0.000001	0.000000	0.000000	0.000000	0.000001	0.002070	0.000000	0.476420
116	tsk_116	(x)	1	:	0.000000	0.000000	0.000000	0.502312	0.000000	0.000000	0.432487	0.065201	0.000000	0.000000	0.000000
117	tsk_117	(x)	1	:	0.000000	0.000000	0.000000	0.000000	0.000000	0.000000	0.432583	0.096780	0.000525	0.000000	0.470112
118	tsk_118	(x)	1	:	0.536085	0.000000	0.000000	0.000000	0.000000	0.000000	0.000000	0.000005	0.463910	0.000000	0.000000
119	tsk_119	(x)	1	:	0.502298	0.000000	0.000002	0.000000	0.000000	0.000000	0.432473	0.065226	0.000000	0.000000	0.000000
120	tsk_120	(x)	1	:	0.000000	0.000000	0.000000	1.000000	0.000000	0.000000	0.000000	0.000000	0.000000	0.000000	0.000000
121	tsk_121	(x)	1	:	0.238417	0.000000	0.297830	0.000000	0.000000	0.000000	0.000000	0.000004	0.463749	0.000000	0.000000
122	tsk_122	(x)	1	:	0.000001	0.000000	0.000000	0.502362	0.000000	0.000000	0.000000	0.497622	0.000013	0.000000	0.000001
123	tsk_123	(x)	1	:	0.000000	0.000000	0.000000	0.000000	0.529206	0.000000	0.000000	0.000046	0.470748	0.000000	0.000000
124	tsk_124	(x)	1	:	0.000000	0.000000	0.000000	0.502362	0.000000	0.000000	0.000000	0.497623	0.000013	0.000000	0.000001
125	tsk_125	(x)	1	:	0.202353	0.000000	0.297803	0.499844	0.000000	0.000000	0.000000	0.000000	0.000000	0.000000	0.000000
126	tsk_126	(x)	1	:	0.000000	0.000000	0.000000	0.536098	0.000000	0.000000	0.000000	0.000007	0.463895	0.000000	0.000000
127	tsk_127	(x)	1	:	0.000000	0.000000	0.000000	0.502308	0.000000	0.000000	0.432481	0.065212	0.000000	0.000000	0.000000
128	tsk_128	(x)	1	:	0.000000	0.000000	0.000000	0.536106	0.000000	0.000000	0.000000	0.000009	0.463884	0.000000	0.000000
129	tsk_129	(x)	1	:	0.123679	0.000000	0.876321	0.000000	0.000000	0.000000	0.000000	0.000000	0.000000	0.000000	0.000000
130	tsk_130	(x)	1	:	0.000000	0.000000	0.000000	0.499999	0.000000	0.500000	0.000000	0.000000	0.000000	0.000000	0.000000
131	tsk_131	(x)	1	:	0.000000	0.000000	0.000000	0.000000	0.000000	1.000000	0.000000	0.000000	0.000000	0.000000	0.000000
132	tsk_132	(x)	1	:	0.000000	0.000000	0.000000	0.000000	0.000000	0.000000	0.000000	0.643640	0.000000	0.356360	0.000000
133	tsk_133	(x)	1	:	0.000000	0.000000	0.000000	0.000000	0.000000	1.000000	0.000000	0.000000	0.000000	0.000000	0.000000
134	tsk_134	(x)	1	:	0.999995	0.000000	0.000005	0.000000	0.000000	0.000000	0.000000	0.000000	0.000000	0.000000	0.000000
135	tsk_135	(x)	1	:	0.000000	0.000000	0.000000	0.000000	0.000000	0.000000	0.000000	0.018663	0.630118	0.351219	0.000000
136	tsk_136	(x)	1	:	0.500010	0.000000	0.000001	0.499988	0.000000	0.000000	0.000000	0.000000	0.000000	0.000000	0.000000
137	tsk_137	(x)	1	:	0.494911	0.000000	0.000003	0.008464	0.000000	0.496622	0.000000	0.000000	0.000000	0.000000	0.000000
138	tsk_138	(x)	1	:	0.500006	0.000000	0.000003	0.499990	0.000000	0.000000	0.000000	0.000000	0.000001	0.000000	0.000000
139	tsk_139	(x)	1	:	0.000000	0.000000	0.000000	0.499999	0.000000	0.500000	0.000000	0.000000	0.000000	0.000000	0.000000
140	tsk_140	(x)	1	:	0.536088	0.000000	0.000000	0.000000	0.000000	0.000000	0.000000	0.000009	0.463903	0.000000	0.000000
141	tsk_141	(x)	1	:	0.485331	0.000000	0.514592	0.000000	0.000000	0.000000	0.000000	0.000000	0.000077	0.000000	0.000000
142	tsk_142	(x)	1	:	0.000000	0.000000	0.000000	0.000000	0.000000	0.000000	0.000000	0.385446	0.000000	0.614554	0.000000
143	tsk_143	(x)	1	:	0.238423	0.000000	0.297836	0.000000	0.000000	0.000000	0.000000	0.000003	0.463738	0.000000	0.000000
144	tsk_144	(x)	1	:	0.000000	0.000000	0.000000	0.000000	0.000000	0.000000	0.000000	0.000019	0.999981	0.000000	0.000000
145	tsk_145	(x)	1	:	0.000000	0.000000	0.000000	0.000000	0.000000	0.000000	0.566152	0.012356	0.421354	0.000000	0.000138
146	tsk_146	(x)	1	:	0.702092	0.000000	0.297908	0.000000	0.000000	0.000000	0.000000	0.000000	0.000000	0.000000	0.000000
147	tsk_147	(x)	1	:	0.000000	0.000000	0.000000	0.000000	0.000000	0.000000	0.000000	0.018840	0.630036	0.351124	0.000000
148	tsk_148	(x)	1	:	0.502357	0.000000	0.000003	0.000000	0.000000	0.000000	0.000000	0.497624	0.000014	0.000000	0.000002
149	tsk_149	(x)	1	:	0.000000	0.000000	0.000000	0.036528	0.000000	0.499819	0.000000	0.000007	0.463645	0.000000	0.000000
