logL = -1232.012744 (converged)
AIC = 6940.025489
BIC = 13677.827277

count.K
3 48 17 1 4 1 11 2 48 2 10 3 

