logL = -687.793983 (converged)
AIC = 4019.587966
BIC = 7999.647825

count.K
28 2 2 46 14 15 6 37 

