logL = -1738.137430 (converged)
AIC = 7096.274860
BIC = 12545.524742

count.K
11 8 28 19 28 10 9 18 5 14 

