logL = -598.587893 (converged)
AIC = 2607.175787
BIC = 4729.673669

count.K
1 51 76 2 20 

