logL = -666.642759 (converged)
AIC = 3169.285519
BIC = 5933.048719

count.K
16 12 15 5 60 42 

