logL = -1447.193780 (converged)
AIC = 8804.387560
BIC = 17700.814854

count.K
11 11 14 16 13 1 14 6 9 6 1 26 19 2 1 

