logL = -741.837422 (converged)
AIC = 5231.674843
BIC = 10873.605385

count.K
2 9 4 17 5 0 7 21 73 3 9 

