logL = -1044.966465 (converged)
AIC = 4069.932931
BIC = 7050.461872

count.K
18 54 56 7 2 13 

