logL = -1071.724327 (converged)
AIC = 6397.448653
BIC = 12801.069924

count.K
26 6 9 21 10 14 6 11 16 12 19 

