logL = -1605.752326 (converged)
AIC = 7759.504652
BIC = 14605.689310

count.K
5 0 5 6 22 1 7 42 40 8 2 12 

