logL = -1672.076168 (converged)
AIC = 9164.152335
BIC = 17925.101041

count.K
0 24 12 8 3 28 15 8 18 8 11 1 9 3 2 

