0	tsk_0	(x)	1	:	0.000000	0.000000	0.332845	0.000000	0.284843	0.000000	0.000000	0.000000	0.000000	0.000000	0.000000	0.000000	0.382312
1	tsk_1	(x)	1	:	0.000000	0.000000	0.653937	0.000000	0.202597	0.000000	0.000000	0.000000	0.000000	0.000000	0.000000	0.000000	0.143465
2	tsk_2	(x)	1	:	0.000000	0.000000	0.214405	0.000000	0.291049	0.000000	0.000000	0.000000	0.000000	0.000000	0.000000	0.000000	0.494546
3	tsk_3	(x)	1	:	0.000000	0.000000	0.599021	0.000000	0.092923	0.000000	0.000000	0.000000	0.000000	0.000000	0.000000	0.000000	0.308056
4	tsk_4	(x)	1	:	0.000000	0.000000	0.640320	0.000000	0.112628	0.000000	0.000000	0.000000	0.000000	0.000000	0.000000	0.000000	0.247052
5	tsk_5	(x)	1	:	0.000000	0.000000	0.242234	0.000000	0.217412	0.000000	0.000000	0.000000	0.000000	0.000000	0.000000	0.489091	0.051263
6	tsk_6	(x)	1	:	0.500000	0.000000	0.313728	0.000000	0.020032	0.000000	0.000000	0.000000	0.000000	0.000000	0.000000	0.000000	0.166240
7	tsk_7	(x)	1	:	0.000000	0.000000	0.099502	0.000000	0.285644	0.000000	0.000000	0.000000	0.000000	0.000000	0.000000	0.489091	0.125763
8	tsk_8	(x)	1	:	0.000000	0.000000	0.171246	0.000000	0.303454	0.000000	0.000000	0.000000	0.000000	0.000000	0.000000	0.000000	0.525300
9	tsk_9	(x)	1	:	0.000000	0.000000	0.404287	0.000000	0.182840	0.000000	0.000000	0.000000	0.000000	0.000000	0.000000	0.000000	0.412873
10	tsk_10	(x)	1	:	0.000000	0.000000	0.001868	0.000000	0.008095	0.000000	0.499840	0.000000	0.000000	0.000000	0.000000	0.488931	0.001266
11	tsk_11	(x)	1	:	0.502184	0.000000	0.000000	0.000000	0.000000	0.000000	0.000000	0.000000	0.000000	0.000000	0.000000	0.497816	0.000000
12	tsk_12	(x)	1	:	0.000000	0.000000	0.000000	0.000000	0.000000	0.000000	0.000000	0.000000	0.000000	0.000000	0.000000	1.000000	0.000000
13	tsk_13	(x)	1	:	0.000000	0.000000	0.096476	0.000000	0.332666	0.000000	0.000000	0.000000	0.000000	0.000000	0.000000	0.489091	0.081767
14	tsk_14	(x)	1	:	0.475963	0.000000	0.000000	0.000000	0.000000	0.126753	0.000000	0.000000	0.000000	0.000000	0.000000	0.397284	0.000000
15	tsk_15	(x)	1	:	0.000000	0.000000	0.000000	0.331521	0.000000	0.000000	0.000000	0.000000	0.000000	0.000000	0.000000	0.668479	0.000000
16	tsk_16	(x)	1	:	0.000000	0.000000	0.000000	0.000000	0.000000	0.000000	0.000000	0.000000	0.000000	0.000000	0.000000	1.000000	0.000000
17	tsk_17	(x)	1	:	0.000000	0.000000	0.291698	0.000000	0.136636	0.000000	0.000000	0.000000	0.000000	0.000000	0.000000	0.489091	0.082575
18	tsk_18	(x)	1	:	0.500651	0.000000	0.000000	0.000000	0.007636	0.000000	0.000000	0.000000	0.000000	0.000000	0.000000	0.491713	0.000000
19	tsk_19	(x)	1	:	0.012557	0.000000	0.028559	0.000000	0.005621	0.322479	0.000000	0.000000	0.000000	0.489945	0.000000	0.000000	0.140840
20	tsk_20	(x)	1	:	0.500000	0.000000	0.425690	0.000000	0.074310	0.000000	0.000000	0.000000	0.000000	0.000000	0.000000	0.000000	0.000000
21	tsk_21	(x)	1	:	0.499974	0.000000	0.000000	0.000000	0.000000	0.000000	0.000000	0.000000	0.000000	0.000000	0.500026	0.000000	0.000000
22	tsk_22	(x)	1	:	0.000000	0.000000	0.379776	0.000000	0.329874	0.000000	0.000000	0.000000	0.000000	0.000000	0.000000	0.000000	0.290350
23	tsk_23	(x)	1	:	0.000000	0.000000	0.596729	0.000000	0.096328	0.000000	0.000000	0.000000	0.000000	0.000000	0.000000	0.000000	0.306943
24	tsk_24	(x)	1	:	0.500000	0.000000	0.282393	0.000000	0.066428	0.000000	0.000000	0.000000	0.000000	0.000000	0.000000	0.000000	0.151179
25	tsk_25	(x)	1	:	0.000000	0.000000	0.000000	0.000000	0.000000	0.000000	0.000000	0.000000	0.000000	0.000000	0.000000	1.000000	0.000000
26	tsk_26	(x)	1	:	0.000000	0.000000	0.000000	0.000000	0.000000	0.000000	0.000000	0.000000	0.000000	0.000000	0.000000	1.000000	0.000000
27	tsk_27	(x)	1	:	0.000000	0.000000	0.000000	0.000000	0.563201	0.000000	0.000000	0.000000	0.000000	0.000000	0.000000	0.000000	0.436799
28	tsk_28	(x)	1	:	0.500000	0.000000	0.000000	0.000000	0.000000	0.000000	0.000000	0.000000	0.000000	0.500000	0.000000	0.000000	0.000000
29	tsk_29	(x)	1	:	0.000000	0.000000	0.614935	0.000000	0.227471	0.000000	0.000000	0.000000	0.000000	0.000000	0.000000	0.000000	0.157594
30	tsk_30	(x)	1	:	1.000000	0.000000	0.000000	0.000000	0.000000	0.000000	0.000000	0.000000	0.000000	0.000000	0.000000	0.000000	0.000000
31	tsk_31	(x)	1	:	0.500000	0.000000	0.185639	0.000000	0.084887	0.000000	0.000000	0.000000	0.000000	0.000000	0.000000	0.000000	0.229474
32	tsk_32	(x)	1	:	0.506054	0.000000	0.000000	0.000000	0.000000	0.493946	0.000000	0.000000	0.000000	0.000000	0.000000	0.000000	0.000000
33	tsk_33	(x)	1	:	0.012439	0.000000	0.005038	0.000000	0.000000	0.485441	0.000000	0.000000	0.000000	0.489884	0.000000	0.000000	0.007198
34	tsk_34	(x)	1	:	1.000000	0.000000	0.000000	0.000000	0.000000	0.000000	0.000000	0.000000	0.000000	0.000000	0.000000	0.000000	0.000000
35	tsk_35	(x)	1	:	1.000000	0.000000	0.000000	0.000000	0.000000	0.000000	0.000000	0.000000	0.000000	0.000000	0.000000	0.000000	0.000000
36	tsk_36	(x)	1	:	0.506054	0.000000	0.000000	0.000000	0.000000	0.493946	0.000000	0.000000	0.000000	0.000000	0.000000	0.000000	0.000000
37	tsk_37	(x)	1	:	0.000000	0.000000	0.000000	0.000000	0.000000	1.000000	0.000000	0.000000	0.000000	0.000000	0.000000	0.000000	0.000000
38	tsk_38	(x)	1	:	0.506054	0.000000	0.000000	0.000000	0.000000	0.493946	0.000000	0.000000	0.000000	0.000000	0.000000	0.000000	0.000000
39	tsk_39	(x)	1	:	1.000000	0.000000	0.000000	0.000000	0.000000	0.000000	0.000000	0.000000	0.000000	0.000000	0.000000	0.000000	0.000000
40	tsk_40	(x)	1	:	0.500000	0.000000	0.237394	0.000000	0.072164	0.000000	0.000000	0.000000	0.000000	0.000000	0.000000	0.000000	0.190443
41	tsk_41	(x)	1	:	0.000000	0.000000	0.455469	0.000000	0.195891	0.000000	0.000000	0.000000	0.000000	0.000000	0.000000	0.000000	0.348640
42	tsk_42	(x)	1	:	0.000000	0.000000	0.141498	0.000000	0.014263	0.000000	0.000000	0.000000	0.000000	0.500000	0.000000	0.000000	0.344239
43	tsk_43	(x)	1	:	0.012415	0.000000	0.168012	0.000000	0.021293	0.000000	0.000000	0.000000	0.000000	0.490039	0.000000	0.000000	0.308241
44	tsk_44	(x)	1	:	0.000000	0.000000	0.000000	0.000000	0.281838	0.000000	0.000000	0.000000	0.000000	0.000000	0.000000	0.000000	0.718162
45	tsk_45	(x)	1	:	0.000000	0.000000	0.520670	0.000000	0.080964	0.000000	0.000000	0.000000	0.000000	0.000000	0.000000	0.000000	0.398366
46	tsk_46	(x)	1	:	0.000000	0.000000	0.460808	0.000000	0.068902	0.000000	0.000000	0.000000	0.000000	0.000000	0.000000	0.000000	0.470290
47	tsk_47	(x)	1	:	0.000000	0.000000	0.351045	0.000000	0.380809	0.000000	0.000000	0.000000	0.000000	0.000000	0.000000	0.000000	0.268145
48	tsk_48	(x)	1	:	0.012398	0.000000	0.115491	0.000000	0.009868	0.000000	0.000000	0.000000	0.000000	0.490052	0.000000	0.000000	0.372190
49	tsk_49	(x)	1	:	0.000000	0.000000	0.162712	0.000000	0.265014	0.000000	0.000000	0.000000	0.000000	0.000000	0.000000	0.489091	0.083183
50	tsk_50	(x)	1	:	0.000000	0.000000	0.016860	0.485701	0.012808	0.000000	0.000000	0.471745	0.000000	0.000000	0.000000	0.000000	0.012885
51	tsk_51	(x)	1	:	1.000000	0.000000	0.000000	0.000000	0.000000	0.000000	0.000000	0.000000	0.000000	0.000000	0.000000	0.000000	0.000000
52	tsk_52	(x)	1	:	0.000000	0.000000	0.000000	1.000000	0.000000	0.000000	0.000000	0.000000	0.000000	0.000000	0.000000	0.000000	0.000000
53	tsk_53	(x)	1	:	1.000000	0.000000	0.000000	0.000000	0.000000	0.000000	0.000000	0.000000	0.000000	0.000000	0.000000	0.000000	0.000000
54	tsk_54	(x)	1	:	0.500000	0.000000	0.293316	0.000000	0.030037	0.000000	0.000000	0.000000	0.000000	0.000000	0.000000	0.000000	0.176647
55	tsk_55	(x)	1	:	0.000000	0.000000	0.133866	0.485696	0.164918	0.000000	0.000000	0.000000	0.000000	0.000000	0.000000	0.000000	0.215520
56	tsk_56	(x)	1	:	0.500443	0.000000	0.001397	0.000000	0.007284	0.000000	0.000000	0.000000	0.000000	0.000000	0.000000	0.490877	0.000000
57	tsk_57	(x)	1	:	0.000000	0.492370	0.000000	0.000000	0.000000	0.000000	0.000000	0.000000	0.000000	0.000000	0.000000	0.507630	0.000000
58	tsk_58	(x)	1	:	0.500000	0.000000	0.000000	0.000000	0.134180	0.000000	0.000000	0.000000	0.000000	0.000000	0.000000	0.000000	0.365820
59	tsk_59	(x)	1	:	0.000000	0.000000	0.000000	0.482329	0.000000	0.000000	0.000000	0.000000	0.000000	0.000000	0.000000	0.517671	0.000000
60	tsk_60	(x)	1	:	0.500000	0.000000	0.237115	0.000000	0.069375	0.000000	0.000000	0.000000	0.000000	0.000000	0.000000	0.000000	0.193509
61	tsk_61	(x)	1	:	0.000000	0.000000	0.552235	0.000000	0.164044	0.000000	0.000000	0.000000	0.000000	0.000000	0.000000	0.000000	0.283720
62	tsk_62	(x)	1	:	0.500368	0.000000	0.000000	0.000000	0.004000	0.000000	0.000000	0.000000	0.000000	0.000000	0.000000	0.490574	0.005058
63	tsk_63	(x)	1	:	0.000000	0.000000	0.211072	0.000000	0.465628	0.000000	0.000000	0.000000	0.000000	0.000000	0.000000	0.000000	0.323300
64	tsk_64	(x)	1	:	0.000000	0.000000	0.705995	0.000000	0.112341	0.000000	0.000000	0.000000	0.000000	0.000000	0.000000	0.000000	0.181663
65	tsk_65	(x)	1	:	0.000000	0.000000	0.154040	0.000000	0.356868	0.000000	0.000000	0.000000	0.000000	0.000000	0.000000	0.489091	0.000000
66	tsk_66	(x)	1	:	0.500000	0.000000	0.168020	0.000000	0.058694	0.000000	0.000000	0.000000	0.000000	0.000000	0.000000	0.000000	0.273286
67	tsk_67	(x)	1	:	0.000000	0.000000	0.000000	0.000000	0.000000	0.000000	0.000000	0.000000	0.000000	0.000000	0.000000	0.489091	0.510909
68	tsk_68	(x)	1	:	0.500000	0.000000	0.172454	0.000000	0.048243	0.000000	0.000000	0.000000	0.000000	0.000000	0.000000	0.000000	0.279304
69	tsk_69	(x)	1	:	0.000000	0.000000	0.276820	0.000000	0.298835	0.000000	0.000000	0.000000	0.000000	0.000000	0.000000	0.000000	0.424345
70	tsk_70	(x)	1	:	0.000000	0.000000	0.022749	0.000000	0.008841	0.000000	0.000000	0.471738	0.000000	0.000000	0.000000	0.489079	0.007592
71	tsk_71	(x)	1	:	0.502184	0.000000	0.000000	0.000000	0.000000	0.000000	0.000000	0.000000	0.000000	0.000000	0.000000	0.497816	0.000000
72	tsk_72	(x)	1	:	0.502184	0.000000	0.000000	0.000000	0.000000	0.000000	0.000000	0.000000	0.000000	0.000000	0.000000	0.497816	0.000000
73	tsk_73	(x)	1	:	0.012199	0.000000	0.004627	0.000000	0.000280	0.000000	0.000000	0.000000	0.000000	0.490008	0.000000	0.488074	0.004812
74	tsk_74	(x)	1	:	0.000000	0.000000	0.460573	0.000000	0.069328	0.000000	0.000000	0.000000	0.000000	0.000000	0.000000	0.000000	0.470099
75	tsk_75	(x)	1	:	0.500354	0.000000	0.000000	0.000000	0.000000	0.000000	0.000000	0.000000	0.000000	0.000000	0.000000	0.490518	0.009128
76	tsk_76	(x)	1	:	1.000000	0.000000	0.000000	0.000000	0.000000	0.000000	0.000000	0.000000	0.000000	0.000000	0.000000	0.000000	0.000000
77	tsk_77	(x)	1	:	0.000000	0.000000	0.139419	0.000000	0.313140	0.000000	0.000000	0.000000	0.000000	0.000000	0.000000	0.489091	0.058349
78	tsk_78	(x)	1	:	0.000000	0.000000	0.000000	0.000000	0.000000	0.000000	0.000000	0.481450	0.000000	0.000000	0.000000	0.518550	0.000000
79	tsk_79	(x)	1	:	0.000000	0.000000	0.243608	0.000000	0.163803	0.000000	0.000000	0.000000	0.000000	0.000000	0.000000	0.489091	0.103497
80	tsk_80	(x)	1	:	0.000000	0.000000	0.202976	0.000000	0.179472	0.000000	0.000000	0.000000	0.000000	0.000000	0.000000	0.489091	0.128461
81	tsk_81	(x)	1	:	0.000000	0.000000	0.457122	0.000000	0.193892	0.000000	0.000000	0.000000	0.000000	0.000000	0.000000	0.000000	0.348985
82	tsk_82	(x)	1	:	0.000000	0.000000	0.000000	0.000000	0.000000	0.000000	0.000000	1.000000	0.000000	0.000000	0.000000	0.000000	0.000000
83	tsk_83	(x)	1	:	0.000000	0.000000	0.177687	0.000000	0.024572	0.000000	0.000000	0.549642	0.000000	0.000000	0.000000	0.000000	0.248099
84	tsk_84	(x)	1	:	0.500000	0.000000	0.393417	0.000000	0.044806	0.000000	0.000000	0.000000	0.000000	0.000000	0.000000	0.000000	0.061777
85	tsk_85	(x)	1	:	0.000000	0.000000	0.316837	0.000000	0.017696	0.000000	0.000000	0.556512	0.000000	0.000000	0.000000	0.000000	0.108955
86	tsk_86	(x)	1	:	0.500000	0.000000	0.192029	0.000000	0.077242	0.000000	0.000000	0.000000	0.000000	0.000000	0.000000	0.000000	0.230728
87	tsk_87	(x)	1	:	0.000000	0.000000	0.478739	0.000000	0.155991	0.000000	0.000000	0.000000	0.000000	0.000000	0.000000	0.000000	0.365270
88	tsk_88	(x)	1	:	0.000000	0.000000	0.393827	0.000000	0.000000	0.000000	0.000000	0.000000	0.000000	0.000000	0.000000	0.000000	0.606173
89	tsk_89	(x)	1	:	0.500000	0.000000	0.290223	0.000000	0.020757	0.000000	0.000000	0.000000	0.000000	0.000000	0.000000	0.000000	0.189020
90	tsk_90	(x)	1	:	0.000000	0.512597	0.000000	0.000000	0.000000	0.000000	0.000000	0.000000	0.000000	0.487403	0.000000	0.000000	0.000000
91	tsk_91	(x)	1	:	0.012439	0.000000	0.205718	0.000000	0.014713	0.000000	0.000000	0.000000	0.000000	0.490019	0.000000	0.000000	0.277110
92	tsk_92	(x)	1	:	0.502184	0.000000	0.000000	0.000000	0.000000	0.000000	0.000000	0.000000	0.000000	0.000000	0.000000	0.497816	0.000000
93	tsk_93	(x)	1	:	0.012398	0.000000	0.290840	0.000000	0.011180	0.000000	0.000000	0.000000	0.000000	0.490052	0.000000	0.000000	0.195530
94	tsk_94	(x)	1	:	0.500000	0.000000	0.192762	0.000000	0.076382	0.000000	0.000000	0.000000	0.000000	0.000000	0.000000	0.000000	0.230856
95	tsk_95	(x)	1	:	0.000000	0.000000	0.000000	0.000000	0.000000	0.000000	0.000000	0.000000	0.000000	0.501820	0.000000	0.498180	0.000000
96	tsk_96	(x)	1	:	0.000000	0.000000	0.000000	0.000000	0.000000	0.000000	0.000000	0.000000	0.000000	1.000000	0.000000	0.000000	0.000000
97	tsk_97	(x)	1	:	0.029932	0.479081	0.000000	0.000000	0.000000	0.000000	0.000000	0.000000	0.000000	0.000000	0.000000	0.490987	0.000000
98	tsk_98	(x)	1	:	0.500000	0.000000	0.236992	0.000000	0.021004	0.000000	0.000000	0.000000	0.000000	0.000000	0.000000	0.000000	0.242004
99	tsk_99	(x)	1	:	0.012431	0.000000	0.054166	0.000000	0.014201	0.000000	0.000000	0.000000	0.000000	0.490025	0.000000	0.000000	0.429176
100	tsk_100	(x)	1	:	0.000000	0.000000	0.072625	0.000000	0.205984	0.000000	0.500000	0.000000	0.000000	0.000000	0.000000	0.000000	0.221390
101	tsk_101	(x)	1	:	0.000000	0.000000	0.142402	0.000000	0.117694	0.000000	0.500000	0.000000	0.000000	0.000000	0.000000	0.000000	0.239904
102	tsk_102	(x)	1	:	0.000000	0.000000	0.000000	0.000000	0.000000	0.000000	0.505458	0.000000	0.000000	0.000000	0.000000	0.494542	0.000000
103	tsk_103	(x)	1	:	0.000000	0.000000	0.160369	0.000000	0.254464	0.000000	0.500000	0.000000	0.000000	0.000000	0.000000	0.000000	0.085167
104	tsk_104	(x)	1	:	0.000000	0.000000	0.187237	0.239846	0.361563	0.000000	0.000000	0.000000	0.000000	0.000000	0.000000	0.000000	0.211354
105	tsk_105	(x)	1	:	0.000000	0.000000	0.193733	0.000000	0.203762	0.000000	0.500000	0.000000	0.000000	0.000000	0.000000	0.000000	0.102505
106	tsk_106	(x)	1	:	0.000000	0.000000	0.003677	0.000000	0.004816	0.000000	0.499903	0.000000	0.000000	0.000000	0.000000	0.488994	0.002609
107	tsk_107	(x)	1	:	0.000000	0.000000	0.122963	0.000000	0.178961	0.000000	0.000000	0.000000	0.000000	0.000000	0.000000	0.489091	0.208984
108	tsk_108	(x)	1	:	0.000000	0.000000	0.001357	0.000000	0.009126	0.000000	0.499834	0.000000	0.000000	0.000000	0.000000	0.488926	0.000756
109	tsk_109	(x)	1	:	0.000000	0.000000	0.254515	0.000000	0.551235	0.000000	0.000000	0.000000	0.000000	0.000000	0.000000	0.000000	0.194250
110	tsk_110	(x)	1	:	0.000000	0.000000	0.486566	0.000000	0.138125	0.000000	0.000000	0.000000	0.000000	0.000000	0.000000	0.000000	0.375309
111	tsk_111	(x)	1	:	0.000000	0.000000	0.000000	0.482329	0.000000	0.000000	0.000000	0.000000	0.000000	0.000000	0.000000	0.517671	0.000000
112	tsk_112	(x)	1	:	0.000000	0.000000	0.143910	0.485696	0.082202	0.000000	0.000000	0.000000	0.000000	0.000000	0.000000	0.000000	0.288192
113	tsk_113	(x)	1	:	0.000000	0.000000	0.071696	0.000000	0.318671	0.000000	0.000000	0.000000	0.000000	0.000000	0.000000	0.489091	0.120542
114	tsk_114	(x)	1	:	0.000000	0.000000	0.215319	0.000000	0.249650	0.000000	0.000000	0.000000	0.000000	0.000000	0.000000	0.489091	0.045939
115	tsk_115	(x)	1	:	0.502184	0.000000	0.000000	0.000000	0.000000	0.000000	0.000000	0.000000	0.000000	0.000000	0.000000	0.497816	0.000000
116	tsk_116	(x)	1	:	0.502184	0.000000	0.000000	0.000000	0.000000	0.000000	0.000000	0.000000	0.000000	0.000000	0.000000	0.497816	0.000000
117	tsk_117	(x)	1	:	0.000000	0.000000	0.159416	0.000000	0.284113	0.000000	0.000000	0.000000	0.000000	0.000000	0.000000	0.489091	0.067379
118	tsk_118	(x)	1	:	0.500000	0.000000	0.000000	0.000000	0.000000	0.000000	0.000000	0.000000	0.000000	0.500000	0.000000	0.000000	0.000000
119	tsk_119	(x)	1	:	0.000000	0.000000	0.099719	0.000000	0.284585	0.000000	0.000000	0.000000	0.000000	0.000000	0.000000	0.489091	0.126604
120	tsk_120	(x)	1	:	0.000000	0.000000	0.005402	0.000000	0.016683	0.000000	0.000000	0.471737	0.000000	0.000000	0.000000	0.489076	0.017102
121	tsk_121	(x)	1	:	0.581797	0.000000	0.000000	0.000000	0.000000	0.000000	0.000000	0.418203	0.000000	0.000000	0.000000	0.000000	0.000000
122	tsk_122	(x)	1	:	0.000000	0.000000	0.133445	0.485696	0.166624	0.000000	0.000000	0.000000	0.000000	0.000000	0.000000	0.000000	0.214236
123	tsk_123	(x)	1	:	0.000000	0.000000	0.274510	0.000000	0.126176	0.000000	0.000000	0.471742	0.000000	0.000000	0.000000	0.000000	0.127571
124	tsk_124	(x)	1	:	0.500000	0.000000	0.335076	0.000000	0.030464	0.000000	0.000000	0.000000	0.000000	0.000000	0.000000	0.000000	0.134460
125	tsk_125	(x)	1	:	0.581797	0.000000	0.000000	0.000000	0.000000	0.000000	0.000000	0.418203	0.000000	0.000000	0.000000	0.000000	0.000000
126	tsk_126	(x)	1	:	0.000000	0.000000	0.000000	0.000000	0.000000	0.000000	0.000000	1.000000	0.000000	0.000000	0.000000	0.000000	0.000000
127	tsk_127	(x)	1	:	0.000000	0.000000	0.000000	0.000000	0.000000	0.000000	0.000000	0.000000	1.000000	0.000000	0.000000	0.000000	0.000000
128	tsk_128	(x)	1	:	0.000000	0.000000	0.450216	0.000000	0.032160	0.000000	0.000000	0.471742	0.000000	0.000000	0.000000	0.000000	0.045882
129	tsk_129	(x)	1	:	0.499994	0.000000	0.043960	0.000000	0.014304	0.425431	0.000000	0.000000	0.000000	0.000000	0.000000	0.000000	0.016312
130	tsk_130	(x)	1	:	0.500000	0.000000	0.000000	0.000000	0.000000	0.000000	0.500000	0.000000	0.000000	0.000000	0.000000	0.000000	0.000000
131	tsk_131	(x)	1	:	0.000000	0.000000	0.000000	0.000000	0.000000	0.000000	1.000000	0.000000	0.000000	0.000000	0.000000	0.000000	0.000000
132	tsk_132	(x)	1	:	0.000000	0.000000	0.000000	0.000000	0.000000	0.000000	1.000000	0.000000	0.000000	0.000000	0.000000	0.000000	0.000000
133	tsk_133	(x)	1	:	0.000000	0.000000	0.181474	0.000000	0.402422	0.000000	0.000000	0.000000	0.000000	0.000000	0.000000	0.000000	0.416104
134	tsk_134	(x)	1	:	0.000000	0.000000	0.573997	0.000000	0.111244	0.000000	0.000000	0.000000	0.000000	0.000000	0.000000	0.000000	0.314759
135	tsk_135	(x)	1	:	0.000000	0.000000	0.095324	0.000000	0.188893	0.000000	0.500000	0.000000	0.000000	0.000000	0.000000	0.000000	0.215783
136	tsk_136	(x)	1	:	0.500000	0.000000	0.333781	0.000000	0.079458	0.000000	0.000000	0.000000	0.000000	0.000000	0.000000	0.000000	0.086761
137	tsk_137	(x)	1	:	0.500000	0.000000	0.000000	0.000000	0.000000	0.000000	0.500000	0.000000	0.000000	0.000000	0.000000	0.000000	0.000000
138	tsk_138	(x)	1	:	0.000000	0.000000	0.445772	0.000000	0.383842	0.000000	0.000000	0.000000	0.000000	0.000000	0.000000	0.000000	0.170386
139	tsk_139	(x)	1	:	0.000000	0.000000	0.540233	0.000000	0.321665	0.000000	0.000000	0.000000	0.000000	0.000000	0.000000	0.000000	0.138102
140	tsk_140	(x)	1	:	0.000000	0.000000	0.494255	0.000000	0.220541	0.000000	0.000000	0.000000	0.000000	0.000000	0.000000	0.000000	0.285205
141	tsk_141	(x)	1	:	0.000000	0.000000	0.239188	0.000000	0.213334	0.000000	0.000000	0.000000	0.000000	0.000000	0.000000	0.000000	0.547478
142	tsk_142	(x)	1	:	0.012396	0.000000	0.257858	0.000000	0.029443	0.000000	0.000000	0.000000	0.000000	0.490054	0.000000	0.000000	0.210248
143	tsk_143	(x)	1	:	0.000000	0.000000	0.379894	0.000000	0.330428	0.000000	0.000000	0.000000	0.000000	0.000000	0.000000	0.000000	0.289678
144	tsk_144	(x)	1	:	0.012410	0.000000	0.124584	0.000000	0.008844	0.000000	0.000000	0.000000	0.000000	0.490043	0.000000	0.000000	0.364120
145	tsk_145	(x)	1	:	0.012511	0.000000	0.119948	0.000000	0.005877	0.000000	0.000000	0.000000	0.000000	0.489962	0.000000	0.000000	0.371702
146	tsk_146	(x)	1	:	0.000000	0.000000	0.575829	0.000000	0.313937	0.000000	0.000000	0.000000	0.000000	0.000000	0.000000	0.000000	0.110234
147	tsk_147	(x)	1	:	0.000000	0.000000	0.333255	0.000000	0.154538	0.000000	0.000000	0.000000	0.000000	0.000000	0.000000	0.000000	0.512207
148	tsk_148	(x)	1	:	0.012425	0.000000	0.143367	0.000000	0.017031	0.000000	0.000000	0.000000	0.000000	0.490030	0.000000	0.000000	0.337146
149	tsk_149	(x)	1	:	0.012422	0.000000	0.358867	0.000000	0.006141	0.000000	0.000000	0.000000	0.000000	0.490033	0.000000	0.000000	0.132537
