logL = -2071.036986 (converged)
AIC = 9782.073972
BIC = 18272.065501

count.K
29 9 14 4 8 1 5 0 8 6 20 22 1 13 10 

