logL = -802.663277 (converged)
AIC = 4599.326553
BIC = 9106.247589

count.K
23 37 9 14 3 4 19 27 14 

