logL = -1284.273040 (converged)
AIC = 3748.546080
BIC = 5524.820903

count.K
32 41 42 35 

