logL = -908.328992 (converged)
AIC = 6404.657984
BIC = 13311.055349

count.K
8 9 11 2 27 3 2 8 28 38 5 9 0 

