logL = -972.947756 (converged)
AIC = 3085.895513
BIC = 4801.957630

count.K
59 18 47 26 

