logL = -1168.389364 (converged)
AIC = 6216.778729
BIC = 12057.411199

count.K
4 9 10 27 3 42 14 15 2 13 11 

