logL = -1532.752781 (converged)
AIC = 4645.505562
BIC = 7023.907445

count.K
4 19 61 61 5 

