logL = -1667.796289 (converged)
AIC = 5495.592578
BIC = 8747.078695

count.K
18 6 6 78 11 31 

