logL = -1106.871603 (converged)
AIC = 4559.743206
BIC = 8091.218406

count.K
13 15 14 31 20 29 28 

