logL = -1728.586880 (converged)
AIC = 8449.173759
BIC = 15963.719453

count.K
4 2 4 3 6 10 5 0 20 14 66 8 0 8 

