logL = -1335.431483 (converged)
AIC = 8670.862965
BIC = 17702.768847

count.K
20 1 2 51 4 2 25 2 26 1 0 1 0 7 8 

