logL = -1116.988416 (converged)
AIC = 7197.976832
BIC = 14670.373632

count.K
1 5 19 4 23 4 3 8 6 1 12 3 26 35 

