logL = -1651.233565 (converged)
AIC = 8602.467130
BIC = 16580.650660

count.K
5 6 10 3 9 28 9 24 8 10 19 7 1 11 

