logL = -2691.897019 (converged)
AIC = 5867.794038
BIC = 6596.367779

count.K
57 93 

