logL = -1237.154304 (converged)
AIC = 5914.308609
BIC = 11092.601315

count.K
12 22 6 6 1 24 4 37 36 2 

