logL = -1970.319024 (converged)
AIC = 5600.638047
BIC = 8099.465341

count.K
31 35 4 48 32 

