0	tsk_0	(x)	1	:	1.000000	0.000000	0.000000	0.000000	0.000000	0.000000	0.000000	0.000000	0.000000	0.000000	0.000000	0.000000	0.000000	0.000000	0.000000
1	tsk_1	(x)	1	:	0.500000	0.000000	0.000000	0.000000	0.000000	0.000000	0.000000	0.000000	0.000000	0.000000	0.000000	0.000000	0.000000	0.500000	0.000000
2	tsk_2	(x)	1	:	0.499999	0.251993	0.000000	0.000000	0.000000	0.000000	0.000000	0.000000	0.000000	0.000000	0.000000	0.000000	0.248008	0.000000	0.000000
3	tsk_3	(x)	1	:	0.000000	0.211740	0.000000	0.000000	0.000000	0.000000	0.355743	0.000000	0.000000	0.000000	0.144251	0.000000	0.288267	0.000000	0.000000
4	tsk_4	(x)	1	:	0.496627	0.001278	0.000000	0.000000	0.000000	0.000000	0.295892	0.000000	0.000000	0.000000	0.200715	0.000000	0.005488	0.000000	0.000000
5	tsk_5	(x)	1	:	0.497197	0.003116	0.000000	0.000000	0.000000	0.000000	0.360390	0.000000	0.000000	0.000000	0.136764	0.000000	0.002534	0.000000	0.000000
6	tsk_6	(x)	1	:	0.497335	0.000503	0.000000	0.000000	0.000000	0.000000	0.359658	0.000000	0.000000	0.000000	0.137637	0.000000	0.004868	0.000000	0.000000
7	tsk_7	(x)	1	:	0.492583	0.000423	0.000000	0.000000	0.000000	0.506715	0.000000	0.000000	0.000000	0.000000	0.000000	0.000000	0.000279	0.000000	0.000000
8	tsk_8	(x)	1	:	1.000000	0.000000	0.000000	0.000000	0.000000	0.000000	0.000000	0.000000	0.000000	0.000000	0.000000	0.000000	0.000000	0.000000	0.000000
9	tsk_9	(x)	1	:	0.499999	0.376858	0.000000	0.000000	0.000000	0.000000	0.000000	0.000000	0.000000	0.000000	0.000000	0.000000	0.123143	0.000000	0.000000
10	tsk_10	(x)	1	:	0.000000	0.000000	0.000000	0.000000	0.000000	0.000000	0.509591	0.000000	0.000000	0.000000	0.490408	0.000000	0.000000	0.000000	0.000000
11	tsk_11	(x)	1	:	0.000000	0.625509	0.000000	0.000000	0.000000	0.000000	0.000000	0.000000	0.000000	0.000000	0.000000	0.000000	0.374491	0.000000	0.000000
12	tsk_12	(x)	1	:	0.000000	0.000000	0.000000	0.000000	0.000000	0.000000	0.000000	0.000000	0.000000	1.000000	0.000000	0.000000	0.000000	0.000000	0.000000
13	tsk_13	(x)	1	:	0.500000	0.000000	0.000000	0.000000	0.000000	0.000000	0.000000	0.000000	0.000000	0.000000	0.000000	0.000000	0.000000	0.500000	0.000000
14	tsk_14	(x)	1	:	0.000000	0.240681	0.000000	0.000000	0.000000	0.000000	0.000000	0.000000	0.000000	0.520455	0.000000	0.000000	0.238863	0.000000	0.000000
15	tsk_15	(x)	1	:	0.000000	0.000043	0.000000	0.508830	0.000000	0.000000	0.000000	0.000000	0.000000	0.491093	0.000000	0.000000	0.000034	0.000000	0.000000
16	tsk_16	(x)	1	:	0.000000	0.223722	0.000000	0.000000	0.000000	0.000000	0.000000	0.000000	0.000000	0.520526	0.000000	0.000000	0.255751	0.000000	0.000000
17	tsk_17	(x)	1	:	0.000000	0.244446	0.000000	0.000000	0.000000	0.000000	0.000000	0.000000	0.000000	0.520506	0.000000	0.000000	0.235048	0.000000	0.000000
18	tsk_18	(x)	1	:	0.000000	0.000000	0.000000	0.000000	0.000000	0.234514	0.000000	0.000000	0.000000	0.765485	0.000000	0.000000	0.000000	0.000000	0.000000
19	tsk_19	(x)	1	:	0.000000	0.302980	0.000000	0.000000	0.000000	0.000000	0.000000	0.000000	0.000000	0.520485	0.000000	0.000000	0.176534	0.000000	0.000000
20	tsk_20	(x)	1	:	0.000000	0.011739	0.000000	0.000000	0.000000	0.452809	0.361252	0.000000	0.000000	0.006378	0.137781	0.000000	0.030041	0.000000	0.000000
21	tsk_21	(x)	1	:	0.000000	0.003745	0.000000	0.000000	0.000000	0.000000	0.306671	0.000000	0.000000	0.490503	0.196318	0.000000	0.002764	0.000000	0.000000
22	tsk_22	(x)	1	:	0.499869	0.004887	0.000000	0.000000	0.000000	0.000000	0.000000	0.000000	0.000000	0.490162	0.000000	0.000000	0.005082	0.000000	0.000000
23	tsk_23	(x)	1	:	0.000000	0.001030	0.000000	0.000000	0.000000	0.000000	0.164014	0.500641	0.000000	0.000000	0.332926	0.000000	0.001388	0.000000	0.000000
24	tsk_24	(x)	1	:	0.000000	0.000000	0.000000	0.000000	0.000000	0.328152	0.000000	0.000000	0.000000	0.671848	0.000000	0.000000	0.000000	0.000000	0.000000
25	tsk_25	(x)	1	:	0.495858	0.003050	0.000000	0.000000	0.000000	0.000000	0.000000	0.500603	0.000000	0.000000	0.000000	0.000000	0.000488	0.000000	0.000000
26	tsk_26	(x)	1	:	0.000000	0.000000	0.000000	0.000000	0.000000	0.000000	0.000000	0.503744	0.000000	0.496256	0.000000	0.000000	0.000000	0.000000	0.000000
27	tsk_27	(x)	1	:	0.000000	0.000000	0.000000	0.000000	0.000000	0.000000	0.000000	0.503744	0.000000	0.496256	0.000000	0.000000	0.000000	0.000000	0.000000
28	tsk_28	(x)	1	:	0.000000	0.006319	0.000000	0.000000	0.000000	0.000000	0.385451	0.000000	0.000000	0.490350	0.116143	0.000000	0.001736	0.000000	0.000000
29	tsk_29	(x)	1	:	0.000000	0.000000	0.000000	0.000000	0.000000	0.000000	0.756400	0.000000	0.000000	0.000000	0.243600	0.000000	0.000000	0.000000	0.000000
30	tsk_30	(x)	1	:	0.000000	0.000000	0.000000	0.000000	0.000000	0.000000	0.000000	1.000000	0.000000	0.000000	0.000000	0.000000	0.000000	0.000000	0.000000
31	tsk_31	(x)	1	:	0.000000	0.000000	0.000000	0.000000	0.000000	0.589788	0.000000	0.000000	0.000000	0.410212	0.000000	0.000000	0.000000	0.000000	0.000000
32	tsk_32	(x)	1	:	0.499653	0.006980	0.000000	0.000000	0.000000	0.000000	0.000000	0.000000	0.000000	0.490139	0.000000	0.000000	0.003227	0.000000	0.000000
33	tsk_33	(x)	1	:	0.001252	0.000021	0.000000	0.000000	0.000000	0.506050	0.000000	0.000000	0.000000	0.000000	0.000000	0.000000	0.000021	0.492656	0.000000
34	tsk_34	(x)	1	:	0.004656	0.002833	0.000000	0.000000	0.000000	0.000000	0.000000	0.000000	0.000000	0.490318	0.000000	0.000000	0.003893	0.498299	0.000000
35	tsk_35	(x)	1	:	0.000000	0.000000	0.000000	0.000000	0.000000	0.000000	0.000000	0.000000	0.000000	1.000000	0.000000	0.000000	0.000000	0.000000	0.000000
36	tsk_36	(x)	1	:	0.002424	0.002291	0.000000	0.000000	0.000000	0.000000	0.000000	0.493630	0.000000	0.000000	0.000000	0.000000	0.002688	0.498967	0.000000
37	tsk_37	(x)	1	:	0.000000	0.000000	0.000000	0.000000	0.000000	0.000000	0.000000	0.496829	0.000000	0.503171	0.000000	0.000000	0.000000	0.000000	0.000000
38	tsk_38	(x)	1	:	0.000000	0.000000	0.000000	0.000000	0.000000	0.255906	0.000000	0.485567	0.000000	0.258527	0.000000	0.000000	0.000000	0.000000	0.000000
39	tsk_39	(x)	1	:	0.475528	0.000013	0.000000	0.000000	0.000000	0.260874	0.000000	0.000000	0.000000	0.263580	0.000000	0.000000	0.000005	0.000000	0.000000
40	tsk_40	(x)	1	:	0.496695	0.003564	0.000000	0.000000	0.000000	0.000000	0.303376	0.000000	0.000000	0.000000	0.193297	0.000000	0.003068	0.000000	0.000000
41	tsk_41	(x)	1	:	0.495853	0.002583	0.000000	0.000000	0.000000	0.000000	0.000000	0.500603	0.000000	0.000000	0.000000	0.000000	0.000961	0.000000	0.000000
42	tsk_42	(x)	1	:	1.000000	0.000000	0.000000	0.000000	0.000000	0.000000	0.000000	0.000000	0.000000	0.000000	0.000000	0.000000	0.000000	0.000000	0.000000
43	tsk_43	(x)	1	:	0.669212	0.000000	0.000000	0.000000	0.000000	0.000000	0.000000	0.000000	0.000000	0.000000	0.000000	0.330788	0.000000	0.000000	0.000000
44	tsk_44	(x)	1	:	0.669212	0.000000	0.000000	0.000000	0.000000	0.000000	0.000000	0.000000	0.000000	0.000000	0.000000	0.330788	0.000000	0.000000	0.000000
45	tsk_45	(x)	1	:	0.499999	0.189308	0.000000	0.000000	0.000000	0.000000	0.000000	0.000000	0.000000	0.000000	0.000000	0.000000	0.310693	0.000000	0.000000
46	tsk_46	(x)	1	:	0.167720	0.000000	0.000000	0.000000	0.000000	0.506096	0.000000	0.000000	0.000000	0.000000	0.000000	0.326183	0.000000	0.000000	0.000000
47	tsk_47	(x)	1	:	0.000000	0.189216	0.000000	0.000000	0.000000	0.000000	0.299178	0.000000	0.000000	0.000000	0.200816	0.000000	0.310790	0.000000	0.000000
48	tsk_48	(x)	1	:	1.000000	0.000000	0.000000	0.000000	0.000000	0.000000	0.000000	0.000000	0.000000	0.000000	0.000000	0.000000	0.000000	0.000000	0.000000
49	tsk_49	(x)	1	:	0.492821	0.000373	0.000000	0.000000	0.000000	0.506741	0.000000	0.000000	0.000000	0.000000	0.000000	0.000000	0.000065	0.000000	0.000000
50	tsk_50	(x)	1	:	1.000000	0.000000	0.000000	0.000000	0.000000	0.000000	0.000000	0.000000	0.000000	0.000000	0.000000	0.000000	0.000000	0.000000	0.000000
51	tsk_51	(x)	1	:	0.000000	0.000000	0.231583	0.000000	0.000000	0.000000	0.291599	0.000000	0.000000	0.000000	0.127633	0.000000	0.000000	0.349186	0.000000
52	tsk_52	(x)	1	:	0.500000	0.000000	0.000000	0.000000	0.000000	0.000000	0.000000	0.000000	0.000000	0.000000	0.000000	0.000000	0.000000	0.500000	0.000000
53	tsk_53	(x)	1	:	0.007046	0.023177	0.000000	0.000000	0.000000	0.452019	0.000000	0.000000	0.000000	0.007195	0.000000	0.000000	0.014777	0.495786	0.000000
54	tsk_54	(x)	1	:	0.000000	0.000000	0.155391	0.000000	0.000000	0.000000	0.072495	0.494921	0.000000	0.000000	0.277193	0.000000	0.000000	0.000000	0.000000
55	tsk_55	(x)	1	:	0.000000	0.195978	0.000000	0.000000	0.000000	0.000000	0.000000	0.000000	0.000000	0.000000	0.000000	0.000000	0.305837	0.498184	0.000000
56	tsk_56	(x)	1	:	0.000000	0.000000	0.000000	0.000000	0.000000	0.000000	0.000000	0.503744	0.000000	0.496256	0.000000	0.000000	0.000000	0.000000	0.000000
57	tsk_57	(x)	1	:	1.000000	0.000000	0.000000	0.000000	0.000000	0.000000	0.000000	0.000000	0.000000	0.000000	0.000000	0.000000	0.000000	0.000000	0.000000
58	tsk_58	(x)	1	:	0.000000	0.103947	0.186913	0.000000	0.000000	0.000000	0.289619	0.000000	0.000000	0.000000	0.209406	0.000000	0.210115	0.000000	0.000000
59	tsk_59	(x)	1	:	0.500000	0.000000	0.000000	0.000000	0.000000	0.000000	0.000000	0.000000	0.000000	0.000000	0.000000	0.000000	0.000000	0.500000	0.000000
60	tsk_60	(x)	1	:	0.000000	0.178535	0.000000	0.000000	0.000000	0.000000	0.304668	0.000000	0.000000	0.000000	0.195330	0.000000	0.321467	0.000000	0.000000
61	tsk_61	(x)	1	:	0.000000	0.380515	0.000000	0.000000	0.000000	0.000000	0.289217	0.000000	0.000000	0.000000	0.210779	0.000000	0.119489	0.000000	0.000000
62	tsk_62	(x)	1	:	0.000000	0.000000	0.000000	0.000000	0.000000	0.000000	0.774772	0.000000	0.000000	0.000000	0.225228	0.000000	0.000000	0.000000	0.000000
63	tsk_63	(x)	1	:	0.000000	0.000000	0.000000	0.000000	0.000000	0.000000	0.374225	0.000000	0.000000	0.000000	0.625775	0.000000	0.000000	0.000000	0.000000
64	tsk_64	(x)	1	:	0.000000	0.000000	0.000000	0.000000	0.000000	0.000000	0.443638	0.000000	0.000000	0.000000	0.556362	0.000000	0.000000	0.000000	0.000000
65	tsk_65	(x)	1	:	0.000000	0.001171	0.000000	0.000000	0.000000	0.000000	0.291980	0.000000	0.000000	0.490607	0.211955	0.000000	0.004287	0.000000	0.000000
66	tsk_66	(x)	1	:	0.498095	0.162337	0.000000	0.000000	0.285740	0.000000	0.000000	0.000000	0.000000	0.000000	0.000000	0.000000	0.053827	0.000000	0.000000
67	tsk_67	(x)	1	:	0.496546	0.002339	0.000000	0.000000	0.000000	0.000000	0.383441	0.000000	0.000000	0.000000	0.113082	0.000000	0.004592	0.000000	0.000000
68	tsk_68	(x)	1	:	0.000000	0.000000	0.000000	0.000000	0.000000	0.000000	0.641541	0.000000	0.000000	0.000000	0.358459	0.000000	0.000000	0.000000	0.000000
69	tsk_69	(x)	1	:	0.001088	0.000791	0.000000	0.000000	0.000000	0.000000	0.219892	0.000000	0.000000	0.000000	0.276557	0.000000	0.003987	0.497684	0.000000
70	tsk_70	(x)	1	:	0.000000	0.000023	0.000000	0.000000	0.000000	0.000000	0.381368	0.000000	0.000000	0.515822	0.102737	0.000000	0.000050	0.000000	0.000000
71	tsk_71	(x)	1	:	0.000000	0.000000	0.000000	0.000000	0.000000	0.508465	0.000000	0.491535	0.000000	0.000000	0.000000	0.000000	0.000000	0.000000	0.000000
72	tsk_72	(x)	1	:	0.000000	0.000023	0.000000	0.000000	0.000000	0.000000	0.054129	0.509592	0.000000	0.000000	0.435974	0.000000	0.000282	0.000000	0.000000
73	tsk_73	(x)	1	:	0.000000	0.001030	0.000000	0.000000	0.000000	0.000000	0.126679	0.000000	0.498180	0.000000	0.370719	0.000000	0.003393	0.000000	0.000000
74	tsk_74	(x)	1	:	0.000000	0.149270	0.000000	0.000000	0.000000	0.000000	0.343698	0.000000	0.000000	0.000000	0.156299	0.000000	0.350732	0.000000	0.000000
75	tsk_75	(x)	1	:	0.000000	0.350302	0.000000	0.000000	0.000000	0.000000	0.000000	0.509921	0.000000	0.000000	0.000000	0.000000	0.139777	0.000000	0.000000
76	tsk_76	(x)	1	:	0.000000	0.000000	0.000000	0.000000	0.000000	0.000000	0.000000	0.000000	0.506711	0.493289	0.000000	0.000000	0.000000	0.000000	0.000000
77	tsk_77	(x)	1	:	0.000000	0.000000	0.000000	0.000000	0.000000	0.000000	0.000000	0.000000	1.000000	0.000000	0.000000	0.000000	0.000000	0.000000	0.000000
78	tsk_78	(x)	1	:	0.000000	0.190494	0.000000	0.000000	0.000000	0.000000	0.355546	0.000000	0.000000	0.000000	0.144452	0.000000	0.309508	0.000000	0.000000
79	tsk_79	(x)	1	:	0.000000	0.000286	0.000000	0.000000	0.000000	0.000000	0.107443	0.509586	0.000000	0.000000	0.382491	0.000000	0.000193	0.000000	0.000000
80	tsk_80	(x)	1	:	0.498257	0.064070	0.000000	0.000000	0.340787	0.000000	0.000000	0.000000	0.000000	0.000000	0.000000	0.000000	0.096886	0.000000	0.000000
81	tsk_81	(x)	1	:	0.497189	0.078424	0.000000	0.000000	0.339921	0.000000	0.000000	0.000000	0.000000	0.000000	0.000000	0.000000	0.084465	0.000000	0.000000
82	tsk_82	(x)	1	:	0.000000	0.000000	1.000000	0.000000	0.000000	0.000000	0.000000	0.000000	0.000000	0.000000	0.000000	0.000000	0.000000	0.000000	0.000000
83	tsk_83	(x)	1	:	0.400774	0.000000	0.400074	0.000000	0.199152	0.000000	0.000000	0.000000	0.000000	0.000000	0.000000	0.000000	0.000000	0.000000	0.000000
84	tsk_84	(x)	1	:	0.100580	0.016655	0.399337	0.000000	0.000000	0.453107	0.000000	0.000000	0.000000	0.006109	0.000000	0.000000	0.024212	0.000000	0.000000
85	tsk_85	(x)	1	:	0.000000	0.402813	0.000000	0.000000	0.000000	0.000000	0.000000	0.500741	0.000000	0.000000	0.000000	0.000000	0.096446	0.000000	0.000000
86	tsk_86	(x)	1	:	0.497955	0.104275	0.000000	0.000000	0.340546	0.000000	0.000000	0.000000	0.000000	0.000000	0.000000	0.000000	0.057225	0.000000	0.000000
87	tsk_87	(x)	1	:	0.095812	0.003216	0.400190	0.000000	0.000000	0.000000	0.000000	0.500613	0.000000	0.000000	0.000000	0.000000	0.000169	0.000000	0.000000
88	tsk_88	(x)	1	:	0.081306	0.279613	0.404089	0.000000	0.000000	0.000000	0.000000	0.000000	0.000000	0.000000	0.000000	0.000000	0.234992	0.000000	0.000000
89	tsk_89	(x)	1	:	0.096157	0.002495	0.400147	0.000000	0.000000	0.000000	0.000000	0.500622	0.000000	0.000000	0.000000	0.000000	0.000579	0.000000	0.000000
90	tsk_90	(x)	1	:	0.000000	0.141758	0.000000	0.000000	0.000000	0.000000	0.000000	0.000000	0.000000	0.000000	0.000000	0.000000	0.360728	0.497514	0.000000
91	tsk_91	(x)	1	:	0.000000	0.167637	0.000000	0.000000	0.000000	0.000000	0.382401	0.000000	0.000000	0.000000	0.117595	0.000000	0.332367	0.000000	0.000000
92	tsk_92	(x)	1	:	0.500242	0.005585	0.000000	0.000000	0.000000	0.000000	0.000000	0.000000	0.000000	0.490203	0.000000	0.000000	0.003970	0.000000	0.000000
93	tsk_93	(x)	1	:	0.000000	0.234435	0.000000	0.000000	0.000000	0.000000	0.000000	0.000000	0.000000	0.000000	0.000000	0.000000	0.098670	0.000000	0.666894
94	tsk_94	(x)	1	:	0.000000	0.182990	0.000000	0.000000	0.000000	0.000000	0.379899	0.000000	0.000000	0.000000	0.120093	0.000000	0.317018	0.000000	0.000000
95	tsk_95	(x)	1	:	0.496059	0.001535	0.000000	0.000000	0.000000	0.000000	0.000000	0.500610	0.000000	0.000000	0.000000	0.000000	0.001795	0.000000	0.000000
96	tsk_96	(x)	1	:	0.000000	0.000000	0.000000	0.000000	0.000000	0.000000	0.281152	0.000000	0.000000	0.000000	0.197716	0.521132	0.000000	0.000000	0.000000
97	tsk_97	(x)	1	:	0.000000	0.026120	0.000000	0.000000	0.000000	0.000000	0.269958	0.000000	0.000000	0.000000	0.225924	0.000000	0.062166	0.000000	0.415832
98	tsk_98	(x)	1	:	0.000000	0.040307	0.000000	0.000000	0.000000	0.000000	0.000000	0.500770	0.000000	0.000000	0.000000	0.000000	0.039487	0.000000	0.419435
99	tsk_99	(x)	1	:	1.000000	0.000000	0.000000	0.000000	0.000000	0.000000	0.000000	0.000000	0.000000	0.000000	0.000000	0.000000	0.000000	0.000000	0.000000
100	tsk_100	(x)	1	:	0.000000	0.191339	0.000000	0.000000	0.000000	0.000000	0.387751	0.000000	0.000000	0.000000	0.112245	0.000000	0.308664	0.000000	0.000000
101	tsk_101	(x)	1	:	0.000000	0.000000	0.000000	0.000000	0.000000	0.000000	0.275975	0.000000	0.000000	0.000000	0.221305	0.000000	0.004077	0.498643	0.000000
102	tsk_102	(x)	1	:	0.499999	0.226411	0.000000	0.000000	0.000000	0.000000	0.000000	0.000000	0.000000	0.000000	0.000000	0.000000	0.273590	0.000000	0.000000
103	tsk_103	(x)	1	:	0.000000	0.150898	0.000000	0.000000	0.000000	0.000000	0.000000	0.000000	0.000000	0.000000	0.000000	0.000000	0.351009	0.498093	0.000000
104	tsk_104	(x)	1	:	0.497137	0.059071	0.000000	0.000000	0.339877	0.000000	0.000000	0.000000	0.000000	0.000000	0.000000	0.000000	0.103914	0.000000	0.000000
105	tsk_105	(x)	1	:	0.000000	0.252297	0.000000	0.000000	0.000000	0.000000	0.000000	0.000000	0.000000	0.000000	0.000000	0.000000	0.249298	0.498404	0.000000
106	tsk_106	(x)	1	:	0.000000	0.355546	0.000000	0.000000	0.000000	0.000000	0.000000	0.000000	0.000000	0.000000	0.000000	0.000000	0.147299	0.497155	0.000000
107	tsk_107	(x)	1	:	0.000000	0.000000	0.000000	0.000000	0.000000	0.000000	0.000000	0.000000	0.000000	0.000000	0.000000	0.000000	0.000000	1.000000	0.000000
108	tsk_108	(x)	1	:	0.000000	0.001652	0.000000	0.000000	0.000000	0.000000	0.231497	0.000000	0.000000	0.000000	0.265133	0.000000	0.003397	0.498321	0.000000
109	tsk_109	(x)	1	:	0.000837	0.000000	0.000000	0.000000	0.000000	0.000000	0.363818	0.000000	0.000000	0.000000	0.133359	0.000000	0.003825	0.498161	0.000000
110	tsk_110	(x)	1	:	0.000000	0.004244	0.000000	0.000000	0.000000	0.000000	0.265566	0.000000	0.000000	0.490362	0.236131	0.000000	0.003698	0.000000	0.000000
111	tsk_111	(x)	1	:	0.000000	0.000000	0.000000	0.000000	0.000000	0.000000	0.456182	0.000000	0.000000	0.000000	0.543818	0.000000	0.000000	0.000000	0.000000
112	tsk_112	(x)	1	:	0.000000	0.000000	0.000000	0.000000	0.000000	0.000000	0.018085	0.000000	0.000000	0.000000	0.981915	0.000000	0.000000	0.000000	0.000000
113	tsk_113	(x)	1	:	0.000000	0.000000	0.000000	0.000000	0.000000	0.000000	0.750638	0.000000	0.000000	0.000000	0.249362	0.000000	0.000000	0.000000	0.000000
114	tsk_114	(x)	1	:	0.499999	0.306669	0.000000	0.000000	0.000000	0.000000	0.000000	0.000000	0.000000	0.000000	0.000000	0.000000	0.193332	0.000000	0.000000
115	tsk_115	(x)	1	:	0.000000	0.000000	0.000000	0.000000	0.000000	0.506786	0.301135	0.000000	0.000000	0.000000	0.192079	0.000000	0.000000	0.000000	0.000000
116	tsk_116	(x)	1	:	0.000000	0.113912	0.000000	0.000000	0.000000	0.000000	0.363642	0.000000	0.000000	0.000000	0.136355	0.000000	0.386090	0.000000	0.000000
117	tsk_117	(x)	1	:	0.000000	0.282836	0.000000	0.000000	0.000000	0.507431	0.000000	0.000000	0.000000	0.000000	0.000000	0.000000	0.209732	0.000000	0.000000
118	tsk_118	(x)	1	:	0.000000	0.000653	0.000000	0.000000	0.000000	0.000000	0.224277	0.000000	0.000000	0.490373	0.277527	0.000000	0.007170	0.000000	0.000000
119	tsk_119	(x)	1	:	0.000000	0.000000	0.000000	0.000000	0.000000	0.000000	0.466386	0.000000	0.000000	0.000000	0.533614	0.000000	0.000000	0.000000	0.000000
120	tsk_120	(x)	1	:	0.000000	0.000000	0.000000	0.000000	0.000000	1.000000	0.000000	0.000000	0.000000	0.000000	0.000000	0.000000	0.000000	0.000000	0.000000
121	tsk_121	(x)	1	:	0.301086	0.000000	0.000000	0.000000	0.199138	0.000000	0.000000	0.000000	0.000000	0.000000	0.000000	0.000000	0.000000	0.499776	0.000000
122	tsk_122	(x)	1	:	0.000000	0.000000	0.000000	0.000000	0.000000	0.589788	0.000000	0.000000	0.000000	0.410212	0.000000	0.000000	0.000000	0.000000	0.000000
123	tsk_123	(x)	1	:	0.000000	0.000000	0.000000	0.000000	0.000000	0.506786	0.234656	0.000000	0.000000	0.000000	0.258559	0.000000	0.000000	0.000000	0.000000
124	tsk_124	(x)	1	:	0.492582	0.000610	0.000000	0.000000	0.000000	0.506715	0.000000	0.000000	0.000000	0.000000	0.000000	0.000000	0.000093	0.000000	0.000000
125	tsk_125	(x)	1	:	0.492810	0.000255	0.000000	0.000000	0.000000	0.506740	0.000000	0.000000	0.000000	0.000000	0.000000	0.000000	0.000195	0.000000	0.000000
126	tsk_126	(x)	1	:	0.002186	0.000472	0.000000	0.000000	0.000000	0.000000	0.000000	0.500581	0.000000	0.000000	0.000000	0.000000	0.000238	0.496524	0.000000
127	tsk_127	(x)	1	:	0.001251	0.000029	0.000000	0.000000	0.000000	0.506047	0.000000	0.000000	0.000000	0.000000	0.000000	0.000000	0.000030	0.492643	0.000000
128	tsk_128	(x)	1	:	0.001229	0.000013	0.000000	0.000000	0.000000	0.506055	0.000000	0.000000	0.000000	0.000000	0.000000	0.000000	0.000017	0.492686	0.000000
129	tsk_129	(x)	1	:	0.001080	0.000024	0.000000	0.000000	0.000000	0.506065	0.000000	0.000000	0.000000	0.000000	0.000000	0.000000	0.000024	0.492807	0.000000
130	tsk_130	(x)	1	:	0.000000	0.272024	0.000000	0.000000	0.000000	0.000000	0.000000	0.000000	0.000000	0.000000	0.000000	0.439472	0.288504	0.000000	0.000000
131	tsk_131	(x)	1	:	0.614749	0.000000	0.000000	0.000000	0.000000	0.000000	0.000000	0.000000	0.000000	0.000000	0.000000	0.385250	0.000000	0.000000	0.000000
132	tsk_132	(x)	1	:	0.499998	0.213480	0.000000	0.000000	0.000000	0.000000	0.000000	0.000000	0.000000	0.000000	0.000000	0.000000	0.286521	0.000000	0.000000
133	tsk_133	(x)	1	:	1.000000	0.000000	0.000000	0.000000	0.000000	0.000000	0.000000	0.000000	0.000000	0.000000	0.000000	0.000000	0.000000	0.000000	0.000000
134	tsk_134	(x)	1	:	1.000000	0.000000	0.000000	0.000000	0.000000	0.000000	0.000000	0.000000	0.000000	0.000000	0.000000	0.000000	0.000000	0.000000	0.000000
135	tsk_135	(x)	1	:	0.499999	0.397006	0.000000	0.000000	0.000000	0.000000	0.000000	0.000000	0.000000	0.000000	0.000000	0.000000	0.102994	0.000000	0.000000
136	tsk_136	(x)	1	:	0.000000	0.601867	0.000000	0.000000	0.000000	0.000000	0.000000	0.000000	0.000000	0.000000	0.000000	0.000000	0.398133	0.000000	0.000000
137	tsk_137	(x)	1	:	0.614749	0.000000	0.000000	0.000000	0.000000	0.000000	0.000000	0.000000	0.000000	0.000000	0.000000	0.385250	0.000000	0.000000	0.000000
138	tsk_138	(x)	1	:	1.000000	0.000000	0.000000	0.000000	0.000000	0.000000	0.000000	0.000000	0.000000	0.000000	0.000000	0.000000	0.000000	0.000000	0.000000
139	tsk_139	(x)	1	:	0.000000	0.000000	0.000000	0.000000	0.000000	0.000000	0.000000	0.000000	0.000000	0.000000	0.000000	1.000000	0.000000	0.000000	0.000000
140	tsk_140	(x)	1	:	0.000475	0.000003	0.000000	0.000000	0.000000	0.000000	0.000000	0.509452	0.000000	0.000000	0.000000	0.000000	0.000003	0.490067	0.000000
141	tsk_141	(x)	1	:	0.000000	0.098530	0.000000	0.000000	0.284775	0.000000	0.298313	0.000000	0.000000	0.000000	0.196876	0.000000	0.121506	0.000000	0.000000
142	tsk_142	(x)	1	:	0.000000	0.250177	0.000000	0.000000	0.000000	0.458970	0.000000	0.000000	0.000000	0.000000	0.000000	0.000000	0.290853	0.000000	0.000000
143	tsk_143	(x)	1	:	0.000000	0.318634	0.000000	0.000000	0.000000	0.000000	0.000000	0.510107	0.000000	0.000000	0.000000	0.000000	0.171258	0.000000	0.000000
144	tsk_144	(x)	1	:	0.489425	0.000404	0.000000	0.000000	0.000000	0.000000	0.000000	0.509758	0.000000	0.000000	0.000000	0.000000	0.000414	0.000000	0.000000
145	tsk_145	(x)	1	:	0.000000	0.000000	0.000000	0.000000	0.000000	0.000000	0.662194	0.000000	0.000000	0.000000	0.337806	0.000000	0.000000	0.000000	0.000000
146	tsk_146	(x)	1	:	0.000000	0.000000	0.000000	0.000000	0.000000	0.000000	0.538050	0.000000	0.000000	0.000000	0.461950	0.000000	0.000000	0.000000	0.000000
147	tsk_147	(x)	1	:	0.496503	0.001095	0.000000	0.000000	0.000000	0.000000	0.337298	0.000000	0.000000	0.000000	0.159175	0.000000	0.005929	0.000000	0.000000
148	tsk_148	(x)	1	:	0.000000	0.000000	0.000000	0.000000	0.000000	0.000000	0.423842	0.000000	0.000000	0.000000	0.576158	0.000000	0.000000	0.000000	0.000000
149	tsk_149	(x)	1	:	0.000000	0.177450	0.000000	0.000000	0.286866	0.000000	0.000000	0.510107	0.000000	0.000000	0.000000	0.000000	0.025577	0.000000	0.000000
