logL = -1665.440699 (converged)
AIC = 7364.881397
BIC = 13437.332785

count.K
6 12 22 5 18 15 12 11 18 16 15 

