logL = -2017.091538 (converged)
AIC = 6534.183075
BIC = 10297.477193

count.K
43 8 21 11 13 36 18 

