logL = -2258.485651 (converged)
AIC = 5784.971301
BIC = 7693.714078

count.K
60 16 46 28 

