logL = -1094.912354 (converged)
AIC = 4833.824707
BIC = 8813.884566

count.K
5 9 16 25 46 22 7 20 

