logL = -1563.605086 (converged)
AIC = 3539.210173
BIC = 4159.401043

count.K
82 68 

