logL = -1261.840820 (converged)
AIC = 6879.681640
BIC = 13436.845311

count.K
17 6 1 7 17 18 6 14 25 6 15 18 

