logL = -1319.103736 (converged)
AIC = 6518.207471
BIC = 12358.839942

count.K
18 25 25 1 23 2 17 10 1 5 23 

