0	tsk_0	(x)	1	:	0.382234	0.000001	0.000000	0.228649	0.000001	0.000000	0.000000	0.389115	0.000000
1	tsk_1	(x)	1	:	0.247589	0.000000	0.283992	0.468419	0.000000	0.000000	0.000000	0.000000	0.000000
2	tsk_2	(x)	1	:	0.029486	0.000004	0.000000	0.470953	0.499558	0.000000	0.000000	0.000000	0.000000
3	tsk_3	(x)	1	:	0.382228	0.000001	0.000000	0.228651	0.000001	0.000000	0.000000	0.389119	0.000000
4	tsk_4	(x)	1	:	0.000009	0.000000	0.000000	0.000000	0.000000	0.000000	0.000000	0.999991	0.000000
5	tsk_5	(x)	1	:	0.117744	0.000000	0.000000	0.000000	0.571312	0.000000	0.310944	0.000000	0.000000
6	tsk_6	(x)	1	:	0.067821	0.000001	0.000000	0.228584	0.000001	0.000000	0.000000	0.388825	0.314768
7	tsk_7	(x)	1	:	0.382260	0.000001	0.000000	0.228644	0.000001	0.000000	0.000000	0.389094	0.000000
8	tsk_8	(x)	1	:	0.382226	0.000000	0.000000	0.228651	0.000000	0.000000	0.000000	0.389122	0.000000
9	tsk_9	(x)	1	:	0.531537	0.000000	0.000000	0.468463	0.000000	0.000000	0.000000	0.000000	0.000000
10	tsk_10	(x)	1	:	0.000013	0.000016	0.000000	0.000000	0.000011	0.000000	0.000000	0.999960	0.000000
11	tsk_11	(x)	1	:	0.000000	0.000000	0.000000	0.000000	0.000000	0.341972	0.344286	0.313742	0.000000
12	tsk_12	(x)	1	:	0.000000	0.000010	0.000000	0.000000	0.000015	0.000000	0.000000	0.999975	0.000000
13	tsk_13	(x)	1	:	0.000000	0.000000	0.000000	0.000000	0.555823	0.000000	0.000000	0.444177	0.000000
14	tsk_14	(x)	1	:	0.000000	0.000010	0.000000	0.000000	0.000015	0.000000	0.000000	0.999974	0.000000
15	tsk_15	(x)	1	:	0.000000	0.000004	0.000000	0.000000	0.555821	0.000000	0.000000	0.444175	0.000000
16	tsk_16	(x)	1	:	0.000000	0.000000	0.000000	0.000000	1.000000	0.000000	0.000000	0.000000	0.000000
17	tsk_17	(x)	1	:	0.000009	0.000000	0.000000	0.220825	0.000000	0.370749	0.408417	0.000000	0.000000
18	tsk_18	(x)	1	:	0.610890	0.000001	0.000000	0.000000	0.000001	0.000000	0.000000	0.389108	0.000000
19	tsk_19	(x)	1	:	0.238607	0.000000	0.000000	0.000000	0.000000	0.000000	0.000007	0.761386	0.000000
20	tsk_20	(x)	1	:	0.610350	0.000000	0.000000	0.000000	0.000000	0.389412	0.000000	0.000000	0.000239
21	tsk_21	(x)	1	:	0.456383	0.000000	0.000000	0.228646	0.000000	0.000000	0.000000	0.000000	0.314971
22	tsk_22	(x)	1	:	0.531537	0.000000	0.000000	0.468463	0.000000	0.000000	0.000000	0.000000	0.000000
23	tsk_23	(x)	1	:	0.531537	0.000000	0.000000	0.468463	0.000000	0.000000	0.000000	0.000000	0.000000
24	tsk_24	(x)	1	:	0.074541	0.000000	0.000000	0.468422	0.000000	0.000000	0.000000	0.000000	0.457037
25	tsk_25	(x)	1	:	0.502089	0.000008	0.000000	0.000000	0.497902	0.000000	0.000000	0.000000	0.000000
26	tsk_26	(x)	1	:	0.375825	0.000000	0.000000	0.000000	0.000000	0.000000	0.000000	0.624175	0.000000
27	tsk_27	(x)	1	:	0.000090	0.000000	0.000000	0.000000	0.000000	0.000000	0.000000	0.590727	0.409183
28	tsk_28	(x)	1	:	0.610344	0.000000	0.000000	0.000000	0.000000	0.389413	0.000000	0.000000	0.000243
29	tsk_29	(x)	1	:	0.000033	0.000000	0.000000	0.706072	0.000000	0.000000	0.000000	0.000000	0.293895
30	tsk_30	(x)	1	:	0.000001	0.000000	0.000000	0.000000	0.000000	0.000000	0.000000	0.999999	0.000000
31	tsk_31	(x)	1	:	0.271194	0.000000	0.728805	0.000000	0.000000	0.000000	0.000000	0.000000	0.000000
32	tsk_32	(x)	1	:	0.130079	0.000017	0.480964	0.000000	0.000018	0.000000	0.000000	0.388923	0.000000
33	tsk_33	(x)	1	:	0.000001	0.000000	0.000000	0.000000	0.000000	0.000000	0.000000	0.999999	0.000000
34	tsk_34	(x)	1	:	0.091780	0.000000	0.284048	0.000000	0.000000	0.000000	0.000000	0.624172	0.000000
35	tsk_35	(x)	1	:	0.129964	0.000002	0.480984	0.000000	0.000003	0.000000	0.000000	0.389047	0.000000
36	tsk_36	(x)	1	:	0.326838	0.000001	0.284061	0.000000	0.000002	0.000000	0.000000	0.389098	0.000000
37	tsk_37	(x)	1	:	0.311587	0.000000	0.000000	0.468463	0.000000	0.219948	0.000000	0.000000	0.000003
38	tsk_38	(x)	1	:	0.000000	0.000000	0.457184	0.000000	0.000000	0.000000	0.000000	0.542816	0.000000
39	tsk_39	(x)	1	:	0.000000	0.075661	0.000000	0.000000	0.151430	0.000000	0.000000	0.772909	0.000000
40	tsk_40	(x)	1	:	0.000114	0.000000	0.000000	0.000000	0.000000	0.000000	0.000000	0.590717	0.409169
41	tsk_41	(x)	1	:	0.375825	0.000000	0.000000	0.000000	0.000000	0.000000	0.000000	0.624174	0.000000
42	tsk_42	(x)	1	:	0.375826	0.000000	0.000000	0.000000	0.000000	0.000000	0.000000	0.624174	0.000000
43	tsk_43	(x)	1	:	0.375825	0.000000	0.000000	0.000000	0.000000	0.000000	0.000000	0.624175	0.000000
44	tsk_44	(x)	1	:	0.101181	0.000000	0.000000	0.468413	0.000000	0.000000	0.430407	0.000000	0.000000
45	tsk_45	(x)	1	:	0.375825	0.000000	0.000000	0.000000	0.000000	0.000000	0.000000	0.624174	0.000000
46	tsk_46	(x)	1	:	0.000000	0.000000	0.000000	0.000000	0.000000	0.293102	0.253064	0.453834	0.000000
47	tsk_47	(x)	1	:	0.298411	0.000003	0.000000	0.000000	0.000007	0.000000	0.312519	0.389060	0.000000
48	tsk_48	(x)	1	:	0.263189	0.000000	0.000000	0.000000	0.000000	0.000000	0.736810	0.000000	0.000001
49	tsk_49	(x)	1	:	0.569292	0.000000	0.000000	0.000000	0.000000	0.000000	0.430707	0.000000	0.000000
50	tsk_50	(x)	1	:	0.314264	0.000000	0.000000	0.228641	0.000000	0.000000	0.000000	0.000000	0.457095
51	tsk_51	(x)	1	:	0.074581	0.000000	0.000000	0.468409	0.000000	0.000000	0.000000	0.000000	0.457010
52	tsk_52	(x)	1	:	0.000003	0.000000	0.000000	0.000000	0.000000	0.000000	0.000000	0.000000	0.999997
53	tsk_53	(x)	1	:	0.000001	0.000000	0.000000	0.419053	0.000000	0.000000	0.000000	0.000000	0.580946
54	tsk_54	(x)	1	:	0.000001	0.000000	0.000000	0.419053	0.000000	0.000000	0.000000	0.000000	0.580946
55	tsk_55	(x)	1	:	0.000000	0.000000	0.000000	0.000000	0.000000	0.000000	0.000000	0.000000	1.000000
56	tsk_56	(x)	1	:	0.000000	0.000000	0.000000	1.000000	0.000000	0.000000	0.000000	0.000000	0.000000
57	tsk_57	(x)	1	:	0.074511	0.000000	0.000000	0.468432	0.000000	0.000000	0.000000	0.000000	0.457057
58	tsk_58	(x)	1	:	0.000000	0.000000	0.000000	0.000000	0.000000	0.000000	0.000000	0.000000	1.000000
59	tsk_59	(x)	1	:	0.074577	0.000000	0.000000	0.468410	0.000000	0.000000	0.000000	0.000000	0.457013
60	tsk_60	(x)	1	:	0.044443	0.000006	0.000000	0.000000	0.498025	0.000000	0.000000	0.000000	0.457526
61	tsk_61	(x)	1	:	0.542858	0.000000	0.000000	0.000000	0.000000	0.000000	0.000000	0.000000	0.457142
62	tsk_62	(x)	1	:	0.112692	0.000000	0.000000	0.000000	0.000000	0.000000	0.430399	0.000000	0.456909
63	tsk_63	(x)	1	:	0.166168	0.127509	0.000000	0.000000	0.188752	0.000000	0.431228	0.086342	0.000000
64	tsk_64	(x)	1	:	0.542862	0.000000	0.000000	0.000000	0.000000	0.000000	0.000000	0.000000	0.457138
65	tsk_65	(x)	1	:	0.165843	0.127844	0.000000	0.000000	0.188315	0.000000	0.431330	0.086669	0.000000
66	tsk_66	(x)	1	:	0.112680	0.000000	0.000000	0.000000	0.000000	0.000000	0.430404	0.000000	0.456915
67	tsk_67	(x)	1	:	0.180469	0.000001	0.000000	0.000000	0.000001	0.000000	0.430509	0.389021	0.000000
68	tsk_68	(x)	1	:	0.569293	0.000000	0.000000	0.000000	0.000000	0.000000	0.430707	0.000000	0.000000
69	tsk_69	(x)	1	:	0.434050	0.565949	0.000000	0.000000	0.000000	0.000000	0.000000	0.000000	0.000000
70	tsk_70	(x)	1	:	0.142495	0.000001	0.000000	0.468438	0.000002	0.000000	0.000000	0.389065	0.000000
71	tsk_71	(x)	1	:	0.311612	0.000000	0.000000	0.468450	0.000000	0.219937	0.000000	0.000000	0.000001
72	tsk_72	(x)	1	:	0.081191	0.489929	0.000000	0.000000	0.000000	0.000000	0.428880	0.000000	0.000000
73	tsk_73	(x)	1	:	0.000000	1.000000	0.000000	0.000000	0.000000	0.000000	0.000000	0.000000	0.000000
74	tsk_74	(x)	1	:	0.000000	1.000000	0.000000	0.000000	0.000000	0.000000	0.000000	0.000000	0.000000
75	tsk_75	(x)	1	:	0.531537	0.000000	0.000000	0.468463	0.000000	0.000000	0.000000	0.000000	0.000000
76	tsk_76	(x)	1	:	0.147195	0.000000	0.000000	0.228639	0.000000	0.000000	0.000000	0.624166	0.000000
77	tsk_77	(x)	1	:	0.000000	0.545184	0.000000	0.000000	0.000000	0.000000	0.000000	0.454815	0.000000
78	tsk_78	(x)	1	:	0.000001	0.000013	0.000000	0.000000	0.000015	0.000000	0.000000	0.999971	0.000000
79	tsk_79	(x)	1	:	0.128713	0.127579	0.000000	0.468732	0.188628	0.000000	0.000000	0.086348	0.000000
80	tsk_80	(x)	1	:	0.000000	0.000000	0.000000	1.000000	0.000000	0.000000	0.000000	0.000000	0.000000
81	tsk_81	(x)	1	:	0.000117	0.000000	0.000000	0.572995	0.000000	0.000000	0.000000	0.000000	0.426888
82	tsk_82	(x)	1	:	0.000001	0.000000	0.500968	0.499032	0.000000	0.000000	0.000000	0.000000	0.000000
83	tsk_83	(x)	1	:	0.000004	0.000000	0.000000	0.000000	0.000000	0.000000	0.000000	0.000000	0.999996
84	tsk_84	(x)	1	:	0.322812	0.000000	0.000000	0.000000	0.000000	0.219978	0.000000	0.000000	0.457210
85	tsk_85	(x)	1	:	0.154311	0.000001	0.000000	0.000000	0.000001	0.000000	0.000000	0.388847	0.456841
86	tsk_86	(x)	1	:	0.026919	0.000001	0.000000	0.585004	0.000001	0.000000	0.000000	0.388075	0.000000
87	tsk_87	(x)	1	:	0.414528	0.000000	0.000000	0.585472	0.000000	0.000000	0.000000	0.000000	0.000000
88	tsk_88	(x)	1	:	0.414528	0.000000	0.000000	0.585472	0.000000	0.000000	0.000000	0.000000	0.000000
89	tsk_89	(x)	1	:	0.000000	0.000000	0.000000	1.000000	0.000000	0.000000	0.000000	0.000000	0.000000
90	tsk_90	(x)	1	:	0.000000	0.000000	0.560095	0.439905	0.000000	0.000000	0.000000	0.000000	0.000000
91	tsk_91	(x)	1	:	0.000001	0.000000	0.621426	0.000000	0.000000	0.000000	0.000000	0.000000	0.378574
92	tsk_92	(x)	1	:	0.074514	0.000000	0.000000	0.468431	0.000000	0.000000	0.000000	0.000000	0.457055
93	tsk_93	(x)	1	:	0.000000	0.000000	0.595668	0.404332	0.000000	0.000000	0.000000	0.000000	0.000000
94	tsk_94	(x)	1	:	0.814984	0.000000	0.000000	0.185016	0.000000	0.000000	0.000000	0.000000	0.000000
95	tsk_95	(x)	1	:	0.000000	0.000000	0.000000	1.000000	0.000000	0.000000	0.000000	0.000000	0.000000
96	tsk_96	(x)	1	:	0.000000	0.000000	0.000000	1.000000	0.000000	0.000000	0.000000	0.000000	0.000000
97	tsk_97	(x)	1	:	0.000000	0.000000	0.000000	1.000000	0.000000	0.000000	0.000000	0.000000	0.000000
98	tsk_98	(x)	1	:	0.000004	0.000000	0.000000	0.000000	0.000000	0.000000	0.000000	0.000000	0.999995
99	tsk_99	(x)	1	:	0.000000	0.000000	0.000000	1.000000	0.000000	0.000000	0.000000	0.000000	0.000000
100	tsk_100	(x)	1	:	0.314264	0.000000	0.000000	0.228641	0.000000	0.000000	0.000000	0.000000	0.457095
101	tsk_101	(x)	1	:	0.542864	0.000000	0.000000	0.000000	0.000000	0.000000	0.000000	0.000000	0.457136
102	tsk_102	(x)	1	:	0.499410	0.000000	0.000000	0.000000	0.000000	0.500588	0.000000	0.000000	0.000002
103	tsk_103	(x)	1	:	0.391022	0.000001	0.000000	0.000000	0.000039	0.219951	0.000000	0.388986	0.000000
104	tsk_104	(x)	1	:	0.348514	0.423058	0.000004	0.228424	0.000000	0.000000	0.000000	0.000000	0.000000
105	tsk_105	(x)	1	:	0.155641	0.000000	0.000000	0.000000	0.000000	0.220030	0.000000	0.624330	0.000000
106	tsk_106	(x)	1	:	0.146765	0.000000	0.000000	0.468482	0.000000	0.384752	0.000000	0.000000	0.000000
107	tsk_107	(x)	1	:	0.390966	0.000000	0.000000	0.000000	0.000024	0.219956	0.000000	0.389052	0.000001
108	tsk_108	(x)	1	:	0.194538	0.000000	0.000000	0.585498	0.000000	0.219963	0.000000	0.000000	0.000001
109	tsk_109	(x)	1	:	0.499405	0.000000	0.000000	0.000000	0.000000	0.500591	0.000000	0.000000	0.000003
110	tsk_110	(x)	1	:	0.142491	0.000001	0.000000	0.468439	0.000002	0.000000	0.000000	0.389066	0.000000
111	tsk_111	(x)	1	:	0.000000	0.000010	0.000000	0.000000	0.000018	0.000000	0.000000	0.999972	0.000000
112	tsk_112	(x)	1	:	0.000000	0.000000	0.000000	0.000000	0.000000	0.000000	0.000000	1.000000	0.000000
113	tsk_113	(x)	1	:	0.000000	0.000000	0.000000	0.000000	0.000000	0.293102	0.253064	0.453834	0.000000
114	tsk_114	(x)	1	:	0.000012	0.000000	0.000000	0.429536	0.000000	0.000000	0.000000	0.570452	0.000000
115	tsk_115	(x)	1	:	0.000012	0.000000	0.000000	0.429536	0.000000	0.000000	0.000000	0.570452	0.000000
116	tsk_116	(x)	1	:	0.000000	0.000000	0.000000	0.000000	0.000000	0.293102	0.253064	0.453834	0.000000
117	tsk_117	(x)	1	:	0.180447	0.000000	0.000000	0.000000	0.000001	0.000000	0.430518	0.389033	0.000000
118	tsk_118	(x)	1	:	0.000000	0.000000	0.000000	0.000000	0.000000	0.000000	0.000000	0.999999	0.000000
119	tsk_119	(x)	1	:	0.375825	0.000000	0.000000	0.000000	0.000000	0.000000	0.000000	0.624175	0.000000
120	tsk_120	(x)	1	:	1.000000	0.000000	0.000000	0.000000	0.000000	0.000000	0.000000	0.000000	0.000000
121	tsk_121	(x)	1	:	0.189013	0.000000	0.000000	0.000000	0.000000	0.380263	0.430724	0.000000	0.000000
122	tsk_122	(x)	1	:	0.189094	0.000000	0.000000	0.000000	0.000000	0.380234	0.430672	0.000000	0.000000
123	tsk_123	(x)	1	:	1.000000	0.000000	0.000000	0.000000	0.000000	0.000000	0.000000	0.000000	0.000000
124	tsk_124	(x)	1	:	1.000000	0.000000	0.000000	0.000000	0.000000	0.000000	0.000000	0.000000	0.000000
125	tsk_125	(x)	1	:	0.569294	0.000000	0.000000	0.000000	0.000000	0.000000	0.430706	0.000000	0.000000
126	tsk_126	(x)	1	:	0.189082	0.000000	0.000000	0.000000	0.000000	0.380238	0.430680	0.000000	0.000000
127	tsk_127	(x)	1	:	1.000000	0.000000	0.000000	0.000000	0.000000	0.000000	0.000000	0.000000	0.000000
128	tsk_128	(x)	1	:	0.569295	0.000000	0.000000	0.000000	0.000000	0.000000	0.430705	0.000000	0.000000
129	tsk_129	(x)	1	:	0.041590	0.490225	0.000000	0.468185	0.000000	0.000000	0.000000	0.000000	0.000000
130	tsk_130	(x)	1	:	0.000000	0.000000	0.457184	0.000000	0.000000	0.000000	0.000000	0.542816	0.000000
131	tsk_131	(x)	1	:	0.000000	0.000012	0.000000	0.000000	0.000013	0.000000	0.000000	0.999975	0.000000
132	tsk_132	(x)	1	:	0.238682	0.000000	0.532711	0.228607	0.000000	0.000000	0.000000	0.000000	0.000000
133	tsk_133	(x)	1	:	0.000013	0.482541	0.517446	0.000000	0.000000	0.000000	0.000000	0.000000	0.000000
134	tsk_134	(x)	1	:	0.078398	0.000004	0.532644	0.000000	0.000003	0.000000	0.000000	0.388951	0.000000
135	tsk_135	(x)	1	:	0.197148	0.490433	0.000000	0.000000	0.000000	0.000000	0.312418	0.000000	0.000000
136	tsk_136	(x)	1	:	0.036748	0.000000	0.532739	0.000000	0.000000	0.000000	0.430512	0.000000	0.000000
137	tsk_137	(x)	1	:	0.280831	0.490477	0.000000	0.228691	0.000000	0.000000	0.000000	0.000001	0.000000
138	tsk_138	(x)	1	:	0.298411	0.000002	0.000000	0.000000	0.000005	0.000000	0.312514	0.389068	0.000000
139	tsk_139	(x)	1	:	0.000001	0.000000	0.999999	0.000000	0.000000	0.000000	0.000000	0.000000	0.000000
140	tsk_140	(x)	1	:	0.045121	0.000005	0.000000	0.000000	0.497866	0.000000	0.000000	0.000000	0.457007
141	tsk_141	(x)	1	:	0.045071	0.000004	0.000000	0.000000	0.497878	0.000000	0.000000	0.000000	0.457047
142	tsk_142	(x)	1	:	0.045121	0.000006	0.000000	0.000000	0.497866	0.000000	0.000000	0.000000	0.457007
143	tsk_143	(x)	1	:	0.502088	0.000010	0.000000	0.000000	0.497900	0.000000	0.000000	0.000000	0.000002
144	tsk_144	(x)	1	:	0.045118	0.000005	0.000000	0.000000	0.497867	0.000000	0.000000	0.000000	0.457010
145	tsk_145	(x)	1	:	0.000000	0.000001	0.000000	0.000000	0.423545	0.000000	0.000000	0.576454	0.000000
146	tsk_146	(x)	1	:	0.000000	0.000000	0.000000	0.000000	0.555823	0.000000	0.000000	0.444177	0.000000
147	tsk_147	(x)	1	:	0.000000	0.000001	0.000000	0.000000	0.423545	0.000000	0.000000	0.576454	0.000000
148	tsk_148	(x)	1	:	0.509550	0.490449	0.000000	0.000000	0.000000	0.000000	0.000000	0.000000	0.000000
149	tsk_149	(x)	1	:	0.000160	0.000000	0.000000	0.572982	0.000000	0.000000	0.000000	0.000000	0.426857
