0	tsk_0	(x)	1	:	1.000000	0.000000	0.000000	0.000000	0.000000	0.000000	0.000000	0.000000	0.000000	0.000000	0.000000	0.000000	0.000000	0.000000	0.000000
1	tsk_1	(x)	1	:	0.000000	0.000000	0.000000	0.000000	0.000000	0.000000	0.500114	0.000000	0.000000	0.000000	0.499631	0.000000	0.000000	0.000000	0.000255
2	tsk_2	(x)	1	:	0.498659	0.000000	0.000000	0.000000	0.000000	0.000000	0.000000	0.000000	0.000000	0.000000	0.501037	0.000000	0.000000	0.000000	0.000304
3	tsk_3	(x)	1	:	0.000000	0.000000	0.000000	0.000000	0.000000	0.000000	0.000000	0.000000	0.000000	0.000000	1.000000	0.000000	0.000000	0.000000	0.000000
4	tsk_4	(x)	1	:	0.000000	0.000000	0.000000	0.000000	0.000000	0.000000	0.000000	0.000000	0.498911	0.000000	0.500027	0.000000	0.000000	0.000769	0.000293
5	tsk_5	(x)	1	:	0.000000	0.000000	0.000000	0.000000	0.000000	0.000000	0.000000	0.000000	0.000000	0.000000	0.518368	0.000000	0.000000	0.000000	0.481632
6	tsk_6	(x)	1	:	0.000000	0.000000	0.000000	0.000000	0.000000	0.000000	0.500115	0.000000	0.000000	0.000000	0.499644	0.000000	0.000000	0.000000	0.000242
7	tsk_7	(x)	1	:	0.498299	0.000000	0.000000	0.000000	0.497597	0.000000	0.000000	0.000000	0.000000	0.000000	0.000000	0.000000	0.000000	0.004104	0.000000
8	tsk_8	(x)	1	:	0.000000	0.000000	0.000000	0.000000	0.000000	0.000000	0.500114	0.000000	0.000000	0.000000	0.499636	0.000000	0.000000	0.000000	0.000249
9	tsk_9	(x)	1	:	0.476607	0.000000	0.000000	0.000000	0.000000	0.000000	0.000000	0.000000	0.000000	0.000000	0.000000	0.523393	0.000000	0.000000	0.000000
10	tsk_10	(x)	1	:	0.000000	0.512705	0.000000	0.000000	0.000000	0.000000	0.000000	0.000000	0.000000	0.000000	0.487290	0.000000	0.000000	0.000000	0.000005
11	tsk_11	(x)	1	:	0.000000	0.000000	0.000000	0.000000	0.000000	0.000000	0.000000	0.000000	0.000000	0.000000	0.000000	0.998434	0.000000	0.001566	0.000000
12	tsk_12	(x)	1	:	0.000000	0.000000	0.000000	0.458305	0.000000	0.000000	0.000000	0.000000	0.000000	0.000000	0.000000	0.356351	0.000000	0.185344	0.000000
13	tsk_13	(x)	1	:	0.499876	0.500124	0.000000	0.000000	0.000000	0.000000	0.000000	0.000000	0.000000	0.000000	0.000000	0.000000	0.000000	0.000000	0.000000
14	tsk_14	(x)	1	:	0.498135	0.000000	0.000000	0.000000	0.000000	0.000000	0.000000	0.000000	0.000000	0.000000	0.000000	0.356311	0.000000	0.145554	0.000000
15	tsk_15	(x)	1	:	0.000000	0.000000	0.000000	0.000000	0.000000	0.000000	0.000000	0.000000	0.000000	0.000000	0.000000	0.997985	0.000000	0.002015	0.000000
16	tsk_16	(x)	1	:	0.000000	0.497986	0.000000	0.000000	0.000000	0.000000	0.000000	0.000000	0.000000	0.000000	0.000000	0.356315	0.000000	0.145699	0.000000
17	tsk_17	(x)	1	:	0.000000	0.000000	0.000000	0.000000	0.000000	0.000000	0.000000	0.000000	0.000000	0.000000	0.000000	0.998025	0.000000	0.001975	0.000000
18	tsk_18	(x)	1	:	0.000000	0.497986	0.000000	0.000000	0.000000	0.000000	0.000000	0.000000	0.000000	0.000000	0.000000	0.356315	0.000000	0.145699	0.000000
19	tsk_19	(x)	1	:	0.000000	0.000000	0.000000	0.421056	0.000000	0.000000	0.000000	0.000000	0.000000	0.000000	0.000000	0.578937	0.000000	0.000007	0.000000
20	tsk_20	(x)	1	:	0.000000	0.000000	0.000000	0.000000	0.500087	0.000000	0.000000	0.000000	0.000000	0.000000	0.000000	0.356419	0.000000	0.143494	0.000000
21	tsk_21	(x)	1	:	0.000000	0.000000	0.000000	0.000000	0.500000	0.000000	0.000000	0.000000	0.000000	0.000000	0.000000	0.000000	0.000000	0.500000	0.000000
22	tsk_22	(x)	1	:	0.000000	0.000000	0.000000	0.000000	0.500000	0.000000	0.000000	0.000000	0.000000	0.000000	0.000000	0.000000	0.000000	0.500000	0.000000
23	tsk_23	(x)	1	:	0.000000	0.000000	0.000000	0.000000	0.000000	0.000000	0.000000	0.000000	0.000000	0.000000	0.000000	0.604676	0.000000	0.395324	0.000000
24	tsk_24	(x)	1	:	0.000000	0.000000	0.000000	0.000000	0.000000	0.000000	0.000000	0.000000	0.000000	0.000000	0.465124	0.534864	0.000000	0.000000	0.000012
25	tsk_25	(x)	1	:	0.000000	0.000000	0.000000	0.000000	0.000000	0.000000	0.000000	0.000000	0.000000	0.000000	0.499770	0.000000	0.000000	0.499887	0.000342
26	tsk_26	(x)	1	:	0.000000	0.000000	0.000000	0.000000	0.500000	0.000000	0.000000	0.000000	0.000000	0.000000	0.000000	0.000000	0.000000	0.500000	0.000000
27	tsk_27	(x)	1	:	0.000000	0.000000	0.000000	0.000000	0.000000	0.000000	0.000000	0.000000	0.000000	0.000000	0.499747	0.000000	0.000000	0.499876	0.000377
28	tsk_28	(x)	1	:	0.000000	0.000000	0.000000	0.000000	0.000000	0.000000	0.000000	0.000000	0.000000	0.000000	0.499750	0.000000	0.000000	0.499877	0.000373
29	tsk_29	(x)	1	:	0.498577	0.000000	0.000000	0.000000	0.000000	0.000000	0.000000	0.000000	0.000000	0.000000	0.500590	0.000000	0.000000	0.000546	0.000286
30	tsk_30	(x)	1	:	0.000000	0.487494	0.000000	0.000000	0.000000	0.000000	0.000000	0.000000	0.000000	0.512506	0.000000	0.000000	0.000000	0.000000	0.000000
31	tsk_31	(x)	1	:	0.000000	0.000000	0.000000	0.000000	0.000000	0.000000	0.000000	0.000000	0.000000	0.000000	0.000000	0.000000	0.000000	0.509199	0.490800
32	tsk_32	(x)	1	:	0.000000	0.000000	0.000000	0.000000	0.000000	0.000000	0.000000	0.000000	0.000000	0.000000	0.000000	0.549938	0.000000	0.000000	0.450062
33	tsk_33	(x)	1	:	0.510564	0.489435	0.000000	0.000000	0.000000	0.000000	0.000000	0.000000	0.000000	0.000000	0.000000	0.000000	0.000000	0.000000	0.000000
34	tsk_34	(x)	1	:	0.000000	0.497986	0.000000	0.000000	0.000000	0.000000	0.000000	0.000000	0.000000	0.000000	0.000000	0.356315	0.000000	0.145699	0.000000
35	tsk_35	(x)	1	:	0.000000	0.000000	0.487021	0.293652	0.000000	0.000000	0.000000	0.000000	0.000000	0.000034	0.000000	0.000000	0.219294	0.000000	0.000000
36	tsk_36	(x)	1	:	0.513194	0.000000	0.000000	0.000000	0.000000	0.000000	0.000000	0.000000	0.000000	0.000000	0.000000	0.000000	0.000000	0.486806	0.000000
37	tsk_37	(x)	1	:	0.000000	0.498330	0.000000	0.458311	0.000000	0.000000	0.000000	0.000000	0.000000	0.000000	0.000000	0.000000	0.000000	0.043358	0.000000
38	tsk_38	(x)	1	:	0.000000	0.498323	0.000000	0.000000	0.000000	0.000000	0.000000	0.000000	0.000000	0.000000	0.000000	0.000000	0.000000	0.010932	0.490745
39	tsk_39	(x)	1	:	0.000000	0.498349	0.000000	0.000000	0.000000	0.000000	0.000000	0.000000	0.000000	0.000000	0.000000	0.000000	0.000000	0.010707	0.490944
40	tsk_40	(x)	1	:	0.000000	0.000000	0.000000	0.458321	0.000000	0.000000	0.000000	0.000000	0.498876	0.000000	0.000000	0.000000	0.000000	0.042803	0.000000
41	tsk_41	(x)	1	:	0.498410	0.000000	0.000000	0.000000	0.000000	0.000000	0.000000	0.000000	0.000000	0.000000	0.000000	0.000000	0.000000	0.011043	0.490547
42	tsk_42	(x)	1	:	0.000000	0.000000	0.000000	0.458313	0.000000	0.000000	0.000000	0.000000	0.000000	0.000000	0.000000	0.000000	0.000000	0.050886	0.490802
43	tsk_43	(x)	1	:	0.000000	0.000000	0.000000	0.000000	0.000000	0.000000	0.000000	0.000000	0.000000	0.000000	0.000000	0.356348	0.000000	0.152856	0.490796
44	tsk_44	(x)	1	:	0.000000	0.000000	0.000000	0.000000	0.498178	0.000000	0.000000	0.000000	0.000000	0.000000	0.000000	0.000000	0.000000	0.011923	0.489898
45	tsk_45	(x)	1	:	0.000000	0.000000	0.000000	0.458313	0.000000	0.000000	0.000000	0.000000	0.000000	0.000000	0.000000	0.000000	0.000000	0.050885	0.490802
46	tsk_46	(x)	1	:	0.000000	0.000000	0.000000	1.000000	0.000000	0.000000	0.000000	0.000000	0.000000	0.000000	0.000000	0.000000	0.000000	0.000000	0.000000
47	tsk_47	(x)	1	:	0.000000	0.000000	0.000000	0.000000	0.000000	0.000000	0.000000	0.000000	0.000000	0.000000	0.000000	0.549882	0.000000	0.000096	0.450022
48	tsk_48	(x)	1	:	0.000000	0.000000	0.000000	0.458308	0.000000	0.000000	0.000000	0.000000	0.000000	0.000000	0.000000	0.356354	0.000000	0.185338	0.000000
49	tsk_49	(x)	1	:	0.000000	0.000000	0.000000	0.458313	0.000000	0.000000	0.000000	0.000000	0.000000	0.000000	0.000000	0.000000	0.000000	0.050885	0.490802
50	tsk_50	(x)	1	:	0.497789	0.000000	0.000000	0.000000	0.000000	0.000000	0.000000	0.000000	0.000000	0.502211	0.000000	0.000000	0.000000	0.000000	0.000000
51	tsk_51	(x)	1	:	0.000000	0.000000	0.000000	0.000000	0.000000	0.000000	0.000000	0.000000	0.000000	0.490002	0.000000	0.509998	0.000000	0.000000	0.000000
52	tsk_52	(x)	1	:	0.000000	0.000000	0.000000	0.000000	0.000000	0.000000	0.000000	0.000000	0.000000	1.000000	0.000000	0.000000	0.000000	0.000000	0.000000
53	tsk_53	(x)	1	:	0.000000	0.000000	0.000000	0.000000	0.000000	0.000000	0.007142	0.000000	0.000000	0.492662	0.496574	0.000000	0.000000	0.003529	0.000093
54	tsk_54	(x)	1	:	0.489651	0.000000	0.000000	0.000000	0.000000	0.000000	0.000000	0.000000	0.000000	0.000000	0.000000	0.510349	0.000000	0.000000	0.000000
55	tsk_55	(x)	1	:	0.000000	0.000000	0.000000	0.000000	0.000000	0.000000	0.000000	0.000000	0.000000	1.000000	0.000000	0.000000	0.000000	0.000000	0.000000
56	tsk_56	(x)	1	:	0.497789	0.000000	0.000000	0.000000	0.000000	0.000000	0.000000	0.000000	0.000000	0.502211	0.000000	0.000000	0.000000	0.000000	0.000000
57	tsk_57	(x)	1	:	0.000000	0.000000	0.000000	0.000000	0.000000	0.000000	0.000000	0.000000	0.000000	0.490002	0.000000	0.509998	0.000000	0.000000	0.000000
58	tsk_58	(x)	1	:	0.000000	0.000000	0.000000	0.000000	0.000000	0.000000	0.000000	0.000000	0.000000	1.000000	0.000000	0.000000	0.000000	0.000000	0.000000
59	tsk_59	(x)	1	:	0.000000	0.000000	0.000000	0.000000	0.000000	0.000000	0.000000	0.000000	0.000000	0.490002	0.000000	0.509998	0.000000	0.000000	0.000000
60	tsk_60	(x)	1	:	0.000000	0.000000	0.000000	0.000000	0.000000	0.000000	0.000000	0.000000	1.000000	0.000000	0.000000	0.000000	0.000000	0.000000	0.000000
61	tsk_61	(x)	1	:	0.000000	0.488490	0.000000	0.000000	0.000000	0.000000	0.000000	0.000000	0.000000	0.000000	0.000000	0.511510	0.000000	0.000000	0.000000
62	tsk_62	(x)	1	:	0.489651	0.000000	0.000000	0.000000	0.000000	0.000000	0.000000	0.000000	0.000000	0.000000	0.000000	0.510349	0.000000	0.000000	0.000000
63	tsk_63	(x)	1	:	0.000000	0.000000	0.000000	0.000000	0.000000	0.000000	0.000000	0.000000	1.000000	0.000000	0.000000	0.000000	0.000000	0.000000	0.000000
64	tsk_64	(x)	1	:	0.498281	0.000000	0.000000	0.000000	0.000000	0.000000	0.000000	0.000000	0.501719	0.000000	0.000000	0.000000	0.000000	0.000000	0.000000
65	tsk_65	(x)	1	:	0.000000	0.488490	0.000000	0.000000	0.000000	0.000000	0.000000	0.000000	0.000000	0.000000	0.000000	0.511510	0.000000	0.000000	0.000000
66	tsk_66	(x)	1	:	0.000000	0.000000	0.000000	0.376704	0.000000	0.000000	0.000000	0.000000	0.000000	0.000000	0.000000	0.448286	0.000000	0.000000	0.175010
67	tsk_67	(x)	1	:	0.489651	0.000000	0.000000	0.000000	0.000000	0.000000	0.000000	0.000000	0.000000	0.000000	0.000000	0.510349	0.000000	0.000000	0.000000
68	tsk_68	(x)	1	:	0.498440	0.000000	0.000000	0.458322	0.000000	0.000000	0.000000	0.000000	0.000000	0.000000	0.000000	0.000000	0.000000	0.043238	0.000000
69	tsk_69	(x)	1	:	0.000000	0.000000	0.000000	0.458265	0.000000	0.000000	0.000000	0.000000	0.512270	0.000000	0.000000	0.000000	0.000000	0.029465	0.000000
70	tsk_70	(x)	1	:	0.498281	0.000000	0.000000	0.000000	0.000000	0.000000	0.000000	0.000000	0.501719	0.000000	0.000000	0.000000	0.000000	0.000000	0.000000
71	tsk_71	(x)	1	:	0.000000	0.497986	0.000000	0.000000	0.000000	0.000000	0.000000	0.000000	0.000000	0.000000	0.000000	0.356315	0.000000	0.145699	0.000000
72	tsk_72	(x)	1	:	0.000000	0.000000	0.000000	0.000000	0.000000	0.000000	0.000000	0.000000	0.000000	0.000000	0.499726	0.356362	0.000000	0.143501	0.000411
73	tsk_73	(x)	1	:	1.000000	0.000000	0.000000	0.000000	0.000000	0.000000	0.000000	0.000000	0.000000	0.000000	0.000000	0.000000	0.000000	0.000000	0.000000
74	tsk_74	(x)	1	:	0.498281	0.000000	0.000000	0.000000	0.000000	0.000000	0.000000	0.000000	0.501719	0.000000	0.000000	0.000000	0.000000	0.000000	0.000000
75	tsk_75	(x)	1	:	0.000000	0.000000	0.501104	0.000000	0.000000	0.000000	0.000000	0.000000	0.498552	0.000343	0.000000	0.000000	0.000000	0.000000	0.000000
76	tsk_76	(x)	1	:	0.511262	0.000000	0.000000	0.000000	0.000000	0.000000	0.000000	0.000000	0.000000	0.000000	0.488723	0.000000	0.000000	0.000000	0.000015
77	tsk_77	(x)	1	:	0.000000	0.000000	0.493339	0.000000	0.000000	0.000000	0.006961	0.000000	0.000000	0.000124	0.000000	0.000000	0.000000	0.012417	0.487159
78	tsk_78	(x)	1	:	0.000000	0.000000	0.490186	0.000000	0.000000	0.000000	0.000000	0.000000	0.000000	0.000409	0.000000	0.509405	0.000000	0.000000	0.000000
79	tsk_79	(x)	1	:	0.000000	0.000000	0.498719	0.458315	0.000000	0.000000	0.000000	0.000000	0.000000	0.001367	0.000000	0.000000	0.000000	0.041599	0.000000
80	tsk_80	(x)	1	:	0.000000	0.000000	0.000000	0.458321	0.000000	0.000000	0.000000	0.000000	0.000000	0.000000	0.499738	0.000000	0.000000	0.041546	0.000395
81	tsk_81	(x)	1	:	0.000000	0.000000	0.000000	0.458301	0.000000	0.000000	0.000000	0.000000	0.000000	0.000000	0.499711	0.000000	0.000000	0.041564	0.000425
82	tsk_82	(x)	1	:	0.000000	0.000000	0.000000	0.458272	0.499961	0.000000	0.000000	0.000000	0.000000	0.000000	0.000000	0.000000	0.000000	0.041766	0.000000
83	tsk_83	(x)	1	:	0.497246	0.000000	0.000000	0.000000	0.008345	0.000000	0.000000	0.494409	0.000000	0.000000	0.000000	0.000000	0.000000	0.000000	0.000000
84	tsk_84	(x)	1	:	0.498277	0.000000	0.000000	0.000000	0.497220	0.000000	0.000000	0.000000	0.000000	0.000000	0.000000	0.000000	0.000000	0.004503	0.000000
85	tsk_85	(x)	1	:	0.000000	0.000000	0.000000	0.000000	0.000000	0.000000	0.000000	0.000000	0.000000	0.000000	0.000000	0.000000	1.000000	0.000000	0.000000
86	tsk_86	(x)	1	:	0.000000	0.000000	0.000000	0.000000	0.000000	0.000000	0.000000	0.000000	0.000000	0.000000	0.000000	0.000000	0.000000	1.000000	0.000000
87	tsk_87	(x)	1	:	0.498596	0.000000	0.000000	0.000000	0.000000	0.000000	0.000000	0.000000	0.000000	0.000000	0.500701	0.000000	0.000000	0.000427	0.000276
88	tsk_88	(x)	1	:	0.000000	0.000000	0.498484	0.458319	0.000000	0.000000	0.000000	0.000000	0.000000	0.001617	0.000000	0.000000	0.000000	0.041580	0.000000
89	tsk_89	(x)	1	:	0.000000	0.000000	0.000000	0.421054	0.000000	0.000000	0.000000	0.000000	0.000000	0.000000	0.000000	0.578935	0.000000	0.000010	0.000000
90	tsk_90	(x)	1	:	0.498440	0.000000	0.000000	0.458321	0.000000	0.000000	0.000000	0.000000	0.000000	0.000000	0.000000	0.000000	0.000000	0.043239	0.000000
91	tsk_91	(x)	1	:	1.000000	0.000000	0.000000	0.000000	0.000000	0.000000	0.000000	0.000000	0.000000	0.000000	0.000000	0.000000	0.000000	0.000000	0.000000
92	tsk_92	(x)	1	:	1.000000	0.000000	0.000000	0.000000	0.000000	0.000000	0.000000	0.000000	0.000000	0.000000	0.000000	0.000000	0.000000	0.000000	0.000000
93	tsk_93	(x)	1	:	0.498439	0.000000	0.000000	0.458300	0.000000	0.000000	0.000000	0.000000	0.000000	0.000000	0.000000	0.000000	0.000000	0.043261	0.000000
94	tsk_94	(x)	1	:	1.000000	0.000000	0.000000	0.000000	0.000000	0.000000	0.000000	0.000000	0.000000	0.000000	0.000000	0.000000	0.000000	0.000000	0.000000
95	tsk_95	(x)	1	:	1.000000	0.000000	0.000000	0.000000	0.000000	0.000000	0.000000	0.000000	0.000000	0.000000	0.000000	0.000000	0.000000	0.000000	0.000000
96	tsk_96	(x)	1	:	0.497959	0.000000	0.502041	0.000000	0.000000	0.000000	0.000000	0.000000	0.000000	0.000000	0.000000	0.000000	0.000000	0.000000	0.000000
97	tsk_97	(x)	1	:	0.498261	0.000000	0.000000	0.000000	0.496947	0.000000	0.000000	0.000000	0.000000	0.000000	0.000000	0.000000	0.000000	0.004792	0.000000
98	tsk_98	(x)	1	:	0.498440	0.000000	0.000000	0.458323	0.000000	0.000000	0.000000	0.000000	0.000000	0.000000	0.000000	0.000000	0.000000	0.043237	0.000000
99	tsk_99	(x)	1	:	0.489651	0.000000	0.000000	0.000000	0.000000	0.000000	0.000000	0.000000	0.000000	0.000000	0.000000	0.510349	0.000000	0.000000	0.000000
100	tsk_100	(x)	1	:	0.511181	0.000000	0.000000	0.000000	0.000000	0.000000	0.000000	0.000000	0.000000	0.000000	0.488732	0.000000	0.000000	0.000000	0.000086
101	tsk_101	(x)	1	:	0.000000	0.000000	0.000000	0.000000	0.000000	0.000000	0.000000	0.000000	0.000000	0.000000	0.000000	0.000000	0.000000	0.000000	1.000000
102	tsk_102	(x)	1	:	1.000000	0.000000	0.000000	0.000000	0.000000	0.000000	0.000000	0.000000	0.000000	0.000000	0.000000	0.000000	0.000000	0.000000	0.000000
103	tsk_103	(x)	1	:	0.512213	0.000000	0.000000	0.000000	0.000000	0.000000	0.000000	0.000000	0.000000	0.000000	0.000000	0.000000	0.000000	0.000180	0.487607
104	tsk_104	(x)	1	:	0.000000	0.000000	0.000000	0.000000	0.000000	0.000000	0.000000	0.000000	0.000000	0.000000	0.000000	0.000000	0.000000	0.000000	1.000000
105	tsk_105	(x)	1	:	0.000000	0.000000	0.000000	0.000000	0.000000	0.000000	0.000000	0.000000	0.000000	0.000000	0.499742	0.000000	0.000000	0.499873	0.000385
106	tsk_106	(x)	1	:	0.516986	0.000000	0.483014	0.000000	0.000000	0.000000	0.000000	0.000000	0.000000	0.000000	0.000000	0.000000	0.000000	0.000000	0.000000
107	tsk_107	(x)	1	:	0.000000	0.000000	0.498489	0.000000	0.000000	0.000000	0.001208	0.000000	0.000000	0.000378	0.499328	0.000000	0.000000	0.000387	0.000210
108	tsk_108	(x)	1	:	0.000000	0.000000	0.000000	0.000000	0.000000	0.000000	0.000000	0.000000	0.000000	0.000000	0.000000	0.000000	0.000000	0.000000	1.000000
109	tsk_109	(x)	1	:	0.000000	0.000000	0.000000	0.000000	0.000000	0.000000	0.000000	0.000000	0.000000	0.000000	0.000000	0.000000	0.000000	0.000000	1.000000
110	tsk_110	(x)	1	:	0.206814	0.000000	0.000000	0.000000	0.000000	0.343788	0.000000	0.000000	0.000000	0.000000	0.000000	0.000000	0.000000	0.449398	0.000000
111	tsk_111	(x)	1	:	1.000000	0.000000	0.000000	0.000000	0.000000	0.000000	0.000000	0.000000	0.000000	0.000000	0.000000	0.000000	0.000000	0.000000	0.000000
112	tsk_112	(x)	1	:	0.497959	0.000000	0.502041	0.000000	0.000000	0.000000	0.000000	0.000000	0.000000	0.000000	0.000000	0.000000	0.000000	0.000000	0.000000
113	tsk_113	(x)	1	:	1.000000	0.000000	0.000000	0.000000	0.000000	0.000000	0.000000	0.000000	0.000000	0.000000	0.000000	0.000000	0.000000	0.000000	0.000000
114	tsk_114	(x)	1	:	0.000000	0.000000	0.000000	0.000000	0.000000	0.117473	0.000000	0.000000	0.000000	0.432931	0.000000	0.000000	0.000000	0.449596	0.000000
115	tsk_115	(x)	1	:	0.207395	0.000000	0.000000	0.000000	0.000000	0.343145	0.000000	0.000000	0.000000	0.000000	0.000000	0.000000	0.000000	0.449459	0.000000
116	tsk_116	(x)	1	:	0.498440	0.000000	0.000000	0.458323	0.000000	0.000000	0.000000	0.000000	0.000000	0.000000	0.000000	0.000000	0.000000	0.043237	0.000000
117	tsk_117	(x)	1	:	0.000000	0.000000	0.497810	0.458322	0.000000	0.000000	0.000000	0.000000	0.000000	0.002336	0.000000	0.000000	0.000000	0.041532	0.000000
118	tsk_118	(x)	1	:	0.000000	0.000000	0.000000	0.000000	0.000000	0.587649	0.000000	0.000000	0.000000	0.000000	0.000000	0.000000	0.000000	0.412351	0.000000
119	tsk_119	(x)	1	:	0.206818	0.000000	0.000000	0.000000	0.000000	0.343795	0.000000	0.000000	0.000000	0.000000	0.000000	0.000000	0.000000	0.449387	0.000000
120	tsk_120	(x)	1	:	1.000000	0.000000	0.000000	0.000000	0.000000	0.000000	0.000000	0.000000	0.000000	0.000000	0.000000	0.000000	0.000000	0.000000	0.000000
121	tsk_121	(x)	1	:	1.000000	0.000000	0.000000	0.000000	0.000000	0.000000	0.000000	0.000000	0.000000	0.000000	0.000000	0.000000	0.000000	0.000000	0.000000
122	tsk_122	(x)	1	:	0.000000	0.000000	0.000000	0.000000	0.000000	0.000000	0.000000	0.000000	0.000000	0.000000	0.518368	0.000000	0.000000	0.000000	0.481632
123	tsk_123	(x)	1	:	0.000000	0.000000	0.000000	0.000000	0.000000	0.000000	0.000000	0.000000	0.000000	0.000000	1.000000	0.000000	0.000000	0.000000	0.000000
124	tsk_124	(x)	1	:	0.497527	0.000000	0.000000	0.000000	0.000000	0.000000	0.499039	0.000000	0.000000	0.003434	0.000000	0.000000	0.000000	0.000000	0.000000
125	tsk_125	(x)	1	:	0.000000	0.000000	0.000000	0.000000	0.000000	0.000000	0.000000	0.000000	0.000000	0.000000	1.000000	0.000000	0.000000	0.000000	0.000000
126	tsk_126	(x)	1	:	0.000000	0.000000	0.000000	0.000000	0.000000	0.000000	0.000000	0.000000	0.000000	0.000000	0.518368	0.000000	0.000000	0.000000	0.481632
127	tsk_127	(x)	1	:	0.497432	0.000000	0.000000	0.000000	0.000000	0.000000	0.497889	0.000000	0.000000	0.004679	0.000000	0.000000	0.000000	0.000000	0.000000
128	tsk_128	(x)	1	:	0.000000	0.000000	0.000000	0.000000	0.000000	0.000000	0.000000	0.000000	0.000000	0.000000	0.518368	0.000000	0.000000	0.000000	0.481632
129	tsk_129	(x)	1	:	0.000000	0.000000	0.000000	0.000000	0.000000	0.000000	0.000000	0.000000	0.000000	0.000000	0.518368	0.000000	0.000000	0.000000	0.481632
130	tsk_130	(x)	1	:	0.498439	0.000000	0.000000	0.000000	0.000000	0.000000	0.000000	0.000000	0.000000	0.000000	0.000000	0.000000	0.000000	0.501561	0.000000
131	tsk_131	(x)	1	:	0.000000	0.000000	0.500000	0.000000	0.000000	0.000000	0.000000	0.000000	0.000000	0.000000	0.000000	0.000000	0.000000	0.500000	0.000000
132	tsk_132	(x)	1	:	0.000000	0.000000	0.000000	0.741765	0.000000	0.000000	0.000000	0.000000	0.000000	0.000000	0.000000	0.000000	0.000000	0.014890	0.243345
133	tsk_133	(x)	1	:	0.000000	0.000000	0.000000	0.000000	0.500000	0.000000	0.000000	0.000000	0.000000	0.000000	0.000000	0.000000	0.000000	0.500000	0.000000
134	tsk_134	(x)	1	:	0.000000	0.000000	0.000000	0.458310	0.000000	0.000000	0.000000	0.000000	0.000000	0.000000	0.000000	0.000000	0.000000	0.541690	0.000000
135	tsk_135	(x)	1	:	0.498279	0.000000	0.000000	0.000000	0.497247	0.000000	0.000000	0.000000	0.000000	0.000000	0.000000	0.000000	0.000000	0.004475	0.000000
136	tsk_136	(x)	1	:	0.000000	0.000000	0.000000	0.000000	1.000000	0.000000	0.000000	0.000000	0.000000	0.000000	0.000000	0.000000	0.000000	0.000000	0.000000
137	tsk_137	(x)	1	:	0.000000	0.000000	0.498521	0.000000	0.000000	0.000000	0.000000	0.000000	0.000000	0.001577	0.000000	0.000000	0.000000	0.499902	0.000000
138	tsk_138	(x)	1	:	0.000000	0.000000	0.000000	0.000000	0.431166	0.000000	0.000000	0.000000	0.000000	0.000000	0.000000	0.000000	0.000000	0.000000	0.568834
139	tsk_139	(x)	1	:	0.000000	0.000000	0.486983	0.000000	0.000000	0.000000	0.000001	0.000000	0.000000	0.000000	0.000000	0.000000	0.000000	0.000000	0.513015
140	tsk_140	(x)	1	:	0.497959	0.000000	0.502041	0.000000	0.000000	0.000000	0.000000	0.000000	0.000000	0.000000	0.000000	0.000000	0.000000	0.000000	0.000000
141	tsk_141	(x)	1	:	0.000000	0.000000	0.498249	0.000000	0.000000	0.000000	0.001321	0.000000	0.000000	0.000546	0.499408	0.000000	0.000000	0.000261	0.000216
142	tsk_142	(x)	1	:	0.000000	0.000000	0.496681	0.000000	0.000000	0.000000	0.000000	0.000000	0.000000	0.003193	0.000000	0.356297	0.000000	0.143830	0.000000
143	tsk_143	(x)	1	:	0.498662	0.000000	0.000000	0.000000	0.000000	0.000000	0.000000	0.000000	0.000000	0.000000	0.501101	0.000000	0.000000	0.000000	0.000238
144	tsk_144	(x)	1	:	0.000000	0.000000	0.496682	0.000000	0.000000	0.000000	0.000000	0.000000	0.000000	0.003191	0.000000	0.356297	0.000000	0.143830	0.000000
145	tsk_145	(x)	1	:	0.000000	0.000000	0.000000	0.000000	0.000000	0.000000	0.000000	0.000000	0.000000	0.000000	0.000000	0.997979	0.000000	0.002021	0.000000
146	tsk_146	(x)	1	:	0.000000	0.000000	0.000000	0.000000	0.000000	0.000000	0.000000	0.000000	0.000000	0.000000	1.000000	0.000000	0.000000	0.000000	0.000000
147	tsk_147	(x)	1	:	0.497959	0.000000	0.502041	0.000000	0.000000	0.000000	0.000000	0.000000	0.000000	0.000000	0.000000	0.000000	0.000000	0.000000	0.000000
148	tsk_148	(x)	1	:	0.497959	0.000000	0.502041	0.000000	0.000000	0.000000	0.000000	0.000000	0.000000	0.000000	0.000000	0.000000	0.000000	0.000000	0.000000
149	tsk_149	(x)	1	:	0.498281	0.000000	0.000000	0.000000	0.000000	0.000000	0.000000	0.000000	0.501719	0.000000	0.000000	0.000000	0.000000	0.000000	0.000000
