logL = -1754.191260 (converged)
AIC = 5854.382521
BIC = 9385.857721

count.K
16 27 23 4 13 44 23 

