logL = -597.891315 (converged)
AIC = 3067.782629
BIC = 5885.737264

count.K
27 16 75 21 4 7 

