logL = -736.739059 (converged)
AIC = 5801.478118
BIC = 12316.492894

count.K
1 2 12 9 2 29 35 2 23 6 17 10 2 

