logL = -2875.793178 (converged)
AIC = 8279.586356
BIC = 12085.029368

count.K
13 26 35 10 45 12 9 

