0	tsk_0	(x)	1	:	0.000000	0.000000	0.516068	0.000000	0.000000	0.000000	0.483930	0.000000	0.000000	0.000000	0.000000	0.000002
1	tsk_1	(x)	1	:	0.000000	0.000000	0.000000	0.000000	0.000000	0.000000	0.442266	0.000000	0.000000	0.557734	0.000000	0.000000
2	tsk_2	(x)	1	:	0.000000	0.000000	0.000000	0.000000	0.000000	0.000000	0.552754	0.000000	0.000000	0.446102	0.000000	0.001144
3	tsk_3	(x)	1	:	0.000000	0.000000	0.000000	0.000000	0.000000	0.000000	0.593801	0.000000	0.000000	0.000000	0.000000	0.406199
4	tsk_4	(x)	1	:	0.000000	0.000000	0.516068	0.000000	0.000000	0.000000	0.483930	0.000000	0.000000	0.000000	0.000000	0.000002
5	tsk_5	(x)	1	:	0.000000	0.000000	0.000000	0.000000	0.000000	0.000000	0.442266	0.000000	0.000000	0.557734	0.000000	0.000000
6	tsk_6	(x)	1	:	0.000000	0.000000	0.516068	0.000000	0.000000	0.000000	0.483930	0.000000	0.000000	0.000000	0.000000	0.000001
7	tsk_7	(x)	1	:	0.000000	0.000000	0.000000	0.000000	0.000000	0.000000	0.000000	0.000000	0.000000	0.000000	0.000000	1.000000
8	tsk_8	(x)	1	:	0.000000	0.000000	1.000000	0.000000	0.000000	0.000000	0.000000	0.000000	0.000000	0.000000	0.000000	0.000000
9	tsk_9	(x)	1	:	0.000000	0.000000	0.000000	0.000000	0.000000	0.000000	0.593801	0.000000	0.000000	0.000000	0.000000	0.406199
10	tsk_10	(x)	1	:	0.000000	0.000000	0.000000	0.000000	0.504554	0.000000	0.000000	0.000000	0.000000	0.000000	0.000000	0.495446
11	tsk_11	(x)	1	:	0.000000	0.000000	0.000000	0.000000	0.489569	0.000000	0.000000	0.000000	0.000000	0.000000	0.000000	0.510431
12	tsk_12	(x)	1	:	0.000000	0.000000	0.000000	0.000000	0.000000	0.000000	0.000000	0.000000	0.000000	0.000000	0.000000	1.000000
13	tsk_13	(x)	1	:	0.000000	0.000000	0.000000	0.000000	0.000000	0.000000	0.000000	0.000000	0.000000	0.000000	0.504062	0.495938
14	tsk_14	(x)	1	:	0.000000	0.000000	0.000000	0.000000	0.504554	0.000000	0.000000	0.000000	0.000000	0.000000	0.000000	0.495446
15	tsk_15	(x)	1	:	0.000000	0.000000	0.000000	0.000000	0.000000	0.000000	0.000000	0.000000	0.000000	0.000000	0.000000	1.000000
16	tsk_16	(x)	1	:	0.000000	0.000000	0.000000	0.000000	1.000000	0.000000	0.000000	0.000000	0.000000	0.000000	0.000000	0.000000
17	tsk_17	(x)	1	:	0.000000	0.000000	0.000000	0.000000	1.000000	0.000000	0.000000	0.000000	0.000000	0.000000	0.000000	0.000000
18	tsk_18	(x)	1	:	0.000000	0.000000	0.000000	0.000000	1.000000	0.000000	0.000000	0.000000	0.000000	0.000000	0.000000	0.000000
19	tsk_19	(x)	1	:	0.000000	0.000000	0.000000	0.000000	0.504554	0.000000	0.000000	0.000000	0.000000	0.000000	0.000000	0.495446
20	tsk_20	(x)	1	:	0.000000	0.000000	0.000000	0.278256	0.320274	0.000000	0.000000	0.401469	0.000000	0.000000	0.000000	0.000000
21	tsk_21	(x)	1	:	0.000000	0.000000	0.000000	0.278466	0.721534	0.000000	0.000000	0.000000	0.000000	0.000000	0.000000	0.000000
22	tsk_22	(x)	1	:	0.000000	0.000000	0.000000	0.000000	0.000000	0.000000	0.000000	0.000000	0.000000	0.000000	1.000000	0.000000
23	tsk_23	(x)	1	:	0.000000	0.000000	0.505493	0.000000	0.000000	0.000000	0.000000	0.000000	0.000000	0.000000	0.494507	0.000000
24	tsk_24	(x)	1	:	0.502053	0.000000	0.000000	0.000000	0.000000	0.000000	0.000000	0.000000	0.000000	0.000000	0.497947	0.000000
25	tsk_25	(x)	1	:	0.000000	0.000000	0.000000	0.278546	0.604871	0.116583	0.000000	0.000000	0.000000	0.000000	0.000000	0.000000
26	tsk_26	(x)	1	:	0.000000	0.000000	0.000000	0.000000	0.000000	0.000000	0.000000	0.405651	0.000000	0.000000	0.594349	0.000000
27	tsk_27	(x)	1	:	0.493944	0.000000	0.000000	0.000000	0.372403	0.133652	0.000000	0.000000	0.000000	0.000000	0.000000	0.000000
28	tsk_28	(x)	1	:	0.000000	0.000000	0.000000	0.278469	0.226205	0.000000	0.000000	0.000000	0.000000	0.000000	0.495327	0.000000
29	tsk_29	(x)	1	:	0.511046	0.000000	0.000000	0.000000	0.000194	0.000000	0.000000	0.485664	0.000000	0.000000	0.003095	0.000000
30	tsk_30	(x)	1	:	0.000000	0.000000	0.455304	0.000000	0.000000	0.000000	0.000000	0.000000	0.000000	0.000000	0.000000	0.544696
31	tsk_31	(x)	1	:	0.000000	0.000000	0.485958	0.000000	0.000000	0.000000	0.000000	0.000000	0.000169	0.000000	0.513873	0.000000
32	tsk_32	(x)	1	:	0.000000	0.000000	0.407711	0.000000	0.000000	0.000000	0.000000	0.000000	0.000000	0.000000	0.000000	0.592289
33	tsk_33	(x)	1	:	0.000000	0.000000	0.000000	0.000000	0.000000	0.142322	0.000000	0.000000	0.000000	0.000000	0.365693	0.491984
34	tsk_34	(x)	1	:	0.000000	0.000000	0.485958	0.000000	0.000000	0.000000	0.000000	0.000000	0.000169	0.000000	0.513873	0.000000
35	tsk_35	(x)	1	:	0.000000	0.000000	0.000000	0.000000	0.504675	0.000000	0.000000	0.000000	0.000000	0.000000	0.495324	0.000000
36	tsk_36	(x)	1	:	0.000000	0.000000	0.000000	0.000000	0.504554	0.000000	0.000000	0.000000	0.000000	0.000000	0.000000	0.495446
37	tsk_37	(x)	1	:	0.000000	0.000000	0.000000	0.000000	0.504554	0.000000	0.000000	0.000000	0.000000	0.000000	0.000000	0.495446
38	tsk_38	(x)	1	:	0.000000	0.000000	0.000000	0.000000	0.000000	0.000000	0.000000	0.000000	0.000000	0.000000	1.000000	0.000000
39	tsk_39	(x)	1	:	0.000000	0.000000	0.485958	0.000000	0.000000	0.000000	0.000000	0.000000	0.000170	0.000000	0.513872	0.000000
40	tsk_40	(x)	1	:	0.000000	0.000000	0.514473	0.000000	0.000000	0.000000	0.000000	0.000000	0.000000	0.000000	0.000000	0.485527
41	tsk_41	(x)	1	:	0.000000	0.000000	0.479610	0.000000	0.000000	0.000000	0.000000	0.000000	0.000000	0.000000	0.000000	0.520390
42	tsk_42	(x)	1	:	0.000000	0.000000	1.000000	0.000000	0.000000	0.000000	0.000000	0.000000	0.000000	0.000000	0.000000	0.000000
43	tsk_43	(x)	1	:	0.000000	0.000000	0.000000	0.275073	0.478369	0.000000	0.000000	0.000000	0.000000	0.000000	0.246558	0.000000
44	tsk_44	(x)	1	:	0.484078	0.000000	0.515922	0.000000	0.000000	0.000000	0.000000	0.000000	0.000000	0.000000	0.000000	0.000000
45	tsk_45	(x)	1	:	0.000000	0.000000	0.000000	0.000000	0.000000	0.000000	0.000000	0.000000	0.000000	0.000000	0.000000	1.000000
46	tsk_46	(x)	1	:	0.000000	0.000000	0.523129	0.000000	0.248562	0.000000	0.000000	0.000000	0.000000	0.000000	0.228308	0.000000
47	tsk_47	(x)	1	:	0.000000	0.000000	0.458309	0.000000	0.000000	0.000000	0.000000	0.000000	0.000000	0.000000	0.000000	0.541690
48	tsk_48	(x)	1	:	0.479251	0.000000	0.000000	0.370756	0.149993	0.000000	0.000000	0.000000	0.000000	0.000000	0.000000	0.000000
49	tsk_49	(x)	1	:	0.317984	0.000000	0.000000	0.000000	0.000000	0.000000	0.000000	0.000000	0.682016	0.000000	0.000000	0.000000
50	tsk_50	(x)	1	:	0.000000	0.511254	0.486087	0.000000	0.000000	0.000000	0.000000	0.000000	0.000025	0.000000	0.002635	0.000000
51	tsk_51	(x)	1	:	0.000000	0.482973	0.000000	0.000000	0.000000	0.000000	0.000000	0.000000	0.000000	0.516849	0.000177	0.000000
52	tsk_52	(x)	1	:	0.488684	0.000000	0.000000	0.000000	0.000294	0.000000	0.000000	0.503777	0.000002	0.000000	0.007243	0.000000
53	tsk_53	(x)	1	:	0.511048	0.000000	0.000000	0.000000	0.000127	0.000000	0.000000	0.485697	0.000000	0.000000	0.003128	0.000000
54	tsk_54	(x)	1	:	0.000000	0.000000	0.340177	0.000000	0.000000	0.000000	0.000000	0.000000	0.659823	0.000000	0.000000	0.000000
55	tsk_55	(x)	1	:	0.000000	0.505237	0.000000	0.000000	0.000000	0.000000	0.000000	0.403992	0.000000	0.000000	0.090770	0.000000
56	tsk_56	(x)	1	:	0.997316	0.000000	0.000000	0.000000	0.000000	0.000000	0.002684	0.000000	0.000000	0.000000	0.000000	0.000000
57	tsk_57	(x)	1	:	0.000000	1.000000	0.000000	0.000000	0.000000	0.000000	0.000000	0.000000	0.000000	0.000000	0.000000	0.000000
58	tsk_58	(x)	1	:	0.000000	0.000000	0.381379	0.000000	0.000000	0.000000	0.000000	0.000000	0.000000	0.618621	0.000000	0.000000
59	tsk_59	(x)	1	:	0.000000	0.000000	0.000000	0.000000	0.482301	0.000000	0.000000	0.000000	0.000000	0.517699	0.000000	0.000000
60	tsk_60	(x)	1	:	0.000000	0.498619	0.000000	0.000000	0.499317	0.000000	0.000000	0.000000	0.000000	0.000000	0.002064	0.000000
61	tsk_61	(x)	1	:	0.000000	0.509338	0.000000	0.000000	0.000000	0.000000	0.000000	0.000000	0.000000	0.000000	0.490662	0.000000
62	tsk_62	(x)	1	:	0.000000	0.494620	0.504743	0.000000	0.000000	0.000000	0.000000	0.000000	0.000000	0.000000	0.000637	0.000000
63	tsk_63	(x)	1	:	0.000000	0.000000	0.000000	0.000000	0.000000	0.000000	0.000000	0.000000	0.000000	0.000000	0.489090	0.510910
64	tsk_64	(x)	1	:	0.000000	0.000000	0.000000	0.000000	0.000000	0.142322	0.000000	0.000000	0.000000	0.000000	0.365693	0.491984
65	tsk_65	(x)	1	:	0.000000	0.000000	0.000000	0.000000	0.000000	0.142322	0.000000	0.000000	0.000000	0.000000	0.365693	0.491984
66	tsk_66	(x)	1	:	0.000000	0.000000	0.505493	0.000000	0.000000	0.000000	0.000000	0.000000	0.000000	0.000000	0.494507	0.000000
67	tsk_67	(x)	1	:	0.000000	1.000000	0.000000	0.000000	0.000000	0.000000	0.000000	0.000000	0.000000	0.000000	0.000000	0.000000
68	tsk_68	(x)	1	:	0.000000	0.494547	0.504740	0.000000	0.000000	0.000000	0.000000	0.000000	0.000000	0.000000	0.000713	0.000000
69	tsk_69	(x)	1	:	0.000000	0.499311	0.000000	0.000000	0.499659	0.000000	0.000000	0.000000	0.000000	0.000000	0.001031	0.000000
70	tsk_70	(x)	1	:	0.501553	0.000000	0.000000	0.000000	0.498447	0.000000	0.000000	0.000000	0.000000	0.000000	0.000000	0.000000
71	tsk_71	(x)	1	:	1.000000	0.000000	0.000000	0.000000	0.000000	0.000000	0.000000	0.000000	0.000000	0.000000	0.000000	0.000000
72	tsk_72	(x)	1	:	0.000000	0.000000	0.505016	0.000000	0.494984	0.000000	0.000000	0.000000	0.000000	0.000000	0.000000	0.000000
73	tsk_73	(x)	1	:	0.511049	0.000000	0.000000	0.000000	0.000087	0.000000	0.000000	0.485715	0.000000	0.000000	0.003149	0.000000
74	tsk_74	(x)	1	:	0.000000	0.420578	0.000000	0.000000	0.351471	0.000000	0.000000	0.227951	0.000000	0.000000	0.000000	0.000000
75	tsk_75	(x)	1	:	0.481586	0.343435	0.000000	0.000000	0.000000	0.000000	0.000000	0.174979	0.000000	0.000000	0.000000	0.000000
76	tsk_76	(x)	1	:	0.000000	0.000000	0.000000	0.000000	1.000000	0.000000	0.000000	0.000000	0.000000	0.000000	0.000000	0.000000
77	tsk_77	(x)	1	:	0.484078	0.000000	0.515922	0.000000	0.000000	0.000000	0.000000	0.000000	0.000000	0.000000	0.000000	0.000000
78	tsk_78	(x)	1	:	0.484078	0.000000	0.515922	0.000000	0.000000	0.000000	0.000000	0.000000	0.000000	0.000000	0.000000	0.000000
79	tsk_79	(x)	1	:	0.501553	0.000000	0.000000	0.370758	0.127689	0.000000	0.000000	0.000000	0.000000	0.000000	0.000000	0.000000
80	tsk_80	(x)	1	:	0.000000	0.498823	0.000000	0.000000	0.000000	0.000000	0.500359	0.000000	0.000000	0.000000	0.000804	0.000014
81	tsk_81	(x)	1	:	0.000000	0.000000	0.000000	0.000000	0.000000	0.000000	0.000000	0.000000	0.000000	0.000000	0.000000	1.000000
82	tsk_82	(x)	1	:	0.000000	0.356845	0.000000	0.000000	0.000000	0.000000	0.000000	0.165223	0.000000	0.000000	0.000000	0.477932
83	tsk_83	(x)	1	:	0.000000	0.343164	0.000000	0.000000	0.000000	0.000000	0.482131	0.174702	0.000000	0.000000	0.000000	0.000003
84	tsk_84	(x)	1	:	0.000000	0.000000	0.539787	0.000000	0.000000	0.000000	0.000000	0.000000	0.000000	0.000000	0.000000	0.460213
85	tsk_85	(x)	1	:	0.000000	0.000000	0.000000	0.370761	0.128807	0.000000	0.500415	0.000000	0.000000	0.000000	0.000000	0.000017
86	tsk_86	(x)	1	:	0.000000	0.000000	0.000000	0.590676	0.409324	0.000000	0.000000	0.000000	0.000000	0.000000	0.000000	0.000000
87	tsk_87	(x)	1	:	0.000000	0.000000	0.509472	0.490528	0.000000	0.000000	0.000000	0.000000	0.000000	0.000000	0.000000	0.000000
88	tsk_88	(x)	1	:	0.000000	0.499752	0.000000	0.370775	0.129096	0.000000	0.000000	0.000000	0.000000	0.000000	0.000376	0.000000
89	tsk_89	(x)	1	:	0.000000	0.572012	0.000000	0.000000	0.000000	0.246449	0.000000	0.181539	0.000000	0.000000	0.000000	0.000000
90	tsk_90	(x)	1	:	0.000000	0.865960	0.000000	0.000000	0.000000	0.000000	0.000000	0.134040	0.000000	0.000000	0.000000	0.000000
91	tsk_91	(x)	1	:	0.000000	0.742118	0.000000	0.000000	0.000000	0.000000	0.000000	0.257882	0.000000	0.000000	0.000000	0.000000
92	tsk_92	(x)	1	:	0.516063	0.000000	0.000000	0.000000	0.483936	0.000000	0.000000	0.000000	0.000000	0.000000	0.000000	0.000000
93	tsk_93	(x)	1	:	0.000000	0.000000	0.000000	0.000000	1.000000	0.000000	0.000000	0.000000	0.000000	0.000000	0.000000	0.000000
94	tsk_94	(x)	1	:	0.491223	0.000000	0.000000	0.000000	0.000000	0.000000	0.000000	0.000000	0.000000	0.508777	0.000000	0.000000
95	tsk_95	(x)	1	:	0.491223	0.000000	0.000000	0.000000	0.000000	0.000000	0.000000	0.000000	0.000000	0.508777	0.000000	0.000000
96	tsk_96	(x)	1	:	0.515249	0.484351	0.000000	0.000000	0.000000	0.000000	0.000000	0.000000	0.000000	0.000000	0.000400	0.000000
97	tsk_97	(x)	1	:	0.593595	0.000000	0.000000	0.000000	0.000000	0.000000	0.000000	0.000000	0.000000	0.000000	0.000000	0.406405
98	tsk_98	(x)	1	:	0.543342	0.000000	0.456658	0.000000	0.000000	0.000000	0.000000	0.000000	0.000000	0.000000	0.000000	0.000000
99	tsk_99	(x)	1	:	0.000000	0.000000	0.000000	0.000000	0.000000	0.000000	0.000000	0.000000	0.000000	0.000000	0.516996	0.483004
100	tsk_100	(x)	1	:	0.000000	0.000000	0.000000	0.999998	0.000002	0.000000	0.000000	0.000000	0.000000	0.000000	0.000000	0.000000
101	tsk_101	(x)	1	:	0.000000	0.489653	0.000000	0.000000	0.000000	0.000000	0.000000	0.000000	0.000000	0.000000	0.000446	0.509901
102	tsk_102	(x)	1	:	0.000000	0.000000	0.000000	0.999999	0.000001	0.000000	0.000000	0.000000	0.000000	0.000000	0.000000	0.000000
103	tsk_103	(x)	1	:	0.000000	0.000000	0.000000	0.000000	0.000000	0.000000	0.000000	0.000000	0.000000	0.000000	0.000000	1.000000
104	tsk_104	(x)	1	:	0.000000	0.498693	0.000000	0.000000	0.499354	0.000000	0.000000	0.000000	0.000000	0.000000	0.001953	0.000000
105	tsk_105	(x)	1	:	0.000000	0.000000	0.000000	0.370763	0.118806	0.000000	0.000000	0.000000	0.000000	0.000000	0.000000	0.510431
106	tsk_106	(x)	1	:	0.000000	0.499658	0.000000	0.370780	0.129043	0.000000	0.000000	0.000000	0.000000	0.000000	0.000519	0.000000
107	tsk_107	(x)	1	:	0.000000	0.498925	0.000000	0.000000	0.499468	0.000000	0.000000	0.000000	0.000000	0.000000	0.001607	0.000000
108	tsk_108	(x)	1	:	0.501553	0.000000	0.000000	0.370759	0.127688	0.000000	0.000000	0.000000	0.000000	0.000000	0.000000	0.000000
109	tsk_109	(x)	1	:	0.000000	0.000000	0.000000	0.370814	0.133833	0.000000	0.000000	0.000000	0.000000	0.000000	0.495353	0.000000
110	tsk_110	(x)	1	:	0.000000	0.000000	0.000000	0.000000	0.000000	0.000000	0.000000	0.000000	0.000000	1.000000	0.000000	0.000000
111	tsk_111	(x)	1	:	0.000000	0.000000	0.000000	0.000000	0.513959	0.000000	0.000000	0.000000	0.000000	0.486040	0.000000	0.000000
112	tsk_112	(x)	1	:	0.000000	0.000000	0.000000	0.000000	1.000000	0.000000	0.000000	0.000000	0.000000	0.000000	0.000000	0.000000
113	tsk_113	(x)	1	:	0.000000	0.499407	0.000000	0.000000	0.499706	0.000000	0.000000	0.000000	0.000000	0.000000	0.000886	0.000000
114	tsk_114	(x)	1	:	0.000000	0.000000	0.000000	0.000000	0.482301	0.000000	0.000000	0.000000	0.000000	0.517699	0.000000	0.000000
115	tsk_115	(x)	1	:	0.000000	0.000000	0.000000	0.000000	0.513959	0.000000	0.000000	0.000000	0.000000	0.486040	0.000000	0.000000
116	tsk_116	(x)	1	:	0.000000	0.000000	0.000000	0.000000	0.000000	0.000000	0.000000	0.000000	0.000000	0.456766	0.000000	0.543234
117	tsk_117	(x)	1	:	0.000000	0.000000	0.000000	0.000000	0.000000	0.000000	0.000000	0.000000	0.000000	1.000000	0.000000	0.000000
118	tsk_118	(x)	1	:	0.000000	0.000000	0.000000	0.000000	0.000000	0.000000	0.000000	0.000000	0.000000	0.400104	0.000000	0.599896
119	tsk_119	(x)	1	:	0.000000	0.000000	0.000000	0.000000	0.000000	0.000000	0.000000	0.000000	0.000000	0.000000	0.489090	0.510910
120	tsk_120	(x)	1	:	0.000000	0.373996	0.000000	0.000000	0.335467	0.290537	0.000000	0.000000	0.000000	0.000000	0.000000	0.000000
121	tsk_121	(x)	1	:	0.000000	0.000000	0.000000	0.000000	0.000000	0.000000	0.000000	0.000000	0.000000	0.000000	0.000000	1.000000
122	tsk_122	(x)	1	:	1.000000	0.000000	0.000000	0.000000	0.000000	0.000000	0.000000	0.000000	0.000000	0.000000	0.000000	0.000000
123	tsk_123	(x)	1	:	0.000000	0.000000	0.000000	0.000000	0.368573	0.144091	0.000000	0.000000	0.000000	0.000000	0.000000	0.487336
124	tsk_124	(x)	1	:	0.000000	0.000000	0.000000	0.000000	0.368573	0.144091	0.000000	0.000000	0.000000	0.000000	0.000000	0.487336
125	tsk_125	(x)	1	:	0.000000	0.000000	0.000000	0.000000	0.368573	0.144091	0.000000	0.000000	0.000000	0.000000	0.000000	0.487336
126	tsk_126	(x)	1	:	0.000000	0.000000	0.000000	0.000000	0.000000	0.000000	0.000000	0.000000	0.000000	0.000000	0.504062	0.495938
127	tsk_127	(x)	1	:	0.000000	0.000000	0.000000	0.000000	0.437959	0.174908	0.000000	0.000000	0.000000	0.000000	0.387132	0.000000
128	tsk_128	(x)	1	:	0.000000	0.000000	0.000000	0.000000	0.000000	0.000000	0.000000	0.000000	0.000000	0.000000	0.504062	0.495938
129	tsk_129	(x)	1	:	0.000000	0.000000	0.000000	0.000000	0.438453	0.175337	0.000000	0.000000	0.000000	0.000000	0.386209	0.000000
130	tsk_130	(x)	1	:	0.000000	0.457442	0.000000	0.000000	0.000000	0.000000	0.000000	0.000000	0.000000	0.539173	0.003385	0.000000
131	tsk_131	(x)	1	:	0.000000	0.000000	0.000000	0.000000	0.513959	0.000000	0.000000	0.000000	0.000000	0.486040	0.000000	0.000000
132	tsk_132	(x)	1	:	0.000000	1.000000	0.000000	0.000000	0.000000	0.000000	0.000000	0.000000	0.000000	0.000000	0.000000	0.000000
133	tsk_133	(x)	1	:	0.000000	0.000000	0.576337	0.000000	0.000000	0.000000	0.000000	0.000000	0.000000	0.423663	0.000000	0.000000
134	tsk_134	(x)	1	:	0.000000	0.494747	0.504749	0.000000	0.000000	0.000000	0.000000	0.000000	0.000000	0.000000	0.000504	0.000000
135	tsk_135	(x)	1	:	0.000000	0.502677	0.000000	0.000000	0.000000	0.000000	0.000000	0.000000	0.000000	0.000000	0.001735	0.495588
136	tsk_136	(x)	1	:	0.000000	0.511191	0.000000	0.000000	0.000000	0.000000	0.000000	0.000000	0.000013	0.486622	0.002174	0.000000
137	tsk_137	(x)	1	:	0.000000	0.502923	0.000000	0.000000	0.000000	0.000000	0.000000	0.000000	0.000000	0.000000	0.001476	0.495601
138	tsk_138	(x)	1	:	0.000000	0.000000	0.497215	0.000000	0.000000	0.000000	0.000000	0.000000	0.000000	0.502785	0.000000	0.000000
139	tsk_139	(x)	1	:	0.000000	0.000000	0.000000	0.000000	0.000000	0.000000	0.000000	0.000000	0.000000	0.000000	0.504062	0.495938
140	tsk_140	(x)	1	:	0.000000	0.503080	0.000000	0.000000	0.000000	0.000000	0.000000	0.000000	0.000000	0.000000	0.001311	0.495609
141	tsk_141	(x)	1	:	0.000000	0.000000	0.000000	0.000000	0.504554	0.000000	0.000000	0.000000	0.000000	0.000000	0.000000	0.495446
142	tsk_142	(x)	1	:	0.000000	0.494717	0.504748	0.000000	0.000000	0.000000	0.000000	0.000000	0.000000	0.000000	0.000535	0.000000
143	tsk_143	(x)	1	:	0.504364	0.000000	0.000000	0.000000	0.000000	0.000000	0.495628	0.000000	0.000000	0.000000	0.000000	0.000008
144	tsk_144	(x)	1	:	0.000000	0.489819	0.000000	0.000000	0.000000	0.000000	0.000000	0.000000	0.000000	0.000000	0.000272	0.509909
145	tsk_145	(x)	1	:	0.000000	0.498828	0.000000	0.000000	0.000000	0.000000	0.500359	0.000000	0.000000	0.000000	0.000798	0.000015
146	tsk_146	(x)	1	:	0.000000	0.000000	0.000000	0.000000	0.000000	0.000000	0.000000	0.000000	0.000000	0.000000	0.000000	1.000000
147	tsk_147	(x)	1	:	0.000000	0.000000	0.000000	0.000000	0.489569	0.000000	0.000000	0.000000	0.000000	0.000000	0.000000	0.510431
148	tsk_148	(x)	1	:	0.000000	1.000000	0.000000	0.000000	0.000000	0.000000	0.000000	0.000000	0.000000	0.000000	0.000000	0.000000
149	tsk_149	(x)	1	:	0.000000	0.499109	0.000000	0.000000	0.499559	0.000000	0.000000	0.000000	0.000000	0.000000	0.001331	0.000000
