logL = -1633.394472 (converged)
AIC = 5402.788943
BIC = 8618.147437

count.K
6 3 34 50 10 47 

