logL = -1024.134134 (converged)
AIC = 3920.268268
BIC = 6738.222903

count.K
24 18 26 25 33 24 

