logL = -627.319258 (converged)
AIC = 5738.638516
BIC = 12488.482845

count.K
7 10 39 5 6 6 19 4 3 7 19 23 2 

