logL = -1137.086722 (converged)
AIC = 3824.173445
BIC = 6157.415798

count.K
17 25 31 41 36 

