logL = -1219.821945 (converged)
AIC = 6517.643891
BIC = 12656.329256

count.K
31 2 8 18 0 15 0 8 12 40 16 

