logL = -1794.876666 (converged)
AIC = 4777.753332
BIC = 6566.070697

count.K
7 6 69 68 

