logL = -542.295494 (converged)
AIC = 4204.590987
BIC = 8901.182046

count.K
8 48 1 1 18 1 1 1 2 69 

