logL = -838.809372 (converged)
AIC = 3925.618743
BIC = 7309.572814

count.K
11 56 4 6 35 5 33 

