logL = -1236.010028 (converged)
AIC = 7812.020057
BIC = 15850.416292

count.K
30 5 4 14 0 26 10 7 0 13 5 2 2 27 5 

