logL = -859.227263 (converged)
AIC = 3994.454526
BIC = 7420.557490

count.K
20 11 13 4 37 26 39 

