logL = -2301.907486 (converged)
AIC = 9581.814971
BIC = 17075.286218

count.K
6 3 3 1 51 19 11 4 9 24 11 1 7 

