logL = -650.585501 (converged)
AIC = 6311.171001
BIC = 13852.812413

count.K
1 9 37 5 4 1 42 3 19 1 6 3 2 2 15 

