logL = -2475.985688 (converged)
AIC = 5435.971376
BIC = 6164.545118

count.K
78 72 

