logL = -2329.733142 (converged)
AIC = 9559.466284
BIC = 16935.522755

count.K
16 6 17 9 4 2 6 13 2 22 24 11 18 

