logL = -869.534208 (converged)
AIC = 3575.068416
BIC = 6338.831616

count.K
24 0 35 7 49 35 

