0	tsk_0	(x)	1	:	0.000000	0.000000	0.009104	0.000000	0.497580	0.000000	0.493316	0.000000	0.000000	0.000000	0.000000	0.000000	0.000000
1	tsk_1	(x)	1	:	0.475402	0.018146	0.000000	0.000000	0.000000	0.392588	0.000000	0.000000	0.000000	0.000000	0.000000	0.000000	0.113864
2	tsk_2	(x)	1	:	0.000000	0.000000	0.000000	0.000000	0.000000	0.657076	0.000000	0.000000	0.000000	0.000000	0.000001	0.000000	0.342923
3	tsk_3	(x)	1	:	0.475598	0.009865	0.000000	0.000000	0.514537	0.000000	0.000000	0.000000	0.000000	0.000000	0.000000	0.000000	0.000000
4	tsk_4	(x)	1	:	0.000000	0.000000	0.008803	0.000000	0.000000	0.271314	0.491704	0.000000	0.000000	0.000000	0.000001	0.000000	0.228178
5	tsk_5	(x)	1	:	0.000000	0.000000	0.000000	0.000000	0.000000	0.000000	0.890015	0.109985	0.000000	0.000000	0.000000	0.000000	0.000000
6	tsk_6	(x)	1	:	0.000000	0.000000	0.008831	0.000000	0.497595	0.000000	0.493574	0.000000	0.000000	0.000000	0.000000	0.000000	0.000000
7	tsk_7	(x)	1	:	0.000000	0.000000	0.000000	0.000000	1.000000	0.000000	0.000000	0.000000	0.000000	0.000000	0.000000	0.000000	0.000000
8	tsk_8	(x)	1	:	0.000000	0.000000	0.502365	0.000000	0.497635	0.000000	0.000000	0.000000	0.000000	0.000000	0.000000	0.000000	0.000000
9	tsk_9	(x)	1	:	0.475400	0.018149	0.000000	0.000000	0.000000	0.462014	0.000000	0.000000	0.000000	0.000000	0.000000	0.000000	0.044436
10	tsk_10	(x)	1	:	0.000000	0.000000	0.008737	0.000000	0.000000	0.424516	0.491760	0.000000	0.000000	0.000000	0.000000	0.000000	0.074988
11	tsk_11	(x)	1	:	0.476393	0.523607	0.000000	0.000000	0.000000	0.000000	0.000000	0.000000	0.000000	0.000000	0.000000	0.000000	0.000000
12	tsk_12	(x)	1	:	0.000000	0.000000	0.008691	0.000000	0.000000	0.406508	0.491798	0.000000	0.000000	0.000000	0.000000	0.000000	0.093003
13	tsk_13	(x)	1	:	0.000000	0.000000	0.000000	0.000000	0.497129	0.081358	0.000000	0.000000	0.000000	0.000000	0.000000	0.000000	0.421513
14	tsk_14	(x)	1	:	0.000000	0.000000	0.000000	0.000000	0.882078	0.000000	0.000000	0.117922	0.000000	0.000000	0.000000	0.000000	0.000000
15	tsk_15	(x)	1	:	0.000000	0.502672	0.000000	0.000000	0.000000	0.000000	0.497328	0.000000	0.000000	0.000000	0.000000	0.000000	0.000000
16	tsk_16	(x)	1	:	0.000000	0.000000	0.000000	0.000000	0.481694	0.011898	0.000000	0.220297	0.000000	0.000000	0.000000	0.000000	0.286111
17	tsk_17	(x)	1	:	0.000000	0.382275	0.000000	0.000000	0.452514	0.000000	0.000000	0.165211	0.000000	0.000000	0.000000	0.000000	0.000000
18	tsk_18	(x)	1	:	0.000000	0.000000	0.000000	0.000000	0.498198	0.000000	0.026513	0.000000	0.475289	0.000000	0.000000	0.000000	0.000000
19	tsk_19	(x)	1	:	0.000000	0.000000	0.008611	0.000000	0.000000	0.442285	0.491865	0.000000	0.000000	0.000000	0.000000	0.000000	0.057239
20	tsk_20	(x)	1	:	0.000000	0.000000	0.000000	0.000000	0.000000	0.719806	0.000000	0.000000	0.000000	0.000000	0.000000	0.000000	0.280194
21	tsk_21	(x)	1	:	0.000000	0.000000	0.000000	0.000000	1.000000	0.000000	0.000000	0.000000	0.000000	0.000000	0.000000	0.000000	0.000000
22	tsk_22	(x)	1	:	0.000000	0.000000	0.000000	0.000000	0.497129	0.081524	0.000000	0.000000	0.000000	0.000000	0.000000	0.000000	0.421347
23	tsk_23	(x)	1	:	0.000000	0.000000	0.000000	0.000000	0.497129	0.039769	0.000000	0.000000	0.000000	0.000000	0.000000	0.000000	0.463102
24	tsk_24	(x)	1	:	0.000000	0.000000	0.000000	0.000000	0.497129	0.109497	0.000000	0.000000	0.000000	0.000000	0.000000	0.000000	0.393374
25	tsk_25	(x)	1	:	0.000000	0.000000	0.000000	0.000000	0.497129	0.139377	0.000000	0.000000	0.000000	0.000000	0.000000	0.000000	0.363494
26	tsk_26	(x)	1	:	0.000000	0.000000	0.000000	0.000000	0.000000	0.592929	0.000000	0.000000	0.000000	0.000000	0.000000	0.000000	0.407071
27	tsk_27	(x)	1	:	0.000000	0.000000	0.000000	0.000000	1.000000	0.000000	0.000000	0.000000	0.000000	0.000000	0.000000	0.000000	0.000000
28	tsk_28	(x)	1	:	0.000000	0.000000	0.000000	0.000000	1.000000	0.000000	0.000000	0.000000	0.000000	0.000000	0.000000	0.000000	0.000000
29	tsk_29	(x)	1	:	0.000000	0.000000	1.000000	0.000000	0.000000	0.000000	0.000000	0.000000	0.000000	0.000000	0.000000	0.000000	0.000000
30	tsk_30	(x)	1	:	0.000000	0.000000	0.008634	0.000000	0.000000	0.467449	0.491846	0.000000	0.000000	0.000000	0.000000	0.000000	0.032071
31	tsk_31	(x)	1	:	0.000000	0.000000	0.008674	0.000000	0.000000	0.436676	0.491812	0.000000	0.000000	0.000000	0.000000	0.000000	0.062838
32	tsk_32	(x)	1	:	0.000000	0.000000	0.305870	0.574116	0.000000	0.000000	0.120014	0.000000	0.000000	0.000000	0.000000	0.000000	0.000000
33	tsk_33	(x)	1	:	0.000000	0.000000	0.000000	0.000000	0.481694	0.015785	0.000000	0.220297	0.000000	0.000000	0.000000	0.000000	0.282224
34	tsk_34	(x)	1	:	0.000000	0.000000	0.305870	0.574116	0.000000	0.000000	0.120014	0.000000	0.000000	0.000000	0.000000	0.000000	0.000000
35	tsk_35	(x)	1	:	0.000000	0.000000	0.008609	0.000000	0.000000	0.368748	0.491867	0.000000	0.000000	0.000000	0.000000	0.000000	0.130777
36	tsk_36	(x)	1	:	0.000000	0.000000	0.000000	0.000000	0.000000	0.000000	1.000000	0.000000	0.000000	0.000000	0.000000	0.000000	0.000000
37	tsk_37	(x)	1	:	0.000000	0.000000	0.000000	0.223890	0.242175	0.000000	0.294901	0.239034	0.000000	0.000000	0.000000	0.000000	0.000000
38	tsk_38	(x)	1	:	0.000000	0.000000	0.008772	0.000000	0.000000	0.345999	0.491730	0.000000	0.000000	0.000000	0.000000	0.000000	0.153499
39	tsk_39	(x)	1	:	0.000000	0.000000	0.000000	0.000000	0.941021	0.000000	0.000000	0.058979	0.000000	0.000000	0.000000	0.000000	0.000000
40	tsk_40	(x)	1	:	0.000000	0.000000	0.007012	0.000000	0.030382	0.000000	0.495137	0.000000	0.000000	0.000000	0.000000	0.467469	0.000000
41	tsk_41	(x)	1	:	0.000000	0.000000	0.000000	0.000000	0.000000	0.000000	1.000000	0.000000	0.000000	0.000000	0.000000	0.000000	0.000000
42	tsk_42	(x)	1	:	0.000000	0.000000	0.500000	0.000000	0.000000	0.255851	0.000000	0.000000	0.000000	0.000000	0.000000	0.000000	0.244149
43	tsk_43	(x)	1	:	0.000000	0.000000	0.007995	0.000000	0.497641	0.000000	0.494364	0.000000	0.000000	0.000000	0.000000	0.000000	0.000000
44	tsk_44	(x)	1	:	0.000000	0.000000	0.000000	0.000000	0.000000	0.611698	0.000000	0.000000	0.000000	0.000000	0.000000	0.000000	0.388302
45	tsk_45	(x)	1	:	0.000000	0.000000	0.502365	0.000000	0.497635	0.000000	0.000000	0.000000	0.000000	0.000000	0.000000	0.000000	0.000000
46	tsk_46	(x)	1	:	0.000000	0.000000	0.000003	0.000000	0.000000	0.212722	0.463679	0.223185	0.000000	0.000000	0.000001	0.000000	0.100410
47	tsk_47	(x)	1	:	0.000000	0.000000	0.004505	0.000000	0.497833	0.000000	0.497662	0.000000	0.000000	0.000000	0.000000	0.000000	0.000000
48	tsk_48	(x)	1	:	0.000000	0.000000	0.000000	0.000000	0.000000	0.000000	1.000000	0.000000	0.000000	0.000000	0.000000	0.000000	0.000000
49	tsk_49	(x)	1	:	0.000000	0.000000	0.000007	0.000000	0.000000	0.225723	0.463679	0.223188	0.000000	0.000000	0.000000	0.000000	0.087403
50	tsk_50	(x)	1	:	0.000000	0.000000	0.000000	0.000000	0.529608	0.000000	0.000000	0.000000	0.000000	0.000000	0.000000	0.470392	0.000000
51	tsk_51	(x)	1	:	0.000000	0.000000	0.007600	0.000000	0.030340	0.000000	0.494582	0.000000	0.000000	0.000000	0.000000	0.467478	0.000000
52	tsk_52	(x)	1	:	0.000000	0.000000	0.001472	0.000000	0.030867	0.000000	0.026275	0.000000	0.474041	0.000000	0.000000	0.467345	0.000000
53	tsk_53	(x)	1	:	0.000000	0.000000	0.000000	0.000000	0.000000	0.000000	0.000000	0.000000	1.000000	0.000000	0.000000	0.000000	0.000000
54	tsk_54	(x)	1	:	0.000000	0.499977	0.000000	0.000000	0.500023	0.000000	0.000000	0.000000	0.000000	0.000000	0.000000	0.000000	0.000000
55	tsk_55	(x)	1	:	0.000000	0.499977	0.000000	0.000000	0.500023	0.000000	0.000000	0.000000	0.000000	0.000000	0.000000	0.000000	0.000000
56	tsk_56	(x)	1	:	0.000000	0.000000	0.000000	0.000000	0.000000	0.000000	0.526832	0.000000	0.473168	0.000000	0.000000	0.000000	0.000000
57	tsk_57	(x)	1	:	0.000000	0.000000	0.000000	0.000061	0.485909	0.000000	0.000000	0.000000	0.514030	0.000000	0.000000	0.000000	0.000000
58	tsk_58	(x)	1	:	0.000000	0.000000	0.000000	0.000000	0.000000	0.000000	0.000000	0.000000	1.000000	0.000000	0.000000	0.000000	0.000000
59	tsk_59	(x)	1	:	0.000000	0.000000	0.004524	0.000000	0.030525	0.000000	0.497488	0.000000	0.000000	0.000000	0.000000	0.467463	0.000000
60	tsk_60	(x)	1	:	0.000000	0.000000	0.500000	0.000000	0.000000	0.303755	0.000000	0.000000	0.000000	0.000000	0.000000	0.000000	0.196245
61	tsk_61	(x)	1	:	0.475405	0.024678	0.000000	0.000000	0.499917	0.000000	0.000000	0.000000	0.000000	0.000000	0.000000	0.000000	0.000000
62	tsk_62	(x)	1	:	0.000000	0.000000	0.005876	0.000000	0.497757	0.000000	0.496367	0.000000	0.000000	0.000000	0.000000	0.000000	0.000000
63	tsk_63	(x)	1	:	0.000000	0.000000	0.502365	0.000000	0.497635	0.000000	0.000000	0.000000	0.000000	0.000000	0.000000	0.000000	0.000000
64	tsk_64	(x)	1	:	0.000000	0.000000	0.000000	0.000000	0.497129	0.018086	0.000000	0.000000	0.000000	0.000000	0.000000	0.000000	0.484785
65	tsk_65	(x)	1	:	0.000000	0.000000	0.000000	0.000000	1.000000	0.000000	0.000000	0.000000	0.000000	0.000000	0.000000	0.000000	0.000000
66	tsk_66	(x)	1	:	0.000000	0.000000	0.374228	0.000000	0.455961	0.000000	0.000000	0.169811	0.000000	0.000000	0.000000	0.000000	0.000000
67	tsk_67	(x)	1	:	0.000000	0.000000	0.000000	0.000000	1.000000	0.000000	0.000000	0.000000	0.000000	0.000000	0.000000	0.000000	0.000000
68	tsk_68	(x)	1	:	0.000000	0.000000	0.000000	0.000000	0.497129	0.056722	0.000000	0.000000	0.000000	0.000000	0.000000	0.000000	0.446149
69	tsk_69	(x)	1	:	0.000000	0.000000	0.000000	0.000000	0.497129	0.063137	0.000000	0.000000	0.000000	0.000000	0.000000	0.000000	0.439735
70	tsk_70	(x)	1	:	0.000000	0.000000	0.008798	0.000000	0.000000	0.352095	0.491709	0.000000	0.000000	0.000000	0.000000	0.000000	0.147398
71	tsk_71	(x)	1	:	0.000000	0.000000	0.000000	0.000000	0.000000	0.398293	0.000000	0.000000	0.000000	0.000000	0.499886	0.000000	0.101821
72	tsk_72	(x)	1	:	0.000000	0.000000	0.000000	0.218915	0.000000	0.000000	0.412013	0.030966	0.000000	0.000000	0.000000	0.338106	0.000000
73	tsk_73	(x)	1	:	0.000000	0.000000	0.000000	0.000000	0.000000	0.036645	0.000000	0.000000	0.000000	0.000000	0.499794	0.000000	0.463560
74	tsk_74	(x)	1	:	0.000000	0.000000	0.000000	0.000000	0.000000	0.460261	0.000000	0.000000	0.000000	0.000000	0.000000	0.513841	0.025898
75	tsk_75	(x)	1	:	0.000000	0.000000	0.000000	0.000000	0.000000	0.000000	0.000000	0.000000	0.000000	0.000000	0.486998	0.513002	0.000000
76	tsk_76	(x)	1	:	0.000000	0.000000	0.000000	0.000000	0.000000	0.235255	0.000000	0.000000	0.000000	0.000000	0.499984	0.000000	0.264761
77	tsk_77	(x)	1	:	0.000000	0.000000	0.000000	0.000000	0.000000	0.647771	0.000000	0.000000	0.000000	0.000000	0.000000	0.000000	0.352229
78	tsk_78	(x)	1	:	0.000000	0.000000	0.000000	0.000000	0.000000	0.483163	0.000000	0.000000	0.000000	0.000000	0.000000	0.513841	0.002996
79	tsk_79	(x)	1	:	0.000000	0.000000	0.008458	0.000000	0.000000	0.444098	0.491992	0.000000	0.000000	0.000000	0.000000	0.000000	0.055452
80	tsk_80	(x)	1	:	0.000000	0.000000	0.502200	0.000000	0.030326	0.000000	0.000000	0.000000	0.000000	0.000000	0.000000	0.467474	0.000000
81	tsk_81	(x)	1	:	0.000000	0.000000	0.008397	0.000000	0.030261	0.000000	0.493830	0.000000	0.000000	0.000000	0.000000	0.467511	0.000000
82	tsk_82	(x)	1	:	0.000000	0.000000	0.008060	0.000000	0.030280	0.000000	0.494149	0.000000	0.000000	0.000000	0.000000	0.467511	0.000000
83	tsk_83	(x)	1	:	0.000000	0.000000	0.000000	0.000000	0.000000	0.000000	1.000000	0.000000	0.000000	0.000000	0.000000	0.000000	0.000000
84	tsk_84	(x)	1	:	0.000000	0.000000	0.502201	0.000000	0.030304	0.000000	0.000000	0.000000	0.000000	0.000000	0.000000	0.467495	0.000000
85	tsk_85	(x)	1	:	0.000000	0.000000	0.000000	0.000000	0.000000	0.000000	0.000000	0.000000	0.000000	0.000000	0.000000	1.000000	0.000000
86	tsk_86	(x)	1	:	0.000000	0.000000	0.505721	0.000000	0.000000	0.000000	0.494279	0.000000	0.000000	0.000000	0.000000	0.000000	0.000000
87	tsk_87	(x)	1	:	0.000000	0.000000	0.500000	0.000000	0.000000	0.370611	0.000000	0.000000	0.000000	0.000000	0.000000	0.000000	0.129389
88	tsk_88	(x)	1	:	0.000000	0.000000	0.502200	0.000000	0.030322	0.000000	0.000000	0.000000	0.000000	0.000000	0.000000	0.467478	0.000000
89	tsk_89	(x)	1	:	0.000000	0.000000	0.000000	0.000000	0.000000	0.000000	1.000000	0.000000	0.000000	0.000000	0.000000	0.000000	0.000000
90	tsk_90	(x)	1	:	0.000000	0.000000	0.000000	0.000000	0.000000	0.595693	0.000000	0.000000	0.000000	0.000000	0.000000	0.000000	0.404306
91	tsk_91	(x)	1	:	0.000000	0.000000	0.000008	0.000000	0.000000	0.197687	0.463679	0.223188	0.000000	0.000000	0.000000	0.000000	0.115438
92	tsk_92	(x)	1	:	0.000000	0.000000	0.008635	0.000000	0.000000	0.447954	0.491845	0.000000	0.000000	0.000000	0.000000	0.000000	0.051566
93	tsk_93	(x)	1	:	0.000000	0.000000	0.500000	0.000000	0.000000	0.413512	0.000000	0.000000	0.000000	0.000000	0.000000	0.000000	0.086488
94	tsk_94	(x)	1	:	0.000000	0.000000	0.000000	0.000000	0.481693	0.059507	0.000000	0.220297	0.000000	0.000000	0.000000	0.000000	0.238503
95	tsk_95	(x)	1	:	0.519826	0.000000	0.000000	0.000000	0.000000	0.319797	0.000000	0.000000	0.000000	0.000000	0.000000	0.000000	0.160377
96	tsk_96	(x)	1	:	0.000000	0.000000	0.000007	0.000000	0.000000	0.125394	0.463679	0.223188	0.000000	0.000000	0.000000	0.000000	0.187732
97	tsk_97	(x)	1	:	0.000000	0.000000	0.500000	0.000000	0.000000	0.435752	0.000000	0.000000	0.000000	0.000000	0.000000	0.000000	0.064248
98	tsk_98	(x)	1	:	0.000000	0.000000	0.000007	0.000000	0.000000	0.161952	0.463679	0.223188	0.000000	0.000000	0.000000	0.000000	0.151173
99	tsk_99	(x)	1	:	0.000000	0.493235	0.000000	0.000000	0.000000	0.241197	0.000000	0.000000	0.000000	0.000000	0.000000	0.000000	0.265567
100	tsk_100	(x)	1	:	0.000000	0.000000	0.000000	0.000000	1.000000	0.000000	0.000000	0.000000	0.000000	0.000000	0.000000	0.000000	0.000000
101	tsk_101	(x)	1	:	0.000000	0.478966	0.000000	0.000000	0.000000	0.000000	0.000000	0.000000	0.000000	0.521034	0.000000	0.000000	0.000000
102	tsk_102	(x)	1	:	0.000000	0.000000	0.008689	0.000000	0.000000	0.349872	0.491799	0.000000	0.000000	0.000000	0.000000	0.000000	0.149639
103	tsk_103	(x)	1	:	0.000000	0.000000	0.000000	0.000000	0.000000	0.412372	0.000000	0.000000	0.000000	0.000000	0.000000	0.000000	0.587628
104	tsk_104	(x)	1	:	0.475470	0.020194	0.010244	0.000000	0.000000	0.000000	0.494092	0.000000	0.000000	0.000000	0.000000	0.000000	0.000000
105	tsk_105	(x)	1	:	0.000000	0.495899	0.006099	0.000000	0.000000	0.000000	0.498002	0.000000	0.000000	0.000000	0.000000	0.000000	0.000000
106	tsk_106	(x)	1	:	0.000000	0.000000	0.000000	0.000000	1.000000	0.000000	0.000000	0.000000	0.000000	0.000000	0.000000	0.000000	0.000000
107	tsk_107	(x)	1	:	0.475405	0.024678	0.000000	0.000000	0.499917	0.000000	0.000000	0.000000	0.000000	0.000000	0.000000	0.000000	0.000000
108	tsk_108	(x)	1	:	0.000000	0.495837	0.006721	0.000000	0.000000	0.000000	0.497442	0.000000	0.000000	0.000000	0.000000	0.000000	0.000000
109	tsk_109	(x)	1	:	0.000000	0.493235	0.000000	0.000000	0.000000	0.161995	0.000000	0.000000	0.000000	0.000000	0.000000	0.000000	0.344770
110	tsk_110	(x)	1	:	0.000000	0.000000	0.000320	0.000000	0.000000	0.391100	0.000000	0.000000	0.000000	0.482071	0.000000	0.000000	0.126508
111	tsk_111	(x)	1	:	0.000000	0.000000	0.000000	0.000000	0.515852	0.048094	0.000000	0.000000	0.000000	0.000000	0.000000	0.000000	0.436053
112	tsk_112	(x)	1	:	0.000000	0.000000	0.000000	0.000000	0.029869	0.081173	0.000000	0.000000	0.000000	0.000000	0.000000	0.467460	0.421497
113	tsk_113	(x)	1	:	0.000000	0.000000	0.006952	0.000000	0.030384	0.000000	0.495194	0.000000	0.000000	0.000000	0.000000	0.467470	0.000000
114	tsk_114	(x)	1	:	0.000000	0.406853	0.000000	0.000000	0.000000	0.000000	0.413112	0.180035	0.000000	0.000000	0.000000	0.000000	0.000000
115	tsk_115	(x)	1	:	0.000000	0.000000	0.000000	0.000000	0.505336	0.000000	0.000000	0.000000	0.000000	0.494663	0.000000	0.000000	0.000000
116	tsk_116	(x)	1	:	0.000000	0.000000	0.000000	0.000000	0.000000	0.000000	0.549269	0.000000	0.000000	0.450731	0.000000	0.000000	0.000000
117	tsk_117	(x)	1	:	0.000000	0.000000	0.001055	0.000000	0.512678	0.000000	0.486267	0.000000	0.000000	0.000000	0.000000	0.000000	0.000000
118	tsk_118	(x)	1	:	0.000000	1.000000	0.000000	0.000000	0.000000	0.000000	0.000000	0.000000	0.000000	0.000000	0.000000	0.000000	0.000000
119	tsk_119	(x)	1	:	0.000000	0.000000	0.000000	0.000000	0.515852	0.118719	0.000000	0.000000	0.000000	0.000000	0.000000	0.000000	0.365429
120	tsk_120	(x)	1	:	0.475399	0.018151	0.000000	0.000000	0.000000	0.400422	0.000000	0.000000	0.000000	0.000000	0.000000	0.000000	0.106028
121	tsk_121	(x)	1	:	0.000000	0.000000	0.000000	0.000000	0.000000	0.602432	0.000000	0.000000	0.000000	0.000000	0.000000	0.000000	0.397567
122	tsk_122	(x)	1	:	0.000000	0.495489	0.504511	0.000000	0.000000	0.000000	0.000000	0.000000	0.000000	0.000000	0.000000	0.000000	0.000000
123	tsk_123	(x)	1	:	0.475405	0.024678	0.000000	0.000000	0.499917	0.000000	0.000000	0.000000	0.000000	0.000000	0.000000	0.000000	0.000000
124	tsk_124	(x)	1	:	0.000000	0.000000	0.000000	0.000000	0.000000	0.770491	0.000000	0.000000	0.000000	0.000000	0.000000	0.000000	0.229509
125	tsk_125	(x)	1	:	0.000000	0.534619	0.000000	0.000000	0.000000	0.233369	0.000000	0.000000	0.000000	0.000000	0.000000	0.000000	0.232011
126	tsk_126	(x)	1	:	0.000000	0.493235	0.000000	0.000000	0.000000	0.274170	0.000000	0.000000	0.000000	0.000000	0.000000	0.000000	0.232595
127	tsk_127	(x)	1	:	0.000000	0.000000	0.000000	0.000000	0.000000	0.591481	0.000000	0.000000	0.000000	0.000000	0.000000	0.000000	0.408519
128	tsk_128	(x)	1	:	0.000000	0.000000	0.500000	0.000000	0.000000	0.338993	0.000000	0.000000	0.000000	0.000000	0.000000	0.000000	0.161007
129	tsk_129	(x)	1	:	0.000000	0.514328	0.000000	0.000000	0.485672	0.000000	0.000000	0.000000	0.000000	0.000000	0.000000	0.000000	0.000000
130	tsk_130	(x)	1	:	0.000000	0.000000	0.001650	0.000000	0.000000	0.000000	0.497768	0.000000	0.000000	0.000000	0.500582	0.000000	0.000000
131	tsk_131	(x)	1	:	0.000000	0.000000	0.007382	0.000000	0.030337	0.000000	0.494789	0.000000	0.000000	0.000000	0.000000	0.467492	0.000000
132	tsk_132	(x)	1	:	0.000000	0.000000	1.000000	0.000000	0.000000	0.000000	0.000000	0.000000	0.000000	0.000000	0.000000	0.000000	0.000000
133	tsk_133	(x)	1	:	0.000000	0.000000	0.502365	0.000000	0.497635	0.000000	0.000000	0.000000	0.000000	0.000000	0.000000	0.000000	0.000000
134	tsk_134	(x)	1	:	0.000000	0.000000	0.000000	0.000000	0.029870	0.107202	0.000000	0.000000	0.000000	0.000000	0.000000	0.467459	0.395468
135	tsk_135	(x)	1	:	0.000000	0.000000	0.000000	0.000000	0.000000	0.000000	1.000000	0.000000	0.000000	0.000000	0.000000	0.000000	0.000000
136	tsk_136	(x)	1	:	0.000000	0.000000	0.000000	0.000000	0.000000	0.000000	0.890015	0.109985	0.000000	0.000000	0.000000	0.000000	0.000000
137	tsk_137	(x)	1	:	0.000000	0.000000	0.000032	0.000000	0.000000	0.000000	0.441657	0.205330	0.000000	0.000000	0.352981	0.000000	0.000000
138	tsk_138	(x)	1	:	0.000000	0.000000	0.000000	0.000000	0.481693	0.076324	0.000000	0.220297	0.000000	0.000000	0.000000	0.000000	0.221685
139	tsk_139	(x)	1	:	0.000000	0.000000	1.000000	0.000000	0.000000	0.000000	0.000000	0.000000	0.000000	0.000000	0.000000	0.000000	0.000000
140	tsk_140	(x)	1	:	0.000000	0.000000	0.000000	0.000000	0.000000	0.481053	0.000000	0.000000	0.000000	0.000000	0.000000	0.000000	0.518947
141	tsk_141	(x)	1	:	1.000000	0.000000	0.000000	0.000000	0.000000	0.000000	0.000000	0.000000	0.000000	0.000000	0.000000	0.000000	0.000000
142	tsk_142	(x)	1	:	0.498618	0.000000	0.000000	0.000000	0.000000	0.000000	0.000000	0.000000	0.000000	0.000000	0.000000	0.501382	0.000000
143	tsk_143	(x)	1	:	0.000000	0.000000	0.382396	0.000000	0.000000	0.000000	0.494313	0.123291	0.000000	0.000000	0.000000	0.000000	0.000000
144	tsk_144	(x)	1	:	0.515142	0.000000	0.000605	0.000000	0.000000	0.000000	0.484253	0.000000	0.000000	0.000000	0.000000	0.000000	0.000000
145	tsk_145	(x)	1	:	1.000000	0.000000	0.000000	0.000000	0.000000	0.000000	0.000000	0.000000	0.000000	0.000000	0.000000	0.000000	0.000000
146	tsk_146	(x)	1	:	0.514515	0.000000	0.000536	0.000000	0.000000	0.000000	0.484948	0.000000	0.000000	0.000000	0.000000	0.000000	0.000000
147	tsk_147	(x)	1	:	0.396659	0.000000	0.000000	0.000000	0.446135	0.000000	0.000000	0.157206	0.000000	0.000000	0.000000	0.000000	0.000000
148	tsk_148	(x)	1	:	0.000000	0.000000	0.000000	0.000000	0.000000	0.000000	0.890015	0.109985	0.000000	0.000000	0.000000	0.000000	0.000000
149	tsk_149	(x)	1	:	0.475396	0.018155	0.000000	0.000000	0.000000	0.282880	0.000000	0.000000	0.000000	0.000000	0.000000	0.000000	0.223569
