logL = -936.008949 (converged)
AIC = 2296.017897
BIC = 2934.272580

count.K
52 98 

