logL = -1018.748278 (converged)
AIC = 3969.496555
BIC = 6877.770249

count.K
10 37 17 28 37 21 

