logL = -2066.924303 (converged)
AIC = 4597.848606
BIC = 5296.315995

count.K
49 101 

