0	tsk_0	(x)	1	:	0.000000	0.000000	0.000000	0.000000	0.000000	0.000000	0.000000	0.000000	0.000000	0.499192	0.102373	0.000000	0.000000	0.044714	0.353720
1	tsk_1	(x)	1	:	0.000000	0.000000	0.000000	1.000000	0.000000	0.000000	0.000000	0.000000	0.000000	0.000000	0.000000	0.000000	0.000000	0.000000	0.000000
2	tsk_2	(x)	1	:	0.000000	0.000000	0.000000	0.489402	0.000000	0.000000	0.000000	0.000000	0.000000	0.510598	0.000000	0.000000	0.000000	0.000000	0.000000
3	tsk_3	(x)	1	:	0.000000	0.000000	0.000000	0.492784	0.000000	0.000000	0.000000	0.000000	0.000000	0.000000	0.182798	0.000000	0.000000	0.147592	0.176825
4	tsk_4	(x)	1	:	0.000000	0.000000	0.000000	0.515370	0.000000	0.000000	0.484630	0.000000	0.000000	0.000000	0.000000	0.000000	0.000000	0.000000	0.000000
5	tsk_5	(x)	1	:	0.000000	0.000000	0.000000	0.492784	0.000000	0.000000	0.000000	0.000000	0.000000	0.000000	0.189010	0.000000	0.000000	0.152449	0.165757
6	tsk_6	(x)	1	:	0.000000	0.000000	0.000000	0.000000	0.000000	0.000000	0.497315	0.000000	0.000000	0.000000	0.264656	0.000000	0.000000	0.157972	0.080057
7	tsk_7	(x)	1	:	0.000000	0.000000	0.000000	1.000000	0.000000	0.000000	0.000000	0.000000	0.000000	0.000000	0.000000	0.000000	0.000000	0.000000	0.000000
8	tsk_8	(x)	1	:	0.000000	0.000000	0.000000	1.000000	0.000000	0.000000	0.000000	0.000000	0.000000	0.000000	0.000000	0.000000	0.000000	0.000000	0.000000
9	tsk_9	(x)	1	:	0.000000	0.000000	0.000000	1.000000	0.000000	0.000000	0.000000	0.000000	0.000000	0.000000	0.000000	0.000000	0.000000	0.000000	0.000000
10	tsk_10	(x)	1	:	0.000000	0.000000	0.000000	0.000000	0.000000	0.000000	0.000000	0.000000	0.000000	0.000000	0.264091	0.000000	0.499623	0.150800	0.085486
11	tsk_11	(x)	1	:	0.000000	0.000000	0.000000	0.000000	0.000000	0.432881	0.000000	0.000000	0.000000	0.000053	0.000000	0.000000	0.567065	0.000000	0.000000
12	tsk_12	(x)	1	:	0.000000	0.000000	0.000000	0.000000	0.000000	0.000000	0.000000	0.498864	0.000000	0.000000	0.027361	0.000000	0.000000	0.403007	0.070767
13	tsk_13	(x)	1	:	0.000000	0.000000	0.000000	0.000000	0.000000	0.000000	0.000000	0.000000	0.000000	0.000000	0.238993	0.496806	0.000000	0.037253	0.226947
14	tsk_14	(x)	1	:	0.000000	0.000000	0.000000	0.000000	0.000000	0.000000	0.000000	0.000000	0.000000	0.000000	0.093658	0.496806	0.000000	0.036276	0.373259
15	tsk_15	(x)	1	:	0.000000	0.000000	0.500000	0.000000	0.000000	0.000000	0.000000	0.000000	0.000000	0.000000	0.120942	0.000000	0.000000	0.174584	0.204474
16	tsk_16	(x)	1	:	0.000000	0.000000	0.000000	0.000000	0.000000	0.000000	0.000000	0.000000	0.000000	0.000000	0.253847	0.000000	0.000000	0.196983	0.549169
17	tsk_17	(x)	1	:	0.000000	0.000000	0.500000	0.000000	0.000000	0.000000	0.000000	0.000000	0.000000	0.000000	0.142233	0.000000	0.000000	0.204486	0.153281
18	tsk_18	(x)	1	:	0.000000	0.000000	0.000000	0.492784	0.000000	0.000000	0.000000	0.000000	0.000000	0.000000	0.155683	0.000000	0.000000	0.217735	0.133798
19	tsk_19	(x)	1	:	0.000000	0.000000	0.499673	0.000000	0.000000	0.000000	0.000000	0.000000	0.495383	0.000000	0.001459	0.000000	0.000000	0.002325	0.001161
20	tsk_20	(x)	1	:	0.000000	0.000000	0.000000	0.000000	0.000000	0.000000	0.000000	0.000000	0.000000	0.000000	0.378722	0.000000	0.000000	0.151475	0.469803
21	tsk_21	(x)	1	:	0.000000	0.000000	0.000000	0.000000	0.000000	0.000000	0.000000	0.000000	0.000000	0.000000	0.404840	0.000000	0.000000	0.092837	0.502323
22	tsk_22	(x)	1	:	0.000000	0.000000	0.000000	0.000000	0.000000	0.000000	0.000000	0.499298	0.000000	0.500702	0.000000	0.000000	0.000000	0.000000	0.000000
23	tsk_23	(x)	1	:	0.000000	0.000000	0.000000	0.000000	0.000000	0.000000	0.523722	0.000000	0.000000	0.000000	0.011183	0.000000	0.000000	0.001580	0.463514
24	tsk_24	(x)	1	:	0.000000	0.000000	0.000000	0.000000	0.000000	0.000000	0.000000	0.000000	0.000000	0.000000	0.474174	0.000000	0.000000	0.135948	0.389878
25	tsk_25	(x)	1	:	0.000000	0.000000	0.000000	0.000000	0.000000	0.000000	0.000000	0.000000	0.000000	0.000000	0.518731	0.000000	0.000000	0.209148	0.272121
26	tsk_26	(x)	1	:	0.000000	0.000000	0.000000	0.000000	0.000000	0.000000	0.000000	0.000000	0.500001	0.000000	0.114100	0.000000	0.000000	0.104824	0.281076
27	tsk_27	(x)	1	:	0.000000	0.000000	0.000000	0.000000	0.000000	0.000000	0.000000	0.000000	0.000000	0.000000	0.270527	0.000000	0.000000	0.141214	0.588259
28	tsk_28	(x)	1	:	0.000000	0.000000	0.000000	0.000000	0.000000	0.000000	0.000000	0.000000	0.000000	0.000000	0.476139	0.000000	0.000000	0.168361	0.355500
29	tsk_29	(x)	1	:	0.000000	0.000000	0.000000	0.000000	0.000000	0.000000	0.000000	0.498864	0.000000	0.000000	0.023512	0.000000	0.000000	0.405367	0.072257
30	tsk_30	(x)	1	:	0.000000	0.496643	0.000000	0.000000	0.000000	0.000000	0.000000	0.000000	0.000000	0.503357	0.000000	0.000000	0.000000	0.000000	0.000000
31	tsk_31	(x)	1	:	0.000000	0.000000	0.000000	0.000000	0.000000	0.000000	0.000000	0.000000	0.000000	0.499192	0.196010	0.000000	0.000000	0.035047	0.269750
32	tsk_32	(x)	1	:	0.000000	0.000000	0.000000	0.000000	0.000000	0.000000	0.000000	0.000000	0.000000	0.000000	0.365433	0.000000	0.000000	0.105208	0.529360
33	tsk_33	(x)	1	:	0.000000	0.000000	0.000000	0.000000	0.000000	0.000000	0.000000	0.000000	0.000000	0.499192	0.167757	0.000000	0.000000	0.073471	0.259580
34	tsk_34	(x)	1	:	0.000000	0.525186	0.000000	0.000000	0.000000	0.000000	0.000000	0.000000	0.000000	0.474814	0.000000	0.000000	0.000000	0.000000	0.000000
35	tsk_35	(x)	1	:	0.000000	0.000000	0.000000	0.000000	0.502740	0.000000	0.497255	0.000000	0.000000	0.000000	0.000003	0.000000	0.000000	0.000000	0.000002
36	tsk_36	(x)	1	:	0.000000	0.496643	0.000000	0.000000	0.000000	0.000000	0.000000	0.000000	0.000000	0.503357	0.000000	0.000000	0.000000	0.000000	0.000000
37	tsk_37	(x)	1	:	0.000000	0.000000	0.000000	0.000000	0.000000	0.000000	0.496990	0.000000	0.000000	0.503010	0.000000	0.000000	0.000000	0.000000	0.000000
38	tsk_38	(x)	1	:	0.000000	0.497128	0.000000	0.000000	0.502758	0.000000	0.000000	0.000000	0.000000	0.000000	0.000042	0.000000	0.000000	0.000050	0.000022
39	tsk_39	(x)	1	:	0.000000	0.000000	0.000000	0.000000	0.000000	0.000000	0.496990	0.000000	0.000000	0.503010	0.000000	0.000000	0.000000	0.000000	0.000000
40	tsk_40	(x)	1	:	0.000000	0.000000	0.000000	0.000000	0.000000	0.479324	0.000000	0.000000	0.000000	0.000013	0.251717	0.000000	0.000000	0.081141	0.187805
41	tsk_41	(x)	1	:	0.000000	0.000000	0.000000	0.000000	0.000000	0.000000	0.000000	0.000000	0.500001	0.000000	0.171129	0.000000	0.000000	0.154875	0.173995
42	tsk_42	(x)	1	:	0.000000	0.000000	0.000000	0.000000	0.000000	0.000000	0.000000	0.000000	0.000000	0.000000	0.606182	0.000000	0.000000	0.181794	0.212024
43	tsk_43	(x)	1	:	0.000000	0.451897	0.000000	0.000000	0.000000	0.548103	0.000000	0.000000	0.000000	0.000000	0.000000	0.000000	0.000000	0.000000	0.000000
44	tsk_44	(x)	1	:	0.000000	0.000000	0.000000	0.000000	0.000000	0.000000	0.000000	0.000000	0.000000	0.000000	0.303619	0.000000	0.000000	0.130608	0.565773
45	tsk_45	(x)	1	:	0.000000	0.000000	0.000000	0.000000	0.000000	0.000000	0.000000	0.498864	0.000000	0.000000	0.100576	0.000000	0.000000	0.318754	0.081805
46	tsk_46	(x)	1	:	0.000000	0.000000	0.000000	0.000000	0.000000	0.000000	0.000000	0.000000	0.000000	0.000000	0.281099	0.000000	0.000000	0.132194	0.586706
47	tsk_47	(x)	1	:	0.000000	0.000000	0.000000	0.000000	0.000000	0.479317	0.000000	0.000000	0.000000	0.000020	0.178393	0.000000	0.000000	0.107501	0.234769
48	tsk_48	(x)	1	:	0.000000	0.497207	0.000000	0.000000	0.000000	0.000000	0.000000	0.000000	0.000000	0.000000	0.076925	0.000000	0.000000	0.252866	0.173002
49	tsk_49	(x)	1	:	0.000000	0.000000	0.000000	0.000000	0.000000	0.000000	0.000000	0.000000	0.000000	0.000000	0.467663	0.000000	0.000000	0.100584	0.431753
50	tsk_50	(x)	1	:	0.000000	0.000000	0.000000	0.000000	0.000000	0.000000	0.496990	0.000000	0.000000	0.503010	0.000000	0.000000	0.000000	0.000000	0.000000
51	tsk_51	(x)	1	:	0.000000	0.000000	0.000000	0.000000	0.000000	0.000000	0.000000	0.000000	0.000000	1.000000	0.000000	0.000000	0.000000	0.000000	0.000000
52	tsk_52	(x)	1	:	0.000000	0.000000	0.000000	0.000000	0.000000	0.000000	0.000000	0.000000	0.000000	0.000000	0.384256	0.000000	0.000000	0.134150	0.481594
53	tsk_53	(x)	1	:	0.000000	0.000000	0.000000	0.000000	0.000000	0.000000	0.000000	0.000000	0.000000	1.000000	0.000000	0.000000	0.000000	0.000000	0.000000
54	tsk_54	(x)	1	:	0.000000	0.000000	0.000000	0.000000	0.000000	0.000000	0.496990	0.000000	0.000000	0.503010	0.000000	0.000000	0.000000	0.000000	0.000000
55	tsk_55	(x)	1	:	0.000000	0.000000	0.000000	0.000000	0.000000	0.000000	0.000000	0.000000	0.000000	0.499192	0.269219	0.000000	0.000000	0.056748	0.174841
56	tsk_56	(x)	1	:	0.000000	0.000000	0.000000	0.000000	0.000000	0.000000	0.496990	0.000000	0.000000	0.503010	0.000000	0.000000	0.000000	0.000000	0.000000
57	tsk_57	(x)	1	:	0.000000	0.000000	0.000000	0.000000	0.000000	0.000000	0.511307	0.000000	0.000000	0.000000	0.207691	0.000000	0.000000	0.154665	0.126336
58	tsk_58	(x)	1	:	0.000000	0.000000	0.000000	0.000000	0.000000	0.000000	0.000000	0.000000	0.000000	1.000000	0.000000	0.000000	0.000000	0.000000	0.000000
59	tsk_59	(x)	1	:	0.000000	0.000000	0.000000	0.000000	0.000000	0.000000	0.496990	0.000000	0.000000	0.503010	0.000000	0.000000	0.000000	0.000000	0.000000
60	tsk_60	(x)	1	:	0.000000	0.000000	0.000000	0.000000	0.000000	0.000000	0.000000	0.000000	0.000000	0.499192	0.277457	0.000000	0.000000	0.177977	0.045374
61	tsk_61	(x)	1	:	0.000000	0.000000	0.000000	0.000000	0.000000	0.000000	0.497315	0.000000	0.000000	0.000000	0.218618	0.000000	0.000000	0.072259	0.211808
62	tsk_62	(x)	1	:	0.000000	0.000000	0.000000	0.000000	0.000000	0.000000	0.000000	0.000000	0.000000	0.000000	0.445585	0.000000	0.000000	0.074841	0.479573
63	tsk_63	(x)	1	:	0.000000	0.000000	0.000000	0.000000	0.000000	0.000000	0.496990	0.000000	0.000000	0.503010	0.000000	0.000000	0.000000	0.000000	0.000000
64	tsk_64	(x)	1	:	0.000000	0.000000	0.000000	0.000000	0.000000	0.000000	0.000000	0.000000	0.000000	0.499192	0.214182	0.000000	0.000000	0.066773	0.219853
65	tsk_65	(x)	1	:	0.000000	0.000000	0.000000	0.000000	0.000000	0.000000	0.497315	0.000000	0.000000	0.000000	0.290867	0.000000	0.000000	0.084049	0.127769
66	tsk_66	(x)	1	:	0.000000	0.000000	0.000000	0.000000	0.000000	0.000000	0.498049	0.501951	0.000000	0.000000	0.000000	0.000000	0.000000	0.000000	0.000000
67	tsk_67	(x)	1	:	0.000000	0.000000	0.000000	0.000000	0.000000	0.000000	0.000000	0.498864	0.000000	0.000000	0.072203	0.000000	0.000000	0.383320	0.045612
68	tsk_68	(x)	1	:	0.000000	0.000000	0.000000	0.000000	0.000000	0.000000	1.000000	0.000000	0.000000	0.000000	0.000000	0.000000	0.000000	0.000000	0.000000
69	tsk_69	(x)	1	:	0.000000	0.000000	0.000000	0.000000	0.000000	0.000000	0.000000	0.498864	0.000000	0.000000	0.044012	0.000000	0.000000	0.365602	0.091521
70	tsk_70	(x)	1	:	0.000000	0.000000	0.000000	0.000000	0.000000	0.000000	0.000000	0.000000	0.000000	0.000000	0.565194	0.000000	0.000000	0.137684	0.297121
71	tsk_71	(x)	1	:	0.000000	0.000000	0.525750	0.000000	0.000000	0.474220	0.000000	0.000000	0.000000	0.000029	0.000000	0.000000	0.000000	0.000000	0.000000
72	tsk_72	(x)	1	:	0.000000	0.000000	0.525750	0.000000	0.000000	0.474223	0.000000	0.000000	0.000000	0.000026	0.000000	0.000000	0.000000	0.000000	0.000000
73	tsk_73	(x)	1	:	0.000000	0.000000	0.000000	0.000000	0.000000	0.479326	0.000000	0.000000	0.000000	0.000010	0.321109	0.000000	0.000000	0.073769	0.125786
74	tsk_74	(x)	1	:	0.000000	0.000000	0.500000	0.000000	0.000000	0.000000	0.000000	0.000000	0.000000	0.000000	0.242237	0.000000	0.000000	0.126722	0.131041
75	tsk_75	(x)	1	:	0.000000	0.000000	0.000000	0.000000	0.000000	0.000000	0.000000	0.000000	0.000000	0.000000	0.146800	0.000000	0.000000	0.206104	0.647096
76	tsk_76	(x)	1	:	0.000000	0.000000	0.525750	0.000000	0.000000	0.474224	0.000000	0.000000	0.000000	0.000026	0.000000	0.000000	0.000000	0.000000	0.000000
77	tsk_77	(x)	1	:	0.000000	0.000000	0.000000	0.000000	0.000000	0.000000	0.000000	0.000000	0.000000	0.000000	0.357599	0.000000	0.000000	0.123104	0.519297
78	tsk_78	(x)	1	:	0.000000	0.000000	0.525750	0.000000	0.000000	0.474225	0.000000	0.000000	0.000000	0.000025	0.000000	0.000000	0.000000	0.000000	0.000000
79	tsk_79	(x)	1	:	0.000000	0.000000	0.000000	0.000000	0.000000	0.000000	0.497315	0.000000	0.000000	0.000000	0.219338	0.000000	0.000000	0.142187	0.141160
80	tsk_80	(x)	1	:	0.000000	0.000000	0.000000	0.000000	0.000000	0.479322	0.000000	0.000000	0.000000	0.000015	0.286507	0.000000	0.000000	0.037302	0.196853
81	tsk_81	(x)	1	:	0.000000	0.000000	0.000000	0.000000	0.000000	0.000000	0.000000	0.498864	0.000000	0.000000	0.042163	0.000000	0.000000	0.282242	0.176731
82	tsk_82	(x)	1	:	0.000000	0.000000	0.000000	0.000000	0.000000	0.000000	0.000000	1.000000	0.000000	0.000000	0.000000	0.000000	0.000000	0.000000	0.000000
83	tsk_83	(x)	1	:	0.000000	0.000000	0.000000	0.000000	0.000000	0.000000	0.000000	0.516693	0.000000	0.000000	0.082376	0.000000	0.000000	0.335803	0.065128
84	tsk_84	(x)	1	:	0.000000	0.000000	0.000000	0.492784	0.000000	0.000000	0.000000	0.000000	0.000000	0.000000	0.180203	0.000000	0.000000	0.200016	0.126997
85	tsk_85	(x)	1	:	0.000000	0.000000	0.000000	0.000000	0.000000	0.000000	0.000000	1.000000	0.000000	0.000000	0.000000	0.000000	0.000000	0.000000	0.000000
86	tsk_86	(x)	1	:	0.000000	0.000000	0.000000	0.461821	0.000000	0.000000	0.000000	0.538179	0.000000	0.000000	0.000000	0.000000	0.000000	0.000000	0.000000
87	tsk_87	(x)	1	:	0.000000	0.000000	0.000000	0.000000	0.000000	0.000000	0.000000	0.000000	0.000000	0.000000	0.125700	0.000000	0.499623	0.239150	0.135527
88	tsk_88	(x)	1	:	0.000000	0.000000	0.000000	0.000000	0.000000	0.000000	0.498049	0.501951	0.000000	0.000000	0.000000	0.000000	0.000000	0.000000	0.000000
89	tsk_89	(x)	1	:	0.000000	0.000000	0.000000	0.000000	0.000000	0.000000	0.000000	0.498864	0.000000	0.000000	0.048118	0.000000	0.000000	0.403971	0.049046
90	tsk_90	(x)	1	:	0.000000	0.000000	0.000000	0.000000	0.000000	0.000000	0.000000	0.000000	0.500001	0.000000	0.151245	0.000000	0.000000	0.067249	0.281505
91	tsk_91	(x)	1	:	0.000000	0.000000	0.000000	0.000000	0.000000	0.000000	0.000000	0.000000	0.000000	0.000000	0.338666	0.000000	0.000000	0.069528	0.591806
92	tsk_92	(x)	1	:	0.000000	0.000000	0.000000	0.000000	0.000000	0.000000	0.000000	0.000000	0.000000	0.000000	0.351232	0.000000	0.000000	0.121774	0.526994
93	tsk_93	(x)	1	:	0.000000	0.000000	0.000000	0.492676	0.000000	0.000000	0.000000	0.000000	0.498566	0.000000	0.000625	0.000000	0.000000	0.001315	0.006818
94	tsk_94	(x)	1	:	0.000000	0.000000	0.000000	0.000000	0.000000	0.000000	0.000000	0.000000	0.000000	0.000000	0.581752	0.000000	0.000000	0.090692	0.327555
95	tsk_95	(x)	1	:	0.000000	0.000000	0.000000	0.000000	0.000000	0.000000	0.000000	0.000000	0.000000	0.499192	0.137427	0.000000	0.000000	0.057552	0.305828
96	tsk_96	(x)	1	:	0.000000	0.000000	0.500000	0.000000	0.000000	0.000000	0.000000	0.000000	0.000000	0.000000	0.127159	0.000000	0.000000	0.185990	0.186851
97	tsk_97	(x)	1	:	0.000000	0.000000	0.000000	0.000000	0.000000	0.000000	0.000000	0.000000	0.000000	0.000000	0.368903	0.000000	0.000000	0.108289	0.522808
98	tsk_98	(x)	1	:	0.000000	0.000000	0.000000	0.000000	0.000000	0.000000	0.000000	0.000000	0.495985	0.498830	0.001671	0.000000	0.000000	0.000545	0.002968
99	tsk_99	(x)	1	:	0.000000	0.496986	0.000000	0.000000	0.000000	0.000000	0.000000	0.000000	0.496868	0.000000	0.000488	0.000000	0.000000	0.001487	0.004171
100	tsk_100	(x)	1	:	0.000000	0.000000	0.500000	0.000000	0.000000	0.000000	0.000000	0.000000	0.000000	0.000000	0.289351	0.000000	0.000000	0.186058	0.024592
101	tsk_101	(x)	1	:	0.000000	0.000000	0.503001	0.000000	0.000000	0.000000	0.496999	0.000000	0.000000	0.000000	0.000000	0.000000	0.000000	0.000000	0.000000
102	tsk_102	(x)	1	:	0.000000	0.000000	1.000000	0.000000	0.000000	0.000000	0.000000	0.000000	0.000000	0.000000	0.000000	0.000000	0.000000	0.000000	0.000000
103	tsk_103	(x)	1	:	0.000000	0.000000	0.000000	0.000000	0.000000	0.000000	0.000000	0.000000	0.000000	0.000000	0.318244	0.000000	0.000000	0.130564	0.551192
104	tsk_104	(x)	1	:	0.000000	0.000000	0.499672	0.000000	0.000000	0.000000	0.000000	0.000000	0.495374	0.000000	0.000844	0.000000	0.000000	0.002094	0.002016
105	tsk_105	(x)	1	:	0.000000	0.000000	0.530882	0.469118	0.000000	0.000000	0.000000	0.000000	0.000000	0.000000	0.000000	0.000000	0.000000	0.000000	0.000000
106	tsk_106	(x)	1	:	0.000000	0.000000	1.000000	0.000000	0.000000	0.000000	0.000000	0.000000	0.000000	0.000000	0.000000	0.000000	0.000000	0.000000	0.000000
107	tsk_107	(x)	1	:	0.000000	0.000000	0.500000	0.000000	0.000000	0.000000	0.000000	0.000000	0.000000	0.000000	0.243044	0.000000	0.000000	0.115241	0.141715
108	tsk_108	(x)	1	:	0.000000	0.000000	0.500000	0.000000	0.000000	0.000000	0.000000	0.000000	0.000000	0.000000	0.138094	0.000000	0.000000	0.263727	0.098178
109	tsk_109	(x)	1	:	0.000000	0.000000	0.499670	0.000000	0.000000	0.000000	0.000000	0.000000	0.495337	0.000000	0.000416	0.000000	0.000000	0.003098	0.001480
110	tsk_110	(x)	1	:	0.000000	0.000000	0.000000	0.000000	0.000000	0.000000	0.000000	0.000000	0.000000	0.000000	0.165715	0.000000	0.000000	0.151873	0.682412
111	tsk_111	(x)	1	:	0.000000	0.000000	0.000000	0.000000	0.000000	0.000000	0.000000	0.000000	0.000000	0.000000	0.323228	0.000000	0.000000	0.110886	0.565886
112	tsk_112	(x)	1	:	0.000000	0.000000	0.000000	0.492784	0.000000	0.000000	0.000000	0.000000	0.000000	0.000000	0.078409	0.000000	0.000000	0.287948	0.140859
113	tsk_113	(x)	1	:	0.000000	0.000000	0.000000	0.000000	0.000000	0.000000	0.000000	0.000000	0.000000	0.000000	0.358532	0.000000	0.000000	0.198693	0.442774
114	tsk_114	(x)	1	:	0.000000	0.000000	0.000000	0.000000	0.000000	0.000000	0.000000	0.000000	0.000000	0.000000	0.396286	0.000000	0.000000	0.116576	0.487138
115	tsk_115	(x)	1	:	0.000000	0.000000	0.000000	0.492784	0.000000	0.000000	0.000000	0.000000	0.000000	0.000000	0.089869	0.000000	0.000000	0.257062	0.160286
116	tsk_116	(x)	1	:	0.502551	0.000000	0.000000	0.000000	0.000000	0.000000	0.497449	0.000000	0.000000	0.000000	0.000000	0.000000	0.000000	0.000000	0.000000
117	tsk_117	(x)	1	:	0.000000	0.000000	0.000000	0.000000	0.000000	0.000000	0.000000	0.000000	0.500001	0.000000	0.139809	0.000000	0.000000	0.059988	0.300203
118	tsk_118	(x)	1	:	0.000000	0.000000	0.000000	0.000000	0.000000	0.000000	0.000000	0.000000	0.500001	0.000000	0.092495	0.000000	0.000000	0.095372	0.312132
119	tsk_119	(x)	1	:	0.000000	0.000000	0.000000	0.000000	0.000000	0.000000	0.000000	0.000000	0.000000	0.000000	0.409859	0.000000	0.000000	0.079828	0.510313
120	tsk_120	(x)	1	:	0.000000	0.000000	0.000000	0.589272	0.000000	0.000000	0.000000	0.000000	0.000000	0.000000	0.000000	0.000000	0.410728	0.000000	0.000000
121	tsk_121	(x)	1	:	0.000000	0.000000	0.000000	0.000000	0.000000	0.000000	0.497315	0.000000	0.000000	0.000000	0.179274	0.000000	0.000000	0.056624	0.266787
122	tsk_122	(x)	1	:	0.000000	0.000000	0.000000	0.000000	0.000000	0.000000	0.497315	0.000000	0.000000	0.000000	0.220992	0.000000	0.000000	0.104015	0.177678
123	tsk_123	(x)	1	:	0.000000	0.000000	0.000000	0.480984	0.000000	0.000000	0.519016	0.000000	0.000000	0.000000	0.000000	0.000000	0.000000	0.000000	0.000000
124	tsk_124	(x)	1	:	0.000000	0.000000	0.000000	0.000000	0.000000	0.000000	1.000000	0.000000	0.000000	0.000000	0.000000	0.000000	0.000000	0.000000	0.000000
125	tsk_125	(x)	1	:	0.000000	0.000000	0.000000	0.000000	0.000000	0.000000	1.000000	0.000000	0.000000	0.000000	0.000000	0.000000	0.000000	0.000000	0.000000
126	tsk_126	(x)	1	:	0.000000	0.000000	0.000000	0.000000	0.000000	0.432881	0.000000	0.000000	0.000000	0.000053	0.000000	0.000000	0.567065	0.000000	0.000000
127	tsk_127	(x)	1	:	0.000000	0.000000	0.000000	0.000000	0.000000	0.000000	0.000000	0.000000	0.000000	0.000000	0.198697	0.496806	0.000000	0.040790	0.263706
128	tsk_128	(x)	1	:	0.000000	0.000000	0.000000	0.484903	0.000000	0.000000	0.000000	0.000000	0.000000	0.000000	0.000000	0.515097	0.000000	0.000000	0.000000
129	tsk_129	(x)	1	:	0.000000	0.000000	0.000000	0.000000	0.000000	0.000000	1.000000	0.000000	0.000000	0.000000	0.000000	0.000000	0.000000	0.000000	0.000000
130	tsk_130	(x)	1	:	0.000000	0.000000	0.000000	0.000000	0.000000	0.535870	0.000000	0.000000	0.000000	0.000000	0.198332	0.000000	0.000000	0.058095	0.207703
131	tsk_131	(x)	1	:	0.000000	0.000000	0.000000	0.000000	0.000000	0.000000	0.000000	0.000000	0.000000	0.000000	0.247470	0.502058	0.000000	0.075075	0.175396
132	tsk_132	(x)	1	:	0.000000	0.000000	0.000000	0.000000	0.000000	0.535870	0.000000	0.000000	0.000000	0.000000	0.144563	0.000000	0.000000	0.051055	0.268512
133	tsk_133	(x)	1	:	0.000000	0.000000	0.000000	0.000000	0.000000	0.000000	0.000000	0.000000	0.000000	0.000000	0.164570	0.502058	0.000000	0.077227	0.256145
134	tsk_134	(x)	1	:	0.000000	0.000000	0.000000	0.000000	0.000000	0.535870	0.000000	0.000000	0.000000	0.000000	0.262737	0.000000	0.000000	0.017717	0.183675
135	tsk_135	(x)	1	:	0.000000	0.000000	0.000000	0.000000	0.000000	0.000000	0.000000	0.000000	0.000000	0.000000	0.564613	0.000000	0.000000	0.158277	0.277110
136	tsk_136	(x)	1	:	0.000000	0.000000	0.000000	0.118652	0.000000	0.000000	0.000000	0.000000	0.000000	0.000000	0.125055	0.000000	0.350966	0.227800	0.177528
137	tsk_137	(x)	1	:	0.000000	0.000000	0.000000	0.000000	0.000000	0.535870	0.000000	0.000000	0.000000	0.000000	0.179056	0.000000	0.000000	0.093396	0.191677
138	tsk_138	(x)	1	:	0.000000	0.000000	0.000000	0.118643	0.000000	0.000000	0.000000	0.000000	0.000000	0.000000	0.320380	0.000000	0.350974	0.173152	0.036851
139	tsk_139	(x)	1	:	0.000000	0.000000	0.000000	0.000000	0.000000	0.000000	0.000000	0.000000	0.000000	0.000000	0.226080	0.502058	0.000000	0.174975	0.096887
140	tsk_140	(x)	1	:	0.000000	0.000000	0.000000	0.000000	0.000000	0.000000	0.000000	0.000000	0.000000	1.000000	0.000000	0.000000	0.000000	0.000000	0.000000
141	tsk_141	(x)	1	:	0.499994	0.000000	0.000000	0.000000	0.000000	0.000000	0.000000	0.000000	0.000000	0.000000	0.255177	0.000000	0.000000	0.014225	0.230604
142	tsk_142	(x)	1	:	0.000000	0.000000	0.000000	0.000000	0.500954	0.000000	0.000000	0.000000	0.000000	0.498931	0.000048	0.000000	0.000000	0.000018	0.000049
143	tsk_143	(x)	1	:	0.000000	0.000000	0.000000	0.000000	0.000000	0.000000	0.000000	0.000000	0.000000	0.000000	0.225577	0.000000	0.499623	0.199212	0.075588
144	tsk_144	(x)	1	:	0.000000	0.000000	0.000000	0.000000	0.000000	0.000000	0.000000	0.000000	0.500001	0.000000	0.081322	0.000000	0.000000	0.071310	0.347367
145	tsk_145	(x)	1	:	0.000000	0.000000	0.000000	0.000000	0.000000	0.000000	0.000000	0.000000	0.000000	0.000000	0.159985	0.502058	0.000000	0.097036	0.240922
146	tsk_146	(x)	1	:	0.000000	0.000000	0.000000	0.000000	0.000000	0.000000	0.000000	0.000000	0.500001	0.000000	0.130569	0.000000	0.000000	0.035020	0.334410
147	tsk_147	(x)	1	:	0.000000	0.000000	0.000000	0.515017	0.000000	0.000000	0.000000	0.000000	0.000000	0.000000	0.095490	0.000000	0.000000	0.328819	0.060673
148	tsk_148	(x)	1	:	0.000000	0.000000	0.000000	0.000000	0.000000	0.000000	0.497315	0.000000	0.000000	0.000000	0.247893	0.000000	0.000000	0.093105	0.161687
149	tsk_149	(x)	1	:	0.000000	0.000000	0.000000	0.000000	0.000000	0.000000	0.497315	0.000000	0.000000	0.000000	0.273628	0.000000	0.000000	0.119533	0.109524
