0	tsk_0	(x)	1	:	0.000000	0.000020	0.212411	0.326420	0.285635	0.000000	0.000000	0.084470	0.091044	0.000000	0.000000	0.000000	0.000000
1	tsk_1	(x)	1	:	0.000000	0.000008	0.497994	0.157253	0.000000	0.000000	0.000000	0.095474	0.249270	0.000000	0.000000	0.000000	0.000000
2	tsk_2	(x)	1	:	0.000000	0.000008	0.497994	0.176378	0.000000	0.000000	0.000000	0.109784	0.215835	0.000000	0.000000	0.000000	0.000000
3	tsk_3	(x)	1	:	0.000000	0.000006	0.497994	0.208869	0.000000	0.000000	0.000000	0.070666	0.222464	0.000000	0.000000	0.000000	0.000000
4	tsk_4	(x)	1	:	0.436352	0.000000	0.000000	0.000000	0.000000	0.000000	0.331951	0.000000	0.000000	0.000000	0.231697	0.000000	0.000000
5	tsk_5	(x)	1	:	0.000000	0.000005	0.497994	0.062602	0.000000	0.000000	0.000000	0.142207	0.297192	0.000000	0.000000	0.000000	0.000000
6	tsk_6	(x)	1	:	0.000000	0.000000	0.108261	0.001387	0.389256	0.000000	0.000000	0.001746	0.004765	0.000000	0.000000	0.000000	0.494584
7	tsk_7	(x)	1	:	0.000000	0.000010	0.000000	0.195651	0.000000	0.000000	0.000000	0.260723	0.543617	0.000000	0.000000	0.000000	0.000000
8	tsk_8	(x)	1	:	0.000004	0.000000	0.498328	0.000000	0.000000	0.000000	0.000000	0.000000	0.000000	0.501669	0.000000	0.000000	0.000000
9	tsk_9	(x)	1	:	0.000000	0.000000	1.000000	0.000000	0.000000	0.000000	0.000000	0.000000	0.000000	0.000000	0.000000	0.000000	0.000000
10	tsk_10	(x)	1	:	0.000000	0.000005	0.000000	0.146754	0.000000	0.000000	0.000000	0.246307	0.606933	0.000000	0.000000	0.000000	0.000000
11	tsk_11	(x)	1	:	0.000000	0.000011	0.000000	0.136131	0.000000	0.000000	0.000000	0.231608	0.131967	0.000000	0.000000	0.000000	0.500284
12	tsk_12	(x)	1	:	0.000000	0.000010	0.000000	0.087281	0.000000	0.000000	0.000000	0.105568	0.306876	0.000000	0.000000	0.000000	0.500265
13	tsk_13	(x)	1	:	0.000000	0.000000	0.610118	0.000000	0.389882	0.000000	0.000000	0.000000	0.000000	0.000000	0.000000	0.000000	0.000000
14	tsk_14	(x)	1	:	0.000000	0.000000	0.497599	0.001831	0.000000	0.000000	0.000000	0.001087	0.003473	0.000000	0.000000	0.000000	0.496011
15	tsk_15	(x)	1	:	0.000000	0.000003	0.497994	0.132434	0.000000	0.000000	0.000000	0.074583	0.294987	0.000000	0.000000	0.000000	0.000000
16	tsk_16	(x)	1	:	0.478093	0.000000	0.000000	0.012783	0.000000	0.000000	0.000000	0.003138	0.007339	0.000000	0.000000	0.000000	0.498647
17	tsk_17	(x)	1	:	0.000000	0.000013	0.000000	0.180782	0.000000	0.000000	0.000000	0.321474	0.497731	0.000000	0.000000	0.000000	0.000000
18	tsk_18	(x)	1	:	0.478420	0.000001	0.000000	0.166991	0.000000	0.000000	0.000000	0.284515	0.070074	0.000000	0.000000	0.000000	0.000000
19	tsk_19	(x)	1	:	0.000000	0.000003	0.000000	0.069624	0.000000	0.000000	0.000000	0.140094	0.290198	0.000000	0.000000	0.000000	0.500081
20	tsk_20	(x)	1	:	0.000000	0.000002	0.036434	0.260142	0.461665	0.000000	0.000000	0.036218	0.205540	0.000000	0.000000	0.000000	0.000000
21	tsk_21	(x)	1	:	0.000000	0.000004	0.000000	0.206880	0.000000	0.502227	0.000000	0.215093	0.075796	0.000000	0.000000	0.000000	0.000000
22	tsk_22	(x)	1	:	0.000000	0.000020	0.000000	0.411636	0.000000	0.000000	0.000000	0.112356	0.475989	0.000000	0.000000	0.000000	0.000000
23	tsk_23	(x)	1	:	0.000000	0.000013	0.000000	0.159479	0.000000	0.000000	0.483503	0.202720	0.154285	0.000000	0.000000	0.000000	0.000000
24	tsk_24	(x)	1	:	0.000005	0.000000	0.000000	0.004607	0.000000	0.500916	0.000000	0.000966	0.001061	0.000000	0.000000	0.000000	0.492445
25	tsk_25	(x)	1	:	0.000012	0.000000	0.108056	0.000000	0.389197	0.502734	0.000000	0.000000	0.000000	0.000000	0.000000	0.000000	0.000000
26	tsk_26	(x)	1	:	0.000004	0.000000	0.000000	0.004173	0.000000	0.500879	0.000000	0.001085	0.001630	0.000000	0.000000	0.000000	0.492228
27	tsk_27	(x)	1	:	0.000000	0.000003	0.000000	0.082742	0.000000	0.000000	0.000000	0.100331	0.316844	0.000000	0.000000	0.000000	0.500080
28	tsk_28	(x)	1	:	0.000000	0.000008	0.000000	0.373957	0.000000	0.000000	0.000000	0.136656	0.489378	0.000000	0.000000	0.000000	0.000000
29	tsk_29	(x)	1	:	0.000012	0.000000	0.000000	0.000000	0.000000	0.503414	0.000000	0.000000	0.000000	0.496574	0.000000	0.000000	0.000000
30	tsk_30	(x)	1	:	0.479315	0.000000	0.000000	0.006871	0.000000	0.000000	0.000000	0.007655	0.004828	0.000000	0.000000	0.501331	0.000000
31	tsk_31	(x)	1	:	0.000000	0.000004	0.000000	0.087380	0.000000	0.000000	0.000000	0.100100	0.314706	0.000000	0.000000	0.497810	0.000000
32	tsk_32	(x)	1	:	0.000000	0.000015	0.000000	0.335547	0.000000	0.000000	0.000000	0.185111	0.479327	0.000000	0.000000	0.000000	0.000000
33	tsk_33	(x)	1	:	1.000000	0.000000	0.000000	0.000000	0.000000	0.000000	0.000000	0.000000	0.000000	0.000000	0.000000	0.000000	0.000000
34	tsk_34	(x)	1	:	0.000000	0.000002	0.000000	0.080665	0.000000	0.000000	0.000000	0.119971	0.399828	0.000000	0.000000	0.399534	0.000000
35	tsk_35	(x)	1	:	0.000000	0.000004	0.000000	0.127817	0.000000	0.000000	0.000000	0.113191	0.359418	0.000000	0.000000	0.399570	0.000000
36	tsk_36	(x)	1	:	1.000000	0.000000	0.000000	0.000000	0.000000	0.000000	0.000000	0.000000	0.000000	0.000000	0.000000	0.000000	0.000000
37	tsk_37	(x)	1	:	0.478420	0.000004	0.000000	0.275815	0.000000	0.000000	0.000000	0.131141	0.114620	0.000000	0.000000	0.000000	0.000000
38	tsk_38	(x)	1	:	0.000000	0.000014	0.000000	0.306101	0.000000	0.000000	0.000000	0.289224	0.404661	0.000000	0.000000	0.000000	0.000000
39	tsk_39	(x)	1	:	0.478420	0.000002	0.000000	0.091377	0.000000	0.000000	0.000000	0.166425	0.263776	0.000000	0.000000	0.000000	0.000000
40	tsk_40	(x)	1	:	0.243156	0.000001	0.000000	0.160527	0.000000	0.235835	0.000000	0.256896	0.103586	0.000000	0.000000	0.000000	0.000000
41	tsk_41	(x)	1	:	0.000000	0.000008	0.000000	0.400354	0.000000	0.000000	0.000000	0.221240	0.378398	0.000000	0.000000	0.000000	0.000000
42	tsk_42	(x)	1	:	0.257650	0.000000	0.220788	0.000000	0.285681	0.235881	0.000000	0.000000	0.000000	0.000000	0.000000	0.000000	0.000000
43	tsk_43	(x)	1	:	0.243161	0.000002	0.000000	0.251783	0.000000	0.235832	0.000000	0.205779	0.063444	0.000000	0.000000	0.000000	0.000000
44	tsk_44	(x)	1	:	0.000000	0.000006	0.000000	0.275599	0.000000	0.000000	0.000000	0.173001	0.551395	0.000000	0.000000	0.000000	0.000000
45	tsk_45	(x)	1	:	0.000000	0.000011	0.000000	0.176690	0.000000	0.000000	0.000000	0.097378	0.725921	0.000000	0.000000	0.000000	0.000000
46	tsk_46	(x)	1	:	0.000000	0.000005	0.000000	0.244806	0.000000	0.000000	0.000000	0.269292	0.485896	0.000000	0.000000	0.000000	0.000000
47	tsk_47	(x)	1	:	0.243158	0.000001	0.000000	0.387664	0.000000	0.235834	0.000000	0.083635	0.049708	0.000000	0.000000	0.000000	0.000000
48	tsk_48	(x)	1	:	0.000000	0.000003	0.000000	0.081584	0.000000	0.000000	0.000000	0.090734	0.428118	0.000000	0.000000	0.399560	0.000000
49	tsk_49	(x)	1	:	0.000000	0.000004	0.000000	0.168658	0.000000	0.000000	0.000000	0.093015	0.338744	0.000000	0.000000	0.399579	0.000000
50	tsk_50	(x)	1	:	0.000000	0.000000	0.000000	0.000000	1.000000	0.000000	0.000000	0.000000	0.000000	0.000000	0.000000	0.000000	0.000000
51	tsk_51	(x)	1	:	0.000012	0.000000	0.108056	0.000000	0.389197	0.502734	0.000000	0.000000	0.000000	0.000000	0.000000	0.000000	0.000000
52	tsk_52	(x)	1	:	0.000000	0.000002	0.000000	0.079811	0.000000	0.000000	0.661586	0.095842	0.162759	0.000000	0.000000	0.000000	0.000000
53	tsk_53	(x)	1	:	0.000012	0.000000	0.000000	0.000000	0.000000	0.503414	0.000000	0.000000	0.000000	0.496574	0.000000	0.000000	0.000000
54	tsk_54	(x)	1	:	0.000000	0.000001	0.108864	0.061458	0.389193	0.000000	0.000000	0.090393	0.350091	0.000000	0.000000	0.000000	0.000000
55	tsk_55	(x)	1	:	0.000000	0.000007	0.000000	0.065445	0.000000	0.000000	0.483362	0.084703	0.366482	0.000000	0.000000	0.000000	0.000000
56	tsk_56	(x)	1	:	0.000006	0.000000	0.000000	0.006649	0.000000	0.502192	0.482995	0.006483	0.001675	0.000000	0.000000	0.000000	0.000000
57	tsk_57	(x)	1	:	0.000000	0.000012	0.000000	0.108671	0.000000	0.000000	0.483468	0.141921	0.265928	0.000000	0.000000	0.000000	0.000000
58	tsk_58	(x)	1	:	0.000000	0.000000	0.000000	0.000000	1.000000	0.000000	0.000000	0.000000	0.000000	0.000000	0.000000	0.000000	0.000000
59	tsk_59	(x)	1	:	0.493284	0.000000	0.117495	0.000000	0.389221	0.000000	0.000000	0.000000	0.000000	0.000000	0.000000	0.000000	0.000000
60	tsk_60	(x)	1	:	0.000000	0.000011	0.000000	0.113109	0.000000	0.000000	0.000000	0.163206	0.223392	0.000000	0.000000	0.000000	0.500282
61	tsk_61	(x)	1	:	0.000000	0.000005	0.000000	0.120559	0.000000	0.000000	0.000000	0.123153	0.256155	0.000000	0.000000	0.000000	0.500128
62	tsk_62	(x)	1	:	0.000000	0.000010	0.000000	0.169594	0.000000	0.000000	0.000000	0.175036	0.155111	0.000000	0.000000	0.000000	0.500250
63	tsk_63	(x)	1	:	0.000000	0.000010	0.000000	0.124912	0.000000	0.000000	0.000000	0.150968	0.223842	0.000000	0.000000	0.000000	0.500268
64	tsk_64	(x)	1	:	0.000000	0.000000	0.036302	0.000909	0.461754	0.000000	0.000000	0.000263	0.001024	0.000000	0.000000	0.000000	0.499748
65	tsk_65	(x)	1	:	0.000000	0.000012	0.000000	0.225516	0.000000	0.000000	0.000000	0.251037	0.523435	0.000000	0.000000	0.000000	0.000000
66	tsk_66	(x)	1	:	0.000000	0.000015	0.000000	0.119959	0.000000	0.000000	0.000000	0.315753	0.564273	0.000000	0.000000	0.000000	0.000000
67	tsk_67	(x)	1	:	0.608951	0.000000	0.000000	0.000000	0.000000	0.000000	0.000000	0.000000	0.000000	0.000000	0.000000	0.000000	0.391049
68	tsk_68	(x)	1	:	0.000000	0.000000	0.036359	0.000541	0.461762	0.000000	0.000000	0.000264	0.000664	0.000000	0.000000	0.000000	0.500410
69	tsk_69	(x)	1	:	0.478419	0.000000	0.000000	0.202680	0.000000	0.000000	0.000000	0.186784	0.132116	0.000000	0.000000	0.000000	0.000000
70	tsk_70	(x)	1	:	1.000000	0.000000	0.000000	0.000000	0.000000	0.000000	0.000000	0.000000	0.000000	0.000000	0.000000	0.000000	0.000000
71	tsk_71	(x)	1	:	0.703707	0.000000	0.000000	0.000000	0.000000	0.000000	0.000000	0.000000	0.000000	0.296293	0.000000	0.000000	0.000000
72	tsk_72	(x)	1	:	0.000002	0.000001	0.000000	0.168936	0.000000	0.000000	0.000000	0.239115	0.091948	0.499999	0.000000	0.000000	0.000000
73	tsk_73	(x)	1	:	1.000000	0.000000	0.000000	0.000000	0.000000	0.000000	0.000000	0.000000	0.000000	0.000000	0.000000	0.000000	0.000000
74	tsk_74	(x)	1	:	0.478420	0.000004	0.000000	0.178395	0.000000	0.000000	0.000000	0.168244	0.174937	0.000000	0.000000	0.000000	0.000000
75	tsk_75	(x)	1	:	0.478420	0.000003	0.000000	0.224540	0.000000	0.000000	0.000000	0.127795	0.169242	0.000000	0.000000	0.000000	0.000000
76	tsk_76	(x)	1	:	0.243156	0.000001	0.000000	0.245205	0.000000	0.235835	0.000000	0.148598	0.127205	0.000000	0.000000	0.000000	0.000000
77	tsk_77	(x)	1	:	0.000000	0.000014	0.000000	0.165294	0.000000	0.000000	0.000000	0.219132	0.615560	0.000000	0.000000	0.000000	0.000000
78	tsk_78	(x)	1	:	0.457180	0.000000	0.000000	0.000000	0.000000	0.000000	0.000000	0.000000	0.000000	0.542820	0.000000	0.000000	0.000000
79	tsk_79	(x)	1	:	1.000000	0.000000	0.000000	0.000000	0.000000	0.000000	0.000000	0.000000	0.000000	0.000000	0.000000	0.000000	0.000000
80	tsk_80	(x)	1	:	0.000000	0.000034	0.000000	0.411584	0.000000	0.000000	0.000000	0.456858	0.131524	0.000000	0.000000	0.000000	0.000000
81	tsk_81	(x)	1	:	0.000000	0.000000	0.108750	0.004429	0.389233	0.000000	0.482443	0.006487	0.008657	0.000000	0.000000	0.000000	0.000000
82	tsk_82	(x)	1	:	0.000000	0.000005	0.108974	0.032004	0.389094	0.000000	0.000000	0.073433	0.396491	0.000000	0.000000	0.000000	0.000000
83	tsk_83	(x)	1	:	0.000000	0.000005	0.108981	0.145665	0.389087	0.000000	0.000000	0.036699	0.319562	0.000000	0.000000	0.000000	0.000000
84	tsk_84	(x)	1	:	0.000005	0.000000	0.000000	0.003863	0.000000	0.501675	0.000000	0.000609	0.002070	0.000000	0.000000	0.491778	0.000000
85	tsk_85	(x)	1	:	0.000000	0.000006	0.108991	0.056416	0.389078	0.000000	0.000000	0.042031	0.403479	0.000000	0.000000	0.000000	0.000000
86	tsk_86	(x)	1	:	0.000000	0.000008	0.000000	0.092466	0.000000	0.000000	0.483373	0.214412	0.209742	0.000000	0.000000	0.000000	0.000000
87	tsk_87	(x)	1	:	0.000000	0.000011	0.000000	0.131096	0.000000	0.000000	0.000000	0.045816	0.823077	0.000000	0.000000	0.000000	0.000000
88	tsk_88	(x)	1	:	0.000000	0.000009	0.109051	0.156406	0.389023	0.000000	0.000000	0.016894	0.328616	0.000000	0.000000	0.000000	0.000000
89	tsk_89	(x)	1	:	0.000000	0.000017	0.000000	0.060101	0.000000	0.000000	0.000000	0.496128	0.443753	0.000000	0.000000	0.000000	0.000000
90	tsk_90	(x)	1	:	0.000000	0.000004	0.000000	0.087826	0.000000	0.000000	0.000000	0.149401	0.262671	0.000000	0.000000	0.000000	0.500099
91	tsk_91	(x)	1	:	0.000000	0.000000	0.497445	0.001677	0.000000	0.000000	0.000000	0.001797	0.004644	0.000000	0.000000	0.000000	0.494438
92	tsk_92	(x)	1	:	0.000000	0.000000	0.000000	0.004598	0.000000	0.000000	0.481290	0.005394	0.010607	0.000000	0.000000	0.000000	0.498111
93	tsk_93	(x)	1	:	0.000000	0.000000	0.497523	0.001065	0.000000	0.000000	0.000000	0.001946	0.004236	0.000000	0.000000	0.000000	0.495230
94	tsk_94	(x)	1	:	0.000000	0.000000	0.211715	0.000748	0.285687	0.000000	0.000000	0.002003	0.006300	0.000000	0.000000	0.000000	0.493547
95	tsk_95	(x)	1	:	0.000000	0.000000	0.108454	0.001951	0.389244	0.000000	0.000000	0.000654	0.003274	0.000000	0.000000	0.000000	0.496423
96	tsk_96	(x)	1	:	0.000000	0.000003	0.000000	0.180775	0.000000	0.000000	0.000000	0.060740	0.258386	0.000000	0.000000	0.000000	0.500095
97	tsk_97	(x)	1	:	0.000000	0.000013	0.000000	0.089341	0.000000	0.000000	0.000000	0.079498	0.330814	0.000000	0.000000	0.000000	0.500334
98	tsk_98	(x)	1	:	0.000000	0.000004	0.000000	0.056614	0.000000	0.000000	0.000000	0.122080	0.321193	0.000000	0.000000	0.000000	0.500109
99	tsk_99	(x)	1	:	0.000000	0.000000	0.497537	0.002504	0.000000	0.000000	0.000000	0.002510	0.002072	0.000000	0.000000	0.000000	0.495376
100	tsk_100	(x)	1	:	0.000000	0.000000	0.518559	0.000000	0.000000	0.481441	0.000000	0.000000	0.000000	0.000000	0.000000	0.000000	0.000000
101	tsk_101	(x)	1	:	0.000000	0.000001	0.108888	0.103192	0.389171	0.000000	0.000000	0.054794	0.343952	0.000000	0.000000	0.000000	0.000000
102	tsk_102	(x)	1	:	0.000000	0.999996	0.000000	0.000000	0.000000	0.000000	0.000000	0.000001	0.000003	0.000000	0.000000	0.000000	0.000000
103	tsk_103	(x)	1	:	0.000012	0.000000	0.497200	0.000000	0.000000	0.502788	0.000000	0.000000	0.000000	0.000000	0.000000	0.000000	0.000000
104	tsk_104	(x)	1	:	0.000000	0.000000	0.000000	0.000041	0.000000	0.000000	0.000000	0.000124	0.000056	0.000000	0.404861	0.000000	0.594919
105	tsk_105	(x)	1	:	0.000000	0.000000	1.000000	0.000000	0.000000	0.000000	0.000000	0.000000	0.000000	0.000000	0.000000	0.000000	0.000000
106	tsk_106	(x)	1	:	0.000000	0.444301	0.000000	0.000132	0.000000	0.000000	0.000000	0.000087	0.000234	0.000000	0.000000	0.000000	0.555246
107	tsk_107	(x)	1	:	0.000000	0.000010	0.000000	0.069688	0.000000	0.000000	0.000000	0.126949	0.303102	0.000000	0.000000	0.000000	0.500251
108	tsk_108	(x)	1	:	0.000004	0.000000	0.000000	0.004404	0.000000	0.500590	0.000000	0.002861	0.001613	0.000000	0.000000	0.000000	0.490528
109	tsk_109	(x)	1	:	0.000000	0.000000	0.000000	0.000000	0.000000	0.000000	0.000000	0.000000	0.000000	0.000000	0.000000	0.000000	1.000000
110	tsk_110	(x)	1	:	0.000000	0.000008	0.000000	0.154603	0.000000	0.000000	0.000000	0.127070	0.718319	0.000000	0.000000	0.000000	0.000000
111	tsk_111	(x)	1	:	0.000000	0.000018	0.000000	0.337024	0.000000	0.000000	0.000000	0.104983	0.557974	0.000000	0.000000	0.000000	0.000000
112	tsk_112	(x)	1	:	0.000000	0.000001	0.000000	0.144877	0.000000	0.000000	0.000000	0.290144	0.064978	0.500000	0.000000	0.000000	0.000000
113	tsk_113	(x)	1	:	0.000000	0.000007	0.522855	0.108353	0.000000	0.000000	0.000000	0.173020	0.195766	0.000000	0.000000	0.000000	0.000000
114	tsk_114	(x)	1	:	0.000000	0.000007	0.000000	0.113551	0.000000	0.000000	0.483365	0.140357	0.262719	0.000000	0.000000	0.000000	0.000000
115	tsk_115	(x)	1	:	0.000001	0.000000	0.000000	0.001849	0.000000	0.000000	0.480066	0.016371	0.002218	0.499495	0.000000	0.000000	0.000000
116	tsk_116	(x)	1	:	0.000000	0.000000	0.000000	0.005648	0.000000	0.000000	0.480225	0.003736	0.013350	0.000000	0.000000	0.000000	0.497041
117	tsk_117	(x)	1	:	0.000001	0.000002	0.000000	0.260850	0.000000	0.502226	0.000000	0.148995	0.087926	0.000000	0.000000	0.000000	0.000000
118	tsk_118	(x)	1	:	0.000000	0.000000	1.000000	0.000000	0.000000	0.000000	0.000000	0.000000	0.000000	0.000000	0.000000	0.000000	0.000000
119	tsk_119	(x)	1	:	0.000000	0.000000	0.000000	0.010719	0.000000	0.000000	0.482310	0.005789	0.002045	0.000000	0.000000	0.000000	0.499136
120	tsk_120	(x)	1	:	0.000000	0.000025	0.000000	0.050747	0.000000	0.000000	0.000000	0.310014	0.639214	0.000000	0.000000	0.000000	0.000000
121	tsk_121	(x)	1	:	0.000000	0.000004	0.000000	0.255763	0.000000	0.502227	0.000000	0.163525	0.078481	0.000000	0.000000	0.000000	0.000000
122	tsk_122	(x)	1	:	0.000000	0.000010	0.000000	0.198124	0.000000	0.000000	0.000000	0.221159	0.580706	0.000000	0.000000	0.000000	0.000000
123	tsk_123	(x)	1	:	0.000000	0.000008	0.000000	0.118052	0.000000	0.000000	0.000000	0.223678	0.658262	0.000000	0.000000	0.000000	0.000000
124	tsk_124	(x)	1	:	0.195054	0.000002	0.000000	0.108920	0.000000	0.000000	0.000000	0.321018	0.090956	0.284051	0.000000	0.000000	0.000000
125	tsk_125	(x)	1	:	0.000000	0.000018	0.000000	0.092242	0.000000	0.000000	0.000000	0.257675	0.650065	0.000000	0.000000	0.000000	0.000000
126	tsk_126	(x)	1	:	0.000000	0.000050	0.000000	0.417576	0.000000	0.000000	0.000000	0.582373	0.000000	0.000000	0.000000	0.000000	0.000000
127	tsk_127	(x)	1	:	0.000000	0.000013	0.000000	0.171329	0.000000	0.000000	0.000000	0.238493	0.590164	0.000000	0.000000	0.000000	0.000000
128	tsk_128	(x)	1	:	0.000000	0.000029	0.000000	0.052634	0.000000	0.000000	0.000000	0.303937	0.643400	0.000000	0.000000	0.000000	0.000000
129	tsk_129	(x)	1	:	0.000000	0.000016	0.000000	0.178433	0.000000	0.000000	0.000000	0.400801	0.420750	0.000000	0.000000	0.000000	0.000000
130	tsk_130	(x)	1	:	0.000000	0.000000	0.000000	0.000000	0.000000	0.000000	0.000000	0.000000	0.000000	1.000000	0.000000	0.000000	0.000000
131	tsk_131	(x)	1	:	0.000000	0.000001	0.000000	0.247430	0.000000	0.000000	0.000000	0.193450	0.059119	0.500000	0.000000	0.000000	0.000000
132	tsk_132	(x)	1	:	0.000001	0.000000	0.000000	0.002409	0.000000	0.000000	0.000000	0.006794	0.001319	0.498516	0.000000	0.000000	0.490962
133	tsk_133	(x)	1	:	0.000000	0.000000	0.000000	0.000000	0.000000	0.000000	0.000000	0.000000	0.000000	1.000000	0.000000	0.000000	0.000000
134	tsk_134	(x)	1	:	0.000000	0.000000	0.000000	0.000000	0.000000	0.000000	0.000000	0.000000	0.000000	1.000000	0.000000	0.000000	0.000000
135	tsk_135	(x)	1	:	0.000001	0.000000	0.000000	0.001936	0.000000	0.000000	0.000000	0.008131	0.000748	0.498475	0.000000	0.000000	0.490710
136	tsk_136	(x)	1	:	0.000001	0.000000	0.000000	0.005582	0.000000	0.000000	0.000000	0.002642	0.001935	0.498566	0.000000	0.000000	0.491274
137	tsk_137	(x)	1	:	0.457180	0.000000	0.000000	0.000000	0.000000	0.000000	0.000000	0.000000	0.000000	0.542820	0.000000	0.000000	0.000000
138	tsk_138	(x)	1	:	0.493345	0.000000	0.506655	0.000000	0.000000	0.000000	0.000000	0.000000	0.000000	0.000000	0.000000	0.000000	0.000000
139	tsk_139	(x)	1	:	0.000001	0.000000	0.000000	0.001594	0.000000	0.000000	0.000000	0.006526	0.001797	0.498600	0.000000	0.000000	0.491482
140	tsk_140	(x)	1	:	0.000000	0.000005	0.000000	0.069106	0.000000	0.000000	0.000000	0.083473	0.347287	0.000000	0.000000	0.000000	0.500129
141	tsk_141	(x)	1	:	0.000000	0.000000	0.000000	0.004413	0.000000	0.000000	0.483639	0.004758	0.010026	0.000000	0.000000	0.497163	0.000000
142	tsk_142	(x)	1	:	0.000005	0.000000	0.000000	0.002740	0.000000	0.501827	0.000000	0.001920	0.000514	0.000000	0.000000	0.492993	0.000000
143	tsk_143	(x)	1	:	0.000000	0.000000	0.000000	0.001192	0.000000	0.000000	0.000000	0.002843	0.005637	0.000000	0.000000	0.492919	0.497409
144	tsk_144	(x)	1	:	0.000000	0.000001	0.000000	0.244258	0.000000	0.000000	0.483210	0.166514	0.106018	0.000000	0.000000	0.000000	0.000000
145	tsk_145	(x)	1	:	0.000006	0.000000	0.000000	0.007990	0.000000	0.502009	0.481925	0.007712	0.000358	0.000000	0.000000	0.000000	0.000000
146	tsk_146	(x)	1	:	0.000005	0.000000	0.000000	0.002451	0.000000	0.501687	0.000000	0.002664	0.001314	0.000000	0.000000	0.491878	0.000000
147	tsk_147	(x)	1	:	0.000000	0.000005	0.000000	0.139385	0.000000	0.000000	0.000000	0.048644	0.314050	0.000000	0.000000	0.497916	0.000000
148	tsk_148	(x)	1	:	0.000000	0.000004	0.000000	0.030800	0.000000	0.000000	0.000000	0.152996	0.316081	0.000000	0.000000	0.000000	0.500119
149	tsk_149	(x)	1	:	0.000012	0.000000	0.211566	0.000000	0.285673	0.502749	0.000000	0.000000	0.000000	0.000000	0.000000	0.000000	0.000000
