logL = -1227.429967 (converged)
AIC = 5934.859933
BIC = 11173.365345

count.K
8 48 2 37 7 2 31 6 6 3 

