0	tsk_0	(x)	1	:	0.000000	0.437136	0.000000	0.000000	0.000000	0.562864	0.000000	0.000000	0.000000	0.000000	0.000000	0.000000	0.000000	0.000000	0.000000
1	tsk_1	(x)	1	:	0.500000	0.000000	0.000000	0.000000	0.000000	0.500000	0.000000	0.000000	0.000000	0.000000	0.000000	0.000000	0.000000	0.000000	0.000000
2	tsk_2	(x)	1	:	0.000000	0.432123	0.000000	0.000000	0.001918	0.067547	0.000000	0.000000	0.000000	0.000003	0.000000	0.000000	0.000000	0.498409	0.000000
3	tsk_3	(x)	1	:	0.000000	0.455631	0.000000	0.000000	0.000000	0.000077	0.000000	0.000000	0.000000	0.000000	0.000000	0.000000	0.544292	0.000000	0.000000
4	tsk_4	(x)	1	:	0.000000	0.432191	0.000000	0.000000	0.001996	0.067431	0.000000	0.000000	0.000000	0.000003	0.000000	0.000000	0.000000	0.498379	0.000000
5	tsk_5	(x)	1	:	0.000000	0.000000	0.000000	0.000000	0.000000	0.000000	0.000000	0.000000	0.000000	0.000000	0.000000	0.496084	0.503915	0.000000	0.000000
6	tsk_6	(x)	1	:	0.500000	0.000000	0.000000	0.000000	0.000000	0.000000	0.290910	0.000000	0.209090	0.000000	0.000000	0.000000	0.000000	0.000000	0.000000
7	tsk_7	(x)	1	:	0.000000	0.994426	0.000000	0.000000	0.000000	0.005574	0.000000	0.000000	0.000000	0.000000	0.000000	0.000000	0.000000	0.000000	0.000000
8	tsk_8	(x)	1	:	0.000000	0.994231	0.000000	0.000000	0.000000	0.005769	0.000000	0.000000	0.000000	0.000000	0.000000	0.000000	0.000000	0.000000	0.000000
9	tsk_9	(x)	1	:	0.000000	0.000000	0.000000	0.000000	0.000000	0.000000	0.305907	0.000000	0.327799	0.366294	0.000000	0.000000	0.000000	0.000000	0.000000
10	tsk_10	(x)	1	:	0.505911	0.494089	0.000000	0.000000	0.000000	0.000000	0.000000	0.000000	0.000000	0.000000	0.000000	0.000000	0.000000	0.000000	0.000000
11	tsk_11	(x)	1	:	0.000000	0.997236	0.000000	0.000000	0.000000	0.002764	0.000000	0.000000	0.000000	0.000000	0.000000	0.000000	0.000000	0.000000	0.000000
12	tsk_12	(x)	1	:	0.000000	0.000000	0.000000	0.000000	0.000000	0.000000	0.683560	0.000000	0.316440	0.000000	0.000000	0.000000	0.000000	0.000000	0.000000
13	tsk_13	(x)	1	:	0.000000	0.000000	0.000000	0.000000	0.000000	0.000000	0.727285	0.000000	0.272715	0.000000	0.000000	0.000000	0.000000	0.000000	0.000000
14	tsk_14	(x)	1	:	0.000000	0.000000	0.000000	0.000000	0.000000	0.000000	0.736534	0.000000	0.263466	0.000000	0.000000	0.000000	0.000000	0.000000	0.000000
15	tsk_15	(x)	1	:	0.000000	0.000000	0.000000	0.000000	0.000000	0.000000	0.242147	0.000000	0.257852	0.000004	0.000000	0.000000	0.000000	0.499998	0.000000
16	tsk_16	(x)	1	:	0.000000	0.000000	0.000000	0.000000	0.000000	0.000000	0.546310	0.000000	0.453690	0.000000	0.000000	0.000000	0.000000	0.000000	0.000000
17	tsk_17	(x)	1	:	0.000000	0.000000	0.000000	0.000000	0.046226	0.000000	0.272043	0.000000	0.228810	0.000000	0.000000	0.000000	0.000000	0.000000	0.452921
18	tsk_18	(x)	1	:	0.000000	0.000000	0.000000	0.000000	0.000000	0.000000	0.681670	0.000000	0.318330	0.000000	0.000000	0.000000	0.000000	0.000000	0.000000
19	tsk_19	(x)	1	:	0.000000	0.384137	0.000000	0.000000	0.002081	0.114883	0.000000	0.000000	0.000000	0.000003	0.000000	0.000000	0.000000	0.498895	0.000000
20	tsk_20	(x)	1	:	0.000000	0.000000	0.000000	0.000004	0.003175	0.497556	0.000000	0.000000	0.000000	0.000000	0.499265	0.000000	0.000000	0.000000	0.000000
21	tsk_21	(x)	1	:	0.000000	0.000000	0.000000	0.000000	0.000000	0.000000	0.084571	0.000000	0.100456	0.814973	0.000000	0.000000	0.000000	0.000000	0.000000
22	tsk_22	(x)	1	:	0.000000	0.692752	0.000000	0.000000	0.000000	0.307248	0.000000	0.000000	0.000000	0.000000	0.000000	0.000000	0.000000	0.000000	0.000000
23	tsk_23	(x)	1	:	0.000000	0.000000	0.000000	0.000000	0.000000	0.500000	0.000000	0.000000	0.000000	0.000000	0.500000	0.000000	0.000000	0.000000	0.000000
24	tsk_24	(x)	1	:	0.000000	0.384993	0.000000	0.000000	0.000000	0.615007	0.000000	0.000000	0.000000	0.000000	0.000000	0.000000	0.000000	0.000000	0.000000
25	tsk_25	(x)	1	:	0.000000	0.000000	0.000000	0.000000	0.000000	1.000000	0.000000	0.000000	0.000000	0.000000	0.000000	0.000000	0.000000	0.000000	0.000000
26	tsk_26	(x)	1	:	0.000000	0.384861	0.000000	0.000000	0.000000	0.615139	0.000000	0.000000	0.000000	0.000000	0.000000	0.000000	0.000000	0.000000	0.000000
27	tsk_27	(x)	1	:	0.000000	0.000000	0.000000	0.486679	0.014409	0.498906	0.000000	0.000000	0.000000	0.000000	0.000005	0.000000	0.000000	0.000000	0.000000
28	tsk_28	(x)	1	:	0.000000	0.000000	0.000000	0.000000	0.000000	1.000000	0.000000	0.000000	0.000000	0.000000	0.000000	0.000000	0.000000	0.000000	0.000000
29	tsk_29	(x)	1	:	0.000000	0.000000	0.000000	0.000000	0.000000	0.000000	0.000000	0.000000	0.000000	0.000000	1.000000	0.000000	0.000000	0.000000	0.000000
30	tsk_30	(x)	1	:	0.000000	0.000000	0.000000	0.000000	0.000000	0.000000	0.829840	0.000000	0.170160	0.000000	0.000000	0.000000	0.000000	0.000000	0.000000
31	tsk_31	(x)	1	:	0.000000	0.000000	0.000000	0.000000	0.000000	0.500000	0.264282	0.000000	0.235717	0.000000	0.000000	0.000000	0.000000	0.000000	0.000000
32	tsk_32	(x)	1	:	0.000000	0.000000	0.000000	0.000005	0.002031	0.000000	0.398083	0.000000	0.100353	0.000001	0.499527	0.000000	0.000000	0.000000	0.000000
33	tsk_33	(x)	1	:	0.000000	0.000000	0.000000	0.000000	0.000000	0.000000	0.760133	0.000000	0.239867	0.000000	0.000000	0.000000	0.000000	0.000000	0.000000
34	tsk_34	(x)	1	:	0.000000	0.000000	0.000000	0.000000	0.004211	0.497904	0.319191	0.000000	0.178694	0.000000	0.000000	0.000000	0.000000	0.000000	0.000000
35	tsk_35	(x)	1	:	0.000000	0.000000	0.000000	0.515249	0.000105	0.000000	0.382597	0.000000	0.102048	0.000000	0.000000	0.000000	0.000000	0.000000	0.000000
36	tsk_36	(x)	1	:	0.000000	0.000000	0.000000	0.000000	0.000000	0.000000	0.746854	0.000000	0.253146	0.000000	0.000000	0.000000	0.000000	0.000000	0.000000
37	tsk_37	(x)	1	:	0.000000	0.000000	0.000000	0.000000	0.000000	0.000000	0.761638	0.000000	0.238362	0.000000	0.000000	0.000000	0.000000	0.000000	0.000000
38	tsk_38	(x)	1	:	0.000000	0.000000	0.000000	0.000000	0.002998	0.498500	0.368932	0.000000	0.129565	0.000005	0.000000	0.000000	0.000000	0.000000	0.000000
39	tsk_39	(x)	1	:	0.000000	0.437137	0.000000	0.000000	0.000000	0.562863	0.000000	0.000000	0.000000	0.000000	0.000000	0.000000	0.000000	0.000000	0.000000
40	tsk_40	(x)	1	:	0.000203	0.000000	0.999797	0.000000	0.000000	0.000000	0.000000	0.000000	0.000000	0.000000	0.000000	0.000000	0.000000	0.000000	0.000000
41	tsk_41	(x)	1	:	0.000000	0.000000	0.000000	0.000000	0.000002	0.000000	0.000000	0.999998	0.000000	0.000000	0.000000	0.000000	0.000000	0.000000	0.000000
42	tsk_42	(x)	1	:	0.000000	0.000000	0.000000	0.486801	0.013903	0.000000	0.000000	0.000000	0.000000	0.000002	0.000008	0.000000	0.000000	0.499287	0.000000
43	tsk_43	(x)	1	:	0.000000	0.000000	0.000000	0.486975	0.013203	0.000000	0.414344	0.000000	0.085469	0.000003	0.000006	0.000000	0.000000	0.000000	0.000000
44	tsk_44	(x)	1	:	0.000000	0.000000	0.000000	1.000000	0.000000	0.000000	0.000000	0.000000	0.000000	0.000000	0.000000	0.000000	0.000000	0.000000	0.000000
45	tsk_45	(x)	1	:	0.000000	0.000000	0.000000	0.000000	0.000000	0.000000	0.726102	0.000000	0.273898	0.000000	0.000000	0.000000	0.000000	0.000000	0.000000
46	tsk_46	(x)	1	:	0.495870	0.000000	0.000000	0.000000	0.000000	0.000000	0.000000	0.504130	0.000000	0.000000	0.000000	0.000000	0.000000	0.000000	0.000000
47	tsk_47	(x)	1	:	0.000000	0.000000	0.000000	0.000000	0.000000	0.000000	0.341811	0.513627	0.144563	0.000000	0.000000	0.000000	0.000000	0.000000	0.000000
48	tsk_48	(x)	1	:	0.000000	0.000000	0.000000	0.486974	0.003338	0.000000	0.000000	0.509684	0.000000	0.000000	0.000003	0.000000	0.000000	0.000000	0.000000
49	tsk_49	(x)	1	:	0.000000	0.000000	0.000000	0.000085	0.003985	0.000000	0.414457	0.000000	0.084754	0.000003	0.000000	0.496716	0.000000	0.000000	0.000000
50	tsk_50	(x)	1	:	0.000000	0.000000	0.000000	0.000000	0.000000	1.000000	0.000000	0.000000	0.000000	0.000000	0.000000	0.000000	0.000000	0.000000	0.000000
51	tsk_51	(x)	1	:	0.000000	0.000000	0.000000	0.000000	0.000000	1.000000	0.000000	0.000000	0.000000	0.000000	0.000000	0.000000	0.000000	0.000000	0.000000
52	tsk_52	(x)	1	:	0.000000	0.000000	0.000000	0.000000	0.000000	0.500000	0.000000	0.000000	0.000000	0.000000	0.000000	0.000000	0.000000	0.500000	0.000000
53	tsk_53	(x)	1	:	0.000000	0.384017	0.000000	0.000000	0.002145	0.114992	0.000000	0.000000	0.000000	0.000001	0.000000	0.000000	0.000000	0.498846	0.000000
54	tsk_54	(x)	1	:	0.000000	0.000000	0.000000	0.000000	0.000000	0.000000	0.361967	0.000000	0.138031	0.000006	0.000000	0.000000	0.000000	0.499997	0.000000
55	tsk_55	(x)	1	:	0.000000	0.384987	0.000000	0.000000	0.000000	0.615013	0.000000	0.000000	0.000000	0.000000	0.000000	0.000000	0.000000	0.000000	0.000000
56	tsk_56	(x)	1	:	0.000000	0.000000	0.000000	0.000000	0.000000	0.500000	0.101869	0.000000	0.398131	0.000000	0.000000	0.000000	0.000000	0.000000	0.000000
57	tsk_57	(x)	1	:	0.000000	0.000000	0.000000	0.000000	0.000000	1.000000	0.000000	0.000000	0.000000	0.000000	0.000000	0.000000	0.000000	0.000000	0.000000
58	tsk_58	(x)	1	:	0.000000	0.000000	0.000000	0.000000	0.000000	1.000000	0.000000	0.000000	0.000000	0.000000	0.000000	0.000000	0.000000	0.000000	0.000000
59	tsk_59	(x)	1	:	0.500000	0.000000	0.000000	0.000000	0.000000	0.000000	0.000000	0.000000	0.000000	0.000000	0.000000	0.000000	0.000000	0.500000	0.000000
60	tsk_60	(x)	1	:	0.000000	0.000000	0.000000	0.000000	0.000000	0.502286	0.000000	0.000000	0.000000	0.000000	0.000000	0.497714	0.000000	0.000000	0.000000
61	tsk_61	(x)	1	:	0.516987	0.000000	0.000000	0.483013	0.000000	0.000000	0.000000	0.000000	0.000000	0.000000	0.000000	0.000000	0.000000	0.000000	0.000000
62	tsk_62	(x)	1	:	0.000001	0.387244	0.511186	0.000000	0.000025	0.101543	0.000000	0.000000	0.000000	0.000000	0.000000	0.000000	0.000000	0.000000	0.000000
63	tsk_63	(x)	1	:	1.000000	0.000000	0.000000	0.000000	0.000000	0.000000	0.000000	0.000000	0.000000	0.000000	0.000000	0.000000	0.000000	0.000000	0.000000
64	tsk_64	(x)	1	:	0.516985	0.000000	0.000000	0.483012	0.000003	0.000000	0.000000	0.000000	0.000000	0.000000	0.000000	0.000000	0.000000	0.000000	0.000000
65	tsk_65	(x)	1	:	0.000000	0.384851	0.000000	0.000000	0.000000	0.615149	0.000000	0.000000	0.000000	0.000000	0.000000	0.000000	0.000000	0.000000	0.000000
66	tsk_66	(x)	1	:	0.000009	0.385512	0.510995	0.000000	0.000008	0.103475	0.000000	0.000000	0.000000	0.000000	0.000000	0.000000	0.000000	0.000000	0.000000
67	tsk_67	(x)	1	:	0.000000	0.692772	0.000000	0.000000	0.000000	0.307227	0.000000	0.000000	0.000000	0.000000	0.000000	0.000000	0.000000	0.000000	0.000000
68	tsk_68	(x)	1	:	0.497314	0.000000	0.000000	0.028118	0.003110	0.000000	0.000000	0.000000	0.000000	0.000000	0.000000	0.471458	0.000000	0.000000	0.000000
69	tsk_69	(x)	1	:	0.306744	0.000000	0.693256	0.000000	0.000000	0.000000	0.000000	0.000000	0.000000	0.000000	0.000000	0.000000	0.000000	0.000000	0.000000
70	tsk_70	(x)	1	:	0.000000	0.000000	0.000000	0.486095	0.016814	0.497091	0.000000	0.000000	0.000000	0.000000	0.000000	0.000000	0.000000	0.000000	0.000000
71	tsk_71	(x)	1	:	0.000000	0.000000	0.000000	0.000000	0.000000	0.000000	0.000026	0.416522	0.000237	0.583215	0.000000	0.000000	0.000000	0.000000	0.000000
72	tsk_72	(x)	1	:	0.000000	0.000000	0.000000	1.000000	0.000000	0.000000	0.000000	0.000000	0.000000	0.000000	0.000000	0.000000	0.000000	0.000000	0.000000
73	tsk_73	(x)	1	:	0.000000	0.000000	0.000000	0.000000	0.000000	0.000000	0.000000	1.000000	0.000000	0.000000	0.000000	0.000000	0.000000	0.000000	0.000000
74	tsk_74	(x)	1	:	0.000000	0.000000	0.000000	1.000000	0.000000	0.000000	0.000000	0.000000	0.000000	0.000000	0.000000	0.000000	0.000000	0.000000	0.000000
75	tsk_75	(x)	1	:	0.000000	0.000000	0.000000	0.515274	0.000000	0.484726	0.000000	0.000000	0.000000	0.000000	0.000000	0.000000	0.000000	0.000000	0.000000
76	tsk_76	(x)	1	:	0.000000	0.000000	0.000000	0.515243	0.000130	0.000000	0.000000	0.000000	0.000000	0.000001	0.000000	0.000000	0.000000	0.484627	0.000000
77	tsk_77	(x)	1	:	0.500000	0.000000	0.000000	0.000000	0.000000	0.000000	0.000000	0.000000	0.000000	0.000000	0.000000	0.000000	0.000000	0.500000	0.000000
78	tsk_78	(x)	1	:	0.000000	0.000000	0.000000	0.486960	0.008420	0.000000	0.000000	0.504608	0.000000	0.000000	0.000012	0.000000	0.000000	0.000000	0.000000
79	tsk_79	(x)	1	:	0.000000	0.000000	0.000000	0.000000	0.000000	0.000000	0.000000	0.548517	0.000000	0.451482	0.000000	0.000000	0.000000	0.000000	0.000000
80	tsk_80	(x)	1	:	1.000000	0.000000	0.000000	0.000000	0.000000	0.000000	0.000000	0.000000	0.000000	0.000000	0.000000	0.000000	0.000000	0.000000	0.000000
81	tsk_81	(x)	1	:	0.501367	0.000000	0.000000	0.000000	0.096080	0.000000	0.000000	0.000000	0.000000	0.402553	0.000000	0.000000	0.000000	0.000000	0.000000
82	tsk_82	(x)	1	:	1.000000	0.000000	0.000000	0.000000	0.000000	0.000000	0.000000	0.000000	0.000000	0.000000	0.000000	0.000000	0.000000	0.000000	0.000000
83	tsk_83	(x)	1	:	1.000000	0.000000	0.000000	0.000000	0.000000	0.000000	0.000000	0.000000	0.000000	0.000000	0.000000	0.000000	0.000000	0.000000	0.000000
84	tsk_84	(x)	1	:	0.500616	0.000000	0.000000	0.000000	0.100624	0.000000	0.000000	0.000000	0.000000	0.398759	0.000000	0.000000	0.000000	0.000000	0.000000
85	tsk_85	(x)	1	:	1.000000	0.000000	0.000000	0.000000	0.000000	0.000000	0.000000	0.000000	0.000000	0.000000	0.000000	0.000000	0.000000	0.000000	0.000000
86	tsk_86	(x)	1	:	0.000000	0.383340	0.000000	0.000000	0.100012	0.118047	0.000000	0.000000	0.000000	0.398601	0.000000	0.000000	0.000000	0.000000	0.000000
87	tsk_87	(x)	1	:	0.499971	0.384280	0.000000	0.000000	0.000000	0.115749	0.000000	0.000000	0.000000	0.000000	0.000000	0.000000	0.000000	0.000000	0.000000
88	tsk_88	(x)	1	:	0.499848	0.000000	0.000000	0.000000	0.000406	0.000000	0.000000	0.000000	0.000000	0.000000	0.000000	0.000000	0.000000	0.499746	0.000000
89	tsk_89	(x)	1	:	0.000000	0.000000	0.000000	0.000000	0.004402	0.497803	0.000000	0.000000	0.000000	0.000000	0.000000	0.000000	0.000000	0.497795	0.000000
90	tsk_90	(x)	1	:	0.000000	0.000000	0.000000	0.000000	0.000000	0.000000	0.335984	0.000000	0.297722	0.366294	0.000000	0.000000	0.000000	0.000000	0.000000
91	tsk_91	(x)	1	:	0.000000	0.000000	0.000000	0.486809	0.013881	0.000000	0.000000	0.000000	0.000000	0.000003	0.000005	0.000000	0.000000	0.499302	0.000000
92	tsk_92	(x)	1	:	0.000000	0.000000	0.000000	0.000000	0.047920	0.000000	0.000000	0.000000	0.000000	0.000000	0.000000	0.000000	0.000000	0.500166	0.451914
93	tsk_93	(x)	1	:	0.000000	0.000000	0.000000	0.000000	0.003263	0.498369	0.149936	0.000000	0.348429	0.000002	0.000000	0.000000	0.000000	0.000000	0.000000
94	tsk_94	(x)	1	:	0.459237	0.000000	0.000000	0.493220	0.045809	0.000000	0.000000	0.000000	0.000000	0.000000	0.000000	0.000000	0.000000	0.000000	0.001734
95	tsk_95	(x)	1	:	0.000000	0.000000	0.000000	0.000000	0.000000	0.500000	0.000000	0.000000	0.000000	0.000000	0.000000	0.000000	0.000000	0.500000	0.000000
96	tsk_96	(x)	1	:	0.000000	0.000000	0.000000	0.000000	0.047920	0.000000	0.000000	0.000000	0.000000	0.000000	0.000000	0.000000	0.000000	0.500166	0.451914
97	tsk_97	(x)	1	:	0.000000	0.000000	0.000000	0.000000	0.000000	0.000000	0.344442	0.000000	0.155554	0.000009	0.000000	0.000000	0.000000	0.499995	0.000000
98	tsk_98	(x)	1	:	0.000000	0.000000	0.000000	0.000000	0.000000	0.000000	0.000000	0.000000	0.000000	0.000000	0.000000	0.000000	0.000000	1.000000	0.000000
99	tsk_99	(x)	1	:	0.000000	0.000000	0.000000	0.000000	0.000000	0.000000	0.000000	0.000000	0.000000	0.445710	0.000000	0.000000	0.000000	0.554290	0.000000
100	tsk_100	(x)	1	:	0.000000	0.000000	0.000000	0.000000	0.000000	0.000000	0.000000	0.000000	0.000000	0.557798	0.000000	0.000000	0.000000	0.442202	0.000000
101	tsk_101	(x)	1	:	0.500000	0.000000	0.000000	0.000000	0.000000	0.500000	0.000000	0.000000	0.000000	0.000000	0.000000	0.000000	0.000000	0.000000	0.000000
102	tsk_102	(x)	1	:	0.500000	0.000000	0.000000	0.000000	0.000000	0.000000	0.000000	0.000000	0.000000	0.000000	0.000000	0.000000	0.000000	0.500000	0.000000
103	tsk_103	(x)	1	:	1.000000	0.000000	0.000000	0.000000	0.000000	0.000000	0.000000	0.000000	0.000000	0.000000	0.000000	0.000000	0.000000	0.000000	0.000000
104	tsk_104	(x)	1	:	0.000000	0.432216	0.000000	0.000000	0.001860	0.067471	0.000000	0.000000	0.000000	0.000002	0.000000	0.000000	0.000000	0.498450	0.000000
105	tsk_105	(x)	1	:	0.000000	0.000000	0.449187	0.000000	0.050725	0.000000	0.000000	0.000000	0.000000	0.000027	0.000000	0.000000	0.000000	0.500060	0.000000
106	tsk_106	(x)	1	:	0.505911	0.494089	0.000000	0.000000	0.000000	0.000000	0.000000	0.000000	0.000000	0.000000	0.000000	0.000000	0.000000	0.000000	0.000000
107	tsk_107	(x)	1	:	1.000000	0.000000	0.000000	0.000000	0.000000	0.000000	0.000000	0.000000	0.000000	0.000000	0.000000	0.000000	0.000000	0.000000	0.000000
108	tsk_108	(x)	1	:	0.501055	0.000000	0.000000	0.000000	0.097966	0.000000	0.000000	0.000000	0.000000	0.400979	0.000000	0.000000	0.000000	0.000000	0.000000
109	tsk_109	(x)	1	:	0.501138	0.000000	0.000000	0.000000	0.097465	0.000000	0.000000	0.000000	0.000000	0.401397	0.000000	0.000000	0.000000	0.000000	0.000000
110	tsk_110	(x)	1	:	0.474678	0.000000	0.000000	0.000000	0.000000	0.000000	0.000000	0.000000	0.000000	0.525321	0.000000	0.000000	0.000000	0.000000	0.000000
111	tsk_111	(x)	1	:	0.500000	0.000000	0.000000	0.000000	0.000000	0.000000	0.000000	0.000000	0.000000	0.000000	0.000000	0.000000	0.000000	0.500000	0.000000
112	tsk_112	(x)	1	:	0.000000	0.000000	0.000000	0.000000	0.000000	0.000000	0.000000	0.000000	0.000000	1.000000	0.000000	0.000000	0.000000	0.000000	0.000000
113	tsk_113	(x)	1	:	0.000000	0.000000	0.000000	0.000000	0.150310	0.000000	0.000000	0.000000	0.000000	0.397267	0.000000	0.000000	0.000000	0.000000	0.452423
114	tsk_114	(x)	1	:	0.000000	0.432499	0.000000	0.514993	0.000000	0.052507	0.000000	0.000000	0.000000	0.000000	0.000000	0.000000	0.000000	0.000000	0.000000
115	tsk_115	(x)	1	:	0.532586	0.000000	0.000000	0.000000	0.000000	0.000000	0.000000	0.000000	0.000000	0.000000	0.000000	0.000000	0.000000	0.000000	0.467414
116	tsk_116	(x)	1	:	0.000000	0.435854	0.000000	0.000000	0.000000	0.027737	0.000000	0.000000	0.000000	0.536410	0.000000	0.000000	0.000000	0.000000	0.000000
117	tsk_117	(x)	1	:	0.000000	0.000000	0.000000	0.000000	0.046733	0.000000	0.000000	0.000000	0.000000	0.000007	0.000000	0.000000	0.000000	0.500643	0.452616
118	tsk_118	(x)	1	:	0.000000	0.000000	0.000000	0.000000	0.000000	0.000000	0.000000	0.000000	0.000000	0.566182	0.000000	0.000000	0.000000	0.433818	0.000000
119	tsk_119	(x)	1	:	0.000000	0.000000	0.000000	0.515254	0.000085	0.000000	0.000000	0.000000	0.000000	0.000000	0.000000	0.000000	0.000000	0.484661	0.000000
120	tsk_120	(x)	1	:	0.000000	0.000000	0.000000	0.000000	0.000000	0.000000	0.321190	0.000000	0.233107	0.445703	0.000000	0.000000	0.000000	0.000000	0.000000
121	tsk_121	(x)	1	:	0.442919	0.000000	0.000000	0.000000	0.000000	0.000000	0.000000	0.000000	0.000000	0.000000	0.000000	0.000000	0.000000	0.000000	0.557081
122	tsk_122	(x)	1	:	1.000000	0.000000	0.000000	0.000000	0.000000	0.000000	0.000000	0.000000	0.000000	0.000000	0.000000	0.000000	0.000000	0.000000	0.000000
123	tsk_123	(x)	1	:	0.000000	0.000000	0.000000	0.000000	0.000000	0.000000	0.000000	0.000000	0.000000	0.000000	0.000000	0.000000	0.000000	0.000000	1.000000
124	tsk_124	(x)	1	:	0.000000	0.000000	0.000000	0.000085	0.005517	0.498033	0.000000	0.000000	0.000000	0.000000	0.000000	0.496365	0.000000	0.000000	0.000000
125	tsk_125	(x)	1	:	0.000000	0.000000	0.000000	0.000000	0.003793	0.498112	0.314633	0.000000	0.183462	0.000000	0.000000	0.000000	0.000000	0.000000	0.000000
126	tsk_126	(x)	1	:	0.000000	0.000000	0.000000	0.000000	0.000000	0.000000	0.304050	0.000000	0.195944	0.000012	0.000000	0.000000	0.000000	0.499994	0.000000
127	tsk_127	(x)	1	:	0.000000	0.000000	0.000000	0.472559	0.000005	0.000000	0.000000	0.000000	0.000000	0.000000	0.000009	0.000000	0.000000	0.000000	0.527427
128	tsk_128	(x)	1	:	0.000000	0.000000	0.000000	0.999975	0.000000	0.000000	0.000000	0.000000	0.000000	0.000000	0.000025	0.000000	0.000000	0.000000	0.000000
129	tsk_129	(x)	1	:	0.000000	0.000000	0.000000	0.486988	0.013148	0.000000	0.420661	0.000000	0.079192	0.000004	0.000006	0.000000	0.000000	0.000000	0.000000
130	tsk_130	(x)	1	:	0.000000	0.432356	0.000000	0.000000	0.002072	0.067208	0.000000	0.000000	0.000000	0.000001	0.000000	0.000000	0.000000	0.498364	0.000000
131	tsk_131	(x)	1	:	0.500000	0.000000	0.000000	0.000000	0.000000	0.000000	0.277313	0.000000	0.222687	0.000000	0.000000	0.000000	0.000000	0.000000	0.000000
132	tsk_132	(x)	1	:	0.000000	0.000000	0.000000	0.487039	0.061249	0.000000	0.000000	0.000000	0.000000	0.000000	0.000010	0.000000	0.000000	0.000000	0.451703
133	tsk_133	(x)	1	:	0.500000	0.000000	0.000000	0.000000	0.000000	0.500000	0.000000	0.000000	0.000000	0.000000	0.000000	0.000000	0.000000	0.000000	0.000000
134	tsk_134	(x)	1	:	0.532586	0.000000	0.000000	0.000000	0.000000	0.000000	0.000000	0.000000	0.000000	0.000000	0.000000	0.000000	0.000000	0.000000	0.467414
135	tsk_135	(x)	1	:	0.000000	0.000000	0.000000	0.000000	0.000000	0.000000	0.000000	0.000000	0.000000	0.000000	1.000000	0.000000	0.000000	0.000000	0.000000
136	tsk_136	(x)	1	:	0.459301	0.000000	0.000000	0.493215	0.045924	0.000000	0.000000	0.000000	0.000000	0.000000	0.000000	0.000000	0.000000	0.000000	0.001560
137	tsk_137	(x)	1	:	0.000000	0.000000	0.000000	0.000000	0.047621	0.500287	0.000000	0.000000	0.000000	0.000000	0.000000	0.000000	0.000000	0.000000	0.452092
138	tsk_138	(x)	1	:	0.000000	0.000000	0.000000	0.000000	0.047344	0.500400	0.000000	0.000000	0.000000	0.000000	0.000000	0.000000	0.000000	0.000000	0.452256
139	tsk_139	(x)	1	:	0.000000	0.000000	0.000000	0.000000	0.002139	0.498928	0.000000	0.000000	0.000000	0.000010	0.000000	0.000000	0.000000	0.498924	0.000000
140	tsk_140	(x)	1	:	0.000000	0.000000	0.000000	0.486788	0.013952	0.000000	0.000000	0.000000	0.000000	0.000003	0.000008	0.000000	0.000000	0.499249	0.000000
141	tsk_141	(x)	1	:	0.000000	0.000000	0.000000	0.000066	0.004585	0.000000	0.000000	0.000000	0.000000	0.000001	0.000000	0.496596	0.000000	0.498751	0.000000
142	tsk_142	(x)	1	:	0.000000	0.000000	0.000000	0.000000	0.000000	0.000000	0.000000	0.000000	0.000000	1.000000	0.000000	0.000000	0.000000	0.000000	0.000000
143	tsk_143	(x)	1	:	0.000000	0.000000	0.000000	0.000000	0.000000	0.000000	0.000000	0.000000	0.000000	0.445710	0.000000	0.000000	0.000000	0.554290	0.000000
144	tsk_144	(x)	1	:	0.000000	0.000000	0.000000	0.000000	0.000098	0.000000	0.000000	0.000000	0.000000	0.000000	0.000000	0.517396	0.000000	0.482507	0.000000
145	tsk_145	(x)	1	:	0.000000	0.000000	0.000000	0.000037	0.004898	0.000000	0.000000	0.000000	0.000000	0.000001	0.000000	0.496551	0.000000	0.498513	0.000000
146	tsk_146	(x)	1	:	0.000000	0.000000	0.000000	0.486796	0.013927	0.000000	0.000000	0.000000	0.000000	0.000002	0.000007	0.000000	0.000000	0.499268	0.000000
147	tsk_147	(x)	1	:	0.000000	0.000000	0.000000	0.000000	0.000000	0.000000	0.308707	0.000000	0.245590	0.445703	0.000000	0.000000	0.000000	0.000000	0.000000
148	tsk_148	(x)	1	:	0.000000	0.000000	0.000000	0.486804	0.013901	0.000000	0.000000	0.000000	0.000000	0.000002	0.000005	0.000000	0.000000	0.499288	0.000000
149	tsk_149	(x)	1	:	0.000000	0.000000	0.000000	0.000049	0.004694	0.000000	0.000000	0.000000	0.000000	0.000003	0.000000	0.496587	0.000000	0.498667	0.000000
