logL = -2179.484548 (converged)
AIC = 4834.969096
BIC = 5551.500296

count.K
13 137 

