logL = -2242.950845 (converged)
AIC = 7305.901690
BIC = 11550.897454

count.K
13 35 11 12 7 18 25 29 

