logL = -980.638661 (converged)
AIC = 3149.277321
BIC = 4937.594686

count.K
41 25 63 21 

