logL = -2326.400813 (converged)
AIC = 6072.801625
BIC = 8210.352684

count.K
23 21 60 46 

