logL = -750.520068 (converged)
AIC = 6521.040135
BIC = 14077.734723

count.K
0 41 13 15 1 4 3 14 0 9 23 2 19 6 

