logL = -1247.730538 (converged)
AIC = 4427.461076
BIC = 7335.734770

count.K
23 36 2 37 18 34 

