logL = -745.245109 (converged)
AIC = 2614.490217
BIC = 4306.467252

count.K
24 19 61 46 

