logL = -829.995269 (converged)
AIC = 5079.990537
BIC = 10228.176890

count.K
26 1 8 3 13 19 21 32 19 8 

