0	tsk_0	(x)	1	:	0.368481	0.000000	0.000000	0.000000	0.000000	0.000000	0.000000	0.000000	0.000000	0.000000	0.631519	0.000000	0.000000	0.000000
1	tsk_1	(x)	1	:	0.000000	0.000000	0.000000	0.000000	0.000000	0.000000	0.000000	0.342051	0.099019	0.000000	0.500000	0.000000	0.000000	0.058930
2	tsk_2	(x)	1	:	0.366897	0.000000	0.000000	0.000000	0.000000	0.000000	0.000000	0.279782	0.056246	0.000000	0.133329	0.000000	0.000000	0.163745
3	tsk_3	(x)	1	:	0.000000	0.000000	0.000000	0.000000	0.000000	0.000000	0.000000	0.230844	0.175160	0.000000	0.500000	0.000000	0.000000	0.093996
4	tsk_4	(x)	1	:	1.000000	0.000000	0.000000	0.000000	0.000000	0.000000	0.000000	0.000000	0.000000	0.000000	0.000000	0.000000	0.000000	0.000000
5	tsk_5	(x)	1	:	0.513902	0.000000	0.000000	0.000000	0.000000	0.000000	0.000000	0.292452	0.073989	0.000000	0.000000	0.000000	0.000000	0.119657
6	tsk_6	(x)	1	:	0.366796	0.000000	0.000000	0.000000	0.000000	0.000000	0.515249	0.000000	0.000000	0.000000	0.117955	0.000000	0.000000	0.000000
7	tsk_7	(x)	1	:	0.366893	0.000000	0.000000	0.000000	0.000000	0.000000	0.000000	0.145231	0.041430	0.000000	0.133333	0.000000	0.000000	0.313112
8	tsk_8	(x)	1	:	0.000000	0.000000	0.000000	0.000000	0.000000	0.000000	0.000000	0.229588	0.155695	0.000000	0.500000	0.000000	0.000000	0.114717
9	tsk_9	(x)	1	:	0.000000	0.000000	0.051048	0.000000	0.000000	0.000000	0.409004	0.000000	0.000000	0.524009	0.015939	0.000000	0.000000	0.000000
10	tsk_10	(x)	1	:	0.000000	0.000000	0.000000	0.000000	0.000000	0.000000	0.000000	0.000000	0.000000	0.000000	1.000000	0.000000	0.000000	0.000000
11	tsk_11	(x)	1	:	0.000000	0.000000	0.000000	0.000000	0.000000	0.000000	0.000000	0.301488	0.190863	0.000000	0.000000	0.446409	0.000000	0.061240
12	tsk_12	(x)	1	:	0.000000	0.000000	0.000000	0.000000	0.000000	0.000000	0.000000	0.262171	0.087216	0.000000	0.500000	0.000000	0.000000	0.150613
13	tsk_13	(x)	1	:	0.000000	0.000000	0.000000	0.000000	0.000000	0.000000	0.000000	0.300265	0.076354	0.000000	0.000000	0.446406	0.000000	0.176975
14	tsk_14	(x)	1	:	0.000000	0.000000	0.000000	0.000000	0.000000	0.000000	0.000000	0.000000	0.000000	0.000000	0.000000	1.000000	0.000000	0.000000
15	tsk_15	(x)	1	:	0.000000	0.000000	0.000000	0.000000	0.000000	0.000000	0.000000	0.023144	0.002952	0.512888	0.001931	0.446520	0.000000	0.012565
16	tsk_16	(x)	1	:	0.000000	0.000000	0.000000	0.000000	0.000000	0.000000	0.000000	0.000000	0.000000	0.000000	0.500000	0.446416	0.000000	0.053583
17	tsk_17	(x)	1	:	0.000000	0.000000	0.000000	0.000000	0.000000	0.000000	0.000000	0.022914	0.004010	0.512451	0.002395	0.446536	0.000000	0.011694
18	tsk_18	(x)	1	:	0.000000	0.000000	0.000000	0.000000	0.000000	0.000000	0.000000	0.229348	0.175434	0.000000	0.000000	0.446406	0.000000	0.148811
19	tsk_19	(x)	1	:	0.000000	0.000000	0.000000	0.000000	0.000000	0.000000	0.000000	0.000000	0.000000	0.000000	0.000000	1.000000	0.000000	0.000000
20	tsk_20	(x)	1	:	0.000000	0.000000	0.000000	0.000000	0.000000	0.000000	0.000000	0.000000	0.000000	0.000000	1.000000	0.000000	0.000000	0.000000
21	tsk_21	(x)	1	:	0.000000	0.000000	0.239992	0.000000	0.000000	0.000000	0.230646	0.000000	0.000000	0.000000	0.529363	0.000000	0.000000	0.000000
22	tsk_22	(x)	1	:	0.000000	0.000000	0.000000	0.000000	0.000000	0.000000	0.000000	0.000000	0.000000	0.000000	1.000000	0.000000	0.000000	0.000000
23	tsk_23	(x)	1	:	0.000000	0.000000	0.000000	0.000000	0.000000	0.000000	0.000000	0.098571	0.215899	0.000000	0.500000	0.000000	0.000000	0.185529
24	tsk_24	(x)	1	:	0.000000	0.000000	0.000000	0.000000	0.000000	0.000000	0.000000	0.379096	0.409884	0.000000	0.000000	0.000000	0.000000	0.211020
25	tsk_25	(x)	1	:	0.000000	0.000000	0.000000	0.000000	0.000000	0.000000	0.000000	0.236730	0.036894	0.000000	0.500000	0.000000	0.000000	0.226376
26	tsk_26	(x)	1	:	0.000000	0.000000	0.000000	0.000000	1.000000	0.000000	0.000000	0.000000	0.000000	0.000000	0.000000	0.000000	0.000000	0.000000
27	tsk_27	(x)	1	:	0.000000	0.000000	0.000000	0.000000	0.000000	0.000000	0.000000	0.000000	0.000000	0.000000	1.000000	0.000000	0.000000	0.000000
28	tsk_28	(x)	1	:	0.000000	0.000000	0.000000	0.000000	0.000000	0.000000	0.000000	0.000000	0.000000	0.000000	1.000000	0.000000	0.000000	0.000000
29	tsk_29	(x)	1	:	0.000000	0.000000	0.000000	0.000000	0.000000	0.000000	0.000000	0.554337	0.250988	0.000000	0.000000	0.000000	0.000000	0.194675
30	tsk_30	(x)	1	:	0.000000	0.000000	0.000000	0.000000	0.000000	0.000000	0.000000	0.241236	0.144033	0.000000	0.500000	0.000000	0.000000	0.114731
31	tsk_31	(x)	1	:	0.000000	0.000000	0.500639	0.000000	0.000000	0.000000	0.000000	0.000000	0.000000	0.000000	0.499361	0.000000	0.000000	0.000000
32	tsk_32	(x)	1	:	0.000000	0.000000	0.000000	0.000000	0.000000	0.000000	0.000000	0.311166	0.062994	0.000000	0.500000	0.000000	0.000000	0.125839
33	tsk_33	(x)	1	:	0.000000	0.000000	0.000000	0.000000	0.000000	0.000000	0.000000	0.150021	0.125839	0.000000	0.500000	0.000000	0.000000	0.224140
34	tsk_34	(x)	1	:	0.000000	0.000000	0.500856	0.000000	0.000000	0.000000	0.000000	0.063947	0.373622	0.000000	0.000000	0.000000	0.000000	0.061574
35	tsk_35	(x)	1	:	0.000000	0.000000	0.500639	0.000000	0.000000	0.000000	0.000000	0.000000	0.000000	0.000000	0.499361	0.000000	0.000000	0.000000
36	tsk_36	(x)	1	:	0.000000	0.000000	0.000000	0.000000	0.000000	0.000000	0.000000	0.289042	0.038064	0.000000	0.500000	0.000000	0.000000	0.172894
37	tsk_37	(x)	1	:	0.000000	0.000000	0.500856	0.000000	0.000000	0.000000	0.000000	0.081422	0.361333	0.000000	0.000000	0.000000	0.000000	0.056388
38	tsk_38	(x)	1	:	0.000000	0.000000	0.000000	0.000000	0.000000	0.000000	0.000000	0.000000	0.000000	0.000000	1.000000	0.000000	0.000000	0.000000
39	tsk_39	(x)	1	:	0.000000	0.000000	0.000000	0.000000	0.000000	0.000000	0.000000	0.235328	0.620780	0.000000	0.000000	0.000000	0.000000	0.143892
40	tsk_40	(x)	1	:	0.000000	0.000000	0.000000	0.000000	0.000000	0.000000	0.000000	0.141262	0.256234	0.000000	0.000000	0.000000	0.499055	0.103449
41	tsk_41	(x)	1	:	0.000000	0.000000	0.500856	0.000000	0.000000	0.000000	0.000000	0.105102	0.357846	0.000000	0.000000	0.000000	0.000000	0.036195
42	tsk_42	(x)	1	:	0.000000	0.000000	0.500856	0.000000	0.000000	0.000000	0.000000	0.144907	0.321861	0.000000	0.000000	0.000000	0.000000	0.032376
43	tsk_43	(x)	1	:	0.366928	0.000000	0.000000	0.000000	0.000000	0.000000	0.000000	0.181224	0.108145	0.000000	0.133296	0.000000	0.000000	0.210408
44	tsk_44	(x)	1	:	0.000000	0.000000	0.528298	0.000000	0.000000	0.000000	0.000000	0.012650	0.448293	0.000000	0.000000	0.000000	0.000000	0.010759
45	tsk_45	(x)	1	:	0.000000	0.000000	0.000000	0.000000	0.000000	0.000000	0.000000	0.218580	0.681191	0.000000	0.000000	0.000000	0.000000	0.100229
46	tsk_46	(x)	1	:	0.000000	0.000000	0.152935	0.000000	0.000000	0.000000	0.000000	0.027877	0.392236	0.000000	0.000000	0.000000	0.309769	0.117184
47	tsk_47	(x)	1	:	0.000000	0.000000	0.000000	0.000000	0.000000	0.000000	0.000000	0.303653	0.501204	0.000000	0.000000	0.000000	0.000000	0.195143
48	tsk_48	(x)	1	:	0.000000	0.000000	0.500856	0.000000	0.000000	0.000000	0.000000	0.219615	0.250968	0.000000	0.000000	0.000000	0.000000	0.028561
49	tsk_49	(x)	1	:	0.000000	0.000000	0.000000	0.499892	0.000000	0.000000	0.000000	0.000000	0.000000	0.000000	0.500108	0.000000	0.000000	0.000000
50	tsk_50	(x)	1	:	0.000000	0.000000	0.000000	0.000000	0.000000	0.000000	0.000000	0.000000	0.000000	0.000000	1.000000	0.000000	0.000000	0.000000
51	tsk_51	(x)	1	:	0.000000	0.000000	0.000000	0.000000	0.000000	0.000000	0.000000	0.154762	0.043826	0.000000	0.500000	0.000000	0.000000	0.301412
52	tsk_52	(x)	1	:	0.000000	0.000000	0.239992	0.000000	0.000000	0.000000	0.230646	0.000000	0.000000	0.000000	0.529363	0.000000	0.000000	0.000000
53	tsk_53	(x)	1	:	0.000000	0.000000	0.000000	0.000000	0.000000	0.000000	0.000000	0.000000	0.000000	0.000000	1.000000	0.000000	0.000000	0.000000
54	tsk_54	(x)	1	:	0.000000	0.000000	0.000000	0.000000	0.000000	0.000000	0.000000	0.207921	0.073515	0.000000	0.500000	0.000000	0.000000	0.218564
55	tsk_55	(x)	1	:	0.000000	0.000000	0.000000	0.000000	0.000000	0.000000	0.000000	0.000000	0.000000	0.000000	1.000000	0.000000	0.000000	0.000000
56	tsk_56	(x)	1	:	0.000000	0.000000	0.000000	0.000000	0.000000	0.000000	0.000000	0.263854	0.072562	0.000000	0.500000	0.000000	0.000000	0.163584
57	tsk_57	(x)	1	:	0.000000	0.000000	0.000000	0.000000	0.000000	0.000000	0.000000	0.194883	0.027714	0.000000	0.500000	0.000000	0.000000	0.277402
58	tsk_58	(x)	1	:	0.000000	0.000000	0.000000	0.000000	0.000000	0.000000	0.000000	0.000000	0.000000	0.000000	1.000000	0.000000	0.000000	0.000000
59	tsk_59	(x)	1	:	0.000000	0.000000	0.500639	0.000000	0.000000	0.000000	0.000000	0.000000	0.000000	0.000000	0.499361	0.000000	0.000000	0.000000
60	tsk_60	(x)	1	:	0.000000	0.000000	0.000000	0.000000	0.000000	0.000000	0.000000	0.377552	0.512120	0.000000	0.000000	0.000000	0.000000	0.110328
61	tsk_61	(x)	1	:	0.367021	0.000000	0.161578	0.000000	0.000000	0.000000	0.000000	0.000000	0.000000	0.000000	0.160576	0.000000	0.310825	0.000000
62	tsk_62	(x)	1	:	0.000000	0.000000	0.000000	0.000000	0.000000	0.514204	0.485796	0.000000	0.000000	0.000000	0.000000	0.000000	0.000000	0.000000
63	tsk_63	(x)	1	:	0.000000	0.000000	0.000000	0.000000	0.000000	0.000000	0.495038	0.166352	0.287113	0.000000	0.000000	0.000000	0.000000	0.051496
64	tsk_64	(x)	1	:	0.000000	0.000000	0.000000	0.000000	0.000000	0.000000	0.495038	0.173335	0.272036	0.000000	0.000000	0.000000	0.000000	0.059592
65	tsk_65	(x)	1	:	0.000000	0.000000	0.500856	0.000000	0.000000	0.000000	0.000000	0.067533	0.378672	0.000000	0.000000	0.000000	0.000000	0.052939
66	tsk_66	(x)	1	:	0.000000	0.000000	0.516614	0.000000	0.000000	0.000000	0.483386	0.000000	0.000000	0.000000	0.000000	0.000000	0.000000	0.000000
67	tsk_67	(x)	1	:	0.000000	0.000000	1.000000	0.000000	0.000000	0.000000	0.000000	0.000000	0.000000	0.000000	0.000000	0.000000	0.000000	0.000000
68	tsk_68	(x)	1	:	0.000000	0.000000	0.000000	0.000000	0.000000	0.000000	0.000000	0.446037	0.404929	0.000000	0.000000	0.000000	0.000000	0.149034
69	tsk_69	(x)	1	:	0.000000	0.000000	0.500856	0.000000	0.000000	0.000000	0.000000	0.107384	0.375493	0.000000	0.000000	0.000000	0.000000	0.016266
70	tsk_70	(x)	1	:	0.000000	0.000000	0.000000	0.000000	0.000000	0.000000	0.000000	0.269195	0.578547	0.000000	0.000000	0.000000	0.000000	0.152258
71	tsk_71	(x)	1	:	0.000000	0.000000	0.000000	0.000000	0.000000	0.000000	0.000000	0.310119	0.617888	0.000000	0.000000	0.000000	0.000000	0.071993
72	tsk_72	(x)	1	:	0.000000	0.000000	0.000000	0.000000	0.000000	0.000000	0.000000	0.409290	0.468415	0.000000	0.000000	0.000000	0.000000	0.122295
73	tsk_73	(x)	1	:	0.000000	0.000000	0.000000	0.000000	0.000000	0.000000	0.000000	0.000000	0.000000	0.000000	0.500721	0.000000	0.499279	0.000000
74	tsk_74	(x)	1	:	0.000000	0.000000	0.480960	0.000000	0.000000	0.000000	0.000000	0.000906	0.004862	0.000000	0.000000	0.000000	0.000000	0.513272
75	tsk_75	(x)	1	:	0.000000	0.000000	0.000000	0.000000	0.000000	0.000000	0.000000	0.369556	0.000000	0.000000	0.000000	0.000000	0.499055	0.131388
76	tsk_76	(x)	1	:	0.000000	0.000000	0.000000	0.000000	0.000000	0.000000	0.000000	0.104254	0.376953	0.000000	0.000000	0.000000	0.499055	0.019738
77	tsk_77	(x)	1	:	0.000000	0.000000	0.485676	0.000000	0.000000	0.000000	0.000000	0.000000	0.000000	0.000000	0.514324	0.000000	0.000000	0.000000
78	tsk_78	(x)	1	:	0.000000	0.000000	0.000000	0.000000	0.000000	0.000000	0.000000	0.293115	0.516043	0.000000	0.000000	0.000000	0.000000	0.190842
79	tsk_79	(x)	1	:	0.000000	0.000000	0.000000	0.000000	0.000000	0.000000	0.000000	0.077461	0.355129	0.000000	0.000000	0.000000	0.524572	0.042837
80	tsk_80	(x)	1	:	0.000000	0.000000	0.000000	0.000000	0.000000	0.000000	0.490185	0.000000	0.000000	0.000000	0.000000	0.000000	0.509815	0.000000
81	tsk_81	(x)	1	:	0.000000	0.000000	0.000000	0.000000	0.000000	0.000000	0.000000	0.055902	0.420503	0.000000	0.000000	0.000000	0.499055	0.024539
82	tsk_82	(x)	1	:	0.000000	0.000000	0.000000	0.000000	0.000000	0.000000	0.532549	0.000000	0.000000	0.000000	0.467451	0.000000	0.000000	0.000000
83	tsk_83	(x)	1	:	0.000000	0.000000	0.000000	0.000000	0.000000	0.000000	0.000000	0.000000	0.000000	0.000000	0.000000	0.000000	1.000000	0.000000
84	tsk_84	(x)	1	:	0.000000	0.000000	0.000000	0.000000	0.000000	0.000000	0.519493	0.157205	0.210859	0.000000	0.000000	0.000000	0.000000	0.112443
85	tsk_85	(x)	1	:	0.000000	0.000000	0.000000	0.000000	0.000000	0.000000	0.514466	0.000000	0.000000	0.000000	0.485534	0.000000	0.000000	0.000000
86	tsk_86	(x)	1	:	0.000000	0.000000	0.000000	0.000000	0.000000	0.000000	0.545274	0.000000	0.000000	0.000000	0.000000	0.000000	0.454726	0.000000
87	tsk_87	(x)	1	:	0.000000	0.000000	0.000000	0.000000	0.000000	0.000000	0.495038	0.026339	0.451775	0.000000	0.000000	0.000000	0.000000	0.026848
88	tsk_88	(x)	1	:	0.000000	0.000000	0.000000	0.000000	0.000000	0.000000	0.000000	0.294110	0.500316	0.000000	0.000000	0.000000	0.000000	0.205574
89	tsk_89	(x)	1	:	0.000000	0.000000	0.000000	0.000000	0.000000	0.000000	1.000000	0.000000	0.000000	0.000000	0.000000	0.000000	0.000000	0.000000
90	tsk_90	(x)	1	:	0.000000	0.000000	0.000000	0.000000	0.000000	0.000000	0.000000	0.152946	0.165211	0.000000	0.500000	0.000000	0.000000	0.181843
91	tsk_91	(x)	1	:	0.000000	0.000000	0.528298	0.000000	0.000000	0.000000	0.000000	0.074564	0.355453	0.000000	0.000000	0.000000	0.000000	0.041684
92	tsk_92	(x)	1	:	0.513902	0.000000	0.000000	0.000000	0.000000	0.000000	0.000000	0.323351	0.092526	0.000000	0.000000	0.000000	0.000000	0.070221
93	tsk_93	(x)	1	:	0.000000	0.000000	0.000000	0.000000	0.000000	0.000000	0.000000	0.000000	0.354060	0.000000	0.500000	0.000000	0.000000	0.145940
94	tsk_94	(x)	1	:	0.000000	0.000000	0.500856	0.000000	0.000000	0.000000	0.000000	0.158586	0.278811	0.000000	0.000000	0.000000	0.000000	0.061746
95	tsk_95	(x)	1	:	0.513902	0.000000	0.000000	0.000000	0.000000	0.000000	0.000000	0.241560	0.053494	0.000000	0.000000	0.000000	0.000000	0.191044
96	tsk_96	(x)	1	:	0.000000	0.000000	0.000000	0.000000	0.000000	0.000000	0.000000	0.172758	0.112204	0.000000	0.500000	0.000000	0.000000	0.215038
97	tsk_97	(x)	1	:	0.000000	0.000000	0.000000	0.000000	0.000000	0.000000	0.000000	0.190652	0.221915	0.000000	0.500000	0.000000	0.000000	0.087433
98	tsk_98	(x)	1	:	0.000000	0.000000	0.500856	0.000000	0.000000	0.000000	0.000000	0.102648	0.318580	0.000000	0.000000	0.000000	0.000000	0.077916
99	tsk_99	(x)	1	:	0.513902	0.000000	0.000000	0.000000	0.000000	0.000000	0.000000	0.201834	0.193426	0.000000	0.000000	0.000000	0.000000	0.090837
100	tsk_100	(x)	1	:	0.000000	0.000000	0.000000	0.000000	0.000000	0.000000	0.000000	0.099920	0.012828	0.000000	0.500000	0.318080	0.000000	0.069173
101	tsk_101	(x)	1	:	0.000000	0.000000	0.000000	0.000000	0.000000	0.000000	0.000000	0.000000	0.000000	0.000000	1.000000	0.000000	0.000000	0.000000
102	tsk_102	(x)	1	:	0.000000	0.000000	0.000000	0.000000	0.000000	0.000000	0.000000	0.000000	0.000000	0.000000	1.000000	0.000000	0.000000	0.000000
103	tsk_103	(x)	1	:	0.000000	0.000000	0.000000	0.000000	0.000000	0.000000	0.000000	0.447131	0.512794	0.000000	0.000000	0.000000	0.000000	0.040075
104	tsk_104	(x)	1	:	0.000000	0.000000	0.000000	0.000000	0.000000	0.000000	0.000000	0.042368	0.000000	0.000000	0.500000	0.446416	0.000000	0.011215
105	tsk_105	(x)	1	:	0.000000	0.000000	0.000000	0.000000	0.000000	0.000000	0.000000	0.000000	0.000000	0.000000	0.482200	0.517800	0.000000	0.000000
106	tsk_106	(x)	1	:	0.000000	0.000000	0.000000	0.000000	0.000000	0.000000	0.496107	0.000000	0.000000	0.000000	0.503893	0.000000	0.000000	0.000000
107	tsk_107	(x)	1	:	0.000000	0.000000	0.000000	0.000000	0.000000	0.000000	0.000000	0.180587	0.051579	0.000000	0.500000	0.000000	0.000000	0.267834
108	tsk_108	(x)	1	:	0.000000	0.000000	0.000000	0.000000	0.000000	0.000000	0.000000	0.228667	0.145954	0.000000	0.500000	0.000000	0.000000	0.125379
109	tsk_109	(x)	1	:	0.000000	0.000000	0.000000	0.000000	0.000000	0.000000	0.000000	0.075526	0.019468	0.000000	0.500000	0.318080	0.000000	0.086925
110	tsk_110	(x)	1	:	0.000000	0.000000	0.500856	0.000000	0.000000	0.000000	0.000000	0.027983	0.420446	0.000000	0.000000	0.000000	0.000000	0.050714
111	tsk_111	(x)	1	:	0.000000	0.000000	0.000000	0.000000	0.000000	0.000000	0.000000	0.000000	0.000000	0.000000	1.000000	0.000000	0.000000	0.000000
112	tsk_112	(x)	1	:	0.000000	0.000000	0.000000	0.000000	0.000000	0.000000	0.000000	0.237053	0.065902	0.000000	0.500000	0.000000	0.000000	0.197045
113	tsk_113	(x)	1	:	0.000000	0.000000	0.000000	0.000000	0.000000	0.000000	1.000000	0.000000	0.000000	0.000000	0.000000	0.000000	0.000000	0.000000
114	tsk_114	(x)	1	:	0.000000	0.000000	0.000000	0.000000	0.000000	0.000000	0.000000	0.298219	0.073925	0.000000	0.500000	0.000000	0.000000	0.127856
115	tsk_115	(x)	1	:	0.000000	0.000000	0.500639	0.000000	0.000000	0.000000	0.000000	0.000000	0.000000	0.000000	0.499361	0.000000	0.000000	0.000000
116	tsk_116	(x)	1	:	0.000000	0.000000	0.000000	0.000000	0.000000	0.000000	0.496107	0.000000	0.000000	0.000000	0.503893	0.000000	0.000000	0.000000
117	tsk_117	(x)	1	:	0.000000	0.000000	0.000000	0.000000	0.000000	0.000000	0.000000	0.298620	0.093467	0.000000	0.500000	0.000000	0.000000	0.107914
118	tsk_118	(x)	1	:	0.000000	0.000000	0.000000	0.000000	0.000000	0.486087	0.000000	0.465483	0.001524	0.000000	0.000000	0.000000	0.000000	0.046906
119	tsk_119	(x)	1	:	0.000000	0.000000	0.000000	0.000000	0.000000	0.000000	0.000000	0.210448	0.131156	0.000000	0.500000	0.000000	0.000000	0.158396
120	tsk_120	(x)	1	:	0.000000	0.000000	0.000000	0.000000	0.000000	0.000000	0.000000	0.319500	0.593814	0.000000	0.000000	0.000000	0.000000	0.086686
121	tsk_121	(x)	1	:	0.000000	0.000000	0.000000	0.000000	0.000000	0.000000	0.000000	0.265079	0.641017	0.000000	0.000000	0.000000	0.000000	0.093904
122	tsk_122	(x)	1	:	0.000000	0.000000	0.000000	0.000000	0.000000	0.000000	0.000000	0.235304	0.096119	0.000000	0.500000	0.000000	0.000000	0.168577
123	tsk_123	(x)	1	:	0.000000	0.000000	0.000000	0.000000	0.000000	0.000000	0.000000	0.220950	0.721211	0.000000	0.000000	0.000000	0.000000	0.057838
124	tsk_124	(x)	1	:	0.000000	0.000000	0.000000	0.000000	0.000000	0.000000	0.000000	0.338482	0.522401	0.000000	0.000000	0.000000	0.000000	0.139117
125	tsk_125	(x)	1	:	0.000000	0.000000	0.000000	0.000000	0.000000	0.000000	0.000000	0.440068	0.427626	0.000000	0.000000	0.000000	0.000000	0.132306
126	tsk_126	(x)	1	:	0.000000	0.000000	0.000000	0.000000	0.000000	0.000000	0.000000	0.303060	0.534451	0.000000	0.000000	0.000000	0.000000	0.162489
127	tsk_127	(x)	1	:	0.000000	0.000000	0.149374	0.000000	0.000000	0.000000	0.000000	0.147189	0.273047	0.000000	0.000000	0.000000	0.313439	0.116951
128	tsk_128	(x)	1	:	0.000000	0.000000	0.000000	0.000000	0.000000	0.000000	0.000000	0.000000	0.000000	0.000000	1.000000	0.000000	0.000000	0.000000
129	tsk_129	(x)	1	:	0.000000	0.000000	0.000000	0.000000	0.000000	0.000000	0.000000	0.378208	0.507864	0.000000	0.000000	0.000000	0.000000	0.113929
130	tsk_130	(x)	1	:	0.000000	0.000000	0.000000	0.000000	0.000000	0.000000	0.000000	0.422881	0.431459	0.000000	0.000000	0.000000	0.000000	0.145660
131	tsk_131	(x)	1	:	0.000000	0.000000	0.000000	0.000000	0.000000	0.000000	0.000000	0.315523	0.144389	0.000000	0.000000	0.446401	0.000000	0.093687
132	tsk_132	(x)	1	:	0.000000	0.000000	0.000000	0.000000	0.000000	0.000000	0.000000	0.504650	0.293590	0.000000	0.000000	0.000000	0.000000	0.201760
133	tsk_133	(x)	1	:	0.000000	0.376228	0.000000	0.000000	0.000000	0.000000	0.000000	0.132332	0.095735	0.000000	0.123879	0.000000	0.000000	0.271826
134	tsk_134	(x)	1	:	0.000000	0.000000	0.000000	0.000000	0.000000	0.000000	0.000000	0.202255	0.615965	0.000000	0.000000	0.000000	0.000000	0.181780
135	tsk_135	(x)	1	:	0.000000	0.000000	0.000000	0.000000	0.000000	0.000000	0.000000	0.565581	0.287996	0.000000	0.000000	0.000000	0.000000	0.146423
136	tsk_136	(x)	1	:	0.000000	1.000000	0.000000	0.000000	0.000000	0.000000	0.000000	0.000000	0.000000	0.000000	0.000000	0.000000	0.000000	0.000000
137	tsk_137	(x)	1	:	0.366913	0.000000	0.000000	0.000000	0.000000	0.000000	0.000000	0.188121	0.054099	0.000000	0.133312	0.000000	0.000000	0.257555
138	tsk_138	(x)	1	:	0.000000	0.000000	0.528298	0.000000	0.000000	0.000000	0.000000	0.060792	0.362062	0.000000	0.000000	0.000000	0.000000	0.048848
139	tsk_139	(x)	1	:	0.000000	0.377519	0.000000	0.000000	0.000000	0.000000	0.000000	0.179827	0.085891	0.000000	0.122471	0.000000	0.000000	0.234292
140	tsk_140	(x)	1	:	0.000771	0.297289	0.158049	0.000000	0.000000	0.000000	0.000000	0.000000	0.000000	0.000000	0.229329	0.000000	0.314563	0.000000
141	tsk_141	(x)	1	:	0.000000	0.619714	0.000000	0.000000	0.000000	0.000000	0.000000	0.000000	0.000000	0.000000	0.380286	0.000000	0.000000	0.000000
142	tsk_142	(x)	1	:	0.000000	0.000000	0.056059	0.000000	0.000000	0.000000	0.409386	0.164252	0.329872	0.000000	0.000000	0.000000	0.000000	0.040431
143	tsk_143	(x)	1	:	0.000000	0.000000	0.000000	0.000000	0.000000	0.000000	0.000000	0.222966	0.033281	0.000000	0.500000	0.000000	0.000000	0.243753
144	tsk_144	(x)	1	:	0.000000	0.000000	0.000000	0.000000	0.000000	0.000000	0.000000	0.000000	0.000000	0.000000	0.500721	0.000000	0.499279	0.000000
145	tsk_145	(x)	1	:	0.000000	0.000000	0.246605	0.000000	0.000000	0.000000	0.426630	0.000000	0.000000	0.000000	0.000000	0.000000	0.326765	0.000000
146	tsk_146	(x)	1	:	0.000000	0.000000	0.000000	0.000000	0.000000	0.000000	0.000000	0.000000	0.000000	0.000000	0.504566	0.495434	0.000000	0.000000
147	tsk_147	(x)	1	:	0.000000	0.000000	0.000000	0.000000	0.000000	0.000000	0.000000	0.188324	0.178763	0.000000	0.500000	0.000000	0.000000	0.132913
148	tsk_148	(x)	1	:	0.000000	0.000000	0.000000	0.000000	0.000000	0.000000	0.000000	0.112156	0.276242	0.000000	0.000000	0.000000	0.499055	0.112547
149	tsk_149	(x)	1	:	0.000000	0.298346	0.000000	0.000000	0.000000	0.000000	0.000000	0.000000	0.000000	0.000000	0.701654	0.000000	0.000000	0.000000
