logL = -412.939521 (converged)
AIC = 5231.879041
BIC = 11864.308594

count.K
34 0 0 7 35 5 1 1 42 9 7 7 2 

