logL = -637.143611 (converged)
AIC = 2342.287223
BIC = 3949.966470

count.K
4 80 20 46 

