logL = -988.428756 (converged)
AIC = 5680.857512
BIC = 11256.554077

count.K
14 10 9 2 20 47 10 19 13 6 0 

