logL = -1902.087869 (converged)
AIC = 4232.175738
BIC = 4876.451691

count.K
71 79 

