logL = -2893.199323 (converged)
AIC = 6310.398646
BIC = 7099.185093

count.K
38 112 

