logL = -839.162491 (converged)
AIC = 6808.324982
BIC = 14530.604511

count.K
3 23 7 4 12 3 19 12 0 9 0 13 19 7 19 

