logL = -5162.218621 (converged)
AIC = 15084.437241
BIC = 22249.749241

count.K
11 24 36 21 0 0 22 9 1 7 19 

