logL = -894.335566 (converged)
AIC = 5952.671131
BIC = 12220.813814

count.K
6 39 23 13 13 0 11 11 2 3 16 13 

