logL = -1015.347379 (converged)
AIC = 5570.694758
BIC = 10899.519229

count.K
12 3 12 13 22 0 18 44 17 9 

