logL = -980.041653 (converged)
AIC = 4556.083306
BIC = 8463.887917

count.K
22 31 21 22 9 0 22 23 

