0	tsk_0	(x)	1	:	0.000000	0.274427	0.000000	0.000000	0.000000	0.218804	0.000000	0.000000	0.000000	0.000000	0.506769
1	tsk_1	(x)	1	:	0.000000	0.124782	0.000000	0.000000	0.000000	0.276462	0.000000	0.000000	0.000000	0.311972	0.286785
2	tsk_2	(x)	1	:	0.000000	0.136226	0.000000	0.000000	0.425916	0.063364	0.000000	0.000000	0.000000	0.311871	0.062624
3	tsk_3	(x)	1	:	0.000000	0.382738	0.000000	0.000000	0.000000	0.273853	0.000000	0.000000	0.000000	0.000000	0.343410
4	tsk_4	(x)	1	:	0.000000	0.263469	0.000000	0.000000	0.000000	0.153682	0.000000	0.000000	0.000000	0.311971	0.270878
5	tsk_5	(x)	1	:	0.000000	0.393522	0.000000	0.000000	0.000000	0.357665	0.000000	0.000000	0.000000	0.000000	0.248813
6	tsk_6	(x)	1	:	0.000000	0.282914	0.000000	0.000000	0.000000	0.256816	0.000000	0.000000	0.000000	0.311972	0.148298
7	tsk_7	(x)	1	:	0.000000	0.033781	0.000000	0.000000	0.425915	0.096600	0.000000	0.000000	0.000000	0.311870	0.131833
8	tsk_8	(x)	1	:	0.000000	0.304156	0.000000	0.000000	0.000000	0.179324	0.000000	0.000000	0.000000	0.311972	0.204548
9	tsk_9	(x)	1	:	0.000000	0.124446	0.000000	0.000000	0.425917	0.059317	0.000000	0.000000	0.000000	0.311871	0.078449
10	tsk_10	(x)	1	:	0.000000	0.313479	0.000000	0.000000	0.000000	0.342288	0.000000	0.000000	0.000000	0.000000	0.344233
11	tsk_11	(x)	1	:	0.000000	0.200768	0.000000	0.000000	0.372856	0.152201	0.000000	0.000000	0.000000	0.000000	0.274175
12	tsk_12	(x)	1	:	0.000000	0.504247	0.000000	0.000000	0.000000	0.319587	0.000000	0.000000	0.000000	0.000000	0.176166
13	tsk_13	(x)	1	:	0.000000	0.361149	0.000000	0.000000	0.000000	0.334095	0.000000	0.000000	0.000000	0.000000	0.304756
14	tsk_14	(x)	1	:	0.000000	0.284639	0.000000	0.000000	0.000000	0.403829	0.000000	0.000000	0.000000	0.000000	0.311532
15	tsk_15	(x)	1	:	0.000000	0.410195	0.000000	0.000000	0.000000	0.288918	0.000000	0.000000	0.000000	0.000000	0.300887
16	tsk_16	(x)	1	:	0.000000	0.301728	0.000000	0.000000	0.372856	0.144998	0.000000	0.000000	0.000000	0.000000	0.180418
17	tsk_17	(x)	1	:	0.000000	0.507628	0.000000	0.000000	0.000000	0.071283	0.000000	0.000000	0.000000	0.000000	0.421089
18	tsk_18	(x)	1	:	0.000000	0.451924	0.000000	0.000000	0.000000	0.150245	0.000000	0.000000	0.000000	0.000000	0.397831
19	tsk_19	(x)	1	:	0.000000	0.477985	0.000000	0.000000	0.000000	0.236509	0.000000	0.000000	0.000000	0.000000	0.285506
20	tsk_20	(x)	1	:	0.000000	0.321942	0.000000	0.000000	0.000000	0.350469	0.000000	0.000000	0.000000	0.000000	0.327589
21	tsk_21	(x)	1	:	0.000000	0.191347	0.000000	0.000000	0.000000	0.150417	0.000000	0.000000	0.000000	0.573995	0.084241
22	tsk_22	(x)	1	:	0.000000	0.450653	0.000000	0.000000	0.000000	0.331607	0.000000	0.000000	0.000000	0.000000	0.217739
23	tsk_23	(x)	1	:	0.000000	0.000000	0.000000	0.000000	0.000000	0.000000	0.000000	0.000000	0.000000	1.000000	0.000000
24	tsk_24	(x)	1	:	0.000000	0.201408	0.000000	0.000000	0.000000	0.151551	0.000000	0.553738	0.000000	0.000000	0.093303
25	tsk_25	(x)	1	:	0.000000	0.373936	0.000000	0.000000	0.000000	0.393771	0.000000	0.000000	0.000000	0.000000	0.232294
26	tsk_26	(x)	1	:	0.000000	0.000000	0.000000	0.000000	0.000000	0.000000	0.000000	0.000000	0.000000	1.000000	0.000000
27	tsk_27	(x)	1	:	0.000000	0.112718	0.000000	0.000000	0.000000	0.227568	0.000000	0.000000	0.000000	0.573995	0.085719
28	tsk_28	(x)	1	:	0.000000	0.384253	0.000000	0.000000	0.000000	0.189544	0.000000	0.000000	0.000000	0.000000	0.426202
29	tsk_29	(x)	1	:	0.000000	0.444220	0.000000	0.000000	0.000000	0.322690	0.000000	0.000000	0.000000	0.000000	0.233090
30	tsk_30	(x)	1	:	0.000000	0.000000	0.478359	0.000000	0.000000	0.000000	0.000000	0.000000	0.521641	0.000000	0.000000
31	tsk_31	(x)	1	:	0.000000	0.000000	1.000000	0.000000	0.000000	0.000000	0.000000	0.000000	0.000000	0.000000	0.000000
32	tsk_32	(x)	1	:	0.000000	0.000000	0.000000	0.000000	0.000000	0.000000	0.000000	1.000000	0.000000	0.000000	0.000000
33	tsk_33	(x)	1	:	0.000000	0.000000	0.000000	0.000000	0.571389	0.000000	0.000000	0.428611	0.000000	0.000000	0.000000
34	tsk_34	(x)	1	:	0.000000	0.000000	1.000000	0.000000	0.000000	0.000000	0.000000	0.000000	0.000000	0.000000	0.000000
35	tsk_35	(x)	1	:	0.000000	0.198088	0.000000	0.000000	0.000000	0.233293	0.000000	0.467683	0.000000	0.000000	0.100937
36	tsk_36	(x)	1	:	0.000000	0.000000	0.000000	0.000000	0.496342	0.000000	0.000000	0.000000	0.503658	0.000000	0.000000
37	tsk_37	(x)	1	:	0.000000	0.000000	0.501423	0.000000	0.498577	0.000000	0.000000	0.000000	0.000000	0.000000	0.000000
38	tsk_38	(x)	1	:	0.000000	0.000000	0.000000	0.000000	0.496342	0.000000	0.000000	0.000000	0.503658	0.000000	0.000000
39	tsk_39	(x)	1	:	0.000000	0.120959	0.000000	0.000000	0.000000	0.114942	0.000000	0.610707	0.000000	0.000000	0.153391
40	tsk_40	(x)	1	:	0.000000	0.462566	0.000000	0.000000	0.000000	0.195402	0.000000	0.000000	0.000000	0.000000	0.342032
41	tsk_41	(x)	1	:	0.000000	0.212957	0.000000	0.000000	0.000000	0.179043	0.000000	0.467683	0.000000	0.000000	0.140317
42	tsk_42	(x)	1	:	0.000000	0.407394	0.000000	0.000000	0.000000	0.366340	0.000000	0.000000	0.000000	0.000000	0.226266
43	tsk_43	(x)	1	:	0.000000	0.000000	0.000000	0.000000	0.000000	0.000000	0.000000	1.000000	0.000000	0.000000	0.000000
44	tsk_44	(x)	1	:	0.000000	0.151433	0.000000	0.000000	0.000000	0.209869	0.000000	0.467683	0.000000	0.000000	0.171016
45	tsk_45	(x)	1	:	0.000000	0.211485	0.000000	0.000000	0.000000	0.176397	0.000000	0.467683	0.000000	0.000000	0.144436
46	tsk_46	(x)	1	:	0.000000	0.000000	0.000000	0.000000	0.000000	0.000000	0.000000	0.000000	0.000000	1.000000	0.000000
47	tsk_47	(x)	1	:	0.000000	0.179090	0.000000	0.000000	0.000000	0.150923	0.000000	0.000000	0.000000	0.573995	0.095991
48	tsk_48	(x)	1	:	0.000000	0.000000	0.000000	0.000000	0.000000	0.000000	0.000000	1.000000	0.000000	0.000000	0.000000
49	tsk_49	(x)	1	:	0.000000	0.208207	0.000000	0.000000	0.000000	0.219336	0.000000	0.467683	0.000000	0.000000	0.104774
50	tsk_50	(x)	1	:	0.000000	0.364983	0.000000	0.000000	0.000000	0.199722	0.000000	0.000000	0.000000	0.000000	0.435295
51	tsk_51	(x)	1	:	0.000000	0.000000	0.496223	0.000000	0.000000	0.000000	0.000000	0.000000	0.000000	0.503776	0.000000
52	tsk_52	(x)	1	:	0.000000	0.000000	0.000000	0.000000	0.000000	0.000000	0.000000	1.000000	0.000000	0.000000	0.000000
53	tsk_53	(x)	1	:	0.000000	0.193148	0.000000	0.000000	0.000000	0.239271	0.000000	0.467683	0.000000	0.000000	0.099898
54	tsk_54	(x)	1	:	0.000000	0.004290	0.000000	0.000000	0.416979	0.004950	0.000000	0.000000	0.000000	0.568848	0.004932
55	tsk_55	(x)	1	:	0.000000	0.665398	0.000000	0.000000	0.000000	0.239711	0.000000	0.000000	0.000000	0.000000	0.094891
56	tsk_56	(x)	1	:	0.000000	0.047437	0.000000	0.000000	0.425535	0.035618	0.000000	0.467519	0.000000	0.000000	0.023891
57	tsk_57	(x)	1	:	0.000000	0.125005	0.000000	0.000000	0.000000	0.268196	0.000000	0.467683	0.000000	0.000000	0.139116
58	tsk_58	(x)	1	:	0.000000	0.000000	0.000000	1.000000	0.000000	0.000000	0.000000	0.000000	0.000000	0.000000	0.000000
59	tsk_59	(x)	1	:	0.000000	0.000000	0.496223	0.000000	0.000000	0.000000	0.000000	0.000000	0.000000	0.503776	0.000000
60	tsk_60	(x)	1	:	0.000000	0.038748	0.000000	0.000000	0.000000	0.020834	0.000000	0.610700	0.000000	0.311956	0.017763
61	tsk_61	(x)	1	:	0.000000	0.000000	0.000000	0.000000	0.000000	0.000000	0.000000	1.000000	0.000000	0.000000	0.000000
62	tsk_62	(x)	1	:	0.000000	0.111244	0.000000	0.000000	0.000000	0.096880	0.000000	0.000000	0.000000	0.726735	0.065141
63	tsk_63	(x)	1	:	0.000000	0.087616	0.000000	0.000000	0.000000	0.153299	0.000000	0.000000	0.000000	0.726735	0.032350
64	tsk_64	(x)	1	:	0.500171	0.000000	0.000000	0.000000	0.000000	0.000000	0.000000	0.000000	0.499829	0.000000	0.000000
65	tsk_65	(x)	1	:	0.500171	0.000000	0.000000	0.000000	0.000000	0.000000	0.000000	0.000000	0.499829	0.000000	0.000000
66	tsk_66	(x)	1	:	0.000000	0.073418	0.000000	0.000000	0.424705	0.000000	0.000000	0.000000	0.501877	0.000000	0.000000
67	tsk_67	(x)	1	:	0.000000	0.188425	0.000000	0.000000	0.000000	0.177685	0.000000	0.553738	0.000000	0.000000	0.080152
68	tsk_68	(x)	1	:	0.000000	0.217175	0.000000	0.000000	0.000000	0.073508	0.000000	0.553738	0.000000	0.000000	0.155579
69	tsk_69	(x)	1	:	0.000000	0.044382	0.000000	0.000000	0.000000	0.060021	0.000000	0.553733	0.000000	0.311963	0.029902
70	tsk_70	(x)	1	:	0.000000	0.628648	0.000000	0.000000	0.000000	0.175739	0.000000	0.000000	0.000000	0.000000	0.195613
71	tsk_71	(x)	1	:	0.000000	0.208791	0.000000	0.000000	0.000000	0.144121	0.000000	0.000000	0.000000	0.573995	0.073092
72	tsk_72	(x)	1	:	0.000000	0.273549	0.000000	0.000000	0.000000	0.459404	0.000000	0.000000	0.000000	0.000000	0.267047
73	tsk_73	(x)	1	:	0.000000	0.415940	0.000000	0.000000	0.000000	0.271653	0.000000	0.000000	0.000000	0.000000	0.312407
74	tsk_74	(x)	1	:	0.000000	0.067085	0.000000	0.000000	0.000000	0.115898	0.000000	0.000000	0.000000	0.726735	0.090282
75	tsk_75	(x)	1	:	0.000000	0.075109	0.000000	0.000000	0.000000	0.093360	0.000000	0.000000	0.000000	0.726735	0.104797
76	tsk_76	(x)	1	:	0.000000	0.005481	0.000000	0.000000	0.417042	0.003439	0.000000	0.000000	0.000000	0.568884	0.005154
77	tsk_77	(x)	1	:	0.000000	0.121186	0.000000	0.000000	0.426051	0.281329	0.000000	0.000000	0.000000	0.000000	0.171434
78	tsk_78	(x)	1	:	0.500171	0.000000	0.000000	0.000000	0.000000	0.000000	0.000000	0.000000	0.499829	0.000000	0.000000
79	tsk_79	(x)	1	:	0.000000	0.000000	0.000000	0.000000	0.000000	0.000000	0.500612	0.000000	0.499388	0.000000	0.000000
80	tsk_80	(x)	1	:	0.000000	0.162526	0.000000	0.000000	0.000000	0.182237	0.000000	0.000000	0.000000	0.573995	0.081242
81	tsk_81	(x)	1	:	0.000000	0.405549	0.000000	0.000000	0.000000	0.231747	0.000000	0.000000	0.000000	0.000000	0.362704
82	tsk_82	(x)	1	:	0.000000	0.551194	0.000000	0.000000	0.000000	0.315954	0.000000	0.000000	0.000000	0.000000	0.132852
83	tsk_83	(x)	1	:	0.000000	0.509631	0.000000	0.000000	0.000000	0.321193	0.000000	0.000000	0.000000	0.000000	0.169175
84	tsk_84	(x)	1	:	0.000000	0.174954	0.000000	0.000000	0.000000	0.150311	0.000000	0.000000	0.501917	0.000000	0.172817
85	tsk_85	(x)	1	:	0.000000	0.170490	0.000000	0.000000	0.000000	0.133173	0.000000	0.553738	0.000000	0.000000	0.142599
86	tsk_86	(x)	1	:	0.000000	0.553424	0.000000	0.000000	0.000000	0.215684	0.000000	0.000000	0.000000	0.000000	0.230891
87	tsk_87	(x)	1	:	0.000000	0.354993	0.000000	0.000000	0.000000	0.318662	0.000000	0.000000	0.000000	0.000000	0.326346
88	tsk_88	(x)	1	:	0.000000	0.485483	0.000000	0.000000	0.000000	0.390275	0.000000	0.000000	0.000000	0.000000	0.124242
89	tsk_89	(x)	1	:	0.000000	0.315463	0.000000	0.000000	0.000000	0.492578	0.000000	0.000000	0.000000	0.000000	0.191960
90	tsk_90	(x)	1	:	0.000000	0.252313	0.000000	0.000000	0.000000	0.353304	0.000000	0.000000	0.000000	0.000000	0.394383
91	tsk_91	(x)	1	:	0.000000	0.525301	0.000000	0.000000	0.000000	0.181486	0.000000	0.000000	0.000000	0.000000	0.293213
92	tsk_92	(x)	1	:	0.000000	0.392081	0.000000	0.000000	0.000000	0.315172	0.000000	0.000000	0.000000	0.000000	0.292747
93	tsk_93	(x)	1	:	0.000000	0.145593	0.000000	0.000000	0.372857	0.217362	0.000000	0.000000	0.000000	0.000000	0.264188
94	tsk_94	(x)	1	:	0.000000	0.022632	0.000000	0.000000	0.371777	0.018782	0.000000	0.000000	0.000000	0.573203	0.013606
95	tsk_95	(x)	1	:	0.000000	0.180480	0.000000	0.000000	0.372856	0.217667	0.000000	0.000000	0.000000	0.000000	0.228996
96	tsk_96	(x)	1	:	0.000000	0.123097	0.000000	0.000000	0.000000	0.130240	0.000000	0.000000	0.000000	0.573995	0.172667
97	tsk_97	(x)	1	:	0.000000	0.379738	0.000000	0.000000	0.000000	0.304701	0.000000	0.000000	0.000000	0.000000	0.315561
98	tsk_98	(x)	1	:	0.000000	0.294274	0.000000	0.000000	0.372857	0.147067	0.000000	0.000000	0.000000	0.000000	0.185803
99	tsk_99	(x)	1	:	0.000000	0.184151	0.499640	0.000013	0.000000	0.137401	0.000000	0.000000	0.000000	0.000000	0.178796
100	tsk_100	(x)	1	:	0.000000	0.632160	0.000000	0.000000	0.000000	0.194936	0.000000	0.000000	0.000000	0.000000	0.172904
101	tsk_101	(x)	1	:	0.000000	0.000000	0.000000	0.000000	0.000000	0.000000	0.000000	0.453424	0.000000	0.546576	0.000000
102	tsk_102	(x)	1	:	0.000000	0.000000	0.000000	0.000000	0.571389	0.000000	0.000000	0.428611	0.000000	0.000000	0.000000
103	tsk_103	(x)	1	:	0.000000	0.503496	0.000000	0.000000	0.000000	0.210105	0.000000	0.000000	0.000000	0.000000	0.286398
104	tsk_104	(x)	1	:	0.000000	0.505399	0.200019	0.000000	0.000000	0.015002	0.000000	0.000000	0.279580	0.000000	0.000000
105	tsk_105	(x)	1	:	0.000000	0.351039	0.000000	0.000000	0.000000	0.358690	0.000000	0.000000	0.000000	0.000000	0.290271
106	tsk_106	(x)	1	:	0.000000	0.379729	0.000000	0.000000	0.000000	0.341006	0.000000	0.000000	0.000000	0.000000	0.279265
107	tsk_107	(x)	1	:	0.000000	0.128912	0.000000	0.000000	0.000000	0.211436	0.000000	0.000000	0.000000	0.573995	0.085656
108	tsk_108	(x)	1	:	0.000000	0.032677	0.499640	0.000000	0.000000	0.000000	0.000000	0.467683	0.000000	0.000000	0.000000
109	tsk_109	(x)	1	:	0.000000	0.259535	0.000000	0.000000	0.000000	0.143921	0.000000	0.467683	0.000000	0.000000	0.128862
110	tsk_110	(x)	1	:	0.000000	0.000000	1.000000	0.000000	0.000000	0.000000	0.000000	0.000000	0.000000	0.000000	0.000000
111	tsk_111	(x)	1	:	0.000000	0.000000	0.000000	0.000000	0.000000	0.000000	0.000000	0.513410	0.000000	0.486590	0.000000
112	tsk_112	(x)	1	:	0.000000	0.000000	0.496223	0.000000	0.000000	0.000000	0.000000	0.000000	0.000000	0.503776	0.000000
113	tsk_113	(x)	1	:	0.000000	0.001002	0.000000	0.000000	0.992506	0.003952	0.000002	0.000000	0.000000	0.000000	0.002537
114	tsk_114	(x)	1	:	0.000000	0.000000	0.503561	0.000000	0.000000	0.000000	0.000000	0.000000	0.000000	0.496439	0.000000
115	tsk_115	(x)	1	:	0.000000	0.000000	1.000000	0.000000	0.000000	0.000000	0.000000	0.000000	0.000000	0.000000	0.000000
116	tsk_116	(x)	1	:	0.000000	0.006143	0.000000	0.000000	0.416878	0.004591	0.000000	0.000000	0.000000	0.568792	0.003597
117	tsk_117	(x)	1	:	0.000000	0.000000	0.501423	0.000000	0.498577	0.000000	0.000000	0.000000	0.000000	0.000000	0.000000
118	tsk_118	(x)	1	:	0.000000	0.000000	0.496223	0.000000	0.000000	0.000000	0.000000	0.000000	0.000000	0.503776	0.000000
119	tsk_119	(x)	1	:	0.000000	0.003868	0.000000	0.000000	0.416946	0.004512	0.000000	0.000000	0.000000	0.568830	0.005845
120	tsk_120	(x)	1	:	0.000000	0.395508	0.000000	0.000000	0.000000	0.365095	0.000000	0.000000	0.000000	0.000000	0.239396
121	tsk_121	(x)	1	:	0.000000	0.455809	0.000000	0.000000	0.000000	0.285381	0.000000	0.000000	0.000000	0.000000	0.258810
122	tsk_122	(x)	1	:	0.000000	0.273967	0.000000	0.000000	0.000000	0.258768	0.000000	0.000000	0.000000	0.000000	0.467265
123	tsk_123	(x)	1	:	0.500171	0.000000	0.000000	0.000000	0.000000	0.000000	0.000000	0.000000	0.499829	0.000000	0.000000
124	tsk_124	(x)	1	:	0.000000	0.000000	0.503323	0.000000	0.496677	0.000000	0.000000	0.000000	0.000000	0.000000	0.000000
125	tsk_125	(x)	1	:	0.000000	0.442349	0.000000	0.000000	0.000000	0.322338	0.000000	0.000000	0.000000	0.000000	0.235314
126	tsk_126	(x)	1	:	0.000000	0.363007	0.000000	0.000000	0.000000	0.369265	0.000000	0.000000	0.000000	0.000000	0.267728
127	tsk_127	(x)	1	:	0.000000	0.175206	0.000000	0.000000	0.000000	0.149966	0.000000	0.000000	0.501917	0.000000	0.172911
128	tsk_128	(x)	1	:	0.000000	0.627574	0.000000	0.000000	0.000000	0.151599	0.000000	0.000000	0.000000	0.000000	0.220827
129	tsk_129	(x)	1	:	0.000000	0.186057	0.499635	0.000000	0.000000	0.134249	0.000000	0.000000	0.000000	0.000000	0.180059
130	tsk_130	(x)	1	:	0.000000	0.307554	0.000000	0.000000	0.000000	0.165572	0.000000	0.467683	0.000000	0.000000	0.059192
131	tsk_131	(x)	1	:	0.000000	0.057295	0.000000	0.000000	0.372685	0.050380	0.000000	0.467606	0.000000	0.000000	0.052035
132	tsk_132	(x)	1	:	0.000000	0.054117	0.000000	0.000000	0.788570	0.091077	0.000000	0.000000	0.000000	0.000000	0.066236
133	tsk_133	(x)	1	:	0.000000	0.152066	0.000000	0.000000	0.426051	0.157494	0.000000	0.000000	0.000000	0.000000	0.264388
134	tsk_134	(x)	1	:	0.000000	0.000000	0.000000	0.000000	0.000000	0.000000	0.469716	0.530284	0.000000	0.000000	0.000000
135	tsk_135	(x)	1	:	0.000000	0.085963	0.000000	0.000000	0.000000	0.061061	0.000000	0.467679	0.000000	0.311968	0.073330
136	tsk_136	(x)	1	:	0.000000	0.199629	0.000000	0.000000	0.372856	0.232221	0.000000	0.000000	0.000000	0.000000	0.195294
137	tsk_137	(x)	1	:	0.000000	0.000000	0.000000	0.000000	0.000014	0.000000	0.559833	0.440153	0.000000	0.000000	0.000000
138	tsk_138	(x)	1	:	0.000000	0.059985	0.000000	0.000000	0.372684	0.053564	0.000000	0.467606	0.000000	0.000000	0.046161
139	tsk_139	(x)	1	:	0.000000	0.330722	0.000000	0.000000	0.000000	0.393315	0.000000	0.000000	0.000000	0.000000	0.275963
140	tsk_140	(x)	1	:	0.000000	0.086870	0.000000	0.000000	0.701176	0.081503	0.000000	0.000000	0.000000	0.000000	0.130451
141	tsk_141	(x)	1	:	0.000000	0.188380	0.000000	0.000000	0.372856	0.215657	0.000000	0.000000	0.000000	0.000000	0.223106
142	tsk_142	(x)	1	:	0.000000	0.000000	0.000000	0.000000	0.000000	0.000000	0.000000	1.000000	0.000000	0.000000	0.000000
143	tsk_143	(x)	1	:	0.000000	0.442614	0.000000	0.000000	0.000000	0.182483	0.000000	0.000000	0.000000	0.000000	0.374903
144	tsk_144	(x)	1	:	0.000000	0.126531	0.000000	0.000000	0.372856	0.356007	0.000000	0.000000	0.000000	0.000000	0.144606
145	tsk_145	(x)	1	:	0.000000	0.285715	0.000000	0.000000	0.372857	0.153285	0.000000	0.000000	0.000000	0.000000	0.188144
146	tsk_146	(x)	1	:	0.000000	0.351394	0.000000	0.000000	0.000000	0.281329	0.000000	0.000000	0.000000	0.000000	0.367277
147	tsk_147	(x)	1	:	0.000000	0.128059	0.000000	0.000000	0.372856	0.288661	0.000000	0.000000	0.000000	0.000000	0.210424
148	tsk_148	(x)	1	:	0.000000	0.500360	0.499640	0.000000	0.000000	0.000000	0.000000	0.000000	0.000000	0.000000	0.000000
149	tsk_149	(x)	1	:	0.000000	0.233944	0.000000	0.000000	0.000000	0.194559	0.000000	0.467683	0.000000	0.000000	0.103814
