logL = -805.790593 (converged)
AIC = 6831.581187
BIC = 14689.339304

count.K
16 8 14 7 20 1 9 1 28 33 3 0 1 7 2 

