logL = -1041.289068 (converged)
AIC = 7242.578136
BIC = 15010.017195

count.K
13 30 10 9 10 7 0 6 22 4 1 3 25 10 

