logL = -1437.191075 (converged)
AIC = 5710.382149
BIC = 9979.462996

count.K
23 17 24 12 11 18 35 10 

