logL = -1240.587402 (converged)
AIC = 2901.174804
BIC = 3533.408216

count.K
111 39 

