logL = -1436.928179 (converged)
AIC = 5233.856358
BIC = 8786.406005

count.K
36 30 6 10 35 14 19 

