logL = -2209.120375 (converged)
AIC = 5758.240751
BIC = 7775.366398

count.K
20 21 32 77 

