logL = -1524.855715 (converged)
AIC = 7525.711431
BIC = 14263.513219

count.K
9 11 15 7 28 22 14 11 9 3 19 2 

