logL = -2643.048626 (converged)
AIC = 11046.097252
BIC = 19716.726899

count.K
5 10 2 14 24 24 15 12 2 4 1 11 14 5 7 

