logL = -782.586241 (converged)
AIC = 3065.172482
BIC = 5323.148953

count.K
44 60 21 10 15 

