logL = -1402.642647 (converged)
AIC = 5221.285294
BIC = 8858.132729

count.K
20 24 21 31 22 28 4 

