logL = -1551.529950 (converged)
AIC = 6873.059899
BIC = 12548.107428

count.K
2 13 6 6 5 49 9 35 5 13 7 

