logL = -1116.359658 (converged)
AIC = 4940.719317
BIC = 9017.119505

count.K
32 15 24 18 28 10 10 13 

