logL = -1662.347372 (converged)
AIC = 4230.694743
BIC = 5594.512531

count.K
121 16 13 

