logL = -916.454526 (converged)
AIC = 3342.909053
BIC = 5615.938700

count.K
28 31 25 0 66 

