logL = -1640.142158 (converged)
AIC = 4144.284315
BIC = 5444.878762

count.K
70 53 27 

