0	tsk_0	(x)	1	:	0.000000	0.000000	0.000000	0.000000	0.000000	0.000000	1.000000	0.000000	0.000000	0.000000	0.000000	0.000000	0.000000	0.000000	0.000000
1	tsk_1	(x)	1	:	0.000661	0.000000	0.000000	0.000000	0.000000	0.495598	0.495024	0.000000	0.000000	0.000000	0.000000	0.000000	0.000000	0.000000	0.008717
2	tsk_2	(x)	1	:	0.000000	0.000000	0.658848	0.000000	0.000000	0.000000	0.000000	0.341152	0.000000	0.000000	0.000000	0.000000	0.000000	0.000000	0.000000
3	tsk_3	(x)	1	:	0.000000	0.000000	0.000000	0.000000	0.000000	0.000000	1.000000	0.000000	0.000000	0.000000	0.000000	0.000000	0.000000	0.000000	0.000000
4	tsk_4	(x)	1	:	0.498407	0.000000	0.339908	0.000000	0.000000	0.000000	0.000000	0.155145	0.000000	0.000000	0.000000	0.000000	0.000000	0.000000	0.006540
5	tsk_5	(x)	1	:	0.000475	0.000000	0.303011	0.000000	0.000000	0.494837	0.000000	0.194739	0.000000	0.000000	0.000000	0.000000	0.000000	0.000000	0.006938
6	tsk_6	(x)	1	:	0.000504	0.000000	0.346729	0.000000	0.000000	0.494878	0.000000	0.151258	0.000000	0.000000	0.000000	0.000000	0.000000	0.000000	0.006631
7	tsk_7	(x)	1	:	0.000000	0.000000	0.496833	0.000000	0.000000	0.000000	0.492883	0.000000	0.000000	0.000000	0.000000	0.000000	0.000000	0.000000	0.010283
8	tsk_8	(x)	1	:	0.498971	0.000000	0.400110	0.000000	0.000000	0.000000	0.000000	0.096702	0.000000	0.000000	0.000000	0.000000	0.000000	0.000000	0.004217
9	tsk_9	(x)	1	:	0.000000	0.000000	0.213057	0.000000	0.000000	0.000000	0.493640	0.285302	0.000000	0.000000	0.000000	0.000000	0.000000	0.000000	0.008000
10	tsk_10	(x)	1	:	0.000000	0.000000	0.345711	0.000000	0.000000	0.000000	0.000000	0.154288	0.000000	0.000000	0.000000	0.000000	0.000000	0.000000	0.500000
11	tsk_11	(x)	1	:	0.000000	0.000000	0.000000	1.000000	0.000000	0.000000	0.000000	0.000000	0.000000	0.000000	0.000000	0.000000	0.000000	0.000000	0.000000
12	tsk_12	(x)	1	:	0.417568	0.000000	0.000000	0.000000	0.000000	0.000000	0.582431	0.000000	0.000000	0.000000	0.000000	0.000000	0.000000	0.000000	0.000000
13	tsk_13	(x)	1	:	0.000000	0.000000	0.000000	0.000000	0.000000	0.495823	0.000000	0.000000	0.000000	0.000000	0.000000	0.000000	0.000000	0.000000	0.504177
14	tsk_14	(x)	1	:	0.000000	0.000000	0.000000	0.499996	0.000000	0.000000	0.000000	0.000000	0.000000	0.436085	0.000000	0.000000	0.000000	0.000000	0.063918
15	tsk_15	(x)	1	:	0.000000	0.000000	0.338878	0.499282	0.000000	0.000000	0.000001	0.158965	0.000000	0.000000	0.000000	0.000000	0.000000	0.000000	0.002874
16	tsk_16	(x)	1	:	0.000000	0.000000	0.000000	0.000000	0.000000	0.495823	0.000000	0.000000	0.000000	0.000000	0.000000	0.000000	0.000000	0.000000	0.504177
17	tsk_17	(x)	1	:	0.000000	0.000000	0.335776	0.499284	0.000000	0.000000	0.000000	0.162071	0.000000	0.000000	0.000000	0.000000	0.000000	0.000000	0.002869
18	tsk_18	(x)	1	:	0.000000	0.000000	0.139149	0.000000	0.000000	0.000000	0.000000	0.365717	0.000000	0.000000	0.478750	0.000000	0.000000	0.000000	0.016384
19	tsk_19	(x)	1	:	0.000272	0.000000	0.260049	0.000000	0.000000	0.495064	0.000000	0.237933	0.000000	0.000000	0.000000	0.000000	0.000000	0.000000	0.006682
20	tsk_20	(x)	1	:	0.000000	0.000000	0.000000	0.000000	0.493698	0.000000	0.493902	0.000000	0.000000	0.000000	0.000000	0.000000	0.000000	0.000000	0.012400
21	tsk_21	(x)	1	:	0.504456	0.000000	0.000000	0.000000	0.495544	0.000000	0.000000	0.000000	0.000000	0.000000	0.000000	0.000000	0.000000	0.000000	0.000000
22	tsk_22	(x)	1	:	0.000000	0.000000	0.000000	0.000000	0.493831	0.000000	0.494103	0.000000	0.000000	0.000000	0.000000	0.000000	0.000000	0.000000	0.012066
23	tsk_23	(x)	1	:	0.000000	0.000000	0.000000	0.000000	0.494068	0.000000	0.000000	0.000000	0.000000	0.000000	0.000000	0.000000	0.000000	0.000000	0.505932
24	tsk_24	(x)	1	:	0.000000	0.000000	0.000000	0.000000	0.000000	0.000000	1.000000	0.000000	0.000000	0.000000	0.000000	0.000000	0.000000	0.000000	0.000000
25	tsk_25	(x)	1	:	0.000000	0.000000	0.000000	0.000000	0.000000	0.000000	1.000000	0.000000	0.000000	0.000000	0.000000	0.000000	0.000000	0.000000	0.000000
26	tsk_26	(x)	1	:	0.000000	0.000000	0.000000	0.000000	0.000000	0.000000	0.494455	0.000000	0.000000	0.000000	0.000000	0.000000	0.000000	0.000000	0.505545
27	tsk_27	(x)	1	:	0.000000	0.000000	0.000000	0.000000	0.000000	0.000000	1.000000	0.000000	0.000000	0.000000	0.000000	0.000000	0.000000	0.000000	0.000000
28	tsk_28	(x)	1	:	0.000000	0.000000	0.000000	0.000000	0.494068	0.000000	0.000000	0.000000	0.000000	0.000000	0.000000	0.000000	0.000000	0.000000	0.505932
29	tsk_29	(x)	1	:	0.000000	0.000000	0.000000	0.000000	0.494068	0.000000	0.000000	0.000000	0.000000	0.000000	0.000000	0.000000	0.000000	0.000000	0.505932
30	tsk_30	(x)	1	:	0.000000	0.000000	0.000000	0.000000	1.000000	0.000000	0.000000	0.000000	0.000000	0.000000	0.000000	0.000000	0.000000	0.000000	0.000000
31	tsk_31	(x)	1	:	0.000000	0.000000	0.468298	0.000000	0.000000	0.000000	0.000000	0.531701	0.000000	0.000000	0.000000	0.000000	0.000000	0.000000	0.000000
32	tsk_32	(x)	1	:	0.000000	0.000000	0.000000	0.000000	0.000000	0.000000	0.011288	0.000000	0.483449	0.000000	0.000000	0.000000	0.000000	0.000000	0.505262
33	tsk_33	(x)	1	:	0.000000	0.000000	0.000000	0.000000	0.493746	0.000000	0.493975	0.000000	0.000000	0.000000	0.000000	0.000000	0.000000	0.000000	0.012279
34	tsk_34	(x)	1	:	0.000000	0.000000	0.195821	0.000000	0.000000	0.000000	0.492988	0.301223	0.000000	0.000000	0.000000	0.000000	0.000000	0.000000	0.009968
35	tsk_35	(x)	1	:	0.000000	0.000000	0.000000	0.000000	0.000000	0.000000	1.000000	0.000000	0.000000	0.000000	0.000000	0.000000	0.000000	0.000000	0.000000
36	tsk_36	(x)	1	:	0.000000	0.000000	0.000000	0.000000	1.000000	0.000000	0.000000	0.000000	0.000000	0.000000	0.000000	0.000000	0.000000	0.000000	0.000000
37	tsk_37	(x)	1	:	0.000000	0.000000	0.183308	0.000000	0.000000	0.000000	0.000000	0.316691	0.000000	0.000000	0.000000	0.000000	0.000000	0.000000	0.500000
38	tsk_38	(x)	1	:	0.000000	0.000000	0.000000	0.000000	0.000000	0.000000	1.000000	0.000000	0.000000	0.000000	0.000000	0.000000	0.000000	0.000000	0.000000
39	tsk_39	(x)	1	:	0.372146	0.000000	0.000000	0.000000	0.000000	0.000000	0.317336	0.000000	0.000000	0.310519	0.000000	0.000000	0.000000	0.000000	0.000000
40	tsk_40	(x)	1	:	0.000000	0.000000	0.000000	0.000000	0.493788	0.000000	0.494038	0.000000	0.000000	0.000000	0.000000	0.000000	0.000000	0.000000	0.012173
41	tsk_41	(x)	1	:	1.000000	0.000000	0.000000	0.000000	0.000000	0.000000	0.000000	0.000000	0.000000	0.000000	0.000000	0.000000	0.000000	0.000000	0.000000
42	tsk_42	(x)	1	:	0.000000	0.000000	0.000000	0.000000	0.493779	0.000000	0.494024	0.000000	0.000000	0.000000	0.000000	0.000000	0.000000	0.000000	0.012197
43	tsk_43	(x)	1	:	0.005265	0.000000	0.000000	0.000000	0.000000	0.497683	0.496610	0.000000	0.000000	0.000000	0.000000	0.000000	0.000000	0.000000	0.000442
44	tsk_44	(x)	1	:	0.600479	0.000000	0.000000	0.000000	0.000000	0.000000	0.000000	0.000000	0.000000	0.000000	0.399520	0.000000	0.000000	0.000000	0.000000
45	tsk_45	(x)	1	:	0.000000	0.000000	0.000000	0.000000	0.494064	0.000000	0.000000	0.000000	0.000000	0.436090	0.000000	0.000000	0.000000	0.000000	0.069845
46	tsk_46	(x)	1	:	0.000000	0.000000	0.000000	0.000000	0.493886	0.000000	0.494186	0.000000	0.000000	0.000000	0.000000	0.000000	0.000000	0.000000	0.011928
47	tsk_47	(x)	1	:	0.000000	0.000000	0.000000	0.000000	0.000000	0.000000	0.494446	0.000000	0.000000	0.436077	0.000000	0.000000	0.000000	0.000000	0.069476
48	tsk_48	(x)	1	:	0.000000	0.000000	0.000000	0.000000	0.493796	0.000000	0.494049	0.000000	0.000000	0.000000	0.000000	0.000000	0.000000	0.000000	0.012155
49	tsk_49	(x)	1	:	0.504454	0.000000	0.000000	0.000000	0.495546	0.000000	0.000000	0.000000	0.000000	0.000000	0.000000	0.000000	0.000000	0.000000	0.000000
50	tsk_50	(x)	1	:	0.000000	0.000000	0.106125	0.000000	0.493141	0.000000	0.000000	0.391069	0.000000	0.000000	0.000000	0.000000	0.000000	0.000000	0.009665
51	tsk_51	(x)	1	:	0.000000	0.000000	0.000000	0.000000	0.498656	0.000000	0.501344	0.000000	0.000000	0.000000	0.000000	0.000000	0.000000	0.000000	0.000000
52	tsk_52	(x)	1	:	0.498511	0.000000	0.335316	0.000000	0.000000	0.000000	0.000000	0.160153	0.000000	0.000000	0.000000	0.000000	0.000000	0.000000	0.006020
53	tsk_53	(x)	1	:	0.000000	0.000000	0.272130	0.000000	0.000000	0.000000	0.000000	0.227719	0.000000	0.435996	0.000000	0.000000	0.000000	0.000000	0.064156
54	tsk_54	(x)	1	:	0.498508	0.000000	0.292816	0.000000	0.000000	0.000000	0.000000	0.202643	0.000000	0.000000	0.000000	0.000000	0.000000	0.000000	0.006034
55	tsk_55	(x)	1	:	0.000000	0.000000	0.199660	0.000000	0.493174	0.000000	0.000000	0.297635	0.000000	0.000000	0.000000	0.000000	0.000000	0.000000	0.009531
56	tsk_56	(x)	1	:	0.498898	0.000000	0.365885	0.000000	0.000000	0.000000	0.000000	0.130745	0.000000	0.000000	0.000000	0.000000	0.000000	0.000000	0.004471
57	tsk_57	(x)	1	:	0.499059	0.000000	0.288749	0.000000	0.000000	0.000000	0.000000	0.208304	0.000000	0.000000	0.000000	0.000000	0.000000	0.000000	0.003888
58	tsk_58	(x)	1	:	0.000000	0.000000	0.000000	0.000000	1.000000	0.000000	0.000000	0.000000	0.000000	0.000000	0.000000	0.000000	0.000000	0.000000	0.000000
59	tsk_59	(x)	1	:	0.000000	0.000000	0.146680	0.000000	0.000000	0.000000	0.000000	0.359169	0.000000	0.000000	0.482542	0.000000	0.000000	0.000000	0.011609
60	tsk_60	(x)	1	:	0.000000	0.000000	0.278719	0.000000	0.000000	0.000000	0.000000	0.221281	0.000000	0.000000	0.000000	0.000000	0.000000	0.000000	0.500000
61	tsk_61	(x)	1	:	0.499328	0.000000	0.000000	0.000000	0.000000	0.000000	0.493410	0.000000	0.000000	0.000000	0.000000	0.000000	0.000000	0.000000	0.007261
62	tsk_62	(x)	1	:	0.000000	0.000000	0.127720	0.000000	0.493159	0.000000	0.000000	0.369528	0.000000	0.000000	0.000000	0.000000	0.000000	0.000000	0.009593
63	tsk_63	(x)	1	:	0.499411	0.000000	0.000000	0.000000	0.000000	0.000000	0.493535	0.000000	0.000000	0.000000	0.000000	0.000000	0.000000	0.000000	0.007054
64	tsk_64	(x)	1	:	0.499163	0.000000	0.000000	0.000000	0.000000	0.000000	0.493125	0.000000	0.000000	0.000000	0.000000	0.000000	0.000000	0.000000	0.007712
65	tsk_65	(x)	1	:	0.500000	0.000000	0.000000	0.000000	0.000000	0.000000	0.000000	0.000000	0.000000	0.000000	0.000000	0.000000	0.000000	0.000000	0.500000
66	tsk_66	(x)	1	:	0.000000	0.000000	0.000000	0.000000	0.000000	0.000000	0.476613	0.000000	0.000000	0.000000	0.000000	0.000000	0.523386	0.000000	0.000000
67	tsk_67	(x)	1	:	0.000000	0.000000	0.207960	0.000000	0.000000	0.000000	0.000000	0.292039	0.000000	0.000000	0.000000	0.000000	0.000000	0.000000	0.500000
68	tsk_68	(x)	1	:	0.500012	0.000000	0.000000	0.000000	0.000000	0.000000	0.000000	0.000000	0.000000	0.436068	0.000000	0.000000	0.000000	0.000000	0.063920
69	tsk_69	(x)	1	:	0.000000	0.000000	0.287329	0.000000	0.000000	0.000000	0.492997	0.209733	0.000000	0.000000	0.000000	0.000000	0.000000	0.000000	0.009941
70	tsk_70	(x)	1	:	1.000000	0.000000	0.000000	0.000000	0.000000	0.000000	0.000000	0.000000	0.000000	0.000000	0.000000	0.000000	0.000000	0.000000	0.000000
71	tsk_71	(x)	1	:	1.000000	0.000000	0.000000	0.000000	0.000000	0.000000	0.000000	0.000000	0.000000	0.000000	0.000000	0.000000	0.000000	0.000000	0.000000
72	tsk_72	(x)	1	:	0.499583	0.000000	0.000000	0.000000	0.000000	0.000000	0.493773	0.000000	0.000000	0.000000	0.000000	0.000000	0.000000	0.000000	0.006643
73	tsk_73	(x)	1	:	0.359338	0.000000	0.000000	0.000000	0.000000	0.000000	0.000000	0.000000	0.000000	0.000000	0.000000	0.640662	0.000000	0.000000	0.000000
74	tsk_74	(x)	1	:	0.504453	0.000000	0.000000	0.000000	0.495546	0.000000	0.000000	0.000000	0.000000	0.000000	0.000000	0.000000	0.000000	0.000000	0.000000
75	tsk_75	(x)	1	:	0.359382	0.000000	0.000000	0.000000	0.000000	0.000000	0.000000	0.000000	0.000000	0.000000	0.000000	0.640618	0.000000	0.000000	0.000000
76	tsk_76	(x)	1	:	0.498608	0.000000	0.344212	0.000000	0.000000	0.000000	0.000000	0.151539	0.000000	0.000000	0.000000	0.000000	0.000000	0.000000	0.005641
77	tsk_77	(x)	1	:	0.500000	0.000000	0.000000	0.000000	0.000000	0.000000	0.000000	0.000000	0.000000	0.000000	0.000000	0.000000	0.000000	0.000000	0.500000
78	tsk_78	(x)	1	:	0.498526	0.000000	0.238360	0.000000	0.000000	0.000000	0.000000	0.257150	0.000000	0.000000	0.000000	0.000000	0.000000	0.000000	0.005963
79	tsk_79	(x)	1	:	1.000000	0.000000	0.000000	0.000000	0.000000	0.000000	0.000000	0.000000	0.000000	0.000000	0.000000	0.000000	0.000000	0.000000	0.000000
80	tsk_80	(x)	1	:	0.000000	0.000000	0.174065	0.000000	0.000000	0.000000	0.010141	0.323519	0.483416	0.000000	0.000000	0.000000	0.000000	0.000000	0.008859
81	tsk_81	(x)	1	:	0.498465	0.000000	0.000000	0.000000	0.000000	0.000000	0.000000	0.495314	0.000000	0.000000	0.000000	0.000000	0.000000	0.000000	0.006220
82	tsk_82	(x)	1	:	0.501498	0.000000	0.000000	0.000000	0.000000	0.000000	0.014137	0.000000	0.483042	0.000000	0.000000	0.000000	0.000000	0.000000	0.001322
83	tsk_83	(x)	1	:	0.000000	0.000000	0.289490	0.000000	0.000000	0.000000	0.000000	0.210510	0.000000	0.000000	0.000000	0.000000	0.000000	0.000000	0.500000
84	tsk_84	(x)	1	:	0.000000	0.000000	0.000000	0.513482	0.000000	0.000000	0.000116	0.000000	0.486402	0.000000	0.000000	0.000000	0.000000	0.000000	0.000000
85	tsk_85	(x)	1	:	0.000000	0.000000	0.000000	0.000000	0.000000	0.000000	0.000000	0.000000	1.000000	0.000000	0.000000	0.000000	0.000000	0.000000	0.000000
86	tsk_86	(x)	1	:	0.000000	0.000000	0.378949	0.000000	0.000000	0.000000	0.007267	0.118721	0.485363	0.000000	0.000000	0.000000	0.000000	0.000000	0.009700
87	tsk_87	(x)	1	:	0.501337	0.000000	0.000000	0.000000	0.000000	0.000000	0.013918	0.000000	0.483028	0.000000	0.000000	0.000000	0.000000	0.000000	0.001718
88	tsk_88	(x)	1	:	0.000000	0.000000	0.000000	0.513509	0.000000	0.000000	0.000062	0.000000	0.486429	0.000000	0.000000	0.000000	0.000000	0.000000	0.000000
89	tsk_89	(x)	1	:	1.000000	0.000000	0.000000	0.000000	0.000000	0.000000	0.000000	0.000000	0.000000	0.000000	0.000000	0.000000	0.000000	0.000000	0.000000
90	tsk_90	(x)	1	:	1.000000	0.000000	0.000000	0.000000	0.000000	0.000000	0.000000	0.000000	0.000000	0.000000	0.000000	0.000000	0.000000	0.000000	0.000000
91	tsk_91	(x)	1	:	0.000000	0.000000	0.000000	0.000000	0.000000	0.000000	0.000000	0.000000	0.000000	0.000000	0.000000	0.000000	0.000000	0.000000	1.000000
92	tsk_92	(x)	1	:	1.000000	0.000000	0.000000	0.000000	0.000000	0.000000	0.000000	0.000000	0.000000	0.000000	0.000000	0.000000	0.000000	0.000000	0.000000
93	tsk_93	(x)	1	:	0.000000	0.000000	0.000000	0.000000	1.000000	0.000000	0.000000	0.000000	0.000000	0.000000	0.000000	0.000000	0.000000	0.000000	0.000000
94	tsk_94	(x)	1	:	0.000000	0.505488	0.000000	0.000000	0.494512	0.000000	0.000000	0.000000	0.000000	0.000000	0.000000	0.000000	0.000000	0.000000	0.000000
95	tsk_95	(x)	1	:	0.498815	0.000000	0.265827	0.000000	0.000000	0.000000	0.000000	0.230562	0.000000	0.000000	0.000000	0.000000	0.000000	0.000000	0.004796
96	tsk_96	(x)	1	:	1.000000	0.000000	0.000000	0.000000	0.000000	0.000000	0.000000	0.000000	0.000000	0.000000	0.000000	0.000000	0.000000	0.000000	0.000000
97	tsk_97	(x)	1	:	0.499996	0.000000	0.000000	0.000000	0.000000	0.000000	0.000000	0.000000	0.000000	0.436082	0.000000	0.000000	0.000000	0.000000	0.063922
98	tsk_98	(x)	1	:	0.000000	0.000000	0.366271	0.000000	0.000000	0.000000	0.000000	0.633729	0.000000	0.000000	0.000000	0.000000	0.000000	0.000000	0.000000
99	tsk_99	(x)	1	:	1.000000	0.000000	0.000000	0.000000	0.000000	0.000000	0.000000	0.000000	0.000000	0.000000	0.000000	0.000000	0.000000	0.000000	0.000000
100	tsk_100	(x)	1	:	0.457929	0.000000	0.000000	0.000000	0.000000	0.000000	0.000000	0.000000	0.000000	0.000000	0.542071	0.000000	0.000000	0.000000	0.000000
101	tsk_101	(x)	1	:	0.000000	0.000000	0.000000	0.000000	0.493813	0.000000	0.494076	0.000000	0.000000	0.000000	0.000000	0.000000	0.000000	0.000000	0.012110
102	tsk_102	(x)	1	:	0.000000	0.000000	0.000000	0.000000	1.000000	0.000000	0.000000	0.000000	0.000000	0.000000	0.000000	0.000000	0.000000	0.000000	0.000000
103	tsk_103	(x)	1	:	0.000000	0.000000	0.000000	0.000000	0.499390	0.000000	0.000000	0.000000	0.000000	0.000000	0.500610	0.000000	0.000000	0.000000	0.000000
104	tsk_104	(x)	1	:	0.504462	0.000000	0.000000	0.000000	0.495538	0.000000	0.000000	0.000000	0.000000	0.000000	0.000000	0.000000	0.000000	0.000000	0.000000
105	tsk_105	(x)	1	:	0.419025	0.000000	0.000000	0.000000	0.000000	0.000000	0.000000	0.000000	0.000000	0.000067	0.580908	0.000000	0.000000	0.000000	0.000000
106	tsk_106	(x)	1	:	0.000000	0.000000	0.000000	0.000000	1.000000	0.000000	0.000000	0.000000	0.000000	0.000000	0.000000	0.000000	0.000000	0.000000	0.000000
107	tsk_107	(x)	1	:	0.000000	0.000000	0.000000	0.000000	0.499390	0.000000	0.000000	0.000000	0.000000	0.000000	0.500610	0.000000	0.000000	0.000000	0.000000
108	tsk_108	(x)	1	:	0.000000	0.000000	0.101443	0.000000	0.493190	0.000000	0.000000	0.395900	0.000000	0.000000	0.000000	0.000000	0.000000	0.000000	0.009466
109	tsk_109	(x)	1	:	0.000000	0.000000	0.000000	0.000000	0.499390	0.000000	0.000000	0.000000	0.000000	0.000000	0.500610	0.000000	0.000000	0.000000	0.000000
110	tsk_110	(x)	1	:	0.000000	0.000000	0.000000	0.000000	0.000000	0.000000	0.494447	0.000000	0.000000	0.436079	0.000000	0.000000	0.000000	0.000000	0.069474
111	tsk_111	(x)	1	:	0.499432	0.000000	0.000000	0.000000	0.000000	0.000000	0.161599	0.000000	0.331996	0.000000	0.000000	0.000000	0.000000	0.000000	0.006973
112	tsk_112	(x)	1	:	0.499510	0.000000	0.000000	0.000000	0.000000	0.000000	0.493646	0.000000	0.000000	0.000000	0.000000	0.000000	0.000000	0.000000	0.006844
113	tsk_113	(x)	1	:	0.499514	0.000000	0.000000	0.000000	0.000000	0.000000	0.493708	0.000000	0.000000	0.000000	0.000000	0.000000	0.000000	0.000000	0.006777
114	tsk_114	(x)	1	:	1.000000	0.000000	0.000000	0.000000	0.000000	0.000000	0.000000	0.000000	0.000000	0.000000	0.000000	0.000000	0.000000	0.000000	0.000000
115	tsk_115	(x)	1	:	0.495440	0.000000	0.000000	0.000000	0.000000	0.504559	0.000000	0.000000	0.000000	0.000000	0.000000	0.000000	0.000000	0.000000	0.000000
116	tsk_116	(x)	1	:	0.000000	0.000000	0.000000	0.000000	1.000000	0.000000	0.000000	0.000000	0.000000	0.000000	0.000000	0.000000	0.000000	0.000000	0.000000
117	tsk_117	(x)	1	:	0.499395	0.000000	0.000000	0.000000	0.000000	0.000000	0.493514	0.000000	0.000000	0.000000	0.000000	0.000000	0.000000	0.000000	0.007091
118	tsk_118	(x)	1	:	1.000000	0.000000	0.000000	0.000000	0.000000	0.000000	0.000000	0.000000	0.000000	0.000000	0.000000	0.000000	0.000000	0.000000	0.000000
119	tsk_119	(x)	1	:	1.000000	0.000000	0.000000	0.000000	0.000000	0.000000	0.000000	0.000000	0.000000	0.000000	0.000000	0.000000	0.000000	0.000000	0.000000
120	tsk_120	(x)	1	:	0.294608	0.000000	0.000000	0.000000	0.000000	0.000000	0.000000	0.000000	0.000000	0.000000	0.000000	0.000000	0.000000	0.705392	0.000000
121	tsk_121	(x)	1	:	0.000000	0.000000	0.000000	0.000000	0.556065	0.000000	0.000000	0.000000	0.000000	0.000000	0.000000	0.000000	0.443935	0.000000	0.000000
122	tsk_122	(x)	1	:	0.000000	0.000000	0.275655	0.000000	0.000000	0.000000	0.000000	0.233320	0.000000	0.000000	0.000000	0.000000	0.000000	0.483805	0.007219
123	tsk_123	(x)	1	:	0.000719	0.000000	0.405079	0.000000	0.000000	0.000000	0.000000	0.103656	0.000000	0.000000	0.000000	0.000000	0.000000	0.483187	0.007358
124	tsk_124	(x)	1	:	0.001041	0.000000	0.000000	0.000000	0.000000	0.000000	0.500828	0.000000	0.000000	0.000000	0.000000	0.000000	0.000000	0.484017	0.014114
125	tsk_125	(x)	1	:	0.583350	0.000000	0.000000	0.000000	0.000000	0.000000	0.000000	0.000000	0.000000	0.000000	0.000000	0.000000	0.000000	0.416650	0.000000
126	tsk_126	(x)	1	:	0.179550	0.000000	0.000000	0.000000	0.495263	0.000000	0.000000	0.000000	0.000000	0.000000	0.000000	0.000000	0.000000	0.325187	0.000000
127	tsk_127	(x)	1	:	0.000000	0.000000	0.077742	0.000000	0.000000	0.000000	0.000000	0.384466	0.000000	0.000000	0.000000	0.000000	0.000000	0.537792	0.000000
128	tsk_128	(x)	1	:	0.000000	0.000000	0.286807	0.000000	0.000000	0.000000	0.492848	0.209956	0.000000	0.000000	0.000000	0.000000	0.000000	0.000000	0.010388
129	tsk_129	(x)	1	:	1.000000	0.000000	0.000000	0.000000	0.000000	0.000000	0.000000	0.000000	0.000000	0.000000	0.000000	0.000000	0.000000	0.000000	0.000000
130	tsk_130	(x)	1	:	0.500000	0.000000	0.000000	0.000000	0.000000	0.000000	0.000000	0.000000	0.000000	0.436077	0.000000	0.000000	0.000000	0.000000	0.063923
131	tsk_131	(x)	1	:	0.495499	0.000000	0.000000	0.000000	0.000000	0.504501	0.000000	0.000000	0.000000	0.000000	0.000000	0.000000	0.000000	0.000000	0.000000
132	tsk_132	(x)	1	:	0.498491	0.000000	0.342158	0.000000	0.000000	0.000000	0.000000	0.153101	0.000000	0.000000	0.000000	0.000000	0.000000	0.000000	0.006251
133	tsk_133	(x)	1	:	0.000023	0.000000	0.000000	0.000000	0.000000	0.999977	0.000000	0.000000	0.000000	0.000000	0.000000	0.000000	0.000000	0.000000	0.000000
134	tsk_134	(x)	1	:	0.006655	0.000000	0.000000	0.000000	0.000000	0.495401	0.000000	0.000000	0.000000	0.436220	0.000000	0.000000	0.000000	0.000000	0.061724
135	tsk_135	(x)	1	:	0.000000	0.000000	0.000000	0.000000	0.000000	0.000000	0.000000	0.000000	0.000000	1.000000	0.000000	0.000000	0.000000	0.000000	0.000000
136	tsk_136	(x)	1	:	0.499998	0.000000	0.000000	0.000000	0.000000	0.000000	0.000000	0.000000	0.000000	0.436080	0.000000	0.000000	0.000000	0.000000	0.063922
137	tsk_137	(x)	1	:	0.000000	0.000000	0.000000	0.000000	0.000000	0.000000	0.494447	0.000000	0.000000	0.436080	0.000000	0.000000	0.000000	0.000000	0.069473
138	tsk_138	(x)	1	:	0.000000	0.000000	0.000000	0.000000	0.000000	0.000000	0.000000	0.000000	0.000000	1.000000	0.000000	0.000000	0.000000	0.000000	0.000000
139	tsk_139	(x)	1	:	0.500003	0.000000	0.000000	0.000000	0.000000	0.000000	0.000000	0.000000	0.000000	0.436075	0.000000	0.000000	0.000000	0.000000	0.063922
140	tsk_140	(x)	1	:	0.498536	0.000000	0.234462	0.000000	0.000000	0.000000	0.000000	0.261041	0.000000	0.000000	0.000000	0.000000	0.000000	0.000000	0.005961
141	tsk_141	(x)	1	:	0.576774	0.000000	0.000000	0.000000	0.000000	0.000000	0.000000	0.000000	0.000000	0.000000	0.000000	0.423226	0.000000	0.000000	0.000000
142	tsk_142	(x)	1	:	0.000000	0.000000	0.000000	0.000000	1.000000	0.000000	0.000000	0.000000	0.000000	0.000000	0.000000	0.000000	0.000000	0.000000	0.000000
143	tsk_143	(x)	1	:	0.686697	0.000000	0.000000	0.000000	0.000000	0.000000	0.000000	0.000000	0.000000	0.000000	0.000000	0.000000	0.000000	0.313303	0.000000
144	tsk_144	(x)	1	:	0.000000	0.000000	0.000000	0.000000	0.000000	0.000000	0.000000	0.000000	0.000000	0.000000	0.000000	0.000000	0.533192	0.000000	0.466807
145	tsk_145	(x)	1	:	0.075101	0.000000	0.319342	0.000000	0.000000	0.000000	0.000000	0.175986	0.000000	0.000000	0.000000	0.423333	0.000000	0.000000	0.006238
146	tsk_146	(x)	1	:	0.081229	0.000000	0.000000	0.000000	0.495547	0.000000	0.000000	0.000000	0.000000	0.000000	0.000000	0.423223	0.000000	0.000000	0.000000
147	tsk_147	(x)	1	:	0.515360	0.000000	0.000000	0.000000	0.000000	0.000000	0.000000	0.000000	0.000000	0.000000	0.484639	0.000000	0.000000	0.000000	0.000000
148	tsk_148	(x)	1	:	0.000000	0.000000	0.000000	0.000000	0.000000	0.000000	0.000000	0.000000	0.000000	0.000000	0.000000	1.000000	0.000000	0.000000	0.000000
149	tsk_149	(x)	1	:	0.372130	0.000000	0.000000	0.000000	0.000000	0.000000	0.317343	0.000000	0.000000	0.310526	0.000000	0.000000	0.000000	0.000000	0.000000
