logL = -1673.943642 (converged)
AIC = 7751.887285
BIC = 14381.306203

count.K
14 21 25 13 14 1 10 2 22 11 13 4 

