logL = -1446.971821 (converged)
AIC = 4065.943641
BIC = 5830.175923

count.K
57 38 35 20 

