logL = -606.076119 (converged)
AIC = 6372.152238
BIC = 14139.591297

count.K
9 6 10 15 1 1 14 5 2 0 4 6 2 5 70 

