logL = -935.707679 (converged)
AIC = 5251.415358
BIC = 10339.389005

count.K
2 12 16 23 4 43 13 15 13 9 

