logL = -757.542319 (converged)
AIC = 3721.084637
BIC = 7041.815367

count.K
8 16 32 4 23 24 43 

