logL = -353.309359 (converged)
AIC = 3786.618717
BIC = 8422.997070

count.K
1 4 10 15 25 6 6 14 46 23 

