logL = -1644.310135 (converged)
AIC = 8700.620270
BIC = 16847.399376

count.K
26 11 11 4 8 17 3 7 2 20 4 9 21 7 

