logL = -2098.525995 (converged)
AIC = 7337.051989
BIC = 12063.749401

count.K
14 3 14 10 24 30 28 27 

