logL = -1427.244783 (converged)
AIC = 7936.489566
BIC = 15586.513849

count.K
16 74 19 13 4 9 1 1 2 1 4 3 3 

