logL = -1072.026605 (converged)
AIC = 6706.053210
BIC = 13573.312316

count.K
7 5 11 23 17 62 0 1 8 0 10 3 3 

