logL = -2002.876154 (converged)
AIC = 5595.752307
BIC = 7989.207366

count.K
33 28 45 4 40 

