0	tsk_0	(x)	1	:	0.047829	0.000000	0.000000	0.000000	0.000000	0.000001	0.000000	0.352963	0.448975	0.150232	0.000000
1	tsk_1	(x)	1	:	0.000000	0.000000	0.000000	0.000000	0.000000	0.000000	0.000000	0.543242	0.000000	0.456758	0.000000
2	tsk_2	(x)	1	:	0.000000	0.000000	0.000000	0.000000	0.000000	0.000000	0.000000	0.628181	0.000000	0.371819	0.000000
3	tsk_3	(x)	1	:	0.000000	0.000000	0.000000	0.000000	0.000000	0.384164	0.000000	0.454868	0.000000	0.160968	0.000000
4	tsk_4	(x)	1	:	0.000000	0.000000	0.000000	0.000000	0.000000	0.384164	0.000000	0.301698	0.000000	0.314137	0.000000
5	tsk_5	(x)	1	:	0.000000	0.000000	0.000000	0.000000	0.000000	0.000000	0.000000	0.627468	0.000000	0.372532	0.000000
6	tsk_6	(x)	1	:	0.000000	0.000000	0.000000	0.000000	0.000000	0.000000	0.000000	0.585106	0.000000	0.414894	0.000000
7	tsk_7	(x)	1	:	0.000000	0.000000	0.000000	0.000000	0.000000	0.000000	0.000000	0.628389	0.000000	0.371611	0.000000
8	tsk_8	(x)	1	:	0.000000	0.000000	0.000000	0.000000	0.000000	0.000004	0.488254	0.287125	0.000000	0.224616	0.000000
9	tsk_9	(x)	1	:	0.000000	0.000000	0.000000	0.000000	0.000000	0.384164	0.000000	0.451059	0.000000	0.164777	0.000000
10	tsk_10	(x)	1	:	0.000000	0.000000	0.000000	0.000000	0.000000	0.000000	0.000000	0.704982	0.000000	0.295018	0.000000
11	tsk_11	(x)	1	:	0.000000	0.000000	0.000000	0.000000	0.000000	0.000000	0.000000	0.626343	0.000000	0.373657	0.000000
12	tsk_12	(x)	1	:	0.000000	0.000000	0.000000	0.000000	0.530154	0.469846	0.000000	0.000000	0.000000	0.000000	0.000000
13	tsk_13	(x)	1	:	0.046302	0.000000	0.000000	0.000000	0.000000	0.000000	0.000000	0.032247	0.449074	0.019031	0.453346
14	tsk_14	(x)	1	:	0.047821	0.000000	0.000000	0.000000	0.000000	0.000001	0.000000	0.286210	0.448980	0.216987	0.000000
15	tsk_15	(x)	1	:	0.000000	0.000000	0.000000	0.000000	1.000000	0.000000	0.000000	0.000000	0.000000	0.000000	0.000000
16	tsk_16	(x)	1	:	0.000000	0.000000	0.000000	0.000000	0.000000	0.000000	0.000000	0.548602	0.000000	0.451398	0.000000
17	tsk_17	(x)	1	:	0.046688	0.000000	0.000000	0.000000	0.504656	0.000000	0.000000	0.000000	0.448656	0.000000	0.000000
18	tsk_18	(x)	1	:	0.496647	0.000000	0.000000	0.000000	0.000000	0.000001	0.000000	0.166802	0.000000	0.336551	0.000000
19	tsk_19	(x)	1	:	0.514405	0.485595	0.000000	0.000000	0.000000	0.000000	0.000000	0.000000	0.000000	0.000000	0.000000
20	tsk_20	(x)	1	:	0.000000	0.000000	0.000000	0.000000	0.000000	0.000000	0.000000	0.000000	1.000000	0.000000	0.000000
21	tsk_21	(x)	1	:	0.046619	0.000000	0.000000	0.000000	0.504691	0.000000	0.000000	0.000000	0.448689	0.000000	0.000000
22	tsk_22	(x)	1	:	0.000000	0.000000	0.000000	0.000000	0.000000	0.621073	0.000000	0.311691	0.000000	0.067236	0.000000
23	tsk_23	(x)	1	:	0.000000	0.000000	0.000000	0.000000	0.000000	0.000000	0.000000	0.630848	0.000000	0.369152	0.000000
24	tsk_24	(x)	1	:	0.496647	0.000000	0.000000	0.000000	0.000000	0.000001	0.000000	0.347759	0.000000	0.155593	0.000000
25	tsk_25	(x)	1	:	0.000000	0.000000	0.000000	0.000000	0.498802	0.000001	0.000000	0.193068	0.000000	0.308129	0.000000
26	tsk_26	(x)	1	:	0.000000	0.000000	0.000000	0.000000	0.000000	0.621073	0.000000	0.201319	0.000000	0.177608	0.000000
27	tsk_27	(x)	1	:	0.042586	0.000000	0.506340	0.000000	0.000000	0.000000	0.000000	0.000292	0.450567	0.000215	0.000000
28	tsk_28	(x)	1	:	0.000000	0.000000	0.000000	0.000000	0.000000	0.000000	0.000000	0.561372	0.000000	0.438628	0.000000
29	tsk_29	(x)	1	:	0.048232	0.000000	0.000000	0.502696	0.000000	0.000000	0.000000	0.000000	0.449073	0.000000	0.000000
30	tsk_30	(x)	1	:	0.000000	0.000000	0.000000	0.000000	0.000000	0.000000	0.000000	0.871553	0.000000	0.128447	0.000000
31	tsk_31	(x)	1	:	0.000000	0.559965	0.000000	0.000000	0.440035	0.000000	0.000000	0.000000	0.000000	0.000000	0.000000
32	tsk_32	(x)	1	:	0.000000	0.482014	0.000000	0.000000	0.517986	0.000000	0.000000	0.000000	0.000000	0.000000	0.000000
33	tsk_33	(x)	1	:	0.000000	0.531332	0.000000	0.000000	0.000000	0.000000	0.000000	0.185696	0.000000	0.280356	0.002616
34	tsk_34	(x)	1	:	0.000000	0.489988	0.000000	0.000000	0.000000	0.000003	0.000000	0.270082	0.000000	0.239927	0.000000
35	tsk_35	(x)	1	:	0.000000	0.489988	0.000000	0.000000	0.000000	0.000003	0.000000	0.173936	0.000000	0.336074	0.000000
36	tsk_36	(x)	1	:	0.000000	0.505951	0.000000	0.000000	0.000000	0.000000	0.000000	0.000000	0.000000	0.000000	0.494048
37	tsk_37	(x)	1	:	0.000000	0.489988	0.000000	0.000000	0.000000	0.000004	0.000000	0.131062	0.000000	0.378947	0.000000
38	tsk_38	(x)	1	:	0.000000	0.520843	0.000000	0.000000	0.000000	0.000000	0.000000	0.037585	0.000000	0.049199	0.392373
39	tsk_39	(x)	1	:	0.000000	0.000000	0.000000	0.000000	0.000000	0.621073	0.000000	0.233697	0.000000	0.145230	0.000000
40	tsk_40	(x)	1	:	0.000000	0.000000	0.000000	0.000000	0.000000	0.000000	0.000000	0.666171	0.000000	0.333829	0.000000
41	tsk_41	(x)	1	:	0.000000	0.499163	0.000000	0.000000	0.000000	0.000000	0.500837	0.000000	0.000000	0.000000	0.000000
42	tsk_42	(x)	1	:	0.496647	0.000000	0.000000	0.000000	0.000000	0.000001	0.000000	0.321855	0.000000	0.181497	0.000000
43	tsk_43	(x)	1	:	0.000000	0.499163	0.000000	0.000000	0.000000	0.000000	0.500837	0.000000	0.000000	0.000000	0.000000
44	tsk_44	(x)	1	:	0.000000	0.000000	0.000000	0.000000	0.000000	0.000006	0.488254	0.368881	0.000000	0.142859	0.000000
45	tsk_45	(x)	1	:	0.000000	0.000000	0.000000	0.585595	0.000000	0.000000	0.414405	0.000000	0.000000	0.000000	0.000000
46	tsk_46	(x)	1	:	0.000000	0.488840	0.000000	0.000000	0.000000	0.000001	0.000000	0.033487	0.000000	0.024328	0.453344
47	tsk_47	(x)	1	:	0.000000	0.000000	0.000000	0.000000	0.000000	0.000004	0.488255	0.258532	0.000000	0.253210	0.000000
48	tsk_48	(x)	1	:	0.000000	1.000000	0.000000	0.000000	0.000000	0.000000	0.000000	0.000000	0.000000	0.000000	0.000000
49	tsk_49	(x)	1	:	0.065006	0.485605	0.000000	0.000000	0.000000	0.000000	0.000000	0.000000	0.449389	0.000000	0.000000
50	tsk_50	(x)	1	:	0.000000	0.000000	0.000000	0.000000	0.498802	0.000000	0.000000	0.095226	0.000000	0.405972	0.000000
51	tsk_51	(x)	1	:	0.000000	0.000000	0.000000	0.000000	0.000000	0.000000	0.000000	0.000000	1.000000	0.000000	0.000000
52	tsk_52	(x)	1	:	0.047806	0.000000	0.000000	0.000000	0.000000	0.000001	0.000000	0.253825	0.448992	0.249377	0.000000
53	tsk_53	(x)	1	:	0.000000	0.530456	0.000000	0.000000	0.000000	0.000000	0.000000	0.465969	0.000000	0.003575	0.000000
54	tsk_54	(x)	1	:	0.007171	0.000000	0.000000	0.000000	0.000000	0.535154	0.000000	0.000000	0.457675	0.000000	0.000000
55	tsk_55	(x)	1	:	0.047831	0.000000	0.000000	0.000000	0.000000	0.000000	0.000000	0.250016	0.448974	0.253179	0.000000
56	tsk_56	(x)	1	:	0.000000	0.489988	0.000000	0.000000	0.000000	0.000002	0.000000	0.234373	0.000000	0.275637	0.000000
57	tsk_57	(x)	1	:	0.061564	0.000000	0.000000	0.000000	0.000000	0.000000	0.489403	0.000000	0.449034	0.000000	0.000000
58	tsk_58	(x)	1	:	0.000000	0.000000	0.000000	0.000000	0.000000	0.000006	0.488254	0.274783	0.000000	0.236956	0.000000
59	tsk_59	(x)	1	:	0.047726	0.000000	0.000000	0.000000	0.000000	0.000001	0.000000	0.174667	0.449048	0.328557	0.000000
60	tsk_60	(x)	1	:	0.000000	0.000000	0.000000	0.000000	0.000000	0.000000	0.000000	0.703893	0.000000	0.296107	0.000000
61	tsk_61	(x)	1	:	0.000000	0.000000	0.000000	0.000000	1.000000	0.000000	0.000000	0.000000	0.000000	0.000000	0.000000
62	tsk_62	(x)	1	:	0.000000	0.000000	0.504047	0.000000	0.495481	0.000000	0.000000	0.000335	0.000000	0.000137	0.000000
63	tsk_63	(x)	1	:	0.000000	0.000000	0.000000	0.000000	0.000000	0.000006	0.488254	0.242358	0.000000	0.269381	0.000000
64	tsk_64	(x)	1	:	0.000000	0.000000	0.000000	0.000000	0.498802	0.000001	0.000000	0.218637	0.000000	0.282560	0.000000
65	tsk_65	(x)	1	:	0.000000	0.000000	0.000000	0.000000	1.000000	0.000000	0.000000	0.000000	0.000000	0.000000	0.000000
66	tsk_66	(x)	1	:	0.000000	0.000000	0.000000	0.000000	0.000000	0.384164	0.000000	0.425091	0.000000	0.190745	0.000000
67	tsk_67	(x)	1	:	0.000000	0.000000	0.000000	0.000000	1.000000	0.000000	0.000000	0.000000	0.000000	0.000000	0.000000
68	tsk_68	(x)	1	:	0.000000	0.000000	0.000000	0.000000	0.498802	0.000001	0.000000	0.147310	0.000000	0.353887	0.000000
69	tsk_69	(x)	1	:	0.000000	0.000000	0.000000	0.000000	0.000000	0.000000	0.000000	0.584629	0.000000	0.415371	0.000000
70	tsk_70	(x)	1	:	0.000047	0.464463	0.000000	0.000000	0.000000	0.000000	0.000000	0.000000	0.535490	0.000000	0.000000
71	tsk_71	(x)	1	:	0.000000	0.000000	0.000000	0.000000	0.000000	0.000000	0.000000	0.182312	0.518108	0.299579	0.000000
72	tsk_72	(x)	1	:	0.000000	0.000000	0.000000	0.000000	0.431046	0.000000	0.568954	0.000000	0.000000	0.000000	0.000000
73	tsk_73	(x)	1	:	0.000000	0.000000	0.000000	0.000000	1.000000	0.000000	0.000000	0.000000	0.000000	0.000000	0.000000
74	tsk_74	(x)	1	:	0.000000	0.530456	0.000000	0.000000	0.000000	0.000000	0.000000	0.466008	0.000000	0.003536	0.000000
75	tsk_75	(x)	1	:	0.000000	0.433791	0.000000	0.000000	0.000000	0.000000	0.566208	0.000000	0.000000	0.000000	0.000000
76	tsk_76	(x)	1	:	0.000000	0.000000	0.000000	0.000000	1.000000	0.000000	0.000000	0.000000	0.000000	0.000000	0.000000
77	tsk_77	(x)	1	:	0.000000	0.000000	0.000000	0.000000	1.000000	0.000000	0.000000	0.000000	0.000000	0.000000	0.000000
78	tsk_78	(x)	1	:	0.494613	0.000000	0.000000	0.000000	0.505387	0.000000	0.000000	0.000000	0.000000	0.000000	0.000000
79	tsk_79	(x)	1	:	0.000000	0.000000	0.000000	0.000000	0.498802	0.000000	0.000000	0.202096	0.000000	0.299101	0.000000
80	tsk_80	(x)	1	:	0.000000	0.000000	0.000000	0.521198	0.000000	0.478766	0.000036	0.000000	0.000000	0.000000	0.000000
81	tsk_81	(x)	1	:	0.000000	0.000000	0.000000	0.000000	0.498802	0.000001	0.000000	0.160631	0.000000	0.340566	0.000000
82	tsk_82	(x)	1	:	1.000000	0.000000	0.000000	0.000000	0.000000	0.000000	0.000000	0.000000	0.000000	0.000000	0.000000
83	tsk_83	(x)	1	:	0.000000	0.000000	0.000000	0.000000	0.498802	0.000001	0.000000	0.354400	0.000000	0.146797	0.000000
84	tsk_84	(x)	1	:	0.527516	0.000000	0.000000	0.000000	0.000000	0.472484	0.000000	0.000000	0.000000	0.000000	0.000000
85	tsk_85	(x)	1	:	0.527516	0.000000	0.000000	0.000000	0.000000	0.472484	0.000000	0.000000	0.000000	0.000000	0.000000
86	tsk_86	(x)	1	:	0.000000	0.000000	0.000000	0.000000	0.000000	0.000000	0.000000	0.717817	0.000000	0.282183	0.000000
87	tsk_87	(x)	1	:	0.527516	0.000000	0.000000	0.000000	0.000000	0.472484	0.000000	0.000000	0.000000	0.000000	0.000000
88	tsk_88	(x)	1	:	0.000000	0.000000	0.000000	0.000000	0.530154	0.469846	0.000000	0.000000	0.000000	0.000000	0.000000
89	tsk_89	(x)	1	:	0.000000	0.000000	0.000000	0.500998	0.499002	0.000000	0.000000	0.000000	0.000000	0.000000	0.000000
90	tsk_90	(x)	1	:	0.065002	0.485607	0.000000	0.000000	0.000000	0.000000	0.000000	0.000000	0.449392	0.000000	0.000000
91	tsk_91	(x)	1	:	0.000000	0.489988	0.000000	0.000000	0.000000	0.000004	0.000000	0.146126	0.000000	0.363883	0.000000
92	tsk_92	(x)	1	:	0.000000	0.000000	0.000000	0.500000	0.000000	0.000000	0.000000	0.323006	0.000000	0.176994	0.000000
93	tsk_93	(x)	1	:	0.000000	0.491413	0.000000	0.508587	0.000000	0.000000	0.000000	0.000000	0.000000	0.000000	0.000000
94	tsk_94	(x)	1	:	0.000000	0.000000	0.000000	0.000000	0.000000	0.000000	0.000000	0.627201	0.000000	0.372799	0.000000
95	tsk_95	(x)	1	:	0.000000	0.000000	0.000000	0.000000	0.000000	0.000001	0.488255	0.332261	0.000000	0.179483	0.000000
96	tsk_96	(x)	1	:	0.000000	0.000000	0.000000	0.500998	0.499002	0.000000	0.000000	0.000000	0.000000	0.000000	0.000000
97	tsk_97	(x)	1	:	0.514405	0.485595	0.000000	0.000000	0.000000	0.000000	0.000000	0.000000	0.000000	0.000000	0.000000
98	tsk_98	(x)	1	:	0.048255	0.000000	0.000000	0.502690	0.000000	0.000000	0.000000	0.000000	0.449055	0.000000	0.000000
99	tsk_99	(x)	1	:	0.000000	0.000000	0.000000	0.000000	0.000000	0.000000	0.512409	0.357047	0.000000	0.130544	0.000000
100	tsk_100	(x)	1	:	0.000000	0.000000	0.000000	0.000000	0.000000	0.000000	0.000000	0.000000	0.000000	0.000000	1.000000
101	tsk_101	(x)	1	:	0.000000	0.000000	0.000000	0.000000	0.000000	0.000000	0.000000	0.693235	0.000000	0.306765	0.000000
102	tsk_102	(x)	1	:	0.000000	0.000000	0.000000	0.000000	0.000000	0.000000	0.000000	0.385173	0.000000	0.154782	0.460045
103	tsk_103	(x)	1	:	0.046722	0.000000	0.000000	0.000000	0.000000	0.000000	0.000000	0.022602	0.448885	0.027601	0.454189
104	tsk_104	(x)	1	:	0.000000	0.000000	0.000000	0.000000	0.000000	0.000000	0.000000	0.000000	1.000000	0.000000	0.000000
105	tsk_105	(x)	1	:	0.000000	0.000000	0.000000	0.000000	0.000000	0.000000	0.000000	0.000000	1.000000	0.000000	0.000000
106	tsk_106	(x)	1	:	0.000000	0.000000	0.000000	0.000000	0.000000	0.000000	0.000000	0.000000	1.000000	0.000000	0.000000
107	tsk_107	(x)	1	:	0.000000	0.000000	0.000000	0.000000	0.544914	0.000000	0.000000	0.161444	0.000000	0.293642	0.000000
108	tsk_108	(x)	1	:	0.000000	0.000000	0.000000	0.000000	0.000000	0.000000	0.000000	0.000000	0.000000	0.000000	1.000000
109	tsk_109	(x)	1	:	0.000000	0.000000	0.000000	0.000000	0.000000	0.000000	0.000000	0.460671	0.000000	0.539328	0.000000
110	tsk_110	(x)	1	:	0.075523	0.000000	0.260406	0.000000	0.000000	0.214989	0.000000	0.000000	0.449082	0.000000	0.000000
111	tsk_111	(x)	1	:	0.047823	0.000000	0.000000	0.000000	0.000000	0.000001	0.000000	0.203468	0.448979	0.299729	0.000000
112	tsk_112	(x)	1	:	0.543937	0.000000	0.000000	0.000000	0.000000	0.000000	0.000000	0.191984	0.000000	0.264078	0.000000
113	tsk_113	(x)	1	:	0.496647	0.000000	0.000000	0.000000	0.000000	0.000001	0.000000	0.223520	0.000000	0.279833	0.000000
114	tsk_114	(x)	1	:	0.000000	0.000000	0.385490	0.000000	0.000000	0.350404	0.000000	0.144170	0.000000	0.119935	0.000000
115	tsk_115	(x)	1	:	0.000000	0.000000	0.000000	0.000000	0.000000	0.384164	0.000000	0.305151	0.000000	0.310684	0.000000
116	tsk_116	(x)	1	:	0.000000	0.000000	0.000000	0.000000	0.000000	0.000000	0.000000	0.937777	0.000000	0.062223	0.000000
117	tsk_117	(x)	1	:	0.000000	0.000000	0.000000	0.000000	0.498802	0.000001	0.000000	0.176209	0.000000	0.324988	0.000000
118	tsk_118	(x)	1	:	0.047813	0.000000	0.000000	0.000000	0.000000	0.000001	0.000000	0.351841	0.448986	0.151358	0.000000
119	tsk_119	(x)	1	:	0.000000	0.000000	0.000000	0.000000	0.530154	0.469846	0.000000	0.000000	0.000000	0.000000	0.000000
120	tsk_120	(x)	1	:	0.000000	0.000000	0.000000	0.000000	0.000000	0.587319	0.000000	0.000439	0.000000	0.000498	0.411743
121	tsk_121	(x)	1	:	0.042800	0.000000	0.506217	0.000000	0.000000	0.000000	0.000000	0.000278	0.450402	0.000302	0.000000
122	tsk_122	(x)	1	:	0.000000	0.000000	0.000000	0.000000	0.000000	0.621073	0.000000	0.293244	0.000000	0.085683	0.000000
123	tsk_123	(x)	1	:	0.046691	0.000000	0.000000	0.000000	0.504655	0.000000	0.000000	0.000000	0.448654	0.000000	0.000000
124	tsk_124	(x)	1	:	0.000000	0.000000	0.000000	0.000000	0.497392	0.000000	0.000000	0.016838	0.000000	0.032571	0.453199
125	tsk_125	(x)	1	:	0.046698	0.000000	0.000000	0.000000	0.504651	0.000000	0.000000	0.000000	0.448651	0.000000	0.000000
126	tsk_126	(x)	1	:	0.000000	0.000000	0.000000	0.000000	0.000000	0.621073	0.000000	0.299599	0.000000	0.079328	0.000000
127	tsk_127	(x)	1	:	0.000000	0.000000	0.425841	0.000000	0.000000	0.574153	0.000000	0.000003	0.000000	0.000003	0.000000
128	tsk_128	(x)	1	:	0.011831	0.000000	0.000000	0.000000	0.000000	0.542211	0.000000	0.000000	0.445958	0.000000	0.000000
129	tsk_129	(x)	1	:	0.000000	0.000000	0.000000	0.000000	0.000000	1.000000	0.000000	0.000000	0.000000	0.000000	0.000000
130	tsk_130	(x)	1	:	0.000000	0.482014	0.000000	0.000000	0.517986	0.000000	0.000000	0.000000	0.000000	0.000000	0.000000
131	tsk_131	(x)	1	:	0.000000	0.000000	0.000000	0.000000	0.000000	0.000008	0.488254	0.310065	0.000000	0.201672	0.000000
132	tsk_132	(x)	1	:	0.000000	1.000000	0.000000	0.000000	0.000000	0.000000	0.000000	0.000000	0.000000	0.000000	0.000000
133	tsk_133	(x)	1	:	0.000000	0.000000	0.000000	0.000000	0.000000	0.000000	0.000000	0.670046	0.000000	0.329954	0.000000
134	tsk_134	(x)	1	:	0.000000	1.000000	0.000000	0.000000	0.000000	0.000000	0.000000	0.000000	0.000000	0.000000	0.000000
135	tsk_135	(x)	1	:	0.000000	0.000000	0.000000	0.000000	0.498802	0.000001	0.000000	0.138968	0.000000	0.362229	0.000000
136	tsk_136	(x)	1	:	0.000000	0.482014	0.000000	0.000000	0.517986	0.000000	0.000000	0.000000	0.000000	0.000000	0.000000
137	tsk_137	(x)	1	:	0.000000	0.000000	0.000000	1.000000	0.000000	0.000000	0.000000	0.000000	0.000000	0.000000	0.000000
138	tsk_138	(x)	1	:	0.000000	0.000000	0.000000	0.000000	0.000000	0.000006	0.488254	0.353006	0.000000	0.158734	0.000000
139	tsk_139	(x)	1	:	0.000000	0.000000	0.000000	0.000000	0.498802	0.000001	0.000000	0.308823	0.000000	0.192374	0.000000
140	tsk_140	(x)	1	:	0.000000	0.513545	0.000000	0.000000	0.000000	0.486455	0.000000	0.000000	0.000000	0.000000	0.000000
141	tsk_141	(x)	1	:	0.000001	0.000000	0.000000	0.000000	0.000000	0.000000	0.463850	0.000000	0.536149	0.000000	0.000000
142	tsk_142	(x)	1	:	0.000000	0.000000	0.000000	0.000000	0.000000	0.000000	0.000000	0.771961	0.000000	0.228039	0.000000
143	tsk_143	(x)	1	:	0.000000	0.000000	0.000000	0.000000	0.000000	0.000000	0.000000	0.114300	0.522879	0.362821	0.000000
144	tsk_144	(x)	1	:	0.000000	0.000000	0.000000	0.000000	0.000000	0.000000	0.000000	0.093639	0.522879	0.383482	0.000000
145	tsk_145	(x)	1	:	0.000028	0.000000	0.000000	0.000000	0.000000	0.454324	0.000000	0.000000	0.545648	0.000000	0.000000
146	tsk_146	(x)	1	:	0.000000	0.000000	0.000000	0.000000	0.000000	0.000006	0.488254	0.254656	0.000000	0.257084	0.000000
147	tsk_147	(x)	1	:	0.000000	0.513545	0.000000	0.000000	0.000000	0.486455	0.000000	0.000000	0.000000	0.000000	0.000000
148	tsk_148	(x)	1	:	0.000000	0.000000	0.000000	0.000000	0.000000	0.000000	0.000000	0.423755	0.000000	0.576245	0.000000
149	tsk_149	(x)	1	:	0.000000	0.000000	0.000000	0.000000	0.000000	0.384164	0.000000	0.315785	0.000000	0.300051	0.000000
