logL = -2025.837625 (converged)
AIC = 5327.675250
BIC = 7248.460567

count.K
24 52 42 32 

