logL = -2112.034797 (converged)
AIC = 8214.069593
BIC = 14220.287005

count.K
10 10 29 20 16 4 3 25 15 4 14 

