logL = -2134.128242 (converged)
AIC = 5168.256484
BIC = 6523.042366

count.K
50 75 25 

