logL = -1800.817669 (converged)
AIC = 6703.635339
BIC = 11373.130680

count.K
24 16 48 8 26 3 6 15 4 

