logL = -2228.351606 (converged)
AIC = 5392.703211
BIC = 6801.680529

count.K
9 81 60 

