0	tsk_0	(x)	1	:	0.000000	0.250826	0.000000	0.284075	0.000000	0.000000	0.000000	0.000000	0.000000	0.000000	0.000000	0.000000	0.000000	0.000000	0.465099
1	tsk_1	(x)	1	:	0.000000	0.000000	0.000000	0.000000	0.000000	0.000000	0.000000	0.000000	0.000000	0.000000	0.000000	1.000000	0.000000	0.000000	0.000000
2	tsk_2	(x)	1	:	0.000000	0.000000	0.000000	0.372167	0.000000	0.000000	0.000000	0.000000	0.000000	0.000000	0.000000	0.000000	0.000000	0.000000	0.627833
3	tsk_3	(x)	1	:	0.000000	0.000000	0.000000	0.148274	0.000000	0.000000	0.000031	0.000000	0.000000	0.000000	0.000000	0.499973	0.000000	0.000000	0.351722
4	tsk_4	(x)	1	:	0.000000	0.000000	0.000000	0.495138	0.000000	0.000000	0.000000	0.000000	0.000000	0.000000	0.000000	0.000000	0.000000	0.000000	0.504861
5	tsk_5	(x)	1	:	0.000000	0.250826	0.000000	0.245930	0.000000	0.000000	0.000000	0.000000	0.000000	0.000000	0.000000	0.000000	0.000000	0.000000	0.503244
6	tsk_6	(x)	1	:	0.000000	0.000000	0.000000	0.608594	0.000000	0.000000	0.000000	0.000000	0.000000	0.000000	0.000000	0.000000	0.000000	0.000000	0.391405
7	tsk_7	(x)	1	:	0.000000	0.000000	0.000000	0.182777	0.000000	0.000000	0.000000	0.000000	0.000000	0.000000	0.000000	0.000000	0.000000	0.000000	0.817223
8	tsk_8	(x)	1	:	0.000000	0.000000	0.000000	0.591163	0.000000	0.000000	0.000000	0.000000	0.000000	0.000000	0.000000	0.000000	0.000000	0.000000	0.408837
9	tsk_9	(x)	1	:	0.000000	0.000000	0.000000	0.420281	0.000000	0.000000	0.000000	0.000000	0.000000	0.000000	0.000000	0.000000	0.000000	0.000000	0.579719
10	tsk_10	(x)	1	:	0.000000	0.000000	0.379853	0.000000	0.000000	0.432073	0.000000	0.000000	0.000000	0.188073	0.000000	0.000000	0.000000	0.000000	0.000000
11	tsk_11	(x)	1	:	0.000000	0.000000	0.138270	0.178832	0.000000	0.000000	0.000000	0.500397	0.000000	0.000000	0.000000	0.000000	0.000000	0.000000	0.182501
12	tsk_12	(x)	1	:	0.000000	0.000000	0.382557	0.336323	0.000000	0.000000	0.000000	0.000000	0.000000	0.217674	0.000000	0.000000	0.000000	0.000000	0.063446
13	tsk_13	(x)	1	:	0.000000	0.000000	0.000000	0.398092	0.000000	0.446140	0.000000	0.000000	0.000000	0.000000	0.000000	0.000000	0.000000	0.000000	0.155768
14	tsk_14	(x)	1	:	0.000000	0.000000	0.000000	0.331442	0.000000	0.000000	0.000000	0.000000	0.000000	0.000000	0.000000	0.000000	0.500000	0.000000	0.168558
15	tsk_15	(x)	1	:	0.000000	0.000000	0.000000	0.399301	0.000000	0.000000	0.000000	0.000000	0.000000	0.500000	0.000000	0.000000	0.000000	0.000000	0.100698
16	tsk_16	(x)	1	:	0.500000	0.000000	0.000000	0.000000	0.000000	0.000000	0.000000	0.000000	0.000000	0.000000	0.000000	0.000000	0.500000	0.000000	0.000000
17	tsk_17	(x)	1	:	0.000000	0.000000	0.000000	0.416960	0.000000	0.000000	0.000000	0.000000	0.000000	0.000000	0.000000	0.000000	0.500000	0.000000	0.083040
18	tsk_18	(x)	1	:	0.000000	0.000000	0.000000	0.298795	0.000000	0.000000	0.000000	0.000000	0.000000	0.000000	0.000000	0.000000	0.500000	0.000000	0.201205
19	tsk_19	(x)	1	:	0.495194	0.000000	0.000000	0.497609	0.000000	0.000000	0.000000	0.000000	0.000000	0.000000	0.000000	0.000000	0.007197	0.000000	0.000000
20	tsk_20	(x)	1	:	0.000000	0.000000	0.382578	0.364079	0.000000	0.000000	0.000000	0.000000	0.000000	0.217551	0.000000	0.000000	0.000000	0.000000	0.035793
21	tsk_21	(x)	1	:	0.000000	0.000000	0.378928	0.000000	0.000000	0.000000	0.000000	0.000000	0.000000	0.151557	0.000000	0.000000	0.469515	0.000000	0.000000
22	tsk_22	(x)	1	:	0.000000	0.000000	0.000000	0.218511	0.000000	0.000000	0.000000	0.000000	0.000000	0.000000	0.000000	0.000000	0.000000	0.000000	0.781489
23	tsk_23	(x)	1	:	0.000000	0.000000	0.563781	0.000000	0.000000	0.000000	0.000000	0.000000	0.000000	0.000000	0.000000	0.000000	0.000000	0.000000	0.436219
24	tsk_24	(x)	1	:	0.000000	0.000000	0.563781	0.000000	0.000000	0.000000	0.000000	0.000000	0.000000	0.000000	0.000000	0.000000	0.000000	0.000000	0.436219
25	tsk_25	(x)	1	:	0.000000	0.000000	0.138269	0.230727	0.000000	0.000000	0.000000	0.000000	0.000000	0.000000	0.000000	0.000000	0.500186	0.000000	0.130819
26	tsk_26	(x)	1	:	0.000000	0.000000	0.000000	0.145507	0.000000	0.000000	0.000000	0.000000	0.000000	0.000000	0.000000	0.000000	0.000000	0.500000	0.354493
27	tsk_27	(x)	1	:	0.000000	0.000000	0.138265	0.156085	0.000000	0.000000	0.000000	0.000000	0.000000	0.000000	0.000000	0.000000	0.000000	0.500081	0.205569
28	tsk_28	(x)	1	:	0.000000	0.000000	0.000000	0.000000	0.000000	0.000000	0.000000	0.000000	0.000000	0.000000	0.000000	0.000000	0.500000	0.500000	0.000000
29	tsk_29	(x)	1	:	0.000000	0.000000	0.000000	0.000000	0.000000	0.000000	0.000000	0.000000	0.000000	0.000000	0.000000	0.000000	0.500000	0.500000	0.000000
30	tsk_30	(x)	1	:	0.000000	0.000000	0.000000	0.216702	0.000000	0.000000	0.000000	0.000000	0.000000	0.000000	0.000000	0.000000	0.500000	0.000000	0.283298
31	tsk_31	(x)	1	:	0.000000	0.000000	0.000000	0.163336	0.000000	0.000000	0.000000	0.000000	0.000000	0.000000	0.000000	0.000000	0.500000	0.000000	0.336664
32	tsk_32	(x)	1	:	0.000000	0.000000	0.000000	0.500000	0.000000	0.000000	0.000000	0.000000	0.000000	0.000000	0.000000	0.000000	0.000000	0.500000	0.000000
33	tsk_33	(x)	1	:	0.000000	0.000000	0.000000	0.000000	0.000000	0.000000	0.000000	0.000000	0.000000	0.000000	0.000000	0.000000	0.500000	0.500000	0.000000
34	tsk_34	(x)	1	:	0.000000	0.000000	0.000000	0.000000	0.000000	0.000000	0.000000	0.000000	0.000000	0.000000	0.000000	0.000000	1.000000	0.000000	0.000000
35	tsk_35	(x)	1	:	0.000000	0.000000	0.000000	0.001917	0.000000	0.000000	0.000000	0.000000	0.000000	0.000000	0.000000	0.000000	0.498722	0.499362	0.000000
36	tsk_36	(x)	1	:	0.000000	0.000000	0.000000	0.000000	0.000000	0.000000	0.000000	0.000000	0.000000	0.000000	0.000000	0.000000	1.000000	0.000000	0.000000
37	tsk_37	(x)	1	:	0.000000	0.000000	0.000000	0.000000	0.000000	0.000000	0.000000	0.000000	0.000000	0.000000	0.000000	0.000000	1.000000	0.000000	0.000000
38	tsk_38	(x)	1	:	0.000000	0.000000	0.000000	0.000000	0.000000	0.000000	0.000000	0.000000	0.000000	0.000000	0.000000	0.000000	0.000000	1.000000	0.000000
39	tsk_39	(x)	1	:	0.000000	0.000000	0.000000	0.000000	0.000000	0.000000	0.000000	0.000000	0.000000	0.000000	0.000000	0.000000	0.500000	0.500000	0.000000
40	tsk_40	(x)	1	:	0.000000	0.000000	0.000000	0.279582	0.000000	0.000000	0.000000	0.500000	0.000000	0.000000	0.000000	0.000000	0.000000	0.000000	0.220417
41	tsk_41	(x)	1	:	0.000000	0.000000	0.000000	0.239970	0.000000	0.244572	0.000000	0.000000	0.000000	0.000000	0.000000	0.000000	0.377714	0.000000	0.137744
42	tsk_42	(x)	1	:	0.000000	0.000000	0.000000	0.108655	0.000000	0.000000	0.000000	0.000000	0.000000	0.000000	0.000000	0.000000	0.500000	0.000000	0.391345
43	tsk_43	(x)	1	:	0.000000	0.000000	0.000000	0.000000	0.000000	0.000000	0.000000	0.500000	0.000000	0.000000	0.000000	0.000000	0.500000	0.000000	0.000000
44	tsk_44	(x)	1	:	0.500000	0.000000	0.000000	0.000000	0.000000	0.000000	0.000000	0.000000	0.000000	0.000000	0.000000	0.000000	0.500000	0.000000	0.000000
45	tsk_45	(x)	1	:	0.498432	0.000000	0.000000	0.002042	0.000000	0.000000	0.000000	0.000000	0.000000	0.000000	0.000000	0.495267	0.000000	0.000000	0.004258
46	tsk_46	(x)	1	:	0.000000	0.000000	0.000000	0.103967	0.000000	0.244572	0.000000	0.000000	0.000000	0.000000	0.000000	0.000000	0.377714	0.000000	0.273747
47	tsk_47	(x)	1	:	0.497723	0.000000	0.000000	0.003279	0.000000	0.000000	0.000000	0.000000	0.000000	0.000000	0.000000	0.495435	0.001144	0.000000	0.002418
48	tsk_48	(x)	1	:	0.495955	0.000000	0.000000	0.337644	0.000000	0.000000	0.000000	0.000000	0.000000	0.000000	0.000000	0.000000	0.006060	0.000000	0.160342
49	tsk_49	(x)	1	:	0.000000	0.000000	0.000000	0.163300	0.000000	0.244572	0.000000	0.000000	0.000000	0.000000	0.000000	0.000000	0.377711	0.000000	0.214416
50	tsk_50	(x)	1	:	0.500000	0.000000	0.000000	0.000000	0.000000	0.000000	0.000000	0.000000	0.000000	0.000000	0.000000	0.000000	0.000000	0.500000	0.000000
51	tsk_51	(x)	1	:	0.495590	0.000000	0.000000	0.289114	0.000000	0.000000	0.000000	0.000000	0.000000	0.000000	0.000000	0.000000	0.006606	0.000000	0.208690
52	tsk_52	(x)	1	:	0.496530	0.000000	0.000000	0.119042	0.000000	0.000000	0.000000	0.000000	0.000000	0.000000	0.000000	0.000000	0.005199	0.000000	0.379229
53	tsk_53	(x)	1	:	0.000000	0.000000	0.000000	0.141235	0.000000	0.000000	0.000000	0.000000	0.000000	0.000000	0.000000	0.000000	0.000000	0.500000	0.358764
54	tsk_54	(x)	1	:	0.015282	0.000000	0.000000	0.000000	0.000000	0.000000	0.000000	0.000000	0.497565	0.000000	0.000000	0.000000	0.487153	0.000000	0.000000
55	tsk_55	(x)	1	:	0.495735	0.000000	0.000000	0.333852	0.000000	0.000000	0.000000	0.000000	0.000000	0.000000	0.000000	0.000000	0.006389	0.000000	0.164025
56	tsk_56	(x)	1	:	1.000000	0.000000	0.000000	0.000000	0.000000	0.000000	0.000000	0.000000	0.000000	0.000000	0.000000	0.000000	0.000000	0.000000	0.000000
57	tsk_57	(x)	1	:	0.495578	0.000000	0.000000	0.089876	0.000000	0.000000	0.000000	0.000000	0.000000	0.000000	0.000000	0.000000	0.006624	0.000000	0.407923
58	tsk_58	(x)	1	:	0.000000	0.000000	0.000000	0.000481	0.000000	0.000000	0.000000	0.000000	0.000000	0.000000	0.000000	0.495254	0.497638	0.000000	0.006627
59	tsk_59	(x)	1	:	0.500000	0.000000	0.000000	0.000000	0.000000	0.000000	0.000000	0.000000	0.000000	0.000000	0.000000	0.000000	0.000000	0.500000	0.000000
60	tsk_60	(x)	1	:	0.009182	0.000000	0.000000	0.115602	0.000000	0.000000	0.000000	0.000000	0.495628	0.000000	0.000000	0.000000	0.000014	0.000000	0.379573
61	tsk_61	(x)	1	:	0.000000	0.000000	0.129050	0.482539	0.000000	0.000000	0.000000	0.000000	0.000000	0.000000	0.000000	0.000000	0.000000	0.000000	0.388412
62	tsk_62	(x)	1	:	0.000000	0.000000	0.000000	0.553360	0.000000	0.000000	0.000000	0.000000	0.000000	0.000000	0.000000	0.000000	0.000000	0.000000	0.446640
63	tsk_63	(x)	1	:	0.000000	0.000000	0.000000	0.676958	0.000000	0.000000	0.000000	0.000000	0.000000	0.000000	0.000000	0.000000	0.000000	0.000000	0.323042
64	tsk_64	(x)	1	:	0.037909	0.000000	0.000000	0.000000	0.000000	0.460502	0.000000	0.000000	0.501588	0.000000	0.000000	0.000000	0.000000	0.000000	0.000000
65	tsk_65	(x)	1	:	0.000000	0.000000	0.000000	0.135811	0.000000	0.000000	0.000000	0.000000	0.000000	0.000000	0.000000	0.000000	0.500000	0.000000	0.364189
66	tsk_66	(x)	1	:	0.006044	0.000000	0.000000	0.000000	0.000000	0.000000	0.000000	0.000000	0.496748	0.000000	0.497208	0.000000	0.000000	0.000000	0.000000
67	tsk_67	(x)	1	:	0.006044	0.000000	0.000000	0.000000	0.000000	0.000000	0.000000	0.000000	0.496748	0.000000	0.497208	0.000000	0.000000	0.000000	0.000000
68	tsk_68	(x)	1	:	0.007941	0.000000	0.000000	0.000000	0.000000	0.000000	0.000000	0.000000	0.494296	0.000000	0.000000	0.000000	0.000000	0.497763	0.000000
69	tsk_69	(x)	1	:	0.009151	0.000000	0.000000	0.148363	0.000000	0.000000	0.000000	0.000000	0.495625	0.000000	0.000000	0.000000	0.000068	0.000000	0.346794
70	tsk_70	(x)	1	:	0.000000	0.000000	0.000000	0.251906	0.000000	0.000000	0.000000	0.000000	0.000000	0.500000	0.000000	0.000000	0.000000	0.000000	0.248093
71	tsk_71	(x)	1	:	0.000000	0.000000	0.000000	0.053867	0.000000	0.446137	0.000008	0.000000	0.000000	0.000000	0.000000	0.499988	0.000000	0.000000	0.000000
72	tsk_72	(x)	1	:	0.000000	0.000000	0.000000	0.000000	0.000000	1.000000	0.000000	0.000000	0.000000	0.000000	0.000000	0.000000	0.000000	0.000000	0.000000
73	tsk_73	(x)	1	:	0.000000	0.000000	0.000000	0.306436	0.000000	0.000000	0.000000	0.000000	0.000000	0.500000	0.000000	0.000000	0.000000	0.000000	0.193564
74	tsk_74	(x)	1	:	0.000000	0.000000	0.000000	0.007582	0.000000	0.000000	0.000000	0.000000	0.000000	0.000000	0.000000	0.494937	0.497481	0.000000	0.000000
75	tsk_75	(x)	1	:	0.000000	0.000000	0.000000	0.027889	0.000000	0.000000	0.659818	0.000000	0.000000	0.301738	0.000000	0.001315	0.000000	0.000000	0.009239
76	tsk_76	(x)	1	:	0.000000	0.000000	0.000000	0.019500	0.000000	0.000000	0.661298	0.000000	0.000000	0.301102	0.000000	0.000000	0.000000	0.000000	0.018099
77	tsk_77	(x)	1	:	0.000000	0.000000	0.000000	0.000659	0.000000	0.000000	0.000000	0.000000	0.000000	0.000000	0.000000	0.495859	0.497938	0.000000	0.005544
78	tsk_78	(x)	1	:	0.000000	0.000000	0.000000	0.000000	0.000000	0.000000	0.000000	0.000000	0.000000	1.000000	0.000000	0.000000	0.000000	0.000000	0.000000
79	tsk_79	(x)	1	:	0.000000	0.000000	0.000000	0.035915	0.000000	0.000000	0.661569	0.000000	0.000000	0.301909	0.000000	0.000606	0.000000	0.000000	0.000000
80	tsk_80	(x)	1	:	0.000000	0.000000	0.000000	0.000000	0.000000	0.000000	0.000000	0.000000	0.000000	1.000000	0.000000	0.000000	0.000000	0.000000	0.000000
81	tsk_81	(x)	1	:	0.000000	0.000000	0.000000	0.436213	0.000000	0.000000	0.000000	0.000000	0.000000	0.500000	0.000000	0.000000	0.000000	0.000000	0.063786
82	tsk_82	(x)	1	:	0.495262	0.000000	0.000000	0.497642	0.000000	0.000000	0.000000	0.000000	0.000000	0.000000	0.000000	0.000000	0.007095	0.000000	0.000000
83	tsk_83	(x)	1	:	0.000000	0.000000	0.000000	0.387575	0.000000	0.000000	0.000000	0.000000	0.000000	0.500000	0.000000	0.000000	0.000000	0.000000	0.112425
84	tsk_84	(x)	1	:	0.000000	0.000000	0.000000	0.108544	0.000000	0.000000	0.000031	0.000000	0.000000	0.000000	0.000000	0.499973	0.000000	0.000000	0.391451
85	tsk_85	(x)	1	:	0.000000	0.000000	0.000000	0.310711	0.000000	0.000000	0.000000	0.000000	0.000000	0.500000	0.000000	0.000000	0.000000	0.000000	0.189289
86	tsk_86	(x)	1	:	0.000000	0.000000	0.000000	0.254457	0.000000	0.000000	0.000001	0.000000	0.000000	0.500000	0.000000	0.000000	0.000000	0.000000	0.245542
87	tsk_87	(x)	1	:	0.495518	0.000000	0.000000	0.252891	0.000000	0.000000	0.000000	0.000000	0.000000	0.000000	0.000000	0.000000	0.006713	0.000000	0.244878
88	tsk_88	(x)	1	:	0.000000	0.000000	0.000000	0.168621	0.000000	0.000000	0.000001	0.000000	0.000000	0.500000	0.000000	0.000000	0.000000	0.000000	0.331378
89	tsk_89	(x)	1	:	0.495980	0.000000	0.000000	0.287676	0.000000	0.000000	0.000000	0.000000	0.000000	0.000000	0.000000	0.000000	0.006021	0.000000	0.210322
90	tsk_90	(x)	1	:	0.000000	0.000000	0.000000	0.000000	0.000000	0.000000	0.000000	0.000000	0.000000	0.000000	0.502367	0.000000	0.000000	0.000000	0.497633
91	tsk_91	(x)	1	:	0.000000	0.000000	0.000000	0.164994	0.000000	0.000000	0.000000	0.000000	0.000000	0.000000	0.502367	0.000000	0.000000	0.000000	0.332639
92	tsk_92	(x)	1	:	0.000000	0.000000	0.000000	0.108491	0.000000	0.000000	0.000000	0.000000	0.000000	0.000000	0.502367	0.000000	0.000000	0.000000	0.389142
93	tsk_93	(x)	1	:	0.000000	0.000000	0.000000	0.196604	0.000000	0.000000	0.000000	0.000000	0.000000	0.000000	0.502367	0.000000	0.000000	0.000000	0.301029
94	tsk_94	(x)	1	:	0.000000	0.000000	0.000000	0.421851	0.000000	0.000000	0.000000	0.000000	0.000000	0.000000	0.000000	0.000000	0.000000	0.000000	0.578149
95	tsk_95	(x)	1	:	0.000000	0.000000	0.000000	0.352586	0.000000	0.000000	0.000000	0.000000	0.000000	0.000000	0.502367	0.000000	0.000000	0.000000	0.145047
96	tsk_96	(x)	1	:	0.000000	0.000000	0.000000	0.339016	0.000000	0.000000	0.000000	0.000000	0.000000	0.000000	0.000000	0.000000	0.000000	0.500000	0.160983
97	tsk_97	(x)	1	:	0.000000	0.000000	0.000000	0.796106	0.000000	0.000000	0.000000	0.000000	0.000000	0.000000	0.000000	0.000000	0.000000	0.000000	0.203894
98	tsk_98	(x)	1	:	0.000000	0.000000	0.000000	0.553451	0.000000	0.000000	0.000000	0.000000	0.000000	0.000000	0.000000	0.000000	0.000000	0.000000	0.446548
99	tsk_99	(x)	1	:	0.000000	0.000000	0.000000	0.166271	0.000000	0.000000	0.000000	0.000000	0.000000	0.000000	0.502367	0.000000	0.000000	0.000000	0.331362
100	tsk_100	(x)	1	:	0.000000	0.000000	0.000000	0.214852	0.000000	0.000000	0.000000	0.000000	0.000000	0.000000	0.000000	0.000000	0.500000	0.000000	0.285147
101	tsk_101	(x)	1	:	0.000000	0.000000	0.000000	0.000000	0.000000	0.000000	0.000000	0.000000	0.000000	0.000000	0.000000	0.000000	1.000000	0.000000	0.000000
102	tsk_102	(x)	1	:	0.000000	0.000000	0.000000	0.423135	0.000000	0.000000	0.000000	0.000000	0.000000	0.000000	0.000000	0.000000	0.499999	0.000000	0.076865
103	tsk_103	(x)	1	:	0.000000	0.000000	0.000000	0.656802	0.000000	0.000000	0.000000	0.000000	0.000000	0.000000	0.000000	0.000000	0.000000	0.000000	0.343198
104	tsk_104	(x)	1	:	0.000000	0.000000	0.000000	0.000000	0.000000	0.000000	0.000000	0.000000	0.000000	0.000000	0.000000	0.000000	1.000000	0.000000	0.000000
105	tsk_105	(x)	1	:	0.500000	0.000000	0.000000	0.000000	0.000000	0.000000	0.000000	0.000000	0.000000	0.000000	0.000000	0.000000	0.500000	0.000000	0.000000
106	tsk_106	(x)	1	:	0.000000	0.000000	0.000000	0.268797	0.000000	0.000000	0.000000	0.000000	0.000000	0.000000	0.000000	0.000000	0.500000	0.000000	0.231203
107	tsk_107	(x)	1	:	0.000000	0.000000	0.000000	0.000000	0.322033	0.000000	0.000000	0.000000	0.000000	0.000000	0.000000	0.000000	0.000000	0.000000	0.677967
108	tsk_108	(x)	1	:	0.000000	0.000000	0.000000	0.000000	0.000000	0.000000	0.000000	0.000000	0.000000	0.000000	0.000000	0.000000	1.000000	0.000000	0.000000
109	tsk_109	(x)	1	:	0.000000	0.000000	0.000000	0.216319	0.000000	0.000000	0.000000	0.000000	0.000000	0.000000	0.000000	0.000000	0.500000	0.000000	0.283680
110	tsk_110	(x)	1	:	0.000000	0.000000	0.000000	0.000000	0.000000	0.000000	0.000000	1.000000	0.000000	0.000000	0.000000	0.000000	0.000000	0.000000	0.000000
111	tsk_111	(x)	1	:	0.000000	0.000000	0.000000	0.000000	0.000000	0.000000	0.000000	0.500000	0.000000	0.000000	0.000000	0.000000	0.000000	0.000000	0.500000
112	tsk_112	(x)	1	:	0.000000	0.000000	0.000000	0.003117	0.000000	0.000000	0.000000	0.497246	0.000000	0.497245	0.000000	0.000000	0.000000	0.000000	0.002391
113	tsk_113	(x)	1	:	0.000000	0.000000	0.000000	0.257881	0.000000	0.000000	0.000000	0.500000	0.000000	0.000000	0.000000	0.000000	0.000000	0.000000	0.242119
114	tsk_114	(x)	1	:	0.000000	0.000000	0.000000	0.245673	0.000000	0.000000	0.000000	0.500000	0.000000	0.000000	0.000000	0.000000	0.000000	0.000000	0.254327
115	tsk_115	(x)	1	:	0.000000	0.000000	0.000000	0.255543	0.000000	0.000000	0.000000	0.000000	0.000000	0.500000	0.000000	0.000000	0.000000	0.000000	0.244457
116	tsk_116	(x)	1	:	0.000000	0.000000	0.000000	0.243757	0.000000	0.000000	0.000000	0.000000	0.000000	0.499999	0.000000	0.000000	0.000000	0.000000	0.256243
117	tsk_117	(x)	1	:	0.000000	0.000000	0.000000	0.000396	0.000000	0.000000	0.000001	0.499659	0.000000	0.499657	0.000000	0.000000	0.000000	0.000000	0.000287
118	tsk_118	(x)	1	:	0.000000	0.000000	0.000000	0.387111	0.000000	0.000000	0.000000	0.000000	0.000000	0.500000	0.000000	0.000000	0.000000	0.000000	0.112889
119	tsk_119	(x)	1	:	0.000000	0.000000	0.000000	0.385064	0.000000	0.000000	0.000000	0.000000	0.000000	0.500000	0.000000	0.000000	0.000000	0.000000	0.114936
120	tsk_120	(x)	1	:	1.000000	0.000000	0.000000	0.000000	0.000000	0.000000	0.000000	0.000000	0.000000	0.000000	0.000000	0.000000	0.000000	0.000000	0.000000
121	tsk_121	(x)	1	:	0.000000	0.000000	0.000000	0.361030	0.278386	0.000000	0.000000	0.000000	0.000000	0.000000	0.000000	0.000000	0.000000	0.000000	0.360583
122	tsk_122	(x)	1	:	0.000000	0.000000	0.000000	0.268302	0.000000	0.000000	0.000000	0.000000	0.000000	0.000000	0.000000	0.000000	0.500000	0.000000	0.231698
123	tsk_123	(x)	1	:	0.000000	0.255947	0.000000	0.252391	0.317525	0.000000	0.000000	0.000000	0.000000	0.000000	0.000000	0.000000	0.000000	0.000000	0.174136
124	tsk_124	(x)	1	:	0.000000	0.000000	0.000000	0.000000	0.000000	0.000000	0.000000	0.000000	0.000000	0.000000	0.000000	0.000000	1.000000	0.000000	0.000000
125	tsk_125	(x)	1	:	0.000000	0.421731	0.000000	0.445658	0.000000	0.000000	0.000000	0.000000	0.000000	0.000000	0.000000	0.000000	0.000000	0.000000	0.132611
126	tsk_126	(x)	1	:	0.000000	0.000000	0.000000	0.000000	0.000000	0.000000	0.000000	0.000000	0.000000	0.000000	0.000000	0.000000	1.000000	0.000000	0.000000
127	tsk_127	(x)	1	:	0.000000	0.000000	0.000000	0.001796	0.000000	0.000000	0.000000	0.000000	0.000000	0.495989	0.000000	0.000000	0.498002	0.000000	0.004213
128	tsk_128	(x)	1	:	0.000000	0.000000	0.000000	1.000000	0.000000	0.000000	0.000000	0.000000	0.000000	0.000000	0.000000	0.000000	0.000000	0.000000	0.000000
129	tsk_129	(x)	1	:	0.495794	0.000000	0.000000	0.122463	0.000000	0.000000	0.000000	0.000000	0.000000	0.000000	0.000000	0.000000	0.006300	0.000000	0.375443
130	tsk_130	(x)	1	:	0.000000	0.000000	0.000000	0.000000	0.521511	0.000000	0.000000	0.000000	0.000000	0.000000	0.000000	0.000000	0.000000	0.478489	0.000000
131	tsk_131	(x)	1	:	0.000000	0.360051	0.000000	0.000000	0.000000	0.000000	0.000000	0.000000	0.000000	0.000000	0.000000	0.639949	0.000000	0.000000	0.000000
132	tsk_132	(x)	1	:	0.000000	0.217951	0.000000	0.000000	0.000000	0.000000	0.000000	0.000000	0.000000	0.000000	0.000000	0.362701	0.419348	0.000000	0.000000
133	tsk_133	(x)	1	:	0.000000	0.000000	0.000000	0.001306	0.000000	0.000000	0.000011	0.000000	0.000000	0.000000	0.000000	0.495750	0.000000	0.498947	0.003986
134	tsk_134	(x)	1	:	0.000000	0.217951	0.000000	0.000000	0.000000	0.000000	0.000000	0.000000	0.000000	0.000000	0.000000	0.362701	0.419348	0.000000	0.000000
135	tsk_135	(x)	1	:	0.496018	0.000000	0.000000	0.195929	0.000000	0.000000	0.000000	0.000000	0.000000	0.000000	0.000000	0.000000	0.005966	0.000000	0.302088
136	tsk_136	(x)	1	:	0.000000	0.274622	0.000000	0.168708	0.000000	0.000000	0.000039	0.000000	0.000000	0.000000	0.000000	0.500061	0.000000	0.000000	0.056570
137	tsk_137	(x)	1	:	0.000000	0.274635	0.000000	0.161370	0.000000	0.000000	0.000056	0.000000	0.000000	0.000000	0.000000	0.500074	0.000000	0.000000	0.063865
138	tsk_138	(x)	1	:	0.000000	0.206194	0.000000	0.000000	0.000000	0.000000	0.000000	0.000000	0.000000	0.000000	0.000000	0.338517	0.000000	0.455289	0.000000
139	tsk_139	(x)	1	:	0.000000	0.000000	0.000000	0.000000	0.000000	0.000000	0.000000	0.000000	0.000000	0.000000	0.000000	0.000000	0.500000	0.500000	0.000000
140	tsk_140	(x)	1	:	0.000000	0.000000	0.000000	0.000000	0.000000	0.000000	0.000000	0.000000	0.000000	0.000000	0.000000	0.495536	0.497778	0.000000	0.006685
141	tsk_141	(x)	1	:	0.000000	0.000000	0.000000	0.003647	0.000000	0.000000	0.000000	0.000000	0.000000	0.000000	0.000000	0.495503	0.497762	0.000000	0.003088
142	tsk_142	(x)	1	:	0.000000	0.000000	0.000000	0.002168	0.000000	0.000000	0.000000	0.000000	0.000000	0.000000	0.000000	0.495905	0.497961	0.000000	0.003966
143	tsk_143	(x)	1	:	0.000000	0.000000	0.000000	0.000000	0.000000	0.000000	0.000000	0.000000	0.000000	0.000000	0.000000	0.000000	1.000000	0.000000	0.000000
144	tsk_144	(x)	1	:	0.000000	0.000000	0.000000	0.227026	0.000000	0.000000	0.000050	0.000000	0.000000	0.000000	0.000000	0.499957	0.000000	0.000000	0.272967
145	tsk_145	(x)	1	:	0.000000	0.000000	0.000000	0.004601	0.000000	0.000000	0.000000	0.000000	0.000000	0.000000	0.000000	0.495581	0.497800	0.000000	0.002019
146	tsk_146	(x)	1	:	0.000000	0.000000	0.000000	0.003223	0.000000	0.000000	0.000000	0.000000	0.000000	0.000000	0.000000	0.494980	0.000000	0.498755	0.003042
147	tsk_147	(x)	1	:	0.000000	0.000000	0.379422	0.000031	0.000000	0.000000	0.620548	0.000000	0.000000	0.000000	0.000000	0.000000	0.000000	0.000000	0.000000
148	tsk_148	(x)	1	:	0.000000	0.000000	0.000000	0.395794	0.000000	0.000000	0.000000	0.000000	0.000000	0.000000	0.000000	0.000000	0.500000	0.000000	0.104205
149	tsk_149	(x)	1	:	0.000000	0.000000	0.000000	0.002362	0.000000	0.000000	0.000000	0.000000	0.000000	0.000000	0.000000	0.495996	0.498006	0.000000	0.003636
