logL = -911.773645 (converged)
AIC = 4943.547290
BIC = 9640.138348

count.K
19 12 10 3 17 12 52 24 1 

