logL = -1968.123194 (converged)
AIC = 5696.246389
BIC = 8345.605448

count.K
29 47 20 4 50 

