logL = -2234.357601 (converged)
AIC = 7108.715201
BIC = 11082.753789

count.K
16 15 36 7 38 12 26 

