logL = -816.570361 (converged)
AIC = 5403.140723
BIC = 11078.188252

count.K
4 3 6 8 7 4 9 21 10 57 21 

