logL = -829.894171 (converged)
AIC = 3519.788342
BIC = 6319.679166

count.K
34 21 13 11 37 34 

