logL = -825.528088 (converged)
AIC = 6419.056176
BIC = 13596.410717

count.K
22 5 13 2 4 0 10 6 4 7 3 1 7 66 

