logL = -1186.279623 (converged)
AIC = 3146.559247
BIC = 4311.675105

count.K
106 32 12 

