logL = -2155.210723 (converged)
AIC = 8410.421446
BIC = 14582.223798

count.K
39 17 5 4 4 3 9 7 10 2 50 

