logL = -1430.953937 (converged)
AIC = 7501.907874
BIC = 14486.581757

count.K
6 12 9 24 2 2 1 14 6 2 29 23 20 

