logL = -1319.094909 (converged)
AIC = 3802.189819
BIC = 5554.379560

count.K
10 48 30 62 

