logL = -711.932749 (converged)
AIC = 4363.865498
BIC = 8789.499380

count.K
15 19 16 7 21 0 2 37 33 

