logL = -756.743563 (converged)
AIC = 5971.487127
BIC = 12682.193197

count.K
20 0 1 21 6 2 31 10 40 1 0 5 13 

