0	tsk_0	(x)	1	:	0.023634	0.469921	0.000000	0.005386	0.002002	0.000000	0.000000	0.000000	0.000000	0.000000	0.000000	0.000000	0.089191	0.000000	0.409866
1	tsk_1	(x)	1	:	0.018455	0.469956	0.000000	0.015606	0.001292	0.000000	0.494692	0.000000	0.000000	0.000000	0.000000	0.000000	0.000000	0.000000	0.000000
2	tsk_2	(x)	1	:	0.000000	0.000000	0.000000	0.000000	0.005559	0.000000	0.493597	0.000000	0.000000	0.000000	0.000000	0.000000	0.028047	0.000000	0.472796
3	tsk_3	(x)	1	:	0.276312	0.000000	0.000000	0.233232	0.147441	0.000000	0.000000	0.000000	0.000000	0.343015	0.000000	0.000000	0.000000	0.000000	0.000000
4	tsk_4	(x)	1	:	0.000000	0.000000	0.000000	0.000000	0.000000	0.000000	0.000000	0.138823	0.000000	0.000000	0.861176	0.000000	0.000000	0.000000	0.000000
5	tsk_5	(x)	1	:	0.000000	0.000000	0.000000	0.000000	0.021212	0.000000	0.000000	0.000000	0.475353	0.000000	0.000000	0.000000	0.071345	0.000000	0.432090
6	tsk_6	(x)	1	:	0.442947	0.000000	0.000000	0.054513	0.005081	0.000000	0.000000	0.000000	0.000000	0.000000	0.000000	0.000000	0.212117	0.000000	0.285342
7	tsk_7	(x)	1	:	0.189408	0.000000	0.000000	0.320135	0.147443	0.000000	0.000000	0.000000	0.000000	0.343014	0.000000	0.000000	0.000000	0.000000	0.000000
8	tsk_8	(x)	1	:	0.015430	0.468652	0.000000	0.026786	0.145968	0.000000	0.000000	0.000000	0.000000	0.343164	0.000000	0.000000	0.000000	0.000000	0.000000
9	tsk_9	(x)	1	:	0.387240	0.000000	0.000000	0.110218	0.005084	0.000000	0.000000	0.000000	0.000000	0.000000	0.000000	0.000000	0.119129	0.000000	0.378328
10	tsk_10	(x)	1	:	0.000000	0.000000	0.000000	0.000000	0.000000	0.000000	0.000000	0.000000	0.000000	0.000000	0.000000	0.000000	0.277218	0.000000	0.722782
11	tsk_11	(x)	1	:	0.000000	0.000000	0.000000	0.000000	0.002319	0.000000	0.000000	0.271331	0.000000	0.000000	0.224908	0.000000	0.416944	0.003847	0.080650
12	tsk_12	(x)	1	:	0.000000	0.000000	0.000008	0.000000	0.000798	0.000000	0.000000	0.000000	0.000000	0.000000	0.000000	0.000000	0.249633	0.499945	0.249616
13	tsk_13	(x)	1	:	0.000000	0.000000	0.000000	0.000000	0.001645	0.000000	0.000000	0.237847	0.000000	0.000000	0.257469	0.000000	0.154456	0.004862	0.343720
14	tsk_14	(x)	1	:	0.000000	0.000000	0.000000	0.000000	0.001810	0.000000	0.000000	0.358736	0.000000	0.000000	0.135987	0.000000	0.074829	0.005480	0.423157
15	tsk_15	(x)	1	:	0.000000	0.000000	0.000040	0.000000	0.000012	0.000000	0.000000	0.000000	0.000000	0.000000	0.000000	0.497370	0.000000	0.502579	0.000000
16	tsk_16	(x)	1	:	0.000000	0.000000	0.000000	0.000000	0.000000	0.000000	0.000000	0.000000	0.000000	0.000000	0.000000	0.000000	0.164595	0.000000	0.835404
17	tsk_17	(x)	1	:	0.000000	0.000000	0.000000	0.000000	0.032775	0.000000	0.000000	0.190016	0.000000	0.000000	0.306646	0.466364	0.000000	0.004199	0.000000
18	tsk_18	(x)	1	:	0.000000	0.000000	0.000000	0.000000	0.035056	0.499497	0.000000	0.000000	0.000000	0.000000	0.000000	0.465448	0.000000	0.000000	0.000000
19	tsk_19	(x)	1	:	0.000000	0.000000	0.000000	0.000000	0.002437	0.498822	0.000000	0.000000	0.000000	0.000000	0.000000	0.000000	0.357380	0.000000	0.141361
20	tsk_20	(x)	1	:	0.149898	0.000000	0.000000	0.349214	0.002043	0.498845	0.000000	0.000000	0.000000	0.000000	0.000000	0.000000	0.000000	0.000000	0.000000
21	tsk_21	(x)	1	:	0.136542	0.000000	0.000002	0.361492	0.002086	0.000000	0.000000	0.000000	0.000000	0.000000	0.000000	0.000000	0.000000	0.499878	0.000000
22	tsk_22	(x)	1	:	0.000000	0.000000	0.000000	0.000000	0.000000	0.496986	0.000000	0.077475	0.000000	0.000000	0.422069	0.000000	0.000000	0.003470	0.000000
23	tsk_23	(x)	1	:	0.168604	0.000000	0.000000	0.330334	0.002227	0.498834	0.000000	0.000000	0.000000	0.000000	0.000000	0.000000	0.000000	0.000000	0.000000
24	tsk_24	(x)	1	:	0.610128	0.000000	0.000000	0.389872	0.000000	0.000000	0.000000	0.000000	0.000000	0.000000	0.000000	0.000000	0.000000	0.000000	0.000000
25	tsk_25	(x)	1	:	0.261800	0.000000	0.000000	0.016134	0.444133	0.000000	0.000000	0.000000	0.000000	0.000000	0.000000	0.000000	0.071248	0.000000	0.206686
26	tsk_26	(x)	1	:	0.265894	0.000000	0.000005	0.233336	0.000818	0.000000	0.000000	0.000000	0.000000	0.000000	0.000000	0.000000	0.000000	0.499948	0.000000
27	tsk_27	(x)	1	:	0.085780	0.000000	0.000000	0.322974	0.000000	0.000000	0.000000	0.000000	0.000000	0.000000	0.000000	0.591246	0.000000	0.000000	0.000000
28	tsk_28	(x)	1	:	0.278223	0.000000	0.000000	0.220970	0.001957	0.498850	0.000000	0.000000	0.000000	0.000000	0.000000	0.000000	0.000000	0.000000	0.000000
29	tsk_29	(x)	1	:	0.230712	0.000000	0.000000	0.267810	0.002668	0.498809	0.000000	0.000000	0.000000	0.000000	0.000000	0.000000	0.000000	0.000000	0.000000
30	tsk_30	(x)	1	:	0.000000	0.000000	0.000000	0.000000	0.058469	0.000000	0.000000	0.000000	0.478769	0.000000	0.000000	0.462762	0.000000	0.000000	0.000000
31	tsk_31	(x)	1	:	0.000000	0.000000	0.000000	0.000000	0.023134	0.000000	0.000000	0.297397	0.476319	0.000000	0.197476	0.000000	0.000000	0.005674	0.000000
32	tsk_32	(x)	1	:	0.000000	0.000000	0.000000	0.000000	0.023254	0.000000	0.000000	0.319253	0.476360	0.000000	0.178269	0.000000	0.000000	0.002864	0.000000
33	tsk_33	(x)	1	:	0.000000	0.000000	0.000000	0.000000	0.021467	0.000000	0.000000	0.000000	0.475225	0.000000	0.000000	0.000000	0.217881	0.000000	0.285427
34	tsk_34	(x)	1	:	0.000000	0.000000	0.000000	0.000000	0.004282	0.000000	0.000000	0.000000	0.662381	0.333337	0.000000	0.000000	0.000000	0.000000	0.000000
35	tsk_35	(x)	1	:	0.000000	0.000000	0.000000	0.000000	0.023039	0.000000	0.000000	0.341421	0.476453	0.000000	0.154207	0.000000	0.000000	0.004880	0.000000
36	tsk_36	(x)	1	:	0.000000	0.000000	0.000000	0.000000	0.021381	0.000000	0.000000	0.000000	0.475268	0.000000	0.000000	0.000000	0.142392	0.000000	0.360958
37	tsk_37	(x)	1	:	0.000000	0.000000	0.000041	0.000000	0.002076	0.000000	0.000000	0.000000	0.000000	0.000000	0.000000	0.000000	0.150050	0.499838	0.347995
38	tsk_38	(x)	1	:	0.000000	0.000000	0.000000	0.000000	0.157465	0.499498	0.000000	0.000000	0.000000	0.343037	0.000000	0.000000	0.000000	0.000000	0.000000
39	tsk_39	(x)	1	:	0.000000	0.000000	0.000000	0.000000	0.000000	0.000000	0.000000	0.099211	0.000000	0.000000	0.900787	0.000000	0.000000	0.000002	0.000000
40	tsk_40	(x)	1	:	0.000000	0.000000	0.000017	0.000000	0.000000	0.000000	0.000000	0.000000	0.000000	0.000000	0.500116	0.000000	0.000000	0.499867	0.000000
41	tsk_41	(x)	1	:	0.000000	0.000000	0.000000	0.000000	0.002120	0.000000	0.000000	0.314232	0.000000	0.000000	0.180845	0.000000	0.169069	0.005088	0.328646
42	tsk_42	(x)	1	:	0.343028	0.000000	0.000000	0.166613	0.490359	0.000000	0.000000	0.000000	0.000000	0.000000	0.000000	0.000000	0.000000	0.000000	0.000000
43	tsk_43	(x)	1	:	0.211732	0.000000	0.000003	0.286100	0.002300	0.000000	0.000000	0.000000	0.000000	0.000000	0.000000	0.000000	0.000000	0.499864	0.000000
44	tsk_44	(x)	1	:	0.000000	0.000000	0.000000	0.000000	0.002216	0.000000	0.000000	0.359196	0.000000	0.000000	0.136252	0.000000	0.179773	0.004691	0.317873
45	tsk_45	(x)	1	:	0.000000	0.000000	0.000000	0.000000	0.499267	0.000000	0.000000	0.313533	0.000000	0.000000	0.184377	0.000000	0.000000	0.002823	0.000000
46	tsk_46	(x)	1	:	0.000000	0.000000	0.000088	0.000000	0.000000	0.000000	0.000000	0.000000	0.000000	0.000000	0.000000	0.000000	0.000000	0.999912	0.000000
47	tsk_47	(x)	1	:	0.000000	0.000000	0.000000	0.000000	0.000000	0.000000	0.000000	0.255537	0.000000	0.000000	0.744463	0.000000	0.000000	0.000000	0.000000
48	tsk_48	(x)	1	:	0.351628	0.000000	0.000000	0.145956	0.004833	0.000000	0.000000	0.000000	0.000000	0.000000	0.000000	0.000000	0.346331	0.000000	0.151252
49	tsk_49	(x)	1	:	0.000000	0.000000	0.000000	0.000000	0.000000	0.000000	0.000000	0.093162	0.000000	0.000000	0.906835	0.000000	0.000000	0.000003	0.000000
50	tsk_50	(x)	1	:	0.000000	0.000000	0.000000	0.000000	0.499189	0.000000	0.000000	0.256772	0.000000	0.000000	0.239896	0.000000	0.000000	0.004142	0.000000
51	tsk_51	(x)	1	:	0.000000	0.000000	0.000017	0.000000	0.499397	0.000000	0.000000	0.000000	0.000000	0.000000	0.000000	0.000000	0.000000	0.500586	0.000000
52	tsk_52	(x)	1	:	0.338331	0.000000	0.000000	0.159204	0.004930	0.000000	0.000000	0.000000	0.000000	0.000000	0.000000	0.000000	0.101960	0.000000	0.395575
53	tsk_53	(x)	1	:	0.396779	0.000000	0.000000	0.112863	0.490358	0.000000	0.000000	0.000000	0.000000	0.000000	0.000000	0.000000	0.000000	0.000000	0.000000
54	tsk_54	(x)	1	:	0.000000	0.000000	0.000000	0.000000	1.000000	0.000000	0.000000	0.000000	0.000000	0.000000	0.000000	0.000000	0.000000	0.000000	0.000000
55	tsk_55	(x)	1	:	0.212461	0.000000	0.000000	0.297181	0.490358	0.000000	0.000000	0.000000	0.000000	0.000000	0.000000	0.000000	0.000000	0.000000	0.000000
56	tsk_56	(x)	1	:	0.000000	0.000000	0.000000	0.000000	0.160479	0.000000	0.496491	0.000000	0.000000	0.343030	0.000000	0.000000	0.000000	0.000000	0.000000
57	tsk_57	(x)	1	:	0.060533	0.000000	0.000000	0.449108	0.490358	0.000000	0.000000	0.000000	0.000000	0.000000	0.000000	0.000000	0.000000	0.000000	0.000000
58	tsk_58	(x)	1	:	0.325213	0.000000	0.000000	0.184429	0.490358	0.000000	0.000000	0.000000	0.000000	0.000000	0.000000	0.000000	0.000000	0.000000	0.000000
59	tsk_59	(x)	1	:	0.325598	0.000000	0.000000	0.184044	0.490358	0.000000	0.000000	0.000000	0.000000	0.000000	0.000000	0.000000	0.000000	0.000000	0.000000
60	tsk_60	(x)	1	:	0.556748	0.000000	0.000000	0.443252	0.000000	0.000000	0.000000	0.000000	0.000000	0.000000	0.000000	0.000000	0.000000	0.000000	0.000000
61	tsk_61	(x)	1	:	0.018332	0.470771	0.000000	0.008551	0.003744	0.000000	0.000000	0.000000	0.000000	0.000000	0.000000	0.000000	0.106432	0.000000	0.392170
62	tsk_62	(x)	1	:	0.000000	0.000000	0.000000	0.000000	0.656860	0.000000	0.000000	0.000000	0.000000	0.343140	0.000000	0.000000	0.000000	0.000000	0.000000
63	tsk_63	(x)	1	:	0.000000	0.000000	0.000000	0.000000	0.033649	0.000000	0.000000	0.296113	0.000000	0.000000	0.201962	0.465622	0.000000	0.002654	0.000000
64	tsk_64	(x)	1	:	0.150816	0.000000	0.000000	0.257981	0.000000	0.000000	0.000000	0.000000	0.000000	0.219969	0.000000	0.371234	0.000000	0.000000	0.000000
65	tsk_65	(x)	1	:	0.343795	0.000000	0.000000	0.165847	0.490358	0.000000	0.000000	0.000000	0.000000	0.000000	0.000000	0.000000	0.000000	0.000000	0.000000
66	tsk_66	(x)	1	:	0.000000	0.000000	0.000000	0.000000	0.000000	0.000000	0.000000	0.000000	0.000000	1.000000	0.000000	0.000000	0.000000	0.000000	0.000000
67	tsk_67	(x)	1	:	0.021616	0.470078	0.000000	0.011888	0.001830	0.000000	0.494588	0.000000	0.000000	0.000000	0.000000	0.000000	0.000000	0.000000	0.000000
68	tsk_68	(x)	1	:	0.000000	0.000000	0.000000	0.000000	0.656860	0.000000	0.000000	0.000000	0.000000	0.343140	0.000000	0.000000	0.000000	0.000000	0.000000
69	tsk_69	(x)	1	:	0.000000	0.000000	0.000000	0.000000	0.032843	0.000000	0.000000	0.282899	0.000000	0.000000	0.212700	0.466239	0.000000	0.005320	0.000000
70	tsk_70	(x)	1	:	0.207426	0.000000	0.000001	0.290588	0.002108	0.000000	0.000000	0.000000	0.000000	0.000000	0.000000	0.000000	0.000000	0.499877	0.000000
71	tsk_71	(x)	1	:	0.117421	0.000000	0.000000	0.380213	0.002163	0.000000	0.000000	0.309077	0.000000	0.000000	0.185291	0.000000	0.000000	0.005835	0.000000
72	tsk_72	(x)	1	:	0.182104	0.000000	0.000000	0.316112	0.001626	0.000000	0.000000	0.300121	0.000000	0.000000	0.195575	0.000000	0.000000	0.004461	0.000000
73	tsk_73	(x)	1	:	0.414291	0.000000	0.000000	0.585709	0.000000	0.000000	0.000000	0.000000	0.000000	0.000000	0.000000	0.000000	0.000000	0.000000	0.000000
74	tsk_74	(x)	1	:	0.359370	0.000000	0.000000	0.640630	0.000000	0.000000	0.000000	0.000000	0.000000	0.000000	0.000000	0.000000	0.000000	0.000000	0.000000
75	tsk_75	(x)	1	:	0.625410	0.000000	0.000000	0.374590	0.000000	0.000000	0.000000	0.000000	0.000000	0.000000	0.000000	0.000000	0.000000	0.000000	0.000000
76	tsk_76	(x)	1	:	0.685129	0.000000	0.000000	0.314871	0.000000	0.000000	0.000000	0.000000	0.000000	0.000000	0.000000	0.000000	0.000000	0.000000	0.000000
77	tsk_77	(x)	1	:	0.556104	0.000000	0.000000	0.443896	0.000000	0.000000	0.000000	0.000000	0.000000	0.000000	0.000000	0.000000	0.000000	0.000000	0.000000
78	tsk_78	(x)	1	:	0.000000	0.000000	0.000003	0.000000	0.000000	0.000000	0.000000	0.000000	0.000000	0.000000	0.499996	0.000000	0.000000	0.500001	0.000000
79	tsk_79	(x)	1	:	0.420329	0.000000	0.000000	0.579671	0.000000	0.000000	0.000000	0.000000	0.000000	0.000000	0.000000	0.000000	0.000000	0.000000	0.000000
80	tsk_80	(x)	1	:	0.000000	0.000000	0.000000	0.000000	0.656859	0.000000	0.000000	0.000000	0.000000	0.343140	0.000000	0.000000	0.000000	0.000000	0.000000
81	tsk_81	(x)	1	:	0.000001	0.000000	0.000000	0.000000	0.503483	0.000000	0.496516	0.000000	0.000000	0.000000	0.000000	0.000000	0.000000	0.000000	0.000000
82	tsk_82	(x)	1	:	0.000000	0.000000	0.000000	0.000000	0.005692	0.000000	0.493565	0.000000	0.000000	0.000000	0.000000	0.000000	0.075385	0.000000	0.425358
83	tsk_83	(x)	1	:	0.000000	0.000000	0.000000	0.000000	0.000000	0.000000	0.467084	0.000000	0.000000	0.532916	0.000000	0.000000	0.000000	0.000000	0.000000
84	tsk_84	(x)	1	:	0.000000	0.000000	0.000000	0.000000	0.000000	0.000000	0.511671	0.272979	0.000000	0.000000	0.214651	0.000000	0.000000	0.000699	0.000000
85	tsk_85	(x)	1	:	0.000000	0.000000	0.000000	0.000000	0.005528	0.000000	0.493605	0.000000	0.000000	0.000000	0.000000	0.000000	0.257173	0.000000	0.243694
86	tsk_86	(x)	1	:	0.000000	0.000000	0.000000	0.000000	0.001939	0.000000	0.000000	0.270123	0.000000	0.000000	0.224580	0.000000	0.230125	0.005493	0.267739
87	tsk_87	(x)	1	:	0.000000	0.000000	0.000000	0.000000	0.005715	0.000000	0.493559	0.000000	0.000000	0.000000	0.000000	0.000000	0.106602	0.000000	0.394124
88	tsk_88	(x)	1	:	0.000000	0.000000	0.000000	0.000000	0.000000	0.000000	1.000000	0.000000	0.000000	0.000000	0.000000	0.000000	0.000000	0.000000	0.000000
89	tsk_89	(x)	1	:	0.000000	0.000000	0.000000	0.000000	0.503484	0.000000	0.496516	0.000000	0.000000	0.000000	0.000000	0.000000	0.000000	0.000000	0.000000
90	tsk_90	(x)	1	:	0.423054	0.000000	0.000000	0.074346	0.005200	0.000000	0.000000	0.000000	0.000000	0.000000	0.000000	0.000000	0.120951	0.000000	0.376449
91	tsk_91	(x)	1	:	0.000000	0.000000	0.000000	0.000000	0.002128	0.000000	0.000000	0.390116	0.000000	0.000000	0.104593	0.000000	0.330308	0.005477	0.167378
92	tsk_92	(x)	1	:	0.000000	0.426453	0.000000	0.000000	0.000000	0.000000	0.000000	0.000000	0.000000	0.000000	0.000000	0.573547	0.000000	0.000000	0.000000
93	tsk_93	(x)	1	:	0.000000	0.000000	0.000000	0.000000	0.033490	0.000000	0.000000	0.326918	0.000000	0.000000	0.168836	0.465637	0.000000	0.005119	0.000000
94	tsk_94	(x)	1	:	0.348935	0.000000	0.000000	0.148589	0.004952	0.000000	0.000000	0.000000	0.000000	0.000000	0.000000	0.000000	0.155724	0.000000	0.341800
95	tsk_95	(x)	1	:	0.279678	0.000000	0.000000	0.228352	0.028041	0.000000	0.000000	0.000000	0.000000	0.000000	0.000000	0.463929	0.000000	0.000000	0.000000
96	tsk_96	(x)	1	:	0.397487	0.000000	0.000000	0.100140	0.002174	0.000000	0.000000	0.275232	0.000000	0.000000	0.219211	0.000000	0.000000	0.005755	0.000000
97	tsk_97	(x)	1	:	0.139850	0.000000	0.000000	0.368156	0.028089	0.000000	0.000000	0.000000	0.000000	0.000000	0.000000	0.463906	0.000000	0.000000	0.000000
98	tsk_98	(x)	1	:	0.305916	0.000000	0.000000	0.191547	0.005074	0.000000	0.000000	0.000000	0.000000	0.000000	0.000000	0.000000	0.122080	0.000000	0.375383
99	tsk_99	(x)	1	:	0.133235	0.000000	0.000000	0.374554	0.028516	0.000000	0.000000	0.000000	0.000000	0.000000	0.000000	0.463694	0.000000	0.000000	0.000000
100	tsk_100	(x)	1	:	0.176588	0.000000	0.000003	0.321665	0.001854	0.000000	0.000000	0.000000	0.000000	0.000000	0.000000	0.000000	0.000000	0.499890	0.000000
101	tsk_101	(x)	1	:	0.000000	0.000000	0.000000	0.000000	0.000000	1.000000	0.000000	0.000000	0.000000	0.000000	0.000000	0.000000	0.000000	0.000000	0.000000
102	tsk_102	(x)	1	:	0.000000	0.000000	0.000000	0.497336	0.005327	0.000000	0.000000	0.000000	0.000000	0.000000	0.000000	0.000000	0.135439	0.000000	0.361897
103	tsk_103	(x)	1	:	0.000000	0.000000	0.000000	0.000000	0.000000	0.000000	0.000000	0.365923	0.000000	0.000000	0.634077	0.000000	0.000000	0.000000	0.000000
104	tsk_104	(x)	1	:	0.018741	0.470012	0.000003	0.011235	0.000000	0.000000	0.000000	0.000000	0.000000	0.000000	0.000000	0.000000	0.000000	0.500010	0.000000
105	tsk_105	(x)	1	:	0.000000	0.000000	0.000116	0.000000	0.000000	0.000000	0.000000	0.000000	0.000000	0.000000	0.000000	0.000000	0.000000	0.999884	0.000000
106	tsk_106	(x)	1	:	0.000000	0.000000	0.000017	0.000000	0.000000	0.000000	0.000000	0.000000	0.000000	0.000000	0.000000	0.000000	0.000000	0.999983	0.000000
107	tsk_107	(x)	1	:	0.000000	0.000000	0.000000	0.000000	0.002208	0.498835	0.000000	0.000000	0.000000	0.000000	0.000000	0.000000	0.353542	0.000000	0.145414
108	tsk_108	(x)	1	:	0.000000	0.000000	0.000092	0.000000	0.000000	0.497071	0.000000	0.000000	0.000000	0.000000	0.000000	0.000000	0.000000	0.502837	0.000000
109	tsk_109	(x)	1	:	0.250937	0.000000	0.000003	0.248001	0.001127	0.000000	0.000000	0.000000	0.000000	0.000000	0.000000	0.000000	0.000000	0.499931	0.000000
110	tsk_110	(x)	1	:	0.212858	0.000000	0.000001	0.285176	0.002086	0.000000	0.000000	0.000000	0.000000	0.000000	0.000000	0.000000	0.000000	0.499879	0.000000
111	tsk_111	(x)	1	:	0.000000	0.000000	0.000000	0.000000	0.000000	1.000000	0.000000	0.000000	0.000000	0.000000	0.000000	0.000000	0.000000	0.000000	0.000000
112	tsk_112	(x)	1	:	0.000000	0.000000	0.000005	0.000000	0.000000	0.000000	0.000000	0.000000	0.000000	0.000000	0.000000	0.000000	0.000000	0.999995	0.000000
113	tsk_113	(x)	1	:	0.000000	0.000000	0.000000	0.000000	0.000000	1.000000	0.000000	0.000000	0.000000	0.000000	0.000000	0.000000	0.000000	0.000000	0.000000
114	tsk_114	(x)	1	:	0.000000	0.000000	0.000050	0.000000	0.000000	0.000000	0.000000	0.000000	0.000000	0.000000	0.000000	0.000000	0.000000	0.999950	0.000000
115	tsk_115	(x)	1	:	0.327903	0.000000	0.000072	0.172099	0.000000	0.000000	0.000000	0.000000	0.000000	0.000000	0.000000	0.000000	0.000000	0.499925	0.000000
116	tsk_116	(x)	1	:	0.000000	0.000000	0.000007	0.000000	0.000000	0.497063	0.000000	0.000000	0.000000	0.000000	0.000000	0.000000	0.000000	0.502930	0.000000
117	tsk_117	(x)	1	:	0.000000	0.000000	0.000000	0.000000	0.500498	0.499501	0.000000	0.000000	0.000000	0.000000	0.000000	0.000000	0.000000	0.000000	0.000000
118	tsk_118	(x)	1	:	0.000000	0.000000	0.473109	0.000000	0.000000	0.492795	0.000000	0.000000	0.000000	0.000000	0.000000	0.000000	0.000000	0.034096	0.000000
119	tsk_119	(x)	1	:	0.000000	0.000000	0.000002	0.000000	0.000000	0.497062	0.000000	0.000000	0.000000	0.000000	0.000000	0.000000	0.000000	0.502936	0.000000
120	tsk_120	(x)	1	:	0.023400	0.470251	0.000000	0.005501	0.000527	0.000000	0.000000	0.332862	0.000000	0.000000	0.161553	0.000000	0.000000	0.005905	0.000000
121	tsk_121	(x)	1	:	0.000000	0.000000	0.000008	0.000000	0.000000	0.497063	0.000000	0.000000	0.000000	0.000000	0.000000	0.000000	0.000000	0.502930	0.000000
122	tsk_122	(x)	1	:	0.000000	0.000000	0.000000	0.000000	0.000000	1.000000	0.000000	0.000000	0.000000	0.000000	0.000000	0.000000	0.000000	0.000000	0.000000
123	tsk_123	(x)	1	:	0.309200	0.469794	0.000000	0.221006	0.000000	0.000000	0.000000	0.000000	0.000000	0.000000	0.000000	0.000000	0.000000	0.000000	0.000000
124	tsk_124	(x)	1	:	0.242380	0.000000	0.000006	0.255614	0.002128	0.000000	0.000000	0.000000	0.000000	0.000000	0.000000	0.000000	0.000000	0.499872	0.000000
125	tsk_125	(x)	1	:	0.178947	0.000000	0.000003	0.319668	0.001469	0.000000	0.000000	0.000000	0.000000	0.000000	0.000000	0.000000	0.000000	0.499913	0.000000
126	tsk_126	(x)	1	:	0.298141	0.000000	0.000001	0.199752	0.002236	0.000000	0.000000	0.000000	0.000000	0.000000	0.000000	0.000000	0.000000	0.499870	0.000000
127	tsk_127	(x)	1	:	0.000000	0.000000	0.000003	0.000000	0.000000	0.497062	0.000000	0.000000	0.000000	0.000000	0.000000	0.000000	0.000000	0.502934	0.000000
128	tsk_128	(x)	1	:	0.000000	0.000000	0.000092	0.000000	0.000000	0.497071	0.000000	0.000000	0.000000	0.000000	0.000000	0.000000	0.000000	0.502837	0.000000
129	tsk_129	(x)	1	:	0.471923	0.469794	0.000000	0.058283	0.000000	0.000000	0.000000	0.000000	0.000000	0.000000	0.000000	0.000000	0.000000	0.000000	0.000000
130	tsk_130	(x)	1	:	0.000000	0.000000	0.000000	0.000000	0.000000	1.000000	0.000000	0.000000	0.000000	0.000000	0.000000	0.000000	0.000000	0.000000	0.000000
131	tsk_131	(x)	1	:	0.000000	0.000000	0.000025	0.000000	0.000000	0.000000	0.000000	0.000000	0.000000	0.000000	0.000000	0.000000	0.000000	0.999975	0.000000
132	tsk_132	(x)	1	:	0.000000	0.512038	0.000000	0.000001	0.000000	0.000000	0.000000	0.450143	0.000000	0.000000	0.037817	0.000000	0.000000	0.000000	0.000000
133	tsk_133	(x)	1	:	0.000000	0.512038	0.000000	0.000002	0.000000	0.000000	0.000000	0.421006	0.000000	0.000000	0.066954	0.000000	0.000000	0.000000	0.000000
134	tsk_134	(x)	1	:	0.312455	0.000000	0.000014	0.186641	0.000960	0.000000	0.000000	0.000000	0.000000	0.000000	0.000000	0.000000	0.000000	0.499930	0.000000
135	tsk_135	(x)	1	:	0.000000	0.000000	0.000007	0.000000	0.000000	0.497063	0.000000	0.000000	0.000000	0.000000	0.000000	0.000000	0.000000	0.502930	0.000000
136	tsk_136	(x)	1	:	0.000000	1.000000	0.000000	0.000000	0.000000	0.000000	0.000000	0.000000	0.000000	0.000000	0.000000	0.000000	0.000000	0.000000	0.000000
137	tsk_137	(x)	1	:	0.000966	0.470147	0.000002	0.028866	0.000000	0.000000	0.000000	0.000000	0.000000	0.000000	0.000000	0.000000	0.000000	0.500018	0.000000
138	tsk_138	(x)	1	:	0.000000	1.000000	0.000000	0.000000	0.000000	0.000000	0.000000	0.000000	0.000000	0.000000	0.000000	0.000000	0.000000	0.000000	0.000000
139	tsk_139	(x)	1	:	0.306369	0.469794	0.000000	0.223837	0.000000	0.000000	0.000000	0.000000	0.000000	0.000000	0.000000	0.000000	0.000000	0.000000	0.000000
140	tsk_140	(x)	1	:	0.333296	0.000000	0.000000	0.176346	0.490358	0.000000	0.000000	0.000000	0.000000	0.000000	0.000000	0.000000	0.000000	0.000000	0.000000
141	tsk_141	(x)	1	:	0.498007	0.000000	0.000001	0.000000	0.002114	0.000000	0.000000	0.000000	0.000000	0.000000	0.000000	0.000000	0.000000	0.499877	0.000000
142	tsk_142	(x)	1	:	0.238489	0.000000	0.000000	0.271152	0.490358	0.000000	0.000000	0.000000	0.000000	0.000000	0.000000	0.000000	0.000000	0.000000	0.000000
143	tsk_143	(x)	1	:	0.000000	0.000000	0.000204	0.000000	0.499403	0.000000	0.000000	0.000000	0.000000	0.000000	0.000000	0.000000	0.000000	0.500392	0.000000
144	tsk_144	(x)	1	:	0.299342	0.000000	0.000000	0.210300	0.490357	0.000000	0.000000	0.000000	0.000000	0.000000	0.000000	0.000000	0.000000	0.000000	0.000000
145	tsk_145	(x)	1	:	0.243004	0.000000	0.000000	0.205857	0.000000	0.000000	0.000000	0.000000	0.000000	0.551139	0.000000	0.000000	0.000000	0.000000	0.000000
146	tsk_146	(x)	1	:	0.315214	0.000000	0.000000	0.133647	0.000000	0.000000	0.000000	0.000000	0.000000	0.551139	0.000000	0.000000	0.000000	0.000000	0.000000
147	tsk_147	(x)	1	:	0.207643	0.000000	0.000000	0.278829	0.000000	0.513528	0.000000	0.000000	0.000000	0.000000	0.000000	0.000000	0.000000	0.000000	0.000000
148	tsk_148	(x)	1	:	0.611054	0.000000	0.000000	0.388946	0.000000	0.000000	0.000000	0.000000	0.000000	0.000000	0.000000	0.000000	0.000000	0.000000	0.000000
149	tsk_149	(x)	1	:	0.151566	0.000000	0.000002	0.171940	0.000000	0.000000	0.000000	0.000000	0.000000	0.189086	0.000000	0.000000	0.000000	0.487405	0.000000
