logL = -1464.118586 (converged)
AIC = 6808.237173
BIC = 12648.869643

count.K
2 33 7 0 29 31 14 7 7 11 9 

