logL = -1083.998776 (converged)
AIC = 2555.997551
BIC = 3140.060798

count.K
98 52 

