0	tsk_0	(x)	1	:	0.000000	0.000000	0.518983	0.000000	0.000000	0.000000	0.000000	0.000000	0.042680	0.000000	0.000000	0.000000	0.438337
1	tsk_1	(x)	1	:	0.000000	0.000000	0.196815	0.000000	0.000000	0.000000	0.500000	0.000000	0.129762	0.000000	0.000000	0.000000	0.173422
2	tsk_2	(x)	1	:	0.000000	0.000000	0.002568	0.000000	0.497349	0.000000	0.497349	0.000000	0.001362	0.000000	0.000000	0.000000	0.001371
3	tsk_3	(x)	1	:	0.000000	0.000000	0.108910	0.000000	0.000000	0.000000	0.000000	0.000000	0.386980	0.000000	0.000000	0.000000	0.504110
4	tsk_4	(x)	1	:	0.000000	0.000000	0.220167	0.000000	0.000000	0.000000	0.500000	0.000000	0.119611	0.000000	0.000000	0.000000	0.160222
5	tsk_5	(x)	1	:	0.000000	0.000000	0.279230	0.000000	0.000000	0.000000	0.000000	0.000000	0.413072	0.000000	0.000000	0.000000	0.307697
6	tsk_6	(x)	1	:	0.000000	0.000000	0.146652	0.000000	0.000000	0.000000	0.500000	0.000000	0.234337	0.000000	0.000000	0.000000	0.119011
7	tsk_7	(x)	1	:	0.000000	0.000000	0.002237	0.000000	0.497262	0.000000	0.497262	0.000000	0.000973	0.000000	0.000000	0.000000	0.002265
8	tsk_8	(x)	1	:	0.000000	0.000000	0.279570	0.000000	0.000000	0.000000	0.500000	0.000000	0.178559	0.000000	0.000000	0.000000	0.041870
9	tsk_9	(x)	1	:	0.000000	0.000000	0.001671	0.000000	0.497094	0.000000	0.497094	0.000000	0.001538	0.000000	0.000000	0.000000	0.002602
10	tsk_10	(x)	1	:	0.000000	0.000000	0.348943	0.000000	0.000000	0.000000	0.000000	0.000000	0.435613	0.000000	0.000000	0.000000	0.215444
11	tsk_11	(x)	1	:	0.000000	0.000000	0.075276	0.000000	0.000000	0.000000	0.000000	0.000000	0.313496	0.000000	0.000000	0.503036	0.108192
12	tsk_12	(x)	1	:	0.000000	0.000000	0.355966	0.000000	0.000000	0.000000	0.000000	0.000000	0.230204	0.000000	0.000000	0.000000	0.413830
13	tsk_13	(x)	1	:	0.000000	0.000000	0.363929	0.000000	0.000000	0.000000	0.000000	0.000000	0.254175	0.000000	0.000000	0.000000	0.381896
14	tsk_14	(x)	1	:	0.000000	0.000000	0.237785	0.000000	0.000000	0.000000	0.000000	0.000000	0.124753	0.000000	0.000000	0.000000	0.637462
15	tsk_15	(x)	1	:	0.000000	0.000000	0.269047	0.000000	0.000000	0.000000	0.000000	0.000000	0.305114	0.000000	0.000000	0.000000	0.425839
16	tsk_16	(x)	1	:	0.000000	0.000000	0.158071	0.000000	0.000000	0.000000	0.000000	0.000000	0.184275	0.000000	0.000000	0.503036	0.154618
17	tsk_17	(x)	1	:	0.000000	0.000000	0.230017	0.000000	0.000000	0.000000	0.000000	0.000000	0.358052	0.000000	0.000000	0.000000	0.411931
18	tsk_18	(x)	1	:	0.000000	0.000000	0.189876	0.000000	0.000000	0.000000	0.000000	0.000000	0.505380	0.000000	0.000000	0.000000	0.304743
19	tsk_19	(x)	1	:	0.000000	0.000000	0.202716	0.000000	0.000000	0.000000	0.000000	0.000000	0.437892	0.000000	0.000000	0.000000	0.359392
20	tsk_20	(x)	1	:	0.000000	0.000000	0.362182	0.000000	0.000000	0.000000	0.000000	0.000000	0.213503	0.000000	0.000000	0.000000	0.424315
21	tsk_21	(x)	1	:	0.000000	0.000000	0.188646	0.000000	0.000000	0.000000	0.005895	0.000000	0.194634	0.000000	0.497053	0.000000	0.113773
22	tsk_22	(x)	1	:	0.000000	0.000000	0.362253	0.000000	0.000000	0.000000	0.000000	0.000000	0.366264	0.000000	0.000000	0.000000	0.271482
23	tsk_23	(x)	1	:	0.000000	0.000000	0.000000	0.000000	0.000000	0.000000	0.000000	0.000000	0.000000	0.000000	1.000000	0.000000	0.000000
24	tsk_24	(x)	1	:	0.000000	0.000000	0.056288	0.554159	0.000000	0.000000	0.000000	0.000000	0.169517	0.000000	0.000000	0.000000	0.220037
25	tsk_25	(x)	1	:	0.000000	0.000000	0.266988	0.000000	0.000000	0.000000	0.000000	0.000000	0.384784	0.000000	0.000000	0.000000	0.348228
26	tsk_26	(x)	1	:	0.000000	0.000000	0.000000	0.000000	0.000000	0.000000	0.000000	0.000000	0.000000	0.000000	1.000000	0.000000	0.000000
27	tsk_27	(x)	1	:	0.000000	0.000000	0.099051	0.000000	0.000000	0.000000	0.005732	0.000000	0.159862	0.000000	0.497134	0.000000	0.238221
28	tsk_28	(x)	1	:	0.000000	0.000000	0.283399	0.000000	0.000000	0.000000	0.000000	0.000000	0.145309	0.000000	0.000000	0.000000	0.571292
29	tsk_29	(x)	1	:	0.000000	0.000000	0.353881	0.000000	0.000000	0.000000	0.000000	0.000000	0.361433	0.000000	0.000000	0.000000	0.284686
30	tsk_30	(x)	1	:	0.505300	0.000000	0.000000	0.000000	0.000000	0.000000	0.000000	0.000000	0.000000	0.494699	0.000000	0.000000	0.000000
31	tsk_31	(x)	1	:	0.000000	0.000000	0.000000	0.000000	0.000000	0.000000	0.000000	0.000000	0.000000	1.000000	0.000000	0.000000	0.000000
32	tsk_32	(x)	1	:	0.000000	0.000000	0.000000	1.000000	0.000000	0.000000	0.000000	0.000000	0.000000	0.000000	0.000000	0.000000	0.000000
33	tsk_33	(x)	1	:	0.000000	0.000000	0.000115	0.472104	0.029987	0.000000	0.000000	0.497645	0.000080	0.000000	0.000000	0.000000	0.000069
34	tsk_34	(x)	1	:	0.000000	0.000000	0.000000	0.000000	0.000000	0.000000	0.000000	0.000000	0.000000	1.000000	0.000000	0.000000	0.000000
35	tsk_35	(x)	1	:	0.000000	0.000000	0.219634	0.471033	0.000000	0.000000	0.000000	0.000000	0.126526	0.000000	0.000000	0.000000	0.182807
36	tsk_36	(x)	1	:	0.500139	0.000000	0.001504	0.000000	0.495802	0.000000	0.000000	0.000000	0.001454	0.000000	0.000000	0.000000	0.001101
37	tsk_37	(x)	1	:	0.000000	0.000000	0.001231	0.000000	0.496799	0.000000	0.000000	0.000000	0.000736	0.499545	0.000000	0.000000	0.001689
38	tsk_38	(x)	1	:	0.500150	0.000000	0.002004	0.000000	0.496183	0.000000	0.000000	0.000000	0.000883	0.000000	0.000000	0.000000	0.000779
39	tsk_39	(x)	1	:	0.000000	0.000000	0.109901	0.611181	0.000000	0.000000	0.000000	0.000000	0.131617	0.000000	0.000000	0.000000	0.147301
40	tsk_40	(x)	1	:	0.000000	0.000000	0.292641	0.000000	0.000000	0.000000	0.000000	0.000000	0.383910	0.000000	0.000000	0.000000	0.323449
41	tsk_41	(x)	1	:	0.000000	0.000000	0.058104	0.471033	0.000000	0.000000	0.000000	0.000000	0.120973	0.000000	0.000000	0.000000	0.349890
42	tsk_42	(x)	1	:	0.000000	0.000000	0.336617	0.000000	0.000000	0.000000	0.000000	0.000000	0.381114	0.000000	0.000000	0.000000	0.282269
43	tsk_43	(x)	1	:	0.000000	0.000000	0.000000	1.000000	0.000000	0.000000	0.000000	0.000000	0.000000	0.000000	0.000000	0.000000	0.000000
44	tsk_44	(x)	1	:	0.000000	0.000000	0.116871	0.471033	0.000000	0.000000	0.000000	0.000000	0.199769	0.000000	0.000000	0.000000	0.212327
45	tsk_45	(x)	1	:	0.000000	0.000000	0.147967	0.471033	0.000000	0.000000	0.000000	0.000000	0.242619	0.000000	0.000000	0.000000	0.138382
46	tsk_46	(x)	1	:	0.000000	0.000000	0.000000	0.000000	0.000000	0.000000	0.000000	0.000000	0.000000	0.000000	1.000000	0.000000	0.000000
47	tsk_47	(x)	1	:	0.000000	0.000000	0.110290	0.000000	0.000000	0.000000	0.004998	0.000000	0.239098	0.000000	0.497501	0.000000	0.148113
48	tsk_48	(x)	1	:	0.000000	0.000000	0.000000	1.000000	0.000000	0.000000	0.000000	0.000000	0.000000	0.000000	0.000000	0.000000	0.000000
49	tsk_49	(x)	1	:	0.000000	0.000000	0.078957	0.471033	0.000000	0.000000	0.000000	0.000000	0.129108	0.000000	0.000000	0.000000	0.320903
50	tsk_50	(x)	1	:	0.000000	0.000000	0.240611	0.000000	0.000000	0.000000	0.000000	0.000000	0.398076	0.000000	0.000000	0.000000	0.361313
51	tsk_51	(x)	1	:	0.000000	0.000000	0.000367	0.000000	0.000000	0.000000	0.001859	0.000000	0.000456	0.499553	0.497610	0.000000	0.000155
52	tsk_52	(x)	1	:	0.000000	0.000000	0.000000	1.000000	0.000000	0.000000	0.000000	0.000000	0.000000	0.000000	0.000000	0.000000	0.000000
53	tsk_53	(x)	1	:	0.000000	0.000000	0.269109	0.471033	0.000000	0.000000	0.000000	0.000000	0.023573	0.000000	0.000000	0.000000	0.236286
54	tsk_54	(x)	1	:	0.000000	0.000000	0.000686	0.000000	0.496796	0.000000	0.003312	0.000000	0.000885	0.000000	0.496742	0.000000	0.001579
55	tsk_55	(x)	1	:	0.000000	0.000000	0.265063	0.000000	0.000000	0.000000	0.000000	0.000000	0.259830	0.000000	0.000000	0.000000	0.475107
56	tsk_56	(x)	1	:	0.000000	0.000000	0.005111	0.471036	0.499622	0.000000	0.000000	0.000000	0.016499	0.000000	0.000000	0.000000	0.007731
57	tsk_57	(x)	1	:	0.000000	0.000000	0.154283	0.471033	0.000000	0.000000	0.000000	0.000000	0.237456	0.000000	0.000000	0.000000	0.137228
58	tsk_58	(x)	1	:	0.000000	0.999911	0.000019	0.000000	0.000000	0.000000	0.000000	0.000000	0.000040	0.000000	0.000000	0.000000	0.000030
59	tsk_59	(x)	1	:	0.000000	0.000000	0.000582	0.000000	0.000000	0.000000	0.001559	0.000000	0.000176	0.499548	0.497673	0.000000	0.000461
60	tsk_60	(x)	1	:	0.000000	0.000000	0.000000	0.000000	0.000000	0.609859	0.390141	0.000000	0.000000	0.000000	0.000000	0.000000	0.000000
61	tsk_61	(x)	1	:	0.000000	0.000000	0.000000	1.000000	0.000000	0.000000	0.000000	0.000000	0.000000	0.000000	0.000000	0.000000	0.000000
62	tsk_62	(x)	1	:	0.000000	0.000000	0.000000	0.000000	0.000000	0.000000	1.000000	0.000000	0.000000	0.000000	0.000000	0.000000	0.000000
63	tsk_63	(x)	1	:	0.000000	0.000000	0.000000	0.000000	0.000000	0.000000	1.000000	0.000000	0.000000	0.000000	0.000000	0.000000	0.000000
64	tsk_64	(x)	1	:	0.500164	0.000000	0.001283	0.000000	0.000000	0.000000	0.496625	0.000000	0.001236	0.000000	0.000000	0.000000	0.000692
65	tsk_65	(x)	1	:	0.500164	0.000000	0.001883	0.000000	0.000000	0.000000	0.496631	0.000000	0.000869	0.000000	0.000000	0.000000	0.000453
66	tsk_66	(x)	1	:	0.500158	0.000000	0.001039	0.000000	0.496452	0.000000	0.000000	0.000000	0.000784	0.000000	0.000000	0.000000	0.001566
67	tsk_67	(x)	1	:	0.000000	0.000000	0.157028	0.554159	0.000000	0.000000	0.000000	0.000000	0.230273	0.000000	0.000000	0.000000	0.058540
68	tsk_68	(x)	1	:	0.000000	0.000000	0.178487	0.554159	0.000000	0.000000	0.000000	0.000000	0.151757	0.000000	0.000000	0.000000	0.115598
69	tsk_69	(x)	1	:	0.000000	0.000000	0.000029	0.213332	0.000000	0.345426	0.441108	0.000000	0.000053	0.000000	0.000000	0.000000	0.000052
70	tsk_70	(x)	1	:	0.000000	0.000000	0.414945	0.000000	0.000000	0.000000	0.000000	0.000000	0.327724	0.000000	0.000000	0.000000	0.257331
71	tsk_71	(x)	1	:	0.000000	0.000000	0.209738	0.000000	0.000000	0.000000	0.005438	0.000000	0.128792	0.000000	0.497281	0.000000	0.158751
72	tsk_72	(x)	1	:	0.000000	0.000000	0.323415	0.000000	0.000000	0.000000	0.000000	0.000000	0.532673	0.000000	0.000000	0.000000	0.143912
73	tsk_73	(x)	1	:	0.000000	0.000000	0.351979	0.000000	0.000000	0.000000	0.000000	0.000000	0.321698	0.000000	0.000000	0.000000	0.326322
74	tsk_74	(x)	1	:	0.000000	0.000000	0.000000	0.000000	0.000000	0.000000	1.000000	0.000000	0.000000	0.000000	0.000000	0.000000	0.000000
75	tsk_75	(x)	1	:	0.000000	0.000000	0.000000	0.000000	0.000000	0.000000	1.000000	0.000000	0.000000	0.000000	0.000000	0.000000	0.000000
76	tsk_76	(x)	1	:	0.000000	0.000000	0.000531	0.000000	0.496994	0.000000	0.003972	0.000000	0.000852	0.000000	0.496509	0.000000	0.001142
77	tsk_77	(x)	1	:	0.000000	0.000000	0.097999	0.000000	0.500000	0.000000	0.000000	0.000000	0.244300	0.000000	0.000000	0.000000	0.157701
78	tsk_78	(x)	1	:	0.500160	0.000000	0.001605	0.000000	0.000000	0.000000	0.496516	0.000000	0.001147	0.000000	0.000000	0.000000	0.000571
79	tsk_79	(x)	1	:	0.507830	0.000000	0.000589	0.000000	0.491236	0.000000	0.000000	0.000000	0.000185	0.000000	0.000000	0.000000	0.000160
80	tsk_80	(x)	1	:	0.000000	0.000000	0.217248	0.000000	0.000000	0.000000	0.005489	0.000000	0.114928	0.000000	0.497255	0.000000	0.165079
81	tsk_81	(x)	1	:	0.000000	0.000000	0.340581	0.000000	0.000000	0.000000	0.000000	0.000000	0.333895	0.000000	0.000000	0.000000	0.325524
82	tsk_82	(x)	1	:	0.000000	0.000000	0.328885	0.000000	0.000000	0.000000	0.000000	0.000000	0.206209	0.000000	0.000000	0.000000	0.464907
83	tsk_83	(x)	1	:	0.000000	0.000000	0.224311	0.000000	0.000000	0.000000	0.000000	0.000000	0.482994	0.000000	0.000000	0.000000	0.292695
84	tsk_84	(x)	1	:	0.500266	0.000000	0.279937	0.000000	0.000000	0.000000	0.000000	0.000000	0.067709	0.000000	0.000000	0.000000	0.152089
85	tsk_85	(x)	1	:	0.000000	0.000000	0.084487	0.554159	0.000000	0.000000	0.000000	0.000000	0.183243	0.000000	0.000000	0.000000	0.178111
86	tsk_86	(x)	1	:	0.000000	0.000000	0.353447	0.000000	0.000000	0.000000	0.000000	0.000000	0.187781	0.000000	0.000000	0.000000	0.458772
87	tsk_87	(x)	1	:	0.000000	0.000000	0.319509	0.000000	0.000000	0.000000	0.000000	0.000000	0.264565	0.000000	0.000000	0.000000	0.415926
88	tsk_88	(x)	1	:	0.000000	0.000000	0.380991	0.000000	0.000000	0.000000	0.000000	0.000000	0.265961	0.000000	0.000000	0.000000	0.353048
89	tsk_89	(x)	1	:	0.000000	0.000000	0.374493	0.000000	0.000000	0.000000	0.000000	0.000000	0.242434	0.000000	0.000000	0.000000	0.383073
90	tsk_90	(x)	1	:	0.000000	0.000000	0.217259	0.000000	0.000000	0.000000	0.000000	0.000000	0.323327	0.000000	0.000000	0.000000	0.459414
91	tsk_91	(x)	1	:	0.000000	0.000000	0.120518	0.000000	0.000000	0.000000	0.000000	0.000000	0.196491	0.000000	0.000000	0.000000	0.682991
92	tsk_92	(x)	1	:	0.000000	0.000000	0.162316	0.000000	0.000000	0.000000	0.000000	0.000000	0.479323	0.000000	0.000000	0.000000	0.358361
93	tsk_93	(x)	1	:	0.000000	0.000000	0.110071	0.000000	0.000000	0.000000	0.000000	0.000000	0.151385	0.000000	0.000000	0.503036	0.235507
94	tsk_94	(x)	1	:	0.000000	0.000000	0.000013	0.000000	0.000000	0.000000	0.002683	0.000000	0.000119	0.000000	0.497084	0.499791	0.000309
95	tsk_95	(x)	1	:	0.000000	0.000000	0.211397	0.000000	0.000000	0.000000	0.000000	0.000000	0.128162	0.000000	0.000000	0.503036	0.157404
96	tsk_96	(x)	1	:	0.000000	0.000000	0.141889	0.000000	0.000000	0.000000	0.006285	0.000000	0.052932	0.000000	0.496858	0.000000	0.302036
97	tsk_97	(x)	1	:	0.000000	0.000000	0.245428	0.000000	0.000000	0.000000	0.000000	0.000000	0.278959	0.000000	0.000000	0.000000	0.475613
98	tsk_98	(x)	1	:	0.000000	0.000000	0.054949	0.000000	0.000000	0.000000	0.000000	0.000000	0.245678	0.000000	0.000000	0.503036	0.196337
99	tsk_99	(x)	1	:	0.000000	0.000000	0.236704	0.000000	0.000000	0.000000	0.000000	0.000000	0.110788	0.499642	0.000000	0.000000	0.152866
100	tsk_100	(x)	1	:	0.000000	0.000000	0.378960	0.000000	0.000000	0.000000	0.000000	0.000000	0.337698	0.000000	0.000000	0.000000	0.283342
101	tsk_101	(x)	1	:	0.000000	0.000000	0.011787	0.471290	0.000000	0.000000	0.007794	0.000000	0.003679	0.000000	0.496448	0.000000	0.009002
102	tsk_102	(x)	1	:	0.000000	0.000000	0.000082	0.472113	0.030005	0.000000	0.000000	0.497650	0.000052	0.000000	0.000000	0.000000	0.000097
103	tsk_103	(x)	1	:	0.000000	0.000000	0.207488	0.000000	0.000000	0.000000	0.000000	0.000000	0.396909	0.000000	0.000000	0.000000	0.395602
104	tsk_104	(x)	1	:	0.249787	0.000000	0.316181	0.000000	0.000000	0.000000	0.000000	0.000000	0.060833	0.228957	0.000000	0.000000	0.144243
105	tsk_105	(x)	1	:	0.000000	0.000000	0.359280	0.000000	0.000000	0.000000	0.000000	0.000000	0.297371	0.000000	0.000000	0.000000	0.343348
106	tsk_106	(x)	1	:	0.000000	0.000000	0.311392	0.000000	0.000000	0.000000	0.000000	0.000000	0.406581	0.000000	0.000000	0.000000	0.282027
107	tsk_107	(x)	1	:	0.000000	0.000000	0.222507	0.000000	0.000000	0.000000	0.005740	0.000000	0.165241	0.000000	0.497130	0.000000	0.109381
108	tsk_108	(x)	1	:	0.000000	0.000000	0.011780	0.470991	0.000000	0.000000	0.000000	0.000000	0.006812	0.499640	0.000000	0.000000	0.010776
109	tsk_109	(x)	1	:	0.000000	0.000000	0.199823	0.471033	0.000000	0.000000	0.000000	0.000000	0.124861	0.000000	0.000000	0.000000	0.204284
110	tsk_110	(x)	1	:	0.000000	0.000000	0.000000	0.000000	0.000000	0.000000	0.000000	0.000000	0.000000	1.000000	0.000000	0.000000	0.000000
111	tsk_111	(x)	1	:	0.000000	0.000000	0.000000	0.207026	0.000000	0.338816	0.000026	0.000000	0.000000	0.000000	0.454131	0.000000	0.000000
112	tsk_112	(x)	1	:	0.000000	0.000000	0.000504	0.000000	0.000000	0.000000	0.001805	0.000000	0.000370	0.499545	0.497493	0.000000	0.000284
113	tsk_113	(x)	1	:	0.000000	0.000000	0.000000	0.000000	1.000000	0.000000	0.000000	0.000000	0.000000	0.000000	0.000000	0.000000	0.000000
114	tsk_114	(x)	1	:	0.000000	0.000000	0.000045	0.000000	0.000000	0.000000	0.000335	0.000000	0.000011	0.506863	0.492736	0.000000	0.000010
115	tsk_115	(x)	1	:	0.000000	0.000000	0.000000	0.000000	0.000000	0.000000	0.000000	0.000000	0.000000	1.000000	0.000000	0.000000	0.000000
116	tsk_116	(x)	1	:	0.000000	0.000000	0.000848	0.000000	0.497251	0.000000	0.002973	0.000000	0.000819	0.000000	0.497138	0.000000	0.000971
117	tsk_117	(x)	1	:	0.000000	0.000000	0.001752	0.000000	0.496712	0.000000	0.000000	0.000000	0.000845	0.499543	0.000000	0.000000	0.001149
118	tsk_118	(x)	1	:	0.000000	0.000000	0.000947	0.000000	0.000000	0.000000	0.000744	0.000000	0.000276	0.499551	0.498129	0.000000	0.000353
119	tsk_119	(x)	1	:	0.000000	0.000000	0.000650	0.000000	0.497244	0.000000	0.003407	0.000000	0.000888	0.000000	0.496917	0.000000	0.000894
120	tsk_120	(x)	1	:	0.000000	0.000000	0.332429	0.000000	0.000000	0.000000	0.000000	0.000000	0.286851	0.000000	0.000000	0.000000	0.380719
121	tsk_121	(x)	1	:	0.000000	0.000000	0.187217	0.000000	0.000000	0.000000	0.000000	0.000000	0.292919	0.000000	0.000000	0.000000	0.519864
122	tsk_122	(x)	1	:	0.000000	0.000000	0.256062	0.000000	0.000000	0.000000	0.000000	0.000000	0.366812	0.000000	0.000000	0.000000	0.377126
123	tsk_123	(x)	1	:	0.500169	0.000000	0.002473	0.000000	0.000000	0.000000	0.496791	0.000000	0.000319	0.000000	0.000000	0.000000	0.000248
124	tsk_124	(x)	1	:	0.000000	0.000000	0.000121	0.000000	0.000000	0.000000	0.000000	0.000000	0.000131	0.499555	0.000000	0.500073	0.000120
125	tsk_125	(x)	1	:	0.000000	0.000000	0.265425	0.000000	0.000000	0.000000	0.000000	0.000000	0.441082	0.000000	0.000000	0.000000	0.293492
126	tsk_126	(x)	1	:	0.000000	0.000000	0.251663	0.000000	0.000000	0.000000	0.000000	0.000000	0.284243	0.000000	0.000000	0.000000	0.464094
127	tsk_127	(x)	1	:	0.500266	0.000000	0.183583	0.000000	0.000000	0.000000	0.000000	0.000000	0.186022	0.000000	0.000000	0.000000	0.130130
128	tsk_128	(x)	1	:	0.000000	0.000000	0.182780	0.000000	0.000000	0.000000	0.000000	0.000000	0.405809	0.000000	0.000000	0.000000	0.411411
129	tsk_129	(x)	1	:	0.000000	0.000000	0.173612	0.000000	0.000000	0.000000	0.000000	0.000000	0.192582	0.499642	0.000000	0.000000	0.134165
130	tsk_130	(x)	1	:	0.000000	0.000000	0.261130	0.471033	0.000000	0.000000	0.000000	0.000000	0.129910	0.000000	0.000000	0.000000	0.137927
131	tsk_131	(x)	1	:	0.000000	0.000000	0.004256	0.471877	0.000000	0.000000	0.000000	0.000000	0.007734	0.000000	0.000000	0.505248	0.010886
132	tsk_132	(x)	1	:	0.000000	0.000000	0.000595	0.000000	0.497295	0.000000	0.000000	0.000000	0.001039	0.000000	0.000000	0.500260	0.000811
133	tsk_133	(x)	1	:	0.000000	0.000000	0.148800	0.000000	0.500000	0.000000	0.000000	0.000000	0.089143	0.000000	0.000000	0.000000	0.262057
134	tsk_134	(x)	1	:	0.000000	0.000000	0.070556	0.548462	0.000000	0.000000	0.000000	0.000000	0.137641	0.000000	0.000000	0.000000	0.243342
135	tsk_135	(x)	1	:	0.000000	0.000000	0.007315	0.471051	0.000000	0.000000	0.499669	0.000000	0.007308	0.000000	0.000000	0.000000	0.014656
136	tsk_136	(x)	1	:	0.000000	0.000000	0.155970	0.000000	0.000000	0.000000	0.000000	0.000000	0.181207	0.000000	0.000000	0.503036	0.159787
137	tsk_137	(x)	1	:	0.000000	0.000000	0.000000	0.537650	0.462349	0.000000	0.000000	0.000000	0.000001	0.000000	0.000000	0.000000	0.000001
138	tsk_138	(x)	1	:	0.000000	0.000000	0.006349	0.471950	0.000000	0.000000	0.000000	0.000000	0.008553	0.000000	0.000000	0.505479	0.007668
139	tsk_139	(x)	1	:	0.000000	0.000000	0.156296	0.000000	0.000000	0.000000	0.000000	0.000000	0.392505	0.000000	0.000000	0.000000	0.451199
140	tsk_140	(x)	1	:	0.000000	0.000008	0.130487	0.000000	0.000000	0.000000	0.000000	0.510954	0.127833	0.000000	0.000000	0.000000	0.230718
141	tsk_141	(x)	1	:	0.000000	0.000000	0.092591	0.000000	0.000000	0.000000	0.000000	0.000000	0.301219	0.000000	0.000000	0.503036	0.103153
142	tsk_142	(x)	1	:	0.000000	0.000000	0.000000	1.000000	0.000000	0.000000	0.000000	0.000000	0.000000	0.000000	0.000000	0.000000	0.000000
143	tsk_143	(x)	1	:	0.000000	0.000000	0.374606	0.000000	0.000000	0.000000	0.000000	0.000000	0.241784	0.000000	0.000000	0.000000	0.383610
144	tsk_144	(x)	1	:	0.000000	0.000000	0.044220	0.000000	0.000000	0.000000	0.000000	0.000000	0.221998	0.000000	0.000000	0.503036	0.230746
145	tsk_145	(x)	1	:	0.000000	0.000000	0.049178	0.000000	0.000000	0.000000	0.000000	0.000000	0.263903	0.000000	0.000000	0.503036	0.183883
146	tsk_146	(x)	1	:	0.000000	0.000000	0.090195	0.000000	0.000000	0.000000	0.000000	0.000000	0.401184	0.000000	0.000000	0.000000	0.508621
147	tsk_147	(x)	1	:	0.000000	0.000000	0.094055	0.000000	0.000000	0.000000	0.000000	0.000000	0.305585	0.000000	0.000000	0.503036	0.097324
148	tsk_148	(x)	1	:	0.000000	0.000000	0.278351	0.000000	0.000000	0.000000	0.000000	0.000000	0.101281	0.499642	0.000000	0.000000	0.120726
149	tsk_149	(x)	1	:	0.000000	0.000000	0.146107	0.471033	0.000000	0.000000	0.000000	0.000000	0.225113	0.000000	0.000000	0.000000	0.157748
