logL = -2461.836447 (converged)
AIC = 6573.672894
BIC = 9057.447012

count.K
22 51 32 33 12 

