logL = -1766.931139 (converged)
AIC = 5093.862278
BIC = 7442.157807

count.K
7 6 73 5 59 

