logL = -946.315126 (converged)
AIC = 7112.630253
BIC = 14970.388371

count.K
1 14 14 15 1 31 9 0 3 9 20 18 7 4 4 

