logL = -1328.283304 (converged)
AIC = 5884.566608
BIC = 10743.731973

count.K
7 34 10 9 10 53 6 9 12 

