logL = -2706.583793 (converged)
AIC = 5953.167586
BIC = 6766.039116

count.K
85 65 

