logL = -3811.503232 (converged)
AIC = 10627.006464
BIC = 15148.980676

count.K
25 43 9 8 42 17 6 

