logL = -2597.625927 (converged)
AIC = 9515.251853
BIC = 16018.224089

count.K
28 8 21 14 8 3 3 31 9 24 1 

