logL = -1680.144585 (converged)
AIC = 7956.289170
BIC = 14874.729075

count.K
1 32 5 28 6 0 7 16 1 22 24 8 

