logL = -1238.716154 (converged)
AIC = 5265.432308
BIC = 9462.257908

count.K
29 10 15 1 19 6 51 19 

