logL = -780.290836 (converged)
AIC = 5888.581673
BIC = 12403.596449

count.K
22 17 4 1 2 7 9 48 11 10 2 1 16 

