logL = -1630.073210 (converged)
AIC = 4560.146420
BIC = 6517.059361

count.K
31 26 65 28 

