logL = -1172.182798 (converged)
AIC = 5428.365595
BIC = 10070.765219

count.K
21 12 24 4 5 11 35 19 19 

