logL = -633.912222 (converged)
AIC = 5335.824443
BIC = 11459.456632

count.K
6 1 9 18 3 9 6 64 3 23 4 4 

