logL = -1541.283895 (converged)
AIC = 4326.567790
BIC = 6199.182943

count.K
53 14 47 36 

