logL = -3297.677733 (converged)
AIC = 7075.355465
BIC = 7797.907936

count.K
74 76 

