logL = -981.697289 (converged)
AIC = 5909.394579
BIC = 11849.378014

count.K
9 2 11 30 6 6 17 1 63 0 5 

