logL = -1340.950777 (converged)
AIC = 8141.901553
BIC = 16360.935906

count.K
20 13 18 6 6 20 8 2 0 0 19 1 27 7 3 

