logL = -2451.769186 (converged)
AIC = 6683.538373
BIC = 9363.003784

count.K
40 7 35 41 27 

