logL = -1821.763659 (converged)
AIC = 4087.527318
BIC = 4755.888354

count.K
110 40 

