logL = -741.376153 (converged)
AIC = 6672.752305
BIC = 14485.350894

count.K
29 1 17 1 3 11 8 21 7 23 7 4 15 1 2 

