logL = -2073.415426 (converged)
AIC = 6730.830851
BIC = 10620.571651

count.K
4 31 11 8 12 42 42 

