logL = -402.242389 (converged)
AIC = 5874.484779
BIC = 13506.445249

count.K
15 1 7 15 17 7 1 29 6 5 3 3 13 13 15 

