logL = -967.680172 (converged)
AIC = 3091.360345
BIC = 4831.507545

count.K
34 68 2 46 

