logL = -3827.236432 (converged)
AIC = 10186.472864
BIC = 13997.937147

count.K
34 28 9 30 8 41 

