logL = -686.233105 (converged)
AIC = 2812.466210
BIC = 4980.123622

count.K
42 16 17 15 60 

