0	tsk_0	(x)	1	:	0.000000	0.000000	0.000000	0.499997	0.000005	0.000000	0.000000	0.000000	0.000000	0.000000	0.000000	0.499998	0.000000	0.000000
1	tsk_1	(x)	1	:	0.000000	0.000000	0.000000	0.000000	0.000041	0.000000	0.000000	0.000000	0.000000	0.497641	0.000000	0.502318	0.000000	0.000000
2	tsk_2	(x)	1	:	0.000000	0.000000	0.000085	0.000000	0.005693	0.477213	0.000000	0.000000	0.000000	0.000000	0.000000	0.517009	0.000000	0.000000
3	tsk_3	(x)	1	:	0.000000	0.000000	0.000000	0.000000	0.000000	0.575310	0.000000	0.000000	0.000000	0.000000	0.000000	0.424690	0.000000	0.000000
4	tsk_4	(x)	1	:	0.000000	0.000000	0.000000	0.000000	0.000040	0.000000	0.000000	0.000000	0.000000	0.497642	0.000000	0.502319	0.000000	0.000000
5	tsk_5	(x)	1	:	0.000000	0.000000	0.000000	1.000000	0.000000	0.000000	0.000000	0.000000	0.000000	0.000000	0.000000	0.000000	0.000000	0.000000
6	tsk_6	(x)	1	:	0.000000	0.000000	0.000000	0.499995	0.000007	0.000000	0.000000	0.000000	0.000000	0.000000	0.000000	0.499997	0.000000	0.000000
7	tsk_7	(x)	1	:	0.000000	0.000000	0.000000	0.355947	0.000000	0.244550	0.000000	0.000000	0.000000	0.000000	0.000000	0.399503	0.000000	0.000000
8	tsk_8	(x)	1	:	0.000000	0.000000	0.000030	0.000000	0.005757	0.477218	0.000000	0.000000	0.000000	0.000000	0.000000	0.516995	0.000000	0.000000
9	tsk_9	(x)	1	:	0.000000	0.000000	0.000000	1.000000	0.000000	0.000000	0.000000	0.000000	0.000000	0.000000	0.000000	0.000000	0.000000	0.000000
10	tsk_10	(x)	1	:	0.530817	0.000000	0.000000	0.000000	0.469183	0.000000	0.000000	0.000000	0.000000	0.000000	0.000000	0.000000	0.000000	0.000000
11	tsk_11	(x)	1	:	0.499988	0.000000	0.000000	0.499988	0.000024	0.000000	0.000000	0.000000	0.000000	0.000000	0.000000	0.000000	0.000000	0.000000
12	tsk_12	(x)	1	:	0.054268	0.000000	0.000000	0.000000	0.469193	0.000000	0.000000	0.000000	0.476538	0.000000	0.000000	0.000000	0.000000	0.000000
13	tsk_13	(x)	1	:	0.000000	0.000000	0.000000	0.479086	0.000000	0.000000	0.000000	0.000000	0.000000	0.000000	0.000000	0.000000	0.000000	0.520914
14	tsk_14	(x)	1	:	0.527386	0.000000	0.456163	0.000000	0.016451	0.000000	0.000000	0.000000	0.000000	0.000000	0.000000	0.000000	0.000000	0.000000
15	tsk_15	(x)	1	:	0.000000	0.000000	0.000000	0.000000	0.455730	0.000000	0.000000	0.000000	0.000000	0.000000	0.000000	0.000000	0.000000	0.544270
16	tsk_16	(x)	1	:	0.000000	0.000000	0.000000	0.479086	0.000000	0.000000	0.000000	0.000000	0.000000	0.000000	0.000000	0.000000	0.000000	0.520914
17	tsk_17	(x)	1	:	0.000000	0.000000	0.000000	0.000000	0.000046	0.000000	0.000000	0.000000	0.000000	0.000000	0.459690	0.000000	0.000000	0.540265
18	tsk_18	(x)	1	:	0.000000	0.000000	0.000000	0.000000	0.000021	0.000000	0.000000	0.000000	0.000000	0.473511	0.000000	0.000000	0.000000	0.526469
19	tsk_19	(x)	1	:	0.023478	0.000000	0.000000	0.499995	0.000015	0.000000	0.000000	0.000000	0.476512	0.000000	0.000000	0.000000	0.000000	0.000000
20	tsk_20	(x)	1	:	0.000000	0.000000	0.000000	0.000000	0.000000	0.000000	0.000000	0.000000	0.000000	0.000000	0.000000	0.000000	1.000000	0.000000
21	tsk_21	(x)	1	:	0.000000	0.000000	0.000000	0.000000	0.014402	0.000000	0.000000	0.000000	0.000000	0.000000	0.465528	0.000000	0.520070	0.000000
22	tsk_22	(x)	1	:	0.000000	0.000000	0.000000	0.000000	0.000000	0.000000	0.000000	0.000000	0.000000	0.000000	0.000000	0.000000	1.000000	0.000000
23	tsk_23	(x)	1	:	0.000000	0.000000	0.457509	0.000000	0.022443	0.000000	0.000000	0.000000	0.000000	0.000000	0.000000	0.000000	0.520048	0.000000
24	tsk_24	(x)	1	:	0.000000	0.000000	0.000000	0.000000	0.000000	0.000000	0.000000	0.000000	0.000000	0.000000	0.000000	0.000000	1.000000	0.000000
25	tsk_25	(x)	1	:	0.000000	0.000000	0.491506	0.000000	0.000136	0.000000	0.000000	0.000000	0.000000	0.000000	0.000000	0.000000	0.508358	0.000000
26	tsk_26	(x)	1	:	0.000000	0.000000	0.000000	0.000000	0.014403	0.000000	0.000000	0.000000	0.000000	0.000000	0.465527	0.000000	0.520069	0.000000
27	tsk_27	(x)	1	:	0.000000	0.000000	0.684241	0.000000	0.315759	0.000000	0.000000	0.000000	0.000000	0.000000	0.000000	0.000000	0.000000	0.000000
28	tsk_28	(x)	1	:	0.000000	0.000000	0.491508	0.000000	0.000133	0.000000	0.000000	0.000000	0.000000	0.000000	0.000000	0.000000	0.508359	0.000000
29	tsk_29	(x)	1	:	0.000000	0.000000	0.000112	0.000000	0.005936	0.476863	0.000000	0.000000	0.000000	0.000000	0.000000	0.000000	0.517089	0.000000
30	tsk_30	(x)	1	:	0.000000	0.000000	0.457511	0.000000	0.022441	0.000000	0.000000	0.000000	0.000000	0.000000	0.000000	0.000000	0.520048	0.000000
31	tsk_31	(x)	1	:	0.000363	0.000000	0.000000	0.000000	0.000000	0.000000	0.000000	0.000000	0.461782	0.000000	0.537855	0.000000	0.000000	0.000000
32	tsk_32	(x)	1	:	0.002373	0.000000	0.000000	0.000000	0.000000	0.000000	0.526459	0.000000	0.471168	0.000000	0.000000	0.000000	0.000000	0.000000
33	tsk_33	(x)	1	:	0.000000	0.000000	0.000000	0.000000	0.000000	0.000000	1.000000	0.000000	0.000000	0.000000	0.000000	0.000000	0.000000	0.000000
34	tsk_34	(x)	1	:	0.000000	0.000000	0.000000	0.000000	0.000000	0.000000	0.000000	0.000000	0.000000	0.000000	0.000000	0.456007	0.543993	0.000000
35	tsk_35	(x)	1	:	0.000000	0.000000	0.000000	0.000000	0.000015	0.000000	0.000000	0.000000	0.000000	0.000000	0.000000	0.503224	0.496761	0.000000
36	tsk_36	(x)	1	:	0.000000	0.000000	0.000000	0.000000	0.000000	0.000000	0.000000	0.000000	0.000000	0.000000	0.000000	0.000000	1.000000	0.000000
37	tsk_37	(x)	1	:	0.000000	0.000000	0.000106	0.000000	0.005941	0.476865	0.000000	0.000000	0.000000	0.000000	0.000000	0.000000	0.517088	0.000000
38	tsk_38	(x)	1	:	0.000000	0.000000	0.000000	0.000000	0.000044	0.000000	0.000000	0.000000	0.000000	0.497639	0.000000	0.502318	0.000000	0.000000
39	tsk_39	(x)	1	:	0.000000	0.000000	0.000000	0.000000	0.452452	0.000000	0.000000	0.000000	0.000000	0.000000	0.260937	0.000000	0.286611	0.000000
40	tsk_40	(x)	1	:	0.000000	0.000000	0.000000	0.000000	0.000000	0.000000	0.000000	0.000000	0.000000	0.000000	0.000000	1.000000	0.000000	0.000000
41	tsk_41	(x)	1	:	0.499990	0.000000	0.000000	0.000000	0.000016	0.000000	0.000000	0.000000	0.000000	0.000000	0.000000	0.499994	0.000000	0.000000
42	tsk_42	(x)	1	:	0.499986	0.000000	0.000000	0.000000	0.000024	0.000000	0.000000	0.000000	0.000000	0.000000	0.000000	0.499991	0.000000	0.000000
43	tsk_43	(x)	1	:	0.523498	0.000000	0.000000	0.000000	0.000000	0.000000	0.000000	0.000000	0.476502	0.000000	0.000000	0.000000	0.000000	0.000000
44	tsk_44	(x)	1	:	0.000000	0.000000	0.000000	0.000000	0.000000	0.000000	0.000000	0.000000	0.000000	0.000000	0.000000	1.000000	0.000000	0.000000
45	tsk_45	(x)	1	:	0.000000	0.000000	0.000000	0.000000	0.000000	0.000000	0.000000	0.000000	0.000000	0.000000	0.000000	1.000000	0.000000	0.000000
46	tsk_46	(x)	1	:	0.023533	0.000000	0.000000	0.000000	0.000008	0.000000	0.000000	0.000000	0.476469	0.000000	0.000000	0.499990	0.000000	0.000000
47	tsk_47	(x)	1	:	0.499991	0.000000	0.000000	0.000000	0.000015	0.000000	0.000000	0.000000	0.000000	0.000000	0.000000	0.499994	0.000000	0.000000
48	tsk_48	(x)	1	:	0.499989	0.000000	0.000000	0.000000	0.000018	0.000000	0.000000	0.000000	0.000000	0.000000	0.000000	0.499993	0.000000	0.000000
49	tsk_49	(x)	1	:	0.000000	0.000000	0.000000	0.000000	0.000000	0.000000	0.000000	0.000000	0.000000	0.000000	0.385529	0.614471	0.000000	0.000000
50	tsk_50	(x)	1	:	0.000000	0.000000	0.000000	0.503104	0.000000	0.000000	0.000000	0.000000	0.000000	0.496896	0.000000	0.000000	0.000000	0.000000
51	tsk_51	(x)	1	:	0.000000	0.000000	0.462252	0.000000	0.367916	0.000000	0.000000	0.169831	0.000000	0.000000	0.000000	0.000000	0.000000	0.000000
52	tsk_52	(x)	1	:	0.000000	0.000000	0.000000	0.000000	0.000000	0.000000	0.000000	0.000000	0.000000	0.000000	0.385529	0.614471	0.000000	0.000000
53	tsk_53	(x)	1	:	0.000000	0.000000	0.000000	0.000000	0.000025	0.000000	0.000000	0.000000	0.000000	0.497653	0.000000	0.502322	0.000000	0.000000
54	tsk_54	(x)	1	:	0.000000	0.000000	0.000000	0.522638	0.001312	0.000000	0.475968	0.000000	0.000000	0.000000	0.000082	0.000000	0.000000	0.000000
55	tsk_55	(x)	1	:	0.000000	0.000000	0.000000	0.000000	0.000000	0.000000	1.000000	0.000000	0.000000	0.000000	0.000000	0.000000	0.000000	0.000000
56	tsk_56	(x)	1	:	0.503101	0.000000	0.000000	0.000000	0.000008	0.000000	0.000000	0.000000	0.000000	0.496891	0.000000	0.000000	0.000000	0.000000
57	tsk_57	(x)	1	:	0.000000	0.000000	0.000000	0.000000	0.309954	0.000000	0.000000	0.169769	0.000000	0.000000	0.000000	0.520277	0.000000	0.000000
58	tsk_58	(x)	1	:	0.000000	0.000000	0.000046	0.522655	0.002856	0.474443	0.000000	0.000000	0.000000	0.000000	0.000000	0.000000	0.000000	0.000000
59	tsk_59	(x)	1	:	0.000000	0.000000	0.000000	0.000000	0.309954	0.000000	0.000000	0.169769	0.000000	0.000000	0.000000	0.520277	0.000000	0.000000
60	tsk_60	(x)	1	:	0.527387	0.000000	0.456167	0.000000	0.016446	0.000000	0.000000	0.000000	0.000000	0.000000	0.000000	0.000000	0.000000	0.000000
61	tsk_61	(x)	1	:	0.000000	0.000000	0.457512	0.000000	0.022438	0.000000	0.000000	0.000000	0.000000	0.000000	0.000000	0.000000	0.520049	0.000000
62	tsk_62	(x)	1	:	0.000000	0.000000	0.000000	0.000000	0.000038	0.000000	0.000000	0.000000	0.000000	0.497643	0.000000	0.502319	0.000000	0.000000
63	tsk_63	(x)	1	:	0.000000	0.000000	0.000000	0.000000	0.000033	0.000000	0.000000	0.000000	0.000000	0.497646	0.000000	0.502320	0.000000	0.000000
64	tsk_64	(x)	1	:	0.000000	0.360050	0.000000	0.000000	0.000000	0.000000	0.000000	0.000000	0.000000	0.639950	0.000000	0.000000	0.000000	0.000000
65	tsk_65	(x)	1	:	0.000000	0.000000	0.000000	0.000000	0.000035	0.000000	0.000000	0.000000	0.000000	0.497645	0.000000	0.502320	0.000000	0.000000
66	tsk_66	(x)	1	:	0.000000	0.000000	0.000000	0.000000	0.000000	0.000000	0.000000	0.000000	0.000000	1.000000	0.000000	0.000000	0.000000	0.000000
67	tsk_67	(x)	1	:	0.000000	0.000000	0.000000	0.000000	0.000033	0.000000	0.000000	0.000000	0.000000	0.497646	0.000000	0.502320	0.000000	0.000000
68	tsk_68	(x)	1	:	0.000000	0.000000	0.000000	0.000000	0.000000	0.000000	0.000000	0.000000	0.000000	1.000000	0.000000	0.000000	0.000000	0.000000
69	tsk_69	(x)	1	:	0.000000	0.000000	0.000000	0.000000	0.000000	0.000000	0.000000	0.000000	0.000000	0.502279	0.000000	0.000000	0.497721	0.000000
70	tsk_70	(x)	1	:	0.050051	0.000000	0.455750	0.000000	0.017267	0.000000	0.000000	0.000000	0.476932	0.000000	0.000000	0.000000	0.000000	0.000000
71	tsk_71	(x)	1	:	0.000000	0.000000	0.000000	0.000000	0.000000	0.000000	0.000000	0.000000	1.000000	0.000000	0.000000	0.000000	0.000000	0.000000
72	tsk_72	(x)	1	:	0.023549	0.000000	0.000000	0.000000	0.000006	0.000000	0.000000	0.000000	0.476456	0.000000	0.000000	0.499989	0.000000	0.000000
73	tsk_73	(x)	1	:	0.050081	0.000000	0.456058	0.000000	0.016844	0.000000	0.000000	0.000000	0.477017	0.000000	0.000000	0.000000	0.000000	0.000000
74	tsk_74	(x)	1	:	0.023549	0.000000	0.000000	0.000000	0.000007	0.000000	0.000000	0.000000	0.476456	0.000000	0.000000	0.499988	0.000000	0.000000
75	tsk_75	(x)	1	:	0.000000	0.000000	0.000000	0.000000	0.000038	0.000000	0.000000	0.000000	0.000000	0.497643	0.000000	0.502319	0.000000	0.000000
76	tsk_76	(x)	1	:	0.054278	0.000000	0.000000	0.000000	0.469190	0.000000	0.000000	0.000000	0.476532	0.000000	0.000000	0.000000	0.000000	0.000000
77	tsk_77	(x)	1	:	0.049604	0.000000	0.000000	0.000000	0.009123	0.000000	0.000000	0.000000	0.476988	0.000000	0.464285	0.000000	0.000000	0.000000
78	tsk_78	(x)	1	:	0.000000	0.000000	0.000000	0.000000	0.000000	0.000000	0.000000	0.000000	1.000000	0.000000	0.000000	0.000000	0.000000	0.000000
79	tsk_79	(x)	1	:	0.000000	0.000000	0.000000	0.000000	1.000000	0.000000	0.000000	0.000000	0.000000	0.000000	0.000000	0.000000	0.000000	0.000000
80	tsk_80	(x)	1	:	0.000000	1.000000	0.000000	0.000000	0.000000	0.000000	0.000000	0.000000	0.000000	0.000000	0.000000	0.000000	0.000000	0.000000
81	tsk_81	(x)	1	:	0.000000	0.000000	0.000000	0.000000	0.000000	0.000000	0.000000	0.000000	1.000000	0.000000	0.000000	0.000000	0.000000	0.000000
82	tsk_82	(x)	1	:	0.000000	0.000011	0.000000	0.000000	0.000000	0.000000	0.000000	0.000000	0.000000	0.554519	0.000000	0.445470	0.000000	0.000000
83	tsk_83	(x)	1	:	0.000000	0.991890	0.000000	0.000000	0.000000	0.000000	0.000000	0.000000	0.000000	0.008110	0.000000	0.000000	0.000000	0.000000
84	tsk_84	(x)	1	:	0.026918	0.000000	0.000000	0.000000	0.000031	0.000000	0.000000	0.000000	0.476986	0.000000	0.000000	0.000000	0.496065	0.000000
85	tsk_85	(x)	1	:	0.000000	0.439202	0.000000	0.000000	0.000000	0.000000	0.000000	0.000000	0.560465	0.000333	0.000000	0.000000	0.000000	0.000000
86	tsk_86	(x)	1	:	0.000000	0.000000	0.000000	0.000000	0.000000	0.000000	0.000000	0.000000	1.000000	0.000000	0.000000	0.000000	0.000000	0.000000
87	tsk_87	(x)	1	:	0.000000	0.000000	0.000170	0.000000	0.005840	0.476867	0.000000	0.000000	0.000000	0.000000	0.000000	0.000000	0.517123	0.000000
88	tsk_88	(x)	1	:	0.000000	0.439695	0.000000	0.000000	0.000229	0.000000	0.000000	0.000000	0.000000	0.054558	0.000000	0.000000	0.505519	0.000000
89	tsk_89	(x)	1	:	0.041379	0.462974	0.000000	0.000000	0.000090	0.000000	0.000000	0.000000	0.475934	0.019623	0.000000	0.000000	0.000000	0.000000
90	tsk_90	(x)	1	:	0.000000	0.000000	0.000000	0.000000	0.000032	0.000000	0.000000	0.000000	0.000000	0.000000	0.459699	0.000000	0.000000	0.540269
91	tsk_91	(x)	1	:	0.000000	0.000000	0.000000	0.000000	0.003200	0.000000	0.000000	0.000000	0.000000	0.536299	0.460501	0.000000	0.000000	0.000000
92	tsk_92	(x)	1	:	0.000000	0.000000	0.000000	0.000000	0.000000	0.000000	0.000000	0.000000	0.000000	0.000000	1.000000	0.000000	0.000000	0.000000
93	tsk_93	(x)	1	:	0.000000	0.000000	0.000000	0.000000	0.000000	0.000000	0.000000	0.000000	0.000000	0.000000	0.000000	1.000000	0.000000	0.000000
94	tsk_94	(x)	1	:	0.000000	0.000000	0.000061	0.000000	0.005746	0.477200	0.000000	0.000000	0.000000	0.000000	0.000000	0.516993	0.000000	0.000000
95	tsk_95	(x)	1	:	0.000000	0.000000	0.000000	0.000000	0.000000	0.000000	0.000000	0.000000	0.000000	0.000000	0.385529	0.614471	0.000000	0.000000
96	tsk_96	(x)	1	:	0.000000	0.000000	0.000215	0.000000	0.052156	0.480950	0.000000	0.000000	0.000000	0.000000	0.466679	0.000000	0.000000	0.000000
97	tsk_97	(x)	1	:	0.000000	0.000000	0.000000	0.000000	0.000033	0.000000	0.000000	0.000000	0.000000	0.497647	0.000000	0.502320	0.000000	0.000000
98	tsk_98	(x)	1	:	0.000000	0.000000	0.458022	0.000000	0.023045	0.000000	0.000000	0.000000	0.000000	0.000000	0.000000	0.518932	0.000000	0.000000
99	tsk_99	(x)	1	:	0.000000	0.000000	0.000000	0.000000	0.000000	0.000000	0.000000	0.000000	0.000000	0.000000	0.385529	0.614471	0.000000	0.000000
100	tsk_100	(x)	1	:	0.000000	0.000000	1.000000	0.000000	0.000000	0.000000	0.000000	0.000000	0.000000	0.000000	0.000000	0.000000	0.000000	0.000000
101	tsk_101	(x)	1	:	0.501563	0.354610	0.000000	0.000000	0.000000	0.000000	0.000000	0.000000	0.000000	0.143827	0.000000	0.000000	0.000000	0.000000
102	tsk_102	(x)	1	:	0.000000	0.000000	0.451838	0.000000	0.007393	0.000000	0.000000	0.000000	0.000000	0.540769	0.000000	0.000000	0.000000	0.000000
103	tsk_103	(x)	1	:	0.000000	0.000000	0.000000	1.000000	0.000000	0.000000	0.000000	0.000000	0.000000	0.000000	0.000000	0.000000	0.000000	0.000000
104	tsk_104	(x)	1	:	0.000000	0.000000	0.456171	0.527390	0.016439	0.000000	0.000000	0.000000	0.000000	0.000000	0.000000	0.000000	0.000000	0.000000
105	tsk_105	(x)	1	:	0.000000	0.000000	0.454698	0.000000	0.001617	0.000000	0.000000	0.000000	0.000000	0.543685	0.000000	0.000000	0.000000	0.000000
106	tsk_106	(x)	1	:	0.000000	0.360494	0.452037	0.000000	0.007928	0.000000	0.000000	0.000000	0.000000	0.179541	0.000000	0.000000	0.000000	0.000000
107	tsk_107	(x)	1	:	0.000000	0.377201	0.000000	0.000000	0.000002	0.000000	0.000000	0.000000	0.000000	0.093217	0.000000	0.000000	0.000000	0.529580
108	tsk_108	(x)	1	:	0.000000	0.000000	0.000000	0.418108	0.581892	0.000000	0.000000	0.000000	0.000000	0.000000	0.000000	0.000000	0.000000	0.000000
109	tsk_109	(x)	1	:	0.000000	0.000000	1.000000	0.000000	0.000000	0.000000	0.000000	0.000000	0.000000	0.000000	0.000000	0.000000	0.000000	0.000000
110	tsk_110	(x)	1	:	0.000000	0.000000	0.460275	0.000000	0.103300	0.000000	0.000000	0.436425	0.000000	0.000000	0.000000	0.000000	0.000000	0.000000
111	tsk_111	(x)	1	:	0.499987	0.000000	0.000000	0.499987	0.000026	0.000000	0.000000	0.000000	0.000000	0.000000	0.000000	0.000000	0.000000	0.000000
112	tsk_112	(x)	1	:	0.000000	0.000000	0.457511	0.000000	0.022441	0.000000	0.000000	0.000000	0.000000	0.000000	0.000000	0.000000	0.520049	0.000000
113	tsk_113	(x)	1	:	0.000000	0.000000	0.000000	0.499994	0.000009	0.000000	0.000000	0.000000	0.000000	0.000000	0.000000	0.499996	0.000000	0.000000
114	tsk_114	(x)	1	:	0.000000	0.000000	0.458019	0.000000	0.023049	0.000000	0.000000	0.000000	0.000000	0.000000	0.000000	0.518931	0.000000	0.000000
115	tsk_115	(x)	1	:	0.000000	0.000000	0.000000	0.504023	0.000028	0.000000	0.000000	0.000000	0.000000	0.000000	0.000000	0.000000	0.495949	0.000000
116	tsk_116	(x)	1	:	0.000000	0.000000	1.000000	0.000000	0.000000	0.000000	0.000000	0.000000	0.000000	0.000000	0.000000	0.000000	0.000000	0.000000
117	tsk_117	(x)	1	:	0.000000	0.000000	1.000000	0.000000	0.000000	0.000000	0.000000	0.000000	0.000000	0.000000	0.000000	0.000000	0.000000	0.000000
118	tsk_118	(x)	1	:	0.000000	0.000000	0.000000	0.499998	0.000004	0.000000	0.000000	0.000000	0.000000	0.000000	0.000000	0.499998	0.000000	0.000000
119	tsk_119	(x)	1	:	0.000000	0.555417	0.000000	0.444582	0.000000	0.000000	0.000000	0.000000	0.000000	0.000000	0.000000	0.000000	0.000000	0.000000
120	tsk_120	(x)	1	:	0.000000	0.000000	0.000000	0.000000	0.000000	0.464175	0.000000	0.000000	0.000000	0.000000	0.000000	0.000000	0.000000	0.535825
121	tsk_121	(x)	1	:	0.529842	0.000000	0.000000	0.000000	0.145991	0.000000	0.000000	0.324167	0.000000	0.000000	0.000000	0.000000	0.000000	0.000000
122	tsk_122	(x)	1	:	0.000000	0.000000	0.000000	0.435761	0.000000	0.000000	0.000000	0.136082	0.000000	0.000000	0.000000	0.000000	0.428157	0.000000
123	tsk_123	(x)	1	:	0.000000	0.000000	0.000000	0.000000	0.000000	0.000000	0.000000	0.193956	0.000000	0.000000	0.000000	0.000000	0.806044	0.000000
124	tsk_124	(x)	1	:	0.000000	0.000000	0.000000	0.000000	0.000000	0.000000	0.000000	0.125789	0.000000	0.000000	0.000000	0.000000	0.391249	0.482961
125	tsk_125	(x)	1	:	0.000000	0.000000	0.000684	0.000000	0.516939	0.482377	0.000000	0.000000	0.000000	0.000000	0.000000	0.000000	0.000000	0.000000
126	tsk_126	(x)	1	:	0.000000	0.000000	0.000000	0.000000	0.000000	0.000000	0.000000	0.142398	0.000000	0.408067	0.000000	0.000000	0.449534	0.000000
127	tsk_127	(x)	1	:	0.000000	0.000000	0.000000	0.000000	0.000226	0.000000	0.000000	0.491094	0.000000	0.000000	0.000000	0.000000	0.508679	0.000000
128	tsk_128	(x)	1	:	0.000000	0.000000	0.000000	0.000000	0.455730	0.000000	0.000000	0.000000	0.000000	0.000000	0.000000	0.000000	0.000000	0.544270
129	tsk_129	(x)	1	:	0.000000	0.000000	0.000000	0.000000	0.286085	0.000000	0.000000	0.169832	0.000000	0.000000	0.000000	0.000000	0.000000	0.544083
130	tsk_130	(x)	1	:	0.000000	0.000000	0.000000	0.000000	0.000000	0.000000	0.000000	0.000000	0.000000	0.000000	1.000000	0.000000	0.000000	0.000000
131	tsk_131	(x)	1	:	0.000000	0.000000	0.752970	0.000000	0.247030	0.000000	0.000000	0.000000	0.000000	0.000000	0.000000	0.000000	0.000000	0.000000
132	tsk_132	(x)	1	:	0.389849	0.000000	0.000000	0.389849	0.000000	0.000000	0.000000	0.220301	0.000000	0.000000	0.000000	0.000000	0.000000	0.000000
133	tsk_133	(x)	1	:	0.000000	0.000000	0.458020	0.000000	0.023048	0.000000	0.000000	0.000000	0.000000	0.000000	0.000000	0.518931	0.000000	0.000000
134	tsk_134	(x)	1	:	0.000000	0.000000	0.458021	0.000000	0.023048	0.000000	0.000000	0.000000	0.000000	0.000000	0.000000	0.518931	0.000000	0.000000
135	tsk_135	(x)	1	:	0.000000	0.000000	0.490015	0.000000	0.000029	0.000000	0.000000	0.000000	0.000000	0.000000	0.000000	0.509956	0.000000	0.000000
136	tsk_136	(x)	1	:	0.000000	0.000000	0.000000	0.000000	0.000000	0.000000	0.000000	0.000000	0.000000	0.473528	0.000000	0.000000	0.000000	0.526472
137	tsk_137	(x)	1	:	0.373414	0.000000	0.000000	0.000000	0.000000	0.000000	0.000000	0.214001	0.000000	0.000000	0.000000	0.412585	0.000000	0.000000
138	tsk_138	(x)	1	:	0.000000	0.000000	0.000000	0.000000	0.003207	0.000000	0.000000	0.000000	0.000000	0.536294	0.460499	0.000000	0.000000	0.000000
139	tsk_139	(x)	1	:	0.000000	0.000000	0.000000	0.000000	0.558344	0.000000	0.000000	0.000000	0.000000	0.000000	0.000000	0.441656	0.000000	0.000000
140	tsk_140	(x)	1	:	0.000000	0.000000	0.000000	0.000000	0.000000	0.000000	0.000000	0.000000	0.000000	0.000000	1.000000	0.000000	0.000000	0.000000
141	tsk_141	(x)	1	:	0.000000	0.000000	0.460052	0.000000	0.060533	0.000000	0.479229	0.000000	0.000000	0.000000	0.000186	0.000000	0.000000	0.000000
142	tsk_142	(x)	1	:	0.458859	0.000000	0.000000	0.000000	0.000000	0.000000	0.000000	0.000000	0.000000	0.000000	0.541141	0.000000	0.000000	0.000000
143	tsk_143	(x)	1	:	0.000000	0.508677	0.000000	0.000000	0.000000	0.000000	0.000000	0.000000	0.000000	0.000000	0.491323	0.000000	0.000000	0.000000
144	tsk_144	(x)	1	:	0.000000	0.000000	0.419734	0.000000	0.000029	0.000000	0.000000	0.000000	0.000000	0.000000	0.580237	0.000000	0.000000	0.000000
145	tsk_145	(x)	1	:	0.000000	0.000000	0.000000	0.000000	0.477179	0.000000	0.000000	0.000000	0.000000	0.000000	0.000000	0.000000	0.522821	0.000000
146	tsk_146	(x)	1	:	0.000000	0.000000	0.000000	0.000000	0.000000	0.000000	0.000000	0.000000	0.000000	0.000000	1.000000	0.000000	0.000000	0.000000
147	tsk_147	(x)	1	:	0.000000	0.000000	0.000000	0.000000	0.000000	0.000000	0.000000	0.000000	0.000000	0.000000	1.000000	0.000000	0.000000	0.000000
148	tsk_148	(x)	1	:	0.000000	0.000000	0.419737	0.000000	0.000025	0.000000	0.000000	0.000000	0.000000	0.000000	0.580238	0.000000	0.000000	0.000000
149	tsk_149	(x)	1	:	0.000000	0.000000	0.000000	0.000000	0.000000	0.000000	0.000000	0.000000	0.000000	0.000000	1.000000	0.000000	0.000000	0.000000
