logL = -913.588695 (converged)
AIC = 5685.177391
BIC = 11492.692873

count.K
32 7 2 5 6 51 21 4 15 5 2 

