logL = -1611.391829 (converged)
AIC = 8892.783657
BIC = 17427.934716

count.K
3 14 1 11 37 10 14 4 2 5 2 16 8 21 2 

