0	tsk_0	(x)	1	:	0.041215	0.000000	0.491776	0.000000	0.443985	0.000000	0.000000	0.000000	0.000000	0.023023	0.000000	0.000000	0.000000	0.000000
1	tsk_1	(x)	1	:	0.000000	0.000007	0.000000	0.000000	0.528491	0.000000	0.000000	0.471501	0.000000	0.000000	0.000000	0.000000	0.000000	0.000000
2	tsk_2	(x)	1	:	0.000000	0.482306	0.000000	0.000000	0.517694	0.000000	0.000000	0.000000	0.000000	0.000000	0.000000	0.000000	0.000000	0.000000
3	tsk_3	(x)	1	:	0.000000	0.520233	0.000000	0.000000	0.448668	0.000000	0.000000	0.000000	0.000000	0.017650	0.000000	0.000000	0.013448	0.000000
4	tsk_4	(x)	1	:	0.008822	0.000004	0.484814	0.000000	0.000000	0.000000	0.000000	0.497154	0.000000	0.000000	0.000000	0.000000	0.009207	0.000000
5	tsk_5	(x)	1	:	0.000000	0.520475	0.000000	0.000000	0.449700	0.000000	0.000000	0.000000	0.000000	0.016670	0.000000	0.000000	0.013156	0.000000
6	tsk_6	(x)	1	:	0.000000	0.000088	0.000000	0.000000	0.000000	0.000000	0.000000	0.999912	0.000000	0.000000	0.000000	0.000000	0.000000	0.000000
7	tsk_7	(x)	1	:	0.510066	0.000000	0.489934	0.000000	0.000000	0.000000	0.000000	0.000000	0.000000	0.000000	0.000000	0.000000	0.000000	0.000000
8	tsk_8	(x)	1	:	0.489237	0.509776	0.000000	0.000000	0.000000	0.000000	0.000000	0.000000	0.000000	0.000000	0.000000	0.000000	0.000987	0.000000
9	tsk_9	(x)	1	:	0.021675	0.000000	0.484743	0.000000	0.000000	0.000000	0.000000	0.000000	0.000000	0.000000	0.444487	0.000000	0.049095	0.000000
10	tsk_10	(x)	1	:	0.000000	0.000000	0.000000	0.354284	0.000000	0.000000	0.000000	0.000000	0.645715	0.000000	0.000000	0.000000	0.000000	0.000000
11	tsk_11	(x)	1	:	0.491803	0.000000	0.000000	0.499192	0.000000	0.000000	0.000000	0.000000	0.000000	0.000000	0.000000	0.000000	0.009005	0.000000
12	tsk_12	(x)	1	:	0.000000	0.000000	0.000000	0.040649	0.000000	0.000000	0.000000	0.000000	0.452589	0.000000	0.506762	0.000000	0.000000	0.000000
13	tsk_13	(x)	1	:	0.486479	0.000000	0.000000	0.000000	0.000000	0.000000	0.000000	0.000000	0.000000	0.000000	0.508502	0.000000	0.005019	0.000000
14	tsk_14	(x)	1	:	0.000000	0.000000	0.000000	0.056445	0.000000	0.000000	0.489898	0.000000	0.453656	0.000000	0.000000	0.000000	0.000000	0.000000
15	tsk_15	(x)	1	:	0.000000	0.000000	0.000000	0.000000	0.000000	0.000000	0.000000	0.000000	0.000000	0.422144	0.509394	0.000000	0.068462	0.000000
16	tsk_16	(x)	1	:	0.000000	0.000000	0.000000	0.493171	0.000000	0.000000	0.000000	0.000000	0.000000	0.000000	0.506829	0.000000	0.000000	0.000000
17	tsk_17	(x)	1	:	1.000000	0.000000	0.000000	0.000000	0.000000	0.000000	0.000000	0.000000	0.000000	0.000000	0.000000	0.000000	0.000000	0.000000
18	tsk_18	(x)	1	:	0.533254	0.000000	0.000000	0.000000	0.442891	0.000000	0.000000	0.000000	0.000000	0.023854	0.000000	0.000000	0.000000	0.000000
19	tsk_19	(x)	1	:	0.491069	0.000000	0.000000	0.499121	0.000000	0.000000	0.000000	0.000000	0.000000	0.000000	0.000000	0.000000	0.009810	0.000000
20	tsk_20	(x)	1	:	0.013260	0.000034	0.481781	0.000000	0.000000	0.000000	0.000000	0.496733	0.000000	0.000000	0.000000	0.000000	0.008192	0.000000
21	tsk_21	(x)	1	:	0.000000	0.000015	0.000000	0.000000	0.000000	0.000000	0.000000	0.999985	0.000000	0.000000	0.000000	0.000000	0.000000	0.000000
22	tsk_22	(x)	1	:	0.000000	0.000001	0.000000	0.000000	0.000000	0.000000	0.005475	0.512331	0.000000	0.000000	0.482193	0.000000	0.000000	0.000000
23	tsk_23	(x)	1	:	0.011767	0.000008	0.483012	0.000000	0.000000	0.000000	0.000000	0.496994	0.000000	0.000000	0.000000	0.000000	0.008218	0.000000
24	tsk_24	(x)	1	:	0.015993	0.000000	0.487374	0.000000	0.000000	0.000000	0.012654	0.000000	0.000000	0.000000	0.473788	0.000000	0.010190	0.000000
25	tsk_25	(x)	1	:	0.000000	0.000000	0.000000	0.055759	0.000000	0.000000	0.017548	0.000000	0.454032	0.000000	0.472660	0.000000	0.000000	0.000000
26	tsk_26	(x)	1	:	0.000000	0.000002	0.000000	0.000000	0.000000	0.000000	0.509109	0.490858	0.000000	0.000000	0.000031	0.000000	0.000000	0.000000
27	tsk_27	(x)	1	:	0.000000	0.000001	0.000000	0.047211	0.000000	0.000000	0.000000	0.499893	0.452895	0.000000	0.000000	0.000000	0.000000	0.000000
28	tsk_28	(x)	1	:	0.000000	0.000001	0.000000	0.000000	0.000000	0.000000	0.007449	0.512268	0.000000	0.000000	0.480282	0.000000	0.000000	0.000000
29	tsk_29	(x)	1	:	0.000000	0.000008	0.000000	0.000000	0.000000	0.000000	0.487668	0.512323	0.000000	0.000000	0.000000	0.000000	0.000000	0.000000
30	tsk_30	(x)	1	:	0.000000	0.000000	0.000000	0.493171	0.000000	0.000000	0.000000	0.000000	0.000000	0.000000	0.506829	0.000000	0.000000	0.000000
31	tsk_31	(x)	1	:	0.000000	0.000000	0.000000	0.500000	0.000000	0.000000	0.000000	0.500000	0.000000	0.000000	0.000000	0.000000	0.000000	0.000000
32	tsk_32	(x)	1	:	0.000000	0.000001	0.000000	0.500000	0.000000	0.000000	0.000000	0.499999	0.000000	0.000000	0.000000	0.000000	0.000000	0.000000
33	tsk_33	(x)	1	:	0.000000	0.000000	0.000000	1.000000	0.000000	0.000000	0.000000	0.000000	0.000000	0.000000	0.000000	0.000000	0.000000	0.000000
34	tsk_34	(x)	1	:	0.000000	0.000000	0.000000	0.500000	0.000000	0.000000	0.000000	0.500000	0.000000	0.000000	0.000000	0.000000	0.000000	0.000000
35	tsk_35	(x)	1	:	0.000000	0.000000	0.000000	1.000000	0.000000	0.000000	0.000000	0.000000	0.000000	0.000000	0.000000	0.000000	0.000000	0.000000
36	tsk_36	(x)	1	:	0.000000	0.000000	0.000000	1.000000	0.000000	0.000000	0.000000	0.000000	0.000000	0.000000	0.000000	0.000000	0.000000	0.000000
37	tsk_37	(x)	1	:	0.000000	0.000000	0.000000	1.000000	0.000000	0.000000	0.000000	0.000000	0.000000	0.000000	0.000000	0.000000	0.000000	0.000000
38	tsk_38	(x)	1	:	0.000000	0.000000	0.000000	0.500069	0.000000	0.000000	0.000000	0.000000	0.000000	0.421585	0.000000	0.000000	0.078346	0.000000
39	tsk_39	(x)	1	:	0.000000	0.000000	0.000000	0.510079	0.000000	0.000000	0.489920	0.000000	0.000000	0.000000	0.000000	0.000000	0.000000	0.000000
40	tsk_40	(x)	1	:	0.010790	0.000000	0.486270	0.046355	0.000000	0.000000	0.000000	0.000000	0.453101	0.000000	0.000000	0.000000	0.003485	0.000000
41	tsk_41	(x)	1	:	0.000000	0.000000	0.000000	0.000000	0.501732	0.000000	0.000000	0.000000	0.000000	0.000000	0.498268	0.000000	0.000000	0.000000
42	tsk_42	(x)	1	:	0.000000	0.000000	0.000000	0.000000	0.573946	0.000000	0.000000	0.000000	0.000000	0.000000	0.000000	0.000000	0.426054	0.000000
43	tsk_43	(x)	1	:	0.000000	0.000000	0.000000	0.000000	0.573946	0.000000	0.000000	0.000000	0.000000	0.000000	0.000000	0.000000	0.426054	0.000000
44	tsk_44	(x)	1	:	0.034013	0.000000	0.477976	0.000000	0.000000	0.000000	0.000000	0.000000	0.000000	0.000000	0.000000	0.000000	0.488010	0.000000
45	tsk_45	(x)	1	:	0.000000	0.000000	0.000000	0.000000	0.000000	0.000000	0.000000	0.000000	0.000000	0.000000	0.509318	0.000000	0.490681	0.000000
46	tsk_46	(x)	1	:	0.000000	0.000000	0.000000	0.000000	0.522060	0.000000	0.477940	0.000000	0.000000	0.000000	0.000000	0.000000	0.000000	0.000000
47	tsk_47	(x)	1	:	0.011982	0.000000	0.485681	0.046266	0.000000	0.000000	0.000000	0.000000	0.453185	0.000000	0.000000	0.000000	0.002887	0.000000
48	tsk_48	(x)	1	:	0.013916	0.000000	0.484971	0.046420	0.000000	0.000000	0.000000	0.000000	0.453093	0.000000	0.000000	0.000000	0.001600	0.000000
49	tsk_49	(x)	1	:	0.000000	0.000000	0.519371	0.029303	0.000000	0.000000	0.000000	0.000000	0.451326	0.000000	0.000000	0.000000	0.000000	0.000000
50	tsk_50	(x)	1	:	0.000000	0.000000	0.000000	0.000000	0.419805	0.577916	0.000000	0.000000	0.000000	0.002279	0.000000	0.000000	0.000000	0.000000
51	tsk_51	(x)	1	:	0.000000	0.000044	0.000000	0.000000	0.000000	0.000000	0.000000	0.999956	0.000000	0.000000	0.000000	0.000000	0.000000	0.000000
52	tsk_52	(x)	1	:	0.000000	0.000001	0.000000	0.000000	0.000000	0.000000	0.000000	0.491692	0.000000	0.000000	0.508307	0.000000	0.000000	0.000000
53	tsk_53	(x)	1	:	0.000000	0.000036	0.000000	0.000000	0.000000	0.000000	0.000000	0.999964	0.000000	0.000000	0.000000	0.000000	0.000000	0.000000
54	tsk_54	(x)	1	:	0.000000	0.000000	0.000000	0.000000	0.000000	0.000000	0.000000	0.484394	0.515606	0.000000	0.000000	0.000000	0.000000	0.000000
55	tsk_55	(x)	1	:	0.000000	0.000000	0.000000	0.000000	0.000000	1.000000	0.000000	0.000000	0.000000	0.000000	0.000000	0.000000	0.000000	0.000000
56	tsk_56	(x)	1	:	0.000000	0.000000	0.000000	0.000000	0.000000	0.394455	0.510288	0.000000	0.000000	0.000000	0.000032	0.000000	0.095225	0.000000
57	tsk_57	(x)	1	:	0.000000	0.000000	0.000000	0.000000	0.000000	0.000000	0.000000	0.491692	0.000000	0.000000	0.508307	0.000000	0.000000	0.000000
58	tsk_58	(x)	1	:	0.000000	0.000000	0.000000	0.000000	0.000000	0.000000	0.000000	0.000000	0.497867	0.000000	0.502133	0.000000	0.000000	0.000000
59	tsk_59	(x)	1	:	0.000000	0.000000	0.000000	0.000000	0.000000	0.000000	0.499597	0.000000	0.000000	0.500372	0.000031	0.000000	0.000000	0.000000
60	tsk_60	(x)	1	:	0.490079	0.000000	0.000000	0.499025	0.000000	0.000000	0.000000	0.000000	0.000000	0.000000	0.000000	0.000000	0.010895	0.000000
61	tsk_61	(x)	1	:	0.000000	0.000000	0.000000	0.047849	0.000000	0.394115	0.000000	0.000000	0.452378	0.000000	0.000000	0.000000	0.105657	0.000000
62	tsk_62	(x)	1	:	0.000000	0.000000	0.000000	0.047514	0.000000	0.000000	0.000000	0.000000	0.452716	0.421770	0.000000	0.000000	0.078000	0.000000
63	tsk_63	(x)	1	:	0.000000	0.000000	0.000000	0.031845	0.000000	0.222452	0.000000	0.000000	0.451576	0.294127	0.000000	0.000000	0.000000	0.000000
64	tsk_64	(x)	1	:	0.000000	0.000000	0.000000	0.048084	0.000000	0.394355	0.000000	0.000000	0.452184	0.000000	0.000000	0.000000	0.105377	0.000000
65	tsk_65	(x)	1	:	0.000000	0.000000	0.000000	0.000000	0.000000	0.000000	0.000000	0.000000	1.000000	0.000000	0.000000	0.000000	0.000000	0.000000
66	tsk_66	(x)	1	:	0.000000	0.000000	0.000000	0.033337	0.000000	0.514876	0.000000	0.000000	0.451787	0.000000	0.000000	0.000000	0.000000	0.000000
67	tsk_67	(x)	1	:	0.000000	0.000000	0.000000	0.545686	0.000000	0.000000	0.000000	0.000000	0.454314	0.000000	0.000000	0.000000	0.000000	0.000000
68	tsk_68	(x)	1	:	0.000000	0.000000	0.000000	0.030305	0.000000	0.000000	0.000000	0.000000	0.444181	0.000000	0.000000	0.525513	0.000000	0.000000
69	tsk_69	(x)	1	:	0.490691	0.000000	0.000000	0.046195	0.000000	0.000000	0.000000	0.000000	0.453006	0.000000	0.000000	0.000000	0.010108	0.000000
70	tsk_70	(x)	1	:	0.000000	0.000000	0.000000	0.439305	0.000000	0.000000	0.000000	0.000000	0.000000	0.560695	0.000000	0.000000	0.000000	0.000000
71	tsk_71	(x)	1	:	0.000000	0.491369	0.000000	0.000000	0.000000	0.000000	0.000000	0.000000	0.000000	0.000000	0.000000	0.508631	0.000000	0.000000
72	tsk_72	(x)	1	:	0.000000	0.543796	0.000000	0.456203	0.000000	0.000000	0.000000	0.000000	0.000000	0.000000	0.000000	0.000000	0.000000	0.000000
73	tsk_73	(x)	1	:	0.000000	0.377425	0.000000	0.000000	0.000000	0.000000	0.000000	0.000000	0.000000	0.000000	0.000000	0.622575	0.000000	0.000000
74	tsk_74	(x)	1	:	0.000000	0.000000	0.000000	0.047842	0.434324	0.000000	0.000000	0.000000	0.452618	0.012060	0.000000	0.000000	0.053157	0.000000
75	tsk_75	(x)	1	:	0.000000	0.000002	0.000000	0.000000	0.000000	0.000000	0.000000	0.499997	0.000000	0.000000	0.000000	0.000000	0.500000	0.000000
76	tsk_76	(x)	1	:	0.000000	0.494246	0.000000	0.000000	0.000000	0.000000	0.505732	0.000000	0.000000	0.000000	0.000022	0.000000	0.000000	0.000000
77	tsk_77	(x)	1	:	0.000000	0.377425	0.000000	0.000000	0.000000	0.000000	0.000000	0.000000	0.000000	0.000000	0.000000	0.622575	0.000000	0.000000
78	tsk_78	(x)	1	:	0.000000	0.000000	0.000000	0.000000	1.000000	0.000000	0.000000	0.000000	0.000000	0.000000	0.000000	0.000000	0.000000	0.000000
79	tsk_79	(x)	1	:	0.000000	0.000000	0.000000	0.458333	0.000000	0.000000	0.000000	0.541666	0.000000	0.000000	0.000000	0.000000	0.000000	0.000000
80	tsk_80	(x)	1	:	0.000000	0.000000	0.000000	0.047693	0.000000	0.000000	0.000000	0.000000	0.452568	0.421950	0.000000	0.000000	0.077788	0.000000
81	tsk_81	(x)	1	:	0.000000	0.000000	0.000000	0.039820	0.000000	0.000000	0.507404	0.000000	0.452747	0.000000	0.000029	0.000000	0.000000	0.000000
82	tsk_82	(x)	1	:	0.000000	0.000000	0.000000	0.000000	0.000000	0.000000	0.000000	0.000000	1.000000	0.000000	0.000000	0.000000	0.000000	0.000000
83	tsk_83	(x)	1	:	0.000000	0.000044	0.000000	0.000000	0.000000	0.000000	0.000000	0.999956	0.000000	0.000000	0.000000	0.000000	0.000000	0.000000
84	tsk_84	(x)	1	:	0.005629	0.000000	0.477900	0.000000	0.000000	0.000000	0.000000	0.000000	0.516305	0.000000	0.000000	0.000000	0.000167	0.000000
85	tsk_85	(x)	1	:	0.000000	0.000000	0.000000	0.500000	0.000000	0.000000	0.000000	0.500000	0.000000	0.000000	0.000000	0.000000	0.000000	0.000000
86	tsk_86	(x)	1	:	0.000000	0.000000	0.000000	0.047668	0.000000	0.000000	0.000000	0.000000	0.452577	0.421786	0.000000	0.000000	0.077969	0.000000
87	tsk_87	(x)	1	:	0.000000	0.000000	0.000000	0.500066	0.000000	0.000000	0.000000	0.000000	0.000000	0.421548	0.000000	0.000000	0.078386	0.000000
88	tsk_88	(x)	1	:	0.000000	0.000001	0.000000	0.047162	0.000000	0.000000	0.000000	0.499897	0.452940	0.000000	0.000000	0.000000	0.000000	0.000000
89	tsk_89	(x)	1	:	0.000000	0.000000	0.000000	0.468500	0.355501	0.000000	0.000000	0.000000	0.000000	0.000000	0.000000	0.000000	0.000000	0.175998
90	tsk_90	(x)	1	:	0.000000	0.000027	0.000000	0.000000	0.000000	0.000000	0.000000	0.999973	0.000000	0.000000	0.000000	0.000000	0.000000	0.000000
91	tsk_91	(x)	1	:	0.000000	0.000006	0.000000	0.000000	0.000000	0.000000	0.000000	0.499878	0.000000	0.420392	0.000000	0.000000	0.079723	0.000000
92	tsk_92	(x)	1	:	0.000000	0.000000	0.000000	0.000000	0.000000	0.000000	0.000000	0.000000	0.000000	1.000000	0.000000	0.000000	0.000000	0.000000
93	tsk_93	(x)	1	:	0.000000	0.000031	0.000000	0.000000	0.000000	0.000000	0.000000	0.999968	0.000000	0.000000	0.000000	0.000000	0.000000	0.000000
94	tsk_94	(x)	1	:	0.000000	0.000000	0.000000	0.000000	0.501032	0.000000	0.498945	0.000000	0.000000	0.000000	0.000022	0.000000	0.000000	0.000000
95	tsk_95	(x)	1	:	0.000000	0.000004	0.000000	0.000000	0.000000	0.000000	0.000000	0.499962	0.000000	0.420722	0.000000	0.000000	0.079312	0.000000
96	tsk_96	(x)	1	:	0.000000	0.000030	0.000000	0.000000	0.000000	0.000000	0.000000	0.999970	0.000000	0.000000	0.000000	0.000000	0.000000	0.000000
97	tsk_97	(x)	1	:	0.000000	0.000021	0.000000	0.000000	0.000000	0.000000	0.000000	0.468524	0.000000	0.531455	0.000000	0.000000	0.000000	0.000000
98	tsk_98	(x)	1	:	0.000000	0.000000	0.000000	0.000000	0.000000	0.000000	0.000000	0.000000	0.000000	1.000000	0.000000	0.000000	0.000000	0.000000
99	tsk_99	(x)	1	:	0.000000	0.000018	0.000000	0.000000	0.000000	0.000000	0.000000	0.499727	0.000000	0.419827	0.000000	0.000000	0.080428	0.000000
100	tsk_100	(x)	1	:	0.004113	0.509352	0.486510	0.000000	0.000000	0.000000	0.000000	0.000000	0.000000	0.000000	0.000000	0.000000	0.000025	0.000000
101	tsk_101	(x)	1	:	0.015630	0.000000	0.471850	0.000000	0.000000	0.000000	0.000000	0.000000	0.000000	0.000000	0.000000	0.511339	0.001180	0.000000
102	tsk_102	(x)	1	:	0.007802	0.000000	0.482319	0.000000	0.000000	0.000000	0.509165	0.000000	0.000000	0.000000	0.000030	0.000000	0.000684	0.000000
103	tsk_103	(x)	1	:	0.000000	0.000000	0.000000	0.000000	0.434443	0.000000	0.510600	0.000000	0.000000	0.014611	0.000032	0.000000	0.040315	0.000000
104	tsk_104	(x)	1	:	0.000000	0.000000	0.000000	0.000000	1.000000	0.000000	0.000000	0.000000	0.000000	0.000000	0.000000	0.000000	0.000000	0.000000
105	tsk_105	(x)	1	:	0.040710	0.000000	0.492225	0.000000	0.444284	0.000000	0.000000	0.000000	0.000000	0.022781	0.000000	0.000000	0.000000	0.000000
106	tsk_106	(x)	1	:	0.003923	0.509373	0.486656	0.000000	0.000000	0.000000	0.000000	0.000000	0.000000	0.000000	0.000000	0.000000	0.000048	0.000000
107	tsk_107	(x)	1	:	0.004226	0.509332	0.486405	0.000000	0.000000	0.000000	0.000000	0.000000	0.000000	0.000000	0.000000	0.000000	0.000037	0.000000
108	tsk_108	(x)	1	:	0.000000	0.000000	0.000000	0.000000	1.000000	0.000000	0.000000	0.000000	0.000000	0.000000	0.000000	0.000000	0.000000	0.000000
109	tsk_109	(x)	1	:	0.000000	0.494246	0.000000	0.000000	0.000000	0.000000	0.505732	0.000000	0.000000	0.000000	0.000022	0.000000	0.000000	0.000000
110	tsk_110	(x)	1	:	0.000000	0.000000	0.000000	0.056186	0.000000	0.000000	0.489909	0.000000	0.453905	0.000000	0.000000	0.000000	0.000000	0.000000
111	tsk_111	(x)	1	:	0.000000	0.000000	0.000000	0.000000	0.000000	0.000000	0.498221	0.000000	0.000000	0.501757	0.000022	0.000000	0.000000	0.000000
112	tsk_112	(x)	1	:	0.000000	0.000000	0.000000	0.039752	0.000000	0.000000	0.507407	0.000000	0.452812	0.000000	0.000029	0.000000	0.000000	0.000000
113	tsk_113	(x)	1	:	0.000000	0.000000	0.000000	0.000000	0.000000	0.000000	0.498221	0.000000	0.000000	0.501757	0.000022	0.000000	0.000000	0.000000
114	tsk_114	(x)	1	:	0.000000	0.000000	0.000000	0.039778	0.000000	0.000000	0.507406	0.000000	0.452787	0.000000	0.000029	0.000000	0.000000	0.000000
115	tsk_115	(x)	1	:	0.000000	0.000000	0.000000	0.000000	0.000000	0.000000	0.498221	0.000000	0.000000	0.501757	0.000022	0.000000	0.000000	0.000000
116	tsk_116	(x)	1	:	0.000000	0.000000	0.000000	0.039665	0.000000	0.000000	0.507410	0.000000	0.452896	0.000000	0.000029	0.000000	0.000000	0.000000
117	tsk_117	(x)	1	:	0.000000	0.000000	0.000000	0.500000	0.000000	0.000000	0.000000	0.500000	0.000000	0.000000	0.000000	0.000000	0.000000	0.000000
118	tsk_118	(x)	1	:	0.000000	0.000000	0.000000	0.039983	0.000000	0.000000	0.507397	0.000000	0.452591	0.000000	0.000029	0.000000	0.000000	0.000000
119	tsk_119	(x)	1	:	0.000000	0.000000	0.000000	0.000000	0.000000	0.000000	0.498221	0.000000	0.000000	0.501757	0.000022	0.000000	0.000000	0.000000
120	tsk_120	(x)	1	:	0.000000	0.000000	0.000000	0.000000	0.000000	0.000000	0.000000	0.444847	0.000000	0.350601	0.000000	0.000000	0.000000	0.204551
121	tsk_121	(x)	1	:	0.000000	0.000000	0.000000	0.462672	0.000000	0.000000	0.000000	0.392587	0.000000	0.000000	0.000000	0.000000	0.000000	0.144741
122	tsk_122	(x)	1	:	0.000000	0.000000	0.000000	0.500060	0.000000	0.000000	0.000000	0.000000	0.000000	0.421488	0.000000	0.000000	0.078452	0.000000
123	tsk_123	(x)	1	:	0.000000	0.000020	0.000000	0.000000	0.000000	0.000000	0.000000	0.999980	0.000000	0.000000	0.000000	0.000000	0.000000	0.000000
124	tsk_124	(x)	1	:	0.372148	0.000000	0.000000	0.000000	0.000000	0.000000	0.000000	0.434068	0.000000	0.000000	0.000000	0.000000	0.000000	0.193783
125	tsk_125	(x)	1	:	0.540358	0.000000	0.000000	0.000000	0.000000	0.000000	0.000000	0.000000	0.000000	0.459161	0.000000	0.000000	0.000481	0.000000
126	tsk_126	(x)	1	:	0.000000	0.000000	0.000000	0.462672	0.000000	0.000000	0.000000	0.392587	0.000000	0.000000	0.000000	0.000000	0.000000	0.144741
127	tsk_127	(x)	1	:	1.000000	0.000000	0.000000	0.000000	0.000000	0.000000	0.000000	0.000000	0.000000	0.000000	0.000000	0.000000	0.000000	0.000000
128	tsk_128	(x)	1	:	0.539879	0.000000	0.000000	0.000000	0.000000	0.000000	0.000000	0.000000	0.000000	0.458695	0.000000	0.000000	0.001426	0.000000
129	tsk_129	(x)	1	:	0.000000	0.491719	0.000000	0.508237	0.000000	0.000000	0.000000	0.000043	0.000000	0.000000	0.000000	0.000000	0.000000	0.000000
130	tsk_130	(x)	1	:	0.000687	0.000000	0.456140	0.000000	0.543173	0.000000	0.000000	0.000000	0.000000	0.000000	0.000000	0.000000	0.000000	0.000000
131	tsk_131	(x)	1	:	0.000000	0.000000	0.000000	0.034973	0.000000	0.000000	0.000000	0.376763	0.453262	0.000000	0.000000	0.135002	0.000000	0.000000
132	tsk_132	(x)	1	:	0.447176	0.000000	0.000000	0.000000	0.552824	0.000000	0.000000	0.000000	0.000000	0.000000	0.000000	0.000000	0.000000	0.000000
133	tsk_133	(x)	1	:	0.000000	0.000000	1.000000	0.000000	0.000000	0.000000	0.000000	0.000000	0.000000	0.000000	0.000000	0.000000	0.000000	0.000000
134	tsk_134	(x)	1	:	0.489031	0.000004	0.000000	0.000000	0.000000	0.000000	0.000000	0.497298	0.000000	0.000000	0.000000	0.000000	0.013667	0.000000
135	tsk_135	(x)	1	:	0.000000	0.000000	0.000000	0.000000	0.522060	0.000000	0.477940	0.000000	0.000000	0.000000	0.000000	0.000000	0.000000	0.000000
136	tsk_136	(x)	1	:	0.000000	0.000006	0.000000	0.000000	0.528491	0.000000	0.000000	0.471502	0.000000	0.000000	0.000000	0.000000	0.000000	0.000000
137	tsk_137	(x)	1	:	0.001016	0.000000	0.455881	0.000000	0.543102	0.000000	0.000000	0.000000	0.000000	0.000000	0.000000	0.000000	0.000000	0.000000
138	tsk_138	(x)	1	:	0.016089	0.000000	0.487345	0.000000	0.000000	0.000000	0.486173	0.000000	0.000000	0.000000	0.000000	0.000000	0.010392	0.000000
139	tsk_139	(x)	1	:	0.000000	0.000000	1.000000	0.000000	0.000000	0.000000	0.000000	0.000000	0.000000	0.000000	0.000000	0.000000	0.000000	0.000000
140	tsk_140	(x)	1	:	0.000000	0.000000	0.000000	0.000000	0.356619	0.000000	0.466515	0.000000	0.000000	0.000000	0.000000	0.000000	0.000000	0.176866
141	tsk_141	(x)	1	:	0.000000	0.000000	0.000000	1.000000	0.000000	0.000000	0.000000	0.000000	0.000000	0.000000	0.000000	0.000000	0.000000	0.000000
142	tsk_142	(x)	1	:	0.000000	0.000000	0.000000	1.000000	0.000000	0.000000	0.000000	0.000000	0.000000	0.000000	0.000000	0.000000	0.000000	0.000000
143	tsk_143	(x)	1	:	0.000000	0.000000	0.000000	0.000000	0.000000	0.000000	1.000000	0.000000	0.000000	0.000000	0.000000	0.000000	0.000000	0.000000
144	tsk_144	(x)	1	:	0.000000	0.000000	0.000000	1.000000	0.000000	0.000000	0.000000	0.000000	0.000000	0.000000	0.000000	0.000000	0.000000	0.000000
145	tsk_145	(x)	1	:	0.000000	0.000000	0.000000	0.500000	0.000000	0.000000	0.000000	0.500000	0.000000	0.000000	0.000000	0.000000	0.000000	0.000000
146	tsk_146	(x)	1	:	0.000000	0.000000	0.000000	0.000000	0.356619	0.000000	0.466515	0.000000	0.000000	0.000000	0.000000	0.000000	0.000000	0.176866
147	tsk_147	(x)	1	:	0.000000	0.000000	0.000000	0.500000	0.000000	0.000000	0.000000	0.500000	0.000000	0.000000	0.000000	0.000000	0.000000	0.000000
148	tsk_148	(x)	1	:	0.487596	0.000012	0.000000	0.000000	0.000000	0.000000	0.000000	0.496942	0.000000	0.000000	0.000000	0.000000	0.015450	0.000000
149	tsk_149	(x)	1	:	0.000000	0.000000	0.000000	0.000000	0.000000	0.000000	1.000000	0.000000	0.000000	0.000000	0.000000	0.000000	0.000000	0.000000
