logL = -2656.671858 (converged)
AIC = 8373.343716
BIC = 12979.615716

count.K
0 45 12 28 11 14 40 0 

