logL = -991.514654 (converged)
AIC = 4691.029308
BIC = 8767.429496

count.K
18 1 10 6 76 25 0 14 

