0	tsk_0	(x)	1	:	0.000000	0.000000	0.000000	0.000000	0.000000	0.080258	0.305173	0.201064	0.000000	0.000000	0.413504	0.000000	0.000000	0.000000
1	tsk_1	(x)	1	:	0.000000	0.000000	0.000000	0.000000	0.000000	0.000000	0.000000	0.671284	0.000000	0.000000	0.328716	0.000000	0.000000	0.000000
2	tsk_2	(x)	1	:	0.000000	0.000000	0.000000	0.000000	0.000000	0.000000	0.000000	0.422593	0.000000	0.000000	0.577407	0.000000	0.000000	0.000000
3	tsk_3	(x)	1	:	0.503293	0.000000	0.000000	0.000000	0.000000	0.495030	0.000000	0.001677	0.000000	0.000000	0.000000	0.000000	0.000000	0.000000
4	tsk_4	(x)	1	:	0.526850	0.000000	0.000000	0.000000	0.000000	0.000000	0.000000	0.473150	0.000000	0.000000	0.000000	0.000000	0.000000	0.000000
5	tsk_5	(x)	1	:	1.000000	0.000000	0.000000	0.000000	0.000000	0.000000	0.000000	0.000000	0.000000	0.000000	0.000000	0.000000	0.000000	0.000000
6	tsk_6	(x)	1	:	0.526916	0.000000	0.000000	0.000000	0.000000	0.000000	0.000000	0.473084	0.000000	0.000000	0.000000	0.000000	0.000000	0.000000
7	tsk_7	(x)	1	:	0.526928	0.000000	0.000000	0.000000	0.000000	0.000000	0.000000	0.473072	0.000000	0.000000	0.000000	0.000000	0.000000	0.000000
8	tsk_8	(x)	1	:	0.526902	0.000000	0.000000	0.000000	0.000000	0.000000	0.000000	0.473098	0.000000	0.000000	0.000000	0.000000	0.000000	0.000000
9	tsk_9	(x)	1	:	0.000000	0.000000	0.000000	0.000000	0.000000	0.000000	0.000000	0.812773	0.000000	0.000000	0.187227	0.000000	0.000000	0.000000
10	tsk_10	(x)	1	:	0.000000	0.000000	0.465001	0.000000	0.000000	0.000000	0.000000	0.032749	0.000000	0.000000	0.000000	0.502250	0.000000	0.000000
11	tsk_11	(x)	1	:	0.000000	0.000000	0.000000	0.000000	0.000000	0.000000	0.000000	0.000000	0.000000	0.000000	0.000000	0.000000	0.000000	1.000000
12	tsk_12	(x)	1	:	0.000000	0.000000	0.000000	0.000000	0.000000	0.000000	0.397880	0.101917	0.000000	0.000000	0.000000	0.000000	0.000000	0.500203
13	tsk_13	(x)	1	:	0.000000	0.000000	0.000000	0.000000	0.000000	0.000000	0.000000	0.000000	0.000000	0.000000	0.000000	0.000000	0.000000	1.000000
14	tsk_14	(x)	1	:	0.000000	0.000000	0.000000	0.000000	0.000000	0.000000	0.000000	0.000000	0.000000	0.000000	0.000000	0.000000	0.000000	1.000000
15	tsk_15	(x)	1	:	0.000000	0.000000	0.000000	0.000000	0.000000	0.000000	0.000000	0.499784	0.000000	0.000000	0.000000	0.000000	0.000000	0.500216
16	tsk_16	(x)	1	:	0.000000	0.000000	0.000000	0.000000	0.000000	0.000000	0.000000	0.499848	0.000000	0.000000	0.000000	0.000000	0.000000	0.500152
17	tsk_17	(x)	1	:	0.000000	0.000000	0.000000	0.000000	0.000000	0.000000	0.000000	1.000000	0.000000	0.000000	0.000000	0.000000	0.000000	0.000000
18	tsk_18	(x)	1	:	0.000000	0.000000	0.000000	0.000000	0.000000	0.000000	0.000000	1.000000	0.000000	0.000000	0.000000	0.000000	0.000000	0.000000
19	tsk_19	(x)	1	:	0.000000	0.000000	0.000000	0.000000	0.000000	0.000000	0.000000	1.000000	0.000000	0.000000	0.000000	0.000000	0.000000	0.000000
20	tsk_20	(x)	1	:	1.000000	0.000000	0.000000	0.000000	0.000000	0.000000	0.000000	0.000000	0.000000	0.000000	0.000000	0.000000	0.000000	0.000000
21	tsk_21	(x)	1	:	0.000000	0.000000	0.000000	0.000000	0.000000	0.000000	1.000000	0.000000	0.000000	0.000000	0.000000	0.000000	0.000000	0.000000
22	tsk_22	(x)	1	:	0.000000	0.000000	0.000000	0.000000	0.000000	0.000000	0.397956	0.602044	0.000000	0.000000	0.000000	0.000000	0.000000	0.000000
23	tsk_23	(x)	1	:	0.469234	0.000000	0.462985	0.000000	0.000000	0.000000	0.000000	0.067781	0.000000	0.000000	0.000000	0.000000	0.000000	0.000000
24	tsk_24	(x)	1	:	0.000000	0.000000	0.463785	0.000000	0.000000	0.000000	0.000000	0.035996	0.000000	0.000000	0.000000	0.000000	0.000000	0.500219
25	tsk_25	(x)	1	:	0.000000	0.000000	0.463335	0.000000	0.000000	0.000000	0.397712	0.138953	0.000000	0.000000	0.000000	0.000000	0.000000	0.000000
26	tsk_26	(x)	1	:	0.000000	0.000000	0.000000	0.000000	0.000000	0.000000	1.000000	0.000000	0.000000	0.000000	0.000000	0.000000	0.000000	0.000000
27	tsk_27	(x)	1	:	0.000000	0.000000	0.466691	0.000000	0.000000	0.498047	0.000000	0.035262	0.000000	0.000000	0.000000	0.000000	0.000000	0.000000
28	tsk_28	(x)	1	:	0.000000	0.000000	0.000000	0.000000	0.000000	0.000000	0.397820	0.101982	0.000000	0.000000	0.000000	0.000000	0.000000	0.500198
29	tsk_29	(x)	1	:	0.000000	0.000000	0.000000	0.000000	0.000000	0.494240	0.397371	0.108389	0.000000	0.000000	0.000000	0.000000	0.000000	0.000000
30	tsk_30	(x)	1	:	0.000000	0.000000	0.000000	0.000000	0.000000	0.000000	0.000000	1.000000	0.000000	0.000000	0.000000	0.000000	0.000000	0.000000
31	tsk_31	(x)	1	:	0.000000	0.000000	0.000000	0.444847	0.000000	0.000000	0.000000	0.555153	0.000000	0.000000	0.000000	0.000000	0.000000	0.000000
32	tsk_32	(x)	1	:	0.000000	0.000000	0.562402	0.000000	0.000000	0.000000	0.000000	0.000000	0.437598	0.000000	0.000000	0.000000	0.000000	0.000000
33	tsk_33	(x)	1	:	0.000000	0.000000	0.462535	0.000000	0.000000	0.000000	0.000000	0.537464	0.000000	0.000000	0.000000	0.000000	0.000000	0.000000
34	tsk_34	(x)	1	:	0.000000	0.000000	0.473683	0.000000	0.000000	0.004300	0.000000	0.017568	0.504449	0.000000	0.000000	0.000000	0.000000	0.000000
35	tsk_35	(x)	1	:	0.000000	0.000000	1.000000	0.000000	0.000000	0.000000	0.000000	0.000000	0.000000	0.000000	0.000000	0.000000	0.000000	0.000000
36	tsk_36	(x)	1	:	0.000000	0.000000	0.463459	0.000000	0.000000	0.000000	0.000000	0.536541	0.000000	0.000000	0.000000	0.000000	0.000000	0.000000
37	tsk_37	(x)	1	:	0.000000	0.000000	0.648841	0.000000	0.000000	0.000000	0.000000	0.351158	0.000000	0.000000	0.000000	0.000000	0.000000	0.000000
38	tsk_38	(x)	1	:	0.000000	0.000000	0.000000	0.464914	0.000000	0.000000	0.000000	0.033708	0.000000	0.000000	0.000000	0.000000	0.000000	0.501378
39	tsk_39	(x)	1	:	0.000000	0.000000	0.000000	0.000000	0.000000	0.000000	0.000000	1.000000	0.000000	0.000000	0.000000	0.000000	0.000000	0.000000
40	tsk_40	(x)	1	:	0.000000	0.000000	0.000000	0.000000	0.000000	0.000000	0.000000	0.499794	0.000000	0.000000	0.000000	0.000000	0.000000	0.500206
41	tsk_41	(x)	1	:	0.000000	0.000000	0.000000	0.000000	0.000000	0.000000	0.000000	1.000000	0.000000	0.000000	0.000000	0.000000	0.000000	0.000000
42	tsk_42	(x)	1	:	0.000000	0.000000	0.000000	0.000000	0.000000	0.080304	0.000000	0.506063	0.000000	0.000000	0.413633	0.000000	0.000000	0.000000
43	tsk_43	(x)	1	:	0.000000	0.000000	0.000000	0.444877	0.000000	0.000000	0.000000	0.555123	0.000000	0.000000	0.000000	0.000000	0.000000	0.000000
44	tsk_44	(x)	1	:	0.503751	0.000000	0.469382	0.000000	0.000000	0.000000	0.000000	0.026867	0.000000	0.000000	0.000000	0.000000	0.000000	0.000000
45	tsk_45	(x)	1	:	0.000000	0.000000	0.000000	0.000000	0.000000	0.000000	0.000000	1.000000	0.000000	0.000000	0.000000	0.000000	0.000000	0.000000
46	tsk_46	(x)	1	:	0.000000	0.000000	0.461464	0.000000	0.000000	0.000000	0.000000	0.538536	0.000000	0.000000	0.000000	0.000000	0.000000	0.000000
47	tsk_47	(x)	1	:	0.000000	0.000000	0.000000	0.000000	0.000000	0.000000	0.000000	0.000000	0.000000	0.000000	0.000000	0.000000	0.000000	1.000000
48	tsk_48	(x)	1	:	0.000000	0.000000	0.463584	0.000000	0.000000	0.000000	0.000000	0.536416	0.000000	0.000000	0.000000	0.000000	0.000000	0.000000
49	tsk_49	(x)	1	:	0.505000	0.000000	0.000000	0.000000	0.000000	0.000000	0.000000	0.000000	0.000000	0.494160	0.000000	0.000000	0.000000	0.000840
50	tsk_50	(x)	1	:	0.000000	0.000000	0.000000	0.000000	0.000000	0.000000	0.000000	0.499796	0.000000	0.000000	0.000000	0.000000	0.000000	0.500204
51	tsk_51	(x)	1	:	0.000000	0.000000	0.000000	0.000000	0.000000	0.000000	0.305380	0.694620	0.000000	0.000000	0.000000	0.000000	0.000000	0.000000
52	tsk_52	(x)	1	:	0.000000	0.000000	0.000000	0.000000	0.741443	0.258502	0.000000	0.000055	0.000000	0.000000	0.000000	0.000000	0.000000	0.000000
53	tsk_53	(x)	1	:	0.000000	0.000000	0.000000	0.000000	0.000000	0.000000	0.000000	0.499788	0.000000	0.000000	0.000000	0.000000	0.000000	0.500211
54	tsk_54	(x)	1	:	0.000000	0.000000	0.000000	0.000000	0.000000	0.000000	0.000000	0.000000	0.000000	0.000000	0.000000	0.000000	0.000000	1.000000
55	tsk_55	(x)	1	:	0.000000	0.000000	0.000000	0.000000	0.741441	0.258501	0.000000	0.000057	0.000000	0.000000	0.000000	0.000000	0.000000	0.000000
56	tsk_56	(x)	1	:	0.000000	0.000000	0.000000	0.000000	0.000000	0.000000	0.000000	0.000000	0.000000	0.000000	0.000000	0.000000	0.000000	1.000000
57	tsk_57	(x)	1	:	0.000000	0.000000	0.000000	0.000000	0.000000	0.000000	0.000000	0.499794	0.000000	0.000000	0.000000	0.000000	0.000000	0.500206
58	tsk_58	(x)	1	:	0.000000	0.000000	0.000000	0.000000	0.000000	0.000000	0.000000	0.499793	0.000000	0.000000	0.000000	0.000000	0.000000	0.500207
59	tsk_59	(x)	1	:	0.000000	0.000000	0.000000	0.000000	0.000000	0.000000	0.000000	0.000000	0.000000	0.000000	0.000000	0.000000	0.000000	1.000000
60	tsk_60	(x)	1	:	0.000000	0.000000	0.463470	0.000000	0.000000	0.000000	0.000000	0.536530	0.000000	0.000000	0.000000	0.000000	0.000000	0.000000
61	tsk_61	(x)	1	:	0.000000	0.000000	0.000000	0.000000	0.000000	0.000000	0.000000	0.000267	0.000000	0.000000	0.000000	0.499764	0.000000	0.499969
62	tsk_62	(x)	1	:	0.000000	0.000000	0.000000	0.000000	0.000000	0.000000	0.000000	0.000000	0.000000	0.000000	0.000000	1.000000	0.000000	0.000000
63	tsk_63	(x)	1	:	0.000000	0.000000	0.000000	0.000000	0.000000	0.000000	0.397359	0.101399	0.000000	0.000000	0.000000	0.501241	0.000000	0.000000
64	tsk_64	(x)	1	:	0.000000	0.000000	0.000000	0.000000	0.000000	0.000000	1.000000	0.000000	0.000000	0.000000	0.000000	0.000000	0.000000	0.000000
65	tsk_65	(x)	1	:	0.000000	0.000000	0.000000	0.000000	0.000000	0.000000	1.000000	0.000000	0.000000	0.000000	0.000000	0.000000	0.000000	0.000000
66	tsk_66	(x)	1	:	0.000000	0.000000	0.000000	0.000000	0.000000	0.000000	0.397501	0.101180	0.000000	0.000000	0.000000	0.501319	0.000000	0.000000
67	tsk_67	(x)	1	:	0.000000	0.000000	0.463798	0.000000	0.000000	0.000000	0.000000	0.035982	0.000000	0.000000	0.000000	0.000000	0.000000	0.500220
68	tsk_68	(x)	1	:	0.000000	0.000000	0.000000	0.000000	0.000000	0.000000	0.397590	0.101043	0.000000	0.000000	0.000000	0.501367	0.000000	0.000000
69	tsk_69	(x)	1	:	0.000000	0.000000	0.000000	0.000000	0.000000	0.000000	1.000000	0.000000	0.000000	0.000000	0.000000	0.000000	0.000000	0.000000
70	tsk_70	(x)	1	:	0.000000	0.447328	0.052479	0.000000	0.000000	0.000201	0.000000	0.000020	0.499971	0.000000	0.000000	0.000000	0.000000	0.000000
71	tsk_71	(x)	1	:	0.000000	0.000000	0.000000	0.445167	0.000000	0.000000	0.000000	0.554832	0.000000	0.000000	0.000000	0.000000	0.000000	0.000000
72	tsk_72	(x)	1	:	0.000000	0.000000	0.000000	0.000000	0.000000	0.000000	0.000000	0.000000	1.000000	0.000000	0.000000	0.000000	0.000000	0.000000
73	tsk_73	(x)	1	:	0.000000	0.000000	0.000000	0.473062	0.000000	0.004588	0.000000	0.010468	0.511883	0.000000	0.000000	0.000000	0.000000	0.000000
74	tsk_74	(x)	1	:	0.000000	0.000000	0.000000	0.000000	0.000000	0.000284	0.000000	0.000156	0.499594	0.000000	0.000000	0.000000	0.000000	0.499965
75	tsk_75	(x)	1	:	0.000000	0.450518	0.049040	0.000000	0.000000	0.000000	0.000000	0.500442	0.000000	0.000000	0.000000	0.000000	0.000000	0.000000
76	tsk_76	(x)	1	:	0.000000	0.000000	0.000000	0.000000	0.000000	0.000000	0.000000	0.498354	0.501646	0.000000	0.000000	0.000000	0.000000	0.000000
77	tsk_77	(x)	1	:	0.000000	0.000000	0.000000	0.000000	0.000000	0.000000	0.000000	0.499718	0.000000	0.499516	0.000000	0.000000	0.000000	0.000765
78	tsk_78	(x)	1	:	0.000000	0.000000	0.000000	0.000000	0.000000	0.000130	0.000000	0.000011	0.499595	0.497681	0.000000	0.000000	0.000000	0.002583
79	tsk_79	(x)	1	:	0.000000	0.447327	0.052521	0.000000	0.000000	0.000119	0.000000	0.000000	0.500033	0.000000	0.000000	0.000000	0.000000	0.000000
80	tsk_80	(x)	1	:	0.000000	0.000000	0.000000	0.000000	0.000000	0.494807	0.305259	0.199934	0.000000	0.000000	0.000000	0.000000	0.000000	0.000000
81	tsk_81	(x)	1	:	0.000000	0.000000	0.000000	0.000000	0.000000	0.081764	0.397599	0.107948	0.000000	0.000000	0.412689	0.000000	0.000000	0.000000
82	tsk_82	(x)	1	:	0.000000	0.000000	0.000000	0.000000	0.000000	0.000000	0.000000	1.000000	0.000000	0.000000	0.000000	0.000000	0.000000	0.000000
83	tsk_83	(x)	1	:	0.000000	0.000000	0.000000	0.000000	0.000000	0.086465	0.000000	0.000637	0.000000	0.000000	0.412435	0.000000	0.000000	0.500462
84	tsk_84	(x)	1	:	0.000000	0.000000	0.000000	0.000000	0.000000	0.081355	0.305284	0.200302	0.000000	0.000000	0.413059	0.000000	0.000000	0.000000
85	tsk_85	(x)	1	:	0.000000	0.000000	0.000000	0.000000	0.000000	0.000000	0.000000	0.000000	0.000000	0.000000	1.000000	0.000000	0.000000	0.000000
86	tsk_86	(x)	1	:	0.000000	0.000000	0.000000	0.000000	0.000000	0.079132	0.000000	0.506680	0.000000	0.000000	0.414187	0.000000	0.000000	0.000000
87	tsk_87	(x)	1	:	0.000000	0.000000	0.000000	0.000000	0.000000	0.000000	0.000000	0.498354	0.000000	0.000000	0.000000	0.501646	0.000000	0.000000
88	tsk_88	(x)	1	:	0.000000	0.000000	0.000000	0.000000	0.000000	0.494968	0.305343	0.199689	0.000000	0.000000	0.000000	0.000000	0.000000	0.000000
89	tsk_89	(x)	1	:	0.000000	0.000000	0.468696	0.000000	0.000000	0.089449	0.000000	0.030259	0.000000	0.000000	0.411595	0.000000	0.000000	0.000000
90	tsk_90	(x)	1	:	0.000000	0.000000	0.000000	0.000000	0.000000	0.000000	0.000000	0.000000	1.000000	0.000000	0.000000	0.000000	0.000000	0.000000
91	tsk_91	(x)	1	:	0.000000	0.000000	0.000000	0.000000	0.000000	0.000000	0.305393	0.194390	0.000000	0.000000	0.000000	0.000000	0.000000	0.500217
92	tsk_92	(x)	1	:	0.000000	0.000000	0.000000	0.000000	0.000000	0.000000	0.000000	0.498354	0.501646	0.000000	0.000000	0.000000	0.000000	0.000000
93	tsk_93	(x)	1	:	0.000000	0.000000	0.000000	0.000000	0.000013	0.000000	0.000000	0.000000	0.000000	0.000000	0.000000	0.000000	0.999987	0.000000
94	tsk_94	(x)	1	:	0.000000	0.000000	0.000000	0.000000	0.000000	0.494907	0.305311	0.199782	0.000000	0.000000	0.000000	0.000000	0.000000	0.000000
95	tsk_95	(x)	1	:	0.000000	0.000000	0.000000	0.327727	0.000000	0.000000	0.305556	0.366717	0.000000	0.000000	0.000000	0.000000	0.000000	0.000000
96	tsk_96	(x)	1	:	0.000000	0.000000	0.000000	0.000000	0.000000	0.000000	0.305375	0.194409	0.000000	0.000000	0.000000	0.000000	0.000000	0.500216
97	tsk_97	(x)	1	:	0.503273	0.000000	0.000000	0.000000	0.000000	0.000000	0.000000	0.496727	0.000000	0.000000	0.000000	0.000000	0.000000	0.000000
98	tsk_98	(x)	1	:	0.000000	0.000000	0.000000	0.000000	0.000000	0.491798	0.000000	0.000000	0.508202	0.000000	0.000000	0.000000	0.000000	0.000000
99	tsk_99	(x)	1	:	0.000000	0.000000	0.000000	0.000000	0.000000	0.000000	0.305276	0.694724	0.000000	0.000000	0.000000	0.000000	0.000000	0.000000
100	tsk_100	(x)	1	:	0.000000	0.000000	0.000000	0.000000	0.000000	0.000000	0.001273	0.000000	0.000000	0.000000	0.000000	0.000000	0.998727	0.000000
101	tsk_101	(x)	1	:	0.000000	0.000000	0.000000	0.000000	0.000000	0.000000	0.000000	0.498354	0.000000	0.000000	0.000000	0.501646	0.000000	0.000000
102	tsk_102	(x)	1	:	0.000000	0.000000	0.000000	0.319075	0.000000	0.000000	0.305457	0.124183	0.000000	0.000000	0.000000	0.251285	0.000000	0.000000
103	tsk_103	(x)	1	:	0.000000	0.000000	0.000000	0.000000	0.000000	0.086604	0.000000	0.000181	0.000000	0.497961	0.412466	0.000000	0.000000	0.002787
104	tsk_104	(x)	1	:	0.000000	0.000000	0.000000	0.000000	0.000000	0.000000	0.000000	0.000353	0.000000	0.000000	0.000000	0.499688	0.000000	0.499959
105	tsk_105	(x)	1	:	0.000000	0.000000	0.000000	0.000000	0.000000	0.000000	0.305402	0.194118	0.000000	0.498041	0.000000	0.000000	0.000000	0.002438
106	tsk_106	(x)	1	:	0.502566	0.000000	0.000000	0.000000	0.000000	0.000000	0.000000	0.000048	0.000000	0.000000	0.000000	0.497385	0.000000	0.000000
107	tsk_107	(x)	1	:	0.000000	0.000000	0.000000	0.000000	0.000000	0.000000	0.000000	0.000000	0.000000	0.000000	0.535191	0.464809	0.000000	0.000000
108	tsk_108	(x)	1	:	0.000000	0.000000	0.000000	0.000000	0.000000	0.080695	0.305219	0.200758	0.000000	0.000000	0.413328	0.000000	0.000000	0.000000
109	tsk_109	(x)	1	:	0.000000	0.000000	0.000000	0.000000	0.000000	0.080922	0.000000	0.505737	0.000000	0.000000	0.413340	0.000000	0.000000	0.000000
110	tsk_110	(x)	1	:	0.000000	0.000000	0.000000	0.000000	0.000000	0.496397	0.000000	0.003296	0.000000	0.000000	0.000000	0.000000	0.000000	0.500307
111	tsk_111	(x)	1	:	0.000000	0.000000	0.000000	0.519429	0.000000	0.480571	0.000000	0.000000	0.000000	0.000000	0.000000	0.000000	0.000000	0.000000
112	tsk_112	(x)	1	:	0.000000	0.000000	0.000000	0.445219	0.000000	0.000000	0.000000	0.303331	0.000000	0.000000	0.000000	0.251450	0.000000	0.000000
113	tsk_113	(x)	1	:	0.000000	0.000000	0.000000	0.000000	0.000000	0.495149	0.000000	0.004627	0.000000	0.000000	0.000000	0.000000	0.000000	0.500224
114	tsk_114	(x)	1	:	0.000000	0.000000	0.000000	0.458505	0.000000	0.000000	0.000000	0.040480	0.000000	0.000000	0.000000	0.000000	0.000000	0.501015
115	tsk_115	(x)	1	:	0.000000	0.000000	0.000000	0.000000	0.000000	0.495418	0.000000	0.004340	0.000000	0.000000	0.000000	0.000000	0.000000	0.500242
116	tsk_116	(x)	1	:	0.000000	0.000000	0.000000	0.000000	0.000000	1.000000	0.000000	0.000000	0.000000	0.000000	0.000000	0.000000	0.000000	0.000000
117	tsk_117	(x)	1	:	0.000000	0.000000	0.000000	0.000000	0.000000	0.000000	0.000000	0.748757	0.000000	0.000000	0.000000	0.251243	0.000000	0.000000
118	tsk_118	(x)	1	:	0.000000	0.000000	0.000000	0.000000	0.000000	0.000000	0.000000	0.499786	0.000000	0.000000	0.000000	0.000000	0.000000	0.500214
119	tsk_119	(x)	1	:	0.000000	0.000000	0.000000	0.000000	0.000000	0.496193	0.000000	0.003514	0.000000	0.000000	0.000000	0.000000	0.000000	0.500293
120	tsk_120	(x)	1	:	0.000000	0.000000	0.592343	0.000000	0.000000	0.407657	0.000000	0.000000	0.000000	0.000000	0.000000	0.000000	0.000000	0.000000
121	tsk_121	(x)	1	:	0.000000	0.000000	0.000000	0.000000	0.000000	0.495381	0.000000	0.004380	0.000000	0.000000	0.000000	0.000000	0.000000	0.500239
122	tsk_122	(x)	1	:	0.000000	0.000000	0.000000	0.000000	0.000000	1.000000	0.000000	0.000000	0.000000	0.000000	0.000000	0.000000	0.000000	0.000000
123	tsk_123	(x)	1	:	0.000000	0.000000	0.000000	0.000000	0.000000	0.000000	0.397754	0.602246	0.000000	0.000000	0.000000	0.000000	0.000000	0.000000
124	tsk_124	(x)	1	:	0.000000	0.000000	0.592343	0.000000	0.000000	0.407657	0.000000	0.000000	0.000000	0.000000	0.000000	0.000000	0.000000	0.000000
125	tsk_125	(x)	1	:	0.000000	0.000000	0.000000	0.000000	0.000000	1.000000	0.000000	0.000000	0.000000	0.000000	0.000000	0.000000	0.000000	0.000000
126	tsk_126	(x)	1	:	0.000000	0.000000	0.000000	0.000000	0.000000	1.000000	0.000000	0.000000	0.000000	0.000000	0.000000	0.000000	0.000000	0.000000
127	tsk_127	(x)	1	:	0.000000	0.000000	0.592343	0.000000	0.000000	0.407657	0.000000	0.000000	0.000000	0.000000	0.000000	0.000000	0.000000	0.000000
128	tsk_128	(x)	1	:	0.000000	0.000000	0.000000	0.000000	0.000000	1.000000	0.000000	0.000000	0.000000	0.000000	0.000000	0.000000	0.000000	0.000000
129	tsk_129	(x)	1	:	0.000000	0.000000	0.466097	0.000000	0.000000	0.497445	0.000000	0.036457	0.000000	0.000000	0.000000	0.000000	0.000000	0.000000
130	tsk_130	(x)	1	:	0.000000	0.000000	0.462563	0.000000	0.000000	0.000000	0.000000	0.537437	0.000000	0.000000	0.000000	0.000000	0.000000	0.000000
131	tsk_131	(x)	1	:	0.000000	0.000000	0.463676	0.000000	0.000000	0.000000	0.000000	0.536324	0.000000	0.000000	0.000000	0.000000	0.000000	0.000000
132	tsk_132	(x)	1	:	0.000000	0.000000	0.000000	0.000000	0.000000	0.000000	0.000000	1.000000	0.000000	0.000000	0.000000	0.000000	0.000000	0.000000
133	tsk_133	(x)	1	:	0.000000	0.000000	0.462994	0.000000	0.000000	0.000000	0.000000	0.537005	0.000000	0.000000	0.000000	0.000000	0.000000	0.000000
134	tsk_134	(x)	1	:	0.000000	0.000000	1.000000	0.000000	0.000000	0.000000	0.000000	0.000000	0.000000	0.000000	0.000000	0.000000	0.000000	0.000000
135	tsk_135	(x)	1	:	0.000000	0.000000	0.463414	0.000000	0.000000	0.000000	0.000000	0.536586	0.000000	0.000000	0.000000	0.000000	0.000000	0.000000
136	tsk_136	(x)	1	:	0.000000	0.000000	0.000000	0.000000	0.000000	0.000000	0.000000	0.000000	0.000000	0.000000	0.000000	0.000000	0.000000	1.000000
137	tsk_137	(x)	1	:	0.000000	0.000000	1.000000	0.000000	0.000000	0.000000	0.000000	0.000000	0.000000	0.000000	0.000000	0.000000	0.000000	0.000000
138	tsk_138	(x)	1	:	0.000000	0.000000	0.000000	0.000000	0.000000	0.332747	0.000000	0.667253	0.000000	0.000000	0.000000	0.000000	0.000000	0.000000
139	tsk_139	(x)	1	:	0.000000	0.000000	0.463343	0.000000	0.000000	0.000000	0.000000	0.536657	0.000000	0.000000	0.000000	0.000000	0.000000	0.000000
140	tsk_140	(x)	1	:	0.000000	0.000000	0.463810	0.000000	0.000000	0.000000	0.000000	0.035969	0.000000	0.000000	0.000000	0.000000	0.000000	0.500220
141	tsk_141	(x)	1	:	0.000000	0.000000	0.463808	0.000000	0.000000	0.000000	0.000000	0.035972	0.000000	0.000000	0.000000	0.000000	0.000000	0.500220
142	tsk_142	(x)	1	:	0.000000	0.000000	0.000000	0.000000	0.000000	0.000000	0.000000	0.499786	0.000000	0.000000	0.000000	0.000000	0.000000	0.500214
143	tsk_143	(x)	1	:	0.000000	0.000000	0.000000	0.000000	0.000000	0.000000	0.000000	0.499788	0.000000	0.000000	0.000000	0.000000	0.000000	0.500212
144	tsk_144	(x)	1	:	0.000000	0.171736	0.000000	0.335847	0.000000	0.000000	0.000000	0.000000	0.000000	0.000000	0.000000	0.000000	0.000000	0.492417
145	tsk_145	(x)	1	:	0.000000	0.000000	0.000000	0.000000	0.000000	0.496082	0.000000	0.003632	0.000000	0.000000	0.000000	0.000000	0.000000	0.500286
146	tsk_146	(x)	1	:	0.000000	0.000000	0.000000	0.000000	0.000000	0.000000	0.000000	0.000000	0.000000	0.000000	0.000000	0.000000	0.508763	0.491237
147	tsk_147	(x)	1	:	0.000000	0.000000	0.000000	0.000000	0.000000	0.000000	1.000000	0.000000	0.000000	0.000000	0.000000	0.000000	0.000000	0.000000
148	tsk_148	(x)	1	:	0.000000	0.000000	0.000000	0.000000	0.000000	0.000000	0.397872	0.101925	0.000000	0.000000	0.000000	0.000000	0.000000	0.500202
149	tsk_149	(x)	1	:	0.000000	0.000000	0.000000	0.445250	0.000000	0.000000	0.398550	0.156200	0.000000	0.000000	0.000000	0.000000	0.000000	0.000000
