logL = -729.240757 (converged)
AIC = 6588.481513
BIC = 14310.761043

count.K
10 11 1 1 44 27 2 6 7 1 2 8 26 1 3 

