0	tsk_0	(x)	1	:	0.000000	0.000000	0.000000	0.000000	0.439205	0.000000	0.000000	0.493261	0.000000	0.000000	0.010757	0.056777
1	tsk_1	(x)	1	:	0.000000	0.000000	0.000000	0.000000	1.000000	0.000000	0.000000	0.000000	0.000000	0.000000	0.000000	0.000000
2	tsk_2	(x)	1	:	0.000000	0.000000	0.000000	0.000000	0.448582	0.000000	0.346968	0.000000	0.000000	0.000000	0.000000	0.204450
3	tsk_3	(x)	1	:	0.000000	0.000000	0.000000	0.000000	0.000000	0.000000	0.000000	1.000000	0.000000	0.000000	0.000000	0.000000
4	tsk_4	(x)	1	:	0.000000	0.000000	0.000000	0.000000	0.437564	0.000000	0.000000	0.000000	0.000000	0.000000	0.000000	0.562436
5	tsk_5	(x)	1	:	0.000000	0.502544	0.000000	0.000000	0.438185	0.000000	0.000000	0.000000	0.000000	0.000000	0.002130	0.057141
6	tsk_6	(x)	1	:	0.000000	0.000000	0.498683	0.000000	0.000000	0.000000	0.000000	0.000000	0.000000	0.000000	0.005098	0.496218
7	tsk_7	(x)	1	:	0.000000	0.000000	0.498804	0.000000	0.438026	0.000000	0.000000	0.000000	0.000000	0.000000	0.004282	0.058887
8	tsk_8	(x)	1	:	0.000000	0.000000	0.000000	0.000000	0.488582	0.000000	0.000000	0.511418	0.000000	0.000000	0.000000	0.000000
9	tsk_9	(x)	1	:	0.000000	0.000000	0.000000	0.000000	0.448647	0.000000	0.347019	0.000000	0.000000	0.000000	0.000000	0.204334
10	tsk_10	(x)	1	:	0.000000	0.000000	0.012867	0.000000	0.438315	0.000000	0.000000	0.000000	0.000000	0.485855	0.005154	0.057809
11	tsk_11	(x)	1	:	0.000000	0.557768	0.000000	0.000000	0.000000	0.000000	0.000000	0.000000	0.000000	0.442232	0.000000	0.000000
12	tsk_12	(x)	1	:	0.000000	0.505852	0.000000	0.000000	0.000000	0.000000	0.000000	0.000000	0.000000	0.000000	0.001655	0.492494
13	tsk_13	(x)	1	:	0.000000	0.476737	0.000000	0.000000	0.000000	0.000000	0.000000	0.000000	0.523263	0.000000	0.000000	0.000000
14	tsk_14	(x)	1	:	0.000000	0.000000	0.015040	0.000000	0.000000	0.000000	0.000000	0.000000	0.495871	0.489089	0.000000	0.000000
15	tsk_15	(x)	1	:	0.000000	0.000000	0.000000	0.000000	0.000000	0.000000	0.000000	0.000000	0.000000	0.000000	0.000000	1.000000
16	tsk_16	(x)	1	:	0.000000	0.505851	0.000000	0.000000	0.000000	0.000000	0.000000	0.000000	0.000000	0.000000	0.001659	0.492489
17	tsk_17	(x)	1	:	0.000000	1.000000	0.000000	0.000000	0.000000	0.000000	0.000000	0.000000	0.000000	0.000000	0.000000	0.000000
18	tsk_18	(x)	1	:	0.000000	0.505851	0.000000	0.000000	0.000000	0.000000	0.000000	0.000000	0.000000	0.000000	0.001662	0.492487
19	tsk_19	(x)	1	:	0.000000	0.000000	0.000000	0.000000	0.000000	0.000000	0.000000	0.000000	0.000000	1.000000	0.000000	0.000000
20	tsk_20	(x)	1	:	0.000000	0.000003	0.499259	0.000000	0.000000	0.000001	0.275626	0.000000	0.000000	0.000000	0.000206	0.224906
21	tsk_21	(x)	1	:	0.000000	0.000000	0.000000	0.000000	0.000000	0.465232	0.000000	0.493497	0.000000	0.000000	0.041271	0.000000
22	tsk_22	(x)	1	:	0.000000	0.000001	0.499269	0.000000	0.000000	0.000001	0.275626	0.000000	0.000000	0.000000	0.000142	0.224962
23	tsk_23	(x)	1	:	0.000000	0.000002	0.498973	0.000000	0.000000	0.464685	0.000000	0.000000	0.000000	0.000000	0.036340	0.000000
24	tsk_24	(x)	1	:	0.000000	0.000020	0.520389	0.000000	0.000000	0.000000	0.000000	0.479590	0.000000	0.000000	0.000000	0.000000
25	tsk_25	(x)	1	:	0.000000	0.518106	0.000000	0.000000	0.000000	0.000000	0.000000	0.000000	0.481894	0.000000	0.000000	0.000000
26	tsk_26	(x)	1	:	0.000000	0.000002	0.499237	0.000000	0.000000	0.000001	0.275626	0.000000	0.000000	0.000000	0.000397	0.224737
27	tsk_27	(x)	1	:	0.000000	0.000002	0.999997	0.000000	0.000000	0.000000	0.000000	0.000000	0.000000	0.000000	0.000000	0.000000
28	tsk_28	(x)	1	:	0.000000	0.000001	0.498686	0.000000	0.000000	0.000000	0.000000	0.000000	0.000000	0.000000	0.005068	0.496245
29	tsk_29	(x)	1	:	0.000000	0.000001	0.520410	0.000000	0.000000	0.000000	0.000000	0.479589	0.000000	0.000000	0.000000	0.000000
30	tsk_30	(x)	1	:	0.000000	0.000000	0.000000	0.000000	1.000000	0.000000	0.000000	0.000000	0.000000	0.000000	0.000000	0.000000
31	tsk_31	(x)	1	:	0.000000	0.000000	0.000000	0.000000	0.437564	0.000000	0.000000	0.000000	0.000000	0.000000	0.000000	0.562436
32	tsk_32	(x)	1	:	0.000000	0.000000	0.513930	0.000000	0.437441	0.000000	0.000000	0.000000	0.000000	0.000000	0.000000	0.048628
33	tsk_33	(x)	1	:	0.000000	0.000000	0.513929	0.000000	0.000000	0.000000	0.000000	0.000000	0.000000	0.000000	0.000061	0.486010
34	tsk_34	(x)	1	:	0.000000	0.000000	0.000000	0.000000	1.000000	0.000000	0.000000	0.000000	0.000000	0.000000	0.000000	0.000000
35	tsk_35	(x)	1	:	0.000000	0.000000	0.513930	0.000000	0.000000	0.000000	0.000000	0.000000	0.000000	0.000000	0.000057	0.486014
36	tsk_36	(x)	1	:	0.000004	0.000000	0.000000	0.000000	0.000000	0.000000	0.000000	0.493350	0.000000	0.000000	0.009043	0.497604
37	tsk_37	(x)	1	:	0.000000	0.000001	0.498699	0.000000	0.000000	0.000000	0.000000	0.000000	0.000000	0.000000	0.004961	0.496340
38	tsk_38	(x)	1	:	0.000000	0.000000	0.000000	0.000000	0.437564	0.000000	0.000000	0.000000	0.000000	0.000000	0.000000	0.562436
39	tsk_39	(x)	1	:	0.000000	0.000000	0.000000	0.000000	0.000000	0.000000	0.000000	0.000000	0.000000	0.000000	0.000000	1.000000
40	tsk_40	(x)	1	:	0.000000	0.000000	0.000000	0.000000	0.000000	0.464195	0.000000	0.000000	0.000000	0.000000	0.037329	0.498476
41	tsk_41	(x)	1	:	0.000000	0.000000	0.000000	0.000000	0.000000	0.000000	0.000000	0.000000	0.000000	0.000000	0.000000	1.000000
42	tsk_42	(x)	1	:	0.000000	0.000000	0.000000	0.000000	0.000000	0.464958	0.000000	0.000000	0.497801	0.000000	0.037241	0.000000
43	tsk_43	(x)	1	:	0.000000	0.000000	0.000000	0.000000	0.000000	0.465230	0.000000	0.493497	0.000000	0.000000	0.041273	0.000000
44	tsk_44	(x)	1	:	0.000000	0.000000	0.000000	0.000000	0.000000	1.000000	0.000000	0.000000	0.000000	0.000000	0.000000	0.000000
45	tsk_45	(x)	1	:	0.000000	0.000000	0.000000	0.000000	0.438759	0.000000	0.000000	0.493317	0.000000	0.000000	0.009972	0.057952
46	tsk_46	(x)	1	:	0.000000	0.000000	0.000000	0.000000	0.000000	0.463315	0.000000	0.509592	0.000000	0.000000	0.027093	0.000000
47	tsk_47	(x)	1	:	0.000000	0.000000	0.000000	0.000000	0.000000	0.514509	0.000000	0.000000	0.485491	0.000000	0.000000	0.000000
48	tsk_48	(x)	1	:	0.000000	0.000000	0.000000	0.000000	0.000000	0.464229	0.000000	0.000000	0.000000	0.000000	0.037278	0.498493
49	tsk_49	(x)	1	:	0.000000	0.000001	0.498976	0.000000	0.000000	0.464712	0.000000	0.000000	0.000000	0.000000	0.036312	0.000000
50	tsk_50	(x)	1	:	0.000000	0.000000	0.000000	0.000000	0.000000	0.000000	0.000000	1.000000	0.000000	0.000000	0.000000	0.000000
51	tsk_51	(x)	1	:	0.748151	0.000000	0.000000	0.000000	0.000000	0.000000	0.000000	0.000000	0.000000	0.000000	0.010368	0.241482
52	tsk_52	(x)	1	:	0.000000	0.000000	0.000000	0.000000	0.000000	0.000000	0.000000	1.000000	0.000000	0.000000	0.000000	0.000000
53	tsk_53	(x)	1	:	0.000000	0.000000	0.000000	0.000000	0.448589	0.000000	0.346974	0.000000	0.000000	0.000000	0.000000	0.204437
54	tsk_54	(x)	1	:	0.000000	0.000001	0.498555	0.000000	0.000000	0.000000	0.359628	0.000000	0.000000	0.000000	0.006555	0.135262
55	tsk_55	(x)	1	:	0.000000	0.000001	0.498685	0.000000	0.000000	0.000000	0.000000	0.000000	0.000000	0.000000	0.005073	0.496241
56	tsk_56	(x)	1	:	0.000000	0.000027	0.464790	0.000000	0.000000	0.000000	0.000000	0.535183	0.000000	0.000000	0.000000	0.000000
57	tsk_57	(x)	1	:	0.000000	0.000000	0.000000	0.000000	0.000000	0.000000	0.000000	1.000000	0.000000	0.000000	0.000000	0.000000
58	tsk_58	(x)	1	:	0.000000	0.000000	0.520411	0.000000	0.000000	0.000000	0.000000	0.479589	0.000000	0.000000	0.000000	0.000000
59	tsk_59	(x)	1	:	0.000000	0.000000	0.000000	0.000000	0.438556	0.000000	0.000000	0.493348	0.000000	0.000000	0.009551	0.058545
60	tsk_60	(x)	1	:	0.740610	0.000000	0.000000	0.000000	0.000000	0.000000	0.256661	0.000000	0.000000	0.000000	0.002728	0.000000
61	tsk_61	(x)	1	:	0.740613	0.000000	0.000000	0.000000	0.000000	0.000000	0.256669	0.000000	0.000000	0.000000	0.002718	0.000000
62	tsk_62	(x)	1	:	0.000000	0.000000	0.000000	0.000000	0.000000	0.000000	0.000000	1.000000	0.000000	0.000000	0.000000	0.000000
63	tsk_63	(x)	1	:	0.000000	0.000000	0.000000	0.000000	0.000000	0.000000	1.000000	0.000000	0.000000	0.000000	0.000000	0.000000
64	tsk_64	(x)	1	:	0.000000	0.000000	0.000000	0.000000	0.000000	0.000000	0.359073	0.000000	0.000000	0.000000	0.000000	0.640926
65	tsk_65	(x)	1	:	0.000003	0.000000	0.000000	0.000000	0.000000	0.000000	0.359822	0.493207	0.000000	0.000000	0.010949	0.136018
66	tsk_66	(x)	1	:	0.000000	0.000006	0.472413	0.000000	0.000000	0.000000	0.000000	0.527581	0.000000	0.000000	0.000000	0.000000
67	tsk_67	(x)	1	:	0.000000	0.000000	0.000000	0.000000	0.000000	0.000000	0.000000	1.000000	0.000000	0.000000	0.000000	0.000000
68	tsk_68	(x)	1	:	0.000000	0.000020	0.489304	0.510676	0.000000	0.000000	0.000000	0.000000	0.000000	0.000000	0.000000	0.000000
69	tsk_69	(x)	1	:	0.000000	0.000000	0.000000	0.500937	0.000000	0.000000	0.360687	0.000000	0.000000	0.000000	0.005539	0.132837
70	tsk_70	(x)	1	:	0.000000	0.000000	0.000000	0.000000	0.438486	0.464295	0.000000	0.000000	0.000000	0.000000	0.037448	0.059771
71	tsk_71	(x)	1	:	0.000000	0.000000	0.000000	0.000000	0.000000	0.000000	0.000000	0.000000	0.000000	0.000000	0.000000	1.000000
72	tsk_72	(x)	1	:	0.000000	0.000000	0.000000	0.000000	0.488581	0.000000	0.000000	0.511418	0.000000	0.000000	0.000000	0.000000
73	tsk_73	(x)	1	:	0.000000	0.000000	0.000000	0.000000	0.437564	0.000000	0.000000	0.000000	0.000000	0.000000	0.000000	0.562436
74	tsk_74	(x)	1	:	0.000000	0.000000	0.000000	0.000000	0.000000	0.000000	0.000000	1.000000	0.000000	0.000000	0.000000	0.000000
75	tsk_75	(x)	1	:	0.000000	0.000000	0.000000	0.000000	0.437564	0.000000	0.000000	0.000000	0.000000	0.000000	0.000000	0.562436
76	tsk_76	(x)	1	:	0.000000	0.000000	0.000000	0.000000	0.437564	0.000000	0.000000	0.000000	0.000000	0.000000	0.000000	0.562436
77	tsk_77	(x)	1	:	0.000000	0.000000	0.000000	0.000000	0.000000	0.000000	0.000000	0.000000	0.000000	0.000000	0.000000	1.000000
78	tsk_78	(x)	1	:	0.000000	0.000000	0.000000	0.000000	0.000000	0.000000	0.000000	0.508855	0.000000	0.000000	0.000000	0.491145
79	tsk_79	(x)	1	:	0.000000	0.000000	0.000000	0.000000	0.000000	0.464164	0.000000	0.000000	0.000000	0.000000	0.037376	0.498461
80	tsk_80	(x)	1	:	0.000000	0.000002	0.498974	0.000000	0.000000	0.464706	0.000000	0.000000	0.000000	0.000000	0.036318	0.000000
81	tsk_81	(x)	1	:	0.000000	0.000000	0.000000	0.000000	0.000000	0.000000	0.000000	0.000000	0.000000	0.000000	0.000000	1.000000
82	tsk_82	(x)	1	:	0.000000	0.000002	0.999998	0.000000	0.000000	0.000000	0.000000	0.000000	0.000000	0.000000	0.000000	0.000000
83	tsk_83	(x)	1	:	0.000000	0.000004	0.520407	0.000000	0.000000	0.000000	0.000000	0.479589	0.000000	0.000000	0.000000	0.000000
84	tsk_84	(x)	1	:	0.000000	0.000000	0.000000	0.000000	0.000000	0.000000	0.000000	0.000000	0.497592	0.000000	0.005460	0.496948
85	tsk_85	(x)	1	:	0.000000	0.000000	0.000000	0.000000	0.437564	0.000000	0.000000	0.000000	0.000000	0.000000	0.000000	0.562436
86	tsk_86	(x)	1	:	0.000000	0.000009	0.999991	0.000000	0.000000	0.000000	0.000000	0.000000	0.000000	0.000000	0.000000	0.000000
87	tsk_87	(x)	1	:	0.000000	0.000001	0.520410	0.000000	0.000000	0.000000	0.000000	0.479589	0.000000	0.000000	0.000000	0.000000
88	tsk_88	(x)	1	:	0.000000	0.000001	0.498692	0.000000	0.000000	0.000000	0.000000	0.000000	0.000000	0.000000	0.005021	0.496287
89	tsk_89	(x)	1	:	0.000000	0.000001	0.498697	0.000000	0.000000	0.000000	0.000000	0.000000	0.000000	0.000000	0.004973	0.496329
90	tsk_90	(x)	1	:	0.000000	0.608691	0.391309	0.000000	0.000000	0.000000	0.000000	0.000000	0.000000	0.000000	0.000000	0.000000
91	tsk_91	(x)	1	:	0.000000	0.000002	0.520409	0.000000	0.000000	0.000000	0.000000	0.479589	0.000000	0.000000	0.000000	0.000000
92	tsk_92	(x)	1	:	0.000000	0.000002	0.498691	0.000000	0.000000	0.000000	0.000000	0.000000	0.000000	0.000000	0.005017	0.496291
93	tsk_93	(x)	1	:	0.000000	0.000000	0.498722	0.000000	0.438292	0.000000	0.000000	0.000000	0.000000	0.000000	0.005113	0.057873
94	tsk_94	(x)	1	:	0.000000	0.502908	0.000000	0.000000	0.000000	0.000000	0.000000	0.000000	0.000000	0.000000	0.002430	0.494662
95	tsk_95	(x)	1	:	0.000000	0.000000	0.498688	0.000000	0.000000	0.000000	0.000000	0.000000	0.000000	0.000000	0.005059	0.496253
96	tsk_96	(x)	1	:	0.000000	0.000002	0.472417	0.000000	0.000000	0.000000	0.000000	0.527581	0.000000	0.000000	0.000000	0.000000
97	tsk_97	(x)	1	:	0.000000	0.503391	0.000000	0.000000	0.000000	0.464609	0.000000	0.000000	0.000000	0.000000	0.032000	0.000000
98	tsk_98	(x)	1	:	0.000000	0.000005	0.999995	0.000000	0.000000	0.000000	0.000000	0.000000	0.000000	0.000000	0.000000	0.000000
99	tsk_99	(x)	1	:	0.000002	0.000000	0.000000	0.000000	0.000000	0.000000	0.000000	0.493361	0.000000	0.000000	0.008932	0.497705
100	tsk_100	(x)	1	:	0.000000	0.000000	0.000000	0.000000	0.000000	0.000000	0.000000	0.000000	0.497590	0.000000	0.005484	0.496926
101	tsk_101	(x)	1	:	0.000000	0.000006	0.505516	0.000000	0.000000	0.000000	0.000000	0.000000	0.494478	0.000000	0.000000	0.000000
102	tsk_102	(x)	1	:	0.000000	0.000000	0.012070	0.000000	0.000000	0.000000	0.000000	0.000000	0.000000	0.486537	0.005102	0.496291
103	tsk_103	(x)	1	:	0.000000	0.000000	0.000000	0.000000	0.000000	0.000000	0.000000	0.000000	0.000000	0.000000	0.000000	1.000000
104	tsk_104	(x)	1	:	0.000000	0.000000	0.000000	0.000000	0.000000	0.000000	0.000000	0.539301	0.460699	0.000000	0.000000	0.000000
105	tsk_105	(x)	1	:	0.000000	1.000000	0.000000	0.000000	0.000000	0.000000	0.000000	0.000000	0.000000	0.000000	0.000000	0.000000
106	tsk_106	(x)	1	:	0.000000	0.000000	0.000000	0.000000	0.000000	0.000000	0.000000	0.508856	0.000000	0.000000	0.000000	0.491144
107	tsk_107	(x)	1	:	0.000000	0.000000	0.000000	0.000000	0.000000	0.000000	0.000000	0.000000	0.000000	0.000000	0.000000	1.000000
108	tsk_108	(x)	1	:	0.000000	0.000000	0.000000	0.000000	0.000000	0.000000	0.000000	0.508856	0.000000	0.000000	0.000000	0.491144
109	tsk_109	(x)	1	:	0.000000	0.000000	0.000000	0.000000	0.000000	0.000000	0.000000	0.000000	0.000000	0.000000	0.000000	1.000000
110	tsk_110	(x)	1	:	0.000000	0.000011	0.999988	0.000000	0.000000	0.000000	0.000000	0.000000	0.000000	0.000000	0.000000	0.000000
111	tsk_111	(x)	1	:	0.000000	0.000020	0.999980	0.000000	0.000000	0.000000	0.000000	0.000000	0.000000	0.000000	0.000000	0.000000
112	tsk_112	(x)	1	:	0.000000	0.480385	0.000000	0.000000	0.000000	0.000000	0.000000	0.519615	0.000000	0.000000	0.000000	0.000000
113	tsk_113	(x)	1	:	0.000000	0.000000	0.485082	0.000000	0.000000	0.514918	0.000000	0.000000	0.000000	0.000000	0.000000	0.000000
114	tsk_114	(x)	1	:	0.000004	0.000000	0.000000	0.000000	0.000000	0.000000	0.000000	0.493349	0.000000	0.000000	0.009047	0.497600
115	tsk_115	(x)	1	:	0.000000	0.000000	0.492557	0.000000	0.000000	0.000000	0.507443	0.000000	0.000000	0.000000	0.000000	0.000000
116	tsk_116	(x)	1	:	0.000000	0.000000	0.000000	0.000000	0.000000	0.000000	0.000000	1.000000	0.000000	0.000000	0.000000	0.000000
117	tsk_117	(x)	1	:	0.000002	0.000000	0.000000	0.000000	0.000000	0.000000	0.000000	0.493366	0.000000	0.000000	0.008885	0.497747
118	tsk_118	(x)	1	:	0.000000	0.000001	0.999999	0.000000	0.000000	0.000000	0.000000	0.000000	0.000000	0.000000	0.000000	0.000000
119	tsk_119	(x)	1	:	0.000000	0.000001	0.498676	0.000000	0.000000	0.000000	0.000000	0.000000	0.000000	0.000000	0.005149	0.496174
120	tsk_120	(x)	1	:	0.000000	0.429609	0.000000	0.000000	0.000000	0.000000	0.000000	0.570390	0.000000	0.000000	0.000000	0.000000
121	tsk_121	(x)	1	:	0.000000	0.000000	0.498758	0.000000	0.438167	0.000000	0.000000	0.000000	0.000000	0.000000	0.004750	0.058325
122	tsk_122	(x)	1	:	0.000000	0.000000	0.000000	0.000000	1.000000	0.000000	0.000000	0.000000	0.000000	0.000000	0.000000	0.000000
123	tsk_123	(x)	1	:	0.000000	0.000001	0.498566	0.000000	0.000000	0.000000	0.359610	0.000000	0.000000	0.000000	0.006446	0.135377
124	tsk_124	(x)	1	:	0.000000	0.000000	0.000000	0.000000	1.000000	0.000000	0.000000	0.000000	0.000000	0.000000	0.000000	0.000000
125	tsk_125	(x)	1	:	0.000000	0.000000	0.505522	0.000000	0.000000	0.000000	0.000000	0.000000	0.494477	0.000000	0.000000	0.000000
126	tsk_126	(x)	1	:	0.000000	0.000000	0.464818	0.000000	0.000000	0.000000	0.000000	0.535182	0.000000	0.000000	0.000000	0.000000
127	tsk_127	(x)	1	:	0.000000	0.000001	0.487924	0.000000	0.512075	0.000000	0.000000	0.000000	0.000000	0.000000	0.000000	0.000000
128	tsk_128	(x)	1	:	0.000000	0.000000	0.000000	0.000000	0.735790	0.000000	0.000000	0.000000	0.000000	0.000000	0.000000	0.264209
129	tsk_129	(x)	1	:	0.000000	0.000006	0.505516	0.000000	0.000000	0.000000	0.000000	0.000000	0.494478	0.000000	0.000000	0.000000
130	tsk_130	(x)	1	:	0.000000	0.000000	0.000000	0.000000	0.000000	0.486125	0.000000	0.000000	0.513874	0.000000	0.000000	0.000000
131	tsk_131	(x)	1	:	0.000000	0.000000	0.000000	0.000000	1.000000	0.000000	0.000000	0.000000	0.000000	0.000000	0.000000	0.000000
132	tsk_132	(x)	1	:	0.000000	0.000000	0.000000	0.000000	0.000000	0.000000	0.000000	0.000000	0.000000	0.000000	0.000000	1.000000
133	tsk_133	(x)	1	:	0.000000	0.000000	0.000000	0.000000	0.437564	0.000000	0.000000	0.000000	0.000000	0.000000	0.000000	0.562436
134	tsk_134	(x)	1	:	0.000000	0.000000	0.498693	0.000000	0.000000	0.000000	0.000000	0.000000	0.000000	0.000000	0.005016	0.496291
135	tsk_135	(x)	1	:	0.000000	0.000001	0.498713	0.000000	0.438327	0.000000	0.000000	0.000000	0.000000	0.000000	0.005210	0.057749
136	tsk_136	(x)	1	:	0.000000	0.000000	0.000000	0.000000	0.627850	0.000000	0.000000	0.000000	0.000000	0.000000	0.000000	0.372150
137	tsk_137	(x)	1	:	0.000000	0.000000	0.000000	0.000000	1.000000	0.000000	0.000000	0.000000	0.000000	0.000000	0.000000	0.000000
138	tsk_138	(x)	1	:	0.000000	0.000000	0.000000	0.000000	0.434157	0.000000	0.000000	0.000000	0.494997	0.000000	0.007049	0.063796
139	tsk_139	(x)	1	:	0.000000	0.000000	0.000000	0.000000	0.000000	0.000000	0.000000	0.000000	0.497591	0.000000	0.005471	0.496938
140	tsk_140	(x)	1	:	0.000000	0.000000	0.000000	0.000000	0.000000	0.000000	0.714914	0.000000	0.000000	0.000000	0.000000	0.285086
141	tsk_141	(x)	1	:	0.000000	0.000018	0.999982	0.000000	0.000000	0.000000	0.000000	0.000000	0.000000	0.000000	0.000000	0.000000
142	tsk_142	(x)	1	:	0.000000	0.000000	0.000000	0.000000	0.000000	0.000000	0.000000	0.000000	0.000000	0.000000	0.000000	1.000000
143	tsk_143	(x)	1	:	0.000000	1.000000	0.000000	0.000000	0.000000	0.000000	0.000000	0.000000	0.000000	0.000000	0.000000	0.000000
144	tsk_144	(x)	1	:	0.000000	0.000000	0.000000	0.000000	0.000000	0.000000	0.000000	1.000000	0.000000	0.000000	0.000000	0.000000
145	tsk_145	(x)	1	:	0.000000	0.000001	0.498685	0.000000	0.000000	0.000000	0.000000	0.000000	0.000000	0.000000	0.005070	0.496243
146	tsk_146	(x)	1	:	0.000000	0.000000	0.000000	0.000000	0.000000	0.000000	0.000000	0.000000	0.497597	0.000000	0.005416	0.496987
147	tsk_147	(x)	1	:	0.000000	0.000001	0.498688	0.000000	0.000000	0.000000	0.000000	0.000000	0.000000	0.000000	0.005048	0.496263
148	tsk_148	(x)	1	:	0.000000	0.000027	0.509792	0.490181	0.000000	0.000000	0.000000	0.000000	0.000000	0.000000	0.000000	0.000000
149	tsk_149	(x)	1	:	0.000000	0.000000	0.300528	0.000000	0.000000	0.000000	0.000000	0.000000	0.000000	0.198165	0.005076	0.496231
