logL = -957.513714 (converged)
AIC = 3931.027427
BIC = 6965.747804

count.K
1 16 6 97 6 24 

