logL = -620.106559 (converged)
AIC = 4812.213117
BIC = 10189.207752

count.K
11 18 34 9 24 0 0 9 18 2 25 

