logL = -2163.111402 (converged)
AIC = 5594.222805
BIC = 7502.965581

count.K
42 11 56 41 

