logL = -930.734905 (converged)
AIC = 7351.469810
BIC = 15615.663692

count.K
16 5 20 1 12 1 10 9 0 11 14 5 6 10 30 

