logL = -3089.930247 (converged)
AIC = 7899.860495
BIC = 10489.006847

count.K
10 16 41 50 33 

