logL = -847.548881 (converged)
AIC = 5575.097763
BIC = 11415.730233

count.K
21 4 5 28 7 0 49 5 3 16 12 

