logL = -1549.182564 (converged)
AIC = 5294.365128
BIC = 8600.042681

count.K
13 15 48 15 38 21 

