logL = -1869.890832 (converged)
AIC = 8927.781664
BIC = 16737.369617

count.K
15 11 2 8 1 3 24 17 15 4 23 20 6 1 

