logL = -1887.601501 (converged)
AIC = 5455.203002
BIC = 7984.136649

count.K
23 12 28 38 49 

