logL = -1151.873051 (converged)
AIC = 6891.746103
BIC = 13798.143468

count.K
1 4 14 17 1 13 4 1 6 19 24 19 27 

