logL = -1341.815497 (converged)
AIC = 3493.630994
BIC = 4712.938288

count.K
30 72 48 

