0	tsk_0	(x)	1	:	0.000000	0.000000	0.000000	0.000000	0.000000	0.000000	0.000000	0.000000	0.000000	0.000000	0.500000	0.000000	0.500000	0.000000	0.000000
1	tsk_1	(x)	1	:	0.498105	0.000000	0.000000	0.000000	0.000000	0.000000	0.000000	0.501494	0.000049	0.000000	0.000000	0.000000	0.000000	0.000352	0.000000
2	tsk_2	(x)	1	:	0.000000	0.000000	0.000000	0.000000	0.000000	0.000000	1.000000	0.000000	0.000000	0.000000	0.000000	0.000000	0.000000	0.000000	0.000000
3	tsk_3	(x)	1	:	0.000000	0.000000	0.000000	0.000000	0.431270	0.000000	0.000000	0.000000	0.568730	0.000000	0.000000	0.000000	0.000000	0.000000	0.000000
4	tsk_4	(x)	1	:	0.493982	0.000000	0.000000	0.000000	0.000000	0.000000	0.000000	0.000000	0.000000	0.000000	0.000000	0.000000	0.506017	0.000000	0.000000
5	tsk_5	(x)	1	:	0.000000	0.000000	0.000000	0.000000	0.497894	0.000000	0.000000	0.000000	0.000000	0.000000	0.502106	0.000000	0.000000	0.000000	0.000000
6	tsk_6	(x)	1	:	0.000000	0.000000	0.000000	0.000000	0.000000	0.000000	0.000000	1.000000	0.000000	0.000000	0.000000	0.000000	0.000000	0.000000	0.000000
7	tsk_7	(x)	1	:	0.498034	0.000000	0.000000	0.000000	0.000000	0.000000	0.000000	0.501463	0.000055	0.000000	0.000000	0.000000	0.000000	0.000448	0.000000
8	tsk_8	(x)	1	:	0.000000	0.000000	0.000000	0.000000	0.000000	0.000000	0.491724	0.000000	0.000000	0.000000	0.000064	0.000000	0.506477	0.000000	0.001735
9	tsk_9	(x)	1	:	0.000000	0.000000	0.000000	0.000000	0.000000	0.000000	0.478123	0.000000	0.000000	0.499452	0.001844	0.000000	0.000000	0.000000	0.020581
10	tsk_10	(x)	1	:	0.000000	0.000000	0.000000	0.000000	0.000000	0.000000	0.000000	0.000000	0.000000	0.000000	0.500000	0.000000	0.000000	0.000000	0.500000
11	tsk_11	(x)	1	:	0.442760	0.000000	0.000000	0.000000	0.000000	0.000000	0.557238	0.000000	0.000002	0.000000	0.000000	0.000000	0.000000	0.000000	0.000000
12	tsk_12	(x)	1	:	0.000000	0.000000	0.000000	0.000000	0.000000	0.000000	0.000000	0.000000	0.000000	0.249981	0.750018	0.000000	0.000000	0.000000	0.000000
13	tsk_13	(x)	1	:	0.490545	0.000000	0.000000	0.000000	0.000000	0.000000	0.000000	0.000000	0.000000	0.000000	0.509455	0.000000	0.000000	0.000000	0.000000
14	tsk_14	(x)	1	:	0.000000	0.000000	0.000000	0.000000	0.000000	0.000000	0.000000	0.000000	0.000000	0.499992	0.500007	0.000000	0.000000	0.000000	0.000000
15	tsk_15	(x)	1	:	0.000000	0.000000	0.000000	0.000000	0.521791	0.478200	0.000000	0.000000	0.000000	0.000000	0.000000	0.000000	0.000000	0.000000	0.000009
16	tsk_16	(x)	1	:	0.490536	0.000000	0.000000	0.000000	0.000000	0.000000	0.000000	0.000000	0.000000	0.000000	0.509464	0.000000	0.000000	0.000000	0.000000
17	tsk_17	(x)	1	:	0.485958	0.000000	0.000000	0.000000	0.000000	0.514042	0.000000	0.000000	0.000000	0.000000	0.000000	0.000000	0.000000	0.000000	0.000000
18	tsk_18	(x)	1	:	0.999988	0.000000	0.000000	0.000000	0.000000	0.000000	0.000000	0.000000	0.000012	0.000000	0.000000	0.000000	0.000000	0.000000	0.000000
19	tsk_19	(x)	1	:	0.000000	0.000000	0.000000	0.000000	0.000000	0.000000	0.000000	0.000000	0.000000	0.000000	1.000000	0.000000	0.000000	0.000000	0.000000
20	tsk_20	(x)	1	:	0.000000	0.000000	0.000000	0.000000	0.000000	0.000000	0.000000	0.494649	0.000000	0.000000	0.007330	0.000000	0.000000	0.000000	0.498021
21	tsk_21	(x)	1	:	0.000000	0.000000	0.000000	0.000000	0.497894	0.000000	0.000000	0.000000	0.000000	0.000000	0.502106	0.000000	0.000000	0.000000	0.000000
22	tsk_22	(x)	1	:	0.000000	0.000000	0.000000	0.000000	0.500014	0.000000	0.000000	0.499986	0.000000	0.000000	0.000000	0.000000	0.000000	0.000000	0.000000
23	tsk_23	(x)	1	:	0.000000	0.000000	0.000000	0.000000	0.000000	0.000000	0.000000	0.000000	0.000000	0.000000	0.000000	0.000000	0.000000	0.000000	1.000000
24	tsk_24	(x)	1	:	0.000000	0.000000	0.000000	0.000000	0.000000	0.000000	0.477918	0.000000	0.000000	0.000000	0.000000	0.000000	0.000000	0.000000	0.522082
25	tsk_25	(x)	1	:	0.000000	0.000000	0.000000	0.000000	0.517248	0.000000	0.000000	0.000000	0.000000	0.000000	0.482752	0.000000	0.000000	0.000000	0.000000
26	tsk_26	(x)	1	:	0.000000	0.000000	0.000000	0.000000	0.500014	0.000000	0.000000	0.499986	0.000000	0.000000	0.000000	0.000000	0.000000	0.000000	0.000000
27	tsk_27	(x)	1	:	0.000000	0.000000	0.000000	0.000000	0.000000	0.000000	0.000000	0.000000	0.000000	0.000000	0.000000	0.000000	0.000000	0.000000	1.000000
28	tsk_28	(x)	1	:	0.000000	0.000000	0.000000	0.000000	0.497524	0.000000	0.000000	0.000000	0.000000	0.000000	0.004964	0.000000	0.000000	0.000000	0.497511
29	tsk_29	(x)	1	:	0.000000	0.000000	0.000000	0.000000	0.497568	0.000000	0.000000	0.000000	0.000000	0.000000	0.004625	0.000000	0.000000	0.000000	0.497806
30	tsk_30	(x)	1	:	0.999987	0.000000	0.000000	0.000000	0.000000	0.000000	0.000000	0.000000	0.000012	0.000000	0.000000	0.000000	0.000000	0.000000	0.000000
31	tsk_31	(x)	1	:	0.490169	0.000000	0.000000	0.000000	0.000000	0.000000	0.000000	0.000000	0.000010	0.000000	0.010289	0.000000	0.000000	0.000145	0.499387
32	tsk_32	(x)	1	:	0.498104	0.000000	0.000000	0.000000	0.000000	0.000000	0.000000	0.501498	0.000056	0.000000	0.000000	0.000000	0.000000	0.000342	0.000000
33	tsk_33	(x)	1	:	0.685437	0.000000	0.000000	0.314504	0.000000	0.000000	0.000000	0.000000	0.000058	0.000000	0.000000	0.000000	0.000000	0.000000	0.000000
34	tsk_34	(x)	1	:	0.000002	0.000000	0.000000	0.000000	0.000000	0.000000	0.000000	0.000000	0.525033	0.000000	0.000004	0.000000	0.000000	0.000000	0.474960
35	tsk_35	(x)	1	:	0.000000	0.499604	0.000000	0.000000	0.000000	0.000000	0.000000	0.000000	0.000000	0.000000	0.002517	0.000000	0.000000	0.000000	0.497879
36	tsk_36	(x)	1	:	0.000000	0.496494	0.000000	0.000000	0.000000	0.000000	0.000000	0.000000	0.000000	0.000000	0.005047	0.000000	0.000000	0.000000	0.498459
37	tsk_37	(x)	1	:	0.000000	0.496384	0.000000	0.000000	0.000000	0.000000	0.000000	0.000000	0.000000	0.000000	0.006344	0.000000	0.000000	0.000000	0.497272
38	tsk_38	(x)	1	:	0.498222	0.501587	0.000000	0.000000	0.000000	0.000000	0.000000	0.000000	0.000191	0.000000	0.000000	0.000000	0.000000	0.000000	0.000000
39	tsk_39	(x)	1	:	0.495007	0.504291	0.000000	0.000000	0.000000	0.000000	0.000000	0.000000	0.000051	0.000000	0.000000	0.000000	0.000000	0.000651	0.000000
40	tsk_40	(x)	1	:	0.000000	0.000000	0.000000	0.000000	0.434970	0.000000	0.000000	0.510391	0.000000	0.000000	0.000000	0.000000	0.000000	0.054639	0.000000
41	tsk_41	(x)	1	:	0.000000	0.000000	0.000000	0.000000	0.000000	0.000000	0.000000	0.000000	0.000000	0.000000	1.000000	0.000000	0.000000	0.000000	0.000000
42	tsk_42	(x)	1	:	0.000000	0.000000	0.000000	0.000000	0.000000	0.000000	0.000000	0.495059	0.000000	0.000000	0.504941	0.000000	0.000000	0.000000	0.000000
43	tsk_43	(x)	1	:	0.000000	0.000000	0.000000	0.000000	0.000000	0.000000	0.000000	0.495202	0.000000	0.000000	0.504798	0.000000	0.000000	0.000000	0.000000
44	tsk_44	(x)	1	:	0.000000	0.000000	0.000000	0.000000	0.000000	0.000000	0.000000	0.000000	0.000000	0.000000	1.000000	0.000000	0.000000	0.000000	0.000000
45	tsk_45	(x)	1	:	0.000000	0.000000	0.000000	0.000000	0.000000	0.000000	0.000000	1.000000	0.000000	0.000000	0.000000	0.000000	0.000000	0.000000	0.000000
46	tsk_46	(x)	1	:	0.000000	0.000000	0.000000	0.000000	0.000000	0.000000	0.000000	0.000000	0.000000	0.000000	1.000000	0.000000	0.000000	0.000000	0.000000
47	tsk_47	(x)	1	:	0.000000	0.000000	0.000000	0.000000	0.000000	0.000000	0.000000	0.000000	0.000000	0.000000	0.500000	0.000000	0.000000	0.000000	0.500000
48	tsk_48	(x)	1	:	0.000000	0.000000	0.000000	0.000000	0.000000	0.000000	0.000000	0.000000	0.000000	0.499973	0.500027	0.000000	0.000000	0.000000	0.000000
49	tsk_49	(x)	1	:	0.490417	0.000000	0.000000	0.000000	0.000000	0.000000	0.000000	0.000000	0.000020	0.000000	0.009720	0.000000	0.000000	0.000038	0.499805
50	tsk_50	(x)	1	:	0.000000	0.000000	0.000000	0.000000	0.520019	0.000000	0.000000	0.000000	0.000000	0.479980	0.000001	0.000000	0.000000	0.000000	0.000000
51	tsk_51	(x)	1	:	0.000000	0.000000	0.000000	0.000000	0.497820	0.000000	0.000000	0.000000	0.000000	0.499746	0.002434	0.000000	0.000000	0.000000	0.000000
52	tsk_52	(x)	1	:	0.000000	0.000000	0.000000	0.535861	0.000000	0.000000	0.000000	0.000000	0.000000	0.464139	0.000000	0.000000	0.000000	0.000000	0.000000
53	tsk_53	(x)	1	:	0.000000	0.000000	0.000000	0.000000	0.000000	0.000000	0.000000	0.000000	0.000000	1.000000	0.000000	0.000000	0.000000	0.000000	0.000000
54	tsk_54	(x)	1	:	0.000000	0.000000	0.000000	0.000000	0.000000	0.000000	0.000000	0.000000	0.000000	0.496939	0.054150	0.000000	0.000000	0.448910	0.000000
55	tsk_55	(x)	1	:	0.000000	0.000000	0.000000	0.000000	0.000000	0.000000	0.000000	0.000000	0.000000	1.000000	0.000000	0.000000	0.000000	0.000000	0.000000
56	tsk_56	(x)	1	:	0.491721	0.000000	0.000000	0.000000	0.000000	0.000000	0.000000	0.000000	0.000033	0.501201	0.007045	0.000000	0.000000	0.000000	0.000000
57	tsk_57	(x)	1	:	0.000000	0.000000	0.000000	0.000000	0.000000	0.000000	0.000000	0.000000	0.000000	1.000000	0.000000	0.000000	0.000000	0.000000	0.000000
58	tsk_58	(x)	1	:	0.020092	0.000000	0.000000	0.462468	0.000000	0.000000	0.000000	0.000000	0.000000	0.498655	0.018786	0.000000	0.000000	0.000000	0.000000
59	tsk_59	(x)	1	:	0.000000	0.000000	0.000000	0.000000	0.000000	0.000000	0.000000	0.000000	0.000000	1.000000	0.000000	0.000000	0.000000	0.000000	0.000000
60	tsk_60	(x)	1	:	0.490283	0.000000	0.000000	0.000000	0.000000	0.000000	0.000000	0.000000	0.000003	0.000000	0.010258	0.000000	0.000000	0.000000	0.499456
61	tsk_61	(x)	1	:	0.000000	0.000000	0.000000	0.000000	0.000000	0.000000	0.000000	0.000000	0.000000	0.000000	0.500000	0.000000	0.000000	0.000000	0.500000
62	tsk_62	(x)	1	:	0.526246	0.000000	0.000000	0.000000	0.000000	0.000000	0.000000	0.000000	0.000075	0.000000	0.000000	0.000000	0.000000	0.473678	0.000000
63	tsk_63	(x)	1	:	0.000000	0.000000	0.000000	0.000000	0.000000	0.000000	0.000000	0.000000	0.000000	0.000000	0.000000	0.000000	0.000000	0.000000	1.000000
64	tsk_64	(x)	1	:	0.000000	0.000000	0.000000	0.000000	0.000000	0.000000	0.000000	0.000000	0.000000	0.000000	0.000000	0.000000	0.000000	0.000000	1.000000
65	tsk_65	(x)	1	:	1.000000	0.000000	0.000000	0.000000	0.000000	0.000000	0.000000	0.000000	0.000000	0.000000	0.000000	0.000000	0.000000	0.000000	0.000000
66	tsk_66	(x)	1	:	0.490225	0.000000	0.000000	0.000000	0.000000	0.000000	0.000000	0.000000	0.000021	0.000000	0.010238	0.000000	0.000000	0.000066	0.499450
67	tsk_67	(x)	1	:	0.000000	0.000000	0.000000	0.000000	0.000000	0.000000	0.000000	0.000000	0.000000	0.000000	0.000000	0.000000	0.000000	0.000000	1.000000
68	tsk_68	(x)	1	:	0.000000	0.000000	0.000000	0.000000	0.000000	0.000000	0.000000	0.000000	0.000000	0.498405	0.004795	0.000000	0.000000	0.000000	0.496800
69	tsk_69	(x)	1	:	0.000000	0.000000	1.000000	0.000000	0.000000	0.000000	0.000000	0.000000	0.000000	0.000000	0.000000	0.000000	0.000000	0.000000	0.000000
70	tsk_70	(x)	1	:	0.035890	0.000000	0.000000	0.460287	0.502113	0.000000	0.000000	0.000000	0.000000	0.000000	0.000000	0.000000	0.000000	0.001710	0.000000
71	tsk_71	(x)	1	:	0.000000	0.000000	0.000000	1.000000	0.000000	0.000000	0.000000	0.000000	0.000000	0.000000	0.000000	0.000000	0.000000	0.000000	0.000000
72	tsk_72	(x)	1	:	0.000000	0.000000	0.000000	0.000000	0.439710	0.000000	0.000000	0.000000	0.000000	0.000000	0.560290	0.000000	0.000000	0.000000	0.000000
73	tsk_73	(x)	1	:	0.000000	0.000000	0.000000	0.000000	0.000000	0.000000	0.000000	1.000000	0.000000	0.000000	0.000000	0.000000	0.000000	0.000000	0.000000
74	tsk_74	(x)	1	:	0.000000	0.000000	0.000000	0.000000	0.000000	0.000000	0.000000	0.494749	0.000000	0.000000	0.505251	0.000000	0.000000	0.000000	0.000000
75	tsk_75	(x)	1	:	0.027587	0.000000	0.000000	0.458073	0.000000	0.000000	0.000000	0.000000	0.000000	0.499519	0.014821	0.000000	0.000000	0.000000	0.000000
76	tsk_76	(x)	1	:	0.000000	0.000000	0.000000	0.000000	1.000000	0.000000	0.000000	0.000000	0.000000	0.000000	0.000000	0.000000	0.000000	0.000000	0.000000
77	tsk_77	(x)	1	:	0.000000	0.000000	0.000000	0.000000	0.497451	0.000000	0.000000	0.000000	0.000000	0.000000	0.005532	0.000000	0.000000	0.000000	0.497017
78	tsk_78	(x)	1	:	0.032670	0.000000	0.000000	0.454143	0.000000	0.000000	0.000000	0.000000	0.000000	0.000000	0.015791	0.000000	0.000000	0.000000	0.497396
79	tsk_79	(x)	1	:	0.000000	0.000000	0.000000	0.000000	0.000000	0.000000	0.000000	0.000000	0.000000	0.000000	0.500000	0.000000	0.000000	0.000000	0.500000
80	tsk_80	(x)	1	:	0.000000	0.523389	0.000000	0.000000	0.000000	0.000000	0.000000	0.000000	0.000000	0.000000	0.000029	0.000000	0.000000	0.000001	0.476581
81	tsk_81	(x)	1	:	0.000000	1.000000	0.000000	0.000000	0.000000	0.000000	0.000000	0.000000	0.000000	0.000000	0.000000	0.000000	0.000000	0.000000	0.000000
82	tsk_82	(x)	1	:	0.499092	0.000000	0.000000	0.000000	0.500746	0.000000	0.000000	0.000000	0.000162	0.000000	0.000000	0.000000	0.000000	0.000000	0.000000
83	tsk_83	(x)	1	:	0.000000	0.000000	0.000000	0.000000	1.000000	0.000000	0.000000	0.000000	0.000000	0.000000	0.000000	0.000000	0.000000	0.000000	0.000000
84	tsk_84	(x)	1	:	0.000000	0.505682	0.000000	0.000000	0.494317	0.000000	0.000000	0.000000	0.000000	0.000000	0.000000	0.000000	0.000000	0.000000	0.000000
85	tsk_85	(x)	1	:	0.000000	0.501636	0.000000	0.000000	0.498364	0.000000	0.000000	0.000000	0.000000	0.000000	0.000000	0.000000	0.000000	0.000000	0.000000
86	tsk_86	(x)	1	:	0.000000	0.501636	0.000000	0.000000	0.498364	0.000000	0.000000	0.000000	0.000000	0.000000	0.000000	0.000000	0.000000	0.000000	0.000000
87	tsk_87	(x)	1	:	0.000000	0.505682	0.000000	0.000000	0.494317	0.000000	0.000000	0.000000	0.000000	0.000000	0.000000	0.000000	0.000000	0.000000	0.000000
88	tsk_88	(x)	1	:	0.000000	0.499815	0.000000	0.000000	0.000000	0.000000	0.000000	0.000000	0.000000	0.500065	0.000120	0.000000	0.000000	0.000000	0.000000
89	tsk_89	(x)	1	:	0.000000	0.499803	0.000000	0.000000	0.000000	0.000000	0.000000	0.000000	0.000000	0.000000	0.500197	0.000000	0.000000	0.000000	0.000000
90	tsk_90	(x)	1	:	0.275594	0.000000	0.000000	0.000000	0.000000	0.000000	0.000000	0.000000	0.000000	0.000000	0.285779	0.000000	0.000000	0.438627	0.000000
91	tsk_91	(x)	1	:	0.489935	0.000000	0.000000	0.000000	0.000000	0.000000	0.000000	0.000000	0.000011	0.000000	0.011138	0.000000	0.000000	0.000073	0.498843
92	tsk_92	(x)	1	:	0.471642	0.000000	0.000000	0.000000	0.528209	0.000000	0.000000	0.000000	0.000149	0.000000	0.000000	0.000000	0.000000	0.000000	0.000000
93	tsk_93	(x)	1	:	0.000000	0.000000	0.000000	0.000000	0.000000	0.482964	0.482057	0.000000	0.000000	0.000000	0.000000	0.000000	0.000000	0.000000	0.034979
94	tsk_94	(x)	1	:	0.000000	0.000000	0.000000	0.000000	0.000000	0.482129	0.480349	0.000000	0.000000	0.000000	0.000000	0.000000	0.000000	0.000000	0.037523
95	tsk_95	(x)	1	:	0.000000	0.000000	0.000000	0.000000	0.522049	0.000000	0.474538	0.000000	0.000000	0.000000	0.000001	0.000000	0.000000	0.000000	0.003412
96	tsk_96	(x)	1	:	0.000000	0.000000	0.000000	0.000000	0.501023	0.493204	0.000000	0.000000	0.000000	0.000000	0.002712	0.000000	0.000000	0.000000	0.003061
97	tsk_97	(x)	1	:	0.000000	0.000000	0.000000	0.000029	0.504525	0.000000	0.000000	0.000000	0.351718	0.000000	0.000000	0.000000	0.000000	0.143728	0.000000
98	tsk_98	(x)	1	:	0.491264	0.000000	0.000000	0.000000	0.000000	0.000000	0.478384	0.000000	0.000028	0.000000	0.007175	0.000000	0.000000	0.000253	0.022896
99	tsk_99	(x)	1	:	0.490304	0.000000	0.000000	0.000000	0.000000	0.000000	0.478524	0.000000	0.000010	0.000000	0.010685	0.000000	0.000000	0.000043	0.020433
100	tsk_100	(x)	1	:	0.000000	0.000000	0.000000	0.000000	0.000000	0.000000	0.000000	0.000000	0.000000	0.249843	0.250574	0.000000	0.000000	0.000000	0.499583
101	tsk_101	(x)	1	:	0.000000	0.000000	0.000000	0.000000	0.000000	0.000000	0.477918	0.000000	0.000000	0.000000	0.000000	0.000000	0.000000	0.000000	0.522082
102	tsk_102	(x)	1	:	0.000000	0.000000	0.000000	0.000000	0.000000	0.000000	0.000000	0.000000	0.000000	0.000000	0.000000	0.000000	0.000000	0.000000	1.000000
103	tsk_103	(x)	1	:	0.000000	0.000000	0.000000	0.000000	0.000000	0.000000	0.000000	0.000000	0.000000	0.249922	0.250289	0.000000	0.000000	0.000000	0.499789
104	tsk_104	(x)	1	:	0.000000	0.000000	0.000000	0.000000	0.000000	0.000000	0.000000	0.000000	0.000000	0.000000	0.500000	0.000000	0.000000	0.000000	0.500000
105	tsk_105	(x)	1	:	0.000000	0.000000	0.000000	0.000000	0.000000	0.000000	0.000000	0.000000	0.000000	0.249590	0.251491	0.000000	0.000000	0.000000	0.498919
106	tsk_106	(x)	1	:	0.000000	0.000000	0.000000	0.000000	0.000000	0.000000	0.000000	0.000000	0.000000	0.499986	0.500013	0.000000	0.000000	0.000000	0.000000
107	tsk_107	(x)	1	:	0.000000	0.000000	0.000000	0.000000	0.000000	0.000000	0.000000	0.000000	0.000000	0.499988	0.500012	0.000000	0.000000	0.000000	0.000000
108	tsk_108	(x)	1	:	0.000000	0.497009	0.000000	0.000000	0.502991	0.000000	0.000000	0.000000	0.000000	0.000000	0.000000	0.000000	0.000000	0.000000	0.000000
109	tsk_109	(x)	1	:	0.000000	0.000000	0.000000	0.000000	0.000000	0.000000	0.000000	0.000000	0.000000	0.249930	0.250256	0.000000	0.000000	0.000000	0.499813
110	tsk_110	(x)	1	:	0.471631	0.000000	0.000000	0.000000	0.528210	0.000000	0.000000	0.000000	0.000159	0.000000	0.000000	0.000000	0.000000	0.000000	0.000000
111	tsk_111	(x)	1	:	0.000000	0.000000	0.000000	0.000000	0.000000	0.000000	0.000000	0.000000	0.000000	0.000000	1.000000	0.000000	0.000000	0.000000	0.000000
112	tsk_112	(x)	1	:	0.596290	0.000000	0.000000	0.000000	0.000000	0.000000	0.000000	0.000000	0.000000	0.000000	0.403710	0.000000	0.000000	0.000000	0.000000
113	tsk_113	(x)	1	:	0.507228	0.000000	0.000000	0.000000	0.492772	0.000000	0.000000	0.000000	0.000000	0.000000	0.000000	0.000000	0.000000	0.000000	0.000000
114	tsk_114	(x)	1	:	0.999992	0.000000	0.000000	0.000000	0.000000	0.000000	0.000000	0.000000	0.000007	0.000000	0.000000	0.000000	0.000000	0.000000	0.000000
115	tsk_115	(x)	1	:	0.000000	0.000000	0.000000	0.000000	0.000000	0.000000	0.000000	0.000000	0.000000	0.000000	1.000000	0.000000	0.000000	0.000000	0.000000
116	tsk_116	(x)	1	:	1.000000	0.000000	0.000000	0.000000	0.000000	0.000000	0.000000	0.000000	0.000000	0.000000	0.000000	0.000000	0.000000	0.000000	0.000000
117	tsk_117	(x)	1	:	1.000000	0.000000	0.000000	0.000000	0.000000	0.000000	0.000000	0.000000	0.000000	0.000000	0.000000	0.000000	0.000000	0.000000	0.000000
118	tsk_118	(x)	1	:	0.494967	0.504287	0.000000	0.000000	0.000000	0.000000	0.000000	0.000000	0.000053	0.000000	0.000000	0.000000	0.000000	0.000693	0.000000
119	tsk_119	(x)	1	:	0.596195	0.000000	0.000000	0.000000	0.000000	0.000000	0.000000	0.000000	0.000000	0.000000	0.403805	0.000000	0.000000	0.000000	0.000000
120	tsk_120	(x)	1	:	0.000000	0.000000	0.000000	0.000000	0.000000	0.000000	0.000000	0.000000	0.000000	0.000000	0.000000	0.000000	0.000000	0.000000	1.000000
121	tsk_121	(x)	1	:	0.000000	0.000000	0.000000	0.000000	0.498382	0.000000	0.000000	0.000000	0.000000	0.501617	0.000000	0.000000	0.000000	0.000000	0.000000
122	tsk_122	(x)	1	:	0.000000	0.000000	0.000000	0.000000	0.000000	0.000000	0.000000	0.000000	0.000000	0.000000	0.500000	0.000000	0.000000	0.000000	0.500000
123	tsk_123	(x)	1	:	0.000000	0.000000	0.000000	0.000000	0.525582	0.000000	0.000000	0.000000	0.000000	0.000000	0.474418	0.000000	0.000000	0.000000	0.000000
124	tsk_124	(x)	1	:	0.000000	0.505682	0.000000	0.000000	0.494317	0.000000	0.000000	0.000000	0.000000	0.000000	0.000000	0.000000	0.000000	0.000000	0.000000
125	tsk_125	(x)	1	:	0.000000	0.000000	0.000000	0.000000	0.525585	0.000000	0.000000	0.000000	0.000000	0.000000	0.474415	0.000000	0.000000	0.000000	0.000000
126	tsk_126	(x)	1	:	0.000000	1.000000	0.000000	0.000000	0.000000	0.000000	0.000000	0.000000	0.000000	0.000000	0.000000	0.000000	0.000000	0.000000	0.000000
127	tsk_127	(x)	1	:	0.000000	0.000000	0.000000	0.000000	0.000000	0.000000	0.000000	0.000000	0.000000	0.000000	0.052791	0.000000	0.000000	0.451206	0.496003
128	tsk_128	(x)	1	:	0.000000	1.000000	0.000000	0.000000	0.000000	0.000000	0.000000	0.000000	0.000000	0.000000	0.000000	0.000000	0.000000	0.000000	0.000000
129	tsk_129	(x)	1	:	0.000000	0.000000	0.000000	0.000000	0.505610	0.000000	0.000000	0.000000	0.000000	0.000000	0.000000	0.000000	0.000000	0.494390	0.000000
130	tsk_130	(x)	1	:	0.000000	0.000000	0.000000	0.000000	0.000000	0.000000	0.000000	0.000000	0.000000	0.000000	0.500000	0.000000	0.000000	0.000000	0.500000
131	tsk_131	(x)	1	:	0.000000	0.470313	0.000000	0.000000	0.000000	0.000000	0.000000	0.000000	0.000000	0.000000	0.529687	0.000000	0.000000	0.000000	0.000000
132	tsk_132	(x)	1	:	0.494989	0.504289	0.000000	0.000000	0.000000	0.000000	0.000000	0.000000	0.000050	0.000000	0.000000	0.000000	0.000000	0.000673	0.000000
133	tsk_133	(x)	1	:	0.000000	0.000000	0.000000	0.000000	0.500014	0.000000	0.000000	0.499986	0.000000	0.000000	0.000000	0.000000	0.000000	0.000000	0.000000
134	tsk_134	(x)	1	:	0.000000	0.470316	0.000000	0.000000	0.000000	0.000000	0.000000	0.000000	0.000000	0.000000	0.029652	0.000000	0.000000	0.000000	0.500032
135	tsk_135	(x)	1	:	0.425294	0.000000	0.000000	0.000000	0.000000	0.000000	0.000000	0.574702	0.000004	0.000000	0.000000	0.000000	0.000000	0.000000	0.000000
136	tsk_136	(x)	1	:	0.490554	0.000000	0.000000	0.000000	0.000000	0.000000	0.000000	0.000000	0.000000	0.000000	0.509446	0.000000	0.000000	0.000000	0.000000
137	tsk_137	(x)	1	:	0.999989	0.000000	0.000000	0.000000	0.000000	0.000000	0.000000	0.000000	0.000010	0.000000	0.000000	0.000000	0.000000	0.000000	0.000000
138	tsk_138	(x)	1	:	0.490558	0.000000	0.000000	0.000000	0.000000	0.000000	0.000000	0.000000	0.000000	0.249998	0.259444	0.000000	0.000000	0.000000	0.000000
139	tsk_139	(x)	1	:	0.000000	0.000000	0.000000	0.000000	0.525584	0.000000	0.000000	0.000000	0.000000	0.000000	0.474416	0.000000	0.000000	0.000000	0.000000
140	tsk_140	(x)	1	:	0.000000	0.000000	0.000000	0.000000	0.000000	0.000000	0.000000	0.000000	0.000000	1.000000	0.000000	0.000000	0.000000	0.000000	0.000000
141	tsk_141	(x)	1	:	0.526287	0.000000	0.000000	0.000000	0.000000	0.000000	0.000000	0.000000	0.000053	0.000000	0.000000	0.000000	0.000000	0.473660	0.000000
142	tsk_142	(x)	1	:	0.999994	0.000000	0.000000	0.000000	0.000000	0.000000	0.000000	0.000000	0.000005	0.000000	0.000000	0.000000	0.000000	0.000000	0.000000
143	tsk_143	(x)	1	:	0.490200	0.000000	0.000000	0.000000	0.000000	0.000000	0.000000	0.000000	0.000013	0.000000	0.010391	0.000000	0.000000	0.000043	0.499353
144	tsk_144	(x)	1	:	0.287373	0.000000	0.000000	0.000000	0.000000	0.000000	0.000000	0.000000	0.000003	0.000000	0.000000	0.511962	0.000000	0.000000	0.200662
145	tsk_145	(x)	1	:	0.490639	0.000000	0.000000	0.000000	0.000000	0.000000	0.000000	0.000000	0.000014	0.000000	0.009122	0.000000	0.000000	0.000013	0.500212
146	tsk_146	(x)	1	:	1.000000	0.000000	0.000000	0.000000	0.000000	0.000000	0.000000	0.000000	0.000000	0.000000	0.000000	0.000000	0.000000	0.000000	0.000000
147	tsk_147	(x)	1	:	0.999926	0.000000	0.000000	0.000000	0.000000	0.000000	0.000000	0.000000	0.000074	0.000000	0.000000	0.000000	0.000000	0.000000	0.000000
148	tsk_148	(x)	1	:	0.999999	0.000000	0.000000	0.000000	0.000000	0.000000	0.000000	0.000000	0.000001	0.000000	0.000000	0.000000	0.000000	0.000000	0.000000
149	tsk_149	(x)	1	:	1.000000	0.000000	0.000000	0.000000	0.000000	0.000000	0.000000	0.000000	0.000000	0.000000	0.000000	0.000000	0.000000	0.000000	0.000000
