logL = -1746.765192 (converged)
AIC = 3929.530384
BIC = 4585.848878

count.K
27 123 

