0	tsk_0	(x)	1	:	0.000000	0.000000	0.000000	0.000000	0.000000	0.000000	1.000000	0.000000	0.000000	0.000000	0.000000	0.000000
1	tsk_1	(x)	1	:	0.000000	0.000000	0.000000	0.000000	0.000000	0.000000	0.000000	0.000000	0.000000	1.000000	0.000000	0.000000
2	tsk_2	(x)	1	:	0.000000	0.482761	0.000000	0.000000	0.000000	0.015328	0.000000	0.058612	0.000000	0.443299	0.000000	0.000000
3	tsk_3	(x)	1	:	0.000000	0.401427	0.000000	0.500000	0.000000	0.098573	0.000000	0.000000	0.000000	0.000000	0.000000	0.000000
4	tsk_4	(x)	1	:	0.000000	0.000015	0.000000	0.499300	0.000000	0.000000	0.000000	0.056666	0.000000	0.444019	0.000000	0.000000
5	tsk_5	(x)	1	:	0.000000	0.000033	0.000000	0.499290	0.000000	0.000002	0.000000	0.056657	0.000000	0.444018	0.000000	0.000000
6	tsk_6	(x)	1	:	0.000000	0.433680	0.000000	0.500000	0.000000	0.066320	0.000000	0.000000	0.000000	0.000000	0.000000	0.000000
7	tsk_7	(x)	1	:	0.000000	0.000907	0.000000	0.484063	0.000000	0.000993	0.514037	0.000000	0.000000	0.000000	0.000000	0.000000
8	tsk_8	(x)	1	:	0.000000	0.000025	0.000000	0.499293	0.000000	0.000003	0.000000	0.056660	0.000000	0.444018	0.000000	0.000000
9	tsk_9	(x)	1	:	0.000000	0.000017	0.000000	0.499298	0.000000	0.000002	0.000000	0.056664	0.000000	0.444019	0.000000	0.000000
10	tsk_10	(x)	1	:	0.000000	0.000181	0.000000	0.000000	0.000000	0.000014	0.000000	0.000000	0.999805	0.000000	0.000000	0.000000
11	tsk_11	(x)	1	:	0.000000	0.000000	0.000000	0.000000	0.000000	0.000000	0.497373	0.000000	0.502627	0.000000	0.000000	0.000000
12	tsk_12	(x)	1	:	0.485068	0.352775	0.000000	0.000000	0.000000	0.162157	0.000000	0.000000	0.000000	0.000000	0.000000	0.000000
13	tsk_13	(x)	1	:	0.000000	0.031840	0.388173	0.000000	0.000000	0.060072	0.519915	0.000000	0.000000	0.000000	0.000000	0.000000
14	tsk_14	(x)	1	:	0.000000	0.191971	0.236706	0.000000	0.477482	0.093841	0.000000	0.000000	0.000000	0.000000	0.000000	0.000000
15	tsk_15	(x)	1	:	1.000000	0.000000	0.000000	0.000000	0.000000	0.000000	0.000000	0.000000	0.000000	0.000000	0.000000	0.000000
16	tsk_16	(x)	1	:	0.000000	0.000000	0.000000	0.000000	0.000000	0.000000	0.464647	0.360373	0.174980	0.000000	0.000000	0.000000
17	tsk_17	(x)	1	:	0.493071	0.008383	0.000000	0.000000	0.493318	0.005228	0.000000	0.000000	0.000000	0.000000	0.000000	0.000000
18	tsk_18	(x)	1	:	0.000000	0.000000	0.000000	0.000000	0.000000	0.000000	0.000000	0.000000	0.000000	0.000000	0.000000	1.000000
19	tsk_19	(x)	1	:	0.000000	0.000000	0.000000	0.000000	0.000000	0.000000	0.497373	0.000000	0.502627	0.000000	0.000000	0.000000
20	tsk_20	(x)	1	:	0.000000	0.212764	0.000000	0.000000	0.000000	0.267308	0.519928	0.000000	0.000000	0.000000	0.000000	0.000000
21	tsk_21	(x)	1	:	0.000000	0.427988	0.000000	0.000000	0.477820	0.094192	0.000000	0.000000	0.000000	0.000000	0.000000	0.000000
22	tsk_22	(x)	1	:	0.000000	0.089922	0.000000	0.000000	0.000000	0.390150	0.519928	0.000000	0.000000	0.000000	0.000000	0.000000
23	tsk_23	(x)	1	:	0.000000	0.442535	0.000000	0.500000	0.000000	0.057465	0.000000	0.000000	0.000000	0.000000	0.000000	0.000000
24	tsk_24	(x)	1	:	0.000000	0.001310	0.000000	0.484040	0.000000	0.000622	0.514028	0.000000	0.000000	0.000000	0.000000	0.000000
25	tsk_25	(x)	1	:	0.000000	0.460564	0.000000	0.500000	0.000000	0.039436	0.000000	0.000000	0.000000	0.000000	0.000000	0.000000
26	tsk_26	(x)	1	:	0.000000	0.010909	0.000000	0.000000	0.463805	0.007821	0.517465	0.000000	0.000000	0.000000	0.000000	0.000000
27	tsk_27	(x)	1	:	0.000000	0.000000	0.000000	0.000000	0.000000	0.000000	1.000000	0.000000	0.000000	0.000000	0.000000	0.000000
28	tsk_28	(x)	1	:	0.000000	0.026910	0.000000	0.497229	0.471700	0.004161	0.000000	0.000000	0.000000	0.000000	0.000000	0.000000
29	tsk_29	(x)	1	:	0.000000	0.015272	0.000000	0.000000	0.461533	0.006143	0.517053	0.000000	0.000000	0.000000	0.000000	0.000000
30	tsk_30	(x)	1	:	0.000000	0.438124	0.000000	0.000000	0.000000	0.061877	0.000000	0.500000	0.000000	0.000000	0.000000	0.000000
31	tsk_31	(x)	1	:	0.000000	0.009921	0.000000	0.494593	0.000000	0.000893	0.000000	0.494593	0.000000	0.000000	0.000000	0.000000
32	tsk_32	(x)	1	:	0.000000	0.472390	0.000000	0.500000	0.000000	0.027610	0.000000	0.000000	0.000000	0.000000	0.000000	0.000000
33	tsk_33	(x)	1	:	0.000000	0.000000	0.000000	0.000000	0.000000	0.000000	0.000000	1.000000	0.000000	0.000000	0.000000	0.000000
34	tsk_34	(x)	1	:	0.000000	0.000000	0.000000	0.000000	0.000000	0.000000	0.000000	1.000000	0.000000	0.000000	0.000000	0.000000
35	tsk_35	(x)	1	:	0.000000	0.875794	0.000000	0.000000	0.000000	0.124206	0.000000	0.000000	0.000000	0.000000	0.000000	0.000000
36	tsk_36	(x)	1	:	0.000000	0.000000	0.000000	1.000000	0.000000	0.000000	0.000000	0.000000	0.000000	0.000000	0.000000	0.000000
37	tsk_37	(x)	1	:	0.000000	0.009933	0.000000	0.494818	0.000000	0.000430	0.000000	0.494818	0.000000	0.000000	0.000000	0.000000
38	tsk_38	(x)	1	:	0.000000	0.000000	0.000000	0.000000	0.000000	0.000000	0.000000	1.000000	0.000000	0.000000	0.000000	0.000000
39	tsk_39	(x)	1	:	0.000000	0.000458	0.000000	0.000000	0.000000	0.001101	0.514128	0.484314	0.000000	0.000000	0.000000	0.000000
40	tsk_40	(x)	1	:	0.000000	0.275577	0.236738	0.000000	0.477579	0.010107	0.000000	0.000000	0.000000	0.000000	0.000000	0.000000
41	tsk_41	(x)	1	:	0.000000	0.000000	0.000000	0.000000	0.000000	0.000000	0.985466	0.000000	0.000000	0.000000	0.014534	0.000000
42	tsk_42	(x)	1	:	0.000000	0.242292	0.236744	0.000000	0.477597	0.043368	0.000000	0.000000	0.000000	0.000000	0.000000	0.000000
43	tsk_43	(x)	1	:	0.000000	0.092214	0.236638	0.000000	0.655180	0.015968	0.000000	0.000000	0.000000	0.000000	0.000000	0.000000
44	tsk_44	(x)	1	:	0.000000	0.015557	0.000000	0.000000	0.469489	0.020054	0.000000	0.000000	0.000000	0.000000	0.494899	0.000000
45	tsk_45	(x)	1	:	0.000000	0.877446	0.000000	0.000000	0.000000	0.122554	0.000000	0.000000	0.000001	0.000000	0.000000	0.000000
46	tsk_46	(x)	1	:	0.000000	0.466937	0.000000	0.000000	0.000000	0.033063	0.000000	0.500000	0.000000	0.000000	0.000000	0.000000
47	tsk_47	(x)	1	:	0.000000	0.452889	0.000000	0.500000	0.000000	0.047111	0.000000	0.000000	0.000000	0.000000	0.000000	0.000000
48	tsk_48	(x)	1	:	0.000000	0.041674	0.000000	0.000000	0.476545	0.060589	0.421192	0.000000	0.000000	0.000000	0.000000	0.000000
49	tsk_49	(x)	1	:	0.000000	0.351560	0.000000	0.000000	0.000000	0.227124	0.421315	0.000000	0.000000	0.000000	0.000000	0.000000
50	tsk_50	(x)	1	:	0.000000	0.000000	0.000000	0.000000	0.000000	0.000000	1.000000	0.000000	0.000000	0.000000	0.000000	0.000000
51	tsk_51	(x)	1	:	0.000000	0.009478	0.000000	0.494911	0.000000	0.000700	0.000000	0.494911	0.000000	0.000000	0.000000	0.000000
52	tsk_52	(x)	1	:	0.000000	0.443879	0.000000	0.500000	0.000000	0.056121	0.000000	0.000000	0.000000	0.000000	0.000000	0.000000
53	tsk_53	(x)	1	:	0.000000	0.446846	0.000000	0.500000	0.000000	0.053154	0.000000	0.000000	0.000000	0.000000	0.000000	0.000000
54	tsk_54	(x)	1	:	0.000000	0.030702	0.000000	0.496322	0.469880	0.003096	0.000000	0.000000	0.000000	0.000000	0.000000	0.000000
55	tsk_55	(x)	1	:	0.000000	0.012125	0.000000	0.000000	0.463652	0.006786	0.517437	0.000000	0.000000	0.000000	0.000000	0.000000
56	tsk_56	(x)	1	:	0.000000	0.000000	0.000000	1.000000	0.000000	0.000000	0.000000	0.000000	0.000000	0.000000	0.000000	0.000000
57	tsk_57	(x)	1	:	0.000000	0.012304	0.000000	0.495447	0.000000	0.001483	0.000000	0.000000	0.000000	0.000000	0.000000	0.490766
58	tsk_58	(x)	1	:	0.000000	0.451693	0.000000	0.000000	0.000000	0.048307	0.000000	0.500000	0.000000	0.000000	0.000000	0.000000
59	tsk_59	(x)	1	:	0.000000	0.000000	0.000000	0.000000	0.000000	0.000000	0.286263	0.000000	0.000000	0.000000	0.713737	0.000000
60	tsk_60	(x)	1	:	0.000000	0.585379	0.236612	0.000000	0.000000	0.040483	0.000000	0.000000	0.000000	0.137527	0.000000	0.000000
61	tsk_61	(x)	1	:	0.000000	0.031135	0.000000	0.000000	0.476537	0.071136	0.421191	0.000000	0.000000	0.000000	0.000000	0.000000
62	tsk_62	(x)	1	:	0.000000	0.225212	0.000000	0.000000	0.000000	0.278637	0.000000	0.000000	0.000000	0.000000	0.496151	0.000000
63	tsk_63	(x)	1	:	0.000000	0.000000	0.000000	0.000000	0.000000	0.000000	0.383624	0.000000	0.000000	0.000000	0.616376	0.000000
64	tsk_64	(x)	1	:	0.000000	0.000000	0.000000	1.000000	0.000000	0.000000	0.000000	0.000000	0.000000	0.000000	0.000000	0.000000
65	tsk_65	(x)	1	:	0.000000	0.003537	0.000000	0.000000	0.000000	0.006298	0.000000	0.495500	0.000000	0.000000	0.494666	0.000000
66	tsk_66	(x)	1	:	0.000000	0.908411	0.000000	0.000000	0.000000	0.091589	0.000000	0.000000	0.000000	0.000000	0.000000	0.000000
67	tsk_67	(x)	1	:	0.000000	0.113577	0.000000	0.000000	0.000000	0.390271	0.000000	0.000000	0.000000	0.000000	0.496151	0.000000
68	tsk_68	(x)	1	:	0.000000	0.082762	0.000000	0.000000	0.000000	0.421086	0.000000	0.000000	0.000000	0.000000	0.496151	0.000000
69	tsk_69	(x)	1	:	0.392885	0.081188	0.000000	0.498051	0.000000	0.027876	0.000000	0.000000	0.000000	0.000000	0.000000	0.000000
70	tsk_70	(x)	1	:	0.000000	0.480088	0.000000	0.000000	0.000000	0.019912	0.000000	0.500000	0.000000	0.000000	0.000000	0.000000
71	tsk_71	(x)	1	:	0.000000	0.384439	0.000000	0.500000	0.000000	0.115561	0.000000	0.000000	0.000000	0.000000	0.000000	0.000000
72	tsk_72	(x)	1	:	0.000000	0.000000	0.000000	0.461822	0.000000	0.000000	0.000000	0.000000	0.000000	0.538178	0.000000	0.000000
73	tsk_73	(x)	1	:	0.492362	0.000000	0.000000	0.000000	0.000000	0.000395	0.000000	0.507242	0.000000	0.000000	0.000000	0.000000
74	tsk_74	(x)	1	:	0.000000	0.000008	0.000000	0.499303	0.000000	0.000002	0.000000	0.056669	0.000000	0.444019	0.000000	0.000000
75	tsk_75	(x)	1	:	0.000000	0.422817	0.000000	0.000000	0.000000	0.077183	0.000000	0.500000	0.000000	0.000000	0.000000	0.000000
76	tsk_76	(x)	1	:	0.000000	0.000000	0.000000	0.000000	0.000000	0.000000	0.000000	1.000000	0.000000	0.000000	0.000000	0.000000
77	tsk_77	(x)	1	:	0.000000	0.007399	0.000000	0.000000	0.000000	0.000807	0.000000	0.497292	0.000000	0.000000	0.000000	0.494502
78	tsk_78	(x)	1	:	0.000000	0.000000	0.000000	0.000000	0.000000	0.000000	0.000000	1.000000	0.000000	0.000000	0.000000	0.000000
79	tsk_79	(x)	1	:	0.000000	0.000000	0.000000	0.000000	0.000000	0.000000	0.000000	0.552890	0.000000	0.447110	0.000000	0.000000
80	tsk_80	(x)	1	:	0.000000	0.005377	0.000000	0.495842	0.000000	0.004003	0.000000	0.000000	0.000000	0.000000	0.494778	0.000000
81	tsk_81	(x)	1	:	0.000000	0.000000	0.000000	0.000000	1.000000	0.000000	0.000000	0.000000	0.000000	0.000000	0.000000	0.000000
82	tsk_82	(x)	1	:	0.490041	0.003887	0.000000	0.504915	0.000000	0.001156	0.000000	0.000000	0.000000	0.000000	0.000000	0.000000
83	tsk_83	(x)	1	:	0.000000	0.932204	0.000000	0.000000	0.000000	0.067796	0.000000	0.000000	0.000000	0.000000	0.000000	0.000000
84	tsk_84	(x)	1	:	0.000000	0.006960	0.000000	0.000000	0.472049	0.025687	0.000000	0.000000	0.000000	0.000000	0.495304	0.000000
85	tsk_85	(x)	1	:	0.000000	0.013483	0.000000	0.000000	0.468897	0.022813	0.000000	0.000000	0.000000	0.000000	0.494806	0.000000
86	tsk_86	(x)	1	:	0.000000	0.013733	0.000000	0.000000	0.470338	0.020896	0.000000	0.000000	0.000000	0.000000	0.495033	0.000000
87	tsk_87	(x)	1	:	0.000000	0.000000	0.000000	0.000000	1.000000	0.000000	0.000000	0.000000	0.000000	0.000000	0.000000	0.000000
88	tsk_88	(x)	1	:	0.000000	0.291193	0.000000	0.000000	0.000000	0.212656	0.000000	0.000000	0.000000	0.000000	0.496151	0.000000
89	tsk_89	(x)	1	:	0.000000	0.011226	0.000000	0.000000	0.468650	0.025358	0.000000	0.000000	0.000000	0.000000	0.494766	0.000000
90	tsk_90	(x)	1	:	0.000000	0.441639	0.000000	0.500000	0.000000	0.058361	0.000000	0.000000	0.000000	0.000000	0.000000	0.000000
91	tsk_91	(x)	1	:	0.000000	0.000000	0.000000	0.000000	0.000000	0.000000	0.985466	0.000000	0.000000	0.000000	0.014534	0.000000
92	tsk_92	(x)	1	:	0.000000	0.000000	0.000000	0.000000	0.000000	0.000000	0.772281	0.000000	0.000000	0.000000	0.227719	0.000000
93	tsk_93	(x)	1	:	0.000000	0.044670	0.000000	0.499896	0.000000	0.034149	0.421284	0.000000	0.000000	0.000000	0.000000	0.000000
94	tsk_94	(x)	1	:	0.000000	0.348525	0.000000	0.000000	0.000000	0.151475	0.000000	0.500000	0.000000	0.000000	0.000000	0.000000
95	tsk_95	(x)	1	:	0.000000	0.026825	0.000000	0.000000	0.000000	0.051994	0.421284	0.499897	0.000000	0.000000	0.000000	0.000000
96	tsk_96	(x)	1	:	0.000000	0.909255	0.000000	0.000000	0.000000	0.090745	0.000000	0.000000	0.000000	0.000000	0.000000	0.000000
97	tsk_97	(x)	1	:	0.000000	0.031763	0.000000	0.496492	0.470191	0.001554	0.000000	0.000000	0.000000	0.000000	0.000000	0.000000
98	tsk_98	(x)	1	:	0.000000	0.427721	0.000000	0.000000	0.000000	0.072279	0.000000	0.500000	0.000000	0.000000	0.000000	0.000000
99	tsk_99	(x)	1	:	0.000000	0.009377	0.000000	0.494722	0.000000	0.001178	0.000000	0.494722	0.000000	0.000000	0.000000	0.000000
100	tsk_100	(x)	1	:	0.000000	0.464071	0.000000	0.500000	0.000000	0.035929	0.000000	0.000000	0.000000	0.000000	0.000000	0.000000
101	tsk_101	(x)	1	:	0.000000	0.002506	0.000000	0.000000	0.000000	0.007524	0.000000	0.495352	0.000000	0.000000	0.494617	0.000000
102	tsk_102	(x)	1	:	0.000000	0.007959	0.000000	0.000000	0.471413	0.025424	0.000000	0.000000	0.000000	0.000000	0.495204	0.000000
103	tsk_103	(x)	1	:	0.000000	0.825806	0.000000	0.000000	0.000000	0.174194	0.000000	0.000000	0.000000	0.000000	0.000000	0.000000
104	tsk_104	(x)	1	:	0.000000	0.400817	0.000000	0.000000	0.000000	0.099183	0.000000	0.500000	0.000000	0.000000	0.000000	0.000000
105	tsk_105	(x)	1	:	0.000000	0.002905	0.000000	0.000000	0.000000	0.006173	0.000000	0.496070	0.000000	0.000000	0.494853	0.000000
106	tsk_106	(x)	1	:	0.000000	0.200614	0.000000	0.000000	0.000000	0.303234	0.000000	0.000000	0.000000	0.000000	0.496151	0.000000
107	tsk_107	(x)	1	:	0.000000	0.025893	0.000000	0.000000	0.473110	0.003068	0.000000	0.497929	0.000000	0.000000	0.000000	0.000000
108	tsk_108	(x)	1	:	0.000000	0.011732	0.000000	0.000000	0.469818	0.023499	0.000000	0.000000	0.000000	0.000000	0.494951	0.000000
109	tsk_109	(x)	1	:	0.000000	0.310270	0.000000	0.000000	0.655207	0.034523	0.000000	0.000000	0.000000	0.000000	0.000000	0.000000
110	tsk_110	(x)	1	:	0.000000	0.307694	0.000000	0.000000	0.000000	0.172378	0.519928	0.000000	0.000000	0.000000	0.000000	0.000000
111	tsk_111	(x)	1	:	0.000000	0.010318	0.482806	0.000000	0.000000	0.010242	0.000000	0.000000	0.000000	0.000000	0.496634	0.000000
112	tsk_112	(x)	1	:	0.000000	0.002330	0.475805	0.000000	0.000000	0.003981	0.517883	0.000000	0.000000	0.000000	0.000000	0.000000
113	tsk_113	(x)	1	:	0.000000	0.000000	0.513954	0.000000	0.000000	0.000000	0.486046	0.000000	0.000000	0.000000	0.000000	0.000000
114	tsk_114	(x)	1	:	0.481028	0.000092	0.000000	0.000000	0.000000	0.000481	0.518400	0.000000	0.000000	0.000000	0.000000	0.000000
115	tsk_115	(x)	1	:	0.000000	0.009001	0.481936	0.000000	0.000000	0.012714	0.000000	0.000000	0.000000	0.000000	0.496349	0.000000
116	tsk_116	(x)	1	:	0.000000	0.004379	0.000000	0.495235	0.000000	0.005808	0.000000	0.000000	0.000000	0.000000	0.494579	0.000000
117	tsk_117	(x)	1	:	0.499941	0.003702	0.496133	0.000000	0.000000	0.000224	0.000000	0.000000	0.000000	0.000000	0.000000	0.000000
118	tsk_118	(x)	1	:	0.000000	0.005349	0.481463	0.000000	0.000000	0.016994	0.000000	0.000000	0.000000	0.000000	0.496194	0.000000
119	tsk_119	(x)	1	:	0.000000	0.000000	0.000000	0.000000	0.000000	0.000000	0.538562	0.000000	0.000000	0.000000	0.461438	0.000000
120	tsk_120	(x)	1	:	0.000000	0.458388	0.481336	0.000000	0.000000	0.060276	0.000000	0.000000	0.000000	0.000000	0.000000	0.000000
121	tsk_121	(x)	1	:	0.000000	0.457345	0.000000	0.000000	0.477607	0.065048	0.000000	0.000000	0.000000	0.000000	0.000000	0.000000
122	tsk_122	(x)	1	:	0.000000	0.897962	0.000000	0.000000	0.000000	0.102038	0.000000	0.000000	0.000000	0.000000	0.000000	0.000000
123	tsk_123	(x)	1	:	0.000000	0.875268	0.000000	0.000000	0.000000	0.124732	0.000000	0.000000	0.000000	0.000000	0.000000	0.000000
124	tsk_124	(x)	1	:	0.000000	0.428384	0.000000	0.000000	0.477654	0.093962	0.000000	0.000000	0.000000	0.000000	0.000000	0.000000
125	tsk_125	(x)	1	:	0.000000	0.201577	0.000000	0.000000	0.000000	0.278495	0.519928	0.000000	0.000000	0.000000	0.000000	0.000000
126	tsk_126	(x)	1	:	0.000001	0.858309	0.000000	0.000000	0.000000	0.141690	0.000000	0.000000	0.000000	0.000000	0.000000	0.000000
127	tsk_127	(x)	1	:	0.000000	0.221704	0.000000	0.000000	0.000000	0.282145	0.000000	0.000000	0.000000	0.000000	0.496151	0.000000
128	tsk_128	(x)	1	:	0.000000	0.826123	0.000000	0.000000	0.000000	0.173877	0.000000	0.000000	0.000000	0.000000	0.000000	0.000000
129	tsk_129	(x)	1	:	0.000000	0.315314	0.000000	0.000000	0.655207	0.029478	0.000000	0.000000	0.000000	0.000000	0.000000	0.000000
130	tsk_130	(x)	1	:	0.000000	0.000000	0.000000	0.000000	0.000000	0.000000	0.000000	1.000000	0.000000	0.000000	0.000000	0.000000
131	tsk_131	(x)	1	:	0.000000	0.470885	0.000000	0.000000	0.477411	0.051704	0.000000	0.000000	0.000000	0.000000	0.000000	0.000000
132	tsk_132	(x)	1	:	0.000000	0.144517	0.000000	0.000000	0.000000	0.359332	0.000000	0.000000	0.000000	0.000000	0.496151	0.000000
133	tsk_133	(x)	1	:	0.000000	0.000000	0.000000	0.000000	1.000000	0.000000	0.000000	0.000000	0.000000	0.000000	0.000000	0.000000
134	tsk_134	(x)	1	:	0.000000	0.000001	0.000000	0.000000	0.000000	0.000008	0.000000	0.000000	0.513113	0.000000	0.486877	0.000000
135	tsk_135	(x)	1	:	0.000000	0.000000	0.000000	0.000000	0.000000	0.000000	0.000000	0.000000	0.000000	0.000000	1.000000	0.000000
136	tsk_136	(x)	1	:	0.000000	0.215012	0.000000	0.000000	0.000000	0.288837	0.000000	0.000000	0.000000	0.000000	0.496151	0.000000
137	tsk_137	(x)	1	:	0.000000	0.009035	0.000000	0.000000	0.470426	0.025491	0.000000	0.000000	0.000000	0.000000	0.495047	0.000000
138	tsk_138	(x)	1	:	0.000000	0.436194	0.000000	0.000000	0.000000	0.063806	0.000000	0.500000	0.000000	0.000000	0.000000	0.000000
139	tsk_139	(x)	1	:	0.000000	0.088946	0.000000	0.000000	0.000000	0.414903	0.000000	0.000000	0.000000	0.000000	0.496151	0.000000
140	tsk_140	(x)	1	:	0.000000	0.001042	0.000000	0.484032	0.000000	0.000900	0.514026	0.000000	0.000000	0.000000	0.000000	0.000000
141	tsk_141	(x)	1	:	0.000000	0.003149	0.476223	0.000000	0.000000	0.002591	0.518037	0.000000	0.000000	0.000000	0.000000	0.000000
142	tsk_142	(x)	1	:	0.000000	0.245364	0.735271	0.000000	0.000000	0.019364	0.000000	0.000000	0.000000	0.000000	0.000000	0.000000
143	tsk_143	(x)	1	:	0.000000	0.000000	0.513954	0.000000	0.000000	0.000000	0.486046	0.000000	0.000000	0.000000	0.000000	0.000000
144	tsk_144	(x)	1	:	0.000000	0.000000	1.000000	0.000000	0.000000	0.000000	0.000000	0.000000	0.000000	0.000000	0.000000	0.000000
145	tsk_145	(x)	1	:	0.000000	0.242271	0.000000	0.000000	0.000000	0.237801	0.519928	0.000000	0.000000	0.000000	0.000000	0.000000
146	tsk_146	(x)	1	:	0.000000	0.000000	1.000000	0.000000	0.000000	0.000000	0.000000	0.000000	0.000000	0.000000	0.000000	0.000000
147	tsk_147	(x)	1	:	0.000000	0.000543	0.000000	0.483978	0.000000	0.001473	0.514006	0.000000	0.000000	0.000000	0.000000	0.000000
148	tsk_148	(x)	1	:	0.000000	0.016815	0.480982	0.499646	0.000000	0.002557	0.000000	0.000000	0.000000	0.000000	0.000000	0.000000
149	tsk_149	(x)	1	:	0.000000	0.000000	1.000000	0.000000	0.000000	0.000000	0.000000	0.000000	0.000000	0.000000	0.000000	0.000000
