logL = -1727.077611 (converged)
AIC = 6338.155222
BIC = 10679.491316

count.K
43 2 4 23 0 17 5 56 

