logL = -1757.248059 (converged)
AIC = 4342.496118
BIC = 5588.899129

count.K
81 33 36 

