logL = -2407.286393 (converged)
AIC = 10814.572787
BIC = 19846.478669

count.K
4 15 15 10 8 20 5 17 4 5 2 5 24 14 2 

