logL = -1559.148320 (converged)
AIC = 3574.296639
BIC = 4260.721487

count.K
68 82 

