logL = -1239.717738 (converged)
AIC = 5455.435475
BIC = 9935.260793

count.K
9 0 5 4 16 56 8 22 30 

