0	tsk_0	(x)	1	:	0.000000	0.000000	0.000000	0.000000	0.000000	0.000000	0.489498	0.000000	0.000000	0.510501
1	tsk_1	(x)	1	:	0.000000	0.000000	0.000000	0.000000	0.000000	0.000000	1.000000	0.000000	0.000000	0.000000
2	tsk_2	(x)	1	:	0.478447	0.521553	0.000000	0.000000	0.000000	0.000000	0.000000	0.000000	0.000000	0.000000
3	tsk_3	(x)	1	:	0.508924	0.000000	0.000000	0.000000	0.000002	0.000000	0.000000	0.000000	0.000000	0.491074
4	tsk_4	(x)	1	:	0.000000	0.525808	0.000000	0.000000	0.000001	0.000000	0.000000	0.000000	0.000000	0.474190
5	tsk_5	(x)	1	:	0.000000	1.000000	0.000000	0.000000	0.000000	0.000000	0.000000	0.000000	0.000000	0.000000
6	tsk_6	(x)	1	:	0.000000	0.000000	0.000000	0.000000	0.408514	0.000000	0.000000	0.000000	0.000000	0.591486
7	tsk_7	(x)	1	:	0.000000	0.508157	0.000003	0.000000	0.000000	0.000000	0.491840	0.000000	0.000000	0.000000
8	tsk_8	(x)	1	:	0.000000	0.508157	0.000000	0.000000	0.000000	0.000000	0.491843	0.000000	0.000000	0.000000
9	tsk_9	(x)	1	:	0.499076	0.000000	0.000000	0.000000	0.000000	0.000000	0.500924	0.000000	0.000000	0.000000
10	tsk_10	(x)	1	:	0.000000	0.521159	0.000000	0.000000	0.478841	0.000000	0.000000	0.000000	0.000000	0.000000
11	tsk_11	(x)	1	:	0.000000	0.000000	0.000000	0.000000	0.498085	0.000000	0.501915	0.000000	0.000000	0.000000
12	tsk_12	(x)	1	:	0.000000	0.079831	0.371905	0.000000	0.000000	0.000000	0.149127	0.399137	0.000000	0.000000
13	tsk_13	(x)	1	:	0.000000	0.508140	0.371659	0.000000	0.000000	0.000000	0.120201	0.000000	0.000000	0.000000
14	tsk_14	(x)	1	:	0.000000	0.485715	0.000000	0.000000	0.514285	0.000000	0.000000	0.000000	0.000000	0.000000
15	tsk_15	(x)	1	:	0.000000	1.000000	0.000000	0.000000	0.000000	0.000000	0.000000	0.000000	0.000000	0.000000
16	tsk_16	(x)	1	:	0.000000	0.491962	0.000000	0.000000	0.000000	0.508037	0.000000	0.000000	0.000000	0.000000
17	tsk_17	(x)	1	:	0.000000	0.508140	0.371659	0.000000	0.000000	0.000000	0.120201	0.000000	0.000000	0.000000
18	tsk_18	(x)	1	:	0.000000	0.000000	0.000000	0.000000	1.000000	0.000000	0.000000	0.000000	0.000000	0.000000
19	tsk_19	(x)	1	:	0.000000	0.491811	0.000000	0.000000	0.000000	0.000000	0.508189	0.000000	0.000000	0.000000
20	tsk_20	(x)	1	:	0.507479	0.000001	0.000000	0.000000	0.000000	0.000000	0.000000	0.000000	0.492520	0.000000
21	tsk_21	(x)	1	:	0.000000	0.000000	0.480776	0.000000	0.519224	0.000000	0.000000	0.000000	0.000000	0.000000
22	tsk_22	(x)	1	:	0.000000	0.000000	0.000000	0.504456	0.000000	0.000000	0.495544	0.000000	0.000000	0.000000
23	tsk_23	(x)	1	:	0.508924	0.000000	0.000000	0.000000	0.000002	0.000000	0.000000	0.000000	0.000000	0.491074
24	tsk_24	(x)	1	:	0.478447	0.521553	0.000000	0.000000	0.000000	0.000000	0.000000	0.000000	0.000000	0.000000
25	tsk_25	(x)	1	:	0.000000	0.000000	0.000000	0.000000	0.000000	0.000000	0.490782	0.000000	0.509218	0.000000
26	tsk_26	(x)	1	:	0.000000	0.000000	0.000000	0.000000	0.000002	0.000000	0.504399	0.000000	0.000000	0.495599
27	tsk_27	(x)	1	:	0.000000	0.000000	0.000000	0.516011	0.000001	0.000000	0.000000	0.000000	0.000000	0.483988
28	tsk_28	(x)	1	:	0.499061	0.000000	0.371751	0.000000	0.000000	0.000000	0.129187	0.000000	0.000000	0.000000
29	tsk_29	(x)	1	:	0.499061	0.000000	0.371743	0.000000	0.000000	0.000000	0.129196	0.000000	0.000000	0.000000
30	tsk_30	(x)	1	:	0.000000	0.000000	0.371773	0.000000	0.000002	0.000000	0.132639	0.000000	0.000000	0.495585
31	tsk_31	(x)	1	:	0.000000	0.000000	0.371767	0.000000	0.000001	0.000000	0.132645	0.000000	0.000000	0.495586
32	tsk_32	(x)	1	:	0.000000	0.000000	0.000000	0.000000	0.000002	0.242354	0.262045	0.000000	0.000000	0.495600
33	tsk_33	(x)	1	:	0.000000	0.490632	0.000000	0.000000	0.000000	0.000000	0.000000	0.000000	0.000000	0.509368
34	tsk_34	(x)	1	:	0.000000	0.000000	0.000000	0.000000	0.522192	0.000000	0.000000	0.000000	0.000000	0.477808
35	tsk_35	(x)	1	:	0.000000	0.124034	0.000000	0.370126	0.000001	0.000000	0.000000	0.000000	0.000000	0.505839
36	tsk_36	(x)	1	:	0.508924	0.000000	0.000000	0.000000	0.000002	0.000000	0.000000	0.000000	0.000000	0.491074
37	tsk_37	(x)	1	:	0.000000	0.525808	0.000000	0.000000	0.000002	0.000000	0.000000	0.000000	0.000000	0.474190
38	tsk_38	(x)	1	:	0.502547	0.000000	0.000000	0.000000	0.497453	0.000000	0.000000	0.000000	0.000000	0.000000
39	tsk_39	(x)	1	:	0.000000	0.000000	0.000000	0.000000	0.000002	0.242354	0.262045	0.000000	0.000000	0.495599
40	tsk_40	(x)	1	:	0.507479	0.000001	0.000000	0.000000	0.000000	0.000000	0.000000	0.000000	0.492520	0.000000
41	tsk_41	(x)	1	:	0.000000	0.465903	0.000000	0.000000	0.000000	0.000000	0.000000	0.000000	0.534097	0.000000
42	tsk_42	(x)	1	:	0.000000	0.000000	0.000000	0.000002	0.000000	0.000000	0.504358	0.000000	0.495640	0.000000
43	tsk_43	(x)	1	:	0.000000	0.141714	0.000000	0.000000	0.000000	0.000000	0.000000	0.338752	0.519534	0.000000
44	tsk_44	(x)	1	:	0.479554	0.000000	0.000000	0.000000	0.000000	0.000000	0.000000	0.000000	0.520446	0.000000
45	tsk_45	(x)	1	:	0.000000	0.000000	0.000000	0.000000	0.000000	0.000000	0.000000	0.354734	0.645266	0.000000
46	tsk_46	(x)	1	:	0.000000	0.363880	0.000000	0.000000	0.000000	0.000000	0.000000	0.000000	0.636120	0.000000
47	tsk_47	(x)	1	:	0.000000	0.000011	0.000000	0.000000	0.000001	0.000000	0.000000	0.000000	0.498866	0.501121
48	tsk_48	(x)	1	:	0.000000	0.000000	0.000000	0.000000	0.000000	0.000000	0.000000	0.000000	1.000000	0.000000
49	tsk_49	(x)	1	:	0.000000	0.000000	0.000000	0.000002	0.000000	0.242354	0.262004	0.000000	0.495639	0.000000
50	tsk_50	(x)	1	:	0.000000	0.000000	0.000000	0.000000	0.000000	0.261005	0.738995	0.000000	0.000000	0.000000
51	tsk_51	(x)	1	:	0.000000	0.000000	0.000000	1.000000	0.000000	0.000000	0.000000	0.000000	0.000000	0.000000
52	tsk_52	(x)	1	:	0.000000	0.000000	0.000000	0.504456	0.000000	0.000000	0.495544	0.000000	0.000000	0.000000
53	tsk_53	(x)	1	:	0.000000	0.000000	0.000000	0.504456	0.000000	0.000000	0.495544	0.000000	0.000000	0.000000
54	tsk_54	(x)	1	:	0.000000	0.000000	0.000000	0.504453	0.000000	0.260983	0.234564	0.000000	0.000000	0.000000
55	tsk_55	(x)	1	:	0.000000	0.000000	0.000000	0.504456	0.000000	0.000000	0.495544	0.000000	0.000000	0.000000
56	tsk_56	(x)	1	:	0.000000	0.000000	0.000000	0.000000	1.000000	0.000000	0.000000	0.000000	0.000000	0.000000
57	tsk_57	(x)	1	:	0.000000	0.000000	0.000000	1.000000	0.000000	0.000000	0.000000	0.000000	0.000000	0.000000
58	tsk_58	(x)	1	:	0.000000	0.001675	0.000000	0.648299	0.000000	0.000000	0.000000	0.350026	0.000000	0.000000
59	tsk_59	(x)	1	:	0.000000	0.000000	0.000000	0.504456	0.000000	0.000000	0.495544	0.000000	0.000000	0.000000
60	tsk_60	(x)	1	:	0.000000	0.507180	0.000000	0.000000	0.000000	0.492762	0.000058	0.000000	0.000000	0.000000
61	tsk_61	(x)	1	:	0.000000	1.000000	0.000000	0.000000	0.000000	0.000000	0.000000	0.000000	0.000000	0.000000
62	tsk_62	(x)	1	:	0.000000	1.000000	0.000000	0.000000	0.000000	0.000000	0.000000	0.000000	0.000000	0.000000
63	tsk_63	(x)	1	:	0.000000	0.000000	0.000000	0.484540	0.000000	0.000000	0.515460	0.000000	0.000000	0.000000
64	tsk_64	(x)	1	:	0.000000	0.000000	0.000000	0.484540	0.000000	0.000000	0.515460	0.000000	0.000000	0.000000
65	tsk_65	(x)	1	:	0.000000	0.491962	0.000000	0.000000	0.000000	0.508037	0.000000	0.000000	0.000000	0.000000
66	tsk_66	(x)	1	:	0.000000	0.491790	0.371566	0.000000	0.000000	0.000000	0.136644	0.000000	0.000000	0.000000
67	tsk_67	(x)	1	:	0.000000	0.358708	0.000000	0.641292	0.000000	0.000000	0.000000	0.000000	0.000000	0.000000
68	tsk_68	(x)	1	:	0.000000	0.740556	0.000000	0.259434	0.000000	0.000000	0.000000	0.000000	0.000010	0.000000
69	tsk_69	(x)	1	:	0.000000	1.000000	0.000000	0.000000	0.000000	0.000000	0.000000	0.000000	0.000000	0.000000
70	tsk_70	(x)	1	:	0.000000	0.000000	0.367138	0.000000	0.512190	0.000000	0.120672	0.000000	0.000000	0.000000
71	tsk_71	(x)	1	:	0.000000	0.000000	1.000000	0.000000	0.000000	0.000000	0.000000	0.000000	0.000000	0.000000
72	tsk_72	(x)	1	:	0.000000	0.000000	0.509549	0.000000	0.490451	0.000000	0.000000	0.000000	0.000000	0.000000
73	tsk_73	(x)	1	:	0.000000	0.000000	0.509549	0.000000	0.490451	0.000000	0.000000	0.000000	0.000000	0.000000
74	tsk_74	(x)	1	:	0.000000	0.000000	0.000000	0.000000	0.479784	0.000000	0.000000	0.000000	0.520216	0.000000
75	tsk_75	(x)	1	:	0.000000	0.000000	0.512289	0.000000	0.000002	0.000000	0.000000	0.000000	0.000000	0.487709
76	tsk_76	(x)	1	:	0.000000	0.000000	1.000000	0.000000	0.000000	0.000000	0.000000	0.000000	0.000000	0.000000
77	tsk_77	(x)	1	:	0.000000	0.000000	1.000000	0.000000	0.000000	0.000000	0.000000	0.000000	0.000000	0.000000
78	tsk_78	(x)	1	:	0.000000	0.000000	0.000000	0.000000	0.522192	0.000000	0.000000	0.000000	0.000000	0.477808
79	tsk_79	(x)	1	:	0.000000	0.000000	0.000000	0.000000	0.522192	0.000000	0.000000	0.000000	0.000000	0.477808
80	tsk_80	(x)	1	:	0.000000	0.000000	0.511630	0.000000	0.000000	0.000000	0.000190	0.000000	0.000000	0.488180
81	tsk_81	(x)	1	:	0.000000	0.000000	0.371781	0.000000	0.000002	0.000000	0.132630	0.000000	0.000000	0.495586
82	tsk_82	(x)	1	:	0.000000	0.000000	1.000000	0.000000	0.000000	0.000000	0.000000	0.000000	0.000000	0.000000
83	tsk_83	(x)	1	:	0.000000	0.000000	0.371758	0.000000	0.000002	0.000000	0.132655	0.000000	0.000000	0.495585
84	tsk_84	(x)	1	:	0.000000	0.000000	0.367184	0.000000	0.511957	0.000000	0.120858	0.000000	0.000000	0.000000
85	tsk_85	(x)	1	:	0.000000	0.000000	0.000000	0.000000	0.522192	0.000000	0.000000	0.000000	0.000000	0.477808
86	tsk_86	(x)	1	:	0.508924	0.000000	0.000000	0.000000	0.000001	0.000000	0.000000	0.000000	0.000000	0.491075
87	tsk_87	(x)	1	:	1.000000	0.000000	0.000000	0.000000	0.000000	0.000000	0.000000	0.000000	0.000000	0.000000
88	tsk_88	(x)	1	:	0.000000	0.000000	0.371643	0.000000	0.000000	0.000000	0.119157	0.000000	0.509200	0.000000
89	tsk_89	(x)	1	:	0.508924	0.000000	0.000000	0.000000	0.000001	0.000000	0.000000	0.000000	0.000000	0.491075
90	tsk_90	(x)	1	:	0.000000	0.508140	0.371653	0.000000	0.000000	0.000000	0.120207	0.000000	0.000000	0.000000
91	tsk_91	(x)	1	:	0.000000	0.508157	0.000000	0.000000	0.000000	0.000000	0.491842	0.000000	0.000000	0.000000
92	tsk_92	(x)	1	:	0.000000	0.488564	0.511249	0.000000	0.000000	0.000000	0.000187	0.000000	0.000000	0.000000
93	tsk_93	(x)	1	:	0.000000	0.000000	0.499365	0.000000	0.000000	0.000000	0.000110	0.000000	0.000000	0.500525
94	tsk_94	(x)	1	:	0.000000	0.000000	0.372289	0.000000	0.000000	0.000000	0.627711	0.000000	0.000000	0.000000
95	tsk_95	(x)	1	:	0.000000	0.000000	0.717393	0.000000	0.000000	0.000000	0.282607	0.000000	0.000000	0.000000
96	tsk_96	(x)	1	:	0.000000	0.000000	0.370675	0.000000	0.000000	0.000000	0.119500	0.000000	0.000000	0.509825
97	tsk_97	(x)	1	:	0.000000	0.000000	0.483328	0.000000	0.000000	0.000000	0.000000	0.000000	0.000000	0.516672
98	tsk_98	(x)	1	:	0.000000	0.508140	0.371652	0.000000	0.000000	0.000000	0.120209	0.000000	0.000000	0.000000
99	tsk_99	(x)	1	:	0.000000	0.000000	0.522168	0.000000	0.000000	0.000000	0.000287	0.000000	0.477544	0.000000
100	tsk_100	(x)	1	:	0.000000	0.000000	0.371780	0.000000	0.000002	0.000000	0.132632	0.000000	0.000000	0.495586
101	tsk_101	(x)	1	:	0.000000	0.491812	0.000000	0.000000	0.000000	0.242361	0.265828	0.000000	0.000000	0.000000
102	tsk_102	(x)	1	:	0.000000	0.000000	0.371771	0.000000	0.000002	0.000000	0.132641	0.000000	0.000000	0.495586
103	tsk_103	(x)	1	:	0.000000	0.000000	0.000000	0.000000	0.522192	0.000000	0.000000	0.000000	0.000000	0.477808
104	tsk_104	(x)	1	:	0.000000	0.000000	1.000000	0.000000	0.000000	0.000000	0.000000	0.000000	0.000000	0.000000
105	tsk_105	(x)	1	:	0.000000	0.490632	0.000000	0.000000	0.000000	0.000000	0.000000	0.000000	0.000000	0.509368
106	tsk_106	(x)	1	:	0.000000	0.000000	0.371770	0.000000	0.000003	0.000000	0.132642	0.000000	0.000000	0.495585
107	tsk_107	(x)	1	:	0.000000	0.000000	0.000000	0.000000	0.000002	0.242348	0.262051	0.000000	0.000000	0.495599
108	tsk_108	(x)	1	:	0.000000	0.000000	0.371641	0.000000	0.000000	0.000000	0.120745	0.000000	0.507613	0.000000
109	tsk_109	(x)	1	:	0.000000	0.490632	0.000000	0.000000	0.000000	0.000000	0.000000	0.000000	0.000000	0.509368
110	tsk_110	(x)	1	:	0.000000	0.000000	0.000000	0.000000	0.000000	0.000000	0.000000	1.000000	0.000000	0.000000
111	tsk_111	(x)	1	:	0.000000	0.000000	0.000000	0.000000	0.470869	0.000000	0.000000	0.529130	0.000000	0.000000
112	tsk_112	(x)	1	:	0.000000	0.000000	0.000000	0.000000	0.000000	0.000000	0.000000	1.000000	0.000000	0.000000
113	tsk_113	(x)	1	:	0.000000	0.000000	0.000000	0.000000	0.000000	0.000000	0.000000	1.000000	0.000000	0.000000
114	tsk_114	(x)	1	:	0.000000	0.079837	0.000000	0.000000	0.000000	0.000000	0.521026	0.399137	0.000000	0.000000
115	tsk_115	(x)	1	:	0.000000	0.000000	0.000000	0.000000	0.000000	0.000000	0.000000	1.000000	0.000000	0.000000
116	tsk_116	(x)	1	:	0.000000	0.000000	0.000000	0.000000	0.000000	0.000000	0.000000	1.000000	0.000000	0.000000
117	tsk_117	(x)	1	:	0.000000	0.475132	0.000000	0.000000	0.000000	0.000000	0.000000	0.524868	0.000000	0.000000
118	tsk_118	(x)	1	:	0.000000	0.000000	0.000000	0.000000	0.000000	0.000000	0.000000	0.505229	0.000000	0.494771
119	tsk_119	(x)	1	:	0.000000	1.000000	0.000000	0.000000	0.000000	0.000000	0.000000	0.000000	0.000000	0.000000
120	tsk_120	(x)	1	:	0.000000	0.490632	0.000000	0.000000	0.000000	0.000000	0.000000	0.000000	0.000000	0.509368
121	tsk_121	(x)	1	:	0.000000	0.490632	0.000000	0.000000	0.000000	0.000000	0.000000	0.000000	0.000000	0.509368
122	tsk_122	(x)	1	:	0.000000	0.465903	0.000000	0.000000	0.000000	0.000000	0.000000	0.000000	0.534097	0.000000
123	tsk_123	(x)	1	:	0.000000	0.000000	0.000000	0.000000	0.000000	0.000000	1.000000	0.000000	0.000000	0.000000
124	tsk_124	(x)	1	:	0.000000	0.000000	0.371768	0.000000	0.000003	0.000000	0.132644	0.000000	0.000000	0.495585
125	tsk_125	(x)	1	:	0.000000	0.000000	0.371776	0.000000	0.000002	0.000000	0.132636	0.000000	0.000000	0.495585
126	tsk_126	(x)	1	:	0.000000	0.484954	0.515046	0.000000	0.000000	0.000000	0.000000	0.000000	0.000000	0.000000
127	tsk_127	(x)	1	:	0.000000	0.000000	0.371752	0.000000	0.000002	0.000000	0.132661	0.000000	0.000000	0.495585
128	tsk_128	(x)	1	:	0.000000	0.079844	0.000000	0.000000	0.000000	0.000000	0.521025	0.399130	0.000000	0.000000
129	tsk_129	(x)	1	:	0.000000	0.491811	0.000000	0.000000	0.000000	0.000000	0.508189	0.000000	0.000000	0.000000
130	tsk_130	(x)	1	:	0.000000	0.497348	0.000000	0.000000	0.000000	0.000000	0.000000	0.000000	0.000000	0.502651
131	tsk_131	(x)	1	:	0.000000	0.475132	0.000000	0.000000	0.000000	0.000000	0.000000	0.524868	0.000000	0.000000
132	tsk_132	(x)	1	:	0.000000	0.508140	0.371654	0.000000	0.000000	0.000000	0.120207	0.000000	0.000000	0.000000
133	tsk_133	(x)	1	:	0.000000	0.000000	0.498330	0.000000	0.000000	0.000000	0.000000	0.000000	0.000000	0.501670
134	tsk_134	(x)	1	:	0.000000	0.097532	0.000000	0.368449	0.000000	0.000000	0.000000	0.000000	0.000000	0.534019
135	tsk_135	(x)	1	:	0.000000	0.097678	0.000000	0.368320	0.000000	0.000000	0.000000	0.000000	0.000000	0.534002
136	tsk_136	(x)	1	:	0.000000	0.000000	0.000000	0.000000	0.000000	0.000000	0.000000	0.000000	0.475211	0.524789
137	tsk_137	(x)	1	:	0.000000	0.000000	0.000000	0.485181	0.000000	0.514819	0.000000	0.000000	0.000000	0.000000
138	tsk_138	(x)	1	:	0.000000	0.000000	0.371793	0.000002	0.000000	0.000000	0.132576	0.000000	0.495629	0.000000
139	tsk_139	(x)	1	:	0.000000	0.000000	0.000000	0.000000	0.000000	0.000000	0.000000	0.000000	0.475211	0.524789
140	tsk_140	(x)	1	:	0.000000	0.000000	0.367438	0.000000	0.498174	0.000000	0.134388	0.000000	0.000000	0.000000
141	tsk_141	(x)	1	:	0.000000	0.000000	0.000000	0.000000	1.000000	0.000000	0.000000	0.000000	0.000000	0.000000
142	tsk_142	(x)	1	:	0.000000	0.000000	0.371741	0.000000	0.000002	0.000000	0.132673	0.000000	0.000000	0.495584
143	tsk_143	(x)	1	:	0.000000	0.000000	0.000000	0.000000	0.522192	0.000000	0.000000	0.000000	0.000000	0.477808
144	tsk_144	(x)	1	:	0.000000	0.000000	0.000008	0.000000	0.498085	0.000000	0.501907	0.000000	0.000000	0.000000
145	tsk_145	(x)	1	:	0.000000	0.000000	0.000000	0.000000	0.522192	0.000000	0.000000	0.000000	0.000000	0.477808
146	tsk_146	(x)	1	:	0.000000	0.000000	0.367440	0.000000	0.498174	0.000000	0.134386	0.000000	0.000000	0.000000
147	tsk_147	(x)	1	:	0.000000	0.521159	0.000000	0.000000	0.478841	0.000000	0.000000	0.000000	0.000000	0.000000
148	tsk_148	(x)	1	:	0.000000	0.000000	0.367432	0.000000	0.498174	0.000000	0.134394	0.000000	0.000000	0.000000
149	tsk_149	(x)	1	:	0.000000	0.000000	0.000000	0.000000	0.000000	0.000000	0.000000	0.000000	0.000000	1.000000
