0	tsk_0	(x)	1	:	0.000000	0.000000	0.000000	0.000000	0.000000	0.000000	0.000000	0.000000	0.000000	0.000000	0.000000	0.000000	0.499389	0.500611
1	tsk_1	(x)	1	:	0.000000	0.000000	0.000000	0.000000	0.000000	0.000000	0.000000	0.000000	0.000000	0.000000	0.000000	0.000000	0.499389	0.500611
2	tsk_2	(x)	1	:	0.000000	0.000000	0.000000	0.000000	0.000000	0.000000	0.000000	0.000000	0.000000	0.000000	0.000000	0.000000	1.000000	0.000000
3	tsk_3	(x)	1	:	0.000000	0.000000	0.000000	0.000000	0.000000	0.000000	0.000000	0.000000	0.000000	1.000000	0.000000	0.000000	0.000000	0.000000
4	tsk_4	(x)	1	:	0.000000	0.000000	0.000000	0.000000	0.000000	0.000000	0.000000	0.000000	0.000000	0.000000	0.000000	0.000000	0.499389	0.500611
5	tsk_5	(x)	1	:	0.000000	0.000000	0.000000	0.000000	0.000000	1.000000	0.000000	0.000000	0.000000	0.000000	0.000000	0.000000	0.000000	0.000000
6	tsk_6	(x)	1	:	0.000000	0.000000	0.000000	0.000000	0.000000	0.000000	0.000000	0.000000	0.000000	0.000000	0.000000	0.000000	1.000000	0.000000
7	tsk_7	(x)	1	:	0.000000	0.000000	0.000000	0.000000	0.000000	0.000000	0.000000	0.000000	0.000000	0.000120	0.000000	0.000000	0.499393	0.500488
8	tsk_8	(x)	1	:	0.000000	0.000000	0.000000	0.000000	0.000000	0.000000	0.000000	0.000000	0.000000	0.000351	0.000000	0.000000	0.000000	0.999649
9	tsk_9	(x)	1	:	0.000000	0.000000	0.000000	0.000000	0.000000	0.000000	0.000000	0.000000	0.000000	0.000000	0.000000	0.000000	1.000000	0.000000
10	tsk_10	(x)	1	:	0.478566	0.000000	0.000000	0.000000	0.000000	0.000000	0.000000	0.000000	0.000000	0.000000	0.521434	0.000000	0.000000	0.000000
11	tsk_11	(x)	1	:	0.000000	0.000000	0.000000	0.000000	0.000000	0.000000	0.000000	0.000000	0.000000	0.000000	1.000000	0.000000	0.000000	0.000000
12	tsk_12	(x)	1	:	0.000000	0.000000	0.002454	0.000000	0.497175	0.000000	0.000000	0.498724	0.000000	0.000000	0.000000	0.000000	0.001036	0.000611
13	tsk_13	(x)	1	:	0.000000	0.000000	0.000000	0.000000	0.000000	0.484285	0.000000	0.000000	0.000000	0.000000	0.515715	0.000000	0.000000	0.000000
14	tsk_14	(x)	1	:	0.000000	0.000000	0.003737	0.000000	0.497464	0.497793	0.000000	0.000000	0.000000	0.000000	0.000000	0.000000	0.000000	0.001005
15	tsk_15	(x)	1	:	0.000000	0.000000	0.497126	0.000000	0.000000	0.000000	0.000000	0.498726	0.000000	0.000001	0.000000	0.000000	0.001074	0.003073
16	tsk_16	(x)	1	:	0.000000	0.000000	0.000000	0.000000	0.000000	0.000000	0.000000	0.468781	0.000000	0.000000	0.531219	0.000000	0.000000	0.000000
17	tsk_17	(x)	1	:	0.000000	0.000000	0.497734	0.000000	0.000000	0.497660	0.000000	0.000000	0.000000	0.000001	0.000000	0.000000	0.000000	0.004605
18	tsk_18	(x)	1	:	0.000000	0.000000	0.000000	0.000000	1.000000	0.000000	0.000000	0.000000	0.000000	0.000000	0.000000	0.000000	0.000000	0.000000
19	tsk_19	(x)	1	:	0.478566	0.000000	0.000000	0.000000	0.000000	0.000000	0.000000	0.000000	0.000000	0.000000	0.521434	0.000000	0.000000	0.000000
20	tsk_20	(x)	1	:	0.000000	0.000000	0.000000	0.000000	0.000000	0.000000	0.000000	0.499029	0.000000	0.000182	0.000000	0.000000	0.001098	0.499692
21	tsk_21	(x)	1	:	0.000000	0.000000	0.000000	0.000000	0.000000	0.000000	0.000000	0.000000	0.000000	0.000114	0.000000	0.000000	0.499392	0.500494
22	tsk_22	(x)	1	:	0.000000	0.000000	0.000000	0.000000	0.000000	0.000000	0.000000	0.000000	0.000000	0.000116	0.000000	0.000000	0.499392	0.500491
23	tsk_23	(x)	1	:	0.000000	0.000000	0.000000	0.000000	0.000000	0.000000	0.000000	0.000000	0.000000	0.000062	0.000000	0.000000	0.499391	0.500548
24	tsk_24	(x)	1	:	0.000000	0.000000	0.000000	0.000000	0.000000	0.000000	0.000000	0.498864	0.000000	0.000157	0.000000	0.000000	0.001282	0.499697
25	tsk_25	(x)	1	:	0.000000	0.000000	0.000000	0.000000	0.000000	0.000000	0.500000	0.000000	0.000000	0.000099	0.000000	0.000000	0.000000	0.499901
26	tsk_26	(x)	1	:	0.000000	0.000000	0.034969	0.465072	0.000000	0.000000	0.000000	0.000000	0.000000	0.000052	0.000000	0.000000	0.000000	0.499906
27	tsk_27	(x)	1	:	0.000000	0.000000	0.000000	0.521484	0.000000	0.000000	0.000000	0.000000	0.000000	0.000000	0.000000	0.000000	0.478516	0.000000
28	tsk_28	(x)	1	:	0.000000	0.000000	0.000000	0.000000	0.000000	0.000000	0.000000	0.000000	0.000000	0.000431	0.000000	0.000000	0.000000	0.999569
29	tsk_29	(x)	1	:	0.000000	0.000000	0.000000	0.000000	0.000000	0.000000	0.000000	0.499797	0.000000	0.000185	0.000000	0.000000	0.000235	0.499784
30	tsk_30	(x)	1	:	0.000000	0.500004	0.000000	0.000000	0.000000	0.000000	0.000000	0.000000	0.000000	0.000108	0.000000	0.000000	0.000000	0.499888
31	tsk_31	(x)	1	:	0.000000	0.000000	0.000000	0.000000	0.000000	0.000000	0.000000	0.000000	0.000000	0.000000	0.489488	0.000000	0.000000	0.510512
32	tsk_32	(x)	1	:	0.000000	0.499588	0.002946	0.000000	0.497078	0.000000	0.000000	0.000000	0.000000	0.000000	0.000000	0.000000	0.000000	0.000388
33	tsk_33	(x)	1	:	0.000000	0.000000	0.534887	0.465113	0.000000	0.000000	0.000000	0.000000	0.000000	0.000000	0.000000	0.000000	0.000000	0.000000
34	tsk_34	(x)	1	:	0.000000	1.000000	0.000000	0.000000	0.000000	0.000000	0.000000	0.000000	0.000000	0.000000	0.000000	0.000000	0.000000	0.000000
35	tsk_35	(x)	1	:	0.000000	0.000000	0.000000	0.000000	0.000000	0.000000	0.000000	0.000000	0.000000	0.000000	0.000000	0.000000	1.000000	0.000000
36	tsk_36	(x)	1	:	0.000000	0.000000	0.006160	0.000000	0.496920	0.000000	0.000000	0.000000	0.000000	0.000000	0.000000	0.000000	0.000000	0.496920
37	tsk_37	(x)	1	:	0.000000	0.000000	0.000000	0.000000	0.000000	0.000000	0.000000	0.000000	0.000000	0.000000	0.489488	0.000000	0.000000	0.510512
38	tsk_38	(x)	1	:	0.000000	0.500000	0.000000	0.000000	0.000000	0.000000	0.500000	0.000000	0.000000	0.000000	0.000000	0.000000	0.000000	0.000000
39	tsk_39	(x)	1	:	0.000000	0.000000	0.011409	0.465074	0.000000	0.000000	0.000000	0.000000	0.000000	0.000000	0.523518	0.000000	0.000000	0.000000
40	tsk_40	(x)	1	:	0.000000	0.000000	0.006240	0.000000	0.496880	0.000000	0.000000	0.000000	0.000000	0.000184	0.000000	0.000000	0.000000	0.496695
41	tsk_41	(x)	1	:	0.000000	0.000000	0.031995	0.465393	0.000000	0.000000	0.000000	0.000000	0.000000	0.000001	0.000000	0.000000	0.499097	0.003514
42	tsk_42	(x)	1	:	0.000000	0.000000	0.034897	0.465108	0.000000	0.000000	0.000000	0.000000	0.000000	0.000214	0.000000	0.000000	0.000000	0.499780
43	tsk_43	(x)	1	:	0.000000	0.000000	0.032065	0.465380	0.000000	0.000000	0.000000	0.000000	0.000000	0.000001	0.000000	0.000000	0.499103	0.003451
44	tsk_44	(x)	1	:	0.000000	0.000000	0.000000	0.000000	0.000000	0.498597	0.000000	0.499224	0.000000	0.000000	0.000000	0.000000	0.001410	0.000768
45	tsk_45	(x)	1	:	0.000000	0.000000	0.035446	0.464671	0.000000	0.000000	0.000000	0.000000	0.000000	0.000015	0.440412	0.000000	0.000000	0.059455
46	tsk_46	(x)	1	:	0.000000	0.000000	0.032049	0.465384	0.000000	0.000000	0.000000	0.000000	0.000000	0.000001	0.000000	0.000000	0.499102	0.003465
47	tsk_47	(x)	1	:	0.000000	0.000000	0.000000	0.000000	0.000000	0.000000	0.000000	0.000000	0.000000	0.000000	0.000000	0.000000	1.000000	0.000000
48	tsk_48	(x)	1	:	0.000000	0.000000	0.000000	0.000000	0.000000	0.000000	0.000000	0.000000	0.000000	0.000000	0.000000	0.000000	1.000000	0.000000
49	tsk_49	(x)	1	:	0.000000	0.000000	0.035208	0.464821	0.000000	0.000000	0.000000	0.000000	0.000000	0.000013	0.440417	0.000000	0.000000	0.059541
50	tsk_50	(x)	1	:	0.000000	0.000000	0.000000	0.000000	0.000000	0.000000	0.000000	0.000000	0.000000	0.000000	0.000000	0.000000	1.000000	0.000000
51	tsk_51	(x)	1	:	0.000000	0.000000	0.006181	0.000000	0.496909	0.000000	0.000000	0.000000	0.000000	0.000047	0.000000	0.000000	0.000000	0.496862
52	tsk_52	(x)	1	:	0.000000	0.000000	0.034954	0.465080	0.000000	0.000000	0.000000	0.000000	0.000000	0.000071	0.000000	0.000000	0.000000	0.499895
53	tsk_53	(x)	1	:	0.000000	0.000000	0.500000	0.000000	0.000000	0.000000	0.000000	0.000000	0.000000	0.000136	0.000000	0.000000	0.000000	0.499864
54	tsk_54	(x)	1	:	0.000000	0.000000	0.031666	0.465452	0.000000	0.000000	0.000000	0.000000	0.000000	0.000002	0.000000	0.000000	0.499071	0.003810
55	tsk_55	(x)	1	:	0.000000	0.000000	0.000000	0.000000	0.000000	0.000000	0.000000	0.000000	0.000000	0.000000	0.472595	0.000000	0.527405	0.000000
56	tsk_56	(x)	1	:	0.000000	0.000000	0.031831	0.465423	0.000000	0.000000	0.000000	0.000000	0.000000	0.000001	0.000000	0.000000	0.499084	0.003660
57	tsk_57	(x)	1	:	0.000000	0.000000	0.031252	0.465541	0.000000	0.000000	0.000000	0.000000	0.000000	0.000000	0.000000	0.000000	0.499041	0.004165
58	tsk_58	(x)	1	:	0.000000	0.000000	0.000000	0.000000	0.000000	0.000000	0.000000	0.000000	0.000000	0.000000	0.000000	0.000000	1.000000	0.000000
59	tsk_59	(x)	1	:	0.000000	0.000000	0.031628	0.465462	0.000000	0.000000	0.000000	0.000000	0.000000	0.000001	0.000000	0.000000	0.499068	0.003841
60	tsk_60	(x)	1	:	0.497029	0.000000	0.005942	0.000000	0.497029	0.000000	0.000000	0.000000	0.000000	0.000000	0.000000	0.000000	0.000000	0.000000
61	tsk_61	(x)	1	:	0.000000	0.000000	0.006164	0.000000	0.496918	0.000000	0.000000	0.000000	0.000000	0.000118	0.000000	0.000000	0.000000	0.496799
62	tsk_62	(x)	1	:	0.000000	0.000000	0.034971	0.465072	0.499958	0.000000	0.000000	0.000000	0.000000	0.000000	0.000000	0.000000	0.000000	0.000000
63	tsk_63	(x)	1	:	0.000000	0.000000	0.006178	0.000000	0.496911	0.000000	0.000000	0.000000	0.000000	0.000037	0.000000	0.000000	0.000000	0.496874
64	tsk_64	(x)	1	:	0.000000	0.000000	0.034974	0.465070	0.499956	0.000000	0.000000	0.000000	0.000000	0.000000	0.000000	0.000000	0.000000	0.000000
65	tsk_65	(x)	1	:	0.000000	0.000000	0.034984	0.465065	0.000000	0.000000	0.000000	0.000000	0.000000	0.000178	0.000000	0.000000	0.000000	0.499772
66	tsk_66	(x)	1	:	0.000000	0.000000	0.006159	0.000000	0.496920	0.000000	0.000000	0.000000	0.000000	0.000133	0.000000	0.000000	0.000000	0.496787
67	tsk_67	(x)	1	:	0.000000	0.000000	0.000000	1.000000	0.000000	0.000000	0.000000	0.000000	0.000000	0.000000	0.000000	0.000000	0.000000	0.000000
68	tsk_68	(x)	1	:	0.000000	0.000000	0.006195	0.000000	0.496903	0.000000	0.000000	0.000000	0.000000	0.000101	0.000000	0.000000	0.000000	0.496802
69	tsk_69	(x)	1	:	0.000000	0.000000	0.000000	0.000000	1.000000	0.000000	0.000000	0.000000	0.000000	0.000000	0.000000	0.000000	0.000000	0.000000
70	tsk_70	(x)	1	:	0.000000	0.000000	0.000000	0.000000	0.000000	0.498492	0.000000	0.000000	0.000000	0.000000	0.000000	0.000000	0.499836	0.001672
71	tsk_71	(x)	1	:	0.000000	0.239339	0.000000	0.000000	0.000000	0.205646	0.000000	0.000000	0.000000	0.000000	0.000000	0.000000	0.498716	0.056299
72	tsk_72	(x)	1	:	0.000000	0.000000	0.003545	0.000000	0.497482	0.497771	0.000000	0.000000	0.000000	0.000000	0.000000	0.000000	0.000000	0.001202
73	tsk_73	(x)	1	:	0.000000	0.239714	0.006687	0.000000	0.496701	0.206144	0.000000	0.000000	0.000000	0.000006	0.000000	0.000000	0.000000	0.050748
74	tsk_74	(x)	1	:	0.000000	0.000000	0.000000	0.000000	0.000000	0.000000	0.000000	0.000000	0.000000	0.000171	0.000000	0.000000	0.499394	0.500435
75	tsk_75	(x)	1	:	0.498550	0.000000	0.002330	0.000000	0.000000	0.497901	0.000000	0.000000	0.000000	0.000001	0.000000	0.000000	0.000000	0.001218
76	tsk_76	(x)	1	:	0.497009	0.000000	0.005983	0.000000	0.497009	0.000000	0.000000	0.000000	0.000000	0.000000	0.000000	0.000000	0.000000	0.000000
77	tsk_77	(x)	1	:	0.000000	0.000000	0.000000	0.000000	0.000000	1.000000	0.000000	0.000000	0.000000	0.000000	0.000000	0.000000	0.000000	0.000000
78	tsk_78	(x)	1	:	0.000000	0.000000	0.000000	0.000000	0.498792	0.000000	0.000000	0.000000	0.000000	0.000000	0.000000	0.000000	0.499087	0.002120
79	tsk_79	(x)	1	:	0.000000	0.500246	0.000000	0.000000	0.000000	0.000000	0.000000	0.000000	0.000000	0.000000	0.000000	0.000000	0.499604	0.000150
80	tsk_80	(x)	1	:	0.000000	0.000000	0.000000	0.000000	0.000000	0.000000	0.000000	0.000000	0.000000	0.000000	0.000000	0.000000	1.000000	0.000000
81	tsk_81	(x)	1	:	0.000000	0.000000	0.000000	0.000000	0.000000	0.000000	0.000000	0.504891	0.000000	0.000000	0.000000	0.000000	0.495109	0.000000
82	tsk_82	(x)	1	:	0.000000	0.000000	0.000000	0.000000	0.000000	0.000000	0.000000	0.504891	0.000000	0.000000	0.000000	0.000000	0.495109	0.000000
83	tsk_83	(x)	1	:	0.000000	0.000000	0.500000	0.000000	0.000000	0.000000	0.000000	0.000000	0.000000	0.000169	0.000000	0.000000	0.000000	0.499831
84	tsk_84	(x)	1	:	0.000000	0.000000	0.497527	0.000000	0.000000	0.000000	0.000000	0.000000	0.000000	0.000002	0.000000	0.000000	0.499081	0.003390
85	tsk_85	(x)	1	:	0.000000	0.000000	0.000000	0.000000	0.000000	0.000000	0.000000	0.504891	0.000000	0.000000	0.000000	0.000000	0.495109	0.000000
86	tsk_86	(x)	1	:	0.000000	0.000000	0.500000	0.000000	0.500000	0.000000	0.000000	0.000000	0.000000	0.000000	0.000000	0.000000	0.000000	0.000000
87	tsk_87	(x)	1	:	0.000000	0.000000	1.000000	0.000000	0.000000	0.000000	0.000000	0.000000	0.000000	0.000000	0.000000	0.000000	0.000000	0.000000
88	tsk_88	(x)	1	:	0.000000	0.000000	0.500000	0.000000	0.500000	0.000000	0.000000	0.000000	0.000000	0.000000	0.000000	0.000000	0.000000	0.000000
89	tsk_89	(x)	1	:	0.000000	0.000000	0.000000	0.000000	0.000000	0.000000	0.000000	0.504891	0.000000	0.000000	0.000000	0.000000	0.495109	0.000000
90	tsk_90	(x)	1	:	0.000000	0.226167	0.000000	0.000000	0.000000	0.191398	0.000000	0.000000	0.582435	0.000000	0.000000	0.000000	0.000000	0.000000
91	tsk_91	(x)	1	:	0.000000	0.000000	0.499782	0.000000	0.000000	0.000000	0.000000	0.000000	0.296550	0.000035	0.000000	0.000000	0.000000	0.203633
92	tsk_92	(x)	1	:	0.000000	0.000000	0.000000	0.000000	0.000000	0.000000	0.000000	0.000000	0.296514	0.000160	0.000000	0.000000	0.000000	0.703326
93	tsk_93	(x)	1	:	0.000000	0.000000	0.000000	0.000000	0.000000	0.000000	0.000000	0.000000	1.000000	0.000000	0.000000	0.000000	0.000000	0.000000
94	tsk_94	(x)	1	:	0.000000	0.000000	0.000000	0.000000	0.000000	0.000000	0.000000	0.000000	0.000000	0.000000	1.000000	0.000000	0.000000	0.000000
95	tsk_95	(x)	1	:	0.000000	0.000000	0.000000	0.000000	0.000000	0.498021	0.000000	0.000000	0.000000	0.000000	0.000000	0.501979	0.000000	0.000000
96	tsk_96	(x)	1	:	0.000000	0.000000	0.000000	0.000000	0.000000	0.000000	0.000000	0.000000	1.000000	0.000000	0.000000	0.000000	0.000000	0.000000
97	tsk_97	(x)	1	:	0.000000	0.000000	0.000000	0.000000	0.000000	0.000000	0.000000	0.000000	0.559098	0.000000	0.440841	0.000000	0.000000	0.000060
98	tsk_98	(x)	1	:	0.000000	0.000000	0.000000	0.000000	0.000000	0.000000	0.000000	0.000000	0.556823	0.000142	0.000000	0.000000	0.000000	0.443035
99	tsk_99	(x)	1	:	0.000000	0.000000	0.000000	0.000000	0.000000	0.000000	0.000000	0.000000	0.556466	0.000000	0.000000	0.000000	0.000000	0.443534
100	tsk_100	(x)	1	:	0.000000	0.000000	0.500049	0.000000	0.000000	0.000000	0.000000	0.000000	0.000000	0.000003	0.489494	0.000000	0.000000	0.010454
101	tsk_101	(x)	1	:	0.000000	0.000000	0.005142	0.000000	0.498047	0.000000	0.000000	0.000000	0.000000	0.000001	0.489628	0.000000	0.000000	0.007183
102	tsk_102	(x)	1	:	0.000000	0.000000	0.000000	0.000000	0.000000	0.497981	0.000000	0.000000	0.000000	0.000000	0.000000	0.000000	0.000000	0.502018
103	tsk_103	(x)	1	:	0.000000	0.000000	0.000000	0.000000	0.000000	0.497981	0.000000	0.000000	0.000000	0.000000	0.000000	0.000000	0.000000	0.502018
104	tsk_104	(x)	1	:	0.000000	0.000000	0.500000	0.000000	0.000000	0.000000	0.000000	0.000000	0.000000	0.000167	0.000000	0.000000	0.000000	0.499833
105	tsk_105	(x)	1	:	0.000000	0.000000	0.000000	0.000000	0.000000	0.000000	0.000000	0.000000	0.000000	0.000423	0.000000	0.000000	0.000000	0.999577
106	tsk_106	(x)	1	:	0.000000	0.000000	0.000000	0.000000	0.000000	0.000000	0.000000	0.000000	0.000000	0.000000	0.489488	0.000000	0.000000	0.510512
107	tsk_107	(x)	1	:	0.000000	0.000000	0.000000	0.000000	0.000000	0.497981	0.000000	0.000000	0.000000	0.000000	0.000000	0.000000	0.000000	0.502019
108	tsk_108	(x)	1	:	0.000000	0.000000	0.000000	0.000000	0.000000	0.000000	0.000000	0.000000	0.000000	0.000000	0.489488	0.000000	0.000000	0.510512
109	tsk_109	(x)	1	:	0.000000	0.000000	0.000000	0.000000	0.000000	0.498020	0.000000	0.000000	0.000000	0.000000	0.000000	0.501974	0.000000	0.000006
110	tsk_110	(x)	1	:	0.000000	0.000000	0.000000	0.000000	0.000000	0.000000	0.480313	0.000000	0.000000	0.000000	0.519687	0.000000	0.000000	0.000000
111	tsk_111	(x)	1	:	0.000000	0.000000	0.000002	0.000000	0.478564	0.000000	0.000000	0.000000	0.000000	0.000000	0.521434	0.000000	0.000000	0.000000
112	tsk_112	(x)	1	:	0.000000	0.000000	0.000000	0.000000	0.000000	0.000000	0.000000	0.499056	0.000000	0.000186	0.000000	0.000000	0.001067	0.499691
113	tsk_113	(x)	1	:	0.000000	0.000000	0.000000	0.000000	0.000000	0.000000	0.000000	0.000000	0.000000	0.000420	0.000000	0.000000	0.000000	0.999580
114	tsk_114	(x)	1	:	0.000000	0.000000	0.000000	0.000000	0.000000	0.000000	0.500000	0.000000	0.000000	0.000153	0.000000	0.000000	0.000000	0.499847
115	tsk_115	(x)	1	:	0.000000	0.000000	0.000000	0.000000	0.000000	0.000000	0.000000	0.000000	0.000000	0.000118	0.526064	0.000000	0.000000	0.473817
116	tsk_116	(x)	1	:	0.000000	0.000000	0.000000	0.000000	0.000000	0.465733	0.000000	0.000000	0.000000	0.000057	0.000000	0.000000	0.000000	0.534210
117	tsk_117	(x)	1	:	0.000000	0.000000	0.006167	0.000000	0.496917	0.000000	0.000000	0.000000	0.000000	0.000143	0.000000	0.000000	0.000000	0.496774
118	tsk_118	(x)	1	:	0.000000	0.000000	0.000000	0.000000	0.000000	0.000000	0.480313	0.000000	0.000000	0.000000	0.519687	0.000000	0.000000	0.000000
119	tsk_119	(x)	1	:	0.000000	0.000000	0.000000	0.000000	0.500000	0.000000	0.500000	0.000000	0.000000	0.000000	0.000000	0.000000	0.000000	0.000000
120	tsk_120	(x)	1	:	0.000000	0.000000	1.000000	0.000000	0.000000	0.000000	0.000000	0.000000	0.000000	0.000000	0.000000	0.000000	0.000000	0.000000
121	tsk_121	(x)	1	:	0.000000	0.000000	0.000000	0.000000	0.000000	0.000000	0.000000	0.000000	0.000000	0.000000	0.000000	0.000000	0.000000	1.000000
122	tsk_122	(x)	1	:	0.000000	0.000000	0.000000	0.000000	0.000000	0.000000	0.000000	0.000000	0.000000	0.000154	0.000000	0.000000	0.499394	0.500453
123	tsk_123	(x)	1	:	0.000000	0.000000	0.534887	0.465113	0.000000	0.000000	0.000000	0.000000	0.000000	0.000000	0.000000	0.000000	0.000000	0.000000
124	tsk_124	(x)	1	:	0.000000	0.000000	0.497372	0.000000	0.000000	0.000000	0.000000	0.000000	0.000000	0.000001	0.000000	0.000000	0.499062	0.003565
125	tsk_125	(x)	1	:	0.000000	0.000000	0.499453	0.000000	0.000000	0.000000	0.000000	0.000000	0.000000	0.000000	0.000000	0.500547	0.000000	0.000000
126	tsk_126	(x)	1	:	0.000000	0.000000	0.500000	0.000000	0.000000	0.000000	0.000000	0.000000	0.000000	0.000212	0.000000	0.000000	0.000000	0.499788
127	tsk_127	(x)	1	:	0.000000	0.000000	1.000000	0.000000	0.000000	0.000000	0.000000	0.000000	0.000000	0.000000	0.000000	0.000000	0.000000	0.000000
128	tsk_128	(x)	1	:	0.000000	0.000000	0.000000	0.000000	0.000000	0.000000	0.000000	0.000000	0.000000	0.000000	0.000000	0.000000	0.499389	0.500611
129	tsk_129	(x)	1	:	0.000000	0.000000	1.000000	0.000000	0.000000	0.000000	0.000000	0.000000	0.000000	0.000000	0.000000	0.000000	0.000000	0.000000
130	tsk_130	(x)	1	:	0.000000	0.000000	0.500000	0.000000	0.000000	0.000000	0.000000	0.000000	0.000000	0.000064	0.000000	0.000000	0.000000	0.499936
131	tsk_131	(x)	1	:	0.000000	0.000000	0.000000	0.000000	1.000000	0.000000	0.000000	0.000000	0.000000	0.000000	0.000000	0.000000	0.000000	0.000000
132	tsk_132	(x)	1	:	0.000000	0.000000	1.000000	0.000000	0.000000	0.000000	0.000000	0.000000	0.000000	0.000000	0.000000	0.000000	0.000000	0.000000
133	tsk_133	(x)	1	:	0.000000	0.000000	0.000000	0.253405	0.373298	0.000000	0.000000	0.000000	0.000000	0.000211	0.000000	0.000000	0.000000	0.373087
134	tsk_134	(x)	1	:	0.000000	0.000000	0.000000	0.000000	1.000000	0.000000	0.000000	0.000000	0.000000	0.000000	0.000000	0.000000	0.000000	0.000000
135	tsk_135	(x)	1	:	0.000000	0.000000	0.006158	0.000000	0.496921	0.000000	0.000000	0.000000	0.000000	0.000231	0.000000	0.000000	0.000000	0.496690
136	tsk_136	(x)	1	:	0.000000	0.000000	0.497485	0.000000	0.000000	0.000000	0.000000	0.000000	0.000000	0.000001	0.000000	0.000000	0.499076	0.003438
137	tsk_137	(x)	1	:	0.000000	0.000000	0.003130	0.000000	0.497219	0.000000	0.000000	0.000000	0.000000	0.000000	0.000000	0.000000	0.499087	0.000564
138	tsk_138	(x)	1	:	0.000000	0.000000	0.500000	0.000000	0.500000	0.000000	0.000000	0.000000	0.000000	0.000000	0.000000	0.000000	0.000000	0.000000
139	tsk_139	(x)	1	:	0.000000	0.000000	0.180090	0.319910	0.000000	0.000000	0.000000	0.000000	0.000000	0.000077	0.000000	0.000000	0.000000	0.499924
140	tsk_140	(x)	1	:	0.000000	0.000000	0.497269	0.000000	0.000000	0.000000	0.000000	0.000000	0.000000	0.000000	0.000000	0.000000	0.499049	0.003681
141	tsk_141	(x)	1	:	0.000000	0.000000	1.000000	0.000000	0.000000	0.000000	0.000000	0.000000	0.000000	0.000000	0.000000	0.000000	0.000000	0.000000
142	tsk_142	(x)	1	:	0.000000	0.000000	0.000000	0.000000	0.000000	0.000000	0.000000	0.000000	0.296623	0.000202	0.000000	0.000000	0.000000	0.703174
143	tsk_143	(x)	1	:	0.000000	0.000000	0.000000	0.000000	0.000000	0.000000	0.000000	0.000000	0.000000	0.000000	0.000000	0.000000	0.000000	1.000000
144	tsk_144	(x)	1	:	0.000000	0.000000	1.000000	0.000000	0.000000	0.000000	0.000000	0.000000	0.000000	0.000000	0.000000	0.000000	0.000000	0.000000
145	tsk_145	(x)	1	:	0.000000	0.000000	0.000000	0.000000	0.000000	0.000000	0.000000	0.000000	0.000000	0.000000	0.000000	0.000000	0.499389	0.500611
146	tsk_146	(x)	1	:	0.000000	0.000000	0.000000	0.000000	0.000000	0.000000	0.000000	0.000000	0.000000	0.000000	0.526061	0.000000	0.000000	0.473939
147	tsk_147	(x)	1	:	0.000000	0.000000	0.500000	0.000000	0.000000	0.000000	0.000000	0.000000	0.000000	0.000075	0.000000	0.000000	0.000000	0.499925
148	tsk_148	(x)	1	:	0.000000	0.000000	0.499880	0.000000	0.000000	0.000000	0.000000	0.000000	0.296599	0.000017	0.000000	0.000000	0.000000	0.203504
149	tsk_149	(x)	1	:	0.000000	0.000000	0.030926	0.465614	0.000000	0.000000	0.000000	0.000000	0.000000	0.000001	0.000000	0.000000	0.499019	0.004440
