logL = -535.560022 (converged)
AIC = 2991.120043
BIC = 5881.329926

count.K
9 95 3 13 14 16 

