0	tsk_0	(x)	1	:	0.000000	0.000000	0.000000	0.169382	0.000000	0.000000	0.000000	0.000000	0.497795	0.000000	0.000000	0.000000	0.097631	0.000000	0.235191
1	tsk_1	(x)	1	:	0.000000	0.000000	0.000000	0.157216	0.000000	0.000000	0.000000	0.000000	0.497795	0.000000	0.000000	0.000000	0.032772	0.000000	0.312216
2	tsk_2	(x)	1	:	0.000000	0.000000	0.000000	0.233954	0.000000	0.000000	0.000000	0.000000	0.000000	0.000000	0.519644	0.000000	0.061350	0.000000	0.185051
3	tsk_3	(x)	1	:	0.000000	0.004291	0.000000	0.119708	0.000000	0.000000	0.000000	0.000000	0.000000	0.000000	0.489522	0.000000	0.140839	0.000000	0.245640
4	tsk_4	(x)	1	:	0.000000	0.000000	0.000000	0.539493	0.000000	0.000000	0.000000	0.000000	0.000000	0.000000	0.000000	0.000000	0.049998	0.000000	0.410509
5	tsk_5	(x)	1	:	0.000000	0.000000	0.000000	0.077332	0.000000	0.513222	0.000000	0.000000	0.000000	0.000000	0.000000	0.000000	0.201837	0.000000	0.207609
6	tsk_6	(x)	1	:	0.000000	0.000000	0.000000	0.725877	0.000000	0.000000	0.000002	0.000000	0.000000	0.000000	0.000000	0.000000	0.114911	0.000000	0.159210
7	tsk_7	(x)	1	:	0.000000	0.000000	0.000000	0.591964	0.000000	0.000000	0.000000	0.000000	0.000000	0.000000	0.000000	0.000000	0.108208	0.000000	0.299827
8	tsk_8	(x)	1	:	0.000000	0.000000	0.000000	0.254726	0.000000	0.513222	0.000000	0.000000	0.000000	0.000000	0.000000	0.000000	0.083815	0.000000	0.148236
9	tsk_9	(x)	1	:	0.000000	0.000000	0.000000	0.108647	0.000000	0.000000	0.000000	0.000000	0.000000	0.000000	0.000000	0.000000	0.307646	0.532483	0.051224
10	tsk_10	(x)	1	:	0.000000	0.004450	0.000000	0.196616	0.000000	0.000000	0.000000	0.000000	0.000000	0.000000	0.489395	0.000000	0.275686	0.000000	0.033853
11	tsk_11	(x)	1	:	0.000000	0.004428	0.000000	0.077600	0.000000	0.000000	0.000000	0.000000	0.000000	0.000000	0.489413	0.000000	0.212178	0.000000	0.216381
12	tsk_12	(x)	1	:	0.000000	0.491798	0.000000	0.071275	0.000000	0.000000	0.000000	0.000000	0.000000	0.000000	0.000000	0.000000	0.084987	0.000000	0.351940
13	tsk_13	(x)	1	:	0.000000	0.000000	0.000000	0.448686	0.000000	0.000000	0.000000	0.000000	0.000000	0.000000	0.000000	0.000000	0.074515	0.000000	0.476799
14	tsk_14	(x)	1	:	0.000000	0.000000	0.000000	0.048085	0.000000	0.000000	0.301270	0.000000	0.497777	0.000000	0.000000	0.000000	0.048077	0.000000	0.104791
15	tsk_15	(x)	1	:	0.000000	0.004426	0.000000	0.104737	0.000000	0.000000	0.000000	0.000000	0.000000	0.000000	0.489414	0.000000	0.119981	0.000000	0.281441
16	tsk_16	(x)	1	:	0.000000	0.000000	0.000000	0.296414	0.000000	0.000000	0.301306	0.000000	0.000000	0.000000	0.000000	0.000000	0.106575	0.000000	0.295705
17	tsk_17	(x)	1	:	0.000000	0.000000	0.000000	0.255134	0.000000	0.000000	0.301306	0.000000	0.000000	0.000000	0.000000	0.000000	0.174890	0.000000	0.268670
18	tsk_18	(x)	1	:	0.000000	0.000000	0.000000	0.143024	0.000000	0.000000	0.000000	0.000000	0.000000	0.000000	0.000000	0.000000	0.370687	0.426537	0.059752
19	tsk_19	(x)	1	:	0.000000	0.004593	0.000000	0.049595	0.000000	0.000000	0.301285	0.000000	0.000000	0.000000	0.489261	0.000000	0.094821	0.000000	0.060444
20	tsk_20	(x)	1	:	0.000000	0.000000	0.000000	0.000000	0.000000	0.449134	0.000000	0.000000	0.000000	0.000000	0.550866	0.000000	0.000000	0.000000	0.000000
21	tsk_21	(x)	1	:	0.000000	0.000000	0.000000	0.502787	0.000000	0.000000	0.000000	0.000000	0.000000	0.000000	0.000000	0.000000	0.117374	0.000000	0.379839
22	tsk_22	(x)	1	:	0.000000	0.000000	0.000000	0.242842	0.000000	0.000000	0.387594	0.000000	0.000000	0.000000	0.000000	0.000000	0.110226	0.000000	0.259338
23	tsk_23	(x)	1	:	0.000000	0.000000	0.000000	0.240190	0.000000	0.000000	0.000000	0.000000	0.000000	0.000000	0.000000	0.000000	0.223522	0.000000	0.536288
24	tsk_24	(x)	1	:	0.000000	0.000000	0.000000	0.441339	0.000000	0.000000	0.000000	0.000000	0.000000	0.000000	0.000000	0.000000	0.060436	0.000000	0.498225
25	tsk_25	(x)	1	:	0.000000	0.000000	0.000000	0.585103	0.000000	0.000000	0.000000	0.000000	0.000000	0.000000	0.000000	0.000000	0.159452	0.000000	0.255445
26	tsk_26	(x)	1	:	0.000000	0.004294	0.000000	0.190038	0.000000	0.000000	0.000000	0.000000	0.000000	0.000000	0.489520	0.000000	0.088163	0.000000	0.227985
27	tsk_27	(x)	1	:	0.000000	0.000000	0.000000	0.226205	0.000000	0.000000	0.000000	0.000000	0.497795	0.000000	0.000000	0.000000	0.119838	0.000000	0.156162
28	tsk_28	(x)	1	:	0.000000	0.000000	0.000000	0.351846	0.000000	0.000000	0.000000	0.000000	0.000000	0.000000	0.000000	0.000000	0.119487	0.000000	0.528667
29	tsk_29	(x)	1	:	0.000000	0.000000	0.000000	0.299672	0.000000	0.000000	0.000000	0.000000	0.497795	0.000000	0.000000	0.000000	0.054080	0.000000	0.148452
30	tsk_30	(x)	1	:	0.000000	0.491798	0.000000	0.132679	0.000000	0.000000	0.000000	0.000000	0.000000	0.000000	0.000000	0.000000	0.188474	0.000000	0.187049
31	tsk_31	(x)	1	:	0.000000	0.000000	0.000000	0.000000	0.000000	0.000000	0.000000	0.000000	1.000000	0.000000	0.000000	0.000000	0.000000	0.000000	0.000000
32	tsk_32	(x)	1	:	0.000000	0.000000	0.529381	0.000000	0.000000	0.000000	0.000000	0.000000	0.470619	0.000000	0.000000	0.000000	0.000000	0.000000	0.000000
33	tsk_33	(x)	1	:	0.000000	0.000000	0.498051	0.000000	0.000000	0.000000	0.000000	0.000000	0.000000	0.000000	0.501949	0.000000	0.000000	0.000000	0.000000
34	tsk_34	(x)	1	:	0.000000	0.502313	0.000000	0.000000	0.000000	0.000000	0.000000	0.000000	0.000000	0.000000	0.497687	0.000000	0.000000	0.000000	0.000000
35	tsk_35	(x)	1	:	0.000000	0.491798	0.000000	0.232252	0.000000	0.000000	0.000000	0.000000	0.000000	0.000000	0.000000	0.000000	0.022468	0.000000	0.253481
36	tsk_36	(x)	1	:	0.000000	0.000000	0.000000	0.000000	0.000000	0.000000	0.000000	0.000000	0.464219	0.000000	0.535781	0.000000	0.000000	0.000000	0.000000
37	tsk_37	(x)	1	:	0.000000	0.000000	0.000000	0.000000	0.000000	0.000000	0.000000	0.000000	0.464219	0.000000	0.535781	0.000000	0.000000	0.000000	0.000000
38	tsk_38	(x)	1	:	0.000000	0.392420	0.000000	0.000000	0.000000	0.000000	0.000000	0.000000	0.000000	0.000000	0.607580	0.000000	0.000000	0.000000	0.000000
39	tsk_39	(x)	1	:	0.000000	0.426484	0.573516	0.000000	0.000000	0.000000	0.000000	0.000000	0.000000	0.000000	0.000000	0.000000	0.000000	0.000000	0.000000
40	tsk_40	(x)	1	:	0.000000	0.006185	0.000000	0.300878	0.000000	0.000000	0.000000	0.486587	0.000003	0.000000	0.000000	0.000000	0.051738	0.000000	0.154609
41	tsk_41	(x)	1	:	0.000000	0.000000	0.000000	0.000000	0.000000	0.417933	0.000000	0.578988	0.000000	0.000000	0.003079	0.000000	0.000000	0.000000	0.000000
42	tsk_42	(x)	1	:	0.000000	0.000000	0.000000	0.000000	0.000000	0.000000	0.000000	0.999997	0.000003	0.000000	0.000000	0.000000	0.000000	0.000000	0.000000
43	tsk_43	(x)	1	:	0.000000	0.006856	0.000000	0.315570	0.000000	0.000000	0.000000	0.486094	0.000007	0.000000	0.000000	0.000000	0.096768	0.000000	0.094705
44	tsk_44	(x)	1	:	0.000000	0.000000	0.000000	0.000000	0.000000	0.417934	0.000000	0.578988	0.000000	0.000000	0.003078	0.000000	0.000000	0.000000	0.000000
45	tsk_45	(x)	1	:	0.000000	0.000000	0.000000	0.000000	0.000000	0.000000	0.000000	0.999997	0.000003	0.000000	0.000000	0.000000	0.000000	0.000000	0.000000
46	tsk_46	(x)	1	:	0.000000	0.006864	0.000000	0.223855	0.000000	0.000000	0.000000	0.486092	0.000004	0.000000	0.000000	0.000000	0.082528	0.000000	0.200658
47	tsk_47	(x)	1	:	0.000000	0.000000	0.000000	0.000000	0.000000	0.000000	0.000000	0.430590	0.569410	0.000000	0.000000	0.000000	0.000000	0.000000	0.000000
48	tsk_48	(x)	1	:	0.000000	0.006739	0.000000	0.131970	0.000000	0.000000	0.000000	0.486183	0.000003	0.000000	0.000000	0.000000	0.143247	0.000000	0.231857
49	tsk_49	(x)	1	:	0.000000	0.006817	0.000000	0.109879	0.000000	0.000000	0.000000	0.486122	0.000007	0.000000	0.000000	0.000000	0.040579	0.000000	0.356595
50	tsk_50	(x)	1	:	0.000000	0.000000	0.000000	0.462723	0.000000	0.000000	0.000000	0.000000	0.000000	0.000000	0.000000	0.000000	0.125710	0.000000	0.411567
51	tsk_51	(x)	1	:	0.000000	0.000000	0.000000	0.000025	0.000000	0.000000	0.999960	0.000000	0.000000	0.000000	0.000000	0.000000	0.000001	0.000000	0.000013
52	tsk_52	(x)	1	:	0.000000	0.000000	0.000000	0.320692	0.000000	0.000000	0.387594	0.000000	0.000000	0.000000	0.000000	0.000000	0.075026	0.000000	0.216688
53	tsk_53	(x)	1	:	0.000000	0.488964	0.000000	0.000000	0.000000	0.000000	0.000000	0.000000	0.000000	0.511036	0.000000	0.000000	0.000000	0.000000	0.000000
54	tsk_54	(x)	1	:	0.000000	0.000000	0.000000	0.231167	0.000000	0.000000	0.000000	0.295904	0.235094	0.000000	0.000000	0.000000	0.033774	0.000000	0.204060
55	tsk_55	(x)	1	:	0.000000	0.000000	0.000000	0.336657	0.000000	0.000000	0.387594	0.000000	0.000000	0.000000	0.000000	0.000000	0.088706	0.000000	0.187043
56	tsk_56	(x)	1	:	0.000000	0.464823	0.000000	0.000000	0.000000	0.000000	0.000000	0.298555	0.236622	0.000000	0.000000	0.000000	0.000000	0.000000	0.000000
57	tsk_57	(x)	1	:	0.000000	0.008519	0.000000	0.000000	0.000000	0.000000	0.000000	0.000000	0.000000	0.485511	0.000000	0.000000	0.242459	0.000000	0.263511
58	tsk_58	(x)	1	:	0.000000	0.009665	0.000000	0.037136	0.000000	0.000000	0.382717	0.000000	0.000000	0.483893	0.000000	0.000000	0.042854	0.000000	0.043734
59	tsk_59	(x)	1	:	0.000000	0.004325	0.000000	0.192578	0.000000	0.000000	0.000000	0.000000	0.000000	0.000000	0.489495	0.000000	0.174859	0.000000	0.138743
60	tsk_60	(x)	1	:	0.000000	0.000000	0.000000	0.000000	0.000000	0.000000	0.000000	0.000000	1.000000	0.000000	0.000000	0.000000	0.000000	0.000000	0.000000
61	tsk_61	(x)	1	:	0.000000	0.004431	0.000000	0.144961	0.000000	0.000000	0.000000	0.000000	0.000000	0.000000	0.489410	0.000000	0.148350	0.000000	0.212848
62	tsk_62	(x)	1	:	0.000000	0.000000	0.000000	0.000000	0.000000	0.000000	0.000000	0.000000	1.000000	0.000000	0.000000	0.000000	0.000000	0.000000	0.000000
63	tsk_63	(x)	1	:	0.000000	0.000000	0.000000	0.017589	0.000000	0.000000	0.385021	0.000000	0.000000	0.000000	0.000000	0.000000	0.063541	0.531718	0.002132
64	tsk_64	(x)	1	:	0.000000	0.009979	0.000000	0.000000	0.000000	0.000000	0.000000	0.000000	0.505202	0.484818	0.000000	0.000000	0.000000	0.000000	0.000000
65	tsk_65	(x)	1	:	0.000000	0.000000	0.000000	0.000000	0.000000	0.000000	0.000000	0.000000	1.000000	0.000000	0.000000	0.000000	0.000000	0.000000	0.000000
66	tsk_66	(x)	1	:	0.000000	0.000000	0.000000	0.345607	0.000000	0.000000	0.000000	0.000000	0.497795	0.000000	0.000000	0.000000	0.027432	0.000000	0.129165
67	tsk_67	(x)	1	:	0.000000	0.000000	0.000000	0.000000	0.000000	0.000000	0.000000	0.000000	1.000000	0.000000	0.000000	0.000000	0.000000	0.000000	0.000000
68	tsk_68	(x)	1	:	0.000000	0.000559	0.000000	0.000000	0.000000	0.442870	0.000000	0.000000	0.506221	0.000000	0.050350	0.000000	0.000000	0.000000	0.000000
69	tsk_69	(x)	1	:	0.000000	0.000000	0.000000	0.000000	0.000000	0.000000	0.000000	0.000000	0.507328	0.000000	0.492672	0.000000	0.000000	0.000000	0.000000
70	tsk_70	(x)	1	:	0.000000	0.000000	0.000000	0.000000	0.000000	0.000000	0.000000	0.000000	0.000000	0.000000	0.000000	1.000000	0.000000	0.000000	0.000000
71	tsk_71	(x)	1	:	0.000000	0.000000	0.000000	0.267621	0.000000	0.000000	0.000000	0.000000	0.497795	0.000000	0.000000	0.000000	0.048582	0.000000	0.186002
72	tsk_72	(x)	1	:	0.000000	0.000000	0.000000	0.243233	0.000000	0.000000	0.000000	0.000000	0.497795	0.000000	0.000000	0.000000	0.047456	0.000000	0.211515
73	tsk_73	(x)	1	:	0.000000	0.000000	0.000000	0.388842	0.000000	0.000000	0.000000	0.000006	0.000146	0.000000	0.000000	0.499859	0.066650	0.000000	0.044496
74	tsk_74	(x)	1	:	0.000000	0.000000	0.000000	0.000000	0.000000	0.657301	0.000000	0.000000	0.000000	0.000000	0.342699	0.000000	0.000000	0.000000	0.000000
75	tsk_75	(x)	1	:	0.000000	0.000000	0.000000	0.000000	0.000000	0.657301	0.000000	0.000000	0.000000	0.000000	0.342699	0.000000	0.000000	0.000000	0.000000
76	tsk_76	(x)	1	:	0.000000	0.000000	0.000000	0.000000	0.000000	0.000000	0.000000	0.000000	0.000000	0.000000	1.000000	0.000000	0.000000	0.000000	0.000000
77	tsk_77	(x)	1	:	0.000018	0.000000	0.999982	0.000000	0.000000	0.000000	0.000000	0.000000	0.000000	0.000000	0.000000	0.000000	0.000000	0.000000	0.000000
78	tsk_78	(x)	1	:	0.000027	0.000000	0.999973	0.000000	0.000000	0.000000	0.000000	0.000000	0.000000	0.000000	0.000000	0.000000	0.000000	0.000000	0.000000
79	tsk_79	(x)	1	:	0.000000	0.000000	0.000000	0.285176	0.000000	0.000000	0.000000	0.000006	0.000209	0.000000	0.000000	0.499801	0.100530	0.000000	0.114278
80	tsk_80	(x)	1	:	0.000000	1.000000	0.000000	0.000000	0.000000	0.000000	0.000000	0.000000	0.000000	0.000000	0.000000	0.000000	0.000000	0.000000	0.000000
81	tsk_81	(x)	1	:	0.000000	0.000000	0.000000	0.197252	0.000000	0.000000	0.000000	0.000002	0.000100	0.000000	0.000000	0.499905	0.105311	0.000000	0.197429
82	tsk_82	(x)	1	:	0.000000	0.491798	0.000000	0.091614	0.000000	0.000000	0.000000	0.000000	0.000000	0.000000	0.000000	0.000000	0.181545	0.000000	0.235043
83	tsk_83	(x)	1	:	0.000000	1.000000	0.000000	0.000000	0.000000	0.000000	0.000000	0.000000	0.000000	0.000000	0.000000	0.000000	0.000000	0.000000	0.000000
84	tsk_84	(x)	1	:	0.000000	1.000000	0.000000	0.000000	0.000000	0.000000	0.000000	0.000000	0.000000	0.000000	0.000000	0.000000	0.000000	0.000000	0.000000
85	tsk_85	(x)	1	:	0.000000	0.491798	0.000000	0.091784	0.000000	0.000000	0.000000	0.000000	0.000000	0.000000	0.000000	0.000000	0.132795	0.000000	0.283623
86	tsk_86	(x)	1	:	0.000000	0.486832	0.000000	0.000000	0.000000	0.000000	0.000000	0.000014	0.000300	0.000000	0.000000	0.512854	0.000000	0.000000	0.000000
87	tsk_87	(x)	1	:	0.000000	0.491163	0.000000	0.012328	0.000000	0.000000	0.382509	0.000000	0.000000	0.000000	0.000000	0.000000	0.021413	0.000000	0.092588
88	tsk_88	(x)	1	:	0.000000	0.022528	0.000000	0.000001	0.000000	0.442718	0.000000	0.000000	0.000000	0.000000	0.054052	0.000000	0.000008	0.480693	0.000000
89	tsk_89	(x)	1	:	0.000000	1.000000	0.000000	0.000000	0.000000	0.000000	0.000000	0.000000	0.000000	0.000000	0.000000	0.000000	0.000000	0.000000	0.000000
90	tsk_90	(x)	1	:	0.474722	0.000001	0.000007	0.000000	0.000000	0.525270	0.000000	0.000000	0.000000	0.000000	0.000000	0.000000	0.000000	0.000000	0.000000
91	tsk_91	(x)	1	:	0.503022	0.009803	0.000001	0.000000	0.000000	0.000000	0.000000	0.000000	0.000000	0.487174	0.000000	0.000000	0.000000	0.000000	0.000000
92	tsk_92	(x)	1	:	0.513241	0.000001	0.000054	0.000000	0.000000	0.000000	0.000000	0.000000	0.000000	0.486704	0.000000	0.000000	0.000000	0.000000	0.000000
93	tsk_93	(x)	1	:	0.000000	0.000000	0.000000	0.514102	0.000000	0.000000	0.000000	0.000000	0.000000	0.000000	0.000000	0.000000	0.161296	0.000000	0.324602
94	tsk_94	(x)	1	:	0.000000	0.000001	0.000000	0.103934	0.000000	0.000000	0.000000	0.000000	0.000000	0.000000	0.517877	0.000000	0.088931	0.000000	0.289257
95	tsk_95	(x)	1	:	0.000000	0.000000	0.000000	0.000000	0.000000	0.000000	0.000000	0.000000	0.000000	1.000000	0.000000	0.000000	0.000000	0.000000	0.000000
96	tsk_96	(x)	1	:	1.000000	0.000000	0.000000	0.000000	0.000000	0.000000	0.000000	0.000000	0.000000	0.000000	0.000000	0.000000	0.000000	0.000000	0.000000
97	tsk_97	(x)	1	:	0.000000	0.000001	0.000000	0.081561	0.000000	0.000000	0.000000	0.000000	0.000000	0.000000	0.517877	0.000000	0.180425	0.000000	0.220137
98	tsk_98	(x)	1	:	0.000000	0.000117	0.000000	0.000000	0.000000	0.550101	0.000000	0.000000	0.000000	0.449781	0.000001	0.000000	0.000000	0.000000	0.000000
99	tsk_99	(x)	1	:	1.000000	0.000000	0.000000	0.000000	0.000000	0.000000	0.000000	0.000000	0.000000	0.000000	0.000000	0.000000	0.000000	0.000000	0.000000
100	tsk_100	(x)	1	:	0.000000	0.000000	0.000000	0.234158	0.000000	0.000000	0.387594	0.000000	0.000000	0.000000	0.000000	0.000000	0.096951	0.000000	0.281297
101	tsk_101	(x)	1	:	0.000000	0.006929	0.000000	0.000000	0.000000	0.000000	0.000000	0.486044	0.000004	0.000000	0.000000	0.000000	0.098909	0.000000	0.408114
102	tsk_102	(x)	1	:	0.000000	0.000000	0.000000	0.318975	0.000000	0.000000	0.387594	0.000000	0.000000	0.000000	0.000000	0.000000	0.111549	0.000000	0.181882
103	tsk_103	(x)	1	:	0.000000	0.532205	0.000000	0.000000	0.000000	0.000000	0.000000	0.000000	0.000000	0.467795	0.000000	0.000000	0.000000	0.000000	0.000000
104	tsk_104	(x)	1	:	0.000000	0.000000	0.000000	0.235173	0.000000	0.000000	0.387594	0.000000	0.000000	0.000000	0.000000	0.000000	0.077922	0.000000	0.299310
105	tsk_105	(x)	1	:	0.000000	0.502374	0.000000	0.000000	0.000000	0.000000	0.000000	0.000000	0.000000	0.000000	0.497626	0.000000	0.000000	0.000000	0.000000
106	tsk_106	(x)	1	:	0.000000	0.004240	0.000000	0.096870	0.000000	0.000000	0.000000	0.000000	0.000000	0.000000	0.489563	0.000000	0.229088	0.000000	0.180239
107	tsk_107	(x)	1	:	0.000000	0.000000	0.000000	0.233003	0.000000	0.000000	0.301306	0.000000	0.000000	0.000000	0.000000	0.000000	0.205390	0.000000	0.260300
108	tsk_108	(x)	1	:	0.000000	0.000000	0.000000	0.129378	0.000000	0.000000	0.624844	0.000000	0.000000	0.000000	0.000000	0.000000	0.062457	0.000000	0.183321
109	tsk_109	(x)	1	:	0.000000	0.000000	0.000000	0.000000	0.000000	0.000000	0.000000	0.000000	0.000000	1.000000	0.000000	0.000000	0.000000	0.000000	0.000000
110	tsk_110	(x)	1	:	0.000000	0.000000	0.000000	0.091186	0.000000	0.000000	0.000000	0.000000	0.000000	0.000000	0.000000	0.000000	0.314081	0.532483	0.062250
111	tsk_111	(x)	1	:	0.000000	0.000000	0.000000	0.683753	0.000000	0.000000	0.000000	0.000000	0.000000	0.000000	0.000000	0.000000	0.185480	0.000000	0.130767
112	tsk_112	(x)	1	:	0.000000	0.000000	0.000000	0.602138	0.000000	0.000000	0.000000	0.000000	0.000000	0.000000	0.000000	0.000000	0.070870	0.000000	0.326991
113	tsk_113	(x)	1	:	0.000000	0.000000	0.000000	0.777893	0.000000	0.000000	0.000000	0.000000	0.000000	0.000000	0.000000	0.000000	0.059187	0.000000	0.162920
114	tsk_114	(x)	1	:	0.000000	0.008769	0.000000	0.180897	0.000000	0.000000	0.000000	0.000000	0.000000	0.485281	0.000000	0.000000	0.141909	0.000000	0.183144
115	tsk_115	(x)	1	:	0.000000	0.000000	0.000000	0.478647	0.000000	0.000000	0.000000	0.000000	0.000000	0.000000	0.000000	0.000000	0.114015	0.000000	0.407337
116	tsk_116	(x)	1	:	0.000000	0.000000	0.000000	0.302966	0.000000	0.000000	0.000000	0.000000	0.000000	0.000000	0.000000	0.000000	0.164867	0.000000	0.532167
117	tsk_117	(x)	1	:	0.000000	0.481023	0.000000	0.000000	0.000000	0.000000	0.000000	0.000000	0.000000	0.000000	0.000000	0.000000	0.000000	0.518977	0.000000
118	tsk_118	(x)	1	:	0.000000	0.000000	0.000000	0.561458	0.000000	0.000000	0.000000	0.000000	0.000000	0.000000	0.000000	0.000000	0.154050	0.000000	0.284492
119	tsk_119	(x)	1	:	0.000000	0.000000	0.000000	0.579322	0.000000	0.000000	0.000000	0.000000	0.000000	0.000000	0.000000	0.000000	0.053438	0.000000	0.367241
120	tsk_120	(x)	1	:	0.000000	0.000000	0.000000	0.000000	0.000000	0.000000	0.000000	0.000000	1.000000	0.000000	0.000000	0.000000	0.000000	0.000000	0.000000
121	tsk_121	(x)	1	:	0.000000	0.000000	0.000000	0.037563	0.420218	0.000000	0.000000	0.000001	0.000207	0.000000	0.000000	0.501129	0.011078	0.000000	0.029804
122	tsk_122	(x)	1	:	0.000000	0.000000	0.000000	0.515258	0.000000	0.000000	0.000000	0.000000	0.000000	0.000000	0.000000	0.000000	0.093998	0.000000	0.390743
123	tsk_123	(x)	1	:	0.000000	0.000295	0.000000	0.000000	0.000000	0.442779	0.000000	0.000003	0.000552	0.000000	0.047674	0.508697	0.000000	0.000000	0.000000
124	tsk_124	(x)	1	:	0.000000	0.000000	0.000000	0.000000	0.000000	0.000000	0.000000	0.000000	1.000000	0.000000	0.000000	0.000000	0.000000	0.000000	0.000000
125	tsk_125	(x)	1	:	0.000000	0.000000	0.000000	0.000000	0.494875	0.000000	0.000000	0.000000	0.505125	0.000000	0.000000	0.000000	0.000000	0.000000	0.000000
126	tsk_126	(x)	1	:	0.000000	0.000000	0.000000	0.318127	0.474710	0.000000	0.000000	0.000000	0.000000	0.000000	0.000000	0.000000	0.074223	0.000000	0.132941
127	tsk_127	(x)	1	:	0.000000	0.000000	0.000000	0.000000	0.000000	0.000000	0.000000	0.000000	0.506676	0.493324	0.000000	0.000000	0.000000	0.000000	0.000000
128	tsk_128	(x)	1	:	0.000000	0.000000	0.000000	0.000001	0.999983	0.000000	0.000000	0.000000	0.000000	0.000000	0.000000	0.000000	0.000002	0.000000	0.000014
129	tsk_129	(x)	1	:	0.000000	0.000000	0.000000	0.113983	0.854714	0.000000	0.000000	0.000000	0.000000	0.000000	0.000000	0.000000	0.007964	0.000000	0.023339
130	tsk_130	(x)	1	:	0.000000	0.000000	0.000000	0.353824	0.000000	0.000000	0.000000	0.000000	0.497795	0.000000	0.000000	0.000000	0.072861	0.000000	0.075520
131	tsk_131	(x)	1	:	0.000000	0.000000	0.000000	0.516866	0.000000	0.000000	0.000000	0.000000	0.000000	0.000000	0.000000	0.000000	0.089774	0.000000	0.393360
132	tsk_132	(x)	1	:	0.000000	0.000000	0.000000	0.117523	0.000000	0.000000	0.000000	0.000000	0.497795	0.000000	0.000000	0.000000	0.112753	0.000000	0.271929
133	tsk_133	(x)	1	:	0.000000	0.002899	0.000000	0.000000	0.000000	0.000000	0.000000	0.000000	0.000000	0.000000	0.488637	0.000000	0.000000	0.508464	0.000000
134	tsk_134	(x)	1	:	0.000000	0.000000	0.000000	0.296232	0.000000	0.000000	0.000000	0.000000	0.000000	0.000000	0.000000	0.000000	0.260395	0.000000	0.443372
135	tsk_135	(x)	1	:	0.000000	0.525085	0.000000	0.231265	0.000000	0.000000	0.000000	0.000000	0.000000	0.000000	0.000000	0.000000	0.140071	0.000000	0.103579
136	tsk_136	(x)	1	:	0.000000	0.000000	0.000000	0.134188	0.000000	0.000000	0.387594	0.000000	0.000000	0.000000	0.000000	0.000000	0.087603	0.000000	0.390615
137	tsk_137	(x)	1	:	0.000000	0.004352	0.000000	0.163656	0.000000	0.000000	0.000000	0.000000	0.000000	0.000000	0.489474	0.000000	0.209841	0.000000	0.132677
138	tsk_138	(x)	1	:	0.000000	0.000000	0.000000	0.261812	0.000000	0.000000	0.000000	0.000000	0.497795	0.000000	0.000000	0.000000	0.050633	0.000000	0.189759
139	tsk_139	(x)	1	:	0.000000	0.525085	0.000000	0.202563	0.000000	0.000000	0.000000	0.000000	0.000000	0.000000	0.000000	0.000000	0.093509	0.000000	0.178844
140	tsk_140	(x)	1	:	0.000000	0.587984	0.000000	0.000000	0.000000	0.000000	0.000000	0.412013	0.000002	0.000000	0.000000	0.000000	0.000000	0.000000	0.000000
141	tsk_141	(x)	1	:	0.000000	0.491798	0.000000	0.178684	0.000000	0.000000	0.000000	0.000000	0.000000	0.000000	0.000000	0.000000	0.171082	0.000000	0.158435
142	tsk_142	(x)	1	:	0.000000	0.433901	0.000000	0.000000	0.000000	0.000000	0.000000	0.000001	0.566098	0.000000	0.000000	0.000000	0.000000	0.000000	0.000000
143	tsk_143	(x)	1	:	0.000000	0.502374	0.000000	0.000000	0.000000	0.000000	0.000000	0.000000	0.000000	0.000000	0.497626	0.000000	0.000000	0.000000	0.000000
144	tsk_144	(x)	1	:	0.000000	0.000004	0.000000	0.000000	0.000000	0.000000	0.000000	0.000000	0.546607	0.000000	0.453389	0.000000	0.000000	0.000000	0.000000
145	tsk_145	(x)	1	:	0.000000	0.000000	0.000000	0.000000	0.000000	0.000000	0.000000	0.000000	1.000000	0.000000	0.000000	0.000000	0.000000	0.000000	0.000000
146	tsk_146	(x)	1	:	0.000000	0.602275	0.000000	0.000000	0.000000	0.000000	0.000000	0.000000	0.000000	0.000000	0.397724	0.000000	0.000000	0.000000	0.000000
147	tsk_147	(x)	1	:	0.000000	0.000000	0.000000	0.000000	0.000000	0.000000	0.000000	0.000000	0.000000	0.000000	1.000000	0.000000	0.000000	0.000000	0.000000
148	tsk_148	(x)	1	:	0.000000	0.999999	0.000000	0.000000	0.000000	0.000000	0.000000	0.000000	0.000000	0.000001	0.000000	0.000000	0.000000	0.000000	0.000000
149	tsk_149	(x)	1	:	0.000000	0.510733	0.000000	0.000000	0.000000	0.000000	0.000000	0.489265	0.000002	0.000000	0.000000	0.000000	0.000000	0.000000	0.000000
