logL = -1756.667037 (converged)
AIC = 9363.334075
BIC = 18169.442310

count.K
9 15 13 11 0 0 3 11 18 16 2 7 15 22 8 

