logL = -777.913053 (converged)
AIC = 3957.826106
BIC = 7573.599094

count.K
10 96 2 12 7 4 19 

