logL = -1305.759580 (converged)
AIC = 4201.519161
BIC = 6594.974220

count.K
15 66 22 40 7 

