logL = -1237.716385 (converged)
AIC = 7271.432770
BIC = 14490.936205

count.K
7 10 4 11 4 11 8 0 63 8 2 19 3 

