0	tsk_0	(x)	1	:	0.000000	0.000000	0.000000	0.000000	0.000000	0.000000	0.000000	0.000000	0.000000	0.477324	0.000000	0.522676	0.000000
1	tsk_1	(x)	1	:	0.000000	0.000000	0.497766	0.000000	0.000000	0.000000	0.018346	0.000000	0.000000	0.483888	0.000000	0.000000	0.000000
2	tsk_2	(x)	1	:	0.000000	0.000000	0.000000	0.000000	0.000000	0.000000	0.000000	0.529197	0.000000	0.470803	0.000000	0.000000	0.000000
3	tsk_3	(x)	1	:	0.000000	0.000000	0.000000	0.000000	0.000000	0.000000	0.521507	0.000000	0.000000	0.478493	0.000000	0.000000	0.000000
4	tsk_4	(x)	1	:	0.000000	0.536844	0.000000	0.000000	0.463156	0.000000	0.000000	0.000000	0.000000	0.000000	0.000000	0.000000	0.000000
5	tsk_5	(x)	1	:	0.000000	0.000000	0.000000	0.000000	0.490958	0.000000	0.509042	0.000000	0.000000	0.000000	0.000000	0.000000	0.000000
6	tsk_6	(x)	1	:	0.000000	0.000000	0.497641	0.000000	0.000000	0.000000	0.018481	0.000000	0.000000	0.483878	0.000000	0.000000	0.000000
7	tsk_7	(x)	1	:	0.000000	0.000000	0.000000	0.000000	0.000000	0.000000	0.000000	0.437702	0.000000	0.477282	0.000000	0.085016	0.000000
8	tsk_8	(x)	1	:	0.000000	0.000000	0.000000	0.000000	0.553047	0.000000	0.000000	0.446953	0.000000	0.000000	0.000000	0.000000	0.000000
9	tsk_9	(x)	1	:	0.000000	0.000000	0.000000	0.000000	0.523612	0.000000	0.000000	0.000000	0.000000	0.476388	0.000000	0.000000	0.000000
10	tsk_10	(x)	1	:	0.000000	0.000000	0.000000	0.000000	0.000000	0.000000	0.000000	0.000000	0.510795	0.000000	0.000000	0.489205	0.000000
11	tsk_11	(x)	1	:	0.000000	0.000000	0.000000	0.000000	0.000000	0.000000	0.474965	0.000000	0.525035	0.000000	0.000000	0.000000	0.000000
12	tsk_12	(x)	1	:	0.000000	0.000000	0.000000	0.000000	0.000000	0.000000	0.000000	0.000000	0.510795	0.000000	0.000000	0.489205	0.000000
13	tsk_13	(x)	1	:	0.000000	0.000000	0.000000	0.000000	0.532949	0.000000	0.000000	0.000000	0.000000	0.000000	0.000000	0.467051	0.000000
14	tsk_14	(x)	1	:	0.000000	0.000000	0.000000	0.000000	0.000000	0.000000	0.000000	0.000000	0.510795	0.000000	0.000000	0.489205	0.000000
15	tsk_15	(x)	1	:	0.496523	0.000000	0.000000	0.000000	0.500559	0.000000	0.002918	0.000000	0.000000	0.000000	0.000000	0.000000	0.000000
16	tsk_16	(x)	1	:	0.500000	0.000000	0.500000	0.000000	0.000000	0.000000	0.000000	0.000000	0.000000	0.000000	0.000000	0.000000	0.000000
17	tsk_17	(x)	1	:	0.000000	0.000000	0.000000	0.000000	0.000000	0.000000	0.474965	0.000000	0.525035	0.000000	0.000000	0.000000	0.000000
18	tsk_18	(x)	1	:	0.492317	0.000000	0.000000	0.000000	0.000000	0.000000	0.000818	0.000000	0.000000	0.506864	0.000000	0.000000	0.000000
19	tsk_19	(x)	1	:	0.000000	0.000000	0.000000	0.000000	0.000000	0.000000	0.000000	0.000000	0.510795	0.000000	0.000000	0.489205	0.000000
20	tsk_20	(x)	1	:	0.000000	0.430247	0.000000	0.000000	0.000000	0.000000	0.000000	0.000000	0.511227	0.000000	0.000000	0.058526	0.000000
21	tsk_21	(x)	1	:	0.000000	0.000000	0.000000	0.000000	0.000000	0.000000	0.000000	0.000000	0.000000	0.000000	0.000000	1.000000	0.000000
22	tsk_22	(x)	1	:	0.000000	0.000000	0.000000	0.000000	0.000000	0.000000	0.000000	0.000000	0.488832	0.000000	0.000000	0.511168	0.000000
23	tsk_23	(x)	1	:	0.000000	0.000000	0.000000	0.000000	0.000000	0.000000	0.497582	0.502418	0.000000	0.000000	0.000000	0.000000	0.000000
24	tsk_24	(x)	1	:	0.000000	0.000000	0.000000	0.000000	0.000000	0.000000	0.000000	0.631513	0.000000	0.000000	0.000000	0.368487	0.000000
25	tsk_25	(x)	1	:	0.000000	0.000000	0.000000	0.000000	0.000000	0.000000	0.000000	0.000000	1.000000	0.000000	0.000000	0.000000	0.000000
26	tsk_26	(x)	1	:	0.000000	0.000000	0.000000	0.000000	0.000000	0.000000	0.000000	0.000000	0.000000	0.498824	0.501176	0.000000	0.000000
27	tsk_27	(x)	1	:	0.000000	0.000000	0.000000	0.000000	0.000000	0.000000	0.000000	0.554264	0.000000	0.000000	0.000000	0.445736	0.000000
28	tsk_28	(x)	1	:	0.000000	0.000000	0.000000	0.000000	0.000000	0.000000	0.000000	0.000000	0.000000	0.000000	0.564622	0.435378	0.000000
29	tsk_29	(x)	1	:	0.000000	0.349417	0.000000	0.000000	0.000000	0.000000	0.515233	0.000000	0.000000	0.000000	0.000009	0.135340	0.000000
30	tsk_30	(x)	1	:	0.500000	0.000000	0.500000	0.000000	0.000000	0.000000	0.000000	0.000000	0.000000	0.000000	0.000000	0.000000	0.000000
31	tsk_31	(x)	1	:	0.000000	0.000000	0.000000	0.000000	0.000000	0.000000	0.000000	0.000000	0.862208	0.137792	0.000000	0.000000	0.000000
32	tsk_32	(x)	1	:	0.000000	0.000000	0.498239	0.000000	0.000000	0.000000	0.013115	0.000000	0.416720	0.071926	0.000000	0.000000	0.000000
33	tsk_33	(x)	1	:	0.000000	0.000000	0.000000	0.000000	0.000000	0.000000	0.000000	0.000000	1.000000	0.000000	0.000000	0.000000	0.000000
34	tsk_34	(x)	1	:	0.000000	0.000000	0.000000	0.000000	0.000000	0.000000	0.000000	0.000000	0.497580	0.000000	0.502420	0.000000	0.000000
35	tsk_35	(x)	1	:	0.000000	0.000000	1.000000	0.000000	0.000000	0.000000	0.000000	0.000000	0.000000	0.000000	0.000000	0.000000	0.000000
36	tsk_36	(x)	1	:	0.000000	0.000000	0.000000	0.000000	0.000000	0.000000	0.000000	0.000000	0.415442	0.059572	0.524986	0.000000	0.000000
37	tsk_37	(x)	1	:	0.000000	0.000000	0.000000	0.000000	0.000000	0.000000	0.000000	0.000000	0.414985	0.050171	0.000000	0.000000	0.534844
38	tsk_38	(x)	1	:	0.000000	0.000000	1.000000	0.000000	0.000000	0.000000	0.000000	0.000000	0.000000	0.000000	0.000000	0.000000	0.000000
39	tsk_39	(x)	1	:	0.000000	0.000000	1.000000	0.000000	0.000000	0.000000	0.000000	0.000000	0.000000	0.000000	0.000000	0.000000	0.000000
40	tsk_40	(x)	1	:	0.000000	0.000000	0.000000	0.000000	0.000000	0.000000	0.000000	0.458410	0.000000	0.000000	0.000000	0.003993	0.537597
41	tsk_41	(x)	1	:	0.000000	0.000000	0.000000	0.000000	0.000000	0.000000	0.000000	0.000000	0.491547	0.508452	0.000000	0.000000	0.000000
42	tsk_42	(x)	1	:	0.000000	0.000000	0.000000	0.000000	0.000000	0.000000	0.000000	0.458183	0.000000	0.000000	0.000000	0.004667	0.537150
43	tsk_43	(x)	1	:	0.000000	0.000000	0.000000	0.000000	0.519007	0.000000	0.000000	0.000000	0.000000	0.000000	0.000000	0.000000	0.480993
44	tsk_44	(x)	1	:	0.000000	0.000000	0.000000	0.000000	0.000000	0.000000	0.000000	0.458919	0.000000	0.000000	0.000000	0.002486	0.538595
45	tsk_45	(x)	1	:	0.000000	0.000000	0.000000	0.000000	0.000000	0.000000	0.000000	0.000000	0.000000	0.000000	0.000000	0.000000	1.000000
46	tsk_46	(x)	1	:	0.000000	0.000000	0.000000	0.000000	0.000000	0.000000	0.000000	0.000000	0.000000	0.000000	0.000000	0.000000	1.000000
47	tsk_47	(x)	1	:	0.000000	0.000000	0.000000	0.000000	0.553047	0.000000	0.000000	0.446953	0.000000	0.000000	0.000000	0.000000	0.000000
48	tsk_48	(x)	1	:	0.000000	0.000000	0.000000	0.000000	0.519007	0.000000	0.000000	0.000000	0.000000	0.000000	0.000000	0.000000	0.480993
49	tsk_49	(x)	1	:	0.000000	0.000000	0.000000	0.000000	0.000000	0.000000	0.000000	0.000000	0.000000	0.491389	0.000000	0.000000	0.508611
50	tsk_50	(x)	1	:	0.000000	0.000000	0.000000	0.000000	0.000000	0.000000	0.000000	0.528473	0.000000	0.471527	0.000000	0.000000	0.000000
51	tsk_51	(x)	1	:	0.000000	0.000000	0.000000	0.000000	0.000000	0.000000	0.000000	0.431086	0.509609	0.000000	0.000000	0.059305	0.000000
52	tsk_52	(x)	1	:	0.000000	0.000000	0.000000	0.000000	0.471580	0.000000	0.000000	0.528420	0.000000	0.000000	0.000000	0.000000	0.000000
53	tsk_53	(x)	1	:	0.000000	0.000000	0.000000	0.000000	0.468896	0.000000	0.000000	0.531104	0.000000	0.000000	0.000000	0.000000	0.000000
54	tsk_54	(x)	1	:	0.352035	0.000000	0.000000	0.000000	0.000000	0.000000	0.647965	0.000000	0.000000	0.000000	0.000000	0.000000	0.000000
55	tsk_55	(x)	1	:	0.000000	0.000000	0.000000	0.000000	0.000000	0.000000	0.000000	0.000000	0.491547	0.508452	0.000000	0.000000	0.000000
56	tsk_56	(x)	1	:	0.000000	0.000000	0.000000	0.000000	0.000000	0.000000	0.000000	0.000000	0.684891	0.315108	0.000000	0.000000	0.000000
57	tsk_57	(x)	1	:	0.500000	0.000000	0.500000	0.000000	0.000000	0.000000	0.000000	0.000000	0.000000	0.000000	0.000000	0.000000	0.000000
58	tsk_58	(x)	1	:	0.497577	0.000000	0.000000	0.000000	0.000000	0.000000	0.018549	0.000000	0.000000	0.483874	0.000000	0.000000	0.000000
59	tsk_59	(x)	1	:	0.000000	0.000000	0.000000	0.000000	0.000000	0.000000	0.474965	0.000000	0.525035	0.000000	0.000000	0.000000	0.000000
60	tsk_60	(x)	1	:	0.000000	0.000000	0.000000	0.000000	0.000000	0.000000	1.000000	0.000000	0.000000	0.000000	0.000000	0.000000	0.000000
61	tsk_61	(x)	1	:	0.000000	0.000000	0.000000	0.000000	0.000000	0.000000	1.000000	0.000000	0.000000	0.000000	0.000000	0.000000	0.000000
62	tsk_62	(x)	1	:	0.000000	0.000000	0.000000	0.000000	0.490958	0.000000	0.509042	0.000000	0.000000	0.000000	0.000000	0.000000	0.000000
63	tsk_63	(x)	1	:	0.472281	0.000000	0.000000	0.000000	0.000000	0.265010	0.262709	0.000000	0.000000	0.000000	0.000000	0.000000	0.000000
64	tsk_64	(x)	1	:	0.000000	0.000000	0.000000	0.000000	0.490958	0.000000	0.509042	0.000000	0.000000	0.000000	0.000000	0.000000	0.000000
65	tsk_65	(x)	1	:	0.000000	0.000000	0.000000	0.000000	0.000000	0.000000	1.000000	0.000000	0.000000	0.000000	0.000000	0.000000	0.000000
66	tsk_66	(x)	1	:	0.000000	0.000000	0.557749	0.000000	0.000000	0.000000	0.442250	0.000000	0.000000	0.000000	0.000000	0.000000	0.000000
67	tsk_67	(x)	1	:	0.298491	0.000000	0.000000	0.000000	0.484988	0.216521	0.000000	0.000000	0.000000	0.000000	0.000000	0.000000	0.000000
68	tsk_68	(x)	1	:	0.000000	0.000000	0.000000	0.000000	0.000000	0.000000	0.495122	0.000000	0.000000	0.000000	0.504878	0.000000	0.000000
69	tsk_69	(x)	1	:	0.000000	0.000000	0.000000	0.000000	0.000000	0.000000	1.000000	0.000000	0.000000	0.000000	0.000000	0.000000	0.000000
70	tsk_70	(x)	1	:	0.000000	0.482142	0.000000	0.000000	0.000000	0.000000	0.000000	0.000000	0.000000	0.000000	0.517858	0.000000	0.000000
71	tsk_71	(x)	1	:	0.000000	1.000000	0.000000	0.000000	0.000000	0.000000	0.000000	0.000000	0.000000	0.000000	0.000000	0.000000	0.000000
72	tsk_72	(x)	1	:	0.000000	0.000000	0.352035	0.000000	0.000000	0.000000	0.647965	0.000000	0.000000	0.000000	0.000000	0.000000	0.000000
73	tsk_73	(x)	1	:	0.000000	0.000000	1.000000	0.000000	0.000000	0.000000	0.000000	0.000000	0.000000	0.000000	0.000000	0.000000	0.000000
74	tsk_74	(x)	1	:	0.000000	0.509350	0.489080	0.000000	0.000000	0.000000	0.001571	0.000000	0.000000	0.000000	0.000000	0.000000	0.000000
75	tsk_75	(x)	1	:	0.000000	0.000000	0.496524	0.000000	0.500559	0.000000	0.002917	0.000000	0.000000	0.000000	0.000000	0.000000	0.000000
76	tsk_76	(x)	1	:	0.000000	0.000000	1.000000	0.000000	0.000000	0.000000	0.000000	0.000000	0.000000	0.000000	0.000000	0.000000	0.000000
77	tsk_77	(x)	1	:	0.000000	0.000000	0.000000	0.000000	0.000000	0.000000	0.000000	0.446508	0.000000	0.515255	0.000000	0.038237	0.000000
78	tsk_78	(x)	1	:	0.000000	0.000000	0.352035	0.000000	0.000000	0.000000	0.647965	0.000000	0.000000	0.000000	0.000000	0.000000	0.000000
79	tsk_79	(x)	1	:	0.000000	0.000000	0.000000	0.000000	0.553047	0.000000	0.000000	0.446953	0.000000	0.000000	0.000000	0.000000	0.000000
80	tsk_80	(x)	1	:	0.000000	0.000000	0.000000	0.000000	0.490277	0.000000	0.000000	0.000000	0.000000	0.509723	0.000000	0.000000	0.000000
81	tsk_81	(x)	1	:	0.000000	0.000000	0.000000	0.000000	0.000000	0.000000	0.000000	0.000000	0.000000	1.000000	0.000000	0.000000	0.000000
82	tsk_82	(x)	1	:	0.000000	0.000000	0.000000	0.000000	0.490958	0.000000	0.509042	0.000000	0.000000	0.000000	0.000000	0.000000	0.000000
83	tsk_83	(x)	1	:	0.000000	0.000000	0.000000	0.000000	0.000000	0.000000	0.000000	0.000000	0.491547	0.508452	0.000000	0.000000	0.000000
84	tsk_84	(x)	1	:	0.000000	0.000000	0.492296	0.000000	0.000000	0.000000	0.000841	0.000000	0.000000	0.506863	0.000000	0.000000	0.000000
85	tsk_85	(x)	1	:	0.000000	0.343307	0.000000	0.000000	0.533475	0.000000	0.000000	0.000000	0.000000	0.000000	0.000000	0.123218	0.000000
86	tsk_86	(x)	1	:	0.000000	0.000000	0.492372	0.000000	0.000000	0.000000	0.000759	0.000000	0.000000	0.506868	0.000000	0.000000	0.000000
87	tsk_87	(x)	1	:	0.000000	0.000000	0.000000	0.000000	0.490277	0.000000	0.000000	0.000000	0.000000	0.509723	0.000000	0.000000	0.000000
88	tsk_88	(x)	1	:	0.000000	0.000000	0.000000	0.000000	0.000000	0.000000	0.000000	0.000000	0.000000	0.000000	1.000000	0.000000	0.000000
89	tsk_89	(x)	1	:	0.000000	0.407529	0.000000	0.000000	0.000000	0.000000	0.000000	0.592471	0.000000	0.000000	0.000000	0.000000	0.000000
90	tsk_90	(x)	1	:	0.000000	0.000000	0.000000	0.000000	0.000000	0.000000	0.000000	0.000000	0.000000	1.000000	0.000000	0.000000	0.000000
91	tsk_91	(x)	1	:	0.000000	0.000000	0.000000	0.000000	0.532949	0.000000	0.000000	0.000000	0.000000	0.000000	0.000000	0.467051	0.000000
92	tsk_92	(x)	1	:	0.000000	0.000000	0.000000	0.000000	0.000000	0.000000	0.000000	0.000000	0.000000	0.000000	0.564622	0.435378	0.000000
93	tsk_93	(x)	1	:	0.000000	0.000000	0.000000	0.000000	0.000000	0.000000	0.000000	0.000000	0.000000	0.000000	0.000000	0.505104	0.494896
94	tsk_94	(x)	1	:	0.000000	0.000000	0.000000	0.000000	0.000000	0.000000	0.000000	0.437923	0.000000	0.000000	0.000000	0.562077	0.000000
95	tsk_95	(x)	1	:	0.000000	0.000000	0.496608	0.000000	0.500571	0.000000	0.002822	0.000000	0.000000	0.000000	0.000000	0.000000	0.000000
96	tsk_96	(x)	1	:	0.000000	0.000000	0.000000	0.000000	0.532949	0.000000	0.000000	0.000000	0.000000	0.000000	0.000000	0.467051	0.000000
97	tsk_97	(x)	1	:	0.000000	0.000000	0.000000	0.000000	0.000000	0.000000	0.495122	0.000000	0.000000	0.000000	0.504878	0.000000	0.000000
98	tsk_98	(x)	1	:	0.000000	0.000000	0.493779	0.000000	0.000000	0.000000	0.009263	0.434270	0.000000	0.000000	0.000000	0.062687	0.000000
99	tsk_99	(x)	1	:	0.000000	0.000000	0.000000	0.000000	0.000000	0.000000	0.000000	0.436486	0.000000	0.000000	0.563514	0.000000	0.000000
100	tsk_100	(x)	1	:	0.000000	0.344577	0.000000	0.000000	0.000000	0.000000	0.000000	0.000000	0.000000	0.000000	0.000000	0.158715	0.496708
101	tsk_101	(x)	1	:	0.000000	0.000000	0.000000	0.000000	0.000000	0.000000	0.000000	0.458294	0.000000	0.000000	0.000000	0.004336	0.537369
102	tsk_102	(x)	1	:	0.000000	0.000000	0.000000	0.000000	0.000000	0.000000	0.000000	0.600414	0.000000	0.000000	0.000000	0.000000	0.399586
103	tsk_103	(x)	1	:	0.000000	0.000000	0.000000	0.000000	0.000000	0.000000	0.000000	0.000000	0.000000	0.000000	1.000000	0.000000	0.000000
104	tsk_104	(x)	1	:	0.000000	0.551271	0.000000	0.000000	0.000000	0.000000	0.000000	0.000000	0.000000	0.000000	0.000000	0.000000	0.448729
105	tsk_105	(x)	1	:	0.000000	0.000000	0.000000	0.000000	0.000000	0.000000	0.000000	0.541501	0.000000	0.000000	0.000000	0.000000	0.458499
106	tsk_106	(x)	1	:	0.487965	0.000000	0.000000	0.000000	0.000000	0.000000	0.000111	0.000000	0.000000	0.000000	0.511924	0.000000	0.000000
107	tsk_107	(x)	1	:	0.000000	0.000000	0.000000	0.000000	0.000000	0.000000	0.000000	0.000000	0.000000	0.000000	0.547395	0.000000	0.452605
108	tsk_108	(x)	1	:	0.000000	0.000000	0.000000	0.000000	0.000000	0.000000	0.438473	0.000000	0.000000	0.000000	0.000000	0.000000	0.561527
109	tsk_109	(x)	1	:	0.000000	0.000000	0.000000	0.000000	0.000000	0.000000	0.000000	0.000000	0.000000	0.000000	0.564622	0.435378	0.000000
110	tsk_110	(x)	1	:	0.499999	0.000000	0.000000	0.499999	0.000000	0.000000	0.000002	0.000000	0.000000	0.000000	0.000000	0.000000	0.000000
111	tsk_111	(x)	1	:	0.000000	0.000000	0.000000	1.000000	0.000000	0.000000	0.000000	0.000000	0.000000	0.000000	0.000000	0.000000	0.000000
112	tsk_112	(x)	1	:	0.301348	0.000000	0.000000	0.000000	0.000000	0.217333	0.000000	0.000000	0.000000	0.000000	0.000000	0.000000	0.481319
113	tsk_113	(x)	1	:	0.000000	0.000000	0.497619	0.000000	0.000000	0.000000	0.018505	0.000000	0.000000	0.483877	0.000000	0.000000	0.000000
114	tsk_114	(x)	1	:	0.499999	0.000000	0.000000	0.499999	0.000000	0.000000	0.000002	0.000000	0.000000	0.000000	0.000000	0.000000	0.000000
115	tsk_115	(x)	1	:	0.000000	0.000000	1.000000	0.000000	0.000000	0.000000	0.000000	0.000000	0.000000	0.000000	0.000000	0.000000	0.000000
116	tsk_116	(x)	1	:	0.500000	0.000000	0.500000	0.000000	0.000000	0.000000	0.000000	0.000000	0.000000	0.000000	0.000000	0.000000	0.000000
117	tsk_117	(x)	1	:	0.000000	0.000000	0.000000	0.345722	0.000000	0.176337	0.000000	0.000000	0.000000	0.000000	0.000000	0.000000	0.477941
118	tsk_118	(x)	1	:	0.000000	0.000000	0.499999	0.499999	0.000000	0.000000	0.000002	0.000000	0.000000	0.000000	0.000000	0.000000	0.000000
119	tsk_119	(x)	1	:	0.000000	0.000000	0.000000	1.000000	0.000000	0.000000	0.000000	0.000000	0.000000	0.000000	0.000000	0.000000	0.000000
120	tsk_120	(x)	1	:	0.000000	0.000000	0.497603	0.000000	0.000000	0.000000	0.005960	0.000000	0.000000	0.000000	0.000000	0.000000	0.496437
121	tsk_121	(x)	1	:	0.000000	0.000000	0.000000	0.494998	0.000000	0.000000	0.008919	0.000000	0.000000	0.000000	0.000000	0.000000	0.496083
122	tsk_122	(x)	1	:	0.000000	0.522077	0.000000	0.000000	0.000000	0.000000	0.000000	0.000000	0.472499	0.000000	0.000000	0.005424	0.000000
123	tsk_123	(x)	1	:	0.000000	0.521040	0.000000	0.000000	0.000000	0.000000	0.000000	0.000000	0.472370	0.000000	0.000000	0.006590	0.000000
124	tsk_124	(x)	1	:	0.497642	0.000000	0.000000	0.000000	0.000000	0.000000	0.018480	0.000000	0.000000	0.483879	0.000000	0.000000	0.000000
125	tsk_125	(x)	1	:	0.000000	0.000000	0.000000	0.000000	0.000000	0.000000	0.459566	0.000000	0.000000	0.000000	0.000000	0.044897	0.495537
126	tsk_126	(x)	1	:	0.000000	0.000000	0.000000	0.000000	0.000000	0.000000	0.000000	0.000000	0.000000	0.479751	0.000000	0.000384	0.519865
127	tsk_127	(x)	1	:	0.000000	1.000000	0.000000	0.000000	0.000000	0.000000	0.000000	0.000000	0.000000	0.000000	0.000000	0.000000	0.000000
128	tsk_128	(x)	1	:	0.000000	0.429714	0.000000	0.000000	0.000000	0.000000	0.000000	0.000000	0.000000	0.477749	0.000000	0.092537	0.000000
129	tsk_129	(x)	1	:	0.000000	0.344546	0.000000	0.000000	0.000000	0.000000	0.000000	0.000000	0.000000	0.000000	0.000000	0.158790	0.496664
130	tsk_130	(x)	1	:	0.000000	0.000000	0.000000	0.000000	0.000000	0.000000	0.000000	0.000000	0.491547	0.508452	0.000000	0.000000	0.000000
131	tsk_131	(x)	1	:	0.000000	0.000000	0.000000	0.000000	0.000000	0.000000	0.000000	0.000000	0.510795	0.000000	0.000000	0.489205	0.000000
132	tsk_132	(x)	1	:	0.000000	0.000000	0.000000	0.000000	0.000000	0.000000	0.000000	0.000000	0.510795	0.000000	0.000000	0.489205	0.000000
133	tsk_133	(x)	1	:	0.488981	0.000000	0.000000	0.000000	0.000000	0.000000	0.000002	0.510981	0.000000	0.000000	0.000000	0.000035	0.000000
134	tsk_134	(x)	1	:	0.000000	0.000000	0.000000	0.000000	0.000000	0.000000	0.000000	0.443917	0.000000	0.514767	0.000000	0.041317	0.000000
135	tsk_135	(x)	1	:	0.000000	0.349090	0.000000	0.000000	0.000000	0.000000	0.000000	0.000000	0.511318	0.000000	0.000008	0.139583	0.000000
136	tsk_136	(x)	1	:	0.000000	0.348981	0.000000	0.000000	0.000000	0.000000	0.000000	0.000000	0.000000	0.514226	0.000018	0.136775	0.000000
137	tsk_137	(x)	1	:	0.000000	0.000000	0.000000	0.000000	0.000000	0.000000	0.000000	0.000000	0.000000	1.000000	0.000000	0.000000	0.000000
138	tsk_138	(x)	1	:	0.000000	0.000000	0.000000	0.000000	0.000000	0.000000	0.000000	0.437923	0.000000	0.000000	0.000000	0.562077	0.000000
139	tsk_139	(x)	1	:	0.557749	0.000000	0.000000	0.000000	0.000000	0.000000	0.442250	0.000000	0.000000	0.000000	0.000000	0.000000	0.000000
140	tsk_140	(x)	1	:	0.000000	0.000000	0.000000	0.000000	0.000000	0.000000	0.000000	0.484369	0.515629	0.000000	0.000000	0.000002	0.000000
141	tsk_141	(x)	1	:	0.000000	0.000000	0.557749	0.000000	0.000000	0.000000	0.442250	0.000000	0.000000	0.000000	0.000000	0.000000	0.000000
142	tsk_142	(x)	1	:	0.000000	0.000000	0.000000	0.000000	0.000000	0.000000	0.496159	0.503815	0.000000	0.000000	0.000000	0.000026	0.000000
143	tsk_143	(x)	1	:	0.000000	0.000000	0.000000	0.000000	0.000000	0.000000	0.497895	0.000000	0.000000	0.502105	0.000000	0.000000	0.000000
144	tsk_144	(x)	1	:	0.000000	0.000000	0.494381	0.000000	0.000000	0.000000	0.009008	0.436029	0.000000	0.000000	0.000000	0.060582	0.000000
145	tsk_145	(x)	1	:	0.000000	0.000000	0.488982	0.000000	0.000000	0.000000	0.000001	0.510981	0.000000	0.000000	0.000000	0.000035	0.000000
146	tsk_146	(x)	1	:	0.000000	0.000000	0.000000	0.000000	0.000000	0.000000	0.513313	0.000000	0.000000	0.000000	0.000000	0.000000	0.486687
147	tsk_147	(x)	1	:	0.492350	0.000000	0.000000	0.000000	0.000000	0.000000	0.000784	0.000000	0.000000	0.506866	0.000000	0.000000	0.000000
148	tsk_148	(x)	1	:	0.498141	0.000000	0.000000	0.000000	0.000000	0.000000	0.013221	0.000000	0.416720	0.071918	0.000000	0.000000	0.000000
149	tsk_149	(x)	1	:	0.000000	0.000000	0.000000	0.000000	0.000000	0.000000	0.496159	0.503815	0.000000	0.000000	0.000000	0.000026	0.000000
