0	tsk_0	(x)	1	:	0.000000	0.000000	0.000000	0.000000	0.000000	0.000000	0.000000	0.000000	0.000000	0.000000	0.000000	1.000000	0.000000	0.000000
1	tsk_1	(x)	1	:	0.000000	0.000000	0.000000	0.000000	0.000000	0.000000	0.000000	0.000000	0.000000	0.000000	0.000000	1.000000	0.000000	0.000000
2	tsk_2	(x)	1	:	0.000000	0.000000	0.000000	0.000000	0.000000	0.000000	0.000000	0.181922	0.000000	0.318078	0.000000	0.500000	0.000000	0.000000
3	tsk_3	(x)	1	:	0.500504	0.000000	0.000000	0.000000	0.000000	0.010166	0.000000	0.000000	0.000000	0.000000	0.288668	0.000000	0.000000	0.200662
4	tsk_4	(x)	1	:	0.000000	0.000000	0.509056	0.000000	0.000000	0.000000	0.000000	0.000000	0.000000	0.000000	0.000000	0.490944	0.000000	0.000000
5	tsk_5	(x)	1	:	0.000000	0.000000	0.000000	0.000000	0.000000	0.000000	0.000000	0.147939	0.000000	0.352061	0.000000	0.500000	0.000000	0.000000
6	tsk_6	(x)	1	:	0.000000	0.000000	0.000000	0.000000	0.000000	0.005182	0.000000	0.000000	0.000000	0.002467	0.000000	0.499332	0.000000	0.493019
7	tsk_7	(x)	1	:	0.501838	0.000000	0.000000	0.000000	0.000000	0.005248	0.000000	0.000000	0.000000	0.000000	0.000000	0.000000	0.000000	0.492914
8	tsk_8	(x)	1	:	0.000000	0.000000	0.000000	0.000000	0.000000	0.000000	0.000000	0.106758	0.000000	0.393241	0.000000	0.500000	0.000000	0.000000
9	tsk_9	(x)	1	:	0.502110	0.000000	0.000000	0.000000	0.000000	0.497890	0.000000	0.000000	0.000000	0.000000	0.000000	0.000000	0.000000	0.000000
10	tsk_10	(x)	1	:	1.000000	0.000000	0.000000	0.000000	0.000000	0.000000	0.000000	0.000000	0.000000	0.000000	0.000000	0.000000	0.000000	0.000000
11	tsk_11	(x)	1	:	0.501839	0.000000	0.000000	0.000000	0.000000	0.005246	0.000000	0.000000	0.000000	0.000000	0.000000	0.000000	0.000000	0.492916
12	tsk_12	(x)	1	:	0.000000	0.000000	0.000000	0.000000	0.000000	0.000000	0.000000	0.807146	0.000000	0.192854	0.000000	0.000000	0.000000	0.000000
13	tsk_13	(x)	1	:	0.468575	0.000000	0.000000	0.000000	0.000000	0.000000	0.000000	0.000000	0.000000	0.000000	0.000000	0.000000	0.000000	0.531425
14	tsk_14	(x)	1	:	0.501837	0.000000	0.000000	0.000000	0.000000	0.005249	0.000000	0.000000	0.000000	0.000000	0.000000	0.000000	0.000000	0.492914
15	tsk_15	(x)	1	:	1.000000	0.000000	0.000000	0.000000	0.000000	0.000000	0.000000	0.000000	0.000000	0.000000	0.000000	0.000000	0.000000	0.000000
16	tsk_16	(x)	1	:	0.013846	0.000000	0.000000	0.000000	0.000000	0.000000	0.000000	0.000000	0.000000	0.000000	0.000000	0.000000	0.454622	0.531532
17	tsk_17	(x)	1	:	0.500000	0.000000	0.000000	0.000000	0.000000	0.000000	0.000000	0.195927	0.000000	0.304073	0.000000	0.000000	0.000000	0.000000
18	tsk_18	(x)	1	:	0.046134	0.000000	0.000000	0.499968	0.000000	0.000067	0.000000	0.000000	0.000000	0.000000	0.000000	0.000000	0.453831	0.000000
19	tsk_19	(x)	1	:	0.000000	0.000000	0.000000	0.000000	0.000000	0.000000	0.000000	0.000000	0.000000	0.000000	0.000000	0.000000	0.000000	1.000000
20	tsk_20	(x)	1	:	0.000000	0.000000	0.000000	0.000000	0.000000	0.000000	0.000000	0.000000	0.475319	0.000000	0.524681	0.000000	0.000000	0.000000
21	tsk_21	(x)	1	:	0.000000	0.000000	0.000000	0.000000	0.000000	0.000000	0.000000	0.000000	0.000000	0.000000	0.513270	0.000000	0.000000	0.486730
22	tsk_22	(x)	1	:	0.000000	0.000000	0.000000	0.000000	0.421186	0.000000	0.000000	0.000000	0.351583	0.000000	0.000000	0.000000	0.000000	0.227230
23	tsk_23	(x)	1	:	0.498514	0.000000	0.000000	0.000000	0.000000	0.013205	0.000000	0.000000	0.000000	0.000000	0.306976	0.000000	0.000000	0.181305
24	tsk_24	(x)	1	:	0.000000	0.000000	0.000000	0.000000	0.000000	0.000000	0.000000	0.000000	0.352448	0.000000	0.000000	0.000000	0.000000	0.647552
25	tsk_25	(x)	1	:	0.000000	0.000000	0.000000	0.000000	0.421186	0.000000	0.000000	0.000000	0.351583	0.000000	0.000000	0.000000	0.000000	0.227231
26	tsk_26	(x)	1	:	0.000000	0.000000	0.000000	0.000000	0.000000	0.000000	0.000000	0.000000	0.000000	0.000000	0.612449	0.000000	0.000000	0.387551
27	tsk_27	(x)	1	:	0.492277	0.000000	0.000000	0.000000	0.000000	0.000000	0.000000	0.000000	0.000000	0.000000	0.507722	0.000000	0.000000	0.000000
28	tsk_28	(x)	1	:	0.000000	0.000000	0.000000	0.000000	0.000000	0.000000	0.000000	0.000000	1.000000	0.000000	0.000000	0.000000	0.000000	0.000000
29	tsk_29	(x)	1	:	0.000000	0.000000	0.000000	0.000000	0.000000	0.000000	0.000000	0.000000	0.352448	0.000000	0.000000	0.000000	0.000000	0.647552
30	tsk_30	(x)	1	:	0.495227	0.504772	0.000000	0.000000	0.000000	0.000000	0.000000	0.000000	0.000000	0.000000	0.000000	0.000000	0.000000	0.000000
31	tsk_31	(x)	1	:	0.495227	0.504772	0.000000	0.000000	0.000000	0.000000	0.000000	0.000000	0.000000	0.000000	0.000000	0.000000	0.000000	0.000000
32	tsk_32	(x)	1	:	0.501837	0.000000	0.000000	0.000000	0.000000	0.005249	0.000000	0.000000	0.000000	0.000000	0.000000	0.000000	0.000000	0.492914
33	tsk_33	(x)	1	:	1.000000	0.000000	0.000000	0.000000	0.000000	0.000000	0.000000	0.000000	0.000000	0.000000	0.000000	0.000000	0.000000	0.000000
34	tsk_34	(x)	1	:	0.000000	0.242644	0.000000	0.000000	0.000000	0.000000	0.000000	0.000000	0.000000	0.000000	0.000000	0.000000	0.000000	0.757356
35	tsk_35	(x)	1	:	0.046107	0.000000	0.000000	0.499947	0.000000	0.000110	0.000000	0.000000	0.000000	0.000000	0.000000	0.000000	0.453836	0.000000
36	tsk_36	(x)	1	:	0.000000	0.731830	0.000000	0.000000	0.000000	0.000000	0.000000	0.000000	0.000000	0.000000	0.000000	0.000000	0.000000	0.268169
37	tsk_37	(x)	1	:	0.499964	0.000000	0.000000	0.499964	0.000000	0.000073	0.000000	0.000000	0.000000	0.000000	0.000000	0.000000	0.000000	0.000000
38	tsk_38	(x)	1	:	0.000000	0.508966	0.000000	0.491034	0.000000	0.000000	0.000000	0.000000	0.000000	0.000000	0.000000	0.000000	0.000000	0.000000
39	tsk_39	(x)	1	:	0.546179	0.000000	0.000000	0.000000	0.000000	0.000000	0.000000	0.000000	0.000000	0.000000	0.000000	0.000000	0.453821	0.000000
40	tsk_40	(x)	1	:	0.508951	0.491049	0.000000	0.000000	0.000000	0.000000	0.000000	0.000000	0.000000	0.000000	0.000000	0.000000	0.000000	0.000000
41	tsk_41	(x)	1	:	0.499966	0.000000	0.000000	0.499966	0.000000	0.000067	0.000000	0.000000	0.000000	0.000000	0.000000	0.000000	0.000000	0.000000
42	tsk_42	(x)	1	:	0.502110	0.000000	0.000000	0.000000	0.000000	0.497890	0.000000	0.000000	0.000000	0.000000	0.000000	0.000000	0.000000	0.000000
43	tsk_43	(x)	1	:	1.000000	0.000000	0.000000	0.000000	0.000000	0.000000	0.000000	0.000000	0.000000	0.000000	0.000000	0.000000	0.000000	0.000000
44	tsk_44	(x)	1	:	0.000000	0.000000	0.000000	0.000000	0.000000	0.003257	0.000000	0.415585	0.351219	0.086712	0.000000	0.000000	0.000000	0.143227
45	tsk_45	(x)	1	:	0.495227	0.504772	0.000000	0.000000	0.000000	0.000000	0.000000	0.000000	0.000000	0.000000	0.000000	0.000000	0.000000	0.000000
46	tsk_46	(x)	1	:	0.495227	0.504772	0.000000	0.000000	0.000000	0.000000	0.000000	0.000000	0.000000	0.000000	0.000000	0.000000	0.000000	0.000000
47	tsk_47	(x)	1	:	0.000488	0.504223	0.000000	0.000000	0.000000	0.000000	0.000000	0.325360	0.000000	0.169929	0.000000	0.000000	0.000000	0.000000
48	tsk_48	(x)	1	:	0.000000	0.731830	0.000000	0.000000	0.000000	0.000000	0.000000	0.000000	0.000000	0.000000	0.000000	0.000000	0.000000	0.268169
49	tsk_49	(x)	1	:	0.238116	0.269909	0.262337	0.000000	0.000000	0.006304	0.000000	0.000000	0.000000	0.000000	0.000000	0.000000	0.000000	0.223334
50	tsk_50	(x)	1	:	0.000051	0.000000	0.000000	0.499759	0.000000	0.000006	0.000000	0.000108	0.000000	0.001126	0.000000	0.498952	0.000000	0.000000
51	tsk_51	(x)	1	:	0.499963	0.000000	0.000000	0.499964	0.000000	0.000073	0.000000	0.000000	0.000000	0.000000	0.000000	0.000000	0.000000	0.000000
52	tsk_52	(x)	1	:	0.499965	0.000000	0.000000	0.499965	0.000000	0.000069	0.000000	0.000000	0.000000	0.000000	0.000000	0.000000	0.000000	0.000000
53	tsk_53	(x)	1	:	0.000000	0.000000	0.000000	0.000000	1.000000	0.000000	0.000000	0.000000	0.000000	0.000000	0.000000	0.000000	0.000000	0.000000
54	tsk_54	(x)	1	:	0.501837	0.000000	0.000000	0.000000	0.000000	0.005248	0.000000	0.000000	0.000000	0.000000	0.000000	0.000000	0.000000	0.492914
55	tsk_55	(x)	1	:	0.000000	0.000000	0.000000	0.000000	0.000000	0.000000	0.000000	0.000000	0.000000	0.000000	0.000000	0.000000	0.000000	1.000000
56	tsk_56	(x)	1	:	0.000000	0.000000	0.000000	1.000000	0.000000	0.000000	0.000000	0.000000	0.000000	0.000000	0.000000	0.000000	0.000000	0.000000
57	tsk_57	(x)	1	:	0.497919	0.000000	0.000000	0.000000	0.000000	0.000000	0.000000	0.000773	0.000000	0.002347	0.000000	0.498962	0.000000	0.000000
58	tsk_58	(x)	1	:	0.000000	0.000000	0.000000	0.509534	0.000000	0.000000	0.000000	0.000000	0.000000	0.000000	0.000000	0.000000	0.000000	0.490466
59	tsk_59	(x)	1	:	0.000000	0.000000	0.000000	0.000000	1.000000	0.000000	0.000000	0.000000	0.000000	0.000000	0.000000	0.000000	0.000000	0.000000
60	tsk_60	(x)	1	:	0.258753	0.000000	0.242692	0.498555	0.000000	0.000000	0.000000	0.000000	0.000000	0.000000	0.000000	0.000000	0.000000	0.000000
61	tsk_61	(x)	1	:	1.000000	0.000000	0.000000	0.000000	0.000000	0.000000	0.000000	0.000000	0.000000	0.000000	0.000000	0.000000	0.000000	0.000000
62	tsk_62	(x)	1	:	0.502110	0.000000	0.000000	0.000000	0.000000	0.497890	0.000000	0.000000	0.000000	0.000000	0.000000	0.000000	0.000000	0.000000
63	tsk_63	(x)	1	:	1.000000	0.000000	0.000000	0.000000	0.000000	0.000000	0.000000	0.000000	0.000000	0.000000	0.000000	0.000000	0.000000	0.000000
64	tsk_64	(x)	1	:	0.688700	0.000000	0.000000	0.000000	0.000000	0.000000	0.000000	0.000000	0.000000	0.000000	0.000000	0.000000	0.311300	0.000000
65	tsk_65	(x)	1	:	0.499969	0.000000	0.000000	0.499969	0.000000	0.000062	0.000000	0.000000	0.000000	0.000000	0.000000	0.000000	0.000000	0.000000
66	tsk_66	(x)	1	:	0.500000	0.000000	0.000000	0.000000	0.000000	0.000000	0.000000	0.395629	0.000000	0.104371	0.000000	0.000000	0.000000	0.000000
67	tsk_67	(x)	1	:	0.502110	0.000000	0.000000	0.000000	0.000000	0.497890	0.000000	0.000000	0.000000	0.000000	0.000000	0.000000	0.000000	0.000000
68	tsk_68	(x)	1	:	0.499968	0.000000	0.000000	0.499968	0.000000	0.000064	0.000000	0.000000	0.000000	0.000000	0.000000	0.000000	0.000000	0.000000
69	tsk_69	(x)	1	:	0.000000	0.000000	0.000000	0.000000	0.000000	0.000000	0.000000	0.824035	0.000000	0.175965	0.000000	0.000000	0.000000	0.000000
70	tsk_70	(x)	1	:	0.000000	0.000000	0.000000	0.000000	0.000000	0.506724	0.000000	0.000000	0.000000	0.000000	0.000000	0.000000	0.000000	0.493276
71	tsk_71	(x)	1	:	0.500000	0.000000	0.000000	0.000000	0.000000	0.000000	0.000000	0.385567	0.000000	0.114433	0.000000	0.000000	0.000000	0.000000
72	tsk_72	(x)	1	:	0.503937	0.000000	0.000000	0.000000	0.000000	0.000000	0.352206	0.000000	0.000000	0.000000	0.000000	0.000000	0.000000	0.143857
73	tsk_73	(x)	1	:	0.501833	0.242079	0.000000	0.000000	0.000000	0.005016	0.000000	0.000000	0.000000	0.000000	0.000000	0.000000	0.000000	0.251072
74	tsk_74	(x)	1	:	0.503970	0.276538	0.000000	0.000000	0.000000	0.000000	0.000000	0.000000	0.000000	0.000000	0.000000	0.000000	0.000000	0.219493
75	tsk_75	(x)	1	:	0.500000	0.000000	0.000000	0.000000	0.000000	0.000000	0.000000	0.364769	0.000000	0.135231	0.000000	0.000000	0.000000	0.000000
76	tsk_76	(x)	1	:	0.000000	0.000000	0.000000	0.000000	0.000000	0.000000	0.170410	0.315226	0.000000	0.188284	0.000000	0.000000	0.000000	0.326080
77	tsk_77	(x)	1	:	0.000000	0.000000	0.000000	0.000000	0.000000	0.000000	0.483679	0.000000	0.000000	0.000000	0.000000	0.000000	0.000000	0.516321
78	tsk_78	(x)	1	:	0.000000	0.000000	0.000000	0.000000	0.000000	0.544692	0.000000	0.285328	0.000000	0.169980	0.000000	0.000000	0.000000	0.000000
79	tsk_79	(x)	1	:	1.000000	0.000000	0.000000	0.000000	0.000000	0.000000	0.000000	0.000000	0.000000	0.000000	0.000000	0.000000	0.000000	0.000000
80	tsk_80	(x)	1	:	0.003633	0.000000	0.000000	0.000000	0.000000	0.497586	0.000000	0.401116	0.000000	0.097664	0.000000	0.000000	0.000000	0.000000
81	tsk_81	(x)	1	:	0.502110	0.000000	0.000000	0.000000	0.000000	0.497890	0.000000	0.000000	0.000000	0.000000	0.000000	0.000000	0.000000	0.000000
82	tsk_82	(x)	1	:	0.000000	0.000000	0.000000	0.000000	0.421020	0.506329	0.000000	0.000000	0.000000	0.000000	0.000000	0.000000	0.000000	0.072651
83	tsk_83	(x)	1	:	0.000000	0.000000	0.000000	0.000000	0.000000	0.000000	0.000000	0.704497	0.000000	0.295503	0.000000	0.000000	0.000000	0.000000
84	tsk_84	(x)	1	:	0.495227	0.504772	0.000000	0.000000	0.000000	0.000000	0.000000	0.000000	0.000000	0.000000	0.000000	0.000000	0.000000	0.000000
85	tsk_85	(x)	1	:	0.000000	0.000000	0.000000	0.502110	0.000000	0.497890	0.000000	0.000000	0.000000	0.000000	0.000000	0.000000	0.000000	0.000000
86	tsk_86	(x)	1	:	0.000000	0.000000	0.000000	0.419899	0.000000	0.000000	0.103538	0.199765	0.000000	0.276797	0.000000	0.000000	0.000000	0.000000
87	tsk_87	(x)	1	:	1.000000	0.000000	0.000000	0.000000	0.000000	0.000000	0.000000	0.000000	0.000000	0.000000	0.000000	0.000000	0.000000	0.000000
88	tsk_88	(x)	1	:	0.502110	0.000000	0.000000	0.000000	0.000000	0.497890	0.000000	0.000000	0.000000	0.000000	0.000000	0.000000	0.000000	0.000000
89	tsk_89	(x)	1	:	0.003038	0.000000	0.000000	0.000000	0.000000	0.497705	0.000000	0.284471	0.000000	0.214787	0.000000	0.000000	0.000000	0.000000
90	tsk_90	(x)	1	:	0.000000	0.242057	0.000000	0.509337	0.000000	0.000000	0.000000	0.000000	0.000000	0.000000	0.000000	0.000000	0.000000	0.248606
91	tsk_91	(x)	1	:	0.000000	0.000000	0.000000	0.447847	0.000000	0.443780	0.108373	0.000000	0.000000	0.000000	0.000000	0.000000	0.000000	0.000000
92	tsk_92	(x)	1	:	0.000000	0.000000	0.000000	0.502110	0.000000	0.497890	0.000000	0.000000	0.000000	0.000000	0.000000	0.000000	0.000000	0.000000
93	tsk_93	(x)	1	:	0.000000	0.000000	0.000000	0.502110	0.000000	0.497890	0.000000	0.000000	0.000000	0.000000	0.000000	0.000000	0.000000	0.000000
94	tsk_94	(x)	1	:	0.000000	0.000000	0.000000	0.502110	0.000000	0.497890	0.000000	0.000000	0.000000	0.000000	0.000000	0.000000	0.000000	0.000000
95	tsk_95	(x)	1	:	0.000000	0.000000	0.000000	0.502110	0.000000	0.497890	0.000000	0.000000	0.000000	0.000000	0.000000	0.000000	0.000000	0.000000
96	tsk_96	(x)	1	:	0.000000	0.000000	0.000000	0.000000	0.000000	0.430256	0.000000	0.000000	0.000000	0.000000	0.000000	0.000000	0.000000	0.569744
97	tsk_97	(x)	1	:	0.000000	0.000000	0.000000	0.000000	0.000000	1.000000	0.000000	0.000000	0.000000	0.000000	0.000000	0.000000	0.000000	0.000000
98	tsk_98	(x)	1	:	0.046142	0.000000	0.000000	0.499974	0.000000	0.000055	0.000000	0.000000	0.000000	0.000000	0.000000	0.000000	0.453830	0.000000
99	tsk_99	(x)	1	:	0.000000	0.000000	0.000000	0.502110	0.000000	0.497890	0.000000	0.000000	0.000000	0.000000	0.000000	0.000000	0.000000	0.000000
100	tsk_100	(x)	1	:	0.484086	0.000000	0.000000	0.217469	0.298445	0.000000	0.000000	0.000000	0.000000	0.000000	0.000000	0.000000	0.000000	0.000000
101	tsk_101	(x)	1	:	0.046071	0.000000	0.000000	0.499919	0.000000	0.000167	0.000000	0.000000	0.000000	0.000000	0.000000	0.000000	0.453843	0.000000
102	tsk_102	(x)	1	:	0.000000	0.000000	0.000000	0.202161	0.289461	0.000000	0.000000	0.000000	0.000000	0.000000	0.000000	0.000000	0.508378	0.000000
103	tsk_103	(x)	1	:	0.000000	0.242152	0.000000	0.000000	0.421392	0.000000	0.000000	0.000000	0.000000	0.000000	0.000000	0.000000	0.000000	0.336457
104	tsk_104	(x)	1	:	0.000000	0.000000	0.000000	0.000000	0.421186	0.000000	0.000000	0.000000	0.351584	0.000000	0.000000	0.000000	0.000000	0.227230
105	tsk_105	(x)	1	:	0.000000	0.000000	0.000000	0.000000	0.000000	0.507647	0.000000	0.000000	0.000000	0.000000	0.000000	0.000000	0.492353	0.000000
106	tsk_106	(x)	1	:	0.000000	0.000000	0.000000	0.502110	0.000000	0.497890	0.000000	0.000000	0.000000	0.000000	0.000000	0.000000	0.000000	0.000000
107	tsk_107	(x)	1	:	0.046118	0.000000	0.000000	0.499955	0.000000	0.000092	0.000000	0.000000	0.000000	0.000000	0.000000	0.000000	0.453834	0.000000
108	tsk_108	(x)	1	:	0.000000	0.000000	0.000000	0.321288	0.678712	0.000000	0.000000	0.000000	0.000000	0.000000	0.000000	0.000000	0.000000	0.000000
109	tsk_109	(x)	1	:	0.048092	0.000000	0.000000	0.000000	0.421019	0.004713	0.000000	0.000000	0.000000	0.000000	0.000000	0.000000	0.453807	0.072369
110	tsk_110	(x)	1	:	0.000000	0.000000	0.000000	0.000000	0.000000	0.005241	0.000000	0.000000	0.000000	0.002379	0.000000	0.499385	0.000000	0.492996
111	tsk_111	(x)	1	:	0.497931	0.000000	0.000000	0.000000	0.000000	0.000000	0.000000	0.001453	0.000000	0.001647	0.000000	0.498968	0.000000	0.000000
112	tsk_112	(x)	1	:	0.000000	0.000000	0.000000	0.000000	0.000000	0.005234	0.000000	0.000251	0.000000	0.002138	0.000000	0.499378	0.000000	0.492998
113	tsk_113	(x)	1	:	0.501839	0.000000	0.000000	0.000000	0.000000	0.005244	0.000000	0.000000	0.000000	0.000000	0.000000	0.000000	0.000000	0.492916
114	tsk_114	(x)	1	:	0.003098	0.000000	0.000000	0.000000	0.000000	0.004937	0.000000	0.235235	0.000000	0.263777	0.000000	0.000000	0.000000	0.492952
115	tsk_115	(x)	1	:	0.501840	0.000000	0.000000	0.000000	0.000000	0.005243	0.000000	0.000000	0.000000	0.000000	0.000000	0.000000	0.000000	0.492917
116	tsk_116	(x)	1	:	0.000000	0.000000	0.000000	0.509534	0.000000	0.000000	0.000000	0.000000	0.000000	0.000000	0.000000	0.000000	0.000000	0.490466
117	tsk_117	(x)	1	:	0.003167	0.000000	0.000000	0.000000	0.000000	0.004910	0.000000	0.279728	0.000000	0.219235	0.000000	0.000000	0.000000	0.492960
118	tsk_118	(x)	1	:	0.000000	0.000000	0.000000	0.000000	0.000000	0.000000	0.000000	0.000000	0.000000	0.000000	0.000000	0.000000	0.528190	0.471810
119	tsk_119	(x)	1	:	0.502110	0.000000	0.000000	0.000000	0.000000	0.497890	0.000000	0.000000	0.000000	0.000000	0.000000	0.000000	0.000000	0.000000
120	tsk_120	(x)	1	:	0.000000	0.000000	0.000000	0.000000	0.000000	0.000000	0.000000	0.728321	0.000000	0.271679	0.000000	0.000000	0.000000	0.000000
121	tsk_121	(x)	1	:	0.003410	0.000000	0.000000	0.000000	0.000000	0.004836	0.000000	0.418382	0.000000	0.080396	0.000000	0.000000	0.000000	0.492977
122	tsk_122	(x)	1	:	0.500000	0.000000	0.000000	0.000000	0.000000	0.000000	0.000000	0.362430	0.000000	0.137570	0.000000	0.000000	0.000000	0.000000
123	tsk_123	(x)	1	:	0.500000	0.000000	0.000000	0.000000	0.000000	0.000000	0.000000	0.397737	0.000000	0.102263	0.000000	0.000000	0.000000	0.000000
124	tsk_124	(x)	1	:	0.500000	0.000000	0.000000	0.000000	0.000000	0.000000	0.000000	0.458614	0.000000	0.041386	0.000000	0.000000	0.000000	0.000000
125	tsk_125	(x)	1	:	0.000000	0.000000	0.000000	0.000000	0.000000	0.000000	0.000000	0.449347	0.000000	0.550653	0.000000	0.000000	0.000000	0.000000
126	tsk_126	(x)	1	:	0.000000	0.000000	0.000000	0.000000	0.000000	0.005584	0.000000	0.305962	0.000000	0.195520	0.000000	0.000000	0.000000	0.492934
127	tsk_127	(x)	1	:	0.000000	0.000000	0.000000	0.000000	0.000000	0.000000	0.000000	0.000000	0.000000	0.000000	0.000000	0.000000	0.000000	1.000000
128	tsk_128	(x)	1	:	0.002879	0.000000	0.000000	0.000000	0.000000	0.004994	0.000000	0.249444	0.000000	0.249740	0.000000	0.000000	0.000000	0.492944
129	tsk_129	(x)	1	:	0.000000	0.000000	0.000000	0.000000	0.000000	0.000000	0.000000	0.761741	0.000000	0.238259	0.000000	0.000000	0.000000	0.000000
130	tsk_130	(x)	1	:	0.000000	0.000000	0.000000	0.000000	0.000000	0.000000	0.000000	0.733792	0.000000	0.266208	0.000000	0.000000	0.000000	0.000000
131	tsk_131	(x)	1	:	0.048100	0.000000	0.000000	0.000000	0.421018	0.004699	0.000000	0.000000	0.000000	0.000000	0.000000	0.000000	0.453805	0.072378
132	tsk_132	(x)	1	:	0.000000	0.000000	0.000000	0.000000	0.000000	0.507647	0.000000	0.000000	0.000000	0.000000	0.000000	0.000000	0.492353	0.000000
133	tsk_133	(x)	1	:	0.046190	0.000000	0.000000	0.000000	0.000000	0.000000	0.000000	0.397545	0.000000	0.102449	0.000000	0.000000	0.453816	0.000000
134	tsk_134	(x)	1	:	0.501839	0.000000	0.000000	0.000000	0.000000	0.005245	0.000000	0.000000	0.000000	0.000000	0.000000	0.000000	0.000000	0.492916
135	tsk_135	(x)	1	:	0.046190	0.000000	0.000000	0.000000	0.000000	0.000000	0.000000	0.291517	0.000000	0.208477	0.000000	0.000000	0.453816	0.000000
136	tsk_136	(x)	1	:	0.000000	0.000000	0.000000	0.000000	0.000000	0.000000	0.000000	0.634074	0.000000	0.365926	0.000000	0.000000	0.000000	0.000000
137	tsk_137	(x)	1	:	0.046189	0.000000	0.000000	0.000000	0.000000	0.000000	0.000000	0.297017	0.000000	0.202977	0.000000	0.000000	0.453816	0.000000
138	tsk_138	(x)	1	:	0.003570	0.000000	0.000000	0.000000	0.000000	0.497599	0.000000	0.333809	0.000000	0.165022	0.000000	0.000000	0.000000	0.000000
139	tsk_139	(x)	1	:	0.000000	0.000000	0.000000	0.000000	0.000000	0.014638	0.000000	0.000000	0.000000	0.000000	0.000000	0.000000	0.492252	0.493110
140	tsk_140	(x)	1	:	0.000000	0.000000	0.000000	0.502110	0.000000	0.497890	0.000000	0.000000	0.000000	0.000000	0.000000	0.000000	0.000000	0.000000
141	tsk_141	(x)	1	:	0.483397	0.000000	0.000000	0.000000	0.000000	0.000000	0.000000	0.000000	0.516603	0.000000	0.000000	0.000000	0.000000	0.000000
142	tsk_142	(x)	1	:	0.000000	0.000000	0.499892	0.000000	0.000000	0.000000	0.000000	0.000000	0.000000	0.000000	0.000000	0.000000	0.000000	0.500108
143	tsk_143	(x)	1	:	0.003387	0.000000	0.000000	0.000000	0.000000	0.497635	0.000000	0.283944	0.000000	0.215033	0.000000	0.000000	0.000000	0.000000
144	tsk_144	(x)	1	:	0.000000	0.000000	0.000000	0.468879	0.000000	0.000000	0.000000	0.000000	0.531121	0.000000	0.000000	0.000000	0.000000	0.000000
145	tsk_145	(x)	1	:	0.000412	0.000000	0.000000	0.000000	0.000000	0.000000	0.000000	0.427424	0.514828	0.057336	0.000000	0.000000	0.000000	0.000000
146	tsk_146	(x)	1	:	0.000000	0.000000	0.000000	0.000000	0.000000	0.506724	0.000000	0.000000	0.000000	0.000000	0.000000	0.000000	0.000000	0.493276
147	tsk_147	(x)	1	:	0.000000	0.000000	0.000000	0.000000	0.000000	0.506724	0.000000	0.000000	0.000000	0.000000	0.000000	0.000000	0.000000	0.493276
148	tsk_148	(x)	1	:	0.000000	0.000000	0.000000	0.000000	0.000000	0.000000	0.000000	0.000000	1.000000	0.000000	0.000000	0.000000	0.000000	0.000000
149	tsk_149	(x)	1	:	0.000000	0.000000	0.000000	0.000000	0.000000	0.000000	0.000000	0.000000	1.000000	0.000000	0.000000	0.000000	0.000000	0.000000
