logL = -2364.527747 (converged)
AIC = 8083.055494
BIC = 13131.890882

count.K
14 3 17 7 21 16 25 6 41 

