logL = -2609.976211 (converged)
AIC = 6919.952423
BIC = 9478.992423

count.K
30 28 38 16 38 

