0	tsk_0	(x)	1	:	0.189257	0.000000	0.000000	0.000000	0.000000	0.388802	0.000000	0.000000	0.000000	0.144433	0.000000	0.000000	0.000000	0.110353	0.167155
1	tsk_1	(x)	1	:	0.000762	0.000000	0.000000	0.000000	0.000000	0.388816	0.497247	0.000000	0.000000	0.000780	0.000000	0.000000	0.000000	0.110089	0.002307
2	tsk_2	(x)	1	:	0.000000	0.000000	0.000000	0.000000	0.529447	0.000000	0.470553	0.000000	0.000000	0.000000	0.000000	0.000000	0.000000	0.000000	0.000000
3	tsk_3	(x)	1	:	0.000000	0.000000	0.000000	0.000000	0.513204	0.000000	0.000000	0.000000	0.486796	0.000000	0.000000	0.000000	0.000000	0.000000	0.000000
4	tsk_4	(x)	1	:	0.000000	0.000000	0.000000	0.000000	0.000000	0.000000	1.000000	0.000000	0.000000	0.000000	0.000000	0.000000	0.000000	0.000000	0.000000
5	tsk_5	(x)	1	:	0.000000	0.000000	0.000000	0.000000	0.000000	0.000000	1.000000	0.000000	0.000000	0.000000	0.000000	0.000000	0.000000	0.000000	0.000000
6	tsk_6	(x)	1	:	0.000898	0.000000	0.000000	0.000000	0.000000	0.388815	0.498061	0.000000	0.000000	0.001392	0.000000	0.000000	0.000000	0.110163	0.000670
7	tsk_7	(x)	1	:	0.000000	0.000000	0.000000	0.000000	0.000000	0.388766	0.000000	0.000000	0.000000	0.000000	0.000000	0.000000	0.501047	0.110187	0.000000
8	tsk_8	(x)	1	:	0.001168	0.000000	0.000000	0.000000	0.000000	0.000000	0.497864	0.000000	0.000000	0.000169	0.000000	0.000000	0.499837	0.000000	0.000963
9	tsk_9	(x)	1	:	0.000000	0.000000	0.000000	0.000000	0.000000	0.000000	1.000000	0.000000	0.000000	0.000000	0.000000	0.000000	0.000000	0.000000	0.000000
10	tsk_10	(x)	1	:	0.000000	0.000000	0.000000	0.000000	0.000000	0.000000	0.000000	0.000000	1.000000	0.000000	0.000000	0.000000	0.000000	0.000000	0.000000
11	tsk_11	(x)	1	:	0.108667	0.000000	0.000000	0.000000	0.000000	0.000000	0.000000	0.000000	0.000000	0.146899	0.000000	0.000000	0.000000	0.499066	0.245368
12	tsk_12	(x)	1	:	0.808926	0.000000	0.000000	0.000000	0.000000	0.000000	0.000000	0.000000	0.000000	0.185403	0.000000	0.000000	0.000000	0.000000	0.005671
13	tsk_13	(x)	1	:	0.000000	0.000000	0.000000	0.000000	0.000000	0.000000	0.000000	0.000000	1.000000	0.000000	0.000000	0.000000	0.000000	0.000000	0.000000
14	tsk_14	(x)	1	:	0.092553	0.000000	0.000000	0.000000	0.000000	0.000000	0.000000	0.000000	0.500007	0.053391	0.000000	0.000000	0.000000	0.000000	0.354049
15	tsk_15	(x)	1	:	0.164014	0.000000	0.000000	0.000000	0.000000	0.000000	0.000000	0.000000	0.500041	0.001571	0.000000	0.000000	0.000000	0.000000	0.334373
16	tsk_16	(x)	1	:	0.294141	0.500000	0.000000	0.000000	0.000000	0.000000	0.000000	0.000000	0.000000	0.205242	0.000000	0.000000	0.000000	0.000000	0.000617
17	tsk_17	(x)	1	:	0.118543	0.000000	0.000000	0.000000	0.000000	0.000000	0.000000	0.000000	0.500079	0.046124	0.000000	0.000000	0.000000	0.000000	0.335254
18	tsk_18	(x)	1	:	0.093393	0.000000	0.000000	0.000000	0.000000	0.000000	0.000000	0.000000	0.500047	0.091372	0.000000	0.000000	0.000000	0.000000	0.315189
19	tsk_19	(x)	1	:	0.000000	0.000000	0.000000	0.000000	0.000000	0.000000	0.000000	0.000000	0.000000	0.000000	1.000000	0.000000	0.000000	0.000000	0.000000
20	tsk_20	(x)	1	:	0.795191	0.000000	0.000000	0.000000	0.000000	0.000000	0.000000	0.000000	0.000000	0.204809	0.000000	0.000000	0.000000	0.000000	0.000000
21	tsk_21	(x)	1	:	0.000000	0.000000	0.000000	0.000000	0.000000	0.000000	0.000000	0.000000	1.000000	0.000000	0.000000	0.000000	0.000000	0.000000	0.000000
22	tsk_22	(x)	1	:	0.169373	0.000000	0.000000	0.000000	0.000000	0.000000	0.000000	0.000000	0.500066	0.019646	0.000000	0.000000	0.000000	0.000000	0.310915
23	tsk_23	(x)	1	:	0.000000	0.000000	0.000000	0.000000	0.000000	0.516114	0.000000	0.000000	0.483886	0.000000	0.000000	0.000000	0.000000	0.000000	0.000000
24	tsk_24	(x)	1	:	0.000000	0.000000	0.000000	0.000000	0.493511	0.000000	0.000000	0.000000	0.506489	0.000000	0.000000	0.000000	0.000000	0.000000	0.000000
25	tsk_25	(x)	1	:	0.232796	0.000000	0.000000	0.000000	0.000000	0.512326	0.000000	0.000000	0.000000	0.179035	0.000000	0.000000	0.000000	0.000000	0.075842
26	tsk_26	(x)	1	:	0.183397	0.000000	0.000000	0.000000	0.481890	0.000000	0.000000	0.000000	0.000000	0.331673	0.000000	0.000000	0.000000	0.000000	0.003040
27	tsk_27	(x)	1	:	0.176229	0.000000	0.000000	0.000000	0.000000	0.000000	0.000000	0.000000	0.500019	0.016312	0.000000	0.000000	0.000000	0.000000	0.307440
28	tsk_28	(x)	1	:	0.261669	0.000000	0.000000	0.000000	0.481890	0.000000	0.000000	0.000000	0.000000	0.256441	0.000000	0.000000	0.000000	0.000000	0.000000
29	tsk_29	(x)	1	:	0.000000	0.000000	0.000000	0.000000	0.493511	0.000000	0.000000	0.000000	0.506489	0.000000	0.000000	0.000000	0.000000	0.000000	0.000000
30	tsk_30	(x)	1	:	0.357564	0.000000	0.000000	0.000000	0.000000	0.000000	0.500000	0.000000	0.000000	0.142002	0.000000	0.000000	0.000000	0.000000	0.000434
31	tsk_31	(x)	1	:	0.001032	0.000000	0.000000	0.000000	0.000000	0.000000	0.497447	0.000000	0.000000	0.000792	0.000000	0.000000	0.000000	0.498836	0.001893
32	tsk_32	(x)	1	:	0.000000	0.000000	0.000000	0.000000	0.000000	0.000000	1.000000	0.000000	0.000000	0.000000	0.000000	0.000000	0.000000	0.000000	0.000000
33	tsk_33	(x)	1	:	0.001325	0.000000	0.000000	0.000000	0.000000	0.000000	0.497398	0.000000	0.000000	0.000005	0.000000	0.000000	0.000000	0.498831	0.002441
34	tsk_34	(x)	1	:	0.001734	0.000000	0.000000	0.000000	0.000000	0.000000	0.497669	0.000000	0.000000	0.001524	0.000000	0.000000	0.000000	0.498856	0.000217
35	tsk_35	(x)	1	:	0.134500	0.000000	0.000000	0.000000	0.000000	0.000000	0.000000	0.000000	0.000000	0.064497	0.000000	0.000000	0.000000	0.499066	0.301937
36	tsk_36	(x)	1	:	0.000262	0.000000	0.499064	0.000000	0.000000	0.000000	0.497280	0.000000	0.000000	0.003394	0.000000	0.000000	0.000000	0.000000	0.000000
37	tsk_37	(x)	1	:	0.357571	0.500000	0.000000	0.000000	0.000000	0.000000	0.000000	0.000000	0.000000	0.142429	0.000000	0.000000	0.000000	0.000000	0.000000
38	tsk_38	(x)	1	:	0.000000	0.000000	0.000000	0.000000	0.494244	0.000000	0.000000	0.000000	0.000000	0.000000	0.000000	0.000000	0.000000	0.505756	0.000000
39	tsk_39	(x)	1	:	0.002646	0.499102	0.000000	0.000000	0.000000	0.000000	0.497298	0.000000	0.000000	0.000954	0.000000	0.000000	0.000000	0.000000	0.000000
40	tsk_40	(x)	1	:	0.000000	0.000000	0.000000	0.483870	0.000000	0.000000	0.000000	0.000000	0.000000	0.000000	0.000000	0.000000	0.000000	0.516130	0.000000
41	tsk_41	(x)	1	:	0.000000	0.000000	0.000000	0.000000	0.000000	0.000000	0.000000	0.000000	0.000000	0.000000	0.000000	0.000000	0.000000	1.000000	0.000000
42	tsk_42	(x)	1	:	0.000000	0.000000	0.500490	0.000000	0.000000	0.000000	0.000000	0.000000	0.000000	0.000000	0.000000	0.000000	0.000000	0.499510	0.000000
43	tsk_43	(x)	1	:	0.196709	0.000000	0.000000	0.000000	0.000000	0.388802	0.000000	0.000000	0.000000	0.148393	0.000000	0.000000	0.000000	0.110353	0.155743
44	tsk_44	(x)	1	:	0.226299	0.000000	0.000000	0.000000	0.000000	0.000000	0.000000	0.000000	0.500015	0.016849	0.000000	0.000000	0.000000	0.000000	0.256837
45	tsk_45	(x)	1	:	0.000000	0.000000	0.000000	0.000000	0.000000	0.512982	0.000000	0.000000	0.487018	0.000000	0.000000	0.000000	0.000000	0.000000	0.000000
46	tsk_46	(x)	1	:	0.588830	0.000000	0.000000	0.000000	0.000000	0.000000	0.000000	0.000000	0.000000	0.411170	0.000000	0.000000	0.000000	0.000000	0.000000
47	tsk_47	(x)	1	:	0.000000	0.000000	0.500490	0.000000	0.000000	0.000000	0.000000	0.000000	0.000000	0.000000	0.000000	0.000000	0.000000	0.499510	0.000000
48	tsk_48	(x)	1	:	0.113854	0.000000	0.000000	0.000000	0.000000	0.000000	0.000000	0.000000	0.500017	0.120164	0.000000	0.000000	0.000000	0.000000	0.265965
49	tsk_49	(x)	1	:	0.000000	0.000000	0.500428	0.000000	0.000000	0.388847	0.000000	0.000000	0.000000	0.000000	0.000000	0.000000	0.000000	0.110724	0.000000
50	tsk_50	(x)	1	:	0.195014	0.000000	0.000000	0.458639	0.000000	0.000000	0.000000	0.000000	0.000000	0.345885	0.000000	0.000000	0.000000	0.000000	0.000462
51	tsk_51	(x)	1	:	0.035374	0.000000	0.499514	0.000000	0.000000	0.000000	0.000000	0.000000	0.000000	0.464704	0.000000	0.000000	0.000000	0.000000	0.000407
52	tsk_52	(x)	1	:	0.000000	0.000000	0.000000	0.000000	0.493511	0.000000	0.000000	0.000000	0.506489	0.000000	0.000000	0.000000	0.000000	0.000000	0.000000
53	tsk_53	(x)	1	:	0.187057	0.000000	0.000000	0.458639	0.000000	0.000000	0.000000	0.000000	0.000000	0.353162	0.000000	0.000000	0.000000	0.000000	0.001142
54	tsk_54	(x)	1	:	0.000000	0.500000	0.000000	0.000000	0.000000	0.000000	0.000000	0.000000	0.500000	0.000000	0.000000	0.000000	0.000000	0.000000	0.000000
55	tsk_55	(x)	1	:	0.041153	0.000000	0.499514	0.000000	0.000000	0.000000	0.000000	0.000000	0.000000	0.459333	0.000000	0.000000	0.000000	0.000000	0.000000
56	tsk_56	(x)	1	:	0.161745	0.000000	0.000000	0.000000	0.000000	0.000000	0.000000	0.000000	0.500021	0.099845	0.000000	0.000000	0.000000	0.000000	0.238389
57	tsk_57	(x)	1	:	0.000000	1.000000	0.000000	0.000000	0.000000	0.000000	0.000000	0.000000	0.000000	0.000000	0.000000	0.000000	0.000000	0.000000	0.000000
58	tsk_58	(x)	1	:	0.000000	0.000000	0.000000	0.000000	0.000000	0.000000	0.498604	0.000000	0.499877	0.000000	0.000000	0.000000	0.000000	0.000000	0.001519
59	tsk_59	(x)	1	:	0.023737	0.000000	0.499514	0.000000	0.000000	0.000000	0.000000	0.000000	0.000000	0.476501	0.000000	0.000000	0.000000	0.000000	0.000248
60	tsk_60	(x)	1	:	0.845131	0.000000	0.000000	0.000000	0.000000	0.000000	0.000000	0.000000	0.000000	0.154869	0.000000	0.000000	0.000000	0.000000	0.000000
61	tsk_61	(x)	1	:	0.261350	0.000000	0.000000	0.000000	0.000000	0.388804	0.000016	0.000000	0.000000	0.109853	0.000000	0.000000	0.000000	0.110351	0.129625
62	tsk_62	(x)	1	:	0.179868	0.000000	0.000000	0.000000	0.000000	0.388802	0.000000	0.000000	0.000000	0.163076	0.000000	0.000000	0.000000	0.110353	0.157901
63	tsk_63	(x)	1	:	0.262425	0.000000	0.000000	0.000000	0.000000	0.388802	0.000000	0.000000	0.000000	0.096147	0.000000	0.000000	0.000000	0.110353	0.142273
64	tsk_64	(x)	1	:	0.133976	0.000000	0.000000	0.000000	0.000000	0.388802	0.000000	0.000000	0.000000	0.221786	0.000000	0.000000	0.000000	0.110353	0.145084
65	tsk_65	(x)	1	:	0.259249	0.000000	0.000000	0.000000	0.000000	0.000000	0.000000	0.000000	0.500041	0.044988	0.000000	0.000000	0.000000	0.000000	0.195721
66	tsk_66	(x)	1	:	0.001448	0.000000	0.000000	0.000000	0.000000	0.388815	0.497818	0.000000	0.000000	0.000554	0.000000	0.000000	0.000000	0.110141	0.001224
67	tsk_67	(x)	1	:	0.000000	0.000000	0.000000	0.000000	0.000000	1.000000	0.000000	0.000000	0.000000	0.000000	0.000000	0.000000	0.000000	0.000000	0.000000
68	tsk_68	(x)	1	:	0.000361	0.000000	0.000000	0.000000	0.000000	0.000000	0.498594	0.000000	0.499880	0.000000	0.000000	0.000000	0.000000	0.000000	0.001164
69	tsk_69	(x)	1	:	0.694441	0.000000	0.000000	0.000000	0.000000	0.000000	0.000000	0.000000	0.000000	0.305559	0.000000	0.000000	0.000000	0.000000	0.000000
70	tsk_70	(x)	1	:	0.000000	0.000000	0.000000	0.000000	0.000000	1.000000	0.000000	0.000000	0.000000	0.000000	0.000000	0.000000	0.000000	0.000000	0.000000
71	tsk_71	(x)	1	:	0.001557	0.000000	0.000000	0.000000	0.000000	0.388815	0.497763	0.000000	0.000000	0.000871	0.000000	0.000000	0.000000	0.110136	0.000857
72	tsk_72	(x)	1	:	0.000000	0.000000	0.000000	0.000000	0.000000	1.000000	0.000000	0.000000	0.000000	0.000000	0.000000	0.000000	0.000000	0.000000	0.000000
73	tsk_73	(x)	1	:	0.000000	0.000000	0.000000	0.000000	0.000000	0.515254	0.000000	0.000000	0.484746	0.000000	0.000000	0.000000	0.000000	0.000000	0.000000
74	tsk_74	(x)	1	:	0.140964	0.000000	0.000000	0.000000	0.000000	0.000000	0.500007	0.000000	0.000000	0.051936	0.000000	0.306831	0.000000	0.000000	0.000263
75	tsk_75	(x)	1	:	0.000000	0.000000	0.000000	0.000000	0.000000	1.000000	0.000000	0.000000	0.000000	0.000000	0.000000	0.000000	0.000000	0.000000	0.000000
76	tsk_76	(x)	1	:	0.203775	0.000000	0.000000	0.000000	0.000000	0.388802	0.000000	0.000000	0.000000	0.178534	0.000000	0.000000	0.000000	0.110353	0.118536
77	tsk_77	(x)	1	:	0.001686	0.000000	0.000000	0.000000	0.000000	0.388816	0.497312	0.000000	0.000000	0.000485	0.000000	0.000000	0.000000	0.110095	0.001605
78	tsk_78	(x)	1	:	0.000000	0.000000	0.000000	0.000000	0.000000	0.389349	0.000000	0.000000	0.501374	0.000000	0.000000	0.000000	0.000000	0.109277	0.000000
79	tsk_79	(x)	1	:	0.000000	0.000000	0.000000	0.000000	0.000000	1.000000	0.000000	0.000000	0.000000	0.000000	0.000000	0.000000	0.000000	0.000000	0.000000
80	tsk_80	(x)	1	:	0.161340	0.000000	0.000000	0.000000	0.000000	0.000000	0.000000	0.000000	0.000000	0.222567	0.000000	0.000000	0.000000	0.499066	0.117027
81	tsk_81	(x)	1	:	0.160232	0.000000	0.000000	0.000000	0.000000	0.512326	0.000000	0.000000	0.000000	0.045925	0.000000	0.000000	0.000000	0.000000	0.281516
82	tsk_82	(x)	1	:	0.073110	0.000000	0.000000	0.000000	0.000000	0.000000	0.000000	0.000000	0.000000	0.289660	0.000000	0.000000	0.000000	0.499066	0.138163
83	tsk_83	(x)	1	:	0.001081	0.498866	0.000000	0.000000	0.000000	0.000000	0.000000	0.000000	0.000000	0.000281	0.000000	0.000000	0.000000	0.498758	0.001013
84	tsk_84	(x)	1	:	0.221182	0.000000	0.000000	0.000000	0.000000	0.512326	0.000000	0.000000	0.000000	0.167757	0.000000	0.000000	0.000000	0.000000	0.098734
85	tsk_85	(x)	1	:	0.247044	0.000000	0.000000	0.000000	0.000000	0.512326	0.000000	0.000000	0.000000	0.090210	0.000000	0.000000	0.000000	0.000000	0.150419
86	tsk_86	(x)	1	:	0.000000	0.000000	0.000000	0.000000	0.000000	1.000000	0.000000	0.000000	0.000000	0.000000	0.000000	0.000000	0.000000	0.000000	0.000000
87	tsk_87	(x)	1	:	0.052987	0.000000	0.499514	0.000000	0.000000	0.000000	0.000000	0.000000	0.000000	0.447473	0.000000	0.000000	0.000000	0.000000	0.000026
88	tsk_88	(x)	1	:	0.000000	0.490058	0.000000	0.000000	0.000000	0.509942	0.000000	0.000000	0.000000	0.000000	0.000000	0.000000	0.000000	0.000000	0.000000
89	tsk_89	(x)	1	:	0.000000	0.000000	0.000000	0.000000	0.494185	0.388959	0.000000	0.000000	0.000000	0.000000	0.000000	0.000000	0.000000	0.116855	0.000000
90	tsk_90	(x)	1	:	0.000000	0.000000	0.000000	0.000000	0.496449	0.000000	0.000000	0.000000	0.000000	0.000000	0.000000	0.000000	0.000000	0.503550	0.000000
91	tsk_91	(x)	1	:	0.142113	0.000000	0.000000	0.000000	0.000000	0.000000	0.000000	0.000000	0.500062	0.069526	0.000000	0.000000	0.000000	0.000000	0.288299
92	tsk_92	(x)	1	:	0.182422	0.000000	0.000000	0.000000	0.000000	0.000000	0.000000	0.000000	0.500065	0.059053	0.000000	0.000000	0.000000	0.000000	0.258461
93	tsk_93	(x)	1	:	0.112136	0.000000	0.000000	0.000000	0.000000	0.000000	0.000000	0.000000	0.500012	0.016708	0.000000	0.000000	0.000000	0.000000	0.371144
94	tsk_94	(x)	1	:	0.397347	0.000000	0.000000	0.000000	0.481890	0.000000	0.000000	0.000000	0.000000	0.120654	0.000000	0.000000	0.000000	0.000000	0.000109
95	tsk_95	(x)	1	:	0.206616	0.000000	0.000000	0.000000	0.000000	0.000000	0.000000	0.000000	0.000000	0.086791	0.000000	0.000000	0.000000	0.499066	0.207527
96	tsk_96	(x)	1	:	0.000000	0.000000	0.000000	0.000000	0.000000	0.000000	0.000000	0.000000	1.000000	0.000000	0.000000	0.000000	0.000000	0.000000	0.000000
97	tsk_97	(x)	1	:	0.420955	0.000000	0.000000	0.000000	0.534805	0.000000	0.000000	0.000000	0.000000	0.043903	0.000000	0.000000	0.000000	0.000000	0.000337
98	tsk_98	(x)	1	:	0.136669	0.000000	0.000000	0.000000	0.000000	0.000000	0.000000	0.000000	0.500019	0.105636	0.000000	0.000000	0.000000	0.000000	0.257677
99	tsk_99	(x)	1	:	0.666527	0.000000	0.000000	0.000000	0.000000	0.000000	0.000000	0.000000	0.000000	0.333473	0.000000	0.000000	0.000000	0.000000	0.000000
100	tsk_100	(x)	1	:	0.000931	0.000000	0.000000	0.000000	0.000000	0.000000	0.499134	0.000000	0.499935	0.000000	0.000000	0.000000	0.000000	0.000000	0.000000
101	tsk_101	(x)	1	:	0.107598	0.000000	0.000000	0.000000	0.000000	0.000000	0.000000	0.000000	0.500008	0.077108	0.000000	0.000000	0.000000	0.000000	0.315285
102	tsk_102	(x)	1	:	0.000000	0.000000	0.000000	0.000000	0.000000	0.000000	0.000000	0.000000	0.501567	0.000000	0.000000	0.000000	0.000000	0.498433	0.000000
103	tsk_103	(x)	1	:	0.000000	0.000000	0.000000	0.000000	0.000000	0.000000	0.000000	0.000000	1.000000	0.000000	0.000000	0.000000	0.000000	0.000000	0.000000
104	tsk_104	(x)	1	:	0.160143	0.499992	0.000000	0.000000	0.000000	0.000000	0.000000	0.000000	0.000000	0.033043	0.000000	0.306821	0.000000	0.000000	0.000000
105	tsk_105	(x)	1	:	0.000000	0.000000	0.000000	0.000000	1.000000	0.000000	0.000000	0.000000	0.000000	0.000000	0.000000	0.000000	0.000000	0.000000	0.000000
106	tsk_106	(x)	1	:	0.000000	0.000000	0.000000	0.000000	0.493511	0.000000	0.000000	0.000000	0.506489	0.000000	0.000000	0.000000	0.000000	0.000000	0.000000
107	tsk_107	(x)	1	:	0.000000	0.000000	0.000000	0.000000	0.493511	0.000000	0.000000	0.000000	0.506489	0.000000	0.000000	0.000000	0.000000	0.000000	0.000000
108	tsk_108	(x)	1	:	0.000000	0.000000	0.000000	0.000000	0.513204	0.000000	0.000000	0.000000	0.486796	0.000000	0.000000	0.000000	0.000000	0.000000	0.000000
109	tsk_109	(x)	1	:	0.000000	0.000000	0.000000	0.000000	1.000000	0.000000	0.000000	0.000000	0.000000	0.000000	0.000000	0.000000	0.000000	0.000000	0.000000
110	tsk_110	(x)	1	:	0.256101	0.000000	0.000000	0.000000	0.000000	0.511626	0.000000	0.000000	0.000000	0.032343	0.000000	0.000000	0.000000	0.000000	0.199930
111	tsk_111	(x)	1	:	0.000000	0.000000	0.000000	0.000000	0.000000	0.000049	0.000000	0.759308	0.000000	0.000000	0.000000	0.000000	0.000000	0.240642	0.000000
112	tsk_112	(x)	1	:	0.764099	0.000000	0.000000	0.000000	0.000000	0.000000	0.000000	0.000000	0.000000	0.232141	0.000000	0.000000	0.000000	0.000000	0.003760
113	tsk_113	(x)	1	:	0.000000	0.000000	0.000000	0.000000	0.000000	0.000000	0.000000	0.000000	1.000000	0.000000	0.000000	0.000000	0.000000	0.000000	0.000000
114	tsk_114	(x)	1	:	0.144978	0.000000	0.000000	0.000000	0.000000	0.511626	0.000000	0.000000	0.000000	0.207632	0.000000	0.000000	0.000000	0.000000	0.135764
115	tsk_115	(x)	1	:	0.206164	0.000000	0.000000	0.000000	0.000000	0.000000	0.000000	0.000000	0.000000	0.111641	0.000000	0.000000	0.000000	0.499066	0.183128
116	tsk_116	(x)	1	:	0.794236	0.000000	0.000000	0.000000	0.000000	0.000000	0.000000	0.000000	0.000000	0.202663	0.000000	0.000000	0.000000	0.000000	0.003101
117	tsk_117	(x)	1	:	0.136300	0.000000	0.000000	0.000000	0.000000	0.000000	0.000000	0.000000	0.000000	0.224630	0.000000	0.000000	0.000000	0.499066	0.140004
118	tsk_118	(x)	1	:	0.104264	0.000000	0.000000	0.000000	0.000000	0.000000	0.000000	0.000000	0.500019	0.087050	0.000000	0.000000	0.000000	0.000000	0.308666
119	tsk_119	(x)	1	:	0.690857	0.000000	0.000000	0.000000	0.000000	0.000000	0.000000	0.000000	0.000000	0.309143	0.000000	0.000000	0.000000	0.000000	0.000000
120	tsk_120	(x)	1	:	0.000000	0.000000	0.000000	0.000000	0.000000	0.515280	0.000000	0.000000	0.484720	0.000000	0.000000	0.000000	0.000000	0.000000	0.000000
121	tsk_121	(x)	1	:	0.142575	0.000000	0.000000	0.141326	0.000000	0.000000	0.000000	0.000000	0.000000	0.100936	0.000000	0.000000	0.000000	0.485431	0.129732
122	tsk_122	(x)	1	:	0.000000	0.000000	0.000000	0.000000	0.000000	0.000000	0.000000	0.000000	1.000000	0.000000	0.000000	0.000000	0.000000	0.000000	0.000000
123	tsk_123	(x)	1	:	0.000000	0.000000	0.000000	0.000000	0.000000	0.000000	0.000000	0.000000	1.000000	0.000000	0.000000	0.000000	0.000000	0.000000	0.000000
124	tsk_124	(x)	1	:	0.000000	0.000000	0.000000	0.000000	0.493511	0.000000	0.000000	0.000000	0.506489	0.000000	0.000000	0.000000	0.000000	0.000000	0.000000
125	tsk_125	(x)	1	:	0.001668	0.000000	0.000000	0.000000	0.000000	0.388816	0.497269	0.000000	0.000000	0.000677	0.000000	0.000000	0.000000	0.110091	0.001479
126	tsk_126	(x)	1	:	0.000000	0.000000	0.000000	0.000000	0.000000	0.000000	0.000000	0.000000	0.501395	0.000000	0.000000	0.000000	0.000000	0.498605	0.000000
127	tsk_127	(x)	1	:	0.026791	0.000000	0.000000	0.000000	0.000000	0.000000	0.000000	0.000000	0.500103	0.018488	0.000000	0.307632	0.000000	0.000000	0.146986
128	tsk_128	(x)	1	:	0.000059	0.000000	0.000000	0.000000	0.000000	0.510756	0.489110	0.000000	0.000000	0.000029	0.000000	0.000000	0.000000	0.000000	0.000046
129	tsk_129	(x)	1	:	0.000000	0.000000	0.000000	0.000000	0.000000	0.000000	0.000000	0.000000	1.000000	0.000000	0.000000	0.000000	0.000000	0.000000	0.000000
130	tsk_130	(x)	1	:	0.000000	0.000000	0.000000	0.506180	0.000000	0.000000	0.000000	0.000000	0.493820	0.000000	0.000000	0.000000	0.000000	0.000000	0.000000
131	tsk_131	(x)	1	:	0.000000	0.000000	0.000000	0.000000	0.493511	0.000000	0.000000	0.000000	0.506489	0.000000	0.000000	0.000000	0.000000	0.000000	0.000000
132	tsk_132	(x)	1	:	0.102411	0.000000	0.000000	0.000000	0.000000	0.000000	0.000000	0.000000	0.500034	0.087875	0.000000	0.000000	0.000000	0.000000	0.309680
133	tsk_133	(x)	1	:	0.000000	0.000000	0.000000	0.000000	0.000000	0.000000	0.000000	0.000000	1.000000	0.000000	0.000000	0.000000	0.000000	0.000000	0.000000
134	tsk_134	(x)	1	:	0.000000	0.000000	0.000000	0.000000	0.000000	0.000000	0.000000	0.000000	1.000000	0.000000	0.000000	0.000000	0.000000	0.000000	0.000000
135	tsk_135	(x)	1	:	0.000000	0.000000	0.000000	0.506179	0.000000	0.000000	0.000000	0.000000	0.493821	0.000000	0.000000	0.000000	0.000000	0.000000	0.000000
136	tsk_136	(x)	1	:	0.000000	0.000000	0.000000	0.506181	0.000000	0.000000	0.000000	0.000000	0.493819	0.000000	0.000000	0.000000	0.000000	0.000000	0.000000
137	tsk_137	(x)	1	:	0.000138	0.000000	0.000000	0.000000	0.000000	0.000000	0.000000	0.000000	0.000000	0.000044	0.000000	0.999818	0.000000	0.000000	0.000000
138	tsk_138	(x)	1	:	0.000000	0.000000	0.000000	0.000000	0.000000	0.000000	0.000000	0.000000	1.000000	0.000000	0.000000	0.000000	0.000000	0.000000	0.000000
139	tsk_139	(x)	1	:	0.054595	0.000000	0.000000	0.514746	0.000000	0.000000	0.000000	0.000000	0.000000	0.058691	0.000000	0.371939	0.000000	0.000000	0.000030
140	tsk_140	(x)	1	:	0.000000	0.000000	0.000000	0.000000	0.000000	0.000000	0.000000	0.000000	0.006422	0.000000	0.501337	0.000000	0.000000	0.492241	0.000000
141	tsk_141	(x)	1	:	0.000000	0.000000	0.000000	0.000000	1.000000	0.000000	0.000000	0.000000	0.000000	0.000000	0.000000	0.000000	0.000000	0.000000	0.000000
142	tsk_142	(x)	1	:	0.000000	0.000000	0.000000	0.000000	1.000000	0.000000	0.000000	0.000000	0.000000	0.000000	0.000000	0.000000	0.000000	0.000000	0.000000
143	tsk_143	(x)	1	:	0.169848	0.000000	0.000000	0.000000	0.000000	0.000000	0.000000	0.000000	0.500124	0.163151	0.000000	0.000000	0.000000	0.000000	0.166877
144	tsk_144	(x)	1	:	0.000000	0.000000	0.483520	0.000000	0.516480	0.000000	0.000000	0.000000	0.000000	0.000000	0.000000	0.000000	0.000000	0.000000	0.000000
145	tsk_145	(x)	1	:	0.000000	0.000000	0.000000	0.000000	0.000000	0.000000	0.000000	0.000000	0.004729	0.000000	0.502983	0.000000	0.000000	0.492287	0.000000
146	tsk_146	(x)	1	:	0.000000	0.000000	0.000000	0.000000	1.000000	0.000000	0.000000	0.000000	0.000000	0.000000	0.000000	0.000000	0.000000	0.000000	0.000000
147	tsk_147	(x)	1	:	0.000000	0.000000	0.000000	0.000000	0.000000	0.605268	0.000000	0.000000	0.000000	0.000000	0.000000	0.000000	0.000000	0.394732	0.000000
148	tsk_148	(x)	1	:	0.000000	0.000000	0.000000	0.000000	1.000000	0.000000	0.000000	0.000000	0.000000	0.000000	0.000000	0.000000	0.000000	0.000000	0.000000
149	tsk_149	(x)	1	:	0.000000	0.000000	0.000000	0.000000	0.000000	0.000000	0.000000	0.000000	0.000000	0.000000	0.000000	0.000000	0.000000	1.000000	0.000000
