logL = -2314.034135 (converged)
AIC = 8428.068270
BIC = 14148.275329

count.K
8 38 11 9 15 14 12 0 2 41 

