logL = -980.685274 (converged)
AIC = 3501.370547
BIC = 5819.559724

count.K
25 14 37 24 50 

