logL = -842.458716 (converged)
AIC = 5476.917431
BIC = 11185.081949

count.K
3 11 9 29 14 1 24 18 27 14 0 

