logL = -894.313374 (converged)
AIC = 5288.626748
BIC = 10557.238513

count.K
10 0 4 8 47 8 4 23 23 23 

