logL = -1486.292914 (converged)
AIC = 6812.585828
BIC = 12593.005592

count.K
4 77 10 5 2 12 17 2 8 13 

