logL = -1395.318318 (converged)
AIC = 5150.636637
BIC = 8703.186284

count.K
20 44 7 51 11 9 8 

