logL = -958.429747 (converged)
AIC = 3064.859495
BIC = 4792.964154

count.K
31 28 65 26 

