logL = -667.780446 (converged)
AIC = 4715.560893
BIC = 9803.534540

count.K
37 26 22 12 7 17 2 5 13 9 

