logL = -4003.982323 (converged)
AIC = 9917.964645
BIC = 12793.121351

count.K
46 14 30 24 36 

