logL = -713.022510 (converged)
AIC = 5806.045021
BIC = 12399.336315

count.K
21 19 11 3 5 56 4 6 3 2 5 10 5 

