logL = -467.117015 (converged)
AIC = 4462.234031
BIC = 9772.994690

count.K
38 7 0 13 19 9 32 26 2 1 3 

