logL = -887.740344 (converged)
AIC = 6767.480688
BIC = 14282.026382

count.K
5 4 6 5 8 0 43 7 3 2 6 39 13 9 

