logL = -2720.915912 (converged)
AIC = 6341.831825
BIC = 7696.617707

count.K
42 64 44 

