logL = -756.491896 (converged)
AIC = 4452.983793
BIC = 8878.617675

count.K
1 18 57 6 14 7 30 5 12 

