logL = -1084.900380 (converged)
AIC = 6549.800761
BIC = 13143.092055

count.K
14 5 26 30 3 11 6 19 11 6 5 14 

