logL = -2034.946447 (converged)
AIC = 9769.892893
BIC = 18350.203481

count.K
5 9 42 1 5 4 9 26 0 7 2 4 3 25 8 

