logL = -993.097593 (converged)
AIC = 2754.195186
BIC = 3910.279139

count.K
88 42 20 

