logL = -975.182319 (converged)
AIC = 5052.364638
BIC = 9721.859979

count.K
30 23 2 22 1 6 59 4 3 

