0	tsk_0	(x)	1	:	0.000000	0.000000	0.355936	0.000000	0.000000	0.000000	0.000000	0.000000	0.000000	0.000000	0.000000	0.644064
1	tsk_1	(x)	1	:	0.183838	0.000000	0.000000	0.000000	0.316555	0.000000	0.000014	0.000000	0.000000	0.000000	0.000000	0.499593
2	tsk_2	(x)	1	:	0.094729	0.000000	0.355923	0.000000	0.405658	0.000000	0.000015	0.000000	0.000000	0.000000	0.000000	0.143674
3	tsk_3	(x)	1	:	0.191884	0.000000	0.000000	0.000000	0.308573	0.000000	0.000000	0.000000	0.000000	0.000000	0.000000	0.499543
4	tsk_4	(x)	1	:	0.000000	0.000000	1.000000	0.000000	0.000000	0.000000	0.000000	0.000000	0.000000	0.000000	0.000000	0.000000
5	tsk_5	(x)	1	:	0.011805	0.579476	0.383494	0.000000	0.025211	0.000000	0.000005	0.000000	0.000000	0.000000	0.000000	0.000010
6	tsk_6	(x)	1	:	0.000000	0.000000	0.355966	0.000000	0.000000	0.000000	0.000000	0.000000	0.000000	0.000000	0.515806	0.128229
7	tsk_7	(x)	1	:	0.058902	0.000000	0.355940	0.000000	0.441609	0.000000	0.000000	0.000000	0.000000	0.000000	0.000000	0.143549
8	tsk_8	(x)	1	:	0.096427	0.000000	0.000000	0.000000	0.404121	0.000000	0.000000	0.000000	0.000000	0.000000	0.000000	0.499452
9	tsk_9	(x)	1	:	0.000000	0.000000	0.000000	0.538488	0.000000	0.000000	0.000000	0.000000	0.000000	0.051999	0.409513	0.000000
10	tsk_10	(x)	1	:	0.000000	0.000000	0.000000	0.000000	0.000000	0.000000	0.000000	0.000000	0.000000	0.000000	0.000000	1.000000
11	tsk_11	(x)	1	:	0.463668	0.000000	0.000000	0.000000	0.046445	0.489887	0.000000	0.000000	0.000000	0.000000	0.000000	0.000000
12	tsk_12	(x)	1	:	0.088709	0.000000	0.000000	0.000000	0.411693	0.000000	0.000010	0.000000	0.000000	0.000000	0.000000	0.499587
13	tsk_13	(x)	1	:	0.428739	0.000000	0.000000	0.000000	0.078818	0.492443	0.000000	0.000000	0.000000	0.000000	0.000000	0.000000
14	tsk_14	(x)	1	:	0.000000	0.000000	0.000000	0.000000	0.000000	1.000000	0.000000	0.000000	0.000000	0.000000	0.000000	0.000000
15	tsk_15	(x)	1	:	0.000000	0.000000	0.000000	0.512929	0.000000	0.487071	0.000000	0.000000	0.000000	0.000000	0.000000	0.000000
16	tsk_16	(x)	1	:	0.000000	0.000000	0.000000	0.000000	0.000000	0.500344	0.000000	0.000000	0.000000	0.000000	0.000000	0.499656
17	tsk_17	(x)	1	:	0.000000	0.000000	0.000000	0.512930	0.000001	0.487070	0.000000	0.000000	0.000000	0.000000	0.000000	0.000000
18	tsk_18	(x)	1	:	0.452632	0.000000	0.000000	0.000000	0.061872	0.485496	0.000000	0.000000	0.000000	0.000000	0.000000	0.000000
19	tsk_19	(x)	1	:	0.000000	0.000000	0.000000	0.000000	0.000000	1.000000	0.000000	0.000000	0.000000	0.000000	0.000000	0.000000
20	tsk_20	(x)	1	:	0.000000	0.000000	0.000000	0.000000	0.000000	0.000000	0.000000	0.000000	0.000000	0.000000	0.000000	1.000000
21	tsk_21	(x)	1	:	0.000000	0.000000	0.000000	0.000000	0.000000	0.000000	0.000000	0.000000	0.000000	0.244576	0.227523	0.527901
22	tsk_22	(x)	1	:	0.000000	0.000000	0.000000	0.000000	0.000000	0.000000	0.000000	0.000000	0.000000	0.000000	0.000000	1.000000
23	tsk_23	(x)	1	:	0.137952	0.000000	0.000000	0.000000	0.362473	0.000000	0.000000	0.000000	0.000000	0.000000	0.000000	0.499575
24	tsk_24	(x)	1	:	0.829643	0.000000	0.000000	0.000000	0.170357	0.000000	0.000000	0.000000	0.000000	0.000000	0.000000	0.000000
25	tsk_25	(x)	1	:	0.126462	0.000000	0.000000	0.000000	0.373999	0.000000	0.000000	0.000000	0.000000	0.000000	0.000000	0.499540
26	tsk_26	(x)	1	:	0.000000	0.000000	0.000000	0.000000	0.000000	0.000000	1.000000	0.000000	0.000000	0.000000	0.000000	0.000000
27	tsk_27	(x)	1	:	0.000000	0.000000	0.000000	0.000000	0.000000	0.000000	0.000000	0.000000	0.000000	0.000000	0.000000	1.000000
28	tsk_28	(x)	1	:	0.000000	0.000000	0.000000	0.000000	0.000000	0.000000	0.000000	0.000000	0.000000	0.000000	0.000000	1.000000
29	tsk_29	(x)	1	:	0.955576	0.000000	0.000000	0.000000	0.044424	0.000000	0.000000	0.000000	0.000000	0.000000	0.000000	0.000000
30	tsk_30	(x)	1	:	0.101113	0.000000	0.000000	0.000000	0.399370	0.000000	0.000000	0.000000	0.000000	0.000000	0.000000	0.499517
31	tsk_31	(x)	1	:	0.000000	0.000000	0.000000	0.000000	0.000000	0.000000	0.000000	0.000000	0.000000	0.501631	0.000000	0.498368
32	tsk_32	(x)	1	:	0.176397	0.000000	0.000000	0.000000	0.324034	0.000000	0.000000	0.000000	0.000000	0.000000	0.000000	0.499569
33	tsk_33	(x)	1	:	0.162372	0.000000	0.000000	0.000000	0.338107	0.000000	0.000000	0.000000	0.000000	0.000000	0.000000	0.499521
34	tsk_34	(x)	1	:	0.340028	0.000000	0.000000	0.000000	0.158289	0.000000	0.000013	0.000000	0.000000	0.501670	0.000000	0.000000
35	tsk_35	(x)	1	:	0.000000	0.000000	0.000000	0.000000	0.000000	0.000000	0.000000	0.000000	0.000000	0.501631	0.000000	0.498368
36	tsk_36	(x)	1	:	0.179358	0.000000	0.000000	0.000000	0.321097	0.000000	0.000000	0.000000	0.000000	0.000000	0.000000	0.499544
37	tsk_37	(x)	1	:	0.269313	0.000000	0.000000	0.000000	0.228978	0.000000	0.000016	0.000000	0.000000	0.501693	0.000000	0.000000
38	tsk_38	(x)	1	:	0.000000	0.000000	0.000000	0.000000	0.000000	0.000000	0.000000	0.000000	0.000000	0.000000	0.000000	1.000000
39	tsk_39	(x)	1	:	0.935417	0.000000	0.000000	0.000000	0.064583	0.000000	0.000000	0.000000	0.000000	0.000000	0.000000	0.000000
40	tsk_40	(x)	1	:	0.347832	0.000000	0.000000	0.000000	0.154378	0.000000	0.000009	0.000000	0.497781	0.000000	0.000000	0.000000
41	tsk_41	(x)	1	:	0.358826	0.000000	0.000000	0.000000	0.139489	0.000000	0.000014	0.000000	0.000000	0.501672	0.000000	0.000000
42	tsk_42	(x)	1	:	0.139993	0.000000	0.000000	0.000000	0.358394	0.000000	0.000000	0.000000	0.000000	0.501613	0.000000	0.000000
43	tsk_43	(x)	1	:	0.197578	0.000000	0.355941	0.000000	0.302946	0.000000	0.000000	0.000000	0.000000	0.000000	0.000000	0.143535
44	tsk_44	(x)	1	:	0.333202	0.000000	0.000000	0.000000	0.137443	0.000000	0.000000	0.000000	0.000000	0.529355	0.000000	0.000000
45	tsk_45	(x)	1	:	0.876044	0.000000	0.000000	0.000000	0.123956	0.000000	0.000000	0.000000	0.000000	0.000000	0.000000	0.000000
46	tsk_46	(x)	1	:	0.404532	0.000000	0.000000	0.000000	0.109145	0.000000	0.000000	0.000000	0.000000	0.486323	0.000000	0.000000
47	tsk_47	(x)	1	:	0.794259	0.000000	0.000000	0.000000	0.205740	0.000000	0.000000	0.000000	0.000000	0.000000	0.000000	0.000000
48	tsk_48	(x)	1	:	0.296835	0.000000	0.000000	0.000000	0.201500	0.000000	0.000006	0.000000	0.000000	0.501658	0.000000	0.000000
49	tsk_49	(x)	1	:	0.103128	0.000000	0.507450	0.000000	0.389407	0.000000	0.000015	0.000000	0.000000	0.000000	0.000000	0.000000
50	tsk_50	(x)	1	:	0.000000	0.000000	0.000000	0.000000	0.000000	0.000000	0.000000	0.000000	0.000000	0.000000	0.000000	1.000000
51	tsk_51	(x)	1	:	0.184559	0.000000	0.000000	0.000000	0.315827	0.000000	0.000016	0.000000	0.000000	0.000000	0.000000	0.499598
52	tsk_52	(x)	1	:	0.000000	0.000000	0.000000	0.000000	0.000000	0.000000	0.000000	0.000000	0.000000	0.244576	0.227523	0.527901
53	tsk_53	(x)	1	:	0.000000	0.000000	0.000000	0.000000	0.000000	0.000000	0.000000	0.000000	0.000000	0.000000	0.000000	1.000000
54	tsk_54	(x)	1	:	0.166295	0.000000	0.000000	0.000000	0.334189	0.000000	0.000000	0.000000	0.000000	0.000000	0.000000	0.499515
55	tsk_55	(x)	1	:	0.000000	0.000000	0.000000	0.000000	0.000000	0.000000	0.000000	0.000000	0.000000	0.000000	0.000000	1.000000
56	tsk_56	(x)	1	:	0.053794	0.000000	0.000000	0.000000	0.446647	0.000000	0.000000	0.000000	0.000000	0.000000	0.000000	0.499559
57	tsk_57	(x)	1	:	0.193728	0.000000	0.000000	0.000000	0.306833	0.000000	0.000000	0.000000	0.000000	0.000000	0.000000	0.499439
58	tsk_58	(x)	1	:	0.000000	0.000000	0.000000	0.000000	0.000000	0.000000	0.000000	0.000000	0.000000	0.000000	0.000000	1.000000
59	tsk_59	(x)	1	:	0.000000	0.000000	0.000000	0.000000	0.000000	0.000000	0.000000	0.000000	0.000000	0.501631	0.000000	0.498368
60	tsk_60	(x)	1	:	0.959106	0.000000	0.000000	0.000000	0.040894	0.000000	0.000000	0.000000	0.000000	0.000000	0.000000	0.000000
61	tsk_61	(x)	1	:	0.000000	0.000000	0.355912	0.000000	0.000000	0.000000	0.000000	0.000000	0.000000	0.490181	0.000000	0.153907
62	tsk_62	(x)	1	:	0.000000	0.000000	0.000000	0.000000	0.000000	0.000000	0.000000	0.000000	0.000000	0.000000	0.520540	0.479460
63	tsk_63	(x)	1	:	0.422280	0.000000	0.000000	0.000000	0.082517	0.000000	0.000008	0.000000	0.000000	0.000000	0.495194	0.000000
64	tsk_64	(x)	1	:	0.338036	0.000000	0.000000	0.000000	0.166761	0.000000	0.000011	0.000000	0.000000	0.000000	0.495191	0.000000
65	tsk_65	(x)	1	:	0.300253	0.000000	0.000000	0.000000	0.198107	0.000000	0.000000	0.000000	0.000000	0.501640	0.000000	0.000000
66	tsk_66	(x)	1	:	0.000000	0.000000	0.000000	0.000000	0.000000	0.000000	0.000000	0.000000	0.000000	0.518725	0.481275	0.000000
67	tsk_67	(x)	1	:	0.000000	0.000000	0.000000	0.000000	0.000000	0.000000	0.000000	0.000000	0.000000	1.000000	0.000000	0.000000
68	tsk_68	(x)	1	:	0.909512	0.000000	0.000000	0.000000	0.090488	0.000000	0.000000	0.000000	0.000000	0.000000	0.000000	0.000000
69	tsk_69	(x)	1	:	0.284139	0.000000	0.000000	0.000000	0.214150	0.000000	0.000015	0.000000	0.000000	0.501696	0.000000	0.000000
70	tsk_70	(x)	1	:	0.920420	0.000000	0.000000	0.000000	0.079580	0.000000	0.000000	0.000000	0.000000	0.000000	0.000000	0.000000
71	tsk_71	(x)	1	:	0.932026	0.000000	0.000000	0.000000	0.067974	0.000000	0.000000	0.000000	0.000000	0.000000	0.000000	0.000000
72	tsk_72	(x)	1	:	0.880112	0.000000	0.000000	0.000000	0.119888	0.000000	0.000000	0.000000	0.000000	0.000000	0.000000	0.000000
73	tsk_73	(x)	1	:	0.000000	0.000000	0.000000	0.000000	0.000000	0.000000	0.000000	0.000000	0.498646	0.000000	0.000000	0.501354
74	tsk_74	(x)	1	:	0.309783	0.000000	0.000000	0.000000	0.203834	0.000000	0.000017	0.000000	0.000000	0.486366	0.000000	0.000000
75	tsk_75	(x)	1	:	0.273097	0.000000	0.000000	0.000000	0.229081	0.000000	0.000016	0.000000	0.497805	0.000000	0.000000	0.000000
76	tsk_76	(x)	1	:	0.460510	0.000000	0.000000	0.000000	0.041848	0.000000	0.000000	0.000000	0.497642	0.000000	0.000000	0.000000
77	tsk_77	(x)	1	:	0.000000	0.000000	0.000000	0.000000	0.000000	0.000000	0.000000	0.000000	0.000000	0.490183	0.000000	0.509817
78	tsk_78	(x)	1	:	0.934285	0.000000	0.000000	0.000000	0.065715	0.000000	0.000000	0.000000	0.000000	0.000000	0.000000	0.000000
79	tsk_79	(x)	1	:	0.349227	0.000000	0.000000	0.000000	0.128014	0.000000	0.000015	0.000000	0.522744	0.000000	0.000000	0.000000
80	tsk_80	(x)	1	:	0.000000	0.000000	0.000000	0.000000	0.000000	0.000000	0.000000	0.000000	0.506228	0.000000	0.493772	0.000000
81	tsk_81	(x)	1	:	0.377094	0.000000	0.000000	0.000000	0.125148	0.000000	0.000000	0.000000	0.497758	0.000000	0.000000	0.000000
82	tsk_82	(x)	1	:	0.000000	0.000000	0.000000	0.000000	0.000000	0.000000	0.000000	0.487568	0.000000	0.000000	0.512432	0.000000
83	tsk_83	(x)	1	:	0.000000	0.000000	0.000000	0.000000	0.000000	0.000000	0.000000	0.000000	1.000000	0.000000	0.000000	0.000000
84	tsk_84	(x)	1	:	0.370744	0.000000	0.000000	0.000000	0.109658	0.000000	0.000011	0.000000	0.000000	0.000000	0.519587	0.000000
85	tsk_85	(x)	1	:	0.000000	0.000000	0.000000	0.000000	0.000000	0.000000	0.000000	0.500245	0.000000	0.000000	0.496511	0.003244
86	tsk_86	(x)	1	:	0.000000	0.000000	0.000000	0.000000	0.000000	0.000000	0.000000	0.000000	0.454667	0.000000	0.545333	0.000000
87	tsk_87	(x)	1	:	0.373513	0.000000	0.000000	0.000000	0.131285	0.000000	0.000012	0.000000	0.000000	0.000000	0.495190	0.000000
88	tsk_88	(x)	1	:	0.943627	0.000000	0.000000	0.000000	0.056373	0.000000	0.000000	0.000000	0.000000	0.000000	0.000000	0.000000
89	tsk_89	(x)	1	:	0.000000	0.000000	0.000000	0.000000	0.000000	0.000000	0.000000	0.000000	0.000000	0.000000	1.000000	0.000000
90	tsk_90	(x)	1	:	0.066510	0.000000	0.000000	0.000000	0.433993	0.000000	0.000000	0.000000	0.000000	0.000000	0.000000	0.499497
91	tsk_91	(x)	1	:	0.305830	0.000000	0.000000	0.000000	0.164799	0.000000	0.000000	0.000000	0.000000	0.529371	0.000000	0.000000
92	tsk_92	(x)	1	:	0.004495	0.579539	0.383485	0.000000	0.032470	0.000000	0.000004	0.000000	0.000000	0.000000	0.000000	0.000008
93	tsk_93	(x)	1	:	0.066999	0.000000	0.000000	0.000000	0.433376	0.000000	0.000013	0.000000	0.000000	0.000000	0.000000	0.499612
94	tsk_94	(x)	1	:	0.367864	0.000000	0.000000	0.000000	0.130448	0.000000	0.000014	0.000000	0.000000	0.501674	0.000000	0.000000
95	tsk_95	(x)	1	:	0.011168	0.579550	0.383479	0.000000	0.025787	0.000000	0.000004	0.000000	0.000000	0.000000	0.000000	0.000012
96	tsk_96	(x)	1	:	0.161695	0.000000	0.000000	0.000000	0.338706	0.000000	0.000011	0.000000	0.000000	0.000000	0.000000	0.499588
97	tsk_97	(x)	1	:	0.081125	0.000000	0.000000	0.000000	0.419349	0.000000	0.000000	0.000000	0.000000	0.000000	0.000000	0.499526
98	tsk_98	(x)	1	:	0.342675	0.000000	0.000000	0.000000	0.155708	0.000000	0.000000	0.000000	0.000000	0.501617	0.000000	0.000000
99	tsk_99	(x)	1	:	0.013161	0.579445	0.383499	0.000000	0.023880	0.000000	0.000004	0.000000	0.000000	0.000000	0.000000	0.000011
100	tsk_100	(x)	1	:	0.250690	0.000000	0.000000	0.000000	0.249612	0.000000	0.000000	0.498584	0.000000	0.000000	0.000000	0.001114
101	tsk_101	(x)	1	:	0.000000	0.000000	0.000000	0.000000	0.000000	0.000000	0.000000	0.000000	0.000000	0.000000	0.000000	1.000000
102	tsk_102	(x)	1	:	0.000000	0.000000	0.000000	0.000000	0.000000	0.000000	0.000000	0.000000	0.000000	0.000000	0.000000	1.000000
103	tsk_103	(x)	1	:	0.909236	0.000000	0.000000	0.000000	0.090764	0.000000	0.000000	0.000000	0.000000	0.000000	0.000000	0.000000
104	tsk_104	(x)	1	:	0.000000	0.000000	0.000000	0.000000	0.000000	0.500344	0.000000	0.000000	0.000000	0.000000	0.000000	0.499656
105	tsk_105	(x)	1	:	0.000078	0.000000	0.000000	0.000000	0.000316	0.499835	0.000001	0.498702	0.000000	0.000000	0.000000	0.001069
106	tsk_106	(x)	1	:	0.000000	0.000000	0.000000	0.000000	0.000000	0.000000	0.000000	0.000000	0.000000	0.000000	0.496531	0.503469
107	tsk_107	(x)	1	:	0.112080	0.000000	0.000000	0.000000	0.388350	0.000000	0.000000	0.000000	0.000000	0.000000	0.000000	0.499570
108	tsk_108	(x)	1	:	0.080201	0.000000	0.000000	0.000000	0.420177	0.000000	0.000016	0.000000	0.000000	0.000000	0.000000	0.499606
109	tsk_109	(x)	1	:	0.121300	0.000000	0.000000	0.000000	0.379001	0.000000	0.000000	0.498535	0.000000	0.000000	0.000000	0.001165
110	tsk_110	(x)	1	:	0.313052	0.000000	0.000000	0.000000	0.185257	0.000000	0.000015	0.000000	0.000000	0.501676	0.000000	0.000000
111	tsk_111	(x)	1	:	0.000000	0.000000	0.000000	0.000000	0.000000	0.000000	0.000000	0.000000	0.000000	0.000000	0.000000	1.000000
112	tsk_112	(x)	1	:	0.261931	0.000000	0.000000	0.000000	0.238454	0.000000	0.000016	0.000000	0.000000	0.000000	0.000000	0.499599
113	tsk_113	(x)	1	:	0.000000	0.000000	0.000000	0.000000	0.000000	0.000000	0.000000	0.000000	0.000000	0.000000	1.000000	0.000000
114	tsk_114	(x)	1	:	0.281049	0.000000	0.000000	0.000000	0.219560	0.000000	0.000000	0.000000	0.000000	0.000000	0.000000	0.499391
115	tsk_115	(x)	1	:	0.000000	0.000000	0.000000	0.000000	0.000000	0.000000	0.000000	0.000000	0.000000	0.501631	0.000000	0.498368
116	tsk_116	(x)	1	:	0.000000	0.000000	0.000000	0.000000	0.000000	0.000000	0.000000	0.000000	0.000000	0.000000	0.496531	0.503469
117	tsk_117	(x)	1	:	0.171179	0.000000	0.000000	0.000000	0.329264	0.000000	0.000000	0.000000	0.000000	0.000000	0.000000	0.499556
118	tsk_118	(x)	1	:	0.222991	0.000000	0.000000	0.000000	0.255550	0.000000	0.000000	0.000000	0.000000	0.000000	0.000000	0.521458
119	tsk_119	(x)	1	:	0.224474	0.000000	0.000000	0.000000	0.275978	0.000000	0.000000	0.000000	0.000000	0.000000	0.000000	0.499548
120	tsk_120	(x)	1	:	0.865443	0.000000	0.000000	0.000000	0.134557	0.000000	0.000000	0.000000	0.000000	0.000000	0.000000	0.000000
121	tsk_121	(x)	1	:	0.811331	0.000000	0.000000	0.000000	0.188669	0.000000	0.000000	0.000000	0.000000	0.000000	0.000000	0.000000
122	tsk_122	(x)	1	:	0.106069	0.000000	0.000000	0.000000	0.394397	0.000000	0.000000	0.000000	0.000000	0.000000	0.000000	0.499534
123	tsk_123	(x)	1	:	0.940704	0.000000	0.000000	0.000000	0.059296	0.000000	0.000000	0.000000	0.000000	0.000000	0.000000	0.000000
124	tsk_124	(x)	1	:	0.924120	0.000000	0.000000	0.000000	0.075880	0.000000	0.000000	0.000000	0.000000	0.000000	0.000000	0.000000
125	tsk_125	(x)	1	:	0.930471	0.000000	0.000000	0.000000	0.069529	0.000000	0.000000	0.000000	0.000000	0.000000	0.000000	0.000000
126	tsk_126	(x)	1	:	0.837471	0.000000	0.000000	0.000000	0.162529	0.000000	0.000000	0.000000	0.000000	0.000000	0.000000	0.000000
127	tsk_127	(x)	1	:	0.483759	0.000000	0.000000	0.000000	0.029304	0.000000	0.000004	0.000000	0.000000	0.486932	0.000000	0.000000
128	tsk_128	(x)	1	:	0.000000	0.000000	0.000000	0.000000	0.000000	0.000000	0.000000	0.000000	0.000000	0.000000	0.000000	1.000000
129	tsk_129	(x)	1	:	0.813813	0.000000	0.000000	0.000000	0.186187	0.000000	0.000000	0.000000	0.000000	0.000000	0.000000	0.000000
130	tsk_130	(x)	1	:	0.920871	0.000000	0.000000	0.000000	0.079129	0.000000	0.000000	0.000000	0.000000	0.000000	0.000000	0.000000
131	tsk_131	(x)	1	:	0.472829	0.000000	0.000000	0.000000	0.033295	0.493877	0.000000	0.000000	0.000000	0.000000	0.000000	0.000000
132	tsk_132	(x)	1	:	0.978401	0.000000	0.000000	0.000000	0.021598	0.000000	0.000000	0.000000	0.000000	0.000000	0.000000	0.000000
133	tsk_133	(x)	1	:	0.010551	0.566807	0.000000	0.000000	0.037148	0.000000	0.000004	0.000000	0.000000	0.000000	0.000000	0.385490
134	tsk_134	(x)	1	:	0.767769	0.000000	0.000000	0.000000	0.232231	0.000000	0.000000	0.000000	0.000000	0.000000	0.000000	0.000000
135	tsk_135	(x)	1	:	0.882569	0.000000	0.000000	0.000000	0.117431	0.000000	0.000000	0.000000	0.000000	0.000000	0.000000	0.000000
136	tsk_136	(x)	1	:	0.000000	0.000000	0.448737	0.000000	0.000000	0.000000	0.000000	0.000000	0.000000	0.000000	0.000000	0.551263
137	tsk_137	(x)	1	:	0.206761	0.000000	0.355932	0.000000	0.293668	0.000000	0.000000	0.000000	0.000000	0.000000	0.000000	0.143639
138	tsk_138	(x)	1	:	0.333752	0.000000	0.000000	0.000000	0.136875	0.000000	0.000000	0.000000	0.000000	0.529373	0.000000	0.000000
139	tsk_139	(x)	1	:	0.000973	0.566839	0.000000	0.000000	0.046697	0.000000	0.000004	0.000000	0.000000	0.000000	0.000000	0.385487
140	tsk_140	(x)	1	:	0.000000	0.000000	0.267055	0.000000	0.000000	0.000000	0.000000	0.000000	0.000000	0.490586	0.000000	0.242359
141	tsk_141	(x)	1	:	0.000000	0.000000	0.448977	0.000000	0.000000	0.000000	0.000000	0.000000	0.000000	0.000000	0.000000	0.551023
142	tsk_142	(x)	1	:	0.259895	0.000000	0.000000	0.000000	0.274792	0.000000	0.000018	0.000000	0.000000	0.055579	0.409716	0.000000
143	tsk_143	(x)	1	:	0.194689	0.000000	0.000000	0.000000	0.305779	0.000000	0.000000	0.000000	0.000000	0.000000	0.000000	0.499532
144	tsk_144	(x)	1	:	0.000000	0.000000	0.000000	0.000000	0.000000	0.000000	0.000000	0.000000	0.498646	0.000000	0.000000	0.501354
145	tsk_145	(x)	1	:	0.000000	0.000000	0.000000	0.000000	0.000000	0.000000	0.000000	0.000000	0.000000	0.615073	0.384926	0.000000
146	tsk_146	(x)	1	:	0.000000	0.000000	0.000000	0.000000	0.000000	0.500344	0.000000	0.000000	0.000000	0.000000	0.000000	0.499656
147	tsk_147	(x)	1	:	0.069241	0.000000	0.000000	0.000000	0.431158	0.000000	0.000011	0.000000	0.000000	0.000000	0.000000	0.499589
148	tsk_148	(x)	1	:	0.423187	0.000000	0.000000	0.000000	0.078999	0.000000	0.000016	0.000000	0.497797	0.000000	0.000000	0.000000
149	tsk_149	(x)	1	:	0.000000	0.000000	0.267069	0.000000	0.000000	0.000000	0.000000	0.000000	0.000000	0.000000	0.000000	0.732931
