logL = -1549.723425 (converged)
AIC = 7155.446850
BIC = 13261.015226

count.K
8 41 17 9 13 45 1 12 1 3 0 

