logL = -2565.876373 (converged)
AIC = 6407.752745
BIC = 8328.538063

count.K
13 71 19 47 

