logL = -2206.653083 (converged)
AIC = 5325.306165
BIC = 6698.155859

count.K
22 103 25 

