logL = -2150.728964 (converged)
AIC = 5231.457928
BIC = 6631.403339

count.K
23 93 34 

