logL = -692.632827 (converged)
AIC = 5001.265655
BIC = 10444.494266

count.K
36 7 19 6 5 38 4 5 6 18 6 

