0	tsk_0	(x)	1	:	0.000000	0.000000	0.000000	0.000000	0.000000	0.000000	0.000000	0.000000	0.189993	0.165175	0.000000	0.197580	0.000000	0.000000	0.447252
1	tsk_1	(x)	1	:	0.000000	0.000000	0.000000	0.000000	0.000000	0.000000	0.000000	0.000000	0.059659	0.119114	0.000000	0.490339	0.000000	0.000000	0.330888
2	tsk_2	(x)	1	:	0.467835	0.000000	0.000000	0.000000	0.000000	0.250308	0.000000	0.000000	0.051185	0.031729	0.000000	0.000000	0.000000	0.000000	0.198944
3	tsk_3	(x)	1	:	0.000000	0.000000	0.000000	0.000000	0.000000	0.000000	0.000000	0.000000	0.148757	0.236104	0.452840	0.000000	0.047148	0.000000	0.115151
4	tsk_4	(x)	1	:	0.000000	0.000000	0.000000	0.000000	0.000000	0.000000	0.000000	0.000000	0.125911	0.051027	0.000000	0.490331	0.000000	0.000000	0.332730
5	tsk_5	(x)	1	:	0.000000	0.000000	0.000000	0.000000	0.000000	0.000000	0.000000	0.000000	0.000000	0.170781	0.419130	0.000000	0.080844	0.000000	0.329245
6	tsk_6	(x)	1	:	0.000000	0.000000	0.000000	0.495480	0.000000	0.000000	0.000000	0.000000	0.114010	0.193949	0.000000	0.000000	0.000000	0.000000	0.196561
7	tsk_7	(x)	1	:	0.467837	0.000000	0.000000	0.000000	0.000000	0.250314	0.000000	0.000000	0.094560	0.040671	0.000000	0.000000	0.000000	0.000000	0.146619
8	tsk_8	(x)	1	:	0.000000	0.000000	0.000000	0.000000	0.000000	0.000000	0.000000	0.000000	0.002570	0.004804	0.005158	0.489769	0.494607	0.000000	0.003093
9	tsk_9	(x)	1	:	0.000000	0.000000	0.000000	0.000000	0.000000	0.000000	0.000000	0.000000	0.054368	0.191675	0.000000	0.000000	0.000000	0.566712	0.187245
10	tsk_10	(x)	1	:	0.000000	0.000000	0.000000	0.000000	0.000000	0.000000	0.000000	0.000000	0.239456	0.224667	0.378071	0.000000	0.121893	0.000000	0.035913
11	tsk_11	(x)	1	:	0.000000	0.000000	0.000000	0.000000	0.000000	0.000000	0.000000	0.000000	0.125317	0.567515	0.000000	0.000000	0.000000	0.000000	0.307168
12	tsk_12	(x)	1	:	0.000000	0.000000	0.000000	0.000000	0.000000	0.000000	0.000000	0.000000	0.214786	0.138138	0.000000	0.490353	0.000000	0.000000	0.156723
13	tsk_13	(x)	1	:	0.000000	0.000000	0.000000	0.000000	0.000000	0.500311	0.000000	0.000000	0.069816	0.105720	0.000000	0.000000	0.000000	0.000000	0.324152
14	tsk_14	(x)	1	:	0.000000	0.000000	0.000000	0.000000	0.000000	0.000000	0.000000	0.000000	0.076294	0.287350	0.000000	0.490262	0.000000	0.000000	0.146094
15	tsk_15	(x)	1	:	0.000000	0.000000	0.000000	0.000000	0.000000	0.000000	0.000000	0.000000	0.121822	0.055828	0.000000	0.490219	0.000000	0.000000	0.332131
16	tsk_16	(x)	1	:	0.000000	0.000000	0.000000	0.000000	0.000000	0.000000	0.000000	0.000000	0.267932	0.402300	0.000000	0.000000	0.000000	0.000000	0.329768
17	tsk_17	(x)	1	:	0.000000	0.000000	0.000000	0.000000	0.000000	0.000000	0.000000	0.000000	0.289640	0.169098	0.000000	0.000000	0.000000	0.000000	0.541263
18	tsk_18	(x)	1	:	0.000000	0.000001	0.000000	0.000000	0.000000	0.000002	0.000000	0.000001	0.131863	0.257739	0.000000	0.000000	0.000000	0.000000	0.610395
19	tsk_19	(x)	1	:	0.000000	0.000000	0.000000	0.000000	0.000000	0.000000	0.000000	0.000000	0.104969	0.103170	0.000000	0.490297	0.000000	0.000000	0.301563
20	tsk_20	(x)	1	:	0.000000	0.148676	0.000000	0.000000	0.000000	0.000000	0.000000	0.351147	0.093687	0.120500	0.000000	0.000000	0.000000	0.000000	0.285990
21	tsk_21	(x)	1	:	1.000000	0.000000	0.000000	0.000000	0.000000	0.000000	0.000000	0.000000	0.000000	0.000000	0.000000	0.000000	0.000000	0.000000	0.000000
22	tsk_22	(x)	1	:	0.000000	0.000000	0.000000	0.000000	0.000000	0.000000	0.000000	0.000000	0.084858	0.219477	0.317479	0.000000	0.182499	0.000000	0.195687
23	tsk_23	(x)	1	:	0.524405	0.000000	0.000000	0.000000	0.000000	0.000000	0.000000	0.000000	0.144522	0.039795	0.000000	0.000000	0.000000	0.000000	0.291278
24	tsk_24	(x)	1	:	0.000000	0.000000	0.000000	0.000000	0.000000	0.000000	0.000000	0.000000	0.172887	0.112065	0.392018	0.000000	0.107979	0.000000	0.215051
25	tsk_25	(x)	1	:	0.524404	0.000000	0.000000	0.000000	0.000000	0.000000	0.000000	0.000000	0.057769	0.000000	0.000000	0.000000	0.000000	0.000000	0.417826
26	tsk_26	(x)	1	:	0.494968	0.068067	0.000000	0.000000	0.000000	0.000000	0.000000	0.427674	0.002562	0.004633	0.000000	0.000000	0.000000	0.000000	0.002096
27	tsk_27	(x)	1	:	0.000000	0.246752	0.000000	0.000000	0.000000	0.000000	0.000000	0.253275	0.008143	0.015254	0.000000	0.000000	0.000000	0.424646	0.051929
28	tsk_28	(x)	1	:	1.000000	0.000000	0.000000	0.000000	0.000000	0.000000	0.000000	0.000000	0.000000	0.000000	0.000000	0.000000	0.000000	0.000000	0.000000
29	tsk_29	(x)	1	:	0.495500	0.000000	0.000003	0.000000	0.000000	0.000000	0.000000	0.000000	0.001721	0.002730	0.484551	0.000000	0.015198	0.000000	0.000298
30	tsk_30	(x)	1	:	0.000000	0.121749	0.000000	0.000000	0.000000	0.000000	0.000000	0.377837	0.095842	0.090364	0.000000	0.000000	0.000000	0.000000	0.314208
31	tsk_31	(x)	1	:	0.000000	0.110760	0.000000	0.000000	0.000000	0.000000	0.000000	0.388362	0.203643	0.124668	0.000000	0.000000	0.000000	0.000000	0.172567
32	tsk_32	(x)	1	:	0.000000	0.000000	0.000000	0.000000	0.000000	0.000000	0.000000	0.000000	0.004373	0.003054	0.017193	0.489983	0.482657	0.000000	0.002739
33	tsk_33	(x)	1	:	0.512549	0.000000	0.000000	0.000000	0.000000	0.000000	0.000000	0.000000	0.000000	0.000000	0.446573	0.000000	0.040878	0.000000	0.000000
34	tsk_34	(x)	1	:	0.000000	0.000000	0.000000	0.000000	0.000000	0.250107	0.000000	0.000000	0.083542	0.373561	0.000000	0.000000	0.000000	0.000000	0.292790
35	tsk_35	(x)	1	:	0.000000	0.216669	0.000000	0.000000	0.000000	0.000000	0.000000	0.279274	0.002354	0.000000	0.349834	0.000000	0.149360	0.000000	0.002509
36	tsk_36	(x)	1	:	0.512548	0.000000	0.000000	0.000000	0.000000	0.000001	0.000000	0.000000	0.000000	0.000000	0.458010	0.000000	0.029441	0.000000	0.000000
37	tsk_37	(x)	1	:	0.000000	0.102752	0.000000	0.000000	0.000000	0.000000	0.000000	0.396764	0.052170	0.133001	0.000000	0.000000	0.000000	0.000000	0.315312
38	tsk_38	(x)	1	:	0.000000	0.000000	0.000000	0.000000	0.000000	0.000000	0.000000	0.000000	0.175357	0.217894	0.345976	0.000000	0.154021	0.000000	0.106752
39	tsk_39	(x)	1	:	0.000000	0.000000	0.000000	0.000000	0.000000	0.000000	0.000000	0.000000	0.166089	0.267912	0.376217	0.000000	0.123770	0.000000	0.066011
40	tsk_40	(x)	1	:	1.000000	0.000000	0.000000	0.000000	0.000000	0.000000	0.000000	0.000000	0.000000	0.000000	0.000000	0.000000	0.000000	0.000000	0.000000
41	tsk_41	(x)	1	:	0.000000	0.139824	0.000000	0.000000	0.000000	0.000000	0.000000	0.357186	0.256261	0.246729	0.000000	0.000000	0.000000	0.000000	0.000000
42	tsk_42	(x)	1	:	0.467783	0.000000	0.000000	0.000000	0.000000	0.000000	0.000000	0.000000	0.020440	0.003004	0.466291	0.000000	0.033736	0.000000	0.008746
43	tsk_43	(x)	1	:	0.000000	0.000000	0.000000	0.000000	0.000000	0.000000	0.000000	0.000000	0.185706	0.275551	0.000000	0.000000	0.000000	0.000000	0.538743
44	tsk_44	(x)	1	:	1.000000	0.000000	0.000000	0.000000	0.000000	0.000000	0.000000	0.000000	0.000000	0.000000	0.000000	0.000000	0.000000	0.000000	0.000000
45	tsk_45	(x)	1	:	0.000000	0.000000	0.000000	0.495531	0.000000	0.000000	0.000000	0.000000	0.027534	0.039984	0.000000	0.000000	0.000000	0.424631	0.012320
46	tsk_46	(x)	1	:	0.467740	0.000000	0.000000	0.000000	0.000000	0.000000	0.000000	0.000000	0.177682	0.161990	0.000000	0.000000	0.000000	0.000000	0.192588
47	tsk_47	(x)	1	:	0.000000	0.000000	0.000000	0.000000	0.000000	0.000000	0.000000	0.000000	0.237002	0.099597	0.206055	0.000000	0.293934	0.000000	0.163412
48	tsk_48	(x)	1	:	0.495714	0.000000	0.000000	0.000000	0.000000	0.000000	0.000000	0.000000	0.191932	0.063683	0.000000	0.000000	0.000000	0.000000	0.248671
49	tsk_49	(x)	1	:	0.000000	0.000000	0.000000	0.000000	0.000000	0.000000	0.000000	0.000000	0.153310	0.187755	0.428081	0.000000	0.071904	0.000000	0.158950
50	tsk_50	(x)	1	:	0.000000	0.000000	0.000000	0.495474	0.000000	0.000000	0.000000	0.000000	0.196975	0.228429	0.000000	0.000000	0.000000	0.000000	0.079122
51	tsk_51	(x)	1	:	0.000000	0.051446	0.000000	0.000000	0.000000	0.000000	0.000000	0.948553	0.000001	0.000000	0.000000	0.000000	0.000000	0.000000	0.000000
52	tsk_52	(x)	1	:	0.000000	0.000000	0.000000	0.495493	0.000000	0.000000	0.000000	0.000000	0.069627	0.199434	0.000000	0.000000	0.000000	0.000000	0.235446
53	tsk_53	(x)	1	:	0.000000	0.000000	0.000000	1.000000	0.000000	0.000000	0.000000	0.000000	0.000000	0.000000	0.000000	0.000000	0.000000	0.000000	0.000000
54	tsk_54	(x)	1	:	0.000000	0.000000	0.000000	0.999999	0.000000	0.000000	0.000000	0.000000	0.000000	0.000000	0.000001	0.000000	0.000000	0.000000	0.000000
55	tsk_55	(x)	1	:	0.000000	0.118484	0.000000	0.000000	0.000000	0.000000	0.000000	0.881515	0.000000	0.000001	0.000000	0.000000	0.000000	0.000000	0.000000
56	tsk_56	(x)	1	:	0.000000	0.176099	0.000000	0.554078	0.000000	0.000000	0.000000	0.269823	0.000000	0.000000	0.000000	0.000000	0.000000	0.000000	0.000000
57	tsk_57	(x)	1	:	0.467835	0.000000	0.000000	0.000000	0.000000	0.250308	0.000000	0.000000	0.031291	0.040489	0.000000	0.000000	0.000000	0.000000	0.210077
58	tsk_58	(x)	1	:	0.495037	0.079904	0.000000	0.000000	0.000000	0.000000	0.000000	0.416231	0.003037	0.003032	0.000000	0.000000	0.000000	0.000000	0.002758
59	tsk_59	(x)	1	:	0.000000	0.000000	0.000000	0.999999	0.000000	0.000000	0.000001	0.000000	0.000000	0.000000	0.000000	0.000000	0.000000	0.000000	0.000000
60	tsk_60	(x)	1	:	0.000000	0.000000	0.000000	0.000000	0.000000	0.000000	0.000000	0.000000	0.083533	0.515356	0.000000	0.000000	0.000000	0.000000	0.401111
61	tsk_61	(x)	1	:	0.000000	0.000000	0.000000	0.000000	0.000000	0.000000	0.000000	0.000000	0.242483	0.182949	0.455041	0.000000	0.044947	0.000000	0.074581
62	tsk_62	(x)	1	:	0.000000	0.000000	0.000000	0.000000	0.000000	0.000000	0.000000	0.000000	0.086627	0.296998	0.310106	0.000000	0.189871	0.000000	0.116398
63	tsk_63	(x)	1	:	0.000000	0.060359	0.000000	0.000000	0.000000	0.000000	0.000000	0.391840	0.000001	0.000001	0.000000	0.000000	0.000000	0.547797	0.000002
64	tsk_64	(x)	1	:	0.000000	0.083651	0.000000	0.000000	0.000001	0.000000	0.000000	0.916348	0.000000	0.000000	0.000000	0.000000	0.000000	0.000000	0.000000
65	tsk_65	(x)	1	:	0.000000	0.054044	0.000000	0.000000	0.000000	0.000000	0.000000	0.439879	0.005479	0.001194	0.387548	0.000000	0.111248	0.000000	0.000609
66	tsk_66	(x)	1	:	0.000000	0.348054	0.000000	0.000000	0.000000	0.000000	0.000000	0.651946	0.000000	0.000000	0.000000	0.000000	0.000000	0.000000	0.000000
67	tsk_67	(x)	1	:	0.000000	0.125830	0.000000	0.000000	0.000000	0.000000	0.000000	0.367865	0.002793	0.004361	0.387599	0.000000	0.111153	0.000000	0.000399
68	tsk_68	(x)	1	:	0.000000	0.031464	0.000000	0.000000	0.000000	0.000000	0.000000	0.420735	0.000000	0.000002	0.000000	0.000000	0.000000	0.547798	0.000001
69	tsk_69	(x)	1	:	0.000000	0.000000	0.000000	0.000000	0.000000	0.000000	0.000000	0.000000	0.000000	0.000000	0.000000	0.000000	0.000000	1.000000	0.000000
70	tsk_70	(x)	1	:	0.000000	0.000000	0.000000	0.000000	0.000000	0.000000	0.000000	0.000000	0.000000	0.000000	0.844815	0.000000	0.155184	0.000000	0.000000
71	tsk_71	(x)	1	:	0.000000	0.000000	0.000000	0.496636	0.000000	0.000000	0.000000	0.000000	0.000000	0.000000	0.000000	0.000000	0.503364	0.000000	0.000000
72	tsk_72	(x)	1	:	0.000000	0.099408	0.000000	0.000000	0.000000	0.000000	0.000000	0.900592	0.000000	0.000000	0.000000	0.000000	0.000000	0.000000	0.000000
73	tsk_73	(x)	1	:	0.000000	0.000000	0.000000	0.000000	0.000000	0.000000	0.000000	0.000000	0.000000	0.000000	0.892836	0.000000	0.107164	0.000000	0.000000
74	tsk_74	(x)	1	:	0.495680	0.000000	0.000004	0.000000	0.000000	0.000000	0.000000	0.000000	0.000792	0.002662	0.454809	0.000000	0.045142	0.000000	0.000912
75	tsk_75	(x)	1	:	0.000000	0.000000	0.000000	0.000000	0.000000	0.000000	0.000000	0.000000	0.000000	0.000000	0.866312	0.000000	0.133688	0.000000	0.000000
76	tsk_76	(x)	1	:	0.000000	0.170901	0.000000	0.000000	0.000000	0.000000	0.000000	0.829098	0.000000	0.000000	0.000000	0.000000	0.000000	0.000000	0.000001
77	tsk_77	(x)	1	:	0.000000	0.000000	0.000000	0.000000	0.000000	0.000000	0.000000	0.000000	0.104775	0.412281	0.000000	0.000000	0.000000	0.000000	0.482944
78	tsk_78	(x)	1	:	0.000000	0.122196	0.000000	0.000000	0.000000	0.000000	0.000000	0.372857	0.001477	0.003255	0.378685	0.000000	0.120333	0.000000	0.001196
79	tsk_79	(x)	1	:	0.000000	0.000000	0.000000	0.000000	0.000000	0.000000	0.000000	0.000000	0.000000	0.000000	0.954625	0.000000	0.045375	0.000000	0.000000
80	tsk_80	(x)	1	:	0.000000	0.000000	0.000000	0.002456	0.000000	0.000000	0.498117	0.000000	0.171885	0.171834	0.000000	0.000000	0.000000	0.000000	0.155709
81	tsk_81	(x)	1	:	0.000000	0.000000	0.000000	0.001727	0.000000	0.000000	0.501772	0.000000	0.000000	0.000000	0.000000	0.496501	0.000000	0.000000	0.000000
82	tsk_82	(x)	1	:	0.000000	0.000000	0.000000	0.000001	0.000000	0.000000	0.999999	0.000000	0.000000	0.000000	0.000000	0.000000	0.000000	0.000000	0.000000
83	tsk_83	(x)	1	:	0.467744	0.000000	0.000000	0.000000	0.000000	0.000000	0.000000	0.000000	0.104061	0.086265	0.000000	0.000000	0.000000	0.000000	0.341930
84	tsk_84	(x)	1	:	0.000000	0.467973	0.000000	0.001875	0.000000	0.000000	0.497212	0.026491	0.001342	0.004708	0.000000	0.000000	0.000000	0.000000	0.000400
85	tsk_85	(x)	1	:	0.000000	0.000000	0.000000	0.002482	0.000000	0.000000	0.498106	0.000000	0.281887	0.071340	0.000000	0.000000	0.000000	0.000000	0.146184
86	tsk_86	(x)	1	:	0.000000	0.000000	0.000000	0.000558	0.000000	0.000000	0.502750	0.000000	0.000000	0.000000	0.000000	0.496692	0.000000	0.000000	0.000000
87	tsk_87	(x)	1	:	0.000000	0.000000	0.000000	0.000001	0.000000	0.000000	0.999998	0.000000	0.000000	0.000000	0.000000	0.000000	0.000000	0.000000	0.000000
88	tsk_88	(x)	1	:	0.000000	0.000000	0.000000	0.000000	0.000000	0.000000	0.000000	0.000000	0.268582	0.527861	0.000000	0.000000	0.000000	0.000000	0.203557
89	tsk_89	(x)	1	:	0.000000	0.000000	0.000000	0.000002	0.000000	0.000000	0.999998	0.000000	0.000000	0.000000	0.000000	0.000000	0.000000	0.000000	0.000000
90	tsk_90	(x)	1	:	0.000000	0.294861	0.000000	0.000000	0.000000	0.000000	0.000000	0.705139	0.000000	0.000000	0.000000	0.000000	0.000000	0.000000	0.000000
91	tsk_91	(x)	1	:	0.000000	0.000000	0.000000	0.496635	0.000000	0.000000	0.000000	0.000000	0.000000	0.000000	0.313653	0.000000	0.189712	0.000000	0.000000
92	tsk_92	(x)	1	:	0.000000	0.094537	0.000000	0.000000	0.000000	0.000000	0.000000	0.905462	0.000000	0.000000	0.000000	0.000000	0.000000	0.000000	0.000000
93	tsk_93	(x)	1	:	0.520397	0.055277	0.000000	0.000000	0.000000	0.000000	0.000000	0.423517	0.000171	0.000181	0.000000	0.000000	0.000000	0.000000	0.000457
94	tsk_94	(x)	1	:	0.000000	0.000000	0.000000	0.000000	0.000000	0.000000	0.000000	0.000000	0.179064	0.265348	0.000000	0.000000	0.000000	0.000000	0.555588
95	tsk_95	(x)	1	:	0.000000	0.053366	0.000000	0.000000	0.000000	0.000000	0.000000	0.441336	0.002274	0.003451	0.352653	0.000000	0.146297	0.000000	0.000623
96	tsk_96	(x)	1	:	0.000000	0.091339	0.000000	0.000000	0.000000	0.000002	0.000000	0.408647	0.081017	0.150825	0.000000	0.000000	0.000000	0.000000	0.268170
97	tsk_97	(x)	1	:	0.000000	0.999999	0.000000	0.000000	0.000000	0.000000	0.000000	0.000000	0.000000	0.000000	0.000000	0.000000	0.000000	0.000000	0.000000
98	tsk_98	(x)	1	:	0.000000	0.082248	0.000000	0.000000	0.000000	0.000000	0.000000	0.412422	0.001056	0.004427	0.175085	0.000000	0.323859	0.000000	0.000902
99	tsk_99	(x)	1	:	0.000000	0.074925	0.000000	0.000000	0.000000	0.000000	0.000000	0.420913	0.001621	0.000000	0.429397	0.000000	0.069776	0.000000	0.003368
100	tsk_100	(x)	1	:	0.000000	0.000000	0.000000	0.000000	0.000000	0.000000	0.000000	0.000000	0.000000	0.000000	0.881717	0.000000	0.118283	0.000000	0.000000
101	tsk_101	(x)	1	:	0.000000	0.000000	0.000000	0.000000	0.000000	0.000000	0.000000	0.000000	0.231129	0.166745	0.499994	0.000000	0.000000	0.000000	0.102132
102	tsk_102	(x)	1	:	0.000000	0.087137	0.000000	0.000000	0.000000	0.000000	0.000000	0.408841	0.002409	0.000717	0.000000	0.000000	0.499201	0.000000	0.001696
103	tsk_103	(x)	1	:	0.467783	0.000000	0.000000	0.000000	0.000000	0.000000	0.000000	0.000000	0.009936	0.008924	0.493301	0.000000	0.006726	0.000000	0.013330
104	tsk_104	(x)	1	:	0.000000	0.000000	0.000000	0.000000	0.000000	0.000000	0.000000	0.000000	0.144397	0.226706	0.398738	0.000000	0.101253	0.000000	0.128905
105	tsk_105	(x)	1	:	0.000000	0.000000	0.000000	0.000000	0.000000	0.000000	0.000000	0.000000	0.147495	0.290930	0.418074	0.000000	0.081915	0.000000	0.061586
106	tsk_106	(x)	1	:	0.000000	0.065740	0.000000	0.000000	0.500542	0.000000	0.000000	0.433704	0.000000	0.000006	0.000000	0.000000	0.000000	0.000000	0.000009
107	tsk_107	(x)	1	:	0.000000	0.000000	0.000000	0.495516	0.000000	0.000000	0.000000	0.000000	0.327354	0.078777	0.000000	0.000000	0.000000	0.000000	0.098352
108	tsk_108	(x)	1	:	0.467745	0.000000	0.000000	0.000000	0.000000	0.000000	0.000000	0.000000	0.199842	0.155841	0.000000	0.000000	0.000000	0.000000	0.176572
109	tsk_109	(x)	1	:	0.000000	0.000000	0.000000	0.000000	0.000000	0.000000	0.000000	0.000000	0.000000	0.000000	0.916689	0.000000	0.083311	0.000000	0.000000
110	tsk_110	(x)	1	:	0.000000	0.182048	0.000000	0.000000	0.000000	0.000000	0.000000	0.817952	0.000000	0.000000	0.000000	0.000000	0.000000	0.000000	0.000000
111	tsk_111	(x)	1	:	0.000000	0.000000	0.000000	0.495422	0.000000	0.000000	0.000000	0.000000	0.147285	0.273831	0.000000	0.000000	0.000000	0.000000	0.083461
112	tsk_112	(x)	1	:	0.000000	0.000000	0.000000	0.000000	0.000000	0.000000	0.000000	0.000000	0.331151	0.157501	0.000000	0.000000	0.000000	0.000000	0.511348
113	tsk_113	(x)	1	:	0.495547	0.000000	0.000000	0.495206	0.000000	0.000000	0.000000	0.000000	0.006488	0.001332	0.000000	0.000000	0.000000	0.000000	0.001427
114	tsk_114	(x)	1	:	0.000000	0.081557	0.000000	0.000000	0.000000	0.000000	0.000000	0.412938	0.003543	0.002700	0.388739	0.000000	0.110169	0.000000	0.000354
115	tsk_115	(x)	1	:	0.000000	0.000000	0.000000	0.000000	0.000000	0.000000	0.000000	0.000000	0.057365	0.104707	0.000000	0.000000	0.000000	0.566748	0.271179
116	tsk_116	(x)	1	:	0.000000	0.000000	0.000000	0.000041	0.000000	0.000000	0.474124	0.000000	0.000000	0.000000	0.000000	0.000000	0.000000	0.525834	0.000000
117	tsk_117	(x)	1	:	0.000000	0.000000	0.000000	0.000000	0.000000	0.000000	0.000000	0.000000	0.230881	0.506113	0.000000	0.000000	0.000000	0.000000	0.263005
118	tsk_118	(x)	1	:	0.000000	0.000000	0.000000	0.495505	0.000000	0.000000	0.000000	0.000000	0.322320	0.097693	0.000000	0.000000	0.000000	0.000000	0.084482
119	tsk_119	(x)	1	:	0.000000	0.000000	0.000000	0.000000	0.000000	0.000000	0.000000	0.000000	0.064298	0.151557	0.000000	0.000000	0.000000	0.566740	0.217404
120	tsk_120	(x)	1	:	0.501531	0.000000	0.000000	0.000000	0.000000	0.000000	0.000000	0.000000	0.000000	0.000000	0.000000	0.000000	0.000000	0.498469	0.000000
121	tsk_121	(x)	1	:	0.000000	0.134503	0.000000	0.000000	0.000000	0.000000	0.000000	0.362237	0.002724	0.004511	0.000000	0.488750	0.000000	0.000000	0.007276
122	tsk_122	(x)	1	:	0.000000	0.000000	0.520636	0.000000	0.000000	0.000000	0.000000	0.000000	0.318460	0.090474	0.000000	0.000000	0.000000	0.000000	0.070430
123	tsk_123	(x)	1	:	0.457973	0.000000	0.514363	0.000000	0.000000	0.000000	0.000000	0.000000	0.003208	0.012489	0.000000	0.000000	0.000000	0.000020	0.011946
124	tsk_124	(x)	1	:	0.467773	0.000000	0.000000	0.000000	0.000000	0.000000	0.000000	0.000000	0.010425	0.004633	0.000000	0.490408	0.000000	0.000000	0.026761
125	tsk_125	(x)	1	:	0.457973	0.000000	0.514364	0.000000	0.000000	0.000000	0.000000	0.000000	0.009945	0.009050	0.000000	0.000000	0.000000	0.000022	0.008647
126	tsk_126	(x)	1	:	0.000000	0.000000	1.000000	0.000000	0.000000	0.000000	0.000000	0.000000	0.000000	0.000000	0.000000	0.000000	0.000000	0.000000	0.000000
127	tsk_127	(x)	1	:	0.000000	0.091431	0.442710	0.000000	0.000000	0.000000	0.000000	0.402428	0.002817	0.003221	0.019491	0.000000	0.036577	0.000000	0.001326
128	tsk_128	(x)	1	:	0.518081	0.000000	0.000000	0.000000	0.000000	0.000000	0.000000	0.000000	0.192819	0.057743	0.000000	0.000000	0.000000	0.000000	0.231357
129	tsk_129	(x)	1	:	0.000000	0.250331	0.000000	0.000000	0.000000	0.000000	0.000000	0.248610	0.144110	0.212995	0.000000	0.000000	0.000000	0.000000	0.143953
130	tsk_130	(x)	1	:	0.000000	0.296983	0.000000	0.000000	0.000000	0.000000	0.000000	0.202449	0.025069	0.197998	0.000000	0.000000	0.000000	0.000000	0.277501
131	tsk_131	(x)	1	:	0.000000	0.136524	0.000000	0.000000	0.000000	0.000000	0.000000	0.363248	0.126295	0.039263	0.000000	0.000000	0.000000	0.000000	0.334670
132	tsk_132	(x)	1	:	0.000000	0.000000	0.000000	0.000000	0.000000	0.000000	0.000000	0.000000	0.047217	0.265432	0.000000	0.000000	0.000000	0.424572	0.262779
133	tsk_133	(x)	1	:	0.537456	0.000000	0.000000	0.000000	0.000000	0.000000	0.000000	0.000000	0.000000	0.000000	0.000000	0.000000	0.000000	0.462544	0.000000
134	tsk_134	(x)	1	:	0.000000	0.000000	0.000000	0.000000	0.000000	0.250547	0.000000	0.000000	0.104718	0.062119	0.450171	0.000000	0.049976	0.000000	0.082469
135	tsk_135	(x)	1	:	0.000000	0.000000	0.000000	0.002885	0.000000	0.000000	0.497860	0.000000	0.010446	0.039224	0.000000	0.000000	0.000000	0.424704	0.024881
136	tsk_136	(x)	1	:	0.537457	0.000000	0.000000	0.000000	0.000000	0.000000	0.000000	0.000000	0.000000	0.000000	0.000000	0.000000	0.000000	0.462543	0.000000
137	tsk_137	(x)	1	:	0.000000	0.000000	0.000000	0.000000	0.000000	0.000000	0.000000	0.000000	0.141981	0.178057	0.336927	0.000000	0.163059	0.000000	0.179976
138	tsk_138	(x)	1	:	0.000000	0.241642	0.000000	0.000000	0.000000	0.000000	0.000000	0.257767	0.078260	0.113176	0.000000	0.000000	0.000000	0.000000	0.309155
139	tsk_139	(x)	1	:	0.000000	0.000000	0.000000	0.000000	0.000000	0.000000	0.000000	0.000000	0.368832	0.242776	0.000000	0.000000	0.000000	0.000000	0.388392
140	tsk_140	(x)	1	:	0.467833	0.000000	0.000000	0.000000	0.000000	0.250302	0.000000	0.000000	0.050606	0.113620	0.000000	0.000000	0.000000	0.000000	0.117640
141	tsk_141	(x)	1	:	0.000000	0.000000	0.000000	0.000000	0.000000	0.000000	0.000000	0.000000	0.000000	0.000000	0.708302	0.000000	0.291698	0.000000	0.000000
142	tsk_142	(x)	1	:	0.000000	0.000000	0.000000	0.496643	0.000000	0.000000	0.000001	0.000000	0.000000	0.000000	0.280716	0.000000	0.222640	0.000000	0.000000
143	tsk_143	(x)	1	:	0.000000	0.000000	0.000000	0.000000	0.000000	0.000000	0.000000	0.000000	0.022644	0.028386	0.000000	0.490366	0.000000	0.424626	0.033978
144	tsk_144	(x)	1	:	0.000000	0.000000	0.000000	0.000000	0.000000	0.000000	0.000000	0.000000	0.062181	0.074377	0.000000	0.000000	0.000000	0.566780	0.296661
145	tsk_145	(x)	1	:	0.917814	0.000000	0.000000	0.000000	0.000000	0.082186	0.000000	0.000000	0.000000	0.000000	0.000000	0.000000	0.000000	0.000000	0.000000
146	tsk_146	(x)	1	:	0.000000	0.000000	0.000000	0.000000	0.000000	0.000000	0.000000	0.000000	0.135288	0.226646	0.306762	0.000000	0.193225	0.000000	0.138079
147	tsk_147	(x)	1	:	0.000000	0.000000	0.000000	0.000000	0.000000	0.000000	0.000000	0.000000	0.088146	0.228133	0.316133	0.000000	0.183854	0.000000	0.183733
148	tsk_148	(x)	1	:	0.000000	0.000000	0.000000	0.495503	0.000000	0.000000	0.000000	0.000000	0.104201	0.289515	0.000000	0.000000	0.000000	0.000000	0.110781
149	tsk_149	(x)	1	:	0.000000	0.000000	0.000000	0.000000	0.000000	0.000000	0.000000	0.000000	0.189844	0.073766	0.347726	0.000000	0.152253	0.000000	0.236412
