0	tsk_0	(x)	1	:	0.000000	0.000000	0.000000	0.000000	0.000000	0.000000	0.000000	0.000000	0.656684	0.000000	0.000000	0.000000	0.242001	0.101315
1	tsk_1	(x)	1	:	0.000000	0.000000	0.000000	0.000000	0.000000	0.000000	0.000000	0.000000	1.000000	0.000000	0.000000	0.000000	0.000000	0.000000
2	tsk_2	(x)	1	:	0.464457	0.000000	0.000000	0.000000	0.000000	0.000000	0.000000	0.000000	0.482928	0.000000	0.000000	0.000000	0.005020	0.047594
3	tsk_3	(x)	1	:	0.000000	0.000000	0.000000	0.000000	0.000000	0.000000	0.000000	0.000000	0.480287	0.000000	0.000000	0.000000	0.287384	0.232328
4	tsk_4	(x)	1	:	0.000000	0.000000	0.000000	0.000000	0.000000	0.000000	0.000000	0.000000	1.000000	0.000000	0.000000	0.000000	0.000000	0.000000
5	tsk_5	(x)	1	:	0.000000	0.000000	0.000000	0.000000	0.000000	0.000000	0.000000	0.000000	1.000000	0.000000	0.000000	0.000000	0.000000	0.000000
6	tsk_6	(x)	1	:	0.000000	0.498407	0.499603	0.000000	0.000000	0.000000	0.000000	0.000000	0.000000	0.000000	0.000000	0.000000	0.001018	0.000973
7	tsk_7	(x)	1	:	0.000000	0.500006	0.000000	0.000000	0.000000	0.000000	0.000000	0.000000	0.000000	0.000011	0.000000	0.000000	0.345537	0.154445
8	tsk_8	(x)	1	:	0.000000	0.000000	1.000000	0.000000	0.000000	0.000000	0.000000	0.000000	0.000000	0.000000	0.000000	0.000000	0.000000	0.000000
9	tsk_9	(x)	1	:	0.000000	0.000000	0.000000	0.000000	0.000000	0.000000	0.000000	0.000000	0.480287	0.000000	0.000000	0.000000	0.395769	0.123943
10	tsk_10	(x)	1	:	0.000000	0.000000	0.000000	0.000000	0.365546	0.000000	0.000000	0.000000	0.000000	0.000000	0.000000	0.000000	0.471397	0.163056
11	tsk_11	(x)	1	:	0.000000	0.000000	0.000000	0.000000	0.000000	0.000000	0.000000	0.000000	0.000000	0.000000	0.000000	0.000000	0.327738	0.672262
12	tsk_12	(x)	1	:	0.000000	0.000000	0.000000	0.000000	0.613164	0.000000	0.000000	0.000000	0.000000	0.000000	0.000000	0.000000	0.118286	0.268550
13	tsk_13	(x)	1	:	0.000000	0.000000	1.000000	0.000000	0.000000	0.000000	0.000000	0.000000	0.000000	0.000000	0.000000	0.000000	0.000000	0.000000
14	tsk_14	(x)	1	:	0.000000	0.000000	0.000000	0.000000	0.000000	0.000000	0.000000	0.000000	0.000000	0.994764	0.000000	0.000000	0.002581	0.002654
15	tsk_15	(x)	1	:	0.000000	0.000000	0.500000	0.000000	0.000000	0.000000	0.000000	0.000000	0.000000	0.000000	0.000000	0.000000	0.113408	0.386592
16	tsk_16	(x)	1	:	0.000000	0.000000	0.500000	0.000000	0.000000	0.000000	0.000000	0.000000	0.000000	0.000000	0.000000	0.000000	0.193271	0.306729
17	tsk_17	(x)	1	:	0.000000	0.000000	0.000000	0.000000	0.000000	0.000000	0.000000	0.000000	0.000000	0.000000	0.000000	0.000000	0.143966	0.856033
18	tsk_18	(x)	1	:	0.000000	0.000000	0.000000	0.000000	0.000000	0.000000	0.000000	0.000000	0.480288	0.000000	0.000000	0.000000	0.188831	0.330881
19	tsk_19	(x)	1	:	0.000000	0.000000	0.000000	0.000000	0.000000	0.000000	0.000000	0.000000	0.000000	0.000000	0.000000	0.000000	0.662443	0.337557
20	tsk_20	(x)	1	:	0.000000	0.000000	0.457655	0.000000	0.000000	0.000000	0.000000	0.210810	0.331535	0.000000	0.000000	0.000000	0.000000	0.000000
21	tsk_21	(x)	1	:	0.000000	0.000000	1.000000	0.000000	0.000000	0.000000	0.000000	0.000000	0.000000	0.000000	0.000000	0.000000	0.000000	0.000000
22	tsk_22	(x)	1	:	0.000000	0.000000	0.000000	0.000000	0.000000	0.000000	0.000000	0.000000	1.000000	0.000000	0.000000	0.000000	0.000000	0.000000
23	tsk_23	(x)	1	:	0.000000	0.000000	0.000000	0.000000	0.000000	0.000000	0.000000	0.000000	0.480287	0.000000	0.000000	0.000000	0.247538	0.272175
24	tsk_24	(x)	1	:	0.000000	0.000000	0.000000	0.000000	0.000000	0.000000	0.000000	0.000000	0.000000	0.000000	0.000000	0.000000	0.441511	0.558489
25	tsk_25	(x)	1	:	0.000000	0.000000	0.000000	0.000000	0.000000	0.000000	0.000000	0.000000	1.000000	0.000000	0.000000	0.000000	0.000000	0.000000
26	tsk_26	(x)	1	:	0.000000	0.000000	0.501341	0.000000	0.000000	0.000000	0.000000	0.000000	0.000000	0.000000	0.000000	0.220639	0.120397	0.157622
27	tsk_27	(x)	1	:	0.000000	0.000000	0.000000	0.000000	0.000000	0.000000	0.000000	0.000000	0.480287	0.000000	0.000000	0.000000	0.118391	0.401322
28	tsk_28	(x)	1	:	0.000000	0.000000	0.465632	0.000000	0.000000	0.000000	0.000000	0.000000	0.354570	0.000000	0.000000	0.179797	0.000000	0.000000
29	tsk_29	(x)	1	:	0.000000	0.000000	0.000000	0.000000	0.000000	0.000000	0.000000	0.273870	0.479943	0.000003	0.000005	0.000000	0.093552	0.152627
30	tsk_30	(x)	1	:	1.000000	0.000000	0.000000	0.000000	0.000000	0.000000	0.000000	0.000000	0.000000	0.000000	0.000000	0.000000	0.000000	0.000000
31	tsk_31	(x)	1	:	0.000000	0.000000	0.000000	0.000000	0.000000	0.998276	0.000000	0.000000	0.000000	0.000000	0.000000	0.000000	0.000738	0.000986
32	tsk_32	(x)	1	:	0.000000	0.000000	0.500000	0.000000	0.000000	0.000000	0.000000	0.000000	0.000000	0.000000	0.000000	0.000000	0.190504	0.309495
33	tsk_33	(x)	1	:	0.000000	0.000000	0.000000	0.000000	0.365550	0.000000	0.000000	0.000000	0.000000	0.000011	0.000000	0.000000	0.332222	0.302218
34	tsk_34	(x)	1	:	0.000000	0.000000	0.000000	0.000000	0.000000	0.997922	0.000000	0.000000	0.000000	0.000000	0.000000	0.000000	0.001228	0.000850
35	tsk_35	(x)	1	:	0.500000	0.000000	0.000000	0.000000	0.000000	0.000000	0.000000	0.000000	0.000000	0.000000	0.000000	0.000000	0.000000	0.500000
36	tsk_36	(x)	1	:	0.000000	0.000000	0.000000	0.000000	0.365547	0.000000	0.000000	0.000000	0.000000	0.000000	0.000000	0.000000	0.533374	0.101079
37	tsk_37	(x)	1	:	0.000000	0.000000	0.000000	0.000000	0.000000	0.000000	0.417937	0.000000	0.000000	0.000000	0.000000	0.000000	0.421653	0.160410
38	tsk_38	(x)	1	:	0.000000	0.000000	0.000000	0.000000	0.997789	0.000000	0.000000	0.000000	0.000000	0.000000	0.000000	0.000000	0.001264	0.000946
39	tsk_39	(x)	1	:	0.000000	0.000000	0.499969	0.000000	0.365492	0.000000	0.000000	0.000000	0.000000	0.000000	0.000000	0.000000	0.079088	0.055451
40	tsk_40	(x)	1	:	0.000000	0.000000	0.000000	0.000000	0.000000	0.000000	0.000000	0.000000	0.000000	0.000000	0.000000	0.000000	0.606162	0.393837
41	tsk_41	(x)	1	:	0.000000	0.000000	0.000000	0.000000	0.000000	0.000000	0.000000	0.000000	0.000000	0.000000	0.000000	0.000000	0.539855	0.460145
42	tsk_42	(x)	1	:	0.000000	0.000000	0.500000	0.000000	0.000000	0.000000	0.000000	0.000000	0.000000	0.000000	0.000000	0.000000	0.165709	0.334291
43	tsk_43	(x)	1	:	0.000000	0.000000	0.000000	0.000000	0.000000	0.000000	0.000000	0.000000	0.000000	0.000000	0.000000	0.000000	0.839573	0.160427
44	tsk_44	(x)	1	:	0.000000	0.000000	0.000000	0.000000	0.000000	0.000000	0.000000	0.000000	0.000000	0.000000	0.000000	0.000000	0.415449	0.584551
45	tsk_45	(x)	1	:	0.000000	0.000000	0.000000	0.000000	0.000000	0.000000	0.000000	0.000000	0.000000	0.000000	0.000000	0.000000	0.241320	0.758680
46	tsk_46	(x)	1	:	0.000000	0.000000	0.499806	0.500194	0.000000	0.000000	0.000000	0.000000	0.000000	0.000000	0.000000	0.000000	0.000000	0.000000
47	tsk_47	(x)	1	:	0.000000	0.000000	0.000000	0.000000	0.365547	0.000000	0.000000	0.000000	0.000000	0.000000	0.000000	0.000000	0.382527	0.251926
48	tsk_48	(x)	1	:	0.000000	0.000000	0.500000	0.000000	0.000000	0.000000	0.000000	0.000000	0.000000	0.000000	0.000000	0.000000	0.254882	0.245118
49	tsk_49	(x)	1	:	0.000000	0.000000	0.000000	0.000000	0.000000	0.000000	0.000000	0.000000	0.000000	0.000000	0.000000	0.000000	0.627732	0.372268
50	tsk_50	(x)	1	:	0.000000	0.000000	0.000000	0.000000	0.000000	0.000000	0.000000	0.000000	0.000000	0.000000	0.000000	0.000000	0.591169	0.408831
51	tsk_51	(x)	1	:	0.000000	0.500000	0.000000	0.000000	0.000000	0.000000	0.000000	0.000000	0.000000	0.000000	0.000000	0.000000	0.357517	0.142483
52	tsk_52	(x)	1	:	0.000000	0.000000	0.000000	0.000000	0.000000	0.000000	0.000000	0.000000	0.480287	0.000000	0.000000	0.000000	0.350247	0.169466
53	tsk_53	(x)	1	:	0.000000	0.000000	0.000000	0.000000	0.613164	0.000000	0.000000	0.000000	0.000000	0.000000	0.000000	0.000000	0.203780	0.183056
54	tsk_54	(x)	1	:	0.000000	0.000000	0.000000	0.000000	0.365547	0.000000	0.000000	0.000000	0.000000	0.000000	0.000000	0.000000	0.372558	0.261895
55	tsk_55	(x)	1	:	0.000000	0.000000	0.000000	0.000000	0.365546	0.000000	0.000000	0.000000	0.000000	0.000000	0.000000	0.000000	0.501036	0.133418
56	tsk_56	(x)	1	:	0.000000	0.000000	0.000000	0.000000	0.000000	0.000000	0.000000	0.000000	0.480287	0.000000	0.000000	0.000000	0.286544	0.233169
57	tsk_57	(x)	1	:	0.000000	0.000000	0.000000	0.000000	0.000000	0.000000	0.000000	0.000000	0.000000	0.000000	0.000000	0.000000	0.668551	0.331449
58	tsk_58	(x)	1	:	0.000000	0.000000	0.000000	0.000000	0.000000	0.000000	0.000000	0.000000	0.000000	0.000000	0.000000	0.000000	0.365125	0.634875
59	tsk_59	(x)	1	:	0.000000	0.000000	0.000000	0.000000	0.365547	0.000000	0.000000	0.000000	0.000000	0.000000	0.000000	0.000000	0.197052	0.437402
60	tsk_60	(x)	1	:	0.000000	0.000000	0.000000	0.000000	0.000000	0.000000	0.000000	0.000000	0.000000	0.000000	0.000000	0.000000	0.782539	0.217461
61	tsk_61	(x)	1	:	0.000000	0.000000	0.000000	0.000000	0.000000	0.000000	0.000000	0.000000	0.000000	0.000000	0.000000	0.000000	0.404600	0.595400
62	tsk_62	(x)	1	:	0.000000	0.000000	0.000000	0.000000	0.000000	0.000000	0.000000	0.000000	0.480287	0.000000	0.000000	0.000000	0.120124	0.399589
63	tsk_63	(x)	1	:	0.000000	0.000000	0.000000	0.000000	0.000000	0.000000	0.000000	0.000000	0.480287	0.000000	0.000000	0.000000	0.366913	0.152800
64	tsk_64	(x)	1	:	0.000000	0.000000	0.000000	0.000000	0.000000	0.000000	0.000000	0.000000	0.000000	0.000000	0.000000	0.000000	0.540196	0.459804
65	tsk_65	(x)	1	:	0.000000	0.000000	0.500000	0.000000	0.000000	0.000000	0.000000	0.000000	0.000000	0.000000	0.000000	0.000000	0.067594	0.432405
66	tsk_66	(x)	1	:	0.000000	0.000000	0.500000	0.000000	0.000000	0.000000	0.000000	0.000000	0.000000	0.000000	0.000000	0.000000	0.201723	0.298276
67	tsk_67	(x)	1	:	0.000000	0.000000	0.500000	0.000000	0.000000	0.000000	0.000000	0.000000	0.000000	0.000000	0.000000	0.000000	0.192064	0.307936
68	tsk_68	(x)	1	:	0.000000	0.000000	0.000000	0.000000	0.000000	0.000000	0.000000	0.000000	0.000000	0.000000	0.000000	0.000000	0.628730	0.371270
69	tsk_69	(x)	1	:	0.000000	0.000000	0.500000	0.000000	0.000000	0.000000	0.000000	0.000000	0.000000	0.000000	0.000000	0.000000	0.196449	0.303551
70	tsk_70	(x)	1	:	0.000000	0.000000	0.000000	0.000000	0.000000	0.000000	0.000000	0.000000	0.000000	0.000000	0.000000	0.000000	0.484007	0.515993
71	tsk_71	(x)	1	:	0.000000	0.000000	0.000000	0.000000	0.000000	0.000000	0.000000	0.000000	0.658734	0.000000	0.000000	0.000000	0.138379	0.202886
72	tsk_72	(x)	1	:	0.000000	0.000000	0.000000	0.000000	0.000000	0.000000	0.000000	0.273838	0.479865	0.000000	0.000000	0.000000	0.146091	0.100207
73	tsk_73	(x)	1	:	0.000000	0.000000	0.457655	0.000000	0.000000	0.000000	0.000000	0.210810	0.331535	0.000000	0.000000	0.000000	0.000000	0.000000
74	tsk_74	(x)	1	:	0.000000	0.000000	0.000000	0.000000	0.000000	0.000000	0.000000	0.000000	0.000000	0.996166	0.000000	0.000000	0.002215	0.001619
75	tsk_75	(x)	1	:	0.000000	0.000000	0.500006	0.000001	0.000000	0.000000	0.000000	0.305588	0.000000	0.000001	0.000002	0.000000	0.038854	0.155548
76	tsk_76	(x)	1	:	0.000000	0.000000	0.000000	0.000000	0.000000	0.000000	0.000000	0.000000	0.000000	0.996170	0.000000	0.000000	0.001233	0.002597
77	tsk_77	(x)	1	:	0.000000	0.000000	0.000000	0.000000	0.000000	0.000000	0.000000	0.273840	0.479869	0.000000	0.000000	0.000000	0.117800	0.128491
78	tsk_78	(x)	1	:	0.000000	0.000000	0.000000	0.000000	0.000000	0.000000	0.000000	0.000000	0.000000	0.000080	0.000001	0.000000	0.000000	0.999919
79	tsk_79	(x)	1	:	0.000000	1.000000	0.000000	0.000000	0.000000	0.000000	0.000000	0.000000	0.000000	0.000000	0.000000	0.000000	0.000000	0.000000
80	tsk_80	(x)	1	:	0.000000	0.000000	0.000000	0.000000	0.000000	0.000000	0.309990	0.000000	0.480046	0.000001	0.000001	0.000000	0.121964	0.087999
81	tsk_81	(x)	1	:	0.000000	0.000000	0.000000	0.000000	0.000000	0.000000	0.000000	0.304949	0.000000	0.000000	0.000000	0.000000	0.285945	0.409106
82	tsk_82	(x)	1	:	0.000000	0.000000	0.000000	0.000000	0.000000	0.000000	1.000000	0.000000	0.000000	0.000000	0.000000	0.000000	0.000000	0.000000
83	tsk_83	(x)	1	:	0.000000	0.000000	0.000000	0.000000	0.000000	0.000000	0.000000	0.000000	0.000000	0.000000	0.000000	0.000000	0.259917	0.740083
84	tsk_84	(x)	1	:	0.000000	0.000000	0.500000	0.000000	0.000000	0.000000	0.000000	0.000000	0.000000	0.000000	0.000000	0.000000	0.193029	0.306971
85	tsk_85	(x)	1	:	0.000000	0.000000	0.000000	0.000000	0.000000	0.000000	0.417955	0.000000	0.000000	0.000054	0.000000	0.000000	0.389315	0.192677
86	tsk_86	(x)	1	:	0.000000	0.000000	0.000000	0.000000	0.000000	0.000000	0.000000	0.000000	0.000000	0.000000	0.000000	0.000000	0.538707	0.461293
87	tsk_87	(x)	1	:	0.000000	0.000000	0.000000	0.000000	0.000000	0.000000	0.590288	0.000000	0.409708	0.000000	0.000000	0.000000	0.000004	0.000000
88	tsk_88	(x)	1	:	0.000000	0.000000	0.000000	0.000000	0.000000	0.000000	0.000000	0.000000	0.000000	0.000000	0.000000	0.000000	0.626269	0.373731
89	tsk_89	(x)	1	:	0.000000	0.000000	0.000000	0.000000	0.000000	0.000000	0.000000	0.000000	0.000000	0.996068	0.000000	0.000000	0.000406	0.003526
90	tsk_90	(x)	1	:	0.000000	0.000000	0.000000	0.000000	0.000000	0.000000	0.000000	0.000000	0.000000	0.000000	0.000000	0.000000	0.663061	0.336938
91	tsk_91	(x)	1	:	0.500000	0.000000	0.000000	0.000000	0.000000	0.000000	0.000000	0.000000	0.000000	0.000000	0.000000	0.000000	0.000000	0.500000
92	tsk_92	(x)	1	:	0.000000	0.000000	0.000000	0.000000	0.000000	0.000000	0.000000	0.000000	0.000000	0.000000	0.000000	0.000000	0.603202	0.396798
93	tsk_93	(x)	1	:	0.000000	0.000000	0.502370	0.000000	0.000000	0.000000	0.000000	0.000000	0.000000	0.000000	0.000000	0.267756	0.191435	0.038439
94	tsk_94	(x)	1	:	0.000000	0.000000	0.000000	0.000000	0.000000	0.000000	0.000000	0.000000	0.000000	0.000000	0.000000	0.000000	0.483923	0.516076
95	tsk_95	(x)	1	:	0.000000	0.000000	0.000000	0.000000	0.000000	0.000000	0.000000	0.000000	0.000000	0.000000	0.000000	0.000000	0.328454	0.671545
96	tsk_96	(x)	1	:	0.500393	0.000000	0.000000	0.000000	0.000000	0.000000	0.000000	0.000000	0.000000	0.000000	0.000000	0.264947	0.000000	0.234659
97	tsk_97	(x)	1	:	0.500000	0.000000	0.000000	0.000000	0.000000	0.000000	0.000000	0.000000	0.000000	0.000000	0.000000	0.000000	0.000000	0.500000
98	tsk_98	(x)	1	:	0.000000	0.000000	0.504154	0.000000	0.000000	0.000000	0.000000	0.000000	0.000000	0.000000	0.000000	0.495828	0.000010	0.000008
99	tsk_99	(x)	1	:	0.000000	0.000000	0.000000	0.000000	0.000000	0.000000	0.000000	0.000000	0.000000	0.000001	0.000000	0.000000	0.705207	0.294792
100	tsk_100	(x)	1	:	0.000000	0.000000	0.000000	0.000000	1.000000	0.000000	0.000000	0.000000	0.000000	0.000000	0.000000	0.000000	0.000000	0.000000
101	tsk_101	(x)	1	:	0.000000	0.000000	0.000000	0.000000	0.365546	0.000000	0.000000	0.000000	0.000000	0.000000	0.000000	0.000000	0.218806	0.415647
102	tsk_102	(x)	1	:	0.000000	0.000000	0.000000	0.000000	0.000000	0.000000	0.000000	0.000000	0.000000	0.000000	0.000000	0.000000	0.729575	0.270425
103	tsk_103	(x)	1	:	0.000000	0.499999	0.000000	0.000000	0.000000	0.000000	0.000000	0.000000	0.000000	0.000000	0.000000	0.000000	0.301751	0.198251
104	tsk_104	(x)	1	:	0.000000	0.000000	0.000000	0.000000	0.000000	0.000000	0.000000	0.000000	0.000000	0.000000	0.000000	0.000000	0.536444	0.463556
105	tsk_105	(x)	1	:	0.000000	0.504650	0.000000	0.000000	0.000000	0.000000	0.000000	0.000000	0.484928	0.000000	0.000000	0.000000	0.007085	0.003337
106	tsk_106	(x)	1	:	0.000000	0.499999	0.000000	0.000000	0.000000	0.000000	0.000000	0.000000	0.000000	0.000000	0.000000	0.000000	0.309831	0.190170
107	tsk_107	(x)	1	:	0.000000	0.000000	0.499965	0.000000	0.365477	0.000000	0.000000	0.000000	0.000000	0.000000	0.000000	0.000000	0.089779	0.044780
108	tsk_108	(x)	1	:	0.000000	0.500000	0.000000	0.000000	0.000000	0.000000	0.000000	0.000000	0.000000	0.000000	0.000000	0.000000	0.236620	0.263380
109	tsk_109	(x)	1	:	0.000000	0.503210	0.000000	0.000000	0.000000	0.000007	0.420854	0.000000	0.000000	0.000001	0.000000	0.000000	0.040822	0.035105
110	tsk_110	(x)	1	:	0.000000	0.000000	0.000000	0.000000	0.000000	0.000000	0.000000	0.000000	0.000000	0.000000	0.000000	0.000000	0.736472	0.263527
111	tsk_111	(x)	1	:	0.000000	0.000000	0.000000	0.000000	0.000000	0.000000	0.000000	0.000000	0.000000	0.000000	0.000000	0.000000	0.653931	0.346069
112	tsk_112	(x)	1	:	0.000000	0.000000	0.500000	0.000000	0.000000	0.000000	0.000000	0.000000	0.000000	0.000000	0.000000	0.000000	0.268030	0.231970
113	tsk_113	(x)	1	:	0.000000	0.000000	0.000000	0.000000	0.000000	0.000000	0.000000	0.000000	0.000000	0.000000	0.000000	0.000000	0.312689	0.687311
114	tsk_114	(x)	1	:	0.000000	0.000000	0.499781	0.000000	0.000000	0.000000	0.000000	0.000000	0.000000	0.000000	0.500219	0.000000	0.000000	0.000000
115	tsk_115	(x)	1	:	0.000000	0.000000	0.469054	0.000000	0.530946	0.000000	0.000000	0.000000	0.000000	0.000000	0.000000	0.000000	0.000000	0.000000
116	tsk_116	(x)	1	:	0.000000	0.000000	0.000000	0.000000	0.000000	0.000000	0.000000	0.000000	0.000000	0.000000	0.000000	0.000000	0.538138	0.461862
117	tsk_117	(x)	1	:	0.000000	0.000000	0.500000	0.000000	0.000000	0.000000	0.000000	0.000000	0.000000	0.000000	0.000000	0.000000	0.346137	0.153863
118	tsk_118	(x)	1	:	0.000000	0.000000	0.500000	0.000000	0.000000	0.000000	0.000000	0.000000	0.000000	0.000000	0.000001	0.000000	0.146206	0.353793
119	tsk_119	(x)	1	:	0.000000	0.000000	0.500000	0.000000	0.000000	0.000000	0.000000	0.000000	0.000000	0.000000	0.000000	0.000000	0.158178	0.341822
120	tsk_120	(x)	1	:	0.000000	0.499999	0.000000	0.000000	0.000000	0.000000	0.000000	0.000000	0.000000	0.000000	0.000000	0.000000	0.041993	0.458008
121	tsk_121	(x)	1	:	0.000000	0.000000	0.000000	0.000000	0.613164	0.000000	0.000000	0.000000	0.000000	0.000000	0.000000	0.000000	0.386836	0.000000
122	tsk_122	(x)	1	:	0.000000	0.000000	0.500000	0.000000	0.000000	0.000000	0.000000	0.000000	0.000000	0.000000	0.000000	0.000000	0.152114	0.347886
123	tsk_123	(x)	1	:	0.000000	0.000000	0.500795	0.000000	0.000000	0.000000	0.000000	0.000000	0.483524	0.000000	0.000000	0.000000	0.010377	0.005303
124	tsk_124	(x)	1	:	0.000000	0.000000	0.000000	0.000000	0.000000	0.000000	0.000000	0.000000	0.000000	0.000018	0.000000	0.000000	0.624658	0.375324
125	tsk_125	(x)	1	:	0.000000	0.000000	0.000000	0.000000	0.000000	0.000000	0.000000	0.000000	0.480288	0.000000	0.000000	0.000000	0.189148	0.330565
126	tsk_126	(x)	1	:	0.000000	0.000000	0.000000	0.000000	0.000000	0.000000	0.000000	0.000000	0.000000	0.000000	0.000000	0.000000	0.418221	0.581779
127	tsk_127	(x)	1	:	0.000000	0.000000	1.000000	0.000000	0.000000	0.000000	0.000000	0.000000	0.000000	0.000000	0.000000	0.000000	0.000000	0.000000
128	tsk_128	(x)	1	:	0.000000	0.000000	0.000000	0.000000	0.000000	0.000000	0.000000	0.000000	0.480287	0.000000	0.000000	0.000000	0.169073	0.350640
129	tsk_129	(x)	1	:	0.000000	0.000000	0.000000	0.000000	0.000000	0.000000	0.000000	0.000000	0.000000	0.000000	0.000000	0.000000	0.331816	0.668184
130	tsk_130	(x)	1	:	0.000000	0.000000	0.000000	0.000000	0.000000	0.000000	0.000000	0.000000	0.000000	0.000000	0.000000	0.000000	0.651033	0.348967
131	tsk_131	(x)	1	:	0.000000	0.000000	0.000000	0.000000	0.000000	0.000000	0.000000	0.000000	0.000000	0.000000	0.000000	0.000000	0.223983	0.776017
132	tsk_132	(x)	1	:	0.000000	0.000000	0.000000	0.000000	0.000000	0.000000	0.000000	0.304949	0.000000	0.000000	0.000000	0.000000	0.251049	0.444002
133	tsk_133	(x)	1	:	0.000000	0.000000	0.500000	0.000000	0.000000	0.000000	0.000000	0.000000	0.000000	0.000000	0.000000	0.000000	0.326462	0.173538
134	tsk_134	(x)	1	:	0.000000	0.000000	0.000000	0.000000	0.000000	0.000000	0.000000	0.000000	0.000000	0.000000	0.000000	0.000000	0.614485	0.385515
135	tsk_135	(x)	1	:	0.000000	0.499998	0.000000	0.000000	0.000000	0.000000	0.000000	0.000000	0.000000	0.000000	0.000000	0.000000	0.442728	0.057273
136	tsk_136	(x)	1	:	0.000000	0.000000	0.000000	0.000000	0.366001	0.000000	0.000000	0.305192	0.000000	0.000000	0.000000	0.000000	0.277554	0.051253
137	tsk_137	(x)	1	:	0.000000	0.000000	0.000000	0.000000	0.000000	0.000000	0.000000	0.304949	0.000000	0.000000	0.000000	0.000000	0.419295	0.275756
138	tsk_138	(x)	1	:	0.000000	0.000000	0.000000	0.000000	0.000000	0.000000	0.000000	0.307609	0.000000	0.000000	0.000000	0.220159	0.259420	0.212813
139	tsk_139	(x)	1	:	0.000000	0.000000	0.000000	0.000000	0.366005	0.000000	0.000000	0.305194	0.000000	0.000001	0.000000	0.000000	0.264257	0.064543
140	tsk_140	(x)	1	:	0.000000	0.000000	0.000000	0.000000	0.000000	0.000000	0.000000	0.000000	0.000000	0.000000	0.000000	0.000000	0.677364	0.322636
141	tsk_141	(x)	1	:	0.000000	0.000000	0.000000	0.000000	0.000000	0.000000	0.000000	0.000000	0.000000	0.000000	0.000000	0.000000	0.449721	0.550279
142	tsk_142	(x)	1	:	0.000000	0.000000	0.000000	0.000000	0.613164	0.000000	0.000000	0.000000	0.000000	0.000000	0.000000	0.000000	0.282671	0.104165
143	tsk_143	(x)	1	:	0.000000	0.000000	0.000000	0.000000	0.000000	0.000000	0.000000	0.000000	0.000000	0.000000	0.000000	0.000000	0.482651	0.517348
144	tsk_144	(x)	1	:	0.000000	0.000000	0.000000	0.000000	0.478592	0.000000	0.000000	0.000000	0.521408	0.000000	0.000000	0.000000	0.000000	0.000000
145	tsk_145	(x)	1	:	0.000000	0.000000	0.000000	0.000000	0.613164	0.000000	0.000000	0.000000	0.000000	0.000000	0.000000	0.000000	0.181524	0.205312
146	tsk_146	(x)	1	:	0.000000	0.000000	0.000000	0.000000	0.000000	0.000000	0.000000	0.000000	1.000000	0.000000	0.000000	0.000000	0.000000	0.000000
147	tsk_147	(x)	1	:	0.000000	0.000000	0.000000	0.000000	0.575278	0.000000	0.000000	0.000000	0.424254	0.000000	0.000000	0.000000	0.000363	0.000105
148	tsk_148	(x)	1	:	0.000000	0.000000	0.000000	0.000000	0.000000	0.000000	0.000000	0.000000	0.000000	0.000000	0.000000	0.000000	0.682083	0.317917
149	tsk_149	(x)	1	:	0.000000	0.000000	0.000000	0.000000	0.000000	0.000000	0.000000	0.000000	1.000000	0.000000	0.000000	0.000000	0.000000	0.000000
