logL = -1122.486404 (converged)
AIC = 5724.972808
BIC = 10963.478220

count.K
5 48 26 4 9 29 0 4 9 16 

