logL = -1371.474394 (converged)
AIC = 8472.948787
BIC = 17098.418905

count.K
7 29 9 13 19 2 9 2 11 2 8 7 19 12 1 

