logL = -961.301365 (converged)
AIC = 4662.602730
BIC = 8787.173083

count.K
3 25 0 21 54 11 15 21 

