logL = -2223.254219 (converged)
AIC = 9886.508439
BIC = 18075.436439

count.K
7 7 11 26 15 3 17 25 13 9 10 5 2 0 

