logL = -2196.339516 (converged)
AIC = 5740.679032
BIC = 7769.847221

count.K
14 69 19 48 

