logL = -2438.351620 (converged)
AIC = 6176.703240
BIC = 8133.616181

count.K
5 56 21 68 

