logL = -2304.758697 (converged)
AIC = 5869.517393
BIC = 7766.217629

count.K
44 51 26 29 

