logL = -759.923551 (converged)
AIC = 5587.847103
BIC = 11711.479291

count.K
11 8 1 10 36 23 0 30 2 4 3 22 

