logL = -1671.432167 (converged)
AIC = 6624.864334
BIC = 11565.316852

count.K
1 9 28 3 29 8 2 20 50 

