logL = -2015.035833 (converged)
AIC = 5690.071666
BIC = 8188.898960

count.K
47 34 9 46 14 

