0	tsk_0	(x)	1	:	0.000000	0.261291	0.000000	0.000000	0.000000	0.000000	0.000000	0.499982	0.238728	0.000000	0.000000	0.000000	0.000000	0.000000	0.000000
1	tsk_1	(x)	1	:	0.000000	0.545672	0.454246	0.000000	0.000000	0.000000	0.000000	0.000000	0.000001	0.000000	0.000081	0.000000	0.000000	0.000000	0.000000
2	tsk_2	(x)	1	:	0.000000	0.000000	0.000000	0.497150	0.000000	0.195106	0.000000	0.000000	0.000000	0.000000	0.000000	0.099069	0.000000	0.000000	0.208675
3	tsk_3	(x)	1	:	0.000000	0.000000	0.000000	0.000000	0.499737	0.094711	0.000000	0.000000	0.006650	0.000000	0.000000	0.120202	0.000000	0.000000	0.278700
4	tsk_4	(x)	1	:	0.000000	0.000000	0.000000	0.000000	1.000000	0.000000	0.000000	0.000000	0.000000	0.000000	0.000000	0.000000	0.000000	0.000000	0.000000
5	tsk_5	(x)	1	:	0.000000	0.000000	0.489074	0.000000	0.000000	0.000000	0.510900	0.000000	0.000000	0.000000	0.000026	0.000000	0.000000	0.000000	0.000000
6	tsk_6	(x)	1	:	0.000000	0.000000	0.490476	0.000000	0.509484	0.000000	0.000008	0.000000	0.000000	0.000000	0.000032	0.000000	0.000000	0.000000	0.000000
7	tsk_7	(x)	1	:	0.000000	0.000000	0.000000	0.000000	0.000000	0.000000	0.000000	0.490636	0.000000	0.000000	0.509364	0.000000	0.000000	0.000000	0.000000
8	tsk_8	(x)	1	:	0.000000	0.000000	0.000000	0.000000	0.500000	0.122751	0.000000	0.000000	0.000000	0.000000	0.000000	0.225333	0.000000	0.000000	0.151916
9	tsk_9	(x)	1	:	0.000000	0.000000	0.000275	0.000000	0.503204	0.000000	0.000009	0.000000	0.000000	0.000000	0.496513	0.000000	0.000000	0.000000	0.000000
10	tsk_10	(x)	1	:	0.000000	0.000000	0.000000	0.000000	0.000000	0.000000	0.000000	1.000000	0.000000	0.000000	0.000000	0.000000	0.000000	0.000000	0.000000
11	tsk_11	(x)	1	:	0.000019	0.000000	0.000000	0.481732	0.000000	0.001226	0.000000	0.499160	0.000000	0.000000	0.000000	0.007741	0.000000	0.000000	0.010121
12	tsk_12	(x)	1	:	0.000000	0.000000	0.512064	0.000000	0.000000	0.303434	0.000000	0.000000	0.000000	0.000000	0.000000	0.074764	0.000000	0.000000	0.109738
13	tsk_13	(x)	1	:	0.000000	0.000000	0.000000	0.000000	0.000000	0.295975	0.000000	0.000000	0.499506	0.000000	0.000000	0.064657	0.000000	0.000000	0.139862
14	tsk_14	(x)	1	:	0.000000	0.000000	0.000000	0.000000	0.000000	0.000000	0.000000	0.500000	0.500000	0.000000	0.000000	0.000000	0.000000	0.000000	0.000000
15	tsk_15	(x)	1	:	0.000000	0.330934	0.000000	0.000000	0.000000	0.000000	0.000000	0.500145	0.168920	0.000000	0.000000	0.000000	0.000000	0.000000	0.000000
16	tsk_16	(x)	1	:	0.000000	0.000000	0.000000	0.000000	0.000000	0.000000	0.000000	0.500000	0.500000	0.000000	0.000000	0.000000	0.000000	0.000000	0.000000
17	tsk_17	(x)	1	:	0.000000	0.000000	0.507140	0.000000	0.000000	0.000000	0.000000	0.492860	0.000000	0.000000	0.000000	0.000000	0.000000	0.000000	0.000000
18	tsk_18	(x)	1	:	0.000020	0.000000	0.000000	0.481787	0.000000	0.006786	0.000000	0.499162	0.000000	0.000000	0.000000	0.004452	0.000000	0.000000	0.007792
19	tsk_19	(x)	1	:	0.000000	0.000000	0.521228	0.000000	0.000000	0.000000	0.000000	0.000000	0.000000	0.000000	0.000000	0.000000	0.478771	0.000000	0.000000
20	tsk_20	(x)	1	:	0.000000	0.000000	0.000000	0.000000	0.000000	0.000000	0.000000	0.000000	0.500000	0.000000	0.000000	0.000000	0.500000	0.000000	0.000000
21	tsk_21	(x)	1	:	0.000000	0.000000	0.479353	0.000000	0.000000	0.241393	0.000000	0.000000	0.010832	0.000000	0.000000	0.154350	0.000000	0.000000	0.114071
22	tsk_22	(x)	1	:	0.000000	0.000000	0.000000	0.000000	0.000000	0.197793	0.000000	0.499666	0.007089	0.000000	0.000000	0.195800	0.000000	0.000000	0.099651
23	tsk_23	(x)	1	:	0.000000	0.000000	0.000000	0.000000	0.000000	0.312129	0.000000	0.000000	0.499479	0.000000	0.000000	0.055026	0.000000	0.000000	0.133367
24	tsk_24	(x)	1	:	0.000000	0.000000	0.479712	0.000000	0.000000	0.305746	0.000000	0.000000	0.006763	0.000000	0.000000	0.096415	0.000000	0.000000	0.111364
25	tsk_25	(x)	1	:	0.000000	0.000000	0.000000	0.000000	0.000000	0.027910	0.499787	0.000000	0.004728	0.000000	0.000000	0.072916	0.000000	0.000000	0.394659
26	tsk_26	(x)	1	:	0.000000	0.000000	0.000000	0.000000	0.000000	0.000000	1.000000	0.000000	0.000000	0.000000	0.000000	0.000000	0.000000	0.000000	0.000000
27	tsk_27	(x)	1	:	0.000000	0.000000	0.000000	0.000000	0.000000	0.056260	0.499878	0.000000	0.002695	0.000000	0.000000	0.193533	0.000000	0.000000	0.247634
28	tsk_28	(x)	1	:	0.000000	0.000000	0.000000	0.000000	0.000000	0.429270	0.000000	0.000000	0.000000	0.000000	0.000000	0.181847	0.000000	0.000000	0.388883
29	tsk_29	(x)	1	:	0.000001	0.000000	0.000000	0.000000	0.000000	0.000012	0.000000	0.000000	0.999986	0.000000	0.000000	0.000000	0.000000	0.000000	0.000000
30	tsk_30	(x)	1	:	0.000000	0.261406	0.000000	0.000000	0.499984	0.000000	0.000008	0.000000	0.238601	0.000000	0.000000	0.000000	0.000000	0.000000	0.000000
31	tsk_31	(x)	1	:	0.000000	0.000000	0.479106	0.000000	0.000000	0.335090	0.000000	0.000000	0.013666	0.000000	0.000000	0.097293	0.000000	0.000000	0.074845
32	tsk_32	(x)	1	:	0.000000	0.261067	0.000000	0.000000	0.000000	0.000000	0.000000	0.499967	0.238966	0.000000	0.000000	0.000000	0.000000	0.000000	0.000000
33	tsk_33	(x)	1	:	0.000000	0.000000	0.000000	0.000000	0.499886	0.096951	0.000000	0.000000	0.002875	0.000000	0.000000	0.216615	0.000000	0.000000	0.183674
34	tsk_34	(x)	1	:	0.000000	0.262383	0.000000	0.000000	0.000000	0.249139	0.000000	0.000000	0.235106	0.000000	0.000000	0.112347	0.000000	0.000000	0.141025
35	tsk_35	(x)	1	:	0.000000	0.000000	0.000000	0.000000	0.000000	0.705754	0.000000	0.000000	0.000000	0.000000	0.000000	0.253272	0.000000	0.000000	0.040974
36	tsk_36	(x)	1	:	0.000000	0.000000	0.000000	0.000000	0.499840	0.137153	0.000000	0.000000	0.004037	0.000000	0.000000	0.299330	0.000000	0.000000	0.059640
37	tsk_37	(x)	1	:	0.000000	0.000000	0.000000	0.000000	0.499708	0.077068	0.000000	0.000000	0.007386	0.000000	0.000000	0.241344	0.000000	0.000000	0.174493
38	tsk_38	(x)	1	:	0.000000	0.000000	0.000000	0.000000	1.000000	0.000000	0.000000	0.000000	0.000000	0.000000	0.000000	0.000000	0.000000	0.000000	0.000000
39	tsk_39	(x)	1	:	0.000000	0.261672	0.000000	0.000000	0.000000	0.000000	0.000000	0.000000	0.738328	0.000000	0.000000	0.000000	0.000000	0.000000	0.000000
40	tsk_40	(x)	1	:	0.000001	0.000000	0.000000	0.000000	0.000000	0.000019	0.000000	0.000000	0.999978	0.000000	0.000000	0.000000	0.000000	0.000000	0.000002
41	tsk_41	(x)	1	:	0.500380	0.000000	0.000000	0.000000	0.000000	0.000003	0.000000	0.000000	0.499616	0.000000	0.000000	0.000000	0.000000	0.000000	0.000002
42	tsk_42	(x)	1	:	0.000000	0.000000	0.000000	0.000000	0.000000	0.000001	0.500000	0.000000	0.499995	0.000000	0.000000	0.000001	0.000000	0.000000	0.000002
43	tsk_43	(x)	1	:	0.000000	0.000000	0.000133	0.000000	0.000000	0.000000	0.000000	0.503857	0.000000	0.000000	0.496011	0.000000	0.000000	0.000000	0.000000
44	tsk_44	(x)	1	:	0.500380	0.000000	0.000000	0.000000	0.000000	0.000004	0.000000	0.000000	0.499614	0.000000	0.000000	0.000001	0.000000	0.000000	0.000001
45	tsk_45	(x)	1	:	0.000000	0.000000	0.000000	0.000000	0.000000	0.000000	1.000000	0.000000	0.000000	0.000000	0.000000	0.000000	0.000000	0.000000	0.000000
46	tsk_46	(x)	1	:	0.000000	0.000000	0.000000	0.000000	0.000000	0.000000	0.000000	0.499999	0.500000	0.000000	0.000000	0.000000	0.000000	0.000001	0.000000
47	tsk_47	(x)	1	:	0.000000	0.000000	0.000000	0.000000	0.500000	0.000000	0.500000	0.000000	0.000000	0.000000	0.000000	0.000000	0.000000	0.000000	0.000000
48	tsk_48	(x)	1	:	0.000001	0.000000	0.000000	0.000000	0.000000	0.000001	0.000000	0.000000	0.999998	0.000000	0.000000	0.000000	0.000000	0.000000	0.000000
49	tsk_49	(x)	1	:	0.000000	0.000000	0.000000	0.000000	0.499991	0.000000	0.000010	0.000000	0.000000	0.000000	0.000000	0.000000	0.499998	0.000000	0.000000
50	tsk_50	(x)	1	:	0.000000	0.000000	0.479152	0.000000	0.000000	0.225446	0.000000	0.000000	0.013138	0.000000	0.000000	0.103439	0.000000	0.000000	0.178825
51	tsk_51	(x)	1	:	0.000000	0.000000	0.000000	0.000000	0.000000	0.217186	0.000000	0.000000	0.000000	0.000000	0.000000	0.271467	0.000000	0.000000	0.511346
52	tsk_52	(x)	1	:	0.000000	0.000000	0.000000	0.000000	0.000000	0.720951	0.000000	0.000000	0.000000	0.000000	0.000000	0.187397	0.000000	0.000000	0.091651
53	tsk_53	(x)	1	:	0.000000	0.000000	0.000000	0.000000	0.000000	0.551817	0.000000	0.000000	0.000000	0.000000	0.000000	0.189906	0.000000	0.000000	0.258277
54	tsk_54	(x)	1	:	0.000000	0.000000	0.000000	0.000000	0.000000	0.411429	0.000000	0.000000	0.000000	0.000000	0.000000	0.113426	0.000000	0.000000	0.475145
55	tsk_55	(x)	1	:	0.000000	0.328733	0.000000	0.000000	0.000000	0.319740	0.000000	0.000000	0.170489	0.000000	0.000000	0.064485	0.000000	0.000000	0.116553
56	tsk_56	(x)	1	:	0.000000	0.000000	0.000000	0.000000	0.000000	0.565754	0.000000	0.000000	0.000000	0.000000	0.000000	0.123419	0.000000	0.000000	0.310827
57	tsk_57	(x)	1	:	0.000000	0.000000	0.479420	0.000000	0.000000	0.264947	0.000000	0.000000	0.010067	0.000000	0.000000	0.122530	0.000000	0.000000	0.123035
58	tsk_58	(x)	1	:	0.000000	0.000000	0.000000	0.000000	0.000000	0.585384	0.000000	0.000000	0.000000	0.000000	0.000000	0.275819	0.000000	0.000000	0.138797
59	tsk_59	(x)	1	:	0.000000	0.000000	0.000000	0.000000	0.000000	0.337546	0.000000	0.000000	0.000000	0.000000	0.000000	0.462250	0.000000	0.000000	0.200203
60	tsk_60	(x)	1	:	0.000000	0.000000	0.000000	0.000000	0.000000	0.647782	0.000000	0.000000	0.000000	0.000000	0.000000	0.166649	0.000000	0.000000	0.185569
61	tsk_61	(x)	1	:	0.000000	0.545671	0.454261	0.000000	0.000000	0.000000	0.000000	0.000000	0.000001	0.000000	0.000066	0.000000	0.000000	0.000000	0.000000
62	tsk_62	(x)	1	:	0.000000	0.000000	0.490854	0.000000	0.000000	0.000000	0.000000	0.000987	0.000000	0.000000	0.000094	0.000000	0.000000	0.508065	0.000000
63	tsk_63	(x)	1	:	0.000000	0.000000	0.478433	0.000000	0.000000	0.000000	0.000000	0.000000	0.521567	0.000000	0.000000	0.000000	0.000000	0.000000	0.000000
64	tsk_64	(x)	1	:	0.000000	0.000000	0.479415	0.000000	0.000000	0.332097	0.000000	0.000000	0.010131	0.000000	0.000000	0.108289	0.000000	0.000000	0.070069
65	tsk_65	(x)	1	:	0.000000	0.000000	0.490856	0.000000	0.000000	0.000000	0.000000	0.000911	0.000000	0.000000	0.000096	0.000000	0.000000	0.508137	0.000000
66	tsk_66	(x)	1	:	0.000000	0.000000	0.000000	0.000000	0.000000	0.110876	0.000000	0.499781	0.004636	0.000000	0.000000	0.225815	0.000000	0.000000	0.158891
67	tsk_67	(x)	1	:	0.000000	0.000000	0.000000	0.000000	0.000000	0.451810	0.000000	0.000000	0.000000	0.000000	0.000000	0.268900	0.000000	0.000000	0.279291
68	tsk_68	(x)	1	:	0.000000	0.000000	0.000000	0.497027	0.000000	0.297300	0.000000	0.000000	0.000000	0.000000	0.000000	0.110647	0.000000	0.000000	0.095027
69	tsk_69	(x)	1	:	0.000000	0.000000	0.478772	0.488998	0.000000	0.007746	0.000000	0.000000	0.003572	0.000000	0.000323	0.012279	0.000000	0.000000	0.008310
70	tsk_70	(x)	1	:	0.000000	0.334020	0.000000	0.000000	0.000000	0.000000	0.000000	0.000000	0.165355	0.000000	0.000000	0.000000	0.500625	0.000000	0.000000
71	tsk_71	(x)	1	:	0.000000	0.000000	1.000000	0.000000	0.000000	0.000000	0.000000	0.000000	0.000000	0.000000	0.000000	0.000000	0.000000	0.000000	0.000000
72	tsk_72	(x)	1	:	0.000000	0.338479	0.000000	0.000000	0.000000	0.000000	0.000000	0.000000	0.160421	0.000000	0.000000	0.000000	0.501100	0.000000	0.000000
73	tsk_73	(x)	1	:	0.000000	0.328263	0.000000	0.000000	0.000000	0.000003	0.000000	0.000000	0.671733	0.000000	0.000000	0.000000	0.000000	0.000000	0.000000
74	tsk_74	(x)	1	:	0.000000	0.331292	0.513531	0.000000	0.000000	0.000000	0.000000	0.000000	0.155176	0.000000	0.000000	0.000000	0.000000	0.000000	0.000000
75	tsk_75	(x)	1	:	0.000000	0.000000	1.000000	0.000000	0.000000	0.000000	0.000000	0.000000	0.000000	0.000000	0.000000	0.000000	0.000000	0.000000	0.000000
76	tsk_76	(x)	1	:	0.000000	0.328266	0.000000	0.000000	0.000000	0.000005	0.000000	0.000000	0.671728	0.000000	0.000000	0.000000	0.000000	0.000000	0.000001
77	tsk_77	(x)	1	:	0.000000	0.000000	0.521228	0.000000	0.000000	0.000000	0.000000	0.000000	0.000000	0.000000	0.000000	0.000000	0.478771	0.000000	0.000000
78	tsk_78	(x)	1	:	0.000001	0.994875	0.000000	0.000000	0.000000	0.000020	0.000000	0.000000	0.005088	0.000000	0.000000	0.000004	0.000000	0.000000	0.000012
79	tsk_79	(x)	1	:	0.000000	0.328262	0.000000	0.000000	0.000000	0.000001	0.000000	0.000000	0.671736	0.000000	0.000000	0.000000	0.000000	0.000000	0.000000
80	tsk_80	(x)	1	:	0.000000	0.000000	0.000000	0.000000	0.000000	0.039746	0.000000	0.499710	0.006163	0.000000	0.000000	0.224305	0.000000	0.000000	0.230077
81	tsk_81	(x)	1	:	0.000000	0.000000	0.512057	0.000000	0.000000	0.304683	0.000000	0.000000	0.000000	0.000000	0.000000	0.073538	0.000000	0.000000	0.109722
82	tsk_82	(x)	1	:	0.000000	0.000000	0.507140	0.000000	0.000000	0.000000	0.000000	0.492860	0.000000	0.000000	0.000000	0.000000	0.000000	0.000000	0.000000
83	tsk_83	(x)	1	:	0.000000	0.000000	0.000000	0.000000	0.000000	0.000000	0.000000	1.000000	0.000000	0.000000	0.000000	0.000000	0.000000	0.000000	0.000000
84	tsk_84	(x)	1	:	0.000000	0.000000	0.512058	0.000000	0.000000	0.301962	0.000000	0.000000	0.000000	0.000000	0.000000	0.061952	0.000000	0.000000	0.124028
85	tsk_85	(x)	1	:	0.000000	0.000000	0.000000	0.000000	0.000000	0.000000	0.000000	1.000000	0.000000	0.000000	0.000000	0.000000	0.000000	0.000000	0.000000
86	tsk_86	(x)	1	:	0.488857	0.000000	0.511103	0.000001	0.000000	0.000023	0.000000	0.000000	0.000004	0.000000	0.000000	0.000004	0.000000	0.000000	0.000008
87	tsk_87	(x)	1	:	0.000000	0.000000	0.521228	0.000000	0.000000	0.000000	0.000000	0.000000	0.000000	0.000000	0.000000	0.000000	0.478771	0.000000	0.000000
88	tsk_88	(x)	1	:	0.000000	0.000000	0.000000	0.000000	0.000000	0.000000	0.000000	0.500000	0.000000	0.000000	0.000000	0.000000	0.500000	0.000000	0.000000
89	tsk_89	(x)	1	:	0.000000	0.000000	0.000000	0.000000	0.000000	0.262496	0.000000	0.000000	0.002523	0.000000	0.493352	0.110277	0.000000	0.000000	0.131352
90	tsk_90	(x)	1	:	0.000000	0.000000	0.512050	0.000000	0.000000	0.297858	0.000000	0.000000	0.000000	0.000000	0.000000	0.075386	0.000000	0.000000	0.114706
91	tsk_91	(x)	1	:	0.000000	0.000000	0.000000	0.000000	0.000000	0.207559	0.000000	0.000000	0.000000	0.000000	0.000000	0.128866	0.499987	0.000000	0.163587
92	tsk_92	(x)	1	:	0.000000	0.000000	0.507140	0.000000	0.000000	0.000000	0.000000	0.492860	0.000000	0.000000	0.000000	0.000000	0.000000	0.000000	0.000000
93	tsk_93	(x)	1	:	0.000000	0.000000	0.000000	0.000000	0.000000	0.060906	0.000000	0.499787	0.004514	0.000000	0.000000	0.284567	0.000000	0.000000	0.150227
94	tsk_94	(x)	1	:	0.000000	0.000000	0.000000	0.496923	0.000000	0.283342	0.000000	0.000000	0.000000	0.000000	0.000000	0.115939	0.000000	0.000000	0.103796
95	tsk_95	(x)	1	:	0.000000	0.000000	0.000000	0.000000	0.000000	0.000000	0.000000	0.000000	0.500000	0.000000	0.000000	0.000000	0.500000	0.000000	0.000000
96	tsk_96	(x)	1	:	0.000000	0.000000	0.000000	0.000000	0.499873	0.076783	0.000000	0.000000	0.003189	0.000000	0.000000	0.175516	0.000000	0.000000	0.244639
97	tsk_97	(x)	1	:	0.000000	0.000000	0.000000	0.000000	0.000000	0.000000	0.000000	0.000000	1.000000	0.000000	0.000000	0.000000	0.000000	0.000000	0.000000
98	tsk_98	(x)	1	:	0.000000	0.000000	0.000000	0.000000	0.000000	0.299535	0.000000	0.000000	0.002423	0.000000	0.000000	0.053803	0.499772	0.000000	0.144467
99	tsk_99	(x)	1	:	0.000015	0.000000	0.000000	0.484699	0.000000	0.020573	0.000000	0.000000	0.484774	0.000000	0.000000	0.002859	0.000000	0.000000	0.007080
100	tsk_100	(x)	1	:	0.000000	0.000000	0.000000	0.000000	0.000000	0.616796	0.000000	0.000000	0.000000	0.000000	0.000000	0.162804	0.000000	0.000000	0.220399
101	tsk_101	(x)	1	:	0.000004	0.000000	0.000000	0.000000	0.000000	0.000021	0.000000	0.000000	0.834595	0.165372	0.000000	0.000002	0.000000	0.000000	0.000006
102	tsk_102	(x)	1	:	0.000000	0.000000	0.000161	0.000000	0.000000	0.000000	0.000000	0.503855	0.000000	0.000000	0.495984	0.000000	0.000000	0.000000	0.000000
103	tsk_103	(x)	1	:	0.000000	0.000000	0.507140	0.000000	0.000000	0.000000	0.000000	0.492860	0.000000	0.000000	0.000000	0.000000	0.000000	0.000000	0.000000
104	tsk_104	(x)	1	:	0.000000	0.000000	0.000000	0.000000	0.500000	0.000000	0.000000	0.500000	0.000000	0.000000	0.000000	0.000000	0.000000	0.000000	0.000000
105	tsk_105	(x)	1	:	0.000000	0.000000	0.000000	0.000000	0.000000	0.451947	0.000000	0.000000	0.000000	0.000000	0.000000	0.267686	0.000000	0.000000	0.280366
106	tsk_106	(x)	1	:	0.000000	0.000000	0.000000	0.000000	0.500000	0.000000	0.000001	0.500000	0.000000	0.000000	0.000000	0.000000	0.000000	0.000000	0.000000
107	tsk_107	(x)	1	:	0.000000	0.000000	0.000001	0.000000	0.000000	0.000000	0.000000	0.490636	0.000000	0.000000	0.509363	0.000000	0.000000	0.000000	0.000000
108	tsk_108	(x)	1	:	0.000000	0.000000	0.000000	0.000000	0.000000	0.264529	0.000000	0.000000	0.000000	0.000000	0.493562	0.116603	0.000000	0.000000	0.125306
109	tsk_109	(x)	1	:	0.000000	0.000000	0.000000	0.000000	0.499994	0.000000	0.000007	0.000000	0.499998	0.000001	0.000000	0.000000	0.000000	0.000000	0.000000
110	tsk_110	(x)	1	:	0.000000	0.000000	0.000000	0.000000	0.000000	0.153973	0.000000	0.000000	0.000000	0.000000	0.000000	0.385002	0.000000	0.000000	0.461025
111	tsk_111	(x)	1	:	0.000000	0.000000	0.000000	0.000000	0.000000	0.111977	0.000000	0.475030	0.024348	0.000000	0.000000	0.219310	0.000000	0.000000	0.169335
112	tsk_112	(x)	1	:	0.000000	0.000000	0.000000	0.000000	0.000000	0.465075	0.000000	0.000000	0.000000	0.000000	0.000000	0.227542	0.000000	0.000000	0.307382
113	tsk_113	(x)	1	:	0.000000	0.000000	0.000000	0.000000	0.000000	0.059985	0.000000	0.475109	0.022612	0.000000	0.000000	0.329583	0.000000	0.000000	0.112710
114	tsk_114	(x)	1	:	0.000000	0.000000	0.000000	0.000000	0.000000	0.414361	0.000000	0.000000	0.000000	0.000000	0.000000	0.310264	0.000000	0.000000	0.275375
115	tsk_115	(x)	1	:	0.000000	0.000000	0.000000	0.000000	0.000000	0.221510	0.000000	0.000000	0.001985	0.000000	0.000000	0.062030	0.499813	0.000000	0.214662
116	tsk_116	(x)	1	:	0.000000	0.000000	0.000000	0.000000	0.000000	0.077062	0.000000	0.475027	0.024414	0.000000	0.000000	0.187899	0.000000	0.000000	0.235598
117	tsk_117	(x)	1	:	0.000000	0.000000	0.000000	0.000000	0.000000	0.000000	0.000000	0.000000	0.000000	0.000000	0.000000	0.000000	1.000000	0.000000	0.000000
118	tsk_118	(x)	1	:	0.000000	0.000000	0.000000	0.000000	0.000000	0.137899	0.000000	0.000000	0.000000	0.000000	0.000000	0.234709	0.499977	0.000000	0.127415
119	tsk_119	(x)	1	:	0.000000	0.000000	0.000000	0.000000	0.000000	0.079058	0.000000	0.475032	0.024292	0.000000	0.000000	0.331767	0.000000	0.000000	0.089852
120	tsk_120	(x)	1	:	0.000000	0.000000	0.000000	0.000000	0.442774	0.118889	0.044127	0.000000	0.000000	0.281349	0.000000	0.095116	0.000000	0.000000	0.017744
121	tsk_121	(x)	1	:	0.000000	0.000000	0.000000	0.000000	0.441000	0.058839	0.046313	0.000000	0.000000	0.283262	0.000000	0.042392	0.000000	0.000000	0.128194
122	tsk_122	(x)	1	:	0.000000	0.000000	0.000000	0.000000	0.440711	0.000000	0.041518	0.000000	0.000000	0.517770	0.000000	0.000000	0.000000	0.000000	0.000000
123	tsk_123	(x)	1	:	0.000000	0.000000	0.000000	0.000000	0.502876	0.000000	0.000010	0.000788	0.000000	0.000000	0.000000	0.000000	0.000000	0.496326	0.000000
124	tsk_124	(x)	1	:	0.000000	0.000000	0.000000	0.000000	0.508924	0.000000	0.000000	0.000000	0.000000	0.491076	0.000000	0.000000	0.000000	0.000000	0.000000
125	tsk_125	(x)	1	:	0.000000	0.000000	0.000000	0.000000	1.000000	0.000000	0.000000	0.000000	0.000000	0.000000	0.000000	0.000000	0.000000	0.000000	0.000000
126	tsk_126	(x)	1	:	0.000000	0.000000	0.000000	0.000000	0.000000	0.000000	0.000000	0.346037	0.000000	0.000000	0.000000	0.000000	0.000000	0.653963	0.000000
127	tsk_127	(x)	1	:	0.000000	0.000000	0.000000	0.000000	0.000000	0.042845	0.000000	0.499816	0.000000	0.307792	0.000000	0.134236	0.000000	0.000000	0.015311
128	tsk_128	(x)	1	:	0.000000	0.000000	0.000000	0.000000	0.000000	0.125838	0.000000	0.000000	0.000000	0.306807	0.000000	0.026913	0.499546	0.000000	0.040896
129	tsk_129	(x)	1	:	0.000000	0.000000	0.000000	0.000000	0.499753	0.135293	0.000000	0.000000	0.006244	0.000000	0.000000	0.215876	0.000000	0.000000	0.142834
130	tsk_130	(x)	1	:	0.000000	0.000000	0.000000	0.000000	0.000000	0.000000	0.000000	0.500000	0.000000	0.000000	0.000000	0.000000	0.500000	0.000000	0.000000
131	tsk_131	(x)	1	:	0.000000	0.000000	0.000000	0.000000	0.000000	0.000000	0.000000	0.000000	0.501827	0.000000	0.000000	0.000000	0.000000	0.498173	0.000000
132	tsk_132	(x)	1	:	0.000000	0.000000	0.000000	0.000000	0.000000	0.298739	0.000000	0.000000	0.499373	0.000000	0.000000	0.092066	0.000000	0.000000	0.109822
133	tsk_133	(x)	1	:	0.000000	0.000000	0.000000	0.000000	0.000000	0.000000	0.000000	0.538535	0.000000	0.000000	0.000000	0.000000	0.000000	0.461465	0.000000
134	tsk_134	(x)	1	:	0.000000	0.000000	0.521228	0.000000	0.000000	0.000000	0.000000	0.000000	0.000000	0.000000	0.000000	0.000000	0.478771	0.000000	0.000000
135	tsk_135	(x)	1	:	0.000000	0.000000	0.000000	0.000000	0.000000	0.000000	0.000000	0.000000	0.500000	0.000000	0.000000	0.000000	0.500000	0.000000	0.000000
136	tsk_136	(x)	1	:	0.000000	0.000000	0.000000	0.000000	0.000000	0.000000	0.000000	0.000000	0.500000	0.000000	0.000000	0.000000	0.500000	0.000000	0.000000
137	tsk_137	(x)	1	:	0.000000	0.000000	0.000000	0.000000	0.000000	0.198998	0.000000	0.000000	0.000000	0.000000	0.000000	0.161539	0.499988	0.000000	0.139475
138	tsk_138	(x)	1	:	0.000000	0.000000	0.000000	0.000000	0.000000	0.000000	0.000000	0.500000	0.000000	0.000000	0.000000	0.000000	0.500000	0.000000	0.000000
139	tsk_139	(x)	1	:	0.000000	0.000000	0.000000	0.000000	0.000000	0.000000	0.000000	0.538574	0.000000	0.000000	0.000000	0.000000	0.000000	0.461426	0.000000
140	tsk_140	(x)	1	:	0.000000	0.000000	0.000000	0.000000	0.000000	0.115343	0.000000	0.499786	0.004524	0.000000	0.000000	0.235417	0.000000	0.000000	0.144930
141	tsk_141	(x)	1	:	0.000000	0.000000	0.000000	0.000000	0.000000	0.802889	0.000000	0.000000	0.000000	0.000000	0.000000	0.096299	0.000000	0.000000	0.100813
142	tsk_142	(x)	1	:	0.000000	0.000000	0.000000	0.000000	0.000000	0.538421	0.000000	0.000000	0.000000	0.000000	0.000000	0.176327	0.000000	0.000000	0.285252
143	tsk_143	(x)	1	:	0.000000	0.000000	0.000000	0.000000	0.000000	0.417358	0.000000	0.000000	0.000000	0.000000	0.000000	0.328492	0.000000	0.000000	0.254149
144	tsk_144	(x)	1	:	0.000000	0.000000	0.000000	0.000000	0.000000	0.550187	0.000000	0.000000	0.000000	0.000000	0.000000	0.171239	0.000000	0.000000	0.278574
145	tsk_145	(x)	1	:	0.000000	0.000000	0.000000	0.000000	0.000000	0.499855	0.000000	0.000000	0.000000	0.000000	0.000000	0.271265	0.000000	0.000000	0.228879
146	tsk_146	(x)	1	:	0.000000	0.000000	0.000000	0.000000	0.000000	0.380529	0.000000	0.000000	0.000000	0.000000	0.000000	0.288000	0.000000	0.000000	0.331471
147	tsk_147	(x)	1	:	0.000000	0.000000	0.000000	0.000000	0.000000	0.534399	0.000000	0.000000	0.000000	0.000000	0.000000	0.277253	0.000000	0.000000	0.188348
148	tsk_148	(x)	1	:	0.000000	0.000000	0.000000	0.000000	0.000000	0.383460	0.000000	0.000000	0.000000	0.000000	0.000000	0.162689	0.000000	0.000000	0.453851
149	tsk_149	(x)	1	:	0.000000	0.000000	0.000000	0.000000	0.000000	0.186751	0.000000	0.000000	0.000000	0.000000	0.000000	0.184536	0.499992	0.000000	0.128721
