logL = -1463.027053 (converged)
AIC = 3742.054106
BIC = 4970.393306

count.K
18 95 37 

