logL = -1085.196551 (converged)
AIC = 5630.393101
BIC = 10838.792160

count.K
14 14 21 11 12 12 35 10 17 4 

