logL = -1508.103542 (converged)
AIC = 7526.207084
BIC = 14315.189672

count.K
5 3 4 1 22 0 15 22 1 4 3 57 13 

