logL = -1410.769166 (converged)
AIC = 4813.538332
BIC = 7812.131085

count.K
24 35 11 37 18 25 

