logL = -538.240212 (converged)
AIC = 5928.480425
BIC = 13232.281648

count.K
2 4 4 1 11 9 3 49 3 16 0 6 31 11 

