logL = -750.573970 (converged)
AIC = 6063.147939
BIC = 12930.407045

count.K
51 16 12 11 7 1 17 3 3 9 2 2 16 

