logL = -2229.220251 (converged)
AIC = 6930.440502
BIC = 10651.585726

count.K
31 29 32 21 4 24 9 

