logL = -818.395581 (converged)
AIC = 3496.791163
BIC = 6296.681986

count.K
7 10 31 57 16 29 

