logL = -542.737084 (converged)
AIC = 5595.474168
BIC = 12384.456756

count.K
16 13 0 11 27 3 2 15 3 49 9 1 1 

