logL = -1875.227513 (converged)
AIC = 6834.455025
BIC = 11476.854649

count.K
20 14 4 17 36 5 15 13 26 

