logL = -1540.864614 (converged)
AIC = 7115.729227
BIC = 13188.180615

count.K
44 27 3 10 10 4 28 2 2 18 2 

