logL = -622.361482 (converged)
AIC = 2336.722964
BIC = 3980.529835

count.K
14 97 12 27 

