logL = -1903.941001 (converged)
AIC = 4617.882002
BIC = 5837.189296

count.K
33 58 59 

