logL = -1243.365928 (converged)
AIC = 7282.731857
BIC = 14502.235292

count.K
24 16 33 2 10 14 3 3 7 11 20 1 6 

