logL = -1082.860892 (converged)
AIC = 6401.721785
BIC = 12778.247338

count.K
12 4 5 9 0 5 30 4 4 1 64 12 

