logL = -2415.830806 (converged)
AIC = 5749.661613
BIC = 7131.543213

count.K
12 51 87 

