logL = -1724.549175 (converged)
AIC = 7829.098349
BIC = 14422.389643

count.K
4 8 11 35 48 12 14 0 4 8 4 2 

