logL = -1096.623863 (converged)
AIC = 3381.247725
BIC = 5169.565090

count.K
30 49 14 57 

