logL = -702.205921 (converged)
AIC = 2536.411842
BIC = 4240.431419

count.K
20 65 27 38 

