logL = -1022.202992 (converged)
AIC = 5524.405985
BIC = 10762.911396

count.K
16 13 28 10 18 24 18 8 14 1 

