logL = -653.489427 (converged)
AIC = 5470.978854
BIC = 11739.121536

count.K
4 39 14 7 12 20 17 2 6 4 8 17 

