logL = -749.134073 (converged)
AIC = 6034.268145
BIC = 12862.388992

count.K
14 5 9 2 8 2 21 0 21 7 44 7 10 

