logL = -1341.841510 (converged)
AIC = 4543.683019
BIC = 7343.573843

count.K
28 37 49 23 6 7 

