0	tsk_0	(x)	1	:	0.511765	0.000002	0.000000	0.000000	0.000000	0.000000	0.000000	0.000000	0.488233
1	tsk_1	(x)	1	:	0.000000	0.503216	0.000000	0.000000	0.046520	0.000000	0.000000	0.450264	0.000000
2	tsk_2	(x)	1	:	0.000000	0.515233	0.000000	0.000000	0.000017	0.484664	0.000000	0.000086	0.000000
3	tsk_3	(x)	1	:	0.511760	0.000002	0.000000	0.000000	0.000000	0.000000	0.000000	0.000000	0.488238
4	tsk_4	(x)	1	:	0.000000	0.000000	0.000000	0.000000	0.000000	0.000000	0.000000	0.000000	1.000000
5	tsk_5	(x)	1	:	0.000000	0.000000	0.000000	0.000000	0.677990	0.000000	0.000000	0.322010	0.000000
6	tsk_6	(x)	1	:	0.000000	0.000000	0.000000	0.000000	0.125881	0.000000	0.328308	0.049925	0.495885
7	tsk_7	(x)	1	:	0.000000	1.000000	0.000000	0.000000	0.000000	0.000000	0.000000	0.000000	0.000000
8	tsk_8	(x)	1	:	0.000000	0.503216	0.000000	0.000000	0.009089	0.000000	0.000000	0.487695	0.000000
9	tsk_9	(x)	1	:	0.000000	0.503216	0.000000	0.000000	0.100577	0.000000	0.000000	0.396207	0.000000
10	tsk_10	(x)	1	:	0.000000	0.503216	0.000000	0.000000	0.049035	0.000000	0.000000	0.447749	0.000000
11	tsk_11	(x)	1	:	0.000000	0.000000	0.000000	0.000000	0.317654	0.000000	0.000000	0.182542	0.499805
12	tsk_12	(x)	1	:	0.000000	0.000000	1.000000	0.000000	0.000000	0.000000	0.000000	0.000000	0.000000
13	tsk_13	(x)	1	:	0.000000	0.501124	0.000000	0.000000	0.009715	0.000000	0.000000	0.010254	0.478907
14	tsk_14	(x)	1	:	0.000000	0.000000	0.000000	0.000000	0.674968	0.000000	0.000000	0.325032	0.000000
15	tsk_15	(x)	1	:	0.000000	0.000000	0.531924	0.000000	0.000000	0.468076	0.000000	0.000000	0.000000
16	tsk_16	(x)	1	:	0.000000	0.000000	1.000000	0.000000	0.000000	0.000000	0.000000	0.000000	0.000000
17	tsk_17	(x)	1	:	0.000000	0.000000	0.000000	0.000000	0.717606	0.000000	0.000000	0.282394	0.000000
18	tsk_18	(x)	1	:	0.000000	0.503216	0.000000	0.000000	0.038509	0.000000	0.000000	0.458275	0.000000
19	tsk_19	(x)	1	:	0.000000	0.000000	0.493289	0.000000	0.411823	0.000000	0.000000	0.094888	0.000000
20	tsk_20	(x)	1	:	0.000000	0.000000	0.000000	0.000000	0.292983	0.493094	0.000000	0.213923	0.000000
21	tsk_21	(x)	1	:	0.000000	0.000000	0.000000	0.000000	0.865936	0.000000	0.000000	0.134064	0.000000
22	tsk_22	(x)	1	:	0.000000	0.000000	0.000000	0.000000	0.588857	0.000000	0.000000	0.411143	0.000000
23	tsk_23	(x)	1	:	0.000000	0.000000	0.000000	0.000000	0.484279	0.493112	0.000000	0.022609	0.000000
24	tsk_24	(x)	1	:	0.000000	0.000000	0.000000	0.000000	0.000000	0.446605	0.553395	0.000000	0.000000
25	tsk_25	(x)	1	:	0.000000	0.000000	0.000000	0.000000	0.642423	0.000000	0.000000	0.357577	0.000000
26	tsk_26	(x)	1	:	0.000000	0.000000	0.000000	0.000000	0.747963	0.000000	0.000000	0.252037	0.000000
27	tsk_27	(x)	1	:	0.000000	0.000000	0.000000	0.000000	0.838447	0.000000	0.000000	0.161553	0.000000
28	tsk_28	(x)	1	:	0.000000	0.000000	0.000000	0.000000	0.572219	0.000000	0.000000	0.427781	0.000000
29	tsk_29	(x)	1	:	0.000000	0.000000	0.000000	0.000000	0.688827	0.000000	0.000000	0.311173	0.000000
30	tsk_30	(x)	1	:	0.000000	0.487360	0.000000	0.000000	0.045514	0.000000	0.000000	0.467125	0.000000
31	tsk_31	(x)	1	:	0.000000	1.000000	0.000000	0.000000	0.000000	0.000000	0.000000	0.000000	0.000000
32	tsk_32	(x)	1	:	0.000000	0.503216	0.000000	0.000000	0.108807	0.000000	0.000000	0.387977	0.000000
33	tsk_33	(x)	1	:	0.000000	0.000000	0.000000	0.000000	0.533375	0.000000	0.330034	0.136591	0.000000
34	tsk_34	(x)	1	:	0.000000	1.000000	0.000000	0.000000	0.000000	0.000000	0.000000	0.000000	0.000000
35	tsk_35	(x)	1	:	0.000000	1.000000	0.000000	0.000000	0.000000	0.000000	0.000000	0.000000	0.000000
36	tsk_36	(x)	1	:	0.000000	0.487360	0.000000	0.000000	0.026860	0.000000	0.000000	0.485779	0.000000
37	tsk_37	(x)	1	:	0.000000	0.479360	0.000000	0.000000	0.000000	0.520640	0.000000	0.000000	0.000000
38	tsk_38	(x)	1	:	0.000000	1.000000	0.000000	0.000000	0.000000	0.000000	0.000000	0.000000	0.000000
39	tsk_39	(x)	1	:	0.000000	1.000000	0.000000	0.000000	0.000000	0.000000	0.000000	0.000000	0.000000
40	tsk_40	(x)	1	:	0.514216	0.000000	0.000000	0.000000	0.449127	0.000000	0.000000	0.036657	0.000000
41	tsk_41	(x)	1	:	0.000000	0.000000	0.000000	0.000000	0.791088	0.000000	0.000000	0.208912	0.000000
42	tsk_42	(x)	1	:	0.507188	0.000000	0.000000	0.000000	0.000002	0.000000	0.492801	0.000009	0.000000
43	tsk_43	(x)	1	:	0.000000	0.000000	0.000000	0.000000	0.690455	0.000000	0.000000	0.309545	0.000000
44	tsk_44	(x)	1	:	0.000000	0.000000	0.000000	0.000000	0.786342	0.000000	0.000000	0.213658	0.000000
45	tsk_45	(x)	1	:	0.000000	0.000000	0.000000	0.000000	0.335084	0.493086	0.000000	0.171830	0.000000
46	tsk_46	(x)	1	:	0.514216	0.000000	0.000000	0.000000	0.360737	0.000000	0.000000	0.125047	0.000000
47	tsk_47	(x)	1	:	0.000000	0.000000	0.000000	0.492529	0.396856	0.000000	0.000000	0.110615	0.000000
48	tsk_48	(x)	1	:	0.485396	0.000000	0.000000	0.000000	0.000000	0.514601	0.000000	0.000002	0.000000
49	tsk_49	(x)	1	:	0.000000	0.000000	0.000000	0.000000	0.590926	0.000000	0.000000	0.409074	0.000000
50	tsk_50	(x)	1	:	0.000000	0.000000	0.494862	0.495695	0.009442	0.000000	0.000000	0.000000	0.000000
51	tsk_51	(x)	1	:	0.000000	0.000000	0.000000	0.492529	0.352909	0.000000	0.000000	0.154562	0.000000
52	tsk_52	(x)	1	:	0.000000	0.000000	0.000000	0.492529	0.438424	0.000000	0.000000	0.069046	0.000000
53	tsk_53	(x)	1	:	0.000000	0.000000	0.000000	0.000000	0.421340	0.000000	0.000000	0.078855	0.499805
54	tsk_54	(x)	1	:	0.000000	0.000000	0.000000	0.451974	0.000019	0.000000	0.548007	0.000000	0.000000
55	tsk_55	(x)	1	:	0.000000	0.503216	0.000000	0.000000	0.037394	0.000000	0.000000	0.459390	0.000000
56	tsk_56	(x)	1	:	0.000000	0.000000	0.493289	0.000000	0.278315	0.000000	0.000000	0.228396	0.000000
57	tsk_57	(x)	1	:	0.000000	0.000000	0.493289	0.000000	0.339740	0.000000	0.000000	0.166971	0.000000
58	tsk_58	(x)	1	:	0.000000	0.000000	0.495482	0.496937	0.007582	0.000000	0.000000	0.000000	0.000000
59	tsk_59	(x)	1	:	0.000000	0.000000	0.415724	0.000000	0.000000	0.000000	0.584276	0.000000	0.000000
60	tsk_60	(x)	1	:	0.000000	0.000000	0.000000	0.000000	0.812633	0.000000	0.000000	0.187367	0.000000
61	tsk_61	(x)	1	:	0.000000	0.000000	0.000000	0.000000	0.568510	0.000000	0.246411	0.185079	0.000000
62	tsk_62	(x)	1	:	0.000000	0.503216	0.000000	0.000000	0.051726	0.000000	0.000000	0.445058	0.000000
63	tsk_63	(x)	1	:	0.000000	0.000000	0.000000	0.000000	0.438421	0.000000	0.246411	0.315168	0.000000
64	tsk_64	(x)	1	:	0.000000	0.000000	0.000000	0.000000	0.579500	0.000000	0.000000	0.420500	0.000000
65	tsk_65	(x)	1	:	0.000000	0.000000	0.000000	0.000000	0.722075	0.000000	0.000000	0.277925	0.000000
66	tsk_66	(x)	1	:	0.000000	0.503216	0.000000	0.000000	0.030299	0.000000	0.000000	0.466485	0.000000
67	tsk_67	(x)	1	:	0.000000	0.000000	0.000000	0.000000	0.761081	0.000000	0.000000	0.238919	0.000000
68	tsk_68	(x)	1	:	0.000000	0.000000	0.000000	0.000000	0.749695	0.000000	0.000000	0.250305	0.000000
69	tsk_69	(x)	1	:	0.000000	0.000000	0.000000	0.000000	0.755408	0.000000	0.000000	0.244592	0.000000
70	tsk_70	(x)	1	:	0.000000	0.000000	0.000000	0.492529	0.442936	0.000000	0.000000	0.064534	0.000000
71	tsk_71	(x)	1	:	0.000000	0.000000	0.571630	0.428370	0.000000	0.000000	0.000000	0.000000	0.000000
72	tsk_72	(x)	1	:	0.000000	0.000000	0.000000	0.000000	0.646039	0.000000	0.000000	0.353960	0.000000
73	tsk_73	(x)	1	:	0.000000	0.000000	0.000000	0.000000	0.494571	0.000000	0.000000	0.505429	0.000000
74	tsk_74	(x)	1	:	0.000000	0.000000	0.000000	0.492529	0.400169	0.000000	0.000000	0.107302	0.000000
75	tsk_75	(x)	1	:	0.000000	0.502842	0.000000	0.488786	0.004553	0.000000	0.000000	0.003819	0.000000
76	tsk_76	(x)	1	:	0.483686	0.000000	0.000000	0.000000	0.281254	0.000000	0.000000	0.235060	0.000000
77	tsk_77	(x)	1	:	0.000000	0.000000	0.000000	1.000000	0.000000	0.000000	0.000000	0.000000	0.000000
78	tsk_78	(x)	1	:	0.000000	0.503216	0.000000	0.000000	0.043835	0.000000	0.000000	0.452949	0.000000
79	tsk_79	(x)	1	:	0.000000	0.000000	0.000000	0.000000	0.744593	0.000000	0.000000	0.255407	0.000000
80	tsk_80	(x)	1	:	0.000000	0.503216	0.000000	0.000000	0.043117	0.000000	0.000000	0.453667	0.000000
81	tsk_81	(x)	1	:	0.000000	0.000000	0.000000	0.000000	0.536120	0.000000	0.424293	0.039586	0.000000
82	tsk_82	(x)	1	:	0.000000	0.000000	0.000000	0.000000	0.360464	0.387582	0.000000	0.251954	0.000000
83	tsk_83	(x)	1	:	0.000000	0.000000	0.000000	0.000000	0.434880	0.000000	0.000000	0.065315	0.499805
84	tsk_84	(x)	1	:	0.000000	0.000000	0.000000	0.000000	0.682031	0.000000	0.000000	0.317969	0.000000
85	tsk_85	(x)	1	:	0.000000	0.512815	0.000000	0.000000	0.000001	0.487166	0.000000	0.000018	0.000000
86	tsk_86	(x)	1	:	0.000000	0.000000	0.000000	0.000000	0.412697	0.493097	0.000000	0.094206	0.000000
87	tsk_87	(x)	1	:	0.000000	0.469119	0.000000	0.000000	0.019590	0.000000	0.266560	0.244730	0.000000
88	tsk_88	(x)	1	:	0.000000	0.000000	0.322420	0.000000	0.210803	0.000000	0.345954	0.120823	0.000000
89	tsk_89	(x)	1	:	0.000000	0.000000	0.000000	0.000000	0.806018	0.000000	0.000000	0.193982	0.000000
90	tsk_90	(x)	1	:	0.512857	0.000000	0.000000	0.000000	0.000000	0.000000	0.000000	0.000000	0.487143
91	tsk_91	(x)	1	:	0.511728	0.000000	0.000000	0.000000	0.000000	0.000000	0.000000	0.000000	0.488272
92	tsk_92	(x)	1	:	0.000000	0.491130	0.000000	0.000000	0.000000	0.000000	0.508870	0.000000	0.000000
93	tsk_93	(x)	1	:	0.000000	0.000000	0.000000	0.000000	0.338134	0.000000	0.000000	0.162062	0.499805
94	tsk_94	(x)	1	:	0.000000	0.000000	0.000000	0.000000	0.444999	0.000000	0.000000	0.055197	0.499805
95	tsk_95	(x)	1	:	0.000000	0.000000	0.000000	0.000000	0.000000	0.000000	0.000000	0.000000	1.000000
96	tsk_96	(x)	1	:	0.512967	0.000000	0.000000	0.000000	0.193065	0.000000	0.000000	0.293968	0.000000
97	tsk_97	(x)	1	:	0.000000	0.000000	0.000000	0.000000	0.000000	0.446605	0.553395	0.000000	0.000000
98	tsk_98	(x)	1	:	0.000000	0.000000	0.000000	1.000000	0.000000	0.000000	0.000000	0.000000	0.000000
99	tsk_99	(x)	1	:	0.000000	0.000000	0.000000	1.000000	0.000000	0.000000	0.000000	0.000000	0.000000
100	tsk_100	(x)	1	:	0.000000	0.000000	0.415724	0.000000	0.000000	0.000000	0.584276	0.000000	0.000000
101	tsk_101	(x)	1	:	0.000000	0.526827	0.000000	0.000000	0.000001	0.000000	0.473164	0.000009	0.000000
102	tsk_102	(x)	1	:	0.000000	0.000000	0.001237	0.000000	0.021025	0.000000	0.960627	0.017111	0.000000
103	tsk_103	(x)	1	:	0.000000	0.504594	0.495406	0.000000	0.000000	0.000000	0.000000	0.000000	0.000000
104	tsk_104	(x)	1	:	0.000000	0.000000	0.660772	0.000000	0.000000	0.000000	0.339227	0.000000	0.000000
105	tsk_105	(x)	1	:	0.000000	0.000000	0.000000	0.492441	0.100662	0.000000	0.330014	0.076883	0.000000
106	tsk_106	(x)	1	:	0.000000	0.000000	0.000000	0.000000	0.385079	0.000000	0.330034	0.284886	0.000000
107	tsk_107	(x)	1	:	0.000000	0.000000	0.000000	0.000000	0.119340	0.000000	0.328308	0.056467	0.495885
108	tsk_108	(x)	1	:	0.000000	0.000000	0.493289	0.000000	0.309645	0.000000	0.000000	0.197066	0.000000
109	tsk_109	(x)	1	:	0.000000	0.000000	0.660772	0.000000	0.000000	0.000000	0.339227	0.000000	0.000000
110	tsk_110	(x)	1	:	0.000000	0.000000	0.000000	1.000000	0.000000	0.000000	0.000000	0.000000	0.000000
111	tsk_111	(x)	1	:	0.000000	0.000000	0.000000	0.000000	0.823356	0.000000	0.000000	0.176644	0.000000
112	tsk_112	(x)	1	:	0.000000	0.000000	0.000000	1.000000	0.000000	0.000000	0.000000	0.000000	0.000000
113	tsk_113	(x)	1	:	0.000000	0.000000	0.000000	0.492529	0.426910	0.000000	0.000000	0.080560	0.000000
114	tsk_114	(x)	1	:	0.000000	0.000000	0.000000	0.000000	0.839678	0.000000	0.000000	0.160322	0.000000
115	tsk_115	(x)	1	:	0.000000	0.000000	0.000000	0.000000	0.719081	0.000000	0.000000	0.280919	0.000000
116	tsk_116	(x)	1	:	0.000000	0.000000	0.000000	0.492529	0.473939	0.000000	0.000000	0.033531	0.000000
117	tsk_117	(x)	1	:	0.000000	0.000000	0.000000	1.000000	0.000000	0.000000	0.000000	0.000000	0.000000
118	tsk_118	(x)	1	:	0.000000	0.000000	0.000000	0.492529	0.464234	0.000000	0.000000	0.043237	0.000000
119	tsk_119	(x)	1	:	0.483686	0.000000	0.000000	0.000000	0.040959	0.000000	0.000000	0.475355	0.000000
120	tsk_120	(x)	1	:	0.000000	0.000000	0.000000	0.664434	0.305692	0.000000	0.000000	0.029875	0.000000
121	tsk_121	(x)	1	:	0.000000	1.000000	0.000000	0.000000	0.000000	0.000000	0.000000	0.000000	0.000000
122	tsk_122	(x)	1	:	0.000000	1.000000	0.000000	0.000000	0.000000	0.000000	0.000000	0.000000	0.000000
123	tsk_123	(x)	1	:	0.000000	0.000000	0.000000	0.000000	0.000000	0.000000	1.000000	0.000000	0.000000
124	tsk_124	(x)	1	:	0.000000	0.000000	0.000000	0.000000	0.343438	0.000000	0.575389	0.081173	0.000000
125	tsk_125	(x)	1	:	0.000000	0.503216	0.000000	0.000000	0.119770	0.000000	0.000000	0.377014	0.000000
126	tsk_126	(x)	1	:	0.000000	1.000000	0.000000	0.000000	0.000000	0.000000	0.000000	0.000000	0.000000
127	tsk_127	(x)	1	:	0.000000	0.503216	0.000000	0.000000	0.206619	0.000000	0.000000	0.290165	0.000000
128	tsk_128	(x)	1	:	0.000000	1.000000	0.000000	0.000000	0.000000	0.000000	0.000000	0.000000	0.000000
129	tsk_129	(x)	1	:	0.000000	1.000000	0.000000	0.000000	0.000000	0.000000	0.000000	0.000000	0.000000
130	tsk_130	(x)	1	:	0.000000	0.000000	0.000000	1.000000	0.000000	0.000000	0.000000	0.000000	0.000000
131	tsk_131	(x)	1	:	0.000000	0.510795	0.000000	0.000000	0.271870	0.000000	0.000000	0.217335	0.000000
132	tsk_132	(x)	1	:	0.000000	0.491130	0.000000	0.000000	0.000000	0.000000	0.508870	0.000000	0.000000
133	tsk_133	(x)	1	:	0.000000	0.000000	0.000000	1.000000	0.000000	0.000000	0.000000	0.000000	0.000000
134	tsk_134	(x)	1	:	0.483686	0.000000	0.000000	0.000000	0.037170	0.000000	0.000000	0.479143	0.000000
135	tsk_135	(x)	1	:	0.000000	0.000000	0.000000	0.492529	0.451265	0.000000	0.000000	0.056205	0.000000
136	tsk_136	(x)	1	:	0.000000	0.000000	0.000000	0.000000	0.530740	0.000000	0.000000	0.469260	0.000000
137	tsk_137	(x)	1	:	0.000000	0.000000	0.000000	0.492529	0.458661	0.000000	0.000000	0.048810	0.000000
138	tsk_138	(x)	1	:	0.000000	0.000000	0.000000	0.000000	0.776225	0.000000	0.000000	0.223775	0.000000
139	tsk_139	(x)	1	:	0.000000	0.000000	0.000000	0.000000	0.800796	0.000000	0.000000	0.199204	0.000000
140	tsk_140	(x)	1	:	0.000000	0.000000	0.000000	0.492529	0.390923	0.000000	0.000000	0.116548	0.000000
141	tsk_141	(x)	1	:	0.000000	0.000000	0.000000	0.000000	0.940994	0.000000	0.000000	0.059006	0.000000
142	tsk_142	(x)	1	:	0.000000	0.491130	0.000000	0.000000	0.000000	0.000000	0.508870	0.000000	0.000000
143	tsk_143	(x)	1	:	0.483686	0.000000	0.000000	0.000000	0.039207	0.000000	0.000000	0.477106	0.000000
144	tsk_144	(x)	1	:	0.000000	0.503216	0.000000	0.000000	0.077774	0.000000	0.000000	0.419010	0.000000
145	tsk_145	(x)	1	:	0.000000	1.000000	0.000000	0.000000	0.000000	0.000000	0.000000	0.000000	0.000000
146	tsk_146	(x)	1	:	0.000000	0.000000	0.000000	0.000000	0.550909	0.000000	0.000000	0.449091	0.000000
147	tsk_147	(x)	1	:	0.000000	0.000000	0.493289	0.000000	0.258747	0.000000	0.000000	0.247964	0.000000
148	tsk_148	(x)	1	:	0.000000	0.000000	0.000000	0.000000	0.604054	0.000000	0.000000	0.395946	0.000000
149	tsk_149	(x)	1	:	0.000000	0.000000	0.000000	0.000000	0.677542	0.000000	0.000000	0.322458	0.000000
