logL = -2497.216002 (converged)
AIC = 8894.432003
BIC = 14765.170827

count.K
22 7 24 5 5 19 9 17 20 22 

