logL = -1083.824115 (converged)
AIC = 6427.648230
BIC = 12840.301406

count.K
23 6 6 14 13 3 2 17 11 32 5 18 

