logL = -1755.672972 (converged)
AIC = 3967.345943
BIC = 4653.770790

count.K
90 60 

