logL = -1585.796368 (converged)
AIC = 7575.592735
BIC = 14205.011653

count.K
21 0 12 12 16 5 6 10 23 2 37 6 

