logL = -947.781231 (converged)
AIC = 5951.562463
BIC = 12057.130839

count.K
1 2 61 3 23 7 20 10 18 2 3 

