logL = -1398.107302 (converged)
AIC = 5600.214603
BIC = 9821.125285

count.K
32 19 17 27 23 6 4 22 

