logL = -2393.830403 (converged)
AIC = 5259.660806
BIC = 5970.170735

count.K
79 71 

