logL = -2132.547481 (converged)
AIC = 5123.094963
BIC = 6414.657504

count.K
41 45 64 

