logL = -815.932039 (converged)
AIC = 6271.864079
BIC = 13256.537961

count.K
0 2 4 1 1 17 15 6 33 21 5 15 30 

