logL = -772.562762 (converged)
AIC = 6201.125523
BIC = 13209.884488

count.K
1 11 4 14 6 3 12 2 25 12 43 2 10 5 

