logL = -1180.923775 (converged)
AIC = 6923.847550
BIC = 13791.106656

count.K
12 14 2 37 1 3 7 42 15 0 7 5 5 

