0	tsk_0	(x)	1	:	0.000000	0.493230	0.502694	0.000000	0.000000	0.000000	0.000000	0.000000	0.004075	0.000000	0.000000	0.000000
1	tsk_1	(x)	1	:	0.000000	0.488256	0.000000	0.000000	0.000000	0.000000	0.000000	0.000000	0.000301	0.511444	0.000000	0.000000
2	tsk_2	(x)	1	:	0.000000	1.000000	0.000000	0.000000	0.000000	0.000000	0.000000	0.000000	0.000000	0.000000	0.000000	0.000000
3	tsk_3	(x)	1	:	0.000000	0.554232	0.000000	0.000000	0.000000	0.000000	0.000000	0.445767	0.000000	0.000000	0.000000	0.000000
4	tsk_4	(x)	1	:	0.000000	0.000000	0.000000	0.000000	0.366724	0.000000	0.000000	0.000000	0.000000	0.510841	0.122435	0.000000
5	tsk_5	(x)	1	:	0.499474	0.000000	0.000000	0.000000	0.000000	0.000027	0.000000	0.000000	0.000000	0.500499	0.000000	0.000000
6	tsk_6	(x)	1	:	0.000000	0.000000	0.000000	0.000000	0.000000	0.000000	0.000000	0.501474	0.000727	0.000000	0.497798	0.000000
7	tsk_7	(x)	1	:	0.000000	0.000000	0.000000	0.000000	0.000000	0.000000	0.000000	0.000000	0.000000	0.511126	0.488874	0.000000
8	tsk_8	(x)	1	:	0.000000	0.488254	0.000000	0.000000	0.000000	0.000000	0.000000	0.000000	0.000304	0.511442	0.000000	0.000000
9	tsk_9	(x)	1	:	0.000000	0.000000	0.000000	0.535405	0.000000	0.000000	0.000000	0.000000	0.000000	0.000000	0.464595	0.000000
10	tsk_10	(x)	1	:	0.000000	0.000000	0.000000	0.000000	0.000000	0.000000	0.000000	0.501300	0.001960	0.000000	0.496741	0.000000
11	tsk_11	(x)	1	:	0.000000	0.000000	0.000000	0.000000	0.000000	0.000000	0.000000	1.000000	0.000000	0.000000	0.000000	0.000000
12	tsk_12	(x)	1	:	0.000000	0.000000	0.000000	0.000000	0.000000	0.000000	0.398519	0.601481	0.000000	0.000000	0.000000	0.000000
13	tsk_13	(x)	1	:	0.000000	0.000000	0.000000	0.000000	0.000000	0.000000	0.000000	0.501333	0.001720	0.000000	0.496946	0.000000
14	tsk_14	(x)	1	:	0.000000	0.000000	0.000000	0.000000	0.000000	0.000000	0.000000	0.501296	0.001986	0.000000	0.496718	0.000000
15	tsk_15	(x)	1	:	0.000000	0.493863	0.000000	0.000000	0.000000	0.000000	0.000000	0.501960	0.004177	0.000000	0.000000	0.000000
16	tsk_16	(x)	1	:	0.000000	0.000000	0.000000	0.000000	0.000000	0.000000	0.000000	0.501339	0.001678	0.000000	0.496982	0.000000
17	tsk_17	(x)	1	:	0.000000	0.000000	0.000000	0.000000	0.000000	0.000000	0.398519	0.601481	0.000000	0.000000	0.000000	0.000000
18	tsk_18	(x)	1	:	0.000000	0.000000	0.000000	0.000000	0.000000	0.000000	0.000000	1.000000	0.000000	0.000000	0.000000	0.000000
19	tsk_19	(x)	1	:	0.000000	0.000000	0.000000	0.000000	0.000000	0.000000	0.000000	1.000000	0.000000	0.000000	0.000000	0.000000
20	tsk_20	(x)	1	:	0.000000	0.000000	0.000000	0.000000	0.000000	0.000000	0.000000	0.000000	0.000000	0.000000	1.000000	0.000000
21	tsk_21	(x)	1	:	0.000000	0.000000	0.000000	0.000000	0.000000	0.000000	0.480812	0.000000	0.016891	0.000000	0.502297	0.000000
22	tsk_22	(x)	1	:	0.000000	0.000000	0.501540	0.000000	0.000000	0.000000	0.000000	0.000000	0.001329	0.000000	0.497131	0.000000
23	tsk_23	(x)	1	:	0.000000	0.000000	0.000000	0.000000	0.000000	0.000000	0.000000	0.000000	0.000000	0.000000	1.000000	0.000000
24	tsk_24	(x)	1	:	0.000000	0.000000	0.000000	0.000000	0.000000	0.000000	1.000000	0.000000	0.000000	0.000000	0.000000	0.000000
25	tsk_25	(x)	1	:	0.000000	0.000000	0.501447	0.000000	0.000000	0.000000	0.000000	0.000000	0.001610	0.000000	0.496943	0.000000
26	tsk_26	(x)	1	:	0.000000	0.000000	0.000000	0.000000	0.000000	0.000000	0.480811	0.000000	0.016901	0.000000	0.502288	0.000000
27	tsk_27	(x)	1	:	0.000000	0.000000	0.000000	0.000002	0.000000	0.000000	0.000000	0.000000	0.000000	0.000000	0.999998	0.000000
28	tsk_28	(x)	1	:	0.000000	0.000000	0.000000	0.000000	0.000000	0.000000	0.000000	0.000000	0.000000	0.000000	1.000000	0.000000
29	tsk_29	(x)	1	:	0.000000	0.000000	0.000000	0.000000	0.000000	0.000000	0.480869	0.000000	0.016541	0.000000	0.502590	0.000000
30	tsk_30	(x)	1	:	0.000000	0.000000	0.000000	0.000000	0.000000	0.000000	0.931682	0.000000	0.000000	0.000000	0.000000	0.068317
31	tsk_31	(x)	1	:	0.500087	0.000000	0.499690	0.000000	0.000000	0.000022	0.000000	0.000000	0.000201	0.000000	0.000000	0.000000
32	tsk_32	(x)	1	:	0.999991	0.000000	0.000000	0.000000	0.000000	0.000009	0.000000	0.000000	0.000000	0.000000	0.000000	0.000000
33	tsk_33	(x)	1	:	0.999994	0.000000	0.000000	0.000000	0.000000	0.000005	0.000000	0.000000	0.000000	0.000000	0.000000	0.000000
34	tsk_34	(x)	1	:	0.999989	0.000000	0.000000	0.000000	0.000000	0.000011	0.000000	0.000000	0.000000	0.000000	0.000000	0.000000
35	tsk_35	(x)	1	:	0.999994	0.000000	0.000000	0.000000	0.000000	0.000006	0.000000	0.000000	0.000000	0.000000	0.000000	0.000000
36	tsk_36	(x)	1	:	0.499477	0.000000	0.000000	0.000000	0.000000	0.000025	0.000000	0.000000	0.000000	0.500499	0.000000	0.000000
37	tsk_37	(x)	1	:	0.500080	0.000000	0.499703	0.000000	0.000000	0.000029	0.000000	0.000000	0.000187	0.000000	0.000000	0.000000
38	tsk_38	(x)	1	:	0.499471	0.000000	0.000000	0.000000	0.000000	0.000030	0.000000	0.000000	0.000000	0.500499	0.000000	0.000000
39	tsk_39	(x)	1	:	1.000000	0.000000	0.000000	0.000000	0.000000	0.000000	0.000000	0.000000	0.000000	0.000000	0.000000	0.000000
40	tsk_40	(x)	1	:	0.000000	0.000000	0.000000	0.000000	0.000000	0.000000	0.522901	0.000000	0.000000	0.477099	0.000000	0.000000
41	tsk_41	(x)	1	:	0.000000	0.000000	0.000000	0.000000	0.000000	0.000000	0.480796	0.000000	0.519204	0.000000	0.000000	0.000000
42	tsk_42	(x)	1	:	0.000000	0.000000	0.000000	0.000000	0.000000	0.000000	0.537159	0.000000	0.462841	0.000000	0.000000	0.000000
43	tsk_43	(x)	1	:	1.000000	0.000000	0.000000	0.000000	0.000000	0.000000	0.000000	0.000000	0.000000	0.000000	0.000000	0.000000
44	tsk_44	(x)	1	:	0.000000	0.000000	0.000000	0.000000	0.000000	0.000000	0.537159	0.000000	0.462841	0.000000	0.000000	0.000000
45	tsk_45	(x)	1	:	0.502802	0.000000	0.000000	0.000000	0.000000	0.000020	0.497178	0.000000	0.000000	0.000000	0.000000	0.000000
46	tsk_46	(x)	1	:	0.500301	0.494656	0.000000	0.000000	0.000000	0.000024	0.000000	0.000000	0.005018	0.000000	0.000000	0.000000
47	tsk_47	(x)	1	:	0.000000	0.000000	0.493229	0.000000	0.000000	0.000000	0.000000	0.000000	0.000010	0.506761	0.000000	0.000000
48	tsk_48	(x)	1	:	0.000000	0.488257	0.000000	0.000000	0.000000	0.000000	0.000000	0.000000	0.000297	0.511446	0.000000	0.000000
49	tsk_49	(x)	1	:	0.000000	0.000000	0.000000	0.000000	0.000000	0.000000	0.000000	0.000000	0.497817	0.000000	0.502183	0.000000
50	tsk_50	(x)	1	:	0.000000	0.000000	0.504065	0.000000	0.000000	0.000000	0.000000	0.000000	0.495935	0.000000	0.000000	0.000000
51	tsk_51	(x)	1	:	0.000000	0.000000	0.499132	0.000000	0.000000	0.000000	0.000000	0.500560	0.000308	0.000000	0.000000	0.000000
52	tsk_52	(x)	1	:	0.000000	0.000000	0.000000	0.000000	0.000000	0.000000	0.283809	0.198501	0.099553	0.418137	0.000000	0.000000
53	tsk_53	(x)	1	:	0.000000	1.000000	0.000000	0.000000	0.000000	0.000000	0.000000	0.000000	0.000000	0.000000	0.000000	0.000000
54	tsk_54	(x)	1	:	0.000000	0.000000	0.000000	0.000000	0.000000	0.000000	0.628588	0.371412	0.000000	0.000000	0.000000	0.000000
55	tsk_55	(x)	1	:	0.000000	1.000000	0.000000	0.000000	0.000000	0.000000	0.000000	0.000000	0.000000	0.000000	0.000000	0.000000
56	tsk_56	(x)	1	:	0.000000	0.000000	0.000000	0.000000	0.000000	0.000000	0.480750	0.000000	0.151037	0.000000	0.000000	0.368213
57	tsk_57	(x)	1	:	0.000000	0.471303	0.000000	0.000000	0.000000	0.000000	0.528696	0.000000	0.000000	0.000000	0.000000	0.000000
58	tsk_58	(x)	1	:	0.000000	0.000000	1.000000	0.000000	0.000000	0.000000	0.000000	0.000000	0.000000	0.000000	0.000000	0.000000
59	tsk_59	(x)	1	:	0.000000	0.000000	0.000000	0.000000	0.000000	0.000000	0.628588	0.371412	0.000000	0.000000	0.000000	0.000000
60	tsk_60	(x)	1	:	0.000000	0.000000	0.000000	0.000000	0.000000	0.000000	1.000000	0.000000	0.000000	0.000000	0.000000	0.000000
61	tsk_61	(x)	1	:	0.000000	0.000000	0.000000	0.000000	0.000000	0.000000	0.000000	0.000000	0.000000	0.000000	1.000000	0.000000
62	tsk_62	(x)	1	:	0.000000	0.000000	0.000000	0.000000	0.000000	0.000000	0.000000	0.000000	0.497806	0.000000	0.502194	0.000000
63	tsk_63	(x)	1	:	0.000000	0.000000	0.000000	0.000000	0.000000	0.000000	0.480796	0.000000	0.519204	0.000000	0.000000	0.000000
64	tsk_64	(x)	1	:	0.500092	0.000000	0.499815	0.000000	0.000000	0.000023	0.000000	0.000000	0.000069	0.000000	0.000000	0.000000
65	tsk_65	(x)	1	:	0.000000	0.000000	0.000000	0.000000	0.000000	0.000000	0.000000	0.502205	0.497795	0.000000	0.000000	0.000000
66	tsk_66	(x)	1	:	0.000000	0.000000	0.000000	0.000000	0.000000	0.000000	0.000000	0.000000	1.000000	0.000000	0.000000	0.000000
67	tsk_67	(x)	1	:	0.000000	0.000000	0.000000	0.000000	0.000000	0.000000	0.000000	0.000000	0.497795	0.000000	0.502205	0.000000
68	tsk_68	(x)	1	:	0.000000	0.393409	0.000000	0.000000	0.000000	0.000000	0.000000	0.000000	0.606591	0.000000	0.000000	0.000000
69	tsk_69	(x)	1	:	0.000000	0.000000	0.000000	0.000000	0.000000	0.000000	0.000000	0.000000	0.497799	0.000000	0.502201	0.000000
70	tsk_70	(x)	1	:	0.000000	0.000000	0.000000	0.000000	0.000000	0.000000	0.480906	0.000000	0.016312	0.000000	0.502781	0.000000
71	tsk_71	(x)	1	:	0.499979	0.000000	0.000000	0.000000	0.000000	0.000021	0.000000	0.500000	0.000000	0.000000	0.000000	0.000000
72	tsk_72	(x)	1	:	0.499473	0.000000	0.000000	0.000000	0.000000	0.000028	0.000000	0.000000	0.000000	0.500499	0.000000	0.000000
73	tsk_73	(x)	1	:	0.000000	0.000000	0.000000	0.000000	0.000000	0.000000	0.283810	0.198500	0.099554	0.418136	0.000000	0.000000
74	tsk_74	(x)	1	:	0.000000	0.000000	0.000000	0.000000	0.000000	0.000000	0.000000	0.501347	0.001622	0.000000	0.497031	0.000000
75	tsk_75	(x)	1	:	0.000000	0.000000	0.000000	0.000000	0.000000	0.000000	0.000000	0.501349	0.001607	0.000000	0.497043	0.000000
76	tsk_76	(x)	1	:	0.499972	0.000000	0.000000	0.000000	0.000000	0.000028	0.000000	0.500000	0.000000	0.000000	0.000000	0.000000
77	tsk_77	(x)	1	:	0.000000	0.000000	0.000000	0.000000	0.000000	0.000000	0.480848	0.000000	0.016672	0.000000	0.502480	0.000000
78	tsk_78	(x)	1	:	0.000000	0.000000	0.000000	0.000000	0.000000	0.000000	0.000000	0.000000	0.000000	0.000000	1.000000	0.000000
79	tsk_79	(x)	1	:	0.500265	0.000000	0.000000	0.000000	0.000000	0.000000	0.000000	0.000000	0.000000	0.000000	0.499735	0.000000
80	tsk_80	(x)	1	:	0.000000	1.000000	0.000000	0.000000	0.000000	0.000000	0.000000	0.000000	0.000000	0.000000	0.000000	0.000000
81	tsk_81	(x)	1	:	0.000000	0.421362	0.430184	0.000000	0.000000	0.000000	0.000000	0.000000	0.000000	0.000000	0.000000	0.148454
82	tsk_82	(x)	1	:	0.000000	0.493274	0.502739	0.000000	0.000000	0.000000	0.000000	0.000000	0.003987	0.000000	0.000000	0.000000
83	tsk_83	(x)	1	:	0.499473	0.000000	0.000000	0.000000	0.000000	0.000028	0.000000	0.000000	0.000000	0.500499	0.000000	0.000000
84	tsk_84	(x)	1	:	0.000000	0.493246	0.502711	0.000000	0.000000	0.000000	0.000000	0.000000	0.004043	0.000000	0.000000	0.000000
85	tsk_85	(x)	1	:	0.000000	0.493240	0.502704	0.000000	0.000000	0.000000	0.000000	0.000000	0.004056	0.000000	0.000000	0.000000
86	tsk_86	(x)	1	:	0.000000	0.493258	0.502722	0.000000	0.000000	0.000000	0.000000	0.000000	0.004020	0.000000	0.000000	0.000000
87	tsk_87	(x)	1	:	0.000000	0.000000	0.897667	0.000000	0.000000	0.000000	0.000000	0.000000	0.000000	0.000000	0.000000	0.102333
88	tsk_88	(x)	1	:	0.000000	0.000000	0.449155	0.000000	0.000000	0.000000	0.000000	0.000000	0.000000	0.000000	0.396042	0.154804
89	tsk_89	(x)	1	:	0.000000	0.000000	0.501500	0.000000	0.000000	0.000000	0.000000	0.000000	0.001451	0.000000	0.497049	0.000000
90	tsk_90	(x)	1	:	0.000000	0.000000	0.000000	0.000000	0.000245	0.000000	0.531117	0.000000	0.000000	0.000000	0.468638	0.000000
91	tsk_91	(x)	1	:	0.000000	0.000000	0.000000	0.000000	0.498061	0.000000	0.501939	0.000000	0.000000	0.000000	0.000000	0.000000
92	tsk_92	(x)	1	:	1.000000	0.000000	0.000000	0.000000	0.000000	0.000000	0.000000	0.000000	0.000000	0.000000	0.000000	0.000000
93	tsk_93	(x)	1	:	0.000000	0.000000	0.000000	0.000000	0.000000	0.000000	0.725928	0.274072	0.000000	0.000000	0.000000	0.000000
94	tsk_94	(x)	1	:	0.000000	0.000000	0.501809	0.000000	0.000000	0.000000	0.000000	0.000000	0.000520	0.000000	0.497671	0.000000
95	tsk_95	(x)	1	:	0.000000	0.000000	0.473813	0.000000	0.000000	0.000000	0.526187	0.000000	0.000000	0.000000	0.000000	0.000000
96	tsk_96	(x)	1	:	0.000000	0.000000	0.501335	0.000000	0.000000	0.000000	0.000000	0.000000	0.001948	0.000000	0.496717	0.000000
97	tsk_97	(x)	1	:	0.000000	0.000000	0.000000	0.000000	0.278452	0.000000	0.513743	0.000000	0.000000	0.000000	0.207805	0.000000
98	tsk_98	(x)	1	:	0.000000	0.000000	0.000000	0.000000	0.000243	0.000000	0.531117	0.000000	0.000000	0.000000	0.468640	0.000000
99	tsk_99	(x)	1	:	1.000000	0.000000	0.000000	0.000000	0.000000	0.000000	0.000000	0.000000	0.000000	0.000000	0.000000	0.000000
100	tsk_100	(x)	1	:	0.000000	0.000000	0.000000	0.000000	0.000238	0.000000	0.531117	0.000000	0.000000	0.000000	0.468645	0.000000
101	tsk_101	(x)	1	:	0.000000	0.000000	0.000000	0.000000	0.000000	0.000000	0.480817	0.000000	0.016860	0.000000	0.502322	0.000000
102	tsk_102	(x)	1	:	0.000000	0.000000	0.000000	0.000000	0.000244	0.000000	0.531117	0.000000	0.000000	0.000000	0.468639	0.000000
103	tsk_103	(x)	1	:	0.000000	0.000000	0.493229	0.000000	0.000000	0.000000	0.000000	0.000000	0.000010	0.506761	0.000000	0.000000
104	tsk_104	(x)	1	:	0.000000	0.493848	0.000000	0.000000	0.000000	0.000000	0.000000	0.501955	0.004197	0.000000	0.000000	0.000000
105	tsk_105	(x)	1	:	0.000000	0.000000	0.000000	0.000000	0.000000	0.000000	0.000000	1.000000	0.000000	0.000000	0.000000	0.000000
106	tsk_106	(x)	1	:	0.000000	0.000000	0.000000	0.000000	0.000000	0.000000	0.398519	0.601481	0.000000	0.000000	0.000000	0.000000
107	tsk_107	(x)	1	:	0.000000	0.488257	0.000000	0.000000	0.000000	0.000000	0.000000	0.000000	0.000298	0.511445	0.000000	0.000000
108	tsk_108	(x)	1	:	0.499467	0.000000	0.000000	0.500516	0.000000	0.000017	0.000000	0.000000	0.000000	0.000000	0.000000	0.000000
109	tsk_109	(x)	1	:	0.000000	0.000000	0.000000	0.000000	0.000000	0.000000	0.398519	0.601481	0.000000	0.000000	0.000000	0.000000
110	tsk_110	(x)	1	:	0.002868	0.000000	0.499786	0.000000	0.000000	0.497312	0.000000	0.000000	0.000034	0.000000	0.000000	0.000000
111	tsk_111	(x)	1	:	0.002993	0.000000	0.000000	0.000000	0.000000	0.497393	0.000000	0.000000	0.499610	0.000000	0.000003	0.000000
112	tsk_112	(x)	1	:	0.000000	0.000000	0.504065	0.000000	0.000000	0.000000	0.000000	0.000000	0.495935	0.000000	0.000000	0.000000
113	tsk_113	(x)	1	:	0.000000	0.000000	1.000000	0.000000	0.000000	0.000000	0.000000	0.000000	0.000000	0.000000	0.000000	0.000000
114	tsk_114	(x)	1	:	0.000000	0.000000	0.000000	0.000000	0.000000	0.000000	0.000000	0.000000	0.497809	0.000000	0.502190	0.000000
115	tsk_115	(x)	1	:	0.000000	0.000000	0.000000	0.000000	0.000000	0.500258	0.000000	0.000000	0.000000	0.000000	0.499742	0.000000
116	tsk_116	(x)	1	:	0.500088	0.000000	0.499646	0.000000	0.000000	0.000019	0.000000	0.000000	0.000247	0.000000	0.000000	0.000000
117	tsk_117	(x)	1	:	0.000000	0.000000	0.504065	0.000000	0.000000	0.000000	0.000000	0.000000	0.495935	0.000000	0.000000	0.000000
118	tsk_118	(x)	1	:	0.000000	0.000000	1.000000	0.000000	0.000000	0.000000	0.000000	0.000000	0.000000	0.000000	0.000000	0.000000
119	tsk_119	(x)	1	:	0.000000	0.493246	0.502711	0.000000	0.000000	0.000000	0.000000	0.000000	0.004043	0.000000	0.000000	0.000000
120	tsk_120	(x)	1	:	0.500288	0.494292	0.000000	0.000000	0.000000	0.000019	0.000000	0.000000	0.005401	0.000000	0.000000	0.000000
121	tsk_121	(x)	1	:	0.000000	0.471303	0.000000	0.000000	0.000000	0.000000	0.528696	0.000000	0.000000	0.000000	0.000000	0.000000
122	tsk_122	(x)	1	:	0.000000	0.493255	0.502719	0.000000	0.000000	0.000000	0.000000	0.000000	0.004026	0.000000	0.000000	0.000000
123	tsk_123	(x)	1	:	0.000000	0.000000	0.499136	0.000000	0.000000	0.000000	0.000000	0.500562	0.000302	0.000000	0.000000	0.000000
124	tsk_124	(x)	1	:	0.500286	0.494370	0.000000	0.000000	0.000000	0.000026	0.000000	0.000000	0.005319	0.000000	0.000000	0.000000
125	tsk_125	(x)	1	:	0.000000	0.493834	0.000000	0.000000	0.000000	0.000000	0.000000	0.501950	0.004216	0.000000	0.000000	0.000000
126	tsk_126	(x)	1	:	0.500291	0.494266	0.000000	0.000000	0.000000	0.000015	0.000000	0.000000	0.005427	0.000000	0.000000	0.000000
127	tsk_127	(x)	1	:	0.000000	1.000000	0.000000	0.000000	0.000000	0.000000	0.000000	0.000000	0.000000	0.000000	0.000000	0.000000
128	tsk_128	(x)	1	:	1.000000	0.000000	0.000000	0.000000	0.000000	0.000000	0.000000	0.000000	0.000000	0.000000	0.000000	0.000000
129	tsk_129	(x)	1	:	0.000000	1.000000	0.000000	0.000000	0.000000	0.000000	0.000000	0.000000	0.000000	0.000000	0.000000	0.000000
130	tsk_130	(x)	1	:	0.000000	0.493246	0.502711	0.000000	0.000000	0.000000	0.000000	0.000000	0.004043	0.000000	0.000000	0.000000
131	tsk_131	(x)	1	:	0.000000	0.493226	0.502691	0.000000	0.000000	0.000000	0.000000	0.000000	0.004083	0.000000	0.000000	0.000000
132	tsk_132	(x)	1	:	0.000000	0.493239	0.502704	0.000000	0.000000	0.000000	0.000000	0.000000	0.004057	0.000000	0.000000	0.000000
133	tsk_133	(x)	1	:	0.000000	0.000000	1.000000	0.000000	0.000000	0.000000	0.000000	0.000000	0.000000	0.000000	0.000000	0.000000
134	tsk_134	(x)	1	:	0.000000	0.000000	1.000000	0.000000	0.000000	0.000000	0.000000	0.000000	0.000000	0.000000	0.000000	0.000000
135	tsk_135	(x)	1	:	0.000000	0.493228	0.502692	0.000000	0.000000	0.000000	0.000000	0.000000	0.004080	0.000000	0.000000	0.000000
136	tsk_136	(x)	1	:	0.000000	0.000000	1.000000	0.000000	0.000000	0.000000	0.000000	0.000000	0.000000	0.000000	0.000000	0.000000
137	tsk_137	(x)	1	:	0.000000	0.494603	0.000000	0.000000	0.000000	0.000000	0.000000	0.000000	0.505397	0.000000	0.000000	0.000000
138	tsk_138	(x)	1	:	0.000000	0.493230	0.502695	0.000000	0.000000	0.000000	0.000000	0.000000	0.004075	0.000000	0.000000	0.000000
139	tsk_139	(x)	1	:	0.000000	0.000000	1.000000	0.000000	0.000000	0.000000	0.000000	0.000000	0.000000	0.000000	0.000000	0.000000
140	tsk_140	(x)	1	:	0.000000	0.000000	0.501249	0.000000	0.000000	0.000000	0.000000	0.000000	0.002205	0.000000	0.496545	0.000000
141	tsk_141	(x)	1	:	0.000000	0.330114	0.000000	0.000000	0.000000	0.000000	0.409698	0.000000	0.000000	0.000000	0.000000	0.260188
142	tsk_142	(x)	1	:	0.000000	0.000000	0.000000	0.000000	0.000000	0.000000	0.283809	0.198501	0.099554	0.418137	0.000000	0.000000
143	tsk_143	(x)	1	:	0.499974	0.000000	0.000000	0.000000	0.000000	0.000026	0.000000	0.500000	0.000000	0.000000	0.000000	0.000000
144	tsk_144	(x)	1	:	0.000000	0.000000	0.000000	0.000000	0.000000	0.000000	0.000000	0.501319	0.001819	0.000000	0.496861	0.000000
145	tsk_145	(x)	1	:	0.000000	0.000000	0.333652	0.000000	0.000000	0.000000	0.408126	0.000000	0.000000	0.000000	0.000000	0.258222
146	tsk_146	(x)	1	:	1.000000	0.000000	0.000000	0.000000	0.000000	0.000000	0.000000	0.000000	0.000000	0.000000	0.000000	0.000000
147	tsk_147	(x)	1	:	0.000000	0.494440	0.000000	0.000000	0.000000	0.000000	0.480728	0.000000	0.024832	0.000000	0.000000	0.000000
148	tsk_148	(x)	1	:	0.000000	0.493450	0.000000	0.000000	0.000000	0.000000	0.000000	0.000000	0.006678	0.000000	0.499873	0.000000
149	tsk_149	(x)	1	:	0.000000	0.000000	0.333652	0.000000	0.000000	0.000000	0.408126	0.000000	0.000000	0.000000	0.000000	0.258222
