logL = -1816.362866 (converged)
AIC = 9422.725732
BIC = 18138.514908

count.K
3 2 14 24 29 5 21 1 18 5 3 2 10 5 8 

