logL = -1353.409711 (converged)
AIC = 3504.819422
BIC = 4706.062904

count.K
84 46 20 

