0	tsk_0	(x)	1	:	0.000000	0.000000	0.000000	0.000000	0.494222	0.000000	0.000000	0.000807	0.000000	0.005943	0.446097	0.052931	0.000000	0.000000
1	tsk_1	(x)	1	:	0.000000	0.000000	0.000000	0.000000	0.000000	0.000000	0.000000	0.000000	0.000000	0.000000	1.000000	0.000000	0.000000	0.000000
2	tsk_2	(x)	1	:	0.000000	0.000000	0.501892	0.000000	0.494856	0.000000	0.000000	0.000000	0.000000	0.003251	0.000000	0.000000	0.000000	0.000000
3	tsk_3	(x)	1	:	0.000000	0.000000	0.000000	0.000000	0.000000	0.000000	0.000000	0.000000	0.000000	0.000000	1.000000	0.000000	0.000000	0.000000
4	tsk_4	(x)	1	:	0.000000	0.000000	0.501891	0.000000	0.494838	0.000000	0.000000	0.000000	0.000000	0.003271	0.000000	0.000000	0.000000	0.000000
5	tsk_5	(x)	1	:	0.000000	0.000000	0.000000	0.000000	0.494543	0.000000	0.000000	0.000960	0.000000	0.005524	0.446100	0.052872	0.000000	0.000000
6	tsk_6	(x)	1	:	0.000000	0.000000	0.000000	0.000000	0.000000	0.000000	0.000000	0.009381	0.000000	0.000000	0.445882	0.054311	0.490426	0.000000
7	tsk_7	(x)	1	:	0.497390	0.000000	0.000000	0.000000	0.494021	0.002504	0.000000	0.000000	0.000000	0.006057	0.000000	0.000000	0.000029	0.000000
8	tsk_8	(x)	1	:	0.000000	0.000000	0.000000	0.000000	0.494384	0.000000	0.000000	0.001194	0.000000	0.005595	0.446150	0.052676	0.000000	0.000000
9	tsk_9	(x)	1	:	0.461345	0.000000	0.538533	0.000000	0.000000	0.000000	0.000000	0.000000	0.000000	0.000000	0.000000	0.000000	0.000121	0.000000
10	tsk_10	(x)	1	:	0.497152	0.000000	0.000000	0.000000	0.000000	0.002802	0.000000	0.000999	0.000000	0.499036	0.000000	0.000000	0.000012	0.000000
11	tsk_11	(x)	1	:	0.497408	0.000000	0.000000	0.000000	0.493879	0.002278	0.000000	0.000337	0.000000	0.006080	0.000000	0.000000	0.000019	0.000000
12	tsk_12	(x)	1	:	0.000000	0.000000	0.000000	0.000000	0.000000	0.000000	0.000000	0.001994	0.000000	0.499107	0.446120	0.052779	0.000000	0.000000
13	tsk_13	(x)	1	:	0.497326	0.000000	0.000000	0.000000	0.000000	0.002624	0.000000	0.000967	0.000000	0.499080	0.000000	0.000000	0.000001	0.000000
14	tsk_14	(x)	1	:	0.498541	0.000000	0.000000	0.000000	0.494472	0.001202	0.000000	0.000000	0.000000	0.005784	0.000000	0.000000	0.000000	0.000000
15	tsk_15	(x)	1	:	0.999875	0.000000	0.000000	0.000000	0.000000	0.000000	0.000000	0.000000	0.000000	0.000000	0.000000	0.000000	0.000125	0.000000
16	tsk_16	(x)	1	:	0.000000	0.000000	0.000000	0.000000	0.000000	0.000000	0.000000	0.009716	0.000000	0.000000	0.445990	0.054011	0.490284	0.000000
17	tsk_17	(x)	1	:	0.497506	0.000000	0.000000	0.000000	0.000000	0.002287	0.000000	0.001173	0.000000	0.499033	0.000000	0.000000	0.000001	0.000000
18	tsk_18	(x)	1	:	0.000000	0.000000	0.000000	0.000000	0.494546	0.000000	0.000000	0.000880	0.000000	0.005557	0.446088	0.052929	0.000000	0.000000
19	tsk_19	(x)	1	:	0.000000	0.000000	0.000000	0.000000	0.000000	0.000000	0.000000	0.000000	0.000000	0.000000	1.000000	0.000000	0.000000	0.000000
20	tsk_20	(x)	1	:	0.000000	0.000000	0.000000	0.000000	1.000000	0.000000	0.000000	0.000000	0.000000	0.000000	0.000000	0.000000	0.000000	0.000000
21	tsk_21	(x)	1	:	0.000000	0.000000	0.000000	0.000000	0.495535	0.499556	0.000000	0.000002	0.000000	0.004907	0.000000	0.000000	0.000000	0.000000
22	tsk_22	(x)	1	:	0.001482	0.000000	0.000000	0.000000	0.499894	0.000000	0.000000	0.000000	0.498623	0.000000	0.000000	0.000000	0.000000	0.000000
23	tsk_23	(x)	1	:	0.000000	0.000000	0.000000	0.000000	0.000000	0.000000	0.000000	0.000000	0.000000	0.000000	0.000000	0.000000	1.000000	0.000000
24	tsk_24	(x)	1	:	0.000000	0.000000	0.000000	0.000000	0.000000	0.000000	0.000000	0.009649	0.000000	0.000000	0.445958	0.054082	0.490311	0.000000
25	tsk_25	(x)	1	:	0.000000	0.000000	0.000000	0.000000	0.000000	0.000000	0.513898	0.000000	0.000000	0.000000	0.445960	0.040141	0.000000	0.000000
26	tsk_26	(x)	1	:	0.499993	0.000000	0.000000	0.000000	0.000000	0.500001	0.000000	0.000000	0.000000	0.000000	0.000000	0.000000	0.000007	0.000000
27	tsk_27	(x)	1	:	0.000000	0.000000	0.000000	0.000000	1.000000	0.000000	0.000000	0.000000	0.000000	0.000000	0.000000	0.000000	0.000000	0.000000
28	tsk_28	(x)	1	:	0.000000	0.000000	0.000000	0.000000	0.000000	0.000000	0.000000	0.000000	0.000000	0.000000	0.000000	0.000000	1.000000	0.000000
29	tsk_29	(x)	1	:	0.499784	0.000000	0.000000	0.000000	0.497397	0.000000	0.000000	0.000000	0.000000	0.002819	0.000000	0.000000	0.000000	0.000000
30	tsk_30	(x)	1	:	0.000000	0.441028	0.000000	0.000000	0.558972	0.000000	0.000000	0.000000	0.000000	0.000000	0.000000	0.000000	0.000000	0.000000
31	tsk_31	(x)	1	:	0.000000	0.000000	0.000000	0.000000	1.000000	0.000000	0.000000	0.000000	0.000000	0.000000	0.000000	0.000000	0.000000	0.000000
32	tsk_32	(x)	1	:	0.000000	0.000000	0.000000	0.000000	1.000000	0.000000	0.000000	0.000000	0.000000	0.000000	0.000000	0.000000	0.000000	0.000000
33	tsk_33	(x)	1	:	0.000000	0.000000	0.000000	0.000000	1.000000	0.000000	0.000000	0.000000	0.000000	0.000000	0.000000	0.000000	0.000000	0.000000
34	tsk_34	(x)	1	:	0.000000	0.000000	0.000000	0.000000	0.494578	0.000000	0.000000	0.001091	0.000000	0.005414	0.000000	0.498916	0.000000	0.000000
35	tsk_35	(x)	1	:	0.000000	0.000000	0.000000	0.000000	1.000000	0.000000	0.000000	0.000000	0.000000	0.000000	0.000000	0.000000	0.000000	0.000000
36	tsk_36	(x)	1	:	0.000000	0.000000	0.000000	0.000000	1.000000	0.000000	0.000000	0.000000	0.000000	0.000000	0.000000	0.000000	0.000000	0.000000
37	tsk_37	(x)	1	:	0.000000	0.000000	0.000000	0.000000	1.000000	0.000000	0.000000	0.000000	0.000000	0.000000	0.000000	0.000000	0.000000	0.000000
38	tsk_38	(x)	1	:	0.000000	0.000000	0.000000	0.000000	0.000000	0.000000	0.000000	0.000000	0.000000	0.000000	0.000000	0.000000	0.000000	1.000000
39	tsk_39	(x)	1	:	0.000000	0.000000	0.000000	0.000000	0.566117	0.000000	0.000000	0.000000	0.000000	0.000000	0.000000	0.000000	0.000000	0.433883
40	tsk_40	(x)	1	:	0.000000	0.316581	0.000000	0.000000	0.683419	0.000000	0.000000	0.000000	0.000000	0.000000	0.000000	0.000000	0.000000	0.000000
41	tsk_41	(x)	1	:	0.000000	0.000000	0.000000	0.000000	0.000000	0.000000	0.460341	0.039631	0.000000	0.000029	0.000000	0.500000	0.000000	0.000000
42	tsk_42	(x)	1	:	0.000000	0.000000	0.000000	0.000000	0.000000	0.000000	0.000000	0.000000	0.000000	0.000000	0.000000	1.000000	0.000000	0.000000
43	tsk_43	(x)	1	:	0.000000	0.000000	0.000000	0.000000	1.000000	0.000000	0.000000	0.000000	0.000000	0.000000	0.000000	0.000000	0.000000	0.000000
44	tsk_44	(x)	1	:	0.000000	0.000000	0.000000	0.000000	0.499997	0.000000	0.337554	0.000000	0.000000	0.162449	0.000000	0.000000	0.000000	0.000000
45	tsk_45	(x)	1	:	0.000000	0.316581	0.000000	0.000000	0.683419	0.000000	0.000000	0.000000	0.000000	0.000000	0.000000	0.000000	0.000000	0.000000
46	tsk_46	(x)	1	:	0.000000	0.000000	0.000000	0.000000	1.000000	0.000000	0.000000	0.000000	0.000000	0.000000	0.000000	0.000000	0.000000	0.000000
47	tsk_47	(x)	1	:	0.000000	0.000000	0.000000	0.000000	0.500000	0.000000	0.000000	0.000000	0.000000	0.500000	0.000000	0.000000	0.000000	0.000000
48	tsk_48	(x)	1	:	0.000000	0.000000	0.000000	0.000000	0.499997	0.000000	0.337554	0.000000	0.000000	0.162449	0.000000	0.000000	0.000000	0.000000
49	tsk_49	(x)	1	:	0.000000	0.316720	0.000000	0.000000	0.176693	0.000000	0.000000	0.000956	0.000000	0.006731	0.000000	0.498901	0.000000	0.000000
50	tsk_50	(x)	1	:	0.000000	0.000000	0.000000	0.000000	0.494537	0.000000	0.000000	0.000736	0.000000	0.005630	0.446073	0.053024	0.000000	0.000000
51	tsk_51	(x)	1	:	0.497720	0.000000	0.000000	0.000000	0.494162	0.002153	0.000000	0.000000	0.000000	0.005962	0.000000	0.000000	0.000004	0.000000
52	tsk_52	(x)	1	:	0.000000	0.000000	0.000000	0.000000	1.000000	0.000000	0.000000	0.000000	0.000000	0.000000	0.000000	0.000000	0.000000	0.000000
53	tsk_53	(x)	1	:	0.000000	0.441028	0.000000	0.000000	0.558972	0.000000	0.000000	0.000000	0.000000	0.000000	0.000000	0.000000	0.000000	0.000000
54	tsk_54	(x)	1	:	0.000000	0.000000	0.000000	0.000000	1.000000	0.000000	0.000000	0.000000	0.000000	0.000000	0.000000	0.000000	0.000000	0.000000
55	tsk_55	(x)	1	:	0.000000	0.000000	0.000000	0.000000	1.000000	0.000000	0.000000	0.000000	0.000000	0.000000	0.000000	0.000000	0.000000	0.000000
56	tsk_56	(x)	1	:	0.000000	0.000000	0.000000	0.000000	1.000000	0.000000	0.000000	0.000000	0.000000	0.000000	0.000000	0.000000	0.000000	0.000000
57	tsk_57	(x)	1	:	0.497135	0.000000	0.000000	0.000000	0.000000	0.002943	0.000000	0.000806	0.000000	0.499108	0.000000	0.000000	0.000007	0.000000
58	tsk_58	(x)	1	:	0.497265	0.000000	0.000000	0.000000	0.493962	0.002481	0.000000	0.000312	0.000000	0.005968	0.000000	0.000000	0.000012	0.000000
59	tsk_59	(x)	1	:	0.000000	0.000000	0.000000	0.000000	1.000000	0.000000	0.000000	0.000000	0.000000	0.000000	0.000000	0.000000	0.000000	0.000000
60	tsk_60	(x)	1	:	0.497271	0.000001	0.000000	0.000000	0.494097	0.002396	0.000000	0.000470	0.000000	0.005757	0.000000	0.000000	0.000008	0.000000
61	tsk_61	(x)	1	:	0.000000	0.000000	0.000000	0.000000	0.494350	0.499309	0.000000	0.000219	0.000000	0.006122	0.000000	0.000000	0.000000	0.000000
62	tsk_62	(x)	1	:	0.000000	0.000000	0.000000	0.000000	1.000000	0.000000	0.000000	0.000000	0.000000	0.000000	0.000000	0.000000	0.000000	0.000000
63	tsk_63	(x)	1	:	0.000000	0.316581	0.000000	0.000000	0.683419	0.000000	0.000000	0.000000	0.000000	0.000000	0.000000	0.000000	0.000000	0.000000
64	tsk_64	(x)	1	:	0.000000	0.000000	0.000000	0.000000	0.494267	0.498743	0.000000	0.001148	0.000000	0.005842	0.000000	0.000000	0.000000	0.000000
65	tsk_65	(x)	1	:	0.000000	0.000000	0.000000	0.000000	1.000000	0.000000	0.000000	0.000000	0.000000	0.000000	0.000000	0.000000	0.000000	0.000000
66	tsk_66	(x)	1	:	0.000000	0.000000	0.000000	0.000000	0.494162	0.498890	0.000000	0.000885	0.000000	0.006062	0.000000	0.000000	0.000000	0.000000
67	tsk_67	(x)	1	:	0.000000	0.000000	0.000000	0.000000	0.494510	0.000000	0.000000	0.001048	0.000000	0.005509	0.000000	0.498934	0.000000	0.000000
68	tsk_68	(x)	1	:	0.499626	0.000000	0.000000	0.000000	0.495469	0.000000	0.000000	0.000000	0.000000	0.004905	0.000000	0.000000	0.000000	0.000000
69	tsk_69	(x)	1	:	0.000000	0.000000	0.000000	0.000000	0.000000	0.000000	0.000000	0.009354	0.000000	0.000000	0.000000	0.500201	0.490445	0.000000
70	tsk_70	(x)	1	:	0.497487	0.000000	0.000000	0.000000	0.000000	0.002332	0.000000	0.001130	0.000000	0.499048	0.000000	0.000000	0.000003	0.000000
71	tsk_71	(x)	1	:	0.497454	0.000000	0.000000	0.000000	0.000000	0.002361	0.000000	0.001147	0.000000	0.499035	0.000000	0.000000	0.000004	0.000000
72	tsk_72	(x)	1	:	0.000000	0.000000	0.000000	0.000000	0.000000	0.000000	0.000000	0.000000	0.000000	1.000000	0.000000	0.000000	0.000000	0.000000
73	tsk_73	(x)	1	:	0.000000	0.000000	0.000000	0.000000	0.000000	0.000000	0.000000	0.000000	0.000000	1.000000	0.000000	0.000000	0.000000	0.000000
74	tsk_74	(x)	1	:	0.000000	0.000000	0.000000	0.000000	0.494391	0.498760	0.000000	0.001139	0.000000	0.005709	0.000000	0.000000	0.000000	0.000000
75	tsk_75	(x)	1	:	0.000000	0.000000	0.000000	0.000000	0.000000	1.000000	0.000000	0.000000	0.000000	0.000000	0.000000	0.000000	0.000000	0.000000
76	tsk_76	(x)	1	:	0.000000	0.000000	0.000000	0.000000	0.000000	0.000000	0.000000	0.000000	0.000000	1.000000	0.000000	0.000000	0.000000	0.000000
77	tsk_77	(x)	1	:	0.000000	0.000000	0.000000	0.000000	0.000000	0.498728	0.000000	0.002118	0.000000	0.499153	0.000000	0.000000	0.000000	0.000000
78	tsk_78	(x)	1	:	0.000000	0.000000	0.490589	0.000000	0.502040	0.000000	0.000000	0.000000	0.000000	0.007371	0.000000	0.000000	0.000000	0.000000
79	tsk_79	(x)	1	:	0.497158	0.000000	0.000000	0.000000	0.000000	0.002790	0.000000	0.001018	0.000000	0.499028	0.000000	0.000000	0.000006	0.000000
80	tsk_80	(x)	1	:	0.000000	0.000000	0.000000	0.000000	1.000000	0.000000	0.000000	0.000000	0.000000	0.000000	0.000000	0.000000	0.000000	0.000000
81	tsk_81	(x)	1	:	0.000000	0.316713	0.000000	0.000000	0.176879	0.000000	0.000000	0.001161	0.000000	0.006443	0.000000	0.498804	0.000000	0.000000
82	tsk_82	(x)	1	:	0.000000	0.000000	0.501958	0.000000	0.495700	0.000000	0.000000	0.000000	0.000000	0.002342	0.000000	0.000000	0.000000	0.000000
83	tsk_83	(x)	1	:	0.000000	0.000000	0.000000	0.000000	0.494629	0.000000	0.000000	0.001141	0.000000	0.005337	0.000000	0.498893	0.000000	0.000000
84	tsk_84	(x)	1	:	0.510518	0.000000	0.000000	0.000000	0.000000	0.010025	0.000000	0.000730	0.000000	0.000000	0.000000	0.000000	0.000017	0.478711
85	tsk_85	(x)	1	:	0.000000	0.000000	0.000000	0.000000	0.494525	0.000000	0.000000	0.001077	0.000000	0.005479	0.000000	0.498919	0.000000	0.000000
86	tsk_86	(x)	1	:	0.000000	0.441028	0.000000	0.000000	0.558972	0.000000	0.000000	0.000000	0.000000	0.000000	0.000000	0.000000	0.000000	0.000000
87	tsk_87	(x)	1	:	0.000000	0.000000	0.000000	0.000000	0.483654	0.000000	0.000000	0.000000	0.000000	0.000000	0.000000	0.000000	0.516346	0.000000
88	tsk_88	(x)	1	:	0.498379	0.000000	0.000000	0.000000	0.000000	0.000000	0.000000	0.002488	0.000000	0.000000	0.000000	0.498648	0.000486	0.000000
89	tsk_89	(x)	1	:	0.999973	0.000000	0.000000	0.000000	0.000000	0.000000	0.000000	0.000000	0.000000	0.000000	0.000000	0.000000	0.000027	0.000000
90	tsk_90	(x)	1	:	0.000000	0.000000	0.000000	0.424273	0.575727	0.000000	0.000000	0.000000	0.000000	0.000000	0.000000	0.000000	0.000000	0.000000
91	tsk_91	(x)	1	:	0.000000	0.000000	0.000000	0.424273	0.575727	0.000000	0.000000	0.000000	0.000000	0.000000	0.000000	0.000000	0.000000	0.000000
92	tsk_92	(x)	1	:	0.000000	0.441476	0.000000	0.000000	0.053699	0.498608	0.000000	0.001590	0.000000	0.004626	0.000000	0.000000	0.000000	0.000000
93	tsk_93	(x)	1	:	0.000000	0.441028	0.000000	0.000000	0.558972	0.000000	0.000000	0.000000	0.000000	0.000000	0.000000	0.000000	0.000000	0.000000
94	tsk_94	(x)	1	:	0.497313	0.000000	0.000000	0.000000	0.493916	0.002404	0.000000	0.000274	0.000000	0.006050	0.000000	0.000000	0.000043	0.000000
95	tsk_95	(x)	1	:	0.496807	0.444195	0.000000	0.000000	0.044945	0.002605	0.000000	0.000754	0.000000	0.010690	0.000000	0.000000	0.000003	0.000000
96	tsk_96	(x)	1	:	0.000000	0.441600	0.000000	0.000000	0.053100	0.498461	0.000000	0.001776	0.000000	0.005063	0.000000	0.000000	0.000000	0.000000
97	tsk_97	(x)	1	:	0.000000	0.000000	0.000000	0.000000	0.494385	0.498814	0.000000	0.001048	0.000000	0.005753	0.000000	0.000000	0.000000	0.000000
98	tsk_98	(x)	1	:	0.000000	0.442069	0.501917	0.000000	0.052112	0.000000	0.000000	0.000000	0.000000	0.003902	0.000000	0.000000	0.000000	0.000000
99	tsk_99	(x)	1	:	0.000000	0.000000	0.000000	0.000000	0.000000	0.484650	0.515350	0.000000	0.000000	0.000000	0.000000	0.000000	0.000000	0.000000
100	tsk_100	(x)	1	:	0.000000	0.000000	0.000000	0.000000	1.000000	0.000000	0.000000	0.000000	0.000000	0.000000	0.000000	0.000000	0.000000	0.000000
101	tsk_101	(x)	1	:	0.000000	0.000000	0.000000	0.000000	0.494387	0.000000	0.000000	0.001007	0.000000	0.005661	0.000000	0.498945	0.000000	0.000000
102	tsk_102	(x)	1	:	0.999307	0.000000	0.000000	0.000000	0.000000	0.000000	0.000000	0.000000	0.000000	0.000000	0.000000	0.000000	0.000693	0.000000
103	tsk_103	(x)	1	:	0.000000	0.000000	0.000000	0.000000	0.000000	0.000000	0.000000	0.000000	0.000000	0.000000	0.445960	0.554040	0.000000	0.000000
104	tsk_104	(x)	1	:	0.000000	0.441129	0.000000	0.000000	0.056220	0.000000	0.000000	0.001040	0.000000	0.002417	0.446034	0.053160	0.000000	0.000000
105	tsk_105	(x)	1	:	0.000000	0.441118	0.000000	0.000000	0.056476	0.000000	0.000000	0.001217	0.000000	0.002064	0.000000	0.499125	0.000000	0.000000
106	tsk_106	(x)	1	:	0.497507	0.000000	0.000000	0.000000	0.494361	0.002255	0.000000	0.000293	0.000000	0.005584	0.000000	0.000000	0.000001	0.000000
107	tsk_107	(x)	1	:	0.000000	0.441152	0.000000	0.000000	0.055931	0.000000	0.000000	0.000932	0.000000	0.002753	0.446031	0.053201	0.000000	0.000000
108	tsk_108	(x)	1	:	0.000000	0.441028	0.000000	0.000000	0.558972	0.000000	0.000000	0.000000	0.000000	0.000000	0.000000	0.000000	0.000000	0.000000
109	tsk_109	(x)	1	:	0.000000	1.000000	0.000000	0.000000	0.000000	0.000000	0.000000	0.000000	0.000000	0.000000	0.000000	0.000000	0.000000	0.000000
110	tsk_110	(x)	1	:	0.000000	0.000000	0.000000	0.000000	0.000000	0.478833	0.000000	0.000000	0.000000	0.000000	0.521167	0.000000	0.000000	0.000000
111	tsk_111	(x)	1	:	0.000000	0.000000	0.000000	0.000000	0.000000	0.000000	0.000000	0.009668	0.000000	0.000000	0.445992	0.054034	0.490305	0.000000
112	tsk_112	(x)	1	:	0.000000	0.000000	0.000000	0.000000	0.000000	1.000000	0.000000	0.000000	0.000000	0.000000	0.000000	0.000000	0.000000	0.000000
113	tsk_113	(x)	1	:	0.000000	0.000000	0.000000	0.000000	0.000000	0.478833	0.000000	0.000000	0.000000	0.000000	0.521167	0.000000	0.000000	0.000000
114	tsk_114	(x)	1	:	0.000000	0.000000	0.000000	0.000000	0.000000	0.000000	0.000000	0.000000	0.000000	0.000000	0.522425	0.000000	0.477575	0.000000
115	tsk_115	(x)	1	:	0.000000	0.000000	0.000000	0.000000	0.000000	0.000000	0.000000	0.000000	0.000000	0.000000	0.000000	0.000000	1.000000	0.000000
116	tsk_116	(x)	1	:	0.999934	0.000000	0.000000	0.000000	0.000000	0.000000	0.000000	0.000000	0.000000	0.000000	0.000000	0.000000	0.000066	0.000000
117	tsk_117	(x)	1	:	0.499993	0.000000	0.000000	0.000000	0.000000	0.500000	0.000000	0.000000	0.000000	0.000000	0.000000	0.000000	0.000007	0.000000
118	tsk_118	(x)	1	:	0.000000	0.000000	0.000000	0.000000	0.000000	0.478833	0.000000	0.000000	0.000000	0.000000	0.521167	0.000000	0.000000	0.000000
119	tsk_119	(x)	1	:	0.000000	0.000000	0.000000	0.000000	0.000000	0.000000	0.000000	0.000000	0.000000	0.000000	0.522425	0.000000	0.477575	0.000000
120	tsk_120	(x)	1	:	0.000000	1.000000	0.000000	0.000000	0.000000	0.000000	0.000000	0.000000	0.000000	0.000000	0.000000	0.000000	0.000000	0.000000
121	tsk_121	(x)	1	:	0.000000	0.147861	0.000000	0.828763	0.023376	0.000000	0.000000	0.000000	0.000000	0.000000	0.000000	0.000000	0.000000	0.000000
122	tsk_122	(x)	1	:	0.497821	0.000000	0.000000	0.000000	0.494093	0.001959	0.000000	0.000115	0.000000	0.006011	0.000000	0.000000	0.000000	0.000000
123	tsk_123	(x)	1	:	0.000000	0.000000	0.000000	0.501927	0.498073	0.000000	0.000000	0.000000	0.000000	0.000000	0.000000	0.000000	0.000000	0.000000
124	tsk_124	(x)	1	:	0.000000	0.150979	0.000000	0.838033	0.010988	0.000000	0.000000	0.000000	0.000000	0.000000	0.000000	0.000000	0.000000	0.000000
125	tsk_125	(x)	1	:	0.999898	0.000000	0.000000	0.000000	0.000000	0.000000	0.000000	0.000000	0.000000	0.000000	0.000000	0.000000	0.000102	0.000000
126	tsk_126	(x)	1	:	0.497459	0.000000	0.000000	0.000000	0.000000	0.002368	0.000000	0.001127	0.000000	0.499043	0.000000	0.000000	0.000002	0.000000
127	tsk_127	(x)	1	:	0.000000	0.150347	0.000000	0.836141	0.013512	0.000000	0.000000	0.000000	0.000000	0.000000	0.000000	0.000000	0.000000	0.000000
128	tsk_128	(x)	1	:	0.000000	0.000000	0.000000	1.000000	0.000000	0.000000	0.000000	0.000000	0.000000	0.000000	0.000000	0.000000	0.000000	0.000000
129	tsk_129	(x)	1	:	0.000000	1.000000	0.000000	0.000000	0.000000	0.000000	0.000000	0.000000	0.000000	0.000000	0.000000	0.000000	0.000000	0.000000
130	tsk_130	(x)	1	:	0.000000	0.000000	0.000000	0.000000	0.000000	0.000000	0.000000	0.001831	0.000000	0.499168	0.000000	0.499001	0.000000	0.000000
131	tsk_131	(x)	1	:	0.003910	0.000000	0.000000	0.000000	0.499722	0.000000	0.000000	0.000000	0.496368	0.000000	0.000000	0.000000	0.000000	0.000000
132	tsk_132	(x)	1	:	0.000000	0.000000	0.000000	0.000000	0.494672	0.000000	0.000000	0.001141	0.000000	0.005289	0.000000	0.498897	0.000000	0.000000
133	tsk_133	(x)	1	:	0.000000	0.000000	0.000000	0.000000	0.500000	0.000000	0.000000	0.000000	0.000000	0.500000	0.000000	0.000000	0.000000	0.000000
134	tsk_134	(x)	1	:	0.000000	0.000000	0.000000	0.000000	0.000000	0.000000	0.000000	0.000000	0.000000	0.000000	0.000000	1.000000	0.000000	0.000000
135	tsk_135	(x)	1	:	0.000000	0.000000	0.000000	0.000000	0.000000	0.000000	0.000000	0.000000	0.499997	0.000000	0.000000	0.500000	0.000003	0.000000
136	tsk_136	(x)	1	:	0.000000	0.000000	0.000000	0.000000	0.000000	0.000000	0.000000	0.000000	0.000000	0.000000	0.000000	1.000000	0.000000	0.000000
137	tsk_137	(x)	1	:	0.000000	0.000000	0.000000	0.000000	0.000000	0.000000	0.000000	0.000000	0.499999	0.000000	0.445984	0.054014	0.000003	0.000000
138	tsk_138	(x)	1	:	0.000000	0.000000	0.000000	0.000000	0.000000	0.000000	0.000000	0.000000	0.000000	0.000000	0.000000	1.000000	0.000000	0.000000
139	tsk_139	(x)	1	:	0.005868	0.495571	0.000000	0.000000	0.000000	0.000000	0.000000	0.000000	0.498561	0.000000	0.000000	0.000000	0.000000	0.000000
140	tsk_140	(x)	1	:	0.999989	0.000000	0.000000	0.000000	0.000000	0.000000	0.000000	0.000000	0.000000	0.000000	0.000000	0.000000	0.000011	0.000000
141	tsk_141	(x)	1	:	0.999970	0.000000	0.000000	0.000000	0.000000	0.000000	0.000000	0.000000	0.000000	0.000000	0.000000	0.000000	0.000030	0.000000
142	tsk_142	(x)	1	:	0.000000	0.000000	0.000000	0.000000	0.000000	0.000000	0.000000	0.009556	0.000000	0.000000	0.000000	0.500090	0.490353	0.000000
143	tsk_143	(x)	1	:	0.999448	0.000000	0.000000	0.000000	0.000000	0.000000	0.000000	0.000000	0.000000	0.000000	0.000000	0.000000	0.000551	0.000000
144	tsk_144	(x)	1	:	0.497636	0.000000	0.000000	0.000000	0.494122	0.002168	0.000000	0.000144	0.000000	0.005931	0.000000	0.000000	0.000000	0.000000
145	tsk_145	(x)	1	:	0.497115	0.000000	0.000000	0.000000	0.494001	0.002557	0.000000	0.000482	0.000000	0.005828	0.000000	0.000000	0.000017	0.000000
146	tsk_146	(x)	1	:	0.000000	0.000000	0.000000	0.000000	1.000000	0.000000	0.000000	0.000000	0.000000	0.000000	0.000000	0.000000	0.000000	0.000000
147	tsk_147	(x)	1	:	0.000000	0.000000	0.000000	0.000000	0.494151	0.000000	0.000000	0.000695	0.000000	0.006059	0.000000	0.499094	0.000000	0.000000
148	tsk_148	(x)	1	:	1.000000	0.000000	0.000000	0.000000	0.000000	0.000000	0.000000	0.000000	0.000000	0.000000	0.000000	0.000000	0.000000	0.000000
149	tsk_149	(x)	1	:	0.487187	0.000000	0.000000	0.000000	0.000000	0.000137	0.512674	0.000000	0.000000	0.000000	0.000000	0.000000	0.000001	0.000000
