0	tsk_0	(x)	1	:	0.000000	0.000000	0.000000	0.568750	0.000000	0.000000	0.000000	0.000000	0.431250	0.000000
1	tsk_1	(x)	1	:	0.000000	0.000000	0.000000	0.000000	0.000000	0.000000	0.000000	0.000000	0.523650	0.476350
2	tsk_2	(x)	1	:	0.000000	0.000000	0.000000	0.568783	0.000000	0.000000	0.000000	0.000000	0.431211	0.000006
3	tsk_3	(x)	1	:	0.000000	0.000000	0.000000	0.554676	0.000000	0.000000	0.000000	0.000000	0.000000	0.445323
4	tsk_4	(x)	1	:	0.000000	0.000000	0.000000	1.000000	0.000000	0.000000	0.000000	0.000000	0.000000	0.000000
5	tsk_5	(x)	1	:	0.000000	0.000000	0.000000	0.000000	0.409726	0.000000	0.000000	0.000000	0.110175	0.480099
6	tsk_6	(x)	1	:	0.000000	0.000000	0.000000	0.000000	0.000000	0.518420	0.000002	0.000000	0.000146	0.481432
7	tsk_7	(x)	1	:	0.000000	0.000000	0.000000	0.000000	0.000000	0.516724	0.000000	0.000000	0.483276	0.000000
8	tsk_8	(x)	1	:	0.000000	0.000000	0.000000	0.342665	0.000000	0.000000	0.000000	0.000000	0.657319	0.000016
9	tsk_9	(x)	1	:	0.000000	0.000000	0.000000	0.000000	0.000000	0.000000	0.000000	0.000000	0.999994	0.000006
10	tsk_10	(x)	1	:	0.000000	0.000000	0.000000	0.490421	0.509579	0.000000	0.000000	0.000000	0.000000	0.000000
11	tsk_11	(x)	1	:	0.000000	0.000000	0.000000	0.000000	0.000000	0.000000	0.000000	0.000000	0.999993	0.000007
12	tsk_12	(x)	1	:	0.000000	0.000000	0.000000	0.342575	0.000000	0.000000	0.000000	0.000000	0.657425	0.000000
13	tsk_13	(x)	1	:	0.000000	0.000000	0.000000	0.342526	0.000000	0.000000	0.000000	0.000000	0.657473	0.000000
14	tsk_14	(x)	1	:	0.000000	0.000000	0.440198	0.559802	0.000000	0.000000	0.000000	0.000000	0.000000	0.000000
15	tsk_15	(x)	1	:	0.000000	0.000000	0.000000	0.342863	0.000000	0.516755	0.000000	0.000000	0.140382	0.000000
16	tsk_16	(x)	1	:	0.000000	0.000000	0.000000	0.686875	0.000000	0.000000	0.000000	0.000000	0.313122	0.000003
17	tsk_17	(x)	1	:	0.000000	0.000000	0.000000	0.559497	0.000000	0.000000	0.000000	0.000000	0.440494	0.000009
18	tsk_18	(x)	1	:	0.000000	0.000000	0.000000	0.000000	0.000000	0.000000	0.000000	0.000000	0.999938	0.000062
19	tsk_19	(x)	1	:	0.000000	0.000000	0.000000	0.000000	0.000000	0.000000	0.000000	0.000000	1.000000	0.000000
20	tsk_20	(x)	1	:	0.000000	0.522583	0.000000	0.000000	0.000000	0.000000	0.000000	0.000000	0.477417	0.000000
21	tsk_21	(x)	1	:	0.000000	0.481330	0.000000	0.000000	0.000000	0.000000	0.000000	0.000000	0.518670	0.000000
22	tsk_22	(x)	1	:	0.000000	0.000000	0.000000	0.429681	0.000000	0.000000	0.000000	0.000000	0.570319	0.000000
23	tsk_23	(x)	1	:	0.000000	0.000000	0.000000	0.000000	0.000000	0.000000	0.000000	0.000000	0.000000	1.000000
24	tsk_24	(x)	1	:	0.000000	0.000000	0.000000	0.000000	0.000000	0.000000	0.000000	0.000000	1.000000	0.000000
25	tsk_25	(x)	1	:	0.000000	0.000000	0.000000	0.000000	0.000000	0.000000	0.000000	0.000000	0.999988	0.000012
26	tsk_26	(x)	1	:	0.000000	0.481369	0.000000	0.429777	0.000000	0.000000	0.000000	0.000000	0.088854	0.000000
27	tsk_27	(x)	1	:	0.000000	0.000000	0.000000	0.000000	0.000000	0.261398	0.000003	0.000000	0.738584	0.000014
28	tsk_28	(x)	1	:	0.000000	0.000000	0.000000	0.000000	0.000000	0.516732	0.000000	0.000000	0.483258	0.000009
29	tsk_29	(x)	1	:	0.000000	1.000000	0.000000	0.000000	0.000000	0.000000	0.000000	0.000000	0.000000	0.000000
30	tsk_30	(x)	1	:	0.000000	0.000000	0.500001	0.000000	0.000000	0.000000	0.000000	0.000000	0.499994	0.000005
31	tsk_31	(x)	1	:	0.000000	0.000000	0.499999	0.000000	0.000000	0.000000	0.000003	0.000000	0.499997	0.000001
32	tsk_32	(x)	1	:	0.000000	0.000000	0.000000	0.000000	0.000000	0.000000	0.000000	0.000000	1.000000	0.000000
33	tsk_33	(x)	1	:	0.705359	0.000000	0.000000	0.000000	0.000000	0.000000	0.000000	0.000000	0.294641	0.000000
34	tsk_34	(x)	1	:	0.705359	0.000000	0.000000	0.000000	0.000000	0.000000	0.000000	0.000000	0.294641	0.000000
35	tsk_35	(x)	1	:	0.507764	0.000000	0.000000	0.492236	0.000000	0.000000	0.000000	0.000000	0.000000	0.000000
36	tsk_36	(x)	1	:	0.339264	0.000000	0.000000	0.429880	0.000000	0.000000	0.000000	0.000000	0.230856	0.000000
37	tsk_37	(x)	1	:	0.000000	0.000000	0.000000	0.568776	0.000000	0.000000	0.000000	0.000000	0.431221	0.000003
38	tsk_38	(x)	1	:	0.581345	0.000000	0.000000	0.000000	0.000000	0.000000	0.000000	0.000000	0.418654	0.000001
39	tsk_39	(x)	1	:	0.000000	0.000000	0.000000	0.000000	0.408870	0.000000	0.000000	0.000000	0.591123	0.000007
40	tsk_40	(x)	1	:	0.000000	0.000000	1.000000	0.000000	0.000000	0.000000	0.000000	0.000000	0.000000	0.000000
41	tsk_41	(x)	1	:	0.000000	0.000000	0.494752	0.000000	0.000000	0.505248	0.000000	0.000000	0.000000	0.000000
42	tsk_42	(x)	1	:	0.339342	0.000000	0.000000	0.000000	0.000000	0.516867	0.000000	0.000000	0.143791	0.000000
43	tsk_43	(x)	1	:	0.339262	0.000000	0.000000	0.343006	0.000000	0.000000	0.000000	0.000000	0.317732	0.000000
44	tsk_44	(x)	1	:	0.000000	0.000000	1.000000	0.000000	0.000000	0.000000	0.000000	0.000000	0.000000	0.000000
45	tsk_45	(x)	1	:	0.339341	0.000000	0.000000	0.000000	0.000000	0.516867	0.000000	0.000000	0.143792	0.000000
46	tsk_46	(x)	1	:	0.000000	0.000000	0.500016	0.342928	0.000000	0.000000	0.000000	0.000000	0.157056	0.000000
47	tsk_47	(x)	1	:	0.000000	0.000000	0.494752	0.000000	0.000000	0.505248	0.000000	0.000000	0.000000	0.000000
48	tsk_48	(x)	1	:	0.000000	0.000000	0.000000	1.000000	0.000000	0.000000	0.000000	0.000000	0.000000	0.000000
49	tsk_49	(x)	1	:	0.000000	0.000000	0.000000	0.343177	0.000000	0.624683	0.000000	0.000000	0.032140	0.000000
50	tsk_50	(x)	1	:	0.000000	0.000000	0.500000	0.000000	0.000000	0.000000	0.000000	0.000000	0.500000	0.000000
51	tsk_51	(x)	1	:	0.000000	0.000000	1.000000	0.000000	0.000000	0.000000	0.000000	0.000000	0.000000	0.000000
52	tsk_52	(x)	1	:	0.000000	0.000000	1.000000	0.000000	0.000000	0.000000	0.000000	0.000000	0.000000	0.000000
53	tsk_53	(x)	1	:	0.000000	0.481330	0.518670	0.000000	0.000000	0.000000	0.000000	0.000000	0.000000	0.000000
54	tsk_54	(x)	1	:	0.000000	0.000000	0.499999	0.000000	0.000000	0.000000	0.000003	0.000000	0.499998	0.000000
55	tsk_55	(x)	1	:	0.000000	0.000000	0.500000	0.000000	0.000000	0.000000	0.000001	0.000000	0.500000	0.000000
56	tsk_56	(x)	1	:	0.000000	0.000000	0.500006	0.342895	0.000000	0.000000	0.000000	0.000000	0.157099	0.000000
57	tsk_57	(x)	1	:	0.000000	0.481330	0.518670	0.000000	0.000000	0.000000	0.000000	0.000000	0.000000	0.000000
58	tsk_58	(x)	1	:	0.000000	0.000000	1.000000	0.000000	0.000000	0.000000	0.000000	0.000000	0.000000	0.000000
59	tsk_59	(x)	1	:	0.000000	0.000000	0.500000	0.000000	0.000000	0.000000	0.000002	0.000000	0.499997	0.000001
60	tsk_60	(x)	1	:	0.000000	0.000000	0.499999	0.000000	0.000000	0.000000	0.000002	0.000000	0.499999	0.000000
61	tsk_61	(x)	1	:	0.000000	0.522583	0.477417	0.000000	0.000000	0.000000	0.000000	0.000000	0.000000	0.000000
62	tsk_62	(x)	1	:	0.000000	0.000000	0.500000	0.000000	0.000000	0.000000	0.000000	0.000000	0.499996	0.000003
63	tsk_63	(x)	1	:	0.000000	0.000000	0.000000	0.000000	0.000000	0.000000	0.000007	0.000000	0.999965	0.000028
64	tsk_64	(x)	1	:	0.000000	0.000000	0.500000	0.000000	0.000000	0.000000	0.000002	0.000000	0.499996	0.000003
65	tsk_65	(x)	1	:	0.000000	0.000000	0.000000	0.342873	0.000000	0.516762	0.000000	0.000000	0.140365	0.000000
66	tsk_66	(x)	1	:	0.000000	0.000000	0.000000	0.000000	0.000000	0.000000	0.000000	0.000000	0.591394	0.408606
67	tsk_67	(x)	1	:	0.000000	0.000000	0.000000	0.341118	0.000000	0.000000	0.000000	0.000000	0.658882	0.000000
68	tsk_68	(x)	1	:	0.000000	0.000000	1.000000	0.000000	0.000000	0.000000	0.000000	0.000000	0.000000	0.000000
69	tsk_69	(x)	1	:	0.000000	0.521519	0.000000	0.000000	0.000000	0.260836	0.000000	0.000000	0.217645	0.000000
70	tsk_70	(x)	1	:	0.000000	0.000000	0.000000	0.000000	0.000000	0.546839	0.000000	0.000000	0.453161	0.000000
71	tsk_71	(x)	1	:	0.000000	0.000000	0.499999	0.000000	0.000000	0.000000	0.000003	0.000000	0.499998	0.000000
72	tsk_72	(x)	1	:	0.000000	0.000000	0.000000	0.000000	0.408796	0.516701	0.000000	0.000000	0.074503	0.000000
73	tsk_73	(x)	1	:	0.000000	0.000000	0.000000	0.000000	0.408760	0.261326	0.000000	0.000000	0.329914	0.000000
74	tsk_74	(x)	1	:	0.000000	0.000000	0.000000	0.000000	0.000000	0.261400	0.000000	0.000000	0.738585	0.000015
75	tsk_75	(x)	1	:	0.000000	0.000000	0.000000	0.000000	0.000000	0.261392	0.000000	0.000000	0.738608	0.000000
76	tsk_76	(x)	1	:	0.000000	0.000000	1.000000	0.000000	0.000000	0.000000	0.000000	0.000000	0.000000	0.000000
77	tsk_77	(x)	1	:	0.000000	0.000000	0.000000	0.000000	0.000000	0.261398	0.000001	0.000000	0.738591	0.000010
78	tsk_78	(x)	1	:	0.000000	0.000000	0.000000	0.000000	0.408796	0.516701	0.000000	0.000000	0.074503	0.000000
79	tsk_79	(x)	1	:	0.000000	0.000000	0.494752	0.000000	0.000000	0.505248	0.000000	0.000000	0.000000	0.000000
80	tsk_80	(x)	1	:	0.000000	0.000000	0.000000	1.000000	0.000000	0.000000	0.000000	0.000000	0.000000	0.000000
81	tsk_81	(x)	1	:	0.000000	0.000000	0.000000	0.429668	0.408651	0.000000	0.000000	0.000000	0.161680	0.000000
82	tsk_82	(x)	1	:	0.000000	0.000000	0.000000	0.000000	0.000000	0.000000	0.000000	0.000000	1.000000	0.000000
83	tsk_83	(x)	1	:	0.000000	0.000000	0.494752	0.000000	0.000000	0.505248	0.000000	0.000000	0.000000	0.000000
84	tsk_84	(x)	1	:	0.000000	0.000000	1.000000	0.000000	0.000000	0.000000	0.000000	0.000000	0.000000	0.000000
85	tsk_85	(x)	1	:	0.000000	0.000000	0.500000	0.000000	0.000000	0.000000	0.000002	0.000000	0.499994	0.000004
86	tsk_86	(x)	1	:	0.000000	0.000000	1.000000	0.000000	0.000000	0.000000	0.000000	0.000000	0.000000	0.000000
87	tsk_87	(x)	1	:	0.000000	0.000000	0.000000	0.685020	0.000000	0.000000	0.000000	0.000000	0.314980	0.000000
88	tsk_88	(x)	1	:	0.000000	0.000000	0.000000	0.631347	0.000000	0.000000	0.000000	0.000000	0.368653	0.000000
89	tsk_89	(x)	1	:	0.000000	0.000000	0.499999	0.000000	0.000000	0.000000	0.000002	0.000000	0.499998	0.000000
90	tsk_90	(x)	1	:	0.337927	0.000000	0.000000	0.000000	0.000000	0.000000	0.000000	0.000000	0.662068	0.000005
91	tsk_91	(x)	1	:	0.000000	0.481330	0.000000	0.000000	0.000000	0.000000	0.000000	0.000000	0.518670	0.000000
92	tsk_92	(x)	1	:	0.000000	0.000000	0.000021	0.000000	0.000000	0.000000	0.000000	0.500099	0.499875	0.000004
93	tsk_93	(x)	1	:	0.000000	0.522583	0.000000	0.000000	0.000000	0.000000	0.000000	0.000000	0.477417	0.000000
94	tsk_94	(x)	1	:	0.000000	0.000000	0.000000	0.568774	0.000000	0.000000	0.000000	0.000000	0.431225	0.000001
95	tsk_95	(x)	1	:	0.376524	0.499155	0.000000	0.000000	0.000000	0.000000	0.000000	0.000000	0.124321	0.000000
96	tsk_96	(x)	1	:	0.000000	0.000000	0.000030	0.000000	0.000000	0.000000	0.000001	0.500092	0.499875	0.000003
97	tsk_97	(x)	1	:	0.376483	0.499198	0.000000	0.000000	0.000000	0.000000	0.000000	0.000000	0.124319	0.000000
98	tsk_98	(x)	1	:	0.339192	0.000000	0.000000	0.000000	0.000000	0.000000	0.000000	0.500178	0.160630	0.000000
99	tsk_99	(x)	1	:	0.000000	0.000000	0.000000	0.000000	0.000000	0.000000	0.000000	0.000000	0.999997	0.000003
100	tsk_100	(x)	1	:	0.000000	0.000000	0.494752	0.000000	0.000000	0.505248	0.000000	0.000000	0.000000	0.000000
101	tsk_101	(x)	1	:	0.000000	0.000000	0.000000	0.000000	0.000000	1.000000	0.000000	0.000000	0.000000	0.000000
102	tsk_102	(x)	1	:	0.000000	0.481330	0.518670	0.000000	0.000000	0.000000	0.000000	0.000000	0.000000	0.000000
103	tsk_103	(x)	1	:	0.000000	0.000000	0.000000	0.000000	0.000000	0.516723	0.000000	0.000000	0.483277	0.000000
104	tsk_104	(x)	1	:	0.000000	0.000000	1.000000	0.000000	0.000000	0.000000	0.000000	0.000000	0.000000	0.000000
105	tsk_105	(x)	1	:	0.000000	0.000000	1.000000	0.000000	0.000000	0.000000	0.000000	0.000000	0.000000	0.000000
106	tsk_106	(x)	1	:	0.000000	0.000000	0.494752	0.000000	0.000000	0.505248	0.000000	0.000000	0.000000	0.000000
107	tsk_107	(x)	1	:	0.000000	0.000000	0.500000	0.000000	0.000000	0.000000	0.000000	0.000000	0.500000	0.000000
108	tsk_108	(x)	1	:	0.000000	0.000000	0.000000	0.000000	0.000000	0.000000	0.000000	0.000000	0.999983	0.000017
109	tsk_109	(x)	1	:	0.000000	0.000000	0.000000	0.342867	0.000000	0.516758	0.000000	0.000000	0.140375	0.000000
110	tsk_110	(x)	1	:	0.000000	0.000000	0.000000	1.000000	0.000000	0.000000	0.000000	0.000000	0.000000	0.000000
111	tsk_111	(x)	1	:	0.000000	0.000000	0.000000	1.000000	0.000000	0.000000	0.000000	0.000000	0.000000	0.000000
112	tsk_112	(x)	1	:	0.000000	0.000000	0.000000	0.342873	0.000000	0.516762	0.000000	0.000000	0.140365	0.000000
113	tsk_113	(x)	1	:	0.000000	0.000000	0.000000	1.000000	0.000000	0.000000	0.000000	0.000000	0.000000	0.000000
114	tsk_114	(x)	1	:	0.000000	0.000000	0.000000	0.342873	0.000000	0.516762	0.000000	0.000000	0.140365	0.000000
115	tsk_115	(x)	1	:	0.000000	0.000000	0.000000	1.000000	0.000000	0.000000	0.000000	0.000000	0.000000	0.000000
116	tsk_116	(x)	1	:	0.000000	0.000000	0.000000	1.000000	0.000000	0.000000	0.000000	0.000000	0.000000	0.000000
117	tsk_117	(x)	1	:	0.000000	0.000000	0.000000	0.342634	0.540458	0.000000	0.000000	0.000000	0.116908	0.000000
118	tsk_118	(x)	1	:	0.000000	0.482210	0.000000	0.341946	0.000000	0.000000	0.000000	0.000000	0.175844	0.000000
119	tsk_119	(x)	1	:	0.000000	0.000000	0.000000	1.000000	0.000000	0.000000	0.000000	0.000000	0.000000	0.000000
120	tsk_120	(x)	1	:	0.000000	0.000000	0.500000	0.000000	0.000000	0.000000	0.000002	0.000000	0.499994	0.000004
121	tsk_121	(x)	1	:	0.000000	0.000000	0.514188	0.000000	0.000000	0.000000	0.000000	0.000000	0.000000	0.485812
122	tsk_122	(x)	1	:	0.000000	0.481501	0.000000	0.000000	0.000000	0.517468	0.000001	0.000000	0.001030	0.000000
123	tsk_123	(x)	1	:	0.000000	0.000000	0.494752	0.000000	0.000000	0.505248	0.000000	0.000000	0.000000	0.000000
124	tsk_124	(x)	1	:	0.000000	0.516328	0.483672	0.000000	0.000000	0.000000	0.000000	0.000000	0.000000	0.000000
125	tsk_125	(x)	1	:	0.000002	0.481325	0.000000	0.000000	0.000000	0.000000	0.000000	0.000000	0.518645	0.000028
126	tsk_126	(x)	1	:	0.000000	0.522583	0.000000	0.000000	0.000000	0.000000	0.000000	0.000000	0.477417	0.000000
127	tsk_127	(x)	1	:	0.000000	0.000000	0.000000	0.000000	0.000000	0.000000	0.000000	0.000000	0.999999	0.000001
128	tsk_128	(x)	1	:	0.000000	0.000000	0.000000	0.000000	0.000000	0.427837	0.000003	0.000000	0.000000	0.572160
129	tsk_129	(x)	1	:	0.000000	0.000000	0.000000	0.342872	0.000000	0.516761	0.000000	0.000000	0.140367	0.000000
130	tsk_130	(x)	1	:	0.000000	0.000000	0.000000	0.342638	0.000000	0.000000	0.000000	0.000000	0.657354	0.000008
131	tsk_131	(x)	1	:	0.000000	0.517085	0.000000	0.342679	0.000000	0.000000	0.000000	0.000000	0.140236	0.000000
132	tsk_132	(x)	1	:	0.000000	0.481392	0.000000	0.342814	0.000000	0.000000	0.000000	0.000000	0.175794	0.000000
133	tsk_133	(x)	1	:	0.000000	0.481330	0.000000	0.000000	0.000000	0.000000	0.000000	0.000000	0.518670	0.000000
134	tsk_134	(x)	1	:	0.000000	0.000000	0.000000	1.000000	0.000000	0.000000	0.000000	0.000000	0.000000	0.000000
135	tsk_135	(x)	1	:	0.000000	0.510378	0.000000	0.000000	0.000000	0.489622	0.000000	0.000000	0.000000	0.000000
136	tsk_136	(x)	1	:	0.000000	0.000000	0.000000	0.342558	0.000000	0.000000	0.000000	0.000000	0.657442	0.000000
137	tsk_137	(x)	1	:	0.000000	0.000000	0.000000	0.342468	0.000000	0.000000	0.000000	0.000000	0.657532	0.000000
138	tsk_138	(x)	1	:	0.000000	0.000000	0.000000	0.000000	0.000000	0.516729	0.000000	0.000000	0.483265	0.000006
139	tsk_139	(x)	1	:	0.000000	0.000000	0.000000	0.000000	0.169232	0.000000	0.000005	0.000000	0.830751	0.000011
140	tsk_140	(x)	1	:	0.000000	0.000000	0.000000	0.000000	0.538920	0.000000	0.000000	0.000000	0.461073	0.000006
141	tsk_141	(x)	1	:	0.000000	0.000000	0.000000	0.342748	0.169178	0.000000	0.000000	0.000000	0.488068	0.000005
142	tsk_142	(x)	1	:	0.000000	0.000000	0.000000	0.000000	0.000000	0.000000	1.000000	0.000000	0.000000	0.000000
143	tsk_143	(x)	1	:	0.000000	0.522587	0.000000	0.342919	0.000000	0.000000	0.000000	0.000000	0.134494	0.000000
144	tsk_144	(x)	1	:	0.000000	0.481330	0.518670	0.000000	0.000000	0.000000	0.000000	0.000000	0.000000	0.000000
145	tsk_145	(x)	1	:	0.000000	0.000000	0.000000	0.342518	0.000000	0.000000	0.000000	0.000000	0.657482	0.000000
146	tsk_146	(x)	1	:	0.000000	0.475596	0.000000	0.000000	0.524404	0.000000	0.000000	0.000000	0.000000	0.000000
147	tsk_147	(x)	1	:	0.000000	0.000000	0.000000	0.000000	0.000000	0.000000	0.528065	0.000000	0.471935	0.000000
148	tsk_148	(x)	1	:	0.000000	0.481330	0.518670	0.000000	0.000000	0.000000	0.000000	0.000000	0.000000	0.000000
149	tsk_149	(x)	1	:	0.000000	0.000000	0.000000	0.000000	0.000000	0.000000	1.000000	0.000000	0.000000	0.000000
