logL = -1136.308566 (converged)
AIC = 7732.617132
BIC = 15951.651485

count.K
10 11 0 3 1 6 8 19 13 13 35 11 12 1 7 

