logL = -978.137812 (converged)
AIC = 6440.275624
BIC = 13190.119954

count.K
15 1 16 5 8 17 8 5 27 14 0 6 28 

