logL = -1780.855602 (converged)
AIC = 7419.711203
BIC = 13227.226685

count.K
1 3 32 0 32 14 5 3 10 16 34 

