logL = -499.206594 (converged)
AIC = 5326.413189
BIC = 11841.427965

count.K
17 15 19 12 19 0 2 2 19 20 2 9 14 

