logL = -1748.488770 (converged)
AIC = 5968.977539
BIC = 9690.122763

count.K
12 15 32 18 12 15 46 

