logL = -1016.470159 (converged)
AIC = 5780.940317
BIC = 11422.870858

count.K
1 29 5 3 1 5 32 30 25 14 5 

