logL = -1415.484676 (converged)
AIC = 4786.969352
BIC = 7731.370669

count.K
34 27 24 7 18 40 

