logL = -2755.078920 (converged)
AIC = 7766.157840
BIC = 11162.154452

count.K
12 14 49 39 18 18 

