logL = -1610.010520 (converged)
AIC = 4000.021040
BIC = 5174.168805

count.K
38 39 73 

