logL = -1916.110705 (converged)
AIC = 5532.221410
BIC = 8091.261410

count.K
15 63 12 25 35 

