0	tsk_0	(x)	1	:	0.000000	0.000000	0.482755	0.000000	0.000000	0.517245	0.000000	0.000000	0.000000	0.000000	0.000000	0.000000
1	tsk_1	(x)	1	:	0.000000	0.500740	0.499260	0.000000	0.000000	0.000000	0.000000	0.000000	0.000000	0.000000	0.000000	0.000000
2	tsk_2	(x)	1	:	0.000000	0.000000	1.000000	0.000000	0.000000	0.000000	0.000000	0.000000	0.000000	0.000000	0.000000	0.000000
3	tsk_3	(x)	1	:	0.000000	0.000000	0.012403	0.000000	0.000000	0.526617	0.000000	0.000000	0.000000	0.460979	0.000000	0.000000
4	tsk_4	(x)	1	:	0.000000	0.000000	0.000000	0.000000	0.000000	1.000000	0.000000	0.000000	0.000000	0.000000	0.000000	0.000000
5	tsk_5	(x)	1	:	0.000000	0.000000	0.482755	0.000000	0.000000	0.517245	0.000000	0.000000	0.000000	0.000000	0.000000	0.000000
6	tsk_6	(x)	1	:	0.000000	0.482604	0.000000	0.000000	0.000000	0.517326	0.000000	0.000069	0.000000	0.000000	0.000000	0.000000
7	tsk_7	(x)	1	:	0.000000	0.000000	0.049831	0.000000	0.000000	0.000000	0.000000	0.000000	0.000000	0.450499	0.499669	0.000000
8	tsk_8	(x)	1	:	0.000000	0.000000	0.482755	0.000000	0.000000	0.517245	0.000000	0.000000	0.000000	0.000000	0.000000	0.000000
9	tsk_9	(x)	1	:	0.000000	0.000000	0.502274	0.000000	0.000000	0.348570	0.000000	0.000000	0.149155	0.000000	0.000000	0.000000
10	tsk_10	(x)	1	:	0.507373	0.000000	0.000000	0.000000	0.000000	0.000000	0.000000	0.000000	0.492627	0.000000	0.000000	0.000000
11	tsk_11	(x)	1	:	0.000000	0.000000	1.000000	0.000000	0.000000	0.000000	0.000000	0.000000	0.000000	0.000000	0.000000	0.000000
12	tsk_12	(x)	1	:	0.000000	0.000000	0.000000	1.000000	0.000000	0.000000	0.000000	0.000000	0.000000	0.000000	0.000000	0.000000
13	tsk_13	(x)	1	:	0.000000	0.000000	0.502328	0.000000	0.000000	0.188637	0.000000	0.000000	0.309035	0.000000	0.000000	0.000000
14	tsk_14	(x)	1	:	0.000000	0.000000	0.000000	0.000000	0.000000	0.000000	0.000000	0.379418	0.000000	0.000000	0.000000	0.620582
15	tsk_15	(x)	1	:	0.000000	0.000000	0.500572	0.000000	0.000000	0.000000	0.000000	0.000000	0.000000	0.000000	0.499428	0.000000
16	tsk_16	(x)	1	:	0.000000	0.000000	0.000000	0.000000	0.000000	0.000000	0.000000	0.000000	0.000000	1.000000	0.000000	0.000000
17	tsk_17	(x)	1	:	0.000000	0.000000	0.000000	0.000000	0.368546	0.000000	0.000000	0.000000	0.000000	0.000000	0.000000	0.631453
18	tsk_18	(x)	1	:	0.000000	0.000000	0.500572	0.000000	0.000000	0.000000	0.000000	0.000000	0.000000	0.000000	0.499428	0.000000
19	tsk_19	(x)	1	:	0.000000	0.000000	0.000000	0.000000	0.000000	0.190565	0.000000	0.000000	0.809435	0.000000	0.000000	0.000000
20	tsk_20	(x)	1	:	0.000376	0.000000	0.000000	0.000000	0.000000	0.000000	0.434173	0.000000	0.000000	0.000000	0.525929	0.039522
21	tsk_21	(x)	1	:	0.000024	0.000000	0.000000	0.000000	0.000000	0.000000	0.000000	0.000000	0.000000	0.000000	0.999976	0.000000
22	tsk_22	(x)	1	:	0.000041	0.000000	0.000000	0.000000	0.000000	0.000000	0.000000	0.000000	0.000000	0.000000	0.999959	0.000000
23	tsk_23	(x)	1	:	0.000000	0.000000	1.000000	0.000000	0.000000	0.000000	0.000000	0.000000	0.000000	0.000000	0.000000	0.000000
24	tsk_24	(x)	1	:	0.000132	0.000000	0.500565	0.000000	0.000000	0.000000	0.000000	0.000000	0.000000	0.000000	0.499303	0.000000
25	tsk_25	(x)	1	:	0.000149	0.000000	0.500564	0.000000	0.000000	0.000000	0.000000	0.000000	0.000000	0.000000	0.499287	0.000000
26	tsk_26	(x)	1	:	0.000011	0.000000	0.000000	0.000000	0.000000	0.000000	0.000000	0.000000	0.000000	0.000000	0.999989	0.000000
27	tsk_27	(x)	1	:	0.000625	0.482166	0.000000	0.000000	0.000000	0.000000	0.000000	0.000000	0.000000	0.000000	0.517209	0.000000
28	tsk_28	(x)	1	:	0.000000	0.000000	0.500572	0.000000	0.000000	0.000000	0.000000	0.000000	0.000000	0.000000	0.499428	0.000000
29	tsk_29	(x)	1	:	0.000000	0.000000	0.000000	0.000000	0.000000	0.000000	0.000000	0.000000	0.000000	0.000000	1.000000	0.000000
30	tsk_30	(x)	1	:	0.000030	0.000000	0.000000	0.000000	0.000000	0.000000	0.000000	0.000000	0.000000	0.000000	0.999970	0.000000
31	tsk_31	(x)	1	:	0.000000	0.000000	0.502160	0.000000	0.497840	0.000000	0.000000	0.000000	0.000000	0.000000	0.000000	0.000000
32	tsk_32	(x)	1	:	0.000078	0.000000	0.181966	0.000000	0.000000	0.000000	0.000000	0.000000	0.000000	0.318621	0.499335	0.000000
33	tsk_33	(x)	1	:	0.000000	0.000000	0.050872	0.000000	0.000000	0.000000	0.000000	0.000000	0.000000	0.449582	0.499546	0.000000
34	tsk_34	(x)	1	:	0.000000	0.000000	0.000000	0.000000	0.000000	1.000000	0.000000	0.000000	0.000000	0.000000	0.000000	0.000000
35	tsk_35	(x)	1	:	0.000000	0.000000	0.000000	0.000000	0.000000	0.000000	0.000000	0.000000	0.000000	0.000000	1.000000	0.000000
36	tsk_36	(x)	1	:	0.000279	0.000000	0.000000	0.000000	0.000000	0.000000	0.000000	0.500762	0.000000	0.000000	0.498959	0.000000
37	tsk_37	(x)	1	:	0.000000	0.006579	0.000000	0.000000	0.000000	0.000000	0.000000	0.000000	0.502555	0.000000	0.000000	0.490865
38	tsk_38	(x)	1	:	0.000000	0.006527	0.000000	0.000000	0.000000	0.000000	0.000000	0.000000	0.502558	0.000000	0.000000	0.490915
39	tsk_39	(x)	1	:	0.000000	0.000000	0.000000	0.000000	0.000000	0.000000	0.000000	0.621025	0.000000	0.000000	0.000000	0.378975
40	tsk_40	(x)	1	:	0.000030	0.000000	0.000000	0.000000	0.000000	0.000000	0.000000	0.000000	0.000000	0.000000	0.999970	0.000000
41	tsk_41	(x)	1	:	0.000000	0.000000	0.000000	0.000000	0.000000	0.000000	0.000000	0.000000	0.497824	0.000000	0.502176	0.000000
42	tsk_42	(x)	1	:	0.000035	0.000000	0.000000	0.000000	0.000000	0.000000	0.000000	0.000000	0.000000	0.000000	0.999965	0.000000
43	tsk_43	(x)	1	:	0.000000	0.000000	0.500572	0.000000	0.000000	0.000000	0.000000	0.000000	0.000000	0.000000	0.499428	0.000000
44	tsk_44	(x)	1	:	0.000000	0.000000	0.500000	0.000000	0.000000	0.000000	0.000000	0.500000	0.000000	0.000000	0.000000	0.000000
45	tsk_45	(x)	1	:	0.000104	0.000000	0.000000	0.000000	0.000000	0.000000	0.000000	0.000000	0.000000	0.000000	0.458952	0.540944
46	tsk_46	(x)	1	:	0.000000	0.000000	0.000000	0.000000	0.000000	0.000000	0.000000	0.000000	0.497824	0.000000	0.502176	0.000000
47	tsk_47	(x)	1	:	0.000000	0.000000	0.502423	0.000000	0.000000	0.000000	0.000000	0.000000	0.497577	0.000000	0.000000	0.000000
48	tsk_48	(x)	1	:	0.000000	0.000000	0.000000	0.000000	0.000000	0.000000	0.000000	0.000000	0.497824	0.000000	0.502176	0.000000
49	tsk_49	(x)	1	:	0.000000	0.000000	0.500572	0.000000	0.000000	0.000000	0.000000	0.000000	0.000000	0.000000	0.499428	0.000000
50	tsk_50	(x)	1	:	0.000628	0.482164	0.000000	0.000000	0.000000	0.000000	0.000000	0.000000	0.000000	0.000000	0.517208	0.000000
51	tsk_51	(x)	1	:	0.000029	0.000000	0.000000	0.000000	0.000000	0.000000	0.000000	0.000000	0.000000	0.000000	0.999971	0.000000
52	tsk_52	(x)	1	:	0.000000	0.000000	0.500572	0.000000	0.000000	0.000000	0.000000	0.000000	0.000000	0.000000	0.499428	0.000000
53	tsk_53	(x)	1	:	0.000000	0.000000	0.000000	0.000000	0.000000	0.000000	0.000000	0.000000	1.000000	0.000000	0.000000	0.000000
54	tsk_54	(x)	1	:	0.000000	0.000000	0.000000	0.000000	0.000000	0.000000	0.000000	0.502243	0.497757	0.000000	0.000000	0.000000
55	tsk_55	(x)	1	:	0.000000	0.000000	0.000000	0.000000	0.000000	0.000000	0.000000	0.000000	0.497825	0.000000	0.502175	0.000000
56	tsk_56	(x)	1	:	0.000000	0.006386	0.000000	0.000000	0.000000	0.000000	0.000000	0.000000	0.502566	0.000000	0.000000	0.491048
57	tsk_57	(x)	1	:	0.000000	0.000000	0.000000	0.000000	0.000000	0.000000	0.000000	0.000000	1.000000	0.000000	0.000000	0.000000
58	tsk_58	(x)	1	:	0.000032	0.000000	0.000000	0.000000	0.000000	0.000000	0.000000	0.000000	0.000000	0.000000	0.999968	0.000000
59	tsk_59	(x)	1	:	0.000000	0.000000	0.502423	0.000000	0.000000	0.000000	0.000000	0.000000	0.497577	0.000000	0.000000	0.000000
60	tsk_60	(x)	1	:	0.000000	0.000000	0.000000	0.000000	0.368546	0.000000	0.000000	0.000000	0.000000	0.000000	0.000000	0.631453
61	tsk_61	(x)	1	:	0.000000	0.359139	0.000000	0.000000	0.589525	0.000000	0.000000	0.000000	0.000000	0.000000	0.000000	0.051335
62	tsk_62	(x)	1	:	0.000000	0.473304	0.000000	0.000000	0.000000	0.526608	0.000000	0.000088	0.000000	0.000000	0.000000	0.000000
63	tsk_63	(x)	1	:	0.000000	0.000000	0.000000	0.000000	1.000000	0.000000	0.000000	0.000000	0.000000	0.000000	0.000000	0.000000
64	tsk_64	(x)	1	:	0.000000	0.000000	0.000000	0.000000	0.000000	0.000000	0.000000	0.621025	0.000000	0.000000	0.000000	0.378975
65	tsk_65	(x)	1	:	0.000000	0.000000	0.000000	0.000000	0.000000	0.000000	0.000000	0.000000	0.497825	0.000000	0.502175	0.000000
66	tsk_66	(x)	1	:	0.000000	0.000000	0.000000	0.000000	0.474786	0.525214	0.000000	0.000000	0.000000	0.000000	0.000000	0.000000
67	tsk_67	(x)	1	:	0.000000	0.000000	0.502270	0.000000	0.000000	0.348511	0.000000	0.000000	0.149219	0.000000	0.000000	0.000000
68	tsk_68	(x)	1	:	0.000000	0.000000	0.000000	0.000000	0.501603	0.000000	0.000000	0.000000	0.498397	0.000000	0.000000	0.000000
69	tsk_69	(x)	1	:	0.000008	0.000000	0.000000	0.000000	0.544611	0.000000	0.000000	0.000000	0.000000	0.000000	0.455381	0.000000
70	tsk_70	(x)	1	:	0.000000	0.358445	0.000000	0.000000	0.000000	0.000000	0.000000	0.604200	0.000000	0.000000	0.000000	0.037354
71	tsk_71	(x)	1	:	0.000000	0.386750	0.000000	0.000000	0.000000	0.000000	0.000000	0.000000	0.000000	0.000000	0.000000	0.613250
72	tsk_72	(x)	1	:	0.000000	0.000000	1.000000	0.000000	0.000000	0.000000	0.000000	0.000000	0.000000	0.000000	0.000000	0.000000
73	tsk_73	(x)	1	:	0.000000	0.490973	0.509027	0.000000	0.000000	0.000000	0.000000	0.000000	0.000000	0.000000	0.000000	0.000000
74	tsk_74	(x)	1	:	0.000000	0.000000	0.181427	0.000000	0.000000	0.000000	0.000000	0.499980	0.000000	0.318593	0.000000	0.000000
75	tsk_75	(x)	1	:	0.000000	0.000000	0.743632	0.000000	0.000000	0.000000	0.256368	0.000000	0.000000	0.000000	0.000000	0.000000
76	tsk_76	(x)	1	:	0.000000	0.358453	0.000000	0.000000	0.000000	0.000000	0.000000	0.604209	0.000000	0.000000	0.000000	0.037337
77	tsk_77	(x)	1	:	0.000000	0.000000	0.000000	0.000000	0.000000	0.000000	0.000000	1.000000	0.000000	0.000000	0.000000	0.000000
78	tsk_78	(x)	1	:	0.000000	0.993942	0.000000	0.000000	0.000000	0.000000	0.000000	0.000000	0.000000	0.000000	0.000000	0.006058
79	tsk_79	(x)	1	:	0.000059	0.000000	0.000000	0.000000	0.000000	0.000000	0.000000	0.000000	0.000000	0.000000	0.999941	0.000000
80	tsk_80	(x)	1	:	0.000000	0.000000	0.491387	0.000000	0.000000	0.000000	0.000000	0.000000	0.508613	0.000000	0.000000	0.000000
81	tsk_81	(x)	1	:	0.000000	0.000000	0.000000	0.000000	0.000000	0.000000	0.000000	0.000000	0.508437	0.000000	0.491563	0.000000
82	tsk_82	(x)	1	:	0.000000	0.001112	0.000000	0.000000	0.000000	0.000000	0.000000	0.000000	0.513357	0.000000	0.000000	0.485531
83	tsk_83	(x)	1	:	0.000000	0.001163	0.000000	0.000000	0.000000	0.000000	0.000000	0.000000	0.513354	0.000000	0.000000	0.485482
84	tsk_84	(x)	1	:	0.000000	0.000000	0.519347	0.000000	0.000000	0.000000	0.000000	0.000000	0.000000	0.000000	0.000000	0.480653
85	tsk_85	(x)	1	:	0.000000	0.000000	0.519347	0.000000	0.000000	0.000000	0.000000	0.000000	0.000000	0.000000	0.000000	0.480653
86	tsk_86	(x)	1	:	0.000000	0.000000	0.000000	0.000000	0.000000	0.000000	0.000000	0.000000	1.000000	0.000000	0.000000	0.000000
87	tsk_87	(x)	1	:	0.000000	0.000000	0.491387	0.000000	0.000000	0.000000	0.000000	0.000000	0.508613	0.000000	0.000000	0.000000
88	tsk_88	(x)	1	:	0.000000	0.000000	0.519347	0.000000	0.000000	0.000000	0.000000	0.000000	0.000000	0.000000	0.000000	0.480653
89	tsk_89	(x)	1	:	0.000000	0.000000	1.000000	0.000000	0.000000	0.000000	0.000000	0.000000	0.000000	0.000000	0.000000	0.000000
90	tsk_90	(x)	1	:	0.000000	0.000000	0.000000	0.000000	0.576195	0.000000	0.421621	0.000000	0.000000	0.000000	0.000000	0.002185
91	tsk_91	(x)	1	:	0.000403	0.000000	0.000000	0.000000	0.497286	0.000000	0.000000	0.000000	0.000000	0.000000	0.502311	0.000000
92	tsk_92	(x)	1	:	0.475103	0.000000	0.000000	0.000000	0.000000	0.524897	0.000000	0.000000	0.000000	0.000000	0.000000	0.000000
93	tsk_93	(x)	1	:	0.507373	0.000000	0.000000	0.000000	0.000000	0.000000	0.000000	0.000000	0.492627	0.000000	0.000000	0.000000
94	tsk_94	(x)	1	:	0.000000	0.000000	0.050916	0.000000	0.000000	0.000000	0.000000	0.000000	0.000000	0.449543	0.499541	0.000000
95	tsk_95	(x)	1	:	0.000013	0.000000	0.000000	0.000000	0.000000	0.000000	0.000000	0.000000	0.000000	0.000000	0.999987	0.000000
96	tsk_96	(x)	1	:	0.000000	0.000000	0.000000	0.000000	0.576160	0.000000	0.421587	0.000000	0.000000	0.000000	0.000000	0.002253
97	tsk_97	(x)	1	:	0.000000	0.000000	0.000000	0.000000	0.000000	0.000000	0.462700	0.000000	0.000000	0.000000	0.000000	0.537300
98	tsk_98	(x)	1	:	0.000000	0.000000	0.066839	0.000000	0.000000	0.000000	0.434694	0.000000	0.000000	0.448820	0.000000	0.049647
99	tsk_99	(x)	1	:	0.000191	0.000000	0.000000	0.000000	0.497319	0.000000	0.000000	0.000000	0.000000	0.000000	0.502490	0.000000
100	tsk_100	(x)	1	:	0.000000	0.000000	0.000000	0.000000	0.000000	0.000000	0.000000	0.000000	0.497825	0.000000	0.502175	0.000000
101	tsk_101	(x)	1	:	0.000000	0.711363	0.000000	0.000000	0.000000	0.000000	0.000000	0.000000	0.000000	0.000000	0.000000	0.288637
102	tsk_102	(x)	1	:	0.000281	0.000005	0.000000	0.000000	0.000000	0.000000	0.000000	0.000000	0.000000	0.000000	0.532300	0.467414
103	tsk_103	(x)	1	:	0.000013	0.000000	0.000000	0.000000	0.000000	0.000000	0.000000	0.000000	0.000000	0.000000	0.999987	0.000000
104	tsk_104	(x)	1	:	0.000000	0.560053	0.000000	0.000000	0.000000	0.000000	0.000000	0.000000	0.000000	0.000000	0.000000	0.439946
105	tsk_105	(x)	1	:	0.000000	0.006586	0.000000	0.000000	0.000000	0.000000	0.000000	0.000000	0.502555	0.000000	0.000000	0.490859
106	tsk_106	(x)	1	:	0.000042	0.000000	0.000000	0.000000	0.000000	0.000000	0.000000	0.000000	0.000000	0.000000	0.999958	0.000000
107	tsk_107	(x)	1	:	0.000000	0.000000	0.000000	0.000000	0.000000	0.000000	0.000000	0.000000	0.497822	0.000000	0.502178	0.000000
108	tsk_108	(x)	1	:	0.000000	0.000000	0.500572	0.000000	0.000000	0.000000	0.000000	0.000000	0.000000	0.000000	0.499428	0.000000
109	tsk_109	(x)	1	:	0.000000	0.545800	0.000000	0.000000	0.000000	0.000000	0.000000	0.000000	0.000000	0.000000	0.000000	0.454200
110	tsk_110	(x)	1	:	0.000000	0.000000	0.183540	0.000000	0.497827	0.000000	0.000000	0.000000	0.000000	0.318633	0.000000	0.000000
111	tsk_111	(x)	1	:	0.000000	0.481359	0.000000	0.518641	0.000000	0.000000	0.000000	0.000000	0.000000	0.000000	0.000000	0.000000
112	tsk_112	(x)	1	:	0.000011	0.000000	0.000000	0.516357	0.000000	0.000000	0.000000	0.000000	0.000000	0.000000	0.483632	0.000000
113	tsk_113	(x)	1	:	0.000000	0.500708	0.180709	0.000000	0.000000	0.000000	0.000000	0.000000	0.000000	0.318583	0.000000	0.000000
114	tsk_114	(x)	1	:	0.000000	0.481359	0.000000	0.518641	0.000000	0.000000	0.000000	0.000000	0.000000	0.000000	0.000000	0.000000
115	tsk_115	(x)	1	:	0.000000	0.550952	0.000000	0.000000	0.000000	0.000000	0.000000	0.000000	0.449048	0.000000	0.000000	0.000000
116	tsk_116	(x)	1	:	0.000000	0.000000	0.000000	0.516357	0.000000	0.000000	0.000000	0.000000	0.000000	0.000000	0.483643	0.000000
117	tsk_117	(x)	1	:	0.000308	0.502973	0.000000	0.000000	0.000000	0.000000	0.000000	0.000000	0.000000	0.000000	0.496719	0.000000
118	tsk_118	(x)	1	:	0.000000	0.000000	0.551960	0.000000	0.000000	0.000000	0.000000	0.000000	0.000000	0.448040	0.000000	0.000000
119	tsk_119	(x)	1	:	0.000000	0.358475	0.000000	0.000000	0.000000	0.000000	0.000000	0.604235	0.000000	0.000000	0.000000	0.037289
120	tsk_120	(x)	1	:	0.000000	0.000000	0.500000	0.000000	0.000000	0.000000	0.000000	0.500000	0.000000	0.000000	0.000000	0.000000
121	tsk_121	(x)	1	:	0.000000	0.000000	0.000000	0.306678	0.000000	0.000000	0.693322	0.000000	0.000000	0.000000	0.000000	0.000000
122	tsk_122	(x)	1	:	0.000000	0.000000	0.050859	0.000000	0.000000	0.000000	0.000000	0.500046	0.000000	0.449095	0.000000	0.000000
123	tsk_123	(x)	1	:	0.000000	0.000000	0.000000	0.000000	0.000000	0.000000	0.000000	1.000000	0.000000	0.000000	0.000000	0.000000
124	tsk_124	(x)	1	:	0.000000	0.000000	0.000000	0.000000	0.000000	0.000000	1.000000	0.000000	0.000000	0.000000	0.000000	0.000000
125	tsk_125	(x)	1	:	0.000000	0.000000	0.515683	0.000000	0.000000	0.000000	0.434758	0.000000	0.000000	0.000000	0.000000	0.049559
126	tsk_126	(x)	1	:	0.000000	0.522175	0.000000	0.000000	0.477825	0.000000	0.000000	0.000000	0.000000	0.000000	0.000000	0.000000
127	tsk_127	(x)	1	:	0.000000	0.000000	0.000000	0.000000	0.000000	0.000000	0.000000	1.000000	0.000000	0.000000	0.000000	0.000000
128	tsk_128	(x)	1	:	0.000000	0.000000	0.500000	0.000000	0.000000	0.000000	0.000000	0.500000	0.000000	0.000000	0.000000	0.000000
129	tsk_129	(x)	1	:	0.000000	0.000000	0.053551	0.000000	0.000000	0.000000	0.000000	0.000000	0.497583	0.448865	0.000000	0.000000
130	tsk_130	(x)	1	:	0.000000	0.000000	0.000000	0.000000	0.000000	0.000000	0.000000	0.621025	0.000000	0.000000	0.000000	0.378975
131	tsk_131	(x)	1	:	0.000000	0.000000	0.000000	0.000000	0.000000	0.000000	0.000000	0.000000	0.000000	0.000000	0.000000	1.000000
132	tsk_132	(x)	1	:	0.000000	0.000000	0.000000	0.000000	0.000000	0.000000	0.000000	0.000000	0.000000	0.000000	0.000000	1.000000
133	tsk_133	(x)	1	:	0.000000	0.000000	0.022254	0.000000	0.000000	0.000000	0.000000	0.000000	0.000000	0.453073	0.000000	0.524673
134	tsk_134	(x)	1	:	0.000000	0.000000	0.475905	0.000000	0.000000	0.000000	0.000000	0.000000	0.000000	0.000000	0.000000	0.524094
135	tsk_135	(x)	1	:	0.000000	0.000000	0.000000	0.000000	0.000000	0.000000	0.000000	0.379418	0.000000	0.000000	0.000000	0.620582
136	tsk_136	(x)	1	:	0.000000	0.000000	0.000000	0.000000	0.000000	0.000000	0.000000	0.000000	0.000000	1.000000	0.000000	0.000000
137	tsk_137	(x)	1	:	0.000000	0.000000	0.000000	0.000000	0.000000	0.000000	0.000000	0.000000	0.000000	1.000000	0.000000	0.000000
138	tsk_138	(x)	1	:	0.000000	0.000000	0.000000	0.000000	0.000000	0.000000	0.000000	0.000000	0.000000	1.000000	0.000000	0.000000
139	tsk_139	(x)	1	:	0.000000	0.490997	0.060153	0.000000	0.000000	0.000000	0.000000	0.000000	0.000000	0.448851	0.000000	0.000000
140	tsk_140	(x)	1	:	0.000000	0.000000	0.000000	0.000000	0.000000	0.000000	0.000000	0.000000	0.497825	0.000000	0.502175	0.000000
141	tsk_141	(x)	1	:	0.000036	0.000000	0.000000	0.000000	0.000000	0.000000	0.000000	0.000000	0.000000	0.000000	0.459009	0.540955
142	tsk_142	(x)	1	:	0.000000	0.489243	0.000000	0.000000	0.000000	0.000000	0.000000	0.000000	0.510756	0.000000	0.000000	0.000000
143	tsk_143	(x)	1	:	0.000000	0.000000	0.000000	0.000000	0.000000	0.641768	0.000000	0.000000	0.358232	0.000000	0.000000	0.000000
144	tsk_144	(x)	1	:	0.000000	0.000000	0.000000	0.000000	0.000000	0.000000	0.000000	0.000000	0.000000	0.000000	0.000000	1.000000
145	tsk_145	(x)	1	:	0.000000	0.000000	0.000000	0.000000	0.000000	1.000000	0.000000	0.000000	0.000000	0.000000	0.000000	0.000000
146	tsk_146	(x)	1	:	0.000000	0.000000	0.000000	0.000000	0.000000	0.505661	0.000000	0.494339	0.000000	0.000000	0.000000	0.000000
147	tsk_147	(x)	1	:	0.000000	0.500373	0.000000	0.000000	0.000000	0.000000	0.000000	0.000000	0.499627	0.000000	0.000000	0.000000
148	tsk_148	(x)	1	:	0.000000	0.000000	0.000000	0.000000	0.000000	0.000000	0.000000	0.000000	0.490883	0.000000	0.000000	0.509116
149	tsk_149	(x)	1	:	0.000000	0.491907	0.000000	0.000000	0.000000	0.508093	0.000000	0.000000	0.000000	0.000000	0.000000	0.000000
