logL = -1108.267945 (converged)
AIC = 4492.535890
BIC = 7918.638855

count.K
19 76 4 18 6 25 2 

