logL = -1430.493778 (converged)
AIC = 7432.987556
BIC = 14315.299838

count.K
24 23 55 8 3 6 8 8 10 4 1 0 

