logL = -1885.079281 (converged)
AIC = 4634.158561
BIC = 5934.753008

count.K
22 19 109 

