logL = -389.597838 (converged)
AIC = 2845.195676
BIC = 5955.181934

count.K
29 25 8 22 6 7 53 

