logL = -1128.966626 (converged)
AIC = 6975.933252
BIC = 14078.021910

count.K
17 14 14 8 12 20 12 10 3 20 6 3 11 

