logL = -1055.786021 (converged)
AIC = 4317.572043
BIC = 7638.302772

count.K
2 43 1 29 8 9 58 

