logL = -1023.509315 (converged)
AIC = 4393.018629
BIC = 7924.493829

count.K
8 48 28 4 8 20 34 

