logL = -637.442586 (converged)
AIC = 3758.885171
BIC = 7498.094207

count.K
1 11 39 16 11 64 1 7 

