logL = -1790.997022 (converged)
AIC = 5251.994044
BIC = 7765.874515

count.K
34 21 31 59 5 

