logL = -906.496290 (converged)
AIC = 7272.992580
BIC = 15492.026933

count.K
9 15 18 10 12 1 3 1 7 6 18 9 19 3 19 

