logL = -2069.314213 (converged)
AIC = 8106.628425
BIC = 14079.728849

count.K
10 10 10 1 3 3 8 12 57 9 27 

