0	tsk_0	(x)	1	:	0.000000	0.000000	0.499498	0.000000	0.000000	0.000000	0.000000	0.000000	0.000000	0.500502	0.000000
1	tsk_1	(x)	1	:	0.000000	0.000000	0.000000	0.000000	0.000000	0.000002	0.000000	0.497399	0.502598	0.000000	0.000000
2	tsk_2	(x)	1	:	0.000000	0.000000	0.499498	0.000000	0.000000	0.000000	0.000000	0.000000	0.000000	0.500502	0.000000
3	tsk_3	(x)	1	:	0.000000	0.000000	0.000000	0.000000	0.000000	0.000003	0.000000	0.000000	0.505428	0.000000	0.494568
4	tsk_4	(x)	1	:	0.000000	0.000000	0.510198	0.000000	0.000000	0.000000	0.000000	0.000000	0.000000	0.000000	0.489802
5	tsk_5	(x)	1	:	0.000000	0.000000	0.000000	0.000000	0.000000	0.000000	0.000000	0.993875	0.000000	0.006125	0.000000
6	tsk_6	(x)	1	:	0.000000	0.000000	0.000000	0.000000	0.000000	0.000000	0.000000	0.516682	0.000000	0.000000	0.483318
7	tsk_7	(x)	1	:	0.000000	0.000000	0.000000	0.000000	0.000000	0.000000	0.000000	0.999989	0.000000	0.000010	0.000000
8	tsk_8	(x)	1	:	0.000000	0.000000	0.000000	0.000000	0.000000	0.000000	0.000000	0.000000	0.000000	1.000000	0.000000
9	tsk_9	(x)	1	:	0.000000	0.000000	0.000000	0.000000	0.000000	0.000000	0.000000	0.992930	0.000000	0.007070	0.000000
10	tsk_10	(x)	1	:	0.000000	0.000000	0.000000	0.497544	0.000000	0.485249	0.000000	0.000000	0.017207	0.000000	0.000000
11	tsk_11	(x)	1	:	0.000000	0.425687	0.073110	0.501202	0.000000	0.000000	0.000000	0.000000	0.000000	0.000000	0.000000
12	tsk_12	(x)	1	:	0.466781	0.000000	0.031751	0.000000	0.000000	0.492273	0.000028	0.000000	0.009167	0.000000	0.000000
13	tsk_13	(x)	1	:	0.000000	0.000000	0.000000	1.000000	0.000000	0.000000	0.000000	0.000000	0.000000	0.000000	0.000000
14	tsk_14	(x)	1	:	0.000000	0.000000	0.000000	0.000000	0.000000	0.489016	0.000000	0.000000	0.012372	0.498612	0.000000
15	tsk_15	(x)	1	:	0.000000	0.000000	0.000000	0.000000	0.000000	0.479349	0.000000	0.000000	0.520651	0.000000	0.000000
16	tsk_16	(x)	1	:	0.000000	0.425885	0.072903	0.501212	0.000000	0.000000	0.000000	0.000000	0.000000	0.000000	0.000000
17	tsk_17	(x)	1	:	0.000000	0.000000	0.000000	0.000000	0.000000	0.000013	0.000000	0.000000	0.999987	0.000000	0.000000
18	tsk_18	(x)	1	:	0.000000	0.000000	0.498726	0.501274	0.000000	0.000000	0.000000	0.000000	0.000000	0.000000	0.000000
19	tsk_19	(x)	1	:	0.000000	0.425680	0.072037	0.000000	0.000000	0.000004	0.000000	0.000000	0.502279	0.000000	0.000000
20	tsk_20	(x)	1	:	0.000000	0.000000	0.007273	0.000000	0.000000	0.000000	0.992727	0.000000	0.000000	0.000000	0.000000
21	tsk_21	(x)	1	:	0.000000	0.000000	0.130309	0.000000	0.000000	0.491039	0.368178	0.000000	0.010474	0.000000	0.000000
22	tsk_22	(x)	1	:	0.000000	0.000000	0.000000	0.000000	0.000000	0.000000	0.530955	0.469045	0.000000	0.000000	0.000000
23	tsk_23	(x)	1	:	0.000000	0.000000	0.055941	0.000000	0.000000	0.000000	0.453644	0.000000	0.000000	0.000000	0.490416
24	tsk_24	(x)	1	:	0.000000	0.000000	0.000232	0.000000	0.000000	0.000000	0.999768	0.000000	0.000000	0.000000	0.000000
25	tsk_25	(x)	1	:	0.000000	0.000000	0.000000	0.504357	0.000000	0.000000	0.000000	0.000000	0.000000	0.000000	0.495643
26	tsk_26	(x)	1	:	0.000000	0.000000	0.000217	0.000000	0.000000	0.000000	0.999783	0.000000	0.000000	0.000000	0.000000
27	tsk_27	(x)	1	:	0.000000	0.000000	0.055908	0.000000	0.000000	0.000000	0.453673	0.000000	0.000000	0.000000	0.490419
28	tsk_28	(x)	1	:	0.000000	0.424973	0.128506	0.000000	0.000000	0.000000	0.446521	0.000000	0.000000	0.000000	0.000000
29	tsk_29	(x)	1	:	0.000000	0.000000	0.000000	0.000000	0.000000	0.000000	1.000000	0.000000	0.000000	0.000000	0.000000
30	tsk_30	(x)	1	:	0.497838	0.000000	0.002178	0.000000	0.000000	0.000002	0.000000	0.000000	0.499982	0.000000	0.000000
31	tsk_31	(x)	1	:	0.000000	0.000000	0.000000	0.000000	0.000000	0.000004	0.000000	0.497399	0.502597	0.000000	0.000000
32	tsk_32	(x)	1	:	0.000000	0.425608	0.074081	0.000000	0.000000	0.000000	0.000000	0.000000	0.000000	0.500311	0.000000
33	tsk_33	(x)	1	:	0.000000	0.000000	0.000000	0.000000	0.000000	0.000014	0.000000	0.000000	0.999986	0.000000	0.000000
34	tsk_34	(x)	1	:	0.503516	0.000000	0.003144	0.000000	0.000000	0.000000	0.000000	0.493341	0.000000	0.000000	0.000000
35	tsk_35	(x)	1	:	0.000000	0.000000	0.000000	0.000000	0.524139	0.000000	0.000000	0.475861	0.000000	0.000000	0.000000
36	tsk_36	(x)	1	:	0.000000	0.425765	0.073029	0.501206	0.000000	0.000000	0.000000	0.000000	0.000000	0.000000	0.000000
37	tsk_37	(x)	1	:	0.000000	0.000000	0.000000	0.000000	0.515085	0.000000	0.000000	0.484915	0.000000	0.000000	0.000000
38	tsk_38	(x)	1	:	0.000000	0.000000	0.000000	0.000000	0.515085	0.000000	0.000000	0.484915	0.000000	0.000000	0.000000
39	tsk_39	(x)	1	:	0.000000	0.000000	0.000000	0.000000	1.000000	0.000000	0.000000	0.000000	0.000000	0.000000	0.000000
40	tsk_40	(x)	1	:	0.000000	0.425549	0.072175	0.000000	0.000000	0.000004	0.000000	0.000000	0.502273	0.000000	0.000000
41	tsk_41	(x)	1	:	0.000000	0.000000	0.000000	0.000000	0.000000	0.000005	0.000000	0.000000	0.999995	0.000000	0.000000
42	tsk_42	(x)	1	:	0.000000	0.000000	0.000000	0.000000	0.000000	0.000009	0.000000	0.000000	0.999991	0.000000	0.000000
43	tsk_43	(x)	1	:	0.000000	0.000000	0.000000	0.000000	0.000000	0.000012	0.000000	0.000000	0.999988	0.000000	0.000000
44	tsk_44	(x)	1	:	0.000000	0.425544	0.072180	0.000000	0.000000	0.000003	0.000000	0.000000	0.502273	0.000000	0.000000
45	tsk_45	(x)	1	:	0.000000	0.425440	0.072289	0.000000	0.000000	0.000005	0.000000	0.000000	0.502266	0.000000	0.000000
46	tsk_46	(x)	1	:	0.000000	0.425581	0.080025	0.000000	0.000000	0.000000	0.000000	0.494394	0.000000	0.000000	0.000000
47	tsk_47	(x)	1	:	0.000000	0.000000	0.000000	0.000000	0.000000	0.000010	0.000000	0.000000	0.999990	0.000000	0.000000
48	tsk_48	(x)	1	:	0.000000	0.000000	0.000000	0.000000	0.000000	0.000017	0.000000	0.000000	0.999983	0.000000	0.000000
49	tsk_49	(x)	1	:	0.000000	0.425479	0.072248	0.000000	0.000000	0.000001	0.000000	0.000000	0.502272	0.000000	0.000000
50	tsk_50	(x)	1	:	0.000000	0.000000	0.499498	0.000000	0.000000	0.000000	0.000000	0.000000	0.000000	0.500501	0.000000
51	tsk_51	(x)	1	:	0.471618	0.000000	0.024209	0.000000	0.504129	0.000000	0.000044	0.000000	0.000000	0.000000	0.000000
52	tsk_52	(x)	1	:	0.000000	0.000000	0.000000	0.000000	0.000000	0.000000	0.000000	0.476204	0.000000	0.523796	0.000000
53	tsk_53	(x)	1	:	0.000000	0.000000	0.000000	1.000000	0.000000	0.000000	0.000000	0.000000	0.000000	0.000000	0.000000
54	tsk_54	(x)	1	:	0.000000	0.000000	1.000000	0.000000	0.000000	0.000000	0.000000	0.000000	0.000000	0.000000	0.000000
55	tsk_55	(x)	1	:	0.505972	0.000000	0.003748	0.000000	0.000000	0.000000	0.000000	0.490280	0.000000	0.000000	0.000000
56	tsk_56	(x)	1	:	0.000000	0.000000	0.000000	0.502770	0.000000	0.000000	0.000000	0.497229	0.000000	0.000000	0.000000
57	tsk_57	(x)	1	:	0.000000	0.000000	0.000000	0.000000	0.510798	0.000005	0.000000	0.000000	0.489197	0.000000	0.000000
58	tsk_58	(x)	1	:	0.000000	0.421198	0.010875	0.000000	0.000000	0.000000	0.000000	0.567928	0.000000	0.000000	0.000000
59	tsk_59	(x)	1	:	0.000000	0.000000	0.000000	0.000000	0.000000	0.000000	0.000000	1.000000	0.000000	0.000000	0.000000
60	tsk_60	(x)	1	:	0.000000	0.000000	0.178794	0.000000	0.000000	0.000000	0.371861	0.260293	0.000000	0.189051	0.000000
61	tsk_61	(x)	1	:	0.000000	0.000000	0.000000	0.000000	0.000000	0.000006	0.000000	0.000000	0.491035	0.000000	0.508958
62	tsk_62	(x)	1	:	0.000000	0.000000	0.177722	0.000000	0.000000	0.000000	0.372835	0.260117	0.000000	0.189325	0.000000
63	tsk_63	(x)	1	:	0.000000	0.000000	0.128375	0.000000	0.000000	0.000003	0.369404	0.000000	0.502219	0.000000	0.000000
64	tsk_64	(x)	1	:	0.000000	0.000000	0.130243	0.000000	0.000000	0.492164	0.368301	0.000000	0.009293	0.000000	0.000000
65	tsk_65	(x)	1	:	0.000000	0.000000	0.000000	0.000000	0.000000	0.000003	0.000000	0.000000	0.505429	0.000000	0.494568
66	tsk_66	(x)	1	:	0.000000	0.000000	0.000000	0.000000	0.000002	0.000002	0.000000	0.283664	0.517485	0.198847	0.000000
67	tsk_67	(x)	1	:	0.000000	0.000000	0.000000	0.000000	0.000000	0.000003	0.000000	0.000000	0.491039	0.000000	0.508958
68	tsk_68	(x)	1	:	0.000000	0.000000	0.140658	0.000000	0.000000	0.000000	0.370139	0.000000	0.000000	0.000000	0.489203
69	tsk_69	(x)	1	:	0.000000	0.000000	0.000000	0.000000	0.000000	0.000000	0.000000	0.000000	0.000000	0.518601	0.481399
70	tsk_70	(x)	1	:	0.000000	0.552334	0.000000	0.000000	0.000000	0.000000	0.000000	0.000000	0.000000	0.447666	0.000000
71	tsk_71	(x)	1	:	0.000000	0.521619	0.000000	0.000000	0.000000	0.000004	0.000000	0.000000	0.478378	0.000000	0.000000
72	tsk_72	(x)	1	:	0.501874	0.000000	0.002703	0.000000	0.000000	0.000000	0.000000	0.000000	0.000000	0.495423	0.000000
73	tsk_73	(x)	1	:	0.000000	0.000000	0.000000	0.000000	0.000000	0.000000	0.000000	0.490850	0.000000	0.509150	0.000000
74	tsk_74	(x)	1	:	0.000000	0.000000	0.000000	0.000000	0.000000	0.000000	0.000000	0.000000	0.000000	1.000000	0.000000
75	tsk_75	(x)	1	:	0.000000	0.552334	0.000000	0.000000	0.000000	0.000000	0.000000	0.000000	0.000000	0.447666	0.000000
76	tsk_76	(x)	1	:	0.000000	0.000000	0.000000	0.000000	0.000000	0.000000	0.000000	0.000000	0.000000	1.000000	0.000000
77	tsk_77	(x)	1	:	0.000000	0.000000	0.000000	0.000000	0.000000	0.000000	0.000000	0.516682	0.000000	0.000000	0.483318
78	tsk_78	(x)	1	:	0.000000	0.556110	0.000000	0.000000	0.000000	0.000000	0.000000	0.443890	0.000000	0.000000	0.000000
79	tsk_79	(x)	1	:	0.000000	0.425513	0.076401	0.000000	0.000000	0.000000	0.000000	0.498087	0.000000	0.000000	0.000000
80	tsk_80	(x)	1	:	0.000000	0.000000	0.000000	0.000000	0.000000	0.492326	0.000000	0.000000	0.012490	0.000000	0.495183
81	tsk_81	(x)	1	:	0.000000	0.000000	0.000000	0.000000	0.000000	0.490992	0.000000	0.000000	0.013888	0.000000	0.495120
82	tsk_82	(x)	1	:	0.000000	0.000000	0.000000	0.000000	0.519815	0.000000	0.000000	0.000000	0.000000	0.000000	0.480185
83	tsk_83	(x)	1	:	0.000000	0.000000	0.000000	0.000000	0.519815	0.000000	0.000000	0.000000	0.000000	0.000000	0.480185
84	tsk_84	(x)	1	:	0.000000	0.000000	0.000000	0.000000	0.000000	0.000000	0.000000	0.000000	0.000000	0.572017	0.427983
85	tsk_85	(x)	1	:	0.000000	0.000000	0.499498	0.000000	0.000000	0.000000	0.000000	0.000000	0.000000	0.500502	0.000000
86	tsk_86	(x)	1	:	0.000000	0.000000	0.000000	0.000000	0.499914	0.491456	0.000000	0.000000	0.008630	0.000000	0.000000
87	tsk_87	(x)	1	:	0.000000	0.000000	0.000000	0.000000	0.000000	1.000000	0.000000	0.000000	0.000000	0.000000	0.000000
88	tsk_88	(x)	1	:	0.000000	0.000000	0.000000	0.000000	0.000000	1.000000	0.000000	0.000000	0.000000	0.000000	0.000000
89	tsk_89	(x)	1	:	0.000000	0.000000	0.510198	0.000000	0.000000	0.000000	0.000000	0.000000	0.000000	0.000000	0.489802
90	tsk_90	(x)	1	:	0.508828	0.000000	0.004763	0.000000	0.000000	0.000000	0.000000	0.000000	0.000000	0.000000	0.486408
91	tsk_91	(x)	1	:	0.000000	0.000000	0.000000	0.000000	0.000000	0.000000	0.000000	1.000000	0.000000	0.000000	0.000000
92	tsk_92	(x)	1	:	0.000000	0.000000	0.000000	0.000000	0.000000	0.000000	0.000000	0.379122	0.000000	0.620878	0.000000
93	tsk_93	(x)	1	:	0.000000	0.000000	0.000000	0.000000	0.000000	0.000000	0.000000	1.000000	0.000000	0.000000	0.000000
94	tsk_94	(x)	1	:	0.000000	0.000000	0.000000	0.000000	0.000000	0.000000	0.000000	0.580073	0.000000	0.000000	0.419927
95	tsk_95	(x)	1	:	0.000000	0.000000	0.000000	0.000000	0.000000	0.000000	0.000000	0.000000	0.000000	0.518601	0.481399
96	tsk_96	(x)	1	:	0.000000	0.000000	0.000804	0.000000	0.000000	0.000000	0.432301	0.566895	0.000000	0.000000	0.000000
97	tsk_97	(x)	1	:	0.000000	0.000000	0.000000	0.000000	0.000000	0.000000	0.000000	0.629321	0.000000	0.000000	0.370679
98	tsk_98	(x)	1	:	0.000000	0.000000	0.000000	0.000000	0.000000	0.000000	0.000000	0.000000	0.000000	0.000000	1.000000
99	tsk_99	(x)	1	:	0.468104	0.000000	0.033688	0.000000	0.000000	0.000000	0.000031	0.498177	0.000000	0.000000	0.000000
100	tsk_100	(x)	1	:	0.000000	0.000000	0.503134	0.000000	0.000000	0.000000	0.000000	0.000000	0.000000	0.000000	0.496866
101	tsk_101	(x)	1	:	0.000000	0.000000	0.503134	0.000000	0.000000	0.000000	0.000000	0.000000	0.000000	0.000000	0.496866
102	tsk_102	(x)	1	:	0.000000	0.000000	1.000000	0.000000	0.000000	0.000000	0.000000	0.000000	0.000000	0.000000	0.000000
103	tsk_103	(x)	1	:	0.000000	0.556110	0.000000	0.000000	0.000000	0.000000	0.000000	0.443890	0.000000	0.000000	0.000000
104	tsk_104	(x)	1	:	0.000000	0.000000	0.000000	0.000000	0.000000	0.000000	0.000000	0.000000	0.000000	1.000000	0.000000
105	tsk_105	(x)	1	:	0.000000	0.000000	0.000000	0.000000	0.000000	0.000000	0.000000	0.000000	0.000000	1.000000	0.000000
106	tsk_106	(x)	1	:	0.000000	0.000000	0.496467	0.000000	0.503533	0.000000	0.000000	0.000000	0.000000	0.000000	0.000000
107	tsk_107	(x)	1	:	0.000000	0.000000	0.403428	0.000000	0.000000	0.000000	0.596572	0.000000	0.000000	0.000000	0.000000
108	tsk_108	(x)	1	:	0.000000	0.000000	1.000000	0.000000	0.000000	0.000000	0.000000	0.000000	0.000000	0.000000	0.000000
109	tsk_109	(x)	1	:	0.000000	0.000000	0.000000	0.000000	0.000000	0.000000	0.000000	0.261857	0.000000	0.738142	0.000000
110	tsk_110	(x)	1	:	0.652008	0.000000	0.347992	0.000000	0.000000	0.000000	0.000000	0.000000	0.000000	0.000000	0.000000
111	tsk_111	(x)	1	:	0.000000	0.000000	0.000000	0.000000	0.000000	0.000004	0.000000	0.521144	0.478852	0.000000	0.000000
112	tsk_112	(x)	1	:	0.000000	0.000000	0.000000	0.000000	0.000000	0.000000	0.000000	1.000000	0.000000	0.000000	0.000000
113	tsk_113	(x)	1	:	0.000000	0.000000	0.000000	0.000000	0.000000	0.000000	0.000000	1.000000	0.000000	0.000000	0.000000
114	tsk_114	(x)	1	:	0.000000	0.000000	0.000000	0.000000	0.000000	0.000000	0.000000	0.000000	0.490000	0.510000	0.000000
115	tsk_115	(x)	1	:	0.274390	0.000000	0.159778	0.000000	0.000000	0.000000	0.000000	0.565833	0.000000	0.000000	0.000000
116	tsk_116	(x)	1	:	0.000000	0.000000	0.000000	0.000000	0.000000	0.000000	0.000000	1.000000	0.000000	0.000000	0.000000
117	tsk_117	(x)	1	:	0.000000	0.000000	0.000000	0.000000	0.000000	0.000000	0.000000	1.000000	0.000000	0.000000	0.000000
118	tsk_118	(x)	1	:	0.000000	0.000000	0.000000	0.000000	0.000000	0.000000	0.000000	1.000000	0.000000	0.000000	0.000000
119	tsk_119	(x)	1	:	0.000000	0.000000	0.000000	0.000000	0.000000	0.000000	0.000000	0.188155	0.000000	0.167679	0.644166
120	tsk_120	(x)	1	:	0.000000	0.000000	0.000000	0.000000	0.499360	0.000005	0.000000	0.000000	0.500636	0.000000	0.000000
121	tsk_121	(x)	1	:	0.000000	0.000000	0.000000	0.000000	0.499360	0.000002	0.000000	0.000000	0.500638	0.000000	0.000000
122	tsk_122	(x)	1	:	0.000000	0.425794	0.070817	0.000000	0.503389	0.000000	0.000000	0.000000	0.000000	0.000000	0.000000
123	tsk_123	(x)	1	:	0.000000	0.000000	0.496467	0.000000	0.503533	0.000000	0.000000	0.000000	0.000000	0.000000	0.000000
124	tsk_124	(x)	1	:	0.000000	0.999999	0.000001	0.000000	0.000000	0.000000	0.000000	0.000000	0.000000	0.000000	0.000000
125	tsk_125	(x)	1	:	0.000000	0.000000	0.000000	0.000000	0.000000	0.000003	0.000000	0.497399	0.502598	0.000000	0.000000
126	tsk_126	(x)	1	:	0.000000	0.425581	0.076324	0.000000	0.000000	0.000000	0.000000	0.498095	0.000000	0.000000	0.000000
127	tsk_127	(x)	1	:	0.000000	0.000000	0.000000	0.000000	0.000000	0.000003	0.000000	0.000000	0.489997	0.510000	0.000000
128	tsk_128	(x)	1	:	0.000000	0.000000	0.000000	0.000000	0.000000	0.000000	0.000000	0.516682	0.000000	0.000000	0.483318
129	tsk_129	(x)	1	:	0.000000	0.525133	0.000000	0.000000	0.000000	0.000000	0.000000	0.000000	0.000000	0.000000	0.474867
130	tsk_130	(x)	1	:	0.000000	0.425550	0.080059	0.000000	0.000000	0.000000	0.000000	0.494391	0.000000	0.000000	0.000000
131	tsk_131	(x)	1	:	0.000000	0.425735	0.043166	0.000000	0.000000	0.000000	0.000000	0.000000	0.000000	0.000000	0.531099
132	tsk_132	(x)	1	:	0.000000	0.494097	0.000000	0.000000	0.000000	0.000000	0.000000	0.000000	0.000000	0.000000	0.505903
133	tsk_133	(x)	1	:	0.000000	0.999999	0.000001	0.000000	0.000000	0.000000	0.000000	0.000000	0.000000	0.000000	0.000000
134	tsk_134	(x)	1	:	0.000000	0.000000	0.000000	0.000000	0.000000	0.000000	0.000000	0.000000	0.000000	0.000000	1.000000
135	tsk_135	(x)	1	:	0.000000	0.425714	0.043189	0.000000	0.000000	0.000000	0.000000	0.000000	0.000000	0.000000	0.531097
136	tsk_136	(x)	1	:	0.000000	0.425700	0.043204	0.000000	0.000000	0.000000	0.000000	0.000000	0.000000	0.000000	0.531096
137	tsk_137	(x)	1	:	0.000000	1.000000	0.000000	0.000000	0.000000	0.000000	0.000000	0.000000	0.000000	0.000000	0.000000
138	tsk_138	(x)	1	:	0.000000	0.425508	0.080106	0.000000	0.000000	0.000000	0.000000	0.494385	0.000000	0.000000	0.000000
139	tsk_139	(x)	1	:	0.000000	0.000000	0.000000	0.000000	0.000000	0.000000	0.000000	0.000000	0.000000	0.000000	1.000000
140	tsk_140	(x)	1	:	0.508832	0.000000	0.004759	0.000000	0.000000	0.000000	0.000000	0.000000	0.000000	0.000000	0.486409
141	tsk_141	(x)	1	:	0.529551	0.000000	0.000001	0.000000	0.470447	0.000000	0.000000	0.000000	0.000000	0.000000	0.000000
142	tsk_142	(x)	1	:	0.000000	0.000000	0.000000	0.499819	0.500181	0.000000	0.000000	0.000000	0.000000	0.000000	0.000000
143	tsk_143	(x)	1	:	0.535506	0.000000	0.000001	0.000000	0.000000	0.000000	0.000000	0.000000	0.000000	0.464493	0.000000
144	tsk_144	(x)	1	:	0.628566	0.369034	0.002401	0.000000	0.000000	0.000000	0.000000	0.000000	0.000000	0.000000	0.000000
145	tsk_145	(x)	1	:	0.576622	0.000000	0.000036	0.000000	0.000000	0.000000	0.000000	0.225778	0.000000	0.197564	0.000000
146	tsk_146	(x)	1	:	0.000000	0.425600	0.084794	0.000000	0.000000	0.000000	0.000000	0.000000	0.000000	0.000000	0.489606
147	tsk_147	(x)	1	:	0.000000	0.000000	0.498726	0.501274	0.000000	0.000000	0.000000	0.000000	0.000000	0.000000	0.000000
148	tsk_148	(x)	1	:	0.000000	0.000000	0.000000	0.515746	0.000000	0.000000	0.000000	0.000000	0.000000	0.000000	0.484253
149	tsk_149	(x)	1	:	0.000000	0.000000	0.000000	0.000000	0.508253	0.000000	0.000000	0.000000	0.000000	0.491747	0.000000
