logL = -1293.675890 (converged)
AIC = 5653.351781
BIC = 10268.655686

count.K
25 32 6 47 4 5 8 20 3 

