logL = -823.659296 (converged)
AIC = 3495.318592
BIC = 6277.145603

count.K
19 34 12 34 26 25 

