logL = -4104.269246 (converged)
AIC = 8748.538493
BIC = 9561.410022

count.K
78 72 

