logL = -1257.348052 (converged)
AIC = 4762.696105
BIC = 8146.650175

count.K
68 27 13 6 2 7 27 

