logL = -1247.559702 (converged)
AIC = 3611.119404
BIC = 5291.053898

count.K
68 22 38 22 

