logL = -1864.039091 (converged)
AIC = 7488.078182
BIC = 13148.072535

count.K
26 28 11 6 19 37 10 3 2 8 

