logL = -896.722044 (converged)
AIC = 6053.444089
BIC = 12466.097265

count.K
0 1 7 6 81 2 0 16 5 5 21 6 

