logL = -1136.548183 (converged)
AIC = 6113.096366
BIC = 11893.516131

count.K
10 7 4 3 13 32 31 24 8 18 

