logL = -1429.016121 (converged)
AIC = 4054.032243
BIC = 5854.392149

count.K
64 18 58 10 

