0	tsk_0	(x)	1	:	0.000000	0.000000	0.000000	0.000000	0.418015	0.000000	0.436646	0.000000	0.145339	0.000000	0.000000	0.000000	0.000000	0.000000	0.000000
1	tsk_1	(x)	1	:	0.504184	0.000000	0.000000	0.000000	0.000000	0.000000	0.000000	0.015843	0.000000	0.000000	0.000000	0.000000	0.479973	0.000000	0.000000
2	tsk_2	(x)	1	:	0.000000	0.000000	0.514770	0.000000	0.000000	0.000000	0.000000	0.000000	0.147427	0.000000	0.000000	0.000000	0.000000	0.337803	0.000000
3	tsk_3	(x)	1	:	0.000000	0.005439	0.000019	0.000000	0.486129	0.004341	0.498337	0.000000	0.000000	0.000000	0.005735	0.000000	0.000000	0.000000	0.000000
4	tsk_4	(x)	1	:	0.000000	0.000000	0.000000	0.000000	1.000000	0.000000	0.000000	0.000000	0.000000	0.000000	0.000000	0.000000	0.000000	0.000000	0.000000
5	tsk_5	(x)	1	:	0.000000	0.000000	0.000061	0.000000	0.489968	0.000000	0.000000	0.000000	0.000000	0.000000	0.000000	0.000000	0.000000	0.000000	0.509971
6	tsk_6	(x)	1	:	0.000000	0.000000	0.000000	0.000000	0.418015	0.000000	0.436646	0.000000	0.145339	0.000000	0.000000	0.000000	0.000000	0.000000	0.000000
7	tsk_7	(x)	1	:	0.000000	0.266522	0.000000	0.000000	0.000000	0.100280	0.500000	0.000000	0.000000	0.000000	0.133197	0.000000	0.000000	0.000000	0.000000
8	tsk_8	(x)	1	:	0.504179	0.000000	0.000000	0.000000	0.000000	0.000000	0.000000	0.015923	0.000000	0.000000	0.000000	0.000000	0.479898	0.000000	0.000000
9	tsk_9	(x)	1	:	0.000000	0.000000	0.244086	0.000000	0.000000	0.000000	0.000000	0.000000	0.119372	0.000000	0.000000	0.000000	0.000000	0.000000	0.636543
10	tsk_10	(x)	1	:	0.500000	0.000000	0.000002	0.000000	0.000000	0.000000	0.000000	0.000000	0.000000	0.000000	0.000000	0.000000	0.000000	0.000000	0.499998
11	tsk_11	(x)	1	:	0.000000	0.265787	0.000000	0.000000	0.000000	0.064455	0.500000	0.000000	0.000000	0.000000	0.169758	0.000000	0.000000	0.000000	0.000000
12	tsk_12	(x)	1	:	0.500000	0.089526	0.000000	0.000000	0.000000	0.225400	0.000000	0.000000	0.000000	0.000000	0.185074	0.000000	0.000000	0.000000	0.000000
13	tsk_13	(x)	1	:	0.499603	0.003322	0.000000	0.000000	0.000000	0.000952	0.494387	0.000000	0.000000	0.000000	0.001736	0.000000	0.000000	0.000000	0.000000
14	tsk_14	(x)	1	:	0.000000	0.000000	0.000075	0.000000	0.000000	0.000000	0.000000	0.487450	0.000000	0.000000	0.000000	0.000000	0.000000	0.000000	0.512476
15	tsk_15	(x)	1	:	0.000000	0.000000	0.000102	0.000000	0.000000	0.000000	0.000000	0.487437	0.000000	0.000000	0.000000	0.000000	0.000000	0.000000	0.512460
16	tsk_16	(x)	1	:	0.502665	0.000000	0.000033	0.000000	0.497302	0.000000	0.000000	0.000000	0.000000	0.000000	0.000000	0.000000	0.000000	0.000000	0.000000
17	tsk_17	(x)	1	:	0.000000	0.000000	0.000000	0.000000	0.000000	0.000000	0.000000	0.000000	0.000000	0.000000	0.000000	0.000000	0.000000	0.000000	1.000000
18	tsk_18	(x)	1	:	0.000000	0.304881	0.000000	0.000000	0.000000	0.211536	0.000000	0.000000	0.000000	0.000000	0.483582	0.000000	0.000000	0.000000	0.000000
19	tsk_19	(x)	1	:	0.500000	0.075549	0.000000	0.000000	0.000000	0.234937	0.000000	0.000000	0.000000	0.000000	0.189514	0.000000	0.000000	0.000000	0.000000
20	tsk_20	(x)	1	:	0.504169	0.000000	0.000000	0.000000	0.000000	0.000000	0.000000	0.016079	0.000000	0.000000	0.000000	0.000000	0.479752	0.000000	0.000000
21	tsk_21	(x)	1	:	0.000000	0.000000	0.000000	0.000000	0.000000	0.000000	0.000000	0.328840	0.000000	0.000000	0.000000	0.000000	0.671160	0.000000	0.000000
22	tsk_22	(x)	1	:	0.000000	0.000000	0.000000	0.000000	0.000000	0.000000	0.000000	0.000000	0.000000	0.000000	0.000000	0.000000	1.000000	0.000000	0.000000
23	tsk_23	(x)	1	:	0.000000	0.225748	0.000000	0.000000	0.000000	0.075999	0.000000	0.006540	0.000000	0.000000	0.217262	0.000000	0.474451	0.000000	0.000000
24	tsk_24	(x)	1	:	0.000000	0.000000	0.000000	0.000000	0.000000	0.000000	0.000000	0.000000	0.000000	0.000000	0.000000	0.000000	1.000000	0.000000	0.000000
25	tsk_25	(x)	1	:	0.000000	0.000000	0.489261	0.000000	0.000000	0.000000	0.000000	0.000000	0.000000	0.000000	0.000000	0.000000	0.510168	0.000000	0.000572
26	tsk_26	(x)	1	:	0.504178	0.000000	0.000000	0.000000	0.000000	0.000000	0.000000	0.015939	0.000000	0.000000	0.000000	0.000000	0.479883	0.000000	0.000000
27	tsk_27	(x)	1	:	0.000000	0.000000	0.000000	0.000000	0.000000	0.000000	0.000000	0.498043	0.000000	0.000000	0.000000	0.000000	0.000000	0.501957	0.000000
28	tsk_28	(x)	1	:	0.000000	0.000000	0.532338	0.000000	0.000000	0.000000	0.000000	0.000000	0.000000	0.000000	0.000000	0.000000	0.467662	0.000000	0.000000
29	tsk_29	(x)	1	:	0.000000	0.000000	0.489260	0.000000	0.000000	0.000000	0.000000	0.000000	0.000000	0.000000	0.000000	0.000000	0.510168	0.000000	0.000572
30	tsk_30	(x)	1	:	0.000000	0.098420	0.000000	0.000000	0.000000	0.040942	0.000000	0.464863	0.000000	0.270415	0.125359	0.000000	0.000000	0.000000	0.000000
31	tsk_31	(x)	1	:	0.000000	0.000000	0.000000	0.000000	0.000000	0.000000	1.000000	0.000000	0.000000	0.000000	0.000000	0.000000	0.000000	0.000000	0.000000
32	tsk_32	(x)	1	:	0.000000	0.000000	0.000000	0.000000	0.000000	0.000000	0.000000	1.000000	0.000000	0.000000	0.000000	0.000000	0.000000	0.000000	0.000000
33	tsk_33	(x)	1	:	0.000000	0.023483	0.411294	0.000000	0.000000	0.116016	0.000000	0.000000	0.000000	0.299083	0.150124	0.000000	0.000000	0.000000	0.000000
34	tsk_34	(x)	1	:	0.000000	0.003951	0.000001	0.000000	0.000000	0.001729	0.494113	0.000000	0.000000	0.000000	0.001373	0.000000	0.000000	0.000000	0.498833
35	tsk_35	(x)	1	:	0.000000	0.000000	0.000108	0.000000	0.000000	0.000000	0.000000	0.487435	0.000000	0.000000	0.000000	0.000000	0.000000	0.000000	0.512457
36	tsk_36	(x)	1	:	0.000000	0.000000	0.000084	0.000000	0.000000	0.000000	0.000000	0.487445	0.000000	0.000000	0.000000	0.000000	0.000000	0.000000	0.512470
37	tsk_37	(x)	1	:	0.000000	0.163591	0.000005	0.000000	0.000000	0.198213	0.000000	0.000000	0.000000	0.000000	0.138193	0.000000	0.000000	0.000000	0.499998
38	tsk_38	(x)	1	:	0.000000	0.100179	0.000000	0.000000	0.000000	0.072337	0.000000	0.464863	0.000000	0.270415	0.092205	0.000000	0.000000	0.000000	0.000000
39	tsk_39	(x)	1	:	0.000000	0.000000	0.523106	0.000000	0.000000	0.000000	0.000000	0.000000	0.000000	0.000000	0.000000	0.000000	0.000000	0.000000	0.476894
40	tsk_40	(x)	1	:	0.000000	0.159610	0.000001	0.000000	0.000000	0.117558	0.000000	0.000000	0.000000	0.330543	0.392219	0.000000	0.000000	0.000068	0.000000
41	tsk_41	(x)	1	:	0.000000	0.000000	1.000000	0.000000	0.000000	0.000000	0.000000	0.000000	0.000000	0.000000	0.000000	0.000000	0.000000	0.000000	0.000000
42	tsk_42	(x)	1	:	0.000000	0.000000	0.471815	0.000000	0.000000	0.000000	0.000000	0.528185	0.000000	0.000000	0.000000	0.000000	0.000000	0.000000	0.000000
43	tsk_43	(x)	1	:	0.000000	0.000000	0.523106	0.000000	0.000000	0.000000	0.000000	0.000000	0.000000	0.000000	0.000000	0.000000	0.000000	0.000000	0.476894
44	tsk_44	(x)	1	:	0.000000	0.169314	0.000032	0.000000	0.486664	0.107399	0.000000	0.000000	0.000000	0.000000	0.236591	0.000000	0.000000	0.000000	0.000000
45	tsk_45	(x)	1	:	0.000000	0.000000	0.687876	0.000000	0.000000	0.000000	0.000000	0.000000	0.000000	0.312096	0.000000	0.000000	0.000000	0.000028	0.000000
46	tsk_46	(x)	1	:	0.000000	0.295074	0.000001	0.000000	0.000000	0.164673	0.000000	0.000000	0.000000	0.330491	0.209653	0.000000	0.000000	0.000109	0.000000
47	tsk_47	(x)	1	:	0.000000	0.060418	0.000004	0.000000	0.000000	0.284693	0.000000	0.000000	0.000000	0.000000	0.154887	0.000000	0.000000	0.000000	0.499998
48	tsk_48	(x)	1	:	0.000000	0.000000	1.000000	0.000000	0.000000	0.000000	0.000000	0.000000	0.000000	0.000000	0.000000	0.000000	0.000000	0.000000	0.000000
49	tsk_49	(x)	1	:	0.000000	0.162933	0.422578	0.000000	0.000000	0.100279	0.000000	0.000000	0.000000	0.000000	0.314210	0.000000	0.000000	0.000000	0.000000
50	tsk_50	(x)	1	:	0.000000	0.000000	0.705089	0.000000	0.000000	0.000000	0.000000	0.000000	0.000000	0.294911	0.000000	0.000000	0.000000	0.000000	0.000000
51	tsk_51	(x)	1	:	0.000000	0.000000	0.945875	0.000000	0.000000	0.000000	0.000000	0.000000	0.000000	0.000000	0.000000	0.000000	0.000000	0.000000	0.054125
52	tsk_52	(x)	1	:	0.000000	0.000000	0.999957	0.000000	0.000000	0.000000	0.000000	0.000000	0.000000	0.000000	0.000000	0.000000	0.000000	0.000000	0.000043
53	tsk_53	(x)	1	:	0.000000	0.000000	0.000000	0.000000	0.000000	0.000000	0.000000	0.000000	0.000000	1.000000	0.000000	0.000000	0.000000	0.000000	0.000000
54	tsk_54	(x)	1	:	0.000000	0.000000	0.000000	0.000000	0.000000	0.000000	0.000000	0.000000	0.000000	1.000000	0.000000	0.000000	0.000000	0.000000	0.000000
55	tsk_55	(x)	1	:	0.000000	0.000000	0.000000	0.000000	0.000000	0.000000	0.000000	0.000000	0.000000	1.000000	0.000000	0.000000	0.000000	0.000000	0.000000
56	tsk_56	(x)	1	:	0.000000	0.127721	0.554792	0.000000	0.000000	0.215551	0.000000	0.000000	0.000000	0.000000	0.101936	0.000000	0.000000	0.000000	0.000000
57	tsk_57	(x)	1	:	0.000000	0.000000	0.000000	0.000000	0.000000	0.000000	0.000000	0.000000	0.000000	1.000000	0.000000	0.000000	0.000000	0.000000	0.000000
58	tsk_58	(x)	1	:	0.000000	0.000000	0.000000	0.000000	0.000000	0.000000	0.000000	0.000000	0.000000	1.000000	0.000000	0.000000	0.000000	0.000000	0.000000
59	tsk_59	(x)	1	:	0.000000	0.310163	0.000001	0.000000	0.000000	0.066155	0.000000	0.000000	0.000000	0.330543	0.293070	0.000000	0.000000	0.000068	0.000000
60	tsk_60	(x)	1	:	0.000000	0.000000	0.000012	0.000000	0.000000	0.000000	0.000000	0.011078	0.000000	0.000000	0.000000	0.000000	0.478681	0.000000	0.510228
61	tsk_61	(x)	1	:	0.000000	0.000000	0.000001	0.000000	0.000000	0.000000	0.000000	0.000000	0.000000	0.000000	0.000000	0.493613	0.000000	0.000000	0.506386
62	tsk_62	(x)	1	:	0.000000	0.266672	0.000000	0.000000	0.000000	0.063615	0.000000	0.000000	0.000000	0.000000	0.669713	0.000000	0.000000	0.000000	0.000000
63	tsk_63	(x)	1	:	0.000000	0.203980	0.000000	0.000000	0.000000	0.135497	0.000000	0.000000	0.000000	0.000000	0.194772	0.000000	0.000000	0.465751	0.000000
64	tsk_64	(x)	1	:	0.000000	0.136258	0.000000	0.000000	0.563928	0.109396	0.000000	0.000000	0.000000	0.000000	0.190418	0.000000	0.000000	0.000000	0.000000
65	tsk_65	(x)	1	:	0.000000	0.424518	0.000000	0.000000	0.000000	0.016967	0.000000	0.000000	0.000000	0.000000	0.068732	0.489784	0.000000	0.000000	0.000000
66	tsk_66	(x)	1	:	0.000000	0.000000	0.000014	0.000000	0.505638	0.000000	0.000000	0.014473	0.000000	0.000000	0.000000	0.000000	0.479874	0.000000	0.000000
67	tsk_67	(x)	1	:	0.000000	0.000000	0.000000	0.000000	0.582872	0.000000	0.000000	0.000000	0.000000	0.000000	0.000000	0.000000	0.000000	0.417127	0.000000
68	tsk_68	(x)	1	:	0.000000	0.431949	0.000000	0.000000	0.000000	0.018989	0.000000	0.000000	0.000000	0.000000	0.059279	0.489784	0.000000	0.000000	0.000000
69	tsk_69	(x)	1	:	0.000000	0.000000	0.100240	0.000000	0.000000	0.000000	0.000000	0.000000	0.000000	0.385605	0.000000	0.000000	0.000000	0.000094	0.514061
70	tsk_70	(x)	1	:	0.000000	0.342740	0.000000	0.000000	0.000000	0.206534	0.000000	0.000000	0.000000	0.000000	0.450725	0.000000	0.000000	0.000000	0.000000
71	tsk_71	(x)	1	:	0.000000	0.443506	0.000000	0.000000	0.000000	0.154498	0.000000	0.000000	0.000000	0.000000	0.401996	0.000000	0.000000	0.000000	0.000000
72	tsk_72	(x)	1	:	0.000000	0.420396	0.000000	0.000000	0.000000	0.187832	0.000000	0.000000	0.000000	0.000000	0.391772	0.000000	0.000000	0.000000	0.000000
73	tsk_73	(x)	1	:	0.000000	0.157783	0.000004	0.000000	0.000000	0.211935	0.000000	0.000000	0.000000	0.000000	0.130279	0.000000	0.000000	0.000000	0.499998
74	tsk_74	(x)	1	:	0.000000	0.092623	0.000000	0.000000	0.000000	0.189323	0.000000	0.475105	0.000000	0.000000	0.242949	0.000000	0.000000	0.000000	0.000000
75	tsk_75	(x)	1	:	0.000000	0.150406	0.000000	0.000000	0.000000	0.188436	0.000000	0.000000	0.000000	0.330543	0.330545	0.000000	0.000000	0.000069	0.000000
76	tsk_76	(x)	1	:	0.000000	0.078043	0.000004	0.000000	0.000000	0.287771	0.000000	0.000000	0.000000	0.000000	0.134184	0.000000	0.000000	0.000000	0.499998
77	tsk_77	(x)	1	:	0.000000	0.384795	0.000000	0.000000	0.000000	0.233099	0.000000	0.000000	0.000000	0.000000	0.382106	0.000000	0.000000	0.000000	0.000000
78	tsk_78	(x)	1	:	0.000000	0.254135	0.000000	0.000000	0.000000	0.113221	0.000000	0.000000	0.000000	0.330529	0.302035	0.000000	0.000000	0.000080	0.000000
79	tsk_79	(x)	1	:	0.000000	0.320974	0.000000	0.000000	0.000000	0.075909	0.000000	0.000000	0.000000	0.000000	0.603117	0.000000	0.000000	0.000000	0.000000
80	tsk_80	(x)	1	:	0.000000	0.191369	0.000000	0.000000	0.000000	0.157474	0.000000	0.000000	0.000000	0.000000	0.185406	0.000000	0.000000	0.465751	0.000000
81	tsk_81	(x)	1	:	0.000000	0.008341	0.000247	0.000000	0.000000	0.026402	0.000000	0.000000	0.000000	0.927283	0.037372	0.000000	0.000000	0.000356	0.000000
82	tsk_82	(x)	1	:	0.000000	0.000000	0.000000	0.000000	0.000000	0.000000	0.000000	0.498043	0.000000	0.000000	0.000000	0.000000	0.000000	0.501957	0.000000
83	tsk_83	(x)	1	:	0.000000	0.237129	0.000000	0.000000	0.000000	0.060781	0.000000	0.000000	0.000000	0.000000	0.236339	0.000000	0.000000	0.465751	0.000000
84	tsk_84	(x)	1	:	0.000000	0.000000	0.000000	0.000000	0.000000	0.000000	0.000000	0.000000	0.000000	0.000000	0.000000	1.000000	0.000000	0.000000	0.000000
85	tsk_85	(x)	1	:	0.000000	0.515788	0.000000	0.000000	0.000000	0.133262	0.000000	0.000000	0.000000	0.000000	0.350950	0.000000	0.000000	0.000000	0.000000
86	tsk_86	(x)	1	:	0.000000	0.000000	0.000000	0.000000	0.000000	0.000000	0.000000	0.000000	0.000000	0.000000	0.000000	0.503645	0.000000	0.496355	0.000000
87	tsk_87	(x)	1	:	0.000000	0.217117	0.000000	0.000000	0.000000	0.004686	0.000000	0.000000	0.000000	0.152676	0.093978	0.531544	0.000000	0.000000	0.000000
88	tsk_88	(x)	1	:	0.000000	0.323472	0.000000	0.000000	0.000000	0.254065	0.000000	0.000000	0.000000	0.000000	0.422462	0.000000	0.000000	0.000000	0.000000
89	tsk_89	(x)	1	:	0.000000	0.089249	0.000000	0.000000	0.374666	0.072579	0.000000	0.000000	0.000000	0.319030	0.144476	0.000000	0.000000	0.000000	0.000000
90	tsk_90	(x)	1	:	0.000000	0.133494	0.000030	0.000000	0.486666	0.189026	0.000000	0.000000	0.000000	0.000000	0.190784	0.000000	0.000000	0.000000	0.000000
91	tsk_91	(x)	1	:	0.000000	0.224156	0.000000	0.000000	0.000000	0.148827	0.000000	0.475105	0.000000	0.000000	0.151911	0.000000	0.000000	0.000000	0.000000
92	tsk_92	(x)	1	:	0.000000	0.303395	0.000000	0.000000	0.000000	0.215648	0.000000	0.000000	0.000000	0.000000	0.480957	0.000000	0.000000	0.000000	0.000000
93	tsk_93	(x)	1	:	0.000000	0.624402	0.000000	0.000000	0.000000	0.103211	0.000000	0.000000	0.000000	0.000000	0.272387	0.000000	0.000000	0.000000	0.000000
94	tsk_94	(x)	1	:	0.000000	0.105192	0.000005	0.000000	0.000000	0.114155	0.000000	0.000000	0.000000	0.000000	0.280650	0.000000	0.000000	0.000000	0.499998
95	tsk_95	(x)	1	:	0.000000	0.112842	0.000003	0.000000	0.000000	0.255138	0.000000	0.000000	0.000000	0.000000	0.132018	0.000000	0.000000	0.000000	0.499999
96	tsk_96	(x)	1	:	0.000000	0.286872	0.000000	0.000000	0.000000	0.171105	0.000000	0.000000	0.000000	0.000000	0.542023	0.000000	0.000000	0.000000	0.000000
97	tsk_97	(x)	1	:	0.000000	0.133015	0.000002	0.000000	0.000000	0.171463	0.000000	0.000000	0.000000	0.000000	0.195521	0.000000	0.000000	0.000000	0.499999
98	tsk_98	(x)	1	:	0.000000	0.193828	0.000000	0.000000	0.000000	0.301906	0.000000	0.000000	0.000000	0.000000	0.504266	0.000000	0.000000	0.000000	0.000000
99	tsk_99	(x)	1	:	0.000000	0.000000	0.000079	0.000000	0.000000	0.000000	0.000000	0.487448	0.000000	0.000000	0.000000	0.000000	0.000000	0.000000	0.512473
100	tsk_100	(x)	1	:	0.000000	0.131825	0.000028	0.000000	0.486667	0.236058	0.000000	0.000000	0.000000	0.000000	0.145422	0.000000	0.000000	0.000000	0.000000
101	tsk_101	(x)	1	:	0.000000	0.000000	0.000086	0.000000	0.000000	0.000000	0.000000	0.487444	0.000000	0.000000	0.000000	0.000000	0.000000	0.000000	0.512469
102	tsk_102	(x)	1	:	0.000000	0.053236	0.000032	0.000000	0.486664	0.235947	0.000000	0.000000	0.000000	0.000000	0.224120	0.000000	0.000000	0.000000	0.000000
103	tsk_103	(x)	1	:	0.000000	0.212201	0.000034	0.000000	0.486663	0.102992	0.000000	0.000000	0.000000	0.000000	0.198110	0.000000	0.000000	0.000000	0.000000
104	tsk_104	(x)	1	:	0.000000	0.000000	0.000000	1.000000	0.000000	0.000000	0.000000	0.000000	0.000000	0.000000	0.000000	0.000000	0.000000	0.000000	0.000000
105	tsk_105	(x)	1	:	0.000000	0.007364	0.000019	0.000000	0.486085	0.004353	0.498202	0.000000	0.000000	0.000000	0.003976	0.000000	0.000000	0.000000	0.000000
106	tsk_106	(x)	1	:	0.000000	0.154775	0.000001	0.000000	0.000000	0.261830	0.000000	0.000000	0.000000	0.330531	0.252785	0.000000	0.000000	0.000078	0.000000
107	tsk_107	(x)	1	:	0.000000	0.140478	0.000000	0.000000	0.000000	0.120612	0.000000	0.560613	0.000000	0.000000	0.178297	0.000000	0.000000	0.000000	0.000000
108	tsk_108	(x)	1	:	0.000000	0.153683	0.000002	0.000000	0.000000	0.208152	0.000000	0.000000	0.000000	0.000000	0.138163	0.000000	0.000000	0.000000	0.499999
109	tsk_109	(x)	1	:	0.000000	0.007534	0.000018	0.000000	0.486100	0.003841	0.498247	0.000000	0.000000	0.000000	0.004258	0.000000	0.000000	0.000000	0.000000
110	tsk_110	(x)	1	:	0.504196	0.000000	0.000000	0.000000	0.000000	0.000000	0.000000	0.015641	0.000000	0.000000	0.000000	0.000000	0.480162	0.000000	0.000000
111	tsk_111	(x)	1	:	0.000000	0.000000	0.000016	0.000000	0.505661	0.000000	0.000000	0.014353	0.000000	0.000000	0.000000	0.000000	0.479970	0.000000	0.000000
112	tsk_112	(x)	1	:	1.000000	0.000000	0.000000	0.000000	0.000000	0.000000	0.000000	0.000000	0.000000	0.000000	0.000000	0.000000	0.000000	0.000000	0.000000
113	tsk_113	(x)	1	:	0.000000	0.000000	0.000000	0.000000	0.000000	0.000000	0.000000	0.689766	0.000000	0.000000	0.000000	0.000000	0.310234	0.000000	0.000000
114	tsk_114	(x)	1	:	0.500000	0.122612	0.000000	0.000000	0.000000	0.229766	0.000000	0.000000	0.000000	0.000000	0.147622	0.000000	0.000000	0.000000	0.000000
115	tsk_115	(x)	1	:	0.489052	0.066818	0.000000	0.000000	0.000000	0.197935	0.000000	0.000000	0.143352	0.000000	0.102842	0.000000	0.000000	0.000000	0.000000
116	tsk_116	(x)	1	:	0.000000	0.000000	0.000000	0.000000	0.000000	0.000000	0.000000	0.507335	0.000000	0.000000	0.000000	0.000000	0.492665	0.000000	0.000000
117	tsk_117	(x)	1	:	1.000000	0.000000	0.000000	0.000000	0.000000	0.000000	0.000000	0.000000	0.000000	0.000000	0.000000	0.000000	0.000000	0.000000	0.000000
118	tsk_118	(x)	1	:	0.000000	0.000000	0.000001	0.000000	0.000000	0.000000	0.000000	0.000000	0.000000	0.000000	0.000000	0.493613	0.000000	0.000000	0.506386
119	tsk_119	(x)	1	:	0.489052	0.031168	0.000000	0.000000	0.000000	0.221314	0.000000	0.000000	0.143352	0.000000	0.115113	0.000000	0.000000	0.000000	0.000000
120	tsk_120	(x)	1	:	0.000000	0.000000	0.523106	0.000000	0.000000	0.000000	0.000000	0.000000	0.000000	0.000000	0.000000	0.000000	0.000000	0.000000	0.476894
121	tsk_121	(x)	1	:	0.000000	0.314338	0.000000	0.000000	0.000000	0.291955	0.000000	0.000000	0.000000	0.000000	0.393707	0.000000	0.000000	0.000000	0.000000
122	tsk_122	(x)	1	:	0.000000	0.014899	0.000000	0.000000	0.000000	0.002797	0.499267	0.474870	0.000000	0.000000	0.008168	0.000000	0.000000	0.000000	0.000000
123	tsk_123	(x)	1	:	0.000000	0.097847	0.000003	0.000000	0.000000	0.161738	0.000000	0.000000	0.000000	0.000000	0.240414	0.000000	0.000000	0.000000	0.499999
124	tsk_124	(x)	1	:	0.000000	0.000000	0.000000	0.000000	0.000000	0.000000	0.000000	0.498043	0.000000	0.000000	0.000000	0.000000	0.000000	0.501957	0.000000
125	tsk_125	(x)	1	:	0.000000	0.153515	0.000003	0.000000	0.000000	0.184583	0.000000	0.000000	0.000000	0.000000	0.161900	0.000000	0.000000	0.000000	0.499998
126	tsk_126	(x)	1	:	0.000000	0.318459	0.000000	0.000000	0.000000	0.096461	0.000000	0.000000	0.000000	0.000000	0.585080	0.000000	0.000000	0.000000	0.000000
127	tsk_127	(x)	1	:	0.000000	0.204422	0.000003	0.000000	0.000000	0.204731	0.000000	0.000000	0.000000	0.000000	0.090845	0.000000	0.000000	0.000000	0.499999
128	tsk_128	(x)	1	:	0.000000	0.000000	0.000055	0.000000	0.000000	0.000000	0.000000	0.487459	0.000000	0.000000	0.000000	0.000000	0.000000	0.000000	0.512487
129	tsk_129	(x)	1	:	0.000000	0.008664	0.000000	0.000000	0.000000	0.004710	0.499278	0.474874	0.000000	0.000000	0.012474	0.000000	0.000000	0.000000	0.000000
130	tsk_130	(x)	1	:	0.000000	0.139936	0.540040	0.000000	0.000000	0.184515	0.000000	0.000000	0.000000	0.000000	0.135509	0.000000	0.000000	0.000000	0.000000
131	tsk_131	(x)	1	:	0.000000	0.036205	0.422578	0.000000	0.000000	0.193264	0.000000	0.000000	0.000000	0.000000	0.347953	0.000000	0.000000	0.000000	0.000000
132	tsk_132	(x)	1	:	0.000000	0.000000	0.523106	0.000000	0.000000	0.000000	0.000000	0.000000	0.000000	0.000000	0.000000	0.000000	0.000000	0.000000	0.476894
133	tsk_133	(x)	1	:	0.000000	0.102160	0.540040	0.000000	0.000000	0.027803	0.000000	0.000000	0.000000	0.000000	0.329998	0.000000	0.000000	0.000000	0.000000
134	tsk_134	(x)	1	:	0.000000	0.209360	0.000000	0.000000	0.000000	0.630120	0.000000	0.000000	0.000000	0.000000	0.160520	0.000000	0.000000	0.000000	0.000000
135	tsk_135	(x)	1	:	0.000000	0.333770	0.000000	0.000000	0.000000	0.136642	0.000000	0.000000	0.000000	0.000000	0.529588	0.000000	0.000000	0.000000	0.000000
136	tsk_136	(x)	1	:	0.000000	0.000000	1.000000	0.000000	0.000000	0.000000	0.000000	0.000000	0.000000	0.000000	0.000000	0.000000	0.000000	0.000000	0.000000
137	tsk_137	(x)	1	:	0.000000	0.000000	0.547629	0.000000	0.000000	0.000000	0.000000	0.115171	0.000000	0.000000	0.000000	0.000000	0.337200	0.000000	0.000000
138	tsk_138	(x)	1	:	0.000000	0.367762	0.000000	0.000000	0.000000	0.171536	0.000000	0.000000	0.000000	0.000000	0.460701	0.000000	0.000000	0.000000	0.000000
139	tsk_139	(x)	1	:	0.000000	0.160102	0.000000	0.000000	0.000000	0.348923	0.000000	0.000000	0.000000	0.000000	0.490975	0.000000	0.000000	0.000000	0.000000
140	tsk_140	(x)	1	:	0.000000	0.000000	0.000000	0.000000	0.000000	0.000000	0.000000	0.000000	0.000000	0.000000	0.000000	0.000000	0.000000	0.539108	0.460892
141	tsk_141	(x)	1	:	0.000000	0.178591	0.000000	0.000000	0.000000	0.131622	0.000000	0.000000	0.000000	0.000000	0.224037	0.000000	0.000000	0.465751	0.000000
142	tsk_142	(x)	1	:	0.000000	0.000000	0.000000	0.000000	0.000000	0.000000	0.000000	0.000000	0.000000	0.000000	0.000000	0.000000	0.000000	0.000000	1.000000
143	tsk_143	(x)	1	:	0.500000	0.000000	0.000002	0.000000	0.000000	0.000000	0.000000	0.000000	0.000000	0.000000	0.000000	0.000000	0.000000	0.000000	0.499998
144	tsk_144	(x)	1	:	0.000000	0.000000	0.000000	0.000000	0.000000	0.000000	0.000000	0.000000	0.000000	0.000000	0.000000	0.000000	0.000000	0.539108	0.460892
145	tsk_145	(x)	1	:	0.000000	0.082045	0.000000	0.000000	0.561955	0.130383	0.000000	0.000000	0.000000	0.000000	0.225616	0.000000	0.000000	0.000000	0.000000
146	tsk_146	(x)	1	:	0.000000	0.000000	0.000000	0.000000	0.000000	0.000000	0.000000	0.000000	0.000000	0.000000	0.000000	0.000000	0.000000	0.539108	0.460892
147	tsk_147	(x)	1	:	0.000000	0.000000	0.000078	0.000000	0.000000	0.000000	0.000000	0.487448	0.000000	0.000000	0.000000	0.000000	0.000000	0.000000	0.512474
148	tsk_148	(x)	1	:	0.000000	0.131515	0.000003	0.000000	0.000000	0.035934	0.000000	0.000000	0.000000	0.000000	0.332549	0.000000	0.000000	0.000000	0.499998
149	tsk_149	(x)	1	:	0.000000	0.000000	0.000000	0.000000	0.000000	0.000000	0.000000	0.000000	0.000000	0.000000	0.000000	0.000000	0.000000	0.000000	1.000000
