logL = -810.460905 (converged)
AIC = 2024.921810
BIC = 2633.070139

count.K
104 46 

