logL = -2299.771128 (converged)
AIC = 7057.542256
BIC = 10757.613032

count.K
17 12 29 57 14 10 11 

