0	tsk_0	(x)	1	:	0.000000	0.000000	0.494863	0.000000	0.000000	0.000000	0.000000	0.504795	0.000000	0.000000	0.000000	0.000000	0.000342
1	tsk_1	(x)	1	:	0.000000	0.000000	0.489330	0.036378	0.000000	0.000000	0.000000	0.000000	0.468577	0.000000	0.000000	0.000000	0.005714
2	tsk_2	(x)	1	:	0.000000	0.000000	0.493750	0.505788	0.000000	0.000000	0.000000	0.000000	0.000000	0.000000	0.000000	0.000000	0.000461
3	tsk_3	(x)	1	:	0.000000	0.000000	0.472229	0.000000	0.000000	0.000000	0.000000	0.000000	0.000000	0.000000	0.000000	0.000000	0.527771
4	tsk_4	(x)	1	:	0.000000	0.000000	0.494734	0.000000	0.000000	0.000000	0.000000	0.504775	0.000000	0.000000	0.000000	0.000000	0.000491
5	tsk_5	(x)	1	:	0.000000	0.000000	0.489191	0.036354	0.000000	0.000000	0.000000	0.000000	0.468576	0.000000	0.000000	0.000000	0.005879
6	tsk_6	(x)	1	:	0.000000	0.000000	0.494999	0.000000	0.000000	0.000000	0.000000	0.504815	0.000000	0.000000	0.000000	0.000000	0.000186
7	tsk_7	(x)	1	:	0.000000	0.000000	0.518385	0.000000	0.000000	0.000000	0.000000	0.000000	0.000000	0.000000	0.000000	0.000000	0.481615
8	tsk_8	(x)	1	:	0.000000	0.000000	0.000000	0.000000	0.000000	0.000000	0.000000	1.000000	0.000000	0.000000	0.000000	0.000000	0.000000
9	tsk_9	(x)	1	:	0.000000	0.000000	0.472270	0.000000	0.000000	0.000000	0.000000	0.000000	0.000000	0.000000	0.000000	0.000000	0.527730
10	tsk_10	(x)	1	:	0.000000	0.000000	0.000000	0.000000	0.000000	0.000000	0.000000	0.000000	0.000000	0.000000	0.497823	0.000000	0.502177
11	tsk_11	(x)	1	:	0.000000	0.000000	0.502310	0.000000	0.000000	0.000000	0.000001	0.000000	0.000000	0.000000	0.497269	0.000000	0.000421
12	tsk_12	(x)	1	:	0.000000	0.000000	0.000000	0.000000	0.000000	0.000000	0.000000	0.000000	0.000000	0.000000	0.000000	0.000000	1.000000
13	tsk_13	(x)	1	:	0.500376	0.000000	0.000000	0.000000	0.000000	0.000000	0.000000	0.000000	0.000000	0.000000	0.000000	0.000000	0.499623
14	tsk_14	(x)	1	:	0.000000	0.000000	0.000000	0.000000	0.000000	0.000000	0.000000	0.000000	0.000000	0.000000	0.497824	0.000000	0.502176
15	tsk_15	(x)	1	:	0.000000	0.000000	0.000000	0.000000	0.000000	0.000000	0.000000	0.000000	0.000000	0.000000	0.000000	0.000000	1.000000
16	tsk_16	(x)	1	:	0.000000	0.000000	0.000000	0.000000	0.000000	0.000000	0.000002	0.000000	0.000000	0.000000	0.999998	0.000000	0.000000
17	tsk_17	(x)	1	:	0.000000	0.000000	0.000000	0.000000	0.000000	0.000000	0.000001	0.000000	0.000000	0.000000	0.999999	0.000000	0.000000
18	tsk_18	(x)	1	:	0.000000	0.000000	0.000000	0.000000	0.000000	0.000000	0.000000	0.000000	0.000000	0.000000	1.000000	0.000000	0.000000
19	tsk_19	(x)	1	:	0.000000	0.000000	0.000000	0.000000	0.000000	0.000000	0.000000	0.000000	0.000000	0.000000	0.497824	0.000000	0.502176
20	tsk_20	(x)	1	:	0.177675	0.000000	0.000000	0.000000	0.000000	0.000000	0.252463	0.000000	0.000000	0.000000	0.569862	0.000000	0.000000
21	tsk_21	(x)	1	:	0.000000	0.000000	0.000000	0.000000	0.000000	0.000000	0.000000	0.000000	0.000000	0.000000	1.000000	0.000000	0.000000
22	tsk_22	(x)	1	:	1.000000	0.000000	0.000000	0.000000	0.000000	0.000000	0.000000	0.000000	0.000000	0.000000	0.000000	0.000000	0.000000
23	tsk_23	(x)	1	:	0.500000	0.000000	0.000000	0.000000	0.000000	0.000000	0.000000	0.500000	0.000000	0.000000	0.000000	0.000000	0.000000
24	tsk_24	(x)	1	:	0.499261	0.000000	0.000000	0.000000	0.000000	0.000000	0.000000	0.000000	0.000000	0.500739	0.000000	0.000000	0.000000
25	tsk_25	(x)	1	:	0.000000	0.000000	0.000000	0.000000	0.000000	0.576843	0.000000	0.000000	0.000000	0.000000	0.423157	0.000000	0.000000
26	tsk_26	(x)	1	:	0.708819	0.000000	0.000000	0.000000	0.000000	0.000000	0.291180	0.000000	0.000000	0.000000	0.000000	0.000000	0.000000
27	tsk_27	(x)	1	:	0.000000	0.000000	0.000000	0.000000	0.000000	0.353756	0.000000	0.000000	0.000000	0.503343	0.142901	0.000000	0.000000
28	tsk_28	(x)	1	:	0.415789	0.000000	0.000000	0.000000	0.000000	0.000000	0.000000	0.000000	0.000000	0.000000	0.584211	0.000000	0.000000
29	tsk_29	(x)	1	:	0.168681	0.000000	0.000000	0.000000	0.000000	0.000000	0.313600	0.000000	0.000000	0.517719	0.000000	0.000000	0.000000
30	tsk_30	(x)	1	:	0.000000	0.474130	0.000000	0.000000	0.000000	0.000000	0.000000	0.000000	0.000000	0.000000	0.000000	0.000000	0.525870
31	tsk_31	(x)	1	:	0.505863	0.494137	0.000000	0.000000	0.000000	0.000000	0.000000	0.000000	0.000000	0.000000	0.000000	0.000000	0.000000
32	tsk_32	(x)	1	:	0.000000	0.471816	0.000000	0.000000	0.527511	0.000000	0.000000	0.000000	0.000000	0.000000	0.000000	0.000000	0.000673
33	tsk_33	(x)	1	:	0.498832	0.000000	0.000000	0.000000	0.501135	0.000000	0.000000	0.000000	0.000000	0.000000	0.000000	0.000000	0.000032
34	tsk_34	(x)	1	:	0.505863	0.494137	0.000000	0.000000	0.000000	0.000000	0.000000	0.000000	0.000000	0.000000	0.000000	0.000000	0.000000
35	tsk_35	(x)	1	:	0.524140	0.000000	0.000000	0.000000	0.000000	0.000000	0.000002	0.000000	0.000000	0.000000	0.475858	0.000000	0.000000
36	tsk_36	(x)	1	:	0.000000	0.000000	0.000000	0.000000	0.000000	0.000000	0.000000	0.000000	0.000000	0.000000	0.497823	0.000000	0.502177
37	tsk_37	(x)	1	:	0.000000	0.000000	0.000000	0.000000	0.000000	0.000000	0.000000	0.000000	0.000000	0.000000	0.497824	0.000000	0.502176
38	tsk_38	(x)	1	:	1.000000	0.000000	0.000000	0.000000	0.000000	0.000000	0.000000	0.000000	0.000000	0.000000	0.000000	0.000000	0.000000
39	tsk_39	(x)	1	:	0.505863	0.494137	0.000000	0.000000	0.000000	0.000000	0.000000	0.000000	0.000000	0.000000	0.000000	0.000000	0.000000
40	tsk_40	(x)	1	:	0.000000	0.540002	0.000000	0.000000	0.000000	0.000000	0.000000	0.000000	0.000000	0.000000	0.000000	0.000000	0.459997
41	tsk_41	(x)	1	:	0.000000	0.000000	0.500725	0.000000	0.000000	0.000000	0.000000	0.499144	0.000000	0.000000	0.000000	0.000000	0.000131
42	tsk_42	(x)	1	:	0.000000	0.616927	0.000000	0.000000	0.000000	0.000000	0.000000	0.383073	0.000000	0.000000	0.000000	0.000000	0.000000
43	tsk_43	(x)	1	:	0.248372	0.000000	0.000000	0.000000	0.000000	0.000000	0.353422	0.000000	0.000000	0.000000	0.398206	0.000000	0.000000
44	tsk_44	(x)	1	:	0.000000	0.000000	0.000000	0.000000	0.000000	0.000000	0.000000	0.497088	0.000000	0.502912	0.000000	0.000000	0.000000
45	tsk_45	(x)	1	:	0.000000	0.000000	0.000000	0.000000	0.000000	0.000000	0.000000	0.000000	0.000000	0.000000	0.000000	0.000000	1.000000
46	tsk_46	(x)	1	:	0.294594	0.000004	0.000000	0.000000	0.000000	0.000000	0.000000	0.518623	0.000000	0.000000	0.186778	0.000000	0.000000
47	tsk_47	(x)	1	:	0.000000	0.532359	0.467599	0.000000	0.000000	0.000000	0.000000	0.000000	0.000000	0.000000	0.000000	0.000000	0.000042
48	tsk_48	(x)	1	:	0.000000	0.000000	0.000000	0.000000	0.000000	0.000000	0.497679	0.000000	0.000000	0.479589	0.022732	0.000000	0.000000
49	tsk_49	(x)	1	:	0.504891	0.199647	0.000000	0.000000	0.000000	0.000000	0.000000	0.000000	0.000000	0.295372	0.000000	0.000090	0.000000
50	tsk_50	(x)	1	:	0.071190	0.494099	0.000000	0.000000	0.000000	0.000000	0.000000	0.000000	0.000000	0.000000	0.000000	0.434711	0.000000
51	tsk_51	(x)	1	:	0.064852	0.000000	0.000000	0.031563	0.000000	0.000000	0.000000	0.000000	0.468432	0.000000	0.000000	0.435153	0.000000
52	tsk_52	(x)	1	:	0.188783	0.000000	0.000000	0.000000	0.000000	0.000000	0.317199	0.000000	0.000000	0.494018	0.000000	0.000000	0.000000
53	tsk_53	(x)	1	:	0.168682	0.000000	0.000000	0.000000	0.000000	0.000000	0.313599	0.000000	0.000000	0.517719	0.000000	0.000000	0.000000
54	tsk_54	(x)	1	:	0.491828	0.508172	0.000000	0.000000	0.000000	0.000000	0.000000	0.000000	0.000000	0.000000	0.000000	0.000000	0.000000
55	tsk_55	(x)	1	:	0.273245	0.000000	0.000000	0.000000	0.000000	0.000000	0.291196	0.000000	0.000000	0.000000	0.000000	0.435559	0.000000
56	tsk_56	(x)	1	:	0.000000	0.000004	0.000000	0.063317	0.000000	0.000000	0.000000	0.000000	0.000000	0.874313	0.000000	0.000000	0.062366
57	tsk_57	(x)	1	:	0.000000	0.000000	0.000000	0.000000	0.000000	0.000000	0.000000	0.000000	0.000000	0.000000	0.000000	0.999999	0.000000
58	tsk_58	(x)	1	:	0.000000	0.472358	0.000000	0.059117	0.000000	0.000000	0.000000	0.000000	0.468525	0.000000	0.000000	0.000000	0.000000
59	tsk_59	(x)	1	:	0.000000	0.000000	0.000000	0.034138	0.000000	0.000000	0.000000	0.000000	0.468426	0.000000	0.497436	0.000000	0.000000
60	tsk_60	(x)	1	:	0.089267	0.000000	0.000000	0.000000	0.000000	0.000000	0.000001	0.000000	0.000000	0.000000	0.475678	0.435054	0.000000
61	tsk_61	(x)	1	:	0.564561	0.000000	0.000000	0.000000	0.000000	0.000000	0.000000	0.000000	0.000000	0.000000	0.000000	0.435439	0.000000
62	tsk_62	(x)	1	:	0.064895	0.000000	0.000000	0.000000	0.000000	0.000000	0.000000	0.499984	0.000000	0.000000	0.000000	0.435121	0.000000
63	tsk_63	(x)	1	:	0.499736	0.000000	0.499813	0.000000	0.000000	0.000000	0.000000	0.000000	0.000000	0.000000	0.000000	0.000000	0.000451
64	tsk_64	(x)	1	:	0.498833	0.000000	0.000000	0.000000	0.501154	0.000000	0.000000	0.000000	0.000000	0.000000	0.000000	0.000000	0.000013
65	tsk_65	(x)	1	:	0.498832	0.000000	0.000000	0.000000	0.501127	0.000000	0.000000	0.000000	0.000000	0.000000	0.000000	0.000000	0.000041
66	tsk_66	(x)	1	:	0.500000	0.000000	0.000000	0.000000	0.000000	0.000000	0.000000	0.500000	0.000000	0.000000	0.000000	0.000000	0.000000
67	tsk_67	(x)	1	:	0.000000	0.000000	0.000000	0.000000	0.000000	0.000000	0.000000	0.000000	0.000000	0.000000	0.000000	0.999999	0.000000
68	tsk_68	(x)	1	:	0.064929	0.000000	0.000000	0.000000	0.000000	0.000000	0.000000	0.499982	0.000000	0.000000	0.000000	0.435089	0.000000
69	tsk_69	(x)	1	:	0.089234	0.000000	0.000000	0.000000	0.000000	0.000000	0.000000	0.000000	0.000000	0.000000	0.475684	0.435082	0.000000
70	tsk_70	(x)	1	:	0.000000	0.000000	0.000000	0.000000	0.000000	0.000000	0.000001	0.000000	0.000000	0.503324	0.496676	0.000000	0.000000
71	tsk_71	(x)	1	:	0.000000	0.000000	0.000000	0.000000	0.000000	0.000000	0.000000	0.000000	0.000000	1.000000	0.000000	0.000000	0.000000
72	tsk_72	(x)	1	:	0.000000	0.000000	0.000000	0.000000	0.000000	0.000000	0.000001	0.502425	0.000000	0.000000	0.497574	0.000000	0.000000
73	tsk_73	(x)	1	:	0.168682	0.000000	0.000000	0.000000	0.000000	0.000000	0.313599	0.000000	0.000000	0.517719	0.000000	0.000000	0.000000
74	tsk_74	(x)	1	:	0.000000	0.000000	0.000000	0.000000	0.000000	0.000000	0.000002	0.000000	0.000000	0.000000	0.427054	0.572943	0.000000
75	tsk_75	(x)	1	:	0.000000	0.000000	0.000000	0.000000	0.000000	0.000000	0.000000	0.000000	0.000000	0.490442	0.000000	0.509558	0.000000
76	tsk_76	(x)	1	:	0.000000	0.000000	0.000000	0.000000	0.000000	0.000000	0.000000	0.000000	0.000000	0.000000	1.000000	0.000000	0.000000
77	tsk_77	(x)	1	:	0.000000	0.000000	0.000000	0.000000	0.000000	0.000000	0.000000	0.497088	0.000000	0.502912	0.000000	0.000000	0.000000
78	tsk_78	(x)	1	:	0.000000	0.000000	0.000000	0.000000	0.000000	0.000000	0.000000	0.497088	0.000000	0.502912	0.000000	0.000000	0.000000
79	tsk_79	(x)	1	:	0.000000	0.000000	0.000000	0.000000	0.000000	0.000000	0.487325	0.000000	0.000000	0.502295	0.010380	0.000000	0.000000
80	tsk_80	(x)	1	:	0.066217	0.000000	0.498021	0.000000	0.000000	0.000000	0.000000	0.000000	0.000000	0.000000	0.000000	0.435162	0.000601
81	tsk_81	(x)	1	:	0.000000	0.000000	0.000000	0.000000	0.000000	0.000000	0.000000	0.000000	0.000000	0.000000	0.000000	0.000000	1.000000
82	tsk_82	(x)	1	:	0.052681	0.000000	0.000000	0.000000	0.000000	0.000000	0.000000	0.000000	0.000000	0.000000	0.000000	0.434720	0.512599
83	tsk_83	(x)	1	:	0.000000	0.000000	0.488665	0.000000	0.000000	0.000000	0.000000	0.000000	0.000000	0.000000	0.000000	0.511056	0.000279
84	tsk_84	(x)	1	:	0.000000	0.000000	0.000000	0.000000	0.000000	0.000000	0.000000	0.501433	0.000000	0.000000	0.000000	0.000000	0.498567
85	tsk_85	(x)	1	:	0.000000	0.000000	0.498795	0.000000	0.000000	0.000000	0.489148	0.000000	0.000000	0.000000	0.010640	0.000000	0.001417
86	tsk_86	(x)	1	:	0.000000	0.000000	0.000000	0.000000	0.000000	0.000000	0.687735	0.000000	0.000000	0.000000	0.312265	0.000000	0.000000
87	tsk_87	(x)	1	:	0.000000	0.000000	0.000000	0.000000	0.000000	0.501944	0.000000	0.498056	0.000000	0.000000	0.000000	0.000000	0.000000
88	tsk_88	(x)	1	:	0.076792	0.000000	0.000000	0.000000	0.000000	0.000000	0.480523	0.000000	0.000000	0.000000	0.007257	0.435428	0.000000
89	tsk_89	(x)	1	:	0.210002	0.000000	0.000000	0.000000	0.000000	0.000000	0.000000	0.000000	0.000000	0.000000	0.000000	0.789998	0.000000
90	tsk_90	(x)	1	:	0.000000	0.000000	0.000000	0.000000	0.000000	0.000000	0.000000	0.000000	0.000000	0.000000	0.000000	1.000000	0.000000
91	tsk_91	(x)	1	:	0.000000	0.000000	0.000000	0.000000	0.000000	0.000000	0.000000	0.000000	0.000000	0.000000	0.000000	1.000000	0.000000
92	tsk_92	(x)	1	:	0.000000	0.000000	0.000000	0.000000	0.000000	0.000000	0.000001	0.000000	0.000000	0.517752	0.482247	0.000000	0.000000
93	tsk_93	(x)	1	:	0.000000	0.000000	0.000000	0.000000	0.000000	0.000000	0.000000	0.000000	0.000000	0.000000	0.999999	0.000000	0.000000
94	tsk_94	(x)	1	:	0.000000	0.000000	0.000000	0.000062	0.000000	0.000000	0.000000	0.000000	0.442887	0.557051	0.000000	0.000000	0.000000
95	tsk_95	(x)	1	:	0.000000	0.000000	0.000000	0.000065	0.000000	0.000000	0.000000	0.000000	0.442885	0.557050	0.000000	0.000000	0.000000
96	tsk_96	(x)	1	:	0.050135	0.000000	0.000000	0.000000	0.000000	0.000000	0.000000	0.000000	0.000000	0.515197	0.000000	0.434668	0.000000
97	tsk_97	(x)	1	:	0.000000	0.000000	0.000001	0.000000	0.000000	0.000000	0.000000	0.000000	0.000000	0.569475	0.000000	0.000000	0.430524
98	tsk_98	(x)	1	:	0.000000	0.000000	0.000000	0.000000	0.000000	0.000000	0.000000	0.443907	0.000000	0.556093	0.000000	0.000000	0.000000
99	tsk_99	(x)	1	:	0.501081	0.000000	0.000000	0.000000	0.401836	0.000000	0.000000	0.000000	0.000000	0.000000	0.000000	0.000000	0.097082
100	tsk_100	(x)	1	:	0.000000	0.000000	0.000000	0.000000	0.000000	0.000000	1.000000	0.000000	0.000000	0.000000	0.000000	0.000000	0.000000
101	tsk_101	(x)	1	:	0.064594	0.000000	0.499724	0.000000	0.000000	0.000000	0.000000	0.000000	0.000000	0.000000	0.000000	0.435150	0.000532
102	tsk_102	(x)	1	:	0.000000	0.000000	0.000000	0.000000	0.000000	0.000000	1.000000	0.000000	0.000000	0.000000	0.000000	0.000000	0.000000
103	tsk_103	(x)	1	:	0.000000	0.000000	0.999996	0.000000	0.000000	0.000000	0.000000	0.000000	0.000000	0.000000	0.000000	0.000000	0.000004
104	tsk_104	(x)	1	:	0.089212	0.000000	0.000000	0.000000	0.000000	0.000000	0.000001	0.000000	0.000000	0.000000	0.475697	0.435090	0.000000
105	tsk_105	(x)	1	:	0.000000	0.000000	0.501126	0.000000	0.000000	0.000000	0.488234	0.000000	0.000000	0.000000	0.009972	0.000000	0.000668
106	tsk_106	(x)	1	:	0.077386	0.000000	0.000000	0.000000	0.000000	0.000000	0.482188	0.000000	0.000000	0.000000	0.004936	0.435490	0.000000
107	tsk_107	(x)	1	:	0.089301	0.000000	0.000000	0.000000	0.000000	0.000000	0.000004	0.000000	0.000000	0.000000	0.475676	0.435019	0.000000
108	tsk_108	(x)	1	:	0.000000	0.000000	0.000000	0.000000	0.000000	0.000000	0.484681	0.000000	0.000000	0.502182	0.013136	0.000000	0.000000
109	tsk_109	(x)	1	:	0.509718	0.000000	0.000000	0.000000	0.000000	0.000000	0.474465	0.000000	0.000000	0.000000	0.015816	0.000000	0.000000
110	tsk_110	(x)	1	:	0.000000	0.000000	0.000000	1.000000	0.000000	0.000000	0.000000	0.000000	0.000000	0.000000	0.000000	0.000000	0.000000
111	tsk_111	(x)	1	:	0.000000	0.000000	0.000000	0.502553	0.000000	0.000000	0.000001	0.000000	0.000000	0.000000	0.497446	0.000000	0.000000
112	tsk_112	(x)	1	:	0.000000	0.000000	0.000000	0.000000	0.000000	0.000000	0.000033	0.000000	0.000000	0.000000	0.999967	0.000000	0.000000
113	tsk_113	(x)	1	:	0.089294	0.000000	0.000000	0.000000	0.000000	0.000000	0.000001	0.000000	0.000000	0.000000	0.475671	0.435033	0.000000
114	tsk_114	(x)	1	:	0.000000	0.000000	0.000000	0.034139	0.000000	0.000000	0.000000	0.000000	0.468425	0.000000	0.497436	0.000000	0.000000
115	tsk_115	(x)	1	:	0.000000	0.000000	0.000000	0.502553	0.000000	0.000000	0.000001	0.000000	0.000000	0.000000	0.497446	0.000000	0.000000
116	tsk_116	(x)	1	:	0.000000	0.000000	0.000000	0.501789	0.000000	0.000000	0.000000	0.000000	0.000000	0.000000	0.000000	0.000000	0.498211
117	tsk_117	(x)	1	:	0.000000	0.000000	0.000000	1.000000	0.000000	0.000000	0.000000	0.000000	0.000000	0.000000	0.000000	0.000000	0.000000
118	tsk_118	(x)	1	:	0.000000	0.000000	0.500554	0.498902	0.000000	0.000000	0.000000	0.000000	0.000000	0.000000	0.000000	0.000000	0.000545
119	tsk_119	(x)	1	:	0.499738	0.000000	0.499885	0.000000	0.000000	0.000000	0.000000	0.000000	0.000000	0.000000	0.000000	0.000000	0.000377
120	tsk_120	(x)	1	:	0.000000	0.000000	0.000000	0.000000	0.000000	0.000000	0.000000	0.000000	0.000000	0.000000	0.507640	0.492360	0.000000
121	tsk_121	(x)	1	:	0.000000	0.000000	0.000000	0.000000	0.000000	0.000000	0.000000	0.000000	0.000000	0.000000	0.000000	0.000000	1.000000
122	tsk_122	(x)	1	:	0.000000	0.000000	0.000000	0.000000	0.000000	0.000000	0.000000	0.000000	0.000000	1.000000	0.000000	0.000000	0.000000
123	tsk_123	(x)	1	:	0.000000	0.000000	0.000001	0.000000	0.000000	0.000000	0.000000	0.000000	0.000000	0.000000	0.511521	0.000000	0.488479
124	tsk_124	(x)	1	:	0.000000	0.000000	0.000001	0.000000	0.000000	0.000000	0.000000	0.000000	0.000000	0.000000	0.511521	0.000000	0.488478
125	tsk_125	(x)	1	:	0.000000	0.000000	0.000001	0.000000	0.000000	0.000000	0.000000	0.000000	0.000000	0.000000	0.511520	0.000000	0.488479
126	tsk_126	(x)	1	:	0.500376	0.000000	0.000000	0.000000	0.000000	0.000000	0.000000	0.000000	0.000000	0.000000	0.000000	0.000000	0.499623
127	tsk_127	(x)	1	:	0.412709	0.000000	0.000000	0.000000	0.000000	0.000000	0.000022	0.000000	0.000000	0.000000	0.587268	0.000000	0.000000
128	tsk_128	(x)	1	:	0.500376	0.000000	0.000000	0.000000	0.000000	0.000000	0.000000	0.000000	0.000000	0.000000	0.000000	0.000000	0.499624
129	tsk_129	(x)	1	:	0.412714	0.000000	0.000000	0.000000	0.000000	0.000000	0.000004	0.000000	0.000000	0.000000	0.587281	0.000000	0.000000
130	tsk_130	(x)	1	:	0.044516	0.000000	0.000000	0.000000	0.000000	0.000000	0.000000	0.000000	0.521228	0.000000	0.000000	0.434255	0.000000
131	tsk_131	(x)	1	:	0.000000	0.000000	0.000000	0.502553	0.000000	0.000000	0.000001	0.000000	0.000000	0.000000	0.497446	0.000000	0.000000
132	tsk_132	(x)	1	:	0.000001	0.000000	0.000000	0.000000	0.000000	0.000000	0.000000	0.000000	0.000000	0.000000	0.000000	0.999999	0.000000
133	tsk_133	(x)	1	:	0.000000	0.000000	0.000000	0.500000	0.000000	0.000000	0.000000	0.500000	0.000000	0.000000	0.000000	0.000000	0.000000
134	tsk_134	(x)	1	:	0.064921	0.000000	0.000000	0.000000	0.000000	0.000000	0.000000	0.499983	0.000000	0.000000	0.000000	0.435096	0.000000
135	tsk_135	(x)	1	:	0.064314	0.000000	0.000000	0.000000	0.000000	0.000000	0.000000	0.000000	0.000000	0.000000	0.000000	0.436036	0.499650
136	tsk_136	(x)	1	:	0.064910	0.000000	0.000000	0.499982	0.000000	0.000000	0.000000	0.000000	0.000000	0.000000	0.000000	0.435107	0.000000
137	tsk_137	(x)	1	:	0.064657	0.000000	0.000000	0.000000	0.000000	0.000000	0.000000	0.000000	0.000000	0.000000	0.000000	0.435707	0.499637
138	tsk_138	(x)	1	:	0.000000	0.472367	0.000000	0.527633	0.000000	0.000000	0.000000	0.000000	0.000000	0.000000	0.000000	0.000000	0.000000
139	tsk_139	(x)	1	:	0.500377	0.000000	0.000000	0.000000	0.000000	0.000000	0.000000	0.000000	0.000000	0.000000	0.000000	0.000000	0.499623
140	tsk_140	(x)	1	:	0.064983	0.000000	0.000000	0.000000	0.000000	0.000000	0.000000	0.000000	0.000000	0.000000	0.000000	0.435395	0.499622
141	tsk_141	(x)	1	:	0.000000	0.000000	0.000000	0.000000	0.000000	0.000000	0.000000	0.000000	0.000000	0.000000	0.497824	0.000000	0.502176
142	tsk_142	(x)	1	:	0.064918	0.000000	0.000000	0.000000	0.000000	0.000000	0.000000	0.499983	0.000000	0.000000	0.000000	0.435099	0.000000
143	tsk_143	(x)	1	:	0.000000	0.000000	0.490392	0.000000	0.000000	0.000000	0.000000	0.000000	0.000000	0.509200	0.000000	0.000000	0.000407
144	tsk_144	(x)	1	:	0.064626	0.000000	0.499690	0.000000	0.000000	0.000000	0.000000	0.000000	0.000000	0.000000	0.000000	0.435119	0.000565
145	tsk_145	(x)	1	:	0.066197	0.000000	0.497830	0.000000	0.000000	0.000000	0.000000	0.000000	0.000000	0.000000	0.000000	0.435173	0.000800
146	tsk_146	(x)	1	:	0.000000	0.000000	0.999993	0.000000	0.000000	0.000000	0.000000	0.000000	0.000000	0.000000	0.000000	0.000000	0.000007
147	tsk_147	(x)	1	:	0.000000	0.000000	0.502388	0.000000	0.000000	0.000000	0.000001	0.000000	0.000000	0.000000	0.497272	0.000000	0.000339
148	tsk_148	(x)	1	:	0.000001	0.000000	0.000000	0.000000	0.000000	0.000000	0.000000	0.000000	0.000000	0.000000	0.000000	0.999999	0.000000
149	tsk_149	(x)	1	:	0.089295	0.000000	0.000000	0.000000	0.000000	0.000000	0.000005	0.000000	0.000000	0.000000	0.475681	0.435019	0.000000
