logL = -1189.398376 (converged)
AIC = 5390.796753
BIC = 9924.813505

count.K
34 31 11 18 31 11 7 7 

