logL = -1733.935162 (converged)
AIC = 4759.870323
BIC = 6704.740723

count.K
42 14 55 39 

