logL = -906.954557 (converged)
AIC = 5517.909114
BIC = 11093.605679

count.K
6 11 11 21 13 9 15 15 0 22 27 

