logL = -916.233381 (converged)
AIC = 7232.466762
BIC = 15361.182056

count.K
7 3 2 18 4 18 8 10 23 2 17 6 7 0 25 

