logL = -1247.675559 (converged)
AIC = 4995.351118
BIC = 8758.645236

count.K
6 25 17 12 28 26 36 

