logL = -1598.930735 (converged)
AIC = 9077.861470
BIC = 17929.129234

count.K
1 3 19 4 2 23 3 6 4 4 5 4 3 26 43 

