logL = -1049.498692 (converged)
AIC = 6816.997384
BIC = 13919.086043

count.K
24 4 24 10 13 38 4 6 0 5 7 1 14 

