logL = -3424.655697 (converged)
AIC = 12849.311394
BIC = 21881.217276

count.K
4 4 1 23 1 23 9 23 19 25 0 2 4 12 

