logL = -1759.692669 (converged)
AIC = 6747.385339
BIC = 11606.550703

count.K
10 14 22 13 13 12 26 22 18 

