logL = -553.170997 (converged)
AIC = 3312.341994
BIC = 6633.072723

count.K
11 12 66 1 31 21 8 

