logL = -1302.094383 (converged)
AIC = 6936.188766
BIC = 13457.224813

count.K
3 26 24 15 7 15 2 16 7 1 13 21 

