logL = -1290.899372 (converged)
AIC = 5863.798744
BIC = 10804.251262

count.K
32 6 33 5 43 7 6 5 13 

