logL = -1004.224528 (converged)
AIC = 6076.449057
BIC = 12200.081245

count.K
16 9 13 3 9 22 13 16 46 0 1 2 

