0	tsk_0	(x)	1	:	0.000000	0.000000	0.000000	0.000000	0.000000	0.000000	0.000000	0.000000	0.000000	0.000000	0.000000	1.000000
1	tsk_1	(x)	1	:	0.000000	0.000000	0.499977	0.000000	0.000000	0.000000	0.000000	0.000000	0.000000	0.500023	0.000000	0.000000
2	tsk_2	(x)	1	:	0.000000	0.000000	0.000000	0.000000	0.000000	0.522060	0.000000	0.000000	0.000000	0.477940	0.000000	0.000000
3	tsk_3	(x)	1	:	0.265001	0.000000	0.000000	0.000000	0.000000	0.000000	0.000000	0.000000	0.000000	0.500020	0.234979	0.000000
4	tsk_4	(x)	1	:	0.000000	0.000000	0.499911	0.000000	0.000000	0.000000	0.000000	0.000000	0.000000	0.500089	0.000000	0.000000
5	tsk_5	(x)	1	:	0.328416	0.000000	0.000000	0.000000	0.000000	0.000000	0.000000	0.000000	0.000000	0.500003	0.171581	0.000000
6	tsk_6	(x)	1	:	0.000000	0.000000	0.000000	0.453300	0.000000	0.000000	0.000000	0.000000	0.000000	0.546700	0.000000	0.000000
7	tsk_7	(x)	1	:	0.000000	0.000000	0.000000	0.000000	0.000000	0.522060	0.000000	0.000000	0.000000	0.477940	0.000000	0.000000
8	tsk_8	(x)	1	:	0.286879	0.000000	0.500000	0.000000	0.000000	0.000000	0.000000	0.000000	0.000000	0.000000	0.213121	0.000000
9	tsk_9	(x)	1	:	0.000000	0.000000	0.000000	0.000000	0.000000	0.000000	0.000000	0.566262	0.000000	0.433738	0.000000	0.000000
10	tsk_10	(x)	1	:	0.056133	0.000000	0.000000	0.000000	0.000000	0.000000	0.000000	0.000000	0.000000	0.500000	0.443867	0.000000
11	tsk_11	(x)	1	:	0.000000	0.000000	0.000000	0.000000	0.000000	0.000000	0.000000	0.000000	0.000000	1.000000	0.000000	0.000000
12	tsk_12	(x)	1	:	0.000000	0.000000	0.499947	0.000000	0.000000	0.000000	0.000000	0.000000	0.000000	0.500053	0.000000	0.000000
13	tsk_13	(x)	1	:	0.000000	0.000000	0.000000	0.000000	0.000000	0.000000	1.000000	0.000000	0.000000	0.000000	0.000000	0.000000
14	tsk_14	(x)	1	:	0.000000	0.000000	0.499957	0.000000	0.000000	0.000000	0.000000	0.000000	0.000000	0.500043	0.000000	0.000000
15	tsk_15	(x)	1	:	0.000000	0.000000	0.499973	0.000000	0.000000	0.000000	0.000000	0.000000	0.000000	0.500027	0.000000	0.000000
16	tsk_16	(x)	1	:	0.000000	0.000000	0.000000	0.000000	0.000000	0.000000	0.000000	0.000000	0.000000	1.000000	0.000000	0.000000
17	tsk_17	(x)	1	:	0.000000	0.000000	0.000000	0.000000	0.000000	0.000000	0.000000	0.000000	0.000000	1.000000	0.000000	0.000000
18	tsk_18	(x)	1	:	0.000000	0.000000	0.000000	0.000000	0.000000	0.000000	0.000000	0.000000	0.000000	1.000000	0.000000	0.000000
19	tsk_19	(x)	1	:	0.000000	0.000000	0.499948	0.000000	0.000000	0.000000	0.000000	0.000000	0.000000	0.500052	0.000000	0.000000
20	tsk_20	(x)	1	:	0.000000	0.000000	0.000000	0.000000	0.494943	0.000000	0.000000	0.000000	0.000000	0.505057	0.000000	0.000000
21	tsk_21	(x)	1	:	0.000000	0.000000	0.000000	0.000000	0.000000	1.000000	0.000000	0.000000	0.000000	0.000000	0.000000	0.000000
22	tsk_22	(x)	1	:	0.113010	0.000000	0.000000	0.000000	0.000000	0.000000	0.000000	0.000000	0.000000	0.500004	0.386986	0.000000
23	tsk_23	(x)	1	:	0.000000	0.000000	0.000000	0.000000	0.000000	0.526862	0.000000	0.000000	0.000000	0.473138	0.000000	0.000000
24	tsk_24	(x)	1	:	0.122954	0.000000	0.000000	0.000000	0.000000	0.000000	0.000000	0.000000	0.000000	0.500010	0.377037	0.000000
25	tsk_25	(x)	1	:	0.000000	0.000000	0.000000	0.000000	0.000000	0.526857	0.000000	0.000000	0.000000	0.473143	0.000000	0.000000
26	tsk_26	(x)	1	:	0.000000	0.000000	0.000000	0.000000	0.486620	0.000000	0.000000	0.000000	0.513299	0.000081	0.000000	0.000000
27	tsk_27	(x)	1	:	0.000000	0.000000	0.000000	0.000000	0.494925	0.000000	0.000000	0.423630	0.000000	0.081444	0.000000	0.000000
28	tsk_28	(x)	1	:	0.000000	0.000000	0.000000	0.000000	0.000000	1.000000	0.000000	0.000000	0.000000	0.000000	0.000000	0.000000
29	tsk_29	(x)	1	:	0.301265	0.000000	0.000000	0.000000	0.000000	0.000000	0.000000	0.000000	0.507829	0.000000	0.190906	0.000000
30	tsk_30	(x)	1	:	0.000000	0.000000	0.000000	0.000000	0.494945	0.000000	0.000000	0.000000	0.000000	0.505055	0.000000	0.000000
31	tsk_31	(x)	1	:	0.000000	0.000000	0.000000	0.000000	0.494940	0.000000	0.000000	0.000000	0.000000	0.505060	0.000000	0.000000
32	tsk_32	(x)	1	:	0.161234	0.000000	0.500000	0.000000	0.000000	0.000000	0.000000	0.000000	0.000000	0.000000	0.338766	0.000000
33	tsk_33	(x)	1	:	0.103914	0.000000	0.000000	0.000000	0.000000	0.514219	0.000000	0.000000	0.000000	0.000000	0.381867	0.000000
34	tsk_34	(x)	1	:	0.000000	0.000000	0.000000	0.000000	0.000000	0.000000	0.444791	0.000000	0.000000	0.555209	0.000000	0.000000
35	tsk_35	(x)	1	:	0.087786	0.000000	0.000000	0.000000	0.499159	0.000000	0.000000	0.000000	0.000000	0.000000	0.413056	0.000000
36	tsk_36	(x)	1	:	0.118000	0.000000	0.000000	0.000000	0.000000	0.514219	0.000000	0.000000	0.000000	0.000000	0.367781	0.000000
37	tsk_37	(x)	1	:	0.000000	0.000000	0.000000	0.000000	0.494940	0.000000	0.000000	0.000000	0.000000	0.505060	0.000000	0.000000
38	tsk_38	(x)	1	:	0.116330	0.000000	0.000000	0.000000	0.000000	0.000000	0.000000	0.000000	0.000000	0.500002	0.383667	0.000000
39	tsk_39	(x)	1	:	0.294817	0.000000	0.000000	0.000000	0.000000	0.000000	0.000000	0.000000	0.000000	0.500001	0.205182	0.000000
40	tsk_40	(x)	1	:	0.000000	0.000000	0.000000	0.000000	0.000000	1.000000	0.000000	0.000000	0.000000	0.000000	0.000000	0.000000
41	tsk_41	(x)	1	:	0.000000	0.000000	0.000000	0.000000	0.494946	0.000000	0.000000	0.000000	0.000000	0.505054	0.000000	0.000000
42	tsk_42	(x)	1	:	0.170364	0.000000	0.000000	0.000000	0.000000	0.469924	0.000000	0.000000	0.000000	0.030194	0.329518	0.000000
43	tsk_43	(x)	1	:	0.000000	0.000000	0.000000	0.000000	0.000000	0.000000	0.000000	0.000000	0.000000	1.000000	0.000000	0.000000
44	tsk_44	(x)	1	:	0.000000	0.000000	0.000000	0.000000	0.000000	1.000000	0.000000	0.000000	0.000000	0.000000	0.000000	0.000000
45	tsk_45	(x)	1	:	0.000000	0.000000	0.000000	0.453397	0.000000	0.000000	0.000000	0.423638	0.000000	0.122965	0.000000	0.000000
46	tsk_46	(x)	1	:	0.000000	0.000000	0.000000	0.000000	0.000000	0.469826	0.000000	0.000000	0.000000	0.530174	0.000000	0.000000
47	tsk_47	(x)	1	:	0.115567	0.000000	0.000000	0.000000	0.000000	0.000000	0.000000	0.000000	0.000000	0.500027	0.384406	0.000000
48	tsk_48	(x)	1	:	0.000000	0.000000	0.000000	0.000000	0.000000	0.000000	0.000000	0.000000	0.514773	0.485227	0.000000	0.000000
49	tsk_49	(x)	1	:	0.164744	0.000000	0.000000	0.000000	0.000000	0.000000	0.000000	0.000000	0.000000	0.500011	0.335245	0.000000
50	tsk_50	(x)	1	:	0.000000	0.000000	0.000000	0.453264	0.000000	0.000000	0.000000	0.000000	0.000000	0.546736	0.000000	0.000000
51	tsk_51	(x)	1	:	0.000000	0.000000	0.000000	0.000000	1.000000	0.000000	0.000000	0.000000	0.000000	0.000000	0.000000	0.000000
52	tsk_52	(x)	1	:	0.000000	0.000000	0.000000	0.453112	0.000000	0.000000	0.000000	0.000000	0.000000	0.546888	0.000000	0.000000
53	tsk_53	(x)	1	:	0.000000	0.000000	0.000000	1.000000	0.000000	0.000000	0.000000	0.000000	0.000000	0.000000	0.000000	0.000000
54	tsk_54	(x)	1	:	0.000000	0.000000	0.000000	1.000000	0.000000	0.000000	0.000000	0.000000	0.000000	0.000000	0.000000	0.000000
55	tsk_55	(x)	1	:	0.000000	0.000000	0.000000	0.000000	1.000000	0.000000	0.000000	0.000000	0.000000	0.000000	0.000000	0.000000
56	tsk_56	(x)	1	:	0.000000	0.000000	0.000000	0.525128	0.474872	0.000000	0.000000	0.000000	0.000000	0.000000	0.000000	0.000000
57	tsk_57	(x)	1	:	0.000000	0.000000	0.000000	0.000000	0.000000	0.522060	0.000000	0.000000	0.000000	0.477940	0.000000	0.000000
58	tsk_58	(x)	1	:	0.000000	0.000000	0.000000	0.000000	0.486614	0.000000	0.000000	0.000000	0.513297	0.000089	0.000000	0.000000
59	tsk_59	(x)	1	:	0.000000	0.000000	0.000000	1.000000	0.000000	0.000000	0.000000	0.000000	0.000000	0.000000	0.000000	0.000000
60	tsk_60	(x)	1	:	0.000000	0.000000	0.000000	0.000000	0.000000	0.000000	0.000000	0.000000	0.000000	1.000000	0.000000	0.000000
61	tsk_61	(x)	1	:	0.101806	0.000000	0.000000	0.000000	0.000000	0.000000	0.000000	0.000000	0.000000	0.500010	0.398183	0.000000
62	tsk_62	(x)	1	:	0.276621	0.000000	0.000000	0.000000	0.000000	0.000000	0.000000	0.000000	0.000000	0.500003	0.223376	0.000000
63	tsk_63	(x)	1	:	0.000000	0.000000	0.000000	0.000000	0.451148	0.000000	0.000000	0.548852	0.000000	0.000000	0.000000	0.000000
64	tsk_64	(x)	1	:	0.000000	0.000000	0.000000	0.000000	1.000000	0.000000	0.000000	0.000000	0.000000	0.000000	0.000000	0.000000
65	tsk_65	(x)	1	:	0.268487	0.000000	0.000000	0.000000	0.499159	0.000000	0.000000	0.000000	0.000000	0.000000	0.232354	0.000000
66	tsk_66	(x)	1	:	0.000000	0.000000	0.000000	0.000000	1.000000	0.000000	0.000000	0.000000	0.000000	0.000000	0.000000	0.000000
67	tsk_67	(x)	1	:	0.000000	0.000000	0.000000	0.000000	0.499159	0.000000	0.000000	0.000000	0.000000	0.000000	0.500841	0.000000
68	tsk_68	(x)	1	:	0.000000	0.000000	0.000000	0.000000	0.451148	0.000000	0.000000	0.548852	0.000000	0.000000	0.000000	0.000000
69	tsk_69	(x)	1	:	0.000000	0.000000	0.000000	0.000000	0.000000	0.000000	0.000000	1.000000	0.000000	0.000000	0.000000	0.000000
70	tsk_70	(x)	1	:	0.277212	0.000000	0.000000	0.000000	0.000000	0.000000	0.000000	0.000000	0.000000	0.000000	0.722788	0.000000
71	tsk_71	(x)	1	:	0.314745	0.000000	0.000000	0.464713	0.000000	0.000000	0.000000	0.000000	0.000000	0.000000	0.220541	0.000000
72	tsk_72	(x)	1	:	0.000000	0.000000	0.000000	0.000000	1.000000	0.000000	0.000000	0.000000	0.000000	0.000000	0.000000	0.000000
73	tsk_73	(x)	1	:	0.279868	0.000000	0.000000	0.000000	0.000000	0.000000	0.000000	0.000000	0.000000	0.000000	0.720132	0.000000
74	tsk_74	(x)	1	:	0.248010	0.000000	0.000000	0.000000	0.000000	0.000000	0.000000	0.000000	0.507829	0.000000	0.244161	0.000000
75	tsk_75	(x)	1	:	0.000000	0.000000	0.000000	0.000000	0.000000	0.000000	0.000000	0.000000	0.000000	0.000000	1.000000	0.000000
76	tsk_76	(x)	1	:	0.000000	0.000000	0.000000	0.000000	1.000000	0.000000	0.000000	0.000000	0.000000	0.000000	0.000000	0.000000
77	tsk_77	(x)	1	:	0.000000	0.000000	0.000000	0.000000	0.000000	0.000000	0.000000	0.000000	0.000000	1.000000	0.000000	0.000000
78	tsk_78	(x)	1	:	0.166732	0.000000	0.000000	0.000000	0.499159	0.000000	0.000000	0.000000	0.000000	0.000000	0.334109	0.000000
79	tsk_79	(x)	1	:	0.230386	0.000000	0.000000	0.000000	0.000000	0.000000	0.000000	0.000000	0.000000	0.000000	0.769614	0.000000
80	tsk_80	(x)	1	:	0.000000	0.000000	0.000000	0.549302	0.000000	0.000000	0.000000	0.000000	0.000000	0.450698	0.000000	0.000000
81	tsk_81	(x)	1	:	0.000000	0.000000	0.468565	0.531435	0.000000	0.000000	0.000000	0.000000	0.000000	0.000000	0.000000	0.000000
82	tsk_82	(x)	1	:	0.000000	0.000000	0.000000	1.000000	0.000000	0.000000	0.000000	0.000000	0.000000	0.000000	0.000000	0.000000
83	tsk_83	(x)	1	:	0.000000	0.000000	0.000000	0.000000	0.000000	0.469826	0.000000	0.000000	0.000000	0.530174	0.000000	0.000000
84	tsk_84	(x)	1	:	0.000000	0.000000	0.000000	0.539502	0.460498	0.000000	0.000000	0.000000	0.000000	0.000000	0.000000	0.000000
85	tsk_85	(x)	1	:	0.000000	0.000000	0.000000	0.549021	0.000000	0.000000	0.000000	0.000000	0.000000	0.450979	0.000000	0.000000
86	tsk_86	(x)	1	:	0.000000	0.000000	0.468565	0.531435	0.000000	0.000000	0.000000	0.000000	0.000000	0.000000	0.000000	0.000000
87	tsk_87	(x)	1	:	0.000000	0.000000	0.000000	1.000000	0.000000	0.000000	0.000000	0.000000	0.000000	0.000000	0.000000	0.000000
88	tsk_88	(x)	1	:	0.000000	0.000000	0.000000	0.000000	0.000000	0.000000	0.000000	0.000000	0.000000	1.000000	0.000000	0.000000
89	tsk_89	(x)	1	:	0.000000	0.000000	0.000000	1.000000	0.000000	0.000000	0.000000	0.000000	0.000000	0.000000	0.000000	0.000000
90	tsk_90	(x)	1	:	0.000000	0.000000	0.000000	0.000000	1.000000	0.000000	0.000000	0.000000	0.000000	0.000000	0.000000	0.000000
91	tsk_91	(x)	1	:	0.354224	0.000000	0.000000	0.464713	0.000000	0.000000	0.000000	0.000000	0.000000	0.000000	0.181063	0.000000
92	tsk_92	(x)	1	:	0.000000	0.000000	0.000000	0.000000	1.000000	0.000000	0.000000	0.000000	0.000000	0.000000	0.000000	0.000000
93	tsk_93	(x)	1	:	0.000000	0.000000	0.000000	0.000000	0.476476	0.523524	0.000000	0.000000	0.000000	0.000000	0.000000	0.000000
94	tsk_94	(x)	1	:	0.000000	0.000000	0.000000	0.000000	0.000000	0.000000	0.000000	0.000000	0.000000	1.000000	0.000000	0.000000
95	tsk_95	(x)	1	:	0.225458	0.000000	0.000000	0.000000	0.498268	0.000000	0.000000	0.000000	0.000000	0.001070	0.275205	0.000000
96	tsk_96	(x)	1	:	0.000000	0.000000	0.000000	0.000000	0.494950	0.000000	0.000000	0.000000	0.000000	0.505050	0.000000	0.000000
97	tsk_97	(x)	1	:	0.000000	0.000000	0.000000	0.000000	1.000000	0.000000	0.000000	0.000000	0.000000	0.000000	0.000000	0.000000
98	tsk_98	(x)	1	:	0.222989	0.000000	0.000000	0.000000	0.499159	0.000000	0.000000	0.000000	0.000000	0.000000	0.277853	0.000000
99	tsk_99	(x)	1	:	0.294433	0.000000	0.000000	0.000000	0.499159	0.000000	0.000000	0.000000	0.000000	0.000000	0.206408	0.000000
100	tsk_100	(x)	1	:	0.374996	0.000000	0.000000	0.000000	0.000000	0.000000	0.000000	0.000000	0.000000	0.000000	0.625004	0.000000
101	tsk_101	(x)	1	:	0.343850	0.000000	0.000000	0.000000	0.000000	0.000000	0.000000	0.000000	0.000000	0.500038	0.156112	0.000000
102	tsk_102	(x)	1	:	0.202003	0.000000	0.000000	0.000000	0.497970	0.000000	0.000000	0.000000	0.000000	0.001428	0.298599	0.000000
103	tsk_103	(x)	1	:	0.122098	0.000000	0.000000	0.000000	0.000000	0.469924	0.000000	0.000000	0.000000	0.030193	0.377785	0.000000
104	tsk_104	(x)	1	:	0.216360	0.000000	0.000000	0.000000	0.000000	0.000000	0.000000	0.000000	0.000000	0.500005	0.283634	0.000000
105	tsk_105	(x)	1	:	0.228854	0.000000	0.000000	0.000000	0.000000	0.000000	0.000000	0.000000	0.000000	0.500001	0.271145	0.000000
106	tsk_106	(x)	1	:	0.000000	0.000000	0.000000	0.000000	0.665087	0.000000	0.000000	0.000000	0.000000	0.334913	0.000000	0.000000
107	tsk_107	(x)	1	:	0.000000	0.000000	0.000000	0.453301	0.000000	0.000000	0.000000	0.000000	0.000000	0.546699	0.000000	0.000000
108	tsk_108	(x)	1	:	0.000000	0.000000	0.000000	0.000000	0.000000	0.469826	0.000000	0.000000	0.000000	0.530174	0.000000	0.000000
109	tsk_109	(x)	1	:	0.187591	0.000000	0.000000	0.000000	0.000000	0.000000	0.000000	0.000000	0.000000	0.000000	0.812408	0.000000
110	tsk_110	(x)	1	:	0.000000	0.000000	0.000000	0.000000	1.000000	0.000000	0.000000	0.000000	0.000000	0.000000	0.000000	0.000000
111	tsk_111	(x)	1	:	0.000000	0.000000	0.000000	0.453331	0.000000	0.000000	0.000000	0.000000	0.000000	0.546669	0.000000	0.000000
112	tsk_112	(x)	1	:	0.000000	0.000000	0.000000	0.000000	0.000000	0.000000	0.000000	0.000000	0.000000	1.000000	0.000000	0.000000
113	tsk_113	(x)	1	:	0.000000	0.000000	0.000000	0.453421	0.000000	0.000000	0.000000	0.000000	0.514714	0.031865	0.000000	0.000000
114	tsk_114	(x)	1	:	0.200244	0.000000	0.000000	0.000000	0.497960	0.000000	0.000000	0.000000	0.000000	0.001439	0.300356	0.000000
115	tsk_115	(x)	1	:	0.000000	0.000000	0.000000	0.000000	0.000000	0.000000	0.000000	0.566258	0.000000	0.433742	0.000000	0.000000
116	tsk_116	(x)	1	:	0.000000	0.000000	0.000000	0.500967	0.000000	0.000000	0.000000	0.499033	0.000000	0.000000	0.000000	0.000000
117	tsk_117	(x)	1	:	0.000000	0.000000	0.000000	0.000000	0.000000	0.000000	0.000000	0.000000	0.000000	1.000000	0.000000	0.000000
118	tsk_118	(x)	1	:	0.000000	0.000000	0.000000	0.453302	0.000000	0.000000	0.000000	0.000000	0.000000	0.546697	0.000000	0.000000
119	tsk_119	(x)	1	:	0.000000	0.000000	0.000000	0.000000	0.000000	0.000000	0.000000	0.566259	0.000000	0.433741	0.000000	0.000000
120	tsk_120	(x)	1	:	0.000000	0.000000	0.000000	0.000000	0.000000	0.503547	0.000000	0.496453	0.000000	0.000000	0.000000	0.000000
121	tsk_121	(x)	1	:	0.000000	0.000000	0.501269	0.000000	0.497492	0.000000	0.000000	0.000000	0.000000	0.001240	0.000000	0.000000
122	tsk_122	(x)	1	:	0.000000	0.530284	0.000000	0.000000	0.000000	0.000000	0.000000	0.000000	0.000000	0.469715	0.000000	0.000000
123	tsk_123	(x)	1	:	0.005843	0.477786	0.000000	0.000000	0.000000	0.000000	0.000000	0.000000	0.507816	0.000000	0.008555	0.000000
124	tsk_124	(x)	1	:	0.000000	0.000000	0.499995	0.000000	0.000000	0.469825	0.000000	0.000000	0.000000	0.030180	0.000000	0.000000
125	tsk_125	(x)	1	:	0.009203	0.477786	0.000000	0.000000	0.000000	0.000000	0.000000	0.000000	0.507816	0.000000	0.005195	0.000000
126	tsk_126	(x)	1	:	0.000000	1.000000	0.000000	0.000000	0.000000	0.000000	0.000000	0.000000	0.000000	0.000000	0.000000	0.000000
127	tsk_127	(x)	1	:	0.010069	0.477754	0.000000	0.000000	0.499157	0.000000	0.000000	0.000000	0.000000	0.000000	0.013020	0.000000
128	tsk_128	(x)	1	:	0.000000	0.000000	0.000000	0.000000	0.000000	0.469824	0.317627	0.000000	0.000000	0.212549	0.000000	0.000000
129	tsk_129	(x)	1	:	0.000000	0.000000	0.000000	0.000000	0.605834	0.000000	0.000000	0.000000	0.000000	0.000000	0.000000	0.394166
130	tsk_130	(x)	1	:	0.000000	0.000000	0.000000	0.000000	0.494929	0.000000	0.000000	0.000000	0.000000	0.505071	0.000000	0.000000
131	tsk_131	(x)	1	:	0.000000	0.000000	0.000000	0.000000	0.494945	0.000000	0.000000	0.000000	0.000000	0.505055	0.000000	0.000000
132	tsk_132	(x)	1	:	0.000000	0.000000	0.000000	0.000000	0.000000	0.000000	0.000000	0.423637	0.000000	0.576363	0.000000	0.000000
133	tsk_133	(x)	1	:	0.000000	0.000000	0.000000	0.000000	0.000000	0.000000	0.000000	0.434393	0.565607	0.000000	0.000000	0.000000
134	tsk_134	(x)	1	:	0.292763	0.000000	0.000000	0.000000	0.000000	0.000000	0.490592	0.000000	0.000000	0.000000	0.216645	0.000000
135	tsk_135	(x)	1	:	0.000000	0.000000	0.000000	0.549322	0.000000	0.000000	0.000000	0.423633	0.000000	0.027045	0.000000	0.000000
136	tsk_136	(x)	1	:	0.000000	0.000000	0.000000	0.000000	0.000000	0.000000	0.000000	0.434393	0.565607	0.000000	0.000000	0.000000
137	tsk_137	(x)	1	:	0.229069	0.000000	0.000000	0.000000	0.000000	0.000000	0.000000	0.000000	0.000000	0.500003	0.270928	0.000000
138	tsk_138	(x)	1	:	0.000000	0.000000	0.000000	0.000000	0.494949	0.000000	0.000000	0.000000	0.000000	0.505051	0.000000	0.000000
139	tsk_139	(x)	1	:	0.000000	0.000000	0.000000	0.000000	0.000000	0.000000	0.000000	0.000000	0.000000	1.000000	0.000000	0.000000
140	tsk_140	(x)	1	:	0.000000	0.000000	0.000000	0.000000	0.000000	0.522060	0.000000	0.000000	0.000000	0.477940	0.000000	0.000000
141	tsk_141	(x)	1	:	0.206476	0.000000	0.000000	0.000000	0.000000	0.000000	0.000000	0.000000	0.000000	0.000000	0.793524	0.000000
142	tsk_142	(x)	1	:	0.429277	0.000000	0.000000	0.464713	0.000000	0.000000	0.000000	0.000000	0.000000	0.000000	0.106010	0.000000
143	tsk_143	(x)	1	:	0.000000	0.000000	0.499985	0.000000	0.000000	0.000000	0.000000	0.423628	0.000000	0.076386	0.000000	0.000000
144	tsk_144	(x)	1	:	0.000000	0.000000	0.000000	0.000000	0.000000	0.000000	0.000000	0.566254	0.000000	0.433746	0.000000	0.000000
145	tsk_145	(x)	1	:	0.000000	0.000000	0.000000	0.000000	0.000000	1.000000	0.000000	0.000000	0.000000	0.000000	0.000000	0.000000
146	tsk_146	(x)	1	:	0.217410	0.000000	0.000000	0.000000	0.000000	0.000000	0.000000	0.000000	0.000000	0.500000	0.282590	0.000000
147	tsk_147	(x)	1	:	0.162528	0.000000	0.000000	0.000000	0.000000	0.000000	0.000000	0.000000	0.000000	0.500004	0.337468	0.000000
148	tsk_148	(x)	1	:	0.000000	0.000000	0.000000	0.453268	0.000000	0.000000	0.000000	0.000000	0.000000	0.546732	0.000000	0.000000
149	tsk_149	(x)	1	:	0.217370	0.000000	0.000000	0.000000	0.000000	0.000000	0.000000	0.000000	0.000000	0.500005	0.282625	0.000000
