logL = -1267.490077 (converged)
AIC = 5274.980154
BIC = 9399.550507

count.K
11 5 12 28 9 19 12 54 

