logL = -1344.399539 (converged)
AIC = 3160.799078
BIC = 3871.309008

count.K
138 12 

