logL = -1665.309163 (converged)
AIC = 7562.618327
BIC = 13933.122609

count.K
13 0 1 6 0 30 32 15 2 3 48 

