logL = -992.183959 (converged)
AIC = 6598.367918
BIC = 13543.903542

count.K
7 3 24 8 7 6 10 18 25 11 0 20 11 

