logL = -1043.403898 (converged)
AIC = 4698.807797
BIC = 8630.697491

count.K
18 12 37 9 17 27 27 3 

