logL = -1293.041374 (converged)
AIC = 4126.082748
BIC = 6444.271924

count.K
4 18 73 41 14 

