0	tsk_0	(x)	1	:	0.000000	0.000000	0.478908	0.000000	0.000000	0.000000	0.000000	0.070840	0.450246	0.000000	0.000006	0.000000
1	tsk_1	(x)	1	:	0.000000	0.000000	1.000000	0.000000	0.000000	0.000000	0.000000	0.000000	0.000000	0.000000	0.000000	0.000000
2	tsk_2	(x)	1	:	0.000000	0.000000	0.350823	0.649177	0.000000	0.000000	0.000000	0.000000	0.000000	0.000000	0.000000	0.000000
3	tsk_3	(x)	1	:	0.000000	0.000000	0.000000	0.513672	0.000000	0.000000	0.000000	0.036834	0.449494	0.000000	0.000000	0.000000
4	tsk_4	(x)	1	:	0.000000	0.000000	0.000000	0.000000	0.000000	0.000000	0.000000	0.999858	0.000000	0.000000	0.000141	0.000000
5	tsk_5	(x)	1	:	0.000000	0.000000	0.478948	0.000000	0.000000	0.000000	0.000000	0.520987	0.000000	0.000000	0.000065	0.000000
6	tsk_6	(x)	1	:	0.000000	0.145325	0.000000	0.466688	0.000000	0.000000	0.000000	0.000000	0.387987	0.000000	0.000000	0.000000
7	tsk_7	(x)	1	:	0.000000	0.000000	0.000000	0.513952	0.000000	0.000000	0.000000	0.486013	0.000000	0.000000	0.000034	0.000000
8	tsk_8	(x)	1	:	0.000000	0.000000	0.478947	0.000000	0.000000	0.000000	0.000000	0.520996	0.000000	0.000000	0.000057	0.000000
9	tsk_9	(x)	1	:	0.000000	0.000000	0.000000	0.000000	0.000000	0.000000	0.000000	0.000000	1.000000	0.000000	0.000000	0.000000
10	tsk_10	(x)	1	:	0.000000	0.000000	0.000000	0.000000	0.000000	0.000000	0.000000	1.000000	0.000000	0.000000	0.000000	0.000000
11	tsk_11	(x)	1	:	0.000000	0.000000	0.000000	0.000000	0.000000	0.000000	0.000000	0.503922	0.000000	0.496026	0.000052	0.000000
12	tsk_12	(x)	1	:	0.000000	0.000000	0.000000	0.000000	0.000000	0.000000	0.000000	0.503596	0.000000	0.496358	0.000046	0.000000
13	tsk_13	(x)	1	:	0.000000	0.000000	0.000000	0.549192	0.000000	0.000000	0.000000	0.450768	0.000000	0.000000	0.000040	0.000000
14	tsk_14	(x)	1	:	0.000000	0.000000	0.000000	0.000000	0.000000	0.000000	0.000000	0.999862	0.000000	0.000000	0.000138	0.000000
15	tsk_15	(x)	1	:	0.000000	0.000000	0.000000	0.000000	0.000000	0.000000	0.000000	0.999850	0.000000	0.000000	0.000150	0.000000
16	tsk_16	(x)	1	:	0.000000	0.000000	0.000000	0.000000	0.000000	0.000000	0.000000	0.999923	0.000000	0.000000	0.000077	0.000000
17	tsk_17	(x)	1	:	0.000000	0.000000	0.000000	0.000000	0.000000	0.000000	0.000000	0.999843	0.000000	0.000000	0.000157	0.000000
18	tsk_18	(x)	1	:	0.000000	0.000000	0.000000	0.000000	0.000000	0.000000	0.000000	0.999845	0.000000	0.000000	0.000155	0.000000
19	tsk_19	(x)	1	:	0.000000	0.000000	0.000000	0.000000	0.487674	0.000000	0.000000	0.512326	0.000000	0.000000	0.000000	0.000000
20	tsk_20	(x)	1	:	0.000000	0.000000	0.521766	0.000000	0.000000	0.000000	0.000000	0.000006	0.000000	0.478228	0.000000	0.000000
21	tsk_21	(x)	1	:	0.000000	0.000000	0.000000	0.000000	0.000000	0.000000	0.000000	0.126769	0.000000	0.873231	0.000000	0.000000
22	tsk_22	(x)	1	:	0.000000	0.000000	0.478949	0.000000	0.000000	0.000000	0.000000	0.520986	0.000000	0.000000	0.000065	0.000000
23	tsk_23	(x)	1	:	0.000000	0.000000	0.000000	0.000000	0.000000	0.000000	0.000000	0.999982	0.000000	0.000000	0.000018	0.000000
24	tsk_24	(x)	1	:	0.158093	0.000000	0.523248	0.000000	0.000000	0.000000	0.318660	0.000000	0.000000	0.000000	0.000000	0.000000
25	tsk_25	(x)	1	:	0.000000	0.000000	0.000000	0.000000	0.000000	0.000000	0.000000	0.000000	0.000000	1.000000	0.000000	0.000000
26	tsk_26	(x)	1	:	0.000000	0.000000	0.000000	0.000000	0.000000	0.000000	0.000000	0.049906	0.451099	0.498994	0.000000	0.000000
27	tsk_27	(x)	1	:	1.000000	0.000000	0.000000	0.000000	0.000000	0.000000	0.000000	0.000000	0.000000	0.000000	0.000000	0.000000
28	tsk_28	(x)	1	:	0.000000	0.000000	0.000000	0.000000	0.000000	0.000000	0.492593	0.001557	0.000000	0.505850	0.000000	0.000000
29	tsk_29	(x)	1	:	0.500000	0.000000	0.000000	0.000000	0.000000	0.000000	0.000000	0.500000	0.000000	0.000000	0.000000	0.000000
30	tsk_30	(x)	1	:	0.000000	0.000000	0.000000	0.465541	0.000000	0.000000	0.000000	0.534459	0.000000	0.000000	0.000000	0.000000
31	tsk_31	(x)	1	:	0.000000	0.000000	0.724999	0.275001	0.000000	0.000000	0.000000	0.000000	0.000000	0.000000	0.000000	0.000000
32	tsk_32	(x)	1	:	0.000000	0.000000	0.000000	0.000000	0.000000	0.000000	0.000000	0.000000	1.000000	0.000000	0.000000	0.000000
33	tsk_33	(x)	1	:	0.000000	0.000000	0.000000	0.000000	0.000000	0.000000	0.000000	0.000000	1.000000	0.000000	0.000000	0.000000
34	tsk_34	(x)	1	:	0.499817	0.000000	0.000000	0.000000	0.000000	0.000000	0.000000	0.050338	0.449845	0.000000	0.000000	0.000000
35	tsk_35	(x)	1	:	0.500000	0.000000	0.000000	0.000000	0.000000	0.000000	0.000000	0.500000	0.000000	0.000000	0.000000	0.000000
36	tsk_36	(x)	1	:	0.000000	0.000000	0.000000	0.000000	0.000000	0.000000	0.000000	0.549654	0.450288	0.000000	0.000057	0.000000
37	tsk_37	(x)	1	:	0.481751	0.000000	0.000000	0.000000	0.000000	0.000000	0.000000	0.000000	0.518249	0.000000	0.000000	0.000000
38	tsk_38	(x)	1	:	0.000000	0.000000	0.000000	0.000000	0.000000	0.000000	0.000000	0.549830	0.450113	0.000000	0.000057	0.000000
39	tsk_39	(x)	1	:	0.500000	0.000000	0.000000	0.000000	0.000000	0.000000	0.000000	0.500000	0.000000	0.000000	0.000000	0.000000
40	tsk_40	(x)	1	:	1.000000	0.000000	0.000000	0.000000	0.000000	0.000000	0.000000	0.000000	0.000000	0.000000	0.000000	0.000000
41	tsk_41	(x)	1	:	0.000000	0.000000	0.000000	1.000000	0.000000	0.000000	0.000000	0.000000	0.000000	0.000000	0.000000	0.000000
42	tsk_42	(x)	1	:	0.500000	0.000000	0.000000	0.000000	0.000000	0.000000	0.000000	0.500000	0.000000	0.000000	0.000000	0.000000
43	tsk_43	(x)	1	:	0.488190	0.000000	0.000000	0.511810	0.000000	0.000000	0.000000	0.000000	0.000000	0.000000	0.000000	0.000000
44	tsk_44	(x)	1	:	0.000000	0.250948	0.000000	0.479092	0.000000	0.000000	0.000000	0.269961	0.000000	0.000000	0.000000	0.000000
45	tsk_45	(x)	1	:	0.500000	0.000000	0.000000	0.000000	0.000000	0.000000	0.000000	0.500000	0.000000	0.000000	0.000000	0.000000
46	tsk_46	(x)	1	:	0.000000	0.000000	0.000000	0.000000	0.000000	0.000000	0.000000	0.782111	0.217837	0.000000	0.000052	0.000000
47	tsk_47	(x)	1	:	0.000000	0.250948	0.000000	0.479092	0.000000	0.000000	0.000000	0.269960	0.000000	0.000000	0.000000	0.000000
48	tsk_48	(x)	1	:	0.000000	0.000000	0.000000	1.000000	0.000000	0.000000	0.000000	0.000000	0.000000	0.000000	0.000000	0.000000
49	tsk_49	(x)	1	:	0.500000	0.000000	0.000000	0.000000	0.000000	0.000000	0.000000	0.500000	0.000000	0.000000	0.000000	0.000000
50	tsk_50	(x)	1	:	0.000000	0.000000	0.000000	0.513897	0.000000	0.000000	0.000000	0.299259	0.186813	0.000000	0.000031	0.000000
51	tsk_51	(x)	1	:	0.500000	0.000000	0.000000	0.000000	0.000000	0.000000	0.000000	0.500000	0.000000	0.000000	0.000000	0.000000
52	tsk_52	(x)	1	:	1.000000	0.000000	0.000000	0.000000	0.000000	0.000000	0.000000	0.000000	0.000000	0.000000	0.000000	0.000000
53	tsk_53	(x)	1	:	1.000000	0.000000	0.000000	0.000000	0.000000	0.000000	0.000000	0.000000	0.000000	0.000000	0.000000	0.000000
54	tsk_54	(x)	1	:	0.499999	0.000000	0.000000	0.000000	0.000000	0.000000	0.000000	0.500000	0.000000	0.000000	0.000000	0.000000
55	tsk_55	(x)	1	:	1.000000	0.000000	0.000000	0.000000	0.000000	0.000000	0.000000	0.000000	0.000000	0.000000	0.000000	0.000000
56	tsk_56	(x)	1	:	1.000000	0.000000	0.000000	0.000000	0.000000	0.000000	0.000000	0.000000	0.000000	0.000000	0.000000	0.000000
57	tsk_57	(x)	1	:	0.521051	0.000000	0.478949	0.000000	0.000000	0.000000	0.000000	0.000000	0.000000	0.000000	0.000000	0.000000
58	tsk_58	(x)	1	:	0.500001	0.000000	0.000000	0.000000	0.000000	0.000000	0.000000	0.499979	0.000000	0.000000	0.000020	0.000000
59	tsk_59	(x)	1	:	0.486048	0.000000	0.000000	0.513952	0.000000	0.000000	0.000000	0.000000	0.000000	0.000000	0.000000	0.000000
60	tsk_60	(x)	1	:	0.000804	0.000000	0.000000	0.000000	0.000000	0.000000	0.000000	0.499968	0.000000	0.000000	0.000000	0.499228
61	tsk_61	(x)	1	:	0.000000	0.000000	0.000000	0.000000	0.000000	0.000000	0.000000	0.000000	0.000000	0.000000	0.000000	1.000000
62	tsk_62	(x)	1	:	0.000000	0.000000	0.000000	0.465743	0.534257	0.000000	0.000000	0.000000	0.000000	0.000000	0.000000	0.000000
63	tsk_63	(x)	1	:	0.000000	0.000000	0.000000	0.465543	0.000000	0.000000	0.000000	0.534386	0.000000	0.000000	0.000070	0.000000
64	tsk_64	(x)	1	:	0.000000	0.000000	0.000000	0.465540	0.000000	0.000000	0.000000	0.534459	0.000000	0.000000	0.000000	0.000000
65	tsk_65	(x)	1	:	0.000000	0.000000	0.000000	0.465543	0.000000	0.000000	0.000000	0.534390	0.000000	0.000000	0.000067	0.000000
66	tsk_66	(x)	1	:	0.006604	0.000000	0.000000	0.000000	0.492763	0.000000	0.000000	0.000000	0.000000	0.000000	0.000000	0.500633
67	tsk_67	(x)	1	:	0.000000	0.000000	0.000000	1.000000	0.000000	0.000000	0.000000	0.000000	0.000000	0.000000	0.000000	0.000000
68	tsk_68	(x)	1	:	0.000000	0.000000	0.000000	0.465543	0.000000	0.000000	0.000000	0.534389	0.000000	0.000000	0.000068	0.000000
69	tsk_69	(x)	1	:	0.507363	0.000000	0.000000	0.000000	0.492637	0.000000	0.000000	0.000000	0.000000	0.000000	0.000000	0.000000
70	tsk_70	(x)	1	:	0.000000	0.000000	0.000000	0.000000	0.000000	1.000000	0.000000	0.000000	0.000000	0.000000	0.000000	0.000000
71	tsk_71	(x)	1	:	0.000000	0.000000	0.478887	0.000000	0.000000	0.499850	0.000000	0.021263	0.000000	0.000000	0.000000	0.000000
72	tsk_72	(x)	1	:	0.000000	0.000000	0.523249	0.000000	0.000000	0.000000	0.000000	0.476710	0.000000	0.000000	0.000041	0.000000
73	tsk_73	(x)	1	:	0.000000	0.000000	0.478896	0.000000	0.000000	0.499870	0.000000	0.021233	0.000000	0.000000	0.000000	0.000000
74	tsk_74	(x)	1	:	0.000000	0.000000	0.000000	0.000000	0.000000	1.000000	0.000000	0.000000	0.000000	0.000000	0.000000	0.000000
75	tsk_75	(x)	1	:	0.000000	0.000000	0.516629	0.000000	0.000000	0.483371	0.000000	0.000000	0.000000	0.000000	0.000000	0.000000
76	tsk_76	(x)	1	:	0.000000	0.000000	0.516629	0.000000	0.000000	0.483371	0.000000	0.000000	0.000000	0.000000	0.000000	0.000000
77	tsk_77	(x)	1	:	0.000000	0.000000	0.478948	0.000000	0.000000	0.000000	0.000000	0.520987	0.000000	0.000000	0.000065	0.000000
78	tsk_78	(x)	1	:	0.000000	0.000000	0.000000	0.000000	0.000000	1.000000	0.000000	0.000000	0.000000	0.000000	0.000000	0.000000
79	tsk_79	(x)	1	:	0.000000	0.000000	0.516629	0.000000	0.000000	0.483371	0.000000	0.000000	0.000000	0.000000	0.000000	0.000000
80	tsk_80	(x)	1	:	0.000000	0.000000	1.000000	0.000000	0.000000	0.000000	0.000000	0.000000	0.000000	0.000000	0.000000	0.000000
81	tsk_81	(x)	1	:	0.000000	0.000000	0.000000	0.000000	0.000000	0.000000	0.000000	0.082419	0.000000	0.917581	0.000000	0.000000
82	tsk_82	(x)	1	:	0.486048	0.000000	0.000000	0.513952	0.000000	0.000000	0.000000	0.000000	0.000000	0.000000	0.000000	0.000000
83	tsk_83	(x)	1	:	0.000000	0.000000	0.000000	0.000000	0.000000	0.502304	0.000000	0.019306	0.000000	0.478389	0.000000	0.000000
84	tsk_84	(x)	1	:	0.000000	0.000000	0.000000	0.000000	0.000000	0.000000	0.000000	0.084195	0.450808	0.464998	0.000000	0.000000
85	tsk_85	(x)	1	:	0.501105	0.000000	0.000000	0.000000	0.000000	0.000000	0.000000	0.025235	0.000000	0.473660	0.000000	0.000000
86	tsk_86	(x)	1	:	0.000000	0.000000	0.479156	0.000000	0.000000	0.000000	0.000000	0.055025	0.000000	0.465819	0.000000	0.000000
87	tsk_87	(x)	1	:	0.000000	0.000000	0.523811	0.000000	0.000000	0.000000	0.000000	0.002249	0.000000	0.473939	0.000000	0.000000
88	tsk_88	(x)	1	:	0.000000	0.000000	0.000000	0.000000	0.000000	0.000000	0.000000	0.092408	0.000000	0.907592	0.000000	0.000000
89	tsk_89	(x)	1	:	0.503592	0.000000	0.000000	0.000000	0.000000	0.000000	0.000000	0.000000	0.000000	0.496408	0.000000	0.000000
90	tsk_90	(x)	1	:	0.000000	0.000000	0.000000	0.000000	0.000000	0.000000	0.000000	0.000000	0.000000	0.000000	1.000000	0.000000
91	tsk_91	(x)	1	:	0.000000	0.000000	0.000000	0.000000	0.000000	0.000000	0.000000	0.999922	0.000000	0.000000	0.000078	0.000000
92	tsk_92	(x)	1	:	0.000000	0.000000	0.000000	0.000000	0.000000	0.000000	0.000000	0.999957	0.000000	0.000000	0.000043	0.000000
93	tsk_93	(x)	1	:	0.000000	0.000000	0.000000	0.000000	0.545971	0.000000	0.454028	0.000000	0.000000	0.000000	0.000000	0.000000
94	tsk_94	(x)	1	:	0.000000	0.000000	0.000000	0.000000	0.000000	0.000000	0.000000	0.814369	0.185631	0.000000	0.000000	0.000000
95	tsk_95	(x)	1	:	0.000761	0.000000	0.000000	0.000000	0.000000	0.000000	0.491432	0.040895	0.000000	0.466912	0.000000	0.000000
96	tsk_96	(x)	1	:	0.000000	0.000000	0.000000	0.000000	0.000000	0.000000	0.000000	0.999976	0.000000	0.000000	0.000024	0.000000
97	tsk_97	(x)	1	:	0.000000	0.000000	0.000000	0.465543	0.000000	0.000000	0.000000	0.534391	0.000000	0.000000	0.000066	0.000000
98	tsk_98	(x)	1	:	0.000000	0.000000	0.000000	0.442477	0.000000	0.000000	0.557523	0.000000	0.000000	0.000000	0.000000	0.000000
99	tsk_99	(x)	1	:	0.000000	0.000000	0.000000	0.000000	0.000000	0.000000	0.491764	0.508236	0.000000	0.000000	0.000000	0.000000
100	tsk_100	(x)	1	:	0.002319	0.000000	0.000000	0.000000	0.000000	0.000000	0.000000	0.499691	0.000000	0.000000	0.000000	0.497990
101	tsk_101	(x)	1	:	0.000000	0.556992	0.000000	0.443008	0.000000	0.000000	0.000000	0.000000	0.000000	0.000000	0.000000	0.000000
102	tsk_102	(x)	1	:	1.000000	0.000000	0.000000	0.000000	0.000000	0.000000	0.000000	0.000000	0.000000	0.000000	0.000000	0.000000
103	tsk_103	(x)	1	:	0.000000	0.250948	0.000000	0.479092	0.000000	0.000000	0.000000	0.269960	0.000000	0.000000	0.000000	0.000000
104	tsk_104	(x)	1	:	0.500000	0.000000	0.000000	0.000000	0.000000	0.000000	0.000000	0.500000	0.000000	0.000000	0.000000	0.000000
105	tsk_105	(x)	1	:	0.001671	0.000000	0.000000	0.000000	0.000000	0.000000	0.000000	0.499806	0.000000	0.000000	0.000000	0.498523
106	tsk_106	(x)	1	:	0.000000	0.000000	0.478941	0.000000	0.000000	0.000000	0.000000	0.521059	0.000000	0.000000	0.000000	0.000000
107	tsk_107	(x)	1	:	0.509840	0.490160	0.000000	0.000000	0.000000	0.000000	0.000000	0.000000	0.000000	0.000000	0.000000	0.000000
108	tsk_108	(x)	1	:	0.500000	0.000000	0.000000	0.000000	0.000000	0.000000	0.000000	0.000000	0.000000	0.000000	0.000000	0.500000
109	tsk_109	(x)	1	:	0.000897	0.000000	0.000000	0.000000	0.000000	0.000000	0.000000	0.499928	0.000000	0.000000	0.000000	0.499175
110	tsk_110	(x)	1	:	0.000000	0.000000	0.000000	0.000000	0.000000	0.000000	0.000000	0.670887	0.329022	0.000000	0.000090	0.000000
111	tsk_111	(x)	1	:	0.500000	0.000000	0.000000	0.000000	0.000000	0.000000	0.000000	0.500000	0.000000	0.000000	0.000000	0.000000
112	tsk_112	(x)	1	:	0.507363	0.000000	0.000000	0.000000	0.492637	0.000000	0.000000	0.000000	0.000000	0.000000	0.000000	0.000000
113	tsk_113	(x)	1	:	0.500000	0.000000	0.000000	0.000000	0.000000	0.000000	0.000000	0.500000	0.000000	0.000000	0.000000	0.000000
114	tsk_114	(x)	1	:	0.000000	0.000000	0.478949	0.000000	0.000000	0.000000	0.000000	0.521019	0.000000	0.000000	0.000031	0.000000
115	tsk_115	(x)	1	:	0.000000	0.000000	0.478948	0.000000	0.000000	0.000000	0.000000	0.520986	0.000000	0.000000	0.000066	0.000000
116	tsk_116	(x)	1	:	0.000000	0.000000	0.000000	0.000000	0.000000	0.000000	0.000000	0.999876	0.000000	0.000000	0.000124	0.000000
117	tsk_117	(x)	1	:	0.000000	0.000000	0.478949	0.000000	0.000000	0.000000	0.000000	0.520988	0.000000	0.000000	0.000062	0.000000
118	tsk_118	(x)	1	:	0.500001	0.000000	0.000000	0.000000	0.000000	0.000000	0.000000	0.499987	0.000000	0.000000	0.000012	0.000000
119	tsk_119	(x)	1	:	0.000000	0.000000	0.000000	0.000000	0.000000	0.000000	0.000000	0.347424	0.186715	0.465860	0.000000	0.000000
120	tsk_120	(x)	1	:	1.000000	0.000000	0.000000	0.000000	0.000000	0.000000	0.000000	0.000000	0.000000	0.000000	0.000000	0.000000
121	tsk_121	(x)	1	:	0.521051	0.000000	0.478949	0.000000	0.000000	0.000000	0.000000	0.000000	0.000000	0.000000	0.000000	0.000000
122	tsk_122	(x)	1	:	0.500000	0.000000	0.000000	0.000000	0.000000	0.000000	0.000000	0.500000	0.000000	0.000000	0.000000	0.000000
123	tsk_123	(x)	1	:	0.521051	0.000000	0.478949	0.000000	0.000000	0.000000	0.000000	0.000000	0.000000	0.000000	0.000000	0.000000
124	tsk_124	(x)	1	:	0.500000	0.000000	0.000000	0.000000	0.000000	0.000000	0.000000	0.500000	0.000000	0.000000	0.000000	0.000000
125	tsk_125	(x)	1	:	0.000000	0.000000	0.478945	0.000000	0.000000	0.000000	0.000000	0.521030	0.000000	0.000000	0.000025	0.000000
126	tsk_126	(x)	1	:	0.500003	0.000000	0.000000	0.000000	0.000000	0.000000	0.000000	0.499933	0.000000	0.000000	0.000064	0.000000
127	tsk_127	(x)	1	:	0.000000	0.000000	0.000000	0.000000	0.000000	0.000000	0.000000	1.000000	0.000000	0.000000	0.000000	0.000000
128	tsk_128	(x)	1	:	0.000000	0.000000	0.478950	0.000000	0.000000	0.000000	0.000000	0.521011	0.000000	0.000000	0.000039	0.000000
129	tsk_129	(x)	1	:	0.000000	0.000000	0.000000	0.000000	0.000000	0.000000	0.000000	0.999875	0.000000	0.000000	0.000125	0.000000
130	tsk_130	(x)	1	:	0.000000	0.000000	1.000000	0.000000	0.000000	0.000000	0.000000	0.000000	0.000000	0.000000	0.000000	0.000000
131	tsk_131	(x)	1	:	0.476750	0.000000	0.523250	0.000000	0.000000	0.000000	0.000000	0.000000	0.000000	0.000000	0.000000	0.000000
132	tsk_132	(x)	1	:	0.500003	0.000000	0.000000	0.000000	0.000000	0.000000	0.000000	0.499937	0.000000	0.000000	0.000060	0.000000
133	tsk_133	(x)	1	:	0.000000	0.000000	0.000000	0.000000	0.000000	0.000000	0.000000	0.999944	0.000000	0.000000	0.000056	0.000000
134	tsk_134	(x)	1	:	0.000000	0.000000	0.000000	0.000000	0.000000	0.000000	0.000000	0.549700	0.450230	0.000000	0.000070	0.000000
135	tsk_135	(x)	1	:	0.000000	0.000000	0.546238	0.453762	0.000000	0.000000	0.000000	0.000000	0.000000	0.000000	0.000000	0.000000
136	tsk_136	(x)	1	:	0.000000	0.000000	0.000000	0.000000	0.000000	0.499896	0.000000	0.500054	0.000000	0.000000	0.000049	0.000000
137	tsk_137	(x)	1	:	0.000000	0.000000	0.523249	0.000000	0.000000	0.000000	0.000000	0.476704	0.000000	0.000000	0.000047	0.000000
138	tsk_138	(x)	1	:	0.476750	0.000000	0.523250	0.000000	0.000000	0.000000	0.000000	0.000000	0.000000	0.000000	0.000000	0.000000
139	tsk_139	(x)	1	:	0.000000	0.000000	0.523248	0.000000	0.000000	0.000000	0.000000	0.476697	0.000000	0.000000	0.000055	0.000000
140	tsk_140	(x)	1	:	0.000000	0.000000	0.000000	0.000000	0.000000	0.000000	0.000000	0.999876	0.000000	0.000000	0.000124	0.000000
141	tsk_141	(x)	1	:	0.000000	0.000000	0.000000	0.000000	0.000000	0.000000	0.000000	1.000000	0.000000	0.000000	0.000000	0.000000
142	tsk_142	(x)	1	:	0.000000	0.000000	0.478944	0.000000	0.000000	0.000000	0.000000	0.521041	0.000000	0.000000	0.000014	0.000000
143	tsk_143	(x)	1	:	0.000000	0.000000	0.523249	0.000000	0.000000	0.000000	0.000000	0.476708	0.000000	0.000000	0.000042	0.000000
144	tsk_144	(x)	1	:	0.000000	0.000000	0.000000	1.000000	0.000000	0.000000	0.000000	0.000000	0.000000	0.000000	0.000000	0.000000
145	tsk_145	(x)	1	:	0.000000	0.000000	0.000000	0.513954	0.000000	0.000000	0.000000	0.485987	0.000000	0.000000	0.000059	0.000000
146	tsk_146	(x)	1	:	0.000000	0.000000	0.000000	0.000000	0.000000	0.000000	0.000000	0.999841	0.000000	0.000000	0.000159	0.000000
147	tsk_147	(x)	1	:	0.000000	0.000000	0.430495	0.569505	0.000000	0.000000	0.000000	0.000000	0.000000	0.000000	0.000000	0.000000
148	tsk_148	(x)	1	:	0.000000	0.000000	0.000000	0.000000	0.000000	0.000000	0.000000	1.000000	0.000000	0.000000	0.000000	0.000000
149	tsk_149	(x)	1	:	0.000000	0.000000	0.000000	0.000000	0.000000	0.000000	0.000000	0.813012	0.186878	0.000000	0.000110	0.000000
