logL = -1090.697025 (converged)
AIC = 4065.394049
BIC = 6901.412496

count.K
18 34 46 14 7 31 

