logL = -1735.415066 (converged)
AIC = 3930.830132
BIC = 4623.276250

count.K
45 105 

