logL = -967.285162 (converged)
AIC = 7004.570323
BIC = 14636.530794

count.K
7 1 23 1 7 11 5 26 24 2 4 0 12 26 1 

