logL = -2649.411027 (converged)
AIC = 5786.822054
BIC = 6521.417066

count.K
107 43 

