logL = -2056.478749 (converged)
AIC = 6822.957497
BIC = 10902.368321

count.K
22 25 24 17 10 15 37 

