logL = -755.265120 (converged)
AIC = 6446.530240
BIC = 13876.778146

count.K
21 14 21 14 9 22 2 2 3 20 8 9 3 2 

