logL = -952.569959 (converged)
AIC = 4181.139917
BIC = 7607.242882

count.K
8 16 49 12 18 28 19 

