logL = -894.175693 (converged)
AIC = 4384.351385
BIC = 8292.155997

count.K
27 57 8 7 19 27 2 3 

