logL = -1759.946238 (converged)
AIC = 5691.892475
BIC = 8961.442404

count.K
53 47 13 19 6 12 

