logL = -1860.800510 (converged)
AIC = 4169.601021
BIC = 4843.983326

count.K
67 83 

