logL = -767.074052 (converged)
AIC = 4420.148105
BIC = 8764.494834

count.K
29 14 3 14 26 7 19 28 10 

