logL = -728.657707 (converged)
AIC = 6767.315414
BIC = 14760.552120

count.K
12 4 4 5 27 5 9 3 11 5 4 30 6 15 10 

