0	tsk_0	(x)	1	:	0.000000	0.000000	0.000000	1.000000	0.000000	0.000000	0.000000	0.000000	0.000000	0.000000	0.000000
1	tsk_1	(x)	1	:	0.000000	0.000000	0.000000	0.500000	0.000000	0.000000	0.000000	0.000000	0.000000	0.000000	0.500000
2	tsk_2	(x)	1	:	0.000000	0.000000	0.501109	0.000000	0.000000	0.000000	0.000000	0.000000	0.000000	0.498891	0.000000
3	tsk_3	(x)	1	:	1.000000	0.000000	0.000000	0.000000	0.000000	0.000000	0.000000	0.000000	0.000000	0.000000	0.000000
4	tsk_4	(x)	1	:	0.000000	0.000000	0.000000	0.498807	0.000000	0.000000	0.000000	0.486226	0.000000	0.000000	0.014967
5	tsk_5	(x)	1	:	0.000000	0.000000	0.000000	1.000000	0.000000	0.000000	0.000000	0.000000	0.000000	0.000000	0.000000
6	tsk_6	(x)	1	:	0.422477	0.000000	0.076970	0.000000	0.000000	0.000000	0.000000	0.000000	0.497078	0.000000	0.003475
7	tsk_7	(x)	1	:	0.000000	0.000000	0.501109	0.000000	0.000000	0.000000	0.000000	0.000000	0.000000	0.498891	0.000000
8	tsk_8	(x)	1	:	0.000000	0.000000	0.498813	0.495817	0.000000	0.000000	0.000000	0.000000	0.000000	0.000000	0.005369
9	tsk_9	(x)	1	:	0.000000	0.000000	0.000000	1.000000	0.000000	0.000000	0.000000	0.000000	0.000000	0.000000	0.000000
10	tsk_10	(x)	1	:	0.000000	0.000000	0.499406	0.000000	0.000000	0.000000	0.000000	0.000000	0.000000	0.000000	0.500594
11	tsk_11	(x)	1	:	0.000000	0.502008	0.000000	0.000000	0.000000	0.000000	0.000000	0.000000	0.250000	0.000000	0.247991
12	tsk_12	(x)	1	:	0.000000	0.502008	0.000000	0.000000	0.000000	0.000000	0.000000	0.000000	0.000000	0.000000	0.497992
13	tsk_13	(x)	1	:	0.424856	0.000000	0.115100	0.000000	0.000000	0.000000	0.000000	0.460044	0.000000	0.000000	0.000000
14	tsk_14	(x)	1	:	0.000000	0.000000	0.000000	0.000000	0.520177	0.000000	0.000000	0.000000	0.000000	0.000000	0.479823
15	tsk_15	(x)	1	:	0.000000	0.000000	0.000000	0.000000	0.524821	0.000000	0.000000	0.475179	0.000000	0.000000	0.000000
16	tsk_16	(x)	1	:	0.000000	0.000000	0.000000	0.000000	0.000000	0.000000	0.000000	0.000000	0.000000	0.000000	1.000000
17	tsk_17	(x)	1	:	0.000000	0.000000	0.000000	0.000000	0.520177	0.000000	0.000000	0.000000	0.250000	0.000000	0.229823
18	tsk_18	(x)	1	:	0.000000	0.000000	0.000000	0.000000	0.520177	0.000000	0.000000	0.000000	0.000000	0.000000	0.479823
19	tsk_19	(x)	1	:	0.000000	0.493008	0.000000	0.000000	0.506992	0.000000	0.000000	0.000000	0.000000	0.000000	0.000000
20	tsk_20	(x)	1	:	0.422629	0.000000	0.078869	0.000000	0.000000	0.000000	0.000000	0.000000	0.000000	0.498502	0.000000
21	tsk_21	(x)	1	:	0.422470	0.000000	0.077398	0.000000	0.000000	0.000000	0.000000	0.000000	0.000000	0.000000	0.500131
22	tsk_22	(x)	1	:	0.000000	0.000000	0.000000	0.484237	0.515399	0.000000	0.000000	0.000000	0.000000	0.000000	0.000364
23	tsk_23	(x)	1	:	0.000000	0.000000	0.000000	0.000000	0.520177	0.000000	0.000000	0.000000	0.250000	0.000000	0.229823
24	tsk_24	(x)	1	:	0.000000	0.000000	0.499406	0.000000	0.000000	0.000000	0.000000	0.000000	0.000000	0.000000	0.500594
25	tsk_25	(x)	1	:	0.000000	0.000000	0.499005	0.000000	0.000000	0.000000	0.000000	0.000000	0.497178	0.000000	0.003817
26	tsk_26	(x)	1	:	0.000000	0.000000	1.000000	0.000000	0.000000	0.000000	0.000000	0.000000	0.000000	0.000000	0.000000
27	tsk_27	(x)	1	:	0.510794	0.000000	0.000000	0.000000	0.000000	0.000000	0.000000	0.000000	0.488568	0.000000	0.000637
28	tsk_28	(x)	1	:	0.512352	0.000000	0.000000	0.000000	0.000000	0.000000	0.000000	0.000000	0.000000	0.487648	0.000000
29	tsk_29	(x)	1	:	0.000000	0.000000	0.499406	0.000000	0.000000	0.000000	0.000000	0.000000	0.000000	0.000000	0.500594
30	tsk_30	(x)	1	:	0.000000	0.000004	0.000000	0.497420	0.000000	0.000000	0.000000	0.495579	0.000000	0.000000	0.006997
31	tsk_31	(x)	1	:	0.000000	0.000000	0.499406	0.000000	0.000000	0.000000	0.000000	0.000000	0.000000	0.000000	0.500594
32	tsk_32	(x)	1	:	0.000000	0.000000	1.000000	0.000000	0.000000	0.000000	0.000000	0.000000	0.000000	0.000000	0.000000
33	tsk_33	(x)	1	:	0.000000	0.000000	0.000000	0.000000	0.000000	0.000000	0.000000	0.000000	1.000000	0.000000	0.000000
34	tsk_34	(x)	1	:	0.000000	0.000000	1.000000	0.000000	0.000000	0.000000	0.000000	0.000000	0.000000	0.000000	0.000000
35	tsk_35	(x)	1	:	0.000000	0.000000	0.601648	0.000000	0.000000	0.000000	0.000000	0.398352	0.000000	0.000000	0.000000
36	tsk_36	(x)	1	:	0.427017	0.000000	0.175031	0.000000	0.000000	0.000000	0.000000	0.397953	0.000000	0.000000	0.000000
37	tsk_37	(x)	1	:	0.000000	0.000000	1.000000	0.000000	0.000000	0.000000	0.000000	0.000000	0.000000	0.000000	0.000000
38	tsk_38	(x)	1	:	0.000000	0.000000	0.601648	0.000000	0.000000	0.000000	0.000000	0.398352	0.000000	0.000000	0.000000
39	tsk_39	(x)	1	:	0.000000	0.000000	0.499406	0.000000	0.000000	0.000000	0.000000	0.000000	0.000000	0.000000	0.500594
40	tsk_40	(x)	1	:	0.000000	0.000000	0.268466	0.496154	0.000000	0.000000	0.230529	0.000000	0.000000	0.000000	0.004851
41	tsk_41	(x)	1	:	0.000000	0.000000	0.000000	0.000000	0.000000	0.000000	0.000000	0.000000	0.000000	1.000000	0.000000
42	tsk_42	(x)	1	:	0.000000	0.733738	0.000000	0.000000	0.000000	0.000000	0.000000	0.266261	0.000000	0.000000	0.000000
43	tsk_43	(x)	1	:	0.000000	0.501355	0.000000	0.494779	0.000000	0.000000	0.000000	0.000000	0.000000	0.000000	0.003866
44	tsk_44	(x)	1	:	0.000000	0.000000	0.000000	1.000000	0.000000	0.000000	0.000000	0.000000	0.000000	0.000000	0.000000
45	tsk_45	(x)	1	:	0.000000	0.501358	0.000000	0.494807	0.000000	0.000000	0.000000	0.000000	0.000000	0.000000	0.003834
46	tsk_46	(x)	1	:	0.000000	0.501350	0.000000	0.494745	0.000000	0.000000	0.000000	0.000000	0.000000	0.000000	0.003904
47	tsk_47	(x)	1	:	0.000000	0.000000	0.000000	0.000000	0.000000	0.000000	0.000000	0.497973	0.000000	0.502026	0.000000
48	tsk_48	(x)	1	:	0.482665	0.000000	0.517335	0.000000	0.000000	0.000000	0.000000	0.000000	0.000000	0.000000	0.000000
49	tsk_49	(x)	1	:	0.000000	0.503241	0.000000	0.000000	0.000000	0.000000	0.000000	0.000000	0.000000	0.496759	0.000000
50	tsk_50	(x)	1	:	0.515666	0.000000	0.320170	0.000000	0.000000	0.000000	0.164164	0.000000	0.000000	0.000000	0.000000
51	tsk_51	(x)	1	:	0.421479	0.000000	0.067901	0.000000	0.510620	0.000000	0.000000	0.000000	0.000000	0.000000	0.000000
52	tsk_52	(x)	1	:	0.423907	0.000000	0.094929	0.000000	0.481164	0.000000	0.000000	0.000000	0.000000	0.000000	0.000000
53	tsk_53	(x)	1	:	0.000000	0.000000	0.539161	0.000000	0.000000	0.000000	0.000000	0.460839	0.000000	0.000000	0.000000
54	tsk_54	(x)	1	:	0.422471	0.000000	0.077398	0.000000	0.000000	0.000000	0.000000	0.000000	0.000000	0.000000	0.500131
55	tsk_55	(x)	1	:	0.000000	0.000000	0.254895	0.000000	0.510979	0.000000	0.234127	0.000000	0.000000	0.000000	0.000000
56	tsk_56	(x)	1	:	0.000000	0.000000	0.254895	0.000000	0.510979	0.000000	0.234127	0.000000	0.000000	0.000000	0.000000
57	tsk_57	(x)	1	:	0.421480	0.000000	0.067900	0.000000	0.510620	0.000000	0.000000	0.000000	0.000000	0.000000	0.000000
58	tsk_58	(x)	1	:	0.429121	0.000000	0.570879	0.000000	0.000000	0.000000	0.000000	0.000000	0.000000	0.000000	0.000000
59	tsk_59	(x)	1	:	0.000000	0.000000	0.000000	0.000000	0.000000	0.000000	0.000000	1.000000	0.000000	0.000000	0.000000
60	tsk_60	(x)	1	:	0.000000	0.000000	1.000000	0.000000	0.000000	0.000000	0.000000	0.000000	0.000000	0.000000	0.000000
61	tsk_61	(x)	1	:	0.000000	0.000006	0.000000	0.000000	0.486593	0.000000	0.000000	0.513400	0.000000	0.000000	0.000000
62	tsk_62	(x)	1	:	0.000000	0.000000	0.499406	0.000000	0.000000	0.000000	0.000000	0.000000	0.000000	0.000000	0.500594
63	tsk_63	(x)	1	:	0.000000	0.000000	0.510893	0.000000	0.000000	0.000000	0.000000	0.489106	0.000000	0.000000	0.000000
64	tsk_64	(x)	1	:	0.000000	0.000000	0.000000	0.000000	0.000000	0.000000	0.000000	0.467391	0.500166	0.000000	0.032443
65	tsk_65	(x)	1	:	0.000000	0.000000	1.000000	0.000000	0.000000	0.000000	0.000000	0.000000	0.000000	0.000000	0.000000
66	tsk_66	(x)	1	:	0.000000	0.000000	0.413013	0.000000	0.000000	0.000000	0.000000	0.586987	0.000000	0.000000	0.000000
67	tsk_67	(x)	1	:	0.000000	0.000000	0.518419	0.000000	0.481581	0.000000	0.000000	0.000000	0.000000	0.000000	0.000000
68	tsk_68	(x)	1	:	0.000000	0.000000	0.000000	0.000000	0.000000	0.000000	0.000000	0.495930	0.000000	0.000000	0.504070
69	tsk_69	(x)	1	:	0.000000	0.000000	0.000000	0.000000	1.000000	0.000000	0.000000	0.000000	0.000000	0.000000	0.000000
70	tsk_70	(x)	1	:	1.000000	0.000000	0.000000	0.000000	0.000000	0.000000	0.000000	0.000000	0.000000	0.000000	0.000000
71	tsk_71	(x)	1	:	0.000000	0.000000	0.000000	0.472658	0.000000	0.000000	0.000000	0.527325	0.000000	0.000000	0.000017
72	tsk_72	(x)	1	:	0.000000	0.000000	0.000000	0.000000	0.000000	0.000000	0.000000	0.000000	0.481010	0.518951	0.000039
73	tsk_73	(x)	1	:	0.000000	0.000000	0.000000	0.000000	0.475524	0.000000	0.000000	0.524476	0.000000	0.000000	0.000000
74	tsk_74	(x)	1	:	0.000000	0.000000	0.501109	0.000000	0.000000	0.000000	0.000000	0.000000	0.000000	0.498891	0.000000
75	tsk_75	(x)	1	:	0.000000	0.000000	0.000000	0.000000	0.462592	0.000000	0.000000	0.000000	0.000000	0.000000	0.537408
76	tsk_76	(x)	1	:	0.000000	0.000000	0.000000	0.484252	0.515404	0.000000	0.000000	0.000000	0.000000	0.000000	0.000345
77	tsk_77	(x)	1	:	0.421479	0.000000	0.067901	0.000000	0.510620	0.000000	0.000000	0.000000	0.000000	0.000000	0.000000
78	tsk_78	(x)	1	:	0.000000	0.000000	0.000000	0.498821	0.000000	0.000000	0.000000	0.486228	0.000000	0.000000	0.014951
79	tsk_79	(x)	1	:	0.000000	0.000000	0.000000	0.000000	0.495121	0.000000	0.000000	0.504879	0.000000	0.000000	0.000000
80	tsk_80	(x)	1	:	0.000000	0.000000	0.499378	0.000000	0.000000	0.499600	0.000000	0.000000	0.000000	0.000000	0.001022
81	tsk_81	(x)	1	:	0.000000	0.000000	0.499049	0.000000	0.000000	0.000000	0.000000	0.000000	0.497485	0.000000	0.003466
82	tsk_82	(x)	1	:	0.000000	0.000000	0.000000	0.500000	0.000000	0.000000	0.000000	0.000000	0.000000	0.000000	0.500000
83	tsk_83	(x)	1	:	0.000000	0.000000	0.499438	0.000000	0.000000	0.500444	0.000000	0.000000	0.000000	0.000000	0.000118
84	tsk_84	(x)	1	:	0.000000	0.000000	0.499406	0.000000	0.000000	0.000000	0.000000	0.000000	0.000000	0.000000	0.500594
85	tsk_85	(x)	1	:	0.422468	0.000000	0.077276	0.000000	0.000000	0.498321	0.000000	0.000000	0.000000	0.000000	0.001934
86	tsk_86	(x)	1	:	0.422470	0.000000	0.077306	0.000000	0.000000	0.498767	0.000000	0.000000	0.000000	0.000000	0.001456
87	tsk_87	(x)	1	:	0.000000	0.000000	1.000000	0.000000	0.000000	0.000000	0.000000	0.000000	0.000000	0.000000	0.000000
88	tsk_88	(x)	1	:	0.422482	0.000000	0.076883	0.000000	0.000000	0.000000	0.000000	0.000000	0.496504	0.000000	0.004130
89	tsk_89	(x)	1	:	0.000000	0.000000	0.000000	0.000000	0.000000	0.497495	0.000000	0.000000	0.498751	0.000000	0.003754
90	tsk_90	(x)	1	:	0.000000	0.000000	0.000000	0.500000	0.000000	0.000000	0.000000	0.000000	0.000000	0.000000	0.500000
91	tsk_91	(x)	1	:	0.000000	0.000000	0.000000	0.496185	0.000000	0.000000	0.000000	0.000000	0.496185	0.000000	0.007629
92	tsk_92	(x)	1	:	0.000000	0.000006	0.000000	0.497092	0.000000	0.000000	0.000000	0.495534	0.000000	0.000000	0.007368
93	tsk_93	(x)	1	:	0.000000	0.000000	0.000000	0.000000	0.000000	0.000000	0.000000	0.000000	1.000000	0.000000	0.000000
94	tsk_94	(x)	1	:	0.000000	0.000000	0.000000	0.495911	0.000000	0.000000	0.000000	0.000000	0.495911	0.000000	0.008178
95	tsk_95	(x)	1	:	0.000000	0.000000	0.000000	0.496363	0.000000	0.000000	0.000000	0.000000	0.496363	0.000000	0.007274
96	tsk_96	(x)	1	:	0.000000	0.000000	0.000000	0.000000	0.000000	0.000000	0.000000	0.527326	0.472671	0.000000	0.000002
97	tsk_97	(x)	1	:	0.000000	0.000000	0.000000	0.000000	0.000000	0.000000	0.000000	0.000000	1.000000	0.000000	0.000000
98	tsk_98	(x)	1	:	0.000000	0.000000	0.093792	0.500184	0.000000	0.000000	0.406023	0.000000	0.000000	0.000000	0.000000
99	tsk_99	(x)	1	:	0.000000	0.000000	0.268457	0.496063	0.000000	0.000000	0.230525	0.000000	0.000000	0.000000	0.004955
100	tsk_100	(x)	1	:	0.429121	0.000000	0.570879	0.000000	0.000000	0.000000	0.000000	0.000000	0.000000	0.000000	0.000000
101	tsk_101	(x)	1	:	0.000000	0.000000	0.545217	0.000000	0.000000	0.000000	0.454783	0.000000	0.000000	0.000000	0.000000
102	tsk_102	(x)	1	:	0.000000	0.000000	0.000000	0.000000	0.000000	0.000000	0.512678	0.000000	0.000000	0.000000	0.487321
103	tsk_103	(x)	1	:	0.000000	0.000000	1.000000	0.000000	0.000000	0.000000	0.000000	0.000000	0.000000	0.000000	0.000000
104	tsk_104	(x)	1	:	0.000000	0.000000	0.000000	0.000000	0.000000	0.000000	1.000000	0.000000	0.000000	0.000000	0.000000
105	tsk_105	(x)	1	:	0.000000	0.000000	0.499406	0.000000	0.000000	0.000000	0.000000	0.000000	0.000000	0.000000	0.500594
106	tsk_106	(x)	1	:	0.459963	0.000000	0.126813	0.000000	0.000000	0.000000	0.413224	0.000000	0.000000	0.000000	0.000000
107	tsk_107	(x)	1	:	0.422482	0.000000	0.076881	0.000000	0.000000	0.000000	0.000000	0.000000	0.496491	0.000000	0.004146
108	tsk_108	(x)	1	:	0.000000	0.000000	0.396449	0.000000	0.000000	0.000000	0.603550	0.000000	0.000000	0.000000	0.000000
109	tsk_109	(x)	1	:	0.000000	0.000000	0.000000	0.000000	0.000000	0.000000	0.000000	0.000000	0.500000	0.000000	0.500000
110	tsk_110	(x)	1	:	0.000000	0.000000	0.000000	0.000000	0.000000	0.000000	0.000000	1.000000	0.000000	0.000000	0.000000
111	tsk_111	(x)	1	:	0.000000	0.000000	0.000000	0.000000	0.448532	0.000000	0.000000	0.551468	0.000000	0.000000	0.000000
112	tsk_112	(x)	1	:	0.000000	0.000000	0.000000	0.499671	0.462492	0.000000	0.000000	0.000000	0.000000	0.000000	0.037838
113	tsk_113	(x)	1	:	0.000000	0.501376	0.000000	0.494949	0.000000	0.000000	0.000000	0.000000	0.000000	0.000000	0.003675
114	tsk_114	(x)	1	:	0.000000	0.003036	0.000000	0.000000	0.000000	0.000000	0.000000	0.996964	0.000000	0.000000	0.000000
115	tsk_115	(x)	1	:	0.000000	0.000006	0.000000	0.000000	0.486593	0.000000	0.000000	0.513400	0.000000	0.000000	0.000000
116	tsk_116	(x)	1	:	0.000000	0.000000	0.000000	0.499673	0.462492	0.000000	0.000000	0.000000	0.000000	0.000000	0.037834
117	tsk_117	(x)	1	:	0.000000	0.000000	0.000000	0.000000	0.448532	0.000000	0.000000	0.551468	0.000000	0.000000	0.000000
118	tsk_118	(x)	1	:	0.000000	0.501347	0.000000	0.494719	0.000000	0.000000	0.000000	0.000000	0.000000	0.000000	0.003934
119	tsk_119	(x)	1	:	0.000000	0.518819	0.000000	0.000000	0.481181	0.000000	0.000000	0.000000	0.000000	0.000000	0.000000
120	tsk_120	(x)	1	:	0.000000	0.000000	0.510893	0.000000	0.000000	0.000000	0.000000	0.489107	0.000000	0.000000	0.000000
121	tsk_121	(x)	1	:	0.000000	0.003595	0.000000	0.000000	0.000000	0.000000	0.000000	0.996405	0.000000	0.000000	0.000000
122	tsk_122	(x)	1	:	0.000000	0.002288	0.000000	0.000000	0.000000	0.000000	0.000000	0.997712	0.000000	0.000000	0.000000
123	tsk_123	(x)	1	:	0.423189	0.000002	0.088914	0.000000	0.000000	0.000000	0.000000	0.487895	0.000000	0.000000	0.000000
124	tsk_124	(x)	1	:	0.423190	0.000001	0.088913	0.000000	0.000000	0.000000	0.000000	0.487896	0.000000	0.000000	0.000000
125	tsk_125	(x)	1	:	0.423189	0.000005	0.088914	0.000000	0.000000	0.000000	0.000000	0.487892	0.000000	0.000000	0.000000
126	tsk_126	(x)	1	:	0.000000	0.003834	0.000000	0.000000	0.000000	0.000000	0.000000	0.996165	0.000000	0.000000	0.000000
127	tsk_127	(x)	1	:	0.423190	0.000001	0.088913	0.000000	0.000000	0.000000	0.000000	0.487896	0.000000	0.000000	0.000000
128	tsk_128	(x)	1	:	0.000000	0.000000	0.000000	0.000000	0.000000	0.000000	0.000000	0.495930	0.000000	0.000000	0.504070
129	tsk_129	(x)	1	:	0.000000	0.001322	0.000000	0.000000	0.000000	0.000000	0.000000	0.998677	0.000000	0.000000	0.000000
130	tsk_130	(x)	1	:	0.482665	0.000000	0.517335	0.000000	0.000000	0.000000	0.000000	0.000000	0.000000	0.000000	0.000000
131	tsk_131	(x)	1	:	0.000000	0.000000	0.000000	0.000000	0.462658	0.000000	0.000000	0.000000	0.500214	0.000000	0.037128
132	tsk_132	(x)	1	:	0.510793	0.000000	0.000000	0.000000	0.000000	0.000000	0.000000	0.000000	0.488557	0.000000	0.000651
133	tsk_133	(x)	1	:	0.000000	0.000000	0.268469	0.496195	0.000000	0.000000	0.230531	0.000000	0.000000	0.000000	0.004804
134	tsk_134	(x)	1	:	0.000000	0.000000	0.000000	0.000000	0.000000	0.000000	0.000000	0.511614	0.488036	0.000000	0.000350
135	tsk_135	(x)	1	:	0.530856	0.000000	0.000000	0.000000	0.469144	0.000000	0.000000	0.000000	0.000000	0.000000	0.000000
136	tsk_136	(x)	1	:	0.000000	0.000000	0.000000	0.000000	0.000000	0.000000	0.000000	1.000000	0.000000	0.000000	0.000000
137	tsk_137	(x)	1	:	0.510731	0.000000	0.000000	0.488065	0.000000	0.000000	0.000000	0.000000	0.000000	0.000000	0.001204
138	tsk_138	(x)	1	:	0.000000	0.000000	0.180847	0.000000	0.000000	0.000000	0.232090	0.587063	0.000000	0.000000	0.000000
139	tsk_139	(x)	1	:	0.000000	0.000000	0.000000	0.000000	0.000000	0.000000	0.000000	0.000000	1.000000	0.000000	0.000000
140	tsk_140	(x)	1	:	0.000000	0.000000	0.514858	0.484792	0.000000	0.000000	0.000000	0.000000	0.000000	0.000000	0.000350
141	tsk_141	(x)	1	:	0.000000	0.000000	0.316132	0.000000	0.000000	0.000000	0.194832	0.489036	0.000000	0.000000	0.000000
142	tsk_142	(x)	1	:	0.000000	0.000016	0.000000	0.000000	0.514468	0.000000	0.000000	0.485516	0.000000	0.000000	0.000000
143	tsk_143	(x)	1	:	0.000000	0.000000	0.304348	0.000000	0.000000	0.000000	0.194563	0.000000	0.496149	0.000000	0.004940
144	tsk_144	(x)	1	:	0.422491	0.000000	0.076740	0.495555	0.000000	0.000000	0.000000	0.000000	0.000000	0.000000	0.005214
145	tsk_145	(x)	1	:	0.000000	0.000000	0.810794	0.000000	0.000000	0.000000	0.189206	0.000000	0.000000	0.000000	0.000000
146	tsk_146	(x)	1	:	0.000000	0.000000	0.304193	0.495069	0.000000	0.000000	0.194566	0.000000	0.000000	0.000000	0.006171
147	tsk_147	(x)	1	:	0.292155	0.000000	0.707845	0.000000	0.000000	0.000000	0.000000	0.000000	0.000000	0.000000	0.000000
148	tsk_148	(x)	1	:	0.000000	0.000000	0.810794	0.000000	0.000000	0.000000	0.189206	0.000000	0.000000	0.000000	0.000000
149	tsk_149	(x)	1	:	0.000000	0.000000	0.304200	0.495118	0.000000	0.000000	0.194566	0.000000	0.000000	0.000000	0.006115
