logL = -1016.817057 (converged)
AIC = 7373.634114
BIC = 15412.030349

count.K
2 12 15 2 10 22 0 1 0 15 17 7 7 20 20 

