logL = -1870.508207 (converged)
AIC = 6241.016414
BIC = 10004.310532

count.K
21 2 37 3 14 53 20 

