logL = -1795.466150 (converged)
AIC = 4066.932300
BIC = 4783.463500

count.K
72 78 

