logL = -1933.396633 (converged)
AIC = 4754.793266
BIC = 6091.515336

count.K
50 78 22 

