logL = -919.253751 (converged)
AIC = 3358.507502
BIC = 5646.590326

count.K
62 2 38 2 46 

