logL = -1553.093192 (converged)
AIC = 3542.186384
BIC = 4198.504878

count.K
47 103 

