logL = -1424.989416 (converged)
AIC = 7205.978831
BIC = 13763.142502

count.K
5 3 3 10 8 7 6 22 3 4 71 8 

