logL = -614.349700 (converged)
AIC = 6136.699400
BIC = 13524.798412

count.K
1 5 1 10 30 6 16 11 17 12 24 14 0 3 

