logL = -876.993511 (converged)
AIC = 3931.987022
BIC = 7210.568857

count.K
2 22 15 57 13 29 12 

