logL = -748.005946 (converged)
AIC = 5928.011892
BIC = 12599.579704

count.K
4 4 2 2 23 6 1 2 2 6 23 71 4 

