0	tsk_0	(x)	1	:	0.000000	0.647726	0.000000	0.000000	0.000000	0.000000	0.000000	0.000000	0.000000	0.352274	0.000000	0.000000	0.000000
1	tsk_1	(x)	1	:	0.000000	0.499685	0.000000	0.178449	0.097952	0.000000	0.122431	0.000000	0.000000	0.000000	0.000000	0.000000	0.101482
2	tsk_2	(x)	1	:	0.000000	0.144871	0.000000	0.223179	0.070454	0.000000	0.153848	0.000000	0.000000	0.354771	0.000000	0.000000	0.052877
3	tsk_3	(x)	1	:	0.000000	0.499671	0.000000	0.146508	0.109634	0.000000	0.212879	0.000000	0.000000	0.000000	0.000000	0.000000	0.031309
4	tsk_4	(x)	1	:	0.000000	0.000000	0.000000	0.000000	0.000000	0.000000	0.000000	0.000000	0.000000	1.000000	0.000000	0.000000	0.000000
5	tsk_5	(x)	1	:	0.000000	0.000000	0.000000	0.129807	0.135753	0.000000	0.141722	0.000000	0.000000	0.511436	0.000000	0.000000	0.081282
6	tsk_6	(x)	1	:	0.000000	0.129132	0.000000	0.000000	0.000000	0.000000	0.000000	0.000000	0.000000	0.355328	0.000000	0.515539	0.000000
7	tsk_7	(x)	1	:	0.000000	0.144730	0.000000	0.223508	0.108341	0.000000	0.148474	0.000000	0.000000	0.354899	0.000000	0.000000	0.020049
8	tsk_8	(x)	1	:	0.000000	0.499669	0.000000	0.172397	0.120125	0.000000	0.127325	0.000000	0.000000	0.000000	0.000000	0.000000	0.080484
9	tsk_9	(x)	1	:	0.000000	0.264957	0.069450	0.000000	0.000000	0.000000	0.000000	0.000000	0.000000	0.259560	0.000000	0.406033	0.000000
10	tsk_10	(x)	1	:	0.000000	1.000000	0.000000	0.000000	0.000000	0.000000	0.000000	0.000000	0.000000	0.000000	0.000000	0.000000	0.000000
11	tsk_11	(x)	1	:	0.000000	0.000000	0.000000	0.065087	0.134810	0.000000	0.091224	0.460086	0.000000	0.000000	0.000000	0.000000	0.248793
12	tsk_12	(x)	1	:	0.000000	0.499673	0.000000	0.101290	0.118486	0.000000	0.186063	0.000000	0.000000	0.000000	0.000000	0.000000	0.094488
13	tsk_13	(x)	1	:	0.000000	0.000000	0.000000	0.130357	0.096605	0.000000	0.057039	0.460086	0.000000	0.000000	0.000000	0.000000	0.255912
14	tsk_14	(x)	1	:	0.000000	0.000000	0.000000	0.000000	0.000000	0.000000	0.000000	1.000000	0.000000	0.000000	0.000000	0.000000	0.000000
15	tsk_15	(x)	1	:	0.000000	0.481298	0.000000	0.000000	0.000000	0.000000	0.000000	0.518702	0.000000	0.000000	0.000000	0.000000	0.000000
16	tsk_16	(x)	1	:	0.000000	0.501218	0.000000	0.000000	0.000000	0.000000	0.021285	0.477497	0.000000	0.000000	0.000000	0.000000	0.000000
17	tsk_17	(x)	1	:	0.000000	0.481305	0.000000	0.000000	0.000000	0.000000	0.000000	0.518695	0.000000	0.000000	0.000000	0.000000	0.000000
18	tsk_18	(x)	1	:	0.000000	0.000000	0.000000	0.040082	0.047582	0.000000	0.034918	0.460086	0.000000	0.000000	0.000000	0.000000	0.417332
19	tsk_19	(x)	1	:	0.000000	0.000000	0.000000	0.000000	0.000000	0.000000	0.000000	1.000000	0.000000	0.000000	0.000000	0.000000	0.000000
20	tsk_20	(x)	1	:	0.000000	1.000000	0.000000	0.000000	0.000000	0.000000	0.000000	0.000000	0.000000	0.000000	0.000000	0.000000	0.000000
21	tsk_21	(x)	1	:	0.000000	0.527827	0.245818	0.000000	0.000000	0.000000	0.000000	0.000000	0.000000	0.000000	0.000000	0.226355	0.000000
22	tsk_22	(x)	1	:	0.000000	1.000000	0.000000	0.000000	0.000000	0.000000	0.000000	0.000000	0.000000	0.000000	0.000000	0.000000	0.000000
23	tsk_23	(x)	1	:	0.000000	0.499850	0.000000	0.207507	0.060663	0.000000	0.125576	0.000000	0.000000	0.000000	0.000000	0.000000	0.106403
24	tsk_24	(x)	1	:	0.000000	0.000000	0.000000	0.179262	0.143383	0.000000	0.080035	0.000000	0.000000	0.000000	0.000000	0.000000	0.597320
25	tsk_25	(x)	1	:	0.000000	0.499767	0.000000	0.118534	0.114178	0.000000	0.185428	0.000000	0.000000	0.000000	0.000000	0.000000	0.082093
26	tsk_26	(x)	1	:	0.000000	0.000000	0.000000	0.076194	0.217189	0.000000	0.129214	0.000000	0.000000	0.000000	0.307818	0.000000	0.269585
27	tsk_27	(x)	1	:	0.000000	1.000000	0.000000	0.000000	0.000000	0.000000	0.000000	0.000000	0.000000	0.000000	0.000000	0.000000	0.000000
28	tsk_28	(x)	1	:	0.000000	1.000000	0.000000	0.000000	0.000000	0.000000	0.000000	0.000000	0.000000	0.000000	0.000000	0.000000	0.000000
29	tsk_29	(x)	1	:	0.000000	0.000000	0.000000	0.176161	0.369180	0.000000	0.060914	0.000000	0.000000	0.000000	0.000000	0.000000	0.393745
30	tsk_30	(x)	1	:	0.000000	0.499699	0.000000	0.186316	0.143278	0.000000	0.108649	0.000000	0.000000	0.000000	0.000000	0.000000	0.062058
31	tsk_31	(x)	1	:	0.000000	0.497762	0.502238	0.000000	0.000000	0.000000	0.000000	0.000000	0.000000	0.000000	0.000000	0.000000	0.000000
32	tsk_32	(x)	1	:	0.000000	0.499668	0.000000	0.168656	0.032767	0.000000	0.267368	0.000000	0.000000	0.000000	0.000000	0.000000	0.031540
33	tsk_33	(x)	1	:	0.000000	0.499669	0.000000	0.044064	0.211117	0.000000	0.198891	0.000000	0.000000	0.000000	0.000000	0.000000	0.046259
34	tsk_34	(x)	1	:	0.000000	0.000000	0.502609	0.144066	0.178295	0.000000	0.023991	0.000000	0.000000	0.000000	0.000000	0.000000	0.151039
35	tsk_35	(x)	1	:	0.000000	0.497755	0.502244	0.000000	0.000000	0.000000	0.000000	0.000000	0.000000	0.000000	0.000000	0.000000	0.000000
36	tsk_36	(x)	1	:	0.000000	0.499693	0.000000	0.090993	0.175233	0.000000	0.190284	0.000000	0.000000	0.000000	0.000000	0.000000	0.043797
37	tsk_37	(x)	1	:	0.000000	0.000000	0.502609	0.197746	0.066102	0.000000	0.024592	0.000000	0.000000	0.000000	0.000000	0.000000	0.208951
38	tsk_38	(x)	1	:	0.000000	1.000000	0.000000	0.000000	0.000000	0.000000	0.000000	0.000000	0.000000	0.000000	0.000000	0.000000	0.000000
39	tsk_39	(x)	1	:	0.000000	0.000000	0.000000	0.177009	0.035156	0.000000	0.204374	0.000000	0.000000	0.000000	0.000000	0.000000	0.583462
40	tsk_40	(x)	1	:	0.000000	0.000000	0.000000	0.149925	0.101928	0.000000	0.019918	0.000000	0.495079	0.000000	0.000000	0.000000	0.233149
41	tsk_41	(x)	1	:	0.000000	0.000000	0.502609	0.118180	0.129732	0.000000	0.038838	0.000000	0.000000	0.000000	0.000000	0.000000	0.210641
42	tsk_42	(x)	1	:	0.000000	0.000000	0.502609	0.204025	0.079747	0.000000	0.018836	0.000000	0.000000	0.000000	0.000000	0.000000	0.194783
43	tsk_43	(x)	1	:	0.000000	0.144761	0.000000	0.136798	0.137913	0.000000	0.182132	0.000000	0.000000	0.354870	0.000000	0.000000	0.043526
44	tsk_44	(x)	1	:	0.000000	0.000000	0.530086	0.033741	0.035666	0.000000	0.023066	0.000000	0.000000	0.000000	0.000000	0.000000	0.377442
45	tsk_45	(x)	1	:	0.000000	0.000000	0.000000	0.152947	0.285554	0.000000	0.130422	0.000000	0.000000	0.000000	0.000000	0.000000	0.431077
46	tsk_46	(x)	1	:	0.000000	0.000000	0.175497	0.085667	0.015429	0.000000	0.064014	0.000000	0.287880	0.000000	0.000000	0.000000	0.371512
47	tsk_47	(x)	1	:	0.000000	0.000000	0.000000	0.058451	0.164473	0.000000	0.082051	0.000000	0.000000	0.000000	0.000000	0.000000	0.695024
48	tsk_48	(x)	1	:	0.000000	0.000000	0.502609	0.118340	0.096707	0.000000	0.033507	0.000000	0.000000	0.000000	0.000000	0.000000	0.248838
49	tsk_49	(x)	1	:	0.000000	0.000000	0.000000	0.110023	0.161494	0.000000	0.108524	0.000000	0.000000	0.506993	0.000000	0.000000	0.112966
50	tsk_50	(x)	1	:	0.000000	1.000000	0.000000	0.000000	0.000000	0.000000	0.000000	0.000000	0.000000	0.000000	0.000000	0.000000	0.000000
51	tsk_51	(x)	1	:	0.000000	0.499671	0.000000	0.111259	0.100245	0.000000	0.205381	0.000000	0.000000	0.000000	0.000000	0.000000	0.083444
52	tsk_52	(x)	1	:	0.000000	0.527840	0.245753	0.000000	0.000000	0.000000	0.000000	0.000000	0.000000	0.000000	0.000000	0.226407	0.000000
53	tsk_53	(x)	1	:	0.000000	1.000000	0.000000	0.000000	0.000000	0.000000	0.000000	0.000000	0.000000	0.000000	0.000000	0.000000	0.000000
54	tsk_54	(x)	1	:	0.000000	0.499654	0.000000	0.091841	0.146031	0.000000	0.176395	0.000000	0.000000	0.000000	0.000000	0.000000	0.086078
55	tsk_55	(x)	1	:	0.000000	1.000000	0.000000	0.000000	0.000000	0.000000	0.000000	0.000000	0.000000	0.000000	0.000000	0.000000	0.000000
56	tsk_56	(x)	1	:	0.000000	0.499678	0.000000	0.085631	0.124399	0.000000	0.163973	0.000000	0.000000	0.000000	0.000000	0.000000	0.126319
57	tsk_57	(x)	1	:	0.000000	0.499755	0.000000	0.085108	0.120432	0.000000	0.232907	0.000000	0.000000	0.000000	0.000000	0.000000	0.061798
58	tsk_58	(x)	1	:	0.000000	1.000000	0.000000	0.000000	0.000000	0.000000	0.000000	0.000000	0.000000	0.000000	0.000000	0.000000	0.000000
59	tsk_59	(x)	1	:	0.000000	0.497752	0.502248	0.000000	0.000000	0.000000	0.000000	0.000000	0.000000	0.000000	0.000000	0.000000	0.000000
60	tsk_60	(x)	1	:	0.000000	0.000000	0.000000	0.162773	0.195494	0.000000	0.097303	0.000000	0.000000	0.000000	0.000000	0.000000	0.544429
61	tsk_61	(x)	1	:	0.000000	0.172686	0.184529	0.000000	0.000000	0.000000	0.000000	0.000000	0.288859	0.353927	0.000000	0.000000	0.000000
62	tsk_62	(x)	1	:	0.000000	0.479430	0.000000	0.000000	0.000000	0.000000	0.000000	0.000000	0.000000	0.000000	0.000000	0.520569	0.000000
63	tsk_63	(x)	1	:	0.000000	0.000000	0.000000	0.035422	0.123195	0.000000	0.025004	0.000000	0.000000	0.000000	0.000000	0.494777	0.321602
64	tsk_64	(x)	1	:	0.000000	0.000000	0.000000	0.063077	0.118569	0.000000	0.050528	0.000000	0.000000	0.000000	0.000000	0.494777	0.273049
65	tsk_65	(x)	1	:	0.000000	0.000000	0.502609	0.216126	0.138917	0.000000	0.080305	0.000000	0.000000	0.000000	0.000000	0.000000	0.062043
66	tsk_66	(x)	1	:	0.000000	0.000000	0.521549	0.000000	0.000000	0.000000	0.000000	0.000000	0.000000	0.000000	0.000000	0.478451	0.000000
67	tsk_67	(x)	1	:	0.000000	0.000000	1.000000	0.000000	0.000000	0.000000	0.000000	0.000000	0.000000	0.000000	0.000000	0.000000	0.000000
68	tsk_68	(x)	1	:	0.000000	0.000000	0.000000	0.184921	0.129796	0.000000	0.139445	0.000000	0.000000	0.000000	0.000000	0.000000	0.545838
69	tsk_69	(x)	1	:	0.000000	0.000000	0.502609	0.064085	0.154682	0.000000	0.008208	0.000000	0.000000	0.000000	0.000000	0.000000	0.270416
70	tsk_70	(x)	1	:	0.000000	0.000000	0.000000	0.069122	0.258566	0.000000	0.145072	0.000000	0.000000	0.000000	0.000000	0.000000	0.527240
71	tsk_71	(x)	1	:	0.000000	0.000000	0.000000	0.255599	0.179829	0.000000	0.133430	0.000000	0.000000	0.000000	0.000000	0.000000	0.431142
72	tsk_72	(x)	1	:	0.000000	0.000000	0.000000	0.071978	0.235588	0.000000	0.298011	0.000000	0.000000	0.000000	0.000000	0.000000	0.394423
73	tsk_73	(x)	1	:	0.000000	0.503463	0.000000	0.000000	0.000000	0.000000	0.000000	0.000000	0.496537	0.000000	0.000000	0.000000	0.000000
74	tsk_74	(x)	1	:	0.000000	0.000000	0.175498	0.055345	0.117477	0.000000	0.072572	0.000000	0.287880	0.000000	0.000000	0.000000	0.291229
75	tsk_75	(x)	1	:	0.000000	0.000000	0.000000	0.066880	0.080366	0.000000	0.046848	0.000000	0.495079	0.000000	0.000000	0.000000	0.310826
76	tsk_76	(x)	1	:	0.000000	0.000000	0.000000	0.038418	0.063141	0.000000	0.035845	0.000000	0.495079	0.000000	0.000000	0.000000	0.367517
77	tsk_77	(x)	1	:	0.000000	0.526775	0.182892	0.000000	0.000000	0.000000	0.000000	0.000000	0.290333	0.000000	0.000000	0.000000	0.000000
78	tsk_78	(x)	1	:	0.000000	0.000000	0.000000	0.273333	0.256920	0.000000	0.161038	0.000000	0.000000	0.000000	0.000000	0.000000	0.308708
79	tsk_79	(x)	1	:	0.000000	0.000000	0.000000	0.047724	0.056372	0.000000	0.033965	0.000000	0.520382	0.000000	0.000000	0.000000	0.341557
80	tsk_80	(x)	1	:	0.000000	0.000000	0.000000	0.000000	0.000000	0.000000	0.000000	0.000000	0.501835	0.000000	0.000000	0.498165	0.000000
81	tsk_81	(x)	1	:	0.000000	0.000000	0.000000	0.090919	0.025672	0.000000	0.050985	0.000000	0.495079	0.000000	0.000000	0.000000	0.337345
82	tsk_82	(x)	1	:	0.000000	0.446386	0.000000	0.000000	0.000000	0.000000	0.000000	0.000000	0.000000	0.000000	0.074489	0.479125	0.000000
83	tsk_83	(x)	1	:	0.000000	0.000000	0.000000	0.000000	0.000000	0.000000	0.000000	0.000000	1.000000	0.000000	0.000000	0.000000	0.000000
84	tsk_84	(x)	1	:	0.000000	0.000000	0.000000	0.071465	0.049296	0.000000	0.004070	0.000000	0.000000	0.000000	0.000000	0.519218	0.355952
85	tsk_85	(x)	1	:	0.000000	0.463956	0.000000	0.000000	0.000000	0.000000	0.000000	0.000000	0.000000	0.000000	0.079841	0.456204	0.000000
86	tsk_86	(x)	1	:	0.000000	0.000000	0.000000	0.000000	0.000000	0.000000	0.000000	0.000000	0.449423	0.000000	0.000000	0.550577	0.000000
87	tsk_87	(x)	1	:	0.000000	0.000000	0.000000	0.108771	0.118612	0.000000	0.082824	0.000000	0.000000	0.000000	0.000000	0.494777	0.195015
88	tsk_88	(x)	1	:	0.000000	0.000000	0.000000	0.107165	0.337028	0.000000	0.193053	0.000000	0.000000	0.000000	0.000000	0.000000	0.362755
89	tsk_89	(x)	1	:	0.000000	0.000000	0.000000	0.000000	0.000000	0.000000	0.000000	0.000000	0.000000	0.000000	0.000000	1.000000	0.000000
90	tsk_90	(x)	1	:	0.000000	0.499665	0.000000	0.157185	0.072170	0.000000	0.192582	0.000000	0.000000	0.000000	0.000000	0.000000	0.078398
91	tsk_91	(x)	1	:	0.000000	0.000000	0.530086	0.110253	0.092165	0.000000	0.038203	0.000000	0.000000	0.000000	0.000000	0.000000	0.229293
92	tsk_92	(x)	1	:	0.000000	0.000000	0.000000	0.230993	0.160890	0.000000	0.080950	0.000000	0.000000	0.511436	0.000000	0.000000	0.015731
93	tsk_93	(x)	1	:	0.000000	0.499666	0.000000	0.059242	0.092330	0.000000	0.265259	0.000000	0.000000	0.000000	0.000000	0.000000	0.083503
94	tsk_94	(x)	1	:	0.000000	0.000000	0.502609	0.184695	0.150825	0.000000	0.035572	0.000000	0.000000	0.000000	0.000000	0.000000	0.126299
95	tsk_95	(x)	1	:	0.000000	0.000000	0.000000	0.167231	0.079656	0.000000	0.206858	0.000000	0.000000	0.511436	0.000000	0.000000	0.034819
96	tsk_96	(x)	1	:	0.000000	0.499660	0.000000	0.039221	0.163729	0.000000	0.251547	0.000000	0.000000	0.000000	0.000000	0.000000	0.045843
97	tsk_97	(x)	1	:	0.000000	0.499693	0.000000	0.108471	0.101123	0.000000	0.188924	0.000000	0.000000	0.000000	0.000000	0.000000	0.101789
98	tsk_98	(x)	1	:	0.000000	0.000000	0.502609	0.149937	0.061390	0.000000	0.068884	0.000000	0.000000	0.000000	0.000000	0.000000	0.217181
99	tsk_99	(x)	1	:	0.000000	0.000000	0.000000	0.082744	0.126322	0.000000	0.181824	0.000000	0.000000	0.511436	0.000000	0.000000	0.097674
100	tsk_100	(x)	1	:	0.000000	0.499989	0.000000	0.030768	0.035624	0.000000	0.013419	0.000000	0.000000	0.000000	0.413910	0.000000	0.006291
101	tsk_101	(x)	1	:	0.000000	1.000000	0.000000	0.000000	0.000000	0.000000	0.000000	0.000000	0.000000	0.000000	0.000000	0.000000	0.000000
102	tsk_102	(x)	1	:	0.000000	1.000000	0.000000	0.000000	0.000000	0.000000	0.000000	0.000000	0.000000	0.000000	0.000000	0.000000	0.000000
103	tsk_103	(x)	1	:	0.000000	0.000000	0.000000	0.147093	0.206103	0.000000	0.151169	0.000000	0.000000	0.000000	0.000000	0.000000	0.495635
104	tsk_104	(x)	1	:	0.000000	0.500652	0.000000	0.000000	0.018051	0.000000	0.002315	0.471183	0.000000	0.000000	0.000000	0.000000	0.007798
105	tsk_105	(x)	1	:	0.000000	0.477274	0.000000	0.000000	0.000000	0.000000	0.000000	0.273319	0.000000	0.000000	0.249407	0.000000	0.000000
106	tsk_106	(x)	1	:	0.000000	0.503812	0.000000	0.000000	0.000000	0.000000	0.000000	0.000000	0.000000	0.000000	0.000000	0.496188	0.000000
107	tsk_107	(x)	1	:	0.000000	0.499657	0.000000	0.087711	0.099567	0.000000	0.246604	0.000000	0.000000	0.000000	0.000000	0.000000	0.066461
108	tsk_108	(x)	1	:	0.000000	0.499664	0.000000	0.081383	0.118315	0.000000	0.160013	0.000000	0.000000	0.000000	0.000000	0.000000	0.140624
109	tsk_109	(x)	1	:	0.000000	0.499928	0.000000	0.006365	0.017995	0.000000	0.051710	0.000000	0.000000	0.000000	0.413263	0.000000	0.010740
110	tsk_110	(x)	1	:	0.000000	0.000000	0.502609	0.131663	0.071827	0.000000	0.030877	0.000000	0.000000	0.000000	0.000000	0.000000	0.263023
111	tsk_111	(x)	1	:	0.000000	1.000000	0.000000	0.000000	0.000000	0.000000	0.000000	0.000000	0.000000	0.000000	0.000000	0.000000	0.000000
112	tsk_112	(x)	1	:	0.000000	0.499768	0.000000	0.173363	0.047057	0.000000	0.183966	0.000000	0.000000	0.000000	0.000000	0.000000	0.095845
113	tsk_113	(x)	1	:	0.000000	0.000000	0.000000	0.000000	0.000000	0.000000	0.000000	0.000000	0.000000	0.000000	0.000000	1.000000	0.000000
114	tsk_114	(x)	1	:	0.000000	0.499699	0.000000	0.105241	0.144794	0.000000	0.206323	0.000000	0.000000	0.000000	0.000000	0.000000	0.043943
115	tsk_115	(x)	1	:	0.000000	0.497734	0.502266	0.000000	0.000000	0.000000	0.000000	0.000000	0.000000	0.000000	0.000000	0.000000	0.000000
116	tsk_116	(x)	1	:	0.000000	0.503812	0.000000	0.000000	0.000000	0.000000	0.000000	0.000000	0.000000	0.000000	0.000000	0.496188	0.000000
117	tsk_117	(x)	1	:	0.000000	0.500039	0.000000	0.175295	0.062937	0.000000	0.187010	0.000000	0.000000	0.000000	0.000000	0.000000	0.074719
118	tsk_118	(x)	1	:	0.000000	0.521565	0.000000	0.064851	0.175066	0.000000	0.137702	0.000000	0.000000	0.000000	0.000000	0.000000	0.100816
119	tsk_119	(x)	1	:	0.000000	0.499735	0.000000	0.047451	0.168868	0.000000	0.162864	0.000000	0.000000	0.000000	0.000000	0.000000	0.121081
120	tsk_120	(x)	1	:	0.000000	0.000000	0.000000	0.132832	0.093554	0.000000	0.118326	0.000000	0.000000	0.000000	0.000000	0.000000	0.655289
121	tsk_121	(x)	1	:	0.000000	0.000000	0.000000	0.133373	0.374311	0.000000	0.046095	0.000000	0.000000	0.000000	0.000000	0.000000	0.446221
122	tsk_122	(x)	1	:	0.000000	0.499699	0.000000	0.133136	0.069682	0.000000	0.233352	0.000000	0.000000	0.000000	0.000000	0.000000	0.064131
123	tsk_123	(x)	1	:	0.000000	0.000000	0.000000	0.119000	0.111541	0.000000	0.178672	0.000000	0.000000	0.000000	0.000000	0.000000	0.590788
124	tsk_124	(x)	1	:	0.000000	0.000000	0.000000	0.108852	0.153333	0.000000	0.154937	0.000000	0.000000	0.000000	0.000000	0.000000	0.582879
125	tsk_125	(x)	1	:	0.000000	0.000000	0.000000	0.189911	0.189724	0.000000	0.170487	0.000000	0.000000	0.000000	0.000000	0.000000	0.449878
126	tsk_126	(x)	1	:	0.000000	0.000000	0.000000	0.104702	0.294113	0.000000	0.159777	0.000000	0.000000	0.000000	0.000000	0.000000	0.441408
127	tsk_127	(x)	1	:	0.000000	0.000000	0.484448	0.110072	0.100263	0.000000	0.054450	0.000000	0.000000	0.000000	0.000000	0.000000	0.250767
128	tsk_128	(x)	1	:	0.000000	1.000000	0.000000	0.000000	0.000000	0.000000	0.000000	0.000000	0.000000	0.000000	0.000000	0.000000	0.000000
129	tsk_129	(x)	1	:	0.000000	0.000000	0.000000	0.182247	0.192188	0.000000	0.162717	0.000000	0.000000	0.000000	0.000000	0.000000	0.462848
130	tsk_130	(x)	1	:	0.000000	0.000000	0.000000	0.129554	0.145401	0.000000	0.208300	0.000000	0.000000	0.000000	0.000000	0.000000	0.516744
131	tsk_131	(x)	1	:	0.000000	0.000000	0.000000	0.098003	0.101801	0.000000	0.060274	0.460086	0.000000	0.000000	0.000000	0.000000	0.279836
132	tsk_132	(x)	1	:	0.000000	0.000000	0.000000	0.116052	0.284966	0.000000	0.207841	0.000000	0.000000	0.000000	0.000000	0.000000	0.391141
133	tsk_133	(x)	1	:	0.000000	0.000034	0.000000	0.144465	0.056099	0.499968	0.185598	0.000000	0.000000	0.000000	0.000000	0.000000	0.113835
134	tsk_134	(x)	1	:	0.000000	0.000000	0.000000	0.076736	0.252111	0.000000	0.157632	0.000000	0.000000	0.000000	0.000000	0.000000	0.513521
135	tsk_135	(x)	1	:	0.000000	0.000000	0.000000	0.264283	0.185371	0.000000	0.190078	0.000000	0.000000	0.000000	0.000000	0.000000	0.360267
136	tsk_136	(x)	1	:	0.000000	0.000000	0.000000	0.000000	0.000000	1.000000	0.000000	0.000000	0.000000	0.000000	0.000000	0.000000	0.000000
137	tsk_137	(x)	1	:	0.000000	0.145007	0.000000	0.057605	0.147968	0.000000	0.170651	0.000000	0.000000	0.354650	0.000000	0.000000	0.124119
138	tsk_138	(x)	1	:	0.000000	0.000000	0.530086	0.180175	0.118764	0.000000	0.054396	0.000000	0.000000	0.000000	0.000000	0.000000	0.116579
139	tsk_139	(x)	1	:	0.000000	0.000018	0.000000	0.102389	0.112632	0.499983	0.182656	0.000000	0.000000	0.000000	0.000000	0.000000	0.102321
140	tsk_140	(x)	1	:	0.546720	0.000000	0.453280	0.000000	0.000000	0.000000	0.000000	0.000000	0.000000	0.000000	0.000000	0.000000	0.000000
141	tsk_141	(x)	1	:	0.557737	0.000000	0.000000	0.000000	0.000000	0.442263	0.000000	0.000000	0.000000	0.000000	0.000000	0.000000	0.000000
142	tsk_142	(x)	1	:	0.000000	0.000000	0.060743	0.068897	0.223864	0.000000	0.034586	0.000000	0.000000	0.000000	0.000000	0.405397	0.206513
143	tsk_143	(x)	1	:	0.000000	0.499768	0.000000	0.161338	0.104645	0.000000	0.201241	0.000000	0.000000	0.000000	0.000000	0.000000	0.033008
144	tsk_144	(x)	1	:	0.000000	0.503462	0.000000	0.000000	0.000000	0.000000	0.000000	0.000000	0.496538	0.000000	0.000000	0.000000	0.000000
145	tsk_145	(x)	1	:	0.000000	0.000000	0.604783	0.000000	0.000000	0.000000	0.000000	0.000000	0.000000	0.000000	0.000000	0.395217	0.000000
146	tsk_146	(x)	1	:	0.000000	0.500741	0.000000	0.000637	0.005829	0.000000	0.007623	0.472298	0.000000	0.000000	0.000000	0.000000	0.012871
147	tsk_147	(x)	1	:	0.000000	0.499678	0.000000	0.146863	0.100306	0.000000	0.132585	0.000000	0.000000	0.000000	0.000000	0.000000	0.120568
148	tsk_148	(x)	1	:	0.000000	0.000000	0.000000	0.095462	0.067242	0.000000	0.014788	0.000000	0.495079	0.000000	0.000000	0.000000	0.327428
149	tsk_149	(x)	1	:	1.000000	0.000000	0.000000	0.000000	0.000000	0.000000	0.000000	0.000000	0.000000	0.000000	0.000000	0.000000	0.000000
