logL = -958.156495 (converged)
AIC = 6374.312990
BIC = 13085.019061

count.K
2 5 3 32 23 8 20 8 0 1 31 0 17 

