logL = -825.291341 (converged)
AIC = 4198.582682
BIC = 8034.132047

count.K
1 39 30 6 14 0 53 7 

