logL = -514.872644 (converged)
AIC = 5517.745289
BIC = 12273.610889

count.K
1 18 1 5 1 4 1 15 17 1 6 1 36 43 

