logL = -1442.708856 (converged)
AIC = 3725.417713
BIC = 4989.884536

count.K
48 60 42 

