logL = -1305.262112 (converged)
AIC = 3030.524225
BIC = 3662.757636

count.K
107 43 

