logL = -630.335488 (converged)
AIC = 6000.670977
BIC = 13135.876624

count.K
33 0 15 11 2 35 2 8 10 12 6 12 1 3 

