logL = -1033.363644 (converged)
AIC = 5222.727289
BIC = 9973.509783

count.K
6 19 11 27 5 14 17 42 9 

