logL = -942.949253 (converged)
AIC = 5345.898507
BIC = 10554.297566

count.K
22 8 16 3 19 38 2 6 25 11 

