logL = -486.096109 (converged)
AIC = 3456.192218
BIC = 7195.401253

count.K
4 3 9 27 1 96 7 3 

