logL = -1161.916067 (converged)
AIC = 3923.832134
BIC = 6332.340369

count.K
67 27 29 6 21 

