logL = -1453.113389 (converged)
AIC = 6486.226779
BIC = 11875.263955

count.K
7 8 80 6 13 7 3 3 5 18 

