logL = -1013.720579 (converged)
AIC = 3199.441159
BIC = 4963.673441

count.K
70 21 58 1 

