logL = -851.543009 (converged)
AIC = 5495.086018
BIC = 11203.250536

count.K
22 19 16 6 3 7 17 31 15 12 2 

