logL = -1704.249564 (converged)
AIC = 7266.499127
BIC = 13074.014610

count.K
36 12 0 15 36 1 6 13 8 5 18 

