logL = -1511.624422 (converged)
AIC = 3815.248844
BIC = 5007.460420

count.K
33 80 37 

