logL = -754.429482 (converged)
AIC = 3784.858963
BIC = 7210.961928

count.K
22 32 26 9 18 34 9 

