logL = -2211.389483 (converged)
AIC = 8698.778966
BIC = 15135.517225

count.K
2 32 16 5 19 5 27 8 7 6 23 

