logL = -780.927953 (converged)
AIC = 5863.855906
BIC = 12339.732424

count.K
1 4 15 3 0 14 15 13 30 1 5 39 10 

