logL = -1846.760046 (converged)
AIC = 4977.520092
BIC = 6910.347951

count.K
63 28 34 25 

