logL = -1360.516704 (converged)
AIC = 4725.033408
BIC = 7741.689973

count.K
32 60 12 31 8 7 

