logL = -2401.796309 (converged)
AIC = 7373.592618
BIC = 11242.258971

count.K
5 25 29 8 29 26 28 

