logL = -687.476717 (converged)
AIC = 6414.953434
BIC = 14001.754375

count.K
13 3 3 0 22 4 7 2 9 2 2 49 29 3 2 

