logL = -1005.157345 (converged)
AIC = 7114.314689
BIC = 14797.455960

count.K
8 5 4 10 7 25 5 13 8 15 4 20 23 3 

