logL = -1212.841373 (converged)
AIC = 2841.682746
BIC = 3467.894888

count.K
91 59 

