logL = -1727.741615 (converged)
AIC = 3911.483230
BIC = 4597.908077

count.K
79 71 

