logL = -715.231396 (converged)
AIC = 2186.462792
BIC = 3324.482934

count.K
51 56 43 

