logL = -786.798801 (converged)
AIC = 5713.597601
BIC = 11945.612660

count.K
17 9 3 9 4 2 57 3 8 9 2 27 

