logL = -4400.474230 (converged)
AIC = 9444.948460
BIC = 10414.373025

count.K
125 25 

