logL = -1856.234355 (converged)
AIC = 4552.468711
BIC = 5816.935535

count.K
100 18 32 

