logL = -1281.024748 (converged)
AIC = 7202.049496
BIC = 14186.723378

count.K
12 20 35 10 3 19 10 11 14 3 2 11 0 

