logL = -1612.899921 (converged)
AIC = 5205.799842
BIC = 8186.328783

count.K
23 20 43 8 37 19 

