logL = -1724.680784 (converged)
AIC = 8609.361568
BIC = 16376.800626

count.K
1 45 15 13 23 0 8 14 1 6 2 14 6 2 

