logL = -1854.323596 (converged)
AIC = 6544.647192
BIC = 10813.728039

count.K
12 41 21 12 15 31 4 14 

