logL = -746.662609 (converged)
AIC = 4667.325219
BIC = 9445.203431

count.K
10 5 5 2 3 14 18 2 91 

