0	tsk_0	(x)	1	:	0.000000	0.000000	0.476567	0.000000	0.000437	0.000000	0.000000	0.000000	0.522996	0.000000
1	tsk_1	(x)	1	:	0.000000	0.000000	1.000000	0.000000	0.000000	0.000000	0.000000	0.000000	0.000000	0.000000
2	tsk_2	(x)	1	:	0.000000	0.294034	0.000000	0.000000	0.000000	0.000000	0.000000	0.000000	0.705965	0.000000
3	tsk_3	(x)	1	:	0.000000	0.000000	0.573411	0.000000	0.426574	0.000000	0.000000	0.000000	0.000015	0.000000
4	tsk_4	(x)	1	:	0.000000	0.000000	0.000000	0.000000	0.484167	0.000000	0.515826	0.000000	0.000007	0.000000
5	tsk_5	(x)	1	:	0.524241	0.000000	0.000000	0.000000	0.000022	0.000000	0.000000	0.000000	0.475737	0.000000
6	tsk_6	(x)	1	:	0.000000	0.000000	1.000000	0.000000	0.000000	0.000000	0.000000	0.000000	0.000000	0.000000
7	tsk_7	(x)	1	:	0.000000	0.000000	0.578295	0.394578	0.000000	0.000000	0.027127	0.000000	0.000000	0.000000
8	tsk_8	(x)	1	:	0.000000	0.294065	0.000000	0.000000	0.438012	0.000000	0.000000	0.000000	0.267923	0.000000
9	tsk_9	(x)	1	:	0.001386	0.000000	0.488807	0.000000	0.072983	0.000000	0.000000	0.436824	0.000000	0.000000
10	tsk_10	(x)	1	:	0.000000	0.481841	0.518159	0.000000	0.000000	0.000000	0.000000	0.000000	0.000000	0.000000
11	tsk_11	(x)	1	:	0.501150	0.498834	0.000000	0.000000	0.000012	0.000000	0.000000	0.000000	0.000004	0.000000
12	tsk_12	(x)	1	:	0.000000	0.551963	0.000000	0.000000	0.000002	0.000000	0.000000	0.000000	0.448035	0.000000
13	tsk_13	(x)	1	:	0.000000	0.000000	0.000000	0.000000	0.000008	0.494537	0.000000	0.000000	0.505456	0.000000
14	tsk_14	(x)	1	:	0.000000	0.481841	0.518159	0.000000	0.000000	0.000000	0.000000	0.000000	0.000000	0.000000
15	tsk_15	(x)	1	:	0.000000	0.000000	0.000000	0.000000	0.000000	0.000000	1.000000	0.000000	0.000000	0.000000
16	tsk_16	(x)	1	:	0.000000	1.000000	0.000000	0.000000	0.000000	0.000000	0.000000	0.000000	0.000000	0.000000
17	tsk_17	(x)	1	:	0.000088	0.000000	0.538749	0.000000	0.000000	0.000000	0.000000	0.000000	0.000000	0.461163
18	tsk_18	(x)	1	:	0.000000	0.000000	0.555748	0.000000	0.000000	0.000000	0.444252	0.000000	0.000000	0.000000
19	tsk_19	(x)	1	:	0.000000	0.551617	0.000120	0.000000	0.050398	0.000000	0.389305	0.000000	0.008560	0.000000
20	tsk_20	(x)	1	:	0.000000	0.000000	0.000000	0.000000	0.000019	0.497256	0.502725	0.000000	0.000000	0.000000
21	tsk_21	(x)	1	:	0.000000	0.000000	0.000000	0.494902	0.000000	0.505098	0.000000	0.000000	0.000000	0.000000
22	tsk_22	(x)	1	:	0.000000	0.000000	0.000000	0.000000	0.000000	1.000000	0.000000	0.000000	0.000000	0.000000
23	tsk_23	(x)	1	:	0.000000	0.000000	0.000000	0.534827	0.465173	0.000000	0.000000	0.000000	0.000001	0.000000
24	tsk_24	(x)	1	:	0.000000	0.000000	0.000000	0.488468	0.000000	0.000000	0.000000	0.511532	0.000000	0.000000
25	tsk_25	(x)	1	:	0.532063	0.000000	0.467936	0.000000	0.000001	0.000000	0.000000	0.000000	0.000000	0.000000
26	tsk_26	(x)	1	:	0.000000	0.000000	0.000000	0.526149	0.000002	0.473849	0.000000	0.000000	0.000000	0.000000
27	tsk_27	(x)	1	:	0.000000	0.000000	0.443796	0.556204	0.000000	0.000000	0.000000	0.000000	0.000000	0.000000
28	tsk_28	(x)	1	:	0.000000	0.000000	0.000000	0.488468	0.000000	0.000000	0.000000	0.511532	0.000000	0.000000
29	tsk_29	(x)	1	:	0.000000	0.000000	0.000000	0.000000	0.476590	0.523395	0.000000	0.000000	0.000014	0.000000
30	tsk_30	(x)	1	:	0.000000	0.000000	0.000000	0.000000	0.000000	1.000000	0.000000	0.000000	0.000000	0.000000
31	tsk_31	(x)	1	:	0.000000	0.000000	0.000000	0.000000	0.437983	0.000000	0.000000	0.000000	0.562017	0.000000
32	tsk_32	(x)	1	:	0.000000	0.000000	0.532632	0.000000	0.000000	0.467368	0.000000	0.000000	0.000000	0.000000
33	tsk_33	(x)	1	:	0.524243	0.000000	0.000000	0.000000	0.000015	0.000000	0.000000	0.000000	0.475742	0.000000
34	tsk_34	(x)	1	:	0.000000	0.000000	0.000000	0.000000	0.000000	1.000000	0.000000	0.000000	0.000000	0.000000
35	tsk_35	(x)	1	:	0.000000	0.000000	0.000000	0.000000	0.000000	1.000000	0.000000	0.000000	0.000000	0.000000
36	tsk_36	(x)	1	:	0.522556	0.000000	0.000000	0.000000	0.000007	0.477437	0.000000	0.000000	0.000000	0.000000
37	tsk_37	(x)	1	:	0.000000	0.000000	0.000000	0.000000	0.000000	1.000000	0.000000	0.000000	0.000000	0.000000
38	tsk_38	(x)	1	:	0.522555	0.000000	0.000000	0.000000	0.000009	0.477436	0.000000	0.000000	0.000000	0.000000
39	tsk_39	(x)	1	:	0.000000	0.000000	0.000000	0.000000	0.000022	0.497254	0.502724	0.000000	0.000000	0.000000
40	tsk_40	(x)	1	:	0.464502	0.000000	0.000006	0.000000	0.535491	0.000000	0.000000	0.000000	0.000000	0.000000
41	tsk_41	(x)	1	:	0.000886	0.000000	0.000000	0.000000	0.046933	0.000000	0.515030	0.437151	0.000000	0.000000
42	tsk_42	(x)	1	:	0.513376	0.000000	0.000000	0.000000	0.000000	0.000000	0.486624	0.000000	0.000000	0.000000
43	tsk_43	(x)	1	:	0.000000	0.000000	0.000000	0.000000	0.000012	0.000000	0.499998	0.000000	0.499990	0.000000
44	tsk_44	(x)	1	:	0.000627	0.294118	0.000000	0.000000	0.012225	0.000000	0.000000	0.434915	0.258114	0.000000
45	tsk_45	(x)	1	:	0.000373	0.294149	0.000000	0.000000	0.013538	0.000000	0.000000	0.434788	0.257152	0.000000
46	tsk_46	(x)	1	:	0.014539	0.000000	0.000000	0.000000	0.000000	0.000000	0.000000	0.985461	0.000000	0.000000
47	tsk_47	(x)	1	:	0.001220	0.000000	0.000000	0.000000	0.046840	0.000000	0.515029	0.436911	0.000000	0.000000
48	tsk_48	(x)	1	:	0.524216	0.293994	0.000000	0.000000	0.000002	0.000000	0.000000	0.000000	0.181787	0.000000
49	tsk_49	(x)	1	:	0.000000	0.000000	0.476564	0.000000	0.000447	0.000000	0.000000	0.000000	0.522989	0.000000
50	tsk_50	(x)	1	:	0.000000	0.000000	0.000000	0.000000	0.000002	0.000000	0.000000	0.000000	0.999998	0.000000
51	tsk_51	(x)	1	:	0.513376	0.000000	0.000000	0.000000	0.000000	0.000000	0.486624	0.000000	0.000000	0.000000
52	tsk_52	(x)	1	:	0.000000	0.000000	0.000019	0.000000	0.545309	0.000000	0.454670	0.000000	0.000001	0.000000
53	tsk_53	(x)	1	:	0.000000	0.000000	0.000000	0.000000	0.000000	0.000000	0.000000	0.000000	1.000000	0.000000
54	tsk_54	(x)	1	:	0.000000	0.000000	0.000000	0.000000	0.000001	0.000000	0.000000	0.000000	0.999999	0.000000
55	tsk_55	(x)	1	:	0.000961	0.000000	0.000000	0.000000	0.012112	0.000000	0.000000	0.434680	0.552248	0.000000
56	tsk_56	(x)	1	:	0.000000	0.000000	0.000000	0.000000	0.000000	0.000000	1.000000	0.000000	0.000000	0.000000
57	tsk_57	(x)	1	:	0.000449	0.000000	0.000000	0.000000	0.011742	0.000000	0.000000	0.435172	0.552637	0.000000
58	tsk_58	(x)	1	:	0.000520	0.000000	0.000000	0.000000	0.012668	0.000000	0.000000	0.434883	0.551930	0.000000
59	tsk_59	(x)	1	:	0.000000	0.000000	0.000000	0.000000	0.000000	0.000000	1.000000	0.000000	0.000000	0.000000
60	tsk_60	(x)	1	:	0.556607	0.000000	0.000000	0.000000	0.443368	0.000000	0.000000	0.000000	0.000025	0.000000
61	tsk_61	(x)	1	:	0.000000	0.000000	0.000000	0.000000	0.484154	0.000000	0.515827	0.000000	0.000019	0.000000
62	tsk_62	(x)	1	:	0.000000	0.000000	0.000000	0.463495	0.001546	0.000000	0.000004	0.000000	0.534955	0.000000
63	tsk_63	(x)	1	:	0.000000	0.000000	0.000000	1.000000	0.000000	0.000000	0.000000	0.000000	0.000000	0.000000
64	tsk_64	(x)	1	:	0.524241	0.000000	0.000000	0.000000	0.000022	0.000000	0.000000	0.000000	0.475737	0.000000
65	tsk_65	(x)	1	:	0.000000	0.000000	0.000000	0.000000	0.588219	0.411781	0.000000	0.000000	0.000000	0.000000
66	tsk_66	(x)	1	:	0.522556	0.000000	0.000000	0.000000	0.000007	0.477437	0.000000	0.000000	0.000000	0.000000
67	tsk_67	(x)	1	:	0.000000	0.000000	0.000000	0.000000	0.476600	0.523393	0.000000	0.000000	0.000007	0.000000
68	tsk_68	(x)	1	:	0.000000	0.000000	0.000000	0.000000	0.437983	0.000000	0.000000	0.000000	0.562017	0.000000
69	tsk_69	(x)	1	:	0.000000	0.000000	0.000000	0.527522	0.000037	0.000000	0.000000	0.000000	0.472441	0.000000
70	tsk_70	(x)	1	:	0.393381	0.000000	0.000000	0.000000	0.048176	0.000000	0.000000	0.000133	0.558310	0.000000
71	tsk_71	(x)	1	:	0.000392	0.000000	0.000000	0.000000	0.012819	0.000000	0.000000	0.434944	0.551845	0.000000
72	tsk_72	(x)	1	:	1.000000	0.000000	0.000000	0.000000	0.000000	0.000000	0.000000	0.000000	0.000000	0.000000
73	tsk_73	(x)	1	:	0.395408	0.000000	0.000000	0.000000	0.604442	0.000000	0.000000	0.000113	0.000038	0.000000
74	tsk_74	(x)	1	:	0.556609	0.000000	0.000000	0.000000	0.443358	0.000000	0.000000	0.000000	0.000033	0.000000
75	tsk_75	(x)	1	:	0.000000	0.000000	0.484798	0.000000	0.000000	0.000000	0.000000	0.515202	0.000000	0.000000
76	tsk_76	(x)	1	:	0.000000	0.000000	0.000000	0.000000	0.484168	0.000000	0.515826	0.000000	0.000006	0.000000
77	tsk_77	(x)	1	:	0.000000	0.000000	0.000000	0.000000	0.437983	0.000000	0.000000	0.000000	0.562017	0.000000
78	tsk_78	(x)	1	:	0.002082	0.000000	0.000000	0.000000	0.560293	0.000000	0.000000	0.437600	0.000025	0.000000
79	tsk_79	(x)	1	:	0.000000	0.000000	0.000000	0.000000	0.437983	0.000000	0.000000	0.000000	0.562017	0.000000
80	tsk_80	(x)	1	:	0.000006	0.000000	0.000000	0.000000	0.171216	0.000000	0.000000	0.000000	0.332988	0.495791
81	tsk_81	(x)	1	:	0.000003	0.552963	0.000000	0.000000	0.000000	0.000000	0.000000	0.000000	0.000000	0.447033
82	tsk_82	(x)	1	:	0.540684	0.000000	0.000000	0.000000	0.000000	0.000000	0.000000	0.000000	0.000000	0.459316
83	tsk_83	(x)	1	:	0.000000	0.673579	0.000000	0.000000	0.000000	0.000000	0.000000	0.000000	0.326421	0.000000
84	tsk_84	(x)	1	:	0.000348	0.000000	0.000000	0.000000	0.484833	0.000000	0.000000	0.000001	0.000058	0.514759
85	tsk_85	(x)	1	:	0.000000	0.000000	0.000000	0.000000	0.329674	0.000000	0.419358	0.000000	0.250968	0.000000
86	tsk_86	(x)	1	:	0.000089	0.293050	0.000000	0.000000	0.000016	0.000000	0.000000	0.000001	0.209005	0.497839
87	tsk_87	(x)	1	:	0.000000	0.672704	0.000000	0.000000	0.305155	0.000000	0.000000	0.000000	0.022141	0.000000
88	tsk_88	(x)	1	:	0.000000	0.000000	0.000004	0.000000	0.398390	0.000000	0.317496	0.000000	0.284110	0.000000
89	tsk_89	(x)	1	:	0.000000	0.673579	0.000000	0.000000	0.000000	0.000000	0.000000	0.000000	0.326421	0.000000
90	tsk_90	(x)	1	:	0.000000	0.000000	1.000000	0.000000	0.000000	0.000000	0.000000	0.000000	0.000000	0.000000
91	tsk_91	(x)	1	:	0.000000	0.000000	1.000000	0.000000	0.000000	0.000000	0.000000	0.000000	0.000000	0.000000
92	tsk_92	(x)	1	:	0.000000	0.000000	0.000166	0.000000	0.609596	0.000000	0.390231	0.000000	0.000007	0.000000
93	tsk_93	(x)	1	:	0.000000	0.000000	0.000000	0.000000	0.000000	0.000000	0.000000	1.000000	0.000000	0.000000
94	tsk_94	(x)	1	:	0.403582	0.000000	0.000000	0.000000	0.000000	0.000000	0.000000	0.596418	0.000000	0.000000
95	tsk_95	(x)	1	:	0.000000	0.000000	0.415984	0.000000	0.584015	0.000000	0.000000	0.000000	0.000001	0.000000
96	tsk_96	(x)	1	:	0.000000	0.000000	0.476560	0.000000	0.000466	0.000000	0.000000	0.000000	0.522974	0.000000
97	tsk_97	(x)	1	:	0.000000	0.000000	0.476566	0.000000	0.000440	0.000000	0.000000	0.000000	0.522994	0.000000
98	tsk_98	(x)	1	:	0.000000	0.000000	0.000000	0.000000	0.000000	0.000000	0.000000	1.000000	0.000000	0.000000
99	tsk_99	(x)	1	:	0.000000	0.000000	1.000000	0.000000	0.000000	0.000000	0.000000	0.000000	0.000000	0.000000
100	tsk_100	(x)	1	:	0.000000	0.000000	0.489913	0.000000	0.510075	0.000000	0.000000	0.000000	0.000012	0.000000
101	tsk_101	(x)	1	:	0.000000	0.000000	0.469012	0.000000	0.000000	0.000000	0.530988	0.000000	0.000000	0.000000
102	tsk_102	(x)	1	:	0.000000	0.549934	0.000000	0.000000	0.434863	0.000000	0.000000	0.000000	0.015203	0.000000
103	tsk_103	(x)	1	:	0.000000	0.000000	0.000000	0.469374	0.530611	0.000000	0.000010	0.000000	0.000005	0.000000
104	tsk_104	(x)	1	:	0.000000	0.550695	0.000000	0.000000	0.436020	0.000000	0.000000	0.000000	0.013285	0.000000
105	tsk_105	(x)	1	:	0.000000	0.000000	0.000000	0.000000	0.437983	0.000000	0.000000	0.000000	0.562017	0.000000
106	tsk_106	(x)	1	:	0.000000	1.000000	0.000000	0.000000	0.000000	0.000000	0.000000	0.000000	0.000000	0.000000
107	tsk_107	(x)	1	:	0.000000	0.000000	0.000000	0.000000	0.000000	1.000000	0.000000	0.000000	0.000000	0.000000
108	tsk_108	(x)	1	:	0.000000	0.000000	0.000000	0.000000	0.000001	0.000000	0.000000	0.000000	0.999999	0.000000
109	tsk_109	(x)	1	:	0.000000	0.000000	0.000000	0.000000	0.000000	0.000000	0.000000	0.000000	1.000000	0.000000
110	tsk_110	(x)	1	:	0.000000	0.698004	0.000000	0.000000	0.000001	0.000000	0.000000	0.000000	0.301995	0.000000
111	tsk_111	(x)	1	:	0.000000	0.293965	0.000000	0.480239	0.000315	0.000000	0.000004	0.000000	0.225477	0.000000
112	tsk_112	(x)	1	:	0.000000	0.000000	0.000000	0.480258	0.000317	0.000000	0.000004	0.000000	0.519421	0.000000
113	tsk_113	(x)	1	:	0.000000	0.293878	0.000000	0.516929	0.000002	0.000000	0.000000	0.000000	0.189191	0.000000
114	tsk_114	(x)	1	:	0.526300	0.000000	0.000000	0.473695	0.000003	0.000000	0.000002	0.000000	0.000000	0.000000
115	tsk_115	(x)	1	:	0.000000	0.294035	0.000000	0.000000	0.000001	0.000000	0.000000	0.000000	0.705965	0.000000
116	tsk_116	(x)	1	:	0.000000	0.294035	0.000000	0.000000	0.000001	0.000000	0.000000	0.000000	0.705965	0.000000
117	tsk_117	(x)	1	:	0.501150	0.498835	0.000000	0.000000	0.000013	0.000000	0.000000	0.000000	0.000002	0.000000
118	tsk_118	(x)	1	:	0.524198	0.293953	0.000000	0.000000	0.000012	0.000000	0.000000	0.000000	0.181837	0.000000
119	tsk_119	(x)	1	:	0.000000	0.000000	0.000000	0.480255	0.000351	0.000000	0.000005	0.000000	0.519389	0.000000
120	tsk_120	(x)	1	:	0.000000	0.000000	0.000000	1.000000	0.000000	0.000000	0.000000	0.000000	0.000000	0.000000
121	tsk_121	(x)	1	:	0.393903	0.000000	0.000000	0.000000	0.084185	0.521867	0.000000	0.000039	0.000006	0.000000
122	tsk_122	(x)	1	:	0.000222	0.000000	0.000000	0.528671	0.000000	0.000000	0.000000	0.000001	0.000000	0.471106
123	tsk_123	(x)	1	:	0.000000	0.000000	0.454257	0.000000	0.306988	0.000000	0.000000	0.000000	0.238755	0.000000
124	tsk_124	(x)	1	:	0.000000	0.000000	0.000000	0.000000	0.437983	0.000000	0.000000	0.000000	0.562017	0.000000
125	tsk_125	(x)	1	:	0.393277	0.294038	0.000000	0.000000	0.048549	0.000000	0.000000	0.000115	0.264021	0.000000
126	tsk_126	(x)	1	:	0.000000	0.000000	0.000000	0.000000	0.000001	0.000000	0.000000	0.000000	0.999999	0.000000
127	tsk_127	(x)	1	:	0.393423	0.000000	0.000000	0.000000	0.048067	0.000000	0.000000	0.000122	0.558387	0.000000
128	tsk_128	(x)	1	:	0.000000	0.294035	0.000000	0.000000	0.000001	0.000000	0.000000	0.000000	0.705963	0.000000
129	tsk_129	(x)	1	:	0.000000	0.000000	0.000000	0.464417	0.001767	0.000000	0.000011	0.000000	0.533805	0.000000
130	tsk_130	(x)	1	:	0.000252	0.000000	0.000000	0.000000	0.000055	0.000000	0.000000	0.000002	0.518480	0.481211
131	tsk_131	(x)	1	:	0.693871	0.000000	0.000000	0.000000	0.000000	0.000000	0.000000	0.306129	0.000000	0.000000
132	tsk_132	(x)	1	:	0.000000	0.000000	0.483514	0.000000	0.002615	0.513871	0.000000	0.000000	0.000000	0.000000
133	tsk_133	(x)	1	:	0.000000	0.000000	0.000000	0.000000	0.999966	0.000000	0.000000	0.000000	0.000034	0.000000
134	tsk_134	(x)	1	:	0.522557	0.000000	0.000000	0.000000	0.000005	0.477438	0.000000	0.000000	0.000000	0.000000
135	tsk_135	(x)	1	:	0.000000	0.000000	0.573412	0.000000	0.426568	0.000000	0.000000	0.000000	0.000020	0.000000
136	tsk_136	(x)	1	:	0.000000	0.000000	0.000000	0.000000	0.476594	0.523394	0.000000	0.000000	0.000011	0.000000
137	tsk_137	(x)	1	:	0.001813	0.000000	0.488860	0.000000	0.072750	0.000000	0.000000	0.436577	0.000000	0.000000
138	tsk_138	(x)	1	:	0.532063	0.000000	0.467936	0.000000	0.000002	0.000000	0.000000	0.000000	0.000000	0.000000
139	tsk_139	(x)	1	:	0.000000	0.293918	0.000000	0.000000	0.000011	0.000000	0.499957	0.000000	0.206113	0.000000
140	tsk_140	(x)	1	:	0.000000	0.000000	0.000000	0.000000	0.000001	0.000000	0.000000	0.000000	0.999999	0.000000
141	tsk_141	(x)	1	:	0.000000	0.000000	0.000000	0.000000	0.000034	0.494528	0.000000	0.000000	0.505438	0.000000
142	tsk_142	(x)	1	:	0.000000	0.000000	0.000000	0.000000	0.437983	0.000000	0.000000	0.000000	0.562017	0.000000
143	tsk_143	(x)	1	:	0.000000	0.000000	0.000000	0.000000	0.000030	0.494529	0.000000	0.000000	0.505440	0.000000
144	tsk_144	(x)	1	:	0.522554	0.000000	0.000000	0.000000	0.000010	0.477435	0.000000	0.000000	0.000000	0.000000
145	tsk_145	(x)	1	:	0.000000	0.000000	0.000000	0.000000	0.437983	0.000000	0.000000	0.000000	0.562017	0.000000
146	tsk_146	(x)	1	:	0.000000	0.000000	0.000000	0.000000	0.000029	0.494530	0.000000	0.000000	0.505441	0.000000
147	tsk_147	(x)	1	:	0.000120	0.000000	0.000000	0.000000	0.000000	0.000000	0.000000	0.000000	0.501768	0.498112
148	tsk_148	(x)	1	:	0.000000	0.000000	0.000000	0.000000	0.437983	0.000000	0.000000	0.000000	0.562017	0.000000
149	tsk_149	(x)	1	:	0.556606	0.000000	0.000000	0.000000	0.443374	0.000000	0.000000	0.000000	0.000020	0.000000
