logL = -811.062240 (converged)
AIC = 4862.124480
BIC = 9739.353656

count.K
4 5 9 13 25 18 11 3 52 10 

