logL = -2300.524192 (converged)
AIC = 5869.048384
BIC = 7777.791160

count.K
42 46 32 30 

