logL = -1143.615521 (converged)
AIC = 4979.231042
BIC = 9031.546148

count.K
8 38 2 18 5 8 61 10 

