logL = -1583.683821 (converged)
AIC = 4371.367641
BIC = 6183.770088

count.K
43 38 56 13 

