logL = -558.489588 (converged)
AIC = 2964.979175
BIC = 5746.806187

count.K
21 33 60 11 14 11 

