0	tsk_0	(x)	1	:	0.000000	0.000000	0.000000	0.496716	0.000000	0.000000	0.000000	0.000000	0.503284	0.000000	0.000000	0.000000	0.000000
1	tsk_1	(x)	1	:	0.000000	0.000000	0.000000	0.000000	0.000000	0.490060	0.000000	0.144139	0.000000	0.000000	0.152090	0.000000	0.213711
2	tsk_2	(x)	1	:	0.000000	0.000000	0.000000	0.002046	0.000000	0.000000	0.000000	0.056940	0.499008	0.000000	0.187058	0.000000	0.254949
3	tsk_3	(x)	1	:	0.000000	0.000000	0.000000	0.000000	0.000000	0.000000	0.000000	0.232550	0.000000	0.000000	0.066841	0.000000	0.700609
4	tsk_4	(x)	1	:	0.000000	0.000000	0.000000	0.000000	0.000000	0.000000	0.000000	0.000000	1.000000	0.000000	0.000000	0.000000	0.000000
5	tsk_5	(x)	1	:	0.000000	0.000000	0.000000	0.001154	0.000000	0.000000	0.000000	0.084517	0.499724	0.000000	0.076996	0.000000	0.337610
6	tsk_6	(x)	1	:	0.000000	0.000000	0.000000	0.496716	0.000000	0.000000	0.000000	0.000000	0.503284	0.000000	0.000000	0.000000	0.000000
7	tsk_7	(x)	1	:	0.000000	0.000000	0.508414	0.000000	0.000000	0.491586	0.000000	0.000000	0.000000	0.000000	0.000000	0.000000	0.000000
8	tsk_8	(x)	1	:	0.000000	0.000000	0.000000	0.500000	0.000000	0.000000	0.000000	0.148787	0.000000	0.000000	0.022822	0.000000	0.328391
9	tsk_9	(x)	1	:	0.000000	0.000000	0.000000	0.525614	0.000000	0.474386	0.000000	0.000000	0.000000	0.000000	0.000000	0.000000	0.000000
10	tsk_10	(x)	1	:	0.000000	0.000000	0.000000	0.000000	0.000000	0.000000	0.000000	0.215064	0.000000	0.000000	0.235969	0.000000	0.548968
11	tsk_11	(x)	1	:	0.000000	0.000000	0.000000	0.500000	0.000000	0.000000	0.000000	0.122401	0.000000	0.000000	0.147421	0.000000	0.230178
12	tsk_12	(x)	1	:	0.000000	0.000000	0.000000	0.000000	0.000000	0.000000	0.000000	0.022024	0.000000	0.000000	0.311311	0.000000	0.666665
13	tsk_13	(x)	1	:	0.000000	0.000000	0.485306	0.000000	0.000000	0.514694	0.000000	0.000000	0.000000	0.000000	0.000000	0.000000	0.000000
14	tsk_14	(x)	1	:	0.000000	0.000000	0.000000	0.407886	0.000000	0.000000	0.000000	0.000000	0.503278	0.000000	0.000000	0.088836	0.000000
15	tsk_15	(x)	1	:	0.000000	0.000000	0.000000	0.000000	0.000000	0.000000	0.000000	0.218978	0.000000	0.000000	0.165280	0.000000	0.615742
16	tsk_16	(x)	1	:	0.000000	0.000000	0.000000	0.000000	0.000000	0.000000	0.000000	0.125293	0.000000	0.000000	0.212005	0.000000	0.662702
17	tsk_17	(x)	1	:	0.517273	0.000000	0.000000	0.482727	0.000000	0.000000	0.000000	0.000000	0.000000	0.000000	0.000000	0.000000	0.000000
18	tsk_18	(x)	1	:	0.000000	0.000000	0.000000	1.000000	0.000000	0.000000	0.000000	0.000000	0.000000	0.000000	0.000000	0.000000	0.000000
19	tsk_19	(x)	1	:	0.000000	0.000000	0.000000	0.000000	0.000000	0.000000	0.000000	0.000004	0.480878	0.518975	0.000034	0.000000	0.000109
20	tsk_20	(x)	1	:	0.621399	0.000000	0.000000	0.000000	0.000000	0.378601	0.000000	0.000000	0.000000	0.000000	0.000000	0.000000	0.000000
21	tsk_21	(x)	1	:	0.709704	0.000000	0.000000	0.000000	0.000000	0.290296	0.000000	0.000000	0.000000	0.000000	0.000000	0.000000	0.000000
22	tsk_22	(x)	1	:	0.000000	0.000000	0.000000	0.000000	0.000000	1.000000	0.000000	0.000000	0.000000	0.000000	0.000000	0.000000	0.000000
23	tsk_23	(x)	1	:	0.621399	0.000000	0.000000	0.000000	0.000000	0.378601	0.000000	0.000000	0.000000	0.000000	0.000000	0.000000	0.000000
24	tsk_24	(x)	1	:	0.517273	0.000000	0.000000	0.482727	0.000000	0.000000	0.000000	0.000000	0.000000	0.000000	0.000000	0.000000	0.000000
25	tsk_25	(x)	1	:	0.517272	0.000000	0.000000	0.314730	0.000000	0.000000	0.000000	0.000000	0.167997	0.000000	0.000000	0.000000	0.000000
26	tsk_26	(x)	1	:	0.621399	0.000000	0.000000	0.000000	0.000000	0.378601	0.000000	0.000000	0.000000	0.000000	0.000000	0.000000	0.000000
27	tsk_27	(x)	1	:	1.000000	0.000000	0.000000	0.000000	0.000000	0.000000	0.000000	0.000000	0.000000	0.000000	0.000000	0.000000	0.000000
28	tsk_28	(x)	1	:	1.000000	0.000000	0.000000	0.000000	0.000000	0.000000	0.000000	0.000000	0.000000	0.000000	0.000000	0.000000	0.000000
29	tsk_29	(x)	1	:	0.509283	0.000000	0.000000	0.000032	0.000000	0.000000	0.000000	0.000000	0.490684	0.000000	0.000000	0.000000	0.000000
30	tsk_30	(x)	1	:	0.000000	0.000000	0.000000	0.000000	1.000000	0.000000	0.000000	0.000000	0.000000	0.000000	0.000000	0.000000	0.000000
31	tsk_31	(x)	1	:	0.455844	0.000000	0.000000	0.000000	0.000000	0.544156	0.000000	0.000000	0.000000	0.000000	0.000000	0.000000	0.000000
32	tsk_32	(x)	1	:	0.000000	0.000000	0.000000	0.000000	0.000000	1.000000	0.000000	0.000000	0.000000	0.000000	0.000000	0.000000	0.000000
33	tsk_33	(x)	1	:	0.000000	0.000000	0.000000	0.000000	0.000000	0.513223	0.000000	0.064031	0.000000	0.000000	0.384953	0.000000	0.037793
34	tsk_34	(x)	1	:	0.000000	0.000000	0.498577	0.000000	0.000000	0.000000	0.000000	0.113257	0.000000	0.000000	0.326645	0.000000	0.061521
35	tsk_35	(x)	1	:	0.000000	0.000000	0.000000	0.000000	0.000000	0.513223	0.000000	0.096000	0.000000	0.000000	0.287837	0.000000	0.102940
36	tsk_36	(x)	1	:	0.000000	0.000000	0.000000	0.500000	0.000000	0.000000	0.000000	0.085114	0.000000	0.000000	0.113160	0.000000	0.301726
37	tsk_37	(x)	1	:	0.000000	0.000000	0.000000	0.000000	0.000000	0.513223	0.000000	0.066066	0.000000	0.000000	0.356508	0.000000	0.064203
38	tsk_38	(x)	1	:	0.000000	0.000000	0.000000	0.000000	0.515593	0.000000	0.000000	0.466855	0.000000	0.000000	0.007597	0.000000	0.009955
39	tsk_39	(x)	1	:	0.000000	0.000000	0.000000	0.000000	0.000000	0.513223	0.000000	0.055111	0.000000	0.000000	0.323110	0.000000	0.108555
40	tsk_40	(x)	1	:	0.000000	0.000000	0.000000	1.000000	0.000000	0.000000	0.000000	0.000000	0.000000	0.000000	0.000000	0.000000	0.000000
41	tsk_41	(x)	1	:	0.000000	0.000000	0.000000	0.525614	0.000000	0.474386	0.000000	0.000000	0.000000	0.000000	0.000000	0.000000	0.000000
42	tsk_42	(x)	1	:	0.000000	0.000000	0.000000	0.500000	0.000000	0.000000	0.000000	0.058078	0.000000	0.000000	0.057661	0.000000	0.384262
43	tsk_43	(x)	1	:	0.000036	0.000000	0.000000	0.000000	0.000000	0.000000	0.000000	0.108053	0.000000	0.000000	0.132049	0.493848	0.266014
44	tsk_44	(x)	1	:	0.000000	0.000000	0.000000	0.500000	0.000000	0.000000	0.000000	0.146973	0.000000	0.000000	0.086846	0.000000	0.266181
45	tsk_45	(x)	1	:	0.517324	0.000000	0.000000	0.057557	0.425120	0.000000	0.000000	0.000000	0.000000	0.000000	0.000000	0.000000	0.000000
46	tsk_46	(x)	1	:	0.000000	0.000000	0.000000	0.000000	0.000000	0.000000	0.000000	0.063019	0.000000	0.000000	0.130625	0.000000	0.806356
47	tsk_47	(x)	1	:	0.000000	0.000000	0.000000	0.525614	0.000000	0.474386	0.000000	0.000000	0.000000	0.000000	0.000000	0.000000	0.000000
48	tsk_48	(x)	1	:	0.000000	0.000000	0.000000	0.500000	0.000000	0.000000	0.000000	0.024809	0.000000	0.000000	0.120535	0.000000	0.354656
49	tsk_49	(x)	1	:	0.000000	0.000000	0.000000	0.000000	0.000000	0.490060	0.000000	0.146890	0.000000	0.000000	0.159572	0.000000	0.203478
50	tsk_50	(x)	1	:	0.000000	0.000000	0.000000	0.357618	0.000000	0.474385	0.000000	0.000000	0.167997	0.000000	0.000000	0.000000	0.000000
51	tsk_51	(x)	1	:	0.000000	0.000000	0.000000	0.000000	0.000000	0.000000	0.000000	0.000000	1.000000	0.000000	0.000000	0.000000	0.000000
52	tsk_52	(x)	1	:	0.000000	1.000000	0.000000	0.000000	0.000000	0.000000	0.000000	0.000000	0.000000	0.000000	0.000000	0.000000	0.000000
53	tsk_53	(x)	1	:	0.000000	0.000000	0.000000	0.000000	0.000000	0.000000	0.500000	0.027147	0.000000	0.000000	0.056831	0.000000	0.416022
54	tsk_54	(x)	1	:	0.000000	0.500000	0.000000	0.000000	0.000000	0.000000	0.000000	0.158199	0.000000	0.000000	0.110994	0.000000	0.230808
55	tsk_55	(x)	1	:	0.000000	0.500000	0.000000	0.000000	0.000000	0.000000	0.500000	0.000000	0.000000	0.000000	0.000000	0.000000	0.000000
56	tsk_56	(x)	1	:	0.000000	0.000000	0.000000	0.000000	0.000000	0.519928	0.000000	0.000000	0.480072	0.000000	0.000000	0.000000	0.000000
57	tsk_57	(x)	1	:	0.000000	0.000000	0.000000	0.001189	0.000000	0.000000	0.497653	0.000078	0.499540	0.000000	0.000245	0.000000	0.001296
58	tsk_58	(x)	1	:	0.000000	0.500000	0.000000	0.000000	0.000000	0.000000	0.500000	0.000000	0.000000	0.000000	0.000000	0.000000	0.000000
59	tsk_59	(x)	1	:	0.000000	0.500000	0.000000	0.000000	0.000000	0.000000	0.000000	0.117969	0.000000	0.000000	0.124742	0.000000	0.257289
60	tsk_60	(x)	1	:	0.000000	0.000000	0.000000	0.000000	0.000000	1.000000	0.000000	0.000000	0.000000	0.000000	0.000000	0.000000	0.000000
61	tsk_61	(x)	1	:	0.000000	0.000000	0.000000	0.467596	0.000000	0.532404	0.000000	0.000000	0.000000	0.000000	0.000000	0.000000	0.000000
62	tsk_62	(x)	1	:	0.000000	0.000000	0.000000	0.663344	0.000000	0.000000	0.000000	0.000000	0.336656	0.000000	0.000000	0.000000	0.000000
63	tsk_63	(x)	1	:	0.000000	0.000000	0.000000	0.663344	0.000000	0.000000	0.000000	0.000000	0.336656	0.000000	0.000000	0.000000	0.000000
64	tsk_64	(x)	1	:	0.000000	0.000000	0.000000	0.000000	0.000000	0.490060	0.000000	0.073158	0.000000	0.000000	0.297013	0.000000	0.139768
65	tsk_65	(x)	1	:	0.507939	0.000000	0.492061	0.000000	0.000000	0.000000	0.000000	0.000000	0.000000	0.000000	0.000000	0.000000	0.000000
66	tsk_66	(x)	1	:	0.000000	0.000000	0.000000	0.467596	0.000000	0.532404	0.000000	0.000000	0.000000	0.000000	0.000000	0.000000	0.000000
67	tsk_67	(x)	1	:	0.000000	0.000000	0.000000	0.525614	0.000000	0.474386	0.000000	0.000000	0.000000	0.000000	0.000000	0.000000	0.000000
68	tsk_68	(x)	1	:	0.000000	0.000000	0.000000	0.663344	0.000000	0.000000	0.000000	0.000000	0.336656	0.000000	0.000000	0.000000	0.000000
69	tsk_69	(x)	1	:	0.000000	0.000000	0.000000	0.525614	0.000000	0.474386	0.000000	0.000000	0.000000	0.000000	0.000000	0.000000	0.000000
70	tsk_70	(x)	1	:	0.000000	0.000000	0.000000	0.000000	0.000000	0.000000	0.000000	0.093014	0.000000	0.000000	0.053509	0.000000	0.853477
71	tsk_71	(x)	1	:	0.000000	0.000000	0.000000	0.000000	0.000000	0.000000	0.000000	0.047314	0.000000	0.000000	0.195854	0.000000	0.756833
72	tsk_72	(x)	1	:	0.000000	0.000000	0.000000	0.500000	0.000000	0.000000	0.000000	0.041912	0.000000	0.000000	0.086596	0.000000	0.371491
73	tsk_73	(x)	1	:	0.000000	0.000000	0.000000	0.500000	0.000000	0.000000	0.000000	0.038106	0.000000	0.000000	0.117588	0.000000	0.344306
74	tsk_74	(x)	1	:	0.000000	0.000000	0.000000	0.000000	0.000000	0.513223	0.000000	0.030286	0.000000	0.000000	0.428288	0.000000	0.028203
75	tsk_75	(x)	1	:	0.000000	0.500000	0.000000	0.000000	0.000000	0.000000	0.000000	0.094823	0.000000	0.000000	0.203648	0.000000	0.201529
76	tsk_76	(x)	1	:	0.000000	0.000000	0.000000	0.001162	0.000000	0.000000	0.497880	0.000026	0.499576	0.000000	0.000356	0.000000	0.000999
77	tsk_77	(x)	1	:	0.000000	0.000000	0.000000	0.492351	0.000000	0.000000	0.000000	0.008522	0.000000	0.432721	0.011909	0.000000	0.054498
78	tsk_78	(x)	1	:	0.000000	0.000000	0.000000	0.500000	0.000000	0.000000	0.000000	0.130425	0.000000	0.000000	0.065529	0.000000	0.304046
79	tsk_79	(x)	1	:	0.000000	0.000000	0.000000	0.496716	0.000000	0.000000	0.000000	0.000000	0.503284	0.000000	0.000000	0.000000	0.000000
80	tsk_80	(x)	1	:	0.000000	0.000000	0.000000	0.000000	0.000000	1.000000	0.000000	0.000000	0.000000	0.000000	0.000000	0.000000	0.000000
81	tsk_81	(x)	1	:	0.000000	0.000000	0.000000	0.000000	0.000000	0.490060	0.000000	0.167883	0.000000	0.000000	0.181045	0.000000	0.161012
82	tsk_82	(x)	1	:	0.000000	0.000000	0.000000	0.000000	0.000000	1.000000	0.000000	0.000000	0.000000	0.000000	0.000000	0.000000	0.000000
83	tsk_83	(x)	1	:	0.000000	0.000000	0.000000	0.000000	0.000000	0.000000	0.000000	0.039501	0.000000	0.000000	0.146411	0.000000	0.814088
84	tsk_84	(x)	1	:	0.000000	0.000000	0.000000	0.001742	0.000000	0.000000	0.000000	0.000000	0.499252	0.000000	0.248763	0.000000	0.250243
85	tsk_85	(x)	1	:	0.000000	0.000000	0.000000	0.000000	0.000000	0.000000	0.500000	0.026458	0.000000	0.000000	0.056248	0.000000	0.417294
86	tsk_86	(x)	1	:	0.000000	0.000000	0.000000	0.023405	0.000000	0.473992	0.000000	0.000000	0.502602	0.000000	0.000000	0.000000	0.000000
87	tsk_87	(x)	1	:	0.000000	0.000000	0.000000	0.000000	0.000000	1.000000	0.000000	0.000000	0.000000	0.000000	0.000000	0.000000	0.000000
88	tsk_88	(x)	1	:	0.000000	0.000000	0.000000	0.000000	0.000000	0.513223	0.000000	0.057333	0.000000	0.000000	0.421346	0.000000	0.008098
89	tsk_89	(x)	1	:	0.000000	0.000000	0.000000	0.000000	0.000000	0.490477	0.505478	0.000930	0.000000	0.000000	0.002563	0.000000	0.000552
90	tsk_90	(x)	1	:	0.000000	0.000000	0.498018	0.000000	0.000000	0.000000	0.000000	0.000000	0.501982	0.000000	0.000000	0.000000	0.000000
91	tsk_91	(x)	1	:	0.000000	0.000000	0.485306	0.000000	0.000000	0.514694	0.000000	0.000000	0.000000	0.000000	0.000000	0.000000	0.000000
92	tsk_92	(x)	1	:	0.000000	0.000000	0.000000	0.000000	0.000000	0.519928	0.000000	0.000000	0.480072	0.000000	0.000000	0.000000	0.000000
93	tsk_93	(x)	1	:	0.000000	0.000000	1.000000	0.000000	0.000000	0.000000	0.000000	0.000000	0.000000	0.000000	0.000000	0.000000	0.000000
94	tsk_94	(x)	1	:	0.557833	0.000000	0.000000	0.000000	0.000000	0.442167	0.000000	0.000000	0.000000	0.000000	0.000000	0.000000	0.000000
95	tsk_95	(x)	1	:	0.000000	0.000000	0.519203	0.480797	0.000000	0.000000	0.000000	0.000000	0.000000	0.000000	0.000000	0.000000	0.000000
96	tsk_96	(x)	1	:	0.000000	0.000000	0.485306	0.000000	0.000000	0.514694	0.000000	0.000000	0.000000	0.000000	0.000000	0.000000	0.000000
97	tsk_97	(x)	1	:	0.000000	0.000000	0.000000	0.023520	0.000000	0.473950	0.000000	0.000000	0.502530	0.000000	0.000000	0.000000	0.000000
98	tsk_98	(x)	1	:	0.000000	0.000000	0.497921	0.000490	0.000000	0.000000	0.000000	0.000000	0.501589	0.000000	0.000000	0.000000	0.000000
99	tsk_99	(x)	1	:	0.000000	0.000000	0.000000	0.001835	0.000000	0.000000	0.000000	0.064822	0.499177	0.000000	0.099241	0.000000	0.334926
100	tsk_100	(x)	1	:	0.000000	0.000000	0.000000	0.000000	0.000000	0.000000	0.000000	0.153250	0.000000	0.000000	0.100462	0.000000	0.746287
101	tsk_101	(x)	1	:	0.474076	0.000000	0.000000	0.000000	0.000000	0.000000	0.000000	0.116491	0.000000	0.000000	0.120699	0.000000	0.288733
102	tsk_102	(x)	1	:	1.000000	0.000000	0.000000	0.000000	0.000000	0.000000	0.000000	0.000000	0.000000	0.000000	0.000000	0.000000	0.000000
103	tsk_103	(x)	1	:	0.000000	0.000000	0.000000	0.000000	0.000000	0.490060	0.000000	0.124815	0.000000	0.000000	0.195523	0.000000	0.189601
104	tsk_104	(x)	1	:	0.000000	0.000000	0.000000	0.332004	0.000000	0.000000	0.000000	0.099567	0.167997	0.000000	0.142383	0.000000	0.258050
105	tsk_105	(x)	1	:	0.506369	0.000000	0.000000	0.000000	0.000000	0.000000	0.000000	0.097400	0.000000	0.000000	0.164950	0.000000	0.231281
106	tsk_106	(x)	1	:	0.475680	0.000000	0.524320	0.000000	0.000000	0.000000	0.000000	0.000000	0.000000	0.000000	0.000000	0.000000	0.000000
107	tsk_107	(x)	1	:	0.506369	0.000000	0.000000	0.000000	0.000000	0.000000	0.000000	0.074251	0.000000	0.000000	0.107930	0.000000	0.311450
108	tsk_108	(x)	1	:	0.000000	0.000000	0.000000	0.000000	0.000000	0.000000	0.000000	0.080705	0.000000	0.000000	0.055813	0.000000	0.863481
109	tsk_109	(x)	1	:	0.499111	0.000000	0.000000	0.000000	0.000000	0.000000	0.000000	0.023374	0.000000	0.431261	0.026761	0.000000	0.019493
110	tsk_110	(x)	1	:	0.000000	0.000000	0.000000	0.000000	0.000000	1.000000	0.000000	0.000000	0.000000	0.000000	0.000000	0.000000	0.000000
111	tsk_111	(x)	1	:	0.000000	0.000000	0.000000	0.000000	0.000000	0.000000	0.000000	0.099631	0.000000	0.000000	0.084008	0.000000	0.816361
112	tsk_112	(x)	1	:	0.000000	0.000000	0.000000	0.000000	0.000000	0.513223	0.000000	0.052948	0.000000	0.000000	0.395892	0.000000	0.037937
113	tsk_113	(x)	1	:	0.505864	0.000000	0.000000	0.000000	0.000000	0.000000	0.493590	0.000007	0.000000	0.000000	0.000150	0.000000	0.000389
114	tsk_114	(x)	1	:	0.000000	0.000000	0.000000	0.000000	0.000000	0.490430	0.504867	0.000444	0.000000	0.000000	0.001482	0.000000	0.002777
115	tsk_115	(x)	1	:	0.000000	0.000000	0.000000	0.000000	0.000000	0.000000	0.500000	0.041438	0.000000	0.000000	0.066533	0.000000	0.392028
116	tsk_116	(x)	1	:	0.000000	0.000000	0.000000	0.000000	0.000000	0.000000	0.000000	0.027623	0.000000	0.000000	0.181602	0.000000	0.790775
117	tsk_117	(x)	1	:	0.000000	0.000000	0.000000	0.000000	0.000000	0.000000	0.500000	0.087817	0.000000	0.000000	0.127516	0.000000	0.284667
118	tsk_118	(x)	1	:	0.506369	0.000000	0.000000	0.000000	0.000000	0.000000	0.000000	0.111570	0.000000	0.000000	0.075214	0.000000	0.306846
119	tsk_119	(x)	1	:	0.000000	0.000000	0.000000	0.000000	0.000000	0.000000	0.500000	0.007090	0.000000	0.000000	0.041958	0.000000	0.450951
120	tsk_120	(x)	1	:	0.000000	0.000000	0.000000	0.075100	0.424898	0.000000	0.000000	0.171164	0.000000	0.000000	0.047418	0.000000	0.281420
121	tsk_121	(x)	1	:	0.000000	0.000000	0.000000	0.075096	0.424903	0.000000	0.000000	0.128358	0.000000	0.000000	0.094084	0.000000	0.277560
122	tsk_122	(x)	1	:	0.000000	0.000000	0.000000	0.100717	0.424895	0.474388	0.000000	0.000000	0.000000	0.000000	0.000000	0.000000	0.000000
123	tsk_123	(x)	1	:	0.000000	0.000000	0.000000	0.000000	0.000000	0.490060	0.000000	0.111219	0.000000	0.000000	0.139188	0.000000	0.259533
124	tsk_124	(x)	1	:	0.000000	0.000000	0.000000	0.332004	0.000000	0.000000	0.000000	0.123903	0.167997	0.000000	0.151450	0.000000	0.224647
125	tsk_125	(x)	1	:	0.000000	0.000000	0.000000	0.075095	0.424903	0.000000	0.000000	0.214870	0.000000	0.000000	0.106066	0.000000	0.179065
126	tsk_126	(x)	1	:	0.000000	0.000000	0.000000	0.000000	0.000000	0.000000	0.000000	0.036400	0.000000	0.000000	0.101157	0.000000	0.862443
127	tsk_127	(x)	1	:	0.000000	0.000000	0.000000	0.000000	0.000000	0.513223	0.000000	0.099152	0.000000	0.000000	0.295372	0.000000	0.092253
128	tsk_128	(x)	1	:	0.000000	0.000000	0.000000	0.000000	0.000000	0.000000	0.000000	0.069721	0.000000	0.000000	0.216659	0.000000	0.713619
129	tsk_129	(x)	1	:	0.000000	0.000000	0.000000	0.332004	0.000000	0.000000	0.000000	0.124081	0.167997	0.000000	0.036234	0.000000	0.339685
130	tsk_130	(x)	1	:	0.000000	0.000000	0.000000	0.525614	0.000000	0.474386	0.000000	0.000000	0.000000	0.000000	0.000000	0.000000	0.000000
131	tsk_131	(x)	1	:	0.000000	0.000000	0.000000	0.000000	0.000000	0.509178	0.000000	0.098743	0.000000	0.000000	0.284095	0.000000	0.107983
132	tsk_132	(x)	1	:	0.000000	0.000000	0.000000	0.002007	0.000000	0.000000	0.000000	0.066777	0.499039	0.000000	0.195024	0.000000	0.237153
133	tsk_133	(x)	1	:	0.000000	0.000000	0.000000	0.000000	0.000000	0.490060	0.000000	0.207184	0.000000	0.000000	0.079714	0.000000	0.223042
134	tsk_134	(x)	1	:	0.000233	0.000000	0.000000	0.000000	0.000000	0.476066	0.000000	0.000000	0.000000	0.000000	0.000000	0.523700	0.000000
135	tsk_135	(x)	1	:	0.000000	0.000000	0.000000	0.000000	0.000000	0.490060	0.000000	0.170701	0.000000	0.000000	0.112906	0.000000	0.226332
136	tsk_136	(x)	1	:	0.000000	0.000000	0.000000	0.000000	0.000000	0.490060	0.000000	0.154272	0.000000	0.000000	0.297920	0.000000	0.057747
137	tsk_137	(x)	1	:	0.000000	0.000000	0.000000	0.000000	0.000000	1.000000	0.000000	0.000000	0.000000	0.000000	0.000000	0.000000	0.000000
138	tsk_138	(x)	1	:	0.000000	0.000000	0.000000	0.000000	0.000000	0.490060	0.000000	0.074314	0.000000	0.000000	0.252053	0.000000	0.183572
139	tsk_139	(x)	1	:	0.000000	0.000000	0.000000	0.000000	0.000000	0.000000	0.000000	0.190082	0.000000	0.000000	0.135687	0.000000	0.674231
140	tsk_140	(x)	1	:	0.474076	0.000000	0.000000	0.000000	0.000000	0.000000	0.000000	0.130512	0.000000	0.000000	0.225264	0.000000	0.170148
141	tsk_141	(x)	1	:	0.000000	0.000000	0.000000	0.492350	0.000000	0.000000	0.000000	0.015529	0.000000	0.432717	0.016445	0.000000	0.042959
142	tsk_142	(x)	1	:	0.000000	0.000000	0.000000	0.575117	0.424883	0.000000	0.000000	0.000000	0.000000	0.000000	0.000000	0.000000	0.000000
143	tsk_143	(x)	1	:	0.000000	0.000000	0.498344	0.076717	0.424938	0.000000	0.000000	0.000000	0.000000	0.000000	0.000000	0.000000	0.000000
144	tsk_144	(x)	1	:	0.000000	0.000000	0.000000	0.000000	1.000000	0.000000	0.000000	0.000000	0.000000	0.000000	0.000000	0.000000	0.000000
145	tsk_145	(x)	1	:	0.427433	0.000000	0.000000	0.147673	0.424894	0.000000	0.000000	0.000000	0.000000	0.000000	0.000000	0.000000	0.000000
146	tsk_146	(x)	1	:	0.000000	0.000000	0.000000	1.000000	0.000000	0.000000	0.000000	0.000000	0.000000	0.000000	0.000000	0.000000	0.000000
147	tsk_147	(x)	1	:	0.000000	0.000000	0.000000	0.492350	0.000000	0.000000	0.000000	0.012916	0.000000	0.432718	0.021521	0.000000	0.040494
148	tsk_148	(x)	1	:	0.000036	0.000000	0.000000	0.000000	0.000000	0.000000	0.000000	0.126520	0.000000	0.000000	0.155794	0.493848	0.223802
149	tsk_149	(x)	1	:	0.747265	0.000000	0.000000	0.000000	0.000000	0.252735	0.000000	0.000000	0.000000	0.000000	0.000000	0.000000	0.000000
