logL = -1316.891141 (converged)
AIC = 5325.782283
BIC = 9378.097389

count.K
30 41 12 3 29 20 0 15 

