logL = -2291.756684 (converged)
AIC = 5483.513369
BIC = 6838.299251

count.K
41 77 32 

