logL = -1706.258286 (converged)
AIC = 4672.516571
BIC = 6569.216807

count.K
48 35 19 48 

