0	tsk_0	(x)	1	:	0.000000	0.433526	0.489129	0.000000	0.000000	0.005569	0.000000	0.000000	0.000000	0.000000	0.000000	0.000000	0.000000	0.000000	0.071776
1	tsk_1	(x)	1	:	0.000000	0.433458	0.000000	0.000000	0.000000	0.000000	0.475822	0.000000	0.000000	0.000000	0.000000	0.000000	0.000000	0.000000	0.090720
2	tsk_2	(x)	1	:	0.000000	0.000000	0.000000	0.000000	0.000000	1.000000	0.000000	0.000000	0.000000	0.000000	0.000000	0.000000	0.000000	0.000000	0.000000
3	tsk_3	(x)	1	:	0.000000	0.000000	0.000000	0.000000	0.000000	0.492739	0.000000	0.000000	0.000000	0.000000	0.000000	0.000000	0.000000	0.440522	0.066739
4	tsk_4	(x)	1	:	0.000000	0.000000	0.000000	0.000000	0.000000	0.492693	0.475771	0.000000	0.000000	0.000000	0.000000	0.000000	0.000000	0.000000	0.031537
5	tsk_5	(x)	1	:	0.000000	0.000000	0.000000	0.000000	0.000000	0.492680	0.475759	0.000000	0.000000	0.000000	0.000000	0.000000	0.000000	0.000000	0.031561
6	tsk_6	(x)	1	:	0.000000	0.000000	0.491006	0.000000	0.000000	0.508994	0.000000	0.000000	0.000000	0.000000	0.000000	0.000000	0.000000	0.000000	0.000000
7	tsk_7	(x)	1	:	0.000000	0.000000	0.000000	0.000000	0.000000	0.492772	0.475850	0.000000	0.000000	0.000000	0.000000	0.000000	0.000000	0.000000	0.031378
8	tsk_8	(x)	1	:	0.000000	0.000000	0.488694	0.000000	0.000000	0.005731	0.475154	0.000000	0.000000	0.000000	0.000000	0.000000	0.000000	0.000000	0.030421
9	tsk_9	(x)	1	:	0.000000	0.421905	0.000000	0.578095	0.000000	0.000000	0.000000	0.000000	0.000000	0.000000	0.000000	0.000000	0.000000	0.000000	0.000000
10	tsk_10	(x)	1	:	0.000000	0.000000	0.000000	0.000000	0.000000	0.000000	0.402802	0.000000	0.000000	0.000000	0.000000	0.000000	0.000000	0.597198	0.000000
11	tsk_11	(x)	1	:	0.000000	0.000000	0.000000	0.000000	0.000000	0.492729	0.475807	0.000000	0.000000	0.000000	0.000000	0.000000	0.000000	0.000000	0.031464
12	tsk_12	(x)	1	:	0.000000	0.000000	0.000000	0.000000	0.000000	0.000000	0.005399	0.476089	0.000000	0.489071	0.000000	0.000000	0.000000	0.000000	0.029442
13	tsk_13	(x)	1	:	0.000000	0.000000	0.000000	0.000000	0.492515	0.000000	0.507485	0.000000	0.000000	0.000000	0.000000	0.000000	0.000000	0.000000	0.000000
14	tsk_14	(x)	1	:	0.000000	0.000000	0.000000	0.000000	0.000000	0.000000	0.475846	0.000000	0.000000	0.488873	0.000000	0.000000	0.000000	0.000000	0.035281
15	tsk_15	(x)	1	:	0.000000	0.000000	0.000000	0.000000	0.000000	0.000000	0.402802	0.000000	0.000000	0.000000	0.000000	0.000000	0.000000	0.597198	0.000000
16	tsk_16	(x)	1	:	0.000000	0.000000	0.000000	0.000000	0.000000	0.000000	1.000000	0.000000	0.000000	0.000000	0.000000	0.000000	0.000000	0.000000	0.000000
17	tsk_17	(x)	1	:	0.000000	0.000000	0.000000	0.000000	0.000000	0.000000	1.000000	0.000000	0.000000	0.000000	0.000000	0.000000	0.000000	0.000000	0.000000
18	tsk_18	(x)	1	:	0.502793	0.000000	0.000000	0.000000	0.485519	0.000000	0.000000	0.000000	0.000000	0.000000	0.000000	0.000000	0.000000	0.000000	0.011688
19	tsk_19	(x)	1	:	0.000000	0.000000	0.000000	0.000000	0.000000	0.000000	0.475816	0.000000	0.000000	0.000000	0.000000	0.000000	0.000000	0.000000	0.524184
20	tsk_20	(x)	1	:	0.000000	0.000000	0.000000	0.000000	0.000000	0.000000	0.000000	0.000000	0.000000	0.000000	0.000000	1.000000	0.000000	0.000000	0.000000
21	tsk_21	(x)	1	:	0.000000	0.000000	0.000000	0.000000	0.205257	0.000000	0.429325	0.000000	0.000000	0.365418	0.000000	0.000000	0.000000	0.000000	0.000000
22	tsk_22	(x)	1	:	0.000000	0.000000	0.000000	0.000000	0.000000	0.000000	0.475843	0.000000	0.000000	0.488870	0.000000	0.000000	0.000000	0.000000	0.035286
23	tsk_23	(x)	1	:	0.500655	0.000000	0.000000	0.000000	0.000000	0.000000	0.475017	0.000000	0.000000	0.000000	0.000000	0.000000	0.000000	0.000000	0.024328
24	tsk_24	(x)	1	:	0.499608	0.000000	0.000000	0.000000	0.000000	0.000000	0.474895	0.000000	0.000000	0.000000	0.000000	0.000000	0.000000	0.000000	0.025497
25	tsk_25	(x)	1	:	0.359840	0.000000	0.000000	0.000000	0.000000	0.000000	0.000000	0.000000	0.640160	0.000000	0.000000	0.000000	0.000000	0.000000	0.000000
26	tsk_26	(x)	1	:	1.000000	0.000000	0.000000	0.000000	0.000000	0.000000	0.000000	0.000000	0.000000	0.000000	0.000000	0.000000	0.000000	0.000000	0.000000
27	tsk_27	(x)	1	:	1.000000	0.000000	0.000000	0.000000	0.000000	0.000000	0.000000	0.000000	0.000000	0.000000	0.000000	0.000000	0.000000	0.000000	0.000000
28	tsk_28	(x)	1	:	0.000000	0.000000	0.000000	0.000000	0.205046	0.366681	0.428273	0.000000	0.000000	0.000000	0.000000	0.000000	0.000000	0.000000	0.000000
29	tsk_29	(x)	1	:	0.498861	0.000000	0.000000	0.000000	0.000000	0.000000	0.000000	0.000000	0.000000	0.487187	0.000000	0.000000	0.000000	0.000000	0.013952
30	tsk_30	(x)	1	:	0.000000	0.000000	0.000000	0.000000	1.000000	0.000000	0.000000	0.000000	0.000000	0.000000	0.000000	0.000000	0.000000	0.000000	0.000000
31	tsk_31	(x)	1	:	0.000000	0.000000	0.000000	0.000000	0.000000	0.000000	1.000000	0.000000	0.000000	0.000000	0.000000	0.000000	0.000000	0.000000	0.000000
32	tsk_32	(x)	1	:	0.000000	0.000000	0.000000	0.000000	1.000000	0.000000	0.000000	0.000000	0.000000	0.000000	0.000000	0.000000	0.000000	0.000000	0.000000
33	tsk_33	(x)	1	:	0.000000	0.000000	0.000000	0.000000	0.484053	0.000000	0.000183	0.000000	0.000000	0.000000	0.000000	0.000000	0.000000	0.440529	0.075234
34	tsk_34	(x)	1	:	0.000000	0.000000	0.000000	0.000000	1.000000	0.000000	0.000000	0.000000	0.000000	0.000000	0.000000	0.000000	0.000000	0.000000	0.000000
35	tsk_35	(x)	1	:	0.000000	0.000000	0.000000	0.000000	0.000000	0.492738	0.000000	0.000000	0.000000	0.000000	0.000000	0.000000	0.000000	0.440522	0.066740
36	tsk_36	(x)	1	:	0.000000	0.000000	0.000000	0.000000	0.484081	0.000000	0.000117	0.000000	0.000000	0.000000	0.000000	0.000000	0.000000	0.440519	0.075282
37	tsk_37	(x)	1	:	0.000000	0.000000	0.000000	0.000000	0.483829	0.000000	0.000997	0.000000	0.000000	0.489225	0.000000	0.000000	0.000000	0.000000	0.025949
38	tsk_38	(x)	1	:	0.000000	0.000000	0.000000	0.000000	1.000000	0.000000	0.000000	0.000000	0.000000	0.000000	0.000000	0.000000	0.000000	0.000000	0.000000
39	tsk_39	(x)	1	:	0.000000	0.000000	0.000000	0.000000	0.483729	0.000000	0.001166	0.000000	0.000000	0.000000	0.000000	0.497096	0.000000	0.000000	0.018009
40	tsk_40	(x)	1	:	0.499742	0.000000	0.000000	0.000000	0.000000	0.000000	0.005364	0.475883	0.000000	0.000000	0.000039	0.000000	0.000000	0.000000	0.018971
41	tsk_41	(x)	1	:	0.000000	0.000000	0.000000	0.000000	0.000000	0.000000	0.005654	0.476027	0.000000	0.000000	0.000000	0.497082	0.000000	0.000000	0.021237
42	tsk_42	(x)	1	:	0.499515	0.000000	0.000000	0.000000	0.000000	0.000000	0.474934	0.000000	0.000000	0.000000	0.000000	0.000000	0.000000	0.000000	0.025550
43	tsk_43	(x)	1	:	0.500578	0.000000	0.000000	0.000000	0.000000	0.000000	0.000000	0.000000	0.000000	0.000000	0.000000	0.000000	0.000000	0.440627	0.058795
44	tsk_44	(x)	1	:	0.499481	0.000000	0.000000	0.000000	0.000000	0.000000	0.004759	0.476043	0.000000	0.000000	0.000000	0.000000	0.000000	0.000000	0.019717
45	tsk_45	(x)	1	:	0.501336	0.000000	0.000000	0.000000	0.000000	0.000000	0.000000	0.000000	0.000000	0.489251	0.000000	0.000000	0.000000	0.000000	0.009413
46	tsk_46	(x)	1	:	0.499450	0.000000	0.000000	0.000000	0.000000	0.000000	0.004455	0.476186	0.000000	0.000000	0.000000	0.000000	0.000000	0.000000	0.019909
47	tsk_47	(x)	1	:	0.000000	0.000000	0.000000	0.000000	0.000000	0.000000	0.000000	0.000000	0.000000	0.488843	0.000000	0.000000	0.000000	0.440522	0.070635
48	tsk_48	(x)	1	:	0.501454	0.000000	0.000000	0.000000	0.000000	0.000000	0.007151	0.475846	0.000000	0.000000	0.000065	0.000000	0.000000	0.000000	0.015484
49	tsk_49	(x)	1	:	0.000000	0.000000	0.000000	0.000000	0.000000	0.000000	0.002883	0.477310	0.000000	0.000000	0.000000	0.000000	0.000000	0.440517	0.079290
50	tsk_50	(x)	1	:	0.000000	0.000000	0.000000	0.000000	0.000000	0.501951	0.000000	0.000000	0.000000	0.498049	0.000000	0.000000	0.000000	0.000000	0.000000
51	tsk_51	(x)	1	:	0.499672	0.000000	0.000000	0.000000	0.000000	0.000000	0.475515	0.000000	0.000000	0.000000	0.000052	0.000000	0.000000	0.000000	0.024761
52	tsk_52	(x)	1	:	0.000000	0.000000	0.000000	0.000000	0.000000	0.000000	0.475783	0.000000	0.000000	0.000000	0.000000	0.497046	0.000000	0.000000	0.027171
53	tsk_53	(x)	1	:	0.499516	0.000000	0.000000	0.000000	0.000000	0.000000	0.475152	0.000000	0.000000	0.000000	0.000000	0.000000	0.000000	0.000000	0.025332
54	tsk_54	(x)	1	:	0.000000	0.000000	0.000000	0.495808	0.000000	0.000000	0.000000	0.000000	0.000000	0.000000	0.000000	0.504192	0.000000	0.000000	0.000000
55	tsk_55	(x)	1	:	0.000000	0.000000	0.000000	0.495808	0.000000	0.000000	0.000000	0.000000	0.000000	0.000000	0.000000	0.504192	0.000000	0.000000	0.000000
56	tsk_56	(x)	1	:	0.000000	0.000000	0.000000	0.000000	0.000000	0.492745	0.000000	0.000000	0.000000	0.000000	0.000000	0.497052	0.000000	0.000000	0.010203
57	tsk_57	(x)	1	:	0.000000	0.000000	0.000000	0.322694	0.000000	0.000000	0.677306	0.000000	0.000000	0.000000	0.000000	0.000000	0.000000	0.000000	0.000000
58	tsk_58	(x)	1	:	0.000000	0.000000	0.000000	0.476701	0.000000	0.504435	0.000000	0.000000	0.000000	0.000000	0.000000	0.000000	0.000000	0.000000	0.018864
59	tsk_59	(x)	1	:	0.000000	0.000000	0.000000	0.000000	0.000000	0.493111	0.000000	0.000000	0.000000	0.000000	0.000000	0.497103	0.000000	0.000000	0.009786
60	tsk_60	(x)	1	:	0.499742	0.000000	0.000000	0.000000	0.000000	0.000000	0.005339	0.475898	0.000000	0.000000	0.000041	0.000000	0.000000	0.000000	0.018979
61	tsk_61	(x)	1	:	0.000000	0.000000	0.000000	0.000000	0.000000	0.000000	0.000000	0.000000	0.000000	1.000000	0.000000	0.000000	0.000000	0.000000	0.000000
62	tsk_62	(x)	1	:	1.000000	0.000000	0.000000	0.000000	0.000000	0.000000	0.000000	0.000000	0.000000	0.000000	0.000000	0.000000	0.000000	0.000000	0.000000
63	tsk_63	(x)	1	:	0.000000	0.000000	0.000000	0.000000	0.000000	0.000000	0.000000	0.000000	0.000000	1.000000	0.000000	0.000000	0.000000	0.000000	0.000000
64	tsk_64	(x)	1	:	0.000000	0.000000	0.000000	0.000000	0.483903	0.000000	0.000663	0.000000	0.000000	0.489034	0.000000	0.000000	0.000000	0.000000	0.026400
65	tsk_65	(x)	1	:	0.502943	0.000000	0.000000	0.000000	0.000000	0.000000	0.000000	0.000000	0.000000	0.488539	0.000000	0.000000	0.000000	0.000000	0.008517
66	tsk_66	(x)	1	:	0.000000	0.433049	0.000000	0.470784	0.000000	0.000000	0.000000	0.000000	0.000000	0.000000	0.000000	0.000000	0.000000	0.000000	0.096167
67	tsk_67	(x)	1	:	0.498552	0.000000	0.000000	0.000000	0.000000	0.491052	0.000000	0.000000	0.000000	0.000000	0.000000	0.000000	0.000000	0.000000	0.010395
68	tsk_68	(x)	1	:	0.498921	0.000000	0.000000	0.000000	0.000000	0.000000	0.000000	0.000000	0.000000	0.487542	0.000000	0.000000	0.000000	0.000000	0.013537
69	tsk_69	(x)	1	:	0.000000	0.000000	0.000000	0.000000	0.000000	0.492869	0.000000	0.000000	0.000000	0.488974	0.000000	0.000000	0.000000	0.000000	0.018158
70	tsk_70	(x)	1	:	0.000000	0.000000	0.000000	0.000000	0.000000	0.000000	0.000000	0.000000	0.000000	0.000000	0.000000	0.000000	0.000000	0.000000	1.000000
71	tsk_71	(x)	1	:	0.000000	0.000000	0.000000	0.000000	0.000000	1.000000	0.000000	0.000000	0.000000	0.000000	0.000000	0.000000	0.000000	0.000000	0.000000
72	tsk_72	(x)	1	:	0.000000	0.000000	0.000000	0.000000	0.000000	0.000000	0.000000	0.000000	0.000000	0.000000	1.000000	0.000000	0.000000	0.000000	0.000000
73	tsk_73	(x)	1	:	0.027946	0.000000	0.000000	0.000000	0.000000	0.000000	0.000000	0.000000	0.000000	0.489139	0.000000	0.000000	0.472112	0.000000	0.010802
74	tsk_74	(x)	1	:	0.000000	0.000000	0.000000	0.000000	0.000000	0.000000	0.475816	0.000000	0.000000	0.000000	0.000000	0.000000	0.000000	0.000000	0.524184
75	tsk_75	(x)	1	:	0.502720	0.000000	0.000000	0.000000	0.000000	0.000000	0.000000	0.000000	0.000000	0.000000	0.000000	0.000000	0.000000	0.000000	0.497280
76	tsk_76	(x)	1	:	0.000000	0.000000	0.000000	0.000000	0.000000	0.000000	1.000000	0.000000	0.000000	0.000000	0.000000	0.000000	0.000000	0.000000	0.000000
77	tsk_77	(x)	1	:	0.000000	0.000000	0.000000	0.000000	0.000000	0.000000	0.000000	0.000000	0.000000	0.000000	0.000000	0.000000	0.000000	0.000000	1.000000
78	tsk_78	(x)	1	:	0.000000	0.000000	0.000000	0.000000	0.000000	0.000000	0.469573	0.000000	0.000000	0.000000	0.000000	0.530427	0.000000	0.000000	0.000000
79	tsk_79	(x)	1	:	0.499528	0.000000	0.000000	0.000000	0.000000	0.000000	0.475245	0.000000	0.000000	0.000000	0.000032	0.000000	0.000000	0.000000	0.025194
80	tsk_80	(x)	1	:	0.000000	0.000000	0.000000	0.000000	0.000000	0.000000	0.493445	0.000000	0.000000	0.506554	0.000000	0.000000	0.000000	0.000000	0.000000
81	tsk_81	(x)	1	:	0.499534	0.000000	0.000000	0.000000	0.000000	0.000000	0.475351	0.000000	0.000000	0.000000	0.000066	0.000000	0.000000	0.000000	0.025050
82	tsk_82	(x)	1	:	0.498803	0.000000	0.000000	0.000000	0.000000	0.000000	0.000000	0.000000	0.000000	0.000000	0.000000	0.496624	0.000000	0.000000	0.004572
83	tsk_83	(x)	1	:	0.000000	0.000000	0.000000	0.000000	0.000000	0.000000	0.475778	0.000000	0.000000	0.000000	0.000000	0.497045	0.000000	0.000000	0.027177
84	tsk_84	(x)	1	:	0.000000	0.000000	0.000000	0.000000	0.000000	0.000000	0.000000	0.000000	0.000000	0.000000	0.000000	1.000000	0.000000	0.000000	0.000000
85	tsk_85	(x)	1	:	0.000000	0.000000	0.000000	0.000000	0.000000	0.000000	1.000000	0.000000	0.000000	0.000000	0.000000	0.000000	0.000000	0.000000	0.000000
86	tsk_86	(x)	1	:	0.000000	0.000000	0.000000	0.000000	0.000000	0.000000	1.000000	0.000000	0.000000	0.000000	0.000000	0.000000	0.000000	0.000000	0.000000
87	tsk_87	(x)	1	:	0.499540	0.000000	0.000000	0.000000	0.000000	0.000000	0.475170	0.000000	0.000000	0.000000	0.000000	0.000000	0.000000	0.000000	0.025290
88	tsk_88	(x)	1	:	0.000000	0.000000	0.000000	0.000000	0.000000	0.000000	0.475855	0.000000	0.000000	0.488883	0.000000	0.000000	0.000000	0.000000	0.035262
89	tsk_89	(x)	1	:	0.000000	0.000000	0.000000	0.466369	0.000000	0.000000	0.533631	0.000000	0.000000	0.000000	0.000000	0.000000	0.000000	0.000000	0.000000
90	tsk_90	(x)	1	:	0.000000	0.000000	0.000000	0.466369	0.000000	0.000000	0.533631	0.000000	0.000000	0.000000	0.000000	0.000000	0.000000	0.000000	0.000000
91	tsk_91	(x)	1	:	0.000000	0.000000	0.000000	0.000000	0.000000	0.000000	0.272295	0.727705	0.000000	0.000000	0.000000	0.000000	0.000000	0.000000	0.000000
92	tsk_92	(x)	1	:	0.000000	0.000000	0.485532	0.000000	0.000000	0.000000	0.514468	0.000000	0.000000	0.000000	0.000000	0.000000	0.000000	0.000000	0.000000
93	tsk_93	(x)	1	:	0.000000	0.000000	0.485532	0.000000	0.000000	0.000000	0.514468	0.000000	0.000000	0.000000	0.000000	0.000000	0.000000	0.000000	0.000000
94	tsk_94	(x)	1	:	0.000000	0.000000	0.000000	0.000000	0.000000	0.000000	0.475865	0.000000	0.000000	0.488892	0.000000	0.000000	0.000000	0.000000	0.035243
95	tsk_95	(x)	1	:	0.000000	0.000000	0.000000	0.364400	0.000000	0.000000	0.000000	0.635600	0.000000	0.000000	0.000000	0.000000	0.000000	0.000000	0.000000
96	tsk_96	(x)	1	:	0.000000	0.000000	0.487949	0.000000	0.000000	0.007565	0.475506	0.000000	0.000000	0.000000	0.000000	0.000000	0.000000	0.000000	0.028980
97	tsk_97	(x)	1	:	0.000000	0.000000	0.491006	0.000000	0.000000	0.508994	0.000000	0.000000	0.000000	0.000000	0.000000	0.000000	0.000000	0.000000	0.000000
98	tsk_98	(x)	1	:	0.000000	0.000000	0.000000	0.364400	0.000000	0.000000	0.000000	0.635600	0.000000	0.000000	0.000000	0.000000	0.000000	0.000000	0.000000
99	tsk_99	(x)	1	:	0.000000	0.000000	0.490248	0.000000	0.000000	0.002484	0.475007	0.000000	0.000000	0.000000	0.000000	0.000000	0.000000	0.000000	0.032261
100	tsk_100	(x)	1	:	0.000000	0.000000	0.000000	0.000000	0.000000	0.000000	0.000000	0.000000	0.000000	0.000000	0.000000	0.000000	1.000000	0.000000	0.000000
101	tsk_101	(x)	1	:	0.000000	0.000000	0.000000	0.000000	0.000000	0.000000	0.000000	0.000000	0.000000	0.000000	0.000000	0.000000	1.000000	0.000000	0.000000
102	tsk_102	(x)	1	:	0.025114	0.000000	0.000000	0.000000	0.000000	0.491685	0.000000	0.000000	0.000000	0.000000	0.000000	0.000000	0.472862	0.000000	0.010338
103	tsk_103	(x)	1	:	0.025041	0.000000	0.000000	0.000000	0.000000	0.491831	0.000000	0.000000	0.000000	0.000000	0.000000	0.000000	0.472971	0.000000	0.010157
104	tsk_104	(x)	1	:	0.000000	0.000000	0.000000	0.000000	0.000000	0.493187	0.000000	0.000000	0.000000	0.000000	0.000000	0.497114	0.000000	0.000000	0.009699
105	tsk_105	(x)	1	:	0.029519	0.000000	0.000000	0.000000	0.000000	0.000000	0.000000	0.000000	0.000000	0.000000	0.000000	0.497254	0.471901	0.000000	0.001327
106	tsk_106	(x)	1	:	0.023578	0.000000	0.000000	0.000000	0.000000	0.491885	0.000000	0.000000	0.000000	0.000000	0.000000	0.000000	0.473731	0.000000	0.010806
107	tsk_107	(x)	1	:	0.000000	0.000000	0.000000	0.000000	0.000000	1.000000	0.000000	0.000000	0.000000	0.000000	0.000000	0.000000	0.000000	0.000000	0.000000
108	tsk_108	(x)	1	:	0.000000	0.000000	0.000000	0.000000	0.000000	1.000000	0.000000	0.000000	0.000000	0.000000	0.000000	0.000000	0.000000	0.000000	0.000000
109	tsk_109	(x)	1	:	0.027031	0.000000	0.000000	0.000000	0.000000	0.000000	0.006491	0.475346	0.000000	0.000000	0.000000	0.000000	0.472369	0.000000	0.018764
110	tsk_110	(x)	1	:	0.500341	0.433539	0.000000	0.000000	0.000000	0.000000	0.000000	0.000000	0.000000	0.000000	0.000000	0.000000	0.000000	0.000000	0.066120
111	tsk_111	(x)	1	:	0.000000	1.000000	0.000000	0.000000	0.000000	0.000000	0.000000	0.000000	0.000000	0.000000	0.000000	0.000000	0.000000	0.000000	0.000000
112	tsk_112	(x)	1	:	0.499504	0.000000	0.000000	0.000000	0.000000	0.000000	0.475062	0.000000	0.000000	0.000000	0.000000	0.000000	0.000000	0.000000	0.025434
113	tsk_113	(x)	1	:	0.000000	0.433565	0.000000	0.000000	0.000000	0.000000	0.000000	0.000000	0.000000	0.000000	0.000000	0.497065	0.000000	0.000000	0.069370
114	tsk_114	(x)	1	:	0.000000	0.589510	0.000000	0.000000	0.000000	0.000000	0.410490	0.000000	0.000000	0.000000	0.000000	0.000000	0.000000	0.000000	0.000000
115	tsk_115	(x)	1	:	0.000000	0.000000	0.000000	0.000000	0.000000	0.492734	0.000000	0.000000	0.000000	0.488839	0.000000	0.000000	0.000000	0.000000	0.018427
116	tsk_116	(x)	1	:	0.000000	1.000000	0.000000	0.000000	0.000000	0.000000	0.000000	0.000000	0.000000	0.000000	0.000000	0.000000	0.000000	0.000000	0.000000
117	tsk_117	(x)	1	:	0.000000	1.000000	0.000000	0.000000	0.000000	0.000000	0.000000	0.000000	0.000000	0.000000	0.000000	0.000000	0.000000	0.000000	0.000000
118	tsk_118	(x)	1	:	0.000000	0.433456	0.000000	0.000000	0.000000	0.492742	0.000000	0.000000	0.000000	0.000000	0.000000	0.000000	0.000000	0.000000	0.073801
119	tsk_119	(x)	1	:	0.000000	0.729073	0.000000	0.000000	0.000000	0.000000	0.000000	0.000000	0.000000	0.000000	0.000000	0.000000	0.000000	0.000000	0.270927
120	tsk_120	(x)	1	:	0.498364	0.000000	0.000000	0.000000	0.000000	0.490450	0.000000	0.000000	0.000000	0.000000	0.000000	0.000000	0.000000	0.000000	0.011186
121	tsk_121	(x)	1	:	0.000000	0.000000	0.000000	0.000000	0.000000	0.492861	0.000000	0.000000	0.000000	0.000000	0.000000	0.497068	0.000000	0.000000	0.010071
122	tsk_122	(x)	1	:	0.000000	0.000000	0.000000	0.000000	0.000000	0.000000	0.000000	0.000000	0.000000	0.000000	0.000000	1.000000	0.000000	0.000000	0.000000
123	tsk_123	(x)	1	:	0.000000	0.000000	0.000000	0.000000	0.000000	0.492866	0.000000	0.000000	0.000000	0.000000	0.000000	0.497069	0.000000	0.000000	0.010065
124	tsk_124	(x)	1	:	0.000000	0.000000	0.000000	0.000000	0.000000	0.000000	0.530401	0.000000	0.000000	0.000000	0.000000	0.469599	0.000000	0.000000	0.000000
125	tsk_125	(x)	1	:	0.498612	0.000000	0.000000	0.000000	0.000000	0.000000	0.000000	0.000000	0.000000	0.000000	0.000067	0.496799	0.000000	0.000000	0.004522
126	tsk_126	(x)	1	:	0.000000	0.000000	0.000000	0.000000	0.000000	0.492675	0.000000	0.000000	0.000000	0.000000	0.000000	0.497042	0.000000	0.000000	0.010283
127	tsk_127	(x)	1	:	0.000000	0.000000	0.000000	0.000000	0.000000	0.401931	0.598068	0.000000	0.000000	0.000000	0.000000	0.000000	0.000000	0.000000	0.000000
128	tsk_128	(x)	1	:	0.000000	0.000000	0.000000	0.000000	0.000000	0.492740	0.000000	0.000000	0.000000	0.000000	0.000000	0.000000	0.000000	0.000000	0.507260
129	tsk_129	(x)	1	:	0.000000	0.000000	0.000000	0.000000	0.000000	0.000000	0.530401	0.000000	0.000000	0.000000	0.000000	0.469599	0.000000	0.000000	0.000000
130	tsk_130	(x)	1	:	0.000000	0.000000	0.489997	0.000000	0.000000	0.002950	0.474972	0.000000	0.000000	0.000000	0.000000	0.000000	0.000000	0.000000	0.032080
131	tsk_131	(x)	1	:	0.000000	0.000000	0.000000	0.000000	0.000000	0.000000	1.000000	0.000000	0.000000	0.000000	0.000000	0.000000	0.000000	0.000000	0.000000
132	tsk_132	(x)	1	:	0.000000	0.000000	0.000000	0.000000	0.000000	0.000000	1.000000	0.000000	0.000000	0.000000	0.000000	0.000000	0.000000	0.000000	0.000000
133	tsk_133	(x)	1	:	0.999910	0.000000	0.000000	0.000000	0.000000	0.000000	0.000000	0.000000	0.000000	0.000000	0.000090	0.000000	0.000000	0.000000	0.000000
134	tsk_134	(x)	1	:	0.499564	0.000000	0.000000	0.000000	0.000000	0.000000	0.475391	0.000000	0.000000	0.000000	0.000066	0.000000	0.000000	0.000000	0.024979
135	tsk_135	(x)	1	:	0.000000	0.000000	0.000000	0.000000	0.000000	0.000000	0.272295	0.727705	0.000000	0.000000	0.000000	0.000000	0.000000	0.000000	0.000000
136	tsk_136	(x)	1	:	0.499793	0.000000	0.000000	0.000000	0.000000	0.000000	0.475633	0.000000	0.000000	0.000000	0.000038	0.000000	0.000000	0.000000	0.024536
137	tsk_137	(x)	1	:	1.000000	0.000000	0.000000	0.000000	0.000000	0.000000	0.000000	0.000000	0.000000	0.000000	0.000000	0.000000	0.000000	0.000000	0.000000
138	tsk_138	(x)	1	:	0.000000	0.000000	0.000000	0.000000	0.000000	0.000000	1.000000	0.000000	0.000000	0.000000	0.000000	0.000000	0.000000	0.000000	0.000000
139	tsk_139	(x)	1	:	0.000000	0.000000	0.000000	0.000000	0.000000	0.000000	0.000000	0.000000	0.000000	0.488840	0.000000	0.000000	0.000000	0.000000	0.511160
140	tsk_140	(x)	1	:	0.499658	0.000000	0.000000	0.000000	0.000000	0.000000	0.475492	0.000000	0.000000	0.000000	0.000065	0.000000	0.000000	0.000000	0.024786
141	tsk_141	(x)	1	:	0.499241	0.000000	0.490382	0.000000	0.000000	0.002243	0.000000	0.000000	0.000000	0.000000	0.000000	0.000000	0.000000	0.000000	0.008134
142	tsk_142	(x)	1	:	0.000000	0.000000	0.000000	0.000000	0.000000	0.492722	0.475800	0.000000	0.000000	0.000000	0.000000	0.000000	0.000000	0.000000	0.031478
143	tsk_143	(x)	1	:	0.500100	0.000000	0.490016	0.000000	0.000000	0.003876	0.000000	0.000000	0.000000	0.000000	0.000036	0.000000	0.000000	0.000000	0.005972
144	tsk_144	(x)	1	:	0.499278	0.000000	0.000000	0.000000	0.000000	0.000000	0.000000	0.000000	0.000000	0.488091	0.000059	0.000000	0.000000	0.000000	0.012572
145	tsk_145	(x)	1	:	0.498959	0.000000	0.489500	0.000000	0.000000	0.003725	0.000000	0.000000	0.000000	0.000000	0.000000	0.000000	0.000000	0.000000	0.007815
146	tsk_146	(x)	1	:	0.000000	0.000000	0.000000	0.000000	0.000000	0.000000	0.475818	0.000000	0.000000	0.000000	0.000000	0.000000	0.000000	0.440523	0.083659
147	tsk_147	(x)	1	:	0.000000	0.000000	0.489784	0.000000	0.000000	0.003422	0.475019	0.000000	0.000000	0.000000	0.000000	0.000000	0.000000	0.000000	0.031775
148	tsk_148	(x)	1	:	0.499791	0.000000	0.000000	0.000000	0.000000	0.000000	0.475631	0.000000	0.000000	0.000000	0.000036	0.000000	0.000000	0.000000	0.024541
149	tsk_149	(x)	1	:	0.500220	0.433504	0.000000	0.000000	0.000000	0.000000	0.000000	0.000000	0.000000	0.000000	0.000009	0.000000	0.000000	0.000000	0.066268
