logL = -1113.213212 (converged)
AIC = 5292.426424
BIC = 9907.730330

count.K
10 0 10 3 11 17 8 55 36 

