0	tsk_0	(x)	1	:	0.000000	0.581936	0.000000	0.000000	0.000000	0.000000	0.000000	0.000000	0.000000	0.000000	0.000000	0.051192	0.000000	0.366871	0.000000
1	tsk_1	(x)	1	:	0.000000	0.000000	0.000000	0.000000	0.000000	0.000000	0.000000	0.000000	0.000000	0.000000	0.000000	0.000000	0.000000	0.000000	1.000000
2	tsk_2	(x)	1	:	0.000000	0.419603	0.000000	0.000000	0.000000	0.000000	0.000000	0.000000	0.000603	0.000000	0.000000	0.021813	0.000000	0.059733	0.498248
3	tsk_3	(x)	1	:	0.000000	0.000000	0.000000	0.000000	0.000000	0.000000	0.000000	0.000000	0.384686	0.509671	0.000000	0.070744	0.000000	0.034899	0.000000
4	tsk_4	(x)	1	:	0.000000	0.000000	0.000000	0.000000	0.000000	0.000000	0.000000	0.000000	0.000000	0.508814	0.000000	0.000759	0.000000	0.000388	0.490039
5	tsk_5	(x)	1	:	0.000000	0.000000	0.000000	0.000000	0.000000	0.000000	0.000000	0.000000	0.000000	1.000000	0.000000	0.000000	0.000000	0.000000	0.000000
6	tsk_6	(x)	1	:	0.000000	0.000000	0.000000	0.000001	0.000000	0.000000	0.000000	0.000000	0.000000	0.508772	0.000000	0.001212	0.000000	0.000476	0.489539
7	tsk_7	(x)	1	:	0.000000	0.000000	0.000000	0.000000	0.000000	0.000000	0.000000	0.000000	0.000000	0.508790	0.000000	0.000841	0.000000	0.000618	0.489752
8	tsk_8	(x)	1	:	0.000000	0.000000	0.000000	0.000000	0.000000	0.000000	0.000000	0.000000	0.000000	0.508808	0.000000	0.000692	0.000000	0.000525	0.489974
9	tsk_9	(x)	1	:	0.000000	0.000000	0.000000	0.000000	0.000000	0.000000	0.000000	0.000000	0.000000	0.000000	0.000000	0.181621	0.000000	0.318379	0.500000
10	tsk_10	(x)	1	:	0.489230	0.000000	0.000000	0.000000	0.000000	0.000000	0.497299	0.000000	0.000000	0.000000	0.000000	0.006427	0.000000	0.007044	0.000000
11	tsk_11	(x)	1	:	0.000000	0.000000	0.000000	0.000000	0.000000	0.000000	0.000000	0.000000	0.000000	0.000000	0.000000	0.000000	1.000000	0.000000	0.000000
12	tsk_12	(x)	1	:	0.000000	0.000000	0.000000	0.000000	0.500000	0.000000	0.000000	0.000000	0.000000	0.000000	0.000000	0.000000	0.500000	0.000000	0.000000
13	tsk_13	(x)	1	:	0.000000	0.000000	0.000000	0.000000	0.000000	0.000000	0.000000	0.000000	0.000000	0.000000	0.000000	0.000000	1.000000	0.000000	0.000000
14	tsk_14	(x)	1	:	0.000000	0.000000	0.000000	0.000000	0.000000	0.000000	0.000000	0.000000	0.000000	0.000000	0.000000	0.000000	1.000000	0.000000	0.000000
15	tsk_15	(x)	1	:	0.000000	0.000000	0.000000	0.000000	0.000000	0.000000	0.000000	0.000000	0.000000	0.000000	0.000000	0.361141	0.500000	0.138859	0.000000
16	tsk_16	(x)	1	:	0.000000	0.000000	0.000000	0.000000	0.000000	0.000000	0.000000	0.000000	0.000000	0.000000	0.000000	0.442862	0.500000	0.057138	0.000000
17	tsk_17	(x)	1	:	0.000000	0.000000	0.000000	0.000000	0.000000	0.000000	0.000000	0.000000	0.000000	0.000000	0.000000	0.473626	0.000000	0.526374	0.000000
18	tsk_18	(x)	1	:	0.000000	0.000000	0.000000	0.000000	0.000000	0.000000	0.000000	0.000000	0.000000	0.000000	0.000000	0.252975	0.000000	0.747025	0.000000
19	tsk_19	(x)	1	:	0.000000	0.000000	0.000000	0.000000	0.000000	0.000000	0.000000	0.000000	0.000000	0.000000	0.000000	0.382368	0.000000	0.617632	0.000000
20	tsk_20	(x)	1	:	0.000000	0.000000	0.000000	0.000000	0.000000	0.000000	0.000000	0.000000	0.000000	1.000000	0.000000	0.000000	0.000000	0.000000	0.000000
21	tsk_21	(x)	1	:	0.000000	0.000000	0.000000	0.000000	1.000000	0.000000	0.000000	0.000000	0.000000	0.000000	0.000000	0.000000	0.000000	0.000000	0.000000
22	tsk_22	(x)	1	:	0.000000	0.000000	0.000000	0.000000	0.500000	0.000000	0.000000	0.000000	0.000000	0.000000	0.000000	0.196223	0.000000	0.303776	0.000000
23	tsk_23	(x)	1	:	0.000000	0.000000	0.000000	0.000000	0.000000	0.000000	0.499914	0.000000	0.000000	0.475718	0.000000	0.012038	0.000000	0.012331	0.000000
24	tsk_24	(x)	1	:	0.000000	0.000000	0.000000	0.000000	0.000000	0.000000	0.494376	0.000000	0.000000	0.000000	0.000000	0.004775	0.499629	0.001220	0.000000
25	tsk_25	(x)	1	:	0.000000	0.000000	0.000000	0.000000	0.493017	0.000000	0.493017	0.000000	0.000000	0.000000	0.000000	0.009640	0.000000	0.004326	0.000000
26	tsk_26	(x)	1	:	0.000000	0.000000	0.000000	0.000000	1.000000	0.000000	0.000000	0.000000	0.000000	0.000000	0.000000	0.000000	0.000000	0.000000	0.000000
27	tsk_27	(x)	1	:	0.000000	0.000000	0.000000	0.000000	0.000000	0.000000	0.500009	0.000000	0.384666	0.000000	0.000000	0.062476	0.000000	0.052850	0.000000
28	tsk_28	(x)	1	:	0.000000	0.000000	0.000000	0.000000	0.496050	0.000000	0.000000	0.000000	0.000000	0.000000	0.000000	0.004211	0.499739	0.000000	0.000000
29	tsk_29	(x)	1	:	0.000000	0.000000	0.000000	0.000000	0.500046	0.000000	0.000000	0.000000	0.384696	0.000000	0.000000	0.000000	0.000000	0.115257	0.000000
30	tsk_30	(x)	1	:	0.000000	0.000000	0.000000	0.000000	0.000000	0.000000	0.000000	0.000000	0.000000	0.000000	0.000000	0.432164	0.000000	0.567836	0.000000
31	tsk_31	(x)	1	:	0.000000	0.000000	0.000000	0.440439	0.000000	0.000000	0.000000	0.000000	0.000000	0.000000	0.000000	0.351873	0.000000	0.207688	0.000000
32	tsk_32	(x)	1	:	0.000000	0.000000	0.000000	0.000000	0.000000	0.000000	0.004935	0.000000	0.572553	0.000000	0.422512	0.000000	0.000000	0.000000	0.000000
33	tsk_33	(x)	1	:	0.000000	0.000000	0.000000	0.000000	0.000000	0.000000	0.500000	0.000000	0.000000	0.000000	0.000000	0.124998	0.000000	0.375001	0.000000
34	tsk_34	(x)	1	:	0.000000	0.000000	0.000000	0.000000	0.000000	0.000000	0.429329	0.000000	0.570671	0.000000	0.000000	0.000000	0.000000	0.000000	0.000000
35	tsk_35	(x)	1	:	0.000000	0.000000	0.000000	0.000000	0.000000	0.000000	1.000000	0.000000	0.000000	0.000000	0.000000	0.000000	0.000000	0.000000	0.000000
36	tsk_36	(x)	1	:	0.000000	0.000000	0.000000	0.000000	0.000000	0.000000	0.500000	0.000000	0.000000	0.000000	0.000000	0.201760	0.000000	0.298240	0.000000
37	tsk_37	(x)	1	:	0.000000	0.000000	0.000000	0.000000	0.000000	0.000000	0.080541	0.000000	0.000000	0.000000	0.418328	0.179229	0.000000	0.321902	0.000000
38	tsk_38	(x)	1	:	0.000000	0.000000	0.000000	0.441889	0.000000	0.000000	0.000000	0.000000	0.000000	0.000000	0.000000	0.047044	0.500093	0.010974	0.000000
39	tsk_39	(x)	1	:	0.000000	0.000000	0.000000	0.000000	0.000000	0.000000	0.000000	0.000000	0.000000	0.000000	0.000000	0.493565	0.000000	0.506435	0.000000
40	tsk_40	(x)	1	:	0.000000	0.000000	0.000000	0.000000	0.000000	0.000000	0.000000	0.000000	0.000000	0.000000	0.000000	0.255414	0.500000	0.244586	0.000000
41	tsk_41	(x)	1	:	0.000000	0.000000	0.000000	0.000000	0.000000	0.000000	0.000000	0.000000	0.000000	0.000000	0.000000	0.378288	0.000000	0.621712	0.000000
42	tsk_42	(x)	1	:	0.000000	0.420613	0.000000	0.000000	0.000000	0.000000	0.000000	0.000000	0.000000	0.000000	0.000000	0.184481	0.000000	0.394906	0.000000
43	tsk_43	(x)	1	:	0.000000	0.000000	0.000000	0.440439	0.000000	0.000000	0.000000	0.000000	0.000000	0.000000	0.000000	0.244187	0.000000	0.315374	0.000000
44	tsk_44	(x)	1	:	0.000000	0.000000	0.000000	0.000000	0.000000	0.000000	0.489033	0.000000	0.000000	0.508729	0.000000	0.002136	0.000000	0.000102	0.000000
45	tsk_45	(x)	1	:	0.000000	0.000000	0.000000	0.000000	0.000000	0.000000	0.000000	0.000000	0.000000	0.000000	0.000000	0.425784	0.000000	0.574216	0.000000
46	tsk_46	(x)	1	:	0.000000	0.000000	0.000000	0.000000	0.000000	0.000000	0.500000	0.000000	0.000000	0.000000	0.000000	0.228258	0.000000	0.271742	0.000000
47	tsk_47	(x)	1	:	0.000000	0.000000	0.000000	0.000000	0.000000	0.000000	0.000000	0.000000	0.000000	0.000000	0.000000	0.000000	1.000000	0.000000	0.000000
48	tsk_48	(x)	1	:	0.000000	0.000000	0.000000	0.000000	0.000000	0.000000	0.500000	0.000000	0.000000	0.000000	0.000000	0.189649	0.000000	0.310351	0.000000
49	tsk_49	(x)	1	:	0.000000	0.000000	0.483034	0.000000	0.000000	0.000000	0.000000	0.000000	0.000000	0.516939	0.000000	0.000000	0.000027	0.000000	0.000000
50	tsk_50	(x)	1	:	0.000000	0.000000	0.000000	0.000000	0.000000	0.000000	0.000000	0.000000	0.000000	0.000000	0.000000	0.375478	0.500000	0.124521	0.000000
51	tsk_51	(x)	1	:	0.000000	0.189370	0.000000	0.000000	0.000000	0.000000	0.000000	0.000000	0.000000	0.000000	0.000000	0.104337	0.000000	0.706293	0.000000
52	tsk_52	(x)	1	:	0.000000	0.000000	0.000000	0.000000	0.000000	0.611217	0.000000	0.000000	0.388783	0.000000	0.000000	0.000000	0.000000	0.000000	0.000000
53	tsk_53	(x)	1	:	0.000000	0.000000	0.000000	0.000000	0.000000	0.000000	0.000000	0.000000	0.000000	0.000000	0.000000	0.258309	0.500000	0.241691	0.000000
54	tsk_54	(x)	1	:	0.000000	0.000000	0.000000	0.000000	0.000000	0.000000	0.000000	0.000000	0.000000	0.000000	0.000000	0.000000	1.000000	0.000000	0.000000
55	tsk_55	(x)	1	:	0.000000	0.000000	0.000000	0.000000	0.000000	0.611217	0.000000	0.000000	0.388783	0.000000	0.000000	0.000000	0.000000	0.000000	0.000000
56	tsk_56	(x)	1	:	0.000000	0.000000	0.000000	0.000000	0.000000	0.000000	0.000000	0.000000	0.000000	0.000000	0.000000	0.000000	1.000000	0.000000	0.000000
57	tsk_57	(x)	1	:	0.000000	0.000000	0.000000	0.000000	0.000000	0.000000	0.000000	0.000000	0.000000	0.000000	0.000000	0.480232	0.500000	0.019768	0.000000
58	tsk_58	(x)	1	:	0.000000	0.000000	0.000000	0.000000	0.000000	0.000000	0.000000	0.000000	0.000000	0.000000	0.000000	0.448652	0.500000	0.051348	0.000000
59	tsk_59	(x)	1	:	0.000000	0.000000	0.000000	0.000000	0.000000	0.000000	0.000000	0.000000	0.000000	0.000000	0.000000	0.000000	1.000000	0.000000	0.000000
60	tsk_60	(x)	1	:	0.000000	0.000000	0.000000	0.000000	0.000000	0.000000	0.500000	0.000000	0.000000	0.000000	0.000000	0.252179	0.000000	0.247821	0.000000
61	tsk_61	(x)	1	:	0.490669	0.000000	0.000000	0.000000	0.000000	0.000000	0.000000	0.000000	0.000000	0.000000	0.000000	0.008258	0.500013	0.001060	0.000000
62	tsk_62	(x)	1	:	1.000000	0.000000	0.000000	0.000000	0.000000	0.000000	0.000000	0.000000	0.000000	0.000000	0.000000	0.000000	0.000000	0.000000	0.000000
63	tsk_63	(x)	1	:	0.493710	0.000000	0.000000	0.000000	0.506290	0.000000	0.000000	0.000000	0.000000	0.000000	0.000000	0.000000	0.000000	0.000000	0.000000
64	tsk_64	(x)	1	:	0.000000	0.000000	0.000000	0.000000	1.000000	0.000000	0.000000	0.000000	0.000000	0.000000	0.000000	0.000000	0.000000	0.000000	0.000000
65	tsk_65	(x)	1	:	0.000000	0.000000	0.000000	0.000000	1.000000	0.000000	0.000000	0.000000	0.000000	0.000000	0.000000	0.000000	0.000000	0.000000	0.000000
66	tsk_66	(x)	1	:	0.493710	0.000000	0.000000	0.000000	0.506290	0.000000	0.000000	0.000000	0.000000	0.000000	0.000000	0.000000	0.000000	0.000000	0.000000
67	tsk_67	(x)	1	:	0.000000	0.000000	0.000000	0.000000	0.000000	0.000000	0.494487	0.000000	0.000000	0.000000	0.000000	0.003887	0.499636	0.001990	0.000000
68	tsk_68	(x)	1	:	0.491045	0.000000	0.000000	0.000000	0.500962	0.000000	0.000000	0.000000	0.000000	0.000000	0.000000	0.000000	0.000000	0.007993	0.000000
69	tsk_69	(x)	1	:	0.000000	0.000000	0.000000	0.000000	1.000000	0.000000	0.000000	0.000000	0.000000	0.000000	0.000000	0.000000	0.000000	0.000000	0.000000
70	tsk_70	(x)	1	:	0.000000	0.000000	0.000000	0.000000	0.000000	0.000000	0.000134	0.000000	0.566293	0.000000	0.433572	0.000000	0.000000	0.000000	0.000000
71	tsk_71	(x)	1	:	0.000000	0.000000	0.000000	0.440438	0.000000	0.000000	0.000000	0.000000	0.000000	0.000000	0.000000	0.158142	0.000000	0.401419	0.000000
72	tsk_72	(x)	1	:	0.000000	0.000000	0.000000	0.000000	0.000000	0.000000	0.000000	0.000000	1.000000	0.000000	0.000000	0.000000	0.000000	0.000000	0.000000
73	tsk_73	(x)	1	:	0.000000	0.000000	0.000000	0.405870	0.000000	0.000000	0.000000	0.000000	0.594108	0.000000	0.000000	0.000005	0.000000	0.000017	0.000000
74	tsk_74	(x)	1	:	0.000000	0.000000	0.000000	0.000000	0.000000	0.000000	0.000000	0.000000	0.510706	0.000000	0.000000	0.000000	0.489293	0.000000	0.000000
75	tsk_75	(x)	1	:	0.000000	0.000000	0.000000	0.000000	0.000000	0.000000	0.044071	0.000000	0.000000	0.000000	0.452552	0.229886	0.000000	0.273491	0.000000
76	tsk_76	(x)	1	:	0.000000	0.000000	0.000000	0.000000	0.000000	0.000000	0.000000	0.000000	0.618814	0.000000	0.000000	0.157865	0.000000	0.223321	0.000000
77	tsk_77	(x)	1	:	0.000000	0.000000	0.497709	0.000000	0.000000	0.000000	0.000000	0.000000	0.000000	0.000000	0.000000	0.373743	0.002595	0.125953	0.000000
78	tsk_78	(x)	1	:	0.000000	0.000000	0.490451	0.000000	0.000000	0.000000	0.000000	0.000000	0.509549	0.000000	0.000000	0.000000	0.000000	0.000000	0.000000
79	tsk_79	(x)	1	:	0.000000	0.000000	0.000000	0.000000	0.000000	0.000000	0.000168	0.000000	0.566285	0.000000	0.433547	0.000000	0.000000	0.000000	0.000000
80	tsk_80	(x)	1	:	0.000000	0.383155	0.000000	0.000000	0.000000	0.000000	0.000000	0.000000	0.013537	0.000000	0.000000	0.230919	0.000000	0.372389	0.000000
81	tsk_81	(x)	1	:	0.000000	0.419979	0.000000	0.000000	0.498419	0.000000	0.000000	0.000000	0.000000	0.000000	0.000000	0.000000	0.000000	0.081602	0.000000
82	tsk_82	(x)	1	:	0.000000	0.000000	0.000000	0.000000	0.000000	0.000000	0.000000	0.000000	0.000000	0.000000	0.000000	0.331611	0.000000	0.668388	0.000000
83	tsk_83	(x)	1	:	0.000000	0.419704	0.000000	0.000000	0.000000	0.000000	0.000000	0.000000	0.001005	0.000000	0.000000	0.054477	0.499910	0.024904	0.000000
84	tsk_84	(x)	1	:	0.000000	0.581936	0.000000	0.000000	0.000000	0.000000	0.000000	0.000000	0.000000	0.000000	0.000000	0.040703	0.000000	0.377361	0.000000
85	tsk_85	(x)	1	:	0.000000	0.949514	0.000000	0.000000	0.000000	0.000000	0.000000	0.000000	0.050486	0.000000	0.000000	0.000000	0.000000	0.000000	0.000000
86	tsk_86	(x)	1	:	0.000000	0.420613	0.000000	0.000000	0.000000	0.000000	0.000000	0.000000	0.000000	0.000000	0.000000	0.186939	0.000000	0.392448	0.000000
87	tsk_87	(x)	1	:	0.490567	0.000000	0.000000	0.000000	0.000000	0.000000	0.000000	0.000000	0.000000	0.000000	0.000000	0.214623	0.000000	0.294810	0.000000
88	tsk_88	(x)	1	:	0.000000	0.385308	0.000000	0.000000	0.000000	0.000000	0.000000	0.000000	0.008796	0.000000	0.000000	0.285146	0.000000	0.320750	0.000000
89	tsk_89	(x)	1	:	0.000000	0.419673	0.000000	0.000000	0.000000	0.000000	0.498179	0.000000	0.000402	0.000000	0.000000	0.017139	0.000000	0.064606	0.000000
90	tsk_90	(x)	1	:	0.000000	0.000000	0.000000	0.000000	0.000000	0.000000	0.000000	0.000000	1.000000	0.000000	0.000000	0.000000	0.000000	0.000000	0.000000
91	tsk_91	(x)	1	:	0.000000	0.189344	0.000000	0.000000	0.000000	0.000000	0.000000	0.000000	0.000000	0.000000	0.000000	0.172766	0.499987	0.137902	0.000000
92	tsk_92	(x)	1	:	0.000000	0.000000	0.000000	0.000000	0.000000	0.000000	0.000000	0.000000	0.618814	0.000000	0.000000	0.089638	0.000000	0.291549	0.000000
93	tsk_93	(x)	1	:	0.000000	0.000000	0.000000	0.000000	0.000000	0.000000	0.000000	0.000000	0.000000	0.000000	0.000000	0.344360	0.000000	0.655640	0.000000
94	tsk_94	(x)	1	:	0.000000	0.387283	0.000000	0.000000	0.000000	0.000000	0.000000	0.000000	0.004468	0.000000	0.000000	0.208131	0.000000	0.400118	0.000000
95	tsk_95	(x)	1	:	0.000000	0.164283	0.000000	0.000000	0.000000	0.000000	0.000000	0.000000	0.237106	0.000000	0.000000	0.230177	0.000000	0.368434	0.000000
96	tsk_96	(x)	1	:	0.000000	0.189344	0.000000	0.000000	0.000000	0.000000	0.000000	0.000000	0.000000	0.000000	0.000000	0.176885	0.499987	0.133784	0.000000
97	tsk_97	(x)	1	:	0.000000	0.000000	0.000000	0.000000	0.000000	0.000000	0.000000	0.000000	0.000000	0.509668	0.000000	0.314252	0.000000	0.176080	0.000000
98	tsk_98	(x)	1	:	0.000000	0.000000	0.000000	0.000000	0.000000	0.000000	0.000000	0.000000	1.000000	0.000000	0.000000	0.000000	0.000000	0.000000	0.000000
99	tsk_99	(x)	1	:	0.000000	0.189370	0.000000	0.000000	0.000000	0.000000	0.000000	0.000000	0.000000	0.000000	0.000000	0.132360	0.000000	0.678270	0.000000
100	tsk_100	(x)	1	:	0.000000	0.000015	0.000000	0.000000	0.000000	0.000000	0.000000	0.557505	0.000000	0.000000	0.000000	0.168665	0.000000	0.273814	0.000000
101	tsk_101	(x)	1	:	0.490567	0.000000	0.000000	0.000000	0.000000	0.000000	0.000000	0.000000	0.000000	0.000000	0.000000	0.114201	0.000000	0.395232	0.000000
102	tsk_102	(x)	1	:	0.239081	0.000000	0.000000	0.000000	0.000000	0.486787	0.000000	0.274131	0.000000	0.000000	0.000000	0.000000	0.000000	0.000000	0.000000
103	tsk_103	(x)	1	:	0.000000	0.419746	0.497151	0.000000	0.000000	0.000000	0.000000	0.000000	0.000953	0.000000	0.000000	0.032157	0.003130	0.046863	0.000000
104	tsk_104	(x)	1	:	0.490386	0.000000	0.000000	0.000000	0.000000	0.000000	0.000000	0.000000	0.000000	0.000000	0.000000	0.008004	0.499976	0.001634	0.000000
105	tsk_105	(x)	1	:	0.000000	0.189345	0.498542	0.000000	0.000000	0.000000	0.000000	0.000000	0.000000	0.000000	0.000000	0.205815	0.001638	0.104660	0.000000
106	tsk_106	(x)	1	:	0.488408	0.000000	0.000000	0.000000	0.000000	0.000000	0.000000	0.000000	0.000000	0.509298	0.000000	0.001795	0.000000	0.000500	0.000000
107	tsk_107	(x)	1	:	0.588401	0.411238	0.000000	0.000000	0.000000	0.000000	0.000000	0.000000	0.000145	0.000000	0.000000	0.000025	0.000000	0.000191	0.000000
108	tsk_108	(x)	1	:	0.000000	0.581936	0.000000	0.000000	0.000000	0.000000	0.000000	0.000000	0.000000	0.000000	0.000000	0.079411	0.000000	0.338652	0.000000
109	tsk_109	(x)	1	:	0.000000	0.420613	0.000000	0.000000	0.000000	0.000000	0.000000	0.000000	0.000000	0.000000	0.000000	0.336421	0.000000	0.242966	0.000000
110	tsk_110	(x)	1	:	0.000000	0.000000	0.000000	0.000000	0.000000	0.000000	0.000000	0.000000	0.384685	0.000000	0.000000	0.071165	0.500004	0.044146	0.000000
111	tsk_111	(x)	1	:	0.000000	0.000000	0.000000	0.000000	0.000000	0.000000	0.000000	0.000000	0.696021	0.000000	0.000000	0.095651	0.000000	0.208328	0.000000
112	tsk_112	(x)	1	:	0.243178	0.000000	0.000000	0.440449	0.000000	0.000000	0.000000	0.000000	0.000000	0.000000	0.000000	0.156850	0.000000	0.159523	0.000000
113	tsk_113	(x)	1	:	0.000000	0.000000	0.000000	0.000000	0.000000	0.000000	0.000000	0.000000	0.384685	0.000000	0.000000	0.061350	0.500004	0.053961	0.000000
114	tsk_114	(x)	1	:	0.000000	0.000000	0.000000	0.442932	0.000000	0.000000	0.000000	0.000000	0.000000	0.000000	0.000000	0.035536	0.500159	0.021373	0.000000
115	tsk_115	(x)	1	:	0.000000	0.000000	0.000000	0.000000	0.000000	0.000000	0.000000	0.000000	0.384685	0.000000	0.000000	0.047352	0.500004	0.067959	0.000000
116	tsk_116	(x)	1	:	0.000000	0.000000	0.000000	0.000000	0.000000	0.000000	0.000000	0.000000	1.000000	0.000000	0.000000	0.000000	0.000000	0.000000	0.000000
117	tsk_117	(x)	1	:	0.243171	0.000000	0.000000	0.000000	0.000000	0.000000	0.000000	0.000000	0.000000	0.000000	0.000000	0.295303	0.000000	0.461525	0.000000
118	tsk_118	(x)	1	:	0.000000	0.000000	0.000000	0.000000	0.000000	0.000000	0.000000	0.000000	0.000000	0.000000	0.000000	0.333687	0.500000	0.166313	0.000000
119	tsk_119	(x)	1	:	0.000000	0.000000	0.000000	0.000000	0.000000	0.000000	0.000000	0.000000	0.384685	0.000000	0.000000	0.062041	0.500004	0.053271	0.000000
120	tsk_120	(x)	1	:	0.000000	0.000000	0.000000	0.000000	0.000000	0.000000	0.041997	0.000000	0.384460	0.000000	0.454004	0.082540	0.000000	0.036998	0.000000
121	tsk_121	(x)	1	:	0.000000	0.000000	0.000000	0.000000	0.000000	0.000000	0.000000	0.000000	0.384685	0.000000	0.000000	0.097957	0.500004	0.017355	0.000000
122	tsk_122	(x)	1	:	0.000000	0.000000	0.000000	0.000000	0.000000	0.000000	0.000000	0.000000	1.000000	0.000000	0.000000	0.000000	0.000000	0.000000	0.000000
123	tsk_123	(x)	1	:	0.000000	0.000000	0.000000	0.000000	0.500001	0.000000	0.000000	0.000000	0.000000	0.000000	0.000000	0.185004	0.000000	0.314995	0.000000
124	tsk_124	(x)	1	:	0.000000	0.000000	0.000000	0.000000	0.000000	0.000000	0.039502	0.000000	0.384379	0.000000	0.455406	0.060152	0.000000	0.060562	0.000000
125	tsk_125	(x)	1	:	0.000000	0.000000	0.000000	0.000000	0.000000	0.000000	0.000000	0.000000	1.000000	0.000000	0.000000	0.000000	0.000000	0.000000	0.000000
126	tsk_126	(x)	1	:	0.000000	0.000000	0.000000	0.000000	0.000000	0.000000	0.000000	0.000000	1.000000	0.000000	0.000000	0.000000	0.000000	0.000000	0.000000
127	tsk_127	(x)	1	:	0.000000	0.000000	0.000000	0.000000	0.000000	0.000000	0.045610	0.000000	0.384621	0.000000	0.452002	0.038963	0.000000	0.078805	0.000000
128	tsk_128	(x)	1	:	0.000000	0.000000	0.000000	0.000000	0.000000	0.000000	0.000000	0.000000	1.000000	0.000000	0.000000	0.000000	0.000000	0.000000	0.000000
129	tsk_129	(x)	1	:	0.000000	0.000000	0.000000	0.000000	0.000000	0.000000	0.500009	0.000000	0.384666	0.000000	0.000000	0.026177	0.000000	0.089148	0.000000
130	tsk_130	(x)	1	:	0.000000	0.000000	0.000000	0.000000	0.000000	0.000000	0.500000	0.000000	0.000000	0.000000	0.000000	0.226912	0.000000	0.273088	0.000000
131	tsk_131	(x)	1	:	0.000000	0.000000	0.000000	0.000000	0.000000	0.000000	0.500000	0.000000	0.000000	0.000000	0.000000	0.241513	0.000000	0.258487	0.000000
132	tsk_132	(x)	1	:	0.000000	0.000000	0.000000	0.000000	0.000000	0.512046	0.000000	0.000000	0.000000	0.000000	0.000000	0.164290	0.000000	0.323663	0.000000
133	tsk_133	(x)	1	:	0.000000	0.000000	0.000000	0.000000	0.000000	0.000000	0.500000	0.000000	0.000000	0.000000	0.000000	0.246852	0.000000	0.253148	0.000000
134	tsk_134	(x)	1	:	0.000000	0.000000	0.000000	0.000000	0.000000	0.000000	1.000000	0.000000	0.000000	0.000000	0.000000	0.000000	0.000000	0.000000	0.000000
135	tsk_135	(x)	1	:	0.000000	0.000000	0.000000	0.000000	0.000000	0.000000	0.500000	0.000000	0.000000	0.000000	0.000000	0.181024	0.000000	0.318976	0.000000
136	tsk_136	(x)	1	:	0.000000	0.000000	0.000000	0.000000	0.000000	0.000000	0.000000	0.000000	0.000000	0.000000	0.000000	0.000000	1.000000	0.000000	0.000000
137	tsk_137	(x)	1	:	0.000000	0.000000	0.000000	0.000000	0.000000	0.000000	1.000000	0.000000	0.000000	0.000000	0.000000	0.000000	0.000000	0.000000	0.000000
138	tsk_138	(x)	1	:	0.000000	0.000000	0.000000	0.307872	0.000000	0.000000	0.000000	0.000000	0.000000	0.000000	0.000000	0.295340	0.000000	0.396788	0.000000
139	tsk_139	(x)	1	:	0.000000	0.000000	0.000000	0.000000	0.000000	0.000000	0.499999	0.000000	0.000000	0.000000	0.000000	0.094357	0.000000	0.405644	0.000000
140	tsk_140	(x)	1	:	0.000000	0.000000	0.000000	0.000000	0.000000	0.000000	0.494471	0.000000	0.000000	0.000000	0.000000	0.005343	0.499635	0.000551	0.000000
141	tsk_141	(x)	1	:	0.000000	0.000000	0.000000	0.000000	0.000000	0.000000	0.494570	0.000000	0.000000	0.000000	0.000000	0.003511	0.499642	0.002277	0.000000
142	tsk_142	(x)	1	:	0.000000	0.000000	0.000000	0.000000	0.000000	0.000000	0.000000	0.000000	0.000000	0.000000	0.000000	0.424526	0.500000	0.075474	0.000000
143	tsk_143	(x)	1	:	0.000000	0.000000	0.000000	0.000000	0.000000	0.000000	0.000000	0.000000	0.000000	0.000000	0.000000	0.439985	0.500000	0.060015	0.000000
144	tsk_144	(x)	1	:	0.000000	0.000000	0.000000	0.512393	0.000000	0.000000	0.000000	0.000000	0.000000	0.000000	0.000000	0.000000	0.487606	0.000000	0.000000
145	tsk_145	(x)	1	:	0.000000	0.000000	0.000000	0.000000	0.000000	0.000000	0.000000	0.000000	0.384685	0.000000	0.000000	0.075759	0.500004	0.039552	0.000000
146	tsk_146	(x)	1	:	0.000000	0.000000	0.000000	0.000000	0.000001	0.000000	0.000000	0.275476	0.000000	0.000000	0.000000	0.150303	0.499825	0.074395	0.000000
147	tsk_147	(x)	1	:	0.000000	0.000000	0.000000	0.000000	1.000000	0.000000	0.000000	0.000000	0.000000	0.000000	0.000000	0.000000	0.000000	0.000000	0.000000
148	tsk_148	(x)	1	:	0.000000	0.000000	0.000000	0.000000	0.500000	0.000000	0.000000	0.000000	0.000000	0.000000	0.000000	0.000000	0.500000	0.000000	0.000000
149	tsk_149	(x)	1	:	0.000000	0.000000	0.000000	0.469789	0.530211	0.000000	0.000000	0.000000	0.000000	0.000000	0.000000	0.000000	0.000000	0.000000	0.000000
