0	tsk_0	(x)	1	:	0.000000	0.000000	0.494011	0.000000	0.000000	0.000000	0.000000	0.000000	0.000000	0.505989	0.000000	0.000000	0.000000	0.000000
1	tsk_1	(x)	1	:	0.000000	0.071096	0.000297	0.428692	0.000000	0.000000	0.000000	0.000000	0.000000	0.499915	0.000000	0.000000	0.000000	0.000000
2	tsk_2	(x)	1	:	0.000000	0.040916	0.000001	0.000000	0.520415	0.000000	0.000000	0.000000	0.000000	0.000000	0.000000	0.438668	0.000000	0.000000
3	tsk_3	(x)	1	:	0.000000	0.063291	0.001058	0.000000	0.497095	0.000000	0.000000	0.000000	0.000000	0.000000	0.000000	0.438556	0.000000	0.000000
4	tsk_4	(x)	1	:	0.000000	0.000000	0.505724	0.000000	0.000000	0.000000	0.494276	0.000000	0.000000	0.000000	0.000000	0.000000	0.000000	0.000000
5	tsk_5	(x)	1	:	0.409180	0.000000	0.000001	0.000000	0.000000	0.000000	0.000000	0.000000	0.000000	0.000000	0.000000	0.590819	0.000000	0.000000
6	tsk_6	(x)	1	:	0.000000	0.064166	0.000240	0.000000	0.497158	0.000000	0.000000	0.000000	0.000000	0.000000	0.000000	0.438435	0.000000	0.000000
7	tsk_7	(x)	1	:	0.000000	0.063941	0.000451	0.000000	0.497142	0.000000	0.000000	0.000000	0.000000	0.000000	0.000000	0.438466	0.000000	0.000000
8	tsk_8	(x)	1	:	0.000000	0.073577	0.488090	0.000000	0.000000	0.000000	0.000000	0.000000	0.000000	0.000000	0.000000	0.438333	0.000000	0.000000
9	tsk_9	(x)	1	:	0.000000	0.000000	0.416873	0.000000	0.000000	0.000000	0.000000	0.000000	0.000000	0.000000	0.000000	0.583127	0.000000	0.000000
10	tsk_10	(x)	1	:	0.000000	1.000000	0.000000	0.000000	0.000000	0.000000	0.000000	0.000000	0.000000	0.000000	0.000000	0.000000	0.000000	0.000000
11	tsk_11	(x)	1	:	0.000000	0.000758	0.000000	0.000000	0.000000	0.000000	0.000000	0.000000	0.000000	0.000000	0.541554	0.000000	0.457688	0.000000
12	tsk_12	(x)	1	:	0.000000	0.000000	0.441754	0.000000	0.000000	0.000000	0.000000	0.000000	0.000000	0.000000	0.558246	0.000000	0.000000	0.000000
13	tsk_13	(x)	1	:	0.499815	0.499626	0.000559	0.000000	0.000000	0.000000	0.000000	0.000000	0.000000	0.000000	0.000000	0.000000	0.000000	0.000000
14	tsk_14	(x)	1	:	0.499830	0.499656	0.000514	0.000000	0.000000	0.000000	0.000000	0.000000	0.000000	0.000000	0.000000	0.000000	0.000000	0.000000
15	tsk_15	(x)	1	:	0.000000	0.000000	0.000000	0.000000	0.000000	0.456362	0.543638	0.000000	0.000000	0.000000	0.000000	0.000000	0.000000	0.000000
16	tsk_16	(x)	1	:	0.000000	0.061210	0.000004	0.428683	0.000000	0.000000	0.000000	0.000000	0.000000	0.000000	0.000000	0.000000	0.000000	0.510103
17	tsk_17	(x)	1	:	0.000000	0.061211	0.000003	0.428683	0.000000	0.000000	0.000000	0.000000	0.000000	0.000000	0.000000	0.000000	0.000000	0.510103
18	tsk_18	(x)	1	:	0.000000	0.000000	0.000000	0.000000	0.000000	0.326271	0.279803	0.000000	0.000000	0.000000	0.393926	0.000000	0.000000	0.000000
19	tsk_19	(x)	1	:	0.000000	0.000732	0.000000	0.000000	0.000000	0.000000	0.000000	0.000000	0.000000	0.000000	0.541559	0.000000	0.457709	0.000000
20	tsk_20	(x)	1	:	0.000000	0.000048	0.000000	0.559902	0.000000	0.000000	0.000000	0.000000	0.000000	0.000000	0.000000	0.000000	0.440050	0.000000
21	tsk_21	(x)	1	:	0.000000	0.367745	0.000000	0.000000	0.000000	0.000000	0.000000	0.000000	0.000000	0.000000	0.000000	0.632255	0.000000	0.000000
22	tsk_22	(x)	1	:	0.000000	0.039852	0.008249	0.000000	0.000000	0.000000	0.488122	0.000000	0.000000	0.000000	0.000000	0.000000	0.463777	0.000000
23	tsk_23	(x)	1	:	0.000000	0.000000	0.408482	0.000000	0.000000	0.000000	0.000000	0.000000	0.000000	0.000000	0.000000	0.000000	0.591518	0.000000
24	tsk_24	(x)	1	:	0.000000	0.041432	0.006404	0.000000	0.000000	0.000000	0.488830	0.000000	0.000000	0.000000	0.000000	0.000000	0.463335	0.000000
25	tsk_25	(x)	1	:	0.000000	0.000000	0.505723	0.000000	0.000000	0.000000	0.494276	0.000000	0.000000	0.000000	0.000000	0.000000	0.000000	0.000000
26	tsk_26	(x)	1	:	0.000000	0.100947	0.000000	0.000000	0.000000	0.000000	0.000000	0.000000	0.000000	0.000000	0.000000	0.437627	0.461426	0.000000
27	tsk_27	(x)	1	:	0.000000	0.000000	0.000000	0.000000	0.000000	0.000000	0.000000	0.000000	0.000000	0.000000	0.000000	1.000000	0.000000	0.000000
28	tsk_28	(x)	1	:	0.000000	0.000000	0.000000	0.000000	0.000000	0.000000	0.000000	0.000000	0.000000	0.000000	0.000000	1.000000	0.000000	0.000000
29	tsk_29	(x)	1	:	0.000000	0.100948	0.000000	0.000000	0.000000	0.000000	0.000000	0.000000	0.000000	0.000000	0.000000	0.437626	0.461425	0.000000
30	tsk_30	(x)	1	:	0.503116	0.000000	0.000000	0.000000	0.496883	0.000000	0.000000	0.000000	0.000000	0.000000	0.000000	0.000000	0.000000	0.000000
31	tsk_31	(x)	1	:	0.505960	0.000000	0.158667	0.000000	0.000000	0.000000	0.335372	0.000000	0.000000	0.000000	0.000000	0.000000	0.000000	0.000000
32	tsk_32	(x)	1	:	0.000000	0.033829	0.000292	0.000000	0.497663	0.000000	0.000000	0.000000	0.000000	0.000000	0.000000	0.000000	0.468215	0.000000
33	tsk_33	(x)	1	:	0.512438	0.000000	0.000000	0.000000	0.000000	0.000000	0.000000	0.000000	0.000000	0.000000	0.000000	0.000000	0.000000	0.487561
34	tsk_34	(x)	1	:	0.000000	0.000000	0.000000	0.000000	0.000000	0.000000	0.000000	0.000000	0.000000	0.000000	0.000000	0.000000	1.000000	0.000000
35	tsk_35	(x)	1	:	0.502837	0.025295	0.000511	0.000000	0.000000	0.000000	0.000000	0.000000	0.000000	0.000000	0.000000	0.000000	0.471357	0.000000
36	tsk_36	(x)	1	:	0.000000	0.000000	0.000000	0.000000	0.000000	0.000000	0.000000	0.000000	0.000000	0.000000	0.000000	0.000000	1.000000	0.000000
37	tsk_37	(x)	1	:	0.000000	0.000000	0.000000	0.000000	0.000000	0.000000	0.000000	0.000000	0.000000	0.000000	0.000000	0.000000	1.000000	0.000000
38	tsk_38	(x)	1	:	0.000000	0.000000	0.404647	0.000000	0.000000	0.000000	0.000000	0.000000	0.000000	0.000000	0.000000	0.000000	0.595353	0.000000
39	tsk_39	(x)	1	:	1.000000	0.000000	0.000000	0.000000	0.000000	0.000000	0.000000	0.000000	0.000000	0.000000	0.000000	0.000000	0.000000	0.000000
40	tsk_40	(x)	1	:	0.499741	0.499475	0.000784	0.000000	0.000000	0.000000	0.000000	0.000000	0.000000	0.000000	0.000000	0.000000	0.000000	0.000000
41	tsk_41	(x)	1	:	0.000000	0.000000	0.000000	0.000000	0.000000	0.000000	0.000000	0.000000	0.000000	0.380965	0.619035	0.000000	0.000000	0.000000
42	tsk_42	(x)	1	:	0.000000	0.000000	0.000000	0.000000	0.000000	0.000000	0.000000	0.000000	0.175698	0.824302	0.000000	0.000000	0.000000	0.000000
43	tsk_43	(x)	1	:	0.500043	0.000000	0.000000	0.000000	0.000000	0.000000	0.000000	0.000000	0.000000	0.083986	0.415971	0.000000	0.000000	0.000000
44	tsk_44	(x)	1	:	0.499866	0.499729	0.000405	0.000000	0.000000	0.000000	0.000000	0.000000	0.000000	0.000000	0.000000	0.000000	0.000000	0.000000
45	tsk_45	(x)	1	:	0.000000	0.499629	0.000554	0.000000	0.000000	0.000000	0.000000	0.000000	0.000000	0.499817	0.000000	0.000000	0.000000	0.000000
46	tsk_46	(x)	1	:	0.000000	0.000000	0.000000	0.000000	0.000000	0.000000	0.000000	0.000000	0.000000	0.380965	0.619035	0.000000	0.000000	0.000000
47	tsk_47	(x)	1	:	0.500000	0.000000	0.000000	0.000000	0.000000	0.000000	0.000000	0.500000	0.000000	0.000000	0.000000	0.000000	0.000000	0.000000
48	tsk_48	(x)	1	:	0.505989	0.000000	0.494011	0.000000	0.000000	0.000000	0.000000	0.000000	0.000000	0.000000	0.000000	0.000000	0.000000	0.000000
49	tsk_49	(x)	1	:	0.000000	0.500028	0.000032	0.000000	0.000000	0.000000	0.000000	0.000000	0.313444	0.186497	0.000000	0.000000	0.000000	0.000000
50	tsk_50	(x)	1	:	0.000000	0.000000	0.158612	0.000000	0.000000	0.000000	0.335403	0.000000	0.151832	0.354153	0.000000	0.000000	0.000000	0.000000
51	tsk_51	(x)	1	:	0.000000	0.000000	0.000000	0.000000	0.000000	0.000000	0.422368	0.464741	0.112890	0.000000	0.000000	0.000000	0.000000	0.000000
52	tsk_52	(x)	1	:	0.000000	0.000000	0.000000	0.000000	0.000000	0.000000	0.000000	0.000000	0.000000	0.584016	0.415983	0.000000	0.000000	0.000000
53	tsk_53	(x)	1	:	0.000000	0.000000	0.000000	0.515148	0.484852	0.000000	0.000000	0.000000	0.000000	0.000000	0.000000	0.000000	0.000000	0.000000
54	tsk_54	(x)	1	:	0.000000	0.000000	0.390461	0.000000	0.000000	0.000000	0.252408	0.000000	0.000000	0.357132	0.000000	0.000000	0.000000	0.000000
55	tsk_55	(x)	1	:	0.000000	0.000000	0.000000	0.531429	0.000000	0.000000	0.000000	0.000000	0.000000	0.468571	0.000000	0.000000	0.000000	0.000000
56	tsk_56	(x)	1	:	0.000000	0.000000	0.013764	0.000000	0.497500	0.000000	0.488736	0.000000	0.000000	0.000000	0.000000	0.000000	0.000000	0.000000
57	tsk_57	(x)	1	:	0.000000	0.000000	0.494011	0.000000	0.000000	0.000000	0.000000	0.000000	0.000000	0.505989	0.000000	0.000000	0.000000	0.000000
58	tsk_58	(x)	1	:	0.000000	0.000000	0.000000	0.520378	0.000000	0.000000	0.000000	0.479622	0.000000	0.000000	0.000000	0.000000	0.000000	0.000000
59	tsk_59	(x)	1	:	0.000000	0.000000	0.000000	0.000000	0.000000	0.000000	0.000000	0.000000	0.175716	0.408281	0.416002	0.000000	0.000000	0.000000
60	tsk_60	(x)	1	:	0.000000	0.000000	0.505724	0.000000	0.000000	0.000000	0.494276	0.000000	0.000000	0.000000	0.000000	0.000000	0.000000	0.000000
61	tsk_61	(x)	1	:	0.000000	0.041114	0.007193	0.000000	0.000000	0.000000	0.488408	0.000000	0.000000	0.000000	0.000000	0.000000	0.463285	0.000000
62	tsk_62	(x)	1	:	0.000000	0.000000	0.505724	0.000000	0.000000	0.000000	0.494276	0.000000	0.000000	0.000000	0.000000	0.000000	0.000000	0.000000
63	tsk_63	(x)	1	:	0.000000	0.000000	0.610965	0.000000	0.000000	0.000000	0.000000	0.000000	0.000000	0.000000	0.000000	0.000000	0.389035	0.000000
64	tsk_64	(x)	1	:	0.505989	0.000000	0.494011	0.000000	0.000000	0.000000	0.000000	0.000000	0.000000	0.000000	0.000000	0.000000	0.000000	0.000000
65	tsk_65	(x)	1	:	0.000000	0.029098	0.000343	0.000000	0.000000	0.000000	0.000000	0.000000	0.000000	0.087744	0.414523	0.000000	0.468290	0.000000
66	tsk_66	(x)	1	:	0.000000	0.000000	0.505724	0.000000	0.000000	0.000000	0.494276	0.000000	0.000000	0.000000	0.000000	0.000000	0.000000	0.000000
67	tsk_67	(x)	1	:	0.000000	0.040766	0.007379	0.000000	0.000000	0.000000	0.488399	0.000000	0.000000	0.000000	0.000000	0.000000	0.463455	0.000000
68	tsk_68	(x)	1	:	0.000000	0.000000	0.008092	0.000000	0.000000	0.000000	0.489186	0.000000	0.000000	0.085805	0.416916	0.000000	0.000000	0.000000
69	tsk_69	(x)	1	:	0.000000	0.000000	0.494011	0.000000	0.000000	0.000000	0.000000	0.000000	0.000000	0.505989	0.000000	0.000000	0.000000	0.000000
70	tsk_70	(x)	1	:	0.009120	0.000000	0.492126	0.000000	0.000000	0.000000	0.000000	0.498754	0.000000	0.000000	0.000000	0.000000	0.000000	0.000000
71	tsk_71	(x)	1	:	0.000000	0.051453	0.000003	0.000000	0.000000	0.000000	0.000000	0.000000	0.000000	0.000000	0.000000	0.438434	0.000000	0.510110
72	tsk_72	(x)	1	:	0.000000	0.017802	0.000002	0.000000	0.000000	0.000000	0.000000	0.000000	0.000000	0.000000	0.000000	0.000000	0.471587	0.510609
73	tsk_73	(x)	1	:	0.009015	0.000000	0.492189	0.000000	0.000000	0.000000	0.000000	0.498796	0.000000	0.000000	0.000000	0.000000	0.000000	0.000000
74	tsk_74	(x)	1	:	0.500000	0.000000	0.000000	0.000000	0.000000	0.000000	0.000000	0.000000	0.000000	0.500000	0.000000	0.000000	0.000000	0.000000
75	tsk_75	(x)	1	:	0.000000	0.000000	0.000000	0.000000	0.000000	0.000000	0.000000	0.000000	0.000000	0.000000	0.000000	0.000000	0.000000	1.000000
76	tsk_76	(x)	1	:	0.000000	0.000000	0.000000	0.000000	0.000000	0.000000	0.000000	0.000000	0.000000	1.000000	0.000000	0.000000	0.000000	0.000000
77	tsk_77	(x)	1	:	0.000000	0.000000	0.812612	0.000000	0.000000	0.187388	0.000000	0.000000	0.000000	0.000000	0.000000	0.000000	0.000000	0.000000
78	tsk_78	(x)	1	:	0.000000	0.000000	0.494011	0.000000	0.000000	0.000000	0.000000	0.000000	0.000000	0.505989	0.000000	0.000000	0.000000	0.000000
79	tsk_79	(x)	1	:	0.000000	0.046112	0.489927	0.000000	0.000000	0.000000	0.000000	0.000000	0.000000	0.000000	0.000000	0.000000	0.463960	0.000000
80	tsk_80	(x)	1	:	0.000000	0.000000	1.000000	0.000000	0.000000	0.000000	0.000000	0.000000	0.000000	0.000000	0.000000	0.000000	0.000000	0.000000
81	tsk_81	(x)	1	:	0.000000	0.000000	0.000000	0.000000	0.000000	0.000000	0.000000	0.000000	0.000000	0.513506	0.000000	0.000000	0.000000	0.486494
82	tsk_82	(x)	1	:	0.004292	0.000000	0.000000	0.000000	0.496613	0.000000	0.000000	0.499094	0.000000	0.000000	0.000000	0.000000	0.000000	0.000000
83	tsk_83	(x)	1	:	0.000000	0.000000	0.000000	0.000000	0.000000	0.000000	0.000000	1.000000	0.000000	0.000000	0.000000	0.000000	0.000000	0.000000
84	tsk_84	(x)	1	:	0.000000	0.000000	0.501917	0.000000	0.498082	0.000000	0.000000	0.000000	0.000000	0.000000	0.000000	0.000000	0.000000	0.000000
85	tsk_85	(x)	1	:	0.009132	0.000000	0.492119	0.000000	0.000000	0.000000	0.000000	0.498749	0.000000	0.000000	0.000000	0.000000	0.000000	0.000000
86	tsk_86	(x)	1	:	0.004297	0.000000	0.000000	0.000000	0.496612	0.000000	0.000000	0.499091	0.000000	0.000000	0.000000	0.000000	0.000000	0.000000
87	tsk_87	(x)	1	:	0.000000	0.000000	0.000000	0.000000	1.000000	0.000000	0.000000	0.000000	0.000000	0.000000	0.000000	0.000000	0.000000	0.000000
88	tsk_88	(x)	1	:	0.000000	0.000000	0.000000	0.000000	0.000000	0.000000	0.000000	1.000000	0.000000	0.000000	0.000000	0.000000	0.000000	0.000000
89	tsk_89	(x)	1	:	0.000000	0.000000	0.512794	0.000000	0.000000	0.000000	0.000000	0.000000	0.000000	0.000000	0.000000	0.000000	0.000000	0.487206
90	tsk_90	(x)	1	:	0.000000	0.000000	0.000000	0.000000	0.000000	0.000000	0.000000	0.000000	0.342484	0.241637	0.415879	0.000000	0.000000	0.000000
91	tsk_91	(x)	1	:	0.000000	0.000000	0.000263	0.000000	0.000000	0.000000	0.485491	0.000000	0.514245	0.000000	0.000000	0.000000	0.000000	0.000000
92	tsk_92	(x)	1	:	0.000000	0.000000	0.000000	0.000000	0.000000	0.000000	1.000000	0.000000	0.000000	0.000000	0.000000	0.000000	0.000000	0.000000
93	tsk_93	(x)	1	:	0.000000	0.000000	0.013660	0.000000	0.497509	0.000000	0.488830	0.000000	0.000000	0.000000	0.000000	0.000000	0.000000	0.000000
94	tsk_94	(x)	1	:	0.000000	0.000000	0.000352	0.000000	0.000000	0.000000	0.485418	0.000000	0.514229	0.000000	0.000000	0.000000	0.000000	0.000000
95	tsk_95	(x)	1	:	0.000000	0.000000	0.000005	0.000000	0.000000	0.000000	0.474160	0.000000	0.161278	0.000000	0.364556	0.000000	0.000000	0.000000
96	tsk_96	(x)	1	:	0.000000	0.000000	0.000000	0.000000	0.478126	0.000000	0.411201	0.000000	0.110674	0.000000	0.000000	0.000000	0.000000	0.000000
97	tsk_97	(x)	1	:	0.000000	0.000000	0.000420	0.000000	0.000000	0.000000	0.485363	0.000000	0.514217	0.000000	0.000000	0.000000	0.000000	0.000000
98	tsk_98	(x)	1	:	0.000000	0.000000	0.000002	0.542175	0.000000	0.000000	0.457823	0.000000	0.000000	0.000000	0.000000	0.000000	0.000000	0.000000
99	tsk_99	(x)	1	:	0.499877	0.060973	0.000617	0.000000	0.000000	0.000000	0.000000	0.000000	0.000000	0.000000	0.000000	0.438533	0.000000	0.000000
100	tsk_100	(x)	1	:	0.502307	0.027928	0.000256	0.000000	0.000000	0.000000	0.000000	0.000000	0.000000	0.000000	0.000000	0.000000	0.469508	0.000000
101	tsk_101	(x)	1	:	0.000000	1.000000	0.000000	0.000000	0.000000	0.000000	0.000000	0.000000	0.000000	0.000000	0.000000	0.000000	0.000000	0.000000
102	tsk_102	(x)	1	:	0.000000	0.504295	0.008531	0.000000	0.000000	0.000000	0.487174	0.000000	0.000000	0.000000	0.000000	0.000000	0.000000	0.000000
103	tsk_103	(x)	1	:	0.000000	0.504728	0.007666	0.000000	0.000000	0.000000	0.487606	0.000000	0.000000	0.000000	0.000000	0.000000	0.000000	0.000000
104	tsk_104	(x)	1	:	0.500000	0.000000	0.000000	0.000000	0.000000	0.000000	0.000000	0.000000	0.000000	0.500000	0.000000	0.000000	0.000000	0.000000
105	tsk_105	(x)	1	:	0.500000	0.000000	0.000000	0.000000	0.000000	0.000000	0.000000	0.000000	0.000000	0.500000	0.000000	0.000000	0.000000	0.000000
106	tsk_106	(x)	1	:	0.000000	0.000000	0.000000	0.000000	0.000000	0.000000	0.000000	0.000000	0.000000	0.000000	0.000000	0.000000	0.000000	1.000000
107	tsk_107	(x)	1	:	0.000000	0.504510	0.008103	0.000000	0.000000	0.000000	0.487388	0.000000	0.000000	0.000000	0.000000	0.000000	0.000000	0.000000
108	tsk_108	(x)	1	:	0.000000	0.502100	0.000805	0.000000	0.497095	0.000000	0.000000	0.000000	0.000000	0.000000	0.000000	0.000000	0.000000	0.000000
109	tsk_109	(x)	1	:	0.000000	1.000000	0.000000	0.000000	0.000000	0.000000	0.000000	0.000000	0.000000	0.000000	0.000000	0.000000	0.000000	0.000000
110	tsk_110	(x)	1	:	0.000000	0.070967	0.000465	0.428702	0.000000	0.000000	0.000000	0.000000	0.000000	0.499866	0.000000	0.000000	0.000000	0.000000
111	tsk_111	(x)	1	:	0.000000	0.511860	0.488140	0.000000	0.000000	0.000000	0.000000	0.000000	0.000000	0.000000	0.000000	0.000000	0.000000	0.000000
112	tsk_112	(x)	1	:	0.000000	0.000000	0.494011	0.000000	0.000000	0.000000	0.000000	0.000000	0.000000	0.505989	0.000000	0.000000	0.000000	0.000000
113	tsk_113	(x)	1	:	0.000000	0.000000	0.010445	0.000000	0.000000	0.000000	0.487300	0.000000	0.000000	0.502255	0.000000	0.000000	0.000000	0.000000
114	tsk_114	(x)	1	:	0.000000	0.000000	0.000000	0.000000	0.000000	0.000000	0.000000	0.000000	0.000000	1.000000	0.000000	0.000000	0.000000	0.000000
115	tsk_115	(x)	1	:	0.000000	0.000000	0.009809	0.000000	0.000000	0.000000	0.487725	0.000000	0.000000	0.502466	0.000000	0.000000	0.000000	0.000000
116	tsk_116	(x)	1	:	0.499894	0.071043	0.000366	0.428696	0.000000	0.000000	0.000000	0.000000	0.000000	0.000000	0.000000	0.000000	0.000000	0.000000
117	tsk_117	(x)	1	:	0.000000	0.074606	0.007401	0.429467	0.000000	0.000000	0.488526	0.000000	0.000000	0.000000	0.000000	0.000000	0.000000	0.000000
118	tsk_118	(x)	1	:	0.000000	0.000000	0.494011	0.000000	0.000000	0.000000	0.000000	0.000000	0.000000	0.505989	0.000000	0.000000	0.000000	0.000000
119	tsk_119	(x)	1	:	0.000000	0.071170	0.000201	0.428686	0.000000	0.000000	0.000000	0.000000	0.000000	0.499943	0.000000	0.000000	0.000000	0.000000
120	tsk_120	(x)	1	:	1.000000	0.000000	0.000000	0.000000	0.000000	0.000000	0.000000	0.000000	0.000000	0.000000	0.000000	0.000000	0.000000	0.000000
121	tsk_121	(x)	1	:	0.000000	0.000000	0.494065	0.000000	0.000000	0.000000	0.000000	0.000000	0.000000	0.089923	0.416011	0.000000	0.000000	0.000000
122	tsk_122	(x)	1	:	0.499832	0.499661	0.000507	0.000000	0.000000	0.000000	0.000000	0.000000	0.000000	0.000000	0.000000	0.000000	0.000000	0.000000
123	tsk_123	(x)	1	:	0.000000	0.000000	0.476537	0.000000	0.523463	0.000000	0.000000	0.000000	0.000000	0.000000	0.000000	0.000000	0.000000	0.000000
124	tsk_124	(x)	1	:	0.499792	0.499580	0.000628	0.000000	0.000000	0.000000	0.000000	0.000000	0.000000	0.000000	0.000000	0.000000	0.000000	0.000000
125	tsk_125	(x)	1	:	0.500043	0.000000	0.000000	0.000000	0.000000	0.000000	0.000000	0.000000	0.000000	0.083986	0.415971	0.000000	0.000000	0.000000
126	tsk_126	(x)	1	:	0.505989	0.000000	0.494011	0.000000	0.000000	0.000000	0.000000	0.000000	0.000000	0.000000	0.000000	0.000000	0.000000	0.000000
127	tsk_127	(x)	1	:	0.499859	0.070950	0.000487	0.428704	0.000000	0.000000	0.000000	0.000000	0.000000	0.000000	0.000000	0.000000	0.000000	0.000000
128	tsk_128	(x)	1	:	0.505989	0.000000	0.494011	0.000000	0.000000	0.000000	0.000000	0.000000	0.000000	0.000000	0.000000	0.000000	0.000000	0.000000
129	tsk_129	(x)	1	:	0.000000	0.000000	0.000000	0.000000	0.000000	0.000000	0.000000	0.000000	0.000000	0.000000	1.000000	0.000000	0.000000	0.000000
130	tsk_130	(x)	1	:	0.500000	0.000000	0.000000	0.000000	0.000000	0.000000	0.000000	0.500000	0.000000	0.000000	0.000000	0.000000	0.000000	0.000000
131	tsk_131	(x)	1	:	0.000000	0.000000	0.000000	0.000000	0.000000	0.000000	0.000000	1.000000	0.000000	0.000000	0.000000	0.000000	0.000000	0.000000
132	tsk_132	(x)	1	:	0.000000	0.537484	0.000000	0.000000	0.000000	0.000000	0.000000	0.000000	0.000000	0.000000	0.000000	0.000000	0.462516	0.000000
133	tsk_133	(x)	1	:	0.000000	0.000000	0.000000	0.000000	0.000000	0.000000	0.000000	1.000000	0.000000	0.000000	0.000000	0.000000	0.000000	0.000000
134	tsk_134	(x)	1	:	0.000000	0.000000	0.000000	0.000000	0.000000	0.000000	0.000000	0.000000	0.000000	1.000000	0.000000	0.000000	0.000000	0.000000
135	tsk_135	(x)	1	:	0.000000	0.000000	0.404647	0.000000	0.000000	0.000000	0.000000	0.000000	0.000000	0.000000	0.000000	0.000000	0.595353	0.000000
136	tsk_136	(x)	1	:	0.500000	0.000000	0.000000	0.000000	0.000000	0.000000	0.000000	0.000000	0.000000	0.500000	0.000000	0.000000	0.000000	0.000000
137	tsk_137	(x)	1	:	0.004812	0.000000	0.000000	0.000000	0.000000	0.000000	0.000000	0.498077	0.000000	0.497110	0.000000	0.000000	0.000000	0.000000
138	tsk_138	(x)	1	:	0.500000	0.000000	0.000000	0.000000	0.000000	0.000000	0.000000	0.000000	0.000000	0.500000	0.000000	0.000000	0.000000	0.000000
139	tsk_139	(x)	1	:	0.500000	0.000000	0.000000	0.000000	0.000000	0.000000	0.000000	0.500000	0.000000	0.000000	0.000000	0.000000	0.000000	0.000000
140	tsk_140	(x)	1	:	0.000000	0.000000	0.494011	0.000000	0.000000	0.000000	0.000000	0.000000	0.000000	0.505989	0.000000	0.000000	0.000000	0.000000
141	tsk_141	(x)	1	:	0.000000	0.000000	0.000000	0.000000	0.000000	0.000000	0.000000	0.000000	0.000000	0.370315	0.629685	0.000000	0.000000	0.000000
142	tsk_142	(x)	1	:	0.000000	0.100973	0.000000	0.000000	0.000000	0.000000	0.000000	0.000000	0.000000	0.000000	0.000000	0.437614	0.461413	0.000000
143	tsk_143	(x)	1	:	0.000000	0.000000	0.494065	0.000000	0.000000	0.000000	0.000000	0.000000	0.000000	0.089924	0.416011	0.000000	0.000000	0.000000
144	tsk_144	(x)	1	:	0.000000	0.000000	1.000000	0.000000	0.000000	0.000000	0.000000	0.000000	0.000000	0.000000	0.000000	0.000000	0.000000	0.000000
145	tsk_145	(x)	1	:	0.000000	0.000005	0.447354	0.552641	0.000000	0.000000	0.000000	0.000000	0.000000	0.000000	0.000000	0.000000	0.000000	0.000000
146	tsk_146	(x)	1	:	0.000000	0.000000	0.000000	0.000000	0.000000	0.000000	0.000000	0.000000	0.000000	0.584016	0.415983	0.000000	0.000000	0.000000
147	tsk_147	(x)	1	:	0.000000	0.000000	0.404648	0.000000	0.000000	0.000000	0.000000	0.000000	0.000000	0.000000	0.000000	0.000000	0.595352	0.000000
148	tsk_148	(x)	1	:	0.000000	0.499542	0.000683	0.000000	0.000000	0.000000	0.000000	0.000000	0.000000	0.499774	0.000000	0.000000	0.000000	0.000000
149	tsk_149	(x)	1	:	0.009080	0.000000	0.492150	0.000000	0.000000	0.000000	0.000000	0.498770	0.000000	0.000000	0.000000	0.000000	0.000000	0.000000
