logL = -1441.153973 (converged)
AIC = 8552.307947
BIC = 17087.459006

count.K
7 2 50 3 1 2 13 4 0 19 14 4 6 1 24 

