logL = -1973.680421 (converged)
AIC = 9107.360842
BIC = 16874.799901

count.K
14 5 6 4 11 17 11 18 25 3 6 11 19 

