logL = -2077.627036 (converged)
AIC = 8655.254073
BIC = 15429.183484

count.K
3 12 45 2 13 4 3 28 9 2 0 29 

