0	tsk_0	(x)	1	:	0.483542	0.000000	0.000000	0.000000	0.000000	0.000000	0.000000	0.000000	0.516458
1	tsk_1	(x)	1	:	0.514311	0.000000	0.485686	0.000001	0.000002	0.000000	0.000000	0.000000	0.000000
2	tsk_2	(x)	1	:	0.289536	0.000000	0.000000	0.000000	0.000000	0.000000	0.000000	0.000000	0.710464
3	tsk_3	(x)	1	:	1.000000	0.000000	0.000000	0.000000	0.000000	0.000000	0.000000	0.000000	0.000000
4	tsk_4	(x)	1	:	0.514311	0.000000	0.485685	0.000002	0.000002	0.000000	0.000000	0.000000	0.000000
5	tsk_5	(x)	1	:	0.000000	0.000000	0.574926	0.259024	0.166050	0.000000	0.000000	0.000000	0.000000
6	tsk_6	(x)	1	:	1.000000	0.000000	0.000000	0.000000	0.000000	0.000000	0.000000	0.000000	0.000000
7	tsk_7	(x)	1	:	0.514309	0.000000	0.485684	0.000003	0.000003	0.000000	0.000000	0.000000	0.000002
8	tsk_8	(x)	1	:	0.000000	0.000000	0.502366	0.008421	0.007662	0.000000	0.000000	0.000000	0.481551
9	tsk_9	(x)	1	:	0.289536	0.000000	0.000000	0.000000	0.000000	0.000000	0.000000	0.000000	0.710464
10	tsk_10	(x)	1	:	0.000000	0.000000	0.008281	0.012173	0.022084	0.494200	0.463263	0.000000	0.000000
11	tsk_11	(x)	1	:	0.000000	0.000000	0.000000	0.000000	0.000000	1.000000	0.000000	0.000000	0.000000
12	tsk_12	(x)	1	:	0.519115	0.000000	0.000000	0.267748	0.213135	0.000000	0.000002	0.000000	0.000000
13	tsk_13	(x)	1	:	0.000000	0.000000	0.008429	0.015688	0.018229	0.494169	0.463485	0.000000	0.000000
14	tsk_14	(x)	1	:	0.000000	0.000000	0.000000	0.000000	0.000000	1.000000	0.000000	0.000000	0.000000
15	tsk_15	(x)	1	:	0.000000	0.000000	0.000000	0.000000	0.000000	1.000000	0.000000	0.000000	0.000000
16	tsk_16	(x)	1	:	0.000000	0.000000	0.009631	0.111994	0.384721	0.493654	0.000000	0.000000	0.000000
17	tsk_17	(x)	1	:	0.000000	0.000000	0.000000	0.285230	0.250571	0.000000	0.464198	0.000000	0.000000
18	tsk_18	(x)	1	:	0.000000	0.000000	0.009740	0.027020	0.021955	0.493728	0.000000	0.000000	0.447556
19	tsk_19	(x)	1	:	0.000000	0.000000	0.008209	0.002001	0.002945	0.494276	0.000000	0.000000	0.492568
20	tsk_20	(x)	1	:	0.000000	0.000000	0.000000	0.357809	0.118155	0.000000	0.000002	0.000000	0.524034
21	tsk_21	(x)	1	:	0.000000	0.000000	0.168043	0.316408	0.515549	0.000000	0.000000	0.000000	0.000000
22	tsk_22	(x)	1	:	0.000000	0.000000	0.009676	0.215425	0.281199	0.493700	0.000000	0.000000	0.000000
23	tsk_23	(x)	1	:	0.000000	0.000000	0.000000	0.286879	0.189130	0.000000	0.000004	0.000000	0.523988
24	tsk_24	(x)	1	:	0.000000	0.525302	0.000000	0.000000	0.000000	0.000000	0.000000	0.000000	0.474698
25	tsk_25	(x)	1	:	0.000000	0.095148	0.000000	0.178251	0.320501	0.000000	0.000000	0.406100	0.000000
26	tsk_26	(x)	1	:	0.000000	0.000000	0.000000	0.468729	0.531223	0.000000	0.000048	0.000000	0.000000
27	tsk_27	(x)	1	:	0.000000	0.000000	0.502254	0.006122	0.010112	0.000000	0.000000	0.000000	0.481512
28	tsk_28	(x)	1	:	0.000000	0.000000	0.000000	0.281474	0.236916	0.000000	0.000001	0.000000	0.481609
29	tsk_29	(x)	1	:	0.000000	0.000000	0.505588	0.000000	0.000000	0.494412	0.000000	0.000000	0.000000
30	tsk_30	(x)	1	:	0.000000	0.501186	0.000000	0.017579	0.017863	0.000000	0.463371	0.000000	0.000000
31	tsk_31	(x)	1	:	0.000000	0.501258	0.000000	0.210072	0.288670	0.000000	0.000000	0.000000	0.000000
32	tsk_32	(x)	1	:	0.000000	0.471420	0.000000	0.528575	0.000005	0.000000	0.000000	0.000000	0.000000
33	tsk_33	(x)	1	:	0.000000	0.501303	0.000000	0.281801	0.216895	0.000000	0.000000	0.000000	0.000000
34	tsk_34	(x)	1	:	0.449097	0.000000	0.000000	0.000000	0.000000	0.000000	0.000000	0.000000	0.550903
35	tsk_35	(x)	1	:	0.000000	0.000000	0.000000	0.688445	0.000000	0.000000	0.311555	0.000000	0.000000
36	tsk_36	(x)	1	:	0.000000	0.000000	0.000000	0.584128	0.415872	0.000000	0.000000	0.000000	0.000000
37	tsk_37	(x)	1	:	0.000000	0.501146	0.000000	0.010825	0.024983	0.000000	0.463046	0.000000	0.000000
38	tsk_38	(x)	1	:	0.000000	0.477902	0.000000	0.000004	0.000000	0.000000	0.522094	0.000000	0.000000
39	tsk_39	(x)	1	:	0.000000	0.000000	0.000000	0.309144	0.690856	0.000000	0.000000	0.000000	0.000000
40	tsk_40	(x)	1	:	0.000000	0.000000	0.000000	0.681224	0.318776	0.000000	0.000000	0.000000	0.000000
41	tsk_41	(x)	1	:	0.000000	0.500702	0.167196	0.003698	0.006796	0.000000	0.321605	0.000002	0.000000
42	tsk_42	(x)	1	:	0.000000	0.501228	0.000000	0.156434	0.342338	0.000000	0.000000	0.000000	0.000000
43	tsk_43	(x)	1	:	0.485414	0.514536	0.000000	0.000000	0.000000	0.000000	0.000000	0.000003	0.000046
44	tsk_44	(x)	1	:	0.519093	0.000000	0.000000	0.226101	0.254804	0.000000	0.000002	0.000000	0.000000
45	tsk_45	(x)	1	:	0.000000	0.000000	0.000000	0.000000	0.000000	0.000000	0.000000	0.000000	1.000000
46	tsk_46	(x)	1	:	0.000000	0.000000	0.168009	0.182108	0.325768	0.000000	0.324116	0.000000	0.000000
47	tsk_47	(x)	1	:	0.000000	0.570267	0.000000	0.000000	0.000000	0.000000	0.000000	0.000000	0.429733
48	tsk_48	(x)	1	:	0.000000	0.488333	0.000000	0.000000	0.000000	0.000000	0.000000	0.000000	0.511666
49	tsk_49	(x)	1	:	0.000000	0.000000	0.000000	0.301206	0.698794	0.000000	0.000000	0.000000	0.000000
50	tsk_50	(x)	1	:	0.314709	0.000000	0.000000	0.349472	0.205279	0.000000	0.000001	0.000000	0.130540
51	tsk_51	(x)	1	:	0.489392	0.000000	0.000000	0.330793	0.179766	0.000000	0.000001	0.000000	0.000048
52	tsk_52	(x)	1	:	1.000000	0.000000	0.000000	0.000000	0.000000	0.000000	0.000000	0.000000	0.000000
53	tsk_53	(x)	1	:	0.489422	0.000000	0.000000	0.385866	0.124661	0.000000	0.000001	0.000000	0.000050
54	tsk_54	(x)	1	:	0.000000	0.000000	0.000000	0.402601	0.104667	0.000000	0.000001	0.000000	0.492731
55	tsk_55	(x)	1	:	0.000000	0.000000	0.009625	0.192179	0.304490	0.493706	0.000000	0.000000	0.000000
56	tsk_56	(x)	1	:	0.000000	0.095152	0.000000	0.177789	0.320963	0.000000	0.000000	0.406096	0.000000
57	tsk_57	(x)	1	:	0.489377	0.000000	0.000000	0.320885	0.189691	0.000000	0.000000	0.000000	0.000047
58	tsk_58	(x)	1	:	0.620078	0.000000	0.000000	0.000000	0.000000	0.000000	0.000000	0.000000	0.379922
59	tsk_59	(x)	1	:	0.000000	0.000000	0.000000	0.417497	0.582503	0.000000	0.000000	0.000000	0.000000
60	tsk_60	(x)	1	:	0.000000	0.000000	0.000000	0.000000	0.000000	0.000000	0.000000	1.000000	0.000000
61	tsk_61	(x)	1	:	0.000000	0.000000	0.505588	0.000000	0.000000	0.494412	0.000000	0.000000	0.000000
62	tsk_62	(x)	1	:	0.000000	0.078873	0.000000	0.000000	0.000000	0.515021	0.000000	0.406106	0.000000
63	tsk_63	(x)	1	:	0.000000	0.000000	0.000000	0.511489	0.488511	0.000000	0.000000	0.000000	0.000000
64	tsk_64	(x)	1	:	0.000000	0.000000	0.000000	0.000000	0.000000	0.000000	0.000000	1.000000	0.000000
65	tsk_65	(x)	1	:	0.000000	0.501260	0.000000	0.211838	0.286902	0.000000	0.000000	0.000000	0.000000
66	tsk_66	(x)	1	:	0.000000	0.000000	0.000013	0.257069	0.210494	0.532421	0.000003	0.000000	0.000000
67	tsk_67	(x)	1	:	0.000000	0.570267	0.000000	0.000000	0.000000	0.000000	0.000000	0.000000	0.429733
68	tsk_68	(x)	1	:	0.000000	0.000000	0.009743	0.290324	0.206207	0.493726	0.000000	0.000000	0.000000
69	tsk_69	(x)	1	:	0.000000	0.591407	0.000000	0.000000	0.000000	0.000000	0.000000	0.408593	0.000000
70	tsk_70	(x)	1	:	0.000000	0.501294	0.000000	0.266350	0.232357	0.000000	0.000000	0.000000	0.000000
71	tsk_71	(x)	1	:	0.000000	0.000000	0.000000	1.000000	0.000000	0.000000	0.000000	0.000000	0.000000
72	tsk_72	(x)	1	:	0.000000	0.000000	0.000000	0.621473	0.378527	0.000000	0.000000	0.000000	0.000000
73	tsk_73	(x)	1	:	0.000000	0.000000	0.000000	0.532633	0.467367	0.000000	0.000000	0.000000	0.000000
74	tsk_74	(x)	1	:	0.000000	0.000000	0.000000	0.570076	0.429924	0.000000	0.000000	0.000000	0.000000
75	tsk_75	(x)	1	:	0.314709	0.000000	0.000000	0.323431	0.231331	0.000000	0.000002	0.000000	0.130528
76	tsk_76	(x)	1	:	0.000000	0.000000	0.000000	0.439063	0.560937	0.000000	0.000000	0.000000	0.000000
77	tsk_77	(x)	1	:	0.000000	0.000000	0.000000	1.000000	0.000000	0.000000	0.000000	0.000000	0.000000
78	tsk_78	(x)	1	:	0.000000	0.000000	0.000000	0.472607	0.527392	0.000000	0.000000	0.000000	0.000000
79	tsk_79	(x)	1	:	0.000000	0.000000	0.000000	0.508468	0.491532	0.000000	0.000000	0.000000	0.000000
80	tsk_80	(x)	1	:	0.000000	0.000000	0.008468	0.013854	0.020112	0.494143	0.463423	0.000000	0.000000
81	tsk_81	(x)	1	:	0.000000	0.000000	0.008359	0.020528	0.013217	0.494227	0.463669	0.000000	0.000000
82	tsk_82	(x)	1	:	0.000000	0.095070	0.000000	0.016363	0.019117	0.000000	0.463343	0.406107	0.000000
83	tsk_83	(x)	1	:	0.000000	0.000000	0.008259	0.009238	0.025207	0.494186	0.463110	0.000000	0.000000
84	tsk_84	(x)	1	:	0.000000	0.000000	0.008220	0.008291	0.026244	0.494194	0.463050	0.000000	0.000000
85	tsk_85	(x)	1	:	0.000000	0.001084	0.000003	0.000000	0.000001	0.488923	0.000000	0.509990	0.000000
86	tsk_86	(x)	1	:	0.000000	0.591407	0.000000	0.000000	0.000000	0.000000	0.000000	0.408593	0.000000
87	tsk_87	(x)	1	:	0.000000	0.000000	0.000000	0.180274	0.355959	0.000000	0.463767	0.000000	0.000000
88	tsk_88	(x)	1	:	0.000000	0.000000	0.000000	0.535709	0.464291	0.000000	0.000000	0.000000	0.000000
89	tsk_89	(x)	1	:	0.000000	0.000000	0.000000	0.000000	0.000000	1.000000	0.000000	0.000000	0.000000
90	tsk_90	(x)	1	:	0.000000	0.000000	0.000000	0.460364	0.539636	0.000000	0.000000	0.000000	0.000000
91	tsk_91	(x)	1	:	0.000000	0.000000	0.484007	0.000005	0.000021	0.000000	0.000000	0.515967	0.000000
92	tsk_92	(x)	1	:	0.000000	0.000000	0.484680	0.000010	0.000014	0.000000	0.000000	0.000000	0.515295
93	tsk_93	(x)	1	:	0.000000	0.000000	0.000000	0.317757	0.161043	0.000000	0.000000	0.000000	0.521200
94	tsk_94	(x)	1	:	0.000000	0.000000	0.484008	0.000006	0.000019	0.000000	0.000000	0.515967	0.000000
95	tsk_95	(x)	1	:	0.000000	0.000000	1.000000	0.000000	0.000000	0.000000	0.000000	0.000000	0.000000
96	tsk_96	(x)	1	:	0.000000	0.000000	0.000000	0.372745	0.179656	0.000000	0.000000	0.000000	0.447599
97	tsk_97	(x)	1	:	0.000000	0.000000	0.000000	0.412808	0.139568	0.000000	0.000000	0.000000	0.447623
98	tsk_98	(x)	1	:	0.000000	0.000000	0.502499	0.272467	0.225033	0.000000	0.000000	0.000000	0.000000
99	tsk_99	(x)	1	:	0.000000	0.000000	0.000000	0.515911	0.484089	0.000000	0.000000	0.000000	0.000000
100	tsk_100	(x)	1	:	0.000000	0.000000	0.000000	0.287282	0.220059	0.000000	0.000001	0.000000	0.492658
101	tsk_101	(x)	1	:	0.000000	0.499919	0.005240	0.000173	0.000605	0.494064	0.000000	0.000000	0.000000
102	tsk_102	(x)	1	:	0.000069	0.000000	0.000000	0.000000	0.000000	0.000000	0.000000	0.000000	0.999931
103	tsk_103	(x)	1	:	0.000000	0.000000	0.000000	0.000000	0.000000	0.000000	0.000000	0.000000	1.000000
104	tsk_104	(x)	1	:	0.000000	0.000000	0.000000	0.000001	0.000000	0.000000	0.999999	0.000000	0.000000
105	tsk_105	(x)	1	:	0.000000	0.000000	0.008332	0.014108	0.020007	0.494192	0.463361	0.000000	0.000000
106	tsk_106	(x)	1	:	0.000000	0.000000	0.000000	0.032410	0.010694	0.000000	0.464240	0.000000	0.492656
107	tsk_107	(x)	1	:	0.519102	0.000000	0.000000	0.244477	0.236420	0.000000	0.000001	0.000000	0.000000
108	tsk_108	(x)	1	:	0.000000	0.000000	0.000000	0.313857	0.193467	0.000000	0.000002	0.000000	0.492674
109	tsk_109	(x)	1	:	0.518979	0.000000	0.000000	0.011948	0.006512	0.000000	0.462561	0.000000	0.000000
110	tsk_110	(x)	1	:	0.315533	0.167136	0.000000	0.000000	0.000000	0.000000	0.000000	0.405952	0.111379
111	tsk_111	(x)	1	:	0.000000	0.000000	1.000000	0.000000	0.000000	0.000000	0.000000	0.000000	0.000000
112	tsk_112	(x)	1	:	0.314737	0.000000	0.502155	0.017950	0.034713	0.000000	0.000000	0.000000	0.130445
113	tsk_113	(x)	1	:	0.000000	0.000000	0.000000	0.571964	0.428036	0.000000	0.000000	0.000000	0.000000
114	tsk_114	(x)	1	:	0.000000	0.000000	0.000000	0.000000	0.000000	0.000000	0.000000	1.000000	0.000000
115	tsk_115	(x)	1	:	0.000000	0.000000	1.000000	0.000000	0.000000	0.000000	0.000000	0.000000	0.000000
116	tsk_116	(x)	1	:	0.000000	0.095158	0.000000	0.180481	0.318269	0.000000	0.000000	0.406092	0.000000
117	tsk_117	(x)	1	:	0.000000	0.000000	0.000000	0.489244	0.510756	0.000000	0.000000	0.000000	0.000000
118	tsk_118	(x)	1	:	0.000000	0.000000	0.174549	0.068256	0.262924	0.494271	0.000000	0.000000	0.000000
119	tsk_119	(x)	1	:	0.000000	0.000000	0.505588	0.000000	0.000000	0.494412	0.000000	0.000000	0.000000
120	tsk_120	(x)	1	:	0.000000	0.000000	0.335401	0.160030	0.504569	0.000000	0.000000	0.000000	0.000000
121	tsk_121	(x)	1	:	0.000000	0.000000	0.164666	0.000184	0.001434	0.000000	0.313864	0.519852	0.000000
122	tsk_122	(x)	1	:	0.489396	0.000000	0.168141	0.208736	0.133680	0.000000	0.000001	0.000000	0.000046
123	tsk_123	(x)	1	:	0.000000	0.000000	0.000000	0.360668	0.118495	0.000000	0.000002	0.000000	0.520835
124	tsk_124	(x)	1	:	0.000000	0.000000	0.000000	0.000000	0.000000	0.485758	0.000000	0.000000	0.514242
125	tsk_125	(x)	1	:	0.000000	0.000000	0.116402	0.109462	0.221778	0.552357	0.000000	0.000000	0.000000
126	tsk_126	(x)	1	:	0.000000	0.000000	0.248186	0.000000	0.751814	0.000000	0.000000	0.000000	0.000000
127	tsk_127	(x)	1	:	0.000000	0.000000	0.000000	0.163577	0.314689	0.000000	0.000000	0.521734	0.000000
128	tsk_128	(x)	1	:	0.000000	0.000000	0.123399	0.000000	0.418990	0.000000	0.000000	0.000000	0.457612
129	tsk_129	(x)	1	:	0.000000	0.000000	0.000000	0.000000	0.000000	0.000000	0.000000	0.000000	1.000000
130	tsk_130	(x)	1	:	0.000000	0.000000	0.000000	0.578350	0.421650	0.000000	0.000000	0.000000	0.000000
131	tsk_131	(x)	1	:	0.000000	0.000000	0.000000	0.556032	0.443968	0.000000	0.000000	0.000000	0.000000
132	tsk_132	(x)	1	:	0.000000	0.000000	0.000000	0.667924	0.332076	0.000000	0.000000	0.000000	0.000000
133	tsk_133	(x)	1	:	0.000000	0.000000	0.000000	0.510201	0.489799	0.000000	0.000000	0.000000	0.000000
134	tsk_134	(x)	1	:	0.000000	0.000000	0.000062	0.000001	0.000003	0.486510	0.000000	0.513425	0.000000
135	tsk_135	(x)	1	:	0.000000	0.000000	0.000000	0.183491	0.294764	0.000000	0.000000	0.521744	0.000000
136	tsk_136	(x)	1	:	0.000000	0.000000	0.000000	0.162350	0.315916	0.000000	0.000000	0.521734	0.000000
137	tsk_137	(x)	1	:	0.000000	0.000000	1.000000	0.000000	0.000000	0.000000	0.000000	0.000000	0.000000
138	tsk_138	(x)	1	:	0.000000	0.000000	0.000000	0.624760	0.375240	0.000000	0.000000	0.000000	0.000000
139	tsk_139	(x)	1	:	0.000000	0.000000	0.000000	0.550765	0.449235	0.000000	0.000000	0.000000	0.000000
140	tsk_140	(x)	1	:	0.000000	1.000000	0.000000	0.000000	0.000000	0.000000	0.000000	0.000000	0.000000
141	tsk_141	(x)	1	:	0.000000	1.000000	0.000000	0.000000	0.000000	0.000000	0.000000	0.000000	0.000000
142	tsk_142	(x)	1	:	0.000000	0.501309	0.000000	0.289892	0.208797	0.000000	0.000000	0.000002	0.000000
143	tsk_143	(x)	1	:	0.000000	0.501182	0.000000	0.024509	0.010517	0.000000	0.463731	0.000061	0.000000
144	tsk_144	(x)	1	:	0.000000	1.000000	0.000000	0.000000	0.000000	0.000000	0.000000	0.000000	0.000000
145	tsk_145	(x)	1	:	0.000000	0.501289	0.000000	0.259612	0.239099	0.000000	0.000000	0.000000	0.000000
146	tsk_146	(x)	1	:	0.000000	1.000000	0.000000	0.000000	0.000000	0.000000	0.000000	0.000000	0.000000
147	tsk_147	(x)	1	:	0.000000	1.000000	0.000000	0.000000	0.000000	0.000000	0.000000	0.000000	0.000000
148	tsk_148	(x)	1	:	0.000000	1.000000	0.000000	0.000000	0.000000	0.000000	0.000000	0.000000	0.000000
149	tsk_149	(x)	1	:	0.000000	1.000000	0.000000	0.000000	0.000000	0.000000	0.000000	0.000000	0.000000
