logL = -2024.255367 (converged)
AIC = 5364.510735
BIC = 7345.508758

count.K
41 55 25 29 

