logL = -927.432784 (converged)
AIC = 4046.865568
BIC = 7346.521850

count.K
12 2 33 33 40 19 11 

