logL = -510.345336 (converged)
AIC = 6270.690671
BIC = 14173.608318

count.K
13 51 10 4 1 3 14 12 8 14 3 6 3 2 6 

