0	tsk_0	(x)	1	:	0.000000	1.000000	0.000000	0.000000	0.000000	0.000000	0.000000	0.000000	0.000000
1	tsk_1	(x)	1	:	0.000000	0.000000	0.434917	0.000000	0.000000	0.000000	0.000000	0.444868	0.120215
2	tsk_2	(x)	1	:	0.497073	0.000000	0.113282	0.000000	0.000000	0.000000	0.246938	0.000000	0.142707
3	tsk_3	(x)	1	:	0.000000	1.000000	0.000000	0.000000	0.000000	0.000000	0.000000	0.000000	0.000000
4	tsk_4	(x)	1	:	0.000000	0.000000	0.000000	0.542554	0.000000	0.000000	0.000000	0.457446	0.000000
5	tsk_5	(x)	1	:	0.000000	0.000000	0.587735	0.000000	0.000000	0.000000	0.246878	0.000000	0.165387
6	tsk_6	(x)	1	:	0.000000	0.000000	0.353849	0.000000	0.000000	0.000000	0.000000	0.444868	0.201283
7	tsk_7	(x)	1	:	0.000000	0.000000	0.257138	0.000000	0.000000	0.000000	0.246455	0.445165	0.051242
8	tsk_8	(x)	1	:	0.000000	0.000000	0.561865	0.000000	0.000000	0.000000	0.000000	0.000000	0.438135
9	tsk_9	(x)	1	:	0.000000	0.000000	0.334992	0.000000	0.000000	0.000000	0.585166	0.000000	0.079842
10	tsk_10	(x)	1	:	0.000000	0.000000	0.296181	0.000000	0.000000	0.500000	0.000000	0.000000	0.203819
11	tsk_11	(x)	1	:	0.000000	0.000000	0.397080	0.000000	0.000000	0.500000	0.000000	0.000000	0.102920
12	tsk_12	(x)	1	:	0.496953	0.000000	0.375047	0.000000	0.000000	0.000000	0.000000	0.000000	0.128000
13	tsk_13	(x)	1	:	0.498476	0.000000	0.000000	0.000000	0.000000	0.501524	0.000000	0.000000	0.000000
14	tsk_14	(x)	1	:	0.000000	0.000000	0.435304	0.000000	0.000000	0.000000	0.000000	0.000000	0.564696
15	tsk_15	(x)	1	:	1.000000	0.000000	0.000000	0.000000	0.000000	0.000000	0.000000	0.000000	0.000000
16	tsk_16	(x)	1	:	0.000000	0.000000	0.000000	0.000000	0.000000	0.555132	0.000000	0.444868	0.000000
17	tsk_17	(x)	1	:	0.000000	0.000000	0.000000	0.000000	0.000000	1.000000	0.000000	0.000000	0.000000
18	tsk_18	(x)	1	:	0.000000	0.000000	0.000000	0.542554	0.000000	0.000000	0.000000	0.457446	0.000000
19	tsk_19	(x)	1	:	0.000000	0.000000	0.281780	0.000000	0.000000	0.000000	0.000000	0.444868	0.273352
20	tsk_20	(x)	1	:	0.000000	0.000000	0.132727	0.493483	0.000000	0.000000	0.000000	0.000000	0.373790
21	tsk_21	(x)	1	:	0.000000	0.000000	0.138218	0.000000	0.000000	0.000000	0.000000	0.557441	0.304340
22	tsk_22	(x)	1	:	0.000000	0.000000	0.011156	0.000000	0.000000	0.000000	0.487605	0.493388	0.007851
23	tsk_23	(x)	1	:	0.000000	0.000000	0.267426	0.493483	0.000000	0.000000	0.000000	0.000000	0.239092
24	tsk_24	(x)	1	:	0.000000	0.000000	0.270296	0.493483	0.000000	0.000000	0.000000	0.000000	0.236221
25	tsk_25	(x)	1	:	0.000000	0.000000	0.368399	0.000000	0.000000	0.000000	0.403915	0.000000	0.227686
26	tsk_26	(x)	1	:	0.000000	0.000000	0.238662	0.000000	0.000000	0.000000	0.641696	0.000000	0.119641
27	tsk_27	(x)	1	:	0.000000	0.000000	0.307141	0.493483	0.000000	0.000000	0.000000	0.000000	0.199376
28	tsk_28	(x)	1	:	0.000000	0.000000	0.157846	0.493483	0.000000	0.000000	0.000000	0.000000	0.348671
29	tsk_29	(x)	1	:	0.000000	0.000000	0.210254	0.000000	0.000000	0.000000	0.403915	0.000000	0.385831
30	tsk_30	(x)	1	:	0.458786	0.000000	0.000000	0.000000	0.000000	0.000000	0.000000	0.541214	0.000000
31	tsk_31	(x)	1	:	0.496953	0.000000	0.116331	0.000000	0.000000	0.000000	0.000000	0.000000	0.386716
32	tsk_32	(x)	1	:	0.000000	0.000000	0.516461	0.000000	0.000000	0.000000	0.000000	0.000000	0.483538
33	tsk_33	(x)	1	:	0.496953	0.000000	0.052569	0.000000	0.000000	0.000000	0.000000	0.000000	0.450478
34	tsk_34	(x)	1	:	0.496953	0.000000	0.086065	0.000000	0.000000	0.000000	0.000000	0.000000	0.416982
35	tsk_35	(x)	1	:	0.497073	0.000000	0.097142	0.000000	0.000000	0.000000	0.246938	0.000000	0.158847
36	tsk_36	(x)	1	:	0.000000	0.000000	0.298658	0.000000	0.000000	0.000000	0.000000	0.557441	0.143901
37	tsk_37	(x)	1	:	1.000000	0.000000	0.000000	0.000000	0.000000	0.000000	0.000000	0.000000	0.000000
38	tsk_38	(x)	1	:	0.458786	0.000000	0.000000	0.000000	0.000000	0.000000	0.000000	0.541214	0.000000
39	tsk_39	(x)	1	:	0.496953	0.000000	0.101245	0.000000	0.000000	0.000000	0.000000	0.000000	0.401802
40	tsk_40	(x)	1	:	0.000000	0.000000	0.215547	0.552673	0.000000	0.000000	0.000000	0.000000	0.231780
41	tsk_41	(x)	1	:	0.000000	0.000000	0.244706	0.000000	0.000000	0.000000	0.000000	0.000000	0.755294
42	tsk_42	(x)	1	:	0.000000	0.000000	0.241967	0.493483	0.000000	0.000000	0.000000	0.000000	0.264550
43	tsk_43	(x)	1	:	0.000000	0.000000	0.644692	0.000000	0.000000	0.000000	0.000000	0.000000	0.355308
44	tsk_44	(x)	1	:	0.000000	0.000000	1.000000	0.000000	0.000000	0.000000	0.000000	0.000000	0.000000
45	tsk_45	(x)	1	:	0.000000	0.000000	0.818237	0.000000	0.000000	0.000000	0.000000	0.000000	0.181763
46	tsk_46	(x)	1	:	0.000000	0.000000	0.595105	0.000000	0.000000	0.000000	0.000000	0.000000	0.404895
47	tsk_47	(x)	1	:	0.000000	0.000000	0.583727	0.000000	0.000000	0.000000	0.000000	0.000000	0.416273
48	tsk_48	(x)	1	:	0.000000	0.000000	0.383562	0.000000	0.000000	0.000000	0.000000	0.444868	0.171569
49	tsk_49	(x)	1	:	0.000000	0.000000	0.868665	0.000000	0.000000	0.000000	0.000000	0.000000	0.131335
50	tsk_50	(x)	1	:	0.502823	0.000000	0.000000	0.497177	0.000000	0.000000	0.000000	0.000000	0.000000
51	tsk_51	(x)	1	:	0.496953	0.000000	0.096800	0.000000	0.000000	0.000000	0.000000	0.000000	0.406248
52	tsk_52	(x)	1	:	0.458786	0.000000	0.000000	0.000000	0.000000	0.000000	0.000000	0.541214	0.000000
53	tsk_53	(x)	1	:	0.000000	0.000000	0.298401	0.493483	0.000000	0.000000	0.000000	0.000000	0.208116
54	tsk_54	(x)	1	:	0.496953	0.000000	0.338226	0.000000	0.000000	0.000000	0.000000	0.000000	0.164822
55	tsk_55	(x)	1	:	0.458786	0.000000	0.000000	0.000000	0.000000	0.000000	0.000000	0.541214	0.000000
56	tsk_56	(x)	1	:	1.000000	0.000000	0.000000	0.000000	0.000000	0.000000	0.000000	0.000000	0.000000
57	tsk_57	(x)	1	:	1.000000	0.000000	0.000000	0.000000	0.000000	0.000000	0.000000	0.000000	0.000000
58	tsk_58	(x)	1	:	0.496953	0.000000	0.038036	0.000000	0.000000	0.000000	0.000000	0.000000	0.465012
59	tsk_59	(x)	1	:	0.496953	0.000000	0.239797	0.000000	0.000000	0.000000	0.000000	0.000000	0.263250
60	tsk_60	(x)	1	:	0.000000	0.000000	0.621868	0.000000	0.000000	0.000000	0.000000	0.000000	0.378132
61	tsk_61	(x)	1	:	0.000000	0.000000	0.065479	0.493483	0.000000	0.000000	0.000000	0.000000	0.441038
62	tsk_62	(x)	1	:	0.000000	0.000000	0.386490	0.000000	0.000000	0.000000	0.000000	0.444868	0.168641
63	tsk_63	(x)	1	:	0.000000	0.000000	0.423673	0.000000	0.000000	0.293099	0.000000	0.155443	0.127785
64	tsk_64	(x)	1	:	0.000000	0.000000	0.674821	0.000000	0.000000	0.000000	0.000000	0.000000	0.325179
65	tsk_65	(x)	1	:	0.000000	0.000000	0.378665	0.493483	0.000000	0.000000	0.000000	0.000000	0.127852
66	tsk_66	(x)	1	:	0.000000	0.000000	0.393304	0.000000	0.000000	0.000000	0.000000	0.444868	0.161828
67	tsk_67	(x)	1	:	0.000000	0.000000	0.245389	0.493483	0.000000	0.000000	0.000000	0.000000	0.261129
68	tsk_68	(x)	1	:	0.000000	0.000000	0.000000	0.542554	0.000000	0.000000	0.000000	0.457446	0.000000
69	tsk_69	(x)	1	:	0.000000	0.000000	0.332798	0.493483	0.000000	0.000000	0.000000	0.000000	0.173720
70	tsk_70	(x)	1	:	0.000000	0.000000	0.000000	0.542554	0.000000	0.000000	0.000000	0.457446	0.000000
71	tsk_71	(x)	1	:	0.000000	0.000000	0.000000	0.455761	0.544239	0.000000	0.000000	0.000000	0.000000
72	tsk_72	(x)	1	:	0.000000	0.000000	0.271207	0.000000	0.437368	0.000000	0.000000	0.000000	0.291425
73	tsk_73	(x)	1	:	0.000000	0.000000	0.304110	0.000000	0.437368	0.000000	0.000000	0.000000	0.258522
74	tsk_74	(x)	1	:	0.000000	0.000000	0.000000	0.000000	1.000000	0.000000	0.000000	0.000000	0.000000
75	tsk_75	(x)	1	:	0.000000	0.000000	0.090426	0.000000	0.438193	0.000000	0.000000	0.445727	0.025654
76	tsk_76	(x)	1	:	0.000000	0.000000	0.459269	0.000000	0.437367	0.000000	0.000000	0.000000	0.103364
77	tsk_77	(x)	1	:	0.000000	0.000000	0.549395	0.000000	0.437368	0.000000	0.000000	0.000000	0.013237
78	tsk_78	(x)	1	:	0.000000	0.000000	0.084205	0.000000	0.438193	0.000000	0.000000	0.445727	0.031875
79	tsk_79	(x)	1	:	0.000000	0.000000	0.105160	0.000000	0.437366	0.000000	0.000000	0.000000	0.457474
80	tsk_80	(x)	1	:	0.000000	0.000000	0.000000	0.000000	0.000000	0.000000	0.000000	1.000000	0.000000
81	tsk_81	(x)	1	:	0.000000	0.000000	0.118868	0.000000	0.000000	0.000000	0.000000	0.846963	0.034169
82	tsk_82	(x)	1	:	0.518170	0.000000	0.000000	0.000000	0.000000	0.000000	0.000000	0.481830	0.000000
83	tsk_83	(x)	1	:	0.000000	0.000000	0.056861	0.493483	0.000000	0.000000	0.000000	0.000000	0.449656
84	tsk_84	(x)	1	:	0.000000	0.000000	0.000000	0.000000	0.000000	0.000000	0.000000	1.000000	0.000000
85	tsk_85	(x)	1	:	0.525205	0.000000	0.000000	0.000000	0.000000	0.000000	0.000000	0.474795	0.000000
86	tsk_86	(x)	1	:	0.000000	0.000000	0.155212	0.000000	0.000000	0.000000	0.000000	0.570337	0.274451
87	tsk_87	(x)	1	:	0.000000	0.000000	0.000000	0.000000	0.000000	0.000000	0.000000	1.000000	0.000000
88	tsk_88	(x)	1	:	0.000000	0.000000	0.000000	1.000000	0.000000	0.000000	0.000000	0.000000	0.000000
89	tsk_89	(x)	1	:	0.525205	0.000000	0.000000	0.000000	0.000000	0.000000	0.000000	0.474795	0.000000
90	tsk_90	(x)	1	:	0.502823	0.000000	0.000000	0.497177	0.000000	0.000000	0.000000	0.000000	0.000000
91	tsk_91	(x)	1	:	0.496953	0.000000	0.143913	0.000000	0.000000	0.000000	0.000000	0.000000	0.359134
92	tsk_92	(x)	1	:	0.000000	0.000000	0.000000	0.000000	0.000000	0.000000	0.000000	1.000000	0.000000
93	tsk_93	(x)	1	:	0.498476	0.000000	0.000000	0.000000	0.000000	0.501524	0.000000	0.000000	0.000000
94	tsk_94	(x)	1	:	0.000000	0.000000	0.000000	1.000000	0.000000	0.000000	0.000000	0.000000	0.000000
95	tsk_95	(x)	1	:	0.000000	0.000000	0.310336	0.000000	0.000000	0.000000	0.000000	0.570337	0.119327
96	tsk_96	(x)	1	:	0.000000	0.000000	0.000000	0.000000	0.000000	0.000000	0.000000	1.000000	0.000000
97	tsk_97	(x)	1	:	0.000000	0.000000	0.000000	0.000000	0.000000	0.000000	0.000000	1.000000	0.000000
98	tsk_98	(x)	1	:	0.525205	0.000000	0.000000	0.000000	0.000000	0.000000	0.000000	0.474795	0.000000
99	tsk_99	(x)	1	:	0.525205	0.000000	0.000000	0.000000	0.000000	0.000000	0.000000	0.474795	0.000000
100	tsk_100	(x)	1	:	0.000000	0.000000	0.431489	0.000000	0.000000	0.000000	0.000000	0.000000	0.568511
101	tsk_101	(x)	1	:	0.000000	0.000000	0.327808	0.000000	0.000000	0.000000	0.000000	0.000000	0.672192
102	tsk_102	(x)	1	:	0.000000	0.000000	0.613019	0.000000	0.000000	0.000000	0.000000	0.000000	0.386981
103	tsk_103	(x)	1	:	0.502823	0.000000	0.000000	0.497177	0.000000	0.000000	0.000000	0.000000	0.000000
104	tsk_104	(x)	1	:	0.000000	0.000000	0.000000	0.000000	0.000000	0.000000	0.000000	0.000000	1.000000
105	tsk_105	(x)	1	:	0.000000	0.000000	0.674151	0.000000	0.000000	0.000000	0.000000	0.000000	0.325849
106	tsk_106	(x)	1	:	0.000000	0.000000	0.561260	0.000000	0.000000	0.000000	0.000000	0.000000	0.438740
107	tsk_107	(x)	1	:	0.000000	0.000000	0.085104	0.493579	0.000000	0.000000	0.246935	0.000000	0.174381
108	tsk_108	(x)	1	:	0.496953	0.000000	0.029293	0.000000	0.000000	0.000000	0.000000	0.000000	0.473754
109	tsk_109	(x)	1	:	0.000000	0.000000	0.707846	0.000000	0.000000	0.000000	0.000000	0.000000	0.292154
110	tsk_110	(x)	1	:	0.502823	0.000000	0.000000	0.497177	0.000000	0.000000	0.000000	0.000000	0.000000
111	tsk_111	(x)	1	:	0.000000	0.000000	0.519517	0.000000	0.000000	0.000000	0.000000	0.000000	0.480483
112	tsk_112	(x)	1	:	0.496953	0.000000	0.082158	0.000000	0.000000	0.000000	0.000000	0.000000	0.420889
113	tsk_113	(x)	1	:	0.496953	0.000000	0.101760	0.000000	0.000000	0.000000	0.000000	0.000000	0.401287
114	tsk_114	(x)	1	:	0.000000	0.000000	0.359286	0.493483	0.000000	0.000000	0.000000	0.000000	0.147231
115	tsk_115	(x)	1	:	0.000000	0.000000	0.237143	0.493483	0.000000	0.000000	0.000000	0.000000	0.269374
116	tsk_116	(x)	1	:	0.502823	0.000000	0.000000	0.497177	0.000000	0.000000	0.000000	0.000000	0.000000
117	tsk_117	(x)	1	:	0.000000	0.000000	0.362272	0.493483	0.000000	0.000000	0.000000	0.000000	0.144245
118	tsk_118	(x)	1	:	0.496953	0.000000	0.184103	0.000000	0.000000	0.000000	0.000000	0.000000	0.318944
119	tsk_119	(x)	1	:	0.502823	0.000000	0.000000	0.497177	0.000000	0.000000	0.000000	0.000000	0.000000
120	tsk_120	(x)	1	:	0.496953	0.000000	0.071811	0.000000	0.000000	0.000000	0.000000	0.000000	0.431236
121	tsk_121	(x)	1	:	1.000000	0.000000	0.000000	0.000000	0.000000	0.000000	0.000000	0.000000	0.000000
122	tsk_122	(x)	1	:	0.525205	0.000000	0.000000	0.000000	0.000000	0.000000	0.000000	0.474795	0.000000
123	tsk_123	(x)	1	:	0.000000	0.000000	0.075076	0.000000	0.000000	0.000000	0.000000	0.570337	0.354587
124	tsk_124	(x)	1	:	0.000000	0.000000	0.000000	0.000000	0.000000	0.000000	0.000000	1.000000	0.000000
125	tsk_125	(x)	1	:	0.000000	0.000000	0.000000	0.000000	0.000000	0.000000	0.000000	1.000000	0.000000
126	tsk_126	(x)	1	:	0.000000	0.000000	0.000000	0.419444	0.000000	0.000000	0.000000	0.580556	0.000000
127	tsk_127	(x)	1	:	0.496953	0.000000	0.083578	0.000000	0.000000	0.000000	0.000000	0.000000	0.419470
128	tsk_128	(x)	1	:	0.578149	0.000000	0.000000	0.000000	0.000000	0.000000	0.000000	0.421851	0.000000
129	tsk_129	(x)	1	:	0.525205	0.000000	0.000000	0.000000	0.000000	0.000000	0.000000	0.474795	0.000000
130	tsk_130	(x)	1	:	0.000000	0.000000	0.812454	0.000000	0.000000	0.000000	0.000000	0.000000	0.187546
131	tsk_131	(x)	1	:	0.000000	0.000000	0.241585	0.000000	0.000000	0.000000	0.000000	0.000000	0.758415
132	tsk_132	(x)	1	:	0.000000	0.000000	0.637327	0.000000	0.000000	0.000000	0.000000	0.000000	0.362673
133	tsk_133	(x)	1	:	0.000000	0.000000	0.000000	0.000000	0.000000	1.000000	0.000000	0.000000	0.000000
134	tsk_134	(x)	1	:	0.000000	0.000000	0.606632	0.000000	0.000000	0.000000	0.000000	0.000000	0.393368
135	tsk_135	(x)	1	:	0.000000	0.000000	0.272854	0.000000	0.000000	0.500000	0.000000	0.000000	0.227146
136	tsk_136	(x)	1	:	0.000000	0.000000	0.338138	0.000000	0.000000	0.000000	0.000000	0.000000	0.661862
137	tsk_137	(x)	1	:	0.000000	0.000000	0.000000	0.493483	0.000000	0.506517	0.000000	0.000000	0.000000
138	tsk_138	(x)	1	:	0.496953	0.000000	0.078959	0.000000	0.000000	0.000000	0.000000	0.000000	0.424088
139	tsk_139	(x)	1	:	0.000000	0.000000	0.480507	0.000000	0.000000	0.000000	0.000000	0.000000	0.519493
140	tsk_140	(x)	1	:	1.000000	0.000000	0.000000	0.000000	0.000000	0.000000	0.000000	0.000000	0.000000
141	tsk_141	(x)	1	:	0.000000	0.000000	0.361824	0.552673	0.000000	0.000000	0.000000	0.000000	0.085503
142	tsk_142	(x)	1	:	0.496953	0.000000	0.024687	0.000000	0.000000	0.000000	0.000000	0.000000	0.478360
143	tsk_143	(x)	1	:	0.000000	0.000000	0.417667	0.493483	0.000000	0.000000	0.000000	0.000000	0.088850
144	tsk_144	(x)	1	:	0.502823	0.000000	0.000000	0.497177	0.000000	0.000000	0.000000	0.000000	0.000000
145	tsk_145	(x)	1	:	0.000000	0.000000	0.361553	0.493483	0.000000	0.000000	0.000000	0.000000	0.144965
146	tsk_146	(x)	1	:	0.000000	0.000000	0.283718	0.000000	0.000000	0.000000	0.000000	0.444868	0.271413
147	tsk_147	(x)	1	:	1.000000	0.000000	0.000000	0.000000	0.000000	0.000000	0.000000	0.000000	0.000000
148	tsk_148	(x)	1	:	0.000000	0.000000	0.000000	0.635516	0.000000	0.000000	0.000000	0.364484	0.000000
149	tsk_149	(x)	1	:	0.462145	0.000000	0.000000	0.537855	0.000000	0.000000	0.000000	0.000000	0.000000
