logL = -769.702605 (converged)
AIC = 5353.405209
BIC = 11094.686715

count.K
12 7 11 8 31 18 8 10 13 15 17 

