logL = -1580.984628 (converged)
AIC = 5521.969256
BIC = 9074.518903

count.K
27 25 22 30 8 3 35 

