logL = -2195.086119 (converged)
AIC = 8818.172239
BIC = 15483.718780

count.K
6 19 9 41 16 11 12 5 15 10 4 2 

