logL = -3119.895857 (converged)
AIC = 6723.791713
BIC = 7452.365455

count.K
104 46 

