logL = -2024.339012 (converged)
AIC = 4496.678024
BIC = 5171.060329

count.K
118 32 

