logL = -1364.962028 (converged)
AIC = 5005.924056
BIC = 8432.027021

count.K
17 20 35 0 8 49 21 

