logL = -2251.069271 (converged)
AIC = 10292.138542
BIC = 19007.927718

count.K
2 5 22 4 19 19 6 28 17 1 4 1 15 3 4 

