logL = -2579.552429 (converged)
AIC = 9059.104859
BIC = 14929.843682

count.K
34 26 22 8 12 5 2 18 15 8 

