logL = -524.290308 (converged)
AIC = 4924.580615
BIC = 10759.191815

count.K
23 1 22 15 5 3 51 4 21 0 4 1 

