logL = -1078.956654 (converged)
AIC = 5617.913309
BIC = 10826.312368

count.K
20 11 8 19 24 9 3 23 22 11 

