logL = -1931.753810 (converged)
AIC = 8363.507619
BIC = 15137.437031

count.K
48 19 29 6 1 22 7 4 1 6 1 6 

