logL = -1865.203970 (converged)
AIC = 5902.407939
BIC = 9171.957869

count.K
18 79 11 6 34 2 

