logL = -555.128219 (converged)
AIC = 3722.256438
BIC = 7654.146132

count.K
11 34 7 70 12 3 1 12 

