logL = -1005.494994 (converged)
AIC = 4638.989987
BIC = 8594.964763

count.K
16 8 16 7 16 45 14 28 

