logL = -2318.315579 (converged)
AIC = 8276.631157
BIC = 13755.987393

count.K
17 12 8 33 28 15 1 29 6 1 

