0	tsk_0	(x)	1	:	0.000022	0.000000	0.131913	0.062012	0.000000	0.304704	0.000000	0.000000	0.487956	0.000000	0.000000	0.000000	0.000000	0.013394
1	tsk_1	(x)	1	:	0.000000	0.000000	0.162368	0.189286	0.000000	0.648346	0.000000	0.000000	0.000000	0.000000	0.000000	0.000000	0.000000	0.000000
2	tsk_2	(x)	1	:	0.000000	0.000000	0.048979	0.339681	0.000000	0.107772	0.000000	0.000000	0.000000	0.000000	0.000000	0.000000	0.496438	0.007130
3	tsk_3	(x)	1	:	0.000000	0.000000	0.176590	0.030561	0.567645	0.225205	0.000000	0.000000	0.000000	0.000000	0.000000	0.000000	0.000000	0.000000
4	tsk_4	(x)	1	:	0.000000	0.000000	0.267737	0.042051	0.000000	0.190417	0.000000	0.000000	0.000000	0.000000	0.000000	0.343039	0.000000	0.156756
5	tsk_5	(x)	1	:	0.000000	0.000000	0.499464	0.126393	0.000000	0.374143	0.000000	0.000000	0.000000	0.000000	0.000000	0.000000	0.000000	0.000000
6	tsk_6	(x)	1	:	0.000046	0.000000	0.000000	0.000000	0.000000	0.000000	0.000000	0.000000	0.488760	0.000000	0.000000	0.343113	0.000000	0.168081
7	tsk_7	(x)	1	:	0.000000	0.000000	0.172887	0.121891	0.000000	0.205425	0.000000	0.000000	0.000000	0.000000	0.000000	0.343038	0.000000	0.156759
8	tsk_8	(x)	1	:	0.000000	0.000000	0.234300	0.134854	0.000000	0.630846	0.000000	0.000000	0.000000	0.000000	0.000000	0.000000	0.000000	0.000000
9	tsk_9	(x)	1	:	0.000000	0.000000	0.370418	0.063002	0.000000	0.566580	0.000000	0.000000	0.000000	0.000000	0.000000	0.000000	0.000000	0.000000
10	tsk_10	(x)	1	:	0.000000	0.000000	0.183053	0.218944	0.000000	0.598003	0.000000	0.000000	0.000000	0.000000	0.000000	0.000000	0.000000	0.000000
11	tsk_11	(x)	1	:	0.000013	0.000000	0.059620	0.114998	0.000000	0.323631	0.000000	0.000000	0.487779	0.000000	0.000000	0.000000	0.000000	0.013959
12	tsk_12	(x)	1	:	0.000000	0.000000	0.042306	0.154606	0.000000	0.803087	0.000000	0.000000	0.000000	0.000000	0.000000	0.000000	0.000000	0.000000
13	tsk_13	(x)	1	:	0.000000	0.000000	0.161340	0.053515	0.000000	0.227327	0.000000	0.000000	0.000000	0.000000	0.000000	0.557819	0.000000	0.000000
14	tsk_14	(x)	1	:	0.000000	0.000000	0.000000	0.000000	0.000000	0.000000	0.000000	0.450203	0.000000	0.000000	0.000000	0.549767	0.000030	0.000000
15	tsk_15	(x)	1	:	0.000000	0.000000	0.000000	0.000000	0.495142	0.000000	0.000000	0.470152	0.000000	0.000000	0.000000	0.000000	0.033647	0.001058
16	tsk_16	(x)	1	:	0.000000	0.000000	0.076985	0.138317	0.000000	0.784698	0.000000	0.000000	0.000000	0.000000	0.000000	0.000000	0.000000	0.000000
17	tsk_17	(x)	1	:	0.000000	0.000000	0.203894	0.073986	0.000000	0.164301	0.000000	0.000000	0.000000	0.000000	0.000000	0.557819	0.000000	0.000000
18	tsk_18	(x)	1	:	0.000096	0.000000	0.000000	0.000000	0.000000	0.000000	0.000000	0.000000	0.999904	0.000000	0.000000	0.000000	0.000000	0.000000
19	tsk_19	(x)	1	:	0.000000	0.000000	0.215277	0.123388	0.433585	0.161330	0.000000	0.000000	0.000000	0.000000	0.000000	0.000000	0.000000	0.066419
20	tsk_20	(x)	1	:	0.000000	0.449325	0.000000	0.000000	0.000000	0.000000	0.000000	0.000000	0.000000	0.000000	0.000000	0.550675	0.000000	0.000000
21	tsk_21	(x)	1	:	0.000000	0.487152	0.000079	0.000165	0.000000	0.000443	0.000000	0.000000	0.000000	0.000000	0.000000	0.343075	0.000000	0.169087
22	tsk_22	(x)	1	:	0.000000	0.000000	0.124181	0.069633	0.000000	0.248368	0.000000	0.000000	0.000000	0.000000	0.000000	0.557819	0.000000	0.000000
23	tsk_23	(x)	1	:	0.000000	0.000000	0.000000	0.000000	0.000000	0.000000	0.000000	0.450190	0.000000	0.000000	0.000000	0.549762	0.000049	0.000000
24	tsk_24	(x)	1	:	0.000000	0.000000	0.048692	0.135633	0.000000	0.257856	0.000000	0.000000	0.000000	0.000000	0.000000	0.557819	0.000000	0.000000
25	tsk_25	(x)	1	:	0.000016	0.000000	0.000000	0.000000	0.000000	0.000000	0.000000	0.000000	0.488640	0.000000	0.000000	0.000000	0.000000	0.511344
26	tsk_26	(x)	1	:	0.000019	0.498345	0.000068	0.000045	0.000000	0.000107	0.000000	0.000000	0.498379	0.000000	0.000000	0.000000	0.000000	0.003037
27	tsk_27	(x)	1	:	0.000000	0.449325	0.000000	0.000000	0.000000	0.000000	0.000000	0.000000	0.000000	0.000000	0.000000	0.550675	0.000000	0.000000
28	tsk_28	(x)	1	:	0.000097	0.000000	0.000000	0.000000	0.000000	0.000000	0.000000	0.000000	0.999903	0.000000	0.000000	0.000000	0.000000	0.000000
29	tsk_29	(x)	1	:	0.000000	0.000000	0.088849	0.064319	0.000000	0.289013	0.000000	0.000000	0.000000	0.000000	0.000000	0.557819	0.000000	0.000000
30	tsk_30	(x)	1	:	0.000000	0.000000	0.218451	0.214359	0.000000	0.000000	0.000000	0.567190	0.000000	0.000000	0.000000	0.000000	0.000000	0.000000
31	tsk_31	(x)	1	:	0.000000	0.000000	0.000000	0.000000	0.000000	0.000000	0.000000	0.000000	0.000000	0.000000	0.000000	0.000000	0.500017	0.499983
32	tsk_32	(x)	1	:	0.000000	0.000000	0.000000	0.000000	0.530309	0.000000	0.000000	0.469691	0.000000	0.000000	0.000000	0.000000	0.000000	0.000000
33	tsk_33	(x)	1	:	0.415879	0.000000	0.000000	0.000000	0.494425	0.000000	0.000000	0.000000	0.000000	0.000000	0.000000	0.000000	0.000000	0.089695
34	tsk_34	(x)	1	:	0.000000	0.000000	0.000000	0.000000	0.000000	0.000000	0.000000	0.000000	0.000000	0.000000	0.000000	0.000000	1.000000	0.000000
35	tsk_35	(x)	1	:	0.000000	0.000000	0.000000	0.000000	0.567589	0.000000	0.000000	0.000000	0.000000	0.000000	0.000000	0.000000	0.432411	0.000000
36	tsk_36	(x)	1	:	0.000000	0.000000	0.000000	0.000000	0.000000	0.000000	0.000000	0.000000	0.000000	0.000000	0.000000	0.557816	0.442184	0.000000
37	tsk_37	(x)	1	:	0.000000	0.000000	0.212151	0.198463	0.000000	0.085413	0.000000	0.000000	0.000000	0.000000	0.000000	0.000000	0.496047	0.007927
38	tsk_38	(x)	1	:	0.000000	0.000000	0.000000	0.000000	0.000000	0.000000	0.000000	0.000000	0.000000	0.000000	0.000000	0.000000	1.000000	0.000000
39	tsk_39	(x)	1	:	0.000000	0.000000	0.000000	0.000000	1.000000	0.000000	0.000000	0.000000	0.000000	0.000000	0.000000	0.000000	0.000000	0.000000
40	tsk_40	(x)	1	:	0.000000	0.000000	0.000000	0.000000	0.000000	0.000000	0.000000	0.000000	0.000000	0.000000	0.000000	0.000000	1.000000	0.000000
41	tsk_41	(x)	1	:	0.000000	0.000000	0.000000	0.000000	0.000000	0.000000	0.000000	0.000000	0.000000	0.000000	0.141444	0.000000	0.858556	0.000000
42	tsk_42	(x)	1	:	0.000003	0.000000	0.000000	0.000000	0.000000	0.000000	0.000000	0.000000	0.489232	0.000000	0.000000	0.000000	0.501161	0.009605
43	tsk_43	(x)	1	:	0.000000	0.000000	0.000000	0.000000	0.000000	0.000000	0.000000	0.000000	0.000000	0.000000	0.141444	0.000000	0.858556	0.000000
44	tsk_44	(x)	1	:	0.000047	0.000000	0.231046	0.033678	0.000000	0.233575	0.000000	0.000000	0.487766	0.000000	0.000000	0.000000	0.000000	0.013888
45	tsk_45	(x)	1	:	0.000008	0.000000	0.152683	0.034619	0.000000	0.310947	0.000000	0.000000	0.487785	0.000000	0.000000	0.000000	0.000000	0.013958
46	tsk_46	(x)	1	:	0.000000	0.000000	0.000000	0.000000	0.000000	0.000000	0.999998	0.000000	0.000000	0.000000	0.000000	0.000000	0.000002	0.000000
47	tsk_47	(x)	1	:	0.000017	0.000000	0.000000	0.000000	0.000000	0.000000	0.000000	0.000000	0.488639	0.000000	0.000000	0.000000	0.000000	0.511344
48	tsk_48	(x)	1	:	0.000000	0.000000	0.000000	0.000000	0.000000	0.000000	0.000000	0.000000	0.488381	0.000000	0.000000	0.000000	0.499437	0.012182
49	tsk_49	(x)	1	:	0.416062	0.000000	0.000000	0.000000	0.000000	0.000000	0.000000	0.000000	0.000000	0.000000	0.000000	0.000000	0.500052	0.083886
50	tsk_50	(x)	1	:	0.000028	0.000000	0.000000	0.000000	0.000000	0.000000	0.000000	0.000000	0.999972	0.000000	0.000000	0.000000	0.000000	0.000000
51	tsk_51	(x)	1	:	0.000000	0.000000	0.212548	0.127420	0.000000	0.660032	0.000000	0.000000	0.000000	0.000000	0.000000	0.000000	0.000000	0.000000
52	tsk_52	(x)	1	:	0.000030	0.000000	0.000000	0.000000	0.000000	0.000000	0.000000	0.000000	0.488624	0.000000	0.000000	0.000000	0.000000	0.511346
53	tsk_53	(x)	1	:	0.000000	0.000000	0.226753	0.198104	0.000000	0.070497	0.000000	0.000000	0.000000	0.000000	0.000000	0.000000	0.495362	0.009283
54	tsk_54	(x)	1	:	0.000000	0.000000	0.000000	0.000000	0.000000	0.000000	0.000000	0.000000	0.488339	0.000000	0.000000	0.000000	0.499352	0.012309
55	tsk_55	(x)	1	:	0.000000	0.000000	0.000000	0.000000	0.000000	0.000000	0.000000	0.000000	0.000000	0.000000	0.000000	0.000000	0.000000	1.000000
56	tsk_56	(x)	1	:	0.000000	0.000000	0.000000	0.000000	0.000000	0.000000	0.000000	0.000000	0.000000	0.000000	0.000000	0.000000	0.500016	0.499984
57	tsk_57	(x)	1	:	0.000000	0.000000	0.000000	0.000000	0.000000	0.000000	0.000000	0.000000	0.488538	0.000000	0.000000	0.000000	0.499755	0.011707
58	tsk_58	(x)	1	:	0.000000	0.000000	0.125925	0.059575	0.000000	0.247054	0.000000	0.000000	0.567445	0.000000	0.000000	0.000000	0.000000	0.000000
59	tsk_59	(x)	1	:	0.000000	0.000000	0.000000	0.000000	0.000000	0.000000	0.000000	0.000000	1.000000	0.000000	0.000000	0.000000	0.000000	0.000000
60	tsk_60	(x)	1	:	0.000000	0.000000	0.166457	0.103237	0.000000	0.225824	0.000000	0.000000	0.000000	0.000000	0.000000	0.000000	0.495537	0.008944
61	tsk_61	(x)	1	:	0.000013	0.000000	0.000000	0.000000	0.000000	0.000000	0.000000	0.000000	0.496179	0.503809	0.000000	0.000000	0.000000	0.000000
62	tsk_62	(x)	1	:	0.000000	0.000000	0.069227	0.346700	0.000000	0.079612	0.000000	0.000000	0.000000	0.000000	0.000000	0.000000	0.495554	0.008907
63	tsk_63	(x)	1	:	0.000050	0.000000	0.000000	0.000000	0.533149	0.000000	0.000000	0.000000	0.466801	0.000000	0.000000	0.000000	0.000000	0.000000
64	tsk_64	(x)	1	:	0.000000	0.000000	0.000000	0.000000	0.000000	0.000000	0.000000	0.000000	0.488998	0.000000	0.000000	0.000000	0.500683	0.010320
65	tsk_65	(x)	1	:	0.000000	0.000000	0.147098	0.155357	0.000000	0.197545	0.000000	0.000000	0.000000	0.000000	0.000000	0.000000	0.000000	0.500000
66	tsk_66	(x)	1	:	0.000000	0.000000	0.000000	0.000000	0.000000	0.000000	0.000000	0.000000	0.000000	0.000000	0.000000	0.000000	1.000000	0.000000
67	tsk_67	(x)	1	:	0.000000	0.000000	0.228136	0.163594	0.000000	0.103766	0.000000	0.000000	0.000000	0.000000	0.000000	0.000000	0.495499	0.009005
68	tsk_68	(x)	1	:	0.000000	0.000000	0.127021	0.112290	0.000000	0.257384	0.000000	0.000000	0.000000	0.000000	0.000000	0.000000	0.496768	0.006536
69	tsk_69	(x)	1	:	0.000000	0.000000	0.000000	0.000000	0.000000	0.000000	0.000000	0.000000	0.000000	0.501216	0.000000	0.000000	0.498783	0.000000
70	tsk_70	(x)	1	:	0.000000	0.000000	0.000000	0.000000	0.420311	0.000000	0.000000	0.340913	0.000000	0.000000	0.238775	0.000000	0.000000	0.000000
71	tsk_71	(x)	1	:	0.000000	0.000000	0.000000	0.000000	0.420311	0.000000	0.000000	0.340913	0.000000	0.000000	0.238775	0.000000	0.000000	0.000000
72	tsk_72	(x)	1	:	0.000000	0.000000	0.076599	0.287035	0.000000	0.132768	0.000000	0.472470	0.000000	0.000000	0.000000	0.000000	0.021730	0.009397
73	tsk_73	(x)	1	:	0.000000	0.000000	0.142036	0.283931	0.000000	0.070803	0.000000	0.470812	0.000000	0.000000	0.000000	0.000000	0.025404	0.007014
74	tsk_74	(x)	1	:	0.000000	0.000000	0.139619	0.079515	0.433585	0.280861	0.000000	0.000000	0.000000	0.000000	0.000000	0.000000	0.000000	0.066419
75	tsk_75	(x)	1	:	0.000000	0.000000	0.000000	0.000000	0.433630	0.000000	0.000000	0.469098	0.000000	0.000000	0.000000	0.000000	0.032255	0.065017
76	tsk_76	(x)	1	:	0.000000	0.000000	0.132364	0.074472	0.432443	0.135707	0.000000	0.000000	0.000000	0.000000	0.225014	0.000000	0.000000	0.000000
77	tsk_77	(x)	1	:	0.000000	0.000000	0.204953	0.176352	0.000000	0.114527	0.000000	0.000000	0.000000	0.000000	0.000000	0.000000	0.495847	0.008320
78	tsk_78	(x)	1	:	0.000000	0.000000	0.102015	0.053962	0.432443	0.186565	0.000000	0.000000	0.000000	0.000000	0.225014	0.000000	0.000000	0.000000
79	tsk_79	(x)	1	:	0.000000	0.000000	0.143154	0.166265	0.433585	0.190577	0.000000	0.000000	0.000000	0.000000	0.000000	0.000000	0.000000	0.066419
80	tsk_80	(x)	1	:	0.000000	0.000000	0.117054	0.190192	0.000000	0.188497	0.000000	0.000000	0.000000	0.000000	0.000000	0.000000	0.495753	0.008504
81	tsk_81	(x)	1	:	0.000000	0.000000	0.150971	0.215984	0.000000	0.128877	0.000000	0.000000	0.000000	0.000000	0.000000	0.000000	0.495861	0.008307
82	tsk_82	(x)	1	:	0.000000	0.378441	0.000000	0.000000	0.000000	0.621559	0.000000	0.000000	0.000000	0.000000	0.000000	0.000000	0.000000	0.000000
83	tsk_83	(x)	1	:	0.000000	0.000000	0.098611	0.247775	0.000000	0.149093	0.000000	0.000000	0.000000	0.000000	0.000000	0.000000	0.495487	0.009033
84	tsk_84	(x)	1	:	0.000000	0.000000	0.073870	0.061839	0.534642	0.329648	0.000000	0.000000	0.000000	0.000000	0.000000	0.000000	0.000000	0.000000
85	tsk_85	(x)	1	:	0.000000	0.000000	0.066170	0.200701	0.000000	0.229124	0.000000	0.000000	0.000000	0.000000	0.000000	0.000000	0.496027	0.007977
86	tsk_86	(x)	1	:	0.000000	0.000000	0.138544	0.235186	0.000000	0.121764	0.000000	0.000000	0.000000	0.000000	0.000000	0.000000	0.495498	0.009009
87	tsk_87	(x)	1	:	0.000000	0.380607	0.064576	0.039921	0.000000	0.000000	0.377444	0.000000	0.000000	0.000000	0.000000	0.000000	0.000000	0.137453
88	tsk_88	(x)	1	:	0.000051	0.000000	0.053982	0.154286	0.000000	0.289941	0.000000	0.000000	0.487716	0.000000	0.000000	0.000000	0.000000	0.014024
89	tsk_89	(x)	1	:	0.000024	0.000000	0.148480	0.056684	0.000000	0.293052	0.000000	0.000000	0.487750	0.000000	0.000000	0.000000	0.000000	0.014010
90	tsk_90	(x)	1	:	0.000000	0.000000	0.000000	0.000000	1.000000	0.000000	0.000000	0.000000	0.000000	0.000000	0.000000	0.000000	0.000000	0.000000
91	tsk_91	(x)	1	:	0.000000	0.000000	0.000000	0.000000	0.498163	0.000000	0.000000	0.495475	0.000000	0.000000	0.000000	0.000000	0.000000	0.006362
92	tsk_92	(x)	1	:	0.000000	0.000000	0.000000	0.000000	1.000000	0.000000	0.000000	0.000000	0.000000	0.000000	0.000000	0.000000	0.000000	0.000000
93	tsk_93	(x)	1	:	0.000335	0.000000	0.000000	0.000000	0.494508	0.000000	0.000000	0.000000	0.488353	0.000000	0.000000	0.000000	0.000000	0.016804
94	tsk_94	(x)	1	:	0.000000	0.000000	0.000000	0.000000	1.000000	0.000000	0.000000	0.000000	0.000000	0.000000	0.000000	0.000000	0.000000	0.000000
95	tsk_95	(x)	1	:	0.000000	0.000000	0.000000	0.000000	0.330450	0.000000	0.000000	0.479177	0.000000	0.190115	0.000000	0.000000	0.000258	0.000000
96	tsk_96	(x)	1	:	0.000000	0.000000	0.000000	0.000000	0.494908	0.000000	0.000000	0.470099	0.000000	0.000000	0.000000	0.000000	0.032440	0.002552
97	tsk_97	(x)	1	:	0.000000	0.000000	0.000000	0.000000	0.494699	0.000000	0.000000	0.470405	0.000000	0.000000	0.000000	0.000000	0.030671	0.004225
98	tsk_98	(x)	1	:	0.000000	0.000000	0.000000	0.000000	1.000000	0.000000	0.000000	0.000000	0.000000	0.000000	0.000000	0.000000	0.000000	0.000000
99	tsk_99	(x)	1	:	0.000000	0.000000	0.000000	0.000000	0.494480	0.000000	0.000000	0.000000	0.000000	0.000000	0.000000	0.000000	0.000000	0.505520
100	tsk_100	(x)	1	:	0.000000	0.000000	0.237268	0.056491	0.000000	0.706241	0.000000	0.000000	0.000000	0.000000	0.000000	0.000000	0.000000	0.000000
101	tsk_101	(x)	1	:	0.000043	0.000000	0.201171	0.068989	0.000000	0.228230	0.000000	0.000000	0.487814	0.000000	0.000000	0.000000	0.000000	0.013752
102	tsk_102	(x)	1	:	0.000008	0.000000	0.032396	0.081382	0.000000	0.385136	0.000000	0.000000	0.488114	0.000000	0.000000	0.000000	0.000000	0.012965
103	tsk_103	(x)	1	:	0.000000	0.000000	0.000000	0.000000	0.000000	0.000000	0.000000	0.000000	0.488247	0.000000	0.000000	0.000000	0.499166	0.012587
104	tsk_104	(x)	1	:	0.000012	0.000000	0.070604	0.014527	0.000000	0.413059	0.000000	0.000000	0.487751	0.000000	0.000000	0.000000	0.000000	0.014047
105	tsk_105	(x)	1	:	0.000059	0.000000	0.000000	0.000000	0.000000	0.000000	0.000000	0.000000	0.999941	0.000000	0.000000	0.000000	0.000000	0.000000
106	tsk_106	(x)	1	:	0.000000	0.000000	0.321957	0.192554	0.000000	0.485489	0.000000	0.000000	0.000000	0.000000	0.000000	0.000000	0.000000	0.000000
107	tsk_107	(x)	1	:	0.000013	0.000000	0.121754	0.031262	0.000000	0.345277	0.000000	0.000000	0.487801	0.000000	0.000000	0.000000	0.000000	0.013894
108	tsk_108	(x)	1	:	0.000000	0.000000	0.130442	0.194546	0.000000	0.675012	0.000000	0.000000	0.000000	0.000000	0.000000	0.000000	0.000000	0.000000
109	tsk_109	(x)	1	:	0.000000	0.000000	0.000000	0.000000	0.000000	0.000000	0.000000	0.000000	0.000000	0.068987	0.000000	0.000000	0.500034	0.430980
110	tsk_110	(x)	1	:	0.544552	0.000000	0.142835	0.033022	0.000000	0.279591	0.000000	0.000000	0.000000	0.000000	0.000000	0.000000	0.000000	0.000000
111	tsk_111	(x)	1	:	0.000000	0.000000	0.000000	0.000000	0.433568	0.000000	0.000000	0.469766	0.000000	0.000000	0.000000	0.000000	0.030585	0.066082
112	tsk_112	(x)	1	:	0.000000	0.000000	0.000000	0.000000	0.494480	0.000000	0.000000	0.000000	0.000000	0.000000	0.000000	0.000000	0.000000	0.505520
113	tsk_113	(x)	1	:	0.565036	0.000000	0.000000	0.000000	0.434964	0.000000	0.000000	0.000000	0.000000	0.000000	0.000000	0.000000	0.000000	0.000000
114	tsk_114	(x)	1	:	0.000000	0.000000	0.000000	0.000000	1.000000	0.000000	0.000000	0.000000	0.000000	0.000000	0.000000	0.000000	0.000000	0.000000
115	tsk_115	(x)	1	:	0.000000	0.000000	0.000000	0.000000	1.000000	0.000000	0.000000	0.000000	0.000000	0.000000	0.000000	0.000000	0.000000	0.000000
116	tsk_116	(x)	1	:	0.000103	0.000000	0.000000	0.000000	0.433592	0.000000	0.000000	0.000000	0.488561	0.000000	0.000000	0.000000	0.000000	0.077745
117	tsk_117	(x)	1	:	0.000044	0.000000	0.000000	0.000000	0.533149	0.000000	0.000000	0.000000	0.466807	0.000000	0.000000	0.000000	0.000000	0.000000
118	tsk_118	(x)	1	:	0.000000	0.000000	0.151104	0.144357	0.433585	0.204535	0.000000	0.000000	0.000000	0.000000	0.000000	0.000000	0.000000	0.066419
119	tsk_119	(x)	1	:	0.000000	0.000000	0.280780	0.049584	0.000000	0.169636	0.000000	0.000000	0.000000	0.000000	0.000000	0.000000	0.000000	0.500000
120	tsk_120	(x)	1	:	0.000016	0.000000	0.000000	0.000000	0.000000	0.000000	0.000000	0.000000	0.488640	0.000000	0.000000	0.000000	0.000000	0.511344
121	tsk_121	(x)	1	:	0.000066	0.000000	0.000000	0.000000	0.000000	0.000000	0.000000	0.000000	0.999934	0.000000	0.000000	0.000000	0.000000	0.000000
122	tsk_122	(x)	1	:	0.000000	0.000000	0.000000	0.000000	0.030343	0.000000	0.000000	0.000000	0.000000	0.412929	0.000000	0.000000	0.000000	0.556728
123	tsk_123	(x)	1	:	0.000000	0.000000	0.000000	0.000000	0.000000	0.000000	0.000000	0.000000	0.000000	0.000000	0.000000	0.000000	1.000000	0.000000
124	tsk_124	(x)	1	:	0.000000	0.000000	0.000000	0.000000	0.000000	0.000000	0.000000	0.000000	1.000000	0.000000	0.000000	0.000000	0.000000	0.000000
125	tsk_125	(x)	1	:	0.000049	0.000000	0.000000	0.000000	0.000000	0.000000	0.000000	0.000000	0.488720	0.000000	0.000000	0.343056	0.000000	0.168175
126	tsk_126	(x)	1	:	0.000000	0.000000	0.000000	0.000000	0.000000	0.000000	0.000000	0.000000	0.488280	0.000000	0.000000	0.000000	0.499234	0.012486
127	tsk_127	(x)	1	:	0.000000	0.000000	0.000000	0.000000	0.433767	0.000000	0.000000	0.000000	0.000000	0.000000	0.000000	0.000000	0.501062	0.065171
128	tsk_128	(x)	1	:	0.000027	0.000000	0.000000	0.000000	0.000000	0.000000	0.000000	0.000000	0.488627	0.000000	0.000000	0.000000	0.000000	0.511346
129	tsk_129	(x)	1	:	0.000000	0.000000	0.000000	0.000000	0.000000	0.000000	0.000000	0.000000	0.000000	0.000000	0.000000	0.000000	1.000000	0.000000
130	tsk_130	(x)	1	:	0.000000	0.000000	0.056641	0.176077	0.000000	0.267282	0.000000	0.000000	0.000000	0.000000	0.000000	0.000000	0.000000	0.500000
131	tsk_131	(x)	1	:	0.000000	0.000000	0.359923	0.128632	0.000000	0.511445	0.000000	0.000000	0.000000	0.000000	0.000000	0.000000	0.000000	0.000000
132	tsk_132	(x)	1	:	0.000000	0.000000	0.095603	0.025165	0.000000	0.311786	0.000000	0.000000	0.567446	0.000000	0.000000	0.000000	0.000000	0.000000
133	tsk_133	(x)	1	:	0.000000	0.000000	0.147220	0.283174	0.433585	0.069602	0.000000	0.000000	0.000000	0.000000	0.000000	0.000000	0.000000	0.066419
134	tsk_134	(x)	1	:	0.000000	0.000000	0.101191	0.129586	0.000000	0.162406	0.000000	0.000000	0.000000	0.000000	0.000000	0.213627	0.393190	0.000000
135	tsk_135	(x)	1	:	0.000000	0.000000	0.000000	0.000000	0.000000	0.000000	0.000000	0.000000	0.000000	0.000000	0.000000	0.961162	0.000000	0.038838
136	tsk_136	(x)	1	:	0.000000	0.000000	0.386676	0.193834	0.000000	0.419490	0.000000	0.000000	0.000000	0.000000	0.000000	0.000000	0.000000	0.000000
137	tsk_137	(x)	1	:	0.000000	0.000000	0.219636	0.104500	0.000000	0.176073	0.000000	0.000000	0.000000	0.000000	0.000000	0.343041	0.000000	0.156751
138	tsk_138	(x)	1	:	0.000000	0.000000	0.200211	0.090610	0.000000	0.709179	0.000000	0.000000	0.000000	0.000000	0.000000	0.000000	0.000000	0.000000
139	tsk_139	(x)	1	:	0.000000	0.000000	0.166247	0.050225	0.000000	0.283731	0.000000	0.000000	0.000000	0.000000	0.000000	0.343037	0.000000	0.156761
140	tsk_140	(x)	1	:	0.000000	0.000000	0.000000	0.000000	0.000000	0.000000	0.000000	0.000000	0.000000	0.000000	0.000000	0.000000	1.000000	0.000000
141	tsk_141	(x)	1	:	0.000000	0.000000	0.000000	0.000000	0.495314	0.000000	0.000000	0.000000	0.000000	0.000000	0.000000	0.000000	0.504686	0.000000
142	tsk_142	(x)	1	:	0.000000	0.000000	0.175765	0.189848	0.000000	0.130004	0.000000	0.000000	0.000000	0.000000	0.000000	0.000000	0.495620	0.008762
143	tsk_143	(x)	1	:	0.000000	0.000000	0.000000	0.000000	0.494541	0.000000	0.000000	0.000000	0.000000	0.000000	0.000000	0.000000	0.500349	0.005110
144	tsk_144	(x)	1	:	0.000000	0.000000	0.000000	0.000000	0.000000	0.000000	0.000000	1.000000	0.000000	0.000000	0.000000	0.000000	0.000000	0.000000
145	tsk_145	(x)	1	:	0.000000	0.000000	0.209503	0.083772	0.000000	0.706725	0.000000	0.000000	0.000000	0.000000	0.000000	0.000000	0.000000	0.000000
146	tsk_146	(x)	1	:	0.000000	0.000000	0.000000	0.000000	0.000000	0.000000	0.000000	0.469928	0.000000	0.000000	0.000000	0.343066	0.030632	0.156375
147	tsk_147	(x)	1	:	0.000000	0.000000	0.094406	0.208171	0.494061	0.195040	0.000000	0.000000	0.000000	0.000000	0.000000	0.000000	0.000000	0.008322
148	tsk_148	(x)	1	:	0.000000	0.000000	0.330351	0.131819	0.000000	0.537831	0.000000	0.000000	0.000000	0.000000	0.000000	0.000000	0.000000	0.000000
149	tsk_149	(x)	1	:	0.000000	0.000000	0.154289	0.237441	0.000000	0.104752	0.000000	0.472317	0.000000	0.000000	0.000000	0.000000	0.022115	0.009086
