logL = -1357.394394 (converged)
AIC = 7302.788788
BIC = 14209.186153

count.K
5 2 6 9 27 10 56 4 0 12 2 2 15 

