logL = -1215.120418 (converged)
AIC = 3950.240836
BIC = 6238.323660

count.K
15 13 33 52 37 

