logL = -1347.195671 (converged)
AIC = 3882.391342
BIC = 5670.708707

count.K
44 54 33 19 

