logL = -1211.452449 (converged)
AIC = 5146.904899
BIC = 9247.390169

count.K
8 21 13 43 8 29 16 12 

