logL = -745.894149 (converged)
AIC = 4135.788298
BIC = 8115.848157

count.K
15 1 10 3 40 7 42 32 

