logL = -1268.687276 (converged)
AIC = 7937.374553
BIC = 16066.089847

count.K
4 9 3 5 15 4 18 1 18 11 5 0 39 15 3 

