0	tsk_0	(x)	1	:	0.000000	0.000000	0.000000	0.000000	0.000000	0.617726	0.000000	0.000000	0.382274
1	tsk_1	(x)	1	:	0.000000	0.000000	0.000000	0.000000	0.000000	0.382086	0.325274	0.000000	0.292640
2	tsk_2	(x)	1	:	0.000000	0.000000	0.450138	0.000000	0.000000	0.105914	0.324977	0.000000	0.118972
3	tsk_3	(x)	1	:	0.000000	0.000000	0.000000	0.000000	0.000000	0.409720	0.000000	0.000000	0.590280
4	tsk_4	(x)	1	:	0.000000	0.000000	0.000000	0.000000	0.000000	0.268121	0.325274	0.000000	0.406605
5	tsk_5	(x)	1	:	0.000000	0.000000	0.000000	0.000000	0.000000	0.669178	0.000000	0.000000	0.330822
6	tsk_6	(x)	1	:	0.000000	0.000000	0.000000	0.000000	0.000000	0.131200	0.325274	0.000000	0.543525
7	tsk_7	(x)	1	:	0.000000	0.000000	0.450136	0.000000	0.000000	0.128856	0.324976	0.000000	0.096031
8	tsk_8	(x)	1	:	0.000000	0.000000	0.000000	0.000000	0.000000	0.250698	0.325274	0.000000	0.424028
9	tsk_9	(x)	1	:	0.000000	0.000000	0.450137	0.000000	0.000000	0.127797	0.324977	0.000000	0.097089
10	tsk_10	(x)	1	:	0.000000	0.000000	0.000000	0.000000	0.000000	0.553112	0.000000	0.000000	0.446888
11	tsk_11	(x)	1	:	0.000000	0.000000	0.000000	0.500011	0.000000	0.241750	0.000000	0.000000	0.258239
12	tsk_12	(x)	1	:	0.000000	0.000000	0.000000	0.000000	0.000000	0.556041	0.000000	0.000000	0.443959
13	tsk_13	(x)	1	:	0.000000	0.000000	0.000000	0.000000	0.000000	0.436679	0.000000	0.000000	0.563321
14	tsk_14	(x)	1	:	0.000000	0.000000	0.000000	0.000000	0.000000	0.489800	0.000000	0.000000	0.510200
15	tsk_15	(x)	1	:	0.000000	0.000000	0.000000	0.000000	0.000000	0.461043	0.000000	0.000000	0.538957
16	tsk_16	(x)	1	:	0.000000	0.000000	0.000000	0.500011	0.000000	0.208315	0.000000	0.000000	0.291674
17	tsk_17	(x)	1	:	0.000000	0.000000	0.000000	0.000000	0.000000	0.371425	0.000000	0.000000	0.628575
18	tsk_18	(x)	1	:	0.000000	0.000000	0.000000	0.000000	0.000000	0.694626	0.000000	0.000000	0.305374
19	tsk_19	(x)	1	:	0.000000	0.000000	0.000000	0.000000	0.000000	0.336092	0.000000	0.000000	0.663908
20	tsk_20	(x)	1	:	0.000000	0.000000	0.000000	0.000000	0.000000	0.691854	0.000000	0.000000	0.308146
21	tsk_21	(x)	1	:	0.000000	0.000000	0.000000	0.000000	0.000000	0.071751	0.585457	0.000000	0.342792
22	tsk_22	(x)	1	:	0.000000	0.000000	0.000000	0.000000	0.000000	0.662060	0.000000	0.000000	0.337940
23	tsk_23	(x)	1	:	0.000000	0.000000	0.000000	0.000000	0.000000	0.000000	1.000000	0.000000	0.000000
24	tsk_24	(x)	1	:	0.304664	0.000000	0.000000	0.000000	0.501266	0.099668	0.000000	0.000000	0.094402
25	tsk_25	(x)	1	:	0.000000	0.000000	0.000000	0.000000	0.000000	0.479940	0.000000	0.000000	0.520060
26	tsk_26	(x)	1	:	0.000000	0.000000	0.000000	0.000000	0.000000	0.000000	1.000000	0.000000	0.000000
27	tsk_27	(x)	1	:	0.000000	0.000000	0.000000	0.000000	0.000000	0.177031	0.585457	0.000000	0.237512
28	tsk_28	(x)	1	:	0.000000	0.000000	0.000000	0.000000	0.000000	0.681532	0.000000	0.000000	0.318468
29	tsk_29	(x)	1	:	0.000000	0.000000	0.000000	0.000000	0.000000	0.419782	0.000000	0.000000	0.580218
30	tsk_30	(x)	1	:	0.000000	0.000000	0.000000	0.000000	0.000000	0.000000	0.000000	1.000000	0.000000
31	tsk_31	(x)	1	:	0.000000	0.000000	0.000000	0.000000	0.000000	0.000000	0.000000	1.000000	0.000000
32	tsk_32	(x)	1	:	0.000000	0.000000	0.000000	0.000000	1.000000	0.000000	0.000000	0.000000	0.000000
33	tsk_33	(x)	1	:	0.000000	0.000000	0.558228	0.000000	0.441772	0.000000	0.000000	0.000000	0.000000
34	tsk_34	(x)	1	:	0.000000	0.000000	0.000000	0.000000	0.000000	0.000000	0.000000	1.000000	0.000000
35	tsk_35	(x)	1	:	0.000000	0.000000	0.000000	0.000000	0.485476	0.248354	0.000000	0.000000	0.266170
36	tsk_36	(x)	1	:	0.000000	0.000000	0.450612	0.000000	0.000000	0.023923	0.000000	0.495256	0.030209
37	tsk_37	(x)	1	:	0.000000	0.000000	0.450690	0.000000	0.000000	0.033113	0.000000	0.500817	0.015380
38	tsk_38	(x)	1	:	0.000000	0.000000	0.450574	0.000000	0.000000	0.028421	0.000000	0.495255	0.025750
39	tsk_39	(x)	1	:	0.518947	0.000000	0.000000	0.000000	0.481050	0.000001	0.000000	0.000000	0.000002
40	tsk_40	(x)	1	:	0.000000	0.000000	0.000000	0.000000	0.000000	0.600340	0.000000	0.000000	0.399660
41	tsk_41	(x)	1	:	0.000000	0.000000	0.000000	0.000000	0.485476	0.262402	0.000000	0.000000	0.252123
42	tsk_42	(x)	1	:	0.000000	0.000000	0.000000	0.000000	0.000000	0.673431	0.000000	0.000000	0.326569
43	tsk_43	(x)	1	:	0.000000	0.000000	0.000000	0.000000	1.000000	0.000000	0.000000	0.000000	0.000000
44	tsk_44	(x)	1	:	0.000000	0.000000	0.000000	0.000000	0.485476	0.234757	0.000000	0.000000	0.279767
45	tsk_45	(x)	1	:	0.000000	0.000000	0.000000	0.000000	0.485476	0.265543	0.000000	0.000000	0.248981
46	tsk_46	(x)	1	:	0.000000	0.000000	0.000000	0.000000	0.000000	0.000000	1.000000	0.000000	0.000000
47	tsk_47	(x)	1	:	0.000000	0.000000	0.000000	0.000000	0.000000	0.238893	0.585457	0.000000	0.175650
48	tsk_48	(x)	1	:	0.000000	0.000000	0.000000	0.000000	1.000000	0.000000	0.000000	0.000000	0.000000
49	tsk_49	(x)	1	:	0.000000	0.000000	0.000000	0.000000	0.485476	0.323939	0.000000	0.000000	0.190585
50	tsk_50	(x)	1	:	0.000000	0.000000	0.000000	0.000000	0.000000	0.575080	0.000000	0.000000	0.424920
51	tsk_51	(x)	1	:	0.000000	0.000000	0.000000	0.000000	0.000000	0.000000	0.503185	0.496815	0.000000
52	tsk_52	(x)	1	:	0.000000	0.000000	0.000000	0.000000	1.000000	0.000000	0.000000	0.000000	0.000000
53	tsk_53	(x)	1	:	0.000000	0.000000	0.000000	0.000000	0.485476	0.275879	0.000000	0.000000	0.238645
54	tsk_54	(x)	1	:	0.000000	0.000000	0.428825	0.000000	0.000000	0.000069	0.570917	0.000000	0.000189
55	tsk_55	(x)	1	:	0.000000	0.000000	0.000000	0.000000	0.000000	0.640575	0.000000	0.000000	0.359425
56	tsk_56	(x)	1	:	0.000000	0.000000	0.450686	0.000000	0.485473	0.036313	0.000000	0.000000	0.027528
57	tsk_57	(x)	1	:	0.000000	0.000000	0.000000	0.000000	0.485476	0.165018	0.000000	0.000000	0.349506
58	tsk_58	(x)	1	:	0.266814	0.000000	0.000000	0.000000	0.000000	0.352614	0.000000	0.000000	0.380572
59	tsk_59	(x)	1	:	0.000000	0.000000	0.000000	0.000000	0.000000	0.000000	0.503185	0.496815	0.000000
60	tsk_60	(x)	1	:	0.383293	0.000000	0.000000	0.000000	0.411172	0.000000	0.205535	0.000000	0.000000
61	tsk_61	(x)	1	:	0.000000	0.000000	0.000000	0.000000	1.000000	0.000000	0.000000	0.000000	0.000000
62	tsk_62	(x)	1	:	0.000000	0.000000	0.000000	0.000000	0.000000	0.095502	0.787755	0.000000	0.116743
63	tsk_63	(x)	1	:	0.000000	0.000000	0.000000	0.000000	0.000000	0.124155	0.787755	0.000000	0.088090
64	tsk_64	(x)	1	:	0.000000	0.000000	0.000000	0.000000	0.000000	0.170040	0.325068	0.495245	0.009648
65	tsk_65	(x)	1	:	0.000000	0.000000	0.000000	0.000000	0.000000	0.090900	0.323021	0.495179	0.090900
66	tsk_66	(x)	1	:	0.000000	0.000000	0.450581	0.000000	0.000000	0.024121	0.000000	0.495255	0.030043
67	tsk_67	(x)	1	:	0.304648	0.000000	0.000000	0.000000	0.501258	0.072274	0.000000	0.000000	0.121820
68	tsk_68	(x)	1	:	0.304658	0.000000	0.000000	0.000000	0.501263	0.086986	0.000000	0.000000	0.107093
69	tsk_69	(x)	1	:	0.247388	0.000000	0.000000	0.000000	0.475363	0.000008	0.277233	0.000000	0.000008
70	tsk_70	(x)	1	:	0.000000	0.000000	0.000000	0.000000	0.000000	0.421598	0.000000	0.000000	0.578402
71	tsk_71	(x)	1	:	0.000000	0.000000	0.000000	0.000000	0.000000	0.252222	0.585457	0.000000	0.162321
72	tsk_72	(x)	1	:	0.000000	0.000000	0.000000	0.000000	0.000000	0.683853	0.000000	0.000000	0.316147
73	tsk_73	(x)	1	:	0.000000	0.000000	0.000000	0.000000	0.000000	0.436159	0.000000	0.000000	0.563841
74	tsk_74	(x)	1	:	0.000000	0.000000	0.000000	0.000000	0.000000	0.109861	0.787756	0.000000	0.102384
75	tsk_75	(x)	1	:	0.000000	0.000000	0.000000	0.000000	0.000000	0.130025	0.787755	0.000000	0.082220
76	tsk_76	(x)	1	:	0.000000	0.000000	0.428815	0.000000	0.000000	0.000120	0.570910	0.000000	0.000154
77	tsk_77	(x)	1	:	0.000000	0.000000	0.450671	0.000000	0.000000	0.316263	0.000000	0.000000	0.233066
78	tsk_78	(x)	1	:	0.000000	0.000000	0.000000	0.000000	0.000000	0.090900	0.323021	0.495179	0.090900
79	tsk_79	(x)	1	:	0.000000	0.000000	0.510558	0.000000	0.000000	0.000000	0.000000	0.489442	0.000000
80	tsk_80	(x)	1	:	0.000000	0.000000	0.000000	0.000000	0.000000	0.181420	0.585457	0.000000	0.233123
81	tsk_81	(x)	1	:	0.000000	0.000000	0.000000	0.000000	0.000000	0.412035	0.000000	0.000000	0.587965
82	tsk_82	(x)	1	:	0.000000	0.000000	0.000000	0.000000	0.000000	0.435894	0.000000	0.000000	0.564106
83	tsk_83	(x)	1	:	0.000000	0.000000	0.000000	0.000000	0.000000	0.645223	0.000000	0.000000	0.354777
84	tsk_84	(x)	1	:	0.000000	0.000000	0.000000	0.000000	0.000000	0.361239	0.000000	0.495259	0.143502
85	tsk_85	(x)	1	:	0.304647	0.000000	0.000000	0.000000	0.501257	0.075906	0.000000	0.000000	0.118190
86	tsk_86	(x)	1	:	0.000000	0.000000	0.000000	0.000000	0.000000	0.614484	0.000000	0.000000	0.385515
87	tsk_87	(x)	1	:	0.000000	0.000000	0.000000	0.000000	0.000000	0.587322	0.000000	0.000000	0.412678
88	tsk_88	(x)	1	:	0.000000	0.000000	0.000000	0.000000	0.000000	0.567258	0.000000	0.000000	0.432742
89	tsk_89	(x)	1	:	0.000000	0.000000	0.000000	0.000000	0.000000	0.609067	0.000000	0.000000	0.390933
90	tsk_90	(x)	1	:	0.000000	0.000000	0.000000	0.000000	0.000000	0.515253	0.000000	0.000000	0.484747
91	tsk_91	(x)	1	:	0.000000	0.000000	0.000000	0.000000	0.000000	0.491669	0.000000	0.000000	0.508331
92	tsk_92	(x)	1	:	0.000000	0.000000	0.000000	0.000000	0.000000	0.473649	0.000000	0.000000	0.526351
93	tsk_93	(x)	1	:	0.000000	0.000000	0.000000	0.500011	0.000000	0.231370	0.000000	0.000000	0.268619
94	tsk_94	(x)	1	:	0.000000	0.000000	0.000000	0.448010	0.000000	0.000000	0.551990	0.000000	0.000000
95	tsk_95	(x)	1	:	0.000000	0.000000	0.000000	0.500011	0.000000	0.273817	0.000000	0.000000	0.226172
96	tsk_96	(x)	1	:	0.000000	0.000000	0.000000	0.000000	0.000000	0.242885	0.585457	0.000000	0.171658
97	tsk_97	(x)	1	:	0.000000	0.000000	0.000000	0.000000	0.000000	0.513672	0.000000	0.000000	0.486328
98	tsk_98	(x)	1	:	0.000000	0.000000	0.000000	0.500011	0.000000	0.241714	0.000000	0.000000	0.258275
99	tsk_99	(x)	1	:	0.000000	0.000000	0.000000	0.000000	0.000000	0.176981	0.000000	0.500817	0.322202
100	tsk_100	(x)	1	:	0.000000	0.000000	0.000000	0.000000	0.000000	0.333669	0.000000	0.000000	0.666331
101	tsk_101	(x)	1	:	0.000000	0.000000	0.000000	0.000000	0.461267	0.000002	0.538731	0.000000	0.000001
102	tsk_102	(x)	1	:	0.000000	0.000000	0.558228	0.000000	0.441772	0.000000	0.000000	0.000000	0.000000
103	tsk_103	(x)	1	:	0.000000	0.000000	0.000000	0.000000	0.000000	0.545907	0.000000	0.000000	0.454093
104	tsk_104	(x)	1	:	0.000000	0.000000	0.000000	0.000000	0.000000	0.290919	0.000000	0.476379	0.232702
105	tsk_105	(x)	1	:	0.000000	0.000000	0.000000	0.000000	0.000000	0.409592	0.000000	0.000000	0.590408
106	tsk_106	(x)	1	:	0.000000	0.000000	0.000000	0.000000	0.000000	0.398259	0.000000	0.000000	0.601741
107	tsk_107	(x)	1	:	0.000000	0.000000	0.000000	0.000000	0.000000	0.271914	0.585457	0.000000	0.142629
108	tsk_108	(x)	1	:	0.000000	0.000000	0.000000	0.000000	0.485421	0.008588	0.000000	0.500809	0.005182
109	tsk_109	(x)	1	:	0.000000	0.000000	0.000000	0.000000	0.485476	0.318822	0.000000	0.000000	0.195703
110	tsk_110	(x)	1	:	0.000000	0.000000	0.000000	0.000000	0.000000	0.000000	0.000000	1.000000	0.000000
111	tsk_111	(x)	1	:	0.000000	0.000000	0.000000	0.000000	0.516916	0.000000	0.483084	0.000000	0.000000
112	tsk_112	(x)	1	:	0.000000	0.000000	0.000000	0.000000	0.000000	0.000000	0.503185	0.496815	0.000000
113	tsk_113	(x)	1	:	0.000000	0.000000	1.000000	0.000000	0.000000	0.000000	0.000000	0.000000	0.000000
114	tsk_114	(x)	1	:	0.000000	0.000000	0.000000	0.000000	0.000000	0.000000	0.495778	0.504222	0.000000
115	tsk_115	(x)	1	:	0.000000	0.000000	0.000000	0.000000	0.000000	0.000000	0.000000	1.000000	0.000000
116	tsk_116	(x)	1	:	0.000000	0.000000	0.428823	0.000000	0.000000	0.000180	0.570915	0.000000	0.000082
117	tsk_117	(x)	1	:	0.000000	0.000000	0.450690	0.000000	0.000000	0.031539	0.000000	0.500817	0.016953
118	tsk_118	(x)	1	:	0.000000	0.000000	0.000000	0.000000	0.000000	0.000000	0.503185	0.496815	0.000000
119	tsk_119	(x)	1	:	0.000000	0.000000	0.428871	0.000000	0.000000	0.000055	0.570948	0.000000	0.000126
120	tsk_120	(x)	1	:	0.000000	0.000000	0.000000	0.000000	0.000000	0.311100	0.000000	0.000000	0.688900
121	tsk_121	(x)	1	:	0.000000	0.000000	0.000000	0.000000	0.000000	0.373542	0.000000	0.000000	0.626458
122	tsk_122	(x)	1	:	0.000000	0.000000	0.000000	0.000000	0.000000	0.275159	0.000000	0.000000	0.724841
123	tsk_123	(x)	1	:	0.000000	0.000000	0.000000	0.000000	0.000000	0.160078	0.325068	0.495245	0.019610
124	tsk_124	(x)	1	:	0.000000	0.000000	0.000000	0.499197	0.000000	0.000006	0.000000	0.500791	0.000005
125	tsk_125	(x)	1	:	0.000000	0.000000	0.000000	0.000000	0.000000	0.513872	0.000000	0.000000	0.486128
126	tsk_126	(x)	1	:	0.000000	0.000000	0.000000	0.000000	0.000000	0.569834	0.000000	0.000000	0.430166
127	tsk_127	(x)	1	:	0.000000	0.000000	0.000000	0.000000	0.000000	0.317389	0.000000	0.495259	0.187351
128	tsk_128	(x)	1	:	0.000000	0.000000	0.000000	0.000000	0.000000	0.374559	0.000000	0.000000	0.625441
129	tsk_129	(x)	1	:	0.000000	0.000000	0.000000	0.000000	0.000000	0.217682	0.000000	0.500817	0.281501
130	tsk_130	(x)	1	:	0.000000	0.000000	0.000000	0.000000	0.485476	0.261005	0.000000	0.000000	0.253519
131	tsk_131	(x)	1	:	0.000000	0.000000	0.000000	0.509621	0.488659	0.001140	0.000000	0.000000	0.000580
132	tsk_132	(x)	1	:	0.000000	0.000000	0.451269	0.500619	0.000000	0.021264	0.000000	0.000000	0.026848
133	tsk_133	(x)	1	:	0.000000	0.000000	0.450671	0.000000	0.000000	0.396412	0.000000	0.000000	0.152917
134	tsk_134	(x)	1	:	0.000000	1.000000	0.000000	0.000000	0.000000	0.000000	0.000000	0.000000	0.000000
135	tsk_135	(x)	1	:	0.000000	0.000000	0.000000	0.000000	0.485303	0.101582	0.325009	0.000000	0.088106
136	tsk_136	(x)	1	:	0.000000	0.000000	0.000000	0.500011	0.000000	0.203687	0.000000	0.000000	0.296302
137	tsk_137	(x)	1	:	0.000000	0.662232	0.287157	0.000000	0.050611	0.000000	0.000000	0.000000	0.000000
138	tsk_138	(x)	1	:	0.000000	0.000000	0.000000	0.510081	0.488813	0.000507	0.000000	0.000000	0.000598
139	tsk_139	(x)	1	:	0.000000	0.000000	0.000000	0.000000	0.000000	0.579380	0.000000	0.000000	0.420620
140	tsk_140	(x)	1	:	0.000000	0.000000	0.647449	0.000000	0.000000	0.186601	0.000000	0.000000	0.165950
141	tsk_141	(x)	1	:	0.000000	0.000000	0.000000	0.500011	0.000000	0.230985	0.000000	0.000000	0.269004
142	tsk_142	(x)	1	:	0.000000	0.000000	0.000000	0.000000	1.000000	0.000000	0.000000	0.000000	0.000000
143	tsk_143	(x)	1	:	0.000000	0.000000	0.000000	0.000000	0.000000	0.428170	0.000000	0.000000	0.571830
144	tsk_144	(x)	1	:	0.000000	0.000000	0.000000	0.500011	0.000000	0.242741	0.000000	0.000000	0.257247
145	tsk_145	(x)	1	:	0.000000	0.000000	0.000000	0.500011	0.000000	0.190289	0.000000	0.000000	0.309700
146	tsk_146	(x)	1	:	0.000000	0.000000	0.000000	0.000000	0.000000	0.386186	0.000000	0.000000	0.613814
147	tsk_147	(x)	1	:	0.000000	0.000000	0.000000	0.500011	0.000000	0.307979	0.000000	0.000000	0.192009
148	tsk_148	(x)	1	:	0.000000	0.000000	0.000000	0.000000	0.000000	0.164754	0.000000	0.500817	0.334429
149	tsk_149	(x)	1	:	0.000000	0.000000	0.000000	0.000000	0.485476	0.229075	0.000000	0.000000	0.285450
