logL = -1835.667657 (converged)
AIC = 4963.335314
BIC = 6908.205714

count.K
16 27 25 82 

