logL = -1899.134928 (converged)
AIC = 4698.269856
BIC = 6053.055739

count.K
19 93 38 

