logL = -1835.103559 (converged)
AIC = 5360.207118
BIC = 7904.193941

count.K
27 60 45 9 9 

