logL = -877.042683 (converged)
AIC = 6944.085367
BIC = 14756.683955

count.K
1 30 9 8 2 15 15 6 20 14 6 5 1 8 10 

