logL = -1346.383040 (converged)
AIC = 8302.766079
BIC = 16747.598079

count.K
7 15 28 6 4 18 21 13 14 2 2 2 8 4 6 

