logL = -1601.659668 (converged)
AIC = 4883.319337
BIC = 7412.252984

count.K
31 25 26 17 51 

