logL = -948.094054 (converged)
AIC = 5316.188108
BIC = 10464.374461

count.K
24 11 16 9 12 12 14 9 40 3 

