logL = -752.425441 (converged)
AIC = 6188.850882
BIC = 13239.758741

count.K
23 7 3 10 0 1 6 15 8 11 34 12 19 1 

