logL = -723.049530 (converged)
AIC = 5774.099060
BIC = 12289.113837

count.K
9 1 0 37 3 16 33 24 5 8 1 6 7 

