logL = -1898.549769 (converged)
AIC = 9677.099537
BIC = 18528.367302

count.K
9 24 1 9 2 19 5 6 3 3 20 1 6 4 38 

