logL = -1335.654482 (converged)
AIC = 5737.308963
BIC = 10352.612869

count.K
6 40 9 3 22 11 23 12 24 

