logL = -994.604699 (converged)
AIC = 7485.209398
BIC = 15758.435187

count.K
27 10 16 6 10 0 9 15 3 22 10 5 11 6 

