logL = -932.451009 (converged)
AIC = 4460.902018
BIC = 8368.706630

count.K
11 3 7 10 67 15 21 16 

