logL = -2273.387570 (converged)
AIC = 6622.775141
BIC = 9747.814576

count.K
20 32 3 35 25 35 

