logL = -3490.680603 (converged)
AIC = 11181.361207
BIC = 17503.695324

count.K
26 8 9 25 8 33 20 9 6 6 

