logL = -2308.891774 (converged)
AIC = 7047.783548
BIC = 10705.705430

count.K
12 35 17 32 44 6 4 

