logL = -3732.054149 (converged)
AIC = 11412.108298
BIC = 17355.102369

count.K
1 14 32 24 5 33 18 17 6 

