logL = -1502.369207 (converged)
AIC = 4644.738415
BIC = 7113.459356

count.K
27 33 62 14 14 

