logL = -1012.053472 (converged)
AIC = 4946.106943
BIC = 9344.645108

count.K
0 2 10 2 65 23 5 3 40 

