logL = -1484.849859 (converged)
AIC = 3761.699718
BIC = 4953.911295

count.K
14 99 37 

