logL = -1279.160554 (converged)
AIC = 6818.321108
BIC = 13230.974284

count.K
2 3 23 13 8 2 10 16 3 4 9 57 

