logL = -2051.415713 (converged)
AIC = 5434.831426
BIC = 7439.914532

count.K
25 26 16 83 

