logL = -2807.451813 (converged)
AIC = 9094.903626
BIC = 14333.409038

count.K
8 44 2 7 15 25 28 13 8 

