logL = -948.505585 (converged)
AIC = 3829.011171
BIC = 6737.284865

count.K
9 54 29 31 10 17 

