logL = -2504.812584 (converged)
AIC = 5493.625168
BIC = 6222.198909

count.K
61 89 

