logL = -1398.723995 (converged)
AIC = 3619.447989
BIC = 4856.819095

count.K
23 16 111 

