0	tsk_0	(x)	1	:	0.000000	0.000000	1.000000	0.000000	0.000000	0.000000	0.000000	0.000000	0.000000	0.000000	0.000000	0.000000	0.000000
1	tsk_1	(x)	1	:	0.000000	0.000000	0.523245	0.000000	0.000000	0.476755	0.000000	0.000000	0.000000	0.000000	0.000000	0.000000	0.000000
2	tsk_2	(x)	1	:	0.000000	0.000000	0.000000	0.498370	0.000000	0.000000	0.000000	0.000000	0.501630	0.000000	0.000000	0.000000	0.000000
3	tsk_3	(x)	1	:	0.000000	0.000000	0.000000	0.000000	0.000000	0.000000	0.000000	0.000000	0.000000	0.000000	0.000000	1.000000	0.000000
4	tsk_4	(x)	1	:	0.000000	0.000000	0.493656	0.000000	0.506340	0.000004	0.000000	0.000000	0.000000	0.000000	0.000000	0.000000	0.000000
5	tsk_5	(x)	1	:	0.000000	0.000000	1.000000	0.000000	0.000000	0.000000	0.000000	0.000000	0.000000	0.000000	0.000000	0.000000	0.000000
6	tsk_6	(x)	1	:	0.000000	0.499993	0.000000	0.000000	0.000000	0.000011	0.000000	0.000000	0.058176	0.000000	0.000000	0.441820	0.000000
7	tsk_7	(x)	1	:	0.000000	0.000000	0.000000	0.498370	0.000000	0.000000	0.000000	0.000000	0.501630	0.000000	0.000000	0.000000	0.000000
8	tsk_8	(x)	1	:	0.000000	0.000000	0.499983	0.000000	0.000000	0.000017	0.000000	0.000000	0.500000	0.000000	0.000000	0.000000	0.000000
9	tsk_9	(x)	1	:	0.000000	0.000000	1.000000	0.000000	0.000000	0.000000	0.000000	0.000000	0.000000	0.000000	0.000000	0.000000	0.000000
10	tsk_10	(x)	1	:	0.000000	0.000000	0.000000	0.000000	0.000000	0.496663	0.000000	0.000000	0.503337	0.000000	0.000000	0.000000	0.000000
11	tsk_11	(x)	1	:	0.000000	0.272904	0.000000	0.000000	0.000002	0.222750	0.000000	0.014478	0.000000	0.000000	0.000000	0.000000	0.489866
12	tsk_12	(x)	1	:	0.000000	0.000000	0.000000	0.000000	0.000002	0.495995	0.000000	0.014494	0.000000	0.000000	0.000000	0.000000	0.489509
13	tsk_13	(x)	1	:	0.000000	0.000000	0.000000	0.000000	0.522716	0.000000	0.000000	0.000000	0.035376	0.000000	0.000000	0.441908	0.000000
14	tsk_14	(x)	1	:	0.000000	0.000000	0.000000	0.000000	0.000000	0.472509	0.000000	0.000000	0.000000	0.000000	0.527491	0.000000	0.000000
15	tsk_15	(x)	1	:	0.000000	0.000000	0.000000	0.000000	0.497796	0.000000	0.000000	0.000000	0.000000	0.000000	0.502204	0.000000	0.000000
16	tsk_16	(x)	1	:	0.000000	0.000000	0.000000	0.000000	0.000000	1.000000	0.000000	0.000000	0.000000	0.000000	0.000000	0.000000	0.000000
17	tsk_17	(x)	1	:	0.000000	0.267321	0.000000	0.000000	0.000000	0.205531	0.000000	0.000000	0.000000	0.000000	0.527148	0.000000	0.000000
18	tsk_18	(x)	1	:	0.000000	0.000000	0.000000	0.000000	0.000000	0.472509	0.000000	0.000000	0.000000	0.000000	0.527491	0.000000	0.000000
19	tsk_19	(x)	1	:	0.000000	0.000000	0.000000	0.000000	0.000003	0.000000	0.000000	0.008564	0.000000	0.000000	0.508464	0.000000	0.482969
20	tsk_20	(x)	1	:	0.000000	0.000000	0.000000	0.498373	0.000000	0.000000	0.000000	0.000000	0.059822	0.000000	0.000000	0.441805	0.000000
21	tsk_21	(x)	1	:	0.000000	0.000000	0.000000	0.000000	0.000000	0.496665	0.000000	0.000000	0.061514	0.000000	0.000000	0.441820	0.000000
22	tsk_22	(x)	1	:	0.000000	0.000000	0.484297	0.000000	0.000000	0.000016	0.000000	0.000000	0.000000	0.000000	0.515687	0.000000	0.000000
23	tsk_23	(x)	1	:	0.000000	0.267321	0.000000	0.000000	0.000000	0.205531	0.000000	0.000000	0.000000	0.000000	0.527148	0.000000	0.000000
24	tsk_24	(x)	1	:	0.000000	0.000000	0.000000	0.000000	0.000000	0.496663	0.000000	0.000000	0.503337	0.000000	0.000000	0.000000	0.000000
25	tsk_25	(x)	1	:	0.000000	0.499989	0.000000	0.000000	0.000000	0.000012	0.000000	0.000000	0.499998	0.000000	0.000000	0.000000	0.000000
26	tsk_26	(x)	1	:	0.000000	0.000000	0.000000	0.000000	0.000000	0.000000	0.000000	0.000000	1.000000	0.000000	0.000000	0.000000	0.000000
27	tsk_27	(x)	1	:	0.000000	0.487876	0.000000	0.000000	0.000000	0.000010	0.000000	0.000000	0.000000	0.000000	0.000000	0.512114	0.000000
28	tsk_28	(x)	1	:	0.000000	0.000000	0.000000	0.486399	0.000000	0.000000	0.000000	0.000000	0.000000	0.000000	0.000000	0.513601	0.000000
29	tsk_29	(x)	1	:	0.000000	0.000000	0.000000	0.000000	0.000000	0.496663	0.000000	0.000000	0.503337	0.000000	0.000000	0.000000	0.000000
30	tsk_30	(x)	1	:	0.000000	0.000000	0.500457	0.000000	0.000000	0.000017	0.000000	0.499526	0.000000	0.000000	0.000000	0.000000	0.000000
31	tsk_31	(x)	1	:	0.000000	0.000000	0.000000	0.000000	0.000000	0.496663	0.000000	0.000000	0.503337	0.000000	0.000000	0.000000	0.000000
32	tsk_32	(x)	1	:	0.000000	0.000000	0.000000	0.000000	0.000000	0.000000	0.000000	0.000000	1.000000	0.000000	0.000000	0.000000	0.000000
33	tsk_33	(x)	1	:	0.000000	1.000000	0.000000	0.000000	0.000000	0.000000	0.000000	0.000000	0.000000	0.000000	0.000000	0.000000	0.000000
34	tsk_34	(x)	1	:	0.000000	0.000000	0.000000	0.000000	0.000000	0.000000	0.000000	0.000000	1.000000	0.000000	0.000000	0.000000	0.000000
35	tsk_35	(x)	1	:	0.000000	0.000000	0.000000	0.000000	0.416137	0.000000	0.000000	0.019174	0.564689	0.000000	0.000000	0.000000	0.000000
36	tsk_36	(x)	1	:	0.000000	0.000000	0.000000	0.000000	0.422018	0.000000	0.000000	0.012941	0.123182	0.000000	0.000000	0.441860	0.000000
37	tsk_37	(x)	1	:	0.000000	0.000000	0.000000	0.000000	0.000000	0.000000	0.000000	0.000000	1.000000	0.000000	0.000000	0.000000	0.000000
38	tsk_38	(x)	1	:	0.000000	0.000000	0.000000	0.000000	0.421526	0.000000	0.000000	0.013447	0.565027	0.000000	0.000000	0.000000	0.000000
39	tsk_39	(x)	1	:	0.000000	0.000000	0.000000	0.000000	0.000000	0.496663	0.000000	0.000000	0.503337	0.000000	0.000000	0.000000	0.000000
40	tsk_40	(x)	1	:	0.000000	0.000000	0.499978	0.000000	0.000000	0.000019	0.317248	0.000000	0.182755	0.000000	0.000000	0.000000	0.000000
41	tsk_41	(x)	1	:	0.000000	0.000000	0.000000	1.000000	0.000000	0.000000	0.000000	0.000000	0.000000	0.000000	0.000000	0.000000	0.000000
42	tsk_42	(x)	1	:	0.000000	0.000000	0.000000	0.000000	0.000000	0.000000	0.000000	1.000000	0.000000	0.000000	0.000000	0.000000	0.000000
43	tsk_43	(x)	1	:	0.000000	0.000000	0.498972	0.000000	0.000001	0.000000	0.000000	0.013087	0.000000	0.000000	0.000000	0.000000	0.487940
44	tsk_44	(x)	1	:	0.000000	0.000000	1.000000	0.000000	0.000000	0.000000	0.000000	0.000000	0.000000	0.000000	0.000000	0.000000	0.000000
45	tsk_45	(x)	1	:	0.000000	0.000000	0.498972	0.000000	0.000004	0.000000	0.000000	0.013087	0.000000	0.000000	0.000000	0.000000	0.487938
46	tsk_46	(x)	1	:	0.000000	0.000000	0.498972	0.000000	0.000001	0.000000	0.000000	0.013087	0.000000	0.000000	0.000000	0.000000	0.487940
47	tsk_47	(x)	1	:	0.000000	0.000000	0.000000	0.498938	0.000000	0.000000	0.000000	0.501062	0.000000	0.000000	0.000000	0.000000	0.000000
48	tsk_48	(x)	1	:	0.000000	0.000000	0.000000	0.000000	0.000000	0.000000	0.995476	0.000000	0.004524	0.000000	0.000000	0.000000	0.000000
49	tsk_49	(x)	1	:	0.000000	0.000000	0.000000	0.497483	0.000002	0.000000	0.000000	0.013850	0.000000	0.000000	0.000000	0.000000	0.488664
50	tsk_50	(x)	1	:	0.000000	0.000000	0.000000	0.000000	0.000000	0.000000	0.316735	0.000000	0.242214	0.000000	0.000000	0.441052	0.000000
51	tsk_51	(x)	1	:	0.000000	0.000000	0.000000	0.000000	0.000000	0.000000	0.000000	0.000000	0.047451	0.000000	0.510711	0.441837	0.000000
52	tsk_52	(x)	1	:	0.000000	0.000000	0.000000	0.000000	0.000000	0.000000	0.000000	0.000000	0.077009	0.000000	0.481177	0.441814	0.000000
53	tsk_53	(x)	1	:	0.000000	0.000000	0.000000	0.000000	0.522688	0.000000	0.000000	0.000000	0.477312	0.000000	0.000000	0.000000	0.000000
54	tsk_54	(x)	1	:	0.000000	0.000000	0.000000	0.000000	0.000000	0.496666	0.000000	0.000000	0.061511	0.000000	0.000000	0.441823	0.000000
55	tsk_55	(x)	1	:	0.000000	0.000000	0.000000	0.000000	0.000000	0.000000	0.319706	0.000000	0.169834	0.000000	0.510460	0.000000	0.000000
56	tsk_56	(x)	1	:	0.000000	0.000000	0.000000	0.000000	0.000000	0.000000	0.318481	0.000000	0.171163	0.000000	0.510356	0.000000	0.000000
57	tsk_57	(x)	1	:	0.000000	0.000000	0.000000	0.000000	0.000000	0.000000	0.000000	0.000000	0.047456	0.000000	0.510711	0.441833	0.000000
58	tsk_58	(x)	1	:	0.000000	0.000000	0.000000	0.000000	0.000000	0.000000	0.000000	0.000000	0.558199	0.000000	0.000000	0.441801	0.000000
59	tsk_59	(x)	1	:	0.000000	0.000000	0.000000	0.000000	1.000000	0.000000	0.000000	0.000000	0.000000	0.000000	0.000000	0.000000	0.000000
60	tsk_60	(x)	1	:	0.000000	0.000000	0.000000	0.000000	0.000000	0.000000	0.000000	0.000000	1.000000	0.000000	0.000000	0.000000	0.000000
61	tsk_61	(x)	1	:	0.000000	0.000000	0.000000	0.000000	0.000002	0.000000	0.000000	0.516773	0.000000	0.000000	0.483221	0.000000	0.000003
62	tsk_62	(x)	1	:	0.000000	0.000000	0.000000	0.000000	0.000000	0.496663	0.000000	0.000000	0.503337	0.000000	0.000000	0.000000	0.000000
63	tsk_63	(x)	1	:	0.000000	0.000000	0.000000	0.000000	0.000000	0.000000	0.000000	0.498346	0.501654	0.000000	0.000000	0.000000	0.000000
64	tsk_64	(x)	1	:	0.000000	0.515661	0.000000	0.000000	0.442817	0.001408	0.000000	0.040114	0.000000	0.000000	0.000000	0.000000	0.000000
65	tsk_65	(x)	1	:	0.000000	0.000000	0.000000	0.000000	0.000000	0.000000	0.000000	0.000000	1.000000	0.000000	0.000000	0.000000	0.000000
66	tsk_66	(x)	1	:	0.500770	0.000000	0.000000	0.000000	0.000000	0.000000	0.000000	0.000217	0.499013	0.000000	0.000000	0.000000	0.000000
67	tsk_67	(x)	1	:	0.000000	0.000000	0.000000	0.000000	0.000000	0.000000	0.000000	0.000000	0.518826	0.000000	0.481174	0.000000	0.000000
68	tsk_68	(x)	1	:	0.000000	0.000000	0.000000	0.000000	0.000000	0.497435	0.000000	0.502565	0.000000	0.000000	0.000000	0.000000	0.000000
69	tsk_69	(x)	1	:	0.000000	0.000000	0.000000	0.000000	0.000000	0.000000	0.000000	0.000000	0.000000	0.000000	1.000000	0.000000	0.000000
70	tsk_70	(x)	1	:	0.000000	0.000000	0.000000	0.000000	0.000000	0.000000	0.000000	0.000000	0.000000	0.000000	0.000000	1.000000	0.000000
71	tsk_71	(x)	1	:	0.500136	0.000000	0.499640	0.000000	0.000000	0.000005	0.000000	0.000218	0.000000	0.000000	0.000000	0.000000	0.000000
72	tsk_72	(x)	1	:	0.000000	0.481038	0.000000	0.518955	0.000000	0.000007	0.000000	0.000000	0.000000	0.000000	0.000000	0.000000	0.000000
73	tsk_73	(x)	1	:	0.491663	0.000000	0.000000	0.000000	0.000000	0.000000	0.000000	0.000020	0.000000	0.000000	0.508318	0.000000	0.000000
74	tsk_74	(x)	1	:	0.000000	0.000000	0.000000	0.498370	0.000000	0.000000	0.000000	0.000000	0.501630	0.000000	0.000000	0.000000	0.000000
75	tsk_75	(x)	1	:	0.000000	0.000000	0.000000	0.000000	0.000000	0.529402	0.000000	0.000000	0.000000	0.000000	0.470598	0.000000	0.000000
76	tsk_76	(x)	1	:	0.000000	0.000000	0.484297	0.000000	0.000000	0.000016	0.000000	0.000000	0.000000	0.000000	0.515687	0.000000	0.000000
77	tsk_77	(x)	1	:	0.000000	0.000000	0.000000	0.000000	0.000000	0.000000	0.000000	0.000000	0.047449	0.000000	0.510712	0.441839	0.000000
78	tsk_78	(x)	1	:	0.000000	0.000000	0.493655	0.000000	0.506340	0.000005	0.000000	0.000000	0.000000	0.000000	0.000000	0.000000	0.000000
79	tsk_79	(x)	1	:	0.000002	0.000000	0.000000	0.000000	0.000001	0.000000	0.000000	0.411435	0.000000	0.100898	0.487663	0.000000	0.000000
80	tsk_80	(x)	1	:	0.000000	0.000000	0.000000	0.000000	0.000000	0.515627	0.000000	0.000000	0.484351	0.000000	0.000000	0.000022	0.000000
81	tsk_81	(x)	1	:	0.000000	0.499990	0.000000	0.000000	0.000000	0.000012	0.000000	0.000000	0.499999	0.000000	0.000000	0.000000	0.000000
82	tsk_82	(x)	1	:	0.000000	0.000000	0.523245	0.000000	0.000000	0.476755	0.000000	0.000000	0.000000	0.000000	0.000000	0.000000	0.000000
83	tsk_83	(x)	1	:	0.000000	0.000000	0.000000	0.000000	0.000000	0.515626	0.000000	0.000000	0.484365	0.000000	0.000000	0.000009	0.000000
84	tsk_84	(x)	1	:	0.000000	0.000000	0.000000	0.000000	0.000000	0.496663	0.000000	0.000000	0.503337	0.000000	0.000000	0.000000	0.000000
85	tsk_85	(x)	1	:	0.000000	0.000000	0.000000	0.000000	0.000000	0.515674	0.000000	0.000000	0.041782	0.000000	0.000000	0.442544	0.000000
86	tsk_86	(x)	1	:	0.000000	0.000000	0.000000	0.000000	0.000000	0.515739	0.000000	0.000000	0.040715	0.000000	0.000000	0.443545	0.000000
87	tsk_87	(x)	1	:	0.000000	0.000000	0.000000	0.000000	0.000000	0.000000	0.000000	0.000000	1.000000	0.000000	0.000000	0.000000	0.000000
88	tsk_88	(x)	1	:	0.000000	0.499994	0.000000	0.000000	0.000000	0.000009	0.000000	0.000000	0.058188	0.000000	0.000000	0.441809	0.000000
89	tsk_89	(x)	1	:	0.000000	0.409205	0.000000	0.000000	0.000000	0.590795	0.000000	0.000000	0.000000	0.000000	0.000000	0.000000	0.000000
90	tsk_90	(x)	1	:	0.000000	0.000000	0.523245	0.000000	0.000000	0.476755	0.000000	0.000000	0.000000	0.000000	0.000000	0.000000	0.000000
91	tsk_91	(x)	1	:	0.000000	0.499996	0.499996	0.000000	0.000000	0.000009	0.000000	0.000000	0.000000	0.000000	0.000000	0.000000	0.000000
92	tsk_92	(x)	1	:	0.000000	0.000000	0.500459	0.000000	0.000000	0.000016	0.000000	0.499526	0.000000	0.000000	0.000000	0.000000	0.000000
93	tsk_93	(x)	1	:	0.000000	1.000000	0.000000	0.000000	0.000000	0.000000	0.000000	0.000000	0.000000	0.000000	0.000000	0.000000	0.000000
94	tsk_94	(x)	1	:	0.000000	0.499994	0.499994	0.000000	0.000000	0.000011	0.000000	0.000000	0.000000	0.000000	0.000000	0.000000	0.000000
95	tsk_95	(x)	1	:	0.000000	0.499993	0.499993	0.000000	0.000000	0.000014	0.000000	0.000000	0.000000	0.000000	0.000000	0.000000	0.000000
96	tsk_96	(x)	1	:	0.500216	0.499652	0.000000	0.000000	0.000000	0.000002	0.000000	0.000130	0.000000	0.000000	0.000000	0.000000	0.000000
97	tsk_97	(x)	1	:	0.000000	1.000000	0.000000	0.000000	0.000000	0.000000	0.000000	0.000000	0.000000	0.000000	0.000000	0.000000	0.000000
98	tsk_98	(x)	1	:	0.000000	0.000000	0.498000	0.000000	0.000000	0.000000	0.501919	0.000000	0.000076	0.000000	0.000000	0.000004	0.000000
99	tsk_99	(x)	1	:	0.000000	0.000000	0.499974	0.000000	0.000000	0.000019	0.317175	0.000000	0.182832	0.000000	0.000000	0.000000	0.000000
100	tsk_100	(x)	1	:	0.000000	0.000000	0.000000	0.000000	0.000000	0.000000	0.000000	0.000000	0.558188	0.000000	0.000000	0.441812	0.000000
101	tsk_101	(x)	1	:	0.000000	0.000000	0.000000	0.000000	0.000000	0.000000	0.553637	0.000000	0.446363	0.000000	0.000000	0.000000	0.000000
102	tsk_102	(x)	1	:	0.000000	0.000000	0.000000	0.000000	0.000000	0.475053	0.524947	0.000000	0.000000	0.000000	0.000000	0.000000	0.000000
103	tsk_103	(x)	1	:	0.000000	0.000000	0.000000	0.000000	0.000000	0.000000	0.000000	0.000000	1.000000	0.000000	0.000000	0.000000	0.000000
104	tsk_104	(x)	1	:	0.000000	0.000000	0.000000	0.000000	0.000000	0.000000	1.000000	0.000000	0.000000	0.000000	0.000000	0.000000	0.000000
105	tsk_105	(x)	1	:	0.000000	0.000000	0.000000	0.000000	0.000000	0.496663	0.000000	0.000000	0.503337	0.000000	0.000000	0.000000	0.000000
106	tsk_106	(x)	1	:	0.000000	0.000000	0.000000	0.000000	0.000000	0.000000	0.554483	0.000000	0.001795	0.000000	0.000000	0.443722	0.000000
107	tsk_107	(x)	1	:	0.000000	0.499994	0.000000	0.000000	0.000000	0.000010	0.000000	0.000000	0.058174	0.000000	0.000000	0.441822	0.000000
108	tsk_108	(x)	1	:	0.000000	0.000000	0.000000	0.000000	0.000000	0.000000	0.682551	0.000000	0.317449	0.000000	0.000000	0.000000	0.000000
109	tsk_109	(x)	1	:	0.000000	0.523245	0.000000	0.000000	0.000000	0.476755	0.000000	0.000000	0.000000	0.000000	0.000000	0.000000	0.000000
110	tsk_110	(x)	1	:	0.000048	0.000000	0.000000	0.000000	0.221446	0.000000	0.000000	0.682492	0.000000	0.096013	0.000000	0.000000	0.000000
111	tsk_111	(x)	1	:	0.511429	0.000000	0.000000	0.000000	0.000000	0.000000	0.000000	0.004842	0.000000	0.000000	0.483717	0.000000	0.000012
112	tsk_112	(x)	1	:	0.000000	0.000000	0.519946	0.000000	0.000000	0.010580	0.000000	0.000000	0.000000	0.000000	0.469473	0.000000	0.000000
113	tsk_113	(x)	1	:	0.000000	0.000000	0.498972	0.000000	0.000001	0.000000	0.000000	0.013087	0.000000	0.000000	0.000000	0.000000	0.487940
114	tsk_114	(x)	1	:	0.000000	0.000000	0.000000	0.000000	0.000000	0.000000	0.000000	1.000000	0.000000	0.000000	0.000000	0.000000	0.000000
115	tsk_115	(x)	1	:	0.000000	0.000000	0.000000	0.000000	0.000002	0.000000	0.000000	0.516773	0.000000	0.000000	0.483221	0.000000	0.000004
116	tsk_116	(x)	1	:	0.000000	0.000000	0.519933	0.000000	0.000000	0.010598	0.000000	0.000000	0.000000	0.000000	0.469469	0.000000	0.000000
117	tsk_117	(x)	1	:	0.511355	0.000000	0.000000	0.000000	0.000000	0.000000	0.000000	0.004929	0.000000	0.000000	0.483706	0.000000	0.000010
118	tsk_118	(x)	1	:	0.000000	0.000000	0.498972	0.000000	0.000001	0.000000	0.000000	0.013087	0.000000	0.000000	0.000000	0.000000	0.487940
119	tsk_119	(x)	1	:	0.000000	0.000000	0.000000	0.000000	0.000002	0.000000	0.000000	0.023168	0.000000	0.000000	0.482029	0.000000	0.494801
120	tsk_120	(x)	1	:	0.000000	0.000000	0.000000	0.000000	0.000000	0.000000	0.000000	0.498346	0.501654	0.000000	0.000000	0.000000	0.000000
121	tsk_121	(x)	1	:	0.000000	0.000000	0.000000	0.000000	0.000000	0.000000	0.000000	1.000000	0.000000	0.000000	0.000000	0.000000	0.000000
122	tsk_122	(x)	1	:	0.000000	0.000000	0.000000	0.000000	0.000000	0.000000	0.000000	1.000000	0.000000	0.000000	0.000000	0.000000	0.000000
123	tsk_123	(x)	1	:	0.000000	0.000000	0.000000	0.000000	0.000000	0.000000	0.000000	0.498354	0.059826	0.000000	0.000000	0.441819	0.000000
124	tsk_124	(x)	1	:	0.000000	0.000000	0.000000	0.000000	0.000000	0.000000	0.000000	0.498354	0.059831	0.000000	0.000000	0.441815	0.000000
125	tsk_125	(x)	1	:	0.000000	0.000000	0.000000	0.000000	0.000000	0.000000	0.000000	0.498354	0.059826	0.000000	0.000000	0.441819	0.000000
126	tsk_126	(x)	1	:	0.000000	0.000000	0.000000	0.000000	0.000000	0.000000	0.000000	1.000000	0.000000	0.000000	0.000000	0.000000	0.000000
127	tsk_127	(x)	1	:	0.000000	0.000000	0.000000	0.000000	0.000000	0.000000	0.000000	0.498355	0.059825	0.000000	0.000000	0.441820	0.000000
128	tsk_128	(x)	1	:	0.000000	0.000000	0.000000	0.000000	0.000000	0.497436	0.000000	0.502564	0.000000	0.000000	0.000000	0.000000	0.000000
129	tsk_129	(x)	1	:	0.000000	0.000000	0.000000	0.000000	0.000000	0.000000	0.000000	1.000000	0.000000	0.000000	0.000000	0.000000	0.000000
130	tsk_130	(x)	1	:	0.000000	0.000000	0.000000	0.000000	0.000000	0.000000	0.992985	0.000000	0.007015	0.000000	0.000000	0.000000	0.000000
131	tsk_131	(x)	1	:	0.000000	0.519988	0.000000	0.000000	0.000000	0.010526	0.000000	0.000000	0.000000	0.000000	0.469486	0.000000	0.000000
132	tsk_132	(x)	1	:	0.000000	0.487876	0.000000	0.000000	0.000000	0.000010	0.000000	0.000000	0.000000	0.000000	0.000000	0.512114	0.000000
133	tsk_133	(x)	1	:	0.000000	0.000000	0.499970	0.000000	0.000000	0.000019	0.317104	0.000000	0.182908	0.000000	0.000000	0.000000	0.000000
134	tsk_134	(x)	1	:	0.000003	0.482063	0.000000	0.000000	0.000000	0.000004	0.000000	0.415919	0.000000	0.102010	0.000000	0.000000	0.000000
135	tsk_135	(x)	1	:	0.000000	0.000000	0.000000	0.000000	0.000000	0.000000	0.000000	0.000000	0.000000	0.000000	0.467805	0.532195	0.000000
136	tsk_136	(x)	1	:	0.622234	0.000000	0.000000	0.000000	0.000000	0.000000	0.000000	0.377765	0.000000	0.000000	0.000000	0.000000	0.000000
137	tsk_137	(x)	1	:	0.000000	0.000000	0.487876	0.000000	0.000000	0.000010	0.000000	0.000000	0.000000	0.000000	0.000000	0.512114	0.000000
138	tsk_138	(x)	1	:	0.500642	0.000000	0.000000	0.000000	0.000000	0.000000	0.317098	0.000344	0.181911	0.000000	0.000000	0.000006	0.000000
139	tsk_139	(x)	1	:	0.000000	1.000000	0.000000	0.000000	0.000000	0.000000	0.000000	0.000000	0.000000	0.000000	0.000000	0.000000	0.000000
140	tsk_140	(x)	1	:	0.000000	0.000000	0.499987	0.000000	0.000000	0.000015	0.000000	0.000000	0.194828	0.000000	0.000000	0.305170	0.000000
141	tsk_141	(x)	1	:	0.000000	0.000000	0.000000	0.000000	0.000000	0.000000	0.245496	0.498608	0.255896	0.000000	0.000000	0.000000	0.000000
142	tsk_142	(x)	1	:	0.000000	0.000000	0.000000	0.000000	0.000000	0.000000	0.000000	0.489472	0.000000	0.000000	0.510527	0.000000	0.000000
143	tsk_143	(x)	1	:	0.000000	0.500078	0.000000	0.000000	0.000000	0.000009	0.245675	0.000000	0.254238	0.000000	0.000000	0.000000	0.000000
144	tsk_144	(x)	1	:	0.000000	0.000000	0.499991	0.000000	0.000000	0.000013	0.000000	0.000000	0.058174	0.000000	0.000000	0.441821	0.000000
145	tsk_145	(x)	1	:	0.000000	0.000000	0.000000	0.000000	0.000000	0.000000	0.000000	0.000000	0.750297	0.249703	0.000000	0.000000	0.000000
146	tsk_146	(x)	1	:	0.000000	0.000000	0.500077	0.000000	0.000000	0.000011	0.245679	0.000000	0.254234	0.000000	0.000000	0.000000	0.000000
147	tsk_147	(x)	1	:	0.000000	0.000000	0.000000	0.000000	0.000000	0.000000	0.000000	0.000000	0.365744	0.000000	0.000000	0.634256	0.000000
148	tsk_148	(x)	1	:	0.000000	0.000000	0.000000	0.000000	0.000000	0.000000	0.000000	0.000000	0.750310	0.249690	0.000000	0.000000	0.000000
149	tsk_149	(x)	1	:	0.000000	0.000000	0.500062	0.000000	0.000000	0.000010	0.245494	0.000000	0.254434	0.000000	0.000000	0.000000	0.000000
