logL = -984.747511 (converged)
AIC = 5107.495022
BIC = 9831.181799

count.K
1 34 24 23 18 18 22 9 1 

