logL = -1333.810763 (converged)
AIC = 5041.621527
BIC = 8615.245621

count.K
5 31 17 9 50 37 1 

