logL = -1353.470379 (converged)
AIC = 7922.940758
BIC = 15774.677605

count.K
8 14 13 2 6 2 13 3 6 17 2 5 11 48 

