logL = -654.579817 (converged)
AIC = 3969.159634
BIC = 7973.304575

count.K
30 3 7 11 17 11 13 58 

