logL = -1143.199000 (converged)
AIC = 2714.398000
BIC = 3358.673953

count.K
119 31 

