logL = -1862.102634 (converged)
AIC = 6720.205267
BIC = 11230.136938

count.K
13 16 14 9 43 37 6 12 

