logL = -1722.436394 (converged)
AIC = 8214.872788
BIC = 15395.237965

count.K
4 15 23 4 22 6 2 12 4 2 25 12 19 

