logL = -949.400471 (converged)
AIC = 3038.800942
BIC = 4754.863060

count.K
25 28 29 68 

