logL = -1480.865770 (converged)
AIC = 6225.731539
BIC = 11139.088339

count.K
17 12 22 8 27 19 27 13 5 

