logL = -706.066283 (converged)
AIC = 3928.132565
BIC = 7715.511765

count.K
9 20 47 21 16 9 17 11 

