logL = -1268.637689 (converged)
AIC = 7937.275378
BIC = 16065.990672

count.K
21 15 1 2 16 14 45 0 6 3 21 5 1 0 0 

