logL = -1854.932858 (converged)
AIC = 7809.865716
BIC = 13981.668069

count.K
19 3 0 13 8 27 10 35 9 12 14 

