logL = -889.285464 (converged)
AIC = 6366.570927
BIC = 13272.968292

count.K
15 1 4 9 8 24 3 16 26 18 22 4 0 

