logL = -789.533586 (converged)
AIC = 4111.067172
BIC = 7922.531454

count.K
0 45 5 6 47 0 27 20 

