logL = -966.929153 (converged)
AIC = 6265.858305
BIC = 12786.894352

count.K
27 2 12 35 4 5 12 4 7 20 9 13 

