0	tsk_0	(x)	1	:	0.030787	0.000000	0.482282	0.000000	0.000000	0.486932	0.000000	0.000000
1	tsk_1	(x)	1	:	0.069202	0.000000	0.484941	0.445856	0.000000	0.000000	0.000000	0.000000
2	tsk_2	(x)	1	:	0.000000	0.000000	1.000000	0.000000	0.000000	0.000000	0.000000	0.000000
3	tsk_3	(x)	1	:	0.000000	0.000000	0.559937	0.000000	0.000126	0.000000	0.000000	0.439937
4	tsk_4	(x)	1	:	0.189649	0.000000	0.000000	0.810351	0.000000	0.000000	0.000000	0.000000
5	tsk_5	(x)	1	:	0.058788	0.000000	0.000000	0.394696	0.000000	0.000000	0.496295	0.050221
6	tsk_6	(x)	1	:	0.143763	0.000000	0.000000	0.378549	0.014326	0.000000	0.000000	0.463362
7	tsk_7	(x)	1	:	0.298592	0.000000	0.000000	0.701408	0.000000	0.000000	0.000000	0.000000
8	tsk_8	(x)	1	:	0.069534	0.000000	0.484772	0.445694	0.000000	0.000000	0.000000	0.000000
9	tsk_9	(x)	1	:	0.000011	0.000000	0.000000	0.999988	0.000000	0.000000	0.000000	0.000000
10	tsk_10	(x)	1	:	0.143287	0.000000	0.000000	0.378828	0.015512	0.000000	0.000000	0.462373
11	tsk_11	(x)	1	:	0.000000	0.000000	0.000000	0.000000	0.000000	0.000000	0.000000	1.000000
12	tsk_12	(x)	1	:	0.000000	0.000000	0.000000	0.000000	0.411682	0.000000	0.000000	0.588318
13	tsk_13	(x)	1	:	0.143424	0.000000	0.000000	0.378744	0.015190	0.000000	0.000000	0.462641
14	tsk_14	(x)	1	:	0.143362	0.000000	0.000000	0.378774	0.015407	0.000000	0.000000	0.462457
15	tsk_15	(x)	1	:	0.025348	0.000000	0.484484	0.000000	0.000646	0.000000	0.000000	0.489522
16	tsk_16	(x)	1	:	0.143606	0.000000	0.000000	0.378638	0.014742	0.000000	0.000000	0.463014
17	tsk_17	(x)	1	:	0.000000	0.000000	0.000000	0.000000	0.411682	0.000000	0.000000	0.588318
18	tsk_18	(x)	1	:	0.000000	0.000000	0.000000	0.000000	0.000000	0.000000	0.000000	1.000000
19	tsk_19	(x)	1	:	0.000000	0.000000	0.000000	0.000000	0.000000	0.000000	0.000000	1.000000
20	tsk_20	(x)	1	:	0.000009	0.000000	0.000000	0.999991	0.000000	0.000000	0.000000	0.000000
21	tsk_21	(x)	1	:	0.192256	0.000000	0.000000	0.338488	0.469251	0.000000	0.000000	0.000006
22	tsk_22	(x)	1	:	0.171863	0.000000	0.000000	0.338415	0.000000	0.489722	0.000000	0.000000
23	tsk_23	(x)	1	:	0.004769	0.000000	0.000000	0.995231	0.000000	0.000000	0.000000	0.000000
24	tsk_24	(x)	1	:	0.000000	0.000000	0.000000	0.000000	0.999550	0.000000	0.000000	0.000450
25	tsk_25	(x)	1	:	0.171898	0.000000	0.000000	0.338393	0.000000	0.489708	0.000000	0.000000
26	tsk_26	(x)	1	:	0.192263	0.000000	0.000000	0.338482	0.469249	0.000000	0.000000	0.000006
27	tsk_27	(x)	1	:	0.000014	0.000000	0.000000	0.999986	0.000000	0.000000	0.000000	0.000000
28	tsk_28	(x)	1	:	0.003413	0.000000	0.000000	0.996587	0.000000	0.000000	0.000000	0.000000
29	tsk_29	(x)	1	:	0.192254	0.000000	0.000000	0.338490	0.469248	0.000000	0.000000	0.000008
30	tsk_30	(x)	1	:	0.000000	0.000000	0.000000	0.000000	0.588198	0.000000	0.000000	0.411802
31	tsk_31	(x)	1	:	0.011445	0.000000	0.000000	0.000000	0.000000	0.488612	0.499943	0.000000
32	tsk_32	(x)	1	:	0.000000	0.000000	0.000000	0.000000	0.000000	0.000000	1.000000	0.000000
33	tsk_33	(x)	1	:	0.000000	0.000000	0.000000	0.000000	0.000000	0.000000	1.000000	0.000000
34	tsk_34	(x)	1	:	0.000000	0.000000	0.000000	0.000000	0.000000	0.000000	1.000000	0.000000
35	tsk_35	(x)	1	:	0.000000	0.000000	0.000000	0.000000	0.000000	0.000000	1.000000	0.000000
36	tsk_36	(x)	1	:	0.058782	0.000000	0.000000	0.394702	0.000000	0.000000	0.496295	0.050221
37	tsk_37	(x)	1	:	0.011236	0.000000	0.000000	0.000000	0.000000	0.488811	0.499952	0.000000
38	tsk_38	(x)	1	:	0.058805	0.000000	0.000000	0.394680	0.000000	0.000000	0.496294	0.050221
39	tsk_39	(x)	1	:	0.000000	0.000000	0.000000	0.000000	0.000000	0.000000	1.000000	0.000000
40	tsk_40	(x)	1	:	0.116607	0.000000	0.000000	0.333045	0.368775	0.000000	0.000000	0.181573
41	tsk_41	(x)	1	:	0.530729	0.000000	0.000000	0.000000	0.469253	0.000000	0.000000	0.000018
42	tsk_42	(x)	1	:	0.470926	0.000000	0.000000	0.000000	0.529074	0.000000	0.000000	0.000000
43	tsk_43	(x)	1	:	0.000000	0.000000	0.000000	0.000000	0.000000	0.000000	1.000000	0.000000
44	tsk_44	(x)	1	:	0.470926	0.000000	0.000000	0.000000	0.529074	0.000000	0.000000	0.000000
45	tsk_45	(x)	1	:	0.000000	0.000000	0.000000	0.000000	0.496014	0.000000	0.503904	0.000082
46	tsk_46	(x)	1	:	0.015975	0.000000	0.484076	0.000000	0.000000	0.000000	0.499949	0.000000
47	tsk_47	(x)	1	:	0.065295	0.000000	0.000000	0.445491	0.000000	0.489214	0.000000	0.000000
48	tsk_48	(x)	1	:	0.069378	0.000000	0.484852	0.445770	0.000000	0.000000	0.000000	0.000000
49	tsk_49	(x)	1	:	0.661477	0.000000	0.000000	0.338523	0.000000	0.000000	0.000000	0.000000
50	tsk_50	(x)	1	:	0.510195	0.000000	0.000000	0.000000	0.000000	0.489805	0.000000	0.000000
51	tsk_51	(x)	1	:	0.022657	0.000000	0.000000	0.000000	0.000562	0.487667	0.000000	0.489114
52	tsk_52	(x)	1	:	0.231858	0.000000	0.000000	0.287961	0.007814	0.000000	0.000000	0.472366
53	tsk_53	(x)	1	:	0.000000	0.000000	1.000000	0.000000	0.000000	0.000000	0.000000	0.000000
54	tsk_54	(x)	1	:	0.000000	0.000000	0.000000	0.000000	0.643680	0.000000	0.000000	0.356320
55	tsk_55	(x)	1	:	0.000000	0.000000	1.000000	0.000000	0.000000	0.000000	0.000000	0.000000
56	tsk_56	(x)	1	:	0.504115	0.000000	0.000000	0.000000	0.000108	0.000000	0.000000	0.495777
57	tsk_57	(x)	1	:	0.004362	0.000000	0.471507	0.000000	0.524131	0.000000	0.000000	0.000000
58	tsk_58	(x)	1	:	0.000000	0.000000	0.000000	0.000000	0.000000	1.000000	0.000000	0.000000
59	tsk_59	(x)	1	:	0.000000	0.000000	0.000000	0.000000	0.643680	0.000000	0.000000	0.356320
60	tsk_60	(x)	1	:	0.000000	0.000000	0.000000	0.000000	0.999405	0.000000	0.000000	0.000595
61	tsk_61	(x)	1	:	0.007909	0.000000	0.000000	0.992091	0.000000	0.000000	0.000000	0.000000
62	tsk_62	(x)	1	:	0.661477	0.000000	0.000000	0.338523	0.000000	0.000000	0.000000	0.000000
63	tsk_63	(x)	1	:	0.530729	0.000000	0.000000	0.000000	0.469248	0.000000	0.000000	0.000023
64	tsk_64	(x)	1	:	0.011560	0.000000	0.000000	0.000000	0.000000	0.488502	0.499938	0.000000
65	tsk_65	(x)	1	:	0.509590	0.000000	0.000000	0.000000	0.000812	0.000000	0.000000	0.489598
66	tsk_66	(x)	1	:	1.000000	0.000000	0.000000	0.000000	0.000000	0.000000	0.000000	0.000000
67	tsk_67	(x)	1	:	0.661477	0.000000	0.000000	0.338523	0.000000	0.000000	0.000000	0.000000
68	tsk_68	(x)	1	:	0.410424	0.000000	0.589576	0.000000	0.000000	0.000000	0.000000	0.000000
69	tsk_69	(x)	1	:	0.661477	0.000000	0.000000	0.338523	0.000000	0.000000	0.000000	0.000000
70	tsk_70	(x)	1	:	0.192236	0.000000	0.000000	0.338504	0.469255	0.000000	0.000000	0.000004
71	tsk_71	(x)	1	:	0.000000	0.000000	0.000000	0.000000	0.000262	0.000000	0.501417	0.498321
72	tsk_72	(x)	1	:	0.058786	0.000000	0.000000	0.394698	0.000000	0.000000	0.496295	0.050221
73	tsk_73	(x)	1	:	0.231791	0.000000	0.000000	0.287991	0.008047	0.000000	0.000000	0.472171
74	tsk_74	(x)	1	:	0.143617	0.000000	0.000000	0.378632	0.014705	0.000000	0.000000	0.463045
75	tsk_75	(x)	1	:	0.143710	0.000000	0.000000	0.378566	0.014567	0.000000	0.000000	0.463156
76	tsk_76	(x)	1	:	0.000000	0.000000	0.000000	0.000000	0.000221	0.000000	0.501417	0.498362
77	tsk_77	(x)	1	:	0.192259	0.000000	0.000000	0.338485	0.469248	0.000000	0.000000	0.000008
78	tsk_78	(x)	1	:	0.004438	0.000000	0.000000	0.995562	0.000000	0.000000	0.000000	0.000000
79	tsk_79	(x)	1	:	0.161518	0.000000	0.000000	0.338484	0.000000	0.000000	0.499998	0.000000
80	tsk_80	(x)	1	:	0.000000	0.000000	1.000000	0.000000	0.000000	0.000000	0.000000	0.000000
81	tsk_81	(x)	1	:	0.000284	0.000000	0.440583	0.000000	0.000000	0.559133	0.000000	0.000000
82	tsk_82	(x)	1	:	0.029619	0.000000	0.482865	0.000000	0.000000	0.487516	0.000000	0.000000
83	tsk_83	(x)	1	:	0.058801	0.000000	0.000000	0.394684	0.000000	0.000000	0.496294	0.050221
84	tsk_84	(x)	1	:	0.031136	0.000000	0.482107	0.000000	0.000000	0.486757	0.000000	0.000000
85	tsk_85	(x)	1	:	0.031820	0.000000	0.481765	0.000000	0.000000	0.486415	0.000000	0.000000
86	tsk_86	(x)	1	:	0.029903	0.000000	0.482723	0.000000	0.000000	0.487374	0.000000	0.000000
87	tsk_87	(x)	1	:	0.000000	0.000000	0.000000	0.000000	0.000000	1.000000	0.000000	0.000000
88	tsk_88	(x)	1	:	0.067768	0.000000	0.000000	0.337627	0.000000	0.594605	0.000000	0.000000
89	tsk_89	(x)	1	:	0.171890	0.000000	0.000000	0.338398	0.000000	0.489711	0.000000	0.000000
90	tsk_90	(x)	1	:	0.132509	0.000000	0.000000	0.338442	0.529049	0.000000	0.000000	0.000000
91	tsk_91	(x)	1	:	0.000036	0.000000	0.000000	0.453777	0.546187	0.000000	0.000000	0.000000
92	tsk_92	(x)	1	:	0.000000	0.000000	0.000000	0.000000	0.000000	0.000000	1.000000	0.000000
93	tsk_93	(x)	1	:	0.000000	0.000000	0.000000	0.000000	0.734927	0.000000	0.000000	0.265073
94	tsk_94	(x)	1	:	0.171912	0.000000	0.000000	0.338385	0.000000	0.489703	0.000000	0.000000
95	tsk_95	(x)	1	:	0.003509	0.000000	0.000000	0.000000	0.523123	0.473368	0.000000	0.000000
96	tsk_96	(x)	1	:	0.171844	0.000000	0.000000	0.338427	0.000000	0.489729	0.000000	0.000000
97	tsk_97	(x)	1	:	0.092116	0.000000	0.000000	0.338400	0.569483	0.000000	0.000000	0.000000
98	tsk_98	(x)	1	:	0.132450	0.000000	0.000000	0.338491	0.529059	0.000000	0.000000	0.000000
99	tsk_99	(x)	1	:	0.000000	0.000000	0.000000	0.000000	0.000000	0.000000	1.000000	0.000000
100	tsk_100	(x)	1	:	0.132504	0.000000	0.000000	0.338446	0.529050	0.000000	0.000000	0.000000
101	tsk_101	(x)	1	:	0.192258	0.000000	0.000000	0.338486	0.469253	0.000000	0.000000	0.000004
102	tsk_102	(x)	1	:	0.132487	0.000000	0.000000	0.338460	0.529053	0.000000	0.000000	0.000000
103	tsk_103	(x)	1	:	0.065560	0.000000	0.000000	0.445361	0.000000	0.489079	0.000000	0.000000
104	tsk_104	(x)	1	:	0.025926	0.000000	0.484039	0.000000	0.000726	0.000000	0.000000	0.489309
105	tsk_105	(x)	1	:	0.000000	0.000000	0.000000	0.000000	0.000000	0.000000	0.000000	1.000000
106	tsk_106	(x)	1	:	0.000000	0.000000	0.000000	0.000000	0.411682	0.000000	0.000000	0.588318
107	tsk_107	(x)	1	:	0.069114	0.000000	0.484986	0.445900	0.000000	0.000000	0.000000	0.000000
108	tsk_108	(x)	1	:	0.000104	0.000000	0.000000	0.501471	0.000000	0.000000	0.498425	0.000000
109	tsk_109	(x)	1	:	0.000000	0.000000	0.000000	0.000000	0.411682	0.000000	0.000000	0.588318
110	tsk_110	(x)	1	:	0.009395	0.491695	0.000000	0.000000	0.000000	0.490378	0.008531	0.000000
111	tsk_111	(x)	1	:	0.500000	0.500000	0.000000	0.000000	0.000000	0.000000	0.000000	0.000000
112	tsk_112	(x)	1	:	0.510195	0.000000	0.000000	0.000000	0.000000	0.489805	0.000000	0.000000
113	tsk_113	(x)	1	:	0.000000	0.000000	0.000000	0.000000	0.000000	1.000000	0.000000	0.000000
114	tsk_114	(x)	1	:	0.661477	0.000000	0.000000	0.338523	0.000000	0.000000	0.000000	0.000000
115	tsk_115	(x)	1	:	0.161271	0.489771	0.000000	0.338486	0.000000	0.000000	0.010471	0.000000
116	tsk_116	(x)	1	:	0.011539	0.000000	0.000000	0.000000	0.000000	0.488522	0.499939	0.000000
117	tsk_117	(x)	1	:	0.510195	0.000000	0.000000	0.000000	0.000000	0.489805	0.000000	0.000000
118	tsk_118	(x)	1	:	0.000000	0.000000	0.000000	0.000000	0.000000	1.000000	0.000000	0.000000
119	tsk_119	(x)	1	:	0.031065	0.000000	0.482143	0.000000	0.000000	0.486792	0.000000	0.000000
120	tsk_120	(x)	1	:	0.015983	0.000000	0.484068	0.000000	0.000000	0.000000	0.499948	0.000000
121	tsk_121	(x)	1	:	0.003246	0.000000	0.472329	0.000000	0.524425	0.000000	0.000000	0.000000
122	tsk_122	(x)	1	:	0.031007	0.000000	0.482172	0.000000	0.000000	0.486822	0.000000	0.000000
123	tsk_123	(x)	1	:	0.022765	0.000000	0.000000	0.000000	0.000619	0.487579	0.000000	0.489037
124	tsk_124	(x)	1	:	0.015948	0.000000	0.484102	0.000000	0.000000	0.000000	0.499950	0.000000
125	tsk_125	(x)	1	:	0.025034	0.000000	0.484722	0.000000	0.000633	0.000000	0.000000	0.489610
126	tsk_126	(x)	1	:	0.016091	0.000000	0.483965	0.000000	0.000000	0.000000	0.499943	0.000000
127	tsk_127	(x)	1	:	0.000000	0.000000	1.000000	0.000000	0.000000	0.000000	0.000000	0.000000
128	tsk_128	(x)	1	:	0.000000	0.000000	0.000000	0.000000	0.000000	0.000000	1.000000	0.000000
129	tsk_129	(x)	1	:	0.000000	0.000000	1.000000	0.000000	0.000000	0.000000	0.000000	0.000000
130	tsk_130	(x)	1	:	0.031798	0.000000	0.481776	0.000000	0.000000	0.486425	0.000000	0.000000
131	tsk_131	(x)	1	:	0.032012	0.000000	0.481670	0.000000	0.000000	0.486319	0.000000	0.000000
132	tsk_132	(x)	1	:	0.031269	0.000000	0.482041	0.000000	0.000000	0.486690	0.000000	0.000000
133	tsk_133	(x)	1	:	0.000000	0.000000	0.000000	0.000000	0.000000	1.000000	0.000000	0.000000
134	tsk_134	(x)	1	:	0.000000	0.000000	0.000000	0.000000	0.000000	1.000000	0.000000	0.000000
135	tsk_135	(x)	1	:	0.031957	0.000000	0.481697	0.000000	0.000000	0.486346	0.000000	0.000000
136	tsk_136	(x)	1	:	0.000000	0.000000	0.000000	0.000000	0.000000	1.000000	0.000000	0.000000
137	tsk_137	(x)	1	:	0.514849	0.000000	0.485151	0.000000	0.000000	0.000000	0.000000	0.000000
138	tsk_138	(x)	1	:	0.032051	0.000000	0.481650	0.000000	0.000000	0.486299	0.000000	0.000000
139	tsk_139	(x)	1	:	0.000000	0.000000	0.000000	0.000000	0.000000	1.000000	0.000000	0.000000
140	tsk_140	(x)	1	:	0.171882	0.000000	0.000000	0.338404	0.000000	0.489715	0.000000	0.000000
141	tsk_141	(x)	1	:	0.020152	0.000000	0.484225	0.000000	0.000096	0.000000	0.000000	0.495527
142	tsk_142	(x)	1	:	0.232274	0.000000	0.000000	0.287779	0.006370	0.000000	0.000000	0.473576
143	tsk_143	(x)	1	:	0.000000	0.000000	0.000000	0.000000	0.000392	0.000000	0.501414	0.498194
144	tsk_144	(x)	1	:	0.143500	0.000000	0.000000	0.378699	0.015017	0.000000	0.000000	0.462785
145	tsk_145	(x)	1	:	0.017752	0.000000	0.000000	0.000000	0.000063	0.487125	0.000000	0.495059
146	tsk_146	(x)	1	:	0.000000	0.000000	0.000000	0.000000	0.000000	0.000000	1.000000	0.000000
147	tsk_147	(x)	1	:	0.045517	0.000000	0.485196	0.000000	0.469279	0.000000	0.000000	0.000008
148	tsk_148	(x)	1	:	0.176412	0.000000	0.485108	0.338480	0.000000	0.000000	0.000000	0.000000
149	tsk_149	(x)	1	:	0.017917	0.000000	0.000000	0.000000	0.000062	0.486997	0.000000	0.495024
