logL = -1907.310881 (converged)
AIC = 6794.621762
BIC = 11280.468351

count.K
13 30 12 3 40 17 14 21 

