logL = -2106.312713 (converged)
AIC = 7016.625425
BIC = 11237.536108

count.K
50 26 4 18 33 0 6 13 

