logL = -2108.826653 (converged)
AIC = 5947.653306
BIC = 8551.852835

count.K
23 11 57 53 6 

