0	tsk_0	(x)	1	:	0.000000	0.000000	0.496488	0.000000	0.000000	0.000000	0.000000	0.000000	0.000000	0.000000	0.503511	0.000000	0.000000	0.000000	0.000000
1	tsk_1	(x)	1	:	0.000000	0.000000	0.000000	0.501086	0.000000	0.000000	0.000000	0.000000	0.000000	0.000002	0.000000	0.498912	0.000000	0.000000	0.000000
2	tsk_2	(x)	1	:	0.000000	0.000000	0.000000	0.000000	0.000000	0.000000	0.000000	0.000000	0.254882	0.000004	0.000000	0.499272	0.000000	0.000000	0.245842
3	tsk_3	(x)	1	:	0.000000	0.000000	0.000000	0.000000	0.000000	0.000000	0.000000	0.000000	0.157477	0.000002	0.000000	0.499274	0.000000	0.000000	0.343247
4	tsk_4	(x)	1	:	0.000000	0.000000	0.496488	0.000000	0.000000	0.000000	0.000000	0.000000	0.000000	0.000000	0.503511	0.000000	0.000000	0.000000	0.000000
5	tsk_5	(x)	1	:	0.000000	0.000000	0.000000	0.000000	0.000000	0.000000	0.000000	0.000000	0.271517	0.500482	0.000000	0.000006	0.000000	0.000000	0.227995
6	tsk_6	(x)	1	:	0.000001	0.000000	0.000000	0.000000	0.000000	0.000000	0.000000	0.499787	0.000000	0.000002	0.000000	0.500210	0.000000	0.000000	0.000000
7	tsk_7	(x)	1	:	0.000000	0.000000	0.000000	0.003338	0.000000	0.000000	0.494742	0.000000	0.000000	0.501918	0.000000	0.000002	0.000000	0.000000	0.000000
8	tsk_8	(x)	1	:	0.000000	0.000000	0.000000	0.000000	0.000000	0.000000	0.000000	0.000000	0.654953	0.000000	0.000000	0.000000	0.000000	0.000000	0.345047
9	tsk_9	(x)	1	:	0.000000	0.000000	0.000000	0.000000	0.000000	0.000000	0.000000	0.000000	0.000000	0.511216	0.000000	0.488784	0.000000	0.000000	0.000000
10	tsk_10	(x)	1	:	0.000000	0.000000	0.000000	0.000000	0.000000	0.000000	0.000000	0.000000	0.377339	0.000000	0.000000	0.000000	0.000000	0.000000	0.622661
11	tsk_11	(x)	1	:	0.000000	0.000000	0.000000	0.000000	0.493128	0.000000	0.000000	0.000000	0.332900	0.000000	0.000000	0.007618	0.000000	0.000000	0.166354
12	tsk_12	(x)	1	:	0.000000	0.000000	0.000000	0.000000	0.000000	0.000000	0.000000	0.000000	0.430430	0.000000	0.000000	0.000000	0.000000	0.000000	0.569570
13	tsk_13	(x)	1	:	0.000000	0.000000	0.360356	0.000000	0.000000	0.000000	0.000000	0.000000	0.176958	0.000000	0.000000	0.000000	0.000000	0.164743	0.297943
14	tsk_14	(x)	1	:	0.000000	0.000000	0.366585	0.000000	0.465171	0.000000	0.000000	0.000000	0.000000	0.000000	0.000000	0.001450	0.000000	0.166794	0.000000
15	tsk_15	(x)	1	:	0.000000	0.000000	0.000000	0.000000	0.000000	0.000000	0.000000	0.000000	0.435298	0.000000	0.000000	0.000000	0.000000	0.000000	0.564702
16	tsk_16	(x)	1	:	0.000000	0.000000	0.000000	0.000000	0.000000	0.000000	0.000000	0.000000	0.445720	0.000000	0.000000	0.000000	0.000000	0.000000	0.554280
17	tsk_17	(x)	1	:	0.000000	0.000000	0.000000	0.000000	0.000000	0.000000	0.000000	0.000000	0.445300	0.000000	0.000000	0.000000	0.000000	0.000000	0.554699
18	tsk_18	(x)	1	:	0.000000	0.000000	0.000000	0.000000	0.493087	0.000000	0.000000	0.000000	0.300477	0.000000	0.000000	0.007663	0.000000	0.000000	0.198773
19	tsk_19	(x)	1	:	0.000000	0.321899	0.000000	0.000000	0.000000	0.000000	0.000000	0.000000	0.135855	0.000000	0.000000	0.000000	0.000000	0.000000	0.542246
20	tsk_20	(x)	1	:	0.000000	0.000000	0.000000	0.000000	0.000000	0.000000	0.000000	0.000000	0.168665	0.000000	0.496615	0.000000	0.000000	0.000000	0.334719
21	tsk_21	(x)	1	:	0.000000	0.000000	0.000000	0.000000	0.000000	0.000000	0.000000	0.499899	0.000000	0.000000	0.500101	0.000000	0.000000	0.000000	0.000000
22	tsk_22	(x)	1	:	0.000000	0.000000	0.000000	0.000000	0.000000	0.000000	0.000000	0.000000	0.126336	0.000000	0.496617	0.000000	0.000000	0.000000	0.377047
23	tsk_23	(x)	1	:	0.000000	0.000000	0.000000	0.000000	0.000000	0.000000	0.000000	0.000000	0.000000	0.000010	0.499973	0.500017	0.000000	0.000000	0.000000
24	tsk_24	(x)	1	:	0.000000	0.000000	0.000000	0.000000	0.000000	0.000000	0.000000	0.000000	0.000000	0.000000	1.000000	0.000000	0.000000	0.000000	0.000000
25	tsk_25	(x)	1	:	0.000000	0.000000	0.000000	0.501086	0.000000	0.000000	0.000000	0.000000	0.000000	0.000003	0.000000	0.498911	0.000000	0.000000	0.000000
26	tsk_26	(x)	1	:	0.000000	0.000000	0.000000	0.000000	0.492215	0.000000	0.000000	0.000000	0.316502	0.000000	0.000000	0.008628	0.000000	0.000000	0.182655
27	tsk_27	(x)	1	:	0.000002	0.000000	0.000000	0.019715	0.000000	0.000000	0.483636	0.496646	0.000000	0.000000	0.000000	0.000000	0.000000	0.000000	0.000000
28	tsk_28	(x)	1	:	0.000000	0.000000	0.000000	0.000000	0.000000	0.000000	0.000000	0.499788	0.000000	0.000002	0.000000	0.500210	0.000000	0.000000	0.000000
29	tsk_29	(x)	1	:	0.000000	0.000000	0.000000	0.000000	1.000000	0.000000	0.000000	0.000000	0.000000	0.000000	0.000000	0.000000	0.000000	0.000000	0.000000
30	tsk_30	(x)	1	:	0.000000	0.000000	0.000000	0.000000	0.000000	0.000000	0.000000	0.499899	0.000000	0.000000	0.500101	0.000000	0.000000	0.000000	0.000000
31	tsk_31	(x)	1	:	0.000000	0.000000	0.000000	0.500752	0.000000	0.000000	0.000000	0.000000	0.000000	0.000000	0.499248	0.000000	0.000000	0.000000	0.000000
32	tsk_32	(x)	1	:	0.000000	0.000000	0.000000	0.000000	0.000000	0.000000	0.000000	0.499899	0.000000	0.000000	0.500101	0.000000	0.000000	0.000000	0.000000
33	tsk_33	(x)	1	:	0.000000	0.000000	0.000000	0.000000	0.000000	0.000000	0.000000	0.000000	0.000000	0.000004	0.470914	0.442470	0.086611	0.000000	0.000000
34	tsk_34	(x)	1	:	0.000000	0.000000	0.000000	0.000000	0.000000	0.000000	0.000000	0.545944	0.000000	0.000000	0.000000	0.454056	0.000000	0.000000	0.000000
35	tsk_35	(x)	1	:	0.000000	0.000000	0.000000	0.000000	0.000000	0.000000	0.000000	0.000000	0.213289	0.000000	0.000000	0.350587	0.228233	0.000000	0.207891
36	tsk_36	(x)	1	:	0.000000	0.000000	0.000000	0.000000	0.000000	0.000000	0.000000	0.499899	0.000000	0.000000	0.500101	0.000000	0.000000	0.000000	0.000000
37	tsk_37	(x)	1	:	0.000000	0.000000	0.360998	0.000000	0.000000	0.000000	0.000000	0.000000	0.000000	0.000000	0.474048	0.000000	0.000000	0.164954	0.000000
38	tsk_38	(x)	1	:	0.000000	0.000000	0.000000	0.000000	0.000000	0.000000	0.000000	0.499899	0.000000	0.000000	0.500101	0.000000	0.000000	0.000000	0.000000
39	tsk_39	(x)	1	:	0.509577	0.000000	0.000000	0.490089	0.000000	0.000000	0.000000	0.000334	0.000000	0.000000	0.000000	0.000000	0.000000	0.000000	0.000000
40	tsk_40	(x)	1	:	0.000000	0.000000	0.000000	0.000000	1.000000	0.000000	0.000000	0.000000	0.000000	0.000000	0.000000	0.000000	0.000000	0.000000	0.000000
41	tsk_41	(x)	1	:	0.000000	0.000000	0.000000	0.000000	0.492117	0.000000	0.000000	0.000000	0.406652	0.000000	0.000000	0.008737	0.000000	0.000000	0.092494
42	tsk_42	(x)	1	:	0.000000	0.000000	0.000000	0.501086	0.000000	0.000000	0.000000	0.000000	0.000000	0.000003	0.000000	0.498911	0.000000	0.000000	0.000000
43	tsk_43	(x)	1	:	0.000000	0.000000	0.000000	0.000000	0.491875	0.000000	0.000000	0.000000	0.326477	0.000000	0.000000	0.009005	0.000000	0.000000	0.172643
44	tsk_44	(x)	1	:	0.000000	0.000000	0.000000	1.000000	0.000000	0.000000	0.000000	0.000000	0.000000	0.000000	0.000000	0.000000	0.000000	0.000000	0.000000
45	tsk_45	(x)	1	:	0.000000	0.000000	0.000000	0.000000	0.000000	0.000000	0.000000	0.000000	0.000000	0.000002	0.499972	0.500026	0.000000	0.000000	0.000000
46	tsk_46	(x)	1	:	0.000000	0.000000	0.000000	0.498584	0.491287	0.000000	0.000000	0.000000	0.000000	0.000000	0.000000	0.010129	0.000000	0.000000	0.000000
47	tsk_47	(x)	1	:	0.000000	0.000000	0.000000	0.003601	0.495470	0.000000	0.494309	0.000000	0.000000	0.000000	0.000000	0.006620	0.000000	0.000000	0.000000
48	tsk_48	(x)	1	:	0.000000	0.000000	0.495643	0.000000	0.000000	0.000000	0.000000	0.000000	0.215363	0.000000	0.000000	0.000000	0.000000	0.000000	0.288994
49	tsk_49	(x)	1	:	0.000000	0.000000	0.000000	0.498496	0.490743	0.000000	0.000000	0.000000	0.000000	0.000000	0.000000	0.010760	0.000000	0.000000	0.000000
50	tsk_50	(x)	1	:	0.000000	0.000000	0.000000	0.000000	0.000000	0.000000	0.000000	0.000000	0.491162	0.000000	0.000000	0.000000	0.000000	0.000000	0.508838
51	tsk_51	(x)	1	:	0.000000	0.000000	0.000000	0.000000	0.493980	0.000000	0.000000	0.000000	0.279734	0.000000	0.000000	0.006674	0.000000	0.000000	0.219612
52	tsk_52	(x)	1	:	0.000000	0.000000	0.000000	0.000000	0.000000	0.000000	0.000000	0.000000	0.182705	0.000000	0.496617	0.000000	0.000000	0.000000	0.320678
53	tsk_53	(x)	1	:	0.000000	0.000000	0.000000	0.000000	0.000000	0.000000	0.000000	0.000000	0.187278	0.000010	0.000000	0.499266	0.000000	0.000000	0.313446
54	tsk_54	(x)	1	:	0.000000	0.000000	0.000000	0.000000	0.000000	0.000000	0.000000	0.000000	0.653505	0.000000	0.000000	0.000000	0.000000	0.000000	0.346495
55	tsk_55	(x)	1	:	0.000000	0.000002	0.000000	0.016095	0.000000	0.000000	0.484126	0.000000	0.165138	0.000000	0.000000	0.000000	0.000000	0.000000	0.334640
56	tsk_56	(x)	1	:	0.000000	0.000000	0.000000	0.000000	0.000000	0.000000	0.000000	0.000000	0.235094	0.000003	0.000000	0.499272	0.000000	0.000000	0.265631
57	tsk_57	(x)	1	:	0.000000	0.000000	0.000000	0.014284	0.000000	0.000000	0.485760	0.000000	0.219334	0.000000	0.000000	0.000000	0.000000	0.000000	0.280623
58	tsk_58	(x)	1	:	0.000000	0.000000	0.495643	0.000000	0.000000	0.000000	0.000000	0.000000	0.298059	0.000000	0.000000	0.000000	0.000000	0.000000	0.206297
59	tsk_59	(x)	1	:	0.000000	0.000000	0.000000	0.000000	0.000000	0.479111	0.000000	0.000000	0.260448	0.000000	0.000000	0.021609	0.000000	0.000000	0.238831
60	tsk_60	(x)	1	:	0.000000	0.000000	0.000000	0.000000	0.000000	0.000000	0.000000	0.000000	0.000000	0.000000	1.000000	0.000000	0.000000	0.000000	0.000000
61	tsk_61	(x)	1	:	0.000000	0.485617	0.000000	0.000000	0.000000	0.000000	0.000000	0.000000	0.002030	0.000000	0.507944	0.000000	0.000000	0.000000	0.004410
62	tsk_62	(x)	1	:	0.000000	0.000000	0.000000	0.000000	0.000000	0.000000	0.000000	0.000000	0.000000	0.000002	0.458688	0.419069	0.000000	0.122241	0.000000
63	tsk_63	(x)	1	:	0.000000	0.000000	0.000000	0.000000	0.000000	0.000000	0.000000	0.302051	0.000000	0.000002	0.000000	0.418348	0.000000	0.279599	0.000000
64	tsk_64	(x)	1	:	0.000000	0.000000	0.000000	0.000000	0.000000	0.000000	0.000000	0.380239	0.000000	0.000001	0.000000	0.454032	0.000000	0.165727	0.000000
65	tsk_65	(x)	1	:	0.000000	0.492907	0.000000	0.000000	0.000000	0.000000	0.000000	0.502740	0.003127	0.000000	0.000000	0.000000	0.000000	0.000000	0.001226
66	tsk_66	(x)	1	:	0.000003	0.000000	0.000000	0.000000	0.000000	0.000000	0.000000	0.499785	0.000000	0.000002	0.000000	0.500210	0.000000	0.000000	0.000000
67	tsk_67	(x)	1	:	0.000000	0.000000	0.000000	0.000000	0.000000	0.000000	0.000000	0.000000	0.000000	0.000000	1.000000	0.000000	0.000000	0.000000	0.000000
68	tsk_68	(x)	1	:	0.000000	0.000000	0.000000	0.000000	0.000000	0.000000	0.000000	0.000000	0.000000	0.000000	1.000000	0.000000	0.000000	0.000000	0.000000
69	tsk_69	(x)	1	:	0.000000	0.000000	0.000000	0.000000	0.000000	0.000000	0.000000	0.000000	0.156806	0.000000	0.496616	0.000000	0.000000	0.000000	0.346578
70	tsk_70	(x)	1	:	0.000000	0.000000	0.000000	0.000000	0.000000	0.000000	0.000000	0.000000	0.000000	0.000002	0.499972	0.500026	0.000000	0.000000	0.000000
71	tsk_71	(x)	1	:	0.000000	0.494550	0.000000	0.000000	0.000000	0.000000	0.000000	0.000000	0.001476	0.000020	0.000000	0.502711	0.000000	0.000000	0.001244
72	tsk_72	(x)	1	:	0.000000	0.000000	0.000000	0.000000	0.506509	0.000000	0.000000	0.000000	0.000000	0.000001	0.000000	0.493490	0.000000	0.000000	0.000000
73	tsk_73	(x)	1	:	0.000000	0.000000	0.000000	0.000000	0.506509	0.000000	0.000000	0.000000	0.000000	0.000001	0.000000	0.493489	0.000000	0.000000	0.000000
74	tsk_74	(x)	1	:	0.000001	0.000000	0.000000	0.000000	0.000000	0.000000	0.000000	0.499788	0.000000	0.000002	0.000000	0.500210	0.000000	0.000000	0.000000
75	tsk_75	(x)	1	:	0.000000	0.000000	0.000000	0.000000	0.491402	0.000000	0.000000	0.496812	0.000000	0.000000	0.000000	0.011786	0.000000	0.000000	0.000000
76	tsk_76	(x)	1	:	0.000000	0.000000	0.000000	0.000000	0.000000	0.000000	0.000000	0.000000	0.000000	0.000000	0.000000	1.000000	0.000000	0.000000	0.000000
77	tsk_77	(x)	1	:	0.000000	0.000000	0.000000	0.000000	0.000000	0.000000	0.000000	0.000000	0.000000	0.000001	0.499972	0.500027	0.000000	0.000000	0.000000
78	tsk_78	(x)	1	:	0.000000	0.000000	0.000000	0.000000	0.000000	0.000000	0.000000	0.000000	0.000000	0.000004	0.499972	0.500024	0.000000	0.000000	0.000000
79	tsk_79	(x)	1	:	0.000000	0.000000	0.000000	0.000000	0.000000	0.000000	0.000000	0.499788	0.000000	0.000002	0.000000	0.500210	0.000000	0.000000	0.000000
80	tsk_80	(x)	1	:	0.507299	0.490971	0.000000	0.000000	0.000000	0.000000	0.000000	0.000063	0.001305	0.000000	0.000000	0.000000	0.000000	0.000000	0.000361
81	tsk_81	(x)	1	:	0.000000	0.000000	0.487270	0.030063	0.000000	0.000000	0.482667	0.000000	0.000000	0.000000	0.000000	0.000000	0.000000	0.000000	0.000000
82	tsk_82	(x)	1	:	0.000001	0.000000	0.000000	0.000000	0.000000	0.000000	0.000000	0.499052	0.278301	0.000000	0.000000	0.000000	0.000000	0.000000	0.222646
83	tsk_83	(x)	1	:	0.000000	0.494193	0.000000	0.503423	0.000000	0.000000	0.000000	0.000000	0.001887	0.000000	0.000000	0.000000	0.000000	0.000000	0.000497
84	tsk_84	(x)	1	:	0.000000	0.000000	1.000000	0.000000	0.000000	0.000000	0.000000	0.000000	0.000000	0.000000	0.000000	0.000000	0.000000	0.000000	0.000000
85	tsk_85	(x)	1	:	0.000000	0.000000	1.000000	0.000000	0.000000	0.000000	0.000000	0.000000	0.000000	0.000000	0.000000	0.000000	0.000000	0.000000	0.000000
86	tsk_86	(x)	1	:	0.999113	0.000000	0.000000	0.000000	0.000000	0.000000	0.000000	0.000887	0.000000	0.000000	0.000000	0.000000	0.000000	0.000000	0.000000
87	tsk_87	(x)	1	:	0.000000	0.492893	0.000000	0.000000	0.000000	0.000000	0.000000	0.502738	0.003624	0.000000	0.000000	0.000000	0.000000	0.000000	0.000744
88	tsk_88	(x)	1	:	0.000000	0.000000	0.487126	0.030653	0.000000	0.000000	0.482221	0.000000	0.000000	0.000000	0.000000	0.000000	0.000000	0.000000	0.000000
89	tsk_89	(x)	1	:	0.000000	0.000000	0.000000	0.000000	0.000000	0.000000	1.000000	0.000000	0.000000	0.000000	0.000000	0.000000	0.000000	0.000000	0.000000
90	tsk_90	(x)	1	:	0.000000	0.000000	0.379843	0.004485	0.000000	0.000000	0.461469	0.000000	0.000000	0.000000	0.000000	0.000000	0.000000	0.154204	0.000000
91	tsk_91	(x)	1	:	0.000000	0.494792	0.000000	0.000000	0.497832	0.000000	0.000000	0.000000	0.000813	0.000000	0.000000	0.005888	0.000000	0.000000	0.000675
92	tsk_92	(x)	1	:	0.000001	0.000000	0.000000	0.000000	0.491333	0.000000	0.000000	0.496798	0.000000	0.000000	0.000000	0.011867	0.000000	0.000000	0.000000
93	tsk_93	(x)	1	:	0.000000	0.000000	0.496488	0.000000	0.000000	0.000000	0.000000	0.000000	0.000000	0.000000	0.503511	0.000000	0.000000	0.000000	0.000000
94	tsk_94	(x)	1	:	0.000000	0.000000	0.496488	0.000000	0.000000	0.000000	0.000000	0.000000	0.000000	0.000000	0.503511	0.000000	0.000000	0.000000	0.000000
95	tsk_95	(x)	1	:	0.000000	0.000000	0.464410	0.000000	0.000000	0.535590	0.000000	0.000000	0.000000	0.000000	0.000000	0.000000	0.000000	0.000000	0.000000
96	tsk_96	(x)	1	:	0.000000	0.000000	0.488400	0.511600	0.000000	0.000000	0.000000	0.000000	0.000000	0.000000	0.000000	0.000000	0.000000	0.000000	0.000000
97	tsk_97	(x)	1	:	0.000000	0.000000	0.000000	0.000661	0.000000	0.480882	0.497025	0.000000	0.000000	0.000005	0.000000	0.021427	0.000000	0.000000	0.000000
98	tsk_98	(x)	1	:	0.000000	0.000000	0.000000	0.000000	0.491013	0.478108	0.000000	0.000000	0.000000	0.000000	0.000000	0.030879	0.000000	0.000000	0.000000
99	tsk_99	(x)	1	:	0.000000	0.000000	0.492088	0.000000	0.495077	0.000000	0.000000	0.000000	0.000000	0.000000	0.000000	0.012835	0.000000	0.000000	0.000000
100	tsk_100	(x)	1	:	0.000001	0.000000	0.000000	0.000000	0.000000	0.000000	0.000000	0.929916	0.000000	0.000000	0.000000	0.000000	0.070083	0.000000	0.000000
101	tsk_101	(x)	1	:	0.000001	0.524952	0.000000	0.000000	0.000000	0.000000	0.000000	0.475047	0.000000	0.000000	0.000000	0.000000	0.000000	0.000000	0.000000
102	tsk_102	(x)	1	:	0.000000	0.000000	0.000000	0.000000	0.000000	0.000000	0.000000	0.000000	0.514276	0.000000	0.000000	0.000000	0.000000	0.000000	0.485724
103	tsk_103	(x)	1	:	0.000000	0.000000	0.000000	0.002868	0.000000	0.000000	0.495153	0.000000	0.000000	0.501976	0.000000	0.000003	0.000000	0.000000	0.000000
104	tsk_104	(x)	1	:	0.000000	0.000000	0.000000	0.000000	0.000000	0.000000	0.000000	0.000000	0.297640	0.000000	0.000000	0.000000	0.000000	0.000000	0.702360
105	tsk_105	(x)	1	:	0.000000	0.000000	0.000000	0.000000	0.000000	0.000000	0.523150	0.000000	0.137691	0.000000	0.000000	0.000000	0.000000	0.000000	0.339159
106	tsk_106	(x)	1	:	0.000000	0.461954	0.000000	0.000000	0.000000	0.000000	0.000000	0.000000	0.275178	0.000000	0.000000	0.000000	0.000000	0.000000	0.262867
107	tsk_107	(x)	1	:	0.000001	0.000001	0.000000	0.000000	0.000000	0.000000	0.000000	0.432797	0.318006	0.000000	0.000000	0.000000	0.088783	0.000000	0.160412
108	tsk_108	(x)	1	:	0.000000	0.000000	0.000000	0.016555	0.000000	0.000000	0.483710	0.000000	0.271829	0.000000	0.000000	0.000000	0.000000	0.000000	0.227905
109	tsk_109	(x)	1	:	0.000001	0.000000	0.000000	0.016096	0.000000	0.000000	0.486362	0.497541	0.000000	0.000000	0.000000	0.000000	0.000000	0.000000	0.000000
110	tsk_110	(x)	1	:	0.000000	0.000000	0.000000	0.000000	0.000000	0.413535	0.000000	0.000000	0.313021	0.000000	0.000000	0.000000	0.153702	0.000000	0.119741
111	tsk_111	(x)	1	:	0.000000	0.000000	0.000000	0.000000	0.000000	0.485627	0.000000	0.000000	0.000000	0.000006	0.000000	0.514367	0.000000	0.000000	0.000000
112	tsk_112	(x)	1	:	0.000000	0.000000	0.000000	0.000000	0.000000	0.479122	0.000000	0.000000	0.102807	0.000000	0.000000	0.021596	0.000000	0.000000	0.396474
113	tsk_113	(x)	1	:	0.000000	0.000000	0.000000	0.000000	0.000000	0.000000	0.000000	0.499788	0.000000	0.000000	0.000000	0.500211	0.000000	0.000000	0.000000
114	tsk_114	(x)	1	:	0.000000	0.000000	0.000000	0.000000	0.506509	0.000000	0.000000	0.000000	0.000000	0.000001	0.000000	0.493490	0.000000	0.000000	0.000000
115	tsk_115	(x)	1	:	0.000000	0.000000	0.000000	0.000000	0.000000	0.479033	0.000000	0.497120	0.000000	0.000000	0.000000	0.023847	0.000000	0.000000	0.000000
116	tsk_116	(x)	1	:	0.000000	0.000000	0.000000	0.000000	0.000000	0.000000	0.000000	0.000000	0.218888	0.000003	0.000000	0.418483	0.000000	0.122032	0.240594
117	tsk_117	(x)	1	:	0.000000	0.000000	0.000000	0.000000	0.000000	0.000000	0.000000	0.499788	0.000000	0.000001	0.000000	0.500211	0.000000	0.000000	0.000000
118	tsk_118	(x)	1	:	0.000000	0.000000	0.000000	0.000000	0.000000	0.000000	0.000000	0.499899	0.000000	0.000000	0.500101	0.000000	0.000000	0.000000	0.000000
119	tsk_119	(x)	1	:	0.000000	0.000000	0.000000	0.011135	0.000000	0.000000	0.489420	0.000000	0.000000	0.000050	0.000000	0.499395	0.000000	0.000000	0.000000
120	tsk_120	(x)	1	:	0.000000	0.000000	0.000000	0.000000	0.000000	0.000000	0.000000	0.000000	0.671111	0.000000	0.000000	0.000000	0.000000	0.000000	0.328889
121	tsk_121	(x)	1	:	0.000000	0.000000	0.554547	0.000856	0.000000	0.000000	0.444597	0.000000	0.000000	0.000000	0.000000	0.000000	0.000000	0.000000	0.000000
122	tsk_122	(x)	1	:	0.000000	0.000000	0.527358	0.000000	0.000000	0.000000	0.000000	0.000000	0.166452	0.000000	0.000000	0.000000	0.000000	0.000000	0.306190
123	tsk_123	(x)	1	:	0.000000	0.000000	0.000000	0.000000	0.000000	0.000000	0.000000	0.000000	0.444170	0.000000	0.000000	0.000000	0.000000	0.000000	0.555830
124	tsk_124	(x)	1	:	0.000000	0.000000	0.000000	0.016240	0.000000	0.000000	0.483995	0.000000	0.213946	0.000000	0.000000	0.000000	0.000000	0.000000	0.285819
125	tsk_125	(x)	1	:	0.000000	0.000000	0.441795	0.000000	0.000000	0.000000	0.000000	0.000000	0.000000	0.000004	0.000000	0.470055	0.088146	0.000000	0.000000
126	tsk_126	(x)	1	:	0.000000	0.000000	0.000000	0.000000	0.000000	0.000000	0.000000	0.000000	0.423552	0.000000	0.000000	0.000000	0.000000	0.000000	0.576447
127	tsk_127	(x)	1	:	0.000004	0.000000	0.596101	0.000000	0.000000	0.000000	0.000000	0.403895	0.000000	0.000000	0.000000	0.000000	0.000000	0.000000	0.000000
128	tsk_128	(x)	1	:	0.000000	0.000027	0.000000	0.000000	0.000000	0.000000	0.000000	0.000000	0.445189	0.000000	0.000000	0.000000	0.000000	0.000000	0.554783
129	tsk_129	(x)	1	:	0.000001	0.000000	0.000000	0.000000	0.000000	0.000000	0.000000	0.434977	0.326564	0.000000	0.000000	0.000000	0.085808	0.000000	0.152649
130	tsk_130	(x)	1	:	0.000000	0.000000	0.000000	0.000000	0.000000	0.000000	0.000000	0.000000	0.000000	0.000000	1.000000	0.000000	0.000000	0.000000	0.000000
131	tsk_131	(x)	1	:	0.000000	0.000000	0.000000	0.000000	0.492927	0.000000	0.000000	0.000000	0.000000	0.000000	0.498483	0.008590	0.000000	0.000000	0.000000
132	tsk_132	(x)	1	:	0.491373	0.000000	0.000000	0.000000	0.000000	0.000000	0.000000	0.004393	0.343132	0.000000	0.000000	0.000000	0.000000	0.000000	0.161101
133	tsk_133	(x)	1	:	0.000000	0.000000	0.000000	0.502524	0.000000	0.000000	0.000000	0.497476	0.000000	0.000000	0.000000	0.000000	0.000000	0.000000	0.000000
134	tsk_134	(x)	1	:	0.000000	0.000000	0.000000	0.000000	0.492161	0.000000	0.000000	0.496958	0.000000	0.000000	0.000000	0.010880	0.000000	0.000000	0.000000
135	tsk_135	(x)	1	:	0.000000	0.000000	0.000000	0.498585	0.491298	0.000000	0.000000	0.000000	0.000000	0.000000	0.000000	0.010116	0.000000	0.000000	0.000000
136	tsk_136	(x)	1	:	0.000000	0.000000	0.000000	0.000000	1.000000	0.000000	0.000000	0.000000	0.000000	0.000000	0.000000	0.000000	0.000000	0.000000	0.000000
137	tsk_137	(x)	1	:	0.000000	0.000000	0.000000	0.513840	0.000000	0.000000	0.486160	0.000000	0.000000	0.000000	0.000000	0.000000	0.000000	0.000000	0.000000
138	tsk_138	(x)	1	:	0.000000	0.000000	0.000000	0.000000	0.000000	0.000000	0.000000	0.499899	0.000000	0.000000	0.500101	0.000000	0.000000	0.000000	0.000000
139	tsk_139	(x)	1	:	0.000000	0.000000	0.000000	0.000000	1.000000	0.000000	0.000000	0.000000	0.000000	0.000000	0.000000	0.000000	0.000000	0.000000	0.000000
140	tsk_140	(x)	1	:	0.000000	0.000000	0.000000	0.000000	0.000000	0.000000	0.000000	0.499788	0.000000	0.000001	0.000000	0.500210	0.000000	0.000000	0.000000
141	tsk_141	(x)	1	:	0.000000	0.000000	0.000000	0.501086	0.000000	0.000000	0.000000	0.000000	0.000000	0.000000	0.000000	0.498914	0.000000	0.000000	0.000000
142	tsk_142	(x)	1	:	0.000000	0.000000	0.000000	0.501086	0.000000	0.000000	0.000000	0.000000	0.000000	0.000003	0.000000	0.498910	0.000000	0.000000	0.000000
143	tsk_143	(x)	1	:	0.000000	0.000000	0.000000	0.501086	0.000000	0.000000	0.000000	0.000000	0.000000	0.000006	0.000000	0.498908	0.000000	0.000000	0.000000
144	tsk_144	(x)	1	:	0.000000	0.000000	0.000000	0.500752	0.000000	0.000000	0.000000	0.000000	0.000000	0.000000	0.499248	0.000000	0.000000	0.000000	0.000000
145	tsk_145	(x)	1	:	0.000000	0.000000	0.000000	0.000000	0.464546	0.000000	0.000000	0.384683	0.000000	0.000000	0.000000	0.002672	0.000000	0.148099	0.000000
146	tsk_146	(x)	1	:	0.000000	0.000000	0.000000	0.500752	0.000000	0.000000	0.000000	0.000000	0.000000	0.000000	0.499248	0.000000	0.000000	0.000000	0.000000
147	tsk_147	(x)	1	:	0.000000	0.000000	0.488400	0.511600	0.000000	0.000000	0.000000	0.000000	0.000000	0.000000	0.000000	0.000000	0.000000	0.000000	0.000000
148	tsk_148	(x)	1	:	0.000000	0.000000	0.000000	0.498601	0.491397	0.000000	0.000000	0.000000	0.000000	0.000000	0.000000	0.010002	0.000000	0.000000	0.000000
149	tsk_149	(x)	1	:	0.000000	0.000000	0.000000	1.000000	0.000000	0.000000	0.000000	0.000000	0.000000	0.000000	0.000000	0.000000	0.000000	0.000000	0.000000
