logL = -1143.792184 (converged)
AIC = 4279.584367
BIC = 7278.177120

count.K
49 21 20 15 18 27 

