0	tsk_0	(x)	1	:	0.000000	0.000000	0.000000	0.000000	0.000000	0.000000	0.000000	0.000000	0.000000	0.000000	0.000000	1.000000	0.000000	0.000000
1	tsk_1	(x)	1	:	0.000000	0.000000	0.000000	0.000000	0.000000	0.000000	0.000000	0.418698	0.000000	0.000000	0.000000	0.000000	0.581302	0.000000
2	tsk_2	(x)	1	:	0.000000	0.009287	0.000000	0.005085	0.000000	0.005584	0.000000	0.317387	0.000000	0.000527	0.000000	0.479520	0.182609	0.000000
3	tsk_3	(x)	1	:	0.000000	0.374591	0.000000	0.020210	0.000000	0.105970	0.000000	0.000000	0.000000	0.019707	0.000000	0.479523	0.000000	0.000000
4	tsk_4	(x)	1	:	0.000000	0.153468	0.000000	0.086127	0.000000	0.161740	0.000000	0.165968	0.000000	0.098665	0.000000	0.000000	0.334032	0.000000
5	tsk_5	(x)	1	:	0.000000	0.012039	0.000000	0.003328	0.000000	0.003714	0.131629	0.066143	0.000000	0.001402	0.000000	0.479520	0.302224	0.000000
6	tsk_6	(x)	1	:	0.000000	0.012519	0.000000	0.002008	0.000000	0.004169	0.131629	0.058081	0.000000	0.001788	0.000000	0.479520	0.310285	0.000000
7	tsk_7	(x)	1	:	0.000000	0.000000	0.000000	0.000000	0.000000	0.000000	0.000000	0.344184	0.000000	0.000000	0.000000	0.000000	0.655816	0.000000
8	tsk_8	(x)	1	:	0.000000	0.000000	0.000000	0.000000	0.000000	0.000000	0.131629	0.156260	0.000000	0.000000	0.000000	0.000000	0.712111	0.000000
9	tsk_9	(x)	1	:	0.000000	0.197616	0.000000	0.102308	0.000000	0.209900	0.000000	0.000000	0.000000	0.010654	0.000000	0.479523	0.000000	0.000000
10	tsk_10	(x)	1	:	0.498201	0.000000	0.000000	0.000000	0.000000	0.000000	0.000000	0.112474	0.000000	0.000000	0.000000	0.000000	0.389325	0.000000
11	tsk_11	(x)	1	:	0.000000	0.006601	0.000000	0.000155	0.000000	0.000459	0.513230	0.000000	0.000000	0.000120	0.000000	0.479436	0.000000	0.000000
12	tsk_12	(x)	1	:	0.000000	0.200449	0.000000	0.377714	0.000000	0.351918	0.000000	0.000000	0.000000	0.069918	0.000000	0.000000	0.000000	0.000000
13	tsk_13	(x)	1	:	0.000000	0.369415	0.000000	0.024681	0.000000	0.097141	0.000000	0.000000	0.000000	0.029241	0.000000	0.479523	0.000000	0.000000
14	tsk_14	(x)	1	:	0.000000	0.571079	0.000000	0.220454	0.000000	0.087367	0.000000	0.000000	0.000000	0.121100	0.000000	0.000000	0.000000	0.000000
15	tsk_15	(x)	1	:	0.498201	0.000000	0.000000	0.000000	0.000000	0.000000	0.000000	0.206548	0.000000	0.000000	0.000000	0.000000	0.295251	0.000000
16	tsk_16	(x)	1	:	0.498401	0.000000	0.041105	0.000000	0.460494	0.000000	0.000000	0.000000	0.000000	0.000000	0.000000	0.000000	0.000000	0.000000
17	tsk_17	(x)	1	:	0.000000	0.000000	0.000000	0.000000	0.000000	0.000000	0.000000	0.179677	0.000000	0.000000	0.000000	0.000000	0.316927	0.503396
18	tsk_18	(x)	1	:	0.000000	0.000000	0.500000	0.000000	0.000000	0.000000	0.000000	0.269306	0.000000	0.000000	0.000000	0.000000	0.230694	0.000000
19	tsk_19	(x)	1	:	0.000000	0.023635	0.000000	0.145026	0.000000	0.120590	0.000000	0.000000	0.000000	0.178005	0.000000	0.000000	0.000000	0.532743
20	tsk_20	(x)	1	:	0.000000	0.268153	0.000000	0.302483	0.000000	0.294036	0.000000	0.000000	0.000000	0.135328	0.000000	0.000000	0.000000	0.000000
21	tsk_21	(x)	1	:	0.000000	0.000000	0.000000	0.000000	0.000000	0.000000	0.000000	0.035335	0.495858	0.000000	0.000000	0.000000	0.468807	0.000000
22	tsk_22	(x)	1	:	0.000000	0.066939	0.000000	0.185524	0.000000	0.104833	0.000000	0.178276	0.000000	0.142704	0.000000	0.000000	0.321724	0.000000
23	tsk_23	(x)	1	:	0.000000	0.078239	0.000000	0.206195	0.000000	0.143644	0.000000	0.001837	0.495305	0.071369	0.000000	0.000000	0.003411	0.000000
24	tsk_24	(x)	1	:	0.000000	0.361586	0.000000	0.109514	0.000000	0.449079	0.000000	0.000000	0.000000	0.079821	0.000000	0.000000	0.000000	0.000000
25	tsk_25	(x)	1	:	0.000000	0.091337	0.039038	0.261563	0.460497	0.091513	0.000000	0.000206	0.000000	0.055357	0.000000	0.000000	0.000488	0.000000
26	tsk_26	(x)	1	:	0.000000	0.323719	0.000000	0.449981	0.000000	0.154488	0.000000	0.000000	0.000000	0.071812	0.000000	0.000000	0.000000	0.000000
27	tsk_27	(x)	1	:	0.000000	0.110138	0.000000	0.000000	0.000000	0.208272	0.000000	0.252366	0.000000	0.181590	0.000000	0.000000	0.247634	0.000000
28	tsk_28	(x)	1	:	0.000000	0.066341	0.000000	0.147010	0.000000	0.205950	0.000000	0.251382	0.000000	0.080699	0.000000	0.000000	0.248618	0.000000
29	tsk_29	(x)	1	:	0.000000	0.182483	0.000000	0.207846	0.000000	0.000000	0.000000	0.002134	0.495346	0.109159	0.000000	0.000000	0.003032	0.000000
30	tsk_30	(x)	1	:	0.000000	0.082895	0.038954	0.226410	0.460499	0.129557	0.000000	0.000000	0.000000	0.060868	0.000000	0.000000	0.000816	0.000000
31	tsk_31	(x)	1	:	0.492286	0.000000	0.000000	0.000000	0.000000	0.000000	0.507714	0.000000	0.000000	0.000000	0.000000	0.000000	0.000000	0.000000
32	tsk_32	(x)	1	:	0.000000	0.287774	0.000000	0.332183	0.000000	0.177081	0.000000	0.000000	0.000000	0.202963	0.000000	0.000000	0.000000	0.000000
33	tsk_33	(x)	1	:	0.437993	0.000000	0.000000	0.000000	0.000000	0.000000	0.000000	0.000000	0.000000	0.000000	0.000000	0.000000	0.000000	0.562007
34	tsk_34	(x)	1	:	0.000000	0.000000	0.000000	0.000000	1.000000	0.000000	0.000000	0.000000	0.000000	0.000000	0.000000	0.000000	0.000000	0.000000
35	tsk_35	(x)	1	:	0.000000	0.053823	0.038876	0.159931	0.460502	0.197515	0.000000	0.000344	0.000000	0.088425	0.000000	0.000000	0.000584	0.000000
36	tsk_36	(x)	1	:	0.000000	0.000000	0.000000	0.000000	1.000000	0.000000	0.000000	0.000000	0.000000	0.000000	0.000000	0.000000	0.000000	0.000000
37	tsk_37	(x)	1	:	0.000000	0.000000	0.000000	0.000000	0.000000	0.000000	0.000000	0.000029	0.496126	0.000000	0.000000	0.000000	0.000257	0.503588
38	tsk_38	(x)	1	:	0.000000	0.065092	0.038747	0.193957	0.460506	0.187803	0.000000	0.000916	0.000000	0.052781	0.000000	0.000000	0.000198	0.000000
39	tsk_39	(x)	1	:	1.000000	0.000000	0.000000	0.000000	0.000000	0.000000	0.000000	0.000000	0.000000	0.000000	0.000000	0.000000	0.000000	0.000000
40	tsk_40	(x)	1	:	0.000000	0.000000	0.497967	0.000000	0.000000	0.000000	0.000000	0.001877	0.494846	0.000000	0.000000	0.000000	0.005310	0.000000
41	tsk_41	(x)	1	:	0.000000	0.000000	1.000000	0.000000	0.000000	0.000000	0.000000	0.000000	0.000000	0.000000	0.000000	0.000000	0.000000	0.000000
42	tsk_42	(x)	1	:	0.000000	0.000000	0.500000	0.000000	0.000000	0.000000	0.000000	0.142893	0.000000	0.000000	0.000000	0.000000	0.357107	0.000000
43	tsk_43	(x)	1	:	0.000000	0.000000	0.000000	0.000000	0.000000	0.000000	0.000000	0.000000	1.000000	0.000000	0.000000	0.000000	0.000000	0.000000
44	tsk_44	(x)	1	:	0.000000	0.196212	0.000000	0.041058	0.000000	0.143757	0.513276	0.000000	0.000000	0.105696	0.000000	0.000000	0.000000	0.000000
45	tsk_45	(x)	1	:	0.000000	0.000000	1.000000	0.000000	0.000000	0.000000	0.000000	0.000000	0.000000	0.000000	0.000000	0.000000	0.000000	0.000000
46	tsk_46	(x)	1	:	0.000000	0.000000	0.500000	0.000000	0.000000	0.000000	0.000000	0.185798	0.000000	0.000000	0.000000	0.000000	0.314202	0.000000
47	tsk_47	(x)	1	:	0.000000	0.000000	0.483845	0.000000	0.000000	0.000000	0.516063	0.000027	0.000000	0.000000	0.000000	0.000000	0.000065	0.000000
48	tsk_48	(x)	1	:	0.498201	0.026998	0.000000	0.097123	0.000000	0.037609	0.000000	0.000000	0.000000	0.340069	0.000000	0.000000	0.000000	0.000000
49	tsk_49	(x)	1	:	0.000000	0.000000	0.497965	0.000000	0.000000	0.000000	0.000000	0.000826	0.494846	0.000000	0.000000	0.000000	0.006363	0.000000
50	tsk_50	(x)	1	:	0.000000	0.099645	0.000000	0.125054	0.000000	0.157158	0.000000	0.383407	0.000000	0.118144	0.000000	0.000000	0.116593	0.000000
51	tsk_51	(x)	1	:	0.498201	0.000000	0.000000	0.000000	0.000000	0.000000	0.000000	0.176861	0.000000	0.000000	0.000000	0.000000	0.324938	0.000000
52	tsk_52	(x)	1	:	0.528145	0.072425	0.000000	0.106069	0.000000	0.120138	0.000000	0.000000	0.000000	0.173224	0.000000	0.000000	0.000000	0.000000
53	tsk_53	(x)	1	:	0.498201	0.063472	0.000000	0.106009	0.000000	0.057558	0.000000	0.000000	0.000000	0.274760	0.000000	0.000000	0.000000	0.000000
54	tsk_54	(x)	1	:	0.000000	0.026573	0.000000	0.252732	0.000000	0.154986	0.131629	0.125369	0.000000	0.065709	0.000000	0.000000	0.243002	0.000000
55	tsk_55	(x)	1	:	0.000000	0.000009	0.000000	0.000034	0.000000	0.000041	0.000000	0.000000	0.000000	0.000027	0.999889	0.000000	0.000000	0.000000
56	tsk_56	(x)	1	:	0.000000	0.000000	0.000000	0.000000	0.000000	0.000000	0.000000	0.377041	0.000000	0.000000	0.000000	0.000000	0.622959	0.000000
57	tsk_57	(x)	1	:	0.000000	0.152626	0.000000	0.188618	0.000000	0.058198	0.000000	0.078636	0.000000	0.100558	0.000000	0.000000	0.421364	0.000000
58	tsk_58	(x)	1	:	0.000000	0.122961	0.000000	0.034256	0.000000	0.130026	0.000000	0.155283	0.000000	0.073782	0.000000	0.138975	0.344717	0.000000
59	tsk_59	(x)	1	:	0.000000	0.080703	0.000000	0.103394	0.000000	0.194402	0.000000	0.052830	0.000000	0.121501	0.000000	0.000000	0.447170	0.000000
60	tsk_60	(x)	1	:	0.498201	0.015823	0.000000	0.286274	0.000000	0.047174	0.000000	0.000000	0.000000	0.152528	0.000000	0.000000	0.000000	0.000000
61	tsk_61	(x)	1	:	0.000000	0.105198	0.000000	0.203612	0.000000	0.106342	0.000000	0.001200	0.495262	0.084253	0.000000	0.000000	0.004135	0.000000
62	tsk_62	(x)	1	:	0.498201	0.014929	0.000000	0.111905	0.000000	0.090166	0.000000	0.000000	0.000000	0.284799	0.000000	0.000000	0.000000	0.000000
63	tsk_63	(x)	1	:	0.000000	0.150486	0.000000	0.156087	0.000000	0.067216	0.000000	0.002469	0.495270	0.125623	0.000000	0.000000	0.002849	0.000000
64	tsk_64	(x)	1	:	0.000000	0.000000	0.040818	0.000000	0.460448	0.000000	0.000000	0.000375	0.496469	0.000000	0.000000	0.000000	0.001890	0.000000
65	tsk_65	(x)	1	:	0.498201	0.000000	0.000000	0.164983	0.000000	0.122475	0.000000	0.000000	0.000000	0.214341	0.000000	0.000000	0.000000	0.000000
66	tsk_66	(x)	1	:	0.498201	0.017140	0.000000	0.154569	0.000000	0.085119	0.000000	0.000000	0.000000	0.244971	0.000000	0.000000	0.000000	0.000000
67	tsk_67	(x)	1	:	1.000000	0.000000	0.000000	0.000000	0.000000	0.000000	0.000000	0.000000	0.000000	0.000000	0.000000	0.000000	0.000000	0.000000
68	tsk_68	(x)	1	:	0.528145	0.079338	0.000000	0.062741	0.000000	0.054793	0.000000	0.000000	0.000000	0.274983	0.000000	0.000000	0.000000	0.000000
69	tsk_69	(x)	1	:	0.549688	0.000000	0.000000	0.000000	0.000000	0.000000	0.000000	0.000000	0.000000	0.000000	0.000000	0.000000	0.000000	0.450311
70	tsk_70	(x)	1	:	0.000000	0.352156	0.000000	0.311202	0.000000	0.251076	0.000000	0.000000	0.000000	0.085565	0.000000	0.000000	0.000000	0.000000
71	tsk_71	(x)	1	:	0.000000	0.000000	0.000000	0.000000	1.000000	0.000000	0.000000	0.000000	0.000000	0.000000	0.000000	0.000000	0.000000	0.000000
72	tsk_72	(x)	1	:	0.000000	0.072644	0.038277	0.195666	0.460530	0.141137	0.000000	0.000876	0.000000	0.089974	0.000000	0.000000	0.000896	0.000000
73	tsk_73	(x)	1	:	0.000000	0.000000	0.000000	0.000000	0.597711	0.000000	0.000000	0.000000	0.402288	0.000000	0.000000	0.000000	0.000000	0.000000
74	tsk_74	(x)	1	:	0.000000	0.039429	0.039207	0.168023	0.460494	0.181304	0.000000	0.000203	0.000000	0.111095	0.000000	0.000000	0.000245	0.000000
75	tsk_75	(x)	1	:	0.000000	0.000000	0.000000	0.000000	0.551900	0.000000	0.000000	0.000000	0.448099	0.000000	0.000000	0.000000	0.000000	0.000000
76	tsk_76	(x)	1	:	0.000000	0.000000	0.039587	0.000000	0.460453	0.000000	0.000000	0.241927	0.000000	0.000000	0.000000	0.000000	0.258032	0.000000
77	tsk_77	(x)	1	:	0.000000	0.096080	0.000000	0.161531	0.000000	0.151620	0.000000	0.192267	0.000000	0.090770	0.000000	0.000000	0.307733	0.000000
78	tsk_78	(x)	1	:	0.000000	0.000000	0.000000	0.000000	1.000000	0.000000	0.000000	0.000000	0.000000	0.000000	0.000000	0.000000	0.000000	0.000000
79	tsk_79	(x)	1	:	0.000000	0.382898	0.000000	0.298430	0.000000	0.180936	0.000000	0.000000	0.000000	0.137736	0.000000	0.000000	0.000000	0.000000
80	tsk_80	(x)	1	:	0.000000	0.000000	0.000000	0.000000	1.000000	0.000000	0.000000	0.000000	0.000000	0.000000	0.000000	0.000000	0.000000	0.000000
81	tsk_81	(x)	1	:	0.000000	0.072643	0.000000	0.099993	0.000000	0.285982	0.131629	0.097098	0.000000	0.041381	0.000000	0.000000	0.271273	0.000000
82	tsk_82	(x)	1	:	0.000000	0.000000	0.000000	0.000000	0.000000	0.000000	1.000000	0.000000	0.000000	0.000000	0.000000	0.000000	0.000000	0.000000
83	tsk_83	(x)	1	:	0.000000	0.000000	0.000000	0.000000	1.000000	0.000000	0.000000	0.000000	0.000000	0.000000	0.000000	0.000000	0.000000	0.000000
84	tsk_84	(x)	1	:	0.000000	0.000000	0.023472	0.000000	0.460453	0.000000	0.516074	0.000000	0.000000	0.000000	0.000000	0.000000	0.000001	0.000000
85	tsk_85	(x)	1	:	0.000000	0.000000	0.000000	0.000000	0.000000	0.000000	1.000000	0.000000	0.000000	0.000000	0.000000	0.000000	0.000000	0.000000
86	tsk_86	(x)	1	:	0.000000	0.000000	0.000000	0.000000	0.000000	0.000000	0.000000	0.000000	1.000000	0.000000	0.000000	0.000000	0.000000	0.000000
87	tsk_87	(x)	1	:	0.000000	0.000000	0.039594	0.000000	0.460450	0.000000	0.131629	0.221153	0.000000	0.000000	0.000000	0.000000	0.147174	0.000000
88	tsk_88	(x)	1	:	0.000000	0.000000	0.000000	0.173652	0.000000	0.139486	0.131629	0.190791	0.000000	0.186863	0.000000	0.000000	0.177580	0.000000
89	tsk_89	(x)	1	:	0.000000	0.175711	0.000000	0.023604	0.000000	0.160307	0.513276	0.000000	0.000000	0.127103	0.000000	0.000000	0.000000	0.000000
90	tsk_90	(x)	1	:	0.499389	0.000000	0.000000	0.000000	0.000000	0.000000	0.000000	0.000000	0.500611	0.000000	0.000000	0.000000	0.000000	0.000000
91	tsk_91	(x)	1	:	0.000000	0.144696	0.000000	0.091924	0.000000	0.180984	0.513276	0.000000	0.000000	0.069119	0.000000	0.000000	0.000000	0.000000
92	tsk_92	(x)	1	:	1.000000	0.000000	0.000000	0.000000	0.000000	0.000000	0.000000	0.000000	0.000000	0.000000	0.000000	0.000000	0.000000	0.000000
93	tsk_93	(x)	1	:	0.000000	0.029384	0.000000	0.127493	0.000000	0.062684	0.000000	0.000000	0.000000	0.318025	0.000000	0.000000	0.000000	0.462414
94	tsk_94	(x)	1	:	0.000000	0.142102	0.000000	0.058769	0.000000	0.200335	0.401941	0.041580	0.000000	0.098798	0.000000	0.000000	0.056475	0.000000
95	tsk_95	(x)	1	:	0.000000	0.000000	0.000000	0.000000	0.000000	0.000000	1.000000	0.000000	0.000000	0.000000	0.000000	0.000000	0.000000	0.000000
96	tsk_96	(x)	1	:	0.498201	0.051977	0.000000	0.106180	0.000000	0.107528	0.000000	0.000000	0.000000	0.236114	0.000000	0.000000	0.000000	0.000000
97	tsk_97	(x)	1	:	0.000000	0.139341	0.000000	0.051388	0.000000	0.162809	0.513276	0.000000	0.000000	0.133186	0.000000	0.000000	0.000000	0.000000
98	tsk_98	(x)	1	:	0.000000	0.026523	0.000000	0.218200	0.000000	0.162929	0.000000	0.229915	0.000000	0.092348	0.000000	0.000000	0.270085	0.000000
99	tsk_99	(x)	1	:	0.000000	0.297428	0.000000	0.047268	0.000000	0.085103	0.513276	0.000000	0.000000	0.056925	0.000000	0.000000	0.000000	0.000000
100	tsk_100	(x)	1	:	0.000000	0.000000	0.000000	0.000000	0.000000	0.000000	0.000000	0.000000	1.000000	0.000000	0.000000	0.000000	0.000000	0.000000
101	tsk_101	(x)	1	:	0.000000	0.128217	0.000000	0.099297	0.000000	0.212784	0.000000	0.003479	0.495282	0.059126	0.000000	0.000000	0.001814	0.000000
102	tsk_102	(x)	1	:	0.000000	0.000000	0.000000	0.000000	0.000000	0.000000	0.131629	0.066235	0.495858	0.000000	0.000000	0.000000	0.306279	0.000000
103	tsk_103	(x)	1	:	0.000000	0.109309	0.000000	0.171588	0.000000	0.147563	0.000000	0.000990	0.495307	0.070990	0.000000	0.000000	0.004253	0.000000
104	tsk_104	(x)	1	:	0.499389	0.000000	0.000000	0.000000	0.000000	0.000000	0.000000	0.000000	0.500611	0.000000	0.000000	0.000000	0.000000	0.000000
105	tsk_105	(x)	1	:	0.000000	0.000000	0.497944	0.000000	0.000000	0.000000	0.000000	0.002064	0.494835	0.000000	0.000000	0.000000	0.005158	0.000000
106	tsk_106	(x)	1	:	0.000000	0.000000	0.000000	0.000000	0.000000	0.000000	0.131629	0.054136	0.495858	0.000000	0.000000	0.000000	0.318377	0.000000
107	tsk_107	(x)	1	:	0.498201	0.009546	0.000000	0.199394	0.000000	0.115223	0.000000	0.000000	0.000000	0.177637	0.000000	0.000000	0.000000	0.000000
108	tsk_108	(x)	1	:	0.498201	0.000000	0.000000	0.000000	0.000000	0.000000	0.000000	0.249218	0.000000	0.000000	0.000000	0.000000	0.252582	0.000000
109	tsk_109	(x)	1	:	0.498201	0.000000	0.000000	0.000000	0.000000	0.000000	0.000000	0.135163	0.000000	0.000000	0.000000	0.000000	0.366636	0.000000
110	tsk_110	(x)	1	:	0.548489	0.000000	0.000000	0.000000	0.000000	0.000000	0.000000	0.000000	0.000000	0.000000	0.000000	0.000000	0.000000	0.451511
111	tsk_111	(x)	1	:	0.000000	0.020675	0.000000	0.042421	0.000000	0.076266	0.000000	0.000000	0.000000	0.365293	0.000000	0.000000	0.000000	0.495346
112	tsk_112	(x)	1	:	1.000000	0.000000	0.000000	0.000000	0.000000	0.000000	0.000000	0.000000	0.000000	0.000000	0.000000	0.000000	0.000000	0.000000
113	tsk_113	(x)	1	:	0.000000	0.190812	0.000000	0.295805	0.000000	0.112621	0.000000	0.000000	0.000000	0.150763	0.000000	0.250000	0.000000	0.000000
114	tsk_114	(x)	1	:	1.000000	0.000000	0.000000	0.000000	0.000000	0.000000	0.000000	0.000000	0.000000	0.000000	0.000000	0.000000	0.000000	0.000000
115	tsk_115	(x)	1	:	0.000000	0.000000	0.500000	0.000000	0.000000	0.000000	0.000000	0.144042	0.000000	0.000000	0.000000	0.096093	0.259865	0.000000
116	tsk_116	(x)	1	:	0.000000	0.296315	0.000000	0.309824	0.000000	0.249694	0.000000	0.000000	0.000000	0.144168	0.000000	0.000000	0.000000	0.000000
117	tsk_117	(x)	1	:	0.498201	0.000000	0.000000	0.000000	0.000000	0.000000	0.000000	0.114883	0.000000	0.000000	0.000000	0.000000	0.386917	0.000000
118	tsk_118	(x)	1	:	0.000000	0.309955	0.000000	0.415253	0.000000	0.223735	0.000000	0.000000	0.000000	0.051056	0.000000	0.000000	0.000000	0.000000
119	tsk_119	(x)	1	:	0.000000	0.166860	0.000000	0.162577	0.000000	0.151180	0.000000	0.254446	0.000000	0.019383	0.000000	0.000000	0.245554	0.000000
120	tsk_120	(x)	1	:	0.000000	0.196242	0.000000	0.451211	0.000000	0.242843	0.000000	0.000000	0.000000	0.109704	0.000000	0.000000	0.000000	0.000000
121	tsk_121	(x)	1	:	0.000000	0.105794	0.000000	0.482893	0.000000	0.322982	0.000000	0.000000	0.000000	0.088332	0.000000	0.000000	0.000000	0.000000
122	tsk_122	(x)	1	:	0.000000	0.086885	0.000000	0.134466	0.000000	0.172585	0.000000	0.003231	0.495315	0.105521	0.000000	0.000000	0.001996	0.000000
123	tsk_123	(x)	1	:	0.000000	0.088371	0.000000	0.243169	0.000000	0.090547	0.000000	0.001816	0.495266	0.077321	0.000000	0.000000	0.003510	0.000000
124	tsk_124	(x)	1	:	0.000000	0.237793	0.000000	0.368884	0.000000	0.221993	0.000000	0.000000	0.000000	0.171329	0.000000	0.000000	0.000000	0.000000
125	tsk_125	(x)	1	:	0.000000	0.065061	0.000000	0.202536	0.000000	0.146172	0.000000	0.002237	0.495315	0.085688	0.000000	0.000000	0.002990	0.000000
126	tsk_126	(x)	1	:	0.000000	0.103378	0.000000	0.096565	0.000000	0.085808	0.513276	0.000000	0.000000	0.200972	0.000000	0.000000	0.000000	0.000000
127	tsk_127	(x)	1	:	0.000000	0.308685	0.000000	0.303570	0.000000	0.342519	0.000000	0.000000	0.000000	0.045227	0.000000	0.000000	0.000000	0.000000
128	tsk_128	(x)	1	:	0.000000	0.141940	0.000000	0.496096	0.000000	0.284655	0.000000	0.000000	0.000000	0.077310	0.000000	0.000000	0.000000	0.000000
129	tsk_129	(x)	1	:	0.000000	0.288997	0.000000	0.101912	0.000000	0.122053	0.000000	0.000000	0.000000	0.007515	0.000000	0.479523	0.000000	0.000000
130	tsk_130	(x)	1	:	0.000000	0.092840	0.496890	0.137409	0.000000	0.188847	0.000000	0.003723	0.000000	0.079355	0.000000	0.000000	0.000938	0.000000
131	tsk_131	(x)	1	:	0.000000	0.013583	0.000000	0.002936	0.000000	0.003418	0.000000	0.142070	0.000000	0.000547	0.000000	0.479520	0.357927	0.000000
132	tsk_132	(x)	1	:	0.000000	0.125494	0.000000	0.163811	0.000000	0.105226	0.000000	0.000000	0.554644	0.050825	0.000000	0.000000	0.000000	0.000000
133	tsk_133	(x)	1	:	0.000000	0.067362	0.496886	0.134511	0.000000	0.218724	0.000000	0.003176	0.000000	0.077850	0.000000	0.000000	0.001490	0.000000
134	tsk_134	(x)	1	:	0.000000	0.057588	0.496874	0.168014	0.000000	0.181177	0.000000	0.003341	0.000000	0.091664	0.000000	0.000000	0.001342	0.000000
135	tsk_135	(x)	1	:	0.000000	0.241118	0.000000	0.000000	0.000000	0.661302	0.000000	0.000000	0.000000	0.097580	0.000000	0.000000	0.000000	0.000000
136	tsk_136	(x)	1	:	0.000000	0.000000	0.497999	0.000000	0.000000	0.000000	0.000000	0.005424	0.494862	0.000000	0.000000	0.000000	0.001715	0.000000
137	tsk_137	(x)	1	:	0.000000	0.011162	0.497036	0.001574	0.000000	0.005437	0.000000	0.002377	0.000000	0.000575	0.000000	0.479625	0.002215	0.000000
138	tsk_138	(x)	1	:	0.498201	0.074206	0.000000	0.086062	0.000000	0.100537	0.000000	0.000000	0.000000	0.240994	0.000000	0.000000	0.000000	0.000000
139	tsk_139	(x)	1	:	0.000000	0.086996	0.000000	0.206851	0.000000	0.176767	0.000000	0.001753	0.495269	0.028796	0.000000	0.000000	0.003567	0.000000
140	tsk_140	(x)	1	:	0.498201	0.018021	0.000000	0.006011	0.000000	0.038932	0.000000	0.000000	0.000000	0.438835	0.000000	0.000000	0.000000	0.000000
141	tsk_141	(x)	1	:	0.000000	0.085278	0.000000	0.177295	0.000000	0.100015	0.000000	0.227321	0.000000	0.137412	0.000000	0.000000	0.272679	0.000000
142	tsk_142	(x)	1	:	0.000000	0.079097	0.000000	0.231084	0.000000	0.094483	0.000000	0.106640	0.000000	0.095336	0.000000	0.000000	0.393360	0.000000
143	tsk_143	(x)	1	:	0.000000	0.099345	0.000000	0.164555	0.000000	0.038105	0.000000	0.358823	0.000000	0.197995	0.000000	0.000000	0.141177	0.000000
144	tsk_144	(x)	1	:	0.000000	0.258972	0.000000	0.239736	0.000000	0.324130	0.000000	0.000000	0.000000	0.177161	0.000000	0.000000	0.000000	0.000000
145	tsk_145	(x)	1	:	0.000000	0.225060	0.000000	0.470935	0.000000	0.237856	0.000000	0.000000	0.000000	0.066148	0.000000	0.000000	0.000000	0.000000
146	tsk_146	(x)	1	:	0.000000	0.000000	0.000000	0.000000	0.000000	0.000000	0.000000	0.708756	0.000000	0.000000	0.000000	0.000000	0.291244	0.000000
147	tsk_147	(x)	1	:	0.000000	0.125721	0.039361	0.208998	0.460492	0.056389	0.000000	0.000051	0.000000	0.108819	0.000000	0.000000	0.000170	0.000000
148	tsk_148	(x)	1	:	0.000000	0.487030	0.000000	0.152331	0.000000	0.304302	0.000000	0.000000	0.000000	0.056337	0.000000	0.000000	0.000000	0.000000
149	tsk_149	(x)	1	:	0.000000	0.000000	0.039146	0.000000	0.460519	0.000000	0.000000	0.002241	0.495703	0.000000	0.000000	0.000000	0.002391	0.000000
