logL = -2231.367931 (converged)
AIC = 8322.735862
BIC = 14133.261979

count.K
39 21 10 18 19 9 11 0 15 8 

