0	tsk_0	(x)	1	:	0.000000	1.000000	0.000000	0.000000	0.000000	0.000000	0.000000	0.000000	0.000000	0.000000	0.000000	0.000000	0.000000
1	tsk_1	(x)	1	:	0.500000	0.000000	0.000000	0.000000	0.000000	0.000000	0.000000	0.000000	0.500000	0.000000	0.000000	0.000000	0.000000
2	tsk_2	(x)	1	:	0.235943	0.000000	0.000000	0.000000	0.000000	0.000000	0.000007	0.511813	0.252235	0.000000	0.000001	0.000000	0.000000
3	tsk_3	(x)	1	:	0.277337	0.000007	0.000000	0.000000	0.000000	0.000000	0.000000	0.000000	0.226131	0.000000	0.027850	0.468675	0.000000
4	tsk_4	(x)	1	:	0.000000	0.000000	0.000000	0.000000	0.000000	0.000000	0.000033	0.498579	0.000000	0.000000	0.501387	0.000000	0.000000
5	tsk_5	(x)	1	:	0.000000	1.000000	0.000000	0.000000	0.000000	0.000000	0.000000	0.000000	0.000000	0.000000	0.000000	0.000000	0.000000
6	tsk_6	(x)	1	:	0.000000	0.000000	0.000000	0.000000	0.000000	0.000000	0.000000	1.000000	0.000000	0.000000	0.000000	0.000000	0.000000
7	tsk_7	(x)	1	:	0.000000	0.399681	0.000000	0.000000	0.000000	0.000000	0.000000	0.000000	0.000000	0.000000	0.131970	0.468348	0.000000
8	tsk_8	(x)	1	:	0.000000	0.447475	0.000000	0.000000	0.000000	0.000000	0.000441	0.550149	0.000000	0.000000	0.001934	0.000000	0.000000
9	tsk_9	(x)	1	:	0.500000	0.000000	0.000000	0.000000	0.000000	0.000000	0.000000	0.000000	0.500000	0.000000	0.000000	0.000000	0.000000
10	tsk_10	(x)	1	:	0.000000	0.000000	0.426001	0.000000	0.000000	0.000000	0.060378	0.000000	0.000000	0.000000	0.013164	0.000000	0.500456
11	tsk_11	(x)	1	:	0.473777	0.000003	0.000000	0.000000	0.000000	0.000000	0.000000	0.000000	0.028329	0.000000	0.000577	0.000000	0.497314
12	tsk_12	(x)	1	:	0.000000	0.000000	0.000000	0.000000	0.000000	0.000000	0.000000	0.000000	1.000000	0.000000	0.000000	0.000000	0.000000
13	tsk_13	(x)	1	:	0.473622	0.000000	0.412083	0.000000	0.000000	0.000000	0.080619	0.000000	0.028227	0.000000	0.005449	0.000000	0.000000
14	tsk_14	(x)	1	:	0.000000	0.000006	0.000000	0.000000	0.000000	0.000000	0.000000	0.000000	0.501968	0.000000	0.000431	0.000000	0.497594
15	tsk_15	(x)	1	:	0.000000	0.000000	0.999998	0.000000	0.000000	0.000000	0.000001	0.000000	0.000000	0.000000	0.000000	0.000000	0.000000
16	tsk_16	(x)	1	:	0.000000	0.000000	0.417989	0.000000	0.000000	0.000000	0.078051	0.000000	0.000000	0.000000	0.503960	0.000000	0.000000
17	tsk_17	(x)	1	:	0.000000	0.000000	0.999998	0.000000	0.000000	0.000000	0.000001	0.000000	0.000000	0.000000	0.000000	0.000000	0.000000
18	tsk_18	(x)	1	:	0.000000	0.000000	0.000000	0.000000	0.000000	0.000000	0.000000	0.000000	1.000000	0.000000	0.000000	0.000000	0.000000
19	tsk_19	(x)	1	:	0.000000	0.000000	0.000000	0.000000	0.000000	0.000000	0.426728	0.000000	0.000000	0.000000	0.000000	0.000000	0.573272
20	tsk_20	(x)	1	:	0.000000	0.000000	0.295197	0.000000	0.000000	0.000000	0.209195	0.000000	0.000000	0.000000	0.495608	0.000000	0.000000
21	tsk_21	(x)	1	:	0.000000	0.000000	0.000000	0.000000	0.000000	0.000000	1.000000	0.000000	0.000000	0.000000	0.000000	0.000000	0.000000
22	tsk_22	(x)	1	:	0.000000	0.000000	0.000000	0.000000	1.000000	0.000000	0.000000	0.000000	0.000000	0.000000	0.000000	0.000000	0.000000
23	tsk_23	(x)	1	:	0.000000	0.000000	0.000000	0.000000	0.000000	0.000000	0.492624	0.000000	0.501311	0.000000	0.006065	0.000000	0.000000
24	tsk_24	(x)	1	:	0.000000	0.537908	0.000000	0.000000	0.000000	0.000000	0.000000	0.000000	0.000000	0.000000	0.462092	0.000000	0.000000
25	tsk_25	(x)	1	:	0.000000	0.000005	0.295756	0.000000	0.000000	0.000000	0.196404	0.000000	0.501260	0.000000	0.006575	0.000000	0.000000
26	tsk_26	(x)	1	:	0.000000	0.000000	0.000000	0.000000	0.000000	0.000000	0.000000	0.000000	0.481518	0.000000	0.000000	0.518481	0.000000
27	tsk_27	(x)	1	:	0.000000	0.000000	0.000000	0.000000	0.000000	0.000000	1.000000	0.000000	0.000000	0.000000	0.000000	0.000000	0.000000
28	tsk_28	(x)	1	:	0.000000	0.000000	0.000000	0.000000	0.000000	0.000000	1.000000	0.000000	0.000000	0.000000	0.000000	0.000000	0.000000
29	tsk_29	(x)	1	:	0.000000	0.000000	0.000000	0.000000	0.000000	0.000000	0.464393	0.000000	0.000000	0.000000	0.000000	0.535607	0.000000
30	tsk_30	(x)	1	:	0.000000	0.000000	0.000000	0.000003	0.000000	0.000000	0.000000	0.000000	0.000000	0.000000	0.450036	0.549960	0.000000
31	tsk_31	(x)	1	:	0.000000	0.000000	0.000000	0.000000	0.000000	0.000000	0.000000	0.000000	0.000000	0.480862	0.000000	0.519138	0.000000
32	tsk_32	(x)	1	:	0.000000	0.000000	0.000000	0.000000	0.000000	0.000000	0.000000	0.000000	0.000000	0.000000	0.000000	1.000000	0.000000
33	tsk_33	(x)	1	:	0.000000	0.000000	0.000000	0.000000	0.000000	0.000000	0.463583	0.000000	0.000000	0.000000	0.000000	0.536416	0.000000
34	tsk_34	(x)	1	:	0.000000	0.000000	0.000000	0.000000	0.000000	0.000000	1.000000	0.000000	0.000000	0.000000	0.000000	0.000000	0.000000
35	tsk_35	(x)	1	:	0.000000	0.000000	0.000000	0.000000	0.000000	0.000000	0.503475	0.000000	0.000000	0.000000	0.496525	0.000000	0.000000
36	tsk_36	(x)	1	:	0.000000	0.000000	0.000000	0.000000	0.000000	0.000000	0.000000	0.000000	0.000000	0.000000	0.000000	1.000000	0.000000
37	tsk_37	(x)	1	:	0.000000	0.000000	0.000000	0.000000	0.000000	0.000000	0.000000	0.000000	0.000000	0.000000	0.000000	1.000000	0.000000
38	tsk_38	(x)	1	:	0.000000	0.000000	0.000000	0.000000	0.000000	0.000000	0.461952	0.000000	0.000000	0.000000	0.000000	0.538047	0.000000
39	tsk_39	(x)	1	:	0.000000	0.022733	0.000000	0.000000	0.000000	0.397049	0.000000	0.000000	0.000000	0.000000	0.029216	0.551003	0.000000
40	tsk_40	(x)	1	:	0.000000	0.000000	0.000000	0.000000	0.000000	0.000000	0.000000	0.000000	1.000000	0.000000	0.000000	0.000000	0.000000
41	tsk_41	(x)	1	:	1.000000	0.000000	0.000000	0.000000	0.000000	0.000000	0.000000	0.000000	0.000000	0.000000	0.000000	0.000000	0.000000
42	tsk_42	(x)	1	:	0.000000	0.030681	0.000000	0.000000	0.000000	0.403504	0.000000	0.000000	0.565814	0.000000	0.000000	0.000000	0.000000
43	tsk_43	(x)	1	:	0.000000	0.000000	0.000000	0.000000	0.000000	0.000000	0.503488	0.000000	0.000000	0.000000	0.496512	0.000000	0.000000
44	tsk_44	(x)	1	:	0.474150	0.030562	0.000000	0.000000	0.000000	0.403563	0.000000	0.000000	0.091724	0.000000	0.000000	0.000000	0.000000
45	tsk_45	(x)	1	:	0.474197	0.000000	0.000000	0.000000	0.000000	0.000000	0.000000	0.000000	0.525803	0.000000	0.000000	0.000000	0.000000
46	tsk_46	(x)	1	:	0.473783	0.000031	0.000000	0.000001	0.000000	0.000000	0.000003	0.000000	0.029948	0.000000	0.496234	0.000000	0.000000
47	tsk_47	(x)	1	:	0.000000	0.000000	0.000000	0.000000	0.000000	0.000000	0.493899	0.000000	0.501570	0.000000	0.004531	0.000000	0.000000
48	tsk_48	(x)	1	:	0.000000	0.030640	0.000000	0.000000	0.000000	0.403534	0.000000	0.000000	0.565826	0.000000	0.000000	0.000000	0.000000
49	tsk_49	(x)	1	:	0.000000	0.000000	0.000000	0.000000	0.000000	0.000000	0.492257	0.000000	0.501263	0.000000	0.006480	0.000000	0.000000
50	tsk_50	(x)	1	:	0.000000	0.000003	0.000000	0.000000	0.491416	0.000000	0.000000	0.000000	0.000000	0.000000	0.039975	0.468606	0.000000
51	tsk_51	(x)	1	:	0.000000	0.000001	0.000000	0.529803	0.470189	0.000000	0.000006	0.000000	0.000000	0.000000	0.000001	0.000000	0.000000
52	tsk_52	(x)	1	:	0.000000	0.000000	0.000000	0.000000	0.000000	0.000000	0.493588	0.000000	0.000000	0.495954	0.010458	0.000000	0.000000
53	tsk_53	(x)	1	:	0.000000	0.000000	0.000000	0.000000	1.000000	0.000000	0.000000	0.000000	0.000000	0.000000	0.000000	0.000000	0.000000
54	tsk_54	(x)	1	:	0.000000	0.000000	0.000000	0.000000	1.000000	0.000000	0.000000	0.000000	0.000000	0.000000	0.000000	0.000000	0.000000
55	tsk_55	(x)	1	:	0.000000	0.000003	0.000000	0.000000	0.491418	0.000000	0.000000	0.000000	0.000000	0.000000	0.039971	0.468608	0.000000
56	tsk_56	(x)	1	:	0.000000	0.000000	0.000000	0.000000	0.489555	0.000000	0.495536	0.000000	0.000000	0.000000	0.014909	0.000000	0.000000
57	tsk_57	(x)	1	:	0.000000	0.000000	0.000000	0.000000	0.537256	0.000000	0.000000	0.000000	0.462744	0.000000	0.000000	0.000000	0.000000
58	tsk_58	(x)	1	:	0.000000	0.000000	0.000000	0.000000	0.000000	0.000000	0.491589	0.000000	0.501113	0.000000	0.007298	0.000000	0.000000
59	tsk_59	(x)	1	:	0.000000	0.000000	0.000000	0.999542	0.000000	0.000000	0.000453	0.000005	0.000000	0.000000	0.000000	0.000000	0.000000
60	tsk_60	(x)	1	:	0.000000	0.522134	0.000000	0.000000	0.000000	0.000000	0.000000	0.000000	0.477866	0.000000	0.000000	0.000000	0.000000
61	tsk_61	(x)	1	:	0.000000	0.591641	0.000000	0.000000	0.000000	0.000000	0.408357	0.000002	0.000000	0.000000	0.000000	0.000000	0.000000
62	tsk_62	(x)	1	:	0.000000	0.000007	0.000000	0.000000	0.000000	0.000000	0.000000	0.000000	0.501980	0.000000	0.000388	0.000000	0.497625
63	tsk_63	(x)	1	:	0.000000	0.000000	0.999999	0.000000	0.000000	0.000000	0.000001	0.000000	0.000000	0.000000	0.000000	0.000000	0.000000
64	tsk_64	(x)	1	:	0.000000	0.591535	0.000000	0.000000	0.000000	0.000000	0.408079	0.000000	0.000000	0.000000	0.000385	0.000000	0.000000
65	tsk_65	(x)	1	:	0.000000	0.000000	0.000000	0.000000	0.000000	0.000000	0.500303	0.000000	0.000000	0.000000	0.031986	0.467711	0.000000
66	tsk_66	(x)	1	:	0.000000	0.000000	0.000000	0.000000	0.000000	0.000000	0.491892	0.000000	0.501176	0.000000	0.006932	0.000000	0.000000
67	tsk_67	(x)	1	:	0.000000	0.591634	0.000000	0.000000	0.000000	0.000000	0.408353	0.000012	0.000000	0.000000	0.000000	0.000000	0.000000
68	tsk_68	(x)	1	:	0.000000	0.000000	0.000000	0.000000	0.000000	0.000000	0.332918	0.000000	0.000000	0.000000	0.667082	0.000000	0.000000
69	tsk_69	(x)	1	:	0.000000	0.000000	0.000000	0.000000	0.000000	0.000000	0.503482	0.000000	0.000000	0.000000	0.496518	0.000000	0.000000
70	tsk_70	(x)	1	:	0.000000	0.000000	0.000000	0.000000	0.000000	0.000000	0.492523	0.000000	0.501303	0.000000	0.006174	0.000000	0.000000
71	tsk_71	(x)	1	:	0.000000	0.000006	0.000000	0.000000	0.000000	0.000000	0.000000	0.000000	0.503666	0.000000	0.027323	0.469005	0.000000
72	tsk_72	(x)	1	:	0.000000	0.000000	0.000000	0.000000	0.000000	0.000000	1.000000	0.000000	0.000000	0.000000	0.000000	0.000000	0.000000
73	tsk_73	(x)	1	:	0.000000	0.000000	0.000000	0.000000	0.000000	0.000000	0.000000	0.000000	0.000000	0.000000	0.000000	1.000000	0.000000
74	tsk_74	(x)	1	:	0.000000	0.000000	0.000000	0.000000	0.000000	0.547852	0.000000	0.000000	0.000000	0.000000	0.000000	0.452148	0.000000
75	tsk_75	(x)	1	:	0.000000	0.000000	0.000000	0.000000	0.000000	0.000000	0.492795	0.000000	0.501365	0.000000	0.005839	0.000000	0.000000
76	tsk_76	(x)	1	:	0.000000	0.000006	0.000000	0.000000	0.000000	0.496208	0.000000	0.000000	0.000000	0.000000	0.035165	0.468621	0.000000
77	tsk_77	(x)	1	:	0.000000	0.000000	0.000000	0.000000	0.000000	0.000000	0.578115	0.000000	0.000000	0.000000	0.000000	0.421885	0.000000
78	tsk_78	(x)	1	:	0.000000	0.000000	0.000000	0.000000	0.000000	0.000000	1.000000	0.000000	0.000000	0.000000	0.000000	0.000000	0.000000
79	tsk_79	(x)	1	:	0.000000	0.000000	0.000000	0.000000	0.000000	0.000000	0.999999	0.000001	0.000000	0.000000	0.000000	0.000000	0.000000
80	tsk_80	(x)	1	:	0.000000	0.000000	0.000000	0.000000	0.000000	0.000000	0.000000	0.000000	0.000000	0.000000	1.000000	0.000000	0.000000
81	tsk_81	(x)	1	:	0.000000	0.000000	0.000000	0.000000	0.000000	0.000000	0.000000	0.000000	0.000000	0.497608	0.502392	0.000000	0.000000
82	tsk_82	(x)	1	:	0.000000	0.000000	0.000000	0.000000	0.000000	0.000000	0.000000	0.000000	0.000000	0.000000	0.000000	1.000000	0.000000
83	tsk_83	(x)	1	:	0.000000	0.000000	0.145339	0.000000	0.000000	0.000000	0.000000	0.000000	0.459377	0.000000	0.000000	0.000000	0.395284
84	tsk_84	(x)	1	:	0.000000	0.000000	0.000000	0.000008	0.000000	0.000000	0.000002	0.000001	0.000000	0.000000	0.498564	0.000000	0.501424
85	tsk_85	(x)	1	:	0.000000	0.000035	0.000000	0.000000	0.000000	0.000000	0.000003	0.000000	0.503490	0.000000	0.496471	0.000000	0.000000
86	tsk_86	(x)	1	:	0.000000	0.000000	0.178260	0.000000	0.000000	0.000000	0.375442	0.000000	0.446297	0.000000	0.000000	0.000000	0.000000
87	tsk_87	(x)	1	:	0.000000	0.000000	0.000000	0.000000	0.000000	0.000000	0.000000	0.000000	0.000000	0.000000	1.000000	0.000000	0.000000
88	tsk_88	(x)	1	:	0.000000	0.000005	0.000000	0.000000	0.000000	0.000000	0.000000	0.000000	0.502176	0.496508	0.001311	0.000000	0.000000
89	tsk_89	(x)	1	:	0.000000	0.000068	0.186936	0.000000	0.000000	0.000000	0.000000	0.000000	0.503454	0.000000	0.309541	0.000000	0.000000
90	tsk_90	(x)	1	:	0.000000	0.000000	0.000000	0.000000	0.000000	0.000000	0.230122	0.000000	0.000000	0.000000	0.328900	0.440978	0.000000
91	tsk_91	(x)	1	:	0.473605	0.000000	0.000000	0.000000	0.000000	0.000000	0.000000	0.000000	0.008578	0.000000	0.000000	0.517817	0.000000
92	tsk_92	(x)	1	:	0.000000	0.000000	0.000000	0.000000	0.000000	0.000000	0.000000	0.000000	0.000000	0.000000	0.000000	0.000000	1.000000
93	tsk_93	(x)	1	:	0.000000	0.000000	0.000000	0.000000	0.000000	0.000000	0.462835	0.000000	0.000000	0.000000	0.000000	0.537165	0.000000
94	tsk_94	(x)	1	:	0.000000	0.000000	0.000000	0.000000	0.000000	0.000000	0.000000	0.000000	0.000000	0.000000	0.028210	0.469374	0.502416
95	tsk_95	(x)	1	:	0.000000	0.000000	0.000000	0.000000	0.000000	0.000000	0.000000	0.000000	0.481974	0.000000	0.000000	0.518026	0.000000
96	tsk_96	(x)	1	:	0.000000	0.000000	0.000000	0.000000	0.000000	0.000000	0.000000	0.000000	0.000000	0.000000	0.000000	0.000000	1.000000
97	tsk_97	(x)	1	:	0.000000	0.000000	0.411487	0.000000	0.000000	0.000000	0.588495	0.000019	0.000000	0.000000	0.000000	0.000000	0.000000
98	tsk_98	(x)	1	:	0.000000	0.000000	0.000000	0.000000	0.000000	0.000000	0.000000	0.000000	0.000000	0.000000	0.027930	0.469484	0.502585
99	tsk_99	(x)	1	:	0.000000	0.000000	0.000000	0.000000	0.000000	0.000000	0.000000	0.000000	0.000000	0.000000	0.000000	0.000000	1.000000
100	tsk_100	(x)	1	:	0.000000	0.526106	0.000000	0.000000	0.000000	0.000000	0.473894	0.000000	0.000000	0.000000	0.000000	0.000000	0.000000
101	tsk_101	(x)	1	:	0.000000	0.000000	0.000000	0.000000	0.490042	0.000000	0.497572	0.000000	0.000000	0.000000	0.012386	0.000000	0.000000
102	tsk_102	(x)	1	:	0.000000	0.000000	0.000000	0.000000	0.000000	0.000000	0.468004	0.000000	0.000000	0.531996	0.000000	0.000000	0.000000
103	tsk_103	(x)	1	:	0.000000	0.000000	0.000000	0.000000	0.489783	0.000000	0.496486	0.000000	0.000000	0.000000	0.013732	0.000000	0.000000
104	tsk_104	(x)	1	:	0.000000	0.522134	0.000000	0.000000	0.000000	0.000000	0.000000	0.000000	0.477866	0.000000	0.000000	0.000000	0.000000
105	tsk_105	(x)	1	:	0.000000	0.000000	0.000000	0.000000	0.000000	0.000000	0.496554	0.000000	0.000000	0.496403	0.007043	0.000000	0.000000
106	tsk_106	(x)	1	:	0.000000	0.000000	0.000000	0.000000	0.000000	0.000000	0.493290	0.000000	0.000000	0.495910	0.010800	0.000000	0.000000
107	tsk_107	(x)	1	:	0.000000	0.000000	0.000000	0.000000	1.000000	0.000000	0.000000	0.000000	0.000000	0.000000	0.000000	0.000000	0.000000
108	tsk_108	(x)	1	:	0.000000	0.000000	0.000000	0.000000	0.000000	0.000000	0.492513	0.000000	0.501317	0.000000	0.006170	0.000000	0.000000
109	tsk_109	(x)	1	:	0.000000	0.000000	0.000000	0.000000	0.000000	0.000000	1.000000	0.000000	0.000000	0.000000	0.000000	0.000000	0.000000
110	tsk_110	(x)	1	:	0.000000	0.000000	0.000000	0.000000	0.000000	0.000000	0.000000	0.000000	0.000000	1.000000	0.000000	0.000000	0.000000
111	tsk_111	(x)	1	:	0.000000	0.000000	0.000000	0.000000	0.000000	1.000000	0.000000	0.000000	0.000000	0.000000	0.000000	0.000000	0.000000
112	tsk_112	(x)	1	:	0.000000	0.000000	0.000000	0.000000	0.000000	0.000000	0.000000	0.000000	0.000000	1.000000	0.000000	0.000000	0.000000
113	tsk_113	(x)	1	:	0.000000	0.000000	0.000000	0.000005	0.549407	0.000000	0.000002	0.000001	0.000000	0.000000	0.199448	0.000000	0.251137
114	tsk_114	(x)	1	:	0.000000	0.000000	0.000000	0.000000	0.540998	0.000000	0.459002	0.000000	0.000000	0.000000	0.000000	0.000000	0.000000
115	tsk_115	(x)	1	:	0.000000	0.000000	0.000000	0.000000	0.000000	0.000000	1.000000	0.000000	0.000000	0.000000	0.000000	0.000000	0.000000
116	tsk_116	(x)	1	:	0.000000	0.000000	0.000000	0.000000	0.000000	0.000000	0.000000	0.000000	0.000000	1.000000	0.000000	0.000000	0.000000
117	tsk_117	(x)	1	:	0.000000	0.000000	0.000000	0.000000	1.000000	0.000000	0.000000	0.000000	0.000000	0.000000	0.000000	0.000000	0.000000
118	tsk_118	(x)	1	:	0.000000	0.000000	0.000000	0.000000	0.000000	0.000000	0.468024	0.000000	0.000000	0.531976	0.000000	0.000000	0.000000
119	tsk_119	(x)	1	:	0.000000	0.000006	0.000000	0.000000	0.000000	0.000000	0.000000	0.000000	0.502230	0.496552	0.001212	0.000000	0.000000
120	tsk_120	(x)	1	:	1.000000	0.000000	0.000000	0.000000	0.000000	0.000000	0.000000	0.000000	0.000000	0.000000	0.000000	0.000000	0.000000
121	tsk_121	(x)	1	:	0.000000	0.000000	0.000000	0.000003	0.000000	0.000000	0.000000	0.000000	0.000000	0.000000	0.531268	0.468728	0.000000
122	tsk_122	(x)	1	:	1.000000	0.000000	0.000000	0.000000	0.000000	0.000000	0.000000	0.000000	0.000000	0.000000	0.000000	0.000000	0.000000
123	tsk_123	(x)	1	:	0.000000	0.000000	0.000000	0.000016	0.000000	0.000000	0.000002	0.000002	0.000000	0.000000	0.498536	0.000000	0.501443
124	tsk_124	(x)	1	:	0.000000	0.000000	0.000000	0.000002	0.000000	0.000000	0.000001	0.000000	0.000000	0.000000	0.531270	0.468727	0.000000
125	tsk_125	(x)	1	:	0.474197	0.000000	0.000000	0.000000	0.000000	0.000000	0.000000	0.000000	0.525803	0.000000	0.000000	0.000000	0.000000
126	tsk_126	(x)	1	:	0.000000	0.000000	0.000000	0.000000	0.000000	0.000000	0.000000	0.000000	0.000000	0.000000	0.027365	0.469707	0.502928
127	tsk_127	(x)	1	:	0.473785	0.000023	0.000000	0.000000	0.000000	0.000000	0.000001	0.000000	0.029948	0.000000	0.496243	0.000000	0.000000
128	tsk_128	(x)	1	:	0.000000	0.000000	0.000000	0.000002	0.000000	0.000000	0.000001	0.000001	0.000000	0.000000	0.531267	0.468728	0.000000
129	tsk_129	(x)	1	:	0.473779	0.000052	0.000000	0.000004	0.000000	0.000000	0.000011	0.000001	0.029947	0.000000	0.496205	0.000000	0.000000
130	tsk_130	(x)	1	:	0.473580	0.000000	0.000000	0.000000	0.000000	0.000000	0.000000	0.000000	0.009359	0.000000	0.000000	0.517061	0.000000
131	tsk_131	(x)	1	:	0.474197	0.000000	0.000000	0.000000	0.000000	0.000000	0.000000	0.000000	0.525803	0.000000	0.000000	0.000000	0.000000
132	tsk_132	(x)	1	:	0.000000	0.000000	0.000000	0.000000	0.000000	0.000000	0.000000	0.000000	1.000000	0.000000	0.000000	0.000000	0.000000
133	tsk_133	(x)	1	:	0.000000	0.000000	0.000000	0.000000	0.000000	0.000000	0.000000	0.000000	1.000000	0.000000	0.000000	0.000000	0.000000
134	tsk_134	(x)	1	:	0.000000	0.000010	0.000000	0.000000	0.489703	0.000000	0.000000	0.000000	0.510287	0.000000	0.000000	0.000000	0.000000
135	tsk_135	(x)	1	:	0.000000	0.000000	0.000000	0.000000	0.000000	0.000000	0.491654	0.000000	0.501144	0.000000	0.007201	0.000000	0.000000
136	tsk_136	(x)	1	:	0.000000	0.000000	0.000000	0.253482	0.000000	0.000000	0.000000	0.000000	0.000000	0.000000	0.277852	0.468666	0.000000
137	tsk_137	(x)	1	:	0.000000	0.000042	0.000000	0.000002	0.000000	0.000000	0.000004	0.000000	0.503487	0.000000	0.496465	0.000000	0.000000
138	tsk_138	(x)	1	:	0.000000	0.000000	0.000000	0.000002	0.000000	0.000000	0.000000	0.000000	0.000000	0.000000	0.531270	0.468727	0.000000
139	tsk_139	(x)	1	:	0.000000	0.000000	0.000000	0.000000	0.000000	0.000000	0.500373	0.000000	0.000000	0.000000	0.031895	0.467733	0.000000
140	tsk_140	(x)	1	:	0.000000	0.000005	0.000000	0.000000	0.000000	0.505390	0.000000	0.000000	0.494605	0.000000	0.000000	0.000000	0.000000
141	tsk_141	(x)	1	:	0.000000	0.508490	0.000000	0.000000	0.000000	0.000000	0.000000	0.000000	0.000000	0.491481	0.000029	0.000000	0.000000
142	tsk_142	(x)	1	:	0.000000	0.000000	0.000000	0.999818	0.000000	0.000000	0.000174	0.000008	0.000000	0.000000	0.000000	0.000000	0.000000
143	tsk_143	(x)	1	:	0.000000	0.000003	0.000000	0.000000	0.000000	0.000000	0.000000	0.000000	0.503476	0.000000	0.027837	0.468685	0.000000
144	tsk_144	(x)	1	:	0.000000	0.000000	0.000000	0.000000	0.000000	1.000000	0.000000	0.000000	0.000000	0.000000	0.000000	0.000000	0.000000
145	tsk_145	(x)	1	:	0.000000	0.000000	0.000000	0.000000	0.000000	0.558912	0.000000	0.000000	0.441088	0.000000	0.000000	0.000000	0.000000
146	tsk_146	(x)	1	:	0.000000	0.000000	0.000000	0.000000	0.000000	0.508227	0.490749	0.000000	0.000000	0.000000	0.001023	0.000000	0.000000
147	tsk_147	(x)	1	:	0.000000	0.523342	0.000000	0.000000	0.000000	0.000000	0.000000	0.000000	0.000000	0.000000	0.007580	0.469078	0.000000
148	tsk_148	(x)	1	:	0.000000	0.000006	0.000000	0.000000	0.000000	0.000000	0.000000	0.000000	0.503508	0.000000	0.027745	0.468741	0.000000
149	tsk_149	(x)	1	:	0.000000	0.567752	0.000000	0.000000	0.000000	0.000000	0.000000	0.000000	0.000000	0.000000	0.000000	0.432248	0.000000
