0	tsk_0	(x)	1	:	0.000000	0.020054	0.000000	0.000000	0.000000	0.457044	0.000000	0.000000	0.000000	0.000000	0.500036	0.000000	0.015030	0.000000	0.007837
1	tsk_1	(x)	1	:	0.000000	0.083822	0.007972	0.493113	0.000000	0.000000	0.000000	0.000000	0.000000	0.000000	0.000000	0.000000	0.106453	0.000000	0.308640
2	tsk_2	(x)	1	:	0.000000	0.107686	0.513825	0.000000	0.000000	0.000000	0.000000	0.000000	0.000000	0.000000	0.000000	0.000000	0.052839	0.000000	0.325649
3	tsk_3	(x)	1	:	0.000000	0.014284	0.000000	0.000000	0.000000	0.457101	0.000000	0.000000	0.000000	0.000000	0.500050	0.000000	0.015487	0.000000	0.013078
4	tsk_4	(x)	1	:	0.000000	0.000010	0.512725	0.000000	0.487216	0.000000	0.000000	0.000000	0.000000	0.000000	0.000000	0.000000	0.000011	0.000000	0.000038
5	tsk_5	(x)	1	:	0.000000	0.092687	0.008124	0.492982	0.000000	0.000000	0.000000	0.000000	0.000000	0.000000	0.000000	0.000000	0.082475	0.000000	0.323732
6	tsk_6	(x)	1	:	0.000000	0.000000	1.000000	0.000000	0.000000	0.000000	0.000000	0.000000	0.000000	0.000000	0.000000	0.000000	0.000000	0.000000	0.000000
7	tsk_7	(x)	1	:	0.000000	0.161283	0.000000	0.000000	0.000000	0.000000	0.000000	0.000000	0.000000	0.000000	0.500000	0.000000	0.271347	0.000000	0.067370
8	tsk_8	(x)	1	:	0.000000	0.138960	0.513826	0.000000	0.000000	0.000000	0.000000	0.000000	0.000000	0.000000	0.000000	0.000000	0.128289	0.000000	0.218925
9	tsk_9	(x)	1	:	0.000000	0.000000	0.000000	0.000000	0.000000	1.000000	0.000000	0.000000	0.000000	0.000000	0.000000	0.000000	0.000000	0.000000	0.000000
10	tsk_10	(x)	1	:	0.000000	0.000000	0.438871	0.561129	0.000000	0.000000	0.000000	0.000000	0.000000	0.000000	0.000000	0.000000	0.000000	0.000000	0.000000
11	tsk_11	(x)	1	:	0.000000	0.000000	0.512219	0.000000	0.000000	0.000000	0.000000	0.000000	0.000000	0.000000	0.487781	0.000000	0.000000	0.000000	0.000000
12	tsk_12	(x)	1	:	0.000000	0.000000	0.002249	0.000000	0.000000	0.000000	0.000000	0.000000	0.498207	0.000000	0.499544	0.000000	0.000000	0.000000	0.000000
13	tsk_13	(x)	1	:	0.408974	0.027795	0.000000	0.000000	0.000000	0.000000	0.000000	0.000000	0.000000	0.000000	0.500027	0.000000	0.037959	0.000000	0.025245
14	tsk_14	(x)	1	:	0.000000	0.000000	0.000000	1.000000	0.000000	0.000000	0.000000	0.000000	0.000000	0.000000	0.000000	0.000000	0.000000	0.000000	0.000000
15	tsk_15	(x)	1	:	0.000000	0.000000	0.000000	0.000000	0.000000	0.000000	0.499974	0.000000	0.000000	0.000000	0.500026	0.000000	0.000000	0.000000	0.000000
16	tsk_16	(x)	1	:	0.000000	0.000000	0.008185	0.492817	0.000000	0.000000	0.000000	0.000000	0.000000	0.000000	0.498998	0.000000	0.000000	0.000000	0.000000
17	tsk_17	(x)	1	:	0.000000	0.000000	0.008206	0.492799	0.000000	0.000000	0.000000	0.000000	0.000000	0.000000	0.498995	0.000000	0.000000	0.000000	0.000000
18	tsk_18	(x)	1	:	0.000000	0.155572	0.000000	0.000000	0.000000	0.000000	0.000000	0.000000	0.000000	0.000000	0.500000	0.000000	0.173868	0.000000	0.170559
19	tsk_19	(x)	1	:	0.409253	0.009659	0.513887	0.000000	0.000000	0.000000	0.000000	0.000000	0.000000	0.000000	0.000000	0.000000	0.041365	0.000000	0.025836
20	tsk_20	(x)	1	:	0.000000	0.434298	0.000000	0.000000	0.000000	0.000000	0.000000	0.000000	0.000000	0.000000	0.000000	0.000000	0.403413	0.000000	0.162289
21	tsk_21	(x)	1	:	0.297193	0.032940	0.000000	0.000000	0.000000	0.620075	0.000000	0.000000	0.000000	0.000000	0.000000	0.000000	0.024351	0.000000	0.025441
22	tsk_22	(x)	1	:	0.000000	0.000000	0.000000	0.000000	0.000000	0.000000	0.000000	0.000000	0.000000	0.000000	1.000000	0.000000	0.000000	0.000000	0.000000
23	tsk_23	(x)	1	:	0.000000	0.000000	0.000000	0.000000	0.000000	1.000000	0.000000	0.000000	0.000000	0.000000	0.000000	0.000000	0.000000	0.000000	0.000000
24	tsk_24	(x)	1	:	0.000000	0.083450	0.000000	0.000000	0.000000	0.000000	0.000000	0.000000	0.000000	0.000000	0.500000	0.000000	0.273121	0.000000	0.143428
25	tsk_25	(x)	1	:	0.000000	0.219103	0.000000	0.000000	0.000000	0.485847	0.000000	0.000000	0.000000	0.000000	0.000000	0.000000	0.153115	0.000000	0.141934
26	tsk_26	(x)	1	:	0.000000	0.465853	0.000000	0.000000	0.000000	0.000000	0.000000	0.000000	0.000000	0.000000	0.000000	0.000000	0.190988	0.000000	0.343159
27	tsk_27	(x)	1	:	0.000000	0.236975	0.000000	0.000000	0.000000	0.485848	0.000000	0.000000	0.000000	0.000000	0.000000	0.000000	0.120770	0.000000	0.156406
28	tsk_28	(x)	1	:	0.000000	0.000000	0.000000	0.000000	0.000000	1.000000	0.000000	0.000000	0.000000	0.000000	0.000000	0.000000	0.000000	0.000000	0.000000
29	tsk_29	(x)	1	:	0.000000	0.701787	0.000000	0.000000	0.000000	0.000000	0.000000	0.000000	0.000000	0.000000	0.000000	0.000000	0.105644	0.000000	0.192568
30	tsk_30	(x)	1	:	0.000000	0.378102	0.000000	0.000000	0.000000	0.000000	0.000000	0.000000	0.000000	0.000000	0.000000	0.000000	0.371164	0.000000	0.250734
31	tsk_31	(x)	1	:	0.000000	0.000000	0.000000	0.000000	0.000000	0.000000	0.499977	0.000000	0.000000	0.000000	0.500023	0.000000	0.000000	0.000000	0.000000
32	tsk_32	(x)	1	:	0.000000	0.000000	0.000000	0.000000	0.000000	0.000000	0.499977	0.000000	0.000000	0.000000	0.500023	0.000000	0.000000	0.000000	0.000000
33	tsk_33	(x)	1	:	0.000000	0.118893	0.000000	0.000000	0.000000	0.000000	0.000000	0.000000	0.000000	0.000000	0.500000	0.000000	0.287356	0.000000	0.093752
34	tsk_34	(x)	1	:	0.000000	0.000006	0.512725	0.000000	0.487223	0.000000	0.000000	0.000000	0.000000	0.000000	0.000000	0.000000	0.000014	0.000000	0.000032
35	tsk_35	(x)	1	:	0.000000	0.489179	0.000000	0.000000	0.000000	0.000000	0.000000	0.000000	0.000000	0.000000	0.000000	0.000000	0.199209	0.000000	0.311612
36	tsk_36	(x)	1	:	0.000000	0.028424	0.513825	0.000000	0.000000	0.000000	0.000000	0.000000	0.000000	0.000000	0.000000	0.000000	0.192642	0.000000	0.265109
37	tsk_37	(x)	1	:	0.000000	0.466688	0.000000	0.000000	0.000000	0.000000	0.000000	0.000000	0.000000	0.000000	0.000000	0.000000	0.227978	0.000000	0.305334
38	tsk_38	(x)	1	:	0.000000	0.000000	0.506210	0.000000	0.000000	0.000000	0.000000	0.493787	0.000000	0.000000	0.000000	0.000000	0.000001	0.000000	0.000002
39	tsk_39	(x)	1	:	0.000000	0.841510	0.000000	0.000000	0.000000	0.000000	0.000000	0.000000	0.000000	0.000000	0.000000	0.000000	0.083566	0.000000	0.074924
40	tsk_40	(x)	1	:	0.000000	0.167333	0.000000	0.000000	0.000000	0.000000	0.000000	0.000000	0.000000	0.000000	0.500000	0.000000	0.168914	0.000000	0.163753
41	tsk_41	(x)	1	:	0.000000	0.000000	0.000000	0.000000	0.000000	0.000000	0.000000	0.000000	0.000000	0.000000	1.000000	0.000000	0.000000	0.000000	0.000000
42	tsk_42	(x)	1	:	0.000000	0.000000	0.000000	0.000000	0.000000	0.000000	0.000000	0.000000	0.000000	0.483759	0.516241	0.000000	0.000000	0.000000	0.000000
43	tsk_43	(x)	1	:	0.000000	0.000000	0.002753	0.000000	0.000000	0.000000	0.000000	0.000000	0.497805	0.000000	0.499442	0.000000	0.000000	0.000000	0.000000
44	tsk_44	(x)	1	:	0.000000	0.000000	0.000000	0.000000	0.000000	0.000000	0.000000	0.000000	0.000000	0.483759	0.516241	0.000000	0.000000	0.000000	0.000000
45	tsk_45	(x)	1	:	0.000000	0.000000	0.000000	0.000000	0.000000	0.000000	0.000000	0.000000	0.000000	0.000000	1.000000	0.000000	0.000000	0.000000	0.000000
46	tsk_46	(x)	1	:	0.000000	0.000000	0.000000	0.000000	0.000000	0.000000	0.000000	0.000000	0.000000	0.000000	1.000000	0.000000	0.000000	0.000000	0.000000
47	tsk_47	(x)	1	:	0.000000	0.000000	0.002245	0.000000	0.000000	0.000000	0.000000	0.000000	0.498210	0.000000	0.499545	0.000000	0.000000	0.000000	0.000000
48	tsk_48	(x)	1	:	0.000000	0.000000	0.000000	0.000000	0.000000	0.000000	0.000000	0.000000	0.000000	0.000000	1.000000	0.000000	0.000000	0.000000	0.000000
49	tsk_49	(x)	1	:	0.000000	0.000000	0.000000	0.000000	0.000000	0.000000	0.000000	0.000000	0.000000	0.483759	0.516241	0.000000	0.000000	0.000000	0.000000
50	tsk_50	(x)	1	:	0.000000	0.127681	0.392675	0.000000	0.000000	0.000000	0.000000	0.000000	0.000000	0.000000	0.000000	0.000000	0.261683	0.000000	0.217960
51	tsk_51	(x)	1	:	0.000000	0.106411	0.513825	0.000000	0.000000	0.000000	0.000000	0.000000	0.000000	0.000000	0.000000	0.000000	0.159182	0.000000	0.220581
52	tsk_52	(x)	1	:	0.409459	0.049081	0.000000	0.000000	0.000000	0.486269	0.000000	0.000000	0.000000	0.000000	0.000000	0.000000	0.029739	0.000000	0.025453
53	tsk_53	(x)	1	:	0.000000	0.085606	0.513825	0.000000	0.000000	0.000000	0.000000	0.000000	0.000000	0.000000	0.000000	0.000000	0.231876	0.000000	0.168692
54	tsk_54	(x)	1	:	0.000000	0.144562	0.392675	0.000000	0.000000	0.000000	0.000000	0.000000	0.000000	0.000000	0.000000	0.000000	0.099959	0.000000	0.362804
55	tsk_55	(x)	1	:	0.000000	0.081783	0.513825	0.000000	0.000000	0.000000	0.000000	0.000000	0.000000	0.000000	0.000000	0.000000	0.127675	0.000000	0.276717
56	tsk_56	(x)	1	:	0.000000	0.000000	1.000000	0.000000	0.000000	0.000000	0.000000	0.000000	0.000000	0.000000	0.000000	0.000000	0.000000	0.000000	0.000000
57	tsk_57	(x)	1	:	0.000000	0.000295	0.513305	0.000000	0.000000	0.483506	0.000000	0.000000	0.000000	0.000000	0.000000	0.000000	0.000000	0.000000	0.002894
58	tsk_58	(x)	1	:	0.000000	0.088640	0.008219	0.492900	0.000000	0.000000	0.000000	0.000000	0.000000	0.000000	0.000000	0.000000	0.204140	0.000000	0.206101
59	tsk_59	(x)	1	:	0.000000	0.000868	0.991830	0.000000	0.000000	0.000000	0.000000	0.000000	0.000000	0.000000	0.000000	0.000000	0.001439	0.000000	0.005863
60	tsk_60	(x)	1	:	0.000000	0.007456	0.007816	0.493783	0.000000	0.000000	0.000000	0.000000	0.000000	0.000000	0.000000	0.490668	0.000090	0.000000	0.000187
61	tsk_61	(x)	1	:	0.000000	0.001752	0.513181	0.000000	0.000000	0.000000	0.000000	0.000000	0.000000	0.000000	0.000000	0.485012	0.000027	0.000000	0.000028
62	tsk_62	(x)	1	:	0.476321	0.005082	0.006316	0.494581	0.000000	0.000000	0.000000	0.000000	0.000000	0.000000	0.000000	0.000000	0.004505	0.000000	0.013194
63	tsk_63	(x)	1	:	0.000000	0.000000	0.526095	0.000000	0.000000	0.000000	0.000000	0.000000	0.000000	0.473905	0.000000	0.000000	0.000000	0.000000	0.000000
64	tsk_64	(x)	1	:	0.000000	0.457120	0.000000	0.000000	0.000000	0.000000	0.000000	0.000000	0.000000	0.000000	0.000000	0.000000	0.374307	0.000000	0.168573
65	tsk_65	(x)	1	:	0.000000	0.007294	0.008047	0.493588	0.000000	0.000000	0.000000	0.000000	0.000000	0.000000	0.000000	0.490692	0.000124	0.000000	0.000255
66	tsk_66	(x)	1	:	0.477333	0.002843	0.007632	0.493664	0.000000	0.000000	0.000000	0.000000	0.000000	0.000000	0.000000	0.000000	0.006890	0.000000	0.011638
67	tsk_67	(x)	1	:	0.476177	0.221197	0.000000	0.000000	0.000000	0.000000	0.000000	0.000000	0.000000	0.000000	0.000000	0.000000	0.129580	0.000000	0.173046
68	tsk_68	(x)	1	:	0.000000	0.000000	0.018383	0.496977	0.000000	0.000000	0.000000	0.000000	0.000000	0.484640	0.000000	0.000000	0.000000	0.000000	0.000000
69	tsk_69	(x)	1	:	0.000000	0.001769	0.513182	0.000000	0.000000	0.000000	0.000000	0.000000	0.000000	0.000000	0.000000	0.485019	0.000016	0.000000	0.000014
70	tsk_70	(x)	1	:	0.408754	0.295586	0.000000	0.000000	0.000000	0.000000	0.000000	0.000000	0.000000	0.000000	0.000000	0.000000	0.257547	0.000000	0.038114
71	tsk_71	(x)	1	:	0.000000	0.121958	0.513825	0.000000	0.000000	0.000000	0.000000	0.000000	0.000000	0.000000	0.000000	0.000000	0.094317	0.000000	0.269900
72	tsk_72	(x)	1	:	0.000000	0.082813	0.513826	0.000000	0.000000	0.000000	0.000000	0.000000	0.000000	0.000000	0.000000	0.000000	0.097114	0.000000	0.306247
73	tsk_73	(x)	1	:	0.000000	0.307834	0.000000	0.000000	0.000000	0.456908	0.000000	0.000000	0.000000	0.000000	0.000000	0.000000	0.108213	0.000000	0.127044
74	tsk_74	(x)	1	:	0.000000	0.374365	0.000000	0.000000	0.000000	0.000000	0.000000	0.000000	0.000000	0.000000	0.000000	0.000000	0.151709	0.000000	0.473927
75	tsk_75	(x)	1	:	0.000000	0.518212	0.000000	0.000000	0.000000	0.000000	0.000000	0.000000	0.000000	0.000000	0.000000	0.000000	0.253339	0.000000	0.228449
76	tsk_76	(x)	1	:	0.000000	0.314726	0.000000	0.000000	0.000000	0.000000	0.000000	0.000000	0.000000	0.000000	0.000000	0.000000	0.390844	0.000000	0.294430
77	tsk_77	(x)	1	:	0.000000	0.513610	0.000000	0.000000	0.000000	0.000000	0.000000	0.000000	0.000000	0.000000	0.000000	0.000000	0.406016	0.000000	0.080373
78	tsk_78	(x)	1	:	0.000000	0.554353	0.000000	0.000000	0.000000	0.000000	0.000000	0.000000	0.000000	0.000000	0.000000	0.000000	0.202775	0.000000	0.242872
79	tsk_79	(x)	1	:	0.000000	0.000574	0.000000	0.000000	0.000000	0.000000	0.000000	0.000000	0.000000	0.000000	0.000000	0.000000	0.000139	0.999227	0.000061
80	tsk_80	(x)	1	:	0.409082	0.023913	0.513865	0.000000	0.000000	0.000000	0.000000	0.000000	0.000000	0.000000	0.000000	0.000000	0.024778	0.000000	0.028362
81	tsk_81	(x)	1	:	1.000000	0.000000	0.000000	0.000000	0.000000	0.000000	0.000000	0.000000	0.000000	0.000000	0.000000	0.000000	0.000000	0.000000	0.000000
82	tsk_82	(x)	1	:	1.000000	0.000000	0.000000	0.000000	0.000000	0.000000	0.000000	0.000000	0.000000	0.000000	0.000000	0.000000	0.000000	0.000000	0.000000
83	tsk_83	(x)	1	:	0.408751	0.223718	0.000000	0.000000	0.000000	0.000000	0.000000	0.000000	0.000000	0.000000	0.000000	0.000000	0.274576	0.000000	0.092955
84	tsk_84	(x)	1	:	0.408740	0.333852	0.000000	0.000000	0.000000	0.000000	0.000000	0.000000	0.000000	0.000000	0.000000	0.000000	0.138872	0.000000	0.118536
85	tsk_85	(x)	1	:	1.000000	0.000000	0.000000	0.000000	0.000000	0.000000	0.000000	0.000000	0.000000	0.000000	0.000000	0.000000	0.000000	0.000000	0.000000
86	tsk_86	(x)	1	:	0.409282	0.019532	0.513890	0.000000	0.000000	0.000000	0.000000	0.000000	0.000000	0.000000	0.000000	0.000000	0.034811	0.000000	0.022485
87	tsk_87	(x)	1	:	0.408766	0.279360	0.000000	0.000000	0.000000	0.000000	0.000000	0.000000	0.000000	0.000000	0.000000	0.000000	0.185962	0.000000	0.125912
88	tsk_88	(x)	1	:	0.000000	0.052144	0.000000	0.000000	0.000000	0.000000	0.000000	0.269562	0.000000	0.000000	0.500001	0.000000	0.136031	0.000000	0.042262
89	tsk_89	(x)	1	:	0.408976	0.025351	0.000000	0.000000	0.000000	0.000000	0.000000	0.000000	0.000000	0.000000	0.500028	0.000000	0.043435	0.000000	0.022210
90	tsk_90	(x)	1	:	0.000000	0.250371	0.000000	0.000000	0.000000	0.000000	0.000000	0.269672	0.000000	0.000000	0.000000	0.000000	0.253397	0.000000	0.226559
91	tsk_91	(x)	1	:	0.000000	0.193914	0.000000	0.000000	0.000000	0.000000	0.000000	0.527061	0.000000	0.000000	0.000000	0.000000	0.227373	0.000000	0.051651
92	tsk_92	(x)	1	:	0.000000	0.259020	0.513825	0.000000	0.000000	0.000000	0.000000	0.000000	0.000000	0.000000	0.000000	0.000000	0.060691	0.000000	0.166464
93	tsk_93	(x)	1	:	0.000000	0.688333	0.000000	0.000000	0.000000	0.000000	0.000000	0.000000	0.000000	0.000000	0.000000	0.000000	0.084100	0.000000	0.227566
94	tsk_94	(x)	1	:	0.000000	0.215066	0.000000	0.000000	0.000000	0.456906	0.000000	0.000000	0.000000	0.000000	0.000000	0.000000	0.199488	0.000000	0.128539
95	tsk_95	(x)	1	:	0.000000	0.000000	0.000000	0.000000	0.000000	0.000000	0.000000	0.535436	0.000000	0.464564	0.000000	0.000000	0.000000	0.000000	0.000000
96	tsk_96	(x)	1	:	0.000000	0.280011	0.000000	0.000000	0.000000	0.000000	0.000000	0.527066	0.000000	0.000000	0.000000	0.000000	0.064842	0.000000	0.128081
97	tsk_97	(x)	1	:	0.000000	0.000000	0.499192	0.000000	0.000000	0.000000	0.000000	0.000000	0.000000	0.500808	0.000000	0.000000	0.000000	0.000000	0.000000
98	tsk_98	(x)	1	:	0.000000	0.188781	0.000000	0.000000	0.000000	0.000000	0.000000	0.527066	0.000000	0.000000	0.000000	0.000000	0.163243	0.000000	0.120910
99	tsk_99	(x)	1	:	0.000000	0.150850	0.513826	0.000000	0.000000	0.000000	0.000000	0.000000	0.000000	0.000000	0.000000	0.000000	0.079056	0.000000	0.256269
100	tsk_100	(x)	1	:	0.000000	0.165136	0.008144	0.492965	0.000000	0.000000	0.000000	0.000000	0.000000	0.000000	0.000000	0.000000	0.033222	0.000000	0.300533
101	tsk_101	(x)	1	:	0.000000	0.539648	0.000000	0.000000	0.000000	0.000000	0.000000	0.000000	0.000000	0.000000	0.000000	0.000000	0.332216	0.000000	0.128135
102	tsk_102	(x)	1	:	0.000000	0.105734	0.007398	0.493610	0.000000	0.000000	0.000000	0.000000	0.000000	0.000000	0.000000	0.000000	0.159361	0.000000	0.233897
103	tsk_103	(x)	1	:	0.000000	0.000765	0.000000	0.000000	0.000000	0.000000	0.000000	0.000000	0.000000	0.000000	0.000000	0.000000	0.000109	0.999028	0.000097
104	tsk_104	(x)	1	:	0.000000	0.001096	0.000000	0.000000	0.529398	0.000000	0.000000	0.000000	0.000000	0.467529	0.000000	0.000000	0.000499	0.000000	0.001478
105	tsk_105	(x)	1	:	0.000000	0.285081	0.000000	0.000000	0.000000	0.000000	0.000000	0.000000	0.000000	0.000000	0.000000	0.000000	0.479572	0.000000	0.235347
106	tsk_106	(x)	1	:	0.000000	0.000000	0.526095	0.000000	0.000000	0.000000	0.000000	0.000000	0.000000	0.473905	0.000000	0.000000	0.000000	0.000000	0.000000
107	tsk_107	(x)	1	:	0.000000	0.073024	0.513826	0.000000	0.000000	0.000000	0.000000	0.000000	0.000000	0.000000	0.000000	0.000000	0.171803	0.000000	0.241348
108	tsk_108	(x)	1	:	0.000000	0.000000	0.405392	0.000000	0.000000	0.000000	0.000000	0.000000	0.000000	0.000000	0.594608	0.000000	0.000000	0.000000	0.000000
109	tsk_109	(x)	1	:	0.408749	0.064462	0.000000	0.000000	0.000000	0.000000	0.000000	0.000000	0.000000	0.000000	0.000000	0.000000	0.260191	0.000000	0.266598
110	tsk_110	(x)	1	:	0.000000	0.330403	0.000000	0.000000	0.000000	0.000000	0.000000	0.000000	0.000000	0.000000	0.000000	0.000000	0.305258	0.000000	0.364339
111	tsk_111	(x)	1	:	0.000000	0.459025	0.000000	0.000000	0.000000	0.000000	0.000000	0.000000	0.000000	0.000000	0.000000	0.000000	0.330054	0.000000	0.210921
112	tsk_112	(x)	1	:	0.000000	0.000000	0.000804	0.000000	0.000000	0.000000	0.499827	0.000000	0.499368	0.000000	0.000000	0.000000	0.000000	0.000000	0.000000
113	tsk_113	(x)	1	:	0.000000	0.133454	0.002248	0.000000	0.000000	0.000000	0.000000	0.000000	0.498254	0.000000	0.000000	0.000000	0.247135	0.000000	0.118908
114	tsk_114	(x)	1	:	0.000000	0.000000	0.000097	0.465311	0.000000	0.000000	0.000000	0.000000	0.000000	0.534591	0.000000	0.000000	0.000000	0.000000	0.000000
115	tsk_115	(x)	1	:	0.000000	0.052366	0.002564	0.000000	0.000000	0.000000	0.000000	0.000000	0.498008	0.000000	0.000000	0.000000	0.367112	0.000000	0.079949
116	tsk_116	(x)	1	:	0.409015	0.022477	0.002233	0.000000	0.000000	0.000000	0.000000	0.000000	0.498288	0.000000	0.000000	0.000000	0.055645	0.000000	0.012343
117	tsk_117	(x)	1	:	0.000000	0.000002	0.000000	0.000000	0.000000	0.000000	0.000000	0.000000	0.000000	0.999993	0.000000	0.000000	0.000002	0.000000	0.000002
118	tsk_118	(x)	1	:	0.000000	0.042770	0.002956	0.000000	0.000000	0.000000	0.000000	0.000000	0.497703	0.000000	0.000000	0.000000	0.365114	0.000000	0.091457
119	tsk_119	(x)	1	:	0.000000	0.607245	0.000000	0.000000	0.000000	0.000000	0.000000	0.000000	0.000000	0.000000	0.000000	0.000000	0.166847	0.000000	0.225907
120	tsk_120	(x)	1	:	0.000000	0.561125	0.000000	0.000000	0.000000	0.000000	0.000000	0.000000	0.000000	0.000000	0.000000	0.000000	0.230872	0.000000	0.208002
121	tsk_121	(x)	1	:	0.000000	0.414299	0.000000	0.000000	0.000000	0.000000	0.000000	0.000000	0.000000	0.000000	0.000000	0.000000	0.357348	0.000000	0.228353
122	tsk_122	(x)	1	:	0.000000	0.066184	0.000000	0.000000	0.000000	0.000000	0.000000	0.000000	0.000000	0.000000	0.500000	0.000000	0.361287	0.000000	0.072529
123	tsk_123	(x)	1	:	0.000000	0.427389	0.000000	0.000000	0.000000	0.000000	0.000000	0.000000	0.000000	0.000000	0.000000	0.000000	0.260929	0.000000	0.311682
124	tsk_124	(x)	1	:	0.000000	0.129604	0.000000	0.000000	0.000000	0.000000	0.000000	0.000000	0.000000	0.463834	0.000000	0.208277	0.074178	0.000000	0.124107
125	tsk_125	(x)	1	:	0.000000	0.571911	0.000000	0.000000	0.000000	0.000000	0.000000	0.000000	0.000000	0.000000	0.000000	0.000000	0.201352	0.000000	0.226737
126	tsk_126	(x)	1	:	0.000000	0.135397	0.000000	0.000000	0.000000	0.000000	0.000000	0.000000	0.000000	0.463827	0.000000	0.208263	0.062840	0.000000	0.129672
127	tsk_127	(x)	1	:	0.000000	0.315110	0.000000	0.000000	0.000000	0.000000	0.000000	0.000000	0.000000	0.000000	0.000000	0.000000	0.339341	0.000000	0.345548
128	tsk_128	(x)	1	:	0.000000	0.074420	0.392675	0.000000	0.000000	0.000000	0.000000	0.000000	0.000000	0.000000	0.000000	0.000000	0.249537	0.000000	0.283368
129	tsk_129	(x)	1	:	0.000000	0.579069	0.000000	0.000000	0.000000	0.000000	0.000000	0.000000	0.000000	0.000000	0.000000	0.000000	0.179103	0.000000	0.241828
130	tsk_130	(x)	1	:	0.000000	0.189551	0.000000	0.000000	0.000000	0.000000	0.000000	0.000000	0.000000	0.000000	0.500000	0.000000	0.204403	0.000000	0.106046
131	tsk_131	(x)	1	:	0.000000	0.556012	0.000000	0.000000	0.000000	0.000000	0.000000	0.000000	0.000000	0.000000	0.000000	0.000000	0.202743	0.000000	0.241244
132	tsk_132	(x)	1	:	0.000000	0.077929	0.008421	0.492725	0.000000	0.000000	0.000000	0.000000	0.000000	0.000000	0.000000	0.000000	0.079312	0.000000	0.341613
133	tsk_133	(x)	1	:	0.408752	0.374417	0.000000	0.000000	0.000000	0.000000	0.000000	0.000000	0.000000	0.000000	0.000000	0.000000	0.148219	0.000000	0.068612
134	tsk_134	(x)	1	:	0.000000	0.114063	0.000000	0.000000	0.000000	0.000000	0.000000	0.000000	0.000000	0.535063	0.000000	0.000000	0.074223	0.000000	0.276652
135	tsk_135	(x)	1	:	0.476423	0.017338	0.000000	0.000000	0.000000	0.000000	0.000000	0.000000	0.000000	0.463968	0.000000	0.000000	0.017895	0.000000	0.024376
136	tsk_136	(x)	1	:	0.409161	0.006416	0.007880	0.493234	0.000000	0.000000	0.000000	0.000000	0.000000	0.000000	0.000000	0.000000	0.044794	0.000000	0.038516
137	tsk_137	(x)	1	:	0.409056	0.021870	0.008023	0.493099	0.000000	0.000000	0.000000	0.000000	0.000000	0.000000	0.000000	0.000000	0.030690	0.000000	0.037262
138	tsk_138	(x)	1	:	0.409359	0.016316	0.000000	0.000000	0.000000	0.000000	0.000000	0.000000	0.000000	0.535201	0.000000	0.000000	0.014777	0.000000	0.024347
139	tsk_139	(x)	1	:	0.000000	0.114292	0.008069	0.493029	0.000000	0.000000	0.000000	0.000000	0.000000	0.000000	0.000000	0.000000	0.152067	0.000000	0.232542
140	tsk_140	(x)	1	:	0.000000	0.492170	0.000000	0.000000	0.000000	0.000000	0.000000	0.000000	0.000000	0.000000	0.000000	0.000000	0.268054	0.000000	0.239776
141	tsk_141	(x)	1	:	0.409215	0.018626	0.000000	0.000000	0.000000	0.000000	0.000000	0.000000	0.000000	0.535168	0.000000	0.000000	0.009837	0.000000	0.027154
142	tsk_142	(x)	1	:	0.000000	0.000000	0.468980	0.000000	0.000000	0.000000	0.000000	0.000000	0.531020	0.000000	0.000000	0.000000	0.000000	0.000000	0.000000
143	tsk_143	(x)	1	:	0.000000	0.635741	0.000000	0.000000	0.000000	0.000000	0.000000	0.000000	0.000000	0.000000	0.000000	0.000000	0.192041	0.000000	0.172218
144	tsk_144	(x)	1	:	0.000000	0.049503	0.513825	0.000000	0.000000	0.000000	0.000000	0.000000	0.000000	0.000000	0.000000	0.000000	0.218008	0.000000	0.218663
145	tsk_145	(x)	1	:	0.000000	0.366935	0.000000	0.000000	0.000000	0.000000	0.000000	0.000000	0.000000	0.000000	0.000000	0.000000	0.298149	0.000000	0.334916
146	tsk_146	(x)	1	:	0.000000	0.363660	0.000000	0.000000	0.000000	0.000000	0.000000	0.000000	0.000000	0.000000	0.000000	0.000000	0.337070	0.000000	0.299270
147	tsk_147	(x)	1	:	0.408906	0.009692	0.513842	0.000000	0.000000	0.000000	0.000000	0.000000	0.000000	0.000000	0.000000	0.000000	0.024507	0.000000	0.043053
148	tsk_148	(x)	1	:	0.000000	0.286436	0.000000	0.000000	0.000000	0.000000	0.000000	0.000000	0.000000	0.000000	0.000000	0.000000	0.396527	0.000000	0.317037
149	tsk_149	(x)	1	:	0.000000	0.111870	0.513825	0.000000	0.000000	0.000000	0.000000	0.000000	0.000000	0.000000	0.000000	0.000000	0.238828	0.000000	0.135477
