logL = -1928.789343 (converged)
AIC = 6203.578687
BIC = 9735.053887

count.K
42 35 5 5 15 28 20 

