logL = -3478.721668 (converged)
AIC = 12057.443335
BIC = 19734.563335

count.K
8 31 22 17 0 0 26 2 1 15 6 22 

