0	tsk_0	(x)	1	:	0.000000	0.000000	0.490941	0.000000	0.000000	0.000000	0.505661	0.000000	0.000000	0.000000	0.003398	0.000000	0.000000	0.000000
1	tsk_1	(x)	1	:	0.000000	0.000000	0.000000	0.000000	0.000000	0.000000	0.000000	1.000000	0.000000	0.000000	0.000000	0.000000	0.000000	0.000000
2	tsk_2	(x)	1	:	0.012903	0.000000	0.000000	0.000000	0.486538	0.000000	0.499273	0.000000	0.000000	0.000000	0.001286	0.000000	0.000000	0.000000
3	tsk_3	(x)	1	:	0.000000	0.000000	0.000000	0.000000	0.000000	0.000000	1.000000	0.000000	0.000000	0.000000	0.000000	0.000000	0.000000	0.000000
4	tsk_4	(x)	1	:	0.000000	0.000000	0.000000	0.000000	1.000000	0.000000	0.000000	0.000000	0.000000	0.000000	0.000000	0.000000	0.000000	0.000000
5	tsk_5	(x)	1	:	0.000000	0.000000	0.490991	0.000000	0.000000	0.000000	0.505972	0.000000	0.000000	0.000000	0.003036	0.000000	0.000000	0.000000
6	tsk_6	(x)	1	:	0.000000	0.000000	0.000000	0.000000	1.000000	0.000000	0.000000	0.000000	0.000000	0.000000	0.000000	0.000000	0.000000	0.000000
7	tsk_7	(x)	1	:	0.000000	0.000000	0.000000	0.000000	0.000000	0.000001	0.519869	0.000000	0.000000	0.000000	0.480131	0.000000	0.000000	0.000000
8	tsk_8	(x)	1	:	0.000001	0.000000	0.000000	0.000000	0.000000	0.000000	0.505105	0.492589	0.000000	0.000000	0.002305	0.000000	0.000000	0.000000
9	tsk_9	(x)	1	:	0.021600	0.000000	0.000000	0.000000	0.486252	0.000000	0.000000	0.492147	0.000000	0.000000	0.000000	0.000000	0.000000	0.000000
10	tsk_10	(x)	1	:	0.000003	0.000000	0.000000	0.000000	0.000000	0.000001	0.000002	0.517364	0.000000	0.000000	0.482630	0.000000	0.000000	0.000000
11	tsk_11	(x)	1	:	0.000000	0.000000	0.000000	0.000000	0.000000	0.000000	0.672441	0.000000	0.000000	0.000000	0.327559	0.000000	0.000000	0.000000
12	tsk_12	(x)	1	:	0.000075	0.000000	0.000000	0.000000	0.001052	0.499659	0.000000	0.000000	0.000000	0.000000	0.000001	0.499213	0.000000	0.000000
13	tsk_13	(x)	1	:	0.000000	0.000000	0.000000	0.000000	0.000000	0.000000	0.000000	0.512654	0.487346	0.000000	0.000000	0.000000	0.000000	0.000000
14	tsk_14	(x)	1	:	0.000003	0.000000	0.000000	0.000000	0.000000	0.000001	0.000001	0.517363	0.000000	0.000000	0.482631	0.000000	0.000000	0.000000
15	tsk_15	(x)	1	:	0.000000	0.000000	0.000000	0.000000	0.000000	0.499518	0.000000	0.000000	0.498500	0.000000	0.001981	0.000000	0.000000	0.000000
16	tsk_16	(x)	1	:	0.000000	0.000000	0.000000	0.000000	0.000000	0.000000	0.009414	0.000000	0.497749	0.000000	0.000000	0.000000	0.000000	0.492837
17	tsk_17	(x)	1	:	0.000000	0.000000	0.000000	0.000000	0.000000	0.000000	0.000000	0.494745	0.505254	0.000000	0.000000	0.000000	0.000000	0.000000
18	tsk_18	(x)	1	:	0.000000	0.000000	0.000000	0.000000	0.000043	0.000000	0.000000	0.511925	0.000000	0.000000	0.000000	0.488032	0.000000	0.000000
19	tsk_19	(x)	1	:	0.000000	0.000000	0.000000	0.000000	0.000000	0.000000	0.000000	1.000000	0.000000	0.000000	0.000000	0.000000	0.000000	0.000000
20	tsk_20	(x)	1	:	0.000000	0.000000	0.000000	0.640864	0.000000	0.000000	0.000000	0.359136	0.000000	0.000000	0.000000	0.000000	0.000000	0.000000
21	tsk_21	(x)	1	:	0.000000	0.000000	0.000000	0.000000	0.000000	0.000000	0.000000	0.000000	0.000000	0.997686	0.000000	0.000000	0.000000	0.002314
22	tsk_22	(x)	1	:	0.000000	0.000000	0.000000	0.000000	0.000000	0.000000	0.026956	0.000000	0.000000	0.000000	0.476598	0.000000	0.000000	0.496446
23	tsk_23	(x)	1	:	0.000001	0.000000	0.000000	0.000000	0.000000	0.503886	0.000001	0.492490	0.000000	0.000000	0.003621	0.000000	0.000000	0.000000
24	tsk_24	(x)	1	:	0.000000	0.000000	0.000000	0.000000	0.000000	0.000000	0.025548	0.000000	0.000000	0.000000	0.477300	0.000000	0.000000	0.497152
25	tsk_25	(x)	1	:	0.000000	0.000000	0.000000	0.000000	0.000000	0.000000	0.025628	0.000000	0.000000	0.000000	0.477260	0.000000	0.000000	0.497112
26	tsk_26	(x)	1	:	0.507839	0.000000	0.000000	0.000000	0.000000	0.000000	0.000000	0.492161	0.000000	0.000000	0.000000	0.000000	0.000000	0.000000
27	tsk_27	(x)	1	:	0.000000	0.000000	0.000000	0.000000	0.000000	0.000000	0.000000	0.000000	0.000000	0.000000	0.000000	0.000000	0.000000	1.000000
28	tsk_28	(x)	1	:	0.000000	0.000000	0.000000	0.000000	0.000000	0.000000	0.519894	0.000000	0.000000	0.000000	0.480106	0.000000	0.000000	0.000000
29	tsk_29	(x)	1	:	0.000000	0.000000	0.000000	0.000000	0.000000	0.000000	0.000000	0.000000	0.000000	0.000000	0.000000	0.000000	0.000000	1.000000
30	tsk_30	(x)	1	:	0.000000	0.000000	0.474426	0.000000	0.000000	0.000000	0.000000	0.000000	0.525574	0.000000	0.000000	0.000000	0.000000	0.000000
31	tsk_31	(x)	1	:	0.000000	0.000000	1.000000	0.000000	0.000000	0.000000	0.000000	0.000000	0.000000	0.000000	0.000000	0.000000	0.000000	0.000000
32	tsk_32	(x)	1	:	0.000000	0.000000	0.000000	0.000000	0.000000	0.000000	0.009505	0.000000	0.497733	0.000000	0.000091	0.000000	0.000000	0.492671
33	tsk_33	(x)	1	:	0.000000	0.000000	1.000000	0.000000	0.000000	0.000000	0.000000	0.000000	0.000000	0.000000	0.000000	0.000000	0.000000	0.000000
34	tsk_34	(x)	1	:	0.000000	0.000000	0.474426	0.000000	0.000000	0.000000	0.000000	0.000000	0.525574	0.000000	0.000000	0.000000	0.000000	0.000000
35	tsk_35	(x)	1	:	0.000001	0.000000	0.000000	0.000000	0.000000	0.000000	0.506457	0.492698	0.000000	0.000000	0.000844	0.000000	0.000000	0.000000
36	tsk_36	(x)	1	:	0.000000	0.000000	0.000000	0.000000	0.000000	0.000000	0.000000	1.000000	0.000000	0.000000	0.000000	0.000000	0.000000	0.000000
37	tsk_37	(x)	1	:	0.000000	0.000000	0.000000	0.000000	0.000000	0.000000	0.000000	1.000000	0.000000	0.000000	0.000000	0.000000	0.000000	0.000000
38	tsk_38	(x)	1	:	0.000000	0.000000	0.502133	0.000000	0.000000	0.000000	0.000000	0.497866	0.000000	0.000000	0.000000	0.000000	0.000000	0.000000
39	tsk_39	(x)	1	:	0.000000	0.000000	0.519010	0.000000	0.000000	0.000000	0.000000	0.480990	0.000000	0.000000	0.000000	0.000000	0.000000	0.000000
40	tsk_40	(x)	1	:	0.000000	0.000000	1.000000	0.000000	0.000000	0.000000	0.000000	0.000000	0.000000	0.000000	0.000000	0.000000	0.000000	0.000000
41	tsk_41	(x)	1	:	0.000000	0.000000	0.529302	0.000000	0.000000	0.000000	0.470689	0.000000	0.000000	0.000000	0.000009	0.000000	0.000000	0.000000
42	tsk_42	(x)	1	:	0.000000	0.000000	0.000000	0.000000	0.000000	0.999996	0.000000	0.000000	0.000000	0.000000	0.000004	0.000000	0.000000	0.000000
43	tsk_43	(x)	1	:	0.000000	0.000000	1.000000	0.000000	0.000000	0.000000	0.000000	0.000000	0.000000	0.000000	0.000000	0.000000	0.000000	0.000000
44	tsk_44	(x)	1	:	0.000000	0.000000	0.000000	0.000000	0.000000	0.495656	0.009645	0.000000	0.000000	0.000000	0.001703	0.000000	0.000000	0.492996
45	tsk_45	(x)	1	:	0.016816	0.000000	0.000000	0.000000	0.063915	0.000000	0.497636	0.000000	0.000000	0.000000	0.001827	0.000000	0.419805	0.000000
46	tsk_46	(x)	1	:	0.000000	0.000000	0.000000	0.000000	0.000000	0.000000	0.470537	0.000000	0.000000	0.000000	0.000012	0.000000	0.529451	0.000000
47	tsk_47	(x)	1	:	0.000000	0.000000	0.490772	0.000000	0.000000	0.000000	0.012059	0.000000	0.000000	0.000000	0.000885	0.000000	0.000000	0.496284
48	tsk_48	(x)	1	:	0.026448	0.000000	0.489517	0.000000	0.064312	0.000000	0.000000	0.000000	0.000000	0.000000	0.000000	0.000000	0.419723	0.000000
49	tsk_49	(x)	1	:	0.000000	0.000000	0.490787	0.000000	0.000000	0.504712	0.000000	0.000000	0.000000	0.000000	0.004501	0.000000	0.000000	0.000000
50	tsk_50	(x)	1	:	0.000000	0.000000	0.000000	0.000000	0.000000	0.000000	0.008141	0.000000	0.497899	0.000000	0.000095	0.000000	0.000000	0.493865
51	tsk_51	(x)	1	:	0.000000	0.000000	0.000000	0.509200	0.000000	0.000000	0.490679	0.000000	0.000000	0.000000	0.000121	0.000000	0.000000	0.000000
52	tsk_52	(x)	1	:	0.000000	0.000000	0.000000	0.000000	0.000000	0.000000	0.500009	0.000000	0.000000	0.000000	0.000000	0.000000	0.000000	0.499990
53	tsk_53	(x)	1	:	0.000000	0.000000	0.000000	0.000000	0.000000	0.000000	0.500010	0.000000	0.000000	0.000000	0.000000	0.000000	0.000000	0.499989
54	tsk_54	(x)	1	:	0.000000	0.000000	0.000000	0.000000	0.000000	0.000000	0.001619	0.513489	0.000000	0.000000	0.000000	0.000000	0.000000	0.484892
55	tsk_55	(x)	1	:	0.000000	0.000000	0.000000	0.000000	0.000000	0.000000	0.500026	0.000000	0.000000	0.000000	0.000000	0.000000	0.000000	0.499974
56	tsk_56	(x)	1	:	0.000000	0.000000	0.000000	0.000000	0.000000	0.000000	0.001793	0.513477	0.000000	0.000000	0.000002	0.000000	0.000000	0.484728
57	tsk_57	(x)	1	:	0.000000	0.000000	0.000000	0.508693	0.000000	0.000000	0.001376	0.000000	0.000000	0.000000	0.000000	0.000000	0.000000	0.489932
58	tsk_58	(x)	1	:	0.021589	0.000000	0.000000	0.000000	0.486262	0.000000	0.000000	0.492149	0.000000	0.000000	0.000000	0.000000	0.000000	0.000000
59	tsk_59	(x)	1	:	0.000000	0.000000	0.000000	0.000000	0.000000	0.000000	0.002172	0.513455	0.000000	0.000000	0.000000	0.000000	0.000000	0.484373
60	tsk_60	(x)	1	:	0.000000	0.000000	0.000000	0.000000	0.000000	0.000000	0.000000	1.000000	0.000000	0.000000	0.000000	0.000000	0.000000	0.000000
61	tsk_61	(x)	1	:	0.507839	0.000000	0.000000	0.000000	0.000000	0.000000	0.000000	0.492161	0.000000	0.000000	0.000000	0.000000	0.000000	0.000000
62	tsk_62	(x)	1	:	0.000000	0.000000	0.000000	0.000000	0.000000	0.000000	0.000000	0.494745	0.505254	0.000000	0.000000	0.000000	0.000000	0.000000
63	tsk_63	(x)	1	:	0.000008	0.000000	0.000000	0.000000	0.000000	0.000003	0.000008	0.493818	0.000000	0.000000	0.506162	0.000000	0.000000	0.000000
64	tsk_64	(x)	1	:	0.000000	0.000000	0.000000	0.000000	0.000000	0.000000	0.000000	1.000000	0.000000	0.000000	0.000000	0.000000	0.000000	0.000000
65	tsk_65	(x)	1	:	0.000000	0.000000	0.000000	0.000000	0.000000	0.000000	0.011149	0.000000	0.497552	0.000000	0.000000	0.000000	0.000000	0.491299
66	tsk_66	(x)	1	:	0.000000	0.000000	0.000000	0.000000	0.000000	0.000000	0.000000	0.000000	0.000000	0.000000	0.000000	0.000000	0.000000	1.000000
67	tsk_67	(x)	1	:	0.000000	0.000000	0.000000	1.000000	0.000000	0.000000	0.000000	0.000000	0.000000	0.000000	0.000000	0.000000	0.000000	0.000000
68	tsk_68	(x)	1	:	0.509955	0.000000	0.000000	0.000000	0.000000	0.000000	0.000000	0.000000	0.000000	0.000000	0.490045	0.000000	0.000000	0.000000
69	tsk_69	(x)	1	:	0.000001	0.000000	0.000000	0.000000	0.000000	0.000000	0.506149	0.492673	0.000000	0.000000	0.001177	0.000000	0.000000	0.000000
70	tsk_70	(x)	1	:	0.000002	0.000000	0.493304	0.000000	0.000000	0.000000	0.000001	0.000000	0.000000	0.000000	0.506693	0.000000	0.000000	0.000000
71	tsk_71	(x)	1	:	0.000000	0.000000	0.000000	0.000000	0.000000	0.000000	0.000000	0.000000	1.000000	0.000000	0.000000	0.000000	0.000000	0.000000
72	tsk_72	(x)	1	:	0.000000	0.000000	0.495902	0.000000	0.504093	0.000000	0.000000	0.000000	0.000002	0.000000	0.000000	0.000000	0.000003	0.000000
73	tsk_73	(x)	1	:	0.000003	0.000000	0.000000	0.000000	0.467885	0.000000	0.000000	0.000000	0.532111	0.000000	0.000000	0.000000	0.000000	0.000000
74	tsk_74	(x)	1	:	0.000000	0.000000	0.000000	0.000000	0.000000	0.000000	0.500332	0.000000	0.498631	0.000000	0.001036	0.000000	0.000000	0.000000
75	tsk_75	(x)	1	:	0.000000	0.000000	0.000000	0.000000	0.000000	0.000000	0.000000	0.000000	1.000000	0.000000	0.000000	0.000000	0.000000	0.000000
76	tsk_76	(x)	1	:	0.000003	0.000000	0.000000	0.000000	0.000000	0.000001	0.000001	0.000000	0.501894	0.000000	0.498100	0.000000	0.000000	0.000000
77	tsk_77	(x)	1	:	0.000000	0.000000	0.000000	0.000000	0.000000	0.000000	0.000000	0.494746	0.505254	0.000000	0.000000	0.000000	0.000000	0.000000
78	tsk_78	(x)	1	:	0.507839	0.000000	0.000000	0.000000	0.000000	0.000000	0.000000	0.492161	0.000000	0.000000	0.000000	0.000000	0.000000	0.000000
79	tsk_79	(x)	1	:	0.014262	0.000000	0.000000	0.000000	0.486959	0.000000	0.000000	0.000000	0.498779	0.000000	0.000000	0.000000	0.000000	0.000000
80	tsk_80	(x)	1	:	0.011747	0.000000	0.000000	0.000000	0.487199	0.000000	0.499599	0.000000	0.000000	0.000000	0.001454	0.000000	0.000000	0.000000
81	tsk_81	(x)	1	:	0.000000	0.000000	0.000000	0.000000	0.000000	0.000000	0.500300	0.000000	0.498626	0.000000	0.001074	0.000000	0.000000	0.000000
82	tsk_82	(x)	1	:	0.011478	0.000000	0.000000	0.000000	0.487309	0.000000	0.499496	0.000000	0.000000	0.000000	0.001717	0.000000	0.000000	0.000000
83	tsk_83	(x)	1	:	0.000000	0.000000	0.000000	0.000000	0.000000	0.000000	0.519869	0.000000	0.000000	0.000000	0.480131	0.000000	0.000000	0.000000
84	tsk_84	(x)	1	:	0.000000	0.000000	0.000000	0.000000	0.000000	0.000000	1.000000	0.000000	0.000000	0.000000	0.000000	0.000000	0.000000	0.000000
85	tsk_85	(x)	1	:	0.000000	0.000000	0.000000	0.000000	0.000000	0.000000	0.499952	0.000000	0.498570	0.000000	0.001478	0.000000	0.000000	0.000000
86	tsk_86	(x)	1	:	0.000000	0.000000	0.000000	0.000000	0.000000	0.000000	1.000000	0.000000	0.000000	0.000000	0.000000	0.000000	0.000000	0.000000
87	tsk_87	(x)	1	:	0.012124	0.000000	0.000000	0.000000	0.486962	0.000000	0.499406	0.000000	0.000000	0.000000	0.001508	0.000000	0.000000	0.000000
88	tsk_88	(x)	1	:	0.000000	0.000000	0.474426	0.000000	0.000000	0.000000	0.000000	0.000000	0.525574	0.000000	0.000000	0.000000	0.000000	0.000000
89	tsk_89	(x)	1	:	0.000000	0.000000	0.000000	0.000000	0.000000	0.000000	0.500045	0.000000	0.498585	0.000000	0.001369	0.000000	0.000000	0.000000
90	tsk_90	(x)	1	:	0.000000	0.000000	0.000000	0.509199	0.000000	0.000000	0.490668	0.000000	0.000000	0.000000	0.000133	0.000000	0.000000	0.000000
91	tsk_91	(x)	1	:	0.023512	0.000000	0.490031	0.000000	0.486456	0.000000	0.000000	0.000000	0.000000	0.000000	0.000000	0.000000	0.000000	0.000000
92	tsk_92	(x)	1	:	0.000000	0.000000	0.490951	0.000000	0.000000	0.000000	0.505727	0.000000	0.000000	0.000000	0.003321	0.000000	0.000000	0.000000
93	tsk_93	(x)	1	:	0.000000	0.000000	0.474426	0.000000	0.000000	0.000000	0.000000	0.000000	0.525574	0.000000	0.000000	0.000000	0.000000	0.000000
94	tsk_94	(x)	1	:	0.000000	0.000000	0.491017	0.000000	0.000000	0.000000	0.506134	0.000000	0.000000	0.000000	0.002849	0.000000	0.000000	0.000000
95	tsk_95	(x)	1	:	0.000000	0.000000	0.000000	0.508036	0.000180	0.000000	0.000000	0.000000	0.000000	0.000000	0.000000	0.491784	0.000000	0.000000
96	tsk_96	(x)	1	:	0.000000	0.000000	0.000000	0.000000	1.000000	0.000000	0.000000	0.000000	0.000000	0.000000	0.000000	0.000000	0.000000	0.000000
97	tsk_97	(x)	1	:	0.000016	0.000000	0.000000	0.000000	0.000784	0.000006	0.499760	0.000000	0.000000	0.000000	0.000005	0.499429	0.000000	0.000000
98	tsk_98	(x)	1	:	0.000000	0.000000	0.000000	0.000000	0.000000	0.000000	0.500020	0.000000	0.000000	0.000000	0.000000	0.000000	0.000000	0.499980
99	tsk_99	(x)	1	:	0.000000	0.000000	0.000000	0.000000	0.000000	0.000000	1.000000	0.000000	0.000000	0.000000	0.000000	0.000000	0.000000	0.000000
100	tsk_100	(x)	1	:	0.000000	0.000000	0.000000	0.000000	0.541726	0.000000	0.458258	0.000000	0.000000	0.000000	0.000016	0.000000	0.000000	0.000000
101	tsk_101	(x)	1	:	0.000000	0.000000	0.490946	0.000000	0.000000	0.000000	0.505696	0.000000	0.000000	0.000000	0.003358	0.000000	0.000000	0.000000
102	tsk_102	(x)	1	:	0.000000	0.000000	0.000000	0.000000	1.000000	0.000000	0.000000	0.000000	0.000000	0.000000	0.000000	0.000000	0.000000	0.000000
103	tsk_103	(x)	1	:	0.000000	0.000000	0.491000	0.000000	0.000000	0.000000	0.506031	0.000000	0.000000	0.000000	0.002968	0.000000	0.000000	0.000000
104	tsk_104	(x)	1	:	0.001672	0.000000	0.000000	0.510852	0.487476	0.000000	0.000000	0.000000	0.000000	0.000000	0.000000	0.000000	0.000000	0.000000
105	tsk_105	(x)	1	:	0.000000	0.000000	0.000000	0.000000	1.000000	0.000000	0.000000	0.000000	0.000000	0.000000	0.000000	0.000000	0.000000	0.000000
106	tsk_106	(x)	1	:	0.000000	0.000000	0.000000	0.509197	0.000000	0.000000	0.490635	0.000000	0.000000	0.000000	0.000168	0.000000	0.000000	0.000000
107	tsk_107	(x)	1	:	0.009928	0.000000	0.000000	0.000000	0.487334	0.000000	0.008113	0.000000	0.000000	0.000000	0.000452	0.000000	0.000000	0.494173
108	tsk_108	(x)	1	:	0.000000	0.000000	0.000000	1.000000	0.000000	0.000000	0.000000	0.000000	0.000000	0.000000	0.000000	0.000000	0.000000	0.000000
109	tsk_109	(x)	1	:	0.000000	0.000000	0.000000	0.000000	1.000000	0.000000	0.000000	0.000000	0.000000	0.000000	0.000000	0.000000	0.000000	0.000000
110	tsk_110	(x)	1	:	0.000000	0.000000	0.000000	0.000000	0.000000	0.000000	1.000000	0.000000	0.000000	0.000000	0.000000	0.000000	0.000000	0.000000
111	tsk_111	(x)	1	:	0.000000	0.000000	0.491004	0.000000	0.000000	0.000000	0.506056	0.000000	0.000000	0.000000	0.002939	0.000000	0.000000	0.000000
112	tsk_112	(x)	1	:	0.000000	0.000000	0.000000	0.000000	0.000000	0.000000	0.011171	0.492462	0.000000	0.000000	0.000167	0.000000	0.000000	0.496200
113	tsk_113	(x)	1	:	0.257442	0.000000	0.000000	0.000000	0.000000	0.000000	0.519436	0.000000	0.000000	0.000000	0.223121	0.000000	0.000000	0.000000
114	tsk_114	(x)	1	:	0.000000	0.000000	0.000000	0.000000	0.000000	0.000000	0.499826	0.000000	0.498550	0.000000	0.001624	0.000000	0.000000	0.000000
115	tsk_115	(x)	1	:	0.000000	0.000000	0.000000	0.000000	0.000000	0.000000	1.000000	0.000000	0.000000	0.000000	0.000000	0.000000	0.000000	0.000000
116	tsk_116	(x)	1	:	0.000000	0.000000	0.502133	0.000000	0.000000	0.000000	0.000000	0.497866	0.000000	0.000000	0.000000	0.000000	0.000000	0.000000
117	tsk_117	(x)	1	:	0.000000	0.000000	0.000000	0.000000	0.000000	0.000000	0.000000	0.494745	0.505254	0.000000	0.000000	0.000000	0.000000	0.000000
118	tsk_118	(x)	1	:	0.000000	0.000000	0.000000	0.000000	0.000000	0.000000	0.499960	0.000000	0.498571	0.000000	0.001469	0.000000	0.000000	0.000000
119	tsk_119	(x)	1	:	0.000000	0.000000	1.000000	0.000000	0.000000	0.000000	0.000000	0.000000	0.000000	0.000000	0.000000	0.000000	0.000000	0.000000
120	tsk_120	(x)	1	:	0.000000	0.000000	0.490821	0.000000	0.000000	0.000000	0.011414	0.000000	0.000000	0.000000	0.001004	0.000000	0.000000	0.496761
121	tsk_121	(x)	1	:	0.023204	0.000000	0.490107	0.000000	0.486688	0.000000	0.000000	0.000000	0.000000	0.000000	0.000000	0.000000	0.000001	0.000000
122	tsk_122	(x)	1	:	0.000000	0.000000	1.000000	0.000000	0.000000	0.000000	0.000000	0.000000	0.000000	0.000000	0.000000	0.000000	0.000000	0.000000
123	tsk_123	(x)	1	:	0.000000	0.000000	0.000000	0.000000	1.000000	0.000000	0.000000	0.000000	0.000000	0.000000	0.000000	0.000000	0.000000	0.000000
124	tsk_124	(x)	1	:	0.000000	0.000000	0.000000	0.000000	0.000000	0.000000	0.000000	0.000000	0.000000	0.000000	0.000000	0.000000	0.000000	1.000000
125	tsk_125	(x)	1	:	0.000000	0.000000	0.000000	0.000000	0.000000	0.000000	0.000000	0.000000	0.000000	0.000000	0.000000	0.000000	0.000000	1.000000
126	tsk_126	(x)	1	:	0.000000	0.000000	1.000000	0.000000	0.000000	0.000000	0.000000	0.000000	0.000000	0.000000	0.000000	0.000000	0.000000	0.000000
127	tsk_127	(x)	1	:	0.000000	0.000000	0.501587	0.383152	0.000000	0.000000	0.000000	0.115260	0.000000	0.000000	0.000000	0.000000	0.000000	0.000000
128	tsk_128	(x)	1	:	0.000000	0.000000	0.501587	0.383152	0.000000	0.000000	0.000000	0.115260	0.000000	0.000000	0.000000	0.000000	0.000000	0.000000
129	tsk_129	(x)	1	:	0.023061	0.000000	0.490142	0.000000	0.486796	0.000000	0.000000	0.000000	0.000000	0.000000	0.000000	0.000000	0.000000	0.000000
130	tsk_130	(x)	1	:	0.000000	0.000000	0.486626	0.000000	0.000000	0.000000	0.000000	0.513374	0.000000	0.000000	0.000000	0.000000	0.000000	0.000000
131	tsk_131	(x)	1	:	0.012321	0.000000	0.000000	0.000000	0.486801	0.000000	0.499149	0.000000	0.000000	0.000000	0.001729	0.000000	0.000000	0.000000
132	tsk_132	(x)	1	:	0.569143	0.000000	0.157713	0.000000	0.000000	0.000000	0.000000	0.000000	0.273144	0.000000	0.000000	0.000000	0.000000	0.000000
133	tsk_133	(x)	1	:	0.464271	0.535724	0.000000	0.000000	0.000000	0.000000	0.000000	0.000000	0.000000	0.000000	0.000005	0.000000	0.000000	0.000000
134	tsk_134	(x)	1	:	0.000001	0.000000	0.000000	0.000000	0.000000	0.000000	0.505450	0.492617	0.000000	0.000000	0.001932	0.000000	0.000000	0.000000
135	tsk_135	(x)	1	:	0.000000	0.000000	0.486626	0.000000	0.000000	0.000000	0.000000	0.513374	0.000000	0.000000	0.000000	0.000000	0.000000	0.000000
136	tsk_136	(x)	1	:	0.000000	0.556357	0.000000	0.443643	0.000000	0.000000	0.000000	0.000000	0.000000	0.000000	0.000000	0.000000	0.000000	0.000000
137	tsk_137	(x)	1	:	0.000000	0.000000	0.000000	0.000000	0.000000	0.000000	0.000000	0.494745	0.505254	0.000000	0.000000	0.000000	0.000000	0.000000
138	tsk_138	(x)	1	:	0.021575	0.000000	0.000000	0.000000	0.486274	0.000000	0.000000	0.492151	0.000000	0.000000	0.000000	0.000000	0.000000	0.000000
139	tsk_139	(x)	1	:	0.021579	0.000000	0.000000	0.000000	0.486270	0.000000	0.000000	0.492150	0.000000	0.000000	0.000000	0.000000	0.000000	0.000000
140	tsk_140	(x)	1	:	0.009815	0.000000	0.000000	0.000000	0.487161	0.000000	0.009887	0.000000	0.000000	0.000000	0.000322	0.000000	0.000000	0.492815
141	tsk_141	(x)	1	:	0.000000	0.000000	0.000000	0.000000	0.000000	0.000000	0.000000	0.000000	0.000000	0.000000	0.000000	0.000000	0.000000	1.000000
142	tsk_142	(x)	1	:	0.000000	0.000000	1.000000	0.000000	0.000000	0.000000	0.000000	0.000000	0.000000	0.000000	0.000000	0.000000	0.000000	0.000000
143	tsk_143	(x)	1	:	0.513674	0.000000	0.000000	0.000000	0.486326	0.000000	0.000000	0.000000	0.000000	0.000000	0.000000	0.000000	0.000000	0.000000
144	tsk_144	(x)	1	:	0.000000	0.000000	0.000000	0.000000	1.000000	0.000000	0.000000	0.000000	0.000000	0.000000	0.000000	0.000000	0.000000	0.000000
145	tsk_145	(x)	1	:	0.000000	0.000000	0.000000	0.000000	0.000000	0.000000	0.001872	0.513471	0.000000	0.000000	0.000002	0.000000	0.000000	0.484655
146	tsk_146	(x)	1	:	0.000000	0.000000	0.000000	0.000000	1.000000	0.000000	0.000000	0.000000	0.000000	0.000000	0.000000	0.000000	0.000000	0.000000
147	tsk_147	(x)	1	:	0.000000	0.000000	0.591399	0.000000	0.000000	0.000000	0.000000	0.000000	0.408601	0.000000	0.000000	0.000000	0.000000	0.000000
148	tsk_148	(x)	1	:	0.000000	0.000000	0.501337	0.000000	0.000000	0.000000	0.000000	0.498663	0.000000	0.000000	0.000000	0.000000	0.000000	0.000000
149	tsk_149	(x)	1	:	0.000000	0.000000	1.000000	0.000000	0.000000	0.000000	0.000000	0.000000	0.000000	0.000000	0.000000	0.000000	0.000000	0.000000
