logL = -727.836704 (converged)
AIC = 1831.673408
BIC = 2397.672844

count.K
133 17 

