logL = -362.059955 (converged)
AIC = 3466.119909
BIC = 7593.700897

count.K
27 4 62 1 16 6 6 26 2 

