logL = -1562.100465 (converged)
AIC = 4714.200930
BIC = 7107.655989

count.K
26 30 42 47 5 

