logL = -1043.591201 (converged)
AIC = 4715.182402
BIC = 8671.157179

count.K
27 2 15 6 33 20 15 32 

