logL = -1567.345870 (converged)
AIC = 6814.691740
BIC = 12354.260681

count.K
11 42 12 7 1 32 12 11 20 2 

