logL = -2553.412187 (converged)
AIC = 6856.824374
BIC = 9491.130257

count.K
48 24 40 12 26 

