logL = -1293.671453 (converged)
AIC = 4567.342906
BIC = 7547.871847

count.K
43 19 35 12 12 29 

