logL = -1274.711767 (converged)
AIC = 6905.423535
BIC = 13462.587205

count.K
1 3 19 39 2 15 5 11 12 19 19 5 

