logL = -407.421137 (converged)
AIC = 2078.842274
BIC = 3725.309831

count.K
36 1 17 6 1 39 

