logL = -320.666378 (converged)
AIC = 2191.332755
BIC = 4210.339649

count.K
30 13 4 5 2 39 7 

