logL = -839.342486 (converged)
AIC = 3326.684972
BIC = 5473.345205

count.K
20 42 2 22 4 9 1 

