0	tsk_0	(x)	1	:	0.000000	0.000000	0.059325	0.227467	0.000000	0.000000	0.498123	0.000000	0.215084	0.000000
1	tsk_1	(x)	1	:	0.000000	0.000000	0.000000	0.000000	0.000000	0.000000	0.000000	0.000000	1.000000	0.000000
2	tsk_2	(x)	1	:	0.498209	0.000000	0.061619	0.000000	0.000000	0.000000	0.000000	0.000000	0.440172	0.000000
3	tsk_3	(x)	1	:	0.000000	0.000000	0.000000	0.000000	0.000000	0.435976	0.041960	0.000000	0.000000	0.522064
4	tsk_4	(x)	1	:	0.000000	0.000000	0.061633	0.000000	0.000000	0.435104	0.063046	0.000000	0.440216	0.000000
5	tsk_5	(x)	1	:	0.000008	0.000000	0.000000	0.000000	0.000000	0.434864	0.073628	0.000000	0.000000	0.491500
6	tsk_6	(x)	1	:	0.000000	0.000000	0.000000	0.513941	0.000000	0.435362	0.050697	0.000000	0.000000	0.000000
7	tsk_7	(x)	1	:	0.000000	0.000000	0.031269	0.466827	0.501903	0.000000	0.000000	0.000000	0.000000	0.000000
8	tsk_8	(x)	1	:	0.000000	0.000000	0.000000	0.513941	0.000000	0.435361	0.050698	0.000000	0.000000	0.000000
9	tsk_9	(x)	1	:	0.000000	0.000000	0.000000	0.000000	0.000000	0.000000	0.000000	0.000000	1.000000	0.000000
10	tsk_10	(x)	1	:	0.501048	0.000000	0.000000	0.000000	0.000000	0.000000	0.498952	0.000000	0.000000	0.000000
11	tsk_11	(x)	1	:	0.000000	0.498794	0.003298	0.000000	0.000000	0.000000	0.497907	0.000000	0.000000	0.000000
12	tsk_12	(x)	1	:	1.000000	0.000000	0.000000	0.000000	0.000000	0.000000	0.000000	0.000000	0.000000	0.000000
13	tsk_13	(x)	1	:	0.000000	0.535612	0.000000	0.464366	0.000000	0.000000	0.000000	0.000000	0.000022	0.000000
14	tsk_14	(x)	1	:	1.000000	0.000000	0.000000	0.000000	0.000000	0.000000	0.000000	0.000000	0.000000	0.000000
15	tsk_15	(x)	1	:	1.000000	0.000000	0.000000	0.000000	0.000000	0.000000	0.000000	0.000000	0.000000	0.000000
16	tsk_16	(x)	1	:	0.498468	0.501037	0.000494	0.000000	0.000000	0.000000	0.000000	0.000000	0.000000	0.000000
17	tsk_17	(x)	1	:	0.501048	0.000000	0.000000	0.000000	0.000000	0.000000	0.498952	0.000000	0.000000	0.000000
18	tsk_18	(x)	1	:	0.497942	0.498927	0.003131	0.000000	0.000000	0.000000	0.000000	0.000000	0.000000	0.000000
19	tsk_19	(x)	1	:	0.498222	0.000000	0.061498	0.000000	0.000000	0.000000	0.000000	0.000000	0.440280	0.000000
20	tsk_20	(x)	1	:	0.000000	1.000000	0.000000	0.000000	0.000000	0.000000	0.000000	0.000000	0.000000	0.000000
21	tsk_21	(x)	1	:	0.497771	0.498236	0.003993	0.000000	0.000000	0.000000	0.000000	0.000000	0.000000	0.000000
22	tsk_22	(x)	1	:	1.000000	0.000000	0.000000	0.000000	0.000000	0.000000	0.000000	0.000000	0.000000	0.000000
23	tsk_23	(x)	1	:	1.000000	0.000000	0.000000	0.000000	0.000000	0.000000	0.000000	0.000000	0.000000	0.000000
24	tsk_24	(x)	1	:	1.000000	0.000000	0.000000	0.000000	0.000000	0.000000	0.000000	0.000000	0.000000	0.000000
25	tsk_25	(x)	1	:	0.497839	0.498511	0.003650	0.000000	0.000000	0.000000	0.000000	0.000000	0.000000	0.000000
26	tsk_26	(x)	1	:	0.497929	0.498874	0.003197	0.000000	0.000000	0.000000	0.000000	0.000000	0.000000	0.000000
27	tsk_27	(x)	1	:	0.498093	0.499535	0.002371	0.000000	0.000000	0.000000	0.000000	0.000000	0.000000	0.000000
28	tsk_28	(x)	1	:	0.498209	0.000000	0.501791	0.000000	0.000000	0.000000	0.000000	0.000000	0.000000	0.000000
29	tsk_29	(x)	1	:	0.498209	0.000000	0.501791	0.000000	0.000000	0.000000	0.000000	0.000000	0.000000	0.000000
30	tsk_30	(x)	1	:	0.000000	0.000000	0.000000	0.000000	0.504211	0.000000	0.000000	0.000000	0.495789	0.000000
31	tsk_31	(x)	1	:	0.000000	0.000000	0.061624	0.000000	0.000000	0.435101	0.063051	0.000000	0.440224	0.000000
32	tsk_32	(x)	1	:	0.000000	0.000000	0.498402	0.000000	0.501598	0.000000	0.000000	0.000000	0.000000	0.000000
33	tsk_33	(x)	1	:	0.000000	0.000000	0.498402	0.000000	0.501598	0.000000	0.000000	0.000000	0.000000	0.000000
34	tsk_34	(x)	1	:	0.000000	0.000000	0.000000	0.000000	0.000000	1.000000	0.000000	0.000000	0.000000	0.000000
35	tsk_35	(x)	1	:	0.303220	0.000000	0.000000	0.000000	0.000000	0.000000	0.000000	0.696780	0.000000	0.000000
36	tsk_36	(x)	1	:	0.000000	0.000000	0.061570	0.000000	0.000000	0.435082	0.063075	0.000000	0.440273	0.000000
37	tsk_37	(x)	1	:	0.000000	0.000000	0.559847	0.000000	0.000000	0.000000	0.000000	0.000000	0.440153	0.000000
38	tsk_38	(x)	1	:	0.345798	0.000000	0.000000	0.000000	0.000000	0.000000	0.000000	0.369135	0.285068	0.000000
39	tsk_39	(x)	1	:	0.000000	0.000000	0.061640	0.000000	0.000000	0.435107	0.063043	0.000000	0.440210	0.000000
40	tsk_40	(x)	1	:	0.211813	0.000000	0.000000	0.000000	0.000000	0.000000	0.000000	0.000000	0.000000	0.788187
41	tsk_41	(x)	1	:	0.498209	0.000000	0.501790	0.000000	0.000000	0.000000	0.000000	0.000000	0.000000	0.000000
42	tsk_42	(x)	1	:	0.000000	0.000000	0.559847	0.000000	0.000000	0.000000	0.000000	0.000000	0.440153	0.000000
43	tsk_43	(x)	1	:	0.000000	0.000000	0.059299	0.227465	0.000000	0.000000	0.498125	0.000000	0.215111	0.000000
44	tsk_44	(x)	1	:	0.000000	0.000000	0.000000	0.426104	0.000000	0.000000	0.000000	0.000000	0.573896	0.000000
45	tsk_45	(x)	1	:	0.417537	0.000000	0.000000	0.000000	0.000000	0.000000	0.481448	0.101015	0.000000	0.000000
46	tsk_46	(x)	1	:	0.498209	0.000000	0.501790	0.000000	0.000000	0.000000	0.000000	0.000000	0.000000	0.000000
47	tsk_47	(x)	1	:	0.000000	0.000000	0.000000	0.229634	0.000000	0.000000	0.000000	0.000000	0.770366	0.000000
48	tsk_48	(x)	1	:	0.000005	0.000000	0.066020	0.000000	0.000000	0.000000	0.000000	0.000000	0.440304	0.493670
49	tsk_49	(x)	1	:	0.560277	0.000000	0.000000	0.000000	0.000000	0.000000	0.000000	0.000000	0.000000	0.439723
50	tsk_50	(x)	1	:	0.000000	0.000000	0.059189	0.255148	0.000000	0.321652	0.176494	0.000000	0.187517	0.000000
51	tsk_51	(x)	1	:	0.498209	0.000000	0.501791	0.000000	0.000000	0.000000	0.000000	0.000000	0.000000	0.000000
52	tsk_52	(x)	1	:	0.470687	0.000000	0.000000	0.000000	0.000000	0.000000	0.529312	0.000000	0.000000	0.000000
53	tsk_53	(x)	1	:	0.000000	0.000000	0.000000	0.000000	0.000000	0.511345	0.488655	0.000000	0.000000	0.000000
54	tsk_54	(x)	1	:	0.000000	0.000000	0.000000	0.000000	0.000000	0.511345	0.488655	0.000000	0.000000	0.000000
55	tsk_55	(x)	1	:	0.000000	0.000000	0.501863	0.000000	0.000000	0.321657	0.176480	0.000000	0.000000	0.000000
56	tsk_56	(x)	1	:	0.498209	0.000000	0.501791	0.000000	0.000000	0.000000	0.000000	0.000000	0.000000	0.000000
57	tsk_57	(x)	1	:	0.000000	0.000000	0.501863	0.000000	0.000000	0.321658	0.176479	0.000000	0.000000	0.000000
58	tsk_58	(x)	1	:	0.000000	0.000000	1.000000	0.000000	0.000000	0.000000	0.000000	0.000000	0.000000	0.000000
59	tsk_59	(x)	1	:	0.000000	0.000000	0.000000	0.000000	0.000000	0.240511	0.759489	0.000000	0.000000	0.000000
60	tsk_60	(x)	1	:	0.000000	0.000000	0.355077	0.000000	0.000000	0.000000	0.000000	0.000000	0.644923	0.000000
61	tsk_61	(x)	1	:	0.000000	0.000000	0.000000	0.000000	0.000000	0.435162	0.029735	0.000000	0.535102	0.000000
62	tsk_62	(x)	1	:	1.000000	0.000000	0.000000	0.000000	0.000000	0.000000	0.000000	0.000000	0.000000	0.000000
63	tsk_63	(x)	1	:	0.000000	0.000000	0.000000	0.000000	0.000000	0.000000	0.482378	0.000000	0.517622	0.000000
64	tsk_64	(x)	1	:	0.000000	0.000000	0.000000	0.000000	0.000000	0.435623	0.564377	0.000000	0.000000	0.000000
65	tsk_65	(x)	1	:	0.000000	0.000000	0.501893	0.000000	0.000000	0.000000	0.498107	0.000000	0.000000	0.000000
66	tsk_66	(x)	1	:	0.000000	0.355077	0.000000	0.000000	0.000000	0.000000	0.000000	0.000000	0.644923	0.000000
67	tsk_67	(x)	1	:	0.000000	0.499448	0.002537	0.000000	0.000000	0.000000	0.498016	0.000000	0.000000	0.000000
68	tsk_68	(x)	1	:	0.000000	0.000000	0.000000	0.000000	0.000000	0.000000	0.000000	0.000000	1.000000	0.000000
69	tsk_69	(x)	1	:	0.000000	0.000000	0.000000	0.000000	0.000000	0.435623	0.564377	0.000000	0.000000	0.000000
70	tsk_70	(x)	1	:	0.000000	0.000000	0.000000	0.000000	0.000000	0.000000	1.000000	0.000000	0.000000	0.000000
71	tsk_71	(x)	1	:	0.000000	0.000000	0.559847	0.000000	0.000000	0.000000	0.000000	0.000000	0.440152	0.000000
72	tsk_72	(x)	1	:	0.000000	0.000000	0.559848	0.000000	0.000000	0.000000	0.000000	0.000000	0.440152	0.000000
73	tsk_73	(x)	1	:	0.000000	0.000000	0.061563	0.000000	0.000000	0.000000	0.498118	0.000000	0.440319	0.000000
74	tsk_74	(x)	1	:	0.000000	0.000000	0.061659	0.000000	0.000000	0.000000	0.498111	0.000000	0.440229	0.000000
75	tsk_75	(x)	1	:	0.000000	0.000000	0.061482	0.000000	0.000000	0.000000	0.498124	0.000000	0.440394	0.000000
76	tsk_76	(x)	1	:	0.000000	0.000000	0.559847	0.000000	0.000000	0.000000	0.000000	0.000000	0.440152	0.000000
77	tsk_77	(x)	1	:	0.000000	0.000000	0.501893	0.000000	0.000000	0.000000	0.498107	0.000000	0.000000	0.000000
78	tsk_78	(x)	1	:	0.000000	0.000000	0.000000	0.000000	0.000000	0.000000	1.000000	0.000000	0.000000	0.000000
79	tsk_79	(x)	1	:	0.000000	0.000000	0.000000	0.000000	0.000000	0.000000	1.000000	0.000000	0.000000	0.000000
80	tsk_80	(x)	1	:	0.000000	0.000000	0.000000	0.000000	0.000000	0.435124	0.047287	0.000000	0.517589	0.000000
81	tsk_81	(x)	1	:	0.000000	0.500000	0.500000	0.000000	0.000000	0.000000	0.000000	0.000000	0.000000	0.000000
82	tsk_82	(x)	1	:	0.000000	0.499031	0.003022	0.000000	0.000000	0.000000	0.497947	0.000000	0.000000	0.000000
83	tsk_83	(x)	1	:	0.000000	0.000000	0.000000	0.000000	0.000000	0.000000	1.000000	0.000000	0.000000	0.000000
84	tsk_84	(x)	1	:	0.000000	0.000000	0.501854	0.000000	0.000000	0.435127	0.063019	0.000000	0.000000	0.000000
85	tsk_85	(x)	1	:	0.000000	0.000000	0.501854	0.000000	0.000000	0.435127	0.063019	0.000000	0.000000	0.000000
86	tsk_86	(x)	1	:	0.000000	0.498792	0.003265	0.000000	0.000000	0.435149	0.062795	0.000000	0.000000	0.000000
87	tsk_87	(x)	1	:	0.000000	0.000000	0.000000	0.000000	0.000000	0.435623	0.564377	0.000000	0.000000	0.000000
88	tsk_88	(x)	1	:	0.000000	0.000000	0.000000	0.000000	0.503222	0.435490	0.061288	0.000000	0.000000	0.000000
89	tsk_89	(x)	1	:	0.000000	0.499852	0.002065	0.000000	0.000000	0.000000	0.498083	0.000000	0.000000	0.000000
90	tsk_90	(x)	1	:	0.000000	0.000000	0.000000	0.000000	0.000000	1.000000	0.000000	0.000000	0.000000	0.000000
91	tsk_91	(x)	1	:	0.000000	0.000000	0.501863	0.000000	0.000000	0.321657	0.176480	0.000000	0.000000	0.000000
92	tsk_92	(x)	1	:	0.000000	0.000000	0.000000	0.000000	0.503222	0.435490	0.061288	0.000000	0.000000	0.000000
93	tsk_93	(x)	1	:	0.000000	0.000000	0.050767	0.254700	0.501784	0.000000	0.000000	0.000000	0.192749	0.000000
94	tsk_94	(x)	1	:	0.497241	0.000000	0.000000	0.000000	0.502758	0.000000	0.000000	0.000000	0.000000	0.000000
95	tsk_95	(x)	1	:	0.000000	0.000000	0.498402	0.000000	0.501598	0.000000	0.000000	0.000000	0.000000	0.000000
96	tsk_96	(x)	1	:	0.497241	0.000000	0.000000	0.000000	0.502758	0.000000	0.000000	0.000000	0.000000	0.000000
97	tsk_97	(x)	1	:	0.000000	0.000000	0.000000	0.000000	0.000000	1.000000	0.000000	0.000000	0.000000	0.000000
98	tsk_98	(x)	1	:	0.000000	0.000000	0.059119	0.255142	0.000000	0.435088	0.063073	0.000000	0.187578	0.000000
99	tsk_99	(x)	1	:	0.000000	0.000000	0.051236	0.254738	0.501767	0.000000	0.000000	0.000000	0.192259	0.000000
