logL = -360.216553 (converged)
AIC = 2440.433106
BIC = 4680.879466

count.K
29 3 10 20 5 22 10 1 

