logL = -452.844575 (converged)
AIC = 2371.689149
BIC = 4281.278896

count.K
21 10 26 7 13 17 6 

