logL = -660.837108 (converged)
AIC = 3407.674217
BIC = 6124.866721

count.K
1 5 8 50 3 7 1 14 11 

