logL = -848.910919 (converged)
AIC = 2505.821838
BIC = 3558.310593

count.K
43 15 33 9 

