logL = -333.224465 (converged)
AIC = 2572.448931
BIC = 5055.176118

count.K
6 39 11 4 1 1 3 5 30 

