logL = -459.744417 (converged)
AIC = 2469.488833
BIC = 4488.495728

count.K
26 8 5 33 0 11 17 

