logL = -411.618834 (converged)
AIC = 2051.237669
BIC = 3650.812163

count.K
29 13 10 4 21 23 

