logL = -540.498066 (converged)
AIC = 3440.996131
BIC = 6515.096951

count.K
5 6 6 2 9 1 9 37 5 20 

