logL = -655.154023 (converged)
AIC = 2420.308045
BIC = 3866.177498

count.K
7 41 34 8 10 

