logL = -291.916560 (converged)
AIC = 2287.833119
BIC = 4507.438118

count.K
39 17 7 1 12 10 5 9 

