0	tsk_0	(x)	1	:	0.000000	0.000000	0.563177	0.436823	0.000000	0.000000
1	tsk_1	(x)	1	:	0.000000	0.186396	0.505389	0.000000	0.000000	0.308215
2	tsk_2	(x)	1	:	0.000000	0.000000	0.000000	0.000000	1.000000	0.000000
3	tsk_3	(x)	1	:	0.000000	0.000000	0.000000	1.000000	0.000000	0.000000
4	tsk_4	(x)	1	:	0.000000	0.328767	0.000000	0.000000	0.498770	0.172463
5	tsk_5	(x)	1	:	0.000000	0.000000	0.000088	0.528159	0.471753	0.000000
6	tsk_6	(x)	1	:	0.000000	0.293584	0.000000	0.000000	0.498770	0.207646
7	tsk_7	(x)	1	:	0.000000	0.226020	0.000000	0.000000	0.498770	0.275210
8	tsk_8	(x)	1	:	0.000000	0.277093	0.000000	0.499552	0.000000	0.223355
9	tsk_9	(x)	1	:	0.000000	0.000000	0.000088	0.528159	0.471753	0.000000
10	tsk_10	(x)	1	:	0.000000	0.507905	0.000000	0.000000	0.000000	0.492095
11	tsk_11	(x)	1	:	0.000000	0.491458	0.000000	0.000000	0.000000	0.508542
12	tsk_12	(x)	1	:	0.000000	0.223885	0.000000	0.499552	0.000000	0.276563
13	tsk_13	(x)	1	:	0.000000	0.534587	0.000000	0.000000	0.000000	0.465412
14	tsk_14	(x)	1	:	0.499632	0.227681	0.000000	0.000000	0.000000	0.272687
15	tsk_15	(x)	1	:	0.000000	0.000000	1.000000	0.000000	0.000000	0.000000
16	tsk_16	(x)	1	:	0.000000	0.000000	0.000000	1.000000	0.000000	0.000000
17	tsk_17	(x)	1	:	0.000000	0.087639	0.000000	0.352664	0.146221	0.413476
18	tsk_18	(x)	1	:	0.000000	0.339533	0.000000	0.499552	0.000000	0.160914
19	tsk_19	(x)	1	:	0.000000	0.000000	0.480829	0.000000	0.519171	0.000000
20	tsk_20	(x)	1	:	0.000000	0.000000	0.000092	0.528155	0.471753	0.000000
21	tsk_21	(x)	1	:	0.515849	0.000000	0.000000	0.000000	0.484151	0.000000
22	tsk_22	(x)	1	:	0.000000	0.572428	0.000000	0.000000	0.000000	0.427572
23	tsk_23	(x)	1	:	0.499632	0.285823	0.000000	0.000000	0.000000	0.214545
24	tsk_24	(x)	1	:	0.515785	0.000000	0.000000	0.000000	0.484215	0.000000
25	tsk_25	(x)	1	:	0.506485	0.333734	0.000000	0.000000	0.000000	0.159781
26	tsk_26	(x)	1	:	0.499632	0.307436	0.000000	0.000000	0.000000	0.192932
27	tsk_27	(x)	1	:	0.000000	0.604443	0.000000	0.000000	0.000000	0.395557
28	tsk_28	(x)	1	:	0.499632	0.367221	0.000000	0.000000	0.000000	0.133147
29	tsk_29	(x)	1	:	0.000000	0.244899	0.000000	0.000000	0.498770	0.256331
30	tsk_30	(x)	1	:	0.000000	0.219969	0.000000	0.000000	0.498770	0.281261
31	tsk_31	(x)	1	:	0.000000	0.000000	0.000000	0.000000	1.000000	0.000000
32	tsk_32	(x)	1	:	0.000000	0.268775	0.000000	0.000000	0.505628	0.225596
33	tsk_33	(x)	1	:	0.000000	0.235210	0.000000	0.000000	0.505628	0.259162
34	tsk_34	(x)	1	:	0.000000	0.665821	0.000000	0.000000	0.000000	0.334179
35	tsk_35	(x)	1	:	0.000000	0.666403	0.000000	0.000000	0.000000	0.333597
36	tsk_36	(x)	1	:	0.000000	0.206520	0.000000	0.000000	0.498770	0.294711
37	tsk_37	(x)	1	:	0.515939	0.000000	0.000000	0.000000	0.484061	0.000000
38	tsk_38	(x)	1	:	0.000000	0.233108	0.000000	0.000000	0.505628	0.261264
39	tsk_39	(x)	1	:	0.000000	0.234443	0.000000	0.000000	0.498770	0.266787
40	tsk_40	(x)	1	:	0.000000	0.543116	0.000000	0.000000	0.000000	0.456884
41	tsk_41	(x)	1	:	0.000000	0.547124	0.000000	0.000000	0.000000	0.452876
42	tsk_42	(x)	1	:	0.000000	0.768376	0.000000	0.000000	0.000000	0.231624
43	tsk_43	(x)	1	:	0.000000	0.269590	0.000000	0.000000	0.498770	0.231641
44	tsk_44	(x)	1	:	0.000000	0.566896	0.000000	0.000000	0.000000	0.433104
45	tsk_45	(x)	1	:	0.000000	0.664090	0.000000	0.000000	0.000000	0.335910
46	tsk_46	(x)	1	:	0.000000	0.564177	0.000000	0.000000	0.000000	0.435823
47	tsk_47	(x)	1	:	0.000000	0.539325	0.000000	0.000000	0.000000	0.460675
48	tsk_48	(x)	1	:	0.000000	0.551146	0.000000	0.000000	0.000000	0.448854
49	tsk_49	(x)	1	:	0.000000	0.566187	0.000000	0.000000	0.000000	0.433813
50	tsk_50	(x)	1	:	0.000000	0.243035	0.000000	0.000000	0.498770	0.258196
51	tsk_51	(x)	1	:	0.000000	0.000000	1.000000	0.000000	0.000000	0.000000
52	tsk_52	(x)	1	:	0.000000	0.633785	0.000000	0.000000	0.000000	0.366215
53	tsk_53	(x)	1	:	0.000000	0.686385	0.000000	0.000000	0.000000	0.313615
54	tsk_54	(x)	1	:	0.515791	0.000000	0.000000	0.000000	0.484208	0.000000
55	tsk_55	(x)	1	:	0.000000	0.585907	0.000000	0.000000	0.000000	0.414093
56	tsk_56	(x)	1	:	0.000000	0.245248	0.000000	0.000000	0.498770	0.255982
57	tsk_57	(x)	1	:	0.000000	0.274971	0.000000	0.000000	0.498770	0.226259
58	tsk_58	(x)	1	:	0.000000	0.000000	1.000000	0.000000	0.000000	0.000000
59	tsk_59	(x)	1	:	0.000000	0.357010	0.000000	0.000000	0.498770	0.144220
60	tsk_60	(x)	1	:	0.000000	0.000000	0.000000	0.000000	1.000000	0.000000
61	tsk_61	(x)	1	:	0.000000	0.836042	0.000000	0.000000	0.000000	0.163958
62	tsk_62	(x)	1	:	0.499632	0.235142	0.000000	0.000000	0.000000	0.265227
63	tsk_63	(x)	1	:	0.000000	0.568750	0.000000	0.000000	0.000000	0.431250
64	tsk_64	(x)	1	:	0.000000	0.491155	0.000000	0.000000	0.000000	0.508845
65	tsk_65	(x)	1	:	0.000000	0.649277	0.000000	0.000000	0.000000	0.350723
66	tsk_66	(x)	1	:	0.000000	0.321570	0.000000	0.000001	0.505882	0.172546
67	tsk_67	(x)	1	:	0.000000	0.221473	0.000000	0.000002	0.492549	0.285976
68	tsk_68	(x)	1	:	0.000000	0.708930	0.000000	0.000000	0.000000	0.291070
69	tsk_69	(x)	1	:	0.000000	0.251173	0.000000	0.000002	0.505881	0.242944
70	tsk_70	(x)	1	:	0.000000	0.267060	0.000000	0.000000	0.498770	0.234171
71	tsk_71	(x)	1	:	0.406330	0.000000	0.000000	0.000000	0.593670	0.000000
72	tsk_72	(x)	1	:	0.000000	0.212384	0.000000	0.000000	0.498770	0.288846
73	tsk_73	(x)	1	:	0.499632	0.339833	0.000000	0.000000	0.000000	0.160535
74	tsk_74	(x)	1	:	0.000000	0.000000	0.000000	0.000000	1.000000	0.000000
75	tsk_75	(x)	1	:	0.515846	0.000000	0.000000	0.000000	0.484154	0.000000
76	tsk_76	(x)	1	:	0.406182	0.000000	0.000000	0.000000	0.593818	0.000000
77	tsk_77	(x)	1	:	0.000000	0.000000	1.000000	0.000000	0.000000	0.000000
78	tsk_78	(x)	1	:	0.517917	0.000000	0.000000	0.000000	0.482083	0.000000
79	tsk_79	(x)	1	:	0.000000	0.000000	0.000000	0.000000	1.000000	0.000000
80	tsk_80	(x)	1	:	0.000000	0.000000	1.000000	0.000000	0.000000	0.000000
81	tsk_81	(x)	1	:	0.000000	0.000000	0.000000	0.000000	1.000000	0.000000
82	tsk_82	(x)	1	:	0.499632	0.300165	0.000000	0.000000	0.000000	0.200203
83	tsk_83	(x)	1	:	0.000000	0.000000	0.000000	0.000000	1.000000	0.000000
84	tsk_84	(x)	1	:	0.000000	0.000000	0.000089	0.528158	0.471753	0.000000
85	tsk_85	(x)	1	:	0.000000	0.311068	0.000000	0.000000	0.498770	0.190162
86	tsk_86	(x)	1	:	0.000000	0.000000	1.000000	0.000000	0.000000	0.000000
87	tsk_87	(x)	1	:	0.000000	0.000000	1.000000	0.000000	0.000000	0.000000
88	tsk_88	(x)	1	:	0.499632	0.280210	0.000000	0.000000	0.000000	0.220158
89	tsk_89	(x)	1	:	0.499632	0.279536	0.000000	0.000000	0.000000	0.220832
90	tsk_90	(x)	1	:	0.000000	0.000000	0.478280	0.521720	0.000000	0.000000
91	tsk_91	(x)	1	:	0.000000	0.000000	0.598465	0.000000	0.401535	0.000000
92	tsk_92	(x)	1	:	0.000000	0.000000	0.000000	0.000000	1.000000	0.000000
93	tsk_93	(x)	1	:	0.000000	0.165526	0.000000	0.000000	0.498770	0.335704
94	tsk_94	(x)	1	:	0.000000	0.000000	0.598465	0.000000	0.401535	0.000000
95	tsk_95	(x)	1	:	0.515829	0.000000	0.000000	0.000000	0.484171	0.000000
96	tsk_96	(x)	1	:	0.000000	0.000000	0.000092	0.528155	0.471753	0.000000
97	tsk_97	(x)	1	:	0.000000	0.214221	0.000000	0.000000	0.498770	0.287010
98	tsk_98	(x)	1	:	0.000000	0.000000	0.000000	0.000000	1.000000	0.000000
99	tsk_99	(x)	1	:	0.000000	0.000000	1.000000	0.000000	0.000000	0.000000
