logL = -664.159632 (converged)
AIC = 1878.319265
BIC = 2594.741066

count.K
50 17 33 

