logL = -506.056415 (converged)
AIC = 3098.112830
BIC = 5815.305334

count.K
2 7 3 15 9 1 40 19 4 

