logL = -608.213004 (converged)
AIC = 3556.426007
BIC = 6604.475125

count.K
4 1 3 6 35 25 3 0 0 23 

