logL = -353.517863 (converged)
AIC = 1419.035726
BIC = 2346.476312

count.K
25 33 6 36 

