logL = -639.930405 (converged)
AIC = 3619.860810
BIC = 6667.909927

count.K
7 2 11 4 20 1 12 23 11 9 

