logL = -536.077398 (converged)
AIC = 3086.154795
BIC = 5709.561173

count.K
3 42 15 9 3 2 22 4 0 

