logL = -962.297335 (converged)
AIC = 3260.594671
BIC = 5000.848355

count.K
32 4 11 23 20 10 

