logL = -1178.591104 (converged)
AIC = 4443.182209
BIC = 7160.374713

count.K
34 15 19 1 4 3 2 10 12 

