logL = -773.412646 (converged)
AIC = 2858.825291
BIC = 4567.816933

count.K
12 19 12 33 17 7 

