logL = -265.265308 (converged)
AIC = 2202.530616
BIC = 4380.452892

count.K
12 17 27 11 22 1 6 4 

