logL = -898.442149 (converged)
AIC = 3528.884297
BIC = 5784.961678

count.K
14 16 7 14 10 16 23 

