logL = -244.208960 (converged)
AIC = 2568.417921
BIC = 5277.794914

count.K
6 2 25 7 33 5 2 3 14 3 

