logL = -862.330070 (converged)
AIC = 2508.660141
BIC = 3529.886854

count.K
24 16 40 20 

