logL = -1141.187542 (converged)
AIC = 2598.375084
BIC = 3009.991973

count.K
30 70 

