logL = -562.447405 (converged)
AIC = 3544.894809
BIC = 6697.150734

count.K
9 9 5 6 12 1 8 5 41 4 

