logL = -306.914079 (converged)
AIC = 1781.828159
BIC = 3303.247547

count.K
28 6 48 15 2 1 

