logL = -715.485960 (converged)
AIC = 2980.971919
BIC = 4999.978814

count.K
2 20 1 10 2 38 27 

