0	tsk_0	(x)	1	:	1.000000	0.000000	0.000000	0.000000	0.000000	0.000000	0.000000	0.000000	0.000000	0.000000
1	tsk_1	(x)	1	:	1.000000	0.000000	0.000000	0.000000	0.000000	0.000000	0.000000	0.000000	0.000000	0.000000
2	tsk_2	(x)	1	:	0.480160	0.094852	0.000000	0.000000	0.094581	0.000000	0.000000	0.000000	0.000000	0.330406
3	tsk_3	(x)	1	:	1.000000	0.000000	0.000000	0.000000	0.000000	0.000000	0.000000	0.000000	0.000000	0.000000
4	tsk_4	(x)	1	:	1.000000	0.000000	0.000000	0.000000	0.000000	0.000000	0.000000	0.000000	0.000000	0.000000
5	tsk_5	(x)	1	:	0.000000	0.822987	0.000000	0.000000	0.177013	0.000000	0.000000	0.000000	0.000000	0.000000
6	tsk_6	(x)	1	:	0.000000	0.034635	0.467787	0.000000	0.497579	0.000000	0.000000	0.000000	0.000000	0.000000
7	tsk_7	(x)	1	:	1.000000	0.000000	0.000000	0.000000	0.000000	0.000000	0.000000	0.000000	0.000000	0.000000
8	tsk_8	(x)	1	:	1.000000	0.000000	0.000000	0.000000	0.000000	0.000000	0.000000	0.000000	0.000000	0.000000
9	tsk_9	(x)	1	:	0.480157	0.047764	0.000000	0.000000	0.141684	0.000000	0.000000	0.000000	0.000000	0.330395
10	tsk_10	(x)	1	:	0.000000	0.290899	0.192490	0.500000	0.016612	0.000000	0.000000	0.000000	0.000000	0.000000
11	tsk_11	(x)	1	:	0.000000	0.000000	0.000000	0.000000	0.000000	0.461242	0.000000	0.000000	0.538758	0.000000
12	tsk_12	(x)	1	:	0.000000	0.434202	0.000000	0.000000	0.082734	0.483064	0.000000	0.000000	0.000000	0.000000
13	tsk_13	(x)	1	:	0.000000	0.430607	0.000000	0.500000	0.069393	0.000000	0.000000	0.000000	0.000000	0.000000
14	tsk_14	(x)	1	:	0.000000	0.000000	0.000000	0.507274	0.000000	0.492726	0.000000	0.000000	0.000000	0.000000
15	tsk_15	(x)	1	:	0.000000	0.153495	0.000000	0.500007	0.016164	0.000000	0.000000	0.000000	0.000000	0.330334
16	tsk_16	(x)	1	:	0.000000	0.449145	0.000000	0.500000	0.050855	0.000000	0.000000	0.000000	0.000000	0.000000
17	tsk_17	(x)	1	:	0.000000	0.000000	0.000000	0.507274	0.000000	0.492726	0.000000	0.000000	0.000000	0.000000
18	tsk_18	(x)	1	:	0.000000	0.858782	0.000000	0.000000	0.141218	0.000000	0.000000	0.000000	0.000000	0.000000
19	tsk_19	(x)	1	:	0.000000	0.000000	0.000000	0.000000	0.000000	1.000000	0.000000	0.000000	0.000000	0.000000
20	tsk_20	(x)	1	:	0.000000	0.797049	0.000000	0.000000	0.202951	0.000000	0.000000	0.000000	0.000000	0.000000
21	tsk_21	(x)	1	:	0.445995	0.000000	0.000000	0.000000	0.000000	0.554005	0.000000	0.000000	0.000000	0.000000
22	tsk_22	(x)	1	:	0.000000	0.000000	0.000000	0.000000	0.000000	1.000000	0.000000	0.000000	0.000000	0.000000
23	tsk_23	(x)	1	:	0.000000	0.857384	0.000000	0.000000	0.142616	0.000000	0.000000	0.000000	0.000000	0.000000
24	tsk_24	(x)	1	:	0.000000	0.377615	0.000000	0.000000	0.059896	0.562489	0.000000	0.000000	0.000000	0.000000
25	tsk_25	(x)	1	:	0.000000	0.691965	0.000000	0.000000	0.308034	0.000000	0.000000	0.000000	0.000000	0.000000
26	tsk_26	(x)	1	:	0.000000	0.723630	0.000000	0.000000	0.276370	0.000000	0.000000	0.000000	0.000000	0.000000
27	tsk_27	(x)	1	:	0.000000	0.836859	0.000000	0.000000	0.163141	0.000000	0.000000	0.000000	0.000000	0.000000
28	tsk_28	(x)	1	:	0.000000	0.780854	0.000000	0.000000	0.219145	0.000000	0.000000	0.000000	0.000000	0.000000
29	tsk_29	(x)	1	:	0.000000	0.877845	0.000000	0.000000	0.122155	0.000000	0.000000	0.000000	0.000000	0.000000
30	tsk_30	(x)	1	:	0.480161	0.058445	0.000000	0.000000	0.130983	0.000000	0.000000	0.000000	0.000000	0.330411
31	tsk_31	(x)	1	:	0.480129	0.203924	0.000000	0.000000	0.315947	0.000000	0.000000	0.000000	0.000000	0.000000
32	tsk_32	(x)	1	:	0.000000	0.049524	0.000000	0.000000	0.060604	0.558916	0.000000	0.000000	0.000000	0.330956
33	tsk_33	(x)	1	:	0.000000	0.860844	0.000000	0.000000	0.139156	0.000000	0.000000	0.000000	0.000000	0.000000
34	tsk_34	(x)	1	:	0.000000	0.871772	0.000000	0.000000	0.128228	0.000000	0.000000	0.000000	0.000000	0.000000
35	tsk_35	(x)	1	:	0.480129	0.222923	0.000000	0.000000	0.296948	0.000000	0.000000	0.000000	0.000000	0.000000
36	tsk_36	(x)	1	:	0.000000	0.391783	0.000000	0.000000	0.277925	0.000000	0.000000	0.000000	0.000000	0.330292
37	tsk_37	(x)	1	:	0.000000	0.474242	0.000000	0.000000	0.195465	0.000000	0.000000	0.000000	0.000000	0.330293
38	tsk_38	(x)	1	:	0.480167	0.024925	0.000000	0.000000	0.164478	0.000000	0.000000	0.000000	0.000000	0.330430
39	tsk_39	(x)	1	:	0.000000	0.487540	0.000000	0.000000	0.182160	0.000000	0.000000	0.000000	0.000000	0.330299
40	tsk_40	(x)	1	:	0.000000	0.299677	0.000000	0.000000	0.110897	0.000000	0.000000	0.000000	0.000000	0.589426
41	tsk_41	(x)	1	:	0.000000	0.277309	0.000000	0.000000	0.133265	0.000000	0.000000	0.000000	0.000000	0.589426
42	tsk_42	(x)	1	:	0.000000	0.255427	0.000000	0.000000	0.155148	0.000000	0.000000	0.000000	0.000000	0.589425
43	tsk_43	(x)	1	:	0.000000	0.000000	0.000000	0.000000	0.000000	0.000000	0.000000	0.000000	0.000000	1.000000
44	tsk_44	(x)	1	:	0.000000	0.366163	0.000000	0.000000	0.303548	0.000000	0.000000	0.000000	0.000000	0.330289
45	tsk_45	(x)	1	:	0.000000	0.773377	0.000000	0.000000	0.226623	0.000000	0.000000	0.000000	0.000000	0.000000
46	tsk_46	(x)	1	:	0.000000	0.228812	0.000000	0.000000	0.181763	0.000000	0.000000	0.000000	0.000000	0.589425
47	tsk_47	(x)	1	:	0.000000	0.000000	0.000000	0.000000	0.000000	0.000000	0.000000	0.000000	0.000000	1.000000
48	tsk_48	(x)	1	:	0.000000	0.000000	0.000000	0.000000	0.000000	0.000000	0.000000	0.000000	0.000000	1.000000
49	tsk_49	(x)	1	:	0.000000	0.305750	0.000000	0.000000	0.104824	0.000000	0.000000	0.000000	0.000000	0.589426
50	tsk_50	(x)	1	:	0.000000	0.419892	0.000000	0.000000	0.097043	0.483064	0.000000	0.000000	0.000000	0.000000
51	tsk_51	(x)	1	:	0.000000	0.914702	0.000000	0.000000	0.085298	0.000000	0.000000	0.000000	0.000000	0.000000
52	tsk_52	(x)	1	:	0.000000	0.000000	0.000000	0.000000	0.000000	1.000000	0.000000	0.000000	0.000000	0.000000
53	tsk_53	(x)	1	:	0.000000	0.459315	0.000000	0.000000	0.057621	0.483064	0.000000	0.000000	0.000000	0.000000
54	tsk_54	(x)	1	:	0.000000	0.474413	0.000000	0.000000	0.042523	0.483064	0.000000	0.000000	0.000000	0.000000
55	tsk_55	(x)	1	:	0.000000	0.508912	0.000000	0.000000	0.082135	0.000000	0.000000	0.408953	0.000000	0.000000
56	tsk_56	(x)	1	:	0.000000	0.986925	0.000000	0.000000	0.013075	0.000000	0.000000	0.000000	0.000000	0.000000
57	tsk_57	(x)	1	:	0.000000	0.783597	0.000000	0.000000	0.216402	0.000000	0.000000	0.000000	0.000000	0.000000
58	tsk_58	(x)	1	:	0.000000	0.454204	0.000000	0.000000	0.062732	0.483064	0.000000	0.000000	0.000000	0.000000
59	tsk_59	(x)	1	:	0.000000	0.407460	0.000000	0.000000	0.109476	0.483064	0.000000	0.000000	0.000000	0.000000
60	tsk_60	(x)	1	:	0.000000	0.295556	0.000000	0.000000	0.069455	0.000000	0.000000	0.634989	0.000000	0.000000
61	tsk_61	(x)	1	:	0.000000	0.530850	0.000000	0.000000	0.060208	0.000000	0.000000	0.408942	0.000000	0.000000
62	tsk_62	(x)	1	:	0.000000	0.000000	0.000000	0.000000	0.000000	0.000000	0.000000	1.000000	0.000000	0.000000
63	tsk_63	(x)	1	:	0.480129	0.159473	0.000000	0.000000	0.360398	0.000000	0.000000	0.000000	0.000000	0.000000
64	tsk_64	(x)	1	:	0.000000	0.557832	0.000000	0.000000	0.033203	0.000000	0.000000	0.408964	0.000000	0.000000
65	tsk_65	(x)	1	:	0.000000	0.524335	0.000000	0.000000	0.145365	0.000000	0.000000	0.000000	0.000000	0.330300
66	tsk_66	(x)	1	:	0.494259	0.000000	0.000000	0.000000	0.000000	0.505741	0.000000	0.000000	0.000000	0.000000
67	tsk_67	(x)	1	:	0.000000	0.597747	0.000000	0.000000	0.094534	0.000000	0.000000	0.307720	0.000000	0.000000
68	tsk_68	(x)	1	:	0.000000	0.189788	0.000000	0.000000	0.021934	0.482235	0.000000	0.306042	0.000000	0.000000
69	tsk_69	(x)	1	:	0.000000	0.050309	0.000000	0.000000	0.008010	0.495599	0.000030	0.446052	0.000000	0.000000
70	tsk_70	(x)	1	:	0.000000	0.394351	0.000000	0.000000	0.133514	0.000000	0.000000	0.000000	0.472135	0.000000
71	tsk_71	(x)	1	:	0.521027	0.000000	0.000000	0.478973	0.000000	0.000000	0.000000	0.000000	0.000000	0.000000
72	tsk_72	(x)	1	:	0.480129	0.144918	0.000000	0.000000	0.374954	0.000000	0.000000	0.000000	0.000000	0.000000
73	tsk_73	(x)	1	:	0.480129	0.248719	0.000000	0.000000	0.271153	0.000000	0.000000	0.000000	0.000000	0.000000
74	tsk_74	(x)	1	:	0.000000	0.000023	0.000000	0.000000	0.000004	0.000000	0.999973	0.000000	0.000000	0.000000
75	tsk_75	(x)	1	:	0.000000	0.489348	0.000000	0.000000	0.038517	0.000000	0.000000	0.000000	0.472135	0.000000
76	tsk_76	(x)	1	:	0.000000	0.788032	0.000000	0.000000	0.211968	0.000000	0.000000	0.000000	0.000000	0.000000
77	tsk_77	(x)	1	:	0.460823	0.000000	0.000000	0.000000	0.000000	0.000000	0.000000	0.000000	0.000000	0.539177
78	tsk_78	(x)	1	:	0.480129	0.214200	0.000000	0.000000	0.305671	0.000000	0.000000	0.000000	0.000000	0.000000
79	tsk_79	(x)	1	:	0.000000	0.558517	0.000000	0.000000	0.032541	0.000000	0.000000	0.408942	0.000000	0.000000
80	tsk_80	(x)	1	:	0.000000	0.000000	0.000000	0.452096	0.000000	0.000000	0.547904	0.000000	0.000000	0.000000
81	tsk_81	(x)	1	:	0.000000	0.900883	0.000000	0.000000	0.099117	0.000000	0.000000	0.000000	0.000000	0.000000
82	tsk_82	(x)	1	:	0.000000	0.821090	0.000000	0.000000	0.178910	0.000000	0.000000	0.000000	0.000000	0.000000
83	tsk_83	(x)	1	:	0.000000	0.000000	0.000000	0.000000	0.000000	0.000000	0.486000	0.000000	0.514000	0.000000
84	tsk_84	(x)	1	:	0.000000	0.000110	0.000000	0.000000	0.000009	0.000000	0.999881	0.000000	0.000000	0.000000
85	tsk_85	(x)	1	:	0.000000	0.822822	0.000000	0.000000	0.177178	0.000000	0.000000	0.000000	0.000000	0.000000
86	tsk_86	(x)	1	:	0.000000	0.459464	0.000000	0.000000	0.210241	0.000000	0.000000	0.000000	0.000000	0.330295
87	tsk_87	(x)	1	:	0.000000	0.816898	0.000000	0.000000	0.183101	0.000000	0.000000	0.000000	0.000000	0.000000
88	tsk_88	(x)	1	:	0.000000	0.825372	0.000000	0.000000	0.174628	0.000000	0.000000	0.000000	0.000000	0.000000
89	tsk_89	(x)	1	:	0.000000	0.000004	0.443069	0.000000	0.000249	0.000000	0.000000	0.000000	0.000000	0.556679
90	tsk_90	(x)	1	:	0.000000	0.000000	0.000000	1.000000	0.000000	0.000000	0.000000	0.000000	0.000000	0.000000
91	tsk_91	(x)	1	:	0.490042	0.000000	0.000000	0.509957	0.000000	0.000000	0.000000	0.000000	0.000000	0.000000
92	tsk_92	(x)	1	:	0.000000	0.034341	0.467787	0.000000	0.497872	0.000000	0.000000	0.000000	0.000000	0.000000
93	tsk_93	(x)	1	:	0.480129	0.303962	0.000000	0.000000	0.215909	0.000000	0.000000	0.000000	0.000000	0.000000
94	tsk_94	(x)	1	:	1.000000	0.000000	0.000000	0.000000	0.000000	0.000000	0.000000	0.000000	0.000000	0.000000
95	tsk_95	(x)	1	:	0.490042	0.000000	0.000000	0.509957	0.000000	0.000000	0.000000	0.000000	0.000000	0.000000
96	tsk_96	(x)	1	:	0.000000	0.000000	0.000000	1.000000	0.000000	0.000000	0.000000	0.000000	0.000000	0.000000
97	tsk_97	(x)	1	:	0.000000	0.439130	0.000000	0.000000	0.230571	0.000000	0.000000	0.000000	0.000000	0.330299
98	tsk_98	(x)	1	:	0.000000	0.000000	0.000000	1.000000	0.000000	0.000000	0.000000	0.000000	0.000000	0.000000
99	tsk_99	(x)	1	:	0.000000	0.000636	0.466754	0.499660	0.032949	0.000000	0.000000	0.000000	0.000000	0.000000
