logL = -599.435825 (converged)
AIC = 2218.871650
BIC = 3547.508445

count.K
28 7 20 21 24 

