logL = -909.481115 (converged)
AIC = 2368.962229
BIC = 3085.384030

count.K
39 34 27 

