logL = -472.353673 (converged)
AIC = 3144.707346
BIC = 6010.394550

count.K
0 0 13 16 12 23 1 20 5 10 

