logL = -583.710232 (converged)
AIC = 3667.420463
BIC = 6923.883196

count.K
14 1 16 9 20 4 7 19 3 7 

