logL = -280.827502 (converged)
AIC = 2861.655004
BIC = 5857.600718

count.K
18 39 4 1 9 2 6 1 19 1 

