logL = -882.307233 (converged)
AIC = 2064.614467
BIC = 2455.389995

count.K
82 18 

