logL = -764.942784 (converged)
AIC = 3345.885568
BIC = 5711.380097

count.K
11 4 11 13 28 13 3 17 

