logL = -787.989664 (converged)
AIC = 3661.979328
BIC = 6379.171832

count.K
10 3 19 12 25 3 27 1 0 

