logL = -478.303488 (converged)
AIC = 2184.606975
BIC = 3784.181470

count.K
14 24 8 17 25 12 

