0	tsk_0	(x)	1	:	0.241802	0.499596	0.000000	0.000000	0.000000	0.258602	0.000000	0.000000	0.000000	0.000000
1	tsk_1	(x)	1	:	0.114330	0.000000	0.000000	0.000000	0.510140	0.375530	0.000000	0.000000	0.000000	0.000000
2	tsk_2	(x)	1	:	0.141528	0.000000	0.000000	0.000000	0.000000	0.359220	0.000000	0.000000	0.499252	0.000000
3	tsk_3	(x)	1	:	0.153300	0.499595	0.000000	0.000000	0.000000	0.347104	0.000000	0.000000	0.000000	0.000000
4	tsk_4	(x)	1	:	0.231785	0.000000	0.515407	0.000000	0.000000	0.252808	0.000000	0.000000	0.000000	0.000000
5	tsk_5	(x)	1	:	0.000000	0.000000	0.000000	0.000000	0.000000	1.000000	0.000000	0.000000	0.000000	0.000000
6	tsk_6	(x)	1	:	0.000000	0.000000	0.000000	0.000000	0.000000	1.000000	0.000000	0.000000	0.000000	0.000000
7	tsk_7	(x)	1	:	0.000000	0.000000	0.516091	0.483543	0.000366	0.000000	0.000000	0.000000	0.000000	0.000000
8	tsk_8	(x)	1	:	0.160603	0.000000	0.000000	0.000000	0.510140	0.329256	0.000000	0.000000	0.000000	0.000000
9	tsk_9	(x)	1	:	0.333916	0.499596	0.000000	0.000000	0.000000	0.166488	0.000000	0.000000	0.000000	0.000000
10	tsk_10	(x)	1	:	0.235707	0.000000	0.498504	0.000000	0.000000	0.265789	0.000000	0.000000	0.000000	0.000000
11	tsk_11	(x)	1	:	0.000000	0.503876	0.496124	0.000000	0.000000	0.000000	0.000000	0.000000	0.000000	0.000000
12	tsk_12	(x)	1	:	0.068151	0.000000	0.498503	0.000000	0.000000	0.433346	0.000000	0.000000	0.000000	0.000000
13	tsk_13	(x)	1	:	0.000000	0.000000	0.000000	0.000000	0.000000	1.000000	0.000000	0.000000	0.000000	0.000000
14	tsk_14	(x)	1	:	0.227548	0.000000	0.498293	0.000000	0.000235	0.273924	0.000000	0.000000	0.000000	0.000000
15	tsk_15	(x)	1	:	0.000000	0.000000	0.000000	0.000000	1.000000	0.000000	0.000000	0.000000	0.000000	0.000000
16	tsk_16	(x)	1	:	0.000000	0.488622	0.000000	0.000000	0.000000	0.000000	0.511378	0.000000	0.000000	0.000000
17	tsk_17	(x)	1	:	0.000000	0.503877	0.496123	0.000000	0.000000	0.000000	0.000000	0.000000	0.000000	0.000000
18	tsk_18	(x)	1	:	0.000000	0.000000	0.493344	0.000036	0.000852	0.000000	0.505769	0.000000	0.000000	0.000000
19	tsk_19	(x)	1	:	0.000000	0.000000	0.000000	0.000000	0.000000	1.000000	0.000000	0.000000	0.000000	0.000000
20	tsk_20	(x)	1	:	0.000000	0.503253	0.000000	0.000000	0.000000	0.000000	0.000000	0.000000	0.496747	0.000000
21	tsk_21	(x)	1	:	0.000000	1.000000	0.000000	0.000000	0.000000	0.000000	0.000000	0.000000	0.000000	0.000000
22	tsk_22	(x)	1	:	0.000000	0.000000	0.000000	1.000000	0.000000	0.000000	0.000000	0.000000	0.000000	0.000000
23	tsk_23	(x)	1	:	0.000000	0.000000	0.000000	0.000000	0.000000	0.000000	0.000000	0.000000	0.000000	1.000000
24	tsk_24	(x)	1	:	0.000000	0.029989	0.000000	0.474543	0.000000	0.000000	0.000003	0.000000	0.495464	0.000000
25	tsk_25	(x)	1	:	0.000000	1.000000	0.000000	0.000000	0.000000	0.000000	0.000000	0.000000	0.000000	0.000000
26	tsk_26	(x)	1	:	0.352511	0.000000	0.000000	0.000000	0.000000	0.147142	0.500347	0.000000	0.000000	0.000000
27	tsk_27	(x)	1	:	0.000000	0.000000	0.000000	0.000000	0.000000	0.496036	0.000000	0.000000	0.000000	0.503963
28	tsk_28	(x)	1	:	0.153656	0.000000	0.000000	0.000000	0.000000	0.345997	0.500347	0.000000	0.000000	0.000000
29	tsk_29	(x)	1	:	0.000223	0.003186	0.000000	0.000139	0.000000	0.000308	0.000001	0.000000	0.496327	0.499816
30	tsk_30	(x)	1	:	0.180505	0.000000	0.000000	0.516441	0.000000	0.303054	0.000000	0.000000	0.000000	0.000000
31	tsk_31	(x)	1	:	0.308679	0.000000	0.000000	0.495735	0.000000	0.195586	0.000000	0.000000	0.000000	0.000000
32	tsk_32	(x)	1	:	0.196909	0.000000	0.000000	0.192807	0.000000	0.255640	0.000000	0.000000	0.354644	0.000000
33	tsk_33	(x)	1	:	0.256985	0.000000	0.000000	0.192805	0.000000	0.195565	0.000000	0.000000	0.354645	0.000000
34	tsk_34	(x)	1	:	0.326703	0.499596	0.000000	0.000000	0.000000	0.173702	0.000000	0.000000	0.000000	0.000000
35	tsk_35	(x)	1	:	0.195046	0.004006	0.000000	0.000000	0.000000	0.305230	0.000000	0.000000	0.495718	0.000000
36	tsk_36	(x)	1	:	0.000000	0.000000	0.516053	0.483547	0.000400	0.000000	0.000000	0.000000	0.000000	0.000000
37	tsk_37	(x)	1	:	0.000000	0.524191	0.000000	0.475809	0.000000	0.000000	0.000000	0.000000	0.000000	0.000000
38	tsk_38	(x)	1	:	0.265575	0.294465	0.000000	0.242902	0.000000	0.197057	0.000000	0.000000	0.000000	0.000000
39	tsk_39	(x)	1	:	0.000000	0.524191	0.000000	0.475809	0.000000	0.000000	0.000000	0.000000	0.000000	0.000000
40	tsk_40	(x)	1	:	0.000000	0.000000	0.000000	0.000000	0.000000	1.000000	0.000000	0.000000	0.000000	0.000000
41	tsk_41	(x)	1	:	0.159848	0.006508	0.000000	0.000000	0.000000	0.340136	0.000000	0.000000	0.493508	0.000000
42	tsk_42	(x)	1	:	0.261331	0.499600	0.000000	0.000000	0.000000	0.239069	0.000000	0.000000	0.000000	0.000000
43	tsk_43	(x)	1	:	0.254787	0.000000	0.000000	0.000000	0.000000	0.245961	0.000000	0.000000	0.499253	0.000000
44	tsk_44	(x)	1	:	0.279925	0.000000	0.000000	0.495696	0.000000	0.224379	0.000000	0.000000	0.000000	0.000000
45	tsk_45	(x)	1	:	0.121939	0.000000	0.000000	0.000000	0.000000	0.378808	0.000000	0.000000	0.499252	0.000000
46	tsk_46	(x)	1	:	0.000000	0.000000	0.000000	0.000000	0.000000	1.000000	0.000000	0.000000	0.000000	0.000000
47	tsk_47	(x)	1	:	0.000000	0.000000	0.000000	0.000000	0.000000	1.000000	0.000000	0.000000	0.000000	0.000000
48	tsk_48	(x)	1	:	0.402859	0.000000	0.000000	0.000000	0.000000	0.097888	0.000000	0.000000	0.499252	0.000000
49	tsk_49	(x)	1	:	0.302035	0.000000	0.000000	0.000000	0.000000	0.198713	0.000000	0.000000	0.499252	0.000000
50	tsk_50	(x)	1	:	0.000000	0.000000	0.000000	0.000000	0.000000	1.000000	0.000000	0.000000	0.000000	0.000000
51	tsk_51	(x)	1	:	0.000000	0.000000	0.516055	0.483547	0.000398	0.000000	0.000000	0.000000	0.000000	0.000000
52	tsk_52	(x)	1	:	0.000000	0.503876	0.496124	0.000000	0.000000	0.000000	0.000000	0.000000	0.000000	0.000000
53	tsk_53	(x)	1	:	0.253851	0.000000	0.000000	0.495661	0.000000	0.250488	0.000000	0.000000	0.000000	0.000000
54	tsk_54	(x)	1	:	0.000000	0.000000	0.516078	0.483544	0.000378	0.000000	0.000000	0.000000	0.000000	0.000000
55	tsk_55	(x)	1	:	0.000000	0.000000	0.000000	0.000000	1.000000	0.000000	0.000000	0.000000	0.000000	0.000000
56	tsk_56	(x)	1	:	0.000000	0.400108	0.000000	0.000000	0.000000	0.000000	0.000000	0.000000	0.599892	0.000000
57	tsk_57	(x)	1	:	0.000000	1.000000	0.000000	0.000000	0.000000	0.000000	0.000000	0.000000	0.000000	0.000000
58	tsk_58	(x)	1	:	0.175017	0.000000	0.000000	0.495680	0.000000	0.329303	0.000000	0.000000	0.000000	0.000000
59	tsk_59	(x)	1	:	0.000000	0.000000	0.000000	1.000000	0.000000	0.000000	0.000000	0.000000	0.000000	0.000000
60	tsk_60	(x)	1	:	0.000000	0.488629	0.000000	0.000000	0.000000	0.000000	0.511371	0.000000	0.000000	0.000000
61	tsk_61	(x)	1	:	0.000000	0.000000	0.000000	0.000000	0.000000	1.000000	0.000000	0.000000	0.000000	0.000000
62	tsk_62	(x)	1	:	0.105797	0.000000	0.000000	0.000000	0.000000	0.394951	0.000000	0.000000	0.499252	0.000000
63	tsk_63	(x)	1	:	0.264746	0.000000	0.000000	0.000000	0.000000	0.234907	0.500347	0.000000	0.000000	0.000000
64	tsk_64	(x)	1	:	0.000000	0.000000	0.000000	0.000000	0.000000	0.000000	0.000000	0.000000	1.000000	0.000000
65	tsk_65	(x)	1	:	0.000000	0.503253	0.000000	0.000000	0.000000	0.000000	0.000000	0.000000	0.496747	0.000000
66	tsk_66	(x)	1	:	0.000000	0.000263	0.000000	0.000000	0.000000	0.000000	0.505914	0.000000	0.493823	0.000000
67	tsk_67	(x)	1	:	0.000000	0.000000	0.000000	0.000000	0.000000	1.000000	0.000000	0.000000	0.000000	0.000000
68	tsk_68	(x)	1	:	0.114660	0.003509	0.000000	0.000000	0.000000	0.385674	0.000000	0.000000	0.496156	0.000000
69	tsk_69	(x)	1	:	0.000000	0.000000	0.000000	0.000000	0.000000	1.000000	0.000000	0.000000	0.000000	0.000000
70	tsk_70	(x)	1	:	0.066221	0.499596	0.000000	0.000000	0.000000	0.434183	0.000000	0.000000	0.000000	0.000000
71	tsk_71	(x)	1	:	0.000000	0.999999	0.000000	0.000000	0.000000	0.000000	0.000001	0.000000	0.000000	0.000000
72	tsk_72	(x)	1	:	0.358194	0.000000	0.000000	0.495713	0.000000	0.146093	0.000000	0.000000	0.000000	0.000000
73	tsk_73	(x)	1	:	0.120781	0.499596	0.000000	0.000000	0.000000	0.379624	0.000000	0.000000	0.000000	0.000000
74	tsk_74	(x)	1	:	0.108110	0.499596	0.000000	0.000000	0.000000	0.392294	0.000000	0.000000	0.000000	0.000000
75	tsk_75	(x)	1	:	0.245781	0.000000	0.000000	0.000000	0.510140	0.244078	0.000000	0.000000	0.000000	0.000000
76	tsk_76	(x)	1	:	0.000000	0.000000	0.000000	0.000000	0.000000	1.000000	0.000000	0.000000	0.000000	0.000000
77	tsk_77	(x)	1	:	0.283615	0.499596	0.000000	0.000000	0.000000	0.216789	0.000000	0.000000	0.000000	0.000000
78	tsk_78	(x)	1	:	0.311645	0.499594	0.000000	0.000000	0.000000	0.188761	0.000000	0.000000	0.000000	0.000000
79	tsk_79	(x)	1	:	0.164427	0.499596	0.000000	0.000000	0.000000	0.335977	0.000000	0.000000	0.000000	0.000000
80	tsk_80	(x)	1	:	0.000000	1.000000	0.000000	0.000000	0.000000	0.000000	0.000000	0.000000	0.000000	0.000000
81	tsk_81	(x)	1	:	0.000000	0.464044	0.000000	0.000000	0.535956	0.000000	0.000000	0.000000	0.000000	0.000000
82	tsk_82	(x)	1	:	0.000000	1.000000	0.000000	0.000000	0.000000	0.000000	0.000000	0.000000	0.000000	0.000000
83	tsk_83	(x)	1	:	0.000000	0.000406	0.000000	0.000000	0.525856	0.000000	0.000001	0.000000	0.473737	0.000000
84	tsk_84	(x)	1	:	0.000000	0.000000	0.000329	0.000000	0.999671	0.000000	0.000000	0.000000	0.000000	0.000000
85	tsk_85	(x)	1	:	0.250089	0.499595	0.000000	0.000000	0.000000	0.250315	0.000000	0.000000	0.000000	0.000000
86	tsk_86	(x)	1	:	0.000000	0.464044	0.000000	0.000000	0.535956	0.000000	0.000000	0.000000	0.000000	0.000000
87	tsk_87	(x)	1	:	0.000000	0.464044	0.000000	0.000000	0.535956	0.000000	0.000000	0.000000	0.000000	0.000000
88	tsk_88	(x)	1	:	0.000000	0.464044	0.000000	0.000000	0.535956	0.000000	0.000000	0.000000	0.000000	0.000000
89	tsk_89	(x)	1	:	0.151068	0.000000	0.000000	0.000000	0.000000	0.349679	0.000000	0.000000	0.499253	0.000000
90	tsk_90	(x)	1	:	0.000000	0.000000	0.000000	0.000000	0.000000	0.700397	0.000000	0.299603	0.000000	0.000000
91	tsk_91	(x)	1	:	0.000000	0.000000	0.000000	0.000000	0.000000	1.000000	0.000000	0.000000	0.000000	0.000000
92	tsk_92	(x)	1	:	0.000000	0.000000	0.000000	0.000000	0.000000	0.700397	0.000000	0.299603	0.000000	0.000000
93	tsk_93	(x)	1	:	0.279118	0.499595	0.000000	0.000000	0.000000	0.221287	0.000000	0.000000	0.000000	0.000000
94	tsk_94	(x)	1	:	0.000000	0.000000	0.000000	0.000000	0.000000	1.000000	0.000000	0.000000	0.000000	0.000000
95	tsk_95	(x)	1	:	0.210497	0.499597	0.000000	0.000000	0.000000	0.289906	0.000000	0.000000	0.000000	0.000000
96	tsk_96	(x)	1	:	0.055132	0.000000	0.000000	0.495647	0.000000	0.449221	0.000000	0.000000	0.000000	0.000000
97	tsk_97	(x)	1	:	0.000000	0.000000	0.000000	0.000000	0.000000	1.000000	0.000000	0.000000	0.000000	0.000000
98	tsk_98	(x)	1	:	0.158489	0.499591	0.000000	0.000000	0.000000	0.069979	0.000000	0.271931	0.000000	0.000009
99	tsk_99	(x)	1	:	0.000000	0.493482	0.000000	0.000000	0.000000	0.000000	0.000000	0.506517	0.000000	0.000000
