logL = -333.734660 (converged)
AIC = 2627.469320
BIC = 5180.536103

count.K
1 7 10 22 26 8 22 4 0 

