logL = -598.343337 (converged)
AIC = 2676.686674
BIC = 4604.512611

count.K
25 32 10 5 7 16 5 

