logL = -1301.799283 (converged)
AIC = 5103.598566
BIC = 8360.061299

count.K
12 1 1 10 23 1 20 18 9 5 

