logL = -550.202425 (converged)
AIC = 3150.404851
BIC = 5820.704291

count.K
28 16 0 20 4 3 6 15 8 

