logL = -300.677855 (converged)
AIC = 2225.355710
BIC = 4340.753901

count.K
47 5 2 26 1 2 7 10 

