logL = -421.716551 (converged)
AIC = 2281.433102
BIC = 4154.550466

count.K
3 20 5 33 3 27 9 

