logL = -591.972060 (converged)
AIC = 3079.944121
BIC = 5549.645457

count.K
34 28 11 7 7 2 8 3 

