logL = -746.709826 (converged)
AIC = 3421.419652
BIC = 5932.803711

count.K
13 6 4 8 11 17 10 31 

