logL = -898.009337 (converged)
AIC = 2382.018674
BIC = 3145.333538

count.K
18 22 60 

