logL = -1103.587126 (converged)
AIC = 2781.174253
BIC = 3528.858096

count.K
43 27 30 

