logL = -719.521157 (converged)
AIC = 2199.042314
BIC = 3189.006985

count.K
44 19 5 32 

