logL = -251.399144 (converged)
AIC = 2702.798287
BIC = 5568.485492

count.K
0 0 11 32 4 13 4 18 9 9 

