logL = -854.381061 (converged)
AIC = 2556.762121
BIC = 3661.354280

count.K
22 31 26 21 

