0	tsk_0	(x)	1	:	0.000000	0.000000	0.000000	0.466657	0.524982	0.003326	0.000000	0.000005	0.005030
1	tsk_1	(x)	1	:	0.000000	0.000000	0.000001	0.999509	0.000000	0.000082	0.000000	0.000024	0.000383
2	tsk_2	(x)	1	:	0.000000	0.000000	0.000000	0.578743	0.000000	0.000001	0.000000	0.421255	0.000001
3	tsk_3	(x)	1	:	0.000000	0.000000	0.000000	0.000000	0.000000	0.000000	0.000000	1.000000	0.000000
4	tsk_4	(x)	1	:	0.000000	0.000000	0.000000	0.529380	0.470620	0.000000	0.000000	0.000000	0.000000
5	tsk_5	(x)	1	:	0.000000	0.000000	0.000000	0.529380	0.470620	0.000000	0.000000	0.000000	0.000000
6	tsk_6	(x)	1	:	0.000000	0.000000	0.000000	0.000000	0.491205	0.000000	0.000000	0.000000	0.508795
7	tsk_7	(x)	1	:	0.000000	0.000000	0.000000	0.652608	0.000000	0.000000	0.000000	0.347390	0.000002
8	tsk_8	(x)	1	:	0.000000	0.000000	0.000000	0.000000	0.494476	0.000000	0.000000	0.505524	0.000000
9	tsk_9	(x)	1	:	0.000007	0.000000	0.000000	0.000000	0.999990	0.000000	0.000002	0.000000	0.000000
10	tsk_10	(x)	1	:	0.000000	0.000000	0.000000	0.000000	0.000000	0.000000	0.000000	0.486913	0.513087
11	tsk_11	(x)	1	:	0.526085	0.000000	0.000000	0.000000	0.473915	0.000000	0.000000	0.000000	0.000000
12	tsk_12	(x)	1	:	0.000000	0.000000	0.000000	0.563856	0.000000	0.000000	0.000000	0.000008	0.436137
13	tsk_13	(x)	1	:	0.000000	0.000000	0.453528	0.546469	0.000000	0.000000	0.000000	0.000003	0.000000
14	tsk_14	(x)	1	:	1.000000	0.000000	0.000000	0.000000	0.000000	0.000000	0.000000	0.000000	0.000000
15	tsk_15	(x)	1	:	0.999999	0.000000	0.000000	0.000000	0.000001	0.000000	0.000000	0.000000	0.000000
16	tsk_16	(x)	1	:	0.000000	0.000000	1.000000	0.000000	0.000000	0.000000	0.000000	0.000000	0.000000
17	tsk_17	(x)	1	:	0.496975	0.000000	0.000000	0.000000	0.000127	0.000000	0.000000	0.502898	0.000000
18	tsk_18	(x)	1	:	0.494060	0.000000	0.000000	0.000000	0.000047	0.000000	0.000000	0.000000	0.505893
19	tsk_19	(x)	1	:	0.000000	0.000000	0.000000	0.563856	0.000000	0.000000	0.000000	0.000005	0.436139
20	tsk_20	(x)	1	:	0.000000	0.000000	0.501732	0.000000	0.000000	0.000000	0.000000	0.487784	0.010485
21	tsk_21	(x)	1	:	0.000000	0.000000	0.500033	0.000000	0.000000	0.000000	0.000000	0.000000	0.499967
22	tsk_22	(x)	1	:	0.000000	0.000000	0.000000	0.000000	0.000000	0.000000	0.000000	1.000000	0.000000
23	tsk_23	(x)	1	:	0.506391	0.000000	0.000000	0.000000	0.000574	0.000000	0.493034	0.000000	0.000000
24	tsk_24	(x)	1	:	0.000000	0.000000	0.500033	0.000000	0.000000	0.000000	0.000000	0.000000	0.499967
25	tsk_25	(x)	1	:	0.000000	0.000000	0.000000	0.000000	0.000000	0.000000	0.000000	0.486913	0.513087
26	tsk_26	(x)	1	:	0.000000	0.000000	0.000000	0.000000	0.002331	0.000000	0.493800	0.503868	0.000000
27	tsk_27	(x)	1	:	0.000000	0.000000	0.501806	0.000000	0.001500	0.000000	0.491827	0.000000	0.004867
28	tsk_28	(x)	1	:	0.000000	0.000000	0.000000	0.000000	0.000000	0.000000	0.000000	0.000000	1.000000
29	tsk_29	(x)	1	:	0.000000	0.000000	0.503849	0.456594	0.000000	0.000000	0.000000	0.000000	0.039557
30	tsk_30	(x)	1	:	0.000000	0.000000	0.000000	0.000000	0.000000	0.000000	0.000000	0.000000	1.000000
31	tsk_31	(x)	1	:	0.000000	0.000000	0.000000	0.000000	0.001090	0.000000	0.491993	0.000000	0.506917
32	tsk_32	(x)	1	:	0.000000	0.000000	0.000000	0.000000	0.000001	0.000000	0.999999	0.000000	0.000000
33	tsk_33	(x)	1	:	0.494098	0.000000	0.000000	0.000000	0.000005	0.000000	0.000000	0.000000	0.505897
34	tsk_34	(x)	1	:	0.000000	0.000000	0.000000	0.000000	0.001148	0.000000	0.491941	0.000000	0.506910
35	tsk_35	(x)	1	:	0.000000	0.000000	0.000000	0.000000	0.000001	0.000000	0.999999	0.000000	0.000000
36	tsk_36	(x)	1	:	0.000000	0.000000	0.000000	0.752449	0.000000	0.111521	0.000000	0.024742	0.111288
37	tsk_37	(x)	1	:	0.000000	0.000000	0.000000	0.000000	0.000000	0.000000	0.000000	0.000000	1.000000
38	tsk_38	(x)	1	:	0.000001	0.000000	0.000000	0.499273	0.000001	0.000000	0.500725	0.000000	0.000000
39	tsk_39	(x)	1	:	0.000000	0.000000	0.000000	0.000000	0.000000	0.000000	0.000000	0.000000	1.000000
40	tsk_40	(x)	1	:	0.000000	0.000000	0.000000	0.455117	0.000000	0.544883	0.000000	0.000000	0.000000
41	tsk_41	(x)	1	:	0.000000	0.000000	0.000000	0.000000	0.523497	0.000000	0.000000	0.000000	0.476503
42	tsk_42	(x)	1	:	0.000000	0.000000	0.000000	0.000000	0.491205	0.508795	0.000000	0.000000	0.000000
43	tsk_43	(x)	1	:	0.000000	0.000000	0.000000	0.000000	0.494476	0.000000	0.000000	0.505524	0.000000
44	tsk_44	(x)	1	:	0.000004	0.000000	0.000000	0.000000	0.999993	0.000000	0.000002	0.000000	0.000000
45	tsk_45	(x)	1	:	0.000000	0.000000	0.000000	0.000000	0.000968	0.000000	0.492102	0.000000	0.506930
46	tsk_46	(x)	1	:	0.000000	0.000000	0.500036	0.000000	0.000000	0.000000	0.000000	0.000000	0.499964
47	tsk_47	(x)	1	:	0.000000	0.000000	0.000000	0.000000	0.523497	0.476502	0.000000	0.000000	0.000000
48	tsk_48	(x)	1	:	0.000000	0.000000	0.000000	0.000000	0.523497	0.476503	0.000000	0.000000	0.000000
49	tsk_49	(x)	1	:	0.000000	0.000000	0.000000	0.000000	0.000000	0.000000	0.000000	0.000000	1.000000
50	tsk_50	(x)	1	:	0.000000	0.000000	0.000000	0.000000	0.000000	0.735026	0.000000	0.092194	0.172780
51	tsk_51	(x)	1	:	0.000000	0.322873	0.000000	0.000000	0.168714	0.508412	0.000000	0.000000	0.000000
52	tsk_52	(x)	1	:	0.000000	0.000000	0.000000	0.000000	0.000000	0.000000	0.000000	0.000000	1.000000
53	tsk_53	(x)	1	:	0.000000	0.000000	0.000000	0.000000	0.000000	1.000000	0.000000	0.000000	0.000000
54	tsk_54	(x)	1	:	0.000000	0.000000	0.000000	0.000000	0.000000	0.500000	0.000000	0.000000	0.500000
55	tsk_55	(x)	1	:	0.000000	0.000000	0.000000	0.000000	0.000000	0.000000	0.000000	0.000000	1.000000
56	tsk_56	(x)	1	:	0.000000	0.000000	0.000000	0.000000	0.000000	1.000000	0.000000	0.000000	0.000000
57	tsk_57	(x)	1	:	0.000000	0.000000	0.000000	0.000000	0.565520	0.172612	0.000000	0.089169	0.172699
58	tsk_58	(x)	1	:	0.000000	0.000000	0.000000	0.000000	0.000000	1.000000	0.000000	0.000000	0.000000
59	tsk_59	(x)	1	:	0.000000	0.000000	0.000000	0.000000	0.000000	1.000000	0.000000	0.000000	0.000000
60	tsk_60	(x)	1	:	0.000000	0.000000	0.000000	0.000000	0.000000	0.513085	0.000000	0.486915	0.000000
61	tsk_61	(x)	1	:	0.000000	0.000000	0.000000	1.000000	0.000000	0.000000	0.000000	0.000000	0.000000
62	tsk_62	(x)	1	:	0.000000	0.000000	0.000000	0.000000	0.000000	0.000000	0.000000	0.486912	0.513088
63	tsk_63	(x)	1	:	0.000000	0.000000	0.000000	0.000000	0.522876	0.000000	0.000000	0.000000	0.477124
64	tsk_64	(x)	1	:	0.000000	0.000000	0.000000	0.578743	0.000000	0.000000	0.000000	0.421255	0.000001
65	tsk_65	(x)	1	:	0.000000	0.000000	0.000000	0.563855	0.000000	0.436134	0.000000	0.000010	0.000000
66	tsk_66	(x)	1	:	0.000000	0.000000	0.000000	0.000000	0.000000	0.000000	0.000000	1.000000	0.000000
67	tsk_67	(x)	1	:	0.000000	0.000000	0.000000	0.573622	0.000000	0.000001	0.000000	0.426378	0.000000
68	tsk_68	(x)	1	:	0.000000	0.000000	0.000000	0.000000	0.000000	1.000000	0.000000	0.000000	0.000000
69	tsk_69	(x)	1	:	0.000000	0.000000	0.000000	0.000000	0.000000	0.000000	0.000000	1.000000	0.000000
70	tsk_70	(x)	1	:	0.000000	0.000000	0.500033	0.000000	0.000000	0.000000	0.000000	0.000000	0.499967
71	tsk_71	(x)	1	:	0.000000	0.000000	0.000000	0.000000	0.491205	0.000000	0.000000	0.000000	0.508795
72	tsk_72	(x)	1	:	0.000000	0.000000	0.000000	0.000000	0.491205	0.000000	0.000000	0.000000	0.508795
73	tsk_73	(x)	1	:	0.000000	0.000000	0.000000	0.000000	0.000000	0.000000	0.000000	0.000000	1.000000
74	tsk_74	(x)	1	:	0.000000	0.000000	0.000000	0.000000	0.491205	0.000000	0.000000	0.000000	0.508795
75	tsk_75	(x)	1	:	0.000000	0.000000	0.000000	0.000000	0.000000	0.000000	0.000000	0.000000	1.000000
76	tsk_76	(x)	1	:	0.000000	0.000000	0.000000	0.000000	1.000000	0.000000	0.000000	0.000000	0.000000
77	tsk_77	(x)	1	:	0.000000	0.000000	0.505841	0.000000	0.491931	0.000000	0.000000	0.000000	0.002227
78	tsk_78	(x)	1	:	0.000000	0.000000	0.000000	0.000000	1.000000	0.000000	0.000000	0.000000	0.000000
79	tsk_79	(x)	1	:	0.000000	0.000000	0.506591	0.000000	0.492026	0.000000	0.000000	0.000000	0.001384
80	tsk_80	(x)	1	:	0.000000	0.991203	0.000000	0.000000	0.008797	0.000000	0.000000	0.000000	0.000000
81	tsk_81	(x)	1	:	0.000000	0.000000	0.500033	0.000000	0.000000	0.000000	0.000000	0.000000	0.499967
82	tsk_82	(x)	1	:	0.000000	0.000000	0.000000	0.000000	0.000000	0.106640	0.000000	0.786122	0.107238
83	tsk_83	(x)	1	:	0.000000	0.533093	0.000000	0.000000	0.000000	0.000000	0.000000	0.466907	0.000000
84	tsk_84	(x)	1	:	0.000000	0.995443	0.000000	0.000000	0.004557	0.000000	0.000000	0.000000	0.000000
85	tsk_85	(x)	1	:	0.000000	0.000000	0.000000	0.000000	0.000000	0.106902	0.000000	0.786122	0.106976
86	tsk_86	(x)	1	:	0.000000	0.000000	0.000000	0.000000	0.000000	0.000000	0.000000	0.486915	0.513085
87	tsk_87	(x)	1	:	0.000000	0.000000	0.000000	0.000000	0.000000	0.000000	1.000000	0.000000	0.000000
88	tsk_88	(x)	1	:	0.000000	0.570162	0.000000	0.000000	0.000000	0.014781	0.000000	0.407880	0.007178
89	tsk_89	(x)	1	:	0.000000	0.951651	0.000000	0.000000	0.048349	0.000000	0.000000	0.000000	0.000000
90	tsk_90	(x)	1	:	0.000000	0.000000	0.497255	0.000000	0.000000	0.498631	0.000000	0.000000	0.004114
91	tsk_91	(x)	1	:	0.494081	0.000000	0.000000	0.000000	0.000024	0.000000	0.000000	0.000000	0.505895
92	tsk_92	(x)	1	:	0.000000	0.000000	0.000001	0.999521	0.000000	0.000081	0.000000	0.000028	0.000370
93	tsk_93	(x)	1	:	0.494093	0.000000	0.000000	0.000000	0.000010	0.000000	0.000000	0.000000	0.505896
94	tsk_94	(x)	1	:	0.520637	0.000000	0.000000	0.479363	0.000000	0.000000	0.000000	0.000000	0.000000
95	tsk_95	(x)	1	:	0.538501	0.000000	0.000000	0.459839	0.000000	0.000909	0.000000	0.000008	0.000743
96	tsk_96	(x)	1	:	0.000000	0.000000	0.000000	0.568923	0.000000	0.000000	0.000000	0.000000	0.431077
97	tsk_97	(x)	1	:	0.924970	0.000000	0.000000	0.000000	0.075030	0.000000	0.000000	0.000000	0.000000
98	tsk_98	(x)	1	:	0.509789	0.000000	0.000000	0.000000	0.000000	0.000000	0.000000	0.000000	0.490211
99	tsk_99	(x)	1	:	0.522710	0.000000	0.000000	0.466806	0.002571	0.002459	0.000000	0.000056	0.005398
