logL = -1721.522927 (converged)
AIC = 3783.045854
BIC = 4225.924785

count.K
45 55 

