logL = -686.561787 (converged)
AIC = 3205.123573
BIC = 5591.459464

count.K
4 24 29 8 10 10 11 4 

