logL = -751.394899 (converged)
AIC = 2052.789798
BIC = 2769.211599

count.K
10 22 68 

