0	tsk_0	(x)	1	:	0.000000	0.220752	0.000000	0.505457	0.273791	0.000000	0.000000
1	tsk_1	(x)	1	:	0.000114	0.000000	0.000000	0.496355	0.000000	0.304313	0.199217
2	tsk_2	(x)	1	:	0.000111	0.000000	0.000000	0.496355	0.000000	0.238241	0.265292
3	tsk_3	(x)	1	:	0.000000	0.045749	0.000000	0.504933	0.449318	0.000000	0.000000
4	tsk_4	(x)	1	:	0.000000	0.000000	0.000000	1.000000	0.000000	0.000000	0.000000
5	tsk_5	(x)	1	:	0.000000	0.000000	0.000000	1.000000	0.000000	0.000000	0.000000
6	tsk_6	(x)	1	:	0.000038	0.000000	0.000000	0.496353	0.000000	0.301428	0.202180
7	tsk_7	(x)	1	:	0.000000	0.000000	0.493922	0.000000	0.000000	0.125977	0.380102
8	tsk_8	(x)	1	:	0.000000	0.000000	0.000000	1.000000	0.000000	0.000000	0.000000
9	tsk_9	(x)	1	:	0.000000	0.000000	0.000000	1.000000	0.000000	0.000000	0.000000
10	tsk_10	(x)	1	:	0.000074	0.000000	0.000000	0.496354	0.000000	0.294176	0.209397
11	tsk_11	(x)	1	:	0.000064	0.000000	0.000000	0.496354	0.000000	0.211782	0.291800
12	tsk_12	(x)	1	:	0.000000	0.000000	0.000000	1.000000	0.000000	0.000000	0.000000
13	tsk_13	(x)	1	:	0.000000	0.000000	0.520262	0.000000	0.000000	0.245404	0.234334
14	tsk_14	(x)	1	:	0.000231	0.000000	0.000000	0.000000	0.000000	0.385241	0.614528
15	tsk_15	(x)	1	:	0.000000	0.000000	0.000000	1.000000	0.000000	0.000000	0.000000
16	tsk_16	(x)	1	:	0.000234	0.000000	0.000000	0.000000	0.000000	0.472090	0.527676
17	tsk_17	(x)	1	:	0.000000	0.000000	0.000000	1.000000	0.000000	0.000000	0.000000
18	tsk_18	(x)	1	:	0.000000	0.000000	0.000000	1.000000	0.000000	0.000000	0.000000
19	tsk_19	(x)	1	:	0.000000	0.000000	0.000000	1.000000	0.000000	0.000000	0.000000
20	tsk_20	(x)	1	:	0.000048	0.000000	0.000000	0.496354	0.000000	0.181573	0.322025
21	tsk_21	(x)	1	:	0.000165	0.000000	0.000000	0.000000	0.000000	0.341064	0.658772
22	tsk_22	(x)	1	:	0.000008	0.000240	0.000000	0.000002	0.500513	0.159619	0.339618
23	tsk_23	(x)	1	:	0.000075	0.000000	0.000000	0.496354	0.000000	0.196027	0.307543
24	tsk_24	(x)	1	:	0.000093	0.000000	0.000000	0.496355	0.000000	0.220611	0.282941
25	tsk_25	(x)	1	:	0.000029	0.491565	0.000000	0.005308	0.000000	0.330540	0.172558
26	tsk_26	(x)	1	:	0.000177	0.000000	0.000000	0.000000	0.000000	0.416794	0.583029
27	tsk_27	(x)	1	:	0.000071	0.000000	0.000000	0.496354	0.000000	0.158468	0.345107
28	tsk_28	(x)	1	:	0.000177	0.000000	0.000000	0.000000	0.000000	0.155227	0.844596
29	tsk_29	(x)	1	:	0.000038	0.491529	0.000000	0.005353	0.000000	0.300387	0.202693
30	tsk_30	(x)	1	:	0.000000	0.000000	0.527753	0.472247	0.000000	0.000000	0.000000
31	tsk_31	(x)	1	:	0.000035	0.491513	0.000000	0.005372	0.000000	0.353483	0.149597
32	tsk_32	(x)	1	:	0.000000	0.475242	0.524755	0.000003	0.000000	0.000000	0.000000
33	tsk_33	(x)	1	:	0.000027	0.491625	0.000000	0.005234	0.000000	0.264226	0.238887
34	tsk_34	(x)	1	:	0.000000	0.000000	0.520263	0.000000	0.000000	0.162924	0.316814
35	tsk_35	(x)	1	:	0.000000	0.475242	0.524755	0.000003	0.000000	0.000000	0.000000
36	tsk_36	(x)	1	:	0.000026	0.491529	0.000000	0.005352	0.000000	0.365614	0.137479
37	tsk_37	(x)	1	:	0.000026	0.491488	0.000000	0.005402	0.000000	0.356748	0.146336
38	tsk_38	(x)	1	:	0.000000	0.475244	0.524755	0.000001	0.000000	0.000000	0.000000
39	tsk_39	(x)	1	:	0.000014	0.491635	0.000000	0.005223	0.000000	0.321486	0.181643
40	tsk_40	(x)	1	:	0.000025	0.491864	0.000000	0.004943	0.000000	0.318456	0.184711
41	tsk_41	(x)	1	:	0.000000	0.000014	0.000000	0.427209	0.572777	0.000000	0.000000
42	tsk_42	(x)	1	:	0.000042	0.491562	0.000000	0.005313	0.000000	0.255553	0.247531
43	tsk_43	(x)	1	:	0.000000	0.000000	0.546991	0.453009	0.000000	0.000000	0.000000
44	tsk_44	(x)	1	:	0.000000	0.000000	0.546489	0.453511	0.000000	0.000000	0.000000
45	tsk_45	(x)	1	:	0.000000	0.000000	0.546991	0.453009	0.000000	0.000000	0.000000
46	tsk_46	(x)	1	:	0.000000	0.000018	0.000000	0.427207	0.572775	0.000000	0.000000
47	tsk_47	(x)	1	:	0.000035	0.491731	0.000000	0.005106	0.000000	0.322885	0.180243
48	tsk_48	(x)	1	:	0.000000	0.493923	0.000000	0.506077	0.000000	0.000000	0.000000
49	tsk_49	(x)	1	:	0.000000	0.468350	0.000000	0.000000	0.531650	0.000000	0.000000
50	tsk_50	(x)	1	:	0.997174	0.000000	0.000000	0.000000	0.000000	0.001428	0.001398
51	tsk_51	(x)	1	:	0.000184	0.000000	0.000000	0.000000	0.000000	0.384934	0.614881
52	tsk_52	(x)	1	:	0.000019	0.000000	0.000000	0.000000	0.000000	0.450253	0.549728
53	tsk_53	(x)	1	:	0.000075	0.000000	0.000000	0.000000	0.000000	0.295783	0.704142
54	tsk_54	(x)	1	:	0.000041	0.000000	0.439365	0.000000	0.000000	0.286942	0.273652
55	tsk_55	(x)	1	:	0.000000	0.000000	0.439365	0.000000	0.000000	0.376188	0.184448
56	tsk_56	(x)	1	:	0.000118	0.000000	0.000000	0.000000	0.000000	0.472732	0.527151
57	tsk_57	(x)	1	:	0.000000	0.000000	0.424963	0.575037	0.000000	0.000000	0.000000
58	tsk_58	(x)	1	:	0.000036	0.000000	0.439365	0.000000	0.000000	0.300978	0.259620
59	tsk_59	(x)	1	:	0.000000	0.000000	0.424963	0.575037	0.000000	0.000000	0.000000
60	tsk_60	(x)	1	:	0.000000	0.000000	0.000000	1.000000	0.000000	0.000000	0.000000
61	tsk_61	(x)	1	:	0.000097	0.000000	0.000000	0.496355	0.000000	0.179831	0.323716
62	tsk_62	(x)	1	:	0.000253	0.000000	0.000000	0.000000	0.000000	0.218700	0.781047
63	tsk_63	(x)	1	:	0.000100	0.000000	0.000000	0.000000	0.000000	0.554733	0.445167
64	tsk_64	(x)	1	:	0.000087	0.000000	0.000000	0.496355	0.000000	0.374491	0.129068
65	tsk_65	(x)	1	:	0.000199	0.000000	0.000000	0.000000	0.000000	0.146538	0.853263
66	tsk_66	(x)	1	:	0.000049	0.000000	0.000000	0.523465	0.000000	0.211783	0.264703
67	tsk_67	(x)	1	:	0.000000	0.000000	0.000000	1.000000	0.000000	0.000000	0.000000
68	tsk_68	(x)	1	:	0.000000	0.000000	0.000000	1.000000	0.000000	0.000000	0.000000
69	tsk_69	(x)	1	:	0.000000	0.000000	0.000000	1.000000	0.000000	0.000000	0.000000
70	tsk_70	(x)	1	:	0.000035	0.491688	0.000000	0.005158	0.000000	0.325853	0.177266
71	tsk_71	(x)	1	:	0.000000	0.520632	0.479368	0.000000	0.000000	0.000000	0.000000
72	tsk_72	(x)	1	:	0.000041	0.000000	0.000000	0.496353	0.000000	0.280144	0.223462
73	tsk_73	(x)	1	:	0.000204	0.000000	0.000000	0.000000	0.000000	0.305951	0.693845
74	tsk_74	(x)	1	:	0.000121	0.000000	0.520265	0.000000	0.000000	0.135423	0.344190
75	tsk_75	(x)	1	:	0.000000	0.000000	1.000000	0.000000	0.000000	0.000000	0.000000
76	tsk_76	(x)	1	:	0.000032	0.491521	0.000000	0.005363	0.000000	0.214248	0.288837
77	tsk_77	(x)	1	:	0.996965	0.000000	0.000000	0.000000	0.000000	0.000737	0.002298
78	tsk_78	(x)	1	:	0.000000	0.000000	0.493922	0.000000	0.000000	0.016136	0.489942
79	tsk_79	(x)	1	:	0.000000	0.518444	0.000000	0.000000	0.000000	0.384718	0.096838
80	tsk_80	(x)	1	:	0.000000	1.000000	0.000000	0.000000	0.000000	0.000000	0.000000
81	tsk_81	(x)	1	:	0.000041	0.491526	0.000000	0.005357	0.000000	0.387243	0.115833
82	tsk_82	(x)	1	:	0.000027	0.519157	0.000000	0.000000	0.000000	0.238223	0.242592
83	tsk_83	(x)	1	:	0.000000	1.000000	0.000000	0.000000	0.000000	0.000000	0.000000
84	tsk_84	(x)	1	:	0.000000	0.468350	0.000000	0.000000	0.531650	0.000000	0.000000
85	tsk_85	(x)	1	:	0.000000	1.000000	0.000000	0.000000	0.000000	0.000000	0.000000
86	tsk_86	(x)	1	:	0.000000	1.000000	0.000000	0.000000	0.000000	0.000000	0.000000
87	tsk_87	(x)	1	:	0.000000	1.000000	0.000000	0.000000	0.000000	0.000000	0.000000
88	tsk_88	(x)	1	:	0.000000	1.000000	0.000000	0.000000	0.000000	0.000000	0.000000
89	tsk_89	(x)	1	:	0.000034	0.491785	0.000000	0.005040	0.000000	0.214317	0.288824
90	tsk_90	(x)	1	:	0.000181	0.000000	0.000000	0.000000	0.000000	0.471119	0.528700
91	tsk_91	(x)	1	:	0.000078	0.000000	0.000000	0.000000	0.000000	0.268546	0.731377
92	tsk_92	(x)	1	:	0.000000	0.000000	0.439365	0.000000	0.000000	0.323643	0.236992
93	tsk_93	(x)	1	:	0.000154	0.000000	0.000000	0.000000	0.000000	0.357159	0.642687
94	tsk_94	(x)	1	:	0.000005	0.000241	0.000000	0.000002	0.500512	0.128946	0.370293
95	tsk_95	(x)	1	:	0.000198	0.000000	0.000000	0.000000	0.000000	0.333187	0.666615
96	tsk_96	(x)	1	:	0.000007	0.000241	0.000000	0.000002	0.500513	0.101789	0.397448
97	tsk_97	(x)	1	:	0.000015	0.219918	0.000000	0.002819	0.273796	0.301154	0.202298
98	tsk_98	(x)	1	:	0.000004	0.000241	0.000000	0.000002	0.500513	0.176037	0.323203
99	tsk_99	(x)	1	:	0.000175	0.000000	0.000000	0.000000	0.000000	0.420878	0.578947
