logL = -305.570180 (converged)
AIC = 2555.140360
BIC = 5087.365781

count.K
7 1 1 47 0 3 18 23 

