logL = -1541.214644 (converged)
AIC = 3704.429288
BIC = 4514.637216

count.K
63 8 29 

