logL = -660.399620 (converged)
AIC = 2144.799240
BIC = 3218.129356

count.K
62 25 9 4 

