logL = -509.914283 (converged)
AIC = 1763.828566
BIC = 2732.951875

count.K
29 36 13 22 

