logL = -1421.230635 (converged)
AIC = 3794.461270
BIC = 5034.522278

count.K
21 9 40 30 

