logL = -1257.360118 (converged)
AIC = 2838.720235
BIC = 3260.757806

count.K
58 42 

