logL = -1555.297323 (converged)
AIC = 3750.594646
BIC = 4584.249105

count.K
15 74 11 

