logL = -567.345194 (converged)
AIC = 2982.690387
BIC = 5389.867639

count.K
2 5 6 21 1 7 6 52 

