logL = -1201.421575 (converged)
AIC = 3726.843150
BIC = 5451.465813

count.K
23 42 10 2 8 15 

