logL = -1118.414141 (converged)
AIC = 3656.828281
BIC = 5506.499113

count.K
36 35 15 8 0 6 

