logL = -286.571103 (converged)
AIC = 1801.142205
BIC = 3400.716699

count.K
1 13 0 14 23 49 

