logL = -677.365375 (converged)
AIC = 2394.730750
BIC = 3749.419246

count.K
51 3 3 28 15 

