0	tsk_0	(x)	1	:	0.000000	0.000000	0.488303	0.000000	0.000000	0.104449	0.200725	0.000000	0.000000	0.206524
1	tsk_1	(x)	1	:	0.000000	0.440998	0.000000	0.000000	0.000000	0.150974	0.267377	0.000000	0.000000	0.140651
2	tsk_2	(x)	1	:	0.000000	0.000000	0.488303	0.000000	0.000000	0.112417	0.207943	0.000000	0.000000	0.191337
3	tsk_3	(x)	1	:	0.000000	0.000000	0.488303	0.000000	0.000000	0.103063	0.169900	0.000000	0.000000	0.238734
4	tsk_4	(x)	1	:	0.000000	0.000000	0.488304	0.000000	0.000000	0.098075	0.195232	0.000000	0.000000	0.218389
5	tsk_5	(x)	1	:	0.000000	0.000000	0.000000	0.000000	0.000000	0.493187	0.099829	0.000000	0.000000	0.406984
6	tsk_6	(x)	1	:	0.000000	0.000000	0.000000	0.000000	0.000000	0.365141	0.173170	0.000000	0.000000	0.461689
7	tsk_7	(x)	1	:	0.000000	0.000000	0.000000	0.000000	0.415542	0.358822	0.026345	0.000000	0.000000	0.199290
8	tsk_8	(x)	1	:	0.000000	0.000000	0.488303	0.000000	0.000000	0.042296	0.236561	0.000000	0.000000	0.232841
9	tsk_9	(x)	1	:	0.000000	0.000000	0.000000	0.000000	0.000000	0.270852	0.274420	0.000000	0.000000	0.454728
10	tsk_10	(x)	1	:	0.000000	0.000000	0.000000	0.000000	0.000000	0.390007	0.118607	0.000000	0.000000	0.491386
11	tsk_11	(x)	1	:	0.000000	0.000000	0.000000	0.000000	0.000000	0.459070	0.067563	0.000000	0.000000	0.473367
12	tsk_12	(x)	1	:	0.000000	0.000000	0.000000	0.000000	0.415542	0.000000	0.142211	0.000000	0.000000	0.442247
13	tsk_13	(x)	1	:	0.000000	0.000000	0.488303	0.000000	0.000000	0.070493	0.263476	0.000000	0.000000	0.177728
14	tsk_14	(x)	1	:	0.000000	0.000000	0.000000	0.000000	0.415542	0.253335	0.008935	0.000000	0.000000	0.322188
15	tsk_15	(x)	1	:	0.000000	0.000000	0.490915	0.000000	0.000000	0.000000	0.000000	0.509084	0.000000	0.000000
16	tsk_16	(x)	1	:	0.000000	0.000000	0.488303	0.000000	0.000000	0.036971	0.409634	0.000000	0.000000	0.065093
17	tsk_17	(x)	1	:	0.000000	0.000000	0.000000	0.000000	0.000000	0.441263	0.103298	0.000000	0.000000	0.455440
18	tsk_18	(x)	1	:	0.000000	0.000000	0.000000	0.000000	0.000000	0.144344	0.000000	0.000000	0.000000	0.855656
19	tsk_19	(x)	1	:	0.000000	0.000000	0.488394	0.000000	0.415671	0.032150	0.033553	0.000000	0.000000	0.030232
20	tsk_20	(x)	1	:	0.000000	0.000000	0.000000	0.000000	0.000000	0.411764	0.131333	0.000000	0.000000	0.456903
21	tsk_21	(x)	1	:	0.000000	0.000000	0.000000	0.000000	0.000000	0.568201	0.084668	0.000000	0.000000	0.347132
22	tsk_22	(x)	1	:	0.000000	0.000000	0.000000	0.000000	0.000000	0.791721	0.092495	0.000000	0.000000	0.115784
23	tsk_23	(x)	1	:	0.000000	0.000000	0.000000	0.000000	0.000000	0.495392	0.202874	0.000000	0.000000	0.301734
24	tsk_24	(x)	1	:	0.000000	0.000000	0.000000	0.000000	0.000000	0.335232	0.079272	0.000000	0.000000	0.585495
25	tsk_25	(x)	1	:	0.000000	0.000000	0.000000	0.000000	0.000000	0.538825	0.172089	0.000000	0.000000	0.289086
26	tsk_26	(x)	1	:	0.000000	0.000000	0.488303	0.000000	0.000000	0.031009	0.178969	0.000000	0.000000	0.301719
27	tsk_27	(x)	1	:	0.000000	0.000000	0.000000	0.000000	0.000000	0.694208	0.168968	0.000000	0.000000	0.136825
28	tsk_28	(x)	1	:	0.000000	0.000000	0.000000	0.000000	0.000000	0.555510	0.225522	0.000000	0.000000	0.218968
29	tsk_29	(x)	1	:	0.000000	0.000000	0.000000	0.000000	0.000000	0.536704	0.028195	0.000000	0.000000	0.435101
30	tsk_30	(x)	1	:	0.000000	0.000000	0.000000	0.000000	0.000000	0.635714	0.164066	0.000000	0.000000	0.200220
31	tsk_31	(x)	1	:	0.000000	0.000000	0.593948	0.000000	0.000000	0.127427	0.097601	0.000000	0.000000	0.181024
32	tsk_32	(x)	1	:	0.000000	0.000000	0.000000	0.000000	0.000000	0.229363	0.149762	0.000000	0.000000	0.620875
33	tsk_33	(x)	1	:	0.000000	0.000000	0.000000	0.000000	0.000000	0.333725	0.108268	0.000000	0.000000	0.558007
34	tsk_34	(x)	1	:	0.000000	0.000000	0.000000	0.986401	0.000000	0.007230	0.003992	0.000000	0.000000	0.002377
35	tsk_35	(x)	1	:	0.000000	0.000000	0.593948	0.000000	0.000000	0.030005	0.147474	0.000000	0.000000	0.228572
36	tsk_36	(x)	1	:	0.000000	0.000000	0.488303	0.000000	0.000000	0.178368	0.146380	0.000000	0.000000	0.186949
37	tsk_37	(x)	1	:	0.000000	0.000000	0.000000	0.000000	0.000000	0.390943	0.110750	0.000000	0.000000	0.498307
38	tsk_38	(x)	1	:	0.000000	0.000000	0.000000	0.000000	0.000000	0.235907	0.076085	0.000000	0.000000	0.688008
39	tsk_39	(x)	1	:	0.000000	0.000000	0.000000	0.000000	0.000000	0.311166	0.000000	0.000000	0.000000	0.688833
40	tsk_40	(x)	1	:	0.000000	0.000000	0.000000	0.000000	0.000000	0.300122	0.198050	0.000000	0.000000	0.501828
41	tsk_41	(x)	1	:	0.000000	0.000000	0.000000	0.000000	0.000000	0.537111	0.131741	0.000000	0.000000	0.331148
42	tsk_42	(x)	1	:	0.000000	0.000000	0.000000	0.000000	0.000000	0.316189	0.149879	0.000000	0.000000	0.533932
43	tsk_43	(x)	1	:	0.000000	0.187021	0.000000	0.000000	0.000000	0.511833	0.147158	0.000000	0.000000	0.153989
44	tsk_44	(x)	1	:	0.000000	0.000000	0.000000	0.000000	0.000000	0.342577	0.228182	0.000000	0.000000	0.429241
45	tsk_45	(x)	1	:	0.000000	0.333332	0.000000	0.000000	0.000000	0.224380	0.000000	0.000000	0.000000	0.442288
46	tsk_46	(x)	1	:	0.000000	0.187021	0.000000	0.000000	0.000000	0.539819	0.070409	0.000000	0.000000	0.202751
47	tsk_47	(x)	1	:	0.000000	0.000000	1.000000	0.000000	0.000000	0.000000	0.000000	0.000000	0.000000	0.000000
48	tsk_48	(x)	1	:	0.313482	0.000000	0.000000	0.000000	0.000000	0.321489	0.103969	0.000000	0.000000	0.261061
49	tsk_49	(x)	1	:	1.000000	0.000000	0.000000	0.000000	0.000000	0.000000	0.000000	0.000000	0.000000	0.000000
50	tsk_50	(x)	1	:	0.000000	0.000000	0.000000	0.000000	0.415542	0.339361	0.072633	0.000000	0.000000	0.172464
51	tsk_51	(x)	1	:	0.000000	0.440998	0.000000	0.000000	0.000000	0.397434	0.092026	0.000000	0.000000	0.069542
52	tsk_52	(x)	1	:	0.000000	0.440998	0.000000	0.000000	0.000000	0.089803	0.284111	0.000000	0.000000	0.185089
53	tsk_53	(x)	1	:	0.000000	0.000000	0.000000	0.000000	0.415542	0.363329	0.023669	0.000000	0.000000	0.197460
54	tsk_54	(x)	1	:	0.000000	0.440998	0.000000	0.000000	0.000000	0.311364	0.201995	0.000000	0.000000	0.045643
55	tsk_55	(x)	1	:	0.000000	0.000000	0.000000	0.000000	0.000000	0.180987	0.183128	0.000000	0.000000	0.635885
56	tsk_56	(x)	1	:	0.000000	0.000000	0.000000	0.000000	1.000000	0.000000	0.000000	0.000000	0.000000	0.000000
57	tsk_57	(x)	1	:	0.000000	1.000000	0.000000	0.000000	0.000000	0.000000	0.000000	0.000000	0.000000	0.000000
58	tsk_58	(x)	1	:	0.000000	0.000000	0.000000	0.000000	0.000000	0.475785	0.000000	0.000000	0.000000	0.524215
59	tsk_59	(x)	1	:	0.000000	0.440998	0.000000	0.000000	0.000000	0.559002	0.000000	0.000000	0.000000	0.000000
60	tsk_60	(x)	1	:	0.000000	0.000000	0.488303	0.000000	0.000000	0.132395	0.177389	0.000000	0.000000	0.201913
61	tsk_61	(x)	1	:	0.000000	0.000000	0.000000	0.000000	0.000000	0.278273	0.136222	0.000000	0.000000	0.585505
62	tsk_62	(x)	1	:	0.000000	0.000000	0.000000	0.000000	0.000000	0.287852	0.351725	0.000000	0.000000	0.360423
63	tsk_63	(x)	1	:	0.000000	0.000000	0.488303	0.000000	0.000000	0.178282	0.209703	0.000000	0.000000	0.123713
64	tsk_64	(x)	1	:	0.000000	0.000000	0.000000	0.000000	0.000000	0.315392	0.152455	0.000000	0.000000	0.532153
65	tsk_65	(x)	1	:	0.000000	0.000000	0.000000	0.000000	0.000000	0.224517	0.189589	0.000000	0.000000	0.585894
66	tsk_66	(x)	1	:	0.000000	0.000000	1.000000	0.000000	0.000000	0.000000	0.000000	0.000000	0.000000	0.000000
67	tsk_67	(x)	1	:	0.000000	0.000000	1.000000	0.000000	0.000000	0.000000	0.000000	0.000000	0.000000	0.000000
68	tsk_68	(x)	1	:	0.000000	0.000000	0.000000	0.000000	0.000000	0.408410	0.134095	0.000000	0.000000	0.457495
69	tsk_69	(x)	1	:	0.000000	0.000000	0.000000	0.000000	0.000000	0.690294	0.225425	0.000000	0.000000	0.084281
70	tsk_70	(x)	1	:	0.000000	0.000000	0.000000	0.000000	0.000000	0.537299	0.171923	0.000000	0.000000	0.290778
71	tsk_71	(x)	1	:	0.000000	0.000000	0.000000	0.000000	0.415542	0.290986	0.075300	0.000000	0.000000	0.218171
72	tsk_72	(x)	1	:	0.000000	0.000000	0.000000	0.000000	0.000000	0.000002	0.011740	0.000000	0.988256	0.000001
73	tsk_73	(x)	1	:	0.000000	0.000000	0.488303	0.000000	0.000000	0.066987	0.190503	0.000000	0.000000	0.254208
74	tsk_74	(x)	1	:	0.000000	0.000000	0.488303	0.000000	0.000000	0.156457	0.132619	0.000000	0.000000	0.222621
75	tsk_75	(x)	1	:	0.000000	0.000000	0.488303	0.000000	0.000000	0.031247	0.193682	0.000000	0.000000	0.286768
76	tsk_76	(x)	1	:	0.000000	0.000000	0.000000	0.000000	0.000000	0.347060	0.072654	0.000000	0.000000	0.580287
77	tsk_77	(x)	1	:	0.000000	0.000000	0.488302	0.000000	0.000000	0.219473	0.292225	0.000000	0.000000	0.000000
78	tsk_78	(x)	1	:	0.000000	0.000000	0.488303	0.000000	0.000000	0.133033	0.190098	0.000000	0.000000	0.188567
79	tsk_79	(x)	1	:	0.000000	0.000000	0.000000	0.000000	0.000000	0.342541	0.227668	0.000000	0.000000	0.429791
80	tsk_80	(x)	1	:	0.000000	0.000000	1.000000	0.000000	0.000000	0.000000	0.000000	0.000000	0.000000	0.000000
81	tsk_81	(x)	1	:	0.000000	0.000000	0.488303	0.000000	0.000000	0.036839	0.058745	0.000000	0.000000	0.416114
82	tsk_82	(x)	1	:	0.000000	0.000000	0.000000	0.000000	0.000000	0.151802	0.282426	0.000000	0.000000	0.565772
83	tsk_83	(x)	1	:	0.000000	0.000000	0.488302	0.000000	0.000000	0.000000	0.294601	0.000000	0.000000	0.217096
84	tsk_84	(x)	1	:	0.000000	0.441015	0.000000	0.000000	0.309470	0.000000	0.249515	0.000000	0.000000	0.000000
85	tsk_85	(x)	1	:	0.000000	0.000000	0.000000	0.465051	0.000000	0.094578	0.115490	0.000000	0.000000	0.324882
86	tsk_86	(x)	1	:	0.000000	0.000000	0.000000	0.000000	0.000000	0.403370	0.265210	0.000000	0.000000	0.331420
87	tsk_87	(x)	1	:	0.000000	0.000000	0.000000	0.000000	0.500000	0.045325	0.379463	0.000000	0.000000	0.075212
88	tsk_88	(x)	1	:	0.000000	0.000000	0.488303	0.000000	0.000000	0.125815	0.172583	0.000000	0.000000	0.213300
89	tsk_89	(x)	1	:	0.000000	0.000000	1.000000	0.000000	0.000000	0.000000	0.000000	0.000000	0.000000	0.000000
90	tsk_90	(x)	1	:	0.000000	0.000000	0.000000	0.000000	0.000000	0.184640	0.138991	0.504346	0.000000	0.172022
91	tsk_91	(x)	1	:	0.000000	0.000000	0.000000	0.000000	0.000000	0.186791	0.034191	0.000000	0.582206	0.196813
92	tsk_92	(x)	1	:	0.000000	0.000000	0.000000	0.000000	0.000000	0.151721	0.066846	0.504346	0.000000	0.277087
93	tsk_93	(x)	1	:	0.000000	0.000000	0.000000	0.000000	0.000000	0.201117	0.182409	0.504347	0.000000	0.112127
94	tsk_94	(x)	1	:	0.000000	0.000000	0.000000	0.000000	0.000000	0.361966	0.080113	0.504346	0.000000	0.053575
95	tsk_95	(x)	1	:	0.000000	0.000000	0.000000	0.000000	0.000000	0.802283	0.087136	0.000000	0.000000	0.110581
96	tsk_96	(x)	1	:	0.000000	0.000000	0.000000	0.000000	0.000000	0.424339	0.035966	0.000000	0.000000	0.539695
97	tsk_97	(x)	1	:	0.000000	0.000000	0.000000	0.000000	0.000000	0.000000	0.000000	0.468793	0.531207	0.000000
98	tsk_98	(x)	1	:	0.000000	0.000000	0.000000	0.000000	0.000000	0.301848	0.051921	0.504346	0.000000	0.141885
99	tsk_99	(x)	1	:	0.000000	0.000000	0.000000	0.000000	0.000000	0.298865	0.198327	0.000000	0.000000	0.502808
