logL = -996.159279 (converged)
AIC = 2304.318558
BIC = 2710.725107

count.K
20 80 

