logL = -728.664169 (converged)
AIC = 3091.328339
BIC = 5219.752381

count.K
31 5 1 8 4 3 48 

