0	tsk_0	(x)	1	:	0.000000	0.000000	0.227186	0.000109	0.204750	0.000000	0.000000	0.567955	0.000000
1	tsk_1	(x)	1	:	0.000000	0.000000	0.454920	0.000000	0.059401	0.485680	0.000000	0.000000	0.000000
2	tsk_2	(x)	1	:	0.000000	0.000000	0.054959	0.000000	0.041161	0.486023	0.000000	0.000000	0.417858
3	tsk_3	(x)	1	:	0.000000	0.000000	0.444586	0.000000	0.069705	0.485709	0.000000	0.000000	0.000000
4	tsk_4	(x)	1	:	0.000000	0.000000	0.744699	0.000000	0.255301	0.000000	0.000000	0.000000	0.000000
5	tsk_5	(x)	1	:	0.000000	0.000000	0.725770	0.000000	0.274230	0.000000	0.000000	0.000000	0.000000
6	tsk_6	(x)	1	:	0.000000	0.000000	0.341728	0.000000	0.172266	0.486006	0.000000	0.000000	0.000000
7	tsk_7	(x)	1	:	0.000000	0.000000	0.000000	0.000000	0.000000	0.000000	0.000000	0.570336	0.429664
8	tsk_8	(x)	1	:	0.000000	0.000000	0.421487	0.000000	0.092738	0.485775	0.000000	0.000000	0.000000
9	tsk_9	(x)	1	:	0.000000	0.000000	0.590200	0.000000	0.409800	0.000000	0.000000	0.000000	0.000000
10	tsk_10	(x)	1	:	0.000000	0.000000	0.000000	0.000000	0.000000	0.000000	0.000000	0.000000	1.000000
11	tsk_11	(x)	1	:	0.000000	0.165165	0.000000	0.000000	0.000000	0.336986	0.000000	0.000000	0.497849
12	tsk_12	(x)	1	:	0.000000	0.199250	0.248925	0.000000	0.075716	0.476109	0.000000	0.000000	0.000000
13	tsk_13	(x)	1	:	0.000000	0.000000	0.105048	0.000000	0.334571	0.000000	0.000000	0.000000	0.560381
14	tsk_14	(x)	1	:	0.000000	0.000000	0.000000	0.000000	0.000000	0.000000	0.000000	0.000000	1.000000
15	tsk_15	(x)	1	:	0.000000	0.000000	0.194056	0.000000	0.387859	0.000000	0.000000	0.000000	0.418084
16	tsk_16	(x)	1	:	0.000000	0.000000	0.217248	0.000000	0.364696	0.000000	0.000000	0.000000	0.418057
17	tsk_17	(x)	1	:	0.000000	0.000000	0.588885	0.000000	0.411115	0.000000	0.000000	0.000000	0.000000
18	tsk_18	(x)	1	:	0.000000	0.298888	0.000000	0.000000	0.000000	0.701112	0.000000	0.000000	0.000000
19	tsk_19	(x)	1	:	0.000000	0.000000	0.121268	0.000000	0.318374	0.000000	0.000000	0.000000	0.560358
20	tsk_20	(x)	1	:	0.000000	0.456241	0.000121	0.000000	0.000012	0.543626	0.000000	0.000000	0.000000
21	tsk_21	(x)	1	:	0.000000	0.000000	0.392038	0.000000	0.122102	0.485860	0.000000	0.000000	0.000000
22	tsk_22	(x)	1	:	0.000000	0.562797	0.000130	0.000000	0.000014	0.437059	0.000000	0.000000	0.000000
23	tsk_23	(x)	1	:	0.000000	0.000000	0.659235	0.000000	0.340765	0.000000	0.000000	0.000000	0.000000
24	tsk_24	(x)	1	:	0.000000	0.000000	0.484231	0.000000	0.187570	0.328199	0.000000	0.000000	0.000000
25	tsk_25	(x)	1	:	0.000000	0.000000	0.148022	0.000000	0.433838	0.000000	0.000000	0.000000	0.418140
26	tsk_26	(x)	1	:	0.000000	0.562798	0.000096	0.000000	0.000045	0.437062	0.000000	0.000000	0.000000
27	tsk_27	(x)	1	:	0.000000	0.384787	0.107215	0.000000	0.040798	0.467200	0.000000	0.000000	0.000000
28	tsk_28	(x)	1	:	0.000000	0.000000	0.140104	0.000000	0.441746	0.000000	0.000000	0.000000	0.418150
29	tsk_29	(x)	1	:	0.000000	0.000000	0.663374	0.000000	0.336626	0.000000	0.000000	0.000000	0.000000
30	tsk_30	(x)	1	:	0.000000	0.188826	0.406636	0.000000	0.404538	0.000000	0.000000	0.000000	0.000000
31	tsk_31	(x)	1	:	0.000000	0.000000	0.627452	0.000000	0.372548	0.000000	0.000000	0.000000	0.000000
32	tsk_32	(x)	1	:	0.000000	0.000000	0.368743	0.000000	0.145329	0.485927	0.000000	0.000000	0.000000
33	tsk_33	(x)	1	:	0.000000	0.000000	0.711895	0.000000	0.288105	0.000000	0.000000	0.000000	0.000000
34	tsk_34	(x)	1	:	0.000000	0.000000	0.657269	0.000000	0.342731	0.000000	0.000000	0.000000	0.000000
35	tsk_35	(x)	1	:	0.000000	0.000000	0.487268	0.000000	0.512732	0.000000	0.000000	0.000000	0.000000
36	tsk_36	(x)	1	:	0.000000	0.000000	0.587616	0.000000	0.412384	0.000000	0.000000	0.000000	0.000000
37	tsk_37	(x)	1	:	0.000000	0.000000	0.555999	0.000000	0.444001	0.000000	0.000000	0.000000	0.000000
38	tsk_38	(x)	1	:	0.000000	0.000000	0.616977	0.000000	0.383023	0.000000	0.000000	0.000000	0.000000
39	tsk_39	(x)	1	:	0.000000	0.000000	0.543329	0.000000	0.456671	0.000000	0.000000	0.000000	0.000000
40	tsk_40	(x)	1	:	0.000000	0.000000	0.589192	0.000000	0.410807	0.000000	0.000000	0.000000	0.000000
41	tsk_41	(x)	1	:	0.000000	0.000000	0.252751	0.000000	0.747249	0.000000	0.000000	0.000000	0.000000
42	tsk_42	(x)	1	:	0.000000	0.000000	0.395211	0.000000	0.118938	0.485850	0.000000	0.000000	0.000000
43	tsk_43	(x)	1	:	0.000000	0.000000	0.423075	0.000000	0.091155	0.485770	0.000000	0.000000	0.000000
44	tsk_44	(x)	1	:	0.000000	0.188803	0.457041	0.000000	0.354156	0.000000	0.000000	0.000000	0.000000
45	tsk_45	(x)	1	:	0.000000	0.188922	0.104652	0.000000	0.288280	0.000000	0.000000	0.000000	0.418145
46	tsk_46	(x)	1	:	0.000000	0.000000	0.713957	0.000000	0.286043	0.000000	0.000000	0.000000	0.000000
47	tsk_47	(x)	1	:	0.000000	0.000000	0.589675	0.000000	0.410325	0.000000	0.000000	0.000000	0.000000
48	tsk_48	(x)	1	:	0.000000	0.000000	0.274522	0.000000	0.307489	0.000000	0.000000	0.000000	0.417989
49	tsk_49	(x)	1	:	0.000000	0.188866	0.319512	0.000000	0.491622	0.000000	0.000000	0.000000	0.000000
50	tsk_50	(x)	1	:	0.000000	0.000000	0.000000	1.000000	0.000000	0.000000	0.000000	0.000000	0.000000
51	tsk_51	(x)	1	:	0.000000	0.000000	0.000582	0.998778	0.000640	0.000000	0.000000	0.000000	0.000000
52	tsk_52	(x)	1	:	0.000000	0.000000	0.081877	0.410222	0.022213	0.485687	0.000000	0.000000	0.000000
53	tsk_53	(x)	1	:	0.000000	0.294355	0.000000	0.000000	0.000000	0.254522	0.000000	0.000000	0.451123
54	tsk_54	(x)	1	:	0.000000	0.000000	0.007453	0.000000	0.002677	0.485788	0.504082	0.000000	0.000000
55	tsk_55	(x)	1	:	0.000000	0.000000	0.092022	0.000000	0.347579	0.000000	0.000000	0.000000	0.560399
56	tsk_56	(x)	1	:	0.000000	0.000000	0.314888	0.000000	0.199028	0.486084	0.000000	0.000000	0.000000
57	tsk_57	(x)	1	:	0.000000	0.000000	0.227186	0.000109	0.204750	0.000000	0.000000	0.567955	0.000000
58	tsk_58	(x)	1	:	0.000000	0.000000	0.000000	0.000000	0.000000	0.453056	0.000000	0.000000	0.546944
59	tsk_59	(x)	1	:	0.000000	0.000000	0.403827	0.000000	0.110347	0.485826	0.000000	0.000000	0.000000
60	tsk_60	(x)	1	:	0.000000	0.000000	0.373959	0.000000	0.140129	0.485912	0.000000	0.000000	0.000000
61	tsk_61	(x)	1	:	0.000000	0.000000	0.000000	0.000000	1.000000	0.000000	0.000000	0.000000	0.000000
62	tsk_62	(x)	1	:	0.000000	0.000000	0.569170	0.000000	0.261750	0.000000	0.000000	0.000000	0.169080
63	tsk_63	(x)	1	:	0.000000	0.000000	0.371582	0.000000	0.628418	0.000000	0.000000	0.000000	0.000000
64	tsk_64	(x)	1	:	0.000000	0.000000	0.000000	0.000000	0.000000	1.000000	0.000000	0.000000	0.000000
65	tsk_65	(x)	1	:	0.000000	0.000000	0.634160	0.000000	0.365840	0.000000	0.000000	0.000000	0.000000
66	tsk_66	(x)	1	:	0.000000	0.000000	0.333884	0.000000	0.180088	0.486028	0.000000	0.000000	0.000000
67	tsk_67	(x)	1	:	0.000000	0.000000	0.252492	0.000000	0.092508	0.485934	0.000000	0.000000	0.169066
68	tsk_68	(x)	1	:	0.000000	0.000000	0.280779	0.000000	0.233037	0.486184	0.000000	0.000000	0.000000
69	tsk_69	(x)	1	:	0.000000	0.000000	0.324301	0.000000	0.189642	0.486056	0.000000	0.000000	0.000000
70	tsk_70	(x)	1	:	0.000000	0.000000	0.293548	0.000000	0.220305	0.486147	0.000000	0.000000	0.000000
71	tsk_71	(x)	1	:	0.000000	0.000000	0.000000	0.000000	0.000000	0.000000	1.000000	0.000000	0.000000
72	tsk_72	(x)	1	:	0.000000	0.000000	0.000000	0.000000	0.000000	0.000000	0.458206	0.000000	0.541794
73	tsk_73	(x)	1	:	0.000000	0.000000	0.097606	0.000000	0.342003	0.000000	0.000000	0.000000	0.560391
74	tsk_74	(x)	1	:	0.000000	0.188665	0.283275	0.000000	0.024161	0.000000	0.503898	0.000000	0.000000
75	tsk_75	(x)	1	:	0.000000	0.000000	0.541954	0.295305	0.162741	0.000000	0.000000	0.000000	0.000000
76	tsk_76	(x)	1	:	0.000000	0.000000	0.000000	0.000000	0.000000	0.000000	0.438252	0.561748	0.000000
77	tsk_77	(x)	1	:	0.000000	0.000000	0.314252	0.000000	0.181397	0.000000	0.504351	0.000000	0.000000
78	tsk_78	(x)	1	:	0.000000	0.000000	0.901215	0.000000	0.098785	0.000000	0.000000	0.000000	0.000000
79	tsk_79	(x)	1	:	0.000000	0.000000	0.227186	0.000109	0.204750	0.000000	0.000000	0.567955	0.000000
80	tsk_80	(x)	1	:	0.000000	0.000000	0.726000	0.000000	0.274000	0.000000	0.000000	0.000000	0.000000
81	tsk_81	(x)	1	:	0.000000	0.000000	0.368664	0.000000	0.631336	0.000000	0.000000	0.000000	0.000000
82	tsk_82	(x)	1	:	0.000000	0.000000	0.294440	0.000000	0.287594	0.000000	0.000000	0.000000	0.417965
83	tsk_83	(x)	1	:	0.000000	0.000000	0.207662	0.000000	0.792338	0.000000	0.000000	0.000000	0.000000
84	tsk_84	(x)	1	:	0.000000	0.000000	0.135323	0.000000	0.446522	0.000000	0.000000	0.000000	0.418155
85	tsk_85	(x)	1	:	0.000000	0.000000	0.399768	0.000000	0.114394	0.485837	0.000000	0.000000	0.000000
86	tsk_86	(x)	1	:	0.000000	0.000000	0.301770	0.000000	0.193841	0.000000	0.504389	0.000000	0.000000
87	tsk_87	(x)	1	:	0.000000	0.000000	0.687364	0.000000	0.312636	0.000000	0.000000	0.000000	0.000000
88	tsk_88	(x)	1	:	0.000000	0.000000	1.000000	0.000000	0.000000	0.000000	0.000000	0.000000	0.000000
89	tsk_89	(x)	1	:	0.000000	0.000000	0.320709	0.000000	0.679291	0.000000	0.000000	0.000000	0.000000
90	tsk_90	(x)	1	:	0.000000	0.000000	0.560498	0.000000	0.439502	0.000000	0.000000	0.000000	0.000000
91	tsk_91	(x)	1	:	1.000000	0.000000	0.000000	0.000000	0.000000	0.000000	0.000000	0.000000	0.000000
92	tsk_92	(x)	1	:	0.000000	0.000000	0.330388	0.000000	0.183574	0.486039	0.000000	0.000000	0.000000
93	tsk_93	(x)	1	:	0.000000	0.000000	0.672101	0.000000	0.327898	0.000000	0.000000	0.000000	0.000000
94	tsk_94	(x)	1	:	0.000000	0.000000	0.747384	0.000000	0.252615	0.000000	0.000000	0.000000	0.000000
95	tsk_95	(x)	1	:	0.000000	0.000000	0.531526	0.000000	0.468473	0.000000	0.000000	0.000000	0.000000
96	tsk_96	(x)	1	:	0.000000	0.000000	0.312713	0.000000	0.201197	0.486090	0.000000	0.000000	0.000000
97	tsk_97	(x)	1	:	0.000000	0.000000	0.376270	0.000000	0.137825	0.485905	0.000000	0.000000	0.000000
98	tsk_98	(x)	1	:	0.000000	0.000000	0.718371	0.000000	0.281629	0.000000	0.000000	0.000000	0.000000
99	tsk_99	(x)	1	:	1.000000	0.000000	0.000000	0.000000	0.000000	0.000000	0.000000	0.000000	0.000000
