logL = -1269.326479 (converged)
AIC = 3118.652958
BIC = 3874.152312

count.K
23 40 37 

