logL = -490.205454 (converged)
AIC = 3066.410908
BIC = 5783.603412

count.K
3 14 32 11 1 11 16 10 2 

