logL = -642.472302 (converged)
AIC = 3584.944605
BIC = 6580.890319

count.K
12 15 9 4 24 10 1 1 23 1 

