logL = -1450.472745 (converged)
AIC = 3780.945490
BIC = 4927.220372

count.K
12 17 28 43 

