logL = -447.657785 (converged)
AIC = 1885.315569
BIC = 3174.874812

count.K
29 22 31 11 7 

