logL = -1331.789650 (converged)
AIC = 4479.579301
BIC = 6845.073830

count.K
14 4 2 13 27 21 19 

