logL = -573.044455 (converged)
AIC = 2470.088911
BIC = 4194.711574

count.K
11 9 10 11 22 37 

