logL = -1301.437881 (converged)
AIC = 2930.875761
BIC = 3358.123672

count.K
51 49 

