logL = -1510.737662 (converged)
AIC = 5029.475323
BIC = 7645.066190

count.K
24 11 7 8 10 8 13 19 

