logL = -561.557518 (converged)
AIC = 2123.115037
BIC = 3425.700130

count.K
3 77 8 3 9 

