logL = -808.412061 (converged)
AIC = 2868.824123
BIC = 4499.660659

count.K
13 28 12 26 15 6 

