logL = -923.168970 (converged)
AIC = 2654.337940
BIC = 3706.826695

count.K
16 36 35 13 

