logL = -503.638615 (converged)
AIC = 1839.277230
BIC = 2923.028027

count.K
15 9 68 8 

