logL = -593.623147 (converged)
AIC = 2487.246294
BIC = 4180.606915

count.K
26 23 16 5 17 13 

