logL = -406.801961 (converged)
AIC = 2581.603922
BIC = 4884.574366

count.K
31 1 14 13 4 18 19 0 

