logL = -397.316790 (converged)
AIC = 2466.633581
BIC = 4644.555856

count.K
18 9 6 30 3 14 1 19 

