logL = -705.833856 (converged)
AIC = 1691.667711
BIC = 2056.391537

count.K
11 89 

