logL = -477.525707 (converged)
AIC = 2195.051413
BIC = 3810.256928

count.K
3 12 7 9 65 4 

