logL = -309.160695 (converged)
AIC = 2084.321391
BIC = 3993.911137

count.K
10 14 48 10 3 1 14 

