logL = -814.908945 (converged)
AIC = 3461.817890
BIC = 5848.153780

count.K
6 1 5 20 12 18 14 24 

