logL = -1140.753836 (converged)
AIC = 2605.507671
BIC = 3027.545242

count.K
52 48 

