logL = -510.426985 (converged)
AIC = 2852.853970
BIC = 5239.189860

count.K
31 17 8 1 17 4 18 4 

