logL = -522.411068 (converged)
AIC = 2876.822136
BIC = 5263.158026

count.K
13 4 15 12 33 3 16 4 

