logL = -826.689214 (converged)
AIC = 2753.378429
BIC = 4186.222031

count.K
24 22 27 9 18 

