logL = -415.004633 (converged)
AIC = 2282.009266
BIC = 4173.362821

count.K
4 19 2 6 47 11 11 

