logL = -382.867919 (converged)
AIC = 2761.735837
BIC = 5361.695683

count.K
2 4 2 6 9 37 5 4 31 

