logL = -391.388934 (converged)
AIC = 1762.777867
BIC = 3039.311258

count.K
8 62 5 10 15 

