logL = -474.590888 (converged)
AIC = 2513.181776
BIC = 4550.424861

count.K
29 1 7 3 4 10 46 

