logL = -521.772771 (converged)
AIC = 2607.545542
BIC = 4644.788627

count.K
25 11 4 32 11 15 2 

