logL = -555.855937 (converged)
AIC = 2435.711873
BIC = 4160.334536

count.K
4 30 4 37 11 14 

