logL = -530.184093 (converged)
AIC = 2360.368187
BIC = 4053.728807

count.K
41 3 11 6 36 3 

