logL = -539.400426 (converged)
AIC = 2926.800853
BIC = 5333.978105

count.K
25 3 4 8 35 5 0 20 

