logL = -560.919940 (converged)
AIC = 2857.839880
BIC = 5119.127601

count.K
4 4 10 14 7 23 19 19 

