logL = -912.022295 (converged)
AIC = 3724.044589
BIC = 6198.956266

count.K
26 2 29 4 22 5 12 

