logL = -1157.505895 (converged)
AIC = 3963.011791
BIC = 6109.672024

count.K
17 40 2 8 6 17 10 

