logL = -375.702755 (converged)
AIC = 1801.405509
BIC = 3169.119857

count.K
1 38 20 8 33 

