0	tsk_0	(x)	1	:	0.063546	0.336815	0.130985	0.000000	0.000000	0.000000	0.000000	0.468653	0.000000	0.000000
1	tsk_1	(x)	1	:	0.210366	0.000000	0.067825	0.000000	0.232245	0.415918	0.000000	0.000000	0.000000	0.073647
2	tsk_2	(x)	1	:	0.021863	0.335660	0.032925	0.000000	0.022792	0.000000	0.000000	0.586760	0.000000	0.000000
3	tsk_3	(x)	1	:	0.213801	0.000000	0.057595	0.000000	0.046324	0.415887	0.000000	0.192709	0.000000	0.073684
4	tsk_4	(x)	1	:	0.057807	0.000000	0.188492	0.000000	0.560990	0.000000	0.000000	0.192711	0.000000	0.000000
5	tsk_5	(x)	1	:	0.041118	0.000000	0.123609	0.000000	0.366464	0.000000	0.000000	0.468809	0.000000	0.000000
6	tsk_6	(x)	1	:	0.040767	0.000000	0.037419	0.000000	0.011239	0.415954	0.000000	0.000000	0.421014	0.073607
7	tsk_7	(x)	1	:	0.199030	0.000000	0.073968	0.000000	0.044724	0.415890	0.000000	0.192709	0.000000	0.073680
8	tsk_8	(x)	1	:	0.000000	0.302024	0.000000	0.000000	0.000000	0.000000	0.000000	0.697976	0.000000	0.000000
9	tsk_9	(x)	1	:	0.052243	0.336814	0.062537	0.000000	0.079752	0.000000	0.000000	0.468653	0.000000	0.000000
10	tsk_10	(x)	1	:	0.000000	0.000000	0.000000	1.000000	0.000000	0.000000	0.000000	0.000000	0.000000	0.000000
11	tsk_11	(x)	1	:	0.000000	0.000000	0.000000	0.000000	0.000000	0.000000	0.000000	0.000000	0.000000	1.000000
12	tsk_12	(x)	1	:	0.012345	0.000000	0.001819	0.495035	0.002063	0.416039	0.000000	0.000000	0.000000	0.072698
13	tsk_13	(x)	1	:	0.039366	0.000000	0.068216	0.000000	0.007544	0.000000	0.395856	0.000000	0.000000	0.489018
14	tsk_14	(x)	1	:	0.000000	0.000000	0.000000	1.000000	0.000000	0.000000	0.000000	0.000000	0.000000	0.000000
15	tsk_15	(x)	1	:	0.000000	0.000000	0.000000	1.000000	0.000000	0.000000	0.000000	0.000000	0.000000	0.000000
16	tsk_16	(x)	1	:	0.000000	0.251178	0.000000	0.354256	0.000000	0.000000	0.000000	0.394566	0.000000	0.000000
17	tsk_17	(x)	1	:	0.008767	0.000000	0.003649	0.495368	0.003427	0.416054	0.000000	0.000000	0.000000	0.072735
18	tsk_18	(x)	1	:	0.164781	0.000000	0.169497	0.500000	0.165722	0.000000	0.000000	0.000000	0.000000	0.000000
19	tsk_19	(x)	1	:	0.002588	0.000000	0.081952	0.506363	0.011204	0.000000	0.397893	0.000000	0.000000	0.000000
20	tsk_20	(x)	1	:	0.067337	0.000000	0.319713	0.000000	0.612950	0.000000	0.000000	0.000000	0.000000	0.000000
21	tsk_21	(x)	1	:	0.133053	0.000000	0.380239	0.000000	0.486708	0.000000	0.000000	0.000000	0.000000	0.000000
22	tsk_22	(x)	1	:	0.207785	0.000000	0.201680	0.000000	0.100973	0.415933	0.000000	0.000000	0.000000	0.073630
23	tsk_23	(x)	1	:	0.238996	0.285429	0.475575	0.000000	0.000000	0.000000	0.000000	0.000000	0.000000	0.000000
24	tsk_24	(x)	1	:	0.050281	0.000000	0.600785	0.000000	0.348934	0.000000	0.000000	0.000000	0.000000	0.000000
25	tsk_25	(x)	1	:	0.087642	0.000000	0.414980	0.000000	0.497377	0.000000	0.000000	0.000000	0.000000	0.000000
26	tsk_26	(x)	1	:	0.078380	0.000000	0.377660	0.000000	0.543960	0.000000	0.000000	0.000000	0.000000	0.000000
27	tsk_27	(x)	1	:	0.241903	0.000000	0.194174	0.000000	0.563922	0.000000	0.000000	0.000000	0.000000	0.000000
28	tsk_28	(x)	1	:	0.000000	0.000000	0.644536	0.000000	0.355464	0.000000	0.000000	0.000000	0.000000	0.000000
29	tsk_29	(x)	1	:	0.295135	0.000000	0.358640	0.000000	0.346225	0.000000	0.000000	0.000000	0.000000	0.000000
30	tsk_30	(x)	1	:	0.272875	0.000000	0.065573	0.000000	0.173180	0.000000	0.000000	0.000000	0.000000	0.488372
31	tsk_31	(x)	1	:	0.114569	0.000000	0.138615	0.000000	0.224083	0.522733	0.000000	0.000000	0.000000	0.000000
32	tsk_32	(x)	1	:	0.074890	0.000000	0.471805	0.000000	0.453304	0.000000	0.000000	0.000000	0.000000	0.000000
33	tsk_33	(x)	1	:	0.056862	0.000000	0.680481	0.000000	0.262657	0.000000	0.000000	0.000000	0.000000	0.000000
34	tsk_34	(x)	1	:	0.073437	0.000000	0.586348	0.000000	0.340215	0.000000	0.000000	0.000000	0.000000	0.000000
35	tsk_35	(x)	1	:	0.137590	0.000000	0.209295	0.500000	0.153115	0.000000	0.000000	0.000000	0.000000	0.000000
36	tsk_36	(x)	1	:	0.104234	0.000000	0.053443	0.000000	0.353952	0.000000	0.000000	0.000000	0.000000	0.488372
37	tsk_37	(x)	1	:	0.143265	0.000000	0.065343	0.000000	0.015162	0.000000	0.288141	0.000000	0.000000	0.488089
38	tsk_38	(x)	1	:	0.141133	0.000000	0.067539	0.000000	0.268595	0.522733	0.000000	0.000000	0.000000	0.000000
39	tsk_39	(x)	1	:	0.105373	0.000000	0.503736	0.000000	0.390891	0.000000	0.000000	0.000000	0.000000	0.000000
40	tsk_40	(x)	1	:	0.030208	0.000000	0.325119	0.000000	0.223666	0.000000	0.000000	0.000000	0.421006	0.000000
41	tsk_41	(x)	1	:	0.084614	0.000000	0.269721	0.000000	0.645664	0.000000	0.000000	0.000000	0.000000	0.000000
42	tsk_42	(x)	1	:	0.000000	0.000000	0.000000	1.000000	0.000000	0.000000	0.000000	0.000000	0.000000	0.000000
43	tsk_43	(x)	1	:	0.014344	0.000000	0.001398	0.494991	0.000545	0.416084	0.000000	0.000000	0.000000	0.072638
44	tsk_44	(x)	1	:	0.065661	0.000000	0.283209	0.000000	0.340147	0.000000	0.000000	0.000000	0.310983	0.000000
45	tsk_45	(x)	1	:	0.129212	0.000000	0.161045	0.500000	0.209743	0.000000	0.000000	0.000000	0.000000	0.000000
46	tsk_46	(x)	1	:	0.025109	0.000000	0.009173	0.000000	0.007360	0.415886	0.000000	0.468794	0.000000	0.073679
47	tsk_47	(x)	1	:	0.000000	0.000000	0.000000	0.000000	0.000000	1.000000	0.000000	0.000000	0.000000	0.000000
48	tsk_48	(x)	1	:	0.000000	0.000000	0.000000	0.000000	0.000000	0.999950	0.000000	0.000000	0.000000	0.000050
49	tsk_49	(x)	1	:	0.000000	0.000000	0.000000	0.000000	0.000000	0.999948	0.000000	0.000000	0.000000	0.000052
50	tsk_50	(x)	1	:	0.000000	0.000000	0.000000	0.000000	0.000000	1.000000	0.000000	0.000000	0.000000	0.000000
51	tsk_51	(x)	1	:	0.232549	0.000000	0.120953	0.000000	0.123764	0.522733	0.000000	0.000000	0.000000	0.000000
52	tsk_52	(x)	1	:	0.000000	0.000000	0.000000	0.000000	0.000000	1.000000	0.000000	0.000000	0.000000	0.000000
53	tsk_53	(x)	1	:	0.189852	0.000000	0.157160	0.000000	0.130255	0.522733	0.000000	0.000000	0.000000	0.000000
54	tsk_54	(x)	1	:	0.060435	0.000000	0.385252	0.000000	0.554313	0.000000	0.000000	0.000000	0.000000	0.000000
55	tsk_55	(x)	1	:	0.000000	0.000000	0.000000	0.000000	0.000000	1.000000	0.000000	0.000000	0.000000	0.000000
56	tsk_56	(x)	1	:	0.000000	0.000000	0.000000	0.000000	0.000000	1.000000	0.000000	0.000000	0.000000	0.000000
57	tsk_57	(x)	1	:	0.175912	0.000000	0.141568	0.000000	0.682519	0.000000	0.000000	0.000000	0.000000	0.000000
58	tsk_58	(x)	1	:	0.000000	0.000000	0.000000	0.000000	0.000000	1.000000	0.000000	0.000000	0.000000	0.000000
59	tsk_59	(x)	1	:	0.073940	0.000000	0.238553	0.000000	0.687507	0.000000	0.000000	0.000000	0.000000	0.000000
60	tsk_60	(x)	1	:	0.084415	0.336815	0.055140	0.000000	0.054976	0.000000	0.000000	0.468653	0.000000	0.000000
61	tsk_61	(x)	1	:	0.000000	0.000000	0.000000	0.000000	0.000000	0.000000	0.000000	0.000000	0.000000	1.000000
62	tsk_62	(x)	1	:	0.101263	0.000000	0.037442	0.000000	0.328246	0.000000	0.000000	0.000000	0.000000	0.533049
63	tsk_63	(x)	1	:	0.072274	0.000000	0.513823	0.000000	0.413903	0.000000	0.000000	0.000000	0.000000	0.000000
64	tsk_64	(x)	1	:	0.012525	0.000000	0.010360	0.000000	0.022739	0.000000	0.000000	0.000000	0.421281	0.533096
65	tsk_65	(x)	1	:	0.040403	0.000000	0.294736	0.000000	0.243855	0.000000	0.000000	0.000000	0.421006	0.000000
66	tsk_66	(x)	1	:	0.061036	0.000000	0.246434	0.500000	0.192530	0.000000	0.000000	0.000000	0.000000	0.000000
67	tsk_67	(x)	1	:	0.007721	0.000000	0.002406	0.495576	0.006636	0.000000	0.000000	0.000000	0.000000	0.487661
68	tsk_68	(x)	1	:	0.000000	0.000000	0.000000	0.000000	0.000000	0.000000	0.000000	0.000000	0.000000	1.000000
69	tsk_69	(x)	1	:	0.032421	0.000000	0.307325	0.000000	0.660254	0.000000	0.000000	0.000000	0.000000	0.000000
70	tsk_70	(x)	1	:	0.027305	0.000000	0.310828	0.000000	0.240861	0.000000	0.000000	0.000000	0.421006	0.000000
71	tsk_71	(x)	1	:	0.016100	0.000000	0.026029	0.000000	0.014093	0.522738	0.000000	0.000000	0.421041	0.000000
72	tsk_72	(x)	1	:	0.000000	0.000000	0.000000	0.000000	0.000000	0.000000	0.000000	1.000000	0.000000	0.000000
73	tsk_73	(x)	1	:	0.000000	0.000000	0.000000	0.000000	0.000000	0.000000	0.000000	1.000000	0.000000	0.000000
74	tsk_74	(x)	1	:	0.034956	0.000000	0.204386	0.000000	0.173171	0.000000	0.000000	0.587488	0.000000	0.000000
75	tsk_75	(x)	1	:	0.016519	0.000000	0.186525	0.000000	0.209468	0.000000	0.000000	0.587488	0.000000	0.000000
76	tsk_76	(x)	1	:	0.000000	0.000000	0.000001	0.000000	0.000000	0.000000	0.000000	0.000000	0.999999	0.000000
77	tsk_77	(x)	1	:	0.153130	0.000000	0.491823	0.000000	0.355047	0.000000	0.000000	0.000000	0.000000	0.000000
78	tsk_78	(x)	1	:	0.022948	0.000000	0.025144	0.000000	0.008238	0.522725	0.000000	0.000000	0.420944	0.000000
79	tsk_79	(x)	1	:	0.043268	0.000000	0.240958	0.000000	0.246961	0.000000	0.000000	0.468812	0.000000	0.000000
80	tsk_80	(x)	1	:	0.032651	0.000000	0.182775	0.000000	0.315766	0.000000	0.000000	0.468808	0.000000	0.000000
81	tsk_81	(x)	1	:	0.054767	0.000000	0.232823	0.000000	0.243600	0.000000	0.000000	0.468810	0.000000	0.000000
82	tsk_82	(x)	1	:	0.040083	0.000000	0.254595	0.000000	0.236509	0.000000	0.000000	0.468813	0.000000	0.000000
83	tsk_83	(x)	1	:	0.008005	0.000000	0.060355	0.510914	0.018869	0.000000	0.401857	0.000000	0.000000	0.000000
84	tsk_84	(x)	1	:	0.014822	0.000000	0.009782	0.500102	0.006432	0.000000	0.000000	0.468862	0.000000	0.000000
85	tsk_85	(x)	1	:	0.000000	0.000000	0.000000	0.000000	0.000000	0.416112	0.530152	0.000000	0.000041	0.053695
86	tsk_86	(x)	1	:	0.058889	0.000000	0.398561	0.000000	0.231568	0.000000	0.000000	0.000000	0.310983	0.000000
87	tsk_87	(x)	1	:	0.030112	0.000000	0.210209	0.000000	0.290870	0.000000	0.000000	0.468808	0.000000	0.000000
88	tsk_88	(x)	1	:	0.003854	0.000000	0.069079	0.510410	0.015242	0.000000	0.401415	0.000000	0.000000	0.000000
89	tsk_89	(x)	1	:	0.041738	0.000000	0.086750	0.000000	0.091706	0.000000	0.000000	0.468817	0.310988	0.000000
90	tsk_90	(x)	1	:	0.074348	0.336814	0.053553	0.000000	0.066634	0.000000	0.000000	0.468652	0.000000	0.000000
91	tsk_91	(x)	1	:	0.108480	0.000000	0.767581	0.000000	0.123938	0.000000	0.000000	0.000000	0.000000	0.000000
92	tsk_92	(x)	1	:	0.055490	0.285510	0.123495	0.000000	0.045970	0.415928	0.000000	0.000000	0.000000	0.073606
93	tsk_93	(x)	1	:	0.000000	0.000000	0.000000	0.000000	0.000000	0.279350	0.000000	0.000000	0.000000	0.720650
94	tsk_94	(x)	1	:	0.121373	0.336820	0.000000	0.000000	0.073151	0.000000	0.000000	0.468656	0.000000	0.000000
95	tsk_95	(x)	1	:	0.027814	0.285510	0.077808	0.000000	0.119336	0.415941	0.000000	0.000000	0.000000	0.073591
96	tsk_96	(x)	1	:	0.057103	0.285429	0.444393	0.000000	0.213075	0.000000	0.000000	0.000000	0.000000	0.000000
97	tsk_97	(x)	1	:	0.161433	0.285510	0.043328	0.000000	0.020192	0.415919	0.000000	0.000000	0.000000	0.073617
98	tsk_98	(x)	1	:	0.000000	0.208141	0.000000	0.000000	0.000000	0.414237	0.000000	0.347306	0.000000	0.030316
99	tsk_99	(x)	1	:	0.001498	0.000000	0.001861	0.000000	0.006883	0.522355	0.000000	0.467403	0.000000	0.000000
