logL = -1114.491459 (converged)
AIC = 2528.982917
BIC = 2919.758445

count.K
30 70 

