logL = -453.243622 (converged)
AIC = 2386.487245
BIC = 4314.313182

count.K
8 28 3 7 38 12 4 

