logL = -1029.807063 (converged)
AIC = 3491.614127
BIC = 5356.915980

count.K
48 5 32 3 8 4 

