logL = -664.126743 (converged)
AIC = 2934.253485
BIC = 5026.205145

count.K
20 14 9 31 4 19 3 

