logL = -1017.005590 (converged)
AIC = 3668.011181
BIC = 5796.435222

count.K
8 1 11 12 34 3 31 

