logL = -583.240238 (converged)
AIC = 2886.480477
BIC = 5126.926837

count.K
15 7 7 32 5 5 25 4 

