0	tsk_0	(x)	1	:	0.000000	0.207609	0.499918	0.000000	0.292473	0.000000	0.000000	0.000000
1	tsk_1	(x)	1	:	0.000000	0.203904	0.000000	0.000000	0.796096	0.000000	0.000000	0.000000
2	tsk_2	(x)	1	:	0.000000	0.203947	0.000153	0.000000	0.259629	0.536272	0.000000	0.000000
3	tsk_3	(x)	1	:	0.000000	0.000000	0.471071	0.528929	0.000000	0.000000	0.000000	0.000000
4	tsk_4	(x)	1	:	0.000000	0.000000	0.474354	0.525646	0.000000	0.000000	0.000000	0.000000
5	tsk_5	(x)	1	:	0.000000	0.207652	0.499975	0.000000	0.292373	0.000000	0.000000	0.000000
6	tsk_6	(x)	1	:	0.000000	0.000000	0.000244	0.519960	0.479796	0.000000	0.000000	0.000000
7	tsk_7	(x)	1	:	0.000000	0.390019	0.000000	0.000000	0.609981	0.000000	0.000000	0.000000
8	tsk_8	(x)	1	:	0.000000	0.203939	0.000152	0.000000	0.259646	0.536263	0.000000	0.000000
9	tsk_9	(x)	1	:	0.000000	0.207624	0.033568	0.000000	0.291968	0.466839	0.000000	0.000000
10	tsk_10	(x)	1	:	0.000000	0.000000	0.532945	0.000000	0.000000	0.467055	0.000000	0.000000
11	tsk_11	(x)	1	:	0.000000	0.000000	0.072538	0.460303	0.000000	0.467159	0.000000	0.000000
12	tsk_12	(x)	1	:	0.000000	0.472160	0.018722	0.467125	0.041993	0.000000	0.000000	0.000000
13	tsk_13	(x)	1	:	0.000000	0.000000	0.000000	1.000000	0.000000	0.000000	0.000000	0.000000
14	tsk_14	(x)	1	:	0.000000	0.470943	0.027224	0.000000	0.040761	0.000000	0.000000	0.461072
15	tsk_15	(x)	1	:	0.000000	0.000000	0.000248	0.452217	0.000000	0.547535	0.000000	0.000000
16	tsk_16	(x)	1	:	0.000000	0.467833	0.000001	0.000000	0.001104	0.000000	0.000000	0.531061
17	tsk_17	(x)	1	:	0.000000	0.000000	0.072618	0.460269	0.000000	0.467113	0.000000	0.000000
18	tsk_18	(x)	1	:	0.000000	0.000000	0.072601	0.460276	0.000000	0.467123	0.000000	0.000000
19	tsk_19	(x)	1	:	0.000000	0.000000	0.000000	1.000000	0.000000	0.000000	0.000000	0.000000
20	tsk_20	(x)	1	:	0.201099	0.000000	0.000000	0.000000	0.000000	0.000000	0.000000	0.798901
21	tsk_21	(x)	1	:	0.490656	0.000000	0.055338	0.000000	0.000000	0.000000	0.000000	0.454006
22	tsk_22	(x)	1	:	0.490627	0.000000	0.055383	0.000000	0.000000	0.000000	0.000000	0.453990
23	tsk_23	(x)	1	:	0.000007	0.000000	0.000239	0.000000	0.000000	0.457440	0.000000	0.542313
24	tsk_24	(x)	1	:	0.000000	0.000000	0.000000	0.000000	1.000000	0.000000	0.000000	0.000000
25	tsk_25	(x)	1	:	0.000000	0.000000	0.000000	0.000000	0.000000	0.000000	0.000000	1.000000
26	tsk_26	(x)	1	:	0.490617	0.000000	0.055398	0.000000	0.000000	0.000000	0.000000	0.453985
27	tsk_27	(x)	1	:	0.590020	0.000000	0.000080	0.000000	0.000000	0.000000	0.000000	0.409900
28	tsk_28	(x)	1	:	0.490612	0.000000	0.055405	0.000000	0.000000	0.000000	0.000000	0.453983
29	tsk_29	(x)	1	:	0.000000	0.000000	0.000000	1.000000	0.000000	0.000000	0.000000	0.000000
30	tsk_30	(x)	1	:	0.000000	0.203827	0.046439	0.000000	0.295780	0.000000	0.000000	0.453954
31	tsk_31	(x)	1	:	0.268508	0.000000	0.256730	0.000000	0.000000	0.000015	0.474746	0.000000
32	tsk_32	(x)	1	:	0.000000	0.455565	0.000002	0.000000	0.000467	0.000000	0.543966	0.000000
33	tsk_33	(x)	1	:	0.000000	0.478223	0.009542	0.000000	0.034101	0.478134	0.000000	0.000000
34	tsk_34	(x)	1	:	0.268515	0.000000	0.231535	0.000000	0.499949	0.000001	0.000000	0.000000
35	tsk_35	(x)	1	:	0.000000	0.000000	0.027625	0.000000	0.498790	0.000000	0.473585	0.000000
36	tsk_36	(x)	1	:	0.000000	0.476255	0.017946	0.000000	0.025781	0.000000	0.480018	0.000000
37	tsk_37	(x)	1	:	0.000000	0.000000	0.000000	0.000000	0.000000	0.000000	1.000000	0.000000
38	tsk_38	(x)	1	:	0.000000	0.476680	0.017974	0.000000	0.025176	0.000000	0.480170	0.000000
39	tsk_39	(x)	1	:	0.000000	0.476597	0.018583	0.000000	0.024985	0.000000	0.479834	0.000000
40	tsk_40	(x)	1	:	0.446667	0.000000	0.000473	0.000000	0.000000	0.000000	0.552860	0.000000
41	tsk_41	(x)	1	:	0.466045	0.000000	0.000058	0.000000	0.000000	0.000000	0.000000	0.533897
42	tsk_42	(x)	1	:	0.000000	0.000000	0.000000	0.000000	0.000000	0.000000	0.000000	1.000000
43	tsk_43	(x)	1	:	0.000000	0.000000	0.532945	0.000000	0.000000	0.467055	0.000000	0.000000
44	tsk_44	(x)	1	:	0.000000	0.000000	0.532945	0.000000	0.000000	0.467055	0.000000	0.000000
45	tsk_45	(x)	1	:	0.466040	0.000000	0.000065	0.000000	0.000000	0.000000	0.000000	0.533895
46	tsk_46	(x)	1	:	0.000007	0.000000	0.000252	0.000000	0.000000	0.457433	0.000000	0.542307
47	tsk_47	(x)	1	:	0.999991	0.000000	0.000009	0.000000	0.000000	0.000000	0.000000	0.000000
48	tsk_48	(x)	1	:	0.000000	0.000000	0.000043	0.000000	0.467645	0.000000	0.000000	0.532312
49	tsk_49	(x)	1	:	0.500897	0.000000	0.045196	0.000000	0.000000	0.000002	0.000000	0.453905
50	tsk_50	(x)	1	:	0.000001	0.000000	0.000167	0.000000	0.000000	0.441460	0.558372	0.000000
51	tsk_51	(x)	1	:	0.000000	0.000000	1.000000	0.000000	0.000000	0.000000	0.000000	0.000000
52	tsk_52	(x)	1	:	0.000000	0.000000	1.000000	0.000000	0.000000	0.000000	0.000000	0.000000
53	tsk_53	(x)	1	:	0.000002	0.000000	0.410017	0.000000	0.000000	0.000000	0.589981	0.000000
54	tsk_54	(x)	1	:	0.000000	0.000000	1.000000	0.000000	0.000000	0.000000	0.000000	0.000000
55	tsk_55	(x)	1	:	0.000000	0.000000	0.999999	0.000000	0.000001	0.000000	0.000000	0.000000
56	tsk_56	(x)	1	:	0.000000	0.000000	1.000000	0.000000	0.000000	0.000000	0.000000	0.000000
57	tsk_57	(x)	1	:	0.000000	0.000000	1.000000	0.000000	0.000000	0.000000	0.000000	0.000000
58	tsk_58	(x)	1	:	0.000000	0.000000	0.525219	0.000000	0.000000	0.000000	0.474781	0.000000
59	tsk_59	(x)	1	:	0.000000	0.000000	1.000000	0.000000	0.000000	0.000000	0.000000	0.000000
60	tsk_60	(x)	1	:	0.000000	0.000000	0.058266	0.000000	0.000000	0.467015	0.474719	0.000000
61	tsk_61	(x)	1	:	0.000000	0.000000	0.000043	0.000000	0.467645	0.000000	0.000000	0.532312
62	tsk_62	(x)	1	:	0.268565	0.000000	0.731434	0.000000	0.000000	0.000001	0.000000	0.000000
63	tsk_63	(x)	1	:	0.000000	0.000000	0.058319	0.000000	0.000000	0.466994	0.474687	0.000000
64	tsk_64	(x)	1	:	0.000000	0.000000	0.027728	0.000000	0.498738	0.000000	0.473534	0.000000
65	tsk_65	(x)	1	:	0.268527	0.000000	0.256722	0.000000	0.000000	0.000005	0.474747	0.000000
66	tsk_66	(x)	1	:	0.268532	0.000000	0.180782	0.000000	0.000000	0.000000	0.000000	0.550686
67	tsk_67	(x)	1	:	0.000000	0.000000	0.000152	0.000000	0.000000	0.441468	0.558381	0.000000
68	tsk_68	(x)	1	:	0.000007	0.000000	0.000179	0.000000	0.000000	0.457472	0.000000	0.542342
69	tsk_69	(x)	1	:	0.455875	0.000000	0.544125	0.000000	0.000000	0.000000	0.000000	0.000000
70	tsk_70	(x)	1	:	0.000000	0.000000	0.039835	0.460207	0.499958	0.000000	0.000000	0.000000
71	tsk_71	(x)	1	:	0.000000	0.000000	0.000427	0.517640	0.481932	0.000000	0.000000	0.000000
72	tsk_72	(x)	1	:	0.000000	0.000000	0.027561	0.000000	0.498822	0.000000	0.473617	0.000000
73	tsk_73	(x)	1	:	0.000000	0.000000	0.000000	0.000000	1.000000	0.000000	0.000000	0.000000
74	tsk_74	(x)	1	:	0.000000	0.000000	0.007056	0.523334	0.000000	0.000000	0.469609	0.000000
75	tsk_75	(x)	1	:	0.000000	0.000000	0.006433	0.523527	0.000000	0.000000	0.470040	0.000000
76	tsk_76	(x)	1	:	0.000000	0.000000	0.000041	0.000000	0.467646	0.000000	0.000000	0.532313
77	tsk_77	(x)	1	:	0.000000	0.000000	0.000473	0.517627	0.481901	0.000000	0.000000	0.000000
78	tsk_78	(x)	1	:	0.000000	0.000000	0.000038	0.000000	0.467648	0.000000	0.000000	0.532314
79	tsk_79	(x)	1	:	0.000000	0.000000	0.027444	0.000000	0.498881	0.000000	0.473675	0.000000
80	tsk_80	(x)	1	:	0.000000	0.000000	0.525219	0.000000	0.000000	0.000000	0.474781	0.000000
81	tsk_81	(x)	1	:	0.000000	0.000000	0.000000	0.000000	0.000000	0.000000	1.000000	0.000000
82	tsk_82	(x)	1	:	0.000000	0.000000	0.071192	0.000000	0.000000	0.000000	0.474705	0.454103
83	tsk_83	(x)	1	:	0.000000	0.000000	0.000000	0.000000	0.000000	0.000000	1.000000	0.000000
84	tsk_84	(x)	1	:	0.000000	0.000000	0.000000	0.000000	0.000000	0.000000	0.000000	1.000000
85	tsk_85	(x)	1	:	0.000000	0.000000	0.071145	0.000000	0.000000	0.000000	0.474734	0.454121
86	tsk_86	(x)	1	:	0.000000	0.000000	0.071113	0.000000	0.000000	0.000000	0.474754	0.454133
87	tsk_87	(x)	1	:	0.000000	0.000000	0.000000	0.000000	0.000000	0.000000	0.000000	1.000000
88	tsk_88	(x)	1	:	0.000000	0.000000	0.545850	0.000000	0.000000	0.000000	0.000000	0.454150
89	tsk_89	(x)	1	:	0.000000	0.000000	0.045945	0.000000	0.499941	0.000000	0.000000	0.454114
90	tsk_90	(x)	1	:	0.000000	0.000000	0.000000	1.000000	0.000000	0.000000	0.000000	0.000000
91	tsk_91	(x)	1	:	0.000000	0.000000	0.005367	0.526120	0.000000	0.000000	0.468513	0.000000
92	tsk_92	(x)	1	:	0.000000	0.000000	0.421635	0.578365	0.000000	0.000000	0.000000	0.000000
93	tsk_93	(x)	1	:	0.000000	0.000000	0.000000	0.522429	0.000000	0.477571	0.000000	0.000000
94	tsk_94	(x)	1	:	0.000002	0.000000	0.000000	0.000000	0.000000	0.502956	0.000000	0.497042
95	tsk_95	(x)	1	:	0.000000	0.000000	0.000000	0.000000	0.000000	0.000000	1.000000	0.000000
96	tsk_96	(x)	1	:	0.000000	0.000000	0.000105	0.000000	0.463709	0.536187	0.000000	0.000000
97	tsk_97	(x)	1	:	0.000000	0.000000	0.071141	0.000000	0.000000	0.000000	0.474737	0.454123
98	tsk_98	(x)	1	:	0.000000	0.000000	0.545850	0.000000	0.000000	0.000000	0.000000	0.454150
99	tsk_99	(x)	1	:	0.000000	0.000000	0.001137	0.000000	0.000000	0.551152	0.000000	0.447711
