logL = -576.980492 (converged)
AIC = 3453.960983
BIC = 6449.906697

count.K
10 13 23 1 6 13 3 3 21 7 

