logL = -524.491091 (converged)
AIC = 2078.982182
BIC = 3420.644828

count.K
32 6 10 22 30 

