logL = -1123.024790 (converged)
AIC = 2832.049580
BIC = 3595.364444

count.K
38 14 48 

