logL = -416.023080 (converged)
AIC = 1852.046159
BIC = 3180.682954

count.K
1 35 16 11 37 

