logL = -491.696894 (converged)
AIC = 2175.393788
BIC = 3728.075219

count.K
21 25 5 35 9 5 

