logL = -417.703043 (converged)
AIC = 2385.406086
BIC = 4404.412980

count.K
8 40 7 13 5 17 10 

