0	tsk_0	(x)	1	:	0.000005	0.000000	0.000000	0.000010	0.460714	0.000000	0.000000	0.539270	0.000000
1	tsk_1	(x)	1	:	0.000000	0.000000	0.000000	0.000000	0.000000	0.000000	0.000000	1.000000	0.000000
2	tsk_2	(x)	1	:	0.000000	0.000000	0.503731	0.000000	0.000000	0.000000	0.000000	0.496269	0.000000
3	tsk_3	(x)	1	:	0.000000	0.000000	0.000000	0.000000	1.000000	0.000000	0.000000	0.000000	0.000000
4	tsk_4	(x)	1	:	0.000006	0.000000	0.557161	0.000007	0.442827	0.000000	0.000000	0.000000	0.000000
5	tsk_5	(x)	1	:	0.000000	0.000000	0.000000	0.000000	1.000000	0.000000	0.000000	0.000000	0.000000
6	tsk_6	(x)	1	:	0.000001	0.000000	0.000000	0.000012	0.460717	0.000000	0.000000	0.539271	0.000000
7	tsk_7	(x)	1	:	0.000002	0.000000	0.000000	0.000013	0.460714	0.000000	0.000000	0.539270	0.000000
8	tsk_8	(x)	1	:	0.000000	0.000000	0.000000	0.000000	1.000000	0.000000	0.000000	0.000000	0.000000
9	tsk_9	(x)	1	:	0.000000	0.000000	0.000000	0.000000	1.000000	0.000000	0.000000	0.000000	0.000000
10	tsk_10	(x)	1	:	0.000000	1.000000	0.000000	0.000000	0.000000	0.000000	0.000000	0.000000	0.000000
11	tsk_11	(x)	1	:	0.000003	0.589553	0.000000	0.410444	0.000000	0.000000	0.000000	0.000000	0.000000
12	tsk_12	(x)	1	:	0.014336	0.473891	0.452040	0.059733	0.000000	0.000000	0.000000	0.000000	0.000000
13	tsk_13	(x)	1	:	0.086011	0.000000	0.451662	0.056348	0.000000	0.000000	0.405978	0.000000	0.000000
14	tsk_14	(x)	1	:	0.000000	1.000000	0.000000	0.000000	0.000000	0.000000	0.000000	0.000000	0.000000
15	tsk_15	(x)	1	:	0.000033	0.589553	0.000000	0.410414	0.000000	0.000000	0.000000	0.000000	0.000000
16	tsk_16	(x)	1	:	0.122599	0.000000	0.451811	0.019528	0.000000	0.000000	0.406062	0.000000	0.000000
17	tsk_17	(x)	1	:	0.177575	0.473750	0.000000	0.348676	0.000000	0.000000	0.000000	0.000000	0.000000
18	tsk_18	(x)	1	:	0.007146	0.473896	0.452045	0.066913	0.000000	0.000000	0.000000	0.000000	0.000000
19	tsk_19	(x)	1	:	0.414724	0.000000	0.451926	0.133350	0.000000	0.000000	0.000000	0.000000	0.000000
20	tsk_20	(x)	1	:	0.000000	0.000000	0.000000	0.000000	1.000000	0.000000	0.000000	0.000000	0.000000
21	tsk_21	(x)	1	:	0.000022	0.000000	0.000000	0.000001	0.000000	0.568753	0.000000	0.431224	0.000000
22	tsk_22	(x)	1	:	0.000000	0.000000	0.000000	0.000000	1.000000	0.000000	0.000000	0.000000	0.000000
23	tsk_23	(x)	1	:	0.008992	0.000000	0.000000	0.036863	0.500409	0.000000	0.000000	0.453735	0.000000
24	tsk_24	(x)	1	:	0.130942	0.000000	0.000000	0.250636	0.500038	0.000000	0.118384	0.000000	0.000000
25	tsk_25	(x)	1	:	0.000000	0.000000	0.000000	0.000000	1.000000	0.000000	0.000000	0.000000	0.000000
26	tsk_26	(x)	1	:	0.000022	0.000000	0.000000	0.000002	0.000000	0.568752	0.000000	0.431224	0.000000
27	tsk_27	(x)	1	:	0.000000	0.000000	0.000000	0.000000	1.000000	0.000000	0.000000	0.000000	0.000000
28	tsk_28	(x)	1	:	0.000021	0.000000	0.000000	0.000000	0.000000	0.568754	0.000000	0.431224	0.000000
29	tsk_29	(x)	1	:	0.000000	0.000000	0.000000	0.000000	0.000000	0.600749	0.399251	0.000000	0.000000
30	tsk_30	(x)	1	:	0.000000	0.000000	0.000000	0.000000	0.000000	0.000000	0.000000	0.000000	1.000000
31	tsk_31	(x)	1	:	0.311099	0.000000	0.000000	0.119227	0.000000	0.000000	0.193091	0.000000	0.376583
32	tsk_32	(x)	1	:	0.350143	0.000000	0.451926	0.197930	0.000000	0.000000	0.000000	0.000000	0.000000
33	tsk_33	(x)	1	:	0.000000	0.000000	0.000000	0.546418	0.000000	0.000000	0.000000	0.453582	0.000000
34	tsk_34	(x)	1	:	0.000000	0.000000	0.000000	0.000000	0.000000	0.000000	0.000000	0.000000	1.000000
35	tsk_35	(x)	1	:	0.321812	0.000000	0.000000	0.185931	0.000000	0.000000	0.000000	0.000011	0.492247
36	tsk_36	(x)	1	:	0.097791	0.000000	0.000000	0.332528	0.000000	0.000000	0.193093	0.000000	0.376589
37	tsk_37	(x)	1	:	0.386188	0.000000	0.000000	0.113807	0.500005	0.000000	0.000000	0.000000	0.000000
38	tsk_38	(x)	1	:	0.151017	0.000000	0.451995	0.001689	0.000000	0.395299	0.000000	0.000000	0.000000
39	tsk_39	(x)	1	:	0.507748	0.000000	0.000000	0.000000	0.000000	0.000000	0.000000	0.000007	0.492245
40	tsk_40	(x)	1	:	0.025698	0.000000	0.451871	0.030201	0.000000	0.000000	0.000000	0.000021	0.492208
41	tsk_41	(x)	1	:	0.000000	0.000000	0.000000	0.000000	1.000000	0.000000	0.000000	0.000000	0.000000
42	tsk_42	(x)	1	:	0.000000	0.000000	0.000000	0.000000	0.000000	0.000000	0.000000	1.000000	0.000000
43	tsk_43	(x)	1	:	0.002088	0.000000	0.000000	0.008967	0.497348	0.000000	0.000000	0.000002	0.491595
44	tsk_44	(x)	1	:	0.000000	0.000000	1.000000	0.000000	0.000000	0.000000	0.000000	0.000000	0.000000
45	tsk_45	(x)	1	:	0.000000	0.000000	0.535520	0.000000	0.000000	0.000000	0.000000	0.000001	0.464478
46	tsk_46	(x)	1	:	0.046362	0.000000	0.451848	0.009572	0.000000	0.000000	0.000000	0.000020	0.492197
47	tsk_47	(x)	1	:	0.002204	0.000000	0.000000	0.009265	0.497014	0.000000	0.000000	0.000006	0.491510
48	tsk_48	(x)	1	:	0.000000	0.000000	0.000000	0.000000	0.000000	0.000000	0.000000	1.000000	0.000000
49	tsk_49	(x)	1	:	0.000000	0.000000	0.535520	0.000000	0.000000	0.000000	0.000000	0.000001	0.464478
50	tsk_50	(x)	1	:	0.600859	0.000000	0.000000	0.399141	0.000000	0.000000	0.000000	0.000000	0.000000
51	tsk_51	(x)	1	:	0.736081	0.000000	0.000000	0.263919	0.000000	0.000000	0.000000	0.000000	0.000000
52	tsk_52	(x)	1	:	0.135147	0.000000	0.580099	0.284754	0.000000	0.000000	0.000000	0.000000	0.000000
53	tsk_53	(x)	1	:	0.002688	0.473365	0.000000	0.024737	0.499210	0.000000	0.000000	0.000000	0.000000
54	tsk_54	(x)	1	:	0.537627	0.000000	0.000000	0.462373	0.000000	0.000000	0.000000	0.000000	0.000000
55	tsk_55	(x)	1	:	0.499999	0.000000	0.000000	0.000000	0.500001	0.000000	0.000000	0.000000	0.000000
56	tsk_56	(x)	1	:	0.838596	0.000000	0.000000	0.161404	0.000000	0.000000	0.000000	0.000000	0.000000
57	tsk_57	(x)	1	:	0.808346	0.000000	0.000000	0.191654	0.000000	0.000000	0.000000	0.000000	0.000000
58	tsk_58	(x)	1	:	0.234917	0.000000	0.000000	0.265072	0.500011	0.000000	0.000000	0.000000	0.000000
59	tsk_59	(x)	1	:	0.169350	0.000000	0.000000	0.330636	0.500014	0.000000	0.000000	0.000000	0.000000
60	tsk_60	(x)	1	:	0.486511	0.000000	0.000000	0.000005	0.000000	0.000000	0.513485	0.000000	0.000000
61	tsk_61	(x)	1	:	0.461282	0.000000	0.000000	0.025233	0.000000	0.000000	0.513485	0.000000	0.000000
62	tsk_62	(x)	1	:	0.662082	0.000000	0.000000	0.337918	0.000000	0.000000	0.000000	0.000000	0.000000
63	tsk_63	(x)	1	:	0.810664	0.000000	0.000000	0.189336	0.000000	0.000000	0.000000	0.000000	0.000000
64	tsk_64	(x)	1	:	0.326825	0.000000	0.000000	0.056212	0.000000	0.616963	0.000000	0.000000	0.000000
65	tsk_65	(x)	1	:	0.000000	0.000000	0.000000	0.000000	0.000000	0.000000	1.000000	0.000000	0.000000
66	tsk_66	(x)	1	:	0.321832	0.000000	0.000000	0.178160	0.500008	0.000000	0.000000	0.000000	0.000000
67	tsk_67	(x)	1	:	0.927873	0.000000	0.000000	0.072127	0.000000	0.000000	0.000000	0.000000	0.000000
68	tsk_68	(x)	1	:	0.480758	0.000000	0.000000	0.005757	0.000000	0.000000	0.513485	0.000000	0.000000
69	tsk_69	(x)	1	:	0.006278	0.000000	0.469934	0.000000	0.000000	0.000000	0.523789	0.000000	0.000000
70	tsk_70	(x)	1	:	0.093044	0.000000	0.000000	0.011858	0.499971	0.395128	0.000000	0.000000	0.000000
71	tsk_71	(x)	1	:	0.000001	0.000000	0.000000	0.000000	0.000000	0.999999	0.000000	0.000000	0.000000
72	tsk_72	(x)	1	:	0.000000	0.000000	0.000000	0.000000	0.000000	1.000000	0.000000	0.000000	0.000000
73	tsk_73	(x)	1	:	0.196018	0.000000	0.000000	0.002786	0.000000	0.395087	0.406107	0.000001	0.000000
74	tsk_74	(x)	1	:	0.086509	0.000000	0.000000	0.018421	0.499955	0.395115	0.000000	0.000000	0.000000
75	tsk_75	(x)	1	:	0.003552	0.000000	0.000000	0.000000	0.000000	0.595149	0.401299	0.000000	0.000000
76	tsk_76	(x)	1	:	0.275071	0.000000	0.000000	0.000000	0.000000	0.606554	0.118375	0.000000	0.000000
77	tsk_77	(x)	1	:	0.000001	0.000000	0.000000	0.000000	0.000000	0.999999	0.000000	0.000000	0.000000
78	tsk_78	(x)	1	:	0.393440	0.000000	0.000000	0.000000	0.000000	0.606560	0.000000	0.000000	0.000000
79	tsk_79	(x)	1	:	0.572043	0.000000	0.000000	0.032816	0.000000	0.395141	0.000000	0.000000	0.000000
80	tsk_80	(x)	1	:	0.001646	0.000000	0.448273	0.001795	0.000000	0.000000	0.000000	0.548285	0.000000
81	tsk_81	(x)	1	:	0.013254	0.000000	0.452002	0.034582	0.500162	0.000000	0.000000	0.000000	0.000000
82	tsk_82	(x)	1	:	0.431682	0.000000	0.000000	0.068315	0.500004	0.000000	0.000000	0.000000	0.000000
83	tsk_83	(x)	1	:	0.001397	0.000000	0.448650	0.001447	0.000000	0.000000	0.000000	0.548507	0.000000
84	tsk_84	(x)	1	:	0.009789	0.000000	0.000000	0.036054	0.500419	0.000000	0.000000	0.453738	0.000000
85	tsk_85	(x)	1	:	0.000000	0.000000	0.000000	0.000000	0.000000	0.000000	0.000000	1.000000	0.000000
86	tsk_86	(x)	1	:	0.000003	0.000000	0.000000	0.000016	0.460711	0.000000	0.000000	0.539270	0.000000
87	tsk_87	(x)	1	:	0.010610	0.000000	0.000000	0.035234	0.500418	0.000000	0.000000	0.453738	0.000001
88	tsk_88	(x)	1	:	0.000000	0.000000	1.000000	0.000000	0.000000	0.000000	0.000000	0.000000	0.000000
89	tsk_89	(x)	1	:	0.464452	0.000000	0.451926	0.083622	0.000000	0.000000	0.000000	0.000000	0.000000
90	tsk_90	(x)	1	:	0.286783	0.000000	0.000000	0.220958	0.000000	0.000000	0.000000	0.000013	0.492245
91	tsk_91	(x)	1	:	0.301404	0.000000	0.000000	0.698596	0.000000	0.000000	0.000000	0.000000	0.000000
92	tsk_92	(x)	1	:	0.769013	0.000000	0.000000	0.230987	0.000000	0.000000	0.000000	0.000000	0.000000
93	tsk_93	(x)	1	:	0.415863	0.000000	0.000000	0.130525	0.000000	0.000000	0.000000	0.453611	0.000001
94	tsk_94	(x)	1	:	0.433151	0.000000	0.000000	0.113237	0.000000	0.000000	0.000000	0.453612	0.000000
95	tsk_95	(x)	1	:	0.000000	0.000000	0.000000	0.000000	0.000000	0.000000	0.000000	0.999996	0.000003
96	tsk_96	(x)	1	:	0.000000	0.000000	0.000000	0.000000	0.000000	0.000000	0.000000	0.439310	0.560690
97	tsk_97	(x)	1	:	0.355125	0.000000	0.000000	0.191263	0.000000	0.000000	0.000000	0.453612	0.000000
98	tsk_98	(x)	1	:	0.000000	0.000000	0.000000	0.000000	0.000000	0.000000	0.000000	0.402023	0.597977
99	tsk_99	(x)	1	:	0.000000	0.000000	0.000000	0.000000	0.000000	0.000000	0.000000	0.999998	0.000002
