logL = -485.981173 (converged)
AIC = 3003.962346
BIC = 5650.815255

count.K
2 30 3 3 1 31 6 17 7 

