logL = -291.626055 (converged)
AIC = 2207.252109
BIC = 4322.650300

count.K
11 6 1 15 28 13 17 9 

