logL = -588.763801 (converged)
AIC = 2477.527602
BIC = 4170.888223

count.K
10 21 8 33 18 10 

