0	tsk_0	(x)	1	:	0.000000	0.495633	0.000000	0.498204	0.006162	0.000000	0.000000	0.000000	0.000000	0.000000
1	tsk_1	(x)	1	:	0.000000	0.000000	0.000000	0.000000	0.457676	0.000000	0.542324	0.000000	0.000000	0.000000
2	tsk_2	(x)	1	:	0.143095	0.000000	0.000000	0.499302	0.000661	0.000000	0.000000	0.000000	0.000000	0.356941
3	tsk_3	(x)	1	:	0.000071	0.000000	0.000000	0.498644	0.000034	0.000000	0.000000	0.000000	0.501147	0.000105
4	tsk_4	(x)	1	:	0.000260	0.000000	0.000000	0.000000	0.000000	0.000000	0.482987	0.000000	0.516603	0.000151
5	tsk_5	(x)	1	:	0.000000	0.000000	0.000000	0.502175	0.195863	0.301962	0.000000	0.000000	0.000000	0.000000
6	tsk_6	(x)	1	:	0.282329	0.495212	0.000000	0.000000	0.005956	0.000000	0.000000	0.000000	0.000000	0.216503
7	tsk_7	(x)	1	:	0.000000	0.495042	0.000000	0.498061	0.006897	0.000000	0.000000	0.000000	0.000000	0.000000
8	tsk_8	(x)	1	:	0.216819	0.000000	0.000000	0.000000	0.000000	0.000000	0.000000	0.000000	0.509396	0.273785
9	tsk_9	(x)	1	:	0.000000	0.000000	0.000000	1.000000	0.000000	0.000000	0.000000	0.000000	0.000000	0.000000
10	tsk_10	(x)	1	:	0.000000	0.000000	0.000000	0.000000	1.000000	0.000000	0.000000	0.000000	0.000000	0.000000
11	tsk_11	(x)	1	:	0.283613	0.495845	0.000000	0.000000	0.005170	0.000000	0.000000	0.000000	0.000000	0.215372
12	tsk_12	(x)	1	:	0.175342	0.000000	0.000000	0.000000	0.000000	0.000000	0.481213	0.000000	0.000000	0.343444
13	tsk_13	(x)	1	:	0.000000	0.000000	0.000000	0.000000	1.000000	0.000000	0.000000	0.000000	0.000000	0.000000
14	tsk_14	(x)	1	:	0.000000	0.000000	0.000000	0.000000	1.000000	0.000000	0.000000	0.000000	0.000000	0.000000
15	tsk_15	(x)	1	:	0.000000	0.000000	0.000000	0.000000	0.515859	0.000000	0.484141	0.000000	0.000000	0.000000
16	tsk_16	(x)	1	:	0.000000	0.000000	0.455905	0.000000	0.060233	0.000000	0.483862	0.000000	0.000000	0.000000
17	tsk_17	(x)	1	:	0.000000	0.000000	0.000000	0.000000	0.697987	0.302013	0.000000	0.000000	0.000000	0.000000
18	tsk_18	(x)	1	:	0.000000	0.000000	0.455905	0.000000	0.060233	0.000000	0.483862	0.000000	0.000000	0.000000
19	tsk_19	(x)	1	:	0.000000	0.000000	0.456471	0.000000	0.543528	0.000000	0.000000	0.000000	0.000000	0.000000
20	tsk_20	(x)	1	:	0.000000	0.000000	0.000000	0.000000	1.000000	0.000000	0.000000	0.000000	0.000000	0.000000
21	tsk_21	(x)	1	:	0.000000	0.000000	1.000000	0.000000	0.000000	0.000000	0.000000	0.000000	0.000000	0.000000
22	tsk_22	(x)	1	:	0.000000	0.000000	0.000000	0.000000	1.000000	0.000000	0.000000	0.000000	0.000000	0.000000
23	tsk_23	(x)	1	:	0.000000	0.000000	0.000000	0.000000	1.000000	0.000000	0.000000	0.000000	0.000000	0.000000
24	tsk_24	(x)	1	:	0.000000	0.000000	0.572757	0.000000	0.427243	0.000000	0.000000	0.000000	0.000000	0.000000
25	tsk_25	(x)	1	:	0.242551	0.000000	0.000000	0.000000	0.497056	0.000000	0.000000	0.000000	0.000000	0.260393
26	tsk_26	(x)	1	:	0.449773	0.000000	0.525963	0.000000	0.000000	0.000000	0.000000	0.000000	0.000000	0.024263
27	tsk_27	(x)	1	:	0.000000	0.000000	0.000000	0.000000	1.000000	0.000000	0.000000	0.000000	0.000000	0.000000
28	tsk_28	(x)	1	:	0.000000	0.000000	0.000000	0.000000	1.000000	0.000000	0.000000	0.000000	0.000000	0.000000
29	tsk_29	(x)	1	:	0.000000	0.000000	0.000000	0.000000	1.000000	0.000000	0.000000	0.000000	0.000000	0.000000
30	tsk_30	(x)	1	:	0.295807	0.000000	0.000000	0.000000	0.000000	0.500000	0.000000	0.000000	0.000000	0.204193
31	tsk_31	(x)	1	:	0.000000	0.000000	0.000000	0.000000	0.509502	0.000000	0.490498	0.000000	0.000000	0.000000
32	tsk_32	(x)	1	:	0.682515	0.000000	0.000000	0.000000	0.000000	0.000000	0.000000	0.000000	0.000000	0.317485
33	tsk_33	(x)	1	:	0.740199	0.000000	0.000000	0.000000	0.000000	0.000000	0.000000	0.000000	0.000000	0.259801
34	tsk_34	(x)	1	:	0.280605	0.000000	0.000000	0.000000	0.000000	0.500000	0.000000	0.000000	0.000000	0.219395
35	tsk_35	(x)	1	:	0.000000	0.000000	0.000000	0.000000	0.453890	0.000000	0.546110	0.000000	0.000000	0.000000
36	tsk_36	(x)	1	:	0.000000	0.000000	0.000000	0.480631	0.000000	0.000000	0.519369	0.000000	0.000000	0.000000
37	tsk_37	(x)	1	:	0.734663	0.000000	0.000000	0.000000	0.000000	0.000000	0.000000	0.000000	0.000000	0.265336
38	tsk_38	(x)	1	:	0.087525	0.000000	0.000000	0.000000	0.554025	0.000000	0.000000	0.000000	0.000000	0.358450
39	tsk_39	(x)	1	:	0.000000	0.000000	0.000000	0.480631	0.000000	0.000000	0.519369	0.000000	0.000000	0.000000
40	tsk_40	(x)	1	:	0.000000	0.511509	0.000000	0.000000	0.186544	0.301947	0.000000	0.000000	0.000000	0.000000
41	tsk_41	(x)	1	:	0.394131	0.495658	0.000000	0.000000	0.005402	0.000000	0.000000	0.000000	0.000000	0.104809
42	tsk_42	(x)	1	:	0.000000	0.451445	0.548447	0.000000	0.000108	0.000000	0.000000	0.000000	0.000000	0.000000
43	tsk_43	(x)	1	:	0.000000	0.506675	0.454064	0.000000	0.039260	0.000000	0.000000	0.000000	0.000000	0.000000
44	tsk_44	(x)	1	:	0.237314	0.495288	0.000000	0.000000	0.005862	0.000000	0.000000	0.000000	0.000000	0.261536
45	tsk_45	(x)	1	:	0.180017	0.495523	0.000000	0.000000	0.005570	0.000000	0.000000	0.000000	0.000000	0.318890
46	tsk_46	(x)	1	:	0.643192	0.000000	0.000000	0.000000	0.000000	0.000000	0.000000	0.000000	0.000000	0.356808
47	tsk_47	(x)	1	:	0.544586	0.000000	0.000000	0.000000	0.000000	0.000000	0.000000	0.000000	0.000000	0.455414
48	tsk_48	(x)	1	:	0.236270	0.000000	0.000000	0.000000	0.000000	0.000000	0.481213	0.000000	0.000000	0.282518
49	tsk_49	(x)	1	:	0.181153	0.495589	0.000000	0.000000	0.005489	0.000000	0.000000	0.000000	0.000000	0.317770
50	tsk_50	(x)	1	:	0.000000	0.000000	0.000000	0.000000	0.000000	0.000000	1.000000	0.000000	0.000000	0.000000
51	tsk_51	(x)	1	:	0.268782	0.000000	0.455765	0.000000	0.041653	0.000000	0.000000	0.000000	0.000000	0.233800
52	tsk_52	(x)	1	:	0.000000	0.000000	0.000000	0.502215	0.497785	0.000000	0.000000	0.000000	0.000000	0.000000
53	tsk_53	(x)	1	:	0.195348	0.000000	0.000000	0.000000	0.497057	0.000000	0.000000	0.000000	0.000000	0.307595
54	tsk_54	(x)	1	:	0.000000	0.000000	0.456471	0.000000	0.543528	0.000000	0.000000	0.000000	0.000000	0.000000
55	tsk_55	(x)	1	:	0.000000	0.000000	0.456471	0.000000	0.543528	0.000000	0.000000	0.000000	0.000000	0.000000
56	tsk_56	(x)	1	:	0.395694	0.000000	0.455777	0.000000	0.041636	0.000000	0.000000	0.000000	0.000000	0.106894
57	tsk_57	(x)	1	:	0.000000	0.000000	0.000000	0.498818	0.001539	0.499643	0.000000	0.000000	0.000000	0.000000
58	tsk_58	(x)	1	:	0.000000	0.000000	0.000000	0.000000	0.907275	0.000000	0.000000	0.092725	0.000000	0.000000
59	tsk_59	(x)	1	:	0.000000	0.000000	0.455799	0.501865	0.042336	0.000000	0.000000	0.000000	0.000000	0.000000
60	tsk_60	(x)	1	:	0.000000	0.000000	0.000000	0.000000	0.456932	0.000000	0.543068	0.000000	0.000000	0.000000
61	tsk_61	(x)	1	:	0.535889	0.000000	0.000000	0.000000	0.000000	0.000000	0.000000	0.000000	0.000000	0.464111
62	tsk_62	(x)	1	:	0.000000	0.000000	0.000000	0.000000	0.456932	0.000000	0.543068	0.000000	0.000000	0.000000
63	tsk_63	(x)	1	:	0.400656	0.000000	0.000000	0.000000	0.000000	0.000000	0.481210	0.000000	0.000000	0.118134
64	tsk_64	(x)	1	:	0.000000	0.000000	0.455905	0.000000	0.060233	0.000000	0.483862	0.000000	0.000000	0.000000
65	tsk_65	(x)	1	:	0.000000	0.000000	0.000000	0.000000	0.456932	0.000000	0.543068	0.000000	0.000000	0.000000
66	tsk_66	(x)	1	:	0.000000	0.000000	0.000000	0.000000	0.515859	0.000000	0.484141	0.000000	0.000000	0.000000
67	tsk_67	(x)	1	:	0.000000	0.000000	0.563565	0.000000	0.436435	0.000000	0.000000	0.000000	0.000000	0.000000
68	tsk_68	(x)	1	:	0.000000	0.000000	0.494340	0.000000	0.000000	0.000000	0.505660	0.000000	0.000000	0.000000
69	tsk_69	(x)	1	:	0.287228	0.000000	0.000000	0.000000	0.000000	0.000000	0.481212	0.000000	0.000000	0.231560
70	tsk_70	(x)	1	:	0.000000	1.000000	0.000000	0.000000	0.000000	0.000000	0.000000	0.000000	0.000000	0.000000
71	tsk_71	(x)	1	:	0.321654	0.495780	0.000000	0.000000	0.005251	0.000000	0.000000	0.000000	0.000000	0.177316
72	tsk_72	(x)	1	:	0.577891	0.000000	0.000000	0.000000	0.000000	0.000000	0.000000	0.000000	0.000000	0.422109
73	tsk_73	(x)	1	:	0.230654	0.495286	0.000000	0.000000	0.005864	0.000000	0.000000	0.000000	0.000000	0.268196
74	tsk_74	(x)	1	:	0.456517	0.000000	0.000000	0.000000	0.000000	0.000000	0.000000	0.000000	0.000000	0.543483
75	tsk_75	(x)	1	:	0.362514	0.000000	0.000000	0.000000	0.497054	0.000000	0.000000	0.000000	0.000000	0.140432
76	tsk_76	(x)	1	:	0.000000	0.511721	0.000000	0.000000	0.488279	0.000000	0.000000	0.000000	0.000000	0.000000
77	tsk_77	(x)	1	:	0.808991	0.000000	0.000000	0.000000	0.000000	0.000000	0.000000	0.000000	0.000000	0.191009
78	tsk_78	(x)	1	:	0.000000	0.000000	0.000000	0.000000	0.515859	0.000000	0.484141	0.000000	0.000000	0.000000
79	tsk_79	(x)	1	:	0.127373	0.000000	0.000000	0.000000	0.000000	0.000000	0.481214	0.000000	0.000000	0.391413
80	tsk_80	(x)	1	:	0.230736	0.000000	0.000000	0.000000	0.000000	0.000000	0.000000	0.000000	0.000000	0.769264
81	tsk_81	(x)	1	:	0.000000	0.451617	0.548276	0.000000	0.000107	0.000000	0.000000	0.000000	0.000000	0.000000
82	tsk_82	(x)	1	:	0.226076	0.000000	0.000000	0.000000	0.000000	0.000000	0.481213	0.000000	0.000000	0.292711
83	tsk_83	(x)	1	:	0.106472	0.495582	0.000000	0.000000	0.005497	0.000000	0.000000	0.000000	0.000000	0.392448
84	tsk_84	(x)	1	:	0.627967	0.000000	0.000000	0.000000	0.000000	0.000000	0.000000	0.000000	0.000000	0.372033
85	tsk_85	(x)	1	:	0.289914	0.000000	0.000000	0.000000	0.000000	0.000000	0.481212	0.000000	0.000000	0.228875
86	tsk_86	(x)	1	:	0.205861	0.000000	0.000000	0.000000	0.000000	0.000000	0.481213	0.000000	0.000000	0.312926
87	tsk_87	(x)	1	:	0.000000	0.000000	0.000000	0.000000	0.000000	0.000000	1.000000	0.000000	0.000000	0.000000
88	tsk_88	(x)	1	:	0.373410	0.000000	0.000000	0.000000	0.000000	0.000000	0.000000	0.000000	0.000000	0.626590
89	tsk_89	(x)	1	:	0.243914	0.000000	0.000000	0.000000	0.000000	0.500000	0.000000	0.000000	0.000000	0.256086
90	tsk_90	(x)	1	:	0.057398	0.000000	0.000000	0.000000	0.000000	0.487244	0.000000	0.390862	0.000000	0.064497
91	tsk_91	(x)	1	:	0.000000	0.000000	0.000000	0.000000	0.000000	1.000000	0.000000	0.000000	0.000000	0.000000
92	tsk_92	(x)	1	:	0.061313	0.000000	0.000000	0.000000	0.000000	0.000000	0.459675	0.397311	0.000000	0.081700
93	tsk_93	(x)	1	:	0.033273	0.000000	0.000000	0.000000	0.000000	0.487247	0.000000	0.390893	0.000000	0.088587
94	tsk_94	(x)	1	:	0.000000	0.000000	0.455884	0.000000	0.042002	0.502114	0.000000	0.000000	0.000000	0.000000
95	tsk_95	(x)	1	:	0.000000	0.000000	0.522499	0.000000	0.000000	0.477501	0.000000	0.000000	0.000000	0.000000
96	tsk_96	(x)	1	:	0.000000	0.000000	0.455883	0.000000	0.042003	0.502114	0.000000	0.000000	0.000000	0.000000
97	tsk_97	(x)	1	:	0.000000	0.000000	0.000000	0.000000	0.000000	1.000000	0.000000	0.000000	0.000000	0.000000
98	tsk_98	(x)	1	:	0.000000	0.000000	0.000000	0.000000	0.000000	0.000000	1.000000	0.000000	0.000000	0.000000
99	tsk_99	(x)	1	:	0.000000	0.000000	0.456471	0.000000	0.543528	0.000000	0.000000	0.000000	0.000000	0.000000
