logL = -1499.607724 (converged)
AIC = 4731.215448
BIC = 6987.292829

count.K
12 10 2 16 5 22 33 

