logL = -717.394102 (converged)
AIC = 3346.788203
BIC = 5837.330901

count.K
9 13 20 8 19 3 11 17 

