logL = -659.424912 (converged)
AIC = 2368.849823
BIC = 3736.564171

count.K
7 21 43 15 14 

