logL = -714.315793 (converged)
AIC = 3604.631587
BIC = 6439.056749

count.K
4 32 3 4 12 0 23 0 22 

