logL = -674.939291 (converged)
AIC = 3709.878581
BIC = 6783.979401

count.K
8 1 15 16 8 14 0 20 5 13 

