logL = -1257.717025 (converged)
AIC = 2819.434051
BIC = 3215.419919

count.K
52 48 

