logL = -942.353482 (converged)
AIC = 3732.706963
BIC = 6139.884215

count.K
13 14 28 4 10 1 26 4 

