logL = -598.195276 (converged)
AIC = 3300.390552
BIC = 6041.029588

count.K
14 6 3 16 15 19 5 10 12 

