logL = -749.155021 (converged)
AIC = 3104.310042
BIC = 5196.261701

count.K
14 16 14 18 0 12 26 

