logL = -476.820013 (converged)
AIC = 2913.640027
BIC = 5466.706809

count.K
5 9 21 23 7 5 10 1 19 

