logL = -255.834690 (converged)
AIC = 2651.669381
BIC = 5439.201480

count.K
22 1 4 0 1 10 14 9 15 24 

