logL = -327.622272 (converged)
AIC = 2615.244544
BIC = 5168.311326

count.K
18 3 10 7 35 13 10 3 1 

