logL = -932.530182 (converged)
AIC = 2165.060364
BIC = 2555.835892

count.K
51 49 

