logL = -698.003735 (converged)
AIC = 3244.007469
BIC = 5651.184721

count.K
11 11 1 15 15 30 7 10 

