logL = -416.226627 (converged)
AIC = 2568.453253
BIC = 4829.740975

count.K
2 16 3 2 61 5 4 7 

