logL = -794.421262 (converged)
AIC = 2996.842525
BIC = 4830.882336

count.K
16 29 4 15 8 28 

