logL = -1128.999646 (converged)
AIC = 2573.999292
BIC = 2985.616182

count.K
54 46 

