logL = -715.007867 (converged)
AIC = 3162.015735
BIC = 5418.093116

count.K
5 3 9 18 4 61 

