0	tsk_0	(x)	1	:	0.000000	0.000000	0.000000	0.000000	0.000000	1.000000	0.000000	0.000000	0.000000
1	tsk_1	(x)	1	:	0.000000	0.000000	0.000000	0.000000	0.000000	0.526298	0.473702	0.000000	0.000000
2	tsk_2	(x)	1	:	0.000000	0.000000	0.000000	0.000000	0.000000	0.526298	0.473702	0.000000	0.000000
3	tsk_3	(x)	1	:	0.000000	0.000000	0.000001	0.000000	0.340305	0.000000	0.495692	0.000001	0.164001
4	tsk_4	(x)	1	:	0.000000	0.000000	0.000000	0.000000	0.000000	0.526298	0.473702	0.000000	0.000000
5	tsk_5	(x)	1	:	0.000000	0.000000	0.000000	0.000000	0.000000	1.000000	0.000000	0.000000	0.000000
6	tsk_6	(x)	1	:	0.000000	0.000000	0.000000	0.000000	0.000000	1.000000	0.000000	0.000000	0.000000
7	tsk_7	(x)	1	:	0.000000	0.000000	0.000000	0.000000	0.013735	0.407942	0.500843	0.000000	0.077480
8	tsk_8	(x)	1	:	0.000000	0.000000	0.000001	0.000000	0.284874	0.000000	0.495693	0.000002	0.219431
9	tsk_9	(x)	1	:	0.000000	0.000000	0.000000	0.000000	0.055663	0.393292	0.000000	0.000001	0.551044
10	tsk_10	(x)	1	:	0.000485	0.477498	0.000000	0.522017	0.000000	0.000000	0.000000	0.000000	0.000000
11	tsk_11	(x)	1	:	0.012295	0.490173	0.000000	0.000000	0.226935	0.000000	0.000000	0.000000	0.270597
12	tsk_12	(x)	1	:	0.000000	0.000000	0.000000	1.000000	0.000000	0.000000	0.000000	0.000000	0.000000
13	tsk_13	(x)	1	:	0.000893	0.477212	0.000000	0.521894	0.000000	0.000000	0.000000	0.000000	0.000000
14	tsk_14	(x)	1	:	0.470833	0.000000	0.000000	0.529167	0.000000	0.000000	0.000000	0.000000	0.000000
15	tsk_15	(x)	1	:	0.012968	0.489674	0.000000	0.000000	0.051873	0.393002	0.000000	0.000000	0.052484
16	tsk_16	(x)	1	:	0.000000	1.000000	0.000000	0.000000	0.000000	0.000000	0.000000	0.000000	0.000000
17	tsk_17	(x)	1	:	0.000000	0.000000	0.000000	0.586353	0.002478	0.395018	0.000000	0.000000	0.016152
18	tsk_18	(x)	1	:	0.000000	0.000000	0.000000	0.585191	0.022986	0.000000	0.000000	0.000002	0.391820
19	tsk_19	(x)	1	:	0.470833	0.000000	0.000000	0.529166	0.000001	0.000000	0.000000	0.000000	0.000001
20	tsk_20	(x)	1	:	0.000000	0.000000	0.000001	0.000000	0.271443	0.000000	0.495693	0.000003	0.232861
21	tsk_21	(x)	1	:	1.000000	0.000000	0.000000	0.000000	0.000000	0.000000	0.000000	0.000000	0.000000
22	tsk_22	(x)	1	:	0.000000	0.000000	0.000000	0.000000	0.171266	0.000000	0.000000	0.000001	0.828732
23	tsk_23	(x)	1	:	0.000000	0.000000	0.000001	0.000000	0.371339	0.000000	0.495693	0.000003	0.132965
24	tsk_24	(x)	1	:	0.000000	0.000000	0.000000	0.000000	0.300043	0.000000	0.000000	0.000002	0.699955
25	tsk_25	(x)	1	:	0.012374	0.490126	0.000000	0.000000	0.332804	0.000000	0.000000	0.000001	0.164696
26	tsk_26	(x)	1	:	0.000000	0.000000	0.000000	0.000000	0.218635	0.000000	0.000000	0.000001	0.781364
27	tsk_27	(x)	1	:	0.500000	0.000000	0.000000	0.000000	0.184314	0.000000	0.000000	0.000001	0.315686
28	tsk_28	(x)	1	:	0.000000	0.000000	0.000000	0.000000	0.074891	0.393290	0.000000	0.000001	0.531819
29	tsk_29	(x)	1	:	0.530938	0.000000	0.469062	0.000000	0.000000	0.000000	0.000000	0.000000	0.000000
30	tsk_30	(x)	1	:	0.000000	0.000000	0.000000	0.000000	0.095757	0.000000	0.000000	0.000001	0.904242
31	tsk_31	(x)	1	:	0.010951	0.490981	0.000000	0.000000	0.265182	0.000000	0.000000	0.000000	0.232886
32	tsk_32	(x)	1	:	0.000000	0.000000	0.000000	0.000000	0.157362	0.000000	0.000000	0.000000	0.842638
33	tsk_33	(x)	1	:	0.500000	0.000000	0.000000	0.324966	0.063928	0.000000	0.000000	0.000001	0.111105
34	tsk_34	(x)	1	:	0.000000	0.000000	0.000000	0.324763	0.047940	0.393104	0.000000	0.000001	0.234192
35	tsk_35	(x)	1	:	0.000000	0.000000	0.000000	0.000000	0.056437	0.393293	0.000000	0.000001	0.550268
36	tsk_36	(x)	1	:	0.000000	0.000000	0.000000	0.000000	0.022252	0.000000	0.000000	0.000000	0.977748
37	tsk_37	(x)	1	:	0.000000	0.000000	0.000000	0.324976	0.028411	0.000000	0.000000	0.000003	0.646610
38	tsk_38	(x)	1	:	0.000000	0.000000	0.000000	0.324752	0.061987	0.393089	0.000000	0.000001	0.220170
39	tsk_39	(x)	1	:	0.000000	0.000000	0.000000	0.324977	0.200896	0.000000	0.000000	0.000004	0.474123
40	tsk_40	(x)	1	:	0.000000	0.000000	0.000000	0.000000	0.226216	0.000000	0.000000	0.000001	0.773783
41	tsk_41	(x)	1	:	0.000000	0.000000	0.000000	0.000000	0.107065	0.000000	0.000000	0.000001	0.892934
42	tsk_42	(x)	1	:	0.000000	0.000000	0.000000	0.000000	0.304605	0.000000	0.000000	0.000006	0.695389
43	tsk_43	(x)	1	:	0.000000	0.000000	0.000000	0.000000	0.264643	0.000000	0.000000	0.000002	0.735356
44	tsk_44	(x)	1	:	0.000000	0.000000	0.000000	0.000000	0.137472	0.000000	0.000000	0.000001	0.862527
45	tsk_45	(x)	1	:	0.000000	0.000000	0.000000	0.000000	0.048369	0.393293	0.000000	0.000001	0.558336
46	tsk_46	(x)	1	:	0.000000	0.000000	0.000000	0.000000	0.223084	0.000000	0.000000	0.000002	0.776914
47	tsk_47	(x)	1	:	0.000000	0.000000	0.000000	0.000000	0.190413	0.000000	0.000000	0.000001	0.809585
48	tsk_48	(x)	1	:	0.000000	0.000000	0.000000	0.000000	0.473924	0.000000	0.000000	0.000002	0.526074
49	tsk_49	(x)	1	:	0.000000	0.000000	0.000000	0.000000	0.515826	0.000000	0.000000	0.000000	0.484174
50	tsk_50	(x)	1	:	0.500000	0.000000	0.000000	0.000000	0.304892	0.000000	0.000000	0.000001	0.195107
51	tsk_51	(x)	1	:	0.500000	0.000000	0.000000	0.000000	0.212402	0.000000	0.000000	0.000000	0.287598
52	tsk_52	(x)	1	:	1.000000	0.000000	0.000000	0.000000	0.000000	0.000000	0.000000	0.000000	0.000000
53	tsk_53	(x)	1	:	0.000000	0.000000	0.000000	0.000000	0.303376	0.000000	0.000000	0.000001	0.696623
54	tsk_54	(x)	1	:	0.000000	0.000000	0.000000	0.585195	0.162319	0.000000	0.000000	0.000003	0.252484
55	tsk_55	(x)	1	:	0.000000	0.000000	0.000000	0.585191	0.178693	0.000000	0.000000	0.000002	0.236115
56	tsk_56	(x)	1	:	0.470833	0.000000	0.000000	0.529166	0.000001	0.000000	0.000000	0.000000	0.000001
57	tsk_57	(x)	1	:	0.000000	0.000000	0.000000	0.585189	0.081599	0.000000	0.000000	0.000001	0.333211
58	tsk_58	(x)	1	:	0.500000	0.000000	0.000000	0.000000	0.082252	0.000000	0.000000	0.000000	0.417748
59	tsk_59	(x)	1	:	0.470833	0.000000	0.000000	0.529166	0.000001	0.000000	0.000000	0.000000	0.000000
60	tsk_60	(x)	1	:	0.000000	1.000000	0.000000	0.000000	0.000000	0.000000	0.000000	0.000000	0.000000
61	tsk_61	(x)	1	:	0.000000	0.544349	0.000000	0.000000	0.000000	0.000000	0.000000	0.000000	0.455650
62	tsk_62	(x)	1	:	0.012274	0.490074	0.000000	0.000000	0.056266	0.392912	0.000000	0.000000	0.048474
63	tsk_63	(x)	1	:	0.012385	0.490119	0.000000	0.000000	0.265207	0.000000	0.000000	0.000000	0.232289
64	tsk_64	(x)	1	:	0.012593	0.489994	0.000000	0.000000	0.358846	0.000000	0.000000	0.000001	0.138566
65	tsk_65	(x)	1	:	0.012390	0.490007	0.000000	0.000000	0.046311	0.392925	0.000000	0.000000	0.058367
66	tsk_66	(x)	1	:	0.000000	1.000000	0.000000	0.000000	0.000000	0.000000	0.000000	0.000000	0.000000
67	tsk_67	(x)	1	:	0.012273	0.490186	0.000000	0.000000	0.352279	0.000000	0.000000	0.000000	0.145261
68	tsk_68	(x)	1	:	0.000000	1.000000	0.000000	0.000000	0.000000	0.000000	0.000000	0.000000	0.000000
69	tsk_69	(x)	1	:	0.012604	0.489883	0.000000	0.000000	0.056991	0.392954	0.000000	0.000000	0.047567
70	tsk_70	(x)	1	:	0.000000	0.000000	0.000000	0.000000	0.158071	0.000000	0.000000	0.000002	0.841927
71	tsk_71	(x)	1	:	1.000000	0.000000	0.000000	0.000000	0.000000	0.000000	0.000000	0.000000	0.000000
72	tsk_72	(x)	1	:	0.462387	0.000000	0.000000	0.263867	0.000000	0.000000	0.000000	0.273746	0.000000
73	tsk_73	(x)	1	:	0.000000	0.000000	0.000000	0.324979	0.147246	0.000000	0.000000	0.000005	0.527770
74	tsk_74	(x)	1	:	0.000000	0.000000	0.000000	0.789060	0.083744	0.000000	0.000000	0.000001	0.127195
75	tsk_75	(x)	1	:	0.000000	0.000000	0.000000	0.325003	0.150270	0.000000	0.000000	0.000017	0.524711
76	tsk_76	(x)	1	:	0.000000	0.000000	0.000000	0.324973	0.144879	0.000000	0.000000	0.000002	0.530145
77	tsk_77	(x)	1	:	0.000000	0.000000	0.000000	0.324997	0.674990	0.000000	0.000000	0.000014	0.000000
78	tsk_78	(x)	1	:	0.000000	0.000000	0.000000	0.000000	0.074289	0.393289	0.000000	0.000001	0.532421
79	tsk_79	(x)	1	:	0.000000	0.000000	0.000000	0.324973	0.150128	0.000000	0.000000	0.000002	0.524897
80	tsk_80	(x)	1	:	0.000000	0.000000	0.254014	0.000000	0.000000	0.000000	0.439475	0.306511	0.000000
81	tsk_81	(x)	1	:	0.000000	0.000000	0.000000	0.000000	0.029984	0.393292	0.000000	0.000001	0.576723
82	tsk_82	(x)	1	:	0.000000	0.000000	0.000000	0.000000	0.000000	0.461630	0.000000	0.537416	0.000953
83	tsk_83	(x)	1	:	0.000000	0.000000	0.000000	0.000000	0.031105	0.393294	0.000000	0.000001	0.575600
84	tsk_84	(x)	1	:	0.000000	0.000000	0.000000	0.000000	0.000000	1.000000	0.000000	0.000000	0.000000
85	tsk_85	(x)	1	:	0.000000	0.000000	0.000000	0.000000	0.257357	0.393304	0.000000	0.000002	0.349336
86	tsk_86	(x)	1	:	0.000000	0.000000	0.000000	0.000000	0.000000	0.461891	0.000000	0.537731	0.000378
87	tsk_87	(x)	1	:	0.000000	0.000000	0.000000	0.496716	0.000007	0.503277	0.000000	0.000000	0.000000
88	tsk_88	(x)	1	:	0.000000	0.000000	0.000000	0.000000	0.401599	0.000000	0.000000	0.000000	0.598401
89	tsk_89	(x)	1	:	0.000000	0.000000	0.000000	0.000000	0.371931	0.000000	0.000000	0.000003	0.628066
90	tsk_90	(x)	1	:	0.000000	0.000000	0.000000	0.000000	0.172962	0.393296	0.000000	0.000001	0.433741
91	tsk_91	(x)	1	:	0.500000	0.000000	0.000000	0.000000	0.155926	0.000000	0.000000	0.000000	0.344074
92	tsk_92	(x)	1	:	0.000000	0.000000	0.000000	0.000000	0.023284	0.000000	0.000000	0.000001	0.976715
93	tsk_93	(x)	1	:	0.500000	0.000000	0.000000	0.000000	0.298886	0.000000	0.000000	0.000001	0.201113
94	tsk_94	(x)	1	:	0.500000	0.000000	0.000000	0.000000	0.219423	0.000000	0.000000	0.000001	0.280575
95	tsk_95	(x)	1	:	0.000000	0.000000	0.000000	0.000000	0.058957	0.393293	0.000000	0.000001	0.547748
96	tsk_96	(x)	1	:	0.500000	0.000000	0.000000	0.000000	0.224573	0.000000	0.000000	0.000000	0.275426
97	tsk_97	(x)	1	:	0.000000	0.000000	0.000000	0.000000	0.020238	0.000000	0.000000	0.000001	0.979761
98	tsk_98	(x)	1	:	0.500000	0.000000	0.000000	0.000000	0.227279	0.000000	0.000000	0.000000	0.272721
99	tsk_99	(x)	1	:	0.000000	0.000000	0.000000	0.000000	0.213025	0.000000	0.000000	0.000002	0.786973
