logL = -607.574080 (converged)
AIC = 2515.148161
BIC = 4208.508782

count.K
3 12 25 24 13 23 

