logL = -878.135186 (converged)
AIC = 4040.270372
BIC = 7015.374724

count.K
7 14 4 0 16 28 11 6 14 

