logL = -651.170784 (converged)
AIC = 3842.341569
BIC = 7150.907705

count.K
2 1 12 0 33 1 33 1 9 8 

