0	tsk_0	(x)	1	:	0.000000	0.000000	1.000000	0.000000	0.000000	0.000000	0.000000	0.000000
1	tsk_1	(x)	1	:	0.000000	0.000000	0.526177	0.000000	0.000000	0.000000	0.000000	0.473822
2	tsk_2	(x)	1	:	0.451015	0.548965	0.000000	0.000020	0.000000	0.000000	0.000000	0.000000
3	tsk_3	(x)	1	:	0.000000	0.440681	0.559269	0.000050	0.000000	0.000000	0.000000	0.000000
4	tsk_4	(x)	1	:	0.000000	0.000000	0.000000	0.000000	0.000000	0.477685	0.000000	0.522315
5	tsk_5	(x)	1	:	0.000000	0.000000	0.000000	0.000000	0.000000	0.000000	0.000000	1.000000
6	tsk_6	(x)	1	:	0.182653	0.147163	0.400837	0.000005	0.269342	0.000000	0.000000	0.000000
7	tsk_7	(x)	1	:	0.000000	0.000002	0.542844	0.000000	0.000000	0.457154	0.000000	0.000000
8	tsk_8	(x)	1	:	0.312296	0.128422	0.559276	0.000007	0.000000	0.000000	0.000000	0.000000
9	tsk_9	(x)	1	:	0.312293	0.128428	0.559273	0.000006	0.000000	0.000000	0.000000	0.000000
10	tsk_10	(x)	1	:	0.000000	0.999984	0.000000	0.000016	0.000000	0.000000	0.000000	0.000000
11	tsk_11	(x)	1	:	0.000000	0.075924	0.424058	0.000000	0.000000	0.000000	0.000000	0.500018
12	tsk_12	(x)	1	:	0.000000	0.075530	0.424268	0.000000	0.000000	0.000000	0.000000	0.500202
13	tsk_13	(x)	1	:	0.000000	0.000000	0.519057	0.000000	0.000000	0.000000	0.000000	0.480942
14	tsk_14	(x)	1	:	0.000000	0.575989	0.424002	0.000009	0.000000	0.000000	0.000000	0.000000
15	tsk_15	(x)	1	:	0.000000	0.499988	0.000000	0.000011	0.000000	0.000000	0.000000	0.500002
16	tsk_16	(x)	1	:	0.000000	0.499998	0.000000	0.000000	0.000000	0.000000	0.000000	0.500002
17	tsk_17	(x)	1	:	0.000000	0.075775	0.424138	0.000000	0.000000	0.000000	0.000000	0.500086
18	tsk_18	(x)	1	:	0.000000	0.000000	0.000000	0.000000	0.000000	0.000000	0.000000	1.000000
19	tsk_19	(x)	1	:	0.000000	0.000000	0.000000	0.000000	0.000000	0.477679	0.000000	0.522321
20	tsk_20	(x)	1	:	0.000000	0.000000	1.000000	0.000000	0.000000	0.000000	0.000000	0.000000
21	tsk_21	(x)	1	:	0.007833	0.040011	0.000000	0.000000	0.451829	0.000000	0.000000	0.500327
22	tsk_22	(x)	1	:	0.000000	0.000000	1.000000	0.000000	0.000000	0.000000	0.000000	0.000000
23	tsk_23	(x)	1	:	0.008810	0.039209	0.000000	0.000000	0.451524	0.000000	0.000000	0.500456
24	tsk_24	(x)	1	:	0.000000	0.000002	0.542844	0.000000	0.000000	0.457154	0.000000	0.000000
25	tsk_25	(x)	1	:	0.000000	0.105577	0.424040	0.000013	0.000000	0.470369	0.000000	0.000000
26	tsk_26	(x)	1	:	0.000000	0.000000	1.000000	0.000000	0.000000	0.000000	0.000000	0.000000
27	tsk_27	(x)	1	:	0.000000	0.000000	0.000000	0.000000	0.000000	1.000000	0.000000	0.000000
28	tsk_28	(x)	1	:	0.000000	0.440696	0.559267	0.000037	0.000000	0.000000	0.000000	0.000000
29	tsk_29	(x)	1	:	0.000000	0.000000	0.000000	0.000000	0.000000	0.000000	0.000000	1.000000
30	tsk_30	(x)	1	:	0.077894	0.006713	0.543668	0.000000	0.371724	0.000000	0.000000	0.000000
31	tsk_31	(x)	1	:	0.000000	0.999976	0.000000	0.000024	0.000000	0.000000	0.000000	0.000000
32	tsk_32	(x)	1	:	0.000000	0.529393	0.000000	0.000218	0.000000	0.470389	0.000000	0.000000
33	tsk_33	(x)	1	:	0.310182	0.219260	0.000000	0.000133	0.000000	0.470426	0.000000	0.000000
34	tsk_34	(x)	1	:	0.000000	0.529267	0.000000	0.000333	0.000000	0.470400	0.000000	0.000000
35	tsk_35	(x)	1	:	0.000000	0.000001	0.542845	0.000000	0.000000	0.457154	0.000000	0.000000
36	tsk_36	(x)	1	:	0.000000	0.529506	0.000000	0.000114	0.000000	0.470380	0.000000	0.000000
37	tsk_37	(x)	1	:	0.000000	0.529458	0.000000	0.000158	0.000000	0.470384	0.000000	0.000000
38	tsk_38	(x)	1	:	0.000000	0.000001	0.542845	0.000000	0.000000	0.457154	0.000000	0.000000
39	tsk_39	(x)	1	:	0.000000	0.529351	0.000000	0.000256	0.000000	0.470393	0.000000	0.000000
40	tsk_40	(x)	1	:	0.000000	0.075834	0.424107	0.000000	0.000000	0.000000	0.000000	0.500059
41	tsk_41	(x)	1	:	0.169253	0.148764	0.399191	0.000004	0.282788	0.000000	0.000000	0.000000
42	tsk_42	(x)	1	:	0.000000	0.000000	0.000000	0.000000	0.000000	0.000000	0.999957	0.000043
43	tsk_43	(x)	1	:	0.000000	0.000000	1.000000	0.000000	0.000000	0.000000	0.000000	0.000000
44	tsk_44	(x)	1	:	0.451013	0.124978	0.424007	0.000001	0.000000	0.000000	0.000000	0.000000
45	tsk_45	(x)	1	:	0.119797	0.047252	0.000000	0.000000	0.332807	0.000000	0.000000	0.500143
46	tsk_46	(x)	1	:	0.000000	0.460315	0.000000	0.000006	0.000000	0.000000	0.539678	0.000000
47	tsk_47	(x)	1	:	0.000000	0.075827	0.424111	0.000000	0.000000	0.000000	0.000000	0.500062
48	tsk_48	(x)	1	:	0.000000	0.075845	0.424101	0.000000	0.000000	0.000000	0.000000	0.500054
49	tsk_49	(x)	1	:	0.000000	0.000000	1.000000	0.000000	0.000000	0.000000	0.000000	0.000000
50	tsk_50	(x)	1	:	1.000000	0.000000	0.000000	0.000000	0.000000	0.000000	0.000000	0.000000
51	tsk_51	(x)	1	:	0.451068	0.048907	0.000000	0.000000	0.000000	0.000000	0.000000	0.500025
52	tsk_52	(x)	1	:	1.000000	0.000000	0.000000	0.000000	0.000000	0.000000	0.000000	0.000000
53	tsk_53	(x)	1	:	1.000000	0.000000	0.000000	0.000000	0.000000	0.000000	0.000000	0.000000
54	tsk_54	(x)	1	:	1.000000	0.000000	0.000000	0.000000	0.000000	0.000000	0.000000	0.000000
55	tsk_55	(x)	1	:	1.000000	0.000000	0.000000	0.000000	0.000000	0.000000	0.000000	0.000000
56	tsk_56	(x)	1	:	1.000000	0.000000	0.000000	0.000000	0.000000	0.000000	0.000000	0.000000
57	tsk_57	(x)	1	:	1.000000	0.000000	0.000000	0.000000	0.000000	0.000000	0.000000	0.000000
58	tsk_58	(x)	1	:	0.640971	0.359023	0.000000	0.000006	0.000000	0.000000	0.000000	0.000000
59	tsk_59	(x)	1	:	0.451212	0.048709	0.000000	0.000000	0.000000	0.000000	0.000000	0.500079
60	tsk_60	(x)	1	:	0.000000	0.000000	1.000000	0.000000	0.000000	0.000000	0.000000	0.000000
61	tsk_61	(x)	1	:	0.451050	0.548844	0.000000	0.000106	0.000000	0.000000	0.000000	0.000000
62	tsk_62	(x)	1	:	0.000000	0.000000	0.000000	0.000000	0.000000	0.542157	0.000000	0.457843
63	tsk_63	(x)	1	:	0.000000	0.000000	0.499663	0.500337	0.000000	0.000000	0.000000	0.000000
64	tsk_64	(x)	1	:	0.000000	0.105416	0.424111	0.000053	0.000000	0.470419	0.000000	0.000000
65	tsk_65	(x)	1	:	0.000000	0.000000	0.000000	0.000000	0.000000	1.000000	0.000000	0.000000
66	tsk_66	(x)	1	:	0.451411	0.048438	0.000000	0.000000	0.000000	0.000000	0.000000	0.500151
67	tsk_67	(x)	1	:	0.000000	0.575990	0.424002	0.000009	0.000000	0.000000	0.000000	0.000000
68	tsk_68	(x)	1	:	0.443766	0.003835	0.000000	0.000001	0.000000	0.552398	0.000000	0.000000
69	tsk_69	(x)	1	:	0.451015	0.548967	0.000000	0.000018	0.000000	0.000000	0.000000	0.000000
70	tsk_70	(x)	1	:	0.480699	0.000000	0.000000	0.000000	0.519300	0.000000	0.000000	0.000000
71	tsk_71	(x)	1	:	0.000000	0.000000	0.000000	0.548173	0.000000	0.000000	0.000000	0.451827
72	tsk_72	(x)	1	:	0.184725	0.028852	0.518691	0.000001	0.267731	0.000000	0.000000	0.000000
73	tsk_73	(x)	1	:	0.643668	0.356302	0.000000	0.000030	0.000000	0.000000	0.000000	0.000000
74	tsk_74	(x)	1	:	0.120146	0.046769	0.000000	0.000000	0.332760	0.000000	0.000000	0.500325
75	tsk_75	(x)	1	:	0.000000	0.000000	0.000000	0.000000	0.000000	0.000000	0.000000	1.000000
76	tsk_76	(x)	1	:	0.448045	0.011238	0.540716	0.000000	0.000000	0.000000	0.000000	0.000000
77	tsk_77	(x)	1	:	0.184061	0.029687	0.518465	0.000000	0.267786	0.000000	0.000000	0.000000
78	tsk_78	(x)	1	:	0.000000	0.000000	0.000000	0.000000	0.000000	0.000000	0.000000	1.000000
79	tsk_79	(x)	1	:	0.448052	0.011229	0.540719	0.000000	0.000000	0.000000	0.000000	0.000000
80	tsk_80	(x)	1	:	0.009512	0.539946	0.000000	0.000003	0.450539	0.000000	0.000000	0.000000
81	tsk_81	(x)	1	:	0.000000	0.000000	0.000000	0.000000	0.000000	0.477581	0.000000	0.522419
82	tsk_82	(x)	1	:	0.000000	0.000000	0.000000	0.000000	0.000000	0.538731	0.000000	0.461269
83	tsk_83	(x)	1	:	0.000000	0.000000	0.000000	0.000000	0.000000	1.000000	0.000000	0.000000
84	tsk_84	(x)	1	:	0.009937	0.038705	0.000000	0.000000	0.450935	0.000000	0.000000	0.500423
85	tsk_85	(x)	1	:	0.005204	0.039808	0.000000	0.000000	0.453981	0.000000	0.000000	0.501008
86	tsk_86	(x)	1	:	0.000000	0.000000	0.000000	0.000000	1.000000	0.000000	0.000000	0.000000
87	tsk_87	(x)	1	:	0.000000	0.000000	0.000000	0.000000	1.000000	0.000000	0.000000	0.000000
88	tsk_88	(x)	1	:	0.000000	0.000000	0.512068	0.000000	0.487932	0.000000	0.000000	0.000000
89	tsk_89	(x)	1	:	0.000000	0.499998	0.000000	0.000000	0.000000	0.000000	0.000000	0.500002
90	tsk_90	(x)	1	:	0.009978	0.069115	0.000000	0.000034	0.450418	0.470456	0.000000	0.000000
91	tsk_91	(x)	1	:	0.062299	0.120013	0.427329	0.000001	0.390358	0.000000	0.000000	0.000000
92	tsk_92	(x)	1	:	0.062189	0.120100	0.427314	0.000001	0.390397	0.000000	0.000000	0.000000
93	tsk_93	(x)	1	:	0.009062	0.069486	0.000000	0.000028	0.450931	0.470493	0.000000	0.000000
94	tsk_94	(x)	1	:	0.000000	0.000000	1.000000	0.000000	0.000000	0.000000	0.000000	0.000000
95	tsk_95	(x)	1	:	0.000000	0.021398	0.423995	0.000003	0.000000	0.554605	0.000000	0.000000
96	tsk_96	(x)	1	:	0.000000	0.000000	0.000000	0.000000	1.000000	0.000000	0.000000	0.000000
97	tsk_97	(x)	1	:	0.000000	0.000000	0.000000	0.000000	1.000000	0.000000	0.000000	0.000000
98	tsk_98	(x)	1	:	0.009411	0.069229	0.000000	0.000021	0.450811	0.470528	0.000000	0.000000
99	tsk_99	(x)	1	:	0.000000	0.020875	0.424316	0.000006	0.000000	0.554802	0.000000	0.000000
