0	tsk_0	(x)	1	:	0.000000	0.000000	0.331290	0.000000	0.453788	0.000000	0.000000	0.000000	0.000000	0.214922
1	tsk_1	(x)	1	:	0.514265	0.000000	0.205291	0.000000	0.000000	0.000000	0.000000	0.000000	0.000000	0.280444
2	tsk_2	(x)	1	:	0.000000	0.000000	0.000000	0.000000	0.000000	0.000000	0.662250	0.000000	0.000000	0.337750
3	tsk_3	(x)	1	:	0.000000	0.000000	0.475977	0.000000	0.000000	0.000000	0.000000	0.000000	0.000000	0.524023
4	tsk_4	(x)	1	:	0.000000	0.000000	0.463160	0.000000	0.000000	0.000000	0.000000	0.000000	0.000000	0.536840
5	tsk_5	(x)	1	:	0.000000	0.000000	0.625682	0.000000	0.000000	0.000000	0.000000	0.000000	0.000000	0.374318
6	tsk_6	(x)	1	:	0.000000	0.000000	0.588744	0.000000	0.000000	0.000000	0.000000	0.000000	0.000000	0.411256
7	tsk_7	(x)	1	:	0.000000	0.000000	0.706884	0.000000	0.000000	0.000000	0.000000	0.000000	0.000000	0.293116
8	tsk_8	(x)	1	:	0.000000	0.000000	0.561776	0.000000	0.000000	0.000000	0.000000	0.000000	0.000000	0.438224
9	tsk_9	(x)	1	:	0.000000	0.000000	0.531663	0.000000	0.000000	0.000000	0.000000	0.000000	0.000000	0.468337
10	tsk_10	(x)	1	:	0.000000	0.000000	0.000000	1.000000	0.000000	0.000000	0.000000	0.000000	0.000000	0.000000
11	tsk_11	(x)	1	:	0.000000	0.000000	0.232266	0.637541	0.000000	0.000000	0.000000	0.000000	0.000000	0.130193
12	tsk_12	(x)	1	:	0.000000	0.000000	0.353948	0.415293	0.000000	0.000000	0.000000	0.000000	0.000000	0.230759
13	tsk_13	(x)	1	:	0.000000	0.000000	0.000000	1.000000	0.000000	0.000000	0.000000	0.000000	0.000000	0.000000
14	tsk_14	(x)	1	:	0.000000	0.000000	0.381094	0.415293	0.000000	0.000000	0.000000	0.000000	0.000000	0.203613
15	tsk_15	(x)	1	:	0.000000	0.000000	0.000000	0.000000	0.451255	0.000000	0.000000	0.548745	0.000000	0.000000
16	tsk_16	(x)	1	:	0.000000	0.000000	0.500534	0.000000	0.000000	0.000000	0.000000	0.000000	0.000000	0.499466
17	tsk_17	(x)	1	:	0.000000	0.000621	0.001988	0.494308	0.000000	0.000000	0.000000	0.000000	0.501943	0.001140
18	tsk_18	(x)	1	:	0.000000	0.000000	0.203674	0.637541	0.000000	0.000000	0.000000	0.000000	0.000000	0.158785
19	tsk_19	(x)	1	:	0.000000	0.000000	0.508883	0.000000	0.000000	0.000000	0.000000	0.000000	0.000000	0.491117
20	tsk_20	(x)	1	:	0.000000	0.000000	0.583700	0.000000	0.000000	0.000000	0.000000	0.000000	0.000000	0.416300
21	tsk_21	(x)	1	:	0.000000	0.000000	0.524754	0.000000	0.000000	0.000000	0.000000	0.000000	0.000000	0.475246
22	tsk_22	(x)	1	:	0.000000	0.000000	0.561570	0.000000	0.000000	0.000000	0.000000	0.000000	0.000000	0.438430
23	tsk_23	(x)	1	:	0.000000	0.000000	0.731985	0.000000	0.000000	0.000000	0.000000	0.000000	0.000000	0.268015
24	tsk_24	(x)	1	:	0.000000	0.000000	0.760752	0.000000	0.000000	0.000000	0.000000	0.000000	0.000000	0.239248
25	tsk_25	(x)	1	:	0.000000	0.000000	0.432601	0.000000	0.000000	0.000000	0.000000	0.000000	0.000000	0.567399
26	tsk_26	(x)	1	:	0.000000	0.000000	0.612049	0.000000	0.000000	0.000000	0.000000	0.000000	0.000000	0.387951
27	tsk_27	(x)	1	:	0.000000	0.000000	0.216212	0.000000	0.453788	0.000000	0.000000	0.000000	0.000000	0.330000
28	tsk_28	(x)	1	:	0.000000	0.000000	0.301675	0.000000	0.000000	0.000000	0.000000	0.000000	0.499616	0.198708
29	tsk_29	(x)	1	:	0.000000	0.000000	0.725397	0.000000	0.000000	0.000000	0.000000	0.000000	0.000000	0.274603
30	tsk_30	(x)	1	:	0.514277	0.000000	0.002266	0.000000	0.000000	0.000000	0.482855	0.000000	0.000000	0.000602
31	tsk_31	(x)	1	:	0.000000	0.000000	0.628000	0.000000	0.000000	0.000000	0.000000	0.000000	0.000000	0.371999
32	tsk_32	(x)	1	:	0.514832	0.000000	0.340175	0.000000	0.000000	0.000000	0.000000	0.000000	0.000000	0.144993
33	tsk_33	(x)	1	:	0.000000	0.000000	0.500553	0.000000	0.000000	0.000000	0.000000	0.000000	0.000000	0.499447
34	tsk_34	(x)	1	:	1.000000	0.000000	0.000000	0.000000	0.000000	0.000000	0.000000	0.000000	0.000000	0.000000
35	tsk_35	(x)	1	:	0.444968	0.000000	0.365118	0.000000	0.000000	0.000000	0.000000	0.000000	0.000000	0.189914
36	tsk_36	(x)	1	:	0.000000	0.000000	0.239238	0.000000	0.000000	0.000000	0.000000	0.000000	0.000000	0.760762
37	tsk_37	(x)	1	:	0.000000	0.000000	0.508424	0.000000	0.000000	0.000000	0.000000	0.000000	0.000000	0.491576
38	tsk_38	(x)	1	:	0.000000	0.000000	0.002066	0.000000	0.000000	0.554763	0.000000	0.000000	0.000000	0.443171
39	tsk_39	(x)	1	:	0.514265	0.000000	0.298074	0.000000	0.000000	0.000000	0.000000	0.000000	0.000000	0.187660
40	tsk_40	(x)	1	:	0.000000	0.000000	0.684247	0.000000	0.000000	0.000000	0.000000	0.000000	0.000000	0.315753
41	tsk_41	(x)	1	:	0.000000	0.000000	0.545248	0.000000	0.000000	0.000000	0.000000	0.000000	0.000000	0.454752
42	tsk_42	(x)	1	:	0.514265	0.000000	0.421627	0.000000	0.000000	0.000000	0.000000	0.000000	0.000000	0.064108
43	tsk_43	(x)	1	:	0.514265	0.000000	0.259037	0.000000	0.000000	0.000000	0.000000	0.000000	0.000000	0.226698
44	tsk_44	(x)	1	:	0.514265	0.000000	0.315367	0.000000	0.000000	0.000000	0.000000	0.000000	0.000000	0.170368
45	tsk_45	(x)	1	:	0.000000	0.000000	0.390205	0.000000	0.453788	0.000000	0.000000	0.000000	0.000000	0.156008
46	tsk_46	(x)	1	:	0.000000	0.000000	0.521220	0.000000	0.000000	0.000000	0.000000	0.000000	0.000000	0.478780
47	tsk_47	(x)	1	:	0.000000	0.000000	0.441829	0.000000	0.000000	0.000000	0.000000	0.000000	0.000000	0.558171
48	tsk_48	(x)	1	:	0.000000	0.000000	0.477787	0.000000	0.000000	0.000000	0.000000	0.260349	0.000000	0.261864
49	tsk_49	(x)	1	:	0.514265	0.000000	0.404289	0.000000	0.000000	0.000000	0.000000	0.000000	0.000000	0.081446
50	tsk_50	(x)	1	:	0.000000	0.000000	0.618880	0.000000	0.000000	0.000000	0.000000	0.000000	0.000000	0.381120
51	tsk_51	(x)	1	:	0.000000	0.000000	0.317182	0.000000	0.000000	0.000000	0.485357	0.000000	0.000000	0.197461
52	tsk_52	(x)	1	:	0.000000	0.000000	0.075577	0.415201	0.000000	0.000000	0.485243	0.000000	0.000000	0.023979
53	tsk_53	(x)	1	:	0.000000	0.000000	0.373749	0.000000	0.000000	0.000000	0.485357	0.000000	0.000000	0.140893
54	tsk_54	(x)	1	:	0.000000	0.000000	0.082493	0.415200	0.000000	0.000000	0.485242	0.000000	0.000000	0.017064
55	tsk_55	(x)	1	:	0.000000	0.000000	0.299760	0.000000	0.000000	0.000000	0.485357	0.000000	0.000000	0.214883
56	tsk_56	(x)	1	:	0.444975	0.000000	0.054791	0.000000	0.000000	0.000000	0.485339	0.000000	0.000000	0.014895
57	tsk_57	(x)	1	:	0.000000	0.000000	0.622900	0.000000	0.000000	0.000000	0.000000	0.000000	0.000000	0.377099
58	tsk_58	(x)	1	:	0.000000	0.000000	0.000000	0.000000	0.596410	0.000000	0.403590	0.000000	0.000000	0.000000
59	tsk_59	(x)	1	:	0.000000	0.000000	0.000001	0.376703	0.623296	0.000000	0.000000	0.000000	0.000000	0.000000
60	tsk_60	(x)	1	:	0.000000	0.000000	0.507934	0.000000	0.000000	0.000000	0.000000	0.000000	0.000000	0.492066
61	tsk_61	(x)	1	:	0.444978	0.000000	0.076785	0.000000	0.453849	0.000000	0.000000	0.000000	0.000000	0.024387
62	tsk_62	(x)	1	:	1.000000	0.000000	0.000000	0.000000	0.000000	0.000000	0.000000	0.000000	0.000000	0.000000
63	tsk_63	(x)	1	:	0.444978	0.000000	0.083588	0.000000	0.453849	0.000000	0.000000	0.000000	0.000000	0.017585
64	tsk_64	(x)	1	:	0.000000	0.000000	0.682803	0.000000	0.000000	0.000000	0.000000	0.000000	0.000000	0.317197
65	tsk_65	(x)	1	:	0.000000	0.000000	0.633152	0.000000	0.000000	0.000000	0.000000	0.000000	0.000000	0.366848
66	tsk_66	(x)	1	:	0.000000	0.000000	0.251549	0.000000	0.453788	0.000000	0.000000	0.000000	0.000000	0.294663
67	tsk_67	(x)	1	:	0.000000	0.000000	0.391918	0.000000	0.453788	0.000000	0.000000	0.000000	0.000000	0.154294
68	tsk_68	(x)	1	:	0.444968	0.000000	0.394517	0.000000	0.000000	0.000000	0.000000	0.000000	0.000000	0.160515
69	tsk_69	(x)	1	:	0.000000	0.000000	0.000000	0.000000	1.000000	0.000000	0.000000	0.000000	0.000000	0.000000
70	tsk_70	(x)	1	:	0.000000	0.000000	0.278532	0.000000	0.000000	0.000000	0.485357	0.000000	0.000000	0.236111
71	tsk_71	(x)	1	:	0.000000	0.000000	0.401611	0.415293	0.000000	0.000000	0.000000	0.000000	0.000000	0.183097
72	tsk_72	(x)	1	:	0.000000	0.000000	0.067813	0.415200	0.000000	0.000000	0.485242	0.000000	0.000000	0.031745
73	tsk_73	(x)	1	:	0.567326	0.000000	0.323617	0.000000	0.000000	0.000000	0.000000	0.000000	0.000000	0.109057
74	tsk_74	(x)	1	:	0.000000	0.000000	0.301146	0.000000	0.000000	0.000000	0.000000	0.000000	0.499667	0.199187
75	tsk_75	(x)	1	:	1.000000	0.000000	0.000000	0.000000	0.000000	0.000000	0.000000	0.000000	0.000000	0.000000
76	tsk_76	(x)	1	:	1.000000	0.000000	0.000000	0.000000	0.000000	0.000000	0.000000	0.000000	0.000000	0.000000
77	tsk_77	(x)	1	:	0.000000	0.000000	0.326953	0.000000	0.000000	0.000000	0.485357	0.000000	0.000000	0.187689
78	tsk_78	(x)	1	:	0.558449	0.000000	0.000003	0.000000	0.000000	0.000000	0.441547	0.000000	0.000000	0.000000
79	tsk_79	(x)	1	:	0.000000	0.000000	0.755763	0.000000	0.000000	0.000000	0.000000	0.000000	0.000000	0.244237
80	tsk_80	(x)	1	:	0.000000	0.000000	0.301643	0.000000	0.000000	0.000000	0.000000	0.000000	0.499620	0.198736
81	tsk_81	(x)	1	:	0.444968	0.000000	0.466121	0.000000	0.000000	0.000000	0.000000	0.000000	0.000000	0.088911
82	tsk_82	(x)	1	:	0.494492	0.000000	0.000000	0.000000	0.000000	0.000000	0.000000	0.000000	0.505508	0.000000
83	tsk_83	(x)	1	:	0.000000	0.000000	0.501335	0.000000	0.000000	0.000000	0.000000	0.000000	0.000000	0.498665
84	tsk_84	(x)	1	:	0.000000	0.000000	0.000000	0.000000	0.000000	0.000000	0.499667	0.000000	0.500333	0.000000
85	tsk_85	(x)	1	:	0.000000	0.000000	0.697592	0.000000	0.000000	0.000000	0.000000	0.000000	0.000000	0.302408
86	tsk_86	(x)	1	:	0.445846	0.000000	0.000000	0.000000	0.000000	0.553928	0.000000	0.000000	0.000000	0.000226
87	tsk_87	(x)	1	:	0.444968	0.000000	0.362823	0.000000	0.000000	0.000000	0.000000	0.000000	0.000000	0.192209
88	tsk_88	(x)	1	:	0.444960	0.000000	0.095869	0.415220	0.000000	0.000000	0.000000	0.000000	0.000000	0.043951
89	tsk_89	(x)	1	:	0.445847	0.000000	0.000000	0.000000	0.000000	0.553932	0.000000	0.000000	0.000000	0.000220
90	tsk_90	(x)	1	:	0.000000	0.000000	0.544198	0.000000	0.000000	0.000000	0.000000	0.000000	0.000000	0.455802
91	tsk_91	(x)	1	:	0.000000	0.000000	0.000000	0.000000	0.000000	0.000000	1.000000	0.000000	0.000000	0.000000
92	tsk_92	(x)	1	:	0.000000	0.502561	0.000000	0.000000	0.000000	0.000000	0.000000	0.000000	0.497439	0.000000
93	tsk_93	(x)	1	:	0.000000	0.000000	0.509108	0.000000	0.000000	0.000000	0.000000	0.000000	0.000000	0.490892
94	tsk_94	(x)	1	:	0.000000	0.000000	0.000000	0.000000	0.000000	0.000000	0.000000	0.000000	1.000000	0.000000
95	tsk_95	(x)	1	:	0.000000	0.000000	0.687988	0.000000	0.000000	0.000000	0.000000	0.000000	0.000000	0.312012
96	tsk_96	(x)	1	:	0.000000	0.000000	0.344760	0.000000	0.000000	0.000000	0.485357	0.000000	0.000000	0.169883
97	tsk_97	(x)	1	:	0.000000	0.000000	0.399119	0.000000	0.000000	0.000000	0.485357	0.000000	0.000000	0.115524
98	tsk_98	(x)	1	:	0.000000	0.000000	0.434991	0.000000	0.000000	0.000000	0.000000	0.000000	0.000000	0.565009
99	tsk_99	(x)	1	:	0.000000	0.000000	0.607239	0.000000	0.000000	0.000000	0.000000	0.000000	0.000000	0.392761
