logL = -229.140184 (converged)
AIC = 2194.280369
BIC = 4455.568090

count.K
1 8 12 7 5 14 5 48 

