logL = -767.857638 (converged)
AIC = 3711.715276
BIC = 6546.140438

count.K
40 7 6 3 17 17 6 1 3 

