logL = -705.364885 (converged)
AIC = 3226.729770
BIC = 5592.224299

count.K
6 12 3 15 20 14 26 4 

