logL = -514.759567 (converged)
AIC = 3079.519133
BIC = 5749.818574

count.K
12 9 3 6 7 4 30 5 24 

