logL = -504.667020 (converged)
AIC = 1559.334039
BIC = 2275.755841

count.K
3 38 59 

