logL = -161.854043 (converged)
AIC = 2443.708086
BIC = 5205.188483

count.K
1 6 27 2 7 18 0 6 3 30 

