logL = -1072.325624 (converged)
AIC = 4374.651249
BIC = 7279.416006

count.K
5 16 39 15 1 13 4 0 7 

