logL = -1239.661655 (converged)
AIC = 3343.323309
BIC = 4468.756830

count.K
20 8 41 31 

