logL = -967.788594 (converged)
AIC = 3535.577189
BIC = 5619.713337

count.K
12 15 19 5 46 3 

