logL = -674.438526 (converged)
AIC = 2368.877051
BIC = 3697.513846

count.K
10 25 25 13 27 

