logL = -852.806267 (converged)
AIC = 2577.612534
BIC = 3713.466735

count.K
18 16 28 38 

