logL = -681.007619 (converged)
AIC = 2178.015238
BIC = 3240.924674

count.K
22 40 20 18 

