logL = -1202.936410 (converged)
AIC = 2737.872820
BIC = 3170.331070

count.K
73 27 

