logL = -1113.483614 (converged)
AIC = 3916.967228
BIC = 6118.336035

count.K
23 36 1 1 8 16 15 

