logL = -986.404663 (converged)
AIC = 2588.809326
BIC = 3391.201744

count.K
65 5 30 

