logL = -1368.241334 (converged)
AIC = 3064.482667
BIC = 3491.730578

count.K
57 43 

