logL = -474.919947 (converged)
AIC = 1481.839895
BIC = 2174.815164

count.K
40 42 18 

