logL = -1624.947286 (converged)
AIC = 4429.894573
BIC = 5966.944982

count.K
35 13 3 19 30 

