logL = -680.358119 (converged)
AIC = 2882.716238
BIC = 4865.250750

count.K
21 10 9 18 29 1 12 

