logL = -656.064798 (converged)
AIC = 1826.129596
BIC = 2495.658334

count.K
51 20 29 

