logL = -990.120872 (converged)
AIC = 2536.241743
BIC = 3260.479055

count.K
54 26 20 

