logL = -482.037581 (converged)
AIC = 1550.075162
BIC = 2313.390026

count.K
5 81 14 

