logL = -1122.518809 (converged)
AIC = 2945.037617
BIC = 3856.847182

count.K
9 70 21 

