0	tsk_0	(x)	1	:	0.000000	0.000000	0.567611	0.432389	0.000000	0.000000	0.000000
1	tsk_1	(x)	1	:	0.000000	0.000000	1.000000	0.000000	0.000000	0.000000	0.000000
2	tsk_2	(x)	1	:	0.513599	0.000000	0.486399	0.000000	0.000000	0.000000	0.000002
3	tsk_3	(x)	1	:	0.518341	0.000000	0.000026	0.481624	0.000000	0.000000	0.000008
4	tsk_4	(x)	1	:	0.000000	0.000000	0.531328	0.468672	0.000000	0.000000	0.000000
5	tsk_5	(x)	1	:	0.000000	0.000000	1.000000	0.000000	0.000000	0.000000	0.000000
6	tsk_6	(x)	1	:	0.000000	0.000000	0.531328	0.468672	0.000000	0.000000	0.000000
7	tsk_7	(x)	1	:	1.000000	0.000000	0.000000	0.000000	0.000000	0.000000	0.000000
8	tsk_8	(x)	1	:	0.000000	0.000000	1.000000	0.000000	0.000000	0.000000	0.000000
9	tsk_9	(x)	1	:	0.488211	0.000000	0.497785	0.000000	0.000000	0.000000	0.014005
10	tsk_10	(x)	1	:	0.000000	0.000000	0.499541	0.000000	0.495094	0.000000	0.005365
11	tsk_11	(x)	1	:	0.000000	0.000000	0.000000	0.000000	0.496046	0.000000	0.503954
12	tsk_12	(x)	1	:	0.000000	0.000000	0.499548	0.000000	0.495113	0.000000	0.005339
13	tsk_13	(x)	1	:	0.000000	0.000000	0.499560	0.000000	0.495146	0.000000	0.005294
14	tsk_14	(x)	1	:	0.491023	0.000000	0.000000	0.000000	0.508976	0.000000	0.000000
15	tsk_15	(x)	1	:	1.000000	0.000000	0.000000	0.000000	0.000000	0.000000	0.000000
16	tsk_16	(x)	1	:	0.491023	0.000000	0.000000	0.000000	0.508976	0.000000	0.000000
17	tsk_17	(x)	1	:	1.000000	0.000000	0.000000	0.000000	0.000000	0.000000	0.000000
18	tsk_18	(x)	1	:	0.000000	0.000000	0.000000	0.000000	1.000000	0.000000	0.000000
19	tsk_19	(x)	1	:	0.488326	0.000000	0.000000	0.000000	0.000000	0.000000	0.511674
20	tsk_20	(x)	1	:	0.000000	0.000000	0.000002	0.999998	0.000000	0.000000	0.000000
21	tsk_21	(x)	1	:	0.000000	0.000000	0.588651	0.411349	0.000000	0.000000	0.000000
22	tsk_22	(x)	1	:	0.000000	0.000000	0.000255	0.999745	0.000000	0.000000	0.000000
23	tsk_23	(x)	1	:	0.000000	0.000000	0.516389	0.000000	0.000000	0.000000	0.483611
24	tsk_24	(x)	1	:	0.000000	0.000000	0.684339	0.315661	0.000000	0.000000	0.000000
25	tsk_25	(x)	1	:	0.000000	0.000000	0.553206	0.446794	0.000000	0.000000	0.000000
26	tsk_26	(x)	1	:	0.000000	0.000000	0.000255	0.999745	0.000000	0.000000	0.000000
27	tsk_27	(x)	1	:	0.000000	0.442816	0.000124	0.557061	0.000000	0.000000	0.000000
28	tsk_28	(x)	1	:	0.000000	0.000000	0.499889	0.000000	0.000000	0.000000	0.500111
29	tsk_29	(x)	1	:	0.000000	0.000000	0.030412	0.969588	0.000000	0.000000	0.000000
30	tsk_30	(x)	1	:	0.000000	0.000000	0.000144	0.490582	0.000000	0.000000	0.509274
31	tsk_31	(x)	1	:	0.000000	0.000000	0.000000	0.000000	0.496046	0.000000	0.503954
32	tsk_32	(x)	1	:	0.000000	0.000000	0.553206	0.446794	0.000000	0.000000	0.000000
33	tsk_33	(x)	1	:	0.000000	0.000000	0.000001	0.000069	0.000000	0.500428	0.499501
34	tsk_34	(x)	1	:	0.000000	0.000000	0.000001	0.000047	0.000000	0.500450	0.499501
35	tsk_35	(x)	1	:	0.000000	0.000000	0.000001	0.000068	0.000000	0.500430	0.499501
36	tsk_36	(x)	1	:	0.000000	0.000000	0.000002	0.999997	0.000000	0.000000	0.000000
37	tsk_37	(x)	1	:	0.000000	0.000000	0.000000	0.000000	0.000000	0.000000	1.000000
38	tsk_38	(x)	1	:	0.000000	0.000000	0.000172	0.490554	0.000000	0.000000	0.509273
39	tsk_39	(x)	1	:	0.000000	0.000000	0.000001	0.000039	0.000000	0.500459	0.499501
40	tsk_40	(x)	1	:	0.000000	0.000000	0.000001	0.000026	0.000000	0.500472	0.499501
41	tsk_41	(x)	1	:	0.000000	0.000000	0.030412	0.969587	0.000000	0.000000	0.000000
42	tsk_42	(x)	1	:	0.000000	0.000000	0.000000	0.000000	0.000000	0.000000	1.000000
43	tsk_43	(x)	1	:	0.000000	0.000002	0.000046	0.490569	0.495751	0.000001	0.013632
44	tsk_44	(x)	1	:	0.000000	0.507556	0.000000	0.000000	0.000000	0.000000	0.492444
45	tsk_45	(x)	1	:	0.000000	0.487841	0.000010	0.000000	0.000000	0.000001	0.512148
46	tsk_46	(x)	1	:	0.000000	0.000001	0.000136	0.490589	0.000000	0.000000	0.509274
47	tsk_47	(x)	1	:	0.000000	1.000000	0.000000	0.000000	0.000000	0.000000	0.000000
48	tsk_48	(x)	1	:	0.518338	0.000000	0.000131	0.481522	0.000000	0.000000	0.000008
49	tsk_49	(x)	1	:	0.000000	0.487849	0.000001	0.000000	0.496060	0.000006	0.016083
50	tsk_50	(x)	1	:	1.000000	0.000000	0.000000	0.000000	0.000000	0.000000	0.000000
51	tsk_51	(x)	1	:	0.000000	0.000000	0.000126	0.999874	0.000000	0.000000	0.000000
52	tsk_52	(x)	1	:	0.488075	0.000000	0.000000	0.000005	0.000000	0.500422	0.011499
53	tsk_53	(x)	1	:	0.488049	0.000000	0.000000	0.000017	0.000000	0.500402	0.011532
54	tsk_54	(x)	1	:	1.000000	0.000000	0.000000	0.000000	0.000000	0.000000	0.000000
55	tsk_55	(x)	1	:	0.488107	0.000000	0.000000	0.000017	0.000000	0.500419	0.011457
56	tsk_56	(x)	1	:	0.000000	0.000000	0.000126	0.999874	0.000000	0.000000	0.000000
57	tsk_57	(x)	1	:	0.511432	0.000000	0.000000	0.000009	0.000000	0.488558	0.000002
58	tsk_58	(x)	1	:	0.488072	0.000000	0.000000	0.000014	0.000000	0.500411	0.011502
59	tsk_59	(x)	1	:	0.000000	0.000000	0.000126	0.999874	0.000000	0.000000	0.000000
60	tsk_60	(x)	1	:	0.000000	0.000000	0.000000	1.000000	0.000000	0.000000	0.000000
61	tsk_61	(x)	1	:	0.000000	0.000000	0.000000	0.511531	0.000000	0.003327	0.485143
62	tsk_62	(x)	1	:	0.000000	0.000000	0.000000	0.511421	0.000000	0.003438	0.485141
63	tsk_63	(x)	1	:	0.000000	0.000000	0.000000	1.000000	0.000000	0.000000	0.000000
64	tsk_64	(x)	1	:	0.000000	0.000000	0.382262	0.617738	0.000000	0.000000	0.000000
65	tsk_65	(x)	1	:	0.000000	0.000000	0.499889	0.000000	0.000000	0.000000	0.500111
66	tsk_66	(x)	1	:	0.000000	0.000000	0.506096	0.493904	0.000000	0.000000	0.000000
67	tsk_67	(x)	1	:	0.000000	0.000000	0.382262	0.617738	0.000000	0.000000	0.000000
68	tsk_68	(x)	1	:	0.000000	0.000000	0.000000	0.506237	0.487718	0.005718	0.000327
69	tsk_69	(x)	1	:	0.000000	0.000000	0.000000	1.000000	0.000000	0.000000	0.000000
70	tsk_70	(x)	1	:	0.000000	0.000000	1.000000	0.000000	0.000000	0.000000	0.000000
71	tsk_71	(x)	1	:	0.000000	0.000000	0.499889	0.000000	0.000000	0.000000	0.500111
72	tsk_72	(x)	1	:	0.000000	0.000000	0.000002	0.999998	0.000000	0.000000	0.000000
73	tsk_73	(x)	1	:	0.000000	0.487839	0.000011	0.000000	0.000000	0.000003	0.512148
74	tsk_74	(x)	1	:	0.000000	0.000000	0.000001	0.000062	0.000000	0.500436	0.499501
75	tsk_75	(x)	1	:	0.000000	0.000000	0.499889	0.000000	0.000000	0.000000	0.500111
76	tsk_76	(x)	1	:	0.000000	0.000004	0.341006	0.000805	0.000000	0.134711	0.523473
77	tsk_77	(x)	1	:	0.000000	0.000000	0.000001	0.000064	0.000000	0.500434	0.499501
78	tsk_78	(x)	1	:	0.000000	0.000000	0.000002	0.000230	0.000000	0.500267	0.499501
79	tsk_79	(x)	1	:	0.000000	0.000000	0.553206	0.446794	0.000000	0.000000	0.000000
80	tsk_80	(x)	1	:	0.000000	0.234945	0.000000	0.765055	0.000000	0.000000	0.000000
81	tsk_81	(x)	1	:	0.482381	0.000000	0.000000	0.000000	0.000000	0.516686	0.000933
82	tsk_82	(x)	1	:	0.483200	0.201286	0.000000	0.000000	0.000000	0.313736	0.001778
83	tsk_83	(x)	1	:	0.000000	0.000000	0.553206	0.446794	0.000000	0.000000	0.000000
84	tsk_84	(x)	1	:	0.488178	0.000001	0.000107	0.490574	0.000000	0.000000	0.021140
85	tsk_85	(x)	1	:	0.000000	0.261670	0.000000	0.738330	0.000000	0.000000	0.000000
86	tsk_86	(x)	1	:	0.000000	0.000000	0.499529	0.000000	0.495060	0.000000	0.005412
87	tsk_87	(x)	1	:	0.488182	0.000001	0.000070	0.490611	0.000000	0.000001	0.021135
88	tsk_88	(x)	1	:	0.483224	0.201288	0.000000	0.000000	0.000000	0.313740	0.001747
89	tsk_89	(x)	1	:	0.488326	0.000000	0.000000	0.000000	0.000000	0.000000	0.511674
90	tsk_90	(x)	1	:	0.000000	0.000000	0.000000	0.000007	0.495034	0.500129	0.004829
91	tsk_91	(x)	1	:	0.000000	0.000000	0.000000	0.000000	1.000000	0.000000	0.000000
92	tsk_92	(x)	1	:	0.000000	0.000000	0.000000	0.000000	0.543664	0.000000	0.456336
93	tsk_93	(x)	1	:	0.000000	0.487852	0.000001	0.000000	0.496066	0.000006	0.016075
94	tsk_94	(x)	1	:	0.000000	0.000000	0.000000	0.000006	0.494975	0.500109	0.004909
95	tsk_95	(x)	1	:	0.000000	0.000000	0.000000	0.000000	1.000000	0.000000	0.000000
96	tsk_96	(x)	1	:	0.000000	0.000001	0.000086	0.490530	0.495749	0.000000	0.013633
97	tsk_97	(x)	1	:	0.000000	0.000000	0.000000	0.000000	1.000000	0.000000	0.000000
98	tsk_98	(x)	1	:	0.000000	0.000000	0.487380	0.000000	0.512616	0.000000	0.000005
99	tsk_99	(x)	1	:	0.000000	0.000000	0.000000	0.000000	0.496046	0.000000	0.503954
