logL = -260.114027 (converged)
AIC = 2720.228054
BIC = 5585.915258

count.K
7 2 34 13 3 13 5 3 1 19 

