logL = -552.674149 (converged)
AIC = 2857.348298
BIC = 5139.477381

count.K
22 9 10 19 4 15 14 7 

