logL = -971.621794 (converged)
AIC = 2541.243588
BIC = 3320.189474

count.K
31 60 9 

