0	tsk_0	(x)	1	:	0.000000	0.557568	0.000000	0.000000	0.000000	0.000000	0.442432
1	tsk_1	(x)	1	:	0.515913	0.000000	0.000000	0.000000	0.000000	0.000000	0.484087
2	tsk_2	(x)	1	:	0.000000	0.557569	0.000000	0.000009	0.000000	0.000000	0.442422
3	tsk_3	(x)	1	:	1.000000	0.000000	0.000000	0.000000	0.000000	0.000000	0.000000
4	tsk_4	(x)	1	:	0.515913	0.000000	0.000000	0.000000	0.000000	0.000000	0.484087
5	tsk_5	(x)	1	:	0.000000	0.557568	0.000000	0.000002	0.000000	0.000000	0.442430
6	tsk_6	(x)	1	:	0.000000	0.557568	0.000000	0.000000	0.000000	0.000000	0.442432
7	tsk_7	(x)	1	:	1.000000	0.000000	0.000000	0.000000	0.000000	0.000000	0.000000
8	tsk_8	(x)	1	:	1.000000	0.000000	0.000000	0.000000	0.000000	0.000000	0.000000
9	tsk_9	(x)	1	:	0.000000	0.000000	0.000000	0.000046	0.000000	0.000000	0.999954
10	tsk_10	(x)	1	:	0.000000	0.000000	0.000000	0.000000	0.663501	0.000000	0.336499
11	tsk_11	(x)	1	:	0.508077	0.000000	0.000013	0.000014	0.456043	0.000000	0.035854
12	tsk_12	(x)	1	:	0.508085	0.000000	0.000000	0.000001	0.456110	0.000000	0.035803
13	tsk_13	(x)	1	:	0.000000	0.000000	0.000000	0.000000	1.000000	0.000000	0.000000
14	tsk_14	(x)	1	:	0.000000	0.000000	0.000000	0.000000	1.000000	0.000000	0.000000
15	tsk_15	(x)	1	:	0.466640	0.000000	0.000000	0.000000	0.533360	0.000000	0.000000
16	tsk_16	(x)	1	:	0.000000	0.000000	0.000000	0.000000	1.000000	0.000000	0.000000
17	tsk_17	(x)	1	:	0.000000	0.000000	0.000000	0.000000	1.000000	0.000000	0.000000
18	tsk_18	(x)	1	:	0.000000	0.000000	0.000000	0.409774	0.590226	0.000000	0.000000
19	tsk_19	(x)	1	:	0.508077	0.000000	0.000000	0.000003	0.456073	0.000000	0.035847
20	tsk_20	(x)	1	:	0.436133	0.000000	0.000000	0.000000	0.457020	0.000000	0.106848
21	tsk_21	(x)	1	:	0.436132	0.000000	0.000000	0.000000	0.457018	0.000000	0.106850
22	tsk_22	(x)	1	:	0.000000	0.000000	0.000000	0.000000	1.000000	0.000000	0.000000
23	tsk_23	(x)	1	:	0.000000	0.451931	0.000000	0.000000	0.548064	0.000005	0.000000
24	tsk_24	(x)	1	:	0.000000	0.341930	0.000000	0.000000	0.000000	0.658070	0.000000
25	tsk_25	(x)	1	:	0.000000	0.000000	0.000000	0.000011	0.459480	0.000000	0.540508
26	tsk_26	(x)	1	:	0.000000	0.000000	0.000000	0.000012	0.459475	0.000000	0.540512
27	tsk_27	(x)	1	:	0.436133	0.000000	0.000000	0.000001	0.457021	0.000000	0.106845
28	tsk_28	(x)	1	:	0.436132	0.000000	0.000000	0.000002	0.457018	0.000000	0.106848
29	tsk_29	(x)	1	:	0.000000	0.000000	0.000000	0.525945	0.000000	0.000000	0.474055
30	tsk_30	(x)	1	:	0.000000	0.000000	0.000000	0.000027	0.000000	0.000000	0.999973
31	tsk_31	(x)	1	:	0.000000	0.000000	0.000000	0.000006	0.663513	0.000000	0.336481
32	tsk_32	(x)	1	:	0.000000	0.000000	0.000000	0.000005	0.663511	0.000000	0.336484
33	tsk_33	(x)	1	:	0.508732	0.000000	0.000000	0.000000	0.000000	0.000000	0.491268
34	tsk_34	(x)	1	:	0.000000	0.000000	0.000000	0.000031	0.000000	0.000000	0.999968
35	tsk_35	(x)	1	:	0.000000	0.000000	0.000000	0.000048	0.000000	0.000000	0.999952
36	tsk_36	(x)	1	:	0.000000	0.000000	0.000000	0.000042	0.000000	0.000000	0.999958
37	tsk_37	(x)	1	:	0.000000	0.000000	0.000000	0.000007	0.459485	0.000000	0.540507
38	tsk_38	(x)	1	:	0.000000	0.000000	0.000000	0.000034	0.000000	0.000000	0.999966
39	tsk_39	(x)	1	:	0.000000	0.000000	0.000000	0.000048	0.000000	0.000000	0.999952
40	tsk_40	(x)	1	:	0.000000	0.495530	0.000000	0.000011	0.000000	0.000000	0.504459
41	tsk_41	(x)	1	:	0.000000	0.000000	0.000000	0.530922	0.466048	0.000000	0.003031
42	tsk_42	(x)	1	:	0.000000	0.495529	0.000000	0.000004	0.000000	0.000000	0.504467
43	tsk_43	(x)	1	:	0.515914	0.000000	0.000000	0.000003	0.000000	0.000000	0.484082
44	tsk_44	(x)	1	:	0.000000	0.435211	0.000000	0.000000	0.000000	0.564789	0.000000
45	tsk_45	(x)	1	:	0.000000	0.000000	0.000000	0.000000	1.000000	0.000000	0.000000
46	tsk_46	(x)	1	:	0.000000	0.000000	0.000000	0.000048	0.000000	0.000000	0.999952
47	tsk_47	(x)	1	:	0.000000	0.491726	0.000000	0.508264	0.000000	0.000005	0.000005
48	tsk_48	(x)	1	:	0.000000	0.999870	0.000000	0.000000	0.000000	0.000130	0.000000
49	tsk_49	(x)	1	:	0.000000	0.000000	0.000000	0.530709	0.465845	0.000000	0.003446
50	tsk_50	(x)	1	:	0.515913	0.000000	0.000000	0.000000	0.000000	0.000000	0.484087
51	tsk_51	(x)	1	:	0.508927	0.000000	0.000000	0.000000	0.000000	0.491073	0.000000
52	tsk_52	(x)	1	:	1.000000	0.000000	0.000000	0.000000	0.000000	0.000000	0.000000
53	tsk_53	(x)	1	:	0.000000	0.003322	0.000000	0.000000	0.000000	0.479448	0.517229
54	tsk_54	(x)	1	:	0.000000	0.000000	0.000000	0.000006	0.663514	0.000000	0.336480
55	tsk_55	(x)	1	:	0.515913	0.000000	0.000000	0.000000	0.000000	0.000000	0.484087
56	tsk_56	(x)	1	:	0.502747	0.000000	0.000000	0.000000	0.000000	0.497253	0.000000
57	tsk_57	(x)	1	:	1.000000	0.000000	0.000000	0.000000	0.000000	0.000000	0.000000
58	tsk_58	(x)	1	:	0.515913	0.000000	0.000000	0.000000	0.000000	0.000000	0.484086
59	tsk_59	(x)	1	:	0.000000	0.000000	0.000000	0.000027	0.000000	0.000000	0.999973
60	tsk_60	(x)	1	:	0.000000	0.000000	1.000000	0.000000	0.000000	0.000000	0.000000
61	tsk_61	(x)	1	:	0.508733	0.000000	0.000000	0.000005	0.000000	0.000000	0.491261
62	tsk_62	(x)	1	:	0.000000	0.000000	0.000000	0.000000	0.000000	0.000000	1.000000
63	tsk_63	(x)	1	:	0.000000	0.004023	0.000000	0.000000	0.000000	0.478828	0.517149
64	tsk_64	(x)	1	:	0.512569	0.487431	0.000000	0.000000	0.000000	0.000000	0.000000
65	tsk_65	(x)	1	:	0.000000	0.000000	0.431733	0.000006	0.032571	0.000000	0.535690
66	tsk_66	(x)	1	:	0.000000	0.000000	1.000000	0.000000	0.000000	0.000000	0.000000
67	tsk_67	(x)	1	:	0.000000	0.000000	0.431471	0.000003	0.033113	0.000000	0.535412
68	tsk_68	(x)	1	:	0.000000	0.000000	0.000000	0.000024	0.000000	0.000000	0.999976
69	tsk_69	(x)	1	:	0.000000	0.000000	0.431743	0.000006	0.032551	0.000000	0.535701
70	tsk_70	(x)	1	:	0.000000	0.000000	0.000000	0.000000	1.000000	0.000000	0.000000
71	tsk_71	(x)	1	:	0.000000	0.435194	0.000000	0.000000	0.000000	0.564806	0.000000
72	tsk_72	(x)	1	:	0.000000	0.491723	0.000000	0.508261	0.000000	0.000007	0.000009
73	tsk_73	(x)	1	:	0.000000	0.494865	0.000000	0.000000	0.456535	0.000001	0.048599
74	tsk_74	(x)	1	:	0.000000	0.342402	0.000000	0.000000	0.000000	0.657598	0.000000
75	tsk_75	(x)	1	:	0.000000	0.491725	0.000000	0.508263	0.000000	0.000006	0.000006
76	tsk_76	(x)	1	:	0.000000	0.000000	0.000000	0.511855	0.488145	0.000000	0.000000
77	tsk_77	(x)	1	:	0.000000	0.000006	0.000000	0.499146	0.000000	0.500364	0.000484
78	tsk_78	(x)	1	:	0.000000	0.491722	0.000000	0.508262	0.000000	0.000008	0.000008
79	tsk_79	(x)	1	:	0.000000	0.491729	0.000000	0.508265	0.000000	0.000003	0.000004
80	tsk_80	(x)	1	:	0.000000	0.000040	0.000000	0.000000	0.407928	0.491004	0.101028
81	tsk_81	(x)	1	:	0.000000	0.341718	0.000000	0.000000	0.000000	0.658282	0.000000
82	tsk_82	(x)	1	:	0.000000	0.000000	0.000000	0.000000	0.000000	0.551008	0.448992
83	tsk_83	(x)	1	:	0.458653	0.000000	0.000000	0.000000	0.000000	0.541347	0.000000
84	tsk_84	(x)	1	:	0.503091	0.000000	0.000000	0.496909	0.000000	0.000000	0.000000
85	tsk_85	(x)	1	:	0.508733	0.000000	0.000000	0.000000	0.000000	0.000000	0.491267
86	tsk_86	(x)	1	:	0.456175	0.000000	0.000000	0.000000	0.000000	0.000000	0.543825
87	tsk_87	(x)	1	:	0.000000	0.000007	0.000000	0.499350	0.000000	0.500414	0.000229
88	tsk_88	(x)	1	:	0.000000	0.000000	0.000000	0.000012	0.459478	0.000000	0.540510
89	tsk_89	(x)	1	:	0.502747	0.000000	0.000000	0.000000	0.000000	0.497253	0.000000
90	tsk_90	(x)	1	:	0.000000	0.000000	0.000000	0.000012	0.459480	0.000000	0.540509
91	tsk_91	(x)	1	:	0.000000	0.000000	0.000000	0.000000	0.000000	0.000000	1.000000
92	tsk_92	(x)	1	:	0.000000	0.000032	0.000000	0.000000	0.407931	0.491011	0.101026
93	tsk_93	(x)	1	:	0.000000	0.000000	0.000000	0.000000	0.300920	0.000000	0.699079
94	tsk_94	(x)	1	:	0.000000	0.000000	0.000000	0.000000	1.000000	0.000000	0.000000
95	tsk_95	(x)	1	:	0.000000	0.000000	0.000000	0.000000	0.000000	0.000000	1.000000
96	tsk_96	(x)	1	:	0.000000	0.000000	0.000000	0.000000	0.000000	0.000000	1.000000
97	tsk_97	(x)	1	:	0.000000	0.000000	0.319791	0.000000	0.680209	0.000000	0.000000
98	tsk_98	(x)	1	:	0.000000	0.000000	0.000000	0.000011	0.459480	0.000000	0.540509
99	tsk_99	(x)	1	:	0.000000	0.000000	0.308101	0.000000	0.000000	0.000000	0.691899
