logL = -1261.723151 (converged)
AIC = 3133.446303
BIC = 3928.023210

count.K
14 28 58 

