logL = -684.227693 (converged)
AIC = 3472.455386
BIC = 6213.094422

count.K
20 21 7 8 1 8 14 7 14 

