logL = -923.923951 (converged)
AIC = 2711.847902
BIC = 3837.281422

count.K
43 29 25 3 

