logL = -549.228128 (converged)
AIC = 3438.456256
BIC = 6486.505373

count.K
49 15 3 5 3 4 12 3 0 6 

