logL = -590.040271 (converged)
AIC = 2948.080542
BIC = 5251.050987

count.K
15 18 13 6 20 13 8 7 

