logL = -578.049410 (converged)
AIC = 3116.098819
BIC = 5669.165601

count.K
12 3 8 8 0 3 26 32 8 

