logL = -691.566131 (converged)
AIC = 2719.132263
BIC = 4459.385947

count.K
31 3 41 7 6 12 

