logL = -553.906478 (converged)
AIC = 3447.812957
BIC = 6495.862074

count.K
9 13 9 7 23 10 23 0 3 3 

