logL = -1078.398349 (converged)
AIC = 2460.796697
BIC = 2856.782565

count.K
42 58 

