logL = -1149.017867 (converged)
AIC = 2630.035735
BIC = 3062.493986

count.K
60 40 

