logL = -710.053446 (converged)
AIC = 3488.106892
BIC = 6181.852864

count.K
4 16 16 8 1 15 5 30 5 

