logL = -434.276386 (converged)
AIC = 2864.552771
BIC = 5464.512617

count.K
14 3 17 17 16 14 17 2 0 

