logL = -605.028836 (converged)
AIC = 2718.057672
BIC = 4682.355992

count.K
10 21 2 21 17 23 6 

