logL = -270.199490 (converged)
AIC = 2780.398979
BIC = 5698.189588

count.K
8 7 2 5 40 3 6 9 14 6 

