logL = -1010.358878 (converged)
AIC = 2876.717756
BIC = 3991.730595

count.K
38 18 26 18 

