logL = -959.508029 (converged)
AIC = 3651.016058
BIC = 5907.093439

count.K
11 3 16 22 24 23 1 

