logL = -546.027029 (converged)
AIC = 2892.054058
BIC = 5236.707226

count.K
4 13 5 5 40 15 12 6 

