logL = -567.708755 (converged)
AIC = 1637.417510
BIC = 2291.315226

count.K
45 10 45 

