logL = -371.279158 (converged)
AIC = 2684.558317
BIC = 5214.178567

count.K
11 13 2 29 0 5 12 24 4 

