0	tsk_0	(x)	1	:	0.000000	0.504737	0.044397	0.000000	0.000000	0.000000	0.450866	0.000000	0.000000
1	tsk_1	(x)	1	:	0.000000	0.507168	0.492832	0.000000	0.000000	0.000000	0.000000	0.000000	0.000000
2	tsk_2	(x)	1	:	0.000000	0.000000	0.000431	0.492044	0.499517	0.000000	0.000000	0.008008	0.000000
3	tsk_3	(x)	1	:	0.000000	0.490735	0.007278	0.496689	0.000000	0.000000	0.000000	0.005297	0.000000
4	tsk_4	(x)	1	:	0.000000	0.507168	0.492832	0.000000	0.000000	0.000000	0.000000	0.000000	0.000000
5	tsk_5	(x)	1	:	0.000000	0.507168	0.492832	0.000000	0.000000	0.000000	0.000000	0.000000	0.000000
6	tsk_6	(x)	1	:	0.000000	0.491085	0.007122	0.497426	0.000000	0.000000	0.000000	0.004367	0.000000
7	tsk_7	(x)	1	:	0.000000	1.000000	0.000000	0.000000	0.000000	0.000000	0.000000	0.000000	0.000000
8	tsk_8	(x)	1	:	0.000000	0.490682	0.006481	0.494898	0.000000	0.000000	0.000000	0.007939	0.000000
9	tsk_9	(x)	1	:	0.000000	0.490837	0.006303	0.495005	0.000000	0.000000	0.000000	0.007854	0.000000
10	tsk_10	(x)	1	:	0.303001	0.000000	0.000000	0.000000	0.696999	0.000000	0.000000	0.000000	0.000000
11	tsk_11	(x)	1	:	0.000000	0.000000	0.000000	0.000000	0.479664	0.000000	0.000000	0.000000	0.520336
12	tsk_12	(x)	1	:	0.303000	0.000000	0.000000	0.000000	0.696999	0.000000	0.000000	0.000000	0.000000
13	tsk_13	(x)	1	:	0.393752	0.000000	0.000000	0.000000	0.606248	0.000000	0.000000	0.000000	0.000000
14	tsk_14	(x)	1	:	0.000000	0.000000	0.000414	0.492035	0.499519	0.000000	0.000000	0.008032	0.000000
15	tsk_15	(x)	1	:	0.000000	0.000000	0.000000	0.000000	0.479679	0.000000	0.000000	0.000000	0.520321
16	tsk_16	(x)	1	:	0.000000	0.000000	0.000000	0.000000	0.000000	0.000000	0.000000	0.000000	1.000000
17	tsk_17	(x)	1	:	0.303001	0.000000	0.000000	0.000000	0.696999	0.000000	0.000000	0.000000	0.000000
18	tsk_18	(x)	1	:	0.000000	0.000000	0.000000	0.000000	0.510538	0.000000	0.489462	0.000000	0.000000
19	tsk_19	(x)	1	:	0.000000	0.000000	0.000000	0.000000	1.000000	0.000000	0.000000	0.000000	0.000000
20	tsk_20	(x)	1	:	0.000000	0.000000	0.002146	0.000000	0.000000	0.498677	0.000000	0.499177	0.000000
21	tsk_21	(x)	1	:	0.000000	0.000000	0.001921	0.000000	0.000000	0.498702	0.000000	0.499377	0.000000
22	tsk_22	(x)	1	:	0.000000	0.000000	0.000000	0.000000	0.000000	1.000000	0.000000	0.000000	0.000000
23	tsk_23	(x)	1	:	0.000000	0.000000	0.000000	0.000000	0.000000	1.000000	0.000000	0.000000	0.000000
24	tsk_24	(x)	1	:	0.000000	0.000000	0.000000	0.000000	0.000000	0.000000	0.000000	1.000000	0.000000
25	tsk_25	(x)	1	:	0.000000	0.000000	0.002152	0.000000	0.000000	0.498676	0.000000	0.499172	0.000000
26	tsk_26	(x)	1	:	0.000000	0.000000	0.500159	0.000000	0.000003	0.499838	0.000000	0.000000	0.000000
27	tsk_27	(x)	1	:	0.000000	0.000000	0.000000	0.500001	0.000000	0.000000	0.000000	0.499999	0.000000
28	tsk_28	(x)	1	:	0.000000	0.000000	0.002309	0.000000	0.000000	0.498659	0.000000	0.499031	0.000000
29	tsk_29	(x)	1	:	0.000000	0.000000	0.488899	0.494747	0.000000	0.000000	0.000000	0.016353	0.000000
30	tsk_30	(x)	1	:	0.000000	0.000000	0.000000	0.000000	1.000000	0.000000	0.000000	0.000000	0.000000
31	tsk_31	(x)	1	:	0.000000	0.000000	0.500159	0.000000	0.000000	0.499841	0.000000	0.000000	0.000000
32	tsk_32	(x)	1	:	0.000000	0.000000	0.000000	0.000000	1.000000	0.000000	0.000000	0.000000	0.000000
33	tsk_33	(x)	1	:	0.000000	0.000000	0.498935	0.000000	0.501065	0.000000	0.000000	0.000000	0.000000
34	tsk_34	(x)	1	:	0.000000	0.000000	0.000000	0.000000	1.000000	0.000000	0.000000	0.000000	0.000000
35	tsk_35	(x)	1	:	0.000000	0.493324	0.006470	0.000000	0.500206	0.000000	0.000000	0.000000	0.000000
36	tsk_36	(x)	1	:	0.000000	0.000000	0.000000	0.000000	0.000000	1.000000	0.000000	0.000000	0.000000
37	tsk_37	(x)	1	:	0.000000	0.000000	1.000000	0.000000	0.000000	0.000000	0.000000	0.000000	0.000000
38	tsk_38	(x)	1	:	0.000000	0.000000	0.000000	0.000000	0.509782	0.490218	0.000000	0.000000	0.000000
39	tsk_39	(x)	1	:	0.000000	0.000000	1.000000	0.000000	0.000000	0.000000	0.000000	0.000000	0.000000
40	tsk_40	(x)	1	:	0.000000	0.000000	0.103836	0.000000	0.471766	0.000000	0.424398	0.000000	0.000000
41	tsk_41	(x)	1	:	0.000000	0.000000	0.000000	0.000000	1.000000	0.000000	0.000000	0.000000	0.000000
42	tsk_42	(x)	1	:	0.000000	0.000000	0.000000	0.000000	1.000000	0.000000	0.000000	0.000000	0.000000
43	tsk_43	(x)	1	:	0.000000	0.000000	0.000000	0.500000	0.000000	0.000000	0.000000	0.500000	0.000000
44	tsk_44	(x)	1	:	0.000000	0.000000	0.002078	0.000000	0.499773	0.000000	0.000000	0.498149	0.000000
45	tsk_45	(x)	1	:	0.000000	0.000000	0.000417	0.491963	0.499514	0.000000	0.000000	0.008105	0.000000
46	tsk_46	(x)	1	:	0.000000	0.000000	0.000000	0.000000	1.000000	0.000000	0.000000	0.000000	0.000000
47	tsk_47	(x)	1	:	0.000000	0.000000	0.000000	1.000000	0.000000	0.000000	0.000000	0.000000	0.000000
48	tsk_48	(x)	1	:	0.000000	0.000000	0.000000	0.000000	0.000000	0.000000	1.000000	0.000000	0.000000
49	tsk_49	(x)	1	:	0.000000	0.000000	0.035690	0.493455	0.000000	0.000000	0.452348	0.018507	0.000000
50	tsk_50	(x)	1	:	0.000000	0.000000	0.000000	0.000000	0.510538	0.000000	0.489462	0.000000	0.000000
51	tsk_51	(x)	1	:	0.000000	0.000000	0.000000	0.000000	0.405703	0.594297	0.000000	0.000000	0.000000
52	tsk_52	(x)	1	:	0.000000	0.000000	0.000390	0.492058	0.000000	0.498435	0.000000	0.009117	0.000000
53	tsk_53	(x)	1	:	0.000000	0.000000	0.000000	0.000000	0.000000	0.000000	1.000000	0.000000	0.000000
54	tsk_54	(x)	1	:	0.000000	0.000000	0.000384	0.491823	0.499510	0.000000	0.000000	0.008282	0.000000
55	tsk_55	(x)	1	:	0.000000	0.000000	0.000000	1.000000	0.000000	0.000000	0.000000	0.000000	0.000000
56	tsk_56	(x)	1	:	0.000000	0.000000	0.000010	0.000000	0.000000	0.000000	0.999990	0.000000	0.000000
57	tsk_57	(x)	1	:	0.000000	0.000000	0.000000	0.000000	0.000000	0.509319	0.490681	0.000000	0.000000
58	tsk_58	(x)	1	:	0.000000	0.000000	0.000429	0.491918	0.000000	0.498424	0.000000	0.009230	0.000000
59	tsk_59	(x)	1	:	0.000000	0.000000	0.000000	0.000000	0.000000	0.000000	1.000000	0.000000	0.000000
60	tsk_60	(x)	1	:	0.000000	0.000000	0.000000	1.000000	0.000000	0.000000	0.000000	0.000000	0.000000
61	tsk_61	(x)	1	:	0.000000	0.490892	0.008702	0.000001	0.000000	0.000000	0.000000	0.500405	0.000000
62	tsk_62	(x)	1	:	0.000000	0.000000	0.491495	0.000000	0.000000	0.000000	0.000000	0.508505	0.000000
63	tsk_63	(x)	1	:	0.000000	0.000000	0.000000	0.500000	0.000000	0.000000	0.000000	0.500000	0.000000
64	tsk_64	(x)	1	:	0.000000	0.000000	0.000000	0.500000	0.000000	0.000000	0.000000	0.500000	0.000000
65	tsk_65	(x)	1	:	0.000000	0.000000	0.000000	1.000000	0.000000	0.000000	0.000000	0.000000	0.000000
66	tsk_66	(x)	1	:	0.000000	0.491513	0.007778	0.000001	0.000000	0.000000	0.000000	0.500709	0.000000
67	tsk_67	(x)	1	:	0.000000	0.490753	0.008780	0.000000	0.000000	0.000000	0.500466	0.000000	0.000000
68	tsk_68	(x)	1	:	0.000000	0.491390	0.005380	0.494795	0.000000	0.000000	0.000000	0.008434	0.000000
69	tsk_69	(x)	1	:	0.000000	0.000000	0.003908	0.000001	0.000000	0.000000	0.497931	0.498161	0.000000
70	tsk_70	(x)	1	:	0.000000	0.000000	0.000444	0.492348	0.499532	0.000000	0.000000	0.007676	0.000000
71	tsk_71	(x)	1	:	0.393754	0.000000	0.000000	0.000000	0.606246	0.000000	0.000000	0.000000	0.000000
72	tsk_72	(x)	1	:	0.000000	0.000000	0.000000	0.000000	1.000000	0.000000	0.000000	0.000000	0.000000
73	tsk_73	(x)	1	:	0.488619	0.000000	0.000555	0.501238	0.000166	0.000000	0.000000	0.009422	0.000000
74	tsk_74	(x)	1	:	0.393752	0.000000	0.000000	0.000000	0.606248	0.000000	0.000000	0.000000	0.000000
75	tsk_75	(x)	1	:	0.000000	0.000000	0.000448	0.492067	0.499516	0.000000	0.000000	0.007968	0.000000
76	tsk_76	(x)	1	:	0.000000	0.000000	0.000288	0.491519	0.499505	0.000000	0.000000	0.008689	0.000000
77	tsk_77	(x)	1	:	0.000000	0.000000	0.226868	0.000000	0.485029	0.000000	0.288103	0.000000	0.000000
78	tsk_78	(x)	1	:	0.000000	0.000000	0.488384	0.493696	0.000000	0.000000	0.000000	0.017920	0.000000
79	tsk_79	(x)	1	:	1.000000	0.000000	0.000000	0.000000	0.000000	0.000000	0.000000	0.000000	0.000000
80	tsk_80	(x)	1	:	0.000000	0.514005	0.000000	0.000000	0.485995	0.000000	0.000000	0.000000	0.000000
81	tsk_81	(x)	1	:	0.000000	0.000000	0.000288	0.491197	0.499487	0.000000	0.000000	0.009028	0.000000
82	tsk_82	(x)	1	:	0.000000	0.493098	0.006710	0.000000	0.500193	0.000000	0.000000	0.000000	0.000000
83	tsk_83	(x)	1	:	0.000000	0.000000	0.001910	0.000000	0.499791	0.000000	0.000000	0.498298	0.000000
84	tsk_84	(x)	1	:	0.000000	0.490823	0.008805	0.000001	0.000000	0.000000	0.000000	0.500371	0.000000
85	tsk_85	(x)	1	:	0.000000	0.000000	0.001915	0.000000	0.499790	0.000000	0.000000	0.498294	0.000000
86	tsk_86	(x)	1	:	0.000000	0.490414	0.009416	0.000006	0.000000	0.000000	0.000000	0.500164	0.000000
87	tsk_87	(x)	1	:	0.000000	0.492888	0.006932	0.000000	0.500180	0.000000	0.000000	0.000000	0.000000
88	tsk_88	(x)	1	:	0.000000	1.000000	0.000000	0.000000	0.000000	0.000000	0.000000	0.000000	0.000000
89	tsk_89	(x)	1	:	0.000000	1.000000	0.000000	0.000000	0.000000	0.000000	0.000000	0.000000	0.000000
90	tsk_90	(x)	1	:	0.000000	0.000000	0.001917	0.000000	0.000000	0.498702	0.000000	0.499381	0.000000
91	tsk_91	(x)	1	:	0.000000	0.000000	0.569031	0.430969	0.000000	0.000000	0.000000	0.000000	0.000000
92	tsk_92	(x)	1	:	0.000000	0.000000	0.000000	0.000000	0.000000	1.000000	0.000000	0.000000	0.000000
93	tsk_93	(x)	1	:	0.000000	0.000000	0.000000	0.000000	0.000000	1.000000	0.000000	0.000000	0.000000
94	tsk_94	(x)	1	:	0.000000	0.000000	0.000000	0.000000	0.000000	0.000000	0.000000	1.000000	0.000000
95	tsk_95	(x)	1	:	0.000000	0.493801	0.007186	0.000000	0.000000	0.499013	0.000000	0.000000	0.000000
96	tsk_96	(x)	1	:	0.000000	0.000000	0.000000	0.000000	0.509782	0.490218	0.000000	0.000000	0.000000
97	tsk_97	(x)	1	:	0.000000	0.000000	0.001797	0.493156	0.000000	0.000000	0.497239	0.007808	0.000000
98	tsk_98	(x)	1	:	0.000000	0.493841	0.007143	0.000000	0.000000	0.499016	0.000000	0.000000	0.000000
99	tsk_99	(x)	1	:	0.000000	0.000000	0.002242	0.000000	0.000000	0.498667	0.000000	0.499091	0.000000
