logL = -1056.239687 (converged)
AIC = 2436.479373
BIC = 2858.516943

count.K
70 30 

