logL = -344.228994 (converged)
AIC = 2630.457988
BIC = 5160.078239

count.K
1 12 4 5 20 13 3 32 10 

