logL = -216.244672 (converged)
AIC = 2572.489343
BIC = 5360.021442

count.K
7 1 31 15 8 4 8 1 23 2 

