logL = -256.650082 (converged)
AIC = 2693.300165
BIC = 5532.935668

count.K
0 9 12 5 17 4 12 9 20 12 

