logL = -699.572791 (converged)
AIC = 3485.145582
BIC = 6202.338086

count.K
1 45 6 4 1 11 4 2 26 

