logL = -894.400070 (converged)
AIC = 3478.800140
BIC = 5680.168947

count.K
35 1 14 8 9 8 25 

