logL = -812.624556 (converged)
AIC = 2675.249112
BIC = 4042.963459

count.K
19 48 2 22 9 

