logL = -571.274003 (converged)
AIC = 1886.548006
BIC = 2855.671315

count.K
24 29 24 23 

