logL = -1233.962475 (converged)
AIC = 4555.924951
BIC = 7275.722625

count.K
13 14 3 35 4 2 3 26 

