logL = -1204.734329 (converged)
AIC = 3539.468657
BIC = 5011.389813

count.K
10 33 31 20 6 

