logL = -419.037164 (converged)
AIC = 2816.074328
BIC = 5392.587642

count.K
20 1 15 2 0 2 38 3 19 

