logL = -517.332973 (converged)
AIC = 2084.665947
BIC = 3452.380294

count.K
27 40 5 17 11 

