logL = -682.155972 (converged)
AIC = 3180.311945
BIC = 5545.806474

count.K
7 3 18 14 11 10 20 17 

