logL = -397.116517 (converged)
AIC = 2232.233034
BIC = 4105.350397

count.K
9 6 7 40 22 15 1 

