logL = -341.238276 (converged)
AIC = 1682.476551
BIC = 2985.061644

count.K
10 15 27 24 24 

