logL = -604.404231 (converged)
AIC = 3548.808462
BIC = 6596.857580

count.K
18 9 2 4 12 13 4 12 11 15 

