logL = -494.967621 (converged)
AIC = 1257.935242
BIC = 1607.028047

count.K
74 26 

