logL = -259.993746 (converged)
AIC = 1255.987492
BIC = 2214.690120

count.K
13 4 2 81 

