logL = -1284.980246 (converged)
AIC = 4961.960493
BIC = 8077.744035

count.K
3 2 6 9 10 17 12 21 20 

