logL = -651.733006 (converged)
AIC = 2087.466012
BIC = 3108.692725

count.K
29 39 12 20 

