logL = -498.719151 (converged)
AIC = 3337.438302
BIC = 6385.487420

count.K
29 23 3 16 0 13 4 7 1 4 

