logL = -873.796003 (converged)
AIC = 4547.592005
BIC = 8194.830266

count.K
19 2 5 24 15 15 5 5 3 7 

