logL = -733.386182 (converged)
AIC = 3534.772363
BIC = 6228.518336

count.K
19 4 0 19 28 7 0 17 6 

