0	tsk_0	(x)	1	:	0.000000	0.339579	0.333781	0.000000	0.000000	0.000001	0.000000	0.326639
1	tsk_1	(x)	1	:	0.000000	0.000033	0.000000	0.000000	0.001503	0.998448	0.000000	0.000016
2	tsk_2	(x)	1	:	0.499827	0.000000	0.000000	0.000000	0.000000	0.000000	0.000000	0.500173
3	tsk_3	(x)	1	:	0.000000	0.164977	0.000000	0.000000	0.620572	0.000000	0.000000	0.214450
4	tsk_4	(x)	1	:	0.000000	0.443343	0.000000	0.000000	0.390909	0.000000	0.000000	0.165748
5	tsk_5	(x)	1	:	0.000000	0.442502	0.000000	0.000000	0.000000	0.000000	0.000000	0.557498
6	tsk_6	(x)	1	:	0.000000	0.456277	0.000000	0.506484	0.000000	0.000000	0.000000	0.037238
7	tsk_7	(x)	1	:	0.000000	0.301000	0.000000	0.000000	0.295902	0.000000	0.000000	0.403097
8	tsk_8	(x)	1	:	0.000000	0.504741	0.000000	0.000000	0.000000	0.000000	0.000000	0.495259
9	tsk_9	(x)	1	:	0.000000	0.211245	0.000000	0.000000	0.000000	0.000000	0.000000	0.788755
10	tsk_10	(x)	1	:	0.000000	0.535285	0.000000	0.000000	0.000000	0.000000	0.000000	0.464715
11	tsk_11	(x)	1	:	0.000000	0.418865	0.000000	0.000000	0.000000	0.000000	0.000000	0.581135
12	tsk_12	(x)	1	:	0.000000	0.406083	0.000000	0.486514	0.000000	0.000000	0.000000	0.107403
13	tsk_13	(x)	1	:	0.000000	0.317627	0.000000	0.000000	0.000000	0.000000	0.000000	0.682373
14	tsk_14	(x)	1	:	0.000000	0.309545	0.000000	0.000000	0.000000	0.000000	0.000000	0.690455
15	tsk_15	(x)	1	:	0.000000	0.471285	0.000000	0.000000	0.000000	0.000000	0.000000	0.528715
16	tsk_16	(x)	1	:	0.499829	0.004290	0.000000	0.000000	0.000000	0.000000	0.000000	0.495881
17	tsk_17	(x)	1	:	0.000000	0.510147	0.000000	0.000000	0.000000	0.000000	0.000000	0.489853
18	tsk_18	(x)	1	:	0.000000	0.336794	0.000000	0.486514	0.000000	0.000000	0.000000	0.176692
19	tsk_19	(x)	1	:	0.000000	0.516136	0.000000	0.000000	0.000000	0.000000	0.000000	0.483864
20	tsk_20	(x)	1	:	0.499829	0.080421	0.000000	0.000000	0.000000	0.000000	0.000000	0.419750
21	tsk_21	(x)	1	:	0.499829	0.139553	0.000000	0.000000	0.000000	0.000000	0.000000	0.360618
22	tsk_22	(x)	1	:	0.499826	0.037277	0.000000	0.000000	0.295872	0.000000	0.000000	0.167025
23	tsk_23	(x)	1	:	0.000000	0.377905	0.000000	0.506484	0.000000	0.000000	0.000000	0.115610
24	tsk_24	(x)	1	:	0.000000	0.556932	0.000000	0.000000	0.000000	0.000000	0.000000	0.443068
25	tsk_25	(x)	1	:	0.499829	0.099405	0.000000	0.000000	0.000000	0.000000	0.000000	0.400766
26	tsk_26	(x)	1	:	0.000000	0.533882	0.000000	0.000000	0.000000	0.000000	0.000000	0.466118
27	tsk_27	(x)	1	:	0.000000	0.371997	0.000000	0.000000	0.000000	0.000000	0.000000	0.628003
28	tsk_28	(x)	1	:	0.000000	0.384149	0.333789	0.000000	0.000000	0.000001	0.000000	0.282062
29	tsk_29	(x)	1	:	0.499829	0.064466	0.000000	0.000000	0.000000	0.000000	0.000000	0.435705
30	tsk_30	(x)	1	:	0.163879	0.000000	0.000000	0.000000	0.000000	0.000000	0.505894	0.330227
31	tsk_31	(x)	1	:	0.000000	0.322777	0.000000	0.520490	0.000000	0.000000	0.000000	0.156734
32	tsk_32	(x)	1	:	0.000000	0.516387	0.000000	0.000000	0.000000	0.000000	0.000000	0.483613
33	tsk_33	(x)	1	:	0.000000	0.451156	0.000000	0.000000	0.000000	0.000000	0.000000	0.548844
34	tsk_34	(x)	1	:	0.000000	0.177098	0.000000	0.000000	0.277269	0.000000	0.000000	0.545633
35	tsk_35	(x)	1	:	0.000000	0.203925	0.000000	0.000000	0.000000	0.000000	0.000000	0.796075
36	tsk_36	(x)	1	:	0.000000	0.320394	0.000000	0.520490	0.000000	0.000000	0.000000	0.159116
37	tsk_37	(x)	1	:	0.163879	0.000000	0.000000	0.000000	0.000000	0.000000	0.505894	0.330227
38	tsk_38	(x)	1	:	0.000000	0.600654	0.000000	0.000000	0.000000	0.000000	0.000000	0.399346
39	tsk_39	(x)	1	:	0.004249	0.179890	0.000000	0.000000	0.000000	0.000000	0.750814	0.065048
40	tsk_40	(x)	1	:	0.499829	0.000000	0.000000	0.000000	0.000000	0.000000	0.000000	0.500171
41	tsk_41	(x)	1	:	0.000000	0.354525	0.000000	0.486514	0.000000	0.000000	0.000000	0.158961
42	tsk_42	(x)	1	:	0.510034	0.000000	0.000000	0.489966	0.000000	0.000000	0.000000	0.000000
43	tsk_43	(x)	1	:	0.499829	0.113228	0.000000	0.000000	0.000000	0.000000	0.000000	0.386943
44	tsk_44	(x)	1	:	0.494931	0.000000	0.000000	0.505069	0.000000	0.000000	0.000000	0.000000
45	tsk_45	(x)	1	:	0.000000	0.432852	0.000000	0.506484	0.000000	0.000000	0.000000	0.060663
46	tsk_46	(x)	1	:	0.000000	0.093891	0.000000	0.506452	0.390448	0.000000	0.000000	0.009209
47	tsk_47	(x)	1	:	0.000000	0.097084	0.000000	0.486482	0.390451	0.000000	0.000000	0.025983
48	tsk_48	(x)	1	:	1.000000	0.000000	0.000000	0.000000	0.000000	0.000000	0.000000	0.000000
49	tsk_49	(x)	1	:	0.000000	0.216287	0.000000	0.000000	0.000000	0.000000	0.000000	0.783713
50	tsk_50	(x)	1	:	0.487803	0.000000	0.000000	0.000000	0.295875	0.000000	0.000000	0.216322
51	tsk_51	(x)	1	:	0.000000	0.297801	0.000000	0.520490	0.000000	0.000000	0.000000	0.181709
52	tsk_52	(x)	1	:	0.000000	0.401246	0.000000	0.520490	0.000000	0.000000	0.000000	0.078264
53	tsk_53	(x)	1	:	0.487778	0.000505	0.000000	0.000000	0.390459	0.000000	0.000000	0.121259
54	tsk_54	(x)	1	:	0.000000	0.205370	0.000000	0.000000	0.295902	0.000000	0.000000	0.498727
55	tsk_55	(x)	1	:	0.000000	0.296690	0.000000	0.520490	0.000000	0.000000	0.000000	0.182820
56	tsk_56	(x)	1	:	0.000000	0.594403	0.000000	0.000000	0.000000	0.000000	0.000000	0.405597
57	tsk_57	(x)	1	:	0.000000	0.598502	0.000000	0.000000	0.000000	0.000000	0.000000	0.401498
58	tsk_58	(x)	1	:	0.000000	0.357629	0.000000	0.486514	0.000000	0.000000	0.000000	0.155857
59	tsk_59	(x)	1	:	0.000000	0.492534	0.000000	0.000000	0.000000	0.000000	0.000000	0.507466
60	tsk_60	(x)	1	:	0.000000	0.423396	0.000000	0.000000	0.000000	0.000000	0.000000	0.576603
61	tsk_61	(x)	1	:	0.000000	0.000000	0.000000	1.000000	0.000000	0.000000	0.000000	0.000000
62	tsk_62	(x)	1	:	0.000000	0.334176	0.000000	0.000000	0.000000	0.000000	0.000000	0.665823
63	tsk_63	(x)	1	:	0.000000	0.139853	0.000000	0.000000	0.390909	0.000000	0.000000	0.469238
64	tsk_64	(x)	1	:	0.000000	0.411118	0.000000	0.000000	0.000000	0.000000	0.000000	0.588882
65	tsk_65	(x)	1	:	0.000000	0.469971	0.000000	0.000000	0.000000	0.000000	0.000000	0.530029
66	tsk_66	(x)	1	:	0.000000	0.474285	0.000000	0.000000	0.000000	0.000000	0.000000	0.525715
67	tsk_67	(x)	1	:	0.000000	0.000023	0.000000	0.000000	0.001503	0.998448	0.000000	0.000027
68	tsk_68	(x)	1	:	0.000000	0.298439	0.000000	0.000000	0.000000	0.000000	0.000000	0.701561
69	tsk_69	(x)	1	:	0.000000	0.316835	0.000000	0.486514	0.000000	0.000000	0.000000	0.196651
70	tsk_70	(x)	1	:	0.499829	0.146957	0.000000	0.000000	0.000000	0.000000	0.000000	0.353214
71	tsk_71	(x)	1	:	0.000000	0.096905	0.000000	0.506452	0.390449	0.000000	0.000000	0.006194
72	tsk_72	(x)	1	:	0.000000	0.000927	0.997528	0.000000	0.000000	0.000000	0.000000	0.001545
73	tsk_73	(x)	1	:	0.000000	0.000000	0.673330	0.000000	0.326670	0.000000	0.000000	0.000000
74	tsk_74	(x)	1	:	0.000000	0.072080	0.000000	0.506452	0.390451	0.000000	0.000000	0.031017
75	tsk_75	(x)	1	:	0.000000	0.081547	0.000000	0.506452	0.390449	0.000000	0.000000	0.021552
76	tsk_76	(x)	1	:	0.000000	0.000000	0.673330	0.000000	0.326670	0.000000	0.000000	0.000000
77	tsk_77	(x)	1	:	0.499800	0.033088	0.000000	0.000000	0.390461	0.000000	0.000000	0.076651
78	tsk_78	(x)	1	:	0.000000	0.395194	0.000000	0.522081	0.000000	0.000000	0.000000	0.082725
79	tsk_79	(x)	1	:	0.000000	0.202649	0.000000	0.000000	0.390909	0.000000	0.000000	0.406441
80	tsk_80	(x)	1	:	0.000000	0.000000	0.000000	1.000000	0.000000	0.000000	0.000000	0.000000
81	tsk_81	(x)	1	:	0.000000	0.314169	0.000000	0.000000	0.488204	0.000000	0.000000	0.197627
82	tsk_82	(x)	1	:	0.000000	0.071422	0.000000	0.503798	0.390448	0.000000	0.000000	0.034332
83	tsk_83	(x)	1	:	0.000000	0.344272	0.000000	0.503830	0.000000	0.000000	0.000000	0.151898
84	tsk_84	(x)	1	:	0.000000	0.000000	0.000000	1.000000	0.000000	0.000000	0.000000	0.000000
85	tsk_85	(x)	1	:	0.000000	0.472567	0.000000	0.000000	0.000000	0.000000	0.000000	0.527433
86	tsk_86	(x)	1	:	0.000000	0.456520	0.000000	0.486514	0.000000	0.000000	0.000000	0.056966
87	tsk_87	(x)	1	:	0.000000	0.279603	0.000000	0.486514	0.000000	0.000000	0.000000	0.233882
88	tsk_88	(x)	1	:	0.000000	0.000000	0.000000	1.000000	0.000000	0.000000	0.000000	0.000000
89	tsk_89	(x)	1	:	0.000000	0.336812	0.000000	0.503830	0.000000	0.000000	0.000000	0.159358
90	tsk_90	(x)	1	:	0.000000	0.085166	0.000000	0.506452	0.390450	0.000000	0.000000	0.017932
91	tsk_91	(x)	1	:	0.000000	0.000000	0.000000	0.000000	1.000000	0.000000	0.000000	0.000000
92	tsk_92	(x)	1	:	0.000000	0.195765	0.000000	0.506488	0.277323	0.000000	0.000000	0.020424
93	tsk_93	(x)	1	:	0.000000	0.324772	0.000000	0.506484	0.000000	0.000000	0.000000	0.168744
94	tsk_94	(x)	1	:	0.000000	0.275378	0.000000	0.000000	0.390909	0.000000	0.000000	0.333713
95	tsk_95	(x)	1	:	0.000000	0.395331	0.000000	0.000000	0.390909	0.000000	0.000000	0.213760
96	tsk_96	(x)	1	:	0.000000	0.000000	0.000000	1.000000	0.000000	0.000000	0.000000	0.000000
97	tsk_97	(x)	1	:	0.000000	0.085118	0.000000	0.506452	0.390449	0.000000	0.000000	0.017980
98	tsk_98	(x)	1	:	0.000000	0.202740	0.000000	0.000000	0.000000	0.000000	0.000000	0.797260
99	tsk_99	(x)	1	:	0.000000	0.098773	0.000000	0.486482	0.390454	0.000000	0.000000	0.024290
