logL = -617.028468 (converged)
AIC = 3392.056936
BIC = 6203.035567

count.K
10 21 10 7 19 15 8 1 9 

