logL = -358.205823 (converged)
AIC = 1726.411646
BIC = 3042.022590

count.K
24 18 9 42 7 

