0	tsk_0	(x)	1	:	0.000000	0.641177	0.000000	0.358814	0.000010
1	tsk_1	(x)	1	:	0.000000	0.330785	0.524011	0.096155	0.049049
2	tsk_2	(x)	1	:	0.000000	0.532038	0.000000	0.000006	0.467956
3	tsk_3	(x)	1	:	0.000000	0.959132	0.000000	0.040861	0.000007
4	tsk_4	(x)	1	:	0.000000	0.483944	0.516047	0.000001	0.000007
5	tsk_5	(x)	1	:	0.000000	0.520174	0.479281	0.000009	0.000536
6	tsk_6	(x)	1	:	0.000000	0.330473	0.481235	0.097755	0.090536
7	tsk_7	(x)	1	:	0.000000	0.330370	0.481246	0.098109	0.090275
8	tsk_8	(x)	1	:	0.000000	0.168323	0.481382	0.000000	0.350295
9	tsk_9	(x)	1	:	0.000000	0.000000	1.000000	0.000000	0.000000
10	tsk_10	(x)	1	:	0.999826	0.000000	0.000000	0.000000	0.000174
11	tsk_11	(x)	1	:	0.732268	0.000000	0.000000	0.000000	0.267732
12	tsk_12	(x)	1	:	0.732387	0.000000	0.000000	0.000000	0.267613
13	tsk_13	(x)	1	:	0.894965	0.000000	0.000000	0.000000	0.105035
14	tsk_14	(x)	1	:	0.355759	0.000000	0.000000	0.000000	0.644241
15	tsk_15	(x)	1	:	0.737443	0.169858	0.000000	0.000000	0.092699
16	tsk_16	(x)	1	:	0.895347	0.000000	0.000000	0.000000	0.104653
17	tsk_17	(x)	1	:	0.355759	0.000000	0.000000	0.000000	0.644241
18	tsk_18	(x)	1	:	0.999799	0.000000	0.000000	0.000000	0.000201
19	tsk_19	(x)	1	:	0.999854	0.000000	0.000000	0.000000	0.000146
20	tsk_20	(x)	1	:	0.000000	0.000000	0.000000	0.000000	1.000000
21	tsk_21	(x)	1	:	0.000000	0.000000	0.000000	0.000000	1.000000
22	tsk_22	(x)	1	:	0.000000	0.000000	0.000000	0.000000	1.000000
23	tsk_23	(x)	1	:	0.000000	0.000000	0.000000	0.000000	1.000000
24	tsk_24	(x)	1	:	0.000000	0.000000	0.000000	0.000000	1.000000
25	tsk_25	(x)	1	:	0.355759	0.000000	0.000000	0.000000	0.644241
26	tsk_26	(x)	1	:	0.355757	0.000000	0.000000	0.000000	0.644243
27	tsk_27	(x)	1	:	0.000000	0.168332	0.000000	0.000000	0.831668
28	tsk_28	(x)	1	:	0.000000	0.000000	0.000000	0.000000	1.000000
29	tsk_29	(x)	1	:	0.000000	0.000000	0.503153	0.000000	0.496847
30	tsk_30	(x)	1	:	0.000000	0.000000	0.468912	0.531075	0.000013
31	tsk_31	(x)	1	:	0.000000	0.000000	0.481378	0.000000	0.518622
32	tsk_32	(x)	1	:	0.000000	0.000000	0.000000	0.428952	0.571048
33	tsk_33	(x)	1	:	0.000000	0.000000	0.489582	0.510413	0.000005
34	tsk_34	(x)	1	:	0.000000	0.000000	0.000000	0.999980	0.000020
35	tsk_35	(x)	1	:	0.355590	0.000000	0.000000	0.428931	0.215479
36	tsk_36	(x)	1	:	0.000000	0.000000	0.000000	1.000000	0.000000
37	tsk_37	(x)	1	:	0.000000	0.000000	0.000000	0.999980	0.000020
38	tsk_38	(x)	1	:	0.000000	0.000000	0.468912	0.531074	0.000013
39	tsk_39	(x)	1	:	0.000000	0.000000	0.000000	1.000000	0.000000
40	tsk_40	(x)	1	:	0.000000	0.000000	1.000000	0.000000	0.000000
41	tsk_41	(x)	1	:	0.000000	0.329755	0.504809	0.099829	0.065607
42	tsk_42	(x)	1	:	0.000000	0.328313	0.504982	0.105052	0.061652
43	tsk_43	(x)	1	:	0.000000	0.501109	0.498880	0.000005	0.000006
44	tsk_44	(x)	1	:	0.000000	0.332789	0.000000	0.094202	0.573009
45	tsk_45	(x)	1	:	0.000000	0.351898	0.504871	0.078850	0.064382
46	tsk_46	(x)	1	:	0.000000	0.521066	0.478769	0.000005	0.000160
47	tsk_47	(x)	1	:	0.000000	0.000000	0.504905	0.000000	0.495095
48	tsk_48	(x)	1	:	0.000000	0.332658	0.000000	0.094497	0.572845
49	tsk_49	(x)	1	:	0.000000	0.000000	0.000000	0.292145	0.707855
50	tsk_50	(x)	1	:	0.000000	0.000000	0.000000	0.000000	1.000000
51	tsk_51	(x)	1	:	0.355755	0.000000	0.000000	0.000000	0.644245
52	tsk_52	(x)	1	:	0.000000	0.000000	0.000000	0.428949	0.571051
53	tsk_53	(x)	1	:	0.000000	0.000000	0.000000	0.000000	1.000000
54	tsk_54	(x)	1	:	0.000000	0.000062	0.000000	0.000000	0.999938
55	tsk_55	(x)	1	:	0.355758	0.000000	0.000000	0.000000	0.644242
56	tsk_56	(x)	1	:	0.000000	0.000000	0.522462	0.427506	0.050032
57	tsk_57	(x)	1	:	0.000000	0.000000	0.503552	0.000000	0.496448
58	tsk_58	(x)	1	:	0.000000	0.000000	0.000000	0.428955	0.571045
59	tsk_59	(x)	1	:	0.000000	0.000000	0.503061	0.427879	0.069061
60	tsk_60	(x)	1	:	0.000000	0.000000	0.000000	0.999976	0.000024
61	tsk_61	(x)	1	:	0.893801	0.000000	0.000000	0.000000	0.106199
62	tsk_62	(x)	1	:	0.000000	0.535856	0.000000	0.000001	0.464144
63	tsk_63	(x)	1	:	0.000000	0.634775	0.000000	0.365208	0.000018
64	tsk_64	(x)	1	:	0.608761	0.000000	0.000000	0.298169	0.093070
65	tsk_65	(x)	1	:	0.000000	0.646302	0.000000	0.000000	0.353698
66	tsk_66	(x)	1	:	0.000000	0.310164	0.000000	0.118415	0.571421
67	tsk_67	(x)	1	:	0.000000	0.310214	0.000000	0.118296	0.571491
68	tsk_68	(x)	1	:	0.355754	0.168321	0.000000	0.000000	0.475926
69	tsk_69	(x)	1	:	0.000000	0.999999	0.000000	0.000001	0.000000
70	tsk_70	(x)	1	:	0.656448	0.000000	0.000000	0.343551	0.000001
71	tsk_71	(x)	1	:	0.000000	0.000000	0.503447	0.427722	0.068831
72	tsk_72	(x)	1	:	0.000000	0.000000	0.000000	1.000000	0.000000
73	tsk_73	(x)	1	:	0.000000	0.000000	0.000000	0.428956	0.571044
74	tsk_74	(x)	1	:	0.000000	0.000000	0.503450	0.427754	0.068797
75	tsk_75	(x)	1	:	0.000000	0.355690	0.000000	0.644302	0.000008
76	tsk_76	(x)	1	:	0.000000	0.000000	0.489892	0.510107	0.000001
77	tsk_77	(x)	1	:	0.000000	0.355693	0.000000	0.644294	0.000013
78	tsk_78	(x)	1	:	0.000000	0.000000	0.000000	0.000000	1.000000
79	tsk_79	(x)	1	:	0.000000	0.000000	0.000000	0.428953	0.571047
80	tsk_80	(x)	1	:	0.000000	0.000000	0.000000	0.428955	0.571045
81	tsk_81	(x)	1	:	0.000000	0.000000	0.000000	0.000000	1.000000
82	tsk_82	(x)	1	:	0.000000	0.000000	0.000000	0.428950	0.571050
83	tsk_83	(x)	1	:	0.000000	0.000000	0.000000	0.476228	0.523772
84	tsk_84	(x)	1	:	0.000000	0.000000	0.000000	0.428953	0.571047
85	tsk_85	(x)	1	:	0.000000	0.000000	0.000000	0.428952	0.571048
86	tsk_86	(x)	1	:	0.000000	0.000000	0.000000	0.000000	1.000000
87	tsk_87	(x)	1	:	0.000000	0.200625	0.000000	0.476220	0.323155
88	tsk_88	(x)	1	:	0.000000	0.332344	0.000000	0.095203	0.572453
89	tsk_89	(x)	1	:	0.000000	0.000000	0.000000	0.000000	1.000000
90	tsk_90	(x)	1	:	0.000000	0.000000	0.000000	0.000000	1.000000
91	tsk_91	(x)	1	:	0.000000	0.000000	0.504905	0.000000	0.495095
92	tsk_92	(x)	1	:	0.000000	0.000000	0.000000	0.428946	0.571054
93	tsk_93	(x)	1	:	0.355758	0.000000	0.000000	0.000000	0.644242
94	tsk_94	(x)	1	:	0.355759	0.000000	0.000000	0.000000	0.644241
95	tsk_95	(x)	1	:	0.000000	0.000000	0.000000	0.000000	1.000000
96	tsk_96	(x)	1	:	0.355587	0.000000	0.000000	0.428927	0.215487
97	tsk_97	(x)	1	:	0.000000	0.000000	0.000000	0.000000	1.000000
98	tsk_98	(x)	1	:	0.000000	0.000000	0.000000	0.000000	1.000000
99	tsk_99	(x)	1	:	0.000000	0.000000	0.000000	0.428952	0.571048
