logL = -723.953686 (converged)
AIC = 2457.907371
BIC = 3773.518315

count.K
35 1 25 4 35 

