logL = -592.439688 (converged)
AIC = 1936.879376
BIC = 2916.423366

count.K
43 6 21 30 

