logL = -503.813777 (converged)
AIC = 3327.627554
BIC = 6349.624970

count.K
7 2 13 6 0 8 13 13 28 10 

