logL = -931.471430 (converged)
AIC = 3150.942860
BIC = 4828.672460

count.K
32 2 29 7 19 11 

