logL = -918.776263 (converged)
AIC = 3317.552526
BIC = 5245.378463

count.K
17 4 13 25 30 11 

