logL = -588.054585 (converged)
AIC = 1952.109170
BIC = 2962.915202

count.K
41 16 20 23 

