logL = -455.637391 (converged)
AIC = 1671.274782
BIC = 2661.239453

count.K
36 20 33 11 

