0	tsk_0	(x)	1	:	0.364976	0.635024	0.000000	0.000000
1	tsk_1	(x)	1	:	0.000000	1.000000	0.000000	0.000000
2	tsk_2	(x)	1	:	0.687356	0.312644	0.000000	0.000000
3	tsk_3	(x)	1	:	0.394725	0.605275	0.000000	0.000000
4	tsk_4	(x)	1	:	0.627754	0.372246	0.000000	0.000000
5	tsk_5	(x)	1	:	0.502200	0.497800	0.000000	0.000000
6	tsk_6	(x)	1	:	0.392298	0.073850	0.533852	0.000000
7	tsk_7	(x)	1	:	0.503318	0.496682	0.000000	0.000000
8	tsk_8	(x)	1	:	0.627874	0.372126	0.000000	0.000000
9	tsk_9	(x)	1	:	0.564781	0.435219	0.000000	0.000000
10	tsk_10	(x)	1	:	0.468210	0.340898	0.000000	0.190892
11	tsk_11	(x)	1	:	0.473387	0.526613	0.000000	0.000000
12	tsk_12	(x)	1	:	0.499313	0.309797	0.000000	0.190890
13	tsk_13	(x)	1	:	0.498141	0.501859	0.000000	0.000000
14	tsk_14	(x)	1	:	0.439711	0.560289	0.000000	0.000000
15	tsk_15	(x)	1	:	0.313281	0.186993	0.499726	0.000000
16	tsk_16	(x)	1	:	0.105478	0.894521	0.000000	0.000000
17	tsk_17	(x)	1	:	0.471262	0.528738	0.000000	0.000000
18	tsk_18	(x)	1	:	0.339151	0.161203	0.499646	0.000000
19	tsk_19	(x)	1	:	0.173033	0.135995	0.500142	0.190830
20	tsk_20	(x)	1	:	0.404586	0.595414	0.000000	0.000000
21	tsk_21	(x)	1	:	0.801272	0.198728	0.000000	0.000000
22	tsk_22	(x)	1	:	0.445905	0.363201	0.000000	0.190894
23	tsk_23	(x)	1	:	0.365080	0.634920	0.000000	0.000000
24	tsk_24	(x)	1	:	0.309402	0.499685	0.000000	0.190913
25	tsk_25	(x)	1	:	0.503935	0.496065	0.000000	0.000000
26	tsk_26	(x)	1	:	0.362943	0.446153	0.000000	0.190904
27	tsk_27	(x)	1	:	0.420312	0.579688	0.000000	0.000000
28	tsk_28	(x)	1	:	0.470101	0.339007	0.000000	0.190892
29	tsk_29	(x)	1	:	0.440160	0.368945	0.000000	0.190894
30	tsk_30	(x)	1	:	0.298195	0.701805	0.000000	0.000000
31	tsk_31	(x)	1	:	0.554150	0.254962	0.000000	0.190888
32	tsk_32	(x)	1	:	0.416887	0.583113	0.000000	0.000000
33	tsk_33	(x)	1	:	0.187979	0.359047	0.000000	0.452974
34	tsk_34	(x)	1	:	0.267118	0.233011	0.499871	0.000000
35	tsk_35	(x)	1	:	0.317183	0.682817	0.000000	0.000000
36	tsk_36	(x)	1	:	0.265954	0.281107	0.000000	0.452939
37	tsk_37	(x)	1	:	0.266818	0.280243	0.000000	0.452939
38	tsk_38	(x)	1	:	0.365794	0.634206	0.000000	0.000000
39	tsk_39	(x)	1	:	0.533936	0.275176	0.000000	0.190889
40	tsk_40	(x)	1	:	0.245634	0.301420	0.000000	0.452947
41	tsk_41	(x)	1	:	0.375909	0.124559	0.499531	0.000000
42	tsk_42	(x)	1	:	0.207142	0.339894	0.000000	0.452964
43	tsk_43	(x)	1	:	0.000005	0.000005	0.000000	0.999991
44	tsk_44	(x)	1	:	0.437355	0.562645	0.000000	0.000000
45	tsk_45	(x)	1	:	0.000005	0.000002	0.000000	0.999993
46	tsk_46	(x)	1	:	0.250708	0.296347	0.000000	0.452945
47	tsk_47	(x)	1	:	0.468892	0.531108	0.000000	0.000000
48	tsk_48	(x)	1	:	0.385397	0.115101	0.499502	0.000000
49	tsk_49	(x)	1	:	0.190084	0.356943	0.000000	0.452973
50	tsk_50	(x)	1	:	0.020925	0.000000	0.533150	0.445925
51	tsk_51	(x)	1	:	0.285502	0.214685	0.499813	0.000000
52	tsk_52	(x)	1	:	0.000000	0.000000	0.511317	0.488683
53	tsk_53	(x)	1	:	0.335352	0.211727	0.000000	0.452920
54	tsk_54	(x)	1	:	0.260617	0.176707	0.000000	0.562676
55	tsk_55	(x)	1	:	0.367186	0.632814	0.000000	0.000000
56	tsk_56	(x)	1	:	0.000004	0.000003	0.000000	0.999994
57	tsk_57	(x)	1	:	0.416555	0.583445	0.000000	0.000000
58	tsk_58	(x)	1	:	0.365126	0.135309	0.499565	0.000000
59	tsk_59	(x)	1	:	0.395851	0.604149	0.000000	0.000000
60	tsk_60	(x)	1	:	0.442610	0.557390	0.000000	0.000000
61	tsk_61	(x)	1	:	0.511554	0.488446	0.000000	0.000000
62	tsk_62	(x)	1	:	0.527211	0.472789	0.000000	0.000000
63	tsk_63	(x)	1	:	0.393807	0.106717	0.499476	0.000000
64	tsk_64	(x)	1	:	0.548464	0.451535	0.000000	0.000000
65	tsk_65	(x)	1	:	0.470675	0.529325	0.000000	0.000000
66	tsk_66	(x)	1	:	0.941441	0.000013	0.058547	0.000000
67	tsk_67	(x)	1	:	0.406469	0.593531	0.000000	0.000000
68	tsk_68	(x)	1	:	0.428201	0.571799	0.000000	0.000000
69	tsk_69	(x)	1	:	0.472511	0.527489	0.000000	0.000000
70	tsk_70	(x)	1	:	0.000000	0.000000	1.000000	0.000000
71	tsk_71	(x)	1	:	0.000000	0.000000	1.000000	0.000000
72	tsk_72	(x)	1	:	0.000000	0.000000	0.511317	0.488683
73	tsk_73	(x)	1	:	0.000000	0.000000	0.511317	0.488683
74	tsk_74	(x)	1	:	0.000000	0.000000	1.000000	0.000000
75	tsk_75	(x)	1	:	0.428149	0.571851	0.000000	0.000000
76	tsk_76	(x)	1	:	0.290289	0.281212	0.428499	0.000000
77	tsk_77	(x)	1	:	0.000000	0.000000	1.000000	0.000000
78	tsk_78	(x)	1	:	0.000000	0.000000	1.000000	0.000000
79	tsk_79	(x)	1	:	0.000000	0.000000	1.000000	0.000000
80	tsk_80	(x)	1	:	0.471125	0.528875	0.000000	0.000000
81	tsk_81	(x)	1	:	0.369221	0.131227	0.499552	0.000000
82	tsk_82	(x)	1	:	0.563196	0.436804	0.000000	0.000000
83	tsk_83	(x)	1	:	0.651189	0.348811	0.000000	0.000000
84	tsk_84	(x)	1	:	0.419500	0.580500	0.000000	0.000000
85	tsk_85	(x)	1	:	0.999968	0.000032	0.000000	0.000000
86	tsk_86	(x)	1	:	0.593836	0.406164	0.000000	0.000000
87	tsk_87	(x)	1	:	0.505368	0.494632	0.000000	0.000000
88	tsk_88	(x)	1	:	0.999999	0.000001	0.000000	0.000000
89	tsk_89	(x)	1	:	0.999983	0.000017	0.000000	0.000000
90	tsk_90	(x)	1	:	0.000035	0.999965	0.000000	0.000000
91	tsk_91	(x)	1	:	0.000000	1.000000	0.000000	0.000000
92	tsk_92	(x)	1	:	0.364821	0.635179	0.000000	0.000000
93	tsk_93	(x)	1	:	0.000000	0.000000	0.511317	0.488683
94	tsk_94	(x)	1	:	0.000064	0.999936	0.000000	0.000000
95	tsk_95	(x)	1	:	0.724713	0.275287	0.000000	0.000000
96	tsk_96	(x)	1	:	0.353029	0.147369	0.499602	0.000000
97	tsk_97	(x)	1	:	0.413799	0.586201	0.000000	0.000000
98	tsk_98	(x)	1	:	0.394418	0.152669	0.000000	0.452913
99	tsk_99	(x)	1	:	0.315283	0.184997	0.499720	0.000000
