0	tsk_0	(x)	1	:	0.000000	0.230989	0.000000	0.268938	0.000000	0.000001	0.477380	0.022691
1	tsk_1	(x)	1	:	0.000000	0.287826	0.419215	0.192305	0.100654	0.000000	0.000000	0.000000
2	tsk_2	(x)	1	:	0.496516	0.211132	0.000000	0.288763	0.000000	0.000001	0.000005	0.003584
3	tsk_3	(x)	1	:	0.000000	0.232375	0.000000	0.267556	0.000000	0.000001	0.477403	0.022665
4	tsk_4	(x)	1	:	0.000000	0.000970	0.512340	0.486688	0.000000	0.000001	0.000000	0.000000
5	tsk_5	(x)	1	:	0.000000	0.246988	0.000000	0.753012	0.000000	0.000000	0.000000	0.000000
6	tsk_6	(x)	1	:	0.000000	0.564969	0.000000	0.435031	0.000000	0.000000	0.000000	0.000000
7	tsk_7	(x)	1	:	0.000000	0.000000	0.468462	0.000000	0.000000	0.000000	0.000000	0.531537
8	tsk_8	(x)	1	:	0.000000	0.255550	0.419215	0.224579	0.100654	0.000002	0.000000	0.000000
9	tsk_9	(x)	1	:	0.000000	0.411763	0.000000	0.088165	0.000000	0.000003	0.477389	0.022681
10	tsk_10	(x)	1	:	0.000000	0.315236	0.471249	0.185191	0.000000	0.000000	0.000000	0.028324
11	tsk_11	(x)	1	:	0.000000	0.000000	0.468287	0.000000	0.000000	0.000000	0.477711	0.054001
12	tsk_12	(x)	1	:	0.000000	0.276822	0.468469	0.223188	0.000000	0.000000	0.000000	0.031520
13	tsk_13	(x)	1	:	0.000000	0.438986	0.000000	0.561014	0.000000	0.000000	0.000000	0.000000
14	tsk_14	(x)	1	:	0.000000	0.099218	0.471783	0.401289	0.000000	0.000000	0.000000	0.027710
15	tsk_15	(x)	1	:	0.000000	0.000000	1.000000	0.000000	0.000000	0.000000	0.000000	0.000000
16	tsk_16	(x)	1	:	0.000000	0.000000	0.000000	0.000000	0.000000	0.000000	1.000000	0.000000
17	tsk_17	(x)	1	:	0.000000	0.000000	0.468285	0.000000	0.000000	0.000000	0.477709	0.054006
18	tsk_18	(x)	1	:	0.000000	0.000000	0.436152	0.000000	0.000000	0.000000	0.563848	0.000000
19	tsk_19	(x)	1	:	0.000000	0.574980	0.000000	0.425020	0.000000	0.000000	0.000000	0.000000
20	tsk_20	(x)	1	:	0.516163	0.000000	0.000000	0.000000	0.000000	0.000000	0.483837	0.000000
21	tsk_21	(x)	1	:	0.000000	0.000000	0.000000	0.000000	0.000000	0.000000	1.000000	0.000000
22	tsk_22	(x)	1	:	0.000000	0.000000	0.000000	0.000000	0.000000	0.000000	0.000000	1.000000
23	tsk_23	(x)	1	:	0.000000	0.000450	0.000000	0.001173	0.000000	0.998377	0.000000	0.000000
24	tsk_24	(x)	1	:	0.496880	0.000000	0.000000	0.000000	0.000000	0.000000	0.000000	0.503120
25	tsk_25	(x)	1	:	0.000000	0.000000	0.000000	0.000000	0.000000	0.000000	1.000000	0.000000
26	tsk_26	(x)	1	:	0.000000	0.202996	0.000000	0.282482	0.000000	0.000002	0.514521	0.000000
27	tsk_27	(x)	1	:	0.000000	0.142449	0.000000	0.484753	0.000000	0.372799	0.000000	0.000000
28	tsk_28	(x)	1	:	0.000000	0.312073	0.000000	0.173406	0.000000	0.000000	0.514521	0.000000
29	tsk_29	(x)	1	:	0.494217	0.037781	0.000000	0.094081	0.000000	0.367423	0.000021	0.006476
30	tsk_30	(x)	1	:	0.000000	0.225613	0.000000	0.274395	0.250073	0.000001	0.000000	0.249919
31	tsk_31	(x)	1	:	0.000000	0.249495	0.000000	0.250505	0.000000	0.000000	0.000000	0.500000
32	tsk_32	(x)	1	:	0.391692	0.249589	0.000000	0.216558	0.142161	0.000000	0.000000	0.000000
33	tsk_33	(x)	1	:	0.391692	0.263941	0.000000	0.202205	0.142161	0.000000	0.000000	0.000000
34	tsk_34	(x)	1	:	0.000000	0.365830	0.000000	0.134096	0.000000	0.000002	0.477375	0.022698
35	tsk_35	(x)	1	:	0.496620	0.356643	0.000000	0.143276	0.000000	0.000007	0.000008	0.003445
36	tsk_36	(x)	1	:	0.000000	0.000000	0.468462	0.000000	0.000000	0.000000	0.000000	0.531537
37	tsk_37	(x)	1	:	0.000000	0.000000	0.000000	0.000000	0.000000	0.000000	0.477772	0.522228
38	tsk_38	(x)	1	:	0.000000	0.251886	0.000000	0.226437	0.170245	0.000002	0.351430	0.000000
39	tsk_39	(x)	1	:	0.000000	0.000000	0.000000	0.000000	0.000000	0.000000	0.477772	0.522228
40	tsk_40	(x)	1	:	0.000000	0.649687	0.000000	0.350313	0.000000	0.000000	0.000000	0.000000
41	tsk_41	(x)	1	:	0.496600	0.119563	0.000000	0.380358	0.000000	0.000000	0.000004	0.003475
42	tsk_42	(x)	1	:	0.000000	0.239186	0.000000	0.260741	0.000000	0.000002	0.477380	0.022692
43	tsk_43	(x)	1	:	0.496546	0.295524	0.000000	0.204378	0.000000	0.000002	0.000009	0.003541
44	tsk_44	(x)	1	:	0.000000	0.370456	0.000000	0.129544	0.000000	0.000000	0.000000	0.500000
45	tsk_45	(x)	1	:	0.496493	0.208979	0.000000	0.290909	0.000000	0.000000	0.000008	0.003611
46	tsk_46	(x)	1	:	0.000000	0.586537	0.000000	0.413463	0.000000	0.000000	0.000000	0.000000
47	tsk_47	(x)	1	:	0.000000	0.287633	0.000000	0.712367	0.000000	0.000000	0.000000	0.000000
48	tsk_48	(x)	1	:	0.496629	0.126117	0.000000	0.373812	0.000000	0.000001	0.000006	0.003435
49	tsk_49	(x)	1	:	0.496781	0.073129	0.000000	0.426845	0.000000	0.000003	0.000013	0.003229
50	tsk_50	(x)	1	:	0.000000	0.431016	0.000000	0.568984	0.000000	0.000000	0.000000	0.000000
51	tsk_51	(x)	1	:	0.000000	0.000000	0.468462	0.000000	0.000000	0.000000	0.000000	0.531537
52	tsk_52	(x)	1	:	0.000000	0.000000	0.468290	0.000000	0.000000	0.000000	0.477715	0.053995
53	tsk_53	(x)	1	:	0.000000	0.347702	0.000000	0.152298	0.000000	0.000000	0.000000	0.500000
54	tsk_54	(x)	1	:	0.000000	0.000000	0.468462	0.000000	0.000000	0.000000	0.000000	0.531537
55	tsk_55	(x)	1	:	0.000000	0.000000	1.000000	0.000000	0.000000	0.000000	0.000000	0.000000
56	tsk_56	(x)	1	:	0.614014	0.000000	0.000000	0.000000	0.000000	0.000000	0.385986	0.000000
57	tsk_57	(x)	1	:	0.000000	0.000000	0.000000	0.000000	0.000000	0.000000	1.000000	0.000000
58	tsk_58	(x)	1	:	0.000000	0.301239	0.000000	0.198761	0.000000	0.000000	0.000000	0.500000
59	tsk_59	(x)	1	:	0.000000	0.000000	0.000000	0.000000	0.000000	0.000000	0.000000	1.000000
60	tsk_60	(x)	1	:	0.000000	0.000000	0.000000	0.000000	0.000000	0.000000	1.000000	0.000000
61	tsk_61	(x)	1	:	0.000000	0.705339	0.000000	0.294661	0.000000	0.000000	0.000000	0.000000
62	tsk_62	(x)	1	:	0.496522	0.415936	0.000000	0.083954	0.000000	0.000007	0.000007	0.003574
63	tsk_63	(x)	1	:	0.000000	0.178621	0.000000	0.306856	0.000000	0.000002	0.514521	0.000000
64	tsk_64	(x)	1	:	1.000000	0.000000	0.000000	0.000000	0.000000	0.000000	0.000000	0.000000
65	tsk_65	(x)	1	:	0.516163	0.000000	0.000000	0.000000	0.000000	0.000000	0.483837	0.000000
66	tsk_66	(x)	1	:	0.404944	0.000000	0.000000	0.000000	0.000000	0.000000	0.595056	0.000000
67	tsk_67	(x)	1	:	0.000000	0.307875	0.000000	0.692125	0.000000	0.000000	0.000000	0.000000
68	tsk_68	(x)	1	:	0.496566	0.156753	0.000000	0.343157	0.000000	0.000000	0.000008	0.003515
69	tsk_69	(x)	1	:	0.000000	0.473169	0.000000	0.526831	0.000000	0.000000	0.000000	0.000000
70	tsk_70	(x)	1	:	0.000000	0.279427	0.000000	0.220501	0.000000	0.000001	0.477383	0.022688
71	tsk_71	(x)	1	:	0.000000	0.000000	0.000000	0.000000	0.000000	0.000000	1.000000	0.000000
72	tsk_72	(x)	1	:	0.000000	0.355888	0.000000	0.144112	0.000000	0.000000	0.000000	0.500000
73	tsk_73	(x)	1	:	0.000000	0.352428	0.000000	0.147502	0.000000	0.000000	0.477389	0.022681
74	tsk_74	(x)	1	:	0.000000	0.324101	0.000000	0.175827	0.000000	0.000001	0.477377	0.022695
75	tsk_75	(x)	1	:	0.000000	0.237299	0.419215	0.242830	0.100654	0.000002	0.000000	0.000000
76	tsk_76	(x)	1	:	0.000000	0.628662	0.000000	0.371338	0.000000	0.000000	0.000000	0.000000
77	tsk_77	(x)	1	:	0.000000	0.208010	0.000000	0.291917	0.000000	0.000002	0.477383	0.022688
78	tsk_78	(x)	1	:	0.000000	0.225117	0.000000	0.274807	0.000000	0.000005	0.477387	0.022684
79	tsk_79	(x)	1	:	0.000000	0.367795	0.000000	0.132126	0.000000	0.000003	0.477350	0.022726
80	tsk_80	(x)	1	:	0.000000	0.000000	0.000000	0.000000	0.000000	0.000000	1.000000	0.000000
81	tsk_81	(x)	1	:	0.000000	0.000000	0.465458	0.000000	0.124065	0.000000	0.410477	0.000000
82	tsk_82	(x)	1	:	0.000000	0.000000	0.000000	0.000000	0.000000	0.000000	1.000000	0.000000
83	tsk_83	(x)	1	:	0.447278	0.000000	0.441633	0.000000	0.111089	0.000000	0.000000	0.000000
84	tsk_84	(x)	1	:	0.000000	0.000000	1.000000	0.000000	0.000000	0.000000	0.000000	0.000000
85	tsk_85	(x)	1	:	0.000000	0.326803	0.000000	0.173124	0.000000	0.000003	0.477388	0.022683
86	tsk_86	(x)	1	:	0.000000	0.000000	0.465458	0.000000	0.124065	0.000000	0.410477	0.000000
87	tsk_87	(x)	1	:	0.000000	0.000000	0.465458	0.000000	0.124065	0.000000	0.410477	0.000000
88	tsk_88	(x)	1	:	0.000000	0.000000	0.465458	0.000000	0.124065	0.000000	0.410477	0.000000
89	tsk_89	(x)	1	:	0.496787	0.117081	0.000000	0.382897	0.000000	0.000001	0.000016	0.003216
90	tsk_90	(x)	1	:	0.000000	0.300202	0.000000	0.380667	0.000000	0.319131	0.000000	0.000000
91	tsk_91	(x)	1	:	0.000000	0.645529	0.000000	0.354471	0.000000	0.000000	0.000000	0.000000
92	tsk_92	(x)	1	:	0.000000	0.282967	0.000000	0.397890	0.000000	0.319143	0.000000	0.000000
93	tsk_93	(x)	1	:	0.000000	0.291647	0.000000	0.208281	0.000000	0.000002	0.477385	0.022685
94	tsk_94	(x)	1	:	0.000000	0.638332	0.000000	0.361668	0.000000	0.000000	0.000000	0.000000
95	tsk_95	(x)	1	:	0.000000	0.377144	0.000000	0.122784	0.000000	0.000001	0.477384	0.022686
96	tsk_96	(x)	1	:	0.000000	0.364436	0.000000	0.135564	0.000000	0.000000	0.000000	0.500000
97	tsk_97	(x)	1	:	0.000000	0.159779	0.000000	0.840221	0.000000	0.000000	0.000000	0.000000
98	tsk_98	(x)	1	:	0.000000	0.069595	0.000000	0.130558	0.000000	0.302936	0.496911	0.000000
99	tsk_99	(x)	1	:	0.000000	0.000054	0.000000	0.000019	0.000000	0.507433	0.492494	0.000000
