logL = -668.186775 (converged)
AIC = 3232.373551
BIC = 5702.074887

count.K
26 9 12 19 20 9 3 2 

