0	tsk_0	(x)	1	:	0.378604	0.312719	0.022573	0.000000	0.000001	0.000000	0.000000	0.000000	0.286103	0.000000
1	tsk_1	(x)	1	:	0.000000	0.000000	0.000000	0.000000	0.366748	0.000000	0.633252	0.000000	0.000000	0.000000
2	tsk_2	(x)	1	:	0.000000	0.000000	0.000000	0.000000	0.000000	0.000000	1.000000	0.000000	0.000000	0.000000
3	tsk_3	(x)	1	:	0.000000	0.000000	0.000000	0.000000	0.000000	0.000000	1.000000	0.000000	0.000000	0.000000
4	tsk_4	(x)	1	:	0.000000	0.000000	0.000000	0.000000	0.366748	0.000000	0.633252	0.000000	0.000000	0.000000
5	tsk_5	(x)	1	:	0.000000	0.000000	0.000000	0.000000	0.366748	0.000000	0.633252	0.000000	0.000000	0.000000
6	tsk_6	(x)	1	:	0.663477	0.000000	0.000000	0.000000	0.000000	0.000000	0.000000	0.000000	0.336523	0.000000
7	tsk_7	(x)	1	:	0.349739	0.499793	0.000000	0.000000	0.000311	0.000000	0.000000	0.000000	0.150158	0.000000
8	tsk_8	(x)	1	:	0.403528	0.499758	0.000000	0.000000	0.000363	0.000000	0.000000	0.000000	0.096351	0.000000
9	tsk_9	(x)	1	:	0.029937	0.000000	0.000000	0.000000	0.000000	0.000000	0.556698	0.000000	0.413365	0.000000
10	tsk_10	(x)	1	:	0.342191	0.000000	0.000000	0.319449	0.000000	0.000000	0.000000	0.000000	0.338360	0.000000
11	tsk_11	(x)	1	:	0.000000	0.476519	0.000000	0.523481	0.000000	0.000000	0.000000	0.000000	0.000000	0.000000
12	tsk_12	(x)	1	:	0.331800	0.000000	0.000000	0.570061	0.000000	0.000000	0.000000	0.000000	0.098139	0.000000
13	tsk_13	(x)	1	:	0.000000	0.000000	0.000000	1.000000	0.000000	0.000000	0.000000	0.000000	0.000000	0.000000
14	tsk_14	(x)	1	:	0.000000	0.500000	0.000000	0.000000	0.500000	0.000000	0.000000	0.000000	0.000000	0.000000
15	tsk_15	(x)	1	:	0.000000	0.000000	0.000000	0.593813	0.406186	0.000000	0.000000	0.000000	0.000000	0.000000
16	tsk_16	(x)	1	:	0.000000	0.000000	0.000000	0.530125	0.469875	0.000000	0.000000	0.000000	0.000000	0.000000
17	tsk_17	(x)	1	:	0.598817	0.000000	0.000000	0.000000	0.000000	0.000000	0.000000	0.000000	0.401183	0.000000
18	tsk_18	(x)	1	:	0.171746	0.000000	0.000000	0.319449	0.000000	0.000000	0.000000	0.000000	0.508805	0.000000
19	tsk_19	(x)	1	:	0.000000	0.000000	0.000000	0.511825	0.488175	0.000000	0.000000	0.000000	0.000000	0.000000
20	tsk_20	(x)	1	:	0.000000	1.000000	0.000000	0.000000	0.000000	0.000000	0.000000	0.000000	0.000000	0.000000
21	tsk_21	(x)	1	:	0.000000	0.000000	0.000000	0.000000	0.000000	0.000000	0.000000	1.000000	0.000000	0.000000
22	tsk_22	(x)	1	:	0.123373	0.499657	0.000000	0.000000	0.000515	0.000000	0.000000	0.000000	0.376456	0.000000
23	tsk_23	(x)	1	:	0.000000	1.000000	0.000000	0.000000	0.000000	0.000000	0.000000	0.000000	0.000000	0.000000
24	tsk_24	(x)	1	:	0.236436	0.000000	0.000000	0.000000	0.500000	0.000000	0.000000	0.000000	0.263564	0.000000
25	tsk_25	(x)	1	:	0.362528	0.499692	0.000000	0.000000	0.000462	0.000000	0.000000	0.000000	0.137318	0.000000
26	tsk_26	(x)	1	:	0.228448	0.000000	0.000000	0.000000	0.000000	0.000000	0.000000	0.500000	0.271552	0.000000
27	tsk_27	(x)	1	:	0.000000	1.000000	0.000000	0.000000	0.000000	0.000000	0.000000	0.000000	0.000000	0.000000
28	tsk_28	(x)	1	:	0.000000	0.180105	0.000000	0.000000	0.094708	0.000000	0.405292	0.000000	0.000000	0.319895
29	tsk_29	(x)	1	:	0.000000	1.000000	0.000000	0.000000	0.000000	0.000000	0.000000	0.000000	0.000000	0.000000
30	tsk_30	(x)	1	:	0.235531	0.000000	0.000000	0.000000	0.500000	0.000000	0.000000	0.000000	0.264469	0.000000
31	tsk_31	(x)	1	:	0.003008	0.000000	0.000000	0.000000	0.491362	0.500527	0.000000	0.000000	0.005103	0.000000
32	tsk_32	(x)	1	:	0.470151	0.499694	0.000000	0.000000	0.000459	0.000000	0.000000	0.000000	0.029696	0.000000
33	tsk_33	(x)	1	:	0.000000	1.000000	0.000000	0.000000	0.000000	0.000000	0.000000	0.000000	0.000000	0.000000
34	tsk_34	(x)	1	:	0.249273	0.499613	0.000000	0.000000	0.000581	0.000000	0.000000	0.000000	0.250533	0.000000
35	tsk_35	(x)	1	:	0.000000	0.500000	0.000000	0.000000	0.500000	0.000000	0.000000	0.000000	0.000000	0.000000
36	tsk_36	(x)	1	:	0.000000	0.500000	0.000000	0.000000	0.500000	0.000000	0.000000	0.000000	0.000000	0.000000
37	tsk_37	(x)	1	:	0.005678	0.000000	0.000000	0.000000	0.491363	0.500527	0.000000	0.000000	0.002432	0.000000
38	tsk_38	(x)	1	:	0.000071	0.497435	0.000000	0.000000	0.000000	0.502494	0.000000	0.000000	0.000000	0.000000
39	tsk_39	(x)	1	:	0.000000	1.000000	0.000000	0.000000	0.000000	0.000000	0.000000	0.000000	0.000000	0.000000
40	tsk_40	(x)	1	:	0.000000	1.000000	0.000000	0.000000	0.000000	0.000000	0.000000	0.000000	0.000000	0.000000
41	tsk_41	(x)	1	:	0.238749	0.000000	0.000000	0.000000	0.500000	0.000000	0.000000	0.000000	0.261251	0.000000
42	tsk_42	(x)	1	:	0.325851	0.499782	0.000000	0.000000	0.000326	0.000000	0.000000	0.000000	0.174040	0.000000
43	tsk_43	(x)	1	:	0.106128	0.000000	0.000000	0.319433	0.499993	0.000000	0.000000	0.000000	0.074447	0.000000
44	tsk_44	(x)	1	:	0.000000	0.047068	0.000000	0.000000	0.094658	0.000000	0.405330	0.000000	0.000000	0.452944
45	tsk_45	(x)	1	:	0.000000	1.000000	0.000000	0.000000	0.000000	0.000000	0.000000	0.000000	0.000000	0.000000
46	tsk_46	(x)	1	:	0.000000	0.500000	0.000000	0.000000	0.500000	0.000000	0.000000	0.000000	0.000000	0.000000
47	tsk_47	(x)	1	:	0.000000	0.047112	0.000000	0.000000	0.499990	0.000000	0.000000	0.000000	0.000000	0.452898
48	tsk_48	(x)	1	:	0.265186	0.046027	0.000000	0.000000	0.001664	0.000000	0.000000	0.000000	0.234249	0.452874
49	tsk_49	(x)	1	:	0.000000	0.000000	0.000000	0.000000	0.000000	0.000000	0.000000	0.000000	0.000000	1.000000
50	tsk_50	(x)	1	:	0.348511	0.499622	0.000000	0.000000	0.000567	0.000000	0.000000	0.000000	0.151300	0.000000
51	tsk_51	(x)	1	:	0.000000	0.500000	0.000000	0.000000	0.500000	0.000000	0.000000	0.000000	0.000000	0.000000
52	tsk_52	(x)	1	:	0.000000	0.000000	0.000000	0.000000	1.000000	0.000000	0.000000	0.000000	0.000000	0.000000
53	tsk_53	(x)	1	:	0.000000	0.000000	0.000000	0.000000	1.000000	0.000000	0.000000	0.000000	0.000000	0.000000
54	tsk_54	(x)	1	:	0.000000	1.000000	0.000000	0.000000	0.000000	0.000000	0.000000	0.000000	0.000000	0.000000
55	tsk_55	(x)	1	:	0.000000	1.000000	0.000000	0.000000	0.000000	0.000000	0.000000	0.000000	0.000000	0.000000
56	tsk_56	(x)	1	:	0.000000	0.000000	0.000000	0.000000	1.000000	0.000000	0.000000	0.000000	0.000000	0.000000
57	tsk_57	(x)	1	:	0.000000	0.500000	0.000000	0.000000	0.500000	0.000000	0.000000	0.000000	0.000000	0.000000
58	tsk_58	(x)	1	:	0.000000	0.500000	0.000000	0.000000	0.500000	0.000000	0.000000	0.000000	0.000000	0.000000
59	tsk_59	(x)	1	:	0.000000	0.493003	0.000000	0.506997	0.000000	0.000000	0.000000	0.000000	0.000000	0.000000
60	tsk_60	(x)	1	:	0.000000	0.000000	0.339141	0.000000	0.660859	0.000000	0.000000	0.000000	0.000000	0.000000
61	tsk_61	(x)	1	:	0.000000	0.000000	0.000000	0.000000	1.000000	0.000000	0.000000	0.000000	0.000000	0.000000
62	tsk_62	(x)	1	:	0.000000	0.000000	0.335900	0.000000	0.664100	0.000000	0.000000	0.000000	0.000000	0.000000
63	tsk_63	(x)	1	:	0.266746	0.000000	0.538862	0.000000	0.000000	0.000000	0.000000	0.000000	0.194392	0.000000
64	tsk_64	(x)	1	:	0.000000	0.000000	1.000000	0.000000	0.000000	0.000000	0.000000	0.000000	0.000000	0.000000
65	tsk_65	(x)	1	:	0.235851	0.000000	0.000000	0.000000	0.500000	0.000000	0.000000	0.000000	0.264149	0.000000
66	tsk_66	(x)	1	:	0.318223	0.000000	0.000000	0.000000	0.500000	0.000000	0.000000	0.000000	0.181777	0.000000
67	tsk_67	(x)	1	:	0.000000	0.000000	0.000000	0.000000	1.000000	0.000000	0.000000	0.000000	0.000000	0.000000
68	tsk_68	(x)	1	:	0.000000	0.000000	0.335900	0.000000	0.664100	0.000000	0.000000	0.000000	0.000000	0.000000
69	tsk_69	(x)	1	:	0.366570	0.333333	0.000000	0.000000	0.000000	0.000000	0.000000	0.000000	0.300097	0.000000
70	tsk_70	(x)	1	:	0.336876	0.000000	0.000000	0.000000	0.500000	0.000000	0.000000	0.000000	0.163124	0.000000
71	tsk_71	(x)	1	:	0.226138	0.000000	0.000000	0.000000	0.000000	0.000000	0.000000	0.000000	0.773862	0.000000
72	tsk_72	(x)	1	:	0.456306	0.000000	0.000000	0.000000	0.000000	0.000000	0.000000	0.000000	0.543694	0.000000
73	tsk_73	(x)	1	:	0.529478	0.000000	0.000000	0.000000	0.000000	0.000000	0.000000	0.000000	0.470522	0.000000
74	tsk_74	(x)	1	:	0.235766	0.000000	0.000000	0.000000	0.500000	0.000000	0.000000	0.000000	0.264234	0.000000
75	tsk_75	(x)	1	:	0.200819	0.000000	0.000000	0.000000	0.500000	0.000000	0.000000	0.000000	0.299181	0.000000
76	tsk_76	(x)	1	:	0.389475	0.000000	0.000000	0.000000	0.000000	0.000000	0.000000	0.000000	0.610525	0.000000
77	tsk_77	(x)	1	:	0.303538	0.000000	0.000000	0.000000	0.000000	0.000000	0.000000	0.000000	0.696462	0.000000
78	tsk_78	(x)	1	:	0.059791	0.000000	0.000000	0.000000	0.000000	0.000000	0.556698	0.000000	0.383511	0.000000
79	tsk_79	(x)	1	:	0.267784	0.499718	0.000000	0.000000	0.000423	0.000000	0.000000	0.000000	0.232074	0.000000
80	tsk_80	(x)	1	:	0.000000	1.000000	0.000000	0.000000	0.000000	0.000000	0.000000	0.000000	0.000000	0.000000
81	tsk_81	(x)	1	:	0.694219	0.000000	0.000000	0.000000	0.000000	0.000000	0.000000	0.000000	0.305781	0.000000
82	tsk_82	(x)	1	:	0.518176	0.000000	0.000000	0.319449	0.000000	0.000000	0.000000	0.000000	0.162375	0.000000
83	tsk_83	(x)	1	:	0.046762	0.000000	0.000000	0.319455	0.094709	0.000000	0.405294	0.000000	0.133780	0.000000
84	tsk_84	(x)	1	:	0.252867	0.000000	0.000000	0.319449	0.000000	0.000000	0.000000	0.000000	0.427683	0.000000
85	tsk_85	(x)	1	:	0.379157	0.000000	0.000000	0.319449	0.000000	0.000000	0.000000	0.000000	0.301393	0.000000
86	tsk_86	(x)	1	:	0.054511	0.000000	0.000000	0.000000	0.093324	0.092037	0.405360	0.000000	0.354768	0.000000
87	tsk_87	(x)	1	:	0.000000	0.499999	0.000000	0.000000	0.094717	0.000000	0.405284	0.000000	0.000000	0.000000
88	tsk_88	(x)	1	:	0.433648	0.000000	0.000000	0.319449	0.000000	0.000000	0.000000	0.000000	0.246903	0.000000
89	tsk_89	(x)	1	:	0.000000	1.000000	0.000000	0.000000	0.000000	0.000000	0.000000	0.000000	0.000000	0.000000
90	tsk_90	(x)	1	:	0.165125	0.000000	0.000000	0.000000	0.094695	0.000000	0.405298	0.000000	0.334883	0.000000
91	tsk_91	(x)	1	:	0.078613	0.000000	0.000000	0.000000	0.094695	0.000000	0.405298	0.000000	0.421394	0.000000
92	tsk_92	(x)	1	:	0.000000	0.000000	0.000000	0.000000	0.000000	0.000000	1.000000	0.000000	0.000000	0.000000
93	tsk_93	(x)	1	:	0.000000	0.000000	0.000000	0.000000	0.000000	0.000000	1.000000	0.000000	0.000000	0.000000
94	tsk_94	(x)	1	:	0.000000	0.000000	0.000000	0.000000	0.000000	0.000000	1.000000	0.000000	0.000000	0.000000
95	tsk_95	(x)	1	:	0.000000	1.000000	0.000000	0.000000	0.000000	0.000000	0.000000	0.000000	0.000000	0.000000
96	tsk_96	(x)	1	:	0.000000	0.000000	0.000000	0.000000	0.594716	0.000000	0.405284	0.000000	0.000000	0.000000
97	tsk_97	(x)	1	:	0.160734	0.000000	0.000000	0.000000	0.094695	0.000000	0.405298	0.000000	0.339273	0.000000
98	tsk_98	(x)	1	:	0.021473	0.000000	0.000000	0.000000	0.000000	0.000000	0.556698	0.000000	0.421829	0.000000
99	tsk_99	(x)	1	:	0.000000	0.000000	0.000000	0.000000	0.000000	0.000000	1.000000	0.000000	0.000000	0.000000
