logL = -921.009436 (converged)
AIC = 2150.018872
BIC = 2551.215081

count.K
50 50 

