logL = -501.582859 (converged)
AIC = 2387.165717
BIC = 4189.943486

count.K
9 56 14 6 4 11 

