logL = -563.381232 (converged)
AIC = 2676.762463
BIC = 4695.769357

count.K
10 4 27 5 18 20 16 

