logL = -806.289027 (converged)
AIC = 2508.578054
BIC = 3675.694297

count.K
10 11 30 49 

