logL = -413.041479 (converged)
AIC = 2334.082959
BIC = 4298.381279

count.K
10 23 4 15 29 17 2 

