0	tsk_0	(x)	1	:	0.000000	0.000000	0.000000	0.000000	0.000000	0.312528	0.219587	0.467885	0.000000
1	tsk_1	(x)	1	:	0.000000	0.000000	0.000000	0.000000	0.000000	0.000000	1.000000	0.000000	0.000000
2	tsk_2	(x)	1	:	0.000000	0.000000	0.000000	0.000000	0.000000	0.009416	0.494088	0.000000	0.496497
3	tsk_3	(x)	1	:	0.000000	0.351129	0.000000	0.159232	0.000000	0.000000	0.000000	0.001783	0.487856
4	tsk_4	(x)	1	:	0.000000	0.000000	0.000000	0.494255	0.000000	0.006612	0.491886	0.007247	0.000000
5	tsk_5	(x)	1	:	0.000000	0.195805	0.000000	0.309045	0.000000	0.000000	0.000000	0.004346	0.490804
6	tsk_6	(x)	1	:	0.000000	0.508973	0.000000	0.000178	0.000000	0.000065	0.490781	0.000003	0.000000
7	tsk_7	(x)	1	:	0.000000	0.000000	0.503795	0.000000	0.000000	0.000000	0.496204	0.000000	0.000000
8	tsk_8	(x)	1	:	0.000000	0.508957	0.000000	0.000198	0.000000	0.000069	0.490775	0.000001	0.000000
9	tsk_9	(x)	1	:	0.000000	0.000000	0.000000	0.000000	0.000000	0.000000	1.000000	0.000000	0.000000
10	tsk_10	(x)	1	:	0.000000	0.000000	0.000000	0.000000	0.000000	0.000000	0.000000	0.505632	0.494368
11	tsk_11	(x)	1	:	0.000000	0.000000	0.000000	0.000000	0.499460	0.000254	0.000300	0.499986	0.000000
12	tsk_12	(x)	1	:	0.000000	0.000000	0.000000	0.000000	0.000000	0.000000	0.000000	0.000000	1.000000
13	tsk_13	(x)	1	:	0.000000	0.000000	0.000000	0.000000	0.240781	0.000000	0.759219	0.000000	0.000000
14	tsk_14	(x)	1	:	0.000000	0.000000	0.000000	0.000000	0.000000	0.000000	0.000000	0.000000	1.000000
15	tsk_15	(x)	1	:	0.000000	0.000000	0.000000	0.000000	0.000000	0.000000	0.000000	0.000000	1.000000
16	tsk_16	(x)	1	:	0.000000	0.000000	0.000000	0.000000	0.503908	0.000489	0.000274	0.000000	0.495329
17	tsk_17	(x)	1	:	0.000000	0.000000	0.000000	0.000000	0.000000	0.000000	0.000000	0.505632	0.494368
18	tsk_18	(x)	1	:	0.000000	0.000000	0.000000	0.000000	0.503801	0.000433	0.000439	0.000000	0.495326
19	tsk_19	(x)	1	:	0.000000	0.000000	0.000000	0.000000	0.000000	0.010089	0.493486	0.000000	0.496425
20	tsk_20	(x)	1	:	0.000000	0.000000	0.000000	0.000000	0.999997	0.000000	0.000003	0.000000	0.000000
21	tsk_21	(x)	1	:	0.000000	0.000000	0.000000	0.000000	0.503745	0.000410	0.000520	0.000000	0.495324
22	tsk_22	(x)	1	:	0.000000	0.000000	0.000000	0.000000	0.000000	0.000000	0.000000	0.000000	1.000000
23	tsk_23	(x)	1	:	0.000000	0.000000	0.000000	0.000000	0.000000	0.000000	0.000000	0.000000	1.000000
24	tsk_24	(x)	1	:	0.000000	0.000000	0.000000	0.000000	0.000000	0.000000	0.000000	0.000000	1.000000
25	tsk_25	(x)	1	:	0.000000	0.000000	0.000000	0.000000	0.503841	0.000456	0.000376	0.000000	0.495327
26	tsk_26	(x)	1	:	0.000000	0.000000	0.000000	0.000000	0.503828	0.000468	0.000379	0.000000	0.495325
27	tsk_27	(x)	1	:	0.000000	0.000000	0.000000	0.000000	0.503901	0.000464	0.000303	0.000000	0.495331
28	tsk_28	(x)	1	:	0.000000	0.000000	0.000000	0.000000	0.000000	0.501024	0.000000	0.000000	0.498975
29	tsk_29	(x)	1	:	0.000000	0.000000	0.000000	0.000000	0.000000	0.501024	0.000000	0.000000	0.498975
30	tsk_30	(x)	1	:	0.000000	0.000000	0.498140	0.000000	0.000000	0.009353	0.492507	0.000000	0.000000
31	tsk_31	(x)	1	:	0.000000	0.000000	0.000000	0.492202	0.000000	0.006695	0.491654	0.009448	0.000000
32	tsk_32	(x)	1	:	0.000000	0.000000	0.499124	0.000000	0.000000	0.500875	0.000000	0.000000	0.000000
33	tsk_33	(x)	1	:	0.000000	0.000000	0.499124	0.000000	0.000000	0.500875	0.000000	0.000000	0.000000
34	tsk_34	(x)	1	:	0.000000	0.000000	0.000000	1.000000	0.000000	0.000000	0.000000	0.000000	0.000000
35	tsk_35	(x)	1	:	0.000000	0.000000	0.000000	0.000000	0.000000	0.470173	0.000000	0.000000	0.529827
36	tsk_36	(x)	1	:	0.000000	0.000000	0.000000	0.494073	0.000000	0.007063	0.491454	0.007409	0.000000
37	tsk_37	(x)	1	:	0.000000	0.000000	0.000000	0.000000	0.000000	0.485465	0.514535	0.000000	0.000000
38	tsk_38	(x)	1	:	0.000000	0.000000	0.000000	0.000000	0.000000	0.000631	0.474207	0.000000	0.525161
39	tsk_39	(x)	1	:	0.000000	0.000000	0.000000	0.492508	0.000000	0.006484	0.491873	0.009135	0.000000
40	tsk_40	(x)	1	:	0.000000	0.000000	0.000000	0.000000	0.000000	0.000000	0.000000	0.000000	1.000000
41	tsk_41	(x)	1	:	0.000000	0.000000	0.000000	0.000000	0.000000	0.501025	0.000000	0.000000	0.498975
42	tsk_42	(x)	1	:	0.000000	0.000000	0.000000	0.000000	0.000000	0.485465	0.514535	0.000000	0.000000
43	tsk_43	(x)	1	:	0.000000	0.000000	0.000000	0.000000	0.000000	0.312528	0.219587	0.467884	0.000000
44	tsk_44	(x)	1	:	0.000000	0.000000	0.000000	0.000000	0.000000	0.515990	0.484010	0.000000	0.000000
45	tsk_45	(x)	1	:	0.000000	0.000000	0.000000	0.000000	0.000000	0.000000	0.000000	0.474470	0.525530
46	tsk_46	(x)	1	:	0.000000	0.000000	0.000000	0.000000	0.000000	0.501025	0.000000	0.000000	0.498975
47	tsk_47	(x)	1	:	0.000000	0.000000	0.000000	0.000000	0.000000	0.339235	0.660765	0.000000	0.000000
48	tsk_48	(x)	1	:	0.000000	0.000000	0.000000	0.000000	0.000000	0.000543	0.474601	0.000000	0.524856
49	tsk_49	(x)	1	:	0.000000	0.000000	0.000000	0.000000	0.000000	0.000000	0.000000	0.000000	1.000000
50	tsk_50	(x)	1	:	0.398067	0.091946	0.000000	0.000000	0.000000	0.000000	0.499411	0.010576	0.000000
51	tsk_51	(x)	1	:	0.000000	0.000000	0.000000	0.000000	0.000000	0.501025	0.000000	0.000000	0.498975
52	tsk_52	(x)	1	:	0.323198	0.000000	0.000000	0.000000	0.000000	0.000000	0.000000	0.182435	0.494367
53	tsk_53	(x)	1	:	0.999999	0.000000	0.000000	0.000000	0.000000	0.000000	0.000000	0.000001	0.000000
54	tsk_54	(x)	1	:	0.999998	0.000000	0.000000	0.000000	0.000000	0.000000	0.000000	0.000002	0.000000
55	tsk_55	(x)	1	:	0.454842	0.000000	0.000000	0.000000	0.000000	0.496946	0.000000	0.048211	0.000000
56	tsk_56	(x)	1	:	0.000000	0.000000	0.000000	0.000000	0.000000	0.501025	0.000000	0.000000	0.498975
57	tsk_57	(x)	1	:	0.454850	0.000000	0.000000	0.000000	0.000000	0.496947	0.000000	0.048203	0.000000
58	tsk_58	(x)	1	:	0.000000	0.000000	0.000000	0.000000	0.000000	1.000000	0.000000	0.000000	0.000000
59	tsk_59	(x)	1	:	0.654894	0.000000	0.000000	0.000000	0.000000	0.000000	0.000000	0.345106	0.000000
60	tsk_60	(x)	1	:	0.000000	0.000000	0.000000	0.000000	0.405589	0.496804	0.097607	0.000000	0.000000
61	tsk_61	(x)	1	:	0.000000	0.000000	0.000000	0.519241	0.399422	0.000179	0.081158	0.000000	0.000000
62	tsk_62	(x)	1	:	0.000000	0.000000	0.000000	0.000000	0.000000	0.000000	0.000000	0.000000	1.000000
63	tsk_63	(x)	1	:	0.000000	0.000000	0.000000	0.000000	0.490414	0.000000	0.000000	0.509586	0.000000
64	tsk_64	(x)	1	:	0.000000	0.000000	0.000000	0.497539	0.000000	0.000000	0.000000	0.502461	0.000000
65	tsk_65	(x)	1	:	0.000000	0.000000	0.000000	0.000000	0.000000	0.496929	0.000000	0.503071	0.000000
66	tsk_66	(x)	1	:	0.000000	0.000000	0.000000	0.000000	0.791048	0.000000	0.208952	0.000000	0.000000
67	tsk_67	(x)	1	:	0.000000	0.000000	0.000000	0.000000	0.499928	0.000043	0.000000	0.500029	0.000000
68	tsk_68	(x)	1	:	0.000000	0.000000	0.000000	0.000000	0.395831	0.000000	0.604169	0.000000	0.000000
69	tsk_69	(x)	1	:	0.000000	0.000000	0.000000	0.497539	0.000000	0.000000	0.000000	0.502461	0.000000
70	tsk_70	(x)	1	:	0.000000	0.000000	0.000000	0.000000	0.000000	0.000000	0.000000	1.000000	0.000000
71	tsk_71	(x)	1	:	0.000000	0.000000	0.000000	0.000000	0.000000	0.485465	0.514535	0.000000	0.000000
72	tsk_72	(x)	1	:	0.000000	0.000000	0.000000	0.000000	0.000000	0.485465	0.514535	0.000000	0.000000
73	tsk_73	(x)	1	:	0.000000	0.000000	0.000000	0.000000	0.000000	0.007306	0.491495	0.501199	0.000000
74	tsk_74	(x)	1	:	0.000000	0.000000	0.000000	0.000000	0.000000	0.007528	0.491289	0.501183	0.000000
75	tsk_75	(x)	1	:	0.000000	0.000000	0.000000	0.000000	0.000000	0.006962	0.491813	0.501225	0.000000
76	tsk_76	(x)	1	:	0.000000	0.000000	0.000000	0.000000	0.000000	0.485465	0.514535	0.000000	0.000000
77	tsk_77	(x)	1	:	0.000000	0.000000	0.000000	0.000000	0.000000	0.496929	0.000000	0.503071	0.000000
78	tsk_78	(x)	1	:	0.000000	0.000000	0.000000	0.000000	0.000000	0.000000	0.000000	1.000000	0.000000
79	tsk_79	(x)	1	:	0.000000	0.000000	0.000000	0.000000	0.000000	0.000000	0.000000	1.000000	0.000000
80	tsk_80	(x)	1	:	0.000000	0.000000	0.000000	0.494472	0.404408	0.017921	0.076402	0.006796	0.000000
81	tsk_81	(x)	1	:	0.000000	0.000000	0.000000	0.000000	0.518979	0.478428	0.002593	0.000000	0.000000
82	tsk_82	(x)	1	:	0.000000	0.000000	0.000000	0.000000	0.499680	0.000157	0.000156	0.500006	0.000000
83	tsk_83	(x)	1	:	0.000000	0.000000	0.000000	0.000000	0.000000	0.000000	0.000000	1.000000	0.000000
84	tsk_84	(x)	1	:	0.000000	0.000000	0.000000	0.493231	0.000000	0.496573	0.000000	0.010195	0.000000
85	tsk_85	(x)	1	:	0.000000	0.000001	0.000000	0.492655	0.000000	0.496526	0.000000	0.010817	0.000000
86	tsk_86	(x)	1	:	0.000000	0.000000	0.000000	0.492044	0.498993	0.000184	0.000439	0.008340	0.000000
87	tsk_87	(x)	1	:	0.000000	0.000000	0.000000	0.497539	0.000000	0.000000	0.000000	0.502461	0.000000
88	tsk_88	(x)	1	:	0.000000	0.000000	0.496454	0.490250	0.000000	0.000000	0.000000	0.013296	0.000000
89	tsk_89	(x)	1	:	0.000000	0.000000	0.000000	0.000000	0.499719	0.000118	0.000151	0.500011	0.000000
90	tsk_90	(x)	1	:	0.000000	0.000000	0.000000	1.000000	0.000000	0.000000	0.000000	0.000000	0.000000
91	tsk_91	(x)	1	:	0.454877	0.000000	0.000000	0.000000	0.000000	0.496949	0.000000	0.048174	0.000000
92	tsk_92	(x)	1	:	0.000000	0.000000	0.496457	0.490307	0.000000	0.000000	0.000000	0.013236	0.000000
93	tsk_93	(x)	1	:	0.000000	0.000000	0.504487	0.000000	0.000000	0.000075	0.495437	0.000000	0.000000
94	tsk_94	(x)	1	:	0.000000	0.000000	0.499364	0.000000	0.000000	0.000000	0.000000	0.000000	0.500636
95	tsk_95	(x)	1	:	0.000000	0.000000	0.499124	0.000000	0.000000	0.500875	0.000000	0.000000	0.000000
96	tsk_96	(x)	1	:	0.000000	0.000000	0.499364	0.000000	0.000000	0.000000	0.000000	0.000000	0.500636
97	tsk_97	(x)	1	:	0.000000	0.000000	0.000000	1.000000	0.000000	0.000000	0.000000	0.000000	0.000000
98	tsk_98	(x)	1	:	0.000000	0.151652	0.000000	0.343405	0.000001	0.000000	0.500668	0.004274	0.000000
99	tsk_99	(x)	1	:	0.000000	0.000000	0.504488	0.000000	0.000000	0.000048	0.495463	0.000000	0.000000
