logL = -479.760540 (converged)
AIC = 2937.521081
BIC = 5514.034395

count.K
14 7 1 14 17 39 0 2 6 

