logL = -1453.239961 (converged)
AIC = 4106.479921
BIC = 5669.582033

count.K
0 23 18 23 36 

