logL = -496.456113 (converged)
AIC = 2208.912225
BIC = 3792.855698

count.K
0 16 45 5 32 2 

