logL = -737.918711 (converged)
AIC = 3935.837423
BIC = 7140.196752

count.K
17 13 0 5 3 20 13 5 13 11 

