logL = -880.358085 (converged)
AIC = 3792.716171
BIC = 6439.569080

count.K
3 19 17 7 0 5 8 6 35 

