logL = -824.528089 (converged)
AIC = 1949.056178
BIC = 2339.831706

count.K
61 39 

