logL = -580.596677 (converged)
AIC = 3441.193355
BIC = 6411.087367

count.K
5 10 4 3 11 16 5 1 42 3 

