logL = -843.721180 (converged)
AIC = 3071.442360
BIC = 4874.220129

count.K
4 12 25 18 35 6 

