logL = -715.183859 (converged)
AIC = 2540.367718
BIC = 3986.237171

count.K
24 19 21 22 14 

