logL = -478.113006 (converged)
AIC = 2844.226012
BIC = 5303.506667

count.K
7 3 16 3 22 35 5 6 3 

