0	tsk_0	(x)	1	:	0.486586	0.000000	0.501354	0.000000	0.000000	0.000000	0.012060	0.000000	0.000000
1	tsk_1	(x)	1	:	0.000000	0.000000	0.999999	0.000000	0.000000	0.000001	0.000000	0.000000	0.000000
2	tsk_2	(x)	1	:	0.486565	0.000000	0.501347	0.000000	0.000000	0.000000	0.012088	0.000000	0.000000
3	tsk_3	(x)	1	:	0.000000	0.000000	0.000000	0.000000	0.389036	0.000000	0.610923	0.000041	0.000000
4	tsk_4	(x)	1	:	0.000000	0.000000	0.499806	0.000000	0.000000	0.000000	0.000000	0.500194	0.000000
5	tsk_5	(x)	1	:	0.000000	0.000000	0.999999	0.000000	0.000000	0.000001	0.000000	0.000000	0.000000
6	tsk_6	(x)	1	:	0.000000	0.000000	1.000000	0.000000	0.000000	0.000000	0.000000	0.000000	0.000000
7	tsk_7	(x)	1	:	0.487120	0.000000	0.000000	0.000000	0.000000	0.000000	0.512878	0.000001	0.000000
8	tsk_8	(x)	1	:	0.000000	0.000000	1.000000	0.000000	0.000000	0.000000	0.000000	0.000000	0.000000
9	tsk_9	(x)	1	:	0.000000	0.000000	1.000000	0.000000	0.000000	0.000000	0.000000	0.000000	0.000000
10	tsk_10	(x)	1	:	0.000000	0.000000	0.000000	0.830640	0.000000	0.000000	0.000000	0.000000	0.169360
11	tsk_11	(x)	1	:	0.000000	0.000000	0.000000	0.908755	0.000000	0.000000	0.000000	0.000000	0.091245
12	tsk_12	(x)	1	:	0.000000	0.000000	0.000000	0.759667	0.000000	0.000000	0.000000	0.000000	0.240333
13	tsk_13	(x)	1	:	0.000000	0.493007	0.000000	0.282949	0.000000	0.000000	0.005427	0.000000	0.218617
14	tsk_14	(x)	1	:	0.000000	0.000000	0.000000	0.331024	0.388964	0.000000	0.109408	0.000096	0.170509
15	tsk_15	(x)	1	:	0.000000	0.000000	0.000000	0.312894	0.388965	0.000000	0.109501	0.000017	0.188623
16	tsk_16	(x)	1	:	0.000000	0.000000	0.000000	0.823784	0.000000	0.000000	0.000000	0.000000	0.176216
17	tsk_17	(x)	1	:	0.000000	0.000000	0.000000	0.933684	0.000000	0.000000	0.000000	0.000000	0.066315
18	tsk_18	(x)	1	:	0.000000	0.000000	0.000000	0.854744	0.000000	0.000000	0.000000	0.000000	0.145256
19	tsk_19	(x)	1	:	0.000000	0.000000	0.000000	0.849903	0.000000	0.000000	0.000000	0.000000	0.150097
20	tsk_20	(x)	1	:	0.000000	0.000000	0.000000	0.000000	1.000000	0.000000	0.000000	0.000000	0.000000
21	tsk_21	(x)	1	:	0.000000	0.000000	0.000000	0.000000	0.388940	0.000000	0.610901	0.000159	0.000000
22	tsk_22	(x)	1	:	0.000000	0.000000	0.009307	0.000000	0.389118	0.493351	0.108096	0.000128	0.000000
23	tsk_23	(x)	1	:	0.000000	0.000000	0.008419	0.000000	0.000000	0.494085	0.497496	0.000000	0.000000
24	tsk_24	(x)	1	:	0.000000	0.000000	0.000000	0.000000	0.388782	0.000000	0.610869	0.000349	0.000000
25	tsk_25	(x)	1	:	0.000000	0.000000	0.000000	0.000000	1.000000	0.000000	0.000000	0.000000	0.000000
26	tsk_26	(x)	1	:	0.000000	0.000000	0.000000	0.000000	0.000000	0.000000	0.999999	0.000001	0.000000
27	tsk_27	(x)	1	:	0.000000	0.000000	0.008369	0.000000	0.000000	0.494128	0.497503	0.000000	0.000000
28	tsk_28	(x)	1	:	0.000000	0.000000	0.000000	0.000000	0.388079	0.000000	0.610777	0.001145	0.000000
29	tsk_29	(x)	1	:	0.000000	0.000000	0.499999	0.000000	0.000000	0.500001	0.000000	0.000000	0.000000
30	tsk_30	(x)	1	:	1.000000	0.000000	0.000000	0.000000	0.000000	0.000000	0.000000	0.000000	0.000000
31	tsk_31	(x)	1	:	1.000000	0.000000	0.000000	0.000000	0.000000	0.000000	0.000000	0.000000	0.000000
32	tsk_32	(x)	1	:	1.000000	0.000000	0.000000	0.000000	0.000000	0.000000	0.000000	0.000000	0.000000
33	tsk_33	(x)	1	:	1.000000	0.000000	0.000000	0.000000	0.000000	0.000000	0.000000	0.000000	0.000000
34	tsk_34	(x)	1	:	0.487120	0.000000	0.000000	0.000000	0.388995	0.000000	0.123833	0.000052	0.000000
35	tsk_35	(x)	1	:	0.000000	0.000000	0.000000	0.853163	0.000000	0.000000	0.000000	0.000000	0.146837
36	tsk_36	(x)	1	:	0.000000	0.000000	0.000000	0.871734	0.000000	0.000000	0.000000	0.000000	0.128266
37	tsk_37	(x)	1	:	0.487119	0.000000	0.000000	0.000000	0.388968	0.000000	0.123839	0.000073	0.000000
38	tsk_38	(x)	1	:	0.000000	0.000000	0.000000	0.766720	0.000000	0.000000	0.000000	0.000000	0.233280
39	tsk_39	(x)	1	:	0.000000	0.000000	0.000000	0.296985	0.388952	0.000000	0.109460	0.000063	0.204539
40	tsk_40	(x)	1	:	0.000000	0.000000	0.000000	0.000000	0.000000	0.999999	0.000000	0.000000	0.000000
41	tsk_41	(x)	1	:	0.000000	0.000000	0.501518	0.000000	0.388951	0.000000	0.109492	0.000038	0.000000
42	tsk_42	(x)	1	:	0.000000	0.000000	0.000000	0.000000	0.999999	0.000000	0.000001	0.000000	0.000000
43	tsk_43	(x)	1	:	0.000000	0.000000	0.000000	0.000000	1.000000	0.000000	0.000000	0.000000	0.000000
44	tsk_44	(x)	1	:	0.000000	0.000000	0.501516	0.000000	0.388954	0.000000	0.109505	0.000025	0.000000
45	tsk_45	(x)	1	:	0.000000	0.000000	0.000000	0.000000	1.000000	0.000000	0.000000	0.000000	0.000000
46	tsk_46	(x)	1	:	0.000000	0.000000	0.009543	0.000000	0.389216	0.493166	0.107926	0.000149	0.000000
47	tsk_47	(x)	1	:	0.000000	0.000000	0.009306	0.000000	0.389019	0.493328	0.108271	0.000075	0.000000
48	tsk_48	(x)	1	:	0.000000	0.000000	0.999999	0.000000	0.000000	0.000001	0.000000	0.000000	0.000000
49	tsk_49	(x)	1	:	0.000000	0.000000	0.009122	0.000000	0.389011	0.493486	0.108297	0.000083	0.000000
50	tsk_50	(x)	1	:	0.486660	0.000000	0.000000	0.205241	0.000000	0.000000	0.011961	0.000000	0.296137
51	tsk_51	(x)	1	:	0.486677	0.000000	0.501384	0.000000	0.000000	0.000001	0.011938	0.000000	0.000000
52	tsk_52	(x)	1	:	0.000000	0.000000	0.000000	0.896349	0.000000	0.000000	0.000000	0.000000	0.103651
53	tsk_53	(x)	1	:	0.486625	0.000000	0.000000	0.405077	0.000000	0.000000	0.012008	0.000000	0.096290
54	tsk_54	(x)	1	:	0.487144	0.000000	0.000000	0.258002	0.000000	0.000000	0.011317	0.000000	0.243537
55	tsk_55	(x)	1	:	0.000000	0.000000	0.999999	0.000000	0.000000	0.000001	0.000000	0.000000	0.000000
56	tsk_56	(x)	1	:	0.487515	0.000000	0.501661	0.000000	0.000000	0.000001	0.010823	0.000000	0.000000
57	tsk_57	(x)	1	:	0.000000	0.000000	0.000000	0.903181	0.000000	0.000000	0.000000	0.000000	0.096819
58	tsk_58	(x)	1	:	0.486681	0.000000	0.000000	0.264545	0.000000	0.000000	0.011933	0.000000	0.236840
59	tsk_59	(x)	1	:	0.000000	0.000000	0.000000	0.907262	0.000000	0.000000	0.000000	0.000000	0.092738
60	tsk_60	(x)	1	:	0.000000	0.000000	0.000000	0.000000	0.000000	0.000000	0.496398	0.503602	0.000000
61	tsk_61	(x)	1	:	0.000000	0.000000	0.000000	0.225504	0.000000	0.000000	0.498470	0.000000	0.276026
62	tsk_62	(x)	1	:	0.486564	0.000000	0.000000	0.371896	0.000000	0.000000	0.012090	0.000000	0.129451
63	tsk_63	(x)	1	:	0.000000	0.000000	0.000000	0.550656	0.000000	0.000000	0.000000	0.000000	0.449344
64	tsk_64	(x)	1	:	0.000000	0.000000	0.000000	0.799890	0.000000	0.000000	0.000000	0.000000	0.200110
65	tsk_65	(x)	1	:	0.487120	0.000000	0.000000	0.000000	0.000000	0.000000	0.512880	0.000001	0.000000
66	tsk_66	(x)	1	:	0.000000	0.000000	0.000000	0.000000	0.388939	0.000000	0.610900	0.000161	0.000000
67	tsk_67	(x)	1	:	0.487118	0.000000	0.000000	0.000000	0.000000	0.000000	0.512882	0.000000	0.000000
68	tsk_68	(x)	1	:	0.000000	0.000000	0.000000	0.228774	0.000000	0.000000	0.498470	0.000000	0.272756
69	tsk_69	(x)	1	:	0.487130	0.000000	0.000000	0.278872	0.000000	0.000000	0.011335	0.000000	0.222662
70	tsk_70	(x)	1	:	0.000000	0.000000	0.000000	0.000000	1.000000	0.000000	0.000000	0.000000	0.000000
71	tsk_71	(x)	1	:	0.000000	1.000000	0.000000	0.000000	0.000000	0.000000	0.000000	0.000000	0.000000
72	tsk_72	(x)	1	:	0.000000	0.000000	0.000000	0.000000	1.000000	0.000000	0.000000	0.000000	0.000000
73	tsk_73	(x)	1	:	0.493828	0.506172	0.000000	0.000000	0.000000	0.000000	0.000000	0.000000	0.000000
74	tsk_74	(x)	1	:	0.000000	0.000000	0.000000	0.000000	1.000000	0.000000	0.000000	0.000000	0.000000
75	tsk_75	(x)	1	:	0.000000	0.000000	0.000000	0.000000	1.000000	0.000000	0.000000	0.000000	0.000000
76	tsk_76	(x)	1	:	0.510924	0.000000	0.000000	0.000000	0.489076	0.000000	0.000000	0.000000	0.000000
77	tsk_77	(x)	1	:	0.000000	0.452847	0.000000	0.000000	0.547153	0.000000	0.000000	0.000000	0.000000
78	tsk_78	(x)	1	:	0.000000	0.000000	0.000000	0.000000	1.000000	0.000000	0.000000	0.000000	0.000000
79	tsk_79	(x)	1	:	0.510924	0.000000	0.000000	0.000000	0.489076	0.000000	0.000000	0.000000	0.000000
80	tsk_80	(x)	1	:	0.000000	0.000000	0.501530	0.000000	0.000000	0.000000	0.498470	0.000000	0.000000
81	tsk_81	(x)	1	:	0.000000	0.000000	0.500000	0.373737	0.000000	0.000000	0.000000	0.000000	0.126263
82	tsk_82	(x)	1	:	0.000000	0.000000	0.000000	0.824572	0.000000	0.000000	0.000000	0.000000	0.175428
83	tsk_83	(x)	1	:	0.000000	0.000000	0.000000	0.000000	0.000000	0.000000	1.000000	0.000000	0.000000
84	tsk_84	(x)	1	:	0.000000	0.000000	0.000000	0.284629	0.524348	0.000000	0.000001	0.000000	0.191022
85	tsk_85	(x)	1	:	0.000000	0.000000	0.500000	0.317075	0.000000	0.000000	0.000000	0.000000	0.182925
86	tsk_86	(x)	1	:	0.000000	0.000000	0.462241	0.000000	0.000000	0.000000	0.537758	0.000000	0.000000
87	tsk_87	(x)	1	:	0.000000	0.000000	0.000000	0.000000	0.627752	0.000000	0.372209	0.000039	0.000000
88	tsk_88	(x)	1	:	0.000000	0.000000	0.501530	0.000000	0.000000	0.000000	0.498470	0.000000	0.000000
89	tsk_89	(x)	1	:	0.000000	0.000000	0.000000	0.000000	0.000000	0.000000	1.000000	0.000000	0.000000
90	tsk_90	(x)	1	:	0.000000	0.000000	0.000000	0.308399	0.000000	0.000000	0.498470	0.000000	0.193131
91	tsk_91	(x)	1	:	0.000000	0.000000	0.000001	0.000000	0.000000	0.999999	0.000000	0.000000	0.000000
92	tsk_92	(x)	1	:	0.000000	0.000000	0.000000	0.000000	0.000000	1.000000	0.000000	0.000000	0.000000
93	tsk_93	(x)	1	:	0.000000	0.000000	0.006568	0.306288	0.000000	0.494363	0.000000	0.000000	0.192781
94	tsk_94	(x)	1	:	0.000000	0.000000	0.000000	0.000000	0.000000	1.000000	0.000000	0.000000	0.000000
95	tsk_95	(x)	1	:	0.000000	0.000000	0.000009	0.000000	0.000000	0.999991	0.000000	0.000000	0.000000
96	tsk_96	(x)	1	:	0.000000	0.000000	0.000000	0.000000	0.000000	1.000000	0.000000	0.000000	0.000000
97	tsk_97	(x)	1	:	0.000000	0.000000	0.000000	0.000000	0.000000	1.000000	0.000000	0.000000	0.000000
98	tsk_98	(x)	1	:	0.000000	0.000000	0.000000	0.926769	0.000000	0.000000	0.000000	0.000000	0.073231
99	tsk_99	(x)	1	:	0.000000	0.000000	0.000000	0.000000	0.000000	1.000000	0.000000	0.000000	0.000000
