logL = -618.418573 (converged)
AIC = 1512.837147
BIC = 1872.350632

count.K
45 55 

