logL = -1499.969062 (converged)
AIC = 3879.938124
BIC = 5026.213006

count.K
21 31 28 20 

