logL = -848.737184 (converged)
AIC = 3261.474367
BIC = 5298.717453

count.K
6 1 27 17 23 19 7 

