logL = -723.831027 (converged)
AIC = 1731.662055
BIC = 2101.596221

count.K
72 28 

