logL = -449.244846 (converged)
AIC = 2698.489692
BIC = 5043.142860

count.K
3 17 2 9 23 10 33 3 

