logL = -893.530751 (converged)
AIC = 2917.061501
BIC = 4388.982656

count.K
22 26 34 3 15 

