logL = -822.537594 (converged)
AIC = 3965.075188
BIC = 6987.072604

count.K
11 22 12 17 13 14 2 6 3 

