logL = -533.675726 (converged)
AIC = 2077.351452
BIC = 3392.962396

count.K
12 19 14 15 40 

