logL = -752.944725 (converged)
AIC = 3483.889450
BIC = 6060.402764

count.K
2 18 19 26 3 7 13 2 10 

