logL = -403.767908 (converged)
AIC = 2731.535816
BIC = 5237.709535

count.K
1 28 12 2 14 5 7 22 9 

