logL = -696.315090 (converged)
AIC = 1906.630180
BIC = 2576.158918

count.K
26 44 30 

