0	tsk_0	(x)	1	:	0.000000	0.000000	0.000000	0.000000	0.000000	0.000000	0.000000	0.381284	0.000000	0.618716
1	tsk_1	(x)	1	:	0.000000	0.000000	0.000000	0.000000	0.302037	0.000000	0.000000	0.209249	0.000000	0.488714
2	tsk_2	(x)	1	:	0.000000	0.077417	0.000000	0.000000	0.000000	0.422556	0.000166	0.281386	0.000000	0.218475
3	tsk_3	(x)	1	:	0.000000	0.263697	0.000000	0.000000	0.000000	0.236244	0.000369	0.359954	0.000000	0.139736
4	tsk_4	(x)	1	:	0.000000	0.233592	0.000000	0.000000	0.000000	0.266408	0.000000	0.000000	0.000000	0.500000
5	tsk_5	(x)	1	:	0.000000	0.000000	0.000000	0.000000	0.000000	0.000000	0.000000	0.531679	0.000000	0.468321
6	tsk_6	(x)	1	:	0.000000	0.000000	0.000000	0.000000	0.000000	0.499970	0.000189	0.252728	0.000000	0.247114
7	tsk_7	(x)	1	:	0.000000	0.233457	0.000000	0.000000	0.000000	0.266485	0.000364	0.267910	0.000000	0.231784
8	tsk_8	(x)	1	:	0.000000	0.333222	0.000000	0.000000	0.000000	0.166761	0.000106	0.112699	0.000000	0.387212
9	tsk_9	(x)	1	:	0.000000	0.093246	0.000000	0.000000	0.000000	0.906754	0.000000	0.000000	0.000000	0.000000
10	tsk_10	(x)	1	:	0.000000	0.000000	0.000000	0.000000	0.000000	0.000000	0.000000	0.000000	0.000000	1.000000
11	tsk_11	(x)	1	:	0.516245	0.000000	0.000000	0.000000	0.483755	0.000000	0.000000	0.000000	0.000000	0.000000
12	tsk_12	(x)	1	:	0.000000	0.000000	0.000000	0.000000	0.000000	0.000000	0.000000	0.457563	0.000000	0.542437
13	tsk_13	(x)	1	:	0.000000	0.000000	0.000000	0.000000	0.426038	0.000000	0.000000	0.272066	0.000000	0.301897
14	tsk_14	(x)	1	:	0.000000	0.000000	0.000000	0.000000	0.000000	0.000000	0.000000	0.257990	0.000000	0.742010
15	tsk_15	(x)	1	:	0.000000	0.000000	0.000000	0.000000	0.000000	0.000000	0.000000	0.791877	0.000000	0.208123
16	tsk_16	(x)	1	:	0.000000	0.000000	0.000000	0.000000	0.426038	0.000000	0.000000	0.330189	0.000000	0.243774
17	tsk_17	(x)	1	:	0.000000	0.000000	0.000000	0.000000	0.000000	0.000000	0.000000	0.378337	0.000000	0.621663
18	tsk_18	(x)	1	:	0.000000	0.000000	0.000000	0.000000	0.000000	0.000000	0.000000	0.746990	0.000000	0.253010
19	tsk_19	(x)	1	:	0.000000	0.000000	0.000000	0.000000	1.000000	0.000000	0.000000	0.000000	0.000000	0.000000
20	tsk_20	(x)	1	:	0.000000	0.000000	0.000000	0.500000	0.000000	0.000000	0.000000	0.282717	0.000000	0.217283
21	tsk_21	(x)	1	:	1.000000	0.000000	0.000000	0.000000	0.000000	0.000000	0.000000	0.000000	0.000000	0.000000
22	tsk_22	(x)	1	:	0.000000	0.000000	0.000000	1.000000	0.000000	0.000000	0.000000	0.000000	0.000000	0.000000
23	tsk_23	(x)	1	:	0.000000	0.090204	0.000000	0.000000	0.000000	0.909796	0.000000	0.000000	0.000000	0.000000
24	tsk_24	(x)	1	:	0.000000	0.312450	0.000000	0.000000	0.000000	0.187481	0.000429	0.216434	0.000000	0.283206
25	tsk_25	(x)	1	:	0.000000	0.285627	0.000000	0.000000	0.000000	0.214373	0.000000	0.438240	0.000000	0.061760
26	tsk_26	(x)	1	:	0.000000	0.147496	0.000000	0.000000	0.000000	0.352452	0.000321	0.365251	0.000000	0.134480
27	tsk_27	(x)	1	:	0.000000	0.024335	0.000000	0.000000	0.000000	0.975665	0.000000	0.000000	0.000000	0.000000
28	tsk_28	(x)	1	:	0.000000	0.131359	0.000000	0.500000	0.000000	0.368641	0.000000	0.000000	0.000000	0.000000
29	tsk_29	(x)	1	:	1.000000	0.000000	0.000000	0.000000	0.000000	0.000000	0.000000	0.000000	0.000000	0.000000
30	tsk_30	(x)	1	:	0.000000	0.000000	0.539034	0.000000	0.000000	0.000000	0.000012	0.308931	0.000000	0.152023
31	tsk_31	(x)	1	:	0.000000	0.000000	0.000000	0.000000	0.000000	0.000000	0.000000	0.000000	0.000000	1.000000
32	tsk_32	(x)	1	:	0.000000	0.000000	0.000000	0.000000	0.000000	0.000000	0.000000	0.634736	0.000000	0.365264
33	tsk_33	(x)	1	:	0.000000	0.000000	0.000000	0.000000	0.000000	0.000000	0.000000	0.328222	0.000000	0.671778
34	tsk_34	(x)	1	:	0.000000	0.000000	0.000000	0.000000	0.000000	0.000000	0.000000	0.240393	0.000000	0.759606
35	tsk_35	(x)	1	:	0.000000	0.000000	0.000000	0.000000	0.000000	0.000000	0.000000	0.169868	0.000000	0.830132
36	tsk_36	(x)	1	:	0.000000	0.000000	0.000000	0.000000	0.000000	0.000000	0.000000	0.167928	0.000000	0.832072
37	tsk_37	(x)	1	:	0.000000	0.000000	0.000000	0.000000	0.000000	0.000000	0.000000	0.248874	0.000000	0.751125
38	tsk_38	(x)	1	:	0.000000	0.000000	0.000000	0.000000	0.000000	0.000000	0.000000	0.685260	0.000000	0.314740
39	tsk_39	(x)	1	:	0.000000	0.000000	0.000000	0.000000	0.000000	0.000000	0.000000	0.204714	0.000000	0.795286
40	tsk_40	(x)	1	:	0.000000	0.000000	0.000000	0.000000	0.000000	0.000000	0.474169	0.154643	0.000000	0.371188
41	tsk_41	(x)	1	:	0.000000	0.161884	0.000000	0.000000	0.000000	0.343477	0.494639	0.000000	0.000000	0.000000
42	tsk_42	(x)	1	:	0.000000	0.000000	0.000000	0.000000	0.000000	0.000000	1.000000	0.000000	0.000000	0.000000
43	tsk_43	(x)	1	:	0.000000	0.000000	0.000000	0.000000	0.000000	0.000000	0.000000	0.173146	0.000000	0.826854
44	tsk_44	(x)	1	:	0.000000	0.000000	0.000000	0.000000	0.000000	0.000000	0.474169	0.371111	0.000000	0.154720
45	tsk_45	(x)	1	:	0.000000	0.050785	0.000000	0.000000	0.000000	0.454576	0.494639	0.000000	0.000000	0.000000
46	tsk_46	(x)	1	:	0.000000	0.000000	0.000000	0.000000	0.000000	0.000000	1.000000	0.000000	0.000000	0.000000
47	tsk_47	(x)	1	:	0.000000	0.000000	0.000000	0.000000	0.000000	0.000000	0.474169	0.271834	0.000000	0.253997
48	tsk_48	(x)	1	:	0.000000	0.000000	0.000000	0.000000	0.426037	0.000000	0.000000	0.342665	0.000000	0.231298
49	tsk_49	(x)	1	:	0.000000	0.000000	0.000000	0.000000	0.000000	0.000000	0.658697	0.253239	0.000000	0.088064
50	tsk_50	(x)	1	:	0.000000	0.000000	0.496492	0.000000	0.000000	0.000000	0.002096	0.323392	0.000000	0.178020
51	tsk_51	(x)	1	:	0.000000	0.000000	0.496500	0.000000	0.000000	0.000000	0.002044	0.278351	0.000000	0.223104
52	tsk_52	(x)	1	:	0.000000	0.000000	0.496502	0.000000	0.000000	0.000000	0.002037	0.148543	0.000000	0.352918
53	tsk_53	(x)	1	:	0.000000	0.100043	0.000000	0.000000	0.000000	0.399916	0.000251	0.335134	0.000000	0.164656
54	tsk_54	(x)	1	:	0.000000	0.000000	0.496499	0.000000	0.000000	0.000000	0.002050	0.222232	0.000000	0.279218
55	tsk_55	(x)	1	:	0.000000	0.198997	0.000000	0.000000	0.000000	0.306445	0.494559	0.000000	0.000000	0.000000
56	tsk_56	(x)	1	:	0.000000	0.000000	0.496473	0.000000	0.000000	0.000000	0.002212	0.224458	0.000000	0.276857
57	tsk_57	(x)	1	:	0.000000	0.000000	0.000000	0.000000	0.000000	0.000000	0.474169	0.255303	0.000000	0.270527
58	tsk_58	(x)	1	:	0.000000	0.000000	0.501635	0.000000	0.000000	0.000000	0.498365	0.000000	0.000000	0.000000
59	tsk_59	(x)	1	:	0.000000	0.000000	0.000000	0.000000	0.000000	0.000000	0.000000	0.709868	0.000000	0.290132
60	tsk_60	(x)	1	:	0.000000	0.102645	0.000000	0.000000	0.000000	0.897355	0.000000	0.000000	0.000000	0.000000
61	tsk_61	(x)	1	:	0.000000	0.000000	0.000000	0.000000	0.000000	0.000000	1.000000	0.000000	0.000000	0.000000
62	tsk_62	(x)	1	:	0.000000	0.000000	0.000000	0.000000	0.000000	0.500000	0.000000	0.000000	0.500000	0.000000
63	tsk_63	(x)	1	:	0.000000	0.240519	0.000000	0.000000	0.000000	0.264842	0.494639	0.000000	0.000000	0.000000
64	tsk_64	(x)	1	:	0.000000	0.000000	0.000000	0.000000	0.000000	0.000000	0.474169	0.125338	0.000000	0.400492
65	tsk_65	(x)	1	:	0.000000	0.000000	0.000000	0.000000	0.000000	0.000000	0.495527	0.000000	0.504473	0.000000
66	tsk_66	(x)	1	:	0.000000	0.000000	0.000000	0.000000	0.000000	0.000000	0.495527	0.000000	0.504473	0.000000
67	tsk_67	(x)	1	:	0.000000	0.059480	0.000000	0.000000	0.000000	0.445881	0.494639	0.000000	0.000000	0.000000
68	tsk_68	(x)	1	:	0.000000	0.000000	0.000000	0.000000	0.000000	0.500000	0.000000	0.000000	0.500000	0.000000
69	tsk_69	(x)	1	:	0.000000	0.000000	0.000000	0.000000	0.000000	0.000000	0.000000	0.000000	1.000000	0.000000
70	tsk_70	(x)	1	:	0.000000	0.000000	0.000000	0.000000	0.000000	0.000000	0.000000	0.033589	0.000000	0.966411
71	tsk_71	(x)	1	:	0.000000	0.133616	0.000000	0.000000	0.000000	0.866384	0.000000	0.000000	0.000000	0.000000
72	tsk_72	(x)	1	:	0.000000	0.242522	0.000000	0.000000	0.000000	0.257456	0.000137	0.290642	0.000000	0.209244
73	tsk_73	(x)	1	:	0.000000	0.171079	0.000000	0.000000	0.000000	0.328921	0.000000	0.274284	0.000000	0.225716
74	tsk_74	(x)	1	:	0.000000	0.233054	0.000000	0.000000	0.302176	0.266647	0.002030	0.075809	0.000000	0.120284
75	tsk_75	(x)	1	:	0.000000	0.132118	0.000000	0.000000	0.000000	0.367838	0.000276	0.183377	0.000000	0.316391
76	tsk_76	(x)	1	:	0.321116	0.090190	0.000000	0.000000	0.000000	0.409653	0.001073	0.045917	0.000000	0.132051
77	tsk_77	(x)	1	:	0.000000	0.000000	0.000000	0.000000	0.000000	0.000000	0.000000	0.388388	0.000000	0.611612
78	tsk_78	(x)	1	:	0.000000	0.000000	0.000000	0.000000	0.000000	0.000000	0.000000	0.261645	0.000000	0.738355
79	tsk_79	(x)	1	:	0.000000	0.000000	0.000000	0.000000	0.000000	1.000000	0.000000	0.000000	0.000000	0.000000
80	tsk_80	(x)	1	:	0.000000	0.000000	0.000000	0.000000	0.000000	0.000000	0.000000	0.433828	0.000000	0.566172
81	tsk_81	(x)	1	:	0.000000	0.000000	0.000000	0.000000	0.000000	0.000000	0.000000	0.492073	0.000000	0.507927
82	tsk_82	(x)	1	:	0.000000	0.000000	0.000000	0.000000	0.000000	0.000000	0.000000	0.631581	0.000000	0.368419
83	tsk_83	(x)	1	:	0.000000	0.000000	0.000000	0.000000	0.000000	0.000000	0.000000	0.767681	0.000000	0.232318
84	tsk_84	(x)	1	:	0.000000	0.000000	0.000000	0.000000	0.000000	0.000000	0.000000	0.221746	0.000000	0.778254
85	tsk_85	(x)	1	:	0.000000	0.000000	0.000000	0.000000	0.000000	0.000000	0.000000	0.901250	0.000000	0.098750
86	tsk_86	(x)	1	:	0.000000	0.000000	0.000000	0.000000	0.000000	0.000000	0.000000	0.495422	0.000000	0.504577
87	tsk_87	(x)	1	:	0.000000	0.000000	0.000000	0.000000	0.000000	0.000000	0.000000	0.379494	0.000000	0.620506
88	tsk_88	(x)	1	:	0.000000	0.000000	0.000000	0.000000	0.000000	0.000000	0.000000	0.781908	0.000000	0.218092
89	tsk_89	(x)	1	:	0.000000	0.000000	0.000000	0.000000	0.000000	0.000000	0.000000	0.652128	0.000000	0.347872
90	tsk_90	(x)	1	:	0.000000	0.226394	0.000000	0.000000	0.000000	0.273606	0.000000	0.326338	0.000000	0.173662
91	tsk_91	(x)	1	:	0.000000	0.297766	0.000000	0.000000	0.000000	0.202170	0.000402	0.144270	0.000000	0.355393
92	tsk_92	(x)	1	:	0.000000	0.000000	0.000000	0.000000	0.000000	1.000000	0.000000	0.000000	0.000000	0.000000
93	tsk_93	(x)	1	:	0.000000	0.063798	0.000000	0.000000	0.000000	0.936202	0.000000	0.000000	0.000000	0.000000
94	tsk_94	(x)	1	:	0.000000	0.216659	0.000000	0.000000	0.000000	0.283341	0.000000	0.282595	0.000000	0.217405
95	tsk_95	(x)	1	:	0.000000	0.247580	0.000000	0.000000	0.000000	0.252396	0.000152	0.346838	0.000000	0.153034
96	tsk_96	(x)	1	:	0.000000	0.098471	0.000000	0.000000	0.000000	0.901529	0.000000	0.000000	0.000000	0.000000
97	tsk_97	(x)	1	:	0.000000	0.030240	0.000000	0.000000	0.000000	0.969760	0.000000	0.000000	0.000000	0.000000
98	tsk_98	(x)	1	:	0.000000	0.056194	0.000000	0.000000	0.000000	0.943805	0.000000	0.000000	0.000000	0.000000
99	tsk_99	(x)	1	:	0.000000	0.087275	0.000000	0.000000	0.000000	0.912725	0.000000	0.000000	0.000000	0.000000
