logL = -2038.204789 (converged)
AIC = 5396.409579
BIC = 7115.821902

count.K
34 4 0 24 38 

