logL = -277.557449 (converged)
AIC = 2035.114898
BIC = 3962.940835

count.K
4 5 5 39 3 39 5 

