logL = -660.127395 (converged)
AIC = 1592.254790
BIC = 1946.557935

count.K
69 31 

