logL = -1241.102093 (converged)
AIC = 3622.204186
BIC = 5107.151192

count.K
12 19 9 41 19 

