logL = -1337.066799 (converged)
AIC = 4154.133599
BIC = 6081.959536

count.K
24 13 34 15 5 9 

