logL = -1054.343194 (converged)
AIC = 3108.686388
BIC = 4411.271481

count.K
61 5 23 11 

