logL = -988.023973 (converged)
AIC = 2562.047945
BIC = 3325.362810

count.K
58 22 20 

