logL = -630.956497 (converged)
AIC = 3521.912993
BIC = 6465.755303

count.K
22 19 6 14 0 6 8 8 13 4 

