logL = -1023.731918 (converged)
AIC = 2871.463836
BIC = 3944.793953

count.K
22 35 30 13 

