logL = -574.808711 (converged)
AIC = 1657.617422
BIC = 2319.330649

count.K
45 33 22 

