logL = -776.726033 (converged)
AIC = 2121.452067
BIC = 2861.320399

count.K
19 50 31 

