logL = -338.987518 (converged)
AIC = 2429.975036
BIC = 4712.104119

count.K
5 2 18 7 43 16 1 8 

