logL = -715.605923 (converged)
AIC = 2791.211846
BIC = 4562.727573

count.K
11 22 7 46 13 1 

