logL = -377.112656 (converged)
AIC = 1530.225312
BIC = 2541.031344

count.K
52 10 30 8 

