logL = -744.953489 (converged)
AIC = 2039.906978
BIC = 2756.328779

count.K
18 40 42 

