logL = -1772.746532 (converged)
AIC = 3885.493064
BIC = 4328.371996

count.K
53 47 

