logL = -709.305608 (converged)
AIC = 1914.611216
BIC = 2560.693422

count.K
38 21 41 

