logL = -327.007964 (converged)
AIC = 1674.015928
BIC = 3002.652723

count.K
7 49 7 31 6 

