logL = -411.657322 (converged)
AIC = 2039.314643
BIC = 3623.258116

count.K
13 18 10 17 26 16 

