logL = -414.047830 (converged)
AIC = 2878.095661
BIC = 5548.395101

count.K
51 5 2 23 6 5 7 0 1 

