logL = -198.451174 (converged)
AIC = 2302.902348
BIC = 4785.629535

count.K
0 71 11 0 1 1 2 4 10 

