logL = -963.375712 (converged)
AIC = 2230.751425
BIC = 2626.737293

count.K
26 74 

