logL = -1290.841332 (converged)
AIC = 3173.682664
BIC = 3944.813039

count.K
10 57 33 

