logL = -1031.657614 (converged)
AIC = 3767.315229
BIC = 5986.920227

count.K
6 5 28 3 48 3 7 

