logL = -515.230061 (converged)
AIC = 1538.460123
BIC = 2200.173350

count.K
13 65 22 

