logL = -873.409968 (converged)
AIC = 2034.819937
BIC = 2409.964443

count.K
69 31 

