0	tsk_0	(x)	1	:	0.000000	0.000000	0.243738	0.000000	0.526721	0.229541	0.000000
1	tsk_1	(x)	1	:	0.000000	0.000000	0.178393	0.000000	0.496727	0.324879	0.000000
2	tsk_2	(x)	1	:	0.000000	0.000000	0.000000	0.000000	1.000000	0.000000	0.000000
3	tsk_3	(x)	1	:	0.000000	0.000000	0.000000	0.000000	1.000000	0.000000	0.000000
4	tsk_4	(x)	1	:	0.000000	0.000000	0.204137	0.000000	0.527108	0.268755	0.000000
5	tsk_5	(x)	1	:	0.000000	0.000000	0.247713	0.000000	0.496696	0.255591	0.000000
6	tsk_6	(x)	1	:	0.000000	0.000000	0.240741	0.000000	0.496730	0.262530	0.000000
7	tsk_7	(x)	1	:	0.000000	0.000000	0.146240	0.000000	0.527109	0.326651	0.000000
8	tsk_8	(x)	1	:	0.000000	0.000000	0.000000	0.000000	1.000000	0.000000	0.000000
9	tsk_9	(x)	1	:	0.000000	0.000000	0.196170	0.000000	0.496726	0.307104	0.000000
10	tsk_10	(x)	1	:	0.000000	0.000000	0.206016	0.494381	0.000000	0.299603	0.000000
11	tsk_11	(x)	1	:	0.000000	0.166512	0.553365	0.000000	0.000000	0.280123	0.000000
12	tsk_12	(x)	1	:	0.000000	0.000000	0.078557	0.000000	0.496728	0.424715	0.000000
13	tsk_13	(x)	1	:	0.000000	0.000000	0.759137	0.000000	0.000000	0.240863	0.000000
14	tsk_14	(x)	1	:	0.000000	0.000000	0.602113	0.000000	0.000000	0.397886	0.000000
15	tsk_15	(x)	1	:	0.000000	0.000000	0.644153	0.000000	0.000000	0.355847	0.000000
16	tsk_16	(x)	1	:	0.000000	0.000000	0.120925	0.000000	0.496719	0.382356	0.000000
17	tsk_17	(x)	1	:	0.000000	0.000000	0.513208	0.000000	0.000000	0.486792	0.000000
18	tsk_18	(x)	1	:	0.000000	0.000000	0.084880	0.000000	0.496724	0.418395	0.000000
19	tsk_19	(x)	1	:	0.000000	0.000000	0.633528	0.000000	0.000000	0.366472	0.000000
20	tsk_20	(x)	1	:	0.000000	0.000000	0.736868	0.000000	0.000000	0.263132	0.000000
21	tsk_21	(x)	1	:	0.000000	0.000000	0.758241	0.000000	0.000000	0.241759	0.000000
22	tsk_22	(x)	1	:	0.000000	0.000000	0.838525	0.000000	0.000000	0.161475	0.000000
23	tsk_23	(x)	1	:	0.000000	0.000000	0.776469	0.000000	0.000000	0.223531	0.000000
24	tsk_24	(x)	1	:	0.000000	0.000000	0.128847	0.000000	0.000000	0.871153	0.000000
25	tsk_25	(x)	1	:	0.000000	0.000000	0.691934	0.000000	0.000000	0.308066	0.000000
26	tsk_26	(x)	1	:	0.000000	0.000000	0.747679	0.000000	0.000000	0.252321	0.000000
27	tsk_27	(x)	1	:	0.000000	0.000000	0.741150	0.000000	0.000000	0.258850	0.000000
28	tsk_28	(x)	1	:	0.000000	0.000000	0.631643	0.000000	0.000000	0.368357	0.000000
29	tsk_29	(x)	1	:	0.000000	0.499604	0.332446	0.000000	0.000000	0.167950	0.000000
30	tsk_30	(x)	1	:	0.000000	0.000000	0.287463	0.000000	0.000000	0.712536	0.000000
31	tsk_31	(x)	1	:	0.482321	0.000000	0.418115	0.000000	0.000000	0.099564	0.000000
32	tsk_32	(x)	1	:	0.000000	0.166218	0.501697	0.000000	0.000000	0.332084	0.000000
33	tsk_33	(x)	1	:	0.000000	0.000000	0.598284	0.000000	0.000000	0.401716	0.000000
34	tsk_34	(x)	1	:	0.000000	0.000000	0.661615	0.000000	0.000000	0.338385	0.000000
35	tsk_35	(x)	1	:	0.000000	0.000000	0.647704	0.000000	0.000000	0.352296	0.000000
36	tsk_36	(x)	1	:	0.000000	0.000000	0.646003	0.000000	0.000000	0.353997	0.000000
37	tsk_37	(x)	1	:	0.000000	0.000000	0.057370	0.000000	0.496725	0.445904	0.000000
38	tsk_38	(x)	1	:	0.000000	0.000000	0.366415	0.000000	0.000000	0.633585	0.000000
39	tsk_39	(x)	1	:	0.000000	0.499225	0.359858	0.000000	0.000000	0.140917	0.000000
40	tsk_40	(x)	1	:	0.000000	0.000000	0.156883	0.000000	0.496710	0.346407	0.000000
41	tsk_41	(x)	1	:	0.000000	0.499370	0.330394	0.000000	0.000000	0.170236	0.000000
42	tsk_42	(x)	1	:	0.000000	0.000000	0.094755	0.542492	0.000000	0.362753	0.000000
43	tsk_43	(x)	1	:	0.000000	0.000000	0.631577	0.000000	0.000000	0.368423	0.000000
44	tsk_44	(x)	1	:	0.000000	0.502377	0.000000	0.000000	0.497623	0.000000	0.000000
45	tsk_45	(x)	1	:	0.484090	0.000000	0.464914	0.000000	0.000000	0.050996	0.000000
46	tsk_46	(x)	1	:	0.000000	1.000000	0.000000	0.000000	0.000000	0.000000	0.000000
47	tsk_47	(x)	1	:	0.000000	0.000000	0.729212	0.000000	0.000000	0.270788	0.000000
48	tsk_48	(x)	1	:	0.000000	0.000000	0.174499	0.493907	0.000000	0.331594	0.000000
49	tsk_49	(x)	1	:	0.000000	0.000000	0.000000	0.000000	1.000000	0.000000	0.000000
50	tsk_50	(x)	1	:	0.486354	0.500047	0.013162	0.000000	0.000000	0.000436	0.000000
51	tsk_51	(x)	1	:	0.488325	0.500698	0.009167	0.000000	0.000000	0.001810	0.000000
52	tsk_52	(x)	1	:	1.000000	0.000000	0.000000	0.000000	0.000000	0.000000	0.000000
53	tsk_53	(x)	1	:	0.528312	0.000000	0.000012	0.000000	0.471667	0.000007	0.000003
54	tsk_54	(x)	1	:	0.000000	0.499345	0.213789	0.000000	0.000000	0.286865	0.000000
55	tsk_55	(x)	1	:	0.000000	0.499729	0.364744	0.000000	0.000000	0.135527	0.000000
56	tsk_56	(x)	1	:	0.000000	0.499638	0.438140	0.000000	0.000000	0.062221	0.000000
57	tsk_57	(x)	1	:	0.000000	1.000000	0.000000	0.000000	0.000000	0.000000	0.000000
58	tsk_58	(x)	1	:	0.000000	0.499679	0.404993	0.000000	0.000000	0.095328	0.000000
59	tsk_59	(x)	1	:	0.482379	0.000000	0.435309	0.000000	0.000000	0.082312	0.000000
60	tsk_60	(x)	1	:	0.000000	0.000000	0.000033	0.000000	0.000000	0.000011	0.999957
61	tsk_61	(x)	1	:	0.000000	0.166189	0.393751	0.000000	0.000000	0.440059	0.000000
62	tsk_62	(x)	1	:	0.000000	0.166637	0.606096	0.000000	0.000000	0.227267	0.000000
63	tsk_63	(x)	1	:	0.000000	0.000000	0.467219	0.000000	0.000000	0.532781	0.000000
64	tsk_64	(x)	1	:	0.000000	0.000000	0.154651	0.000000	0.496716	0.348633	0.000000
65	tsk_65	(x)	1	:	0.000000	0.000000	0.591971	0.000000	0.000000	0.408029	0.000000
66	tsk_66	(x)	1	:	0.000000	0.000000	0.524183	0.000000	0.000000	0.475817	0.000000
67	tsk_67	(x)	1	:	0.484832	0.166434	0.327541	0.000000	0.000000	0.021193	0.000000
68	tsk_68	(x)	1	:	0.000000	0.000000	0.194261	0.000000	0.496677	0.309062	0.000000
69	tsk_69	(x)	1	:	0.000000	0.000000	0.658732	0.000000	0.000000	0.341268	0.000000
70	tsk_70	(x)	1	:	0.483931	0.166272	0.300233	0.000000	0.000000	0.049564	0.000000
71	tsk_71	(x)	1	:	0.000000	0.000000	0.147436	0.000000	0.496724	0.355840	0.000000
72	tsk_72	(x)	1	:	0.482811	0.000000	0.428754	0.000000	0.000000	0.088435	0.000000
73	tsk_73	(x)	1	:	0.485459	0.000000	0.456729	0.000000	0.000000	0.057812	0.000000
74	tsk_74	(x)	1	:	0.000000	0.000000	0.189779	0.000000	0.496719	0.313502	0.000000
75	tsk_75	(x)	1	:	0.483483	0.000000	0.388642	0.000000	0.000000	0.127875	0.000000
76	tsk_76	(x)	1	:	0.485142	0.000000	0.427006	0.000000	0.000000	0.087852	0.000000
77	tsk_77	(x)	1	:	0.000000	0.000000	0.134288	0.000000	0.496712	0.368999	0.000000
78	tsk_78	(x)	1	:	0.487625	0.000000	0.010741	0.000000	0.496905	0.004728	0.000000
79	tsk_79	(x)	1	:	0.000000	0.000000	0.924304	0.000000	0.000000	0.075695	0.000000
80	tsk_80	(x)	1	:	0.490393	0.000000	0.009314	0.495591	0.000000	0.004702	0.000000
81	tsk_81	(x)	1	:	0.000000	0.000000	0.000000	0.000000	0.480611	0.000000	0.519389
82	tsk_82	(x)	1	:	0.000000	0.000000	0.145259	0.494468	0.000000	0.360273	0.000000
83	tsk_83	(x)	1	:	0.000000	0.000000	0.676777	0.000000	0.000000	0.323223	0.000000
84	tsk_84	(x)	1	:	0.000000	0.000000	0.000000	1.000000	0.000000	0.000000	0.000000
85	tsk_85	(x)	1	:	0.487725	0.000000	0.013465	0.495068	0.000000	0.003742	0.000000
86	tsk_86	(x)	1	:	0.000000	0.000000	0.000000	0.000000	1.000000	0.000000	0.000000
87	tsk_87	(x)	1	:	0.485097	0.000000	0.362338	0.000000	0.000000	0.152565	0.000000
88	tsk_88	(x)	1	:	0.000000	0.000000	0.171584	0.494184	0.000000	0.334232	0.000000
89	tsk_89	(x)	1	:	0.000000	0.000000	0.111827	0.494421	0.000000	0.393752	0.000000
90	tsk_90	(x)	1	:	0.000000	0.000000	0.165957	0.000000	0.496711	0.337332	0.000000
91	tsk_91	(x)	1	:	0.000000	0.000000	0.000000	0.000000	1.000000	0.000000	0.000000
92	tsk_92	(x)	1	:	0.000000	0.000000	0.083220	0.000000	0.496723	0.420058	0.000000
93	tsk_93	(x)	1	:	0.000000	0.000000	0.107725	0.000000	0.496706	0.395568	0.000000
94	tsk_94	(x)	1	:	0.000000	0.000000	0.149576	0.000000	0.496715	0.353709	0.000000
95	tsk_95	(x)	1	:	0.000000	0.000000	0.457688	0.000000	0.000000	0.542312	0.000000
96	tsk_96	(x)	1	:	0.484602	0.000000	0.395885	0.000000	0.000000	0.119513	0.000000
97	tsk_97	(x)	1	:	0.000000	0.000000	0.632860	0.000000	0.000000	0.367140	0.000000
98	tsk_98	(x)	1	:	0.000000	0.000000	0.272152	0.000000	0.496719	0.231129	0.000000
99	tsk_99	(x)	1	:	0.000000	0.000000	0.107366	0.000000	0.496728	0.395906	0.000000
