0	tsk_0	(x)	1	:	0.000000	0.577168	0.000000	0.000000	0.000000	0.000000	0.422832	0.000000	0.000000
1	tsk_1	(x)	1	:	0.000000	0.193656	0.500929	0.000000	0.000000	0.000000	0.305415	0.000000	0.000000
2	tsk_2	(x)	1	:	0.000000	0.266522	0.500929	0.000000	0.000000	0.000000	0.232550	0.000000	0.000000
3	tsk_3	(x)	1	:	0.000000	0.042991	0.502003	0.000000	0.419322	0.000000	0.035684	0.000000	0.000000
4	tsk_4	(x)	1	:	0.511245	0.298077	0.000001	0.000000	0.000000	0.000000	0.190677	0.000000	0.000000
5	tsk_5	(x)	1	:	0.000000	0.162002	0.500929	0.000000	0.000000	0.000000	0.337069	0.000000	0.000000
6	tsk_6	(x)	1	:	0.000000	0.207441	0.000000	0.000000	0.411539	0.000000	0.381020	0.000000	0.000000
7	tsk_7	(x)	1	:	0.000000	0.347918	0.000000	0.000000	0.000000	0.000000	0.188141	0.000000	0.463940
8	tsk_8	(x)	1	:	0.000000	0.443714	0.000000	0.000000	0.000000	0.000000	0.556286	0.000000	0.000000
9	tsk_9	(x)	1	:	0.000000	0.271316	0.500929	0.000000	0.000000	0.000000	0.227756	0.000000	0.000000
10	tsk_10	(x)	1	:	0.000000	0.194846	0.000000	0.400932	0.000000	0.000000	0.404221	0.000000	0.000000
11	tsk_11	(x)	1	:	0.000000	0.000000	0.508836	0.000000	0.000000	0.000000	0.000000	0.000000	0.491164
12	tsk_12	(x)	1	:	0.000000	0.000000	0.478445	0.000000	0.000000	0.000000	0.000000	0.000000	0.521555
13	tsk_13	(x)	1	:	0.000000	0.000000	0.000000	0.408268	0.000000	0.000000	0.000000	0.000000	0.591732
14	tsk_14	(x)	1	:	0.000000	0.306781	0.000000	0.000000	0.411534	0.000000	0.281684	0.000000	0.000000
15	tsk_15	(x)	1	:	0.000000	0.013911	0.505657	0.000000	0.000000	0.000000	0.000000	0.000000	0.480431
16	tsk_16	(x)	1	:	0.000000	0.031078	0.502002	0.000000	0.419308	0.000000	0.047612	0.000000	0.000000
17	tsk_17	(x)	1	:	0.000000	0.000000	0.000000	0.324596	0.000000	0.000000	0.000000	0.000000	0.675404
18	tsk_18	(x)	1	:	0.000000	0.000000	0.000000	0.000000	0.000000	0.000000	0.000000	0.000000	1.000000
19	tsk_19	(x)	1	:	0.000000	0.000000	1.000000	0.000000	0.000000	0.000000	0.000000	0.000000	0.000000
20	tsk_20	(x)	1	:	0.000000	0.000153	0.000000	0.000000	0.494053	0.505312	0.000482	0.000000	0.000000
21	tsk_21	(x)	1	:	0.000000	0.000000	0.000000	0.000000	0.000000	1.000000	0.000000	0.000000	0.000000
22	tsk_22	(x)	1	:	0.000000	0.000341	0.000000	0.000000	0.494002	0.505296	0.000362	0.000000	0.000000
23	tsk_23	(x)	1	:	0.000000	0.000000	0.000000	0.000000	0.000000	1.000000	0.000000	0.000000	0.000000
24	tsk_24	(x)	1	:	0.000000	0.000000	0.000000	0.000000	1.000000	0.000000	0.000000	0.000000	0.000000
25	tsk_25	(x)	1	:	0.000000	0.246325	0.000000	0.000000	0.490045	0.000000	0.263630	0.000000	0.000000
26	tsk_26	(x)	1	:	0.000000	0.000000	0.000000	0.000000	0.000000	1.000000	0.000000	0.000000	0.000000
27	tsk_27	(x)	1	:	0.000000	0.000000	0.500000	0.000000	0.000000	0.500000	0.000000	0.000000	0.000000
28	tsk_28	(x)	1	:	0.000000	0.296149	0.000000	0.000000	0.000000	0.503252	0.200598	0.000000	0.000000
29	tsk_29	(x)	1	:	0.000000	0.063743	0.000000	0.000000	0.847164	0.000000	0.089093	0.000000	0.000000
30	tsk_30	(x)	1	:	0.000000	0.198969	0.000000	0.000000	0.000000	0.000000	0.216363	0.000000	0.584668
31	tsk_31	(x)	1	:	0.000000	0.646575	0.000000	0.000000	0.000000	0.000000	0.353424	0.000000	0.000000
32	tsk_32	(x)	1	:	0.000000	0.000000	0.000000	0.000000	0.000000	0.000000	0.000000	0.441446	0.558554
33	tsk_33	(x)	1	:	0.000000	0.549090	0.000000	0.000000	0.000000	0.000000	0.450910	0.000000	0.000000
34	tsk_34	(x)	1	:	0.000000	0.346554	0.000000	0.400930	0.000000	0.000000	0.252516	0.000000	0.000000
35	tsk_35	(x)	1	:	0.000000	0.423907	0.000000	0.000000	0.000000	0.000000	0.576093	0.000000	0.000000
36	tsk_36	(x)	1	:	0.000000	0.627672	0.000000	0.000000	0.000000	0.000000	0.000000	0.000000	0.372328
37	tsk_37	(x)	1	:	0.000000	0.284857	0.500929	0.000000	0.000000	0.000000	0.214214	0.000000	0.000000
38	tsk_38	(x)	1	:	0.000000	0.000000	0.000000	0.000000	0.000000	0.454483	0.000000	0.000000	0.545517
39	tsk_39	(x)	1	:	0.000000	0.619218	0.000000	0.000000	0.000000	0.000000	0.380782	0.000000	0.000000
40	tsk_40	(x)	1	:	0.000000	0.013105	0.501130	0.000000	0.000000	0.000000	0.021119	0.000000	0.464646
41	tsk_41	(x)	1	:	0.000000	0.183548	0.500929	0.000000	0.000000	0.000000	0.315523	0.000000	0.000000
42	tsk_42	(x)	1	:	0.000000	0.000000	0.000000	0.000000	0.000000	0.000000	0.000000	0.000000	1.000000
43	tsk_43	(x)	1	:	0.000000	0.000000	0.000000	0.000000	0.000000	0.000000	0.000000	0.000000	1.000000
44	tsk_44	(x)	1	:	0.000000	0.278723	0.000000	0.000000	0.000000	0.000000	0.257339	0.000000	0.463938
45	tsk_45	(x)	1	:	0.000000	0.079368	0.000000	0.000000	0.392836	0.000000	0.062307	0.000000	0.465489
46	tsk_46	(x)	1	:	0.000000	0.319844	0.000000	0.000000	0.000000	0.000000	0.216217	0.000000	0.463939
47	tsk_47	(x)	1	:	0.000000	0.591140	0.000000	0.000000	0.000000	0.000000	0.408860	0.000000	0.000000
48	tsk_48	(x)	1	:	0.000000	0.013736	0.503957	0.000000	0.000000	0.000000	0.007733	0.000000	0.474574
49	tsk_49	(x)	1	:	0.000000	0.000000	1.000000	0.000000	0.000000	0.000000	0.000000	0.000000	0.000000
50	tsk_50	(x)	1	:	0.528366	0.000005	0.000000	0.471623	0.000000	0.000000	0.000005	0.000000	0.000000
51	tsk_51	(x)	1	:	0.000000	0.000000	1.000000	0.000000	0.000000	0.000000	0.000000	0.000000	0.000000
52	tsk_52	(x)	1	:	0.000000	0.000000	1.000000	0.000000	0.000000	0.000000	0.000000	0.000000	0.000000
53	tsk_53	(x)	1	:	0.000000	0.000000	1.000000	0.000000	0.000000	0.000000	0.000000	0.000000	0.000000
54	tsk_54	(x)	1	:	0.000000	0.000000	1.000000	0.000000	0.000000	0.000000	0.000000	0.000000	0.000000
55	tsk_55	(x)	1	:	0.000000	0.000000	1.000000	0.000000	0.000000	0.000000	0.000000	0.000000	0.000000
56	tsk_56	(x)	1	:	0.000000	0.155552	0.500928	0.194031	0.000000	0.000000	0.149490	0.000000	0.000000
57	tsk_57	(x)	1	:	1.000000	0.000000	0.000000	0.000000	0.000000	0.000000	0.000000	0.000000	0.000000
58	tsk_58	(x)	1	:	0.000000	0.000000	1.000000	0.000000	0.000000	0.000000	0.000000	0.000000	0.000000
59	tsk_59	(x)	1	:	0.000000	0.000000	1.000000	0.000000	0.000000	0.000000	0.000000	0.000000	0.000000
60	tsk_60	(x)	1	:	0.000000	0.645429	0.000000	0.000000	0.000000	0.000000	0.354571	0.000000	0.000000
61	tsk_61	(x)	1	:	0.000000	0.409351	0.000000	0.000000	0.000000	0.000000	0.590649	0.000000	0.000000
62	tsk_62	(x)	1	:	0.000000	0.394950	0.000000	0.000000	0.390313	0.000000	0.214737	0.000000	0.000000
63	tsk_63	(x)	1	:	0.000000	0.366516	0.000000	0.000000	0.000000	0.503256	0.130228	0.000000	0.000000
64	tsk_64	(x)	1	:	0.000000	0.353511	0.000000	0.000000	0.000000	0.000000	0.646489	0.000000	0.000000
65	tsk_65	(x)	1	:	0.000000	0.423178	0.000000	0.000000	0.000000	0.000000	0.576822	0.000000	0.000000
66	tsk_66	(x)	1	:	0.000000	0.074787	0.000000	0.000000	0.845036	0.000000	0.080177	0.000000	0.000000
67	tsk_67	(x)	1	:	0.000000	0.559374	0.000000	0.000000	0.000000	0.000000	0.440626	0.000000	0.000000
68	tsk_68	(x)	1	:	0.000000	0.356589	0.000000	0.000000	0.000000	0.000000	0.643411	0.000000	0.000000
69	tsk_69	(x)	1	:	0.000000	0.344436	0.000000	0.000000	0.000000	0.000000	0.655564	0.000000	0.000000
70	tsk_70	(x)	1	:	0.000000	0.203987	0.000000	0.181230	0.000000	0.000000	0.614783	0.000000	0.000000
71	tsk_71	(x)	1	:	0.000000	0.242370	0.000000	0.181228	0.000000	0.000000	0.576401	0.000000	0.000000
72	tsk_72	(x)	1	:	0.000000	0.818758	0.000000	0.181242	0.000000	0.000000	0.000000	0.000000	0.000000
73	tsk_73	(x)	1	:	0.000000	0.132048	0.000000	0.424982	0.000000	0.000000	0.442970	0.000000	0.000000
74	tsk_74	(x)	1	:	0.000000	0.010994	0.505936	0.000000	0.000000	0.000000	0.001687	0.000000	0.481383
75	tsk_75	(x)	1	:	0.000000	0.257720	0.000000	0.000000	0.000000	0.000000	0.278342	0.000000	0.463938
76	tsk_76	(x)	1	:	0.000000	0.102902	0.000000	0.241479	0.000000	0.000000	0.294881	0.000000	0.360738
77	tsk_77	(x)	1	:	0.000000	0.710153	0.000000	0.000000	0.000000	0.000000	0.289847	0.000000	0.000000
78	tsk_78	(x)	1	:	0.000000	0.259416	0.000000	0.000000	0.000000	0.000000	0.276646	0.000000	0.463938
79	tsk_79	(x)	1	:	0.000000	0.299918	0.000000	0.181227	0.000000	0.000000	0.518855	0.000000	0.000000
80	tsk_80	(x)	1	:	0.000000	0.116906	0.000000	0.000000	0.000000	0.000000	0.376578	0.506515	0.000000
81	tsk_81	(x)	1	:	0.000000	0.000000	0.500000	0.000000	0.000000	0.000000	0.000000	0.500000	0.000000
82	tsk_82	(x)	1	:	0.000000	0.000000	0.500000	0.000000	0.000000	0.000000	0.000000	0.500000	0.000000
83	tsk_83	(x)	1	:	0.000000	0.232211	0.500929	0.000000	0.000000	0.000000	0.266860	0.000000	0.000000
84	tsk_84	(x)	1	:	0.000000	0.000000	0.000000	0.000000	0.000000	0.000000	0.000000	1.000000	0.000000
85	tsk_85	(x)	1	:	0.000000	0.056047	0.000000	0.400422	0.000000	0.000000	0.038229	0.505301	0.000000
86	tsk_86	(x)	1	:	0.000000	0.679560	0.000000	0.000000	0.000000	0.000000	0.320440	0.000000	0.000000
87	tsk_87	(x)	1	:	0.000000	0.031405	0.500960	0.401033	0.000000	0.000000	0.066602	0.000000	0.000000
88	tsk_88	(x)	1	:	0.000000	0.422926	0.000000	0.000000	0.000000	0.000000	0.577074	0.000000	0.000000
89	tsk_89	(x)	1	:	0.000000	0.000994	0.499636	0.000000	0.000000	0.000000	0.001955	0.497415	0.000000
90	tsk_90	(x)	1	:	0.000000	0.255687	0.500929	0.000000	0.000000	0.000000	0.243384	0.000000	0.000000
91	tsk_91	(x)	1	:	0.000000	0.271529	0.500929	0.000000	0.000000	0.000000	0.227542	0.000000	0.000000
92	tsk_92	(x)	1	:	0.000000	0.150716	0.500930	0.000000	0.000000	0.000000	0.348354	0.000000	0.000000
93	tsk_93	(x)	1	:	0.000000	0.350074	0.500930	0.000000	0.000000	0.000000	0.148996	0.000000	0.000000
94	tsk_94	(x)	1	:	0.511247	0.372914	0.000000	0.000000	0.000000	0.000000	0.115839	0.000000	0.000000
95	tsk_95	(x)	1	:	0.511245	0.252543	0.000000	0.000000	0.000000	0.000000	0.236211	0.000000	0.000000
96	tsk_96	(x)	1	:	0.000000	0.000000	1.000000	0.000000	0.000000	0.000000	0.000000	0.000000	0.000000
97	tsk_97	(x)	1	:	0.000000	0.000000	0.000000	0.000000	0.000000	0.000000	1.000000	0.000000	0.000000
98	tsk_98	(x)	1	:	0.000000	0.000000	0.500000	0.000000	0.000000	0.000000	0.000000	0.500000	0.000000
99	tsk_99	(x)	1	:	0.000000	0.000000	1.000000	0.000000	0.000000	0.000000	0.000000	0.000000	0.000000
