logL = -426.813523 (converged)
AIC = 2129.627046
BIC = 3791.725624

count.K
6 24 25 13 14 18 

