0	tsk_0	(x)	1	:	0.000000	0.000000	0.000000	0.000000	0.000000	0.000000	1.000000	0.000000	0.000000
1	tsk_1	(x)	1	:	0.000000	0.000000	0.000000	0.000000	0.999980	0.000001	0.000012	0.000007	0.000000
2	tsk_2	(x)	1	:	0.000000	0.000000	0.000000	0.000000	0.000000	0.000000	0.000000	0.000000	1.000000
3	tsk_3	(x)	1	:	0.000000	0.000000	0.000000	0.000002	0.000000	0.000002	0.502015	0.000000	0.497980
4	tsk_4	(x)	1	:	0.000000	0.000000	0.000000	0.000000	0.000000	0.000000	1.000000	0.000000	0.000000
5	tsk_5	(x)	1	:	0.000000	0.000000	0.000000	0.000000	0.000000	0.000000	1.000000	0.000000	0.000000
6	tsk_6	(x)	1	:	0.000000	0.000000	0.000000	0.000000	0.000000	0.000000	1.000000	0.000000	0.000000
7	tsk_7	(x)	1	:	0.000000	0.000000	0.484600	0.242104	0.000000	0.000000	0.273297	0.000000	0.000000
8	tsk_8	(x)	1	:	0.000000	0.000000	0.000000	0.000000	0.000000	0.000000	1.000000	0.000000	0.000000
9	tsk_9	(x)	1	:	0.000000	0.000000	0.000000	0.000000	0.498623	0.000000	0.000000	0.000000	0.501377
10	tsk_10	(x)	1	:	0.000000	0.000000	0.499957	0.000000	0.000000	0.000000	0.000000	0.499995	0.000047
11	tsk_11	(x)	1	:	0.342617	0.000000	0.000000	0.000000	0.000002	0.000000	0.657381	0.000000	0.000000
12	tsk_12	(x)	1	:	0.000000	0.000000	0.000000	0.000000	0.000013	0.501840	0.498146	0.000001	0.000000
13	tsk_13	(x)	1	:	0.000000	0.000000	1.000000	0.000000	0.000000	0.000000	0.000000	0.000000	0.000000
14	tsk_14	(x)	1	:	0.000000	0.000000	0.000000	0.000000	0.000000	0.000000	1.000000	0.000000	0.000000
15	tsk_15	(x)	1	:	0.000000	0.000000	0.520979	0.000000	0.000000	0.000000	0.000000	0.000000	0.479021
16	tsk_16	(x)	1	:	0.000000	0.000000	0.000000	0.000001	0.000002	0.502210	0.000000	0.000000	0.497786
17	tsk_17	(x)	1	:	0.000000	0.000000	0.000000	0.000001	0.000002	0.502210	0.000000	0.000001	0.497786
18	tsk_18	(x)	1	:	0.000000	0.000000	0.500127	0.000000	0.000001	0.000003	0.499814	0.000000	0.000054
19	tsk_19	(x)	1	:	0.000000	0.000000	0.500129	0.000001	0.000001	0.000004	0.499812	0.000001	0.000052
20	tsk_20	(x)	1	:	0.000000	0.000000	0.000000	0.000000	0.000000	0.000000	0.000000	0.000000	1.000000
21	tsk_21	(x)	1	:	0.000000	0.000000	0.000000	0.000003	0.000000	0.000002	0.502015	0.000000	0.497980
22	tsk_22	(x)	1	:	0.000000	0.000000	0.000000	0.000000	0.000000	0.000000	0.000000	0.000000	1.000000
23	tsk_23	(x)	1	:	0.000000	0.000000	0.000000	0.000000	0.000000	0.000000	0.000000	0.000000	1.000000
24	tsk_24	(x)	1	:	0.000000	0.000000	0.000000	0.000000	0.000000	0.000000	0.000000	0.000000	1.000000
25	tsk_25	(x)	1	:	0.000000	0.000000	0.000000	0.000003	0.000000	0.000002	0.502014	0.000000	0.497980
26	tsk_26	(x)	1	:	0.000000	0.000000	0.000000	0.000000	0.000000	0.000000	1.000000	0.000000	0.000000
27	tsk_27	(x)	1	:	0.000000	0.000000	0.000000	0.000000	0.000004	0.502209	0.000000	0.000001	0.497786
28	tsk_28	(x)	1	:	0.000000	0.000000	0.000000	0.000001	0.000002	0.502210	0.000000	0.000001	0.497786
29	tsk_29	(x)	1	:	0.000000	0.000000	0.000000	0.000000	0.000000	0.000000	0.000000	0.000000	1.000000
30	tsk_30	(x)	1	:	0.000000	0.000000	0.498525	0.501452	0.000022	0.000000	0.000000	0.000000	0.000000
31	tsk_31	(x)	1	:	0.000000	0.000000	0.000000	0.000000	0.999985	0.000000	0.000010	0.000005	0.000000
32	tsk_32	(x)	1	:	0.000000	0.000000	0.000000	0.000000	0.438454	0.000007	0.561538	0.000001	0.000000
33	tsk_33	(x)	1	:	0.000000	0.000000	0.000000	0.000000	0.438453	0.000007	0.561537	0.000002	0.000000
34	tsk_34	(x)	1	:	0.000000	0.000000	0.498525	0.501455	0.000019	0.000000	0.000000	0.000000	0.000000
35	tsk_35	(x)	1	:	0.000000	0.000000	0.000000	0.000000	0.438453	0.000004	0.561541	0.000002	0.000000
36	tsk_36	(x)	1	:	0.000000	0.000000	0.000000	0.000000	0.498623	0.000000	0.000000	0.000000	0.501377
37	tsk_37	(x)	1	:	0.000000	0.000000	0.000000	0.000000	0.498618	0.000000	0.000000	0.000005	0.501377
38	tsk_38	(x)	1	:	0.000000	0.000000	0.000000	0.000000	1.000000	0.000000	0.000000	0.000000	0.000000
39	tsk_39	(x)	1	:	0.000000	0.000000	0.000000	0.000000	0.999982	0.000001	0.000008	0.000009	0.000000
40	tsk_40	(x)	1	:	0.000000	0.000000	0.000000	0.000000	0.000000	0.000000	0.000000	1.000000	0.000000
41	tsk_41	(x)	1	:	0.000000	0.000000	0.000000	0.000000	0.000000	0.000000	0.000000	1.000000	0.000000
42	tsk_42	(x)	1	:	0.341396	0.000000	0.000000	0.000000	0.000088	0.000000	0.155072	0.503443	0.000000
43	tsk_43	(x)	1	:	0.000000	0.000000	0.000000	0.000000	0.000000	0.000000	0.000000	1.000000	0.000000
44	tsk_44	(x)	1	:	0.342616	0.000000	0.000000	0.000000	0.000000	0.000000	0.657384	0.000000	0.000000
45	tsk_45	(x)	1	:	0.000000	0.000000	0.000000	0.000000	0.438455	0.000004	0.561540	0.000002	0.000000
46	tsk_46	(x)	1	:	0.341414	0.000000	0.000000	0.000000	0.000239	0.000000	0.154922	0.503425	0.000000
47	tsk_47	(x)	1	:	0.000000	0.000000	0.000000	0.000000	0.000000	0.000002	0.498152	0.501846	0.000000
48	tsk_48	(x)	1	:	0.000000	0.000000	0.000000	0.000000	0.000000	0.000000	0.000000	1.000000	0.000000
49	tsk_49	(x)	1	:	0.341409	0.000000	0.000000	0.000000	0.000145	0.000000	0.155010	0.503436	0.000000
50	tsk_50	(x)	1	:	0.000000	0.000000	0.000000	0.000000	0.000000	0.000000	1.000000	0.000000	0.000000
51	tsk_51	(x)	1	:	0.000000	0.000000	0.000000	0.000000	0.000000	0.000000	1.000000	0.000000	0.000000
52	tsk_52	(x)	1	:	0.000000	0.000000	0.500136	0.000001	0.000002	0.000003	0.499813	0.000000	0.000044
53	tsk_53	(x)	1	:	0.000000	0.000000	0.500134	0.000002	0.000002	0.000003	0.499813	0.000000	0.000046
54	tsk_54	(x)	1	:	0.000000	0.000000	0.000000	0.000000	0.000000	0.000000	1.000000	0.000000	0.000000
55	tsk_55	(x)	1	:	0.000000	0.000000	0.500128	0.000002	0.000001	0.000003	0.499812	0.000001	0.000053
56	tsk_56	(x)	1	:	0.000000	0.000000	0.000000	0.000000	0.000000	0.000000	1.000000	0.000000	0.000000
57	tsk_57	(x)	1	:	0.000000	0.000000	0.500135	0.000001	0.000003	0.000005	0.499811	0.000000	0.000045
58	tsk_58	(x)	1	:	0.000000	0.000000	0.000000	0.000000	0.000000	0.000000	1.000000	0.000000	0.000000
59	tsk_59	(x)	1	:	0.000000	0.000000	0.000000	0.000000	0.000000	0.000000	1.000000	0.000000	0.000000
60	tsk_60	(x)	1	:	0.000000	0.374037	0.000000	0.000000	0.000001	0.502165	0.000000	0.000001	0.123797
61	tsk_61	(x)	1	:	0.000000	0.000000	0.000000	0.143102	0.000000	0.000000	0.360717	0.000000	0.496180
62	tsk_62	(x)	1	:	0.000000	0.000000	0.000000	0.000000	0.000000	1.000000	0.000000	0.000000	0.000000
63	tsk_63	(x)	1	:	0.000000	0.000000	0.000000	0.000000	0.000000	0.000000	1.000000	0.000000	0.000000
64	tsk_64	(x)	1	:	0.000001	0.374032	0.000000	0.000005	0.000001	0.000004	0.501958	0.000003	0.123996
65	tsk_65	(x)	1	:	0.000000	0.000000	0.000000	0.000000	0.000000	0.000000	1.000000	0.000000	0.000000
66	tsk_66	(x)	1	:	0.000000	0.000000	0.000000	0.000000	0.000014	0.501840	0.498146	0.000000	0.000000
67	tsk_67	(x)	1	:	0.000000	0.374038	0.000000	0.000001	0.000000	0.502165	0.000000	0.000001	0.123795
68	tsk_68	(x)	1	:	0.000001	0.374028	0.000000	0.000004	0.000000	0.000005	0.501957	0.000004	0.124001
69	tsk_69	(x)	1	:	0.000000	0.000000	0.000000	0.000000	0.438451	0.000005	0.561542	0.000002	0.000000
70	tsk_70	(x)	1	:	0.000000	0.506402	0.000000	0.000000	0.493582	0.000000	0.000000	0.000016	0.000000
71	tsk_71	(x)	1	:	0.000000	0.539217	0.000000	0.000000	0.000000	0.000000	0.000000	0.000000	0.460783
72	tsk_72	(x)	1	:	0.342315	0.503175	0.000000	0.000000	0.000427	0.000000	0.154083	0.000000	0.000000
73	tsk_73	(x)	1	:	0.000000	0.453253	0.000000	0.000000	0.000000	0.000000	0.000000	0.000000	0.546747
74	tsk_74	(x)	1	:	0.000000	0.000000	0.412439	0.000000	0.000000	0.000000	0.000000	0.000000	0.587561
75	tsk_75	(x)	1	:	0.342159	0.503179	0.000000	0.000000	0.000144	0.000000	0.154518	0.000000	0.000000
76	tsk_76	(x)	1	:	0.000000	0.000000	0.000000	0.336570	0.159422	0.000000	0.000001	0.000001	0.504007
77	tsk_77	(x)	1	:	0.000000	0.539216	0.000000	0.000000	0.000000	0.000000	0.000000	0.000000	0.460783
78	tsk_78	(x)	1	:	0.000000	1.000000	0.000000	0.000000	0.000000	0.000000	0.000000	0.000000	0.000000
79	tsk_79	(x)	1	:	0.342151	0.503177	0.000000	0.000000	0.000183	0.000000	0.154489	0.000000	0.000000
80	tsk_80	(x)	1	:	0.000000	0.000000	0.000000	0.000000	0.000014	0.501840	0.498146	0.000001	0.000000
81	tsk_81	(x)	1	:	0.000000	0.000000	0.500136	0.000002	0.000002	0.000002	0.499813	0.000001	0.000044
82	tsk_82	(x)	1	:	0.000000	0.000000	0.000000	0.000000	0.000014	0.501839	0.498146	0.000001	0.000000
83	tsk_83	(x)	1	:	0.517492	0.000000	0.482508	0.000000	0.000000	0.000000	0.000000	0.000000	0.000001
84	tsk_84	(x)	1	:	0.000000	0.000000	0.000000	0.000000	0.000017	0.501837	0.498145	0.000001	0.000000
85	tsk_85	(x)	1	:	0.279731	0.000000	0.500152	0.000000	0.000000	0.000000	0.220116	0.000000	0.000000
86	tsk_86	(x)	1	:	0.000000	0.000000	0.000000	0.452651	0.047884	0.000000	0.000000	0.000000	0.499465
87	tsk_87	(x)	1	:	0.000000	0.000000	0.000000	0.000000	0.000013	0.501841	0.498146	0.000001	0.000000
88	tsk_88	(x)	1	:	0.279860	0.000000	0.500160	0.000000	0.000000	0.000000	0.219980	0.000000	0.000000
89	tsk_89	(x)	1	:	0.279864	0.000000	0.500160	0.000000	0.000000	0.000000	0.219975	0.000000	0.000000
90	tsk_90	(x)	1	:	0.000000	0.000000	0.480658	0.000000	0.293145	0.000000	0.226197	0.000000	0.000000
91	tsk_91	(x)	1	:	0.000000	0.000000	0.000000	0.000000	0.000000	0.000000	1.000000	0.000000	0.000000
92	tsk_92	(x)	1	:	0.000000	0.000000	0.000000	0.000001	0.000002	0.502210	0.000000	0.000001	0.497786
93	tsk_93	(x)	1	:	0.000000	0.000000	0.520979	0.000000	0.000000	0.000000	0.000000	0.000000	0.479021
94	tsk_94	(x)	1	:	0.000000	0.000000	0.000000	0.000003	0.000000	0.000002	0.502014	0.000000	0.497980
95	tsk_95	(x)	1	:	0.000000	0.000000	0.000000	0.000000	0.295887	0.000000	0.227697	0.000000	0.476416
96	tsk_96	(x)	1	:	0.000000	0.000000	0.480658	0.000000	0.293146	0.000000	0.226195	0.000000	0.000000
97	tsk_97	(x)	1	:	0.000000	0.000000	1.000000	0.000000	0.000000	0.000000	0.000000	0.000000	0.000000
98	tsk_98	(x)	1	:	0.000000	0.000000	0.000000	0.000000	0.313026	0.000000	0.686974	0.000000	0.000000
99	tsk_99	(x)	1	:	0.000000	0.000000	0.000000	0.000003	0.000001	0.000003	0.502013	0.000000	0.497980
