logL = -456.634443 (converged)
AIC = 3113.268887
BIC = 5978.956092

count.K
10 4 14 20 1 7 12 11 9 12 

