logL = -305.602470 (converged)
AIC = 2119.204940
BIC = 4083.503260

count.K
19 20 0 14 7 38 2 

