logL = -550.620031 (converged)
AIC = 2651.240062
BIC = 4670.246956

count.K
7 12 33 8 7 17 16 

