logL = -1621.149177 (converged)
AIC = 3614.298354
BIC = 4098.860009

count.K
16 84 

