logL = -1198.362458 (converged)
AIC = 3236.724916
BIC = 4330.896394

count.K
52 11 22 15 

