0	tsk_0	(x)	1	:	0.000000	0.000000	0.000000	0.492202	0.000000	0.000000	0.492202	0.000000	0.000000	0.015596
1	tsk_1	(x)	1	:	0.497370	0.000000	0.000000	0.492027	0.000000	0.000000	0.000000	0.000000	0.000000	0.010603
2	tsk_2	(x)	1	:	0.000000	0.000000	0.000000	0.500000	0.000000	0.000000	0.000000	0.000000	0.000000	0.500000
3	tsk_3	(x)	1	:	0.497479	0.000000	0.000000	0.000000	0.000000	0.000000	0.492360	0.000000	0.000000	0.010161
4	tsk_4	(x)	1	:	1.000000	0.000000	0.000000	0.000000	0.000000	0.000000	0.000000	0.000000	0.000000	0.000000
5	tsk_5	(x)	1	:	0.500000	0.000000	0.000000	0.000000	0.000000	0.000000	0.000000	0.000000	0.000000	0.500000
6	tsk_6	(x)	1	:	0.000000	0.000000	0.000000	1.000000	0.000000	0.000000	0.000000	0.000000	0.000000	0.000000
7	tsk_7	(x)	1	:	0.498383	0.485187	0.000000	0.007354	0.000000	0.000000	0.000000	0.000000	0.000000	0.009076
8	tsk_8	(x)	1	:	0.497742	0.000000	0.000000	0.000350	0.000000	0.000000	0.000000	0.497468	0.000232	0.004208
9	tsk_9	(x)	1	:	1.000000	0.000000	0.000000	0.000000	0.000000	0.000000	0.000000	0.000000	0.000000	0.000000
10	tsk_10	(x)	1	:	0.000000	0.000000	0.000000	0.000000	0.000000	0.500067	0.000000	0.000000	0.000000	0.499933
11	tsk_11	(x)	1	:	0.000000	0.000000	0.000000	0.000000	0.000000	0.000000	0.500000	0.000000	0.000000	0.500000
12	tsk_12	(x)	1	:	0.000000	0.000000	0.000000	0.000000	1.000000	0.000000	0.000000	0.000000	0.000000	0.000000
13	tsk_13	(x)	1	:	0.000000	0.000000	0.000000	0.000000	0.000000	0.499631	0.497815	0.000000	0.000000	0.002554
14	tsk_14	(x)	1	:	0.000000	0.000000	0.000000	0.000000	0.000000	0.000000	0.435174	0.000000	0.564825	0.000001
15	tsk_15	(x)	1	:	0.500000	0.000000	0.000000	0.000000	0.000000	0.000000	0.000000	0.000000	0.000000	0.500000
16	tsk_16	(x)	1	:	0.000000	0.000000	0.000000	0.000000	0.000000	0.000000	1.000000	0.000000	0.000000	0.000000
17	tsk_17	(x)	1	:	0.000000	0.000000	0.000000	0.000000	0.000000	0.000000	0.500000	0.000000	0.000000	0.500000
18	tsk_18	(x)	1	:	0.000000	0.000000	0.497899	0.000000	0.000000	0.000000	0.492739	0.000000	0.000000	0.009362
19	tsk_19	(x)	1	:	0.500000	0.000000	0.000000	0.000000	0.000000	0.000000	0.000000	0.000000	0.000000	0.500000
20	tsk_20	(x)	1	:	0.497376	0.000000	0.000000	0.492045	0.000000	0.000000	0.000000	0.000000	0.000000	0.010579
21	tsk_21	(x)	1	:	0.000000	0.000000	0.000000	0.499293	0.000000	0.000000	0.000000	0.499293	0.001414	0.000000
22	tsk_22	(x)	1	:	0.000000	0.152860	0.498330	0.000000	0.000000	0.000000	0.000000	0.000000	0.106653	0.242156
23	tsk_23	(x)	1	:	0.000000	0.000000	0.497955	0.000000	0.000000	0.000000	0.493699	0.000000	0.000000	0.008345
24	tsk_24	(x)	1	:	0.000000	0.000000	0.000000	0.490702	0.490165	0.000000	0.009809	0.000000	0.000000	0.009324
25	tsk_25	(x)	1	:	0.000000	0.000000	0.000000	0.000000	0.499689	0.000000	0.500311	0.000000	0.000000	0.000000
26	tsk_26	(x)	1	:	0.000000	0.000000	0.498326	0.000000	0.000000	0.000000	0.000000	0.000000	0.000000	0.501674
27	tsk_27	(x)	1	:	0.000000	0.000000	0.493335	0.000000	0.000000	0.000000	0.494750	0.000000	0.000000	0.011915
28	tsk_28	(x)	1	:	0.000000	0.000000	0.000000	0.490238	0.490255	0.000000	0.009176	0.000000	0.000000	0.010331
29	tsk_29	(x)	1	:	0.000000	0.000000	0.000000	0.500000	0.000000	0.000000	0.000000	0.000000	0.000000	0.500000
30	tsk_30	(x)	1	:	0.000000	0.000000	0.000000	0.000000	0.000000	0.000000	0.000000	0.000000	1.000000	0.000000
31	tsk_31	(x)	1	:	0.000000	0.000000	0.000000	0.024994	0.000000	0.000000	0.495202	0.000000	0.467752	0.012053
32	tsk_32	(x)	1	:	0.000000	0.000000	0.000000	0.000000	0.499689	0.000000	0.500311	0.000000	0.000000	0.000000
33	tsk_33	(x)	1	:	0.000000	0.000000	0.000000	0.021658	0.491004	0.000000	0.012647	0.000000	0.469069	0.005622
34	tsk_34	(x)	1	:	0.000000	0.327958	0.000000	0.206898	0.000000	0.000000	0.000000	0.000000	0.465144	0.000000
35	tsk_35	(x)	1	:	0.000000	0.000000	0.000000	0.000000	0.000000	0.000000	0.437789	0.000000	0.562211	0.000000
36	tsk_36	(x)	1	:	0.000000	0.000000	0.000000	0.000000	1.000000	0.000000	0.000000	0.000000	0.000000	0.000000
37	tsk_37	(x)	1	:	0.000000	0.000000	0.000000	0.019382	0.491133	0.000000	0.012262	0.000000	0.470142	0.007081
38	tsk_38	(x)	1	:	0.000000	0.000000	0.000000	0.021884	0.000000	0.000000	0.495028	0.000000	0.469220	0.013868
39	tsk_39	(x)	1	:	0.000000	0.000000	0.000000	0.000000	0.000000	0.000000	1.000000	0.000000	0.000000	0.000000
40	tsk_40	(x)	1	:	0.000000	0.000000	0.000000	0.000000	0.000000	0.000000	0.000000	0.534857	0.465142	0.000000
41	tsk_41	(x)	1	:	0.000000	0.000000	0.000000	0.000000	0.000000	0.000000	0.000000	1.000000	0.000000	0.000000
42	tsk_42	(x)	1	:	0.000000	0.000000	0.000000	0.499331	0.000000	0.000000	0.000000	0.499331	0.001338	0.000000
43	tsk_43	(x)	1	:	0.000000	0.000000	0.000000	0.000000	0.000000	0.000000	0.000000	1.000000	0.000000	0.000000
44	tsk_44	(x)	1	:	0.000000	0.000000	0.000000	0.490805	0.489647	0.000000	0.010931	0.000000	0.000000	0.008617
45	tsk_45	(x)	1	:	0.000000	0.000000	0.000000	0.499267	0.000000	0.000000	0.000000	0.499267	0.001466	0.000000
46	tsk_46	(x)	1	:	0.000000	0.000000	0.000000	0.000000	0.000000	0.000000	0.000000	0.534857	0.465142	0.000000
47	tsk_47	(x)	1	:	0.000000	0.000000	0.000000	0.000000	0.000000	0.000000	0.000000	1.000000	0.000000	0.000000
48	tsk_48	(x)	1	:	0.000000	0.000000	0.000000	0.000000	0.000000	0.000000	0.000000	0.534857	0.465142	0.000000
49	tsk_49	(x)	1	:	0.000000	0.000000	0.000000	0.499207	0.000000	0.000000	0.000000	0.499207	0.001587	0.000000
50	tsk_50	(x)	1	:	0.000000	0.000000	0.000000	0.000000	0.000000	0.000000	1.000000	0.000000	0.000000	0.000000
51	tsk_51	(x)	1	:	0.000000	0.328556	0.000000	0.162641	0.000000	0.000000	0.491544	0.000000	0.000000	0.017259
52	tsk_52	(x)	1	:	0.000000	0.000000	0.000000	0.000000	0.000000	0.000000	1.000000	0.000000	0.000000	0.000000
53	tsk_53	(x)	1	:	0.000000	0.000000	0.493311	0.494322	0.000000	0.000000	0.000000	0.000000	0.000000	0.012367
54	tsk_54	(x)	1	:	0.000000	0.480168	0.000000	0.016080	0.000000	0.000000	0.493801	0.000000	0.000000	0.009951
55	tsk_55	(x)	1	:	0.000000	0.480100	0.000000	0.016153	0.000000	0.000000	0.493737	0.000000	0.000000	0.010010
56	tsk_56	(x)	1	:	0.000000	0.480645	0.000000	0.014891	0.000000	0.000000	0.493555	0.000000	0.000000	0.010909
57	tsk_57	(x)	1	:	0.000000	0.479905	0.000000	0.014321	0.490921	0.000000	0.009585	0.000000	0.000000	0.005268
58	tsk_58	(x)	1	:	0.000000	0.480419	0.000000	0.015279	0.000000	0.000000	0.493494	0.000000	0.000000	0.010808
59	tsk_59	(x)	1	:	0.000000	0.000000	0.493371	0.000000	0.000000	0.000000	0.495356	0.000000	0.000000	0.011273
60	tsk_60	(x)	1	:	0.000000	0.482590	0.000000	0.517410	0.000000	0.000000	0.000000	0.000000	0.000000	0.000000
61	tsk_61	(x)	1	:	1.000000	0.000000	0.000000	0.000000	0.000000	0.000000	0.000000	0.000000	0.000000	0.000000
62	tsk_62	(x)	1	:	0.000000	0.482590	0.000000	0.517410	0.000000	0.000000	0.000000	0.000000	0.000000	0.000000
63	tsk_63	(x)	1	:	0.000000	0.480034	0.000000	0.014111	0.490714	0.000000	0.010039	0.000000	0.000000	0.005103
64	tsk_64	(x)	1	:	0.000000	0.000000	0.000000	0.500000	0.000000	0.000000	0.000000	0.000000	0.000000	0.500000
65	tsk_65	(x)	1	:	0.000000	0.480495	0.000000	0.013697	0.490106	0.000000	0.011736	0.000000	0.000000	0.003966
66	tsk_66	(x)	1	:	0.000000	0.482590	0.000000	0.517410	0.000000	0.000000	0.000000	0.000000	0.000000	0.000000
67	tsk_67	(x)	1	:	0.000000	0.000000	0.000000	1.000000	0.000000	0.000000	0.000000	0.000000	0.000000	0.000000
68	tsk_68	(x)	1	:	0.000000	0.000000	0.000000	0.490016	0.490673	0.000000	0.008136	0.000000	0.000000	0.011175
69	tsk_69	(x)	1	:	0.498352	0.485777	0.000000	0.006079	0.000000	0.000000	0.000000	0.000000	0.000000	0.009792
70	tsk_70	(x)	1	:	0.000000	0.000000	0.000000	0.497413	0.000000	0.499551	0.000000	0.000000	0.000000	0.003036
71	tsk_71	(x)	1	:	0.498987	0.000000	0.000000	0.022371	0.000000	0.000000	0.000000	0.000000	0.469882	0.008760
72	tsk_72	(x)	1	:	0.497355	0.000000	0.000000	0.000000	0.000000	0.000000	0.491979	0.000000	0.000000	0.010666
73	tsk_73	(x)	1	:	0.000000	0.483441	0.000000	0.050194	0.000000	0.000000	0.000000	0.000000	0.466365	0.000000
74	tsk_74	(x)	1	:	1.000000	0.000000	0.000000	0.000000	0.000000	0.000000	0.000000	0.000000	0.000000	0.000000
75	tsk_75	(x)	1	:	0.460684	0.000000	0.539316	0.000000	0.000000	0.000000	0.000000	0.000000	0.000000	0.000000
76	tsk_76	(x)	1	:	0.000000	0.000000	0.000000	0.000000	0.000000	0.000000	1.000000	0.000000	0.000000	0.000000
77	tsk_77	(x)	1	:	0.497469	0.000000	0.000000	0.000000	0.000000	0.000000	0.492329	0.000000	0.000000	0.010202
78	tsk_78	(x)	1	:	0.000000	0.482590	0.000000	0.517410	0.000000	0.000000	0.000000	0.000000	0.000000	0.000000
79	tsk_79	(x)	1	:	1.000000	0.000000	0.000000	0.000000	0.000000	0.000000	0.000000	0.000000	0.000000	0.000000
80	tsk_80	(x)	1	:	0.000000	0.000000	0.000000	0.490807	0.489584	0.000000	0.011057	0.000000	0.000000	0.008552
81	tsk_81	(x)	1	:	0.000000	0.000000	0.000000	0.000000	0.000000	0.000000	0.000000	0.000000	1.000000	0.000000
82	tsk_82	(x)	1	:	0.000000	0.000000	0.498231	0.027636	0.000000	0.000000	0.000000	0.000000	0.468006	0.006127
83	tsk_83	(x)	1	:	0.000000	0.000000	0.000000	0.534857	0.000000	0.000000	0.000000	0.000000	0.465142	0.000000
84	tsk_84	(x)	1	:	0.000000	0.000000	0.000000	0.534857	0.000000	0.000000	0.000000	0.000000	0.465143	0.000000
85	tsk_85	(x)	1	:	0.000000	0.000000	0.000000	0.030698	0.000000	0.499927	0.000000	0.000000	0.469029	0.000347
86	tsk_86	(x)	1	:	0.000000	0.000000	0.497868	0.492196	0.000000	0.000000	0.000000	0.000000	0.000000	0.009936
87	tsk_87	(x)	1	:	0.000000	0.000000	0.000000	1.000000	0.000000	0.000000	0.000000	0.000000	0.000000	0.000000
88	tsk_88	(x)	1	:	0.000000	0.485599	0.498206	0.009366	0.000000	0.000000	0.000000	0.000000	0.000000	0.006829
89	tsk_89	(x)	1	:	0.000000	0.000000	1.000000	0.000000	0.000000	0.000000	0.000000	0.000000	0.000000	0.000000
90	tsk_90	(x)	1	:	0.498995	0.000000	0.000000	0.020311	0.000000	0.000000	0.000000	0.000000	0.470924	0.009769
91	tsk_91	(x)	1	:	0.000000	1.000000	0.000000	0.000000	0.000000	0.000000	0.000000	0.000000	0.000000	0.000000
92	tsk_92	(x)	1	:	0.000000	1.000000	0.000000	0.000000	0.000000	0.000000	0.000000	0.000000	0.000000	0.000000
93	tsk_93	(x)	1	:	0.000000	0.483324	0.000000	0.050428	0.000000	0.000000	0.000000	0.000000	0.466248	0.000000
94	tsk_94	(x)	1	:	0.000000	0.482590	0.000000	0.517410	0.000000	0.000000	0.000000	0.000000	0.000000	0.000000
95	tsk_95	(x)	1	:	0.000000	1.000000	0.000000	0.000000	0.000000	0.000000	0.000000	0.000000	0.000000	0.000000
96	tsk_96	(x)	1	:	0.499830	0.000000	0.000000	0.000000	0.000000	0.500170	0.000000	0.000000	0.000000	0.000000
97	tsk_97	(x)	1	:	0.000000	1.000000	0.000000	0.000000	0.000000	0.000000	0.000000	0.000000	0.000000	0.000000
98	tsk_98	(x)	1	:	0.000000	1.000000	0.000000	0.000000	0.000000	0.000000	0.000000	0.000000	0.000000	0.000000
99	tsk_99	(x)	1	:	0.000000	0.483280	0.000000	0.050514	0.000000	0.000000	0.000000	0.000000	0.466205	0.000000
