logL = -894.959691 (converged)
AIC = 2109.919382
BIC = 2526.746611

count.K
83 17 

