logL = -260.433183 (converged)
AIC = 2720.866365
BIC = 5586.553570

count.K
5 7 1 8 3 3 4 8 57 4 

