logL = -739.565004 (converged)
AIC = 2559.130008
BIC = 3965.921908

count.K
33 6 16 37 8 

