logL = -650.481091 (converged)
AIC = 3164.962183
BIC = 5592.980796

count.K
17 25 7 9 0 21 5 16 

