logL = -393.877419 (converged)
AIC = 2003.754839
BIC = 3587.698312

count.K
23 2 19 4 25 27 

