logL = -926.742812 (converged)
AIC = 2173.485625
BIC = 2590.312854

count.K
29 71 

