logL = -353.509266 (converged)
AIC = 1467.018532
BIC = 2456.983203

count.K
48 6 3 43 

