logL = -454.341247 (converged)
AIC = 1416.682495
BIC = 2078.395722

count.K
23 7 70 

