logL = -715.993110 (converged)
AIC = 2541.986220
BIC = 3987.855673

count.K
14 27 30 16 13 

