logL = -1124.541928 (converged)
AIC = 2805.083857
BIC = 3529.321169

count.K
31 35 34 

