logL = -1003.449119 (converged)
AIC = 2550.898238
BIC = 3259.504528

count.K
8 52 40 

