logL = -536.703861 (converged)
AIC = 3069.407721
BIC = 5669.367567

count.K
9 15 21 2 3 12 15 10 13 

