logL = -652.390052 (converged)
AIC = 3072.780105
BIC = 5375.750549

count.K
12 18 27 11 12 11 8 1 

