0	tsk_0	(x)	1	:	0.000000	0.000001	0.002052	0.503448	0.000000	0.000002	0.494498	0.000000
1	tsk_1	(x)	1	:	0.000000	0.000001	0.002083	0.503432	0.000000	0.000002	0.494482	0.000000
2	tsk_2	(x)	1	:	0.000000	0.000001	0.000000	0.536602	0.000000	0.000000	0.463397	0.000000
3	tsk_3	(x)	1	:	0.000000	0.000001	0.002003	0.503472	0.000000	0.000002	0.494522	0.000000
4	tsk_4	(x)	1	:	0.000000	0.504579	0.000000	0.495050	0.000000	0.000000	0.000371	0.000000
5	tsk_5	(x)	1	:	0.000000	0.000001	0.002021	0.503463	0.000000	0.000002	0.494513	0.000000
6	tsk_6	(x)	1	:	0.000000	0.000000	0.000000	0.000000	0.490926	0.000000	0.509074	0.000000
7	tsk_7	(x)	1	:	0.000000	0.504303	0.000072	0.494984	0.000000	0.000000	0.000642	0.000000
8	tsk_8	(x)	1	:	0.000000	0.071978	0.000000	0.000000	0.000000	0.000000	0.430349	0.497673
9	tsk_9	(x)	1	:	0.000000	0.000006	0.000000	0.000000	0.000000	0.000000	0.000000	0.999994
10	tsk_10	(x)	1	:	0.000000	0.000000	1.000000	0.000000	0.000000	0.000000	0.000000	0.000000
11	tsk_11	(x)	1	:	0.473721	0.000000	0.456733	0.000000	0.000000	0.069546	0.000000	0.000000
12	tsk_12	(x)	1	:	0.000000	0.000000	1.000000	0.000000	0.000000	0.000000	0.000000	0.000000
13	tsk_13	(x)	1	:	0.000002	0.000000	0.455807	0.000000	0.000000	0.544192	0.000000	0.000000
14	tsk_14	(x)	1	:	0.000001	0.000000	0.001594	0.000000	0.000000	0.510144	0.488261	0.000000
15	tsk_15	(x)	1	:	0.000001	0.013068	0.000220	0.000000	0.000000	0.497879	0.000227	0.488604
16	tsk_16	(x)	1	:	0.471676	0.000000	0.000000	0.000000	0.000000	0.528324	0.000000	0.000000
17	tsk_17	(x)	1	:	0.471677	0.000000	0.000000	0.000000	0.000000	0.528323	0.000000	0.000000
18	tsk_18	(x)	1	:	0.471677	0.000000	0.000000	0.000000	0.000000	0.528323	0.000000	0.000000
19	tsk_19	(x)	1	:	0.000001	0.000001	0.001017	0.000000	0.000000	0.510532	0.488449	0.000000
20	tsk_20	(x)	1	:	0.000000	0.510438	0.000000	0.000000	0.000000	0.000000	0.000000	0.489562
21	tsk_21	(x)	1	:	0.000000	1.000000	0.000000	0.000000	0.000000	0.000000	0.000000	0.000000
22	tsk_22	(x)	1	:	0.000000	0.192063	0.000000	0.000000	0.000000	0.000000	0.306243	0.501695
23	tsk_23	(x)	1	:	0.000000	0.243043	0.000000	0.451341	0.000000	0.000000	0.305617	0.000000
24	tsk_24	(x)	1	:	0.000000	0.000001	0.001033	0.503957	0.000000	0.000002	0.495007	0.000000
25	tsk_25	(x)	1	:	0.000000	1.000000	0.000000	0.000000	0.000000	0.000000	0.000000	0.000000
26	tsk_26	(x)	1	:	0.351679	0.413130	0.235191	0.000000	0.000000	0.000000	0.000000	0.000000
27	tsk_27	(x)	1	:	0.000000	1.000000	0.000000	0.000000	0.000000	0.000000	0.000000	0.000000
28	tsk_28	(x)	1	:	0.000000	1.000000	0.000000	0.000000	0.000000	0.000000	0.000000	0.000000
29	tsk_29	(x)	1	:	0.481057	0.232018	0.000000	0.000000	0.000000	0.000002	0.286923	0.000000
30	tsk_30	(x)	1	:	0.000000	0.000000	0.000002	0.492132	0.000000	0.507866	0.000000	0.000000
31	tsk_31	(x)	1	:	0.000000	0.000000	0.000000	1.000000	0.000000	0.000000	0.000000	0.000000
32	tsk_32	(x)	1	:	0.489312	0.504348	0.000000	0.000000	0.000000	0.006340	0.000000	0.000000
33	tsk_33	(x)	1	:	0.000000	0.000000	0.000004	0.492132	0.000000	0.507865	0.000000	0.000000
34	tsk_34	(x)	1	:	0.000000	0.000000	0.000000	1.000000	0.000000	0.000000	0.000000	0.000000
35	tsk_35	(x)	1	:	0.482068	0.000000	0.000002	0.494688	0.000000	0.023242	0.000000	0.000000
36	tsk_36	(x)	1	:	0.000000	0.000000	0.000001	0.492132	0.000000	0.507867	0.000000	0.000000
37	tsk_37	(x)	1	:	0.000000	0.000000	0.000004	0.492132	0.000000	0.507864	0.000000	0.000000
38	tsk_38	(x)	1	:	0.000000	0.000000	0.000000	1.000000	0.000000	0.000000	0.000000	0.000000
39	tsk_39	(x)	1	:	0.000000	0.000000	0.000000	1.000000	0.000000	0.000000	0.000000	0.000000
40	tsk_40	(x)	1	:	0.000000	0.000099	0.000000	0.000000	0.508831	0.000000	0.000001	0.491069
41	tsk_41	(x)	1	:	0.000000	0.000001	0.000000	0.000000	0.000000	0.000000	0.999999	0.000000
42	tsk_42	(x)	1	:	0.485529	0.000000	0.002762	0.000000	0.486987	0.024722	0.000000	0.000000
43	tsk_43	(x)	1	:	0.000000	0.000003	0.000001	0.472135	0.000000	0.000000	0.000002	0.527860
44	tsk_44	(x)	1	:	0.000000	0.000000	0.000000	0.000000	1.000000	0.000000	0.000000	0.000000
45	tsk_45	(x)	1	:	0.000000	0.000000	0.455806	0.000000	0.000000	0.544194	0.000000	0.000000
46	tsk_46	(x)	1	:	0.000000	0.000000	0.000000	0.000000	0.514414	0.000000	0.485586	0.000000
47	tsk_47	(x)	1	:	0.000000	0.000000	0.000000	0.000000	1.000000	0.000000	0.000000	0.000000
48	tsk_48	(x)	1	:	0.000000	0.000000	0.000000	1.000000	0.000000	0.000000	0.000000	0.000000
49	tsk_49	(x)	1	:	0.000000	0.000000	0.000000	0.000000	1.000000	0.000000	0.000000	0.000000
50	tsk_50	(x)	1	:	0.000000	0.000000	1.000000	0.000000	0.000000	0.000000	0.000000	0.000000
51	tsk_51	(x)	1	:	0.475713	0.011802	0.000278	0.000000	0.000000	0.021776	0.000260	0.490170
52	tsk_52	(x)	1	:	0.663726	0.000000	0.000000	0.000000	0.000000	0.336274	0.000000	0.000000
53	tsk_53	(x)	1	:	0.494561	0.000000	0.000000	0.000000	0.000000	0.505439	0.000000	0.000000
54	tsk_54	(x)	1	:	0.663726	0.000000	0.000000	0.000000	0.000000	0.336274	0.000000	0.000000
55	tsk_55	(x)	1	:	0.000000	0.015031	0.000293	0.494880	0.000000	0.000000	0.000395	0.489399
56	tsk_56	(x)	1	:	0.000001	0.013879	0.000316	0.000000	0.000000	0.497734	0.000114	0.487956
57	tsk_57	(x)	1	:	0.433160	0.000000	0.565411	0.000000	0.000000	0.001429	0.000000	0.000000
58	tsk_58	(x)	1	:	0.524718	0.009189	0.000006	0.000000	0.000000	0.000004	0.000004	0.466079
59	tsk_59	(x)	1	:	0.000000	0.011855	0.000367	0.495166	0.000000	0.000001	0.000298	0.492312
60	tsk_60	(x)	1	:	0.000000	0.000000	0.000000	1.000000	0.000000	0.000000	0.000000	0.000000
61	tsk_61	(x)	1	:	0.000000	0.000000	0.000000	0.474146	0.000000	0.000000	0.525854	0.000000
62	tsk_62	(x)	1	:	0.000000	0.000000	0.000000	1.000000	0.000000	0.000000	0.000000	0.000000
63	tsk_63	(x)	1	:	0.000000	0.000000	0.000000	1.000000	0.000000	0.000000	0.000000	0.000000
64	tsk_64	(x)	1	:	0.000000	0.000000	0.000000	1.000000	0.000000	0.000000	0.000000	0.000000
65	tsk_65	(x)	1	:	0.000000	0.000000	0.000000	1.000000	0.000000	0.000000	0.000000	0.000000
66	tsk_66	(x)	1	:	0.000000	0.000000	0.000000	1.000000	0.000000	0.000000	0.000000	0.000000
67	tsk_67	(x)	1	:	0.000000	0.000000	0.000000	0.554295	0.000000	0.445704	0.000000	0.000000
68	tsk_68	(x)	1	:	0.000000	0.000000	0.000000	1.000000	0.000000	0.000000	0.000000	0.000000
69	tsk_69	(x)	1	:	0.000000	0.000000	0.000000	1.000000	0.000000	0.000000	0.000000	0.000000
70	tsk_70	(x)	1	:	0.000000	0.000000	0.000001	0.000000	0.000000	0.468965	0.531033	0.000000
71	tsk_71	(x)	1	:	0.471673	0.000000	0.000000	0.000000	0.000000	0.528327	0.000000	0.000000
72	tsk_72	(x)	1	:	0.000000	0.000002	0.000000	0.000000	0.000000	0.000000	0.999998	0.000000
73	tsk_73	(x)	1	:	0.000000	0.000000	0.000002	0.492132	0.000000	0.507866	0.000000	0.000000
74	tsk_74	(x)	1	:	0.000011	0.000000	0.000000	0.000000	0.000000	0.999989	0.000000	0.000000
75	tsk_75	(x)	1	:	0.000000	0.000000	0.000000	0.000000	0.000000	1.000000	0.000000	0.000000
76	tsk_76	(x)	1	:	0.000000	0.000000	0.000003	0.000000	0.000000	0.468964	0.531032	0.000000
77	tsk_77	(x)	1	:	0.000010	0.000000	0.000000	0.000000	0.000000	0.999990	0.000000	0.000000
78	tsk_78	(x)	1	:	0.000001	0.000000	0.000000	0.000000	0.000000	0.468966	0.531033	0.000000
79	tsk_79	(x)	1	:	0.000000	0.000000	0.000000	0.492132	0.000000	0.507868	0.000000	0.000000
80	tsk_80	(x)	1	:	0.000000	1.000000	0.000000	0.000000	0.000000	0.000000	0.000000	0.000000
81	tsk_81	(x)	1	:	0.000000	1.000000	0.000000	0.000000	0.000000	0.000000	0.000000	0.000000
82	tsk_82	(x)	1	:	0.000000	1.000000	0.000000	0.000000	0.000000	0.000000	0.000000	0.000000
83	tsk_83	(x)	1	:	0.000000	1.000000	0.000000	0.000000	0.000000	0.000000	0.000000	0.000000
84	tsk_84	(x)	1	:	0.000000	0.999999	0.000000	0.000000	0.000000	0.000000	0.000000	0.000001
85	tsk_85	(x)	1	:	0.000000	1.000000	0.000000	0.000000	0.000000	0.000000	0.000000	0.000000
86	tsk_86	(x)	1	:	0.000000	0.504746	0.000000	0.495069	0.000000	0.000000	0.000186	0.000000
87	tsk_87	(x)	1	:	0.000000	0.510498	0.000000	0.000000	0.000000	0.000000	0.000000	0.489502
88	tsk_88	(x)	1	:	0.000000	0.504913	0.000000	0.495087	0.000000	0.000000	0.000000	0.000000
89	tsk_89	(x)	1	:	0.000000	1.000000	0.000000	0.000000	0.000000	0.000000	0.000000	0.000000
90	tsk_90	(x)	1	:	0.471667	0.000000	0.000000	0.000000	0.000000	0.528333	0.000000	0.000000
91	tsk_91	(x)	1	:	0.471674	0.000000	0.000000	0.000000	0.000000	0.528325	0.000000	0.000000
92	tsk_92	(x)	1	:	0.999995	0.000000	0.000000	0.000000	0.000000	0.000005	0.000000	0.000000
93	tsk_93	(x)	1	:	0.471675	0.000000	0.000000	0.000000	0.000000	0.528325	0.000000	0.000000
94	tsk_94	(x)	1	:	0.471662	0.000000	0.000000	0.000000	0.000000	0.528338	0.000000	0.000000
95	tsk_95	(x)	1	:	0.471678	0.000000	0.000000	0.000000	0.000000	0.528322	0.000000	0.000000
96	tsk_96	(x)	1	:	0.000012	0.000000	0.000000	0.000000	0.000000	0.999988	0.000000	0.000000
97	tsk_97	(x)	1	:	0.999996	0.000000	0.000000	0.000000	0.000000	0.000004	0.000000	0.000000
98	tsk_98	(x)	1	:	0.471668	0.000000	0.000000	0.000000	0.000000	0.528332	0.000000	0.000000
99	tsk_99	(x)	1	:	0.999996	0.000000	0.000000	0.000000	0.000000	0.000004	0.000000	0.000000
