logL = -655.021241 (converged)
AIC = 2150.042482
BIC = 3244.213960

count.K
23 6 13 58 

