0	tsk_0	(x)	1	:	0.000000	0.000000	0.000000	0.196858	0.000000	0.000000	0.000000	0.000000	0.803141
1	tsk_1	(x)	1	:	0.000000	0.000000	0.000000	0.000000	0.000000	1.000000	0.000000	0.000000	0.000000
2	tsk_2	(x)	1	:	0.000000	0.500000	0.000000	0.312120	0.000000	0.000000	0.000000	0.000000	0.187880
3	tsk_3	(x)	1	:	0.000000	0.500000	0.000000	0.424809	0.000000	0.000000	0.000000	0.000000	0.075191
4	tsk_4	(x)	1	:	0.000000	0.500000	0.000000	0.339720	0.000000	0.000000	0.000000	0.000000	0.160279
5	tsk_5	(x)	1	:	0.000000	0.000000	0.000000	0.196346	0.000000	0.000000	0.000000	0.000000	0.803654
6	tsk_6	(x)	1	:	0.000000	0.500000	0.000000	0.403857	0.000000	0.000000	0.000000	0.000000	0.096143
7	tsk_7	(x)	1	:	0.000000	0.500000	0.000000	0.423270	0.000000	0.000000	0.000000	0.000000	0.076730
8	tsk_8	(x)	1	:	0.000000	0.500000	0.000000	0.299849	0.000000	0.000000	0.000000	0.000000	0.200150
9	tsk_9	(x)	1	:	0.000000	1.000000	0.000000	0.000000	0.000000	0.000000	0.000000	0.000000	0.000000
10	tsk_10	(x)	1	:	0.000000	0.000000	0.000000	0.246634	0.000000	0.000000	0.000000	0.000000	0.753366
11	tsk_11	(x)	1	:	0.000000	0.000000	0.000000	0.092773	0.000000	0.000000	0.371203	0.457406	0.078618
12	tsk_12	(x)	1	:	0.000000	0.000000	0.000000	0.361734	0.000000	0.000000	0.000000	0.000000	0.638266
13	tsk_13	(x)	1	:	0.000000	0.000000	0.000000	0.232293	0.000000	0.000000	0.000000	0.459783	0.307925
14	tsk_14	(x)	1	:	0.000000	0.000000	0.000000	0.472705	0.000000	0.000000	0.000000	0.000000	0.527295
15	tsk_15	(x)	1	:	0.000000	0.000000	0.000000	0.490211	0.000000	0.000000	0.000000	0.000000	0.509789
16	tsk_16	(x)	1	:	0.000000	0.000000	0.000000	0.090663	0.000000	0.000000	0.000000	0.459783	0.449554
17	tsk_17	(x)	1	:	0.000000	0.000000	0.000000	0.603795	0.000000	0.000000	0.000000	0.000000	0.396205
18	tsk_18	(x)	1	:	0.000000	0.000000	0.000000	0.155606	0.000000	0.000000	0.000000	0.000000	0.844394
19	tsk_19	(x)	1	:	0.000000	0.000000	0.000000	0.000003	0.000000	0.000000	0.000000	0.999997	0.000000
20	tsk_20	(x)	1	:	0.000000	0.000000	0.000000	0.057968	0.000000	0.000000	0.297065	0.000000	0.644966
21	tsk_21	(x)	1	:	0.000000	0.000000	0.000000	0.000000	0.000000	0.000000	1.000000	0.000000	0.000000
22	tsk_22	(x)	1	:	0.000000	0.000000	0.000000	0.141922	0.000000	0.000000	0.500000	0.000000	0.358078
23	tsk_23	(x)	1	:	0.000000	1.000000	0.000000	0.000000	0.000000	0.000000	0.000000	0.000000	0.000000
24	tsk_24	(x)	1	:	0.000000	0.500000	0.000000	0.445555	0.000000	0.000000	0.000000	0.000000	0.054445
25	tsk_25	(x)	1	:	0.000000	0.500000	0.000000	0.363343	0.000000	0.000000	0.000000	0.000000	0.136657
26	tsk_26	(x)	1	:	0.000000	0.500000	0.000000	0.445547	0.000000	0.000000	0.000000	0.000000	0.054453
27	tsk_27	(x)	1	:	0.000000	1.000000	0.000000	0.000000	0.000000	0.000000	0.000000	0.000000	0.000000
28	tsk_28	(x)	1	:	0.000000	0.499998	0.000000	0.202941	0.000000	0.000000	0.297061	0.000000	0.000000
29	tsk_29	(x)	1	:	0.000000	0.000000	0.000000	0.000000	0.000000	0.000000	1.000000	0.000000	0.000000
30	tsk_30	(x)	1	:	0.535505	0.000000	0.000000	0.000000	0.000000	0.000000	0.000000	0.000130	0.464365
31	tsk_31	(x)	1	:	0.000000	0.000000	0.000000	0.368704	0.000000	0.000000	0.000000	0.000000	0.631296
32	tsk_32	(x)	1	:	0.000000	0.000000	0.000000	0.174013	0.000000	0.000000	0.000000	0.000000	0.825987
33	tsk_33	(x)	1	:	0.000000	0.000000	0.000000	0.205889	0.000000	0.000000	0.000000	0.000000	0.794111
34	tsk_34	(x)	1	:	0.000000	0.000000	0.000000	0.306261	0.000000	0.000000	0.000000	0.000000	0.693738
35	tsk_35	(x)	1	:	0.000000	0.000000	0.000000	0.248788	0.000000	0.000000	0.000000	0.000000	0.751212
36	tsk_36	(x)	1	:	0.000000	0.000000	0.000000	0.354466	0.000000	0.000000	0.000000	0.000000	0.645534
37	tsk_37	(x)	1	:	0.000000	0.000000	0.000000	0.136815	0.000000	0.000000	0.000000	0.000000	0.863185
38	tsk_38	(x)	1	:	0.000000	0.000000	0.000000	0.475223	0.000000	0.000000	0.000000	0.000000	0.524777
39	tsk_39	(x)	1	:	0.000000	0.000000	0.000000	0.063856	0.000000	0.000000	0.000000	0.000000	0.936144
40	tsk_40	(x)	1	:	0.000000	0.000000	0.473315	0.019060	0.000000	0.000000	0.000000	0.000000	0.507625
41	tsk_41	(x)	1	:	0.000000	0.505364	0.494636	0.000000	0.000000	0.000000	0.000000	0.000000	0.000000
42	tsk_42	(x)	1	:	0.000000	0.000000	1.000000	0.000000	0.000000	0.000000	0.000000	0.000000	0.000000
43	tsk_43	(x)	1	:	0.000000	0.000000	0.000000	0.473720	0.000000	0.000000	0.000000	0.000000	0.526280
44	tsk_44	(x)	1	:	0.000000	0.000000	0.473315	0.160144	0.000000	0.000000	0.000000	0.000000	0.366541
45	tsk_45	(x)	1	:	0.000000	0.505364	0.494636	0.000000	0.000000	0.000000	0.000000	0.000000	0.000000
46	tsk_46	(x)	1	:	0.000000	0.000000	1.000000	0.000000	0.000000	0.000000	0.000000	0.000000	0.000000
47	tsk_47	(x)	1	:	0.000000	0.000000	0.473315	0.297285	0.000000	0.000000	0.000000	0.000000	0.229400
48	tsk_48	(x)	1	:	0.000000	0.000000	0.000000	0.186321	0.000000	0.000000	0.000000	0.459783	0.353896
49	tsk_49	(x)	1	:	0.000000	0.000000	0.658480	0.053688	0.000000	0.000000	0.000000	0.000000	0.287832
50	tsk_50	(x)	1	:	0.493562	0.000000	0.000000	0.373687	0.000000	0.000000	0.000000	0.000000	0.132751
51	tsk_51	(x)	1	:	0.493562	0.000000	0.000000	0.137794	0.000000	0.000000	0.000000	0.000000	0.368644
52	tsk_52	(x)	1	:	0.493562	0.000000	0.000000	0.341178	0.000000	0.000000	0.000000	0.000000	0.165260
53	tsk_53	(x)	1	:	0.000000	0.500000	0.000000	0.349286	0.000000	0.000000	0.000000	0.000000	0.150714
54	tsk_54	(x)	1	:	0.493562	0.000000	0.000000	0.412694	0.000000	0.000000	0.000000	0.000000	0.093744
55	tsk_55	(x)	1	:	0.000000	0.505364	0.494636	0.000000	0.000000	0.000000	0.000000	0.000000	0.000000
56	tsk_56	(x)	1	:	0.493562	0.000000	0.000000	0.480363	0.000000	0.000000	0.000000	0.000000	0.026075
57	tsk_57	(x)	1	:	0.000000	0.000000	0.473315	0.190865	0.000000	0.000000	0.000000	0.000000	0.335820
58	tsk_58	(x)	1	:	0.497637	0.000000	0.502363	0.000000	0.000000	0.000000	0.000000	0.000000	0.000000
59	tsk_59	(x)	1	:	0.000000	0.000000	0.000000	0.210087	0.000000	0.000000	0.000000	0.000000	0.789913
60	tsk_60	(x)	1	:	0.000000	1.000000	0.000000	0.000000	0.000000	0.000000	0.000000	0.000000	0.000000
61	tsk_61	(x)	1	:	0.000000	0.000000	1.000000	0.000000	0.000000	0.000000	0.000000	0.000000	0.000000
62	tsk_62	(x)	1	:	0.000000	0.513269	0.000000	0.000000	0.486731	0.000000	0.000000	0.000000	0.000000
63	tsk_63	(x)	1	:	0.000000	0.505364	0.494636	0.000000	0.000000	0.000000	0.000000	0.000000	0.000000
64	tsk_64	(x)	1	:	0.000000	0.000000	0.473315	0.116253	0.000000	0.000000	0.000000	0.000000	0.410431
65	tsk_65	(x)	1	:	0.000000	0.000000	0.502177	0.000000	0.497823	0.000000	0.000000	0.000000	0.000000
66	tsk_66	(x)	1	:	0.000000	0.000000	0.502177	0.000000	0.497823	0.000000	0.000000	0.000000	0.000000
67	tsk_67	(x)	1	:	0.000000	0.505364	0.494636	0.000000	0.000000	0.000000	0.000000	0.000000	0.000000
68	tsk_68	(x)	1	:	0.000000	0.513269	0.000000	0.000000	0.486731	0.000000	0.000000	0.000000	0.000000
69	tsk_69	(x)	1	:	0.000000	0.000000	0.000000	0.000000	1.000000	0.000000	0.000000	0.000000	0.000000
70	tsk_70	(x)	1	:	0.000000	0.000000	0.000000	0.253989	0.000000	0.000000	0.000000	0.000000	0.746011
71	tsk_71	(x)	1	:	0.000000	1.000000	0.000000	0.000000	0.000000	0.000000	0.000000	0.000000	0.000000
72	tsk_72	(x)	1	:	0.000000	0.500000	0.000000	0.299761	0.000000	0.000000	0.000000	0.000000	0.200239
73	tsk_73	(x)	1	:	0.000000	0.500000	0.000000	0.420676	0.000000	0.000000	0.000000	0.000000	0.079324
74	tsk_74	(x)	1	:	0.000000	0.499996	0.000000	0.165313	0.000000	0.000000	0.000000	0.321807	0.012883
75	tsk_75	(x)	1	:	0.000000	0.500000	0.000000	0.252899	0.000000	0.000000	0.000000	0.000000	0.247100
76	tsk_76	(x)	1	:	0.000000	0.365074	0.000000	0.360052	0.163933	0.000000	0.000000	0.000000	0.110941
77	tsk_77	(x)	1	:	0.000000	0.000000	0.000000	0.538343	0.000000	0.000000	0.000000	0.000000	0.461657
78	tsk_78	(x)	1	:	0.000000	0.000000	0.000000	0.267375	0.000000	0.000000	0.000000	0.000000	0.732625
79	tsk_79	(x)	1	:	0.000000	1.000000	0.000000	0.000000	0.000000	0.000000	0.000000	0.000000	0.000000
80	tsk_80	(x)	1	:	0.000000	0.000000	0.000000	0.272343	0.000000	0.000000	0.000000	0.000000	0.727657
81	tsk_81	(x)	1	:	0.000000	0.000000	0.000000	0.163493	0.000000	0.000000	0.000000	0.000000	0.836507
82	tsk_82	(x)	1	:	0.000000	0.000000	0.000000	0.114084	0.000000	0.000000	0.000000	0.000000	0.885916
83	tsk_83	(x)	1	:	0.000000	0.000000	0.000000	0.293116	0.000000	0.000000	0.000000	0.000000	0.706884
84	tsk_84	(x)	1	:	0.000000	0.000000	0.000000	0.665662	0.000000	0.000000	0.000000	0.000000	0.334338
85	tsk_85	(x)	1	:	0.000000	0.000000	0.000000	0.404364	0.000000	0.000000	0.000000	0.000000	0.595636
86	tsk_86	(x)	1	:	0.000000	0.000000	0.000000	0.708659	0.000000	0.000000	0.000000	0.000000	0.291341
87	tsk_87	(x)	1	:	0.000000	0.000000	0.000000	0.000000	0.000000	0.000000	0.000000	0.000000	1.000000
88	tsk_88	(x)	1	:	0.000000	0.000000	0.000000	0.201761	0.000000	0.000000	0.000000	0.000000	0.798239
89	tsk_89	(x)	1	:	0.000000	0.000000	0.000000	0.364101	0.000000	0.000000	0.000000	0.000000	0.635899
90	tsk_90	(x)	1	:	0.000000	0.500000	0.000000	0.304706	0.000000	0.000000	0.000000	0.000000	0.195294
91	tsk_91	(x)	1	:	0.000000	0.500000	0.000000	0.400340	0.000000	0.000000	0.000000	0.000000	0.099660
92	tsk_92	(x)	1	:	0.000000	1.000000	0.000000	0.000000	0.000000	0.000000	0.000000	0.000000	0.000000
93	tsk_93	(x)	1	:	0.000000	1.000000	0.000000	0.000000	0.000000	0.000000	0.000000	0.000000	0.000000
94	tsk_94	(x)	1	:	0.000000	0.500000	0.000000	0.293473	0.000000	0.000000	0.000000	0.000000	0.206527
95	tsk_95	(x)	1	:	0.000000	0.500000	0.000000	0.431615	0.000000	0.000000	0.000000	0.000000	0.068385
96	tsk_96	(x)	1	:	0.000000	1.000000	0.000000	0.000000	0.000000	0.000000	0.000000	0.000000	0.000000
97	tsk_97	(x)	1	:	0.000000	1.000000	0.000000	0.000000	0.000000	0.000000	0.000000	0.000000	0.000000
98	tsk_98	(x)	1	:	0.000000	1.000000	0.000000	0.000000	0.000000	0.000000	0.000000	0.000000	0.000000
99	tsk_99	(x)	1	:	0.000000	1.000000	0.000000	0.000000	0.000000	0.000000	0.000000	0.000000	0.000000
