logL = -277.995467 (converged)
AIC = 2767.990934
BIC = 5649.309160

count.K
4 51 1 18 3 1 1 20 1 

