logL = -698.884163 (converged)
AIC = 2769.768326
BIC = 4556.915074

count.K
9 16 29 13 25 8 

