logL = -1204.458334 (converged)
AIC = 3864.916669
BIC = 5761.480564

count.K
21 21 9 20 12 17 

