logL = -784.054167 (converged)
AIC = 2738.108334
BIC = 4262.132893

count.K
14 4 40 16 26 

