logL = -693.558239 (converged)
AIC = 2687.116478
BIC = 4380.477099

count.K
12 24 4 14 13 33 

