logL = -444.333277 (converged)
AIC = 2104.666554
BIC = 3688.610027

count.K
36 7 5 8 6 38 

