logL = -313.900364 (converged)
AIC = 1855.800727
BIC = 3455.375222

count.K
22 19 8 7 5 39 

