logL = -1365.165481 (converged)
AIC = 4866.330961
BIC = 7648.652720

count.K
13 1 13 9 16 15 25 8 

