logL = -499.528387 (converged)
AIC = 3085.056775
BIC = 5802.249279

count.K
27 8 10 0 23 4 11 12 5 

