logL = -667.661624 (converged)
AIC = 2955.323248
BIC = 5065.511099

count.K
10 3 16 11 43 12 5 

