logL = -794.782266 (converged)
AIC = 3265.564533
BIC = 5448.697149

count.K
8 31 15 18 17 5 6 

