logL = -416.567782 (converged)
AIC = 2811.135564
BIC = 5387.648878

count.K
1 9 11 16 21 4 20 17 1 

