logL = -1856.164240 (converged)
AIC = 6532.328481
BIC = 10205.618443

count.K
23 13 4 1 18 0 16 3 3 19 

