logL = -575.464983 (converged)
AIC = 2728.929965
BIC = 4784.409242

count.K
0 4 9 19 12 34 22 

