logL = -771.628368 (converged)
AIC = 2631.256735
BIC = 4048.469316

count.K
12 63 5 20 

