logL = -613.202836 (converged)
AIC = 2776.405672
BIC = 4795.412566

count.K
7 31 7 0 6 28 21 

