logL = -480.124412 (converged)
AIC = 2884.248824
BIC = 5390.422543

count.K
7 3 6 7 2 10 1 33 31 

