logL = -562.591846 (converged)
AIC = 2401.183692
BIC = 4063.282271

count.K
9 23 13 44 4 7 

