logL = -563.440954 (converged)
AIC = 2486.881908
BIC = 4258.397635

count.K
31 25 11 8 17 8 

