logL = -1143.313665 (converged)
AIC = 3682.627330
BIC = 5501.036120

count.K
25 31 12 5 10 17 

