logL = -439.565966 (converged)
AIC = 3055.131933
BIC = 5889.557095

count.K
13 0 49 1 10 13 3 0 11 

