logL = -798.078087 (converged)
AIC = 3556.156175
BIC = 6109.222957

count.K
10 7 10 8 29 16 0 20 

