logL = -699.480336 (converged)
AIC = 2408.960671
BIC = 3724.571615

count.K
6 7 23 28 36 

