logL = -370.723724 (converged)
AIC = 2221.447449
BIC = 4149.273386

count.K
35 5 18 1 9 10 22 

