logL = -305.535471 (converged)
AIC = 2105.070942
BIC = 4051.133071

count.K
5 4 21 6 37 11 16 

