logL = -695.175872 (converged)
AIC = 2190.351743
BIC = 3232.419818

count.K
40 6 35 19 

