logL = -265.128466 (converged)
AIC = 1926.256933
BIC = 3744.665722

count.K
5 1 12 11 51 15 5 

