logL = -1953.223253 (converged)
AIC = 5820.446506
BIC = 8313.594374

count.K
4 8 26 26 5 18 13 

