logL = -370.279440 (converged)
AIC = 2444.558880
BIC = 4664.163879

count.K
4 10 2 25 14 23 21 1 

