logL = -510.173999 (converged)
AIC = 2514.347999
BIC = 4460.410128

count.K
28 15 9 0 11 1 36 

