logL = -825.291369 (converged)
AIC = 2206.582737
BIC = 2930.820049

count.K
50 23 27 

