logL = -720.117129 (converged)
AIC = 3046.234257
BIC = 5138.185917

count.K
4 37 19 23 5 11 1 

