logL = -525.691025 (converged)
AIC = 2867.382049
BIC = 5232.876578

count.K
17 4 23 9 16 24 2 5 

