logL = -531.013716 (converged)
AIC = 2182.027433
BIC = 3640.922737

count.K
15 58 10 7 10 

