logL = -435.388686 (converged)
AIC = 1880.777372
BIC = 3196.388316

count.K
39 34 16 1 10 

