logL = -424.260212 (converged)
AIC = 2754.520423
BIC = 5237.247611

count.K
14 19 1 2 1 27 7 25 4 

