logL = -647.033624 (converged)
AIC = 2374.067247
BIC = 3780.859148

count.K
4 3 12 56 25 

