logL = -856.720574 (converged)
AIC = 1977.441148
BIC = 2321.323613

count.K
58 42 

