logL = -353.105353 (converged)
AIC = 2078.210705
BIC = 3865.357453

count.K
65 12 4 5 3 11 

