logL = -272.205687 (converged)
AIC = 2264.411374
BIC = 4504.857734

count.K
3 5 4 6 38 3 38 3 

