logL = -617.617212 (converged)
AIC = 2027.234424
BIC = 3058.881817

count.K
26 19 40 15 

