logL = -1799.408534 (converged)
AIC = 4702.817068
BIC = 6140.871011

count.K
31 14 27 28 

