logL = -471.422559 (converged)
AIC = 1962.845119
BIC = 3291.481914

count.K
34 25 8 7 26 

