logL = -571.492824 (converged)
AIC = 2182.985648
BIC = 3537.674145

count.K
48 7 12 20 13 

