logL = -876.061697 (converged)
AIC = 4312.123395
BIC = 7646.741233

count.K
28 2 9 7 27 6 1 15 2 3 

