logL = -1030.919825 (converged)
AIC = 2349.839649
BIC = 2724.984156

count.K
54 46 

