logL = -532.068308 (converged)
AIC = 2864.136616
BIC = 5208.789783

count.K
17 4 3 18 26 18 3 11 

