logL = -799.751416 (converged)
AIC = 2173.502832
BIC = 2921.186676

count.K
17 53 30 

