logL = -857.493866 (converged)
AIC = 2602.987732
BIC = 3759.683294

count.K
6 14 34 46 

