logL = -643.170456 (converged)
AIC = 1602.340912
BIC = 2013.957801

count.K
11 89 

