logL = -703.457396 (converged)
AIC = 3420.914792
BIC = 6044.321169

count.K
1 1 21 13 4 20 6 7 27 

