logL = -722.462392 (converged)
AIC = 3340.924783
BIC = 5810.626119

count.K
4 1 48 11 1 25 6 4 

