logL = -591.988524 (converged)
AIC = 1967.977048
BIC = 2989.203761

count.K
2 13 46 39 

