logL = -847.444684 (converged)
AIC = 2764.889369
BIC = 4158.655418

count.K
28 21 1 33 17 

