logL = -504.813263 (converged)
AIC = 1265.626526
BIC = 1599.088310

count.K
22 78 

