logL = -1099.153966 (converged)
AIC = 4482.307933
BIC = 7457.412285

count.K
7 20 7 8 24 12 11 2 9 

