logL = -542.737845 (converged)
AIC = 1365.475690
BIC = 1730.199516

count.K
13 87 

