logL = -806.802616 (converged)
AIC = 2437.605232
BIC = 3510.935348

count.K
27 26 17 30 

