logL = -518.986452 (converged)
AIC = 2559.972904
BIC = 4542.507415

count.K
13 20 24 6 4 11 22 

