logL = -438.959743 (converged)
AIC = 2597.919486
BIC = 4838.365846

count.K
5 25 42 1 6 16 4 1 

