logL = -639.553188 (converged)
AIC = 1817.106375
BIC = 2517.897155

count.K
43 20 37 

