logL = -2081.416767 (converged)
AIC = 5992.833534
BIC = 8376.564254

count.K
3 24 22 30 20 0 1 

