logL = -766.823171 (converged)
AIC = 2077.646342
BIC = 2786.252632

count.K
16 35 49 

