0	tsk_0	(x)	1	:	0.000000	0.000000	0.462386	0.000000	0.000000	0.000000	0.000000	0.512861	0.024753
1	tsk_1	(x)	1	:	0.000000	0.000000	1.000000	0.000000	0.000000	0.000000	0.000000	0.000000	0.000000
2	tsk_2	(x)	1	:	0.000000	0.000000	1.000000	0.000000	0.000000	0.000000	0.000000	0.000000	0.000000
3	tsk_3	(x)	1	:	0.000000	0.409921	0.462229	0.000000	0.090086	0.000000	0.000000	0.000000	0.037764
4	tsk_4	(x)	1	:	0.000000	0.455331	0.463730	0.000000	0.044795	0.000000	0.000000	0.000000	0.036144
5	tsk_5	(x)	1	:	0.000000	0.000000	0.000000	0.000000	0.500000	0.000000	0.500000	0.000000	0.000000
6	tsk_6	(x)	1	:	0.000000	0.000000	0.000000	0.000000	0.500000	0.000000	0.500000	0.000000	0.000000
7	tsk_7	(x)	1	:	0.000000	0.000000	0.000000	0.000000	0.500000	0.000000	0.500000	0.000000	0.000000
8	tsk_8	(x)	1	:	0.000000	0.000000	0.000000	0.000000	0.000000	0.000000	1.000000	0.000000	0.000000
9	tsk_9	(x)	1	:	0.000000	0.424081	0.000000	0.000000	0.075919	0.000000	0.000000	0.000000	0.500000
10	tsk_10	(x)	1	:	0.000000	0.935780	0.000000	0.000000	0.064220	0.000000	0.000000	0.000000	0.000000
11	tsk_11	(x)	1	:	0.000000	1.000000	0.000000	0.000000	0.000000	0.000000	0.000000	0.000000	0.000000
12	tsk_12	(x)	1	:	0.000000	0.364169	0.000000	0.000000	0.018330	0.000000	0.000000	0.617501	0.000000
13	tsk_13	(x)	1	:	0.000000	0.398668	0.000000	0.000000	0.101332	0.000000	0.000000	0.000000	0.500000
14	tsk_14	(x)	1	:	0.000000	0.992912	0.000000	0.000000	0.007088	0.000000	0.000000	0.000000	0.000000
15	tsk_15	(x)	1	:	0.000000	0.945828	0.000000	0.000000	0.054172	0.000000	0.000000	0.000000	0.000000
16	tsk_16	(x)	1	:	0.000000	0.962470	0.000000	0.000000	0.037530	0.000000	0.000000	0.000000	0.000000
17	tsk_17	(x)	1	:	0.000000	0.860223	0.000000	0.000000	0.139777	0.000000	0.000000	0.000000	0.000000
18	tsk_18	(x)	1	:	0.000000	0.873154	0.000000	0.000000	0.126846	0.000000	0.000000	0.000000	0.000000
19	tsk_19	(x)	1	:	0.000000	0.954856	0.000000	0.000000	0.045144	0.000000	0.000000	0.000000	0.000000
20	tsk_20	(x)	1	:	0.000000	0.000000	0.000000	0.000000	0.000000	0.000032	0.000000	0.000000	0.999968
21	tsk_21	(x)	1	:	0.000000	0.000000	0.000000	0.000000	0.000000	0.000025	0.000000	0.000000	0.999975
22	tsk_22	(x)	1	:	0.000000	0.000000	0.000000	0.000000	0.000000	0.000026	0.000000	0.000000	0.999974
23	tsk_23	(x)	1	:	0.000000	0.448371	0.000000	0.000000	0.051629	0.000000	0.000000	0.000000	0.500000
24	tsk_24	(x)	1	:	0.000000	0.000000	0.000000	0.000000	0.000000	0.000000	0.000000	0.000000	1.000000
25	tsk_25	(x)	1	:	0.000000	0.000000	0.000000	0.000000	0.000000	0.000004	0.000000	0.000000	0.999996
26	tsk_26	(x)	1	:	0.000000	0.000000	0.000000	0.000000	0.000000	0.000000	0.000000	0.000000	1.000000
27	tsk_27	(x)	1	:	0.000000	0.000000	0.000000	0.000000	0.000000	0.000101	0.000000	0.000000	0.999899
28	tsk_28	(x)	1	:	0.000000	0.000000	0.000000	0.000000	0.000000	0.000000	0.000000	0.000000	1.000000
29	tsk_29	(x)	1	:	0.000000	0.000000	0.000000	0.000000	0.000000	0.000000	0.000000	0.000000	1.000000
30	tsk_30	(x)	1	:	0.499718	0.000000	0.000000	0.000000	0.000000	0.010703	0.000000	0.000000	0.489579
31	tsk_31	(x)	1	:	0.000000	0.879170	0.000000	0.000000	0.120830	0.000000	0.000000	0.000000	0.000000
32	tsk_32	(x)	1	:	0.000000	0.541923	0.000000	0.448420	0.009657	0.000000	0.000000	0.000000	0.000000
33	tsk_33	(x)	1	:	0.198002	0.000000	0.000000	0.000000	0.000000	0.477292	0.000000	0.310654	0.014052
34	tsk_34	(x)	1	:	0.142145	0.000000	0.000000	0.369667	0.000000	0.488140	0.000000	0.000000	0.000048
35	tsk_35	(x)	1	:	0.499729	0.000000	0.000000	0.000000	0.000000	0.010289	0.000000	0.000000	0.489982
36	tsk_36	(x)	1	:	0.000000	0.000000	0.000000	0.000000	0.000003	0.000000	0.000000	0.999997	0.000000
37	tsk_37	(x)	1	:	0.000000	0.072666	0.000000	0.000000	0.030982	0.000000	0.000000	0.396353	0.499999
38	tsk_38	(x)	1	:	0.000000	0.561132	0.000000	0.000000	0.042517	0.000000	0.000000	0.396351	0.000000
39	tsk_39	(x)	1	:	0.000000	0.506298	0.000000	0.448420	0.045282	0.000000	0.000000	0.000000	0.000000
40	tsk_40	(x)	1	:	0.000000	0.000000	0.468536	0.000000	0.000000	0.000000	0.000000	0.531464	0.000000
41	tsk_41	(x)	1	:	0.000000	0.000000	0.462149	0.000000	0.000000	0.000000	0.000000	0.000000	0.537851
42	tsk_42	(x)	1	:	0.000000	0.287817	0.473216	0.000000	0.213079	0.000000	0.000000	0.000000	0.025888
43	tsk_43	(x)	1	:	0.000000	0.442662	0.000000	0.000000	0.057338	0.000000	0.000000	0.000000	0.500000
44	tsk_44	(x)	1	:	0.000000	0.441172	0.462241	0.000000	0.058836	0.000000	0.000000	0.000000	0.037751
45	tsk_45	(x)	1	:	0.000000	0.876346	0.000000	0.000000	0.123654	0.000000	0.000000	0.000000	0.000000
46	tsk_46	(x)	1	:	0.000000	0.000000	0.462149	0.000000	0.000000	0.000000	0.000000	0.000000	0.537851
47	tsk_47	(x)	1	:	0.000000	0.000000	0.000000	0.000000	0.000000	1.000000	0.000000	0.000000	0.000000
48	tsk_48	(x)	1	:	0.000000	0.436768	0.462237	0.000000	0.063240	0.000000	0.000000	0.000000	0.037755
49	tsk_49	(x)	1	:	0.000000	0.426826	0.462405	0.000000	0.073195	0.000000	0.000000	0.000000	0.037574
50	tsk_50	(x)	1	:	0.000000	0.000000	0.270809	0.000000	0.000000	0.729191	0.000000	0.000000	0.000000
51	tsk_51	(x)	1	:	0.000000	0.000000	0.462252	0.492422	0.000000	0.000000	0.000000	0.000000	0.045326
52	tsk_52	(x)	1	:	0.000000	0.356378	0.000000	0.000000	0.143622	0.000000	0.000000	0.000000	0.500000
53	tsk_53	(x)	1	:	0.000000	0.359146	0.463201	0.000000	0.140938	0.000000	0.000000	0.000000	0.036715
54	tsk_54	(x)	1	:	0.499726	0.000000	0.000000	0.000000	0.000000	0.010401	0.000000	0.000000	0.489873
55	tsk_55	(x)	1	:	0.000000	0.380960	0.462424	0.000000	0.119062	0.000000	0.000000	0.000000	0.037553
56	tsk_56	(x)	1	:	0.000000	0.000000	0.462149	0.000000	0.000000	0.000000	0.000000	0.000000	0.537851
57	tsk_57	(x)	1	:	0.000000	0.452640	0.462327	0.000000	0.047374	0.000000	0.000000	0.000000	0.037658
58	tsk_58	(x)	1	:	0.000000	0.948079	0.000000	0.000000	0.051921	0.000000	0.000000	0.000000	0.000000
59	tsk_59	(x)	1	:	0.000000	0.436093	0.497061	0.000000	0.066846	0.000000	0.000000	0.000000	0.000000
60	tsk_60	(x)	1	:	0.000000	0.420669	0.000000	0.578493	0.000837	0.000000	0.000000	0.000000	0.000000
61	tsk_61	(x)	1	:	0.000000	0.874442	0.000000	0.000000	0.125558	0.000000	0.000000	0.000000	0.000000
62	tsk_62	(x)	1	:	0.000000	0.435057	0.000000	0.000000	0.064943	0.000000	0.000000	0.000000	0.500000
63	tsk_63	(x)	1	:	0.000000	0.000000	0.000000	0.513548	0.000000	0.000000	0.000000	0.000000	0.486452
64	tsk_64	(x)	1	:	0.000000	0.939564	0.000000	0.000000	0.060436	0.000000	0.000000	0.000000	0.000000
65	tsk_65	(x)	1	:	0.000000	0.421274	0.000000	0.578493	0.000232	0.000000	0.000000	0.000000	0.000000
66	tsk_66	(x)	1	:	0.000000	0.966280	0.000000	0.000000	0.033720	0.000000	0.000000	0.000000	0.000000
67	tsk_67	(x)	1	:	0.000000	0.420059	0.000000	0.578493	0.001448	0.000000	0.000000	0.000000	0.000000
68	tsk_68	(x)	1	:	0.000000	0.420638	0.000000	0.578493	0.000869	0.000000	0.000000	0.000000	0.000000
69	tsk_69	(x)	1	:	0.000000	0.920929	0.000000	0.000000	0.079071	0.000000	0.000000	0.000000	0.000000
70	tsk_70	(x)	1	:	0.000000	0.000000	0.000000	0.000000	0.000000	0.000030	0.000000	0.000000	0.999970
71	tsk_71	(x)	1	:	0.000000	0.000000	0.000000	0.000000	0.000000	0.000084	0.000000	0.000000	0.999916
72	tsk_72	(x)	1	:	0.000000	0.000000	0.000000	0.000000	0.000000	0.000000	0.000000	0.000000	1.000000
73	tsk_73	(x)	1	:	0.000000	0.479183	0.000000	0.000000	0.020817	0.000000	0.000000	0.000000	0.500000
74	tsk_74	(x)	1	:	0.000000	0.000000	0.000000	0.000000	0.000000	0.000123	0.000000	0.000000	0.999877
75	tsk_75	(x)	1	:	0.000000	0.422618	0.000000	0.000000	0.077382	0.000000	0.000000	0.000000	0.500000
76	tsk_76	(x)	1	:	0.000000	0.000000	0.000000	0.000000	0.000000	0.000000	0.000000	0.000000	1.000000
77	tsk_77	(x)	1	:	0.000000	0.000000	0.000000	0.000000	0.000000	0.000000	0.000000	0.000000	1.000000
78	tsk_78	(x)	1	:	0.000000	0.000000	0.000000	0.000000	0.000000	0.000068	0.000000	0.000000	0.999932
79	tsk_79	(x)	1	:	0.000000	0.000000	0.000000	0.000000	0.000000	0.000213	0.000000	0.000000	0.999787
80	tsk_80	(x)	1	:	0.000000	0.000000	0.000000	0.000000	0.500000	0.000000	0.500000	0.000000	0.000000
81	tsk_81	(x)	1	:	0.000000	0.000000	0.478862	0.000000	0.000000	0.000000	0.516933	0.000000	0.004205
82	tsk_82	(x)	1	:	0.000000	0.000000	0.000000	0.000000	0.000000	0.999999	0.000000	0.000000	0.000001
83	tsk_83	(x)	1	:	0.000000	0.391488	0.516752	0.000000	0.091760	0.000000	0.000000	0.000000	0.000000
84	tsk_84	(x)	1	:	0.000000	0.000000	0.000000	0.000000	0.500000	0.000000	0.500000	0.000000	0.000000
85	tsk_85	(x)	1	:	0.000000	0.437200	0.516752	0.000000	0.046048	0.000000	0.000000	0.000000	0.000000
86	tsk_86	(x)	1	:	0.000000	0.461909	0.516752	0.000000	0.021338	0.000000	0.000000	0.000000	0.000000
87	tsk_87	(x)	1	:	0.000000	0.448321	0.462252	0.000000	0.051688	0.000000	0.000000	0.000000	0.037739
88	tsk_88	(x)	1	:	0.000000	0.000000	0.000000	0.000000	0.500000	0.000000	0.500000	0.000000	0.000000
89	tsk_89	(x)	1	:	0.000000	0.947977	0.000000	0.000000	0.052023	0.000000	0.000000	0.000000	0.000000
90	tsk_90	(x)	1	:	0.000000	0.095584	0.000000	0.000000	0.008064	0.000000	0.000000	0.396353	0.499999
91	tsk_91	(x)	1	:	0.000000	0.000000	0.000000	0.492414	0.000000	0.000000	0.000000	0.000000	0.507585
92	tsk_92	(x)	1	:	0.000000	0.000000	0.000000	1.000000	0.000000	0.000000	0.000000	0.000000	0.000000
93	tsk_93	(x)	1	:	0.000000	0.000000	0.000000	0.000000	0.000000	0.000000	0.000000	1.000000	0.000000
94	tsk_94	(x)	1	:	0.000000	0.000142	0.000000	0.000000	0.000000	0.000000	0.000000	0.510975	0.488883
95	tsk_95	(x)	1	:	0.000000	0.000000	0.000000	0.492414	0.000000	0.000000	0.000000	0.000000	0.507585
96	tsk_96	(x)	1	:	0.000000	0.000000	0.462149	0.000000	0.000000	0.000000	0.000000	0.000000	0.537851
97	tsk_97	(x)	1	:	0.000000	0.051579	0.000000	0.448421	0.000000	0.000000	0.000000	0.000000	0.500000
98	tsk_98	(x)	1	:	0.000000	0.000000	1.000000	0.000000	0.000000	0.000000	0.000000	0.000000	0.000000
99	tsk_99	(x)	1	:	0.000000	0.084841	0.000000	0.000000	0.018809	0.000000	0.000000	0.396350	0.499999
