logL = -709.232387 (converged)
AIC = 2234.464775
BIC = 3297.374211

count.K
11 51 23 15 

