logL = -1079.600293 (converged)
AIC = 3039.200585
BIC = 4185.475467

count.K
12 20 46 22 

