0	tsk_0	(x)	1	:	0.000010	0.000000	0.479409	0.000055	0.520525	0.000000	0.000000	0.000000
1	tsk_1	(x)	1	:	0.000000	0.203035	0.000000	0.000018	0.498154	0.298793	0.000000	0.000000
2	tsk_2	(x)	1	:	0.000000	0.000000	0.000000	0.000000	1.000000	0.000000	0.000000	0.000000
3	tsk_3	(x)	1	:	0.000000	0.000000	0.000000	0.000000	1.000000	0.000000	0.000000	0.000000
4	tsk_4	(x)	1	:	0.000000	0.000000	0.000000	0.000000	1.000000	0.000000	0.000000	0.000000
5	tsk_5	(x)	1	:	0.000000	0.000000	0.000000	0.000000	1.000000	0.000000	0.000000	0.000000
6	tsk_6	(x)	1	:	0.000000	0.000000	1.000000	0.000000	0.000000	0.000000	0.000000	0.000000
7	tsk_7	(x)	1	:	0.000000	0.501832	0.000000	0.000026	0.498142	0.000000	0.000000	0.000000
8	tsk_8	(x)	1	:	0.000000	0.000000	0.000000	0.324709	0.675144	0.000000	0.000147	0.000000
9	tsk_9	(x)	1	:	0.000010	0.000000	0.479409	0.000061	0.520520	0.000000	0.000000	0.000000
10	tsk_10	(x)	1	:	0.000000	0.000000	0.000000	0.324775	0.675144	0.000000	0.000081	0.000000
11	tsk_11	(x)	1	:	0.000010	0.000000	0.478926	0.000049	0.000000	0.000000	0.521015	0.000000
12	tsk_12	(x)	1	:	0.000000	0.000000	0.000000	0.000000	0.000000	1.000000	0.000000	0.000000
13	tsk_13	(x)	1	:	0.000000	0.465731	0.000000	0.534269	0.000000	0.000000	0.000000	0.000000
14	tsk_14	(x)	1	:	0.000000	0.445264	0.000000	0.000000	0.000000	0.554736	0.000000	0.000000
15	tsk_15	(x)	1	:	0.000000	0.000000	0.000000	0.000000	1.000000	0.000000	0.000000	0.000000
16	tsk_16	(x)	1	:	0.000000	0.000202	0.000000	0.000014	0.000000	0.515217	0.484566	0.000000
17	tsk_17	(x)	1	:	0.000011	0.521062	0.478927	0.000000	0.000000	0.000000	0.000000	0.000000
18	tsk_18	(x)	1	:	0.000000	0.501832	0.000000	0.000024	0.498144	0.000000	0.000000	0.000000
19	tsk_19	(x)	1	:	0.000000	0.000000	0.000000	0.000000	0.000000	0.000000	1.000000	0.000000
20	tsk_20	(x)	1	:	0.000000	0.256446	0.000000	0.000000	0.000000	0.743554	0.000000	0.000000
21	tsk_21	(x)	1	:	0.488146	0.212856	0.000195	0.000000	0.000000	0.298803	0.000000	0.000000
22	tsk_22	(x)	1	:	0.000000	0.499291	0.500709	0.000000	0.000000	0.000000	0.000000	0.000000
23	tsk_23	(x)	1	:	0.000000	0.201201	0.000000	0.000018	0.000000	0.298791	0.499990	0.000000
24	tsk_24	(x)	1	:	0.000000	0.000117	0.500034	0.000000	0.000000	0.499849	0.000000	0.000000
25	tsk_25	(x)	1	:	0.000000	0.701226	0.000000	0.000000	0.000000	0.298774	0.000000	0.000000
26	tsk_26	(x)	1	:	0.488157	0.000000	0.000185	0.000018	0.000000	0.000000	0.511640	0.000000
27	tsk_27	(x)	1	:	0.000000	0.000092	0.500036	0.000000	0.000000	0.499872	0.000000	0.000000
28	tsk_28	(x)	1	:	0.000000	0.000000	0.000000	0.320084	0.000200	0.000000	0.679716	0.000000
29	tsk_29	(x)	1	:	0.000000	0.000000	0.000000	0.000000	0.000000	0.000000	1.000000	0.000000
30	tsk_30	(x)	1	:	0.599551	0.000000	0.400449	0.000000	0.000000	0.000000	0.000000	0.000000
31	tsk_31	(x)	1	:	0.000000	0.000000	1.000000	0.000000	0.000000	0.000000	0.000000	0.000000
32	tsk_32	(x)	1	:	0.000000	0.000000	0.534159	0.454946	0.002357	0.000000	0.008537	0.000000
33	tsk_33	(x)	1	:	0.000000	0.000000	1.000000	0.000000	0.000000	0.000000	0.000000	0.000000
34	tsk_34	(x)	1	:	0.000000	0.000000	0.510457	0.489543	0.000000	0.000000	0.000000	0.000000
35	tsk_35	(x)	1	:	0.000000	0.000000	1.000000	0.000000	0.000000	0.000000	0.000000	0.000000
36	tsk_36	(x)	1	:	0.000000	0.000000	1.000000	0.000000	0.000000	0.000000	0.000000	0.000000
37	tsk_37	(x)	1	:	0.449949	0.000000	0.550051	0.000000	0.000000	0.000000	0.000000	0.000000
38	tsk_38	(x)	1	:	0.000000	0.000000	1.000000	0.000000	0.000000	0.000000	0.000000	0.000000
39	tsk_39	(x)	1	:	0.449949	0.000000	0.550051	0.000000	0.000000	0.000000	0.000000	0.000000
40	tsk_40	(x)	1	:	1.000000	0.000000	0.000000	0.000000	0.000000	0.000000	0.000000	0.000000
41	tsk_41	(x)	1	:	0.503839	0.000007	0.000000	0.000000	0.000000	0.496154	0.000000	0.000000
42	tsk_42	(x)	1	:	0.502045	0.000000	0.000000	0.497955	0.000000	0.000000	0.000000	0.000000
43	tsk_43	(x)	1	:	0.509400	0.000000	0.000000	0.000016	0.000000	0.000000	0.490584	0.000000
44	tsk_44	(x)	1	:	1.000000	0.000000	0.000000	0.000000	0.000000	0.000000	0.000000	0.000000
45	tsk_45	(x)	1	:	0.484377	0.000016	0.000163	0.000000	0.000000	0.515444	0.000000	0.000000
46	tsk_46	(x)	1	:	0.503839	0.000005	0.000000	0.000000	0.000000	0.496156	0.000000	0.000000
47	tsk_47	(x)	1	:	0.484381	0.000037	0.000156	0.000000	0.000000	0.515425	0.000000	0.000000
48	tsk_48	(x)	1	:	0.502045	0.000000	0.000000	0.497955	0.000000	0.000000	0.000000	0.000000
49	tsk_49	(x)	1	:	0.509400	0.000000	0.000000	0.000014	0.000000	0.000000	0.490586	0.000000
50	tsk_50	(x)	1	:	0.000000	0.483498	0.000000	0.000000	0.000000	0.000000	0.000000	0.516502
51	tsk_51	(x)	1	:	0.000000	0.000000	1.000000	0.000000	0.000000	0.000000	0.000000	0.000000
52	tsk_52	(x)	1	:	0.000000	0.000000	0.512792	0.058595	0.000003	0.000000	0.000051	0.428559
53	tsk_53	(x)	1	:	0.000000	0.000000	1.000000	0.000000	0.000000	0.000000	0.000000	0.000000
54	tsk_54	(x)	1	:	0.000000	0.499291	0.500709	0.000000	0.000000	0.000000	0.000000	0.000000
55	tsk_55	(x)	1	:	0.000000	0.000000	0.512790	0.058637	0.000007	0.000000	0.000042	0.428524
56	tsk_56	(x)	1	:	0.000000	0.000000	0.000000	0.000000	0.000000	0.000000	0.000000	1.000000
57	tsk_57	(x)	1	:	0.000000	0.000000	1.000000	0.000000	0.000000	0.000000	0.000000	0.000000
58	tsk_58	(x)	1	:	0.000000	0.499291	0.500709	0.000000	0.000000	0.000000	0.000000	0.000000
59	tsk_59	(x)	1	:	0.000000	0.483498	0.000000	0.000000	0.000000	0.000000	0.000000	0.516502
60	tsk_60	(x)	1	:	0.000008	0.000000	0.999992	0.000000	0.000000	0.000000	0.000000	0.000000
61	tsk_61	(x)	1	:	0.000000	0.000000	0.496320	0.000043	0.503637	0.000000	0.000000	0.000000
62	tsk_62	(x)	1	:	0.000000	0.000000	0.000000	0.001852	0.000007	0.000000	0.614084	0.384056
63	tsk_63	(x)	1	:	0.000028	0.000000	0.489942	0.079669	0.000003	0.000000	0.000080	0.430278
64	tsk_64	(x)	1	:	0.000000	0.000000	0.000000	0.379844	0.377504	0.000000	0.000000	0.242652
65	tsk_65	(x)	1	:	0.000014	0.000000	0.489957	0.079680	0.000000	0.000000	0.000037	0.430311
66	tsk_66	(x)	1	:	0.000000	0.000000	0.000000	0.002195	0.610908	0.000000	0.000003	0.386895
67	tsk_67	(x)	1	:	0.000000	0.000000	0.000000	0.000144	0.000015	0.000000	0.000004	0.999837
68	tsk_68	(x)	1	:	0.000000	0.000000	0.000000	0.001742	0.000009	0.000000	0.614141	0.384108
69	tsk_69	(x)	1	:	0.000030	0.000000	0.479387	0.000055	0.520528	0.000000	0.000000	0.000000
70	tsk_70	(x)	1	:	0.000000	0.000000	0.000000	0.036458	0.646861	0.000000	0.000001	0.316680
71	tsk_71	(x)	1	:	0.000000	0.000000	0.000000	0.000000	1.000000	0.000000	0.000000	0.000000
72	tsk_72	(x)	1	:	0.000000	0.000000	0.000000	0.000000	1.000000	0.000000	0.000000	0.000000
73	tsk_73	(x)	1	:	0.000000	0.000000	0.000000	0.000000	1.000000	0.000000	0.000000	0.000000
74	tsk_74	(x)	1	:	0.000000	0.000000	0.000000	0.000116	0.564475	0.000000	0.000000	0.435409
75	tsk_75	(x)	1	:	0.000000	0.000000	0.000000	0.036571	0.646792	0.000000	0.000005	0.316631
76	tsk_76	(x)	1	:	0.000000	0.000000	0.000000	0.036665	0.646738	0.000000	0.000004	0.316593
77	tsk_77	(x)	1	:	0.000000	0.000000	0.000000	0.465701	0.006413	0.000000	0.002757	0.525129
78	tsk_78	(x)	1	:	0.000000	0.000000	0.000000	0.235590	0.000211	0.000000	0.000041	0.764158
79	tsk_79	(x)	1	:	0.000000	0.000000	0.501180	0.000028	0.498791	0.000000	0.000000	0.000000
80	tsk_80	(x)	1	:	0.000012	0.000000	0.470024	0.529965	0.000000	0.000000	0.000000	0.000000
81	tsk_81	(x)	1	:	0.000013	0.000000	0.474888	0.000001	0.000000	0.000000	0.000000	0.525098
82	tsk_82	(x)	1	:	0.000000	0.000000	0.000000	0.000015	0.467677	0.000000	0.000000	0.532308
83	tsk_83	(x)	1	:	0.000000	0.000000	1.000000	0.000000	0.000000	0.000000	0.000000	0.000000
84	tsk_84	(x)	1	:	0.000000	0.000000	1.000000	0.000000	0.000000	0.000000	0.000000	0.000000
85	tsk_85	(x)	1	:	0.000000	0.000000	0.000000	0.000000	0.000000	0.000000	0.000000	1.000000
86	tsk_86	(x)	1	:	0.000027	0.521064	0.478909	0.000000	0.000000	0.000000	0.000000	0.000000
87	tsk_87	(x)	1	:	0.000029	0.000000	0.474871	0.000001	0.000000	0.000000	0.000000	0.525099
88	tsk_88	(x)	1	:	0.000009	0.521061	0.478930	0.000000	0.000000	0.000000	0.000000	0.000000
89	tsk_89	(x)	1	:	0.000000	0.483498	0.000000	0.000000	0.000000	0.000000	0.000000	0.516502
90	tsk_90	(x)	1	:	0.599551	0.000000	0.400449	0.000000	0.000000	0.000000	0.000000	0.000000
91	tsk_91	(x)	1	:	0.380482	0.000000	0.619518	0.000000	0.000000	0.000000	0.000000	0.000000
92	tsk_92	(x)	1	:	0.000000	0.000000	1.000000	0.000000	0.000000	0.000000	0.000000	0.000000
93	tsk_93	(x)	1	:	0.000000	0.000000	0.536152	0.463848	0.000000	0.000000	0.000000	0.000000
94	tsk_94	(x)	1	:	0.999991	0.000000	0.000009	0.000000	0.000000	0.000000	0.000000	0.000000
95	tsk_95	(x)	1	:	0.201545	0.000000	0.798455	0.000000	0.000000	0.000000	0.000000	0.000000
96	tsk_96	(x)	1	:	0.000014	0.000000	0.470020	0.529965	0.000000	0.000000	0.000000	0.000000
97	tsk_97	(x)	1	:	0.031657	0.000000	0.968343	0.000000	0.000000	0.000000	0.000000	0.000000
98	tsk_98	(x)	1	:	0.201545	0.000000	0.798455	0.000000	0.000000	0.000000	0.000000	0.000000
99	tsk_99	(x)	1	:	0.480096	0.000000	0.000150	0.519753	0.000000	0.000000	0.000000	0.000000
