logL = -431.971254 (converged)
AIC = 1639.942508
BIC = 2650.748540

count.K
8 44 25 23 

