logL = -582.411568 (converged)
AIC = 1714.823137
BIC = 2431.244938

count.K
45 40 15 

