logL = -353.395752 (converged)
AIC = 1970.791504
BIC = 3617.259062

count.K
7 9 1 8 24 51 

