logL = -931.120663 (converged)
AIC = 2424.241326
BIC = 3156.294149

count.K
37 36 27 

