logL = -459.050235 (converged)
AIC = 1450.100470
BIC = 2143.075739

count.K
50 47 3 

