logL = -906.359725 (converged)
AIC = 2398.719450
BIC = 3162.034314

count.K
23 47 30 

