logL = -330.667456 (converged)
AIC = 2365.334911
BIC = 4584.939910

count.K
58 3 9 1 8 14 6 1 

