logL = -867.625622 (converged)
AIC = 2035.251244
BIC = 2426.026772

count.K
52 48 

