logL = -538.218937 (converged)
AIC = 2696.437874
BIC = 4806.625725

count.K
14 8 8 33 3 30 4 

