logL = -472.352706 (converged)
AIC = 3224.705412
BIC = 6194.599424

count.K
7 2 6 6 2 24 6 1 29 17 

