logL = -700.593354 (converged)
AIC = 2233.186708
BIC = 3316.937505

count.K
38 26 16 20 

