logL = -561.531477 (converged)
AIC = 2891.062954
BIC = 5194.033398

count.K
9 6 28 0 1 2 24 30 

