logL = -828.371602 (converged)
AIC = 2464.743204
BIC = 3517.231959

count.K
33 21 34 12 

