logL = -381.941210 (converged)
AIC = 2003.882420
BIC = 3619.087935

count.K
34 3 14 16 16 17 

