logL = -701.926801 (converged)
AIC = 2211.853602
BIC = 3264.342357

count.K
10 25 26 39 

