logL = -574.556588 (converged)
AIC = 3199.113176
BIC = 5869.412617

count.K
1 38 23 6 1 19 5 3 4 

