logL = -554.804007 (converged)
AIC = 3213.608014
BIC = 5954.247050

count.K
6 23 57 1 4 0 2 4 3 

