logL = -993.596446 (converged)
AIC = 4217.192891
BIC = 7121.957649

count.K
13 0 26 23 6 19 8 2 3 

