logL = -441.164439 (converged)
AIC = 1158.328878
BIC = 1517.842363

count.K
18 82 

