logL = -1802.667038 (converged)
AIC = 6445.334076
BIC = 10144.675741

count.K
3 11 3 12 13 36 3 8 9 2 

