logL = -845.389825 (converged)
AIC = 3990.779650
BIC = 6986.725364

count.K
0 7 40 27 1 0 14 4 3 4 

