0	tsk_0	(x)	1	:	1.000000	0.000000	0.000000	0.000000	0.000000	0.000000	0.000000	0.000000	0.000000	0.000000
1	tsk_1	(x)	1	:	0.000000	0.000000	0.000000	0.000000	1.000000	0.000000	0.000000	0.000000	0.000000	0.000000
2	tsk_2	(x)	1	:	0.000000	0.182013	0.000000	0.000000	0.498122	0.000000	0.000000	0.000000	0.000000	0.319865
3	tsk_3	(x)	1	:	0.000000	0.190368	0.000000	0.000000	0.498122	0.000000	0.000000	0.000000	0.000000	0.311510
4	tsk_4	(x)	1	:	0.000000	0.000000	0.000000	0.000000	0.000000	1.000000	0.000000	0.000000	0.000000	0.000000
5	tsk_5	(x)	1	:	0.000000	0.116667	0.464114	0.000000	0.034446	0.000000	0.000000	0.000000	0.000000	0.384773
6	tsk_6	(x)	1	:	0.000000	0.153812	0.000000	0.000000	0.000161	0.499936	0.000000	0.000000	0.000000	0.346092
7	tsk_7	(x)	1	:	0.000000	0.170467	0.000000	0.000000	0.498145	0.000000	0.000000	0.000000	0.000000	0.331388
8	tsk_8	(x)	1	:	0.000000	0.000000	0.000000	0.000000	0.498740	0.501260	0.000000	0.000000	0.000000	0.000000
9	tsk_9	(x)	1	:	0.000000	0.000000	0.000000	0.000000	1.000000	0.000000	0.000000	0.000000	0.000000	0.000000
10	tsk_10	(x)	1	:	0.000000	0.173280	0.000000	0.000000	0.000000	0.000000	0.000000	0.000000	0.000000	0.826720
11	tsk_11	(x)	1	:	0.000000	0.187817	0.000000	0.000000	0.498131	0.000000	0.000000	0.000000	0.000000	0.314051
12	tsk_12	(x)	1	:	0.000000	0.154860	0.000000	0.000000	0.000000	0.000000	0.000000	0.000000	0.000000	0.845140
13	tsk_13	(x)	1	:	0.000000	0.151786	0.000000	0.000000	0.498121	0.000000	0.000000	0.000000	0.000000	0.350093
14	tsk_14	(x)	1	:	0.000000	0.422238	0.000000	0.000000	0.000000	0.000000	0.000000	0.000000	0.000000	0.577762
15	tsk_15	(x)	1	:	0.000000	0.112497	0.000000	0.000000	0.498108	0.000000	0.000000	0.000000	0.000000	0.389394
16	tsk_16	(x)	1	:	0.000000	0.220791	0.000000	0.000000	0.498154	0.000000	0.000000	0.000000	0.000000	0.281055
17	tsk_17	(x)	1	:	0.000000	0.000000	0.000000	0.000000	1.000000	0.000000	0.000000	0.000000	0.000000	0.000000
18	tsk_18	(x)	1	:	0.000000	0.000000	0.000000	0.000000	1.000000	0.000000	0.000000	0.000000	0.000000	0.000000
19	tsk_19	(x)	1	:	0.000000	0.387762	0.000000	0.000000	0.000000	0.000000	0.000000	0.000000	0.000000	0.612238
20	tsk_20	(x)	1	:	0.000000	0.000000	0.000000	0.000000	1.000000	0.000000	0.000000	0.000000	0.000000	0.000000
21	tsk_21	(x)	1	:	0.000000	0.201922	0.000000	0.490862	0.000000	0.000000	0.000000	0.000000	0.000000	0.307215
22	tsk_22	(x)	1	:	0.000000	0.029213	0.000000	0.000000	0.498211	0.000000	0.000000	0.430368	0.000000	0.042207
23	tsk_23	(x)	1	:	0.000000	0.282036	0.000000	0.000000	0.498172	0.000000	0.000000	0.000000	0.000000	0.219792
24	tsk_24	(x)	1	:	0.000000	0.093550	0.000000	0.000000	0.000246	0.499902	0.000000	0.000000	0.000000	0.406303
25	tsk_25	(x)	1	:	0.000000	0.230206	0.000000	0.490862	0.000000	0.000000	0.000000	0.000000	0.000000	0.278931
26	tsk_26	(x)	1	:	0.000000	0.000000	0.000000	0.000000	1.000000	0.000000	0.000000	0.000000	0.000000	0.000000
27	tsk_27	(x)	1	:	0.000000	0.000000	0.000000	0.000000	1.000000	0.000000	0.000000	0.000000	0.000000	0.000000
28	tsk_28	(x)	1	:	0.000000	0.069522	0.000000	0.000000	0.498097	0.000000	0.000000	0.000000	0.000000	0.432381
29	tsk_29	(x)	1	:	0.000000	0.014585	0.000000	0.000000	0.499817	0.000000	0.000000	0.433441	0.000000	0.052157
30	tsk_30	(x)	1	:	0.000000	0.347468	0.000000	0.000000	0.001297	0.000000	0.000000	0.000000	0.497085	0.154151
31	tsk_31	(x)	1	:	0.000000	0.000000	0.000000	0.000000	0.000000	0.000000	0.000000	0.000000	1.000000	0.000000
32	tsk_32	(x)	1	:	0.000000	0.004568	0.000000	0.491478	0.499050	0.000000	0.000000	0.000000	0.000000	0.004905
33	tsk_33	(x)	1	:	0.000000	0.000000	0.000000	0.000000	0.000000	0.000000	0.000000	0.000000	1.000000	0.000000
34	tsk_34	(x)	1	:	0.000000	0.000000	0.464194	0.000000	0.038772	0.000000	0.000000	0.000000	0.497034	0.000000
35	tsk_35	(x)	1	:	0.000000	0.000000	0.000000	0.000000	1.000000	0.000000	0.000000	0.000000	0.000000	0.000000
36	tsk_36	(x)	1	:	0.000000	0.000000	0.464561	0.000000	0.535439	0.000000	0.000000	0.000000	0.000000	0.000000
37	tsk_37	(x)	1	:	0.000000	0.000000	0.000000	0.000000	0.000000	0.000000	0.000000	0.000000	1.000000	0.000000
38	tsk_38	(x)	1	:	0.000000	0.000000	0.000000	0.000000	0.502792	0.000000	0.000000	0.000000	0.497208	0.000000
39	tsk_39	(x)	1	:	0.000000	0.000000	0.000000	0.000000	0.502822	0.000000	0.000000	0.000000	0.497178	0.000000
40	tsk_40	(x)	1	:	0.000000	0.000000	0.000000	0.000000	1.000000	0.000000	0.000000	0.000000	0.000000	0.000000
41	tsk_41	(x)	1	:	0.000000	0.000000	0.000000	0.000000	1.000000	0.000000	0.000000	0.000000	0.000000	0.000000
42	tsk_42	(x)	1	:	1.000000	0.000000	0.000000	0.000000	0.000000	0.000000	0.000000	0.000000	0.000000	0.000000
43	tsk_43	(x)	1	:	0.000000	0.000000	0.000000	0.000000	1.000000	0.000000	0.000000	0.000000	0.000000	0.000000
44	tsk_44	(x)	1	:	0.000000	0.000000	0.000000	0.000000	1.000000	0.000000	0.000000	0.000000	0.000000	0.000000
45	tsk_45	(x)	1	:	0.000000	0.000000	0.000000	0.000000	0.502791	0.000000	0.000000	0.000000	0.497209	0.000000
46	tsk_46	(x)	1	:	0.000000	0.000000	0.000000	0.000000	1.000000	0.000000	0.000000	0.000000	0.000000	0.000000
47	tsk_47	(x)	1	:	0.000000	0.000000	0.000000	0.000000	1.000000	0.000000	0.000000	0.000000	0.000000	0.000000
48	tsk_48	(x)	1	:	0.000000	0.000000	0.000000	0.000000	1.000000	0.000000	0.000000	0.000000	0.000000	0.000000
49	tsk_49	(x)	1	:	1.000000	0.000000	0.000000	0.000000	0.000000	0.000000	0.000000	0.000000	0.000000	0.000000
50	tsk_50	(x)	1	:	0.000000	0.000000	0.000000	1.000000	0.000000	0.000000	0.000000	0.000000	0.000000	0.000000
51	tsk_51	(x)	1	:	0.000000	0.000000	0.000000	0.000000	0.000000	0.000000	0.000000	0.000000	1.000000	0.000000
52	tsk_52	(x)	1	:	0.000000	0.008060	0.000000	0.490839	0.001592	0.000000	0.000000	0.000000	0.497050	0.002459
53	tsk_53	(x)	1	:	0.000000	0.317676	0.000000	0.490862	0.000000	0.000000	0.000000	0.000000	0.000000	0.191461
54	tsk_54	(x)	1	:	0.000000	0.000000	0.000000	1.000000	0.000000	0.000000	0.000000	0.000000	0.000000	0.000000
55	tsk_55	(x)	1	:	0.000000	0.000000	0.000000	1.000000	0.000000	0.000000	0.000000	0.000000	0.000000	0.000000
56	tsk_56	(x)	1	:	0.000000	0.000000	0.534865	0.000000	0.000000	0.000000	0.000000	0.000000	0.465135	0.000000
57	tsk_57	(x)	1	:	0.000000	0.287530	0.000000	0.490862	0.000000	0.000000	0.000000	0.000000	0.000000	0.221607
58	tsk_58	(x)	1	:	0.000000	0.112675	0.000000	0.490862	0.000000	0.000000	0.000000	0.000000	0.000000	0.396463
59	tsk_59	(x)	1	:	0.000000	0.179534	0.000000	0.000000	0.001330	0.000000	0.000000	0.000000	0.497074	0.322062
60	tsk_60	(x)	1	:	0.000000	0.161014	0.000000	0.490862	0.000000	0.000000	0.000000	0.000000	0.000000	0.348124
61	tsk_61	(x)	1	:	0.000000	0.003996	0.000000	0.490900	0.498148	0.000000	0.000000	0.000000	0.000000	0.006957
62	tsk_62	(x)	1	:	0.000000	0.068923	0.000000	0.000000	0.000000	0.000000	0.000000	0.430035	0.000000	0.501042
63	tsk_63	(x)	1	:	0.000000	0.192493	0.000000	0.000000	0.498100	0.000000	0.000000	0.000000	0.000000	0.309407
64	tsk_64	(x)	1	:	0.000000	0.000000	0.000000	0.000000	0.445289	0.000000	0.000000	0.000000	0.554711	0.000000
65	tsk_65	(x)	1	:	0.000000	0.002339	0.000000	0.490927	0.498191	0.000000	0.000000	0.000000	0.000000	0.008543
66	tsk_66	(x)	1	:	0.000000	0.397364	0.000000	0.000000	0.498170	0.000000	0.000000	0.000000	0.000000	0.104466
67	tsk_67	(x)	1	:	0.000000	0.004514	0.000000	0.490961	0.498244	0.000000	0.000000	0.000000	0.000000	0.006281
68	tsk_68	(x)	1	:	0.000000	0.308322	0.000000	0.490862	0.000000	0.000000	0.000000	0.000000	0.000000	0.200815
69	tsk_69	(x)	1	:	0.000000	0.363888	0.000000	0.490862	0.000000	0.000000	0.000000	0.000000	0.000000	0.145249
70	tsk_70	(x)	1	:	0.000000	0.058311	0.000000	0.000000	0.000000	0.000000	0.000000	0.430035	0.000000	0.511654
71	tsk_71	(x)	1	:	0.000000	0.056818	0.000000	0.000000	0.000000	0.000000	0.000000	0.000000	0.000000	0.943182
72	tsk_72	(x)	1	:	0.000000	0.159042	0.000000	0.000000	0.498112	0.000000	0.000000	0.000000	0.000000	0.342847
73	tsk_73	(x)	1	:	0.000000	0.033039	0.000000	0.000000	0.499349	0.000000	0.000000	0.432546	0.000000	0.035067
74	tsk_74	(x)	1	:	0.000000	0.207982	0.000000	0.000000	0.000133	0.499947	0.000000	0.000000	0.000000	0.291938
75	tsk_75	(x)	1	:	0.000000	0.195774	0.000000	0.000000	0.000125	0.499950	0.000000	0.000000	0.000000	0.304151
76	tsk_76	(x)	1	:	0.000000	0.234233	0.000000	0.000000	0.000000	0.000000	0.000000	0.000000	0.000000	0.765767
77	tsk_77	(x)	1	:	0.000000	0.196145	0.000000	0.000000	0.498147	0.000000	0.000000	0.000000	0.000000	0.305707
78	tsk_78	(x)	1	:	0.000000	0.526539	0.000000	0.000000	0.000000	0.000000	0.000000	0.000000	0.000000	0.473461
79	tsk_79	(x)	1	:	0.000000	0.219336	0.000000	0.000000	0.498106	0.000000	0.000000	0.000000	0.000000	0.282558
80	tsk_80	(x)	1	:	0.000000	0.000000	0.000000	0.000000	0.000000	0.000000	1.000000	0.000000	0.000000	0.000000
81	tsk_81	(x)	1	:	0.000000	0.000000	0.000000	0.000000	1.000000	0.000000	0.000000	0.000000	0.000000	0.000000
82	tsk_82	(x)	1	:	0.000000	0.003767	0.000000	0.491129	0.498506	0.000000	0.000000	0.000000	0.000000	0.006599
83	tsk_83	(x)	1	:	0.000000	0.000000	0.000000	1.000000	0.000000	0.000000	0.000000	0.000000	0.000000	0.000000
84	tsk_84	(x)	1	:	0.000000	0.005492	0.000000	0.491387	0.498908	0.000000	0.000000	0.000000	0.000000	0.004213
85	tsk_85	(x)	1	:	0.000000	0.000000	0.000000	0.000000	0.509238	0.000000	0.000000	0.451194	0.000000	0.039568
86	tsk_86	(x)	1	:	0.000000	0.000000	0.000000	1.000000	0.000000	0.000000	0.000000	0.000000	0.000000	0.000000
87	tsk_87	(x)	1	:	0.000000	0.000000	0.000000	1.000000	0.000000	0.000000	0.000000	0.000000	0.000000	0.000000
88	tsk_88	(x)	1	:	0.000000	0.000000	0.000000	0.000000	1.000000	0.000000	0.000000	0.000000	0.000000	0.000000
89	tsk_89	(x)	1	:	0.000000	0.005249	0.000000	0.491086	0.498439	0.000000	0.000000	0.000000	0.000000	0.005226
90	tsk_90	(x)	1	:	0.000000	0.123806	0.000000	0.000000	0.000000	0.000000	0.000000	0.643438	0.000000	0.232756
91	tsk_91	(x)	1	:	0.000000	0.000000	0.000000	0.000000	0.000000	0.000000	0.000000	1.000000	0.000000	0.000000
92	tsk_92	(x)	1	:	0.000000	0.095263	0.000000	0.000000	0.000000	0.000000	0.000000	0.643438	0.000000	0.261298
93	tsk_93	(x)	1	:	0.000000	0.054110	0.000000	0.000000	0.000000	0.000000	0.000000	0.643438	0.000000	0.302451
94	tsk_94	(x)	1	:	0.000000	0.084549	0.000000	0.000000	0.000000	0.000000	0.000000	0.643438	0.000000	0.272013
95	tsk_95	(x)	1	:	0.000000	0.000000	0.000000	0.000000	0.000000	0.000000	0.000000	1.000000	0.000000	0.000000
96	tsk_96	(x)	1	:	0.000000	0.004932	0.000000	0.490816	0.000000	0.000000	0.000000	0.429975	0.000000	0.074277
97	tsk_97	(x)	1	:	0.000000	0.000000	0.000000	0.000000	0.000000	0.000000	0.000000	0.643438	0.000000	0.356562
98	tsk_98	(x)	1	:	0.000000	0.005576	0.000000	0.000000	0.498818	0.000000	0.000000	0.431530	0.000000	0.064076
99	tsk_99	(x)	1	:	0.000000	0.000000	0.000000	0.000000	0.000000	0.000000	0.000000	1.000000	0.000000	0.000000
