logL = -707.307388 (converged)
AIC = 3246.614776
BIC = 5632.950666

count.K
30 0 12 34 4 2 8 10 

