logL = -1412.624930 (converged)
AIC = 4245.249859
BIC = 6094.920691

count.K
29 12 11 6 20 22 

