logL = -313.593243 (converged)
AIC = 2785.186486
BIC = 5596.165117

count.K
2 2 31 2 11 27 5 5 15 

