logL = -874.356191 (converged)
AIC = 2032.712382
BIC = 2402.646549

count.K
58 42 

