logL = -908.285581 (converged)
AIC = 2378.571161
BIC = 3110.623984

count.K
28 44 28 

