logL = -992.720934 (converged)
AIC = 2841.441868
BIC = 3956.454707

count.K
18 23 51 8 

