logL = -910.679986 (converged)
AIC = 3979.359973
BIC = 6790.338603

count.K
6 22 16 0 20 0 2 13 21 

