0	tsk_0	(x)	1	:	0.000000	0.330591	0.000000	0.000000	0.000000	0.145099	0.000000	0.524311
1	tsk_1	(x)	1	:	0.000000	0.330470	0.000000	0.000000	0.000000	0.669530	0.000000	0.000000
2	tsk_2	(x)	1	:	0.000000	0.000000	0.000000	0.495735	0.000000	0.504265	0.000000	0.000000
3	tsk_3	(x)	1	:	0.000000	0.881924	0.000000	0.000000	0.000000	0.118076	0.000000	0.000000
4	tsk_4	(x)	1	:	0.000000	0.496335	0.000000	0.000000	0.000000	0.000798	0.000000	0.502868
5	tsk_5	(x)	1	:	0.000000	0.000000	0.000000	0.000000	0.000000	0.475761	0.000000	0.524239
6	tsk_6	(x)	1	:	0.000000	0.000000	0.000000	0.000000	0.000000	0.417680	0.000000	0.582320
7	tsk_7	(x)	1	:	0.000000	0.655681	0.000000	0.000000	0.000000	0.344318	0.000000	0.000000
8	tsk_8	(x)	1	:	0.000000	0.655682	0.000000	0.000000	0.000000	0.344318	0.000000	0.000000
9	tsk_9	(x)	1	:	0.000000	0.330472	0.000000	0.000000	0.000000	0.669528	0.000000	0.000000
10	tsk_10	(x)	1	:	0.000000	0.000000	0.000000	0.000000	0.000000	0.000000	1.000000	0.000000
11	tsk_11	(x)	1	:	0.000000	0.591524	0.000000	0.000000	0.000000	0.408476	0.000000	0.000000
12	tsk_12	(x)	1	:	0.498587	0.000000	0.000000	0.000000	0.000000	0.002603	0.496614	0.002197
13	tsk_13	(x)	1	:	0.000000	0.000000	0.000000	0.496101	0.000000	0.000000	0.499388	0.004510
14	tsk_14	(x)	1	:	0.499910	0.000000	0.000000	0.000000	0.403204	0.096886	0.000000	0.000000
15	tsk_15	(x)	1	:	0.499477	0.000000	0.000000	0.495618	0.000000	0.004905	0.000000	0.000000
16	tsk_16	(x)	1	:	0.498587	0.000000	0.000000	0.000000	0.000000	0.002635	0.496749	0.002030
17	tsk_17	(x)	1	:	0.000000	0.000000	0.000000	0.000000	0.000000	0.000000	1.000000	0.000000
18	tsk_18	(x)	1	:	0.000000	0.000000	0.000000	0.000000	0.403307	0.097090	0.496475	0.003129
19	tsk_19	(x)	1	:	0.499703	0.000000	0.000000	0.495668	0.000000	0.004629	0.000000	0.000000
20	tsk_20	(x)	1	:	0.500000	0.000000	0.000000	0.000000	0.000000	0.500000	0.000000	0.000000
21	tsk_21	(x)	1	:	0.499584	0.000000	0.000000	0.495642	0.000000	0.004774	0.000000	0.000000
22	tsk_22	(x)	1	:	0.000000	0.000000	0.000000	0.000000	0.000000	0.475761	0.000000	0.524239
23	tsk_23	(x)	1	:	0.000000	0.000000	0.000000	0.000000	0.000000	1.000000	0.000000	0.000000
24	tsk_24	(x)	1	:	0.000000	0.000000	0.000000	0.514014	0.000000	0.000000	0.000000	0.485986
25	tsk_25	(x)	1	:	0.484309	0.000000	0.000000	0.000000	0.000000	0.000001	0.000000	0.515690
26	tsk_26	(x)	1	:	0.500000	0.000000	0.000000	0.000000	0.000000	0.500000	0.000000	0.000000
27	tsk_27	(x)	1	:	0.000000	0.000000	0.000000	0.000000	0.000000	0.475761	0.000000	0.524239
28	tsk_28	(x)	1	:	0.500159	0.346781	0.000000	0.000000	0.000000	0.153060	0.000000	0.000000
29	tsk_29	(x)	1	:	0.000000	0.000000	0.000000	0.000000	0.000000	0.475761	0.000000	0.524239
30	tsk_30	(x)	1	:	0.000000	0.000000	0.000000	0.533016	0.000000	0.000000	0.000000	0.466984
31	tsk_31	(x)	1	:	0.000000	0.000000	0.000000	0.000000	0.000000	0.591529	0.000000	0.408471
32	tsk_32	(x)	1	:	0.000000	0.000000	0.000000	0.000000	0.000000	1.000000	0.000000	0.000000
33	tsk_33	(x)	1	:	0.000000	0.000000	0.500852	0.000000	0.000000	0.499148	0.000000	0.000000
34	tsk_34	(x)	1	:	0.000000	0.000000	0.000000	0.000000	0.000000	0.591529	0.000000	0.408471
35	tsk_35	(x)	1	:	0.000000	0.000000	0.000000	0.000000	0.000000	1.000000	0.000000	0.000000
36	tsk_36	(x)	1	:	0.000000	0.346572	0.000000	0.000000	0.000000	0.653428	0.000000	0.000000
37	tsk_37	(x)	1	:	0.000000	0.000000	0.000000	0.495735	0.000000	0.504265	0.000000	0.000000
38	tsk_38	(x)	1	:	0.500000	0.000000	0.000000	0.000000	0.000000	0.500000	0.000000	0.000000
39	tsk_39	(x)	1	:	0.000000	0.000000	0.000000	0.000000	0.000000	1.000000	0.000000	0.000000
40	tsk_40	(x)	1	:	0.000000	0.000000	0.000000	1.000000	0.000000	0.000000	0.000000	0.000000
41	tsk_41	(x)	1	:	0.000000	0.000000	0.503758	0.495963	0.000000	0.000280	0.000000	0.000000
42	tsk_42	(x)	1	:	0.000000	0.000000	0.503823	0.495968	0.000000	0.000208	0.000000	0.000000
43	tsk_43	(x)	1	:	0.499303	0.000000	0.499973	0.000000	0.000000	0.000723	0.000000	0.000000
44	tsk_44	(x)	1	:	0.000000	0.000000	0.000000	0.000000	0.497231	0.000002	0.000000	0.502767
45	tsk_45	(x)	1	:	0.000000	0.000000	0.000000	0.485328	0.000000	0.000000	0.000000	0.514672
46	tsk_46	(x)	1	:	0.000000	0.000000	0.000000	0.485328	0.000000	0.000000	0.000000	0.514672
47	tsk_47	(x)	1	:	0.000000	0.346872	0.000000	0.547510	0.000000	0.105618	0.000000	0.000000
48	tsk_48	(x)	1	:	0.484309	0.000000	0.000000	0.000000	0.000000	0.000002	0.000000	0.515690
49	tsk_49	(x)	1	:	0.000000	0.000000	0.000000	0.000000	0.000000	0.000000	0.000000	1.000000
50	tsk_50	(x)	1	:	0.000000	0.000000	0.363057	0.000000	0.000000	0.228549	0.000000	0.408393
51	tsk_51	(x)	1	:	0.000000	0.000000	0.000000	0.000000	0.000000	0.591529	0.000000	0.408471
52	tsk_52	(x)	1	:	0.000000	0.000000	0.000000	0.000000	0.282474	0.309032	0.000000	0.408494
53	tsk_53	(x)	1	:	0.000000	0.000047	0.000000	0.000000	0.479277	0.113502	0.000000	0.407174
54	tsk_54	(x)	1	:	0.500002	0.000000	0.000000	0.000000	0.000000	0.091539	0.000000	0.408459
55	tsk_55	(x)	1	:	0.500002	0.000000	0.000000	0.000000	0.000000	0.091540	0.000000	0.408459
56	tsk_56	(x)	1	:	1.000000	0.000000	0.000000	0.000000	0.000000	0.000000	0.000000	0.000000
57	tsk_57	(x)	1	:	0.000000	0.000000	0.000000	0.000000	0.000000	0.021886	0.000000	0.978114
58	tsk_58	(x)	1	:	0.500015	0.000000	0.000000	0.000000	0.282404	0.217581	0.000000	0.000000
59	tsk_59	(x)	1	:	0.000000	0.000000	0.000000	0.000000	0.282474	0.309032	0.000000	0.408494
60	tsk_60	(x)	1	:	0.000000	0.346679	0.000000	0.000000	0.282423	0.370898	0.000000	0.000000
61	tsk_61	(x)	1	:	0.000000	0.000000	0.000000	0.495735	0.000000	0.504265	0.000000	0.000000
62	tsk_62	(x)	1	:	0.000000	0.000000	0.000000	0.000000	0.282436	0.193313	0.000000	0.524250
63	tsk_63	(x)	1	:	0.000000	0.000000	0.000000	0.000000	0.742410	0.257590	0.000000	0.000000
64	tsk_64	(x)	1	:	0.000000	0.000000	0.000000	0.000000	0.742410	0.257590	0.000000	0.000000
65	tsk_65	(x)	1	:	0.000000	0.346712	0.000000	0.000000	0.486031	0.167257	0.000000	0.000000
66	tsk_66	(x)	1	:	0.000000	0.000000	0.000000	0.000000	0.814824	0.185176	0.000000	0.000000
67	tsk_67	(x)	1	:	0.000000	0.000000	0.000000	0.000000	0.814823	0.185177	0.000000	0.000000
68	tsk_68	(x)	1	:	0.000000	0.346801	0.000000	0.000000	0.528699	0.124500	0.000000	0.000000
69	tsk_69	(x)	1	:	0.000000	0.000000	0.000000	0.000000	1.000000	0.000000	0.000000	0.000000
70	tsk_70	(x)	1	:	0.000000	0.346811	0.000000	0.000000	0.528704	0.124485	0.000000	0.000000
71	tsk_71	(x)	1	:	0.000000	0.346713	0.000000	0.000000	0.000000	0.153544	0.464955	0.034789
72	tsk_72	(x)	1	:	0.000000	0.346726	0.000000	0.495774	0.000000	0.157500	0.000000	0.000000
73	tsk_73	(x)	1	:	0.000000	0.346705	0.000000	0.000000	0.000000	0.153622	0.465216	0.034458
74	tsk_74	(x)	1	:	0.000000	0.760577	0.000000	0.000000	0.000000	0.239423	0.000000	0.000000
75	tsk_75	(x)	1	:	0.000000	0.346714	0.000000	0.000000	0.000000	0.153534	0.464924	0.034828
76	tsk_76	(x)	1	:	0.000000	0.346711	0.000000	0.000000	0.000000	0.153558	0.465004	0.034726
77	tsk_77	(x)	1	:	0.000000	0.346726	0.000000	0.495774	0.000000	0.157500	0.000000	0.000000
78	tsk_78	(x)	1	:	0.000000	0.000000	0.000000	0.495620	0.000000	0.000000	0.463685	0.040696
79	tsk_79	(x)	1	:	0.000000	0.346711	0.000000	0.000000	0.000000	0.153560	0.465008	0.034721
80	tsk_80	(x)	1	:	0.000000	0.000000	0.000000	0.000000	0.000000	0.000000	0.000000	1.000000
81	tsk_81	(x)	1	:	0.000000	0.000000	0.000000	0.000000	0.282436	0.193314	0.000000	0.524250
82	tsk_82	(x)	1	:	0.000000	0.000000	0.000000	0.000000	0.000000	0.475761	0.000000	0.524239
83	tsk_83	(x)	1	:	0.000000	0.000000	0.000000	0.000000	0.282436	0.193314	0.000000	0.524250
84	tsk_84	(x)	1	:	0.000000	0.000000	0.000000	0.000000	0.814824	0.185176	0.000000	0.000000
85	tsk_85	(x)	1	:	0.000000	0.000000	0.000000	0.000000	0.480878	0.000059	0.000000	0.519063
86	tsk_86	(x)	1	:	0.000000	0.000000	0.000000	0.000000	0.480893	0.000037	0.000000	0.519069
87	tsk_87	(x)	1	:	0.000000	0.346811	0.000000	0.000000	0.000000	0.128850	0.000000	0.524340
88	tsk_88	(x)	1	:	0.000000	0.000000	0.000000	0.000000	1.000000	0.000000	0.000000	0.000000
89	tsk_89	(x)	1	:	0.000000	0.000000	0.000000	0.000000	0.480880	0.000057	0.000000	0.519063
90	tsk_90	(x)	1	:	0.000000	0.330472	0.000000	0.000000	0.000000	0.669528	0.000000	0.000000
91	tsk_91	(x)	1	:	0.000000	0.000000	0.000000	0.000000	0.000000	1.000000	0.000000	0.000000
92	tsk_92	(x)	1	:	0.000000	0.000000	0.000000	0.000000	0.000000	0.000000	0.551866	0.448133
93	tsk_93	(x)	1	:	0.000000	0.000000	0.000000	0.495621	0.000000	0.000000	0.463699	0.040680
94	tsk_94	(x)	1	:	0.000000	0.000000	0.000000	0.000000	0.000000	0.475761	0.000000	0.524239
95	tsk_95	(x)	1	:	0.000000	0.000000	0.000000	0.000000	0.000000	0.000000	0.000000	1.000000
96	tsk_96	(x)	1	:	0.000000	0.499316	0.000000	0.000000	0.000000	0.000000	0.000000	0.500684
97	tsk_97	(x)	1	:	0.000000	0.996372	0.000000	0.000000	0.000000	0.003628	0.000000	0.000000
98	tsk_98	(x)	1	:	0.000000	0.000000	0.000000	0.000000	0.000000	0.475761	0.000000	0.524239
99	tsk_99	(x)	1	:	0.484308	0.000000	0.000000	0.000000	0.000000	0.000002	0.000000	0.515689
