logL = -399.990041 (converged)
AIC = 3099.980081
BIC = 6095.925795

count.K
21 10 3 36 15 9 0 0 5 1 

