0	tsk_0	(x)	1	:	0.016869	0.481495	0.000000	0.501635	0.000001	0.000000
1	tsk_1	(x)	1	:	0.000009	0.000000	0.000000	0.000000	0.000000	0.999991
2	tsk_2	(x)	1	:	0.067168	0.000000	0.000000	0.502430	0.000000	0.430402
3	tsk_3	(x)	1	:	0.000000	0.000000	0.000000	0.999999	0.000001	0.000000
4	tsk_4	(x)	1	:	0.000000	0.000000	0.000000	0.999999	0.000001	0.000000
5	tsk_5	(x)	1	:	0.000000	0.000000	0.000000	0.999999	0.000000	0.000000
6	tsk_6	(x)	1	:	0.000000	0.000000	0.000000	0.057791	0.386094	0.556115
7	tsk_7	(x)	1	:	0.086388	0.482652	0.000000	0.000000	0.000000	0.430960
8	tsk_8	(x)	1	:	0.498116	0.000000	0.000000	0.129358	0.372526	0.000000
9	tsk_9	(x)	1	:	0.524497	0.000000	0.000000	0.298441	0.000000	0.177062
10	tsk_10	(x)	1	:	0.000000	0.000000	0.000000	0.448341	0.000000	0.551659
11	tsk_11	(x)	1	:	0.000000	0.000000	0.000000	1.000000	0.000000	0.000000
12	tsk_12	(x)	1	:	0.570573	0.000000	0.000000	0.000000	0.000000	0.429426
13	tsk_13	(x)	1	:	0.570574	0.000000	0.000000	0.000000	0.000000	0.429426
14	tsk_14	(x)	1	:	0.999999	0.000000	0.000000	0.000000	0.000000	0.000001
15	tsk_15	(x)	1	:	0.363028	0.000000	0.000000	0.000000	0.000000	0.636972
16	tsk_16	(x)	1	:	0.748412	0.000000	0.000000	0.251588	0.000000	0.000000
17	tsk_17	(x)	1	:	0.397357	0.000000	0.000000	0.602642	0.000000	0.000001
18	tsk_18	(x)	1	:	0.000005	0.000000	0.000000	0.443015	0.000000	0.556981
19	tsk_19	(x)	1	:	0.000000	1.000000	0.000000	0.000000	0.000000	0.000000
20	tsk_20	(x)	1	:	0.999998	0.000000	0.000000	0.000000	0.000000	0.000002
21	tsk_21	(x)	1	:	0.518210	0.481788	0.000000	0.000000	0.000000	0.000001
22	tsk_22	(x)	1	:	0.000000	0.000000	1.000000	0.000000	0.000000	0.000000
23	tsk_23	(x)	1	:	0.000000	0.000000	0.000013	0.411818	0.588169	0.000000
24	tsk_24	(x)	1	:	0.512049	0.000000	0.487950	0.000000	0.000000	0.000001
25	tsk_25	(x)	1	:	0.000000	0.000000	0.567173	0.432827	0.000001	0.000000
26	tsk_26	(x)	1	:	0.000000	0.000000	0.000000	0.000000	1.000000	0.000000
27	tsk_27	(x)	1	:	0.000000	0.000000	0.000000	0.999999	0.000001	0.000000
28	tsk_28	(x)	1	:	0.461106	0.000000	0.000000	0.000045	0.538824	0.000025
29	tsk_29	(x)	1	:	0.000000	0.000000	0.520119	0.000020	0.479861	0.000000
30	tsk_30	(x)	1	:	0.000000	0.000000	0.000000	0.999998	0.000002	0.000000
31	tsk_31	(x)	1	:	0.498072	0.000000	0.000000	0.501927	0.000001	0.000000
32	tsk_32	(x)	1	:	0.194828	0.481809	0.323317	0.000045	0.000000	0.000000
33	tsk_33	(x)	1	:	0.000000	0.000000	0.000000	1.000000	0.000000	0.000000
34	tsk_34	(x)	1	:	0.000066	0.000000	0.322180	0.677754	0.000000	0.000000
35	tsk_35	(x)	1	:	0.000000	0.000000	0.000000	0.999999	0.000001	0.000000
36	tsk_36	(x)	1	:	0.068258	0.000000	0.000000	0.502061	0.000001	0.429680
37	tsk_37	(x)	1	:	0.086773	0.482513	0.000000	0.000000	0.000000	0.430714
38	tsk_38	(x)	1	:	0.018329	0.480726	0.000000	0.500943	0.000002	0.000000
39	tsk_39	(x)	1	:	0.000000	0.000000	0.000000	0.999999	0.000001	0.000000
40	tsk_40	(x)	1	:	0.000000	0.000000	0.561564	0.438436	0.000000	0.000000
41	tsk_41	(x)	1	:	0.000000	0.000000	1.000000	0.000000	0.000000	0.000000
42	tsk_42	(x)	1	:	0.000001	0.000000	0.486670	0.513329	0.000000	0.000000
43	tsk_43	(x)	1	:	0.000000	0.000000	0.000000	0.426480	0.573520	0.000000
44	tsk_44	(x)	1	:	0.000000	0.000000	0.486668	0.513328	0.000004	0.000000
45	tsk_45	(x)	1	:	0.000000	0.000000	0.000000	0.000003	0.999997	0.000000
46	tsk_46	(x)	1	:	0.000000	0.000000	0.000000	0.628155	0.371845	0.000000
47	tsk_47	(x)	1	:	0.000000	0.000000	0.567173	0.432826	0.000001	0.000000
48	tsk_48	(x)	1	:	0.000000	0.000000	0.486665	0.140859	0.372476	0.000000
49	tsk_49	(x)	1	:	0.000000	0.000000	0.000000	0.999999	0.000000	0.000000
50	tsk_50	(x)	1	:	0.000001	0.000000	0.486670	0.513328	0.000001	0.000000
51	tsk_51	(x)	1	:	0.000000	0.000000	0.000000	0.999999	0.000001	0.000000
52	tsk_52	(x)	1	:	0.000000	0.000000	0.000000	0.628156	0.371844	0.000000
53	tsk_53	(x)	1	:	0.000000	0.000000	0.000000	0.999999	0.000001	0.000000
54	tsk_54	(x)	1	:	0.248397	0.000000	0.000000	0.465037	0.286565	0.000000
55	tsk_55	(x)	1	:	0.512049	0.000000	0.487950	0.000000	0.000000	0.000001
56	tsk_56	(x)	1	:	0.512050	0.000000	0.487950	0.000000	0.000000	0.000000
57	tsk_57	(x)	1	:	0.599970	0.000000	0.000000	0.400030	0.000000	0.000000
58	tsk_58	(x)	1	:	0.000000	0.000000	0.486665	0.140859	0.372476	0.000000
59	tsk_59	(x)	1	:	0.000000	0.000000	0.000000	1.000000	0.000000	0.000000
60	tsk_60	(x)	1	:	0.000000	0.000000	0.000000	0.394190	0.605810	0.000000
61	tsk_61	(x)	1	:	0.000000	0.000000	0.000000	0.394180	0.605820	0.000000
62	tsk_62	(x)	1	:	0.000000	0.000000	0.000000	0.713042	0.286958	0.000000
63	tsk_63	(x)	1	:	0.000000	0.000000	0.000000	0.394149	0.605851	0.000000
64	tsk_64	(x)	1	:	0.000000	0.000000	0.000000	0.000005	0.999995	0.000000
65	tsk_65	(x)	1	:	0.000000	0.000000	0.000000	0.394191	0.605809	0.000000
66	tsk_66	(x)	1	:	0.000000	0.000000	0.000000	0.820781	0.179219	0.000000
67	tsk_67	(x)	1	:	0.000000	0.000000	0.000000	0.394195	0.605805	0.000000
68	tsk_68	(x)	1	:	0.000000	0.000000	0.000000	0.000002	0.999998	0.000000
69	tsk_69	(x)	1	:	0.000000	0.000000	0.000000	0.794131	0.205869	0.000000
70	tsk_70	(x)	1	:	0.466616	0.533383	0.000000	0.000000	0.000000	0.000001
71	tsk_71	(x)	1	:	0.466615	0.533384	0.000000	0.000000	0.000000	0.000001
72	tsk_72	(x)	1	:	0.507346	0.241067	0.000000	0.251585	0.000001	0.000000
73	tsk_73	(x)	1	:	0.256972	0.241090	0.000000	0.501937	0.000001	0.000000
74	tsk_74	(x)	1	:	0.068105	0.000000	0.000000	0.502114	0.000000	0.429781
75	tsk_75	(x)	1	:	0.256956	0.241097	0.000000	0.501946	0.000000	0.000000
76	tsk_76	(x)	1	:	0.068138	0.000000	0.000000	0.502103	0.000000	0.429759
77	tsk_77	(x)	1	:	0.256968	0.241092	0.000000	0.501939	0.000001	0.000000
78	tsk_78	(x)	1	:	0.256956	0.241097	0.000000	0.501946	0.000000	0.000000
79	tsk_79	(x)	1	:	0.256962	0.241095	0.000000	0.501943	0.000000	0.000000
80	tsk_80	(x)	1	:	0.497338	0.000000	0.000000	0.216540	0.286122	0.000001
81	tsk_81	(x)	1	:	0.000000	0.521927	0.000000	0.000000	0.000000	0.478073
82	tsk_82	(x)	1	:	0.000122	0.554117	0.000000	0.445761	0.000000	0.000000
83	tsk_83	(x)	1	:	0.000001	0.613916	0.000000	0.001645	0.384438	0.000000
84	tsk_84	(x)	1	:	0.000000	1.000000	0.000000	0.000000	0.000000	0.000000
85	tsk_85	(x)	1	:	0.000000	0.560686	0.000000	0.157496	0.281818	0.000000
86	tsk_86	(x)	1	:	0.000000	0.613012	0.000000	0.386987	0.000001	0.000000
87	tsk_87	(x)	1	:	0.000142	0.554106	0.000000	0.445751	0.000001	0.000000
88	tsk_88	(x)	1	:	0.000000	1.000000	0.000000	0.000000	0.000000	0.000000
89	tsk_89	(x)	1	:	0.000000	1.000000	0.000000	0.000000	0.000000	0.000000
90	tsk_90	(x)	1	:	0.000001	0.000000	0.486670	0.513330	0.000000	0.000000
91	tsk_91	(x)	1	:	0.068173	0.000000	0.000000	0.502090	0.000000	0.429736
92	tsk_92	(x)	1	:	0.067976	0.000000	0.000000	0.502157	0.000000	0.429867
93	tsk_93	(x)	1	:	0.000001	0.000000	0.486670	0.513329	0.000000	0.000000
94	tsk_94	(x)	1	:	0.000001	0.000000	0.486670	0.513329	0.000000	0.000000
95	tsk_95	(x)	1	:	0.498071	0.000000	0.000000	0.501928	0.000000	0.000000
96	tsk_96	(x)	1	:	0.000000	0.000000	0.000000	0.999990	0.000010	0.000000
97	tsk_97	(x)	1	:	0.512048	0.000000	0.487950	0.000000	0.000000	0.000001
98	tsk_98	(x)	1	:	0.000000	0.000000	0.000000	1.000000	0.000000	0.000000
99	tsk_99	(x)	1	:	0.000065	0.000000	0.322181	0.677754	0.000000	0.000000
