logL = -929.586825 (converged)
AIC = 3207.173650
BIC = 4963.058356

count.K
17 24 20 28 0 11 

