logL = -212.644266 (converged)
AIC = 2625.288532
BIC = 5490.975736

count.K
1 12 3 33 3 15 4 5 6 18 

