logL = -598.238386 (converged)
AIC = 1472.476773
BIC = 1831.990258

count.K
21 79 

