logL = -435.300237 (converged)
AIC = 2542.600475
BIC = 4720.522750

count.K
11 3 0 22 6 0 51 7 

