logL = -502.720410 (converged)
AIC = 2773.440821
BIC = 5076.411265

count.K
2 31 0 51 3 4 0 9 

