logL = -710.092626 (converged)
AIC = 3796.185252
BIC = 6891.127433

count.K
6 2 3 19 9 53 5 3 

