logL = -770.013482 (converged)
AIC = 2072.026965
BIC = 2765.002234

count.K
52 14 34 

