logL = -1312.848828 (converged)
AIC = 4585.697655
BIC = 7138.764438

count.K
0 30 29 16 2 0 8 15 

