logL = -533.942199 (converged)
AIC = 1851.884397
BIC = 2873.111110

count.K
63 2 27 8 

