logL = -2070.750670 (converged)
AIC = 5681.501340
BIC = 7687.482383

count.K
17 22 12 11 35 3 

