logL = -172.846807 (converged)
AIC = 2365.693615
BIC = 4996.915503

count.K
18 0 10 29 7 3 13 15 3 2 

