logL = -1316.738793 (converged)
AIC = 2937.477585
BIC = 3333.463453

count.K
32 68 

