logL = -408.348802 (converged)
AIC = 2338.697605
BIC = 4321.232116

count.K
7 17 45 5 12 7 7 

