0	tsk_0	(x)	1	:	0.000000	0.000000	0.000000	0.000000	0.000000	0.485916	0.000000	0.000000	0.000000	0.514084
1	tsk_1	(x)	1	:	0.000001	0.000000	0.465572	0.000000	0.000000	0.424062	0.000000	0.000000	0.000000	0.110365
2	tsk_2	(x)	1	:	0.000001	0.000000	0.000000	0.000000	0.499990	0.276336	0.000000	0.000000	0.000000	0.223673
3	tsk_3	(x)	1	:	0.000000	0.494617	0.000000	0.000000	0.489116	0.004044	0.000000	0.000000	0.000000	0.012222
4	tsk_4	(x)	1	:	0.000001	0.500001	0.000000	0.000000	0.000000	0.090661	0.000000	0.000000	0.000000	0.409337
5	tsk_5	(x)	1	:	0.000000	0.000000	0.995391	0.000000	0.000000	0.002990	0.000000	0.000000	0.000000	0.001619
6	tsk_6	(x)	1	:	0.000000	1.000000	0.000000	0.000000	0.000000	0.000000	0.000000	0.000000	0.000000	0.000000
7	tsk_7	(x)	1	:	0.000000	0.000000	0.000000	0.000000	0.000000	0.585151	0.000000	0.000000	0.000000	0.414848
8	tsk_8	(x)	1	:	0.000000	0.500000	0.000000	0.000000	0.000000	0.000000	0.000000	0.000000	0.000000	0.500000
9	tsk_9	(x)	1	:	0.000004	0.000000	0.000000	0.000000	0.000000	0.619955	0.000000	0.000000	0.000000	0.380041
10	tsk_10	(x)	1	:	0.000000	0.000000	0.000000	0.000000	0.405901	0.000000	0.000000	0.205367	0.388732	0.000000
11	tsk_11	(x)	1	:	0.000008	0.000000	0.000000	0.000000	0.000000	0.585501	0.000000	0.000000	0.000000	0.414491
12	tsk_12	(x)	1	:	0.000001	0.004986	0.000000	0.000000	0.000000	0.146972	0.000000	0.000000	0.499008	0.349034
13	tsk_13	(x)	1	:	0.000000	0.001047	0.000000	0.000000	0.491167	0.003451	0.000000	0.000080	0.498881	0.005374
14	tsk_14	(x)	1	:	0.000000	0.000000	0.000000	0.000000	0.000000	0.295278	0.000000	0.214010	0.392995	0.097717
15	tsk_15	(x)	1	:	0.000010	0.000000	0.000000	0.000000	0.000000	0.789239	0.000000	0.000000	0.000000	0.210751
16	tsk_16	(x)	1	:	0.000000	0.000000	0.000000	0.533314	0.000000	0.000000	0.000000	0.000000	0.466686	0.000000
17	tsk_17	(x)	1	:	0.000002	0.005464	0.000000	0.000000	0.000000	0.116935	0.000000	0.000024	0.498901	0.378674
18	tsk_18	(x)	1	:	0.000000	0.004457	0.000000	0.000000	0.000000	0.386162	0.000000	0.000000	0.499112	0.110268
19	tsk_19	(x)	1	:	0.000001	0.494691	0.000000	0.000000	0.489267	0.003274	0.000000	0.000000	0.000000	0.012768
20	tsk_20	(x)	1	:	0.000000	0.000000	0.000000	0.000000	0.000000	0.795003	0.000000	0.000000	0.000000	0.204997
21	tsk_21	(x)	1	:	0.000000	0.000000	0.000000	0.000000	0.000000	0.520487	0.000000	0.000000	0.000000	0.479513
22	tsk_22	(x)	1	:	0.000005	0.000000	0.000000	0.000000	0.000000	0.683366	0.000000	0.000000	0.000000	0.316629
23	tsk_23	(x)	1	:	0.000000	0.000000	0.000000	0.576703	0.000000	0.133052	0.000000	0.000000	0.000000	0.290245
24	tsk_24	(x)	1	:	0.000002	0.004379	0.000000	0.000000	0.000000	0.379210	0.494516	0.000000	0.005702	0.116191
25	tsk_25	(x)	1	:	0.000000	0.000000	0.000000	1.000000	0.000000	0.000000	0.000000	0.000000	0.000000	0.000000
26	tsk_26	(x)	1	:	0.000000	0.000000	0.000000	0.000000	0.000000	0.470122	0.000000	0.000000	0.000000	0.529878
27	tsk_27	(x)	1	:	0.000000	0.004894	0.000000	0.000000	0.000000	0.259773	0.000000	0.000025	0.499013	0.236294
28	tsk_28	(x)	1	:	0.000001	0.005375	0.000000	0.000000	0.000000	0.278949	0.000000	0.000000	0.498931	0.216745
29	tsk_29	(x)	1	:	0.000002	0.000000	0.000000	0.000000	0.000000	0.631922	0.000000	0.000000	0.000000	0.368076
30	tsk_30	(x)	1	:	0.000000	0.001070	0.000000	0.000000	0.490511	0.002560	0.000000	0.000053	0.498826	0.006980
31	tsk_31	(x)	1	:	0.000000	0.004435	0.000000	0.000000	0.000000	0.337524	0.000000	0.000000	0.499117	0.158923
32	tsk_32	(x)	1	:	0.000006	0.000000	0.000000	0.000000	0.000000	0.678746	0.000000	0.000000	0.000000	0.321247
33	tsk_33	(x)	1	:	0.000000	0.000000	0.000000	0.000000	0.000000	0.000000	0.000000	0.000000	1.000000	0.000000
34	tsk_34	(x)	1	:	0.000000	0.000000	0.000000	0.000000	0.000000	0.000000	0.000000	0.000000	1.000000	0.000000
35	tsk_35	(x)	1	:	0.000006	0.000000	0.000000	0.000000	0.000000	0.681496	0.000000	0.000000	0.000000	0.318498
36	tsk_36	(x)	1	:	0.000000	0.000000	0.000000	0.000000	0.000000	0.000000	0.000000	0.000000	1.000000	0.000000
37	tsk_37	(x)	1	:	0.000000	0.000000	0.000000	0.000000	0.499982	0.340897	0.000000	0.000000	0.000000	0.159121
38	tsk_38	(x)	1	:	0.000000	0.000000	0.000000	0.000000	0.000000	0.000000	0.000000	0.000000	1.000000	0.000000
39	tsk_39	(x)	1	:	0.000000	0.000000	0.000000	0.000000	0.000000	1.000000	0.000000	0.000000	0.000000	0.000000
40	tsk_40	(x)	1	:	0.000000	0.000000	0.000000	0.000000	0.000000	0.000000	0.000000	0.000000	1.000000	0.000000
41	tsk_41	(x)	1	:	0.492650	0.001472	0.000000	0.000000	0.000000	0.005323	0.000000	0.000052	0.498954	0.001549
42	tsk_42	(x)	1	:	0.000002	0.005488	0.000000	0.000000	0.000000	0.314790	0.000000	0.000000	0.498908	0.180811
43	tsk_43	(x)	1	:	0.492301	0.001370	0.000000	0.000000	0.000000	0.005023	0.000000	0.000001	0.498966	0.002339
44	tsk_44	(x)	1	:	0.000000	0.000000	0.000000	0.000000	0.000000	0.000000	0.000000	0.000000	1.000000	0.000000
45	tsk_45	(x)	1	:	0.000000	0.000000	0.000000	0.000000	0.000000	0.000000	0.000000	0.000000	1.000000	0.000000
46	tsk_46	(x)	1	:	0.000003	0.005737	0.000000	0.000000	0.000000	0.395120	0.000000	0.000052	0.498833	0.100254
47	tsk_47	(x)	1	:	0.000000	0.000000	0.000000	0.000000	0.000000	0.000000	0.000000	0.490142	0.509858	0.000000
48	tsk_48	(x)	1	:	0.000000	0.000000	0.000000	0.000000	0.000000	0.000000	0.000000	0.000000	1.000000	0.000000
49	tsk_49	(x)	1	:	0.490234	0.001909	0.000000	0.000000	0.000000	0.008116	0.000000	0.000024	0.498646	0.001070
50	tsk_50	(x)	1	:	0.000000	0.000710	0.000000	0.000000	0.490553	0.002163	0.000000	0.000058	0.498900	0.007616
51	tsk_51	(x)	1	:	0.000000	0.000000	0.000000	0.000000	1.000000	0.000000	0.000000	0.000000	0.000000	0.000000
52	tsk_52	(x)	1	:	0.000000	0.000000	0.000000	0.000000	0.508018	0.000000	0.000000	0.491982	0.000000	0.000000
53	tsk_53	(x)	1	:	0.000000	0.000000	0.000000	0.000000	0.499982	0.272876	0.000000	0.000000	0.000000	0.227143
54	tsk_54	(x)	1	:	0.000000	0.000000	0.000000	0.000000	0.000000	0.000000	0.000000	0.000000	1.000000	0.000000
55	tsk_55	(x)	1	:	0.000000	0.000000	0.000000	0.000000	0.499974	0.135013	0.000000	0.000000	0.000000	0.365013
56	tsk_56	(x)	1	:	0.000002	0.004637	0.000000	0.000000	0.000000	0.283552	0.000000	0.000046	0.499054	0.212709
57	tsk_57	(x)	1	:	0.000000	0.000000	0.000000	0.000000	1.000000	0.000000	0.000000	0.000000	0.000000	0.000000
58	tsk_58	(x)	1	:	0.000000	0.000000	0.000000	0.000000	0.000000	0.000000	0.000000	0.490142	0.509858	0.000000
59	tsk_59	(x)	1	:	0.000000	0.000000	0.000000	0.000000	0.499978	0.278718	0.000000	0.000000	0.000000	0.221304
60	tsk_60	(x)	1	:	0.000001	0.500001	0.000000	0.000000	0.000000	0.095047	0.000000	0.000000	0.000000	0.404951
61	tsk_61	(x)	1	:	0.000003	0.500001	0.000000	0.000000	0.000000	0.058717	0.000000	0.000000	0.000000	0.441279
62	tsk_62	(x)	1	:	0.000000	1.000000	0.000000	0.000000	0.000000	0.000000	0.000000	0.000000	0.000000	0.000000
63	tsk_63	(x)	1	:	0.000000	0.499775	0.000000	0.000000	0.000000	0.000000	0.000000	0.000358	0.499867	0.000000
64	tsk_64	(x)	1	:	0.000000	0.499799	0.000000	0.000000	0.000000	0.000000	0.000000	0.000320	0.499881	0.000000
65	tsk_65	(x)	1	:	0.000000	0.499753	0.000000	0.000000	0.000000	0.000000	0.000000	0.000393	0.499854	0.000000
66	tsk_66	(x)	1	:	0.000000	0.499806	0.000000	0.000000	0.000000	0.000000	0.000000	0.000309	0.499885	0.000000
67	tsk_67	(x)	1	:	0.000000	0.499772	0.000000	0.000000	0.000000	0.000000	0.000000	0.000362	0.499865	0.000000
68	tsk_68	(x)	1	:	0.000000	1.000000	0.000000	0.000000	0.000000	0.000000	0.000000	0.000000	0.000000	0.000000
69	tsk_69	(x)	1	:	0.489287	0.494701	0.000000	0.000000	0.000000	0.009605	0.000000	0.000000	0.000000	0.006407
70	tsk_70	(x)	1	:	0.000000	0.000000	0.999467	0.000000	0.000000	0.000365	0.000000	0.000000	0.000000	0.000168
71	tsk_71	(x)	1	:	0.000000	0.000000	0.000000	0.000000	0.000000	0.787911	0.000000	0.000000	0.000000	0.212089
72	tsk_72	(x)	1	:	0.000006	0.000000	0.000000	0.000000	0.000000	0.456236	0.000000	0.000000	0.000000	0.543758
73	tsk_73	(x)	1	:	0.000000	0.000000	0.999679	0.000000	0.000000	0.000201	0.000000	0.000000	0.000000	0.000120
74	tsk_74	(x)	1	:	0.000000	0.000000	0.000000	0.000000	0.000000	0.681202	0.000000	0.000000	0.000000	0.318798
75	tsk_75	(x)	1	:	0.499786	0.000000	0.000000	0.000000	0.000000	0.371066	0.000000	0.000000	0.000000	0.129148
76	tsk_76	(x)	1	:	0.499827	0.000000	0.000000	0.000000	0.000000	0.500173	0.000000	0.000000	0.000000	0.000000
77	tsk_77	(x)	1	:	0.000005	0.000000	0.000000	0.000000	0.000000	0.794401	0.000000	0.000000	0.000000	0.205593
78	tsk_78	(x)	1	:	0.000000	0.000000	0.000000	0.000000	0.000000	0.000000	0.000000	0.000000	1.000000	0.000000
79	tsk_79	(x)	1	:	0.000001	0.004496	0.000000	0.000000	0.000000	0.380739	0.000000	0.000064	0.499073	0.115628
80	tsk_80	(x)	1	:	0.000000	0.014545	0.000000	0.000000	0.491857	0.004681	0.000000	0.482742	0.000000	0.006174
81	tsk_81	(x)	1	:	1.000000	0.000000	0.000000	0.000000	0.000000	0.000000	0.000000	0.000000	0.000000	0.000000
82	tsk_82	(x)	1	:	0.999999	0.000000	0.000000	0.000000	0.000000	0.000001	0.000000	0.000000	0.000000	0.000000
83	tsk_83	(x)	1	:	0.000000	0.000000	0.000000	0.000000	0.000000	0.000000	1.000000	0.000000	0.000000	0.000000
84	tsk_84	(x)	1	:	0.000000	0.000000	0.000000	0.000000	0.000000	0.000000	0.500000	0.000000	0.500000	0.000000
85	tsk_85	(x)	1	:	0.000003	0.005004	0.000000	0.000000	0.000000	0.263718	0.000000	0.000000	0.499004	0.232270
86	tsk_86	(x)	1	:	0.000006	0.000000	0.000000	0.000000	0.000000	0.659404	0.000000	0.000000	0.000000	0.340590
87	tsk_87	(x)	1	:	0.499812	0.000000	0.000000	0.000000	0.000000	0.375307	0.000000	0.000000	0.000000	0.124881
88	tsk_88	(x)	1	:	0.000002	0.019388	0.000000	0.000000	0.000000	0.055730	0.000000	0.482416	0.000000	0.442464
89	tsk_89	(x)	1	:	0.000000	0.002762	0.000000	0.000000	0.000000	0.204511	0.000000	0.000031	0.499434	0.293263
90	tsk_90	(x)	1	:	0.490118	0.001794	0.000000	0.000000	0.000000	0.007451	0.000000	0.000013	0.498664	0.001961
91	tsk_91	(x)	1	:	0.491005	0.001673	0.000000	0.000000	0.000000	0.007591	0.000000	0.000017	0.498772	0.000943
92	tsk_92	(x)	1	:	0.000000	0.000000	0.000000	0.000000	0.000000	0.000000	0.000000	0.000000	1.000000	0.000000
93	tsk_93	(x)	1	:	0.000000	0.012881	0.000000	0.000000	0.490683	0.004795	0.000000	0.483181	0.000000	0.008459
94	tsk_94	(x)	1	:	0.000000	0.000000	0.000000	0.000000	0.000000	0.000000	0.000000	0.490142	0.509858	0.000000
95	tsk_95	(x)	1	:	0.491284	0.015870	0.000000	0.000000	0.000000	0.008183	0.000000	0.482100	0.000000	0.002562
96	tsk_96	(x)	1	:	0.000000	0.000990	0.000000	0.000000	0.490466	0.004764	0.494443	0.000002	0.005523	0.003812
97	tsk_97	(x)	1	:	0.000000	0.000000	0.000000	0.000000	0.000000	0.000000	0.000000	0.490142	0.509858	0.000000
98	tsk_98	(x)	1	:	0.000000	0.000000	0.000000	0.000000	0.000000	0.000000	0.500000	0.000000	0.500000	0.000000
99	tsk_99	(x)	1	:	0.000000	0.000000	0.000000	0.000000	0.000000	0.000000	0.000000	0.490142	0.509858	0.000000
