logL = -672.139714 (converged)
AIC = 2072.279428
BIC = 3020.561376

count.K
16 29 37 18 

