logL = -808.178908 (converged)
AIC = 2706.357816
BIC = 4126.175567

count.K
31 3 12 35 19 

