logL = -478.216144 (converged)
AIC = 3336.432287
BIC = 6436.584809

count.K
12 6 2 3 2 16 6 19 14 20 

