logL = -351.411504 (converged)
AIC = 1222.823007
BIC = 1900.167255

count.K
7 67 26 

