0	tsk_0	(x)	1	:	0.476173	0.000000	0.000000	0.000000	0.000000	0.523827
1	tsk_1	(x)	1	:	0.000000	0.000005	0.573351	0.000000	0.426482	0.000162
2	tsk_2	(x)	1	:	0.000000	0.421999	0.000000	0.000000	0.000166	0.577835
3	tsk_3	(x)	1	:	0.000000	0.469812	0.000000	0.000000	0.131177	0.399010
4	tsk_4	(x)	1	:	0.000000	0.000000	0.556916	0.000000	0.000061	0.443023
5	tsk_5	(x)	1	:	0.000000	0.000000	0.404446	0.000000	0.000000	0.595554
6	tsk_6	(x)	1	:	0.000000	0.000000	0.000000	0.000000	0.000061	0.999939
7	tsk_7	(x)	1	:	0.000000	0.470610	0.456492	0.000000	0.072783	0.000115
8	tsk_8	(x)	1	:	0.513337	0.000000	0.000000	0.000000	0.000059	0.486604
9	tsk_9	(x)	1	:	0.000000	0.000000	1.000000	0.000000	0.000000	0.000000
10	tsk_10	(x)	1	:	0.000000	0.000011	0.000000	0.000000	0.999989	0.000000
11	tsk_11	(x)	1	:	0.000000	0.470910	0.456548	0.000000	0.072379	0.000163
12	tsk_12	(x)	1	:	0.000000	0.469308	0.000000	0.000000	0.530692	0.000000
13	tsk_13	(x)	1	:	0.000000	0.000016	0.000000	0.497846	0.502122	0.000016
14	tsk_14	(x)	1	:	0.000000	0.658721	0.000000	0.000000	0.341279	0.000000
15	tsk_15	(x)	1	:	0.000000	0.000000	0.482350	0.000000	0.000000	0.517650
16	tsk_16	(x)	1	:	0.000000	0.000006	0.000000	0.497845	0.502135	0.000013
17	tsk_17	(x)	1	:	0.000000	0.000009	0.456307	0.000000	0.543534	0.000149
18	tsk_18	(x)	1	:	0.000000	0.472960	0.000000	0.498203	0.028837	0.000000
19	tsk_19	(x)	1	:	0.000000	0.000001	0.520772	0.000000	0.479136	0.000091
20	tsk_20	(x)	1	:	0.000000	0.472267	0.456820	0.000000	0.070604	0.000309
21	tsk_21	(x)	1	:	0.498260	0.000004	0.000000	0.000000	0.501721	0.000014
22	tsk_22	(x)	1	:	0.498260	0.000006	0.000000	0.000000	0.501722	0.000012
23	tsk_23	(x)	1	:	0.000000	0.000000	0.572737	0.000000	0.427263	0.000000
24	tsk_24	(x)	1	:	0.000000	0.000000	1.000000	0.000000	0.000000	0.000000
25	tsk_25	(x)	1	:	0.000000	0.000009	0.000000	0.000000	0.999991	0.000000
26	tsk_26	(x)	1	:	0.000000	0.000007	0.573350	0.000000	0.426468	0.000175
27	tsk_27	(x)	1	:	0.000000	0.435696	0.564227	0.000000	0.000032	0.000045
28	tsk_28	(x)	1	:	0.000000	0.000005	0.000000	0.000000	0.999995	0.000000
29	tsk_29	(x)	1	:	0.000000	0.000012	0.000000	0.000000	0.999988	0.000000
30	tsk_30	(x)	1	:	0.000000	0.000012	0.000000	0.000000	0.999988	0.000000
31	tsk_31	(x)	1	:	0.000000	0.000009	0.000000	0.000000	0.999991	0.000000
32	tsk_32	(x)	1	:	0.000000	0.000007	0.000000	0.000000	0.999993	0.000000
33	tsk_33	(x)	1	:	0.000000	0.000008	0.000000	0.000000	0.999992	0.000000
34	tsk_34	(x)	1	:	0.000000	0.000004	0.000000	0.000000	0.999995	0.000000
35	tsk_35	(x)	1	:	0.000000	0.000008	0.000000	0.000000	0.999992	0.000000
36	tsk_36	(x)	1	:	0.000000	0.000010	0.000000	0.000000	0.999990	0.000000
37	tsk_37	(x)	1	:	0.000000	0.000009	0.000000	0.000000	0.999991	0.000000
38	tsk_38	(x)	1	:	0.000000	0.000014	0.000000	0.000000	0.999986	0.000000
39	tsk_39	(x)	1	:	0.000000	0.000012	0.000000	0.000000	0.999987	0.000000
40	tsk_40	(x)	1	:	0.498261	0.000003	0.000000	0.000000	0.501728	0.000009
41	tsk_41	(x)	1	:	0.000000	1.000000	0.000000	0.000000	0.000000	0.000000
42	tsk_42	(x)	1	:	0.000000	0.658721	0.000000	0.000000	0.341279	0.000000
43	tsk_43	(x)	1	:	0.000000	0.999997	0.000000	0.000000	0.000003	0.000000
44	tsk_44	(x)	1	:	0.000000	0.469278	0.000000	0.000000	0.530722	0.000000
45	tsk_45	(x)	1	:	0.000000	0.000000	0.000000	0.524920	0.475077	0.000003
46	tsk_46	(x)	1	:	0.000000	0.469274	0.000000	0.000000	0.530726	0.000000
47	tsk_47	(x)	1	:	0.000000	0.000000	0.477670	0.522329	0.000000	0.000000
48	tsk_48	(x)	1	:	0.000000	0.000007	0.000000	0.497845	0.502132	0.000015
49	tsk_49	(x)	1	:	0.000000	0.470780	0.456523	0.000000	0.072551	0.000146
50	tsk_50	(x)	1	:	1.000000	0.000000	0.000000	0.000000	0.000000	0.000000
51	tsk_51	(x)	1	:	0.498346	0.470429	0.000000	0.000000	0.031225	0.000001
52	tsk_52	(x)	1	:	0.000000	0.471892	0.456744	0.000000	0.071094	0.000270
53	tsk_53	(x)	1	:	0.473556	0.526444	0.000000	0.000000	0.000000	0.000000
54	tsk_54	(x)	1	:	0.000000	0.999996	0.000000	0.000000	0.000004	0.000000
55	tsk_55	(x)	1	:	0.526950	0.000000	0.473050	0.000000	0.000000	0.000000
56	tsk_56	(x)	1	:	1.000000	0.000000	0.000000	0.000000	0.000000	0.000000
57	tsk_57	(x)	1	:	0.000000	0.471335	0.456633	0.000000	0.071823	0.000209
58	tsk_58	(x)	1	:	0.000000	0.999994	0.000000	0.000000	0.000005	0.000000
59	tsk_59	(x)	1	:	0.526950	0.000000	0.473050	0.000000	0.000000	0.000000
60	tsk_60	(x)	1	:	0.526950	0.000000	0.473050	0.000000	0.000000	0.000000
61	tsk_61	(x)	1	:	0.000000	0.000006	0.520068	0.000000	0.479825	0.000101
62	tsk_62	(x)	1	:	0.000000	0.000000	1.000000	0.000000	0.000000	0.000000
63	tsk_63	(x)	1	:	0.000000	0.000007	0.456309	0.000000	0.543546	0.000137
64	tsk_64	(x)	1	:	0.000000	0.000000	1.000000	0.000000	0.000000	0.000000
65	tsk_65	(x)	1	:	0.000000	0.000000	0.477299	0.000000	0.000023	0.522678
66	tsk_66	(x)	1	:	0.000000	0.469303	0.000000	0.000000	0.530697	0.000000
67	tsk_67	(x)	1	:	0.000000	0.000013	0.456307	0.000000	0.543527	0.000152
68	tsk_68	(x)	1	:	0.000000	0.469038	0.519914	0.000000	0.011023	0.000026
69	tsk_69	(x)	1	:	0.000000	0.000000	1.000000	0.000000	0.000000	0.000000
70	tsk_70	(x)	1	:	0.000000	0.000007	0.000000	0.454812	0.244811	0.300371
71	tsk_71	(x)	1	:	0.000000	0.000006	0.000000	0.000000	0.705992	0.294002
72	tsk_72	(x)	1	:	0.000000	0.000024	0.000000	0.000000	0.705963	0.294014
73	tsk_73	(x)	1	:	0.000000	0.000017	0.000000	0.497846	0.502122	0.000015
74	tsk_74	(x)	1	:	0.000000	0.000007	0.000000	0.497845	0.502134	0.000013
75	tsk_75	(x)	1	:	0.000000	0.000004	0.000000	0.000000	0.705995	0.294001
76	tsk_76	(x)	1	:	0.000000	0.000000	0.548180	0.451819	0.000000	0.000000
77	tsk_77	(x)	1	:	0.000000	0.000006	0.000000	0.454812	0.244813	0.300370
78	tsk_78	(x)	1	:	0.000000	0.000010	0.000000	0.000000	0.999990	0.000000
79	tsk_79	(x)	1	:	0.000000	0.000007	0.000000	0.497846	0.502136	0.000011
80	tsk_80	(x)	1	:	0.000000	0.469302	0.000000	0.000000	0.530698	0.000000
81	tsk_81	(x)	1	:	0.000000	0.000009	0.000000	0.000000	0.381622	0.618369
82	tsk_82	(x)	1	:	0.000000	0.469821	0.000000	0.000000	0.131162	0.399017
83	tsk_83	(x)	1	:	0.000000	0.000000	0.477299	0.000000	0.000022	0.522678
84	tsk_84	(x)	1	:	0.000000	0.000000	0.000000	0.000000	0.000051	0.999949
85	tsk_85	(x)	1	:	0.000000	0.473859	0.000000	0.498300	0.027841	0.000000
86	tsk_86	(x)	1	:	0.000000	0.000000	0.000000	0.000000	0.000039	0.999961
87	tsk_87	(x)	1	:	0.000000	0.000000	0.000000	1.000000	0.000000	0.000000
88	tsk_88	(x)	1	:	0.000000	0.469295	0.000000	0.000000	0.530705	0.000000
89	tsk_89	(x)	1	:	0.000000	0.000000	0.000000	1.000000	0.000000	0.000000
90	tsk_90	(x)	1	:	0.000000	0.000000	0.477670	0.522329	0.000000	0.000000
91	tsk_91	(x)	1	:	0.500609	0.000000	0.000000	0.499391	0.000000	0.000000
92	tsk_92	(x)	1	:	0.000000	0.000000	0.000000	0.511015	0.000092	0.488893
93	tsk_93	(x)	1	:	1.000000	0.000000	0.000000	0.000000	0.000000	0.000000
94	tsk_94	(x)	1	:	0.000000	0.000000	0.000000	0.000000	0.722918	0.277082
95	tsk_95	(x)	1	:	0.513343	0.000000	0.000000	0.000000	0.000202	0.486455
96	tsk_96	(x)	1	:	0.000000	0.000000	0.556923	0.000000	0.000131	0.442946
97	tsk_97	(x)	1	:	0.483421	0.000000	0.516579	0.000000	0.000000	0.000000
98	tsk_98	(x)	1	:	0.500609	0.000000	0.000000	0.499391	0.000000	0.000000
99	tsk_99	(x)	1	:	0.532811	0.000000	0.000000	0.000000	0.467185	0.000005
