logL = -676.399334 (converged)
AIC = 4372.798669
BIC = 8306.605649

count.K
18 1 34 7 10 3 13 1 7 6 

