logL = -513.762047 (converged)
AIC = 3095.524094
BIC = 5789.270067

count.K
16 10 9 6 0 31 4 5 19 

