logL = -786.074519 (converged)
AIC = 4232.149039
BIC = 7697.025386

count.K
18 7 7 2 41 1 3 12 3 6 

