logL = -1395.506098 (converged)
AIC = 4235.012195
BIC = 6115.945070

count.K
35 6 21 13 12 13 

