logL = -666.566111 (converged)
AIC = 3673.132222
BIC = 6721.181340

count.K
14 18 8 1 2 3 1 12 34 7 

