0	tsk_0	(x)	1	:	0.000000	0.000000	0.000000	0.000000	1.000000	0.000000	0.000000
1	tsk_1	(x)	1	:	0.000000	0.000000	0.197158	0.247034	0.000000	0.527400	0.028408
2	tsk_2	(x)	1	:	0.000000	0.000000	0.000000	0.000000	0.000000	1.000000	0.000000
3	tsk_3	(x)	1	:	0.000000	0.000000	0.000000	0.000000	1.000000	0.000000	0.000000
4	tsk_4	(x)	1	:	0.000000	0.000000	0.001386	0.000683	0.503037	0.492443	0.002450
5	tsk_5	(x)	1	:	0.000000	0.000000	0.182507	0.294481	0.461886	0.000000	0.061126
6	tsk_6	(x)	1	:	0.000000	0.000000	0.000000	0.000000	0.415338	0.584662	0.000000
7	tsk_7	(x)	1	:	0.000000	0.285491	0.096989	0.064158	0.000000	0.527081	0.026281
8	tsk_8	(x)	1	:	0.000000	0.148576	0.000000	0.000000	0.413133	0.438292	0.000000
9	tsk_9	(x)	1	:	0.245448	0.000000	0.117573	0.130026	0.461936	0.000000	0.045018
10	tsk_10	(x)	1	:	0.000000	0.000000	0.142090	0.069583	0.000000	0.618666	0.169661
11	tsk_11	(x)	1	:	0.000000	0.000000	0.111420	0.051887	0.000000	0.618666	0.218026
12	tsk_12	(x)	1	:	0.000000	0.000000	0.000875	0.001088	0.503021	0.492378	0.002639
13	tsk_13	(x)	1	:	0.000000	0.388010	0.181810	0.281223	0.000000	0.000000	0.148957
14	tsk_14	(x)	1	:	0.000000	0.000000	0.140455	0.452305	0.000000	0.000000	0.407240
15	tsk_15	(x)	1	:	0.000000	0.000000	0.149361	0.542989	0.000000	0.000000	0.307650
16	tsk_16	(x)	1	:	0.000000	0.000000	0.276480	0.430989	0.000000	0.000000	0.292531
17	tsk_17	(x)	1	:	0.244858	0.000000	0.088218	0.006977	0.000000	0.618445	0.041501
18	tsk_18	(x)	1	:	0.000000	0.999983	0.000003	0.000006	0.000000	0.000000	0.000007
19	tsk_19	(x)	1	:	0.000000	0.000000	0.261172	0.161438	0.515006	0.000000	0.062384
20	tsk_20	(x)	1	:	0.219426	0.289636	0.008256	0.024290	0.000000	0.402275	0.056117
21	tsk_21	(x)	1	:	0.463334	0.000000	0.060543	0.028810	0.000000	0.398959	0.048353
22	tsk_22	(x)	1	:	0.264343	0.000000	0.073796	0.081192	0.521454	0.000000	0.059215
23	tsk_23	(x)	1	:	0.000000	0.000000	0.000000	0.000000	1.000000	0.000000	0.000000
24	tsk_24	(x)	1	:	0.263807	0.000000	0.125513	0.067445	0.000000	0.399274	0.143960
25	tsk_25	(x)	1	:	0.264343	0.000000	0.022839	0.083158	0.521454	0.000000	0.108205
26	tsk_26	(x)	1	:	0.463332	0.000000	0.054532	0.057380	0.000000	0.398957	0.025798
27	tsk_27	(x)	1	:	0.000000	0.286259	0.016422	0.123796	0.521373	0.000000	0.052151
28	tsk_28	(x)	1	:	0.000000	0.000000	0.000000	0.000000	0.000000	1.000000	0.000000
29	tsk_29	(x)	1	:	0.000000	0.000000	0.000000	0.000000	0.464463	0.535537	0.000000
30	tsk_30	(x)	1	:	0.263807	0.000000	0.095489	0.095808	0.000000	0.399274	0.145621
31	tsk_31	(x)	1	:	0.000000	0.000000	0.000628	0.001486	0.503051	0.492501	0.002333
32	tsk_32	(x)	1	:	0.000000	0.000000	0.000000	0.000000	0.000000	1.000000	0.000000
33	tsk_33	(x)	1	:	0.000000	0.000000	0.000731	0.001860	0.503047	0.492487	0.001875
34	tsk_34	(x)	1	:	0.531447	0.000000	0.228301	0.124926	0.000000	0.000000	0.115327
35	tsk_35	(x)	1	:	0.000000	0.000000	0.000000	0.000000	0.000000	1.000000	0.000000
36	tsk_36	(x)	1	:	0.000000	0.000000	0.226662	0.159557	0.000000	0.399385	0.214395
37	tsk_37	(x)	1	:	0.264113	0.000000	0.265316	0.194677	0.000000	0.000000	0.275894
38	tsk_38	(x)	1	:	0.000000	0.000000	0.000000	0.000000	0.000000	1.000000	0.000000
39	tsk_39	(x)	1	:	0.000000	0.000000	0.198502	0.190930	0.000000	0.399385	0.211183
40	tsk_40	(x)	1	:	0.000000	0.000000	0.000000	0.000000	0.498219	0.501781	0.000000
41	tsk_41	(x)	1	:	0.263808	0.000000	0.123793	0.087516	0.000000	0.399274	0.125609
42	tsk_42	(x)	1	:	0.264113	0.000000	0.117178	0.346927	0.000000	0.000000	0.271783
43	tsk_43	(x)	1	:	0.263808	0.000000	0.151407	0.068782	0.000000	0.399274	0.116729
44	tsk_44	(x)	1	:	0.531447	0.000000	0.130028	0.197394	0.000000	0.000000	0.141130
45	tsk_45	(x)	1	:	0.263807	0.000000	0.086251	0.096106	0.000000	0.399274	0.154561
46	tsk_46	(x)	1	:	0.263808	0.000000	0.206296	0.076011	0.000000	0.399274	0.054611
47	tsk_47	(x)	1	:	0.263807	0.000000	0.141235	0.076926	0.000000	0.399274	0.118758
48	tsk_48	(x)	1	:	0.263807	0.000000	0.169447	0.050795	0.000000	0.399274	0.116677
49	tsk_49	(x)	1	:	0.264313	0.000000	0.074895	0.065675	0.461941	0.000000	0.133175
50	tsk_50	(x)	1	:	0.245474	0.000000	0.139366	0.054192	0.521448	0.000000	0.039519
51	tsk_51	(x)	1	:	0.000000	0.000000	0.000000	0.000000	1.000000	0.000000	0.000000
52	tsk_52	(x)	1	:	0.555560	0.000000	0.267932	0.150593	0.000000	0.000000	0.025915
53	tsk_53	(x)	1	:	0.000000	0.388008	0.148319	0.207647	0.000000	0.000000	0.256026
54	tsk_54	(x)	1	:	0.555560	0.000000	0.134514	0.165319	0.000000	0.000000	0.144607
55	tsk_55	(x)	1	:	0.245474	0.000000	0.094425	0.096902	0.521448	0.000000	0.041750
56	tsk_56	(x)	1	:	0.000000	0.000000	0.000087	0.000028	0.559243	0.440563	0.000079
57	tsk_57	(x)	1	:	0.000000	0.387941	0.087932	0.021213	0.000000	0.399514	0.103400
58	tsk_58	(x)	1	:	0.707934	0.000000	0.137354	0.112424	0.000000	0.000000	0.042287
59	tsk_59	(x)	1	:	0.000000	0.000000	0.000000	0.000000	1.000000	0.000000	0.000000
60	tsk_60	(x)	1	:	0.000000	0.000000	0.244749	0.249141	0.000000	0.000000	0.506111
61	tsk_61	(x)	1	:	0.000000	0.000000	0.317873	0.337843	0.000000	0.000000	0.344284
62	tsk_62	(x)	1	:	0.000000	0.000000	0.380358	0.255106	0.000000	0.000000	0.364536
63	tsk_63	(x)	1	:	0.264113	0.000000	0.327241	0.220724	0.000000	0.000000	0.187923
64	tsk_64	(x)	1	:	0.264343	0.000000	0.027326	0.114155	0.521454	0.000000	0.072722
65	tsk_65	(x)	1	:	0.000000	0.000000	0.343804	0.294574	0.000000	0.000000	0.361622
66	tsk_66	(x)	1	:	0.000000	0.000000	0.261354	0.364270	0.000000	0.000000	0.374376
67	tsk_67	(x)	1	:	0.000000	0.000000	0.225206	0.107331	0.000000	0.000000	0.667463
68	tsk_68	(x)	1	:	0.000000	0.388013	0.289445	0.219866	0.000000	0.000000	0.102676
69	tsk_69	(x)	1	:	0.000000	0.000000	0.343478	0.234607	0.000000	0.000000	0.421914
70	tsk_70	(x)	1	:	0.000000	0.000000	0.132873	0.101074	0.000000	0.618666	0.147387
71	tsk_71	(x)	1	:	0.000000	0.388008	0.200810	0.109002	0.000000	0.000000	0.302180
72	tsk_72	(x)	1	:	0.000000	0.388009	0.153000	0.236150	0.000000	0.000000	0.222841
73	tsk_73	(x)	1	:	0.000000	0.000000	0.000000	0.000000	0.000000	1.000000	0.000000
74	tsk_74	(x)	1	:	0.244941	0.000000	0.091047	0.071389	0.000000	0.527227	0.065396
75	tsk_75	(x)	1	:	0.000000	0.000000	0.000000	0.000000	0.459339	0.540661	0.000000
76	tsk_76	(x)	1	:	0.000000	0.000000	0.195190	0.154104	0.000000	0.527400	0.123307
77	tsk_77	(x)	1	:	0.245284	0.000000	0.220797	0.261871	0.000000	0.000000	0.272048
78	tsk_78	(x)	1	:	0.000000	0.000000	0.000000	0.000000	0.000000	1.000000	0.000000
79	tsk_79	(x)	1	:	0.000000	0.000000	0.112726	0.160037	0.000000	0.399385	0.327851
80	tsk_80	(x)	1	:	0.000000	0.000000	0.000000	0.000000	0.459339	0.540661	0.000000
81	tsk_81	(x)	1	:	0.000000	0.000000	0.102960	0.289279	0.515006	0.000000	0.092755
82	tsk_82	(x)	1	:	0.000000	0.000000	0.000000	0.000000	0.497820	0.502180	0.000000
83	tsk_83	(x)	1	:	0.000000	0.000000	0.000000	0.000000	0.459339	0.540661	0.000000
84	tsk_84	(x)	1	:	0.000000	0.000000	0.098134	0.079215	0.000000	0.618666	0.203985
85	tsk_85	(x)	1	:	0.000000	0.000000	0.000000	0.000000	1.000000	0.000000	0.000000
86	tsk_86	(x)	1	:	0.000000	0.000000	0.222202	0.346217	0.000000	0.000000	0.431580
87	tsk_87	(x)	1	:	0.000000	0.000000	0.000000	0.000000	0.000000	1.000000	0.000000
88	tsk_88	(x)	1	:	0.000000	0.000000	0.000000	0.000000	0.000000	1.000000	0.000000
89	tsk_89	(x)	1	:	0.000000	0.000000	0.157935	0.449843	0.000000	0.000000	0.392222
90	tsk_90	(x)	1	:	0.000000	0.000000	0.054071	0.290842	0.461886	0.000000	0.193201
91	tsk_91	(x)	1	:	0.000000	0.000000	0.000000	0.000000	0.000000	1.000000	0.000000
92	tsk_92	(x)	1	:	0.000000	0.000000	0.071641	0.320364	0.461886	0.000000	0.146110
93	tsk_93	(x)	1	:	0.000000	0.000000	0.001755	0.002115	0.503049	0.492495	0.000585
94	tsk_94	(x)	1	:	0.000000	0.000000	0.204380	0.203064	0.000000	0.399385	0.193170
95	tsk_95	(x)	1	:	0.000000	0.000000	0.289422	0.174950	0.000000	0.000000	0.535628
96	tsk_96	(x)	1	:	0.000000	0.000000	0.282619	0.103564	0.000000	0.399385	0.214432
97	tsk_97	(x)	1	:	0.000000	0.000000	0.319314	0.434754	0.000000	0.000000	0.245932
98	tsk_98	(x)	1	:	0.000000	0.000000	0.319215	0.134574	0.000000	0.399385	0.146825
99	tsk_99	(x)	1	:	0.000000	0.000000	0.001900	0.001695	0.503020	0.492371	0.001015
