logL = -340.083185 (converged)
AIC = 1416.166371
BIC = 2374.868999

count.K
53 10 27 10 

