logL = -509.944784 (converged)
AIC = 2295.889567
BIC = 3957.988146

count.K
49 3 36 1 8 3 

