logL = -1190.808567 (converged)
AIC = 2997.617134
BIC = 3800.009551

count.K
41 11 48 

