logL = -476.034570 (converged)
AIC = 1728.069140
BIC = 2738.875172

count.K
39 19 9 33 

