logL = -714.483365 (converged)
AIC = 1712.966730
BIC = 2082.900897

count.K
64 36 

