logL = -1436.765802 (converged)
AIC = 3185.531604
BIC = 3591.938153

count.K
38 62 

