logL = -782.767763 (converged)
AIC = 2389.535526
BIC = 3462.865643

count.K
29 45 20 6 

