logL = -349.088045 (converged)
AIC = 1838.176090
BIC = 3323.123096

count.K
4 45 30 20 1 

