logL = -852.044246 (converged)
AIC = 3254.088492
BIC = 5273.095386

count.K
39 14 0 26 4 9 8 

