logL = -940.376900 (converged)
AIC = 3300.753799
BIC = 5150.424631

count.K
12 5 16 15 30 22 

