logL = -449.157070 (converged)
AIC = 1178.314140
BIC = 1543.037966

count.K
39 61 

