logL = -677.278460 (converged)
AIC = 1880.556921
BIC = 2565.716680

count.K
45 16 39 

