logL = -496.247371 (converged)
AIC = 3006.494741
BIC = 5629.901118

count.K
14 6 1 3 63 8 1 4 0 

