logL = -538.077334 (converged)
AIC = 3180.154668
BIC = 5920.793704

count.K
6 7 19 25 6 1 6 27 3 

