logL = -684.782905 (converged)
AIC = 1657.565809
BIC = 2032.710316

count.K
51 49 

