logL = -998.206660 (converged)
AIC = 2304.413320
BIC = 2705.609528

count.K
24 76 

