logL = -421.687730 (converged)
AIC = 2309.375460
BIC = 4218.965206

count.K
15 7 33 1 30 10 4 

