logL = -553.092367 (converged)
AIC = 3156.184733
BIC = 5826.484174

count.K
20 1 13 27 0 7 14 17 1 

