logL = -814.927969 (converged)
AIC = 3557.855939
BIC = 6069.239998

count.K
7 14 21 2 6 8 33 9 

