logL = -503.184399 (converged)
AIC = 2694.368799
BIC = 4893.132436

count.K
10 19 2 8 2 50 8 1 

