logL = -882.239249 (converged)
AIC = 4204.478498
BIC = 7382.786125

count.K
10 9 6 11 19 0 3 30 2 10 

