logL = -464.450207 (converged)
AIC = 2924.900414
BIC = 5524.860260

count.K
11 10 13 2 3 27 12 8 14 

