logL = -722.987344 (converged)
AIC = 2293.974688
BIC = 3398.566847

count.K
7 9 38 46 

