logL = -258.786395 (converged)
AIC = 1757.572790
BIC = 3372.778305

count.K
51 8 2 7 4 28 

