logL = -617.976910 (converged)
AIC = 3321.953820
BIC = 6039.146324

count.K
10 10 12 12 7 17 11 9 12 

