logL = -892.543949 (converged)
AIC = 2093.087898
BIC = 2494.284106

count.K
50 50 

