logL = -1307.754744 (converged)
AIC = 4935.509488
BIC = 7957.506903

count.K
12 6 16 9 1 13 3 10 30 

