logL = -680.884396 (converged)
AIC = 3681.768792
BIC = 6703.766208

count.K
15 2 0 21 32 15 7 5 2 1 

