logL = -604.361301 (converged)
AIC = 1484.722603
BIC = 1844.236088

count.K
46 54 

