logL = -1406.420293 (converged)
AIC = 3148.840586
BIC = 3586.509177

count.K
78 22 

