logL = -1433.495048 (converged)
AIC = 3738.990096
BIC = 4874.844297

count.K
31 15 13 41 

