logL = -229.836501 (converged)
AIC = 2455.673002
BIC = 5055.632848

count.K
8 0 6 5 6 6 42 21 6 

