logL = -343.059918 (converged)
AIC = 2846.119836
BIC = 5659.703637

count.K
3 2 19 1 3 6 11 53 1 1 

