logL = -282.713548 (converged)
AIC = 2031.427097
BIC = 3941.016843

count.K
12 7 10 13 1 21 36 

