logL = -843.027391 (converged)
AIC = 3736.054783
BIC = 6406.354223

count.K
3 9 15 1 30 2 11 25 4 

