logL = -468.972323 (converged)
AIC = 3057.944647
BIC = 5819.425044

count.K
3 2 0 5 9 1 25 14 13 28 

