logL = -426.702166 (converged)
AIC = 2557.404333
BIC = 4777.009331

count.K
11 16 4 10 21 22 2 14 

