logL = -832.990736 (converged)
AIC = 2473.981471
BIC = 3526.470226

count.K
40 17 27 16 

