logL = -759.301752 (converged)
AIC = 2668.603504
BIC = 4166.576361

count.K
16 23 21 17 23 

