0	tsk_0	(x)	1	:	0.000000	0.001772	0.164416	0.000000	0.680426	0.153386	0.000000	0.000000
1	tsk_1	(x)	1	:	0.000000	0.312196	0.187284	0.000530	0.000000	0.011873	0.000000	0.488117
2	tsk_2	(x)	1	:	0.000000	0.164475	0.835525	0.000000	0.000000	0.000000	0.000000	0.000000
3	tsk_3	(x)	1	:	0.000000	0.415839	0.076729	0.000000	0.507424	0.000007	0.000000	0.000000
4	tsk_4	(x)	1	:	0.000000	0.272753	0.219819	0.000000	0.507427	0.000001	0.000000	0.000000
5	tsk_5	(x)	1	:	0.000000	0.296251	0.196320	0.000000	0.507426	0.000003	0.000000	0.000000
6	tsk_6	(x)	1	:	0.000000	0.000563	0.165734	0.000000	0.680512	0.153191	0.000000	0.000000
7	tsk_7	(x)	1	:	0.000000	0.000000	0.000000	0.000000	0.512532	0.000035	0.000000	0.487433
8	tsk_8	(x)	1	:	0.000000	0.351030	0.141541	0.000000	0.507427	0.000002	0.000000	0.000000
9	tsk_9	(x)	1	:	0.000000	0.211347	0.289138	0.000773	0.000000	0.009792	0.000000	0.488950
10	tsk_10	(x)	1	:	0.000000	0.000000	0.000000	0.000000	0.000000	0.000000	1.000000	0.000000
11	tsk_11	(x)	1	:	0.000000	0.000000	0.000000	0.000000	0.000000	0.500000	0.500000	0.000000
12	tsk_12	(x)	1	:	0.000000	0.000000	0.000000	0.000726	0.000000	0.510767	0.000000	0.488507
13	tsk_13	(x)	1	:	0.000000	0.000000	0.000000	0.000000	0.000000	0.511000	0.000000	0.489000
14	tsk_14	(x)	1	:	0.000000	0.000000	0.000000	0.000530	0.000000	0.014868	0.497571	0.487030
15	tsk_15	(x)	1	:	0.000000	0.000000	0.000000	0.000000	0.000000	0.500000	0.500000	0.000000
16	tsk_16	(x)	1	:	0.000000	0.231463	0.268537	0.000000	0.000000	0.500000	0.000000	0.000000
17	tsk_17	(x)	1	:	0.000000	0.000000	0.000000	0.000605	0.000000	0.510805	0.000000	0.488589
18	tsk_18	(x)	1	:	0.000000	0.000000	0.000000	0.000373	0.000000	0.015775	0.497054	0.486798
19	tsk_19	(x)	1	:	0.000000	0.000000	0.000000	0.000000	0.000000	0.000000	1.000000	0.000000
20	tsk_20	(x)	1	:	0.000000	0.000000	0.000000	0.000735	0.000000	0.011691	0.499446	0.488128
21	tsk_21	(x)	1	:	0.000000	0.000000	0.000000	0.000888	0.000000	0.510715	0.000000	0.488397
22	tsk_22	(x)	1	:	0.000000	0.000000	0.000000	0.000000	0.000000	1.000000	0.000000	0.000000
23	tsk_23	(x)	1	:	0.474755	0.000000	0.000000	0.456676	0.000000	0.049056	0.019513	0.000000
24	tsk_24	(x)	1	:	0.000000	0.000000	0.000000	0.000000	0.000000	0.000000	0.000000	1.000000
25	tsk_25	(x)	1	:	0.000000	0.000000	0.000000	0.000000	0.000000	1.000000	0.000000	0.000000
26	tsk_26	(x)	1	:	0.000000	0.000000	0.000000	0.000000	0.000000	0.000000	0.000000	1.000000
27	tsk_27	(x)	1	:	0.000000	0.000000	0.000000	0.000000	0.000000	0.000000	0.000000	1.000000
28	tsk_28	(x)	1	:	0.000000	0.000000	0.000000	0.000000	0.000000	0.000000	0.000000	1.000000
29	tsk_29	(x)	1	:	0.000000	0.000000	0.000000	0.000000	0.000000	0.000000	0.000000	1.000000
30	tsk_30	(x)	1	:	0.469547	0.000000	0.000000	0.456605	0.000000	0.046597	0.027251	0.000001
31	tsk_31	(x)	1	:	0.471115	0.000000	0.000000	0.456633	0.000000	0.047320	0.024932	0.000000
32	tsk_32	(x)	1	:	0.000000	0.000000	0.000000	0.448412	0.000000	0.000000	0.000000	0.551588
33	tsk_33	(x)	1	:	0.000000	0.150520	0.349484	0.457464	0.000000	0.042533	0.000000	0.000000
34	tsk_34	(x)	1	:	0.000000	0.188151	0.311883	0.457509	0.000000	0.042457	0.000000	0.000000
35	tsk_35	(x)	1	:	0.000000	0.221995	0.278208	0.457759	0.000000	0.042039	0.000000	0.000000
36	tsk_36	(x)	1	:	0.464813	0.000000	0.000000	0.000000	0.000000	0.000000	0.535187	0.000000
37	tsk_37	(x)	1	:	0.000000	0.000000	0.000000	0.456978	0.000000	0.043520	0.499502	0.000000
38	tsk_38	(x)	1	:	0.000000	0.217946	0.282699	0.458411	0.000000	0.040944	0.000000	0.000000
39	tsk_39	(x)	1	:	0.000000	0.178938	0.821062	0.000000	0.000000	0.000000	0.000000	0.000000
40	tsk_40	(x)	1	:	0.000000	0.000000	0.000000	0.457461	0.000000	0.542538	0.000000	0.000000
41	tsk_41	(x)	1	:	0.000000	0.000000	0.000000	0.457462	0.000000	0.542538	0.000000	0.000000
42	tsk_42	(x)	1	:	0.000000	0.000000	0.000000	0.000000	0.000000	0.000000	0.000000	1.000000
43	tsk_43	(x)	1	:	0.000000	0.000000	0.000000	0.000000	0.000000	1.000000	0.000000	0.000000
44	tsk_44	(x)	1	:	0.000000	0.000000	0.000000	0.000000	0.000000	0.000000	0.000000	1.000000
45	tsk_45	(x)	1	:	0.000000	0.000000	0.000000	0.457461	0.000000	0.542538	0.000000	0.000000
46	tsk_46	(x)	1	:	0.000000	0.000000	0.000000	0.000000	0.513683	0.486317	0.000000	0.000000
47	tsk_47	(x)	1	:	0.000000	0.000000	0.000000	0.000000	0.000000	1.000000	0.000000	0.000000
48	tsk_48	(x)	1	:	0.000000	0.246652	0.253348	0.000000	0.000000	0.500000	0.000000	0.000000
49	tsk_49	(x)	1	:	0.000000	0.292086	0.207914	0.000000	0.000000	0.500000	0.000000	0.000000
50	tsk_50	(x)	1	:	0.000000	0.000000	0.000000	0.091758	0.126035	0.411843	0.000000	0.370363
51	tsk_51	(x)	1	:	0.000000	0.000000	0.000000	0.526380	0.473620	0.000000	0.000000	0.000000
52	tsk_52	(x)	1	:	0.000000	0.000000	0.000000	0.102925	0.521482	0.004123	0.000000	0.371469
53	tsk_53	(x)	1	:	0.000000	0.000000	0.000000	0.089479	0.000000	0.040574	0.498805	0.371142
54	tsk_54	(x)	1	:	0.000000	0.000000	0.000000	0.000000	0.671214	0.328786	0.000000	0.000000
55	tsk_55	(x)	1	:	0.464813	0.000000	0.000000	0.000000	0.000000	0.000000	0.535187	0.000000
56	tsk_56	(x)	1	:	0.000000	0.000000	0.000000	0.090957	0.000000	0.038669	0.499637	0.370737
57	tsk_57	(x)	1	:	0.000000	0.000000	0.000000	0.000000	0.000000	0.500000	0.500000	0.000000
58	tsk_58	(x)	1	:	0.000000	0.000000	0.000000	0.000000	0.000000	1.000000	0.000000	0.000000
59	tsk_59	(x)	1	:	0.000000	0.000000	0.000000	0.090207	0.000000	0.039666	0.499196	0.370931
60	tsk_60	(x)	1	:	0.000000	0.000000	0.000000	0.000000	0.000000	0.000000	1.000000	0.000000
61	tsk_61	(x)	1	:	0.000000	0.000000	0.000000	0.545813	0.000000	0.000011	0.454176	0.000000
62	tsk_62	(x)	1	:	0.000000	0.000000	0.000000	0.000000	0.000000	0.000000	1.000000	0.000000
63	tsk_63	(x)	1	:	0.000000	0.000000	0.000000	0.000000	0.000000	0.000000	1.000000	0.000000
64	tsk_64	(x)	1	:	0.000000	0.000000	0.000000	0.545814	0.000000	0.000009	0.454177	0.000000
65	tsk_65	(x)	1	:	0.000000	0.000000	0.000000	0.000000	0.000000	0.000000	1.000000	0.000000
66	tsk_66	(x)	1	:	0.000000	0.000000	0.000000	0.000000	0.000000	0.000000	1.000000	0.000000
67	tsk_67	(x)	1	:	0.000000	0.000000	0.000000	0.545814	0.000000	0.000008	0.454177	0.000000
68	tsk_68	(x)	1	:	0.000000	0.000000	0.000000	0.000000	0.000000	0.000000	1.000000	0.000000
69	tsk_69	(x)	1	:	0.000000	0.000000	0.000000	0.000000	0.000000	0.000000	1.000000	0.000000
70	tsk_70	(x)	1	:	0.464812	0.000000	0.000000	0.000000	0.000000	0.000000	0.535188	0.000000
71	tsk_71	(x)	1	:	0.453401	0.000000	0.000000	0.543251	0.000000	0.000003	0.003345	0.000000
72	tsk_72	(x)	1	:	1.000000	0.000000	0.000000	0.000000	0.000000	0.000000	0.000000	0.000000
73	tsk_73	(x)	1	:	1.000000	0.000000	0.000000	0.000000	0.000000	0.000000	0.000000	0.000000
74	tsk_74	(x)	1	:	0.000000	0.000000	0.000000	0.000635	0.000000	0.510796	0.000000	0.488569
75	tsk_75	(x)	1	:	0.000000	0.000000	0.000000	0.000000	0.000000	0.000000	0.000000	1.000000
76	tsk_76	(x)	1	:	0.566393	0.000000	0.000000	0.000000	0.000000	0.433607	0.000000	0.000000
77	tsk_77	(x)	1	:	0.471070	0.000000	0.000000	0.000226	0.000000	0.017871	0.023528	0.487305
78	tsk_78	(x)	1	:	0.466880	0.000000	0.000000	0.000474	0.000000	0.013263	0.031268	0.488116
79	tsk_79	(x)	1	:	0.000000	0.000000	0.000000	0.000000	0.000000	0.000000	0.000000	1.000000
80	tsk_80	(x)	1	:	0.000000	0.285549	0.714451	0.000000	0.000000	0.000000	0.000000	0.000000
81	tsk_81	(x)	1	:	0.000000	0.216412	0.783588	0.000000	0.000000	0.000000	0.000000	0.000000
82	tsk_82	(x)	1	:	0.468255	0.233986	0.264608	0.000000	0.000000	0.005205	0.027945	0.000000
83	tsk_83	(x)	1	:	0.000000	0.000000	0.000000	0.000760	0.000000	0.510756	0.000000	0.488484
84	tsk_84	(x)	1	:	0.000000	0.197948	0.802052	0.000000	0.000000	0.000000	0.000000	0.000000
85	tsk_85	(x)	1	:	0.000000	0.221675	0.279342	0.000753	0.000000	0.008734	0.000000	0.489496
86	tsk_86	(x)	1	:	0.000000	0.498161	0.501839	0.000000	0.000000	0.000000	0.000000	0.000000
87	tsk_87	(x)	1	:	0.000000	0.451973	0.048027	0.000000	0.000000	0.500000	0.000000	0.000000
88	tsk_88	(x)	1	:	0.000000	0.340515	0.659485	0.000000	0.000000	0.000000	0.000000	0.000000
89	tsk_89	(x)	1	:	0.000000	0.000000	0.000000	0.000917	0.000000	0.510705	0.000000	0.488378
90	tsk_90	(x)	1	:	0.483922	0.000000	0.000000	0.000000	0.000000	0.509641	0.006438	0.000000
91	tsk_91	(x)	1	:	0.000000	0.095815	0.396758	0.000000	0.507428	0.000000	0.000000	0.000000
92	tsk_92	(x)	1	:	0.000000	0.285765	0.714235	0.000000	0.000000	0.000000	0.000000	0.000000
93	tsk_93	(x)	1	:	0.000000	0.363335	0.129236	0.000000	0.507426	0.000003	0.000000	0.000000
94	tsk_94	(x)	1	:	0.000000	0.292829	0.207027	0.000000	0.126026	0.374118	0.000000	0.000000
95	tsk_95	(x)	1	:	0.000000	0.187203	0.812797	0.000000	0.000000	0.000000	0.000000	0.000000
96	tsk_96	(x)	1	:	0.000000	0.000000	0.000000	0.000000	0.513682	0.486318	0.000000	0.000000
97	tsk_97	(x)	1	:	0.000000	0.000000	0.000000	0.000000	0.000000	1.000000	0.000000	0.000000
98	tsk_98	(x)	1	:	0.000000	0.390984	0.609016	0.000000	0.000000	0.000000	0.000000	0.000000
99	tsk_99	(x)	1	:	0.000000	0.407554	0.092446	0.000000	0.000000	0.500000	0.000000	0.000000
