logL = -904.929728 (converged)
AIC = 2109.859457
BIC = 2500.634984

count.K
24 76 

