logL = -877.718583 (converged)
AIC = 3763.437166
BIC = 6379.028033

count.K
20 11 11 13 14 16 7 8 

