logL = -1232.834280 (converged)
AIC = 2773.668560
BIC = 3174.864769

count.K
37 63 

