logL = -707.178224 (converged)
AIC = 1694.356449
BIC = 2059.080275

count.K
61 39 

