logL = -530.776008 (converged)
AIC = 1861.552015
BIC = 2903.620090

count.K
15 12 43 30 

