logL = -1205.540733 (converged)
AIC = 3021.081467
BIC = 3815.658373

count.K
52 5 43 

