logL = -710.443861 (converged)
AIC = 2792.887722
BIC = 4580.034470

count.K
23 21 24 5 9 18 

