logL = -535.937417 (converged)
AIC = 3175.874834
BIC = 5916.513870

count.K
1 12 4 11 1 16 1 42 12 

