logL = -1129.805357 (converged)
AIC = 2583.610714
BIC = 3005.648284

count.K
34 66 

