logL = -608.191564 (converged)
AIC = 2766.383128
BIC = 4785.390022

count.K
10 14 27 22 10 1 16 

