logL = -630.748196 (converged)
AIC = 3401.496393
BIC = 6189.028492

count.K
12 6 5 10 9 43 13 1 1 

