logL = -775.894719 (converged)
AIC = 3115.789437
BIC = 5153.032523

count.K
2 21 25 5 10 25 12 

