logL = -897.890737 (converged)
AIC = 3707.781474
BIC = 6198.324171

count.K
7 14 10 46 7 14 1 1 

