logL = -603.590477 (converged)
AIC = 3151.180955
BIC = 5683.406376

count.K
20 9 5 14 14 12 16 10 

