logL = -871.862637 (converged)
AIC = 2583.725274
BIC = 3677.896752

count.K
17 49 28 6 

