logL = -298.138545 (converged)
AIC = 2076.277090
BIC = 4004.103028

count.K
12 20 23 32 8 3 2 

