logL = -1846.332940 (converged)
AIC = 4052.665879
BIC = 4521.596513

count.K
52 48 

