logL = -816.828570 (converged)
AIC = 2449.657139
BIC = 3512.566575

count.K
29 26 11 34 

