logL = -1420.245321 (converged)
AIC = 3450.490643
BIC = 4245.067549

count.K
37 47 16 

