logL = -519.804797 (converged)
AIC = 2069.609593
BIC = 3411.272239

count.K
3 29 3 58 7 

