logL = -390.457864 (converged)
AIC = 2960.915729
BIC = 5800.551231

count.K
2 10 11 12 6 2 5 17 9 26 

