logL = -294.004106 (converged)
AIC = 1852.008213
BIC = 3498.475770

count.K
39 6 7 5 39 4 

