logL = -568.049744 (converged)
AIC = 3396.099488
BIC = 6339.941798

count.K
21 16 3 11 3 10 30 5 0 1 

