0	tsk_0	(x)	1	:	0.000000	0.175960	0.000000	0.488634	0.000000	0.319385	0.000000	0.000000	0.016021	0.000000
1	tsk_1	(x)	1	:	0.000000	0.000000	0.000000	0.000000	0.000000	0.000000	0.000000	1.000000	0.000000	0.000000
2	tsk_2	(x)	1	:	0.000000	0.000000	0.000000	0.000000	0.000000	0.000000	0.000000	0.491698	0.508302	0.000000
3	tsk_3	(x)	1	:	0.000000	0.000000	0.000000	0.421650	0.578350	0.000000	0.000000	0.000000	0.000000	0.000000
4	tsk_4	(x)	1	:	0.000000	0.000000	0.000000	0.000000	0.519609	0.000000	0.000000	0.480391	0.000000	0.000000
5	tsk_5	(x)	1	:	0.479722	0.000000	0.000000	0.000000	0.520278	0.000000	0.000000	0.000000	0.000000	0.000000
6	tsk_6	(x)	1	:	0.000000	0.000000	0.000000	0.000000	0.000000	0.000000	0.000000	0.000000	1.000000	0.000000
7	tsk_7	(x)	1	:	0.000000	0.000000	0.000000	1.000000	0.000000	0.000000	0.000000	0.000000	0.000000	0.000000
8	tsk_8	(x)	1	:	0.507082	0.000000	0.000000	0.492918	0.000000	0.000000	0.000000	0.000000	0.000000	0.000000
9	tsk_9	(x)	1	:	0.000000	0.448217	0.000000	0.000000	0.000000	0.046644	0.000000	0.491243	0.013896	0.000000
10	tsk_10	(x)	1	:	0.000000	0.087390	0.000000	0.528929	0.000000	0.382669	0.000000	0.000000	0.001011	0.000000
11	tsk_11	(x)	1	:	0.000000	0.116475	0.000000	0.528939	0.000000	0.353652	0.000000	0.000000	0.000934	0.000000
12	tsk_12	(x)	1	:	0.000000	0.000000	0.000000	1.000000	0.000000	0.000000	0.000000	0.000000	0.000000	0.000000
13	tsk_13	(x)	1	:	0.000000	0.000000	0.000000	1.000000	0.000000	0.000000	0.000000	0.000000	0.000000	0.000000
14	tsk_14	(x)	1	:	0.498744	0.156145	0.000000	0.000000	0.000000	0.334926	0.000000	0.000000	0.010185	0.000000
15	tsk_15	(x)	1	:	0.000000	0.141242	0.000000	0.000000	0.000000	0.358758	0.000000	0.000000	0.500000	0.000000
16	tsk_16	(x)	1	:	0.500000	0.000000	0.000000	0.000000	0.000000	0.000000	0.000000	0.000000	0.500000	0.000000
17	tsk_17	(x)	1	:	0.000000	0.000000	0.000000	1.000000	0.000000	0.000000	0.000000	0.000000	0.000000	0.000000
18	tsk_18	(x)	1	:	0.000000	0.304807	0.000000	0.000000	0.000000	0.695193	0.000000	0.000000	0.000000	0.000000
19	tsk_19	(x)	1	:	0.000000	0.000000	0.000000	0.478857	0.000000	0.000000	0.000015	0.000000	0.000000	0.521128
20	tsk_20	(x)	1	:	0.000000	0.352786	0.000000	0.000000	0.000000	0.647214	0.000000	0.000000	0.000000	0.000000
21	tsk_21	(x)	1	:	0.533950	0.000000	0.466050	0.000000	0.000000	0.000000	0.000000	0.000000	0.000000	0.000000
22	tsk_22	(x)	1	:	0.000000	0.216210	0.000000	0.000000	0.433652	0.275261	0.064218	0.000000	0.010659	0.000000
23	tsk_23	(x)	1	:	0.000000	0.198665	0.000000	0.000000	0.000000	0.801335	0.000000	0.000000	0.000000	0.000000
24	tsk_24	(x)	1	:	0.000003	0.000000	0.493339	0.000000	0.000000	0.000000	0.006245	0.000000	0.000000	0.500413
25	tsk_25	(x)	1	:	0.000000	0.100566	0.000000	0.000000	0.000000	0.393821	0.000012	0.000000	0.006406	0.499196
26	tsk_26	(x)	1	:	0.000005	0.000000	0.500647	0.499341	0.000000	0.000000	0.000008	0.000000	0.000000	0.000000
27	tsk_27	(x)	1	:	0.000000	0.095047	0.000000	0.000000	0.000000	0.398376	0.000018	0.000000	0.007503	0.499056
28	tsk_28	(x)	1	:	0.499998	0.000000	0.000000	0.000000	0.000000	0.000000	0.000019	0.000000	0.000000	0.499983
29	tsk_29	(x)	1	:	0.000000	0.201791	0.000000	0.000000	0.000000	0.798209	0.000000	0.000000	0.000000	0.000000
30	tsk_30	(x)	1	:	0.000000	0.000000	0.000000	0.000000	0.528385	0.000000	0.000000	0.000000	0.471614	0.000000
31	tsk_31	(x)	1	:	0.000000	0.000000	0.000000	0.000000	0.528385	0.000000	0.000000	0.000000	0.471614	0.000000
32	tsk_32	(x)	1	:	0.503362	0.000000	0.000000	0.000000	0.459537	0.000000	0.037100	0.000000	0.000000	0.000000
33	tsk_33	(x)	1	:	0.000000	0.000000	0.000000	0.000000	0.432822	0.000000	0.066581	0.000000	0.500597	0.000000
34	tsk_34	(x)	1	:	0.000000	0.000000	0.000000	0.000000	0.429190	0.000000	0.570801	0.000000	0.000000	0.000010
35	tsk_35	(x)	1	:	0.000000	0.000000	0.000000	0.000000	0.643091	0.000000	0.356909	0.000000	0.000000	0.000000
36	tsk_36	(x)	1	:	0.000000	0.230406	0.000000	0.000000	0.433310	0.259763	0.064405	0.000000	0.012115	0.000000
37	tsk_37	(x)	1	:	1.000000	0.000000	0.000000	0.000000	0.000000	0.000000	0.000000	0.000000	0.000000	0.000000
38	tsk_38	(x)	1	:	0.000000	0.000000	0.000000	0.000000	0.000000	0.000000	0.500000	0.000000	0.500000	0.000000
39	tsk_39	(x)	1	:	0.000000	0.201921	0.000000	0.000000	0.000000	0.298079	0.000000	0.000000	0.500000	0.000000
40	tsk_40	(x)	1	:	0.507082	0.000000	0.000000	0.492918	0.000000	0.000000	0.000000	0.000000	0.000000	0.000000
41	tsk_41	(x)	1	:	0.763020	0.000000	0.236980	0.000000	0.000000	0.000000	0.000000	0.000000	0.000000	0.000000
42	tsk_42	(x)	1	:	0.286635	0.000000	0.169858	0.000000	0.000000	0.000000	0.543508	0.000000	0.000000	0.000000
43	tsk_43	(x)	1	:	0.286231	0.000000	0.170314	0.000000	0.429507	0.000000	0.113949	0.000000	0.000000	0.000000
44	tsk_44	(x)	1	:	0.288425	0.000000	0.175856	0.535719	0.000000	0.000000	0.000000	0.000000	0.000000	0.000000
45	tsk_45	(x)	1	:	0.000000	0.000000	0.000000	0.468413	0.000000	0.000000	0.531587	0.000000	0.000000	0.000000
46	tsk_46	(x)	1	:	0.306543	0.000000	0.221801	0.000000	0.000000	0.000000	0.471656	0.000000	0.000000	0.000000
47	tsk_47	(x)	1	:	0.307245	0.000000	0.222207	0.000000	0.439049	0.000000	0.031499	0.000000	0.000000	0.000000
48	tsk_48	(x)	1	:	0.498736	0.231807	0.000000	0.000000	0.000000	0.259208	0.000000	0.000000	0.010249	0.000000
49	tsk_49	(x)	1	:	0.000000	0.000000	0.000000	0.489389	0.000000	0.000000	0.000000	0.000000	0.510611	0.000000
50	tsk_50	(x)	1	:	0.000000	0.000000	0.000000	0.000000	0.429105	0.000000	0.570894	0.000000	0.000000	0.000000
51	tsk_51	(x)	1	:	0.498768	0.225088	0.000000	0.000000	0.000000	0.266158	0.000000	0.000000	0.009986	0.000000
52	tsk_52	(x)	1	:	0.000000	0.168343	0.000000	0.000000	0.433979	0.322212	0.063691	0.000000	0.011775	0.000000
53	tsk_53	(x)	1	:	0.000000	0.000000	0.000000	0.468436	0.000000	0.000000	0.531564	0.000000	0.000000	0.000000
54	tsk_54	(x)	1	:	0.000000	0.252712	0.000000	0.488540	0.000000	0.242053	0.000000	0.000000	0.016695	0.000000
55	tsk_55	(x)	1	:	0.000000	0.000000	0.000000	0.000000	0.483646	0.000000	0.000000	0.516354	0.000000	0.000000
56	tsk_56	(x)	1	:	1.000000	0.000000	0.000000	0.000000	0.000000	0.000000	0.000000	0.000000	0.000000	0.000000
57	tsk_57	(x)	1	:	0.500001	0.000000	0.000000	0.000000	0.000000	0.000000	0.499976	0.000000	0.000000	0.000023
58	tsk_58	(x)	1	:	0.000000	0.000000	0.000000	0.000000	0.429153	0.000000	0.570846	0.000000	0.000000	0.000000
59	tsk_59	(x)	1	:	0.000000	0.000000	0.000000	0.000000	0.000000	0.000000	0.488355	0.511618	0.000000	0.000027
60	tsk_60	(x)	1	:	0.498834	0.262357	0.000000	0.000000	0.000000	0.229367	0.000000	0.000000	0.009441	0.000000
61	tsk_61	(x)	1	:	0.303416	0.190516	0.229584	0.000000	0.000000	0.275978	0.000000	0.000000	0.000505	0.000000
62	tsk_62	(x)	1	:	0.798476	0.000000	0.201524	0.000000	0.000000	0.000000	0.000000	0.000000	0.000000	0.000000
63	tsk_63	(x)	1	:	0.000000	0.178343	0.000000	0.000000	0.000000	0.821657	0.000000	0.000000	0.000000	0.000000
64	tsk_64	(x)	1	:	0.798476	0.000000	0.201524	0.000000	0.000000	0.000000	0.000000	0.000000	0.000000	0.000000
65	tsk_65	(x)	1	:	0.500653	0.000000	0.000000	0.000000	0.435247	0.000000	0.064100	0.000000	0.000000	0.000000
66	tsk_66	(x)	1	:	0.000000	0.067618	0.000000	0.000000	0.000000	0.432382	0.000000	0.000000	0.500000	0.000000
67	tsk_67	(x)	1	:	0.000000	0.121406	0.000000	0.488574	0.000000	0.373569	0.000000	0.000000	0.016451	0.000000
68	tsk_68	(x)	1	:	0.217993	0.000000	0.340739	0.441267	0.000000	0.000000	0.000000	0.000000	0.000000	0.000000
69	tsk_69	(x)	1	:	0.500000	0.000000	0.000000	0.000000	0.000000	0.000000	0.000000	0.000000	0.500000	0.000000
70	tsk_70	(x)	1	:	0.000000	0.000000	0.000000	0.000000	1.000000	0.000000	0.000000	0.000000	0.000000	0.000000
71	tsk_71	(x)	1	:	0.000000	0.193863	0.000000	0.000000	0.000000	0.806137	0.000000	0.000000	0.000000	0.000000
72	tsk_72	(x)	1	:	0.000000	0.000000	0.000000	0.000000	0.000000	0.000000	0.000000	1.000000	0.000000	0.000000
73	tsk_73	(x)	1	:	0.000000	0.000000	0.000000	0.000000	0.000000	0.000000	0.000000	1.000000	0.000000	0.000000
74	tsk_74	(x)	1	:	0.000000	0.157467	0.000000	0.000000	0.433080	0.333477	0.064798	0.000000	0.011178	0.000000
75	tsk_75	(x)	1	:	0.000000	0.115958	0.000000	0.000000	0.433105	0.374548	0.064698	0.000000	0.011691	0.000000
76	tsk_76	(x)	1	:	0.000000	0.174798	0.000000	0.000000	0.432751	0.316562	0.065247	0.000000	0.010641	0.000000
77	tsk_77	(x)	1	:	0.000005	0.103417	0.490703	0.000000	0.000000	0.392579	0.000000	0.000000	0.013296	0.000000
78	tsk_78	(x)	1	:	0.000007	0.000000	0.502080	0.000000	0.000000	0.000000	0.000000	0.497913	0.000000	0.000000
79	tsk_79	(x)	1	:	0.000003	0.000000	0.493351	0.000000	0.429674	0.000000	0.076971	0.000000	0.000000	0.000000
80	tsk_80	(x)	1	:	1.000000	0.000000	0.000000	0.000000	0.000000	0.000000	0.000000	0.000000	0.000000	0.000000
81	tsk_81	(x)	1	:	0.500000	0.000000	0.000000	0.000000	0.000000	0.000000	0.000000	0.000000	0.500000	0.000000
82	tsk_82	(x)	1	:	0.500348	0.000000	0.000000	0.000000	0.432406	0.000000	0.067246	0.000000	0.000000	0.000000
83	tsk_83	(x)	1	:	1.000000	0.000000	0.000000	0.000000	0.000000	0.000000	0.000000	0.000000	0.000000	0.000000
84	tsk_84	(x)	1	:	1.000000	0.000000	0.000000	0.000000	0.000000	0.000000	0.000000	0.000000	0.000000	0.000000
85	tsk_85	(x)	1	:	0.498722	0.187957	0.000000	0.000000	0.000000	0.302960	0.000000	0.000000	0.010360	0.000000
86	tsk_86	(x)	1	:	0.500000	0.000000	0.000000	0.000000	0.000000	0.000000	0.000000	0.000000	0.500000	0.000000
87	tsk_87	(x)	1	:	0.000000	0.152919	0.000000	0.528944	0.000000	0.317246	0.000000	0.000000	0.000891	0.000000
88	tsk_88	(x)	1	:	1.000000	0.000000	0.000000	0.000000	0.000000	0.000000	0.000000	0.000000	0.000000	0.000000
89	tsk_89	(x)	1	:	0.000000	0.000000	0.000000	1.000000	0.000000	0.000000	0.000000	0.000000	0.000000	0.000000
90	tsk_90	(x)	1	:	0.000000	0.000000	0.000000	1.000000	0.000000	0.000000	0.000000	0.000000	0.000000	0.000000
91	tsk_91	(x)	1	:	0.000000	0.000000	0.000000	1.000000	0.000000	0.000000	0.000000	0.000000	0.000000	0.000000
92	tsk_92	(x)	1	:	0.000000	0.000000	0.000000	1.000000	0.000000	0.000000	0.000000	0.000000	0.000000	0.000000
93	tsk_93	(x)	1	:	0.000000	0.276099	0.000000	0.000000	0.000000	0.723901	0.000000	0.000000	0.000000	0.000000
94	tsk_94	(x)	1	:	0.000000	0.000000	0.000000	0.468416	0.000000	0.000000	0.531584	0.000000	0.000000	0.000000
95	tsk_95	(x)	1	:	0.000000	0.000000	0.000000	0.468444	0.000000	0.000000	0.531546	0.000000	0.000000	0.000009
96	tsk_96	(x)	1	:	0.000000	0.000000	0.000000	1.000000	0.000000	0.000000	0.000000	0.000000	0.000000	0.000000
97	tsk_97	(x)	1	:	0.000000	0.000000	0.000000	1.000000	0.000000	0.000000	0.000000	0.000000	0.000000	0.000000
98	tsk_98	(x)	1	:	0.000000	0.000000	0.000000	1.000000	0.000000	0.000000	0.000000	0.000000	0.000000	0.000000
99	tsk_99	(x)	1	:	0.000000	0.111969	0.000000	0.488604	0.000000	0.383194	0.000000	0.000000	0.016232	0.000000
