logL = -1143.620714 (converged)
AIC = 4727.241427
BIC = 7905.549054

count.K
9 5 2 18 11 27 12 6 9 1 

