logL = -345.882703 (converged)
AIC = 2991.765407
BIC = 5987.711120

count.K
0 9 12 9 15 6 5 4 39 1 

