0	tsk_0	(x)	1	:	0.498127	0.000000	0.000000	0.000000	0.000000	0.000000	0.000000	0.501873	0.000000	0.000000
1	tsk_1	(x)	1	:	0.000000	0.000000	0.000000	0.000000	0.000000	0.000000	0.000000	1.000000	0.000000	0.000000
2	tsk_2	(x)	1	:	0.000000	0.000000	0.000000	0.515924	0.000000	0.000000	0.000000	0.484076	0.000000	0.000000
3	tsk_3	(x)	1	:	0.512234	0.000084	0.000000	0.487637	0.000045	0.000000	0.000000	0.000000	0.000000	0.000000
4	tsk_4	(x)	1	:	0.071550	0.000000	0.000000	0.000000	0.000000	0.177168	0.000000	0.000000	0.000000	0.751282
5	tsk_5	(x)	1	:	0.148792	0.000000	0.000000	0.000000	0.000000	0.246772	0.000000	0.000001	0.000000	0.604435
6	tsk_6	(x)	1	:	0.000000	0.000000	0.000000	0.000000	0.000000	0.000000	0.000000	0.498672	0.000000	0.501328
7	tsk_7	(x)	1	:	0.000000	0.000000	0.000000	1.000000	0.000000	0.000000	0.000000	0.000000	0.000000	0.000000
8	tsk_8	(x)	1	:	0.000000	0.000000	0.000000	0.000000	0.000000	0.379433	0.000000	0.620567	0.000000	0.000000
9	tsk_9	(x)	1	:	0.000000	0.000000	0.000000	0.501422	0.000000	0.000000	0.000000	0.498578	0.000000	0.000000
10	tsk_10	(x)	1	:	0.000000	0.002185	0.498909	0.000000	0.000518	0.498388	0.000000	0.000000	0.000000	0.000000
11	tsk_11	(x)	1	:	0.000000	0.324178	0.500710	0.000000	0.175113	0.000000	0.000000	0.000000	0.000000	0.000000
12	tsk_12	(x)	1	:	0.000000	0.002309	0.498770	0.000000	0.000583	0.498338	0.000000	0.000000	0.000000	0.000000
13	tsk_13	(x)	1	:	0.000000	0.002114	0.499121	0.000000	0.000301	0.498464	0.000000	0.000000	0.000000	0.000000
14	tsk_14	(x)	1	:	0.000000	0.000000	0.509494	0.490506	0.000000	0.000000	0.000000	0.000000	0.000000	0.000000
15	tsk_15	(x)	1	:	0.000000	0.000000	0.000000	1.000000	0.000000	0.000000	0.000000	0.000000	0.000000	0.000000
16	tsk_16	(x)	1	:	0.000000	0.000000	0.509494	0.490506	0.000000	0.000000	0.000000	0.000000	0.000000	0.000000
17	tsk_17	(x)	1	:	0.000000	0.000000	0.000000	1.000000	0.000000	0.000000	0.000000	0.000000	0.000000	0.000000
18	tsk_18	(x)	1	:	0.000000	0.000000	1.000000	0.000000	0.000000	0.000000	0.000000	0.000000	0.000000	0.000000
19	tsk_19	(x)	1	:	0.000000	0.362584	0.000000	0.494608	0.142808	0.000000	0.000000	0.000000	0.000000	0.000000
20	tsk_20	(x)	1	:	0.000000	0.000000	0.000000	0.000000	0.000000	0.000000	0.000000	0.000000	0.000000	1.000000
21	tsk_21	(x)	1	:	0.478838	0.000000	0.000000	0.000000	0.000000	0.521162	0.000000	0.000000	0.000000	0.000000
22	tsk_22	(x)	1	:	0.546043	0.000000	0.000000	0.000000	0.000000	0.000000	0.000000	0.000000	0.000000	0.453957
23	tsk_23	(x)	1	:	0.000000	0.144647	0.000000	0.000000	0.339884	0.000000	0.000000	0.515468	0.000000	0.000000
24	tsk_24	(x)	1	:	0.364487	0.000000	0.000000	0.000000	0.000000	0.000000	0.000000	0.635513	0.000000	0.000000
25	tsk_25	(x)	1	:	0.000000	0.000000	0.000000	0.000000	0.000000	0.569190	0.000000	0.000000	0.000000	0.430810
26	tsk_26	(x)	1	:	0.546043	0.000000	0.000000	0.000000	0.000000	0.000000	0.000000	0.000000	0.000000	0.453957
27	tsk_27	(x)	1	:	0.000000	0.000000	0.000000	0.000000	0.000000	0.000000	0.000000	0.547828	0.000000	0.452172
28	tsk_28	(x)	1	:	0.000000	0.113051	0.000000	0.000000	0.388169	0.498779	0.000000	0.000000	0.000000	0.000000
29	tsk_29	(x)	1	:	1.000000	0.000000	0.000000	0.000000	0.000000	0.000000	0.000000	0.000000	0.000000	0.000000
30	tsk_30	(x)	1	:	0.495922	0.060001	0.000000	0.000000	0.444077	0.000000	0.000000	0.000000	0.000000	0.000000
31	tsk_31	(x)	1	:	0.000000	0.500314	0.499686	0.000000	0.000000	0.000000	0.000000	0.000000	0.000000	0.000000
32	tsk_32	(x)	1	:	0.000000	0.000000	0.000000	0.000000	0.000000	0.569190	0.000000	0.000000	0.000000	0.430810
33	tsk_33	(x)	1	:	0.000000	0.046323	0.000000	0.000000	0.454728	0.000000	0.000000	0.000000	0.498948	0.000000
34	tsk_34	(x)	1	:	0.000000	0.032873	0.000000	0.000000	0.468179	0.000000	0.000000	0.000000	0.498948	0.000000
35	tsk_35	(x)	1	:	0.000000	0.025653	0.000000	0.000000	0.475398	0.000000	0.000000	0.000000	0.498948	0.000000
36	tsk_36	(x)	1	:	0.000000	0.000000	0.000000	0.000000	0.000000	0.000000	0.000000	0.000000	0.000000	1.000000
37	tsk_37	(x)	1	:	0.000000	0.000000	0.000000	0.000000	1.000000	0.000000	0.000000	0.000000	0.000000	0.000000
38	tsk_38	(x)	1	:	0.495922	0.031276	0.000000	0.000000	0.472802	0.000000	0.000000	0.000000	0.000000	0.000000
39	tsk_39	(x)	1	:	0.000000	0.013763	0.000000	0.000000	0.487289	0.000000	0.000000	0.000000	0.498948	0.000000
40	tsk_40	(x)	1	:	0.000000	0.017476	0.000000	0.000000	0.483576	0.000000	0.000000	0.000000	0.498948	0.000000
41	tsk_41	(x)	1	:	1.000000	0.000000	0.000000	0.000000	0.000000	0.000000	0.000000	0.000000	0.000000	0.000000
42	tsk_42	(x)	1	:	0.000000	0.212542	0.000000	0.000000	0.787458	0.000000	0.000000	0.000000	0.000000	0.000000
43	tsk_43	(x)	1	:	0.495787	0.003429	0.499619	0.000000	0.001166	0.000000	0.000000	0.000000	0.000000	0.000000
44	tsk_44	(x)	1	:	0.000000	0.116971	0.000000	0.000000	0.369290	0.000000	0.000000	0.513739	0.000000	0.000000
45	tsk_45	(x)	1	:	0.000000	0.064765	0.000000	0.000000	0.440372	0.000000	0.000000	0.494862	0.000000	0.000000
46	tsk_46	(x)	1	:	0.495922	0.113198	0.000000	0.000000	0.390880	0.000000	0.000000	0.000000	0.000000	0.000000
47	tsk_47	(x)	1	:	0.000000	0.000000	0.000000	0.000000	0.000000	0.000000	0.000000	1.000000	0.000000	0.000000
48	tsk_48	(x)	1	:	0.512262	0.000000	0.000000	0.487738	0.000000	0.000000	0.000000	0.000000	0.000000	0.000000
49	tsk_49	(x)	1	:	0.000000	0.003774	0.499599	0.000000	0.001908	0.000000	0.000000	0.494718	0.000000	0.000000
50	tsk_50	(x)	1	:	0.000000	0.000000	0.000000	1.000000	0.000000	0.000000	0.000000	0.000000	0.000000	0.000000
51	tsk_51	(x)	1	:	0.638832	0.000000	0.000000	0.000000	0.000000	0.000000	0.000000	0.000000	0.000000	0.361168
52	tsk_52	(x)	1	:	0.000000	0.006032	0.000000	0.493634	0.001170	0.000000	0.000000	0.000000	0.499164	0.000000
53	tsk_53	(x)	1	:	0.000000	0.005884	0.000000	0.493536	0.001443	0.000000	0.000000	0.000000	0.499137	0.000000
54	tsk_54	(x)	1	:	0.000000	0.000000	0.000000	1.000000	0.000000	0.000000	0.000000	0.000000	0.000000	0.000000
55	tsk_55	(x)	1	:	0.000000	0.006400	0.000000	0.493233	0.001316	0.000000	0.000000	0.000000	0.499051	0.000000
56	tsk_56	(x)	1	:	0.638832	0.000000	0.000000	0.000000	0.000000	0.000000	0.000000	0.000000	0.000000	0.361168
57	tsk_57	(x)	1	:	0.000000	0.000000	0.000000	0.513536	0.000000	0.000000	0.000000	0.000000	0.486464	0.000000
58	tsk_58	(x)	1	:	0.000000	0.005331	0.000000	0.493214	0.002410	0.000000	0.000000	0.000000	0.499045	0.000000
59	tsk_59	(x)	1	:	0.638832	0.000000	0.000000	0.000000	0.000000	0.000000	0.000000	0.000000	0.000000	0.361168
60	tsk_60	(x)	1	:	0.000000	0.000000	0.000000	0.000000	0.000000	0.000000	0.000000	0.000000	0.000000	1.000000
61	tsk_61	(x)	1	:	0.000000	0.057681	0.000000	0.000000	0.431611	0.000000	0.000000	0.000000	0.000000	0.510708
62	tsk_62	(x)	1	:	0.000000	0.019566	0.000000	0.000000	0.469726	0.000000	0.000000	0.000000	0.000000	0.510708
63	tsk_63	(x)	1	:	0.000000	0.000000	0.000000	0.000000	0.000000	0.000000	0.000000	0.000000	0.000000	1.000000
64	tsk_64	(x)	1	:	0.000000	0.000000	0.000000	0.000000	0.000000	0.428880	0.000000	0.000000	0.000000	0.571120
65	tsk_65	(x)	1	:	0.000000	0.078906	0.000000	0.000000	0.422315	0.498779	0.000000	0.000000	0.000000	0.000000
66	tsk_66	(x)	1	:	0.000000	0.000000	0.000000	0.000000	0.000000	0.000000	0.000000	0.267219	0.000000	0.732781
67	tsk_67	(x)	1	:	0.000000	0.000000	0.000000	0.000000	0.000000	0.428880	0.000000	0.000000	0.000000	0.571120
68	tsk_68	(x)	1	:	0.000000	0.000012	0.492025	0.000000	0.000000	0.000000	0.000000	0.000000	0.000000	0.507963
69	tsk_69	(x)	1	:	0.000000	0.000000	0.000000	0.000000	0.000000	0.000000	0.000000	0.000000	0.000000	1.000000
70	tsk_70	(x)	1	:	0.000000	0.000000	0.000000	0.000000	0.000000	1.000000	0.000000	0.000000	0.000000	0.000000
71	tsk_71	(x)	1	:	0.000000	0.121958	0.000000	0.000000	0.379262	0.498779	0.000000	0.000000	0.000000	0.000000
72	tsk_72	(x)	1	:	0.000000	0.000000	0.000000	0.000000	0.000000	0.000000	0.000000	0.000000	0.000000	1.000000
73	tsk_73	(x)	1	:	0.000000	0.123436	0.000000	0.000000	0.381702	0.000000	0.000000	0.494862	0.000000	0.000000
74	tsk_74	(x)	1	:	0.000000	0.036816	0.000000	0.000000	0.464236	0.000000	0.000000	0.000000	0.498948	0.000000
75	tsk_75	(x)	1	:	0.000000	0.101517	0.000000	0.000000	0.399704	0.498779	0.000000	0.000000	0.000000	0.000000
76	tsk_76	(x)	1	:	0.070780	0.030078	0.000000	0.000000	0.494673	0.172892	0.000000	0.041834	0.189743	0.000000
77	tsk_77	(x)	1	:	0.000000	0.104148	0.000000	0.000000	0.396903	0.000000	0.000000	0.000000	0.498948	0.000000
78	tsk_78	(x)	1	:	0.000000	0.014049	0.000000	0.000000	0.487002	0.000000	0.000000	0.000000	0.498948	0.000000
79	tsk_79	(x)	1	:	0.000000	0.000000	0.000000	0.000000	0.000000	0.569190	0.000000	0.000000	0.000000	0.430810
80	tsk_80	(x)	1	:	0.000000	0.000000	0.000000	0.000000	0.000000	0.252773	0.000000	0.000000	0.000000	0.747227
81	tsk_81	(x)	1	:	0.000000	0.000008	0.000000	0.485337	0.000004	0.000000	0.000000	0.000000	0.514652	0.000000
82	tsk_82	(x)	1	:	0.000000	0.000002	0.000000	0.484300	0.000026	0.224450	0.000000	0.000000	0.291222	0.000000
83	tsk_83	(x)	1	:	0.000000	0.000000	0.000000	0.000000	0.000000	0.569190	0.000000	0.000000	0.000000	0.430810
84	tsk_84	(x)	1	:	0.496160	0.008985	0.000000	0.493713	0.001142	0.000000	0.000000	0.000000	0.000000	0.000000
85	tsk_85	(x)	1	:	0.382461	0.000000	0.000000	0.000000	0.000000	0.300364	0.000000	0.000000	0.000000	0.317174
86	tsk_86	(x)	1	:	0.000000	0.002144	0.498910	0.000000	0.000558	0.498388	0.000000	0.000000	0.000000	0.000000
87	tsk_87	(x)	1	:	0.496188	0.008401	0.000000	0.493813	0.001599	0.000000	0.000000	0.000000	0.000000	0.000000
88	tsk_88	(x)	1	:	0.000000	0.000001	0.000000	0.484300	0.000026	0.224450	0.000000	0.000000	0.291222	0.000000
89	tsk_89	(x)	1	:	0.000000	0.507300	0.000000	0.492700	0.000000	0.000000	0.000000	0.000000	0.000000	0.000000
90	tsk_90	(x)	1	:	0.000000	0.001924	0.499055	0.000000	0.000409	0.000000	0.000000	0.000000	0.498612	0.000000
91	tsk_91	(x)	1	:	0.000000	0.000000	1.000000	0.000000	0.000000	0.000000	0.000000	0.000000	0.000000	0.000000
92	tsk_92	(x)	1	:	0.000000	0.000000	0.500309	0.000000	0.000000	0.000000	0.499691	0.000000	0.000000	0.000000
93	tsk_93	(x)	1	:	0.000000	0.003357	0.499790	0.000000	0.002066	0.000000	0.000000	0.494787	0.000000	0.000000
94	tsk_94	(x)	1	:	0.000000	0.002033	0.498830	0.000000	0.000606	0.000000	0.000000	0.000000	0.498531	0.000000
95	tsk_95	(x)	1	:	0.000000	0.000000	1.000000	0.000000	0.000000	0.000000	0.000000	0.000000	0.000000	0.000000
96	tsk_96	(x)	1	:	0.495884	0.002513	0.499891	0.000000	0.001712	0.000000	0.000000	0.000000	0.000000	0.000000
97	tsk_97	(x)	1	:	0.000000	0.000000	1.000000	0.000000	0.000000	0.000000	0.000000	0.000000	0.000000	0.000000
98	tsk_98	(x)	1	:	0.000000	0.000000	0.383232	0.000000	0.000000	0.454693	0.162075	0.000000	0.000000	0.000000
99	tsk_99	(x)	1	:	0.000000	0.359484	0.501323	0.000000	0.139193	0.000000	0.000000	0.000000	0.000000	0.000000
