logL = -456.740305 (converged)
AIC = 2519.480610
BIC = 4611.432269

count.K
23 17 3 27 11 12 7 

