logL = -557.724554 (converged)
AIC = 2963.449109
BIC = 5370.626361

count.K
7 30 17 10 21 1 8 6 

