logL = -511.758014 (converged)
AIC = 3019.516029
BIC = 5619.475874

count.K
10 23 0 6 23 9 3 7 19 

