logL = -847.809429 (converged)
AIC = 2705.618857
BIC = 4021.229801

count.K
19 27 21 8 25 

