logL = -794.671404 (converged)
AIC = 2109.342808
BIC = 2786.687057

count.K
30 32 38 

