logL = -963.940225 (converged)
AIC = 4327.880450
BIC = 7454.084673

count.K
6 3 8 4 15 20 11 18 1 14 

