logL = -803.135967 (converged)
AIC = 2502.271935
BIC = 3669.388178

count.K
43 14 20 23 

