logL = -465.283486 (converged)
AIC = 1910.566973
BIC = 3187.100364

count.K
7 31 6 10 46 

