logL = -865.107520 (converged)
AIC = 2602.215040
BIC = 3738.069241

count.K
21 29 22 28 

