logL = -1472.122462 (converged)
AIC = 3276.244924
BIC = 3708.703175

count.K
38 62 

