logL = -539.017730 (converged)
AIC = 2958.035461
BIC = 5406.895436

count.K
8 10 7 4 10 6 48 7 

