logL = -891.749150 (converged)
AIC = 3179.498300
BIC = 4997.907089

count.K
40 2 29 19 3 7 

