logL = -755.009498 (converged)
AIC = 2310.018995
BIC = 3352.087070

count.K
16 22 30 32 

