logL = -789.708474 (converged)
AIC = 2379.416947
BIC = 3421.485021

count.K
23 35 32 10 

