logL = -979.043288 (converged)
AIC = 2266.086575
BIC = 2667.282784

count.K
42 58 

