logL = -498.558902 (converged)
AIC = 2477.117803
BIC = 4404.943741

count.K
5 2 12 30 40 4 7 

