logL = -987.328482 (converged)
AIC = 2554.656963
BIC = 3310.156317

count.K
9 56 35 

