logL = -1005.045882 (converged)
AIC = 3986.091764
BIC = 6559.999907

count.K
31 15 10 4 5 28 2 5 

