0	tsk_0	(x)	1	:	0.000000	0.000000	0.501821	0.000000	0.000000	0.000000	0.000000	0.000015	0.000000	0.498164
1	tsk_1	(x)	1	:	0.500000	0.000000	0.000000	0.000000	0.205999	0.000000	0.000000	0.000000	0.000000	0.294001
2	tsk_2	(x)	1	:	0.000000	0.000000	0.501819	0.000000	0.173000	0.000000	0.000000	0.000018	0.000000	0.325163
3	tsk_3	(x)	1	:	0.482722	0.000000	0.000000	0.000000	0.000000	0.000000	0.517278	0.000000	0.000000	0.000000
4	tsk_4	(x)	1	:	0.500000	0.000000	0.000000	0.000000	0.147943	0.000000	0.000000	0.000000	0.000000	0.352057
5	tsk_5	(x)	1	:	0.000000	0.000000	0.501815	0.000000	0.238951	0.000000	0.000000	0.000022	0.000000	0.259212
6	tsk_6	(x)	1	:	0.000000	0.000000	0.501831	0.000000	0.175416	0.000000	0.000000	0.000004	0.000000	0.322749
7	tsk_7	(x)	1	:	1.000000	0.000000	0.000000	0.000000	0.000000	0.000000	0.000000	0.000000	0.000000	0.000000
8	tsk_8	(x)	1	:	1.000000	0.000000	0.000000	0.000000	0.000000	0.000000	0.000000	0.000000	0.000000	0.000000
9	tsk_9	(x)	1	:	0.000000	0.000000	0.000000	0.000000	0.297134	0.000000	0.000000	0.000000	0.000000	0.702866
10	tsk_10	(x)	1	:	0.000000	0.000000	0.000000	0.054920	0.055930	0.000000	0.000000	0.000000	0.433208	0.455942
11	tsk_11	(x)	1	:	0.000000	0.000000	0.000000	0.487317	0.003668	0.000000	0.506295	0.000000	0.000000	0.002719
12	tsk_12	(x)	1	:	0.000000	0.000000	0.000000	0.487321	0.003815	0.000000	0.506296	0.000000	0.000000	0.002569
13	tsk_13	(x)	1	:	0.000000	0.000000	0.000000	0.000000	0.000000	0.000000	0.000000	0.000000	1.000000	0.000000
14	tsk_14	(x)	1	:	0.000000	0.000000	0.000000	1.000000	0.000000	0.000000	0.000000	0.000000	0.000000	0.000000
15	tsk_15	(x)	1	:	0.000000	0.000000	0.000000	0.053870	0.005775	0.000000	0.506222	0.000000	0.433092	0.001041
16	tsk_16	(x)	1	:	0.000000	0.000000	0.000000	1.000000	0.000000	0.000000	0.000000	0.000000	0.000000	0.000000
17	tsk_17	(x)	1	:	0.000000	0.000000	0.000000	1.000000	0.000000	0.000000	0.000000	0.000000	0.000000	0.000000
18	tsk_18	(x)	1	:	0.000000	0.478203	0.000000	0.054106	0.015983	0.000000	0.000000	0.000000	0.433386	0.018322
19	tsk_19	(x)	1	:	0.000000	0.000000	0.000000	0.487370	0.004612	0.000000	0.506306	0.000000	0.000000	0.001712
20	tsk_20	(x)	1	:	0.178072	0.000000	0.000000	0.488179	0.046348	0.000000	0.247657	0.000000	0.000000	0.039745
21	tsk_21	(x)	1	:	0.178066	0.000000	0.000000	0.488182	0.055095	0.000000	0.247663	0.000000	0.000000	0.030994
22	tsk_22	(x)	1	:	0.000000	0.000000	0.000000	1.000000	0.000000	0.000000	0.000000	0.000000	0.000000	0.000000
23	tsk_23	(x)	1	:	0.000000	0.000000	0.000000	0.054278	0.000000	0.000000	0.000000	0.488123	0.433729	0.023870
24	tsk_24	(x)	1	:	0.000000	0.000000	0.000000	0.000000	0.000000	0.000000	0.000000	1.000000	0.000000	0.000000
25	tsk_25	(x)	1	:	0.000000	0.000000	0.000000	0.488245	0.250238	0.000000	0.000000	0.000000	0.000000	0.261517
26	tsk_26	(x)	1	:	0.000000	0.000000	0.000000	0.488241	0.223584	0.000000	0.000000	0.000000	0.000000	0.288175
27	tsk_27	(x)	1	:	0.178066	0.000000	0.000000	0.488184	0.054893	0.000000	0.247664	0.000000	0.000000	0.031194
28	tsk_28	(x)	1	:	0.177145	0.000000	0.000000	0.488764	0.044257	0.000000	0.248696	0.000000	0.000000	0.041138
29	tsk_29	(x)	1	:	0.000000	0.478691	0.000000	0.000000	0.050603	0.000000	0.000000	0.000000	0.000000	0.470706
30	tsk_30	(x)	1	:	0.000000	0.000000	0.000000	0.000000	0.116146	0.000000	0.000000	0.000000	0.000000	0.883853
31	tsk_31	(x)	1	:	0.000000	0.000000	0.000000	0.054889	0.268357	0.000000	0.000000	0.000000	0.433224	0.243529
32	tsk_32	(x)	1	:	0.000000	0.000000	0.000000	0.054906	0.314667	0.000000	0.000000	0.000000	0.433215	0.197211
33	tsk_33	(x)	1	:	0.000000	0.000000	0.000000	0.000000	0.058702	0.000000	0.506491	0.000000	0.000000	0.434807
34	tsk_34	(x)	1	:	0.000000	0.000000	0.000000	0.000000	0.174821	0.000000	0.000000	0.000000	0.000000	0.825179
35	tsk_35	(x)	1	:	0.000000	0.000000	0.000000	0.000000	0.172201	0.000000	0.000000	0.000000	0.000000	0.827799
36	tsk_36	(x)	1	:	0.000000	0.000000	0.000000	0.000000	0.169155	0.000000	0.000000	0.000000	0.000000	0.830845
37	tsk_37	(x)	1	:	0.000000	0.000000	0.000000	0.488246	0.092912	0.000000	0.000000	0.000000	0.000000	0.418842
38	tsk_38	(x)	1	:	0.000000	0.000000	0.000000	0.000000	0.233020	0.000000	0.000000	0.000000	0.000000	0.766980
39	tsk_39	(x)	1	:	0.000000	0.000000	0.000000	0.000000	0.357201	0.000000	0.000000	0.000000	0.000000	0.642799
40	tsk_40	(x)	1	:	0.000000	0.000000	0.000000	0.000000	0.351321	0.000000	0.000000	0.488078	0.000000	0.160600
41	tsk_41	(x)	1	:	0.000000	0.478480	0.000000	0.488036	0.017897	0.000000	0.000000	0.000000	0.000000	0.015586
42	tsk_42	(x)	1	:	0.000000	0.000000	0.000000	0.000000	0.232226	0.000000	0.000000	0.488078	0.000000	0.279696
43	tsk_43	(x)	1	:	0.500005	0.000000	0.000000	0.000039	0.135929	0.000000	0.000000	0.000000	0.000000	0.364027
44	tsk_44	(x)	1	:	0.000000	0.000000	0.737801	0.000000	0.000000	0.000000	0.000000	0.262199	0.000000	0.000000
45	tsk_45	(x)	1	:	0.000000	0.000000	0.000000	1.000000	0.000000	0.000000	0.000000	0.000000	0.000000	0.000000
46	tsk_46	(x)	1	:	0.000000	0.000000	0.000000	0.000000	0.082621	0.000000	0.000000	0.000000	0.000000	0.917379
47	tsk_47	(x)	1	:	0.000000	0.505299	0.000000	0.000000	0.000000	0.000000	0.000000	0.494701	0.000000	0.000000
48	tsk_48	(x)	1	:	0.000000	0.000000	0.000000	0.000000	0.000000	0.000000	0.000000	1.000000	0.000000	0.000000
49	tsk_49	(x)	1	:	0.000000	0.478407	0.000000	0.487963	0.014957	0.000000	0.000000	0.000000	0.000000	0.018673
50	tsk_50	(x)	1	:	0.500000	0.000000	0.000000	0.000000	0.099931	0.000000	0.000000	0.000000	0.000000	0.400069
51	tsk_51	(x)	1	:	0.489190	0.000000	0.510774	0.000000	0.000000	0.000036	0.000000	0.000000	0.000000	0.000000
52	tsk_52	(x)	1	:	1.000000	0.000000	0.000000	0.000000	0.000000	0.000000	0.000000	0.000000	0.000000	0.000000
53	tsk_53	(x)	1	:	0.000000	0.000000	0.000000	0.000000	0.000000	0.507936	0.000000	0.492064	0.000000	0.000000
54	tsk_54	(x)	1	:	0.000000	0.000000	0.000000	0.054883	0.321009	0.000000	0.000000	0.000000	0.433227	0.190880
55	tsk_55	(x)	1	:	0.500000	0.000000	0.000000	0.000000	0.293141	0.000000	0.000000	0.000000	0.000000	0.206859
56	tsk_56	(x)	1	:	0.000000	0.000000	0.505305	0.000000	0.000000	0.000039	0.494656	0.000000	0.000000	0.000000
57	tsk_57	(x)	1	:	1.000000	0.000000	0.000000	0.000000	0.000000	0.000000	0.000000	0.000000	0.000000	0.000000
58	tsk_58	(x)	1	:	0.500000	0.000000	0.000000	0.000000	0.133285	0.000000	0.000000	0.000000	0.000000	0.366715
59	tsk_59	(x)	1	:	0.000000	0.000000	0.000000	0.000000	0.303487	0.000000	0.000000	0.000000	0.000000	0.696513
60	tsk_60	(x)	1	:	0.000000	0.000000	0.000000	0.202066	0.000000	0.000000	0.000000	0.000000	0.797934	0.000000
61	tsk_61	(x)	1	:	0.000000	0.000000	0.000000	0.000000	0.121801	0.000000	0.506491	0.000000	0.000000	0.371708
62	tsk_62	(x)	1	:	0.000000	0.000000	0.000000	0.000000	0.419081	0.000000	0.000000	0.000000	0.000000	0.580919
63	tsk_63	(x)	1	:	0.000000	0.000000	0.000000	0.000000	0.000000	0.507944	0.000000	0.492056	0.000000	0.000000
64	tsk_64	(x)	1	:	0.000000	0.000000	0.000000	0.000000	0.000000	0.000000	0.516387	0.483613	0.000000	0.000000
65	tsk_65	(x)	1	:	0.000000	0.000000	0.000000	0.121582	0.156147	0.000000	0.000000	0.000000	0.366520	0.355751
66	tsk_66	(x)	1	:	0.000000	0.000000	0.000000	0.202200	0.000000	0.000000	0.000000	0.000000	0.797799	0.000000
67	tsk_67	(x)	1	:	0.000000	0.000000	0.000000	0.121590	0.290343	0.000000	0.000000	0.000000	0.366516	0.221551
68	tsk_68	(x)	1	:	0.000000	0.000000	0.000000	0.000000	0.042349	0.000000	0.000000	0.000000	0.000000	0.957650
69	tsk_69	(x)	1	:	0.000000	0.000000	0.000000	0.121594	0.366582	0.000000	0.000000	0.000000	0.366514	0.145310
70	tsk_70	(x)	1	:	0.000000	0.000000	0.000000	0.000032	0.000000	0.000000	0.000000	0.000000	0.999968	0.000000
71	tsk_71	(x)	1	:	0.000000	0.000000	0.742342	0.000000	0.000000	0.000000	0.000000	0.257658	0.000000	0.000000
72	tsk_72	(x)	1	:	0.000000	0.479081	0.000000	0.000000	0.019684	0.000000	0.000000	0.488144	0.000000	0.013090
73	tsk_73	(x)	1	:	0.000000	0.000000	0.000000	0.487918	0.016349	0.000000	0.000000	0.487970	0.000000	0.007763
74	tsk_74	(x)	1	:	0.000000	0.000000	0.322336	0.000000	0.000000	0.000000	0.000000	0.677664	0.000000	0.000000
75	tsk_75	(x)	1	:	0.000000	0.478572	0.000000	0.000000	0.033407	0.000000	0.000000	0.488022	0.000000	0.000000
76	tsk_76	(x)	1	:	0.000000	0.591546	0.000000	0.000090	0.000000	0.000000	0.000000	0.000000	0.408364	0.000000
77	tsk_77	(x)	1	:	0.000000	0.376889	0.458982	0.000000	0.000000	0.162612	0.000000	0.001516	0.000000	0.000000
78	tsk_78	(x)	1	:	0.000000	0.478893	0.000000	0.000000	0.000447	0.000000	0.000000	0.488099	0.000000	0.032561
79	tsk_79	(x)	1	:	0.000000	0.477365	0.000000	0.000000	0.000000	0.000000	0.000000	0.487732	0.000000	0.034903
80	tsk_80	(x)	1	:	0.000000	0.000000	0.455624	0.380396	0.000000	0.159719	0.000000	0.004261	0.000000	0.000000
81	tsk_81	(x)	1	:	0.000000	0.000000	1.000000	0.000000	0.000000	0.000000	0.000000	0.000000	0.000000	0.000000
82	tsk_82	(x)	1	:	0.000000	0.000000	0.435945	0.000000	0.000000	0.564055	0.000000	0.000000	0.000000	0.000000
83	tsk_83	(x)	1	:	0.000000	0.000000	0.461294	0.000000	0.000000	0.000012	0.538694	0.000000	0.000000	0.000000
84	tsk_84	(x)	1	:	0.000000	0.479489	0.000000	0.000000	0.000449	0.000000	0.506648	0.000000	0.000000	0.013414
85	tsk_85	(x)	1	:	0.000000	0.000000	0.000000	0.000000	0.091880	0.000000	0.506491	0.000000	0.000000	0.401630
86	tsk_86	(x)	1	:	0.000000	0.000000	0.000000	0.000000	0.001139	0.490584	0.506223	0.000000	0.000000	0.002055
87	tsk_87	(x)	1	:	0.000000	0.376857	0.458842	0.000000	0.000000	0.162648	0.000000	0.001653	0.000000	0.000000
88	tsk_88	(x)	1	:	0.000000	0.000000	0.000000	0.488245	0.169284	0.000000	0.000000	0.000000	0.000000	0.342470
89	tsk_89	(x)	1	:	0.000000	0.000000	0.505304	0.000000	0.000000	0.000040	0.494656	0.000000	0.000000	0.000000
90	tsk_90	(x)	1	:	0.000000	0.000000	0.000000	0.488243	0.306080	0.000000	0.000000	0.000000	0.000000	0.205678
91	tsk_91	(x)	1	:	0.000000	0.000000	0.000000	0.000000	0.000000	1.000000	0.000000	0.000000	0.000000	0.000000
92	tsk_92	(x)	1	:	0.000000	0.000000	0.457244	0.380767	0.000000	0.159305	0.000000	0.002683	0.000000	0.000000
93	tsk_93	(x)	1	:	0.000000	0.000000	0.000000	0.487798	0.004340	0.491389	0.000000	0.000000	0.000000	0.016473
94	tsk_94	(x)	1	:	0.000000	0.000000	0.000000	1.000000	0.000000	0.000000	0.000000	0.000000	0.000000	0.000000
95	tsk_95	(x)	1	:	0.000000	0.000000	0.000000	0.000000	0.234326	0.491943	0.000000	0.000000	0.000000	0.273731
96	tsk_96	(x)	1	:	0.000000	0.000000	0.000000	0.000000	0.000000	1.000000	0.000000	0.000000	0.000000	0.000000
97	tsk_97	(x)	1	:	0.000000	0.000000	0.000000	1.000000	0.000000	0.000000	0.000000	0.000000	0.000000	0.000000
98	tsk_98	(x)	1	:	0.000000	0.000000	0.000000	0.488246	0.146827	0.000000	0.000000	0.000000	0.000000	0.364928
99	tsk_99	(x)	1	:	0.000000	0.000000	0.000000	0.521082	0.000000	0.478918	0.000000	0.000000	0.000000	0.000000
