logL = -851.431548 (converged)
AIC = 2270.863095
BIC = 3010.731428

count.K
59 13 28 

