logL = -1087.917381 (converged)
AIC = 4635.834761
BIC = 7840.194090

count.K
12 1 8 11 6 2 30 9 16 5 

