logL = -957.700208 (converged)
AIC = 2955.400415
BIC = 4310.088912

count.K
5 32 14 38 11 

