logL = -466.300056 (converged)
AIC = 1932.600113
BIC = 3235.185206

count.K
15 36 15 18 16 

