logL = -1854.440869 (converged)
AIC = 4068.881738
BIC = 4537.812371

count.K
42 58 

