logL = -511.090673 (converged)
AIC = 2806.181346
BIC = 5129.993152

count.K
2 11 12 4 6 14 36 15 

