logL = -598.032364 (converged)
AIC = 3676.064727
BIC = 6906.475758

count.K
6 11 3 4 6 12 25 17 5 11 

