0	tsk_0	(x)	1	:	0.000000	0.000000	0.000000	0.493079	0.506920	0.000000	0.000000	0.000000	0.000000	0.000000
1	tsk_1	(x)	1	:	0.000000	0.000000	0.000000	0.493079	0.506920	0.000000	0.000000	0.000000	0.000000	0.000000
2	tsk_2	(x)	1	:	0.000000	0.000001	0.000000	0.493767	0.000309	0.000000	0.000000	0.000090	0.000000	0.505833
3	tsk_3	(x)	1	:	0.000000	0.000000	0.000000	0.493079	0.506920	0.000000	0.000000	0.000000	0.000000	0.000000
4	tsk_4	(x)	1	:	0.000000	0.495298	0.000000	0.001442	0.503260	0.000000	0.000000	0.000000	0.000000	0.000000
5	tsk_5	(x)	1	:	0.000000	0.000000	0.000000	0.493079	0.506920	0.000000	0.000000	0.000000	0.000000	0.000000
6	tsk_6	(x)	1	:	0.000000	0.000000	0.000000	0.511251	0.000000	0.000000	0.488741	0.000000	0.000007	0.000000
7	tsk_7	(x)	1	:	0.000000	0.495314	0.000000	0.001425	0.503262	0.000000	0.000000	0.000000	0.000000	0.000000
8	tsk_8	(x)	1	:	0.000000	0.014517	0.000000	0.465562	0.000000	0.000000	0.000000	0.000000	0.519922	0.000000
9	tsk_9	(x)	1	:	0.000000	0.000000	0.000000	0.000000	0.000000	0.000000	0.000000	0.000000	1.000000	0.000000
10	tsk_10	(x)	1	:	0.000000	0.000000	0.000000	0.000000	0.000000	0.000000	0.000000	1.000000	0.000000	0.000000
11	tsk_11	(x)	1	:	0.446790	0.000000	0.097906	0.000000	0.000000	0.000000	0.000000	0.455304	0.000000	0.000000
12	tsk_12	(x)	1	:	0.000000	0.000000	0.000000	0.000000	0.000000	0.000000	0.000000	1.000000	0.000000	0.000000
13	tsk_13	(x)	1	:	0.000000	0.000000	0.544847	0.000000	0.000000	0.000000	0.000000	0.455153	0.000000	0.000000
14	tsk_14	(x)	1	:	0.000000	0.000003	0.509174	0.490751	0.000000	0.000000	0.000000	0.000073	0.000000	0.000000
15	tsk_15	(x)	1	:	0.000000	0.000787	0.499707	0.000552	0.000000	0.000000	0.000000	0.000086	0.498868	0.000000
16	tsk_16	(x)	1	:	0.446669	0.000000	0.553331	0.000000	0.000000	0.000000	0.000000	0.000000	0.000000	0.000000
17	tsk_17	(x)	1	:	0.446669	0.000000	0.553331	0.000000	0.000000	0.000000	0.000000	0.000000	0.000000	0.000000
18	tsk_18	(x)	1	:	0.446669	0.000000	0.553331	0.000000	0.000000	0.000000	0.000000	0.000000	0.000000	0.000000
19	tsk_19	(x)	1	:	0.000000	0.000000	0.509188	0.490760	0.000000	0.000000	0.000000	0.000051	0.000000	0.000000
20	tsk_20	(x)	1	:	0.000000	0.469445	0.000000	0.000000	0.000000	0.000000	0.000000	0.000000	0.530555	0.000000
21	tsk_21	(x)	1	:	0.000000	0.999977	0.000000	0.000000	0.000000	0.000000	0.000000	0.000000	0.000023	0.000000
22	tsk_22	(x)	1	:	0.000000	0.655019	0.000000	0.000000	0.000000	0.000000	0.000000	0.000000	0.344981	0.000000
23	tsk_23	(x)	1	:	0.000000	0.524295	0.000000	0.000000	0.475705	0.000000	0.000000	0.000000	0.000000	0.000000
24	tsk_24	(x)	1	:	0.000000	0.000000	0.000000	0.493079	0.506920	0.000000	0.000000	0.000000	0.000000	0.000000
25	tsk_25	(x)	1	:	0.000000	0.999974	0.000000	0.000000	0.000000	0.000000	0.000000	0.000000	0.000026	0.000000
26	tsk_26	(x)	1	:	0.527115	0.472626	0.000003	0.000249	0.000000	0.000001	0.000000	0.000002	0.000004	0.000000
27	tsk_27	(x)	1	:	0.000000	0.999984	0.000000	0.000000	0.000000	0.000000	0.000000	0.000000	0.000016	0.000000
28	tsk_28	(x)	1	:	0.000000	0.999987	0.000000	0.000000	0.000000	0.000000	0.000000	0.000000	0.000013	0.000000
29	tsk_29	(x)	1	:	0.498592	0.501408	0.000000	0.000000	0.000000	0.000000	0.000000	0.000000	0.000000	0.000000
30	tsk_30	(x)	1	:	0.000000	0.000000	0.500000	0.000000	0.500000	0.000000	0.000000	0.000000	0.000000	0.000000
31	tsk_31	(x)	1	:	0.000000	0.000000	0.000000	0.000000	1.000000	0.000000	0.000000	0.000000	0.000000	0.000000
32	tsk_32	(x)	1	:	0.446968	0.493718	0.057047	0.002231	0.000000	0.000000	0.000000	0.000030	0.000005	0.000000
33	tsk_33	(x)	1	:	0.000000	0.000000	0.499997	0.000000	0.500003	0.000000	0.000000	0.000000	0.000000	0.000000
34	tsk_34	(x)	1	:	0.000000	0.000000	0.000000	0.000000	1.000000	0.000000	0.000000	0.000000	0.000000	0.000000
35	tsk_35	(x)	1	:	0.446767	0.000000	0.053199	0.000000	0.500034	0.000000	0.000000	0.000000	0.000000	0.000000
36	tsk_36	(x)	1	:	0.000000	0.000000	0.499997	0.000000	0.500003	0.000000	0.000000	0.000000	0.000000	0.000000
37	tsk_37	(x)	1	:	0.000000	0.000000	0.499998	0.000000	0.500002	0.000000	0.000000	0.000000	0.000000	0.000000
38	tsk_38	(x)	1	:	0.000000	0.000000	0.000000	0.000000	1.000000	0.000000	0.000000	0.000000	0.000000	0.000000
39	tsk_39	(x)	1	:	0.000000	0.000000	0.000000	0.000000	1.000000	0.000000	0.000000	0.000000	0.000000	0.000000
40	tsk_40	(x)	1	:	0.000000	0.000371	0.000000	0.000040	0.000000	0.000000	0.507738	0.000000	0.491851	0.000000
41	tsk_41	(x)	1	:	0.000000	0.000003	0.000000	0.999997	0.000000	0.000000	0.000000	0.000000	0.000000	0.000000
42	tsk_42	(x)	1	:	0.446766	0.000000	0.068058	0.000000	0.000000	0.000000	0.485094	0.000083	0.000000	0.000000
43	tsk_43	(x)	1	:	0.000000	0.000071	0.000000	0.000035	0.421103	0.113386	0.000000	0.000000	0.465403	0.000003
44	tsk_44	(x)	1	:	0.000000	0.000000	0.000000	0.000000	0.000000	0.000000	1.000000	0.000000	0.000000	0.000000
45	tsk_45	(x)	1	:	0.000000	0.000000	0.544834	0.000000	0.000000	0.000000	0.000000	0.455166	0.000000	0.000000
46	tsk_46	(x)	1	:	0.000000	0.000000	0.000000	0.487697	0.000000	0.000000	0.512303	0.000000	0.000000	0.000000
47	tsk_47	(x)	1	:	0.000000	0.000000	0.000000	0.000000	0.000000	0.000000	1.000000	0.000000	0.000000	0.000000
48	tsk_48	(x)	1	:	0.000000	0.000000	0.000000	0.000000	1.000000	0.000000	0.000000	0.000000	0.000000	0.000000
49	tsk_49	(x)	1	:	0.000000	0.000000	0.000000	0.000000	0.000000	0.000000	1.000000	0.000000	0.000000	0.000000
50	tsk_50	(x)	1	:	0.000000	0.000000	0.000000	0.000000	0.000000	0.000000	0.000000	1.000000	0.000000	0.000000
51	tsk_51	(x)	1	:	0.446658	0.000604	0.053151	0.000344	0.000000	0.000000	0.000000	0.000043	0.499200	0.000000
52	tsk_52	(x)	1	:	0.646834	0.000000	0.353135	0.000000	0.000000	0.000031	0.000000	0.000000	0.000000	0.000000
53	tsk_53	(x)	1	:	0.591727	0.000000	0.051316	0.000000	0.000000	0.356957	0.000000	0.000000	0.000000	0.000000
54	tsk_54	(x)	1	:	0.646838	0.000000	0.353139	0.000000	0.000000	0.000023	0.000000	0.000000	0.000000	0.000000
55	tsk_55	(x)	1	:	0.000000	0.000000	0.000000	0.000000	0.500000	0.000000	0.000000	0.000000	0.500000	0.000000
56	tsk_56	(x)	1	:	0.000000	0.000640	0.499731	0.000389	0.000000	0.000000	0.000000	0.000129	0.499111	0.000000
57	tsk_57	(x)	1	:	0.424271	0.000000	0.003430	0.000000	0.000000	0.000000	0.000000	0.572299	0.000000	0.000000
58	tsk_58	(x)	1	:	0.522920	0.000091	0.000001	0.000124	0.000000	0.000000	0.000000	0.000000	0.476863	0.000000
59	tsk_59	(x)	1	:	0.000000	0.000296	0.000000	0.000791	0.499723	0.000000	0.000000	0.000138	0.499040	0.000012
60	tsk_60	(x)	1	:	0.000000	0.000000	0.000000	0.000000	0.499890	0.000000	0.000000	0.000000	0.000000	0.500110
61	tsk_61	(x)	1	:	0.000000	0.000000	0.000000	0.523671	0.476329	0.000000	0.000000	0.000000	0.000000	0.000000
62	tsk_62	(x)	1	:	0.000000	0.000000	0.000000	0.000000	1.000000	0.000000	0.000000	0.000000	0.000000	0.000000
63	tsk_63	(x)	1	:	0.000000	0.000000	0.000000	0.000000	1.000000	0.000000	0.000000	0.000000	0.000000	0.000000
64	tsk_64	(x)	1	:	0.000000	0.000000	0.000000	0.000000	0.499863	0.000000	0.000000	0.000000	0.000000	0.500137
65	tsk_65	(x)	1	:	0.000000	0.000000	0.000000	0.000000	0.000000	0.000000	0.000000	0.000000	0.000000	1.000000
66	tsk_66	(x)	1	:	0.000000	0.000000	0.000000	0.000000	0.499784	0.000000	0.000000	0.000000	0.000000	0.500216
67	tsk_67	(x)	1	:	0.000000	0.000000	0.500051	0.000000	0.000317	0.000000	0.000000	0.000000	0.000000	0.499632
68	tsk_68	(x)	1	:	0.000000	0.000000	0.000000	0.000000	0.499898	0.000000	0.000000	0.000000	0.000000	0.500102
69	tsk_69	(x)	1	:	0.000000	0.000000	0.000000	0.000000	0.499892	0.000000	0.000000	0.000000	0.000000	0.500108
70	tsk_70	(x)	1	:	0.000000	0.000001	0.466819	0.533146	0.000000	0.000000	0.000000	0.000021	0.000013	0.000000
71	tsk_71	(x)	1	:	0.446669	0.000000	0.553331	0.000000	0.000000	0.000000	0.000000	0.000000	0.000000	0.000000
72	tsk_72	(x)	1	:	0.000000	0.000004	0.000000	0.999996	0.000000	0.000000	0.000000	0.000000	0.000000	0.000000
73	tsk_73	(x)	1	:	0.000000	0.000000	0.499998	0.000000	0.500002	0.000000	0.000000	0.000000	0.000000	0.000000
74	tsk_74	(x)	1	:	0.000000	0.000000	1.000000	0.000000	0.000000	0.000000	0.000000	0.000000	0.000000	0.000000
75	tsk_75	(x)	1	:	0.000000	0.000000	0.553879	0.000000	0.000000	0.446121	0.000000	0.000000	0.000000	0.000000
76	tsk_76	(x)	1	:	0.000000	0.000001	0.466792	0.533135	0.000000	0.000000	0.000000	0.000058	0.000013	0.000000
77	tsk_77	(x)	1	:	0.000000	0.000000	1.000000	0.000000	0.000000	0.000000	0.000000	0.000000	0.000000	0.000000
78	tsk_78	(x)	1	:	0.000000	0.000003	0.466811	0.533139	0.000000	0.000000	0.000000	0.000033	0.000014	0.000000
79	tsk_79	(x)	1	:	0.000000	0.000000	0.499996	0.000000	0.500003	0.000000	0.000000	0.000000	0.000000	0.000000
80	tsk_80	(x)	1	:	0.000000	0.999987	0.000000	0.000000	0.000000	0.000000	0.000000	0.000000	0.000013	0.000000
81	tsk_81	(x)	1	:	0.000000	0.999981	0.000000	0.000000	0.000000	0.000000	0.000000	0.000000	0.000019	0.000000
82	tsk_82	(x)	1	:	0.000000	0.999987	0.000000	0.000000	0.000000	0.000000	0.000000	0.000000	0.000013	0.000000
83	tsk_83	(x)	1	:	0.000000	0.999988	0.000000	0.000000	0.000000	0.000000	0.000000	0.000000	0.000012	0.000000
84	tsk_84	(x)	1	:	0.000000	0.999996	0.000000	0.000000	0.000000	0.000000	0.000000	0.000000	0.000004	0.000000
85	tsk_85	(x)	1	:	0.000000	0.999986	0.000000	0.000000	0.000000	0.000000	0.000000	0.000000	0.000014	0.000000
86	tsk_86	(x)	1	:	0.000000	0.495219	0.000000	0.001530	0.503250	0.000000	0.000000	0.000000	0.000000	0.000000
87	tsk_87	(x)	1	:	0.000000	0.469446	0.000000	0.000000	0.000000	0.000000	0.000000	0.000000	0.530554	0.000000
88	tsk_88	(x)	1	:	0.000000	0.495275	0.000000	0.001468	0.503257	0.000000	0.000000	0.000000	0.000000	0.000000
89	tsk_89	(x)	1	:	0.000000	0.999971	0.000000	0.000000	0.000000	0.000000	0.000000	0.000000	0.000029	0.000000
90	tsk_90	(x)	1	:	0.446670	0.000000	0.553330	0.000000	0.000000	0.000000	0.000000	0.000000	0.000000	0.000000
91	tsk_91	(x)	1	:	0.446669	0.000000	0.553331	0.000000	0.000000	0.000000	0.000000	0.000000	0.000000	0.000000
92	tsk_92	(x)	1	:	0.999989	0.000000	0.000011	0.000000	0.000000	0.000000	0.000000	0.000000	0.000000	0.000000
93	tsk_93	(x)	1	:	0.446669	0.000000	0.553331	0.000000	0.000000	0.000000	0.000000	0.000000	0.000000	0.000000
94	tsk_94	(x)	1	:	0.446670	0.000000	0.553330	0.000000	0.000000	0.000000	0.000000	0.000000	0.000000	0.000000
95	tsk_95	(x)	1	:	0.446669	0.000000	0.553331	0.000000	0.000000	0.000000	0.000000	0.000000	0.000000	0.000000
96	tsk_96	(x)	1	:	0.000000	0.000000	1.000000	0.000000	0.000000	0.000000	0.000000	0.000000	0.000000	0.000000
97	tsk_97	(x)	1	:	0.999993	0.000000	0.000007	0.000000	0.000000	0.000000	0.000000	0.000000	0.000000	0.000000
98	tsk_98	(x)	1	:	0.446669	0.000000	0.553331	0.000000	0.000000	0.000000	0.000000	0.000000	0.000000	0.000000
99	tsk_99	(x)	1	:	0.999990	0.000000	0.000010	0.000000	0.000000	0.000000	0.000000	0.000000	0.000000	0.000000
