logL = -1162.946967 (converged)
AIC = 4269.893935
BIC = 6802.119356

count.K
0 13 15 11 27 19 5 10 

