logL = -559.926720 (converged)
AIC = 1657.853440
BIC = 2358.644220

count.K
23 63 14 

