logL = -531.416795 (converged)
AIC = 3112.833590
BIC = 5783.133030

count.K
17 7 29 5 9 8 3 17 5 

