logL = -341.486118 (converged)
AIC = 1622.972236
BIC = 2847.402224

count.K
6 25 26 20 23 

