logL = -579.404147 (converged)
AIC = 2218.808295
BIC = 3599.548493

count.K
22 22 29 9 18 

