logL = -635.816299 (converged)
AIC = 3571.632598
BIC = 6567.578312

count.K
7 6 14 12 8 5 7 1 27 13 

