0	tsk_0	(x)	1	:	0.023775	0.407421	0.000000	0.000000	0.000000	0.068636	0.413724	0.000000	0.086443	0.000000
1	tsk_1	(x)	1	:	0.026283	0.400609	0.000000	0.000000	0.000000	0.072942	0.443310	0.000000	0.056856	0.000000
2	tsk_2	(x)	1	:	0.000000	0.000000	0.000000	0.000000	0.000000	0.000000	0.000091	0.000000	0.999909	0.000000
3	tsk_3	(x)	1	:	0.010255	0.425740	0.000000	0.000000	0.000000	0.063879	0.331447	0.000000	0.168678	0.000000
4	tsk_4	(x)	1	:	0.000000	0.000000	0.000000	0.000000	0.000000	0.000000	0.000059	0.000000	0.999941	0.000000
5	tsk_5	(x)	1	:	0.034255	0.411586	0.000000	0.000000	0.000000	0.053994	0.395216	0.000000	0.104949	0.000000
6	tsk_6	(x)	1	:	0.037111	0.409418	0.000000	0.000000	0.000000	0.053319	0.403902	0.000000	0.096250	0.000000
7	tsk_7	(x)	1	:	0.000000	0.000000	0.478897	0.000000	0.000000	0.000000	0.000182	0.000000	0.520921	0.000000
8	tsk_8	(x)	1	:	0.000000	0.000000	0.000000	0.000000	0.000000	0.000000	0.000043	0.000000	0.999957	0.000000
9	tsk_9	(x)	1	:	0.000000	0.000000	0.000000	0.000000	0.000000	0.000000	0.000030	0.000000	0.999970	0.000000
10	tsk_10	(x)	1	:	0.656404	0.000000	0.000000	0.000000	0.000000	0.343596	0.000000	0.000000	0.000000	0.000000
11	tsk_11	(x)	1	:	0.491833	0.000000	0.000000	0.000000	0.000000	0.508167	0.000000	0.000000	0.000000	0.000000
12	tsk_12	(x)	1	:	0.595027	0.000000	0.000000	0.000000	0.000000	0.404973	0.000000	0.000000	0.000000	0.000000
13	tsk_13	(x)	1	:	0.262416	0.000000	0.000000	0.000000	0.000000	0.737584	0.000000	0.000000	0.000000	0.000000
14	tsk_14	(x)	1	:	0.379486	0.000000	0.000000	0.000000	0.000000	0.620514	0.000000	0.000000	0.000000	0.000000
15	tsk_15	(x)	1	:	0.000000	0.000000	0.000000	0.000000	1.000000	0.000000	0.000000	0.000000	0.000000	0.000000
16	tsk_16	(x)	1	:	0.094822	0.000000	0.000000	0.000000	0.497006	0.404032	0.000000	0.000000	0.004141	0.000000
17	tsk_17	(x)	1	:	0.366180	0.000000	0.000000	0.000000	0.000000	0.633820	0.000000	0.000000	0.000000	0.000000
18	tsk_18	(x)	1	:	1.000000	0.000000	0.000000	0.000000	0.000000	0.000000	0.000000	0.000000	0.000000	0.000000
19	tsk_19	(x)	1	:	0.142903	0.000000	0.491412	0.000000	0.000000	0.365684	0.000000	0.000001	0.000000	0.000000
20	tsk_20	(x)	1	:	0.000000	0.000000	0.000000	0.000000	0.000000	0.000000	0.000053	0.000000	0.415156	0.584790
21	tsk_21	(x)	1	:	0.086637	0.000000	0.000000	0.000000	0.000000	0.412697	0.000000	0.000000	0.023078	0.477588
22	tsk_22	(x)	1	:	0.291378	0.507881	0.000000	0.000000	0.000000	0.200741	0.000000	0.000000	0.000000	0.000000
23	tsk_23	(x)	1	:	0.602514	0.000000	0.000000	0.000000	0.000000	0.397486	0.000000	0.000000	0.000000	0.000000
24	tsk_24	(x)	1	:	0.561029	0.000000	0.000000	0.000000	0.000000	0.438971	0.000000	0.000000	0.000000	0.000000
25	tsk_25	(x)	1	:	0.000000	0.000000	0.000000	0.000002	0.000000	0.525942	0.000000	0.000000	0.474048	0.000008
26	tsk_26	(x)	1	:	0.297471	0.000000	0.000000	0.000000	0.000000	0.702529	0.000000	0.000000	0.000000	0.000000
27	tsk_27	(x)	1	:	0.000000	0.000000	0.000000	0.000000	0.000000	0.000000	0.000000	0.000000	0.000000	1.000000
28	tsk_28	(x)	1	:	0.591945	0.000000	0.000000	0.000000	0.000000	0.408055	0.000000	0.000000	0.000000	0.000000
29	tsk_29	(x)	1	:	0.000000	0.000000	0.000000	0.000000	0.000000	0.000000	0.000005	0.000000	0.523089	0.476906
30	tsk_30	(x)	1	:	0.000000	0.000000	0.000000	0.000000	1.000000	0.000000	0.000000	0.000000	0.000000	0.000000
31	tsk_31	(x)	1	:	0.005408	0.473581	0.517070	0.000000	0.000000	0.003941	0.000000	0.000000	0.000000	0.000000
32	tsk_32	(x)	1	:	0.001863	0.492172	0.000000	0.000000	0.490839	0.005578	0.009359	0.000000	0.000189	0.000000
33	tsk_33	(x)	1	:	0.427232	0.000000	0.000000	0.000000	0.000000	0.572768	0.000000	0.000000	0.000000	0.000000
34	tsk_34	(x)	1	:	0.597794	0.000000	0.000000	0.000000	0.000000	0.402206	0.000000	0.000000	0.000000	0.000000
35	tsk_35	(x)	1	:	0.001215	0.492767	0.000000	0.000000	0.491317	0.005640	0.008528	0.000000	0.000533	0.000000
36	tsk_36	(x)	1	:	0.144924	0.000000	0.000000	0.000000	0.496329	0.353840	0.000000	0.000000	0.004906	0.000000
37	tsk_37	(x)	1	:	0.266631	0.000000	0.520621	0.000000	0.000000	0.212748	0.000000	0.000000	0.000000	0.000000
38	tsk_38	(x)	1	:	0.205319	0.000000	0.520602	0.000000	0.000000	0.274080	0.000000	0.000000	0.000000	0.000000
39	tsk_39	(x)	1	:	0.123436	0.000000	0.000000	0.000000	0.000000	0.375862	0.000000	0.000000	0.023235	0.477467
40	tsk_40	(x)	1	:	0.495204	0.000000	0.000000	0.000000	0.000000	0.504796	0.000000	0.000000	0.000000	0.000000
41	tsk_41	(x)	1	:	0.708181	0.000000	0.000000	0.000000	0.000000	0.291819	0.000000	0.000000	0.000000	0.000000
42	tsk_42	(x)	1	:	0.217421	0.507672	0.000000	0.000000	0.000000	0.274907	0.000000	0.000000	0.000000	0.000000
43	tsk_43	(x)	1	:	0.225537	0.507693	0.000000	0.000000	0.000000	0.266771	0.000000	0.000000	0.000000	0.000000
44	tsk_44	(x)	1	:	0.305658	0.000000	0.000000	0.000000	0.000000	0.694342	0.000000	0.000000	0.000000	0.000000
45	tsk_45	(x)	1	:	0.494788	0.000000	0.000000	0.000000	0.000000	0.505212	0.000000	0.000000	0.000000	0.000000
46	tsk_46	(x)	1	:	0.562165	0.000000	0.000000	0.000000	0.000000	0.437835	0.000000	0.000000	0.000000	0.000000
47	tsk_47	(x)	1	:	0.365822	0.000000	0.000000	0.000000	0.000000	0.634178	0.000000	0.000000	0.000000	0.000000
48	tsk_48	(x)	1	:	0.293013	0.507886	0.000000	0.000000	0.000000	0.199101	0.000000	0.000000	0.000000	0.000000
49	tsk_49	(x)	1	:	0.000000	0.000000	0.000000	1.000000	0.000000	0.000000	0.000000	0.000000	0.000000	0.000000
50	tsk_50	(x)	1	:	0.104428	0.000000	0.000000	0.000000	0.000000	0.394760	0.000520	0.000000	0.500292	0.000000
51	tsk_51	(x)	1	:	0.000000	0.000000	0.540993	0.000000	0.000000	0.000000	0.000113	0.000000	0.458895	0.000000
52	tsk_52	(x)	1	:	0.000000	0.000000	0.478711	0.000000	0.000000	0.000000	0.000005	0.000001	0.044749	0.476535
53	tsk_53	(x)	1	:	0.000000	0.000000	0.000000	0.000000	0.000000	0.000000	0.000047	0.000000	0.999953	0.000000
54	tsk_54	(x)	1	:	0.000000	0.000000	0.000009	0.000000	0.000000	0.000000	0.000000	0.999991	0.000000	0.000000
55	tsk_55	(x)	1	:	0.000000	0.000000	0.000000	0.000000	0.000000	0.000000	0.000272	0.000000	0.999728	0.000000
56	tsk_56	(x)	1	:	0.408297	0.000000	0.520277	0.000000	0.000000	0.071426	0.000000	0.000000	0.000000	0.000000
57	tsk_57	(x)	1	:	0.000000	0.000000	0.000000	0.000000	0.000000	0.000000	0.000054	0.000000	0.523037	0.476909
58	tsk_58	(x)	1	:	0.881400	0.000000	0.000000	0.000000	0.000000	0.118599	0.000000	0.000000	0.000000	0.000000
59	tsk_59	(x)	1	:	0.000000	0.000000	1.000000	0.000000	0.000000	0.000000	0.000000	0.000000	0.000000	0.000000
60	tsk_60	(x)	1	:	0.000000	0.000000	0.541819	0.000000	0.000000	0.000000	0.000000	0.000000	0.458181	0.000000
61	tsk_61	(x)	1	:	0.000000	0.000000	0.534594	0.000000	0.000000	0.000000	0.000000	0.000000	0.004641	0.460765
62	tsk_62	(x)	1	:	0.000000	0.000000	0.000000	0.000000	0.000000	0.000000	0.000011	0.000000	0.523082	0.476907
63	tsk_63	(x)	1	:	0.000000	0.000000	0.000000	0.000000	0.000000	0.000000	0.000000	0.000000	0.000000	1.000000
64	tsk_64	(x)	1	:	0.000000	0.000000	0.000000	0.000000	0.000000	0.000000	0.000108	0.000000	0.999891	0.000000
65	tsk_65	(x)	1	:	0.000000	0.000000	0.000000	0.000000	0.000000	0.000000	0.000020	0.000000	0.412020	0.587960
66	tsk_66	(x)	1	:	0.000000	0.000000	0.541819	0.000000	0.000000	0.000000	0.000000	0.000000	0.458181	0.000000
67	tsk_67	(x)	1	:	0.000000	0.000000	0.000000	0.000000	0.000000	0.000000	0.000029	0.000000	0.523063	0.476908
68	tsk_68	(x)	1	:	0.000000	0.000000	0.000000	0.000000	0.000000	0.000000	0.000035	0.000000	0.523057	0.476908
69	tsk_69	(x)	1	:	0.000000	0.000000	0.000000	0.000000	0.000000	0.000000	0.000037	0.000000	0.999963	0.000000
70	tsk_70	(x)	1	:	0.004629	0.501262	0.490735	0.000000	0.000000	0.003374	0.000000	0.000000	0.000000	0.000000
71	tsk_71	(x)	1	:	0.000000	0.000000	0.000013	0.000000	0.000000	0.000000	0.000000	0.999987	0.000000	0.000000
72	tsk_72	(x)	1	:	0.000000	0.000000	1.000000	0.000000	0.000000	0.000000	0.000000	0.000000	0.000000	0.000000
73	tsk_73	(x)	1	:	0.000000	0.000000	1.000000	0.000000	0.000000	0.000000	0.000000	0.000000	0.000000	0.000000
74	tsk_74	(x)	1	:	0.000000	0.000000	0.999999	0.000000	0.000000	0.000000	0.000000	0.000001	0.000000	0.000000
75	tsk_75	(x)	1	:	0.000000	0.000000	0.999996	0.000000	0.000000	0.000000	0.000000	0.000004	0.000000	0.000000
76	tsk_76	(x)	1	:	0.000000	0.000000	0.000000	0.484777	0.000000	0.000001	0.000000	0.515222	0.000000	0.000000
77	tsk_77	(x)	1	:	0.245502	0.000000	0.491443	0.000000	0.000000	0.263055	0.000000	0.000000	0.000000	0.000000
78	tsk_78	(x)	1	:	0.000000	0.000000	0.999999	0.000000	0.000000	0.000000	0.000000	0.000001	0.000000	0.000000
79	tsk_79	(x)	1	:	0.010540	0.403339	0.000000	0.000000	0.000000	0.085993	0.429325	0.000000	0.070804	0.000000
80	tsk_80	(x)	1	:	0.071379	0.000000	0.000000	0.000000	0.000000	0.427817	0.000386	0.000000	0.500418	0.000000
81	tsk_81	(x)	1	:	0.000000	0.000000	0.478896	0.000000	0.000000	0.000000	0.000169	0.000001	0.520934	0.000000
82	tsk_82	(x)	1	:	0.000000	0.000000	0.478699	0.000000	0.000000	0.000000	0.000003	0.000001	0.044788	0.476510
83	tsk_83	(x)	1	:	0.097146	0.000000	0.000000	0.000000	0.000000	0.402043	0.000423	0.000000	0.500388	0.000000
84	tsk_84	(x)	1	:	0.000000	0.000000	0.478893	0.000000	0.000000	0.000000	0.000119	0.000002	0.520986	0.000000
85	tsk_85	(x)	1	:	0.119973	0.000000	0.000000	0.000000	0.000000	0.379209	0.000383	0.000000	0.500435	0.000000
86	tsk_86	(x)	1	:	0.088660	0.000000	0.491398	0.000000	0.000000	0.419942	0.000000	0.000000	0.000000	0.000000
87	tsk_87	(x)	1	:	0.157683	0.000000	0.491417	0.000000	0.000000	0.350899	0.000000	0.000001	0.000000	0.000000
88	tsk_88	(x)	1	:	0.000000	0.000000	0.000000	0.000000	0.000000	0.000000	0.000048	0.000000	0.999952	0.000000
89	tsk_89	(x)	1	:	0.000000	0.000000	0.999997	0.000000	0.000000	0.000000	0.000000	0.000003	0.000000	0.000000
90	tsk_90	(x)	1	:	0.000000	1.000000	0.000000	0.000000	0.000000	0.000000	0.000000	0.000000	0.000000	0.000000
91	tsk_91	(x)	1	:	0.000000	1.000000	0.000000	0.000000	0.000000	0.000000	0.000000	0.000000	0.000000	0.000000
92	tsk_92	(x)	1	:	0.001296	0.492034	0.000000	0.000000	0.490931	0.006315	0.009035	0.000000	0.000388	0.000000
93	tsk_93	(x)	1	:	0.000000	0.000000	0.000000	0.000000	0.500003	0.000000	0.000021	0.000000	0.499975	0.000000
94	tsk_94	(x)	1	:	0.000082	0.481365	0.000000	0.000000	0.000000	0.001110	0.000000	0.000000	0.000000	0.517443
95	tsk_95	(x)	1	:	0.260053	0.000000	0.000000	0.000000	0.000000	0.739947	0.000000	0.000000	0.000000	0.000000
96	tsk_96	(x)	1	:	0.275097	0.000000	0.520232	0.000000	0.000000	0.204671	0.000000	0.000000	0.000000	0.000000
97	tsk_97	(x)	1	:	0.440793	0.000000	0.000000	0.000000	0.000000	0.559207	0.000000	0.000000	0.000000	0.000000
98	tsk_98	(x)	1	:	0.000000	0.000000	0.000000	0.000000	1.000000	0.000000	0.000000	0.000000	0.000000	0.000000
99	tsk_99	(x)	1	:	0.001746	0.480400	0.517354	0.000000	0.000000	0.000500	0.000000	0.000000	0.000000	0.000000
