logL = -316.591111 (converged)
AIC = 1135.182222
BIC = 1789.079939

count.K
84 4 12 

