logL = -531.694873 (converged)
AIC = 2571.389746
BIC = 4535.688067

count.K
7 4 15 8 22 14 30 

