logL = -742.791426 (converged)
AIC = 2005.582852
BIC = 2682.927100

count.K
44 24 32 

