logL = -915.551809 (converged)
AIC = 4251.103617
BIC = 7403.359542

count.K
22 0 23 4 0 14 17 4 2 14 

