logL = -288.713031 (converged)
AIC = 2737.426063
BIC = 5551.009864

count.K
1 5 16 11 3 36 6 6 13 3 

