logL = -713.253766 (converged)
AIC = 2750.507533
BIC = 4475.130196

count.K
3 50 11 4 26 6 

