logL = -1180.619113 (converged)
AIC = 3019.238226
BIC = 3876.339217

count.K
70 17 13 

