logL = -900.561548 (converged)
AIC = 3337.123096
BIC = 5337.893799

count.K
16 38 24 5 11 1 5 

