0	tsk_0	(x)	1	:	0.000000	0.000000	0.000000	0.620676	0.000000	0.379324	0.000000	0.000000	0.000000	0.000000
1	tsk_1	(x)	1	:	0.000003	0.000000	0.000000	0.000000	0.000000	0.000000	0.000000	0.000000	0.000000	0.999997
2	tsk_2	(x)	1	:	0.000000	0.000000	0.000000	0.511149	0.000000	0.000187	0.000000	0.000000	0.000000	0.488663
3	tsk_3	(x)	1	:	0.000000	0.000000	0.000000	0.000000	0.000000	0.000000	0.000000	0.000000	0.000000	1.000000
4	tsk_4	(x)	1	:	0.000000	0.000000	0.000000	0.000000	0.000000	0.000000	0.000000	0.504150	0.000000	0.495850
5	tsk_5	(x)	1	:	0.000000	0.000000	0.000000	0.000000	0.000000	0.000000	0.000000	0.504150	0.000000	0.495850
6	tsk_6	(x)	1	:	0.000003	0.000000	0.000008	0.000000	0.000000	0.000000	0.000000	0.000000	0.000000	0.999989
7	tsk_7	(x)	1	:	0.000001	0.000000	0.000000	0.000000	0.000003	0.421216	0.000000	0.000000	0.000000	0.578780
8	tsk_8	(x)	1	:	0.000000	0.000000	0.000000	0.000000	0.000000	0.000000	0.000000	0.000000	0.000000	1.000000
9	tsk_9	(x)	1	:	0.000000	0.000000	0.000000	0.000000	0.000000	0.489529	0.000000	0.510471	0.000000	0.000000
10	tsk_10	(x)	1	:	0.000000	0.000000	0.915058	0.000000	0.000000	0.000000	0.084942	0.000000	0.000000	0.000000
11	tsk_11	(x)	1	:	0.000000	0.000000	0.000000	0.000000	0.000000	0.000000	0.000000	1.000000	0.000000	0.000000
12	tsk_12	(x)	1	:	0.000000	0.000000	0.377586	0.000000	0.000000	0.471046	0.151368	0.000000	0.000000	0.000000
13	tsk_13	(x)	1	:	0.000000	0.000000	0.000000	0.620676	0.000000	0.379324	0.000000	0.000000	0.000000	0.000000
14	tsk_14	(x)	1	:	0.000000	0.000000	0.330263	0.000000	0.000000	0.471046	0.198691	0.000000	0.000000	0.000000
15	tsk_15	(x)	1	:	0.000000	0.000000	0.491769	0.000000	0.000000	0.000000	0.078696	0.000000	0.000000	0.429535
16	tsk_16	(x)	1	:	0.000000	0.000000	0.119741	0.000000	0.000000	0.000000	0.380320	0.499938	0.000000	0.000000
17	tsk_17	(x)	1	:	0.000000	0.000000	0.896911	0.000000	0.000000	0.000000	0.103089	0.000000	0.000000	0.000000
18	tsk_18	(x)	1	:	0.000000	0.000000	0.422052	0.000000	0.499796	0.000000	0.078152	0.000000	0.000000	0.000000
19	tsk_19	(x)	1	:	0.000000	0.000000	0.000000	0.000000	0.000000	0.480239	0.000000	0.000000	0.000000	0.519761
20	tsk_20	(x)	1	:	0.000000	0.000000	0.000000	1.000000	0.000000	0.000000	0.000000	0.000000	0.000000	0.000000
21	tsk_21	(x)	1	:	0.000000	0.000000	0.387523	0.498369	0.000000	0.000000	0.114108	0.000000	0.000000	0.000000
22	tsk_22	(x)	1	:	0.000000	0.000000	0.000000	0.511170	0.000000	0.000162	0.000000	0.000000	0.000000	0.488668
23	tsk_23	(x)	1	:	0.000000	0.000000	0.324159	0.498369	0.000000	0.000000	0.177471	0.000000	0.000000	0.000000
24	tsk_24	(x)	1	:	0.000000	0.000000	0.000000	1.000000	0.000000	0.000000	0.000000	0.000000	0.000000	0.000000
25	tsk_25	(x)	1	:	0.000000	0.000000	0.000000	1.000000	0.000000	0.000000	0.000000	0.000000	0.000000	0.000000
26	tsk_26	(x)	1	:	0.000000	0.000000	0.000000	1.000000	0.000000	0.000000	0.000000	0.000000	0.000000	0.000000
27	tsk_27	(x)	1	:	0.000000	0.000000	0.000000	0.377148	0.000000	0.622852	0.000000	0.000000	0.000000	0.000000
28	tsk_28	(x)	1	:	0.000000	0.000000	0.000000	1.000000	0.000000	0.000000	0.000000	0.000000	0.000000	0.000000
29	tsk_29	(x)	1	:	0.000000	0.000000	0.000000	0.000023	0.000000	0.999977	0.000000	0.000000	0.000000	0.000000
30	tsk_30	(x)	1	:	0.000000	0.000000	0.000000	0.000000	0.000000	0.000000	0.000000	0.504150	0.000000	0.495850
31	tsk_31	(x)	1	:	0.000000	0.000000	0.000000	0.000000	0.000000	0.000000	0.000000	0.000000	0.000000	1.000000
32	tsk_32	(x)	1	:	0.000000	0.000000	0.839928	0.000000	0.000000	0.000000	0.160072	0.000000	0.000000	0.000000
33	tsk_33	(x)	1	:	0.000000	0.000000	0.000000	0.000000	0.000000	0.489529	0.000000	0.510471	0.000000	0.000000
34	tsk_34	(x)	1	:	0.000000	0.000000	0.000000	0.499152	0.000000	0.000207	0.000000	0.500641	0.000000	0.000000
35	tsk_35	(x)	1	:	0.000000	0.000000	0.000000	0.732151	0.000000	0.267849	0.000000	0.000000	0.000000	0.000000
36	tsk_36	(x)	1	:	0.000000	0.000000	0.131171	0.000000	0.000000	0.000000	0.368913	0.499917	0.000000	0.000000
37	tsk_37	(x)	1	:	0.000000	0.000000	0.012420	0.000000	0.000000	0.000000	0.487590	0.499990	0.000000	0.000000
38	tsk_38	(x)	1	:	0.000000	0.000000	0.000000	0.000000	0.000000	0.489529	0.000000	0.510471	0.000000	0.000000
39	tsk_39	(x)	1	:	0.000000	0.000000	0.025666	0.000000	0.000000	0.000000	0.474359	0.499975	0.000000	0.000000
40	tsk_40	(x)	1	:	0.000000	0.000000	0.727564	0.000000	0.000000	0.000000	0.272436	0.000000	0.000000	0.000000
41	tsk_41	(x)	1	:	0.000000	0.000000	0.428924	0.000000	0.000000	0.000000	0.138047	0.000000	0.000000	0.433029
42	tsk_42	(x)	1	:	0.000000	0.000000	0.895266	0.000000	0.000000	0.000000	0.104734	0.000000	0.000000	0.000000
43	tsk_43	(x)	1	:	0.000000	0.000000	0.350708	0.000000	0.000000	0.000000	0.221826	0.000000	0.000000	0.427466
44	tsk_44	(x)	1	:	0.000000	0.000000	0.353303	0.000000	0.499820	0.000000	0.146877	0.000000	0.000000	0.000000
45	tsk_45	(x)	1	:	0.000000	0.000000	0.000000	0.000000	0.000000	0.000000	0.000000	0.000000	0.000000	1.000000
46	tsk_46	(x)	1	:	0.000000	0.000000	0.053700	0.000000	0.000000	0.000000	0.007590	0.000000	0.501563	0.437146
47	tsk_47	(x)	1	:	0.000000	0.000000	0.000000	0.000000	0.000000	0.491976	0.000000	0.000000	0.000000	0.508023
48	tsk_48	(x)	1	:	0.000000	0.524214	0.000000	0.000000	0.000000	0.475786	0.000000	0.000000	0.000000	0.000000
49	tsk_49	(x)	1	:	0.000000	0.000000	0.000000	0.511205	0.000000	0.000120	0.000000	0.000000	0.000000	0.488675
50	tsk_50	(x)	1	:	0.000000	0.000000	0.000000	0.000000	0.000000	0.489529	0.000000	0.510471	0.000000	0.000000
51	tsk_51	(x)	1	:	0.000000	0.000000	0.000000	0.000000	0.000000	1.000000	0.000000	0.000000	0.000000	0.000000
52	tsk_52	(x)	1	:	0.000000	0.000000	0.000000	0.000021	0.000000	0.999979	0.000000	0.000000	0.000000	0.000000
53	tsk_53	(x)	1	:	0.000000	0.000000	0.000000	0.620676	0.000000	0.379324	0.000000	0.000000	0.000000	0.000000
54	tsk_54	(x)	1	:	0.000000	0.000000	0.000000	1.000000	0.000000	0.000000	0.000000	0.000000	0.000000	0.000000
55	tsk_55	(x)	1	:	0.000000	0.000000	0.000000	0.511222	0.000000	0.000099	0.000000	0.000000	0.000000	0.488679
56	tsk_56	(x)	1	:	0.000000	0.000000	0.000000	0.000023	0.000000	0.999977	0.000000	0.000000	0.000000	0.000000
57	tsk_57	(x)	1	:	0.526354	0.000000	0.000000	0.000000	0.000001	0.473060	0.000000	0.000000	0.000000	0.000584
58	tsk_58	(x)	1	:	0.000000	0.000000	0.000000	0.000000	0.000000	0.000000	0.000000	0.504150	0.000000	0.495850
59	tsk_59	(x)	1	:	0.999788	0.000000	0.000000	0.000000	0.000000	0.000000	0.000000	0.000000	0.000000	0.000212
60	tsk_60	(x)	1	:	0.486477	0.000000	0.305765	0.000000	0.000000	0.000000	0.207757	0.000000	0.000000	0.000000
61	tsk_61	(x)	1	:	0.000000	0.000000	0.047957	0.000000	0.000000	0.000000	0.012298	0.000000	0.502097	0.437648
62	tsk_62	(x)	1	:	0.575184	0.000000	0.000000	0.000000	0.000000	0.000000	0.000000	0.000000	0.000000	0.424816
63	tsk_63	(x)	1	:	0.000000	0.000000	0.784341	0.000000	0.000000	0.000000	0.215659	0.000000	0.000000	0.000000
64	tsk_64	(x)	1	:	0.999938	0.000000	0.000000	0.000000	0.000000	0.000000	0.000000	0.000000	0.000000	0.000062
65	tsk_65	(x)	1	:	0.487005	0.000000	0.445938	0.000000	0.000000	0.000000	0.067057	0.000000	0.000000	0.000000
66	tsk_66	(x)	1	:	0.000000	0.000000	0.429903	0.000000	0.000000	0.000000	0.140536	0.000000	0.000000	0.429561
67	tsk_67	(x)	1	:	0.000000	0.000000	0.000000	0.000000	0.000000	0.000000	0.000000	0.000000	0.000000	1.000000
68	tsk_68	(x)	1	:	0.486464	0.000000	0.395425	0.000000	0.000000	0.000000	0.118111	0.000000	0.000000	0.000000
69	tsk_69	(x)	1	:	0.483129	0.000000	0.495434	0.000000	0.000000	0.000000	0.021437	0.000000	0.000000	0.000000
70	tsk_70	(x)	1	:	0.000000	0.000000	0.000000	0.499160	0.000000	0.000199	0.000000	0.500642	0.000000	0.000000
71	tsk_71	(x)	1	:	0.000000	0.000000	0.470574	0.000000	0.000000	0.000000	0.030867	0.000000	0.498558	0.000000
72	tsk_72	(x)	1	:	0.000000	0.000000	0.000000	0.000000	0.000000	0.000000	0.000000	1.000000	0.000000	0.000000
73	tsk_73	(x)	1	:	0.000000	0.000000	0.883411	0.000000	0.000000	0.000000	0.116589	0.000000	0.000000	0.000000
74	tsk_74	(x)	1	:	0.000000	0.000000	0.386079	0.000000	0.000000	0.471045	0.142876	0.000000	0.000000	0.000000
75	tsk_75	(x)	1	:	0.000000	0.000000	0.000000	0.000000	0.000000	0.000000	0.000000	0.000000	1.000000	0.000000
76	tsk_76	(x)	1	:	0.000000	0.000000	0.446146	0.000000	0.000000	0.000000	0.054812	0.000000	0.499042	0.000000
77	tsk_77	(x)	1	:	0.000000	0.000000	0.505175	0.000000	0.000000	0.471048	0.023777	0.000000	0.000000	0.000000
78	tsk_78	(x)	1	:	0.000000	0.000000	0.000702	0.000000	0.000000	0.000000	0.002940	0.499799	0.496560	0.000000
79	tsk_79	(x)	1	:	0.000000	0.000000	0.000000	0.000000	0.000000	0.000000	0.500000	0.500000	0.000000	0.000000
80	tsk_80	(x)	1	:	0.000000	0.000000	0.000000	0.000000	0.547488	0.452511	0.000000	0.000000	0.000000	0.000000
81	tsk_81	(x)	1	:	0.000000	0.000000	0.434084	0.000000	0.499965	0.000000	0.065951	0.000000	0.000000	0.000000
82	tsk_82	(x)	1	:	0.000000	0.000000	0.000000	0.000000	1.000000	0.000000	0.000000	0.000000	0.000000	0.000000
83	tsk_83	(x)	1	:	0.000000	0.000000	0.046673	0.000000	0.000000	0.000000	0.453373	0.499954	0.000000	0.000000
84	tsk_84	(x)	1	:	0.000000	0.000000	0.617193	0.000000	0.000000	0.000000	0.382807	0.000000	0.000000	0.000000
85	tsk_85	(x)	1	:	0.000000	0.000000	0.842854	0.000000	0.000000	0.000000	0.157146	0.000000	0.000000	0.000000
86	tsk_86	(x)	1	:	0.000000	0.000000	0.150561	0.000000	0.499625	0.000000	0.349814	0.000000	0.000000	0.000000
87	tsk_87	(x)	1	:	0.000000	0.000000	0.000000	0.000000	1.000000	0.000000	0.000000	0.000000	0.000000	0.000000
88	tsk_88	(x)	1	:	0.000000	0.000000	0.405440	0.000000	0.499857	0.000000	0.094703	0.000000	0.000000	0.000000
89	tsk_89	(x)	1	:	0.000000	0.000000	0.782570	0.000000	0.000000	0.000000	0.217429	0.000000	0.000000	0.000000
90	tsk_90	(x)	1	:	0.000000	0.000000	0.871199	0.000000	0.000000	0.000000	0.128800	0.000000	0.000000	0.000000
91	tsk_91	(x)	1	:	0.000000	0.000000	0.347434	0.000000	0.000000	0.531824	0.120742	0.000000	0.000000	0.000000
92	tsk_92	(x)	1	:	0.000000	0.000000	0.076127	0.000000	0.000000	0.000000	0.423936	0.499937	0.000000	0.000000
93	tsk_93	(x)	1	:	0.000000	0.000000	0.417149	0.000000	0.000000	0.531823	0.051027	0.000000	0.000000	0.000000
94	tsk_94	(x)	1	:	0.000000	0.000000	0.327686	0.000000	0.000000	0.531823	0.140491	0.000000	0.000000	0.000000
95	tsk_95	(x)	1	:	0.511421	0.000000	0.000000	0.000000	0.000000	0.488579	0.000000	0.000000	0.000000	0.000000
96	tsk_96	(x)	1	:	0.000000	0.000000	0.000000	0.000000	0.000000	1.000000	0.000000	0.000000	0.000000	0.000000
97	tsk_97	(x)	1	:	0.000000	0.000000	0.241581	0.000000	0.000000	0.471047	0.287372	0.000000	0.000000	0.000000
98	tsk_98	(x)	1	:	0.000000	0.000000	0.900118	0.000000	0.000000	0.000000	0.099882	0.000000	0.000000	0.000000
99	tsk_99	(x)	1	:	0.000000	0.000000	0.394391	0.000000	0.000000	0.531824	0.073785	0.000000	0.000000	0.000000
