logL = -676.636743 (converged)
AIC = 1633.273485
BIC = 1997.997311

count.K
80 20 

