logL = -935.239403 (converged)
AIC = 2420.478806
BIC = 3136.900607

count.K
36 33 31 

