logL = -550.591431 (converged)
AIC = 3187.182862
BIC = 5904.375366

count.K
4 7 9 6 38 20 4 10 2 

