logL = -771.879902 (converged)
AIC = 2623.759805
BIC = 4030.551705

count.K
17 28 20 10 25 

