logL = -956.534682 (converged)
AIC = 4017.069364
BIC = 6757.708400

count.K
34 24 1 1 6 10 0 14 10 

