logL = -723.978612 (converged)
AIC = 1739.957225
BIC = 2120.312072

count.K
23 77 

