logL = -322.177903 (converged)
AIC = 1884.355806
BIC = 3499.561322

count.K
55 3 7 8 12 15 

