logL = -363.106174 (converged)
AIC = 3006.212349
BIC = 5976.106361

count.K
10 1 7 32 1 18 4 7 9 11 

