logL = -575.091701 (converged)
AIC = 3398.183401
BIC = 6326.394690

count.K
23 2 4 19 8 4 18 5 17 

