0	tsk_0	(x)	1	:	0.000002	0.135582	0.489472	0.000000	0.374944	0.000000	0.000000	0.000000
1	tsk_1	(x)	1	:	0.000001	0.233973	0.000000	0.000000	0.766026	0.000000	0.000000	0.000000
2	tsk_2	(x)	1	:	0.000003	0.345005	0.000000	0.000000	0.654992	0.000000	0.000000	0.000000
3	tsk_3	(x)	1	:	0.000003	0.065606	0.489473	0.000000	0.444918	0.000000	0.000000	0.000000
4	tsk_4	(x)	1	:	0.000010	0.045014	0.525132	0.000000	0.429844	0.000000	0.000000	0.000000
5	tsk_5	(x)	1	:	0.000001	0.186607	0.000000	0.000000	0.813392	0.000000	0.000000	0.000000
6	tsk_6	(x)	1	:	0.000003	0.302139	0.000000	0.000000	0.697858	0.000000	0.000000	0.000000
7	tsk_7	(x)	1	:	0.000012	0.066345	0.525133	0.000000	0.408510	0.000000	0.000000	0.000000
8	tsk_8	(x)	1	:	0.000001	0.199663	0.000000	0.000000	0.800335	0.000000	0.000000	0.000000
9	tsk_9	(x)	1	:	0.000003	0.175733	0.489473	0.000000	0.334792	0.000000	0.000000	0.000000
10	tsk_10	(x)	1	:	0.000000	0.000000	1.000000	0.000000	0.000000	0.000000	0.000000	0.000000
11	tsk_11	(x)	1	:	0.000000	0.000000	0.493293	0.000000	0.000000	0.000000	0.000000	0.506707
12	tsk_12	(x)	1	:	0.000000	0.055937	0.000000	0.000000	0.003629	0.440081	0.000000	0.500353
13	tsk_13	(x)	1	:	0.000000	0.000000	1.000000	0.000000	0.000000	0.000000	0.000000	0.000000
14	tsk_14	(x)	1	:	0.000000	0.000000	0.318400	0.681600	0.000000	0.000000	0.000000	0.000000
15	tsk_15	(x)	1	:	0.000000	0.000000	0.000000	0.530290	0.000000	0.000000	0.000000	0.469710
16	tsk_16	(x)	1	:	0.000000	0.000000	0.820099	0.179901	0.000000	0.000000	0.000000	0.000000
17	tsk_17	(x)	1	:	0.000000	0.000000	0.000000	0.511042	0.000000	0.000000	0.000000	0.488958
18	tsk_18	(x)	1	:	0.000000	0.000000	0.775586	0.224414	0.000000	0.000000	0.000000	0.000000
19	tsk_19	(x)	1	:	0.000000	0.000000	0.775586	0.224414	0.000000	0.000000	0.000000	0.000000
20	tsk_20	(x)	1	:	0.000000	0.000000	0.493293	0.000000	0.000000	0.000000	0.000000	0.506707
21	tsk_21	(x)	1	:	0.000002	0.398366	0.000000	0.000000	0.101631	0.000000	0.000000	0.500002
22	tsk_22	(x)	1	:	0.000001	0.369228	0.000000	0.000000	0.130770	0.000000	0.000000	0.500001
23	tsk_23	(x)	1	:	0.000000	0.006250	0.000000	0.000000	0.002452	0.000000	0.491608	0.499690
24	tsk_24	(x)	1	:	0.000000	0.004813	0.000000	0.000000	0.003965	0.000000	0.491551	0.499671
25	tsk_25	(x)	1	:	0.000000	0.000000	0.493293	0.000000	0.000000	0.000000	0.000000	0.506707
26	tsk_26	(x)	1	:	0.000000	0.004992	0.000000	0.000000	0.002590	0.000000	0.492450	0.499969
27	tsk_27	(x)	1	:	0.000001	0.429807	0.000000	0.000000	0.070191	0.000000	0.000000	0.500001
28	tsk_28	(x)	1	:	0.000000	0.000231	0.490195	0.000000	0.014440	0.000000	0.495134	0.000000
29	tsk_29	(x)	1	:	0.000000	0.000000	0.000000	0.000000	0.000000	0.000000	0.000000	1.000000
30	tsk_30	(x)	1	:	0.000001	0.247766	0.000000	0.000000	0.752233	0.000000	0.000000	0.000000
31	tsk_31	(x)	1	:	0.000000	0.009463	0.023357	0.463918	0.007818	0.000000	0.495444	0.000000
32	tsk_32	(x)	1	:	0.000000	0.000000	0.546842	0.453158	0.000000	0.000000	0.000000	0.000000
33	tsk_33	(x)	1	:	0.000001	0.427878	0.000000	0.000000	0.072120	0.000000	0.000000	0.500001
34	tsk_34	(x)	1	:	0.000001	0.348463	0.000000	0.000000	0.151535	0.000000	0.000000	0.500001
35	tsk_35	(x)	1	:	0.000000	0.375588	0.000000	0.000000	0.124411	0.000000	0.000000	0.500000
36	tsk_36	(x)	1	:	0.000002	0.241918	0.000000	0.000000	0.758080	0.000000	0.000000	0.000000
37	tsk_37	(x)	1	:	0.000003	0.084453	0.523887	0.000000	0.391657	0.000000	0.000000	0.000000
38	tsk_38	(x)	1	:	0.000003	0.546490	0.000000	0.000000	0.453507	0.000000	0.000000	0.000000
39	tsk_39	(x)	1	:	0.000014	0.180581	0.000000	0.000000	0.326861	0.000000	0.492544	0.000000
40	tsk_40	(x)	1	:	0.000003	0.056068	0.302024	0.187548	0.454357	0.000000	0.000000	0.000000
41	tsk_41	(x)	1	:	0.000000	0.000000	1.000000	0.000000	0.000000	0.000000	0.000000	0.000000
42	tsk_42	(x)	1	:	0.507464	0.000144	0.000000	0.000000	0.000087	0.000000	0.492305	0.000000
43	tsk_43	(x)	1	:	0.507474	0.000152	0.000000	0.000000	0.000063	0.000000	0.492310	0.000000
44	tsk_44	(x)	1	:	0.000000	0.000057	0.521359	0.000000	0.000156	0.000000	0.478427	0.000000
45	tsk_45	(x)	1	:	0.000000	0.000000	0.844221	0.155779	0.000000	0.000000	0.000000	0.000000
46	tsk_46	(x)	1	:	0.000011	0.043984	0.000000	0.000000	0.463463	0.000000	0.492542	0.000000
47	tsk_47	(x)	1	:	0.000003	0.000000	0.525145	0.000000	0.474853	0.000000	0.000000	0.000000
48	tsk_48	(x)	1	:	0.000003	0.153149	0.489473	0.000000	0.357376	0.000000	0.000000	0.000000
49	tsk_49	(x)	1	:	0.000000	0.000000	0.305812	0.187568	0.000000	0.000000	0.000000	0.506620
50	tsk_50	(x)	1	:	0.000004	0.273796	0.000000	0.000000	0.726200	0.000000	0.000000	0.000000
51	tsk_51	(x)	1	:	0.000002	0.271504	0.033050	0.455626	0.239817	0.000000	0.000000	0.000000
52	tsk_52	(x)	1	:	0.000001	0.172582	0.032891	0.455752	0.338774	0.000000	0.000000	0.000000
53	tsk_53	(x)	1	:	0.000003	0.210258	0.000000	0.000000	0.789739	0.000000	0.000000	0.000000
54	tsk_54	(x)	1	:	0.000002	0.286464	0.032786	0.455834	0.224913	0.000000	0.000000	0.000000
55	tsk_55	(x)	1	:	0.000000	0.000000	0.493293	0.000000	0.000000	0.000000	0.000000	0.506707
56	tsk_56	(x)	1	:	0.000001	0.349395	0.000000	0.000000	0.150604	0.000000	0.000000	0.500001
57	tsk_57	(x)	1	:	0.000001	0.239219	0.033134	0.455560	0.272086	0.000000	0.000000	0.000000
58	tsk_58	(x)	1	:	0.000006	0.175141	0.000000	0.000000	0.332316	0.000000	0.492537	0.000000
59	tsk_59	(x)	1	:	0.000004	0.452299	0.000000	0.000000	0.547697	0.000000	0.000000	0.000000
60	tsk_60	(x)	1	:	0.000000	0.005885	0.000000	0.000000	0.001423	0.000000	0.492655	0.500037
61	tsk_61	(x)	1	:	0.000000	0.000000	0.000000	0.000000	0.000000	0.000000	1.000000	0.000000
62	tsk_62	(x)	1	:	0.000000	0.000000	0.467142	0.000000	0.000001	0.000000	0.532857	0.000000
63	tsk_63	(x)	1	:	0.000001	0.312235	0.000000	0.000000	0.187763	0.000000	0.000000	0.500001
64	tsk_64	(x)	1	:	0.000004	0.217696	0.000000	0.000000	0.782300	0.000000	0.000000	0.000000
65	tsk_65	(x)	1	:	0.000000	0.000000	1.000000	0.000000	0.000000	0.000000	0.000000	0.000000
66	tsk_66	(x)	1	:	0.000000	0.000000	0.000000	0.000000	0.000000	0.000000	1.000000	0.000000
67	tsk_67	(x)	1	:	0.000000	0.007829	0.000000	0.000000	0.001668	0.000000	0.491011	0.499493
68	tsk_68	(x)	1	:	0.000000	0.000000	0.000000	0.000000	0.000000	0.000000	1.000000	0.000000
69	tsk_69	(x)	1	:	0.000000	0.007706	0.000000	0.000000	0.001431	0.000000	0.491280	0.499582
70	tsk_70	(x)	1	:	0.000002	0.441011	0.000000	0.000000	0.558986	0.000000	0.000000	0.000000
71	tsk_71	(x)	1	:	0.000004	0.516032	0.000000	0.000000	0.483964	0.000000	0.000000	0.000000
72	tsk_72	(x)	1	:	0.000002	0.068485	0.489473	0.000000	0.442040	0.000000	0.000000	0.000000
73	tsk_73	(x)	1	:	0.000004	0.530615	0.000000	0.000000	0.469381	0.000000	0.000000	0.000000
74	tsk_74	(x)	1	:	0.000003	0.268633	0.000000	0.000000	0.731365	0.000000	0.000000	0.000000
75	tsk_75	(x)	1	:	0.000002	0.160576	0.000000	0.000000	0.839423	0.000000	0.000000	0.000000
76	tsk_76	(x)	1	:	0.000002	0.257430	0.000000	0.000000	0.742568	0.000000	0.000000	0.000000
77	tsk_77	(x)	1	:	0.000005	0.116267	0.489474	0.000000	0.394254	0.000000	0.000000	0.000000
78	tsk_78	(x)	1	:	0.000005	0.119329	0.000000	0.000000	0.388130	0.000000	0.492537	0.000000
79	tsk_79	(x)	1	:	0.000006	0.125949	0.000000	0.000000	0.381507	0.000000	0.492538	0.000000
80	tsk_80	(x)	1	:	0.000000	0.000000	0.000000	0.511042	0.000000	0.000000	0.000000	0.488958
81	tsk_81	(x)	1	:	0.000005	0.104793	0.000000	0.000000	0.402665	0.000000	0.492537	0.000000
82	tsk_82	(x)	1	:	0.000000	0.000000	0.000000	0.000000	0.000000	0.000000	1.000000	0.000000
83	tsk_83	(x)	1	:	0.000000	0.000000	0.000000	0.000000	0.000000	0.000000	1.000000	0.000000
84	tsk_84	(x)	1	:	0.000000	0.000924	0.000000	0.000000	0.004775	0.508552	0.485749	0.000000
85	tsk_85	(x)	1	:	0.000000	0.000000	0.491096	0.000000	0.010584	0.000000	0.498320	0.000000
86	tsk_86	(x)	1	:	0.000000	0.000000	0.000000	0.000000	0.000000	0.000000	1.000000	0.000000
87	tsk_87	(x)	1	:	0.000000	0.000000	0.467286	0.000000	0.000000	0.000000	0.532714	0.000000
88	tsk_88	(x)	1	:	0.000000	0.000000	0.000000	0.511042	0.000000	0.000000	0.000000	0.488958
89	tsk_89	(x)	1	:	0.000001	0.302827	0.000000	0.000000	0.197171	0.000000	0.000000	0.500001
90	tsk_90	(x)	1	:	0.000000	0.000000	1.000000	0.000000	0.000000	0.000000	0.000000	0.000000
91	tsk_91	(x)	1	:	0.000001	0.083889	0.525144	0.000000	0.390966	0.000000	0.000000	0.000000
92	tsk_92	(x)	1	:	0.000000	0.000000	1.000000	0.000000	0.000000	0.000000	0.000000	0.000000
93	tsk_93	(x)	1	:	0.000000	0.018907	0.000000	0.000000	0.052502	0.928591	0.000000	0.000000
94	tsk_94	(x)	1	:	0.000000	0.000000	0.487614	0.000000	0.003194	0.509192	0.000000	0.000000
95	tsk_95	(x)	1	:	0.000002	0.348535	0.000000	0.000000	0.151462	0.000000	0.000000	0.500002
96	tsk_96	(x)	1	:	0.000001	0.059339	0.000000	0.000000	0.409306	0.531354	0.000000	0.000000
97	tsk_97	(x)	1	:	0.000009	0.039728	0.000000	0.000000	0.467723	0.000000	0.492540	0.000000
98	tsk_98	(x)	1	:	0.000003	0.100569	0.000000	0.000000	0.899427	0.000000	0.000000	0.000000
99	tsk_99	(x)	1	:	0.000001	0.361628	0.000000	0.000000	0.138370	0.000000	0.000000	0.500001
