logL = -416.278534 (converged)
AIC = 1568.557067
BIC = 2527.259696

count.K
7 19 5 69 

