logL = -320.395119 (converged)
AIC = 2274.790238
BIC = 4403.214280

count.K
5 4 2 2 10 6 71 

