logL = -965.215119 (converged)
AIC = 3080.430238
BIC = 4578.403095

count.K
20 16 27 15 22 

