logL = -754.384346 (converged)
AIC = 2820.768691
BIC = 4529.760333

count.K
27 26 29 15 3 0 

