logL = -232.053631 (converged)
AIC = 1152.107263
BIC = 2048.285807

count.K
52 26 16 6 

