logL = -274.650385 (converged)
AIC = 1801.300769
BIC = 3432.137306

count.K
8 54 4 8 12 14 

