0	tsk_0	(x)	1	:	0.000000	0.000000	0.000000	0.783636	0.216364	0.000000	0.000000	0.000000	0.000000
1	tsk_1	(x)	1	:	0.000000	0.000000	0.000000	0.883013	0.116987	0.000000	0.000000	0.000000	0.000000
2	tsk_2	(x)	1	:	0.000000	0.000000	0.000000	0.874283	0.125717	0.000000	0.000000	0.000000	0.000000
3	tsk_3	(x)	1	:	0.000000	0.000000	0.000000	0.411619	0.089127	0.000000	0.499254	0.000000	0.000000
4	tsk_4	(x)	1	:	0.000000	0.000000	1.000000	0.000000	0.000000	0.000000	0.000000	0.000000	0.000000
5	tsk_5	(x)	1	:	0.000000	0.000000	0.000000	0.000000	0.000000	0.000000	1.000000	0.000000	0.000000
6	tsk_6	(x)	1	:	0.000000	0.000000	0.000000	0.428194	0.072132	0.000000	0.499674	0.000000	0.000000
7	tsk_7	(x)	1	:	0.000000	0.000000	0.000000	0.413091	0.087552	0.000000	0.499357	0.000000	0.000000
8	tsk_8	(x)	1	:	0.000000	0.000000	0.000000	0.867966	0.132034	0.000000	0.000000	0.000000	0.000000
9	tsk_9	(x)	1	:	0.000000	0.000000	1.000000	0.000000	0.000000	0.000000	0.000000	0.000000	0.000000
10	tsk_10	(x)	1	:	0.000000	0.000000	0.000000	0.482282	0.111014	0.000000	0.000000	0.406703	0.000000
11	tsk_11	(x)	1	:	0.000000	0.000000	0.000000	0.000068	0.000006	0.460015	0.000000	0.539910	0.000000
12	tsk_12	(x)	1	:	0.000000	0.000000	0.000000	0.000000	0.000000	0.000000	0.000000	1.000000	0.000000
13	tsk_13	(x)	1	:	0.000000	0.000000	0.000000	0.000000	0.000000	1.000000	0.000000	0.000000	0.000000
14	tsk_14	(x)	1	:	0.000000	0.000000	0.000000	0.000000	0.000000	0.000000	0.000000	1.000000	0.000000
15	tsk_15	(x)	1	:	0.000000	0.000000	0.000000	0.000000	0.000000	0.000000	0.000000	1.000000	0.000000
16	tsk_16	(x)	1	:	0.000000	0.000000	0.000000	0.000000	0.000000	0.000000	0.468842	0.531157	0.000000
17	tsk_17	(x)	1	:	0.000000	0.000000	0.000000	0.000000	0.000000	0.000000	0.000000	1.000000	0.000000
18	tsk_18	(x)	1	:	0.000000	0.000000	0.000000	0.000083	0.000009	0.460002	0.000000	0.539905	0.000000
19	tsk_19	(x)	1	:	0.000000	0.000000	0.000000	0.077873	0.015127	0.000000	0.500122	0.406878	0.000000
20	tsk_20	(x)	1	:	0.000000	0.000000	0.000000	0.000000	0.000000	0.000000	1.000000	0.000000	0.000000
21	tsk_21	(x)	1	:	0.000000	0.000000	0.000000	0.463303	0.037063	0.000000	0.499634	0.000000	0.000000
22	tsk_22	(x)	1	:	0.000000	0.000000	0.000000	0.337532	0.106990	0.000000	0.000000	0.555478	0.000000
23	tsk_23	(x)	1	:	0.000000	0.000000	0.000000	0.669614	0.081015	0.000000	0.249371	0.000000	0.000000
24	tsk_24	(x)	1	:	0.509793	0.000000	0.000000	0.052905	0.437302	0.000000	0.000000	0.000000	0.000000
25	tsk_25	(x)	1	:	0.000000	0.000000	0.000000	0.856680	0.143320	0.000000	0.000000	0.000000	0.000000
26	tsk_26	(x)	1	:	0.000000	0.000000	0.000000	0.232569	0.017741	0.499800	0.249891	0.000000	0.000000
27	tsk_27	(x)	1	:	0.497034	0.000000	0.000000	0.000000	0.000000	0.000000	0.000000	0.502966	0.000000
28	tsk_28	(x)	1	:	0.000000	0.000000	0.000000	0.591130	0.164521	0.000000	0.244349	0.000000	0.000000
29	tsk_29	(x)	1	:	0.000000	0.000000	0.000000	0.223592	0.026632	0.499855	0.249921	0.000000	0.000000
30	tsk_30	(x)	1	:	1.000000	0.000000	0.000000	0.000000	0.000000	0.000000	0.000000	0.000000	0.000000
31	tsk_31	(x)	1	:	0.000000	0.000000	0.499284	0.461407	0.039309	0.000000	0.000000	0.000000	0.000000
32	tsk_32	(x)	1	:	0.000000	0.000000	0.500392	0.078808	0.013870	0.000000	0.000000	0.406930	0.000000
33	tsk_33	(x)	1	:	0.000000	0.000000	0.000000	0.000001	0.000000	0.000000	0.000000	0.501054	0.498945
34	tsk_34	(x)	1	:	0.000000	0.000000	0.000000	0.006887	0.000320	0.495188	0.497605	0.000000	0.000000
35	tsk_35	(x)	1	:	0.477572	0.000000	0.000000	0.000000	0.000000	0.000000	0.000000	0.522428	0.000000
36	tsk_36	(x)	1	:	0.484563	0.000000	0.000000	0.032332	0.483104	0.000000	0.000000	0.000000	0.000000
37	tsk_37	(x)	1	:	0.484563	0.000000	0.000000	0.044205	0.471231	0.000000	0.000000	0.000000	0.000000
38	tsk_38	(x)	1	:	0.000000	0.000000	0.500218	0.080325	0.012595	0.000000	0.000000	0.406862	0.000000
39	tsk_39	(x)	1	:	0.000000	0.000000	0.000000	0.000003	0.000000	0.000000	0.000000	0.000000	0.999997
40	tsk_40	(x)	1	:	1.000000	0.000000	0.000000	0.000000	0.000000	0.000000	0.000000	0.000000	0.000000
41	tsk_41	(x)	1	:	0.508858	0.000000	0.488210	0.000243	0.002689	0.000000	0.000000	0.000000	0.000000
42	tsk_42	(x)	1	:	0.509793	0.000000	0.000000	0.026276	0.463931	0.000000	0.000000	0.000000	0.000000
43	tsk_43	(x)	1	:	1.000000	0.000000	0.000000	0.000000	0.000000	0.000000	0.000000	0.000000	0.000000
44	tsk_44	(x)	1	:	0.000000	0.000000	0.000000	0.000000	0.000000	0.000000	1.000000	0.000000	0.000000
45	tsk_45	(x)	1	:	0.000000	0.000000	1.000000	0.000000	0.000000	0.000000	0.000000	0.000000	0.000000
46	tsk_46	(x)	1	:	0.000000	0.000000	0.000000	0.000000	0.000000	0.000000	1.000000	0.000000	0.000000
47	tsk_47	(x)	1	:	0.508110	0.345647	0.000000	0.000000	0.000000	0.000000	0.146243	0.000000	0.000000
48	tsk_48	(x)	1	:	0.508386	0.000000	0.000000	0.000021	0.000435	0.000000	0.491158	0.000000	0.000000
49	tsk_49	(x)	1	:	0.000000	0.000000	0.000000	0.459322	0.040871	0.000000	0.499807	0.000000	0.000000
50	tsk_50	(x)	1	:	0.000000	0.000000	0.000000	0.318164	0.126278	0.000000	0.000000	0.555559	0.000000
51	tsk_51	(x)	1	:	0.000000	0.000000	0.499162	0.343306	0.157532	0.000000	0.000000	0.000000	0.000000
52	tsk_52	(x)	1	:	0.000000	0.000000	0.000000	0.456198	0.044064	0.000000	0.499738	0.000000	0.000000
53	tsk_53	(x)	1	:	0.000000	0.000000	0.500809	0.077632	0.014465	0.000000	0.000000	0.407094	0.000000
54	tsk_54	(x)	1	:	0.000000	0.000000	0.000000	0.755096	0.244904	0.000000	0.000000	0.000000	0.000000
55	tsk_55	(x)	1	:	0.000000	0.000000	0.498131	0.349668	0.152201	0.000000	0.000000	0.000000	0.000000
56	tsk_56	(x)	1	:	0.000000	0.000000	0.499486	0.369496	0.131017	0.000000	0.000000	0.000000	0.000000
57	tsk_57	(x)	1	:	0.484563	0.000000	0.000000	0.166597	0.348840	0.000000	0.000000	0.000000	0.000000
58	tsk_58	(x)	1	:	0.000000	0.000000	0.499788	0.434756	0.065456	0.000000	0.000000	0.000000	0.000000
59	tsk_59	(x)	1	:	0.000000	0.000000	0.000000	0.272804	0.171741	0.000000	0.000000	0.555455	0.000000
60	tsk_60	(x)	1	:	0.000000	0.000000	0.000000	0.722428	0.277572	0.000000	0.000000	0.000000	0.000000
61	tsk_61	(x)	1	:	0.000000	0.000000	0.000000	0.855568	0.144432	0.000000	0.000000	0.000000	0.000000
62	tsk_62	(x)	1	:	0.000000	0.000000	0.000000	0.885466	0.114534	0.000000	0.000000	0.000000	0.000000
63	tsk_63	(x)	1	:	0.000000	0.000000	0.000000	0.778117	0.221882	0.000000	0.000000	0.000000	0.000000
64	tsk_64	(x)	1	:	0.000000	0.000000	0.499187	0.342369	0.158443	0.000000	0.000000	0.000000	0.000000
65	tsk_65	(x)	1	:	0.000000	0.000000	0.000000	0.800378	0.199622	0.000000	0.000000	0.000000	0.000000
66	tsk_66	(x)	1	:	0.000000	0.000000	0.000000	0.843251	0.156748	0.000000	0.000000	0.000000	0.000000
67	tsk_67	(x)	1	:	0.484563	0.000000	0.000000	0.040442	0.474994	0.000000	0.000000	0.000000	0.000000
68	tsk_68	(x)	1	:	0.000000	0.000000	0.000000	0.623681	0.376319	0.000000	0.000000	0.000000	0.000000
69	tsk_69	(x)	1	:	0.000000	0.000000	0.499474	0.459443	0.041082	0.000000	0.000000	0.000000	0.000000
70	tsk_70	(x)	1	:	0.506621	0.000000	0.000000	0.000174	0.000313	0.000000	0.492892	0.000000	0.000000
71	tsk_71	(x)	1	:	0.000000	0.000000	0.000000	0.000000	0.000000	0.000000	0.468842	0.531157	0.000000
72	tsk_72	(x)	1	:	0.507740	0.000000	0.000000	0.015150	0.070408	0.000000	0.000000	0.406702	0.000000
73	tsk_73	(x)	1	:	1.000000	0.000000	0.000000	0.000000	0.000000	0.000000	0.000000	0.000000	0.000000
74	tsk_74	(x)	1	:	0.507051	0.000000	0.000000	0.000855	0.000905	0.491189	0.000000	0.000000	0.000000
75	tsk_75	(x)	1	:	0.000000	0.441966	0.000000	0.558034	0.000000	0.000000	0.000000	0.000000	0.000000
76	tsk_76	(x)	1	:	0.507730	0.000000	0.000000	0.030676	0.211768	0.000000	0.249827	0.000000	0.000000
77	tsk_77	(x)	1	:	0.000000	0.000000	0.000000	0.000000	0.000000	1.000000	0.000000	0.000000	0.000000
78	tsk_78	(x)	1	:	0.000000	0.000000	0.000000	0.000000	0.000000	1.000000	0.000000	0.000000	0.000000
79	tsk_79	(x)	1	:	0.481863	0.518137	0.000000	0.000000	0.000000	0.000000	0.000000	0.000000	0.000000
80	tsk_80	(x)	1	:	0.000000	0.000000	0.000000	0.336654	0.107891	0.000000	0.000000	0.555455	0.000000
81	tsk_81	(x)	1	:	0.509793	0.000000	0.000000	0.069168	0.421040	0.000000	0.000000	0.000000	0.000000
82	tsk_82	(x)	1	:	0.000000	0.000000	0.000000	0.460916	0.039530	0.000000	0.499554	0.000000	0.000000
83	tsk_83	(x)	1	:	0.000000	0.000000	0.000000	0.377011	0.067407	0.000000	0.000000	0.555582	0.000000
84	tsk_84	(x)	1	:	0.000000	0.000000	0.000000	0.662432	0.337568	0.000000	0.000000	0.000000	0.000000
85	tsk_85	(x)	1	:	0.000000	0.000000	0.000000	0.631248	0.368752	0.000000	0.000000	0.000000	0.000000
86	tsk_86	(x)	1	:	0.000000	0.000000	0.000000	0.892924	0.107076	0.000000	0.000000	0.000000	0.000000
87	tsk_87	(x)	1	:	0.000000	0.000000	0.000000	0.823867	0.176133	0.000000	0.000000	0.000000	0.000000
88	tsk_88	(x)	1	:	0.000000	0.000000	0.000000	0.793474	0.206526	0.000000	0.000000	0.000000	0.000000
89	tsk_89	(x)	1	:	0.000000	0.000000	0.000000	0.310931	0.133704	0.000000	0.000000	0.555365	0.000000
90	tsk_90	(x)	1	:	0.000000	0.000000	0.000000	0.536907	0.056641	0.000000	0.000000	0.406452	0.000000
91	tsk_91	(x)	1	:	0.000000	0.000000	0.000000	0.860402	0.139598	0.000000	0.000000	0.000000	0.000000
92	tsk_92	(x)	1	:	0.000000	0.000000	0.000000	0.489043	0.013491	0.497465	0.000000	0.000000	0.000000
93	tsk_93	(x)	1	:	0.484563	0.000000	0.000000	0.133448	0.381988	0.000000	0.000000	0.000000	0.000000
94	tsk_94	(x)	1	:	0.000000	0.000000	0.000000	0.080232	0.011247	0.501254	0.000000	0.407268	0.000000
95	tsk_95	(x)	1	:	0.000000	0.000000	0.000000	0.490460	0.102870	0.000000	0.000000	0.406671	0.000000
96	tsk_96	(x)	1	:	0.000000	0.000000	0.000000	0.387234	0.113579	0.000000	0.499187	0.000000	0.000000
97	tsk_97	(x)	1	:	0.000000	0.000000	0.000000	0.971631	0.028369	0.000000	0.000000	0.000000	0.000000
98	tsk_98	(x)	1	:	0.000000	0.000000	0.000000	0.452533	0.140769	0.000000	0.000000	0.406698	0.000000
99	tsk_99	(x)	1	:	0.484563	0.000000	0.000000	0.073689	0.441747	0.000000	0.000000	0.000000	0.000000
