logL = -1284.307014 (converged)
AIC = 5248.614028
BIC = 8739.542077

count.K
12 14 19 2 11 7 15 2 14 4 

