logL = -1079.643943 (converged)
AIC = 3309.287886
BIC = 4807.260743

count.K
7 17 39 12 25 

