logL = -1297.740714 (converged)
AIC = 4699.481428
BIC = 7440.120463

count.K
11 7 26 3 16 16 10 11 

