logL = -601.420863 (converged)
AIC = 2626.841726
BIC = 4481.722898

count.K
20 15 12 6 16 22 9 

