logL = -1346.016257 (converged)
AIC = 3508.032515
BIC = 4570.941951

count.K
24 20 40 16 

