logL = -715.731913 (converged)
AIC = 3093.463826
BIC = 5258.360251

count.K
15 22 15 14 2 27 5 

