logL = -353.237878 (converged)
AIC = 2906.475757
BIC = 5772.162961

count.K
10 3 0 6 11 3 14 16 27 10 

