logL = -474.431364 (converged)
AIC = 2212.862728
BIC = 3859.330285

count.K
32 8 17 11 17 15 

