logL = -842.513577 (converged)
AIC = 4059.027154
BIC = 7151.364165

count.K
8 5 19 0 10 5 8 39 6 

