logL = -582.719946 (converged)
AIC = 3377.439892
BIC = 6258.758118

count.K
9 17 11 7 11 18 12 4 11 

