logL = -425.727472 (converged)
AIC = 2793.454944
BIC = 5323.075195

count.K
24 4 2 20 4 10 16 14 6 

