logL = -416.664578 (converged)
AIC = 2811.329156
BIC = 5387.842470

count.K
8 5 6 1 31 13 7 6 23 

