logL = -568.888538 (converged)
AIC = 2729.777076
BIC = 4803.492544

count.K
20 13 13 3 8 7 36 

