logL = -510.620690 (converged)
AIC = 3261.241381
BIC = 6179.031989

count.K
12 22 1 5 13 15 0 9 10 13 

