logL = -2557.131223 (converged)
AIC = 5820.262446
BIC = 6739.887521

count.K
63 1 36 

