logL = -461.882256 (converged)
AIC = 2901.764512
BIC = 5478.277826

count.K
2 19 2 4 38 15 9 10 1 

