logL = -632.761874 (converged)
AIC = 2073.523748
BIC = 3126.012504

count.K
8 34 7 51 

