logL = -861.117491 (converged)
AIC = 4102.234983
BIC = 7202.387504

count.K
4 11 4 29 6 16 13 3 2 12 

