logL = -583.716636 (converged)
AIC = 1699.433272
BIC = 2392.408541

count.K
31 35 34 

