logL = -1439.006266 (converged)
AIC = 3846.012532
BIC = 5106.914902

count.K
21 17 32 30 

