logL = -329.755555 (converged)
AIC = 1911.511110
BIC = 3542.347646

count.K
7 9 9 27 15 33 

