logL = -930.963085 (converged)
AIC = 2725.926169
BIC = 3851.359690

count.K
29 33 14 24 

