logL = -677.807201 (converged)
AIC = 1899.614401
BIC = 2608.220692

count.K
42 29 29 

