logL = -650.541733 (converged)
AIC = 2851.083465
BIC = 4870.090359

count.K
70 8 2 1 4 4 11 

