logL = -450.238617 (converged)
AIC = 1652.477234
BIC = 2632.021224

count.K
0 45 22 33 

