logL = -400.852005 (converged)
AIC = 3061.704010
BIC = 6005.546320

count.K
1 11 5 2 1 18 3 46 6 7 

