logL = -556.472458 (converged)
AIC = 3252.944917
BIC = 6040.477016

count.K
44 6 2 15 2 13 7 8 3 

