logL = -734.589645 (converged)
AIC = 2879.179291
BIC = 4715.824272

count.K
61 4 7 17 11 

