logL = -461.157466 (converged)
AIC = 2674.314932
BIC = 4956.444015

count.K
14 16 17 16 18 13 0 6 

