logL = -842.010145 (converged)
AIC = 3724.020290
BIC = 6381.293880

count.K
4 4 12 17 16 28 8 11 

