logL = -980.849902 (converged)
AIC = 3561.699804
BIC = 5645.835953

count.K
18 47 3 7 15 10 

