logL = -526.053600 (converged)
AIC = 2292.107200
BIC = 3907.312715

count.K
2 2 20 26 25 25 

