0	tsk_0	(x)	1	:	0.000000	0.000000	0.394318	0.538104	0.000000	0.000000	0.000000	0.000000	0.000000	0.067578
1	tsk_1	(x)	1	:	0.021223	0.074822	0.392866	0.039816	0.000000	0.402318	0.000000	0.000000	0.000000	0.068955
2	tsk_2	(x)	1	:	0.100723	0.501081	0.000000	0.000000	0.000000	0.398196	0.000000	0.000000	0.000000	0.000000
3	tsk_3	(x)	1	:	0.088208	0.911791	0.000000	0.000000	0.000000	0.000000	0.000000	0.000000	0.000000	0.000000
4	tsk_4	(x)	1	:	0.031404	0.570295	0.000000	0.000000	0.000000	0.398301	0.000000	0.000000	0.000000	0.000000
5	tsk_5	(x)	1	:	0.054248	0.036738	0.392764	0.041934	0.000000	0.405920	0.000000	0.000000	0.000000	0.068396
6	tsk_6	(x)	1	:	0.139655	0.860345	0.000000	0.000000	0.000000	0.000000	0.000000	0.000000	0.000000	0.000000
7	tsk_7	(x)	1	:	0.000000	0.000000	0.394318	0.538104	0.000000	0.000000	0.000000	0.000000	0.000000	0.067578
8	tsk_8	(x)	1	:	0.002236	0.000000	0.000000	0.456272	0.000000	0.541492	0.000000	0.000000	0.000000	0.000000
9	tsk_9	(x)	1	:	0.000000	0.000000	0.000000	0.522762	0.000000	0.477238	0.000000	0.000000	0.000000	0.000000
10	tsk_10	(x)	1	:	0.000000	0.000000	0.000000	0.014254	0.498023	0.000000	0.000000	0.000000	0.000000	0.487723
11	tsk_11	(x)	1	:	0.000000	0.000000	0.000000	0.013859	0.498278	0.000000	0.000000	0.000000	0.000000	0.487863
12	tsk_12	(x)	1	:	0.056825	0.441867	0.000000	0.005576	0.495732	0.000000	0.000000	0.000000	0.000000	0.000000
13	tsk_13	(x)	1	:	0.000000	0.000000	0.000000	0.000000	0.469211	0.000000	0.000000	0.530789	0.000000	0.000000
14	tsk_14	(x)	1	:	0.163013	0.335697	0.000000	0.005502	0.495788	0.000000	0.000000	0.000000	0.000000	0.000000
15	tsk_15	(x)	1	:	0.114651	0.386204	0.000000	0.499145	0.000000	0.000000	0.000000	0.000000	0.000000	0.000000
16	tsk_16	(x)	1	:	0.087340	0.912660	0.000000	0.000000	0.000000	0.000000	0.000000	0.000000	0.000000	0.000000
17	tsk_17	(x)	1	:	0.083569	0.416760	0.000000	0.499671	0.000000	0.000000	0.000000	0.000000	0.000000	0.000000
18	tsk_18	(x)	1	:	0.089671	0.409535	0.000000	0.004022	0.496772	0.000000	0.000000	0.000000	0.000000	0.000000
19	tsk_19	(x)	1	:	0.000000	0.000000	0.000000	0.000000	0.000000	0.000000	0.000000	1.000000	0.000000	0.000000
20	tsk_20	(x)	1	:	0.000000	0.000000	0.662513	0.000000	0.000000	0.000000	0.000000	0.000000	0.000000	0.337487
21	tsk_21	(x)	1	:	0.000000	0.000000	0.536114	0.463885	0.000000	0.000000	0.000000	0.000000	0.000000	0.000000
22	tsk_22	(x)	1	:	0.000000	0.000000	0.000000	0.797322	0.000000	0.000000	0.000000	0.000000	0.000000	0.202677
23	tsk_23	(x)	1	:	0.000000	0.000000	0.000000	1.000000	0.000000	0.000000	0.000000	0.000000	0.000000	0.000000
24	tsk_24	(x)	1	:	0.000000	0.000000	0.536114	0.463885	0.000000	0.000000	0.000000	0.000000	0.000000	0.000000
25	tsk_25	(x)	1	:	0.139436	0.860564	0.000000	0.000000	0.000000	0.000000	0.000000	0.000000	0.000000	0.000000
26	tsk_26	(x)	1	:	0.049407	0.431041	0.519552	0.000000	0.000000	0.000000	0.000000	0.000000	0.000000	0.000000
27	tsk_27	(x)	1	:	0.000000	0.000000	0.000000	0.379162	0.000000	0.000000	0.000000	0.000000	0.000000	0.620838
28	tsk_28	(x)	1	:	0.000000	0.000000	0.369031	0.312790	0.000000	0.000000	0.000000	0.000000	0.000000	0.318179
29	tsk_29	(x)	1	:	0.000000	0.000000	0.000000	0.000000	0.000000	0.000000	0.000000	0.000000	0.000000	1.000000
30	tsk_30	(x)	1	:	0.196260	0.803740	0.000000	0.000000	0.000000	0.000000	0.000000	0.000000	0.000000	0.000000
31	tsk_31	(x)	1	:	0.187395	0.812605	0.000000	0.000000	0.000000	0.000000	0.000000	0.000000	0.000000	0.000000
32	tsk_32	(x)	1	:	0.073476	0.424499	0.000000	0.008368	0.493657	0.000000	0.000000	0.000000	0.000000	0.000000
33	tsk_33	(x)	1	:	0.000000	0.000000	0.213235	0.350149	0.000000	0.000000	0.000000	0.000000	0.000000	0.436616
34	tsk_34	(x)	1	:	0.110098	0.889901	0.000000	0.000000	0.000000	0.000000	0.000000	0.000000	0.000000	0.000000
35	tsk_35	(x)	1	:	0.000000	0.000000	0.000000	0.500000	0.500000	0.000000	0.000000	0.000000	0.000000	0.000000
36	tsk_36	(x)	1	:	0.000000	0.000000	0.000000	0.000000	0.535981	0.464019	0.000000	0.000000	0.000000	0.000000
37	tsk_37	(x)	1	:	0.000004	0.000000	0.000000	0.479561	0.000000	0.520434	0.000000	0.000000	0.000000	0.000000
38	tsk_38	(x)	1	:	0.000000	0.498398	0.000000	0.006501	0.495102	0.000000	0.000000	0.000000	0.000000	0.000000
39	tsk_39	(x)	1	:	0.000000	0.000000	0.394623	0.039303	0.499351	0.000000	0.000000	0.000000	0.000000	0.066723
40	tsk_40	(x)	1	:	0.196726	0.803274	0.000000	0.000000	0.000000	0.000000	0.000000	0.000000	0.000000	0.000000
41	tsk_41	(x)	1	:	1.000000	0.000000	0.000000	0.000000	0.000000	0.000000	0.000000	0.000000	0.000000	0.000000
42	tsk_42	(x)	1	:	0.116541	0.883459	0.000000	0.000000	0.000000	0.000000	0.000000	0.000000	0.000000	0.000000
43	tsk_43	(x)	1	:	0.087990	0.912010	0.000000	0.000000	0.000000	0.000000	0.000000	0.000000	0.000000	0.000000
44	tsk_44	(x)	1	:	0.144689	0.855310	0.000000	0.000000	0.000000	0.000000	0.000000	0.000000	0.000000	0.000000
45	tsk_45	(x)	1	:	0.282743	0.215740	0.000000	0.006594	0.000000	0.000000	0.494922	0.000000	0.000000	0.000000
46	tsk_46	(x)	1	:	0.094303	0.905697	0.000000	0.000000	0.000000	0.000000	0.000000	0.000000	0.000000	0.000000
47	tsk_47	(x)	1	:	0.161713	0.338419	0.000000	0.499868	0.000000	0.000000	0.000000	0.000000	0.000000	0.000000
48	tsk_48	(x)	1	:	0.198927	0.801073	0.000000	0.000000	0.000000	0.000000	0.000000	0.000000	0.000000	0.000000
49	tsk_49	(x)	1	:	0.200201	0.799799	0.000000	0.000000	0.000000	0.000000	0.000000	0.000000	0.000000	0.000000
50	tsk_50	(x)	1	:	0.000000	0.000000	1.000000	0.000000	0.000000	0.000000	0.000000	0.000000	0.000000	0.000000
51	tsk_51	(x)	1	:	0.000000	0.000000	1.000000	0.000000	0.000000	0.000000	0.000000	0.000000	0.000000	0.000000
52	tsk_52	(x)	1	:	0.000000	0.000000	1.000000	0.000000	0.000000	0.000000	0.000000	0.000000	0.000000	0.000000
53	tsk_53	(x)	1	:	0.000000	0.000000	1.000000	0.000000	0.000000	0.000000	0.000000	0.000000	0.000000	0.000000
54	tsk_54	(x)	1	:	0.000000	0.000000	1.000000	0.000000	0.000000	0.000000	0.000000	0.000000	0.000000	0.000000
55	tsk_55	(x)	1	:	0.000000	0.000000	1.000000	0.000000	0.000000	0.000000	0.000000	0.000000	0.000000	0.000000
56	tsk_56	(x)	1	:	0.000000	0.000000	1.000000	0.000000	0.000000	0.000000	0.000000	0.000000	0.000000	0.000000
57	tsk_57	(x)	1	:	0.083299	0.397149	0.519552	0.000000	0.000000	0.000000	0.000000	0.000000	0.000000	0.000000
58	tsk_58	(x)	1	:	0.158176	0.342089	0.394395	0.037472	0.000000	0.000000	0.000000	0.000000	0.000000	0.067867
59	tsk_59	(x)	1	:	0.000000	0.000000	1.000000	0.000000	0.000000	0.000000	0.000000	0.000000	0.000000	0.000000
60	tsk_60	(x)	1	:	0.253513	0.246877	0.394365	0.037128	0.000000	0.000000	0.000000	0.000000	0.000000	0.068117
61	tsk_61	(x)	1	:	0.000000	0.000000	0.999998	0.000000	0.000000	0.000000	0.000000	0.000000	0.000000	0.000002
62	tsk_62	(x)	1	:	0.065228	0.434940	0.000000	0.499832	0.000000	0.000000	0.000000	0.000000	0.000000	0.000000
63	tsk_63	(x)	1	:	0.170461	0.321683	0.507855	0.000000	0.000000	0.000000	0.000000	0.000000	0.000000	0.000000
64	tsk_64	(x)	1	:	0.000000	0.000000	1.000000	0.000000	0.000000	0.000000	0.000000	0.000000	0.000000	0.000000
65	tsk_65	(x)	1	:	0.000000	0.000000	0.394322	0.538107	0.000000	0.000000	0.000000	0.000000	0.000000	0.067571
66	tsk_66	(x)	1	:	0.080142	0.420224	0.393864	0.036838	0.000000	0.000000	0.000000	0.000000	0.000000	0.068931
67	tsk_67	(x)	1	:	0.000000	0.000000	1.000000	0.000000	0.000000	0.000000	0.000000	0.000000	0.000000	0.000000
68	tsk_68	(x)	1	:	0.214138	0.278007	0.507855	0.000000	0.000000	0.000000	0.000000	0.000000	0.000000	0.000000
69	tsk_69	(x)	1	:	0.000000	0.000000	1.000000	0.000000	0.000000	0.000000	0.000000	0.000000	0.000000	0.000000
70	tsk_70	(x)	1	:	0.000000	0.000000	0.000000	1.000000	0.000000	0.000000	0.000000	0.000000	0.000000	0.000000
71	tsk_71	(x)	1	:	0.172129	0.326862	0.000000	0.004879	0.000000	0.000000	0.496129	0.000000	0.000000	0.000000
72	tsk_72	(x)	1	:	0.243722	0.256325	0.000000	0.001265	0.000000	0.000000	0.498688	0.000000	0.000000	0.000000
73	tsk_73	(x)	1	:	0.081392	0.416876	0.000000	0.007189	0.000000	0.000000	0.494543	0.000000	0.000000	0.000000
74	tsk_74	(x)	1	:	0.144488	0.855511	0.000000	0.000000	0.000000	0.000000	0.000000	0.000000	0.000000	0.000000
75	tsk_75	(x)	1	:	0.303435	0.195012	0.000000	0.006630	0.000000	0.000000	0.494924	0.000000	0.000000	0.000000
76	tsk_76	(x)	1	:	0.196685	0.803315	0.000000	0.000000	0.000000	0.000000	0.000000	0.000000	0.000000	0.000000
77	tsk_77	(x)	1	:	0.126814	0.371525	0.000000	0.006939	0.000000	0.000000	0.494721	0.000000	0.000000	0.000000
78	tsk_78	(x)	1	:	0.117228	0.882772	0.000000	0.000000	0.000000	0.000000	0.000000	0.000000	0.000000	0.000000
79	tsk_79	(x)	1	:	0.000000	0.000000	0.000000	0.000000	0.000000	0.000000	1.000000	0.000000	0.000000	0.000000
80	tsk_80	(x)	1	:	0.149741	0.350374	0.000000	0.499885	0.000000	0.000000	0.000000	0.000000	0.000000	0.000000
81	tsk_81	(x)	1	:	0.165635	0.834365	0.000000	0.000000	0.000000	0.000000	0.000000	0.000000	0.000000	0.000000
82	tsk_82	(x)	1	:	0.164944	0.335385	0.000000	0.000000	0.000000	0.000000	0.000000	0.000000	0.499672	0.000000
83	tsk_83	(x)	1	:	0.136071	0.863929	0.000000	0.000000	0.000000	0.000000	0.000000	0.000000	0.000000	0.000000
84	tsk_84	(x)	1	:	0.053295	0.611380	0.000000	0.000000	0.000000	0.335325	0.000000	0.000000	0.000000	0.000000
85	tsk_85	(x)	1	:	0.087681	0.412406	0.000000	0.000000	0.000000	0.000000	0.000000	0.000000	0.499913	0.000000
86	tsk_86	(x)	1	:	0.074603	0.925397	0.000000	0.000000	0.000000	0.000000	0.000000	0.000000	0.000000	0.000000
87	tsk_87	(x)	1	:	0.041712	0.458310	0.000000	0.000000	0.000000	0.000000	0.000000	0.000000	0.499977	0.000000
88	tsk_88	(x)	1	:	0.138895	0.861105	0.000000	0.000000	0.000000	0.000000	0.000000	0.000000	0.000000	0.000000
89	tsk_89	(x)	1	:	0.057396	0.942604	0.000000	0.000000	0.000000	0.000000	0.000000	0.000000	0.000000	0.000000
90	tsk_90	(x)	1	:	0.151774	0.348304	0.000000	0.256353	0.000000	0.000000	0.000000	0.000000	0.000000	0.243569
91	tsk_91	(x)	1	:	0.201220	0.298881	0.000000	0.256343	0.000000	0.000000	0.000000	0.000000	0.000000	0.243557
92	tsk_92	(x)	1	:	0.000000	0.000000	0.000000	0.756397	0.000000	0.000000	0.000000	0.000000	0.000000	0.243603
93	tsk_93	(x)	1	:	0.000000	0.000000	0.000000	0.391897	0.000000	0.000000	0.000000	0.000000	0.000000	0.608103
94	tsk_94	(x)	1	:	0.242534	0.257599	0.000000	0.499867	0.000000	0.000000	0.000000	0.000000	0.000000	0.000000
95	tsk_95	(x)	1	:	0.000000	0.000000	0.000000	0.511166	0.000000	0.000000	0.000000	0.000000	0.000000	0.488834
96	tsk_96	(x)	1	:	0.000000	0.000000	0.138991	0.861009	0.000000	0.000000	0.000000	0.000000	0.000000	0.000000
97	tsk_97	(x)	1	:	0.000000	0.000000	0.000000	0.165595	0.000000	0.000000	0.000000	0.000000	0.000000	0.834404
98	tsk_98	(x)	1	:	0.178505	0.321923	0.000000	0.499573	0.000000	0.000000	0.000000	0.000000	0.000000	0.000000
99	tsk_99	(x)	1	:	0.000000	0.000000	0.000000	0.013326	0.498623	0.000000	0.000000	0.000000	0.000000	0.488052
