logL = -1133.199758 (converged)
AIC = 3456.399517
BIC = 5006.475777

count.K
16 22 3 35 24 

