logL = -405.118588 (converged)
AIC = 1570.237175
BIC = 2560.201846

count.K
20 44 0 36 

