logL = -549.409615 (converged)
AIC = 3148.819229
BIC = 5819.118670

count.K
8 6 18 20 5 9 13 0 21 

