logL = -490.808638 (converged)
AIC = 3281.617276
BIC = 6277.562989

count.K
4 5 18 18 13 3 28 1 2 8 

