logL = -1332.639418 (converged)
AIC = 5165.278837
BIC = 8421.741569

count.K
15 2 19 11 3 11 0 10 13 16 

