logL = -192.085652 (converged)
AIC = 1516.171303
BIC = 2990.697628

count.K
7 6 2 58 7 20 

