logL = -431.599245 (converged)
AIC = 2103.198489
BIC = 3718.404005

count.K
20 16 10 14 36 4 

