logL = -461.522167 (converged)
AIC = 2739.044333
BIC = 5104.538862

count.K
4 10 15 18 4 23 14 12 

