logL = -424.098954 (converged)
AIC = 2988.197909
BIC = 5775.730008

count.K
9 6 11 7 43 5 7 6 6 

