logL = -472.793833 (converged)
AIC = 2453.587666
BIC = 4417.885986

count.K
29 16 18 17 3 17 0 

