logL = -1080.379452 (converged)
AIC = 4088.758903
BIC = 6600.142962

count.K
11 6 29 25 17 2 1 9 

