logL = -973.513058 (converged)
AIC = 4147.026117
BIC = 7012.713321

count.K
2 3 17 14 12 7 3 42 

