logL = -1368.649165 (converged)
AIC = 4265.298330
BIC = 6255.648352

count.K
11 32 0 7 29 21 

