logL = -950.018009 (converged)
AIC = 2200.036018
BIC = 2590.811546

count.K
39 61 

