logL = -825.831460 (converged)
AIC = 2183.662921
BIC = 2876.638190

count.K
14 50 36 

