logL = -348.146883 (converged)
AIC = 2936.293767
BIC = 5854.084375

count.K
5 21 0 5 6 1 36 4 8 14 

