logL = -2003.178713 (converged)
AIC = 4358.357425
BIC = 4816.867378

count.K
40 60 

