logL = -498.683301 (converged)
AIC = 2309.366603
BIC = 4018.358245

count.K
7 21 13 33 17 9 

