logL = -491.813529 (converged)
AIC = 3243.627057
BIC = 6187.469368

count.K
13 9 11 22 8 4 1 4 19 9 

