logL = -560.939025 (converged)
AIC = 1377.878049
BIC = 1711.339833

count.K
49 51 

