logL = -643.821032 (converged)
AIC = 3747.642063
BIC = 6952.001392

count.K
9 30 15 8 2 0 5 6 23 2 

