logL = -1651.599216 (converged)
AIC = 4207.198433
BIC = 5384.735357

count.K
13 18 34 35 

