logL = -1884.048021 (converged)
AIC = 5392.096041
BIC = 7507.494232

count.K
15 24 4 22 29 6 

