0	tsk_0	(x)	1	:	0.006467	0.033030	0.000344	0.000000	0.000000	0.000000	0.000000	0.435869	0.412061	0.112229
1	tsk_1	(x)	1	:	0.000000	0.000000	0.000000	0.494490	0.000000	0.505510	0.000000	0.000000	0.000000	0.000000
2	tsk_2	(x)	1	:	0.000000	0.000000	0.000000	0.544039	0.000000	0.000000	0.000000	0.000000	0.455961	0.000000
3	tsk_3	(x)	1	:	0.056207	0.021523	0.000000	0.000000	0.000000	0.000000	0.000000	0.000000	0.424622	0.497647
4	tsk_4	(x)	1	:	0.000000	0.000000	0.000000	0.000000	0.000000	0.000000	0.000000	0.000000	1.000000	0.000000
5	tsk_5	(x)	1	:	0.058059	0.011446	0.000000	0.492229	0.000000	0.000000	0.000000	0.000000	0.413110	0.025156
6	tsk_6	(x)	1	:	0.275098	0.072013	0.000000	0.000000	0.000000	0.000000	0.000000	0.000000	0.000000	0.652890
7	tsk_7	(x)	1	:	0.005475	0.015194	0.000000	0.000000	0.000000	0.498617	0.000000	0.000000	0.416339	0.064375
8	tsk_8	(x)	1	:	0.100141	0.005363	0.000000	0.000000	0.000000	0.000000	0.000000	0.000000	0.424612	0.469883
9	tsk_9	(x)	1	:	0.039478	0.016374	0.000000	0.000000	0.000000	0.000000	0.000000	0.000000	0.424615	0.519533
10	tsk_10	(x)	1	:	0.134043	0.090597	0.000000	0.000000	0.000000	0.500000	0.000000	0.000000	0.000000	0.275360
11	tsk_11	(x)	1	:	0.053818	0.113581	0.000000	0.000000	0.000000	0.500000	0.000000	0.000000	0.000000	0.332602
12	tsk_12	(x)	1	:	0.000000	0.000000	0.000000	0.000000	0.000000	1.000000	0.000000	0.000000	0.000000	0.000000
13	tsk_13	(x)	1	:	0.084637	0.063475	0.000000	0.000000	0.000000	0.500000	0.000000	0.000000	0.000000	0.351888
14	tsk_14	(x)	1	:	0.344793	0.137383	0.000000	0.494490	0.000000	0.000000	0.000000	0.000000	0.000000	0.023334
15	tsk_15	(x)	1	:	0.204425	0.082643	0.000000	0.000000	0.000000	0.000000	0.000000	0.000000	0.000000	0.712932
16	tsk_16	(x)	1	:	0.064504	0.117301	0.000000	0.000000	0.000000	0.500000	0.000000	0.000000	0.000000	0.318195
17	tsk_17	(x)	1	:	0.000000	0.000000	0.000000	0.494490	0.000000	0.505510	0.000000	0.000000	0.000000	0.000000
18	tsk_18	(x)	1	:	0.407993	0.082825	0.000000	0.494490	0.000000	0.000000	0.000000	0.000000	0.000000	0.014693
19	tsk_19	(x)	1	:	0.000000	0.000000	0.000000	0.494490	0.000000	0.505510	0.000000	0.000000	0.000000	0.000000
20	tsk_20	(x)	1	:	0.051573	0.210303	0.000000	0.000000	0.000000	0.346232	0.000000	0.236367	0.000000	0.155526
21	tsk_21	(x)	1	:	0.000000	0.000000	0.000000	0.000000	1.000000	0.000000	0.000000	0.000000	0.000000	0.000000
22	tsk_22	(x)	1	:	0.358287	0.064540	0.000000	0.000000	0.000000	0.000000	0.000000	0.000000	0.000000	0.577174
23	tsk_23	(x)	1	:	0.016647	0.252906	0.000000	0.000000	0.481609	0.000000	0.000000	0.000000	0.000000	0.248838
24	tsk_24	(x)	1	:	0.298334	0.172607	0.000000	0.000000	0.000000	0.000000	0.000000	0.000000	0.000000	0.529058
25	tsk_25	(x)	1	:	0.162905	0.036350	0.000000	0.000000	0.000000	0.000000	0.000000	0.000000	0.000000	0.800745
26	tsk_26	(x)	1	:	0.009394	0.431043	0.000000	0.000000	0.000000	0.000000	0.000000	0.513860	0.000000	0.045703
27	tsk_27	(x)	1	:	0.000000	0.000000	0.000000	0.000000	0.000000	0.380275	0.000000	0.619725	0.000000	0.000000
28	tsk_28	(x)	1	:	0.333656	0.068607	0.000000	0.000000	0.000000	0.000000	0.000000	0.000000	0.000000	0.597737
29	tsk_29	(x)	1	:	0.029005	0.115699	0.000000	0.000000	0.481609	0.000000	0.000000	0.000000	0.000000	0.373687
30	tsk_30	(x)	1	:	0.355321	0.090155	0.000000	0.494490	0.000000	0.000000	0.000000	0.000000	0.000000	0.060033
31	tsk_31	(x)	1	:	0.081039	0.055435	0.000000	0.000000	0.000000	0.000000	0.500000	0.000000	0.000000	0.363525
32	tsk_32	(x)	1	:	0.004614	0.000789	0.000000	0.494480	0.000000	0.000000	0.499976	0.000000	0.000000	0.000141
33	tsk_33	(x)	1	:	0.366448	0.106910	0.000000	0.494490	0.000000	0.000000	0.000000	0.000000	0.000000	0.032153
34	tsk_34	(x)	1	:	0.129983	0.049704	0.000000	0.000000	0.000000	0.000000	0.500000	0.000000	0.000000	0.320312
35	tsk_35	(x)	1	:	0.137290	0.002931	0.000000	0.000000	0.000000	0.000000	0.500000	0.000000	0.000000	0.359779
36	tsk_36	(x)	1	:	0.000000	0.000000	0.000000	0.000000	0.000000	0.000000	1.000000	0.000000	0.000000	0.000000
37	tsk_37	(x)	1	:	0.000076	0.000000	0.999313	0.000000	0.000000	0.000000	0.000000	0.000000	0.000000	0.000611
38	tsk_38	(x)	1	:	0.233232	0.075408	0.000000	0.000000	0.000000	0.000000	0.500000	0.000000	0.000000	0.191360
39	tsk_39	(x)	1	:	0.000295	0.001501	0.000000	0.000000	0.000000	0.499394	0.498178	0.000000	0.000000	0.000631
40	tsk_40	(x)	1	:	0.167093	0.019398	0.000000	0.494806	0.000000	0.000000	0.000000	0.000000	0.306158	0.012545
41	tsk_41	(x)	1	:	0.176126	0.020082	0.000000	0.494845	0.000000	0.000000	0.000000	0.000000	0.306303	0.002644
42	tsk_42	(x)	1	:	0.269868	0.099373	0.000000	0.000000	0.000000	0.000000	0.000000	0.000000	0.000000	0.630759
43	tsk_43	(x)	1	:	0.394951	0.063350	0.000000	0.000000	0.000000	0.000000	0.000000	0.000000	0.000000	0.541699
44	tsk_44	(x)	1	:	0.314243	0.034816	0.000000	0.000000	0.000000	0.000000	0.000000	0.000000	0.000000	0.650941
45	tsk_45	(x)	1	:	0.607359	0.082893	0.000000	0.000000	0.000000	0.000000	0.000000	0.000000	0.000000	0.309747
46	tsk_46	(x)	1	:	0.160604	0.016460	0.000000	0.000000	0.000000	0.000000	0.000000	0.000000	0.000000	0.822935
47	tsk_47	(x)	1	:	0.085006	0.119283	0.000000	0.000000	0.000000	0.500000	0.000000	0.000000	0.000000	0.295711
48	tsk_48	(x)	1	:	0.467817	0.156323	0.000000	0.000000	0.000000	0.000000	0.000000	0.000000	0.000000	0.375860
49	tsk_49	(x)	1	:	0.132723	0.014832	0.000000	0.000000	0.000000	0.000000	0.000000	0.000000	0.000000	0.852446
50	tsk_50	(x)	1	:	0.106616	0.132996	0.000000	0.000000	0.000000	0.500000	0.000000	0.000000	0.000000	0.260389
51	tsk_51	(x)	1	:	0.062144	0.146760	0.000000	0.000000	0.000000	0.500000	0.000000	0.000000	0.000000	0.291097
52	tsk_52	(x)	1	:	0.000000	0.000000	0.000000	0.000000	0.000000	1.000000	0.000000	0.000000	0.000000	0.000000
53	tsk_53	(x)	1	:	0.390607	0.179008	0.000000	0.000000	0.000000	0.000000	0.000000	0.000000	0.000000	0.430385
54	tsk_54	(x)	1	:	0.000000	0.000000	0.000000	0.000000	0.000000	1.000000	0.000000	0.000000	0.000000	0.000000
55	tsk_55	(x)	1	:	0.139110	0.172181	0.000000	0.000000	0.000000	0.500000	0.000000	0.000000	0.000000	0.188709
56	tsk_56	(x)	1	:	0.045772	0.233644	0.000000	0.000000	0.000000	0.500000	0.000000	0.000000	0.000000	0.220584
57	tsk_57	(x)	1	:	0.080170	0.078552	0.000000	0.000000	0.000000	0.500000	0.000000	0.000000	0.000000	0.341278
58	tsk_58	(x)	1	:	0.000000	0.000000	0.000000	0.000000	0.000000	1.000000	0.000000	0.000000	0.000000	0.000000
59	tsk_59	(x)	1	:	0.000000	0.000000	0.000000	0.000000	0.000000	1.000000	0.000000	0.000000	0.000000	0.000000
60	tsk_60	(x)	1	:	0.062259	0.188242	0.000000	0.000000	0.000000	0.500000	0.000000	0.000000	0.000000	0.249498
61	tsk_61	(x)	1	:	0.252237	0.000000	0.000000	0.000000	0.000000	0.000000	0.000000	0.000000	0.000000	0.747763
62	tsk_62	(x)	1	:	0.223288	0.042875	0.000000	0.000000	0.000000	0.000000	0.000000	0.000000	0.000000	0.733837
63	tsk_63	(x)	1	:	0.105348	0.018003	0.000000	0.000000	0.000000	0.000000	0.000000	0.000000	0.000000	0.876649
64	tsk_64	(x)	1	:	0.080071	0.103722	0.000000	0.000000	0.000000	0.500000	0.000000	0.000000	0.000000	0.316207
65	tsk_65	(x)	1	:	0.309936	0.033125	0.000000	0.000000	0.000000	0.000000	0.000000	0.000000	0.000000	0.656939
66	tsk_66	(x)	1	:	0.038961	0.193258	0.000000	0.000000	0.000000	0.500000	0.000000	0.000000	0.000000	0.267781
67	tsk_67	(x)	1	:	0.020861	0.454978	0.000000	0.000000	0.000000	0.000000	0.000000	0.513860	0.000000	0.010302
68	tsk_68	(x)	1	:	0.163531	0.017786	0.000000	0.000000	0.000000	0.000000	0.000000	0.000000	0.000000	0.818683
69	tsk_69	(x)	1	:	0.519430	0.142612	0.000000	0.000000	0.000000	0.000000	0.000000	0.000000	0.000000	0.337958
70	tsk_70	(x)	1	:	0.183978	0.059147	0.000000	0.000000	0.000000	0.000000	0.000000	0.000000	0.000000	0.756875
71	tsk_71	(x)	1	:	0.580273	0.125249	0.000000	0.000000	0.000000	0.000000	0.000000	0.000000	0.000000	0.294478
72	tsk_72	(x)	1	:	0.000000	0.000000	0.000000	0.000000	0.000000	1.000000	0.000000	0.000000	0.000000	0.000000
73	tsk_73	(x)	1	:	0.000000	0.000000	0.000000	0.542955	0.000000	0.457045	0.000000	0.000000	0.000000	0.000000
74	tsk_74	(x)	1	:	0.435662	0.025912	0.000000	0.494490	0.000000	0.000000	0.000000	0.000000	0.000000	0.043935
75	tsk_75	(x)	1	:	0.036981	0.116658	0.000000	0.000000	0.000000	0.500000	0.000000	0.000000	0.000000	0.346361
76	tsk_76	(x)	1	:	0.342413	0.065633	0.000000	0.542955	0.000000	0.000000	0.000000	0.000000	0.000000	0.048999
77	tsk_77	(x)	1	:	0.000000	0.000000	0.000000	0.000000	0.000000	1.000000	0.000000	0.000000	0.000000	0.000000
78	tsk_78	(x)	1	:	0.000000	0.000000	0.000000	0.000000	0.000000	1.000000	0.000000	0.000000	0.000000	0.000000
79	tsk_79	(x)	1	:	0.000000	0.000000	0.000000	0.000000	0.000000	1.000000	0.000000	0.000000	0.000000	0.000000
80	tsk_80	(x)	1	:	0.088315	0.059637	0.000000	0.000000	0.000000	0.000000	0.000000	0.000000	0.000000	0.852049
81	tsk_81	(x)	1	:	0.440984	0.062117	0.000000	0.000000	0.000000	0.000000	0.000000	0.000000	0.000000	0.496899
82	tsk_82	(x)	1	:	0.305040	0.123919	0.000000	0.000000	0.000000	0.000000	0.000000	0.000000	0.000000	0.571040
83	tsk_83	(x)	1	:	0.137660	0.053003	0.000000	0.000000	0.000000	0.000000	0.000000	0.000000	0.000000	0.809338
84	tsk_84	(x)	1	:	0.153708	0.124281	0.000000	0.000000	0.000000	0.000000	0.000000	0.000000	0.000000	0.722011
85	tsk_85	(x)	1	:	0.733383	0.067423	0.000000	0.000000	0.000000	0.000000	0.000000	0.000000	0.000000	0.199194
86	tsk_86	(x)	1	:	0.339355	0.028042	0.000000	0.000000	0.000000	0.000000	0.000000	0.000000	0.000000	0.632603
87	tsk_87	(x)	1	:	0.487090	0.512910	0.000000	0.000000	0.000000	0.000000	0.000000	0.000000	0.000000	0.000000
88	tsk_88	(x)	1	:	0.232072	0.112755	0.000000	0.000000	0.000000	0.000000	0.000000	0.000000	0.000000	0.655174
89	tsk_89	(x)	1	:	0.406259	0.058593	0.000000	0.494490	0.000000	0.000000	0.000000	0.000000	0.000000	0.040658
90	tsk_90	(x)	1	:	0.000000	0.000000	0.000000	0.000000	0.450297	0.330621	0.000000	0.219082	0.000000	0.000000
91	tsk_91	(x)	1	:	0.000000	0.000000	0.000000	0.000000	0.000000	0.000000	0.000000	0.515177	0.484823	0.000000
92	tsk_92	(x)	1	:	0.000000	0.000000	0.000000	0.000000	0.481608	0.518390	0.000000	0.000002	0.000000	0.000000
93	tsk_93	(x)	1	:	0.364433	0.100916	0.000000	0.494490	0.000000	0.000000	0.000000	0.000000	0.000000	0.040161
94	tsk_94	(x)	1	:	0.000000	0.000000	0.000000	0.000004	0.551500	0.000000	0.000000	0.448496	0.000000	0.000000
95	tsk_95	(x)	1	:	0.004012	0.455223	0.000000	0.000000	0.000000	0.000000	0.000000	0.513860	0.000000	0.026905
96	tsk_96	(x)	1	:	0.000000	0.000000	0.000000	0.000000	0.000000	0.615507	0.000000	0.384493	0.000000	0.000000
97	tsk_97	(x)	1	:	0.000000	0.000000	0.000000	0.000000	0.623634	0.000000	0.000000	0.376366	0.000000	0.000000
98	tsk_98	(x)	1	:	0.001838	0.234603	0.000000	0.000000	0.536956	0.000000	0.000000	0.000000	0.000000	0.226603
99	tsk_99	(x)	1	:	0.000000	0.000000	0.000000	1.000000	0.000000	0.000000	0.000000	0.000000	0.000000	0.000000
