logL = -265.088004 (converged)
AIC = 2382.176009
BIC = 4794.563601

count.K
18 3 1 16 8 16 26 7 5 

