logL = -582.308169 (converged)
AIC = 1672.616338
BIC = 2334.329566

count.K
20 40 40 

