logL = -621.210181 (converged)
AIC = 2434.420361
BIC = 3987.101792

count.K
13 22 21 15 21 8 

