logL = -985.976832 (converged)
AIC = 2521.953664
BIC = 3238.375465

count.K
20 30 50 

