0	tsk_0	(x)	1	:	0.128415	0.372742	0.000000	0.000000	0.000000	0.000000	0.498843
1	tsk_1	(x)	1	:	0.310357	0.190801	0.000000	0.000000	0.000000	0.000000	0.498842
2	tsk_2	(x)	1	:	0.217381	0.271401	0.511217	0.000002	0.000000	0.000000	0.000000
3	tsk_3	(x)	1	:	0.257691	0.243467	0.000000	0.000000	0.000000	0.000000	0.498841
4	tsk_4	(x)	1	:	0.186497	0.813503	0.000000	0.000000	0.000000	0.000000	0.000000
5	tsk_5	(x)	1	:	0.182182	0.295531	0.000000	0.000000	0.000000	0.522284	0.000003
6	tsk_6	(x)	1	:	0.000000	0.000000	0.000000	0.000000	0.000000	0.506750	0.493250
7	tsk_7	(x)	1	:	0.256512	0.743488	0.000000	0.000000	0.000000	0.000000	0.000000
8	tsk_8	(x)	1	:	0.227014	0.274145	0.000000	0.000022	0.000000	0.000000	0.498818
9	tsk_9	(x)	1	:	0.310706	0.689294	0.000000	0.000000	0.000000	0.000000	0.000000
10	tsk_10	(x)	1	:	0.000000	0.000000	0.369335	0.630665	0.000000	0.000000	0.000000
11	tsk_11	(x)	1	:	0.123470	0.578081	0.000000	0.000000	0.298449	0.000000	0.000000
12	tsk_12	(x)	1	:	0.095614	0.904385	0.000000	0.000000	0.000000	0.000000	0.000000
13	tsk_13	(x)	1	:	0.000000	0.000000	0.477215	0.000000	0.522785	0.000000	0.000000
14	tsk_14	(x)	1	:	0.000000	0.000000	1.000000	0.000000	0.000000	0.000000	0.000000
15	tsk_15	(x)	1	:	0.308030	0.691970	0.000000	0.000000	0.000000	0.000000	0.000000
16	tsk_16	(x)	1	:	0.000000	0.000000	0.518958	0.481037	0.000000	0.000005	0.000000
17	tsk_17	(x)	1	:	0.000000	0.000000	0.000000	0.000000	1.000000	0.000000	0.000000
18	tsk_18	(x)	1	:	0.070505	0.631036	0.000000	0.000000	0.298458	0.000000	0.000000
19	tsk_19	(x)	1	:	0.289148	0.211863	0.433337	0.000000	0.000000	0.000000	0.065652
20	tsk_20	(x)	1	:	0.369935	0.630065	0.000000	0.000000	0.000000	0.000000	0.000000
21	tsk_21	(x)	1	:	0.510127	0.489873	0.000000	0.000000	0.000000	0.000000	0.000000
22	tsk_22	(x)	1	:	0.235288	0.264165	0.000000	0.000014	0.000000	0.499064	0.001469
23	tsk_23	(x)	1	:	0.225024	0.276461	0.434701	0.000000	0.000000	0.000000	0.063813
24	tsk_24	(x)	1	:	0.228290	0.771710	0.000000	0.000000	0.000000	0.000000	0.000000
25	tsk_25	(x)	1	:	0.072286	0.927714	0.000000	0.000000	0.000000	0.000000	0.000000
26	tsk_26	(x)	1	:	0.216124	0.283316	0.000000	0.000007	0.000000	0.499005	0.001548
27	tsk_27	(x)	1	:	0.366974	0.633026	0.000000	0.000000	0.000000	0.000000	0.000000
28	tsk_28	(x)	1	:	0.162466	0.338692	0.000000	0.000000	0.000000	0.000000	0.498842
29	tsk_29	(x)	1	:	0.149141	0.350305	0.000000	0.000009	0.000000	0.499040	0.001505
30	tsk_30	(x)	1	:	0.257668	0.231111	0.511211	0.000005	0.000000	0.000000	0.000005
31	tsk_31	(x)	1	:	0.000000	0.000000	0.000000	0.000000	0.509038	0.000000	0.490962
32	tsk_32	(x)	1	:	0.000000	0.000000	0.000000	0.000017	0.000000	0.506756	0.493227
33	tsk_33	(x)	1	:	0.000001	0.000000	0.000000	0.000003	0.506446	0.493356	0.000193
34	tsk_34	(x)	1	:	0.000000	0.000000	0.611294	0.388705	0.000000	0.000001	0.000000
35	tsk_35	(x)	1	:	0.000000	0.000000	0.000000	0.000000	0.000000	0.000000	1.000000
36	tsk_36	(x)	1	:	0.000000	0.000000	0.000000	0.000000	0.000000	0.506750	0.493250
37	tsk_37	(x)	1	:	0.000000	0.000000	0.000000	0.000000	0.000000	1.000000	0.000000
38	tsk_38	(x)	1	:	0.337246	0.163824	0.433508	0.000000	0.000000	0.000000	0.065422
39	tsk_39	(x)	1	:	0.000000	0.000000	0.000000	0.000000	0.000000	0.000000	1.000000
40	tsk_40	(x)	1	:	0.000000	0.000000	1.000000	0.000000	0.000000	0.000000	0.000000
41	tsk_41	(x)	1	:	0.999140	0.000860	0.000000	0.000000	0.000000	0.000000	0.000000
42	tsk_42	(x)	1	:	0.203326	0.297833	0.000000	0.000000	0.000000	0.000000	0.498842
43	tsk_43	(x)	1	:	0.120711	0.368057	0.511187	0.000005	0.000000	0.000000	0.000041
44	tsk_44	(x)	1	:	0.099889	0.900111	0.000000	0.000000	0.000000	0.000000	0.000000
45	tsk_45	(x)	1	:	0.364902	0.635098	0.000000	0.000000	0.000000	0.000000	0.000000
46	tsk_46	(x)	1	:	0.000000	0.000000	1.000000	0.000000	0.000000	0.000000	0.000000
47	tsk_47	(x)	1	:	0.000000	0.000000	0.000000	0.000000	0.000000	0.401394	0.598606
48	tsk_48	(x)	1	:	0.140573	0.358887	0.000000	0.000017	0.000000	0.499103	0.001420
49	tsk_49	(x)	1	:	0.064059	0.382364	0.000000	0.000000	0.000000	0.297443	0.256134
50	tsk_50	(x)	1	:	0.000000	0.000000	0.000000	0.000000	0.000000	0.506750	0.493250
51	tsk_51	(x)	1	:	0.000000	0.000000	0.000000	0.000000	0.000000	1.000000	0.000000
52	tsk_52	(x)	1	:	0.000000	0.000000	0.433289	0.000000	0.000000	0.505965	0.060746
53	tsk_53	(x)	1	:	0.000000	0.000000	0.000000	0.000000	0.000000	0.000000	1.000000
54	tsk_54	(x)	1	:	0.000000	0.000000	0.000000	0.000000	0.000000	0.000000	1.000000
55	tsk_55	(x)	1	:	0.000000	0.000000	0.000000	0.000000	0.000000	1.000000	0.000000
56	tsk_56	(x)	1	:	0.056063	0.147095	0.000000	0.000000	0.298046	0.000000	0.498796
57	tsk_57	(x)	1	:	0.000000	0.000000	0.000000	0.000000	0.000000	0.506750	0.493250
58	tsk_58	(x)	1	:	0.054407	0.150175	0.437127	0.000000	0.297815	0.000000	0.060475
59	tsk_59	(x)	1	:	0.000000	0.000000	0.000000	0.000000	0.000000	0.506750	0.493250
60	tsk_60	(x)	1	:	0.267666	0.732333	0.000000	0.000000	0.000000	0.000000	0.000000
61	tsk_61	(x)	1	:	0.000001	0.999999	0.000000	0.000000	0.000000	0.000000	0.000000
62	tsk_62	(x)	1	:	0.000000	0.201029	0.000000	0.000000	0.798971	0.000000	0.000000
63	tsk_63	(x)	1	:	0.164454	0.324320	0.511200	0.000005	0.000000	0.000000	0.000020
64	tsk_64	(x)	1	:	0.263179	0.461976	0.000000	0.000000	0.274845	0.000000	0.000000
65	tsk_65	(x)	1	:	0.059420	0.415876	0.000000	0.000000	0.524704	0.000000	0.000000
66	tsk_66	(x)	1	:	0.000000	0.200823	0.000000	0.000000	0.799177	0.000000	0.000000
67	tsk_67	(x)	1	:	0.038824	0.436465	0.000000	0.000000	0.524710	0.000000	0.000000
68	tsk_68	(x)	1	:	0.025096	0.410927	0.000000	0.000000	0.563977	0.000000	0.000000
69	tsk_69	(x)	1	:	0.043717	0.431562	0.000000	0.000000	0.524721	0.000000	0.000000
70	tsk_70	(x)	1	:	0.020820	0.979179	0.000000	0.000000	0.000000	0.000000	0.000000
71	tsk_71	(x)	1	:	0.072062	0.416717	0.511218	0.000004	0.000000	0.000000	0.000000
72	tsk_72	(x)	1	:	0.226228	0.275840	0.436375	0.000000	0.000000	0.000000	0.061557
73	tsk_73	(x)	1	:	0.265988	0.734012	0.000000	0.000000	0.000000	0.000000	0.000000
74	tsk_74	(x)	1	:	0.342512	0.159860	0.437247	0.000000	0.000000	0.000000	0.060381
75	tsk_75	(x)	1	:	0.210178	0.278597	0.511202	0.000005	0.000000	0.000000	0.000017
76	tsk_76	(x)	1	:	0.261274	0.240021	0.434156	0.000000	0.000000	0.000000	0.064548
77	tsk_77	(x)	1	:	0.289978	0.198795	0.511194	0.000005	0.000000	0.000000	0.000028
78	tsk_78	(x)	1	:	0.225957	0.774043	0.000000	0.000000	0.000000	0.000000	0.000000
79	tsk_79	(x)	1	:	0.000000	0.000000	0.524704	0.000050	0.000000	0.475245	0.000000
80	tsk_80	(x)	1	:	0.131438	0.868562	0.000000	0.000000	0.000000	0.000000	0.000000
81	tsk_81	(x)	1	:	0.000000	0.000000	0.000000	0.000000	0.000000	0.506750	0.493250
82	tsk_82	(x)	1	:	0.460575	0.031587	0.000000	0.507565	0.000000	0.000000	0.000273
83	tsk_83	(x)	1	:	0.000000	0.000000	0.611294	0.388706	0.000000	0.000000	0.000000
84	tsk_84	(x)	1	:	0.447907	0.044254	0.000000	0.507556	0.000000	0.000000	0.000282
85	tsk_85	(x)	1	:	0.267323	0.221456	0.511212	0.000005	0.000000	0.000000	0.000003
86	tsk_86	(x)	1	:	0.000000	0.000000	0.000000	0.610996	0.000000	0.389003	0.000001
87	tsk_87	(x)	1	:	0.000000	0.000000	0.000000	0.527653	0.000000	0.472284	0.000063
88	tsk_88	(x)	1	:	0.292106	0.207349	0.000000	0.000014	0.000000	0.499074	0.001457
89	tsk_89	(x)	1	:	0.000000	0.000000	0.524706	0.000043	0.000000	0.475250	0.000000
90	tsk_90	(x)	1	:	0.000000	0.000000	0.000000	0.000000	0.000000	1.000000	0.000000
91	tsk_91	(x)	1	:	0.000000	0.000000	0.524705	0.000047	0.000000	0.475248	0.000000
92	tsk_92	(x)	1	:	0.225945	0.273499	0.000000	0.000012	0.000000	0.499023	0.001521
93	tsk_93	(x)	1	:	0.000000	0.000000	0.000000	0.000000	0.000000	1.000000	0.000000
94	tsk_94	(x)	1	:	0.227630	0.271836	0.000000	0.000014	0.000000	0.499121	0.001399
95	tsk_95	(x)	1	:	0.000000	0.000000	1.000000	0.000000	0.000000	0.000000	0.000000
96	tsk_96	(x)	1	:	0.272251	0.227222	0.000000	0.000025	0.000000	0.499151	0.001351
97	tsk_97	(x)	1	:	0.000000	0.000000	0.000000	0.000000	0.000000	1.000000	0.000000
98	tsk_98	(x)	1	:	0.325177	0.174277	0.000000	0.000013	0.000000	0.499074	0.001459
99	tsk_99	(x)	1	:	0.000000	0.000000	0.000000	0.000000	0.000000	1.000000	0.000000
