logL = -373.444875 (converged)
AIC = 2434.889749
BIC = 4633.653386

count.K
3 3 18 5 47 2 8 14 

