0	tsk_0	(x)	1	:	0.000000	0.000000	0.000000	0.685351	0.000000	0.000000	0.000000	0.314649	0.000000	0.000000
1	tsk_1	(x)	1	:	0.000000	0.000000	0.000000	0.490008	0.000000	0.000000	0.000000	0.509992	0.000000	0.000000
2	tsk_2	(x)	1	:	0.000000	0.000000	0.000000	0.819212	0.000000	0.000000	0.000000	0.180788	0.000000	0.000000
3	tsk_3	(x)	1	:	0.000000	0.000000	0.000000	0.485046	0.000000	0.000000	0.000000	0.514954	0.000000	0.000000
4	tsk_4	(x)	1	:	0.000000	0.000000	0.000000	0.135788	0.000000	0.000000	0.499832	0.364380	0.000000	0.000000
5	tsk_5	(x)	1	:	0.000000	0.000000	0.000000	0.000000	0.000000	0.000000	0.000000	1.000000	0.000000	0.000000
6	tsk_6	(x)	1	:	0.000000	0.000000	0.000000	0.360447	0.000000	0.000000	0.000000	0.639553	0.000000	0.000000
7	tsk_7	(x)	1	:	0.000000	0.207246	0.000000	0.000000	0.000000	0.292754	0.000000	0.000000	0.000000	0.500000
8	tsk_8	(x)	1	:	0.000000	0.295758	0.000000	0.289612	0.000000	0.204242	0.000000	0.210388	0.000000	0.000000
9	tsk_9	(x)	1	:	0.000000	0.000000	0.000000	0.000000	0.112292	0.000000	0.500000	0.000000	0.000000	0.387708
10	tsk_10	(x)	1	:	0.000000	0.172413	0.000000	0.372096	0.000000	0.188607	0.000000	0.127904	0.138979	0.000000
11	tsk_11	(x)	1	:	0.442718	0.107989	0.000000	0.000000	0.000002	0.281588	0.000000	0.000000	0.167702	0.000000
12	tsk_12	(x)	1	:	0.000000	0.096844	0.184884	0.000000	0.000000	0.217046	0.000000	0.000000	0.501227	0.000000
13	tsk_13	(x)	1	:	0.000000	0.264590	0.000000	0.000000	0.396907	0.148891	0.000000	0.000000	0.173038	0.016574
14	tsk_14	(x)	1	:	0.495438	0.002730	0.000000	0.496131	0.002429	0.000796	0.000000	0.000000	0.000000	0.002475
15	tsk_15	(x)	1	:	0.415673	0.000000	0.195413	0.000000	0.000000	0.000000	0.000000	0.000000	0.388914	0.000000
16	tsk_16	(x)	1	:	0.495478	0.002754	0.000000	0.185051	0.003133	0.000780	0.000000	0.311088	0.000000	0.001716
17	tsk_17	(x)	1	:	0.495642	0.231545	0.000000	0.000000	0.004032	0.266286	0.000000	0.000000	0.000000	0.002495
18	tsk_18	(x)	1	:	0.415673	0.000000	0.195413	0.000000	0.000000	0.000000	0.000000	0.000000	0.388914	0.000000
19	tsk_19	(x)	1	:	0.000000	0.345716	0.000000	0.367976	0.000000	0.154284	0.000000	0.132024	0.000000	0.000000
20	tsk_20	(x)	1	:	0.000000	0.000000	0.000000	0.000000	0.278053	0.000000	0.000000	0.000000	0.000000	0.721947
21	tsk_21	(x)	1	:	0.000000	0.000000	0.000000	0.271558	0.000000	0.006065	0.000000	0.224393	0.000000	0.497984
22	tsk_22	(x)	1	:	0.000000	0.000000	0.000000	0.000000	0.577354	0.000000	0.000000	0.000000	0.000000	0.422646
23	tsk_23	(x)	1	:	0.000000	0.000000	0.000000	0.000000	0.098103	0.000000	0.000000	0.000000	0.479549	0.422348
24	tsk_24	(x)	1	:	0.000000	0.000000	0.000000	0.000000	0.046930	0.000000	0.000000	0.000000	0.479549	0.473521
25	tsk_25	(x)	1	:	0.000000	0.000000	0.000000	0.000000	0.269838	0.000000	0.000000	0.000000	0.479549	0.250613
26	tsk_26	(x)	1	:	0.000000	0.298451	0.000000	0.290221	0.000000	0.201549	0.000000	0.209779	0.000000	0.000000
27	tsk_27	(x)	1	:	0.000000	0.000000	0.125000	0.485483	0.000000	0.000000	0.000000	0.389517	0.000000	0.000000
28	tsk_28	(x)	1	:	0.000000	0.000000	0.000000	0.252141	0.000000	0.500000	0.000000	0.247859	0.000000	0.000000
29	tsk_29	(x)	1	:	0.000000	0.000000	0.000000	0.000000	0.098332	0.000000	0.000000	0.000000	0.479549	0.422118
30	tsk_30	(x)	1	:	0.000000	0.000000	0.000000	0.415833	0.000000	0.000000	0.000000	0.584166	0.000000	0.000000
31	tsk_31	(x)	1	:	0.500000	0.000000	0.000000	0.000000	0.408012	0.000000	0.000000	0.000000	0.000000	0.091988
32	tsk_32	(x)	1	:	0.000000	0.000000	0.000000	0.000000	0.366018	0.000000	0.000000	0.000000	0.000000	0.633981
33	tsk_33	(x)	1	:	0.000000	0.126608	0.000000	0.000000	0.293127	0.373392	0.000000	0.000000	0.000000	0.206873
34	tsk_34	(x)	1	:	0.000000	0.000000	0.000000	0.371200	0.353882	0.006082	0.000000	0.124739	0.000000	0.144096
35	tsk_35	(x)	1	:	0.500000	0.000000	0.000000	0.000000	0.301911	0.000000	0.000000	0.000000	0.000000	0.198088
36	tsk_36	(x)	1	:	0.000000	0.130337	0.000000	0.000000	0.329343	0.369663	0.000000	0.000000	0.000000	0.170657
37	tsk_37	(x)	1	:	0.000000	0.000000	0.000000	0.000000	0.000000	0.000000	0.000000	0.000000	0.000000	1.000000
38	tsk_38	(x)	1	:	0.495445	0.002811	0.000000	0.319374	0.003530	0.000000	0.000000	0.177238	0.000000	0.001601
39	tsk_39	(x)	1	:	0.000000	0.000000	0.000000	0.000000	0.803958	0.000000	0.000000	0.000000	0.000000	0.196042
40	tsk_40	(x)	1	:	0.000000	0.000000	0.000000	0.488321	0.000000	0.000000	0.000000	0.511678	0.000000	0.000000
41	tsk_41	(x)	1	:	0.000000	0.499839	0.000000	0.000000	0.000000	0.500160	0.000000	0.000000	0.000000	0.000000
42	tsk_42	(x)	1	:	0.000000	0.596489	0.000000	0.000000	0.000000	0.403511	0.000000	0.000000	0.000000	0.000000
43	tsk_43	(x)	1	:	0.000000	0.297963	0.000000	0.335860	0.000000	0.202037	0.000000	0.164140	0.000000	0.000000
44	tsk_44	(x)	1	:	0.000000	0.205932	0.000000	0.105818	0.000000	0.294068	0.000000	0.394182	0.000000	0.000000
45	tsk_45	(x)	1	:	0.000000	0.000000	0.000000	1.000000	0.000000	0.000000	0.000000	0.000000	0.000000	0.000000
46	tsk_46	(x)	1	:	0.000000	0.107054	0.000000	0.000000	0.000000	0.892946	0.000000	0.000000	0.000000	0.000000
47	tsk_47	(x)	1	:	0.000000	1.000000	0.000000	0.000000	0.000000	0.000000	0.000000	0.000000	0.000000	0.000000
48	tsk_48	(x)	1	:	0.000000	0.165725	0.000000	0.000000	0.000000	0.334275	0.000000	0.500000	0.000000	0.000000
49	tsk_49	(x)	1	:	0.000000	0.132656	0.000000	0.000000	0.000000	0.867344	0.000000	0.000000	0.000000	0.000000
50	tsk_50	(x)	1	:	0.000000	0.000000	0.000000	0.000000	0.466701	0.000000	0.000000	0.000000	0.000000	0.533299
51	tsk_51	(x)	1	:	0.000000	0.005587	0.000000	0.273262	0.311536	0.000716	0.000000	0.222530	0.000000	0.186369
52	tsk_52	(x)	1	:	0.000000	0.000000	0.000000	0.000000	0.572143	0.000000	0.000000	0.000000	0.000000	0.427857
53	tsk_53	(x)	1	:	0.000000	0.000000	0.000000	0.000000	0.341081	0.000000	0.000000	0.000000	0.000000	0.658919
54	tsk_54	(x)	1	:	0.000000	0.002193	0.000000	0.432357	0.141697	0.004010	0.000000	0.063502	0.000000	0.356241
55	tsk_55	(x)	1	:	0.000000	0.000000	0.000000	0.000000	1.000000	0.000000	0.000000	0.000000	0.000000	0.000000
56	tsk_56	(x)	1	:	0.000000	0.000000	0.000000	0.000000	0.393985	0.000000	0.000000	0.000000	0.000000	0.606015
57	tsk_57	(x)	1	:	0.000000	0.000000	0.000000	0.000000	0.480472	0.000000	0.000000	0.000000	0.000000	0.519528
58	tsk_58	(x)	1	:	0.000000	0.000000	0.000000	0.000000	0.661641	0.000000	0.000000	0.000000	0.000000	0.338359
59	tsk_59	(x)	1	:	0.000000	0.296879	0.000000	0.403865	0.000000	0.203121	0.000000	0.096135	0.000000	0.000000
60	tsk_60	(x)	1	:	0.000000	0.000000	0.000000	0.000000	0.299319	0.000000	0.000000	0.000000	0.000000	0.700681
61	tsk_61	(x)	1	:	0.000000	0.000000	0.000000	0.000000	0.256629	0.000000	0.000000	0.000000	0.000000	0.743371
62	tsk_62	(x)	1	:	0.000000	0.000000	0.203510	0.359996	0.139236	0.000000	0.000000	0.069719	0.000000	0.227540
63	tsk_63	(x)	1	:	0.000000	0.000000	0.000000	0.000000	0.156758	0.500000	0.000000	0.000000	0.000000	0.343242
64	tsk_64	(x)	1	:	0.000000	0.000000	0.000000	0.000000	0.292691	0.000000	0.000000	0.000000	0.000000	0.707309
65	tsk_65	(x)	1	:	0.000000	0.000000	0.000000	0.000000	0.569100	0.000000	0.000000	0.000000	0.000000	0.430900
66	tsk_66	(x)	1	:	0.000000	0.000000	0.000000	0.000000	0.216951	0.000000	0.000000	0.000000	0.000000	0.783049
67	tsk_67	(x)	1	:	0.000000	0.000000	0.000000	0.000000	0.472671	0.000000	0.000000	0.000000	0.000000	0.527329
68	tsk_68	(x)	1	:	0.000000	0.000000	0.000000	0.000000	0.365357	0.000000	0.000000	0.000000	0.000000	0.634642
69	tsk_69	(x)	1	:	0.000000	0.134116	0.000000	0.000000	0.243361	0.365884	0.000000	0.000000	0.000000	0.256639
70	tsk_70	(x)	1	:	0.000000	0.320749	0.000000	0.000000	0.000000	0.679251	0.000000	0.000000	0.000000	0.000000
71	tsk_71	(x)	1	:	0.000000	0.329377	0.000000	0.000000	0.000000	0.670623	0.000000	0.000000	0.000000	0.000000
72	tsk_72	(x)	1	:	0.000000	0.335474	0.000000	0.000000	0.000000	0.664526	0.000000	0.000000	0.000000	0.000000
73	tsk_73	(x)	1	:	0.000000	1.000000	0.000000	0.000000	0.000000	0.000000	0.000000	0.000000	0.000000	0.000000
74	tsk_74	(x)	1	:	0.000000	0.000000	0.000000	0.000000	0.000000	1.000000	0.000000	0.000000	0.000000	0.000000
75	tsk_75	(x)	1	:	0.000000	0.308374	0.000000	0.000000	0.000000	0.691626	0.000000	0.000000	0.000000	0.000000
76	tsk_76	(x)	1	:	0.000000	0.248606	0.000000	0.000000	0.000000	0.751394	0.000000	0.000000	0.000000	0.000000
77	tsk_77	(x)	1	:	0.000000	0.000000	0.000000	0.000000	0.000000	1.000000	0.000000	0.000000	0.000000	0.000000
78	tsk_78	(x)	1	:	0.000000	0.000000	0.000000	0.335667	0.000000	0.500000	0.000000	0.164333	0.000000	0.000000
79	tsk_79	(x)	1	:	0.000000	0.000000	0.000000	0.329320	0.000000	0.020537	0.000000	0.170615	0.479528	0.000000
80	tsk_80	(x)	1	:	0.000000	0.000000	0.000000	0.414659	0.000000	0.000000	0.000000	0.585341	0.000000	0.000000
81	tsk_81	(x)	1	:	0.000000	0.000000	0.000000	0.747851	0.000000	0.000000	0.000000	0.252149	0.000000	0.000000
82	tsk_82	(x)	1	:	0.000000	0.000000	0.000000	1.000000	0.000000	0.000000	0.000000	0.000000	0.000000	0.000000
83	tsk_83	(x)	1	:	0.000000	0.000000	0.000000	0.414899	0.000000	0.000000	0.000000	0.585101	0.000000	0.000000
84	tsk_84	(x)	1	:	0.000000	0.000000	0.000000	0.684510	0.000000	0.000000	0.000000	0.315490	0.000000	0.000000
85	tsk_85	(x)	1	:	0.000000	0.000000	0.000000	0.274467	0.000000	0.006257	0.000000	0.221356	0.000000	0.497920
86	tsk_86	(x)	1	:	0.000000	0.000000	0.000000	0.360783	0.000000	0.000000	0.000000	0.639217	0.000000	0.000000
87	tsk_87	(x)	1	:	0.000000	0.000000	0.000000	0.855642	0.000000	0.000000	0.000000	0.144357	0.000000	0.000000
88	tsk_88	(x)	1	:	0.000000	0.003268	0.000000	0.306608	0.175472	0.002761	0.000000	0.189367	0.000000	0.322524
89	tsk_89	(x)	1	:	0.000000	0.000000	0.000000	1.000000	0.000000	0.000000	0.000000	0.000000	0.000000	0.000000
90	tsk_90	(x)	1	:	0.000000	0.000000	0.000000	0.000000	0.000000	0.000000	0.000000	0.000000	1.000000	0.000000
91	tsk_91	(x)	1	:	0.495641	0.323790	0.000000	0.000000	0.005052	0.174040	0.000000	0.000000	0.000000	0.001478
92	tsk_92	(x)	1	:	0.000000	0.006140	0.000000	0.000000	0.000000	0.014801	0.000000	0.499629	0.479429	0.000000
93	tsk_93	(x)	1	:	0.000000	0.158535	0.000000	0.000000	0.000000	0.361916	0.000000	0.000000	0.479549	0.000000
94	tsk_94	(x)	1	:	0.499618	0.000000	0.000000	0.000000	0.020956	0.000000	0.000000	0.000000	0.479426	0.000000
95	tsk_95	(x)	1	:	0.495646	0.000000	0.000000	0.000000	0.006522	0.497832	0.000000	0.000000	0.000000	0.000000
96	tsk_96	(x)	1	:	0.499614	0.000000	0.000000	0.000000	0.005840	0.000000	0.000000	0.000000	0.479424	0.015121
97	tsk_97	(x)	1	:	0.000000	0.000000	0.000000	0.000000	0.000000	0.520451	0.000000	0.000000	0.479549	0.000000
98	tsk_98	(x)	1	:	0.499616	0.000000	0.000000	0.000000	0.013019	0.000000	0.000000	0.000000	0.479425	0.007940
99	tsk_99	(x)	1	:	0.000000	0.240999	0.000000	0.000000	0.000000	0.279452	0.000000	0.000000	0.479549	0.000000
