logL = -416.495048 (converged)
AIC = 2060.990097
BIC = 3660.564591

count.K
19 14 4 1 14 48 

