logL = -1622.427305 (converged)
AIC = 3592.854610
BIC = 4046.154223

count.K
58 42 

