logL = -882.964690 (converged)
AIC = 2339.929381
BIC = 3087.613224

count.K
31 32 37 

