logL = -883.261632 (converged)
AIC = 3942.523264
BIC = 6776.948426

count.K
28 3 13 10 30 1 1 7 7 

