logL = -184.229523 (converged)
AIC = 1328.459045
BIC = 2578.940735

count.K
11 72 7 2 8 

