logL = -373.617595 (converged)
AIC = 1459.235190
BIC = 2386.675777

count.K
17 26 27 30 

