logL = -756.331030 (converged)
AIC = 1784.662060
BIC = 2138.965205

count.K
61 39 

