logL = -1012.823891 (converged)
AIC = 2317.647781
BIC = 2698.002628

count.K
41 59 

