logL = -901.638849 (converged)
AIC = 2359.277697
BIC = 3083.515009

count.K
41 18 41 

