logL = -1775.198402 (converged)
AIC = 4208.396805
BIC = 5065.497796

count.K
30 57 13 

