logL = -461.214039 (converged)
AIC = 1526.428077
BIC = 2313.189473

count.K
51 25 24 

