0	tsk_0	(x)	1	:	0.000000	0.000000	0.530737	0.000000	0.469263	0.000000	0.000000
1	tsk_1	(x)	1	:	1.000000	0.000000	0.000000	0.000000	0.000000	0.000000	0.000000
2	tsk_2	(x)	1	:	0.000000	0.000000	0.530737	0.000000	0.469263	0.000000	0.000000
3	tsk_3	(x)	1	:	0.000000	0.000000	0.521405	0.478595	0.000000	0.000000	0.000000
4	tsk_4	(x)	1	:	1.000000	0.000000	0.000000	0.000000	0.000000	0.000000	0.000000
5	tsk_5	(x)	1	:	0.000000	0.502723	0.000000	0.497275	0.000001	0.000000	0.000002
6	tsk_6	(x)	1	:	0.000000	0.000000	0.530737	0.000000	0.469263	0.000000	0.000000
7	tsk_7	(x)	1	:	0.000000	0.000012	0.000000	0.534071	0.000000	0.464942	0.000975
8	tsk_8	(x)	1	:	0.486508	0.000001	0.000000	0.000000	0.513491	0.000000	0.000000
9	tsk_9	(x)	1	:	0.000000	0.000000	0.521405	0.478595	0.000000	0.000000	0.000000
10	tsk_10	(x)	1	:	0.510332	0.000006	0.489657	0.000000	0.000005	0.000000	0.000000
11	tsk_11	(x)	1	:	0.526222	0.473775	0.000000	0.000000	0.000002	0.000000	0.000000
12	tsk_12	(x)	1	:	0.519180	0.000000	0.000000	0.000000	0.480819	0.000000	0.000000
13	tsk_13	(x)	1	:	0.486508	0.000001	0.000000	0.000000	0.513491	0.000000	0.000000
14	tsk_14	(x)	1	:	0.000000	0.461621	0.000000	0.000000	0.538379	0.000000	0.000000
15	tsk_15	(x)	1	:	0.495135	0.504862	0.000000	0.000000	0.000003	0.000000	0.000000
16	tsk_16	(x)	1	:	0.486508	0.000001	0.000000	0.000000	0.513491	0.000000	0.000000
17	tsk_17	(x)	1	:	0.531743	0.000005	0.000000	0.000000	0.000000	0.000000	0.468252
18	tsk_18	(x)	1	:	0.486508	0.000000	0.000000	0.000000	0.513492	0.000000	0.000000
19	tsk_19	(x)	1	:	0.000000	0.000000	0.530737	0.000000	0.469263	0.000000	0.000000
20	tsk_20	(x)	1	:	0.000000	0.523504	0.000000	0.000000	0.000002	0.000000	0.476494
21	tsk_21	(x)	1	:	0.000000	0.000000	0.000000	0.000000	0.540325	0.000000	0.459675
22	tsk_22	(x)	1	:	0.000000	0.000000	0.000000	0.000000	0.000000	0.628438	0.371562
23	tsk_23	(x)	1	:	0.469913	0.000000	0.000000	0.000000	0.000000	0.000000	0.530087
24	tsk_24	(x)	1	:	0.000000	0.412897	0.000000	0.000000	0.000000	0.000000	0.587103
25	tsk_25	(x)	1	:	0.000000	0.000000	0.000000	0.000000	0.000000	1.000000	0.000000
26	tsk_26	(x)	1	:	0.000000	0.414829	0.000000	0.000000	0.000000	0.000000	0.585170
27	tsk_27	(x)	1	:	0.000000	0.414829	0.000000	0.000000	0.000000	0.000000	0.585170
28	tsk_28	(x)	1	:	0.000000	0.523504	0.000000	0.000000	0.000003	0.000000	0.476494
29	tsk_29	(x)	1	:	0.000000	0.039488	0.000000	0.000000	0.178084	0.782428	0.000000
30	tsk_30	(x)	1	:	0.000000	0.000000	1.000000	0.000000	0.000000	0.000000	0.000000
31	tsk_31	(x)	1	:	0.000000	0.001981	0.542283	0.000000	0.000391	0.455269	0.000075
32	tsk_32	(x)	1	:	0.501036	0.000002	0.000000	0.000000	0.000000	0.000000	0.498961
33	tsk_33	(x)	1	:	0.501036	0.000002	0.000000	0.000000	0.000000	0.000000	0.498962
34	tsk_34	(x)	1	:	0.000000	0.000005	0.471895	0.000000	0.000005	0.000000	0.528095
35	tsk_35	(x)	1	:	0.000000	0.000004	0.471895	0.000000	0.000007	0.000000	0.528094
36	tsk_36	(x)	1	:	0.510332	0.000007	0.489657	0.000000	0.000004	0.000000	0.000000
37	tsk_37	(x)	1	:	0.000000	0.066506	0.000000	0.000000	0.245775	0.000018	0.687701
38	tsk_38	(x)	1	:	0.000000	0.000004	0.549712	0.000000	0.000000	0.000000	0.450284
39	tsk_39	(x)	1	:	0.510330	0.000005	0.489653	0.000000	0.000011	0.000000	0.000000
40	tsk_40	(x)	1	:	0.000000	0.000000	0.000000	0.000000	0.672845	0.000000	0.327155
41	tsk_41	(x)	1	:	1.000000	0.000000	0.000000	0.000000	0.000000	0.000000	0.000000
42	tsk_42	(x)	1	:	1.000000	0.000000	0.000000	0.000000	0.000000	0.000000	0.000000
43	tsk_43	(x)	1	:	0.455514	0.000000	0.000000	0.000000	0.544486	0.000000	0.000000
44	tsk_44	(x)	1	:	0.000000	0.720715	0.000000	0.000000	0.276536	0.000010	0.002739
45	tsk_45	(x)	1	:	0.535163	0.135471	0.000000	0.000000	0.317595	0.000003	0.011767
46	tsk_46	(x)	1	:	0.000000	0.000001	0.000000	0.000000	0.000000	0.999998	0.000000
47	tsk_47	(x)	1	:	0.000000	0.000004	0.553769	0.000000	0.000001	0.000000	0.446226
48	tsk_48	(x)	1	:	0.000000	0.074258	0.662186	0.000000	0.263556	0.000000	0.000000
49	tsk_49	(x)	1	:	0.481456	0.000000	0.518544	0.000000	0.000000	0.000000	0.000000
50	tsk_50	(x)	1	:	0.000000	1.000000	0.000000	0.000000	0.000000	0.000000	0.000000
51	tsk_51	(x)	1	:	0.000000	1.000000	0.000000	0.000000	0.000000	0.000000	0.000000
52	tsk_52	(x)	1	:	0.000000	1.000000	0.000000	0.000000	0.000000	0.000000	0.000000
53	tsk_53	(x)	1	:	0.000000	0.619633	0.000000	0.000000	0.000240	0.380127	0.000000
54	tsk_54	(x)	1	:	0.000000	0.523504	0.000000	0.000000	0.000001	0.000000	0.476494
55	tsk_55	(x)	1	:	0.000000	0.000000	0.478026	0.521974	0.000000	0.000000	0.000000
56	tsk_56	(x)	1	:	0.000000	0.000000	0.000000	0.000000	0.000000	0.000000	1.000000
57	tsk_57	(x)	1	:	0.000000	0.543769	0.456227	0.000000	0.000004	0.000000	0.000001
58	tsk_58	(x)	1	:	0.552107	0.447888	0.000000	0.000000	0.000005	0.000000	0.000000
59	tsk_59	(x)	1	:	0.000000	0.461621	0.000000	0.000000	0.538379	0.000000	0.000000
60	tsk_60	(x)	1	:	0.000000	0.042286	0.000000	0.000000	0.257197	0.700517	0.000000
61	tsk_61	(x)	1	:	0.000000	0.452453	0.547537	0.000000	0.000010	0.000000	0.000000
62	tsk_62	(x)	1	:	0.000000	0.000008	0.000000	0.000000	0.566112	0.000000	0.433881
63	tsk_63	(x)	1	:	0.501036	0.000004	0.000000	0.000000	0.000000	0.000000	0.498960
64	tsk_64	(x)	1	:	0.495135	0.504861	0.000000	0.000000	0.000004	0.000000	0.000000
65	tsk_65	(x)	1	:	0.510330	0.000010	0.489656	0.000000	0.000004	0.000000	0.000000
66	tsk_66	(x)	1	:	0.000000	0.461621	0.000000	0.000000	0.538379	0.000000	0.000000
67	tsk_67	(x)	1	:	0.000000	0.000001	0.000000	0.000000	0.000000	0.536444	0.463555
68	tsk_68	(x)	1	:	0.000000	0.461621	0.000000	0.000000	0.538379	0.000000	0.000000
69	tsk_69	(x)	1	:	0.486508	0.000001	0.000000	0.000000	0.513491	0.000000	0.000000
70	tsk_70	(x)	1	:	0.000000	0.000000	0.000000	0.000000	1.000000	0.000000	0.000000
71	tsk_71	(x)	1	:	0.000000	0.137373	0.000000	0.000000	0.328584	0.525713	0.008331
72	tsk_72	(x)	1	:	0.000000	0.065743	0.000000	0.000000	0.934239	0.000018	0.000000
73	tsk_73	(x)	1	:	0.486508	0.000001	0.000000	0.000000	0.513491	0.000000	0.000000
74	tsk_74	(x)	1	:	0.000000	0.000008	0.000000	0.000000	0.676227	0.323764	0.000001
75	tsk_75	(x)	1	:	0.000000	0.001890	0.542227	0.000000	0.000656	0.455170	0.000056
76	tsk_76	(x)	1	:	0.000000	0.001363	0.542287	0.000000	0.000927	0.455293	0.000129
77	tsk_77	(x)	1	:	0.000000	0.461621	0.000000	0.000000	0.538379	0.000000	0.000000
78	tsk_78	(x)	1	:	0.000000	0.065559	0.000000	0.000000	0.934420	0.000020	0.000000
79	tsk_79	(x)	1	:	0.000000	0.000001	0.518351	0.000000	0.481649	0.000000	0.000000
80	tsk_80	(x)	1	:	0.000000	0.000000	0.000000	0.000000	0.000000	0.000000	1.000000
81	tsk_81	(x)	1	:	0.000000	0.118163	0.575728	0.000000	0.301741	0.000002	0.004365
82	tsk_82	(x)	1	:	0.000000	1.000000	0.000000	0.000000	0.000000	0.000000	0.000000
83	tsk_83	(x)	1	:	0.000000	1.000000	0.000000	0.000000	0.000000	0.000000	0.000000
84	tsk_84	(x)	1	:	0.000000	0.720730	0.000000	0.000000	0.276692	0.000012	0.002566
85	tsk_85	(x)	1	:	0.495135	0.504861	0.000000	0.000000	0.000004	0.000000	0.000000
86	tsk_86	(x)	1	:	0.000000	0.463533	0.536466	0.000000	0.000001	0.000000	0.000000
87	tsk_87	(x)	1	:	0.000000	0.523504	0.000000	0.000000	0.000001	0.000000	0.476494
88	tsk_88	(x)	1	:	0.000000	0.523504	0.000000	0.000000	0.000002	0.000000	0.476494
89	tsk_89	(x)	1	:	0.000000	0.523504	0.000000	0.000000	0.000002	0.000000	0.476494
90	tsk_90	(x)	1	:	0.000000	0.461621	0.000000	0.000000	0.538379	0.000000	0.000000
91	tsk_91	(x)	1	:	0.000000	0.502722	0.000000	0.497275	0.000001	0.000000	0.000002
92	tsk_92	(x)	1	:	0.000000	0.000000	0.000000	0.456080	0.000000	0.543920	0.000000
93	tsk_93	(x)	1	:	0.000000	0.000000	0.000000	0.462947	0.000000	0.537053	0.000000
94	tsk_94	(x)	1	:	0.000000	0.461621	0.000000	0.000000	0.538379	0.000000	0.000000
95	tsk_95	(x)	1	:	0.000000	0.502723	0.000000	0.497275	0.000000	0.000000	0.000002
96	tsk_96	(x)	1	:	0.478791	0.000000	0.521208	0.000000	0.000001	0.000000	0.000000
97	tsk_97	(x)	1	:	0.000000	0.452453	0.547537	0.000000	0.000010	0.000000	0.000000
98	tsk_98	(x)	1	:	0.000000	0.406083	0.000000	0.000000	0.000000	0.593917	0.000000
99	tsk_99	(x)	1	:	0.000000	0.406083	0.000000	0.000000	0.000000	0.593917	0.000000
