logL = -469.201050 (converged)
AIC = 1968.402100
BIC = 3310.064746

count.K
23 8 9 50 10 

