logL = -695.490419 (converged)
AIC = 3810.980839
BIC = 6963.236764

count.K
37 18 1 6 5 0 27 4 1 1 

