logL = -390.852159 (converged)
AIC = 2317.704318
BIC = 4318.475021

count.K
31 10 16 7 10 13 13 

