logL = -2140.063035 (converged)
AIC = 5288.126069
BIC = 6601.131843

count.K
29 29 27 15 

