logL = -413.700523 (converged)
AIC = 2595.401047
BIC = 4898.371491

count.K
7 11 13 2 22 1 39 5 

