logL = -584.540743 (converged)
AIC = 2803.081485
BIC = 4931.505527

count.K
9 12 18 35 8 10 8 

