logL = -1221.642491 (converged)
AIC = 2783.284982
BIC = 3226.163914

count.K
54 46 

