logL = -611.450092 (converged)
AIC = 3344.900184
BIC = 6108.985751

count.K
1 10 12 15 3 8 8 31 12 

