logL = -1018.113636 (converged)
AIC = 2336.227271
BIC = 2727.002799

count.K
63 37 

