0	tsk_0	(x)	1	:	0.000000	0.000000	0.326260	0.000000	0.673740	0.000000	0.000000
1	tsk_1	(x)	1	:	0.233658	0.000000	0.000000	0.000000	0.167767	0.000000	0.598575
2	tsk_2	(x)	1	:	0.711295	0.000000	0.000000	0.000000	0.288705	0.000000	0.000000
3	tsk_3	(x)	1	:	0.234029	0.000000	0.000000	0.000000	0.765971	0.000000	0.000000
4	tsk_4	(x)	1	:	0.234029	0.000000	0.000000	0.000000	0.765971	0.000000	0.000000
5	tsk_5	(x)	1	:	0.234029	0.000000	0.000000	0.000000	0.765971	0.000000	0.000000
6	tsk_6	(x)	1	:	0.234029	0.000000	0.000000	0.000000	0.765971	0.000000	0.000000
7	tsk_7	(x)	1	:	0.711297	0.000000	0.000000	0.000000	0.288703	0.000000	0.000000
8	tsk_8	(x)	1	:	0.000000	0.000000	0.000000	0.000000	1.000000	0.000000	0.000000
9	tsk_9	(x)	1	:	0.711297	0.000000	0.000000	0.000000	0.288703	0.000000	0.000000
10	tsk_10	(x)	1	:	0.484418	0.000000	0.000000	0.000000	0.097035	0.418547	0.000000
11	tsk_11	(x)	1	:	0.000000	0.000000	0.000000	0.000000	0.000015	0.409823	0.590162
12	tsk_12	(x)	1	:	0.000000	0.000000	0.491150	0.000000	0.084182	0.424668	0.000000
13	tsk_13	(x)	1	:	0.000000	0.000000	0.000000	0.000000	0.000011	0.409824	0.590165
14	tsk_14	(x)	1	:	0.000000	0.000000	0.000000	0.000000	0.000000	1.000000	0.000000
15	tsk_15	(x)	1	:	0.000000	0.000000	0.000000	0.000000	0.000010	0.409825	0.590165
16	tsk_16	(x)	1	:	0.000000	0.000000	0.000000	0.000000	0.396408	0.000000	0.603592
17	tsk_17	(x)	1	:	0.000000	0.000000	0.000000	0.000000	0.581693	0.418307	0.000000
18	tsk_18	(x)	1	:	0.000000	0.000000	0.476010	0.000000	0.523990	0.000000	0.000000
19	tsk_19	(x)	1	:	0.000000	0.000000	0.000000	0.000000	0.581693	0.418307	0.000000
20	tsk_20	(x)	1	:	0.000000	0.000000	0.000000	0.498364	0.497745	0.003892	0.000000
21	tsk_21	(x)	1	:	0.000000	0.000000	0.000000	1.000000	0.000000	0.000000	0.000000
22	tsk_22	(x)	1	:	0.000000	0.000000	0.000000	0.498767	0.498301	0.002933	0.000000
23	tsk_23	(x)	1	:	0.000000	0.000000	0.476025	0.000000	0.523975	0.000000	0.000000
24	tsk_24	(x)	1	:	0.000000	0.000000	0.000000	0.480480	0.000000	0.000000	0.519520
25	tsk_25	(x)	1	:	0.000000	0.500000	0.000000	0.500000	0.000000	0.000000	0.000000
26	tsk_26	(x)	1	:	0.000000	0.000000	0.326260	0.000000	0.673740	0.000000	0.000000
27	tsk_27	(x)	1	:	0.000000	0.000000	0.000000	0.480462	0.000426	0.000000	0.519111
28	tsk_28	(x)	1	:	0.000000	0.496409	0.000000	0.000000	0.497905	0.005686	0.000000
29	tsk_29	(x)	1	:	0.000000	0.501124	0.493543	0.000000	0.000123	0.005211	0.000000
30	tsk_30	(x)	1	:	0.000000	0.000179	0.000000	0.000000	0.000000	0.999821	0.000000
31	tsk_31	(x)	1	:	0.000000	0.500904	0.493348	0.000000	0.000264	0.005484	0.000000
32	tsk_32	(x)	1	:	0.493143	0.498331	0.000000	0.000000	0.000167	0.008360	0.000000
33	tsk_33	(x)	1	:	0.000000	0.501095	0.493217	0.000000	0.000558	0.005130	0.000000
34	tsk_34	(x)	1	:	0.000000	0.000181	0.000000	0.000000	0.000000	0.999819	0.000000
35	tsk_35	(x)	1	:	0.493114	0.498538	0.000000	0.000000	0.000335	0.008013	0.000000
36	tsk_36	(x)	1	:	0.000000	0.000000	0.000000	0.000000	0.436599	0.563401	0.000000
37	tsk_37	(x)	1	:	0.455300	0.000000	0.000000	0.000000	0.000000	0.544700	0.000000
38	tsk_38	(x)	1	:	0.000000	0.000000	0.447276	0.000000	0.000000	0.552724	0.000000
39	tsk_39	(x)	1	:	0.492821	0.498353	0.000000	0.000000	0.000705	0.008121	0.000000
40	tsk_40	(x)	1	:	0.000000	0.496364	0.000000	0.000000	0.497879	0.005758	0.000000
41	tsk_41	(x)	1	:	0.000000	0.496128	0.000000	0.000000	0.497742	0.006130	0.000000
42	tsk_42	(x)	1	:	0.000000	0.000000	0.000000	0.000000	1.000000	0.000000	0.000000
43	tsk_43	(x)	1	:	0.000000	0.000000	0.000000	0.000000	1.000000	0.000000	0.000000
44	tsk_44	(x)	1	:	0.000000	0.496117	0.000000	0.000000	0.497735	0.006147	0.000000
45	tsk_45	(x)	1	:	0.000000	0.496021	0.000000	0.000000	0.497679	0.006300	0.000000
46	tsk_46	(x)	1	:	0.000000	0.500000	0.000000	0.000000	0.500000	0.000000	0.000000
47	tsk_47	(x)	1	:	0.000000	0.000000	0.000000	0.000000	1.000000	0.000000	0.000000
48	tsk_48	(x)	1	:	0.000000	0.496179	0.000000	0.000000	0.497771	0.006049	0.000000
49	tsk_49	(x)	1	:	0.000000	0.000000	0.000000	0.000000	1.000000	0.000000	0.000000
50	tsk_50	(x)	1	:	0.000000	0.000000	0.000000	0.000000	1.000000	0.000000	0.000000
51	tsk_51	(x)	1	:	0.000000	0.000000	0.000000	0.000000	1.000000	0.000000	0.000000
52	tsk_52	(x)	1	:	0.000000	0.000000	0.000000	0.498490	0.497919	0.003590	0.000000
53	tsk_53	(x)	1	:	0.000000	0.000000	0.000000	0.000000	1.000000	0.000000	0.000000
54	tsk_54	(x)	1	:	0.000000	0.000000	0.000000	0.000000	1.000000	0.000000	0.000000
55	tsk_55	(x)	1	:	0.000000	0.496430	0.000000	0.000000	0.497917	0.005653	0.000000
56	tsk_56	(x)	1	:	0.000000	0.000000	0.000000	0.000000	1.000000	0.000000	0.000000
57	tsk_57	(x)	1	:	0.000000	0.000000	0.000000	0.000000	1.000000	0.000000	0.000000
58	tsk_58	(x)	1	:	0.000000	0.000000	0.000000	0.000000	1.000000	0.000000	0.000000
59	tsk_59	(x)	1	:	0.000000	0.000000	0.000000	0.498861	0.498431	0.002708	0.000000
60	tsk_60	(x)	1	:	0.000000	0.633675	0.000000	0.000000	0.000000	0.366325	0.000000
61	tsk_61	(x)	1	:	0.000000	1.000000	0.000000	0.000000	0.000000	0.000000	0.000000
62	tsk_62	(x)	1	:	0.000000	0.495536	0.000000	0.000000	0.110213	0.006896	0.387354
63	tsk_63	(x)	1	:	0.000000	0.000000	0.000000	0.499720	0.499615	0.000665	0.000000
64	tsk_64	(x)	1	:	0.000000	0.500000	0.000000	0.000000	0.500000	0.000000	0.000000
65	tsk_65	(x)	1	:	0.000000	0.386431	0.000000	0.000000	0.000000	0.613569	0.000000
66	tsk_66	(x)	1	:	0.000000	0.496250	0.000000	0.000000	0.497812	0.005938	0.000000
67	tsk_67	(x)	1	:	0.000000	0.497784	0.000000	0.000000	0.498706	0.003511	0.000000
68	tsk_68	(x)	1	:	0.000000	0.000000	0.000000	0.000000	1.000000	0.000000	0.000000
69	tsk_69	(x)	1	:	0.000000	0.633675	0.000000	0.000000	0.000000	0.366325	0.000000
70	tsk_70	(x)	1	:	0.000000	0.000000	0.000000	0.000000	0.610031	0.000000	0.389969
71	tsk_71	(x)	1	:	0.000000	0.000000	0.000000	0.000000	0.291839	0.000000	0.708161
72	tsk_72	(x)	1	:	0.000000	0.000000	0.000000	0.000000	0.194114	0.418241	0.387645
73	tsk_73	(x)	1	:	0.000000	0.000000	0.000000	0.000000	0.000000	0.000000	1.000000
74	tsk_74	(x)	1	:	0.000000	0.495483	0.000000	0.000000	0.110176	0.006982	0.387359
75	tsk_75	(x)	1	:	0.000000	0.000000	0.000000	0.000000	0.194114	0.418241	0.387645
76	tsk_76	(x)	1	:	0.000000	0.495494	0.000000	0.000000	0.110184	0.006964	0.387358
77	tsk_77	(x)	1	:	0.000000	0.501310	0.493504	0.000000	0.000286	0.004900	0.000000
78	tsk_78	(x)	1	:	0.000000	0.495513	0.000000	0.000000	0.110197	0.006934	0.387356
79	tsk_79	(x)	1	:	0.000000	1.000000	0.000000	0.000000	0.000000	0.000000	0.000000
80	tsk_80	(x)	1	:	0.000000	0.000000	0.000000	0.000000	1.000000	0.000000	0.000000
81	tsk_81	(x)	1	:	0.000000	0.495509	0.000000	0.000000	0.110194	0.006941	0.387357
82	tsk_82	(x)	1	:	0.000000	0.000000	0.000000	0.000000	0.610031	0.000000	0.389968
83	tsk_83	(x)	1	:	0.000000	0.000000	0.000000	0.000000	1.000000	0.000000	0.000000
84	tsk_84	(x)	1	:	0.000000	0.000000	0.000000	0.000000	1.000000	0.000000	0.000000
85	tsk_85	(x)	1	:	0.000000	0.496053	0.000000	0.000000	0.497698	0.006249	0.000000
86	tsk_86	(x)	1	:	0.000000	0.496310	0.000000	0.000000	0.497847	0.005843	0.000000
87	tsk_87	(x)	1	:	0.000000	0.000000	0.000000	0.000000	0.610031	0.000000	0.389969
88	tsk_88	(x)	1	:	0.000000	0.000000	0.000000	0.000000	1.000000	0.000000	0.000000
89	tsk_89	(x)	1	:	0.000000	0.496341	0.000000	0.000000	0.497866	0.005793	0.000000
90	tsk_90	(x)	1	:	0.000019	0.000000	0.430670	0.000000	0.000001	0.000000	0.569310
91	tsk_91	(x)	1	:	0.000000	0.000000	0.000000	0.000000	0.610032	0.000000	0.389967
92	tsk_92	(x)	1	:	0.000000	0.000000	0.476245	0.000000	0.523754	0.000000	0.000000
93	tsk_93	(x)	1	:	0.000000	0.000000	0.000000	0.000000	0.000003	0.000000	0.999997
94	tsk_94	(x)	1	:	0.000000	0.000000	0.466986	0.000000	0.151867	0.000000	0.381147
95	tsk_95	(x)	1	:	0.000000	0.000000	0.000000	0.000000	0.610032	0.000000	0.389968
96	tsk_96	(x)	1	:	0.000000	0.000000	0.000000	0.000000	0.436599	0.563401	0.000000
97	tsk_97	(x)	1	:	0.000000	0.000000	0.476077	0.000000	0.523923	0.000000	0.000000
98	tsk_98	(x)	1	:	0.000000	0.000000	0.000000	0.000000	1.000000	0.000000	0.000000
99	tsk_99	(x)	1	:	0.000000	0.000000	0.447276	0.000000	0.000000	0.552724	0.000000
