logL = -1735.224277 (converged)
AIC = 4134.448553
BIC = 4999.365055

count.K
49 31 20 

