logL = -241.340003 (converged)
AIC = 1162.680006
BIC = 2048.437869

count.K
34 25 3 38 

