logL = -646.646695 (converged)
AIC = 3613.293391
BIC = 6635.290806

count.K
8 13 10 9 6 14 10 17 4 9 

