logL = -1031.972925 (converged)
AIC = 2347.945850
BIC = 2717.880017

count.K
39 61 

