0	tsk_0	(x)	1	:	0.000000	0.000000	0.166600	0.000000	0.000000	0.000000	0.000000	0.491199	0.342201
1	tsk_1	(x)	1	:	0.000000	0.000000	0.782253	0.000000	0.000000	0.000000	0.000000	0.000000	0.217747
2	tsk_2	(x)	1	:	0.000000	0.000000	0.888151	0.000000	0.000000	0.000000	0.000000	0.000000	0.111849
3	tsk_3	(x)	1	:	0.000000	0.000000	0.230215	0.000000	0.000000	0.000000	0.000000	0.491199	0.278586
4	tsk_4	(x)	1	:	0.000000	0.000000	0.200472	0.000000	0.000000	0.000000	0.181753	0.309578	0.308197
5	tsk_5	(x)	1	:	0.000000	0.000000	0.828569	0.000000	0.000000	0.000000	0.000000	0.000000	0.171431
6	tsk_6	(x)	1	:	0.000000	0.000000	0.711543	0.000000	0.000000	0.000000	0.000000	0.000000	0.288457
7	tsk_7	(x)	1	:	0.000000	0.000000	0.256647	0.000000	0.000000	0.000000	0.181753	0.309578	0.252022
8	tsk_8	(x)	1	:	0.000000	0.000000	0.658621	0.000000	0.000000	0.000000	0.000000	0.000000	0.341379
9	tsk_9	(x)	1	:	0.000000	0.000000	0.373715	0.000000	0.000000	0.000000	0.000000	0.491199	0.135086
10	tsk_10	(x)	1	:	0.000000	0.000000	0.000000	0.000000	0.000000	0.000000	0.000000	1.000000	0.000000
11	tsk_11	(x)	1	:	0.000000	0.148782	0.000000	0.000000	0.356815	0.000000	0.000000	0.494403	0.000000
12	tsk_12	(x)	1	:	0.447759	0.078691	0.052447	0.000000	0.421103	0.000000	0.000000	0.000000	0.000000
13	tsk_13	(x)	1	:	0.000000	0.000000	0.000000	0.000000	0.000000	0.000000	0.000000	1.000000	0.000000
14	tsk_14	(x)	1	:	0.000000	0.000000	0.000000	0.000000	0.000000	0.000000	0.666762	0.333238	0.000000
15	tsk_15	(x)	1	:	0.000000	0.071720	0.000000	0.000000	0.399834	0.000000	0.528446	0.000000	0.000000
16	tsk_16	(x)	1	:	0.000000	0.000000	0.000000	0.000000	0.000000	0.000000	0.172448	0.827552	0.000000
17	tsk_17	(x)	1	:	0.000000	0.101111	0.000000	0.000000	0.389717	0.000000	0.509172	0.000000	0.000000
18	tsk_18	(x)	1	:	0.000000	0.000000	0.000000	0.000000	0.000000	0.000000	0.213141	0.786859	0.000000
19	tsk_19	(x)	1	:	0.000000	0.000000	0.000000	0.000000	0.000000	0.000000	0.213141	0.786859	0.000000
20	tsk_20	(x)	1	:	0.000000	0.174951	0.000000	0.000000	0.330645	0.000000	0.000000	0.494403	0.000000
21	tsk_21	(x)	1	:	0.000000	0.098845	0.166818	0.000000	0.401155	0.000000	0.000000	0.000000	0.333182
22	tsk_22	(x)	1	:	0.000000	0.078109	0.196969	0.000000	0.421891	0.000000	0.000000	0.000000	0.303030
23	tsk_23	(x)	1	:	0.000000	0.069980	0.003507	0.000004	0.429603	0.490413	0.000000	0.000000	0.006493
24	tsk_24	(x)	1	:	0.000000	0.094761	0.003053	0.000000	0.404826	0.490428	0.000000	0.000000	0.006932
25	tsk_25	(x)	1	:	0.000000	0.171970	0.000000	0.000000	0.333627	0.000000	0.000000	0.494403	0.000000
26	tsk_26	(x)	1	:	0.000000	0.051160	0.002386	0.000007	0.448424	0.490412	0.000000	0.000000	0.007612
27	tsk_27	(x)	1	:	0.000000	0.114733	0.273350	0.000000	0.385267	0.000000	0.000000	0.000000	0.226649
28	tsk_28	(x)	1	:	0.000000	0.000000	0.002553	0.000060	0.000000	0.491425	0.000000	0.491157	0.014804
29	tsk_29	(x)	1	:	0.000000	0.016222	0.000000	0.000000	0.983778	0.000000	0.000000	0.000000	0.000000
30	tsk_30	(x)	1	:	0.000000	0.000000	0.436108	0.000000	0.000000	0.000000	0.000000	0.000000	0.563892
31	tsk_31	(x)	1	:	0.000000	0.000000	0.002351	0.000040	0.000000	0.489543	0.433095	0.057814	0.017157
32	tsk_32	(x)	1	:	0.000000	0.000000	0.000000	0.000000	0.000000	0.000000	0.434350	0.565650	0.000000
33	tsk_33	(x)	1	:	0.000000	0.103589	0.348466	0.000000	0.396411	0.000000	0.000000	0.000000	0.151534
34	tsk_34	(x)	1	:	0.000000	0.110521	0.448529	0.000000	0.389479	0.000000	0.000000	0.000000	0.051471
35	tsk_35	(x)	1	:	0.000000	0.115414	0.227849	0.000000	0.384586	0.000000	0.000000	0.000000	0.272150
36	tsk_36	(x)	1	:	0.000000	0.000000	0.755449	0.000000	0.000000	0.000000	0.000000	0.000000	0.244551
37	tsk_37	(x)	1	:	0.464420	0.000000	0.024289	0.000000	0.000000	0.000000	0.000000	0.496026	0.015265
38	tsk_38	(x)	1	:	0.000000	0.000000	0.690416	0.000000	0.000000	0.000000	0.000000	0.000000	0.309583
39	tsk_39	(x)	1	:	0.000000	0.000000	0.140333	0.000180	0.000000	0.491458	0.000000	0.000000	0.368030
40	tsk_40	(x)	1	:	0.000000	0.000000	0.398527	0.000000	0.000000	0.000000	0.000000	0.526332	0.075141
41	tsk_41	(x)	1	:	0.000000	0.000000	0.000000	0.000000	0.000000	0.000000	0.151581	0.848419	0.000000
42	tsk_42	(x)	1	:	0.000000	0.000000	0.238944	0.000000	0.000000	0.596773	0.000000	0.000000	0.164283
43	tsk_43	(x)	1	:	0.000000	0.000000	0.298229	0.000000	0.000000	0.596773	0.000000	0.000000	0.104997
44	tsk_44	(x)	1	:	0.000000	0.000000	0.005088	0.000031	0.000000	0.491734	0.181746	0.309606	0.011796
45	tsk_45	(x)	1	:	0.000000	0.000000	0.000000	0.000000	0.000000	0.000000	0.000001	0.999999	0.000000
46	tsk_46	(x)	1	:	0.000000	0.000000	0.087803	0.000043	0.000000	0.491627	0.000000	0.000000	0.420527
47	tsk_47	(x)	1	:	0.000000	0.000000	0.336959	0.000000	0.000000	0.000000	0.000001	0.526744	0.136295
48	tsk_48	(x)	1	:	0.000000	0.000000	0.251559	0.000000	0.000000	0.000000	0.000000	0.491199	0.257241
49	tsk_49	(x)	1	:	0.000000	0.137979	0.000000	0.000000	0.344848	0.000000	0.000000	0.517173	0.000000
50	tsk_50	(x)	1	:	0.000000	0.000000	0.727218	0.000000	0.000000	0.000000	0.000000	0.000000	0.272782
51	tsk_51	(x)	1	:	0.000000	0.000000	0.314836	0.000000	0.000000	0.000000	0.433013	0.058505	0.193645
52	tsk_52	(x)	1	:	0.000000	0.000000	0.357592	0.000000	0.000000	0.000000	0.433013	0.058506	0.150889
53	tsk_53	(x)	1	:	0.000000	0.000000	0.682960	0.000000	0.000000	0.000000	0.000000	0.000000	0.317040
54	tsk_54	(x)	1	:	0.000000	0.000000	0.190877	0.000000	0.000000	0.000000	0.433040	0.058471	0.317612
55	tsk_55	(x)	1	:	0.000000	0.155045	0.000000	0.000000	0.350551	0.000000	0.000000	0.494403	0.000000
56	tsk_56	(x)	1	:	0.000000	0.119393	0.207982	0.000000	0.380608	0.000000	0.000000	0.000000	0.292018
57	tsk_57	(x)	1	:	0.000000	0.000000	0.393525	0.000000	0.000000	0.000000	0.433389	0.058026	0.115059
58	tsk_58	(x)	1	:	0.000000	0.000000	0.409418	0.000042	0.000000	0.491628	0.000000	0.000000	0.098912
59	tsk_59	(x)	1	:	0.000000	0.000000	0.211075	0.000000	0.000000	0.000000	0.000000	0.000000	0.788925
60	tsk_60	(x)	1	:	0.000000	0.045518	0.003460	0.000002	0.454078	0.490456	0.000000	0.000000	0.006485
61	tsk_61	(x)	1	:	0.000000	0.000000	0.000000	0.000010	0.000000	0.999990	0.000000	0.000000	0.000000
62	tsk_62	(x)	1	:	0.000000	0.000000	0.000000	0.518498	0.000000	0.000000	0.000000	0.481502	0.000000
63	tsk_63	(x)	1	:	0.000000	0.100710	0.239369	0.000000	0.399290	0.000000	0.000000	0.000000	0.260631
64	tsk_64	(x)	1	:	0.000000	0.000000	0.657594	0.000000	0.000000	0.000000	0.000000	0.000000	0.342406
65	tsk_65	(x)	1	:	0.000000	0.000000	0.000000	0.000000	0.000000	0.000000	0.000000	1.000000	0.000000
66	tsk_66	(x)	1	:	0.000000	0.000000	0.000000	0.000015	0.000000	0.999984	0.000000	0.000000	0.000000
67	tsk_67	(x)	1	:	0.000000	0.061847	0.001774	0.000001	0.437742	0.490437	0.000000	0.000000	0.008199
68	tsk_68	(x)	1	:	0.000000	0.000000	0.000000	0.000020	0.000000	0.999979	0.000000	0.000000	0.000000
69	tsk_69	(x)	1	:	0.000000	0.092153	0.004225	0.000005	0.407452	0.490481	0.000000	0.000000	0.005683
70	tsk_70	(x)	1	:	0.000000	0.000000	0.561671	0.000000	0.000000	0.000000	0.000000	0.000000	0.438329
71	tsk_71	(x)	1	:	0.000000	0.000000	0.779461	0.000000	0.000000	0.000000	0.000000	0.000000	0.220539
72	tsk_72	(x)	1	:	0.000000	0.000000	0.128253	0.000000	0.000000	0.000000	0.000000	0.491199	0.380548
73	tsk_73	(x)	1	:	0.000000	0.000000	0.488846	0.000000	0.000000	0.000000	0.000000	0.000000	0.511153
74	tsk_74	(x)	1	:	0.000000	0.000000	0.799070	0.000000	0.000000	0.000000	0.000000	0.000000	0.200930
75	tsk_75	(x)	1	:	0.000000	0.000000	0.559126	0.000000	0.000000	0.000000	0.000000	0.000000	0.440874
76	tsk_76	(x)	1	:	0.000000	0.000000	0.658830	0.000000	0.000000	0.000000	0.000000	0.000000	0.341170
77	tsk_77	(x)	1	:	0.000000	0.000000	0.145620	0.000000	0.000000	0.000000	0.000000	0.491199	0.363180
78	tsk_78	(x)	1	:	0.000000	0.000000	0.161767	0.000026	0.000000	0.491648	0.000000	0.000000	0.346559
79	tsk_79	(x)	1	:	0.000000	0.000000	0.350174	0.000060	0.000000	0.491606	0.000000	0.000000	0.158160
80	tsk_80	(x)	1	:	0.000000	0.119270	0.000000	0.000000	0.371558	0.000000	0.509172	0.000000	0.000000
81	tsk_81	(x)	1	:	0.000000	0.000000	0.291131	0.000071	0.000000	0.491592	0.000000	0.000000	0.217206
82	tsk_82	(x)	1	:	0.000000	0.000000	0.000000	0.000008	0.000000	0.999992	0.000000	0.000000	0.000000
83	tsk_83	(x)	1	:	0.000000	0.000000	0.000000	0.586768	0.000000	0.413232	0.000000	0.000000	0.000000
84	tsk_84	(x)	1	:	0.514338	0.000000	0.000020	0.000013	0.000000	0.485611	0.000000	0.000000	0.000018
85	tsk_85	(x)	1	:	0.000000	0.000000	0.004107	0.000057	0.000000	0.491636	0.000000	0.491215	0.012984
86	tsk_86	(x)	1	:	0.000000	0.000000	0.000000	0.000005	0.000000	0.999995	0.000000	0.000000	0.000000
87	tsk_87	(x)	1	:	0.000000	0.000000	0.000000	0.518497	0.000000	0.000001	0.000000	0.481502	0.000000
88	tsk_88	(x)	1	:	0.000000	0.105775	0.000000	0.000000	0.385053	0.000000	0.509172	0.000000	0.000000
89	tsk_89	(x)	1	:	0.000000	0.104790	0.382831	0.000000	0.395210	0.000000	0.000000	0.000000	0.117169
90	tsk_90	(x)	1	:	0.000000	0.000000	0.000000	0.000000	0.000000	0.000000	0.000000	1.000000	0.000000
91	tsk_91	(x)	1	:	0.000000	0.000000	0.335149	0.000000	0.000000	0.000000	0.000001	0.526744	0.138106
92	tsk_92	(x)	1	:	0.000000	0.000000	0.000000	0.000000	0.000000	0.000000	0.000000	1.000000	0.000000
93	tsk_93	(x)	1	:	0.959439	0.000000	0.040559	0.000000	0.000000	0.000000	0.000000	0.000000	0.000002
94	tsk_94	(x)	1	:	0.510810	0.000000	0.000019	0.000000	0.000000	0.000000	0.000000	0.489165	0.000006
95	tsk_95	(x)	1	:	0.000000	0.060344	0.257856	0.000000	0.439656	0.000000	0.000000	0.000000	0.242144
96	tsk_96	(x)	1	:	0.533064	0.000000	0.310918	0.000000	0.000000	0.000000	0.000000	0.000000	0.156017
97	tsk_97	(x)	1	:	0.000000	0.000000	0.314381	0.000016	0.000000	0.491660	0.000000	0.000000	0.193943
98	tsk_98	(x)	1	:	0.000000	0.000000	0.521001	0.000000	0.000000	0.000000	0.000000	0.000000	0.478998
99	tsk_99	(x)	1	:	0.000000	0.082074	0.239599	0.000000	0.417927	0.000000	0.000000	0.000000	0.260401
