0	tsk_0	(x)	1	:	0.000000	0.000000	0.491990	0.000000	0.000000	0.000000	0.000000	0.009454	0.498556
1	tsk_1	(x)	1	:	0.000000	0.000000	0.000000	0.540098	0.000000	0.459902	0.000000	0.000000	0.000000
2	tsk_2	(x)	1	:	0.000000	0.000000	0.489963	0.492813	0.000003	0.000000	0.000000	0.017221	0.000000
3	tsk_3	(x)	1	:	0.000000	0.000000	0.500000	0.000000	0.000000	0.000000	0.000000	0.000793	0.499207
4	tsk_4	(x)	1	:	0.000000	0.000000	0.489963	0.000000	0.000000	0.000000	0.000000	0.011643	0.498394
5	tsk_5	(x)	1	:	0.000000	0.000000	0.000000	0.000000	0.000000	0.000000	0.000000	0.000000	1.000000
6	tsk_6	(x)	1	:	0.000000	0.000000	0.000000	0.000000	0.000000	0.000000	0.000000	0.510080	0.489920
7	tsk_7	(x)	1	:	0.000000	0.000000	0.000000	0.000000	0.000000	0.000000	0.000000	0.000000	1.000000
8	tsk_8	(x)	1	:	0.000000	0.000000	0.489866	0.000000	0.000000	0.000000	0.000000	0.011748	0.498386
9	tsk_9	(x)	1	:	0.000000	0.000000	0.000000	0.000000	0.000099	0.485741	0.000000	0.514159	0.000000
10	tsk_10	(x)	1	:	0.000000	0.000000	0.000000	0.540098	0.000000	0.459902	0.000000	0.000000	0.000000
11	tsk_11	(x)	1	:	0.000000	0.000000	0.000000	0.000000	0.000000	0.000000	0.000000	0.000000	1.000000
12	tsk_12	(x)	1	:	0.327874	0.000000	0.000000	0.000000	0.000000	0.000000	0.000000	0.176352	0.495774
13	tsk_13	(x)	1	:	0.000000	0.000000	0.491510	0.000000	0.000000	0.000000	0.000000	0.009972	0.498518
14	tsk_14	(x)	1	:	0.327868	0.000000	0.000000	0.000000	0.000000	0.000000	0.000000	0.176358	0.495774
15	tsk_15	(x)	1	:	0.000000	0.000000	0.490374	0.492845	0.000005	0.000000	0.000000	0.016776	0.000000
16	tsk_16	(x)	1	:	0.382107	0.048469	0.569424	0.000000	0.000000	0.000000	0.000000	0.000000	0.000000
17	tsk_17	(x)	1	:	0.000000	0.000000	0.476481	0.523143	0.000000	0.000000	0.000000	0.000376	0.000000
18	tsk_18	(x)	1	:	0.000000	0.000000	0.490937	0.492890	0.000006	0.000000	0.000000	0.016166	0.000000
19	tsk_19	(x)	1	:	0.000000	0.000000	0.000000	0.000000	0.000000	0.000000	0.000000	0.000000	1.000000
20	tsk_20	(x)	1	:	0.382102	0.048479	0.569419	0.000000	0.000000	0.000000	0.000000	0.000000	0.000000
21	tsk_21	(x)	1	:	0.000000	0.000000	0.000000	0.000000	0.000000	0.000000	0.000000	0.000000	1.000000
22	tsk_22	(x)	1	:	0.000000	0.000000	0.000000	0.000000	0.000000	0.458910	0.000000	0.000000	0.541090
23	tsk_23	(x)	1	:	0.000000	0.000000	0.000000	0.000000	0.000000	0.000000	0.000000	0.000000	1.000000
24	tsk_24	(x)	1	:	0.000000	0.000000	0.492970	0.000000	0.000000	0.000000	0.000000	0.008395	0.498635
25	tsk_25	(x)	1	:	0.000000	0.000000	0.000010	0.484254	0.000203	0.000000	0.000000	0.515533	0.000000
26	tsk_26	(x)	1	:	0.000000	0.000000	1.000000	0.000000	0.000000	0.000000	0.000000	0.000000	0.000000
27	tsk_27	(x)	1	:	0.000000	0.999999	0.000001	0.000000	0.000000	0.000000	0.000000	0.000000	0.000000
28	tsk_28	(x)	1	:	0.000000	0.000000	0.494957	0.000000	0.000011	0.495282	0.000000	0.009751	0.000000
29	tsk_29	(x)	1	:	0.327877	0.000000	0.000000	0.000000	0.000000	0.000000	0.000000	0.176348	0.495775
30	tsk_30	(x)	1	:	0.000000	0.000000	0.000002	0.484249	0.000081	0.000000	0.000000	0.515668	0.000000
31	tsk_31	(x)	1	:	0.000000	0.000000	0.000000	0.000000	0.512473	0.487526	0.000000	0.000000	0.000000
32	tsk_32	(x)	1	:	0.734879	0.265121	0.000000	0.000000	0.000000	0.000000	0.000000	0.000000	0.000000
33	tsk_33	(x)	1	:	0.549390	0.000000	0.450610	0.000000	0.000000	0.000000	0.000000	0.000000	0.000000
34	tsk_34	(x)	1	:	0.000000	0.000000	0.000001	0.484249	0.000074	0.000000	0.000000	0.515675	0.000000
35	tsk_35	(x)	1	:	1.000000	0.000000	0.000000	0.000000	0.000000	0.000000	0.000000	0.000000	0.000000
36	tsk_36	(x)	1	:	0.000000	0.000000	1.000000	0.000000	0.000000	0.000000	0.000000	0.000000	0.000000
37	tsk_37	(x)	1	:	1.000000	0.000000	0.000000	0.000000	0.000000	0.000000	0.000000	0.000000	0.000000
38	tsk_38	(x)	1	:	0.527004	0.000000	0.000000	0.000000	0.000000	0.472996	0.000000	0.000000	0.000000
39	tsk_39	(x)	1	:	0.000000	0.000000	0.000001	0.000000	0.000073	0.485741	0.000000	0.514185	0.000000
40	tsk_40	(x)	1	:	0.000000	0.000000	0.000000	0.000000	0.000000	0.492455	0.507533	0.000000	0.000013
41	tsk_41	(x)	1	:	0.000000	0.000000	0.493547	0.000000	0.000000	0.000000	0.000000	0.007772	0.498681
42	tsk_42	(x)	1	:	0.000000	0.000000	0.000000	0.000000	0.000000	0.492453	0.507526	0.000000	0.000021
43	tsk_43	(x)	1	:	0.000000	0.000000	0.000000	0.000000	0.000000	0.492794	0.000000	0.000000	0.507206
44	tsk_44	(x)	1	:	0.000000	0.000000	0.000000	0.000000	0.000000	0.000000	0.000000	0.000000	1.000000
45	tsk_45	(x)	1	:	0.000000	0.000000	0.000000	0.000000	0.000000	0.000000	0.508728	0.000000	0.491272
46	tsk_46	(x)	1	:	0.000000	0.000000	0.490405	0.000000	0.000000	0.000000	0.000000	0.011165	0.498429
47	tsk_47	(x)	1	:	0.000000	0.000000	0.000000	0.000000	0.000000	1.000000	0.000000	0.000000	0.000000
48	tsk_48	(x)	1	:	0.000000	0.000000	0.490861	0.000000	0.000004	0.494930	0.000000	0.014204	0.000000
49	tsk_49	(x)	1	:	0.000000	0.000000	0.492525	0.000000	0.000000	0.000000	0.000000	0.008876	0.498599
50	tsk_50	(x)	1	:	0.000000	0.999998	0.000002	0.000000	0.000000	0.000000	0.000000	0.000000	0.000000
51	tsk_51	(x)	1	:	0.000003	0.999995	0.000002	0.000000	0.000000	0.000000	0.000000	0.000000	0.000000
52	tsk_52	(x)	1	:	0.000003	0.999995	0.000002	0.000000	0.000000	0.000000	0.000000	0.000000	0.000000
53	tsk_53	(x)	1	:	0.000000	0.000000	0.000000	0.000000	0.000000	1.000000	0.000000	0.000000	0.000000
54	tsk_54	(x)	1	:	0.000000	0.000000	0.000001	0.484248	0.000042	0.000000	0.000000	0.515710	0.000000
55	tsk_55	(x)	1	:	0.000000	0.000000	0.000000	0.489044	0.000000	0.000000	0.000000	0.000000	0.510956
56	tsk_56	(x)	1	:	0.000000	0.000000	0.000000	0.441964	0.000000	0.558036	0.000000	0.000000	0.000000
57	tsk_57	(x)	1	:	0.000000	0.634817	0.365183	0.000000	0.000000	0.000000	0.000000	0.000000	0.000000
58	tsk_58	(x)	1	:	0.000000	0.000000	0.000000	0.000000	0.000013	0.505191	0.000000	0.494797	0.000000
59	tsk_59	(x)	1	:	0.000000	0.000000	0.000000	0.000000	0.000000	1.000000	0.000000	0.000000	0.000000
60	tsk_60	(x)	1	:	0.000000	0.000000	1.000000	0.000000	0.000000	0.000000	0.000000	0.000000	0.000000
61	tsk_61	(x)	1	:	0.000000	0.000000	0.491811	0.492960	0.000006	0.000000	0.000000	0.015223	0.000000
62	tsk_62	(x)	1	:	0.000000	0.000000	0.490247	0.000000	0.000005	0.494878	0.000000	0.014870	0.000000
63	tsk_63	(x)	1	:	0.000000	0.000000	1.000000	0.000000	0.000000	0.000000	0.000000	0.000000	0.000000
64	tsk_64	(x)	1	:	0.000000	0.000000	1.000000	0.000000	0.000000	0.000000	0.000000	0.000000	0.000000
65	tsk_65	(x)	1	:	0.000000	0.000000	1.000000	0.000000	0.000000	0.000000	0.000000	0.000000	0.000000
66	tsk_66	(x)	1	:	0.000000	0.000000	1.000000	0.000000	0.000000	0.000000	0.000000	0.000000	0.000000
67	tsk_67	(x)	1	:	0.228536	0.449753	0.321711	0.000000	0.000000	0.000000	0.000000	0.000000	0.000000
68	tsk_68	(x)	1	:	0.000000	0.000000	1.000000	0.000000	0.000000	0.000000	0.000000	0.000000	0.000000
69	tsk_69	(x)	1	:	0.000000	0.000000	1.000000	0.000000	0.000000	0.000000	0.000000	0.000000	0.000000
70	tsk_70	(x)	1	:	0.000000	0.000000	0.000001	0.000000	0.000070	0.485740	0.000000	0.514188	0.000000
71	tsk_71	(x)	1	:	0.000000	0.000000	0.000000	0.000000	0.000000	1.000000	0.000000	0.000000	0.000000
72	tsk_72	(x)	1	:	0.000000	0.000000	0.491423	0.000000	0.000000	0.000000	0.000000	0.010067	0.498511
73	tsk_73	(x)	1	:	0.507861	0.000000	0.000000	0.000000	0.000000	0.000000	0.000000	0.000000	0.492139
74	tsk_74	(x)	1	:	0.000000	0.000000	0.000001	0.000000	0.000096	0.485741	0.000000	0.514162	0.000000
75	tsk_75	(x)	1	:	0.511377	0.000000	0.000000	0.000000	0.000000	0.488623	0.000000	0.000000	0.000000
76	tsk_76	(x)	1	:	0.000000	0.000000	0.000000	0.000000	0.000000	0.492794	0.000000	0.000000	0.507206
77	tsk_77	(x)	1	:	0.000000	0.000000	0.000000	0.000000	0.000000	0.492794	0.000000	0.000000	0.507206
78	tsk_78	(x)	1	:	1.000000	0.000000	0.000000	0.000000	0.000000	0.000000	0.000000	0.000000	0.000000
79	tsk_79	(x)	1	:	0.634486	0.365511	0.000003	0.000000	0.000000	0.000000	0.000000	0.000000	0.000000
80	tsk_80	(x)	1	:	0.000000	0.000000	0.488379	0.509421	0.000001	0.000000	0.000000	0.002199	0.000000
81	tsk_81	(x)	1	:	0.990763	0.009237	0.000001	0.000000	0.000000	0.000000	0.000000	0.000000	0.000000
82	tsk_82	(x)	1	:	0.000000	0.000000	0.485304	0.000000	0.000001	0.513279	0.000000	0.001415	0.000000
83	tsk_83	(x)	1	:	0.000000	0.000000	0.000000	0.521188	0.000000	0.000000	0.000000	0.000000	0.478812
84	tsk_84	(x)	1	:	0.990769	0.009230	0.000000	0.000000	0.000000	0.000000	0.000000	0.000000	0.000000
85	tsk_85	(x)	1	:	0.242351	0.000000	0.000000	0.000000	0.275917	0.000000	0.000000	0.000000	0.481732
86	tsk_86	(x)	1	:	0.000000	0.000000	0.000000	0.000000	0.000000	1.000000	0.000000	0.000000	0.000000
87	tsk_87	(x)	1	:	0.330603	0.000000	0.000000	0.000000	0.000011	0.511294	0.000000	0.158092	0.000000
88	tsk_88	(x)	1	:	0.990755	0.009244	0.000001	0.000000	0.000000	0.000000	0.000000	0.000000	0.000000
89	tsk_89	(x)	1	:	0.327866	0.000000	0.000000	0.000000	0.000004	0.000000	0.000000	0.176356	0.495774
90	tsk_90	(x)	1	:	0.000000	0.000000	0.000000	0.000000	0.000000	0.492794	0.000000	0.000000	0.507206
91	tsk_91	(x)	1	:	0.000000	0.000000	0.494966	0.000000	0.000000	0.000000	0.000000	0.006238	0.498796
92	tsk_92	(x)	1	:	0.000000	0.000000	0.000000	0.000000	0.000000	0.492794	0.000000	0.000000	0.507206
93	tsk_93	(x)	1	:	0.000000	0.000000	0.000000	0.000000	0.000019	0.000000	0.000000	0.510060	0.489921
94	tsk_94	(x)	1	:	0.000000	0.000000	0.492905	0.000000	0.000000	0.000000	0.000000	0.008465	0.498630
95	tsk_95	(x)	1	:	0.000001	0.419166	0.580833	0.000000	0.000000	0.000000	0.000000	0.000000	0.000000
96	tsk_96	(x)	1	:	0.000000	0.000000	1.000000	0.000000	0.000000	0.000000	0.000000	0.000000	0.000000
97	tsk_97	(x)	1	:	0.000000	0.000000	0.490040	0.000000	0.000008	0.494861	0.000000	0.015091	0.000000
98	tsk_98	(x)	1	:	0.000000	0.000000	0.500733	0.000000	0.000000	0.000000	0.000000	0.000000	0.499267
99	tsk_99	(x)	1	:	0.000000	0.000000	0.500733	0.000000	0.000000	0.000000	0.000000	0.000000	0.499267
