logL = -695.945507 (converged)
AIC = 1683.891015
BIC = 2064.245862

count.K
53 47 

