logL = -517.427753 (converged)
AIC = 2528.855505
BIC = 4474.917634

count.K
13 4 11 1 50 2 19 

