logL = -1392.871421 (converged)
AIC = 4205.742841
BIC = 6055.413673

count.K
1 35 2 21 17 24 

