logL = -748.595830 (converged)
AIC = 3313.191659
BIC = 5678.686188

count.K
6 4 24 8 12 2 28 16 

