logL = -567.220210 (converged)
AIC = 3434.440419
BIC = 6430.386133

count.K
2 7 7 14 9 19 3 23 8 8 

