logL = -325.812970 (converged)
AIC = 2791.625940
BIC = 5579.158039

count.K
3 1 7 3 5 19 14 18 5 25 

