0	tsk_0	(x)	1	:	0.496631	0.497839	0.000000	0.004087	0.000000	0.000000	0.000000	0.000000	0.001443	0.000000
1	tsk_1	(x)	1	:	1.000000	0.000000	0.000000	0.000000	0.000000	0.000000	0.000000	0.000000	0.000000	0.000000
2	tsk_2	(x)	1	:	0.496206	0.000001	0.000000	0.492377	0.000000	0.000000	0.000000	0.000000	0.011412	0.000004
3	tsk_3	(x)	1	:	0.496038	0.497756	0.000000	0.003323	0.000000	0.000000	0.000000	0.000000	0.002883	0.000000
4	tsk_4	(x)	1	:	1.000000	0.000000	0.000000	0.000000	0.000000	0.000000	0.000000	0.000000	0.000000	0.000000
5	tsk_5	(x)	1	:	0.496129	0.498068	0.000000	0.001950	0.000000	0.000000	0.000000	0.000000	0.003852	0.000000
6	tsk_6	(x)	1	:	0.496488	0.497829	0.000000	0.003854	0.000000	0.000000	0.000000	0.000000	0.001829	0.000000
7	tsk_7	(x)	1	:	1.000000	0.000000	0.000000	0.000000	0.000000	0.000000	0.000000	0.000000	0.000000	0.000000
8	tsk_8	(x)	1	:	0.000000	1.000000	0.000000	0.000000	0.000000	0.000000	0.000000	0.000000	0.000000	0.000000
9	tsk_9	(x)	1	:	1.000000	0.000000	0.000000	0.000000	0.000000	0.000000	0.000000	0.000000	0.000000	0.000000
10	tsk_10	(x)	1	:	0.500000	0.000000	0.000000	0.000000	0.000000	0.000000	0.000000	0.000000	0.500000	0.000000
11	tsk_11	(x)	1	:	0.483969	0.000000	0.000000	0.000015	0.000000	0.515694	0.000000	0.000000	0.000322	0.000000
12	tsk_12	(x)	1	:	0.000000	0.000000	0.000000	0.000000	0.000000	0.000000	0.000000	0.500000	0.500000	0.000000
13	tsk_13	(x)	1	:	0.000000	0.000000	0.000000	0.001897	0.291149	0.520307	0.000000	0.000000	0.186647	0.000000
14	tsk_14	(x)	1	:	0.000000	0.000000	0.000000	0.000000	0.000000	0.000000	0.000000	0.500000	0.500000	0.000000
15	tsk_15	(x)	1	:	0.000000	0.000000	0.000000	0.002718	0.000000	0.520159	0.000000	0.000000	0.477123	0.000000
16	tsk_16	(x)	1	:	0.483965	0.000000	0.000000	0.000027	0.000000	0.515691	0.000000	0.000000	0.000317	0.000000
17	tsk_17	(x)	1	:	0.500000	0.000000	0.000000	0.000000	0.000000	0.000000	0.000000	0.000000	0.500000	0.000000
18	tsk_18	(x)	1	:	0.000000	0.000000	0.249846	0.002354	0.000000	0.520213	0.000000	0.000000	0.227587	0.000000
19	tsk_19	(x)	1	:	0.000000	0.000000	0.000000	0.000000	0.000000	0.000000	0.000000	0.000000	1.000000	0.000000
20	tsk_20	(x)	1	:	0.000000	0.000000	0.466116	0.000000	0.533756	0.000000	0.000000	0.000000	0.000128	0.000000
21	tsk_21	(x)	1	:	0.495548	0.000000	0.000000	0.491015	0.000000	0.000000	0.000000	0.000000	0.013437	0.000000
22	tsk_22	(x)	1	:	0.000000	0.000000	0.249746	0.000000	0.552107	0.000000	0.000000	0.000000	0.198146	0.000000
23	tsk_23	(x)	1	:	0.476459	0.000000	0.000000	0.000000	0.523511	0.000000	0.000000	0.000000	0.000029	0.000000
24	tsk_24	(x)	1	:	0.495309	0.000000	0.000000	0.000000	0.000000	0.000000	0.000000	0.490527	0.014163	0.000000
25	tsk_25	(x)	1	:	0.000000	0.000000	0.486211	0.502936	0.000000	0.000000	0.000000	0.000000	0.010853	0.000000
26	tsk_26	(x)	1	:	0.495770	0.000000	0.000000	0.491467	0.000000	0.000000	0.000000	0.000000	0.012763	0.000000
27	tsk_27	(x)	1	:	0.000000	0.000000	0.000000	0.500000	0.000000	0.000000	0.000000	0.000000	0.000000	0.500000
28	tsk_28	(x)	1	:	0.000000	0.000000	0.000000	0.000008	0.512931	0.000000	0.000000	0.000000	0.000000	0.487061
29	tsk_29	(x)	1	:	0.000000	0.000000	0.249749	0.000000	0.552110	0.000000	0.000000	0.000000	0.198141	0.000000
30	tsk_30	(x)	1	:	0.000000	1.000000	0.000000	0.000000	0.000000	0.000000	0.000000	0.000000	0.000000	0.000000
31	tsk_31	(x)	1	:	0.000000	1.000000	0.000000	0.000000	0.000000	0.000000	0.000000	0.000000	0.000000	0.000000
32	tsk_32	(x)	1	:	0.000000	0.500000	0.000000	0.500000	0.000000	0.000000	0.000000	0.000000	0.000000	0.000000
33	tsk_33	(x)	1	:	0.000000	0.500000	0.000000	0.500000	0.000000	0.000000	0.000000	0.000000	0.000000	0.000000
34	tsk_34	(x)	1	:	0.000000	0.500000	0.000000	0.500000	0.000000	0.000000	0.000000	0.000000	0.000000	0.000000
35	tsk_35	(x)	1	:	0.000000	0.000000	0.000000	0.000000	0.291071	0.000000	0.000000	0.500074	0.208855	0.000000
36	tsk_36	(x)	1	:	0.000000	0.500000	0.000000	0.500000	0.000000	0.000000	0.000000	0.000000	0.000000	0.000000
37	tsk_37	(x)	1	:	0.000000	0.000000	0.000000	1.000000	0.000000	0.000000	0.000000	0.000000	0.000000	0.000000
38	tsk_38	(x)	1	:	0.000000	0.000000	0.000000	1.000000	0.000000	0.000000	0.000000	0.000000	0.000000	0.000000
39	tsk_39	(x)	1	:	0.000000	0.000000	0.000000	0.500000	0.000000	0.000000	0.000000	0.000000	0.500000	0.000000
40	tsk_40	(x)	1	:	0.000000	0.000000	0.000000	0.012413	0.000000	0.000000	0.000000	0.000000	0.490041	0.497546
41	tsk_41	(x)	1	:	0.000000	0.000000	0.000000	0.000000	0.552174	0.000000	0.000000	0.000000	0.447826	0.000000
42	tsk_42	(x)	1	:	0.000000	0.000000	0.000000	0.000000	0.663722	0.000000	0.000000	0.000150	0.336128	0.000000
43	tsk_43	(x)	1	:	0.000000	0.000000	0.000000	0.000000	0.552174	0.000000	0.000000	0.000000	0.447826	0.000000
44	tsk_44	(x)	1	:	0.000000	0.000000	0.000000	0.000000	0.000000	0.000000	0.000000	0.000000	0.000000	1.000000
45	tsk_45	(x)	1	:	0.000000	0.000000	0.000000	0.012478	0.000000	0.000000	0.000000	0.000000	0.489988	0.497533
46	tsk_46	(x)	1	:	0.000000	0.000000	0.000000	0.000000	0.000000	0.000000	0.000000	0.000000	0.000000	1.000000
47	tsk_47	(x)	1	:	0.000000	0.497496	0.000000	0.012670	0.000000	0.000000	0.000000	0.000000	0.489834	0.000000
48	tsk_48	(x)	1	:	0.000000	0.000000	0.000000	0.012008	0.000000	0.000000	0.000000	0.000000	0.490366	0.497625
49	tsk_49	(x)	1	:	0.000000	0.000000	0.484394	0.000000	0.000000	0.000000	0.000000	0.000000	0.515606	0.000000
50	tsk_50	(x)	1	:	0.000000	0.497428	0.000000	0.013015	0.000000	0.000000	0.000000	0.000000	0.489557	0.000000
51	tsk_51	(x)	1	:	0.000000	0.000000	0.492624	0.003218	0.000000	0.000000	0.000000	0.000000	0.002228	0.501929
52	tsk_52	(x)	1	:	0.000000	0.500000	0.000000	0.500000	0.000000	0.000000	0.000000	0.000000	0.000000	0.000000
53	tsk_53	(x)	1	:	0.000000	0.000000	0.484269	0.000000	0.290894	0.000000	0.000000	0.000000	0.224837	0.000000
54	tsk_54	(x)	1	:	0.000000	0.000000	0.000000	0.500000	0.000000	0.000000	0.000000	0.000000	0.000000	0.500000
55	tsk_55	(x)	1	:	0.000000	0.000000	0.492535	0.003567	0.000000	0.000000	0.000000	0.000000	0.002066	0.501831
56	tsk_56	(x)	1	:	0.000000	0.000000	0.000000	0.000000	0.291041	0.000000	0.000000	0.000000	0.708959	0.000000
57	tsk_57	(x)	1	:	0.000000	0.000000	0.000000	0.009255	0.291186	0.000000	0.000000	0.000000	0.201358	0.498201
58	tsk_58	(x)	1	:	0.000000	0.000000	0.000000	0.000000	0.000000	0.000000	0.000000	0.000000	1.000000	0.000000
59	tsk_59	(x)	1	:	0.000000	0.000000	0.000000	0.000000	0.000000	0.000000	0.000000	0.000000	1.000000	0.000000
60	tsk_60	(x)	1	:	0.000000	0.497592	0.234497	0.012232	0.000000	0.000000	0.000000	0.000000	0.255680	0.000000
61	tsk_61	(x)	1	:	0.000000	0.000000	0.000000	0.000000	0.416023	0.000000	0.283251	0.300726	0.000000	0.000000
62	tsk_62	(x)	1	:	0.000000	0.446051	0.000000	0.000000	0.000000	0.000000	0.274008	0.279941	0.000000	0.000000
63	tsk_63	(x)	1	:	0.000000	0.000000	0.000000	0.000000	0.000000	0.000000	0.397328	0.602672	0.000000	0.000000
64	tsk_64	(x)	1	:	0.000000	0.497368	0.234534	0.013436	0.000000	0.000000	0.000000	0.000000	0.254662	0.000000
65	tsk_65	(x)	1	:	0.000000	0.487062	0.000000	0.000006	0.512932	0.000000	0.000000	0.000000	0.000000	0.000000
66	tsk_66	(x)	1	:	0.000000	0.497407	0.234526	0.013224	0.000000	0.000000	0.000000	0.000000	0.254842	0.000000
67	tsk_67	(x)	1	:	0.000000	1.000000	0.000000	0.000000	0.000000	0.000000	0.000000	0.000000	0.000000	0.000000
68	tsk_68	(x)	1	:	0.000000	0.000000	0.453165	0.000000	0.000000	0.000000	0.000000	0.000000	0.546835	0.000000
69	tsk_69	(x)	1	:	0.000000	0.000000	0.453165	0.000000	0.000000	0.000000	0.000000	0.000000	0.546835	0.000000
70	tsk_70	(x)	1	:	0.000000	0.000000	0.000000	0.000000	0.000000	0.000000	0.000000	0.000000	1.000000	0.000000
71	tsk_71	(x)	1	:	0.000000	0.000000	0.000000	0.000000	0.000000	0.000000	0.000000	0.000000	1.000000	0.000000
72	tsk_72	(x)	1	:	0.000000	0.000000	0.000000	0.000000	0.000000	0.000000	0.000000	0.000000	1.000000	0.000000
73	tsk_73	(x)	1	:	0.000000	0.000000	0.000000	0.000000	0.000000	0.537775	0.000000	0.000000	0.000000	0.462225
74	tsk_74	(x)	1	:	0.000000	0.000000	0.000000	0.012419	0.291311	0.000000	0.000000	0.000000	0.198659	0.497611
75	tsk_75	(x)	1	:	0.000000	0.000000	0.000000	0.012163	0.000000	0.000000	0.000000	0.000000	0.490242	0.497595
76	tsk_76	(x)	1	:	0.000000	0.497780	0.000000	0.011501	0.291270	0.000000	0.000000	0.000000	0.199448	0.000000
77	tsk_77	(x)	1	:	0.000000	0.000000	0.000000	0.002457	0.000000	0.520198	0.000000	0.000000	0.477345	0.000000
78	tsk_78	(x)	1	:	0.000000	0.000000	0.000000	0.000000	0.000000	0.537775	0.000000	0.000000	0.000000	0.462225
79	tsk_79	(x)	1	:	0.000000	0.000000	0.000000	0.000000	0.000000	1.000000	0.000000	0.000000	0.000000	0.000000
80	tsk_80	(x)	1	:	0.000000	0.000000	0.000000	0.000000	0.532269	0.000000	0.000000	0.467394	0.000337	0.000000
81	tsk_81	(x)	1	:	0.495699	0.000000	0.000000	0.000000	0.000000	0.000000	0.000000	0.491322	0.012980	0.000000
82	tsk_82	(x)	1	:	0.000000	0.000000	0.000000	0.491325	0.000000	0.000000	0.000000	0.491321	0.017355	0.000000
83	tsk_83	(x)	1	:	0.000000	0.000000	0.000000	0.000000	0.000000	0.000000	0.000000	0.500000	0.500000	0.000000
84	tsk_84	(x)	1	:	0.000000	0.000000	0.000000	0.000000	0.657874	0.000000	0.342126	0.000000	0.000000	0.000000
85	tsk_85	(x)	1	:	0.000000	0.000000	0.000000	0.000000	0.532079	0.000000	0.000000	0.467075	0.000846	0.000000
86	tsk_86	(x)	1	:	0.000000	0.000000	0.000000	0.000000	0.000000	0.000000	0.000000	1.000000	0.000000	0.000000
87	tsk_87	(x)	1	:	0.496337	0.000000	0.000000	0.000000	0.000000	0.000000	0.000000	0.492620	0.011043	0.000000
88	tsk_88	(x)	1	:	0.000000	0.000000	0.000000	0.000000	0.000000	0.000000	0.000000	1.000000	0.000000	0.000000
89	tsk_89	(x)	1	:	0.496525	0.000000	0.000000	0.004237	0.000000	0.000000	0.000000	0.000000	0.001471	0.497767
90	tsk_90	(x)	1	:	0.000000	0.570229	0.000000	0.000000	0.000000	0.429771	0.000000	0.000000	0.000000	0.000000
91	tsk_91	(x)	1	:	0.000000	0.000001	0.000000	0.030880	0.000000	0.457142	0.000000	0.492148	0.019828	0.000001
92	tsk_92	(x)	1	:	0.000000	0.000000	0.000000	0.000000	0.000000	1.000000	0.000000	0.000000	0.000000	0.000000
93	tsk_93	(x)	1	:	0.000000	0.000000	0.000000	0.000106	0.000000	0.517463	0.000000	0.479618	0.002812	0.000000
94	tsk_94	(x)	1	:	0.000000	0.000000	0.000000	0.043582	0.000000	0.456351	0.160494	0.000000	0.339572	0.000000
95	tsk_95	(x)	1	:	0.000000	0.497727	0.000000	0.004229	0.000000	0.000000	0.000000	0.492785	0.005259	0.000000
96	tsk_96	(x)	1	:	0.000000	0.462225	0.000000	0.000000	0.000000	0.537775	0.000000	0.000000	0.000000	0.000000
97	tsk_97	(x)	1	:	0.000000	0.000000	0.000000	0.000000	0.000000	1.000000	0.000000	0.000000	0.000000	0.000000
98	tsk_98	(x)	1	:	0.000000	0.000000	0.000000	0.000000	0.000000	1.000000	0.000000	0.000000	0.000000	0.000000
99	tsk_99	(x)	1	:	0.000000	0.000000	0.000000	0.000000	0.000000	0.000000	0.000000	1.000000	0.000000	0.000000
