logL = -1341.662827 (converged)
AIC = 3587.325654
BIC = 4764.862578

count.K
9 16 32 43 

