logL = -954.449913 (converged)
AIC = 4408.899825
BIC = 7665.362558

count.K
1 14 13 13 2 2 2 4 49 

