logL = -909.794229 (converged)
AIC = 2387.588457
BIC = 3127.456790

count.K
24 57 19 

