logL = -797.887975 (converged)
AIC = 2419.775951
BIC = 3493.106067

count.K
14 37 28 21 

