logL = -443.903646 (converged)
AIC = 2703.807293
BIC = 5069.301822

count.K
17 9 6 32 10 6 3 17 

