logL = -629.924489 (converged)
AIC = 2523.848977
BIC = 4170.316535

count.K
27 17 17 1 10 28 

