logL = -1053.769177 (converged)
AIC = 2669.538354
BIC = 3401.591177

count.K
31 35 34 

