logL = -1033.373775 (converged)
AIC = 2622.747550
BIC = 3346.984862

count.K
60 9 31 

