logL = -1902.796641 (converged)
AIC = 4583.593282
BIC = 5597.004485

count.K
23 39 38 

