logL = -342.515180 (converged)
AIC = 929.030360
BIC = 1246.861122

count.K
37 63 

