logL = -341.359312 (converged)
AIC = 2134.718624
BIC = 4026.072179

count.K
14 10 36 5 6 15 14 

