logL = -1169.777183 (converged)
AIC = 2967.554366
BIC = 3785.577804

count.K
11 51 38 

