logL = -1421.830018 (converged)
AIC = 3477.660037
BIC = 4303.498986

count.K
65 20 15 

