logL = -671.158605 (converged)
AIC = 2392.317211
BIC = 3760.031558

count.K
34 14 3 15 34 

