logL = -463.078438 (converged)
AIC = 2742.156876
BIC = 5107.651405

count.K
6 4 3 21 18 9 14 25 

