logL = -550.399846 (converged)
AIC = 3078.799693
BIC = 5655.313007

count.K
16 3 16 1 22 7 7 3 25 

