logL = -542.218265 (converged)
AIC = 2104.436529
BIC = 3433.073324

count.K
28 20 23 19 10 

