logL = -253.915935 (converged)
AIC = 2359.831870
BIC = 4772.219462

count.K
27 13 16 12 1 4 1 4 22 

