logL = -501.770777 (converged)
AIC = 1529.541553
BIC = 2214.701312

count.K
50 35 15 

