0	tsk_0	(x)	1	:	0.000000	0.000000	0.000000	0.510750	0.000000	0.233516	0.000000	0.000000	0.255734	0.000000
1	tsk_1	(x)	1	:	0.000000	0.000000	0.000000	0.110831	0.500007	0.361626	0.000000	0.000000	0.027536	0.000000
2	tsk_2	(x)	1	:	0.000000	0.000000	0.000000	0.310044	0.000000	0.210554	0.000000	0.000000	0.479402	0.000000
3	tsk_3	(x)	1	:	0.000000	0.000000	0.000000	0.159143	0.000000	0.633848	0.000000	0.000000	0.207009	0.000000
4	tsk_4	(x)	1	:	0.000000	0.000000	0.000000	0.307661	0.000000	0.128258	0.000000	0.000000	0.564081	0.000000
5	tsk_5	(x)	1	:	0.000000	0.000000	0.000000	0.358803	0.000000	0.232798	0.000000	0.000000	0.408399	0.000000
6	tsk_6	(x)	1	:	0.000000	0.000000	0.000000	0.355379	0.000000	0.244018	0.000000	0.000000	0.400603	0.000000
7	tsk_7	(x)	1	:	0.000000	0.000000	0.000000	0.031231	0.000000	0.179508	0.000000	0.000000	0.789261	0.000000
8	tsk_8	(x)	1	:	0.000000	0.000000	0.000000	0.745284	0.000000	0.000000	0.000000	0.000000	0.254716	0.000000
9	tsk_9	(x)	1	:	0.000000	0.000000	0.000000	0.056905	0.000000	0.258725	0.000000	0.000000	0.684371	0.000000
10	tsk_10	(x)	1	:	0.000000	0.000000	0.425216	0.099866	0.000000	0.237781	0.000000	0.000000	0.237137	0.000000
11	tsk_11	(x)	1	:	0.000000	0.000000	0.425230	0.169162	0.000000	0.115620	0.000000	0.000000	0.289989	0.000000
12	tsk_12	(x)	1	:	0.000000	0.000000	0.425258	0.262273	0.000000	0.109691	0.000000	0.000000	0.202779	0.000000
13	tsk_13	(x)	1	:	0.000000	0.000000	0.425224	0.132409	0.000000	0.161956	0.000000	0.000000	0.280412	0.000000
14	tsk_14	(x)	1	:	0.000000	0.000000	0.425208	0.180126	0.000000	0.291443	0.000000	0.000000	0.103223	0.000000
15	tsk_15	(x)	1	:	0.000000	0.000000	0.000000	0.146807	0.000000	0.071658	0.000000	0.000000	0.781535	0.000000
16	tsk_16	(x)	1	:	0.000000	0.000000	0.425252	0.143792	0.000000	0.249343	0.000000	0.000000	0.181614	0.000000
17	tsk_17	(x)	1	:	0.000000	0.000000	0.000000	0.575511	0.000000	0.012662	0.000000	0.000000	0.411827	0.000000
18	tsk_18	(x)	1	:	0.000000	0.000000	0.000000	0.000000	0.000000	0.125088	0.000000	0.000000	0.874912	0.000000
19	tsk_19	(x)	1	:	0.000000	0.000000	0.000000	0.296235	0.000000	0.365349	0.000000	0.000000	0.338416	0.000000
20	tsk_20	(x)	1	:	0.000000	0.000000	0.425251	0.334439	0.000000	0.153503	0.000000	0.000000	0.086807	0.000000
21	tsk_21	(x)	1	:	0.000000	0.000000	0.000000	0.267980	0.000000	0.152868	0.455293	0.000000	0.123859	0.000000
22	tsk_22	(x)	1	:	0.000000	0.000000	0.425217	0.251977	0.000000	0.169181	0.000000	0.000000	0.153624	0.000000
23	tsk_23	(x)	1	:	0.000000	0.000000	0.425227	0.241751	0.000000	0.148693	0.000000	0.000000	0.184329	0.000000
24	tsk_24	(x)	1	:	0.000000	0.000000	0.000000	0.000081	0.000000	0.000022	0.999438	0.000000	0.000459	0.000000
25	tsk_25	(x)	1	:	0.000000	0.000000	0.000000	0.749743	0.000000	0.250257	0.000000	0.000000	0.000000	0.000000
26	tsk_26	(x)	1	:	0.000000	0.000000	0.424207	0.046353	0.000000	0.068414	0.454188	0.000000	0.006837	0.000000
27	tsk_27	(x)	1	:	0.000000	0.000000	0.425238	0.120899	0.000000	0.253032	0.000000	0.000000	0.200831	0.000000
28	tsk_28	(x)	1	:	0.000000	0.000000	0.425244	0.086553	0.000000	0.176855	0.000000	0.000000	0.311348	0.000000
29	tsk_29	(x)	1	:	0.000000	0.000000	0.425202	0.156506	0.000000	0.361157	0.000000	0.000000	0.057135	0.000000
30	tsk_30	(x)	1	:	0.000000	0.000000	0.000000	0.526953	0.000000	0.136042	0.000000	0.000000	0.337005	0.000000
31	tsk_31	(x)	1	:	0.000000	0.000000	0.639428	0.143213	0.000000	0.203030	0.000000	0.000000	0.014328	0.000000
32	tsk_32	(x)	1	:	0.000000	0.000000	0.000000	0.417921	0.000000	0.282721	0.000000	0.000000	0.299357	0.000000
33	tsk_33	(x)	1	:	0.000000	0.000000	0.000000	0.458969	0.000000	0.013593	0.000000	0.000000	0.527438	0.000000
34	tsk_34	(x)	1	:	0.000000	0.000000	0.000000	0.502601	0.000000	0.179642	0.000000	0.000000	0.317757	0.000000
35	tsk_35	(x)	1	:	0.000000	0.000000	0.000000	0.546339	0.000000	0.067964	0.000000	0.000000	0.385697	0.000000
36	tsk_36	(x)	1	:	0.000000	0.000000	0.000000	0.703243	0.000000	0.178808	0.000000	0.000000	0.117948	0.000000
37	tsk_37	(x)	1	:	0.000000	0.000000	0.000000	0.122691	0.500007	0.377301	0.000000	0.000000	0.000000	0.000000
38	tsk_38	(x)	1	:	0.000000	0.000000	0.000000	0.142510	0.500007	0.099256	0.000000	0.000000	0.258227	0.000000
39	tsk_39	(x)	1	:	0.000000	0.000000	0.000000	0.347220	0.000000	0.425794	0.000000	0.000000	0.226986	0.000000
40	tsk_40	(x)	1	:	0.000000	0.000000	0.000000	0.246143	0.000000	0.225557	0.000000	0.000000	0.528299	0.000000
41	tsk_41	(x)	1	:	0.000000	0.000000	0.425228	0.250500	0.000000	0.281184	0.000000	0.000000	0.043088	0.000000
42	tsk_42	(x)	1	:	0.000000	0.000000	1.000000	0.000000	0.000000	0.000000	0.000000	0.000000	0.000000	0.000000
43	tsk_43	(x)	1	:	0.000000	0.000000	0.000000	0.355057	0.000000	0.055918	0.000000	0.000000	0.589025	0.000000
44	tsk_44	(x)	1	:	0.000000	0.000000	0.000000	0.342528	0.000000	0.162912	0.000000	0.000000	0.494560	0.000000
45	tsk_45	(x)	1	:	0.000000	0.000000	0.000000	0.361935	0.000000	0.531396	0.000000	0.000000	0.106669	0.000000
46	tsk_46	(x)	1	:	0.000000	0.000000	0.425258	0.229638	0.000000	0.120113	0.000000	0.000000	0.224991	0.000000
47	tsk_47	(x)	1	:	0.000000	0.000000	0.639428	0.092942	0.000000	0.203090	0.000000	0.000000	0.064540	0.000000
48	tsk_48	(x)	1	:	0.000000	0.000000	0.000000	0.412875	0.000000	0.061272	0.455236	0.000000	0.070616	0.000000
49	tsk_49	(x)	1	:	0.000000	0.000000	1.000000	0.000000	0.000000	0.000000	0.000000	0.000000	0.000000	0.000000
50	tsk_50	(x)	1	:	0.000000	0.000000	0.639428	0.150476	0.000000	0.194392	0.000000	0.000000	0.015704	0.000000
51	tsk_51	(x)	1	:	0.000000	0.000000	0.000000	0.475740	0.000000	0.069931	0.000000	0.000000	0.454329	0.000000
52	tsk_52	(x)	1	:	0.000000	0.000000	0.531843	0.000000	0.468157	0.000000	0.000000	0.000000	0.000000	0.000000
53	tsk_53	(x)	1	:	0.518536	0.000000	0.000000	0.000000	0.481464	0.000000	0.000000	0.000000	0.000000	0.000000
54	tsk_54	(x)	1	:	0.000000	0.000000	0.000000	0.000000	0.500007	0.217587	0.000000	0.000000	0.282406	0.000000
55	tsk_55	(x)	1	:	0.000000	0.000000	0.000000	0.386849	0.000000	0.171954	0.000000	0.000000	0.441197	0.000000
56	tsk_56	(x)	1	:	0.471873	0.000000	0.528127	0.000000	0.000000	0.000000	0.000000	0.000000	0.000000	0.000000
57	tsk_57	(x)	1	:	0.000000	0.000000	0.639428	0.155995	0.000000	0.130880	0.000000	0.000000	0.073696	0.000000
58	tsk_58	(x)	1	:	0.000000	0.000000	0.000000	0.010949	0.500007	0.352334	0.000000	0.000000	0.136710	0.000000
59	tsk_59	(x)	1	:	0.000000	0.000000	0.639428	0.056628	0.000000	0.244772	0.000000	0.000000	0.059172	0.000000
60	tsk_60	(x)	1	:	0.000000	0.000000	0.000000	0.007415	0.000000	0.006378	0.000000	0.983631	0.002576	0.000000
61	tsk_61	(x)	1	:	0.000000	0.000000	0.000000	0.284922	0.000000	0.176431	0.000000	0.000000	0.538647	0.000000
62	tsk_62	(x)	1	:	0.000000	0.000000	0.618527	0.085169	0.000000	0.155565	0.000000	0.000000	0.140739	0.000000
63	tsk_63	(x)	1	:	0.000000	0.000000	0.000000	0.535584	0.000000	0.080751	0.000000	0.000000	0.383665	0.000000
64	tsk_64	(x)	1	:	0.000000	0.000000	0.000000	0.434648	0.000000	0.275997	0.000000	0.000000	0.289355	0.000000
65	tsk_65	(x)	1	:	0.000000	0.000000	0.425248	0.150412	0.000000	0.324629	0.000000	0.000000	0.099712	0.000000
66	tsk_66	(x)	1	:	0.000000	0.992195	0.000000	0.003135	0.000000	0.002793	0.000000	0.000000	0.001877	0.000000
67	tsk_67	(x)	1	:	0.000000	0.000000	0.000000	0.195916	0.000000	0.176104	0.455345	0.000000	0.172636	0.000000
68	tsk_68	(x)	1	:	0.000000	0.000000	0.425231	0.168138	0.000000	0.127576	0.000000	0.000000	0.279055	0.000000
69	tsk_69	(x)	1	:	0.000000	0.000000	0.425207	0.117438	0.000000	0.055067	0.000000	0.000000	0.402288	0.000000
70	tsk_70	(x)	1	:	0.000000	0.000000	0.000000	0.225067	0.000000	0.188200	0.398228	0.000000	0.188505	0.000000
71	tsk_71	(x)	1	:	0.000000	0.000000	0.000000	0.068078	0.500007	0.173567	0.000000	0.000000	0.258347	0.000000
72	tsk_72	(x)	1	:	0.000000	0.000000	0.425217	0.279285	0.000000	0.256011	0.000000	0.000000	0.039487	0.000000
73	tsk_73	(x)	1	:	0.000000	0.000000	0.000000	0.227322	0.000000	0.186860	0.398154	0.000000	0.187663	0.000000
74	tsk_74	(x)	1	:	0.000000	0.000000	0.425230	0.041864	0.000000	0.116946	0.000000	0.000000	0.415960	0.000000
75	tsk_75	(x)	1	:	0.000000	0.000000	0.639428	0.134369	0.000000	0.191215	0.000000	0.000000	0.034988	0.000000
76	tsk_76	(x)	1	:	0.000000	0.000000	0.000000	0.129839	0.000000	0.084022	0.398224	0.000000	0.387915	0.000000
77	tsk_77	(x)	1	:	0.000000	0.000000	0.000000	0.000001	0.516183	0.000001	0.483814	0.000000	0.000001	0.000000
78	tsk_78	(x)	1	:	0.000000	0.000000	0.000000	0.141931	0.000000	0.039886	0.398220	0.000000	0.419963	0.000000
79	tsk_79	(x)	1	:	0.000000	0.000000	0.000000	0.292773	0.000000	0.201907	0.000000	0.000000	0.505319	0.000000
80	tsk_80	(x)	1	:	0.971881	0.000980	0.000000	0.012664	0.000000	0.001234	0.000000	0.000000	0.013241	0.000000
81	tsk_81	(x)	1	:	0.518536	0.000000	0.000000	0.000000	0.481464	0.000000	0.000000	0.000000	0.000000	0.000000
82	tsk_82	(x)	1	:	0.580679	0.000000	0.000000	0.287077	0.000000	0.028190	0.000000	0.000000	0.104054	0.000000
83	tsk_83	(x)	1	:	0.338319	0.000000	0.000000	0.183562	0.000000	0.117514	0.000000	0.000000	0.360605	0.000000
84	tsk_84	(x)	1	:	0.000000	0.000000	0.000000	0.483274	0.000000	0.180306	0.000000	0.000000	0.336420	0.000000
85	tsk_85	(x)	1	:	0.000000	0.000000	0.000000	0.528131	0.000000	0.128611	0.000000	0.000000	0.343258	0.000000
86	tsk_86	(x)	1	:	1.000000	0.000000	0.000000	0.000000	0.000000	0.000000	0.000000	0.000000	0.000000	0.000000
87	tsk_87	(x)	1	:	0.000000	0.000000	0.000000	0.236533	0.000000	0.144913	0.000000	0.000000	0.618554	0.000000
88	tsk_88	(x)	1	:	0.512405	0.000000	0.000000	0.000000	0.487595	0.000000	0.000000	0.000000	0.000000	0.000000
89	tsk_89	(x)	1	:	0.000000	0.000000	0.000000	0.051870	0.500007	0.342968	0.000000	0.000000	0.105154	0.000000
90	tsk_90	(x)	1	:	0.000000	0.000000	0.000000	0.306084	0.000000	0.185641	0.000000	0.000000	0.508274	0.000000
91	tsk_91	(x)	1	:	0.000000	0.000000	0.000000	0.329161	0.000000	0.027286	0.000000	0.000000	0.643553	0.000000
92	tsk_92	(x)	1	:	0.338423	0.000000	0.425296	0.024823	0.000000	0.099970	0.000000	0.000000	0.111488	0.000000
93	tsk_93	(x)	1	:	0.000000	0.000000	0.000000	0.248191	0.000000	0.268415	0.000000	0.000000	0.483394	0.000000
94	tsk_94	(x)	1	:	0.000000	0.000000	0.000000	0.573203	0.000000	0.365118	0.000000	0.000000	0.061679	0.000000
95	tsk_95	(x)	1	:	0.338322	0.000000	0.000000	0.284268	0.000000	0.027994	0.000000	0.000000	0.349417	0.000000
96	tsk_96	(x)	1	:	0.000000	0.000000	0.000000	0.000563	0.000000	0.002156	0.000000	0.000000	0.003623	0.993658
97	tsk_97	(x)	1	:	0.000000	0.000000	0.000000	0.003881	0.000000	0.004295	0.000000	0.000000	0.003232	0.988593
98	tsk_98	(x)	1	:	0.544861	0.000000	0.000000	0.124250	0.000000	0.171680	0.000000	0.000000	0.159209	0.000000
99	tsk_99	(x)	1	:	0.000000	0.000000	0.000000	0.000000	0.000000	0.166621	0.000000	0.000000	0.833379	0.000000
