logL = -403.925097 (converged)
AIC = 3247.850194
BIC = 6426.157821

count.K
19 34 0 12 2 15 3 2 3 10 

