logL = -573.048741 (converged)
AIC = 2206.097483
BIC = 3586.837682

count.K
32 2 20 38 8 

