logL = -793.432942 (converged)
AIC = 1858.865883
BIC = 2213.169028

count.K
14 86 

