logL = -556.852158 (converged)
AIC = 3181.704316
BIC = 5875.450288

count.K
2 6 1 18 4 43 18 7 1 

