logL = -582.888488 (converged)
AIC = 2429.776975
BIC = 4076.244533

count.K
25 30 7 1 21 16 

