logL = -638.607744 (converged)
AIC = 2327.215489
BIC = 3694.929836

count.K
13 6 41 18 22 

