logL = -645.713421 (converged)
AIC = 2291.426842
BIC = 3594.011935

count.K
34 14 29 9 14 

