logL = -727.831895 (converged)
AIC = 2271.663789
BIC = 3334.573225

count.K
8 18 20 54 

