logL = -808.541311 (converged)
AIC = 2449.082621
BIC = 3532.833419

count.K
39 27 20 14 

