logL = -769.813048 (converged)
AIC = 1839.626096
BIC = 2230.401624

count.K
32 68 

