logL = -377.668075 (converged)
AIC = 2443.336150
BIC = 4642.099787

count.K
10 5 7 29 1 3 29 16 

