logL = -271.203873 (converged)
AIC = 2050.407747
BIC = 4014.706067

count.K
43 7 6 27 9 3 5 

