logL = -1379.198158 (converged)
AIC = 3998.396316
BIC = 5613.601831

count.K
7 16 11 45 21 

