logL = -698.767261 (converged)
AIC = 2989.534523
BIC = 5063.249991

count.K
19 16 17 8 8 26 6 

