logL = -789.093449 (converged)
AIC = 3808.186897
BIC = 6712.951655

count.K
9 8 10 2 23 20 11 5 12 

