logL = -1462.529930 (converged)
AIC = 3233.059860
BIC = 3634.256068

count.K
69 31 

