logL = -1024.914563 (converged)
AIC = 2393.829126
BIC = 2841.918398

count.K
82 18 

