logL = -677.369609 (converged)
AIC = 3548.739218
BIC = 6406.610912

count.K
11 17 13 13 6 8 27 2 3 

