logL = -671.397548 (converged)
AIC = 3174.795096
BIC = 5561.130986

count.K
8 23 3 15 3 16 6 26 

