logL = -198.286232 (converged)
AIC = 2176.572464
BIC = 4495.173930

count.K
7 16 34 8 11 0 1 16 7 

