logL = -1885.581860 (converged)
AIC = 4111.163720
BIC = 4554.042651

count.K
16 84 

