logL = -1227.609068 (converged)
AIC = 3311.218135
BIC = 4426.230975

count.K
26 37 30 7 

