logL = -293.763653 (converged)
AIC = 2511.527306
BIC = 5017.701025

count.K
29 13 3 4 7 0 17 9 18 

