logL = -891.533226 (converged)
AIC = 2615.066452
BIC = 3698.817250

count.K
3 40 30 27 

