logL = -1726.313482 (converged)
AIC = 3792.626965
BIC = 4235.505896

count.K
53 47 

