0	tsk_0	(x)	1	:	0.000000	0.000151	0.000000	0.000000	0.000000	0.000000	0.999849	0.000000	0.000000
1	tsk_1	(x)	1	:	0.000000	0.000039	0.000000	0.000000	0.000000	0.000000	0.999961	0.000000	0.000000
2	tsk_2	(x)	1	:	0.000000	0.000048	0.000000	0.441799	0.000000	0.000000	0.499952	0.000000	0.058200
3	tsk_3	(x)	1	:	0.000000	0.000035	0.000000	0.441399	0.000000	0.000000	0.499964	0.000000	0.058602
4	tsk_4	(x)	1	:	0.000000	0.000000	1.000000	0.000000	0.000000	0.000000	0.000000	0.000000	0.000000
5	tsk_5	(x)	1	:	0.000000	0.000021	0.224442	0.115914	0.000000	0.000000	0.275539	0.000000	0.384084
6	tsk_6	(x)	1	:	0.000000	0.000002	0.408153	0.457876	0.000000	0.000000	0.091866	0.000000	0.042103
7	tsk_7	(x)	1	:	0.000000	0.000045	0.000000	0.453495	0.000000	0.000000	0.499955	0.000000	0.046505
8	tsk_8	(x)	1	:	0.000000	0.000087	0.408169	0.000000	0.000000	0.000000	0.591744	0.000000	0.000000
9	tsk_9	(x)	1	:	0.000000	0.000092	0.000000	0.000000	0.000000	0.000000	0.999908	0.000000	0.000000
10	tsk_10	(x)	1	:	0.000000	0.000000	0.000000	0.841102	0.000000	0.000000	0.000000	0.000000	0.158898
11	tsk_11	(x)	1	:	0.000000	0.000014	0.000000	0.467958	0.000000	0.000000	0.499985	0.000000	0.032043
12	tsk_12	(x)	1	:	0.000000	0.000000	0.000000	0.697407	0.000000	0.000000	0.000000	0.000000	0.302593
13	tsk_13	(x)	1	:	0.000000	0.000062	0.000000	0.440253	0.000000	0.000000	0.499940	0.000000	0.059745
14	tsk_14	(x)	1	:	0.000000	0.000000	0.000000	0.896510	0.000000	0.000000	0.000000	0.000000	0.103490
15	tsk_15	(x)	1	:	0.000000	0.000017	0.000000	0.436963	0.000000	0.000000	0.499983	0.000000	0.063037
16	tsk_16	(x)	1	:	0.000000	0.000042	0.000000	0.432212	0.000000	0.000000	0.499957	0.000000	0.067789
17	tsk_17	(x)	1	:	0.000000	0.000151	0.000000	0.000000	0.000000	0.000000	0.999849	0.000000	0.000000
18	tsk_18	(x)	1	:	0.000000	0.000072	0.000000	0.000000	0.000000	0.000000	0.999928	0.000000	0.000000
19	tsk_19	(x)	1	:	0.000000	0.000000	0.000000	0.879844	0.000000	0.000000	0.000000	0.000000	0.120156
20	tsk_20	(x)	1	:	0.000000	0.000054	0.000000	0.000000	0.000000	0.000000	0.999946	0.000000	0.000000
21	tsk_21	(x)	1	:	0.000000	0.000000	0.000000	0.093416	0.491176	0.000000	0.000000	0.000000	0.415409
22	tsk_22	(x)	1	:	0.000000	0.000032	0.000000	0.076817	0.000000	0.000000	0.499985	0.406785	0.016381
23	tsk_23	(x)	1	:	0.000000	0.000023	0.000000	0.371605	0.000000	0.000000	0.499976	0.000000	0.128395
24	tsk_24	(x)	1	:	0.000000	0.000006	0.408143	0.454185	0.000000	0.000000	0.091890	0.000000	0.045776
25	tsk_25	(x)	1	:	0.000000	0.000000	0.000000	0.104496	0.491176	0.000000	0.000000	0.000000	0.404328
26	tsk_26	(x)	1	:	0.000000	0.000173	0.000000	0.000000	0.000000	0.000000	0.999827	0.000000	0.000000
27	tsk_27	(x)	1	:	0.000000	0.000054	0.000000	0.000000	0.000000	0.000000	0.999946	0.000000	0.000000
28	tsk_28	(x)	1	:	0.000000	0.000047	0.000000	0.462556	0.000000	0.000000	0.499953	0.000000	0.037444
29	tsk_29	(x)	1	:	0.000000	0.000038	0.000000	0.087922	0.000000	0.000000	0.499984	0.406793	0.005264
30	tsk_30	(x)	1	:	0.496254	0.000000	0.000000	0.366063	0.000000	0.000000	0.003630	0.000000	0.134053
31	tsk_31	(x)	1	:	1.000000	0.000000	0.000000	0.000000	0.000000	0.000000	0.000000	0.000000	0.000000
32	tsk_32	(x)	1	:	0.000000	0.000044	0.000000	0.000257	0.490921	0.000000	0.499566	0.000000	0.009212
33	tsk_33	(x)	1	:	1.000000	0.000000	0.000000	0.000000	0.000000	0.000000	0.000000	0.000000	0.000000
34	tsk_34	(x)	1	:	0.429358	0.000031	0.246784	0.000000	0.000000	0.000000	0.323827	0.000000	0.000000
35	tsk_35	(x)	1	:	0.000000	0.000174	0.000000	0.000000	0.000000	0.000000	0.999826	0.000000	0.000000
36	tsk_36	(x)	1	:	0.000000	0.000061	0.224445	0.000000	0.000000	0.000000	0.775494	0.000000	0.000000
37	tsk_37	(x)	1	:	1.000000	0.000000	0.000000	0.000000	0.000000	0.000000	0.000000	0.000000	0.000000
38	tsk_38	(x)	1	:	0.496201	0.000070	0.000000	0.000000	0.000000	0.000000	0.503729	0.000000	0.000000
39	tsk_39	(x)	1	:	0.496199	0.000049	0.000000	0.000000	0.000000	0.000000	0.503751	0.000000	0.000000
40	tsk_40	(x)	1	:	0.000000	0.000117	0.000000	0.000000	0.000000	0.000000	0.999883	0.000000	0.000000
41	tsk_41	(x)	1	:	0.000000	0.000141	0.000000	0.000000	0.000000	0.000000	0.999859	0.000000	0.000000
42	tsk_42	(x)	1	:	0.000000	0.000000	0.000000	0.000000	0.000000	0.999319	0.000681	0.000000	0.000000
43	tsk_43	(x)	1	:	0.000000	0.000142	0.000000	0.000000	0.000000	0.000000	0.999858	0.000000	0.000000
44	tsk_44	(x)	1	:	0.000000	0.000092	0.000000	0.000000	0.000000	0.000000	0.999908	0.000000	0.000000
45	tsk_45	(x)	1	:	0.496201	0.000072	0.000000	0.000000	0.000000	0.000000	0.503727	0.000000	0.000000
46	tsk_46	(x)	1	:	0.000000	0.000091	0.000000	0.000000	0.000000	0.000000	0.999909	0.000000	0.000000
47	tsk_47	(x)	1	:	0.000000	0.000130	0.000000	0.000000	0.000000	0.000000	0.999870	0.000000	0.000000
48	tsk_48	(x)	1	:	0.000000	1.000000	0.000000	0.000000	0.000000	0.000000	0.000000	0.000000	0.000000
49	tsk_49	(x)	1	:	0.000000	0.000000	0.000000	0.000000	0.000000	0.999088	0.000912	0.000000	0.000000
50	tsk_50	(x)	1	:	0.000000	0.000000	0.000000	0.000000	1.000000	0.000000	0.000000	0.000000	0.000000
51	tsk_51	(x)	1	:	1.000000	0.000000	0.000000	0.000000	0.000000	0.000000	0.000000	0.000000	0.000000
52	tsk_52	(x)	1	:	0.496827	0.000000	0.000000	0.000738	0.491075	0.000000	0.001844	0.000000	0.009516
53	tsk_53	(x)	1	:	0.000000	0.000000	0.000000	0.201896	0.491176	0.000000	0.000000	0.000000	0.306928
54	tsk_54	(x)	1	:	0.000000	0.000000	0.000000	0.000000	1.000000	0.000000	0.000000	0.000000	0.000000
55	tsk_55	(x)	1	:	0.000000	0.000000	0.000000	0.000000	1.000000	0.000000	0.000000	0.000000	0.000000
56	tsk_56	(x)	1	:	0.403629	0.000000	0.322976	0.000000	0.000000	0.000000	0.273395	0.000000	0.000000
57	tsk_57	(x)	1	:	0.000000	0.000000	0.000000	0.192988	0.491176	0.000000	0.000000	0.000000	0.315836
58	tsk_58	(x)	1	:	0.000000	0.000000	0.000000	0.106607	0.491176	0.000000	0.000000	0.000000	0.402217
59	tsk_59	(x)	1	:	0.496266	0.000000	0.000000	0.470587	0.000000	0.000000	0.003594	0.000000	0.029553
60	tsk_60	(x)	1	:	0.000000	0.000000	0.000000	0.094680	0.491176	0.000000	0.000000	0.000000	0.414144
61	tsk_61	(x)	1	:	0.000000	0.000029	0.000000	0.000745	0.490976	0.000000	0.499666	0.000000	0.008584
62	tsk_62	(x)	1	:	0.000000	0.000000	0.000000	0.541323	0.000000	0.000000	0.000000	0.406743	0.051934
63	tsk_63	(x)	1	:	0.000000	0.000069	0.000000	0.308699	0.000000	0.000000	0.499939	0.000000	0.191293
64	tsk_64	(x)	1	:	0.553881	0.000043	0.000000	0.000000	0.000000	0.000000	0.446076	0.000000	0.000000
65	tsk_65	(x)	1	:	0.000000	0.000035	0.000000	0.001022	0.490955	0.000000	0.499627	0.000000	0.008360
66	tsk_66	(x)	1	:	0.000000	0.000026	0.000000	0.476430	0.000000	0.000000	0.499974	0.000000	0.023570
67	tsk_67	(x)	1	:	0.000000	0.000069	0.000000	0.000498	0.490801	0.000000	0.499356	0.000000	0.009277
68	tsk_68	(x)	1	:	0.000000	0.000000	0.000000	0.072255	0.491176	0.000000	0.000000	0.000000	0.436569
69	tsk_69	(x)	1	:	0.000000	0.000000	0.000000	0.124040	0.491176	0.000000	0.000000	0.000000	0.384784
70	tsk_70	(x)	1	:	0.000000	0.000000	0.000000	0.525069	0.000000	0.000000	0.000000	0.406743	0.068188
71	tsk_71	(x)	1	:	0.000000	0.000000	0.000000	0.822406	0.000000	0.000000	0.000000	0.000000	0.177594
72	tsk_72	(x)	1	:	0.000000	0.000070	0.000000	0.440317	0.000000	0.000000	0.499936	0.000000	0.059677
73	tsk_73	(x)	1	:	0.000000	0.000010	0.000000	0.083063	0.000000	0.000000	0.499994	0.406753	0.010180
74	tsk_74	(x)	1	:	0.000000	0.000006	0.408143	0.489431	0.000000	0.000000	0.091889	0.000000	0.010531
75	tsk_75	(x)	1	:	0.000000	0.000007	0.408134	0.485229	0.000000	0.000000	0.091912	0.000000	0.014717
76	tsk_76	(x)	1	:	0.000000	0.000000	0.000000	0.863281	0.000000	0.000000	0.000000	0.000000	0.136719
77	tsk_77	(x)	1	:	0.000000	0.000051	0.000000	0.463451	0.000000	0.000000	0.499949	0.000000	0.036549
78	tsk_78	(x)	1	:	0.000000	0.000000	0.000000	0.862112	0.000000	0.000000	0.000000	0.000000	0.137888
79	tsk_79	(x)	1	:	0.000000	0.000044	0.000000	0.449997	0.000000	0.000000	0.499956	0.000000	0.050003
80	tsk_80	(x)	1	:	0.000000	0.000000	0.000000	0.001679	0.491175	0.000000	0.000000	0.475399	0.031747
81	tsk_81	(x)	1	:	0.000000	0.000141	0.000000	0.000000	0.000000	0.000000	0.999859	0.000000	0.000000
82	tsk_82	(x)	1	:	0.000000	0.000051	0.000000	0.001410	0.490656	0.000000	0.499159	0.000000	0.008724
83	tsk_83	(x)	1	:	0.000000	0.000000	0.000000	0.000000	1.000000	0.000000	0.000000	0.000000	0.000000
84	tsk_84	(x)	1	:	0.000000	0.000052	0.000000	0.000361	0.490889	0.000000	0.499508	0.000000	0.009190
85	tsk_85	(x)	1	:	0.000000	0.000037	0.000000	0.081040	0.000000	0.000000	0.499984	0.406792	0.012146
86	tsk_86	(x)	1	:	0.000000	0.000000	0.000000	0.000000	1.000000	0.000000	0.000000	0.000000	0.000000
87	tsk_87	(x)	1	:	0.000000	0.000000	0.000000	0.000000	1.000000	0.000000	0.000000	0.000000	0.000000
88	tsk_88	(x)	1	:	0.000000	0.000180	0.000000	0.000000	0.000000	0.000000	0.999820	0.000000	0.000000
89	tsk_89	(x)	1	:	0.000000	0.000011	0.000000	0.001286	0.491039	0.000000	0.499781	0.000000	0.007882
90	tsk_90	(x)	1	:	0.000000	0.000000	0.000000	0.324710	0.000000	0.000000	0.000000	0.630477	0.044812
91	tsk_91	(x)	1	:	0.000000	0.000000	0.000000	0.000000	0.000000	0.000000	0.000000	1.000000	0.000000
92	tsk_92	(x)	1	:	0.000000	0.000000	0.000000	0.295720	0.000000	0.000000	0.000000	0.630477	0.073802
93	tsk_93	(x)	1	:	0.000000	0.000000	0.000000	0.322812	0.000000	0.000000	0.000000	0.630477	0.046711
94	tsk_94	(x)	1	:	0.000000	0.000000	0.000000	0.338761	0.000000	0.000000	0.000000	0.630477	0.030761
95	tsk_95	(x)	1	:	0.000000	0.000000	0.000000	0.000000	0.000000	0.000000	0.000000	1.000000	0.000000
96	tsk_96	(x)	1	:	0.000000	0.000000	0.000000	0.028093	0.491175	0.000000	0.000000	0.406742	0.073990
97	tsk_97	(x)	1	:	0.000000	0.000000	0.000000	0.188573	0.000000	0.000000	0.000000	0.630477	0.180950
98	tsk_98	(x)	1	:	0.000000	0.000041	0.000000	0.089935	0.000000	0.000000	0.499983	0.406799	0.003242
99	tsk_99	(x)	1	:	0.000000	0.000000	0.000000	0.000000	0.000000	0.000000	0.000000	1.000000	0.000000
