logL = -284.419793 (converged)
AIC = 2564.839586
BIC = 5164.799431

count.K
1 41 1 12 21 13 1 7 3 

