logL = -353.770621 (converged)
AIC = 2145.541242
BIC = 4018.658606

count.K
6 1 18 2 4 64 5 

