logL = -615.232811 (converged)
AIC = 1786.465623
BIC = 2510.702934

count.K
58 7 35 

