logL = -924.862772 (converged)
AIC = 2713.725543
BIC = 3839.159064

count.K
13 29 24 34 

