logL = -917.481727 (converged)
AIC = 2122.963454
BIC = 2498.107961

count.K
29 71 

