logL = -2186.175130 (converged)
AIC = 5042.350261
BIC = 5915.082273

count.K
39 40 21 

