logL = -1211.766728 (converged)
AIC = 3123.533457
BIC = 4035.343022

count.K
2 81 17 

