logL = -522.177638 (converged)
AIC = 3112.355276
BIC = 5806.101248

count.K
3 10 10 16 1 17 29 7 7 

