logL = -411.318984 (converged)
AIC = 3142.637968
BIC = 6164.635383

count.K
4 29 21 9 7 9 10 4 6 1 

