logL = -899.625271 (converged)
AIC = 2849.250542
BIC = 4216.964890

count.K
5 21 37 37 0 

