0	tsk_0	(x)	1	:	0.000001	0.000000	0.000000	0.000000	0.000000	0.000000	0.000000	0.494120	0.505879	0.000000
1	tsk_1	(x)	1	:	0.000001	0.000000	0.000000	0.000000	0.000000	0.000001	0.000000	0.494119	0.505879	0.000000
2	tsk_2	(x)	1	:	0.000000	0.000000	0.000000	0.404063	0.000000	0.000000	0.000000	0.000000	0.498746	0.097191
3	tsk_3	(x)	1	:	0.000001	0.000000	0.000000	0.000000	0.000000	0.000001	0.000000	0.494118	0.505879	0.000000
4	tsk_4	(x)	1	:	0.000047	0.000000	0.000000	0.000000	0.000000	0.000015	0.516081	0.483844	0.000000	0.000013
5	tsk_5	(x)	1	:	0.000000	0.000000	0.000000	0.000000	0.000000	0.000000	1.000000	0.000000	0.000000	0.000000
6	tsk_6	(x)	1	:	0.000000	0.484335	0.000000	0.000000	0.000000	0.494878	0.000000	0.000012	0.000000	0.020775
7	tsk_7	(x)	1	:	0.000002	0.000000	0.000000	0.000000	0.000000	0.000000	0.000000	0.494118	0.505879	0.000000
8	tsk_8	(x)	1	:	0.000001	0.000000	0.000000	0.000000	0.000000	0.000001	0.000000	0.494119	0.505879	0.000000
9	tsk_9	(x)	1	:	0.000002	0.000000	0.000000	0.000000	0.000000	0.000001	0.000000	0.494119	0.505879	0.000000
10	tsk_10	(x)	1	:	0.000000	0.000000	0.000000	0.000000	0.000000	1.000000	0.000000	0.000000	0.000000	0.000000
11	tsk_11	(x)	1	:	0.000010	0.000000	0.000000	0.000000	0.000000	0.571840	0.000000	0.428151	0.000000	0.000000
12	tsk_12	(x)	1	:	0.000002	0.000000	0.000000	0.000000	0.000000	0.000002	0.000000	0.494117	0.505879	0.000000
13	tsk_13	(x)	1	:	0.000000	0.000000	0.000000	0.000000	0.000000	1.000000	0.000000	0.000000	0.000000	0.000000
14	tsk_14	(x)	1	:	0.000000	0.000000	0.000000	0.000000	0.000000	0.499539	0.000000	0.000675	0.000000	0.499786
15	tsk_15	(x)	1	:	0.000013	0.000000	0.000000	0.000000	0.000000	0.571843	0.000000	0.428144	0.000000	0.000000
16	tsk_16	(x)	1	:	0.000000	0.000000	0.000000	0.000000	0.000000	1.000000	0.000000	0.000000	0.000000	0.000000
17	tsk_17	(x)	1	:	0.000009	0.000000	0.000000	0.000000	0.000000	0.571839	0.000000	0.428152	0.000000	0.000000
18	tsk_18	(x)	1	:	0.000000	0.000000	0.000000	0.000000	0.000000	1.000000	0.000000	0.000000	0.000000	0.000000
19	tsk_19	(x)	1	:	0.000000	0.000004	0.482337	0.000000	0.000000	0.000000	0.000000	0.000000	0.000000	0.517659
20	tsk_20	(x)	1	:	0.000000	0.500001	0.000000	0.000000	0.000000	0.000000	0.000000	0.000000	0.000000	0.499999
21	tsk_21	(x)	1	:	0.000000	0.000000	0.000000	0.000000	0.000000	0.000000	0.000000	0.000000	0.000000	1.000000
22	tsk_22	(x)	1	:	0.000000	0.500001	0.000000	0.000000	0.000000	0.000000	0.000000	0.000000	0.000000	0.499999
23	tsk_23	(x)	1	:	0.000000	1.000000	0.000000	0.000000	0.000000	0.000000	0.000000	0.000000	0.000000	0.000000
24	tsk_24	(x)	1	:	0.000028	0.000000	0.000000	0.000000	0.000000	0.000010	0.588110	0.411851	0.000000	0.000001
25	tsk_25	(x)	1	:	0.000007	0.492548	0.000000	0.000000	0.000000	0.000027	0.000000	0.459743	0.000000	0.047676
26	tsk_26	(x)	1	:	0.000000	1.000000	0.000000	0.000000	0.000000	0.000000	0.000000	0.000000	0.000000	0.000000
27	tsk_27	(x)	1	:	0.000001	0.000000	0.000000	0.000000	0.192927	0.000005	0.000000	0.271410	0.000000	0.535658
28	tsk_28	(x)	1	:	0.000000	0.487004	0.000000	0.000000	0.000000	0.000000	0.487226	0.000000	0.000000	0.025770
29	tsk_29	(x)	1	:	0.000007	0.000000	0.000000	0.000000	0.000000	0.000005	0.000000	0.999988	0.000000	0.000000
30	tsk_30	(x)	1	:	0.571838	0.000000	0.000000	0.000000	0.000000	0.000008	0.000000	0.428154	0.000000	0.000000
31	tsk_31	(x)	1	:	1.000000	0.000000	0.000000	0.000000	0.000000	0.000000	0.000000	0.000000	0.000000	0.000000
32	tsk_32	(x)	1	:	1.000000	0.000000	0.000000	0.000000	0.000000	0.000000	0.000000	0.000000	0.000000	0.000000
33	tsk_33	(x)	1	:	0.571835	0.000000	0.000000	0.000000	0.000000	0.000005	0.000000	0.428160	0.000000	0.000000
34	tsk_34	(x)	1	:	0.495084	0.485203	0.000000	0.000000	0.000000	0.000000	0.000000	0.000116	0.000000	0.019597
35	tsk_35	(x)	1	:	1.000000	0.000000	0.000000	0.000000	0.000000	0.000000	0.000000	0.000000	0.000000	0.000000
36	tsk_36	(x)	1	:	0.571840	0.000000	0.000000	0.000000	0.000000	0.000010	0.000000	0.428150	0.000000	0.000000
37	tsk_37	(x)	1	:	1.000000	0.000000	0.000000	0.000000	0.000000	0.000000	0.000000	0.000000	0.000000	0.000000
38	tsk_38	(x)	1	:	0.501079	0.000000	0.000000	0.000000	0.000000	0.000000	0.000000	0.000368	0.498553	0.000000
39	tsk_39	(x)	1	:	1.000000	0.000000	0.000000	0.000000	0.000000	0.000000	0.000000	0.000000	0.000000	0.000000
40	tsk_40	(x)	1	:	0.000000	0.000000	0.000000	0.000000	0.000000	0.000000	0.000000	0.580726	0.000000	0.419274
41	tsk_41	(x)	1	:	0.000000	0.000000	0.000000	0.000000	0.000000	0.000000	0.000000	0.580726	0.000000	0.419274
42	tsk_42	(x)	1	:	0.000004	0.000000	0.000000	0.000000	0.999996	0.000000	0.000000	0.000000	0.000000	0.000000
43	tsk_43	(x)	1	:	0.104325	0.486382	0.000000	0.000000	0.390473	0.000000	0.000000	0.000024	0.000000	0.018795
44	tsk_44	(x)	1	:	0.000000	0.000000	0.000000	0.000000	0.000000	0.000000	0.000000	0.580726	0.000000	0.419274
45	tsk_45	(x)	1	:	0.000001	0.000000	0.000000	0.000000	0.487079	0.000000	0.000000	0.512920	0.000000	0.000000
46	tsk_46	(x)	1	:	0.110490	0.000000	0.000000	0.000000	0.389069	0.000000	0.000000	0.000250	0.000000	0.500191
47	tsk_47	(x)	1	:	0.110135	0.000000	0.000000	0.000000	0.389252	0.000000	0.000000	0.000412	0.000000	0.500200
48	tsk_48	(x)	1	:	0.000000	0.000000	0.000000	0.000000	1.000000	0.000000	0.000000	0.000000	0.000000	0.000000
49	tsk_49	(x)	1	:	0.010827	0.000000	0.000000	0.000000	0.368635	0.000000	0.000000	0.620538	0.000000	0.000000
50	tsk_50	(x)	1	:	0.000004	0.000000	0.000000	0.000000	0.000000	0.000000	0.000000	0.999996	0.000000	0.000000
51	tsk_51	(x)	1	:	0.000000	0.000000	0.496576	0.000000	0.000000	0.000000	0.000000	0.000000	0.503424	0.000000
52	tsk_52	(x)	1	:	0.000000	0.000000	1.000000	0.000000	0.000000	0.000000	0.000000	0.000000	0.000000	0.000000
53	tsk_53	(x)	1	:	0.000009	0.000000	0.000000	0.000000	0.000000	0.000007	0.000000	0.999984	0.000000	0.000000
54	tsk_54	(x)	1	:	0.000000	0.000000	0.000000	0.000000	0.000000	0.000000	0.498867	0.000000	0.501133	0.000000
55	tsk_55	(x)	1	:	0.000000	0.000000	0.514647	0.000000	0.000000	0.000000	0.000000	0.000000	0.485353	0.000000
56	tsk_56	(x)	1	:	0.000000	0.000003	0.482337	0.000000	0.000000	0.000000	0.000000	0.000000	0.000000	0.517660
57	tsk_57	(x)	1	:	0.000000	0.000000	0.493157	0.000000	0.000000	0.000000	0.506839	0.000000	0.000000	0.000004
58	tsk_58	(x)	1	:	0.000001	0.000000	0.000000	0.000000	0.000000	0.000001	0.000000	0.494119	0.505879	0.000000
59	tsk_59	(x)	1	:	0.000003	0.000000	0.000000	0.000000	0.000000	0.000001	0.000000	0.494118	0.505879	0.000000
60	tsk_60	(x)	1	:	0.000000	0.000000	0.000000	0.000000	0.000000	0.000000	0.000000	0.000000	0.000000	1.000000
61	tsk_61	(x)	1	:	0.000005	0.000000	0.000000	0.000000	0.000000	0.000003	0.000000	0.999992	0.000000	0.000000
62	tsk_62	(x)	1	:	0.000016	0.000000	0.000000	0.000000	0.000000	0.000014	0.000000	0.999970	0.000000	0.000000
63	tsk_63	(x)	1	:	0.000011	0.000000	0.000000	0.304510	0.000000	0.000017	0.000000	0.462672	0.000000	0.232790
64	tsk_64	(x)	1	:	0.000008	0.000000	0.000000	0.000000	0.000000	0.000006	0.000000	0.999986	0.000000	0.000000
65	tsk_65	(x)	1	:	0.000000	0.000000	0.000000	0.000000	0.000000	0.000000	0.000000	0.469368	0.530632	0.000000
66	tsk_66	(x)	1	:	0.000007	0.000000	0.000000	0.000000	0.000000	0.000007	0.000000	0.999985	0.000000	0.000000
67	tsk_67	(x)	1	:	0.000000	0.000000	0.000000	0.000000	0.000000	0.000000	0.000000	0.000000	0.000000	1.000000
68	tsk_68	(x)	1	:	0.000004	0.000000	0.000000	0.000000	0.000000	0.000005	0.000000	0.999991	0.000000	0.000000
69	tsk_69	(x)	1	:	0.000010	0.000000	0.000000	0.000000	0.000000	0.000010	0.000000	0.999980	0.000000	0.000000
70	tsk_70	(x)	1	:	0.000007	0.000000	0.000000	0.000000	0.000000	0.571837	0.000000	0.428156	0.000000	0.000000
71	tsk_71	(x)	1	:	0.000000	0.000000	0.000000	0.000000	0.000000	0.000000	0.000000	0.000000	0.000000	1.000000
72	tsk_72	(x)	1	:	0.000000	0.000000	0.000000	0.000000	0.000000	0.000000	0.491449	0.000000	0.000000	0.508551
73	tsk_73	(x)	1	:	0.000008	0.000000	0.000000	0.000000	0.000000	0.571839	0.000000	0.428153	0.000000	0.000000
74	tsk_74	(x)	1	:	0.000000	0.000000	0.000000	0.000000	0.000000	1.000000	0.000000	0.000000	0.000000	0.000000
75	tsk_75	(x)	1	:	0.000000	0.000000	0.000000	0.000000	0.000000	0.000000	0.498867	0.000000	0.501133	0.000000
76	tsk_76	(x)	1	:	0.000000	0.000000	0.000000	0.000000	0.000000	0.499641	0.000000	0.000526	0.000000	0.499833
77	tsk_77	(x)	1	:	0.000000	0.000000	0.000000	0.000000	0.000000	1.000000	0.000000	0.000000	0.000000	0.000000
78	tsk_78	(x)	1	:	0.000000	0.000000	0.000000	0.000000	0.000000	0.000000	0.000000	0.000000	0.000000	1.000000
79	tsk_79	(x)	1	:	0.000000	0.000000	0.000000	0.000000	0.000000	1.000000	0.000000	0.000000	0.000000	0.000000
80	tsk_80	(x)	1	:	0.267949	0.000000	0.000000	0.000000	0.000000	0.000000	0.000000	0.732051	0.000000	0.000000
81	tsk_81	(x)	1	:	1.000000	0.000000	0.000000	0.000000	0.000000	0.000000	0.000000	0.000000	0.000000	0.000000
82	tsk_82	(x)	1	:	0.499930	0.000000	0.000000	0.000000	0.000000	0.499930	0.000000	0.000140	0.000000	0.000000
83	tsk_83	(x)	1	:	0.000007	0.000000	0.000000	0.146447	0.000000	0.570366	0.000000	0.283180	0.000000	0.000000
84	tsk_84	(x)	1	:	0.000000	0.000000	0.000000	0.000000	0.000000	0.267949	0.000000	0.732051	0.000000	0.000000
85	tsk_85	(x)	1	:	0.000000	0.000000	0.000000	0.000000	0.000000	0.000000	0.000000	1.000000	0.000000	0.000000
86	tsk_86	(x)	1	:	0.570365	0.000000	0.000000	0.146447	0.000000	0.000004	0.000000	0.283184	0.000000	0.000000
87	tsk_87	(x)	1	:	0.000012	0.000000	0.000000	0.576375	0.000000	0.000010	0.000000	0.423588	0.000000	0.000015
88	tsk_88	(x)	1	:	0.220582	0.000000	0.000000	0.000000	0.278966	0.499689	0.000000	0.000763	0.000000	0.000000
89	tsk_89	(x)	1	:	0.000000	0.000000	0.000000	0.396809	0.000000	0.000000	0.000000	0.578871	0.000000	0.024320
90	tsk_90	(x)	1	:	0.000000	0.000000	0.000000	0.000000	0.000000	0.000000	0.000000	0.000000	0.000000	1.000000
91	tsk_91	(x)	1	:	0.499620	0.000000	0.000000	0.000000	0.000000	0.000000	0.000000	0.000556	0.000000	0.499824
92	tsk_92	(x)	1	:	0.000000	0.000000	0.000000	0.000000	0.000000	0.000000	0.000000	0.000000	0.498442	0.501558
93	tsk_93	(x)	1	:	0.000000	0.000001	0.000000	0.400943	0.000000	0.000000	0.000000	0.000000	0.000000	0.599056
94	tsk_94	(x)	1	:	0.000000	0.000000	0.000000	0.999997	0.000000	0.000000	0.000000	0.000000	0.000000	0.000003
95	tsk_95	(x)	1	:	0.000000	0.000000	0.000000	0.000000	0.000000	0.000000	0.000000	0.000000	0.000000	1.000000
96	tsk_96	(x)	1	:	0.000000	0.000001	0.000000	0.400943	0.000000	0.000000	0.000000	0.000000	0.000000	0.599056
97	tsk_97	(x)	1	:	0.000011	0.000000	0.000000	0.000000	0.000000	0.000005	0.516076	0.483902	0.000000	0.000006
98	tsk_98	(x)	1	:	0.000010	0.000000	0.000000	0.000000	0.000000	0.000001	0.000000	0.463305	0.000000	0.536684
99	tsk_99	(x)	1	:	0.000000	0.000000	0.000000	0.999996	0.000000	0.000000	0.000000	0.000000	0.000000	0.000004
