logL = -562.640015 (converged)
AIC = 2647.280031
BIC = 4629.814542

count.K
18 1 1 35 1 0 44 

