logL = -679.851750 (converged)
AIC = 3351.703500
BIC = 5946.453005

count.K
37 16 4 7 10 14 2 10 

