logL = -594.147245 (converged)
AIC = 2548.294490
BIC = 4319.810216

count.K
28 3 10 47 3 9 

