logL = -636.415311 (converged)
AIC = 2548.830621
BIC = 4210.929200

count.K
32 16 25 17 4 6 

