logL = -997.284925 (converged)
AIC = 3954.569850
BIC = 6507.636632

count.K
12 53 2 16 8 0 7 2 

