logL = -663.816606 (converged)
AIC = 3727.633212
BIC = 6853.837435

count.K
7 3 4 7 23 0 8 27 3 18 

