logL = -736.361539 (converged)
AIC = 2808.723078
BIC = 4548.976762

count.K
18 24 19 8 1 30 

