logL = -533.639538 (converged)
AIC = 2915.279076
BIC = 5322.456328

count.K
6 11 14 8 6 23 22 10 

