logL = -770.125809 (converged)
AIC = 3216.251618
BIC = 5399.384234

count.K
5 3 30 14 10 27 11 

