logL = -435.350560 (converged)
AIC = 3110.701119
BIC = 6028.491728

count.K
9 18 2 18 5 12 16 3 3 14 

