logL = -940.068768 (converged)
AIC = 2176.137536
BIC = 2561.702724

count.K
44 56 

