logL = -826.095256 (converged)
AIC = 2782.190513
BIC = 4254.111668

count.K
23 9 14 32 22 

