logL = -411.244605 (converged)
AIC = 2734.489210
BIC = 5225.031908

count.K
0 8 2 10 12 11 7 50 

