logL = -388.194361 (converged)
AIC = 2936.388721
BIC = 5749.972522

count.K
4 11 8 11 6 8 44 1 6 1 

