logL = -894.586860 (converged)
AIC = 3395.173720
BIC = 5487.125379

count.K
10 15 13 28 23 9 2 

