logL = -1149.466131 (converged)
AIC = 4210.932263
BIC = 6701.474961

count.K
12 1 34 2 8 31 10 2 

