0	tsk_0	(x)	1	:	0.352840	0.147160	0.308039	0.000000	0.000000	0.000000	0.000000	0.191961	0.000000	0.000000
1	tsk_1	(x)	1	:	0.294545	0.205455	0.231319	0.000000	0.000000	0.000000	0.000000	0.268681	0.000000	0.000000
2	tsk_2	(x)	1	:	0.000000	0.000000	0.000000	0.000000	0.000000	0.000000	0.000000	0.000000	1.000000	0.000000
3	tsk_3	(x)	1	:	0.184039	0.315961	0.193269	0.000000	0.000000	0.000000	0.000000	0.306731	0.000000	0.000000
4	tsk_4	(x)	1	:	0.000000	0.000000	0.000000	0.000000	0.000000	0.000000	0.000000	0.500000	0.500000	0.000000
5	tsk_5	(x)	1	:	0.132286	0.867714	0.000000	0.000000	0.000000	0.000000	0.000000	0.000000	0.000000	0.000000
6	tsk_6	(x)	1	:	0.000000	0.000000	0.403999	0.000000	0.000000	0.000000	0.000000	0.096001	0.500000	0.000000
7	tsk_7	(x)	1	:	0.355813	0.644187	0.000000	0.000000	0.000000	0.000000	0.000000	0.000000	0.000000	0.000000
8	tsk_8	(x)	1	:	0.653654	0.346346	0.000000	0.000000	0.000000	0.000000	0.000000	0.000000	0.000000	0.000000
9	tsk_9	(x)	1	:	0.000000	0.000000	0.335891	0.000000	0.000000	0.000000	0.000000	0.164109	0.500000	0.000000
10	tsk_10	(x)	1	:	0.013864	0.007061	0.413173	0.000000	0.000000	0.000000	0.479112	0.086791	0.000000	0.000000
11	tsk_11	(x)	1	:	0.316373	0.183627	0.000000	0.000000	0.000000	0.000000	0.000000	0.000000	0.500000	0.000000
12	tsk_12	(x)	1	:	0.000000	0.000000	0.000000	0.000000	0.000000	0.000000	0.000000	0.000000	1.000000	0.000000
13	tsk_13	(x)	1	:	0.209061	0.290939	0.000000	0.000000	0.000000	0.000000	0.000000	0.000000	0.500000	0.000000
14	tsk_14	(x)	1	:	0.000000	0.000000	0.000000	0.000000	0.000000	0.000000	1.000000	0.000000	0.000000	0.000000
15	tsk_15	(x)	1	:	0.368273	0.131727	0.000000	0.000000	0.000000	0.000000	0.000000	0.000000	0.500000	0.000000
16	tsk_16	(x)	1	:	0.134246	0.365754	0.000000	0.000000	0.000000	0.000000	0.000000	0.000000	0.500000	0.000000
17	tsk_17	(x)	1	:	0.136750	0.363250	0.000000	0.000000	0.000000	0.000000	0.000000	0.000000	0.500000	0.000000
18	tsk_18	(x)	1	:	0.233107	0.766893	0.000000	0.000000	0.000000	0.000000	0.000000	0.000000	0.000000	0.000000
19	tsk_19	(x)	1	:	0.416326	0.583674	0.000000	0.000000	0.000000	0.000000	0.000000	0.000000	0.000000	0.000000
20	tsk_20	(x)	1	:	0.484548	0.515452	0.000000	0.000000	0.000000	0.000000	0.000000	0.000000	0.000000	0.000000
21	tsk_21	(x)	1	:	0.256576	0.264012	0.000000	0.000000	0.000000	0.000000	0.479413	0.000000	0.000000	0.000000
22	tsk_22	(x)	1	:	0.035948	0.484639	0.000000	0.000000	0.000000	0.000000	0.479413	0.000000	0.000000	0.000000
23	tsk_23	(x)	1	:	0.107414	0.392586	0.000000	0.500000	0.000000	0.000000	0.000000	0.000000	0.000000	0.000000
24	tsk_24	(x)	1	:	0.082511	0.917489	0.000000	0.000000	0.000000	0.000000	0.000000	0.000000	0.000000	0.000000
25	tsk_25	(x)	1	:	0.277668	0.221366	0.000000	0.000000	0.000000	0.498440	0.000000	0.000000	0.002526	0.000000
26	tsk_26	(x)	1	:	0.009818	0.012469	0.000000	0.000000	0.000000	0.000000	0.478132	0.000000	0.499580	0.000000
27	tsk_27	(x)	1	:	0.000000	0.000000	0.000000	0.000000	0.000000	0.000000	0.000000	0.000000	1.000000	0.000000
28	tsk_28	(x)	1	:	0.111533	0.409054	0.000000	0.000000	0.000000	0.000000	0.479413	0.000000	0.000000	0.000000
29	tsk_29	(x)	1	:	0.182047	0.317953	0.000000	0.000000	0.000000	0.000000	0.000000	0.000000	0.500000	0.000000
30	tsk_30	(x)	1	:	0.000000	0.000000	0.000000	0.466637	0.000000	0.000000	0.000000	0.000000	0.374759	0.158603
31	tsk_31	(x)	1	:	0.000000	0.000000	0.000000	0.466637	0.000000	0.000000	0.000000	0.000000	0.374759	0.158603
32	tsk_32	(x)	1	:	0.002211	0.002280	0.000000	0.497303	0.000000	0.000000	0.000000	0.000000	0.498205	0.000000
33	tsk_33	(x)	1	:	0.449758	0.550242	0.000000	0.000000	0.000000	0.000000	0.000000	0.000000	0.000000	0.000000
34	tsk_34	(x)	1	:	0.038144	0.461856	0.000000	0.500000	0.000000	0.000000	0.000000	0.000000	0.000000	0.000000
35	tsk_35	(x)	1	:	0.316279	0.683721	0.000000	0.000000	0.000000	0.000000	0.000000	0.000000	0.000000	0.000000
36	tsk_36	(x)	1	:	0.145823	0.374764	0.000000	0.000000	0.000000	0.000000	0.479413	0.000000	0.000000	0.000000
37	tsk_37	(x)	1	:	0.000790	0.001923	0.461667	0.497828	0.000000	0.000000	0.000000	0.037792	0.000000	0.000000
38	tsk_38	(x)	1	:	0.056360	0.443640	0.000000	0.500000	0.000000	0.000000	0.000000	0.000000	0.000000	0.000000
39	tsk_39	(x)	1	:	0.263177	0.236823	0.000000	0.500000	0.000000	0.000000	0.000000	0.000000	0.000000	0.000000
40	tsk_40	(x)	1	:	0.026138	0.494450	0.000000	0.000000	0.000000	0.000000	0.479413	0.000000	0.000000	0.000000
41	tsk_41	(x)	1	:	0.000000	0.000000	0.000000	0.000000	0.000000	0.000000	1.000000	0.000000	0.000000	0.000000
42	tsk_42	(x)	1	:	0.010443	0.010345	0.104653	0.000000	0.000000	0.000000	0.479233	0.395325	0.000000	0.000000
43	tsk_43	(x)	1	:	0.520587	0.000000	0.000000	0.000000	0.000000	0.000000	0.479413	0.000000	0.000000	0.000000
44	tsk_44	(x)	1	:	0.008931	0.011913	0.331279	0.000000	0.000000	0.000000	0.479184	0.168693	0.000000	0.000000
45	tsk_45	(x)	1	:	0.000000	0.000000	0.000000	0.000000	0.000000	0.000000	0.552143	0.000000	0.447857	0.000000
46	tsk_46	(x)	1	:	0.034760	0.465240	0.000000	0.500000	0.000000	0.000000	0.000000	0.000000	0.000000	0.000000
47	tsk_47	(x)	1	:	0.520587	0.000000	0.000000	0.000000	0.000000	0.000000	0.479413	0.000000	0.000000	0.000000
48	tsk_48	(x)	1	:	0.000000	0.000000	0.000000	0.000000	0.000000	0.000000	1.000000	0.000000	0.000000	0.000000
49	tsk_49	(x)	1	:	0.084281	0.436306	0.000000	0.000000	0.000000	0.000000	0.479413	0.000000	0.000000	0.000000
50	tsk_50	(x)	1	:	0.001449	0.000022	0.285768	0.000000	0.498757	0.000000	0.000000	0.214004	0.000000	0.000000
51	tsk_51	(x)	1	:	0.000000	0.000000	0.539118	0.000000	0.000000	0.000000	0.000000	0.460882	0.000000	0.000000
52	tsk_52	(x)	1	:	0.000000	0.000000	0.827577	0.000000	0.000000	0.000000	0.000000	0.172423	0.000000	0.000000
53	tsk_53	(x)	1	:	0.000662	0.000045	0.346724	0.000000	0.499437	0.000000	0.000000	0.153133	0.000000	0.000000
54	tsk_54	(x)	1	:	0.000000	0.000000	0.693079	0.000000	0.000000	0.000000	0.000000	0.306921	0.000000	0.000000
55	tsk_55	(x)	1	:	0.000000	0.000000	0.000000	0.000000	0.000000	0.000000	0.000000	1.000000	0.000000	0.000000
56	tsk_56	(x)	1	:	0.001202	0.001637	0.309015	0.497727	0.000000	0.000000	0.000000	0.190419	0.000000	0.000000
57	tsk_57	(x)	1	:	0.000000	0.000000	0.802693	0.000000	0.000000	0.000000	0.000000	0.197307	0.000000	0.000000
58	tsk_58	(x)	1	:	0.000932	0.000070	0.211487	0.000000	0.499174	0.000000	0.000000	0.288337	0.000000	0.000000
59	tsk_59	(x)	1	:	0.000000	0.000000	0.600048	0.000000	0.000000	0.000000	0.000000	0.399952	0.000000	0.000000
60	tsk_60	(x)	1	:	0.113384	0.386616	0.000000	0.000000	0.000000	0.000000	0.000000	0.000000	0.500000	0.000000
61	tsk_61	(x)	1	:	0.001540	0.002465	0.000000	0.497596	0.000000	0.000000	0.000000	0.000000	0.498400	0.000000
62	tsk_62	(x)	1	:	0.001020	0.003680	0.000000	0.497178	0.000000	0.000000	0.000000	0.000000	0.498122	0.000000
63	tsk_63	(x)	1	:	0.012157	0.009389	0.000000	0.499682	0.000000	0.000000	0.478772	0.000000	0.000000	0.000000
64	tsk_64	(x)	1	:	0.346982	0.153018	0.000000	0.000000	0.000000	0.000000	0.000000	0.000000	0.500000	0.000000
65	tsk_65	(x)	1	:	0.000000	0.000000	0.168343	0.000000	0.000000	0.000000	0.000000	0.331657	0.500000	0.000000
66	tsk_66	(x)	1	:	0.304552	0.195448	0.000000	0.500000	0.000000	0.000000	0.000000	0.000000	0.000000	0.000000
67	tsk_67	(x)	1	:	0.110888	0.389112	0.000000	0.000000	0.000000	0.000000	0.000000	0.000000	0.500000	0.000000
68	tsk_68	(x)	1	:	0.000743	0.003925	0.000000	0.497197	0.000000	0.000000	0.000000	0.000000	0.498135	0.000000
69	tsk_69	(x)	1	:	0.098320	0.422267	0.000000	0.000000	0.000000	0.000000	0.479413	0.000000	0.000000	0.000000
70	tsk_70	(x)	1	:	0.102064	0.397936	0.000000	0.500000	0.000000	0.000000	0.000000	0.000000	0.000000	0.000000
71	tsk_71	(x)	1	:	0.001573	0.000692	0.429916	0.498187	0.000000	0.000000	0.000000	0.069632	0.000000	0.000000
72	tsk_72	(x)	1	:	0.002365	0.002049	0.000000	0.497350	0.000000	0.000000	0.000000	0.000000	0.498236	0.000000
73	tsk_73	(x)	1	:	0.000000	0.000000	0.133373	0.000000	0.000000	0.000000	0.000000	0.366627	0.500000	0.000000
74	tsk_74	(x)	1	:	0.352891	0.147109	0.436141	0.000000	0.000000	0.000000	0.000000	0.063859	0.000000	0.000000
75	tsk_75	(x)	1	:	0.001177	0.000951	0.227663	0.498297	0.000000	0.000000	0.000000	0.271912	0.000000	0.000000
76	tsk_76	(x)	1	:	0.424040	0.075960	0.209910	0.000000	0.000000	0.000000	0.000000	0.290090	0.000000	0.000000
77	tsk_77	(x)	1	:	0.137988	0.362012	0.000000	0.000000	0.000000	0.000000	0.000000	0.000000	0.500000	0.000000
78	tsk_78	(x)	1	:	0.000902	0.001666	0.345886	0.497945	0.000000	0.000000	0.000000	0.153602	0.000000	0.000000
79	tsk_79	(x)	1	:	0.371429	0.128571	0.000000	0.000000	0.000000	0.000000	0.000000	0.000000	0.500000	0.000000
80	tsk_80	(x)	1	:	0.014507	0.006377	0.187190	0.000000	0.000000	0.000000	0.479148	0.312778	0.000000	0.000000
81	tsk_81	(x)	1	:	0.356369	0.143008	0.000000	0.000000	0.500622	0.000000	0.000000	0.000000	0.000000	0.000000
82	tsk_82	(x)	1	:	0.000000	0.000000	0.757329	0.000000	0.000000	0.000000	0.000000	0.242671	0.000000	0.000000
83	tsk_83	(x)	1	:	0.013477	0.007686	0.288117	0.000000	0.000000	0.000000	0.478899	0.211820	0.000000	0.000000
84	tsk_84	(x)	1	:	0.265748	0.233629	0.000000	0.000000	0.500622	0.000000	0.000000	0.000000	0.000000	0.000000
85	tsk_85	(x)	1	:	0.280543	0.219457	0.000000	0.000000	0.000000	0.000000	0.000000	0.000000	0.500000	0.000000
86	tsk_86	(x)	1	:	0.090255	0.252430	0.000000	0.000000	0.000000	0.000000	0.657315	0.000000	0.000000	0.000000
87	tsk_87	(x)	1	:	0.012712	0.009283	0.000000	0.000000	0.000000	0.000000	0.478353	0.000000	0.499652	0.000000
88	tsk_88	(x)	1	:	0.000000	0.000000	0.709112	0.000000	0.000000	0.000000	0.000000	0.290888	0.000000	0.000000
89	tsk_89	(x)	1	:	0.185741	0.313636	0.000000	0.000000	0.500622	0.000000	0.000000	0.000000	0.000000	0.000000
90	tsk_90	(x)	1	:	0.217974	0.282026	0.000000	0.000000	0.000000	0.000000	0.000000	0.000000	0.500000	0.000000
91	tsk_91	(x)	1	:	0.000000	0.000000	0.214934	0.000000	0.000000	0.000000	0.000000	0.319383	0.000000	0.465682
92	tsk_92	(x)	1	:	0.001874	0.000865	0.000000	0.000000	0.498091	0.000000	0.000000	0.000000	0.499170	0.000000
93	tsk_93	(x)	1	:	0.000000	0.000000	0.000000	0.000000	0.000000	0.000000	0.000000	0.000000	0.566993	0.433007
94	tsk_94	(x)	1	:	0.097579	0.402420	0.000000	0.000000	0.000000	0.000000	0.000000	0.000000	0.500000	0.000000
95	tsk_95	(x)	1	:	0.435732	0.564268	0.000000	0.000000	0.000000	0.000000	0.000000	0.000000	0.000000	0.000000
96	tsk_96	(x)	1	:	0.408178	0.591822	0.000000	0.000000	0.000000	0.000000	0.000000	0.000000	0.000000	0.000000
97	tsk_97	(x)	1	:	0.000000	0.000000	0.000000	0.000000	0.000000	0.000000	0.000000	0.000000	1.000000	0.000000
98	tsk_98	(x)	1	:	0.210630	0.288747	0.000000	0.000000	0.500622	0.000000	0.000000	0.000000	0.000000	0.000000
99	tsk_99	(x)	1	:	0.000000	0.000000	0.000000	0.000000	0.000000	0.000000	0.000000	0.000000	1.000000	0.000000
