logL = -1591.228649 (converged)
AIC = 5916.457297
BIC = 9477.724941

count.K
3 7 28 14 17 8 10 5 8 

