0	tsk_0	(x)	1	:	0.000000	0.459236	0.000000	0.000000	0.000000	0.000000	0.000000	0.540764	0.000000
1	tsk_1	(x)	1	:	0.000000	0.000000	0.000000	0.000000	0.513736	0.486264	0.000000	0.000000	0.000000
2	tsk_2	(x)	1	:	0.260482	0.000000	0.000000	0.000059	0.000000	0.534182	0.000000	0.000000	0.205277
3	tsk_3	(x)	1	:	0.195202	0.000000	0.000000	0.000000	0.000000	0.000000	0.000000	0.498103	0.306696
4	tsk_4	(x)	1	:	0.000000	0.000000	0.000000	0.000000	0.000000	0.000000	0.000000	1.000000	0.000000
5	tsk_5	(x)	1	:	0.004665	0.000000	0.000000	0.000000	0.000000	0.487233	0.000000	0.504908	0.003194
6	tsk_6	(x)	1	:	0.260558	0.000000	0.000000	0.000000	0.000000	0.000000	0.000000	0.000000	0.739442
7	tsk_7	(x)	1	:	0.000376	0.000000	0.000000	0.000001	0.499867	0.000000	0.000000	0.499200	0.000556
8	tsk_8	(x)	1	:	0.149265	0.000000	0.000000	0.000023	0.000000	0.000000	0.000000	0.499591	0.351121
9	tsk_9	(x)	1	:	0.080830	0.000000	0.000000	0.000000	0.000000	0.000000	0.000000	0.498921	0.420249
10	tsk_10	(x)	1	:	0.181464	0.000000	0.000000	0.000062	0.500001	0.000000	0.000000	0.000000	0.318472
11	tsk_11	(x)	1	:	0.306997	0.000000	0.000000	0.000052	0.500000	0.000000	0.000000	0.000000	0.192951
12	tsk_12	(x)	1	:	0.000000	0.000000	0.000000	0.000000	1.000000	0.000000	0.000000	0.000000	0.000000
13	tsk_13	(x)	1	:	0.329128	0.000000	0.000000	0.000035	0.500001	0.000000	0.000000	0.000000	0.170837
14	tsk_14	(x)	1	:	0.243092	0.000000	0.000000	0.000049	0.000000	0.486265	0.000000	0.000000	0.270594
15	tsk_15	(x)	1	:	0.501172	0.000000	0.000000	0.000000	0.000000	0.000000	0.000000	0.000000	0.498828
16	tsk_16	(x)	1	:	0.238913	0.000000	0.000000	0.000042	0.500001	0.000000	0.000000	0.000000	0.261044
17	tsk_17	(x)	1	:	0.000000	0.000000	0.000000	0.000000	0.513736	0.486264	0.000000	0.000000	0.000000
18	tsk_18	(x)	1	:	0.367300	0.000000	0.000000	0.000062	0.000000	0.486263	0.000000	0.000000	0.146376
19	tsk_19	(x)	1	:	0.000000	0.000000	0.000000	0.000000	0.513736	0.486264	0.000000	0.000000	0.000000
20	tsk_20	(x)	1	:	0.122728	0.000000	0.000000	0.000054	0.430465	0.000000	0.139074	0.000000	0.307678
21	tsk_21	(x)	1	:	0.000000	0.000000	0.000000	0.000000	0.000000	0.000000	1.000000	0.000000	0.000000
22	tsk_22	(x)	1	:	0.540036	0.000000	0.000000	0.000000	0.000000	0.000000	0.000000	0.000000	0.459964
23	tsk_23	(x)	1	:	0.176757	0.000000	0.000000	0.000063	0.000000	0.000000	0.471379	0.000000	0.351801
24	tsk_24	(x)	1	:	0.278659	0.000000	0.000000	0.000092	0.000000	0.000000	0.000000	0.000000	0.721249
25	tsk_25	(x)	1	:	0.425968	0.000000	0.000000	0.000091	0.000000	0.000000	0.000000	0.000000	0.573941
26	tsk_26	(x)	1	:	0.160684	0.525536	0.000000	0.000060	0.000000	0.000000	0.000000	0.000000	0.313719
27	tsk_27	(x)	1	:	0.000000	0.627315	0.000000	0.000000	0.372685	0.000000	0.000000	0.000000	0.000000
28	tsk_28	(x)	1	:	0.099791	0.000000	0.000000	0.000000	0.000000	0.000000	0.000000	0.000000	0.900209
29	tsk_29	(x)	1	:	0.177557	0.000000	0.000000	0.000066	0.000000	0.000000	0.471379	0.000000	0.350998
30	tsk_30	(x)	1	:	0.136737	0.000000	0.000000	0.000063	0.000000	0.486263	0.000000	0.000000	0.376937
31	tsk_31	(x)	1	:	0.039433	0.000000	0.499996	0.000000	0.000000	0.000000	0.000000	0.000000	0.460571
32	tsk_32	(x)	1	:	0.003934	0.000000	0.500414	0.000000	0.000000	0.486430	0.000000	0.000000	0.009221
33	tsk_33	(x)	1	:	0.258377	0.000000	0.000000	0.000000	0.000000	0.486264	0.000000	0.000000	0.255359
34	tsk_34	(x)	1	:	0.088469	0.000000	0.499999	0.000000	0.000000	0.000000	0.000000	0.000000	0.411533
35	tsk_35	(x)	1	:	0.195599	0.000000	0.500001	0.000016	0.000000	0.000000	0.000000	0.000000	0.304383
36	tsk_36	(x)	1	:	0.000000	0.000000	1.000000	0.000000	0.000000	0.000000	0.000000	0.000000	0.000000
37	tsk_37	(x)	1	:	0.000000	0.000000	0.000000	1.000000	0.000000	0.000000	0.000000	0.000000	0.000000
38	tsk_38	(x)	1	:	0.103931	0.000000	0.499993	0.000000	0.000000	0.000000	0.000000	0.000000	0.396076
39	tsk_39	(x)	1	:	0.000575	0.000000	0.499270	0.000001	0.499757	0.000000	0.000000	0.000000	0.000397
40	tsk_40	(x)	1	:	0.248392	0.000000	0.000000	0.000055	0.000000	0.535475	0.000000	0.000000	0.216077
41	tsk_41	(x)	1	:	0.106657	0.000000	0.000000	0.000026	0.000000	0.535474	0.000000	0.000000	0.357843
42	tsk_42	(x)	1	:	0.127620	0.000000	0.000000	0.000147	0.000000	0.000000	0.000000	0.000000	0.872233
43	tsk_43	(x)	1	:	0.305420	0.000000	0.000000	0.000000	0.000000	0.000000	0.000000	0.000000	0.694580
44	tsk_44	(x)	1	:	0.701272	0.000000	0.000000	0.000000	0.000000	0.000000	0.000000	0.000000	0.298728
45	tsk_45	(x)	1	:	0.544818	0.000000	0.000000	0.000000	0.000000	0.000000	0.000000	0.000000	0.455182
46	tsk_46	(x)	1	:	0.225447	0.000000	0.000000	0.000000	0.000000	0.000000	0.000000	0.000000	0.774553
47	tsk_47	(x)	1	:	0.232703	0.000000	0.000000	0.000030	0.500001	0.000000	0.000000	0.000000	0.267267
48	tsk_48	(x)	1	:	0.414374	0.000000	0.000000	0.000158	0.000000	0.000000	0.000000	0.000000	0.585468
49	tsk_49	(x)	1	:	0.544389	0.000000	0.000000	0.000000	0.000000	0.000000	0.000000	0.000000	0.455611
50	tsk_50	(x)	1	:	0.340676	0.000000	0.000000	0.000063	0.500001	0.000000	0.000000	0.000000	0.159261
51	tsk_51	(x)	1	:	0.279070	0.000000	0.000000	0.000053	0.500001	0.000000	0.000000	0.000000	0.220876
52	tsk_52	(x)	1	:	0.000000	0.000000	0.000000	0.000000	1.000000	0.000000	0.000000	0.000000	0.000000
53	tsk_53	(x)	1	:	0.412158	0.000000	0.000000	0.000000	0.000000	0.000000	0.000000	0.000000	0.587842
54	tsk_54	(x)	1	:	0.000000	0.000000	0.000000	0.000000	1.000000	0.000000	0.000000	0.000000	0.000000
55	tsk_55	(x)	1	:	0.229051	0.000000	0.000000	0.000005	0.499997	0.000000	0.000000	0.000000	0.270948
56	tsk_56	(x)	1	:	0.296697	0.000000	0.000000	0.000065	0.500001	0.000000	0.000000	0.000000	0.203237
57	tsk_57	(x)	1	:	0.329433	0.000000	0.000000	0.000047	0.500001	0.000000	0.000000	0.000000	0.170519
58	tsk_58	(x)	1	:	0.000000	0.000000	0.000000	0.000000	1.000000	0.000000	0.000000	0.000000	0.000000
59	tsk_59	(x)	1	:	0.000000	0.000000	0.000000	0.000000	1.000000	0.000000	0.000000	0.000000	0.000000
60	tsk_60	(x)	1	:	0.371133	0.000000	0.000000	0.000065	0.500001	0.000000	0.000000	0.000000	0.128801
61	tsk_61	(x)	1	:	0.457582	0.000000	0.000000	0.000152	0.000000	0.000000	0.000000	0.000000	0.542266
62	tsk_62	(x)	1	:	0.371291	0.000000	0.000000	0.000000	0.000000	0.000000	0.000000	0.000000	0.628709
63	tsk_63	(x)	1	:	0.283540	0.000000	0.000000	0.000000	0.000000	0.000000	0.000000	0.000000	0.716460
64	tsk_64	(x)	1	:	0.335047	0.000000	0.000000	0.000033	0.500001	0.000000	0.000000	0.000000	0.164920
65	tsk_65	(x)	1	:	0.540568	0.000000	0.000000	0.000001	0.000000	0.000000	0.000000	0.000000	0.459431
66	tsk_66	(x)	1	:	0.270681	0.000000	0.000000	0.000025	0.500001	0.000000	0.000000	0.000000	0.229293
67	tsk_67	(x)	1	:	0.365935	0.525541	0.000000	0.000037	0.000000	0.000000	0.000000	0.000000	0.108488
68	tsk_68	(x)	1	:	0.597960	0.000000	0.000000	0.000000	0.000000	0.000000	0.000000	0.000000	0.402040
69	tsk_69	(x)	1	:	0.372510	0.000000	0.000000	0.000000	0.000000	0.000000	0.000000	0.000000	0.627490
70	tsk_70	(x)	1	:	0.497231	0.000000	0.000000	0.000158	0.000000	0.000000	0.000000	0.000000	0.502611
71	tsk_71	(x)	1	:	0.252172	0.000000	0.000000	0.000158	0.000000	0.000000	0.000000	0.000000	0.747670
72	tsk_72	(x)	1	:	0.000000	0.000000	0.000000	0.000000	1.000000	0.000000	0.000000	0.000000	0.000000
73	tsk_73	(x)	1	:	0.000000	0.000000	0.000000	0.000000	0.464527	0.535473	0.000000	0.000000	0.000000
74	tsk_74	(x)	1	:	0.133557	0.000000	0.000000	0.000000	0.000000	0.486254	0.000000	0.000000	0.380189
75	tsk_75	(x)	1	:	0.230109	0.000000	0.000000	0.000042	0.500001	0.000000	0.000000	0.000000	0.269847
76	tsk_76	(x)	1	:	0.254035	0.000000	0.000000	0.000056	0.000000	0.535475	0.000000	0.000000	0.210434
77	tsk_77	(x)	1	:	0.000000	0.000000	0.000000	0.000000	1.000000	0.000000	0.000000	0.000000	0.000000
78	tsk_78	(x)	1	:	0.000000	0.000000	0.000000	0.000000	1.000000	0.000000	0.000000	0.000000	0.000000
79	tsk_79	(x)	1	:	0.000000	0.000000	0.000000	0.000000	1.000000	0.000000	0.000000	0.000000	0.000000
80	tsk_80	(x)	1	:	0.421564	0.000000	0.000000	0.000155	0.000000	0.000000	0.000000	0.000000	0.578281
81	tsk_81	(x)	1	:	0.467126	0.000000	0.000000	0.000000	0.000000	0.000000	0.000000	0.000000	0.532874
82	tsk_82	(x)	1	:	0.201515	0.000000	0.000000	0.000000	0.000000	0.000000	0.000000	0.000000	0.798485
83	tsk_83	(x)	1	:	0.449440	0.000000	0.000000	0.000000	0.000000	0.000000	0.000000	0.000000	0.550559
84	tsk_84	(x)	1	:	0.371577	0.000000	0.000000	0.000137	0.000000	0.000000	0.000000	0.000000	0.628286
85	tsk_85	(x)	1	:	0.640272	0.000000	0.000000	0.000000	0.000000	0.000000	0.000000	0.000000	0.359728
86	tsk_86	(x)	1	:	0.370598	0.000000	0.000000	0.000158	0.000000	0.000000	0.000000	0.000000	0.629244
87	tsk_87	(x)	1	:	0.084240	0.000000	0.000000	0.000156	0.000000	0.000000	0.000000	0.000000	0.915604
88	tsk_88	(x)	1	:	0.226347	0.000000	0.000000	0.000157	0.000000	0.000000	0.000000	0.000000	0.773496
89	tsk_89	(x)	1	:	0.313392	0.000000	0.000000	0.000063	0.000000	0.486264	0.000000	0.000000	0.200280
90	tsk_90	(x)	1	:	0.000000	0.000000	0.000000	0.000000	0.428758	0.000000	0.571242	0.000000	0.000000
91	tsk_91	(x)	1	:	0.000004	0.509987	0.000000	0.000000	0.000000	0.000000	0.000000	0.490008	0.000001
92	tsk_92	(x)	1	:	0.000000	0.000000	0.000000	0.000000	0.528622	0.000000	0.471378	0.000000	0.000000
93	tsk_93	(x)	1	:	0.180720	0.000000	0.000000	0.000054	0.000000	0.486262	0.000000	0.000000	0.332964
94	tsk_94	(x)	1	:	0.000000	0.479568	0.000000	0.000000	0.000000	0.000000	0.520432	0.000000	0.000000
95	tsk_95	(x)	1	:	0.096332	0.525523	0.000000	0.000000	0.000000	0.000000	0.000000	0.000000	0.378145
96	tsk_96	(x)	1	:	0.000000	0.403644	0.000000	0.000000	0.596356	0.000000	0.000000	0.000000	0.000000
97	tsk_97	(x)	1	:	0.000000	0.401467	0.000000	0.000000	0.000000	0.000000	0.598533	0.000000	0.000000
98	tsk_98	(x)	1	:	0.235503	0.000000	0.000000	0.000039	0.000000	0.000000	0.527273	0.000000	0.237185
99	tsk_99	(x)	1	:	0.000000	0.000000	0.000000	0.000000	0.000000	1.000000	0.000000	0.000000	0.000000
