logL = -562.537905 (converged)
AIC = 3645.075811
BIC = 6927.590245

count.K
8 15 21 7 24 0 6 5 7 7 

