logL = -513.618434 (converged)
AIC = 1763.236867
BIC = 2721.939496

count.K
8 31 27 34 

