logL = -616.364505 (converged)
AIC = 3612.729010
BIC = 6712.881531

count.K
3 10 3 3 8 3 0 24 22 24 

