logL = -451.590382 (converged)
AIC = 1655.180764
BIC = 2634.724754

count.K
61 10 21 8 

