logL = -1398.374790 (converged)
AIC = 4788.749580
BIC = 7383.499085

count.K
6 37 4 17 9 1 4 22 

