logL = -384.590052 (converged)
AIC = 2569.180104
BIC = 4913.833272

count.K
4 16 13 3 48 2 4 10 

