logL = -649.277896 (converged)
AIC = 2122.555792
BIC = 3195.885909

count.K
8 6 65 21 

