logL = -491.604696 (converged)
AIC = 1973.209391
BIC = 3262.768633

count.K
20 13 16 24 27 

