logL = -1380.895926 (converged)
AIC = 5301.791852
BIC = 8610.357988

count.K
1 37 9 21 0 11 10 7 3 1 

