logL = -718.321725 (converged)
AIC = 3300.643450
BIC = 5728.662063

count.K
2 3 23 9 17 4 18 24 

