logL = -564.711599 (converged)
AIC = 1679.423198
BIC = 2395.844999

count.K
8 53 39 

