logL = -378.702191 (converged)
AIC = 1629.404382
BIC = 2765.258583

count.K
22 22 1 55 

