logL = -780.201792 (converged)
AIC = 2408.403585
BIC = 3512.995744

count.K
15 29 15 41 

