logL = -631.948624 (converged)
AIC = 2599.897249
BIC = 4340.150933

count.K
2 4 4 27 6 57 

