logL = -266.855633 (converged)
AIC = 1533.711267
BIC = 2836.296360

count.K
22 4 9 5 60 

