logL = -514.818800 (converged)
AIC = 3151.637601
BIC = 5915.723168

count.K
14 8 15 19 1 17 1 4 21 

