logL = -1092.858650 (converged)
AIC = 2497.717300
BIC = 2904.123849

count.K
80 20 

