logL = -696.175090 (converged)
AIC = 3110.350181
BIC = 5348.191370

count.K
12 5 8 8 29 6 32 

