logL = -615.664514 (converged)
AIC = 3611.329028
BIC = 6711.481549

count.K
6 4 8 8 15 36 2 9 6 6 

