logL = -934.548247 (converged)
AIC = 2449.096495
BIC = 3204.595849

count.K
17 50 33 

