0	tsk_0	(x)	1	:	0.000000	0.863717	0.000000	0.000000	0.000000	0.000000	0.000000	0.058492	0.077791
1	tsk_1	(x)	1	:	0.000000	0.999987	0.000000	0.000000	0.000000	0.000000	0.000000	0.000000	0.000013
2	tsk_2	(x)	1	:	0.000000	0.000000	0.000000	0.000000	0.000000	0.000000	0.000000	0.186017	0.813983
3	tsk_3	(x)	1	:	0.000000	0.000000	0.000000	0.000000	1.000000	0.000000	0.000000	0.000000	0.000000
4	tsk_4	(x)	1	:	0.000000	0.444150	0.000000	0.000000	0.000000	0.000000	0.000000	0.147467	0.408382
5	tsk_5	(x)	1	:	0.398745	0.000000	0.000000	0.000000	0.000000	0.000000	0.000000	0.132872	0.468383
6	tsk_6	(x)	1	:	0.000000	0.444056	0.000000	0.000000	0.498443	0.000000	0.000000	0.050514	0.006987
7	tsk_7	(x)	1	:	0.000000	0.444150	0.000000	0.000000	0.000000	0.000000	0.000000	0.146810	0.409040
8	tsk_8	(x)	1	:	0.000000	0.000000	0.000000	0.000000	0.000000	0.000000	0.000000	0.348289	0.651710
9	tsk_9	(x)	1	:	0.000000	0.444150	0.000000	0.000000	0.000000	0.000000	0.000000	0.200045	0.355805
10	tsk_10	(x)	1	:	0.000000	0.000000	0.389659	0.000000	0.000000	0.000000	0.000000	0.114284	0.496057
11	tsk_11	(x)	1	:	0.000000	0.000000	1.000000	0.000000	0.000000	0.000000	0.000000	0.000000	0.000000
12	tsk_12	(x)	1	:	0.000000	0.000000	0.000000	0.000000	0.000000	0.000000	1.000000	0.000000	0.000000
13	tsk_13	(x)	1	:	0.000000	0.000000	0.389659	0.000000	0.000000	0.000000	0.000000	0.101046	0.509295
14	tsk_14	(x)	1	:	0.000000	0.547715	0.452285	0.000000	0.000000	0.000000	0.000000	0.000000	0.000000
15	tsk_15	(x)	1	:	0.000000	0.000000	0.000000	0.000000	0.000000	0.000000	1.000000	0.000000	0.000000
16	tsk_16	(x)	1	:	0.000000	0.547715	0.452285	0.000000	0.000000	0.000000	0.000000	0.000000	0.000000
17	tsk_17	(x)	1	:	0.000000	0.518754	0.409468	0.000000	0.000000	0.000000	0.000000	0.000000	0.071778
18	tsk_18	(x)	1	:	0.000000	0.000000	0.000000	0.000000	0.520988	0.000000	0.000000	0.233608	0.245403
19	tsk_19	(x)	1	:	0.000000	0.000000	0.389659	0.000000	0.000000	0.000000	0.000000	0.115316	0.495025
20	tsk_20	(x)	1	:	0.000000	0.000000	0.302008	0.000000	0.498435	0.000000	0.000000	0.116099	0.083457
21	tsk_21	(x)	1	:	0.000000	0.505281	0.301651	0.000000	0.000000	0.000000	0.000000	0.000000	0.193067
22	tsk_22	(x)	1	:	0.000000	0.505281	0.301651	0.000000	0.000000	0.000000	0.000000	0.000000	0.193067
23	tsk_23	(x)	1	:	0.000000	0.000000	0.302005	0.000000	0.000000	0.000000	0.000000	0.180631	0.517363
24	tsk_24	(x)	1	:	0.000000	0.515010	0.403860	0.000000	0.000000	0.000000	0.000000	0.000000	0.081131
25	tsk_25	(x)	1	:	0.000000	0.000000	0.499994	0.000000	0.000000	0.000000	0.000000	0.150534	0.349472
26	tsk_26	(x)	1	:	0.000000	0.000000	0.389659	0.000000	0.000000	0.000000	0.000000	0.134924	0.475417
27	tsk_27	(x)	1	:	0.000000	0.504881	0.000000	0.000000	0.000000	0.000000	0.000000	0.034444	0.460676
28	tsk_28	(x)	1	:	0.000000	0.505281	0.301652	0.000000	0.000000	0.000000	0.000000	0.000000	0.193067
29	tsk_29	(x)	1	:	0.000000	0.000000	0.302006	0.000000	0.000000	0.000000	0.000000	0.217927	0.480067
30	tsk_30	(x)	1	:	0.000000	0.547715	0.452285	0.000000	0.000000	0.000000	0.000000	0.000000	0.000000
31	tsk_31	(x)	1	:	0.000000	0.444150	0.000000	0.000000	0.000000	0.000000	0.000000	0.128049	0.427801
32	tsk_32	(x)	1	:	0.000000	0.000000	0.389659	0.000000	0.000000	0.000000	0.000000	0.132030	0.478311
33	tsk_33	(x)	1	:	0.000000	0.000000	0.389659	0.000000	0.000000	0.000000	0.000000	0.086885	0.523456
34	tsk_34	(x)	1	:	0.000000	0.000000	0.000000	0.000000	0.000000	0.000000	0.000000	0.108810	0.891190
35	tsk_35	(x)	1	:	0.000000	0.000000	1.000000	0.000000	0.000000	0.000000	0.000000	0.000000	0.000000
36	tsk_36	(x)	1	:	0.000000	0.000000	0.000000	0.000000	0.000000	0.000000	0.000000	0.281606	0.718394
37	tsk_37	(x)	1	:	0.000000	0.000000	0.389659	0.000000	0.000000	0.000000	0.000000	0.064237	0.546104
38	tsk_38	(x)	1	:	0.000000	0.000000	0.000000	0.000000	0.000000	0.000000	0.000000	0.379231	0.620769
39	tsk_39	(x)	1	:	0.000000	0.444150	0.000000	0.000000	0.000000	0.000000	0.000000	0.226364	0.329486
40	tsk_40	(x)	1	:	0.221576	0.381961	0.000000	0.000000	0.000000	0.000000	0.000000	0.021761	0.374702
41	tsk_41	(x)	1	:	0.170098	0.000000	0.000000	0.000000	0.000000	0.000000	0.497327	0.228263	0.104312
42	tsk_42	(x)	1	:	0.000000	0.504881	0.000000	0.000000	0.000000	0.000000	0.000000	0.047943	0.447176
43	tsk_43	(x)	1	:	0.384218	0.351133	0.000000	0.000000	0.000000	0.000000	0.000000	0.000271	0.264378
44	tsk_44	(x)	1	:	0.221576	0.381961	0.000000	0.000000	0.000000	0.000000	0.000000	0.052316	0.344147
45	tsk_45	(x)	1	:	0.000000	0.501878	0.000000	0.491484	0.000000	0.000000	0.000000	0.000000	0.006638
46	tsk_46	(x)	1	:	0.312731	0.000000	0.000000	0.000000	0.000000	0.000000	0.000000	0.050935	0.636334
47	tsk_47	(x)	1	:	0.000000	0.499672	0.000000	0.000000	0.000000	0.000000	0.496547	0.003357	0.000424
48	tsk_48	(x)	1	:	0.170140	0.000000	0.000000	0.493324	0.000000	0.000000	0.000000	0.004608	0.331929
49	tsk_49	(x)	1	:	0.000000	1.000000	0.000000	0.000000	0.000000	0.000000	0.000000	0.000000	0.000000
50	tsk_50	(x)	1	:	1.000000	0.000000	0.000000	0.000000	0.000000	0.000000	0.000000	0.000000	0.000000
51	tsk_51	(x)	1	:	0.000000	0.499959	0.000000	0.000000	0.000000	0.000000	0.496591	0.003149	0.000301
52	tsk_52	(x)	1	:	0.398745	0.000000	0.000000	0.000000	0.000000	0.000000	0.000000	0.060255	0.541000
53	tsk_53	(x)	1	:	0.485419	0.000000	0.000000	0.000000	0.000000	0.000000	0.514581	0.000000	0.000000
54	tsk_54	(x)	1	:	1.000000	0.000000	0.000000	0.000000	0.000000	0.000000	0.000000	0.000000	0.000000
55	tsk_55	(x)	1	:	0.000000	0.000000	0.000000	0.000000	0.000000	0.000000	0.497334	0.436751	0.065915
56	tsk_56	(x)	1	:	0.398745	0.000000	0.000000	0.000000	0.000000	0.000000	0.000000	0.176221	0.425033
57	tsk_57	(x)	1	:	0.000000	0.000000	0.000000	0.000000	0.000000	0.000000	1.000000	0.000000	0.000000
58	tsk_58	(x)	1	:	0.373683	0.626316	0.000000	0.000000	0.000000	0.000000	0.000000	0.000000	0.000000
59	tsk_59	(x)	1	:	0.398745	0.000000	0.000000	0.000000	0.000000	0.000000	0.000000	0.245429	0.355826
60	tsk_60	(x)	1	:	0.000000	0.000000	0.000000	0.000000	0.000000	0.000000	1.000000	0.000000	0.000000
61	tsk_61	(x)	1	:	0.000000	0.000000	0.000000	0.000000	0.000000	0.000000	1.000000	0.000000	0.000000
62	tsk_62	(x)	1	:	0.000000	0.000000	0.000000	0.000000	0.000000	0.000000	0.497334	0.359535	0.143131
63	tsk_63	(x)	1	:	0.000000	0.000000	0.000000	0.000000	0.000000	0.000000	0.497334	0.414554	0.088113
64	tsk_64	(x)	1	:	0.000000	0.000000	0.000000	0.000000	0.000000	0.000000	1.000000	0.000000	0.000000
65	tsk_65	(x)	1	:	0.000000	0.000000	0.000000	0.000000	0.000000	0.000000	0.000000	0.234680	0.765320
66	tsk_66	(x)	1	:	0.000000	0.504881	0.000000	0.000000	0.000000	0.000000	0.000000	0.055430	0.439689
67	tsk_67	(x)	1	:	0.000000	0.000000	0.000000	0.000000	0.000000	0.000000	0.000000	0.147224	0.852776
68	tsk_68	(x)	1	:	0.000000	0.000000	0.000000	0.000000	0.000000	0.000000	0.497334	0.434753	0.067913
69	tsk_69	(x)	1	:	0.000000	0.000000	0.000000	0.000000	0.000000	0.000000	0.497334	0.443427	0.059239
70	tsk_70	(x)	1	:	0.000000	0.504881	0.000000	0.000000	0.000000	0.000000	0.000000	0.082337	0.412782
71	tsk_71	(x)	1	:	0.000000	0.000000	0.000000	0.000000	0.000000	0.270147	0.497346	0.162412	0.070095
72	tsk_72	(x)	1	:	0.000000	0.000000	0.000000	0.000000	0.000000	0.295082	0.497357	0.154945	0.052616
73	tsk_73	(x)	1	:	0.000000	0.354135	0.000000	0.000000	0.000000	0.175518	0.470347	0.000000	0.000000
74	tsk_74	(x)	1	:	0.000000	0.000000	0.000000	0.425785	0.000000	0.000000	0.000000	0.021034	0.553180
75	tsk_75	(x)	1	:	0.000000	0.505189	0.000000	0.000000	0.000000	0.294778	0.000000	0.000000	0.200033
76	tsk_76	(x)	1	:	0.000000	0.000000	0.000000	0.000000	0.000000	0.295082	0.497357	0.160645	0.046916
77	tsk_77	(x)	1	:	0.000000	0.499990	0.000000	0.000000	0.000000	0.000000	0.496596	0.003071	0.000343
78	tsk_78	(x)	1	:	0.000000	0.000000	0.000000	0.000000	0.000000	0.295082	0.497357	0.157984	0.049577
79	tsk_79	(x)	1	:	0.000000	0.000000	0.000000	0.000000	0.000000	0.270147	0.497346	0.189835	0.042672
80	tsk_80	(x)	1	:	0.000000	0.000000	0.000000	0.000000	0.506509	0.000000	0.493491	0.000000	0.000000
81	tsk_81	(x)	1	:	0.000000	0.000000	0.000000	0.000000	0.498430	0.000000	0.000000	0.445897	0.055673
82	tsk_82	(x)	1	:	0.000000	0.000000	0.000000	0.000000	0.498430	0.000000	0.000000	0.459094	0.042477
83	tsk_83	(x)	1	:	0.000000	0.000000	0.000000	0.000000	0.498430	0.000000	0.000000	0.408753	0.092817
84	tsk_84	(x)	1	:	0.000000	0.000000	0.000000	0.000000	0.000000	0.000000	1.000000	0.000000	0.000000
85	tsk_85	(x)	1	:	0.000000	0.000000	0.000000	0.000000	0.402524	0.000000	0.597476	0.000000	0.000000
86	tsk_86	(x)	1	:	0.000000	0.000000	0.000000	0.000000	1.000000	0.000000	0.000000	0.000000	0.000000
87	tsk_87	(x)	1	:	0.000000	0.000000	0.000000	0.000000	0.498430	0.000000	0.000000	0.427795	0.073775
88	tsk_88	(x)	1	:	0.000000	0.000000	0.000000	0.000000	0.506509	0.000000	0.493491	0.000000	0.000000
89	tsk_89	(x)	1	:	0.000000	0.000000	0.000000	0.000000	0.498430	0.000000	0.000000	0.356797	0.144773
90	tsk_90	(x)	1	:	0.000000	0.501800	0.000000	0.491440	0.000000	0.000000	0.000000	0.000000	0.006760
91	tsk_91	(x)	1	:	0.000000	0.501579	0.000000	0.491315	0.000000	0.000000	0.000000	0.000000	0.007106
92	tsk_92	(x)	1	:	0.000000	0.475007	0.000000	0.000000	0.000000	0.000000	0.524846	0.000141	0.000005
93	tsk_93	(x)	1	:	0.000000	0.000000	0.000000	0.493317	0.000000	0.000000	0.000000	0.030441	0.476243
94	tsk_94	(x)	1	:	0.000000	0.000000	0.000000	1.000000	0.000000	0.000000	0.000000	0.000000	0.000000
95	tsk_95	(x)	1	:	0.312070	0.687930	0.000000	0.000000	0.000000	0.000000	0.000000	0.000000	0.000000
96	tsk_96	(x)	1	:	0.000000	0.000000	0.000000	1.000000	0.000000	0.000000	0.000000	0.000000	0.000000
97	tsk_97	(x)	1	:	0.000000	0.000000	0.000000	0.493317	0.000000	0.000000	0.000000	0.011404	0.495279
98	tsk_98	(x)	1	:	0.000000	0.501678	0.000000	0.491371	0.000000	0.000000	0.000000	0.000000	0.006951
99	tsk_99	(x)	1	:	0.000000	0.000000	0.000000	0.493047	0.000000	0.000000	0.497268	0.002328	0.007357
