logL = -802.831911 (converged)
AIC = 3517.663822
BIC = 6008.206520

count.K
18 6 6 22 2 0 4 42 

