0	tsk_0	(x)	1	:	0.000000	0.000000	0.000000	0.000000	0.167782	0.000000	0.000000	0.447662	0.000000	0.384556
1	tsk_1	(x)	1	:	0.000000	0.000000	0.000000	0.000000	0.476553	0.000000	0.000000	0.368669	0.000000	0.154778
2	tsk_2	(x)	1	:	0.000000	0.000000	0.000000	0.000000	0.310791	0.000000	0.000000	0.327748	0.000000	0.361461
3	tsk_3	(x)	1	:	0.000000	0.000000	0.000000	0.000000	0.379871	0.000000	0.000000	0.333782	0.000000	0.286346
4	tsk_4	(x)	1	:	0.000000	0.000000	0.000011	0.452741	0.293642	0.000000	0.000000	0.097773	0.000000	0.155833
5	tsk_5	(x)	1	:	0.490991	0.000000	0.000000	0.000000	0.231465	0.000000	0.000000	0.111115	0.000000	0.166428
6	tsk_6	(x)	1	:	0.490991	0.000000	0.000002	0.000000	0.302396	0.000000	0.000000	0.024296	0.000000	0.182315
7	tsk_7	(x)	1	:	0.000000	0.000000	0.000000	0.000000	0.299599	0.000000	0.000000	0.459164	0.000000	0.241237
8	tsk_8	(x)	1	:	0.000000	0.000000	0.000000	0.000000	0.368575	0.000000	0.000000	0.324784	0.000000	0.306640
9	tsk_9	(x)	1	:	0.000000	0.000000	0.000000	0.000000	0.284211	0.000000	0.000000	0.438620	0.000000	0.277169
10	tsk_10	(x)	1	:	0.000000	0.000000	0.000000	0.000000	0.286630	0.000000	0.000000	0.454481	0.000000	0.258890
11	tsk_11	(x)	1	:	0.000000	0.000000	0.000000	0.000000	0.539753	0.000000	0.000000	0.265112	0.000000	0.195136
12	tsk_12	(x)	1	:	0.000000	0.000000	0.000000	0.000000	0.260253	0.000000	0.000000	0.457817	0.000000	0.281930
13	tsk_13	(x)	1	:	0.000000	0.000000	0.000000	0.000000	0.533393	0.000000	0.000000	0.294239	0.000000	0.172368
14	tsk_14	(x)	1	:	0.000000	0.000000	0.000000	0.000000	0.395488	0.000000	0.000000	0.348561	0.000000	0.255950
15	tsk_15	(x)	1	:	0.000000	0.000000	0.000000	0.000000	0.354777	0.000000	0.000000	0.471665	0.000000	0.173558
16	tsk_16	(x)	1	:	0.000000	0.000000	0.000000	0.000000	0.152918	0.000000	0.000000	0.601369	0.000000	0.245712
17	tsk_17	(x)	1	:	0.000000	0.000000	0.000000	0.000000	0.405300	0.000000	0.000000	0.419106	0.000000	0.175593
18	tsk_18	(x)	1	:	0.000000	0.000000	0.000000	0.000000	0.452057	0.000000	0.000000	0.170784	0.000000	0.377159
19	tsk_19	(x)	1	:	0.000000	0.000000	0.000000	0.000000	0.412154	0.000000	0.000000	0.364700	0.000000	0.223145
20	tsk_20	(x)	1	:	0.000000	0.000000	0.000000	0.000000	0.000000	0.000000	0.498914	0.000000	0.500962	0.000124
21	tsk_21	(x)	1	:	0.000000	0.000000	0.000000	0.000000	0.000000	0.000000	0.498880	0.000000	0.500739	0.000381
22	tsk_22	(x)	1	:	0.000000	0.000000	0.000000	0.000000	0.081442	0.000000	0.000000	0.242472	0.500000	0.176086
23	tsk_23	(x)	1	:	0.000000	0.000000	0.000000	0.000000	0.120976	0.000000	0.000000	0.161987	0.500000	0.217037
24	tsk_24	(x)	1	:	0.552003	0.000000	0.000000	0.000000	0.000000	0.000000	0.447997	0.000000	0.000000	0.000000
25	tsk_25	(x)	1	:	0.000000	0.000000	0.000000	1.000000	0.000000	0.000000	0.000000	0.000000	0.000000	0.000000
26	tsk_26	(x)	1	:	0.000000	0.000000	0.000000	0.445927	0.012192	0.000000	0.000000	0.023914	0.496594	0.021373
27	tsk_27	(x)	1	:	0.000000	0.000000	0.000000	0.000000	0.498596	0.000000	0.000000	0.315580	0.000000	0.185824
28	tsk_28	(x)	1	:	0.000000	0.000000	0.000004	0.452739	0.266392	0.000000	0.000000	0.183393	0.000000	0.097472
29	tsk_29	(x)	1	:	0.492608	0.000000	0.000000	0.000000	0.000445	0.000000	0.000000	0.001029	0.505087	0.000831
30	tsk_30	(x)	1	:	0.000000	0.000000	0.000000	0.000000	0.424764	0.000000	0.000000	0.299786	0.000000	0.275450
31	tsk_31	(x)	1	:	0.000000	0.000000	0.000000	0.000000	0.131827	0.000000	0.000000	0.224332	0.500000	0.143841
32	tsk_32	(x)	1	:	0.000000	0.000000	0.000000	0.000000	0.463158	0.000000	0.000000	0.338272	0.000000	0.198570
33	tsk_33	(x)	1	:	0.000000	0.000000	0.000000	0.000000	0.049668	0.896037	0.000000	0.032932	0.000000	0.021363
34	tsk_34	(x)	1	:	0.000000	0.292058	0.000000	0.000000	0.177147	0.000000	0.000000	0.362669	0.000000	0.168126
35	tsk_35	(x)	1	:	0.000000	0.292058	0.000000	0.000000	0.205773	0.000000	0.000000	0.204843	0.000000	0.297326
36	tsk_36	(x)	1	:	0.000000	0.000000	0.000000	0.000000	0.297835	0.317697	0.000000	0.194477	0.000000	0.189991
37	tsk_37	(x)	1	:	0.000000	0.000000	0.000000	0.000000	0.448488	0.000000	0.000000	0.297051	0.000000	0.254461
38	tsk_38	(x)	1	:	0.000000	0.000000	0.000000	0.000000	0.565631	0.000000	0.000000	0.249715	0.000000	0.184654
39	tsk_39	(x)	1	:	0.000000	0.000000	0.000000	0.000000	0.504674	0.000000	0.000000	0.221968	0.000000	0.273358
40	tsk_40	(x)	1	:	0.000000	0.000000	0.000000	0.000000	0.364145	0.000000	0.000000	0.448123	0.000000	0.187731
41	tsk_41	(x)	1	:	0.000000	0.000000	0.000000	0.000000	0.498036	0.000000	0.000000	0.072441	0.000000	0.429523
42	tsk_42	(x)	1	:	0.000000	0.000000	0.000000	0.000000	0.404355	0.000000	0.000000	0.408238	0.000000	0.187407
43	tsk_43	(x)	1	:	0.000000	0.000000	0.997368	0.000000	0.001980	0.000000	0.000000	0.000266	0.000000	0.000387
44	tsk_44	(x)	1	:	0.000000	0.000000	0.997253	0.000000	0.001513	0.000000	0.000000	0.000388	0.000000	0.000846
45	tsk_45	(x)	1	:	0.000000	0.000000	0.000000	0.000000	0.000000	0.000000	0.000000	0.000000	1.000000	0.000000
46	tsk_46	(x)	1	:	0.000000	0.000000	0.997121	0.000000	0.001789	0.000000	0.000000	0.000633	0.000000	0.000457
47	tsk_47	(x)	1	:	0.000000	0.000000	0.000000	0.000000	0.352878	0.000000	0.000000	0.416981	0.000000	0.230141
48	tsk_48	(x)	1	:	0.000000	0.000000	0.000000	0.000000	0.574079	0.000000	0.000000	0.324185	0.000000	0.101736
49	tsk_49	(x)	1	:	0.000000	0.000000	0.000005	0.000000	0.152912	0.000000	0.529251	0.057888	0.000000	0.259944
50	tsk_50	(x)	1	:	0.000000	0.607964	0.000000	0.000000	0.115910	0.000000	0.000000	0.209754	0.000000	0.066371
51	tsk_51	(x)	1	:	0.000000	0.000000	0.000000	0.000000	0.080858	0.697096	0.000000	0.087368	0.000000	0.134678
52	tsk_52	(x)	1	:	0.000000	0.000000	0.000000	0.000000	0.118244	0.000000	0.000000	0.300378	0.500000	0.081378
53	tsk_53	(x)	1	:	0.000000	0.000000	0.000000	0.000000	0.021902	0.257148	0.000000	0.038452	0.499992	0.182506
54	tsk_54	(x)	1	:	0.000000	0.000000	0.000000	0.000000	0.000041	0.520374	0.000000	0.000335	0.479011	0.000238
55	tsk_55	(x)	1	:	0.000000	0.000000	0.000000	0.000000	0.000000	0.000000	0.000000	0.000000	1.000000	0.000000
56	tsk_56	(x)	1	:	0.000000	0.291990	0.000000	0.000000	0.098262	0.257082	0.000000	0.148533	0.000000	0.204133
57	tsk_57	(x)	1	:	0.000000	0.000000	0.000000	0.000000	0.078188	0.697096	0.000000	0.058310	0.000000	0.166405
58	tsk_58	(x)	1	:	0.000000	0.000000	0.000000	0.000000	0.049879	0.257152	0.000000	0.264178	0.000000	0.428791
59	tsk_59	(x)	1	:	0.000000	0.000000	0.000000	0.000000	0.000130	0.520427	0.000000	0.000259	0.479052	0.000132
60	tsk_60	(x)	1	:	0.000000	0.000000	0.000000	0.000000	0.363607	0.000000	0.000000	0.321711	0.000000	0.314682
61	tsk_61	(x)	1	:	0.000000	0.000000	0.000000	0.000000	0.000000	0.000000	1.000000	0.000000	0.000000	0.000000
62	tsk_62	(x)	1	:	0.000000	0.000000	0.000000	0.000000	0.542441	0.000000	0.000000	0.205289	0.000000	0.252270
63	tsk_63	(x)	1	:	0.000000	0.356561	0.000000	0.000000	0.113730	0.317315	0.000000	0.184519	0.000000	0.027875
64	tsk_64	(x)	1	:	0.000000	0.000000	0.000000	0.000000	0.015501	0.317672	0.000000	0.090575	0.499973	0.076278
65	tsk_65	(x)	1	:	0.000000	0.000000	0.000000	0.000000	0.336667	0.000000	0.000000	0.532496	0.000000	0.130837
66	tsk_66	(x)	1	:	0.000000	0.000000	0.000000	0.000000	0.118493	0.000000	0.476903	0.281914	0.000000	0.122690
67	tsk_67	(x)	1	:	0.000000	0.000000	0.000000	0.000000	0.040451	0.000000	0.000000	0.220252	0.500000	0.239297
68	tsk_68	(x)	1	:	0.000678	0.000000	0.000000	0.000000	0.203400	0.000000	0.453918	0.141197	0.000000	0.200808
69	tsk_69	(x)	1	:	0.000265	0.356398	0.000002	0.000000	0.043220	0.000000	0.454086	0.034363	0.000000	0.111666
70	tsk_70	(x)	1	:	0.000000	0.358249	0.000000	0.320748	0.101574	0.000000	0.000000	0.184067	0.000000	0.035362
71	tsk_71	(x)	1	:	0.000000	0.607964	0.000000	0.000000	0.136477	0.000000	0.000000	0.100744	0.000000	0.154814
72	tsk_72	(x)	1	:	0.000000	0.346131	0.000000	0.000000	0.038615	0.000000	0.000000	0.052871	0.493311	0.069072
73	tsk_73	(x)	1	:	0.000000	0.000000	0.000000	0.000000	0.312229	0.000000	0.000000	0.327324	0.000000	0.360447
74	tsk_74	(x)	1	:	0.000000	0.000000	0.000000	0.000000	0.256077	0.000000	0.000000	0.301077	0.000000	0.442846
75	tsk_75	(x)	1	:	0.000000	0.356883	0.000000	0.000000	0.303312	0.000000	0.000000	0.155918	0.000000	0.183887
76	tsk_76	(x)	1	:	0.000000	0.356883	0.000000	0.000000	0.297074	0.000000	0.000000	0.177285	0.000000	0.168757
77	tsk_77	(x)	1	:	0.000000	0.356883	0.000000	0.000000	0.243125	0.000000	0.000000	0.198019	0.000000	0.201973
78	tsk_78	(x)	1	:	0.000000	0.000000	0.000000	0.000000	0.463480	0.000000	0.000000	0.234302	0.000000	0.302218
79	tsk_79	(x)	1	:	0.000000	0.999835	0.000000	0.000000	0.000074	0.000000	0.000000	0.000054	0.000000	0.000037
80	tsk_80	(x)	1	:	0.000000	0.000000	0.000000	0.000000	0.328854	0.000000	0.000000	0.286351	0.000000	0.384795
81	tsk_81	(x)	1	:	0.000000	0.000000	0.000003	0.000000	0.183204	0.000000	0.529251	0.105377	0.000000	0.182166
82	tsk_82	(x)	1	:	0.000000	0.000000	0.000000	0.000000	0.000000	0.000000	1.000000	0.000000	0.000000	0.000000
83	tsk_83	(x)	1	:	0.000000	0.000000	0.000000	0.000000	0.112753	0.000000	0.000000	0.195786	0.500000	0.191460
84	tsk_84	(x)	1	:	0.000000	0.000000	0.000015	0.000000	0.158765	0.000000	0.529251	0.116988	0.000000	0.194982
85	tsk_85	(x)	1	:	0.000000	0.000000	0.000000	0.000000	0.252113	0.000000	0.000000	0.501548	0.000000	0.246339
86	tsk_86	(x)	1	:	0.000000	0.000000	0.000000	0.000000	0.450350	0.000000	0.000000	0.340756	0.000000	0.208894
87	tsk_87	(x)	1	:	0.000000	0.000000	0.000000	0.000000	0.074695	0.000000	0.000000	0.177414	0.500000	0.247891
88	tsk_88	(x)	1	:	0.000000	0.000000	0.000000	0.000000	0.238500	0.000000	0.000000	0.528350	0.000000	0.233150
89	tsk_89	(x)	1	:	0.000000	0.000000	0.000014	0.000000	0.139022	0.000000	0.529251	0.117061	0.000000	0.214652
90	tsk_90	(x)	1	:	0.000000	0.000000	0.000000	0.000000	0.210232	0.000000	0.000000	0.182316	0.500000	0.107453
91	tsk_91	(x)	1	:	0.000000	0.291409	0.000000	0.000000	0.049226	0.000000	0.000000	0.083704	0.499414	0.076247
92	tsk_92	(x)	1	:	0.000000	0.356472	0.000000	0.000000	0.155740	0.317239	0.000000	0.000000	0.000000	0.170549
93	tsk_93	(x)	1	:	0.000000	0.291936	0.000000	0.000000	0.069927	0.317512	0.000000	0.260467	0.000000	0.060158
94	tsk_94	(x)	1	:	0.000000	0.000000	0.000000	0.000000	0.354025	0.317697	0.000000	0.226248	0.000000	0.102031
95	tsk_95	(x)	1	:	0.000000	0.000000	0.000000	0.000000	0.477356	0.000000	0.000000	0.368344	0.000000	0.154300
96	tsk_96	(x)	1	:	0.000000	0.000000	0.000000	0.000000	0.179767	0.000000	0.000000	0.102945	0.500000	0.217288
97	tsk_97	(x)	1	:	0.000000	0.000000	0.000000	0.000000	0.107417	0.000000	0.000000	0.217513	0.500000	0.175070
98	tsk_98	(x)	1	:	0.000000	0.356883	0.000000	0.000000	0.221302	0.000000	0.000000	0.156264	0.000000	0.265551
99	tsk_99	(x)	1	:	0.000000	0.292058	0.000000	0.000000	0.292292	0.000000	0.000000	0.222050	0.000000	0.193600
