logL = -808.807472 (converged)
AIC = 2167.614944
BIC = 2884.036745

count.K
38 29 33 

