logL = -1508.496357 (converged)
AIC = 3316.992713
BIC = 3707.768241

count.K
36 64 

