logL = -531.033067 (converged)
AIC = 3282.066133
BIC = 6173.805040

count.K
12 26 4 2 3 0 20 12 16 5 

