logL = -679.935254 (converged)
AIC = 3207.870507
BIC = 5615.047759

count.K
30 20 4 14 14 3 12 3 

