0	tsk_0	(x)	1	:	0.006064	0.000000	0.498273	0.000000	0.000002	0.495661	0.000000	0.000000	0.000000
1	tsk_1	(x)	1	:	0.000000	0.000000	0.000000	0.000000	0.000000	1.000000	0.000000	0.000000	0.000000
2	tsk_2	(x)	1	:	0.082859	0.000000	0.000000	0.000000	0.416869	0.500271	0.000000	0.000000	0.000000
3	tsk_3	(x)	1	:	0.005177	0.000000	0.498525	0.000000	0.000001	0.496297	0.000000	0.000000	0.000000
4	tsk_4	(x)	1	:	0.000000	0.000000	0.000000	0.000000	0.000000	1.000000	0.000000	0.000000	0.000000
5	tsk_5	(x)	1	:	0.002859	0.000000	0.499184	0.000000	0.000000	0.497956	0.000000	0.000000	0.000000
6	tsk_6	(x)	1	:	0.006105	0.000000	0.498262	0.000000	0.000001	0.495632	0.000000	0.000000	0.000000
7	tsk_7	(x)	1	:	0.000000	0.000000	0.000000	0.000000	0.000000	1.000000	0.000000	0.000000	0.000000
8	tsk_8	(x)	1	:	0.000000	0.000000	1.000000	0.000000	0.000000	0.000000	0.000000	0.000000	0.000000
9	tsk_9	(x)	1	:	0.000000	0.000000	0.000000	0.000000	0.000000	1.000000	0.000000	0.000000	0.000000
10	tsk_10	(x)	1	:	0.500000	0.000000	0.000000	0.000000	0.000000	0.500000	0.000000	0.000000	0.000000
11	tsk_11	(x)	1	:	0.000619	0.000000	0.000000	0.000000	0.000000	0.485071	0.514310	0.000000	0.000000
12	tsk_12	(x)	1	:	0.500000	0.000000	0.000000	0.000000	0.000000	0.000000	0.000000	0.500000	0.000000
13	tsk_13	(x)	1	:	0.203058	0.278091	0.000000	0.000000	0.000004	0.000000	0.518847	0.000000	0.000000
14	tsk_14	(x)	1	:	0.500000	0.000000	0.000000	0.000000	0.000000	0.000000	0.000000	0.500000	0.000000
15	tsk_15	(x)	1	:	0.481154	0.000000	0.000000	0.000000	0.000010	0.000000	0.518836	0.000000	0.000000
16	tsk_16	(x)	1	:	0.000683	0.000000	0.000000	0.000000	0.000000	0.485021	0.514295	0.000000	0.000000
17	tsk_17	(x)	1	:	0.500000	0.000000	0.000000	0.000000	0.000000	0.500000	0.000000	0.000000	0.000000
18	tsk_18	(x)	1	:	0.233126	0.248029	0.000000	0.000000	0.000001	0.000000	0.518844	0.000000	0.000000
19	tsk_19	(x)	1	:	1.000000	0.000000	0.000000	0.000000	0.000000	0.000000	0.000000	0.000000	0.000000
20	tsk_20	(x)	1	:	0.064422	0.935578	0.000000	0.000000	0.000000	0.000000	0.000000	0.000000	0.000000
21	tsk_21	(x)	1	:	0.082794	0.000000	0.000000	0.000000	0.416912	0.500293	0.000000	0.000000	0.000000
22	tsk_22	(x)	1	:	0.214212	0.785788	0.000000	0.000000	0.000000	0.000000	0.000000	0.000000	0.000000
23	tsk_23	(x)	1	:	0.000492	0.522122	0.000000	0.000000	0.000000	0.477386	0.000000	0.000000	0.000000
24	tsk_24	(x)	1	:	0.014119	0.000000	0.000000	0.000000	0.000000	0.495323	0.000000	0.490558	0.000000
25	tsk_25	(x)	1	:	0.127525	0.455296	0.000000	0.000000	0.417179	0.000000	0.000000	0.000000	0.000000
26	tsk_26	(x)	1	:	0.082790	0.000000	0.000000	0.000000	0.416915	0.500295	0.000000	0.000000	0.000000
27	tsk_27	(x)	1	:	0.000000	0.000000	0.000000	0.000000	0.478292	0.000000	0.000000	0.000000	0.521708
28	tsk_28	(x)	1	:	0.000007	0.511622	0.000000	0.000000	0.000017	0.000000	0.000000	0.000000	0.488354
29	tsk_29	(x)	1	:	0.214211	0.785788	0.000000	0.000000	0.000000	0.000000	0.000000	0.000000	0.000000
30	tsk_30	(x)	1	:	0.000000	0.000000	1.000000	0.000000	0.000000	0.000000	0.000000	0.000000	0.000000
31	tsk_31	(x)	1	:	0.000000	0.000000	1.000000	0.000000	0.000000	0.000000	0.000000	0.000000	0.000000
32	tsk_32	(x)	1	:	0.000030	0.000000	0.521711	0.000000	0.478259	0.000000	0.000000	0.000000	0.000000
33	tsk_33	(x)	1	:	0.000006	0.000000	0.521709	0.000000	0.478285	0.000000	0.000000	0.000000	0.000000
34	tsk_34	(x)	1	:	0.000014	0.000000	0.521710	0.000000	0.478276	0.000000	0.000000	0.000000	0.000000
35	tsk_35	(x)	1	:	0.221587	0.278223	0.000000	0.000000	0.000000	0.000000	0.000000	0.500190	0.000000
36	tsk_36	(x)	1	:	0.000012	0.000000	0.521709	0.000000	0.478279	0.000000	0.000000	0.000000	0.000000
37	tsk_37	(x)	1	:	0.000010	0.000000	0.000000	0.000000	0.999990	0.000000	0.000000	0.000000	0.000000
38	tsk_38	(x)	1	:	0.000015	0.000000	0.000000	0.000000	0.999985	0.000000	0.000000	0.000000	0.000000
39	tsk_39	(x)	1	:	0.583650	0.000000	0.000000	0.000000	0.416350	0.000000	0.000000	0.000000	0.000000
40	tsk_40	(x)	1	:	0.499714	0.000000	0.000000	0.000000	0.000348	0.000000	0.000000	0.000000	0.499938
41	tsk_41	(x)	1	:	0.438842	0.561158	0.000000	0.000000	0.000000	0.000000	0.000000	0.000000	0.000000
42	tsk_42	(x)	1	:	0.113566	0.562012	0.000000	0.324422	0.000000	0.000000	0.000000	0.000000	0.000000
43	tsk_43	(x)	1	:	0.438842	0.561158	0.000000	0.000000	0.000000	0.000000	0.000000	0.000000	0.000000
44	tsk_44	(x)	1	:	0.000000	0.000000	0.000000	0.000000	0.000000	0.000000	0.000000	0.000000	1.000000
45	tsk_45	(x)	1	:	0.499740	0.000000	0.000000	0.000000	0.000316	0.000000	0.000000	0.000000	0.499943
46	tsk_46	(x)	1	:	0.000000	0.000000	0.000000	0.000000	0.000000	0.000000	0.000000	0.000000	1.000000
47	tsk_47	(x)	1	:	0.499957	0.000000	0.499991	0.000000	0.000053	0.000000	0.000000	0.000000	0.000000
48	tsk_48	(x)	1	:	0.499711	0.000000	0.000000	0.000000	0.000352	0.000000	0.000000	0.000000	0.499937
49	tsk_49	(x)	1	:	0.545165	0.454835	0.000000	0.000000	0.000000	0.000000	0.000000	0.000000	0.000000
50	tsk_50	(x)	1	:	0.499974	0.000000	0.499994	0.000000	0.000032	0.000000	0.000000	0.000000	0.000000
51	tsk_51	(x)	1	:	0.024686	0.470095	0.000000	0.000000	0.000451	0.000000	0.000000	0.000000	0.504768
52	tsk_52	(x)	1	:	0.000007	0.000000	0.521709	0.000000	0.478285	0.000000	0.000000	0.000000	0.000000
53	tsk_53	(x)	1	:	0.276545	0.723455	0.000000	0.000000	0.000000	0.000000	0.000000	0.000000	0.000000
54	tsk_54	(x)	1	:	0.000001	0.000000	0.000000	0.000000	0.478291	0.000000	0.000000	0.000000	0.521708
55	tsk_55	(x)	1	:	0.029593	0.466436	0.000000	0.000000	0.000339	0.000000	0.000000	0.000000	0.503632
56	tsk_56	(x)	1	:	0.721847	0.278153	0.000000	0.000000	0.000000	0.000000	0.000000	0.000000	0.000000
57	tsk_57	(x)	1	:	0.221751	0.278212	0.000000	0.000000	0.000000	0.000000	0.000000	0.000000	0.500036
58	tsk_58	(x)	1	:	1.000000	0.000000	0.000000	0.000000	0.000000	0.000000	0.000000	0.000000	0.000000
59	tsk_59	(x)	1	:	1.000000	0.000000	0.000000	0.000000	0.000000	0.000000	0.000000	0.000000	0.000000
60	tsk_60	(x)	1	:	0.023335	0.000000	0.501633	0.475032	0.000000	0.000000	0.000000	0.000000	0.000000
61	tsk_61	(x)	1	:	0.000000	0.371286	0.000000	0.000000	0.352663	0.000000	0.000000	0.276052	0.000000
62	tsk_62	(x)	1	:	0.000000	0.000000	0.358412	0.000000	0.379656	0.000000	0.000000	0.261931	0.000000
63	tsk_63	(x)	1	:	0.035993	0.000000	0.000000	0.000000	0.473640	0.000000	0.000000	0.490367	0.000000
64	tsk_64	(x)	1	:	0.027918	0.000000	0.500876	0.471206	0.000000	0.000000	0.000000	0.000000	0.000000
65	tsk_65	(x)	1	:	0.000053	0.511596	0.488351	0.000000	0.000001	0.000000	0.000000	0.000000	0.000000
66	tsk_66	(x)	1	:	0.019210	0.000000	0.502320	0.478470	0.000000	0.000000	0.000000	0.000000	0.000000
67	tsk_67	(x)	1	:	0.000000	0.000000	1.000000	0.000000	0.000000	0.000000	0.000000	0.000000	0.000000
68	tsk_68	(x)	1	:	0.000000	0.000000	0.000000	1.000000	0.000000	0.000000	0.000000	0.000000	0.000000
69	tsk_69	(x)	1	:	0.000000	0.000000	0.000000	1.000000	0.000000	0.000000	0.000000	0.000000	0.000000
70	tsk_70	(x)	1	:	1.000000	0.000000	0.000000	0.000000	0.000000	0.000000	0.000000	0.000000	0.000000
71	tsk_71	(x)	1	:	1.000000	0.000000	0.000000	0.000000	0.000000	0.000000	0.000000	0.000000	0.000000
72	tsk_72	(x)	1	:	1.000000	0.000000	0.000000	0.000000	0.000000	0.000000	0.000000	0.000000	0.000000
73	tsk_73	(x)	1	:	0.000000	0.000000	0.000000	0.000000	0.000000	0.000000	0.534616	0.000000	0.465384
74	tsk_74	(x)	1	:	0.221781	0.278189	0.000000	0.000000	0.000000	0.000000	0.000000	0.000000	0.500031
75	tsk_75	(x)	1	:	0.499765	0.000000	0.000000	0.000000	0.000287	0.000000	0.000000	0.000000	0.499949
76	tsk_76	(x)	1	:	0.221732	0.278219	0.500036	0.000000	0.000013	0.000000	0.000000	0.000000	0.000000
77	tsk_77	(x)	1	:	0.481114	0.000000	0.000000	0.000000	0.000056	0.000000	0.518830	0.000000	0.000000
78	tsk_78	(x)	1	:	0.000000	0.000000	0.000000	0.000000	0.000000	0.000000	0.534616	0.000000	0.465384
79	tsk_79	(x)	1	:	0.000000	0.000000	0.000000	0.000000	0.000000	0.000000	1.000000	0.000000	0.000000
80	tsk_80	(x)	1	:	0.001305	0.532017	0.000000	0.000000	0.000000	0.000000	0.000000	0.466678	0.000000
81	tsk_81	(x)	1	:	0.014800	0.000000	0.000000	0.000000	0.000000	0.495099	0.000000	0.490101	0.000000
82	tsk_82	(x)	1	:	0.082161	0.000000	0.000000	0.000000	0.417058	0.000000	0.000000	0.500781	0.000000
83	tsk_83	(x)	1	:	0.500000	0.000000	0.000000	0.000000	0.000000	0.000000	0.000000	0.500000	0.000000
84	tsk_84	(x)	1	:	0.000000	1.000000	0.000000	0.000000	0.000000	0.000000	0.000000	0.000000	0.000000
85	tsk_85	(x)	1	:	0.001706	0.531835	0.000000	0.000000	0.000000	0.000000	0.000000	0.466459	0.000000
86	tsk_86	(x)	1	:	0.000000	0.000000	0.000000	0.000000	0.000000	0.000000	0.000000	1.000000	0.000000
87	tsk_87	(x)	1	:	0.015080	0.000000	0.000000	0.000000	0.000000	0.495007	0.000000	0.489913	0.000000
88	tsk_88	(x)	1	:	0.000000	0.000000	0.000000	0.000000	0.000000	0.000000	0.000000	1.000000	0.000000
89	tsk_89	(x)	1	:	0.002166	0.000000	0.000000	0.000000	0.000040	0.498429	0.000000	0.000000	0.499365
90	tsk_90	(x)	1	:	0.000000	0.000000	0.573459	0.000000	0.000000	0.000000	0.426540	0.000000	0.000001
91	tsk_91	(x)	1	:	0.033017	0.000000	0.000001	0.000000	0.000310	0.000000	0.462207	0.504454	0.000011
92	tsk_92	(x)	1	:	0.000000	0.000000	0.000000	0.000000	0.000000	0.000000	1.000000	0.000000	0.000000
93	tsk_93	(x)	1	:	0.002780	0.000000	0.000000	0.000000	0.000001	0.000000	0.515999	0.481221	0.000000
94	tsk_94	(x)	1	:	0.497504	0.000000	0.000000	0.000000	0.000056	0.000000	0.502440	0.000000	0.000000
95	tsk_95	(x)	1	:	0.009759	0.000000	0.498391	0.000000	0.000001	0.000000	0.000000	0.491849	0.000000
96	tsk_96	(x)	1	:	0.000000	0.000000	0.465384	0.000000	0.000000	0.000000	0.534616	0.000000	0.000000
97	tsk_97	(x)	1	:	0.000000	0.000000	0.000000	0.000000	0.000000	0.000000	1.000000	0.000000	0.000000
98	tsk_98	(x)	1	:	0.000000	0.000000	0.000000	0.000000	0.000000	0.000000	1.000000	0.000000	0.000000
99	tsk_99	(x)	1	:	0.000000	0.000000	0.000000	0.000000	0.000000	0.000000	0.000000	1.000000	0.000000
