logL = -1377.011545 (converged)
AIC = 4444.023090
BIC = 6645.391897

count.K
15 5 16 25 17 10 12 

