logL = -528.043061 (converged)
AIC = 2606.086123
BIC = 4625.093017

count.K
5 10 39 3 2 2 39 

