0	tsk_0	(x)	1	:	0.000000	0.000000	0.000000	0.446220	0.000000	0.553758	0.000022
1	tsk_1	(x)	1	:	0.515586	0.000004	0.000000	0.484410	0.000000	0.000000	0.000000
2	tsk_2	(x)	1	:	0.000000	0.449682	0.000000	0.000000	0.000000	0.550269	0.000049
3	tsk_3	(x)	1	:	0.503375	0.496625	0.000000	0.000000	0.000000	0.000000	0.000000
4	tsk_4	(x)	1	:	0.000000	1.000000	0.000000	0.000000	0.000000	0.000000	0.000000
5	tsk_5	(x)	1	:	0.000000	0.412735	0.000000	0.587265	0.000000	0.000000	0.000000
6	tsk_6	(x)	1	:	0.000000	1.000000	0.000000	0.000000	0.000000	0.000000	0.000000
7	tsk_7	(x)	1	:	1.000000	0.000000	0.000000	0.000000	0.000000	0.000000	0.000000
8	tsk_8	(x)	1	:	0.000000	0.464981	0.000000	0.000000	0.535019	0.000000	0.000000
9	tsk_9	(x)	1	:	0.000000	1.000000	0.000000	0.000000	0.000000	0.000000	0.000000
10	tsk_10	(x)	1	:	1.000000	0.000000	0.000000	0.000000	0.000000	0.000000	0.000000
11	tsk_11	(x)	1	:	1.000000	0.000000	0.000000	0.000000	0.000000	0.000000	0.000000
12	tsk_12	(x)	1	:	1.000000	0.000000	0.000000	0.000000	0.000000	0.000000	0.000000
13	tsk_13	(x)	1	:	1.000000	0.000000	0.000000	0.000000	0.000000	0.000000	0.000000
14	tsk_14	(x)	1	:	0.000000	0.000000	0.000000	0.000000	1.000000	0.000000	0.000000
15	tsk_15	(x)	1	:	0.412209	0.000000	0.000000	0.000000	0.587791	0.000000	0.000000
16	tsk_16	(x)	1	:	0.486395	0.000000	0.513604	0.000000	0.000000	0.000000	0.000000
17	tsk_17	(x)	1	:	1.000000	0.000000	0.000000	0.000000	0.000000	0.000000	0.000000
18	tsk_18	(x)	1	:	0.486395	0.000000	0.513604	0.000000	0.000000	0.000000	0.000000
19	tsk_19	(x)	1	:	0.377998	0.000000	0.000000	0.000000	0.622002	0.000000	0.000000
20	tsk_20	(x)	1	:	0.000000	1.000000	0.000000	0.000000	0.000000	0.000000	0.000000
21	tsk_21	(x)	1	:	0.000005	0.526837	0.473158	0.000000	0.000000	0.000000	0.000000
22	tsk_22	(x)	1	:	0.503375	0.496625	0.000000	0.000000	0.000000	0.000000	0.000000
23	tsk_23	(x)	1	:	0.000007	0.526836	0.473158	0.000000	0.000000	0.000000	0.000000
24	tsk_24	(x)	1	:	0.000000	0.559649	0.000000	0.440350	0.000000	0.000000	0.000000
25	tsk_25	(x)	1	:	0.000000	1.000000	0.000000	0.000000	0.000000	0.000000	0.000000
26	tsk_26	(x)	1	:	0.503375	0.496625	0.000000	0.000000	0.000000	0.000000	0.000000
27	tsk_27	(x)	1	:	0.001532	0.591376	0.000000	0.000000	0.407091	0.000000	0.000001
28	tsk_28	(x)	1	:	0.503375	0.496625	0.000000	0.000000	0.000000	0.000000	0.000000
29	tsk_29	(x)	1	:	0.528611	0.000010	0.471378	0.000000	0.000000	0.000000	0.000000
30	tsk_30	(x)	1	:	0.000000	0.000000	0.000000	0.578623	0.000000	0.000009	0.421368
31	tsk_31	(x)	1	:	0.000000	0.000000	0.000000	0.578623	0.000000	0.000006	0.421371
32	tsk_32	(x)	1	:	0.000000	0.000000	0.000000	0.534061	0.465939	0.000000	0.000000
33	tsk_33	(x)	1	:	0.607372	0.392628	0.000000	0.000000	0.000000	0.000000	0.000000
34	tsk_34	(x)	1	:	0.000000	0.000000	0.000000	0.000000	0.528669	0.000009	0.471322
35	tsk_35	(x)	1	:	0.000000	0.412735	0.000000	0.587265	0.000000	0.000000	0.000000
36	tsk_36	(x)	1	:	0.000000	0.463060	0.000000	0.000000	0.536940	0.000000	0.000000
37	tsk_37	(x)	1	:	0.000001	0.488765	0.000000	0.000000	0.000000	0.451877	0.059357
38	tsk_38	(x)	1	:	0.546678	0.000000	0.000000	0.000000	0.000000	0.436479	0.016842
39	tsk_39	(x)	1	:	0.000000	0.000000	0.000000	0.000000	0.530781	0.457437	0.011782
40	tsk_40	(x)	1	:	0.000000	0.000000	0.493184	0.506816	0.000000	0.000000	0.000000
41	tsk_41	(x)	1	:	0.000000	0.000000	0.000000	0.000000	0.000000	0.000016	0.999984
42	tsk_42	(x)	1	:	0.000000	0.000000	0.000000	0.000000	0.000000	0.000017	0.999983
43	tsk_43	(x)	1	:	0.000000	0.000000	1.000000	0.000000	0.000000	0.000000	0.000000
44	tsk_44	(x)	1	:	0.000000	0.000000	0.529943	0.000000	0.000000	0.000010	0.470047
45	tsk_45	(x)	1	:	0.000000	0.000000	0.000000	0.000000	0.000000	0.000016	0.999984
46	tsk_46	(x)	1	:	0.000006	0.514207	0.000000	0.485787	0.000000	0.000000	0.000000
47	tsk_47	(x)	1	:	0.000000	0.000000	0.000000	0.475251	0.000000	0.000007	0.524741
48	tsk_48	(x)	1	:	0.000000	0.000000	0.000000	0.000000	0.000000	0.000017	0.999983
49	tsk_49	(x)	1	:	0.000000	0.000000	0.459637	0.000000	0.000000	0.000012	0.540351
50	tsk_50	(x)	1	:	0.612989	0.000000	0.000000	0.000000	0.387011	0.000000	0.000000
51	tsk_51	(x)	1	:	0.000000	0.432268	0.000000	0.000000	0.000000	0.000000	0.567732
52	tsk_52	(x)	1	:	0.000000	0.000000	0.000000	0.000000	1.000000	0.000000	0.000000
53	tsk_53	(x)	1	:	0.000000	0.000000	0.632403	0.000000	0.367597	0.000000	0.000000
54	tsk_54	(x)	1	:	0.488674	0.000002	0.000000	0.000000	0.000000	0.000008	0.511316
55	tsk_55	(x)	1	:	0.000000	0.000000	0.514239	0.000000	0.485761	0.000000	0.000000
56	tsk_56	(x)	1	:	0.000000	0.000000	0.000000	0.000000	0.528670	0.000017	0.471313
57	tsk_57	(x)	1	:	0.000000	0.000000	0.000000	0.424701	0.575299	0.000000	0.000000
58	tsk_58	(x)	1	:	0.000000	0.000000	0.445143	0.000000	0.554857	0.000000	0.000000
59	tsk_59	(x)	1	:	0.000000	0.000000	0.000000	0.000000	0.398781	0.000015	0.601205
60	tsk_60	(x)	1	:	0.413834	0.000000	0.000000	0.586166	0.000000	0.000000	0.000000
61	tsk_61	(x)	1	:	0.000000	1.000000	0.000000	0.000000	0.000000	0.000000	0.000000
62	tsk_62	(x)	1	:	1.000000	0.000000	0.000000	0.000000	0.000000	0.000000	0.000000
63	tsk_63	(x)	1	:	0.570528	0.000000	0.000000	0.000000	0.429472	0.000000	0.000000
64	tsk_64	(x)	1	:	0.000000	1.000000	0.000000	0.000000	0.000000	0.000000	0.000000
65	tsk_65	(x)	1	:	0.498318	0.501682	0.000000	0.000000	0.000000	0.000000	0.000000
66	tsk_66	(x)	1	:	0.488674	0.000001	0.000000	0.000000	0.000000	0.000004	0.511321
67	tsk_67	(x)	1	:	0.000000	0.584787	0.415213	0.000000	0.000000	0.000000	0.000000
68	tsk_68	(x)	1	:	0.498318	0.501682	0.000000	0.000000	0.000000	0.000000	0.000000
69	tsk_69	(x)	1	:	0.000000	0.584787	0.415213	0.000000	0.000000	0.000000	0.000000
70	tsk_70	(x)	1	:	0.000000	0.412735	0.000000	0.587265	0.000000	0.000000	0.000000
71	tsk_71	(x)	1	:	0.000011	0.514203	0.000000	0.485786	0.000000	0.000000	0.000000
72	tsk_72	(x)	1	:	0.000000	0.000000	0.000000	0.000000	0.000000	0.999992	0.000008
73	tsk_73	(x)	1	:	0.000000	0.000000	0.000000	0.000000	0.000000	0.999978	0.000022
74	tsk_74	(x)	1	:	0.000001	0.487862	0.000000	0.000000	0.000000	0.448166	0.063970
75	tsk_75	(x)	1	:	0.000000	0.000000	0.000000	0.000000	0.530251	0.454241	0.015508
76	tsk_76	(x)	1	:	0.000000	0.000000	0.000000	0.000000	0.000000	0.999985	0.000015
77	tsk_77	(x)	1	:	0.000000	0.000000	0.000000	0.000000	0.494180	0.505819	0.000001
78	tsk_78	(x)	1	:	0.000001	0.488352	0.000000	0.000000	0.000000	0.450186	0.061460
79	tsk_79	(x)	1	:	0.000001	0.489014	0.000000	0.000000	0.000000	0.452895	0.058090
80	tsk_80	(x)	1	:	0.000000	0.000000	0.000000	0.000000	0.471789	0.000009	0.528202
81	tsk_81	(x)	1	:	0.488675	0.000002	0.000000	0.000000	0.000000	0.000011	0.511313
82	tsk_82	(x)	1	:	0.569289	0.000000	0.000000	0.000000	0.430711	0.000000	0.000000
83	tsk_83	(x)	1	:	0.000000	0.000000	0.000000	0.000000	0.471789	0.000009	0.528202
84	tsk_84	(x)	1	:	0.000000	0.000000	0.000000	0.475251	0.000000	0.000006	0.524743
85	tsk_85	(x)	1	:	0.000000	0.000000	0.000000	0.506551	0.493449	0.000000	0.000000
86	tsk_86	(x)	1	:	0.000007	0.514206	0.000000	0.485787	0.000000	0.000000	0.000000
87	tsk_87	(x)	1	:	0.546981	0.000000	0.000000	0.000000	0.000000	0.000000	0.453019
88	tsk_88	(x)	1	:	0.000000	0.000000	0.000000	0.000000	0.000000	0.000013	0.999987
89	tsk_89	(x)	1	:	0.488674	0.000003	0.000000	0.000000	0.000000	0.000009	0.511315
90	tsk_90	(x)	1	:	0.000000	0.000000	0.000000	0.475252	0.000000	0.000011	0.524737
91	tsk_91	(x)	1	:	0.001397	0.591480	0.000000	0.000000	0.407122	0.000000	0.000001
92	tsk_92	(x)	1	:	0.000000	0.000000	0.000000	0.000000	0.398780	0.000013	0.601206
93	tsk_93	(x)	1	:	0.000000	0.000000	0.000000	0.506551	0.493449	0.000000	0.000000
94	tsk_94	(x)	1	:	0.000000	0.000000	0.000000	0.506551	0.493449	0.000000	0.000000
95	tsk_95	(x)	1	:	0.548514	0.000000	0.000000	0.000000	0.000000	0.000006	0.451479
96	tsk_96	(x)	1	:	0.000009	0.514205	0.000000	0.485787	0.000000	0.000000	0.000000
97	tsk_97	(x)	1	:	0.000000	0.000000	0.000000	0.446218	0.000000	0.553752	0.000030
98	tsk_98	(x)	1	:	0.000000	0.000000	0.000000	0.506551	0.493449	0.000000	0.000000
99	tsk_99	(x)	1	:	0.000006	0.514207	0.000000	0.485787	0.000000	0.000000	0.000000
