logL = -304.183965 (converged)
AIC = 1548.367930
BIC = 2772.797917

count.K
12 16 13 10 49 

