logL = -754.252099 (converged)
AIC = 2880.504199
BIC = 4667.650946

count.K
4 19 5 21 8 43 

