logL = -867.244917 (converged)
AIC = 2502.489834
BIC = 3502.875186

count.K
25 30 24 21 

