logL = -770.152092 (converged)
AIC = 2710.304185
BIC = 4234.328744

count.K
30 6 11 10 43 

