0	tsk_0	(x)	1	:	0.000000	0.510206	0.000000	0.000000	0.000000	0.000000	0.000000	0.000000	0.489794	0.000000
1	tsk_1	(x)	1	:	0.000000	0.357395	0.000000	0.000000	0.000000	0.000000	0.000000	0.000000	0.642605	0.000000
2	tsk_2	(x)	1	:	0.000000	0.581802	0.000000	0.000000	0.000000	0.000000	0.000000	0.000000	0.418198	0.000000
3	tsk_3	(x)	1	:	0.000000	0.249637	0.000000	0.000000	0.509492	0.000000	0.000000	0.000000	0.240871	0.000000
4	tsk_4	(x)	1	:	0.000000	0.048533	0.000000	0.000000	0.000000	0.494738	0.000000	0.000000	0.456728	0.000000
5	tsk_5	(x)	1	:	0.000000	0.484006	0.000000	0.000000	0.000000	0.000000	0.000000	0.000000	0.515994	0.000000
6	tsk_6	(x)	1	:	0.000000	0.492212	0.000000	0.000000	0.000000	0.000000	0.000000	0.000000	0.507788	0.000000
7	tsk_7	(x)	1	:	0.000000	0.511289	0.000000	0.000000	0.000000	0.000000	0.000000	0.000000	0.488710	0.000000
8	tsk_8	(x)	1	:	0.000000	0.042930	0.000000	0.000000	0.000000	0.000000	0.000000	0.000000	0.957070	0.000000
9	tsk_9	(x)	1	:	0.000000	0.196644	0.000000	0.000000	0.000000	0.494177	0.000000	0.000000	0.309179	0.000000
10	tsk_10	(x)	1	:	0.498926	0.358470	0.000000	0.000000	0.000000	0.000000	0.000000	0.000000	0.142603	0.000000
11	tsk_11	(x)	1	:	0.498910	0.196139	0.000000	0.000000	0.000000	0.000000	0.000000	0.000000	0.304950	0.000000
12	tsk_12	(x)	1	:	1.000000	0.000000	0.000000	0.000000	0.000000	0.000000	0.000000	0.000000	0.000000	0.000000
13	tsk_13	(x)	1	:	0.498904	0.308399	0.000000	0.000000	0.000000	0.000000	0.000000	0.000000	0.192696	0.000000
14	tsk_14	(x)	1	:	1.000000	0.000000	0.000000	0.000000	0.000000	0.000000	0.000000	0.000000	0.000000	0.000000
15	tsk_15	(x)	1	:	0.498924	0.241594	0.000000	0.000000	0.000000	0.000000	0.000000	0.000000	0.259481	0.000000
16	tsk_16	(x)	1	:	0.498946	0.000149	0.000000	0.000000	0.000000	0.000000	0.500799	0.000000	0.000106	0.000000
17	tsk_17	(x)	1	:	0.000000	0.892846	0.000000	0.000000	0.000000	0.000000	0.000000	0.000000	0.107154	0.000000
18	tsk_18	(x)	1	:	1.000000	0.000000	0.000000	0.000000	0.000000	0.000000	0.000000	0.000000	0.000000	0.000000
19	tsk_19	(x)	1	:	0.000000	0.116995	0.000000	0.000000	0.000000	0.494920	0.000000	0.000000	0.388085	0.000000
20	tsk_20	(x)	1	:	0.000000	0.917365	0.000000	0.000000	0.000000	0.000000	0.000000	0.000000	0.082635	0.000000
21	tsk_21	(x)	1	:	0.000000	0.213327	0.000000	0.000000	0.509490	0.000000	0.000000	0.000000	0.277183	0.000000
22	tsk_22	(x)	1	:	0.000000	0.582282	0.000000	0.000000	0.000000	0.000000	0.000000	0.000000	0.417718	0.000000
23	tsk_23	(x)	1	:	0.000000	0.165017	0.000000	0.000000	0.509492	0.000000	0.000000	0.000000	0.325491	0.000000
24	tsk_24	(x)	1	:	0.000000	0.730793	0.000000	0.000000	0.000000	0.000000	0.000000	0.000000	0.269207	0.000000
25	tsk_25	(x)	1	:	0.000000	0.238507	0.000000	0.000000	0.509490	0.000000	0.000000	0.000000	0.252003	0.000000
26	tsk_26	(x)	1	:	0.000000	0.753087	0.000000	0.000000	0.000000	0.000000	0.000000	0.000000	0.246913	0.000000
27	tsk_27	(x)	1	:	0.000000	0.224855	0.000000	0.000000	0.509492	0.000000	0.000000	0.000000	0.265653	0.000000
28	tsk_28	(x)	1	:	0.000000	0.810276	0.000000	0.000000	0.000000	0.000000	0.000000	0.000000	0.189724	0.000000
29	tsk_29	(x)	1	:	0.000000	0.335742	0.000000	0.000000	0.000000	0.000000	0.000000	0.000000	0.664257	0.000000
30	tsk_30	(x)	1	:	0.000000	0.204336	0.000000	0.000000	0.509491	0.000000	0.000000	0.000000	0.286173	0.000000
31	tsk_31	(x)	1	:	0.462126	0.000000	0.537874	0.000000	0.000000	0.000000	0.000000	0.000000	0.000000	0.000000
32	tsk_32	(x)	1	:	0.000000	0.000000	0.000007	0.000000	0.508325	0.491667	0.000000	0.000000	0.000000	0.000000
33	tsk_33	(x)	1	:	0.000000	0.000000	1.000000	0.000000	0.000000	0.000000	0.000000	0.000000	0.000000	0.000000
34	tsk_34	(x)	1	:	0.000000	0.000000	1.000000	0.000000	0.000000	0.000000	0.000000	0.000000	0.000000	0.000000
35	tsk_35	(x)	1	:	0.000000	0.267088	0.000000	0.000000	0.509492	0.000000	0.000000	0.000000	0.223421	0.000000
36	tsk_36	(x)	1	:	0.503357	0.000000	0.496642	0.000000	0.000000	0.000000	0.000000	0.000000	0.000000	0.000000
37	tsk_37	(x)	1	:	0.462126	0.000000	0.537874	0.000000	0.000000	0.000000	0.000000	0.000000	0.000000	0.000000
38	tsk_38	(x)	1	:	0.519405	0.086029	0.000000	0.000000	0.000000	0.000000	0.000000	0.000000	0.394566	0.000000
39	tsk_39	(x)	1	:	1.000000	0.000000	0.000000	0.000000	0.000000	0.000000	0.000000	0.000000	0.000000	0.000000
40	tsk_40	(x)	1	:	0.000000	0.293332	0.000000	0.000000	0.000000	0.569265	0.000000	0.000000	0.137403	0.000000
41	tsk_41	(x)	1	:	0.000000	0.371829	0.000000	0.000000	0.000000	0.000000	0.000000	0.000000	0.628171	0.000000
42	tsk_42	(x)	1	:	0.000000	0.303323	0.000000	0.000000	0.000000	0.000000	0.000000	0.000000	0.696677	0.000000
43	tsk_43	(x)	1	:	0.000000	0.619954	0.000000	0.000000	0.000000	0.000000	0.000000	0.000000	0.380046	0.000000
44	tsk_44	(x)	1	:	0.000000	0.338335	0.000000	0.000000	0.000000	0.000000	0.000000	0.000000	0.661665	0.000000
45	tsk_45	(x)	1	:	0.000000	0.000000	0.000000	0.000000	0.000000	0.000000	0.000000	0.000000	0.000000	1.000000
46	tsk_46	(x)	1	:	0.000000	0.270918	0.000000	0.000000	0.000000	0.000000	0.000000	0.000000	0.729082	0.000000
47	tsk_47	(x)	1	:	0.000000	0.320727	0.000000	0.000000	0.000000	0.000000	0.000000	0.000000	0.679273	0.000000
48	tsk_48	(x)	1	:	0.000000	0.233504	0.000000	0.000000	0.000000	0.328279	0.000000	0.000000	0.438217	0.000000
49	tsk_49	(x)	1	:	0.000000	0.291597	0.000000	0.000000	0.509492	0.000000	0.000000	0.000000	0.198911	0.000000
50	tsk_50	(x)	1	:	0.000000	0.206113	0.000000	0.000000	0.509492	0.000000	0.000000	0.000000	0.284395	0.000000
51	tsk_51	(x)	1	:	0.000000	0.350643	0.000000	0.000000	0.000000	0.000000	0.000000	0.000000	0.649357	0.000000
52	tsk_52	(x)	1	:	0.000000	0.000000	0.672349	0.000000	0.000000	0.000000	0.000000	0.327651	0.000000	0.000000
53	tsk_53	(x)	1	:	0.000000	0.116901	0.207079	0.000000	0.000000	0.000000	0.000000	0.289806	0.386214	0.000000
54	tsk_54	(x)	1	:	0.335880	0.000000	0.338477	0.000000	0.000058	0.000000	0.000000	0.325585	0.000000	0.000000
55	tsk_55	(x)	1	:	0.370925	0.289100	0.000000	0.000000	0.064971	0.000000	0.000000	0.000000	0.275003	0.000000
56	tsk_56	(x)	1	:	0.000000	0.297993	0.000000	0.000000	0.509492	0.000000	0.000000	0.000000	0.192516	0.000000
57	tsk_57	(x)	1	:	0.000000	0.312972	0.000000	0.000000	0.000000	0.000000	0.000000	0.000000	0.687028	0.000000
58	tsk_58	(x)	1	:	0.000000	0.336719	0.000000	0.000000	0.000000	0.000000	0.000000	0.509820	0.153461	0.000000
59	tsk_59	(x)	1	:	0.000000	0.328885	0.000000	0.000000	0.000000	0.000000	0.000000	0.000000	0.671114	0.000000
60	tsk_60	(x)	1	:	0.370739	0.034481	0.000000	0.000000	0.065184	0.495173	0.000000	0.000000	0.034423	0.000000
61	tsk_61	(x)	1	:	0.000000	0.000041	0.000000	0.504617	0.000000	0.495246	0.000000	0.000000	0.000095	0.000000
62	tsk_62	(x)	1	:	0.000000	0.077249	0.000000	0.000000	0.000000	0.494710	0.000000	0.000000	0.428041	0.000000
63	tsk_63	(x)	1	:	0.000000	0.201232	0.000000	0.000000	0.000000	0.494623	0.000000	0.000000	0.304146	0.000000
64	tsk_64	(x)	1	:	0.000000	0.344496	0.000000	0.504032	0.000000	0.000000	0.000000	0.000000	0.151472	0.000000
65	tsk_65	(x)	1	:	0.000000	0.271320	0.000000	0.000000	0.000000	0.494797	0.000000	0.000000	0.233883	0.000000
66	tsk_66	(x)	1	:	0.000000	0.000000	0.000000	0.000000	0.000000	1.000000	0.000000	0.000000	0.000000	0.000000
67	tsk_67	(x)	1	:	0.000000	0.000029	0.000000	0.504648	0.000000	0.495257	0.000000	0.000000	0.000066	0.000000
68	tsk_68	(x)	1	:	0.000000	0.000019	0.000000	0.504667	0.000000	0.495263	0.000000	0.000000	0.000051	0.000000
69	tsk_69	(x)	1	:	0.000000	0.000000	0.000012	0.000000	0.508321	0.491667	0.000000	0.000000	0.000000	0.000000
70	tsk_70	(x)	1	:	0.000000	0.390879	0.000000	0.000000	0.509491	0.000000	0.000000	0.000000	0.099630	0.000000
71	tsk_71	(x)	1	:	0.000000	0.000000	0.000012	0.000000	0.508321	0.491667	0.000000	0.000000	0.000000	0.000000
72	tsk_72	(x)	1	:	0.000000	0.623972	0.000000	0.000000	0.000000	0.000000	0.000000	0.000000	0.376028	0.000000
73	tsk_73	(x)	1	:	0.000000	0.301401	0.000000	0.000000	0.000000	0.000000	0.000000	0.000000	0.698599	0.000000
74	tsk_74	(x)	1	:	0.000000	0.435841	0.000000	0.000000	0.000000	0.000000	0.000000	0.000000	0.564159	0.000000
75	tsk_75	(x)	1	:	0.000000	0.374108	0.000000	0.000000	0.000000	0.000000	0.000000	0.000000	0.625892	0.000000
76	tsk_76	(x)	1	:	0.000000	0.270306	0.000000	0.000000	0.509491	0.000000	0.000000	0.000000	0.220202	0.000000
77	tsk_77	(x)	1	:	0.000000	0.712730	0.000000	0.000000	0.000000	0.000000	0.000000	0.000000	0.287270	0.000000
78	tsk_78	(x)	1	:	0.000000	0.657732	0.000000	0.000000	0.000000	0.000000	0.000000	0.000000	0.342268	0.000000
79	tsk_79	(x)	1	:	0.000000	0.281296	0.000000	0.000000	0.000000	0.494669	0.000000	0.000000	0.224035	0.000000
80	tsk_80	(x)	1	:	0.000000	0.131342	0.000000	0.000000	0.509492	0.000000	0.000000	0.000000	0.359167	0.000000
81	tsk_81	(x)	1	:	0.000000	0.336479	0.000000	0.000000	0.509492	0.000000	0.000000	0.000000	0.154030	0.000000
82	tsk_82	(x)	1	:	0.000000	0.178459	0.000000	0.000000	0.509491	0.000000	0.000000	0.000000	0.312050	0.000000
83	tsk_83	(x)	1	:	0.000000	0.311885	0.000000	0.000000	0.509491	0.000000	0.000000	0.000000	0.178623	0.000000
84	tsk_84	(x)	1	:	0.000000	0.348658	0.000000	0.000000	0.000000	0.000000	0.000000	0.000000	0.651342	0.000000
85	tsk_85	(x)	1	:	0.000000	0.171383	0.000000	0.000000	0.000000	0.000000	0.000000	0.000000	0.828617	0.000000
86	tsk_86	(x)	1	:	0.000000	0.000000	1.000000	0.000000	0.000000	0.000000	0.000000	0.000000	0.000000	0.000000
87	tsk_87	(x)	1	:	0.000000	0.137580	0.000000	0.000000	0.509491	0.000000	0.000000	0.000000	0.352929	0.000000
88	tsk_88	(x)	1	:	0.000000	0.243753	0.000000	0.000000	0.509491	0.000000	0.000000	0.000000	0.246756	0.000000
89	tsk_89	(x)	1	:	0.000000	0.087888	0.000000	0.000000	0.509491	0.000000	0.000000	0.000000	0.402621	0.000000
90	tsk_90	(x)	1	:	0.000000	0.245326	0.000000	0.000000	0.509491	0.000000	0.000000	0.000000	0.245183	0.000000
91	tsk_91	(x)	1	:	0.498908	0.432642	0.000000	0.000000	0.000000	0.000000	0.000000	0.000000	0.068451	0.000000
92	tsk_92	(x)	1	:	0.000000	0.556377	0.000000	0.000000	0.000000	0.000000	0.000000	0.000000	0.443623	0.000000
93	tsk_93	(x)	1	:	0.000000	0.130252	0.000000	0.000000	0.000000	0.000000	0.000000	0.000000	0.869748	0.000000
94	tsk_94	(x)	1	:	0.000000	0.000000	1.000000	0.000000	0.000000	0.000000	0.000000	0.000000	0.000000	0.000000
95	tsk_95	(x)	1	:	0.000000	0.432316	0.000000	0.000000	0.000000	0.000000	0.000000	0.000000	0.567684	0.000000
96	tsk_96	(x)	1	:	0.000000	0.305286	0.000000	0.000000	0.000000	0.000000	0.000000	0.000000	0.694714	0.000000
97	tsk_97	(x)	1	:	0.000000	0.312518	0.000000	0.000000	0.509492	0.000000	0.000000	0.000000	0.177990	0.000000
98	tsk_98	(x)	1	:	0.000000	0.614952	0.000000	0.000000	0.000000	0.000000	0.000000	0.000000	0.385048	0.000000
99	tsk_99	(x)	1	:	0.000000	0.000000	1.000000	0.000000	0.000000	0.000000	0.000000	0.000000	0.000000	0.000000
