logL = -594.397500 (converged)
AIC = 2524.794999
BIC = 4265.048684

count.K
5 40 21 6 0 28 

