logL = -420.112290 (converged)
AIC = 2836.224580
BIC = 5436.184426

count.K
1 2 13 14 16 12 16 5 21 

