logL = -785.263328 (converged)
AIC = 2402.526656
BIC = 3486.277454

count.K
12 48 29 11 

