logL = -875.582609 (converged)
AIC = 3063.165219
BIC = 4772.156861

count.K
3 14 17 11 30 25 

