logL = -372.076087 (converged)
AIC = 2924.152173
BIC = 5763.787676

count.K
1 29 22 17 10 4 7 2 3 5 

