logL = -400.969577 (converged)
AIC = 1553.939153
BIC = 2533.483143

count.K
10 26 5 59 

