logL = -755.855653 (converged)
AIC = 2287.711306
BIC = 3298.517339

count.K
12 17 52 19 

