logL = -601.868053 (converged)
AIC = 2781.736106
BIC = 4837.215382

count.K
1 8 19 40 16 11 5 

