logL = -355.698924 (converged)
AIC = 1701.397848
BIC = 2990.957090

count.K
2 25 41 19 13 

