logL = -513.688028 (converged)
AIC = 2779.376057
BIC = 5061.505140

count.K
10 13 28 2 5 14 2 26 

