logL = -856.601581 (converged)
AIC = 2941.203162
BIC = 4540.777656

count.K
3 39 21 2 5 30 

