logL = -704.670588 (converged)
AIC = 3209.341175
BIC = 5553.994342

count.K
43 22 4 5 2 1 1 22 

