logL = -587.987033 (converged)
AIC = 2753.974066
BIC = 4809.453343

count.K
3 12 8 29 12 4 32 

