logL = -358.931970 (converged)
AIC = 2017.863940
BIC = 3711.224561

count.K
1 6 33 21 9 30 

