logL = -733.268810 (converged)
AIC = 3678.537619
BIC = 6559.855845

count.K
17 49 4 7 14 0 2 1 6 

