0	tsk_0	(x)	1	:	0.000000	0.026051	0.000000	0.435628	0.000000	0.030008	0.000000	0.000000	0.508312	0.000000
1	tsk_1	(x)	1	:	0.000000	0.026194	0.000000	0.390739	0.000000	0.074754	0.000000	0.000000	0.508312	0.000000
2	tsk_2	(x)	1	:	0.500000	0.313229	0.000000	0.018872	0.000000	0.167899	0.000000	0.000000	0.000000	0.000000
3	tsk_3	(x)	1	:	0.000000	0.195421	0.000000	0.125477	0.000000	0.179101	0.000000	0.000000	0.000000	0.500000
4	tsk_4	(x)	1	:	0.000000	0.000037	0.000000	0.000431	0.000000	0.000090	0.000000	0.000000	0.507820	0.491622
5	tsk_5	(x)	1	:	0.000000	0.236101	0.000000	0.160226	0.000000	0.103672	0.000000	0.000000	0.000000	0.500000
6	tsk_6	(x)	1	:	0.000000	0.460784	0.000000	0.058121	0.000000	0.481095	0.000000	0.000000	0.000000	0.000000
7	tsk_7	(x)	1	:	0.000000	0.032362	0.000000	0.447745	0.000000	0.011580	0.000000	0.000000	0.508312	0.000000
8	tsk_8	(x)	1	:	0.000000	0.353929	0.000000	0.084405	0.000000	0.561666	0.000000	0.000000	0.000000	0.000000
9	tsk_9	(x)	1	:	0.000000	0.066869	0.000000	0.375943	0.000000	0.048875	0.000000	0.000000	0.508313	0.000000
10	tsk_10	(x)	1	:	0.000000	0.000000	0.000000	0.000000	0.000000	0.000000	0.000000	0.000000	0.000000	1.000000
11	tsk_11	(x)	1	:	0.000000	0.016360	0.000000	0.209701	0.281837	0.005899	0.000000	0.000000	0.486203	0.000000
12	tsk_12	(x)	1	:	0.000000	0.000000	0.000000	0.016338	0.000000	0.000000	0.000000	0.000000	0.486057	0.497605
13	tsk_13	(x)	1	:	0.000000	0.126206	0.000000	0.102731	0.000000	0.271063	0.000000	0.000000	0.000000	0.500000
14	tsk_14	(x)	1	:	0.000000	0.487427	0.000000	0.215608	0.000000	0.296965	0.000000	0.000000	0.000000	0.000000
15	tsk_15	(x)	1	:	0.000000	0.001230	0.000000	0.014610	0.000000	0.000455	0.000000	0.000000	0.486060	0.497645
16	tsk_16	(x)	1	:	0.000000	0.000000	0.000000	0.016510	0.000000	0.000000	0.000000	0.000000	0.486047	0.497442
17	tsk_17	(x)	1	:	0.000000	0.169322	0.000000	0.085984	0.000000	0.244693	0.000000	0.000000	0.000000	0.500000
18	tsk_18	(x)	1	:	0.000000	0.000000	0.000000	0.000000	0.236942	0.000000	0.000000	0.000000	0.470785	0.292273
19	tsk_19	(x)	1	:	0.000000	0.265256	0.000000	0.060248	0.000000	0.174496	0.000000	0.000000	0.000000	0.500000
20	tsk_20	(x)	1	:	0.500353	0.001867	0.000000	0.011098	0.000000	0.000438	0.000000	0.000000	0.486244	0.000000
21	tsk_21	(x)	1	:	0.000000	0.044359	0.000000	0.402124	0.000000	0.045204	0.000000	0.000000	0.508312	0.000000
22	tsk_22	(x)	1	:	0.000000	0.236099	0.000000	0.109394	0.000000	0.154507	0.000000	0.000000	0.000000	0.500000
23	tsk_23	(x)	1	:	0.000000	0.000003	0.000000	0.000563	0.000000	0.000019	0.000000	0.000000	0.507818	0.491597
24	tsk_24	(x)	1	:	0.000000	0.000000	0.000000	0.000000	0.000000	0.000000	0.000000	0.000000	1.000000	0.000000
25	tsk_25	(x)	1	:	1.000000	0.000000	0.000000	0.000000	0.000000	0.000000	0.000000	0.000000	0.000000	0.000000
26	tsk_26	(x)	1	:	0.500000	0.219752	0.000000	0.064962	0.000000	0.215287	0.000000	0.000000	0.000000	0.000000
27	tsk_27	(x)	1	:	0.492539	0.000011	0.000000	0.000023	0.000000	0.000003	0.000000	0.000000	0.507425	0.000000
28	tsk_28	(x)	1	:	0.494036	0.003564	0.000000	0.000000	0.000000	0.014476	0.000000	0.487924	0.000000	0.000000
29	tsk_29	(x)	1	:	0.000000	0.000000	0.000000	0.000000	0.000000	0.000000	0.000000	0.000000	0.000000	1.000000
30	tsk_30	(x)	1	:	0.000000	0.010508	0.000000	0.006657	0.000000	0.011806	0.000000	0.485515	0.000000	0.485514
31	tsk_31	(x)	1	:	0.000000	0.000000	0.000000	0.000000	0.000000	0.000000	0.000000	0.000000	0.000000	1.000000
32	tsk_32	(x)	1	:	0.000000	0.153853	0.000000	0.168480	0.000000	0.177666	0.000000	0.000000	0.000000	0.500000
33	tsk_33	(x)	1	:	0.000000	0.536028	0.000000	0.194719	0.000000	0.269253	0.000000	0.000000	0.000000	0.000000
34	tsk_34	(x)	1	:	0.000000	0.000000	0.000000	0.000000	0.212515	0.000000	0.000000	0.000000	0.000000	0.787485
35	tsk_35	(x)	1	:	0.495562	0.005077	0.000000	0.000967	0.000000	0.007351	0.000000	0.000000	0.000000	0.491043
36	tsk_36	(x)	1	:	0.000000	0.000000	0.000000	0.000000	0.000000	0.000000	0.000000	0.000000	0.000000	1.000000
37	tsk_37	(x)	1	:	0.000000	0.452201	0.000000	0.073915	0.000000	0.473884	0.000000	0.000000	0.000000	0.000000
38	tsk_38	(x)	1	:	0.000000	0.038622	0.000000	0.400118	0.000000	0.052947	0.000000	0.000000	0.508312	0.000000
39	tsk_39	(x)	1	:	0.000000	0.168105	0.000000	0.088198	0.000000	0.243698	0.000000	0.000000	0.000000	0.500000
40	tsk_40	(x)	1	:	0.000000	0.480401	0.000000	0.194476	0.000000	0.325123	0.000000	0.000000	0.000000	0.000000
41	tsk_41	(x)	1	:	0.000000	0.375957	0.000000	0.115078	0.000000	0.508964	0.000000	0.000000	0.000000	0.000000
42	tsk_42	(x)	1	:	0.500000	0.144237	0.000000	0.028695	0.000000	0.327068	0.000000	0.000000	0.000000	0.000000
43	tsk_43	(x)	1	:	0.500000	0.348143	0.000000	0.046212	0.000000	0.105644	0.000000	0.000000	0.000000	0.000000
44	tsk_44	(x)	1	:	0.000000	0.040097	0.000000	0.019252	0.388719	0.051825	0.000000	0.000000	0.000000	0.500107
45	tsk_45	(x)	1	:	0.000000	0.440988	0.000000	0.180141	0.000000	0.378871	0.000000	0.000000	0.000000	0.000000
46	tsk_46	(x)	1	:	0.500000	0.290036	0.000000	0.023979	0.000000	0.185986	0.000000	0.000000	0.000000	0.000000
47	tsk_47	(x)	1	:	0.500000	0.196686	0.000000	0.043119	0.000000	0.260194	0.000000	0.000000	0.000000	0.000000
48	tsk_48	(x)	1	:	0.000000	0.066042	0.000000	0.030624	0.388766	0.014406	0.000000	0.000000	0.000000	0.500163
49	tsk_49	(x)	1	:	0.000000	0.080055	0.000000	0.015232	0.388844	0.015613	0.000000	0.000000	0.000000	0.500255
50	tsk_50	(x)	1	:	0.000000	0.000000	0.000000	0.000000	0.000000	0.000000	0.000000	0.000000	0.000000	1.000000
51	tsk_51	(x)	1	:	0.000000	0.315868	0.000000	0.229497	0.000000	0.454636	0.000000	0.000000	0.000000	0.000000
52	tsk_52	(x)	1	:	0.000000	0.012519	0.000000	0.008199	0.000000	0.008967	0.000000	0.485158	0.000000	0.485157
53	tsk_53	(x)	1	:	0.000000	0.153787	0.000000	0.167549	0.000000	0.178665	0.000000	0.000000	0.000000	0.500000
54	tsk_54	(x)	1	:	0.000000	0.278798	0.000000	0.119057	0.000000	0.102145	0.000000	0.000000	0.000000	0.500000
55	tsk_55	(x)	1	:	0.493682	0.010870	0.000000	0.000247	0.000000	0.008003	0.000000	0.487198	0.000000	0.000000
56	tsk_56	(x)	1	:	0.495381	0.004893	0.000000	0.001295	0.000000	0.007756	0.000000	0.000000	0.000000	0.490675
57	tsk_57	(x)	1	:	0.000000	0.011927	0.000000	0.005765	0.000000	0.010445	0.000000	0.485931	0.000000	0.485931
58	tsk_58	(x)	1	:	0.000000	0.003961	0.000000	0.001566	0.000000	0.023348	0.000000	0.485562	0.000000	0.485562
59	tsk_59	(x)	1	:	0.500000	0.331374	0.000000	0.053185	0.000000	0.115441	0.000000	0.000000	0.000000	0.000000
60	tsk_60	(x)	1	:	0.500000	0.336784	0.000000	0.026697	0.000000	0.136519	0.000000	0.000000	0.000000	0.000000
61	tsk_61	(x)	1	:	0.000000	0.161177	0.000000	0.087277	0.000000	0.251546	0.000000	0.000000	0.000000	0.500000
62	tsk_62	(x)	1	:	0.000000	0.000000	0.000000	0.000000	0.000000	0.000000	1.000000	0.000000	0.000000	0.000000
63	tsk_63	(x)	1	:	0.499821	0.000272	0.000000	0.000051	0.000000	0.000216	0.499641	0.000000	0.000000	0.000000
64	tsk_64	(x)	1	:	0.000000	0.015056	0.000000	0.005681	0.000000	0.008085	0.000000	0.485589	0.000000	0.485589
65	tsk_65	(x)	1	:	0.000000	0.605177	0.000000	0.141201	0.000000	0.253623	0.000000	0.000000	0.000000	0.000000
66	tsk_66	(x)	1	:	0.000000	0.483220	0.000000	0.008295	0.000000	0.508485	0.000000	0.000000	0.000000	0.000000
67	tsk_67	(x)	1	:	0.499804	0.000349	0.000000	0.000054	0.000000	0.000186	0.499608	0.000000	0.000000	0.000000
68	tsk_68	(x)	1	:	0.000000	0.155450	0.000000	0.089584	0.000000	0.254966	0.000000	0.000000	0.000000	0.500000
69	tsk_69	(x)	1	:	0.000000	0.151707	0.000000	0.085256	0.000000	0.263037	0.000000	0.500000	0.000000	0.000000
70	tsk_70	(x)	1	:	0.000000	0.302473	0.000000	0.126405	0.000000	0.571123	0.000000	0.000000	0.000000	0.000000
71	tsk_71	(x)	1	:	0.000000	0.065358	0.000000	0.009931	0.388661	0.036011	0.000000	0.000000	0.000000	0.500039
72	tsk_72	(x)	1	:	0.000000	0.501735	0.000000	0.205794	0.000000	0.292471	0.000000	0.000000	0.000000	0.000000
73	tsk_73	(x)	1	:	0.000000	0.399025	0.000000	0.114140	0.000000	0.486835	0.000000	0.000000	0.000000	0.000000
74	tsk_74	(x)	1	:	0.000000	0.000000	0.000000	0.000000	0.228293	0.000000	0.000000	0.000000	0.491875	0.279832
75	tsk_75	(x)	1	:	0.500000	0.259337	0.000000	0.042269	0.000000	0.198394	0.000000	0.000000	0.000000	0.000000
76	tsk_76	(x)	1	:	0.000000	0.375895	0.000000	0.072613	0.000000	0.551492	0.000000	0.000000	0.000000	0.000000
77	tsk_77	(x)	1	:	0.000000	0.057333	0.000000	0.006753	0.388676	0.047183	0.000000	0.000000	0.000000	0.500056
78	tsk_78	(x)	1	:	0.000000	0.045657	0.000000	0.423523	0.000000	0.022508	0.000000	0.000000	0.508312	0.000000
79	tsk_79	(x)	1	:	0.000000	0.175904	0.000000	0.339425	0.000000	0.484671	0.000000	0.000000	0.000000	0.000000
80	tsk_80	(x)	1	:	0.000000	0.260536	0.000000	0.194282	0.000000	0.545182	0.000000	0.000000	0.000000	0.000000
81	tsk_81	(x)	1	:	0.000000	0.000000	0.000000	0.000000	0.000000	0.000000	0.000000	0.492149	0.507851	0.000000
82	tsk_82	(x)	1	:	0.000000	0.198030	0.000000	0.111989	0.000000	0.189982	0.000000	0.500000	0.000000	0.000000
83	tsk_83	(x)	1	:	0.000000	0.181649	0.000000	0.064904	0.000000	0.253447	0.000000	0.500000	0.000000	0.000000
84	tsk_84	(x)	1	:	0.000000	0.149790	0.000000	0.264854	0.000000	0.585356	0.000000	0.000000	0.000000	0.000000
85	tsk_85	(x)	1	:	0.000000	0.010729	0.000000	0.484502	0.000000	0.018564	0.000000	0.000000	0.486205	0.000000
86	tsk_86	(x)	1	:	0.500000	0.287873	0.000000	0.000000	0.000000	0.212127	0.000000	0.000000	0.000000	0.000000
87	tsk_87	(x)	1	:	0.000000	0.486423	0.000000	0.069460	0.000000	0.444116	0.000000	0.000000	0.000000	0.000000
88	tsk_88	(x)	1	:	0.000000	0.000607	0.000000	0.014150	0.000000	0.001668	0.000000	0.000000	0.486052	0.497522
89	tsk_89	(x)	1	:	0.500000	0.230626	0.000000	0.060366	0.000000	0.209008	0.000000	0.000000	0.000000	0.000000
90	tsk_90	(x)	1	:	0.000000	0.008424	0.499973	0.001945	0.000000	0.011346	0.000000	0.000000	0.000000	0.478312
91	tsk_91	(x)	1	:	0.000000	0.196779	0.000000	0.008165	0.291635	0.503421	0.000000	0.000000	0.000000	0.000000
92	tsk_92	(x)	1	:	0.000000	0.592708	0.000000	0.118022	0.000000	0.289269	0.000000	0.000000	0.000000	0.000000
93	tsk_93	(x)	1	:	0.000000	0.217248	0.000000	0.117694	0.000000	0.165058	0.000000	0.000000	0.000000	0.500000
94	tsk_94	(x)	1	:	0.000000	0.000000	0.000000	0.000000	0.000000	0.000000	0.000000	0.000000	0.000000	1.000000
95	tsk_95	(x)	1	:	0.000000	0.356529	0.000000	0.032347	0.000000	0.611124	0.000000	0.000000	0.000000	0.000000
96	tsk_96	(x)	1	:	0.000000	0.487513	0.000000	0.087506	0.291635	0.133346	0.000000	0.000000	0.000000	0.000000
97	tsk_97	(x)	1	:	0.000000	0.061531	0.000000	0.386739	0.000000	0.065525	0.000000	0.000000	0.486205	0.000000
98	tsk_98	(x)	1	:	0.000000	0.331324	0.000000	0.115455	0.000000	0.053220	0.000000	0.000000	0.000000	0.500000
99	tsk_99	(x)	1	:	0.000000	0.000083	0.000000	0.015765	0.000000	0.000277	0.000000	0.000000	0.486069	0.497806
