0	tsk_0	(x)	1	:	0.000000	0.000000	0.000000	0.000000	0.000000	0.000000	0.000000	1.000000	0.000000	0.000000
1	tsk_1	(x)	1	:	0.000000	0.000000	0.258955	0.000000	0.000145	0.246997	0.000000	0.483636	0.010266	0.000000
2	tsk_2	(x)	1	:	0.000000	0.000000	0.000000	1.000000	0.000000	0.000000	0.000000	0.000000	0.000000	0.000000
3	tsk_3	(x)	1	:	0.000000	0.000000	0.000000	0.472977	0.027075	0.450101	0.000000	0.000000	0.049847	0.000000
4	tsk_4	(x)	1	:	0.000000	0.000000	0.000000	1.000000	0.000000	0.000000	0.000000	0.000000	0.000000	0.000000
5	tsk_5	(x)	1	:	0.000000	0.489385	0.000000	0.001438	0.006613	0.000000	0.000000	0.502564	0.000000	0.000000
6	tsk_6	(x)	1	:	0.000000	0.000000	0.000000	1.000000	0.000000	0.000000	0.000000	0.000000	0.000000	0.000000
7	tsk_7	(x)	1	:	0.162772	0.000000	0.000000	0.473215	0.027045	0.127905	0.000000	0.000000	0.209062	0.000000
8	tsk_8	(x)	1	:	0.000000	0.000000	0.000000	0.000000	0.000000	0.000000	0.000000	1.000000	0.000000	0.000000
9	tsk_9	(x)	1	:	0.000000	0.489190	0.000000	0.001353	0.007374	0.000000	0.000000	0.502083	0.000000	0.000000
10	tsk_10	(x)	1	:	0.000000	0.000000	0.328471	0.000000	0.472106	0.103722	0.000000	0.000000	0.095701	0.000000
11	tsk_11	(x)	1	:	0.000000	0.000000	0.000000	0.000000	0.000000	0.972989	0.000000	0.000000	0.027011	0.000000
12	tsk_12	(x)	1	:	0.000000	0.000000	0.551878	0.000000	0.000000	0.000001	0.000000	0.000000	0.000000	0.448121
13	tsk_13	(x)	1	:	0.000000	0.000000	0.000000	0.000000	0.548023	0.000000	0.000000	0.000000	0.000000	0.451977
14	tsk_14	(x)	1	:	0.000000	0.000000	0.000000	0.000000	0.047847	0.000000	0.000002	0.500090	0.000000	0.452061
15	tsk_15	(x)	1	:	0.000000	0.000000	0.000000	0.000000	0.548023	0.000000	0.000000	0.000000	0.000000	0.451977
16	tsk_16	(x)	1	:	0.000000	0.000000	0.000000	0.000000	1.000000	0.000000	0.000000	0.000000	0.000000	0.000000
17	tsk_17	(x)	1	:	0.000000	0.000000	0.000000	0.000000	0.000000	0.000000	0.000000	0.000000	0.000000	1.000000
18	tsk_18	(x)	1	:	0.000000	0.000000	0.000000	0.000000	1.000000	0.000000	0.000000	0.000000	0.000000	0.000000
19	tsk_19	(x)	1	:	0.000000	0.000000	0.000000	0.000000	1.000000	0.000000	0.000000	0.000000	0.000000	0.000000
20	tsk_20	(x)	1	:	0.000000	0.000000	0.000000	1.000000	0.000000	0.000000	0.000000	0.000000	0.000000	0.000000
21	tsk_21	(x)	1	:	0.000000	0.000000	0.000000	0.473014	0.027026	0.400897	0.000000	0.000000	0.099064	0.000000
22	tsk_22	(x)	1	:	0.000000	0.000000	0.000000	0.000000	0.000000	0.991855	0.000000	0.000000	0.008145	0.000000
23	tsk_23	(x)	1	:	0.000000	0.477798	0.000000	0.522201	0.000000	0.000000	0.000000	0.000000	0.000000	0.000000
24	tsk_24	(x)	1	:	0.000000	0.000000	0.000000	0.472960	0.027098	0.190898	0.000000	0.000000	0.309044	0.000000
25	tsk_25	(x)	1	:	0.082040	0.488194	0.000000	0.001473	0.428294	0.000000	0.000000	0.000000	0.000000	0.000000
26	tsk_26	(x)	1	:	0.000000	0.000000	0.000000	0.472992	0.027054	0.457480	0.000000	0.000000	0.042473	0.000000
27	tsk_27	(x)	1	:	0.000000	0.000000	0.000000	0.493250	0.000000	0.313116	0.000000	0.000000	0.193634	0.000000
28	tsk_28	(x)	1	:	0.000000	0.477798	0.000000	0.522201	0.000000	0.000000	0.000000	0.000000	0.000000	0.000000
29	tsk_29	(x)	1	:	0.000000	0.000000	0.000000	0.000000	0.000000	0.997591	0.000000	0.000000	0.002408	0.000000
30	tsk_30	(x)	1	:	0.162559	0.000000	0.000000	0.000000	0.048334	0.236851	0.000001	0.000000	0.100406	0.451848
31	tsk_31	(x)	1	:	0.000000	0.000000	0.000000	0.000000	0.047991	0.457096	0.000000	0.000000	0.042916	0.451997
32	tsk_32	(x)	1	:	0.000000	0.000000	0.000000	0.000000	0.000000	0.000000	0.000000	0.000000	0.000000	1.000000
33	tsk_33	(x)	1	:	0.000000	0.000000	0.000000	0.000000	0.047987	0.335640	0.000000	0.000000	0.164373	0.451999
34	tsk_34	(x)	1	:	0.162772	0.000000	0.000000	0.473261	0.026984	0.193606	0.000000	0.000000	0.143377	0.000001
35	tsk_35	(x)	1	:	0.162812	0.000000	0.000000	0.000000	0.000000	0.816869	0.000000	0.000000	0.020319	0.000000
36	tsk_36	(x)	1	:	0.162560	0.000000	0.000000	0.000000	0.048345	0.288791	0.000000	0.000000	0.048463	0.451841
37	tsk_37	(x)	1	:	0.162812	0.000000	0.000000	0.000000	0.000000	0.837188	0.000000	0.000000	0.000000	0.000000
38	tsk_38	(x)	1	:	0.329742	0.000000	0.000000	0.000000	0.000000	0.654731	0.000000	0.000000	0.015527	0.000000
39	tsk_39	(x)	1	:	0.000000	0.000000	0.000000	0.000000	0.000000	0.995114	0.000000	0.000000	0.004886	0.000000
40	tsk_40	(x)	1	:	0.000000	0.000000	0.000000	0.473139	0.526861	0.000000	0.000000	0.000000	0.000000	0.000000
41	tsk_41	(x)	1	:	0.000000	0.000000	0.000000	0.473015	0.027024	0.453872	0.000000	0.000000	0.046089	0.000000
42	tsk_42	(x)	1	:	0.325302	0.000000	0.000000	0.000000	0.500153	0.174546	0.000000	0.000000	0.000000	0.000000
43	tsk_43	(x)	1	:	0.427439	0.000000	0.000000	0.000000	0.499831	0.014345	0.000000	0.000000	0.058385	0.000000
44	tsk_44	(x)	1	:	0.000000	0.000000	0.000000	0.000000	0.500000	0.000000	0.000000	0.500000	0.000000	0.000000
45	tsk_45	(x)	1	:	0.000008	0.000000	0.000000	0.000000	0.189407	0.466043	0.000000	0.000000	0.033951	0.310591
46	tsk_46	(x)	1	:	0.325302	0.000000	0.000000	0.000000	0.500153	0.066651	0.000000	0.000000	0.107895	0.000000
47	tsk_47	(x)	1	:	0.325302	0.000000	0.000000	0.000000	0.500152	0.092946	0.000000	0.000000	0.081599	0.000000
48	tsk_48	(x)	1	:	0.325302	0.000000	0.000000	0.000000	0.500153	0.108885	0.000000	0.000000	0.065661	0.000000
49	tsk_49	(x)	1	:	0.163761	0.000000	0.000000	0.473194	0.363045	0.000000	0.000000	0.000000	0.000000	0.000000
50	tsk_50	(x)	1	:	0.000000	0.000000	0.000000	0.552567	0.000000	0.420797	0.000000	0.000000	0.026636	0.000000
51	tsk_51	(x)	1	:	0.000000	0.477798	0.000000	0.522202	0.000000	0.000000	0.000000	0.000000	0.000000	0.000000
52	tsk_52	(x)	1	:	0.000000	0.000000	0.000000	0.473139	0.526861	0.000000	0.000000	0.000000	0.000000	0.000000
53	tsk_53	(x)	1	:	0.000000	0.000000	0.000000	0.472973	0.027080	0.292019	0.000000	0.000000	0.207928	0.000000
54	tsk_54	(x)	1	:	0.000000	0.000000	0.000000	0.000000	0.000000	0.976404	0.000000	0.000000	0.023596	0.000000
55	tsk_55	(x)	1	:	0.000000	0.000000	0.000000	0.552568	0.000000	0.326999	0.000000	0.000000	0.120434	0.000000
56	tsk_56	(x)	1	:	0.000000	0.000000	0.000000	0.000000	0.000000	0.987504	0.000000	0.000000	0.012496	0.000000
57	tsk_57	(x)	1	:	0.000000	0.000000	0.000000	0.552568	0.000000	0.349801	0.000000	0.000000	0.097631	0.000000
58	tsk_58	(x)	1	:	0.000000	0.000000	0.000000	0.000000	0.000000	0.993078	0.000000	0.000000	0.006922	0.000000
59	tsk_59	(x)	1	:	0.000000	0.000000	0.000000	0.000000	0.000000	0.994200	0.000000	0.000000	0.005800	0.000000
60	tsk_60	(x)	1	:	0.000000	0.490496	0.000000	0.001717	0.006093	0.452289	0.000000	0.000000	0.049405	0.000000
61	tsk_61	(x)	1	:	0.000000	0.488153	0.000000	0.001369	0.510478	0.000000	0.000000	0.000000	0.000000	0.000000
62	tsk_62	(x)	1	:	0.000000	0.000000	0.000000	1.000000	0.000000	0.000000	0.000000	0.000000	0.000000	0.000000
63	tsk_63	(x)	1	:	0.000000	0.477802	0.000000	0.522197	0.000000	0.000000	0.000000	0.000000	0.000000	0.000000
64	tsk_64	(x)	1	:	0.000000	0.000000	0.000000	1.000000	0.000000	0.000000	0.000000	0.000000	0.000000	0.000000
65	tsk_65	(x)	1	:	0.000000	0.000000	0.000000	0.472997	0.027048	0.400923	0.000000	0.000000	0.099032	0.000000
66	tsk_66	(x)	1	:	0.000000	0.581736	0.000000	0.000000	0.000014	0.000000	0.000000	0.000000	0.000000	0.418251
67	tsk_67	(x)	1	:	0.000000	0.477798	0.000000	0.522201	0.000000	0.000000	0.000000	0.000000	0.000000	0.000000
68	tsk_68	(x)	1	:	0.000000	0.000000	0.000000	1.000000	0.000000	0.000000	0.000000	0.000000	0.000000	0.000000
69	tsk_69	(x)	1	:	0.000000	0.000000	0.000000	1.000000	0.000000	0.000000	0.000000	0.000000	0.000000	0.000000
70	tsk_70	(x)	1	:	0.000000	0.000000	0.000000	0.000000	0.000000	0.000000	0.693572	0.306428	0.000000	0.000000
71	tsk_71	(x)	1	:	0.000000	0.000000	0.000000	0.000000	0.000000	0.973201	0.000000	0.000000	0.026799	0.000000
72	tsk_72	(x)	1	:	0.000000	0.000000	0.000000	0.000000	0.000000	0.997016	0.000000	0.000000	0.002984	0.000000
73	tsk_73	(x)	1	:	0.000000	0.000000	0.000000	0.000000	0.000000	0.992338	0.000000	0.000000	0.007662	0.000000
74	tsk_74	(x)	1	:	0.000000	0.000000	0.000000	0.000000	0.000000	0.962218	0.000000	0.000000	0.037782	0.000000
75	tsk_75	(x)	1	:	0.000000	0.000000	0.000000	0.000001	0.317256	0.000000	0.287362	0.395381	0.000000	0.000001
76	tsk_76	(x)	1	:	0.000000	0.000000	0.000000	0.000000	0.000000	0.972811	0.000000	0.000000	0.027189	0.000000
77	tsk_77	(x)	1	:	0.000000	0.000000	0.000000	0.000000	0.000000	0.000000	0.000000	0.000002	0.999998	0.000000
78	tsk_78	(x)	1	:	0.000000	0.000000	0.000000	0.000000	0.005828	0.205914	0.000000	0.495623	0.292634	0.000000
79	tsk_79	(x)	1	:	0.000000	0.000000	0.000000	0.000000	0.000000	0.028140	0.248577	0.294145	0.429138	0.000000
80	tsk_80	(x)	1	:	0.000000	0.000000	0.000000	0.000000	0.000000	0.000000	0.000000	1.000000	0.000000	0.000000
81	tsk_81	(x)	1	:	0.000000	0.000000	0.000000	0.000000	0.000000	0.000000	0.000000	1.000000	0.000000	0.000000
82	tsk_82	(x)	1	:	0.000000	0.000000	0.000000	0.000000	0.000000	0.000000	0.000000	1.000000	0.000000	0.000000
83	tsk_83	(x)	1	:	0.000000	0.000000	0.327350	0.000000	0.002738	0.131961	0.000000	0.477180	0.060771	0.000000
84	tsk_84	(x)	1	:	0.000000	0.000000	0.000000	0.473156	0.074853	0.000000	0.000000	0.000000	0.000000	0.451991
85	tsk_85	(x)	1	:	0.000000	0.488648	0.000000	0.000534	0.058736	0.000000	0.000001	0.000000	0.000000	0.452081
86	tsk_86	(x)	1	:	0.000000	0.000000	0.000000	0.000000	0.000000	0.000000	0.000000	1.000000	0.000000	0.000000
87	tsk_87	(x)	1	:	0.000000	0.000000	0.000000	0.000000	0.000000	0.000000	0.000000	1.000000	0.000000	0.000000
88	tsk_88	(x)	1	:	0.000000	0.000000	0.000000	0.472585	0.027973	0.000000	0.000000	0.499441	0.000000	0.000000
89	tsk_89	(x)	1	:	0.000000	0.000000	0.000000	0.000000	0.000000	0.000000	0.000000	1.000000	0.000000	0.000000
90	tsk_90	(x)	1	:	0.000000	0.000000	0.000000	0.000000	0.000000	0.985076	0.000000	0.000000	0.014924	0.000000
91	tsk_91	(x)	1	:	0.000000	0.000000	0.000000	0.000000	0.005880	0.263336	0.000000	0.495585	0.235199	0.000000
92	tsk_92	(x)	1	:	0.000000	0.000000	0.000000	0.000000	0.000000	0.981611	0.000000	0.000000	0.018389	0.000000
93	tsk_93	(x)	1	:	0.000000	0.000000	0.000000	0.000000	0.000000	0.988473	0.000000	0.000000	0.011527	0.000000
94	tsk_94	(x)	1	:	0.000000	0.000000	0.000000	0.000000	0.000000	0.997835	0.000000	0.000000	0.002165	0.000000
95	tsk_95	(x)	1	:	0.000000	0.000000	0.000000	0.000000	0.000000	0.000000	0.000000	1.000000	0.000000	0.000000
96	tsk_96	(x)	1	:	0.000000	0.000000	0.000000	0.000000	0.684975	0.000000	0.000000	0.000000	0.000000	0.315025
97	tsk_97	(x)	1	:	0.000000	0.000000	0.000000	0.000000	0.000000	0.993179	0.000000	0.000000	0.006821	0.000000
98	tsk_98	(x)	1	:	0.000000	0.000000	0.000000	0.000000	0.184978	0.391547	0.000000	0.000000	0.108454	0.315021
99	tsk_99	(x)	1	:	0.000000	0.000000	0.000000	0.000000	0.000000	0.977278	0.000000	0.000000	0.022722	0.000000
