logL = -567.296484 (converged)
AIC = 1406.592968
BIC = 1760.896113

count.K
37 63 

