logL = -937.803799 (converged)
AIC = 2175.607598
BIC = 2566.383126

count.K
23 77 

