logL = -656.155749 (converged)
AIC = 3380.311498
BIC = 6074.057471

count.K
15 21 5 9 6 15 10 16 3 

