logL = -735.918559 (converged)
AIC = 2915.837119
BIC = 4796.769993

count.K
10 7 3 33 36 11 

