logL = -566.218201 (converged)
AIC = 2868.436401
BIC = 5129.724123

count.K
5 16 15 14 11 19 7 13 

