logL = -215.024949 (converged)
AIC = 2650.049899
BIC = 5541.788805

count.K
8 14 4 1 10 8 24 9 3 19 

