logL = -405.214859 (converged)
AIC = 2716.429719
BIC = 5199.156906

count.K
2 8 4 38 30 15 2 0 1 

