logL = -555.177540 (converged)
AIC = 1886.355080
BIC = 2897.161112

count.K
27 34 28 11 

