logL = -873.918637 (converged)
AIC = 2051.837274
BIC = 2447.823143

count.K
47 53 

