logL = -890.545896 (converged)
AIC = 3903.091791
BIC = 6667.177359

count.K
9 2 2 6 18 0 19 16 28 

