0	tsk_0	(x)	1	:	0.000000	0.000000	0.000000	0.000000	0.000000	1.000000	0.000000	0.000000
1	tsk_1	(x)	1	:	1.000000	0.000000	0.000000	0.000000	0.000000	0.000000	0.000000	0.000000
2	tsk_2	(x)	1	:	0.480807	0.000001	0.000000	0.000000	0.068125	0.451067	0.000000	0.000000
3	tsk_3	(x)	1	:	0.480271	0.000000	0.000000	0.000000	0.069184	0.450545	0.000000	0.000000
4	tsk_4	(x)	1	:	0.480201	0.000000	0.000000	0.000000	0.069322	0.450477	0.000000	0.000000
5	tsk_5	(x)	1	:	0.000000	0.000000	0.000000	0.000000	1.000000	0.000000	0.000000	0.000000
6	tsk_6	(x)	1	:	1.000000	0.000000	0.000000	0.000000	0.000000	0.000000	0.000000	0.000000
7	tsk_7	(x)	1	:	1.000000	0.000000	0.000000	0.000000	0.000000	0.000000	0.000000	0.000000
8	tsk_8	(x)	1	:	0.000000	0.000015	0.000000	0.000000	0.523356	0.001883	0.000000	0.474746
9	tsk_9	(x)	1	:	0.000000	0.000000	0.000000	0.000000	0.000000	0.580861	0.098240	0.320899
10	tsk_10	(x)	1	:	0.000000	0.000000	0.523900	0.000000	0.000000	0.181451	0.294649	0.000000
11	tsk_11	(x)	1	:	0.000000	0.000000	0.000000	0.000000	0.000000	0.000000	0.000000	1.000000
12	tsk_12	(x)	1	:	0.000000	0.000000	0.568707	0.000000	0.000000	0.000000	0.000000	0.431293
13	tsk_13	(x)	1	:	0.000000	0.000000	0.494891	0.505109	0.000000	0.000000	0.000000	0.000000
14	tsk_14	(x)	1	:	0.000000	0.000000	0.494891	0.505109	0.000000	0.000000	0.000000	0.000000
15	tsk_15	(x)	1	:	0.480131	0.000000	0.513089	0.000000	0.006780	0.000000	0.000000	0.000000
16	tsk_16	(x)	1	:	0.480130	0.000000	0.000000	0.000000	0.519870	0.000000	0.000000	0.000000
17	tsk_17	(x)	1	:	0.480161	0.000044	0.000000	0.000000	0.519796	0.000000	0.000000	0.000000
18	tsk_18	(x)	1	:	0.000000	0.000000	0.568707	0.000000	0.000000	0.000000	0.000000	0.431293
19	tsk_19	(x)	1	:	0.000000	0.000000	0.494891	0.505109	0.000000	0.000000	0.000000	0.000000
20	tsk_20	(x)	1	:	0.480884	0.000001	0.000000	0.000000	0.067974	0.451142	0.000000	0.000000
21	tsk_21	(x)	1	:	0.000000	0.000000	0.000000	0.000000	0.000000	0.000000	0.000000	1.000000
22	tsk_22	(x)	1	:	0.000000	0.000000	0.000000	0.000000	0.000000	0.000000	0.000000	1.000000
23	tsk_23	(x)	1	:	0.481610	0.000000	0.000000	0.000000	0.041976	0.001147	0.000000	0.475266
24	tsk_24	(x)	1	:	0.000000	0.000000	0.000000	0.000000	0.000000	0.000000	0.000000	1.000000
25	tsk_25	(x)	1	:	0.000000	0.000000	0.000000	0.000000	0.000000	1.000000	0.000000	0.000000
26	tsk_26	(x)	1	:	0.481840	0.000000	0.000000	0.000000	0.041642	0.001213	0.000000	0.475304
27	tsk_27	(x)	1	:	0.000000	0.000215	0.000000	0.000000	0.522479	0.002754	0.000000	0.474551
28	tsk_28	(x)	1	:	0.000000	0.000000	0.000000	0.000000	0.549581	0.450419	0.000000	0.000000
29	tsk_29	(x)	1	:	0.000000	0.000000	0.000000	0.000000	0.000000	0.000000	0.000000	1.000000
30	tsk_30	(x)	1	:	0.000000	0.000000	0.000000	0.000000	1.000000	0.000000	0.000000	0.000000
31	tsk_31	(x)	1	:	0.480146	0.000021	0.000000	0.000000	0.519833	0.000000	0.000000	0.000000
32	tsk_32	(x)	1	:	0.480766	0.000000	0.000000	0.000000	0.066229	0.132919	0.000000	0.320086
33	tsk_33	(x)	1	:	0.482367	0.000006	0.000000	0.000000	0.062781	0.134866	0.000000	0.319980
34	tsk_34	(x)	1	:	0.000000	0.000012	0.000000	0.000000	0.547680	0.132185	0.000000	0.320123
35	tsk_35	(x)	1	:	0.000000	0.000063	0.000000	0.000000	0.547621	0.132191	0.000000	0.320124
36	tsk_36	(x)	1	:	0.000000	0.000000	0.000000	0.000000	1.000000	0.000000	0.000000	0.000000
37	tsk_37	(x)	1	:	0.000000	0.000000	0.000000	0.000000	1.000000	0.000000	0.000000	0.000000
38	tsk_38	(x)	1	:	0.000000	0.000207	0.000000	0.000000	0.999793	0.000000	0.000000	0.000000
39	tsk_39	(x)	1	:	0.000000	0.000063	0.000000	0.000000	0.999937	0.000000	0.000000	0.000000
40	tsk_40	(x)	1	:	0.000000	0.000000	0.000000	0.454853	0.000000	0.000000	0.000000	0.545147
41	tsk_41	(x)	1	:	0.000000	0.000000	0.000000	0.000000	0.000000	0.000000	0.000000	1.000000
42	tsk_42	(x)	1	:	0.480900	0.000000	0.000000	0.476541	0.042238	0.000320	0.000000	0.000000
43	tsk_43	(x)	1	:	0.000000	0.000000	0.000000	0.454853	0.000000	0.000000	0.000000	0.545147
44	tsk_44	(x)	1	:	0.476507	0.000000	0.000000	0.516517	0.006976	0.000000	0.000000	0.000000
45	tsk_45	(x)	1	:	0.000000	0.000014	0.000000	0.476391	0.522733	0.000863	0.000000	0.000000
46	tsk_46	(x)	1	:	0.480130	0.000000	0.000000	0.000000	0.519870	0.000000	0.000000	0.000000
47	tsk_47	(x)	1	:	0.480513	0.000000	0.000000	0.476497	0.042671	0.000319	0.000000	0.000000
48	tsk_48	(x)	1	:	0.459351	0.000000	0.000000	0.000000	0.000999	0.000000	0.000000	0.539650
49	tsk_49	(x)	1	:	0.481019	0.000000	0.000000	0.476542	0.042012	0.000426	0.000000	0.000000
50	tsk_50	(x)	1	:	0.000000	0.000000	0.408118	0.000000	0.000000	0.000000	0.000000	0.591882
51	tsk_51	(x)	1	:	0.480131	0.000001	0.000000	0.000000	0.519868	0.000000	0.000000	0.000000
52	tsk_52	(x)	1	:	0.000000	0.000000	0.000000	0.000000	1.000000	0.000000	0.000000	0.000000
53	tsk_53	(x)	1	:	0.000000	0.996349	0.000000	0.000000	0.003651	0.000000	0.000000	0.000000
54	tsk_54	(x)	1	:	0.000000	0.000036	0.000000	0.476333	0.522272	0.001359	0.000000	0.000000
55	tsk_55	(x)	1	:	0.000000	0.000011	0.000000	0.000000	0.301367	0.447350	0.000000	0.251273
56	tsk_56	(x)	1	:	0.387332	0.612667	0.000000	0.000000	0.000000	0.000000	0.000000	0.000000
57	tsk_57	(x)	1	:	0.000000	0.000000	0.000000	0.000000	1.000000	0.000000	0.000000	0.000000
58	tsk_58	(x)	1	:	0.000000	0.997367	0.000000	0.000000	0.002633	0.000000	0.000000	0.000000
59	tsk_59	(x)	1	:	0.000000	0.000080	0.000000	0.000000	0.999920	0.000000	0.000000	0.000000
60	tsk_60	(x)	1	:	0.000000	0.000019	0.000000	0.000000	0.999981	0.000000	0.000000	0.000000
61	tsk_61	(x)	1	:	0.000000	0.000000	0.000000	0.000000	1.000000	0.000000	0.000000	0.000000
62	tsk_62	(x)	1	:	0.000000	0.000000	0.000000	0.000000	1.000000	0.000000	0.000000	0.000000
63	tsk_63	(x)	1	:	0.000000	0.000011	0.000000	0.000000	0.455705	0.000000	0.000000	0.544285
64	tsk_64	(x)	1	:	0.000000	0.000000	0.000000	0.000000	1.000000	0.000000	0.000000	0.000000
65	tsk_65	(x)	1	:	0.000000	0.000000	0.000000	0.000000	1.000000	0.000000	0.000000	0.000000
66	tsk_66	(x)	1	:	0.000000	0.000033	0.000000	0.000000	0.999967	0.000000	0.000000	0.000000
67	tsk_67	(x)	1	:	0.000000	0.000064	0.000000	0.000000	0.999936	0.000000	0.000000	0.000000
68	tsk_68	(x)	1	:	0.000000	0.000007	0.000000	0.000000	0.999993	0.000000	0.000000	0.000000
69	tsk_69	(x)	1	:	0.000000	0.000241	0.000000	0.000000	0.455449	0.000000	0.000000	0.544310
70	tsk_70	(x)	1	:	0.000000	0.000119	0.000000	0.000000	0.549392	0.450489	0.000000	0.000000
71	tsk_71	(x)	1	:	0.000000	0.000148	0.000000	0.000000	0.999852	0.000000	0.000000	0.000000
72	tsk_72	(x)	1	:	0.480271	0.000000	0.000000	0.000000	0.069183	0.450546	0.000000	0.000000
73	tsk_73	(x)	1	:	0.480122	0.000000	0.000000	0.000000	0.369087	0.000000	0.150791	0.000000
74	tsk_74	(x)	1	:	0.480136	0.000000	0.000000	0.000000	0.440231	0.000000	0.079633	0.000000
75	tsk_75	(x)	1	:	0.480130	0.000000	0.000000	0.000000	0.519870	0.000000	0.000000	0.000000
76	tsk_76	(x)	1	:	0.480136	0.000000	0.000000	0.000000	0.440231	0.000000	0.079633	0.000000
77	tsk_77	(x)	1	:	1.000000	0.000000	0.000000	0.000000	0.000000	0.000000	0.000000	0.000000
78	tsk_78	(x)	1	:	0.480131	0.000000	0.000000	0.000000	0.519869	0.000000	0.000000	0.000000
79	tsk_79	(x)	1	:	0.480813	0.000001	0.000000	0.000000	0.068114	0.451073	0.000000	0.000000
80	tsk_80	(x)	1	:	0.000000	0.000000	0.000000	0.000000	0.000000	0.254716	0.000000	0.745284
81	tsk_81	(x)	1	:	0.000000	0.000000	0.000000	0.556746	0.000000	0.195393	0.000000	0.247861
82	tsk_82	(x)	1	:	0.000000	0.000028	0.000000	0.000000	0.455686	0.000000	0.000000	0.544287
83	tsk_83	(x)	1	:	0.000000	0.000002	0.000000	0.000000	0.296505	0.453863	0.000000	0.249630
84	tsk_84	(x)	1	:	0.000000	0.000000	0.000000	1.000000	0.000000	0.000000	0.000000	0.000000
85	tsk_85	(x)	1	:	0.000000	0.000000	0.000000	0.524969	0.000000	0.010170	0.099147	0.365715
86	tsk_86	(x)	1	:	0.000000	0.000000	0.000000	0.000000	0.543218	0.040187	0.097733	0.318863
87	tsk_87	(x)	1	:	0.000000	0.000000	0.000000	0.556746	0.000000	0.195393	0.000000	0.247861
88	tsk_88	(x)	1	:	0.000000	0.000513	0.000000	0.000000	0.541644	0.041556	0.097679	0.318608
89	tsk_89	(x)	1	:	0.000000	0.000005	0.000000	0.000000	0.455711	0.000000	0.000000	0.544284
90	tsk_90	(x)	1	:	0.000000	0.000000	0.000000	0.000000	0.000000	0.222316	0.294691	0.482993
91	tsk_91	(x)	1	:	0.514319	0.000000	0.000000	0.000000	0.000000	0.191251	0.294431	0.000000
92	tsk_92	(x)	1	:	0.000000	0.000074	0.000000	0.000000	0.455634	0.000000	0.000000	0.544292
93	tsk_93	(x)	1	:	0.481944	0.000000	0.000000	0.000000	0.041468	0.001275	0.000000	0.475313
94	tsk_94	(x)	1	:	0.480136	0.000000	0.000000	0.000000	0.440232	0.000000	0.079632	0.000000
95	tsk_95	(x)	1	:	0.000000	0.000000	0.000000	0.000000	0.000000	0.429056	0.000000	0.570944
96	tsk_96	(x)	1	:	0.479984	0.000000	0.401113	0.000000	0.040905	0.000883	0.000000	0.077115
97	tsk_97	(x)	1	:	0.000000	0.000000	0.000000	0.000000	0.455717	0.000000	0.000000	0.544283
98	tsk_98	(x)	1	:	0.480157	0.000000	0.000000	0.000000	0.069408	0.450435	0.000000	0.000000
99	tsk_99	(x)	1	:	0.000000	0.000000	0.000000	0.454853	0.000000	0.000000	0.000000	0.545147
