logL = -664.846188 (converged)
AIC = 2153.692377
BIC = 3227.022494

count.K
27 9 30 34 

