logL = -651.837140 (converged)
AIC = 3167.674279
BIC = 5595.692892

count.K
20 7 2 16 16 3 31 5 

