logL = -805.792399 (converged)
AIC = 2173.584799
BIC = 2905.637621

count.K
67 18 15 

