logL = -711.622041 (converged)
AIC = 3001.244081
BIC = 5056.723358

count.K
36 7 19 11 22 0 5 

