logL = -1216.598260 (converged)
AIC = 3841.196520
BIC = 5675.236331

count.K
19 18 9 18 24 12 

