logL = -723.453571 (converged)
AIC = 3358.907142
BIC = 5849.449840

count.K
28 11 25 15 2 8 7 4 

