logL = -943.225300 (converged)
AIC = 4466.450601
BIC = 7827.120141

count.K
13 5 5 7 30 7 5 6 9 13 

