logL = -984.421980 (converged)
AIC = 2572.843960
BIC = 3359.605356

count.K
22 57 21 

