logL = -1224.507317 (converged)
AIC = 4251.014635
BIC = 6598.272973

count.K
2 5 53 0 26 7 7 

