logL = -797.708177 (converged)
AIC = 3789.416354
BIC = 6647.288048

count.K
34 4 3 5 25 4 8 4 13 

