logL = -1459.901438 (converged)
AIC = 4089.802877
BIC = 5613.827435

count.K
9 40 14 25 12 

