logL = -510.087303 (converged)
AIC = 3380.174605
BIC = 6454.275425

count.K
8 21 2 12 4 11 11 9 18 4 

