logL = -983.168847 (converged)
AIC = 3086.337694
BIC = 4545.232999

count.K
18 3 26 8 45 

