logL = -666.759706 (converged)
AIC = 3023.519412
BIC = 5224.888219

count.K
25 1 20 26 15 4 9 

