logL = -1073.572591 (converged)
AIC = 2703.145181
BIC = 3427.382493

count.K
35 12 53 

