logL = -790.884667 (converged)
AIC = 3921.769333
BIC = 6969.818451

count.K
2 14 3 9 16 25 0 1 24 6 

