logL = -632.790975 (converged)
AIC = 1773.581950
BIC = 2435.295178

count.K
23 24 53 

