logL = -2093.424001 (converged)
AIC = 4898.848001
BIC = 5826.288587

count.K
43 16 41 

