logL = -1156.143812 (converged)
AIC = 2660.287625
BIC = 3113.587237

count.K
16 84 

