logL = -613.872612 (converged)
AIC = 2019.745225
BIC = 3051.392619

count.K
30 21 29 20 

