0	tsk_0	(x)	1	:	0.000000	0.576890	0.000000	0.000000	0.423110	0.000000	0.000000	0.000000
1	tsk_1	(x)	1	:	0.000000	0.000000	0.000000	0.000000	1.000000	0.000000	0.000000	0.000000
2	tsk_2	(x)	1	:	0.000000	0.000000	0.000005	0.000001	0.480883	0.000000	0.000000	0.519110
3	tsk_3	(x)	1	:	0.000000	0.306518	0.003566	0.000000	0.000000	0.205820	0.000000	0.484096
4	tsk_4	(x)	1	:	0.000000	0.000002	0.000000	0.552542	0.447454	0.000000	0.000002	0.000000
5	tsk_5	(x)	1	:	0.000000	0.000000	0.000000	0.000000	1.000000	0.000000	0.000000	0.000000
6	tsk_6	(x)	1	:	0.000000	0.000003	0.000000	0.552541	0.447454	0.000000	0.000002	0.000000
7	tsk_7	(x)	1	:	0.000000	0.000000	0.000000	0.000000	0.000000	0.000000	0.000000	1.000000
8	tsk_8	(x)	1	:	0.000000	0.424942	0.000000	0.000000	0.575058	0.000000	0.000000	0.000000
9	tsk_9	(x)	1	:	0.000000	0.000000	0.018816	0.000001	0.490825	0.000000	0.000000	0.490357
10	tsk_10	(x)	1	:	0.494049	0.497891	0.008060	0.000000	0.000000	0.000000	0.000000	0.000000
11	tsk_11	(x)	1	:	0.496043	0.000000	0.503957	0.000000	0.000000	0.000000	0.000000	0.000000
12	tsk_12	(x)	1	:	0.493974	0.497864	0.008162	0.000000	0.000000	0.000000	0.000000	0.000000
13	tsk_13	(x)	1	:	0.494137	0.497923	0.007940	0.000000	0.000000	0.000000	0.000000	0.000000
14	tsk_14	(x)	1	:	0.505956	0.000000	0.000000	0.000000	0.000000	0.000000	0.000000	0.494044
15	tsk_15	(x)	1	:	0.000000	0.000000	0.000000	0.000000	0.000000	0.000000	0.000000	1.000000
16	tsk_16	(x)	1	:	0.505956	0.000000	0.000000	0.000000	0.000000	0.000000	0.000000	0.494044
17	tsk_17	(x)	1	:	0.000000	0.000000	0.000000	0.000000	0.000000	0.000000	0.000000	1.000000
18	tsk_18	(x)	1	:	1.000000	0.000000	0.000000	0.000000	0.000000	0.000000	0.000000	0.000000
19	tsk_19	(x)	1	:	0.000000	0.000000	0.509412	0.000000	0.000000	0.000000	0.000000	0.490588
20	tsk_20	(x)	1	:	0.000000	0.000000	0.000000	1.000000	0.000000	0.000000	0.000000	0.000000
21	tsk_21	(x)	1	:	0.000000	1.000000	0.000000	0.000000	0.000000	0.000000	0.000000	0.000000
22	tsk_22	(x)	1	:	0.000000	0.511980	0.000000	0.488015	0.000000	0.000000	0.000005	0.000000
23	tsk_23	(x)	1	:	0.000000	0.000000	0.489633	0.000000	0.510367	0.000000	0.000000	0.000000
24	tsk_24	(x)	1	:	0.000000	0.432294	0.000000	0.000000	0.567706	0.000000	0.000000	0.000000
25	tsk_25	(x)	1	:	0.000000	0.500661	0.000000	0.499338	0.000000	0.000000	0.000001	0.000000
26	tsk_26	(x)	1	:	0.000000	0.511981	0.000000	0.488013	0.000000	0.000000	0.000006	0.000000
27	tsk_27	(x)	1	:	0.000000	0.000003	0.000000	0.552306	0.000000	0.447688	0.000002	0.000000
28	tsk_28	(x)	1	:	0.000000	0.498614	0.501386	0.000000	0.000000	0.000000	0.000000	0.000000
29	tsk_29	(x)	1	:	0.000000	1.000000	0.000000	0.000000	0.000000	0.000000	0.000000	0.000000
30	tsk_30	(x)	1	:	0.000000	0.499983	0.500016	0.000000	0.000000	0.000000	0.000000	0.000000
31	tsk_31	(x)	1	:	0.496043	0.000000	0.503957	0.000000	0.000000	0.000000	0.000000	0.000000
32	tsk_32	(x)	1	:	0.000000	0.500660	0.000000	0.499340	0.000000	0.000000	0.000000	0.000000
33	tsk_33	(x)	1	:	0.000000	0.000000	0.501438	0.498557	0.000000	0.000000	0.000005	0.000000
34	tsk_34	(x)	1	:	0.000000	0.000000	0.501438	0.498559	0.000000	0.000000	0.000003	0.000000
35	tsk_35	(x)	1	:	0.000000	0.000000	0.501438	0.498560	0.000000	0.000000	0.000002	0.000000
36	tsk_36	(x)	1	:	0.000000	0.000000	0.000000	0.999999	0.000000	0.000000	0.000001	0.000000
37	tsk_37	(x)	1	:	0.000000	0.000000	1.000000	0.000000	0.000000	0.000000	0.000000	0.000000
38	tsk_38	(x)	1	:	0.000000	0.499983	0.500016	0.000000	0.000000	0.000000	0.000000	0.000000
39	tsk_39	(x)	1	:	0.000000	0.000000	0.501438	0.498559	0.000000	0.000000	0.000003	0.000000
40	tsk_40	(x)	1	:	0.000000	0.000000	0.501438	0.498558	0.000000	0.000000	0.000004	0.000000
41	tsk_41	(x)	1	:	0.000000	1.000000	0.000000	0.000000	0.000000	0.000000	0.000000	0.000000
42	tsk_42	(x)	1	:	0.000000	0.000000	1.000000	0.000000	0.000000	0.000000	0.000000	0.000000
43	tsk_43	(x)	1	:	0.493736	0.499145	0.007120	0.000000	0.000000	0.000000	0.000000	0.000000
44	tsk_44	(x)	1	:	0.000000	0.000000	0.489171	0.000000	0.000000	0.510828	0.000000	0.000000
45	tsk_45	(x)	1	:	0.000000	0.000014	0.509076	0.000006	0.000000	0.490905	0.000000	0.000000
46	tsk_46	(x)	1	:	0.000000	0.499983	0.500016	0.000000	0.000000	0.000000	0.000000	0.000000
47	tsk_47	(x)	1	:	0.000000	0.000000	0.000000	0.000000	0.000000	1.000000	0.000000	0.000000
48	tsk_48	(x)	1	:	0.000000	0.306543	0.003405	0.000000	0.000000	0.205831	0.000000	0.484222
49	tsk_49	(x)	1	:	0.495628	0.000006	0.013595	0.000005	0.000000	0.490766	0.000000	0.000000
50	tsk_50	(x)	1	:	0.000000	0.000000	0.000000	0.000000	0.000000	0.000000	0.000000	1.000000
51	tsk_51	(x)	1	:	0.000000	0.393420	0.000000	0.606580	0.000000	0.000000	0.000000	0.000000
52	tsk_52	(x)	1	:	0.000000	0.000000	0.012708	0.498151	0.000000	0.000000	0.000001	0.489140
53	tsk_53	(x)	1	:	0.000000	0.000000	0.012871	0.498114	0.000000	0.000000	0.000003	0.489012
54	tsk_54	(x)	1	:	0.000000	0.000000	0.000000	0.000000	0.000000	0.000000	0.000000	1.000000
55	tsk_55	(x)	1	:	0.000000	0.000000	0.012743	0.498143	0.000000	0.000000	0.000003	0.489112
56	tsk_56	(x)	1	:	0.000000	0.393420	0.000000	0.606580	0.000000	0.000000	0.000000	0.000000
57	tsk_57	(x)	1	:	0.000000	0.000000	0.000002	0.486658	0.000000	0.000000	0.000007	0.513333
58	tsk_58	(x)	1	:	0.000000	0.000000	0.012605	0.498173	0.000000	0.000000	0.000003	0.489220
59	tsk_59	(x)	1	:	0.000000	0.393420	0.000000	0.606580	0.000000	0.000000	0.000000	0.000000
60	tsk_60	(x)	1	:	0.000000	0.000000	0.000000	0.000000	0.000000	0.000000	1.000000	0.000000
61	tsk_61	(x)	1	:	0.000000	0.000000	0.501078	0.005138	0.000000	0.000000	0.493784	0.000000
62	tsk_62	(x)	1	:	0.000000	0.000000	0.501043	0.005676	0.000000	0.000000	0.493281	0.000000
63	tsk_63	(x)	1	:	0.000000	0.000000	0.000000	0.000000	0.000000	0.000000	1.000000	0.000000
64	tsk_64	(x)	1	:	0.000000	0.495895	0.000000	0.013290	0.000000	0.000000	0.490815	0.000000
65	tsk_65	(x)	1	:	0.000000	0.498614	0.501386	0.000000	0.000000	0.000000	0.000000	0.000000
66	tsk_66	(x)	1	:	0.000000	0.000000	0.000000	0.000262	0.397247	0.000000	0.602492	0.000000
67	tsk_67	(x)	1	:	0.000000	0.495986	0.000000	0.013042	0.000000	0.000000	0.490971	0.000000
68	tsk_68	(x)	1	:	0.494974	0.000000	0.006429	0.005865	0.000000	0.000000	0.492732	0.000000
69	tsk_69	(x)	1	:	0.000000	0.000000	0.000000	0.000000	0.000000	0.000000	1.000000	0.000000
70	tsk_70	(x)	1	:	0.000000	1.000000	0.000000	0.000000	0.000000	0.000000	0.000000	0.000000
71	tsk_71	(x)	1	:	0.000000	0.498614	0.501386	0.000000	0.000000	0.000000	0.000000	0.000000
72	tsk_72	(x)	1	:	0.000000	0.000000	0.000000	0.999998	0.000000	0.000000	0.000002	0.000000
73	tsk_73	(x)	1	:	0.000000	0.000017	0.509076	0.000005	0.000000	0.490902	0.000000	0.000000
74	tsk_74	(x)	1	:	0.000000	0.000000	0.501438	0.498557	0.000000	0.000000	0.000004	0.000000
75	tsk_75	(x)	1	:	0.000000	0.498614	0.501386	0.000000	0.000000	0.000000	0.000000	0.000000
76	tsk_76	(x)	1	:	0.000000	0.323871	0.523835	0.131466	0.014089	0.006739	0.000000	0.000000
77	tsk_77	(x)	1	:	0.000000	0.000000	0.501438	0.498559	0.000000	0.000000	0.000003	0.000000
78	tsk_78	(x)	1	:	0.000000	0.000000	0.501438	0.498560	0.000000	0.000000	0.000002	0.000000
79	tsk_79	(x)	1	:	0.000000	0.500660	0.000000	0.499340	0.000000	0.000000	0.000000	0.000000
80	tsk_80	(x)	1	:	0.000000	0.000000	0.000000	0.815689	0.184305	0.000000	0.000006	0.000000
81	tsk_81	(x)	1	:	0.000000	0.000000	0.000134	0.487161	0.000000	0.000000	0.000000	0.512705
82	tsk_82	(x)	1	:	0.000000	0.000000	0.002962	0.307685	0.205925	0.000000	0.000015	0.483413
83	tsk_83	(x)	1	:	0.000000	0.500660	0.000000	0.499340	0.000000	0.000000	0.000001	0.000000
84	tsk_84	(x)	1	:	0.000000	0.499542	0.011397	0.000000	0.000000	0.000000	0.000000	0.489062
85	tsk_85	(x)	1	:	0.000000	0.375034	0.000000	0.384090	0.240874	0.000000	0.000002	0.000000
86	tsk_86	(x)	1	:	0.494251	0.497964	0.007785	0.000000	0.000000	0.000000	0.000000	0.000000
87	tsk_87	(x)	1	:	0.000000	0.499501	0.011577	0.000000	0.000000	0.000000	0.000000	0.488922
88	tsk_88	(x)	1	:	0.000000	0.000000	0.003036	0.307686	0.205918	0.000000	0.000005	0.483355
89	tsk_89	(x)	1	:	0.000000	0.000000	0.509412	0.000000	0.000000	0.000000	0.000000	0.490588
90	tsk_90	(x)	1	:	0.493874	0.000000	0.008333	0.497791	0.000000	0.000000	0.000002	0.000000
91	tsk_91	(x)	1	:	1.000000	0.000000	0.000000	0.000000	0.000000	0.000000	0.000000	0.000000
92	tsk_92	(x)	1	:	0.543663	0.000000	0.456337	0.000000	0.000000	0.000000	0.000000	0.000000
93	tsk_93	(x)	1	:	0.495520	0.000013	0.013741	0.000004	0.000000	0.490723	0.000000	0.000000
94	tsk_94	(x)	1	:	0.494043	0.000000	0.008104	0.497850	0.000000	0.000000	0.000003	0.000000
95	tsk_95	(x)	1	:	1.000000	0.000000	0.000000	0.000000	0.000000	0.000000	0.000000	0.000000
96	tsk_96	(x)	1	:	0.493617	0.499102	0.007281	0.000000	0.000000	0.000000	0.000000	0.000000
97	tsk_97	(x)	1	:	1.000000	0.000000	0.000000	0.000000	0.000000	0.000000	0.000000	0.000000
98	tsk_98	(x)	1	:	0.513487	0.486511	0.000002	0.000000	0.000000	0.000000	0.000000	0.000000
99	tsk_99	(x)	1	:	0.496043	0.000000	0.503957	0.000000	0.000000	0.000000	0.000000	0.000000
