0	tsk_0	(x)	1	:	0.000000	0.000000	0.000000	0.499493	0.000001	0.500492	0.000014
1	tsk_1	(x)	1	:	0.514956	0.000000	0.000000	0.485044	0.000000	0.000000	0.000000
2	tsk_2	(x)	1	:	0.000000	0.000000	0.000000	1.000000	0.000000	0.000000	0.000000
3	tsk_3	(x)	1	:	0.000000	0.000000	0.000000	1.000000	0.000000	0.000000	0.000000
4	tsk_4	(x)	1	:	0.000000	0.000000	0.000000	1.000000	0.000000	0.000000	0.000000
5	tsk_5	(x)	1	:	0.000000	0.000000	0.000000	1.000000	0.000000	0.000000	0.000000
6	tsk_6	(x)	1	:	0.000000	0.000000	0.000000	0.000000	0.774499	0.225501	0.000000
7	tsk_7	(x)	1	:	0.432815	0.000000	0.000000	0.567185	0.000000	0.000000	0.000000
8	tsk_8	(x)	1	:	0.000000	0.250331	0.000000	0.749669	0.000000	0.000000	0.000000
9	tsk_9	(x)	1	:	0.000000	0.000000	0.000000	0.499489	0.000000	0.500493	0.000018
10	tsk_10	(x)	1	:	0.000000	0.250331	0.000000	0.749669	0.000000	0.000000	0.000000
11	tsk_11	(x)	1	:	0.000000	0.494361	0.000000	0.000004	0.000000	0.505580	0.000055
12	tsk_12	(x)	1	:	1.000000	0.000000	0.000000	0.000000	0.000000	0.000000	0.000000
13	tsk_13	(x)	1	:	0.421392	0.000003	0.000000	0.000329	0.000000	0.000000	0.578276
14	tsk_14	(x)	1	:	1.000000	0.000000	0.000000	0.000000	0.000000	0.000000	0.000000
15	tsk_15	(x)	1	:	0.000000	0.000000	0.000000	1.000000	0.000000	0.000000	0.000000
16	tsk_16	(x)	1	:	0.590376	0.409620	0.000000	0.000004	0.000000	0.000000	0.000000
17	tsk_17	(x)	1	:	0.480664	0.000000	0.000000	0.000001	0.000000	0.519326	0.000009
18	tsk_18	(x)	1	:	0.432813	0.000008	0.000000	0.567179	0.000000	0.000000	0.000000
19	tsk_19	(x)	1	:	0.000000	0.999996	0.000000	0.000004	0.000000	0.000000	0.000000
20	tsk_20	(x)	1	:	1.000000	0.000000	0.000000	0.000000	0.000000	0.000000	0.000000
21	tsk_21	(x)	1	:	0.503988	0.000000	0.329227	0.000000	0.000000	0.166785	0.000000
22	tsk_22	(x)	1	:	0.480717	0.000000	0.348849	0.000000	0.000000	0.170422	0.000012
23	tsk_23	(x)	1	:	0.533468	0.466514	0.000000	0.000018	0.000000	0.000000	0.000000
24	tsk_24	(x)	1	:	0.492447	0.000000	0.000000	0.000000	0.507289	0.000264	0.000000
25	tsk_25	(x)	1	:	1.000000	0.000000	0.000000	0.000000	0.000000	0.000000	0.000000
26	tsk_26	(x)	1	:	0.000000	0.494368	0.328520	0.000007	0.000000	0.177054	0.000051
27	tsk_27	(x)	1	:	0.492447	0.000000	0.000000	0.000000	0.507289	0.000264	0.000000
28	tsk_28	(x)	1	:	0.000000	0.924444	0.000000	0.075556	0.000000	0.000000	0.000000
29	tsk_29	(x)	1	:	0.000000	0.999997	0.000000	0.000003	0.000000	0.000000	0.000000
30	tsk_30	(x)	1	:	0.000000	0.000000	0.999978	0.000000	0.000022	0.000000	0.000000
31	tsk_31	(x)	1	:	0.000000	0.000000	0.999989	0.000000	0.000000	0.000011	0.000000
32	tsk_32	(x)	1	:	0.000000	0.040453	0.529926	0.175430	0.000000	0.000000	0.254191
33	tsk_33	(x)	1	:	0.000000	0.000000	0.649024	0.000000	0.000000	0.350976	0.000000
34	tsk_34	(x)	1	:	0.000000	0.000000	0.507144	0.000019	0.000000	0.000011	0.492825
35	tsk_35	(x)	1	:	0.000000	0.000000	1.000000	0.000000	0.000000	0.000000	0.000000
36	tsk_36	(x)	1	:	0.000000	0.000000	1.000000	0.000000	0.000000	0.000000	0.000000
37	tsk_37	(x)	1	:	0.000000	0.000000	1.000000	0.000000	0.000000	0.000000	0.000000
38	tsk_38	(x)	1	:	0.000000	0.000000	0.649164	0.000000	0.000000	0.350836	0.000000
39	tsk_39	(x)	1	:	0.000000	0.000000	1.000000	0.000000	0.000000	0.000000	0.000000
40	tsk_40	(x)	1	:	0.000000	0.000000	1.000000	0.000000	0.000000	0.000000	0.000000
41	tsk_41	(x)	1	:	0.513564	0.000000	0.486435	0.000000	0.000000	0.000000	0.000000
42	tsk_42	(x)	1	:	0.000000	0.000001	0.505314	0.000022	0.000000	0.000002	0.494662
43	tsk_43	(x)	1	:	0.000000	0.487425	0.512543	0.000006	0.000000	0.000000	0.000026
44	tsk_44	(x)	1	:	0.000000	0.000000	1.000000	0.000000	0.000000	0.000000	0.000000
45	tsk_45	(x)	1	:	0.521973	0.000000	0.329156	0.000000	0.000000	0.148872	0.000000
46	tsk_46	(x)	1	:	0.513564	0.000000	0.486435	0.000000	0.000000	0.000001	0.000000
47	tsk_47	(x)	1	:	0.521973	0.000000	0.329164	0.000000	0.000000	0.148863	0.000000
48	tsk_48	(x)	1	:	0.000000	0.000001	0.505314	0.000036	0.000000	0.000002	0.494648
49	tsk_49	(x)	1	:	0.000000	0.487415	0.512543	0.000008	0.000000	0.000000	0.000035
50	tsk_50	(x)	1	:	0.375509	0.624491	0.000000	0.000000	0.000000	0.000000	0.000000
51	tsk_51	(x)	1	:	0.000000	0.000000	1.000000	0.000000	0.000000	0.000000	0.000000
52	tsk_52	(x)	1	:	0.000000	0.496862	0.349046	0.000002	0.000000	0.154048	0.000042
53	tsk_53	(x)	1	:	0.000000	0.000000	0.775327	0.000000	0.000000	0.224673	0.000000
54	tsk_54	(x)	1	:	0.480720	0.000000	0.348901	0.000001	0.000000	0.170367	0.000011
55	tsk_55	(x)	1	:	0.000000	0.496861	0.349019	0.000003	0.000000	0.154076	0.000041
56	tsk_56	(x)	1	:	0.000000	1.000000	0.000000	0.000000	0.000000	0.000000	0.000000
57	tsk_57	(x)	1	:	0.000000	0.000000	0.776964	0.000000	0.000000	0.223036	0.000000
58	tsk_58	(x)	1	:	0.480727	0.000000	0.348969	0.000001	0.000000	0.170296	0.000007
59	tsk_59	(x)	1	:	0.375509	0.624491	0.000000	0.000000	0.000000	0.000000	0.000000
60	tsk_60	(x)	1	:	0.000000	0.000000	0.522665	0.000000	0.477335	0.000000	0.000000
61	tsk_61	(x)	1	:	0.000000	0.000000	0.000000	0.499483	0.190204	0.310290	0.000023
62	tsk_62	(x)	1	:	0.000000	0.999994	0.000000	0.000006	0.000000	0.000000	0.000000
63	tsk_63	(x)	1	:	0.000000	0.496786	0.000000	0.000002	0.000000	0.503164	0.000047
64	tsk_64	(x)	1	:	0.000000	0.607623	0.000000	0.392377	0.000000	0.000000	0.000000
65	tsk_65	(x)	1	:	0.000000	0.496784	0.000000	0.000002	0.000000	0.503164	0.000049
66	tsk_66	(x)	1	:	0.000000	0.476280	0.000000	0.523720	0.000000	0.000000	0.000000
67	tsk_67	(x)	1	:	0.000000	1.000000	0.000000	0.000000	0.000000	0.000000	0.000000
68	tsk_68	(x)	1	:	0.000000	0.999996	0.000000	0.000004	0.000000	0.000000	0.000000
69	tsk_69	(x)	1	:	0.000000	0.000000	0.000001	0.499486	0.000000	0.500492	0.000021
70	tsk_70	(x)	1	:	0.000000	0.443983	0.000000	0.556017	0.000000	0.000000	0.000000
71	tsk_71	(x)	1	:	0.000000	0.000000	0.000000	1.000000	0.000000	0.000000	0.000000
72	tsk_72	(x)	1	:	0.000000	0.000000	0.000000	1.000000	0.000000	0.000000	0.000000
73	tsk_73	(x)	1	:	0.000000	0.000001	0.000000	0.999999	0.000000	0.000000	0.000000
74	tsk_74	(x)	1	:	0.000000	0.575823	0.000000	0.424177	0.000000	0.000000	0.000000
75	tsk_75	(x)	1	:	0.000000	0.443983	0.000000	0.556017	0.000000	0.000000	0.000000
76	tsk_76	(x)	1	:	0.000000	0.443983	0.000000	0.556017	0.000000	0.000000	0.000000
77	tsk_77	(x)	1	:	0.000000	0.999996	0.000000	0.000004	0.000000	0.000000	0.000000
78	tsk_78	(x)	1	:	0.000000	1.000000	0.000000	0.000000	0.000000	0.000000	0.000000
79	tsk_79	(x)	1	:	0.000000	0.000000	0.349023	0.499554	0.000000	0.151402	0.000021
80	tsk_80	(x)	1	:	0.000000	0.000001	0.000000	0.000025	0.000000	0.497923	0.502051
81	tsk_81	(x)	1	:	0.000000	0.515931	0.000000	0.000000	0.000000	0.484068	0.000000
82	tsk_82	(x)	1	:	0.000000	0.625503	0.000000	0.374497	0.000000	0.000000	0.000000
83	tsk_83	(x)	1	:	0.000000	0.000000	0.774821	0.000000	0.000000	0.225179	0.000000
84	tsk_84	(x)	1	:	0.000000	0.000000	0.349186	0.000000	0.000000	0.650814	0.000000
85	tsk_85	(x)	1	:	0.000000	1.000000	0.000000	0.000000	0.000000	0.000000	0.000000
86	tsk_86	(x)	1	:	0.480662	0.000000	0.000000	0.000000	0.000000	0.519326	0.000011
87	tsk_87	(x)	1	:	0.000000	0.515931	0.000000	0.000000	0.000000	0.484069	0.000000
88	tsk_88	(x)	1	:	0.480662	0.000000	0.000000	0.000000	0.000000	0.519326	0.000011
89	tsk_89	(x)	1	:	0.375509	0.624491	0.000000	0.000000	0.000000	0.000000	0.000000
90	tsk_90	(x)	1	:	0.000000	0.000000	0.999977	0.000000	0.000023	0.000000	0.000000
91	tsk_91	(x)	1	:	0.000000	0.000000	0.698596	0.000000	0.000000	0.301403	0.000000
92	tsk_92	(x)	1	:	0.000000	0.000000	0.000000	0.000000	1.000000	0.000000	0.000000
93	tsk_93	(x)	1	:	0.000000	0.000000	0.000000	0.000058	0.528367	0.000000	0.471575
94	tsk_94	(x)	1	:	0.000000	0.000000	0.649673	0.000000	0.000000	0.350327	0.000000
95	tsk_95	(x)	1	:	0.000000	0.000000	0.016415	0.000000	0.983585	0.000000	0.000000
96	tsk_96	(x)	1	:	0.000000	0.000000	0.000000	0.000022	0.000000	0.497923	0.502054
97	tsk_97	(x)	1	:	0.000000	0.000000	0.000000	0.000000	0.000000	1.000000	0.000000
98	tsk_98	(x)	1	:	0.000000	0.000000	0.016424	0.000000	0.983576	0.000000	0.000000
99	tsk_99	(x)	1	:	0.000000	0.000000	0.329669	0.000030	0.000000	0.168139	0.502162
