logL = -536.924765 (converged)
AIC = 2937.849531
BIC = 5365.868144

count.K
5 3 14 2 15 29 10 22 

