0	tsk_0	(x)	1	:	0.514862	0.388054	0.097083	0.000000
1	tsk_1	(x)	1	:	0.000000	0.338025	0.000017	0.661958
2	tsk_2	(x)	1	:	0.000000	0.000000	0.574539	0.425461
3	tsk_3	(x)	1	:	0.514886	0.388074	0.097040	0.000000
4	tsk_4	(x)	1	:	0.000000	0.000000	0.000002	0.999998
5	tsk_5	(x)	1	:	0.000000	0.400050	0.003583	0.596367
6	tsk_6	(x)	1	:	0.000000	0.450792	0.000321	0.548887
7	tsk_7	(x)	1	:	0.606950	0.390669	0.002381	0.000000
8	tsk_8	(x)	1	:	0.516011	0.416166	0.067808	0.000015
9	tsk_9	(x)	1	:	0.000000	0.953937	0.045922	0.000141
10	tsk_10	(x)	1	:	0.470849	0.000000	0.000250	0.528901
11	tsk_11	(x)	1	:	0.395688	0.000000	0.604312	0.000000
12	tsk_12	(x)	1	:	0.000000	0.000000	0.361652	0.638348
13	tsk_13	(x)	1	:	0.000000	0.000000	0.361655	0.638345
14	tsk_14	(x)	1	:	0.518498	0.000000	0.481502	0.000000
15	tsk_15	(x)	1	:	0.518498	0.000000	0.481502	0.000000
16	tsk_16	(x)	1	:	0.000000	0.000000	0.998478	0.001522
17	tsk_17	(x)	1	:	0.000000	0.000000	0.361653	0.638347
18	tsk_18	(x)	1	:	0.000000	0.000000	0.361652	0.638348
19	tsk_19	(x)	1	:	0.000000	0.999991	0.000009	0.000000
20	tsk_20	(x)	1	:	0.283491	0.305420	0.411089	0.000000
21	tsk_21	(x)	1	:	0.000000	0.000000	0.000002	0.999998
22	tsk_22	(x)	1	:	0.569917	0.000000	0.430083	0.000000
23	tsk_23	(x)	1	:	0.000000	0.999991	0.000009	0.000000
24	tsk_24	(x)	1	:	0.277886	0.000000	0.389492	0.332622
25	tsk_25	(x)	1	:	0.000000	0.400313	0.002608	0.597080
26	tsk_26	(x)	1	:	0.000000	0.400183	0.003087	0.596729
27	tsk_27	(x)	1	:	0.000000	0.350221	0.649778	0.000001
28	tsk_28	(x)	1	:	0.000000	0.999988	0.000012	0.000000
29	tsk_29	(x)	1	:	0.267792	0.000000	0.732208	0.000000
30	tsk_30	(x)	1	:	0.470857	0.000000	0.000217	0.528927
31	tsk_31	(x)	1	:	0.527234	0.000000	0.472766	0.000000
32	tsk_32	(x)	1	:	0.520739	0.000000	0.479261	0.000000
33	tsk_33	(x)	1	:	0.442090	0.557910	0.000000	0.000000
34	tsk_34	(x)	1	:	0.470868	0.000000	0.000172	0.528960
35	tsk_35	(x)	1	:	0.442090	0.557910	0.000000	0.000000
36	tsk_36	(x)	1	:	0.000000	0.000000	0.999584	0.000416
37	tsk_37	(x)	1	:	0.619501	0.000000	0.380499	0.000000
38	tsk_38	(x)	1	:	0.442090	0.557910	0.000000	0.000000
39	tsk_39	(x)	1	:	0.442090	0.557910	0.000000	0.000000
40	tsk_40	(x)	1	:	0.000000	0.000000	0.448905	0.551095
41	tsk_41	(x)	1	:	0.000000	0.000000	0.448905	0.551095
42	tsk_42	(x)	1	:	0.237614	0.000000	0.525346	0.237040
43	tsk_43	(x)	1	:	0.000000	0.000000	0.269930	0.730070
44	tsk_44	(x)	1	:	0.000000	0.000000	0.361650	0.638350
45	tsk_45	(x)	1	:	0.000000	0.000000	0.998485	0.001515
46	tsk_46	(x)	1	:	0.000000	0.000000	0.000003	0.999997
47	tsk_47	(x)	1	:	0.000000	0.000000	0.361651	0.638349
48	tsk_48	(x)	1	:	0.000000	0.131064	0.128795	0.740141
49	tsk_49	(x)	1	:	0.000000	0.000000	0.000003	0.999997
50	tsk_50	(x)	1	:	0.000000	0.000000	0.000003	0.999997
51	tsk_51	(x)	1	:	0.000000	0.000000	0.000005	0.999995
52	tsk_52	(x)	1	:	0.000000	0.000000	0.000003	0.999997
53	tsk_53	(x)	1	:	0.000000	0.000000	0.582269	0.417731
54	tsk_54	(x)	1	:	0.000000	0.000000	0.000007	0.999993
55	tsk_55	(x)	1	:	0.524223	0.000000	0.475777	0.000000
56	tsk_56	(x)	1	:	0.277886	0.000000	0.389492	0.332622
57	tsk_57	(x)	1	:	0.000000	0.000000	0.000003	0.999997
58	tsk_58	(x)	1	:	0.605048	0.000000	0.000079	0.394873
59	tsk_59	(x)	1	:	0.000000	0.000000	0.582268	0.417732
60	tsk_60	(x)	1	:	0.000000	0.000000	0.704700	0.295300
61	tsk_61	(x)	1	:	0.000000	0.350221	0.649778	0.000002
62	tsk_62	(x)	1	:	0.000000	0.934036	0.065964	0.000000
63	tsk_63	(x)	1	:	0.000000	0.999990	0.000010	0.000000
64	tsk_64	(x)	1	:	0.000000	0.999990	0.000009	0.000000
65	tsk_65	(x)	1	:	0.000000	0.603145	0.396854	0.000000
66	tsk_66	(x)	1	:	0.000000	0.350221	0.649778	0.000001
67	tsk_67	(x)	1	:	0.000000	0.934039	0.065961	0.000000
68	tsk_68	(x)	1	:	0.000000	0.598807	0.401193	0.000000
69	tsk_69	(x)	1	:	0.000000	0.999991	0.000009	0.000000
70	tsk_70	(x)	1	:	1.000000	0.000000	0.000000	0.000000
71	tsk_71	(x)	1	:	0.000000	0.315765	0.357023	0.327213
72	tsk_72	(x)	1	:	0.000000	0.352287	0.000005	0.647708
73	tsk_73	(x)	1	:	0.410161	0.000000	0.000002	0.589837
74	tsk_74	(x)	1	:	0.485872	0.000000	0.000001	0.514127
75	tsk_75	(x)	1	:	0.000000	0.000000	0.421447	0.578553
76	tsk_76	(x)	1	:	0.000000	0.000000	0.000000	1.000000
77	tsk_77	(x)	1	:	0.410161	0.000000	0.000002	0.589837
78	tsk_78	(x)	1	:	0.000000	0.352287	0.000007	0.647706
79	tsk_79	(x)	1	:	0.000000	0.000000	0.000000	1.000000
80	tsk_80	(x)	1	:	0.000000	0.592759	0.000000	0.407241
81	tsk_81	(x)	1	:	0.000000	0.613350	0.000003	0.386647
82	tsk_82	(x)	1	:	0.472388	0.000000	0.000262	0.527350
83	tsk_83	(x)	1	:	0.411384	0.000000	0.000002	0.588614
84	tsk_84	(x)	1	:	0.552034	0.000000	0.000102	0.447863
85	tsk_85	(x)	1	:	0.000000	0.000000	0.000000	1.000000
86	tsk_86	(x)	1	:	1.000000	0.000000	0.000000	0.000000
87	tsk_87	(x)	1	:	0.591157	0.000000	0.408843	0.000000
88	tsk_88	(x)	1	:	0.605048	0.000000	0.000081	0.394871
89	tsk_89	(x)	1	:	0.444256	0.555744	0.000000	0.000000
90	tsk_90	(x)	1	:	0.516620	0.000000	0.483380	0.000000
91	tsk_91	(x)	1	:	1.000000	0.000000	0.000000	0.000000
92	tsk_92	(x)	1	:	0.542351	0.000000	0.000089	0.457560
93	tsk_93	(x)	1	:	0.000000	0.000000	0.000003	0.999997
94	tsk_94	(x)	1	:	0.000000	0.000000	0.000003	0.999997
95	tsk_95	(x)	1	:	0.000000	0.000000	0.574546	0.425454
96	tsk_96	(x)	1	:	1.000000	0.000000	0.000000	0.000000
97	tsk_97	(x)	1	:	0.542351	0.000000	0.000089	0.457560
98	tsk_98	(x)	1	:	1.000000	0.000000	0.000000	0.000000
99	tsk_99	(x)	1	:	0.378303	0.000000	0.329668	0.292028
