logL = -563.031831 (converged)
AIC = 2676.063663
BIC = 4695.070557

count.K
1 7 7 42 17 14 12 

