logL = -237.027866 (converged)
AIC = 1374.055732
BIC = 2546.382316

count.K
6 33 2 20 39 

