logL = -327.306903 (converged)
AIC = 1114.613807
BIC = 1713.802949

count.K
45 27 28 

