logL = -531.070055 (converged)
AIC = 2042.140110
BIC = 3318.673501

count.K
9 31 19 20 21 

