logL = -581.798763 (converged)
AIC = 2713.597526
BIC = 4732.604420

count.K
22 18 7 0 17 19 17 

