logL = -972.705637 (converged)
AIC = 3845.411275
BIC = 6320.322951

count.K
12 5 17 30 3 10 23 

