logL = -753.514349 (converged)
AIC = 2039.028699
BIC = 2732.003968

count.K
28 37 35 

