logL = -723.277048 (converged)
AIC = 2496.554095
BIC = 3864.268443

count.K
13 28 24 12 23 

