logL = -545.394815 (converged)
AIC = 3390.789630
BIC = 6386.735344

count.K
1 7 19 14 5 13 5 15 18 3 

