0	tsk_0	(x)	1	:	0.000000	0.130506	0.274539	0.000000	0.000000	0.056702	0.500000	0.000000	0.000000	0.038253
1	tsk_1	(x)	1	:	0.000000	0.283479	0.550191	0.000000	0.000000	0.095292	0.000000	0.000000	0.000000	0.071039
2	tsk_2	(x)	1	:	0.000000	0.143288	0.551493	0.000000	0.000000	0.278993	0.000000	0.000000	0.000000	0.026226
3	tsk_3	(x)	1	:	0.000000	0.138661	0.294589	0.000000	0.000000	0.025724	0.500000	0.000000	0.000000	0.041026
4	tsk_4	(x)	1	:	0.000000	0.352598	0.000000	0.000000	0.000000	0.082761	0.500000	0.000000	0.000000	0.064642
5	tsk_5	(x)	1	:	0.000000	0.298188	0.060565	0.000000	0.000000	0.085267	0.500000	0.000000	0.000000	0.055980
6	tsk_6	(x)	1	:	0.000000	0.412198	0.267295	0.000000	0.000000	0.269662	0.000000	0.000000	0.000000	0.050845
7	tsk_7	(x)	1	:	0.000000	0.177732	0.152460	0.000000	0.000000	0.066884	0.500000	0.000000	0.000000	0.102923
8	tsk_8	(x)	1	:	0.000000	0.190803	0.203625	0.000000	0.000000	0.068018	0.500000	0.000000	0.000000	0.037555
9	tsk_9	(x)	1	:	0.000000	0.247464	0.637105	0.000000	0.000000	0.083942	0.000000	0.000000	0.000000	0.031489
10	tsk_10	(x)	1	:	0.000000	0.210322	0.162781	0.000000	0.000000	0.077882	0.000000	0.000000	0.495052	0.053964
11	tsk_11	(x)	1	:	0.500000	0.116707	0.145848	0.000000	0.000000	0.118049	0.000000	0.000000	0.000000	0.119395
12	tsk_12	(x)	1	:	0.500000	0.049945	0.305501	0.000000	0.000000	0.076804	0.000000	0.000000	0.000000	0.067751
13	tsk_13	(x)	1	:	0.500000	0.092707	0.076514	0.000000	0.000000	0.177707	0.000000	0.000000	0.000000	0.153072
14	tsk_14	(x)	1	:	0.500001	0.062698	0.270624	0.000000	0.000000	0.000000	0.000000	0.000000	0.000000	0.166678
15	tsk_15	(x)	1	:	0.032088	0.064170	0.146433	0.000000	0.000000	0.139617	0.000000	0.471823	0.000000	0.145869
16	tsk_16	(x)	1	:	0.000000	0.000000	0.000000	0.000000	0.000000	0.000000	0.000000	1.000000	0.000000	0.000000
17	tsk_17	(x)	1	:	0.000000	0.229044	0.605605	0.000000	0.000000	0.110671	0.000000	0.000000	0.000000	0.054680
18	tsk_18	(x)	1	:	0.000008	0.000000	0.000000	0.000000	0.000000	0.000000	0.000000	0.525785	0.474205	0.000001
19	tsk_19	(x)	1	:	0.021600	0.004309	0.003443	0.000000	0.000000	0.002271	0.000000	0.473833	0.488512	0.006031
20	tsk_20	(x)	1	:	0.000000	0.000000	0.000000	0.000000	0.000000	0.000000	0.000000	1.000000	0.000000	0.000000
21	tsk_21	(x)	1	:	0.007144	0.000041	0.000057	0.509360	0.000000	0.000025	0.000000	0.483214	0.000000	0.000159
22	tsk_22	(x)	1	:	0.000000	0.000000	0.000000	0.000000	0.000000	0.000000	0.000000	1.000000	0.000000	0.000000
23	tsk_23	(x)	1	:	0.000000	0.000000	0.000000	0.000000	0.000000	0.000000	0.000000	1.000000	0.000000	0.000000
24	tsk_24	(x)	1	:	0.000000	0.108968	0.624702	0.000000	0.000000	0.223889	0.000000	0.000000	0.000000	0.042442
25	tsk_25	(x)	1	:	0.032080	0.166609	0.063073	0.000000	0.000000	0.193715	0.000000	0.471827	0.000000	0.072695
26	tsk_26	(x)	1	:	0.000000	0.000000	0.000000	0.000000	0.000000	0.000000	0.000000	1.000000	0.000000	0.000000
27	tsk_27	(x)	1	:	0.031881	0.080468	0.251676	0.000000	0.000000	0.049994	0.000000	0.471926	0.000000	0.114055
28	tsk_28	(x)	1	:	0.000000	0.000229	0.000452	0.510320	0.000000	0.000052	0.000000	0.000000	0.488923	0.000023
29	tsk_29	(x)	1	:	0.031436	0.150120	0.053842	0.000000	0.000000	0.066166	0.000000	0.472148	0.000000	0.226288
30	tsk_30	(x)	1	:	1.000000	0.000000	0.000000	0.000000	0.000000	0.000000	0.000000	0.000000	0.000000	0.000000
31	tsk_31	(x)	1	:	1.000000	0.000000	0.000000	0.000000	0.000000	0.000000	0.000000	0.000000	0.000000	0.000000
32	tsk_32	(x)	1	:	0.491050	0.001054	0.000646	0.000000	0.000000	0.006710	0.498235	0.000000	0.000000	0.002305
33	tsk_33	(x)	1	:	0.491686	0.006173	0.003873	0.000000	0.000000	0.007987	0.000000	0.000000	0.486708	0.003573
34	tsk_34	(x)	1	:	0.500000	0.085953	0.112893	0.000000	0.000000	0.203800	0.000000	0.000000	0.000000	0.097353
35	tsk_35	(x)	1	:	0.000000	0.161976	0.539492	0.000000	0.153119	0.117149	0.000000	0.000000	0.000000	0.028264
36	tsk_36	(x)	1	:	0.000000	0.366599	0.567627	0.000000	0.000000	0.037670	0.000000	0.000000	0.000000	0.028104
37	tsk_37	(x)	1	:	0.000000	0.208656	0.466681	0.000000	0.285714	0.021087	0.000000	0.000000	0.000000	0.017862
38	tsk_38	(x)	1	:	0.000000	0.297666	0.288330	0.000000	0.000000	0.281749	0.000000	0.000000	0.000000	0.132255
39	tsk_39	(x)	1	:	0.491842	0.007306	0.000000	0.000000	0.000000	0.011989	0.000000	0.000000	0.486865	0.001998
40	tsk_40	(x)	1	:	0.000000	0.090282	0.107828	0.000000	0.000000	0.040955	0.000000	0.487823	0.000000	0.273112
41	tsk_41	(x)	1	:	0.000000	0.000000	0.000000	0.501308	0.000000	0.000000	0.498692	0.000000	0.000000	0.000000
42	tsk_42	(x)	1	:	0.500001	0.178156	0.152107	0.000000	0.000000	0.090034	0.000000	0.000000	0.000000	0.079702
43	tsk_43	(x)	1	:	0.000000	0.440547	0.286182	0.000000	0.000000	0.069020	0.000000	0.000000	0.000000	0.204251
44	tsk_44	(x)	1	:	0.500000	0.058113	0.139213	0.000000	0.000000	0.129563	0.000000	0.000000	0.000000	0.173111
45	tsk_45	(x)	1	:	0.500000	0.067565	0.131182	0.000000	0.000000	0.166036	0.000000	0.000000	0.000000	0.135217
46	tsk_46	(x)	1	:	0.000000	0.172564	0.259781	0.000000	0.000000	0.042220	0.000000	0.000000	0.495051	0.030384
47	tsk_47	(x)	1	:	0.000000	0.321959	0.472035	0.000000	0.000000	0.160952	0.000000	0.000000	0.000000	0.045055
48	tsk_48	(x)	1	:	0.000000	0.213269	0.621244	0.000000	0.000000	0.106000	0.000000	0.000000	0.000000	0.059487
49	tsk_49	(x)	1	:	0.000000	0.281437	0.544105	0.000000	0.000000	0.146826	0.000000	0.000000	0.000000	0.027632
50	tsk_50	(x)	1	:	0.031757	0.076997	0.129224	0.000000	0.000000	0.133946	0.000000	0.471988	0.000000	0.156088
51	tsk_51	(x)	1	:	0.000000	0.274923	0.082579	0.000000	0.000000	0.070423	0.500000	0.000000	0.000000	0.072074
52	tsk_52	(x)	1	:	0.000000	0.000000	0.000000	0.000000	1.000000	0.000000	0.000000	0.000000	0.000000	0.000000
53	tsk_53	(x)	1	:	0.000000	0.000000	0.835679	0.000000	0.000000	0.131595	0.000000	0.000000	0.000000	0.032726
54	tsk_54	(x)	1	:	0.000000	0.000000	0.000000	0.000000	0.000000	0.000000	1.000000	0.000000	0.000000	0.000000
55	tsk_55	(x)	1	:	0.000000	0.000000	0.000000	0.000000	0.000000	0.000000	0.000000	1.000000	0.000000	0.000000
56	tsk_56	(x)	1	:	0.000000	0.000000	0.000000	0.000000	0.000000	0.000000	1.000000	0.000000	0.000000	0.000000
57	tsk_57	(x)	1	:	0.016599	0.002238	0.000269	0.000000	0.000000	0.001511	0.498939	0.476902	0.000000	0.003543
58	tsk_58	(x)	1	:	0.000000	0.119078	0.275059	0.000000	0.000000	0.082383	0.500000	0.000000	0.000000	0.023480
59	tsk_59	(x)	1	:	0.000000	0.361012	0.050641	0.000000	0.000000	0.066913	0.500000	0.000000	0.000000	0.021434
60	tsk_60	(x)	1	:	0.000000	0.388752	0.500969	0.000000	0.000000	0.063111	0.000000	0.000000	0.000000	0.047168
61	tsk_61	(x)	1	:	0.000000	0.000000	0.000000	0.000000	0.000000	0.000000	0.000000	1.000000	0.000000	0.000000
62	tsk_62	(x)	1	:	0.000000	0.274574	0.538325	0.000000	0.000000	0.135966	0.000000	0.000000	0.000000	0.051136
63	tsk_63	(x)	1	:	0.000000	0.368905	0.528347	0.000000	0.000000	0.048264	0.000000	0.000000	0.000000	0.054485
64	tsk_64	(x)	1	:	0.000000	0.218077	0.640131	0.000000	0.000000	0.103324	0.000000	0.000000	0.000000	0.038468
65	tsk_65	(x)	1	:	0.032224	0.155716	0.056728	0.000000	0.000000	0.129676	0.000000	0.471755	0.000000	0.153901
66	tsk_66	(x)	1	:	0.030947	0.058179	0.134028	0.000000	0.000000	0.106305	0.000000	0.472391	0.000000	0.198151
67	tsk_67	(x)	1	:	0.032615	0.199701	0.145464	0.000000	0.000000	0.150659	0.000000	0.471561	0.000000	0.000000
68	tsk_68	(x)	1	:	0.000000	0.067418	0.783958	0.000000	0.000000	0.135864	0.000000	0.000000	0.000000	0.012760
69	tsk_69	(x)	1	:	0.028742	0.000000	0.179468	0.000000	0.000000	0.102982	0.000000	0.473489	0.000000	0.215319
70	tsk_70	(x)	1	:	0.500000	0.119787	0.151351	0.000000	0.000000	0.134014	0.000000	0.000000	0.000000	0.094848
71	tsk_71	(x)	1	:	0.000000	0.410288	0.000000	0.384316	0.000000	0.101659	0.000000	0.000000	0.000000	0.103737
72	tsk_72	(x)	1	:	0.500000	0.114235	0.146439	0.000000	0.000000	0.181776	0.000000	0.000000	0.000000	0.057550
73	tsk_73	(x)	1	:	0.021222	0.005018	0.002794	0.000000	0.000000	0.003637	0.000000	0.474008	0.488481	0.004841
74	tsk_74	(x)	1	:	0.524303	0.000000	0.000000	0.000000	0.000000	0.000000	0.000000	0.475697	0.000000	0.000000
75	tsk_75	(x)	1	:	0.000000	0.123652	0.265321	0.000000	0.000000	0.084143	0.000000	0.000000	0.495051	0.031833
76	tsk_76	(x)	1	:	0.344168	0.000000	0.000000	0.000000	0.000000	0.000000	0.000000	0.655832	0.000000	0.000000
77	tsk_77	(x)	1	:	0.031512	0.117776	0.095153	0.000000	0.000000	0.081052	0.000000	0.472110	0.000000	0.202398
78	tsk_78	(x)	1	:	0.176931	0.121043	0.075238	0.000000	0.000000	0.247283	0.000000	0.323027	0.000000	0.056478
79	tsk_79	(x)	1	:	0.500001	0.042898	0.055767	0.000000	0.000000	0.401334	0.000000	0.000000	0.000000	0.000000
80	tsk_80	(x)	1	:	0.000000	0.337109	0.085273	0.000000	0.000000	0.056617	0.500000	0.000000	0.000000	0.021001
81	tsk_81	(x)	1	:	0.000000	0.118873	0.118546	0.000000	0.000000	0.190784	0.500000	0.000000	0.000000	0.071796
82	tsk_82	(x)	1	:	0.000000	0.224103	0.435664	0.000000	0.000000	0.216820	0.000000	0.000000	0.000000	0.123414
83	tsk_83	(x)	1	:	0.000000	0.207310	0.225856	0.000000	0.000000	0.053603	0.500000	0.000000	0.000000	0.013232
84	tsk_84	(x)	1	:	0.000000	0.276341	0.173407	0.000000	0.000000	0.024780	0.500000	0.000000	0.000000	0.025472
85	tsk_85	(x)	1	:	0.000000	0.103714	0.604867	0.000000	0.000000	0.253161	0.000000	0.000000	0.000000	0.038259
86	tsk_86	(x)	1	:	0.000000	0.223619	0.102369	0.000000	0.000000	0.041847	0.500000	0.000000	0.000000	0.132166
87	tsk_87	(x)	1	:	0.000000	0.307825	0.066223	0.000000	0.000000	0.055741	0.500000	0.000000	0.000000	0.070210
88	tsk_88	(x)	1	:	0.000000	0.000000	0.000000	0.000000	0.000000	0.000000	0.000000	1.000000	0.000000	0.000000
89	tsk_89	(x)	1	:	0.033058	0.012144	0.006985	0.000000	0.000000	0.019442	0.000000	0.471340	0.000000	0.457030
90	tsk_90	(x)	1	:	0.000000	0.004995	0.007055	0.000000	0.000000	0.001268	0.498527	0.000000	0.487488	0.000667
91	tsk_91	(x)	1	:	0.000000	0.000000	0.000000	0.000000	0.000000	0.000000	0.000000	0.000000	1.000000	0.000000
92	tsk_92	(x)	1	:	0.017246	0.000046	0.000010	0.000000	0.000000	0.001113	0.498882	0.476430	0.000000	0.006273
93	tsk_93	(x)	1	:	0.015650	0.000201	0.000013	0.000000	0.000000	0.000436	0.498913	0.477311	0.000000	0.007476
94	tsk_94	(x)	1	:	0.000000	0.009365	0.002454	0.000000	0.000000	0.000788	0.498587	0.000000	0.487795	0.001010
95	tsk_95	(x)	1	:	0.019987	0.001539	0.005985	0.000000	0.000000	0.000000	0.000000	0.474563	0.488348	0.009577
96	tsk_96	(x)	1	:	0.000000	0.000000	0.000000	0.000000	0.000000	0.000000	1.000000	0.000000	0.000000	0.000000
97	tsk_97	(x)	1	:	0.020549	0.005332	0.004294	0.000000	0.000000	0.001639	0.000000	0.474375	0.488538	0.005274
98	tsk_98	(x)	1	:	0.000000	0.000000	0.271661	0.000000	0.460490	0.107569	0.039426	0.000000	0.000000	0.120854
99	tsk_99	(x)	1	:	0.000000	0.200102	0.222311	0.000000	0.461044	0.022764	0.038789	0.000000	0.000000	0.054989
