logL = -967.770582 (converged)
AIC = 2497.541164
BIC = 3229.593986

count.K
32 37 31 

