logL = -309.972631 (converged)
AIC = 2027.945263
BIC = 3861.985074

count.K
2 45 1 22 8 22 

