logL = -724.227444 (converged)
AIC = 3312.454887
BIC = 5740.473501

count.K
15 16 1 3 13 25 8 19 

