logL = -1061.336387 (converged)
AIC = 4622.672773
BIC = 7879.135506

count.K
7 2 28 10 12 1 32 0 4 4 

