logL = -769.309782 (converged)
AIC = 2568.619564
BIC = 3910.282210

count.K
20 4 24 34 18 

