logL = -758.969926 (converged)
AIC = 2607.939853
BIC = 4027.757604

count.K
25 42 19 5 9 

