logL = -2173.393475 (converged)
AIC = 5958.786949
BIC = 8058.554119

count.K
27 4 25 35 5 4 

