logL = -758.547691 (converged)
AIC = 2073.095382
BIC = 2797.332694

count.K
19 39 42 

