logL = -885.965050 (converged)
AIC = 2635.930101
BIC = 3761.363621

count.K
25 36 30 9 

