logL = -458.722550 (converged)
AIC = 2205.445099
BIC = 3883.174699

count.K
10 13 16 28 10 23 

