logL = -739.214987 (converged)
AIC = 3798.429974
BIC = 6820.427390

count.K
2 19 4 7 1 6 3 13 28 17 

