logL = -1322.871224 (converged)
AIC = 4911.742447
BIC = 7863.400268

count.K
1 7 17 2 4 14 31 9 15 

