logL = -712.842286 (converged)
AIC = 3945.684572
BIC = 7228.199007

count.K
4 7 13 20 3 6 3 17 3 24 

