logL = -2240.296031 (converged)
AIC = 4888.592062
BIC = 5420.046780

count.K
43 57 

