logL = -964.549308 (converged)
AIC = 3809.098615
BIC = 6257.958590

count.K
11 13 5 10 16 16 21 8 

