logL = -744.562919 (converged)
AIC = 2069.125838
BIC = 2824.625192

count.K
14 75 11 

