logL = -268.448438 (converged)
AIC = 2496.896875
BIC = 5049.963657

count.K
3 4 2 14 2 1 21 40 13 

