logL = -483.507711 (converged)
AIC = 1475.015422
BIC = 2136.728650

count.K
31 47 22 

