logL = -1069.880785 (converged)
AIC = 2459.761570
BIC = 2876.588799

count.K
50 50 

