logL = -665.745835 (converged)
AIC = 1911.491669
BIC = 2666.991023

count.K
14 10 76 

