logL = -975.499672 (converged)
AIC = 2254.999345
BIC = 2650.985213

count.K
12 88 

