logL = -1827.869955 (converged)
AIC = 4027.739910
BIC = 4512.301564

count.K
22 78 

