logL = -979.556012 (converged)
AIC = 2235.112025
BIC = 2594.625511

count.K
42 58 

