logL = -353.712377 (converged)
AIC = 2395.424754
BIC = 4594.188391

count.K
69 3 3 4 11 6 2 2 

