logL = -704.013588 (converged)
AIC = 3848.027176
BIC = 7026.334803

count.K
0 16 19 0 9 8 6 18 3 21 

