logL = -577.138900 (converged)
AIC = 1434.277800
BIC = 1799.001626

count.K
93 7 

