logL = -2056.036303 (converged)
AIC = 6522.072606
BIC = 9661.302681

count.K
1 8 22 15 3 1 36 11 3 

