logL = -1129.357393 (converged)
AIC = 3122.714787
BIC = 4248.148307

count.K
37 6 25 32 

