logL = -788.302134 (converged)
AIC = 2138.604269
BIC = 2870.657091

count.K
69 21 10 

