logL = -767.012584 (converged)
AIC = 2624.025169
BIC = 4043.842920

count.K
21 29 10 16 24 

