logL = -605.983663 (converged)
AIC = 2817.967326
BIC = 4909.918985

count.K
13 6 17 1 46 13 4 

