logL = -548.550476 (converged)
AIC = 2197.100953
BIC = 3629.944555

count.K
9 14 3 55 19 

