0	tsk_0	(x)	1	:	0.000000	0.000000	0.000000	0.000078	0.474539	0.000000	0.000000	0.000000	0.027657	0.497726
1	tsk_1	(x)	1	:	0.000000	0.000000	0.000000	0.000000	0.560326	0.000000	0.000000	0.000000	0.439673	0.000000
2	tsk_2	(x)	1	:	0.000000	0.000000	0.000000	0.000000	0.000000	0.000000	0.000000	0.000023	0.999977	0.000000
3	tsk_3	(x)	1	:	0.000000	0.000000	0.000000	0.000000	0.560326	0.000000	0.000000	0.000000	0.439673	0.000000
4	tsk_4	(x)	1	:	0.000000	0.000000	0.000000	0.000000	1.000000	0.000000	0.000000	0.000000	0.000000	0.000000
5	tsk_5	(x)	1	:	0.000000	0.000000	0.000000	0.000000	0.474472	0.000000	0.000000	0.000000	0.525528	0.000000
6	tsk_6	(x)	1	:	0.000000	0.000000	0.000000	0.000000	0.519947	0.000000	0.000000	0.000000	0.000000	0.480053
7	tsk_7	(x)	1	:	0.000000	0.000000	0.000000	0.000000	0.000000	0.000000	0.000000	0.000000	1.000000	0.000000
8	tsk_8	(x)	1	:	0.000000	0.000000	0.469286	0.000000	0.530714	0.000000	0.000000	0.000000	0.000000	0.000000
9	tsk_9	(x)	1	:	0.000000	0.000000	0.000000	0.000000	0.000000	0.000000	0.000000	0.000006	0.502283	0.497711
10	tsk_10	(x)	1	:	0.488716	0.000000	0.000000	0.000000	0.000000	0.000000	0.000000	0.000000	0.511284	0.000000
11	tsk_11	(x)	1	:	0.459975	0.000000	0.540025	0.000000	0.000000	0.000000	0.000000	0.000000	0.000000	0.000000
12	tsk_12	(x)	1	:	0.000000	0.000000	0.000000	0.006119	0.000000	0.000000	0.000000	0.000018	0.466211	0.527652
13	tsk_13	(x)	1	:	0.000000	0.000000	0.453817	0.000000	0.000000	0.000000	0.000000	0.000000	0.000000	0.546183
14	tsk_14	(x)	1	:	0.000000	0.000000	0.000000	0.000000	0.000000	0.000000	0.000000	0.000007	0.502282	0.497711
15	tsk_15	(x)	1	:	0.000000	0.000000	0.000000	0.005971	0.000000	0.000000	0.000000	0.000011	0.466351	0.527667
16	tsk_16	(x)	1	:	0.000000	0.000000	1.000000	0.000000	0.000000	0.000000	0.000000	0.000000	0.000000	0.000000
17	tsk_17	(x)	1	:	0.000000	0.000000	0.000000	0.000000	0.000000	0.000000	0.000000	0.000001	0.999999	0.000000
18	tsk_18	(x)	1	:	0.000000	0.000000	0.481347	0.518653	0.000000	0.000000	0.000000	0.000000	0.000000	0.000000
19	tsk_19	(x)	1	:	0.000000	0.000000	0.652168	0.000000	0.000000	0.000000	0.000000	0.000000	0.000000	0.347832
20	tsk_20	(x)	1	:	0.000000	0.000000	0.483070	0.006434	0.000000	0.000000	0.000000	0.000005	0.510491	0.000000
21	tsk_21	(x)	1	:	0.000000	0.000000	0.000000	0.000000	0.154491	0.000000	0.000000	0.000002	0.347796	0.497711
22	tsk_22	(x)	1	:	0.000000	0.000000	0.483999	0.000000	0.000000	0.000000	0.000000	0.000000	0.516001	0.000000
23	tsk_23	(x)	1	:	0.000000	0.502428	0.000000	0.000000	0.000000	0.000000	0.000000	0.000000	0.000022	0.497549
24	tsk_24	(x)	1	:	0.000000	0.000000	0.000000	0.000000	0.000000	0.000000	0.000000	0.000000	0.000000	1.000000
25	tsk_25	(x)	1	:	0.488863	0.000000	0.000000	0.001189	0.000289	0.000000	0.000000	0.000000	0.011914	0.497744
26	tsk_26	(x)	1	:	0.488022	0.000000	0.482440	0.008780	0.000193	0.000000	0.000000	0.000000	0.020565	0.000000
27	tsk_27	(x)	1	:	0.000000	0.502441	0.000000	0.000000	0.000000	0.000000	0.000000	0.000000	0.000008	0.497551
28	tsk_28	(x)	1	:	0.489971	0.509156	0.000000	0.000000	0.000102	0.000000	0.000000	0.000000	0.000771	0.000000
29	tsk_29	(x)	1	:	0.000000	0.502444	0.000000	0.000000	0.000000	0.000000	0.000000	0.000000	0.000005	0.497551
30	tsk_30	(x)	1	:	1.000000	0.000000	0.000000	0.000000	0.000000	0.000000	0.000000	0.000000	0.000000	0.000000
31	tsk_31	(x)	1	:	0.000000	0.503563	0.000000	0.000000	0.000000	0.000000	0.200382	0.000000	0.296055	0.000000
32	tsk_32	(x)	1	:	1.000000	0.000000	0.000000	0.000000	0.000000	0.000000	0.000000	0.000000	0.000000	0.000000
33	tsk_33	(x)	1	:	0.000003	0.000000	0.000000	0.000000	0.000005	0.000000	0.869010	0.000000	0.130982	0.000000
34	tsk_34	(x)	1	:	0.524981	0.000000	0.000000	0.000000	0.293970	0.000000	0.000000	0.000000	0.181049	0.000000
35	tsk_35	(x)	1	:	1.000000	0.000000	0.000000	0.000000	0.000000	0.000000	0.000000	0.000000	0.000000	0.000000
36	tsk_36	(x)	1	:	0.000000	0.503656	0.000000	0.000000	0.000000	0.000000	0.000000	0.000003	0.496341	0.000000
37	tsk_37	(x)	1	:	0.487226	0.000000	0.000000	0.494244	0.000115	0.000000	0.000000	0.000000	0.018416	0.000000
38	tsk_38	(x)	1	:	0.000003	0.000000	0.000000	0.000000	0.000005	0.000000	0.869010	0.000000	0.130982	0.000000
39	tsk_39	(x)	1	:	0.688908	0.000000	0.000000	0.000000	0.130740	0.000000	0.000000	0.000000	0.180352	0.000000
40	tsk_40	(x)	1	:	0.000000	0.000000	0.000000	0.000072	0.000000	0.000000	0.000000	0.000005	0.502222	0.497702
41	tsk_41	(x)	1	:	0.000000	0.000000	0.000000	0.000000	0.000000	0.000000	0.000000	0.000009	0.999990	0.000000
42	tsk_42	(x)	1	:	0.000000	0.000000	0.000000	0.000000	0.000000	0.000000	0.000000	0.000005	0.999995	0.000000
43	tsk_43	(x)	1	:	0.000000	0.000000	0.000000	0.000000	0.000000	0.000000	0.000000	0.000002	0.502287	0.497711
44	tsk_44	(x)	1	:	0.000000	0.000000	0.000000	0.000000	0.000000	0.000000	0.000000	0.000004	0.999996	0.000000
45	tsk_45	(x)	1	:	0.000000	0.000000	0.000000	0.000000	0.000000	0.000000	0.000000	0.000008	0.502281	0.497711
46	tsk_46	(x)	1	:	0.000000	0.000000	0.000000	0.000000	0.000000	0.000000	0.000000	0.000000	0.999999	0.000000
47	tsk_47	(x)	1	:	0.000000	0.000000	0.000000	0.500004	0.000000	0.000000	0.000000	0.000001	0.499994	0.000000
48	tsk_48	(x)	1	:	0.000000	0.000000	0.000000	0.500000	0.000000	0.000000	0.000000	0.000000	0.500000	0.000000
49	tsk_49	(x)	1	:	0.000000	0.000000	0.483500	0.003444	0.000000	0.000000	0.000000	0.000001	0.513055	0.000000
50	tsk_50	(x)	1	:	0.000000	0.000000	0.483296	0.004057	0.474182	0.000000	0.000000	0.000000	0.038465	0.000000
51	tsk_51	(x)	1	:	0.000000	0.000000	0.482876	0.006624	0.474053	0.000000	0.000000	0.000000	0.036447	0.000000
52	tsk_52	(x)	1	:	0.000000	0.000000	0.000000	0.000000	1.000000	0.000000	0.000000	0.000000	0.000000	0.000000
53	tsk_53	(x)	1	:	0.000000	0.000000	1.000000	0.000000	0.000000	0.000000	0.000000	0.000000	0.000000	0.000000
54	tsk_54	(x)	1	:	0.000000	0.000000	0.000000	0.000000	1.000000	0.000000	0.000000	0.000000	0.000000	0.000000
55	tsk_55	(x)	1	:	0.000000	0.000000	0.483318	0.004706	0.000000	0.000000	0.000000	0.000001	0.511975	0.000000
56	tsk_56	(x)	1	:	0.000000	0.000000	0.000000	0.000000	0.474472	0.000000	0.000000	0.000000	0.525528	0.000000
57	tsk_57	(x)	1	:	0.000000	0.000000	0.000000	0.000000	1.000000	0.000000	0.000000	0.000000	0.000000	0.000000
58	tsk_58	(x)	1	:	0.000000	0.000000	0.000000	0.000000	0.474472	0.000000	0.000000	0.000001	0.525527	0.000000
59	tsk_59	(x)	1	:	0.000000	0.000000	0.483073	0.005405	0.474107	0.000000	0.000000	0.000000	0.037415	0.000000
60	tsk_60	(x)	1	:	0.000000	0.000000	0.489860	0.000002	0.000000	0.000000	0.000000	0.418166	0.091971	0.000000
61	tsk_61	(x)	1	:	0.000000	0.000000	0.000000	0.000000	0.000000	0.000000	0.000000	0.000002	0.999997	0.000000
62	tsk_62	(x)	1	:	0.000000	0.000000	0.000000	0.000000	0.154490	0.000000	0.000000	0.000000	0.845509	0.000000
63	tsk_63	(x)	1	:	0.000000	0.000000	0.000000	0.000000	0.000000	0.000000	0.000000	0.000002	0.999998	0.000000
64	tsk_64	(x)	1	:	0.000000	0.000000	0.000000	0.500005	0.000000	0.000000	0.000000	0.000001	0.499994	0.000000
65	tsk_65	(x)	1	:	0.000000	0.000000	0.000000	0.000000	0.000000	0.000000	0.000000	0.502278	0.000000	0.497721
66	tsk_66	(x)	1	:	0.000000	0.000000	0.000000	0.000000	0.000000	0.000000	0.000000	0.000006	0.502283	0.497711
67	tsk_67	(x)	1	:	0.000000	0.000000	0.000000	0.000000	0.154490	0.000000	0.000000	0.000001	0.845508	0.000000
68	tsk_68	(x)	1	:	0.000000	0.000000	0.000000	0.000000	0.000000	0.521449	0.000000	0.000000	0.015476	0.463075
69	tsk_69	(x)	1	:	0.000000	0.000000	0.000000	0.147394	0.000000	0.767123	0.000000	0.000000	0.085483	0.000000
70	tsk_70	(x)	1	:	0.000000	0.000000	0.471767	0.000000	0.000000	0.000000	0.528233	0.000000	0.000000	0.000000
71	tsk_71	(x)	1	:	0.000000	0.000000	0.562274	0.437726	0.000000	0.000000	0.000000	0.000000	0.000000	0.000000
72	tsk_72	(x)	1	:	0.000000	0.000000	0.000000	0.000000	0.000000	0.000000	0.673246	0.000000	0.326754	0.000000
73	tsk_73	(x)	1	:	0.531173	0.000000	0.000000	0.000000	0.468827	0.000000	0.000000	0.000000	0.000000	0.000000
74	tsk_74	(x)	1	:	0.000000	0.000000	1.000000	0.000000	0.000000	0.000000	0.000000	0.000000	0.000000	0.000000
75	tsk_75	(x)	1	:	0.000000	0.000000	0.000000	0.000000	0.000000	0.000000	0.673246	0.000000	0.326754	0.000000
76	tsk_76	(x)	1	:	0.000000	0.000000	0.527936	0.000000	0.000000	0.000000	0.472064	0.000000	0.000000	0.000000
77	tsk_77	(x)	1	:	0.488716	0.000000	0.000000	0.000000	0.000000	0.000000	0.000000	0.000000	0.511284	0.000000
78	tsk_78	(x)	1	:	0.000000	0.000000	0.000000	0.000000	0.000000	0.000000	0.568711	0.000000	0.431289	0.000000
79	tsk_79	(x)	1	:	0.000000	0.000000	0.000000	0.000000	0.000000	0.000000	0.673246	0.000000	0.326754	0.000000
80	tsk_80	(x)	1	:	0.000000	0.000000	0.453817	0.000000	0.000000	0.000000	0.000000	0.000000	0.000000	0.546183
81	tsk_81	(x)	1	:	0.000000	0.000000	0.483267	0.005063	0.000000	0.000000	0.000000	0.000004	0.511667	0.000000
82	tsk_82	(x)	1	:	0.000000	0.000000	0.453817	0.000000	0.000000	0.000000	0.000000	0.000000	0.000000	0.546183
83	tsk_83	(x)	1	:	0.000000	0.000000	0.453817	0.000000	0.000000	0.000000	0.000000	0.000000	0.000000	0.546183
84	tsk_84	(x)	1	:	0.000000	0.000000	1.000000	0.000000	0.000000	0.000000	0.000000	0.000000	0.000000	0.000000
85	tsk_85	(x)	1	:	0.000000	0.000000	1.000000	0.000000	0.000000	0.000000	0.000000	0.000000	0.000000	0.000000
86	tsk_86	(x)	1	:	0.000000	0.000000	1.000000	0.000000	0.000000	0.000000	0.000000	0.000000	0.000000	0.000000
87	tsk_87	(x)	1	:	0.000000	0.000000	0.453817	0.000000	0.000000	0.000000	0.000000	0.000000	0.000000	0.546183
88	tsk_88	(x)	1	:	0.000000	0.000000	0.000000	0.000000	0.000000	0.000000	0.000000	0.000000	0.000000	1.000000
89	tsk_89	(x)	1	:	0.000000	0.000000	0.453817	0.000000	0.000000	0.000000	0.000000	0.000000	0.000000	0.546183
90	tsk_90	(x)	1	:	0.000000	0.000000	0.000000	1.000000	0.000000	0.000000	0.000000	0.000000	0.000000	0.000000
91	tsk_91	(x)	1	:	0.000000	0.000000	0.000000	0.148746	0.000000	0.766704	0.000000	0.000000	0.084550	0.000000
92	tsk_92	(x)	1	:	0.000000	0.000000	0.000000	1.000000	0.000000	0.000000	0.000000	0.000000	0.000000	0.000000
93	tsk_93	(x)	1	:	0.487218	0.000000	0.000000	0.494196	0.000109	0.000000	0.000000	0.000000	0.018476	0.000000
94	tsk_94	(x)	1	:	0.000000	0.000000	0.000000	0.148735	0.000000	0.766698	0.000000	0.000000	0.084567	0.000000
95	tsk_95	(x)	1	:	0.000000	0.000000	0.000000	1.000000	0.000000	0.000000	0.000000	0.000000	0.000000	0.000000
96	tsk_96	(x)	1	:	0.000000	0.000000	0.000000	1.000000	0.000000	0.000000	0.000000	0.000000	0.000000	0.000000
97	tsk_97	(x)	1	:	0.000000	0.000000	0.000000	0.497148	0.473563	0.000000	0.000000	0.000000	0.029289	0.000000
98	tsk_98	(x)	1	:	0.000000	0.000000	0.000000	0.000000	0.000000	0.879453	0.000000	0.000002	0.120545	0.000000
99	tsk_99	(x)	1	:	0.000000	0.000000	0.000000	1.000000	0.000000	0.000000	0.000000	0.000000	0.000000	0.000000
