logL = -378.006855 (converged)
AIC = 1776.013710
BIC = 3104.650505

count.K
6 16 24 9 45 

