logL = -927.609164 (converged)
AIC = 4139.218327
BIC = 7114.322680

count.K
4 5 22 18 3 26 0 3 19 

