logL = -323.514476 (converged)
AIC = 2571.028952
BIC = 5077.202671

count.K
12 3 13 2 21 7 1 39 2 

