logL = -500.923211 (converged)
AIC = 2061.846423
BIC = 3442.586621

count.K
46 13 7 11 23 

