logL = -1008.621070 (converged)
AIC = 3707.242141
BIC = 5908.610948

count.K
10 6 22 5 15 3 39 

