logL = -952.573368 (converged)
AIC = 2213.146736
BIC = 2614.342945

count.K
39 61 

