logL = -799.727672 (converged)
AIC = 3335.455343
BIC = 5596.743065

count.K
27 12 16 0 10 4 24 7 

