logL = -985.164432 (converged)
AIC = 2298.328865
BIC = 2725.576775

count.K
14 86 

