0	tsk_0	(x)	1	:	0.000007	0.000012	0.478092	0.000000	0.000000	0.000000	0.521879	0.000009	0.000000	0.000000
1	tsk_1	(x)	1	:	0.002097	0.002113	0.000000	0.000000	0.497161	0.497177	0.000000	0.001428	0.000000	0.000024
2	tsk_2	(x)	1	:	0.000000	0.000000	0.000000	0.000000	0.000000	1.000000	0.000000	0.000000	0.000000	0.000000
3	tsk_3	(x)	1	:	0.000019	0.000006	0.000000	0.000000	0.000000	0.483820	0.516127	0.000029	0.000000	0.000000
4	tsk_4	(x)	1	:	0.000014	0.000008	0.000000	0.000000	0.000000	0.483823	0.516129	0.000026	0.000000	0.000000
5	tsk_5	(x)	1	:	0.000030	0.000001	0.000000	0.000000	0.000000	0.483820	0.516127	0.000021	0.000000	0.000000
6	tsk_6	(x)	1	:	0.000011	0.000013	0.478093	0.000000	0.000000	0.000000	0.521881	0.000002	0.000000	0.000000
7	tsk_7	(x)	1	:	0.000016	0.000004	0.000000	0.000000	0.483796	0.000000	0.516135	0.000001	0.000000	0.000049
8	tsk_8	(x)	1	:	0.000023	0.000004	0.000000	0.000000	0.000000	0.483820	0.516127	0.000027	0.000000	0.000000
9	tsk_9	(x)	1	:	0.004682	0.000907	0.000000	0.000000	0.497174	0.497200	0.000000	0.000000	0.000000	0.000037
10	tsk_10	(x)	1	:	0.000000	0.000000	0.000000	0.000000	0.000000	0.000000	0.000000	0.000000	1.000000	0.000000
11	tsk_11	(x)	1	:	0.137285	0.033613	0.000000	0.000000	0.000000	0.000000	0.000000	0.329118	0.499983	0.000000
12	tsk_12	(x)	1	:	0.161754	0.166012	0.000000	0.000000	0.499950	0.000000	0.000000	0.172211	0.000000	0.000074
13	tsk_13	(x)	1	:	0.201188	0.179898	0.000000	0.000000	0.499966	0.000000	0.000000	0.118897	0.000000	0.000050
14	tsk_14	(x)	1	:	0.003170	0.002191	0.000000	0.000000	0.497155	0.000000	0.000000	0.001668	0.495767	0.000048
15	tsk_15	(x)	1	:	0.051231	0.063703	0.000000	0.000000	0.000000	0.000000	0.000000	0.385081	0.499985	0.000000
16	tsk_16	(x)	1	:	0.137657	0.143224	0.000000	0.000000	0.000000	0.500000	0.000000	0.219119	0.000000	0.000000
17	tsk_17	(x)	1	:	0.118320	0.189511	0.000000	0.000000	0.499957	0.000000	0.000000	0.192149	0.000000	0.000063
18	tsk_18	(x)	1	:	0.001895	0.002304	0.000000	0.000000	0.497162	0.000000	0.000000	0.002860	0.495755	0.000024
19	tsk_19	(x)	1	:	0.000000	0.000000	0.000000	0.000000	0.000000	0.000000	0.000000	0.000000	1.000000	0.000000
20	tsk_20	(x)	1	:	0.003050	0.002182	0.000000	0.000000	0.497175	0.000000	0.000000	0.001769	0.495786	0.000037
21	tsk_21	(x)	1	:	0.094265	0.261439	0.000000	0.000000	0.499965	0.000000	0.000000	0.144280	0.000000	0.000051
22	tsk_22	(x)	1	:	0.259461	0.306185	0.000000	0.000000	0.000000	0.000000	0.000000	0.434354	0.000000	0.000000
23	tsk_23	(x)	1	:	0.003187	0.021943	0.000000	0.463366	0.000028	0.000000	0.000000	0.008222	0.037440	0.465813
24	tsk_24	(x)	1	:	0.000000	0.000000	0.000000	0.000000	1.000000	0.000000	0.000000	0.000000	0.000000	0.000000
25	tsk_25	(x)	1	:	0.172050	0.144477	0.000000	0.000000	0.000000	0.000000	0.000000	0.683473	0.000000	0.000000
26	tsk_26	(x)	1	:	0.000000	0.000000	0.000000	0.000000	1.000000	0.000000	0.000000	0.000000	0.000000	0.000000
27	tsk_27	(x)	1	:	0.000000	0.000000	0.000000	0.000000	1.000000	0.000000	0.000000	0.000000	0.000000	0.000000
28	tsk_28	(x)	1	:	0.000000	0.000000	0.000000	0.000000	1.000000	0.000000	0.000000	0.000000	0.000000	0.000000
29	tsk_29	(x)	1	:	0.000000	0.000000	0.000000	0.000000	1.000000	0.000000	0.000000	0.000000	0.000000	0.000000
30	tsk_30	(x)	1	:	0.007399	0.015663	0.000000	0.463288	0.000019	0.000000	0.000000	0.010159	0.037602	0.465870
31	tsk_31	(x)	1	:	0.010368	0.020683	0.000000	0.463265	0.000014	0.000000	0.000000	0.002133	0.037650	0.465889
32	tsk_32	(x)	1	:	0.000000	0.000000	0.000000	0.000000	0.567319	0.000000	0.000000	0.000000	0.000000	0.432680
33	tsk_33	(x)	1	:	0.014306	0.010264	0.000000	0.000000	0.000003	0.499928	0.000000	0.010033	0.000000	0.465465
34	tsk_34	(x)	1	:	0.010545	0.012422	0.000000	0.000000	0.000018	0.499915	0.000000	0.011672	0.000000	0.465427
35	tsk_35	(x)	1	:	0.012194	0.020225	0.000000	0.000000	0.000004	0.499930	0.000000	0.002178	0.000000	0.465468
36	tsk_36	(x)	1	:	0.000000	0.000000	0.000000	0.464444	0.000000	0.000000	0.000000	0.000000	0.535556	0.000000
37	tsk_37	(x)	1	:	0.016841	0.010179	0.000000	0.000000	0.000011	0.000000	0.000000	0.007974	0.499712	0.465282
38	tsk_38	(x)	1	:	0.003929	0.023666	0.000000	0.000000	0.000011	0.499926	0.000000	0.007014	0.000000	0.465454
39	tsk_39	(x)	1	:	0.000000	0.000000	0.000000	0.000000	0.000000	1.000000	0.000000	0.000000	0.000000	0.000000
40	tsk_40	(x)	1	:	0.192393	0.180465	0.000000	0.000000	0.000005	0.000000	0.000000	0.161565	0.000000	0.465572
41	tsk_41	(x)	1	:	0.393775	0.000000	0.000000	0.000000	0.000005	0.000000	0.000000	0.140653	0.000000	0.465567
42	tsk_42	(x)	1	:	0.000000	0.000000	0.000000	0.000000	1.000000	0.000000	0.000000	0.000000	0.000000	0.000000
43	tsk_43	(x)	1	:	0.217806	0.313406	0.000000	0.000000	0.000000	0.000000	0.000000	0.468788	0.000000	0.000000
44	tsk_44	(x)	1	:	0.000000	0.000000	0.000000	0.000000	1.000000	0.000000	0.000000	0.000000	0.000000	0.000000
45	tsk_45	(x)	1	:	0.266610	0.125244	0.000000	0.000000	0.000004	0.000000	0.000000	0.142570	0.000000	0.465572
46	tsk_46	(x)	1	:	0.139912	0.056516	0.000000	0.000000	0.000000	0.000000	0.529657	0.273915	0.000000	0.000000
47	tsk_47	(x)	1	:	0.393344	0.217754	0.000000	0.000000	0.000000	0.000000	0.000000	0.388902	0.000000	0.000000
48	tsk_48	(x)	1	:	0.225813	0.095399	0.000000	0.000000	0.000000	0.499999	0.000000	0.178788	0.000000	0.000000
49	tsk_49	(x)	1	:	0.201108	0.086127	0.000000	0.000000	0.000000	0.500000	0.000000	0.212765	0.000000	0.000000
50	tsk_50	(x)	1	:	0.125798	0.043453	0.134288	0.000000	0.000004	0.000000	0.133723	0.097200	0.000000	0.465533
51	tsk_51	(x)	1	:	0.000001	0.000000	0.000000	0.000000	0.000000	0.000000	0.482267	0.000000	0.000000	0.517732
52	tsk_52	(x)	1	:	0.000000	0.000000	0.116994	0.000000	0.000003	0.000000	0.487677	0.000000	0.000000	0.395326
53	tsk_53	(x)	1	:	0.000005	0.000014	0.123322	0.000000	0.000031	0.000000	0.000000	0.000024	0.454621	0.421982
54	tsk_54	(x)	1	:	0.178691	0.028613	0.000001	0.000000	0.000000	0.000000	0.676598	0.116096	0.000000	0.000000
55	tsk_55	(x)	1	:	0.000000	0.000000	0.000000	0.464444	0.000000	0.000000	0.000000	0.000000	0.535556	0.000000
56	tsk_56	(x)	1	:	0.000004	0.000008	0.123322	0.000000	0.000011	0.000000	0.000000	0.000021	0.454624	0.422010
57	tsk_57	(x)	1	:	0.094791	0.158842	0.000000	0.000000	0.000000	0.000000	0.000000	0.246378	0.499989	0.000000
58	tsk_58	(x)	1	:	0.388089	0.243632	0.000000	0.000000	0.000000	0.000000	0.000000	0.368279	0.000000	0.000000
59	tsk_59	(x)	1	:	0.000007	0.000017	0.123322	0.000000	0.000024	0.000000	0.000000	0.000012	0.454623	0.421994
60	tsk_60	(x)	1	:	0.000000	0.000000	0.000000	0.000000	0.000000	0.000000	0.000000	0.000000	1.000000	0.000000
61	tsk_61	(x)	1	:	0.000008	0.000014	0.000000	0.000000	0.000000	0.000000	0.000000	0.000004	0.452223	0.547751
62	tsk_62	(x)	1	:	0.000000	0.000000	0.000000	0.000000	0.000000	0.000000	0.000000	0.000000	1.000000	0.000000
63	tsk_63	(x)	1	:	0.000000	0.000000	0.000000	0.000000	0.000000	0.000000	0.000000	0.000000	1.000000	0.000000
64	tsk_64	(x)	1	:	0.000000	0.000014	0.000000	0.000000	0.000000	0.000000	0.000000	0.000004	0.452227	0.547754
65	tsk_65	(x)	1	:	0.000000	0.000000	0.000000	0.000000	0.000000	0.000000	0.000000	0.000000	1.000000	0.000000
66	tsk_66	(x)	1	:	0.000000	0.000000	0.000000	0.000000	0.000000	0.000000	0.000000	0.000000	1.000000	0.000000
67	tsk_67	(x)	1	:	0.000006	0.000008	0.000000	0.000000	0.000000	0.000000	0.000000	0.000005	0.452226	0.547754
68	tsk_68	(x)	1	:	0.000000	0.000000	0.000000	0.000000	0.000000	0.000000	0.000000	0.000000	1.000000	0.000000
69	tsk_69	(x)	1	:	0.000000	0.000000	0.000000	0.000000	0.000000	0.000000	0.000000	0.000000	1.000000	0.000000
70	tsk_70	(x)	1	:	0.000000	0.000000	0.000000	0.464444	0.000000	0.000000	0.000000	0.000000	0.535555	0.000000
71	tsk_71	(x)	1	:	0.000001	0.000001	0.000000	0.450410	0.000001	0.000000	0.000000	0.000001	0.004982	0.544603
72	tsk_72	(x)	1	:	0.000000	0.000000	0.000000	0.999958	0.000000	0.000000	0.000000	0.000000	0.000042	0.000000
73	tsk_73	(x)	1	:	0.000000	0.000000	0.000000	0.999992	0.000000	0.000000	0.000000	0.000000	0.000008	0.000000
74	tsk_74	(x)	1	:	0.145082	0.165868	0.000000	0.000000	0.499988	0.000000	0.000000	0.189045	0.000000	0.000018
75	tsk_75	(x)	1	:	0.000000	0.000000	0.000000	0.000000	0.999981	0.000000	0.000000	0.000000	0.000000	0.000019
76	tsk_76	(x)	1	:	0.023407	0.028393	0.000000	0.566340	0.000000	0.000000	0.000000	0.381860	0.000001	0.000000
77	tsk_77	(x)	1	:	0.000811	0.001875	0.000000	0.463537	0.498424	0.000000	0.000000	0.000750	0.034572	0.000030
78	tsk_78	(x)	1	:	0.000752	0.002022	0.000000	0.463485	0.498423	0.000000	0.000000	0.000668	0.034634	0.000017
79	tsk_79	(x)	1	:	0.000000	0.000000	0.000000	0.000000	1.000000	0.000000	0.000000	0.000000	0.000000	0.000000
80	tsk_80	(x)	1	:	0.000000	0.000000	0.000000	0.000000	0.000000	1.000000	0.000000	0.000000	0.000000	0.000000
81	tsk_81	(x)	1	:	0.000000	0.000000	0.000000	0.000000	0.000000	1.000000	0.000000	0.000000	0.000000	0.000000
82	tsk_82	(x)	1	:	0.000479	0.000192	0.000000	0.463030	0.000000	0.498711	0.000000	0.001865	0.035724	0.000000
83	tsk_83	(x)	1	:	0.146433	0.154033	0.000000	0.000000	0.499951	0.000000	0.000000	0.199511	0.000000	0.000073
84	tsk_84	(x)	1	:	0.000000	0.000000	0.000000	0.000000	0.000000	1.000000	0.000000	0.000000	0.000000	0.000000
85	tsk_85	(x)	1	:	0.002645	0.001145	0.000000	0.000000	0.497115	0.497132	0.000000	0.001940	0.000000	0.000024
86	tsk_86	(x)	1	:	0.000000	0.000000	0.000000	0.000000	0.000000	1.000000	0.000000	0.000000	0.000000	0.000000
87	tsk_87	(x)	1	:	0.129875	0.148696	0.000000	0.000000	0.000000	0.500000	0.000000	0.221429	0.000000	0.000000
88	tsk_88	(x)	1	:	0.000000	0.000000	0.000000	0.000000	0.000000	1.000000	0.000000	0.000000	0.000000	0.000000
89	tsk_89	(x)	1	:	0.092850	0.334762	0.000000	0.000000	0.499598	0.000000	0.000000	0.072200	0.000000	0.000589
90	tsk_90	(x)	1	:	0.112320	0.149818	0.000000	0.462472	0.000000	0.000000	0.000000	0.236884	0.038506	0.000000
91	tsk_91	(x)	1	:	0.000034	0.000003	0.000000	0.000000	0.000000	0.483819	0.516126	0.000019	0.000000	0.000000
92	tsk_92	(x)	1	:	0.000000	0.000000	0.000000	0.000000	0.000000	1.000000	0.000000	0.000000	0.000000	0.000000
93	tsk_93	(x)	1	:	0.000007	0.000006	0.000000	0.000000	0.000000	0.483822	0.516128	0.000036	0.000000	0.000000
94	tsk_94	(x)	1	:	0.225472	0.034760	0.000000	0.000000	0.000000	0.499986	0.133730	0.106052	0.000000	0.000000
95	tsk_95	(x)	1	:	0.000000	0.000000	0.000000	0.000000	0.000000	1.000000	0.000000	0.000000	0.000000	0.000000
96	tsk_96	(x)	1	:	0.150022	0.117441	0.000000	0.000000	0.000000	0.000000	0.529657	0.202879	0.000000	0.000000
97	tsk_97	(x)	1	:	0.225075	0.326541	0.000000	0.000000	0.000000	0.000000	0.000000	0.448384	0.000000	0.000000
98	tsk_98	(x)	1	:	0.000000	0.000000	0.000000	0.000000	0.000000	1.000000	0.000000	0.000000	0.000000	0.000000
99	tsk_99	(x)	1	:	0.095589	0.100754	0.000000	0.000000	0.000000	0.500000	0.000000	0.303657	0.000000	0.000000
