logL = -953.464702 (converged)
AIC = 4706.929404
BIC = 8354.167665

count.K
3 8 10 5 4 10 5 12 3 40 

