0	tsk_0	(x)	1	:	0.000000	0.528948	0.000000	0.000000	0.000000	0.000000	0.471051	0.000000	0.000000
1	tsk_1	(x)	1	:	0.000000	0.166467	0.333536	0.000000	0.000000	0.000000	0.000058	0.000000	0.499939
2	tsk_2	(x)	1	:	0.000000	0.000000	0.000000	0.000000	0.000000	0.000000	0.000000	1.000000	0.000000
3	tsk_3	(x)	1	:	0.000000	0.146685	0.353315	0.000000	0.000000	0.000000	0.000000	0.000000	0.500000
4	tsk_4	(x)	1	:	0.000000	0.204952	0.295048	0.000000	0.000000	0.000000	0.000000	0.500000	0.000000
5	tsk_5	(x)	1	:	0.000000	0.000000	0.000000	0.000000	0.000000	0.000000	0.000019	0.000000	0.999981
6	tsk_6	(x)	1	:	0.000000	0.171714	0.328286	0.000000	0.000000	0.000000	0.000000	0.500000	0.000000
7	tsk_7	(x)	1	:	0.000000	0.000000	0.000000	0.000000	0.000000	0.000000	0.000047	0.000000	0.999953
8	tsk_8	(x)	1	:	0.000000	0.000000	0.000000	0.000000	0.000000	0.000000	0.000117	0.000000	0.999883
9	tsk_9	(x)	1	:	0.000000	0.032628	0.467372	0.000000	0.000000	0.000000	0.000000	0.500000	0.000000
10	tsk_10	(x)	1	:	0.000000	0.206584	0.294567	0.000000	0.000000	0.498848	0.000000	0.000000	0.000000
11	tsk_11	(x)	1	:	0.000000	0.000000	0.000000	0.000000	0.000000	0.000000	0.000055	0.500009	0.499936
12	tsk_12	(x)	1	:	0.000000	0.000000	0.000000	0.000000	0.000000	0.000000	0.000000	1.000000	0.000000
13	tsk_13	(x)	1	:	0.000000	0.000000	0.000000	0.000000	0.000000	0.000000	0.000024	0.500004	0.499971
14	tsk_14	(x)	1	:	0.000000	0.000000	0.000000	0.000000	0.000000	1.000000	0.000000	0.000000	0.000000
15	tsk_15	(x)	1	:	0.000000	0.000000	0.000000	0.000000	0.000000	0.000000	0.000030	0.500005	0.499965
16	tsk_16	(x)	1	:	0.000000	0.000000	0.000000	0.000000	0.000000	0.000000	0.000047	0.500008	0.499945
17	tsk_17	(x)	1	:	0.000000	0.000000	0.000000	0.000000	0.000000	0.000000	0.000006	0.500001	0.499993
18	tsk_18	(x)	1	:	0.000000	0.000000	0.000000	0.000000	0.000000	0.000000	0.000072	0.000000	0.999928
19	tsk_19	(x)	1	:	0.000000	0.000000	0.000000	0.000000	0.000000	0.000000	0.000021	0.000000	0.999979
20	tsk_20	(x)	1	:	0.000000	0.000000	0.000000	0.000000	0.000000	0.000000	0.000041	0.000000	0.999959
21	tsk_21	(x)	1	:	0.000000	0.000000	0.000000	0.000000	0.000000	0.489711	0.000054	0.000000	0.510235
22	tsk_22	(x)	1	:	0.000000	0.000000	0.000000	0.000000	0.000000	0.489684	0.000031	0.000000	0.510285
23	tsk_23	(x)	1	:	0.486670	0.000000	0.000000	0.000000	0.000000	0.000000	0.000005	0.000000	0.513325
24	tsk_24	(x)	1	:	0.000000	0.000000	0.000000	0.000000	0.000000	0.000000	0.000052	0.000000	0.999948
25	tsk_25	(x)	1	:	0.000000	0.000000	0.000000	0.000000	0.000000	0.000000	0.521583	0.478415	0.000002
26	tsk_26	(x)	1	:	0.000000	0.000000	0.000000	0.000000	0.000000	0.489639	0.000002	0.499998	0.010361
27	tsk_27	(x)	1	:	0.000000	0.000000	0.000000	0.000000	0.000000	0.000000	0.000000	1.000000	0.000000
28	tsk_28	(x)	1	:	0.000000	0.000000	0.000000	0.000000	0.000000	0.489672	0.000022	0.000000	0.510306
29	tsk_29	(x)	1	:	0.000000	0.000000	0.000000	0.000000	0.000000	0.000000	0.000024	0.500004	0.499972
30	tsk_30	(x)	1	:	0.543032	0.000000	0.000000	0.000000	0.000000	0.000000	0.000000	0.456968	0.000000
31	tsk_31	(x)	1	:	0.543032	0.000000	0.000000	0.000000	0.000000	0.000000	0.000000	0.456968	0.000000
32	tsk_32	(x)	1	:	0.486316	0.000000	0.000000	0.000000	0.000000	0.000000	0.000000	0.499766	0.013918
33	tsk_33	(x)	1	:	0.000000	0.000000	0.000000	0.000000	0.000000	0.000000	0.000051	0.000000	0.999949
34	tsk_34	(x)	1	:	0.486668	0.000000	0.000000	0.000000	0.000000	0.000000	0.000000	0.000000	0.513331
35	tsk_35	(x)	1	:	0.000000	0.000000	0.000000	0.000000	0.000000	0.000000	0.000015	0.000000	0.999984
36	tsk_36	(x)	1	:	0.000000	0.000000	0.000000	0.000000	0.000000	0.489665	0.000016	0.000000	0.510319
37	tsk_37	(x)	1	:	0.497329	0.278705	0.223966	0.000000	0.000000	0.000000	0.000000	0.000000	0.000000
38	tsk_38	(x)	1	:	0.486669	0.000000	0.000000	0.000000	0.000000	0.000000	0.000002	0.000000	0.513328
39	tsk_39	(x)	1	:	0.486671	0.000000	0.000000	0.000000	0.000000	0.000000	0.000008	0.000000	0.513321
40	tsk_40	(x)	1	:	0.000000	0.000000	0.000000	0.000000	0.000000	0.489645	0.000000	0.000000	0.510355
41	tsk_41	(x)	1	:	0.000000	0.000000	0.000000	0.000000	0.000000	1.000000	0.000000	0.000000	0.000000
42	tsk_42	(x)	1	:	0.000000	0.189704	0.311448	0.000000	0.000000	0.498848	0.000000	0.000000	0.000000
43	tsk_43	(x)	1	:	0.000000	0.000000	0.000000	0.000000	0.000000	0.489660	0.000012	0.000000	0.510328
44	tsk_44	(x)	1	:	0.000000	0.154207	0.346945	0.000000	0.000000	0.498848	0.000000	0.000000	0.000000
45	tsk_45	(x)	1	:	0.000000	0.000000	0.000000	0.000000	0.000000	0.284261	0.298346	0.417392	0.000000
46	tsk_46	(x)	1	:	0.486670	0.000000	0.000000	0.000000	0.000000	0.000000	0.000005	0.000000	0.513325
47	tsk_47	(x)	1	:	0.000000	0.000000	0.000000	0.000000	0.000000	0.489656	0.000009	0.000000	0.510334
48	tsk_48	(x)	1	:	0.000000	0.000000	0.000000	0.000000	0.000000	1.000000	0.000000	0.000000	0.000000
49	tsk_49	(x)	1	:	0.000000	0.000000	0.000000	0.000000	0.000000	0.489654	0.000008	0.000000	0.510338
50	tsk_50	(x)	1	:	0.000000	0.076887	0.423041	0.500072	0.000000	0.000000	0.000000	0.000000	0.000000
51	tsk_51	(x)	1	:	0.000000	0.612168	0.387831	0.000000	0.000000	0.000000	0.000000	0.000000	0.000000
52	tsk_52	(x)	1	:	0.000000	0.323118	0.676882	0.000000	0.000000	0.000000	0.000000	0.000000	0.000000
53	tsk_53	(x)	1	:	0.000000	0.107909	0.392019	0.500071	0.000000	0.000000	0.000001	0.000000	0.000000
54	tsk_54	(x)	1	:	0.000000	0.716245	0.283755	0.000000	0.000000	0.000000	0.000000	0.000000	0.000000
55	tsk_55	(x)	1	:	0.000000	0.443653	0.556347	0.000000	0.000000	0.000000	0.000000	0.000000	0.000000
56	tsk_56	(x)	1	:	0.497329	0.185911	0.316760	0.000000	0.000000	0.000000	0.000000	0.000000	0.000000
57	tsk_57	(x)	1	:	0.000000	0.090473	0.909526	0.000000	0.000000	0.000000	0.000000	0.000000	0.000000
58	tsk_58	(x)	1	:	0.000000	0.169333	0.330595	0.500072	0.000000	0.000000	0.000000	0.000000	0.000000
59	tsk_59	(x)	1	:	0.000000	0.373769	0.626231	0.000000	0.000000	0.000000	0.000000	0.000000	0.000000
60	tsk_60	(x)	1	:	0.000000	0.000000	0.000000	0.000000	0.000000	0.000000	0.000032	0.500005	0.499963
61	tsk_61	(x)	1	:	0.486180	0.000000	0.000000	0.000000	0.000000	0.000000	0.000000	0.499675	0.014145
62	tsk_62	(x)	1	:	0.486261	0.000000	0.000000	0.000000	0.000000	0.000000	0.000001	0.499729	0.014009
63	tsk_63	(x)	1	:	0.494554	0.000000	0.000000	0.000000	0.000000	0.505445	0.000001	0.000000	0.000000
64	tsk_64	(x)	1	:	0.000000	0.000000	0.000000	0.000000	0.000000	0.000000	0.000009	0.500002	0.499989
65	tsk_65	(x)	1	:	0.000000	0.408152	0.091848	0.000000	0.000000	0.000000	0.000000	0.500000	0.000000
66	tsk_66	(x)	1	:	0.486668	0.000000	0.000000	0.000000	0.000000	0.000000	0.000000	0.000000	0.513331
67	tsk_67	(x)	1	:	0.000000	0.000000	0.000000	0.000000	0.000000	0.000000	0.000032	0.500005	0.499963
68	tsk_68	(x)	1	:	0.486379	0.000000	0.000000	0.000000	0.000000	0.000000	0.000000	0.499807	0.013814
69	tsk_69	(x)	1	:	0.000000	0.000000	0.000000	0.000000	0.000000	0.489670	0.000020	0.000000	0.510310
70	tsk_70	(x)	1	:	0.486668	0.000000	0.000000	0.000000	0.000000	0.000000	0.000000	0.000000	0.513331
71	tsk_71	(x)	1	:	0.497329	0.388015	0.114656	0.000000	0.000000	0.000000	0.000000	0.000000	0.000000
72	tsk_72	(x)	1	:	0.487089	0.000000	0.000000	0.000000	0.000000	0.000000	0.000001	0.500280	0.012631
73	tsk_73	(x)	1	:	0.000000	0.205291	0.294709	0.000000	0.000000	0.000000	0.000000	0.500000	0.000000
74	tsk_74	(x)	1	:	0.000000	0.039807	0.460196	0.000000	0.000000	0.000000	0.000062	0.000000	0.499935
75	tsk_75	(x)	1	:	0.497329	0.262613	0.240059	0.000000	0.000000	0.000000	0.000000	0.000000	0.000000
76	tsk_76	(x)	1	:	0.000000	0.284625	0.215375	0.000000	0.000000	0.000000	0.000000	0.000000	0.500000
77	tsk_77	(x)	1	:	0.000000	0.000000	0.000000	0.000000	0.000000	0.000000	0.000005	0.500001	0.499994
78	tsk_78	(x)	1	:	0.497329	0.350035	0.152636	0.000000	0.000000	0.000000	0.000000	0.000000	0.000000
79	tsk_79	(x)	1	:	0.000000	0.000000	0.000000	0.000000	0.000000	0.000000	0.000066	0.500011	0.499923
80	tsk_80	(x)	1	:	0.000000	0.167058	0.334093	0.000000	0.000000	0.498848	0.000000	0.000000	0.000000
81	tsk_81	(x)	1	:	0.000000	0.000000	0.000000	0.500765	0.000000	0.000000	0.000067	0.000000	0.499168
82	tsk_82	(x)	1	:	0.000000	0.233009	0.766991	0.000000	0.000000	0.000000	0.000000	0.000000	0.000000
83	tsk_83	(x)	1	:	0.000000	0.165647	0.335505	0.000000	0.000000	0.498848	0.000000	0.000000	0.000000
84	tsk_84	(x)	1	:	0.000000	0.000000	0.000000	0.500708	0.000000	0.000000	0.000015	0.000000	0.499277
85	tsk_85	(x)	1	:	0.000000	0.000000	0.000000	0.000000	0.000000	0.000000	0.000009	0.500002	0.499989
86	tsk_86	(x)	1	:	0.000000	0.000000	0.000000	0.000000	0.000000	0.663564	0.000004	0.000000	0.336432
87	tsk_87	(x)	1	:	0.000000	0.000000	0.000000	0.000000	0.000000	0.487458	0.000001	0.499280	0.013261
88	tsk_88	(x)	1	:	0.000000	0.446571	0.553429	0.000000	0.000000	0.000000	0.000000	0.000000	0.000000
89	tsk_89	(x)	1	:	0.000000	0.000000	0.000000	0.500768	0.000000	0.000000	0.000065	0.000000	0.499167
90	tsk_90	(x)	1	:	0.000000	0.000000	0.000000	0.000000	0.000000	0.000000	0.000075	0.500013	0.499913
91	tsk_91	(x)	1	:	0.000000	0.224537	0.275463	0.000000	0.500000	0.000000	0.000000	0.000000	0.000000
92	tsk_92	(x)	1	:	0.000000	0.000000	0.000000	0.495248	0.000000	0.000000	0.000001	0.498214	0.006537
93	tsk_93	(x)	1	:	0.000000	0.000000	0.000000	0.000000	0.500000	0.000000	0.000000	0.500000	0.000000
94	tsk_94	(x)	1	:	0.000000	0.000000	0.000000	0.000000	0.000000	0.000000	0.000023	0.500004	0.499974
95	tsk_95	(x)	1	:	0.000000	0.000000	0.000000	0.000000	0.000000	0.000000	0.000057	0.000000	0.999943
96	tsk_96	(x)	1	:	0.000000	0.000000	0.000000	0.000000	0.000000	0.000000	0.000030	0.000000	0.999970
97	tsk_97	(x)	1	:	0.000000	0.000000	0.000000	0.000000	0.000000	0.000000	0.000000	1.000000	0.000000
98	tsk_98	(x)	1	:	0.000000	0.000000	0.000000	0.500766	0.000000	0.000000	0.000063	0.000000	0.499171
99	tsk_99	(x)	1	:	0.000000	0.000000	0.000000	0.000000	0.000000	0.000000	0.000000	1.000000	0.000000
