logL = -736.035111 (converged)
AIC = 2272.070222
BIC = 3314.138296

count.K
19 43 13 25 

