logL = -441.227971 (converged)
AIC = 1402.455942
BIC = 2079.800190

count.K
13 16 71 

