logL = -773.835541 (converged)
AIC = 3363.671082
BIC = 5729.165611

count.K
8 7 9 29 3 3 24 17 

