logL = -1094.642647 (converged)
AIC = 2781.285295
BIC = 3552.415670

count.K
47 45 8 

