logL = -884.800606 (converged)
AIC = 2343.601213
BIC = 3091.285056

count.K
27 17 56 

