logL = -577.123305 (converged)
AIC = 2454.246609
BIC = 4147.607230

count.K
19 14 5 39 14 9 

