logL = -502.145016 (converged)
AIC = 3264.290032
BIC = 6208.132342

count.K
1 0 9 1 36 7 4 14 21 7 

