logL = -534.902693 (converged)
AIC = 2357.805386
BIC = 4035.534986

count.K
3 17 21 17 7 35 

