logL = -751.740212 (converged)
AIC = 3943.480424
BIC = 7121.788051

count.K
1 40 2 3 6 6 12 9 15 6 

