logL = -321.324926 (converged)
AIC = 2822.649851
BIC = 5662.285354

count.K
9 14 3 16 1 8 20 1 15 13 

