logL = -721.155050 (converged)
AIC = 3922.310100
BIC = 7152.721131

count.K
25 3 2 3 18 7 4 1 30 7 

