logL = -584.254295 (converged)
AIC = 3254.508590
BIC = 5971.701094

count.K
6 9 20 3 11 4 25 12 10 

