logL = -1040.162697 (converged)
AIC = 3770.325395
BIC = 5971.694202

count.K
2 23 17 31 8 2 17 

