logL = -335.697566 (converged)
AIC = 1887.395133
BIC = 3471.338606

count.K
17 5 18 28 11 21 

