logL = -940.249187 (converged)
AIC = 3264.498373
BIC = 5067.276142

count.K
56 7 20 1 6 10 

