logL = -863.135246 (converged)
AIC = 3486.270492
BIC = 5778.820256

count.K
13 22 11 4 16 18 16 

