logL = -921.493798 (converged)
AIC = 2404.987596
BIC = 3137.040418

count.K
63 2 35 

