logL = -1466.704041 (converged)
AIC = 5217.408082
BIC = 8192.512435

count.K
21 6 7 11 18 8 9 16 4 

