logL = -766.395310 (converged)
AIC = 2348.790620
BIC = 3411.700056

count.K
44 36 8 12 

