logL = -551.746591 (converged)
AIC = 2415.493181
BIC = 4124.484823

count.K
22 24 5 27 2 20 

