0	tsk_0	(x)	1	:	0.000000	0.000000	0.000000	0.000000	0.000000	0.000000	0.000000	0.000000	0.000000	1.000000
1	tsk_1	(x)	1	:	0.000000	0.000000	0.000000	0.500000	0.000000	0.000000	0.000000	0.000000	0.000000	0.500000
2	tsk_2	(x)	1	:	0.018872	0.000000	0.000000	0.000000	0.002268	0.000000	0.000000	0.497878	0.000000	0.480982
3	tsk_3	(x)	1	:	0.029244	0.000000	0.000000	0.000000	0.002719	0.000000	0.000000	0.497394	0.000000	0.470643
4	tsk_4	(x)	1	:	0.021848	0.000000	0.000000	0.000000	0.000000	0.000000	0.000000	0.499795	0.000000	0.478357
5	tsk_5	(x)	1	:	0.000000	0.000000	0.000000	0.000000	0.000000	0.000000	0.000000	1.000000	0.000000	0.000000
6	tsk_6	(x)	1	:	0.000000	0.000000	0.000000	0.000000	0.000000	0.000000	0.000000	0.000000	0.000000	1.000000
7	tsk_7	(x)	1	:	0.038231	0.000000	0.000000	0.000000	0.000000	0.000000	0.000000	0.499641	0.000000	0.462128
8	tsk_8	(x)	1	:	0.131858	0.000000	0.000000	0.000000	0.315571	0.000000	0.000000	0.000000	0.183236	0.369335
9	tsk_9	(x)	1	:	0.041058	0.000000	0.000000	0.000000	0.000000	0.000000	0.000000	0.499614	0.000000	0.459327
10	tsk_10	(x)	1	:	0.038941	0.000000	0.000000	0.000000	0.002314	0.000000	0.000000	0.497650	0.000000	0.461095
11	tsk_11	(x)	1	:	0.000000	0.000000	0.000000	1.000000	0.000000	0.000000	0.000000	0.000000	0.000000	0.000000
12	tsk_12	(x)	1	:	0.000000	0.000000	0.000000	0.499484	0.004153	0.000000	0.000000	0.496363	0.000000	0.000000
13	tsk_13	(x)	1	:	0.000941	0.000000	0.000000	0.496632	0.003701	0.000000	0.000000	0.496337	0.000000	0.002389
14	tsk_14	(x)	1	:	0.000000	0.000000	0.000000	0.500000	0.000000	0.000000	0.000000	0.000000	0.000000	0.500000
15	tsk_15	(x)	1	:	0.003792	0.000000	0.000000	0.496783	0.499425	0.000000	0.000000	0.000000	0.000000	0.000000
16	tsk_16	(x)	1	:	0.003853	0.000000	0.000000	0.496414	0.499364	0.000000	0.000000	0.000000	0.000000	0.000370
17	tsk_17	(x)	1	:	0.038001	0.000000	0.000000	0.000000	0.001558	0.000000	0.000000	0.498307	0.000000	0.462134
18	tsk_18	(x)	1	:	0.000197	0.000000	0.000000	0.496363	0.003891	0.000000	0.000000	0.496143	0.000000	0.003406
19	tsk_19	(x)	1	:	0.000000	0.000000	0.000000	0.000000	0.000000	0.000000	0.000000	1.000000	0.000000	0.000000
20	tsk_20	(x)	1	:	0.000033	0.000000	0.487426	0.000000	0.000000	0.512019	0.000000	0.000000	0.000000	0.000523
21	tsk_21	(x)	1	:	0.120013	0.000000	0.000000	0.000000	0.498684	0.000000	0.000000	0.000000	0.000000	0.381302
22	tsk_22	(x)	1	:	0.008280	0.000000	0.492759	0.000000	0.498717	0.000000	0.000001	0.000000	0.000000	0.000243
23	tsk_23	(x)	1	:	0.000000	0.000000	1.000000	0.000000	0.000000	0.000000	0.000000	0.000000	0.000000	0.000000
24	tsk_24	(x)	1	:	0.000000	0.000000	0.000000	0.000000	1.000000	0.000000	0.000000	0.000000	0.000000	0.000000
25	tsk_25	(x)	1	:	0.000112	0.498155	0.497400	0.000000	0.002026	0.000000	0.000000	0.000000	0.000000	0.002307
26	tsk_26	(x)	1	:	0.000000	0.000000	1.000000	0.000000	0.000000	0.000000	0.000000	0.000000	0.000000	0.000000
27	tsk_27	(x)	1	:	0.000000	0.000000	1.000000	0.000000	0.000000	0.000000	0.000000	0.000000	0.000000	0.000000
28	tsk_28	(x)	1	:	0.000000	0.000000	1.000000	0.000000	0.000000	0.000000	0.000000	0.000000	0.000000	0.000000
29	tsk_29	(x)	1	:	0.000000	0.000000	0.500000	0.000000	0.000000	0.000000	0.000000	0.000000	0.000000	0.500000
30	tsk_30	(x)	1	:	0.000000	1.000000	0.000000	0.000000	0.000000	0.000000	0.000000	0.000000	0.000000	0.000000
31	tsk_31	(x)	1	:	0.000000	0.497860	0.000000	0.000000	0.006438	0.000000	0.000000	0.495702	0.000000	0.000000
32	tsk_32	(x)	1	:	0.000000	1.000000	0.000000	0.000000	0.000000	0.000000	0.000000	0.000000	0.000000	0.000000
33	tsk_33	(x)	1	:	0.000000	0.499094	0.000000	0.000000	0.333208	0.000000	0.000000	0.000000	0.167698	0.000000
34	tsk_34	(x)	1	:	0.000000	1.000000	0.000000	0.000000	0.000000	0.000000	0.000000	0.000000	0.000000	0.000000
35	tsk_35	(x)	1	:	0.000000	0.000000	0.495665	0.000000	0.003915	0.000000	0.000000	0.496026	0.000000	0.004394
36	tsk_36	(x)	1	:	0.004181	0.499500	0.496310	0.000000	0.000009	0.000000	0.000000	0.000000	0.000000	0.000000
37	tsk_37	(x)	1	:	0.000000	0.000000	0.000000	0.000000	0.000000	0.000000	0.000000	1.000000	0.000000	0.000000
38	tsk_38	(x)	1	:	0.000000	0.000000	0.000000	0.000000	0.000000	0.000000	0.000000	1.000000	0.000000	0.000000
39	tsk_39	(x)	1	:	0.000000	0.000000	0.000000	0.000000	0.100680	0.398878	0.000000	0.500442	0.000000	0.000000
40	tsk_40	(x)	1	:	0.069164	0.000000	0.000000	0.000000	0.499242	0.000000	0.000000	0.000000	0.000000	0.431594
41	tsk_41	(x)	1	:	0.000000	0.000000	0.000000	0.000000	0.500000	0.000000	0.000000	0.500000	0.000000	0.000000
42	tsk_42	(x)	1	:	0.000000	0.000000	1.000000	0.000000	0.000000	0.000000	0.000000	0.000000	0.000000	0.000000
43	tsk_43	(x)	1	:	0.004609	0.000000	0.495253	0.000000	0.499164	0.000000	0.000000	0.000000	0.000000	0.000974
44	tsk_44	(x)	1	:	0.000000	0.000000	0.496461	0.496461	0.000000	0.000000	0.000000	0.000000	0.000000	0.007078
45	tsk_45	(x)	1	:	0.002529	0.000000	0.495295	0.000000	0.499194	0.000000	0.000000	0.000000	0.000000	0.002982
46	tsk_46	(x)	1	:	0.002323	0.000000	0.496040	0.000000	0.000000	0.000000	0.000000	0.499416	0.000000	0.002220
47	tsk_47	(x)	1	:	0.005437	0.000000	0.495028	0.000000	0.499118	0.000000	0.000000	0.000000	0.000000	0.000417
48	tsk_48	(x)	1	:	0.000000	0.000000	0.000000	0.000000	0.402173	0.000000	0.000000	0.378823	0.219004	0.000000
49	tsk_49	(x)	1	:	0.005990	0.000000	0.494875	0.000000	0.499087	0.000000	0.000000	0.000000	0.000000	0.000048
50	tsk_50	(x)	1	:	0.000021	0.000001	0.487574	0.000000	0.000000	0.512035	0.000000	0.000000	0.000000	0.000369
51	tsk_51	(x)	1	:	0.081507	0.499331	0.000000	0.000000	0.000000	0.000000	0.000000	0.000000	0.000000	0.419162
52	tsk_52	(x)	1	:	0.002051	0.000000	0.495361	0.000000	0.003002	0.000000	0.000000	0.496748	0.000000	0.002839
53	tsk_53	(x)	1	:	0.000000	0.000000	0.000000	0.000000	0.000000	1.000000	0.000000	0.000000	0.000000	0.000000
54	tsk_54	(x)	1	:	0.000088	0.000000	0.487636	0.000000	0.000000	0.512042	0.000000	0.000000	0.000000	0.000234
55	tsk_55	(x)	1	:	0.012508	0.498115	0.000000	0.000000	0.002375	0.000000	0.000000	0.000000	0.000000	0.487002
56	tsk_56	(x)	1	:	0.000000	0.207949	0.000000	0.000000	0.000000	0.792051	0.000000	0.000000	0.000000	0.000000
57	tsk_57	(x)	1	:	0.000000	0.000000	0.000000	0.000000	0.000000	0.000000	0.000000	0.000000	0.000000	1.000000
58	tsk_58	(x)	1	:	0.046428	0.000000	0.000000	0.000000	0.000000	0.000000	0.000000	0.499564	0.000000	0.454007
59	tsk_59	(x)	1	:	0.504128	0.495871	0.000000	0.000000	0.000000	0.000000	0.000000	0.000000	0.000000	0.000000
60	tsk_60	(x)	1	:	0.000000	0.468573	0.000000	0.000000	0.000000	0.000000	0.000000	0.320871	0.210556	0.000000
61	tsk_61	(x)	1	:	0.000000	0.497829	0.000000	0.000000	0.006531	0.000000	0.000000	0.495639	0.000000	0.000000
62	tsk_62	(x)	1	:	0.000000	0.468573	0.000000	0.000000	0.000000	0.000000	0.000000	0.320871	0.210556	0.000000
63	tsk_63	(x)	1	:	0.060605	0.499502	0.000000	0.000000	0.000000	0.000000	0.000000	0.000000	0.000000	0.439892
64	tsk_64	(x)	1	:	0.000000	1.000000	0.000000	0.000000	0.000000	0.000000	0.000000	0.000000	0.000000	0.000000
65	tsk_65	(x)	1	:	0.000000	0.000000	0.488272	0.000000	0.000000	0.000000	0.000002	0.303169	0.208557	0.000000
66	tsk_66	(x)	1	:	0.000000	0.000000	0.000000	0.000000	0.000000	0.000000	0.561306	0.429978	0.008717	0.000000
67	tsk_67	(x)	1	:	0.066202	0.000000	0.000000	0.000000	0.228801	0.000000	0.267381	0.000000	0.270921	0.166694
68	tsk_68	(x)	1	:	0.000000	0.000000	0.000000	0.000000	0.004120	0.000000	0.496139	0.495917	0.000000	0.003825
69	tsk_69	(x)	1	:	0.000000	0.190349	0.000000	0.000000	0.000000	0.809650	0.000000	0.000000	0.000000	0.000000
70	tsk_70	(x)	1	:	0.000000	0.000000	0.000000	0.000000	1.000000	0.000000	0.000000	0.000000	0.000000	0.000000
71	tsk_71	(x)	1	:	0.000000	1.000000	0.000000	0.000000	0.000000	0.000000	0.000000	0.000000	0.000000	0.000000
72	tsk_72	(x)	1	:	0.000000	0.000000	0.000000	0.000000	0.000000	0.000000	1.000000	0.000000	0.000000	0.000000
73	tsk_73	(x)	1	:	0.000000	0.000000	0.000000	0.000000	1.000000	0.000000	0.000000	0.000000	0.000000	0.000000
74	tsk_74	(x)	1	:	0.000000	0.000000	0.000000	0.000000	1.000000	0.000000	0.000000	0.000000	0.000000	0.000000
75	tsk_75	(x)	1	:	0.000000	0.500000	0.000000	0.000000	0.500000	0.000000	0.000000	0.000000	0.000000	0.000000
76	tsk_76	(x)	1	:	0.000000	1.000000	0.000000	0.000000	0.000000	0.000000	0.000000	0.000000	0.000000	0.000000
77	tsk_77	(x)	1	:	0.005870	0.000000	0.000000	0.000000	0.499112	0.000000	0.495018	0.000000	0.000000	0.000000
78	tsk_78	(x)	1	:	0.000000	1.000000	0.000000	0.000000	0.000000	0.000000	0.000000	0.000000	0.000000	0.000000
79	tsk_79	(x)	1	:	0.000000	0.500000	0.000000	0.000000	0.500000	0.000000	0.000000	0.000000	0.000000	0.000000
80	tsk_80	(x)	1	:	0.002596	0.000000	0.495314	0.000000	0.002820	0.000000	0.000000	0.496892	0.000000	0.002378
81	tsk_81	(x)	1	:	0.146163	0.000000	0.000000	0.000000	0.498398	0.000000	0.000000	0.000000	0.000000	0.355439
82	tsk_82	(x)	1	:	0.000345	0.000000	0.495897	0.000000	0.000000	0.000000	0.000000	0.499415	0.000000	0.004342
83	tsk_83	(x)	1	:	0.001473	0.000000	0.495740	0.000000	0.003417	0.000000	0.000000	0.496450	0.000000	0.002920
84	tsk_84	(x)	1	:	0.137354	0.000000	0.000000	0.000000	0.498494	0.000000	0.000000	0.000000	0.000000	0.364152
85	tsk_85	(x)	1	:	0.002356	0.000000	0.495444	0.000000	0.000390	0.000000	0.000000	0.498998	0.000000	0.002812
86	tsk_86	(x)	1	:	0.000000	0.000000	1.000000	0.000000	0.000000	0.000000	0.000000	0.000000	0.000000	0.000000
87	tsk_87	(x)	1	:	0.223708	0.000000	0.000000	0.000000	0.497548	0.000000	0.000000	0.000000	0.000000	0.278745
88	tsk_88	(x)	1	:	0.000000	0.000000	0.000000	0.000000	0.500000	0.000000	0.000000	0.500000	0.000000	0.000000
89	tsk_89	(x)	1	:	0.000000	0.000000	0.500000	0.000000	0.000000	0.000000	0.000000	0.000000	0.000000	0.500000
90	tsk_90	(x)	1	:	0.000000	0.000000	0.000000	0.000000	0.000000	0.000000	0.000000	1.000000	0.000000	0.000000
91	tsk_91	(x)	1	:	0.000000	0.000008	0.000000	0.000000	0.000000	0.999992	0.000000	0.000000	0.000000	0.000000
92	tsk_92	(x)	1	:	0.000000	0.000000	0.000000	0.000000	0.000027	0.642209	0.000000	0.000000	0.357764	0.000000
93	tsk_93	(x)	1	:	0.000000	0.000000	0.000000	0.000000	0.000000	0.000000	0.000000	1.000000	0.000000	0.000000
94	tsk_94	(x)	1	:	0.000000	0.000000	0.000000	0.000000	0.000000	0.000000	0.000000	1.000000	0.000000	0.000000
95	tsk_95	(x)	1	:	0.000000	0.500000	0.000000	0.000000	0.000000	0.000000	0.000000	0.500000	0.000000	0.000000
96	tsk_96	(x)	1	:	0.000000	0.000000	0.000000	0.000000	0.317696	0.000000	0.000000	0.272392	0.409912	0.000000
97	tsk_97	(x)	1	:	0.000000	0.000000	0.000000	0.000000	0.398460	0.000000	0.000000	0.373906	0.227634	0.000000
98	tsk_98	(x)	1	:	0.000000	0.000000	0.000000	0.000000	0.500000	0.000000	0.000000	0.500000	0.000000	0.000000
99	tsk_99	(x)	1	:	0.000000	0.000000	0.000000	0.000000	0.500000	0.000000	0.000000	0.500000	0.000000	0.000000
