0	tsk_0	(x)	1	:	0.501908	0.000000	0.267929	0.230163	0.000000	0.000000	0.000000	0.000000
1	tsk_1	(x)	1	:	0.000000	0.267090	0.000000	0.000000	0.000000	0.572201	0.000000	0.160709
2	tsk_2	(x)	1	:	0.000000	0.028066	0.268622	0.194494	0.000000	0.000000	0.455944	0.052873
3	tsk_3	(x)	1	:	0.000000	0.029859	0.000000	0.471134	0.000000	0.000000	0.462914	0.036093
4	tsk_4	(x)	1	:	0.000000	0.000000	0.000000	0.467326	0.000000	0.532674	0.000000	0.000000
5	tsk_5	(x)	1	:	0.000000	0.000000	0.267795	0.283305	0.000000	0.448899	0.000000	0.000000
6	tsk_6	(x)	1	:	0.000000	0.000000	0.000000	1.000000	0.000000	0.000000	0.000000	0.000000
7	tsk_7	(x)	1	:	0.000000	0.052539	0.000000	0.006958	0.000000	0.452976	0.463556	0.023971
8	tsk_8	(x)	1	:	0.502246	0.000000	0.000000	0.497754	0.000000	0.000000	0.000000	0.000000
9	tsk_9	(x)	1	:	0.000000	0.000000	0.000000	0.000000	0.000000	1.000000	0.000000	0.000000
10	tsk_10	(x)	1	:	0.000000	0.651166	0.000000	0.000000	0.000000	0.000000	0.000000	0.348834
11	tsk_11	(x)	1	:	0.000000	0.042587	0.000000	0.013324	0.000000	0.451325	0.463205	0.029559
12	tsk_12	(x)	1	:	0.000000	0.323661	0.000000	0.000000	0.000000	0.000000	0.464373	0.211966
13	tsk_13	(x)	1	:	0.000000	0.289787	0.000000	0.000000	0.497251	0.000000	0.000000	0.212962
14	tsk_14	(x)	1	:	0.000000	0.092997	0.000000	0.000000	0.000000	0.000000	0.655582	0.251421
15	tsk_15	(x)	1	:	0.000000	0.000000	0.267506	0.199488	0.000000	0.533005	0.000000	0.000000
16	tsk_16	(x)	1	:	0.000000	0.290878	0.000000	0.000000	0.497251	0.000000	0.000000	0.211871
17	tsk_17	(x)	1	:	0.000000	0.267954	0.000000	0.022702	0.000000	0.449285	0.000000	0.260059
18	tsk_18	(x)	1	:	0.000000	0.024948	0.000000	0.001004	0.497469	0.000000	0.465086	0.011494
19	tsk_19	(x)	1	:	0.000000	0.305926	0.000000	0.000054	0.000000	0.519451	0.000000	0.174569
20	tsk_20	(x)	1	:	0.000000	0.033684	0.000000	0.010648	0.000000	0.452007	0.463302	0.040359
21	tsk_21	(x)	1	:	0.498409	0.125912	0.000000	0.000693	0.000000	0.000000	0.000000	0.374985
22	tsk_22	(x)	1	:	0.498387	0.125795	0.000000	0.000875	0.000000	0.000000	0.000000	0.374942
23	tsk_23	(x)	1	:	0.000000	0.289619	0.000000	0.000000	0.000000	0.572201	0.000000	0.138180
24	tsk_24	(x)	1	:	0.000000	0.000000	0.000000	0.000000	0.000000	1.000000	0.000000	0.000000
25	tsk_25	(x)	1	:	0.000000	0.549812	0.000000	0.000000	0.000000	0.000000	0.000000	0.450188
26	tsk_26	(x)	1	:	0.000000	0.147247	0.000000	0.000000	0.000000	0.572201	0.000000	0.280552
27	tsk_27	(x)	1	:	0.000000	0.001183	0.000000	0.000000	0.000000	0.563915	0.434674	0.000228
28	tsk_28	(x)	1	:	0.000000	0.252016	0.000000	0.000000	0.000000	0.000000	0.000000	0.747984
29	tsk_29	(x)	1	:	0.000000	0.502988	0.000000	0.000000	0.000000	0.000000	0.000000	0.497012
30	tsk_30	(x)	1	:	0.000000	0.537731	0.000000	0.000000	0.000000	0.000000	0.000000	0.462269
31	tsk_31	(x)	1	:	0.000000	0.563511	0.000000	0.000000	0.000000	0.000000	0.000000	0.436489
32	tsk_32	(x)	1	:	0.000000	0.403791	0.000000	0.000000	0.000000	0.000000	0.000000	0.596209
33	tsk_33	(x)	1	:	0.000000	0.548835	0.000000	0.000000	0.000000	0.000000	0.000000	0.451164
34	tsk_34	(x)	1	:	0.000000	0.628919	0.000000	0.000000	0.000000	0.000000	0.000000	0.371081
35	tsk_35	(x)	1	:	0.000000	0.446724	0.000000	0.000000	0.000000	0.000000	0.000000	0.553276
36	tsk_36	(x)	1	:	0.000000	0.464888	0.000000	0.000000	0.000000	0.000000	0.000000	0.535112
37	tsk_37	(x)	1	:	0.000000	0.367366	0.000000	0.000000	0.000000	0.000000	0.000000	0.632634
38	tsk_38	(x)	1	:	0.000000	0.601257	0.000000	0.000000	0.000000	0.000000	0.000000	0.398743
39	tsk_39	(x)	1	:	0.000000	0.641643	0.000000	0.000000	0.000000	0.000000	0.000000	0.358357
40	tsk_40	(x)	1	:	0.498363	0.157246	0.000000	0.001077	0.000000	0.000000	0.000000	0.343314
41	tsk_41	(x)	1	:	0.000000	0.000000	0.000000	0.000000	0.000000	0.000000	1.000000	0.000000
42	tsk_42	(x)	1	:	0.000000	0.181770	0.000000	0.000000	0.000000	0.000000	0.655582	0.162648
43	tsk_43	(x)	1	:	0.000000	0.000000	0.000000	0.000000	0.000000	0.000000	1.000000	0.000000
44	tsk_44	(x)	1	:	0.000000	0.399160	0.000000	0.000000	0.000000	0.000000	0.464373	0.136467
45	tsk_45	(x)	1	:	0.000000	0.333924	0.000000	0.004392	0.523820	0.000000	0.000000	0.137863
46	tsk_46	(x)	1	:	0.000000	0.252716	0.000000	0.000000	0.000000	0.000000	0.464373	0.282911
47	tsk_47	(x)	1	:	0.000000	0.000000	0.000000	0.000000	0.522605	0.477395	0.000000	0.000000
48	tsk_48	(x)	1	:	0.000000	0.337990	0.000000	0.000000	0.497251	0.000000	0.000000	0.164759
49	tsk_49	(x)	1	:	0.000000	0.043085	0.000000	0.015082	0.000000	0.450893	0.463204	0.027736
50	tsk_50	(x)	1	:	1.000000	0.000000	0.000000	0.000000	0.000000	0.000000	0.000000	0.000000
51	tsk_51	(x)	1	:	0.498378	0.013426	0.000000	0.000077	0.000000	0.000000	0.463521	0.024598
52	tsk_52	(x)	1	:	0.000000	0.024480	0.000000	0.013733	0.000000	0.451223	0.463198	0.047366
53	tsk_53	(x)	1	:	0.474313	0.000000	0.000000	0.000000	0.000000	0.000000	0.525687	0.000000
54	tsk_54	(x)	1	:	0.000000	0.000000	0.000000	0.000000	0.000000	0.000000	1.000000	0.000000
55	tsk_55	(x)	1	:	0.528310	0.000000	0.000000	0.000000	0.000000	0.471690	0.000000	0.000000
56	tsk_56	(x)	1	:	1.000000	0.000000	0.000000	0.000000	0.000000	0.000000	0.000000	0.000000
57	tsk_57	(x)	1	:	0.000000	0.037430	0.000000	0.011830	0.000000	0.451701	0.463242	0.035797
58	tsk_58	(x)	1	:	0.000000	0.000000	0.000000	0.000000	0.000000	0.000000	1.000000	0.000000
59	tsk_59	(x)	1	:	0.528310	0.000000	0.000000	0.000000	0.000000	0.471690	0.000000	0.000000
60	tsk_60	(x)	1	:	0.528310	0.000000	0.000000	0.000000	0.000000	0.471690	0.000000	0.000000
61	tsk_61	(x)	1	:	0.000000	0.144625	0.000000	0.000039	0.000000	0.518749	0.000000	0.336587
62	tsk_62	(x)	1	:	0.000000	0.000000	0.000000	0.000000	0.000000	1.000000	0.000000	0.000000
63	tsk_63	(x)	1	:	0.000000	0.191038	0.000000	0.019120	0.000000	0.450151	0.000000	0.339691
64	tsk_64	(x)	1	:	0.000000	0.000000	0.000000	0.000000	0.000000	1.000000	0.000000	0.000000
65	tsk_65	(x)	1	:	0.000000	0.000000	0.000000	0.550789	0.000000	0.449211	0.000000	0.000000
66	tsk_66	(x)	1	:	0.000000	0.306893	0.000000	0.000000	0.000000	0.000000	0.464373	0.228734
67	tsk_67	(x)	1	:	0.000000	0.352007	0.000000	0.025007	0.000000	0.448731	0.000000	0.174255
68	tsk_68	(x)	1	:	0.000000	0.008399	0.000000	0.000005	0.000000	0.517969	0.460815	0.012811
69	tsk_69	(x)	1	:	0.000000	0.000000	0.000000	0.000000	0.000000	1.000000	0.000000	0.000000
70	tsk_70	(x)	1	:	0.000000	0.247389	0.198643	0.000000	0.472621	0.000000	0.000000	0.081346
71	tsk_71	(x)	1	:	0.000000	0.639355	0.172390	0.000000	0.000000	0.000000	0.000000	0.188256
72	tsk_72	(x)	1	:	0.000000	0.325764	0.172390	0.000000	0.000000	0.000000	0.000000	0.501846
73	tsk_73	(x)	1	:	0.000000	0.380683	0.000000	0.000376	0.497211	0.000000	0.000000	0.121731
74	tsk_74	(x)	1	:	0.000000	0.362594	0.000000	0.000000	0.497251	0.000000	0.000000	0.140155
75	tsk_75	(x)	1	:	0.000000	0.260274	0.172390	0.000000	0.000000	0.000000	0.000000	0.567336
76	tsk_76	(x)	1	:	0.000000	0.000000	0.000000	0.000000	0.451963	0.548037	0.000000	0.000000
77	tsk_77	(x)	1	:	0.000000	0.170478	0.198643	0.000000	0.472621	0.000000	0.000000	0.158257
78	tsk_78	(x)	1	:	0.000000	0.388300	0.000000	0.000000	0.000000	0.000000	0.000000	0.611700
79	tsk_79	(x)	1	:	0.000000	0.384148	0.000000	0.000886	0.497156	0.000000	0.000000	0.117810
80	tsk_80	(x)	1	:	0.000000	0.323564	0.000000	0.000000	0.000000	0.000000	0.464373	0.212063
81	tsk_81	(x)	1	:	0.000000	0.324037	0.277958	0.189310	0.000000	0.000000	0.000000	0.208695
82	tsk_82	(x)	1	:	0.000000	0.035897	0.000000	0.471126	0.000000	0.000000	0.462905	0.030072
83	tsk_83	(x)	1	:	0.000000	0.000000	0.000000	0.550789	0.000000	0.449211	0.000000	0.000000
84	tsk_84	(x)	1	:	0.000000	0.000000	0.000000	1.000000	0.000000	0.000000	0.000000	0.000000
85	tsk_85	(x)	1	:	0.000000	0.020056	0.000000	0.001936	0.497683	0.000000	0.467857	0.012468
86	tsk_86	(x)	1	:	0.000000	0.000000	0.000000	1.000000	0.000000	0.000000	0.000000	0.000000
87	tsk_87	(x)	1	:	0.000000	0.000000	0.000000	0.000000	1.000000	0.000000	0.000000	0.000000
88	tsk_88	(x)	1	:	0.000000	0.347134	0.000000	0.000000	0.000000	0.000000	0.464373	0.188493
89	tsk_89	(x)	1	:	0.000000	0.000000	0.000000	0.000000	1.000000	0.000000	0.000000	0.000000
90	tsk_90	(x)	1	:	0.000000	0.000000	0.000000	0.000000	0.522605	0.477395	0.000000	0.000000
91	tsk_91	(x)	1	:	0.501409	0.000000	0.000000	0.000000	0.498591	0.000000	0.000000	0.000000
92	tsk_92	(x)	1	:	0.000000	0.000000	0.000000	0.499743	0.500257	0.000000	0.000000	0.000000
93	tsk_93	(x)	1	:	1.000000	0.000000	0.000000	0.000000	0.000000	0.000000	0.000000	0.000000
94	tsk_94	(x)	1	:	0.000000	0.034774	0.000000	0.658453	0.000000	0.000000	0.000000	0.306773
95	tsk_95	(x)	1	:	0.502246	0.000000	0.000000	0.497754	0.000000	0.000000	0.000000	0.000000
96	tsk_96	(x)	1	:	0.000000	0.000000	0.000000	0.467326	0.000000	0.532674	0.000000	0.000000
97	tsk_97	(x)	1	:	0.484688	0.000000	0.000000	0.000000	0.000000	0.515312	0.000000	0.000000
98	tsk_98	(x)	1	:	0.501409	0.000000	0.000000	0.000000	0.498591	0.000000	0.000000	0.000000
99	tsk_99	(x)	1	:	0.478799	0.107468	0.000000	0.299388	0.000000	0.000000	0.000000	0.114345
