logL = -740.249369 (converged)
AIC = 2570.498738
BIC = 3990.316489

count.K
42 5 23 19 11 

