logL = -725.703750 (converged)
AIC = 3931.407500
BIC = 7161.818530

count.K
12 1 10 3 20 4 3 1 18 28 

