logL = -804.801909 (converged)
AIC = 3271.603818
BIC = 5436.500242

count.K
27 7 19 6 16 20 5 

