logL = -551.049622 (converged)
AIC = 1910.099244
BIC = 2962.587999

count.K
6 52 6 36 

