logL = -685.234714 (converged)
AIC = 2742.469428
BIC = 4529.616175

count.K
13 23 11 22 20 11 

