logL = -406.823949 (converged)
AIC = 2613.647899
BIC = 4958.301066

count.K
7 4 7 4 39 16 10 13 

