logL = -525.080307 (converged)
AIC = 1386.160613
BIC = 1823.829204

count.K
26 74 

