logL = -989.063519 (converged)
AIC = 2898.127038
BIC = 4096.505323

count.K
31 44 11 14 

