logL = -227.183907 (converged)
AIC = 1934.367814
BIC = 3862.193751

count.K
4 3 1 34 47 7 4 

