logL = -748.304152 (converged)
AIC = 2546.608305
BIC = 3914.322652

count.K
8 30 33 18 11 

