logL = -583.835812 (converged)
AIC = 1935.671623
BIC = 2936.056975

count.K
11 40 15 34 

