logL = -599.229749 (converged)
AIC = 1942.459499
BIC = 2911.582808

count.K
29 24 39 8 

