logL = -427.382857 (converged)
AIC = 2348.765714
BIC = 4294.827843

count.K
3 52 6 17 5 16 1 

