logL = -401.913048 (converged)
AIC = 2745.826096
BIC = 5275.446347

count.K
12 7 12 2 25 11 6 15 10 

