logL = -651.324345 (converged)
AIC = 2936.648691
BIC = 5065.072733

count.K
23 22 10 16 11 8 10 

