logL = -594.257664 (converged)
AIC = 2044.515329
BIC = 3159.528168

count.K
18 10 5 67 

