logL = -880.389213 (converged)
AIC = 3562.778426
BIC = 5910.036764

count.K
15 2 7 6 12 35 23 

