logL = -824.064047 (converged)
AIC = 2448.128095
BIC = 3490.196169

count.K
9 67 21 3 

