logL = -256.113467 (converged)
AIC = 2472.226935
BIC = 5025.293717

count.K
32 0 9 5 1 4 4 13 32 

