logL = -398.483784 (converged)
AIC = 1644.967569
BIC = 2749.559728

count.K
74 5 10 11 

