logL = -304.626972 (converged)
AIC = 2409.253944
BIC = 4753.907111

count.K
7 22 1 33 1 20 7 9 

