logL = -776.138865 (converged)
AIC = 2632.277731
BIC = 4039.069631

count.K
34 19 17 8 22 

