logL = -533.365377 (converged)
AIC = 1794.730755
BIC = 2743.012702

count.K
25 19 31 25 

