logL = -415.068586 (converged)
AIC = 2380.137171
BIC = 4399.144066

count.K
7 2 53 5 12 17 4 

