logL = -696.342646 (converged)
AIC = 2716.685293
BIC = 4441.307956

count.K
30 3 6 31 12 18 

