logL = -619.512963 (converged)
AIC = 1777.025925
BIC = 2477.816705

count.K
8 63 29 

