logL = -791.036510 (converged)
AIC = 2108.073021
BIC = 2793.232780

count.K
25 37 38 

