logL = -576.826178 (converged)
AIC = 3393.652356
BIC = 6311.442964

count.K
0 23 27 14 10 1 2 0 3 20 

