logL = -484.379177 (converged)
AIC = 2420.758353
BIC = 4312.111908

count.K
8 10 0 29 34 14 5 

