logL = -966.204009 (converged)
AIC = 4180.408018
BIC = 7108.619308

count.K
8 15 14 4 6 5 5 41 2 

