logL = -728.927073 (converged)
AIC = 2781.854146
BIC = 4506.476809

count.K
15 24 11 22 22 6 

