logL = -208.114065 (converged)
AIC = 1976.228130
BIC = 4008.260876

count.K
13 14 4 1 7 38 10 13 

