logL = -448.393761 (converged)
AIC = 2856.787522
BIC = 5409.854304

count.K
1 8 8 12 5 38 1 11 16 

