logL = -1175.573000 (converged)
AIC = 2687.146000
BIC = 3124.814591

count.K
31 69 

