0	tsk_0	(x)	1	:	0.000000	0.000000	0.450027	0.549973	0.000000	0.000000
1	tsk_1	(x)	1	:	0.357961	0.000012	0.497636	0.000001	0.144389	0.000000
2	tsk_2	(x)	1	:	0.000000	0.000000	0.450015	0.549985	0.000000	0.000000
3	tsk_3	(x)	1	:	0.357950	0.000006	0.000003	0.500349	0.141691	0.000000
4	tsk_4	(x)	1	:	0.000000	0.000005	0.497866	0.000002	0.502127	0.000000
5	tsk_5	(x)	1	:	0.000000	0.000000	0.000000	1.000000	0.000000	0.000000
6	tsk_6	(x)	1	:	0.000000	0.000000	0.450029	0.549971	0.000000	0.000000
7	tsk_7	(x)	1	:	0.356606	0.000009	0.000005	0.500249	0.143131	0.000000
8	tsk_8	(x)	1	:	0.000000	0.000000	0.497872	0.000001	0.502127	0.000000
9	tsk_9	(x)	1	:	0.000000	0.485036	0.000003	0.000000	0.514961	0.000000
10	tsk_10	(x)	1	:	0.000000	0.000007	0.484512	0.000000	0.000000	0.515481
11	tsk_11	(x)	1	:	0.000000	0.613913	0.386087	0.000000	0.000000	0.000000
12	tsk_12	(x)	1	:	0.000000	0.000000	0.000000	0.000000	1.000000	0.000000
13	tsk_13	(x)	1	:	0.000000	0.613913	0.386087	0.000000	0.000000	0.000000
14	tsk_14	(x)	1	:	0.000000	0.000000	0.999996	0.000004	0.000000	0.000000
15	tsk_15	(x)	1	:	0.000000	0.563742	0.000000	0.436257	0.000000	0.000000
16	tsk_16	(x)	1	:	0.000000	1.000000	0.000000	0.000000	0.000000	0.000000
17	tsk_17	(x)	1	:	0.000000	0.445312	0.000036	0.000000	0.000000	0.554653
18	tsk_18	(x)	1	:	0.000000	0.000000	0.999995	0.000005	0.000000	0.000000
19	tsk_19	(x)	1	:	0.000000	0.385040	0.614958	0.000002	0.000000	0.000000
20	tsk_20	(x)	1	:	0.000000	0.000000	0.999997	0.000003	0.000000	0.000000
21	tsk_21	(x)	1	:	0.000000	0.000006	0.497865	0.000002	0.502127	0.000000
22	tsk_22	(x)	1	:	0.329727	0.000015	0.497745	0.000002	0.172511	0.000000
23	tsk_23	(x)	1	:	0.000000	0.000000	0.497873	0.000000	0.502127	0.000000
24	tsk_24	(x)	1	:	0.000000	0.726891	0.273109	0.000000	0.000000	0.000000
25	tsk_25	(x)	1	:	0.000000	0.000007	0.484512	0.000000	0.000000	0.515481
26	tsk_26	(x)	1	:	0.000000	0.000011	0.497862	0.000001	0.502126	0.000000
27	tsk_27	(x)	1	:	0.000000	0.000006	0.484513	0.000000	0.000000	0.515481
28	tsk_28	(x)	1	:	0.000000	0.000010	0.497862	0.000002	0.502126	0.000000
29	tsk_29	(x)	1	:	0.000000	0.385040	0.614958	0.000002	0.000000	0.000000
30	tsk_30	(x)	1	:	0.000000	0.485029	0.000010	0.000000	0.514961	0.000000
31	tsk_31	(x)	1	:	0.000000	0.384236	0.179150	0.436614	0.000000	0.000000
32	tsk_32	(x)	1	:	0.000000	0.458932	0.000009	0.000000	0.000000	0.541058
33	tsk_33	(x)	1	:	0.625433	0.000000	0.000000	0.000000	0.374567	0.000000
34	tsk_34	(x)	1	:	0.000000	0.000000	0.000000	0.000000	0.500000	0.500000
35	tsk_35	(x)	1	:	0.000000	0.485037	0.000002	0.000000	0.514960	0.000000
36	tsk_36	(x)	1	:	0.000000	0.385040	0.614959	0.000001	0.000000	0.000000
37	tsk_37	(x)	1	:	0.000000	0.485029	0.000011	0.000000	0.514961	0.000000
38	tsk_38	(x)	1	:	1.000000	0.000000	0.000000	0.000000	0.000000	0.000000
39	tsk_39	(x)	1	:	0.000000	0.000000	0.000000	0.000000	1.000000	0.000000
40	tsk_40	(x)	1	:	0.000000	0.000000	0.000000	0.000000	0.495905	0.504095
41	tsk_41	(x)	1	:	0.000000	0.000007	0.484511	0.000000	0.000000	0.515481
42	tsk_42	(x)	1	:	0.316780	0.485074	0.000014	0.000000	0.198133	0.000000
43	tsk_43	(x)	1	:	0.316574	0.485059	0.000009	0.000000	0.198358	0.000000
44	tsk_44	(x)	1	:	0.000000	0.000008	0.484511	0.000000	0.000000	0.515481
45	tsk_45	(x)	1	:	0.316649	0.485066	0.000009	0.000000	0.198277	0.000000
46	tsk_46	(x)	1	:	0.000000	0.485031	0.000008	0.000000	0.514961	0.000000
47	tsk_47	(x)	1	:	0.000000	0.999998	0.000002	0.000000	0.000000	0.000000
48	tsk_48	(x)	1	:	0.000000	0.485030	0.000010	0.000000	0.514961	0.000000
49	tsk_49	(x)	1	:	0.000000	0.384190	0.089853	0.525957	0.000000	0.000000
50	tsk_50	(x)	1	:	0.000000	0.000000	0.000000	0.000000	0.000000	1.000000
51	tsk_51	(x)	1	:	0.992589	0.000000	0.000000	0.000000	0.007411	0.000000
52	tsk_52	(x)	1	:	0.000000	0.000000	0.000000	0.000000	0.000000	1.000000
53	tsk_53	(x)	1	:	0.000000	0.485032	0.000007	0.000000	0.514961	0.000000
54	tsk_54	(x)	1	:	0.000000	0.000000	0.000000	0.000000	1.000000	0.000000
55	tsk_55	(x)	1	:	0.000000	0.000000	0.000000	0.000000	1.000000	0.000000
56	tsk_56	(x)	1	:	0.367062	0.000000	0.000000	0.000000	0.632938	0.000000
57	tsk_57	(x)	1	:	0.000000	0.000009	0.497863	0.000001	0.502127	0.000000
58	tsk_58	(x)	1	:	0.358177	0.000016	0.497649	0.000001	0.144157	0.000000
59	tsk_59	(x)	1	:	0.000000	0.000014	0.494889	0.000001	0.000000	0.505096
60	tsk_60	(x)	1	:	0.000000	0.000017	0.494886	0.000001	0.000000	0.505096
61	tsk_61	(x)	1	:	0.000000	0.000020	0.494884	0.000001	0.000000	0.505095
62	tsk_62	(x)	1	:	0.000000	0.000012	0.494890	0.000001	0.000000	0.505097
63	tsk_63	(x)	1	:	0.000000	0.000000	0.000000	0.000000	0.000000	1.000000
64	tsk_64	(x)	1	:	0.000000	0.000000	1.000000	0.000000	0.000000	0.000000
65	tsk_65	(x)	1	:	0.000000	0.000017	0.494887	0.000001	0.000000	0.505096
66	tsk_66	(x)	1	:	0.000000	0.000000	1.000000	0.000000	0.000000	0.000000
67	tsk_67	(x)	1	:	0.000000	0.000013	0.494889	0.000002	0.000000	0.505096
68	tsk_68	(x)	1	:	0.000000	0.000000	0.999995	0.000005	0.000000	0.000000
69	tsk_69	(x)	1	:	0.000000	0.000017	0.494888	0.000000	0.000000	0.505096
70	tsk_70	(x)	1	:	0.000000	0.000005	0.000085	0.499381	0.500529	0.000000
71	tsk_71	(x)	1	:	0.000000	0.485040	0.000000	0.000000	0.514960	0.000000
72	tsk_72	(x)	1	:	0.000000	0.000004	0.000047	0.499418	0.500531	0.000000
73	tsk_73	(x)	1	:	0.000000	0.266589	0.733411	0.000000	0.000000	0.000000
74	tsk_74	(x)	1	:	0.000000	0.999997	0.000003	0.000000	0.000000	0.000000
75	tsk_75	(x)	1	:	0.000000	0.384189	0.089856	0.525955	0.000000	0.000000
76	tsk_76	(x)	1	:	0.000000	0.000002	0.000037	0.499429	0.500532	0.000000
77	tsk_77	(x)	1	:	0.000000	0.000000	0.002204	0.997796	0.000000	0.000000
78	tsk_78	(x)	1	:	0.000000	0.000000	0.520721	0.000000	0.479279	0.000000
79	tsk_79	(x)	1	:	0.000000	0.000000	0.687311	0.312689	0.000000	0.000000
80	tsk_80	(x)	1	:	0.000000	0.000001	0.000000	0.000000	0.526681	0.473318
81	tsk_81	(x)	1	:	0.000000	0.000000	0.013895	0.550856	0.000000	0.435249
82	tsk_82	(x)	1	:	0.000000	0.000000	0.000000	0.000000	0.500000	0.500000
83	tsk_83	(x)	1	:	0.000000	1.000000	0.000000	0.000000	0.000000	0.000000
84	tsk_84	(x)	1	:	0.000000	0.000001	0.000000	0.000000	0.526681	0.473318
85	tsk_85	(x)	1	:	0.000000	0.667370	0.000000	0.000000	0.000000	0.332630
86	tsk_86	(x)	1	:	0.000000	1.000000	0.000000	0.000000	0.000000	0.000000
87	tsk_87	(x)	1	:	0.000000	1.000000	0.000000	0.000000	0.000000	0.000000
88	tsk_88	(x)	1	:	0.000000	0.485040	0.000000	0.000000	0.514960	0.000000
89	tsk_89	(x)	1	:	0.000000	0.000001	0.000000	0.000000	0.526681	0.473318
90	tsk_90	(x)	1	:	0.000000	0.000000	0.000000	0.000000	0.000000	1.000000
91	tsk_91	(x)	1	:	0.000000	0.000000	0.999995	0.000005	0.000000	0.000000
92	tsk_92	(x)	1	:	0.000000	0.000009	0.484511	0.000000	0.000000	0.515481
93	tsk_93	(x)	1	:	0.000000	0.000004	0.484514	0.000000	0.000000	0.515481
94	tsk_94	(x)	1	:	0.000000	0.000007	0.484511	0.000001	0.000000	0.515481
95	tsk_95	(x)	1	:	0.000000	0.000012	0.497860	0.000001	0.502126	0.000000
96	tsk_96	(x)	1	:	0.000000	0.000000	0.000000	0.000000	0.475110	0.524890
97	tsk_97	(x)	1	:	0.000000	0.000000	0.999996	0.000004	0.000000	0.000000
98	tsk_98	(x)	1	:	0.000000	0.000005	0.484513	0.000000	0.000000	0.515481
99	tsk_99	(x)	1	:	0.000000	0.000011	0.484508	0.000001	0.000000	0.515480
