logL = -537.708448 (converged)
AIC = 2135.416895
BIC = 3516.157094

count.K
24 13 28 22 13 

