0	tsk_0	(x)	1	:	0.392149	0.000000	0.497372	0.000000	0.000000	0.000000	0.000000	0.110479	0.000000	0.000000
1	tsk_1	(x)	1	:	0.000000	0.000000	0.500000	0.168197	0.000000	0.000000	0.000000	0.000000	0.000000	0.331802
2	tsk_2	(x)	1	:	0.000000	0.000000	0.000000	0.000000	0.000000	0.000000	0.000000	1.000000	0.000000	0.000000
3	tsk_3	(x)	1	:	1.000000	0.000000	0.000000	0.000000	0.000000	0.000000	0.000000	0.000000	0.000000	0.000000
4	tsk_4	(x)	1	:	0.000000	0.000000	0.000000	0.264318	0.000000	0.000000	0.000000	0.500000	0.000000	0.235682
5	tsk_5	(x)	1	:	0.399090	0.000000	0.000000	0.000000	0.000000	0.000000	0.000000	0.600910	0.000000	0.000000
6	tsk_6	(x)	1	:	0.000000	0.000000	0.000000	0.221982	0.000000	0.000000	0.000000	0.500000	0.000000	0.278018
7	tsk_7	(x)	1	:	0.000000	0.000000	0.000000	0.293998	0.000000	0.000000	0.000000	0.500000	0.000000	0.206002
8	tsk_8	(x)	1	:	0.390005	0.000000	0.000000	0.344971	0.000000	0.000000	0.000000	0.110247	0.000000	0.154777
9	tsk_9	(x)	1	:	0.399093	0.000000	0.000000	0.000000	0.000000	0.000000	0.000000	0.600906	0.000000	0.000000
10	tsk_10	(x)	1	:	0.000000	0.000000	0.000000	0.644217	0.000000	0.000000	0.000000	0.000000	0.000000	0.355783
11	tsk_11	(x)	1	:	0.000000	0.000000	0.000000	0.450663	0.000000	0.000000	0.000000	0.000000	0.000000	0.549337
12	tsk_12	(x)	1	:	0.390099	0.000000	0.000000	0.335570	0.000000	0.000000	0.000000	0.110150	0.000000	0.164180
13	tsk_13	(x)	1	:	0.000000	0.000000	0.000000	0.504023	0.000000	0.000000	0.000000	0.000000	0.000000	0.495977
14	tsk_14	(x)	1	:	0.000000	0.000000	0.000000	0.186914	0.499802	0.000000	0.000000	0.000000	0.000000	0.313284
15	tsk_15	(x)	1	:	0.000000	0.000000	0.507341	0.000000	0.492659	0.000000	0.000000	0.000000	0.000000	0.000000
16	tsk_16	(x)	1	:	1.000000	0.000000	0.000000	0.000000	0.000000	0.000000	0.000000	0.000000	0.000000	0.000000
17	tsk_17	(x)	1	:	0.000000	0.000278	0.000000	0.470025	0.000000	0.000000	0.499868	0.000000	0.000000	0.029828
18	tsk_18	(x)	1	:	0.391344	0.000000	0.000000	0.328068	0.000000	0.000000	0.000000	0.108874	0.000000	0.171714
19	tsk_19	(x)	1	:	0.000000	0.000000	0.000000	0.000000	0.496328	0.000000	0.000000	0.503672	0.000000	0.000000
20	tsk_20	(x)	1	:	0.399093	0.000000	0.000000	0.000000	0.000000	0.000000	0.000000	0.600907	0.000000	0.000000
21	tsk_21	(x)	1	:	0.000000	0.000000	0.000000	0.000000	0.496328	0.000000	0.000000	0.503672	0.000000	0.000000
22	tsk_22	(x)	1	:	0.000000	0.000000	0.000000	0.484498	0.000000	0.000000	0.000000	0.000000	0.000000	0.515502
23	tsk_23	(x)	1	:	0.000000	0.000000	0.000000	0.148853	0.499801	0.000000	0.000000	0.000000	0.000000	0.351345
24	tsk_24	(x)	1	:	0.000000	0.000000	0.000000	0.000000	0.496328	0.000000	0.000000	0.503672	0.000000	0.000000
25	tsk_25	(x)	1	:	0.000000	0.000006	0.000000	0.000065	0.499797	0.500063	0.000000	0.000000	0.000000	0.000069
26	tsk_26	(x)	1	:	0.000000	0.000000	0.000000	0.206539	0.499802	0.000000	0.000000	0.000000	0.000000	0.293659
27	tsk_27	(x)	1	:	0.000000	0.000000	0.000000	0.669925	0.000000	0.000000	0.000000	0.000000	0.000000	0.330075
28	tsk_28	(x)	1	:	0.000000	0.000000	0.000000	0.134040	0.499801	0.000000	0.000000	0.000000	0.000000	0.366159
29	tsk_29	(x)	1	:	0.000000	0.000000	0.000000	0.149141	0.000000	0.000000	0.000000	0.500000	0.000000	0.350859
30	tsk_30	(x)	1	:	0.000000	0.000000	0.000000	0.320100	0.000000	0.000000	0.000000	0.500000	0.000000	0.179900
31	tsk_31	(x)	1	:	0.000000	0.000000	0.000000	0.000000	0.000000	0.000000	0.000000	1.000000	0.000000	0.000000
32	tsk_32	(x)	1	:	0.000000	0.000000	0.000000	0.239123	0.000000	0.000000	0.000000	0.000000	0.500095	0.260782
33	tsk_33	(x)	1	:	0.000000	0.000000	0.000000	0.352645	0.000000	0.000000	0.000000	0.000000	0.500096	0.147259
34	tsk_34	(x)	1	:	0.000000	0.000000	0.000000	0.427403	0.000000	0.000000	0.000000	0.000000	0.000000	0.572597
35	tsk_35	(x)	1	:	0.000000	0.000000	0.000000	0.572505	0.000000	0.000000	0.000000	0.000000	0.000000	0.427495
36	tsk_36	(x)	1	:	0.000000	0.000000	0.000000	0.232622	0.000000	0.000000	0.000000	0.500000	0.000000	0.267377
37	tsk_37	(x)	1	:	0.000000	0.000000	0.000000	0.000000	0.496328	0.000000	0.000000	0.503672	0.000000	0.000000
38	tsk_38	(x)	1	:	0.000000	0.000000	0.000000	0.254470	0.000000	0.000000	0.000000	0.000000	0.500095	0.245434
39	tsk_39	(x)	1	:	0.000000	0.000000	0.000000	0.160052	0.000000	0.000000	0.000000	0.500000	0.000000	0.339948
40	tsk_40	(x)	1	:	0.000000	0.000000	0.000000	0.730776	0.000000	0.000000	0.000000	0.000000	0.000000	0.269224
41	tsk_41	(x)	1	:	0.000000	0.000000	0.000000	0.651837	0.000000	0.000000	0.000000	0.000000	0.000000	0.348163
42	tsk_42	(x)	1	:	0.000000	0.000000	0.000000	0.642578	0.000000	0.000000	0.000000	0.000000	0.000000	0.357422
43	tsk_43	(x)	1	:	0.000000	0.000000	0.000000	0.231266	0.000000	0.000000	0.000000	0.500000	0.000000	0.268734
44	tsk_44	(x)	1	:	0.000000	0.000000	0.000000	0.643296	0.000000	0.000000	0.000000	0.000000	0.000000	0.356704
45	tsk_45	(x)	1	:	0.000000	0.000000	0.000000	0.567948	0.000000	0.000000	0.000000	0.000000	0.000000	0.432052
46	tsk_46	(x)	1	:	0.000000	0.000000	0.000000	0.333883	0.000000	0.000000	0.000000	0.000000	0.000000	0.666117
47	tsk_47	(x)	1	:	0.000000	0.000000	0.000000	0.594290	0.000000	0.000000	0.000000	0.000000	0.000000	0.405710
48	tsk_48	(x)	1	:	0.000000	0.000000	0.000000	0.616267	0.000000	0.000000	0.000000	0.000000	0.000000	0.383733
49	tsk_49	(x)	1	:	0.000000	0.000000	0.000000	0.631843	0.000000	0.000000	0.000000	0.000000	0.000000	0.368157
50	tsk_50	(x)	1	:	0.000000	0.000000	0.000000	0.278661	0.000000	0.000000	0.000000	0.500000	0.000000	0.221339
51	tsk_51	(x)	1	:	0.000000	0.000000	0.000000	0.000000	1.000000	0.000000	0.000000	0.000000	0.000000	0.000000
52	tsk_52	(x)	1	:	0.000000	0.000000	0.000000	0.570763	0.000000	0.000000	0.000000	0.000000	0.000000	0.429237
53	tsk_53	(x)	1	:	0.000000	0.000000	0.000000	0.597574	0.000000	0.000000	0.000000	0.000000	0.000000	0.402426
54	tsk_54	(x)	1	:	0.000000	0.000000	0.000000	0.000000	0.496328	0.000000	0.000000	0.503672	0.000000	0.000000
55	tsk_55	(x)	1	:	0.000000	0.000000	0.000000	0.567258	0.000000	0.000000	0.000000	0.000000	0.000000	0.432742
56	tsk_56	(x)	1	:	0.000000	0.000000	0.000000	0.207364	0.000000	0.000000	0.000000	0.500000	0.000000	0.292635
57	tsk_57	(x)	1	:	0.000000	0.000000	0.000000	0.230593	0.000000	0.000000	0.000000	0.500000	0.000000	0.269407
58	tsk_58	(x)	1	:	0.000000	0.000000	0.000000	0.000000	1.000000	0.000000	0.000000	0.000000	0.000000	0.000000
59	tsk_59	(x)	1	:	0.000000	0.000000	0.000000	0.137985	0.000000	0.000000	0.000000	0.500000	0.000000	0.362015
60	tsk_60	(x)	1	:	0.500000	0.000000	0.000000	0.000000	0.000000	0.000000	0.000000	0.500000	0.000000	0.000000
61	tsk_61	(x)	1	:	0.000000	0.000000	0.000000	0.681842	0.000000	0.000000	0.000000	0.000000	0.000000	0.318157
62	tsk_62	(x)	1	:	0.000000	0.000000	0.000000	0.252786	0.499802	0.000000	0.000000	0.000000	0.000000	0.247412
63	tsk_63	(x)	1	:	0.000000	0.000000	0.000000	0.615371	0.000000	0.000000	0.000000	0.000000	0.000000	0.384629
64	tsk_64	(x)	1	:	0.000000	0.000000	0.000000	0.684913	0.000000	0.000000	0.000000	0.000000	0.000000	0.315087
65	tsk_65	(x)	1	:	0.000000	0.000000	0.000000	0.537859	0.000000	0.000000	0.000000	0.000000	0.000000	0.462141
66	tsk_66	(x)	1	:	0.303401	0.000000	0.000000	0.334334	0.000000	0.000000	0.000000	0.196650	0.000000	0.165615
67	tsk_67	(x)	1	:	0.000000	1.000000	0.000000	0.000000	0.000000	0.000000	0.000000	0.000000	0.000000	0.000000
68	tsk_68	(x)	1	:	0.000000	0.000000	0.000000	0.627304	0.000000	0.000000	0.000000	0.000000	0.000000	0.372696
69	tsk_69	(x)	1	:	0.303434	0.000000	0.000000	0.167626	0.000000	0.000000	0.000000	0.196615	0.000000	0.332324
70	tsk_70	(x)	1	:	0.000000	0.000000	0.000000	0.364620	0.000000	0.000000	0.000000	0.500000	0.000000	0.135380
71	tsk_71	(x)	1	:	0.302925	0.000000	0.000000	0.000000	0.494667	0.000000	0.000000	0.202408	0.000000	0.000000
72	tsk_72	(x)	1	:	0.000000	0.000000	0.000000	0.345564	0.000000	0.000000	0.000000	0.500000	0.000000	0.154436
73	tsk_73	(x)	1	:	0.000000	0.000000	0.000000	0.191813	0.499802	0.000000	0.000000	0.000000	0.000000	0.308386
74	tsk_74	(x)	1	:	0.000000	0.000000	0.000000	0.000000	0.000000	0.000000	0.000000	1.000000	0.000000	0.000000
75	tsk_75	(x)	1	:	0.000000	0.000000	0.000000	0.000000	0.496328	0.000000	0.000000	0.503672	0.000000	0.000000
76	tsk_76	(x)	1	:	0.303439	0.000000	0.000000	0.000000	0.495086	0.000000	0.000000	0.201475	0.000000	0.000000
77	tsk_77	(x)	1	:	0.000000	0.000000	0.000000	0.000000	1.000000	0.000000	0.000000	0.000000	0.000000	0.000000
78	tsk_78	(x)	1	:	0.000000	0.000000	0.000000	0.000000	0.496328	0.000000	0.000000	0.503672	0.000000	0.000000
79	tsk_79	(x)	1	:	0.000000	0.000000	0.000000	0.000000	0.000000	0.000000	0.000000	1.000000	0.000000	0.000000
80	tsk_80	(x)	1	:	0.000000	0.000000	0.000000	0.000000	1.000000	0.000000	0.000000	0.000000	0.000000	0.000000
81	tsk_81	(x)	1	:	0.000000	0.000000	0.000000	0.000000	0.000000	0.000000	0.000000	1.000000	0.000000	0.000000
82	tsk_82	(x)	1	:	0.000000	0.000000	0.000000	0.173791	0.499802	0.000000	0.000000	0.000000	0.000000	0.326407
83	tsk_83	(x)	1	:	0.000000	0.000000	0.000000	0.000000	0.000000	0.000000	0.000000	1.000000	0.000000	0.000000
84	tsk_84	(x)	1	:	0.399090	0.000000	0.000000	0.000000	0.000000	0.000000	0.000000	0.600910	0.000000	0.000000
85	tsk_85	(x)	1	:	0.000000	0.000000	0.000000	0.331498	0.000000	0.000000	0.000000	0.500000	0.000000	0.168501
86	tsk_86	(x)	1	:	0.000000	0.000000	0.000000	0.000000	1.000000	0.000000	0.000000	0.000000	0.000000	0.000000
87	tsk_87	(x)	1	:	0.000000	0.000000	0.000000	0.000000	1.000000	0.000000	0.000000	0.000000	0.000000	0.000000
88	tsk_88	(x)	1	:	0.000000	0.000000	0.000000	0.323202	0.499802	0.000000	0.000000	0.000000	0.000000	0.176997
89	tsk_89	(x)	1	:	0.000000	0.000000	0.000000	0.297792	0.499802	0.000000	0.000000	0.000000	0.000000	0.202406
90	tsk_90	(x)	1	:	0.393460	0.000000	0.000000	0.000000	0.492922	0.000000	0.000000	0.113619	0.000000	0.000000
91	tsk_91	(x)	1	:	0.000000	0.000000	0.500002	0.000000	0.000000	0.000000	0.000000	0.499998	0.000000	0.000000
92	tsk_92	(x)	1	:	0.000000	0.000000	0.000000	0.000000	0.000000	0.000000	0.000000	1.000000	0.000000	0.000000
93	tsk_93	(x)	1	:	0.000000	0.000000	0.000000	0.321699	0.000000	0.000000	0.000000	0.500000	0.000000	0.178301
94	tsk_94	(x)	1	:	0.000000	0.000000	0.500002	0.000000	0.000000	0.000000	0.000000	0.499998	0.000000	0.000000
95	tsk_95	(x)	1	:	0.000000	0.000000	0.000000	0.000000	0.496328	0.000000	0.000000	0.503672	0.000000	0.000000
96	tsk_96	(x)	1	:	0.399095	0.000000	0.000000	0.000000	0.000000	0.000000	0.000000	0.600905	0.000000	0.000000
97	tsk_97	(x)	1	:	0.000000	0.000000	0.000000	0.213459	0.000000	0.000000	0.000000	0.500000	0.000000	0.286541
98	tsk_98	(x)	1	:	0.000000	0.000000	0.000000	0.000000	0.000000	0.000000	0.000000	1.000000	0.000000	0.000000
99	tsk_99	(x)	1	:	0.000000	0.000000	0.507341	0.000000	0.492659	0.000000	0.000000	0.000000	0.000000	0.000000
