logL = -810.168764 (converged)
AIC = 2944.337527
BIC = 4668.960190

count.K
23 15 10 29 19 4 

