logL = -893.374454 (converged)
AIC = 2098.748908
BIC = 2505.155457

count.K
70 30 

