logL = -448.605326 (converged)
AIC = 2149.210652
BIC = 3780.047188

count.K
59 8 7 6 4 16 

