logL = -654.862740 (converged)
AIC = 2077.725480
BIC = 3078.110832

count.K
23 20 34 23 

