logL = -405.058017 (converged)
AIC = 1586.116033
BIC = 2596.922065

count.K
14 37 28 21 

