logL = -363.683045 (converged)
AIC = 2207.366090
BIC = 4135.192028

count.K
16 24 20 13 13 1 13 

