logL = -608.289276 (converged)
AIC = 1736.578552
BIC = 2413.922801

count.K
11 10 79 

