logL = -523.039555 (converged)
AIC = 2310.079109
BIC = 3956.546667

count.K
18 3 31 17 12 19 

