logL = -476.041843 (converged)
AIC = 2720.083687
BIC = 5023.054131

count.K
24 12 3 34 4 15 2 6 

