logL = -1080.531677 (converged)
AIC = 3065.063354
BIC = 4242.600278

count.K
16 51 12 21 

