logL = -837.922352 (converged)
AIC = 2225.844703
BIC = 2942.266504

count.K
63 15 22 

