logL = -587.374796 (converged)
AIC = 2682.749592
BIC = 4647.047912

count.K
6 14 16 9 27 15 13 

