logL = -413.637414 (converged)
AIC = 1627.274827
BIC = 2669.342902

count.K
3 36 19 42 

