logL = -639.812935 (converged)
AIC = 2087.625871
BIC = 3140.114626

count.K
35 24 7 34 

