logL = -206.019875 (converged)
AIC = 2412.039750
BIC = 5017.209936

count.K
12 5 0 17 8 18 2 12 9 17 

