logL = -300.540626 (converged)
AIC = 1805.081252
BIC = 3373.393704

count.K
1 13 43 9 28 6 

