logL = -829.838519 (converged)
AIC = 3363.677037
BIC = 5583.282036

count.K
2 1 18 21 15 8 19 16 

