logL = -563.863475 (converged)
AIC = 2177.726950
BIC = 3545.441297

count.K
10 54 3 3 30 

