logL = -641.071251 (converged)
AIC = 1790.142501
BIC = 2451.855729

count.K
14 24 62 

