logL = -2093.617070 (converged)
AIC = 5147.234141
BIC = 6397.715830

count.K
21 52 24 3 

