logL = -664.531818 (converged)
AIC = 3669.063635
BIC = 6717.112753

count.K
19 9 1 0 0 14 1 7 17 32 

