logL = -907.345872 (converged)
AIC = 2944.691744
BIC = 4416.612899

count.K
10 4 4 49 33 

