logL = -1652.022973 (converged)
AIC = 5712.045945
BIC = 8848.670849

count.K
7 11 33 1 14 1 30 3 

