logL = -864.525169 (converged)
AIC = 2529.050338
BIC = 3571.118412

count.K
19 15 34 32 

