logL = -816.146274 (converged)
AIC = 3700.292547
BIC = 6394.038520

count.K
1 11 20 7 3 13 9 6 30 

