logL = -607.507374 (converged)
AIC = 2315.014748
BIC = 3747.858350

count.K
8 15 28 11 38 

