logL = -376.065848 (converged)
AIC = 2766.131695
BIC = 5389.538073

count.K
6 5 8 3 3 8 17 19 31 

