logL = -747.529842 (converged)
AIC = 3143.059685
BIC = 5289.719918

count.K
2 10 32 19 8 27 2 

