logL = -336.324174 (converged)
AIC = 2668.648348
BIC = 5268.608194

count.K
10 1 1 13 16 2 48 8 1 

