logL = -614.341862 (converged)
AIC = 2298.683725
BIC = 3692.449774

count.K
39 20 15 10 16 

