logL = -557.852355 (converged)
AIC = 2915.704710
BIC = 5260.357877

count.K
27 6 11 7 13 0 15 21 

