logL = -587.368723 (converged)
AIC = 2014.737447
BIC = 3108.908925

count.K
3 18 14 65 

