logL = -479.490824 (converged)
AIC = 2008.981649
BIC = 3376.695997

count.K
5 4 50 16 25 

