logL = -584.514859 (converged)
AIC = 1945.029719
BIC = 2955.835751

count.K
9 34 30 27 

