logL = -717.635077 (converged)
AIC = 3735.270154
BIC = 6731.215868

count.K
4 2 21 37 1 2 1 2 1 29 

