logL = -517.064911 (converged)
AIC = 3434.129822
BIC = 6560.334045

count.K
7 43 13 7 9 3 0 7 7 4 

