logL = -503.787104 (converged)
AIC = 2487.574208
BIC = 4415.400146

count.K
22 6 2 9 20 11 30 

