logL = -725.272755 (converged)
AIC = 3014.545510
BIC = 5051.788596

count.K
10 14 20 11 14 13 18 

