logL = -417.150422 (converged)
AIC = 2956.300845
BIC = 5720.386412

count.K
1 1 47 9 5 2 10 8 17 

