logL = -541.060994 (converged)
AIC = 3132.121987
BIC = 5802.421428

count.K
14 1 1 5 38 11 8 12 10 

