logL = -318.356552 (converged)
AIC = 2716.713104
BIC = 5426.090097

count.K
16 4 19 3 3 0 24 23 8 0 

