logL = -439.283093 (converged)
AIC = 1868.566185
BIC = 3158.125427

count.K
5 40 31 3 21 

