logL = -399.928509 (converged)
AIC = 2939.857019
BIC = 5727.389118

count.K
16 18 3 1 4 12 19 17 0 10 

