logL = -334.221517 (converged)
AIC = 1668.443034
BIC = 2971.028127

count.K
6 38 7 5 44 

