logL = -457.321262 (converged)
AIC = 2142.642524
BIC = 3742.217018

count.K
24 23 19 13 12 9 

