logL = -2074.771559 (converged)
AIC = 5399.543118
BIC = 7027.774484

count.K
5 20 19 55 1 

