logL = -811.186635 (converged)
AIC = 3200.373270
BIC = 5255.852547

count.K
28 29 10 20 0 1 12 

