logL = -577.146287 (converged)
AIC = 1442.292575
BIC = 1817.437081

count.K
96 4 

