logL = -941.858702 (converged)
AIC = 2163.717405
BIC = 2528.441231

count.K
54 46 

