logL = -695.062090 (converged)
AIC = 1690.124180
BIC = 2080.899708

count.K
62 38 

