0	tsk_0	(x)	1	:	0.000000	0.000000	0.000000	1.000000	0.000000	0.000000	0.000000	0.000000
1	tsk_1	(x)	1	:	0.009579	0.000000	0.000000	0.376684	0.613737	0.000000	0.000000	0.000000
2	tsk_2	(x)	1	:	0.029543	0.000000	0.000000	0.601799	0.368658	0.000000	0.000000	0.000000
3	tsk_3	(x)	1	:	0.000002	0.013375	0.000000	0.530050	0.000004	0.000000	0.000000	0.456571
4	tsk_4	(x)	1	:	0.075834	0.000000	0.000000	0.601799	0.322367	0.000000	0.000000	0.000000
5	tsk_5	(x)	1	:	0.015787	0.000000	0.000000	0.376684	0.607529	0.000000	0.000000	0.000000
6	tsk_6	(x)	1	:	0.022777	0.000000	0.000000	0.601799	0.375424	0.000000	0.000000	0.000000
7	tsk_7	(x)	1	:	0.021732	0.000000	0.000000	0.601799	0.376468	0.000000	0.000000	0.000000
8	tsk_8	(x)	1	:	0.041025	0.000000	0.000000	0.601799	0.357175	0.000000	0.000000	0.000000
9	tsk_9	(x)	1	:	0.042402	0.000000	0.000000	0.591472	0.366126	0.000000	0.000000	0.000000
10	tsk_10	(x)	1	:	0.000000	0.000000	0.000000	0.000000	1.000000	0.000000	0.000000	0.000000
11	tsk_11	(x)	1	:	0.128078	0.000000	0.000000	0.000000	0.371923	0.442407	0.000000	0.057592
12	tsk_12	(x)	1	:	0.071259	0.000000	0.000000	0.000000	0.928741	0.000000	0.000000	0.000000
13	tsk_13	(x)	1	:	0.000000	0.000000	0.000000	0.000000	0.000000	1.000000	0.000000	0.000000
14	tsk_14	(x)	1	:	0.000000	0.000000	0.000000	0.000000	1.000000	0.000000	0.000000	0.000000
15	tsk_15	(x)	1	:	0.152990	0.014798	0.000000	0.000000	0.347011	0.442407	0.000000	0.042794
16	tsk_16	(x)	1	:	0.416086	0.000000	0.000000	0.000000	0.583914	0.000000	0.000000	0.000000
17	tsk_17	(x)	1	:	0.004614	0.000000	0.000000	0.000000	0.995386	0.000000	0.000000	0.000000
18	tsk_18	(x)	1	:	0.175019	0.000000	0.000000	0.000000	0.824981	0.000000	0.000000	0.000000
19	tsk_19	(x)	1	:	0.320312	0.000000	0.000000	0.000000	0.679688	0.000000	0.000000	0.000000
20	tsk_20	(x)	1	:	0.000000	0.000000	0.531375	0.000000	0.468625	0.000000	0.000000	0.000000
21	tsk_21	(x)	1	:	0.294038	0.297517	0.000000	0.000000	0.205962	0.000000	0.000000	0.202483
22	tsk_22	(x)	1	:	0.500000	0.236318	0.000000	0.000000	0.000000	0.000000	0.000000	0.263682
23	tsk_23	(x)	1	:	0.000000	0.494111	0.505889	0.000000	0.000000	0.000000	0.000000	0.000000
24	tsk_24	(x)	1	:	0.000000	0.194075	0.000000	0.000000	0.000000	0.544698	0.000000	0.261227
25	tsk_25	(x)	1	:	0.000000	0.728684	0.000000	0.000000	0.000000	0.000000	0.000000	0.271316
26	tsk_26	(x)	1	:	0.287655	0.292162	0.000000	0.000000	0.212344	0.000000	0.000000	0.207838
27	tsk_27	(x)	1	:	0.000000	0.675760	0.000000	0.000000	0.000000	0.000000	0.000000	0.324240
28	tsk_28	(x)	1	:	0.000000	0.121405	0.000000	0.000000	0.000000	0.544698	0.000000	0.333896
29	tsk_29	(x)	1	:	0.000000	0.000000	0.000000	0.000000	1.000000	0.000000	0.000000	0.000000
30	tsk_30	(x)	1	:	0.000000	0.142481	0.000000	0.000000	0.000000	0.544698	0.000000	0.312821
31	tsk_31	(x)	1	:	0.269227	0.414792	0.000000	0.000000	0.230773	0.000000	0.000000	0.085208
32	tsk_32	(x)	1	:	0.208340	0.238468	0.000000	0.000000	0.291659	0.000000	0.000000	0.261532
33	tsk_33	(x)	1	:	0.000000	0.190050	0.000000	0.000000	0.000000	0.442406	0.000000	0.367543
34	tsk_34	(x)	1	:	0.000000	0.000000	0.000000	0.000000	0.000000	1.000000	0.000000	0.000000
35	tsk_35	(x)	1	:	0.000000	0.463514	0.000000	0.000000	0.000000	0.000000	0.000000	0.536485
36	tsk_36	(x)	1	:	0.024327	0.000000	0.000000	0.581941	0.393731	0.000000	0.000000	0.000000
37	tsk_37	(x)	1	:	0.043538	0.000000	0.000000	0.376684	0.579778	0.000000	0.000000	0.000000
38	tsk_38	(x)	1	:	0.000000	0.142578	0.000000	0.000000	0.000000	0.442406	0.000000	0.415016
39	tsk_39	(x)	1	:	0.057849	0.340311	0.000000	0.376770	0.065357	0.000000	0.000000	0.159713
40	tsk_40	(x)	1	:	0.000506	0.367347	0.000000	0.000000	0.000405	0.000000	0.499316	0.132425
41	tsk_41	(x)	1	:	0.116261	0.000000	0.000000	0.000000	0.383739	0.000000	0.500000	0.000000
42	tsk_42	(x)	1	:	0.317336	0.295106	0.000000	0.000000	0.182664	0.000000	0.000000	0.204894
43	tsk_43	(x)	1	:	0.133052	0.000000	0.000000	0.000000	0.866948	0.000000	0.000000	0.000000
44	tsk_44	(x)	1	:	0.416808	0.411662	0.000000	0.000000	0.083192	0.000000	0.000000	0.088338
45	tsk_45	(x)	1	:	0.374341	0.175145	0.000000	0.000000	0.125659	0.000000	0.000000	0.324855
46	tsk_46	(x)	1	:	0.280468	0.358057	0.000000	0.000000	0.219532	0.000000	0.000000	0.141943
47	tsk_47	(x)	1	:	0.000000	0.610294	0.000000	0.000000	0.000000	0.000000	0.000000	0.389705
48	tsk_48	(x)	1	:	0.039328	0.000000	0.000000	0.376684	0.583989	0.000000	0.000000	0.000000
49	tsk_49	(x)	1	:	0.000000	0.000000	0.000000	0.000000	0.000000	0.000000	1.000000	0.000000
50	tsk_50	(x)	1	:	0.468463	0.416459	0.000000	0.000000	0.031537	0.000000	0.000000	0.083541
51	tsk_51	(x)	1	:	0.295162	0.307268	0.000000	0.000000	0.204838	0.000000	0.000000	0.192732
52	tsk_52	(x)	1	:	0.423630	0.352809	0.000000	0.000000	0.076370	0.000000	0.000000	0.147191
53	tsk_53	(x)	1	:	0.000072	0.394051	0.500334	0.000000	0.000010	0.000000	0.000000	0.105533
54	tsk_54	(x)	1	:	0.043068	0.000000	0.000000	0.000000	0.956931	0.000000	0.000000	0.000000
55	tsk_55	(x)	1	:	0.424339	0.228460	0.000000	0.000000	0.075661	0.000000	0.000000	0.271540
56	tsk_56	(x)	1	:	0.061179	0.000000	0.000000	0.000000	0.938821	0.000000	0.000000	0.000000
57	tsk_57	(x)	1	:	0.000000	0.000000	0.000000	0.000000	1.000000	0.000000	0.000000	0.000000
58	tsk_58	(x)	1	:	0.085189	0.318036	0.000000	0.376771	0.038015	0.000000	0.000000	0.181989
59	tsk_59	(x)	1	:	0.124730	0.000000	0.000000	0.000000	0.875270	0.000000	0.000000	0.000000
60	tsk_60	(x)	1	:	0.436177	0.337177	0.000000	0.000000	0.063823	0.000000	0.000000	0.162823
61	tsk_61	(x)	1	:	0.417609	0.213720	0.000000	0.000000	0.082391	0.000000	0.000000	0.286280
62	tsk_62	(x)	1	:	0.189030	0.000000	0.000000	0.000000	0.810970	0.000000	0.000000	0.000000
63	tsk_63	(x)	1	:	0.000000	0.000000	0.000000	0.000000	1.000000	0.000000	0.000000	0.000000
64	tsk_64	(x)	1	:	0.002541	0.000000	0.569091	0.407805	0.020562	0.000000	0.000000	0.000000
65	tsk_65	(x)	1	:	0.382890	0.341053	0.000000	0.000000	0.117110	0.000000	0.000000	0.158947
66	tsk_66	(x)	1	:	0.429616	0.371172	0.000000	0.000000	0.070384	0.000000	0.000000	0.128828
67	tsk_67	(x)	1	:	0.365350	0.323141	0.000000	0.000000	0.134650	0.000000	0.000000	0.176859
68	tsk_68	(x)	1	:	0.013565	0.000000	0.000000	0.000000	0.986434	0.000000	0.000000	0.000000
69	tsk_69	(x)	1	:	0.405243	0.216701	0.000000	0.000000	0.094756	0.000000	0.000000	0.283299
70	tsk_70	(x)	1	:	0.000000	0.000000	0.000000	0.000000	1.000000	0.000000	0.000000	0.000000
71	tsk_71	(x)	1	:	0.086811	0.000000	0.585712	0.000000	0.327477	0.000000	0.000000	0.000000
72	tsk_72	(x)	1	:	0.437032	0.174487	0.000000	0.000000	0.062968	0.000000	0.000000	0.325513
73	tsk_73	(x)	1	:	0.199715	0.000000	0.000000	0.000000	0.268886	0.531399	0.000000	0.000000
74	tsk_74	(x)	1	:	0.304582	0.000000	0.000000	0.000000	0.234597	0.460821	0.000000	0.000000
75	tsk_75	(x)	1	:	0.019743	0.022839	0.000000	0.376760	0.103456	0.442399	0.000000	0.034803
76	tsk_76	(x)	1	:	0.000000	0.000000	0.000000	0.000000	0.000000	1.000000	0.000000	0.000000
77	tsk_77	(x)	1	:	0.113673	0.000000	0.585953	0.000000	0.300374	0.000000	0.000000	0.000000
78	tsk_78	(x)	1	:	0.062380	0.000000	0.585547	0.000000	0.352073	0.000000	0.000000	0.000000
79	tsk_79	(x)	1	:	0.146328	0.000000	0.000000	0.000000	0.853672	0.000000	0.000000	0.000000
80	tsk_80	(x)	1	:	0.083832	0.332210	0.000000	0.376771	0.039372	0.000000	0.000000	0.167815
81	tsk_81	(x)	1	:	0.000000	0.000000	0.000000	0.000000	0.000000	1.000000	0.000000	0.000000
82	tsk_82	(x)	1	:	0.290159	0.000000	0.000000	0.000000	0.178442	0.531399	0.000000	0.000000
83	tsk_83	(x)	1	:	0.000000	0.000000	0.000000	0.000000	0.000000	1.000000	0.000000	0.000000
84	tsk_84	(x)	1	:	0.055248	0.000000	0.000000	0.376684	0.568068	0.000000	0.000000	0.000000
85	tsk_85	(x)	1	:	0.000000	0.857307	0.000000	0.000000	0.000000	0.000000	0.000000	0.142693
86	tsk_86	(x)	1	:	0.035114	0.000000	0.000000	0.376800	0.056674	0.531412	0.000000	0.000000
87	tsk_87	(x)	1	:	0.000000	0.000000	0.000000	0.000000	0.000000	1.000000	0.000000	0.000000
88	tsk_88	(x)	1	:	0.000000	0.000000	0.000000	0.000000	0.000000	1.000000	0.000000	0.000000
89	tsk_89	(x)	1	:	0.000000	0.000000	0.000000	0.483192	0.000000	0.516808	0.000000	0.000000
90	tsk_90	(x)	1	:	0.000000	0.640095	0.000000	0.000000	0.000000	0.000000	0.000000	0.359905
91	tsk_91	(x)	1	:	0.375447	0.238209	0.000000	0.000000	0.124553	0.000000	0.000000	0.261791
92	tsk_92	(x)	1	:	0.000000	0.781209	0.000000	0.000000	0.000000	0.000000	0.000000	0.218791
93	tsk_93	(x)	1	:	0.105695	0.000000	0.000000	0.000000	0.894305	0.000000	0.000000	0.000000
94	tsk_94	(x)	1	:	0.399310	0.358469	0.000000	0.000000	0.100690	0.000000	0.000000	0.141531
95	tsk_95	(x)	1	:	0.295173	0.000000	0.000000	0.000000	0.173428	0.531399	0.000000	0.000000
96	tsk_96	(x)	1	:	0.089988	0.000000	0.000000	0.000000	0.910012	0.000000	0.000000	0.000000
97	tsk_97	(x)	1	:	0.354587	0.246816	0.000000	0.000000	0.145413	0.000000	0.000000	0.253184
98	tsk_98	(x)	1	:	0.381007	0.492665	0.000000	0.000000	0.118993	0.000000	0.000000	0.007335
99	tsk_99	(x)	1	:	0.373990	0.257127	0.000000	0.000000	0.126010	0.000000	0.000000	0.242873
