logL = -824.473255 (converged)
AIC = 2216.946510
BIC = 2956.814843

count.K
11 29 60 

