logL = -320.651041 (converged)
AIC = 2841.302082
BIC = 5706.989287

count.K
0 17 0 19 1 3 12 15 11 22 

