logL = -716.922786 (converged)
AIC = 2321.845572
BIC = 3478.541134

count.K
5 37 31 27 

