logL = -454.491557 (converged)
AIC = 1440.983115
BIC = 2133.958384

count.K
35 36 29 

