logL = -453.447790 (converged)
AIC = 2206.895581
BIC = 3900.256202

count.K
6 1 48 5 17 23 

