logL = -935.452065 (converged)
AIC = 3878.904130
BIC = 6494.494997

count.K
6 13 21 26 28 0 0 6 

