logL = -511.317878 (converged)
AIC = 2274.635755
BIC = 3905.472292

count.K
42 10 0 10 3 35 

