logL = -847.439236 (converged)
AIC = 2824.878472
BIC = 4296.799627

count.K
30 7 22 21 20 

