logL = -1873.500806 (converged)
AIC = 5963.001612
BIC = 8849.530178

count.K
16 19 0 27 18 3 13 4 

