logL = -790.653697 (converged)
AIC = 1885.307395
BIC = 2281.293263

count.K
61 39 

