logL = -168.624448 (converged)
AIC = 2135.248895
BIC = 4477.296892

count.K
34 7 1 2 1 26 13 12 4 

