logL = -978.772271 (converged)
AIC = 2555.544542
BIC = 3334.490428

count.K
13 39 48 

