logL = -772.701846 (converged)
AIC = 3249.403693
BIC = 5469.008691

count.K
8 11 11 39 5 22 4 

