logL = -951.843443 (converged)
AIC = 3863.686885
BIC = 6416.753668

count.K
6 9 1 20 39 17 2 6 

