logL = -649.150904 (converged)
AIC = 2622.301809
BIC = 4346.924472

count.K
14 3 39 18 8 18 

