logL = -880.095493 (converged)
AIC = 2750.190987
BIC = 4039.750229

count.K
25 40 2 20 13 

