0	tsk_0	(x)	1	:	0.000000	0.000000	1.000000	0.000000	0.000000	0.000000	0.000000	0.000000	0.000000	0.000000
1	tsk_1	(x)	1	:	0.000000	0.000000	0.567869	0.000000	0.000000	0.000036	0.000000	0.432095	0.000000	0.000000
2	tsk_2	(x)	1	:	0.000005	0.000015	0.000001	0.000000	0.000000	0.513740	0.486224	0.000000	0.000014	0.000000
3	tsk_3	(x)	1	:	0.000000	0.000000	0.567862	0.000000	0.000000	0.000048	0.000000	0.432090	0.000000	0.000000
4	tsk_4	(x)	1	:	0.000000	0.000000	0.503962	0.000000	0.000000	0.000004	0.496034	0.000000	0.000000	0.000000
5	tsk_5	(x)	1	:	0.000000	0.000000	0.503964	0.000000	0.000000	0.000002	0.496034	0.000000	0.000000	0.000000
6	tsk_6	(x)	1	:	0.000000	0.000000	0.648573	0.000000	0.000000	0.351422	0.000000	0.000000	0.000005	0.000000
7	tsk_7	(x)	1	:	0.000000	0.000000	0.434721	0.000000	0.501429	0.063849	0.000000	0.000000	0.000000	0.000000
8	tsk_8	(x)	1	:	0.000000	0.000000	1.000000	0.000000	0.000000	0.000000	0.000000	0.000000	0.000000	0.000000
9	tsk_9	(x)	1	:	0.000000	0.000000	0.582796	0.000000	0.000000	0.000107	0.000000	0.000000	0.417097	0.000000
10	tsk_10	(x)	1	:	0.000001	0.000000	0.000000	0.000000	0.000000	0.004439	0.485256	0.000000	0.510304	0.000000
11	tsk_11	(x)	1	:	0.000000	0.000000	0.000000	0.000000	0.500000	0.000007	0.000000	0.000000	0.499993	0.000000
12	tsk_12	(x)	1	:	0.153546	0.345713	0.000000	0.000000	0.000000	0.002240	0.000000	0.000000	0.498499	0.000002
13	tsk_13	(x)	1	:	0.000000	0.000000	0.000000	0.000000	0.000000	0.004610	0.485229	0.000000	0.510162	0.000000
14	tsk_14	(x)	1	:	0.337991	0.178804	0.000000	0.000000	0.000000	0.000001	0.483203	0.000000	0.000000	0.000002
15	tsk_15	(x)	1	:	0.072991	0.434601	0.000000	0.000000	0.000000	0.492399	0.000000	0.000000	0.000008	0.000001
16	tsk_16	(x)	1	:	0.000000	0.000000	0.000000	0.000000	0.000000	0.000000	0.000000	0.000000	1.000000	0.000000
17	tsk_17	(x)	1	:	0.000006	0.000006	0.000000	0.000000	0.000000	0.513754	0.486225	0.000000	0.000009	0.000000
18	tsk_18	(x)	1	:	0.282758	0.234037	0.000000	0.000000	0.000000	0.000000	0.483203	0.000000	0.000000	0.000002
19	tsk_19	(x)	1	:	0.124445	0.375050	0.000000	0.000000	0.000000	0.001527	0.000000	0.000000	0.498977	0.000001
20	tsk_20	(x)	1	:	0.000000	0.000000	0.000001	0.000000	0.000000	0.508174	0.000000	0.491817	0.000008	0.000000
21	tsk_21	(x)	1	:	0.153900	0.345429	0.000000	0.000000	0.000000	0.002025	0.000000	0.000000	0.498643	0.000002
22	tsk_22	(x)	1	:	0.000000	0.000000	0.000000	0.386965	0.000000	0.109850	0.000000	0.000000	0.503185	0.000000
23	tsk_23	(x)	1	:	0.175378	0.332209	0.000000	0.000000	0.000000	0.492407	0.000000	0.000000	0.000003	0.000003
24	tsk_24	(x)	1	:	0.000000	0.000000	0.000001	0.000001	0.000000	0.999987	0.000000	0.000000	0.000011	0.000000
25	tsk_25	(x)	1	:	0.000000	0.000000	0.000001	0.000000	0.000000	0.508175	0.000000	0.491817	0.000007	0.000000
26	tsk_26	(x)	1	:	0.000000	0.000000	0.000001	0.000001	0.000000	0.999984	0.000000	0.000000	0.000015	0.000000
27	tsk_27	(x)	1	:	0.000000	0.000000	0.438974	0.000000	0.000000	0.560996	0.000000	0.000000	0.000030	0.000000
28	tsk_28	(x)	1	:	0.000000	0.000000	0.000001	0.000001	0.000000	0.999968	0.000000	0.000000	0.000030	0.000000
29	tsk_29	(x)	1	:	0.184992	0.239253	0.000000	0.218196	0.000000	0.000011	0.000000	0.000000	0.357544	0.000003
30	tsk_30	(x)	1	:	0.608244	0.391753	0.000000	0.000000	0.000000	0.000000	0.000000	0.000000	0.000000	0.000003
31	tsk_31	(x)	1	:	0.131686	0.375906	0.000000	0.000000	0.000000	0.492402	0.000000	0.000000	0.000005	0.000001
32	tsk_32	(x)	1	:	0.000000	0.000000	0.000001	0.000001	0.000000	0.999989	0.000000	0.000000	0.000010	0.000000
33	tsk_33	(x)	1	:	0.586021	0.413977	0.000000	0.000000	0.000000	0.000000	0.000000	0.000000	0.000000	0.000002
34	tsk_34	(x)	1	:	0.416194	0.583804	0.000000	0.000000	0.000000	0.000000	0.000000	0.000000	0.000000	0.000002
35	tsk_35	(x)	1	:	0.429214	0.570782	0.000000	0.000000	0.000000	0.000000	0.000000	0.000000	0.000000	0.000004
36	tsk_36	(x)	1	:	0.636338	0.363662	0.000000	0.000000	0.000000	0.000000	0.000000	0.000000	0.000000	0.000000
37	tsk_37	(x)	1	:	0.511109	0.488887	0.000000	0.000000	0.000000	0.000000	0.000000	0.000000	0.000000	0.000004
38	tsk_38	(x)	1	:	0.459015	0.540980	0.000000	0.000000	0.000000	0.000000	0.000000	0.000000	0.000000	0.000005
39	tsk_39	(x)	1	:	0.378272	0.621725	0.000000	0.000000	0.000000	0.000000	0.000000	0.000000	0.000000	0.000002
40	tsk_40	(x)	1	:	0.173375	0.326622	0.000000	0.000000	0.500000	0.000000	0.000000	0.000000	0.000000	0.000002
41	tsk_41	(x)	1	:	0.000000	0.000000	0.000000	0.000000	1.000000	0.000000	0.000000	0.000000	0.000000	0.000000
42	tsk_42	(x)	1	:	0.605896	0.394102	0.000000	0.000000	0.000000	0.000000	0.000000	0.000000	0.000000	0.000002
43	tsk_43	(x)	1	:	0.099716	0.400283	0.000000	0.000000	0.500000	0.000000	0.000000	0.000000	0.000000	0.000001
44	tsk_44	(x)	1	:	0.242620	0.257378	0.000000	0.000000	0.500000	0.000000	0.000000	0.000000	0.000000	0.000002
45	tsk_45	(x)	1	:	0.079166	0.420833	0.000000	0.000000	0.500000	0.000000	0.000000	0.000000	0.000000	0.000001
46	tsk_46	(x)	1	:	0.482680	0.517315	0.000000	0.000000	0.000000	0.000000	0.000000	0.000000	0.000000	0.000004
47	tsk_47	(x)	1	:	0.000000	0.000000	0.000000	0.000000	1.000000	0.000000	0.000000	0.000000	0.000000	0.000000
48	tsk_48	(x)	1	:	0.000000	0.000000	0.000000	0.000000	0.501688	0.498312	0.000000	0.000000	0.000000	0.000000
49	tsk_49	(x)	1	:	0.263879	0.243707	0.000000	0.000000	0.000000	0.492404	0.000000	0.000000	0.000005	0.000004
50	tsk_50	(x)	1	:	0.000000	0.000000	0.000003	0.000001	0.000000	0.484581	0.000000	0.000000	0.515416	0.000000
51	tsk_51	(x)	1	:	0.000000	0.000000	0.000000	0.000000	0.000000	0.003760	0.485368	0.000000	0.510871	0.000000
52	tsk_52	(x)	1	:	0.000000	0.000000	0.000000	0.000000	0.000000	0.000068	0.529913	0.000000	0.470019	0.000000
53	tsk_53	(x)	1	:	0.000000	0.000000	0.000000	0.000000	0.000000	0.000049	0.529916	0.000000	0.470035	0.000000
54	tsk_54	(x)	1	:	0.000000	0.000000	0.439535	0.000000	0.000000	0.068331	0.000000	0.492134	0.000000	0.000000
55	tsk_55	(x)	1	:	0.000000	0.000000	0.000000	0.000000	0.499999	0.000010	0.000000	0.000000	0.499990	0.000000
56	tsk_56	(x)	1	:	0.000000	0.000000	0.000000	0.000000	0.000000	0.000000	1.000000	0.000000	0.000000	0.000000
57	tsk_57	(x)	1	:	0.000000	0.000001	0.000000	0.000000	0.000000	0.004107	0.485311	0.000000	0.510581	0.000000
58	tsk_58	(x)	1	:	0.000000	0.000000	0.000000	0.000000	0.000000	0.000000	0.000000	0.000000	1.000000	0.000000
59	tsk_59	(x)	1	:	0.000000	0.000000	0.999963	0.000000	0.000000	0.000037	0.000000	0.000000	0.000000	0.000000
60	tsk_60	(x)	1	:	0.356460	0.143533	0.000000	0.000000	0.000000	0.000000	0.000000	0.000000	0.000000	0.500007
61	tsk_61	(x)	1	:	0.000000	0.000002	0.000000	0.000000	0.000000	0.000000	0.000000	0.000000	0.000000	0.999998
62	tsk_62	(x)	1	:	0.144845	0.216481	0.232838	0.000000	0.000000	0.405835	0.000000	0.000000	0.000000	0.000001
63	tsk_63	(x)	1	:	0.000000	0.000002	0.000000	0.000000	0.000000	0.000000	0.000000	0.000000	0.000000	0.999998
64	tsk_64	(x)	1	:	0.004665	0.009896	0.000000	0.000000	0.000000	0.490101	0.000000	0.000000	0.000002	0.495337
65	tsk_65	(x)	1	:	0.076259	0.285067	0.232838	0.000000	0.000000	0.405835	0.000000	0.000000	0.000000	0.000001
66	tsk_66	(x)	1	:	0.000000	0.000000	0.000000	0.000000	0.000000	0.000000	0.000000	0.000000	0.000000	1.000000
67	tsk_67	(x)	1	:	0.003685	0.009797	0.437395	0.000000	0.000000	0.053570	0.000000	0.000000	0.000000	0.495553
68	tsk_68	(x)	1	:	0.000000	0.000004	0.000000	0.000000	0.000000	0.000000	0.000000	0.000000	0.000000	0.999996
69	tsk_69	(x)	1	:	0.321077	0.186513	0.000001	0.000001	0.000000	0.492406	0.000000	0.000000	0.000001	0.000001
70	tsk_70	(x)	1	:	0.000000	0.000000	0.797854	0.202146	0.000000	0.000000	0.000000	0.000000	0.000000	0.000000
71	tsk_71	(x)	1	:	0.000000	0.000000	0.402936	0.596780	0.000000	0.000284	0.000000	0.000000	0.000000	0.000000
72	tsk_72	(x)	1	:	0.000000	0.000000	0.999926	0.000000	0.000000	0.000074	0.000000	0.000000	0.000000	0.000000
73	tsk_73	(x)	1	:	0.000000	0.000000	0.999926	0.000000	0.000000	0.000074	0.000000	0.000000	0.000000	0.000000
74	tsk_74	(x)	1	:	0.000000	0.000000	0.999964	0.000000	0.000000	0.000036	0.000000	0.000000	0.000000	0.000000
75	tsk_75	(x)	1	:	0.155861	0.351042	0.437538	0.000000	0.000000	0.055557	0.000000	0.000000	0.000000	0.000002
76	tsk_76	(x)	1	:	0.000000	0.000000	0.000000	0.396922	0.000000	0.603061	0.000000	0.000000	0.000017	0.000000
77	tsk_77	(x)	1	:	0.000000	0.000000	0.000000	0.395708	0.000000	0.090838	0.000000	0.000000	0.513454	0.000000
78	tsk_78	(x)	1	:	0.000000	0.000000	0.999965	0.000000	0.000000	0.000035	0.000000	0.000000	0.000000	0.000000
79	tsk_79	(x)	1	:	0.000000	0.000000	0.438940	0.000000	0.000000	0.561059	0.000000	0.000000	0.000001	0.000000
80	tsk_80	(x)	1	:	0.237951	0.261315	0.000000	0.000000	0.000000	0.002222	0.000000	0.000000	0.498511	0.000001
81	tsk_81	(x)	1	:	0.000000	0.000000	0.000000	0.387990	0.000000	0.107608	0.000000	0.000000	0.504402	0.000000
82	tsk_82	(x)	1	:	0.000000	0.000000	0.000000	0.388948	0.000000	0.105516	0.000000	0.000000	0.505537	0.000000
83	tsk_83	(x)	1	:	0.000000	0.000000	0.438035	0.000000	0.000000	0.047673	0.000000	0.000000	0.514292	0.000000
84	tsk_84	(x)	1	:	0.092338	0.407153	0.000000	0.000000	0.000000	0.001533	0.000000	0.000000	0.498973	0.000003
85	tsk_85	(x)	1	:	0.000000	0.000000	0.438329	0.000000	0.000000	0.047068	0.000000	0.000000	0.514603	0.000000
86	tsk_86	(x)	1	:	0.000000	0.000000	0.374375	0.000000	0.000000	0.000421	0.000000	0.182513	0.442691	0.000000
87	tsk_87	(x)	1	:	0.219974	0.288247	0.000000	0.398448	0.000000	0.093310	0.000000	0.000000	0.000017	0.000005
88	tsk_88	(x)	1	:	0.269802	0.730197	0.000000	0.000000	0.000000	0.000000	0.000000	0.000000	0.000000	0.000002
89	tsk_89	(x)	1	:	0.555016	0.444978	0.000000	0.000000	0.000000	0.000000	0.000000	0.000000	0.000000	0.000005
90	tsk_90	(x)	1	:	0.000000	0.000000	0.000000	0.000000	0.000000	0.000036	0.530107	0.469857	0.000000	0.000000
91	tsk_91	(x)	1	:	0.000836	0.014074	0.000001	0.000000	0.000000	0.489985	0.000000	0.000000	0.000001	0.495102
92	tsk_92	(x)	1	:	0.000004	0.000006	0.000000	0.000000	0.000000	0.513757	0.486225	0.000000	0.000007	0.000000
93	tsk_93	(x)	1	:	0.000005	0.000007	0.000000	0.000000	0.000000	0.513754	0.486225	0.000000	0.000009	0.000000
94	tsk_94	(x)	1	:	0.000867	0.014380	0.000000	0.000000	0.000000	0.489875	0.000000	0.000000	0.000001	0.494877
95	tsk_95	(x)	1	:	0.005691	0.009512	0.000000	0.000000	0.000000	0.489889	0.000000	0.000000	0.000001	0.494906
96	tsk_96	(x)	1	:	0.008290	0.010834	0.000000	0.000000	0.000000	0.000000	0.482825	0.000000	0.000000	0.498051
97	tsk_97	(x)	1	:	0.000000	0.000000	0.000000	0.000000	0.000000	0.000000	0.000000	1.000000	0.000000	0.000000
98	tsk_98	(x)	1	:	0.005487	0.013731	0.000000	0.000000	0.000000	0.000000	0.482810	0.000000	0.000000	0.497972
99	tsk_99	(x)	1	:	0.000006	0.000008	0.000000	0.000000	0.000000	0.513746	0.486225	0.000000	0.000014	0.000000
