logL = -793.989557 (converged)
AIC = 2143.979115
BIC = 2868.216426

count.K
63 7 30 

