logL = -1231.223107 (converged)
AIC = 2806.446215
BIC = 3254.535487

count.K
46 54 

