logL = -512.116770 (converged)
AIC = 1784.233541
BIC = 2774.198212

count.K
30 2 10 58 

