logL = -1181.298196 (converged)
AIC = 5022.596393
BIC = 8487.472740

count.K
2 2 0 11 2 49 19 5 8 2 

