logL = -588.125230 (converged)
AIC = 2832.250460
BIC = 4989.331374

count.K
11 25 18 23 2 1 5 15 

