logL = -717.128093 (converged)
AIC = 3012.256186
BIC = 5067.735463

count.K
23 4 4 31 11 4 23 

