logL = -732.111788 (converged)
AIC = 3028.223575
BIC = 5065.466661

count.K
18 7 1 19 25 3 27 

