logL = -1173.371260 (converged)
AIC = 2654.742521
BIC = 3055.938730

count.K
42 58 

