logL = -780.204347 (converged)
AIC = 2368.408694
BIC = 3420.897450

count.K
28 49 1 22 

