logL = -829.524828 (converged)
AIC = 3055.049655
BIC = 4873.458445

count.K
11 16 27 22 18 6 

