logL = -765.328751 (converged)
AIC = 2370.657501
BIC = 3464.828979

count.K
8 38 26 28 

