logL = -1414.167634 (converged)
AIC = 3156.335269
BIC = 3583.583179

count.K
40 60 

