logL = -637.084338 (converged)
AIC = 3378.168676
BIC = 6118.807711

count.K
6 1 11 15 7 7 19 8 26 

