logL = -824.329632 (converged)
AIC = 2708.659264
BIC = 4089.399463

count.K
6 36 3 38 17 

