logL = -532.117110 (converged)
AIC = 1808.234221
BIC = 2777.357530

count.K
8 10 36 46 

