0	tsk_0	(x)	1	:	0.500000	0.063414	0.000000	0.000000	0.000000	0.000000	0.000000	0.000000	0.000000	0.436586
1	tsk_1	(x)	1	:	0.000000	0.013191	0.000000	0.453883	0.000000	0.000000	0.430669	0.078046	0.000740	0.023471
2	tsk_2	(x)	1	:	0.000000	0.283660	0.000000	0.000000	0.000000	0.000000	0.000000	0.000000	0.000000	0.716340
3	tsk_3	(x)	1	:	0.000000	0.122640	0.000000	0.000000	0.000000	0.000000	0.404999	0.119716	0.000442	0.352202
4	tsk_4	(x)	1	:	0.500000	0.095629	0.000000	0.000000	0.000000	0.000000	0.000000	0.000000	0.000000	0.404371
5	tsk_5	(x)	1	:	0.500000	0.071106	0.000000	0.000000	0.000000	0.000000	0.000000	0.000000	0.000000	0.428893
6	tsk_6	(x)	1	:	0.501675	0.000000	0.000000	0.000000	0.252997	0.245327	0.000000	0.000000	0.000000	0.000000
7	tsk_7	(x)	1	:	0.499745	0.002042	0.000000	0.458007	0.000000	0.000000	0.000000	0.000000	0.000000	0.040206
8	tsk_8	(x)	1	:	0.493021	0.005092	0.000000	0.000000	0.000000	0.000000	0.454008	0.040232	0.001002	0.006645
9	tsk_9	(x)	1	:	1.000000	0.000000	0.000000	0.000000	0.000000	0.000000	0.000000	0.000000	0.000000	0.000000
10	tsk_10	(x)	1	:	0.500000	0.143992	0.000000	0.000000	0.000000	0.000000	0.000000	0.000000	0.000000	0.356008
11	tsk_11	(x)	1	:	0.500000	0.046224	0.000000	0.000000	0.000000	0.000000	0.000000	0.000000	0.000000	0.453776
12	tsk_12	(x)	1	:	0.494149	0.003773	0.000000	0.000000	0.000000	0.498825	0.000000	0.000000	0.000000	0.003254
13	tsk_13	(x)	1	:	0.500000	0.124331	0.000000	0.000000	0.000000	0.000000	0.000000	0.000000	0.000000	0.375669
14	tsk_14	(x)	1	:	1.000000	0.000000	0.000000	0.000000	0.000000	0.000000	0.000000	0.000000	0.000000	0.000000
15	tsk_15	(x)	1	:	0.500000	0.091015	0.000000	0.000000	0.000000	0.000000	0.000000	0.000000	0.000000	0.408984
16	tsk_16	(x)	1	:	0.500000	0.190200	0.000000	0.000000	0.000000	0.000000	0.000000	0.000000	0.000000	0.309799
17	tsk_17	(x)	1	:	0.500000	0.054999	0.000000	0.000000	0.000000	0.000000	0.000000	0.000000	0.000000	0.445000
18	tsk_18	(x)	1	:	0.500000	0.069665	0.000000	0.000000	0.000000	0.000000	0.000000	0.000000	0.000000	0.430335
19	tsk_19	(x)	1	:	0.500000	0.052600	0.000000	0.000000	0.000000	0.000000	0.000000	0.000000	0.000000	0.447400
20	tsk_20	(x)	1	:	0.000000	0.111956	0.000000	0.000000	0.000000	0.000000	0.000000	0.000000	0.000000	0.888044
21	tsk_21	(x)	1	:	0.000000	0.242256	0.000000	0.000000	0.000000	0.000000	0.000000	0.000000	0.000000	0.757744
22	tsk_22	(x)	1	:	0.000000	0.238119	0.000000	0.000000	0.253628	0.245141	0.000000	0.000000	0.000000	0.263111
23	tsk_23	(x)	1	:	0.500000	0.106253	0.000000	0.000000	0.000000	0.000000	0.000000	0.000000	0.000000	0.393747
24	tsk_24	(x)	1	:	0.000000	0.131844	0.000000	0.000000	0.000000	0.000000	0.502648	0.000001	0.000000	0.365506
25	tsk_25	(x)	1	:	0.000000	0.003256	0.000000	0.000000	0.000000	0.000000	0.000000	0.000000	0.000000	0.996744
26	tsk_26	(x)	1	:	0.000000	0.458910	0.000000	0.000000	0.000000	0.000000	0.000000	0.000000	0.000000	0.541090
27	tsk_27	(x)	1	:	0.500000	0.108767	0.000000	0.000000	0.000000	0.000000	0.000000	0.000000	0.000000	0.391233
28	tsk_28	(x)	1	:	0.000000	0.278955	0.000000	0.000000	0.000000	0.000000	0.000000	0.000000	0.000000	0.721045
29	tsk_29	(x)	1	:	1.000000	0.000000	0.000000	0.000000	0.000000	0.000000	0.000000	0.000000	0.000000	0.000000
30	tsk_30	(x)	1	:	0.000000	0.000000	0.533485	0.000000	0.000000	0.000000	0.466515	0.000000	0.000000	0.000000
31	tsk_31	(x)	1	:	0.000000	0.000000	0.000000	0.000000	0.000000	1.000000	0.000000	0.000000	0.000000	0.000000
32	tsk_32	(x)	1	:	0.000000	0.000000	0.000000	0.000000	0.000000	0.489290	0.510710	0.000000	0.000000	0.000000
33	tsk_33	(x)	1	:	0.000000	0.190973	0.000000	0.000000	0.000000	0.000000	0.502649	0.000001	0.000000	0.306378
34	tsk_34	(x)	1	:	0.000000	0.000000	0.000000	0.000000	0.000000	0.489290	0.510710	0.000000	0.000000	0.000000
35	tsk_35	(x)	1	:	0.000000	0.021256	0.514089	0.458877	0.000000	0.000000	0.000000	0.000000	0.000000	0.005778
36	tsk_36	(x)	1	:	0.000000	0.000000	0.000000	0.000000	0.000000	1.000000	0.000000	0.000000	0.000000	0.000000
37	tsk_37	(x)	1	:	0.000000	0.000000	0.000000	0.000000	0.000000	0.489290	0.510710	0.000000	0.000000	0.000000
38	tsk_38	(x)	1	:	0.000000	0.000000	0.000000	0.000000	0.000000	0.539995	0.460005	0.000000	0.000000	0.000000
39	tsk_39	(x)	1	:	0.000000	0.000000	0.533485	0.000000	0.000000	0.000000	0.466515	0.000000	0.000000	0.000000
40	tsk_40	(x)	1	:	0.000000	0.290783	0.000000	0.000000	0.000000	0.499234	0.000000	0.000000	0.000000	0.209983
41	tsk_41	(x)	1	:	0.000000	0.000000	0.586869	0.000000	0.000000	0.000000	0.413131	0.000000	0.000000	0.000000
42	tsk_42	(x)	1	:	0.000000	0.265763	0.503464	0.000000	0.000000	0.000000	0.000000	0.000000	0.000000	0.230773
43	tsk_43	(x)	1	:	0.000000	0.212086	0.503464	0.000000	0.000000	0.000000	0.000000	0.000000	0.000000	0.284449
44	tsk_44	(x)	1	:	0.000000	0.109877	0.000000	0.000000	0.000000	0.000000	0.502648	0.000001	0.000000	0.387473
45	tsk_45	(x)	1	:	0.000000	0.000000	1.000000	0.000000	0.000000	0.000000	0.000000	0.000000	0.000000	0.000000
46	tsk_46	(x)	1	:	0.000000	0.145279	0.000000	0.000000	0.000000	0.499234	0.000000	0.000000	0.000000	0.355488
47	tsk_47	(x)	1	:	0.000000	0.000000	0.565943	0.000000	0.000000	0.000000	0.000000	0.000000	0.434057	0.000000
48	tsk_48	(x)	1	:	0.000000	0.330214	0.000000	0.000000	0.000000	0.499234	0.000000	0.000000	0.000000	0.170552
49	tsk_49	(x)	1	:	0.000000	0.422286	0.503464	0.000000	0.000000	0.000000	0.000000	0.000000	0.000000	0.074250
50	tsk_50	(x)	1	:	0.491725	0.000933	0.000000	0.000000	0.000000	0.000000	0.502771	0.000000	0.000000	0.004571
51	tsk_51	(x)	1	:	0.000000	0.000000	0.000000	0.000000	0.000000	0.000000	1.000000	0.000000	0.000000	0.000000
52	tsk_52	(x)	1	:	0.000000	0.000000	0.362261	0.000000	0.000000	0.000000	0.637739	0.000000	0.000000	0.000000
53	tsk_53	(x)	1	:	0.000000	0.000000	0.000000	0.000000	0.000000	0.487097	0.512903	0.000000	0.000000	0.000000
54	tsk_54	(x)	1	:	0.000000	0.000000	0.000000	0.000000	0.000000	0.487097	0.512903	0.000000	0.000000	0.000000
55	tsk_55	(x)	1	:	0.491986	0.002650	0.000000	0.000000	0.000000	0.000000	0.502789	0.000000	0.000000	0.002575
56	tsk_56	(x)	1	:	0.000000	0.000000	0.000000	0.000000	0.000000	0.000000	1.000000	0.000000	0.000000	0.000000
57	tsk_57	(x)	1	:	1.000000	0.000000	0.000000	0.000000	0.000000	0.000000	0.000000	0.000000	0.000000	0.000000
58	tsk_58	(x)	1	:	1.000000	0.000000	0.000000	0.000000	0.000000	0.000000	0.000000	0.000000	0.000000	0.000000
59	tsk_59	(x)	1	:	0.000000	0.000000	0.000000	0.000000	0.000000	0.000000	1.000000	0.000000	0.000000	0.000000
60	tsk_60	(x)	1	:	0.000000	0.099395	0.000000	0.000000	0.000000	0.000000	0.000000	0.789785	0.000000	0.110820
61	tsk_61	(x)	1	:	0.000000	0.000000	0.000000	0.494820	0.000000	0.000000	0.505180	0.000000	0.000000	0.000000
62	tsk_62	(x)	1	:	0.000000	0.444630	0.000000	0.000000	0.000000	0.000000	0.000000	0.000000	0.000000	0.555369
63	tsk_63	(x)	1	:	0.000000	0.248665	0.000000	0.000000	0.000000	0.000000	0.000000	0.000000	0.000000	0.751335
64	tsk_64	(x)	1	:	0.000000	0.107982	0.000000	0.000000	0.000000	0.000000	0.000000	0.789785	0.000000	0.102233
65	tsk_65	(x)	1	:	0.000000	0.167667	0.000000	0.000000	0.000000	0.000000	0.000000	0.000000	0.000000	0.832333
66	tsk_66	(x)	1	:	0.000000	0.067094	0.000000	0.000000	0.000000	0.000000	0.000000	0.789785	0.000000	0.143121
67	tsk_67	(x)	1	:	0.000000	0.122939	0.000000	0.000000	0.000000	0.000000	0.000000	0.789785	0.000000	0.087276
68	tsk_68	(x)	1	:	0.000000	0.044350	0.000000	0.000000	0.000000	0.000000	0.000000	0.000000	0.000000	0.955650
69	tsk_69	(x)	1	:	0.000000	0.000000	0.000000	0.494820	0.000000	0.000000	0.505180	0.000000	0.000000	0.000000
70	tsk_70	(x)	1	:	0.000000	0.078820	0.000000	0.000000	0.000000	0.000000	0.000000	0.000000	0.000000	0.921180
71	tsk_71	(x)	1	:	0.000000	0.221278	0.000000	0.000000	0.000000	0.000000	0.000000	0.000000	0.000000	0.778722
72	tsk_72	(x)	1	:	0.000000	0.173799	0.000000	0.000000	0.000000	0.000000	0.000000	0.000000	0.000000	0.826201
73	tsk_73	(x)	1	:	0.000000	0.185985	0.000000	0.000000	0.000000	0.499234	0.000000	0.000000	0.000000	0.314781
74	tsk_74	(x)	1	:	0.000000	0.000000	0.000000	0.000000	0.000000	1.000000	0.000000	0.000000	0.000000	0.000000
75	tsk_75	(x)	1	:	0.000000	0.082873	0.000000	0.000000	0.000000	0.499234	0.000000	0.000000	0.000000	0.417893
76	tsk_76	(x)	1	:	0.000000	0.290422	0.000000	0.000000	0.000000	0.499234	0.000000	0.000000	0.000000	0.210344
77	tsk_77	(x)	1	:	0.000000	0.201327	0.000000	0.000000	0.000000	0.499234	0.000000	0.000000	0.000000	0.299439
78	tsk_78	(x)	1	:	0.000000	0.264209	0.000000	0.000000	0.000000	0.499234	0.000000	0.000000	0.000000	0.236557
79	tsk_79	(x)	1	:	0.000000	0.000000	0.359713	0.000000	0.000000	0.640287	0.000000	0.000000	0.000000	0.000000
80	tsk_80	(x)	1	:	0.000000	0.000000	0.870006	0.000000	0.000000	0.129978	0.000016	0.000000	0.000000	0.000000
81	tsk_81	(x)	1	:	0.000000	0.032728	0.503462	0.458213	0.000000	0.000000	0.000000	0.000000	0.000000	0.005598
82	tsk_82	(x)	1	:	0.000000	0.046685	0.451407	0.458050	0.000000	0.000000	0.000000	0.000000	0.025829	0.018029
83	tsk_83	(x)	1	:	0.499829	0.009974	0.000000	0.458089	0.000000	0.000000	0.000000	0.000000	0.000000	0.032108
84	tsk_84	(x)	1	:	0.000000	0.000000	1.000000	0.000000	0.000000	0.000000	0.000000	0.000000	0.000000	0.000000
85	tsk_85	(x)	1	:	0.000000	0.000000	0.000000	1.000000	0.000000	0.000000	0.000000	0.000000	0.000000	0.000000
86	tsk_86	(x)	1	:	0.000000	0.000000	0.000000	0.000000	0.000000	0.000000	0.000000	0.000000	1.000000	0.000000
87	tsk_87	(x)	1	:	0.000000	0.390756	0.503464	0.000000	0.000000	0.000000	0.000000	0.000000	0.000000	0.105780
88	tsk_88	(x)	1	:	0.000000	0.022556	0.000000	0.458283	0.000000	0.000000	0.000000	0.000000	0.500002	0.019159
89	tsk_89	(x)	1	:	0.000000	0.034877	0.503462	0.458213	0.000000	0.000000	0.000000	0.000000	0.000000	0.003448
90	tsk_90	(x)	1	:	0.000000	0.000000	1.000000	0.000000	0.000000	0.000000	0.000000	0.000000	0.000000	0.000000
91	tsk_91	(x)	1	:	0.000000	0.000000	0.501996	0.000000	0.000000	0.000000	0.498004	0.000000	0.000000	0.000000
92	tsk_92	(x)	1	:	0.000000	0.000000	1.000000	0.000000	0.000000	0.000000	0.000000	0.000000	0.000000	0.000000
93	tsk_93	(x)	1	:	0.000000	0.000000	1.000000	0.000000	0.000000	0.000000	0.000000	0.000000	0.000000	0.000000
94	tsk_94	(x)	1	:	0.000000	0.000000	0.875449	0.000000	0.000000	0.124549	0.000001	0.000000	0.000000	0.000000
95	tsk_95	(x)	1	:	0.000000	0.156122	0.000000	0.489467	0.000000	0.000000	0.000000	0.000000	0.000000	0.354410
96	tsk_96	(x)	1	:	0.000000	0.000000	1.000000	0.000000	0.000000	0.000000	0.000000	0.000000	0.000000	0.000000
97	tsk_97	(x)	1	:	0.000000	0.000000	0.586869	0.000000	0.000000	0.000000	0.413131	0.000000	0.000000	0.000000
98	tsk_98	(x)	1	:	0.000000	0.000000	1.000000	0.000000	0.000000	0.000000	0.000000	0.000000	0.000000	0.000000
99	tsk_99	(x)	1	:	0.000000	0.000000	0.875450	0.000000	0.000000	0.124547	0.000003	0.000000	0.000000	0.000000
