logL = -639.660030 (converged)
AIC = 2687.320060
BIC = 4521.359871

count.K
18 18 29 17 11 7 

