logL = -795.564591 (converged)
AIC = 3771.129182
BIC = 6610.764684

count.K
3 18 11 10 8 6 37 3 4 0 

