logL = -567.299402 (converged)
AIC = 2482.598804
BIC = 4238.483509

count.K
24 16 17 21 13 9 

