logL = -813.460948 (converged)
AIC = 2686.921895
BIC = 4067.662094

count.K
42 8 32 15 3 

