logL = -500.165514 (converged)
AIC = 3140.331028
BIC = 5927.863127

count.K
9 4 3 14 0 4 30 11 25 

