logL = -355.040445 (converged)
AIC = 1974.080890
BIC = 3620.548448

count.K
3 22 27 7 26 15 

