logL = -355.145748 (converged)
AIC = 2634.291496
BIC = 5140.465214

count.K
21 2 3 2 0 23 3 1 45 

