logL = -444.770018 (converged)
AIC = 1373.540036
BIC = 2003.991221

count.K
48 22 30 

