0	tsk_0	(x)	1	:	0.000000	0.000126	0.006391	0.000000	0.500669	0.000000	0.492532	0.000281	0.000000	0.000000
1	tsk_1	(x)	1	:	0.000000	0.000065	0.005991	0.000000	0.500830	0.000000	0.492762	0.000353	0.000000	0.000000
2	tsk_2	(x)	1	:	0.000000	0.273384	0.200534	0.000000	0.000000	0.000000	0.000000	0.298866	0.000000	0.227215
3	tsk_3	(x)	1	:	0.000000	0.217620	0.000000	0.514704	0.000000	0.000000	0.000000	0.000000	0.000000	0.267676
4	tsk_4	(x)	1	:	0.000000	0.000000	0.023254	0.538014	0.000000	0.000000	0.000000	0.438732	0.000000	0.000000
5	tsk_5	(x)	1	:	0.000000	0.000000	0.000000	1.000000	0.000000	0.000000	0.000000	0.000000	0.000000	0.000000
6	tsk_6	(x)	1	:	0.000000	0.000000	0.396158	0.000000	0.000000	0.000000	0.597458	0.006384	0.000000	0.000000
7	tsk_7	(x)	1	:	0.000000	0.000000	0.478752	0.000000	0.000000	0.000000	0.000000	0.030114	0.000000	0.491134
8	tsk_8	(x)	1	:	0.000000	0.000000	0.456572	0.000000	0.000000	0.000000	0.492239	0.051189	0.000000	0.000000
9	tsk_9	(x)	1	:	0.000000	0.233163	0.005338	0.000000	0.000000	0.000000	0.492920	0.000522	0.000000	0.268058
10	tsk_10	(x)	1	:	0.000000	0.000000	0.787916	0.000000	0.000000	0.000000	0.000000	0.212084	0.000000	0.000000
11	tsk_11	(x)	1	:	0.000000	0.500000	0.255850	0.000000	0.000000	0.000000	0.000000	0.244150	0.000000	0.000000
12	tsk_12	(x)	1	:	0.000000	0.000000	0.365043	0.000000	0.000000	0.482557	0.000000	0.152400	0.000000	0.000000
13	tsk_13	(x)	1	:	0.000000	0.000000	0.754579	0.000000	0.000000	0.000000	0.000000	0.245421	0.000000	0.000000
14	tsk_14	(x)	1	:	0.000000	0.232924	0.364965	0.000000	0.000000	0.000000	0.000000	0.134215	0.000000	0.267896
15	tsk_15	(x)	1	:	0.000000	0.000000	0.819367	0.000000	0.000000	0.000000	0.000000	0.180633	0.000000	0.000000
16	tsk_16	(x)	1	:	0.459684	0.041061	0.379947	0.000000	0.000000	0.000000	0.000000	0.119308	0.000000	0.000000
17	tsk_17	(x)	1	:	0.459699	0.041041	0.370249	0.000000	0.000000	0.000000	0.000000	0.129011	0.000000	0.000000
18	tsk_18	(x)	1	:	0.000000	0.232929	0.209184	0.000000	0.000000	0.000000	0.000000	0.289994	0.000000	0.267893
19	tsk_19	(x)	1	:	0.000000	0.232979	0.361506	0.000000	0.000000	0.000000	0.000000	0.137656	0.000000	0.267859
20	tsk_20	(x)	1	:	0.000000	0.731452	0.000000	0.000000	0.000000	0.000000	0.000000	0.000000	0.000000	0.268548
21	tsk_21	(x)	1	:	0.000000	1.000000	0.000000	0.000000	0.000000	0.000000	0.000000	0.000000	0.000000	0.000000
22	tsk_22	(x)	1	:	0.000000	0.000000	0.000398	0.000000	0.000000	0.501394	0.000000	0.000185	0.000000	0.498022
23	tsk_23	(x)	1	:	0.000000	0.750022	0.000000	0.000000	0.000000	0.000000	0.000000	0.000000	0.000000	0.249978
24	tsk_24	(x)	1	:	0.000000	0.750022	0.000000	0.000000	0.000000	0.000000	0.000000	0.000000	0.000000	0.249978
25	tsk_25	(x)	1	:	0.000000	0.750022	0.000000	0.000000	0.000000	0.000000	0.000000	0.000000	0.000000	0.249978
26	tsk_26	(x)	1	:	0.000000	0.750022	0.000000	0.000000	0.000000	0.000000	0.000000	0.000000	0.000000	0.249978
27	tsk_27	(x)	1	:	0.000000	0.520484	0.000000	0.000000	0.000000	0.000000	0.000000	0.000000	0.000000	0.479516
28	tsk_28	(x)	1	:	0.000000	0.251063	0.398174	0.000000	0.000000	0.000000	0.000000	0.101158	0.000000	0.249605
29	tsk_29	(x)	1	:	0.000000	0.000000	0.000000	1.000000	0.000000	0.000000	0.000000	0.000000	0.000000	0.000000
30	tsk_30	(x)	1	:	0.459739	0.040785	0.007529	0.000000	0.000000	0.000000	0.491947	0.000000	0.000000	0.000000
31	tsk_31	(x)	1	:	0.000000	0.000000	0.839818	0.000000	0.000000	0.000000	0.000000	0.160182	0.000000	0.000000
32	tsk_32	(x)	1	:	0.000000	0.000000	0.670733	0.000000	0.000000	0.000000	0.000000	0.329267	0.000000	0.000000
33	tsk_33	(x)	1	:	0.000000	0.500000	0.284359	0.000000	0.000000	0.000000	0.000000	0.215641	0.000000	0.000000
34	tsk_34	(x)	1	:	0.000000	0.000000	0.852155	0.000000	0.000000	0.000000	0.000000	0.147845	0.000000	0.000000
35	tsk_35	(x)	1	:	0.000000	0.000000	0.719219	0.000000	0.000000	0.000000	0.000000	0.280781	0.000000	0.000000
36	tsk_36	(x)	1	:	0.000000	0.000000	0.883743	0.000000	0.000000	0.000000	0.000000	0.116257	0.000000	0.000000
37	tsk_37	(x)	1	:	0.000000	0.000000	0.000000	0.000000	0.000000	0.000000	1.000000	0.000000	0.000000	0.000000
38	tsk_38	(x)	1	:	0.000000	0.000000	0.412047	0.000000	0.000000	0.000000	0.000000	0.587953	0.000000	0.000000
39	tsk_39	(x)	1	:	0.000000	0.500000	0.386384	0.000000	0.000000	0.000000	0.000000	0.113616	0.000000	0.000000
40	tsk_40	(x)	1	:	0.000000	0.497347	0.000000	0.000000	0.502653	0.000000	0.000000	0.000000	0.000000	0.000000
41	tsk_41	(x)	1	:	0.000000	0.500000	0.316867	0.000000	0.000000	0.000000	0.000000	0.183133	0.000000	0.000000
42	tsk_42	(x)	1	:	0.000000	0.500000	0.263367	0.000000	0.000000	0.000000	0.000000	0.236633	0.000000	0.000000
43	tsk_43	(x)	1	:	0.000000	0.772531	0.000000	0.000000	0.000000	0.000000	0.000000	0.000000	0.000000	0.227469
44	tsk_44	(x)	1	:	0.000000	0.500000	0.343327	0.000000	0.000000	0.000000	0.000000	0.156673	0.000000	0.000000
45	tsk_45	(x)	1	:	0.000000	0.500905	0.009374	0.000000	0.000000	0.485297	0.000000	0.004425	0.000000	0.000000
46	tsk_46	(x)	1	:	0.654784	0.345216	0.000000	0.000000	0.000000	0.000000	0.000000	0.000000	0.000000	0.000000
47	tsk_47	(x)	1	:	0.000000	0.000145	0.003263	0.000000	0.502889	0.492075	0.000000	0.001628	0.000000	0.000000
48	tsk_48	(x)	1	:	0.000000	0.497347	0.000000	0.000000	0.502653	0.000000	0.000000	0.000000	0.000000	0.000000
49	tsk_49	(x)	1	:	0.000000	0.000118	0.005741	0.000000	0.502662	0.491100	0.000000	0.000378	0.000000	0.000000
50	tsk_50	(x)	1	:	0.000000	0.000000	0.000000	0.000000	0.000000	0.000000	0.000000	0.000000	1.000000	0.000000
51	tsk_51	(x)	1	:	0.000000	0.500000	0.000000	0.000000	0.000000	0.000000	0.000000	0.000000	0.500000	0.000000
52	tsk_52	(x)	1	:	0.000000	0.500000	0.000000	0.000000	0.000000	0.000000	0.000000	0.000000	0.500000	0.000000
53	tsk_53	(x)	1	:	0.000000	0.002338	0.448596	0.000000	0.000000	0.000000	0.000000	0.050470	0.498597	0.000000
54	tsk_54	(x)	1	:	0.000000	0.037645	0.067982	0.461991	0.000000	0.000000	0.000000	0.432381	0.000000	0.000000
55	tsk_55	(x)	1	:	0.000000	0.034341	0.000000	0.462845	0.000000	0.000000	0.000000	0.000000	0.502815	0.000000
56	tsk_56	(x)	1	:	0.000000	0.500000	0.250682	0.000000	0.000000	0.000000	0.000000	0.249318	0.000000	0.000000
57	tsk_57	(x)	1	:	0.000000	0.037878	0.093465	0.461906	0.000000	0.000000	0.000000	0.406750	0.000000	0.000000
58	tsk_58	(x)	1	:	0.000000	0.002798	0.411171	0.000000	0.000000	0.000000	0.000000	0.087711	0.498321	0.000000
59	tsk_59	(x)	1	:	1.000000	0.000000	0.000000	0.000000	0.000000	0.000000	0.000000	0.000000	0.000000	0.000000
60	tsk_60	(x)	1	:	0.000000	0.000000	0.238986	0.000000	0.000000	0.000000	0.745253	0.015761	0.000000	0.000000
61	tsk_61	(x)	1	:	0.000000	0.000000	0.443948	0.000000	0.000000	0.482557	0.000000	0.073495	0.000000	0.000000
62	tsk_62	(x)	1	:	0.000000	0.501026	0.008046	0.000000	0.000000	0.485664	0.000000	0.005264	0.000000	0.000000
63	tsk_63	(x)	1	:	0.000000	0.000000	0.452653	0.000000	0.000000	0.000000	0.492239	0.055108	0.000000	0.000000
64	tsk_64	(x)	1	:	0.000000	0.000000	0.411917	0.000000	0.000000	0.482557	0.000000	0.105525	0.000000	0.000000
65	tsk_65	(x)	1	:	0.000000	0.000000	0.466860	0.000000	0.000000	0.000000	0.492239	0.040901	0.000000	0.000000
66	tsk_66	(x)	1	:	0.000000	0.000000	0.000000	0.000000	0.000000	1.000000	0.000000	0.000000	0.000000	0.000000
67	tsk_67	(x)	1	:	0.000000	0.446372	0.000000	0.000000	0.000000	0.553628	0.000000	0.000000	0.000000	0.000000
68	tsk_68	(x)	1	:	0.000000	0.500868	0.008054	0.000000	0.000000	0.485185	0.000000	0.005893	0.000000	0.000000
69	tsk_69	(x)	1	:	0.000000	0.000000	0.458938	0.000000	0.000000	0.482557	0.000000	0.058505	0.000000	0.000000
70	tsk_70	(x)	1	:	0.000000	0.000000	0.915840	0.000000	0.000000	0.000000	0.000000	0.084159	0.000000	0.000000
71	tsk_71	(x)	1	:	0.000000	0.000000	0.478950	0.000000	0.000000	0.000000	0.492239	0.028812	0.000000	0.000000
72	tsk_72	(x)	1	:	0.000000	0.000115	0.004440	0.513322	0.000000	0.000000	0.000000	0.482123	0.000000	0.000000
73	tsk_73	(x)	1	:	0.000000	0.500000	0.264000	0.000000	0.000000	0.000000	0.000000	0.236000	0.000000	0.000000
74	tsk_74	(x)	1	:	0.000000	0.000000	0.000000	1.000000	0.000000	0.000000	0.000000	0.000000	0.000000	0.000000
75	tsk_75	(x)	1	:	0.000000	1.000000	0.000000	0.000000	0.000000	0.000000	0.000000	0.000000	0.000000	0.000000
76	tsk_76	(x)	1	:	0.000000	0.000000	0.000000	1.000000	0.000000	0.000000	0.000000	0.000000	0.000000	0.000000
77	tsk_77	(x)	1	:	0.000000	0.000000	0.494394	0.000000	0.000000	0.000000	0.492239	0.013367	0.000000	0.000000
78	tsk_78	(x)	1	:	0.000000	0.500000	0.256916	0.000000	0.000000	0.000000	0.000000	0.243084	0.000000	0.000000
79	tsk_79	(x)	1	:	0.000000	0.000000	0.599643	0.000000	0.000000	0.000000	0.000000	0.400357	0.000000	0.000000
80	tsk_80	(x)	1	:	0.461955	0.538044	0.000000	0.000000	0.000000	0.000000	0.000000	0.000000	0.000000	0.000000
81	tsk_81	(x)	1	:	0.000000	1.000000	0.000000	0.000000	0.000000	0.000000	0.000000	0.000000	0.000000	0.000000
82	tsk_82	(x)	1	:	0.000000	0.000000	0.762132	0.000000	0.000000	0.000000	0.000000	0.237868	0.000000	0.000000
83	tsk_83	(x)	1	:	0.000000	0.000000	0.943151	0.000000	0.000000	0.000000	0.000000	0.056849	0.000000	0.000000
84	tsk_84	(x)	1	:	0.000000	1.000000	0.000000	0.000000	0.000000	0.000000	0.000000	0.000000	0.000000	0.000000
85	tsk_85	(x)	1	:	0.000000	0.233684	0.009135	0.000000	0.000000	0.485248	0.000000	0.003932	0.000000	0.268001
86	tsk_86	(x)	1	:	0.000000	0.500000	0.138772	0.000000	0.000000	0.000000	0.000000	0.361228	0.000000	0.000000
87	tsk_87	(x)	1	:	0.000000	0.500000	0.372120	0.000000	0.000000	0.000000	0.000000	0.127880	0.000000	0.000000
88	tsk_88	(x)	1	:	0.000000	1.000000	0.000000	0.000000	0.000000	0.000000	0.000000	0.000000	0.000000	0.000000
89	tsk_89	(x)	1	:	0.000000	0.280537	0.230553	0.000000	0.000000	0.000000	0.000000	0.268875	0.000000	0.220035
90	tsk_90	(x)	1	:	0.000000	0.000000	0.648288	0.000000	0.000000	0.000000	0.000000	0.351712	0.000000	0.000000
91	tsk_91	(x)	1	:	0.000000	0.000184	0.006306	0.000000	0.500670	0.000000	0.492621	0.000219	0.000000	0.000000
92	tsk_92	(x)	1	:	0.000000	0.000000	0.785248	0.000000	0.000000	0.000000	0.000000	0.214752	0.000000	0.000000
93	tsk_93	(x)	1	:	0.000000	0.251109	0.000000	0.000000	0.000000	0.000000	0.000000	0.499315	0.000000	0.249576
94	tsk_94	(x)	1	:	0.000000	0.000000	0.393242	0.000000	0.000000	0.482557	0.000000	0.124201	0.000000	0.000000
95	tsk_95	(x)	1	:	0.000000	0.273381	0.226864	0.000000	0.000000	0.000000	0.000000	0.272538	0.000000	0.227217
96	tsk_96	(x)	1	:	0.000000	0.000000	0.474324	0.000000	0.000000	0.000000	0.492239	0.033438	0.000000	0.000000
97	tsk_97	(x)	1	:	0.000000	0.000000	0.825559	0.000000	0.000000	0.000000	0.000000	0.174440	0.000000	0.000000
98	tsk_98	(x)	1	:	0.000000	0.251083	0.414610	0.000000	0.000000	0.000000	0.000000	0.084715	0.000000	0.249592
99	tsk_99	(x)	1	:	0.000000	0.251046	0.282363	0.000000	0.000000	0.000000	0.000000	0.216975	0.000000	0.249616
