logL = -583.356453 (converged)
AIC = 1438.712906
BIC = 1793.016052

count.K
22 78 

