logL = -1293.746279 (converged)
AIC = 5187.492558
BIC = 8574.213799

count.K
11 31 13 17 1 0 3 11 7 6 

