logL = -758.866011 (converged)
AIC = 2097.732021
BIC = 2853.231375

count.K
13 15 72 

