logL = -869.217920 (converged)
AIC = 2022.435840
BIC = 2392.370007

count.K
44 56 

