logL = -586.154101 (converged)
AIC = 1452.308201
BIC = 1817.032027

count.K
50 50 

