logL = -1104.670212 (converged)
AIC = 2801.340424
BIC = 3572.470799

count.K
18 41 41 

