logL = -362.431439 (converged)
AIC = 1484.862878
BIC = 2474.827548

count.K
33 8 34 25 

