logL = -568.337879 (converged)
AIC = 1656.675758
BIC = 2334.020006

count.K
34 52 14 

