logL = -1193.771277 (converged)
AIC = 4119.542555
BIC = 6375.619936

count.K
15 21 24 18 7 11 4 

