logL = -609.682621 (converged)
AIC = 3305.365243
BIC = 6022.557747

count.K
38 19 3 3 2 4 3 1 27 

