logL = -736.372258 (converged)
AIC = 3036.744515
BIC = 5073.987601

count.K
2 34 13 24 2 17 8 

