logL = -1365.589728 (converged)
AIC = 5159.179455
BIC = 8321.856061

count.K
0 18 13 20 12 13 21 1 2 

