logL = -1560.247938 (converged)
AIC = 3730.495876
BIC = 4525.072783

count.K
48 26 26 

