logL = -1204.669555 (converged)
AIC = 3007.339110
BIC = 3786.284995

count.K
23 40 37 

