logL = -1197.399586 (converged)
AIC = 3778.799171
BIC = 5581.576940

count.K
8 14 18 7 18 35 

