logL = -819.825282 (converged)
AIC = 2201.650565
BIC = 2933.703387

count.K
58 11 31 

