logL = -404.392309 (converged)
AIC = 1808.784618
BIC = 3111.369710

count.K
21 28 13 22 16 

