logL = -325.332517 (converged)
AIC = 2158.665034
BIC = 4122.963354

count.K
6 49 6 4 19 8 8 

