logL = -630.550665 (converged)
AIC = 3473.101330
BIC = 6354.419555

count.K
24 6 16 8 11 6 9 12 8 

