logL = -227.573254 (converged)
AIC = 2415.146508
BIC = 4968.213290

count.K
5 35 3 1 0 1 48 1 6 

