logL = -1372.993832 (converged)
AIC = 4589.987664
BIC = 6991.954576

count.K
31 0 20 1 21 14 13 

