0	tsk_0	(x)	1	:	0.000000	0.000000	0.359046	0.000000	0.000000	0.018704	0.495574	0.000000	0.000000	0.126675
1	tsk_1	(x)	1	:	0.000000	0.000000	0.664167	0.000000	0.000000	0.084334	0.000000	0.000000	0.000000	0.251499
2	tsk_2	(x)	1	:	0.000000	0.000000	0.044791	0.000000	0.000000	0.130358	0.000000	0.000000	0.000000	0.824851
3	tsk_3	(x)	1	:	0.000000	0.000000	0.174757	0.000000	0.000000	0.109670	0.495573	0.000000	0.000000	0.219999
4	tsk_4	(x)	1	:	0.000000	0.000000	0.341731	0.000000	0.000000	0.024623	0.531267	0.000000	0.000000	0.102380
5	tsk_5	(x)	1	:	0.000000	0.000000	0.468324	0.000000	0.000000	0.039507	0.000000	0.000000	0.000000	0.492169
6	tsk_6	(x)	1	:	0.000000	0.000000	0.580495	0.000000	0.000000	0.017632	0.000000	0.000000	0.000000	0.401873
7	tsk_7	(x)	1	:	0.000000	0.000000	0.355729	0.000000	0.000000	0.000000	0.531267	0.000000	0.000000	0.113005
8	tsk_8	(x)	1	:	0.000000	0.000000	0.465855	0.000000	0.000000	0.047829	0.000000	0.000000	0.000000	0.486316
9	tsk_9	(x)	1	:	0.000000	0.000000	0.351337	0.000000	0.000000	0.023006	0.495570	0.000000	0.000000	0.130087
10	tsk_10	(x)	1	:	0.000000	0.000000	0.000000	0.000000	0.000000	0.000000	0.000000	0.000000	1.000000	0.000000
11	tsk_11	(x)	1	:	0.000000	0.000000	0.000000	0.000000	0.000000	0.000000	0.497184	0.502816	0.000000	0.000000
12	tsk_12	(x)	1	:	0.000000	0.000000	0.120616	0.258077	0.000000	0.018417	0.000000	0.499968	0.000000	0.102922
13	tsk_13	(x)	1	:	0.000000	0.000000	0.000000	0.000000	0.000000	0.000000	1.000000	0.000000	0.000000	0.000000
14	tsk_14	(x)	1	:	0.000000	0.673263	0.000000	0.000000	0.000000	0.000000	0.326737	0.000000	0.000000	0.000000
15	tsk_15	(x)	1	:	0.000000	0.532602	0.000000	0.000000	0.000000	0.000000	0.000000	0.467398	0.000000	0.000000
16	tsk_16	(x)	1	:	0.000000	0.218410	0.000000	0.000000	0.000000	0.000000	0.246683	0.000000	0.534907	0.000000
17	tsk_17	(x)	1	:	0.000000	0.513416	0.000000	0.000000	0.000000	0.000000	0.000000	0.486584	0.000000	0.000000
18	tsk_18	(x)	1	:	0.000000	0.219028	0.000000	0.000000	0.000000	0.000000	0.780971	0.000000	0.000000	0.000000
19	tsk_19	(x)	1	:	0.000000	0.219028	0.000000	0.000000	0.000000	0.000000	0.780971	0.000000	0.000000	0.000000
20	tsk_20	(x)	1	:	0.000000	0.000000	0.000000	0.000000	0.000000	0.000000	0.497184	0.502816	0.000000	0.000000
21	tsk_21	(x)	1	:	0.000000	0.000000	0.064330	0.000000	0.000000	0.000000	0.000000	0.499978	0.000000	0.435692
22	tsk_22	(x)	1	:	0.000000	0.000000	0.164381	0.000000	0.000000	0.014383	0.000000	0.499995	0.000000	0.321241
23	tsk_23	(x)	1	:	0.000000	0.000000	0.002707	0.000000	0.487433	0.002883	0.000000	0.499594	0.000000	0.007383
24	tsk_24	(x)	1	:	0.000000	0.000000	0.003041	0.000000	0.487484	0.002595	0.000000	0.499611	0.000000	0.007268
25	tsk_25	(x)	1	:	0.000000	0.000000	0.000000	0.000000	0.000000	0.000000	0.497184	0.502816	0.000000	0.000000
26	tsk_26	(x)	1	:	0.000000	0.000000	0.002996	0.000000	0.487453	0.001988	0.000000	0.499601	0.000000	0.007963
27	tsk_27	(x)	1	:	0.000000	0.000000	0.108448	0.000000	0.000000	0.056086	0.000000	0.499996	0.000000	0.335470
28	tsk_28	(x)	1	:	0.000000	0.000000	0.008799	0.000000	0.488250	0.004677	0.495461	0.000000	0.000000	0.002812
29	tsk_29	(x)	1	:	0.000000	0.000000	0.000000	0.000000	0.000000	0.000000	0.000000	1.000000	0.000000	0.000000
30	tsk_30	(x)	1	:	0.000000	0.000000	0.537558	0.000000	0.000000	0.097710	0.000000	0.000000	0.000000	0.364732
31	tsk_31	(x)	1	:	0.000000	0.445145	0.005741	0.000000	0.488060	0.006656	0.050566	0.000000	0.000000	0.003831
32	tsk_32	(x)	1	:	0.000000	0.446369	0.000000	0.000000	0.000000	0.000000	0.553631	0.000000	0.000000	0.000000
33	tsk_33	(x)	1	:	0.000000	0.000000	0.234193	0.000000	0.000000	0.016806	0.000000	0.499974	0.000000	0.249027
34	tsk_34	(x)	1	:	0.000000	0.000000	0.292631	0.000000	0.000000	0.021610	0.000000	0.499993	0.000000	0.185766
35	tsk_35	(x)	1	:	0.000000	0.000000	0.128251	0.000000	0.000000	0.004106	0.000000	0.499981	0.000000	0.367662
36	tsk_36	(x)	1	:	0.000000	0.000000	0.637241	0.000000	0.000000	0.096603	0.000000	0.000000	0.000000	0.266156
37	tsk_37	(x)	1	:	0.503872	0.000000	0.000000	0.000000	0.000000	0.000000	0.496128	0.000000	0.000000	0.000000
38	tsk_38	(x)	1	:	0.000000	0.000000	0.505530	0.000000	0.000000	0.064818	0.000000	0.000000	0.000000	0.429651
39	tsk_39	(x)	1	:	0.000000	0.000000	0.122909	0.000000	0.488657	0.275177	0.000000	0.000000	0.000000	0.113256
40	tsk_40	(x)	1	:	0.000000	0.000000	0.046511	0.000000	0.000000	0.028148	0.000000	0.000000	0.498130	0.427210
41	tsk_41	(x)	1	:	0.000000	0.000000	0.000000	0.000000	0.000000	0.000000	0.686011	0.000000	0.313989	0.000000
42	tsk_42	(x)	1	:	0.000000	0.000000	0.167705	0.000000	0.594131	0.066016	0.000000	0.000000	0.000000	0.172148
43	tsk_43	(x)	1	:	0.000000	0.000000	0.032731	0.000000	0.594140	0.022484	0.000000	0.000000	0.000000	0.350645
44	tsk_44	(x)	1	:	0.000002	0.000000	0.000305	0.000000	0.472326	0.000369	0.526904	0.000000	0.000000	0.000095
45	tsk_45	(x)	1	:	0.000000	0.000000	0.000000	0.000000	0.000000	0.000000	0.000000	0.000000	1.000000	0.000000
46	tsk_46	(x)	1	:	0.000000	0.000000	0.160954	0.000000	0.488660	0.058432	0.000000	0.000000	0.000000	0.291955
47	tsk_47	(x)	1	:	0.000000	0.000000	0.352311	0.000000	0.000000	0.000000	0.000000	0.000000	0.500117	0.147572
48	tsk_48	(x)	1	:	0.000000	0.000000	0.314709	0.000000	0.000000	0.074087	0.495572	0.000000	0.000000	0.115632
49	tsk_49	(x)	1	:	0.000000	0.000000	0.000000	0.000000	0.000000	0.000000	0.007328	0.500856	0.491816	0.000000
50	tsk_50	(x)	1	:	0.000000	0.000000	0.850227	0.000000	0.000000	0.022796	0.000000	0.000000	0.000000	0.126977
51	tsk_51	(x)	1	:	0.000000	0.453738	0.335805	0.000000	0.000000	0.053204	0.039743	0.000000	0.000000	0.117509
52	tsk_52	(x)	1	:	0.000000	0.484643	0.311838	0.000000	0.000000	0.009177	0.000000	0.000000	0.000000	0.194342
53	tsk_53	(x)	1	:	0.000000	0.000000	0.853141	0.000000	0.000000	0.051951	0.000000	0.000000	0.000000	0.094908
54	tsk_54	(x)	1	:	0.000000	0.484645	0.294552	0.000000	0.000000	0.220804	0.000000	0.000000	0.000000	0.000000
55	tsk_55	(x)	1	:	0.000000	0.000000	0.000000	0.000000	0.000000	0.000000	0.497184	0.502816	0.000000	0.000000
56	tsk_56	(x)	1	:	0.000000	0.000000	0.169692	0.000000	0.000000	0.041322	0.000000	0.499995	0.000000	0.288991
57	tsk_57	(x)	1	:	0.000000	0.452278	0.345958	0.000000	0.000000	0.060052	0.041611	0.000000	0.000000	0.100100
58	tsk_58	(x)	1	:	0.000000	0.000000	0.179941	0.000000	0.488661	0.104636	0.000000	0.000000	0.000000	0.226762
59	tsk_59	(x)	1	:	0.000000	0.000000	0.323737	0.000000	0.000000	0.256845	0.000000	0.000000	0.000000	0.419418
60	tsk_60	(x)	1	:	0.000000	0.000000	0.001240	0.000000	0.487302	0.003452	0.000000	0.499551	0.000000	0.008456
61	tsk_61	(x)	1	:	0.000000	0.000000	0.000000	0.000000	1.000000	0.000000	0.000000	0.000000	0.000000	0.000000
62	tsk_62	(x)	1	:	0.000000	0.000000	0.000000	0.000000	0.527564	0.000000	0.472436	0.000000	0.000000	0.000000
63	tsk_63	(x)	1	:	0.000000	0.000000	0.326929	0.000000	0.000000	0.007789	0.000000	0.499991	0.000000	0.165291
64	tsk_64	(x)	1	:	0.000000	0.000000	0.728750	0.000000	0.000000	0.000000	0.000000	0.000000	0.000000	0.271250
65	tsk_65	(x)	1	:	0.000000	0.000000	0.000000	0.000000	0.000000	0.000000	1.000000	0.000000	0.000000	0.000000
66	tsk_66	(x)	1	:	0.000000	0.000000	0.000000	0.000000	1.000000	0.000000	0.000000	0.000000	0.000000	0.000000
67	tsk_67	(x)	1	:	0.000000	0.000000	0.000412	0.000000	0.487477	0.005990	0.000000	0.499609	0.000000	0.006513
68	tsk_68	(x)	1	:	0.000000	0.000000	0.000000	0.000000	1.000000	0.000000	0.000000	0.000000	0.000000	0.000000
69	tsk_69	(x)	1	:	0.000000	0.000000	0.001608	0.000000	0.487477	0.002720	0.000000	0.499609	0.000000	0.008586
70	tsk_70	(x)	1	:	0.000000	0.000000	0.383123	0.000000	0.000000	0.109413	0.000000	0.000000	0.000000	0.507463
71	tsk_71	(x)	1	:	0.000000	0.000000	0.731743	0.000000	0.000000	0.070424	0.000000	0.000000	0.000000	0.197833
72	tsk_72	(x)	1	:	0.000000	0.000000	0.249905	0.000000	0.000000	0.139066	0.495572	0.000000	0.000000	0.115456
73	tsk_73	(x)	1	:	0.000000	0.000000	0.442690	0.000000	0.000000	0.054231	0.000000	0.000000	0.000000	0.503079
74	tsk_74	(x)	1	:	0.000000	0.000000	0.448439	0.000000	0.000000	0.163555	0.000000	0.000000	0.000000	0.388007
75	tsk_75	(x)	1	:	0.000000	0.000000	0.060969	0.000000	0.000000	0.000000	0.000000	0.000000	0.000000	0.939031
76	tsk_76	(x)	1	:	0.000000	0.000000	0.374046	0.000000	0.000000	0.056467	0.000000	0.000000	0.000000	0.569487
77	tsk_77	(x)	1	:	0.000000	0.000000	0.320629	0.000000	0.000000	0.049851	0.495576	0.000000	0.000000	0.133944
78	tsk_78	(x)	1	:	0.000000	0.000000	0.191685	0.000000	0.488662	0.090075	0.000000	0.000000	0.000000	0.229577
79	tsk_79	(x)	1	:	0.000000	0.000000	0.150330	0.000000	0.488660	0.084878	0.000000	0.000000	0.000000	0.276131
80	tsk_80	(x)	1	:	0.000000	0.513416	0.000000	0.000000	0.000000	0.000000	0.000000	0.486584	0.000000	0.000000
81	tsk_81	(x)	1	:	0.000000	0.000000	0.235161	0.000000	0.488661	0.107483	0.000000	0.000000	0.000000	0.168695
82	tsk_82	(x)	1	:	0.000000	0.000000	0.000000	0.000000	1.000000	0.000000	0.000000	0.000000	0.000000	0.000000
83	tsk_83	(x)	1	:	0.000000	0.000000	0.000000	0.000000	1.000000	0.000000	0.000000	0.000000	0.000000	0.000000
84	tsk_84	(x)	1	:	0.000000	0.000000	0.045173	0.302316	0.487943	0.061167	0.000000	0.000000	0.000000	0.103400
85	tsk_85	(x)	1	:	0.000000	0.000000	0.005565	0.000000	0.487724	0.008566	0.495314	0.000000	0.000000	0.002831
86	tsk_86	(x)	1	:	0.000000	0.000000	0.000000	0.000000	1.000000	0.000000	0.000000	0.000000	0.000000	0.000000
87	tsk_87	(x)	1	:	0.000000	0.000000	0.000000	0.169272	0.371092	0.000000	0.459636	0.000000	0.000000	0.000000
88	tsk_88	(x)	1	:	0.000000	0.513416	0.000000	0.000000	0.000000	0.000000	0.000000	0.486584	0.000000	0.000000
89	tsk_89	(x)	1	:	0.000000	0.000000	0.245288	0.000000	0.000000	0.001778	0.000000	0.499990	0.000000	0.252943
90	tsk_90	(x)	1	:	0.000000	0.000000	0.000000	0.000000	0.000000	0.000000	1.000000	0.000000	0.000000	0.000000
91	tsk_91	(x)	1	:	0.000000	0.000000	0.349263	0.000000	0.000000	0.034425	0.000000	0.000000	0.500119	0.116193
92	tsk_92	(x)	1	:	0.000000	0.000000	0.000000	0.000000	0.000000	0.000000	1.000000	0.000000	0.000000	0.000000
93	tsk_93	(x)	1	:	0.000000	0.000000	0.310543	0.553499	0.000000	0.024497	0.000000	0.000000	0.000000	0.111462
94	tsk_94	(x)	1	:	0.000000	0.000000	0.126720	0.302754	0.000000	0.017719	0.495475	0.000000	0.000000	0.057331
95	tsk_95	(x)	1	:	0.000000	0.000000	0.100613	0.000000	0.000000	0.000000	0.000000	0.499988	0.000000	0.399399
96	tsk_96	(x)	1	:	0.000000	0.000000	0.466349	0.303136	0.000000	0.031115	0.000000	0.000000	0.000000	0.199400
97	tsk_97	(x)	1	:	0.000000	0.000000	0.147916	0.000000	0.488658	0.099306	0.000000	0.000000	0.000000	0.264120
98	tsk_98	(x)	1	:	0.000000	0.000000	0.801697	0.000000	0.000000	0.009177	0.000000	0.000000	0.000000	0.189127
99	tsk_99	(x)	1	:	0.000000	0.000000	0.225035	0.000000	0.000000	0.000000	0.000000	0.499980	0.000000	0.274985
