0	tsk_0	(x)	1	:	0.000000	0.000000	0.131206	0.000000	0.488706	0.380087	0.000000
1	tsk_1	(x)	1	:	0.000000	0.000000	0.131184	0.000000	0.488712	0.380104	0.000000
2	tsk_2	(x)	1	:	0.345933	0.000000	0.654066	0.000000	0.000000	0.000000	0.000000
3	tsk_3	(x)	1	:	0.000000	0.000000	1.000000	0.000000	0.000000	0.000000	0.000000
4	tsk_4	(x)	1	:	0.000000	0.000000	0.130860	0.000000	0.488800	0.380340	0.000000
5	tsk_5	(x)	1	:	0.000000	0.000000	0.618867	0.000000	0.000000	0.381133	0.000000
6	tsk_6	(x)	1	:	0.000000	0.000000	0.000003	0.000000	0.000000	0.999997	0.000000
7	tsk_7	(x)	1	:	0.000000	0.430175	0.189260	0.000000	0.000000	0.380565	0.000000
8	tsk_8	(x)	1	:	0.440220	0.000000	0.179064	0.000000	0.000000	0.380717	0.000000
9	tsk_9	(x)	1	:	0.000000	0.430367	0.188903	0.000000	0.000000	0.380731	0.000000
10	tsk_10	(x)	1	:	0.000000	0.429100	0.082383	0.000000	0.488517	0.000000	0.000000
11	tsk_11	(x)	1	:	0.000000	0.000000	0.217418	0.000000	0.489016	0.293566	0.000000
12	tsk_12	(x)	1	:	0.000000	0.000000	0.217436	0.000000	0.489006	0.293557	0.000000
13	tsk_13	(x)	1	:	0.000000	0.430412	0.264983	0.000000	0.000000	0.000000	0.304605
14	tsk_14	(x)	1	:	0.000000	0.000000	0.618901	0.000000	0.000000	0.381099	0.000000
15	tsk_15	(x)	1	:	0.553893	0.000000	0.000000	0.000000	0.446107	0.000000	0.000000
16	tsk_16	(x)	1	:	0.000000	0.000000	0.510875	0.000000	0.000000	0.489125	0.000000
17	tsk_17	(x)	1	:	0.553893	0.000000	0.000000	0.000000	0.446107	0.000000	0.000000
18	tsk_18	(x)	1	:	0.000000	0.430053	0.276681	0.000000	0.000000	0.293266	0.000000
19	tsk_19	(x)	1	:	0.000000	0.000000	0.206567	0.000000	0.488875	0.000000	0.304559
20	tsk_20	(x)	1	:	0.000000	0.000000	0.000000	0.000000	1.000000	0.000000	0.000000
21	tsk_21	(x)	1	:	0.000000	0.000000	0.706428	0.000000	0.000000	0.293572	0.000000
22	tsk_22	(x)	1	:	0.000000	0.000000	0.139946	0.000000	0.566667	0.293387	0.000000
23	tsk_23	(x)	1	:	0.000000	0.000000	0.000000	0.000000	1.000000	0.000000	0.000000
24	tsk_24	(x)	1	:	0.553893	0.000000	0.000000	0.000000	0.446107	0.000000	0.000000
25	tsk_25	(x)	1	:	0.000000	0.000000	0.217477	0.000000	0.488987	0.293536	0.000000
26	tsk_26	(x)	1	:	0.000000	0.000000	0.236543	0.000000	0.489010	0.274447	0.000000
27	tsk_27	(x)	1	:	0.000000	0.000000	0.618891	0.000000	0.000000	0.381109	0.000000
28	tsk_28	(x)	1	:	0.000000	0.000000	0.414383	0.000000	0.000000	0.585617	0.000000
29	tsk_29	(x)	1	:	0.000000	0.000000	0.236643	0.000000	0.488961	0.274396	0.000000
30	tsk_30	(x)	1	:	0.000000	0.000000	0.130941	0.000000	0.488778	0.380280	0.000000
31	tsk_31	(x)	1	:	0.000000	0.000000	0.618851	0.000000	0.000000	0.381149	0.000000
32	tsk_32	(x)	1	:	0.000000	0.000000	0.000000	0.000000	0.000000	1.000000	0.000000
33	tsk_33	(x)	1	:	0.345657	0.304303	0.044878	0.000000	0.000000	0.000000	0.305162
34	tsk_34	(x)	1	:	0.000000	0.000000	0.695503	0.000000	0.000000	0.000000	0.304497
35	tsk_35	(x)	1	:	0.000000	0.000000	0.314543	0.000000	0.000000	0.380811	0.304646
36	tsk_36	(x)	1	:	0.000000	0.000000	0.314522	0.000000	0.000000	0.380824	0.304654
37	tsk_37	(x)	1	:	0.000000	0.000000	0.000002	0.000000	0.000000	0.999998	0.000000
38	tsk_38	(x)	1	:	0.000000	0.000000	0.619077	0.000000	0.000000	0.380923	0.000000
39	tsk_39	(x)	1	:	0.000000	0.429991	0.189604	0.000000	0.000000	0.380406	0.000000
40	tsk_40	(x)	1	:	0.000000	0.999999	0.000000	0.000001	0.000000	0.000000	0.000000
41	tsk_41	(x)	1	:	0.000000	0.430250	0.276385	0.000000	0.000000	0.293366	0.000000
42	tsk_42	(x)	1	:	0.000000	0.429388	0.082012	0.000000	0.488600	0.000000	0.000000
43	tsk_43	(x)	1	:	0.000000	0.000000	1.000000	0.000000	0.000000	0.000000	0.000000
44	tsk_44	(x)	1	:	0.000000	0.000000	0.510981	0.000000	0.489019	0.000000	0.000000
45	tsk_45	(x)	1	:	0.000000	0.430444	0.569556	0.000000	0.000000	0.000000	0.000000
46	tsk_46	(x)	1	:	0.000000	0.000000	1.000000	0.000000	0.000000	0.000000	0.000000
47	tsk_47	(x)	1	:	0.000000	0.430399	0.569600	0.000000	0.000000	0.000000	0.000000
48	tsk_48	(x)	1	:	0.000000	0.000000	0.511083	0.000000	0.488917	0.000000	0.000000
49	tsk_49	(x)	1	:	0.000000	0.000000	1.000000	0.000000	0.000000	0.000000	0.000000
50	tsk_50	(x)	1	:	0.000000	0.000000	0.511408	0.000000	0.488592	0.000000	0.000000
51	tsk_51	(x)	1	:	0.000001	0.249523	0.000000	0.000000	0.450852	0.299624	0.000000
52	tsk_52	(x)	1	:	0.430765	0.000000	0.000000	0.000000	0.569235	0.000000	0.000000
53	tsk_53	(x)	1	:	0.000000	0.000000	0.000000	0.000000	1.000000	0.000000	0.000000
54	tsk_54	(x)	1	:	0.000000	0.000000	0.401755	0.000000	0.000000	0.293517	0.304728
55	tsk_55	(x)	1	:	0.345132	0.000000	0.350124	0.000000	0.000000	0.000000	0.304744
56	tsk_56	(x)	1	:	0.345159	0.000000	0.418942	0.000000	0.000000	0.000000	0.235898
57	tsk_57	(x)	1	:	0.000000	0.000000	0.511759	0.000000	0.488241	0.000000	0.000000
58	tsk_58	(x)	1	:	0.000000	0.000000	0.206471	0.000000	0.488922	0.000000	0.304606
59	tsk_59	(x)	1	:	0.000000	0.303776	0.079661	0.000000	0.000000	0.380726	0.235837
60	tsk_60	(x)	1	:	0.999999	0.000000	0.000000	0.000001	0.000000	0.000000	0.000000
61	tsk_61	(x)	1	:	0.000000	0.000000	0.000000	0.000000	1.000000	0.000000	0.000000
62	tsk_62	(x)	1	:	0.430765	0.000000	0.000000	0.000000	0.569235	0.000000	0.000000
63	tsk_63	(x)	1	:	0.999999	0.000000	0.000001	0.000000	0.000000	0.000000	0.000000
64	tsk_64	(x)	1	:	0.430765	0.000000	0.000000	0.000000	0.569235	0.000000	0.000000
65	tsk_65	(x)	1	:	0.430765	0.000000	0.000000	0.000000	0.569235	0.000000	0.000000
66	tsk_66	(x)	1	:	0.344811	0.000000	0.274578	0.000000	0.000000	0.380611	0.000000
67	tsk_67	(x)	1	:	0.999999	0.000000	0.000001	0.000000	0.000000	0.000000	0.000000
68	tsk_68	(x)	1	:	0.000000	0.000000	0.000001	0.000000	0.000000	0.999999	0.000000
69	tsk_69	(x)	1	:	0.568999	0.000000	0.431001	0.000000	0.000000	0.000000	0.000000
70	tsk_70	(x)	1	:	0.000000	0.000000	0.706422	0.000000	0.000000	0.293578	0.000000
71	tsk_71	(x)	1	:	0.430765	0.000000	0.000000	0.000000	0.569235	0.000000	0.000000
72	tsk_72	(x)	1	:	0.000000	0.000000	0.706451	0.000000	0.000000	0.293549	0.000000
73	tsk_73	(x)	1	:	0.695894	0.000000	0.304106	0.000000	0.000000	0.000000	0.000000
74	tsk_74	(x)	1	:	0.345113	0.000000	0.361325	0.000000	0.000000	0.293562	0.000000
75	tsk_75	(x)	1	:	0.346033	0.000000	0.653967	0.000000	0.000000	0.000000	0.000000
76	tsk_76	(x)	1	:	0.645217	0.000000	0.354783	0.000000	0.000000	0.000000	0.000000
77	tsk_77	(x)	1	:	0.000000	0.000000	0.511097	0.000000	0.488903	0.000000	0.000000
78	tsk_78	(x)	1	:	0.000000	0.000000	0.383790	0.000000	0.000000	0.616210	0.000000
79	tsk_79	(x)	1	:	0.695891	0.000000	0.304109	0.000000	0.000000	0.000000	0.000000
80	tsk_80	(x)	1	:	0.000000	0.000000	1.000000	0.000000	0.000000	0.000000	0.000000
81	tsk_81	(x)	1	:	0.000000	0.000000	0.000008	0.000000	0.473184	0.000000	0.526807
82	tsk_82	(x)	1	:	0.504039	0.000000	0.000000	0.000000	0.000000	0.000000	0.495960
83	tsk_83	(x)	1	:	0.553893	0.000000	0.000000	0.000000	0.446107	0.000000	0.000000
84	tsk_84	(x)	1	:	0.000000	0.000000	0.511010	0.000000	0.488990	0.000000	0.000000
85	tsk_85	(x)	1	:	0.000000	0.000000	0.000000	0.000000	0.000000	0.000000	1.000000
86	tsk_86	(x)	1	:	0.000000	0.000000	0.618912	0.000000	0.000000	0.381088	0.000000
87	tsk_87	(x)	1	:	0.000000	0.000000	0.061278	0.000000	0.000000	0.380894	0.557829
88	tsk_88	(x)	1	:	0.000000	0.000000	0.000011	0.000000	0.473183	0.000000	0.526806
89	tsk_89	(x)	1	:	0.564874	0.000000	0.058854	0.000000	0.000000	0.376272	0.000000
90	tsk_90	(x)	1	:	0.000000	0.000000	1.000000	0.000000	0.000000	0.000000	0.000000
91	tsk_91	(x)	1	:	0.000000	0.429320	0.082090	0.000000	0.488590	0.000000	0.000000
92	tsk_92	(x)	1	:	0.000000	0.464155	0.000676	0.535168	0.000000	0.000000	0.000000
93	tsk_93	(x)	1	:	0.000000	0.000000	0.433871	0.000000	0.566129	0.000000	0.000000
94	tsk_94	(x)	1	:	0.000000	0.000000	0.000000	0.000000	1.000000	0.000000	0.000000
95	tsk_95	(x)	1	:	0.000000	0.000000	0.511531	0.000000	0.488469	0.000000	0.000000
96	tsk_96	(x)	1	:	0.000000	0.000000	0.618953	0.000000	0.000000	0.381046	0.000000
97	tsk_97	(x)	1	:	0.115578	0.231537	0.000016	0.000024	0.652845	0.000000	0.000000
98	tsk_98	(x)	1	:	0.000000	0.000000	0.000000	0.000000	1.000000	0.000000	0.000000
99	tsk_99	(x)	1	:	0.000000	0.000000	0.433686	0.000000	0.566314	0.000000	0.000000
