logL = -725.547757 (converged)
AIC = 2227.095515
BIC = 3237.901547

count.K
38 23 34 5 

