logL = -1068.267515 (converged)
AIC = 2428.535030
BIC = 2808.889877

count.K
39 61 

