logL = -708.117531 (converged)
AIC = 3676.235061
BIC = 6620.077371

count.K
19 22 1 36 2 5 4 0 7 4 

