logL = -417.661411 (converged)
AIC = 2635.322822
BIC = 4979.975990

count.K
16 1 2 4 0 19 49 9 

