logL = -730.722392 (converged)
AIC = 3673.444784
BIC = 6554.763010

count.K
12 3 5 16 20 3 30 10 1 

