logL = -2228.665406 (converged)
AIC = 4833.330811
BIC = 5323.102806

count.K
41 59 

