logL = -659.419497 (converged)
AIC = 1874.838994
BIC = 2599.076306

count.K
27 44 29 

