logL = -489.029755 (converged)
AIC = 2598.059509
BIC = 4708.247360

count.K
46 6 7 8 6 11 16 

