logL = -616.278709 (converged)
AIC = 2312.557417
BIC = 3719.349318

count.K
7 5 20 39 29 

