logL = -749.671096 (converged)
AIC = 3267.342191
BIC = 5570.312636

count.K
5 21 2 18 12 2 26 14 

