logL = -719.639362 (converged)
AIC = 3615.278724
BIC = 6449.703886

count.K
4 25 25 6 2 5 5 7 21 

