0	tsk_0	(x)	1	:	0.324618	0.072956	0.175183	0.000000	0.000000	0.317591	0.000000	0.000000	0.109653
1	tsk_1	(x)	1	:	0.212019	0.000000	0.428998	0.000000	0.000000	0.000000	0.358982	0.000000	0.000001
2	tsk_2	(x)	1	:	0.112550	0.181861	0.387363	0.000000	0.000000	0.000000	0.000000	0.000000	0.318226
3	tsk_3	(x)	1	:	0.102385	0.000000	0.391074	0.000000	0.000000	0.000000	0.506541	0.000000	0.000000
4	tsk_4	(x)	1	:	0.188248	0.204859	0.311644	0.000000	0.000000	0.000000	0.000000	0.000000	0.295249
5	tsk_5	(x)	1	:	0.141176	0.200678	0.358713	0.000000	0.000000	0.000000	0.000000	0.000000	0.299432
6	tsk_6	(x)	1	:	0.033104	0.026563	0.033671	0.000000	0.000000	0.000000	0.865623	0.000000	0.041039
7	tsk_7	(x)	1	:	0.000000	0.361485	0.000000	0.498118	0.000000	0.000000	0.000000	0.000000	0.140398
8	tsk_8	(x)	1	:	0.000000	0.508943	0.000000	0.000000	0.000000	0.000000	0.358982	0.000000	0.132074
9	tsk_9	(x)	1	:	0.316428	0.000000	0.185361	0.498210	0.000000	0.000000	0.000000	0.000000	0.000000
10	tsk_10	(x)	1	:	0.153529	0.000000	0.348260	0.498210	0.000000	0.000000	0.000000	0.000000	0.000000
11	tsk_11	(x)	1	:	0.311479	0.000000	0.190310	0.498210	0.000000	0.000000	0.000000	0.000000	0.000000
12	tsk_12	(x)	1	:	0.000000	0.337845	0.000000	0.000000	0.569079	0.000000	0.000000	0.000000	0.093076
13	tsk_13	(x)	1	:	0.000000	0.000000	0.000000	1.000000	0.000000	0.000000	0.000000	0.000000	0.000000
14	tsk_14	(x)	1	:	0.000000	0.000000	0.000000	1.000000	0.000000	0.000000	0.000000	0.000000	0.000000
15	tsk_15	(x)	1	:	0.154029	0.000000	0.339430	0.000000	0.000000	0.000000	0.506541	0.000000	0.000000
16	tsk_16	(x)	1	:	0.288007	0.000000	0.711993	0.000000	0.000000	0.000000	0.000000	0.000000	0.000000
17	tsk_17	(x)	1	:	0.000000	0.355009	0.000000	0.000000	0.000000	0.000000	0.506541	0.000000	0.138450
18	tsk_18	(x)	1	:	0.000000	0.335514	0.000000	0.498195	0.000000	0.000000	0.000000	0.000000	0.166292
19	tsk_19	(x)	1	:	0.000000	0.000000	0.000000	1.000000	0.000000	0.000000	0.000000	0.000000	0.000000
20	tsk_20	(x)	1	:	0.000000	0.363731	0.000000	0.000000	0.000000	0.463842	0.000000	0.000000	0.172427
21	tsk_21	(x)	1	:	0.000000	0.758631	0.000000	0.000000	0.000000	0.000000	0.000000	0.000000	0.241369
22	tsk_22	(x)	1	:	0.000000	0.015151	0.000000	0.000000	0.000000	0.464661	0.506525	0.000000	0.013663
23	tsk_23	(x)	1	:	0.000000	0.000001	0.000000	0.000000	0.000000	0.999999	0.000000	0.000000	0.000000
24	tsk_24	(x)	1	:	0.000000	0.728250	0.000000	0.000000	0.000000	0.000000	0.000000	0.000000	0.271750
25	tsk_25	(x)	1	:	0.000000	0.248218	0.000000	0.000000	0.000000	0.000000	0.506541	0.000000	0.245241
26	tsk_26	(x)	1	:	0.000000	0.000000	0.000000	1.000000	0.000000	0.000000	0.000000	0.000000	0.000000
27	tsk_27	(x)	1	:	0.000000	0.000000	0.000000	0.000000	0.000000	0.000000	1.000000	0.000000	0.000000
28	tsk_28	(x)	1	:	0.000000	0.460329	0.000000	0.498160	0.000000	0.000000	0.000000	0.000000	0.041511
29	tsk_29	(x)	1	:	0.000000	0.000000	0.000000	0.494136	0.000000	0.000000	0.505864	0.000000	0.000000
30	tsk_30	(x)	1	:	0.000000	0.000000	0.000000	0.000000	0.000000	0.000000	1.000000	0.000000	0.000000
31	tsk_31	(x)	1	:	0.000000	0.000000	0.000000	0.000000	0.000000	0.000000	1.000000	0.000000	0.000000
32	tsk_32	(x)	1	:	0.000000	0.000000	0.000000	0.000000	0.000000	0.000000	1.000000	0.000000	0.000000
33	tsk_33	(x)	1	:	0.212666	0.000000	0.280793	0.000000	0.000000	0.000000	0.506541	0.000000	0.000000
34	tsk_34	(x)	1	:	0.000000	0.000000	0.000000	0.000000	0.000000	0.000000	1.000000	0.000000	0.000000
35	tsk_35	(x)	1	:	0.152140	0.000000	0.341319	0.000000	0.000000	0.000000	0.506541	0.000000	0.000000
36	tsk_36	(x)	1	:	0.000000	0.000000	0.000000	0.000000	0.000000	0.000000	1.000000	0.000000	0.000000
37	tsk_37	(x)	1	:	0.000000	0.374423	0.000000	0.000000	0.000000	0.000000	0.506541	0.000000	0.119035
38	tsk_38	(x)	1	:	0.223592	0.000000	0.269867	0.000000	0.000000	0.000000	0.506541	0.000000	0.000000
39	tsk_39	(x)	1	:	0.000000	0.022073	0.000000	0.000000	0.000000	0.464500	0.506509	0.000000	0.006918
40	tsk_40	(x)	1	:	0.000000	0.000000	0.000000	0.000000	0.000000	0.000000	1.000000	0.000000	0.000000
41	tsk_41	(x)	1	:	0.333990	0.280375	0.165888	0.000000	0.000000	0.000000	0.000000	0.000000	0.219748
42	tsk_42	(x)	1	:	0.349704	0.000009	0.123400	0.000000	0.526871	0.000000	0.000000	0.000003	0.000012
43	tsk_43	(x)	1	:	0.000000	0.000000	0.000000	0.000000	0.000000	0.000000	1.000000	0.000000	0.000000
44	tsk_44	(x)	1	:	0.143666	0.016667	0.356300	0.000000	0.000000	0.464689	0.000000	0.000000	0.018678
45	tsk_45	(x)	1	:	0.217220	0.156850	0.282718	0.000000	0.000000	0.000000	0.000000	0.000000	0.343212
46	tsk_46	(x)	1	:	0.000000	0.696189	0.000000	0.000000	0.000000	0.000000	0.000000	0.000000	0.303810
47	tsk_47	(x)	1	:	0.406468	0.000000	0.593532	0.000000	0.000000	0.000000	0.000000	0.000000	0.000000
48	tsk_48	(x)	1	:	0.378689	0.000000	0.621311	0.000000	0.000000	0.000000	0.000000	0.000000	0.000000
49	tsk_49	(x)	1	:	0.220654	0.000000	0.779346	0.000000	0.000000	0.000000	0.000000	0.000000	0.000000
50	tsk_50	(x)	1	:	0.393205	0.223381	0.106751	0.000000	0.000000	0.000000	0.000000	0.000000	0.276664
51	tsk_51	(x)	1	:	0.000000	0.867984	0.000000	0.000000	0.000000	0.000000	0.000000	0.000000	0.132015
52	tsk_52	(x)	1	:	0.000000	0.324364	0.000000	0.000000	0.000000	0.462359	0.000000	0.000000	0.213277
53	tsk_53	(x)	1	:	0.341202	0.168239	0.158673	0.000000	0.000000	0.000000	0.000000	0.000000	0.331885
54	tsk_54	(x)	1	:	0.254777	0.217147	0.245118	0.000000	0.000000	0.000000	0.000000	0.000000	0.282957
55	tsk_55	(x)	1	:	0.000000	0.338545	0.000000	0.000000	0.000000	0.462540	0.000000	0.000000	0.198915
56	tsk_56	(x)	1	:	0.000000	0.649755	0.000000	0.000000	0.000000	0.000000	0.000000	0.000000	0.350245
57	tsk_57	(x)	1	:	0.000000	0.842493	0.000000	0.000000	0.000000	0.000000	0.000000	0.000000	0.157507
58	tsk_58	(x)	1	:	0.285113	0.314315	0.214811	0.000000	0.000000	0.000000	0.000000	0.000000	0.185761
59	tsk_59	(x)	1	:	0.000000	0.530423	0.000000	0.000000	0.000000	0.318079	0.000000	0.000000	0.151498
60	tsk_60	(x)	1	:	0.000000	0.406541	0.000000	0.000000	0.000000	0.463634	0.000000	0.000000	0.129825
61	tsk_61	(x)	1	:	0.000000	0.684461	0.000000	0.000000	0.000000	0.000000	0.000000	0.000000	0.315539
62	tsk_62	(x)	1	:	0.000000	0.000141	0.000000	0.000000	0.000000	0.000000	0.000000	0.999842	0.000017
63	tsk_63	(x)	1	:	0.000000	0.785639	0.000000	0.000000	0.000000	0.000000	0.000000	0.000000	0.214361
64	tsk_64	(x)	1	:	0.000000	0.839903	0.000000	0.000000	0.000000	0.000000	0.000000	0.000000	0.160096
65	tsk_65	(x)	1	:	0.000000	0.027280	0.000000	0.498202	0.000000	0.464731	0.000000	0.000000	0.009786
66	tsk_66	(x)	1	:	0.000000	0.683263	0.000000	0.000000	0.000000	0.000000	0.000000	0.000000	0.316737
67	tsk_67	(x)	1	:	0.000000	0.765837	0.000000	0.000000	0.000000	0.000000	0.000000	0.000000	0.234163
68	tsk_68	(x)	1	:	0.000000	0.000173	0.000000	0.000000	0.000000	0.000000	0.000000	0.999809	0.000018
69	tsk_69	(x)	1	:	0.000000	0.763664	0.000000	0.000000	0.000000	0.000000	0.000000	0.000000	0.236335
70	tsk_70	(x)	1	:	0.450278	0.000000	0.549722	0.000000	0.000000	0.000000	0.000000	0.000000	0.000000
71	tsk_71	(x)	1	:	0.310478	0.000001	0.330538	0.000000	0.000000	0.000000	0.358982	0.000000	0.000002
72	tsk_72	(x)	1	:	0.271388	0.000000	0.230402	0.498210	0.000000	0.000000	0.000000	0.000000	0.000000
73	tsk_73	(x)	1	:	0.246184	0.000000	0.239972	0.513843	0.000000	0.000000	0.000000	0.000000	0.000000
74	tsk_74	(x)	1	:	0.481668	0.000000	0.518332	0.000000	0.000000	0.000000	0.000000	0.000000	0.000000
75	tsk_75	(x)	1	:	0.523132	0.000000	0.476868	0.000000	0.000000	0.000000	0.000000	0.000000	0.000000
76	tsk_76	(x)	1	:	0.699044	0.000000	0.300956	0.000000	0.000000	0.000000	0.000000	0.000000	0.000000
77	tsk_77	(x)	1	:	0.136924	0.000000	0.356535	0.000000	0.000000	0.000000	0.506541	0.000000	0.000000
78	tsk_78	(x)	1	:	0.387810	0.000001	0.253207	0.000000	0.000000	0.000000	0.358982	0.000000	0.000001
79	tsk_79	(x)	1	:	0.717215	0.000000	0.282784	0.000000	0.000000	0.000000	0.000000	0.000000	0.000000
80	tsk_80	(x)	1	:	0.215979	0.380861	0.283803	0.000000	0.000000	0.000000	0.000000	0.000000	0.119357
81	tsk_81	(x)	1	:	0.609960	0.000000	0.390040	0.000000	0.000000	0.000000	0.000000	0.000000	0.000000
82	tsk_82	(x)	1	:	0.177609	0.000000	0.315850	0.000000	0.000000	0.000000	0.506541	0.000000	0.000000
83	tsk_83	(x)	1	:	0.340954	0.172524	0.158943	0.000000	0.000000	0.000000	0.000000	0.000000	0.327579
84	tsk_84	(x)	1	:	0.311020	0.000000	0.688980	0.000000	0.000000	0.000000	0.000000	0.000000	0.000000
85	tsk_85	(x)	1	:	0.000000	0.811805	0.000000	0.000000	0.000000	0.000000	0.000000	0.000000	0.188195
86	tsk_86	(x)	1	:	0.481562	0.000000	0.518438	0.000000	0.000000	0.000000	0.000000	0.000000	0.000000
87	tsk_87	(x)	1	:	0.424454	0.000000	0.575546	0.000000	0.000000	0.000000	0.000000	0.000000	0.000000
88	tsk_88	(x)	1	:	0.314777	0.144534	0.185168	0.000000	0.000000	0.000000	0.000000	0.000000	0.355521
89	tsk_89	(x)	1	:	0.515147	0.000000	0.484853	0.000000	0.000000	0.000000	0.000000	0.000000	0.000000
90	tsk_90	(x)	1	:	0.000000	0.000000	0.000000	0.000000	1.000000	0.000000	0.000000	0.000000	0.000000
91	tsk_91	(x)	1	:	0.000000	0.089480	0.000000	0.000000	0.428192	0.460486	0.000000	0.000000	0.021842
92	tsk_92	(x)	1	:	0.000000	0.042678	0.000000	0.000000	0.428272	0.000000	0.506162	0.000000	0.022887
93	tsk_93	(x)	1	:	0.000000	0.000000	0.000000	0.000000	1.000000	0.000000	0.000000	0.000000	0.000000
94	tsk_94	(x)	1	:	0.000000	0.000000	0.000000	0.000000	1.000000	0.000000	0.000000	0.000000	0.000000
95	tsk_95	(x)	1	:	0.000000	0.096185	0.000000	0.000000	0.428886	0.462153	0.000000	0.000000	0.012776
96	tsk_96	(x)	1	:	0.000000	0.018223	0.000000	0.000000	0.426803	0.000000	0.505859	0.000000	0.049115
97	tsk_97	(x)	1	:	0.000000	0.018346	0.000000	0.000000	0.000000	0.464620	0.506521	0.000000	0.010512
98	tsk_98	(x)	1	:	0.000000	0.019213	0.000000	0.000000	0.000000	0.464506	0.506509	0.000000	0.009772
99	tsk_99	(x)	1	:	0.000000	0.000000	0.000000	0.000000	1.000000	0.000000	0.000000	0.000000	0.000000
