0	tsk_0	(x)	1	:	0.000000	0.000000	0.000000	0.000000	0.000000	0.000000	0.000000	0.529887	0.000000	0.470113
1	tsk_1	(x)	1	:	0.000000	0.000000	0.000000	0.000000	0.493252	0.000000	0.506739	0.000009	0.000000	0.000000
2	tsk_2	(x)	1	:	0.000000	0.410160	0.000000	0.000000	0.000002	0.000000	0.000000	0.589838	0.000000	0.000000
3	tsk_3	(x)	1	:	0.000000	0.500581	0.000000	0.000000	0.049329	0.000000	0.000000	0.450089	0.000000	0.000000
4	tsk_4	(x)	1	:	0.563275	0.000000	0.000000	0.000000	0.000000	0.000000	0.000000	0.436725	0.000000	0.000000
5	tsk_5	(x)	1	:	0.407291	0.000000	0.000000	0.000000	0.000000	0.000000	0.000000	0.592709	0.000000	0.000000
6	tsk_6	(x)	1	:	0.000000	0.000000	0.000000	0.000000	0.000000	0.000000	0.000000	1.000000	0.000000	0.000000
7	tsk_7	(x)	1	:	0.472093	0.497546	0.000000	0.000000	0.025454	0.000000	0.000000	0.004907	0.000000	0.000000
8	tsk_8	(x)	1	:	0.000000	0.000000	0.000000	0.000000	0.000000	0.000000	0.000000	0.492648	0.000000	0.507352
9	tsk_9	(x)	1	:	1.000000	0.000000	0.000000	0.000000	0.000000	0.000000	0.000000	0.000000	0.000000	0.000000
10	tsk_10	(x)	1	:	0.000000	0.000000	0.000000	0.000000	1.000000	0.000000	0.000000	0.000000	0.000000	0.000000
11	tsk_11	(x)	1	:	0.472327	0.498601	0.000000	0.000000	0.024069	0.000000	0.000000	0.005003	0.000000	0.000000
12	tsk_12	(x)	1	:	0.000000	0.499966	0.000000	0.000000	0.500034	0.000000	0.000000	0.000000	0.000000	0.000000
13	tsk_13	(x)	1	:	0.000000	0.000000	0.498518	0.000000	0.500845	0.000000	0.000000	0.000637	0.000000	0.000000
14	tsk_14	(x)	1	:	0.000000	0.003199	0.000000	0.000000	0.498404	0.000000	0.000000	0.000000	0.498398	0.000000
15	tsk_15	(x)	1	:	0.486765	0.000000	0.000000	0.000000	0.000000	0.000000	0.000000	0.513235	0.000000	0.000000
16	tsk_16	(x)	1	:	0.000000	0.000000	0.498429	0.000000	0.501571	0.000000	0.000000	0.000000	0.000000	0.000000
17	tsk_17	(x)	1	:	0.472472	0.000000	0.000000	0.000000	0.521622	0.000000	0.000000	0.005906	0.000000	0.000000
18	tsk_18	(x)	1	:	0.000000	0.499607	0.498569	0.000000	0.001781	0.000000	0.000000	0.000044	0.000000	0.000000
19	tsk_19	(x)	1	:	0.537982	0.000000	0.000000	0.000000	0.462017	0.000000	0.000000	0.000001	0.000000	0.000000
20	tsk_20	(x)	1	:	0.471663	0.497295	0.000000	0.000000	0.024771	0.000000	0.000000	0.006271	0.000000	0.000000
21	tsk_21	(x)	1	:	0.000000	0.000000	0.000000	0.000000	0.499860	0.000000	0.000000	0.000158	0.000000	0.499982
22	tsk_22	(x)	1	:	0.000000	0.000000	0.000000	0.000000	0.499840	0.000000	0.000000	0.000181	0.000000	0.499979
23	tsk_23	(x)	1	:	0.000000	0.000000	0.000000	0.000000	0.493249	0.000000	0.506738	0.000013	0.000000	0.000000
24	tsk_24	(x)	1	:	0.000000	0.000000	0.000000	0.000000	0.000000	0.000000	1.000000	0.000000	0.000000	0.000000
25	tsk_25	(x)	1	:	0.000000	0.000000	0.000000	0.000000	1.000000	0.000000	0.000000	0.000000	0.000000	0.000000
26	tsk_26	(x)	1	:	0.000000	0.000000	0.000000	0.000000	0.493245	0.000000	0.506737	0.000018	0.000000	0.000000
27	tsk_27	(x)	1	:	0.000000	0.506283	0.000000	0.000000	0.000041	0.000000	0.493676	0.000000	0.000000	0.000000
28	tsk_28	(x)	1	:	0.000000	0.000000	0.000000	0.000000	1.000000	0.000000	0.000000	0.000000	0.000000	0.000000
29	tsk_29	(x)	1	:	0.000000	0.000000	0.000000	0.000000	1.000000	0.000000	0.000000	0.000000	0.000000	0.000000
30	tsk_30	(x)	1	:	0.000000	0.000000	0.000000	0.000000	1.000000	0.000000	0.000000	0.000000	0.000000	0.000000
31	tsk_31	(x)	1	:	0.000000	0.000000	0.000000	0.000000	1.000000	0.000000	0.000000	0.000000	0.000000	0.000000
32	tsk_32	(x)	1	:	0.000000	0.000000	0.000000	0.000000	1.000000	0.000000	0.000000	0.000000	0.000000	0.000000
33	tsk_33	(x)	1	:	0.000000	0.000000	0.000000	0.000000	1.000000	0.000000	0.000000	0.000000	0.000000	0.000000
34	tsk_34	(x)	1	:	0.000000	0.000000	0.000000	0.000000	1.000000	0.000000	0.000000	0.000000	0.000000	0.000000
35	tsk_35	(x)	1	:	0.000000	0.000000	0.000000	0.000000	1.000000	0.000000	0.000000	0.000000	0.000000	0.000000
36	tsk_36	(x)	1	:	0.000000	0.000000	0.000000	0.000000	1.000000	0.000000	0.000000	0.000000	0.000000	0.000000
37	tsk_37	(x)	1	:	0.000000	0.000000	0.000000	0.000000	1.000000	0.000000	0.000000	0.000000	0.000000	0.000000
38	tsk_38	(x)	1	:	0.000000	0.000000	0.000000	0.000000	1.000000	0.000000	0.000000	0.000000	0.000000	0.000000
39	tsk_39	(x)	1	:	0.000000	0.000000	0.000000	0.000000	1.000000	0.000000	0.000000	0.000000	0.000000	0.000000
40	tsk_40	(x)	1	:	0.000000	0.000000	0.000000	0.000000	0.499892	0.000000	0.000000	0.000122	0.000000	0.499986
41	tsk_41	(x)	1	:	0.000000	0.500000	0.000000	0.000000	0.000000	0.000000	0.000000	0.000000	0.500000	0.000000
42	tsk_42	(x)	1	:	0.000000	0.003011	0.000000	0.000000	0.498501	0.000000	0.000000	0.000000	0.498488	0.000000
43	tsk_43	(x)	1	:	0.000000	1.000000	0.000000	0.000000	0.000000	0.000000	0.000000	0.000000	0.000000	0.000000
44	tsk_44	(x)	1	:	0.000000	0.499977	0.000000	0.000000	0.500023	0.000000	0.000000	0.000000	0.000000	0.000000
45	tsk_45	(x)	1	:	0.000000	0.000000	0.498735	0.000000	0.000001	0.501263	0.000000	0.000001	0.000000	0.000000
46	tsk_46	(x)	1	:	0.000000	0.499979	0.000000	0.000000	0.500021	0.000000	0.000000	0.000000	0.000000	0.000000
47	tsk_47	(x)	1	:	0.486799	0.000000	0.513201	0.000000	0.000000	0.000000	0.000000	0.000000	0.000000	0.000000
48	tsk_48	(x)	1	:	0.000000	0.000000	0.498519	0.000000	0.500834	0.000000	0.000000	0.000646	0.000000	0.000000
49	tsk_49	(x)	1	:	0.471556	0.495920	0.000000	0.000000	0.027147	0.000000	0.000000	0.005376	0.000000	0.000000
50	tsk_50	(x)	1	:	0.000000	0.000000	0.000000	0.000000	0.000000	0.000000	0.000000	0.000000	0.000000	1.000000
51	tsk_51	(x)	1	:	0.000000	0.493387	0.000000	0.000000	0.007419	0.000000	0.000000	0.000013	0.000000	0.499181
52	tsk_52	(x)	1	:	0.472747	0.500315	0.000000	0.000000	0.021921	0.000000	0.000000	0.005017	0.000000	0.000000
53	tsk_53	(x)	1	:	0.000000	0.000174	0.000000	0.000000	0.000147	0.000000	0.000000	0.000002	0.499735	0.499942
54	tsk_54	(x)	1	:	0.000000	1.000000	0.000000	0.000000	0.000000	0.000000	0.000000	0.000000	0.000000	0.000000
55	tsk_55	(x)	1	:	0.482527	0.000000	0.000000	0.000000	0.000000	0.000000	0.000000	0.000000	0.000000	0.517473
56	tsk_56	(x)	1	:	0.000000	0.000000	0.000000	0.000000	0.000000	0.000000	0.000000	0.000000	0.000000	1.000000
57	tsk_57	(x)	1	:	0.472470	0.498827	0.000000	0.000000	0.024037	0.000000	0.000000	0.004666	0.000000	0.000000
58	tsk_58	(x)	1	:	0.000000	1.000000	0.000000	0.000000	0.000000	0.000000	0.000000	0.000000	0.000000	0.000000
59	tsk_59	(x)	1	:	0.482519	0.000000	0.000000	0.000000	0.000000	0.000000	0.000001	0.000000	0.000000	0.517481
60	tsk_60	(x)	1	:	0.482528	0.000000	0.000000	0.000000	0.000000	0.000000	0.000000	0.000000	0.000000	0.517472
61	tsk_61	(x)	1	:	0.537126	0.000000	0.000000	0.000000	0.462869	0.000000	0.000000	0.000005	0.000000	0.000000
62	tsk_62	(x)	1	:	1.000000	0.000000	0.000000	0.000000	0.000000	0.000000	0.000000	0.000000	0.000000	0.000000
63	tsk_63	(x)	1	:	0.472094	0.000000	0.000000	0.000000	0.520449	0.000000	0.000000	0.007457	0.000000	0.000000
64	tsk_64	(x)	1	:	1.000000	0.000000	0.000000	0.000000	0.000000	0.000000	0.000000	0.000000	0.000000	0.000000
65	tsk_65	(x)	1	:	0.482270	0.000000	0.000000	0.000000	0.000000	0.000000	0.000000	0.517730	0.000000	0.000000
66	tsk_66	(x)	1	:	0.000000	0.499897	0.000000	0.000000	0.500103	0.000000	0.000000	0.000000	0.000000	0.000000
67	tsk_67	(x)	1	:	0.471927	0.000000	0.000000	0.000000	0.519957	0.000000	0.000000	0.008115	0.000000	0.000000
68	tsk_68	(x)	1	:	0.530213	0.468906	0.000000	0.000000	0.000881	0.000000	0.000000	0.000000	0.000000	0.000000
69	tsk_69	(x)	1	:	1.000000	0.000000	0.000000	0.000000	0.000000	0.000000	0.000000	0.000000	0.000000	0.000000
70	tsk_70	(x)	1	:	0.000000	0.000000	0.502452	0.496825	0.000663	0.000000	0.000000	0.000060	0.000000	0.000000
71	tsk_71	(x)	1	:	0.000000	0.000000	0.000000	0.454562	0.545438	0.000000	0.000000	0.000000	0.000000	0.000000
72	tsk_72	(x)	1	:	0.000000	0.000000	0.000000	0.454496	0.545504	0.000000	0.000000	0.000000	0.000000	0.000000
73	tsk_73	(x)	1	:	0.000000	0.000000	0.498474	0.000000	0.501044	0.000000	0.000000	0.000482	0.000000	0.000000
74	tsk_74	(x)	1	:	0.000000	0.000000	0.498526	0.000000	0.500868	0.000000	0.000000	0.000606	0.000000	0.000000
75	tsk_75	(x)	1	:	0.000000	0.000000	0.000000	0.454600	0.545400	0.000000	0.000000	0.000000	0.000000	0.000000
76	tsk_76	(x)	1	:	0.000000	0.000000	0.494103	0.000000	0.000000	0.000000	0.505897	0.000000	0.000000	0.000000
77	tsk_77	(x)	1	:	0.000000	0.000000	0.502517	0.497483	0.000000	0.000000	0.000000	0.000000	0.000000	0.000000
78	tsk_78	(x)	1	:	0.000000	0.000000	0.000000	0.000000	1.000000	0.000000	0.000000	0.000000	0.000000	0.000000
79	tsk_79	(x)	1	:	0.000000	0.000000	0.498465	0.000000	0.501362	0.000000	0.000000	0.000173	0.000000	0.000000
80	tsk_80	(x)	1	:	0.000000	0.499967	0.000000	0.000000	0.500033	0.000000	0.000000	0.000000	0.000000	0.000000
81	tsk_81	(x)	1	:	0.000000	0.000000	0.000000	0.469152	0.069523	0.000000	0.000000	0.461324	0.000000	0.000000
82	tsk_82	(x)	1	:	0.000000	0.500578	0.000000	0.000000	0.049337	0.000000	0.000000	0.450086	0.000000	0.000000
83	tsk_83	(x)	1	:	0.482303	0.000000	0.000000	0.000000	0.000000	0.000000	0.000000	0.517697	0.000000	0.000000
84	tsk_84	(x)	1	:	0.000000	0.000000	0.000000	0.000000	0.000000	0.000000	0.000000	1.000000	0.000000	0.000000
85	tsk_85	(x)	1	:	0.000000	0.500559	0.498677	0.000000	0.000752	0.000000	0.000000	0.000012	0.000000	0.000000
86	tsk_86	(x)	1	:	0.000000	0.000000	0.000000	0.000000	0.000000	0.000000	0.000000	1.000000	0.000000	0.000000
87	tsk_87	(x)	1	:	0.000000	0.000000	1.000000	0.000000	0.000000	0.000000	0.000000	0.000000	0.000000	0.000000
88	tsk_88	(x)	1	:	0.000000	0.499932	0.000000	0.000000	0.500068	0.000000	0.000000	0.000000	0.000000	0.000000
89	tsk_89	(x)	1	:	0.000000	0.000000	1.000000	0.000000	0.000000	0.000000	0.000000	0.000000	0.000000	0.000000
90	tsk_90	(x)	1	:	0.486793	0.000000	0.513206	0.000000	0.000000	0.000000	0.000000	0.000000	0.000000	0.000000
91	tsk_91	(x)	1	:	0.000000	0.000000	0.498619	0.000000	0.000000	0.000000	0.000000	0.000000	0.000000	0.501381
92	tsk_92	(x)	1	:	0.000000	0.000000	0.504882	0.000000	0.000000	0.000000	0.000000	0.495118	0.000000	0.000000
93	tsk_93	(x)	1	:	0.000000	0.000000	0.000000	0.000000	0.000000	0.000000	0.000000	0.000000	0.000000	1.000000
94	tsk_94	(x)	1	:	0.000000	0.000000	0.000000	0.349108	0.200738	0.000000	0.000000	0.450154	0.000000	0.000000
95	tsk_95	(x)	1	:	0.000000	0.000000	0.000000	0.000000	0.000000	0.000000	0.000000	0.492648	0.000000	0.507352
96	tsk_96	(x)	1	:	0.563275	0.000000	0.000000	0.000000	0.000000	0.000000	0.000000	0.436725	0.000000	0.000000
97	tsk_97	(x)	1	:	0.526281	0.000000	0.000000	0.000000	0.000000	0.000000	0.000000	0.000000	0.000000	0.473719
98	tsk_98	(x)	1	:	0.000000	0.000000	0.498619	0.000000	0.000000	0.000000	0.000000	0.000000	0.000000	0.501381
99	tsk_99	(x)	1	:	0.000000	0.000000	0.000000	0.510227	0.000000	0.000000	0.000000	0.000000	0.000000	0.489773
