logL = -698.745928 (converged)
AIC = 2975.491856
BIC = 5030.971132

count.K
13 10 12 17 2 26 20 

