logL = -562.954476 (converged)
AIC = 2925.908952
BIC = 5270.562120

count.K
19 13 0 13 21 7 20 7 

