logL = -502.984385 (converged)
AIC = 3305.968771
BIC = 6301.914484

count.K
15 29 8 4 12 9 1 2 8 12 

