logL = -644.547399 (converged)
AIC = 3509.094798
BIC = 6400.833704

count.K
4 4 8 23 37 2 13 7 0 2 

