logL = -718.655416 (converged)
AIC = 3015.310831
BIC = 5070.790108

count.K
10 7 4 2 49 10 18 

