logL = -1569.062449 (converged)
AIC = 3490.124898
BIC = 3948.634851

count.K
39 61 

