logL = -312.661809 (converged)
AIC = 2313.323617
BIC = 4512.087254

count.K
13 2 12 2 6 26 35 4 

