logL = -313.736685 (converged)
AIC = 2079.473369
BIC = 3970.826924

count.K
11 5 5 24 12 37 6 

