logL = -428.086174 (converged)
AIC = 1600.172347
BIC = 2569.295656

count.K
7 38 16 39 

