logL = -615.759850 (converged)
AIC = 3335.519699
BIC = 6076.158735

count.K
8 29 3 9 9 12 7 16 7 

