logL = -834.587562 (converged)
AIC = 2219.175125
BIC = 2935.596926

count.K
68 26 6 

