logL = -684.581210 (converged)
AIC = 2449.162420
BIC = 3855.954320

count.K
40 20 8 19 13 

