logL = -1037.500356 (converged)
AIC = 2679.000712
BIC = 3465.762108

count.K
58 21 21 

