logL = -743.628059 (converged)
AIC = 2517.256118
BIC = 3858.918764

count.K
15 24 20 17 24 

