logL = -613.639207 (converged)
AIC = 1747.278414
BIC = 2424.622662

count.K
28 12 60 

