logL = -711.331963 (converged)
AIC = 3350.663926
BIC = 5862.047985

count.K
13 20 5 13 15 21 2 11 

