logL = -576.892259 (converged)
AIC = 3041.784518
BIC = 5501.065174

count.K
26 3 6 0 15 25 18 2 5 

