0	tsk_0	(x)	1	:	0.000000	0.210194	0.000000	0.000000	0.000000	0.000000	0.289806	0.500000	0.000000	0.000000
1	tsk_1	(x)	1	:	0.000000	0.177430	0.000000	0.000000	0.000000	0.000000	0.322570	0.500000	0.000000	0.000000
2	tsk_2	(x)	1	:	0.000000	0.332059	0.000000	0.000000	0.000000	0.000824	0.159998	0.000082	0.000000	0.507037
3	tsk_3	(x)	1	:	0.000000	0.326338	0.000000	0.000000	0.000000	0.000000	0.173663	0.500000	0.000000	0.000000
4	tsk_4	(x)	1	:	0.000000	0.610468	0.000000	0.000000	0.000000	0.000000	0.389531	0.000000	0.000000	0.000000
5	tsk_5	(x)	1	:	0.000000	0.042975	0.325680	0.000000	0.000000	0.000000	0.130824	0.002868	0.497652	0.000000
6	tsk_6	(x)	1	:	0.000000	0.000000	0.000000	0.000000	0.000000	0.000000	0.000000	0.500000	0.500000	0.000000
7	tsk_7	(x)	1	:	0.000000	0.612043	0.000000	0.000000	0.000000	0.000000	0.387957	0.000000	0.000000	0.000000
8	tsk_8	(x)	1	:	0.000000	0.203087	0.000000	0.000000	0.000000	0.000000	0.296914	0.500000	0.000000	0.000000
9	tsk_9	(x)	1	:	0.000000	0.770254	0.000000	0.000000	0.000000	0.000000	0.229746	0.000000	0.000000	0.000000
10	tsk_10	(x)	1	:	0.543644	0.000000	0.000000	0.000000	0.000000	0.000000	0.000000	0.040409	0.000000	0.415947
11	tsk_11	(x)	1	:	0.000000	0.691083	0.000000	0.308917	0.000000	0.000000	0.000000	0.000000	0.000000	0.000000
12	tsk_12	(x)	1	:	0.000000	0.702367	0.000000	0.000000	0.000000	0.000000	0.297633	0.000000	0.000000	0.000000
13	tsk_13	(x)	1	:	0.000000	0.000000	0.000000	0.416220	0.000000	0.111960	0.000000	0.165962	0.000000	0.305858
14	tsk_14	(x)	1	:	0.000000	0.000000	0.000000	0.000000	0.000000	0.000000	0.000000	0.000000	0.000000	1.000000
15	tsk_15	(x)	1	:	0.000000	0.754415	0.000000	0.000000	0.000000	0.000000	0.245585	0.000000	0.000000	0.000000
16	tsk_16	(x)	1	:	0.000000	0.000000	0.000000	0.000000	0.000000	0.000000	0.000000	0.591184	0.000000	0.408816
17	tsk_17	(x)	1	:	0.000000	0.000000	0.000000	1.000000	0.000000	0.000000	0.000000	0.000000	0.000000	0.000000
18	tsk_18	(x)	1	:	0.000000	0.420499	0.000000	0.308917	0.000000	0.000000	0.270583	0.000000	0.000000	0.000000
19	tsk_19	(x)	1	:	0.000000	0.000000	0.000000	0.000000	0.000000	0.500308	0.000000	0.499692	0.000000	0.000000
20	tsk_20	(x)	1	:	0.000000	0.751187	0.000000	0.000000	0.000000	0.000000	0.248813	0.000000	0.000000	0.000000
21	tsk_21	(x)	1	:	0.000000	0.704530	0.000000	0.000000	0.000000	0.000000	0.295470	0.000000	0.000000	0.000000
22	tsk_22	(x)	1	:	0.000000	0.214141	0.000000	0.000000	0.000000	0.000000	0.285283	0.003178	0.497398	0.000000
23	tsk_23	(x)	1	:	0.000000	0.000000	0.000000	0.000000	0.000000	0.500308	0.000000	0.499692	0.000000	0.000000
24	tsk_24	(x)	1	:	0.000000	0.866277	0.000000	0.000000	0.000000	0.000000	0.133722	0.000000	0.000000	0.000000
25	tsk_25	(x)	1	:	0.000000	0.665636	0.000000	0.000000	0.000000	0.000000	0.334363	0.000000	0.000000	0.000000
26	tsk_26	(x)	1	:	0.000000	0.197514	0.000000	0.000000	0.000000	0.000000	0.302161	0.001792	0.498534	0.000000
27	tsk_27	(x)	1	:	0.000000	0.524552	0.000000	0.000000	0.000000	0.000000	0.475448	0.000000	0.000000	0.000000
28	tsk_28	(x)	1	:	0.000000	0.313340	0.000000	0.000000	0.000000	0.000000	0.186660	0.500000	0.000000	0.000000
29	tsk_29	(x)	1	:	0.000000	0.142861	0.000000	0.000000	0.000000	0.000000	0.356951	0.001033	0.499154	0.000000
30	tsk_30	(x)	1	:	0.000000	0.111335	0.000000	0.000000	0.000000	0.000000	0.381370	0.000054	0.000000	0.507241
31	tsk_31	(x)	1	:	0.000000	0.000000	0.000000	0.510186	0.000000	0.000000	0.000000	0.489814	0.000000	0.000000
32	tsk_32	(x)	1	:	0.000000	0.000000	0.000000	0.000000	0.000000	0.000000	0.000000	0.500000	0.500000	0.000000
33	tsk_33	(x)	1	:	0.000000	0.000000	0.000000	0.508423	0.000000	0.000000	0.000000	0.001008	0.490568	0.000000
34	tsk_34	(x)	1	:	0.000000	0.000000	0.000000	0.000000	0.000000	0.000000	0.000000	0.474999	0.000000	0.525001
35	tsk_35	(x)	1	:	0.000000	0.000000	0.000000	0.000000	0.000000	0.000000	0.000000	1.000000	0.000000	0.000000
36	tsk_36	(x)	1	:	0.000000	0.000000	0.000000	0.000000	0.000000	0.000000	0.000000	0.500000	0.500000	0.000000
37	tsk_37	(x)	1	:	0.000000	0.000000	0.000000	0.000000	0.000000	0.000000	0.000000	0.000000	1.000000	0.000000
38	tsk_38	(x)	1	:	0.000000	0.000000	0.000000	0.000000	0.000000	0.500308	0.000000	0.499692	0.000000	0.000000
39	tsk_39	(x)	1	:	0.000000	0.000000	0.000000	0.000000	0.000000	0.000000	0.000000	1.000000	0.000000	0.000000
40	tsk_40	(x)	1	:	0.000000	0.000000	0.000000	0.000000	0.000000	0.000000	0.000000	0.000000	0.000000	1.000000
41	tsk_41	(x)	1	:	0.000000	0.573948	0.000000	0.236448	0.000000	0.000000	0.189604	0.000000	0.000000	0.000000
42	tsk_42	(x)	1	:	0.000000	0.107852	0.000000	0.000000	0.000000	0.000000	0.392148	0.500000	0.000000	0.000000
43	tsk_43	(x)	1	:	0.000000	0.337495	0.000000	0.000000	0.000000	0.000617	0.154719	0.000075	0.000000	0.507095
44	tsk_44	(x)	1	:	0.000000	0.344500	0.000000	0.000000	0.000000	0.000000	0.655500	0.000000	0.000000	0.000000
45	tsk_45	(x)	1	:	0.000000	0.853155	0.000000	0.000000	0.000000	0.000000	0.146845	0.000000	0.000000	0.000000
46	tsk_46	(x)	1	:	0.000000	0.000000	0.000000	0.000000	0.000000	0.000000	0.000000	0.000000	0.000000	1.000000
47	tsk_47	(x)	1	:	0.250246	0.000000	0.000000	0.000000	0.000000	0.000000	0.000000	0.249628	0.500126	0.000000
48	tsk_48	(x)	1	:	0.000000	0.186710	0.000000	0.000000	0.000000	0.000000	0.313290	0.000000	0.500000	0.000000
49	tsk_49	(x)	1	:	0.166277	0.132246	0.000000	0.000000	0.000000	0.000000	0.335726	0.000000	0.365751	0.000000
50	tsk_50	(x)	1	:	0.000000	0.000000	0.000000	0.000000	0.000000	0.000000	0.000000	0.500000	0.500000	0.000000
51	tsk_51	(x)	1	:	0.000000	0.000000	0.000000	0.000000	0.000000	0.000000	0.000000	0.000000	1.000000	0.000000
52	tsk_52	(x)	1	:	0.000000	0.000000	0.000000	0.000000	0.000000	0.000000	0.000000	0.091164	0.500013	0.408823
53	tsk_53	(x)	1	:	0.000000	0.000000	0.000000	0.000000	0.000000	0.000000	0.000000	1.000000	0.000000	0.000000
54	tsk_54	(x)	1	:	0.000000	0.000000	0.000000	0.000000	0.000000	0.000000	0.000000	1.000000	0.000000	0.000000
55	tsk_55	(x)	1	:	0.000000	0.000000	0.000000	0.000000	0.000000	0.000000	0.000000	0.000000	1.000000	0.000000
56	tsk_56	(x)	1	:	0.000000	0.129209	0.000000	0.308915	0.000000	0.000000	0.061877	0.499999	0.000000	0.000000
57	tsk_57	(x)	1	:	0.000000	0.000000	0.000000	0.000000	0.000000	0.000000	0.000000	0.500000	0.500000	0.000000
58	tsk_58	(x)	1	:	0.000000	0.000000	0.000000	0.214711	0.000000	0.309180	0.000000	0.355051	0.000000	0.121058
59	tsk_59	(x)	1	:	0.000000	0.000000	0.000000	0.000000	0.000000	0.000000	0.000000	0.500000	0.500000	0.000000
60	tsk_60	(x)	1	:	0.000000	0.200017	0.000000	0.000000	0.000000	0.000000	0.799983	0.000000	0.000000	0.000000
61	tsk_61	(x)	1	:	0.000000	0.000386	0.000000	0.000000	0.995957	0.000000	0.003657	0.000000	0.000000	0.000000
62	tsk_62	(x)	1	:	0.000000	0.001125	0.447041	0.551150	0.000000	0.000000	0.000683	0.000000	0.000000	0.000000
63	tsk_63	(x)	1	:	0.000000	0.340973	0.000000	0.000000	0.000000	0.000414	0.151398	0.000070	0.000000	0.507145
64	tsk_64	(x)	1	:	0.000000	0.312933	0.473496	0.000000	0.000000	0.000000	0.213571	0.000000	0.000000	0.000000
65	tsk_65	(x)	1	:	0.000000	0.000000	1.000000	0.000000	0.000000	0.000000	0.000000	0.000000	0.000000	0.000000
66	tsk_66	(x)	1	:	0.000000	0.001074	0.447062	0.551164	0.000000	0.000000	0.000699	0.000000	0.000000	0.000000
67	tsk_67	(x)	1	:	0.000000	0.000000	1.000000	0.000000	0.000000	0.000000	0.000000	0.000000	0.000000	0.000000
68	tsk_68	(x)	1	:	0.000000	0.206640	0.000000	0.568339	0.000000	0.000000	0.225021	0.000000	0.000000	0.000000
69	tsk_69	(x)	1	:	0.000000	0.000000	1.000000	0.000000	0.000000	0.000000	0.000000	0.000000	0.000000	0.000000
70	tsk_70	(x)	1	:	0.000000	0.617587	0.000000	0.000000	0.000000	0.000000	0.382412	0.000000	0.000000	0.000000
71	tsk_71	(x)	1	:	0.000000	0.365832	0.000000	0.000000	0.000000	0.000000	0.126861	0.000057	0.000000	0.507249
72	tsk_72	(x)	1	:	0.000000	0.000000	0.000000	0.000000	0.000000	0.500308	0.000000	0.499692	0.000000	0.000000
73	tsk_73	(x)	1	:	0.000000	0.563755	0.000000	0.000000	0.000000	0.000000	0.436245	0.000000	0.000000	0.000000
74	tsk_74	(x)	1	:	0.000000	0.000000	0.000000	0.000000	0.000000	0.500308	0.000000	0.499692	0.000000	0.000000
75	tsk_75	(x)	1	:	0.000000	0.424386	0.000000	0.000000	0.000000	0.000756	0.067726	0.000079	0.000000	0.507053
76	tsk_76	(x)	1	:	0.000000	0.000000	0.000000	0.000000	0.000000	0.500308	0.000000	0.499692	0.000000	0.000000
77	tsk_77	(x)	1	:	0.000000	0.257273	0.000000	0.000000	0.000000	0.000000	0.235426	0.000057	0.000000	0.507245
78	tsk_78	(x)	1	:	0.000000	0.710032	0.000000	0.000000	0.000000	0.000000	0.289968	0.000000	0.000000	0.000000
79	tsk_79	(x)	1	:	0.000000	0.000000	0.000000	0.000000	0.000000	0.000000	0.000000	0.000237	0.483643	0.516120
80	tsk_80	(x)	1	:	0.000000	0.662822	0.000000	0.000000	0.000000	0.000000	0.337178	0.000000	0.000000	0.000000
81	tsk_81	(x)	1	:	0.000000	0.000000	0.000000	0.000000	0.000000	0.000000	0.000000	0.500000	0.500000	0.000000
82	tsk_82	(x)	1	:	0.308642	0.179658	0.000000	0.000000	0.000000	0.000000	0.320317	0.191384	0.000000	0.000000
83	tsk_83	(x)	1	:	0.000000	0.000000	0.000000	0.000000	0.000000	0.000000	0.000000	0.474999	0.000000	0.525001
84	tsk_84	(x)	1	:	0.308652	0.314948	0.000000	0.000000	0.000000	0.000000	0.185030	0.191370	0.000000	0.000000
85	tsk_85	(x)	1	:	0.000000	0.226474	0.000000	0.000000	0.000000	0.000808	0.265611	0.000074	0.000000	0.507033
86	tsk_86	(x)	1	:	0.511358	0.000000	0.000000	0.000000	0.000000	0.000000	0.000000	0.000230	0.488412	0.000000
87	tsk_87	(x)	1	:	0.308220	0.000000	0.000000	0.000000	0.000000	0.000000	0.000000	0.192194	0.499586	0.000000
88	tsk_88	(x)	1	:	0.000000	0.189697	0.000000	0.000000	0.000000	0.000000	0.309912	0.002153	0.498237	0.000000
89	tsk_89	(x)	1	:	0.000000	0.000000	0.000000	0.000000	0.000000	0.000000	0.000000	0.000174	0.483684	0.516142
90	tsk_90	(x)	1	:	0.000000	0.000000	0.000000	0.000000	0.000000	0.000000	0.000000	0.000000	1.000000	0.000000
91	tsk_91	(x)	1	:	0.000000	0.000000	0.000000	0.000000	0.000000	0.000000	0.000000	0.000000	0.483798	0.516202
92	tsk_92	(x)	1	:	0.000000	0.112408	0.000000	0.000000	0.000000	0.000000	0.387059	0.002941	0.497592	0.000000
93	tsk_93	(x)	1	:	0.000000	0.000000	0.000000	0.000000	0.000000	0.000000	0.000000	0.000000	1.000000	0.000000
94	tsk_94	(x)	1	:	0.000000	0.326347	0.000000	0.000000	0.000000	0.000000	0.173279	0.002061	0.498313	0.000000
95	tsk_95	(x)	1	:	0.000000	0.000000	0.000000	0.000000	0.000000	0.000000	0.000000	0.000000	0.000000	1.000000
96	tsk_96	(x)	1	:	0.000000	0.143735	0.000000	0.000000	0.000000	0.000000	0.355991	0.001506	0.498768	0.000000
97	tsk_97	(x)	1	:	0.000000	0.000000	0.000000	0.000000	0.000000	0.000000	0.000000	0.000000	1.000000	0.000000
98	tsk_98	(x)	1	:	0.000000	0.167909	0.000000	0.000000	0.000000	0.000000	0.331406	0.003777	0.496907	0.000000
99	tsk_99	(x)	1	:	0.000000	0.000000	0.000000	0.000000	0.000000	0.000000	0.000000	0.000000	1.000000	0.000000
