logL = -214.520941 (converged)
AIC = 1867.041881
BIC = 3740.159245

count.K
7 65 5 3 5 8 7 

