logL = -407.615718 (converged)
AIC = 3115.231436
BIC = 6111.177150

count.K
0 3 6 4 1 42 5 6 31 2 

