logL = -707.622206 (converged)
AIC = 2247.244412
BIC = 3330.995209

count.K
16 46 10 28 

