logL = -461.091436 (converged)
AIC = 2430.182872
BIC = 4394.481192

count.K
13 8 19 14 12 2 32 

