logL = -968.907370 (converged)
AIC = 2245.814741
BIC = 2647.010949

count.K
27 73 

