logL = -926.769939 (converged)
AIC = 4353.539878
BIC = 7610.002610

count.K
6 11 3 18 13 6 18 10 3 12 

