logL = -1141.347611 (converged)
AIC = 2630.695222
BIC = 3083.994834

count.K
73 27 

