logL = -1453.764803 (converged)
AIC = 3251.529605
BIC = 3699.618877

count.K
66 34 

