logL = -854.792037 (converged)
AIC = 2829.584073
BIC = 4288.479377

count.K
24 23 11 27 15 

