0	tsk_0	(x)	1	:	0.000000	0.219843	0.000000	0.000000	0.000000	0.389710	0.000016	0.000000	0.000000	0.390431
1	tsk_1	(x)	1	:	0.000000	0.222901	0.000000	0.333336	0.000000	0.265774	0.000009	0.000000	0.000000	0.177980
2	tsk_2	(x)	1	:	0.000000	0.307656	0.000000	0.000000	0.000000	0.364010	0.000014	0.000000	0.000000	0.328319
3	tsk_3	(x)	1	:	0.000000	0.435510	0.000000	0.000000	0.000000	0.257038	0.000010	0.000000	0.000000	0.307441
4	tsk_4	(x)	1	:	0.000000	0.345693	0.000000	0.000000	0.000000	0.409455	0.000010	0.000000	0.000000	0.244842
5	tsk_5	(x)	1	:	0.000000	0.345564	0.000000	0.000000	0.000000	0.409541	0.000010	0.000000	0.000000	0.244885
6	tsk_6	(x)	1	:	0.000000	0.023938	0.000000	0.000000	0.499967	0.041569	0.000004	0.318314	0.000000	0.116209
7	tsk_7	(x)	1	:	0.000000	0.527835	0.000000	0.000000	0.000000	0.248052	0.000013	0.000000	0.000000	0.224100
8	tsk_8	(x)	1	:	0.000000	0.159924	0.000000	0.000000	0.000000	0.380717	0.000033	0.000000	0.000000	0.459325
9	tsk_9	(x)	1	:	0.000000	0.385661	0.000000	0.000000	0.000000	0.341654	0.000002	0.000000	0.000000	0.272682
10	tsk_10	(x)	1	:	0.000000	0.100660	0.000000	0.000000	0.000000	0.119456	0.000004	0.447794	0.000000	0.332085
11	tsk_11	(x)	1	:	0.000000	0.316968	0.000000	0.000000	0.000000	0.000000	0.000030	0.000000	0.000000	0.683002
12	tsk_12	(x)	1	:	0.000000	0.129802	0.000000	0.000000	0.000000	0.154005	0.000005	0.447828	0.000000	0.268360
13	tsk_13	(x)	1	:	0.000000	0.236384	0.000000	0.000000	0.000000	0.373514	0.000002	0.000000	0.000000	0.390100
14	tsk_14	(x)	1	:	0.000000	0.516137	0.000000	0.000000	0.000000	0.303106	0.000028	0.000000	0.000000	0.180730
15	tsk_15	(x)	1	:	0.000000	0.018881	0.000000	0.000000	0.500000	0.100283	0.000007	0.000000	0.000000	0.380828
16	tsk_16	(x)	1	:	0.000000	0.355801	0.000000	0.000000	0.000000	0.138916	0.000000	0.000000	0.000000	0.505283
17	tsk_17	(x)	1	:	0.000000	0.680995	0.000000	0.000000	0.000000	0.199890	0.000008	0.000000	0.000000	0.119107
18	tsk_18	(x)	1	:	0.000000	0.065501	0.000000	0.000000	0.500000	0.163415	0.000005	0.000000	0.000000	0.271079
19	tsk_19	(x)	1	:	0.000000	0.002415	0.000000	0.000000	0.502424	0.004651	0.000000	0.465152	0.000000	0.025357
20	tsk_20	(x)	1	:	0.000000	0.223322	0.000000	0.000000	0.000000	0.618273	0.000009	0.000000	0.000000	0.158396
21	tsk_21	(x)	1	:	0.000000	0.435714	0.000000	0.000000	0.000000	0.254341	0.000015	0.000000	0.000000	0.309930
22	tsk_22	(x)	1	:	0.000000	0.232457	0.000000	0.000000	0.000000	0.108971	0.000004	0.447707	0.000000	0.210861
23	tsk_23	(x)	1	:	0.000000	0.459407	0.000000	0.000000	0.000000	0.216323	0.000008	0.000000	0.000000	0.324261
24	tsk_24	(x)	1	:	0.000000	0.221929	0.000000	0.000000	0.000000	0.209891	0.000004	0.447701	0.000000	0.120475
25	tsk_25	(x)	1	:	0.000000	0.277726	0.000000	0.000000	0.000000	0.656883	0.000014	0.000000	0.000000	0.065376
26	tsk_26	(x)	1	:	0.000000	0.156620	0.000000	0.000000	0.000000	0.062013	0.000004	0.447880	0.000000	0.333483
27	tsk_27	(x)	1	:	0.000000	0.235745	0.000000	0.000000	0.000000	0.653640	0.000004	0.000000	0.000000	0.110611
28	tsk_28	(x)	1	:	0.000000	0.303103	0.000000	0.000000	0.000000	0.101366	0.000004	0.447870	0.000000	0.147657
29	tsk_29	(x)	1	:	0.000000	0.089360	0.000000	0.000000	0.000000	0.106016	0.000004	0.447746	0.000000	0.356874
30	tsk_30	(x)	1	:	0.000000	0.404683	0.000000	0.000000	0.000000	0.479855	0.000005	0.000000	0.000000	0.115456
31	tsk_31	(x)	1	:	0.000000	0.133392	0.000000	0.000000	0.000000	0.077866	0.000004	0.447695	0.000000	0.341043
32	tsk_32	(x)	1	:	0.000000	0.286324	0.000000	0.000000	0.000000	0.509822	0.000014	0.000000	0.000000	0.203840
33	tsk_33	(x)	1	:	0.000000	0.271702	0.000000	0.487321	0.000000	0.117203	0.000002	0.000000	0.000000	0.123772
34	tsk_34	(x)	1	:	0.000000	0.049764	0.000000	0.000000	0.500000	0.042286	0.000002	0.000000	0.000000	0.407948
35	tsk_35	(x)	1	:	0.000000	0.250022	0.000000	0.000000	0.000000	0.395342	0.000002	0.000000	0.000000	0.354634
36	tsk_36	(x)	1	:	0.000000	0.257759	0.000000	0.487325	0.000000	0.153745	0.000011	0.000000	0.000000	0.101160
37	tsk_37	(x)	1	:	0.000000	0.233729	0.000000	0.487322	0.000000	0.197117	0.000004	0.000000	0.000000	0.081827
38	tsk_38	(x)	1	:	0.000000	0.405281	0.000000	0.000000	0.000000	0.479422	0.000009	0.000000	0.000000	0.115288
39	tsk_39	(x)	1	:	0.000000	0.105724	0.000000	0.000000	0.000000	0.125506	0.000004	0.448041	0.000000	0.320724
40	tsk_40	(x)	1	:	0.000000	0.297531	0.000000	0.487321	0.000000	0.114167	0.000002	0.000000	0.000000	0.100979
41	tsk_41	(x)	1	:	0.000000	0.000000	0.000000	0.000000	0.500001	0.112673	0.000010	0.000000	0.000000	0.387317
42	tsk_42	(x)	1	:	0.000000	0.186835	0.000000	0.487322	0.000000	0.225114	0.000003	0.000000	0.000000	0.100726
43	tsk_43	(x)	1	:	0.000000	0.000000	0.000000	1.000000	0.000000	0.000000	0.000000	0.000000	0.000000	0.000000
44	tsk_44	(x)	1	:	0.000000	0.447163	0.000000	0.000000	0.000000	0.395437	0.000016	0.000000	0.000000	0.157384
45	tsk_45	(x)	1	:	0.000000	0.000000	0.000000	1.000000	0.000000	0.000000	0.000000	0.000000	0.000000	0.000000
46	tsk_46	(x)	1	:	0.000000	0.373112	0.000000	0.487322	0.000000	0.083965	0.000003	0.000000	0.000000	0.055598
47	tsk_47	(x)	1	:	0.000000	0.000000	0.000000	0.000000	0.000000	0.690422	0.000009	0.000000	0.000000	0.309569
48	tsk_48	(x)	1	:	0.000000	0.055270	0.000000	0.000000	0.500000	0.078053	0.000000	0.000000	0.000000	0.366677
49	tsk_49	(x)	1	:	0.000000	0.327034	0.000000	0.487322	0.000000	0.098220	0.000003	0.000000	0.000000	0.087423
50	tsk_50	(x)	1	:	0.000000	0.000000	0.000000	0.349049	0.456449	0.000000	0.000000	0.194502	0.000000	0.000000
51	tsk_51	(x)	1	:	0.000000	0.055255	0.000000	0.000000	0.500000	0.055669	0.000003	0.000000	0.000000	0.389074
52	tsk_52	(x)	1	:	0.000000	0.006436	0.000000	0.487533	0.500063	0.005968	0.000000	0.000000	0.000000	0.000000
53	tsk_53	(x)	1	:	0.000000	0.043114	0.000000	0.486847	0.000000	0.470039	0.000000	0.000000	0.000000	0.000000
54	tsk_54	(x)	1	:	0.000000	0.000184	0.999431	0.000005	0.000000	0.000243	0.000000	0.000000	0.000000	0.000137
55	tsk_55	(x)	1	:	0.000000	0.337888	0.000000	0.000000	0.000000	0.265551	0.000025	0.000000	0.000000	0.396536
56	tsk_56	(x)	1	:	0.000000	0.000000	0.000000	1.000000	0.000000	0.000000	0.000000	0.000000	0.000000	0.000000
57	tsk_57	(x)	1	:	0.000000	0.290368	0.000000	0.000000	0.000000	0.228673	0.000011	0.000000	0.000000	0.480947
58	tsk_58	(x)	1	:	0.000000	0.066538	0.000000	0.000000	0.500001	0.085144	0.000008	0.000000	0.000000	0.348309
59	tsk_59	(x)	1	:	0.000000	0.225092	0.000000	0.000000	0.000000	0.535151	0.000007	0.000000	0.000000	0.239750
60	tsk_60	(x)	1	:	0.000000	0.360208	0.000000	0.000000	0.000000	0.319082	0.000010	0.000000	0.000000	0.320699
61	tsk_61	(x)	1	:	0.000000	0.230848	0.000000	0.000000	0.000000	0.689895	0.000024	0.000000	0.000000	0.079233
62	tsk_62	(x)	1	:	0.000000	0.488976	0.000000	0.000000	0.000000	0.413236	0.000002	0.000000	0.000000	0.097786
63	tsk_63	(x)	1	:	0.000000	0.025360	0.000000	0.000000	0.500001	0.127002	0.000015	0.000000	0.000000	0.347622
64	tsk_64	(x)	1	:	0.000000	0.165955	0.000000	0.000000	0.000000	0.596258	0.000021	0.000000	0.000000	0.237767
65	tsk_65	(x)	1	:	0.000000	0.680533	0.000000	0.000000	0.000000	0.113435	0.000003	0.000000	0.000000	0.206029
66	tsk_66	(x)	1	:	1.000000	0.000000	0.000000	0.000000	0.000000	0.000000	0.000000	0.000000	0.000000	0.000000
67	tsk_67	(x)	1	:	0.000000	0.377127	0.000000	0.000000	0.000000	0.222276	0.000011	0.000000	0.000000	0.400586
68	tsk_68	(x)	1	:	0.000000	0.413872	0.000000	0.000000	0.000000	0.366440	0.000009	0.000000	0.000000	0.219678
69	tsk_69	(x)	1	:	0.000000	0.405934	0.000000	0.000000	0.000000	0.480249	0.000009	0.000000	0.000000	0.113808
70	tsk_70	(x)	1	:	0.000000	0.000000	0.000000	0.000000	1.000000	0.000000	0.000000	0.000000	0.000000	0.000000
71	tsk_71	(x)	1	:	0.000000	0.000000	0.000000	0.000000	1.000000	0.000000	0.000000	0.000000	0.000000	0.000000
72	tsk_72	(x)	1	:	0.000000	0.001491	0.000000	0.487376	0.500019	0.001421	0.000000	0.000000	0.000000	0.009692
73	tsk_73	(x)	1	:	0.000000	0.003707	0.000000	0.487377	0.500020	0.001073	0.000000	0.000000	0.000000	0.007823
74	tsk_74	(x)	1	:	0.000000	0.000000	0.000000	0.000000	1.000000	0.000000	0.000000	0.000000	0.000000	0.000000
75	tsk_75	(x)	1	:	0.000000	0.198165	0.000000	0.000000	0.000000	0.590097	0.000009	0.000000	0.000000	0.211729
76	tsk_76	(x)	1	:	0.000005	0.039921	0.000000	0.000000	0.428573	0.087225	0.000020	0.000000	0.000000	0.444256
77	tsk_77	(x)	1	:	0.000000	0.000000	0.000000	0.000000	1.000000	0.000000	0.000000	0.000000	0.000000	0.000000
78	tsk_78	(x)	1	:	0.000000	0.000000	0.000000	0.000000	1.000000	0.000000	0.000000	0.000000	0.000000	0.000000
79	tsk_79	(x)	1	:	0.000000	0.000000	0.000000	0.000000	1.000000	0.000000	0.000000	0.000000	0.000000	0.000000
80	tsk_80	(x)	1	:	0.000000	0.307642	0.000000	0.000000	0.000000	0.363970	0.000023	0.000000	0.000000	0.328365
81	tsk_81	(x)	1	:	0.000000	0.148745	0.000000	0.000000	0.500000	0.038239	0.000006	0.000000	0.000000	0.313010
82	tsk_82	(x)	1	:	0.000000	0.296423	0.000000	0.000000	0.000000	0.351136	0.000009	0.000000	0.000000	0.352432
83	tsk_83	(x)	1	:	0.000000	0.617753	0.000000	0.000000	0.000000	0.239691	0.000020	0.000000	0.000000	0.142536
84	tsk_84	(x)	1	:	0.000000	0.236111	0.000000	0.000000	0.000000	0.652413	0.000009	0.000000	0.000000	0.111466
85	tsk_85	(x)	1	:	0.000000	0.014534	0.000000	0.000000	0.000000	0.012794	0.000000	0.000000	0.967708	0.004964
86	tsk_86	(x)	1	:	0.000000	0.290893	0.000000	0.000000	0.000000	0.228759	0.000014	0.000000	0.000000	0.480334
87	tsk_87	(x)	1	:	0.000000	0.102217	0.000000	0.000000	0.000000	0.607787	0.000009	0.000000	0.000000	0.289986
88	tsk_88	(x)	1	:	0.000000	0.014699	0.000000	0.000000	0.000000	0.008549	0.000000	0.000000	0.966660	0.010091
89	tsk_89	(x)	1	:	0.000000	0.014627	0.000000	0.000000	0.000000	0.013696	0.000000	0.000000	0.965718	0.005960
90	tsk_90	(x)	1	:	0.000000	0.122604	0.000000	0.000000	0.000000	0.145778	0.619838	0.000000	0.000000	0.111781
91	tsk_91	(x)	1	:	0.000000	0.000246	0.000000	0.000000	0.000000	0.000000	0.999754	0.000000	0.000000	0.000000
92	tsk_92	(x)	1	:	0.000000	0.345901	0.000000	0.000000	0.000000	0.409153	0.000008	0.000000	0.000000	0.244938
93	tsk_93	(x)	1	:	0.000000	0.002311	0.000000	0.487333	0.500007	0.003288	0.000000	0.000000	0.000000	0.007062
94	tsk_94	(x)	1	:	0.000000	0.154416	0.000000	0.000000	0.000000	0.146684	0.620157	0.000000	0.000000	0.078744
95	tsk_95	(x)	1	:	0.000000	0.495631	0.000000	0.000000	0.000000	0.389552	0.000016	0.000000	0.000000	0.114801
96	tsk_96	(x)	1	:	0.000000	0.056317	0.000000	0.000000	0.500001	0.074057	0.000009	0.000000	0.000000	0.369617
97	tsk_97	(x)	1	:	0.000000	0.449748	0.000000	0.000000	0.000000	0.104762	0.000008	0.000000	0.000000	0.445482
98	tsk_98	(x)	1	:	0.000000	0.338134	0.000000	0.487324	0.000000	0.121074	0.000010	0.000000	0.000000	0.053458
99	tsk_99	(x)	1	:	0.000000	0.063358	0.000000	0.000000	0.500001	0.121510	0.000020	0.000000	0.000000	0.315110
