logL = -913.659796 (converged)
AIC = 2401.319593
BIC = 3149.003436

count.K
31 39 30 

