logL = -840.901614 (converged)
AIC = 2537.803228
BIC = 3652.816068

count.K
30 3 24 43 

