logL = -928.083621 (converged)
AIC = 2418.167243
BIC = 3150.220065

count.K
50 4 46 

