logL = -622.668673 (converged)
AIC = 2879.337346
BIC = 5007.761388

count.K
14 24 16 15 11 4 16 

