logL = -698.095417 (converged)
AIC = 3464.190833
BIC = 6157.936805

count.K
1 0 35 3 5 12 38 2 4 

