logL = -782.279696 (converged)
AIC = 2888.559391
BIC = 4613.182054

count.K
8 21 11 39 18 3 

