logL = -834.927144 (converged)
AIC = 1933.854287
BIC = 2277.736752

count.K
62 38 

