logL = -357.418812 (converged)
AIC = 2764.837625
BIC = 5435.137065

count.K
3 5 13 14 42 1 5 10 7 

