logL = -723.082853 (converged)
AIC = 3568.165705
BIC = 6332.251272

count.K
19 6 10 24 8 2 10 1 20 

