logL = -206.563917 (converged)
AIC = 1323.127834
BIC = 2508.480269

count.K
6 15 10 17 52 

