logL = -1076.786950 (converged)
AIC = 2453.573900
BIC = 2844.349428

count.K
37 63 

