logL = -977.536326 (converged)
AIC = 2255.072653
BIC = 2645.848181

count.K
32 68 

