logL = -389.661578 (converged)
AIC = 2919.323155
BIC = 5706.855254

count.K
9 35 2 4 1 19 5 18 5 2 

