logL = -540.619094 (converged)
AIC = 3341.238188
BIC = 6285.080499

count.K
1 15 5 8 0 49 14 1 4 3 

