logL = -421.586620 (converged)
AIC = 3023.173239
BIC = 5862.808742

count.K
2 0 0 4 22 24 13 4 19 12 

