logL = -768.965988 (converged)
AIC = 3101.931975
BIC = 5139.175061

count.K
32 2 10 6 32 17 1 

