logL = -442.216030 (converged)
AIC = 2588.432060
BIC = 4808.037058

count.K
7 0 10 9 13 27 19 15 

