logL = -621.830185 (converged)
AIC = 3603.660371
BIC = 6677.761190

count.K
0 2 1 13 16 13 5 34 10 6 

