logL = -902.031018 (converged)
AIC = 2556.062036
BIC = 3535.606026

count.K
22 29 28 21 

