logL = -763.518013 (converged)
AIC = 2311.036026
BIC = 3332.262739

count.K
39 17 19 25 

