logL = -753.049350 (converged)
AIC = 3726.098699
BIC = 6617.837606

count.K
12 1 0 2 27 17 14 3 22 2 

