logL = -602.227286 (converged)
AIC = 1730.454572
BIC = 2415.614331

count.K
36 58 6 

