logL = -670.131584 (converged)
AIC = 4038.263167
BIC = 7552.637748

count.K
5 63 6 1 2 5 10 4 4 

