logL = -439.145725 (converged)
AIC = 2130.291450
BIC = 3761.127986

count.K
3 16 10 32 38 1 

