logL = -772.917594 (converged)
AIC = 2329.835188
BIC = 3351.061900

count.K
20 23 41 16 

