logL = -362.156690 (converged)
AIC = 2884.313380
BIC = 5697.897181

count.K
9 5 15 3 20 18 4 2 16 8 

