logL = -591.869541 (converged)
AIC = 2483.739081
BIC = 4177.099702

count.K
7 17 27 18 15 16 

