logL = -568.414466 (converged)
AIC = 3516.828932
BIC = 6616.981453

count.K
2 2 3 3 21 13 14 15 17 10 

