logL = -811.828474 (converged)
AIC = 2763.656949
BIC = 4248.603955

count.K
30 4 22 15 29 

