logL = -1041.475513 (converged)
AIC = 3828.951026
BIC = 6103.264599

count.K
19 28 17 6 13 9 8 

