logL = -841.530527 (converged)
AIC = 2269.061054
BIC = 3032.375919

count.K
28 27 45 

