0	tsk_0	(x)	1	:	0.855630	0.000000	0.000000	0.000000	0.000000	0.000000	0.144370	0.000000	0.000000	0.000000
1	tsk_1	(x)	1	:	0.505655	0.000002	0.000000	0.000000	0.494309	0.000000	0.000024	0.000000	0.000010	0.000000
2	tsk_2	(x)	1	:	0.487041	0.000000	0.000000	0.000000	0.000000	0.512956	0.000003	0.000000	0.000000	0.000000
3	tsk_3	(x)	1	:	0.000000	0.000002	0.000000	0.500002	0.499969	0.000000	0.000000	0.000000	0.000027	0.000000
4	tsk_4	(x)	1	:	0.419306	0.000000	0.000000	0.000000	0.000000	0.472004	0.108690	0.000000	0.000000	0.000000
5	tsk_5	(x)	1	:	0.855623	0.000000	0.000000	0.000000	0.000000	0.000000	0.144377	0.000000	0.000000	0.000000
6	tsk_6	(x)	1	:	0.420928	0.000000	0.000000	0.501160	0.000000	0.000000	0.077911	0.000000	0.000000	0.000000
7	tsk_7	(x)	1	:	0.420324	0.000000	0.000000	0.501093	0.000000	0.000000	0.078583	0.000000	0.000000	0.000000
8	tsk_8	(x)	1	:	1.000000	0.000000	0.000000	0.000000	0.000000	0.000000	0.000000	0.000000	0.000000	0.000000
9	tsk_9	(x)	1	:	0.504364	0.000000	0.000000	0.495629	0.000000	0.000000	0.000007	0.000000	0.000000	0.000000
10	tsk_10	(x)	1	:	0.420339	0.000003	0.000000	0.000000	0.501443	0.000000	0.078200	0.000000	0.000016	0.000000
11	tsk_11	(x)	1	:	0.000000	0.000000	0.000000	0.000000	0.001251	0.000000	0.000000	0.000000	0.998749	0.000000
12	tsk_12	(x)	1	:	0.000000	0.000000	0.000000	0.480819	0.000000	0.519181	0.000000	0.000000	0.000000	0.000000
13	tsk_13	(x)	1	:	0.000000	0.000001	0.000000	0.000000	0.999968	0.000000	0.000000	0.000000	0.000031	0.000000
14	tsk_14	(x)	1	:	0.000000	0.000002	0.000000	0.000000	0.999979	0.000000	0.000000	0.000000	0.000018	0.000000
15	tsk_15	(x)	1	:	0.000000	0.000002	0.000000	0.000000	0.999969	0.000000	0.000000	0.000000	0.000029	0.000000
16	tsk_16	(x)	1	:	0.000000	0.000004	0.000000	0.000000	0.999987	0.000000	0.000000	0.000000	0.000009	0.000000
17	tsk_17	(x)	1	:	0.000000	0.000003	0.000000	0.000000	0.999957	0.000000	0.000000	0.000000	0.000040	0.000000
18	tsk_18	(x)	1	:	0.000000	0.000004	0.000000	0.000000	0.999905	0.000000	0.000000	0.000000	0.000091	0.000000
19	tsk_19	(x)	1	:	0.505664	0.000003	0.000000	0.000000	0.494319	0.000000	0.000013	0.000000	0.000001	0.000000
20	tsk_20	(x)	1	:	0.000000	0.000003	0.000000	0.000000	0.501206	0.000000	0.498786	0.000000	0.000005	0.000000
21	tsk_21	(x)	1	:	0.000000	0.000000	0.000000	1.000000	0.000000	0.000000	0.000000	0.000000	0.000000	0.000000
22	tsk_22	(x)	1	:	0.000000	0.000000	0.000000	1.000000	0.000000	0.000000	0.000000	0.000000	0.000000	0.000000
23	tsk_23	(x)	1	:	0.000000	0.000000	0.000000	0.500911	0.000000	0.000000	0.499089	0.000000	0.000000	0.000000
24	tsk_24	(x)	1	:	0.000000	0.000001	0.000000	0.500001	0.499986	0.000000	0.000000	0.000000	0.000012	0.000000
25	tsk_25	(x)	1	:	0.000000	0.500950	0.000000	0.000000	0.000078	0.000000	0.498971	0.000000	0.000000	0.000000
26	tsk_26	(x)	1	:	0.000000	0.000000	0.000000	1.000000	0.000000	0.000000	0.000000	0.000000	0.000000	0.000000
27	tsk_27	(x)	1	:	0.000000	0.000000	0.000000	0.500911	0.000000	0.000000	0.499089	0.000000	0.000000	0.000000
28	tsk_28	(x)	1	:	0.000000	0.000000	0.000000	1.000000	0.000000	0.000000	0.000000	0.000000	0.000000	0.000000
29	tsk_29	(x)	1	:	0.000000	0.000000	0.000000	0.500911	0.000000	0.000000	0.499089	0.000000	0.000000	0.000000
30	tsk_30	(x)	1	:	0.000000	0.000001	0.000000	0.000000	0.462085	0.000000	0.537904	0.000000	0.000010	0.000000
31	tsk_31	(x)	1	:	0.569447	0.000000	0.000000	0.000000	0.000000	0.000000	0.430553	0.000000	0.000000	0.000000
32	tsk_32	(x)	1	:	0.569447	0.000000	0.000000	0.000000	0.000000	0.000000	0.430552	0.000000	0.000000	0.000000
33	tsk_33	(x)	1	:	0.569448	0.000000	0.000000	0.000000	0.000000	0.000000	0.430552	0.000000	0.000000	0.000000
34	tsk_34	(x)	1	:	0.000000	0.000000	0.000000	0.000000	0.000000	0.000000	1.000000	0.000000	0.000000	0.000000
35	tsk_35	(x)	1	:	0.569448	0.000000	0.000000	0.000000	0.000000	0.000000	0.430552	0.000000	0.000000	0.000000
36	tsk_36	(x)	1	:	1.000000	0.000000	0.000000	0.000000	0.000000	0.000000	0.000000	0.000000	0.000000	0.000000
37	tsk_37	(x)	1	:	0.487041	0.000000	0.000000	0.000000	0.000000	0.512956	0.000003	0.000000	0.000000	0.000000
38	tsk_38	(x)	1	:	0.000000	0.000000	0.000000	0.000000	0.000000	0.000000	1.000000	0.000000	0.000000	0.000000
39	tsk_39	(x)	1	:	0.503225	0.000000	0.000000	0.001733	0.000000	0.000000	0.000006	0.000000	0.000000	0.495037
40	tsk_40	(x)	1	:	0.000000	0.000000	0.000000	0.480819	0.000000	0.519181	0.000000	0.000000	0.000000	0.000000
41	tsk_41	(x)	1	:	0.000000	0.000000	0.000000	0.500911	0.000000	0.000000	0.499089	0.000000	0.000000	0.000000
42	tsk_42	(x)	1	:	0.569448	0.000000	0.000000	0.000000	0.000000	0.000000	0.430552	0.000000	0.000000	0.000000
43	tsk_43	(x)	1	:	0.487041	0.000000	0.000000	0.000000	0.000000	0.512956	0.000003	0.000000	0.000000	0.000000
44	tsk_44	(x)	1	:	0.000000	0.000000	0.000000	0.500911	0.000000	0.000000	0.499089	0.000000	0.000000	0.000000
45	tsk_45	(x)	1	:	0.000000	0.000000	0.214235	0.000000	0.501245	0.000000	0.284520	0.000000	0.000000	0.000000
46	tsk_46	(x)	1	:	0.000000	0.000000	0.000000	0.500911	0.000000	0.000000	0.499089	0.000000	0.000000	0.000000
47	tsk_47	(x)	1	:	0.000000	0.000000	0.000000	0.500911	0.000000	0.000000	0.499089	0.000000	0.000000	0.000000
48	tsk_48	(x)	1	:	0.000000	0.000002	0.000000	0.000000	0.999969	0.000000	0.000000	0.000000	0.000029	0.000000
49	tsk_49	(x)	1	:	0.000000	0.000001	0.000000	0.500001	0.499974	0.000000	0.000000	0.000000	0.000023	0.000000
50	tsk_50	(x)	1	:	0.000000	0.000001	0.000000	0.004711	0.498777	0.000000	0.000000	0.000000	0.000050	0.496462
51	tsk_51	(x)	1	:	0.000000	0.000001	0.000000	0.000000	0.999961	0.000000	0.000000	0.000000	0.000038	0.000000
52	tsk_52	(x)	1	:	0.000000	0.000000	0.461389	0.000000	0.000000	0.000000	0.538611	0.000000	0.000000	0.000000
53	tsk_53	(x)	1	:	0.000000	0.000002	0.214223	0.000000	0.501231	0.000000	0.284539	0.000000	0.000004	0.000000
54	tsk_54	(x)	1	:	0.000000	0.000001	0.000000	0.000000	0.999988	0.000000	0.000000	0.000000	0.000011	0.000000
55	tsk_55	(x)	1	:	0.000000	0.000001	0.000000	0.000000	0.999986	0.000000	0.000000	0.000000	0.000013	0.000000
56	tsk_56	(x)	1	:	0.000000	0.000004	0.000000	0.000000	0.999973	0.000000	0.000000	0.000000	0.000024	0.000000
57	tsk_57	(x)	1	:	0.000000	0.000002	0.000000	0.000000	0.999967	0.000000	0.000000	0.000000	0.000031	0.000000
58	tsk_58	(x)	1	:	0.000000	0.000003	0.000000	0.000000	0.999961	0.000000	0.000000	0.000000	0.000036	0.000000
59	tsk_59	(x)	1	:	0.000000	0.000000	0.214250	0.500847	0.000000	0.000000	0.284903	0.000000	0.000000	0.000000
60	tsk_60	(x)	1	:	0.000000	0.000001	0.000000	0.000000	0.501161	0.000000	0.498788	0.000000	0.000049	0.000000
61	tsk_61	(x)	1	:	0.000000	0.000003	0.000000	0.000000	0.501209	0.000000	0.498786	0.000000	0.000002	0.000000
62	tsk_62	(x)	1	:	0.000000	0.000003	0.000000	0.000000	0.501197	0.000000	0.498787	0.000000	0.000013	0.000000
63	tsk_63	(x)	1	:	0.000000	0.000000	0.384039	0.000000	0.501725	0.000000	0.114235	0.000000	0.000000	0.000000
64	tsk_64	(x)	1	:	0.569448	0.000000	0.000000	0.000000	0.000000	0.000000	0.430552	0.000000	0.000000	0.000000
65	tsk_65	(x)	1	:	0.000000	0.000000	0.000000	0.000000	0.000000	0.000000	1.000000	0.000000	0.000000	0.000000
66	tsk_66	(x)	1	:	0.000000	0.000001	0.114914	0.000000	0.884817	0.000000	0.000000	0.000000	0.000269	0.000000
67	tsk_67	(x)	1	:	0.000000	0.000003	0.000000	0.000000	0.501208	0.000000	0.498786	0.000000	0.000002	0.000000
68	tsk_68	(x)	1	:	0.000000	0.000000	0.000000	0.000000	0.000000	0.000000	1.000000	0.000000	0.000000	0.000000
69	tsk_69	(x)	1	:	0.000000	0.000001	0.384039	0.000000	0.501118	0.000000	0.114719	0.000000	0.000122	0.000000
70	tsk_70	(x)	1	:	0.000000	0.000003	0.000000	0.000000	0.540187	0.459787	0.000000	0.000000	0.000022	0.000000
71	tsk_71	(x)	1	:	0.000000	0.000000	0.000000	0.000000	0.000000	0.471932	0.528068	0.000000	0.000000	0.000000
72	tsk_72	(x)	1	:	0.504358	0.000000	0.000000	0.495629	0.000000	0.000000	0.000013	0.000000	0.000000	0.000000
73	tsk_73	(x)	1	:	0.000000	0.000000	0.000000	0.529076	0.000000	0.470924	0.000000	0.000000	0.000000	0.000000
74	tsk_74	(x)	1	:	0.000000	0.500983	0.000000	0.000000	0.000041	0.000000	0.498976	0.000000	0.000000	0.000000
75	tsk_75	(x)	1	:	0.000000	0.000000	0.000000	0.500911	0.000000	0.000000	0.499089	0.000000	0.000000	0.000000
76	tsk_76	(x)	1	:	0.000000	0.000000	0.000000	0.000000	0.000000	1.000000	0.000000	0.000000	0.000000	0.000000
77	tsk_77	(x)	1	:	0.485899	0.000000	0.000000	0.000000	0.000000	0.000000	0.000002	0.000000	0.514099	0.000000
78	tsk_78	(x)	1	:	0.000000	0.000000	0.000000	0.529076	0.000000	0.470924	0.000000	0.000000	0.000000	0.000000
79	tsk_79	(x)	1	:	0.000000	0.000000	0.000000	0.000000	0.000000	1.000000	0.000000	0.000000	0.000000	0.000000
80	tsk_80	(x)	1	:	0.000000	0.000003	0.000000	0.000000	0.999967	0.000000	0.000000	0.000000	0.000030	0.000000
81	tsk_81	(x)	1	:	0.000000	0.000001	0.000000	0.000000	0.499981	0.000000	0.000000	0.500000	0.000017	0.000000
82	tsk_82	(x)	1	:	0.000000	0.000000	0.000000	0.000000	0.000000	0.000000	0.000000	1.000000	0.000000	0.000000
83	tsk_83	(x)	1	:	0.000000	0.000000	0.000000	0.003185	0.000000	0.000000	0.000000	0.499423	0.000000	0.497392
84	tsk_84	(x)	1	:	0.000000	0.000001	0.000000	0.000000	0.499983	0.000000	0.000000	0.500000	0.000015	0.000000
85	tsk_85	(x)	1	:	0.000000	0.000002	0.000000	0.000000	0.499941	0.000000	0.000000	0.500002	0.000055	0.000000
86	tsk_86	(x)	1	:	0.000000	0.000001	0.000000	0.004756	0.498790	0.000000	0.000000	0.000000	0.000025	0.496428
87	tsk_87	(x)	1	:	0.000000	0.000001	0.000000	0.004684	0.498820	0.000000	0.000000	0.000000	0.000013	0.496482
88	tsk_88	(x)	1	:	0.000000	0.000002	0.000000	0.004591	0.498854	0.000000	0.000000	0.000000	0.000004	0.496549
89	tsk_89	(x)	1	:	0.000000	0.000001	0.000000	0.004499	0.498839	0.000000	0.000000	0.000000	0.000040	0.496621
90	tsk_90	(x)	1	:	0.000000	0.000000	0.000000	0.000000	0.000000	1.000000	0.000000	0.000000	0.000000	0.000000
91	tsk_91	(x)	1	:	0.000000	0.000003	0.000000	0.000000	0.473923	0.526067	0.000000	0.000000	0.000007	0.000000
92	tsk_92	(x)	1	:	0.000000	0.000000	0.000000	0.500000	0.000000	0.000000	0.000000	0.000000	0.000000	0.500000
93	tsk_93	(x)	1	:	0.000000	0.000000	0.000000	0.000000	0.000000	1.000000	0.000000	0.000000	0.000000	0.000000
94	tsk_94	(x)	1	:	0.487041	0.000000	0.000000	0.000000	0.000000	0.512956	0.000003	0.000000	0.000000	0.000000
95	tsk_95	(x)	1	:	0.000000	0.000002	0.000000	0.004463	0.498872	0.000000	0.000000	0.000000	0.000017	0.496646
96	tsk_96	(x)	1	:	0.000000	0.000001	0.000000	0.500001	0.499975	0.000000	0.000000	0.000000	0.000022	0.000000
97	tsk_97	(x)	1	:	0.000000	0.000003	0.000000	0.000000	0.473918	0.526067	0.000000	0.000000	0.000012	0.000000
98	tsk_98	(x)	1	:	0.000000	0.000003	0.000000	0.000000	0.473923	0.526067	0.000000	0.000000	0.000007	0.000000
99	tsk_99	(x)	1	:	0.000000	0.000002	0.000000	0.000000	0.473915	0.526067	0.000000	0.000000	0.000016	0.000000
