logL = -1090.084861 (converged)
AIC = 4140.169722
BIC = 6693.236504

count.K
37 8 7 1 17 1 0 29 

