logL = -361.989801 (converged)
AIC = 2647.979603
BIC = 5154.153322

count.K
8 4 10 45 0 19 5 5 4 

