logL = -611.866713 (converged)
AIC = 2745.733425
BIC = 4728.267937

count.K
27 12 4 4 30 18 5 

