logL = -646.436223 (converged)
AIC = 3692.872446
BIC = 6819.076669

count.K
1 8 20 0 25 8 6 11 12 9 

