logL = -1679.533464 (converged)
AIC = 3691.066927
BIC = 4123.525178

count.K
49 51 

