logL = -772.452945 (converged)
AIC = 2892.905889
BIC = 4648.790594

count.K
16 29 21 13 6 15 

