0	tsk_0	(x)	1	:	0.000000	0.000000	0.000000	0.149904	0.029488	0.000000	0.000000	0.683848	0.136760
1	tsk_1	(x)	1	:	0.000000	0.000000	0.000000	0.002183	0.213253	0.012739	0.488260	0.000000	0.283566
2	tsk_2	(x)	1	:	0.000000	0.000000	0.000000	0.000000	0.000000	0.000000	0.000000	0.000000	1.000000
3	tsk_3	(x)	1	:	0.000000	0.000000	0.000000	0.000000	0.404969	0.000000	0.000000	0.508799	0.086232
4	tsk_4	(x)	1	:	0.000000	0.000000	0.000000	0.000000	0.321568	0.000000	0.000000	0.508799	0.169634
5	tsk_5	(x)	1	:	0.000000	0.000000	0.000000	0.000000	0.236420	0.000000	0.000000	0.508799	0.254781
6	tsk_6	(x)	1	:	0.000000	0.000000	0.000000	0.149880	0.036094	0.000000	0.000000	0.683859	0.130167
7	tsk_7	(x)	1	:	0.000000	0.000000	0.000000	0.000000	0.000000	0.000897	0.490492	0.508610	0.000000
8	tsk_8	(x)	1	:	0.000000	0.000000	0.000000	0.000000	0.369453	0.000000	0.000000	0.508799	0.121749
9	tsk_9	(x)	1	:	0.000000	0.000000	0.000000	0.002267	0.105341	0.012664	0.488280	0.000000	0.391447
10	tsk_10	(x)	1	:	1.000000	0.000000	0.000000	0.000000	0.000000	0.000000	0.000000	0.000000	0.000000
11	tsk_11	(x)	1	:	0.500000	0.000000	0.000000	0.500000	0.000000	0.000000	0.000000	0.000000	0.000000
12	tsk_12	(x)	1	:	0.000000	0.000000	0.000000	0.494311	0.000000	0.017199	0.488490	0.000000	0.000000
13	tsk_13	(x)	1	:	0.000000	0.000000	0.000000	0.494418	0.000000	0.016874	0.488708	0.000000	0.000000
14	tsk_14	(x)	1	:	0.497045	0.000000	0.000000	0.000331	0.000000	0.013969	0.488655	0.000000	0.000000
15	tsk_15	(x)	1	:	0.500000	0.000000	0.000000	0.500000	0.000000	0.000000	0.000000	0.000000	0.000000
16	tsk_16	(x)	1	:	0.000000	0.000000	0.000000	0.500000	0.162580	0.000000	0.000000	0.000000	0.337420
17	tsk_17	(x)	1	:	0.000000	0.000000	0.000000	0.494437	0.000000	0.016816	0.488747	0.000000	0.000000
18	tsk_18	(x)	1	:	0.498820	0.000000	0.000000	0.001966	0.000000	0.000000	0.499214	0.000000	0.000000
19	tsk_19	(x)	1	:	1.000000	0.000000	0.000000	0.000000	0.000000	0.000000	0.000000	0.000000	0.000000
20	tsk_20	(x)	1	:	0.496742	0.000000	0.000000	0.000636	0.000000	0.014587	0.488035	0.000000	0.000000
21	tsk_21	(x)	1	:	0.000000	0.000000	0.000000	0.494626	0.000000	0.016240	0.489134	0.000000	0.000000
22	tsk_22	(x)	1	:	0.000000	0.000000	0.000000	1.000000	0.000000	0.000000	0.000000	0.000000	0.000000
23	tsk_23	(x)	1	:	0.032688	0.465177	0.000000	0.004146	0.000000	0.497989	0.000000	0.000000	0.000000
24	tsk_24	(x)	1	:	0.000000	0.000000	0.000000	0.000000	0.000000	0.000000	1.000000	0.000000	0.000000
25	tsk_25	(x)	1	:	0.000000	0.000000	0.000000	1.000000	0.000000	0.000000	0.000000	0.000000	0.000000
26	tsk_26	(x)	1	:	0.000000	0.000000	0.000000	0.000000	0.000000	0.000000	1.000000	0.000000	0.000000
27	tsk_27	(x)	1	:	0.000000	0.000000	0.000000	0.000000	0.000000	0.000000	1.000000	0.000000	0.000000
28	tsk_28	(x)	1	:	0.000000	0.000000	0.000000	0.000000	0.000000	0.000000	1.000000	0.000000	0.000000
29	tsk_29	(x)	1	:	0.000000	0.000000	0.000000	0.000000	0.000000	0.000000	1.000000	0.000000	0.000000
30	tsk_30	(x)	1	:	0.033333	0.465381	0.000000	0.002348	0.000000	0.498939	0.000000	0.000000	0.000000
31	tsk_31	(x)	1	:	0.022047	0.472128	0.000000	0.008092	0.000000	0.497733	0.000000	0.000000	0.000000
32	tsk_32	(x)	1	:	0.000000	0.000000	0.000000	0.000000	0.000000	0.500000	0.500000	0.000000	0.000000
33	tsk_33	(x)	1	:	0.000000	0.000000	0.000000	0.009050	0.123509	0.494562	0.000000	0.000000	0.372879
34	tsk_34	(x)	1	:	0.000000	0.000000	0.000000	0.009087	0.206536	0.494540	0.000000	0.000000	0.289837
35	tsk_35	(x)	1	:	0.000000	0.000000	0.000000	0.008974	0.146951	0.494607	0.000000	0.000000	0.349467
36	tsk_36	(x)	1	:	0.535074	0.464926	0.000000	0.000000	0.000000	0.000000	0.000000	0.000000	0.000000
37	tsk_37	(x)	1	:	0.497276	0.000000	0.000000	0.005449	0.000000	0.497276	0.000000	0.000000	0.000000
38	tsk_38	(x)	1	:	0.000000	0.000000	0.000000	0.009053	0.245992	0.494561	0.000000	0.000000	0.250395
39	tsk_39	(x)	1	:	0.000000	0.000000	0.000000	0.000000	0.479031	0.000000	0.000000	0.000000	0.520969
40	tsk_40	(x)	1	:	0.000000	0.000000	0.000000	0.500000	0.000000	0.500000	0.000000	0.000000	0.000000
41	tsk_41	(x)	1	:	0.000000	0.000000	0.000000	0.500000	0.000000	0.500000	0.000000	0.000000	0.000000
42	tsk_42	(x)	1	:	0.000000	0.000000	0.000000	0.000000	0.000000	0.000000	1.000000	0.000000	0.000000
43	tsk_43	(x)	1	:	0.000000	0.000000	0.000000	1.000000	0.000000	0.000000	0.000000	0.000000	0.000000
44	tsk_44	(x)	1	:	0.000000	0.000000	0.000000	0.000000	0.000000	0.000000	1.000000	0.000000	0.000000
45	tsk_45	(x)	1	:	0.000000	0.000000	0.000000	0.500000	0.000000	0.500000	0.000000	0.000000	0.000000
46	tsk_46	(x)	1	:	0.000000	0.000000	0.000000	0.483418	0.000000	0.000000	0.000000	0.516582	0.000000
47	tsk_47	(x)	1	:	0.000000	0.000000	0.000000	1.000000	0.000000	0.000000	0.000000	0.000000	0.000000
48	tsk_48	(x)	1	:	0.000000	0.000000	0.000000	0.500000	0.354866	0.000000	0.000000	0.000000	0.145134
49	tsk_49	(x)	1	:	0.000000	0.000000	0.000000	0.500000	0.371081	0.000000	0.000000	0.000000	0.128919
50	tsk_50	(x)	1	:	0.000000	0.000000	0.496303	0.373057	0.000000	0.003760	0.000000	0.126880	0.000000
51	tsk_51	(x)	1	:	0.000000	0.000000	0.490417	0.000000	0.000000	0.000000	0.000000	0.509583	0.000000
52	tsk_52	(x)	1	:	0.000000	0.000000	0.490406	0.000000	0.000000	0.000000	0.000000	0.509594	0.000000
53	tsk_53	(x)	1	:	0.500143	0.000000	0.498183	0.000250	0.000000	0.001425	0.000000	0.000000	0.000000
54	tsk_54	(x)	1	:	0.000000	0.000000	0.000000	0.322914	0.000000	0.000000	0.000000	0.677086	0.000000
55	tsk_55	(x)	1	:	0.535074	0.464926	0.000000	0.000000	0.000000	0.000000	0.000000	0.000000	0.000000
56	tsk_56	(x)	1	:	0.500044	0.000000	0.498436	0.000533	0.000000	0.000988	0.000000	0.000000	0.000000
57	tsk_57	(x)	1	:	0.500000	0.000000	0.000000	0.500000	0.000000	0.000000	0.000000	0.000000	0.000000
58	tsk_58	(x)	1	:	0.000000	0.000000	0.000000	1.000000	0.000000	0.000000	0.000000	0.000000	0.000000
59	tsk_59	(x)	1	:	0.499889	0.000000	0.497875	0.000653	0.000000	0.001583	0.000000	0.000000	0.000000
60	tsk_60	(x)	1	:	1.000000	0.000000	0.000000	0.000000	0.000000	0.000000	0.000000	0.000000	0.000000
61	tsk_61	(x)	1	:	0.498126	0.000000	0.497767	0.004107	0.000000	0.000000	0.000000	0.000000	0.000000
62	tsk_62	(x)	1	:	1.000000	0.000000	0.000000	0.000000	0.000000	0.000000	0.000000	0.000000	0.000000
63	tsk_63	(x)	1	:	1.000000	0.000000	0.000000	0.000000	0.000000	0.000000	0.000000	0.000000	0.000000
64	tsk_64	(x)	1	:	0.500017	0.000000	0.498240	0.000486	0.000000	0.001257	0.000000	0.000000	0.000000
65	tsk_65	(x)	1	:	1.000000	0.000000	0.000000	0.000000	0.000000	0.000000	0.000000	0.000000	0.000000
66	tsk_66	(x)	1	:	1.000000	0.000000	0.000000	0.000000	0.000000	0.000000	0.000000	0.000000	0.000000
67	tsk_67	(x)	1	:	0.499623	0.000000	0.497580	0.001053	0.000000	0.001745	0.000000	0.000000	0.000000
68	tsk_68	(x)	1	:	1.000000	0.000000	0.000000	0.000000	0.000000	0.000000	0.000000	0.000000	0.000000
69	tsk_69	(x)	1	:	1.000000	0.000000	0.000000	0.000000	0.000000	0.000000	0.000000	0.000000	0.000000
70	tsk_70	(x)	1	:	0.535074	0.464926	0.000000	0.000000	0.000000	0.000000	0.000000	0.000000	0.000000
71	tsk_71	(x)	1	:	0.021945	0.476121	0.501624	0.000000	0.000000	0.000311	0.000000	0.000000	0.000000
72	tsk_72	(x)	1	:	0.000000	1.000000	0.000000	0.000000	0.000000	0.000000	0.000000	0.000000	0.000000
73	tsk_73	(x)	1	:	0.000000	1.000000	0.000000	0.000000	0.000000	0.000000	0.000000	0.000000	0.000000
74	tsk_74	(x)	1	:	0.000000	0.000000	0.000000	0.494405	0.000000	0.016914	0.488681	0.000000	0.000000
75	tsk_75	(x)	1	:	0.000000	0.000000	0.000000	0.000000	0.000000	0.000000	1.000000	0.000000	0.000000
76	tsk_76	(x)	1	:	0.000000	0.566409	0.000000	0.433591	0.000000	0.000000	0.000000	0.000000	0.000000
77	tsk_77	(x)	1	:	0.028349	0.468276	0.000000	0.000142	0.000000	0.013340	0.489893	0.000000	0.000000
78	tsk_78	(x)	1	:	0.028614	0.467972	0.000000	0.000033	0.000000	0.014182	0.489199	0.000000	0.000000
79	tsk_79	(x)	1	:	0.000000	0.000000	0.000000	0.000000	0.000000	0.000000	1.000000	0.000000	0.000000
80	tsk_80	(x)	1	:	0.000000	0.000000	0.000000	0.000000	0.558512	0.000000	0.000000	0.000000	0.441488
81	tsk_81	(x)	1	:	0.000000	0.000000	0.000000	0.000000	0.208241	0.000000	0.000000	0.000000	0.791759
82	tsk_82	(x)	1	:	0.012979	0.478235	0.000000	0.010219	0.361184	0.000000	0.000000	0.000000	0.137382
83	tsk_83	(x)	1	:	0.000000	0.000000	0.000000	0.494594	0.000000	0.016337	0.489069	0.000000	0.000000
84	tsk_84	(x)	1	:	0.000000	0.000000	0.000000	0.000000	0.592203	0.000000	0.000000	0.000000	0.407797
85	tsk_85	(x)	1	:	0.000000	0.000000	0.000000	0.002438	0.349592	0.012491	0.488340	0.000000	0.147139
86	tsk_86	(x)	1	:	0.000000	0.000000	0.000000	0.000000	0.504064	0.000000	0.000000	0.000000	0.495936
87	tsk_87	(x)	1	:	0.000000	0.000000	0.000000	0.500000	0.228986	0.000000	0.000000	0.000000	0.271014
88	tsk_88	(x)	1	:	0.000000	0.000000	0.000000	0.000000	0.624584	0.000000	0.000000	0.000000	0.375416
89	tsk_89	(x)	1	:	0.000000	0.000000	0.000000	0.494279	0.000000	0.017296	0.488424	0.000000	0.000000
90	tsk_90	(x)	1	:	0.000000	0.488216	0.000000	0.511784	0.000000	0.000000	0.000000	0.000000	0.000000
91	tsk_91	(x)	1	:	0.000000	0.000000	0.000000	0.000000	0.295165	0.000000	0.000000	0.508799	0.196036
92	tsk_92	(x)	1	:	0.000000	0.000000	0.000000	0.000000	0.116904	0.000000	0.000000	0.000000	0.883096
93	tsk_93	(x)	1	:	0.000000	0.000000	0.000000	0.000000	0.374996	0.000000	0.000000	0.508799	0.116205
94	tsk_94	(x)	1	:	0.000000	0.000000	0.000000	0.373142	0.277409	0.000000	0.000000	0.126892	0.222557
95	tsk_95	(x)	1	:	0.000000	0.000000	0.000000	0.000000	0.330003	0.000000	0.000000	0.000000	0.669997
96	tsk_96	(x)	1	:	0.000000	0.000000	0.000000	0.483418	0.000000	0.000000	0.000000	0.516582	0.000000
97	tsk_97	(x)	1	:	0.000000	0.000000	0.000000	1.000000	0.000000	0.000000	0.000000	0.000000	0.000000
98	tsk_98	(x)	1	:	0.000000	0.000000	0.000000	0.000000	0.427679	0.000000	0.000000	0.000000	0.572321
99	tsk_99	(x)	1	:	0.000000	0.000000	0.000000	0.500000	0.196518	0.000000	0.000000	0.000000	0.303482
