logL = -421.845924 (converged)
AIC = 2337.691849
BIC = 4283.753978

count.K
4 5 45 4 30 6 6 

