logL = -772.023910 (converged)
AIC = 2654.047821
BIC = 4099.917274

count.K
1 20 42 5 32 

