0	tsk_0	(x)	1	:	0.000000	0.000000	0.000000	0.000000	0.000000	0.000000	0.000000	0.000000	0.000000	1.000000
1	tsk_1	(x)	1	:	0.000000	0.000000	0.000000	0.000000	1.000000	0.000000	0.000000	0.000000	0.000000	0.000000
2	tsk_2	(x)	1	:	0.000000	0.000000	0.000000	0.000000	0.494512	0.000883	0.000000	0.000000	0.007574	0.497031
3	tsk_3	(x)	1	:	0.000000	0.000000	0.000000	0.000000	0.678113	0.321887	0.000000	0.000000	0.000000	0.000000
4	tsk_4	(x)	1	:	0.000000	0.000000	0.000000	0.206754	0.327969	0.000000	0.000000	0.000000	0.000008	0.465269
5	tsk_5	(x)	1	:	0.000000	0.000000	0.000000	0.000000	0.000000	0.000000	0.000000	0.000000	0.000000	1.000000
6	tsk_6	(x)	1	:	0.000000	0.000000	0.000000	0.000000	0.536852	0.000000	0.000000	0.000000	0.000002	0.463145
7	tsk_7	(x)	1	:	0.000000	0.000000	0.000000	0.000000	1.000000	0.000000	0.000000	0.000000	0.000000	0.000000
8	tsk_8	(x)	1	:	0.000000	0.000000	0.000000	0.000000	0.494531	0.000878	0.000000	0.000000	0.007481	0.497110
9	tsk_9	(x)	1	:	0.000000	0.000000	0.000000	0.000000	1.000000	0.000000	0.000000	0.000000	0.000000	0.000000
10	tsk_10	(x)	1	:	0.000000	0.000000	0.505883	0.396264	0.000000	0.097836	0.000000	0.000000	0.000017	0.000000
11	tsk_11	(x)	1	:	0.000000	0.000000	0.000000	0.000000	0.000000	0.000000	0.000000	0.000000	1.000000	0.000000
12	tsk_12	(x)	1	:	0.000000	0.000000	0.000000	0.000000	0.494883	0.001153	0.000000	0.000000	0.503964	0.000000
13	tsk_13	(x)	1	:	0.000000	0.000000	0.000000	0.000000	0.495155	0.000814	0.000000	0.000000	0.504031	0.000000
14	tsk_14	(x)	1	:	0.000000	0.000000	0.000000	0.000000	0.494961	0.001056	0.000000	0.000000	0.503983	0.000000
15	tsk_15	(x)	1	:	0.000000	0.000000	0.000000	0.000000	0.000000	0.000000	0.000000	0.000000	1.000000	0.000000
16	tsk_16	(x)	1	:	0.000000	0.000000	0.000000	0.396258	0.000000	0.096374	0.000000	0.000000	0.507368	0.000000
17	tsk_17	(x)	1	:	0.000000	0.000000	0.000000	0.000000	0.494870	0.001169	0.000000	0.000000	0.503961	0.000000
18	tsk_18	(x)	1	:	0.000000	0.000000	0.000000	0.000000	0.495530	0.000347	0.000000	0.000000	0.504123	0.000000
19	tsk_19	(x)	1	:	0.000000	0.000000	0.000000	0.000000	0.494821	0.001230	0.000000	0.000000	0.503949	0.000000
20	tsk_20	(x)	1	:	0.497773	0.000000	0.000000	0.000000	0.000000	0.000000	0.000000	0.000000	0.502227	0.000000
21	tsk_21	(x)	1	:	0.489116	0.000000	0.000000	0.000000	0.000000	0.000000	0.000000	0.510884	0.000000	0.000000
22	tsk_22	(x)	1	:	0.497773	0.000000	0.000000	0.000000	0.000000	0.000000	0.000000	0.000000	0.502227	0.000000
23	tsk_23	(x)	1	:	0.000000	0.523490	0.000000	0.000000	0.476489	0.000021	0.000000	0.000000	0.000000	0.000000
24	tsk_24	(x)	1	:	0.479850	0.520150	0.000000	0.000000	0.000000	0.000000	0.000000	0.000000	0.000000	0.000000
25	tsk_25	(x)	1	:	0.497773	0.000000	0.000000	0.000000	0.000000	0.000000	0.000000	0.000000	0.502227	0.000000
26	tsk_26	(x)	1	:	0.500900	0.000000	0.000000	0.000000	0.499027	0.000073	0.000000	0.000000	0.000000	0.000000
27	tsk_27	(x)	1	:	0.000000	0.000000	0.000000	0.000000	0.509932	0.490068	0.000000	0.000000	0.000000	0.000000
28	tsk_28	(x)	1	:	0.000000	0.000000	0.000000	0.000000	0.495154	0.000816	0.000000	0.000000	0.504031	0.000000
29	tsk_29	(x)	1	:	1.000000	0.000000	0.000000	0.000000	0.000000	0.000000	0.000000	0.000000	0.000000	0.000000
30	tsk_30	(x)	1	:	0.000000	0.000000	0.000000	0.546637	0.000000	0.000000	0.000000	0.453362	0.000000	0.000000
31	tsk_31	(x)	1	:	0.000000	0.000000	0.000000	1.000000	0.000000	0.000000	0.000000	0.000000	0.000000	0.000000
32	tsk_32	(x)	1	:	0.472031	0.000000	0.000000	0.000000	0.000000	0.000000	0.000000	0.527969	0.000000	0.000000
33	tsk_33	(x)	1	:	0.000000	0.000000	0.000000	0.396220	0.000000	0.089073	0.000000	0.514707	0.000000	0.000000
34	tsk_34	(x)	1	:	0.000000	0.000000	0.000000	0.000000	0.495146	0.000826	0.000000	0.000000	0.504029	0.000000
35	tsk_35	(x)	1	:	0.472032	0.000000	0.000000	0.000000	0.000000	0.000000	0.000000	0.527967	0.000000	0.000000
36	tsk_36	(x)	1	:	0.000000	0.000000	0.000000	0.000000	0.000000	0.000000	0.000000	1.000000	0.000000	0.000000
37	tsk_37	(x)	1	:	0.000000	0.000000	0.000000	0.000000	0.000000	0.000000	0.490759	0.509241	0.000000	0.000000
38	tsk_38	(x)	1	:	0.238231	0.000000	0.000000	0.000000	0.000000	0.000000	0.062868	0.220397	0.478503	0.000000
39	tsk_39	(x)	1	:	0.000000	0.000000	0.000000	0.000000	0.494850	0.001194	0.000000	0.000000	0.503956	0.000000
40	tsk_40	(x)	1	:	0.000000	0.000000	0.000000	0.000000	0.000000	0.552127	0.000000	0.000000	0.447873	0.000000
41	tsk_41	(x)	1	:	0.000000	0.532746	0.000000	0.000000	0.000000	0.467254	0.000000	0.000000	0.000000	0.000000
42	tsk_42	(x)	1	:	0.000000	0.000000	0.000000	0.000000	0.000000	0.000000	0.490759	0.509241	0.000000	0.000000
43	tsk_43	(x)	1	:	0.000000	0.000000	0.000000	0.000000	0.000000	0.000000	0.000000	0.000000	0.500000	0.500000
44	tsk_44	(x)	1	:	0.239729	0.000000	0.000000	0.000000	0.000000	0.483677	0.000000	0.276594	0.000000	0.000000
45	tsk_45	(x)	1	:	0.000000	0.000000	0.000000	0.000000	0.509932	0.490068	0.000000	0.000000	0.000000	0.000000
46	tsk_46	(x)	1	:	0.000000	0.000000	0.000000	0.000000	0.000000	0.492259	0.000000	0.000000	0.507741	0.000000
47	tsk_47	(x)	1	:	0.000000	0.524198	0.000000	0.000000	0.000000	0.000000	0.000000	0.475802	0.000000	0.000000
48	tsk_48	(x)	1	:	0.240817	0.000000	0.000000	0.000000	0.000000	0.000000	0.000000	0.759183	0.000000	0.000000
49	tsk_49	(x)	1	:	0.000000	0.000000	0.000000	0.000000	0.000000	0.507447	0.492553	0.000000	0.000000	0.000000
50	tsk_50	(x)	1	:	0.000000	0.000000	0.499778	0.000000	0.000000	0.000000	0.000000	0.000000	0.000441	0.499781
51	tsk_51	(x)	1	:	0.000000	0.000000	0.000000	0.000000	0.000000	0.000000	0.000000	0.500000	0.500000	0.000000
52	tsk_52	(x)	1	:	0.000000	0.000000	0.000000	0.000000	0.000000	0.000007	0.000000	0.499231	0.005386	0.495376
53	tsk_53	(x)	1	:	0.000000	0.000000	0.499659	0.000000	0.000000	0.000000	0.000000	0.000000	0.000680	0.499662
54	tsk_54	(x)	1	:	0.000000	0.000000	0.000000	0.000000	0.000000	0.000000	0.000000	0.000000	0.500000	0.500000
55	tsk_55	(x)	1	:	0.000000	0.000000	0.500000	0.000000	0.000000	0.000001	0.000000	0.499999	0.000000	0.000000
56	tsk_56	(x)	1	:	0.000000	0.000000	0.499999	0.000000	0.000000	0.000005	0.000000	0.499997	0.000000	0.000000
57	tsk_57	(x)	1	:	0.000000	0.000000	0.000000	0.000000	0.000000	0.000011	0.000000	0.499257	0.005180	0.495553
58	tsk_58	(x)	1	:	0.000000	0.511494	0.000000	0.000000	0.000000	0.000000	0.000000	0.000000	0.488506	0.000000
59	tsk_59	(x)	1	:	0.000000	0.000000	0.000000	0.000000	0.000000	0.000000	0.000000	0.000000	0.500000	0.500000
60	tsk_60	(x)	1	:	0.489116	0.000000	0.000000	0.000000	0.000000	0.000000	0.000000	0.510884	0.000000	0.000000
61	tsk_61	(x)	1	:	0.238266	0.000000	0.000000	0.000000	0.000000	0.000021	0.000000	0.261216	0.005968	0.494529
62	tsk_62	(x)	1	:	0.000000	0.000000	0.000000	0.000000	0.494585	0.000796	0.000000	0.000000	0.007570	0.497049
63	tsk_63	(x)	1	:	0.238325	0.000000	0.000000	0.000000	0.000000	0.000000	0.000000	0.262070	0.499605	0.000000
64	tsk_64	(x)	1	:	0.729653	0.000000	0.000000	0.000000	0.000000	0.000000	0.000000	0.270347	0.000000	0.000000
65	tsk_65	(x)	1	:	0.000000	0.511494	0.000000	0.000000	0.000000	0.000000	0.000000	0.000000	0.488506	0.000000
66	tsk_66	(x)	1	:	0.238266	0.000000	0.000000	0.000000	0.000000	0.000040	0.000000	0.261226	0.005804	0.494664
67	tsk_67	(x)	1	:	0.000000	0.000000	0.000000	0.000000	0.492366	0.000969	0.000000	0.506665	0.000000	0.000000
68	tsk_68	(x)	1	:	0.000000	0.524198	0.000000	0.000000	0.000000	0.000000	0.000000	0.475802	0.000000	0.000000
69	tsk_69	(x)	1	:	0.238733	0.523658	0.000000	0.000000	0.000000	0.000000	0.000000	0.237609	0.000000	0.000000
70	tsk_70	(x)	1	:	0.000000	0.000000	0.000000	0.000000	0.494552	0.000962	0.000000	0.000000	0.006927	0.497559
71	tsk_71	(x)	1	:	0.000000	0.000000	0.000000	0.000000	0.494537	0.000837	0.000000	0.000000	0.007657	0.496970
72	tsk_72	(x)	1	:	0.000000	0.000000	0.000000	0.000000	0.000000	0.000000	0.000000	0.000000	0.000000	1.000000
73	tsk_73	(x)	1	:	0.000000	0.000000	0.000000	0.000000	0.494551	0.000823	0.000000	0.000000	0.007641	0.496985
74	tsk_74	(x)	1	:	0.000000	0.000000	0.000000	0.000000	0.000000	0.000000	0.000000	0.000000	0.000000	1.000000
75	tsk_75	(x)	1	:	0.000000	0.000000	0.000000	0.000000	0.494670	0.000654	0.000000	0.000000	0.007780	0.496896
76	tsk_76	(x)	1	:	0.000000	0.000000	0.000000	0.000000	0.000000	0.000000	0.000000	0.000000	0.500000	0.500000
77	tsk_77	(x)	1	:	0.000000	0.000000	0.000000	0.000000	0.000000	0.000000	0.000000	0.000000	0.000000	1.000000
78	tsk_78	(x)	1	:	0.000000	0.523491	0.000000	0.000000	0.476490	0.000019	0.000000	0.000000	0.000000	0.000000
79	tsk_79	(x)	1	:	0.000000	0.000000	0.000000	0.000000	0.000000	0.000000	0.000000	0.000000	0.000000	1.000000
80	tsk_80	(x)	1	:	0.000000	0.000000	0.000000	0.000000	0.492374	0.000957	0.000000	0.506669	0.000000	0.000000
81	tsk_81	(x)	1	:	0.000000	0.495518	0.000000	0.000000	0.000000	0.000000	0.000000	0.504482	0.000000	0.000000
82	tsk_82	(x)	1	:	0.000000	0.000000	0.000000	0.000000	0.492390	0.000934	0.000000	0.506676	0.000000	0.000000
83	tsk_83	(x)	1	:	0.000000	0.000000	0.000000	0.000000	0.000000	0.000009	0.000000	0.499233	0.005362	0.495397
84	tsk_84	(x)	1	:	0.000000	0.000000	0.000000	1.000000	0.000000	0.000000	0.000000	0.000000	0.000000	0.000000
85	tsk_85	(x)	1	:	0.000000	0.000000	0.000000	0.396258	0.000000	0.096374	0.000000	0.000000	0.507368	0.000000
86	tsk_86	(x)	1	:	0.000000	0.422378	0.000000	0.000000	0.508434	0.069188	0.000000	0.000000	0.000000	0.000000
87	tsk_87	(x)	1	:	0.000000	0.422430	0.000000	0.000000	0.000000	0.070198	0.000000	0.000000	0.507372	0.000000
88	tsk_88	(x)	1	:	0.000000	0.413859	0.000000	0.000000	0.000000	0.000000	0.000000	0.586141	0.000000	0.000000
89	tsk_89	(x)	1	:	0.238705	0.495018	0.000000	0.000000	0.000000	0.000000	0.000000	0.266277	0.000000	0.000000
90	tsk_90	(x)	1	:	0.000000	0.000000	0.000000	0.000000	0.000000	0.000010	0.000000	0.499251	0.005224	0.495515
91	tsk_91	(x)	1	:	0.000000	0.000000	0.000000	0.000000	0.000000	0.000000	0.000000	0.000000	0.000000	1.000000
92	tsk_92	(x)	1	:	0.000000	0.000000	0.000000	0.000000	0.000000	0.000000	0.000000	1.000000	0.000000	0.000000
93	tsk_93	(x)	1	:	0.000000	0.000000	0.000000	0.000000	0.492394	0.000927	0.000000	0.506679	0.000000	0.000000
94	tsk_94	(x)	1	:	0.000000	0.000000	0.000000	0.000000	0.000000	0.000008	0.000000	0.499235	0.005344	0.495412
95	tsk_95	(x)	1	:	0.000000	0.000000	0.000000	0.000000	0.495008	0.000997	0.000000	0.000000	0.503995	0.000000
96	tsk_96	(x)	1	:	0.000000	0.000000	0.000000	0.000000	0.492379	0.000949	0.000000	0.506671	0.000000	0.000000
97	tsk_97	(x)	1	:	0.000000	0.000000	0.000000	0.000000	0.000000	0.000006	0.000000	0.499238	0.005333	0.495422
98	tsk_98	(x)	1	:	0.000000	0.000000	0.000000	0.000000	0.492415	0.000897	0.000000	0.506689	0.000000	0.000000
99	tsk_99	(x)	1	:	0.000000	0.000000	0.000000	0.000000	0.000000	0.000000	0.000000	0.000000	0.500000	0.500000
