logL = -812.758957 (converged)
AIC = 2785.517914
BIC = 4296.516622

count.K
11 10 18 15 46 

