logL = -738.646935 (converged)
AIC = 2349.293870
BIC = 3485.148071

count.K
49 8 25 18 

