logL = -669.713141 (converged)
AIC = 2889.426283
BIC = 4908.433177

count.K
14 5 12 17 23 10 19 

