logL = -1149.707177 (converged)
AIC = 4639.414354
BIC = 7687.463472

count.K
0 29 8 9 11 17 7 1 15 3 

