logL = -749.020437 (converged)
AIC = 2030.040874
BIC = 2723.016144

count.K
69 14 17 

