0	tsk_0	(x)	1	:	0.000000	0.000000	0.000000	0.000000	0.000000	0.000000	0.000000	0.000000	0.000000	1.000000
1	tsk_1	(x)	1	:	0.000000	0.000000	0.032126	0.000000	0.445574	0.000000	0.000000	0.000000	0.000000	0.522300
2	tsk_2	(x)	1	:	0.000000	0.000000	0.000000	0.000000	0.000000	0.000000	0.000000	0.000000	0.000000	1.000000
3	tsk_3	(x)	1	:	0.000000	0.000000	0.000000	0.000000	0.000000	0.000000	0.000000	0.000000	0.000000	1.000000
4	tsk_4	(x)	1	:	0.000000	0.000000	0.000000	0.000000	0.000000	0.000000	1.000000	0.000000	0.000000	0.000000
5	tsk_5	(x)	1	:	0.000000	0.000000	0.000000	0.000000	0.000000	0.000000	0.000000	0.000000	0.000000	1.000000
6	tsk_6	(x)	1	:	0.000000	0.000000	0.000000	0.000000	0.000000	0.000000	0.000000	0.000000	0.000000	1.000000
7	tsk_7	(x)	1	:	0.000000	0.000000	0.000003	0.000000	0.000001	0.000000	0.499998	0.000000	0.000000	0.499998
8	tsk_8	(x)	1	:	0.000000	0.000000	0.000003	0.000000	0.000000	0.000000	0.499999	0.000000	0.000000	0.499998
9	tsk_9	(x)	1	:	0.000000	0.000000	0.000000	0.000000	0.000000	0.000000	0.000000	0.000000	0.000000	1.000000
10	tsk_10	(x)	1	:	0.000000	0.000000	0.000000	0.000000	0.000000	0.141747	0.500000	0.000000	0.358253	0.000000
11	tsk_11	(x)	1	:	0.000000	0.000000	0.000000	0.000000	0.000000	0.000000	1.000000	0.000000	0.000000	0.000000
12	tsk_12	(x)	1	:	0.000000	0.000000	0.000000	0.000000	0.000000	0.000000	1.000000	0.000000	0.000000	0.000000
13	tsk_13	(x)	1	:	0.000000	0.000000	0.487950	0.000000	0.000002	0.000000	0.512048	0.000000	0.000000	0.000000
14	tsk_14	(x)	1	:	0.000000	0.000000	0.000000	0.000000	0.000000	0.190011	0.500000	0.000000	0.309989	0.000000
15	tsk_15	(x)	1	:	0.000000	0.000000	0.000009	0.000000	0.000000	0.000000	0.499997	0.000000	0.000000	0.499994
16	tsk_16	(x)	1	:	0.000000	0.000000	0.000000	0.000000	0.565146	0.000000	0.000000	0.000000	0.000000	0.434854
17	tsk_17	(x)	1	:	0.000000	0.000000	0.000000	0.000000	0.000000	0.000000	1.000000	0.000000	0.000000	0.000000
18	tsk_18	(x)	1	:	0.000000	0.000000	0.457094	0.000000	0.542906	0.000000	0.000000	0.000000	0.000000	0.000000
19	tsk_19	(x)	1	:	0.000000	0.000000	0.000000	0.000000	0.000000	0.000000	1.000000	0.000000	0.000000	0.000000
20	tsk_20	(x)	1	:	0.524882	0.000000	0.000000	0.463850	0.000000	0.001804	0.000000	0.000000	0.002032	0.007432
21	tsk_21	(x)	1	:	0.000000	0.000000	0.000000	0.525529	0.000000	0.279088	0.000000	0.000000	0.195383	0.000000
22	tsk_22	(x)	1	:	0.000000	0.000000	0.000000	0.000000	0.000000	0.000000	0.000000	1.000000	0.000000	0.000000
23	tsk_23	(x)	1	:	0.525804	0.000000	0.000000	0.464061	0.000000	0.001929	0.000000	0.000000	0.000961	0.007244
24	tsk_24	(x)	1	:	0.000000	0.000000	0.000000	0.498338	0.000000	0.073510	0.000000	0.000000	0.428152	0.000000
25	tsk_25	(x)	1	:	0.000000	0.000000	0.256482	0.353928	0.000000	0.000000	0.000000	0.389590	0.000000	0.000000
26	tsk_26	(x)	1	:	0.000000	0.000000	0.000000	1.000000	0.000000	0.000000	0.000000	0.000000	0.000000	0.000000
27	tsk_27	(x)	1	:	0.000000	0.000000	0.000000	0.000000	0.325240	0.000000	0.000000	0.674760	0.000000	0.000000
28	tsk_28	(x)	1	:	0.000000	0.000000	0.000000	0.498338	0.000000	0.402497	0.000000	0.000000	0.099165	0.000000
29	tsk_29	(x)	1	:	0.000000	0.000000	0.000001	0.484438	0.000000	0.000000	0.000000	0.499896	0.000000	0.015665
30	tsk_30	(x)	1	:	0.000000	0.498813	0.000000	0.000000	0.000000	0.000000	0.499407	0.001780	0.000000	0.000000
31	tsk_31	(x)	1	:	0.000000	0.500000	0.000000	0.000000	0.000000	0.500000	0.000000	0.000000	0.000000	0.000000
32	tsk_32	(x)	1	:	0.000000	0.000000	0.000000	0.000000	0.000000	0.039329	0.000000	0.000000	0.960671	0.000000
33	tsk_33	(x)	1	:	0.000000	0.000000	0.000002	0.484067	0.000000	0.000000	0.499835	0.000000	0.000000	0.016095
34	tsk_34	(x)	1	:	0.000000	0.000000	0.000000	0.000000	0.000000	0.476124	0.000000	0.000000	0.523876	0.000000
35	tsk_35	(x)	1	:	0.000000	0.000000	0.000000	0.485082	0.000000	0.000000	0.000000	0.000000	0.000000	0.514918
36	tsk_36	(x)	1	:	0.000000	0.000000	0.000000	0.498338	0.000000	0.270814	0.000000	0.000000	0.230848	0.000000
37	tsk_37	(x)	1	:	0.000000	0.000000	0.000000	0.000000	0.000000	0.000000	0.500000	0.500000	0.000000	0.000000
38	tsk_38	(x)	1	:	0.000000	0.500000	0.000000	0.000000	0.000000	0.000000	0.000000	0.500000	0.000000	0.000000
39	tsk_39	(x)	1	:	0.000000	0.000000	0.000000	0.485082	0.000000	0.000000	0.000000	0.000000	0.000000	0.514918
40	tsk_40	(x)	1	:	0.000000	0.000000	0.000001	0.000000	0.000000	0.000000	0.000000	0.500000	0.000000	0.499999
41	tsk_41	(x)	1	:	0.000000	0.000000	0.000002	0.484472	0.000000	0.000000	0.000000	0.499901	0.000000	0.015625
42	tsk_42	(x)	1	:	0.000000	0.000000	0.000000	0.000000	0.000000	0.000000	0.000000	0.500000	0.000000	0.500000
43	tsk_43	(x)	1	:	0.000000	0.000000	0.000000	0.000000	0.000000	0.000000	0.000000	1.000000	0.000000	0.000000
44	tsk_44	(x)	1	:	0.000000	0.000000	0.000002	0.000000	0.000000	0.000000	0.000000	0.499999	0.000000	0.499999
45	tsk_45	(x)	1	:	0.000000	0.000000	0.000000	0.000000	0.000000	0.000000	0.000000	0.000000	0.000000	1.000000
46	tsk_46	(x)	1	:	0.000000	0.000000	0.000000	0.000000	0.000000	0.000000	0.000000	0.500000	0.000000	0.500000
47	tsk_47	(x)	1	:	0.000000	0.000000	0.000000	0.000000	0.000000	0.289161	0.000000	0.000000	0.210838	0.500000
48	tsk_48	(x)	1	:	0.000000	0.000000	0.000000	0.000000	0.000000	0.000000	0.000000	1.000000	0.000000	0.000000
49	tsk_49	(x)	1	:	0.000000	0.000000	0.000000	0.000000	0.000000	0.000000	0.000000	1.000000	0.000000	0.000000
50	tsk_50	(x)	1	:	0.000000	0.000000	0.000000	0.000000	0.000000	0.000000	0.000000	0.500000	0.000000	0.500000
51	tsk_51	(x)	1	:	0.000000	0.000000	0.000000	0.000000	0.000000	0.000000	0.000000	0.500000	0.000000	0.500000
52	tsk_52	(x)	1	:	0.000000	0.000000	0.000000	0.000000	0.000000	0.000000	0.500000	0.500000	0.000000	0.000000
53	tsk_53	(x)	1	:	0.000000	0.000000	0.000000	0.000000	0.000000	0.418853	0.000000	0.000000	0.081147	0.500000
54	tsk_54	(x)	1	:	0.000000	0.000000	0.000000	0.485082	0.000000	0.000000	0.000000	0.000000	0.000000	0.514918
55	tsk_55	(x)	1	:	0.000000	0.000000	0.000000	0.485082	0.000000	0.000000	0.000000	0.000000	0.000000	0.514918
56	tsk_56	(x)	1	:	0.000000	0.000000	0.000000	0.000000	0.000000	0.000000	0.000000	0.500000	0.000000	0.500000
57	tsk_57	(x)	1	:	0.000000	0.000000	0.000000	0.000000	0.325240	0.000000	0.000000	0.674760	0.000000	0.000000
58	tsk_58	(x)	1	:	0.000000	0.000000	0.000000	0.000000	0.000000	0.000000	0.000000	0.000000	0.000000	1.000000
59	tsk_59	(x)	1	:	0.000000	0.000000	0.000000	0.481821	0.518179	0.000000	0.000000	0.000000	0.000000	0.000000
60	tsk_60	(x)	1	:	0.000000	0.000000	0.000000	0.000000	0.000000	0.000000	0.500000	0.000000	0.000000	0.500000
61	tsk_61	(x)	1	:	0.000000	0.000000	0.000000	0.000000	0.000000	0.000000	1.000000	0.000000	0.000000	0.000000
62	tsk_62	(x)	1	:	0.000000	0.000000	0.000000	0.000000	0.000000	0.000000	1.000000	0.000000	0.000000	0.000000
63	tsk_63	(x)	1	:	0.000000	0.000000	0.000003	0.000000	0.000000	0.000000	0.499999	0.000000	0.000000	0.499998
64	tsk_64	(x)	1	:	0.000000	0.000000	0.000000	0.000000	0.999983	0.000000	0.000017	0.000000	0.000000	0.000000
65	tsk_65	(x)	1	:	0.000000	0.000000	0.000000	0.000000	0.563387	0.000000	0.001720	0.000000	0.000000	0.434893
66	tsk_66	(x)	1	:	0.000000	0.000000	0.000000	0.000000	0.651402	0.000000	0.348598	0.000000	0.000000	0.000000
67	tsk_67	(x)	1	:	0.000000	0.000000	0.000000	0.000000	0.999985	0.000000	0.000015	0.000000	0.000000	0.000000
68	tsk_68	(x)	1	:	0.000000	0.000000	0.032412	0.000000	0.445464	0.000000	0.000000	0.000000	0.000000	0.522124
69	tsk_69	(x)	1	:	0.000000	0.000000	0.032258	0.000000	0.445523	0.000000	0.000000	0.000000	0.000000	0.522219
70	tsk_70	(x)	1	:	0.000000	0.000000	0.000000	0.000000	0.000000	0.495523	0.000000	0.000000	0.504477	0.000000
71	tsk_71	(x)	1	:	0.000000	0.000000	0.000000	0.000000	0.000000	0.365798	0.000000	0.000000	0.134201	0.500000
72	tsk_72	(x)	1	:	0.000000	0.000000	0.000000	0.000000	0.000000	0.178504	0.000000	0.000000	0.821496	0.000000
73	tsk_73	(x)	1	:	0.000000	0.000000	0.000000	0.000000	0.000000	0.035850	0.000000	0.000000	0.964150	0.000000
74	tsk_74	(x)	1	:	0.000000	0.000000	0.000000	0.000000	0.000000	0.382899	0.000000	0.000000	0.617101	0.000000
75	tsk_75	(x)	1	:	0.000000	0.000000	0.000000	0.000000	0.000000	0.019747	0.000000	0.000000	0.980253	0.000000
76	tsk_76	(x)	1	:	0.000000	0.000000	0.000000	0.000000	0.000000	0.289275	0.000000	0.000000	0.210725	0.500000
77	tsk_77	(x)	1	:	0.000000	0.000000	0.000000	0.426490	0.000000	0.000000	0.000000	0.573510	0.000000	0.000000
78	tsk_78	(x)	1	:	0.000000	0.000000	0.000000	0.000000	0.000000	0.202374	0.000000	0.000000	0.297626	0.500000
79	tsk_79	(x)	1	:	0.000000	0.000000	0.000000	0.000000	0.000000	0.250703	0.000000	0.000000	0.749297	0.000000
80	tsk_80	(x)	1	:	0.000000	0.000000	0.000000	0.000000	0.000000	0.245662	0.500000	0.000000	0.254338	0.000000
81	tsk_81	(x)	1	:	0.000000	0.000000	0.000005	0.000000	0.000000	0.000000	0.000000	0.499998	0.000000	0.499996
82	tsk_82	(x)	1	:	0.000000	0.000000	0.000000	0.000000	0.000000	0.000000	0.500000	0.500000	0.000000	0.000000
83	tsk_83	(x)	1	:	0.000000	0.000000	0.475997	0.000000	0.000000	0.000000	0.000000	0.000000	0.000000	0.524003
84	tsk_84	(x)	1	:	0.000000	0.000000	0.475997	0.000000	0.000000	0.000000	0.000000	0.000000	0.000000	0.524003
85	tsk_85	(x)	1	:	0.000000	0.000000	0.487950	0.000000	0.000001	0.000000	0.512049	0.000000	0.000000	0.000000
86	tsk_86	(x)	1	:	0.000000	0.000000	0.000000	0.000000	0.651399	0.000000	0.348601	0.000000	0.000000	0.000000
87	tsk_87	(x)	1	:	0.000000	0.000000	0.000000	0.000000	0.000000	0.000000	1.000000	0.000000	0.000000	0.000000
88	tsk_88	(x)	1	:	0.000000	0.000000	0.000000	0.000000	0.000000	0.058681	0.500000	0.000000	0.441319	0.000000
89	tsk_89	(x)	1	:	0.000000	0.000000	0.000000	0.000000	0.000000	0.000000	0.500000	0.500000	0.000000	0.000000
90	tsk_90	(x)	1	:	0.000000	0.000000	0.000000	0.000000	0.000000	0.262933	0.200000	0.200000	0.337067	0.000000
91	tsk_91	(x)	1	:	0.000000	0.000000	0.000000	0.000000	0.000000	0.066978	0.000000	0.000000	0.933022	0.000000
92	tsk_92	(x)	1	:	0.000000	0.000000	0.000000	0.000000	0.431758	0.173775	0.000000	0.000000	0.394467	0.000000
93	tsk_93	(x)	1	:	0.000000	0.000000	0.000000	0.000000	0.000000	0.000000	0.000000	0.000000	1.000000	0.000000
94	tsk_94	(x)	1	:	0.000000	0.000000	0.000000	0.000000	0.000000	0.599998	0.000000	0.000000	0.400002	0.000000
95	tsk_95	(x)	1	:	0.000000	0.000000	0.000000	0.000000	0.000000	0.369385	0.000000	0.000000	0.630615	0.000000
96	tsk_96	(x)	1	:	0.000000	0.000000	0.000000	0.000000	0.000000	0.086612	0.500000	0.000000	0.413388	0.000000
97	tsk_97	(x)	1	:	0.000000	0.000000	0.000000	0.000000	0.000000	0.178919	0.000000	0.000000	0.821081	0.000000
98	tsk_98	(x)	1	:	0.000000	0.000000	0.000000	0.000000	0.000000	0.308653	0.000000	0.500000	0.191347	0.000000
99	tsk_99	(x)	1	:	0.589900	0.000000	0.000000	0.000000	0.000000	0.029613	0.152429	0.152431	0.075628	0.000000
