logL = -365.577324 (converged)
AIC = 1751.154648
BIC = 3079.791443

count.K
21 14 22 9 34 

