logL = -624.667733 (converged)
AIC = 2259.335467
BIC = 3574.946411

count.K
9 17 29 26 19 

