logL = -1163.141263 (converged)
AIC = 3476.282525
BIC = 4974.255382

count.K
3 44 14 25 14 

