logL = -575.341609 (converged)
AIC = 2714.683217
BIC = 4751.926303

count.K
2 43 8 19 5 17 6 

