logL = -995.051119 (converged)
AIC = 4014.102237
BIC = 6650.534465

count.K
13 8 29 6 6 6 19 13 

