logL = -971.033197 (converged)
AIC = 2242.066395
BIC = 2632.841922

count.K
50 50 

