logL = -853.682313 (converged)
AIC = 2019.364626
BIC = 2425.771175

count.K
70 30 

