logL = -532.800709 (converged)
AIC = 3365.601418
BIC = 6361.547132

count.K
3 1 8 28 1 6 2 10 19 22 

