logL = -278.995745 (converged)
AIC = 1725.991491
BIC = 3247.410879

count.K
18 2 16 12 12 40 

