logL = -416.327713 (converged)
AIC = 2882.655426
BIC = 5552.954867

count.K
13 13 8 31 8 11 6 9 1 

