logL = -768.198072 (converged)
AIC = 2848.396145
BIC = 4557.387787

count.K
22 5 14 5 37 17 

