logL = -373.816095 (converged)
AIC = 2907.632190
BIC = 5721.215991

count.K
19 3 6 1 0 3 23 11 17 17 

