logL = -799.910006 (converged)
AIC = 2659.820012
BIC = 4040.560211

count.K
18 17 14 14 37 

