logL = -968.276788 (converged)
AIC = 2744.553577
BIC = 3797.042332

count.K
14 20 12 54 

