logL = -591.702823 (converged)
AIC = 2747.405645
BIC = 4784.648731

count.K
12 6 16 29 8 16 13 

