logL = -557.891749 (converged)
AIC = 2609.783498
BIC = 4555.845626

count.K
23 14 12 24 4 16 7 

