logL = -597.065286 (converged)
AIC = 2224.130573
BIC = 3565.793218

count.K
25 44 8 23 0 

