logL = -623.192970 (converged)
AIC = 1796.385940
BIC = 2512.807741

count.K
26 15 59 

