logL = -679.562008 (converged)
AIC = 2389.124015
BIC = 3730.786661

count.K
37 16 9 19 19 

