logL = -417.796126 (converged)
AIC = 3055.592251
BIC = 5947.331158

count.K
5 1 1 14 7 31 6 6 1 28 

