logL = -731.570379 (converged)
AIC = 3439.140757
BIC = 6013.048901

count.K
6 21 8 7 29 5 0 24 

