logL = -1240.354023 (converged)
AIC = 2792.708046
BIC = 3199.114595

count.K
8 92 

