logL = -555.263750 (converged)
AIC = 2120.527499
BIC = 3436.138443

count.K
11 3 13 39 34 

