logL = -380.202333 (converged)
AIC = 1988.404666
BIC = 3587.979160

count.K
20 5 53 10 2 10 

