logL = -1637.821009 (converged)
AIC = 5357.642018
BIC = 8069.624181

count.K
15 9 21 15 9 0 31 

