logL = -950.759685 (converged)
AIC = 3357.519369
BIC = 5254.083265

count.K
19 8 1 13 32 27 

