logL = -429.758139 (converged)
AIC = 3179.516277
BIC = 6201.513693

count.K
18 26 1 21 9 5 3 0 9 8 

