logL = -634.644448 (converged)
AIC = 3149.288896
BIC = 5598.148870

count.K
4 2 16 5 14 4 10 45 

