logL = -1163.445765 (converged)
AIC = 4502.891531
BIC = 7337.316693

count.K
32 13 6 9 17 1 8 2 12 

