logL = -614.783409 (converged)
AIC = 2329.566819
BIC = 3762.410421

count.K
10 8 27 7 48 

