logL = -1243.254028 (converged)
AIC = 3716.508056
BIC = 5318.687721

count.K
8 28 5 56 3 

