logL = -406.164483 (converged)
AIC = 2880.328966
BIC = 5574.074938

count.K
2 3 7 8 3 19 54 2 2 

