logL = -740.288901 (converged)
AIC = 2780.577801
BIC = 4473.938422

count.K
0 22 14 2 29 33 

