logL = -663.303580 (converged)
AIC = 3174.607160
BIC = 5581.784412

count.K
30 9 10 10 4 2 5 30 

