logL = -570.059813 (converged)
AIC = 2440.119626
BIC = 4133.480247

count.K
41 14 7 17 13 8 

