logL = -664.349270 (converged)
AIC = 3768.698540
BIC = 6947.006167

count.K
6 4 7 33 13 7 8 0 20 2 

