logL = -277.428121 (converged)
AIC = 2734.856241
BIC = 5574.491744

count.K
1 15 1 13 24 20 3 9 3 11 

