logL = -666.554403 (converged)
AIC = 3599.108807
BIC = 6550.766627

count.K
20 15 22 18 10 0 4 4 7 

