logL = -969.629568 (converged)
AIC = 4459.259137
BIC = 7741.773571

count.K
2 6 3 3 56 21 7 1 1 0 

