logL = -703.262770 (converged)
AIC = 2166.525540
BIC = 3156.490211

count.K
26 13 32 29 

