logL = -668.799919 (converged)
AIC = 1605.599839
BIC = 1954.692644

count.K
37 63 

