logL = -524.507629 (converged)
AIC = 2325.015259
BIC = 3987.113838

count.K
9 15 42 12 12 10 

