logL = -404.666732 (converged)
AIC = 2013.333464
BIC = 3581.645916

count.K
8 5 11 30 32 14 

