logL = -722.551524 (converged)
AIC = 2793.103048
BIC = 4548.987753

count.K
22 23 10 4 5 36 

