logL = -647.573909 (converged)
AIC = 2095.147817
BIC = 3137.215892

count.K
31 50 3 16 

