logL = -708.666882 (converged)
AIC = 2861.333765
BIC = 4742.266639

count.K
16 12 42 0 16 14 

