logL = -1356.503728 (converged)
AIC = 3065.007456
BIC = 3523.517408

count.K
13 87 

