logL = -534.830165 (converged)
AIC = 2869.660331
BIC = 5214.313498

count.K
21 8 6 3 4 32 10 16 

