0	tsk_0	(x)	1	:	0.000007	0.503854	0.000000	0.000000	0.000000	0.496139	0.000000	0.000000	0.000000	0.000000
1	tsk_1	(x)	1	:	0.107571	0.000000	0.000000	0.000000	0.000000	0.597950	0.000000	0.000000	0.294479	0.000000
2	tsk_2	(x)	1	:	0.000000	1.000000	0.000000	0.000000	0.000000	0.000000	0.000000	0.000000	0.000000	0.000000
3	tsk_3	(x)	1	:	0.000000	0.000000	0.000000	1.000000	0.000000	0.000000	0.000000	0.000000	0.000000	0.000000
4	tsk_4	(x)	1	:	0.003130	0.497101	0.000000	0.468423	0.031344	0.000002	0.000000	0.000000	0.000000	0.000000
5	tsk_5	(x)	1	:	0.002542	0.000000	0.000000	0.468493	0.032017	0.000000	0.000000	0.496949	0.000000	0.000000
6	tsk_6	(x)	1	:	0.000000	0.000000	0.000000	1.000000	0.000000	0.000000	0.000000	0.000000	0.000000	0.000000
7	tsk_7	(x)	1	:	0.002955	0.497262	0.000000	0.468450	0.031330	0.000003	0.000000	0.000000	0.000000	0.000000
8	tsk_8	(x)	1	:	0.000000	1.000000	0.000000	0.000000	0.000000	0.000000	0.000000	0.000000	0.000000	0.000000
9	tsk_9	(x)	1	:	0.036519	0.000000	0.000001	0.000000	0.000000	0.494450	0.000000	0.174560	0.294471	0.000000
10	tsk_10	(x)	1	:	0.500026	0.000000	0.000001	0.469386	0.030587	0.000000	0.000000	0.000000	0.000000	0.000000
11	tsk_11	(x)	1	:	0.028581	0.000000	0.000000	0.468575	0.031562	0.000000	0.000000	0.174917	0.296365	0.000000
12	tsk_12	(x)	1	:	0.037384	0.000000	0.462329	0.468380	0.031907	0.000000	0.000000	0.000000	0.000000	0.000000
13	tsk_13	(x)	1	:	0.044493	0.000000	0.455421	0.468404	0.031681	0.000000	0.000000	0.000000	0.000000	0.000000
14	tsk_14	(x)	1	:	0.008360	0.000000	0.000000	0.468497	0.031381	0.491762	0.000000	0.000000	0.000000	0.000000
15	tsk_15	(x)	1	:	0.505769	0.000000	0.000008	0.000000	0.000000	0.494223	0.000000	0.000000	0.000000	0.000000
16	tsk_16	(x)	1	:	0.999999	0.000000	0.000001	0.000000	0.000000	0.000000	0.000000	0.000000	0.000000	0.000000
17	tsk_17	(x)	1	:	0.073282	0.000000	0.456189	0.000000	0.000000	0.000000	0.000000	0.174788	0.295741	0.000000
18	tsk_18	(x)	1	:	0.499997	0.000000	0.000000	0.468871	0.031132	0.000000	0.000000	0.000000	0.000000	0.000000
19	tsk_19	(x)	1	:	0.999993	0.000000	0.000007	0.000000	0.000000	0.000000	0.000000	0.000000	0.000000	0.000000
20	tsk_20	(x)	1	:	0.999991	0.000000	0.000009	0.000000	0.000000	0.000000	0.000000	0.000000	0.000000	0.000000
21	tsk_21	(x)	1	:	0.705660	0.000000	0.000006	0.000000	0.000000	0.000000	0.000000	0.000000	0.294334	0.000000
22	tsk_22	(x)	1	:	0.000000	0.000000	0.000000	0.000000	0.000000	1.000000	0.000000	0.000000	0.000000	0.000000
23	tsk_23	(x)	1	:	0.017515	0.000000	0.000000	0.000000	0.000000	0.000000	0.982485	0.000000	0.000000	0.000000
24	tsk_24	(x)	1	:	0.447302	0.000000	0.000004	0.000000	0.000000	0.000000	0.000000	0.000000	0.552694	0.000000
25	tsk_25	(x)	1	:	0.382932	0.000000	0.000000	0.469501	0.028144	0.000000	0.000000	0.000000	0.000000	0.119422
26	tsk_26	(x)	1	:	0.000916	0.000000	0.000000	0.000000	0.000000	0.000000	0.729325	0.000000	0.269759	0.000000
27	tsk_27	(x)	1	:	0.000002	0.000000	0.000000	0.000000	0.000000	0.000000	0.000009	0.000000	0.999988	0.000000
28	tsk_28	(x)	1	:	0.000000	0.000000	0.000000	0.000000	0.000000	1.000000	0.000000	0.000000	0.000000	0.000000
29	tsk_29	(x)	1	:	0.505770	0.000000	0.000007	0.000000	0.000000	0.494223	0.000000	0.000000	0.000000	0.000000
30	tsk_30	(x)	1	:	0.000006	0.503854	0.000000	0.000000	0.000000	0.496140	0.000000	0.000000	0.000000	0.000000
31	tsk_31	(x)	1	:	0.000012	0.503853	0.000000	0.000000	0.000000	0.496135	0.000000	0.000000	0.000000	0.000000
32	tsk_32	(x)	1	:	0.505766	0.000000	0.000010	0.000000	0.000000	0.494224	0.000000	0.000000	0.000000	0.000000
33	tsk_33	(x)	1	:	0.008365	0.000000	0.000000	0.000000	0.499854	0.491780	0.000000	0.000000	0.000000	0.000000
34	tsk_34	(x)	1	:	0.000482	0.000000	0.000000	0.000000	0.000000	0.473344	0.000000	0.000000	0.526174	0.000000
35	tsk_35	(x)	1	:	0.000000	0.000000	0.000000	0.000000	0.000000	1.000000	0.000000	0.000000	0.000000	0.000000
36	tsk_36	(x)	1	:	0.000000	0.000000	0.000000	0.000000	0.000000	0.000000	0.000000	0.000000	1.000000	0.000000
37	tsk_37	(x)	1	:	0.000010	0.000000	0.000000	0.468167	0.029449	0.000000	0.000014	0.000000	0.502361	0.000000
38	tsk_38	(x)	1	:	0.000089	0.481777	0.000000	0.000000	0.000000	0.000002	0.000003	0.000000	0.518128	0.000000
39	tsk_39	(x)	1	:	0.000000	0.000000	0.000000	0.000000	0.000000	1.000000	0.000000	0.000000	0.000000	0.000000
40	tsk_40	(x)	1	:	0.000009	0.000000	0.000000	0.468316	0.029291	0.000000	0.000014	0.000000	0.502369	0.000000
41	tsk_41	(x)	1	:	0.000000	0.000000	0.000000	1.000000	0.000000	0.000000	0.000000	0.000000	0.000000	0.000000
42	tsk_42	(x)	1	:	0.500081	0.000000	0.000000	0.470312	0.029607	0.000000	0.000000	0.000000	0.000000	0.000000
43	tsk_43	(x)	1	:	0.382867	0.000000	0.000001	0.468412	0.029297	0.000000	0.000000	0.000000	0.000000	0.119423
44	tsk_44	(x)	1	:	0.002572	0.000000	0.000000	0.468479	0.032027	0.000000	0.000000	0.496921	0.000000	0.000000
45	tsk_45	(x)	1	:	0.000000	0.000000	0.000000	1.000000	0.000000	0.000000	0.000000	0.000000	0.000000	0.000000
46	tsk_46	(x)	1	:	0.000000	0.000000	0.000000	1.000000	0.000000	0.000000	0.000000	0.000000	0.000000	0.000000
47	tsk_47	(x)	1	:	0.875993	0.000000	0.000012	0.000000	0.000000	0.000000	0.000000	0.000000	0.000000	0.123995
48	tsk_48	(x)	1	:	0.002720	0.000000	0.000000	0.468489	0.032000	0.000000	0.000000	0.496791	0.000000	0.000000
49	tsk_49	(x)	1	:	0.000032	0.000000	0.000000	0.000000	0.000000	0.000000	0.000000	0.480900	0.519068	0.000000
50	tsk_50	(x)	1	:	0.000000	0.000000	0.000000	0.468919	0.531080	0.000000	0.000000	0.000000	0.000000	0.000000
51	tsk_51	(x)	1	:	0.000000	0.000000	0.000000	0.000000	1.000000	0.000000	0.000000	0.000000	0.000000	0.000000
52	tsk_52	(x)	1	:	0.205587	0.000000	0.000000	0.000000	0.500009	0.000000	0.000000	0.000000	0.294404	0.000000
53	tsk_53	(x)	1	:	0.252032	0.000000	0.453630	0.000000	0.000000	0.000000	0.000000	0.000000	0.294338	0.000000
54	tsk_54	(x)	1	:	0.000000	0.000000	0.000000	0.468919	0.531080	0.000000	0.000000	0.000000	0.000000	0.000000
55	tsk_55	(x)	1	:	0.252104	0.000000	0.453583	0.000000	0.000000	0.000000	0.000000	0.000000	0.294313	0.000000
56	tsk_56	(x)	1	:	0.039937	0.000000	0.459846	0.468343	0.031875	0.000000	0.000000	0.000000	0.000000	0.000000
57	tsk_57	(x)	1	:	0.205600	0.000000	0.000000	0.000000	0.500009	0.000000	0.000000	0.000000	0.294391	0.000000
58	tsk_58	(x)	1	:	0.500088	0.000000	0.000000	0.470426	0.029486	0.000000	0.000000	0.000000	0.000000	0.000000
59	tsk_59	(x)	1	:	0.252250	0.000000	0.453487	0.000000	0.000000	0.000000	0.000000	0.000000	0.294263	0.000000
60	tsk_60	(x)	1	:	0.999993	0.000000	0.000007	0.000000	0.000000	0.000000	0.000000	0.000000	0.000000	0.000000
61	tsk_61	(x)	1	:	0.348070	0.000000	0.651930	0.000000	0.000000	0.000000	0.000000	0.000000	0.000000	0.000000
62	tsk_62	(x)	1	:	0.348070	0.000000	0.651930	0.000000	0.000000	0.000000	0.000000	0.000000	0.000000	0.000000
63	tsk_63	(x)	1	:	0.499969	0.499997	0.000009	0.000000	0.000000	0.000025	0.000000	0.000000	0.000000	0.000000
64	tsk_64	(x)	1	:	0.499972	0.499999	0.000010	0.000000	0.000000	0.000019	0.000000	0.000000	0.000000	0.000000
65	tsk_65	(x)	1	:	0.382900	0.000000	0.000001	0.468936	0.028742	0.000000	0.000000	0.000000	0.000000	0.119421
66	tsk_66	(x)	1	:	0.546434	0.000000	0.453565	0.000000	0.000000	0.000000	0.000000	0.000000	0.000000	0.000000
67	tsk_67	(x)	1	:	0.499963	0.499996	0.000011	0.000000	0.000000	0.000030	0.000000	0.000000	0.000000	0.000000
68	tsk_68	(x)	1	:	0.046046	0.500107	0.453837	0.000000	0.000000	0.000010	0.000000	0.000000	0.000000	0.000000
69	tsk_69	(x)	1	:	0.051817	0.000000	0.454700	0.000000	0.000000	0.000000	0.000000	0.493482	0.000000	0.000000
70	tsk_70	(x)	1	:	0.044838	0.500405	0.454745	0.000000	0.000000	0.000011	0.000000	0.000000	0.000000	0.000000
71	tsk_71	(x)	1	:	0.499963	0.499996	0.000011	0.000000	0.000000	0.000029	0.000000	0.000000	0.000000	0.000000
72	tsk_72	(x)	1	:	0.000000	1.000000	0.000000	0.000000	0.000000	0.000000	0.000000	0.000000	0.000000	0.000000
73	tsk_73	(x)	1	:	0.000000	1.000000	0.000000	0.000000	0.000000	0.000000	0.000000	0.000000	0.000000	0.000000
74	tsk_74	(x)	1	:	0.044577	0.500469	0.454941	0.000000	0.000000	0.000012	0.000000	0.000000	0.000000	0.000000
75	tsk_75	(x)	1	:	0.000103	0.000000	0.999895	0.000000	0.000000	0.000000	0.000002	0.000000	0.000000	0.000000
76	tsk_76	(x)	1	:	0.000000	1.000000	0.000000	0.000000	0.000000	0.000000	0.000000	0.000000	0.000000	0.000000
77	tsk_77	(x)	1	:	0.499969	0.499998	0.000011	0.000000	0.000000	0.000022	0.000000	0.000000	0.000000	0.000000
78	tsk_78	(x)	1	:	0.000000	1.000000	0.000000	0.000000	0.000000	0.000000	0.000000	0.000000	0.000000	0.000000
79	tsk_79	(x)	1	:	0.046075	0.500101	0.453816	0.000000	0.000000	0.000008	0.000000	0.000000	0.000000	0.000000
80	tsk_80	(x)	1	:	0.000000	0.000000	0.000000	0.000000	0.000000	0.000000	0.000000	0.000000	1.000000	0.000000
81	tsk_81	(x)	1	:	0.499971	0.499996	0.000008	0.000000	0.000000	0.000025	0.000000	0.000000	0.000000	0.000000
82	tsk_82	(x)	1	:	0.999998	0.000000	0.000002	0.000000	0.000000	0.000000	0.000000	0.000000	0.000000	0.000000
83	tsk_83	(x)	1	:	0.015437	0.000000	0.000000	0.000000	0.000000	0.000000	0.000000	0.000000	0.553700	0.430863
84	tsk_84	(x)	1	:	0.470542	0.000000	0.000000	0.000000	0.000000	0.000000	0.000000	0.000000	0.000000	0.529458
85	tsk_85	(x)	1	:	0.000152	0.000000	0.000000	0.467166	0.038917	0.000000	0.000000	0.000000	0.000000	0.493764
86	tsk_86	(x)	1	:	0.000000	0.000000	0.000000	0.000000	0.000000	0.000000	0.000000	0.000000	1.000000	0.000000
87	tsk_87	(x)	1	:	0.016419	0.000000	0.000000	0.000000	0.000000	0.000000	0.000000	0.000000	0.553051	0.430530
88	tsk_88	(x)	1	:	0.000010	0.000000	0.000000	0.468212	0.029401	0.000000	0.000014	0.000000	0.502363	0.000000
89	tsk_89	(x)	1	:	0.017936	0.000000	0.000000	0.000000	0.000000	0.000000	0.000000	0.000000	0.552048	0.430016
90	tsk_90	(x)	1	:	0.499977	0.499998	0.000007	0.000000	0.000000	0.000018	0.000000	0.000000	0.000000	0.000000
91	tsk_91	(x)	1	:	0.000011	0.503853	0.000000	0.000000	0.000000	0.496136	0.000000	0.000000	0.000000	0.000000
92	tsk_92	(x)	1	:	0.000000	0.000000	0.000000	0.000000	1.000000	0.000000	0.000000	0.000000	0.000000	0.000000
93	tsk_93	(x)	1	:	0.000007	0.503854	0.000000	0.000000	0.000000	0.496139	0.000000	0.000000	0.000000	0.000000
94	tsk_94	(x)	1	:	0.000008	0.456166	0.000000	0.000000	0.000000	0.000000	0.000002	0.000000	0.543824	0.000000
95	tsk_95	(x)	1	:	0.875651	0.000000	0.000006	0.000000	0.000000	0.000000	0.000000	0.000000	0.000000	0.124343
96	tsk_96	(x)	1	:	0.000000	1.000000	0.000000	0.000000	0.000000	0.000000	0.000000	0.000000	0.000000	0.000000
97	tsk_97	(x)	1	:	0.000005	0.503854	0.000000	0.000000	0.000000	0.496140	0.000000	0.000000	0.000000	0.000000
98	tsk_98	(x)	1	:	0.002948	0.497294	0.000000	0.000000	0.499755	0.000003	0.000000	0.000000	0.000000	0.000000
99	tsk_99	(x)	1	:	0.000019	0.449693	0.550286	0.000000	0.000000	0.000000	0.000002	0.000000	0.000000	0.000000
