logL = -506.759050 (converged)
AIC = 1749.518100
BIC = 2708.220729

count.K
23 9 31 37 

