logL = -593.582679 (converged)
AIC = 3083.165359
BIC = 5552.866695

count.K
14 22 18 15 8 4 16 3 

