logL = -398.919076 (converged)
AIC = 2305.838153
BIC = 4270.136473

count.K
3 1 32 0 37 10 17 

