logL = -269.545030 (converged)
AIC = 2499.090060
BIC = 5052.156842

count.K
3 11 5 4 23 5 3 9 37 

