logL = -499.887348 (converged)
AIC = 3049.774695
BIC = 5720.074136

count.K
5 12 36 1 6 7 14 3 16 

