logL = -1586.934590 (converged)
AIC = 3783.869180
BIC = 4578.446087

count.K
30 55 15 

