logL = -1281.523616 (converged)
AIC = 2963.047232
BIC = 3484.081269

count.K
88 12 

