logL = -1060.806217 (converged)
AIC = 4681.612434
BIC = 8016.230272

count.K
14 13 7 16 13 8 7 9 3 10 

