logL = -707.792112 (converged)
AIC = 2545.584224
BIC = 4017.505379

count.K
8 34 6 30 22 

