logL = -560.477233 (converged)
AIC = 3540.954467
BIC = 6693.210392

count.K
2 12 9 15 7 17 10 8 2 18 

