logL = -581.690710 (converged)
AIC = 3177.381419
BIC = 5800.787796

count.K
7 27 2 6 12 15 17 3 11 

