0	tsk_0	(x)	1	:	0.000000	0.000000	1.000000	0.000000	0.000000	0.000000	0.000000	0.000000	0.000000	0.000000
1	tsk_1	(x)	1	:	0.000079	0.000000	0.499796	0.000039	0.000000	0.499895	0.000191	0.000000	0.000000	0.000000
2	tsk_2	(x)	1	:	0.000182	0.000000	0.499742	0.000028	0.000000	0.499855	0.000193	0.000000	0.000000	0.000000
3	tsk_3	(x)	1	:	0.179585	0.000000	0.000000	0.000000	0.000000	0.499718	0.320698	0.000000	0.000000	0.000000
4	tsk_4	(x)	1	:	0.000064	0.000000	0.499801	0.000041	0.000000	0.499899	0.000195	0.000000	0.000000	0.000000
5	tsk_5	(x)	1	:	0.000000	0.000000	1.000000	0.000000	0.000000	0.000000	0.000000	0.000000	0.000000	0.000000
6	tsk_6	(x)	1	:	0.000000	0.000000	0.534841	0.465159	0.000000	0.000000	0.000000	0.000000	0.000000	0.000000
7	tsk_7	(x)	1	:	0.016805	0.000000	0.000042	0.466506	0.000000	0.500099	0.016548	0.000000	0.000000	0.000000
8	tsk_8	(x)	1	:	0.236114	0.000000	0.000000	0.000000	0.000000	0.499718	0.264169	0.000000	0.000000	0.000000
9	tsk_9	(x)	1	:	0.304775	0.000000	0.000000	0.465270	0.000000	0.000000	0.229954	0.000000	0.000000	0.000000
10	tsk_10	(x)	1	:	0.000000	0.000061	0.000000	0.000000	0.000000	0.000000	0.000000	0.000000	0.477684	0.522255
11	tsk_11	(x)	1	:	0.182000	0.000711	0.000000	0.000000	0.000000	0.000000	0.320145	0.000000	0.497144	0.000000
12	tsk_12	(x)	1	:	0.000000	0.000000	0.000000	0.000000	0.000000	0.000000	0.000000	0.000000	0.000000	1.000000
13	tsk_13	(x)	1	:	0.000000	0.000079	0.000000	0.000000	0.000000	0.000000	0.000000	0.000000	0.477671	0.522249
14	tsk_14	(x)	1	:	0.000001	0.468122	0.000000	0.000000	0.000000	0.000000	0.000001	0.000000	0.000000	0.531877
15	tsk_15	(x)	1	:	0.023641	0.006650	0.000000	0.474362	0.000000	0.000000	0.000000	0.000000	0.495347	0.000000
16	tsk_16	(x)	1	:	0.000000	0.000000	0.000000	0.000000	0.000000	0.000000	0.000000	0.000000	1.000000	0.000000
17	tsk_17	(x)	1	:	0.000092	0.000000	0.000008	0.434332	0.000000	0.000000	0.000185	0.000000	0.000000	0.565384
18	tsk_18	(x)	1	:	0.171541	0.000000	0.000000	0.000000	0.000000	0.000000	0.242710	0.000000	0.000000	0.585749
19	tsk_19	(x)	1	:	0.000001	0.468121	0.000000	0.000000	0.000000	0.000000	0.000001	0.000000	0.000000	0.531877
20	tsk_20	(x)	1	:	0.426978	0.000000	0.000000	0.000000	0.000000	0.499718	0.073304	0.000000	0.000000	0.000000
21	tsk_21	(x)	1	:	0.000000	1.000000	0.000000	0.000000	0.000000	0.000000	0.000000	0.000000	0.000000	0.000000
22	tsk_22	(x)	1	:	0.631005	0.000000	0.000000	0.000000	0.000000	0.000000	0.368995	0.000000	0.000000	0.000000
23	tsk_23	(x)	1	:	0.127077	0.000000	0.000000	0.000000	0.000000	0.499717	0.373206	0.000000	0.000000	0.000000
24	tsk_24	(x)	1	:	0.535124	0.000000	0.000000	0.000000	0.000000	0.000000	0.464875	0.000000	0.000000	0.000000
25	tsk_25	(x)	1	:	0.149915	0.001300	0.000000	0.000000	0.000000	0.000000	0.351995	0.000000	0.496790	0.000000
26	tsk_26	(x)	1	:	0.381386	0.000000	0.000000	0.000000	0.000000	0.000000	0.618614	0.000000	0.000000	0.000000
27	tsk_27	(x)	1	:	0.314559	0.496109	0.000000	0.000000	0.000000	0.000000	0.189332	0.000000	0.000000	0.000000
28	tsk_28	(x)	1	:	0.156204	0.000000	0.000000	0.465233	0.000000	0.000000	0.378563	0.000000	0.000000	0.000000
29	tsk_29	(x)	1	:	0.000044	0.497056	0.000000	0.000000	0.502835	0.000000	0.000065	0.000000	0.000000	0.000000
30	tsk_30	(x)	1	:	0.385705	0.000000	0.000000	0.000000	0.000000	0.000000	0.614295	0.000000	0.000000	0.000000
31	tsk_31	(x)	1	:	0.353648	0.002698	0.000000	0.000000	0.000000	0.000000	0.147704	0.000000	0.495950	0.000000
32	tsk_32	(x)	1	:	0.495787	0.000000	0.000000	0.000000	0.000000	0.000000	0.504213	0.000000	0.000000	0.000000
33	tsk_33	(x)	1	:	0.141365	0.496267	0.000000	0.000000	0.000000	0.000000	0.036328	0.000000	0.000000	0.326039
34	tsk_34	(x)	1	:	0.082337	0.000000	0.000000	0.465645	0.000000	0.000000	0.126137	0.000000	0.000000	0.325881
35	tsk_35	(x)	1	:	0.133425	0.000000	0.000000	0.465233	0.000000	0.000000	0.401342	0.000000	0.000000	0.000000
36	tsk_36	(x)	1	:	0.195106	0.000000	0.000000	0.000000	0.000000	0.000000	0.804894	0.000000	0.000000	0.000000
37	tsk_37	(x)	1	:	0.469202	0.000000	0.000000	0.000000	0.000000	0.000000	0.205173	0.000000	0.000000	0.325625
38	tsk_38	(x)	1	:	0.061556	0.000000	0.000000	0.465666	0.000000	0.000000	0.146883	0.000000	0.000000	0.325895
39	tsk_39	(x)	1	:	0.311559	0.000000	0.000000	0.000000	0.000000	0.000000	0.362819	0.000000	0.000000	0.325621
40	tsk_40	(x)	1	:	0.266638	0.000000	0.000000	0.000000	0.000000	0.000000	0.733362	0.000000	0.000000	0.000000
41	tsk_41	(x)	1	:	0.239516	0.000000	0.000000	0.000000	0.000000	0.000000	0.760484	0.000000	0.000000	0.000000
42	tsk_42	(x)	1	:	0.335302	0.000000	0.000000	0.000000	0.000000	0.000000	0.664697	0.000000	0.000000	0.000000
43	tsk_43	(x)	1	:	0.691188	0.000000	0.000000	0.000000	0.000000	0.000000	0.308811	0.000000	0.000000	0.000000
44	tsk_44	(x)	1	:	0.633252	0.000000	0.000000	0.000000	0.000000	0.000000	0.366748	0.000000	0.000000	0.000000
45	tsk_45	(x)	1	:	0.262104	0.000000	0.000000	0.465217	0.000000	0.000000	0.272679	0.000000	0.000000	0.000000
46	tsk_46	(x)	1	:	0.287020	0.000000	0.000000	0.000000	0.000000	0.000000	0.712980	0.000000	0.000000	0.000000
47	tsk_47	(x)	1	:	0.674418	0.000000	0.000000	0.000000	0.000000	0.000000	0.325582	0.000000	0.000000	0.000000
48	tsk_48	(x)	1	:	0.495570	0.000000	0.000000	0.000000	0.000000	0.000000	0.504430	0.000000	0.000000	0.000000
49	tsk_49	(x)	1	:	1.000000	0.000000	0.000000	0.000000	0.000000	0.000000	0.000000	0.000000	0.000000	0.000000
50	tsk_50	(x)	1	:	0.328977	0.496108	0.000000	0.000000	0.000000	0.000000	0.174915	0.000000	0.000000	0.000000
51	tsk_51	(x)	1	:	0.262176	0.496108	0.000000	0.000000	0.000000	0.000000	0.241715	0.000000	0.000000	0.000000
52	tsk_52	(x)	1	:	0.000000	1.000000	0.000000	0.000000	0.000000	0.000000	0.000000	0.000000	0.000000	0.000000
53	tsk_53	(x)	1	:	0.434177	0.000000	0.000000	0.000000	0.000000	0.000000	0.565823	0.000000	0.000000	0.000000
54	tsk_54	(x)	1	:	0.182834	0.000000	0.000000	0.000000	0.000000	0.000000	0.231412	0.000000	0.000000	0.585754
55	tsk_55	(x)	1	:	0.207690	0.000000	0.000000	0.000000	0.000000	0.000000	0.206559	0.000000	0.000000	0.585751
56	tsk_56	(x)	1	:	0.000001	0.468122	0.000000	0.000000	0.000000	0.000000	0.000000	0.000000	0.000000	0.531877
57	tsk_57	(x)	1	:	0.173461	0.000000	0.000000	0.000000	0.000000	0.000000	0.240790	0.000000	0.000000	0.585749
58	tsk_58	(x)	1	:	0.131190	0.496110	0.000000	0.000000	0.000000	0.000000	0.372700	0.000000	0.000000	0.000000
59	tsk_59	(x)	1	:	0.000001	0.468121	0.000000	0.000000	0.000000	0.000000	0.000001	0.000000	0.000000	0.531877
60	tsk_60	(x)	1	:	0.000000	0.000000	0.000000	0.000000	0.000000	0.000000	0.000000	0.000000	1.000000	0.000000
61	tsk_61	(x)	1	:	0.185183	0.000000	0.000000	0.000000	0.000000	0.000000	0.270461	0.000000	0.544356	0.000000
62	tsk_62	(x)	1	:	0.010302	0.005581	0.000015	0.466926	0.000000	0.000000	0.022644	0.000000	0.494531	0.000000
63	tsk_63	(x)	1	:	0.209207	0.000000	0.000000	0.000000	0.000000	0.000000	0.293223	0.000000	0.497570	0.000000
64	tsk_64	(x)	1	:	0.132849	0.000000	0.000000	0.000000	0.000000	0.000000	0.369581	0.000000	0.497570	0.000000
65	tsk_65	(x)	1	:	0.010282	0.005563	0.000007	0.466910	0.000000	0.000000	0.022701	0.000000	0.494536	0.000000
66	tsk_66	(x)	1	:	0.000000	0.000000	0.000000	0.000000	0.000000	0.000000	0.000000	0.000000	1.000000	0.000000
67	tsk_67	(x)	1	:	0.148610	0.000000	0.000000	0.000000	0.000000	0.000000	0.353820	0.000000	0.497570	0.000000
68	tsk_68	(x)	1	:	0.000000	0.000000	0.000000	0.000000	0.000000	0.000000	0.000000	0.000000	1.000000	0.000000
69	tsk_69	(x)	1	:	0.004542	0.004819	0.000024	0.465151	0.000000	0.000000	0.030816	0.000000	0.494648	0.000000
70	tsk_70	(x)	1	:	0.237948	0.000000	0.000000	0.000000	0.000000	0.000000	0.762052	0.000000	0.000000	0.000000
71	tsk_71	(x)	1	:	0.000000	1.000000	0.000000	0.000000	0.000000	0.000000	0.000000	0.000000	0.000000	0.000000
72	tsk_72	(x)	1	:	0.105417	0.569547	0.000000	0.000000	0.000000	0.000000	0.000000	0.000000	0.000000	0.325035
73	tsk_73	(x)	1	:	0.228528	0.000000	0.000000	0.000000	0.000000	0.000000	0.445860	0.000000	0.000000	0.325612
74	tsk_74	(x)	1	:	0.174488	0.000000	0.000000	0.000000	0.000000	0.000000	0.034300	0.000000	0.000000	0.791212
75	tsk_75	(x)	1	:	0.317919	0.000000	0.000000	0.000000	0.000000	0.000000	0.356452	0.000000	0.000000	0.325629
76	tsk_76	(x)	1	:	0.346063	0.000000	0.000000	0.000000	0.000000	0.000000	0.328289	0.000000	0.000000	0.325648
77	tsk_77	(x)	1	:	0.385315	0.000000	0.000000	0.000000	0.000000	0.000000	0.289067	0.000000	0.000000	0.325618
78	tsk_78	(x)	1	:	0.283425	0.000000	0.000000	0.465150	0.000000	0.000000	0.251426	0.000000	0.000000	0.000000
79	tsk_79	(x)	1	:	0.307177	0.000000	0.000000	0.000000	0.000000	0.000000	0.367198	0.000000	0.000000	0.325625
80	tsk_80	(x)	1	:	0.000000	0.000000	0.000000	0.000000	0.000000	0.455976	0.000000	0.544024	0.000000	0.000000
81	tsk_81	(x)	1	:	0.337820	0.000000	0.000000	0.465252	0.000000	0.000000	0.196928	0.000000	0.000000	0.000000
82	tsk_82	(x)	1	:	0.000649	0.000000	0.000050	0.529661	0.000000	0.000000	0.001162	0.468478	0.000000	0.000000
83	tsk_83	(x)	1	:	0.077563	0.000000	0.000000	0.465180	0.000000	0.000000	0.457257	0.000000	0.000000	0.000000
84	tsk_84	(x)	1	:	0.000000	0.000000	0.000000	1.000000	0.000000	0.000000	0.000000	0.000000	0.000000	0.000000
85	tsk_85	(x)	1	:	0.187258	0.000000	0.000000	0.465159	0.000000	0.000000	0.347584	0.000000	0.000000	0.000000
86	tsk_86	(x)	1	:	0.000615	0.000000	0.000022	0.529622	0.000000	0.000000	0.001347	0.468394	0.000000	0.000000
87	tsk_87	(x)	1	:	0.000000	0.000000	0.000000	0.529517	0.000000	0.000000	0.000000	0.000000	0.000000	0.470483
88	tsk_88	(x)	1	:	0.232380	0.000000	0.000000	0.000000	0.000000	0.000000	0.767620	0.000000	0.000000	0.000000
89	tsk_89	(x)	1	:	0.102525	0.000000	0.000000	0.000000	0.000000	0.000000	0.897474	0.000000	0.000000	0.000000
90	tsk_90	(x)	1	:	0.257827	0.000000	0.000000	0.465184	0.000000	0.000000	0.276988	0.000000	0.000000	0.000000
91	tsk_91	(x)	1	:	0.194088	0.496109	0.000000	0.000000	0.000000	0.000000	0.309803	0.000000	0.000000	0.000000
92	tsk_92	(x)	1	:	0.386711	0.000000	0.000000	0.000000	0.000000	0.000000	0.613289	0.000000	0.000000	0.000000
93	tsk_93	(x)	1	:	0.028833	0.496109	0.000000	0.000000	0.000000	0.000000	0.475058	0.000000	0.000000	0.000000
94	tsk_94	(x)	1	:	0.225307	0.496110	0.000000	0.000000	0.000000	0.000000	0.278583	0.000000	0.000000	0.000000
95	tsk_95	(x)	1	:	0.320982	0.000000	0.000000	0.465171	0.000000	0.000000	0.213847	0.000000	0.000000	0.000000
96	tsk_96	(x)	1	:	0.098349	0.496110	0.000000	0.000000	0.000000	0.000000	0.405541	0.000000	0.000000	0.000000
97	tsk_97	(x)	1	:	0.498646	0.000000	0.000000	0.000000	0.000000	0.000000	0.501354	0.000000	0.000000	0.000000
98	tsk_98	(x)	1	:	0.223583	0.496110	0.000000	0.000000	0.000000	0.000000	0.280307	0.000000	0.000000	0.000000
99	tsk_99	(x)	1	:	0.160241	0.000000	0.000000	0.000000	0.000000	0.000000	0.839759	0.000000	0.000000	0.000000
