logL = -834.650300 (converged)
AIC = 1965.300599
BIC = 2350.865787

count.K
85 15 

