logL = -454.475752 (converged)
AIC = 2976.951505
BIC = 5670.697477

count.K
11 6 4 30 2 4 18 14 11 

