logL = -926.961017 (converged)
AIC = 4213.922033
BIC = 7288.022853

count.K
1 4 2 1 1 18 11 25 11 26 

