logL = -370.266229 (converged)
AIC = 2192.532459
BIC = 4083.886014

count.K
2 1 10 6 10 65 6 

