logL = -1286.811104 (converged)
AIC = 4803.622208
BIC = 7708.386965

count.K
12 20 23 2 32 7 0 3 1 

