logL = -660.096674 (converged)
AIC = 3586.193348
BIC = 6537.851168

count.K
9 2 7 1 0 33 5 30 13 

