logL = -827.404567 (converged)
AIC = 3038.809134
BIC = 4841.586903

count.K
14 21 12 7 19 27 

