0	tsk_0	(x)	1	:	0.000000	0.580981	0.282779	0.000000	0.136240
1	tsk_1	(x)	1	:	0.000000	0.000000	0.000373	0.485981	0.513646
2	tsk_2	(x)	1	:	0.000000	1.000000	0.000000	0.000000	0.000000
3	tsk_3	(x)	1	:	0.000000	0.547343	0.038578	0.000000	0.414078
4	tsk_4	(x)	1	:	0.000000	1.000000	0.000000	0.000000	0.000000
5	tsk_5	(x)	1	:	0.000000	0.580981	0.282176	0.000000	0.136843
6	tsk_6	(x)	1	:	0.000000	0.508479	0.000024	0.000000	0.491497
7	tsk_7	(x)	1	:	0.000000	0.580981	0.282767	0.000000	0.136252
8	tsk_8	(x)	1	:	0.476143	0.523857	0.000000	0.000000	0.000000
9	tsk_9	(x)	1	:	0.000000	0.547344	0.034651	0.000000	0.418005
10	tsk_10	(x)	1	:	0.000000	0.000000	0.074252	0.562992	0.362756
11	tsk_11	(x)	1	:	0.000000	0.547343	0.041799	0.000000	0.410858
12	tsk_12	(x)	1	:	0.000000	0.000000	0.065565	0.562995	0.371441
13	tsk_13	(x)	1	:	0.000000	0.432911	0.058929	0.480224	0.027937
14	tsk_14	(x)	1	:	0.486652	0.000000	0.000021	0.513325	0.000002
15	tsk_15	(x)	1	:	0.000000	0.000000	0.445259	0.000000	0.554741
16	tsk_16	(x)	1	:	0.500820	0.000000	0.016517	0.479011	0.003653
17	tsk_17	(x)	1	:	0.000000	0.000000	0.104055	0.480323	0.415622
18	tsk_18	(x)	1	:	0.000000	0.000000	0.052821	0.562999	0.384180
19	tsk_19	(x)	1	:	0.000000	0.433078	0.511198	0.000000	0.055724
20	tsk_20	(x)	1	:	0.501212	0.000000	0.479185	0.000000	0.019603
21	tsk_21	(x)	1	:	1.000000	0.000000	0.000000	0.000000	0.000000
22	tsk_22	(x)	1	:	1.000000	0.000000	0.000000	0.000000	0.000000
23	tsk_23	(x)	1	:	1.000000	0.000000	0.000000	0.000000	0.000000
24	tsk_24	(x)	1	:	1.000000	0.000000	0.000000	0.000000	0.000000
25	tsk_25	(x)	1	:	1.000000	0.000000	0.000000	0.000000	0.000000
26	tsk_26	(x)	1	:	1.000000	0.000000	0.000000	0.000000	0.000000
27	tsk_27	(x)	1	:	0.501213	0.000000	0.481809	0.000000	0.016978
28	tsk_28	(x)	1	:	0.501214	0.000000	0.483034	0.000000	0.015752
29	tsk_29	(x)	1	:	1.000000	0.000000	0.000000	0.000000	0.000000
30	tsk_30	(x)	1	:	0.000000	0.000000	0.395971	0.000000	0.604029
31	tsk_31	(x)	1	:	0.000000	0.000000	0.175316	0.480312	0.344372
32	tsk_32	(x)	1	:	0.000000	0.000000	0.000000	1.000000	0.000000
33	tsk_33	(x)	1	:	0.000000	0.000000	0.389002	0.000000	0.610998
34	tsk_34	(x)	1	:	0.000000	0.000000	0.147385	0.480313	0.372302
35	tsk_35	(x)	1	:	0.000000	0.000000	0.448048	0.000000	0.551952
36	tsk_36	(x)	1	:	0.000000	0.000000	0.000000	1.000000	0.000000
37	tsk_37	(x)	1	:	0.000000	0.000000	0.000000	1.000000	0.000000
38	tsk_38	(x)	1	:	0.000000	0.000000	1.000000	0.000000	0.000000
39	tsk_39	(x)	1	:	0.000000	0.000000	0.562457	0.000000	0.437543
40	tsk_40	(x)	1	:	0.000000	0.547343	0.041091	0.000000	0.411566
41	tsk_41	(x)	1	:	0.041867	0.000000	0.540559	0.000000	0.417574
42	tsk_42	(x)	1	:	0.501215	0.000000	0.484409	0.000000	0.014376
43	tsk_43	(x)	1	:	0.501215	0.000000	0.486338	0.000000	0.012447
44	tsk_44	(x)	1	:	0.000000	0.000000	0.097140	0.555015	0.347845
45	tsk_45	(x)	1	:	0.000000	0.547344	0.035043	0.000000	0.417613
46	tsk_46	(x)	1	:	0.000000	0.000000	0.088949	0.562989	0.348062
47	tsk_47	(x)	1	:	0.000000	0.000000	0.132595	0.480315	0.387090
48	tsk_48	(x)	1	:	0.501213	0.000000	0.480154	0.000000	0.018633
49	tsk_49	(x)	1	:	0.501210	0.000000	0.473126	0.000000	0.025665
50	tsk_50	(x)	1	:	0.000000	0.433097	0.536343	0.000000	0.030560
51	tsk_51	(x)	1	:	0.000000	1.000000	0.000000	0.000000	0.000000
52	tsk_52	(x)	1	:	0.000000	1.000000	0.000000	0.000000	0.000000
53	tsk_53	(x)	1	:	0.535224	0.464776	0.000000	0.000000	0.000000
54	tsk_54	(x)	1	:	0.535224	0.464776	0.000000	0.000000	0.000000
55	tsk_55	(x)	1	:	0.000000	0.000000	0.632707	0.000000	0.367293
56	tsk_56	(x)	1	:	1.000000	0.000000	0.000000	0.000000	0.000000
57	tsk_57	(x)	1	:	0.000000	0.433088	0.525143	0.000000	0.041769
58	tsk_58	(x)	1	:	0.000000	0.433082	0.517267	0.000000	0.049650
59	tsk_59	(x)	1	:	0.000000	0.462617	0.000002	0.536639	0.000742
60	tsk_60	(x)	1	:	0.000000	0.000000	0.000000	0.000000	1.000000
61	tsk_61	(x)	1	:	0.000000	0.476533	0.195172	0.000000	0.328295
62	tsk_62	(x)	1	:	0.000000	0.000000	0.000000	0.000000	1.000000
63	tsk_63	(x)	1	:	0.000000	0.000000	0.672645	0.000000	0.327355
64	tsk_64	(x)	1	:	0.000000	0.000000	0.529938	0.000000	0.470062
65	tsk_65	(x)	1	:	0.000000	0.000000	0.537485	0.000000	0.462515
66	tsk_66	(x)	1	:	0.000000	0.000000	0.534239	0.000000	0.465761
67	tsk_67	(x)	1	:	0.000000	0.000000	0.000000	0.000000	1.000000
68	tsk_68	(x)	1	:	0.000000	0.000000	0.512675	0.000000	0.487325
69	tsk_69	(x)	1	:	0.000000	0.000000	0.406177	0.000000	0.593823
70	tsk_70	(x)	1	:	0.501213	0.000000	0.479670	0.000000	0.019118
71	tsk_71	(x)	1	:	0.501208	0.000000	0.470167	0.000000	0.028625
72	tsk_72	(x)	1	:	0.000000	0.000000	0.000000	1.000000	0.000000
73	tsk_73	(x)	1	:	0.000000	0.000000	0.000000	1.000000	0.000000
74	tsk_74	(x)	1	:	0.000000	0.000000	0.231387	0.557088	0.211526
75	tsk_75	(x)	1	:	0.000000	0.232150	0.449158	0.318692	0.000000
76	tsk_76	(x)	1	:	0.000000	0.224936	0.392267	0.382797	0.000000
77	tsk_77	(x)	1	:	0.000000	0.000000	0.019979	0.555722	0.424298
78	tsk_78	(x)	1	:	1.000000	0.000000	0.000000	0.000000	0.000000
79	tsk_79	(x)	1	:	0.000000	0.000000	0.000000	1.000000	0.000000
80	tsk_80	(x)	1	:	0.000000	0.000000	0.000000	1.000000	0.000000
81	tsk_81	(x)	1	:	0.000000	0.537373	0.000000	0.458260	0.004368
82	tsk_82	(x)	1	:	0.000000	0.547344	0.038313	0.000000	0.414344
83	tsk_83	(x)	1	:	0.000000	0.537377	0.000000	0.458270	0.004354
84	tsk_84	(x)	1	:	0.000000	0.000000	0.072757	0.562993	0.364250
85	tsk_85	(x)	1	:	0.000000	0.000000	0.000000	1.000000	0.000000
86	tsk_86	(x)	1	:	0.000000	0.000000	0.000000	1.000000	0.000000
87	tsk_87	(x)	1	:	0.000000	0.000000	0.587215	0.000000	0.412785
88	tsk_88	(x)	1	:	0.000000	0.000000	0.203917	0.480315	0.315768
89	tsk_89	(x)	1	:	0.000000	0.561438	0.000525	0.437392	0.000645
90	tsk_90	(x)	1	:	0.000000	0.000000	0.000000	1.000000	0.000000
91	tsk_91	(x)	1	:	0.000000	0.000000	0.000000	1.000000	0.000000
92	tsk_92	(x)	1	:	0.000000	0.000000	0.000000	1.000000	0.000000
93	tsk_93	(x)	1	:	0.486652	0.000000	0.000019	0.513327	0.000002
94	tsk_94	(x)	1	:	0.503318	0.000000	0.000016	0.496664	0.000002
95	tsk_95	(x)	1	:	0.000000	0.000000	0.049495	0.563000	0.387505
96	tsk_96	(x)	1	:	0.500734	0.000000	0.018031	0.478654	0.002582
97	tsk_97	(x)	1	:	1.000000	0.000000	0.000000	0.000000	0.000000
98	tsk_98	(x)	1	:	0.520089	0.000000	0.005674	0.472767	0.001470
99	tsk_99	(x)	1	:	0.000000	0.000000	0.000000	1.000000	0.000000
