logL = -1047.027228 (converged)
AIC = 2418.054455
BIC = 2840.092025

count.K
54 46 

