logL = -554.103676 (converged)
AIC = 3266.207352
BIC = 6077.185983

count.K
8 4 9 9 34 9 1 8 18 

