logL = -402.052536 (converged)
AIC = 3184.105072
BIC = 6284.257593

count.K
3 11 3 3 23 7 9 15 20 6 

