logL = -470.755291 (converged)
AIC = 2661.510582
BIC = 4901.956942

count.K
1 15 40 12 7 0 1 24 

