logL = -609.489085 (converged)
AIC = 2002.978169
BIC = 3024.204882

count.K
23 36 33 8 

