logL = -2211.639065 (converged)
AIC = 4803.278130
BIC = 5298.260465

count.K
48 52 

