logL = -1192.384562 (converged)
AIC = 3962.769124
BIC = 6018.248400

count.K
21 47 1 10 11 1 9 

