logL = -566.302808 (converged)
AIC = 3110.605616
BIC = 5687.118930

count.K
0 17 11 8 6 12 8 22 16 

