logL = -1020.026029 (converged)
AIC = 2650.052058
BIC = 3444.628965

count.K
28 51 21 

