logL = -461.737691 (converged)
AIC = 2643.475382
BIC = 4883.921742

count.K
14 5 12 18 31 18 0 2 

