logL = -465.116669 (converged)
AIC = 1690.233339
BIC = 2680.198009

count.K
27 30 9 34 

