logL = -352.944358 (converged)
AIC = 1473.888716
BIC = 2474.274067

count.K
48 11 27 14 

