logL = -534.340555 (converged)
AIC = 2820.681111
BIC = 5102.810194

count.K
23 9 14 9 10 25 10 0 

