logL = -840.986787 (converged)
AIC = 2505.973573
BIC = 3579.303690

count.K
29 30 7 34 

