logL = -698.697212 (converged)
AIC = 3017.394424
BIC = 5127.582275

count.K
16 21 20 2 21 11 9 

