0	tsk_0	(x)	1	:	0.001368	0.000008	0.000000	0.001534	0.000000	0.995847	0.000000	0.000000	0.001243
1	tsk_1	(x)	1	:	0.281943	0.000000	0.000000	0.114186	0.000000	0.000000	0.497410	0.000000	0.106461
2	tsk_2	(x)	1	:	0.000000	0.000000	0.000000	0.000000	0.000000	0.000000	1.000000	0.000000	0.000000
3	tsk_3	(x)	1	:	0.000000	0.000000	0.000000	0.000000	0.000000	0.000000	1.000000	0.000000	0.000000
4	tsk_4	(x)	1	:	0.063605	0.000000	0.000000	0.273095	0.000000	0.000000	0.527789	0.000000	0.135512
5	tsk_5	(x)	1	:	0.149879	0.000000	0.000000	0.249618	0.000000	0.000000	0.497410	0.000000	0.103094
6	tsk_6	(x)	1	:	0.034431	0.000000	0.000000	0.239717	0.000000	0.000000	0.497410	0.000000	0.228441
7	tsk_7	(x)	1	:	0.056992	0.000000	0.000000	0.380258	0.000000	0.000000	0.527789	0.000000	0.034962
8	tsk_8	(x)	1	:	0.000000	0.000000	0.000000	0.000000	0.000000	0.000000	1.000000	0.000000	0.000000
9	tsk_9	(x)	1	:	0.034413	0.000000	0.000000	0.303128	0.000000	0.000000	0.497410	0.000000	0.165049
10	tsk_10	(x)	1	:	0.193162	0.000000	0.000000	0.151287	0.000000	0.000000	0.000000	0.494784	0.160767
11	tsk_11	(x)	1	:	0.230319	0.000000	0.000000	0.218293	0.166667	0.000000	0.000000	0.000000	0.384720
12	tsk_12	(x)	1	:	0.092950	0.000000	0.000000	0.297159	0.000000	0.000000	0.497410	0.000000	0.112482
13	tsk_13	(x)	1	:	0.820839	0.000000	0.000000	0.070829	0.000000	0.000000	0.000000	0.000000	0.108332
14	tsk_14	(x)	1	:	0.527761	0.000000	0.000000	0.188163	0.000000	0.000000	0.000000	0.000000	0.284075
15	tsk_15	(x)	1	:	0.292835	0.000000	0.000000	0.060328	0.000000	0.000000	0.000000	0.000000	0.646837
16	tsk_16	(x)	1	:	0.111148	0.000000	0.000000	0.351162	0.000000	0.000000	0.497410	0.000000	0.040280
17	tsk_17	(x)	1	:	0.443412	0.000000	0.000000	0.138607	0.000000	0.000000	0.000000	0.000000	0.417981
18	tsk_18	(x)	1	:	0.195975	0.000000	0.000000	0.187572	0.000000	0.000000	0.497410	0.000000	0.119043
19	tsk_19	(x)	1	:	0.503386	0.000000	0.000000	0.260202	0.000000	0.000000	0.000000	0.000000	0.236412
20	tsk_20	(x)	1	:	0.321287	0.000000	0.000000	0.299287	0.000000	0.000000	0.000000	0.000000	0.379426
21	tsk_21	(x)	1	:	0.225365	0.000000	0.000000	0.280820	0.000000	0.000000	0.000000	0.000000	0.493816
22	tsk_22	(x)	1	:	0.442076	0.000000	0.000000	0.279567	0.000000	0.000000	0.000000	0.000000	0.278357
23	tsk_23	(x)	1	:	0.542380	0.000000	0.000000	0.238983	0.000000	0.000000	0.000000	0.000000	0.218637
24	tsk_24	(x)	1	:	0.272027	0.000000	0.000000	0.341701	0.000000	0.000000	0.000000	0.000000	0.386271
25	tsk_25	(x)	1	:	0.356946	0.000000	0.000000	0.054925	0.000000	0.000000	0.000000	0.000000	0.588128
26	tsk_26	(x)	1	:	0.361310	0.000000	0.000000	0.298419	0.000000	0.000000	0.000000	0.000000	0.340271
27	tsk_27	(x)	1	:	0.261653	0.000000	0.000000	0.163793	0.000000	0.000000	0.000000	0.000000	0.574554
28	tsk_28	(x)	1	:	0.347143	0.000000	0.000000	0.215835	0.000000	0.000000	0.000000	0.000000	0.437022
29	tsk_29	(x)	1	:	0.149331	0.000000	0.000000	0.087569	0.500000	0.000000	0.000000	0.000000	0.263100
30	tsk_30	(x)	1	:	0.125718	0.000000	0.000000	0.394936	0.000000	0.000000	0.000000	0.000000	0.479346
31	tsk_31	(x)	1	:	0.119520	0.000000	0.486195	0.165776	0.000000	0.000000	0.000000	0.000000	0.228508
32	tsk_32	(x)	1	:	0.208512	0.000000	0.000000	0.326638	0.166667	0.000000	0.000000	0.000000	0.298183
33	tsk_33	(x)	1	:	0.367670	0.000000	0.000000	0.113628	0.000000	0.000000	0.000000	0.000000	0.518702
34	tsk_34	(x)	1	:	0.329104	0.000000	0.000000	0.049756	0.000000	0.000000	0.000000	0.000000	0.621140
35	tsk_35	(x)	1	:	0.398417	0.000000	0.000000	0.000000	0.000000	0.000000	0.000000	0.000000	0.601583
36	tsk_36	(x)	1	:	0.372204	0.000000	0.000000	0.278251	0.000000	0.000000	0.000000	0.000000	0.349545
37	tsk_37	(x)	1	:	0.186540	0.000000	0.000000	0.176849	0.000000	0.000000	0.497410	0.000000	0.139201
38	tsk_38	(x)	1	:	0.445397	0.000000	0.000000	0.220113	0.000000	0.000000	0.000000	0.000000	0.334490
39	tsk_39	(x)	1	:	0.167961	0.000000	0.000000	0.098233	0.500000	0.000000	0.000000	0.000000	0.233806
40	tsk_40	(x)	1	:	0.071201	0.000000	0.000000	0.330672	0.000000	0.000000	0.497410	0.000000	0.100717
41	tsk_41	(x)	1	:	0.246917	0.000000	0.000000	0.086643	0.500000	0.000000	0.000000	0.000000	0.166440
42	tsk_42	(x)	1	:	0.064618	0.000000	0.000000	0.037615	0.000000	0.000000	0.000000	0.543089	0.354678
43	tsk_43	(x)	1	:	0.190280	0.000000	0.000000	0.179388	0.000000	0.000000	0.000000	0.000000	0.630332
44	tsk_44	(x)	1	:	0.000000	0.000000	0.000000	0.000000	0.501886	0.000000	0.498114	0.000000	0.000000
45	tsk_45	(x)	1	:	0.151662	0.000000	0.486119	0.170238	0.000000	0.000000	0.000000	0.000000	0.191981
46	tsk_46	(x)	1	:	0.000000	0.000000	0.000000	0.000000	1.000000	0.000000	0.000000	0.000000	0.000000
47	tsk_47	(x)	1	:	0.149648	0.000000	0.000000	0.566124	0.000000	0.000000	0.000000	0.000000	0.284228
48	tsk_48	(x)	1	:	0.263584	0.000000	0.000000	0.198746	0.000000	0.000000	0.000000	0.494784	0.042886
49	tsk_49	(x)	1	:	0.000000	0.000000	0.000000	0.000000	0.000000	0.000000	1.000000	0.000000	0.000000
50	tsk_50	(x)	1	:	0.003992	0.000001	0.485978	0.002537	0.499910	0.000000	0.000000	0.000000	0.007583
51	tsk_51	(x)	1	:	0.008372	0.000001	0.485980	0.000892	0.499911	0.000000	0.000000	0.000000	0.004845
52	tsk_52	(x)	1	:	0.000000	0.000000	1.000000	0.000000	0.000000	0.000000	0.000000	0.000000	0.000000
53	tsk_53	(x)	1	:	0.000000	0.000000	0.527764	0.000000	0.000000	0.000000	0.472236	0.000000	0.000000
54	tsk_54	(x)	1	:	0.216294	0.000000	0.000000	0.064175	0.500000	0.000000	0.000000	0.000000	0.219531
55	tsk_55	(x)	1	:	0.121316	0.000000	0.000000	0.054598	0.500000	0.000000	0.000000	0.000000	0.324086
56	tsk_56	(x)	1	:	0.254372	0.000000	0.000000	0.148323	0.500000	0.000000	0.000000	0.000000	0.097305
57	tsk_57	(x)	1	:	0.000000	0.000000	0.000000	0.000000	1.000000	0.000000	0.000000	0.000000	0.000000
58	tsk_58	(x)	1	:	0.140807	0.000000	0.000000	0.194238	0.500000	0.000000	0.000000	0.000000	0.164954
59	tsk_59	(x)	1	:	0.196025	0.000000	0.485930	0.131795	0.000000	0.000000	0.000000	0.000000	0.186251
60	tsk_60	(x)	1	:	0.289070	0.499054	0.000000	0.043219	0.000000	0.000000	0.000000	0.000000	0.168656
61	tsk_61	(x)	1	:	0.413558	0.000000	0.000000	0.104315	0.166667	0.000000	0.000000	0.000000	0.315461
62	tsk_62	(x)	1	:	0.396164	0.000000	0.000000	0.249697	0.166667	0.000000	0.000000	0.000000	0.187473
63	tsk_63	(x)	1	:	0.502714	0.000000	0.000000	0.260789	0.000000	0.000000	0.000000	0.000000	0.236496
64	tsk_64	(x)	1	:	0.269471	0.000000	0.000000	0.105013	0.000000	0.000000	0.497410	0.000000	0.128107
65	tsk_65	(x)	1	:	0.335485	0.000000	0.000000	0.347846	0.000000	0.000000	0.000000	0.000000	0.316669
66	tsk_66	(x)	1	:	0.298095	0.000000	0.000000	0.280299	0.000000	0.000000	0.000000	0.000000	0.421606
67	tsk_67	(x)	1	:	0.135432	0.000000	0.485985	0.055662	0.166628	0.000000	0.000000	0.000000	0.156293
68	tsk_68	(x)	1	:	0.281650	0.000000	0.000000	0.184557	0.000000	0.000000	0.497410	0.000000	0.036384
69	tsk_69	(x)	1	:	0.322935	0.000000	0.000000	0.066702	0.000000	0.000000	0.000000	0.000000	0.610364
70	tsk_70	(x)	1	:	0.226952	0.000000	0.485644	0.039246	0.166577	0.000000	0.000000	0.000000	0.081581
71	tsk_71	(x)	1	:	0.247248	0.000000	0.000000	0.219486	0.000000	0.000000	0.497410	0.000000	0.035856
72	tsk_72	(x)	1	:	0.198063	0.000000	0.486130	0.164702	0.000000	0.000000	0.000000	0.000000	0.151105
73	tsk_73	(x)	1	:	0.192312	0.000000	0.486137	0.260784	0.000000	0.000000	0.000000	0.000000	0.060767
74	tsk_74	(x)	1	:	0.176624	0.000000	0.000000	0.133796	0.000000	0.000000	0.497410	0.000000	0.192170
75	tsk_75	(x)	1	:	0.165359	0.000000	0.486072	0.112524	0.000000	0.000000	0.000000	0.000000	0.236046
76	tsk_76	(x)	1	:	0.000000	0.000000	0.485978	0.155111	0.000000	0.000000	0.000000	0.000000	0.358911
77	tsk_77	(x)	1	:	0.090240	0.000000	0.000000	0.244513	0.000000	0.000000	0.497410	0.000000	0.167837
78	tsk_78	(x)	1	:	0.000000	0.000000	0.500773	0.000000	0.000000	0.000000	0.499227	0.000000	0.000000
79	tsk_79	(x)	1	:	0.377799	0.000000	0.000000	0.176711	0.000000	0.000000	0.000000	0.000000	0.445491
80	tsk_80	(x)	1	:	0.011509	0.000000	0.486244	0.001698	0.000000	0.000000	0.000000	0.494782	0.005766
81	tsk_81	(x)	1	:	0.000000	0.502303	0.000000	0.000000	0.000000	0.000000	0.497697	0.000000	0.000000
82	tsk_82	(x)	1	:	0.052935	0.000000	0.000000	0.230276	0.000000	0.000000	0.000000	0.494784	0.222006
83	tsk_83	(x)	1	:	0.504042	0.000000	0.000000	0.225177	0.000000	0.000000	0.000000	0.000000	0.270782
84	tsk_84	(x)	1	:	0.000000	0.000000	0.000000	0.000000	0.000000	0.000000	0.000000	1.000000	0.000000
85	tsk_85	(x)	1	:	0.008366	0.000000	0.486238	0.006018	0.000000	0.000000	0.000000	0.494781	0.004596
86	tsk_86	(x)	1	:	0.000000	0.000000	0.000000	0.000000	0.000000	0.000000	1.000000	0.000000	0.000000
87	tsk_87	(x)	1	:	0.233588	0.000000	0.486032	0.120784	0.000000	0.000000	0.000000	0.000000	0.159596
88	tsk_88	(x)	1	:	0.168925	0.000000	0.000000	0.159892	0.000000	0.000000	0.000000	0.494784	0.176399
89	tsk_89	(x)	1	:	0.309186	0.000000	0.000000	0.068286	0.000000	0.000000	0.000000	0.494784	0.127744
90	tsk_90	(x)	1	:	0.018191	0.000003	0.000000	0.046799	0.000000	0.918583	0.000000	0.000000	0.016424
91	tsk_91	(x)	1	:	0.000000	0.000000	0.000000	0.000000	0.000000	0.000000	1.000000	0.000000	0.000000
92	tsk_92	(x)	1	:	0.160212	0.000000	0.000000	0.123863	0.000000	0.000000	0.497410	0.000000	0.218515
93	tsk_93	(x)	1	:	0.131634	0.000000	0.000000	0.224784	0.000000	0.000000	0.497410	0.000000	0.146172
94	tsk_94	(x)	1	:	0.296829	0.000000	0.000000	0.069489	0.000000	0.000000	0.497410	0.000000	0.136272
95	tsk_95	(x)	1	:	0.577953	0.000000	0.000000	0.240975	0.000000	0.000000	0.000000	0.000000	0.181072
96	tsk_96	(x)	1	:	0.208780	0.000000	0.485933	0.106548	0.000000	0.000000	0.000000	0.000000	0.198739
97	tsk_97	(x)	1	:	0.517088	0.000000	0.000000	0.191778	0.000000	0.000000	0.000000	0.000000	0.291134
98	tsk_98	(x)	1	:	0.157645	0.000000	0.000000	0.201782	0.000000	0.000000	0.497410	0.000000	0.143163
99	tsk_99	(x)	1	:	0.044770	0.000000	0.000000	0.333084	0.000000	0.000000	0.497410	0.000000	0.124736
