logL = -476.640484 (converged)
AIC = 2253.280968
BIC = 3946.641589

count.K
33 18 9 10 27 3 

