logL = -539.464630 (converged)
AIC = 2078.929260
BIC = 3381.514353

count.K
27 12 14 6 41 

