logL = -573.777880 (converged)
AIC = 2471.555760
BIC = 4196.178424

count.K
17 33 10 1 19 20 

