logL = -1383.827947 (converged)
AIC = 4457.655894
BIC = 6659.024702

count.K
11 2 20 23 12 15 17 

