logL = -721.468736 (converged)
AIC = 2242.937473
BIC = 3285.005547

count.K
56 14 23 7 

