logL = -1381.076360 (converged)
AIC = 5322.152719
BIC = 8656.770558

count.K
2 4 10 10 20 2 8 18 12 14 

