logL = -762.000894 (converged)
AIC = 2908.001788
BIC = 4710.779556

count.K
8 27 8 7 17 33 

