logL = -268.688069 (converged)
AIC = 2289.376138
BIC = 4571.505221

count.K
44 6 1 32 7 7 1 2 

