logL = -659.204672 (converged)
AIC = 2910.409343
BIC = 4984.124811

count.K
16 9 39 5 7 18 6 

