logL = -318.426010 (converged)
AIC = 1876.852019
BIC = 3492.057534

count.K
3 33 27 12 2 23 

