logL = -1171.850172 (converged)
AIC = 2683.700344
BIC = 3126.579275

count.K
20 80 

