logL = -646.841280 (converged)
AIC = 2069.682560
BIC = 3080.488592

count.K
27 19 23 31 

