logL = -399.203286 (converged)
AIC = 2014.406571
BIC = 3598.350044

count.K
19 56 2 1 5 17 

