logL = -467.291257 (converged)
AIC = 3274.582513
BIC = 6322.631631

count.K
2 10 11 10 10 15 14 2 19 7 

