logL = -787.473926 (converged)
AIC = 2970.947851
BIC = 4789.356641

count.K
28 28 15 12 11 6 

