logL = -723.067354 (converged)
AIC = 2722.134707
BIC = 4384.233286

count.K
28 7 17 19 17 12 

