logL = -603.736390 (converged)
AIC = 3239.472779
BIC = 5886.325688

count.K
6 22 13 3 9 38 2 4 3 

