logL = -1200.789501 (converged)
AIC = 2709.579002
BIC = 3110.775211

count.K
30 70 

