logL = -542.317587 (converged)
AIC = 2084.635174
BIC = 3387.220267

count.K
3 22 26 25 24 

