logL = -739.319603 (converged)
AIC = 2790.639206
BIC = 4499.630848

count.K
16 13 22 15 18 16 

