logL = -760.884315 (converged)
AIC = 2591.768631
BIC = 3985.534680

count.K
29 6 48 0 17 

