logL = -441.407527 (converged)
AIC = 2950.815054
BIC = 5644.561026

count.K
5 9 5 3 8 8 32 11 19 

