logL = -150.456518 (converged)
AIC = 1956.913036
BIC = 4113.993950

count.K
2 6 1 4 1 8 77 1 

