logL = -275.309004 (converged)
AIC = 2254.618008
BIC = 4474.223007

count.K
1 16 24 10 3 4 13 29 

