0	tsk_0	(x)	1	:	0.000000	1.000000	0.000000	0.000000	0.000000	0.000000	0.000000	0.000000	0.000000	0.000000
1	tsk_1	(x)	1	:	0.000024	0.491985	0.000000	0.006620	0.000000	0.000000	0.000000	0.501370	0.000000	0.000000
2	tsk_2	(x)	1	:	0.000000	0.000000	0.000000	0.571770	0.000000	0.000000	0.000000	0.000000	0.428229	0.000000
3	tsk_3	(x)	1	:	0.000058	0.490593	0.000000	0.509346	0.000003	0.000000	0.000000	0.000000	0.000000	0.000000
4	tsk_4	(x)	1	:	0.000000	0.000000	0.000000	0.000000	0.000000	0.000000	0.000000	0.500000	0.000000	0.500000
5	tsk_5	(x)	1	:	0.000000	0.000000	0.000000	0.000000	0.000000	0.000000	0.000000	1.000000	0.000000	0.000000
6	tsk_6	(x)	1	:	0.433700	0.000000	0.000000	0.000001	0.000000	0.000000	0.000000	0.000000	0.566299	0.000000
7	tsk_7	(x)	1	:	0.000013	0.493907	0.000000	0.002793	0.000000	0.000000	0.000000	0.000000	0.000000	0.503287
8	tsk_8	(x)	1	:	0.000093	0.466777	0.000000	0.000000	0.533130	0.000000	0.000000	0.000000	0.000000	0.000000
9	tsk_9	(x)	1	:	0.000095	0.466775	0.000000	0.000000	0.533130	0.000000	0.000000	0.000000	0.000000	0.000000
10	tsk_10	(x)	1	:	0.000000	0.000000	0.000000	0.999993	0.000007	0.000000	0.000000	0.000000	0.000000	0.000000
11	tsk_11	(x)	1	:	0.473372	0.000000	0.000000	0.026571	0.000000	0.000000	0.000000	0.500057	0.000000	0.000000
12	tsk_12	(x)	1	:	0.473414	0.000000	0.000000	0.026501	0.000000	0.000000	0.000000	0.500085	0.000000	0.000000
13	tsk_13	(x)	1	:	0.540545	0.000000	0.000000	0.000000	0.000000	0.000000	0.000000	0.459455	0.000000	0.000000
14	tsk_14	(x)	1	:	0.473287	0.000000	0.000000	0.526713	0.000000	0.000000	0.000000	0.000000	0.000000	0.000000
15	tsk_15	(x)	1	:	0.000000	0.000000	0.000000	0.499997	0.000002	0.000000	0.000000	0.500000	0.000000	0.000000
16	tsk_16	(x)	1	:	0.000000	0.000000	0.000000	0.499998	0.000002	0.000000	0.000000	0.500000	0.000000	0.000000
17	tsk_17	(x)	1	:	0.473229	0.000000	0.000000	0.026810	0.000000	0.000000	0.000000	0.499961	0.000000	0.000000
18	tsk_18	(x)	1	:	0.000000	0.000000	0.000000	0.000000	0.000000	0.000000	0.000000	1.000000	0.000000	0.000000
19	tsk_19	(x)	1	:	0.000000	0.000000	0.000000	0.000000	0.000000	0.000000	0.000000	0.500000	0.000000	0.500000
20	tsk_20	(x)	1	:	0.000000	1.000000	0.000000	0.000000	0.000000	0.000000	0.000000	0.000000	0.000000	0.000000
21	tsk_21	(x)	1	:	0.000000	0.000000	0.000000	0.004806	0.000000	0.497114	0.000000	0.498080	0.000001	0.000000
22	tsk_22	(x)	1	:	0.474618	0.525381	0.000000	0.000000	0.000000	0.000000	0.000000	0.000000	0.000000	0.000000
23	tsk_23	(x)	1	:	0.000000	0.000000	0.000000	0.004476	0.000000	0.497311	0.000000	0.498211	0.000001	0.000000
24	tsk_24	(x)	1	:	0.000009	0.492718	0.000000	0.005179	0.000000	0.000000	0.000000	0.000000	0.000000	0.502094
25	tsk_25	(x)	1	:	0.474916	0.000000	0.000000	0.023995	0.000000	0.000000	0.000000	0.000000	0.000000	0.501089
26	tsk_26	(x)	1	:	0.474618	0.525381	0.000000	0.000000	0.000000	0.000000	0.000000	0.000000	0.000000	0.000000
27	tsk_27	(x)	1	:	0.000000	0.000000	0.000000	0.000000	0.000000	0.000000	0.000000	0.000000	0.000000	1.000000
28	tsk_28	(x)	1	:	0.000064	0.490589	0.000000	0.509346	0.000002	0.000000	0.000000	0.000000	0.000000	0.000000
29	tsk_29	(x)	1	:	0.000000	0.000000	0.000000	0.000000	0.000000	0.000000	0.000000	1.000000	0.000000	0.000000
30	tsk_30	(x)	1	:	0.549563	0.000000	0.000000	0.000000	0.000000	0.450437	0.000000	0.000000	0.000000	0.000000
31	tsk_31	(x)	1	:	0.000000	0.000000	0.000000	0.999999	0.000001	0.000000	0.000000	0.000000	0.000000	0.000000
32	tsk_32	(x)	1	:	0.000000	0.000000	0.000000	0.499997	0.000002	0.000000	0.000000	0.000000	0.000000	0.500000
33	tsk_33	(x)	1	:	0.000000	0.000000	0.130491	0.413659	0.000001	0.000000	0.000000	0.000000	0.000000	0.455850
34	tsk_34	(x)	1	:	0.000000	0.000000	0.000000	0.500000	0.000000	0.000000	0.000000	0.000000	0.000000	0.500000
35	tsk_35	(x)	1	:	0.000011	0.491878	0.000000	0.006858	0.000000	0.000000	0.000000	0.000000	0.000000	0.501254
36	tsk_36	(x)	1	:	0.000000	0.000000	0.000000	0.500000	0.000000	0.000000	0.000000	0.000000	0.000000	0.500000
37	tsk_37	(x)	1	:	0.000000	0.000000	0.000000	0.499997	0.000002	0.000000	0.000000	0.000000	0.000000	0.500000
38	tsk_38	(x)	1	:	0.000007	0.492878	0.000000	0.004861	0.000000	0.000000	0.000000	0.000000	0.000000	0.502253
39	tsk_39	(x)	1	:	0.000000	0.000000	0.000000	0.499999	0.000001	0.000000	0.000000	0.000000	0.000000	0.500000
40	tsk_40	(x)	1	:	0.473245	0.000000	0.000000	0.026783	0.000000	0.000000	0.000000	0.499972	0.000000	0.000000
41	tsk_41	(x)	1	:	0.426455	0.000000	0.000000	0.000000	0.000000	0.000000	0.000000	0.000000	0.573544	0.000000
42	tsk_42	(x)	1	:	0.000000	0.000000	0.090360	0.000000	0.000000	0.000000	0.000000	0.909640	0.000000	0.000000
43	tsk_43	(x)	1	:	0.236731	0.763269	0.000000	0.000000	0.000000	0.000000	0.000000	0.000000	0.000000	0.000000
44	tsk_44	(x)	1	:	0.472727	0.000000	0.000000	0.100200	0.000000	0.000000	0.000000	0.000000	0.427074	0.000000
45	tsk_45	(x)	1	:	0.000000	0.000000	0.000000	0.000000	0.000000	0.000000	0.000000	0.454419	0.545581	0.000000
46	tsk_46	(x)	1	:	0.000000	0.000000	0.130491	0.413657	0.000002	0.000000	0.000000	0.455850	0.000000	0.000000
47	tsk_47	(x)	1	:	0.473481	0.000000	0.000000	0.026389	0.000000	0.000000	0.000000	0.500130	0.000000	0.000000
48	tsk_48	(x)	1	:	0.473351	0.000000	0.000000	0.026606	0.000000	0.000000	0.000000	0.500043	0.000000	0.000000
49	tsk_49	(x)	1	:	0.474618	0.525381	0.000000	0.000000	0.000000	0.000000	0.000000	0.000000	0.000000	0.000000
50	tsk_50	(x)	1	:	0.000000	0.000000	0.000000	0.000000	0.000000	0.000000	0.000000	0.000000	1.000000	0.000000
51	tsk_51	(x)	1	:	0.000000	0.000000	0.000000	0.072105	0.000000	0.000000	0.000000	0.499920	0.427974	0.000000
52	tsk_52	(x)	1	:	0.000000	0.000000	0.000000	0.000000	0.000000	0.000000	0.000000	0.000000	1.000000	0.000000
53	tsk_53	(x)	1	:	0.000000	0.000000	0.000000	0.000000	0.000000	0.000000	0.000000	0.000000	1.000000	0.000000
54	tsk_54	(x)	1	:	0.000000	0.000000	0.000000	0.000000	0.000000	0.000000	0.000000	0.000000	1.000000	0.000000
55	tsk_55	(x)	1	:	0.000000	0.000000	0.000000	0.000000	0.000000	0.000000	0.000000	0.000000	1.000000	0.000000
56	tsk_56	(x)	1	:	0.000000	0.000000	0.000000	0.000000	0.000000	0.000000	0.000000	0.000000	1.000000	0.000000
57	tsk_57	(x)	1	:	0.000000	0.000000	0.000000	0.000000	0.000000	0.000000	0.000000	0.000000	1.000000	0.000000
58	tsk_58	(x)	1	:	0.000000	0.000000	0.110428	0.461345	0.000000	0.000000	0.000000	0.000000	0.428227	0.000000
59	tsk_59	(x)	1	:	0.000000	0.000000	0.000000	0.072306	0.000000	0.000000	0.000000	0.499871	0.427824	0.000000
60	tsk_60	(x)	1	:	1.000000	0.000000	0.000000	0.000000	0.000000	0.000000	0.000000	0.000000	0.000000	0.000000
61	tsk_61	(x)	1	:	0.000000	0.000000	0.000000	0.571749	0.000000	0.000000	0.000000	0.000000	0.428251	0.000000
62	tsk_62	(x)	1	:	0.000000	0.000000	0.000000	0.000000	0.000000	0.000000	0.492654	0.498184	0.000000	0.009162
63	tsk_63	(x)	1	:	0.473287	0.000000	0.000000	0.526713	0.000000	0.000000	0.000000	0.000000	0.000000	0.000000
64	tsk_64	(x)	1	:	0.473745	0.000000	0.000000	0.025948	0.000000	0.000000	0.000000	0.000000	0.000000	0.500306
65	tsk_65	(x)	1	:	0.000000	0.000000	0.000000	0.000000	0.000000	0.000000	1.000000	0.000000	0.000000	0.000000
66	tsk_66	(x)	1	:	0.000000	0.000000	0.000000	0.072558	0.000000	0.000000	0.000000	0.499808	0.427634	0.000000
67	tsk_67	(x)	1	:	0.473287	0.000000	0.000000	0.526713	0.000000	0.000000	0.000000	0.000000	0.000000	0.000000
68	tsk_68	(x)	1	:	0.000000	0.000000	0.000000	0.069692	0.000000	0.000000	0.491985	0.000000	0.427804	0.010518
69	tsk_69	(x)	1	:	0.000000	0.000000	0.000000	0.571749	0.000000	0.000000	0.000000	0.000000	0.428250	0.000000
70	tsk_70	(x)	1	:	0.000000	0.000000	0.000000	0.000000	0.000000	0.000000	0.000000	0.000000	1.000000	0.000000
71	tsk_71	(x)	1	:	0.000000	0.000000	0.123268	0.418370	0.000002	0.000000	0.000000	0.458360	0.000000	0.000000
72	tsk_72	(x)	1	:	0.504480	0.000000	0.000000	0.000000	0.000000	0.000000	0.000000	0.000000	0.495520	0.000000
73	tsk_73	(x)	1	:	0.000000	0.000000	0.000000	0.000122	0.601446	0.000000	0.000000	0.000000	0.398432	0.000000
74	tsk_74	(x)	1	:	0.000000	0.000000	0.000000	0.000000	0.000000	0.000000	0.000000	0.454419	0.545581	0.000000
75	tsk_75	(x)	1	:	0.000000	0.000000	0.000000	0.000000	0.000000	0.000000	0.000000	1.000000	0.000000	0.000000
76	tsk_76	(x)	1	:	0.583358	0.000000	0.000000	0.002536	0.000000	0.000001	0.000000	0.000000	0.414105	0.000000
77	tsk_77	(x)	1	:	0.504480	0.000000	0.000000	0.000000	0.000000	0.000000	0.000000	0.000000	0.495520	0.000000
78	tsk_78	(x)	1	:	0.000000	0.000000	0.000000	0.000000	0.000000	0.000000	0.000000	1.000000	0.000000	0.000000
79	tsk_79	(x)	1	:	0.583455	0.000000	0.000000	0.002207	0.000000	0.000000	0.000000	0.000000	0.414337	0.000000
80	tsk_80	(x)	1	:	0.000000	0.000000	0.000000	0.000000	0.346415	0.586553	0.000000	0.000000	0.067033	0.000000
81	tsk_81	(x)	1	:	0.000000	0.000000	0.000000	0.000000	0.000000	0.000000	0.000000	0.500000	0.000000	0.500000
82	tsk_82	(x)	1	:	0.000000	0.000000	0.125919	0.000000	0.000000	0.000000	0.000000	0.437041	0.000000	0.437041
83	tsk_83	(x)	1	:	0.000000	0.000000	0.181586	0.000000	0.000000	0.000000	0.000000	0.000000	0.000000	0.818414
84	tsk_84	(x)	1	:	0.000000	0.000000	0.000000	0.004811	0.000000	0.497110	0.000000	0.498078	0.000001	0.000000
85	tsk_85	(x)	1	:	0.000000	0.000000	0.000000	0.003477	0.000000	0.497912	0.000000	0.498610	0.000001	0.000000
86	tsk_86	(x)	1	:	0.000000	0.000000	0.000000	0.000000	0.000000	1.000000	0.000000	0.000000	0.000000	0.000000
87	tsk_87	(x)	1	:	0.000000	0.000000	0.000000	0.000000	0.000000	1.000000	0.000000	0.000000	0.000000	0.000000
88	tsk_88	(x)	1	:	0.000000	0.492973	0.000000	0.000000	0.000000	0.507027	0.000000	0.000000	0.000000	0.000000
89	tsk_89	(x)	1	:	0.000000	0.000000	0.000000	0.499999	0.000001	0.000000	0.000000	0.500000	0.000000	0.000000
90	tsk_90	(x)	1	:	0.000000	0.000000	0.000000	0.004536	0.000000	0.497276	0.000000	0.000000	0.000001	0.498187
91	tsk_91	(x)	1	:	0.477612	0.000000	0.000000	0.018010	0.000000	0.504378	0.000000	0.000000	0.000000	0.000000
92	tsk_92	(x)	1	:	0.473987	0.000000	0.000000	0.025302	0.000000	0.500708	0.000000	0.000000	0.000003	0.000000
93	tsk_93	(x)	1	:	0.000000	0.000000	0.000000	0.004519	0.000000	0.497286	0.000000	0.000000	0.000001	0.498194
94	tsk_94	(x)	1	:	1.000000	0.000000	0.000000	0.000000	0.000000	0.000000	0.000000	0.000000	0.000000	0.000000
95	tsk_95	(x)	1	:	0.474045	0.000000	0.000000	0.023201	0.000000	0.000000	0.493165	0.000000	0.000000	0.009589
96	tsk_96	(x)	1	:	0.000000	0.000000	0.000000	0.000000	0.000000	1.000000	0.000000	0.000000	0.000000	0.000000
97	tsk_97	(x)	1	:	0.000000	0.000000	0.000000	0.000000	0.000000	1.000000	0.000000	0.000000	0.000000	0.000000
98	tsk_98	(x)	1	:	0.000000	0.000000	0.000000	0.002494	0.000000	0.498502	0.000000	0.000000	0.000001	0.499003
99	tsk_99	(x)	1	:	0.474192	0.000000	0.000000	0.022957	0.000000	0.000000	0.493164	0.000000	0.000000	0.009688
