0	tsk_0	(x)	1	:	0.000000	0.000000	0.077709	0.000000	0.000000	0.505175	0.000000	0.000000	0.000000	0.417116
1	tsk_1	(x)	1	:	0.000000	0.000000	0.104889	0.000000	0.479851	0.000000	0.000000	0.000000	0.000000	0.415260
2	tsk_2	(x)	1	:	0.000000	0.000000	0.000000	0.000000	0.000000	0.000000	0.000000	0.000000	0.000000	1.000000
3	tsk_3	(x)	1	:	0.000000	0.000000	0.077174	0.000000	0.000000	0.505396	0.000000	0.000000	0.000000	0.417429
4	tsk_4	(x)	1	:	0.000000	0.000000	0.076777	0.000000	0.000000	0.505561	0.000000	0.000000	0.000000	0.417662
5	tsk_5	(x)	1	:	0.000000	0.000000	0.000000	0.000000	0.000000	0.425526	0.000000	0.000000	0.574474	0.000000
6	tsk_6	(x)	1	:	0.000000	0.000000	0.000000	0.000000	0.000000	0.000000	0.000000	0.000000	0.000000	1.000000
7	tsk_7	(x)	1	:	0.000000	0.000000	0.060075	0.000000	0.480300	0.000000	0.000000	0.000000	0.459625	0.000000
8	tsk_8	(x)	1	:	0.000000	0.000000	0.125647	0.000000	0.000000	0.000000	0.000000	0.000000	0.459033	0.415320
9	tsk_9	(x)	1	:	0.000000	0.000000	0.000044	0.000000	0.000000	0.000000	0.000000	0.000000	0.624327	0.375630
10	tsk_10	(x)	1	:	0.000000	0.000000	0.000000	0.000000	0.000000	0.500249	0.000000	0.499751	0.000000	0.000000
11	tsk_11	(x)	1	:	0.000000	0.000000	0.000000	0.000000	0.000000	1.000000	0.000000	0.000000	0.000000	0.000000
12	tsk_12	(x)	1	:	0.000000	0.000000	0.007575	0.000000	0.484184	0.508241	0.000000	0.000000	0.000000	0.000000
13	tsk_13	(x)	1	:	0.000000	0.000000	0.519816	0.000000	0.480184	0.000000	0.000000	0.000000	0.000000	0.000000
14	tsk_14	(x)	1	:	0.000000	0.000000	0.011876	0.000000	0.481662	0.008814	0.000000	0.497648	0.000000	0.000000
15	tsk_15	(x)	1	:	0.000000	0.000000	0.000000	0.000000	0.000000	0.500296	0.000000	0.499704	0.000000	0.000000
16	tsk_16	(x)	1	:	0.000000	0.000000	0.000000	0.000000	0.000000	0.500277	0.000000	0.499722	0.000000	0.000000
17	tsk_17	(x)	1	:	0.000000	0.000000	0.000000	0.000000	0.000000	0.500203	0.000000	0.499797	0.000000	0.000000
18	tsk_18	(x)	1	:	0.000733	0.000000	0.000000	0.499817	0.000000	0.005775	0.000000	0.493675	0.000000	0.000000
19	tsk_19	(x)	1	:	0.000000	0.000000	0.000000	0.000000	0.000000	0.000000	0.000000	1.000000	0.000000	0.000000
20	tsk_20	(x)	1	:	0.000000	0.000000	0.000156	0.000000	0.555661	0.000000	0.000000	0.000000	0.444183	0.000000
21	tsk_21	(x)	1	:	0.000000	0.000000	0.035624	0.000000	0.000000	0.009093	0.000000	0.496156	0.459126	0.000000
22	tsk_22	(x)	1	:	0.000767	0.000000	0.038613	0.502726	0.000000	0.000000	0.000000	0.000000	0.457894	0.000000
23	tsk_23	(x)	1	:	0.000781	0.000000	0.038483	0.502749	0.000000	0.000000	0.000000	0.000000	0.457987	0.000000
24	tsk_24	(x)	1	:	0.008167	0.000000	0.000000	0.513087	0.478746	0.000000	0.000000	0.000000	0.000000	0.000000
25	tsk_25	(x)	1	:	0.000000	0.000000	0.024833	0.000000	0.000000	0.508839	0.000000	0.000000	0.466328	0.000000
26	tsk_26	(x)	1	:	0.000000	0.000000	0.035888	0.000000	0.000000	0.008560	0.000000	0.496514	0.459038	0.000000
27	tsk_27	(x)	1	:	0.000715	0.000000	0.000000	0.499988	0.000000	0.004163	0.000000	0.495134	0.000000	0.000000
28	tsk_28	(x)	1	:	0.000000	0.000000	0.036005	0.000000	0.000000	0.008244	0.000000	0.496739	0.459012	0.000000
29	tsk_29	(x)	1	:	0.000751	0.000000	0.000000	0.499833	0.000000	0.005480	0.000000	0.493935	0.000000	0.000000
30	tsk_30	(x)	1	:	0.491050	0.000000	0.000000	0.000000	0.000000	0.508950	0.000000	0.000000	0.000000	0.000000
31	tsk_31	(x)	1	:	0.000000	0.000000	1.000000	0.000000	0.000000	0.000000	0.000000	0.000000	0.000000	0.000000
32	tsk_32	(x)	1	:	1.000000	0.000000	0.000000	0.000000	0.000000	0.000000	0.000000	0.000000	0.000000	0.000000
33	tsk_33	(x)	1	:	0.562106	0.000000	0.437894	0.000000	0.000000	0.000000	0.000000	0.000000	0.000000	0.000000
34	tsk_34	(x)	1	:	1.000000	0.000000	0.000000	0.000000	0.000000	0.000000	0.000000	0.000000	0.000000	0.000000
35	tsk_35	(x)	1	:	0.486315	0.000000	0.513685	0.000000	0.000000	0.000000	0.000000	0.000000	0.000000	0.000000
36	tsk_36	(x)	1	:	0.486315	0.000000	0.513685	0.000000	0.000000	0.000000	0.000000	0.000000	0.000000	0.000000
37	tsk_37	(x)	1	:	0.486315	0.000000	0.513685	0.000000	0.000000	0.000000	0.000000	0.000000	0.000000	0.000000
38	tsk_38	(x)	1	:	1.000000	0.000000	0.000000	0.000000	0.000000	0.000000	0.000000	0.000000	0.000000	0.000000
39	tsk_39	(x)	1	:	0.000000	0.000000	0.519816	0.000000	0.480184	0.000000	0.000000	0.000000	0.000000	0.000000
40	tsk_40	(x)	1	:	0.000000	0.000000	0.079559	0.000000	0.000000	0.007692	0.000000	0.497242	0.000000	0.415506
41	tsk_41	(x)	1	:	0.000000	0.000000	0.000005	0.000000	0.000000	0.001171	0.000017	0.477422	0.000000	0.521384
42	tsk_42	(x)	1	:	0.000000	0.000000	0.495073	0.000000	0.000000	0.504927	0.000000	0.000000	0.000000	0.000000
43	tsk_43	(x)	1	:	1.000000	0.000000	0.000000	0.000000	0.000000	0.000000	0.000000	0.000000	0.000000	0.000000
44	tsk_44	(x)	1	:	0.000000	0.000000	0.079594	0.000000	0.000000	0.008341	0.000000	0.496687	0.000000	0.415378
45	tsk_45	(x)	1	:	0.000000	0.000000	0.495114	0.000000	0.000000	0.504886	0.000000	0.000000	0.000000	0.000000
46	tsk_46	(x)	1	:	0.000000	0.000000	0.125685	0.000000	0.000000	0.000000	0.000000	0.000000	0.459013	0.415302
47	tsk_47	(x)	1	:	0.000000	0.000000	0.000000	0.000000	0.000000	0.475155	0.000000	0.000000	0.000000	0.524845
48	tsk_48	(x)	1	:	0.000000	0.000000	0.080488	0.000000	0.000000	0.003777	0.000000	0.500201	0.000000	0.415535
49	tsk_49	(x)	1	:	0.000000	0.000000	0.000000	0.000000	0.000000	1.000000	0.000000	0.000000	0.000000	0.000000
50	tsk_50	(x)	1	:	0.000000	0.000000	0.540618	0.000000	0.000000	0.000000	0.000000	0.000000	0.459381	0.000000
51	tsk_51	(x)	1	:	0.000000	0.000000	0.013483	0.000000	0.480583	0.009991	0.000000	0.495943	0.000000	0.000000
52	tsk_52	(x)	1	:	0.000000	0.000000	0.495237	0.000000	0.000000	0.504763	0.000000	0.000000	0.000000	0.000000
53	tsk_53	(x)	1	:	0.000000	0.000000	0.030519	0.000000	0.000000	0.506548	0.000000	0.000000	0.462933	0.000000
54	tsk_54	(x)	1	:	0.000000	0.000000	0.495124	0.000000	0.000000	0.504876	0.000000	0.000000	0.000000	0.000000
55	tsk_55	(x)	1	:	0.000000	0.000000	0.519816	0.000000	0.480184	0.000000	0.000000	0.000000	0.000000	0.000000
56	tsk_56	(x)	1	:	0.000000	0.000000	0.494864	0.000000	0.000000	0.505136	0.000000	0.000000	0.000000	0.000000
57	tsk_57	(x)	1	:	0.000000	0.000000	0.000000	0.000000	0.000000	0.500223	0.000000	0.499777	0.000000	0.000000
58	tsk_58	(x)	1	:	0.000000	0.000000	0.000000	0.000000	0.000000	0.475155	0.000000	0.000000	0.000000	0.524845
59	tsk_59	(x)	1	:	0.509263	0.000000	0.000000	0.000000	0.490737	0.000000	0.000000	0.000000	0.000000	0.000000
60	tsk_60	(x)	1	:	0.000000	0.612540	0.000000	0.000000	0.000000	0.000000	0.000000	0.000000	0.000000	0.387460
61	tsk_61	(x)	1	:	0.000000	0.000000	0.000000	0.000000	0.000000	1.000000	0.000000	0.000000	0.000000	0.000000
62	tsk_62	(x)	1	:	0.000000	0.000000	0.000000	0.000000	0.000000	1.000000	0.000000	0.000000	0.000000	0.000000
63	tsk_63	(x)	1	:	0.000000	0.000000	0.000000	0.000000	0.000000	1.000000	0.000000	0.000000	0.000000	0.000000
64	tsk_64	(x)	1	:	0.000000	0.501095	0.000000	0.000000	0.000000	0.498905	0.000000	0.000000	0.000000	0.000000
65	tsk_65	(x)	1	:	0.000000	0.000000	0.000000	0.000000	0.000000	1.000000	0.000000	0.000000	0.000000	0.000000
66	tsk_66	(x)	1	:	0.490917	0.000000	0.000267	0.000000	0.000000	0.508816	0.000000	0.000000	0.000000	0.000000
67	tsk_67	(x)	1	:	0.000000	0.501105	0.000000	0.000000	0.000000	0.498895	0.000000	0.000000	0.000000	0.000000
68	tsk_68	(x)	1	:	0.000000	0.000000	0.000000	0.000000	0.000000	1.000000	0.000000	0.000000	0.000000	0.000000
69	tsk_69	(x)	1	:	0.000000	0.000000	0.000000	0.000000	0.000000	1.000000	0.000000	0.000000	0.000000	0.000000
70	tsk_70	(x)	1	:	0.000000	0.000000	0.495199	0.000000	0.000000	0.504801	0.000000	0.000000	0.000000	0.000000
71	tsk_71	(x)	1	:	0.000000	0.000000	0.292180	0.000000	0.442478	0.000000	0.000000	0.000000	0.000000	0.265342
72	tsk_72	(x)	1	:	0.000000	0.000000	0.000000	0.000000	0.000000	0.002475	0.997525	0.000000	0.000000	0.000000
73	tsk_73	(x)	1	:	0.000000	0.000000	0.000000	0.000000	0.507495	0.000000	0.000000	0.000000	0.000000	0.492504
74	tsk_74	(x)	1	:	0.000000	0.000000	0.000000	0.000000	1.000000	0.000000	0.000000	0.000000	0.000000	0.000000
75	tsk_75	(x)	1	:	0.000000	0.000000	0.000000	0.000000	0.000000	0.003762	0.996237	0.000000	0.000000	0.000000
76	tsk_76	(x)	1	:	0.000000	0.000000	0.033964	0.000000	0.000000	0.505161	0.000000	0.000000	0.460875	0.000000
77	tsk_77	(x)	1	:	0.000000	0.000000	0.000000	0.000000	0.507495	0.000000	0.000000	0.000000	0.000000	0.492504
78	tsk_78	(x)	1	:	0.000000	0.000000	0.000000	0.000000	0.507495	0.000000	0.000000	0.000000	0.000000	0.492504
79	tsk_79	(x)	1	:	0.000000	0.000000	0.021153	0.000000	0.564016	0.000000	0.000000	0.000000	0.000000	0.414831
80	tsk_80	(x)	1	:	0.000000	0.000000	0.125550	0.000000	0.000000	0.000000	0.000000	0.000000	0.459083	0.415367
81	tsk_81	(x)	1	:	0.000000	0.000000	0.028729	0.000000	0.000000	0.507269	0.000000	0.000000	0.464003	0.000000
82	tsk_82	(x)	1	:	0.000000	0.000000	0.000000	0.000000	0.000000	1.000000	0.000000	0.000000	0.000000	0.000000
83	tsk_83	(x)	1	:	0.000000	0.000000	0.000000	0.000000	0.000000	1.000000	0.000000	0.000000	0.000000	0.000000
84	tsk_84	(x)	1	:	0.000000	0.000000	0.000000	0.000000	1.000000	0.000000	0.000000	0.000000	0.000000	0.000000
85	tsk_85	(x)	1	:	0.000000	0.000000	0.078407	0.000000	0.000000	0.504885	0.000000	0.000000	0.000000	0.416707
86	tsk_86	(x)	1	:	0.000000	0.540221	0.000000	0.000000	0.000000	0.459779	0.000000	0.000000	0.000000	0.000000
87	tsk_87	(x)	1	:	0.000000	0.000000	0.076971	0.000000	0.000000	0.505481	0.000000	0.000000	0.000000	0.417548
88	tsk_88	(x)	1	:	0.000000	0.000000	0.000000	0.000000	0.000000	0.000000	0.000000	0.000000	0.000000	1.000000
89	tsk_89	(x)	1	:	0.000000	0.000000	0.077331	0.000000	0.000000	0.505331	0.000000	0.000000	0.000000	0.417337
90	tsk_90	(x)	1	:	0.000000	0.000000	0.000000	0.000000	1.000000	0.000000	0.000000	0.000000	0.000000	0.000000
91	tsk_91	(x)	1	:	0.000000	0.000000	0.000000	0.000000	1.000000	0.000000	0.000000	0.000000	0.000000	0.000000
92	tsk_92	(x)	1	:	0.008170	0.000000	0.000000	0.513086	0.478744	0.000000	0.000000	0.000000	0.000000	0.000000
93	tsk_93	(x)	1	:	0.000000	0.000000	0.060143	0.000000	0.480273	0.000000	0.000000	0.000000	0.459584	0.000000
94	tsk_94	(x)	1	:	0.000000	0.000000	0.000000	0.000000	0.381438	0.000000	0.000000	0.000000	0.618562	0.000000
95	tsk_95	(x)	1	:	0.000000	0.000000	0.000000	0.000000	0.487955	0.512045	0.000000	0.000000	0.000000	0.000000
96	tsk_96	(x)	1	:	0.008172	0.000000	0.000000	0.513085	0.478743	0.000000	0.000000	0.000000	0.000000	0.000000
97	tsk_97	(x)	1	:	0.000000	0.000000	0.000000	0.000000	1.000000	0.000000	0.000000	0.000000	0.000000	0.000000
98	tsk_98	(x)	1	:	0.000000	0.000000	0.060427	0.000000	0.480160	0.000000	0.000000	0.000000	0.459413	0.000000
99	tsk_99	(x)	1	:	0.000000	0.000000	0.024932	0.000000	0.000000	0.508799	0.000000	0.000000	0.466269	0.000000
