logL = -646.349902 (converged)
AIC = 2352.699803
BIC = 3733.440002

count.K
10 9 38 32 11 

