logL = -812.845524 (converged)
AIC = 2425.691049
BIC = 3467.759123

count.K
1 59 29 11 

