logL = -806.480797 (converged)
AIC = 2460.961594
BIC = 3565.553753

count.K
1 39 43 17 

