logL = -362.331591 (converged)
AIC = 2924.663181
BIC = 5790.350386

count.K
1 14 42 4 4 9 1 2 8 15 

