logL = -1843.160002 (converged)
AIC = 4070.320003
BIC = 4570.512679

count.K
69 31 

