logL = -901.950877 (converged)
AIC = 4003.901753
BIC = 6869.588958

count.K
31 6 2 17 3 16 5 20 

