0	tsk_0	(x)	1	:	0.000000	0.000000	0.000000	0.000000	1.000000	0.000000	0.000000	0.000000	0.000000
1	tsk_1	(x)	1	:	0.000000	0.000000	0.487062	0.000000	0.512938	0.000000	0.000000	0.000000	0.000000
2	tsk_2	(x)	1	:	0.000000	0.000000	0.549783	0.000000	0.450217	0.000000	0.000000	0.000000	0.000000
3	tsk_3	(x)	1	:	0.000000	0.000000	0.000000	0.000000	0.999929	0.000071	0.000000	0.000000	0.000000
4	tsk_4	(x)	1	:	0.000000	0.000000	0.000000	0.000000	0.999909	0.000091	0.000000	0.000000	0.000000
5	tsk_5	(x)	1	:	0.000000	0.000000	0.000000	0.000000	0.999959	0.000041	0.000000	0.000000	0.000000
6	tsk_6	(x)	1	:	0.000000	0.000000	0.485993	0.000000	0.323264	0.000000	0.190742	0.000000	0.000000
7	tsk_7	(x)	1	:	0.000000	0.000000	1.000000	0.000000	0.000000	0.000000	0.000000	0.000000	0.000000
8	tsk_8	(x)	1	:	0.000000	0.000000	0.000000	0.000000	0.000185	0.999815	0.000000	0.000000	0.000000
9	tsk_9	(x)	1	:	0.000000	0.000000	0.000000	0.000000	0.499989	0.000011	0.000000	0.500000	0.000000
10	tsk_10	(x)	1	:	0.000000	0.000000	0.000000	0.000000	0.000000	0.292395	0.707605	0.000000	0.000000
11	tsk_11	(x)	1	:	0.000000	0.000000	0.000000	0.000000	1.000000	0.000000	0.000000	0.000000	0.000000
12	tsk_12	(x)	1	:	0.430270	0.000000	0.000000	0.000000	0.000000	0.000000	0.569730	0.000000	0.000000
13	tsk_13	(x)	1	:	0.000000	0.000000	0.000000	0.000000	1.000000	0.000000	0.000000	0.000000	0.000000
14	tsk_14	(x)	1	:	0.000000	0.000000	0.000000	0.000000	1.000000	0.000000	0.000000	0.000000	0.000000
15	tsk_15	(x)	1	:	1.000000	0.000000	0.000000	0.000000	0.000000	0.000000	0.000000	0.000000	0.000000
16	tsk_16	(x)	1	:	0.492494	0.000000	0.000000	0.000000	0.029606	0.000000	0.000000	0.000000	0.477900
17	tsk_17	(x)	1	:	0.492555	0.000000	0.000000	0.000000	0.507444	0.000001	0.000000	0.000000	0.000000
18	tsk_18	(x)	1	:	0.430270	0.000000	0.000000	0.000000	0.000000	0.000000	0.569730	0.000000	0.000000
19	tsk_19	(x)	1	:	0.000000	0.000000	0.000000	0.432928	0.000000	0.000000	0.567072	0.000000	0.000000
20	tsk_20	(x)	1	:	0.492556	0.000000	0.000000	0.000000	0.507443	0.000000	0.000000	0.000000	0.000000
21	tsk_21	(x)	1	:	1.000000	0.000000	0.000000	0.000000	0.000000	0.000000	0.000000	0.000000	0.000000
22	tsk_22	(x)	1	:	0.490834	0.000000	0.000000	0.000000	0.317078	0.000040	0.192049	0.000000	0.000000
23	tsk_23	(x)	1	:	0.000000	0.000000	0.000000	0.000000	0.626192	0.000119	0.373689	0.000000	0.000000
24	tsk_24	(x)	1	:	0.492551	0.000000	0.000000	0.000000	0.507444	0.000005	0.000000	0.000000	0.000000
25	tsk_25	(x)	1	:	1.000000	0.000000	0.000000	0.000000	0.000000	0.000000	0.000000	0.000000	0.000000
26	tsk_26	(x)	1	:	1.000000	0.000000	0.000000	0.000000	0.000000	0.000000	0.000000	0.000000	0.000000
27	tsk_27	(x)	1	:	0.000000	0.000000	0.000000	0.000000	1.000000	0.000000	0.000000	0.000000	0.000000
28	tsk_28	(x)	1	:	0.000000	0.000000	0.000000	0.000000	0.999910	0.000090	0.000000	0.000000	0.000000
29	tsk_29	(x)	1	:	0.000000	0.000000	0.000000	0.000000	0.999940	0.000060	0.000000	0.000000	0.000000
30	tsk_30	(x)	1	:	0.492590	0.000000	0.000000	0.000000	0.029416	0.000000	0.000000	0.000000	0.477995
31	tsk_31	(x)	1	:	0.000000	0.000000	0.000000	0.000000	0.523187	0.000000	0.000000	0.000000	0.476813
32	tsk_32	(x)	1	:	0.000000	0.000000	0.000000	0.000000	0.000000	0.000000	0.000000	0.000000	1.000000
33	tsk_33	(x)	1	:	0.000000	0.000000	0.000000	0.000000	0.000000	0.000000	0.000000	0.000000	1.000000
34	tsk_34	(x)	1	:	0.000000	0.000000	0.000000	0.000000	0.000000	0.000000	0.000000	0.000000	1.000000
35	tsk_35	(x)	1	:	0.492590	0.000000	0.000000	0.000000	0.029415	0.000000	0.000000	0.000000	0.477995
36	tsk_36	(x)	1	:	0.492619	0.000000	0.487098	0.000000	0.020283	0.000000	0.000000	0.000000	0.000000
37	tsk_37	(x)	1	:	0.000000	0.000000	0.000000	0.000000	0.000000	0.000000	0.000000	0.000000	1.000000
38	tsk_38	(x)	1	:	0.000000	0.000000	0.000000	0.000000	0.000000	0.000000	0.000000	0.000000	1.000000
39	tsk_39	(x)	1	:	0.491477	0.000000	0.000000	0.000000	0.009058	0.000000	0.000000	0.499465	0.000000
40	tsk_40	(x)	1	:	0.000000	0.000000	0.487051	0.000000	0.512948	0.000000	0.000000	0.000000	0.000000
41	tsk_41	(x)	1	:	0.000000	0.484135	0.000000	0.000000	0.037405	0.000000	0.000000	0.000000	0.478460
42	tsk_42	(x)	1	:	0.000000	0.000000	0.487110	0.000000	0.034809	0.000000	0.000000	0.000000	0.478081
43	tsk_43	(x)	1	:	0.000000	0.000000	0.487065	0.000000	0.512907	0.000029	0.000000	0.000000	0.000000
44	tsk_44	(x)	1	:	0.000000	0.000000	0.487114	0.000000	0.034789	0.000000	0.000000	0.000000	0.478097
45	tsk_45	(x)	1	:	0.000000	0.000000	0.487152	0.000000	0.034591	0.000000	0.000000	0.000000	0.478257
46	tsk_46	(x)	1	:	0.000000	0.483918	0.487150	0.000000	0.028932	0.000000	0.000000	0.000000	0.000000
47	tsk_47	(x)	1	:	0.000000	0.000000	0.487088	0.000000	0.034924	0.000000	0.000000	0.000000	0.477988
48	tsk_48	(x)	1	:	0.000000	0.000000	0.000000	0.000000	0.000000	0.000000	0.000000	0.000000	1.000000
49	tsk_49	(x)	1	:	0.000000	0.484424	0.000000	0.000000	0.036828	0.000000	0.000000	0.000000	0.478748
50	tsk_50	(x)	1	:	0.000000	1.000000	0.000000	0.000000	0.000000	0.000000	0.000000	0.000000	0.000000
51	tsk_51	(x)	1	:	0.000000	0.000000	0.000000	0.000000	0.999911	0.000089	0.000000	0.000000	0.000000
52	tsk_52	(x)	1	:	0.492357	0.483437	0.000000	0.000000	0.024207	0.000000	0.000000	0.000000	0.000000
53	tsk_53	(x)	1	:	0.000000	0.000000	0.000000	0.000000	0.999910	0.000090	0.000000	0.000000	0.000000
54	tsk_54	(x)	1	:	0.000000	0.000000	0.000000	0.000000	0.999931	0.000069	0.000000	0.000000	0.000000
55	tsk_55	(x)	1	:	0.492510	0.000000	0.000000	0.000000	0.029574	0.000000	0.000000	0.000000	0.477915
56	tsk_56	(x)	1	:	0.000000	0.000000	0.000000	0.000000	0.000000	0.617875	0.000000	0.000000	0.382125
57	tsk_57	(x)	1	:	0.000000	0.000000	0.000000	0.000000	0.522155	0.000024	0.000000	0.000000	0.477821
58	tsk_58	(x)	1	:	0.000000	0.484140	0.000000	0.000000	0.037395	0.000000	0.000000	0.000000	0.478465
59	tsk_59	(x)	1	:	0.000000	0.000000	0.000000	0.000000	0.999941	0.000059	0.000000	0.000000	0.000000
60	tsk_60	(x)	1	:	0.000000	0.000000	0.000000	1.000000	0.000000	0.000000	0.000000	0.000000	0.000000
61	tsk_61	(x)	1	:	0.000000	0.000000	0.000000	1.000000	0.000000	0.000000	0.000000	0.000000	0.000000
62	tsk_62	(x)	1	:	0.000000	0.484164	0.487209	0.000000	0.028626	0.000000	0.000000	0.000000	0.000000
63	tsk_63	(x)	1	:	0.000000	0.000000	0.000000	1.000000	0.000000	0.000000	0.000000	0.000000	0.000000
64	tsk_64	(x)	1	:	0.000000	0.000000	0.000000	0.499683	0.500316	0.000000	0.000000	0.000000	0.000000
65	tsk_65	(x)	1	:	0.000000	0.484812	0.000000	0.501183	0.014005	0.000000	0.000000	0.000000	0.000000
66	tsk_66	(x)	1	:	0.000000	0.000000	0.487384	0.501227	0.011389	0.000000	0.000000	0.000000	0.000000
67	tsk_67	(x)	1	:	0.000000	0.000000	0.000000	0.499947	0.500023	0.000030	0.000000	0.000000	0.000000
68	tsk_68	(x)	1	:	0.000000	0.482700	0.000000	0.000000	0.517300	0.000000	0.000000	0.000000	0.000000
69	tsk_69	(x)	1	:	0.000000	0.483948	0.000000	0.500316	0.015736	0.000000	0.000000	0.000000	0.000000
70	tsk_70	(x)	1	:	0.000000	0.000000	0.000000	0.000000	0.522063	0.000033	0.000000	0.000000	0.477904
71	tsk_71	(x)	1	:	0.492557	0.000000	0.000000	0.000000	0.507443	0.000000	0.000000	0.000000	0.000000
72	tsk_72	(x)	1	:	0.000000	0.483589	0.000000	0.000000	0.516386	0.000025	0.000000	0.000000	0.000000
73	tsk_73	(x)	1	:	0.492552	0.000000	0.000000	0.000000	0.507444	0.000004	0.000000	0.000000	0.000000
74	tsk_74	(x)	1	:	0.000000	0.000000	0.000000	0.000000	0.345045	0.000018	0.000000	0.000000	0.654937
75	tsk_75	(x)	1	:	0.000000	0.605262	0.000000	0.000000	0.000000	0.000000	0.000000	0.000000	0.394738
76	tsk_76	(x)	1	:	0.492546	0.000000	0.000000	0.000000	0.029504	0.000000	0.000000	0.000000	0.477951
77	tsk_77	(x)	1	:	0.000000	0.000000	0.000000	0.000000	0.999910	0.000090	0.000000	0.000000	0.000000
78	tsk_78	(x)	1	:	0.000000	0.483412	0.000000	0.000000	0.516588	0.000000	0.000000	0.000000	0.000000
79	tsk_79	(x)	1	:	0.000000	0.000000	0.000000	0.000000	0.000000	0.000000	0.000000	0.000000	1.000000
80	tsk_80	(x)	1	:	0.000000	0.000000	0.000000	0.000000	0.000000	0.000000	0.000000	1.000000	0.000000
81	tsk_81	(x)	1	:	0.000000	0.000000	0.000000	0.000000	0.019322	0.000000	0.000000	0.500902	0.479777
82	tsk_82	(x)	1	:	0.000000	0.000000	0.000000	0.000000	0.000000	0.000000	0.000000	0.000000	1.000000
83	tsk_83	(x)	1	:	0.000000	0.000000	0.000000	0.000000	0.000000	0.000000	0.000000	0.000000	1.000000
84	tsk_84	(x)	1	:	0.000000	0.000000	0.000000	0.000000	0.999921	0.000079	0.000000	0.000000	0.000000
85	tsk_85	(x)	1	:	0.000000	0.000000	0.000000	0.000000	0.013902	0.000000	0.000000	0.502704	0.483393
86	tsk_86	(x)	1	:	0.000000	0.000000	0.000000	0.000000	0.522047	0.000023	0.000000	0.000000	0.477930
87	tsk_87	(x)	1	:	0.000000	0.000000	1.000000	0.000000	0.000000	0.000000	0.000000	0.000000	0.000000
88	tsk_88	(x)	1	:	0.000000	0.000000	0.000000	0.000000	0.343328	0.000000	0.000000	0.000000	0.656672
89	tsk_89	(x)	1	:	0.000000	0.000000	0.000000	0.000000	0.500164	0.000000	0.000000	0.499836	0.000000
90	tsk_90	(x)	1	:	0.492535	0.000000	0.000000	0.000000	0.029525	0.000000	0.000000	0.000000	0.477940
91	tsk_91	(x)	1	:	0.492423	0.483502	0.000000	0.000000	0.024075	0.000000	0.000000	0.000000	0.000000
92	tsk_92	(x)	1	:	1.000000	0.000000	0.000000	0.000000	0.000000	0.000000	0.000000	0.000000	0.000000
93	tsk_93	(x)	1	:	0.492657	0.000000	0.000000	0.000000	0.029282	0.000000	0.000000	0.000000	0.478061
94	tsk_94	(x)	1	:	0.492537	0.000000	0.000000	0.000000	0.029522	0.000000	0.000000	0.000000	0.477942
95	tsk_95	(x)	1	:	0.000000	0.000000	0.000000	0.000000	0.000000	0.000000	0.000000	0.000000	1.000000
96	tsk_96	(x)	1	:	0.492650	0.000000	0.000000	0.000000	0.029295	0.000000	0.000000	0.000000	0.478055
97	tsk_97	(x)	1	:	0.492552	0.483631	0.000000	0.000000	0.023816	0.000000	0.000000	0.000000	0.000000
98	tsk_98	(x)	1	:	1.000000	0.000000	0.000000	0.000000	0.000000	0.000000	0.000000	0.000000	0.000000
99	tsk_99	(x)	1	:	0.493275	0.000000	0.000000	0.000000	0.028048	0.000000	0.000000	0.000000	0.478677
