logL = -1243.391639 (converged)
AIC = 2822.783279
BIC = 3260.451870

count.K
22 78 

