logL = -306.835544 (converged)
AIC = 2009.671089
BIC = 3828.079879

count.K
1 17 55 8 11 6 2 

