logL = -842.471211 (converged)
AIC = 3484.942421
BIC = 5829.595588

count.K
9 4 15 7 3 0 35 27 

