logL = -461.450127 (converged)
AIC = 1972.900254
BIC = 3340.614601

count.K
23 12 37 14 14 

