logL = -656.860993 (converged)
AIC = 3113.721986
BIC = 5458.375154

count.K
5 19 3 20 19 19 10 5 

