logL = -956.736179 (converged)
AIC = 2535.472359
BIC = 3345.680287

count.K
17 33 50 

