logL = -1255.578175 (converged)
AIC = 3691.156350
BIC = 5228.206760

count.K
21 9 23 38 9 

