logL = -538.394709 (converged)
AIC = 1836.789419
BIC = 2826.754090

count.K
8 32 9 51 

