logL = -422.935998 (converged)
AIC = 2109.871995
BIC = 3756.339553

count.K
20 45 4 3 9 19 

