logL = -396.767381 (converged)
AIC = 2545.534762
BIC = 4827.663845

count.K
3 2 35 3 33 2 15 7 

