logL = -332.675188 (converged)
AIC = 1605.350375
BIC = 2829.780363

count.K
32 4 2 38 24 

