logL = -763.296748 (converged)
AIC = 3090.593496
BIC = 5127.836581

count.K
29 11 12 21 12 3 12 

