logL = -685.891620 (converged)
AIC = 2391.783240
BIC = 3720.420035

count.K
5 23 13 48 11 

