logL = -973.592272 (converged)
AIC = 3057.184545
BIC = 4503.053998

count.K
15 22 18 25 20 

