logL = -449.888816 (converged)
AIC = 3219.777632
BIC = 6241.775048

count.K
6 6 15 2 10 21 6 2 20 12 

