logL = -595.063561 (converged)
AIC = 2726.127122
BIC = 4726.897824

count.K
7 6 2 6 26 43 10 

