logL = -719.670163 (converged)
AIC = 1965.340325
BIC = 2650.500084

count.K
34 44 22 

