logL = -831.390732 (converged)
AIC = 3590.781463
BIC = 6102.165522

count.K
6 4 1 14 27 17 28 3 

