logL = -1145.219882 (not converged)
AIC = 2338.439765
BIC = 2400.963849

count.K
100 

