0	tsk_0	(x)	1	:	0.344271	0.000000	0.000099	0.655629	0.000000	0.000000	0.000000
1	tsk_1	(x)	1	:	0.533035	0.000000	0.000037	0.466928	0.000000	0.000000	0.000000
2	tsk_2	(x)	1	:	0.262605	0.000000	0.000019	0.737376	0.000000	0.000000	0.000000
3	tsk_3	(x)	1	:	0.614732	0.000000	0.000086	0.385181	0.000000	0.000000	0.000000
4	tsk_4	(x)	1	:	0.443553	0.193709	0.000076	0.362661	0.000000	0.000000	0.000000
5	tsk_5	(x)	1	:	0.418525	0.000000	0.000091	0.328575	0.252809	0.000000	0.000000
6	tsk_6	(x)	1	:	0.470924	0.000000	0.000162	0.276104	0.252809	0.000000	0.000000
7	tsk_7	(x)	1	:	0.440889	0.000000	0.000077	0.559034	0.000000	0.000000	0.000000
8	tsk_8	(x)	1	:	0.412109	0.000000	0.000072	0.587820	0.000000	0.000000	0.000000
9	tsk_9	(x)	1	:	0.479514	0.000000	0.000108	0.520378	0.000000	0.000000	0.000000
10	tsk_10	(x)	1	:	0.406774	0.000000	0.000072	0.593153	0.000000	0.000000	0.000000
11	tsk_11	(x)	1	:	0.255777	0.000000	0.000050	0.744174	0.000000	0.000000	0.000000
12	tsk_12	(x)	1	:	0.217136	0.000000	0.000042	0.782822	0.000000	0.000000	0.000000
13	tsk_13	(x)	1	:	0.391646	0.000000	0.000039	0.608315	0.000000	0.000000	0.000000
14	tsk_14	(x)	1	:	0.710408	0.000000	0.000112	0.289479	0.000000	0.000000	0.000000
15	tsk_15	(x)	1	:	0.439708	0.000000	0.000068	0.560223	0.000000	0.000000	0.000000
16	tsk_16	(x)	1	:	0.614586	0.000000	0.000076	0.385337	0.000000	0.000000	0.000000
17	tsk_17	(x)	1	:	0.588919	0.000000	0.000050	0.411032	0.000000	0.000000	0.000000
18	tsk_18	(x)	1	:	0.614501	0.000000	0.000126	0.385374	0.000000	0.000000	0.000000
19	tsk_19	(x)	1	:	0.496642	0.000000	0.000045	0.503313	0.000000	0.000000	0.000000
20	tsk_20	(x)	1	:	0.018947	0.473349	0.000000	0.005730	0.501974	0.000000	0.000000
21	tsk_21	(x)	1	:	0.016500	0.473349	0.000000	0.008177	0.501974	0.000000	0.000000
22	tsk_22	(x)	1	:	0.125062	0.473392	0.000016	0.401531	0.000000	0.000000	0.000000
23	tsk_23	(x)	1	:	0.330481	0.473395	0.000059	0.196065	0.000000	0.000000	0.000000
24	tsk_24	(x)	1	:	0.119569	0.000000	0.000023	0.124278	0.756130	0.000000	0.000000
25	tsk_25	(x)	1	:	0.387021	0.333334	0.000020	0.279625	0.000000	0.000000	0.000000
26	tsk_26	(x)	1	:	0.221155	0.589406	0.000012	0.189427	0.000000	0.000000	0.000000
27	tsk_27	(x)	1	:	0.411406	0.000000	0.000039	0.588555	0.000000	0.000000	0.000000
28	tsk_28	(x)	1	:	0.474703	0.193708	0.000040	0.331549	0.000000	0.000000	0.000000
29	tsk_29	(x)	1	:	0.257644	0.473398	0.000029	0.016118	0.252810	0.000000	0.000000
30	tsk_30	(x)	1	:	0.504180	0.000000	0.000051	0.495768	0.000000	0.000000	0.000000
31	tsk_31	(x)	1	:	0.297224	0.473393	0.000034	0.229348	0.000000	0.000000	0.000000
32	tsk_32	(x)	1	:	0.174407	0.000000	0.000074	0.825519	0.000000	0.000000	0.000000
33	tsk_33	(x)	1	:	0.048363	0.000000	0.000018	0.264396	0.000000	0.000000	0.687223
34	tsk_34	(x)	1	:	0.517951	0.000000	0.000026	0.223328	0.000000	0.000000	0.258696
35	tsk_35	(x)	1	:	0.463330	0.000000	0.000015	0.277960	0.000000	0.000000	0.258695
36	tsk_36	(x)	1	:	0.262374	0.000000	0.000035	0.448097	0.000000	0.000000	0.289494
37	tsk_37	(x)	1	:	0.379170	0.000000	0.000050	0.620780	0.000000	0.000000	0.000000
38	tsk_38	(x)	1	:	0.513655	0.000000	0.000101	0.486244	0.000000	0.000000	0.000000
39	tsk_39	(x)	1	:	0.280052	0.000000	0.000112	0.719836	0.000000	0.000000	0.000000
40	tsk_40	(x)	1	:	0.479287	0.000000	0.000131	0.520583	0.000000	0.000000	0.000000
41	tsk_41	(x)	1	:	0.560070	0.000000	0.000111	0.439820	0.000000	0.000000	0.000000
42	tsk_42	(x)	1	:	0.593025	0.000000	0.000058	0.406917	0.000000	0.000000	0.000000
43	tsk_43	(x)	1	:	0.000001	0.000000	0.999999	0.000001	0.000000	0.000000	0.000000
44	tsk_44	(x)	1	:	0.000001	0.000000	0.999998	0.000001	0.000000	0.000000	0.000000
45	tsk_45	(x)	1	:	0.000000	1.000000	0.000000	0.000000	0.000000	0.000000	0.000000
46	tsk_46	(x)	1	:	0.000000	0.000000	0.999999	0.000001	0.000000	0.000000	0.000000
47	tsk_47	(x)	1	:	0.440364	0.000000	0.000178	0.559458	0.000000	0.000000	0.000000
48	tsk_48	(x)	1	:	0.582879	0.000000	0.000105	0.417016	0.000000	0.000000	0.000000
49	tsk_49	(x)	1	:	0.000000	0.000000	0.461722	0.000000	0.538278	0.000000	0.000000
50	tsk_50	(x)	1	:	0.116292	0.000000	0.000004	0.027623	0.000000	0.597208	0.258873
51	tsk_51	(x)	1	:	0.077061	0.000000	0.000035	0.197019	0.000000	0.000000	0.725885
52	tsk_52	(x)	1	:	0.258012	0.473393	0.000039	0.268556	0.000000	0.000000	0.000000
53	tsk_53	(x)	1	:	0.046800	0.473459	0.000012	0.230876	0.000000	0.000000	0.248852
54	tsk_54	(x)	1	:	0.000000	0.471934	0.000000	0.000002	0.000000	0.000000	0.528063
55	tsk_55	(x)	1	:	0.000000	1.000000	0.000000	0.000000	0.000000	0.000000	0.000000
56	tsk_56	(x)	1	:	0.361771	0.000000	0.000028	0.163849	0.000000	0.000000	0.474352
57	tsk_57	(x)	1	:	0.105666	0.000000	0.000039	0.168403	0.000000	0.000000	0.725891
58	tsk_58	(x)	1	:	0.268369	0.000000	0.000045	0.482768	0.000000	0.000000	0.248818
59	tsk_59	(x)	1	:	0.000000	0.471934	0.000000	0.000002	0.000000	0.000000	0.528064
60	tsk_60	(x)	1	:	0.318782	0.000000	0.000075	0.681143	0.000000	0.000000	0.000000
61	tsk_61	(x)	1	:	0.000000	0.000000	0.000000	0.000000	1.000000	0.000000	0.000000
62	tsk_62	(x)	1	:	0.355518	0.000000	0.000079	0.644403	0.000000	0.000000	0.000000
63	tsk_63	(x)	1	:	0.014721	0.000000	0.000010	0.097741	0.000000	0.597658	0.289871
64	tsk_64	(x)	1	:	0.023403	0.473487	0.000009	0.213533	0.000000	0.000000	0.289568
65	tsk_65	(x)	1	:	0.441024	0.000000	0.000037	0.558939	0.000000	0.000000	0.000000
66	tsk_66	(x)	1	:	0.280070	0.000000	0.000014	0.240356	0.479561	0.000000	0.000000
67	tsk_67	(x)	1	:	0.197194	0.473392	0.000025	0.329389	0.000000	0.000000	0.000000
68	tsk_68	(x)	1	:	0.357741	0.000000	0.000052	0.185287	0.456919	0.000000	0.000000
69	tsk_69	(x)	1	:	0.000000	0.000000	0.000000	0.000000	0.454213	0.545787	0.000000
70	tsk_70	(x)	1	:	0.000000	0.000000	0.000000	0.000000	0.000000	1.000000	0.000000
71	tsk_71	(x)	1	:	0.074346	0.000000	0.000004	0.069570	0.000000	0.597207	0.258873
72	tsk_72	(x)	1	:	0.000000	0.456297	0.000000	0.000000	0.000000	0.543703	0.000000
73	tsk_73	(x)	1	:	0.592993	0.000000	0.000049	0.406957	0.000000	0.000000	0.000000
74	tsk_74	(x)	1	:	0.440683	0.000000	0.000027	0.559289	0.000000	0.000000	0.000000
75	tsk_75	(x)	1	:	0.275584	0.000000	0.000030	0.127927	0.000000	0.596459	0.000000
76	tsk_76	(x)	1	:	0.108043	0.000000	0.000014	0.295444	0.000000	0.596499	0.000000
77	tsk_77	(x)	1	:	0.148290	0.000000	0.000025	0.255213	0.000000	0.596471	0.000000
78	tsk_78	(x)	1	:	0.593239	0.000000	0.000049	0.406712	0.000000	0.000000	0.000000
79	tsk_79	(x)	1	:	0.000000	0.000000	0.000000	0.000000	0.000000	1.000000	0.000000
80	tsk_80	(x)	1	:	0.414606	0.000000	0.000079	0.585315	0.000000	0.000000	0.000000
81	tsk_81	(x)	1	:	0.000000	0.000000	0.461722	0.000000	0.538278	0.000000	0.000000
82	tsk_82	(x)	1	:	0.000000	0.000000	0.000000	0.000000	1.000000	0.000000	0.000000
83	tsk_83	(x)	1	:	0.285692	0.473393	0.000028	0.240888	0.000000	0.000000	0.000000
84	tsk_84	(x)	1	:	0.263193	0.000000	0.000000	0.206861	0.529945	0.000000	0.000000
85	tsk_85	(x)	1	:	0.569769	0.000000	0.000080	0.430151	0.000000	0.000000	0.000000
86	tsk_86	(x)	1	:	0.542367	0.000000	0.000026	0.457607	0.000000	0.000000	0.000000
87	tsk_87	(x)	1	:	0.313165	0.473393	0.000034	0.213409	0.000000	0.000000	0.000000
88	tsk_88	(x)	1	:	0.473579	0.000000	0.000035	0.526386	0.000000	0.000000	0.000000
89	tsk_89	(x)	1	:	0.000000	0.000000	0.461722	0.000000	0.538278	0.000000	0.000000
90	tsk_90	(x)	1	:	0.200726	0.473394	0.000044	0.325836	0.000000	0.000000	0.000000
91	tsk_91	(x)	1	:	0.207433	0.473468	0.000002	0.060357	0.000000	0.000000	0.258741
92	tsk_92	(x)	1	:	0.026170	0.000000	0.000005	0.086249	0.000000	0.597691	0.289885
93	tsk_93	(x)	1	:	0.321504	0.000000	0.000021	0.115537	0.000000	0.000000	0.562937
94	tsk_94	(x)	1	:	0.217482	0.000000	0.000100	0.492920	0.000000	0.000000	0.289498
95	tsk_95	(x)	1	:	0.441503	0.000000	0.000119	0.558378	0.000000	0.000000	0.000000
96	tsk_96	(x)	1	:	0.237817	0.473393	0.000035	0.288755	0.000000	0.000000	0.000000
97	tsk_97	(x)	1	:	0.160149	0.473392	0.000016	0.366443	0.000000	0.000000	0.000000
98	tsk_98	(x)	1	:	0.153040	0.000000	0.000013	0.250446	0.000000	0.596500	0.000000
99	tsk_99	(x)	1	:	0.473794	0.000000	0.000019	0.267492	0.000000	0.000000	0.258695
