logL = -497.490024 (converged)
AIC = 2714.980049
BIC = 4955.426409

count.K
18 5 21 4 27 3 1 21 

