logL = -661.519824 (converged)
AIC = 2413.039648
BIC = 3832.857399

count.K
18 7 37 18 20 

