logL = -561.744651 (converged)
AIC = 2113.489302
BIC = 3403.048544

count.K
36 15 6 12 31 

