logL = -626.741173 (converged)
AIC = 2493.482347
BIC = 4108.687862

count.K
12 6 14 30 9 29 

