logL = -737.548647 (converged)
AIC = 2883.097294
BIC = 4717.137105

count.K
9 16 19 7 33 16 

