logL = -470.217924 (converged)
AIC = 2192.435847
BIC = 3823.272384

count.K
5 10 21 26 13 25 

