logL = -658.484187 (converged)
AIC = 1860.968374
BIC = 2569.574665

count.K
18 25 57 

