logL = -418.902700 (converged)
AIC = 3077.805401
BIC = 5995.596009

count.K
10 40 1 13 5 16 2 9 0 4 

