logL = -918.955681 (converged)
AIC = 2129.911363
BIC = 2510.266210

count.K
53 47 

