logL = -595.688135 (converged)
AIC = 3055.376269
BIC = 5483.394883

count.K
16 47 1 7 15 2 1 11 

