logL = -909.061151 (converged)
AIC = 3602.122302
BIC = 5925.934108

count.K
28 8 2 27 1 3 2 29 

