logL = -359.247025 (converged)
AIC = 1922.494050
BIC = 3490.806502

count.K
3 7 45 5 6 34 

