logL = -646.965715 (converged)
AIC = 2629.931430
BIC = 4370.185115

count.K
12 15 16 10 37 10 

