logL = -592.091249 (converged)
AIC = 2496.182499
BIC = 4205.174141

count.K
10 13 22 30 9 16 

