logL = -545.525645 (converged)
AIC = 1605.051289
BIC = 2274.580027

count.K
19 30 51 

