logL = -486.637922 (converged)
AIC = 3193.275843
BIC = 6085.014750

count.K
16 6 9 12 0 23 0 18 15 1 

