logL = -504.406454 (converged)
AIC = 2776.812909
BIC = 5079.783353

count.K
11 13 9 19 2 9 15 22 

