logL = -723.953635 (converged)
AIC = 3767.907269
BIC = 6789.904685

count.K
34 5 3 5 1 25 11 1 15 0 

