logL = -561.565977 (converged)
AIC = 3423.131953
BIC = 6419.077667

count.K
24 2 22 7 16 1 8 17 1 2 

