logL = -1065.142828 (converged)
AIC = 3598.285655
BIC = 5510.480572

count.K
28 8 12 22 9 21 

