logL = -867.138397 (converged)
AIC = 2284.276795
BIC = 3000.698596

count.K
14 46 40 

