logL = -544.277226 (converged)
AIC = 1364.554451
BIC = 1724.067937

count.K
9 91 

