logL = -609.540279 (converged)
AIC = 2519.080559
BIC = 4212.441180

count.K
9 29 28 7 7 20 

