logL = -655.839339 (converged)
AIC = 2611.678679
BIC = 4305.039299

count.K
13 6 72 0 8 1 

