logL = -402.287774 (converged)
AIC = 2818.575547
BIC = 5441.981924

count.K
14 18 11 7 14 17 8 9 2 

