logL = -615.873188 (converged)
AIC = 1531.746376
BIC = 1922.521904

count.K
31 69 

