logL = -971.198175 (converged)
AIC = 2734.396350
BIC = 3766.043744

count.K
25 3 14 58 

