logL = -980.363350 (converged)
AIC = 2264.726700
BIC = 2660.712568

count.K
65 35 

