logL = -313.141630 (converged)
AIC = 1794.283261
BIC = 3315.702649

count.K
24 14 19 16 5 22 

