logL = -573.822730 (converged)
AIC = 2739.645460
BIC = 4813.360928

count.K
5 8 22 6 49 8 2 

