logL = -729.259456 (converged)
AIC = 2734.518913
BIC = 4396.617491

count.K
12 5 20 29 25 9 

