0	tsk_0	(x)	1	:	0.000000	0.000000	0.000000	0.000000	0.000000	0.242983	0.451224	0.000000	0.000000	0.305793
1	tsk_1	(x)	1	:	0.000000	0.000000	0.000000	0.000000	0.000000	0.344235	0.000000	0.551579	0.000000	0.104187
2	tsk_2	(x)	1	:	0.000000	0.000000	0.000000	0.000000	0.000000	0.000000	0.547109	0.000000	0.452891	0.000000
3	tsk_3	(x)	1	:	0.000000	0.000000	0.000000	1.000000	0.000000	0.000000	0.000000	0.000000	0.000000	0.000000
4	tsk_4	(x)	1	:	0.000000	0.000000	0.000000	0.000000	0.482508	0.247804	0.000000	0.000000	0.000000	0.269688
5	tsk_5	(x)	1	:	0.000000	0.000000	0.000000	0.000000	0.482508	0.223867	0.000000	0.000000	0.000000	0.293625
6	tsk_6	(x)	1	:	0.000000	0.000000	0.000000	0.000000	0.000000	0.430355	0.000000	0.000000	0.000000	0.569645
7	tsk_7	(x)	1	:	0.000000	0.000000	0.000000	0.000000	0.000000	0.166759	0.000000	0.000000	0.500000	0.333241
8	tsk_8	(x)	1	:	0.000000	0.000000	0.000000	0.000000	0.000000	0.360704	0.000000	0.487497	0.011286	0.140513
9	tsk_9	(x)	1	:	0.000000	0.000000	0.000000	0.523523	0.476477	0.000000	0.000000	0.000000	0.000000	0.000000
10	tsk_10	(x)	1	:	0.000000	0.000000	0.000000	0.000000	0.000000	0.289050	0.000000	0.487120	0.011882	0.211947
11	tsk_11	(x)	1	:	0.000000	0.000000	0.000000	0.000000	0.000000	0.613981	0.000000	0.000000	0.000000	0.386019
12	tsk_12	(x)	1	:	0.000000	0.000000	0.000000	0.000000	0.000000	0.724029	0.000000	0.000000	0.000000	0.275971
13	tsk_13	(x)	1	:	0.000000	0.000000	0.000000	0.000000	0.482508	0.240246	0.000000	0.000000	0.000000	0.277246
14	tsk_14	(x)	1	:	0.000000	0.000000	0.000000	0.000000	0.000000	0.000000	0.000000	0.486359	0.513641	0.000000
15	tsk_15	(x)	1	:	0.000000	0.000000	0.000000	0.000000	0.482508	0.398392	0.000000	0.000000	0.000000	0.119101
16	tsk_16	(x)	1	:	0.000000	0.000000	0.000000	0.000000	1.000000	0.000000	0.000000	0.000000	0.000000	0.000000
17	tsk_17	(x)	1	:	0.000000	0.000000	0.000000	0.000000	0.484682	0.000000	0.000000	0.000000	0.515318	0.000000
18	tsk_18	(x)	1	:	0.000000	0.000000	0.000000	0.000000	0.000000	0.507413	0.000000	0.000000	0.000000	0.492587
19	tsk_19	(x)	1	:	0.000000	0.000000	0.000000	0.000000	0.000000	0.000000	0.000000	0.000000	1.000000	0.000000
20	tsk_20	(x)	1	:	0.000000	0.000000	0.000000	0.000000	0.000000	0.468753	0.000000	0.000000	0.000000	0.531247
21	tsk_21	(x)	1	:	0.000000	0.000000	0.000000	0.000000	0.551990	0.091245	0.000000	0.000000	0.000000	0.356765
22	tsk_22	(x)	1	:	0.000000	0.000000	0.000000	0.000000	0.482508	0.232327	0.000000	0.000000	0.000000	0.285165
23	tsk_23	(x)	1	:	0.000000	0.000000	0.000000	0.326554	0.000000	0.000000	0.465873	0.000000	0.207573	0.000000
24	tsk_24	(x)	1	:	0.000000	0.000000	0.000000	0.000000	0.000000	0.274282	0.451226	0.000000	0.000000	0.274492
25	tsk_25	(x)	1	:	0.000000	0.000000	0.000000	0.000000	0.000000	0.297797	0.451225	0.000000	0.000000	0.250977
26	tsk_26	(x)	1	:	0.000000	0.000000	0.000000	0.000000	0.000000	0.601723	0.000000	0.000000	0.000000	0.398277
27	tsk_27	(x)	1	:	0.000000	0.000000	0.000000	0.326268	0.000000	0.000000	0.465741	0.000000	0.207991	0.000000
28	tsk_28	(x)	1	:	0.000000	0.000000	0.000000	0.326351	0.000000	0.300218	0.000000	0.000000	0.174939	0.198493
29	tsk_29	(x)	1	:	0.000000	0.000000	0.000000	0.357358	0.000000	0.000000	0.000000	0.641953	0.000689	0.000000
30	tsk_30	(x)	1	:	0.000000	0.000000	0.000000	0.000000	0.482508	0.247294	0.000000	0.000000	0.000000	0.270198
31	tsk_31	(x)	1	:	0.498304	0.000000	0.000000	0.000000	0.000000	0.000000	0.000000	0.000000	0.501696	0.000000
32	tsk_32	(x)	1	:	0.000000	0.499473	0.000000	0.000000	0.000000	0.309918	0.000000	0.000000	0.000000	0.190610
33	tsk_33	(x)	1	:	0.000000	0.000000	0.000000	0.000000	0.484682	0.000000	0.000000	0.000000	0.515318	0.000000
34	tsk_34	(x)	1	:	0.465105	0.000000	0.000000	0.000000	0.000000	0.000000	0.000000	0.534894	0.000000	0.000000
35	tsk_35	(x)	1	:	0.000000	0.000000	0.000000	0.000000	0.000000	0.219805	0.000000	0.000000	0.499999	0.280196
36	tsk_36	(x)	1	:	0.000000	0.514148	0.000000	0.000000	0.485849	0.000001	0.000000	0.000000	0.000000	0.000001
37	tsk_37	(x)	1	:	1.000000	0.000000	0.000000	0.000000	0.000000	0.000000	0.000000	0.000000	0.000000	0.000000
38	tsk_38	(x)	1	:	0.000000	0.000000	0.000000	0.000000	0.461807	0.000000	0.000000	0.538193	0.000000	0.000000
39	tsk_39	(x)	1	:	0.498304	0.000000	0.000000	0.000000	0.000000	0.000000	0.000000	0.000000	0.501696	0.000000
40	tsk_40	(x)	1	:	0.000000	0.000000	0.000000	0.000000	0.000000	0.497510	0.000000	0.000000	0.000000	0.502490
41	tsk_41	(x)	1	:	0.000000	0.000000	0.000000	0.000000	0.000000	0.498873	0.000000	0.000000	0.000000	0.501127
42	tsk_42	(x)	1	:	0.000000	0.000000	0.000000	0.000000	0.000000	0.569128	0.000000	0.000000	0.000000	0.430872
43	tsk_43	(x)	1	:	0.000000	0.000000	0.000000	0.000000	1.000000	0.000000	0.000000	0.000000	0.000000	0.000000
44	tsk_44	(x)	1	:	0.000000	0.000000	0.000000	0.000000	1.000000	0.000000	0.000000	0.000000	0.000000	0.000000
45	tsk_45	(x)	1	:	0.000000	0.000000	0.000000	0.000000	1.000000	0.000000	0.000000	0.000000	0.000000	0.000000
46	tsk_46	(x)	1	:	0.000000	0.000000	0.000000	0.000000	0.000000	0.289980	0.451223	0.000000	0.000000	0.258797
47	tsk_47	(x)	1	:	0.000000	0.000000	0.000000	0.000000	1.000000	0.000000	0.000000	0.000000	0.000000	0.000000
48	tsk_48	(x)	1	:	0.000000	0.000000	0.000000	0.000000	1.000000	0.000000	0.000000	0.000000	0.000000	0.000000
49	tsk_49	(x)	1	:	0.000000	0.000000	0.000000	0.000000	0.496743	0.000000	0.503256	0.000000	0.000000	0.000000
50	tsk_50	(x)	1	:	0.000000	0.000000	0.000000	0.000000	0.546199	0.000000	0.000000	0.000000	0.453801	0.000000
51	tsk_51	(x)	1	:	0.000000	0.000001	0.499949	0.000000	0.000000	0.283793	0.000000	0.000000	0.000000	0.216258
52	tsk_52	(x)	1	:	0.000000	0.000000	0.000000	0.000000	0.000000	0.466698	0.000000	0.487231	0.011707	0.034364
53	tsk_53	(x)	1	:	0.000000	0.000000	0.000000	0.000000	1.000000	0.000000	0.000000	0.000000	0.000000	0.000000
54	tsk_54	(x)	1	:	0.000000	0.000000	0.000000	0.000000	0.000000	0.282061	0.000000	0.000000	0.500000	0.217939
55	tsk_55	(x)	1	:	0.000000	0.000000	0.000000	0.000000	0.000000	0.513688	0.000000	0.000000	0.000000	0.486312
56	tsk_56	(x)	1	:	0.000000	0.000000	1.000000	0.000000	0.000000	0.000000	0.000000	0.000000	0.000000	0.000000
57	tsk_57	(x)	1	:	0.000000	0.000000	0.499955	0.000000	0.000000	0.341870	0.000000	0.000000	0.000000	0.158174
58	tsk_58	(x)	1	:	0.000000	0.000000	0.000000	0.000000	0.000000	0.000000	0.547110	0.000000	0.452890	0.000000
59	tsk_59	(x)	1	:	0.000000	0.000000	0.000000	0.000000	0.540919	0.000000	0.000000	0.459081	0.000000	0.000000
60	tsk_60	(x)	1	:	0.000000	0.000000	0.000000	0.000000	0.000000	0.212662	0.000000	0.243217	0.256576	0.287545
61	tsk_61	(x)	1	:	0.000000	0.000000	0.000000	0.000000	0.000000	0.000000	0.436894	0.563106	0.000000	0.000000
62	tsk_62	(x)	1	:	0.000000	0.000000	0.000000	0.000000	0.000000	0.000000	0.467284	0.243264	0.289452	0.000000
63	tsk_63	(x)	1	:	0.000000	0.000000	0.000000	0.000000	0.000000	0.000000	0.467015	0.485326	0.047659	0.000000
64	tsk_64	(x)	1	:	0.000000	0.000000	0.000000	0.325055	0.000000	0.000000	0.000000	0.478788	0.196157	0.000000
65	tsk_65	(x)	1	:	0.000000	0.000000	0.000000	0.326659	0.000000	0.000000	0.465920	0.000000	0.207421	0.000000
66	tsk_66	(x)	1	:	0.000000	0.000000	0.000000	0.000000	0.000000	0.400559	0.000000	0.243217	0.256576	0.099647
67	tsk_67	(x)	1	:	0.000000	0.000000	0.000000	0.000000	0.000000	0.000000	0.000000	0.243365	0.756635	0.000000
68	tsk_68	(x)	1	:	0.000000	0.000000	0.000000	0.000000	0.000000	0.000000	0.000000	0.862181	0.137819	0.000000
69	tsk_69	(x)	1	:	0.000000	0.000000	0.000000	0.329621	0.000000	0.000000	0.000000	0.481676	0.188703	0.000000
70	tsk_70	(x)	1	:	0.000000	0.000000	0.000000	0.000000	0.000000	0.769502	0.000000	0.000000	0.000000	0.230498
71	tsk_71	(x)	1	:	0.000000	0.000000	0.000000	0.000000	0.000000	0.513409	0.000000	0.000000	0.000000	0.486591
72	tsk_72	(x)	1	:	0.000000	0.000000	0.000000	0.000000	0.000000	0.361602	0.000000	0.000000	0.000000	0.638398
73	tsk_73	(x)	1	:	0.000000	0.000000	0.000000	0.000000	0.000000	0.308208	0.000000	0.000000	0.000000	0.691792
74	tsk_74	(x)	1	:	0.000000	0.000000	0.000000	0.000000	0.000000	0.536617	0.000000	0.000000	0.000000	0.463383
75	tsk_75	(x)	1	:	0.000000	0.000000	0.000000	0.000000	0.000000	0.486958	0.000000	0.000000	0.000000	0.513042
76	tsk_76	(x)	1	:	0.000000	0.000000	0.000000	0.000000	0.482508	0.186212	0.000000	0.000000	0.000000	0.331280
77	tsk_77	(x)	1	:	0.000000	0.000000	0.000000	0.000000	0.000000	0.637589	0.000000	0.000000	0.000000	0.362411
78	tsk_78	(x)	1	:	0.000000	0.000000	0.000000	0.000000	0.000000	0.570180	0.000000	0.000000	0.000000	0.429820
79	tsk_79	(x)	1	:	0.000000	0.000000	0.000000	0.000000	0.000000	0.208791	0.000000	0.000000	0.499991	0.291218
80	tsk_80	(x)	1	:	0.478523	0.000000	0.000000	0.000000	0.000000	0.124709	0.000000	0.000000	0.000000	0.396768
81	tsk_81	(x)	1	:	0.000000	0.000000	0.000000	0.000000	0.000000	0.347656	0.000000	0.551579	0.000000	0.100766
82	tsk_82	(x)	1	:	0.000000	0.000000	0.000000	0.000000	0.000000	0.637299	0.000000	0.000000	0.000000	0.362701
83	tsk_83	(x)	1	:	0.000000	0.000000	0.000000	0.000000	0.000000	0.332999	0.000000	0.551579	0.000000	0.115423
84	tsk_84	(x)	1	:	0.446590	0.000000	0.000000	0.000000	0.000000	0.000000	0.553410	0.000000	0.000000	0.000000
85	tsk_85	(x)	1	:	0.000000	0.000000	0.000000	0.000000	0.000000	0.359026	0.000000	0.000000	0.500000	0.140974
86	tsk_86	(x)	1	:	0.000000	0.000000	0.000000	0.000000	0.000000	0.300451	0.000000	0.410901	0.089133	0.199516
87	tsk_87	(x)	1	:	0.000000	0.000000	0.000000	0.000000	0.000000	0.214663	0.574213	0.000000	0.000000	0.211124
88	tsk_88	(x)	1	:	0.482149	0.000000	0.000000	0.000000	0.000000	0.000000	0.000000	0.000000	0.517850	0.000000
89	tsk_89	(x)	1	:	0.000000	0.000000	0.000000	0.000000	0.000000	0.000000	1.000000	0.000000	0.000000	0.000000
90	tsk_90	(x)	1	:	0.000000	0.000000	0.000000	0.000000	0.000000	0.363760	0.000000	0.000000	0.499990	0.136250
91	tsk_91	(x)	1	:	0.000000	0.000000	0.000000	0.257813	0.000000	0.000000	0.000000	0.240937	0.501250	0.000000
92	tsk_92	(x)	1	:	0.000000	0.000000	0.000000	0.257313	0.000000	0.004948	0.000000	0.000000	0.243155	0.494585
93	tsk_93	(x)	1	:	0.000000	0.000000	0.000000	0.000000	0.000000	0.324689	0.000000	0.000000	0.500000	0.175311
94	tsk_94	(x)	1	:	0.000000	0.000000	0.000000	0.000000	1.000000	0.000000	0.000000	0.000000	0.000000	0.000000
95	tsk_95	(x)	1	:	0.000000	0.000000	0.000000	0.000000	0.517195	0.000000	0.000000	0.000000	0.482805	0.000000
96	tsk_96	(x)	1	:	0.000000	0.000000	0.000000	0.000000	0.517195	0.000000	0.000000	0.000000	0.482805	0.000000
97	tsk_97	(x)	1	:	0.000000	0.000000	0.000000	0.000000	0.000000	0.452908	0.000000	0.000000	0.000000	0.547092
98	tsk_98	(x)	1	:	0.000000	0.000000	0.000000	0.000000	0.000000	0.000000	0.467102	0.000000	0.532898	0.000000
99	tsk_99	(x)	1	:	0.000000	0.000000	0.000000	0.257148	0.517102	0.000000	0.000000	0.000000	0.225751	0.000000
