logL = -580.354853 (converged)
AIC = 3282.709706
BIC = 6046.795274

count.K
43 3 14 2 5 1 4 16 12 

