logL = -994.733030 (converged)
AIC = 3069.466061
BIC = 4476.257961

count.K
36 10 16 6 32 

