logL = -257.982631 (converged)
AIC = 981.965261
BIC = 1588.969915

count.K
30 24 46 

