logL = -686.767380 (converged)
AIC = 2721.534761
BIC = 4477.419466

count.K
20 40 16 17 0 7 

