logL = -813.128438 (converged)
AIC = 2676.256876
BIC = 4043.971223

count.K
9 1 22 1 67 

