logL = -922.662836 (converged)
AIC = 3301.325672
BIC = 5197.889567

count.K
15 16 14 18 14 23 

