logL = -658.498745 (converged)
AIC = 1848.997490
BIC = 2541.972760

count.K
25 48 27 

