logL = -1975.244978 (converged)
AIC = 5260.489956
BIC = 6966.876427

count.K
29 26 4 26 15 

