0	tsk_0	(x)	1	:	0.000001	0.509784	0.490216	0.000000	0.000000	0.000000	0.000000
1	tsk_1	(x)	1	:	0.000101	0.999899	0.000000	0.000000	0.000000	0.000000	0.000000
2	tsk_2	(x)	1	:	0.000040	0.999960	0.000000	0.000000	0.000000	0.000000	0.000000
3	tsk_3	(x)	1	:	0.000002	0.509782	0.490216	0.000000	0.000000	0.000000	0.000000
4	tsk_4	(x)	1	:	0.000015	0.474141	0.525845	0.000000	0.000000	0.000000	0.000000
5	tsk_5	(x)	1	:	0.000040	0.999960	0.000000	0.000000	0.000000	0.000000	0.000000
6	tsk_6	(x)	1	:	0.000022	0.999978	0.000000	0.000000	0.000000	0.000000	0.000000
7	tsk_7	(x)	1	:	0.000042	0.474111	0.525846	0.000000	0.000000	0.000000	0.000000
8	tsk_8	(x)	1	:	0.000104	0.999896	0.000000	0.000000	0.000000	0.000000	0.000000
9	tsk_9	(x)	1	:	0.000001	0.509783	0.490216	0.000000	0.000000	0.000000	0.000000
10	tsk_10	(x)	1	:	0.000000	0.000000	1.000000	0.000000	0.000000	0.000000	0.000000
11	tsk_11	(x)	1	:	0.000000	0.000000	0.493771	0.506229	0.000000	0.000000	0.000000
12	tsk_12	(x)	1	:	0.000000	0.000005	0.000000	0.498620	0.000000	0.000000	0.501375
13	tsk_13	(x)	1	:	0.000000	0.000000	1.000000	0.000000	0.000000	0.000000	0.000000
14	tsk_14	(x)	1	:	0.000000	0.000000	0.310543	0.000000	0.689457	0.000000	0.000000
15	tsk_15	(x)	1	:	0.000000	0.000000	0.000000	0.468520	0.531480	0.000000	0.000000
16	tsk_16	(x)	1	:	0.000000	0.000000	0.818246	0.000000	0.181753	0.000000	0.000000
17	tsk_17	(x)	1	:	0.000000	0.000000	0.000000	0.487723	0.512277	0.000000	0.000000
18	tsk_18	(x)	1	:	0.000000	0.000000	0.772422	0.000000	0.227578	0.000000	0.000000
19	tsk_19	(x)	1	:	0.000000	0.000000	0.772422	0.000000	0.227578	0.000000	0.000000
20	tsk_20	(x)	1	:	0.000000	0.000000	0.493771	0.506229	0.000000	0.000000	0.000000
21	tsk_21	(x)	1	:	0.000001	0.499999	0.000000	0.500000	0.000000	0.000000	0.000000
22	tsk_22	(x)	1	:	0.000001	0.499999	0.000000	0.500000	0.000000	0.000000	0.000000
23	tsk_23	(x)	1	:	0.000000	0.009378	0.000000	0.501389	0.000000	0.489233	0.000000
24	tsk_24	(x)	1	:	0.000000	0.008856	0.000000	0.501520	0.000000	0.489625	0.000000
25	tsk_25	(x)	1	:	0.000000	0.000000	0.493771	0.506229	0.000000	0.000000	0.000000
26	tsk_26	(x)	1	:	0.000000	0.007684	0.000000	0.501813	0.000000	0.490503	0.000000
27	tsk_27	(x)	1	:	0.000000	0.500000	0.000000	0.500000	0.000000	0.000000	0.000000
28	tsk_28	(x)	1	:	0.000000	0.022079	0.490798	0.000000	0.000000	0.487122	0.000000
29	tsk_29	(x)	1	:	0.000000	0.000000	0.000000	1.000000	0.000000	0.000000	0.000000
30	tsk_30	(x)	1	:	0.000074	0.999925	0.000000	0.000000	0.000000	0.000000	0.000000
31	tsk_31	(x)	1	:	0.000000	0.016258	0.000066	0.000000	0.486223	0.497452	0.000000
32	tsk_32	(x)	1	:	0.000000	0.000000	0.541094	0.000000	0.458906	0.000000	0.000000
33	tsk_33	(x)	1	:	0.000000	0.500000	0.000000	0.500000	0.000000	0.000000	0.000000
34	tsk_34	(x)	1	:	0.000002	0.499998	0.000000	0.500000	0.000000	0.000000	0.000000
35	tsk_35	(x)	1	:	0.000007	0.499993	0.000000	0.500000	0.000000	0.000000	0.000000
36	tsk_36	(x)	1	:	0.000103	0.999897	0.000000	0.000000	0.000000	0.000000	0.000000
37	tsk_37	(x)	1	:	0.000000	0.000000	0.500082	0.000000	0.000000	0.000000	0.499918
38	tsk_38	(x)	1	:	0.000110	0.999890	0.000000	0.000000	0.000000	0.000000	0.000000
39	tsk_39	(x)	1	:	0.000036	0.514914	0.000000	0.000000	0.000000	0.485049	0.000000
40	tsk_40	(x)	1	:	0.000000	0.509630	0.300572	0.000000	0.189798	0.000000	0.000000
41	tsk_41	(x)	1	:	0.000000	0.000000	1.000000	0.000000	0.000000	0.000000	0.000000
42	tsk_42	(x)	1	:	0.000248	0.408400	0.000000	0.000000	0.000000	0.591352	0.000000
43	tsk_43	(x)	1	:	0.000057	0.408633	0.000000	0.000000	0.000000	0.591309	0.000000
44	tsk_44	(x)	1	:	0.000000	0.000168	0.523512	0.000000	0.000000	0.476320	0.000000
45	tsk_45	(x)	1	:	0.000000	0.000000	0.842774	0.000000	0.157226	0.000000	0.000000
46	tsk_46	(x)	1	:	0.000064	0.514880	0.000000	0.000000	0.000000	0.485056	0.000000
47	tsk_47	(x)	1	:	0.000002	0.474140	0.525858	0.000000	0.000000	0.000000	0.000000
48	tsk_48	(x)	1	:	0.000001	0.509784	0.490216	0.000000	0.000000	0.000000	0.000000
49	tsk_49	(x)	1	:	0.000000	0.000000	0.304069	0.506131	0.189800	0.000000	0.000000
50	tsk_50	(x)	1	:	0.000040	0.999960	0.000000	0.000000	0.000000	0.000000	0.000000
51	tsk_51	(x)	1	:	0.000002	0.516470	0.000000	0.000000	0.483528	0.000000	0.000000
52	tsk_52	(x)	1	:	0.000004	0.516467	0.000000	0.000000	0.483529	0.000000	0.000000
53	tsk_53	(x)	1	:	0.000025	0.999975	0.000000	0.000000	0.000000	0.000000	0.000000
54	tsk_54	(x)	1	:	0.000001	0.516470	0.000000	0.000000	0.483528	0.000000	0.000000
55	tsk_55	(x)	1	:	0.000000	0.000000	0.493771	0.506229	0.000000	0.000000	0.000000
56	tsk_56	(x)	1	:	0.000002	0.499998	0.000000	0.500000	0.000000	0.000000	0.000000
57	tsk_57	(x)	1	:	0.000001	0.516470	0.000000	0.000000	0.483528	0.000000	0.000000
58	tsk_58	(x)	1	:	0.000022	0.514932	0.000000	0.000000	0.000000	0.485046	0.000000
59	tsk_59	(x)	1	:	0.000012	0.999988	0.000000	0.000000	0.000000	0.000000	0.000000
60	tsk_60	(x)	1	:	0.000000	0.007095	0.000000	0.501960	0.000000	0.490945	0.000000
61	tsk_61	(x)	1	:	0.000000	0.000000	0.000000	0.000000	0.000000	1.000000	0.000000
62	tsk_62	(x)	1	:	0.000000	0.000000	0.469272	0.000000	0.000000	0.530728	0.000000
63	tsk_63	(x)	1	:	0.000004	0.499996	0.000000	0.500000	0.000000	0.000000	0.000000
64	tsk_64	(x)	1	:	0.000022	0.999978	0.000000	0.000000	0.000000	0.000000	0.000000
65	tsk_65	(x)	1	:	0.000000	0.000000	1.000000	0.000000	0.000000	0.000000	0.000000
66	tsk_66	(x)	1	:	0.000000	0.000000	0.000000	0.000000	0.000000	1.000000	0.000000
67	tsk_67	(x)	1	:	0.000000	0.005903	0.000000	0.502259	0.000000	0.491838	0.000000
68	tsk_68	(x)	1	:	0.000000	0.000000	0.000000	0.000000	0.000000	1.000000	0.000000
69	tsk_69	(x)	1	:	0.000000	0.007599	0.000000	0.501834	0.000000	0.490567	0.000000
70	tsk_70	(x)	1	:	0.000007	0.999993	0.000000	0.000000	0.000000	0.000000	0.000000
71	tsk_71	(x)	1	:	0.000030	0.999970	0.000000	0.000000	0.000000	0.000000	0.000000
72	tsk_72	(x)	1	:	0.000004	0.509780	0.490216	0.000000	0.000000	0.000000	0.000000
73	tsk_73	(x)	1	:	0.000046	0.999954	0.000000	0.000000	0.000000	0.000000	0.000000
74	tsk_74	(x)	1	:	0.000027	0.999973	0.000000	0.000000	0.000000	0.000000	0.000000
75	tsk_75	(x)	1	:	0.000052	0.999948	0.000000	0.000000	0.000000	0.000000	0.000000
76	tsk_76	(x)	1	:	0.000026	0.999974	0.000000	0.000000	0.000000	0.000000	0.000000
77	tsk_77	(x)	1	:	0.000006	0.509778	0.490216	0.000000	0.000000	0.000000	0.000000
78	tsk_78	(x)	1	:	0.000067	0.514876	0.000000	0.000000	0.000000	0.485057	0.000000
79	tsk_79	(x)	1	:	0.000035	0.514916	0.000000	0.000000	0.000000	0.485049	0.000000
80	tsk_80	(x)	1	:	0.000000	0.000000	0.000000	0.487723	0.512277	0.000000	0.000000
81	tsk_81	(x)	1	:	0.000162	0.514757	0.000000	0.000000	0.000000	0.485081	0.000000
82	tsk_82	(x)	1	:	0.000000	0.000000	0.000000	0.000000	0.000000	1.000000	0.000000
83	tsk_83	(x)	1	:	0.000000	0.000000	0.000000	0.000000	0.000000	1.000000	0.000000
84	tsk_84	(x)	1	:	0.557314	0.000000	0.000000	0.000000	0.000000	0.442686	0.000000
85	tsk_85	(x)	1	:	0.000000	0.022690	0.490665	0.000000	0.000000	0.486645	0.000000
86	tsk_86	(x)	1	:	0.000000	0.000000	0.000000	0.000000	0.000000	1.000000	0.000000
87	tsk_87	(x)	1	:	0.000000	0.000000	0.469271	0.000000	0.000000	0.530729	0.000000
88	tsk_88	(x)	1	:	0.000000	0.000000	0.000000	0.487723	0.512277	0.000000	0.000000
89	tsk_89	(x)	1	:	0.000003	0.499997	0.000000	0.500000	0.000000	0.000000	0.000000
90	tsk_90	(x)	1	:	0.000000	0.000000	1.000000	0.000000	0.000000	0.000000	0.000000
91	tsk_91	(x)	1	:	0.000004	0.474137	0.525858	0.000000	0.000000	0.000000	0.000000
92	tsk_92	(x)	1	:	0.000000	0.000000	1.000000	0.000000	0.000000	0.000000	0.000000
93	tsk_93	(x)	1	:	0.582264	0.000000	0.000000	0.000000	0.000000	0.000000	0.417736
94	tsk_94	(x)	1	:	0.524710	0.000000	0.475290	0.000000	0.000000	0.000000	0.000000
95	tsk_95	(x)	1	:	0.000004	0.499996	0.000000	0.500000	0.000000	0.000000	0.000000
96	tsk_96	(x)	1	:	0.999909	0.000091	0.000000	0.000000	0.000000	0.000000	0.000000
97	tsk_97	(x)	1	:	0.000441	0.514408	0.000000	0.000000	0.000000	0.485151	0.000001
98	tsk_98	(x)	1	:	0.000109	0.999891	0.000000	0.000000	0.000000	0.000000	0.000000
99	tsk_99	(x)	1	:	0.000001	0.499999	0.000000	0.500000	0.000000	0.000000	0.000000
