logL = -1448.279201 (converged)
AIC = 4046.558402
BIC = 5544.531259

count.K
20 28 13 18 21 

