logL = -712.970585 (converged)
AIC = 2241.941170
BIC = 3304.850606

count.K
28 5 15 52 

