logL = -669.849424 (converged)
AIC = 3425.698849
BIC = 6142.891352

count.K
15 29 15 26 3 2 1 8 1 

