0	tsk_0	(x)	1	:	0.000000	0.027548	0.000000	0.000000	0.000000	0.000000	0.510087	0.000000	0.117319	0.345045
1	tsk_1	(x)	1	:	0.000000	0.079871	0.000000	0.000000	0.000000	0.000000	0.000000	0.000000	0.826572	0.093558
2	tsk_2	(x)	1	:	0.000000	0.129304	0.000000	0.000000	0.000000	0.000000	0.000000	0.000000	0.332979	0.537717
3	tsk_3	(x)	1	:	0.000000	0.072757	0.000000	0.000000	0.000000	0.000000	0.000000	0.000000	0.668784	0.258459
4	tsk_4	(x)	1	:	0.000000	0.042490	0.000000	0.000000	0.000000	0.000000	0.000000	0.000000	0.756466	0.201044
5	tsk_5	(x)	1	:	0.000000	0.071568	0.000000	0.000000	0.000000	0.000000	0.000000	0.000000	0.676905	0.251527
6	tsk_6	(x)	1	:	0.149369	0.000000	0.000000	0.000000	0.349435	0.000000	0.501196	0.000000	0.000000	0.000000
7	tsk_7	(x)	1	:	0.169376	0.182713	0.000000	0.000000	0.330624	0.000000	0.000000	0.000000	0.120475	0.196812
8	tsk_8	(x)	1	:	0.000000	0.074936	0.000000	0.000000	0.000000	0.000000	0.000000	0.000000	0.391980	0.533084
9	tsk_9	(x)	1	:	0.159664	0.050252	0.000000	0.000003	0.340333	0.000000	0.000000	0.000000	0.315255	0.134493
10	tsk_10	(x)	1	:	0.158795	0.000000	0.000000	0.000000	0.841205	0.000000	0.000000	0.000000	0.000000	0.000000
11	tsk_11	(x)	1	:	0.188958	0.000000	0.000000	0.000000	0.811042	0.000000	0.000000	0.000000	0.000000	0.000000
12	tsk_12	(x)	1	:	0.386246	0.000000	0.000000	0.000000	0.613754	0.000000	0.000000	0.000000	0.000000	0.000000
13	tsk_13	(x)	1	:	0.003013	0.107878	0.480883	0.000000	0.009885	0.000000	0.000000	0.000000	0.235137	0.163204
14	tsk_14	(x)	1	:	0.144327	0.000000	0.000000	0.000000	0.855673	0.000000	0.000000	0.000000	0.000000	0.000000
15	tsk_15	(x)	1	:	0.105033	0.000000	0.000000	0.000000	0.894967	0.000000	0.000000	0.000000	0.000000	0.000000
16	tsk_16	(x)	1	:	0.253422	0.000000	0.000000	0.000000	0.746578	0.000000	0.000000	0.000000	0.000000	0.000000
17	tsk_17	(x)	1	:	0.165220	0.000000	0.000000	0.000000	0.834780	0.000000	0.000000	0.000000	0.000000	0.000000
18	tsk_18	(x)	1	:	0.002854	0.000000	0.000000	0.000000	0.997146	0.000000	0.000000	0.000000	0.000000	0.000000
19	tsk_19	(x)	1	:	0.124045	0.298410	0.000000	0.000000	0.375955	0.000000	0.000000	0.000000	0.070559	0.131030
20	tsk_20	(x)	1	:	0.480064	0.000000	0.000000	0.000000	0.021659	0.000000	0.000000	0.498277	0.000000	0.000000
21	tsk_21	(x)	1	:	0.000000	0.041138	0.000000	0.000000	0.000000	0.000000	0.000000	0.498450	0.164103	0.296310
22	tsk_22	(x)	1	:	0.029406	0.200892	0.000000	0.000000	0.470594	0.000000	0.000000	0.000000	0.224553	0.074556
23	tsk_23	(x)	1	:	0.480677	0.000000	0.000000	0.000000	0.021046	0.000000	0.000000	0.498277	0.000000	0.000000
24	tsk_24	(x)	1	:	0.000000	0.059351	0.000000	0.000000	0.000000	0.000000	0.000000	0.000000	0.456380	0.484268
25	tsk_25	(x)	1	:	0.125377	0.259621	0.000000	0.000000	0.374623	0.000000	0.000000	0.000000	0.089255	0.151124
26	tsk_26	(x)	1	:	0.000000	0.000000	0.000000	0.000000	0.000000	0.000000	0.000000	1.000000	0.000000	0.000000
27	tsk_27	(x)	1	:	0.000000	0.000000	0.000000	0.000000	0.000000	0.000000	0.000000	1.000000	0.000000	0.000000
28	tsk_28	(x)	1	:	0.416915	0.000000	0.000000	0.000000	0.084808	0.000000	0.000000	0.498277	0.000000	0.000000
29	tsk_29	(x)	1	:	0.148450	0.236793	0.000000	0.000000	0.351550	0.000000	0.000000	0.000000	0.098628	0.164579
30	tsk_30	(x)	1	:	0.125726	0.225697	0.000000	0.000000	0.374274	0.000000	0.000000	0.000000	0.090105	0.184198
31	tsk_31	(x)	1	:	0.096354	0.261408	0.000000	0.000000	0.403646	0.000000	0.000000	0.000000	0.117536	0.121056
32	tsk_32	(x)	1	:	0.340196	0.000000	0.000000	0.000000	0.659804	0.000000	0.000000	0.000000	0.000000	0.000000
33	tsk_33	(x)	1	:	0.101346	0.194065	0.000000	0.000000	0.398654	0.000000	0.000000	0.000000	0.158851	0.147084
34	tsk_34	(x)	1	:	0.076719	0.000000	0.000000	0.000000	0.923281	0.000000	0.000000	0.000000	0.000000	0.000000
35	tsk_35	(x)	1	:	0.138425	0.000000	0.550460	0.000000	0.311115	0.000000	0.000000	0.000000	0.000000	0.000000
36	tsk_36	(x)	1	:	0.071054	0.223283	0.000000	0.000000	0.428946	0.000000	0.000000	0.000000	0.172574	0.104143
37	tsk_37	(x)	1	:	0.121150	0.000000	0.000000	0.000000	0.878850	0.000000	0.000000	0.000000	0.000000	0.000000
38	tsk_38	(x)	1	:	0.155695	0.253874	0.000000	0.000000	0.344305	0.000000	0.000000	0.000000	0.088727	0.157399
39	tsk_39	(x)	1	:	0.274147	0.000000	0.549672	0.000000	0.176181	0.000000	0.000000	0.000000	0.000000	0.000000
40	tsk_40	(x)	1	:	0.103868	0.246026	0.000000	0.000000	0.396132	0.000000	0.000000	0.000000	0.098739	0.155236
41	tsk_41	(x)	1	:	0.000000	0.044581	0.000000	0.000000	0.000000	0.000000	0.000000	0.000000	0.796317	0.159101
42	tsk_42	(x)	1	:	0.000000	0.045826	0.000000	0.000000	0.000000	0.000000	0.000000	0.000000	0.689737	0.264437
43	tsk_43	(x)	1	:	0.109423	0.170384	0.000000	0.000000	0.390577	0.000000	0.000000	0.000000	0.226940	0.102677
44	tsk_44	(x)	1	:	0.000000	0.042143	0.000000	0.000000	0.000000	0.000000	0.000000	0.000000	0.657336	0.300521
45	tsk_45	(x)	1	:	0.000000	0.062566	0.000000	0.000000	0.000000	0.000000	0.000000	0.000000	0.481329	0.456106
46	tsk_46	(x)	1	:	0.000000	0.188091	0.000000	0.000000	0.000000	0.000000	0.000000	0.000000	0.622044	0.189865
47	tsk_47	(x)	1	:	0.000000	0.028453	0.000000	0.000000	0.000000	0.346665	0.000000	0.000000	0.311598	0.313284
48	tsk_48	(x)	1	:	0.000000	0.038192	0.000000	0.000000	0.000000	0.000000	0.000000	0.498450	0.103224	0.360135
49	tsk_49	(x)	1	:	0.000000	0.057360	0.000000	0.000000	0.000000	0.000000	0.000000	0.498450	0.072802	0.371388
50	tsk_50	(x)	1	:	0.000000	0.080909	0.000000	0.000000	0.000000	0.000000	0.000000	0.000000	0.825127	0.093964
51	tsk_51	(x)	1	:	0.000000	0.100710	0.000000	0.000000	0.000000	0.000000	0.000000	0.000000	0.614021	0.285269
52	tsk_52	(x)	1	:	0.000000	0.028634	0.000000	0.000000	0.000000	0.000000	0.000000	0.000000	0.767277	0.204089
53	tsk_53	(x)	1	:	0.127314	0.274996	0.000000	0.000000	0.372686	0.000000	0.000000	0.000000	0.141504	0.083500
54	tsk_54	(x)	1	:	0.146945	0.110369	0.000000	0.000000	0.353055	0.000000	0.000000	0.000000	0.230364	0.159267
55	tsk_55	(x)	1	:	0.000000	0.073521	0.000000	0.000000	0.000000	0.000000	0.000000	0.000000	0.456243	0.470236
56	tsk_56	(x)	1	:	0.000000	0.000000	0.000000	0.500076	0.000000	0.000000	0.000000	0.000000	0.499924	0.000000
57	tsk_57	(x)	1	:	0.106158	0.197296	0.000000	0.000000	0.393842	0.000000	0.000000	0.000000	0.210353	0.092352
58	tsk_58	(x)	1	:	0.176955	0.136855	0.000000	0.000000	0.323045	0.000000	0.000000	0.000000	0.057119	0.306026
59	tsk_59	(x)	1	:	0.000000	0.019966	0.000000	0.000000	0.000000	0.000000	0.000000	0.000000	0.765929	0.214105
60	tsk_60	(x)	1	:	0.047433	0.000000	0.000000	0.000000	0.952567	0.000000	0.000000	0.000000	0.000000	0.000000
61	tsk_61	(x)	1	:	0.091035	0.000000	0.000000	0.000000	0.908965	0.000000	0.000000	0.000000	0.000000	0.000000
62	tsk_62	(x)	1	:	0.000000	0.154569	0.497412	0.000000	0.000000	0.000000	0.000000	0.000000	0.168727	0.179292
63	tsk_63	(x)	1	:	0.037789	0.000000	0.000000	0.000000	0.962211	0.000000	0.000000	0.000000	0.000000	0.000000
64	tsk_64	(x)	1	:	0.000000	0.148099	0.496330	0.000000	0.001208	0.000000	0.000000	0.000000	0.303970	0.050394
65	tsk_65	(x)	1	:	0.000000	0.092145	0.497412	0.000000	0.000000	0.000000	0.000000	0.000000	0.155470	0.254973
66	tsk_66	(x)	1	:	0.188531	0.306650	0.000000	0.000000	0.311469	0.000000	0.000000	0.000000	0.152852	0.040499
67	tsk_67	(x)	1	:	0.096813	0.000000	0.000000	0.000000	0.402575	0.500613	0.000000	0.000000	0.000000	0.000000
68	tsk_68	(x)	1	:	0.084358	0.000000	0.000000	0.000000	0.415030	0.500613	0.000000	0.000000	0.000000	0.000000
69	tsk_69	(x)	1	:	0.499387	0.000000	0.000000	0.000000	0.000000	0.500613	0.000000	0.000000	0.000000	0.000000
70	tsk_70	(x)	1	:	0.173864	0.176456	0.000000	0.000000	0.326136	0.000000	0.000000	0.000000	0.100647	0.222897
71	tsk_71	(x)	1	:	0.000000	0.000000	0.502960	0.000000	0.000000	0.000000	0.497040	0.000000	0.000000	0.000000
72	tsk_72	(x)	1	:	0.088659	0.207071	0.000000	0.000000	0.411341	0.000000	0.000000	0.000000	0.086969	0.205960
73	tsk_73	(x)	1	:	0.000000	0.063071	0.000000	0.000000	0.000000	0.511360	0.000000	0.000000	0.321240	0.104329
74	tsk_74	(x)	1	:	0.000000	0.056560	0.000000	0.000000	0.000000	0.511367	0.000000	0.000000	0.268962	0.163112
75	tsk_75	(x)	1	:	0.000000	0.102384	0.000000	0.000000	0.000000	0.000000	0.000000	0.000000	0.614149	0.283467
76	tsk_76	(x)	1	:	0.000000	0.000000	0.503338	0.000000	0.000000	0.496662	0.000000	0.000000	0.000000	0.000000
77	tsk_77	(x)	1	:	0.000000	0.000009	0.000000	0.000000	0.000000	0.496225	0.503552	0.000000	0.000162	0.000051
78	tsk_78	(x)	1	:	0.000000	0.022086	0.000000	0.000000	0.000000	0.511369	0.000000	0.000000	0.435711	0.030833
79	tsk_79	(x)	1	:	0.086557	0.230424	0.000000	0.000000	0.413443	0.000000	0.000000	0.000000	0.123211	0.146365
80	tsk_80	(x)	1	:	0.000000	0.143916	0.000000	0.000000	0.000000	0.000000	0.000000	0.000000	0.226498	0.629586
81	tsk_81	(x)	1	:	0.000000	0.089871	0.000000	0.000000	0.000000	0.000000	0.000000	0.000000	0.694943	0.215186
82	tsk_82	(x)	1	:	0.000000	0.068152	0.000000	0.000000	0.000000	0.000000	0.000000	0.000000	0.529956	0.401891
83	tsk_83	(x)	1	:	0.000000	0.071830	0.000000	0.000000	0.000000	0.000000	0.000000	0.000000	0.928170	0.000000
84	tsk_84	(x)	1	:	0.000000	0.082536	0.000000	0.000000	0.000000	0.000000	0.000000	0.000000	0.724510	0.192954
85	tsk_85	(x)	1	:	0.000000	0.063874	0.000000	0.000000	0.000000	0.000000	0.000000	0.000000	0.640233	0.295893
86	tsk_86	(x)	1	:	0.000000	0.075501	0.000000	0.000000	0.000000	0.000000	0.000000	0.000000	0.722477	0.202022
87	tsk_87	(x)	1	:	0.000000	0.216422	0.000000	0.000000	0.000000	0.000000	0.000000	0.000000	0.328683	0.454895
88	tsk_88	(x)	1	:	0.000000	0.141627	0.000000	0.000000	0.000000	0.000000	0.000000	0.000000	0.547190	0.311184
89	tsk_89	(x)	1	:	0.000000	0.154408	0.000000	0.000000	0.000000	0.000000	0.000000	0.000000	0.204343	0.641249
90	tsk_90	(x)	1	:	0.417878	0.000000	0.000000	0.000000	0.083844	0.000000	0.000000	0.498277	0.000000	0.000000
91	tsk_91	(x)	1	:	0.476328	0.000000	0.000000	0.000000	0.025394	0.000000	0.000000	0.498277	0.000000	0.000000
92	tsk_92	(x)	1	:	0.000000	0.090766	0.000000	0.000000	0.000000	0.000000	0.000000	0.498450	0.086184	0.324600
93	tsk_93	(x)	1	:	0.251317	0.186198	0.000000	0.000000	0.248683	0.000000	0.000000	0.000000	0.160456	0.153345
94	tsk_94	(x)	1	:	0.000000	0.304268	0.504398	0.000000	0.000000	0.000001	0.000000	0.000000	0.073926	0.117407
95	tsk_95	(x)	1	:	0.000000	0.072894	0.000000	0.000000	0.000000	0.000000	0.000000	0.498450	0.058335	0.370321
96	tsk_96	(x)	1	:	0.000000	0.000000	0.000000	0.000000	0.000000	0.000000	0.000000	1.000000	0.000000	0.000000
97	tsk_97	(x)	1	:	0.000000	0.009444	0.000000	0.000000	0.000000	0.000000	0.000000	0.498450	0.059125	0.432982
98	tsk_98	(x)	1	:	0.091030	0.144998	0.000000	0.000000	0.408970	0.000000	0.000000	0.000000	0.137085	0.217917
99	tsk_99	(x)	1	:	0.042412	0.000000	0.000000	0.000000	0.461637	0.000000	0.495951	0.000000	0.000000	0.000000
