logL = -481.544403 (converged)
AIC = 2527.088807
BIC = 4564.331892

count.K
9 29 24 2 9 12 15 

