logL = -590.905985 (converged)
AIC = 2493.811969
BIC = 4202.803611

count.K
16 5 2 22 14 41 

