logL = -277.634815 (converged)
AIC = 2461.269630
BIC = 4943.996817

count.K
2 26 23 6 0 2 15 24 2 

