logL = -617.760093 (converged)
AIC = 2295.520186
BIC = 3676.260385

count.K
3 15 6 34 42 

