logL = -608.986182 (converged)
AIC = 1489.972364
BIC = 1844.275509

count.K
28 72 

