logL = -994.538328 (converged)
AIC = 3609.076656
BIC = 5719.264507

count.K
15 5 21 13 14 8 24 

