logL = -1062.008806 (converged)
AIC = 2432.017613
BIC = 2833.213821

count.K
29 71 

