0	tsk_0	(x)	1	:	0.000000	0.000000	0.000000	0.000000	0.000000	0.000000	0.000000	0.569488	0.000000	0.430512
1	tsk_1	(x)	1	:	0.000000	0.000000	0.000000	0.000000	0.000000	0.000000	0.000000	0.669954	0.000000	0.330046
2	tsk_2	(x)	1	:	0.000000	0.000000	0.000000	0.000000	0.000000	0.000000	0.000000	0.633658	0.000000	0.366341
3	tsk_3	(x)	1	:	0.000000	0.000000	0.000000	0.000000	0.000000	0.000000	0.000000	0.601896	0.000000	0.398104
4	tsk_4	(x)	1	:	1.000000	0.000000	0.000000	0.000000	0.000000	0.000000	0.000000	0.000000	0.000000	0.000000
5	tsk_5	(x)	1	:	0.000000	0.000000	0.489449	0.000000	0.000000	0.357018	0.000000	0.060316	0.000000	0.093216
6	tsk_6	(x)	1	:	0.000000	0.000000	0.000000	0.000000	0.000000	0.356871	0.000000	0.429847	0.000000	0.213282
7	tsk_7	(x)	1	:	0.000000	0.000000	0.000000	0.000000	0.000000	0.000000	0.000000	0.204900	0.000000	0.795100
8	tsk_8	(x)	1	:	0.000000	0.000000	0.000000	0.000000	0.000000	0.000000	0.000000	0.611166	0.000000	0.388833
9	tsk_9	(x)	1	:	0.000000	0.000000	0.000000	0.000000	0.000000	0.000000	0.000000	0.487649	0.000000	0.512351
10	tsk_10	(x)	1	:	0.000220	0.468861	0.000000	0.496242	0.000000	0.000000	0.000000	0.019733	0.000000	0.014944
11	tsk_11	(x)	1	:	0.001740	0.464739	0.000000	0.000000	0.000000	0.000000	0.000000	0.312812	0.000000	0.220709
12	tsk_12	(x)	1	:	0.000000	0.000000	0.000000	0.000000	0.000000	0.356871	0.000000	0.533124	0.000000	0.110005
13	tsk_13	(x)	1	:	0.000000	0.000000	0.000000	0.494707	0.000000	0.000000	0.000000	0.252511	0.000000	0.252782
14	tsk_14	(x)	1	:	0.000000	0.000000	0.000000	0.494707	0.000000	0.000000	0.000000	0.322951	0.000000	0.182342
15	tsk_15	(x)	1	:	0.000000	1.000000	0.000000	0.000000	0.000000	0.000000	0.000000	0.000000	0.000000	0.000000
16	tsk_16	(x)	1	:	0.000155	0.467842	0.000000	0.495828	0.000000	0.000000	0.000000	0.020126	0.000000	0.016049
17	tsk_17	(x)	1	:	0.000000	0.487822	0.000000	0.005466	0.506693	0.000000	0.000000	0.000008	0.000000	0.000011
18	tsk_18	(x)	1	:	0.000000	0.000000	0.000000	0.494707	0.000000	0.000000	0.000000	0.394380	0.000000	0.110913
19	tsk_19	(x)	1	:	0.000000	0.000000	0.000000	0.494707	0.000000	0.000000	0.000000	0.286548	0.000000	0.218745
20	tsk_20	(x)	1	:	0.000000	0.000000	0.000000	0.000000	0.000000	0.495493	0.000000	0.000000	0.504507	0.000000
21	tsk_21	(x)	1	:	0.000000	0.000000	0.000000	0.000000	0.000000	0.000000	0.000000	0.275866	0.528283	0.195851
22	tsk_22	(x)	1	:	0.000000	0.000000	1.000000	0.000000	0.000000	0.000000	0.000000	0.000000	0.000000	0.000000
23	tsk_23	(x)	1	:	0.000000	0.000000	0.505837	0.000000	0.000000	0.494163	0.000000	0.000000	0.000000	0.000000
24	tsk_24	(x)	1	:	0.000000	0.000000	0.000000	0.411166	0.000000	0.000000	0.000000	0.000000	0.588834	0.000000
25	tsk_25	(x)	1	:	0.000000	0.000000	0.000000	0.494707	0.000000	0.000000	0.000000	0.161996	0.000000	0.343298
26	tsk_26	(x)	1	:	0.000000	0.000000	0.638231	0.081319	0.000000	0.000000	0.280449	0.000000	0.000000	0.000000
27	tsk_27	(x)	1	:	0.000000	0.000000	0.000000	0.000000	0.000000	0.607926	0.000000	0.235577	0.000000	0.156497
28	tsk_28	(x)	1	:	0.000000	0.000000	0.000000	0.000000	0.000000	0.000000	0.000000	0.225788	0.480486	0.293726
29	tsk_29	(x)	1	:	0.000000	0.000000	0.000000	0.196148	0.000000	0.000000	0.272465	0.000000	0.531388	0.000000
30	tsk_30	(x)	1	:	0.000000	1.000000	0.000000	0.000000	0.000000	0.000000	0.000000	0.000000	0.000000	0.000000
31	tsk_31	(x)	1	:	0.000000	0.000000	0.000000	0.000000	0.000000	0.000000	0.000000	0.314244	0.535638	0.150119
32	tsk_32	(x)	1	:	0.000000	0.000000	0.000000	0.000000	0.000000	0.000000	0.000000	0.172679	0.535638	0.291683
33	tsk_33	(x)	1	:	0.000000	0.000000	0.000000	0.000000	0.000000	0.000000	1.000000	0.000000	0.000000	0.000000
34	tsk_34	(x)	1	:	0.000000	0.000000	0.000000	0.000000	0.000000	0.000000	1.000000	0.000000	0.000000	0.000000
35	tsk_35	(x)	1	:	0.000000	0.000000	0.000000	0.000000	0.000000	0.000000	0.000000	0.694091	0.000000	0.305908
36	tsk_36	(x)	1	:	0.000719	0.472785	0.000000	0.000000	0.000000	0.000000	0.490311	0.022232	0.000032	0.013921
37	tsk_37	(x)	1	:	0.000007	0.463308	0.000000	0.000000	0.000000	0.000000	0.000000	0.000805	0.534992	0.000889
38	tsk_38	(x)	1	:	0.000000	0.000000	0.000000	0.000000	0.000000	0.000000	0.487705	0.200140	0.000033	0.312123
39	tsk_39	(x)	1	:	0.000000	0.000000	0.000000	0.000000	0.000000	0.000000	0.487750	0.512250	0.000000	0.000000
40	tsk_40	(x)	1	:	0.000000	0.000000	0.000000	0.000000	0.000000	0.356871	0.000000	0.482522	0.000000	0.160607
41	tsk_41	(x)	1	:	0.000000	0.000000	0.000000	0.000000	0.000000	0.356871	0.000000	0.517779	0.000000	0.125350
42	tsk_42	(x)	1	:	0.000000	0.000000	0.000000	0.000000	0.000000	0.969761	0.000000	0.026862	0.000000	0.003378
43	tsk_43	(x)	1	:	0.000000	0.000000	0.000000	0.000000	0.000000	0.607926	0.000000	0.094948	0.000000	0.297126
44	tsk_44	(x)	1	:	0.000000	0.000000	0.000000	0.000000	0.000000	0.000000	0.000000	0.286388	0.535638	0.177974
45	tsk_45	(x)	1	:	0.000000	0.000000	0.000000	0.000000	0.000000	0.607926	0.000000	0.171293	0.000000	0.220781
46	tsk_46	(x)	1	:	0.000000	0.000000	0.000000	0.000000	0.000000	0.607925	0.000000	0.256236	0.000000	0.135839
47	tsk_47	(x)	1	:	0.000000	0.000000	0.000000	0.000000	0.000000	0.357020	0.000000	0.048345	0.535665	0.058970
48	tsk_48	(x)	1	:	0.000000	0.000000	0.000000	0.000000	0.000000	0.969907	0.000000	0.026250	0.000000	0.003843
49	tsk_49	(x)	1	:	0.000000	0.000000	0.000000	0.000000	0.000000	1.000000	0.000000	0.000000	0.000000	0.000000
50	tsk_50	(x)	1	:	0.000000	0.000000	0.511238	0.000000	0.000000	0.000000	0.000000	0.000000	0.488762	0.000000
51	tsk_51	(x)	1	:	0.000000	0.000000	0.483614	0.007423	0.508963	0.000000	0.000000	0.000000	0.000000	0.000000
52	tsk_52	(x)	1	:	0.000000	0.000000	1.000000	0.000000	0.000000	0.000000	0.000000	0.000000	0.000000	0.000000
53	tsk_53	(x)	1	:	0.000000	0.000000	0.000000	0.000000	0.000000	0.000000	0.000000	0.467715	0.000000	0.532285
54	tsk_54	(x)	1	:	0.000000	0.000000	0.000000	0.028037	0.521268	0.000000	0.000000	0.000000	0.450695	0.000000
55	tsk_55	(x)	1	:	0.000000	0.000000	0.000000	0.000000	0.000000	0.000000	0.000000	0.237096	0.480486	0.282418
56	tsk_56	(x)	1	:	0.000000	0.000000	0.000000	0.003396	0.500645	0.000000	0.000000	0.307120	0.000000	0.188839
57	tsk_57	(x)	1	:	0.000000	0.000000	0.000000	0.012646	0.514439	0.000000	0.472915	0.000000	0.000000	0.000000
58	tsk_58	(x)	1	:	0.000000	0.000000	0.538311	0.000000	0.000000	0.000000	0.000000	0.348970	0.000000	0.112719
59	tsk_59	(x)	1	:	0.000000	0.000000	0.489422	0.000000	0.000000	0.000000	0.000000	0.200693	0.000000	0.309885
60	tsk_60	(x)	1	:	0.000000	0.000000	0.489422	0.000000	0.000000	0.000000	0.000000	0.322672	0.000000	0.187906
61	tsk_61	(x)	1	:	0.000000	0.549065	0.000000	0.000000	0.000000	0.450935	0.000000	0.000000	0.000000	0.000000
62	tsk_62	(x)	1	:	0.000000	0.534499	0.465501	0.000000	0.000000	0.000000	0.000000	0.000000	0.000000	0.000000
63	tsk_63	(x)	1	:	0.000000	0.000000	0.489422	0.000000	0.000000	0.000000	0.000000	0.358848	0.000000	0.151730
64	tsk_64	(x)	1	:	0.000000	0.000000	0.489422	0.000000	0.000000	0.000000	0.000000	0.178226	0.000000	0.332352
65	tsk_65	(x)	1	:	0.000000	0.000000	0.000000	0.000000	0.000000	0.000000	0.000000	0.602639	0.000000	0.397361
66	tsk_66	(x)	1	:	0.000101	0.466516	0.490007	0.000000	0.000000	0.000000	0.000000	0.009065	0.000000	0.034311
67	tsk_67	(x)	1	:	0.000224	0.468001	0.490610	0.000000	0.000000	0.000000	0.000000	0.026560	0.000000	0.014605
68	tsk_68	(x)	1	:	0.000733	0.464931	0.000000	0.000000	0.000000	0.000000	0.000000	0.340128	0.000000	0.194208
69	tsk_69	(x)	1	:	0.000000	0.534499	0.465501	0.000000	0.000000	0.000000	0.000000	0.000000	0.000000	0.000000
70	tsk_70	(x)	1	:	0.000000	0.000000	0.000000	0.000000	0.000000	0.000000	0.000000	0.603854	0.000000	0.396145
71	tsk_71	(x)	1	:	0.000000	0.000000	0.489422	0.000000	0.000000	0.000000	0.000000	0.288356	0.000000	0.222222
72	tsk_72	(x)	1	:	0.000000	0.000000	0.493390	0.506610	0.000000	0.000000	0.000000	0.000000	0.000000	0.000000
73	tsk_73	(x)	1	:	0.000000	0.000000	0.000000	0.000000	0.000000	0.000000	0.000000	0.562138	0.000000	0.437862
74	tsk_74	(x)	1	:	0.000000	0.000000	0.489422	0.000000	0.000000	0.000000	0.000000	0.314861	0.000000	0.195717
75	tsk_75	(x)	1	:	0.000000	0.000000	1.000000	0.000000	0.000000	0.000000	0.000000	0.000000	0.000000	0.000000
76	tsk_76	(x)	1	:	0.000000	0.000000	0.493390	0.506610	0.000000	0.000000	0.000000	0.000000	0.000000	0.000000
77	tsk_77	(x)	1	:	0.000000	0.000000	0.489422	0.000000	0.000000	0.000000	0.000000	0.151616	0.000000	0.358962
78	tsk_78	(x)	1	:	0.000000	0.000000	0.000000	0.000000	0.000000	0.000000	0.000000	0.668180	0.000000	0.331820
79	tsk_79	(x)	1	:	0.000000	0.000000	1.000000	0.000000	0.000000	0.000000	0.000000	0.000000	0.000000	0.000000
80	tsk_80	(x)	1	:	0.000000	0.000000	0.000000	0.470872	0.000000	0.529128	0.000000	0.000000	0.000000	0.000000
81	tsk_81	(x)	1	:	0.000000	0.000000	0.466860	0.000000	0.000000	0.533140	0.000000	0.000000	0.000000	0.000000
82	tsk_82	(x)	1	:	0.000000	0.000000	0.000000	0.470872	0.000000	0.529128	0.000000	0.000000	0.000000	0.000000
83	tsk_83	(x)	1	:	0.000000	0.000000	0.000000	0.494707	0.000000	0.000000	0.000000	0.263195	0.000000	0.242098
84	tsk_84	(x)	1	:	0.000000	0.000000	0.000000	0.470872	0.000000	0.529128	0.000000	0.000000	0.000000	0.000000
85	tsk_85	(x)	1	:	0.000000	0.000000	0.000000	0.627795	0.000000	0.000000	0.000000	0.000000	0.372205	0.000000
86	tsk_86	(x)	1	:	0.000000	0.000000	0.000000	0.000000	0.000000	0.607926	0.000000	0.182948	0.000000	0.209126
87	tsk_87	(x)	1	:	0.000000	0.000000	0.466860	0.000000	0.000000	0.533140	0.000000	0.000000	0.000000	0.000000
88	tsk_88	(x)	1	:	0.000000	0.000000	0.000000	0.494707	0.000000	0.000000	0.000000	0.146322	0.000000	0.358972
89	tsk_89	(x)	1	:	0.000000	0.000000	0.000000	1.000000	0.000000	0.000000	0.000000	0.000000	0.000000	0.000000
90	tsk_90	(x)	1	:	0.000000	0.000000	0.000000	0.000000	0.000000	0.000000	0.000000	0.000000	1.000000	0.000000
91	tsk_91	(x)	1	:	0.000000	0.000000	0.000000	0.000000	0.000000	0.000000	0.000000	0.000000	1.000000	0.000000
92	tsk_92	(x)	1	:	0.000000	0.000000	0.000000	0.000000	0.000000	0.000000	0.000000	0.000000	1.000000	0.000000
93	tsk_93	(x)	1	:	0.000000	0.000000	0.000000	0.000000	0.000000	0.000000	0.000000	0.282298	0.480486	0.237216
94	tsk_94	(x)	1	:	0.000000	0.000000	0.000000	0.000000	0.000000	0.000000	0.000000	0.000000	1.000000	0.000000
95	tsk_95	(x)	1	:	0.000000	0.000000	0.000000	0.580581	0.000000	0.000000	0.419419	0.000000	0.000000	0.000000
96	tsk_96	(x)	1	:	0.000000	0.000000	0.511238	0.000000	0.000000	0.000000	0.000000	0.000000	0.488762	0.000000
97	tsk_97	(x)	1	:	0.000000	0.000000	0.000000	0.000000	0.000000	0.000000	0.000000	0.234077	0.480486	0.285437
98	tsk_98	(x)	1	:	0.000000	0.000000	0.000000	0.000000	0.000000	0.000000	0.000000	0.000000	1.000000	0.000000
99	tsk_99	(x)	1	:	0.000000	0.000000	0.000000	0.000000	0.000000	0.000000	0.524501	0.000000	0.475499	0.000000
