logL = -1056.019885 (converged)
AIC = 2408.039769
BIC = 2793.604957

count.K
40 60 

