logL = -1404.301595 (converged)
AIC = 3958.603190
BIC = 5456.576047

count.K
16 33 1 22 28 

