logL = -866.416760 (converged)
AIC = 2020.833519
BIC = 2395.978026

count.K
72 28 

