logL = -502.917291 (converged)
AIC = 2805.834581
BIC = 5150.487748

count.K
0 35 1 3 7 40 10 4 

