logL = -423.934563 (converged)
AIC = 2599.869126
BIC = 4881.998209

count.K
2 24 14 13 5 12 14 16 

