logL = -765.715768 (converged)
AIC = 2093.431535
BIC = 2825.484358

count.K
43 25 32 

