logL = -809.593770 (converged)
AIC = 1899.187540
BIC = 2263.911366

count.K
36 64 

