logL = -2722.699603 (converged)
AIC = 5849.399206
BIC = 6375.643584

count.K
34 66 

