logL = -666.264618 (converged)
AIC = 1624.529237
BIC = 2004.884084

count.K
23 77 

