0	tsk_0	(x)	1	:	0.370451	0.000000	0.000002	0.499993	0.000000	0.129553	0.000000	0.000000	0.000000	0.000001
1	tsk_1	(x)	1	:	0.000000	0.000000	0.463658	0.000000	0.000000	0.000000	0.316730	0.000000	0.000000	0.219612
2	tsk_2	(x)	1	:	0.000000	0.000000	0.113042	0.000000	0.000000	0.500000	0.316726	0.000000	0.000000	0.070233
3	tsk_3	(x)	1	:	0.000000	0.496463	0.007690	0.000000	0.000000	0.492876	0.000000	0.000000	0.000000	0.002970
4	tsk_4	(x)	1	:	0.000000	0.496158	0.010992	0.000000	0.000000	0.492257	0.000000	0.000000	0.000000	0.000592
5	tsk_5	(x)	1	:	0.000000	0.000000	0.566639	0.000000	0.000000	0.000000	0.000000	0.000000	0.000000	0.433361
6	tsk_6	(x)	1	:	0.000000	1.000000	0.000000	0.000000	0.000000	0.000000	0.000000	0.000000	0.000000	0.000000
7	tsk_7	(x)	1	:	0.000000	0.000000	0.106960	0.000000	0.000000	0.000000	0.849969	0.000000	0.000000	0.043070
8	tsk_8	(x)	1	:	0.000000	0.496204	0.009124	0.000000	0.000000	0.492350	0.000000	0.000000	0.000000	0.002321
9	tsk_9	(x)	1	:	0.000000	0.000000	0.000000	0.000000	0.000000	1.000000	0.000000	0.000000	0.000000	0.000000
10	tsk_10	(x)	1	:	0.000000	0.000000	0.088491	0.282073	0.000000	0.000000	0.000000	0.241745	0.000000	0.387691
11	tsk_11	(x)	1	:	0.000000	0.492126	0.000000	0.267214	0.000000	0.000000	0.000000	0.240661	0.000000	0.000000
12	tsk_12	(x)	1	:	0.000000	0.000000	0.004185	0.496037	0.000000	0.496037	0.000000	0.000000	0.000000	0.003741
13	tsk_13	(x)	1	:	0.000000	0.000000	0.000000	1.000000	0.000000	0.000000	0.000000	0.000000	0.000000	0.000000
14	tsk_14	(x)	1	:	0.000000	0.000000	0.334051	0.500000	0.000000	0.000000	0.000000	0.000000	0.000000	0.165949
15	tsk_15	(x)	1	:	0.000000	0.490677	0.000000	0.000000	0.000000	0.000000	0.000000	0.000000	0.509323	0.000000
16	tsk_16	(x)	1	:	0.000000	0.404589	0.000000	0.000033	0.000000	0.000000	0.000000	0.595377	0.000000	0.000000
17	tsk_17	(x)	1	:	0.000000	0.000000	0.000000	0.273531	0.485266	0.000000	0.000000	0.241176	0.000000	0.000027
18	tsk_18	(x)	1	:	0.000000	0.499997	0.418234	0.000000	0.000000	0.000000	0.000000	0.000000	0.000000	0.081769
19	tsk_19	(x)	1	:	0.000000	0.000000	0.120935	0.282073	0.000000	0.000000	0.000000	0.241745	0.000000	0.355247
20	tsk_20	(x)	1	:	0.000000	0.000000	0.176850	0.000000	0.000000	0.000000	0.519010	0.000000	0.000000	0.304140
21	tsk_21	(x)	1	:	0.000000	0.499997	0.433718	0.000000	0.000000	0.000000	0.000000	0.000000	0.000000	0.066285
22	tsk_22	(x)	1	:	0.000000	0.499997	0.173028	0.000000	0.000000	0.000000	0.000000	0.000000	0.000000	0.326975
23	tsk_23	(x)	1	:	0.000000	0.000000	0.522723	0.000000	0.000000	0.000000	0.000000	0.000000	0.000000	0.477277
24	tsk_24	(x)	1	:	0.000000	0.499997	0.359650	0.000000	0.000000	0.000000	0.000000	0.000000	0.000000	0.140353
25	tsk_25	(x)	1	:	0.000000	0.000000	0.240371	0.000000	0.000000	0.000000	0.687895	0.000000	0.000000	0.071734
26	tsk_26	(x)	1	:	0.000000	0.000000	0.338836	0.000000	0.000000	0.000000	0.316730	0.000000	0.000000	0.344434
27	tsk_27	(x)	1	:	0.000000	0.000000	0.557776	0.000000	0.000000	0.000000	0.000000	0.000000	0.000000	0.442224
28	tsk_28	(x)	1	:	0.000000	0.000000	0.432462	0.000000	0.000000	0.000000	0.000000	0.000000	0.000000	0.567538
29	tsk_29	(x)	1	:	0.000000	0.000000	0.592936	0.000000	0.000000	0.000000	0.240454	0.000000	0.000000	0.166610
30	tsk_30	(x)	1	:	0.000000	0.000000	0.004607	0.000000	0.494526	0.000000	0.000000	0.000000	0.488714	0.012153
31	tsk_31	(x)	1	:	0.000000	0.000000	0.004681	0.496593	0.000000	0.496593	0.000000	0.000000	0.000000	0.002133
32	tsk_32	(x)	1	:	0.000000	0.000000	0.002802	0.000000	0.492150	0.497883	0.000000	0.000000	0.000000	0.007165
33	tsk_33	(x)	1	:	0.000000	0.000000	0.048784	0.000000	0.494295	0.000000	0.316723	0.000000	0.000000	0.140198
34	tsk_34	(x)	1	:	0.000000	0.000000	0.000000	0.000000	0.000000	0.000000	0.000000	0.000000	1.000000	0.000000
35	tsk_35	(x)	1	:	0.000000	0.000000	0.002659	0.497677	0.491945	0.000000	0.000000	0.000000	0.000000	0.007719
36	tsk_36	(x)	1	:	0.000000	0.000000	0.000000	0.000000	1.000000	0.000000	0.000000	0.000000	0.000000	0.000000
37	tsk_37	(x)	1	:	0.000000	0.000000	0.056671	0.500000	0.000000	0.000000	0.316726	0.000000	0.000000	0.126603
38	tsk_38	(x)	1	:	0.000000	0.000000	0.000000	0.000000	1.000000	0.000000	0.000000	0.000000	0.000000	0.000000
39	tsk_39	(x)	1	:	0.000000	0.000000	0.001307	0.000000	0.489607	0.000000	0.000000	0.000000	0.505760	0.003326
40	tsk_40	(x)	1	:	0.000000	0.000000	0.123287	0.000000	0.000000	0.000000	0.316721	0.000000	0.509276	0.050715
41	tsk_41	(x)	1	:	0.615958	0.000000	0.000000	0.000000	0.000000	0.384041	0.000000	0.000000	0.000000	0.000000
42	tsk_42	(x)	1	:	0.585738	0.000000	0.000000	0.000000	0.000000	0.001082	0.413180	0.000000	0.000000	0.000000
43	tsk_43	(x)	1	:	0.000000	0.000000	0.436533	0.000000	0.000000	0.500000	0.000000	0.000000	0.000000	0.063467
44	tsk_44	(x)	1	:	0.000000	0.000000	0.129439	0.500000	0.000000	0.000000	0.000000	0.000000	0.000000	0.370561
45	tsk_45	(x)	1	:	0.000000	0.000000	0.373351	0.000000	0.000000	0.500000	0.000000	0.000000	0.000000	0.126649
46	tsk_46	(x)	1	:	0.000000	0.000000	0.652177	0.000000	0.000000	0.000000	0.000000	0.000000	0.000000	0.347823
47	tsk_47	(x)	1	:	0.000000	0.000000	0.001881	0.492554	0.000000	0.000000	0.000000	0.000000	0.503648	0.001918
48	tsk_48	(x)	1	:	0.000000	0.000000	0.002437	0.000000	0.000000	0.493104	0.000000	0.000000	0.504061	0.000398
49	tsk_49	(x)	1	:	0.000000	0.000000	0.000000	1.000000	0.000000	0.000000	0.000000	0.000000	0.000000	0.000000
50	tsk_50	(x)	1	:	0.000000	0.000000	0.430349	0.000000	0.000000	0.000000	0.000000	0.000000	0.000000	0.569651
51	tsk_51	(x)	1	:	0.000000	0.000000	0.436600	0.000000	0.000000	0.500000	0.000000	0.000000	0.000000	0.063400
52	tsk_52	(x)	1	:	0.000000	0.000000	0.000000	0.000000	0.000000	0.000000	0.000000	0.000000	1.000000	0.000000
53	tsk_53	(x)	1	:	0.000000	0.000000	0.000000	0.000000	0.000000	0.502147	0.000000	0.497853	0.000000	0.000000
54	tsk_54	(x)	1	:	0.000000	0.000000	0.429821	0.000000	0.000000	0.000000	0.000000	0.000000	0.000000	0.570179
55	tsk_55	(x)	1	:	0.000000	0.000000	0.452254	0.000000	0.000000	0.000000	0.000000	0.000000	0.509277	0.038469
56	tsk_56	(x)	1	:	0.000000	0.000000	0.000000	0.000000	0.000000	1.000000	0.000000	0.000000	0.000000	0.000000
57	tsk_57	(x)	1	:	0.000000	0.000000	0.272348	0.000000	0.000000	0.499997	0.000000	0.115711	0.000000	0.111943
58	tsk_58	(x)	1	:	0.000000	0.000000	0.000000	0.000000	0.000000	0.496746	0.000000	0.503254	0.000000	0.000000
59	tsk_59	(x)	1	:	0.000000	0.000000	0.654672	0.000000	0.000000	0.000000	0.000000	0.000000	0.000000	0.345328
60	tsk_60	(x)	1	:	0.000000	0.000000	0.000000	0.000000	0.000000	0.000000	1.000000	0.000000	0.000000	0.000000
61	tsk_61	(x)	1	:	0.000000	0.000000	0.000000	0.000000	0.000000	0.000000	1.000000	0.000000	0.000000	0.000000
62	tsk_62	(x)	1	:	0.000000	0.000000	0.000005	0.000000	0.466929	0.000000	0.532981	0.000000	0.000000	0.000086
63	tsk_63	(x)	1	:	0.000000	0.480937	0.000033	0.000000	0.000000	0.000000	0.519028	0.000000	0.000000	0.000002
64	tsk_64	(x)	1	:	0.000000	0.000000	0.000013	0.000000	0.466930	0.000000	0.532982	0.000000	0.000000	0.000075
65	tsk_65	(x)	1	:	0.000000	0.000000	0.000021	0.000000	0.466929	0.000000	0.532981	0.000000	0.000000	0.000069
66	tsk_66	(x)	1	:	0.000000	0.000000	0.169255	0.000000	0.000000	0.500000	0.316726	0.000000	0.000000	0.014020
67	tsk_67	(x)	1	:	0.000000	0.000000	0.157468	0.000000	0.000000	0.500000	0.316726	0.000000	0.000000	0.025807
68	tsk_68	(x)	1	:	0.000000	0.000000	0.000061	0.000000	0.000000	0.470159	0.529776	0.000000	0.000000	0.000004
69	tsk_69	(x)	1	:	0.000000	0.496299	0.009469	0.000000	0.000000	0.492543	0.000000	0.000000	0.000000	0.001688
70	tsk_70	(x)	1	:	0.000000	0.000000	0.002797	0.000000	0.000000	0.492906	0.000000	0.000000	0.503913	0.000384
71	tsk_71	(x)	1	:	0.000000	0.000000	0.168404	0.000000	0.494268	0.000000	0.000000	0.000000	0.000000	0.337328
72	tsk_72	(x)	1	:	0.000000	0.000000	0.201402	0.000000	0.000000	0.000000	0.000000	0.000000	0.509277	0.289321
73	tsk_73	(x)	1	:	0.000000	0.000000	0.000000	0.000000	0.000000	1.000000	0.000000	0.000000	0.000000	0.000000
74	tsk_74	(x)	1	:	0.000000	0.000000	0.003718	0.000000	0.000000	0.492479	0.000000	0.000000	0.503591	0.000211
75	tsk_75	(x)	1	:	0.000000	0.000000	0.356758	0.000000	0.000000	0.000000	0.000000	0.000000	0.509277	0.133965
76	tsk_76	(x)	1	:	0.000000	0.000000	0.310082	0.000000	0.000000	0.500000	0.000000	0.000000	0.000000	0.189918
77	tsk_77	(x)	1	:	0.000000	0.000000	0.705009	0.000000	0.000000	0.000000	0.000000	0.000000	0.000000	0.294991
78	tsk_78	(x)	1	:	0.000000	0.000000	0.000000	1.000000	0.000000	0.000000	0.000000	0.000000	0.000000	0.000000
79	tsk_79	(x)	1	:	0.000000	0.000000	0.387261	0.000000	0.000000	0.500000	0.000000	0.000000	0.000000	0.112739
80	tsk_80	(x)	1	:	0.000000	0.000000	0.039535	0.000000	0.494295	0.000000	0.316723	0.000000	0.000000	0.149447
81	tsk_81	(x)	1	:	0.000000	0.000000	0.021987	0.000000	0.494295	0.000000	0.316723	0.000000	0.000000	0.166995
82	tsk_82	(x)	1	:	0.000000	0.000000	0.000780	0.000000	0.489492	0.000000	0.000000	0.000000	0.505673	0.004054
83	tsk_83	(x)	1	:	0.000000	0.000000	0.006431	0.000000	0.494295	0.000000	0.316723	0.000000	0.000000	0.182551
84	tsk_84	(x)	1	:	0.000000	0.000000	0.000000	0.000000	0.406426	0.000000	0.593574	0.000000	0.000000	0.000000
85	tsk_85	(x)	1	:	0.000000	0.000000	0.000004	0.000000	0.466934	0.000000	0.532987	0.000000	0.000000	0.000075
86	tsk_86	(x)	1	:	0.000000	0.000000	0.000000	0.000000	0.533839	0.000000	0.466134	0.000027	0.000000	0.000000
87	tsk_87	(x)	1	:	0.000000	0.000000	0.000000	0.000000	0.406426	0.000000	0.593574	0.000000	0.000000	0.000000
88	tsk_88	(x)	1	:	0.000000	0.000000	0.141608	0.000000	0.000000	0.000000	0.316722	0.000000	0.488515	0.053155
89	tsk_89	(x)	1	:	0.000000	0.000000	0.000004	0.000000	0.466934	0.000000	0.532988	0.000000	0.000000	0.000075
90	tsk_90	(x)	1	:	0.000000	0.000000	0.328816	0.000000	0.000000	0.000000	0.000000	0.000000	0.488515	0.182669
91	tsk_91	(x)	1	:	0.000000	0.000000	0.147894	0.000000	0.000000	0.000000	0.316721	0.000000	0.509276	0.026109
92	tsk_92	(x)	1	:	0.370460	0.000000	0.453273	0.000000	0.000000	0.129547	0.000000	0.000000	0.000000	0.046720
93	tsk_93	(x)	1	:	0.000000	0.000000	0.255406	0.000000	0.000000	0.000000	0.000000	0.000000	0.488515	0.256079
94	tsk_94	(x)	1	:	0.370462	0.000000	0.428575	0.000000	0.000000	0.129542	0.000000	0.000000	0.000000	0.071420
95	tsk_95	(x)	1	:	0.000000	0.000000	0.414272	0.000000	0.000000	0.500000	0.000000	0.000000	0.000000	0.085728
96	tsk_96	(x)	1	:	0.000000	0.000000	0.372995	0.000000	0.000000	0.000000	0.000000	0.000000	0.488515	0.138490
97	tsk_97	(x)	1	:	0.000000	0.000000	0.710046	0.000000	0.000000	0.000000	0.000000	0.000000	0.000000	0.289954
98	tsk_98	(x)	1	:	0.000000	0.000000	0.497322	0.000000	0.000000	0.000000	0.000000	0.000000	0.000000	0.502678
99	tsk_99	(x)	1	:	0.000000	0.000000	0.211882	0.000000	0.000000	0.000000	0.000000	0.000000	0.488515	0.299603
