logL = -594.405132 (converged)
AIC = 3418.810263
BIC = 6323.575020

count.K
8 1 9 12 25 5 6 19 15 

