logL = -780.577980 (converged)
AIC = 3505.155960
BIC = 6037.381381

count.K
11 1 5 26 22 3 22 10 

