logL = -281.902974 (converged)
AIC = 2043.805948
BIC = 3971.631886

count.K
8 4 8 54 5 8 13 

