logL = -518.507010 (converged)
AIC = 2397.014020
BIC = 4168.529746

count.K
13 46 4 17 6 14 

