logL = -306.398980 (converged)
AIC = 1852.797960
BIC = 3468.003475

count.K
59 3 5 22 6 5 

