logL = -607.226931 (converged)
AIC = 3674.453861
BIC = 6878.813190

count.K
2 17 1 12 5 12 12 12 13 14 

