logL = -865.956160 (converged)
AIC = 2539.912320
BIC = 3592.401075

count.K
17 27 41 15 

