logL = -745.283864 (converged)
AIC = 1766.567728
BIC = 2126.081214

count.K
71 29 

