logL = -268.961368 (converged)
AIC = 2479.922735
BIC = 5009.542986

count.K
10 7 22 12 5 12 6 21 5 

