logL = -296.549564 (converged)
AIC = 2643.099128
BIC = 5313.398569

count.K
9 1 28 2 19 2 29 6 4 

