logL = -937.780621 (converged)
AIC = 3105.561243
BIC = 4707.740907

count.K
18 55 4 10 13 

