logL = -739.228820 (converged)
AIC = 2246.457640
BIC = 3246.842992

count.K
4 23 34 39 

