logL = -651.000721 (converged)
AIC = 2734.001442
BIC = 4599.303296

count.K
26 5 10 27 7 25 

