logL = -952.583569 (converged)
AIC = 2995.167137
BIC = 4414.984889

count.K
16 27 11 22 24 

