logL = -452.880220 (converged)
AIC = 1673.760440
BIC = 2674.145792

count.K
38 15 36 11 

