logL = -441.551224 (converged)
AIC = 1853.102447
BIC = 3116.609988

count.K
28 8 35 24 5 

