logL = -482.715767 (converged)
AIC = 3325.431535
BIC = 6399.532354

count.K
6 3 2 8 14 4 4 9 34 16 

