logL = -625.062541 (converged)
AIC = 3082.125082
BIC = 5468.460973

count.K
3 16 24 6 36 3 4 8 

