logL = -241.432688 (converged)
AIC = 1452.865377
BIC = 2716.372917

count.K
3 2 10 73 12 

