logL = -852.108856 (converged)
AIC = 3170.217711
BIC = 5079.807458

count.K
4 12 34 23 25 0 2 

