logL = -433.907363 (converged)
AIC = 3267.814725
BIC = 6394.018948

count.K
11 8 13 7 32 1 9 10 3 6 

