logL = -2051.295586 (converged)
AIC = 6222.591173
BIC = 8984.071570

count.K
13 1 16 3 0 1 12 54 

