logL = -907.241182 (converged)
AIC = 3710.482365
BIC = 6180.183701

count.K
6 19 20 36 6 6 2 5 

