logL = -558.473731 (converged)
AIC = 1388.947461
BIC = 1743.250606

count.K
40 60 

