logL = -469.308528 (converged)
AIC = 1446.617055
BIC = 2108.330282

count.K
30 42 28 

