logL = -586.482700 (converged)
AIC = 2988.965400
BIC = 5354.459929

count.K
3 7 22 25 6 26 5 6 

