logL = -839.735477 (converged)
AIC = 2247.470955
BIC = 2987.339288

count.K
31 51 18 

