logL = -1341.214830 (converged)
AIC = 4912.429659
BIC = 7817.194417

count.K
15 2 6 25 21 14 10 6 1 

