logL = -369.216716 (converged)
AIC = 1006.433431
BIC = 1355.526236

count.K
88 12 

