logL = -487.933973 (converged)
AIC = 2711.867945
BIC = 4973.155667

count.K
1 8 0 24 14 14 29 10 

