logL = -516.859275 (converged)
AIC = 2043.718550
BIC = 3359.329494

count.K
9 17 22 35 17 

