logL = -866.915575 (converged)
AIC = 2549.831150
BIC = 3612.740586

count.K
29 34 21 16 

