logL = -223.073829 (converged)
AIC = 1650.147658
BIC = 3218.460110

count.K
2 8 68 12 7 3 

