logL = -1081.255309 (converged)
AIC = 3010.510618
BIC = 4115.102777

count.K
25 35 28 12 

