logL = -914.201566 (converged)
AIC = 2450.403132
BIC = 3260.611060

count.K
4 82 14 

