logL = -480.900882 (converged)
AIC = 2273.801763
BIC = 3982.793405

count.K
13 6 5 42 6 28 

