logL = -564.731686 (converged)
AIC = 1643.463372
BIC = 2312.992110

count.K
27 5 68 

