logL = -746.239315 (converged)
AIC = 2828.478630
BIC = 4568.732315

count.K
10 24 21 21 3 21 

