logL = -1219.570391 (converged)
AIC = 3955.140782
BIC = 5929.859783

count.K
5 56 6 23 8 2 

