logL = -567.685586 (converged)
AIC = 3615.371171
BIC = 6845.782202

count.K
18 8 8 17 9 5 18 10 5 2 

