logL = -1568.621066 (converged)
AIC = 6197.242131
BIC = 10183.152516

count.K
16 26 8 12 8 7 2 4 15 2 

