logL = -1324.259321 (converged)
AIC = 4608.518641
BIC = 7161.585423

count.K
11 21 27 17 6 2 4 12 

