logL = -1078.922225 (converged)
AIC = 3317.844451
BIC = 4828.843158

count.K
27 58 5 5 5 

