logL = -639.983951 (converged)
AIC = 3079.967901
BIC = 5424.621068

count.K
12 6 17 13 2 7 18 25 

