logL = -750.503624 (converged)
AIC = 3317.007248
BIC = 5682.501777

count.K
34 4 8 16 15 7 14 2 

