logL = -577.623145 (converged)
AIC = 1923.246289
BIC = 2923.631641

count.K
33 10 6 51 

