logL = -510.122851 (converged)
AIC = 2542.245702
BIC = 4524.780214

count.K
8 1 65 2 3 13 8 

