logL = -1313.816712 (converged)
AIC = 2955.633424
BIC = 3382.881334

count.K
45 55 

