logL = -633.237904 (converged)
AIC = 2346.475808
BIC = 3753.267709

count.K
28 2 23 13 34 

