logL = -448.927879 (converged)
AIC = 2173.855758
BIC = 3835.954336

count.K
7 22 44 11 11 5 

