logL = -704.551928 (converged)
AIC = 1935.103856
BIC = 2620.263615

count.K
50 24 26 

