logL = -721.281984 (converged)
AIC = 2512.563967
BIC = 3906.330017

count.K
44 0 16 27 13 

