logL = -658.138125 (converged)
AIC = 3402.276250
BIC = 6119.468754

count.K
28 7 23 7 3 3 8 17 4 

