0	tsk_0	(x)	1	:	0.500673	0.499327	0.000000	0.000000	0.000000	0.000000
1	tsk_1	(x)	1	:	0.000000	0.478778	0.000000	0.000000	0.000000	0.521222
2	tsk_2	(x)	1	:	0.000000	0.999994	0.000000	0.000006	0.000000	0.000000
3	tsk_3	(x)	1	:	0.000000	0.999990	0.000000	0.000010	0.000000	0.000000
4	tsk_4	(x)	1	:	0.000000	0.999994	0.000000	0.000006	0.000000	0.000000
5	tsk_5	(x)	1	:	0.000000	0.999995	0.000000	0.000005	0.000000	0.000000
6	tsk_6	(x)	1	:	0.584087	0.000000	0.000000	0.000000	0.415912	0.000000
7	tsk_7	(x)	1	:	0.000000	0.562552	0.000000	0.000086	0.000000	0.437363
8	tsk_8	(x)	1	:	0.000000	0.773400	0.000000	0.226599	0.000000	0.000000
9	tsk_9	(x)	1	:	0.500673	0.499327	0.000000	0.000000	0.000000	0.000000
10	tsk_10	(x)	1	:	0.000000	0.773400	0.000000	0.226600	0.000000	0.000000
11	tsk_11	(x)	1	:	0.503454	0.000000	0.000000	0.496546	0.000000	0.000000
12	tsk_12	(x)	1	:	0.000000	0.000000	0.000000	0.000000	0.000000	1.000000
13	tsk_13	(x)	1	:	0.000000	0.513849	0.000000	0.000220	0.000000	0.485931
14	tsk_14	(x)	1	:	0.000000	0.000000	0.000000	0.000000	0.000000	1.000000
15	tsk_15	(x)	1	:	0.000000	0.999993	0.000000	0.000007	0.000000	0.000000
16	tsk_16	(x)	1	:	0.000000	0.000000	0.000000	0.411029	0.000000	0.588971
17	tsk_17	(x)	1	:	0.517675	0.000000	0.000000	0.000000	0.000000	0.482325
18	tsk_18	(x)	1	:	0.000000	0.562547	0.000000	0.000091	0.000000	0.437362
19	tsk_19	(x)	1	:	0.000000	0.000010	0.000000	0.999990	0.000000	0.000000
20	tsk_20	(x)	1	:	0.000000	0.000000	0.000000	0.000000	0.000000	1.000000
21	tsk_21	(x)	1	:	0.163655	0.000000	0.330856	0.000000	0.000006	0.505482
22	tsk_22	(x)	1	:	0.261364	0.000000	0.000000	0.000000	0.256328	0.482308
23	tsk_23	(x)	1	:	0.000000	0.000000	0.000000	0.468142	0.000000	0.531858
24	tsk_24	(x)	1	:	0.003593	0.000000	0.000000	0.000000	0.491451	0.504955
25	tsk_25	(x)	1	:	0.000000	0.000000	0.000000	0.000000	0.000000	1.000000
26	tsk_26	(x)	1	:	0.172732	0.000001	0.330726	0.496537	0.000003	0.000000
27	tsk_27	(x)	1	:	0.003357	0.000000	0.000000	0.000000	0.491654	0.504989
28	tsk_28	(x)	1	:	0.000000	0.013818	0.000000	0.986182	0.000000	0.000000
29	tsk_29	(x)	1	:	0.000000	0.000005	0.000000	0.999995	0.000000	0.000000
30	tsk_30	(x)	1	:	0.669083	0.000000	0.330905	0.000000	0.000012	0.000000
31	tsk_31	(x)	1	:	0.004040	0.000000	0.000000	0.000000	0.995960	0.000000
32	tsk_32	(x)	1	:	0.042945	0.165810	0.000000	0.311547	0.479697	0.000000
33	tsk_33	(x)	1	:	0.519257	0.000000	0.000000	0.000000	0.480742	0.000000
34	tsk_34	(x)	1	:	0.034587	0.486360	0.000000	0.000000	0.479053	0.000000
35	tsk_35	(x)	1	:	0.000000	0.000000	0.000000	0.000000	0.999999	0.000000
36	tsk_36	(x)	1	:	0.000000	0.000000	0.000000	0.000000	1.000000	0.000000
37	tsk_37	(x)	1	:	0.000914	0.000000	0.554365	0.000000	0.444721	0.000000
38	tsk_38	(x)	1	:	0.519258	0.000000	0.000000	0.000000	0.480742	0.000000
39	tsk_39	(x)	1	:	0.000610	0.000000	0.554524	0.000000	0.444866	0.000000
40	tsk_40	(x)	1	:	0.000000	0.000000	1.000000	0.000000	0.000000	0.000000
41	tsk_41	(x)	1	:	0.000021	0.000000	0.487055	0.000000	0.000000	0.512924
42	tsk_42	(x)	1	:	0.000000	0.479110	0.520890	0.000000	0.000000	0.000000
43	tsk_43	(x)	1	:	0.000105	0.000001	0.512067	0.487827	0.000000	0.000000
44	tsk_44	(x)	1	:	0.000000	0.000000	1.000000	0.000000	0.000000	0.000000
45	tsk_45	(x)	1	:	0.145668	0.000000	0.330921	0.000000	0.000006	0.523405
46	tsk_46	(x)	1	:	0.000031	0.000000	0.487046	0.000000	0.000000	0.512923
47	tsk_47	(x)	1	:	0.145662	0.000000	0.330927	0.000000	0.000006	0.523405
48	tsk_48	(x)	1	:	0.000000	0.479110	0.520890	0.000000	0.000000	0.000000
49	tsk_49	(x)	1	:	0.000088	0.000001	0.512083	0.487828	0.000000	0.000000
50	tsk_50	(x)	1	:	0.000000	0.000001	0.000000	0.625777	0.000000	0.374222
51	tsk_51	(x)	1	:	0.321037	0.000000	0.000000	0.000000	0.678963	0.000000
52	tsk_52	(x)	1	:	0.244780	0.000001	0.000001	0.498917	0.256302	0.000000
53	tsk_53	(x)	1	:	0.321706	0.000000	0.000000	0.000000	0.678293	0.000000
54	tsk_54	(x)	1	:	0.261364	0.000000	0.000000	0.000000	0.256328	0.482308
55	tsk_55	(x)	1	:	0.244785	0.000000	0.000000	0.498917	0.256298	0.000000
56	tsk_56	(x)	1	:	0.000000	0.000000	0.000000	1.000000	0.000000	0.000000
57	tsk_57	(x)	1	:	0.321467	0.000000	0.000000	0.000000	0.678533	0.000000
58	tsk_58	(x)	1	:	0.261364	0.000000	0.000000	0.000000	0.256328	0.482307
59	tsk_59	(x)	1	:	0.000000	0.000000	0.000000	0.625778	0.000000	0.374222
60	tsk_60	(x)	1	:	0.999994	0.000000	0.000004	0.000000	0.000002	0.000000
61	tsk_61	(x)	1	:	0.517356	0.482643	0.000001	0.000000	0.000000	0.000000
62	tsk_62	(x)	1	:	0.000000	0.000000	0.000000	1.000000	0.000000	0.000000
63	tsk_63	(x)	1	:	0.501063	0.000000	0.000000	0.498937	0.000000	0.000000
64	tsk_64	(x)	1	:	0.000000	0.370501	0.000000	0.629499	0.000000	0.000000
65	tsk_65	(x)	1	:	0.501063	0.000000	0.000000	0.498937	0.000000	0.000000
66	tsk_66	(x)	1	:	0.000000	0.503674	0.000000	0.496326	0.000000	0.000000
67	tsk_67	(x)	1	:	0.000000	0.000001	0.000000	0.999999	0.000000	0.000000
68	tsk_68	(x)	1	:	0.000000	0.000000	0.000000	0.999999	0.000000	0.000000
69	tsk_69	(x)	1	:	0.500673	0.499327	0.000000	0.000000	0.000000	0.000000
70	tsk_70	(x)	1	:	0.000000	0.538729	0.000000	0.461271	0.000000	0.000000
71	tsk_71	(x)	1	:	0.000000	0.999993	0.000000	0.000007	0.000000	0.000000
72	tsk_72	(x)	1	:	0.000000	0.999990	0.000000	0.000010	0.000000	0.000000
73	tsk_73	(x)	1	:	0.000000	1.000000	0.000000	0.000000	0.000000	0.000000
74	tsk_74	(x)	1	:	0.000000	0.646173	0.000000	0.353827	0.000000	0.000000
75	tsk_75	(x)	1	:	0.000000	0.538728	0.000000	0.461272	0.000000	0.000000
76	tsk_76	(x)	1	:	0.000000	0.538731	0.000000	0.461269	0.000000	0.000000
77	tsk_77	(x)	1	:	0.000000	0.000517	0.000000	0.999483	0.000000	0.000000
78	tsk_78	(x)	1	:	0.000000	0.000000	0.000000	1.000000	0.000000	0.000000
79	tsk_79	(x)	1	:	0.244338	0.499312	0.000000	0.000000	0.256350	0.000000
80	tsk_80	(x)	1	:	0.513463	0.486537	0.000000	0.000000	0.000000	0.000000
81	tsk_81	(x)	1	:	0.482054	0.000000	0.000000	0.517946	0.000000	0.000000
82	tsk_82	(x)	1	:	0.000000	0.352632	0.000000	0.647367	0.000000	0.000000
83	tsk_83	(x)	1	:	0.321284	0.000000	0.000000	0.000000	0.678716	0.000000
84	tsk_84	(x)	1	:	0.743507	0.000000	0.000000	0.000000	0.256493	0.000000
85	tsk_85	(x)	1	:	0.000000	0.000000	0.000000	1.000000	0.000000	0.000000
86	tsk_86	(x)	1	:	0.517675	0.000000	0.000000	0.000000	0.000000	0.482325
87	tsk_87	(x)	1	:	0.482054	0.000000	0.000000	0.517946	0.000000	0.000000
88	tsk_88	(x)	1	:	0.517675	0.000000	0.000000	0.000000	0.000000	0.482325
89	tsk_89	(x)	1	:	0.000000	0.000001	0.000000	0.625777	0.000000	0.374222
90	tsk_90	(x)	1	:	0.669085	0.000000	0.330905	0.000000	0.000010	0.000000
91	tsk_91	(x)	1	:	0.412754	0.000000	0.330797	0.000000	0.256449	0.000000
92	tsk_92	(x)	1	:	0.413720	0.000000	0.000054	0.000000	0.586226	0.000000
93	tsk_93	(x)	1	:	0.000000	0.474648	0.000000	0.000000	0.525352	0.000000
94	tsk_94	(x)	1	:	0.222252	0.000000	0.777737	0.000000	0.000011	0.000000
95	tsk_95	(x)	1	:	0.085128	0.000000	0.329328	0.000000	0.585545	0.000000
96	tsk_96	(x)	1	:	0.513463	0.486537	0.000000	0.000000	0.000000	0.000000
97	tsk_97	(x)	1	:	0.999982	0.000000	0.000000	0.000000	0.000018	0.000000
98	tsk_98	(x)	1	:	0.083643	0.000000	0.330334	0.000000	0.586023	0.000000
99	tsk_99	(x)	1	:	0.182572	0.486540	0.330888	0.000000	0.000000	0.000000
