logL = -466.982684 (converged)
AIC = 2413.965369
BIC = 4341.791307

count.K
13 12 28 9 30 6 2 

