logL = -1050.470857 (converged)
AIC = 2392.941715
BIC = 2773.296562

count.K
53 47 

