logL = -474.128903 (converged)
AIC = 1692.257806
BIC = 2661.381115

count.K
10 59 3 28 

