logL = -1336.828834 (converged)
AIC = 4433.657668
BIC = 6726.207431

count.K
5 16 35 4 8 16 16 

