logL = -517.124948 (converged)
AIC = 1818.249896
BIC = 2839.476609

count.K
11 53 13 23 

