logL = -632.664585 (converged)
AIC = 3113.329170
BIC = 5520.506422

count.K
16 11 0 8 16 21 20 8 

