logL = -797.434912 (converged)
AIC = 2714.869824
BIC = 4173.765128

count.K
5 24 19 10 42 

