logL = -457.854448 (converged)
AIC = 3155.708895
BIC = 6073.499504

count.K
9 6 0 11 3 8 4 30 12 17 

