0	tsk_0	(x)	1	:	0.000000	0.000000	0.543887	0.000000	0.000001	0.000000	0.456108	0.000000	0.000004
1	tsk_1	(x)	1	:	0.000000	0.000000	0.000000	0.000000	0.000000	1.000000	0.000000	0.000000	0.000000
2	tsk_2	(x)	1	:	0.000000	0.000000	0.000000	0.000000	0.000000	0.533441	0.466558	0.000000	0.000000
3	tsk_3	(x)	1	:	0.500198	0.000000	0.000000	0.000000	0.000000	0.499802	0.000000	0.000000	0.000000
4	tsk_4	(x)	1	:	0.000000	0.000000	0.000000	0.567911	0.000000	0.432089	0.000000	0.000000	0.000000
5	tsk_5	(x)	1	:	0.000000	0.000000	0.498486	0.501407	0.000000	0.000106	0.000000	0.000000	0.000001
6	tsk_6	(x)	1	:	0.000000	0.000000	0.000000	0.000000	0.000000	0.497537	0.000000	0.000000	0.502463
7	tsk_7	(x)	1	:	0.000000	0.000000	0.505996	0.000000	0.192782	0.000000	0.000007	0.301215	0.000000
8	tsk_8	(x)	1	:	0.000000	0.000000	0.000000	0.000000	0.000000	0.000000	0.999999	0.000000	0.000001
9	tsk_9	(x)	1	:	0.490262	0.000000	0.000000	0.000000	0.000000	0.509738	0.000000	0.000000	0.000000
10	tsk_10	(x)	1	:	0.000000	0.000000	0.000000	0.000000	0.000000	1.000000	0.000000	0.000000	0.000000
11	tsk_11	(x)	1	:	0.000011	0.000000	0.000000	0.000000	0.379839	0.000000	0.620150	0.000000	0.000000
12	tsk_12	(x)	1	:	0.000000	0.000000	0.491252	0.000000	0.000000	0.508748	0.000000	0.000000	0.000000
13	tsk_13	(x)	1	:	0.000000	0.553052	0.000000	0.000000	0.349526	0.000000	0.097408	0.000000	0.000012
14	tsk_14	(x)	1	:	0.490262	0.000000	0.000000	0.000000	0.000000	0.509738	0.000000	0.000000	0.000000
15	tsk_15	(x)	1	:	0.000002	0.000000	0.000000	0.000000	0.356645	0.000000	0.222761	0.000000	0.420592
16	tsk_16	(x)	1	:	0.000000	0.000000	0.000000	0.000000	0.000000	0.554033	0.000000	0.000000	0.445967
17	tsk_17	(x)	1	:	0.000000	0.000000	0.000000	0.567924	0.000000	0.432076	0.000000	0.000000	0.000000
18	tsk_18	(x)	1	:	0.000000	0.000000	0.607801	0.000000	0.000000	0.000000	0.392198	0.000000	0.000001
19	tsk_19	(x)	1	:	0.000000	0.000003	0.000001	0.000000	0.000000	0.000000	0.000046	0.000000	0.999950
20	tsk_20	(x)	1	:	0.727302	0.000000	0.000000	0.000000	0.000279	0.000000	0.272419	0.000000	0.000000
21	tsk_21	(x)	1	:	0.000000	0.000000	0.000000	0.000000	0.000000	0.479591	0.520409	0.000000	0.000000
22	tsk_22	(x)	1	:	0.000000	0.372183	0.000000	0.000000	0.000000	0.347184	0.000000	0.000000	0.280633
23	tsk_23	(x)	1	:	0.000000	0.000000	0.000000	0.000000	0.000000	0.000000	0.000000	1.000000	0.000000
24	tsk_24	(x)	1	:	0.000000	0.000000	0.000000	0.000000	0.000000	1.000000	0.000000	0.000000	0.000000
25	tsk_25	(x)	1	:	0.000000	0.503828	0.000000	0.000000	0.000112	0.000000	0.000000	0.496059	0.000000
26	tsk_26	(x)	1	:	0.583484	0.000000	0.000000	0.000000	0.008949	0.000000	0.407567	0.000000	0.000000
27	tsk_27	(x)	1	:	0.000000	0.000000	0.000000	0.000000	0.499751	0.500249	0.000000	0.000000	0.000000
28	tsk_28	(x)	1	:	0.000000	0.678203	0.000000	0.000000	0.000000	0.321792	0.000000	0.000000	0.000004
29	tsk_29	(x)	1	:	0.000000	0.362630	0.000000	0.000000	0.000001	0.000000	0.528752	0.000000	0.108617
30	tsk_30	(x)	1	:	0.000000	0.000000	0.000000	0.000000	0.000000	0.000000	0.000000	1.000000	0.000000
31	tsk_31	(x)	1	:	0.000000	0.000000	0.000000	0.000000	0.000000	0.000000	0.000000	1.000000	0.000000
32	tsk_32	(x)	1	:	0.000000	0.000000	0.000000	0.000000	0.535044	0.000000	0.000036	0.464919	0.000000
33	tsk_33	(x)	1	:	0.604084	0.000000	0.000000	0.000000	0.000000	0.000000	0.000000	0.395916	0.000000
34	tsk_34	(x)	1	:	0.000000	0.000000	0.000000	0.000000	0.000000	0.000000	0.000000	1.000000	0.000000
35	tsk_35	(x)	1	:	0.000000	0.000000	0.000000	0.000000	0.000000	0.000000	0.000000	1.000000	0.000000
36	tsk_36	(x)	1	:	0.000000	0.000000	0.000000	0.000000	0.000000	0.000000	0.000000	1.000000	0.000000
37	tsk_37	(x)	1	:	0.000000	0.000000	0.000000	0.000000	0.000000	0.000000	0.000000	1.000000	0.000000
38	tsk_38	(x)	1	:	0.000000	0.000000	0.000000	0.000000	0.000000	0.000000	0.000000	1.000000	0.000000
39	tsk_39	(x)	1	:	0.000000	0.000000	0.000000	0.000000	0.000000	0.000000	0.000000	1.000000	0.000000
40	tsk_40	(x)	1	:	0.999391	0.000000	0.000000	0.000000	0.000609	0.000000	0.000000	0.000000	0.000000
41	tsk_41	(x)	1	:	0.404724	0.000000	0.000000	0.000000	0.000205	0.000000	0.595071	0.000000	0.000000
42	tsk_42	(x)	1	:	0.497515	0.000000	0.502485	0.000000	0.000000	0.000000	0.000000	0.000000	0.000000
43	tsk_43	(x)	1	:	0.999382	0.000000	0.000000	0.000000	0.000618	0.000000	0.000000	0.000000	0.000000
44	tsk_44	(x)	1	:	0.404678	0.000000	0.000000	0.000000	0.000265	0.000000	0.595057	0.000000	0.000000
45	tsk_45	(x)	1	:	0.404690	0.000000	0.000000	0.000000	0.000247	0.000000	0.595062	0.000000	0.000000
46	tsk_46	(x)	1	:	0.490262	0.000000	0.000000	0.000000	0.000000	0.509738	0.000000	0.000000	0.000000
47	tsk_47	(x)	1	:	0.890531	0.000000	0.000000	0.000000	0.000000	0.000000	0.109469	0.000000	0.000000
48	tsk_48	(x)	1	:	0.999392	0.000000	0.000000	0.000000	0.000608	0.000000	0.000000	0.000000	0.000000
49	tsk_49	(x)	1	:	0.000000	0.000000	1.000000	0.000000	0.000000	0.000000	0.000000	0.000000	0.000000
50	tsk_50	(x)	1	:	0.459050	0.000000	0.000000	0.000000	0.000000	0.000000	0.116870	0.424080	0.000000
51	tsk_51	(x)	1	:	0.396392	0.603608	0.000000	0.000000	0.000000	0.000000	0.000000	0.000000	0.000000
52	tsk_52	(x)	1	:	0.000000	0.000000	0.446847	0.000000	0.000000	0.000000	0.553153	0.000000	0.000000
53	tsk_53	(x)	1	:	0.000000	0.000000	1.000000	0.000000	0.000000	0.000000	0.000000	0.000000	0.000000
54	tsk_54	(x)	1	:	0.455076	0.000000	0.538699	0.000000	0.000000	0.000000	0.006220	0.000000	0.000005
55	tsk_55	(x)	1	:	0.000000	0.578387	0.421613	0.000000	0.000000	0.000000	0.000000	0.000000	0.000000
56	tsk_56	(x)	1	:	0.000000	0.538347	0.000000	0.461651	0.000000	0.000002	0.000000	0.000000	0.000000
57	tsk_57	(x)	1	:	0.497515	0.000000	0.502485	0.000000	0.000000	0.000000	0.000000	0.000000	0.000000
58	tsk_58	(x)	1	:	0.000000	0.000000	1.000000	0.000000	0.000000	0.000000	0.000000	0.000000	0.000000
59	tsk_59	(x)	1	:	0.000000	0.000000	1.000000	0.000000	0.000000	0.000000	0.000000	0.000000	0.000000
60	tsk_60	(x)	1	:	0.000000	0.000000	0.000000	0.000000	0.000000	1.000000	0.000000	0.000000	0.000000
61	tsk_61	(x)	1	:	0.333587	0.000000	0.000000	0.000000	0.666413	0.000000	0.000000	0.000000	0.000000
62	tsk_62	(x)	1	:	0.490262	0.000000	0.000000	0.000000	0.000000	0.509738	0.000000	0.000000	0.000000
63	tsk_63	(x)	1	:	0.000000	0.360533	0.000000	0.000000	0.584337	0.000000	0.000439	0.000000	0.054691
64	tsk_64	(x)	1	:	0.000000	0.000000	0.000000	0.000008	0.000000	0.999992	0.000000	0.000000	0.000000
65	tsk_65	(x)	1	:	0.000000	0.000000	0.000000	0.000000	0.000000	0.825478	0.000000	0.000000	0.174522
66	tsk_66	(x)	1	:	0.000000	0.000000	0.000000	0.000000	0.000000	1.000000	0.000000	0.000000	0.000000
67	tsk_67	(x)	1	:	0.000000	0.000000	0.491252	0.000000	0.000000	0.508748	0.000000	0.000000	0.000000
68	tsk_68	(x)	1	:	0.000000	0.000000	0.000000	0.000007	0.000000	0.999993	0.000000	0.000000	0.000000
69	tsk_69	(x)	1	:	0.000000	0.000000	0.000000	0.567899	0.000000	0.432101	0.000000	0.000000	0.000000
70	tsk_70	(x)	1	:	0.000000	0.000000	0.000000	0.000000	0.000000	0.000000	0.000000	0.000000	1.000000
71	tsk_71	(x)	1	:	0.000000	0.000000	0.000000	0.000000	0.000000	0.000000	0.374976	0.000000	0.625024
72	tsk_72	(x)	1	:	0.000000	0.000000	0.000000	0.000000	0.000000	0.000000	0.000000	0.000000	1.000000
73	tsk_73	(x)	1	:	0.000000	0.485138	0.000000	0.000000	0.000000	0.000000	0.000000	0.000000	0.514862
74	tsk_74	(x)	1	:	0.000000	0.000000	0.000000	0.000000	0.000021	0.000000	0.000000	0.479480	0.520499
75	tsk_75	(x)	1	:	0.000000	0.000000	0.000000	0.000000	0.000000	0.000000	0.000000	0.000000	1.000000
76	tsk_76	(x)	1	:	0.000000	0.000000	0.000000	0.482617	0.000000	0.000009	0.000000	0.000000	0.517375
77	tsk_77	(x)	1	:	0.000000	0.000000	0.000000	0.000000	0.000000	0.304574	0.000000	0.000000	0.695426
78	tsk_78	(x)	1	:	0.000000	1.000000	0.000000	0.000000	0.000000	0.000000	0.000000	0.000000	0.000000
79	tsk_79	(x)	1	:	0.000000	0.000000	0.000000	0.000000	0.000000	0.000000	0.000000	0.000000	1.000000
80	tsk_80	(x)	1	:	0.000000	0.000000	0.000000	0.000000	0.660584	0.339416	0.000000	0.000000	0.000000
81	tsk_81	(x)	1	:	0.000000	0.000000	0.000000	1.000000	0.000000	0.000000	0.000000	0.000000	0.000000
82	tsk_82	(x)	1	:	0.000000	0.000000	0.000000	0.000000	0.564020	0.000000	0.435980	0.000000	0.000000
83	tsk_83	(x)	1	:	0.462178	0.000000	0.000000	0.519247	0.000000	0.001100	0.017467	0.000000	0.000009
84	tsk_84	(x)	1	:	0.000000	0.000000	0.000000	0.516552	0.352606	0.000876	0.129966	0.000000	0.000000
85	tsk_85	(x)	1	:	0.000000	0.503321	0.000000	0.496383	0.000000	0.000295	0.000000	0.000000	0.000001
86	tsk_86	(x)	1	:	0.000000	0.000000	0.000000	1.000000	0.000000	0.000000	0.000000	0.000000	0.000000
87	tsk_87	(x)	1	:	0.000000	0.999919	0.000000	0.000000	0.000000	0.000000	0.000000	0.000000	0.000081
88	tsk_88	(x)	1	:	0.000000	0.000000	0.000000	1.000000	0.000000	0.000000	0.000000	0.000000	0.000000
89	tsk_89	(x)	1	:	0.000000	0.000000	0.000000	0.000000	0.564020	0.000000	0.435980	0.000000	0.000000
90	tsk_90	(x)	1	:	0.000000	0.000000	0.000000	0.462138	0.537862	0.000000	0.000000	0.000000	0.000000
91	tsk_91	(x)	1	:	0.454941	0.000000	0.538615	0.000000	0.000000	0.000000	0.006436	0.000000	0.000009
92	tsk_92	(x)	1	:	0.465716	0.000000	0.000000	0.520206	0.000000	0.001059	0.013010	0.000000	0.000009
93	tsk_93	(x)	1	:	0.890382	0.000000	0.000000	0.000000	0.000000	0.000000	0.109618	0.000000	0.000000
94	tsk_94	(x)	1	:	0.497264	0.000000	0.000000	0.502665	0.000000	0.000070	0.000000	0.000000	0.000000
95	tsk_95	(x)	1	:	0.345587	0.000000	0.000000	0.000000	0.000000	0.000000	0.654412	0.000000	0.000000
96	tsk_96	(x)	1	:	0.404684	0.000000	0.000000	0.000000	0.000254	0.000000	0.595062	0.000000	0.000000
97	tsk_97	(x)	1	:	0.000000	0.000000	0.000000	0.476680	0.000000	0.000002	0.523318	0.000000	0.000000
98	tsk_98	(x)	1	:	0.497269	0.000000	0.000000	0.502696	0.000000	0.000035	0.000000	0.000000	0.000000
99	tsk_99	(x)	1	:	0.454298	0.000000	0.538222	0.000000	0.000000	0.000000	0.007473	0.000000	0.000008
