logL = -769.467632 (converged)
AIC = 3032.935264
BIC = 4978.997393

count.K
23 12 16 11 14 10 14 

