logL = -1021.640897 (converged)
AIC = 2355.281794
BIC = 2761.688343

count.K
63 37 

