logL = -698.049762 (converged)
AIC = 3228.099523
BIC = 5614.435414

count.K
16 1 26 38 2 1 12 4 

