logL = -723.386294 (converged)
AIC = 3500.772587
BIC = 6176.282368

count.K
13 6 19 18 30 8 6 

