logL = -678.505130 (converged)
AIC = 3019.010259
BIC = 5183.906684

count.K
34 6 26 5 1 8 20 

