logL = -648.914936 (converged)
AIC = 2621.829873
BIC = 4346.452536

count.K
23 15 16 8 16 22 

