logL = -277.011767 (converged)
AIC = 2496.023535
BIC = 5025.643785

count.K
23 2 0 2 13 45 11 3 1 

