logL = -786.327674 (converged)
AIC = 3766.655347
BIC = 6624.527041

count.K
6 7 22 15 1 23 13 8 5 

