0	tsk_0	(x)	1	:	0.000000	0.590398	0.000000	0.409602	0.000000	0.000000	0.000000	0.000000	0.000000
1	tsk_1	(x)	1	:	0.343232	0.009668	0.495975	0.007344	0.000000	0.000000	0.000000	0.143782	0.000000
2	tsk_2	(x)	1	:	0.000000	0.000000	0.000000	0.000000	0.000000	0.000000	1.000000	0.000000	0.000000
3	tsk_3	(x)	1	:	0.000000	0.139144	0.000000	0.373142	0.000000	0.487715	0.000000	0.000000	0.000000
4	tsk_4	(x)	1	:	0.000000	0.745351	0.000000	0.254649	0.000001	0.000000	0.000000	0.000000	0.000000
5	tsk_5	(x)	1	:	0.000000	0.003851	0.498373	0.002688	0.000000	0.000000	0.000000	0.495088	0.000000
6	tsk_6	(x)	1	:	0.000000	0.193996	0.000000	0.806004	0.000000	0.000000	0.000000	0.000000	0.000000
7	tsk_7	(x)	1	:	0.000000	0.244789	0.499999	0.255212	0.000000	0.000000	0.000000	0.000000	0.000000
8	tsk_8	(x)	1	:	0.000000	0.266851	0.000000	0.733149	0.000000	0.000000	0.000000	0.000000	0.000000
9	tsk_9	(x)	1	:	0.000000	0.306459	0.499998	0.193542	0.000000	0.000000	0.000000	0.000000	0.000000
10	tsk_10	(x)	1	:	0.000000	0.007573	0.000000	0.015831	0.467882	0.000000	0.000000	0.508714	0.000000
11	tsk_11	(x)	1	:	0.000000	0.281359	0.000000	0.388904	0.000000	0.329737	0.000000	0.000000	0.000000
12	tsk_12	(x)	1	:	0.000000	0.139979	0.000000	0.360020	0.000000	0.000000	0.000000	0.500001	0.000000
13	tsk_13	(x)	1	:	0.197687	0.231480	0.000000	0.570832	0.000000	0.000000	0.000000	0.000001	0.000000
14	tsk_14	(x)	1	:	0.000000	0.435170	0.000000	0.064828	0.000000	0.000000	0.000000	0.500001	0.000000
15	tsk_15	(x)	1	:	0.000000	0.198268	0.000000	0.301722	0.000000	0.000000	0.000000	0.500009	0.000000
16	tsk_16	(x)	1	:	0.000000	0.270548	0.000000	0.229443	0.000000	0.000000	0.000000	0.500009	0.000000
17	tsk_17	(x)	1	:	0.000000	0.141759	0.499999	0.358241	0.000000	0.000000	0.000000	0.000000	0.000000
18	tsk_18	(x)	1	:	0.000000	0.000000	1.000000	0.000000	0.000000	0.000000	0.000000	0.000000	0.000000
19	tsk_19	(x)	1	:	0.413220	0.308505	0.000000	0.278274	0.000000	0.000000	0.000000	0.000000	0.000000
20	tsk_20	(x)	1	:	0.342535	0.233225	0.000000	0.266683	0.000000	0.000000	0.000000	0.157557	0.000000
21	tsk_21	(x)	1	:	0.000000	0.000000	0.000000	0.000000	0.000000	0.000000	1.000000	0.000000	0.000000
22	tsk_22	(x)	1	:	0.000000	0.107069	0.000000	0.892931	0.000000	0.000000	0.000000	0.000000	0.000000
23	tsk_23	(x)	1	:	0.342530	0.270234	0.000000	0.229655	0.000000	0.000000	0.000000	0.157580	0.000000
24	tsk_24	(x)	1	:	0.000000	0.000000	1.000000	0.000000	0.000000	0.000000	0.000000	0.000000	0.000000
25	tsk_25	(x)	1	:	0.342534	0.185936	0.000000	0.313970	0.000000	0.000000	0.000000	0.157559	0.000000
26	tsk_26	(x)	1	:	0.342885	0.035632	0.000000	0.011634	0.000000	0.000000	0.456100	0.153749	0.000000
27	tsk_27	(x)	1	:	0.000000	0.000000	0.000000	0.000000	0.000000	0.000000	1.000000	0.000000	0.000000
28	tsk_28	(x)	1	:	0.446404	0.000000	0.000000	0.000000	0.000000	0.000000	0.000000	0.553596	0.000000
29	tsk_29	(x)	1	:	0.000000	0.021905	0.000000	0.019404	0.000000	0.000000	0.459110	0.499580	0.000000
30	tsk_30	(x)	1	:	0.000000	0.000053	0.000000	0.000041	0.000000	0.491308	0.000000	0.000000	0.508598
31	tsk_31	(x)	1	:	0.275926	0.011991	0.000000	0.007211	0.000000	0.485070	0.000000	0.219801	0.000000
32	tsk_32	(x)	1	:	0.000000	0.000000	0.000000	0.000000	0.000000	1.000000	0.000000	0.000000	0.000000
33	tsk_33	(x)	1	:	0.000000	0.217391	0.000000	0.294892	0.000000	0.487717	0.000000	0.000000	0.000000
34	tsk_34	(x)	1	:	0.000000	0.000000	0.000000	0.000000	0.000000	1.000000	0.000000	0.000000	0.000000
35	tsk_35	(x)	1	:	0.000000	0.000000	0.000000	0.000000	0.000000	1.000000	0.000000	0.000000	0.000000
36	tsk_36	(x)	1	:	0.000000	0.000000	0.000000	0.000000	0.000000	1.000000	0.000000	0.000000	0.000000
37	tsk_37	(x)	1	:	0.000000	0.000000	0.000000	0.000000	0.000000	1.000000	0.000000	0.000000	0.000000
38	tsk_38	(x)	1	:	0.000000	0.056730	0.000000	0.455549	0.000000	0.487721	0.000000	0.000000	0.000000
39	tsk_39	(x)	1	:	0.000000	0.000054	0.000000	0.000026	0.000000	0.491320	0.000000	0.000000	0.508601
40	tsk_40	(x)	1	:	0.342736	0.014927	0.000000	0.009394	0.000000	0.481550	0.000000	0.151393	0.000000
41	tsk_41	(x)	1	:	0.000000	0.000001	0.000000	0.000012	0.000000	0.000000	0.000000	0.493894	0.506093
42	tsk_42	(x)	1	:	0.000000	0.134256	0.000000	0.365740	0.000000	0.000000	0.000000	0.500004	0.000000
43	tsk_43	(x)	1	:	0.000000	0.293118	0.000000	0.199181	0.000000	0.000000	0.000000	0.000022	0.507678
44	tsk_44	(x)	1	:	0.000000	0.235330	0.000000	0.264660	0.000000	0.000000	0.000000	0.500010	0.000000
45	tsk_45	(x)	1	:	0.000000	0.000000	0.000000	0.000015	0.000000	0.000000	0.000000	0.493892	0.506093
46	tsk_46	(x)	1	:	0.000000	0.000000	0.000000	0.000000	0.000000	0.000000	0.000000	1.000000	0.000000
47	tsk_47	(x)	1	:	0.000000	0.000000	0.000000	0.000000	0.000000	0.000000	0.000000	1.000000	0.000000
48	tsk_48	(x)	1	:	0.000000	0.000000	0.000000	0.000000	0.000000	0.000000	0.000000	1.000000	0.000000
49	tsk_49	(x)	1	:	0.000000	0.422072	0.000000	0.577927	0.000000	0.000000	0.000000	0.000000	0.000000
50	tsk_50	(x)	1	:	0.000000	0.324703	0.000000	0.675296	0.000000	0.000000	0.000000	0.000000	0.000000
51	tsk_51	(x)	1	:	0.000000	0.519548	0.000000	0.480452	0.000000	0.000000	0.000000	0.000000	0.000000
52	tsk_52	(x)	1	:	0.342667	0.019849	0.000000	0.003177	0.000000	0.482157	0.000000	0.152150	0.000000
53	tsk_53	(x)	1	:	0.342561	0.000000	0.000000	0.000000	0.000000	0.000000	0.000000	0.657439	0.000000
54	tsk_54	(x)	1	:	0.342530	0.285649	0.000000	0.214238	0.000000	0.000000	0.000000	0.157583	0.000000
55	tsk_55	(x)	1	:	0.000000	0.250837	0.000000	0.289649	0.000000	0.000000	0.459514	0.000000	0.000000
56	tsk_56	(x)	1	:	0.000000	0.591312	0.000000	0.408687	0.000000	0.000000	0.000000	0.000000	0.000000
57	tsk_57	(x)	1	:	0.000000	0.080380	0.000000	0.431898	0.000000	0.487722	0.000000	0.000000	0.000000
58	tsk_58	(x)	1	:	0.545127	0.000000	0.000000	0.000000	0.000000	0.000000	0.000016	0.454856	0.000000
59	tsk_59	(x)	1	:	0.342563	0.000000	0.000000	0.000000	0.000000	0.000000	0.000000	0.657437	0.000000
60	tsk_60	(x)	1	:	0.000000	0.000000	1.000000	0.000000	0.000000	0.000000	0.000000	0.000000	0.000000
61	tsk_61	(x)	1	:	0.000000	0.241015	0.499999	0.258986	0.000000	0.000000	0.000000	0.000000	0.000000
62	tsk_62	(x)	1	:	0.000000	0.030005	0.499952	0.010671	0.000000	0.000000	0.459371	0.000000	0.000000
63	tsk_63	(x)	1	:	0.000000	0.282587	0.499998	0.217415	0.000000	0.000000	0.000000	0.000000	0.000000
64	tsk_64	(x)	1	:	0.000000	0.010253	0.000000	0.004353	0.000000	0.000000	0.488330	0.497064	0.000000
65	tsk_65	(x)	1	:	0.000000	0.025397	0.499880	0.015573	0.000000	0.000001	0.459149	0.000000	0.000000
66	tsk_66	(x)	1	:	0.276006	0.004913	0.498167	0.004549	0.000000	0.000000	0.000000	0.216366	0.000000
67	tsk_67	(x)	1	:	0.000000	0.000000	1.000000	0.000000	0.000000	0.000000	0.000000	0.000000	0.000000
68	tsk_68	(x)	1	:	0.000000	0.000000	1.000000	0.000000	0.000000	0.000000	0.000000	0.000000	0.000000
69	tsk_69	(x)	1	:	0.000000	0.000000	1.000000	0.000000	0.000000	0.000000	0.000000	0.000000	0.000000
70	tsk_70	(x)	1	:	0.530757	0.059510	0.000000	0.409597	0.000000	0.000000	0.000000	0.000137	0.000000
71	tsk_71	(x)	1	:	0.000000	0.520031	0.000000	0.479968	0.000000	0.000000	0.000000	0.000000	0.000000
72	tsk_72	(x)	1	:	1.000000	0.000000	0.000000	0.000000	0.000000	0.000000	0.000000	0.000000	0.000000
73	tsk_73	(x)	1	:	0.342529	0.388995	0.000000	0.110891	0.000000	0.000000	0.000000	0.157584	0.000000
74	tsk_74	(x)	1	:	0.587416	0.000000	0.000000	0.000000	0.000000	0.000000	0.000000	0.412584	0.000000
75	tsk_75	(x)	1	:	0.000000	0.416785	0.000000	0.583215	0.000000	0.000000	0.000000	0.000000	0.000000
76	tsk_76	(x)	1	:	0.000000	0.060183	0.000000	0.439810	0.000000	0.000000	0.000000	0.500007	0.000000
77	tsk_77	(x)	1	:	0.000000	0.005445	0.499457	0.009045	0.000000	0.486053	0.000000	0.000000	0.000000
78	tsk_78	(x)	1	:	0.000000	0.294279	0.499995	0.205725	0.000000	0.000000	0.000000	0.000000	0.000000
79	tsk_79	(x)	1	:	0.343164	0.010211	0.496135	0.006074	0.000000	0.000000	0.000000	0.144415	0.000000
80	tsk_80	(x)	1	:	0.000000	0.171850	0.000000	0.369006	0.459144	0.000000	0.000000	0.000000	0.000000
81	tsk_81	(x)	1	:	0.000000	0.119566	0.000000	0.420920	0.000000	0.000000	0.459514	0.000000	0.000000
82	tsk_82	(x)	1	:	0.000000	0.164581	0.000000	0.376283	0.459136	0.000000	0.000000	0.000000	0.000000
83	tsk_83	(x)	1	:	0.000000	0.000000	0.449022	0.000000	0.550977	0.000000	0.000000	0.000000	0.000000
84	tsk_84	(x)	1	:	0.000000	0.684045	0.000000	0.315955	0.000000	0.000000	0.000000	0.000000	0.000000
85	tsk_85	(x)	1	:	0.000000	0.239161	0.499995	0.260844	0.000000	0.000000	0.000000	0.000000	0.000000
86	tsk_86	(x)	1	:	0.000000	0.006923	0.501600	0.027363	0.464114	0.000000	0.000000	0.000000	0.000000
87	tsk_87	(x)	1	:	0.000000	0.223447	0.499998	0.276555	0.000000	0.000000	0.000000	0.000000	0.000000
88	tsk_88	(x)	1	:	0.343460	0.020121	0.000000	0.027889	0.455283	0.000000	0.000000	0.153247	0.000000
89	tsk_89	(x)	1	:	0.342211	0.015576	0.000000	0.013084	0.464254	0.000000	0.000000	0.164874	0.000000
90	tsk_90	(x)	1	:	0.000000	0.325613	0.000000	0.674387	0.000001	0.000000	0.000000	0.000000	0.000000
91	tsk_91	(x)	1	:	0.275148	0.254665	0.000000	0.244952	0.000000	0.000000	0.000000	0.225234	0.000000
92	tsk_92	(x)	1	:	0.000000	0.291042	0.000000	0.708957	0.000000	0.000000	0.000000	0.000000	0.000000
93	tsk_93	(x)	1	:	0.000000	0.322843	0.000000	0.677156	0.000000	0.000000	0.000000	0.000000	0.000000
94	tsk_94	(x)	1	:	0.000000	0.000000	0.000000	0.000000	0.000000	0.000000	0.000000	1.000000	0.000000
95	tsk_95	(x)	1	:	0.000000	0.235809	0.000000	0.264183	0.000000	0.000000	0.000000	0.500008	0.000000
96	tsk_96	(x)	1	:	0.000000	0.293857	0.000000	0.206136	0.000000	0.000000	0.000000	0.500008	0.000000
97	tsk_97	(x)	1	:	0.475504	0.000000	0.000000	0.000000	0.000000	0.000000	0.000000	0.524496	0.000000
98	tsk_98	(x)	1	:	0.000000	0.303022	0.000000	0.696978	0.000000	0.000000	0.000000	0.000000	0.000000
99	tsk_99	(x)	1	:	0.475504	0.000000	0.000000	0.000000	0.000000	0.000000	0.000000	0.524496	0.000000
