logL = -294.024453 (converged)
AIC = 2026.048906
BIC = 3899.166270

count.K
3 2 14 9 2 42 28 

