0	tsk_0	(x)	1	:	0.000000	0.586259	0.000000	0.000000	0.000000	0.000000	0.000000	0.413740
1	tsk_1	(x)	1	:	0.000000	0.320119	0.000000	0.000000	0.000000	0.000000	0.000000	0.679881
2	tsk_2	(x)	1	:	0.000000	0.768466	0.000000	0.000000	0.000000	0.000000	0.000000	0.231534
3	tsk_3	(x)	1	:	0.000000	0.591038	0.000000	0.000000	0.000000	0.000000	0.000000	0.408962
4	tsk_4	(x)	1	:	0.000000	0.000000	0.000000	0.499298	0.000000	0.000000	0.000000	0.500702
5	tsk_5	(x)	1	:	0.000000	1.000000	0.000000	0.000000	0.000000	0.000000	0.000000	0.000000
6	tsk_6	(x)	1	:	0.000000	0.538505	0.000000	0.000000	0.000000	0.000000	0.000000	0.461494
7	tsk_7	(x)	1	:	0.390466	0.000000	0.109534	0.000000	0.000000	0.500000	0.000000	0.000000
8	tsk_8	(x)	1	:	0.323850	0.408601	0.176150	0.000000	0.000000	0.000000	0.000000	0.091399
9	tsk_9	(x)	1	:	0.000043	0.000011	0.000081	0.499698	0.000000	0.500152	0.000000	0.000015
10	tsk_10	(x)	1	:	0.233011	0.220365	0.128925	0.000000	0.138034	0.000000	0.000000	0.279665
11	tsk_11	(x)	1	:	0.186459	0.000000	0.253413	0.000000	0.560128	0.000000	0.000000	0.000000
12	tsk_12	(x)	1	:	0.086628	0.000000	0.245363	0.000000	0.153294	0.000000	0.514715	0.000000
13	tsk_13	(x)	1	:	0.358906	0.000000	0.140932	0.000000	0.312026	0.188136	0.000000	0.000000
14	tsk_14	(x)	1	:	0.000000	0.040027	0.000000	0.000000	0.480471	0.000000	0.000000	0.479502
15	tsk_15	(x)	1	:	0.000000	0.000000	0.000000	0.000000	0.432978	0.000000	0.567022	0.000000
16	tsk_16	(x)	1	:	0.000000	0.242770	0.000000	0.000000	0.480471	0.000000	0.000000	0.276759
17	tsk_17	(x)	1	:	0.395485	0.000000	0.130235	0.000000	0.474280	0.000000	0.000000	0.000000
18	tsk_18	(x)	1	:	0.000000	0.000000	0.000000	0.000000	0.432978	0.000000	0.567022	0.000000
19	tsk_19	(x)	1	:	0.205930	0.387498	0.294070	0.000000	0.000000	0.000000	0.000000	0.112502
20	tsk_20	(x)	1	:	0.000000	0.000000	0.000000	0.000000	0.000000	1.000000	0.000000	0.000000
21	tsk_21	(x)	1	:	0.003411	0.301766	0.000000	0.000000	0.000000	0.498865	0.000000	0.195959
22	tsk_22	(x)	1	:	0.000000	0.000000	0.000000	0.000000	0.000000	1.000000	0.000000	0.000000
23	tsk_23	(x)	1	:	0.000000	0.000000	0.000000	0.000000	0.000000	0.516050	0.483950	0.000000
24	tsk_24	(x)	1	:	0.000000	0.000000	0.000000	0.000000	0.000000	0.516050	0.483950	0.000000
25	tsk_25	(x)	1	:	0.000000	0.000000	0.000000	0.000000	0.000000	0.516050	0.483950	0.000000
26	tsk_26	(x)	1	:	0.145700	0.300146	0.354300	0.000000	0.000000	0.000000	0.000000	0.199854
27	tsk_27	(x)	1	:	0.000000	0.437773	0.000000	0.497545	0.000000	0.000000	0.000000	0.064682
28	tsk_28	(x)	1	:	0.126575	0.454943	0.373425	0.000000	0.000000	0.000000	0.000000	0.045057
29	tsk_29	(x)	1	:	0.000000	0.000000	0.000000	0.000000	0.000000	0.516050	0.483950	0.000000
30	tsk_30	(x)	1	:	0.000000	0.466461	0.000000	0.000000	0.000000	0.000000	0.000000	0.533539
31	tsk_31	(x)	1	:	0.000000	0.000000	0.000000	0.000000	0.425403	0.574597	0.000000	0.000000
32	tsk_32	(x)	1	:	0.000000	0.000000	0.000000	0.000000	0.000000	1.000000	0.000000	0.000000
33	tsk_33	(x)	1	:	0.393353	0.000000	0.106647	0.000000	0.000000	0.500000	0.000000	0.000000
34	tsk_34	(x)	1	:	0.000000	0.251359	0.003997	0.000000	0.000000	0.498670	0.000000	0.245974
35	tsk_35	(x)	1	:	0.000000	0.000000	0.000000	0.000000	0.425403	0.574597	0.000000	0.000000
36	tsk_36	(x)	1	:	0.176389	0.000000	0.323611	0.000000	0.000000	0.500000	0.000000	0.000000
37	tsk_37	(x)	1	:	0.000000	0.000000	0.000000	0.000000	0.000000	1.000000	0.000000	0.000000
38	tsk_38	(x)	1	:	0.000000	0.068068	0.000000	0.000000	0.480471	0.000000	0.000000	0.451461
39	tsk_39	(x)	1	:	0.000000	0.000000	0.000000	0.000000	0.000000	1.000000	0.000000	0.000000
40	tsk_40	(x)	1	:	0.000000	0.128060	0.000000	0.000000	0.000000	0.000000	0.000000	0.871940
41	tsk_41	(x)	1	:	0.659574	0.000000	0.340426	0.000000	0.000000	0.000000	0.000000	0.000000
42	tsk_42	(x)	1	:	0.260343	0.000000	0.739657	0.000000	0.000000	0.000000	0.000000	0.000000
43	tsk_43	(x)	1	:	0.341224	0.441266	0.158776	0.000000	0.000000	0.000000	0.000000	0.058734
44	tsk_44	(x)	1	:	0.211570	0.354464	0.288430	0.000000	0.000000	0.000000	0.000000	0.145536
45	tsk_45	(x)	1	:	0.000000	0.000000	0.000000	0.000000	0.000000	0.000000	0.000000	1.000000
46	tsk_46	(x)	1	:	0.727082	0.000000	0.272918	0.000000	0.000000	0.000000	0.000000	0.000000
47	tsk_47	(x)	1	:	0.753363	0.000000	0.246637	0.000000	0.000000	0.000000	0.000000	0.000000
48	tsk_48	(x)	1	:	0.385442	0.347956	0.114558	0.000000	0.000000	0.000000	0.000000	0.152044
49	tsk_49	(x)	1	:	0.735405	0.000000	0.264595	0.000000	0.000000	0.000000	0.000000	0.000000
50	tsk_50	(x)	1	:	0.000000	0.000000	0.000000	0.000000	0.000000	1.000000	0.000000	0.000000
51	tsk_51	(x)	1	:	0.000000	0.074675	0.000000	0.000000	0.000000	0.500000	0.000000	0.425325
52	tsk_52	(x)	1	:	0.000000	0.000000	0.000000	0.000000	0.000000	1.000000	0.000000	0.000000
53	tsk_53	(x)	1	:	0.000000	0.000000	0.000000	0.000000	0.000000	1.000000	0.000000	0.000000
54	tsk_54	(x)	1	:	0.003405	0.279733	0.000000	0.000000	0.000000	0.498867	0.000000	0.217995
55	tsk_55	(x)	1	:	0.000000	0.000000	0.000000	0.000000	0.000000	1.000000	0.000000	0.000000
56	tsk_56	(x)	1	:	0.000000	0.000000	0.000000	0.000000	0.000000	1.000000	0.000000	0.000000
57	tsk_57	(x)	1	:	0.000000	0.000000	0.000000	0.000000	0.000000	1.000000	0.000000	0.000000
58	tsk_58	(x)	1	:	0.000000	0.000000	0.000000	0.000000	0.000000	1.000000	0.000000	0.000000
59	tsk_59	(x)	1	:	0.198993	0.263152	0.301007	0.000000	0.000000	0.000000	0.000000	0.236848
60	tsk_60	(x)	1	:	0.000000	0.000000	0.000000	0.000000	0.000000	1.000000	0.000000	0.000000
61	tsk_61	(x)	1	:	0.000000	0.000000	0.000000	0.000000	0.000000	1.000000	0.000000	0.000000
62	tsk_62	(x)	1	:	0.000001	0.000000	0.000002	0.499959	0.000000	0.500038	0.000000	0.000000
63	tsk_63	(x)	1	:	0.145486	0.000000	0.354514	0.000000	0.000000	0.500000	0.000000	0.000000
64	tsk_64	(x)	1	:	0.000000	0.000000	0.000000	0.000000	0.000000	1.000000	0.000000	0.000000
65	tsk_65	(x)	1	:	0.000000	0.000000	0.000000	0.000000	0.000000	1.000000	0.000000	0.000000
66	tsk_66	(x)	1	:	0.000000	0.000000	0.000000	0.000000	0.000000	1.000000	0.000000	0.000000
67	tsk_67	(x)	1	:	0.000000	0.000000	0.000000	0.000000	0.000000	1.000000	0.000000	0.000000
68	tsk_68	(x)	1	:	0.000000	0.000000	0.000000	0.000000	0.000000	1.000000	0.000000	0.000000
69	tsk_69	(x)	1	:	0.264488	0.000000	0.235511	0.000000	0.000000	0.500000	0.000000	0.000000
70	tsk_70	(x)	1	:	0.742498	0.000000	0.257502	0.000000	0.000000	0.000000	0.000000	0.000000
71	tsk_71	(x)	1	:	0.902405	0.000000	0.097595	0.000000	0.000000	0.000000	0.000000	0.000000
72	tsk_72	(x)	1	:	0.677774	0.000000	0.322226	0.000000	0.000000	0.000000	0.000000	0.000000
73	tsk_73	(x)	1	:	1.000000	0.000000	0.000000	0.000000	0.000000	0.000000	0.000000	0.000000
74	tsk_74	(x)	1	:	0.432478	0.000000	0.567522	0.000000	0.000000	0.000000	0.000000	0.000000
75	tsk_75	(x)	1	:	0.796750	0.000000	0.203250	0.000000	0.000000	0.000000	0.000000	0.000000
76	tsk_76	(x)	1	:	0.672439	0.000000	0.327561	0.000000	0.000000	0.000000	0.000000	0.000000
77	tsk_77	(x)	1	:	0.602585	0.000000	0.397414	0.000000	0.000000	0.000000	0.000000	0.000000
78	tsk_78	(x)	1	:	0.256839	0.233607	0.243161	0.000000	0.000000	0.000000	0.000000	0.266393
79	tsk_79	(x)	1	:	0.000000	0.000000	0.011568	0.000000	0.000000	0.000000	0.485056	0.503376
80	tsk_80	(x)	1	:	0.000000	0.442229	0.000000	0.000000	0.000000	0.000000	0.000000	0.557771
81	tsk_81	(x)	1	:	0.000000	0.000000	0.000000	0.000000	0.000000	0.000000	0.000000	1.000000
82	tsk_82	(x)	1	:	0.000000	0.583876	0.000000	0.000000	0.000000	0.000000	0.000000	0.416124
83	tsk_83	(x)	1	:	0.000000	0.547076	0.000000	0.000000	0.000000	0.000000	0.000000	0.452924
84	tsk_84	(x)	1	:	0.000000	0.544244	0.000000	0.000000	0.000000	0.000000	0.000000	0.455756
85	tsk_85	(x)	1	:	0.000000	0.249696	0.000000	0.000000	0.000000	0.500000	0.000000	0.250304
86	tsk_86	(x)	1	:	0.000000	0.447132	0.000000	0.000000	0.000000	0.000000	0.000000	0.552868
87	tsk_87	(x)	1	:	0.000000	0.088389	0.000000	0.000000	0.000000	0.000000	0.000000	0.911611
88	tsk_88	(x)	1	:	0.004603	0.260537	0.000000	0.000000	0.000000	0.498469	0.000000	0.236391
89	tsk_89	(x)	1	:	0.000000	0.466049	0.000000	0.000000	0.000000	0.000000	0.000000	0.533951
90	tsk_90	(x)	1	:	0.000000	0.000000	0.000000	0.000000	0.000000	0.000000	1.000000	0.000000
91	tsk_91	(x)	1	:	0.368907	0.000000	0.156813	0.000000	0.474280	0.000000	0.000000	0.000000
92	tsk_92	(x)	1	:	0.000000	0.512052	0.000000	0.000000	0.000000	0.000000	0.487948	0.000000
93	tsk_93	(x)	1	:	0.301027	0.000000	0.215023	0.000000	0.000000	0.000000	0.483950	0.000000
94	tsk_94	(x)	1	:	0.000000	0.000000	0.000000	0.000000	0.423383	0.093116	0.483500	0.000000
95	tsk_95	(x)	1	:	0.289936	0.000000	0.235783	0.000000	0.474280	0.000000	0.000000	0.000000
96	tsk_96	(x)	1	:	0.000000	0.000000	0.000000	0.000000	0.420769	0.096659	0.482573	0.000000
97	tsk_97	(x)	1	:	0.348175	0.000000	0.167876	0.000000	0.000000	0.000000	0.483950	0.000000
98	tsk_98	(x)	1	:	0.000000	0.000000	0.000000	0.000000	0.492466	0.000000	0.507534	0.000000
99	tsk_99	(x)	1	:	0.273818	0.000000	0.242233	0.000000	0.000000	0.000000	0.483950	0.000000
