logL = -414.542641 (converged)
AIC = 2693.085282
BIC = 5121.103895

count.K
4 3 3 6 10 2 64 8 

