logL = -691.067248 (converged)
AIC = 1666.134496
BIC = 2036.068662

count.K
70 30 

