logL = -1164.406903 (converged)
AIC = 3216.813806
BIC = 4373.509368

count.K
24 33 38 5 

