logL = -173.276653 (converged)
AIC = 1922.553305
BIC = 3975.427412

count.K
33 5 1 15 1 3 14 28 

