logL = -820.312603 (converged)
AIC = 3036.625207
BIC = 4855.033997

count.K
10 18 34 13 12 13 

