0	tsk_0	(x)	1	:	0.000000	0.000000	0.000000	0.216012	0.283211	0.000000	0.500777	0.000000	0.000000
1	tsk_1	(x)	1	:	0.000000	0.000000	0.000000	0.181474	0.818526	0.000000	0.000000	0.000000	0.000000
2	tsk_2	(x)	1	:	0.000000	0.000000	0.000000	1.000000	0.000000	0.000000	0.000000	0.000000	0.000000
3	tsk_3	(x)	1	:	0.000000	0.000000	0.000000	0.360008	0.639992	0.000000	0.000000	0.000000	0.000000
4	tsk_4	(x)	1	:	0.000000	0.000000	0.000000	0.082247	0.917753	0.000000	0.000000	0.000000	0.000000
5	tsk_5	(x)	1	:	0.000000	0.479484	0.000000	0.011032	0.003565	0.000000	0.505919	0.000000	0.000000
6	tsk_6	(x)	1	:	0.000000	0.000000	0.000000	0.264550	0.234673	0.000000	0.500777	0.000000	0.000000
7	tsk_7	(x)	1	:	0.000000	0.000000	0.000000	0.590530	0.409470	0.000000	0.000000	0.000000	0.000000
8	tsk_8	(x)	1	:	0.000000	0.000000	0.000000	0.318519	0.681481	0.000000	0.000000	0.000000	0.000000
9	tsk_9	(x)	1	:	0.000000	0.645397	0.000000	0.106982	0.247621	0.000000	0.000000	0.000000	0.000000
10	tsk_10	(x)	1	:	0.000000	0.000000	0.317717	0.180516	0.501767	0.000000	0.000000	0.000000	0.000000
11	tsk_11	(x)	1	:	0.000000	0.000000	0.000000	0.316187	0.683813	0.000000	0.000000	0.000000	0.000000
12	tsk_12	(x)	1	:	0.000000	0.000000	0.000000	0.769305	0.230695	0.000000	0.000000	0.000000	0.000000
13	tsk_13	(x)	1	:	0.000000	0.458900	0.000000	0.165738	0.375362	0.000000	0.000000	0.000000	0.000000
14	tsk_14	(x)	1	:	0.000000	0.458023	0.317241	0.224736	0.000000	0.000000	0.000000	0.000000	0.000000
15	tsk_15	(x)	1	:	0.000000	0.000000	0.000000	0.298478	0.534856	0.000000	0.000000	0.000000	0.166667
16	tsk_16	(x)	1	:	0.000000	0.000000	0.000000	0.254157	0.745842	0.000000	0.000000	0.000000	0.000000
17	tsk_17	(x)	1	:	0.000000	0.000000	0.000000	0.055317	0.003483	0.000000	0.000000	0.447167	0.494032
18	tsk_18	(x)	1	:	0.000000	0.000000	0.000000	0.000000	0.000000	0.000000	0.000000	0.000000	1.000000
19	tsk_19	(x)	1	:	0.000000	0.000000	0.000000	0.300214	0.533120	0.000000	0.000000	0.000000	0.166667
20	tsk_20	(x)	1	:	0.000000	0.000000	0.000000	0.000000	0.000000	0.000000	0.000000	0.000000	1.000000
21	tsk_21	(x)	1	:	0.000000	0.000000	0.000000	0.327621	0.172379	0.000000	0.000000	0.000000	0.500000
22	tsk_22	(x)	1	:	0.000000	0.000000	0.000000	0.000000	0.000000	0.000000	0.000000	0.000000	1.000000
23	tsk_23	(x)	1	:	0.000000	0.000000	0.000000	0.126915	0.373085	0.000000	0.000001	0.000000	0.499999
24	tsk_24	(x)	1	:	0.000000	0.000000	0.000000	0.380988	0.619012	0.000000	0.000000	0.000000	0.000000
25	tsk_25	(x)	1	:	0.000000	0.000000	0.000000	0.050437	0.008345	0.000000	0.000000	0.447181	0.494037
26	tsk_26	(x)	1	:	0.000000	0.000000	0.000000	0.063525	0.436475	0.000000	0.000000	0.000000	0.500000
27	tsk_27	(x)	1	:	0.000000	0.000000	0.000000	0.165913	0.334087	0.000000	0.000000	0.000000	0.500000
28	tsk_28	(x)	1	:	0.000000	0.000000	0.000000	0.135523	0.364477	0.000000	0.000000	0.000000	0.500000
29	tsk_29	(x)	1	:	0.000000	0.000000	0.000000	0.000000	0.000000	0.000000	0.000001	0.000000	0.999999
30	tsk_30	(x)	1	:	0.000000	0.000000	0.445123	0.273108	0.281770	0.000000	0.000000	0.000000	0.000000
31	tsk_31	(x)	1	:	0.000000	0.000000	0.000000	0.242572	0.257098	0.499945	0.000000	0.000000	0.000385
32	tsk_32	(x)	1	:	0.000000	0.000000	0.000000	0.166789	0.332909	0.500029	0.000000	0.000000	0.000272
33	tsk_33	(x)	1	:	0.000000	0.000000	0.445123	0.223255	0.331623	0.000000	0.000000	0.000000	0.000000
34	tsk_34	(x)	1	:	0.000000	0.000000	0.000000	0.279263	0.220501	0.500224	0.000000	0.000000	0.000013
35	tsk_35	(x)	1	:	0.000000	0.674344	0.325656	0.000000	0.000000	0.000000	0.000000	0.000000	0.000000
36	tsk_36	(x)	1	:	0.112459	0.000000	0.000000	0.282201	0.605339	0.000000	0.000000	0.000000	0.000000
37	tsk_37	(x)	1	:	0.000000	0.000000	0.000000	0.184166	0.315601	0.500234	0.000000	0.000000	0.000000
38	tsk_38	(x)	1	:	0.000000	0.000000	0.000000	0.316536	0.683464	0.000000	0.000000	0.000000	0.000000
39	tsk_39	(x)	1	:	0.000000	0.000000	0.000000	0.097953	0.401814	0.500234	0.000000	0.000000	0.000000
40	tsk_40	(x)	1	:	0.000000	0.000000	0.000000	0.383696	0.165942	0.000000	0.000000	0.450362	0.000000
41	tsk_41	(x)	1	:	0.000000	0.000000	0.000000	0.049150	0.009622	0.000000	0.000000	0.447189	0.494039
42	tsk_42	(x)	1	:	0.000000	0.000000	0.000000	0.262075	0.260052	0.000000	0.000000	0.312574	0.165299
43	tsk_43	(x)	1	:	0.000000	0.000000	0.000000	0.000015	0.000005	0.000000	0.000000	0.999979	0.000000
44	tsk_44	(x)	1	:	0.000000	0.000000	0.000000	0.000000	0.000000	0.000000	0.000000	1.000000	0.000000
45	tsk_45	(x)	1	:	0.000006	0.000000	0.000000	0.134033	0.059056	0.000038	0.000055	0.643282	0.163530
46	tsk_46	(x)	1	:	0.000000	0.000000	0.000000	0.000015	0.000005	0.000000	0.000000	0.999979	0.000000
47	tsk_47	(x)	1	:	0.000000	0.000000	0.000000	0.000018	0.000002	0.000000	0.000000	0.999979	0.000000
48	tsk_48	(x)	1	:	0.000000	0.000000	0.000000	0.362055	0.187583	0.000000	0.000000	0.450362	0.000000
49	tsk_49	(x)	1	:	0.000000	0.000000	0.000000	0.374125	0.175514	0.000000	0.000000	0.450362	0.000000
50	tsk_50	(x)	1	:	0.000000	0.000000	0.000000	0.000000	0.000000	0.000000	0.000000	0.000000	1.000000
51	tsk_51	(x)	1	:	0.000000	0.000000	0.000000	0.000000	0.000000	0.000000	0.000001	0.000000	0.999999
52	tsk_52	(x)	1	:	0.000000	0.000000	0.000000	0.080124	0.419876	0.000000	0.000000	0.000000	0.500000
53	tsk_53	(x)	1	:	0.000000	0.000000	0.000000	0.000000	0.000000	0.000000	0.000000	0.000000	1.000000
54	tsk_54	(x)	1	:	0.000000	0.000000	0.000000	0.120173	0.379827	0.000000	0.000000	0.000000	0.500000
55	tsk_55	(x)	1	:	0.000000	0.000000	0.000000	0.254672	0.245328	0.000000	0.000000	0.000000	0.500000
56	tsk_56	(x)	1	:	0.000000	0.000000	0.000000	0.000000	0.000000	0.000000	0.000000	0.000000	1.000000
57	tsk_57	(x)	1	:	0.000000	0.000000	0.000000	0.216571	0.283429	0.000000	0.000000	0.000000	0.500000
58	tsk_58	(x)	1	:	0.000000	0.000000	0.000000	0.000000	0.000000	0.000000	0.000000	0.000000	1.000000
59	tsk_59	(x)	1	:	0.000000	0.000000	0.000000	0.257536	0.242464	0.000000	0.000000	0.000000	0.499999
60	tsk_60	(x)	1	:	0.000000	0.000000	1.000000	0.000000	0.000000	0.000000	0.000000	0.000000	0.000000
61	tsk_61	(x)	1	:	0.000000	0.000000	0.000000	0.450331	0.549669	0.000000	0.000000	0.000000	0.000000
62	tsk_62	(x)	1	:	0.000000	0.000000	0.445132	0.095495	0.292702	0.000000	0.000000	0.000000	0.166672
63	tsk_63	(x)	1	:	0.000000	0.000000	0.000000	0.254878	0.745122	0.000000	0.000000	0.000000	0.000000
64	tsk_64	(x)	1	:	0.388001	0.000000	0.000000	0.000000	0.000000	0.000000	0.000000	0.000000	0.611999
65	tsk_65	(x)	1	:	0.000000	0.000000	0.000000	0.318124	0.681876	0.000000	0.000000	0.000000	0.000000
66	tsk_66	(x)	1	:	0.000000	0.000000	0.000000	0.000000	0.000000	0.000000	0.000000	0.000000	1.000000
67	tsk_67	(x)	1	:	0.000000	0.000000	0.000000	0.091129	0.408871	0.000000	0.000000	0.000000	0.500000
68	tsk_68	(x)	1	:	0.000000	0.000000	0.000000	0.299357	0.533976	0.000000	0.000000	0.000000	0.166667
69	tsk_69	(x)	1	:	0.000000	0.000000	0.000000	0.384817	0.615183	0.000000	0.000000	0.000000	0.000000
70	tsk_70	(x)	1	:	0.000000	0.458900	0.000000	0.214464	0.326636	0.000000	0.000000	0.000000	0.000000
71	tsk_71	(x)	1	:	0.000000	0.000000	0.000000	0.227816	0.772183	0.000000	0.000000	0.000000	0.000000
72	tsk_72	(x)	1	:	0.506484	0.000000	0.000000	0.020592	0.472922	0.000000	0.000000	0.000002	0.000000
73	tsk_73	(x)	1	:	0.000000	0.000000	0.000000	0.080837	0.419163	0.000000	0.000000	0.000000	0.500000
74	tsk_74	(x)	1	:	0.573596	0.426404	0.000000	0.000000	0.000000	0.000000	0.000000	0.000000	0.000000
75	tsk_75	(x)	1	:	0.000000	0.000000	0.000000	0.377426	0.122574	0.000000	0.000002	0.000000	0.499998
76	tsk_76	(x)	1	:	0.000000	0.458900	0.000000	0.213983	0.327116	0.000000	0.000000	0.000000	0.000000
77	tsk_77	(x)	1	:	0.000000	0.000000	0.000000	0.281335	0.718665	0.000000	0.000000	0.000000	0.000000
78	tsk_78	(x)	1	:	0.000000	0.000000	0.000000	0.119940	0.380060	0.000000	0.000000	0.000000	0.500000
79	tsk_79	(x)	1	:	0.514576	0.485424	0.000000	0.000000	0.000000	0.000000	0.000000	0.000000	0.000000
80	tsk_80	(x)	1	:	0.000000	0.458325	0.000000	0.010012	0.031847	0.000000	0.000000	0.000000	0.499816
81	tsk_81	(x)	1	:	0.000000	0.458900	0.000000	0.284812	0.256287	0.000000	0.000000	0.000000	0.000000
82	tsk_82	(x)	1	:	0.000000	0.458504	0.000000	0.019805	0.021817	0.000000	0.000000	0.000000	0.499874
83	tsk_83	(x)	1	:	0.000000	1.000000	0.000000	0.000000	0.000000	0.000000	0.000000	0.000000	0.000000
84	tsk_84	(x)	1	:	0.000000	0.458900	0.000000	0.069822	0.471278	0.000000	0.000000	0.000000	0.000000
85	tsk_85	(x)	1	:	0.000000	0.000000	0.445123	0.132862	0.422015	0.000000	0.000000	0.000000	0.000000
86	tsk_86	(x)	1	:	0.000000	0.479794	0.465553	0.030128	0.024524	0.000000	0.000000	0.000000	0.000000
87	tsk_87	(x)	1	:	0.000000	0.458900	0.000000	0.188355	0.352745	0.000000	0.000000	0.000000	0.000000
88	tsk_88	(x)	1	:	0.000000	0.000000	0.478800	0.003988	0.005747	0.000000	0.000000	0.000000	0.511464
89	tsk_89	(x)	1	:	0.000000	1.000000	0.000000	0.000000	0.000000	0.000000	0.000000	0.000000	0.000000
90	tsk_90	(x)	1	:	0.000000	0.000000	0.000000	0.123713	0.376287	0.000000	0.000000	0.000000	0.500000
91	tsk_91	(x)	1	:	0.000000	0.000000	0.000000	0.436735	0.563265	0.000000	0.000000	0.000000	0.000000
92	tsk_92	(x)	1	:	0.000000	0.000000	0.000000	0.424290	0.075710	0.000000	0.000000	0.000000	0.500000
93	tsk_93	(x)	1	:	0.000000	0.000000	0.000000	0.159851	0.340149	0.000000	0.000000	0.000000	0.500000
94	tsk_94	(x)	1	:	0.000000	0.000000	0.000000	0.484597	0.515403	0.000000	0.000000	0.000000	0.000000
95	tsk_95	(x)	1	:	0.000000	0.000000	0.000000	0.313914	0.686086	0.000000	0.000000	0.000000	0.000000
96	tsk_96	(x)	1	:	0.000000	0.000000	0.000000	0.000000	0.000000	0.000000	0.000000	0.000000	0.999999
97	tsk_97	(x)	1	:	0.000000	0.000000	0.000000	0.588484	0.411516	0.000000	0.000000	0.000000	0.000000
98	tsk_98	(x)	1	:	0.000000	0.000000	0.000000	0.000000	0.000000	0.000000	0.000000	0.000000	1.000000
99	tsk_99	(x)	1	:	0.000000	0.000000	0.000000	0.098211	0.401789	0.000000	0.000000	0.000000	0.500000
