logL = -1431.382193 (converged)
AIC = 3178.764386
BIC = 3590.381276

count.K
57 43 

