logL = -803.170776 (converged)
AIC = 2438.341553
BIC = 3522.092350

count.K
27 13 40 20 

