logL = -1885.751401 (converged)
AIC = 6003.502801
BIC = 8910.872729

count.K
6 25 13 19 0 5 27 5 

