logL = -625.430168 (converged)
AIC = 3210.860335
BIC = 5763.927118

count.K
22 10 14 18 18 3 7 8 

