logL = -574.287611 (converged)
AIC = 2740.575223
BIC = 4814.290691

count.K
4 5 8 29 28 20 6 

