logL = -855.771696 (converged)
AIC = 2831.543392
BIC = 4290.438696

count.K
6 40 12 17 25 

