logL = -1141.864514 (converged)
AIC = 3945.729028
BIC = 6110.625453

count.K
20 13 18 5 13 23 8 

