logL = -659.919736 (converged)
AIC = 1857.839473
BIC = 2558.630253

count.K
49 49 2 

