logL = -381.528079 (converged)
AIC = 1003.056158
BIC = 1315.676581

count.K
48 52 

