0	tsk_0	(x)	1	:	0.000000	0.000000	0.000000	0.000042	0.511093	0.000042	0.488823	0.000000
1	tsk_1	(x)	1	:	0.000000	0.000000	0.000000	0.296940	0.497542	0.205518	0.000000	0.000000
2	tsk_2	(x)	1	:	0.000000	0.000000	0.000000	0.000000	1.000000	0.000000	0.000000	0.000000
3	tsk_3	(x)	1	:	0.000000	0.000000	0.000000	0.000000	1.000000	0.000000	0.000000	0.000000
4	tsk_4	(x)	1	:	0.000000	0.000000	0.000000	0.402798	0.527871	0.069331	0.000000	0.000000
5	tsk_5	(x)	1	:	0.000000	0.000000	0.000000	0.352977	0.497542	0.149481	0.000000	0.000000
6	tsk_6	(x)	1	:	0.000000	0.000000	0.000000	0.339775	0.497542	0.162683	0.000000	0.000000
7	tsk_7	(x)	1	:	0.000000	0.000000	0.000000	0.330770	0.527871	0.141359	0.000000	0.000000
8	tsk_8	(x)	1	:	0.000000	0.000000	0.000000	0.000000	1.000000	0.000000	0.000000	0.000000
9	tsk_9	(x)	1	:	0.000000	0.000000	0.000000	0.341801	0.497542	0.160658	0.000000	0.000000
10	tsk_10	(x)	1	:	0.000000	0.494782	0.000000	0.005300	0.000000	0.499918	0.000000	0.000000
11	tsk_11	(x)	1	:	0.000000	0.000000	0.166667	0.585906	0.000000	0.247428	0.000000	0.000000
12	tsk_12	(x)	1	:	0.000000	0.000000	0.000000	0.154072	0.497542	0.348387	0.000000	0.000000
13	tsk_13	(x)	1	:	0.000000	0.000000	0.000000	0.729125	0.000000	0.270875	0.000000	0.000000
14	tsk_14	(x)	1	:	0.000000	0.000000	0.000000	0.308063	0.000000	0.691937	0.000000	0.000000
15	tsk_15	(x)	1	:	0.000000	0.000000	0.000000	0.599959	0.000000	0.400041	0.000000	0.000000
16	tsk_16	(x)	1	:	0.000000	0.000000	0.000000	0.406213	0.497542	0.096245	0.000000	0.000000
17	tsk_17	(x)	1	:	0.000000	0.000000	0.000000	0.378517	0.000000	0.621483	0.000000	0.000000
18	tsk_18	(x)	1	:	0.000000	0.000000	0.000000	0.317534	0.497542	0.184924	0.000000	0.000000
19	tsk_19	(x)	1	:	0.000000	0.000000	0.000000	0.940705	0.000000	0.059294	0.000000	0.000000
20	tsk_20	(x)	1	:	0.000000	0.000000	0.000000	0.417398	0.000000	0.582602	0.000000	0.000000
21	tsk_21	(x)	1	:	0.000000	0.000000	0.000000	0.579414	0.000000	0.420586	0.000000	0.000000
22	tsk_22	(x)	1	:	0.000000	0.000000	0.000000	0.442165	0.000000	0.557835	0.000000	0.000000
23	tsk_23	(x)	1	:	0.000000	0.000000	0.000000	0.431037	0.000000	0.568963	0.000000	0.000000
24	tsk_24	(x)	1	:	0.000000	0.000000	0.000000	0.443720	0.000000	0.556280	0.000000	0.000000
25	tsk_25	(x)	1	:	0.000000	0.000000	0.000000	0.344060	0.000000	0.655940	0.000000	0.000000
26	tsk_26	(x)	1	:	0.000000	0.000000	0.000000	0.601266	0.000000	0.398734	0.000000	0.000000
27	tsk_27	(x)	1	:	0.000000	0.000000	0.000000	0.401739	0.000000	0.598261	0.000000	0.000000
28	tsk_28	(x)	1	:	0.000000	0.000000	0.000000	0.491953	0.000000	0.508047	0.000000	0.000000
29	tsk_29	(x)	1	:	0.000000	0.000000	0.500000	0.012482	0.000000	0.487518	0.000000	0.000000
30	tsk_30	(x)	1	:	0.000000	0.000000	0.000000	0.581603	0.000000	0.418397	0.000000	0.000000
31	tsk_31	(x)	1	:	0.500000	0.000000	0.000000	0.214352	0.000000	0.285648	0.000000	0.000000
32	tsk_32	(x)	1	:	0.000000	0.000000	0.166667	0.439458	0.000000	0.393875	0.000000	0.000000
33	tsk_33	(x)	1	:	0.000000	0.000000	0.000000	0.415657	0.000000	0.584343	0.000000	0.000000
34	tsk_34	(x)	1	:	0.000000	0.000000	0.000000	0.580037	0.000000	0.419963	0.000000	0.000000
35	tsk_35	(x)	1	:	0.000000	0.000000	0.000000	0.674266	0.000000	0.325734	0.000000	0.000000
36	tsk_36	(x)	1	:	0.000000	0.000000	0.000000	0.756878	0.000000	0.243122	0.000000	0.000000
37	tsk_37	(x)	1	:	0.000000	0.000000	0.000000	0.379551	0.497542	0.122907	0.000000	0.000000
38	tsk_38	(x)	1	:	0.000000	0.000000	0.000000	0.284848	0.000000	0.715152	0.000000	0.000000
39	tsk_39	(x)	1	:	0.000000	0.000000	0.500000	0.119872	0.000000	0.380128	0.000000	0.000000
40	tsk_40	(x)	1	:	0.000000	0.000000	0.000000	0.300193	0.497542	0.202265	0.000000	0.000000
41	tsk_41	(x)	1	:	0.000000	0.000000	0.500000	0.241944	0.000000	0.258056	0.000000	0.000000
42	tsk_42	(x)	1	:	0.000000	0.543088	0.000000	0.293477	0.000000	0.163435	0.000000	0.000000
43	tsk_43	(x)	1	:	0.000000	0.000000	0.000000	0.540051	0.000000	0.459949	0.000000	0.000000
44	tsk_44	(x)	1	:	0.000000	0.000000	0.499507	0.001370	0.497355	0.001765	0.000000	0.000002
45	tsk_45	(x)	1	:	0.500098	0.000000	0.000000	0.151757	0.000000	0.348098	0.000000	0.000047
46	tsk_46	(x)	1	:	0.000000	0.000000	1.000000	0.000000	0.000000	0.000000	0.000000	0.000000
47	tsk_47	(x)	1	:	0.000000	0.000000	0.000000	0.147011	0.000000	0.852989	0.000000	0.000000
48	tsk_48	(x)	1	:	0.000000	0.494782	0.000000	0.107202	0.000000	0.398016	0.000000	0.000000
49	tsk_49	(x)	1	:	0.000000	0.000000	0.000000	0.000000	1.000000	0.000000	0.000000	0.000000
50	tsk_50	(x)	1	:	0.496553	0.000000	0.498864	0.000655	0.000000	0.003855	0.000000	0.000073
51	tsk_51	(x)	1	:	0.494725	0.000000	0.498259	0.001687	0.000000	0.005283	0.000000	0.000046
52	tsk_52	(x)	1	:	0.999999	0.000000	0.000000	0.000000	0.000000	0.000000	0.000000	0.000000
53	tsk_53	(x)	1	:	0.303360	0.000000	0.000000	0.000001	0.468593	0.000000	0.228046	0.000000
54	tsk_54	(x)	1	:	0.000000	0.000000	0.500000	0.222010	0.000000	0.277990	0.000000	0.000000
55	tsk_55	(x)	1	:	0.000000	0.000000	0.500000	0.219145	0.000000	0.280855	0.000000	0.000000
56	tsk_56	(x)	1	:	0.000000	0.000000	0.500000	0.296554	0.000000	0.203446	0.000000	0.000000
57	tsk_57	(x)	1	:	0.000000	0.000000	1.000000	0.000000	0.000000	0.000000	0.000000	0.000000
58	tsk_58	(x)	1	:	0.000000	0.000000	0.500000	0.082076	0.000000	0.417924	0.000000	0.000000
59	tsk_59	(x)	1	:	0.500484	0.000000	0.000000	0.183276	0.000000	0.316021	0.000000	0.000219
60	tsk_60	(x)	1	:	0.000002	0.000000	0.000000	0.178137	0.000000	0.308106	0.000000	0.513755
61	tsk_61	(x)	1	:	0.000000	0.000000	0.166667	0.611951	0.000000	0.221383	0.000000	0.000000
62	tsk_62	(x)	1	:	0.000000	0.000000	0.166667	0.441327	0.000000	0.392006	0.000000	0.000000
63	tsk_63	(x)	1	:	0.000000	0.000000	0.000000	0.896537	0.000000	0.103463	0.000000	0.000000
64	tsk_64	(x)	1	:	0.000000	0.000000	0.000000	0.298960	0.497542	0.203499	0.000000	0.000000
65	tsk_65	(x)	1	:	0.000000	0.000000	0.000000	0.736130	0.000000	0.263870	0.000000	0.000000
66	tsk_66	(x)	1	:	0.000000	0.000000	0.000000	0.570798	0.000000	0.429202	0.000000	0.000000
67	tsk_67	(x)	1	:	0.499975	0.000000	0.166663	0.224279	0.000000	0.109083	0.000000	0.000000
68	tsk_68	(x)	1	:	0.000000	0.000000	0.000000	0.210307	0.497542	0.292151	0.000000	0.000000
69	tsk_69	(x)	1	:	0.000000	0.000000	0.000000	0.597408	0.000000	0.402592	0.000000	0.000000
70	tsk_70	(x)	1	:	0.500068	0.000000	0.166677	0.123937	0.000000	0.209308	0.000000	0.000011
71	tsk_71	(x)	1	:	0.000000	0.000000	0.000000	0.434275	0.497542	0.068183	0.000000	0.000000
72	tsk_72	(x)	1	:	0.500014	0.000000	0.000000	0.234691	0.000000	0.265288	0.000000	0.000007
73	tsk_73	(x)	1	:	0.500128	0.000000	0.000000	0.184994	0.000000	0.314821	0.000000	0.000057
74	tsk_74	(x)	1	:	0.000000	0.000000	0.000000	0.438107	0.497542	0.064351	0.000000	0.000000
75	tsk_75	(x)	1	:	0.499996	0.000000	0.000000	0.262698	0.000000	0.237306	0.000000	0.000000
76	tsk_76	(x)	1	:	0.500180	0.000000	0.000000	0.235442	0.000000	0.264297	0.000000	0.000081
77	tsk_77	(x)	1	:	0.000000	0.000000	0.000000	0.411838	0.497542	0.090621	0.000000	0.000000
78	tsk_78	(x)	1	:	0.495553	0.000000	0.000000	0.004553	0.496993	0.002866	0.000000	0.000034
79	tsk_79	(x)	1	:	0.000000	0.000000	0.000000	0.360835	0.000000	0.639165	0.000000	0.000000
80	tsk_80	(x)	1	:	0.496604	0.494113	0.000000	0.003973	0.000000	0.005288	0.000000	0.000022
81	tsk_81	(x)	1	:	0.000000	0.000000	0.000000	0.000002	0.496592	0.000001	0.000000	0.503405
82	tsk_82	(x)	1	:	0.000000	0.494782	0.000000	0.207850	0.000000	0.297368	0.000000	0.000000
83	tsk_83	(x)	1	:	0.000000	0.000000	0.000000	0.414650	0.000000	0.585350	0.000000	0.000000
84	tsk_84	(x)	1	:	0.000000	1.000000	0.000000	0.000000	0.000000	0.000000	0.000000	0.000000
85	tsk_85	(x)	1	:	0.496012	0.493996	0.000000	0.001885	0.000000	0.008103	0.000000	0.000004
86	tsk_86	(x)	1	:	0.000000	0.000000	0.000000	0.000000	1.000000	0.000000	0.000000	0.000000
87	tsk_87	(x)	1	:	0.499995	0.000000	0.000000	0.150070	0.000000	0.349935	0.000000	0.000000
88	tsk_88	(x)	1	:	0.000000	0.494782	0.000000	0.144403	0.000000	0.360815	0.000000	0.000000
89	tsk_89	(x)	1	:	0.000000	0.494782	0.000000	0.000000	0.000000	0.505218	0.000000	0.000000
90	tsk_90	(x)	1	:	0.000000	0.000000	0.000000	0.312316	0.497542	0.190142	0.000000	0.000000
91	tsk_91	(x)	1	:	0.000000	0.000000	0.000000	0.000000	1.000000	0.000000	0.000000	0.000000
92	tsk_92	(x)	1	:	0.000000	0.000000	0.000000	0.450002	0.497542	0.052456	0.000000	0.000000
93	tsk_93	(x)	1	:	0.000000	0.000000	0.000000	0.386134	0.497542	0.116325	0.000000	0.000000
94	tsk_94	(x)	1	:	0.000000	0.000000	0.000000	0.388036	0.497542	0.114423	0.000000	0.000000
95	tsk_95	(x)	1	:	0.000000	0.000000	0.000000	0.491168	0.000000	0.508831	0.000000	0.000000
96	tsk_96	(x)	1	:	0.500463	0.000000	0.000000	0.152955	0.000000	0.346374	0.000000	0.000208
97	tsk_97	(x)	1	:	0.000000	0.000000	0.000000	0.442379	0.000000	0.557621	0.000000	0.000000
98	tsk_98	(x)	1	:	0.000000	0.000000	0.000000	0.444696	0.497542	0.057762	0.000000	0.000000
99	tsk_99	(x)	1	:	0.000000	0.000000	0.000000	0.436218	0.497542	0.066240	0.000000	0.000000
