logL = -1005.961645 (converged)
AIC = 3311.923289
BIC = 5005.283910

count.K
11 25 21 35 8 

