logL = -1136.265124 (converged)
AIC = 2604.530248
BIC = 3036.988499

count.K
65 35 

