logL = -738.447751 (converged)
AIC = 3194.895502
BIC = 5432.736692

count.K
20 22 2 3 38 14 1 

