logL = -423.139905 (converged)
AIC = 1614.279810
BIC = 2614.665161

count.K
13 8 35 44 

