logL = -972.831004 (converged)
AIC = 2221.662007
BIC = 2581.175493

count.K
47 53 

