logL = -666.760648 (converged)
AIC = 2493.521296
BIC = 4004.520003

count.K
29 5 6 33 27 

