logL = -379.952804 (converged)
AIC = 1739.905607
BIC = 3016.438998

count.K
32 26 15 26 1 

