logL = -967.039739 (converged)
AIC = 3526.079478
BIC = 5599.794946

count.K
3 10 2 20 2 23 40 

