logL = -481.322958 (converged)
AIC = 2052.645916
BIC = 3472.463668

count.K
10 13 66 8 3 

