logL = -289.537145 (converged)
AIC = 2315.074290
BIC = 4576.362012

count.K
1 4 9 14 4 32 1 35 

