logL = -899.610843 (converged)
AIC = 2415.221686
BIC = 3217.614103

count.K
57 31 12 

