logL = -533.928694 (converged)
AIC = 2343.857387
BIC = 4005.955966

count.K
10 13 22 13 20 22 

