logL = -211.145922 (converged)
AIC = 1542.291844
BIC = 3001.187149

count.K
7 2 1 25 29 36 

