logL = -811.022922 (converged)
AIC = 2682.045844
BIC = 4062.786043

count.K
1 34 35 9 21 

