logL = -1174.374377 (converged)
AIC = 3228.748753
BIC = 4375.023635

count.K
14 14 46 26 

