logL = -503.912177 (converged)
AIC = 2743.824354
BIC = 5005.112075

count.K
0 27 20 10 16 11 15 1 

