0	tsk_0	(x)	1	:	0.448247	0.000000	0.000000	0.000000	0.000000	0.431339	0.000000	0.120414
1	tsk_1	(x)	1	:	0.000000	0.000017	0.000000	0.513974	0.000000	0.407087	0.000000	0.078922
2	tsk_2	(x)	1	:	0.000000	0.000001	0.000000	0.000000	0.615876	0.331935	0.000000	0.052188
3	tsk_3	(x)	1	:	0.000000	0.000000	0.000000	0.000000	0.000000	0.823768	0.000000	0.176232
4	tsk_4	(x)	1	:	0.000000	0.000000	0.000000	0.000000	0.000000	0.856051	0.000000	0.143949
5	tsk_5	(x)	1	:	0.000000	0.000003	0.000000	0.000000	0.000000	0.819763	0.000000	0.180234
6	tsk_6	(x)	1	:	0.000000	0.000037	0.000000	0.000000	0.000000	0.841491	0.000000	0.158471
7	tsk_7	(x)	1	:	0.000000	0.000000	0.000000	0.000000	0.000000	0.823611	0.000000	0.176389
8	tsk_8	(x)	1	:	0.000000	0.000028	0.000000	0.000000	0.000000	0.846103	0.000000	0.153869
9	tsk_9	(x)	1	:	0.000000	0.000044	0.000000	0.000000	0.000000	0.820640	0.000000	0.179316
10	tsk_10	(x)	1	:	0.000000	0.000011	0.000000	0.000000	0.959298	0.037552	0.000000	0.003140
11	tsk_11	(x)	1	:	0.000000	0.000016	0.000000	0.000000	0.630514	0.312425	0.000000	0.057045
12	tsk_12	(x)	1	:	0.000000	0.000025	0.000000	0.000000	0.366369	0.573140	0.000000	0.060466
13	tsk_13	(x)	1	:	0.000000	0.000017	0.000000	0.000000	0.959073	0.034908	0.000000	0.006002
14	tsk_14	(x)	1	:	0.000000	0.000023	0.000000	0.000000	0.366364	0.534058	0.000000	0.099554
15	tsk_15	(x)	1	:	0.313203	0.686380	0.000000	0.000000	0.000000	0.000417	0.000000	0.000000
16	tsk_16	(x)	1	:	0.000000	0.000000	0.000000	0.000000	0.000000	0.729669	0.000000	0.270330
17	tsk_17	(x)	1	:	0.000000	0.000000	0.000000	0.000000	0.366978	0.000000	0.499343	0.133680
18	tsk_18	(x)	1	:	0.000000	0.000013	0.000000	0.000000	0.630491	0.330104	0.000000	0.039392
19	tsk_19	(x)	1	:	0.000000	0.000015	0.000000	0.000000	0.000000	0.789477	0.000000	0.210507
20	tsk_20	(x)	1	:	0.000000	0.000000	0.000000	0.000000	0.000000	0.779492	0.000000	0.220508
21	tsk_21	(x)	1	:	0.000000	0.000037	0.000000	0.000000	0.000000	0.836845	0.000000	0.163118
22	tsk_22	(x)	1	:	0.000000	0.000029	0.000000	0.000000	0.000000	0.854958	0.000000	0.145013
23	tsk_23	(x)	1	:	0.000000	0.000021	0.000000	0.000000	0.000000	0.800143	0.000000	0.199836
24	tsk_24	(x)	1	:	0.000000	0.000043	0.000000	0.000000	0.000000	0.701562	0.000000	0.298396
25	tsk_25	(x)	1	:	0.000000	0.000034	0.000000	0.000000	0.000000	0.762206	0.000000	0.237760
26	tsk_26	(x)	1	:	0.000000	0.000000	0.000000	0.000000	0.000000	0.749838	0.000000	0.250162
27	tsk_27	(x)	1	:	0.448373	0.000000	0.000000	0.000000	0.000000	0.483483	0.000000	0.068144
28	tsk_28	(x)	1	:	0.000000	0.000000	0.000000	0.000000	0.000000	0.000000	0.499327	0.500673
29	tsk_29	(x)	1	:	0.000000	0.000013	0.000000	0.000000	0.000000	0.852777	0.000000	0.147209
30	tsk_30	(x)	1	:	0.000000	0.000006	0.000000	0.514710	0.368095	0.104557	0.000000	0.012633
31	tsk_31	(x)	1	:	0.000000	0.000000	0.000000	0.000000	0.000000	0.771315	0.000000	0.228685
32	tsk_32	(x)	1	:	0.000000	0.000018	0.000000	0.514555	0.000000	0.409825	0.000000	0.075602
33	tsk_33	(x)	1	:	0.000000	0.000000	0.000000	0.000000	0.000000	0.832223	0.000000	0.167777
34	tsk_34	(x)	1	:	0.000000	0.000000	0.000000	1.000000	0.000000	0.000000	0.000000	0.000000
35	tsk_35	(x)	1	:	0.000000	0.000020	0.000000	0.444610	0.000000	0.451648	0.000000	0.103722
36	tsk_36	(x)	1	:	0.000000	0.000000	0.000000	0.000000	0.000000	0.748062	0.000000	0.251938
37	tsk_37	(x)	1	:	0.000000	0.000012	0.000000	0.000000	0.000000	0.821457	0.000000	0.178531
38	tsk_38	(x)	1	:	0.000000	0.000000	1.000000	0.000000	0.000000	0.000000	0.000000	0.000000
39	tsk_39	(x)	1	:	0.000000	0.000019	0.000000	0.513974	0.000000	0.424426	0.000000	0.061582
40	tsk_40	(x)	1	:	0.000000	0.000025	0.000000	0.000000	0.000000	0.872612	0.000000	0.127363
41	tsk_41	(x)	1	:	0.000000	0.000035	0.000000	0.000000	0.000000	0.841820	0.000000	0.158145
42	tsk_42	(x)	1	:	0.000000	0.000000	0.000000	0.513972	0.000000	0.359546	0.000000	0.126482
43	tsk_43	(x)	1	:	0.000000	0.000018	0.000000	0.513974	0.000000	0.374427	0.000000	0.111581
44	tsk_44	(x)	1	:	0.000000	0.000019	0.000000	0.513974	0.000000	0.383481	0.000000	0.102526
45	tsk_45	(x)	1	:	0.448448	0.000019	0.000000	0.000000	0.000000	0.489953	0.000000	0.061580
46	tsk_46	(x)	1	:	0.000000	0.000000	0.000000	0.000000	0.000000	0.647825	0.000000	0.352175
47	tsk_47	(x)	1	:	0.000000	0.000000	0.000000	0.000000	0.000000	0.829909	0.000000	0.170091
48	tsk_48	(x)	1	:	0.000000	1.000000	0.000000	0.000000	0.000000	0.000000	0.000000	0.000000
49	tsk_49	(x)	1	:	0.000000	0.000000	0.000000	0.513972	0.000000	0.362406	0.000000	0.123622
50	tsk_50	(x)	1	:	0.000000	0.000041	0.000000	0.000000	0.000000	0.938126	0.000000	0.061834
51	tsk_51	(x)	1	:	0.000000	0.000006	0.000000	0.000000	0.367484	0.553495	0.000000	0.079015
52	tsk_52	(x)	1	:	0.000000	0.000013	0.000000	0.000000	0.757362	0.209580	0.000000	0.033046
53	tsk_53	(x)	1	:	0.000000	0.000020	0.000000	0.000000	0.367512	0.534130	0.000000	0.098339
54	tsk_54	(x)	1	:	0.000000	0.000012	0.000000	0.000000	0.757001	0.207081	0.000000	0.035906
55	tsk_55	(x)	1	:	0.000000	0.000024	0.000000	0.000000	0.367521	0.526653	0.000000	0.105802
56	tsk_56	(x)	1	:	0.000000	0.000009	0.000000	0.444688	0.367720	0.161810	0.000000	0.025772
57	tsk_57	(x)	1	:	0.000000	0.000032	0.000000	0.000000	0.000000	0.891563	0.000000	0.108404
58	tsk_58	(x)	1	:	0.639754	0.000003	0.000000	0.000000	0.352579	0.006022	0.000000	0.001642
59	tsk_59	(x)	1	:	0.639606	0.000003	0.000000	0.000000	0.351323	0.007758	0.000000	0.001310
60	tsk_60	(x)	1	:	0.000000	0.000024	0.000000	0.000000	0.000000	0.883198	0.000000	0.116778
61	tsk_61	(x)	1	:	0.434815	0.000000	0.000000	0.441260	0.000000	0.099926	0.000000	0.023998
62	tsk_62	(x)	1	:	0.000000	0.000000	0.000000	1.000000	0.000000	0.000000	0.000000	0.000000
63	tsk_63	(x)	1	:	0.435017	0.000003	0.000000	0.441302	0.000000	0.101436	0.000000	0.022243
64	tsk_64	(x)	1	:	0.000000	0.000024	0.000000	0.000000	0.000000	0.705903	0.000000	0.294074
65	tsk_65	(x)	1	:	0.000000	0.000000	0.000000	0.000000	0.000000	0.774492	0.000000	0.225508
66	tsk_66	(x)	1	:	0.448379	0.000000	0.000000	0.000000	0.000000	0.395365	0.000000	0.156256
67	tsk_67	(x)	1	:	0.448361	0.000000	0.000000	0.000000	0.000000	0.440908	0.000000	0.110730
68	tsk_68	(x)	1	:	0.000000	0.000021	0.000000	0.444610	0.000000	0.480369	0.000000	0.074999
69	tsk_69	(x)	1	:	1.000000	0.000000	0.000000	0.000000	0.000000	0.000000	0.000000	0.000000
70	tsk_70	(x)	1	:	0.000000	0.000026	0.000000	0.000000	0.367529	0.554602	0.000000	0.077843
71	tsk_71	(x)	1	:	0.000000	0.000014	0.000000	0.000000	0.366343	0.549616	0.000000	0.084026
72	tsk_72	(x)	1	:	0.000000	0.000012	0.000000	0.000000	0.757011	0.205397	0.000000	0.037580
73	tsk_73	(x)	1	:	0.000000	0.000015	0.000000	0.567096	0.000000	0.385773	0.000000	0.047115
74	tsk_74	(x)	1	:	0.000000	0.000000	0.000000	0.000000	0.000000	0.000000	0.499327	0.500673
75	tsk_75	(x)	1	:	0.000000	0.000000	0.000000	1.000000	0.000000	0.000000	0.000000	0.000000
76	tsk_76	(x)	1	:	0.000000	0.000000	0.000000	1.000000	0.000000	0.000000	0.000000	0.000000
77	tsk_77	(x)	1	:	0.000000	0.000000	0.000000	0.000000	0.367454	0.467368	0.000000	0.165178
78	tsk_78	(x)	1	:	0.000000	0.000003	0.000000	0.567368	0.368703	0.059395	0.000000	0.004530
79	tsk_79	(x)	1	:	0.000000	0.000000	0.000000	0.000000	0.000000	0.748254	0.000000	0.251746
80	tsk_80	(x)	1	:	0.000000	0.000000	0.000000	0.000000	0.000000	0.000000	0.499327	0.500673
81	tsk_81	(x)	1	:	0.000000	0.000021	0.000000	0.444610	0.000000	0.452055	0.000000	0.103313
82	tsk_82	(x)	1	:	0.000000	0.000000	0.000000	0.495158	0.000000	0.000000	0.504842	0.000000
83	tsk_83	(x)	1	:	0.000000	0.000044	0.000000	0.000000	0.000000	0.786243	0.000000	0.213713
84	tsk_84	(x)	1	:	0.000000	0.000000	0.000000	0.000000	0.368195	0.000000	0.499345	0.132460
85	tsk_85	(x)	1	:	0.000000	0.000034	0.000000	0.000000	0.000000	0.764708	0.000000	0.235258
86	tsk_86	(x)	1	:	0.000000	0.000000	0.593082	0.406918	0.000000	0.000000	0.000000	0.000000
87	tsk_87	(x)	1	:	0.000000	0.000022	0.000000	0.444610	0.000000	0.415268	0.000000	0.140100
88	tsk_88	(x)	1	:	0.000000	0.000009	0.000000	0.444679	0.366530	0.158074	0.000000	0.030708
89	tsk_89	(x)	1	:	0.000000	0.000000	0.593082	0.406918	0.000000	0.000000	0.000000	0.000000
90	tsk_90	(x)	1	:	0.000000	0.000000	0.000000	0.000000	0.000000	0.784749	0.000000	0.215251
91	tsk_91	(x)	1	:	0.000000	0.000012	0.000000	0.000000	0.760833	0.196796	0.000000	0.042359
92	tsk_92	(x)	1	:	0.000000	0.000000	0.000000	0.000000	0.000000	0.000000	0.505414	0.494586
93	tsk_93	(x)	1	:	0.000000	0.000012	0.000000	0.000000	0.000000	0.810815	0.000000	0.189173
94	tsk_94	(x)	1	:	0.000000	0.000000	0.000000	0.000000	0.000000	0.000000	1.000000	0.000000
95	tsk_95	(x)	1	:	0.000000	0.000002	0.000000	0.000000	0.000000	0.871469	0.000000	0.128528
96	tsk_96	(x)	1	:	0.000000	0.000026	0.000000	0.000000	0.367529	0.589759	0.000000	0.042685
97	tsk_97	(x)	1	:	0.000000	0.000028	0.000000	0.000000	0.367541	0.520259	0.000000	0.112172
98	tsk_98	(x)	1	:	0.000000	0.000041	0.000000	0.000000	0.000000	0.809988	0.000000	0.189970
99	tsk_99	(x)	1	:	0.000000	0.000013	0.000000	0.000000	0.000000	0.745801	0.000000	0.254185
