0	tsk_0	(x)	1	:	0.000000	0.000000	0.404429	0.000000	0.000000	0.000000	0.000000	0.254587	0.340984
1	tsk_1	(x)	1	:	0.000000	0.000000	0.000000	0.000000	0.000000	0.350051	0.000000	0.264026	0.385923
2	tsk_2	(x)	1	:	0.716439	0.000000	0.000000	0.000000	0.000000	0.000000	0.000000	0.000000	0.283561
3	tsk_3	(x)	1	:	0.000000	0.000000	0.404429	0.000000	0.000000	0.000000	0.000000	0.254587	0.340984
4	tsk_4	(x)	1	:	0.999955	0.000000	0.000000	0.000000	0.000000	0.000003	0.000042	0.000000	0.000000
5	tsk_5	(x)	1	:	0.495231	0.000000	0.000000	0.000000	0.000000	0.000000	0.000057	0.504711	0.000000
6	tsk_6	(x)	1	:	0.215577	0.000000	0.000000	0.000000	0.000000	0.000000	0.000000	0.236445	0.547978
7	tsk_7	(x)	1	:	0.000000	0.000000	0.000000	0.438928	0.000000	0.000000	0.000000	0.247806	0.313266
8	tsk_8	(x)	1	:	0.000000	0.000000	0.507391	0.000000	0.000000	0.000000	0.000000	0.492609	0.000000
9	tsk_9	(x)	1	:	0.000000	0.000000	0.000000	0.000000	0.000000	0.000000	0.000000	0.445919	0.554081
10	tsk_10	(x)	1	:	0.483280	0.000000	0.516685	0.000000	0.000000	0.000000	0.000036	0.000000	0.000000
11	tsk_11	(x)	1	:	0.000000	0.000000	0.410908	0.000000	0.000000	0.000000	0.000000	0.000000	0.589092
12	tsk_12	(x)	1	:	0.580269	0.000000	0.000000	0.000000	0.000000	0.000000	0.000000	0.000000	0.419731
13	tsk_13	(x)	1	:	0.580322	0.000000	0.000000	0.000000	0.000000	0.000000	0.000000	0.000000	0.419678
14	tsk_14	(x)	1	:	0.000000	0.000000	0.554979	0.000000	0.000000	0.000000	0.000000	0.000000	0.445021
15	tsk_15	(x)	1	:	0.000000	0.000000	0.554980	0.000000	0.000000	0.000000	0.000000	0.000000	0.445020
16	tsk_16	(x)	1	:	0.000000	0.000000	0.000000	0.000000	0.000000	0.000000	0.000000	0.000000	1.000000
17	tsk_17	(x)	1	:	0.580229	0.000000	0.000000	0.000000	0.000000	0.000000	0.000000	0.000000	0.419771
18	tsk_18	(x)	1	:	0.580467	0.000000	0.000000	0.000000	0.000000	0.000000	0.000000	0.000000	0.419533
19	tsk_19	(x)	1	:	0.000000	0.000000	0.000000	0.000000	0.000000	0.000000	0.000000	1.000000	0.000000
20	tsk_20	(x)	1	:	0.000000	0.000000	0.395025	0.000000	0.000000	0.000000	0.000000	0.256317	0.348658
21	tsk_21	(x)	1	:	0.999994	0.000000	0.000000	0.000000	0.000000	0.000000	0.000006	0.000000	0.000000
22	tsk_22	(x)	1	:	0.000000	0.000000	1.000000	0.000000	0.000000	0.000000	0.000000	0.000000	0.000000
23	tsk_23	(x)	1	:	0.000000	0.000000	0.000000	0.000000	0.000000	0.000000	0.000000	1.000000	0.000000
24	tsk_24	(x)	1	:	0.495223	0.000000	0.504693	0.000000	0.000000	0.000000	0.000004	0.000000	0.000080
25	tsk_25	(x)	1	:	0.495256	0.000000	0.000000	0.000000	0.000000	0.000000	0.000029	0.504716	0.000000
26	tsk_26	(x)	1	:	0.495227	0.000000	0.000000	0.000000	0.000000	0.000000	0.000063	0.504710	0.000000
27	tsk_27	(x)	1	:	0.000000	0.000000	0.000000	0.000000	0.000000	0.000000	0.513822	0.486178	0.000000
28	tsk_28	(x)	1	:	0.000000	0.000000	0.000000	0.000000	0.000000	0.000000	0.000000	1.000000	0.000000
29	tsk_29	(x)	1	:	0.000000	0.000000	0.484547	0.000000	0.000000	0.000000	0.515442	0.000000	0.000011
30	tsk_30	(x)	1	:	0.483274	0.000000	0.516683	0.000000	0.000000	0.000000	0.000043	0.000000	0.000000
31	tsk_31	(x)	1	:	0.388684	0.502703	0.000002	0.000000	0.000000	0.000000	0.000000	0.000000	0.108610
32	tsk_32	(x)	1	:	0.000000	0.000000	0.000252	0.453628	0.000000	0.000000	0.000000	0.000000	0.546120
33	tsk_33	(x)	1	:	0.000000	0.476787	0.000000	0.000000	0.523213	0.000000	0.000000	0.000000	0.000000
34	tsk_34	(x)	1	:	0.483278	0.000000	0.516684	0.000000	0.000000	0.000000	0.000037	0.000000	0.000000
35	tsk_35	(x)	1	:	0.000000	0.476786	0.000001	0.000000	0.523213	0.000000	0.000000	0.000000	0.000000
36	tsk_36	(x)	1	:	0.399261	0.000000	0.000000	0.000000	0.000000	0.000000	0.000000	0.000000	0.600739
37	tsk_37	(x)	1	:	0.000000	0.505628	0.000000	0.000000	0.000000	0.000000	0.000000	0.000000	0.494371
38	tsk_38	(x)	1	:	0.000000	0.476787	0.000000	0.000000	0.523213	0.000000	0.000000	0.000000	0.000000
39	tsk_39	(x)	1	:	0.000000	0.476787	0.000000	0.000000	0.523213	0.000000	0.000000	0.000000	0.000000
40	tsk_40	(x)	1	:	0.373157	0.000000	0.000000	0.000000	0.000000	0.626834	0.000008	0.000000	0.000001
41	tsk_41	(x)	1	:	0.373214	0.000000	0.000000	0.000000	0.000000	0.626779	0.000006	0.000000	0.000000
42	tsk_42	(x)	1	:	0.110163	0.000000	0.506429	0.000000	0.000000	0.383194	0.000000	0.000000	0.000214
43	tsk_43	(x)	1	:	0.621100	0.000000	0.000000	0.000000	0.000000	0.378891	0.000008	0.000000	0.000000
44	tsk_44	(x)	1	:	0.580246	0.000000	0.000000	0.000000	0.000000	0.000000	0.000000	0.000000	0.419754
45	tsk_45	(x)	1	:	0.000000	0.000000	0.000000	0.000000	0.000000	0.000000	0.000000	0.000000	1.000000
46	tsk_46	(x)	1	:	0.999944	0.000000	0.000000	0.000000	0.000000	0.000005	0.000051	0.000000	0.000000
47	tsk_47	(x)	1	:	0.580214	0.000000	0.000000	0.000000	0.000000	0.000000	0.000000	0.000000	0.419786
48	tsk_48	(x)	1	:	0.000000	0.000000	0.000000	0.000000	0.000000	0.110951	0.711048	0.178001	0.000000
49	tsk_49	(x)	1	:	0.999946	0.000000	0.000000	0.000000	0.000000	0.000004	0.000049	0.000000	0.000000
50	tsk_50	(x)	1	:	0.999997	0.000000	0.000000	0.000000	0.000000	0.000000	0.000003	0.000000	0.000000
51	tsk_51	(x)	1	:	0.999979	0.000000	0.000000	0.000000	0.000000	0.000001	0.000020	0.000000	0.000000
52	tsk_52	(x)	1	:	0.999983	0.000000	0.000000	0.000000	0.000000	0.000001	0.000016	0.000000	0.000000
53	tsk_53	(x)	1	:	0.000000	0.000000	0.000000	0.000000	0.000000	0.000000	1.000000	0.000000	0.000000
54	tsk_54	(x)	1	:	0.999998	0.000000	0.000000	0.000000	0.000000	0.000000	0.000002	0.000000	0.000000
55	tsk_55	(x)	1	:	0.000000	0.471688	0.000000	0.000000	0.000000	0.000000	0.528312	0.000000	0.000000
56	tsk_56	(x)	1	:	0.495225	0.000000	0.504694	0.000000	0.000000	0.000000	0.000000	0.000000	0.000081
57	tsk_57	(x)	1	:	0.999981	0.000000	0.000000	0.000000	0.000000	0.000001	0.000018	0.000000	0.000000
58	tsk_58	(x)	1	:	0.459191	0.540778	0.000000	0.000000	0.000000	0.000000	0.000031	0.000000	0.000000
59	tsk_59	(x)	1	:	0.000000	0.000000	0.000000	0.000000	0.000000	0.000000	1.000000	0.000000	0.000000
60	tsk_60	(x)	1	:	0.000000	0.000000	0.000000	0.000000	0.000000	0.336984	0.663016	0.000000	0.000000
61	tsk_61	(x)	1	:	0.000000	0.000000	0.000000	0.000000	0.000000	0.000000	0.513822	0.486178	0.000000
62	tsk_62	(x)	1	:	0.000000	0.000000	0.000000	0.000000	0.517440	0.000000	0.000000	0.482560	0.000000
63	tsk_63	(x)	1	:	0.000000	0.000000	0.000000	0.000000	0.000000	0.000000	0.000000	1.000000	0.000000
64	tsk_64	(x)	1	:	0.000000	0.000000	0.000000	0.000000	0.000000	0.000000	0.000000	1.000000	0.000000
65	tsk_65	(x)	1	:	0.000000	0.000000	0.000000	0.000000	0.572561	0.000000	0.000000	0.000000	0.427439
66	tsk_66	(x)	1	:	0.000000	0.000000	0.000000	0.000000	0.000000	0.000000	0.513822	0.486178	0.000000
67	tsk_67	(x)	1	:	0.000000	0.000000	0.000000	0.000000	0.517440	0.000000	0.000000	0.482560	0.000000
68	tsk_68	(x)	1	:	0.000000	0.000000	0.000000	0.000000	0.516225	0.000000	0.483775	0.000000	0.000000
69	tsk_69	(x)	1	:	0.000000	0.000000	0.000000	0.000000	0.000000	0.000000	0.000000	1.000000	0.000000
70	tsk_70	(x)	1	:	0.000000	0.453423	0.546577	0.000000	0.000000	0.000000	0.000000	0.000000	0.000000
71	tsk_71	(x)	1	:	0.439374	0.000000	0.000000	0.000000	0.000000	0.000000	0.000000	0.560626	0.000000
72	tsk_72	(x)	1	:	0.001192	0.000000	0.000000	0.000000	0.000000	0.489887	0.000000	0.508920	0.000001
73	tsk_73	(x)	1	:	0.000604	0.000000	0.519124	0.000000	0.000000	0.480271	0.000000	0.000000	0.000000
74	tsk_74	(x)	1	:	0.005550	0.492812	0.000000	0.000000	0.000000	0.501637	0.000000	0.000000	0.000000
75	tsk_75	(x)	1	:	0.495295	0.000000	0.000000	0.000000	0.000000	0.259093	0.000000	0.000000	0.245612
76	tsk_76	(x)	1	:	0.000001	0.000000	0.000000	0.000000	0.000000	0.999999	0.000000	0.000000	0.000000
77	tsk_77	(x)	1	:	0.000578	0.000000	0.519129	0.000000	0.000000	0.480293	0.000000	0.000000	0.000000
78	tsk_78	(x)	1	:	0.001434	0.000000	0.000000	0.000000	0.000000	0.489688	0.000000	0.508877	0.000001
79	tsk_79	(x)	1	:	0.000001	0.000000	0.000000	0.000000	0.000000	0.999999	0.000000	0.000000	0.000000
80	tsk_80	(x)	1	:	0.000114	0.000000	0.000000	0.000000	0.540859	0.459026	0.000001	0.000000	0.000000
81	tsk_81	(x)	1	:	0.490966	0.000000	0.000000	0.000000	0.508969	0.000000	0.000065	0.000000	0.000000
82	tsk_82	(x)	1	:	0.555363	0.000000	0.000027	0.444571	0.000000	0.000000	0.000003	0.000000	0.000036
83	tsk_83	(x)	1	:	0.063006	0.000000	0.000055	0.447723	0.000000	0.488681	0.000000	0.000000	0.000535
84	tsk_84	(x)	1	:	0.512390	0.487591	0.000000	0.000000	0.000000	0.000000	0.000019	0.000000	0.000000
85	tsk_85	(x)	1	:	0.527846	0.000000	0.000000	0.000000	0.000000	0.472147	0.000007	0.000000	0.000000
86	tsk_86	(x)	1	:	0.000000	1.000000	0.000000	0.000000	0.000000	0.000000	0.000000	0.000000	0.000000
87	tsk_87	(x)	1	:	0.000000	0.611953	0.000000	0.000000	0.000000	0.000000	0.000000	0.000000	0.388047
88	tsk_88	(x)	1	:	0.459180	0.540778	0.000000	0.000000	0.000000	0.000000	0.000042	0.000000	0.000000
89	tsk_89	(x)	1	:	0.000000	0.485623	0.000000	0.000000	0.514376	0.000000	0.000001	0.000000	0.000000
90	tsk_90	(x)	1	:	0.387723	0.000000	0.000000	0.557255	0.000000	0.000000	0.000000	0.000000	0.055022
91	tsk_91	(x)	1	:	0.000000	0.000000	0.379919	0.620081	0.000000	0.000000	0.000000	0.000000	0.000000
92	tsk_92	(x)	1	:	0.470609	0.000000	0.000000	0.529307	0.000000	0.000000	0.000083	0.000000	0.000000
93	tsk_93	(x)	1	:	1.000000	0.000000	0.000000	0.000000	0.000000	0.000000	0.000000	0.000000	0.000000
94	tsk_94	(x)	1	:	1.000000	0.000000	0.000000	0.000000	0.000000	0.000000	0.000000	0.000000	0.000000
95	tsk_95	(x)	1	:	0.716440	0.000000	0.000000	0.000000	0.000000	0.000000	0.000000	0.000000	0.283560
96	tsk_96	(x)	1	:	0.000000	0.000000	0.000000	1.000000	0.000000	0.000000	0.000000	0.000000	0.000000
97	tsk_97	(x)	1	:	0.470574	0.000000	0.000000	0.529303	0.000000	0.000000	0.000123	0.000000	0.000000
98	tsk_98	(x)	1	:	0.000000	0.000000	0.000000	1.000000	0.000000	0.000000	0.000000	0.000000	0.000000
99	tsk_99	(x)	1	:	0.177653	0.000000	0.000000	0.444082	0.000000	0.376693	0.000000	0.000000	0.001572
