logL = -927.035472 (converged)
AIC = 2368.070944
BIC = 3037.599681

count.K
22 40 38 

