logL = -1088.391394 (converged)
AIC = 2496.782788
BIC = 2913.610017

count.K
16 84 

