logL = -1521.505088 (converged)
AIC = 3963.010176
BIC = 5161.388462

count.K
12 40 22 26 

