logL = -423.126812 (converged)
AIC = 2534.253625
BIC = 4733.017262

count.K
7 8 4 4 39 34 3 1 

