logL = -658.117449 (converged)
AIC = 1866.234898
BIC = 2582.656699

count.K
32 56 12 

