0	tsk_0	(x)	1	:	0.000000	0.000001	0.000000	0.500679	0.000000	0.499320	0.000000	0.000000	0.000000	0.000000
1	tsk_1	(x)	1	:	0.000000	0.000001	0.000000	0.498073	0.000000	0.000000	0.000000	0.326533	0.000000	0.175394
2	tsk_2	(x)	1	:	0.000000	0.000000	0.000000	1.000000	0.000000	0.000000	0.000000	0.000000	0.000000	0.000000
3	tsk_3	(x)	1	:	0.000000	0.000000	0.000000	1.000000	0.000000	0.000000	0.000000	0.000000	0.000000	0.000000
4	tsk_4	(x)	1	:	0.000000	0.000000	0.000000	1.000000	0.000000	0.000000	0.000000	0.000000	0.000000	0.000000
5	tsk_5	(x)	1	:	0.000000	0.000000	0.000000	1.000000	0.000000	0.000000	0.000000	0.000000	0.000000	0.000000
6	tsk_6	(x)	1	:	0.000000	0.000000	0.548309	0.000000	0.000000	0.451691	0.000000	0.000000	0.000000	0.000000
7	tsk_7	(x)	1	:	0.000000	0.000001	0.000000	0.498101	0.000000	0.000000	0.000000	0.000000	0.000000	0.501898
8	tsk_8	(x)	1	:	0.000000	0.290495	0.000000	0.709501	0.000003	0.000000	0.000000	0.000000	0.000001	0.000000
9	tsk_9	(x)	1	:	0.000000	0.000001	0.000000	0.500679	0.000000	0.499320	0.000000	0.000000	0.000000	0.000000
10	tsk_10	(x)	1	:	0.000000	0.290449	0.000000	0.709498	0.000006	0.000000	0.000000	0.000000	0.000048	0.000000
11	tsk_11	(x)	1	:	0.000000	0.504879	0.000000	0.000000	0.000000	0.495121	0.000000	0.000000	0.000000	0.000000
12	tsk_12	(x)	1	:	0.000000	0.000000	0.000000	0.000000	0.000000	0.000000	0.000000	1.000000	0.000000	0.000000
13	tsk_13	(x)	1	:	0.000000	0.000005	0.000000	0.000000	0.000000	0.000000	0.000000	0.000000	0.499997	0.499998
14	tsk_14	(x)	1	:	0.000000	0.000000	0.000000	0.000000	0.000000	0.000000	0.000000	0.586516	0.000000	0.413484
15	tsk_15	(x)	1	:	0.000000	0.000000	0.000000	1.000000	0.000000	0.000000	0.000000	0.000000	0.000000	0.000000
16	tsk_16	(x)	1	:	0.000000	0.484199	0.000000	0.000000	0.000000	0.000000	0.000000	0.515753	0.000000	0.000048
17	tsk_17	(x)	1	:	0.000000	0.000000	0.000000	0.000000	0.000000	0.498812	0.000000	0.000000	0.000000	0.501188
18	tsk_18	(x)	1	:	0.000000	0.000001	0.000000	0.498100	0.000000	0.000000	0.000000	0.000000	0.000000	0.501898
19	tsk_19	(x)	1	:	0.000000	1.000000	0.000000	0.000000	0.000000	0.000000	0.000000	0.000000	0.000000	0.000000
20	tsk_20	(x)	1	:	0.000000	0.000000	0.000000	0.000000	0.000000	0.000000	0.000000	0.797256	0.000000	0.202743
21	tsk_21	(x)	1	:	0.000000	0.000000	0.000000	0.000000	0.000000	0.175872	0.322953	0.326614	0.000000	0.174561
22	tsk_22	(x)	1	:	0.400499	0.000000	0.000000	0.000000	0.000000	0.098344	0.000000	0.000000	0.000000	0.501157
23	tsk_23	(x)	1	:	0.000000	0.514819	0.000000	0.000000	0.000000	0.000000	0.000000	0.326517	0.000000	0.158663
24	tsk_24	(x)	1	:	0.000000	0.000000	0.455484	0.000000	0.000000	0.042638	0.000000	0.326680	0.000000	0.175198
25	tsk_25	(x)	1	:	0.000000	0.000000	0.000000	0.000000	0.000000	0.000000	0.000000	0.326612	0.000000	0.673388
26	tsk_26	(x)	1	:	0.000000	0.504865	0.000000	0.000000	0.000000	0.172166	0.322969	0.000000	0.000000	0.000000
27	tsk_27	(x)	1	:	0.000000	0.000000	0.455486	0.000000	0.000000	0.042635	0.000000	0.326670	0.000000	0.175209
28	tsk_28	(x)	1	:	0.000000	0.999947	0.000000	0.000053	0.000000	0.000000	0.000000	0.000000	0.000000	0.000000
29	tsk_29	(x)	1	:	0.000000	1.000000	0.000000	0.000000	0.000000	0.000000	0.000000	0.000000	0.000000	0.000000
30	tsk_30	(x)	1	:	0.000000	0.000000	0.000000	0.000000	0.000000	0.676767	0.323233	0.000000	0.000000	0.000000
31	tsk_31	(x)	1	:	1.000000	0.000000	0.000000	0.000000	0.000000	0.000000	0.000000	0.000000	0.000000	0.000000
32	tsk_32	(x)	1	:	0.529284	0.335517	0.000000	0.059713	0.000012	0.000014	0.000000	0.000000	0.075460	0.000000
33	tsk_33	(x)	1	:	0.635418	0.000000	0.000000	0.000000	0.000000	0.364582	0.000000	0.000000	0.000000	0.000000
34	tsk_34	(x)	1	:	0.511279	0.000001	0.000000	0.000000	0.000000	0.000001	0.000000	0.000000	0.488719	0.000000
35	tsk_35	(x)	1	:	1.000000	0.000000	0.000000	0.000000	0.000000	0.000000	0.000000	0.000000	0.000000	0.000000
36	tsk_36	(x)	1	:	1.000000	0.000000	0.000000	0.000000	0.000000	0.000000	0.000000	0.000000	0.000000	0.000000
37	tsk_37	(x)	1	:	0.521072	0.000000	0.000001	0.000000	0.000000	0.000002	0.478925	0.000000	0.000000	0.000000
38	tsk_38	(x)	1	:	0.635418	0.000000	0.000000	0.000000	0.000000	0.364582	0.000000	0.000000	0.000000	0.000000
39	tsk_39	(x)	1	:	0.521069	0.000000	0.000001	0.000000	0.000000	0.000007	0.478923	0.000000	0.000000	0.000000
40	tsk_40	(x)	1	:	0.000000	0.000000	0.000000	0.000000	0.000000	0.000000	1.000000	0.000000	0.000000	0.000000
41	tsk_41	(x)	1	:	0.000000	0.000000	0.000000	0.000000	0.000000	0.000009	0.499099	0.500878	0.000000	0.000013
42	tsk_42	(x)	1	:	0.000000	0.000002	0.000000	0.000000	0.000000	0.000007	0.507186	0.000000	0.492805	0.000000
43	tsk_43	(x)	1	:	0.000000	0.495925	0.000000	0.000000	0.000000	0.000015	0.504060	0.000000	0.000000	0.000000
44	tsk_44	(x)	1	:	0.000000	0.000000	0.000000	0.000000	0.000000	0.000000	1.000000	0.000000	0.000000	0.000000
45	tsk_45	(x)	1	:	0.000000	0.000000	0.000000	0.000000	0.000000	0.167765	0.322987	0.509239	0.000000	0.000009
46	tsk_46	(x)	1	:	0.000000	0.000000	0.000000	0.000000	0.000000	0.000007	0.499102	0.500878	0.000000	0.000013
47	tsk_47	(x)	1	:	0.000000	0.000000	0.000000	0.000000	0.000000	0.167772	0.322981	0.509233	0.000000	0.000014
48	tsk_48	(x)	1	:	0.000000	0.000001	0.000000	0.000000	0.000000	0.000008	0.507185	0.000000	0.492806	0.000000
49	tsk_49	(x)	1	:	0.000000	0.495925	0.000000	0.000000	0.000000	0.000012	0.504063	0.000000	0.000000	0.000000
50	tsk_50	(x)	1	:	0.000000	0.000000	0.000000	0.000000	0.530591	0.000000	0.000000	0.000000	0.000000	0.469409
51	tsk_51	(x)	1	:	0.999924	0.000000	0.000000	0.000000	0.000000	0.000076	0.000000	0.000000	0.000000	0.000000
52	tsk_52	(x)	1	:	0.400530	0.002269	0.000001	0.000065	0.485125	0.111877	0.000000	0.000000	0.000133	0.000000
53	tsk_53	(x)	1	:	0.999893	0.000000	0.000000	0.000000	0.000000	0.000107	0.000000	0.000000	0.000000	0.000000
54	tsk_54	(x)	1	:	0.400435	0.000000	0.000000	0.000000	0.000000	0.098412	0.000000	0.000000	0.000000	0.501153
55	tsk_55	(x)	1	:	0.400599	0.001919	0.000000	0.000065	0.485389	0.111825	0.000000	0.000000	0.000203	0.000000
56	tsk_56	(x)	1	:	0.000000	0.000000	0.000000	0.000000	1.000000	0.000000	0.000000	0.000000	0.000000	0.000000
57	tsk_57	(x)	1	:	0.999768	0.000000	0.000000	0.000000	0.000000	0.000232	0.000000	0.000000	0.000000	0.000000
58	tsk_58	(x)	1	:	0.400476	0.000000	0.000000	0.000000	0.000000	0.098368	0.000000	0.000000	0.000000	0.501156
59	tsk_59	(x)	1	:	0.000000	0.000000	0.000000	0.000000	0.530591	0.000000	0.000000	0.000000	0.000000	0.469409
60	tsk_60	(x)	1	:	0.000000	0.000000	0.000000	0.000000	0.000000	1.000000	0.000000	0.000000	0.000000	0.000000
61	tsk_61	(x)	1	:	0.000000	0.000000	0.000000	0.483955	0.000000	0.516044	0.000000	0.000000	0.000000	0.000000
62	tsk_62	(x)	1	:	0.000000	0.650148	0.000000	0.000000	0.349852	0.000000	0.000000	0.000000	0.000000	0.000000
63	tsk_63	(x)	1	:	0.000000	0.001926	0.000000	0.000095	0.485412	0.512399	0.000000	0.000000	0.000169	0.000000
64	tsk_64	(x)	1	:	0.000000	0.000002	0.000000	0.478997	0.521001	0.000000	0.000000	0.000000	0.000000	0.000000
65	tsk_65	(x)	1	:	0.000000	0.002655	0.000000	0.000045	0.484859	0.512354	0.000000	0.000000	0.000086	0.000000
66	tsk_66	(x)	1	:	0.000000	0.000106	0.000000	0.590680	0.409215	0.000000	0.000000	0.000000	0.000000	0.000000
67	tsk_67	(x)	1	:	0.000000	0.000163	0.000000	0.000020	0.999817	0.000000	0.000000	0.000000	0.000000	0.000000
68	tsk_68	(x)	1	:	0.000000	0.650148	0.000000	0.000000	0.349852	0.000000	0.000000	0.000000	0.000000	0.000000
69	tsk_69	(x)	1	:	0.000000	0.000002	0.000000	0.500679	0.000000	0.499320	0.000000	0.000000	0.000000	0.000000
70	tsk_70	(x)	1	:	0.000000	0.502694	0.000000	0.497305	0.000000	0.000000	0.000000	0.000000	0.000000	0.000001
71	tsk_71	(x)	1	:	0.000000	0.000000	0.000000	1.000000	0.000000	0.000000	0.000000	0.000000	0.000000	0.000000
72	tsk_72	(x)	1	:	0.000000	0.000000	0.000000	1.000000	0.000000	0.000000	0.000000	0.000000	0.000000	0.000000
73	tsk_73	(x)	1	:	0.000000	0.000000	0.000000	1.000000	0.000000	0.000000	0.000000	0.000000	0.000000	0.000000
74	tsk_74	(x)	1	:	0.000000	0.626230	0.000000	0.373770	0.000000	0.000000	0.000000	0.000000	0.000000	0.000000
75	tsk_75	(x)	1	:	0.000000	0.502694	0.000000	0.497305	0.000000	0.000000	0.000000	0.000000	0.000000	0.000001
76	tsk_76	(x)	1	:	0.000000	0.502694	0.000000	0.497305	0.000000	0.000000	0.000000	0.000000	0.000000	0.000001
77	tsk_77	(x)	1	:	0.000000	0.999857	0.000000	0.000142	0.000000	0.000000	0.000000	0.000000	0.000000	0.000002
78	tsk_78	(x)	1	:	0.000000	0.437380	0.000000	0.000000	0.562619	0.000000	0.000000	0.000000	0.000000	0.000001
79	tsk_79	(x)	1	:	0.400512	0.000002	0.000000	0.500649	0.000000	0.098837	0.000000	0.000000	0.000000	0.000000
80	tsk_80	(x)	1	:	0.000000	0.000002	0.000000	0.000000	0.000000	0.498812	0.000000	0.000000	0.501186	0.000000
81	tsk_81	(x)	1	:	0.000000	0.000000	0.000000	0.000000	0.510112	0.489888	0.000000	0.000000	0.000000	0.000000
82	tsk_82	(x)	1	:	0.000000	0.000000	0.000000	0.442402	0.557598	0.000000	0.000000	0.000000	0.000000	0.000000
83	tsk_83	(x)	1	:	0.999927	0.000000	0.000000	0.000000	0.000000	0.000073	0.000000	0.000000	0.000000	0.000000
84	tsk_84	(x)	1	:	0.400996	0.000000	0.000000	0.000000	0.000000	0.599004	0.000000	0.000000	0.000000	0.000000
85	tsk_85	(x)	1	:	0.000000	0.000000	0.000000	0.000000	1.000000	0.000000	0.000000	0.000000	0.000000	0.000000
86	tsk_86	(x)	1	:	0.000000	0.000000	0.000000	0.000000	0.000000	0.498812	0.000000	0.000000	0.000000	0.501188
87	tsk_87	(x)	1	:	0.000000	0.000000	0.000000	0.000000	0.510112	0.489888	0.000000	0.000000	0.000000	0.000000
88	tsk_88	(x)	1	:	0.000000	0.000000	0.000000	0.000000	0.000000	0.498812	0.000000	0.000000	0.000000	0.501188
89	tsk_89	(x)	1	:	0.000000	0.000000	0.000000	0.000000	0.530592	0.000000	0.000000	0.000000	0.000000	0.469408
90	tsk_90	(x)	1	:	0.000000	0.000000	0.000000	0.000000	0.000000	0.676767	0.323233	0.000000	0.000000	0.000000
91	tsk_91	(x)	1	:	0.400779	0.000000	0.000000	0.000000	0.000000	0.276231	0.322989	0.000000	0.000000	0.000000
92	tsk_92	(x)	1	:	0.000000	0.000000	0.590790	0.000000	0.000000	0.409210	0.000000	0.000000	0.000000	0.000000
93	tsk_93	(x)	1	:	0.000000	0.000001	0.512905	0.000000	0.000000	0.000000	0.000000	0.000000	0.487094	0.000000
94	tsk_94	(x)	1	:	0.000000	0.000000	0.000000	0.000000	0.000000	0.251421	0.748579	0.000000	0.000000	0.000000
95	tsk_95	(x)	1	:	0.000000	0.000000	0.596993	0.000000	0.000000	0.068391	0.334616	0.000000	0.000000	0.000000
96	tsk_96	(x)	1	:	0.000000	0.000002	0.000000	0.000000	0.000000	0.498812	0.000000	0.000000	0.501186	0.000000
97	tsk_97	(x)	1	:	0.000000	0.000000	0.000000	0.000000	0.000000	1.000000	0.000000	0.000000	0.000000	0.000000
98	tsk_98	(x)	1	:	0.000000	0.000000	0.598180	0.000000	0.000000	0.065100	0.336719	0.000000	0.000000	0.000000
99	tsk_99	(x)	1	:	0.000000	0.000003	0.000000	0.000000	0.000000	0.175747	0.323072	0.000000	0.501179	0.000000
