logL = -720.013788 (converged)
AIC = 3634.027577
BIC = 6491.899271

count.K
7 12 20 12 25 2 5 4 13 

