logL = -1510.097626 (converged)
AIC = 3916.195253
BIC = 5083.311496

count.K
7 31 20 42 

