0	tsk_0	(x)	1	:	0.000000	0.000000	0.000000	0.000000	0.484725	0.000000	0.000000	0.000000	0.000000	0.515275
1	tsk_1	(x)	1	:	0.000000	0.165342	0.000000	0.000000	0.011372	0.000000	0.000000	0.332738	0.000000	0.490548
2	tsk_2	(x)	1	:	0.000000	0.000000	0.000000	0.000000	0.000000	0.000000	0.000000	0.000000	0.000000	1.000000
3	tsk_3	(x)	1	:	0.000000	0.000000	0.000000	0.000000	0.000000	0.000000	0.000000	0.000000	0.000000	1.000000
4	tsk_4	(x)	1	:	0.000000	0.000000	0.000000	0.000000	1.000000	0.000000	0.000000	0.000000	0.000000	0.000000
5	tsk_5	(x)	1	:	0.000000	0.000000	0.000000	0.000000	0.484725	0.000000	0.000000	0.000000	0.000000	0.515275
6	tsk_6	(x)	1	:	0.000000	0.000000	0.000000	0.000000	0.000000	0.000000	0.000000	0.000000	0.000000	1.000000
7	tsk_7	(x)	1	:	0.000000	0.000000	0.000000	0.000000	1.000000	0.000000	0.000000	0.000000	0.000000	0.000000
8	tsk_8	(x)	1	:	0.000000	0.000000	0.000000	0.000000	0.000000	0.000000	0.000000	0.000000	0.000000	1.000000
9	tsk_9	(x)	1	:	0.000000	0.000000	0.000000	0.000000	0.000000	0.000000	0.000000	0.000000	0.000000	1.000000
10	tsk_10	(x)	1	:	0.000000	0.000000	0.171908	0.328092	0.000000	0.000000	0.000000	0.500000	0.000000	0.000000
11	tsk_11	(x)	1	:	0.000000	0.000000	0.000000	0.000000	0.000000	0.000000	0.491181	0.508819	0.000000	0.000000
12	tsk_12	(x)	1	:	0.000000	0.000000	0.000000	0.000000	0.000000	0.000000	0.491187	0.508813	0.000000	0.000000
13	tsk_13	(x)	1	:	0.000000	0.000000	0.000000	0.000000	0.000000	0.000000	0.491187	0.508813	0.000000	0.000000
14	tsk_14	(x)	1	:	0.473230	0.000000	0.354485	0.172284	0.000000	0.000000	0.000000	0.000000	0.000000	0.000000
15	tsk_15	(x)	1	:	0.000000	0.000000	0.531675	0.468324	0.000000	0.000000	0.000000	0.000000	0.000000	0.000000
16	tsk_16	(x)	1	:	0.000000	0.000000	0.284269	0.222595	0.000000	0.000000	0.493136	0.000000	0.000000	0.000000
17	tsk_17	(x)	1	:	0.000000	0.000000	0.000000	0.000000	0.000000	0.000000	0.000000	1.000000	0.000000	0.000000
18	tsk_18	(x)	1	:	0.473230	0.000000	0.447054	0.079716	0.000000	0.000000	0.000000	0.000000	0.000000	0.000000
19	tsk_19	(x)	1	:	0.476417	0.000000	0.007417	0.022689	0.000000	0.000000	0.493477	0.000000	0.000000	0.000000
20	tsk_20	(x)	1	:	0.000000	0.000000	0.280711	0.226154	0.000000	0.000000	0.493136	0.000000	0.000000	0.000000
21	tsk_21	(x)	1	:	0.000000	0.000000	0.150864	0.349136	0.000000	0.000000	0.000000	0.500000	0.000000	0.000000
22	tsk_22	(x)	1	:	0.000000	0.000000	0.000000	0.000000	0.000000	0.000000	0.491184	0.508816	0.000000	0.000000
23	tsk_23	(x)	1	:	0.000000	0.000000	0.276124	0.223261	0.000000	0.000000	0.000000	0.013796	0.486819	0.000000
24	tsk_24	(x)	1	:	0.000000	0.000000	0.532452	0.467548	0.000000	0.000000	0.000000	0.000000	0.000000	0.000000
25	tsk_25	(x)	1	:	0.000000	0.000000	0.388857	0.611143	0.000000	0.000000	0.000000	0.000000	0.000000	0.000000
26	tsk_26	(x)	1	:	0.000000	0.541872	0.251729	0.206399	0.000000	0.000000	0.000000	0.000000	0.000000	0.000000
27	tsk_27	(x)	1	:	0.000000	0.000000	0.140181	0.359819	0.000000	0.000000	0.000000	0.500000	0.000000	0.000000
28	tsk_28	(x)	1	:	0.000000	0.000000	0.265908	0.233602	0.000000	0.000000	0.000000	0.012832	0.487658	0.000000
29	tsk_29	(x)	1	:	0.000000	0.000000	0.145941	0.354059	0.000000	0.000000	0.000000	0.500000	0.000000	0.000000
30	tsk_30	(x)	1	:	0.000000	0.000000	0.392245	0.607755	0.000000	0.000000	0.000000	0.000000	0.000000	0.000000
31	tsk_31	(x)	1	:	0.473230	0.000000	0.270244	0.256526	0.000000	0.000000	0.000000	0.000000	0.000000	0.000000
32	tsk_32	(x)	1	:	1.000000	0.000000	0.000000	0.000000	0.000000	0.000000	0.000000	0.000000	0.000000	0.000000
33	tsk_33	(x)	1	:	0.000000	0.512403	0.311441	0.176154	0.000000	0.000000	0.000000	0.000002	0.000000	0.000000
34	tsk_34	(x)	1	:	0.000000	0.000000	0.854553	0.145447	0.000000	0.000000	0.000000	0.000000	0.000000	0.000000
35	tsk_35	(x)	1	:	0.000000	0.000000	0.627434	0.372566	0.000000	0.000000	0.000000	0.000000	0.000000	0.000000
36	tsk_36	(x)	1	:	0.000000	0.545664	0.000000	0.000000	0.000000	0.000000	0.000000	0.454336	0.000000	0.000000
37	tsk_37	(x)	1	:	0.000000	0.000000	0.597145	0.402855	0.000000	0.000000	0.000000	0.000000	0.000000	0.000000
38	tsk_38	(x)	1	:	0.000000	0.512403	0.245030	0.242565	0.000000	0.000000	0.000000	0.000002	0.000000	0.000000
39	tsk_39	(x)	1	:	0.000000	0.000000	0.137096	0.369768	0.000000	0.000000	0.493136	0.000000	0.000000	0.000000
40	tsk_40	(x)	1	:	0.000000	0.165360	0.000000	0.000000	0.013313	0.000000	0.000000	0.331731	0.000000	0.489596
41	tsk_41	(x)	1	:	0.000000	0.000000	0.254997	0.245002	0.000000	0.000000	0.000000	0.500000	0.000000	0.000000
42	tsk_42	(x)	1	:	0.000000	0.000000	0.000000	0.000000	0.000000	0.000000	0.492318	0.007814	0.499867	0.000000
43	tsk_43	(x)	1	:	0.000000	0.000000	0.000000	0.000000	0.478236	0.000000	0.000000	0.029493	0.492271	0.000000
44	tsk_44	(x)	1	:	0.000000	0.000000	0.000000	0.000000	0.000000	0.000000	0.000000	0.508915	0.491085	0.000000
45	tsk_45	(x)	1	:	0.000000	0.000000	0.000000	0.000000	0.007880	0.000000	0.492894	0.001086	0.000000	0.498141
46	tsk_46	(x)	1	:	0.000000	0.000000	0.000000	0.000000	0.000000	0.000000	0.000000	1.000000	0.000000	0.000000
47	tsk_47	(x)	1	:	0.000000	0.000000	0.301558	0.197732	0.000000	0.000000	0.000000	0.014531	0.486179	0.000000
48	tsk_48	(x)	1	:	0.000000	0.000000	0.000000	0.000000	0.005160	0.000000	0.000000	0.009234	0.491719	0.493887
49	tsk_49	(x)	1	:	0.000000	0.000000	0.000000	0.000000	0.009634	0.000000	0.000000	0.499026	0.000000	0.491340
50	tsk_50	(x)	1	:	0.000000	0.000000	0.000000	0.000000	0.477078	0.000000	0.000000	0.522922	0.000000	0.000000
51	tsk_51	(x)	1	:	0.475659	0.000000	0.015715	0.008271	0.477303	0.000000	0.000000	0.023052	0.000000	0.000000
52	tsk_52	(x)	1	:	0.475978	0.000000	0.016094	0.007479	0.000000	0.000000	0.000000	0.500449	0.000000	0.000000
53	tsk_53	(x)	1	:	0.000000	0.000000	0.000000	0.000000	0.000000	0.000000	0.000000	1.000000	0.000000	0.000000
54	tsk_54	(x)	1	:	0.000000	0.000000	0.000000	0.000000	0.000000	0.000000	0.000000	1.000000	0.000000	0.000000
55	tsk_55	(x)	1	:	0.000000	0.000000	0.226644	0.273356	0.000000	0.000000	0.000000	0.500000	0.000000	0.000000
56	tsk_56	(x)	1	:	0.477745	0.000000	0.017404	0.004113	0.000000	0.000000	0.000000	0.500738	0.000000	0.000000
57	tsk_57	(x)	1	:	0.000000	0.000000	0.000000	0.000000	1.000000	0.000000	0.000000	0.000000	0.000000	0.000000
58	tsk_58	(x)	1	:	0.000000	0.000000	0.000000	0.000000	0.000000	0.000000	0.000000	1.000000	0.000000	0.000000
59	tsk_59	(x)	1	:	0.000000	0.000000	0.000000	0.000000	0.000000	0.000000	0.491189	0.508811	0.000000	0.000000
60	tsk_60	(x)	1	:	0.000000	0.000000	0.000000	0.000000	0.000000	0.465552	0.534443	0.000005	0.000000	0.000000
61	tsk_61	(x)	1	:	0.000000	0.000000	0.000000	0.000000	0.010553	0.000000	0.000000	0.498567	0.000000	0.490881
62	tsk_62	(x)	1	:	0.000000	0.412539	0.000000	0.000000	0.000000	0.000000	0.000000	0.587461	0.000000	0.000000
63	tsk_63	(x)	1	:	0.000000	0.000000	0.000000	0.000000	0.000000	0.000000	0.529289	0.470711	0.000000	0.000000
64	tsk_64	(x)	1	:	0.000000	0.000000	0.000000	0.000000	0.001288	0.000000	0.523799	0.000006	0.000000	0.474907
65	tsk_65	(x)	1	:	0.000000	0.000000	0.390515	0.078656	0.000000	0.530568	0.000000	0.000261	0.000000	0.000000
66	tsk_66	(x)	1	:	0.000000	0.000000	0.000000	0.000000	0.000000	0.000000	0.529295	0.470705	0.000000	0.000000
67	tsk_67	(x)	1	:	0.000000	0.000000	0.000000	0.000000	0.524093	0.475493	0.000000	0.000414	0.000000	0.000000
68	tsk_68	(x)	1	:	0.000000	0.000000	0.000000	0.000000	0.477078	0.000000	0.000000	0.522922	0.000000	0.000000
69	tsk_69	(x)	1	:	0.000000	0.000000	0.000000	0.000000	0.002378	0.437377	0.000000	0.000417	0.000000	0.559829
70	tsk_70	(x)	1	:	0.000000	0.000000	0.000000	0.000000	0.000000	0.000000	0.000000	0.000000	0.000000	1.000000
71	tsk_71	(x)	1	:	0.000000	0.187271	0.000000	0.000000	0.000000	0.000000	0.000000	0.812729	0.000000	0.000000
72	tsk_72	(x)	1	:	0.000000	0.000000	0.000000	0.000000	0.000000	0.000000	0.000000	1.000000	0.000000	0.000000
73	tsk_73	(x)	1	:	0.000000	0.000000	0.000000	0.000000	0.006527	0.000000	0.000000	0.157537	0.342644	0.493291
74	tsk_74	(x)	1	:	0.000000	0.187271	0.000000	0.000000	0.000000	0.000000	0.000000	0.812729	0.000000	0.000000
75	tsk_75	(x)	1	:	0.000000	0.000000	0.000000	0.000000	0.010110	0.000000	0.000000	0.498788	0.000000	0.491102
76	tsk_76	(x)	1	:	0.000000	0.000000	0.000000	0.000000	0.006046	0.000000	0.000000	0.500820	0.000000	0.493134
77	tsk_77	(x)	1	:	0.000000	0.187271	0.000000	0.000000	0.000000	0.000000	0.000000	0.812729	0.000000	0.000000
78	tsk_78	(x)	1	:	0.531297	0.000000	0.000000	0.000290	0.000000	0.000000	0.000000	0.468413	0.000000	0.000000
79	tsk_79	(x)	1	:	0.000000	0.000000	0.000000	0.000000	0.000000	0.000000	0.000000	0.000000	0.000000	1.000000
80	tsk_80	(x)	1	:	0.000000	0.000000	0.000000	0.000000	0.000000	0.000000	0.000000	1.000000	0.000000	0.000000
81	tsk_81	(x)	1	:	0.000000	0.000000	0.501914	0.498086	0.000000	0.000000	0.000000	0.000000	0.000000	0.000000
82	tsk_82	(x)	1	:	0.000000	0.545664	0.000000	0.000000	0.000000	0.000000	0.000000	0.454336	0.000000	0.000000
83	tsk_83	(x)	1	:	0.000000	0.000000	0.256093	0.243907	0.000000	0.000000	0.000000	0.500000	0.000000	0.000000
84	tsk_84	(x)	1	:	0.000000	0.000000	0.000000	0.000000	0.000000	0.000000	0.000000	1.000000	0.000000	0.000000
85	tsk_85	(x)	1	:	0.000000	0.000000	0.000000	0.000000	0.000000	0.000000	0.000000	0.401482	0.000000	0.598518
86	tsk_86	(x)	1	:	0.000000	0.000000	0.070730	0.429269	0.000000	0.000000	0.000000	0.500000	0.000000	0.000000
87	tsk_87	(x)	1	:	0.000000	0.000000	0.000000	0.000000	0.000000	0.000000	0.000000	1.000000	0.000000	0.000000
88	tsk_88	(x)	1	:	0.000000	0.517706	0.000000	0.000000	0.000000	0.000000	0.482293	0.000001	0.000000	0.000000
89	tsk_89	(x)	1	:	0.000000	0.000000	0.306421	0.193579	0.000000	0.000000	0.000000	0.500000	0.000000	0.000000
90	tsk_90	(x)	1	:	0.000000	0.000000	0.176249	0.323489	0.003744	0.000000	0.000000	0.003079	0.000000	0.493438
91	tsk_91	(x)	1	:	0.000000	0.000000	0.000000	0.000000	0.664262	0.000000	0.000000	0.000000	0.000000	0.335738
92	tsk_92	(x)	1	:	0.000000	0.000000	0.000000	0.000000	1.000000	0.000000	0.000000	0.000000	0.000000	0.000000
93	tsk_93	(x)	1	:	0.000000	0.165259	0.000000	0.000000	0.000000	0.000000	0.491180	0.343561	0.000000	0.000000
94	tsk_94	(x)	1	:	0.000000	0.165278	0.000000	0.000000	0.659725	0.000000	0.000000	0.174997	0.000000	0.000000
95	tsk_95	(x)	1	:	0.000000	0.000000	0.000000	0.000000	0.007787	0.000000	0.492721	0.001908	0.000000	0.497584
96	tsk_96	(x)	1	:	0.000000	0.000000	0.000000	0.000000	0.484725	0.000000	0.000000	0.000000	0.000000	0.515275
97	tsk_97	(x)	1	:	0.000000	0.000000	0.000000	0.000000	0.484725	0.000000	0.000000	0.000000	0.000000	0.515275
98	tsk_98	(x)	1	:	0.000000	0.000000	0.000000	0.000000	0.477078	0.000000	0.000000	0.522922	0.000000	0.000000
99	tsk_99	(x)	1	:	0.000000	0.000000	0.000000	0.000000	1.000000	0.000000	0.000000	0.000000	0.000000	0.000000
