logL = -603.041523 (converged)
AIC = 1744.083046
BIC = 2444.873826

count.K
30 24 46 

