logL = -534.337475 (converged)
AIC = 1570.674951
BIC = 2224.572667

count.K
31 42 27 

