logL = -568.481378 (converged)
AIC = 1936.962755
BIC = 2979.030830

count.K
13 17 50 20 

