logL = -481.778672 (converged)
AIC = 1715.557344
BIC = 2695.101334

count.K
26 30 26 18 

