logL = -322.709002 (converged)
AIC = 2805.418004
BIC = 5619.001805

count.K
0 4 1 28 16 25 1 18 2 5 

