0	tsk_0	(x)	1	:	0.000000	0.000000	0.000000	0.195147	0.000000	0.000000	0.000000	0.000000	0.000000	0.804853
1	tsk_1	(x)	1	:	0.000000	0.000000	0.000000	0.000000	0.000000	0.000000	0.581975	0.000000	0.000000	0.418024
2	tsk_2	(x)	1	:	0.000000	0.000000	0.000000	0.000000	0.000000	0.000000	0.364858	0.000000	0.000000	0.635142
3	tsk_3	(x)	1	:	0.000000	0.000000	0.000000	0.222623	0.000000	0.317463	0.000000	0.140841	0.000000	0.319073
4	tsk_4	(x)	1	:	0.000000	0.000000	0.000000	0.000000	0.000000	0.000000	0.364825	0.000000	0.000000	0.635174
5	tsk_5	(x)	1	:	0.000000	0.000000	0.000000	0.000000	0.000000	0.000000	0.581981	0.000000	0.000000	0.418019
6	tsk_6	(x)	1	:	0.000000	0.000000	0.000000	0.000000	0.000000	0.000000	0.364853	0.000000	0.000000	0.635147
7	tsk_7	(x)	1	:	0.000000	0.000000	0.000000	0.000000	0.000000	0.000000	0.364836	0.000000	0.000000	0.635164
8	tsk_8	(x)	1	:	0.000000	0.000000	0.000000	0.000000	0.000000	0.000000	0.364939	0.000000	0.000000	0.635061
9	tsk_9	(x)	1	:	0.000000	0.000000	0.000000	0.272012	0.000000	0.000000	0.309936	0.000000	0.000000	0.418052
10	tsk_10	(x)	1	:	0.000000	0.000000	0.000000	0.000000	0.000000	0.000000	1.000000	0.000000	0.000000	0.000000
11	tsk_11	(x)	1	:	0.000000	0.000000	0.442290	0.000000	0.000000	0.003352	0.500351	0.054006	0.000000	0.000000
12	tsk_12	(x)	1	:	0.000000	0.000000	0.000000	0.000000	0.000000	0.000000	1.000000	0.000000	0.000000	0.000000
13	tsk_13	(x)	1	:	0.000000	0.000000	1.000000	0.000000	0.000000	0.000000	0.000000	0.000000	0.000000	0.000000
14	tsk_14	(x)	1	:	0.000000	0.000000	0.000000	0.000000	1.000000	0.000000	0.000000	0.000000	0.000000	0.000000
15	tsk_15	(x)	1	:	0.000000	0.000000	0.442292	0.000000	0.000000	0.018604	0.500057	0.039047	0.000000	0.000000
16	tsk_16	(x)	1	:	0.000000	0.000000	0.000000	0.000000	0.000000	0.000000	1.000000	0.000000	0.000000	0.000000
17	tsk_17	(x)	1	:	0.000000	0.000000	0.000000	0.000000	0.000000	0.000000	1.000000	0.000000	0.000000	0.000000
18	tsk_18	(x)	1	:	0.000000	0.000000	0.000000	0.000000	0.000000	0.000000	1.000000	0.000000	0.000000	0.000000
19	tsk_19	(x)	1	:	0.000000	0.000000	0.000000	0.000000	0.000000	0.000000	1.000000	0.000000	0.000000	0.000000
20	tsk_20	(x)	1	:	0.000000	0.500021	0.000000	0.000000	0.000000	0.000000	0.499979	0.000000	0.000000	0.000000
21	tsk_21	(x)	1	:	0.000000	0.000000	0.000000	0.000000	0.000000	0.292588	0.500000	0.207412	0.000000	0.000000
22	tsk_22	(x)	1	:	0.000000	0.000000	0.000000	0.000000	0.000000	0.177607	0.500001	0.322393	0.000000	0.000000
23	tsk_23	(x)	1	:	0.000000	0.496260	0.000000	0.000000	0.000000	0.264343	0.004713	0.234683	0.000000	0.000000
24	tsk_24	(x)	1	:	0.000000	0.000000	0.544483	0.000000	0.000000	0.073084	0.000000	0.382433	0.000000	0.000000
25	tsk_25	(x)	1	:	0.000000	0.000000	0.000000	0.000000	0.000000	0.887807	0.000000	0.112193	0.000000	0.000000
26	tsk_26	(x)	1	:	0.000000	0.000000	0.000000	0.000000	0.000000	0.358282	0.500001	0.141718	0.000000	0.000000
27	tsk_27	(x)	1	:	0.000000	0.000000	0.000000	0.000000	0.000000	0.446534	0.000000	0.553465	0.000000	0.000000
28	tsk_28	(x)	1	:	0.000000	0.000000	0.544485	0.000000	0.000000	0.164402	0.000000	0.291113	0.000000	0.000000
29	tsk_29	(x)	1	:	0.000000	0.000000	0.000000	0.000000	0.000000	0.000000	1.000000	0.000000	0.000000	0.000000
30	tsk_30	(x)	1	:	0.000000	0.000000	0.544495	0.000000	0.000000	0.142853	0.000000	0.312652	0.000000	0.000000
31	tsk_31	(x)	1	:	0.000000	0.000000	0.000000	0.000000	0.000000	0.240705	0.500000	0.259295	0.000000	0.000000
32	tsk_32	(x)	1	:	0.000000	0.000000	0.000000	0.000000	0.000000	0.306906	0.500000	0.193094	0.000000	0.000000
33	tsk_33	(x)	1	:	0.000000	0.000000	0.442169	0.000000	0.000000	0.294864	0.000000	0.262967	0.000000	0.000000
34	tsk_34	(x)	1	:	0.000000	0.000000	1.000000	0.000000	0.000000	0.000000	0.000000	0.000000	0.000000	0.000000
35	tsk_35	(x)	1	:	0.000000	0.000000	0.000000	0.000000	0.000000	0.473557	0.000000	0.526443	0.000000	0.000000
36	tsk_36	(x)	1	:	0.000000	0.000000	0.000000	0.253554	0.000000	0.000000	0.328384	0.000000	0.000000	0.418062
37	tsk_37	(x)	1	:	0.000000	0.000000	0.000000	0.000000	0.000000	0.000000	0.581974	0.000000	0.000000	0.418026
38	tsk_38	(x)	1	:	0.000000	0.000000	0.442166	0.000000	0.000000	0.208247	0.000000	0.349587	0.000000	0.000000
39	tsk_39	(x)	1	:	0.000000	0.000000	0.000000	0.000000	0.000000	0.249468	0.081986	0.250521	0.000000	0.418025
40	tsk_40	(x)	1	:	0.000000	0.000000	0.000000	0.332494	0.000000	0.239788	0.167514	0.260204	0.000000	0.000000
41	tsk_41	(x)	1	:	0.000000	0.000000	0.000000	0.332226	0.000000	0.000000	0.667773	0.000000	0.000000	0.000000
42	tsk_42	(x)	1	:	0.000000	0.000000	0.000000	0.000000	0.000000	0.213239	0.500001	0.286760	0.000000	0.000000
43	tsk_43	(x)	1	:	0.000000	0.000000	0.000000	0.000000	0.000000	0.000000	1.000000	0.000000	0.000000	0.000000
44	tsk_44	(x)	1	:	0.000000	0.000000	0.000000	0.000000	0.000000	0.237076	0.500002	0.262922	0.000000	0.000000
45	tsk_45	(x)	1	:	0.000000	0.000000	0.000000	0.000000	0.002283	0.337334	0.497592	0.162792	0.000000	0.000000
46	tsk_46	(x)	1	:	0.000000	0.000000	0.000000	0.000000	0.000000	0.177089	0.500000	0.322911	0.000000	0.000000
47	tsk_47	(x)	1	:	0.000000	0.000000	0.000000	0.000000	0.000000	0.304027	0.000000	0.695973	0.000000	0.000000
48	tsk_48	(x)	1	:	0.000000	0.000000	0.000000	0.000000	0.000000	0.000000	0.581977	0.000000	0.000000	0.418023
49	tsk_49	(x)	1	:	0.000000	0.000000	0.000000	0.947854	0.000000	0.000000	0.052146	0.000000	0.000000	0.000000
50	tsk_50	(x)	1	:	0.000000	0.000000	0.000000	0.000000	0.000000	0.322404	0.500001	0.177596	0.000000	0.000000
51	tsk_51	(x)	1	:	0.000000	0.000000	0.000000	0.000000	0.000000	0.201512	0.500000	0.298488	0.000000	0.000000
52	tsk_52	(x)	1	:	0.000000	0.000000	0.000000	0.000000	0.000000	0.330450	0.500000	0.169550	0.000000	0.000000
53	tsk_53	(x)	1	:	0.500221	0.000000	0.000000	0.000000	0.000000	0.398607	0.000000	0.101171	0.000000	0.000000
54	tsk_54	(x)	1	:	0.000000	0.000000	0.000000	0.000000	0.000000	0.000000	1.000000	0.000000	0.000000	0.000000
55	tsk_55	(x)	1	:	0.000000	0.000000	0.000000	0.000000	0.000000	0.174375	0.500001	0.325624	0.000000	0.000000
56	tsk_56	(x)	1	:	0.000000	0.000000	0.000000	0.000000	0.000000	0.000000	1.000000	0.000000	0.000000	0.000000
57	tsk_57	(x)	1	:	0.000000	0.000000	0.000000	0.000000	0.000000	0.000000	1.000000	0.000000	0.000000	0.000000
58	tsk_58	(x)	1	:	0.000000	0.000000	0.000000	0.000000	0.000000	0.218760	0.082012	0.281228	0.000000	0.418000
59	tsk_59	(x)	1	:	0.000000	0.000000	0.000000	0.000000	0.000000	0.000000	1.000000	0.000000	0.000000	0.000000
60	tsk_60	(x)	1	:	0.000000	0.000000	0.000000	0.000000	0.000000	0.267757	0.500000	0.232243	0.000000	0.000000
61	tsk_61	(x)	1	:	0.000000	0.000000	0.000000	0.000000	0.000000	0.353499	0.500000	0.146501	0.000000	0.000000
62	tsk_62	(x)	1	:	0.000000	0.000000	0.000000	0.000000	0.000000	0.000000	1.000000	0.000000	0.000000	0.000000
63	tsk_63	(x)	1	:	0.000000	0.000000	0.000000	0.000000	0.000000	0.000000	1.000000	0.000000	0.000000	0.000000
64	tsk_64	(x)	1	:	0.000000	0.000000	0.000000	0.000000	0.689338	0.000000	0.000000	0.000000	0.000000	0.310662
65	tsk_65	(x)	1	:	0.000000	0.000000	0.000000	0.000000	0.000000	0.181925	0.500000	0.318075	0.000000	0.000000
66	tsk_66	(x)	1	:	0.000000	0.000000	0.000000	0.000000	0.000000	0.178368	0.500000	0.321632	0.000000	0.000000
67	tsk_67	(x)	1	:	0.000000	0.000000	0.000000	0.000000	0.000000	0.127427	0.500001	0.372572	0.000000	0.000000
68	tsk_68	(x)	1	:	0.000000	0.000000	0.000000	0.000000	0.000000	0.000000	1.000000	0.000000	0.000000	0.000000
69	tsk_69	(x)	1	:	0.000000	0.000000	0.000000	0.000000	0.000000	0.046199	0.500000	0.453801	0.000000	0.000000
70	tsk_70	(x)	1	:	0.000000	0.000000	0.000000	0.000000	0.000000	0.000000	1.000000	0.000000	0.000000	0.000000
71	tsk_71	(x)	1	:	0.000000	0.000000	0.000000	0.000000	0.000000	0.000000	0.002621	0.000000	0.997379	0.000000
72	tsk_72	(x)	1	:	0.000000	0.000000	0.000000	0.000000	0.000000	0.328841	0.500000	0.171159	0.000000	0.000000
73	tsk_73	(x)	1	:	0.000000	0.000000	0.531217	0.000000	0.000000	0.000000	0.468783	0.000000	0.000000	0.000000
74	tsk_74	(x)	1	:	0.000000	0.000000	0.442295	0.000000	0.000000	0.016960	0.500043	0.040701	0.000000	0.000000
75	tsk_75	(x)	1	:	0.000000	0.000000	0.442305	0.000000	0.000000	0.015781	0.082039	0.041888	0.000000	0.417986
76	tsk_76	(x)	1	:	0.000000	0.000000	1.000000	0.000000	0.000000	0.000000	0.000000	0.000000	0.000000	0.000000
77	tsk_77	(x)	1	:	0.000000	0.000000	0.000000	0.000000	0.000000	0.000000	0.003154	0.000000	0.996846	0.000000
78	tsk_78	(x)	1	:	0.000000	0.000000	0.000000	0.000000	0.000000	0.000000	0.003773	0.000000	0.996227	0.000000
79	tsk_79	(x)	1	:	0.000000	0.000000	0.000000	0.000000	0.000000	0.000000	1.000000	0.000000	0.000000	0.000000
80	tsk_80	(x)	1	:	0.000000	0.000000	0.000000	0.000000	0.000000	0.193618	0.082002	0.306376	0.000000	0.418004
81	tsk_81	(x)	1	:	0.000000	0.000000	1.000000	0.000000	0.000000	0.000000	0.000000	0.000000	0.000000	0.000000
82	tsk_82	(x)	1	:	0.000000	0.000000	0.531352	0.000000	0.000000	0.000000	0.468648	0.000000	0.000000	0.000000
83	tsk_83	(x)	1	:	0.000000	0.000000	1.000000	0.000000	0.000000	0.000000	0.000000	0.000000	0.000000	0.000000
84	tsk_84	(x)	1	:	0.000000	0.000000	0.000000	0.000000	0.000000	0.000000	0.581974	0.000000	0.000000	0.418026
85	tsk_85	(x)	1	:	0.000000	0.000000	0.000000	0.000000	0.000000	0.550117	0.000000	0.449883	0.000000	0.000000
86	tsk_86	(x)	1	:	0.000000	0.000000	0.531335	0.000000	0.000000	0.000000	0.050855	0.000000	0.000000	0.417810
87	tsk_87	(x)	1	:	0.000000	0.000000	1.000000	0.000000	0.000000	0.000000	0.000000	0.000000	0.000000	0.000000
88	tsk_88	(x)	1	:	0.000000	0.000000	1.000000	0.000000	0.000000	0.000000	0.000000	0.000000	0.000000	0.000000
89	tsk_89	(x)	1	:	0.000000	0.000000	0.512599	0.000000	0.000000	0.000000	0.000000	0.000000	0.000000	0.487401
90	tsk_90	(x)	1	:	0.000000	0.000000	0.000000	0.000000	0.000000	0.552632	0.000000	0.447368	0.000000	0.000000
91	tsk_91	(x)	1	:	0.000000	0.000000	0.000000	0.000000	0.000000	0.320458	0.500000	0.179541	0.000000	0.000000
92	tsk_92	(x)	1	:	0.000000	0.000000	0.000000	0.000000	0.000000	0.495938	0.000000	0.504062	0.000000	0.000000
93	tsk_93	(x)	1	:	0.000000	0.000000	0.000000	0.000000	0.000000	0.000000	1.000000	0.000000	0.000000	0.000000
94	tsk_94	(x)	1	:	0.000000	0.000000	0.000000	0.000000	0.000000	0.328414	0.500000	0.171586	0.000000	0.000000
95	tsk_95	(x)	1	:	0.000000	0.000000	0.531355	0.000000	0.000000	0.000000	0.468645	0.000000	0.000000	0.000000
96	tsk_96	(x)	1	:	0.000000	0.000000	0.000000	0.000000	0.000000	0.000000	1.000000	0.000000	0.000000	0.000000
97	tsk_97	(x)	1	:	0.000000	0.000000	0.000000	0.000000	0.000000	0.172802	0.500001	0.327197	0.000000	0.000000
98	tsk_98	(x)	1	:	0.000000	0.000000	0.000000	0.000000	0.000000	0.268980	0.500000	0.231020	0.000000	0.000000
99	tsk_99	(x)	1	:	0.000000	0.000000	0.000000	0.000000	0.000000	0.356392	0.500000	0.143607	0.000000	0.000000
