logL = -795.332176 (converged)
AIC = 2398.664353
BIC = 3451.153108

count.K
31 14 32 23 

