logL = -869.824497 (converged)
AIC = 3255.648995
BIC = 5230.367996

count.K
13 11 3 21 17 35 

