logL = -330.593513 (converged)
AIC = 2841.187027
BIC = 5680.822529

count.K
3 1 1 13 32 10 20 14 0 6 

