logL = -502.089077 (converged)
AIC = 3304.178154
BIC = 6300.123868

count.K
12 14 7 7 18 11 11 12 4 4 

