logL = -854.196403 (converged)
AIC = 2246.392805
BIC = 2947.183586

count.K
43 19 38 

