logL = -447.471731 (converged)
AIC = 1894.943462
BIC = 3197.528555

count.K
21 40 6 22 11 

