logL = -500.050879 (converged)
AIC = 3014.101758
BIC = 5637.508135

count.K
20 6 5 9 15 8 12 2 23 

