logL = -725.943646 (converged)
AIC = 2775.887291
BIC = 4500.509954

count.K
13 12 24 25 15 11 

