logL = -463.518341 (converged)
AIC = 2887.036683
BIC = 5440.103465

count.K
15 2 14 3 12 2 27 9 16 

