logL = -653.101619 (converged)
AIC = 1574.203238
BIC = 1923.296043

count.K
51 49 

