logL = -837.895121 (converged)
AIC = 3491.790241
BIC = 5857.284770

count.K
3 7 15 6 3 11 34 21 

