logL = -591.314979 (converged)
AIC = 2518.629957
BIC = 4258.883641

count.K
12 13 10 40 23 2 

