logL = -797.765539 (converged)
AIC = 3537.531078
BIC = 6067.151329

count.K
5 10 16 2 3 0 8 45 11 

