logL = -1116.729205 (converged)
AIC = 3593.458411
BIC = 5364.974137

count.K
7 15 20 13 13 32 

