logL = -651.667897 (converged)
AIC = 3461.335793
BIC = 6272.314424

count.K
12 2 9 27 2 16 7 25 0 

