logL = -922.610987 (converged)
AIC = 2157.221973
BIC = 2563.628522

count.K
67 33 

