logL = -928.743988 (converged)
AIC = 2425.487975
BIC = 3165.356308

count.K
25 29 46 

