logL = -779.193281 (converged)
AIC = 2358.386561
BIC = 3400.454636

count.K
30 25 35 10 

