logL = -442.700667 (converged)
AIC = 2185.401333
BIC = 3878.761954

count.K
15 15 8 45 12 5 

