logL = -1098.978865 (converged)
AIC = 3297.957730
BIC = 4730.801332

count.K
39 16 21 14 10 

