logL = -671.679725 (converged)
AIC = 3079.359450
BIC = 5340.647172

count.K
2 21 2 4 14 5 11 41 

