logL = -934.849426 (converged)
AIC = 2419.698852
BIC = 3136.120653

count.K
9 36 55 

