logL = -1137.864104 (converged)
AIC = 4755.728208
BIC = 7986.139239

count.K
1 5 13 5 22 15 14 9 6 10 

