logL = -146.223450 (converged)
AIC = 2180.446900
BIC = 4639.727556

count.K
78 3 1 1 2 8 4 2 1 

