logL = -896.908311 (converged)
AIC = 2853.816621
BIC = 4234.556820

count.K
13 26 11 27 23 

