logL = -177.606888 (converged)
AIC = 1547.213776
BIC = 3099.895207

count.K
8 73 1 9 8 1 

