logL = -718.500462 (converged)
AIC = 2507.000923
BIC = 3900.766973

count.K
14 23 12 43 8 

