logL = -1838.359381 (converged)
AIC = 5604.718761
BIC = 8116.102820

count.K
21 30 7 5 25 11 1 

