logL = -846.062494 (converged)
AIC = 2572.124988
BIC = 3718.399870

count.K
39 24 17 20 

