logL = -675.299323 (converged)
AIC = 2844.598645
BIC = 4790.660774

count.K
41 7 6 20 4 18 4 

