logL = -994.286224 (converged)
AIC = 2544.572447
BIC = 3268.809759

count.K
26 38 36 

