logL = -622.656225 (converged)
AIC = 3141.312451
BIC = 5611.013787

count.K
9 10 19 10 7 23 8 14 

