logL = -416.052668 (converged)
AIC = 3052.105336
BIC = 5943.844243

count.K
1 2 18 2 2 3 53 4 3 12 

