logL = -1188.544196 (converged)
AIC = 4751.088393
BIC = 7843.425404

count.K
1 46 5 3 1 3 20 5 16 

