logL = -641.350893 (converged)
AIC = 3702.701785
BIC = 6854.957710

count.K
15 3 10 20 6 17 12 16 1 0 

