logL = -562.726678 (converged)
AIC = 2745.453355
BIC = 4855.641206

count.K
39 2 26 7 7 14 5 

