logL = -959.268394 (converged)
AIC = 2782.536788
BIC = 3907.970308

count.K
21 22 50 7 

