logL = -795.104984 (converged)
AIC = 3534.209968
BIC = 6066.435389

count.K
32 1 16 3 18 3 3 24 

