logL = -832.226510 (converged)
AIC = 3072.453021
BIC = 4906.492831

count.K
28 1 18 29 1 23 

