logL = -347.195323 (converged)
AIC = 1910.390647
BIC = 3494.334120

count.K
1 34 6 26 16 17 

