logL = -557.728330 (converged)
AIC = 1689.456659
BIC = 2437.140503

count.K
10 85 5 

