logL = -620.998803 (converged)
AIC = 1525.997607
BIC = 1895.931773

count.K
58 42 

