logL = -588.921200 (converged)
AIC = 2247.842400
BIC = 3641.608449

count.K
18 23 32 9 18 

