logL = -552.495321 (converged)
AIC = 3424.990641
BIC = 6446.988057

count.K
8 1 2 1 3 27 10 1 9 38 

