logL = -443.783680 (converged)
AIC = 2437.567359
BIC = 4456.574254

count.K
20 2 5 48 2 17 6 

