logL = -435.559808 (converged)
AIC = 2519.119616
BIC = 4665.779849

count.K
11 9 10 52 2 12 4 

