0	tsk_0	(x)	1	:	0.000000	0.000000	0.000000	0.000000	0.000000	1.000000	0.000000	0.000000	0.000000
1	tsk_1	(x)	1	:	0.500000	0.000000	0.000000	0.000000	0.000000	0.500000	0.000000	0.000000	0.000000
2	tsk_2	(x)	1	:	0.000000	0.000000	0.000000	0.000000	0.000000	1.000000	0.000000	0.000000	0.000000
3	tsk_3	(x)	1	:	0.000000	0.000000	0.000000	0.000000	0.000000	1.000000	0.000000	0.000000	0.000000
4	tsk_4	(x)	1	:	0.000000	0.000000	1.000000	0.000000	0.000000	0.000000	0.000000	0.000000	0.000000
5	tsk_5	(x)	1	:	0.000000	0.000000	0.000000	0.000000	0.000000	1.000000	0.000000	0.000000	0.000000
6	tsk_6	(x)	1	:	0.000000	0.000000	0.000000	0.000000	0.000000	1.000000	0.000000	0.000000	0.000000
7	tsk_7	(x)	1	:	0.021087	0.000000	0.478302	0.000000	0.000000	0.500611	0.000000	0.000000	0.000000
8	tsk_8	(x)	1	:	0.024358	0.000000	0.475567	0.000000	0.000000	0.500075	0.000000	0.000000	0.000000
9	tsk_9	(x)	1	:	0.000000	0.000000	0.000000	0.000000	0.000000	1.000000	0.000000	0.000000	0.000000
10	tsk_10	(x)	1	:	0.027599	0.000000	0.473089	0.000000	0.499312	0.000000	0.000000	0.000000	0.000000
11	tsk_11	(x)	1	:	0.000000	0.000000	1.000000	0.000000	0.000000	0.000000	0.000000	0.000000	0.000000
12	tsk_12	(x)	1	:	0.000000	0.000000	1.000000	0.000000	0.000000	0.000000	0.000000	0.000000	0.000000
13	tsk_13	(x)	1	:	0.224814	0.000000	0.475186	0.000000	0.000000	0.300000	0.000000	0.000000	0.000000
14	tsk_14	(x)	1	:	0.028187	0.000000	0.472646	0.000000	0.499168	0.000000	0.000000	0.000000	0.000000
15	tsk_15	(x)	1	:	0.025920	0.000000	0.474260	0.000000	0.000000	0.499820	0.000000	0.000000	0.000000
16	tsk_16	(x)	1	:	0.000000	0.000000	0.536546	0.000000	0.000000	0.463454	0.000000	0.000000	0.000000
17	tsk_17	(x)	1	:	0.000000	0.000000	1.000000	0.000000	0.000000	0.000000	0.000000	0.000000	0.000000
18	tsk_18	(x)	1	:	0.224817	0.000000	0.475183	0.000000	0.000000	0.300000	0.000000	0.000000	0.000000
19	tsk_19	(x)	1	:	0.000000	0.000000	1.000000	0.000000	0.000000	0.000000	0.000000	0.000000	0.000000
20	tsk_20	(x)	1	:	0.000284	0.000000	0.000000	0.499840	0.000378	0.014106	0.000000	0.485392	0.000000
21	tsk_21	(x)	1	:	0.000000	0.000000	0.000000	0.000000	0.474426	0.000000	0.000000	0.525574	0.000000
22	tsk_22	(x)	1	:	0.000000	0.000000	0.000000	0.000000	0.000000	0.000000	0.628746	0.000000	0.371254
23	tsk_23	(x)	1	:	0.000224	0.000000	0.000000	0.499456	0.000139	0.020621	0.000000	0.479560	0.000000
24	tsk_24	(x)	1	:	0.002722	0.000000	0.000000	0.000001	0.498011	0.016937	0.000000	0.482329	0.000000
25	tsk_25	(x)	1	:	0.000367	0.485128	0.000000	0.000000	0.000000	0.024170	0.004413	0.485922	0.000000
26	tsk_26	(x)	1	:	0.000000	0.000000	0.000000	0.000000	0.000000	0.000002	0.000000	0.999998	0.000000
27	tsk_27	(x)	1	:	0.500031	0.000000	0.000000	0.000000	0.000000	0.000000	0.456733	0.000000	0.043235
28	tsk_28	(x)	1	:	0.002881	0.000000	0.000000	0.000000	0.498433	0.012130	0.000000	0.486557	0.000000
29	tsk_29	(x)	1	:	0.006120	0.000000	0.000000	0.000000	0.000000	0.017434	0.134609	0.482075	0.359763
30	tsk_30	(x)	1	:	0.001770	0.522094	0.476134	0.000000	0.000003	0.000000	0.000000	0.000000	0.000000
31	tsk_31	(x)	1	:	0.000000	0.507746	0.000000	0.000000	0.492254	0.000000	0.000000	0.000000	0.000000
32	tsk_32	(x)	1	:	0.000000	0.000000	0.000000	0.000000	1.000000	0.000000	0.000000	0.000000	0.000000
33	tsk_33	(x)	1	:	0.023528	0.000000	0.476980	0.000000	0.000000	0.009897	0.000000	0.489595	0.000000
34	tsk_34	(x)	1	:	0.000000	0.000000	0.000000	0.000000	1.000000	0.000000	0.000000	0.000000	0.000000
35	tsk_35	(x)	1	:	0.000000	0.000000	0.000000	0.000000	0.000000	0.515527	0.000000	0.484473	0.000000
36	tsk_36	(x)	1	:	0.002613	0.000000	0.000000	0.000001	0.497930	0.018346	0.000000	0.481111	0.000000
37	tsk_37	(x)	1	:	0.000000	0.000000	0.487568	0.000000	0.000000	0.000000	0.512432	0.000000	0.000000
38	tsk_38	(x)	1	:	0.000000	0.547435	0.000000	0.000000	0.000000	0.000000	0.294373	0.000000	0.158192
39	tsk_39	(x)	1	:	0.000000	0.000000	0.000000	0.000000	0.000000	0.516125	0.000000	0.483874	0.000000
40	tsk_40	(x)	1	:	0.008809	0.000000	0.000000	0.000000	0.000000	0.498538	0.348406	0.000000	0.144248
41	tsk_41	(x)	1	:	0.000000	0.000000	0.000000	0.000000	0.000000	0.030417	0.000000	0.471714	0.497869
42	tsk_42	(x)	1	:	0.011298	0.000000	0.000000	0.000000	0.000000	0.498128	0.291672	0.000000	0.198902
43	tsk_43	(x)	1	:	0.000000	0.000000	0.000000	0.000000	0.000000	0.000000	0.411500	0.000000	0.588500
44	tsk_44	(x)	1	:	0.009180	0.000000	0.000000	0.000000	0.000000	0.498473	0.285752	0.000000	0.206595
45	tsk_45	(x)	1	:	0.000000	0.000000	0.000000	0.000000	0.000000	1.000000	0.000000	0.000000	0.000000
46	tsk_46	(x)	1	:	0.009000	0.000000	0.000000	0.000000	0.000000	0.498513	0.445250	0.000000	0.047237
47	tsk_47	(x)	1	:	0.005055	0.000000	0.000000	0.000000	0.496835	0.498109	0.000000	0.000000	0.000000
48	tsk_48	(x)	1	:	0.000000	0.000000	0.000000	0.000000	0.000000	0.000000	0.511592	0.000000	0.488408
49	tsk_49	(x)	1	:	0.000000	0.000000	0.000000	0.000000	0.000000	0.000000	0.335068	0.000000	0.664932
50	tsk_50	(x)	1	:	0.006926	0.000000	0.000000	0.000000	0.000000	0.498851	0.410502	0.000000	0.083720
51	tsk_51	(x)	1	:	0.008977	0.000000	0.000000	0.000000	0.000000	0.498510	0.346904	0.000000	0.145609
52	tsk_52	(x)	1	:	0.032644	0.000000	0.471315	0.000000	0.000000	0.000000	0.388818	0.000000	0.107222
53	tsk_53	(x)	1	:	0.005430	0.000000	0.000000	0.000001	0.496600	0.497969	0.000000	0.000000	0.000000
54	tsk_54	(x)	1	:	0.000000	0.000000	0.000000	0.000000	0.000000	0.515503	0.000000	0.484497	0.000000
55	tsk_55	(x)	1	:	0.000000	0.000000	0.000000	0.000000	0.000000	0.515554	0.000000	0.484446	0.000000
56	tsk_56	(x)	1	:	0.007003	0.000000	0.000000	0.000000	0.000000	0.498820	0.165068	0.000000	0.329108
57	tsk_57	(x)	1	:	0.500038	0.000000	0.000000	0.000000	0.000000	0.000000	0.496022	0.000000	0.003940
58	tsk_58	(x)	1	:	0.000000	0.000000	0.000000	0.000000	0.000000	1.000000	0.000000	0.000000	0.000000
59	tsk_59	(x)	1	:	0.021724	0.000000	0.478362	0.000000	0.000000	0.011075	0.000000	0.488839	0.000000
60	tsk_60	(x)	1	:	0.028261	0.000000	0.472288	0.000000	0.000000	0.499451	0.000000	0.000000	0.000000
61	tsk_61	(x)	1	:	0.000000	0.000000	1.000000	0.000000	0.000000	0.000000	0.000000	0.000000	0.000000
62	tsk_62	(x)	1	:	0.000000	0.000000	1.000000	0.000000	0.000000	0.000000	0.000000	0.000000	0.000000
63	tsk_63	(x)	1	:	0.027524	0.000000	0.472917	0.000000	0.000000	0.499559	0.000000	0.000000	0.000000
64	tsk_64	(x)	1	:	0.340939	0.000000	0.659061	0.000000	0.000000	0.000000	0.000000	0.000000	0.000000
65	tsk_65	(x)	1	:	0.000000	0.000000	0.536546	0.000000	0.000000	0.463454	0.000000	0.000000	0.000000
66	tsk_66	(x)	1	:	0.524819	0.000000	0.475181	0.000000	0.000000	0.000000	0.000000	0.000000	0.000000
67	tsk_67	(x)	1	:	0.340910	0.000000	0.659090	0.000000	0.000000	0.000000	0.000000	0.000000	0.000000
68	tsk_68	(x)	1	:	0.585719	0.000000	0.000000	0.000000	0.000000	0.000000	0.000000	0.414281	0.000000
69	tsk_69	(x)	1	:	0.500000	0.000000	0.000000	0.000000	0.000000	0.500000	0.000000	0.000000	0.000000
70	tsk_70	(x)	1	:	0.000000	0.000000	0.000000	0.000000	1.000000	0.000000	0.000000	0.000000	0.000000
71	tsk_71	(x)	1	:	0.004484	0.000000	0.000000	0.000000	0.497193	0.498323	0.000000	0.000000	0.000000
72	tsk_72	(x)	1	:	0.000000	0.000000	0.000000	0.000000	1.000000	0.000000	0.000000	0.000000	0.000000
73	tsk_73	(x)	1	:	0.000000	0.000000	0.000000	0.000000	1.000000	0.000000	0.000000	0.000000	0.000000
74	tsk_74	(x)	1	:	0.000000	0.000000	0.000000	0.000000	1.000000	0.000000	0.000000	0.000000	0.000000
75	tsk_75	(x)	1	:	0.000000	0.000000	0.000000	0.000000	1.000000	0.000000	0.000000	0.000000	0.000000
76	tsk_76	(x)	1	:	0.004178	0.000000	0.000000	0.000000	0.497385	0.498437	0.000000	0.000000	0.000000
77	tsk_77	(x)	1	:	0.012383	0.000000	0.000000	0.000000	0.000000	0.497944	0.178089	0.000000	0.311584
78	tsk_78	(x)	1	:	0.005039	0.000000	0.000000	0.000000	0.496846	0.498115	0.000000	0.000000	0.000000
79	tsk_79	(x)	1	:	0.000000	0.000000	0.000000	0.000000	1.000000	0.000000	0.000000	0.000000	0.000000
80	tsk_80	(x)	1	:	0.028402	0.000000	0.472483	0.000000	0.499114	0.000000	0.000000	0.000000	0.000000
81	tsk_81	(x)	1	:	0.009744	0.000000	0.000000	0.000000	0.000000	0.498386	0.361688	0.000000	0.130183
82	tsk_82	(x)	1	:	0.024693	0.000000	0.475258	0.000000	0.000000	0.000000	0.498102	0.000000	0.001947
83	tsk_83	(x)	1	:	0.200000	0.000000	0.000000	0.000000	0.000000	0.800000	0.000000	0.000000	0.000000
84	tsk_84	(x)	1	:	0.200000	0.000000	0.000000	0.000000	0.000000	0.800000	0.000000	0.000000	0.000000
85	tsk_85	(x)	1	:	0.224817	0.000000	0.475183	0.000000	0.000000	0.299999	0.000000	0.000000	0.000000
86	tsk_86	(x)	1	:	0.524819	0.000000	0.475181	0.000000	0.000000	0.000000	0.000000	0.000000	0.000000
87	tsk_87	(x)	1	:	0.000000	0.000000	1.000000	0.000000	0.000000	0.000000	0.000000	0.000000	0.000000
88	tsk_88	(x)	1	:	0.028332	0.000000	0.472536	0.000000	0.499132	0.000000	0.000000	0.000000	0.000000
89	tsk_89	(x)	1	:	0.028879	0.000000	0.473179	0.000000	0.000000	0.000000	0.497943	0.000000	0.000000
90	tsk_90	(x)	1	:	0.500016	0.000000	0.000000	0.000000	0.499984	0.000000	0.000000	0.000000	0.000000
91	tsk_91	(x)	1	:	0.000000	0.000000	0.000000	0.000000	1.000000	0.000000	0.000000	0.000000	0.000000
92	tsk_92	(x)	1	:	0.500016	0.000001	0.000000	0.000000	0.499983	0.000000	0.000000	0.000000	0.000000
93	tsk_93	(x)	1	:	0.000000	0.000000	0.000000	0.000000	1.000000	0.000000	0.000000	0.000000	0.000000
94	tsk_94	(x)	1	:	0.000000	0.000000	0.000000	0.000000	1.000000	0.000000	0.000000	0.000000	0.000000
95	tsk_95	(x)	1	:	0.000000	0.000000	0.000000	0.000000	1.000000	0.000000	0.000000	0.000000	0.000000
96	tsk_96	(x)	1	:	0.027226	0.000000	0.473369	0.000000	0.499404	0.000000	0.000000	0.000000	0.000000
97	tsk_97	(x)	1	:	0.000000	0.000000	0.000000	0.000000	1.000000	0.000000	0.000000	0.000000	0.000000
98	tsk_98	(x)	1	:	0.012256	0.000000	0.000000	0.000000	0.497113	0.000000	0.129136	0.000000	0.361495
99	tsk_99	(x)	1	:	0.499331	0.000000	0.000000	0.500669	0.000000	0.000000	0.000000	0.000000	0.000000
