logL = -254.367417 (converged)
AIC = 2486.734834
BIC = 5063.248148

count.K
21 5 10 6 35 2 4 5 12 

