logL = -425.241461 (converged)
AIC = 1334.482922
BIC = 1964.934107

count.K
31 6 63 

