logL = -666.000583 (converged)
AIC = 3526.001165
BIC = 6383.872859

count.K
6 2 18 6 4 12 12 13 27 

