logL = -360.517471 (converged)
AIC = 1721.034943
BIC = 3023.620036

count.K
2 56 16 8 18 

