logL = -562.963920 (converged)
AIC = 1877.927841
BIC = 2857.471831

count.K
20 20 27 33 

