logL = -663.812714 (converged)
AIC = 3305.625427
BIC = 5882.138741

count.K
47 0 8 0 4 12 5 22 2 

