logL = -322.520432 (converged)
AIC = 2333.040864
BIC = 4531.804501

count.K
1 9 1 6 18 36 23 6 

