logL = -784.045883 (converged)
AIC = 2384.091766
BIC = 3447.001202

count.K
4 45 41 10 

