logL = -757.262087 (converged)
AIC = 2076.524175
BIC = 2808.576997

count.K
20 34 46 

