logL = -1053.157665 (converged)
AIC = 2734.315331
BIC = 3552.338769

count.K
58 26 16 

