logL = -835.518112 (converged)
AIC = 2227.036223
BIC = 2951.273535

count.K
17 31 52 

