logL = -1152.500061 (converged)
AIC = 2897.000121
BIC = 3668.130497

count.K
36 11 53 

