logL = -709.125384 (converged)
AIC = 3576.250768
BIC = 6387.229399

count.K
4 0 2 22 3 45 15 3 6 

