logL = -589.910178 (converged)
AIC = 2931.820357
BIC = 5213.949440

count.K
8 18 3 4 31 5 11 20 

