logL = -682.896663 (converged)
AIC = 2689.793326
BIC = 4414.415989

count.K
12 25 7 25 17 14 

