logL = -1002.692312 (converged)
AIC = 2837.384625
BIC = 3921.135422

count.K
33 27 22 18 

