logL = -542.356174 (converged)
AIC = 1372.712347
BIC = 1747.856854

count.K
61 39 

