logL = -287.089510 (converged)
AIC = 838.179020
BIC = 1182.061485

count.K
64 36 

