logL = -508.227822 (converged)
AIC = 2036.455644
BIC = 3365.092438

count.K
30 12 24 9 25 

