logL = -661.568080 (converged)
AIC = 2929.136160
BIC = 5021.087819

count.K
0 33 20 13 12 6 16 

