logL = -1499.059606 (converged)
AIC = 4454.119212
BIC = 6350.683107

count.K
17 10 22 13 15 23 

