logL = -442.210269 (converged)
AIC = 2350.420539
BIC = 4260.010285

count.K
20 24 12 13 5 20 6 

