0	tsk_0	(x)	1	:	1.000000	0.000000	0.000000	0.000000	0.000000	0.000000	0.000000	0.000000
1	tsk_1	(x)	1	:	1.000000	0.000000	0.000000	0.000000	0.000000	0.000000	0.000000	0.000000
2	tsk_2	(x)	1	:	1.000000	0.000000	0.000000	0.000000	0.000000	0.000000	0.000000	0.000000
3	tsk_3	(x)	1	:	1.000000	0.000000	0.000000	0.000000	0.000000	0.000000	0.000000	0.000000
4	tsk_4	(x)	1	:	0.000000	0.000000	0.000000	0.000000	0.000000	0.000000	1.000000	0.000000
5	tsk_5	(x)	1	:	0.500001	0.000000	0.000000	0.499999	0.000000	0.000000	0.000000	0.000000
6	tsk_6	(x)	1	:	0.500002	0.000000	0.000000	0.499998	0.000000	0.000000	0.000000	0.000000
7	tsk_7	(x)	1	:	1.000000	0.000000	0.000000	0.000000	0.000000	0.000000	0.000000	0.000000
8	tsk_8	(x)	1	:	1.000000	0.000000	0.000000	0.000000	0.000000	0.000000	0.000000	0.000000
9	tsk_9	(x)	1	:	1.000000	0.000000	0.000000	0.000000	0.000000	0.000000	0.000000	0.000000
10	tsk_10	(x)	1	:	0.000000	0.000000	0.000000	0.451778	0.335085	0.000000	0.000002	0.213135
11	tsk_11	(x)	1	:	0.015041	0.000000	0.000000	0.498860	0.000000	0.000000	0.486099	0.000000
12	tsk_12	(x)	1	:	0.000000	0.000000	0.000000	0.451777	0.335084	0.000000	0.000003	0.213136
13	tsk_13	(x)	1	:	0.000000	0.000000	0.000000	0.503865	0.000000	0.000000	0.496135	0.000000
14	tsk_14	(x)	1	:	0.004240	0.000000	0.000000	0.496989	0.000000	0.498770	0.000000	0.000000
15	tsk_15	(x)	1	:	0.003237	0.000000	0.000000	0.497657	0.000000	0.499106	0.000000	0.000000
16	tsk_16	(x)	1	:	0.016560	0.000000	0.000000	0.498358	0.000000	0.000000	0.485082	0.000000
17	tsk_17	(x)	1	:	0.004414	0.000000	0.521370	0.000000	0.000000	0.000000	0.474216	0.000000
18	tsk_18	(x)	1	:	0.003730	0.000000	0.000000	0.497328	0.000000	0.498941	0.000000	0.000000
19	tsk_19	(x)	1	:	0.000000	0.000000	0.000000	1.000000	0.000000	0.000000	0.000000	0.000000
20	tsk_20	(x)	1	:	0.604467	0.000000	0.395533	0.000000	0.000000	0.000000	0.000000	0.000000
21	tsk_21	(x)	1	:	0.000000	0.000000	0.462173	0.000000	0.000000	0.537827	0.000000	0.000000
22	tsk_22	(x)	1	:	0.000000	0.000000	0.642040	0.000000	0.000000	0.357960	0.000000	0.000000
23	tsk_23	(x)	1	:	0.000000	0.000000	1.000000	0.000000	0.000000	0.000000	0.000000	0.000000
24	tsk_24	(x)	1	:	0.473033	0.000000	0.526967	0.000000	0.000000	0.000000	0.000000	0.000000
25	tsk_25	(x)	1	:	0.000015	0.000000	0.444453	0.000000	0.000000	0.555532	0.000000	0.000000
26	tsk_26	(x)	1	:	0.000008	0.000000	0.444458	0.000000	0.000000	0.555534	0.000000	0.000000
27	tsk_27	(x)	1	:	0.000000	0.000000	0.000000	0.000000	0.000000	1.000000	0.000000	0.000000
28	tsk_28	(x)	1	:	0.000079	0.571484	0.428436	0.000000	0.000000	0.000000	0.000002	0.000000
29	tsk_29	(x)	1	:	0.000000	0.000000	1.000000	0.000000	0.000000	0.000000	0.000000	0.000000
30	tsk_30	(x)	1	:	0.000000	0.000000	0.000000	0.000000	0.473037	0.000000	0.526962	0.000001
31	tsk_31	(x)	1	:	0.000005	0.000000	0.467789	0.000000	0.532203	0.000000	0.000002	0.000000
32	tsk_32	(x)	1	:	0.016803	0.000000	0.000000	0.498278	0.000000	0.000000	0.484919	0.000000
33	tsk_33	(x)	1	:	0.604644	0.000000	0.395356	0.000000	0.000000	0.000000	0.000000	0.000000
34	tsk_34	(x)	1	:	0.000000	0.000000	0.000000	0.000000	0.000000	0.000000	1.000000	0.000000
35	tsk_35	(x)	1	:	0.119536	0.000000	0.394602	0.000000	0.000000	0.000000	0.485862	0.000000
36	tsk_36	(x)	1	:	0.000000	0.000000	0.000000	0.451778	0.335085	0.000000	0.000001	0.213136
37	tsk_37	(x)	1	:	0.000000	0.000000	0.000000	0.000000	0.661766	0.000000	0.338234	0.000000
38	tsk_38	(x)	1	:	0.000000	0.000000	0.000000	0.000000	0.000000	0.000000	1.000000	0.000000
39	tsk_39	(x)	1	:	0.000000	0.000000	0.000000	0.000000	0.000000	0.000000	1.000000	0.000000
40	tsk_40	(x)	1	:	0.000000	0.499764	0.000000	0.500236	0.000000	0.000000	0.000000	0.000000
41	tsk_41	(x)	1	:	0.000000	0.499764	0.000000	0.000000	0.000000	0.500236	0.000000	0.000000
42	tsk_42	(x)	1	:	0.003624	0.000000	0.521593	0.000000	0.000000	0.000000	0.474783	0.000000
43	tsk_43	(x)	1	:	0.014531	0.000000	0.000000	0.499029	0.000000	0.000000	0.486439	0.000000
44	tsk_44	(x)	1	:	0.499903	0.000000	0.000000	0.000000	0.000000	0.500097	0.000000	0.000000
45	tsk_45	(x)	1	:	0.004855	0.000000	0.000000	0.496580	0.000000	0.498565	0.000000	0.000000
46	tsk_46	(x)	1	:	0.500004	0.000000	0.000000	0.499996	0.000000	0.000000	0.000000	0.000000
47	tsk_47	(x)	1	:	0.511659	0.000000	0.000000	0.000000	0.000000	0.000000	0.488340	0.000000
48	tsk_48	(x)	1	:	0.000000	0.000000	0.000000	1.000000	0.000000	0.000000	0.000000	0.000000
49	tsk_49	(x)	1	:	0.017148	0.000000	0.000000	0.498164	0.000000	0.000000	0.484688	0.000000
50	tsk_50	(x)	1	:	1.000000	0.000000	0.000000	0.000000	0.000000	0.000000	0.000000	0.000000
51	tsk_51	(x)	1	:	0.511638	0.000000	0.000000	0.000000	0.000000	0.000000	0.488362	0.000000
52	tsk_52	(x)	1	:	0.000000	0.000000	0.000000	0.000000	0.473037	0.000000	0.526962	0.000001
53	tsk_53	(x)	1	:	0.119933	0.000000	0.394493	0.000000	0.000000	0.000000	0.485574	0.000000
54	tsk_54	(x)	1	:	0.000013	0.000000	0.444454	0.000000	0.000000	0.555533	0.000000	0.000000
55	tsk_55	(x)	1	:	0.511615	0.000000	0.000000	0.000000	0.000000	0.000000	0.488384	0.000000
56	tsk_56	(x)	1	:	0.017140	0.000000	0.000000	0.000000	0.000000	0.499134	0.483725	0.000000
57	tsk_57	(x)	1	:	0.000000	0.000000	0.000000	0.000000	0.000000	0.000000	1.000000	0.000000
58	tsk_58	(x)	1	:	0.284148	0.000000	0.715852	0.000000	0.000000	0.000000	0.000000	0.000000
59	tsk_59	(x)	1	:	0.511650	0.000000	0.000000	0.000000	0.000000	0.000000	0.488350	0.000000
60	tsk_60	(x)	1	:	1.000000	0.000000	0.000000	0.000000	0.000000	0.000000	0.000000	0.000000
61	tsk_61	(x)	1	:	0.000000	0.000000	0.999999	0.000000	0.000000	0.000000	0.000000	0.000000
62	tsk_62	(x)	1	:	0.000000	0.000000	1.000000	0.000000	0.000000	0.000000	0.000000	0.000000
63	tsk_63	(x)	1	:	0.499777	0.000000	0.000000	0.000000	0.000000	0.500222	0.000000	0.000000
64	tsk_64	(x)	1	:	0.000000	0.000000	0.000000	0.000000	0.000000	0.000000	1.000000	0.000000
65	tsk_65	(x)	1	:	1.000000	0.000000	0.000000	0.000000	0.000000	0.000000	0.000000	0.000000
66	tsk_66	(x)	1	:	0.604492	0.000000	0.395508	0.000000	0.000000	0.000000	0.000000	0.000000
67	tsk_67	(x)	1	:	0.000000	0.000000	0.999999	0.000000	0.000000	0.000000	0.000000	0.000000
68	tsk_68	(x)	1	:	0.008902	0.000000	0.509438	0.000000	0.000000	0.000000	0.481660	0.000000
69	tsk_69	(x)	1	:	0.604507	0.000000	0.395492	0.000000	0.000000	0.000000	0.000000	0.000000
70	tsk_70	(x)	1	:	0.000000	0.000000	0.000000	0.000000	0.473035	0.000000	0.526964	0.000001
71	tsk_71	(x)	1	:	0.511672	0.000000	0.000000	0.000000	0.000000	0.000000	0.488328	0.000000
72	tsk_72	(x)	1	:	0.000000	0.000000	0.000000	0.000000	0.473037	0.000000	0.526962	0.000001
73	tsk_73	(x)	1	:	0.000000	0.000000	0.000000	0.000000	0.473037	0.000000	0.526962	0.000001
74	tsk_74	(x)	1	:	0.000000	0.000000	0.000000	0.000000	0.473037	0.000000	0.526962	0.000000
75	tsk_75	(x)	1	:	0.511262	0.000000	0.000000	0.000000	0.472694	0.000000	0.016044	0.000000
76	tsk_76	(x)	1	:	0.136762	0.000000	0.000000	0.000000	0.000000	0.375965	0.487271	0.000001
77	tsk_77	(x)	1	:	0.139638	0.000000	0.000000	0.000000	0.474990	0.375782	0.009589	0.000000
78	tsk_78	(x)	1	:	0.000000	0.000001	0.999999	0.000000	0.000000	0.000000	0.000000	0.000000
79	tsk_79	(x)	1	:	0.000000	0.000000	0.000000	0.000000	1.000000	0.000000	0.000000	0.000000
80	tsk_80	(x)	1	:	0.240734	0.000000	0.394689	0.000000	0.000000	0.000000	0.000000	0.364578
81	tsk_81	(x)	1	:	0.000000	0.000000	0.000000	0.000000	0.000000	0.000000	1.000000	0.000000
82	tsk_82	(x)	1	:	0.000000	0.000000	0.000000	0.000000	0.000000	0.000000	1.000000	0.000000
83	tsk_83	(x)	1	:	0.604475	0.000000	0.395525	0.000000	0.000000	0.000000	0.000000	0.000000
84	tsk_84	(x)	1	:	0.120417	0.000000	0.394350	0.000000	0.000000	0.000000	0.485233	0.000000
85	tsk_85	(x)	1	:	0.604839	0.000000	0.395161	0.000000	0.000000	0.000000	0.000000	0.000000
86	tsk_86	(x)	1	:	0.633834	0.000000	0.000000	0.000000	0.000000	0.000000	0.000000	0.366166
87	tsk_87	(x)	1	:	0.000000	0.000001	0.999999	0.000000	0.000000	0.000000	0.000000	0.000000
88	tsk_88	(x)	1	:	0.000000	0.000000	0.000000	0.000004	0.000000	0.000000	0.708041	0.291955
89	tsk_89	(x)	1	:	0.604526	0.000000	0.395474	0.000000	0.000000	0.000000	0.000000	0.000000
90	tsk_90	(x)	1	:	0.499864	0.000000	0.000000	0.000000	0.000000	0.500136	0.000000	0.000000
91	tsk_91	(x)	1	:	0.500004	0.000000	0.000000	0.499996	0.000000	0.000000	0.000000	0.000000
92	tsk_92	(x)	1	:	0.604512	0.000000	0.395488	0.000000	0.000000	0.000000	0.000000	0.000000
93	tsk_93	(x)	1	:	0.003527	0.000000	0.000000	0.497464	0.000000	0.499009	0.000000	0.000000
94	tsk_94	(x)	1	:	0.000000	0.000000	0.000000	1.000000	0.000000	0.000000	0.000000	0.000000
95	tsk_95	(x)	1	:	1.000000	0.000000	0.000000	0.000000	0.000000	0.000000	0.000000	0.000000
96	tsk_96	(x)	1	:	0.015795	0.000000	0.000000	0.000000	0.000000	0.499401	0.484804	0.000000
97	tsk_97	(x)	1	:	1.000000	0.000000	0.000000	0.000000	0.000000	0.000000	0.000000	0.000000
98	tsk_98	(x)	1	:	0.000010	0.000000	0.444457	0.000000	0.000000	0.555533	0.000000	0.000000
99	tsk_99	(x)	1	:	0.004148	0.000000	0.000000	0.497051	0.000000	0.498801	0.000000	0.000000
