logL = -1214.481788 (converged)
AIC = 3498.963576
BIC = 4892.729625

count.K
50 18 2 6 24 

