logL = -412.066547 (converged)
AIC = 3044.133095
BIC = 5935.872001

count.K
11 8 28 10 11 10 0 3 18 1 

