logL = -428.992342 (converged)
AIC = 2205.984683
BIC = 3961.869389

count.K
5 5 16 51 7 16 

