logL = -485.647461 (converged)
AIC = 2395.294922
BIC = 4250.176095

count.K
8 13 24 34 3 0 18 

