logL = -400.515268 (converged)
AIC = 2761.030536
BIC = 5314.097318

count.K
15 2 4 4 14 3 13 1 44 

