logL = -514.803436 (converged)
AIC = 2281.606873
BIC = 3912.443409

count.K
12 7 45 6 15 15 

