logL = -738.569149 (converged)
AIC = 2547.138297
BIC = 3940.904347

count.K
12 21 27 10 30 

