logL = -1863.135612 (converged)
AIC = 6244.271224
BIC = 9524.180488

count.K
19 4 4 13 17 1 0 19 23 

