logL = -742.785140 (converged)
AIC = 3985.570281
BIC = 7242.033013

count.K
5 5 1 25 9 15 12 16 10 2 

