0	tsk_0	(x)	1	:	0.458567	0.005080	0.000786	0.535543	0.000025
1	tsk_1	(x)	1	:	0.000000	0.000001	0.000000	0.999999	0.000000
2	tsk_2	(x)	1	:	0.562748	0.001176	0.000000	0.436075	0.000000
3	tsk_3	(x)	1	:	0.999976	0.000000	0.000000	0.000000	0.000024
4	tsk_4	(x)	1	:	1.000000	0.000000	0.000000	0.000000	0.000000
5	tsk_5	(x)	1	:	0.999971	0.000000	0.000000	0.000000	0.000029
6	tsk_6	(x)	1	:	0.458558	0.005033	0.000772	0.535591	0.000045
7	tsk_7	(x)	1	:	0.458530	0.006275	0.000729	0.534427	0.000039
8	tsk_8	(x)	1	:	0.999972	0.000000	0.000000	0.000000	0.000028
9	tsk_9	(x)	1	:	0.999970	0.000000	0.000000	0.000000	0.000030
10	tsk_10	(x)	1	:	0.000000	0.000000	1.000000	0.000000	0.000000
11	tsk_11	(x)	1	:	0.000001	0.000000	0.636609	0.000000	0.363389
12	tsk_12	(x)	1	:	0.561043	0.000000	0.438954	0.000000	0.000002
13	tsk_13	(x)	1	:	0.595687	0.000000	0.000000	0.404306	0.000007
14	tsk_14	(x)	1	:	0.000000	0.000000	1.000000	0.000000	0.000000
15	tsk_15	(x)	1	:	0.000004	0.000000	0.636611	0.000000	0.363385
16	tsk_16	(x)	1	:	0.595689	0.000000	0.000000	0.404306	0.000005
17	tsk_17	(x)	1	:	0.000000	0.000001	0.537956	0.000000	0.462043
18	tsk_18	(x)	1	:	0.561043	0.000000	0.438954	0.000000	0.000003
19	tsk_19	(x)	1	:	0.774770	0.000000	0.000000	0.000000	0.225230
20	tsk_20	(x)	1	:	0.999973	0.000000	0.000000	0.000000	0.000026
21	tsk_21	(x)	1	:	0.000000	0.357689	0.000001	0.000000	0.642309
22	tsk_22	(x)	1	:	0.999967	0.000000	0.000000	0.000000	0.000033
23	tsk_23	(x)	1	:	0.517472	0.482528	0.000000	0.000000	0.000000
24	tsk_24	(x)	1	:	0.328087	0.000000	0.000000	0.000000	0.671913
25	tsk_25	(x)	1	:	0.999991	0.000000	0.000000	0.000000	0.000009
26	tsk_26	(x)	1	:	0.000000	0.357689	0.000002	0.000000	0.642309
27	tsk_27	(x)	1	:	0.999974	0.000000	0.000000	0.000000	0.000026
28	tsk_28	(x)	1	:	0.000000	0.357689	0.000002	0.000000	0.642309
29	tsk_29	(x)	1	:	0.000000	0.000000	0.000000	0.337125	0.662875
30	tsk_30	(x)	1	:	0.000000	0.999999	0.000000	0.000001	0.000000
31	tsk_31	(x)	1	:	0.000000	0.507456	0.000000	0.000005	0.492538
32	tsk_32	(x)	1	:	0.774769	0.000000	0.000000	0.000000	0.225231
33	tsk_33	(x)	1	:	0.000000	0.487659	0.000000	0.000000	0.512341
34	tsk_34	(x)	1	:	0.000000	0.999999	0.000000	0.000001	0.000000
35	tsk_35	(x)	1	:	0.000000	0.580214	0.000000	0.000005	0.419781
36	tsk_36	(x)	1	:	0.000000	0.507457	0.000000	0.000005	0.492538
37	tsk_37	(x)	1	:	0.539422	0.000000	0.000000	0.000000	0.460578
38	tsk_38	(x)	1	:	0.489035	0.000000	0.000000	0.000000	0.510965
39	tsk_39	(x)	1	:	0.000000	0.580218	0.000000	0.000001	0.419781
40	tsk_40	(x)	1	:	0.496776	0.503219	0.000000	0.000006	0.000000
41	tsk_41	(x)	1	:	0.999982	0.000000	0.000000	0.000000	0.000018
42	tsk_42	(x)	1	:	0.000000	0.000000	0.000000	1.000000	0.000000
43	tsk_43	(x)	1	:	0.439299	0.560698	0.000000	0.000003	0.000000
44	tsk_44	(x)	1	:	1.000000	0.000000	0.000000	0.000000	0.000000
45	tsk_45	(x)	1	:	0.547435	0.452561	0.000000	0.000004	0.000001
46	tsk_46	(x)	1	:	0.496776	0.503219	0.000000	0.000005	0.000000
47	tsk_47	(x)	1	:	0.439291	0.560690	0.000000	0.000009	0.000010
48	tsk_48	(x)	1	:	0.000000	0.367873	0.000000	0.632127	0.000000
49	tsk_49	(x)	1	:	0.547434	0.452562	0.000000	0.000002	0.000001
50	tsk_50	(x)	1	:	0.000000	0.000000	0.000000	0.000000	1.000000
51	tsk_51	(x)	1	:	0.000000	0.000000	0.000000	0.000000	1.000000
52	tsk_52	(x)	1	:	1.000000	0.000000	0.000000	0.000000	0.000000
53	tsk_53	(x)	1	:	0.481312	0.000000	0.518467	0.000000	0.000221
54	tsk_54	(x)	1	:	0.000000	0.000000	0.000000	0.000000	1.000000
55	tsk_55	(x)	1	:	0.539417	0.000000	0.000000	0.000000	0.460583
56	tsk_56	(x)	1	:	0.000000	0.000000	0.000000	0.000000	1.000000
57	tsk_57	(x)	1	:	0.000000	0.000000	0.000000	0.000000	1.000000
58	tsk_58	(x)	1	:	0.539430	0.000000	0.000000	0.000000	0.460570
59	tsk_59	(x)	1	:	0.539393	0.000000	0.000000	0.000000	0.460607
60	tsk_60	(x)	1	:	0.000000	0.000009	0.000000	0.537710	0.462281
61	tsk_61	(x)	1	:	0.000000	0.000011	0.000000	0.537709	0.462281
62	tsk_62	(x)	1	:	0.000000	0.000000	0.000000	0.000000	1.000000
63	tsk_63	(x)	1	:	0.000000	0.000000	0.000000	0.000000	1.000000
64	tsk_64	(x)	1	:	0.000001	0.000000	0.000000	0.000000	0.999999
65	tsk_65	(x)	1	:	0.000000	0.000000	0.000000	1.000000	0.000000
66	tsk_66	(x)	1	:	0.539428	0.000000	0.000000	0.000000	0.460572
67	tsk_67	(x)	1	:	0.000000	0.000000	0.000000	0.000000	1.000000
68	tsk_68	(x)	1	:	0.000000	0.000010	0.000000	0.537710	0.462281
69	tsk_69	(x)	1	:	0.527133	0.000005	0.000000	0.472861	0.000001
70	tsk_70	(x)	1	:	0.306212	0.000000	0.000000	0.000000	0.693788
71	tsk_71	(x)	1	:	0.000000	0.000000	0.000001	0.000000	0.999999
72	tsk_72	(x)	1	:	0.000000	0.000000	0.000001	0.000000	0.999999
73	tsk_73	(x)	1	:	0.000000	0.000000	0.000000	0.383265	0.616735
74	tsk_74	(x)	1	:	0.306209	0.000000	0.000000	0.000000	0.693791
75	tsk_75	(x)	1	:	0.000000	0.000000	0.000000	0.337940	0.662059
76	tsk_76	(x)	1	:	0.000000	0.000000	0.000000	0.000000	1.000000
77	tsk_77	(x)	1	:	0.000000	0.000000	0.000001	0.000000	0.999999
78	tsk_78	(x)	1	:	0.000000	0.000000	0.000000	0.000000	1.000000
79	tsk_79	(x)	1	:	0.000006	0.000000	0.000000	0.000000	0.999994
80	tsk_80	(x)	1	:	0.514116	0.003056	0.000000	0.482827	0.000000
81	tsk_81	(x)	1	:	0.999999	0.000000	0.000000	0.000000	0.000001
82	tsk_82	(x)	1	:	0.539425	0.000000	0.000000	0.000000	0.460575
83	tsk_83	(x)	1	:	0.514133	0.002624	0.000000	0.483243	0.000000
84	tsk_84	(x)	1	:	0.517472	0.482528	0.000000	0.000000	0.000000
85	tsk_85	(x)	1	:	0.000000	0.367870	0.000000	0.632130	0.000000
86	tsk_86	(x)	1	:	0.458517	0.006073	0.000733	0.534613	0.000063
87	tsk_87	(x)	1	:	0.517471	0.482529	0.000000	0.000000	0.000000
88	tsk_88	(x)	1	:	1.000000	0.000000	0.000000	0.000000	0.000000
89	tsk_89	(x)	1	:	0.774771	0.000000	0.000000	0.000000	0.225229
90	tsk_90	(x)	1	:	0.000000	0.580216	0.000000	0.000003	0.419781
91	tsk_91	(x)	1	:	0.000000	0.000000	0.000000	0.000000	1.000000
92	tsk_92	(x)	1	:	0.000000	0.000000	0.000000	0.000000	1.000000
93	tsk_93	(x)	1	:	0.000000	0.487659	0.000000	0.000000	0.512341
94	tsk_94	(x)	1	:	0.000000	0.487651	0.000000	0.000000	0.512349
95	tsk_95	(x)	1	:	0.000000	1.000000	0.000000	0.000000	0.000000
96	tsk_96	(x)	1	:	0.000000	1.000000	0.000000	0.000000	0.000000
97	tsk_97	(x)	1	:	0.000000	0.487658	0.000000	0.000000	0.512342
98	tsk_98	(x)	1	:	0.000000	1.000000	0.000000	0.000000	0.000000
99	tsk_99	(x)	1	:	0.000000	1.000000	0.000000	0.000000	0.000000
