logL = -381.553490 (converged)
AIC = 2515.106981
BIC = 4797.236064

count.K
12 1 8 16 1 39 22 1 

