logL = -576.131821 (converged)
AIC = 2984.263641
BIC = 5370.599532

count.K
30 3 9 1 6 28 7 16 

