logL = -964.943480 (converged)
AIC = 3109.886960
BIC = 4646.937370

count.K
14 16 12 40 18 

