logL = -556.058575 (converged)
AIC = 2662.117150
BIC = 4681.124044

count.K
14 8 14 9 38 12 5 

