logL = -683.843390 (converged)
AIC = 3827.686780
BIC = 7032.046109

count.K
5 10 15 14 11 5 8 26 5 1 

