logL = -968.635544 (converged)
AIC = 4239.271088
BIC = 7237.821972

count.K
8 21 6 29 6 15 1 4 10 

