logL = -1279.674996 (converged)
AIC = 2911.349991
BIC = 3369.859944

count.K
28 72 

