logL = -460.590528 (converged)
AIC = 1423.181056
BIC = 2077.078773

count.K
10 26 64 

