0	tsk_0	(x)	1	:	0.000000	0.000000	0.999975	0.000000	0.000000	0.000025	0.000000
1	tsk_1	(x)	1	:	0.479982	0.500010	0.020007	0.000000	0.000000	0.000001	0.000000
2	tsk_2	(x)	1	:	0.000000	0.000000	0.000000	0.000000	1.000000	0.000000	0.000000
3	tsk_3	(x)	1	:	0.000000	0.000000	0.676471	0.323529	0.000000	0.000000	0.000000
4	tsk_4	(x)	1	:	0.000000	0.000000	0.999867	0.000000	0.000000	0.000133	0.000000
5	tsk_5	(x)	1	:	0.000000	0.499942	0.082743	0.000000	0.000000	0.000004	0.417312
6	tsk_6	(x)	1	:	0.000000	0.000000	0.999925	0.000000	0.000000	0.000075	0.000000
7	tsk_7	(x)	1	:	0.000000	0.499971	0.499993	0.000000	0.000000	0.000036	0.000000
8	tsk_8	(x)	1	:	0.000000	0.000000	0.999916	0.000000	0.000000	0.000084	0.000000
9	tsk_9	(x)	1	:	0.000000	0.499975	0.499993	0.000000	0.000000	0.000032	0.000000
10	tsk_10	(x)	1	:	0.000000	0.000000	0.289660	0.000000	0.293078	0.000025	0.417237
11	tsk_11	(x)	1	:	0.000000	0.000000	0.000000	0.000000	0.000000	1.000000	0.000000
12	tsk_12	(x)	1	:	0.000000	0.000000	0.582666	0.000000	0.000000	0.000000	0.417334
13	tsk_13	(x)	1	:	0.000000	0.000000	0.582745	0.000000	0.000000	0.000000	0.417255
14	tsk_14	(x)	1	:	0.000000	0.000000	0.582527	0.000000	0.000000	0.000067	0.417406
15	tsk_15	(x)	1	:	0.000000	0.000000	0.582666	0.000000	0.000000	0.000000	0.417334
16	tsk_16	(x)	1	:	0.000000	0.000000	0.582667	0.000000	0.000000	0.000000	0.417333
17	tsk_17	(x)	1	:	0.000000	0.499924	0.500016	0.000000	0.000000	0.000060	0.000000
18	tsk_18	(x)	1	:	0.000000	1.000000	0.000000	0.000000	0.000000	0.000000	0.000000
19	tsk_19	(x)	1	:	0.479823	0.000000	0.520177	0.000000	0.000000	0.000000	0.000000
20	tsk_20	(x)	1	:	0.479898	0.000000	0.520066	0.000000	0.000000	0.000036	0.000000
21	tsk_21	(x)	1	:	0.000000	0.000000	0.000000	0.000000	1.000000	0.000000	0.000000
22	tsk_22	(x)	1	:	0.000000	0.000000	0.999854	0.000000	0.000000	0.000146	0.000000
23	tsk_23	(x)	1	:	0.479962	0.000000	0.519998	0.000000	0.000000	0.000040	0.000000
24	tsk_24	(x)	1	:	0.000000	1.000000	0.000000	0.000000	0.000000	0.000000	0.000000
25	tsk_25	(x)	1	:	0.479767	0.000000	0.520233	0.000000	0.000000	0.000000	0.000000
26	tsk_26	(x)	1	:	0.479331	0.000000	0.146222	0.000000	0.374447	0.000000	0.000000
27	tsk_27	(x)	1	:	0.000000	0.000000	0.000000	0.000000	1.000000	0.000000	0.000000
28	tsk_28	(x)	1	:	0.000000	0.000000	0.000000	0.000000	0.000000	0.000000	1.000000
29	tsk_29	(x)	1	:	0.000000	0.000000	0.208497	0.000000	0.374829	0.000000	0.416674
30	tsk_30	(x)	1	:	0.000000	0.160888	0.072185	0.766928	0.000000	0.000000	0.000000
31	tsk_31	(x)	1	:	0.000000	0.000000	0.033298	0.327420	0.000000	0.000000	0.639282
32	tsk_32	(x)	1	:	0.000000	0.000000	0.000000	1.000000	0.000000	0.000000	0.000000
33	tsk_33	(x)	1	:	0.000000	0.000000	0.675937	0.324063	0.000000	0.000000	0.000000
34	tsk_34	(x)	1	:	0.000000	0.000000	0.000000	1.000000	0.000000	0.000000	0.000000
35	tsk_35	(x)	1	:	0.000000	0.000000	0.000002	0.999998	0.000000	0.000000	0.000000
36	tsk_36	(x)	1	:	0.000000	0.000000	0.000002	0.999998	0.000000	0.000000	0.000000
37	tsk_37	(x)	1	:	0.000000	0.000000	0.000000	1.000000	0.000000	0.000000	0.000000
38	tsk_38	(x)	1	:	0.000000	0.000000	0.675960	0.324040	0.000000	0.000000	0.000000
39	tsk_39	(x)	1	:	0.000000	0.160574	0.072965	0.766462	0.000000	0.000000	0.000000
40	tsk_40	(x)	1	:	0.477763	0.000000	0.201028	0.321209	0.000000	0.000000	0.000000
41	tsk_41	(x)	1	:	0.000000	0.145807	0.000000	0.516967	0.000000	0.000000	0.337226
42	tsk_42	(x)	1	:	0.000000	0.000000	0.582687	0.000000	0.000000	0.000000	0.417313
43	tsk_43	(x)	1	:	0.000000	0.162518	0.281014	0.556468	0.000000	0.000000	0.000000
44	tsk_44	(x)	1	:	0.000000	0.000000	0.582543	0.000000	0.000000	0.000066	0.417391
45	tsk_45	(x)	1	:	0.000000	0.145807	0.000000	0.516967	0.000000	0.000000	0.337226
46	tsk_46	(x)	1	:	0.000000	0.000000	0.000000	0.000000	0.000000	0.000000	1.000000
47	tsk_47	(x)	1	:	0.000000	0.000000	0.000000	0.000000	0.000000	0.000000	1.000000
48	tsk_48	(x)	1	:	0.000000	0.000000	0.000000	0.000000	0.000000	0.000000	1.000000
49	tsk_49	(x)	1	:	0.000000	0.000000	1.000000	0.000000	0.000000	0.000000	0.000000
50	tsk_50	(x)	1	:	0.000000	0.000000	0.999851	0.000000	0.000000	0.000149	0.000000
51	tsk_51	(x)	1	:	0.000000	0.000000	1.000000	0.000000	0.000000	0.000000	0.000000
52	tsk_52	(x)	1	:	0.479567	0.000000	0.196751	0.323681	0.000000	0.000000	0.000000
53	tsk_53	(x)	1	:	0.545096	0.000000	0.000000	0.000000	0.000000	0.000000	0.454904
54	tsk_54	(x)	1	:	0.479921	0.000000	0.520021	0.000000	0.000000	0.000058	0.000000
55	tsk_55	(x)	1	:	0.000000	0.000000	0.624518	0.000000	0.375482	0.000000	0.000000
56	tsk_56	(x)	1	:	0.000000	0.000000	0.999856	0.000000	0.000000	0.000144	0.000000
57	tsk_57	(x)	1	:	0.000000	0.000000	0.676006	0.323994	0.000000	0.000000	0.000000
58	tsk_58	(x)	1	:	0.693804	0.000000	0.000000	0.000000	0.000000	0.000000	0.306196
59	tsk_59	(x)	1	:	0.545096	0.000000	0.000000	0.000000	0.000000	0.000000	0.454904
60	tsk_60	(x)	1	:	0.000000	1.000000	0.000000	0.000000	0.000000	0.000000	0.000000
61	tsk_61	(x)	1	:	0.000000	0.499982	0.499994	0.000000	0.000000	0.000024	0.000000
62	tsk_62	(x)	1	:	0.000000	0.499970	0.124575	0.000000	0.375453	0.000003	0.000000
63	tsk_63	(x)	1	:	0.000000	0.499963	0.499994	0.000000	0.000000	0.000043	0.000000
64	tsk_64	(x)	1	:	0.000000	0.000000	0.176936	0.406514	0.000000	0.000000	0.416550
65	tsk_65	(x)	1	:	0.000000	0.499973	0.124565	0.000000	0.375460	0.000002	0.000000
66	tsk_66	(x)	1	:	0.000000	0.454970	0.000000	0.000000	0.000000	0.000000	0.545030
67	tsk_67	(x)	1	:	0.000000	1.000000	0.000000	0.000000	0.000000	0.000000	0.000000
68	tsk_68	(x)	1	:	0.000000	1.000000	0.000000	0.000000	0.000000	0.000000	0.000000
69	tsk_69	(x)	1	:	0.000000	1.000000	0.000000	0.000000	0.000000	0.000000	0.000000
70	tsk_70	(x)	1	:	0.589632	0.000000	0.410365	0.000000	0.000000	0.000003	0.000000
71	tsk_71	(x)	1	:	0.000000	0.000000	0.999892	0.000000	0.000000	0.000108	0.000000
72	tsk_72	(x)	1	:	1.000000	0.000000	0.000000	0.000000	0.000000	0.000000	0.000000
73	tsk_73	(x)	1	:	0.479949	0.000000	0.519994	0.000000	0.000000	0.000057	0.000000
74	tsk_74	(x)	1	:	0.339155	0.000000	0.000000	0.000000	0.000000	0.000000	0.660845
75	tsk_75	(x)	1	:	0.000000	0.000000	0.999851	0.000000	0.000000	0.000149	0.000000
76	tsk_76	(x)	1	:	0.000000	0.000000	0.582728	0.000000	0.000000	0.000000	0.417272
77	tsk_77	(x)	1	:	0.000000	0.498902	0.175779	0.325306	0.000000	0.000013	0.000000
78	tsk_78	(x)	1	:	0.000000	0.499982	0.499994	0.000000	0.000000	0.000024	0.000000
79	tsk_79	(x)	1	:	0.479992	0.500016	0.019990	0.000000	0.000000	0.000001	0.000000
80	tsk_80	(x)	1	:	0.000000	0.000000	0.706713	0.000000	0.293198	0.000089	0.000000
81	tsk_81	(x)	1	:	0.000000	0.000000	0.624505	0.000000	0.375486	0.000009	0.000000
82	tsk_82	(x)	1	:	0.000000	0.000000	0.706732	0.000000	0.293193	0.000076	0.000000
83	tsk_83	(x)	1	:	0.000000	0.500001	0.034297	0.000000	0.465702	0.000000	0.000000
84	tsk_84	(x)	1	:	0.000000	0.000000	0.999853	0.000000	0.000000	0.000147	0.000000
85	tsk_85	(x)	1	:	0.000000	0.499933	0.500008	0.000000	0.000000	0.000058	0.000000
86	tsk_86	(x)	1	:	0.000000	0.499990	0.206818	0.000000	0.293189	0.000003	0.000000
87	tsk_87	(x)	1	:	0.000000	0.499964	0.499994	0.000000	0.000000	0.000042	0.000000
88	tsk_88	(x)	1	:	0.479960	0.000000	0.226850	0.000000	0.293190	0.000000	0.000000
89	tsk_89	(x)	1	:	0.479947	0.000000	0.226870	0.000000	0.293177	0.000007	0.000000
90	tsk_90	(x)	1	:	0.000000	0.000000	0.999852	0.000000	0.000000	0.000148	0.000000
91	tsk_91	(x)	1	:	0.000000	0.000000	0.363608	0.000000	0.000000	0.000000	0.636392
92	tsk_92	(x)	1	:	0.000000	0.000000	1.000000	0.000000	0.000000	0.000000	0.000000
93	tsk_93	(x)	1	:	0.000000	0.000000	1.000000	0.000000	0.000000	0.000000	0.000000
94	tsk_94	(x)	1	:	0.000000	0.000000	0.000000	0.000000	0.000000	0.000000	1.000000
95	tsk_95	(x)	1	:	0.000000	0.000000	0.582768	0.000000	0.000000	0.000000	0.417232
96	tsk_96	(x)	1	:	0.000000	0.000000	0.582633	0.000000	0.000000	0.000014	0.417353
97	tsk_97	(x)	1	:	0.000000	0.000000	0.000000	0.000000	0.000000	0.000000	1.000000
98	tsk_98	(x)	1	:	0.000000	0.000000	1.000000	0.000000	0.000000	0.000000	0.000000
99	tsk_99	(x)	1	:	0.000000	0.000000	0.000000	0.000000	0.000000	0.000000	1.000000
