logL = -638.400403 (converged)
AIC = 1802.800806
BIC = 2487.960565

count.K
30 59 11 

