logL = -735.429473 (converged)
AIC = 2008.858947
BIC = 2709.649727

count.K
13 46 41 

