logL = -812.864178 (converged)
AIC = 2937.728357
BIC = 4646.719999

count.K
1 8 24 23 29 15 

