logL = -769.779573 (converged)
AIC = 3859.559145
BIC = 6881.556561

count.K
1 14 0 2 29 10 23 16 4 1 

