logL = -260.501433 (converged)
AIC = 2145.002866
BIC = 4260.401057

count.K
12 13 19 4 45 1 3 3 

