logL = -459.522479 (converged)
AIC = 2029.044957
BIC = 3474.914410

count.K
3 6 74 9 8 

