logL = -460.957107 (converged)
AIC = 3141.914213
BIC = 6033.653120

count.K
1 8 15 19 4 10 39 1 1 2 

