logL = -376.149901 (converged)
AIC = 2992.299802
BIC = 5910.090410

count.K
10 25 0 1 2 6 10 9 35 2 

