logL = -760.449862 (converged)
AIC = 3448.899723
BIC = 5960.283782

count.K
25 7 11 13 11 6 15 12 

