logL = -691.519595 (converged)
AIC = 2183.039189
BIC = 3225.107264

count.K
33 32 22 13 

