logL = -677.347528 (converged)
AIC = 3298.695056
BIC = 5830.920476

count.K
6 15 4 3 27 11 18 16 

