logL = -398.072572 (converged)
AIC = 2484.145145
BIC = 4682.908782

count.K
41 2 22 6 16 1 4 8 

