logL = -589.986870 (converged)
AIC = 1503.973741
BIC = 1926.011311

count.K
95 5 

