logL = -662.628534 (converged)
AIC = 2465.257067
BIC = 3950.204073

count.K
20 28 9 16 27 

