logL = -1122.707975 (converged)
AIC = 2581.415950
BIC = 3019.084542

count.K
9 91 

