logL = -480.354248 (converged)
AIC = 3120.708496
BIC = 5934.292297

count.K
6 13 8 15 7 1 15 2 32 1 

