logL = -567.424793 (converged)
AIC = 2950.849585
BIC = 5316.344114

count.K
3 26 0 28 9 19 7 8 

