logL = -1075.575975 (converged)
AIC = 3301.151949
BIC = 4799.124806

count.K
1 11 51 17 20 

