logL = -584.573276 (converged)
AIC = 3327.146552
BIC = 6138.125182

count.K
7 12 4 20 14 16 14 9 4 

