logL = -866.505366 (converged)
AIC = 2017.010732
BIC = 2386.944899

count.K
57 43 

