logL = -556.166206 (converged)
AIC = 1912.332412
BIC = 2954.400486

count.K
34 17 47 2 

