logL = -440.538657 (converged)
AIC = 1407.077315
BIC = 2092.237074

count.K
13 74 13 

