logL = -536.964082 (converged)
AIC = 1593.928164
BIC = 2271.272413

count.K
58 26 16 

