logL = -483.784388 (converged)
AIC = 1235.568776
BIC = 1584.661581

count.K
45 55 

