logL = -1745.863912 (converged)
AIC = 4921.727824
BIC = 6784.424507

count.K
32 23 5 11 29 

