logL = -946.672949 (converged)
AIC = 2431.345898
BIC = 3132.136678

count.K
49 20 31 

