logL = -445.967244 (converged)
AIC = 2191.934488
BIC = 3885.295109

count.K
15 5 11 3 48 18 

