logL = -861.834083 (converged)
AIC = 2547.668166
BIC = 3620.998283

count.K
22 15 50 13 

