logL = -488.598542 (converged)
AIC = 2991.197083
BIC = 5614.603460

count.K
20 1 10 3 37 8 11 2 8 

