logL = -1004.009828 (converged)
AIC = 2912.019657
BIC = 4089.556581

count.K
21 22 27 30 

