logL = -827.002422 (converged)
AIC = 2204.004843
BIC = 2920.426644

count.K
42 24 34 

