logL = -780.329234 (converged)
AIC = 2670.658468
BIC = 4116.527921

count.K
20 22 21 24 13 

