logL = -1190.563848 (converged)
AIC = 3501.127696
BIC = 4960.023001

count.K
53 13 6 28 0 

