logL = -576.980865 (converged)
AIC = 1685.961731
BIC = 2378.937000

count.K
50 41 9 

