0	tsk_0	(x)	1	:	0.000000	0.000000	0.026458	0.488884	0.000000	0.024228	0.460431	0.000000	0.000000	0.000000
1	tsk_1	(x)	1	:	0.024017	0.000000	0.007804	0.488946	0.470880	0.008353	0.000000	0.000000	0.000000	0.000000
2	tsk_2	(x)	1	:	0.000000	0.000000	0.000000	0.000000	1.000000	0.000000	0.000000	0.000000	0.000000	0.000000
3	tsk_3	(x)	1	:	0.000000	0.000000	0.000000	0.000000	1.000000	0.000000	0.000000	0.000000	0.000000	0.000000
4	tsk_4	(x)	1	:	0.026972	0.000000	0.317888	0.000000	0.468739	0.186402	0.000000	0.000000	0.000000	0.000000
5	tsk_5	(x)	1	:	0.000000	0.000000	0.000000	0.000000	1.000000	0.000000	0.000000	0.000000	0.000000	0.000000
6	tsk_6	(x)	1	:	0.026209	0.000000	0.355848	0.000000	0.469312	0.148631	0.000000	0.000000	0.000000	0.000000
7	tsk_7	(x)	1	:	0.531934	0.000000	0.000000	0.000000	0.468065	0.000000	0.000000	0.000000	0.000000	0.000000
8	tsk_8	(x)	1	:	0.000000	0.000000	0.000000	0.570436	0.000000	0.000000	0.000000	0.000000	0.429564	0.000000
9	tsk_9	(x)	1	:	0.000000	0.000000	0.000000	0.000000	1.000000	0.000000	0.000000	0.000000	0.000000	0.000000
10	tsk_10	(x)	1	:	0.000000	0.000000	0.000000	0.000000	0.000000	0.000000	0.000000	1.000000	0.000000	0.000000
11	tsk_11	(x)	1	:	0.000000	0.000000	0.000000	0.060614	0.000000	0.510364	0.000000	0.000000	0.429023	0.000000
12	tsk_12	(x)	1	:	0.024291	0.000000	0.012013	0.060403	0.470823	0.003291	0.000000	0.000000	0.429179	0.000000
13	tsk_13	(x)	1	:	0.000000	0.000000	0.010898	0.488872	0.000000	0.039823	0.460407	0.000000	0.000000	0.000000
14	tsk_14	(x)	1	:	0.000000	0.000000	0.003651	0.488858	0.000000	0.047112	0.460378	0.000000	0.000000	0.000000
15	tsk_15	(x)	1	:	1.000000	0.000000	0.000000	0.000000	0.000000	0.000000	0.000000	0.000000	0.000000	0.000000
16	tsk_16	(x)	1	:	0.000000	0.000000	0.000000	0.570436	0.000000	0.000000	0.000000	0.000000	0.429564	0.000000
17	tsk_17	(x)	1	:	0.000000	0.000000	0.516504	0.000000	0.000000	0.483495	0.000000	0.000000	0.000000	0.000000
18	tsk_18	(x)	1	:	1.000000	0.000000	0.000000	0.000000	0.000000	0.000000	0.000000	0.000000	0.000000	0.000000
19	tsk_19	(x)	1	:	0.000000	0.000000	0.018900	0.060471	0.000000	0.030774	0.460793	0.000000	0.429063	0.000000
20	tsk_20	(x)	1	:	0.505671	0.000000	0.000000	0.055887	0.000000	0.000000	0.000000	0.000000	0.438443	0.000000
21	tsk_21	(x)	1	:	0.000146	0.999853	0.000000	0.000000	0.000000	0.000000	0.000000	0.000000	0.000000	0.000001
22	tsk_22	(x)	1	:	0.611444	0.388556	0.000000	0.000000	0.000000	0.000000	0.000000	0.000000	0.000000	0.000000
23	tsk_23	(x)	1	:	0.000059	0.496000	0.000000	0.000109	0.000000	0.000000	0.000000	0.000000	0.503832	0.000000
24	tsk_24	(x)	1	:	0.611454	0.388546	0.000000	0.000000	0.000000	0.000000	0.000000	0.000000	0.000000	0.000000
25	tsk_25	(x)	1	:	0.000140	0.999859	0.000000	0.000000	0.000000	0.000000	0.000000	0.000000	0.000000	0.000001
26	tsk_26	(x)	1	:	0.000149	0.999850	0.000000	0.000000	0.000000	0.000000	0.000000	0.000000	0.000000	0.000001
27	tsk_27	(x)	1	:	0.144731	0.387905	0.000000	0.000000	0.467364	0.000000	0.000000	0.000000	0.000000	0.000000
28	tsk_28	(x)	1	:	1.000000	0.000000	0.000000	0.000000	0.000000	0.000000	0.000000	0.000000	0.000000	0.000000
29	tsk_29	(x)	1	:	0.143657	0.388404	0.000000	0.000000	0.467939	0.000000	0.000000	0.000000	0.000000	0.000000
30	tsk_30	(x)	1	:	0.506823	0.000000	0.000000	0.000000	0.000000	0.000000	0.493177	0.000000	0.000000	0.000000
31	tsk_31	(x)	1	:	0.495920	0.000000	0.355277	0.000000	0.000000	0.148802	0.000000	0.000000	0.000000	0.000000
32	tsk_32	(x)	1	:	0.499404	0.000000	0.017586	0.000000	0.000000	0.011542	0.471468	0.000000	0.000000	0.000000
33	tsk_33	(x)	1	:	0.000000	0.000000	0.000000	0.000000	0.000000	0.000000	1.000000	0.000000	0.000000	0.000000
34	tsk_34	(x)	1	:	0.495920	0.000000	0.336268	0.000000	0.000000	0.167811	0.000000	0.000000	0.000000	0.000000
35	tsk_35	(x)	1	:	0.000000	0.000000	0.522140	0.000000	0.000000	0.477860	0.000000	0.000000	0.000000	0.000000
36	tsk_36	(x)	1	:	1.000000	0.000000	0.000000	0.000000	0.000000	0.000000	0.000000	0.000000	0.000000	0.000000
37	tsk_37	(x)	1	:	0.000000	0.000000	0.561397	0.000000	0.000000	0.438603	0.000000	0.000000	0.000000	0.000000
38	tsk_38	(x)	1	:	0.000000	0.000000	0.602161	0.000000	0.000000	0.397839	0.000000	0.000000	0.000000	0.000000
39	tsk_39	(x)	1	:	0.000000	0.000000	0.225438	0.000000	0.000000	0.313653	0.460909	0.000000	0.000000	0.000000
40	tsk_40	(x)	1	:	0.000000	0.000000	0.000000	0.000000	0.000000	0.000000	1.000000	0.000000	0.000000	0.000000
41	tsk_41	(x)	1	:	0.506823	0.000000	0.000000	0.000000	0.000000	0.000000	0.493177	0.000000	0.000000	0.000000
42	tsk_42	(x)	1	:	0.495920	0.000000	0.305968	0.000000	0.000000	0.198112	0.000000	0.000000	0.000000	0.000000
43	tsk_43	(x)	1	:	0.506823	0.000000	0.000000	0.000000	0.000000	0.000000	0.493177	0.000000	0.000000	0.000000
44	tsk_44	(x)	1	:	0.000000	0.000000	0.003147	0.280113	0.000000	0.046475	0.461019	0.000000	0.209246	0.000000
45	tsk_45	(x)	1	:	0.109037	0.387438	0.006196	0.000000	0.000000	0.035874	0.461455	0.000000	0.000000	0.000000
46	tsk_46	(x)	1	:	0.498614	0.000000	0.022023	0.000000	0.000000	0.010268	0.469094	0.000000	0.000000	0.000000
47	tsk_47	(x)	1	:	0.504772	0.000000	0.000000	0.000000	0.000000	0.007951	0.487277	0.000000	0.000000	0.000000
48	tsk_48	(x)	1	:	0.531961	0.000000	0.000000	0.000000	0.468039	0.000000	0.000000	0.000000	0.000000	0.000000
49	tsk_49	(x)	1	:	0.024215	0.000000	0.015181	0.000000	0.470688	0.029526	0.460390	0.000000	0.000000	0.000000
50	tsk_50	(x)	1	:	1.000000	0.000000	0.000000	0.000000	0.000000	0.000000	0.000000	0.000000	0.000000	0.000000
51	tsk_51	(x)	1	:	0.000002	0.000000	0.346100	0.000000	0.000000	0.153900	0.000000	0.000000	0.000000	0.499998
52	tsk_52	(x)	1	:	0.424816	0.575184	0.000000	0.000000	0.000000	0.000000	0.000000	0.000000	0.000000	0.000000
53	tsk_53	(x)	1	:	1.000000	0.000000	0.000000	0.000000	0.000000	0.000000	0.000000	0.000000	0.000000	0.000000
54	tsk_54	(x)	1	:	1.000000	0.000000	0.000000	0.000000	0.000000	0.000000	0.000000	0.000000	0.000000	0.000000
55	tsk_55	(x)	1	:	0.021357	0.000000	0.010236	0.489241	0.473025	0.006141	0.000000	0.000000	0.000000	0.000000
56	tsk_56	(x)	1	:	0.000005	0.000000	0.411974	0.000000	0.000000	0.088025	0.000000	0.000000	0.000000	0.499996
57	tsk_57	(x)	1	:	0.000000	0.000000	0.210979	0.489116	0.000000	0.299905	0.000000	0.000000	0.000000	0.000000
58	tsk_58	(x)	1	:	0.424809	0.575191	0.000000	0.000000	0.000000	0.000000	0.000000	0.000000	0.000000	0.000000
59	tsk_59	(x)	1	:	0.495921	0.000000	0.353308	0.000000	0.000000	0.150771	0.000000	0.000000	0.000000	0.000000
60	tsk_60	(x)	1	:	0.000000	0.000000	0.000000	0.000000	0.000000	0.000000	0.000000	0.000000	1.000000	0.000000
61	tsk_61	(x)	1	:	0.000000	0.000000	0.000000	0.000000	0.000000	0.000000	0.000000	0.000000	1.000000	0.000000
62	tsk_62	(x)	1	:	0.000000	0.000000	0.376166	0.000000	0.000000	0.623834	0.000000	0.000000	0.000000	0.000000
63	tsk_63	(x)	1	:	0.000000	0.000000	0.000000	0.000000	0.000000	0.000000	0.000000	0.000000	1.000000	0.000000
64	tsk_64	(x)	1	:	0.000000	0.000000	0.190952	0.357766	0.000000	0.155669	0.000000	0.000000	0.295613	0.000000
65	tsk_65	(x)	1	:	0.000000	0.000000	0.240664	0.000094	0.000000	0.223429	0.000000	0.000000	0.535814	0.000000
66	tsk_66	(x)	1	:	0.000000	0.000000	0.000000	0.000000	0.000000	0.000000	0.000000	0.000000	1.000000	0.000000
67	tsk_67	(x)	1	:	0.000000	0.000000	0.234392	0.000000	0.000000	0.765607	0.000000	0.000000	0.000000	0.000000
68	tsk_68	(x)	1	:	0.000000	0.000000	0.517194	0.000000	0.000000	0.482806	0.000000	0.000000	0.000000	0.000000
69	tsk_69	(x)	1	:	0.000000	0.000000	0.684625	0.000000	0.000000	0.315375	0.000000	0.000000	0.000000	0.000000
70	tsk_70	(x)	1	:	0.000000	0.000000	0.361366	0.489116	0.000000	0.149518	0.000000	0.000000	0.000000	0.000000
71	tsk_71	(x)	1	:	0.027986	0.000000	0.292002	0.000000	0.467977	0.212036	0.000000	0.000000	0.000000	0.000000
72	tsk_72	(x)	1	:	0.000000	0.000000	0.681610	0.000000	0.000000	0.318390	0.000000	0.000000	0.000000	0.000000
73	tsk_73	(x)	1	:	0.000000	0.000000	0.612803	0.000000	0.000000	0.387197	0.000000	0.000000	0.000000	0.000000
74	tsk_74	(x)	1	:	0.000000	0.000000	0.000000	0.000000	0.000000	0.000000	1.000000	0.000000	0.000000	0.000000
75	tsk_75	(x)	1	:	0.025883	0.000000	0.093254	0.000000	0.469557	0.411306	0.000000	0.000000	0.000000	0.000000
76	tsk_76	(x)	1	:	0.000000	0.000000	0.136711	0.489116	0.000000	0.374173	0.000000	0.000000	0.000000	0.000000
77	tsk_77	(x)	1	:	0.047534	0.396673	0.000000	0.000000	0.000000	0.000010	0.555783	0.000000	0.000000	0.000000
78	tsk_78	(x)	1	:	0.000000	0.000000	0.268381	0.000000	0.000000	0.231619	0.000000	0.500000	0.000000	0.000000
79	tsk_79	(x)	1	:	0.000000	0.000000	0.000000	0.000000	1.000000	0.000000	0.000000	0.000000	0.000000	0.000000
80	tsk_80	(x)	1	:	0.000000	0.000000	0.000000	0.000000	0.000000	0.000000	0.000000	0.000000	1.000000	0.000000
81	tsk_81	(x)	1	:	0.000000	0.000000	0.000000	0.000000	0.000000	0.000000	0.000000	1.000000	0.000000	0.000000
82	tsk_82	(x)	1	:	0.009084	0.000000	0.000000	0.000000	0.467751	0.000000	0.000000	0.000000	0.523165	0.000000
83	tsk_83	(x)	1	:	0.531930	0.000000	0.000000	0.000000	0.468070	0.000000	0.000000	0.000000	0.000000	0.000000
84	tsk_84	(x)	1	:	0.024241	0.000000	0.000000	0.000000	0.472929	0.000000	0.000000	0.502830	0.000000	0.000000
85	tsk_85	(x)	1	:	0.000000	0.000000	0.000000	0.000001	0.000000	0.000000	0.000000	0.482890	0.517108	0.000000
86	tsk_86	(x)	1	:	0.476790	0.000000	0.000000	0.000000	0.000000	0.000000	0.000000	0.000000	0.523209	0.000000
87	tsk_87	(x)	1	:	0.007622	0.000000	0.000000	0.000000	0.469041	0.000000	0.000000	0.000000	0.523336	0.000000
88	tsk_88	(x)	1	:	0.476790	0.000000	0.000000	0.000000	0.000000	0.000000	0.000000	0.000000	0.523210	0.000000
89	tsk_89	(x)	1	:	0.000000	0.000000	0.000000	0.000000	0.000000	0.000000	0.000000	0.000000	1.000000	0.000000
90	tsk_90	(x)	1	:	0.495921	0.000000	0.235773	0.000000	0.000000	0.268306	0.000000	0.000000	0.000000	0.000000
91	tsk_91	(x)	1	:	0.495920	0.000000	0.303797	0.000000	0.000000	0.200283	0.000000	0.000000	0.000000	0.000000
92	tsk_92	(x)	1	:	0.495921	0.000000	0.122829	0.000000	0.000000	0.381250	0.000000	0.000000	0.000000	0.000000
93	tsk_93	(x)	1	:	1.000000	0.000000	0.000000	0.000000	0.000000	0.000000	0.000000	0.000000	0.000000	0.000000
94	tsk_94	(x)	1	:	0.000000	0.000000	0.194847	0.000000	0.000000	0.305153	0.000000	0.500000	0.000000	0.000000
95	tsk_95	(x)	1	:	0.000000	0.000000	0.476937	0.000000	0.000000	0.523062	0.000000	0.000000	0.000000	0.000000
96	tsk_96	(x)	1	:	0.025626	0.000000	0.111771	0.000000	0.469750	0.392853	0.000000	0.000000	0.000000	0.000000
97	tsk_97	(x)	1	:	0.495920	0.000000	0.146823	0.000000	0.000000	0.357257	0.000000	0.000000	0.000000	0.000000
98	tsk_98	(x)	1	:	0.000000	0.000000	0.350307	0.000000	0.000000	0.649693	0.000000	0.000000	0.000000	0.000000
99	tsk_99	(x)	1	:	0.000000	0.000000	0.229697	0.000000	0.000000	0.309393	0.460909	0.000000	0.000000	0.000000
