logL = -304.152687 (converged)
AIC = 2460.305374
BIC = 4872.692966

count.K
8 19 17 10 4 1 2 36 3 

