logL = -546.205395 (converged)
AIC = 3452.410789
BIC = 6526.511609

count.K
2 5 2 54 2 8 3 2 3 19 

