logL = -218.015345 (converged)
AIC = 1164.030691
BIC = 2112.312638

count.K
53 25 11 11 

