logL = -313.861047 (converged)
AIC = 2867.722093
BIC = 5785.512702

count.K
3 1 2 15 47 6 1 8 9 8 

