logL = -735.056662 (converged)
AIC = 3118.113323
BIC = 5264.773556

count.K
20 25 6 12 12 7 18 

