logL = -1081.219977 (converged)
AIC = 2606.439954
BIC = 3184.787736

count.K
3 97 

