0	tsk_0	(x)	1	:	0.000000	0.000000	0.000000	0.000000	0.000000	0.000000	0.000000	0.477314	0.522686	0.000000
1	tsk_1	(x)	1	:	0.000000	0.000000	0.000000	0.000000	0.000000	0.000000	0.000000	0.579742	0.420258	0.000000
2	tsk_2	(x)	1	:	0.000000	0.000000	0.000000	0.000000	0.000000	0.558092	0.000000	0.093673	0.348235	0.000000
3	tsk_3	(x)	1	:	0.000000	0.000000	0.000000	0.000000	0.000000	0.000000	0.000000	0.778700	0.221300	0.000000
4	tsk_4	(x)	1	:	0.000000	0.000000	0.000000	0.000000	0.000000	0.479220	0.000000	0.000000	0.520780	0.000000
5	tsk_5	(x)	1	:	0.000000	0.000000	0.000000	0.000000	0.000000	0.479220	0.000000	0.163857	0.356923	0.000000
6	tsk_6	(x)	1	:	0.500000	0.000000	0.000000	0.000000	0.000000	0.000000	0.000000	0.265374	0.234626	0.000000
7	tsk_7	(x)	1	:	0.000000	0.000000	0.554840	0.000000	0.000000	0.000000	0.000000	0.013494	0.431667	0.000000
8	tsk_8	(x)	1	:	0.000000	0.000000	0.000000	0.000000	0.000000	1.000000	0.000000	0.000000	0.000000	0.000000
9	tsk_9	(x)	1	:	0.000000	0.000000	0.000000	0.000000	0.000000	0.558092	0.000000	0.117491	0.324417	0.000000
10	tsk_10	(x)	1	:	0.000000	0.000000	0.000000	0.000000	0.000000	0.468941	0.000000	0.000000	0.000000	0.531059
11	tsk_11	(x)	1	:	0.531059	0.000000	0.000000	0.000000	0.000000	0.468940	0.000000	0.000000	0.000000	0.000000
12	tsk_12	(x)	1	:	0.000000	0.000000	0.494123	0.000000	0.000000	0.000013	0.505847	0.000004	0.000012	0.000000
13	tsk_13	(x)	1	:	0.000000	0.000000	0.000000	0.000000	0.000000	0.479220	0.000000	0.137262	0.383518	0.000000
14	tsk_14	(x)	1	:	0.000000	0.000000	0.533444	0.000000	0.000000	0.466555	0.000000	0.000000	0.000000	0.000000
15	tsk_15	(x)	1	:	0.000000	0.000000	0.490085	0.000000	0.000000	0.000057	0.000000	0.000000	0.000000	0.509858
16	tsk_16	(x)	1	:	0.514080	0.000000	0.000000	0.485920	0.000000	0.000000	0.000000	0.000000	0.000000	0.000000
17	tsk_17	(x)	1	:	0.500000	0.000000	0.000000	0.000000	0.000000	0.000000	0.000000	0.000000	0.000000	0.500000
18	tsk_18	(x)	1	:	0.000000	0.000000	0.492601	0.000000	0.000000	0.000065	0.000000	0.122663	0.384670	0.000000
19	tsk_19	(x)	1	:	0.000000	0.000000	0.000000	0.000000	0.000000	0.000000	0.499921	0.254960	0.245119	0.000000
20	tsk_20	(x)	1	:	0.000000	0.000000	0.000000	0.000000	0.000000	0.000000	0.000000	0.476636	0.523364	0.000000
21	tsk_21	(x)	1	:	0.000000	0.000000	0.000000	0.000000	0.000000	0.000000	0.000000	0.315827	0.684173	0.000000
22	tsk_22	(x)	1	:	0.000000	0.000000	0.533444	0.000000	0.000000	0.466555	0.000000	0.000000	0.000000	0.000000
23	tsk_23	(x)	1	:	0.000000	0.000000	0.000000	0.000000	0.000000	0.479220	0.000000	0.081037	0.439744	0.000000
24	tsk_24	(x)	1	:	0.000000	0.000000	0.000000	0.000000	0.000000	0.000000	0.000000	0.182562	0.817438	0.000000
25	tsk_25	(x)	1	:	0.500000	0.000000	0.000000	0.000000	0.000000	0.000000	0.000000	0.000000	0.000000	0.500000
26	tsk_26	(x)	1	:	0.000000	0.000000	0.000000	0.109388	0.000000	0.000000	0.000000	0.570728	0.319884	0.000000
27	tsk_27	(x)	1	:	0.500000	0.000000	0.000000	0.000000	0.000000	0.000000	0.000000	0.241166	0.258834	0.000000
28	tsk_28	(x)	1	:	0.000000	0.000000	0.000000	0.000000	0.000000	0.000000	0.000000	0.239804	0.760196	0.000000
29	tsk_29	(x)	1	:	0.000000	0.000000	0.000000	0.000000	0.000000	0.000000	0.000000	0.693827	0.306173	0.000000
30	tsk_30	(x)	1	:	0.000000	0.000000	0.000000	0.000000	0.000000	0.000000	0.499999	0.000015	0.000008	0.499978
31	tsk_31	(x)	1	:	1.000000	0.000000	0.000000	0.000000	0.000000	0.000000	0.000000	0.000000	0.000000	0.000000
32	tsk_32	(x)	1	:	0.500000	0.000000	0.000000	0.000000	0.000000	0.000000	0.000000	0.193870	0.306130	0.000000
33	tsk_33	(x)	1	:	0.499982	0.000000	0.000000	0.000000	0.000034	0.000000	0.000000	0.000000	0.000000	0.499985
34	tsk_34	(x)	1	:	0.000000	0.000000	0.000000	0.000000	0.000000	0.000000	0.499921	0.170238	0.329841	0.000000
35	tsk_35	(x)	1	:	0.000000	0.000000	0.000000	0.000000	0.000000	0.000000	0.499995	0.000010	0.000018	0.499977
36	tsk_36	(x)	1	:	0.531059	0.000000	0.000000	0.000000	0.000000	0.468940	0.000000	0.000000	0.000000	0.000000
37	tsk_37	(x)	1	:	0.000000	0.000000	0.000000	0.000000	0.000000	0.000000	0.000000	0.000000	0.000000	1.000000
38	tsk_38	(x)	1	:	0.499975	0.000000	0.000000	0.000000	0.000000	0.000000	0.499988	0.000029	0.000007	0.000000
39	tsk_39	(x)	1	:	0.000000	0.000000	0.000000	0.000000	0.000000	0.000000	0.000000	0.168674	0.331326	0.500000
40	tsk_40	(x)	1	:	0.000000	0.000000	0.000000	0.000000	0.000000	0.558099	0.000000	0.108731	0.333170	0.000000
41	tsk_41	(x)	1	:	0.000000	0.000000	0.000000	0.000000	0.000000	0.000000	0.000000	0.582057	0.417943	0.000000
42	tsk_42	(x)	1	:	0.000000	0.000000	0.000000	0.000000	0.000000	0.000000	0.000000	1.000000	0.000000	0.000000
43	tsk_43	(x)	1	:	0.000000	0.000000	0.000000	0.000000	0.000000	0.000000	0.000000	0.062076	0.437924	0.500000
44	tsk_44	(x)	1	:	0.000000	0.000000	0.000000	0.000000	0.000000	0.000000	0.000000	0.184979	0.315020	0.500000
45	tsk_45	(x)	1	:	0.000000	0.000000	0.000000	0.000000	0.000000	0.479220	0.000000	0.225105	0.295675	0.000000
46	tsk_46	(x)	1	:	0.000000	0.000000	0.000000	0.000000	0.000000	0.000000	0.000000	0.183842	0.816158	0.000000
47	tsk_47	(x)	1	:	0.000000	0.000000	0.000000	0.000000	0.000000	0.000000	0.000000	0.312084	0.687916	0.000000
48	tsk_48	(x)	1	:	0.000000	0.000000	0.000000	0.000000	0.000000	0.000000	0.000000	0.167025	0.332975	0.500000
49	tsk_49	(x)	1	:	0.000000	0.000000	0.000000	0.000000	0.000000	0.000000	0.000000	0.353216	0.146784	0.500000
50	tsk_50	(x)	1	:	1.000000	0.000000	0.000000	0.000000	0.000000	0.000000	0.000000	0.000000	0.000000	0.000000
51	tsk_51	(x)	1	:	0.500000	0.000000	0.000000	0.000000	0.000000	0.000000	0.000000	0.192291	0.307709	0.000000
52	tsk_52	(x)	1	:	1.000000	0.000000	0.000000	0.000000	0.000000	0.000000	0.000000	0.000000	0.000000	0.000000
53	tsk_53	(x)	1	:	1.000000	0.000000	0.000000	0.000000	0.000000	0.000000	0.000000	0.000000	0.000000	0.000000
54	tsk_54	(x)	1	:	0.418466	0.000000	0.000000	0.000000	0.000000	0.581534	0.000000	0.000000	0.000000	0.000000
55	tsk_55	(x)	1	:	1.000000	0.000000	0.000000	0.000000	0.000000	0.000000	0.000000	0.000000	0.000000	0.000000
56	tsk_56	(x)	1	:	1.000000	0.000000	0.000000	0.000000	0.000000	0.000000	0.000000	0.000000	0.000000	0.000000
57	tsk_57	(x)	1	:	0.000006	0.999994	0.000000	0.000000	0.000000	0.000000	0.000000	0.000000	0.000000	0.000000
58	tsk_58	(x)	1	:	1.000000	0.000000	0.000000	0.000000	0.000000	0.000000	0.000000	0.000000	0.000000	0.000000
59	tsk_59	(x)	1	:	1.000000	0.000000	0.000000	0.000000	0.000000	0.000000	0.000000	0.000000	0.000000	0.000000
60	tsk_60	(x)	1	:	0.500000	0.000000	0.000000	0.000000	0.000000	0.000000	0.000000	0.000000	0.000000	0.500000
61	tsk_61	(x)	1	:	0.000000	0.000000	0.000000	0.000000	0.000000	0.000000	0.000000	0.000000	0.000000	1.000000
62	tsk_62	(x)	1	:	0.000000	0.000000	0.000000	0.484230	0.000000	0.002511	0.000000	0.000000	0.000000	0.513259
63	tsk_63	(x)	1	:	0.000000	0.000000	0.000000	0.000000	0.000000	0.000000	0.000000	0.000000	0.000000	1.000000
64	tsk_64	(x)	1	:	0.000000	0.000000	0.000000	0.484133	0.000000	0.002655	0.000000	0.000000	0.000000	0.513212
65	tsk_65	(x)	1	:	0.000000	0.000000	0.000000	0.484118	0.000000	0.002678	0.000000	0.000000	0.000000	0.513205
66	tsk_66	(x)	1	:	0.000000	0.000000	0.000000	0.000000	0.000000	0.000000	0.000000	0.055439	0.444561	0.500000
67	tsk_67	(x)	1	:	0.000000	0.000000	0.000000	0.484122	0.000000	0.002672	0.000000	0.000000	0.000000	0.513207
68	tsk_68	(x)	1	:	0.000000	0.000000	0.000000	0.484221	0.000000	0.002525	0.000000	0.000000	0.000000	0.513254
69	tsk_69	(x)	1	:	0.000000	0.000000	0.000000	0.000000	0.000000	0.000000	0.000000	0.000000	0.000000	1.000000
70	tsk_70	(x)	1	:	0.500000	0.000000	0.000000	0.000000	0.000000	0.000000	0.000000	0.145594	0.354406	0.000000
71	tsk_71	(x)	1	:	0.000000	0.000000	0.000000	0.000000	0.000000	0.000000	0.000000	0.155784	0.844216	0.000000
72	tsk_72	(x)	1	:	0.000000	0.000000	0.000000	0.000000	0.000000	0.000000	0.000000	0.646312	0.353688	0.000000
73	tsk_73	(x)	1	:	0.000000	0.000000	0.000000	0.000000	0.000000	0.479220	0.000000	0.103608	0.417172	0.000000
74	tsk_74	(x)	1	:	0.000000	0.000000	0.000000	0.000000	0.000000	0.000000	0.000000	0.060449	0.939551	0.000000
75	tsk_75	(x)	1	:	1.000000	0.000000	0.000000	0.000000	0.000000	0.000000	0.000000	0.000000	0.000000	0.000000
76	tsk_76	(x)	1	:	0.500000	0.000000	0.000000	0.000000	0.000000	0.000000	0.000000	0.090170	0.409830	0.000000
77	tsk_77	(x)	1	:	1.000000	0.000000	0.000000	0.000000	0.000000	0.000000	0.000000	0.000000	0.000000	0.000000
78	tsk_78	(x)	1	:	0.500000	0.000000	0.000000	0.000000	0.000000	0.000000	0.000000	0.214954	0.285046	0.000000
79	tsk_79	(x)	1	:	1.000000	0.000000	0.000000	0.000000	0.000000	0.000000	0.000000	0.000000	0.000000	0.000000
80	tsk_80	(x)	1	:	0.500000	0.000000	0.000000	0.000000	0.000000	0.000000	0.000000	0.352105	0.147895	0.000000
81	tsk_81	(x)	1	:	0.000000	0.000000	0.000000	0.000000	0.000000	0.000000	0.499921	0.340425	0.159654	0.000000
82	tsk_82	(x)	1	:	0.000000	0.000000	0.000000	0.000000	0.000000	0.000000	0.000000	0.689339	0.310661	0.000000
83	tsk_83	(x)	1	:	0.000000	0.000000	0.000000	0.000000	0.000000	0.000000	0.499921	0.249975	0.250104	0.000000
84	tsk_84	(x)	1	:	0.000000	0.000000	0.000000	0.000000	0.000000	0.000000	0.000000	0.407282	0.592718	0.000000
85	tsk_85	(x)	1	:	0.000000	0.000000	0.000000	0.000000	0.000000	0.000000	0.000000	0.503028	0.496972	0.000000
86	tsk_86	(x)	1	:	0.000000	0.000000	0.000000	0.000000	0.000000	0.000000	0.499921	0.342271	0.157809	0.000000
87	tsk_87	(x)	1	:	0.000000	0.000000	0.000000	0.000000	0.000000	0.000000	0.499921	0.152286	0.347794	0.000000
88	tsk_88	(x)	1	:	0.000000	0.000000	0.000000	0.000000	0.000000	0.000000	0.499921	0.248661	0.251418	0.000000
89	tsk_89	(x)	1	:	0.000000	0.000000	0.000000	0.000000	0.000000	0.000000	0.000000	0.429208	0.570792	0.000000
90	tsk_90	(x)	1	:	0.000000	0.086486	0.000000	0.000000	0.000000	0.000000	0.000000	0.232456	0.681058	0.000000
91	tsk_91	(x)	1	:	0.000000	0.000000	0.000000	0.000000	0.000000	0.000000	0.500002	0.000007	0.000012	0.499980
92	tsk_92	(x)	1	:	0.000000	0.000000	0.000000	0.000000	0.000000	0.000000	0.000000	0.177400	0.322600	0.500000
93	tsk_93	(x)	1	:	0.000000	0.000000	0.000000	0.000000	0.000000	0.000000	0.499921	0.215789	0.284290	0.000000
94	tsk_94	(x)	1	:	0.000000	0.122864	0.000000	0.000000	0.000000	0.000000	0.000000	0.273118	0.185381	0.418636
95	tsk_95	(x)	1	:	0.000000	0.000000	0.000000	0.000000	0.597102	0.000000	0.000000	0.111718	0.291179	0.000000
96	tsk_96	(x)	1	:	0.000000	0.000000	0.000000	0.000000	0.000000	0.000000	1.000000	0.000000	0.000000	0.000000
97	tsk_97	(x)	1	:	0.000000	0.000000	0.000000	0.000000	0.000000	0.000000	0.000000	0.227084	0.272916	0.500000
98	tsk_98	(x)	1	:	0.000000	0.086486	0.000000	0.000000	0.000000	0.000000	0.000000	0.284945	0.628570	0.000000
99	tsk_99	(x)	1	:	0.000000	0.000000	0.000000	0.000000	0.340895	0.000000	0.000000	0.017414	0.641691	0.000000
