logL = -840.269593 (converged)
AIC = 2248.539186
BIC = 2988.407519

count.K
46 20 34 

