logL = -1045.842585 (converged)
AIC = 2407.685170
BIC = 2819.302059

count.K
52 48 

