logL = -1250.926398 (converged)
AIC = 3099.852796
BIC = 3878.798681

count.K
53 27 20 

