logL = -609.579075 (converged)
AIC = 2567.158149
BIC = 4323.042855

count.K
3 9 12 47 16 13 

