logL = -527.294114 (converged)
AIC = 2934.588228
BIC = 5383.448203

count.K
1 5 11 13 4 8 15 43 

