logL = -1061.997245 (converged)
AIC = 3067.994491
BIC = 4297.634819

count.K
12 19 10 59 

