logL = -469.399193 (converged)
AIC = 1464.798387
BIC = 2149.958146

count.K
55 36 9 

