logL = -905.328511 (converged)
AIC = 4040.657021
BIC = 6945.421779

count.K
5 1 9 52 2 9 6 2 14 

