logL = -239.776923 (converged)
AIC = 975.553846
BIC = 1621.636052

count.K
6 77 17 

