logL = -934.684143 (converged)
AIC = 2461.368286
BIC = 3232.498661

count.K
28 31 41 

