logL = -495.241781 (converged)
AIC = 2568.483563
BIC = 4623.962839

count.K
11 16 31 10 12 14 6 

