logL = -721.507812 (converged)
AIC = 3035.015623
BIC = 5108.731091

count.K
22 33 7 10 15 0 13 

