logL = -369.771867 (converged)
AIC = 2735.543734
BIC = 5335.503580

count.K
6 10 15 31 1 2 4 19 12 

