logL = -385.377528 (converged)
AIC = 2694.755057
BIC = 5200.928776

count.K
9 2 16 0 0 9 22 27 15 

