logL = -1360.107185 (converged)
AIC = 4438.214371
BIC = 6676.055560

count.K
12 8 39 12 7 16 6 

