logL = -1133.300624 (converged)
AIC = 2598.601249
BIC = 3031.059499

count.K
19 81 

