logL = -321.761312 (converged)
AIC = 1613.522623
BIC = 2877.030163

count.K
29 1 9 39 22 

