logL = -307.666981 (converged)
AIC = 1605.333962
BIC = 2894.893204

count.K
68 4 0 4 24 

