logL = -488.943934 (converged)
AIC = 1497.887869
BIC = 2175.232117

count.K
38 48 14 

