logL = -452.515416 (converged)
AIC = 3105.030831
BIC = 5970.718036

count.K
0 42 8 1 4 12 2 13 2 16 

