logL = -1378.939282 (converged)
AIC = 4309.878564
BIC = 6331.490628

count.K
17 17 20 2 13 31 

