logL = -442.471406 (converged)
AIC = 1864.942813
BIC = 3141.476204

count.K
37 20 7 23 13 

