logL = -801.443318 (converged)
AIC = 3922.886635
BIC = 6944.884051

count.K
25 6 2 6 15 18 11 2 0 15 

