0	tsk_0	(x)	1	:	0.000015	0.543599	0.453059	0.000000	0.000000	0.003326	0.000000	0.000000	0.000002	0.000000
1	tsk_1	(x)	1	:	0.012139	0.475847	0.210332	0.000010	0.011785	0.288717	0.000000	0.000000	0.001170	0.000000
2	tsk_2	(x)	1	:	0.000000	0.000000	0.024908	0.000000	0.000000	0.400867	0.574225	0.000000	0.000000	0.000000
3	tsk_3	(x)	1	:	0.000000	0.509148	0.000000	0.000000	0.000000	0.000000	0.490852	0.000000	0.000000	0.000000
4	tsk_4	(x)	1	:	0.000000	0.000000	0.007744	0.000000	0.000000	0.418031	0.574225	0.000000	0.000000	0.000000
5	tsk_5	(x)	1	:	0.000000	0.000000	0.005948	0.000000	0.000000	0.419827	0.574225	0.000000	0.000000	0.000000
6	tsk_6	(x)	1	:	0.000000	0.000000	0.024319	0.000000	0.000000	0.401457	0.574225	0.000000	0.000000	0.000000
7	tsk_7	(x)	1	:	0.000662	0.458566	0.000000	0.000000	0.001404	0.000000	0.536369	0.000000	0.002999	0.000000
8	tsk_8	(x)	1	:	0.397995	0.000000	0.250391	0.000016	0.078629	0.249596	0.000000	0.000000	0.023373	0.000000
9	tsk_9	(x)	1	:	0.012712	0.475662	0.297460	0.000004	0.007909	0.201549	0.000000	0.000000	0.004704	0.000000
10	tsk_10	(x)	1	:	0.000000	0.000000	0.159417	0.000000	0.000000	0.840582	0.000000	0.000000	0.000000	0.000000
11	tsk_11	(x)	1	:	0.112627	0.479704	0.000000	0.000000	0.366664	0.000000	0.000000	0.000000	0.041004	0.000000
12	tsk_12	(x)	1	:	0.000000	0.000000	0.000000	0.000000	0.000000	0.355126	0.644873	0.000000	0.000000	0.000000
13	tsk_13	(x)	1	:	0.133827	0.479704	0.000000	0.000000	0.359164	0.000000	0.000000	0.000000	0.027305	0.000000
14	tsk_14	(x)	1	:	0.000000	1.000000	0.000000	0.000000	0.000000	0.000000	0.000000	0.000000	0.000000	0.000000
15	tsk_15	(x)	1	:	0.216222	0.000000	0.000000	0.000000	0.175870	0.000000	0.000000	0.544598	0.063310	0.000000
16	tsk_16	(x)	1	:	0.012301	0.475321	0.224340	0.000008	0.010297	0.274583	0.000000	0.000000	0.003150	0.000000
17	tsk_17	(x)	1	:	0.353098	0.000000	0.000000	0.227745	0.398667	0.000000	0.000000	0.000000	0.020490	0.000000
18	tsk_18	(x)	1	:	0.288894	0.479704	0.000000	0.000000	0.207393	0.000000	0.000000	0.000000	0.024009	0.000000
19	tsk_19	(x)	1	:	0.006468	0.475454	0.101150	0.000008	0.016371	0.397806	0.000000	0.000000	0.002743	0.000000
20	tsk_20	(x)	1	:	0.385608	0.000000	0.000000	0.000000	0.571633	0.000000	0.000000	0.000000	0.042759	0.000000
21	tsk_21	(x)	1	:	0.294389	0.000000	0.000000	0.000185	0.090546	0.000000	0.477510	0.000008	0.137362	0.000000
22	tsk_22	(x)	1	:	0.374224	0.000000	0.298103	0.000014	0.103584	0.201886	0.000000	0.000000	0.022188	0.000000
23	tsk_23	(x)	1	:	0.120799	0.000000	0.000093	0.434275	0.317565	0.000047	0.000000	0.000000	0.127220	0.000000
24	tsk_24	(x)	1	:	0.278584	0.000000	0.174542	0.000012	0.134388	0.325449	0.000000	0.000000	0.087026	0.000000
25	tsk_25	(x)	1	:	0.661650	0.000000	0.000000	0.000000	0.338350	0.000000	0.000000	0.000000	0.000000	0.000000
26	tsk_26	(x)	1	:	0.639666	0.000000	0.000000	0.000000	0.342661	0.000000	0.000000	0.000000	0.017673	0.000000
27	tsk_27	(x)	1	:	0.293059	0.000000	0.000000	0.000177	0.000000	0.000000	0.477507	0.000016	0.229241	0.000000
28	tsk_28	(x)	1	:	0.149083	0.000000	0.000000	0.000004	0.103459	0.000000	0.000005	0.498096	0.249352	0.000000
29	tsk_29	(x)	1	:	0.000000	0.000000	0.125842	0.328392	0.000000	0.545765	0.000002	0.000000	0.000000	0.000000
30	tsk_30	(x)	1	:	0.000000	0.000000	0.050260	0.000130	0.000000	0.493948	0.455654	0.000008	0.000000	0.000000
31	tsk_31	(x)	1	:	0.000000	0.000000	0.000023	0.397434	0.000000	0.000287	0.602256	0.000000	0.000000	0.000000
32	tsk_32	(x)	1	:	0.339734	0.000000	0.059043	0.000017	0.117192	0.440944	0.000000	0.000000	0.043071	0.000000
33	tsk_33	(x)	1	:	0.000000	0.478704	0.000000	0.000104	0.025702	0.000000	0.477336	0.000007	0.018146	0.000000
34	tsk_34	(x)	1	:	0.311112	0.000000	0.000000	0.000177	0.080728	0.000000	0.477519	0.000005	0.130459	0.000000
35	tsk_35	(x)	1	:	0.000000	0.000000	0.000000	0.000000	0.000000	0.000000	0.999986	0.000014	0.000000	0.000000
36	tsk_36	(x)	1	:	0.000000	0.000000	0.096658	0.000000	0.000000	0.903341	0.000000	0.000000	0.000000	0.000000
37	tsk_37	(x)	1	:	0.000000	0.000000	0.000040	0.397468	0.000000	0.000252	0.602212	0.000028	0.000000	0.000000
38	tsk_38	(x)	1	:	0.009654	0.475560	0.367524	0.000009	0.012914	0.131456	0.000000	0.000000	0.002882	0.000000
39	tsk_39	(x)	1	:	0.000000	0.000000	0.031836	0.000092	0.000000	0.512389	0.455681	0.000003	0.000000	0.000000
40	tsk_40	(x)	1	:	0.533506	0.000000	0.000000	0.000000	0.371939	0.000000	0.000000	0.000000	0.094555	0.000000
41	tsk_41	(x)	1	:	0.000000	0.000000	0.036896	0.000118	0.000000	0.507317	0.455664	0.000005	0.000000	0.000000
42	tsk_42	(x)	1	:	0.375805	0.000000	0.153830	0.000016	0.124192	0.346157	0.000000	0.000000	0.000000	0.000000
43	tsk_43	(x)	1	:	0.418501	0.000000	0.000000	0.000000	0.432603	0.000000	0.000000	0.000000	0.148896	0.000000
44	tsk_44	(x)	1	:	0.167654	0.000000	0.289416	0.000016	0.217143	0.210571	0.000000	0.000000	0.115199	0.000000
45	tsk_45	(x)	1	:	0.000000	0.000000	0.010032	0.000083	0.000000	0.534197	0.455685	0.000003	0.000000	0.000000
46	tsk_46	(x)	1	:	0.539780	0.000000	0.000000	0.000000	0.399421	0.000000	0.000000	0.000000	0.060799	0.000000
47	tsk_47	(x)	1	:	0.326867	0.000000	0.234256	0.000013	0.132361	0.265734	0.000000	0.000000	0.040770	0.000000
48	tsk_48	(x)	1	:	0.502180	0.000000	0.000000	0.000000	0.461893	0.000000	0.000000	0.000000	0.035927	0.000000
49	tsk_49	(x)	1	:	0.223625	0.000000	0.000000	0.000183	0.254107	0.000000	0.477509	0.000010	0.044565	0.000000
50	tsk_50	(x)	1	:	0.444955	0.000000	0.248619	0.000015	0.040861	0.251369	0.000000	0.000000	0.014181	0.000000
51	tsk_51	(x)	1	:	0.376687	0.000000	0.213114	0.000017	0.039945	0.286872	0.000000	0.000000	0.083364	0.000000
52	tsk_52	(x)	1	:	0.505434	0.000000	0.000000	0.000000	0.457837	0.000000	0.000000	0.000000	0.036729	0.000000
53	tsk_53	(x)	1	:	0.643561	0.000000	0.000000	0.000000	0.309482	0.000000	0.000000	0.000000	0.046957	0.000000
54	tsk_54	(x)	1	:	0.751580	0.000000	0.000000	0.000000	0.129803	0.000000	0.000000	0.000000	0.118616	0.000000
55	tsk_55	(x)	1	:	0.682861	0.000000	0.000000	0.000000	0.275072	0.000000	0.000000	0.000000	0.042067	0.000000
56	tsk_56	(x)	1	:	0.255307	0.000000	0.308208	0.000000	0.187024	0.191792	0.000000	0.000000	0.057669	0.000000
57	tsk_57	(x)	1	:	0.431699	0.000000	0.000000	0.000000	0.520561	0.000000	0.000000	0.000000	0.047740	0.000000
58	tsk_58	(x)	1	:	0.150083	0.000000	0.000000	0.235114	0.161568	0.000000	0.000000	0.000000	0.070791	0.382443
59	tsk_59	(x)	1	:	0.782780	0.000000	0.000000	0.000000	0.188625	0.000000	0.000000	0.000000	0.028595	0.000000
60	tsk_60	(x)	1	:	0.000000	1.000000	0.000000	0.000000	0.000000	0.000000	0.000000	0.000000	0.000000	0.000000
61	tsk_61	(x)	1	:	0.219665	0.000000	0.000000	0.000004	0.152414	0.000000	0.000010	0.498093	0.129814	0.000000
62	tsk_62	(x)	1	:	0.003762	0.476075	0.000000	0.000001	0.015267	0.000000	0.000006	0.497392	0.007498	0.000000
63	tsk_63	(x)	1	:	0.178722	0.000000	0.000000	0.000009	0.132151	0.000000	0.000003	0.498095	0.191020	0.000000
64	tsk_64	(x)	1	:	0.077461	0.000000	0.000000	0.000005	0.345611	0.000000	0.000009	0.498093	0.078822	0.000000
65	tsk_65	(x)	1	:	0.237539	0.000000	0.000000	0.000005	0.142523	0.000000	0.000008	0.498093	0.121830	0.000000
66	tsk_66	(x)	1	:	0.004947	0.476264	0.000000	0.000001	0.010107	0.000000	0.000014	0.497422	0.011246	0.000000
67	tsk_67	(x)	1	:	0.008880	0.475230	0.119842	0.000008	0.014851	0.379059	0.000000	0.000000	0.002130	0.000000
68	tsk_68	(x)	1	:	0.000000	0.000000	0.000000	0.000000	0.000000	0.000000	0.000000	1.000000	0.000000	0.000000
69	tsk_69	(x)	1	:	0.129767	0.000000	0.000000	0.000005	0.139573	0.000000	0.000004	0.498097	0.232555	0.000000
70	tsk_70	(x)	1	:	0.000000	0.000000	0.000000	0.000000	0.000000	0.000000	0.000000	0.000000	0.000000	1.000000
71	tsk_71	(x)	1	:	0.000000	0.000000	0.000000	0.000000	0.000000	0.000000	0.000010	0.496832	0.000000	0.503158
72	tsk_72	(x)	1	:	0.000000	0.000000	0.000000	0.000000	0.000000	0.000000	0.000011	0.496831	0.000000	0.503157
73	tsk_73	(x)	1	:	0.000000	0.000000	0.000000	0.000000	0.000000	0.000000	0.000000	0.000000	0.000000	1.000000
74	tsk_74	(x)	1	:	0.000000	0.000000	0.000000	0.000000	0.000000	0.000000	0.625701	0.374299	0.000000	0.000000
75	tsk_75	(x)	1	:	0.000000	0.000000	0.000000	0.000000	0.000000	0.000000	0.000000	0.000000	0.000000	1.000000
76	tsk_76	(x)	1	:	0.000000	0.000000	0.000000	0.000000	0.000000	0.000000	0.000008	0.496834	0.000000	0.503158
77	tsk_77	(x)	1	:	0.173619	0.000000	0.000000	0.000003	0.119612	0.000000	0.000006	0.000000	0.206765	0.499994
78	tsk_78	(x)	1	:	0.000000	0.000000	0.000000	0.000000	0.000000	0.000000	0.000000	0.000000	0.000000	1.000000
79	tsk_79	(x)	1	:	0.000000	0.000000	0.000000	0.000000	0.000000	0.000000	0.000011	0.496832	0.000000	0.503158
80	tsk_80	(x)	1	:	0.000000	0.000000	0.000000	0.000000	0.000000	0.000000	0.000000	1.000000	0.000000	0.000000
81	tsk_81	(x)	1	:	0.102346	0.000000	0.000000	0.000007	0.353528	0.000000	0.000007	0.498093	0.046019	0.000000
82	tsk_82	(x)	1	:	0.260092	0.479704	0.000000	0.000000	0.250553	0.000000	0.000000	0.000000	0.009650	0.000000
83	tsk_83	(x)	1	:	0.000000	1.000000	0.000000	0.000000	0.000000	0.000000	0.000000	0.000000	0.000000	0.000000
84	tsk_84	(x)	1	:	0.000000	0.000000	0.059590	0.000007	0.000000	0.443563	0.000009	0.496831	0.000000	0.000000
85	tsk_85	(x)	1	:	0.000000	0.000000	0.000000	0.000000	0.000000	0.000000	0.000000	1.000000	0.000000	0.000000
86	tsk_86	(x)	1	:	0.000000	0.000000	0.503153	0.000009	0.000000	0.000001	0.000004	0.496834	0.000000	0.000000
87	tsk_87	(x)	1	:	0.092845	0.000000	0.000000	0.000006	0.152883	0.000000	0.000004	0.498096	0.256166	0.000000
88	tsk_88	(x)	1	:	0.000000	0.000000	0.072839	0.000006	0.000001	0.430315	0.000006	0.496833	0.000000	0.000000
89	tsk_89	(x)	1	:	0.000000	0.000000	0.000000	0.000000	0.000000	0.000000	0.000000	1.000000	0.000000	0.000000
90	tsk_90	(x)	1	:	0.018711	0.478562	0.000000	0.000124	0.004520	0.000000	0.477276	0.000016	0.020789	0.000000
91	tsk_91	(x)	1	:	0.000000	0.000000	0.099878	0.000121	0.000000	0.444332	0.455665	0.000004	0.000000	0.000000
92	tsk_92	(x)	1	:	0.000000	0.000000	0.032273	0.000000	0.000000	0.967727	0.000000	0.000000	0.000000	0.000000
93	tsk_93	(x)	1	:	0.000000	0.000000	0.000000	0.000000	0.000000	0.000000	0.999995	0.000005	0.000000	0.000000
94	tsk_94	(x)	1	:	0.000000	0.000000	0.026099	0.000134	0.000000	0.518107	0.455650	0.000010	0.000000	0.000000
95	tsk_95	(x)	1	:	0.000000	1.000000	0.000000	0.000000	0.000000	0.000000	0.000000	0.000000	0.000000	0.000000
96	tsk_96	(x)	1	:	0.000000	0.000000	0.000000	0.000000	0.000000	0.000000	0.999998	0.000002	0.000000	0.000000
97	tsk_97	(x)	1	:	0.000000	0.000000	0.000000	0.000000	0.000000	0.000000	1.000000	0.000000	0.000000	0.000000
98	tsk_98	(x)	1	:	0.000000	0.000000	0.008153	0.000085	0.000000	0.536075	0.455683	0.000004	0.000000	0.000000
99	tsk_99	(x)	1	:	0.000000	0.459640	0.000000	0.000000	0.000038	0.000000	0.534756	0.000000	0.005566	0.000000
