logL = -511.352254 (converged)
AIC = 2002.704509
BIC = 3279.237900

count.K
33 8 16 37 6 

