logL = -693.505028 (converged)
AIC = 3927.010055
BIC = 7235.576192

count.K
18 5 31 1 22 1 4 3 13 2 

