logL = -706.362783 (converged)
AIC = 3462.725565
BIC = 6133.025006

count.K
7 24 39 4 1 2 11 1 11 

