logL = -772.699729 (converged)
AIC = 2361.399458
BIC = 3424.308894

count.K
7 18 39 36 

