logL = -217.770161 (converged)
AIC = 2155.540323
BIC = 4395.986683

count.K
3 4 58 7 4 3 5 16 

