logL = -475.103314 (converged)
AIC = 2606.206629
BIC = 4763.287543

count.K
23 17 6 38 1 9 3 3 

