logL = -798.433574 (converged)
AIC = 3028.867149
BIC = 4894.169002

count.K
10 1 14 12 21 42 

