logL = -510.946101 (converged)
AIC = 3261.892202
BIC = 6179.682811

count.K
11 5 36 4 11 7 5 1 17 3 

