logL = -683.291399 (converged)
AIC = 2762.582799
BIC = 4580.991588

count.K
35 6 26 6 24 3 

