logL = -789.183099 (converged)
AIC = 2426.366199
BIC = 3530.958358

count.K
22 24 27 27 

