logL = -407.524403 (converged)
AIC = 2267.048806
BIC = 4158.402361

count.K
41 4 19 17 6 5 8 

