logL = -682.867406 (converged)
AIC = 2665.734812
BIC = 4359.095433

count.K
30 14 21 17 8 10 

