logL = -1081.715841 (converged)
AIC = 3043.431681
BIC = 4189.706563

count.K
9 30 30 31 

