logL = -599.981511 (converged)
AIC = 2983.963021
BIC = 5307.774827

count.K
2 3 11 6 3 29 42 4 

