logL = -609.637109 (converged)
AIC = 3639.274217
BIC = 6791.530142

count.K
8 21 6 2 11 3 1 23 17 8 

