logL = -1017.896859 (converged)
AIC = 2639.793717
BIC = 3426.555113

count.K
12 64 24 

