logL = -468.714010 (converged)
AIC = 1987.428020
BIC = 3355.142368

count.K
8 21 5 16 50 

