logL = -581.219649 (converged)
AIC = 1450.439297
BIC = 1825.583804

count.K
63 37 

