logL = -724.547294 (converged)
AIC = 2971.094588
BIC = 4953.629100

count.K
35 2 24 3 4 20 12 

