logL = -694.460157 (converged)
AIC = 2640.920314
BIC = 4271.756850

count.K
27 38 5 21 4 5 

