logL = -501.469530 (converged)
AIC = 3106.939059
BIC = 5847.578095

count.K
18 7 1 2 32 31 2 5 2 

