logL = -380.310492 (converged)
AIC = 2544.620984
BIC = 4868.432790

count.K
8 8 10 8 10 33 19 4 

