logL = -594.058534 (converged)
AIC = 3184.117069
BIC = 5784.076914

count.K
2 20 28 13 2 9 15 9 2 

