logL = -1401.948002 (converged)
AIC = 3123.896003
BIC = 3540.723233

count.K
62 38 

