logL = -1148.389986 (converged)
AIC = 4508.779973
BIC = 7390.098199

count.K
6 10 14 5 6 5 25 13 16 

