logL = -618.155076 (converged)
AIC = 2608.310153
BIC = 4395.456900

count.K
8 26 9 9 37 11 

