logL = -207.368136 (converged)
AIC = 1754.736272
BIC = 3500.200297

count.K
3 1 10 24 25 16 21 

