logL = -859.126663 (converged)
AIC = 4278.253326
BIC = 7612.871164

count.K
12 4 14 8 14 10 17 3 11 7 

