logL = -749.685299 (converged)
AIC = 3567.370598
BIC = 6261.116570

count.K
12 11 14 24 27 8 1 0 3 

