logL = -526.250392 (converged)
AIC = 2062.500784
BIC = 3378.111728

count.K
18 1 18 59 4 

