logL = -511.349383 (converged)
AIC = 2530.698767
BIC = 4494.997087

count.K
14 18 8 22 25 12 1 

