logL = -1490.349887 (converged)
AIC = 3380.699774
BIC = 3901.733811

count.K
83 17 

