logL = -434.645197 (converged)
AIC = 2073.290395
BIC = 3641.602846

count.K
30 28 19 5 10 8 

