logL = -1014.912492 (converged)
AIC = 2345.824985
BIC = 2757.441874

count.K
13 87 

