logL = -546.155539 (converged)
AIC = 3312.311078
BIC = 6204.049984

count.K
5 16 7 11 22 5 11 2 12 9 

