logL = -1669.258748 (converged)
AIC = 5094.517496
BIC = 7381.856919

count.K
1 10 25 22 10 32 

