0	tsk_0	(x)	1	:	0.000000	0.000000	0.000000	0.000000	0.000000	1.000000	0.000000	0.000000	0.000000
1	tsk_1	(x)	1	:	0.000000	0.000000	0.520146	0.000000	0.000004	0.479849	0.000000	0.000000	0.000002
2	tsk_2	(x)	1	:	0.000000	0.000000	0.000000	0.000000	0.228326	0.000000	0.511133	0.000000	0.260542
3	tsk_3	(x)	1	:	0.000000	0.000000	0.000000	0.000000	0.000000	0.488867	0.511132	0.000000	0.000000
4	tsk_4	(x)	1	:	0.000000	0.000000	0.517452	0.000000	0.000000	0.000000	0.482547	0.000000	0.000000
5	tsk_5	(x)	1	:	0.000000	0.000000	0.481843	0.000000	0.000000	0.000000	0.518157	0.000000	0.000000
6	tsk_6	(x)	1	:	0.000000	0.000001	0.480345	0.000000	0.008884	0.500171	0.000000	0.000000	0.010598
7	tsk_7	(x)	1	:	0.000000	0.000002	0.480354	0.000000	0.013415	0.500223	0.000000	0.000000	0.006006
8	tsk_8	(x)	1	:	0.164549	0.000000	0.480337	0.000000	0.132470	0.000000	0.000000	0.000000	0.222643
9	tsk_9	(x)	1	:	0.000000	0.000000	1.000000	0.000000	0.000000	0.000000	0.000000	0.000000	0.000000
10	tsk_10	(x)	1	:	0.517833	0.000000	0.000000	0.477173	0.000899	0.000000	0.000000	0.000000	0.004095
11	tsk_11	(x)	1	:	0.523086	0.000000	0.000000	0.000000	0.133653	0.000000	0.000000	0.000000	0.343261
12	tsk_12	(x)	1	:	0.523086	0.000000	0.000000	0.000000	0.253749	0.000000	0.000000	0.000000	0.223165
13	tsk_13	(x)	1	:	0.000000	0.000000	0.000000	1.000000	0.000000	0.000000	0.000000	0.000000	0.000000
14	tsk_14	(x)	1	:	0.000000	0.000000	0.000000	0.488034	0.039141	0.000000	0.000000	0.000000	0.472826
15	tsk_15	(x)	1	:	0.676758	0.000000	0.000000	0.000000	0.104756	0.000000	0.000000	0.000000	0.218486
16	tsk_16	(x)	1	:	0.000000	0.000000	0.000000	1.000000	0.000000	0.000000	0.000000	0.000000	0.000000
17	tsk_17	(x)	1	:	0.000000	0.000000	0.000000	0.488034	0.040241	0.000000	0.000000	0.000000	0.471725
18	tsk_18	(x)	1	:	0.517719	0.000000	0.000000	0.476921	0.000863	0.000000	0.000000	0.000000	0.004497
19	tsk_19	(x)	1	:	0.517236	0.000000	0.000000	0.475853	0.000000	0.000000	0.000000	0.000000	0.006911
20	tsk_20	(x)	1	:	0.000000	0.000000	0.000000	0.000000	0.305556	0.000000	0.000000	0.000000	0.694444
21	tsk_21	(x)	1	:	0.000000	0.000000	0.000000	0.000000	0.251451	0.000000	0.000000	0.000000	0.748549
22	tsk_22	(x)	1	:	0.000000	0.000000	0.000000	0.000000	0.240355	0.000000	0.000000	0.000000	0.759645
23	tsk_23	(x)	1	:	0.000000	0.000000	0.000000	0.000000	0.176910	0.000000	0.000000	0.000000	0.823090
24	tsk_24	(x)	1	:	0.000000	0.000000	0.000000	0.000000	0.211368	0.000000	0.000000	0.000000	0.788632
25	tsk_25	(x)	1	:	0.000000	0.000000	0.000000	0.488034	0.101159	0.000000	0.000000	0.000000	0.410808
26	tsk_26	(x)	1	:	0.000000	0.000000	0.000000	0.488033	0.162069	0.000000	0.000000	0.000000	0.349898
27	tsk_27	(x)	1	:	0.164504	0.000000	0.000000	0.000000	0.192859	0.000000	0.000000	0.000000	0.642637
28	tsk_28	(x)	1	:	0.000000	0.000000	0.000000	0.000000	0.330282	0.000000	0.000000	0.000000	0.669718
29	tsk_29	(x)	1	:	0.000000	0.000000	0.502130	0.000000	0.177988	0.000000	0.000000	0.000000	0.319881
30	tsk_30	(x)	1	:	0.000000	0.532792	0.467208	0.000000	0.000000	0.000000	0.000000	0.000000	0.000000
31	tsk_31	(x)	1	:	0.000000	0.000000	0.480315	0.000000	0.355808	0.000000	0.000000	0.000000	0.163876
32	tsk_32	(x)	1	:	0.000000	0.437691	0.000000	0.000000	0.346102	0.000000	0.000000	0.000000	0.216207
33	tsk_33	(x)	1	:	0.000000	0.512069	0.487931	0.000000	0.000000	0.000000	0.000000	0.000000	0.000000
34	tsk_34	(x)	1	:	0.000000	1.000000	0.000000	0.000000	0.000000	0.000000	0.000000	0.000000	0.000000
35	tsk_35	(x)	1	:	0.000000	0.434053	0.000000	0.484272	0.047471	0.000000	0.000000	0.000000	0.034203
36	tsk_36	(x)	1	:	0.000000	1.000000	0.000000	0.000000	0.000000	0.000000	0.000000	0.000000	0.000000
37	tsk_37	(x)	1	:	0.000000	1.000000	0.000000	0.000000	0.000000	0.000000	0.000000	0.000000	0.000000
38	tsk_38	(x)	1	:	0.000000	0.532792	0.467208	0.000000	0.000000	0.000000	0.000000	0.000000	0.000000
39	tsk_39	(x)	1	:	0.000000	1.000000	0.000000	0.000000	0.000000	0.000000	0.000000	0.000000	0.000000
40	tsk_40	(x)	1	:	0.000000	0.000000	1.000000	0.000000	0.000000	0.000000	0.000000	0.000000	0.000000
41	tsk_41	(x)	1	:	0.000000	0.000000	0.503124	0.000000	0.001166	0.495213	0.000000	0.000000	0.000496
42	tsk_42	(x)	1	:	0.000000	0.000000	0.503131	0.000000	0.001223	0.495259	0.000000	0.000000	0.000386
43	tsk_43	(x)	1	:	0.000000	0.000000	0.499536	0.000000	0.000000	0.000000	0.500464	0.000000	0.000000
44	tsk_44	(x)	1	:	0.000000	0.000005	0.000000	0.000000	0.292884	0.499997	0.000000	0.000000	0.207114
45	tsk_45	(x)	1	:	0.000000	0.122448	0.504479	0.000000	0.042356	0.000000	0.328128	0.000000	0.002590
46	tsk_46	(x)	1	:	0.000000	0.000000	0.479689	0.000000	0.001549	0.000000	0.518570	0.000000	0.000191
47	tsk_47	(x)	1	:	0.000000	0.000000	0.503883	0.000000	0.323893	0.000000	0.000000	0.000000	0.172224
48	tsk_48	(x)	1	:	0.000000	0.000004	0.000000	0.000000	0.170924	0.499998	0.000000	0.000000	0.329074
49	tsk_49	(x)	1	:	0.000000	0.438375	0.000000	0.000000	0.201021	0.000000	0.000000	0.280190	0.080415
50	tsk_50	(x)	1	:	0.000000	0.000000	0.000000	0.000000	0.218688	0.000000	0.000000	0.000000	0.781312
51	tsk_51	(x)	1	:	0.000000	0.000000	0.000000	0.488034	0.015016	0.000000	0.000000	0.000000	0.496950
52	tsk_52	(x)	1	:	0.000000	0.437691	0.000000	0.000000	0.369762	0.000000	0.000000	0.000000	0.192547
53	tsk_53	(x)	1	:	0.000000	0.000000	0.000000	0.000000	0.335723	0.000000	0.000000	0.000000	0.664277
54	tsk_54	(x)	1	:	0.000000	0.000000	0.000000	0.000000	0.151568	0.000000	0.000000	0.279864	0.568569
55	tsk_55	(x)	1	:	0.000000	0.000000	0.000000	0.488034	0.096510	0.000000	0.000000	0.000000	0.415456
56	tsk_56	(x)	1	:	0.000000	0.474806	0.524544	0.000000	0.000303	0.000000	0.000000	0.000000	0.000347
57	tsk_57	(x)	1	:	0.000000	0.000000	0.502529	0.000000	0.274738	0.000000	0.000000	0.000000	0.222733
58	tsk_58	(x)	1	:	0.000000	0.437691	0.000000	0.000000	0.301312	0.000000	0.000000	0.000000	0.260997
59	tsk_59	(x)	1	:	0.000000	0.445558	0.502736	0.000000	0.041635	0.000000	0.000000	0.000000	0.010070
60	tsk_60	(x)	1	:	0.000000	1.000000	0.000000	0.000000	0.000000	0.000000	0.000000	0.000000	0.000000
61	tsk_61	(x)	1	:	0.000000	0.000000	0.000000	1.000000	0.000000	0.000000	0.000000	0.000000	0.000000
62	tsk_62	(x)	1	:	0.000000	0.000001	0.000000	0.000000	0.195031	0.000000	0.521542	0.000000	0.283425
63	tsk_63	(x)	1	:	0.000000	0.442160	0.000000	0.000000	0.000000	0.000000	0.557840	0.000000	0.000000
64	tsk_64	(x)	1	:	0.000000	0.000000	0.000000	0.447967	0.000000	0.000000	0.000000	0.552023	0.000011
65	tsk_65	(x)	1	:	0.164556	0.000001	0.000000	0.000000	0.182945	0.000000	0.521720	0.000000	0.130777
66	tsk_66	(x)	1	:	0.164571	0.438224	0.000000	0.000000	0.272815	0.000000	0.000000	0.000000	0.124390
67	tsk_67	(x)	1	:	0.164571	0.438224	0.000000	0.000000	0.120488	0.000000	0.000000	0.000000	0.276717
68	tsk_68	(x)	1	:	0.164513	0.000000	0.000000	0.488221	0.041976	0.000000	0.000000	0.000000	0.305290
69	tsk_69	(x)	1	:	0.000000	0.000000	0.000000	0.000000	0.000000	0.000000	1.000000	0.000000	0.000000
70	tsk_70	(x)	1	:	0.531796	0.456243	0.000000	0.000000	0.010164	0.000000	0.000000	0.000000	0.001797
71	tsk_71	(x)	1	:	0.000000	0.445590	0.503138	0.000000	0.047421	0.000000	0.000000	0.000000	0.003850
72	tsk_72	(x)	1	:	0.000000	0.999967	0.000000	0.000033	0.000000	0.000000	0.000000	0.000000	0.000000
73	tsk_73	(x)	1	:	0.000000	0.437691	0.000000	0.000000	0.481556	0.000000	0.000000	0.000000	0.080753
74	tsk_74	(x)	1	:	0.000000	0.445600	0.503139	0.000000	0.049492	0.000000	0.000000	0.000000	0.001769
75	tsk_75	(x)	1	:	0.000000	0.666442	0.000000	0.000000	0.000000	0.000000	0.333558	0.000000	0.000000
76	tsk_76	(x)	1	:	0.000000	0.511713	0.488285	0.000002	0.000000	0.000000	0.000000	0.000000	0.000000
77	tsk_77	(x)	1	:	0.000000	0.666442	0.000000	0.000000	0.000000	0.000000	0.333558	0.000000	0.000000
78	tsk_78	(x)	1	:	0.000000	0.000000	0.000000	0.000000	0.262964	0.000000	0.000000	0.000000	0.737036
79	tsk_79	(x)	1	:	0.000000	0.437691	0.000000	0.000000	0.252338	0.000000	0.000000	0.000000	0.309971
80	tsk_80	(x)	1	:	0.000000	0.437691	0.000000	0.000000	0.244245	0.000000	0.000000	0.000000	0.318064
81	tsk_81	(x)	1	:	0.000000	0.000000	0.000000	0.329841	0.106525	0.000000	0.000000	0.000000	0.563634
82	tsk_82	(x)	1	:	0.000000	0.437691	0.000000	0.000000	0.273628	0.000000	0.000000	0.000000	0.288681
83	tsk_83	(x)	1	:	0.000000	0.000000	0.000000	0.000000	0.000000	0.000000	0.000000	1.000000	0.000000
84	tsk_84	(x)	1	:	0.000000	0.437691	0.000000	0.000000	0.332951	0.000000	0.000000	0.000000	0.229358
85	tsk_85	(x)	1	:	0.000000	0.437691	0.000000	0.000000	0.256975	0.000000	0.000000	0.000000	0.305334
86	tsk_86	(x)	1	:	0.000000	0.000000	0.000000	0.000000	0.188039	0.000000	0.000000	0.000000	0.811961
87	tsk_87	(x)	1	:	0.000000	0.000055	0.000000	0.000000	0.082705	0.499581	0.000000	0.360285	0.057373
88	tsk_88	(x)	1	:	0.000000	0.000000	0.000000	0.000000	0.279813	0.500000	0.000000	0.000000	0.220187
89	tsk_89	(x)	1	:	0.000000	0.000000	0.000000	0.000000	0.403614	0.000000	0.000000	0.000000	0.596386
90	tsk_90	(x)	1	:	0.000000	0.000000	0.000000	0.000000	0.190869	0.000000	0.000000	0.000000	0.809131
91	tsk_91	(x)	1	:	0.000000	0.000000	0.503883	0.000000	0.285872	0.000000	0.000000	0.000000	0.210245
92	tsk_92	(x)	1	:	0.000000	0.437691	0.000000	0.000000	0.338379	0.000000	0.000000	0.000000	0.223930
93	tsk_93	(x)	1	:	0.000000	0.000000	0.000000	0.488034	0.109184	0.000000	0.000000	0.000000	0.402783
94	tsk_94	(x)	1	:	0.000000	0.000000	0.000000	0.488034	0.026450	0.000000	0.000000	0.000000	0.485516
95	tsk_95	(x)	1	:	0.152041	0.000000	0.000000	0.000000	0.201701	0.000000	0.000000	0.000000	0.646258
96	tsk_96	(x)	1	:	0.000000	0.434056	0.000000	0.484275	0.028359	0.000000	0.000000	0.000000	0.053311
97	tsk_97	(x)	1	:	0.000000	0.000000	0.000000	0.000000	0.175459	0.000000	0.000000	0.000000	0.824541
98	tsk_98	(x)	1	:	0.000000	0.000000	0.000000	0.000000	0.253540	0.000000	0.000000	0.000000	0.746460
99	tsk_99	(x)	1	:	0.000000	0.437691	0.000000	0.000000	0.340516	0.000000	0.000000	0.000000	0.221793
