logL = -1188.487935 (converged)
AIC = 3256.975869
BIC = 4403.250751

count.K
18 9 62 11 

