logL = -852.311836 (converged)
AIC = 3004.623673
BIC = 4697.984294

count.K
15 10 32 4 35 4 

