logL = -493.373596 (converged)
AIC = 1266.747191
BIC = 1631.471018

count.K
59 41 

