logL = -342.735908 (converged)
AIC = 1437.471817
BIC = 2417.015807

count.K
27 35 25 13 

