logL = -259.117541 (converged)
AIC = 2012.235081
BIC = 3958.297210

count.K
10 12 8 2 50 6 12 

