logL = -649.855048 (converged)
AIC = 1571.710096
BIC = 1926.013242

count.K
35 65 

