logL = -479.345916 (converged)
AIC = 3358.691832
BIC = 6484.896055

count.K
11 2 25 9 5 8 4 3 2 31 

