logL = -515.301976 (converged)
AIC = 2270.603952
BIC = 3885.809467

count.K
2 11 5 32 41 9 

