logL = -889.030841 (converged)
AIC = 4278.061683
BIC = 7534.524415

count.K
1 11 21 4 21 3 3 30 6 

