logL = -783.268067 (converged)
AIC = 2878.536134
BIC = 4587.527776

count.K
17 5 32 19 20 7 

