logL = -748.758145 (converged)
AIC = 2857.516290
BIC = 4629.032017

count.K
24 20 2 13 30 11 

