logL = -870.612315 (converged)
AIC = 2037.224630
BIC = 2422.789818

count.K
29 71 

