logL = -355.068119 (converged)
AIC = 2430.136239
BIC = 4670.582599

count.K
24 22 4 7 16 4 3 20 

