logL = -625.725638 (converged)
AIC = 2927.451276
BIC = 5110.583892

count.K
25 19 15 7 2 14 18 

