logL = -626.105723 (converged)
AIC = 2332.211446
BIC = 3739.003346

count.K
37 8 18 31 6 

