0	tsk_0	(x)	1	:	0.000000	0.006327	0.000000	0.000000	0.497128	0.000000	0.000000	0.000000	0.003055	0.493491
1	tsk_1	(x)	1	:	0.000000	0.177160	0.492453	0.000000	0.000000	0.015094	0.000000	0.000000	0.315293	0.000000
2	tsk_2	(x)	1	:	0.000000	0.000000	0.000000	0.510525	0.000000	0.489474	0.000000	0.000002	0.000000	0.000000
3	tsk_3	(x)	1	:	0.000000	0.000000	0.000000	0.510250	0.000000	0.000000	0.000000	0.000000	0.000000	0.489750
4	tsk_4	(x)	1	:	0.408018	0.000000	0.500465	0.000000	0.000000	0.091517	0.000000	0.000000	0.000000	0.000000
5	tsk_5	(x)	1	:	0.000000	0.006166	0.000000	0.000000	0.000000	0.495019	0.000000	0.000000	0.006502	0.492313
6	tsk_6	(x)	1	:	0.000000	0.000000	0.000000	0.000000	0.000000	0.000000	0.000000	0.000000	0.000000	1.000000
7	tsk_7	(x)	1	:	0.418583	0.006701	0.000000	0.000000	0.495645	0.058258	0.000000	0.000000	0.020812	0.000000
8	tsk_8	(x)	1	:	0.000000	0.004075	0.000000	0.000000	0.000000	0.494343	0.000000	0.000000	0.009492	0.492089
9	tsk_9	(x)	1	:	0.000000	0.006806	0.000000	0.000000	0.000000	0.495860	0.000000	0.000000	0.004745	0.492589
10	tsk_10	(x)	1	:	0.000000	0.139157	0.000000	0.000000	0.497322	0.000000	0.000000	0.000000	0.363522	0.000000
11	tsk_11	(x)	1	:	0.000000	0.008399	0.000000	0.000000	0.496544	0.494479	0.000000	0.000000	0.000578	0.000000
12	tsk_12	(x)	1	:	0.000000	0.000000	0.000000	0.813185	0.186815	0.000000	0.000000	0.000000	0.000000	0.000000
13	tsk_13	(x)	1	:	0.000000	0.303495	0.000000	0.000000	0.497322	0.000000	0.000000	0.000000	0.199183	0.000000
14	tsk_14	(x)	1	:	0.000000	0.000000	0.000000	0.813185	0.186815	0.000000	0.000000	0.000000	0.000000	0.000000
15	tsk_15	(x)	1	:	0.000000	0.000000	0.000000	0.000000	1.000000	0.000000	0.000000	0.000000	0.000000	0.000000
16	tsk_16	(x)	1	:	0.000000	0.437665	0.000000	0.000000	0.000000	0.500000	0.000000	0.000000	0.062334	0.000000
17	tsk_17	(x)	1	:	0.000000	0.193603	0.000000	0.472008	0.000000	0.000000	0.000000	0.000000	0.334389	0.000000
18	tsk_18	(x)	1	:	0.000000	0.005706	0.000000	0.000000	0.496342	0.493034	0.000000	0.000000	0.004918	0.000000
19	tsk_19	(x)	1	:	0.000000	0.343300	0.000000	0.000000	0.000000	0.500000	0.000000	0.000000	0.156699	0.000000
20	tsk_20	(x)	1	:	0.000000	0.178554	0.000000	0.000000	0.000000	0.000000	0.000000	0.000000	0.160230	0.661216
21	tsk_21	(x)	1	:	0.000000	0.179021	0.000000	0.000000	0.497322	0.000000	0.000000	0.000000	0.160251	0.163407
22	tsk_22	(x)	1	:	0.000000	0.000000	0.000000	0.000000	0.000000	0.000000	0.000000	0.000000	0.000000	1.000000
23	tsk_23	(x)	1	:	0.000000	0.000000	0.000000	0.000000	0.000000	0.000000	0.000000	0.000000	0.000000	1.000000
24	tsk_24	(x)	1	:	0.000000	0.262717	0.000000	0.000000	0.000000	0.000000	0.000000	0.000000	0.076052	0.661232
25	tsk_25	(x)	1	:	0.000000	0.150823	0.000000	0.000000	0.000000	0.499977	0.000000	0.000000	0.185765	0.163434
26	tsk_26	(x)	1	:	0.000000	0.000000	0.000000	0.000000	0.000000	0.000000	0.000000	0.000000	0.000000	1.000000
27	tsk_27	(x)	1	:	0.000000	0.106512	0.000000	0.000000	0.000000	0.000000	0.000000	0.000000	0.232267	0.661221
28	tsk_28	(x)	1	:	0.000000	0.000000	0.000000	0.000000	0.000000	0.000000	0.000000	0.000000	0.000000	1.000000
29	tsk_29	(x)	1	:	0.000000	0.004693	0.000000	0.000000	0.497297	0.000000	0.000000	0.000000	0.004122	0.493888
30	tsk_30	(x)	1	:	0.000000	0.308373	0.000000	0.000000	0.000000	0.500000	0.000000	0.000000	0.191627	0.000000
31	tsk_31	(x)	1	:	0.000000	0.000000	0.000000	0.000000	0.000000	1.000000	0.000000	0.000000	0.000000	0.000000
32	tsk_32	(x)	1	:	0.612691	0.000000	0.000000	0.000000	0.000000	0.387308	0.000000	0.000000	0.000000	0.000000
33	tsk_33	(x)	1	:	0.000000	0.254769	0.000000	0.000000	0.000000	0.000000	0.000000	0.000000	0.251261	0.493970
34	tsk_34	(x)	1	:	0.000000	0.000000	0.000000	0.000000	0.000000	0.000000	0.000000	0.000000	0.000000	1.000000
35	tsk_35	(x)	1	:	0.000000	0.182004	0.000000	0.000000	0.497322	0.000000	0.000000	0.000000	0.320674	0.000000
36	tsk_36	(x)	1	:	0.000000	0.007853	0.000000	0.000000	0.000000	0.494619	0.000000	0.000000	0.005347	0.492181
37	tsk_37	(x)	1	:	0.000000	0.007520	0.000000	0.000000	0.497217	0.000000	0.000000	0.000000	0.001563	0.493700
38	tsk_38	(x)	1	:	0.000000	0.004670	0.000000	0.000000	0.496324	0.492905	0.000000	0.000000	0.006101	0.000000
39	tsk_39	(x)	1	:	0.000000	0.000000	0.000000	0.000000	0.000000	0.621410	0.000000	0.378590	0.000000	0.000000
40	tsk_40	(x)	1	:	0.000000	0.007071	0.000000	0.000000	0.496338	0.493001	0.000000	0.000000	0.003590	0.000000
41	tsk_41	(x)	1	:	0.000000	0.000000	0.000000	0.000000	0.000000	0.000000	0.000000	0.000000	0.000000	1.000000
42	tsk_42	(x)	1	:	0.000000	0.001943	0.000000	0.000000	0.496335	0.492980	0.000000	0.000000	0.008742	0.000000
43	tsk_43	(x)	1	:	0.000000	0.000000	0.000000	0.000000	0.000000	1.000000	0.000000	0.000000	0.000000	0.000000
44	tsk_44	(x)	1	:	0.476817	0.024349	0.000000	0.000000	0.000000	0.000000	0.000000	0.000000	0.003965	0.494869
45	tsk_45	(x)	1	:	0.000000	0.006367	0.000000	0.000000	0.497113	0.000000	0.000000	0.000000	0.003063	0.493457
46	tsk_46	(x)	1	:	0.000000	0.266304	0.000000	0.000000	0.497322	0.000000	0.000000	0.000000	0.236374	0.000000
47	tsk_47	(x)	1	:	0.000000	0.005261	0.000000	0.000000	0.496339	0.493008	0.000000	0.000000	0.005392	0.000000
48	tsk_48	(x)	1	:	0.000000	0.002086	0.000000	0.000000	0.497093	0.000000	0.000000	0.000000	0.007414	0.493408
49	tsk_49	(x)	1	:	0.000000	0.000000	0.000000	0.000000	0.000000	0.000000	0.000000	0.000000	0.000000	1.000000
50	tsk_50	(x)	1	:	1.000000	0.000000	0.000000	0.000000	0.000000	0.000000	0.000000	0.000000	0.000000	0.000000
51	tsk_51	(x)	1	:	0.000000	0.006537	0.000000	0.000000	0.000000	0.496552	0.000000	0.000000	0.004091	0.492820
52	tsk_52	(x)	1	:	0.000000	0.004846	0.000000	0.000000	0.497196	0.000000	0.000000	0.000000	0.004305	0.493652
53	tsk_53	(x)	1	:	0.000000	0.000000	0.000000	0.000000	1.000000	0.000000	0.000000	0.000000	0.000000	0.000000
54	tsk_54	(x)	1	:	0.000000	0.005075	0.000000	0.000000	0.497097	0.000000	0.000000	0.000000	0.004409	0.493419
55	tsk_55	(x)	1	:	0.000000	0.000000	0.000000	0.000000	1.000000	0.000000	0.000000	0.000000	0.000000	0.000000
56	tsk_56	(x)	1	:	0.612691	0.000000	0.000000	0.000000	0.000000	0.387309	0.000000	0.000000	0.000000	0.000000
57	tsk_57	(x)	1	:	1.000000	0.000000	0.000000	0.000000	0.000000	0.000000	0.000000	0.000000	0.000000	0.000000
58	tsk_58	(x)	1	:	0.410644	0.002131	0.000000	0.000000	0.000000	0.077536	0.000000	0.000000	0.018632	0.491056
59	tsk_59	(x)	1	:	0.000000	0.006668	0.000000	0.000000	0.497107	0.000000	0.000000	0.000000	0.002785	0.493441
60	tsk_60	(x)	1	:	0.000000	0.000000	0.000000	0.000000	0.524641	0.000000	0.000000	0.000000	0.000000	0.475359
61	tsk_61	(x)	1	:	0.000000	0.001351	0.000000	0.000000	0.505899	0.003492	0.000000	0.489055	0.000202	0.000000
62	tsk_62	(x)	1	:	0.000000	0.139930	0.000000	0.000000	0.000000	0.499980	0.000000	0.000000	0.196658	0.163431
63	tsk_63	(x)	1	:	0.413122	0.010320	0.000000	0.000000	0.000000	0.071280	0.000000	0.000000	0.014636	0.490643
64	tsk_64	(x)	1	:	0.000000	0.001386	0.000000	0.000000	0.000000	0.495388	0.000000	0.000000	0.010799	0.492427
65	tsk_65	(x)	1	:	0.000000	0.012455	0.000000	0.000000	0.000000	0.495178	0.000000	0.000000	0.000000	0.492367
66	tsk_66	(x)	1	:	0.000000	0.000812	0.000000	0.000000	0.000000	0.496093	0.502017	0.000000	0.001077	0.000000
67	tsk_67	(x)	1	:	0.000000	0.000000	0.000000	0.000000	0.000000	1.000000	0.000000	0.000000	0.000000	0.000000
68	tsk_68	(x)	1	:	0.000000	0.000000	0.000000	0.000000	0.000000	0.538091	0.000000	0.461908	0.000000	0.000000
69	tsk_69	(x)	1	:	0.000000	0.000000	0.000000	0.000000	0.000000	1.000000	0.000000	0.000000	0.000000	0.000000
70	tsk_70	(x)	1	:	0.000000	0.000000	0.500000	0.000000	0.000000	0.500000	0.000000	0.000000	0.000000	0.000000
71	tsk_71	(x)	1	:	0.000000	0.009923	0.000000	0.000000	0.496336	0.492986	0.000000	0.000000	0.000754	0.000000
72	tsk_72	(x)	1	:	0.000000	0.000000	0.500000	0.000000	0.000000	0.500000	0.000000	0.000000	0.000000	0.000000
73	tsk_73	(x)	1	:	0.000000	0.396997	0.000000	0.000000	0.497322	0.000000	0.000000	0.000000	0.105681	0.000000
74	tsk_74	(x)	1	:	0.000000	0.000883	0.494013	0.000000	0.496486	0.006045	0.000000	0.000000	0.002574	0.000000
75	tsk_75	(x)	1	:	0.000000	0.000000	0.000000	0.000000	1.000000	0.000000	0.000000	0.000000	0.000000	0.000000
76	tsk_76	(x)	1	:	0.000000	0.270806	0.000000	0.000000	0.000000	0.500000	0.000000	0.000000	0.229194	0.000000
77	tsk_77	(x)	1	:	0.000000	0.265484	0.000000	0.000000	0.000000	0.500000	0.000000	0.000000	0.234516	0.000000
78	tsk_78	(x)	1	:	0.000000	0.002976	0.000000	0.000000	0.496398	0.493436	0.000000	0.000000	0.007190	0.000000
79	tsk_79	(x)	1	:	0.000000	0.132605	0.000000	0.000000	0.000000	0.500000	0.000000	0.000000	0.367395	0.000000
80	tsk_80	(x)	1	:	0.000000	0.000000	0.000000	0.000000	0.000000	0.000000	0.000000	0.000000	0.000000	1.000000
81	tsk_81	(x)	1	:	0.000000	0.000000	0.000000	0.000000	0.000000	0.000000	0.000000	0.498212	0.000000	0.501787
82	tsk_82	(x)	1	:	0.000000	0.000000	0.000000	0.000000	0.000000	0.000000	0.000000	0.000000	0.000000	1.000000
83	tsk_83	(x)	1	:	0.000000	0.000000	0.000000	0.000000	0.000000	0.000000	0.000000	0.498212	0.000000	0.501787
84	tsk_84	(x)	1	:	0.000000	0.000920	0.000000	0.507859	0.000000	0.000000	0.000000	0.000000	0.000818	0.490403
85	tsk_85	(x)	1	:	0.000000	0.000000	0.000000	0.000000	0.000000	0.000000	0.000000	0.000000	0.000000	1.000000
86	tsk_86	(x)	1	:	0.000000	0.000000	0.000000	0.000000	0.000000	0.000000	0.000000	0.000000	0.000000	1.000000
87	tsk_87	(x)	1	:	0.000000	0.000000	0.000000	0.000000	0.000000	0.000000	0.000000	0.000000	0.000000	1.000000
88	tsk_88	(x)	1	:	0.000000	0.000000	0.000000	0.000000	0.000000	0.000000	0.531612	0.000000	0.000000	0.468388
89	tsk_89	(x)	1	:	0.000000	0.000011	0.000000	0.000000	0.000000	0.446918	0.000000	0.000000	0.000013	0.553057
90	tsk_90	(x)	1	:	0.000000	0.736046	0.000000	0.000000	0.000000	0.000000	0.000000	0.000000	0.263953	0.000000
91	tsk_91	(x)	1	:	0.000000	0.000246	0.000000	0.000000	0.528266	0.471344	0.000000	0.000000	0.000144	0.000000
92	tsk_92	(x)	1	:	0.000000	0.001229	0.000000	0.000000	0.000000	0.496567	0.502136	0.000000	0.000069	0.000000
93	tsk_93	(x)	1	:	0.000000	0.000000	0.294704	0.000000	0.466939	0.000000	0.000000	0.238357	0.000000	0.000000
94	tsk_94	(x)	1	:	0.000000	0.000000	1.000000	0.000000	0.000000	0.000000	0.000000	0.000000	0.000000	0.000000
95	tsk_95	(x)	1	:	0.000000	0.309459	0.000000	0.000000	0.000000	0.500000	0.000000	0.000000	0.190541	0.000000
96	tsk_96	(x)	1	:	0.000000	0.000000	0.500000	0.000000	0.000000	0.500000	0.000000	0.000000	0.000000	0.000000
97	tsk_97	(x)	1	:	0.000000	0.000000	0.000000	0.000000	1.000000	0.000000	0.000000	0.000000	0.000000	0.000000
98	tsk_98	(x)	1	:	0.000000	0.000000	0.000000	0.000000	1.000000	0.000000	0.000000	0.000000	0.000000	0.000000
99	tsk_99	(x)	1	:	0.000000	0.001498	0.494000	0.000000	0.496487	0.006079	0.000000	0.000000	0.001935	0.000000
