logL = -1090.037433 (converged)
AIC = 2504.074866
BIC = 2926.112436

count.K
16 84 

