logL = -639.234112 (converged)
AIC = 2328.468224
BIC = 3696.182572

count.K
13 14 39 29 5 

