logL = -446.268257 (converged)
AIC = 1668.536513
BIC = 2679.342546

count.K
43 18 37 2 

