logL = -728.891621 (converged)
AIC = 3777.783243
BIC = 6799.780659

count.K
3 30 9 4 6 12 9 0 12 15 

