logL = -1029.731659 (converged)
AIC = 3059.463317
BIC = 4362.048410

count.K
14 36 21 29 

