0	tsk_0	(x)	1	:	0.000000	0.000000	0.000000	0.469649	0.000000	0.289365	0.125305	0.115681	0.000000
1	tsk_1	(x)	1	:	0.000000	0.000000	0.506899	0.000000	0.000000	0.000000	0.468112	0.024988	0.000000
2	tsk_2	(x)	1	:	0.000000	0.000000	0.000000	0.469649	0.000000	0.289365	0.184575	0.056411	0.000000
3	tsk_3	(x)	1	:	0.000000	0.000000	1.000000	0.000000	0.000000	0.000000	0.000000	0.000000	0.000000
4	tsk_4	(x)	1	:	0.000000	0.000000	0.506899	0.000000	0.000000	0.000000	0.338639	0.154461	0.000000
5	tsk_5	(x)	1	:	0.000000	0.000000	0.000000	0.469649	0.000000	0.289365	0.144381	0.096605	0.000000
6	tsk_6	(x)	1	:	0.000000	0.000000	0.000000	0.469649	0.000000	0.289365	0.209753	0.031233	0.000000
7	tsk_7	(x)	1	:	0.000000	0.000000	1.000000	0.000000	0.000000	0.000000	0.000000	0.000000	0.000000
8	tsk_8	(x)	1	:	0.000000	0.000000	1.000000	0.000000	0.000000	0.000000	0.000000	0.000000	0.000000
9	tsk_9	(x)	1	:	0.000000	0.000000	0.000000	0.000000	0.000000	0.000000	0.604162	0.395838	0.000000
10	tsk_10	(x)	1	:	0.000000	0.000000	0.000000	0.000000	0.437168	0.000000	0.367293	0.130198	0.065341
11	tsk_11	(x)	1	:	0.000000	0.000000	0.497222	0.000000	0.000000	0.000000	0.002759	0.010963	0.489055
12	tsk_12	(x)	1	:	0.000000	0.000000	0.496763	0.000000	0.000000	0.000000	0.014476	0.001942	0.486819
13	tsk_13	(x)	1	:	0.000000	0.000000	0.000000	0.000000	1.000000	0.000000	0.000000	0.000000	0.000000
14	tsk_14	(x)	1	:	0.000000	0.000000	0.000000	0.000000	0.000000	0.000000	0.000000	0.000000	1.000000
15	tsk_15	(x)	1	:	0.000000	0.000000	0.499623	0.000000	0.439669	0.000000	0.000000	0.000000	0.060707
16	tsk_16	(x)	1	:	0.000000	0.000000	0.000000	0.000000	0.000000	0.000000	0.000000	0.000000	1.000000
17	tsk_17	(x)	1	:	0.000000	0.000000	0.000000	0.000000	0.000000	0.000000	0.000000	0.000000	1.000000
18	tsk_18	(x)	1	:	0.000000	0.500696	0.000000	0.000000	0.440946	0.000000	0.000000	0.000000	0.058358
19	tsk_19	(x)	1	:	0.000000	0.000000	0.496659	0.000000	0.000000	0.000000	0.010624	0.006402	0.486314
20	tsk_20	(x)	1	:	0.000000	0.000000	0.426635	0.000000	0.000000	0.000000	0.060016	0.014183	0.499167
21	tsk_21	(x)	1	:	0.000000	0.000000	0.426729	0.000000	0.000000	0.000000	0.031954	0.041689	0.499628
22	tsk_22	(x)	1	:	0.000000	0.000000	0.000000	0.000000	0.000000	0.000000	0.000000	0.000000	1.000000
23	tsk_23	(x)	1	:	0.000000	0.000000	0.000000	0.480051	0.440076	0.000000	0.000000	0.000000	0.079873
24	tsk_24	(x)	1	:	0.000000	0.000000	0.000000	1.000000	0.000000	0.000000	0.000000	0.000000	0.000000
25	tsk_25	(x)	1	:	0.000000	0.000000	0.000000	0.000000	0.000000	0.000000	0.336338	0.163662	0.500000
26	tsk_26	(x)	1	:	0.000000	0.000000	0.000000	0.000000	0.000000	0.000000	0.179734	0.320266	0.500000
27	tsk_27	(x)	1	:	0.000000	0.000000	0.426739	0.000000	0.000000	0.000000	0.064760	0.008827	0.499674
28	tsk_28	(x)	1	:	0.000000	0.000000	0.426642	0.000000	0.000000	0.000000	0.037293	0.036862	0.499204
29	tsk_29	(x)	1	:	0.000000	0.500000	0.000000	0.000000	0.000000	0.000000	0.206272	0.293728	0.000000
30	tsk_30	(x)	1	:	0.000000	0.000000	0.000000	0.000000	0.000000	0.000000	0.971024	0.028976	0.000000
31	tsk_31	(x)	1	:	0.000000	0.000000	0.000000	0.000000	0.437072	0.000000	0.077519	0.419871	0.065538
32	tsk_32	(x)	1	:	0.000000	0.000000	0.000000	0.000000	0.437044	0.000000	0.295562	0.201798	0.065595
33	tsk_33	(x)	1	:	0.000000	0.000000	0.499520	0.000000	0.000000	0.000000	0.444333	0.056146	0.000000
34	tsk_34	(x)	1	:	0.000000	0.000000	0.000000	0.000000	0.000000	0.000000	0.755929	0.244071	0.000000
35	tsk_35	(x)	1	:	0.000000	0.000000	0.000000	0.000000	0.000000	0.000000	0.748136	0.251864	0.000000
36	tsk_36	(x)	1	:	0.000000	0.000000	0.000000	0.000000	0.000000	0.000000	0.268564	0.731435	0.000000
37	tsk_37	(x)	1	:	0.000000	0.000000	0.000000	0.000000	0.000000	0.000000	0.276731	0.223269	0.500000
38	tsk_38	(x)	1	:	0.000000	0.000000	0.000000	0.000000	0.000000	0.000000	0.680433	0.319567	0.000000
39	tsk_39	(x)	1	:	0.000000	0.000000	0.000000	0.000000	0.000000	0.000000	0.622643	0.377357	0.000000
40	tsk_40	(x)	1	:	0.000000	0.000000	0.000000	0.474988	0.000000	0.000000	0.372422	0.152590	0.000000
41	tsk_41	(x)	1	:	0.000000	0.487606	0.000000	0.000000	0.000000	0.000000	0.002796	0.021991	0.487606
42	tsk_42	(x)	1	:	0.000000	0.000000	0.000000	0.474988	0.000000	0.000000	0.352358	0.172654	0.000000
43	tsk_43	(x)	1	:	0.000000	0.000000	0.506899	0.000000	0.000000	0.000000	0.239451	0.253650	0.000000
44	tsk_44	(x)	1	:	0.000000	0.000000	0.000000	0.999958	0.000000	0.000042	0.000000	0.000000	0.000000
45	tsk_45	(x)	1	:	0.000000	0.000000	0.000000	0.000000	0.000000	0.000000	0.000000	0.000000	1.000000
46	tsk_46	(x)	1	:	0.000000	0.000000	0.000000	0.000000	0.000000	0.000000	0.894927	0.105073	0.000000
47	tsk_47	(x)	1	:	0.000000	0.505939	0.000000	0.476425	0.000000	0.000000	0.004032	0.013605	0.000000
48	tsk_48	(x)	1	:	0.000000	0.000000	0.000000	1.000000	0.000000	0.000000	0.000000	0.000000	0.000000
49	tsk_49	(x)	1	:	0.000000	0.489641	0.000000	0.000000	0.000000	0.000000	0.003348	0.017369	0.489641
50	tsk_50	(x)	1	:	0.000000	0.000000	0.506899	0.000000	0.000000	0.000000	0.450044	0.043056	0.000000
51	tsk_51	(x)	1	:	0.000000	0.000000	0.464954	0.474327	0.000000	0.060719	0.000000	0.000000	0.000000
52	tsk_52	(x)	1	:	0.000000	0.000000	1.000000	0.000000	0.000000	0.000000	0.000000	0.000000	0.000000
53	tsk_53	(x)	1	:	0.000000	0.000000	0.000000	0.490506	0.000000	0.348244	0.107468	0.053782	0.000000
54	tsk_54	(x)	1	:	0.000000	0.000000	0.000000	0.000000	0.437562	0.000000	0.299150	0.198755	0.064534
55	tsk_55	(x)	1	:	0.000000	0.000000	0.506899	0.000000	0.000000	0.000000	0.398828	0.094272	0.000000
56	tsk_56	(x)	1	:	0.000000	0.000000	0.458145	0.479996	0.000000	0.061859	0.000000	0.000000	0.000000
57	tsk_57	(x)	1	:	0.000000	0.000000	1.000000	0.000000	0.000000	0.000000	0.000000	0.000000	0.000000
58	tsk_58	(x)	1	:	0.000000	0.000000	0.506899	0.000000	0.000000	0.000000	0.374600	0.118501	0.000000
59	tsk_59	(x)	1	:	0.000000	0.000000	0.000000	0.000000	0.000000	0.000000	0.675003	0.324997	0.000000
60	tsk_60	(x)	1	:	1.000000	0.000000	0.000000	0.000000	0.000000	0.000000	0.000000	0.000000	0.000000
61	tsk_61	(x)	1	:	0.000000	0.000000	0.499520	0.000000	0.000000	0.000000	0.399644	0.100836	0.000000
62	tsk_62	(x)	1	:	0.000000	0.000000	0.000000	0.000000	0.000000	0.000000	0.570397	0.429603	0.000000
63	tsk_63	(x)	1	:	0.000000	0.000000	0.000000	0.490517	0.000000	0.348316	0.036929	0.124238	0.000000
64	tsk_64	(x)	1	:	0.000000	0.000000	0.521031	0.478969	0.000000	0.000000	0.000000	0.000000	0.000000
65	tsk_65	(x)	1	:	0.404652	0.000000	0.000000	0.000000	0.000000	0.000000	0.280635	0.217714	0.096999
66	tsk_66	(x)	1	:	1.000000	0.000000	0.000000	0.000000	0.000000	0.000000	0.000000	0.000000	0.000000
67	tsk_67	(x)	1	:	0.450944	0.000000	0.000000	0.000000	0.000000	0.000000	0.274399	0.274657	0.000000
68	tsk_68	(x)	1	:	0.000000	0.000000	0.000000	0.000000	0.000000	0.000000	0.671362	0.328637	0.000000
69	tsk_69	(x)	1	:	0.404819	0.000000	0.000000	0.000000	0.000000	0.000000	0.188913	0.309626	0.096641
70	tsk_70	(x)	1	:	0.000000	0.000000	0.000000	0.000000	1.000000	0.000000	0.000000	0.000000	0.000000
71	tsk_71	(x)	1	:	0.000000	0.000000	0.000000	0.999958	0.000000	0.000042	0.000000	0.000000	0.000000
72	tsk_72	(x)	1	:	0.000000	0.505371	0.000000	0.476286	0.000000	0.000000	0.007786	0.010557	0.000000
73	tsk_73	(x)	1	:	0.000000	0.000000	0.000000	0.473721	0.000000	0.000000	0.009848	0.021740	0.494692
74	tsk_74	(x)	1	:	0.000000	0.000000	0.000000	1.000000	0.000000	0.000000	0.000000	0.000000	0.000000
75	tsk_75	(x)	1	:	0.000000	0.506049	0.000000	0.476452	0.000000	0.000000	0.007180	0.010318	0.000000
76	tsk_76	(x)	1	:	0.000000	0.442781	0.000000	0.000000	0.556622	0.000000	0.000026	0.000572	0.000000
77	tsk_77	(x)	1	:	0.000000	0.335397	0.000000	0.452333	0.000000	0.212269	0.000000	0.000000	0.000000
78	tsk_78	(x)	1	:	0.000000	0.505394	0.000000	0.476292	0.000000	0.000000	0.003941	0.014374	0.000000
79	tsk_79	(x)	1	:	0.000000	0.505690	0.000000	0.476364	0.000000	0.000000	0.004839	0.013107	0.000000
80	tsk_80	(x)	1	:	0.000000	0.000000	0.000000	0.452333	0.000000	0.212269	0.000000	0.000000	0.335398
81	tsk_81	(x)	1	:	0.000000	0.000000	0.000000	1.000000	0.000000	0.000000	0.000000	0.000000	0.000000
82	tsk_82	(x)	1	:	0.000000	0.000000	0.000000	0.427715	0.000000	0.572285	0.000000	0.000000	0.000000
83	tsk_83	(x)	1	:	0.000000	0.000000	0.418263	0.546138	0.000000	0.035599	0.000000	0.000000	0.000000
84	tsk_84	(x)	1	:	0.000000	0.497962	0.499087	0.000000	0.000000	0.000000	0.001183	0.001768	0.000000
85	tsk_85	(x)	1	:	0.000000	0.000000	0.499520	0.000000	0.000000	0.000000	0.401443	0.099037	0.000000
86	tsk_86	(x)	1	:	0.000000	0.000000	0.500082	0.000000	0.000000	0.432155	0.052666	0.015098	0.000000
87	tsk_87	(x)	1	:	0.000000	0.335397	0.000000	0.452333	0.000000	0.212269	0.000000	0.000000	0.000000
88	tsk_88	(x)	1	:	0.000000	0.000000	0.000000	0.000000	0.000000	0.000000	0.226777	0.273223	0.500000
89	tsk_89	(x)	1	:	0.000000	0.000000	0.458145	0.479996	0.000000	0.061859	0.000000	0.000000	0.000000
90	tsk_90	(x)	1	:	0.000000	0.000000	0.000000	0.000000	0.000000	0.000000	0.000000	0.500000	0.500000
91	tsk_91	(x)	1	:	0.000000	0.000000	0.000000	0.000000	0.000000	1.000000	0.000000	0.000000	0.000000
92	tsk_92	(x)	1	:	0.000000	0.000000	0.000000	0.452333	0.000000	0.212269	0.000000	0.000000	0.335397
93	tsk_93	(x)	1	:	0.000000	0.000000	0.000000	0.000000	0.000000	0.429399	0.016795	0.053933	0.499873
94	tsk_94	(x)	1	:	0.000000	0.000000	0.000000	0.000000	0.000000	0.000000	0.000000	0.000000	1.000000
95	tsk_95	(x)	1	:	0.000000	0.000000	0.000000	0.000000	0.000000	0.429614	0.341651	0.228735	0.000000
96	tsk_96	(x)	1	:	0.000000	0.000000	0.000000	0.000000	0.000000	1.000000	0.000000	0.000000	0.000000
97	tsk_97	(x)	1	:	0.000000	0.000000	0.000000	0.000000	0.310308	0.000000	0.000000	0.000000	0.689692
98	tsk_98	(x)	1	:	0.000000	0.000000	0.000000	0.000000	0.000000	0.000000	0.299634	0.200366	0.500000
99	tsk_99	(x)	1	:	0.000000	0.000000	0.000000	0.000000	0.310322	0.429924	0.035251	0.034406	0.190097
