logL = -1170.769394 (converged)
AIC = 4173.538789
BIC = 6559.874679

count.K
18 8 14 11 0 2 32 15 

