logL = -375.815529 (converged)
AIC = 1731.631058
BIC = 3008.164449

count.K
27 12 17 13 31 

