logL = -836.040106 (converged)
AIC = 2488.080212
BIC = 3550.989648

count.K
38 26 30 6 

