0	tsk_0	(x)	1	:	0.496181	0.000000	0.000000	0.000000	0.000000	0.246570	0.257249	0.000000
1	tsk_1	(x)	1	:	0.496181	0.000000	0.000000	0.000000	0.000000	0.264720	0.239099	0.000000
2	tsk_2	(x)	1	:	0.000000	0.504368	0.000000	0.000000	0.000000	0.352277	0.143355	0.000000
3	tsk_3	(x)	1	:	0.000000	1.000000	0.000000	0.000000	0.000000	0.000000	0.000000	0.000000
4	tsk_4	(x)	1	:	0.496181	0.000000	0.000000	0.000000	0.000000	0.183855	0.319964	0.000000
5	tsk_5	(x)	1	:	0.392258	0.000000	0.000000	0.607742	0.000000	0.000000	0.000000	0.000000
6	tsk_6	(x)	1	:	0.496181	0.000000	0.000000	0.000000	0.000000	0.304001	0.199818	0.000000
7	tsk_7	(x)	1	:	0.329683	0.670317	0.000000	0.000000	0.000000	0.000000	0.000000	0.000000
8	tsk_8	(x)	1	:	0.000000	0.999999	0.000001	0.000000	0.000000	0.000000	0.000000	0.000000
9	tsk_9	(x)	1	:	0.000000	0.000000	0.000000	0.515305	0.000000	0.112492	0.372202	0.000000
10	tsk_10	(x)	1	:	0.000000	0.000000	0.000000	0.515305	0.000000	0.141647	0.343048	0.000000
11	tsk_11	(x)	1	:	0.000000	0.000000	0.000000	0.000000	0.000000	0.793370	0.206630	0.000000
12	tsk_12	(x)	1	:	0.000000	0.000000	0.000000	0.000000	0.000000	0.757536	0.242464	0.000000
13	tsk_13	(x)	1	:	0.000000	0.000000	0.000000	0.000000	0.000000	0.728050	0.271950	0.000000
14	tsk_14	(x)	1	:	0.000000	0.000000	0.000000	0.000000	0.000000	0.690943	0.309057	0.000000
15	tsk_15	(x)	1	:	0.000000	0.000000	0.000000	0.000000	0.000000	0.711175	0.288825	0.000000
16	tsk_16	(x)	1	:	0.000000	0.000000	0.000000	0.000000	0.000000	0.760898	0.239102	0.000000
17	tsk_17	(x)	1	:	0.496181	0.000000	0.000000	0.000000	0.000000	0.379148	0.124671	0.000000
18	tsk_18	(x)	1	:	0.515202	0.000000	0.000000	0.000000	0.000000	0.329505	0.155293	0.000000
19	tsk_19	(x)	1	:	0.000000	0.000000	0.000000	0.000000	0.000000	0.657009	0.342991	0.000000
20	tsk_20	(x)	1	:	0.000096	0.653064	0.346840	0.000000	0.000000	0.000000	0.000000	0.000000
21	tsk_21	(x)	1	:	0.329683	0.670317	0.000000	0.000000	0.000000	0.000000	0.000000	0.000000
22	tsk_22	(x)	1	:	0.000000	0.000000	0.000000	0.000000	1.000000	0.000000	0.000000	0.000000
23	tsk_23	(x)	1	:	0.000000	0.503933	0.000000	0.000000	0.493651	0.001619	0.000797	0.000000
24	tsk_24	(x)	1	:	0.000000	0.504368	0.000000	0.000000	0.000000	0.183689	0.311943	0.000000
25	tsk_25	(x)	1	:	0.000000	0.000000	0.000000	0.000000	0.499971	0.332513	0.167516	0.000000
26	tsk_26	(x)	1	:	0.260557	0.000000	0.739443	0.000000	0.000000	0.000000	0.000000	0.000000
27	tsk_27	(x)	1	:	0.000000	0.000000	0.507877	0.000000	0.492062	0.000026	0.000035	0.000000
28	tsk_28	(x)	1	:	0.000000	0.000000	0.000000	0.000000	0.499971	0.343120	0.156909	0.000000
29	tsk_29	(x)	1	:	0.000000	0.504368	0.000000	0.000000	0.000000	0.114432	0.381200	0.000000
30	tsk_30	(x)	1	:	1.000000	0.000000	0.000000	0.000000	0.000000	0.000000	0.000000	0.000000
31	tsk_31	(x)	1	:	1.000000	0.000000	0.000000	0.000000	0.000000	0.000000	0.000000	0.000000
32	tsk_32	(x)	1	:	0.333749	0.000000	0.000000	0.162533	0.000000	0.196594	0.307124	0.000000
33	tsk_33	(x)	1	:	0.333749	0.000000	0.000000	0.162533	0.000000	0.178762	0.324956	0.000000
34	tsk_34	(x)	1	:	0.496181	0.000000	0.000000	0.000000	0.000000	0.286273	0.217546	0.000000
35	tsk_35	(x)	1	:	0.000000	0.000000	0.357497	0.154287	0.000000	0.119214	0.369001	0.000000
36	tsk_36	(x)	1	:	0.496181	0.000000	0.000000	0.000000	0.000000	0.265522	0.238297	0.000000
37	tsk_37	(x)	1	:	1.000000	0.000000	0.000000	0.000000	0.000000	0.000000	0.000000	0.000000
38	tsk_38	(x)	1	:	0.496177	0.000000	0.000000	0.000000	0.000000	0.154042	0.119883	0.229897
39	tsk_39	(x)	1	:	0.333749	0.000000	0.000000	0.162533	0.000000	0.158209	0.345508	0.000000
40	tsk_40	(x)	1	:	0.000000	0.000000	0.491005	0.000000	0.000000	0.344555	0.164440	0.000000
41	tsk_41	(x)	1	:	1.000000	0.000000	0.000000	0.000000	0.000000	0.000000	0.000000	0.000000
42	tsk_42	(x)	1	:	0.138320	0.000000	0.371475	0.000000	0.000000	0.118259	0.100629	0.271317
43	tsk_43	(x)	1	:	0.647410	0.000000	0.352590	0.000000	0.000000	0.000000	0.000000	0.000000
44	tsk_44	(x)	1	:	0.496181	0.000000	0.000000	0.000000	0.000000	0.405389	0.098430	0.000000
45	tsk_45	(x)	1	:	0.000000	0.000000	1.000000	0.000000	0.000000	0.000000	0.000000	0.000000
46	tsk_46	(x)	1	:	0.000000	0.000000	1.000000	0.000000	0.000000	0.000000	0.000000	0.000000
47	tsk_47	(x)	1	:	0.000000	0.000000	1.000000	0.000000	0.000000	0.000000	0.000000	0.000000
48	tsk_48	(x)	1	:	0.000000	0.000000	0.000000	0.000000	0.000000	0.532968	0.195746	0.271286
49	tsk_49	(x)	1	:	0.260890	0.000000	0.739110	0.000000	0.000000	0.000000	0.000000	0.000000
50	tsk_50	(x)	1	:	1.000000	0.000000	0.000000	0.000000	0.000000	0.000000	0.000000	0.000000
51	tsk_51	(x)	1	:	0.000000	0.521088	0.000000	0.000000	0.000000	0.000000	0.478912	0.000000
52	tsk_52	(x)	1	:	0.515202	0.000000	0.000000	0.000000	0.000000	0.181630	0.303169	0.000000
53	tsk_53	(x)	1	:	0.496181	0.000000	0.000000	0.000000	0.000000	0.280476	0.223343	0.000000
54	tsk_54	(x)	1	:	0.329683	0.670317	0.000000	0.000000	0.000000	0.000000	0.000000	0.000000
55	tsk_55	(x)	1	:	0.647410	0.000000	0.352590	0.000000	0.000000	0.000000	0.000000	0.000000
56	tsk_56	(x)	1	:	0.000000	0.000000	0.000000	0.000000	0.499971	0.440194	0.059836	0.000000
57	tsk_57	(x)	1	:	1.000000	0.000000	0.000000	0.000000	0.000000	0.000000	0.000000	0.000000
58	tsk_58	(x)	1	:	1.000000	0.000000	0.000000	0.000000	0.000000	0.000000	0.000000	0.000000
59	tsk_59	(x)	1	:	1.000000	0.000000	0.000000	0.000000	0.000000	0.000000	0.000000	0.000000
60	tsk_60	(x)	1	:	0.000000	0.000000	0.000000	0.000000	0.000000	0.556390	0.213685	0.229925
61	tsk_61	(x)	1	:	0.080505	0.000000	0.000000	0.415923	0.000000	0.162118	0.341454	0.000000
62	tsk_62	(x)	1	:	0.000000	0.000000	0.000000	0.000000	0.000000	0.437196	0.169923	0.392882
63	tsk_63	(x)	1	:	0.000000	0.000000	0.000000	0.000000	0.000000	0.745650	0.254349	0.000000
64	tsk_64	(x)	1	:	0.000000	0.000000	0.000000	0.000000	0.000000	0.671036	0.099039	0.229925
65	tsk_65	(x)	1	:	0.000000	0.000000	0.000000	0.000000	0.000000	0.528099	0.471900	0.000000
66	tsk_66	(x)	1	:	0.000000	0.000000	0.000000	0.000000	0.499907	0.189755	0.080439	0.229899
67	tsk_67	(x)	1	:	0.515202	0.000000	0.000000	0.000000	0.000000	0.202515	0.282283	0.000000
68	tsk_68	(x)	1	:	0.515202	0.000000	0.000000	0.000000	0.000000	0.278926	0.205872	0.000000
69	tsk_69	(x)	1	:	0.514037	0.000000	0.000000	0.000000	0.483107	0.001279	0.001577	0.000000
70	tsk_70	(x)	1	:	0.000000	0.000000	0.000000	0.000000	0.000000	0.395364	0.112409	0.492227
71	tsk_71	(x)	1	:	0.000000	0.000000	0.000000	0.000000	0.000000	0.000006	0.000000	0.999994
72	tsk_72	(x)	1	:	0.000000	0.000000	0.000000	0.000000	0.000000	0.000004	0.000001	0.999995
73	tsk_73	(x)	1	:	0.000000	0.000000	0.000000	0.000000	0.000000	0.627049	0.372951	0.000000
74	tsk_74	(x)	1	:	0.000000	0.000000	0.000000	0.000000	0.000000	0.414124	0.093648	0.492227
75	tsk_75	(x)	1	:	1.000000	0.000000	0.000000	0.000000	0.000000	0.000000	0.000000	0.000000
76	tsk_76	(x)	1	:	0.496169	0.000000	0.000000	0.000000	0.000000	0.117659	0.114990	0.271181
77	tsk_77	(x)	1	:	0.000000	0.000000	0.000000	0.000000	0.000000	0.526018	0.053645	0.420337
78	tsk_78	(x)	1	:	0.000000	0.000000	0.000000	0.000000	0.000000	0.356444	0.151329	0.492227
79	tsk_79	(x)	1	:	0.000000	0.504364	0.000000	0.000000	0.000000	0.045996	0.219744	0.229896
80	tsk_80	(x)	1	:	0.000000	0.000000	0.000000	0.000000	0.000000	0.661853	0.338147	0.000000
81	tsk_81	(x)	1	:	0.000000	0.000000	0.000000	0.000000	0.000000	0.625601	0.374399	0.000000
82	tsk_82	(x)	1	:	0.000000	0.000000	0.000000	0.000000	0.000000	0.550691	0.178023	0.271286
83	tsk_83	(x)	1	:	0.000000	0.000000	0.000000	0.000000	0.000000	0.693776	0.306224	0.000000
84	tsk_84	(x)	1	:	0.000000	0.000000	0.000000	0.000000	0.000000	0.532054	0.196660	0.271286
85	tsk_85	(x)	1	:	0.000000	0.000000	0.000000	0.000000	0.000000	0.891868	0.108132	0.000000
86	tsk_86	(x)	1	:	0.000000	0.000000	0.491005	0.000000	0.000000	0.408975	0.100019	0.000000
87	tsk_87	(x)	1	:	0.000000	0.000000	0.000000	0.000000	0.000000	0.772742	0.227258	0.000000
88	tsk_88	(x)	1	:	0.138491	0.000000	0.371337	0.000000	0.000000	0.111340	0.164586	0.214245
89	tsk_89	(x)	1	:	0.000000	0.000000	0.000000	0.000000	0.000000	0.491484	0.294333	0.214183
90	tsk_90	(x)	1	:	0.000000	0.000000	0.000000	0.000000	0.000000	0.629837	0.370163	0.000000
91	tsk_91	(x)	1	:	0.496181	0.000000	0.000000	0.000000	0.000000	0.362412	0.141407	0.000000
92	tsk_92	(x)	1	:	0.000000	0.000000	0.000000	0.000000	0.000000	0.659375	0.340625	0.000000
93	tsk_93	(x)	1	:	0.000000	0.000000	0.000000	0.000000	0.000000	0.733757	0.266243	0.000000
94	tsk_94	(x)	1	:	0.000000	0.000000	0.000000	0.000000	0.000000	0.504533	0.495467	0.000000
95	tsk_95	(x)	1	:	0.000000	0.504368	0.000000	0.000000	0.000000	0.355547	0.140085	0.000000
96	tsk_96	(x)	1	:	0.000000	0.504368	0.000000	0.000000	0.000000	0.328583	0.167049	0.000000
97	tsk_97	(x)	1	:	0.496181	0.000000	0.000000	0.000000	0.000000	0.129538	0.374282	0.000000
98	tsk_98	(x)	1	:	0.329683	0.670317	0.000000	0.000000	0.000000	0.000000	0.000000	0.000000
99	tsk_99	(x)	1	:	0.000000	0.000000	0.000000	0.000000	0.000000	0.625931	0.374069	0.000000
