logL = -555.879041 (converged)
AIC = 2911.758082
BIC = 5256.411249

count.K
18 13 7 27 0 23 0 12 

