logL = -717.160927 (converged)
AIC = 1996.321854
BIC = 2728.374676

count.K
21 49 30 

