logL = -457.053689 (converged)
AIC = 3174.107377
BIC = 6117.949687

count.K
4 3 1 17 14 0 3 30 8 20 

