logL = -372.319526 (converged)
AIC = 2776.639051
BIC = 5423.491960

count.K
7 0 15 16 8 33 4 7 10 

