logL = -946.927095 (converged)
AIC = 3265.854191
BIC = 5053.000939

count.K
8 1 8 26 21 36 

