logL = -403.915401 (converged)
AIC = 2857.830802
BIC = 5528.130243

count.K
42 17 4 3 6 2 13 13 0 

