logL = -635.785774 (converged)
AIC = 2039.571548
BIC = 3039.956899

count.K
1 11 58 30 

