logL = -602.006456 (converged)
AIC = 3254.012912
BIC = 5924.312353

count.K
8 6 11 1 21 17 12 11 13 

