logL = -266.475891 (converged)
AIC = 2252.951781
BIC = 4493.398141

count.K
1 17 2 11 57 8 2 2 

