logL = -312.632615 (converged)
AIC = 1385.265229
BIC = 2375.229900

count.K
9 5 53 33 

