logL = -401.178617 (converged)
AIC = 1286.357233
BIC = 1916.808418

count.K
25 29 46 

