0	tsk_0	(x)	1	:	0.260825	0.000000	0.000000	0.000000	0.000000	0.000000	0.000000	0.739175	0.000000
1	tsk_1	(x)	1	:	0.474738	0.000000	0.000000	0.000000	0.000000	0.000000	0.000000	0.525261	0.000000
2	tsk_2	(x)	1	:	1.000000	0.000000	0.000000	0.000000	0.000000	0.000000	0.000000	0.000000	0.000000
3	tsk_3	(x)	1	:	0.732966	0.000000	0.000000	0.000000	0.000000	0.000000	0.000000	0.267034	0.000000
4	tsk_4	(x)	1	:	0.378828	0.000000	0.000000	0.000000	0.000000	0.000000	0.183409	0.437764	0.000000
5	tsk_5	(x)	1	:	0.471904	0.000000	0.000000	0.000000	0.000000	0.000000	0.000000	0.528096	0.000000
6	tsk_6	(x)	1	:	0.640962	0.000000	0.000000	0.000000	0.000000	0.000000	0.000000	0.359038	0.000000
7	tsk_7	(x)	1	:	0.000000	0.000000	0.500000	0.000000	0.455920	0.000000	0.000000	0.000000	0.044080
8	tsk_8	(x)	1	:	0.214115	0.000000	0.000000	0.000000	0.192639	0.000000	0.000000	0.285885	0.307361
9	tsk_9	(x)	1	:	0.084471	0.000000	0.421552	0.000000	0.000000	0.000000	0.225425	0.268552	0.000000
10	tsk_10	(x)	1	:	0.179379	0.000000	0.000000	0.000000	0.057038	0.000000	0.358164	0.319633	0.085787
11	tsk_11	(x)	1	:	0.000000	0.000000	0.000088	0.500479	0.117823	0.000000	0.360190	0.000000	0.021419
12	tsk_12	(x)	1	:	0.000000	0.431410	0.000000	0.000000	0.000000	0.204528	0.364062	0.000000	0.000000
13	tsk_13	(x)	1	:	0.000000	0.000000	0.499731	0.000000	0.000000	0.000000	0.358385	0.000000	0.141884
14	tsk_14	(x)	1	:	0.161035	0.000000	0.000592	0.499066	0.000880	0.000000	0.000000	0.337344	0.001083
15	tsk_15	(x)	1	:	0.000000	0.405206	0.000000	0.405206	0.000000	0.189588	0.000000	0.000000	0.000000
16	tsk_16	(x)	1	:	0.156241	0.000000	0.000549	0.498869	0.000830	0.000000	0.000000	0.341458	0.002054
17	tsk_17	(x)	1	:	0.000000	0.000000	0.001486	0.499009	0.477223	0.000000	0.000000	0.000000	0.022282
18	tsk_18	(x)	1	:	0.000000	0.405206	0.000000	0.405206	0.000000	0.189588	0.000000	0.000000	0.000000
19	tsk_19	(x)	1	:	0.000000	0.000000	0.000000	0.000000	0.388154	0.000000	0.000000	0.500000	0.111846
20	tsk_20	(x)	1	:	0.000000	0.000000	1.000000	0.000000	0.000000	0.000000	0.000000	0.000000	0.000000
21	tsk_21	(x)	1	:	0.366096	0.000000	0.495826	0.000000	0.003635	0.000000	0.000000	0.125485	0.008957
22	tsk_22	(x)	1	:	0.000000	0.000000	1.000000	0.000000	0.000000	0.000000	0.000000	0.000000	0.000000
23	tsk_23	(x)	1	:	0.000000	0.500000	0.500000	0.000000	0.000000	0.000000	0.000000	0.000000	0.000000
24	tsk_24	(x)	1	:	0.000000	0.500000	0.500000	0.000000	0.000000	0.000000	0.000000	0.000000	0.000000
25	tsk_25	(x)	1	:	0.000000	0.500000	0.500000	0.000000	0.000000	0.000000	0.000000	0.000000	0.000000
26	tsk_26	(x)	1	:	0.500000	0.000000	0.000000	0.000000	0.500000	0.000000	0.000000	0.000000	0.000000
27	tsk_27	(x)	1	:	0.344583	0.000000	0.000000	0.000000	0.000000	0.124976	0.000000	0.530441	0.000000
28	tsk_28	(x)	1	:	0.160084	0.000000	0.000000	0.000000	0.000000	0.000000	0.000000	0.339916	0.500000
29	tsk_29	(x)	1	:	0.000000	0.500000	0.500000	0.000000	0.000000	0.000000	0.000000	0.000000	0.000000
30	tsk_30	(x)	1	:	0.000000	0.000000	0.000000	0.000000	0.000000	0.000000	0.000000	1.000000	0.000000
31	tsk_31	(x)	1	:	0.000000	0.000000	0.500004	0.499996	0.000000	0.000000	0.000000	0.000000	0.000000
32	tsk_32	(x)	1	:	0.000000	0.000000	1.000000	0.000000	0.000000	0.000000	0.000000	0.000000	0.000000
33	tsk_33	(x)	1	:	0.000000	0.000000	0.500000	0.000000	0.458241	0.000000	0.000000	0.000000	0.041759
34	tsk_34	(x)	1	:	0.246127	0.000000	0.495655	0.000000	0.000665	0.000000	0.000000	0.245107	0.012445
35	tsk_35	(x)	1	:	0.000000	0.000000	0.499999	0.500001	0.000000	0.000000	0.000000	0.000000	0.000000
36	tsk_36	(x)	1	:	0.000000	0.000000	0.500000	0.000000	0.439418	0.000000	0.000000	0.000000	0.060582
37	tsk_37	(x)	1	:	0.000000	0.000000	1.000000	0.000000	0.000000	0.000000	0.000000	0.000000	0.000000
38	tsk_38	(x)	1	:	0.289459	0.000000	0.000524	0.498951	0.001152	0.000000	0.000000	0.208435	0.001479
39	tsk_39	(x)	1	:	0.000000	0.000000	1.000000	0.000000	0.000000	0.000000	0.000000	0.000000	0.000000
40	tsk_40	(x)	1	:	0.741898	0.000000	0.000000	0.000000	0.000000	0.000000	0.000000	0.258102	0.000000
41	tsk_41	(x)	1	:	0.000000	0.000000	0.000000	0.000000	0.742609	0.000000	0.000000	0.000000	0.257391
42	tsk_42	(x)	1	:	0.000000	0.000000	0.000000	0.000000	0.880760	0.000000	0.000000	0.000000	0.119240
43	tsk_43	(x)	1	:	0.260355	0.000000	0.000000	0.000000	0.122509	0.000000	0.000000	0.239645	0.377491
44	tsk_44	(x)	1	:	0.130108	0.000000	0.000000	0.000000	0.383855	0.000000	0.000000	0.369892	0.116145
45	tsk_45	(x)	1	:	0.372325	0.000000	0.000000	0.000000	0.000000	0.000000	0.000000	0.627675	0.000000
46	tsk_46	(x)	1	:	0.000000	0.000000	0.000000	0.000000	0.867822	0.000000	0.000000	0.000000	0.132178
47	tsk_47	(x)	1	:	0.000000	0.000000	0.000000	0.000000	0.000000	0.000000	0.000000	0.000000	1.000000
48	tsk_48	(x)	1	:	0.170976	0.000000	0.000000	0.000000	0.214219	0.000000	0.000000	0.329024	0.285781
49	tsk_49	(x)	1	:	0.000000	0.000000	0.000000	0.000000	0.964767	0.000000	0.000000	0.000000	0.035233
50	tsk_50	(x)	1	:	0.000000	0.000000	1.000000	0.000000	0.000000	0.000000	0.000000	0.000000	0.000000
51	tsk_51	(x)	1	:	0.300159	0.000000	0.495839	0.000000	0.000000	0.000000	0.000000	0.191447	0.012555
52	tsk_52	(x)	1	:	0.000000	0.000000	1.000000	0.000000	0.000000	0.000000	0.000000	0.000000	0.000000
53	tsk_53	(x)	1	:	0.000000	0.000000	1.000000	0.000000	0.000000	0.000000	0.000000	0.000000	0.000000
54	tsk_54	(x)	1	:	0.369994	0.000000	0.495772	0.000000	0.002386	0.000000	0.000000	0.121477	0.010371
55	tsk_55	(x)	1	:	0.000000	0.000000	1.000000	0.000000	0.000000	0.000000	0.000000	0.000000	0.000000
56	tsk_56	(x)	1	:	0.000000	0.000000	1.000000	0.000000	0.000000	0.000000	0.000000	0.000000	0.000000
57	tsk_57	(x)	1	:	0.000000	0.000000	1.000000	0.000000	0.000000	0.000000	0.000000	0.000000	0.000000
58	tsk_58	(x)	1	:	0.000000	0.000000	1.000000	0.000000	0.000000	0.000000	0.000000	0.000000	0.000000
59	tsk_59	(x)	1	:	0.174514	0.000000	0.000000	0.000000	0.122779	0.000000	0.000000	0.325486	0.377221
60	tsk_60	(x)	1	:	0.000000	0.000000	1.000000	0.000000	0.000000	0.000000	0.000000	0.000000	0.000000
61	tsk_61	(x)	1	:	0.000000	0.000000	1.000000	0.000000	0.000000	0.000000	0.000000	0.000000	0.000000
62	tsk_62	(x)	1	:	0.149322	0.000000	0.366658	0.000000	0.000000	0.203553	0.000000	0.280466	0.000000
63	tsk_63	(x)	1	:	0.000000	0.000000	0.500000	0.000000	0.402693	0.000000	0.000000	0.000000	0.097307
64	tsk_64	(x)	1	:	0.000000	0.000000	1.000000	0.000000	0.000000	0.000000	0.000000	0.000000	0.000000
65	tsk_65	(x)	1	:	0.000000	0.000000	1.000000	0.000000	0.000000	0.000000	0.000000	0.000000	0.000000
66	tsk_66	(x)	1	:	0.000000	0.000000	1.000000	0.000000	0.000000	0.000000	0.000000	0.000000	0.000000
67	tsk_67	(x)	1	:	0.000000	0.000000	1.000000	0.000000	0.000000	0.000000	0.000000	0.000000	0.000000
68	tsk_68	(x)	1	:	0.000000	0.000000	1.000000	0.000000	0.000000	0.000000	0.000000	0.000000	0.000000
69	tsk_69	(x)	1	:	0.000000	0.000000	0.500000	0.000000	0.295148	0.000000	0.000000	0.000000	0.204852
70	tsk_70	(x)	1	:	0.000000	0.000000	0.000000	0.000000	0.000000	0.000000	0.000000	0.000000	1.000000
71	tsk_71	(x)	1	:	0.000000	0.000000	0.000000	0.000000	0.584383	0.000000	0.000000	0.000000	0.415617
72	tsk_72	(x)	1	:	0.000000	0.000000	0.000000	0.000000	0.886887	0.000000	0.000000	0.000000	0.113113
73	tsk_73	(x)	1	:	0.000000	0.000000	0.000000	0.000000	0.915057	0.000000	0.000000	0.000000	0.084943
74	tsk_74	(x)	1	:	0.000000	0.000000	0.000000	0.000000	0.927878	0.000000	0.000000	0.000000	0.072122
75	tsk_75	(x)	1	:	0.000000	0.000000	0.000000	0.000000	0.885217	0.000000	0.000000	0.000000	0.114783
76	tsk_76	(x)	1	:	0.000000	0.000000	0.000000	0.000000	0.959500	0.000000	0.000000	0.000000	0.040500
77	tsk_77	(x)	1	:	0.000000	0.000000	0.000000	0.000000	0.000000	0.000000	0.000000	0.000000	1.000000
78	tsk_78	(x)	1	:	0.387395	0.000000	0.000000	0.000000	0.278900	0.000000	0.000000	0.112605	0.221100
79	tsk_79	(x)	1	:	0.145046	0.497386	0.000000	0.000000	0.000000	0.000000	0.000000	0.347030	0.010537
80	tsk_80	(x)	1	:	0.218272	0.000000	0.000000	0.000000	0.000000	0.000000	0.000000	0.781728	0.000000
81	tsk_81	(x)	1	:	0.137781	0.000000	0.000000	0.000000	0.000000	0.000000	0.000000	0.862219	0.000000
82	tsk_82	(x)	1	:	0.469785	0.000000	0.000000	0.000000	0.000000	0.000000	0.000000	0.530215	0.000000
83	tsk_83	(x)	1	:	0.402094	0.000000	0.000000	0.000000	0.000000	0.000000	0.000000	0.597906	0.000000
84	tsk_84	(x)	1	:	0.552777	0.000000	0.000000	0.000000	0.000000	0.000000	0.000000	0.447223	0.000000
85	tsk_85	(x)	1	:	0.239590	0.000000	0.488437	0.000000	0.000000	0.000000	0.000000	0.236692	0.035281
86	tsk_86	(x)	1	:	0.217350	0.000000	0.000000	0.000000	0.000000	0.000000	0.000000	0.782649	0.000000
87	tsk_87	(x)	1	:	0.176816	0.000000	0.000000	0.000000	0.000000	0.000000	0.000000	0.823184	0.000000
88	tsk_88	(x)	1	:	0.121888	0.000000	0.495839	0.000000	0.001684	0.000000	0.000000	0.369719	0.010870
89	tsk_89	(x)	1	:	0.301932	0.000000	0.000000	0.000000	0.000000	0.000000	0.000000	0.698068	0.000000
90	tsk_90	(x)	1	:	0.000000	1.000000	0.000000	0.000000	0.000000	0.000000	0.000000	0.000000	0.000000
91	tsk_91	(x)	1	:	0.000000	0.000000	0.000906	0.499396	0.496274	0.000000	0.000000	0.000000	0.003424
92	tsk_92	(x)	1	:	0.211073	0.497500	0.000000	0.000000	0.001147	0.000000	0.000000	0.281350	0.008930
93	tsk_93	(x)	1	:	0.000000	0.500000	0.000000	0.000000	0.476710	0.000000	0.000000	0.000000	0.023290
94	tsk_94	(x)	1	:	0.000000	0.499986	0.000055	0.499959	0.000000	0.000000	0.000000	0.000000	0.000000
95	tsk_95	(x)	1	:	0.000000	0.000000	0.000976	0.499349	0.490730	0.000000	0.000000	0.000000	0.008945
96	tsk_96	(x)	1	:	0.000000	0.499989	0.000045	0.499966	0.000000	0.000000	0.000000	0.000000	0.000000
97	tsk_97	(x)	1	:	0.000000	0.500000	0.000000	0.000000	0.500000	0.000000	0.000000	0.000000	0.000000
98	tsk_98	(x)	1	:	0.000000	0.499987	0.000050	0.499962	0.000000	0.000000	0.000000	0.000000	0.000000
99	tsk_99	(x)	1	:	0.000000	0.500000	0.000000	0.000000	0.414730	0.000000	0.000000	0.000000	0.085270
