logL = -842.445313 (converged)
AIC = 2784.890625
BIC = 4217.734228

count.K
2 46 18 6 28 

