logL = -625.736182 (converged)
AIC = 2515.472365
BIC = 4161.939923

count.K
24 10 9 26 16 15 

