logL = -615.420195 (converged)
AIC = 3352.840391
BIC = 6116.925958

count.K
14 6 2 3 20 9 30 3 13 

