logL = -875.304869 (converged)
AIC = 2318.609737
BIC = 3058.478070

count.K
10 62 28 

