logL = -164.149299 (converged)
AIC = 1752.298599
BIC = 3607.179771

count.K
83 1 2 4 9 1 0 

