logL = -589.483747 (converged)
AIC = 2672.967495
BIC = 4619.029624

count.K
5 10 10 22 18 21 14 

