logL = -282.024299 (converged)
AIC = 2284.048599
BIC = 4524.494959

count.K
13 1 6 28 6 19 25 2 

