logL = -454.449587 (converged)
AIC = 2402.899174
BIC = 4348.961303

count.K
9 23 11 7 34 12 4 

