logL = -1781.823466 (converged)
AIC = 6099.646932
BIC = 9403.002728

count.K
25 9 29 0 6 7 8 10 6 

