logL = -1170.391864 (converged)
AIC = 2640.783728
BIC = 3031.559256

count.K
53 47 

