logL = -853.884950 (converged)
AIC = 2293.769900
BIC = 3057.084764

count.K
20 24 56 

