logL = -423.140450 (converged)
AIC = 2062.280900
BIC = 3646.224373

count.K
7 19 18 6 42 8 

