0	tsk_0	(x)	1	:	0.000000	0.478280	0.000000	0.000000	0.000000	0.000000	0.501971	0.019749	0.000000
1	tsk_1	(x)	1	:	0.000000	0.000000	0.000000	0.000000	0.000000	0.000000	1.000000	0.000000	0.000000
2	tsk_2	(x)	1	:	0.000000	0.000000	0.000000	0.000000	0.000000	0.000000	1.000000	0.000000	0.000000
3	tsk_3	(x)	1	:	0.000000	0.479169	0.000000	0.520831	0.000000	0.000000	0.000000	0.000000	0.000000
4	tsk_4	(x)	1	:	0.000000	0.000000	0.000000	1.000000	0.000000	0.000000	0.000000	0.000000	0.000000
5	tsk_5	(x)	1	:	0.000000	0.000000	0.000001	0.491259	0.000000	0.011890	0.000000	0.000712	0.496138
6	tsk_6	(x)	1	:	0.000000	0.000000	0.000001	0.492323	0.000000	0.008501	0.000000	0.000411	0.498763
7	tsk_7	(x)	1	:	0.000000	0.000000	0.000042	0.493014	0.000000	0.506944	0.000000	0.000000	0.000000
8	tsk_8	(x)	1	:	0.000000	0.000000	0.000000	0.517500	0.000000	0.000000	0.482500	0.000000	0.000000
9	tsk_9	(x)	1	:	0.000000	0.000000	0.000001	0.000000	0.000000	0.008474	0.498429	0.000000	0.493095
10	tsk_10	(x)	1	:	0.000000	0.000000	0.000067	0.000000	0.000000	0.999933	0.000000	0.000000	0.000000
11	tsk_11	(x)	1	:	0.000000	0.000000	0.000000	0.517500	0.000000	0.000000	0.482500	0.000000	0.000000
12	tsk_12	(x)	1	:	0.000000	0.000000	0.000027	0.000000	0.000000	0.517793	0.482181	0.000000	0.000000
13	tsk_13	(x)	1	:	0.000000	0.000000	0.000027	0.000000	0.000000	0.501018	0.498955	0.000000	0.000000
14	tsk_14	(x)	1	:	0.000000	0.000000	0.000055	0.000000	0.000000	0.500989	0.498956	0.000000	0.000000
15	tsk_15	(x)	1	:	0.000000	0.000000	0.000016	0.000000	0.000000	0.518996	0.000000	0.480988	0.000000
16	tsk_16	(x)	1	:	0.000000	0.000000	0.000012	0.493011	0.000000	0.506977	0.000000	0.000000	0.000000
17	tsk_17	(x)	1	:	0.000000	0.000000	0.000020	0.000000	0.000000	0.999980	0.000000	0.000000	0.000000
18	tsk_18	(x)	1	:	0.000000	0.000000	0.000042	0.000000	0.000000	0.517776	0.482181	0.000000	0.000000
19	tsk_19	(x)	1	:	0.000000	0.000000	0.000000	0.499467	0.000000	0.000000	0.500533	0.000000	0.000000
20	tsk_20	(x)	1	:	0.000000	0.000000	0.000031	0.000000	0.000000	0.999969	0.000000	0.000000	0.000000
21	tsk_21	(x)	1	:	0.000000	0.000000	0.000016	0.000000	0.000000	0.999984	0.000000	0.000000	0.000000
22	tsk_22	(x)	1	:	1.000000	0.000000	0.000000	0.000000	0.000000	0.000000	0.000000	0.000000	0.000000
23	tsk_23	(x)	1	:	0.000000	0.000000	0.000026	0.000000	0.000000	0.999974	0.000000	0.000000	0.000000
24	tsk_24	(x)	1	:	0.000000	0.000000	0.000021	0.000000	0.000000	0.999978	0.000000	0.000000	0.000000
25	tsk_25	(x)	1	:	1.000000	0.000000	0.000000	0.000000	0.000000	0.000000	0.000000	0.000000	0.000000
26	tsk_26	(x)	1	:	0.000000	0.000000	0.000040	0.000000	0.000000	0.999960	0.000000	0.000000	0.000000
27	tsk_27	(x)	1	:	0.557274	0.000000	0.000000	0.442726	0.000000	0.000000	0.000000	0.000000	0.000000
28	tsk_28	(x)	1	:	1.000000	0.000000	0.000000	0.000000	0.000000	0.000000	0.000000	0.000000	0.000000
29	tsk_29	(x)	1	:	0.000000	0.000000	0.000067	0.000000	0.000000	0.999932	0.000000	0.000000	0.000000
30	tsk_30	(x)	1	:	0.000000	0.000000	0.000016	0.493011	0.000000	0.506973	0.000000	0.000000	0.000000
31	tsk_31	(x)	1	:	0.000000	0.000000	0.000100	0.000000	0.000000	0.517718	0.482182	0.000000	0.000000
32	tsk_32	(x)	1	:	0.000000	0.000000	0.000072	0.493018	0.000000	0.506910	0.000000	0.000000	0.000000
33	tsk_33	(x)	1	:	0.000000	0.000000	0.000178	0.000000	0.000000	0.500863	0.498959	0.000000	0.000000
34	tsk_34	(x)	1	:	0.000000	0.000000	0.000000	1.000000	0.000000	0.000000	0.000000	0.000000	0.000000
35	tsk_35	(x)	1	:	0.000000	0.000000	0.000000	0.493326	0.000000	0.001596	0.000000	0.001363	0.503715
36	tsk_36	(x)	1	:	0.000000	0.000000	0.000000	1.000000	0.000000	0.000000	0.000000	0.000000	0.000000
37	tsk_37	(x)	1	:	0.000000	0.202784	0.000000	0.797216	0.000000	0.000000	0.000000	0.000000	0.000000
38	tsk_38	(x)	1	:	0.000000	0.000000	0.000000	0.497174	0.000000	0.000000	0.500362	0.002464	0.000000
39	tsk_39	(x)	1	:	0.000000	0.000000	0.000000	1.000000	0.000000	0.000000	0.000000	0.000000	0.000000
40	tsk_40	(x)	1	:	0.295945	0.000000	0.000009	0.000000	0.000000	0.704046	0.000000	0.000000	0.000000
41	tsk_41	(x)	1	:	0.000000	0.000000	0.000015	0.000000	0.000000	0.999985	0.000000	0.000000	0.000000
42	tsk_42	(x)	1	:	0.000000	0.000000	0.000042	0.000000	0.000000	0.999958	0.000000	0.000000	0.000000
43	tsk_43	(x)	1	:	0.000000	0.000000	0.000050	0.000000	0.000000	0.999950	0.000000	0.000000	0.000000
44	tsk_44	(x)	1	:	0.000000	0.000000	0.000033	0.000000	0.000000	0.999967	0.000000	0.000000	0.000000
45	tsk_45	(x)	1	:	0.000000	0.000000	0.000035	0.000000	0.000000	0.999965	0.000000	0.000000	0.000000
46	tsk_46	(x)	1	:	0.000000	0.000000	0.000013	0.000000	0.000000	0.999987	0.000000	0.000000	0.000000
47	tsk_47	(x)	1	:	0.000000	0.000000	0.000070	0.000000	0.000000	0.999930	0.000000	0.000000	0.000000
48	tsk_48	(x)	1	:	0.000000	0.000000	0.000078	0.000000	0.000000	0.499862	0.000000	0.000000	0.500060
49	tsk_49	(x)	1	:	0.000000	0.000000	0.000006	0.000000	0.000000	0.999994	0.000000	0.000000	0.000000
50	tsk_50	(x)	1	:	0.000000	0.000000	0.000006	0.000000	0.462330	0.052019	0.000000	0.485646	0.000000
51	tsk_51	(x)	1	:	0.000000	0.000000	0.000000	0.000000	1.000000	0.000000	0.000000	0.000000	0.000000
52	tsk_52	(x)	1	:	0.000000	0.000000	0.000005	0.495838	0.465696	0.036388	0.000000	0.002073	0.000000
53	tsk_53	(x)	1	:	0.000000	0.000000	0.000000	0.000000	1.000000	0.000000	0.000000	0.000000	0.000000
54	tsk_54	(x)	1	:	0.000000	0.000000	0.000000	0.000000	0.000000	0.000000	0.481841	0.518159	0.000000
55	tsk_55	(x)	1	:	0.000000	0.000000	0.000011	0.000000	0.452869	0.547120	0.000000	0.000000	0.000000
56	tsk_56	(x)	1	:	0.000000	0.000000	0.000000	1.000000	0.000000	0.000000	0.000000	0.000000	0.000000
57	tsk_57	(x)	1	:	0.000000	0.000000	0.000000	0.000000	1.000000	0.000000	0.000000	0.000000	0.000000
58	tsk_58	(x)	1	:	0.000000	0.000000	0.000021	0.000000	0.000000	0.518990	0.000000	0.480989	0.000000
59	tsk_59	(x)	1	:	0.000000	0.000000	0.000010	0.000000	0.460180	0.040313	0.499497	0.000000	0.000000
60	tsk_60	(x)	1	:	0.000000	0.000000	0.000000	1.000000	0.000000	0.000000	0.000000	0.000000	0.000000
61	tsk_61	(x)	1	:	0.000000	0.000000	0.000071	0.000000	0.000000	0.500973	0.498956	0.000000	0.000000
62	tsk_62	(x)	1	:	0.000000	0.000000	0.999570	0.000000	0.000000	0.000430	0.000000	0.000000	0.000000
63	tsk_63	(x)	1	:	0.000000	0.000000	0.000006	0.493010	0.000000	0.506984	0.000000	0.000000	0.000000
64	tsk_64	(x)	1	:	0.000000	0.000000	0.000185	0.000000	0.000000	0.500855	0.498959	0.000000	0.000000
65	tsk_65	(x)	1	:	0.000000	0.000000	0.000012	0.493011	0.000000	0.506977	0.000000	0.000000	0.000000
66	tsk_66	(x)	1	:	0.000000	0.000000	0.545635	0.454364	0.000000	0.000000	0.000000	0.000000	0.000000
67	tsk_67	(x)	1	:	0.000000	0.000000	0.000000	0.499467	0.000000	0.000000	0.500533	0.000000	0.000000
68	tsk_68	(x)	1	:	0.000000	0.000000	0.000013	0.493011	0.000000	0.506976	0.000000	0.000000	0.000000
69	tsk_69	(x)	1	:	0.000000	0.000000	0.000005	0.000000	0.000000	0.999995	0.000000	0.000000	0.000000
70	tsk_70	(x)	1	:	0.000000	0.000000	0.000000	1.000000	0.000000	0.000000	0.000000	0.000000	0.000000
71	tsk_71	(x)	1	:	0.000000	0.000000	0.000036	0.493013	0.000000	0.506951	0.000000	0.000000	0.000000
72	tsk_72	(x)	1	:	0.000000	0.000000	0.000000	1.000000	0.000000	0.000000	0.000000	0.000000	0.000000
73	tsk_73	(x)	1	:	0.000000	0.000000	0.000000	1.000000	0.000000	0.000000	0.000000	0.000000	0.000000
74	tsk_74	(x)	1	:	0.000000	0.000000	0.000000	1.000000	0.000000	0.000000	0.000000	0.000000	0.000000
75	tsk_75	(x)	1	:	0.000000	0.000000	0.000000	0.491552	0.000000	0.012881	0.000000	0.000000	0.495566
76	tsk_76	(x)	1	:	0.000000	0.000000	0.000006	0.493010	0.000000	0.506984	0.000000	0.000000	0.000000
77	tsk_77	(x)	1	:	0.000000	0.000000	0.000000	0.491491	0.000000	0.013131	0.000000	0.000000	0.495378
78	tsk_78	(x)	1	:	0.000000	0.000000	0.000000	1.000000	0.000000	0.000000	0.000000	0.000000	0.000000
79	tsk_79	(x)	1	:	0.000000	0.000000	0.000000	1.000000	0.000000	0.000000	0.000000	0.000000	0.000000
80	tsk_80	(x)	1	:	0.444439	0.000000	0.000000	0.555561	0.000000	0.000000	0.000000	0.000000	0.000000
81	tsk_81	(x)	1	:	0.000000	0.000000	0.000000	0.000000	0.000000	0.000000	0.501902	0.498098	0.000000
82	tsk_82	(x)	1	:	0.000000	0.479169	0.000000	0.520831	0.000000	0.000000	0.000000	0.000000	0.000000
83	tsk_83	(x)	1	:	0.000000	0.000000	0.000000	0.000000	0.000000	0.000000	0.501902	0.498098	0.000000
84	tsk_84	(x)	1	:	0.000000	0.000000	0.000000	0.499467	0.000000	0.000000	0.500533	0.000000	0.000000
85	tsk_85	(x)	1	:	0.000000	0.000000	0.000000	0.498699	0.000000	0.000000	0.500476	0.000825	0.000000
86	tsk_86	(x)	1	:	0.000000	0.000000	0.000003	0.000000	0.488426	0.012562	0.499009	0.000000	0.000000
87	tsk_87	(x)	1	:	0.000000	0.000000	0.000000	0.494834	0.000000	0.000000	0.500188	0.004977	0.000000
88	tsk_88	(x)	1	:	0.000000	0.478280	0.000000	0.000000	0.000000	0.000000	0.501971	0.019749	0.000000
89	tsk_89	(x)	1	:	0.000000	0.478005	0.000000	0.000000	0.000000	0.000000	0.000000	0.521995	0.000000
90	tsk_90	(x)	1	:	0.000000	0.000000	0.000000	1.000000	0.000000	0.000000	0.000000	0.000000	0.000000
91	tsk_91	(x)	1	:	0.000000	0.000000	0.000052	0.000000	0.000000	0.500992	0.498956	0.000000	0.000000
92	tsk_92	(x)	1	:	0.000000	0.000000	0.000006	0.493010	0.000000	0.506985	0.000000	0.000000	0.000000
93	tsk_93	(x)	1	:	0.000000	0.000000	0.000024	0.493012	0.000000	0.506963	0.000000	0.000000	0.000000
94	tsk_94	(x)	1	:	0.000000	0.000000	0.000000	1.000000	0.000000	0.000000	0.000000	0.000000	0.000000
95	tsk_95	(x)	1	:	0.000000	0.000000	0.000000	1.000000	0.000000	0.000000	0.000000	0.000000	0.000000
96	tsk_96	(x)	1	:	0.000000	0.000000	0.000137	0.000000	0.000000	0.500905	0.498958	0.000000	0.000000
97	tsk_97	(x)	1	:	0.000000	0.000000	0.000039	0.493014	0.000000	0.506947	0.000000	0.000000	0.000000
98	tsk_98	(x)	1	:	0.000000	0.000000	0.000061	0.000000	0.000000	0.500982	0.498956	0.000000	0.000000
99	tsk_99	(x)	1	:	0.000000	0.000000	0.000029	0.000000	0.000000	0.999971	0.000000	0.000000	0.000000
