logL = -1100.012158 (converged)
AIC = 2508.024316
BIC = 2909.220525

count.K
51 49 

