logL = -665.741976 (converged)
AIC = 2421.483952
BIC = 3841.301703

count.K
46 15 10 13 16 

