logL = -386.704124 (converged)
AIC = 1293.408248
BIC = 1970.752497

count.K
42 10 48 

