logL = -547.103606 (converged)
AIC = 2616.207211
BIC = 4598.741723

count.K
30 11 2 2 51 0 4 

