logL = -343.912266 (converged)
AIC = 2153.824531
BIC = 4063.414277

count.K
2 10 13 6 56 13 0 

