logL = -691.351132 (converged)
AIC = 2198.702264
BIC = 3261.611700

count.K
36 17 17 30 

