logL = -630.556880 (converged)
AIC = 2069.113759
BIC = 3121.602514

count.K
28 28 34 10 

