logL = -262.722671 (converged)
AIC = 3005.445342
BIC = 6235.856373

count.K
1 21 1 3 7 1 28 30 8 0 

