logL = -1266.694246 (converged)
AIC = 3477.388493
BIC = 4707.028820

count.K
5 54 15 26 

