0	tsk_0	(x)	1	:	0.469741	0.000000	0.000000	0.000000	0.000000	0.060908	0.000000	0.469351
1	tsk_1	(x)	1	:	0.000000	0.588300	0.000000	0.000000	0.000000	0.000000	0.411700	0.000000
2	tsk_2	(x)	1	:	0.000000	0.000084	0.000000	0.000000	0.000000	0.000000	0.999915	0.000000
3	tsk_3	(x)	1	:	0.000000	0.000000	0.000000	0.000000	0.506598	0.490315	0.000000	0.003087
4	tsk_4	(x)	1	:	0.000000	0.499839	0.000000	0.000000	0.499875	0.000000	0.000116	0.000170
5	tsk_5	(x)	1	:	0.000000	0.000009	0.000000	0.000000	0.000000	0.498746	0.486892	0.014353
6	tsk_6	(x)	1	:	0.470056	0.000012	0.000000	0.000000	0.000000	0.044639	0.483590	0.001703
7	tsk_7	(x)	1	:	0.468529	0.000000	0.000000	0.000000	0.498925	0.032016	0.000000	0.000530
8	tsk_8	(x)	1	:	0.000000	0.588300	0.000000	0.000000	0.000000	0.000000	0.411700	0.000000
9	tsk_9	(x)	1	:	0.467936	0.000000	0.000000	0.000000	0.498866	0.033001	0.000000	0.000197
10	tsk_10	(x)	1	:	0.000000	0.000000	0.000000	0.000000	1.000000	0.000000	0.000000	0.000000
11	tsk_11	(x)	1	:	0.000000	0.499742	0.000000	0.000000	0.499780	0.000000	0.000174	0.000305
12	tsk_12	(x)	1	:	0.000000	0.000000	0.000000	0.000000	0.508709	0.000000	0.000000	0.491291
13	tsk_13	(x)	1	:	0.000000	0.503449	0.000000	0.000000	0.000000	0.491831	0.000125	0.004595
14	tsk_14	(x)	1	:	0.000000	0.000008	0.000000	0.000000	0.507332	0.000000	0.485670	0.006989
15	tsk_15	(x)	1	:	0.470146	0.000000	0.000000	0.000000	0.000000	0.060086	0.000000	0.469768
16	tsk_16	(x)	1	:	0.000000	0.499719	0.000000	0.000000	0.499844	0.000000	0.000239	0.000198
17	tsk_17	(x)	1	:	0.000000	0.000000	0.000000	0.000000	0.508709	0.000000	0.000000	0.491291
18	tsk_18	(x)	1	:	0.000000	0.499694	0.000000	0.000000	0.499867	0.000000	0.000281	0.000159
19	tsk_19	(x)	1	:	0.000000	0.499751	0.000000	0.000000	0.499883	0.000000	0.000223	0.000142
20	tsk_20	(x)	1	:	0.000000	0.499756	0.000000	0.000000	0.499848	0.000000	0.000197	0.000198
21	tsk_21	(x)	1	:	0.000000	0.000000	0.000000	0.000000	0.508709	0.000000	0.000000	0.491291
22	tsk_22	(x)	1	:	0.000000	0.463499	0.000000	0.000000	0.000000	0.000000	0.000056	0.536445
23	tsk_23	(x)	1	:	0.000000	0.000006	0.000000	0.000000	0.000000	0.000000	0.486502	0.513492
24	tsk_24	(x)	1	:	0.000000	0.499768	0.000000	0.000000	0.499821	0.000000	0.000167	0.000243
25	tsk_25	(x)	1	:	0.000000	1.000000	0.000000	0.000000	0.000000	0.000000	0.000000	0.000000
26	tsk_26	(x)	1	:	0.000000	0.463500	0.000000	0.000000	0.000000	0.000000	0.000055	0.536445
27	tsk_27	(x)	1	:	0.000000	0.000000	0.000000	0.000000	0.508709	0.000000	0.000000	0.491291
28	tsk_28	(x)	1	:	0.530137	0.469818	0.000000	0.000000	0.000000	0.000000	0.000044	0.000000
29	tsk_29	(x)	1	:	0.000000	1.000000	0.000000	0.000000	0.000000	0.000000	0.000000	0.000000
30	tsk_30	(x)	1	:	0.000000	0.504221	0.000000	0.000000	0.000000	0.000000	0.000161	0.495618
31	tsk_31	(x)	1	:	0.000000	0.000000	0.000000	0.000000	0.508709	0.000000	0.000000	0.491291
32	tsk_32	(x)	1	:	0.000000	0.000000	0.000000	0.000000	0.508709	0.000000	0.000000	0.491291
33	tsk_33	(x)	1	:	0.000000	0.000000	0.000000	0.000000	0.000000	0.000000	0.000000	1.000000
34	tsk_34	(x)	1	:	0.000000	0.000000	0.000000	0.000000	0.000000	0.496770	0.000000	0.503229
35	tsk_35	(x)	1	:	0.000000	0.000000	0.000000	0.000000	0.000000	0.000000	0.000000	1.000000
36	tsk_36	(x)	1	:	0.000000	0.000000	0.346361	0.000000	0.000000	0.000000	0.000000	0.653639
37	tsk_37	(x)	1	:	0.000000	0.000000	0.000000	0.000000	0.000000	0.496770	0.000000	0.503230
38	tsk_38	(x)	1	:	0.000000	0.000000	0.476896	0.000000	0.000000	0.000000	0.000000	0.523104
39	tsk_39	(x)	1	:	0.000000	0.000000	0.000000	0.000000	0.000000	0.000000	0.000000	1.000000
40	tsk_40	(x)	1	:	0.000000	0.000000	0.533049	0.000000	0.000000	0.466572	0.000000	0.000378
41	tsk_41	(x)	1	:	0.000000	0.000000	0.000000	0.000000	0.506432	0.489813	0.000000	0.003756
42	tsk_42	(x)	1	:	0.000000	0.000000	0.000000	0.000000	0.000000	1.000000	0.000000	0.000000
43	tsk_43	(x)	1	:	0.000000	0.503216	0.000000	0.000000	0.000000	0.490769	0.000193	0.005822
44	tsk_44	(x)	1	:	0.000000	0.000000	0.338908	0.000000	0.507906	0.000000	0.000000	0.153186
45	tsk_45	(x)	1	:	0.000000	0.000000	0.000000	0.584456	0.000000	0.000000	0.000000	0.415544
46	tsk_46	(x)	1	:	0.000000	0.492538	0.507317	0.000000	0.000000	0.000000	0.000143	0.000002
47	tsk_47	(x)	1	:	0.000000	0.000000	0.337136	0.000000	0.000000	0.491483	0.000000	0.171381
48	tsk_48	(x)	1	:	0.000000	0.000000	0.000000	0.000000	0.508709	0.000000	0.000000	0.491291
49	tsk_49	(x)	1	:	0.000000	0.000000	0.000000	0.000000	0.506542	0.490147	0.000000	0.003311
50	tsk_50	(x)	1	:	0.470354	0.499534	0.000000	0.000000	0.000000	0.029690	0.000151	0.000270
51	tsk_51	(x)	1	:	0.470709	0.000000	0.000000	0.000000	0.000000	0.058944	0.000000	0.470347
52	tsk_52	(x)	1	:	0.000000	0.504124	0.000000	0.000000	0.000000	0.000000	0.000276	0.495601
53	tsk_53	(x)	1	:	0.470222	0.000023	0.000000	0.000000	0.000000	0.043984	0.483517	0.002254
54	tsk_54	(x)	1	:	0.469985	0.000000	0.000000	0.000000	0.000000	0.060412	0.000000	0.469602
55	tsk_55	(x)	1	:	0.000000	0.504081	0.000000	0.000000	0.000000	0.000000	0.000326	0.495593
56	tsk_56	(x)	1	:	0.000000	0.000073	0.000000	0.000000	0.000000	0.000000	0.999927	0.000000
57	tsk_57	(x)	1	:	0.000000	0.501615	0.000000	0.498264	0.000000	0.000000	0.000121	0.000000
58	tsk_58	(x)	1	:	0.000000	0.000022	0.000000	0.000000	0.000000	0.000000	0.486485	0.513493
59	tsk_59	(x)	1	:	0.000000	0.000078	0.000000	0.000000	0.000000	0.000000	0.999922	0.000000
60	tsk_60	(x)	1	:	0.000000	0.000000	0.476895	0.000000	0.000000	0.000000	0.000000	0.523105
61	tsk_61	(x)	1	:	0.000000	0.000000	0.000000	0.000000	0.000000	0.000000	0.000000	1.000000
62	tsk_62	(x)	1	:	0.000000	0.000000	0.999976	0.000000	0.000000	0.000000	0.000000	0.000023
63	tsk_63	(x)	1	:	0.000000	0.503803	0.479356	0.000000	0.000000	0.000000	0.000895	0.015946
64	tsk_64	(x)	1	:	0.000000	0.000000	0.000000	0.000000	0.000000	0.000000	0.000000	1.000000
65	tsk_65	(x)	1	:	0.000000	0.000000	0.000000	0.000000	0.000000	0.673037	0.000000	0.326963
66	tsk_66	(x)	1	:	0.000000	0.000000	0.000000	0.000000	0.508709	0.000000	0.000000	0.491291
67	tsk_67	(x)	1	:	0.000000	0.000000	0.000000	0.000000	0.506196	0.489100	0.000000	0.004703
68	tsk_68	(x)	1	:	0.000000	0.000000	0.000000	0.000000	1.000000	0.000000	0.000000	0.000000
69	tsk_69	(x)	1	:	0.000000	0.000000	0.000000	0.000000	0.506394	0.489698	0.000000	0.003909
70	tsk_70	(x)	1	:	0.000000	0.000000	0.476895	0.000000	0.000000	0.000000	0.000000	0.523105
71	tsk_71	(x)	1	:	0.000000	0.504053	0.000000	0.000000	0.000000	0.000000	0.000358	0.495588
72	tsk_72	(x)	1	:	0.000000	0.000000	0.000000	0.000000	0.432266	0.000000	0.000000	0.567734
73	tsk_73	(x)	1	:	0.000000	0.000000	0.471339	0.000000	0.506980	0.000000	0.000000	0.021681
74	tsk_74	(x)	1	:	0.000000	0.000000	0.476898	0.000000	0.000000	0.000000	0.000000	0.523102
75	tsk_75	(x)	1	:	0.000000	0.000000	0.000000	0.000000	0.432266	0.000000	0.000000	0.567734
76	tsk_76	(x)	1	:	0.000000	0.463529	0.000000	0.000000	0.000000	0.000000	0.000021	0.536449
77	tsk_77	(x)	1	:	0.000000	0.503896	0.475772	0.000000	0.000000	0.000000	0.000220	0.020113
78	tsk_78	(x)	1	:	0.000000	0.000000	0.471471	0.000000	0.507015	0.000000	0.000000	0.021513
79	tsk_79	(x)	1	:	0.000000	0.000000	0.471262	0.000000	0.506959	0.000000	0.000000	0.021779
80	tsk_80	(x)	1	:	0.000000	0.000000	0.000000	0.000000	0.000000	0.000000	1.000000	0.000000
81	tsk_81	(x)	1	:	0.000000	0.363972	0.000000	0.000000	0.000000	0.000000	0.636028	0.000000
82	tsk_82	(x)	1	:	0.000000	0.000000	0.000000	0.000000	0.000000	0.000000	0.000000	1.000000
83	tsk_83	(x)	1	:	0.000000	0.000000	0.000000	0.000000	0.000000	0.000000	1.000000	0.000000
84	tsk_84	(x)	1	:	0.000000	0.000000	0.000000	0.000000	0.000000	0.000000	0.541520	0.458480
85	tsk_85	(x)	1	:	0.000000	0.363972	0.000000	0.000000	0.000000	0.000000	0.636028	0.000000
86	tsk_86	(x)	1	:	0.000000	0.000000	0.000000	0.000000	0.508709	0.000000	0.000000	0.491291
87	tsk_87	(x)	1	:	0.470368	0.000000	0.467550	0.000000	0.000000	0.050724	0.000000	0.011359
88	tsk_88	(x)	1	:	0.000000	0.363972	0.000000	0.000000	0.000000	0.000000	0.636028	0.000000
89	tsk_89	(x)	1	:	0.000000	0.499753	0.000000	0.000000	0.499865	0.000000	0.000210	0.000171
90	tsk_90	(x)	1	:	0.000000	0.000000	0.482780	0.505717	0.000000	0.000000	0.000000	0.011503
91	tsk_91	(x)	1	:	0.000000	0.503974	0.000000	0.000000	0.000000	0.338787	0.000022	0.157217
92	tsk_92	(x)	1	:	0.617836	0.000000	0.000000	0.000000	0.000000	0.000823	0.000000	0.381341
93	tsk_93	(x)	1	:	0.000000	0.000000	0.474187	0.000000	0.000000	0.493941	0.000000	0.031871
94	tsk_94	(x)	1	:	0.000000	0.501668	0.000000	0.498270	0.000000	0.000000	0.000062	0.000000
95	tsk_95	(x)	1	:	0.000000	1.000000	0.000000	0.000000	0.000000	0.000000	0.000000	0.000000
96	tsk_96	(x)	1	:	0.469385	0.499457	0.000000	0.000000	0.000000	0.030733	0.000082	0.000343
97	tsk_97	(x)	1	:	0.617960	0.000000	0.000000	0.000000	0.000000	0.000492	0.000000	0.381548
98	tsk_98	(x)	1	:	0.473062	0.000000	0.000000	0.496539	0.000000	0.030383	0.000000	0.000016
99	tsk_99	(x)	1	:	0.000000	0.000000	0.000000	0.504252	0.000000	0.000000	0.000000	0.495748
