0	tsk_0	(x)	1	:	0.000000	0.000000	0.500000	0.085098	0.000000	0.202136	0.000000	0.212765	0.000000	0.000000
1	tsk_1	(x)	1	:	0.000000	0.000000	0.000000	0.000000	0.000000	0.000000	0.000000	0.000000	1.000000	0.000000
2	tsk_2	(x)	1	:	0.000000	0.000000	0.000000	0.077753	0.000000	0.486759	0.000000	0.435487	0.000000	0.000000
3	tsk_3	(x)	1	:	0.000000	0.000000	0.000000	0.000000	0.000000	0.000000	0.000000	0.000000	1.000000	0.000000
4	tsk_4	(x)	1	:	0.000000	0.000000	1.000000	0.000000	0.000000	0.000000	0.000000	0.000000	0.000000	0.000000
5	tsk_5	(x)	1	:	0.000000	0.000000	0.500000	0.164305	0.000000	0.158470	0.000000	0.177225	0.000000	0.000000
6	tsk_6	(x)	1	:	0.000000	0.000000	0.000000	0.096369	0.000000	0.276062	0.000000	0.127971	0.499597	0.000000
7	tsk_7	(x)	1	:	0.000000	0.000000	0.000000	0.489366	0.000000	0.030320	0.000000	0.480314	0.000000	0.000000
8	tsk_8	(x)	1	:	0.265297	0.255232	0.479470	0.000000	0.000000	0.000000	0.000000	0.000000	0.000001	0.000000
9	tsk_9	(x)	1	:	0.000000	0.544815	0.455185	0.000000	0.000000	0.000000	0.000000	0.000000	0.000000	0.000000
10	tsk_10	(x)	1	:	0.000000	0.000000	0.000000	0.000000	0.000000	0.000000	0.000000	0.000000	1.000000	0.000000
11	tsk_11	(x)	1	:	0.000000	0.000000	0.000000	0.000000	0.000000	0.000000	0.000000	0.000000	1.000000	0.000000
12	tsk_12	(x)	1	:	0.000000	0.000000	0.000000	0.000000	0.000000	0.000000	1.000000	0.000000	0.000000	0.000000
13	tsk_13	(x)	1	:	0.000000	0.000000	0.000000	0.000000	0.000000	0.000000	0.431368	0.000000	0.568632	0.000000
14	tsk_14	(x)	1	:	0.000000	0.000000	0.000000	0.000000	0.000000	0.000000	0.000000	0.000000	1.000000	0.000000
15	tsk_15	(x)	1	:	0.000000	0.000000	0.000000	0.000000	0.000000	0.000000	0.000000	0.000000	1.000000	0.000000
16	tsk_16	(x)	1	:	0.436825	0.000000	0.000000	0.000000	0.000000	0.000000	0.563175	0.000000	0.000000	0.000000
17	tsk_17	(x)	1	:	0.000000	0.000000	0.000000	0.000000	0.000000	0.000000	0.000000	0.000000	0.927297	0.072703
18	tsk_18	(x)	1	:	0.000000	0.000000	0.000000	0.000000	0.000000	0.000000	1.000000	0.000000	0.000000	0.000000
19	tsk_19	(x)	1	:	0.000000	0.000000	0.000000	0.000000	0.000000	0.000000	0.431368	0.000000	0.568632	0.000000
20	tsk_20	(x)	1	:	0.000000	0.000000	0.000000	0.273186	0.000000	0.167012	0.000000	0.060204	0.499597	0.000000
21	tsk_21	(x)	1	:	0.000000	0.000000	0.000000	0.000000	0.490948	0.000000	0.000000	0.000000	0.509052	0.000000
22	tsk_22	(x)	1	:	0.000000	0.000000	0.000000	0.000000	0.000000	0.000000	0.000000	0.000000	1.000000	0.000000
23	tsk_23	(x)	1	:	0.000000	0.000000	0.000000	0.000000	0.515784	0.000000	0.000000	0.000000	0.484216	0.000000
24	tsk_24	(x)	1	:	0.000000	0.548960	0.000000	0.106060	0.000000	0.148606	0.000000	0.196373	0.000000	0.000000
25	tsk_25	(x)	1	:	0.000000	0.000000	0.000000	0.000000	0.515780	0.000000	0.431314	0.000000	0.052906	0.000000
26	tsk_26	(x)	1	:	0.000000	0.000000	0.000000	0.240200	0.554988	0.139356	0.000000	0.065456	0.000000	0.000000
27	tsk_27	(x)	1	:	0.270585	0.233221	0.000000	0.000000	0.496194	0.000000	0.000000	0.000000	0.000000	0.000000
28	tsk_28	(x)	1	:	0.000000	0.000000	0.000000	0.000000	0.515784	0.000000	0.000000	0.000000	0.484216	0.000000
29	tsk_29	(x)	1	:	1.000000	0.000000	0.000000	0.000000	0.000000	0.000000	0.000000	0.000000	0.000000	0.000000
30	tsk_30	(x)	1	:	0.000000	0.000000	0.000000	0.319592	0.000000	0.466820	0.000000	0.213588	0.000000	0.000000
31	tsk_31	(x)	1	:	1.000000	0.000000	0.000000	0.000000	0.000000	0.000000	0.000000	0.000000	0.000000	0.000000
32	tsk_32	(x)	1	:	0.000000	0.000000	0.000000	0.000000	0.000000	0.000000	0.000000	0.000000	1.000000	0.000000
33	tsk_33	(x)	1	:	1.000000	0.000000	0.000000	0.000000	0.000000	0.000000	0.000000	0.000000	0.000000	0.000000
34	tsk_34	(x)	1	:	0.000000	0.000000	0.000000	0.000000	0.000000	0.000000	0.000000	0.000000	1.000000	0.000000
35	tsk_35	(x)	1	:	1.000000	0.000000	0.000000	0.000000	0.000000	0.000000	0.000000	0.000000	0.000000	0.000000
36	tsk_36	(x)	1	:	0.000000	0.000000	0.000000	0.073145	0.000000	0.482550	0.000000	0.444305	0.000000	0.000000
37	tsk_37	(x)	1	:	0.000000	0.000000	0.000000	0.071859	0.000000	0.126300	0.000000	0.302244	0.499597	0.000000
38	tsk_38	(x)	1	:	0.000000	0.000000	0.000000	0.179434	0.000000	0.205803	0.000000	0.115165	0.499597	0.000000
39	tsk_39	(x)	1	:	0.000000	0.000000	0.000000	0.104392	0.000000	0.127209	0.000000	0.268801	0.499597	0.000000
40	tsk_40	(x)	1	:	0.000000	0.000000	0.000000	0.291194	0.000000	0.371070	0.000000	0.337736	0.000000	0.000000
41	tsk_41	(x)	1	:	0.000000	0.000000	0.000000	0.155248	0.000000	0.281181	0.000000	0.063973	0.499597	0.000000
42	tsk_42	(x)	1	:	0.000000	0.000000	0.000000	0.097192	0.000000	0.212431	0.000000	0.190779	0.499597	0.000000
43	tsk_43	(x)	1	:	0.000000	0.000000	0.000000	0.209027	0.000000	0.284516	0.000000	0.506457	0.000000	0.000000
44	tsk_44	(x)	1	:	0.000000	0.000000	0.000000	0.179899	0.000000	0.667680	0.000000	0.152420	0.000000	0.000000
45	tsk_45	(x)	1	:	0.265194	0.257261	0.000000	0.252595	0.000000	0.058097	0.000000	0.166853	0.000000	0.000000
46	tsk_46	(x)	1	:	0.000000	0.000000	0.000000	0.000000	0.000000	0.000000	0.000000	0.000000	1.000000	0.000000
47	tsk_47	(x)	1	:	0.000000	0.000000	0.000000	0.000000	0.000000	0.000000	0.645117	0.000000	0.354883	0.000000
48	tsk_48	(x)	1	:	0.265197	0.257257	0.000000	0.162085	0.000000	0.041834	0.000000	0.273625	0.000000	0.000000
49	tsk_49	(x)	1	:	0.000000	0.000000	0.000000	0.114805	0.000000	0.064672	0.000000	0.320925	0.499597	0.000000
50	tsk_50	(x)	1	:	0.000000	0.000000	0.000000	0.000000	0.000000	0.000000	0.000000	0.000000	1.000000	0.000000
51	tsk_51	(x)	1	:	0.000000	0.000000	0.000000	0.000000	0.000000	0.000000	0.000000	0.000000	1.000000	0.000000
52	tsk_52	(x)	1	:	0.000000	0.000000	0.000000	0.052942	0.462970	0.093053	0.000000	0.391035	0.000000	0.000000
53	tsk_53	(x)	1	:	0.000000	0.000000	0.000000	0.183543	0.000000	0.200412	0.000000	0.616046	0.000000	0.000000
54	tsk_54	(x)	1	:	0.000000	0.000000	0.000000	0.000000	0.490943	0.000000	0.431300	0.000000	0.077757	0.000000
55	tsk_55	(x)	1	:	0.000000	0.000000	0.000000	0.000000	0.000000	0.000000	0.000000	0.000000	1.000000	0.000000
56	tsk_56	(x)	1	:	0.000000	0.000000	0.000000	0.079973	0.000000	0.220320	0.000000	0.200109	0.499597	0.000000
57	tsk_57	(x)	1	:	0.000000	0.000000	0.000000	0.199982	0.000000	0.138784	0.000000	0.161637	0.499597	0.000000
58	tsk_58	(x)	1	:	0.000000	0.000000	0.000000	0.000000	0.462970	0.285219	0.000000	0.251811	0.000000	0.000000
59	tsk_59	(x)	1	:	0.000000	0.000000	0.000000	0.075181	0.462970	0.211660	0.000000	0.250188	0.000000	0.000000
60	tsk_60	(x)	1	:	0.000000	0.000000	0.000000	0.000000	0.000000	0.000000	0.000000	0.000000	1.000000	0.000000
61	tsk_61	(x)	1	:	0.000000	0.000000	0.000000	0.129427	0.000000	0.531072	0.000000	0.339501	0.000000	0.000000
62	tsk_62	(x)	1	:	0.000000	0.000000	0.000000	0.024217	0.000000	0.219398	0.000000	0.256787	0.499597	0.000000
63	tsk_63	(x)	1	:	0.000000	0.000000	0.000000	0.151300	0.000000	0.118769	0.000000	0.122257	0.489383	0.118291
64	tsk_64	(x)	1	:	0.000000	0.000000	0.000000	0.134878	0.000000	0.138500	0.000000	0.726622	0.000000	0.000000
65	tsk_65	(x)	1	:	0.000000	0.000000	0.000000	0.094993	0.000000	0.094993	0.000000	0.094993	0.476546	0.238475
66	tsk_66	(x)	1	:	0.000000	0.000000	0.251270	0.000000	0.003879	0.151034	0.000000	0.342092	0.000000	0.251725
67	tsk_67	(x)	1	:	0.000000	0.000000	0.000000	0.189930	0.000000	0.142008	0.000000	0.168464	0.499597	0.000000
68	tsk_68	(x)	1	:	0.000000	0.000000	0.000000	0.000000	0.000000	0.000000	0.000000	0.000000	1.000000	0.000000
69	tsk_69	(x)	1	:	0.000000	0.000000	0.000000	0.000000	0.000000	0.000000	0.000000	0.000000	1.000000	0.000000
70	tsk_70	(x)	1	:	0.000000	0.000000	0.000000	0.031689	0.462970	0.298800	0.000000	0.206541	0.000000	0.000000
71	tsk_71	(x)	1	:	0.000000	0.000000	0.000000	0.015445	0.462970	0.356768	0.000000	0.164817	0.000000	0.000000
72	tsk_72	(x)	1	:	0.000000	0.000000	0.000000	0.252622	0.554988	0.093552	0.000000	0.098837	0.000000	0.000000
73	tsk_73	(x)	1	:	0.000000	0.000000	0.000000	0.000000	1.000000	0.000000	0.000000	0.000000	0.000000	0.000000
74	tsk_74	(x)	1	:	0.000000	0.000000	0.000000	0.064805	0.000000	0.639428	0.000000	0.295767	0.000000	0.000000
75	tsk_75	(x)	1	:	0.000000	0.000000	0.000000	0.021483	0.462970	0.219423	0.000000	0.296124	0.000000	0.000000
76	tsk_76	(x)	1	:	0.000000	0.000000	0.000000	0.000000	0.490948	0.000000	0.000000	0.000000	0.509052	0.000000
77	tsk_77	(x)	1	:	0.000000	0.000000	0.000000	0.000000	0.462970	0.349022	0.000000	0.188008	0.000000	0.000000
78	tsk_78	(x)	1	:	0.000000	0.000000	0.000000	0.000000	1.000000	0.000000	0.000000	0.000000	0.000000	0.000000
79	tsk_79	(x)	1	:	0.000000	0.000000	0.000000	0.285769	0.000000	0.337461	0.000000	0.376770	0.000000	0.000000
80	tsk_80	(x)	1	:	0.000000	0.000000	0.000000	0.222632	0.000000	0.551031	0.000000	0.226337	0.000000	0.000000
81	tsk_81	(x)	1	:	0.000000	0.000000	0.000000	0.175413	0.000000	0.289213	0.000000	0.535374	0.000000	0.000000
82	tsk_82	(x)	1	:	0.000000	0.000000	0.000000	0.198623	0.000000	0.167571	0.516950	0.116856	0.000000	0.000000
83	tsk_83	(x)	1	:	0.000000	0.000000	0.000000	0.168063	0.000000	0.129151	0.516950	0.185836	0.000000	0.000000
84	tsk_84	(x)	1	:	0.000000	0.000000	0.000000	0.264042	0.000000	0.496675	0.000000	0.239283	0.000000	0.000000
85	tsk_85	(x)	1	:	0.000000	0.000000	0.000000	0.082152	0.000000	0.137451	0.431304	0.280795	0.068298	0.000000
86	tsk_86	(x)	1	:	0.000000	0.000000	0.000000	0.000000	0.000000	0.174892	0.000000	0.825108	0.000000	0.000000
87	tsk_87	(x)	1	:	0.000000	0.000000	0.000000	0.100798	0.000000	0.216304	0.516950	0.165948	0.000000	0.000000
88	tsk_88	(x)	1	:	0.265195	0.257260	0.000000	0.196125	0.000000	0.173830	0.000000	0.107590	0.000000	0.000000
89	tsk_89	(x)	1	:	0.000000	0.000000	0.000000	0.251665	0.000000	0.560857	0.000000	0.187478	0.000000	0.000000
90	tsk_90	(x)	1	:	0.000000	0.000000	0.000000	0.023933	0.000000	0.509779	0.000000	0.466288	0.000000	0.000000
91	tsk_91	(x)	1	:	0.000000	0.000000	0.000000	0.000000	0.462970	0.390068	0.000000	0.146962	0.000000	0.000000
92	tsk_92	(x)	1	:	0.000000	0.000000	0.000000	0.109743	0.000000	0.088888	0.431304	0.301767	0.068299	0.000000
93	tsk_93	(x)	1	:	0.000000	0.000000	0.000000	0.000000	0.372868	0.000000	0.000000	0.000000	0.444834	0.182298
94	tsk_94	(x)	1	:	0.000000	0.000000	1.000000	0.000000	0.000000	0.000000	0.000000	0.000000	0.000000	0.000000
95	tsk_95	(x)	1	:	0.000000	0.000000	0.500000	0.000000	0.000000	0.257148	0.000000	0.242852	0.000000	0.000000
96	tsk_96	(x)	1	:	0.000000	0.000000	0.000000	0.126071	0.000000	0.060923	0.000000	0.313409	0.499597	0.000000
97	tsk_97	(x)	1	:	0.000000	0.000000	0.000000	0.000000	1.000000	0.000000	0.000000	0.000000	0.000000	0.000000
98	tsk_98	(x)	1	:	0.000000	0.000000	0.500000	0.084569	0.000000	0.021463	0.000000	0.393968	0.000000	0.000000
99	tsk_99	(x)	1	:	0.000000	0.000000	0.554747	0.000000	0.445253	0.000000	0.000000	0.000000	0.000000	0.000000
