logL = -636.789409 (converged)
AIC = 2809.578819
BIC = 4810.349521

count.K
46 11 5 2 4 2 30 

