logL = -424.105259 (converged)
AIC = 2584.210518
BIC = 4845.498239

count.K
18 12 7 12 26 21 3 1 

