logL = -880.529868 (converged)
AIC = 2069.059737
BIC = 2470.255945

count.K
13 87 

