logL = -2069.003572 (converged)
AIC = 5154.007145
BIC = 6477.433599

count.K
23 23 18 36 

