logL = -888.654350 (converged)
AIC = 2577.308700
BIC = 3619.376775

count.K
10 16 40 34 

