logL = -714.549206 (converged)
AIC = 1729.098412
BIC = 2119.873940

count.K
51 49 

