logL = -1656.803851 (converged)
AIC = 3649.607701
BIC = 4087.276293

count.K
74 26 

