logL = -1187.189621 (converged)
AIC = 2678.379243
BIC = 3074.365111

count.K
27 73 

