logL = -714.078493 (converged)
AIC = 1708.156986
BIC = 2072.880812

count.K
73 27 

