logL = -668.171206 (converged)
AIC = 3328.342411
BIC = 5923.091916

count.K
6 28 34 3 1 17 2 9 

