logL = -1055.172746 (converged)
AIC = 2966.345493
BIC = 4081.358332

count.K
38 22 19 21 

