logL = -689.014417 (converged)
AIC = 3258.028833
BIC = 5706.888808

count.K
18 2 18 9 9 7 8 29 

