logL = -439.229721 (converged)
AIC = 1858.459442
BIC = 3134.992833

count.K
25 1 14 7 53 

