logL = -599.234779 (converged)
AIC = 2534.469558
BIC = 4274.723242

count.K
12 2 30 6 33 17 

