logL = -713.586353 (converged)
AIC = 2775.172706
BIC = 4531.057412

count.K
20 2 40 16 3 19 

