logL = -306.730794 (converged)
AIC = 2365.461588
BIC = 4647.590671

count.K
37 1 14 3 15 2 2 26 

