logL = -723.222564 (converged)
AIC = 3640.445128
BIC = 6498.316822

count.K
9 5 11 15 10 11 4 10 25 

