logL = -717.607171 (converged)
AIC = 3557.214342
BIC = 6321.299909

count.K
5 0 17 3 11 24 9 28 3 

