logL = -632.366209 (converged)
AIC = 3278.732418
BIC = 5902.138796

count.K
1 9 7 15 5 10 21 14 18 

