logL = -791.671821 (converged)
AIC = 2713.343641
BIC = 4185.264796

count.K
16 11 24 33 16 

