0	tsk_0	(x)	1	:	0.000000	0.000000	0.000000	0.000000	0.000000	0.024767	0.499552	0.025103	0.000000	0.450578
1	tsk_1	(x)	1	:	0.505092	0.000000	0.000000	0.000000	0.000000	0.000000	0.000000	0.000000	0.494908	0.000000
2	tsk_2	(x)	1	:	0.503608	0.000000	0.000000	0.000000	0.000000	0.001407	0.490372	0.004612	0.000000	0.000001
3	tsk_3	(x)	1	:	0.000000	0.000000	0.000000	0.000000	0.000000	0.000000	0.000000	0.000000	0.508709	0.491291
4	tsk_4	(x)	1	:	0.000000	0.000000	0.000000	0.000000	0.000000	0.000000	0.000000	0.000000	1.000000	0.000000
5	tsk_5	(x)	1	:	0.504496	0.000000	0.000000	0.000000	0.000000	0.260718	0.000000	0.234739	0.000000	0.000048
6	tsk_6	(x)	1	:	0.000000	0.000000	0.000000	0.000000	0.467839	0.006977	0.501856	0.019451	0.000000	0.003876
7	tsk_7	(x)	1	:	0.503589	0.000000	0.000000	0.000000	0.000000	0.001215	0.490161	0.005034	0.000000	0.000001
8	tsk_8	(x)	1	:	0.510113	0.000000	0.000000	0.000000	0.000000	0.000000	0.000000	0.000000	0.000000	0.489886
9	tsk_9	(x)	1	:	0.000000	0.000000	0.000000	0.000000	0.000000	0.000000	1.000000	0.000000	0.000000	0.000000
10	tsk_10	(x)	1	:	0.000000	1.000000	0.000000	0.000000	0.000000	0.000000	0.000000	0.000000	0.000000	0.000000
11	tsk_11	(x)	1	:	0.000000	0.000000	0.000000	0.000000	0.000000	0.000000	0.000000	0.000000	1.000000	0.000000
12	tsk_12	(x)	1	:	0.000000	0.499960	0.000000	0.000000	0.000000	0.188364	0.000000	0.311594	0.000000	0.000083
13	tsk_13	(x)	1	:	0.000000	0.500939	0.000000	0.000000	0.000000	0.000000	0.000000	0.000000	0.498923	0.000138
14	tsk_14	(x)	1	:	0.000000	0.496019	0.000000	0.000000	0.000000	0.004877	0.491984	0.007110	0.000000	0.000009
15	tsk_15	(x)	1	:	0.000000	0.500956	0.000000	0.000000	0.000000	0.000000	0.000000	0.000000	0.498926	0.000118
16	tsk_16	(x)	1	:	0.000000	1.000000	0.000000	0.000000	0.000000	0.000000	0.000000	0.000000	0.000000	0.000000
17	tsk_17	(x)	1	:	0.000000	0.500935	0.000000	0.000000	0.000000	0.000000	0.000000	0.000000	0.498922	0.000143
18	tsk_18	(x)	1	:	0.000000	0.499944	0.000000	0.000000	0.000000	0.215256	0.000000	0.284684	0.000000	0.000116
19	tsk_19	(x)	1	:	0.000000	0.000000	0.000000	0.000000	0.000000	0.262736	0.000000	0.238177	0.498918	0.000169
20	tsk_20	(x)	1	:	0.000000	0.000000	0.000000	0.000000	0.000000	0.001839	0.492435	0.008016	0.497699	0.000011
21	tsk_21	(x)	1	:	0.000000	0.000000	0.000000	0.000000	0.000000	0.353934	0.000000	0.646066	0.000000	0.000000
22	tsk_22	(x)	1	:	0.000000	0.000000	0.000000	0.000000	0.000000	0.000000	0.000000	0.000000	1.000000	0.000000
23	tsk_23	(x)	1	:	0.000000	0.000000	0.000000	0.000000	0.000000	0.000000	0.000000	0.000000	1.000000	0.000000
24	tsk_24	(x)	1	:	0.000000	0.000000	0.000000	0.501733	0.000000	0.000000	0.000000	0.000000	0.498267	0.000000
25	tsk_25	(x)	1	:	0.000000	0.000000	0.000000	0.000000	0.000000	0.005563	0.492996	0.003639	0.497790	0.000012
26	tsk_26	(x)	1	:	0.000000	0.000000	0.000000	0.000000	0.000000	0.002856	0.492509	0.006915	0.497712	0.000008
27	tsk_27	(x)	1	:	0.000000	0.000000	0.000000	0.000000	0.000000	0.016303	0.499359	0.033947	0.000000	0.450391
28	tsk_28	(x)	1	:	0.000000	0.000000	0.000000	0.501693	0.000000	0.000000	0.000000	0.000000	0.498307	0.000000
29	tsk_29	(x)	1	:	0.000000	0.000001	0.000000	0.000000	0.000000	0.003255	0.492724	0.006264	0.497746	0.000010
30	tsk_30	(x)	1	:	0.000000	0.000000	0.000000	0.000000	0.000000	0.321042	0.000000	0.678957	0.000000	0.000000
31	tsk_31	(x)	1	:	0.000000	0.000000	1.000000	0.000000	0.000000	0.000000	0.000000	0.000000	0.000000	0.000000
32	tsk_32	(x)	1	:	0.000000	0.000000	0.521099	0.000000	0.000000	0.138797	0.000000	0.340104	0.000000	0.000000
33	tsk_33	(x)	1	:	0.000000	0.000000	0.000000	0.000000	0.000000	0.301268	0.000000	0.199649	0.498919	0.000164
34	tsk_34	(x)	1	:	0.000000	0.000000	0.000000	0.000000	0.000000	0.287845	0.000000	0.712155	0.000000	0.000000
35	tsk_35	(x)	1	:	0.000000	0.000000	0.000000	0.000000	0.000000	0.537997	0.000000	0.462003	0.000000	0.000000
36	tsk_36	(x)	1	:	0.000000	0.000000	0.419243	0.000000	0.000000	0.376995	0.000000	0.112147	0.091604	0.000011
37	tsk_37	(x)	1	:	0.000000	0.000000	0.000000	0.000000	0.000000	0.199632	0.000000	0.301315	0.498924	0.000129
38	tsk_38	(x)	1	:	0.000000	0.000000	0.419243	0.000000	0.000000	0.266305	0.000000	0.222838	0.091604	0.000011
39	tsk_39	(x)	1	:	0.000000	0.000000	0.000000	0.000000	0.000000	0.293403	0.000000	0.706597	0.000000	0.000000
40	tsk_40	(x)	1	:	0.000000	0.000000	0.000000	0.000000	0.000000	0.000000	0.000000	0.000000	1.000000	0.000000
41	tsk_41	(x)	1	:	0.000000	0.000000	0.000000	0.000000	0.000000	0.000000	0.000000	0.000000	1.000000	0.000000
42	tsk_42	(x)	1	:	0.000000	0.000000	0.000000	0.501796	0.000000	0.000000	0.000000	0.000000	0.498204	0.000000
43	tsk_43	(x)	1	:	0.000000	0.000000	0.000000	0.000000	0.000000	0.000000	0.000000	0.000000	1.000000	0.000000
44	tsk_44	(x)	1	:	0.000000	0.000000	0.000000	0.499803	0.000000	0.148314	0.000000	0.351884	0.000000	0.000000
45	tsk_45	(x)	1	:	0.000000	0.000825	0.524604	0.000000	0.000000	0.010171	0.000000	0.000000	0.464399	0.000000
46	tsk_46	(x)	1	:	0.000000	0.000000	0.407450	0.000004	0.000000	0.000000	0.000000	0.000000	0.592546	0.000000
47	tsk_47	(x)	1	:	0.000000	0.000000	0.000000	0.501724	0.000000	0.000000	0.000000	0.000000	0.498276	0.000000
48	tsk_48	(x)	1	:	0.000000	0.000000	0.000000	0.000000	0.000000	0.173740	0.000000	0.327243	0.498931	0.000086
49	tsk_49	(x)	1	:	0.000000	0.000000	0.000000	0.000000	0.000000	0.000000	0.000000	0.000000	1.000000	0.000000
50	tsk_50	(x)	1	:	0.000000	0.000000	0.000000	0.000000	0.000000	0.096833	0.500000	0.403167	0.000000	0.000000
51	tsk_51	(x)	1	:	0.000000	0.000000	0.000000	0.000000	0.000000	0.000000	1.000000	0.000000	0.000000	0.000000
52	tsk_52	(x)	1	:	0.000000	0.000000	0.000000	0.000000	0.000000	0.079191	0.500000	0.420809	0.000000	0.000000
53	tsk_53	(x)	1	:	0.000000	0.000000	0.419203	0.000000	0.000000	0.002523	0.485211	0.003896	0.089167	0.000000
54	tsk_54	(x)	1	:	0.000000	0.000000	0.000000	0.000000	0.000000	0.003885	0.492789	0.005560	0.497757	0.000010
55	tsk_55	(x)	1	:	0.000000	0.000000	0.000000	0.000000	0.566497	0.000000	0.000000	0.000000	0.000000	0.433503
56	tsk_56	(x)	1	:	0.000000	0.000000	0.407452	0.000002	0.000000	0.000000	0.000000	0.000000	0.592546	0.000000
57	tsk_57	(x)	1	:	0.000000	0.000000	0.000000	0.000000	0.533484	0.000054	0.466097	0.000365	0.000000	0.000000
58	tsk_58	(x)	1	:	0.000000	0.000000	0.000000	0.501604	0.000000	0.000000	0.000000	0.000000	0.498396	0.000000
59	tsk_59	(x)	1	:	0.000000	0.000000	0.000000	0.480306	0.519693	0.000000	0.000000	0.000000	0.000000	0.000000
60	tsk_60	(x)	1	:	0.000000	0.000000	0.000000	0.000000	0.529376	0.000000	0.000000	0.000000	0.470624	0.000000
61	tsk_61	(x)	1	:	0.000000	0.000000	0.000000	0.000000	0.000000	0.000000	0.000000	0.000000	1.000000	0.000000
62	tsk_62	(x)	1	:	0.000000	0.000000	0.000000	0.000000	0.000000	0.000000	0.000000	0.000000	1.000000	0.000000
63	tsk_63	(x)	1	:	0.000000	0.000000	0.000000	0.000000	0.000000	0.231125	0.000000	0.269800	0.498920	0.000155
64	tsk_64	(x)	1	:	0.000000	0.000000	0.000000	0.000000	0.000000	0.000000	0.000000	0.000000	1.000000	0.000000
65	tsk_65	(x)	1	:	0.000000	0.000000	0.000000	0.000000	0.000000	0.000000	0.000000	0.000000	1.000000	0.000000
66	tsk_66	(x)	1	:	0.000000	0.000000	0.000000	0.000000	0.000000	0.000000	0.000000	0.000000	1.000000	0.000000
67	tsk_67	(x)	1	:	0.000000	0.000000	0.000000	0.000000	0.000000	0.000000	0.000000	0.000000	1.000000	0.000000
68	tsk_68	(x)	1	:	0.000000	0.000000	0.000000	0.000000	0.000000	0.000000	0.000000	0.000000	1.000000	0.000000
69	tsk_69	(x)	1	:	0.000000	0.000000	0.000000	0.000000	0.000000	0.000000	0.000000	0.000000	1.000000	0.000000
70	tsk_70	(x)	1	:	0.000000	0.527847	0.000000	0.000000	0.467137	0.000000	0.000000	0.000000	0.000000	0.005016
71	tsk_71	(x)	1	:	0.516474	0.000000	0.000000	0.000000	0.483526	0.000000	0.000000	0.000000	0.000000	0.000000
72	tsk_72	(x)	1	:	0.000000	0.000000	0.000000	0.000000	0.467127	0.279719	0.000000	0.248099	0.000000	0.005056
73	tsk_73	(x)	1	:	0.000000	0.000000	0.000000	0.000000	0.467133	0.282348	0.000000	0.245487	0.000000	0.005032
74	tsk_74	(x)	1	:	0.000000	0.000000	0.000000	0.000000	0.000000	0.284277	0.000000	0.715723	0.000000	0.000000
75	tsk_75	(x)	1	:	0.000000	0.000000	0.000000	0.000000	1.000000	0.000000	0.000000	0.000000	0.000000	0.000000
76	tsk_76	(x)	1	:	0.000000	0.000000	0.000000	0.000000	0.474317	0.000000	0.000000	0.000000	0.000000	0.525683
77	tsk_77	(x)	1	:	0.000000	0.000000	0.000000	0.000000	0.000000	0.000000	0.000000	0.000000	0.000000	1.000000
78	tsk_78	(x)	1	:	0.504496	0.000000	0.000000	0.000000	0.000000	0.291936	0.000000	0.203526	0.000000	0.000042
79	tsk_79	(x)	1	:	0.000000	0.000000	0.000000	0.000000	0.467158	0.300056	0.000000	0.227858	0.000000	0.004927
80	tsk_80	(x)	1	:	0.505092	0.000000	0.000000	0.000000	0.000000	0.000000	0.000000	0.000000	0.494908	0.000000
81	tsk_81	(x)	1	:	0.000000	0.000000	0.000000	0.000000	0.000000	0.000000	0.000000	0.000000	1.000000	0.000000
82	tsk_82	(x)	1	:	0.000000	0.000000	0.000000	0.000000	0.000000	0.000000	0.000000	0.000000	1.000000	0.000000
83	tsk_83	(x)	1	:	0.000000	0.000000	0.000000	0.000000	0.000000	0.000000	0.000000	0.000000	1.000000	0.000000
84	tsk_84	(x)	1	:	0.000000	0.000000	0.000000	0.000000	0.000000	0.000000	0.000000	0.000000	1.000000	0.000000
85	tsk_85	(x)	1	:	0.000000	0.000000	0.000000	0.000000	0.000000	0.000000	0.000000	0.000000	1.000000	0.000000
86	tsk_86	(x)	1	:	0.535579	0.000000	0.000000	0.000000	0.000000	0.000000	0.000000	0.000000	0.000000	0.464421
87	tsk_87	(x)	1	:	0.000000	0.000000	0.000000	0.000000	0.000000	0.214818	0.000000	0.286137	0.498925	0.000120
88	tsk_88	(x)	1	:	0.000000	0.000000	0.000000	0.000000	0.000000	0.000000	0.000000	0.000000	1.000000	0.000000
89	tsk_89	(x)	1	:	0.000000	0.000000	0.000000	0.000000	0.000000	0.110370	0.000000	0.390562	0.498921	0.000147
90	tsk_90	(x)	1	:	0.000000	0.000000	0.000000	0.000000	0.000000	0.000000	0.000000	0.000000	1.000000	0.000000
91	tsk_91	(x)	1	:	0.000000	0.000000	0.000000	0.000000	0.479780	0.000000	0.000000	0.000000	0.520220	0.000000
92	tsk_92	(x)	1	:	0.000000	0.000000	0.000000	0.000000	1.000000	0.000000	0.000000	0.000000	0.000000	0.000000
93	tsk_93	(x)	1	:	0.000000	0.000000	0.000000	0.000000	1.000000	0.000000	0.000000	0.000000	0.000000	0.000000
94	tsk_94	(x)	1	:	0.000000	0.000000	0.000000	0.000000	0.529376	0.000000	0.000000	0.000000	0.470623	0.000000
95	tsk_95	(x)	1	:	0.000000	0.000000	0.000000	0.000000	0.529376	0.000000	0.000000	0.000000	0.470624	0.000000
96	tsk_96	(x)	1	:	0.000000	0.000001	0.000000	0.000000	0.000000	0.000000	0.000000	0.000000	0.457952	0.542047
97	tsk_97	(x)	1	:	0.000000	0.000000	0.000000	0.000000	0.479780	0.000000	0.000000	0.000000	0.520220	0.000000
98	tsk_98	(x)	1	:	0.000000	0.000000	0.000000	0.000000	0.479780	0.000000	0.000000	0.000000	0.520220	0.000000
99	tsk_99	(x)	1	:	0.000000	0.000000	0.000000	0.000000	0.401800	0.000000	0.000000	0.000000	0.000000	0.598200
