logL = -705.566113 (converged)
AIC = 2211.132227
BIC = 3253.200301

count.K
39 13 29 19 

