logL = -1188.782229 (converged)
AIC = 4053.564457
BIC = 6236.697073

count.K
10 15 18 11 1 22 23 

