logL = -493.814202 (converged)
AIC = 1271.628404
BIC = 1641.562570

count.K
77 23 

