logL = -562.862963 (converged)
AIC = 3325.725926
BIC = 6191.413131

count.K
30 2 7 6 5 24 3 1 7 15 

