logL = -711.083428 (converged)
AIC = 3802.166856
BIC = 6902.319378

count.K
8 2 13 17 27 15 15 0 1 2 

