0	tsk_0	(x)	1	:	0.479296	0.000000	0.000000	0.000000	0.000000	0.000000	0.000000	0.000000	0.520703
1	tsk_1	(x)	1	:	0.000000	0.000000	0.238673	0.000000	0.255938	0.012725	0.492664	0.000000	0.000000
2	tsk_2	(x)	1	:	0.000000	0.000000	0.000000	0.467241	0.000000	0.039299	0.493460	0.000000	0.000000
3	tsk_3	(x)	1	:	0.000000	0.000000	0.238716	0.000000	0.255904	0.012696	0.492685	0.000000	0.000000
4	tsk_4	(x)	1	:	0.000000	0.000000	0.495752	0.000000	0.000000	0.000000	0.504248	0.000000	0.000000
5	tsk_5	(x)	1	:	0.000000	0.000000	0.000000	0.467328	0.000000	0.039121	0.493551	0.000000	0.000000
6	tsk_6	(x)	1	:	0.000000	0.000000	0.000000	0.000000	0.000000	0.000000	1.000000	0.000000	0.000000
7	tsk_7	(x)	1	:	0.193524	0.000000	0.000000	0.000000	0.288406	0.000000	0.000000	0.000000	0.518070
8	tsk_8	(x)	1	:	0.000000	0.000000	0.000000	0.000000	0.000000	0.000000	1.000000	0.000000	0.000000
9	tsk_9	(x)	1	:	0.000000	0.000000	0.000000	0.000000	0.000000	0.009035	0.491206	0.000000	0.499759
10	tsk_10	(x)	1	:	0.000000	0.000000	0.000000	0.244591	0.000000	0.000000	0.000000	0.755409	0.000000
11	tsk_11	(x)	1	:	0.000000	0.000000	0.000000	0.000000	0.000000	0.000010	0.467405	0.532584	0.000000
12	tsk_12	(x)	1	:	0.000000	0.000000	0.000000	0.142444	0.000000	0.037352	0.493751	0.326453	0.000000
13	tsk_13	(x)	1	:	1.000000	0.000000	0.000000	0.000000	0.000000	0.000000	0.000000	0.000000	0.000000
14	tsk_14	(x)	1	:	0.000000	0.000000	0.000000	0.467385	0.000000	0.032618	0.000000	0.000000	0.499996
15	tsk_15	(x)	1	:	0.000000	0.000000	0.000000	0.000000	0.000000	0.000000	1.000000	0.000000	0.000000
16	tsk_16	(x)	1	:	0.000000	0.000000	0.000000	0.142173	0.000000	0.037833	0.493514	0.326479	0.000000
17	tsk_17	(x)	1	:	0.000000	0.000000	0.000000	0.000000	0.000000	0.009069	0.491176	0.000000	0.499756
18	tsk_18	(x)	1	:	0.000000	0.000000	0.000000	0.672190	0.000000	0.000000	0.000000	0.327810	0.000000
19	tsk_19	(x)	1	:	0.000000	0.000000	0.000000	0.142243	0.000000	0.037709	0.493574	0.326474	0.000000
20	tsk_20	(x)	1	:	0.000000	0.000000	0.000000	0.000000	0.000000	0.009058	0.491186	0.000000	0.499757
21	tsk_21	(x)	1	:	0.000000	0.000000	0.000000	0.000000	0.000000	0.000026	0.467392	0.532582	0.000000
22	tsk_22	(x)	1	:	0.000000	0.000000	0.000000	0.000000	0.000000	0.000032	0.467386	0.532581	0.000000
23	tsk_23	(x)	1	:	0.000000	0.000000	0.000000	0.000000	0.000000	0.000026	0.467393	0.532581	0.000000
24	tsk_24	(x)	1	:	0.000000	0.000000	0.000000	0.000000	0.496258	0.000000	0.000000	0.000000	0.503742
25	tsk_25	(x)	1	:	0.000000	0.504460	0.000000	0.000001	0.000000	0.000000	0.000000	0.495537	0.000003
26	tsk_26	(x)	1	:	0.580951	0.000000	0.000000	0.000000	0.419049	0.000000	0.000000	0.000000	0.000000
27	tsk_27	(x)	1	:	0.000000	0.518448	0.000000	0.000000	0.481552	0.000000	0.000000	0.000000	0.000000
28	tsk_28	(x)	1	:	0.000000	0.000000	0.000000	0.000000	0.524541	0.000000	0.000000	0.000000	0.475459
29	tsk_29	(x)	1	:	0.000000	0.000000	0.000000	0.000000	0.000000	0.000027	0.467391	0.532582	0.000000
30	tsk_30	(x)	1	:	0.000000	0.000000	0.473700	0.526300	0.000000	0.000000	0.000000	0.000000	0.000000
31	tsk_31	(x)	1	:	1.000000	0.000000	0.000000	0.000000	0.000000	0.000000	0.000000	0.000000	0.000000
32	tsk_32	(x)	1	:	0.000000	0.000000	0.000130	0.000000	0.496719	0.010791	0.492360	0.000000	0.000000
33	tsk_33	(x)	1	:	0.000000	0.000000	0.000000	1.000000	0.000000	0.000000	0.000000	0.000000	0.000000
34	tsk_34	(x)	1	:	0.000000	0.000000	0.494600	0.000000	0.000000	0.011531	0.493869	0.000000	0.000000
35	tsk_35	(x)	1	:	0.000000	0.000000	0.000000	0.000000	0.000000	0.000000	1.000000	0.000000	0.000000
36	tsk_36	(x)	1	:	0.000000	0.000000	0.000000	0.000000	0.000000	0.000000	1.000000	0.000000	0.000000
37	tsk_37	(x)	1	:	0.000000	0.000000	0.000000	0.521367	0.478633	0.000000	0.000000	0.000000	0.000000
38	tsk_38	(x)	1	:	0.000000	0.000000	0.000000	0.000000	1.000000	0.000000	0.000000	0.000000	0.000000
39	tsk_39	(x)	1	:	0.000000	0.000000	0.000000	0.000000	1.000000	0.000000	0.000000	0.000000	0.000000
40	tsk_40	(x)	1	:	0.000000	0.000000	0.000000	0.000000	0.000000	0.000000	1.000000	0.000000	0.000000
41	tsk_41	(x)	1	:	0.000000	0.000000	0.000000	0.000000	0.000000	0.000000	1.000000	0.000000	0.000000
42	tsk_42	(x)	1	:	0.000000	0.000000	0.000006	0.142281	0.496936	0.034305	0.000000	0.326471	0.000000
43	tsk_43	(x)	1	:	0.000000	0.000000	0.000000	0.142194	0.000000	0.031349	0.000000	0.326464	0.499994
44	tsk_44	(x)	1	:	0.000000	0.000000	0.000000	0.672190	0.000000	0.000000	0.000000	0.327810	0.000000
45	tsk_45	(x)	1	:	0.000000	0.000000	0.000000	0.672190	0.000000	0.000000	0.000000	0.327810	0.000000
46	tsk_46	(x)	1	:	0.000000	0.000000	0.000010	0.467420	0.496929	0.035640	0.000000	0.000000	0.000000
47	tsk_47	(x)	1	:	0.000000	0.000000	0.000000	0.000000	0.000000	0.008974	0.491262	0.000000	0.499764
48	tsk_48	(x)	1	:	0.000000	0.000000	0.000000	0.000000	0.000000	0.000000	0.000000	0.508828	0.491172
49	tsk_49	(x)	1	:	0.000000	0.000000	0.000007	0.467417	0.496932	0.035644	0.000000	0.000000	0.000000
50	tsk_50	(x)	1	:	1.000000	0.000000	0.000000	0.000000	0.000000	0.000000	0.000000	0.000000	0.000000
51	tsk_51	(x)	1	:	0.000000	0.000000	0.000000	0.000000	0.524541	0.000000	0.000000	0.000000	0.475459
52	tsk_52	(x)	1	:	0.000000	0.000000	0.000000	0.467234	0.000000	0.039312	0.493453	0.000000	0.000000
53	tsk_53	(x)	1	:	0.000000	0.000000	0.000000	0.307422	0.000000	0.000000	0.000000	0.692577	0.000000
54	tsk_54	(x)	1	:	0.000000	0.000000	0.000000	0.467388	0.000000	0.032615	0.000000	0.000000	0.499997
55	tsk_55	(x)	1	:	0.000000	0.000000	0.000000	0.467252	0.000000	0.039277	0.493471	0.000000	0.000000
56	tsk_56	(x)	1	:	0.000000	0.000000	0.000000	0.000003	0.508602	0.000000	0.000000	0.491395	0.000000
57	tsk_57	(x)	1	:	0.000000	0.000000	0.000004	0.467418	0.496934	0.035644	0.000000	0.000000	0.000000
58	tsk_58	(x)	1	:	0.000000	0.000000	0.000000	0.000002	0.508602	0.000000	0.000000	0.491396	0.000000
59	tsk_59	(x)	1	:	0.000000	0.000000	0.000000	0.000000	0.000000	0.009063	0.491180	0.000000	0.499756
60	tsk_60	(x)	1	:	0.000000	0.000000	0.000000	0.410388	0.000000	0.000000	0.000000	0.589612	0.000000
61	tsk_61	(x)	1	:	0.250463	0.000000	0.276621	0.000000	0.000000	0.000000	0.000000	0.472916	0.000000
62	tsk_62	(x)	1	:	1.000000	0.000000	0.000000	0.000000	0.000000	0.000000	0.000000	0.000000	0.000000
63	tsk_63	(x)	1	:	0.000000	0.000000	0.000000	0.000000	0.000000	0.000000	0.000000	0.508827	0.491172
64	tsk_64	(x)	1	:	0.000000	0.000000	0.000000	0.000002	0.000000	0.000000	0.000000	0.999998	0.000000
65	tsk_65	(x)	1	:	0.000000	0.000000	0.000000	0.000000	0.000000	0.000000	0.000000	1.000000	0.000000
66	tsk_66	(x)	1	:	0.524872	0.000000	0.000000	0.000000	0.000000	0.000000	0.000000	0.475128	0.000000
67	tsk_67	(x)	1	:	0.000000	0.000000	0.000000	0.410388	0.000000	0.000000	0.000000	0.589612	0.000000
68	tsk_68	(x)	1	:	0.000000	0.000000	0.000000	0.410388	0.000000	0.000000	0.000000	0.589612	0.000000
69	tsk_69	(x)	1	:	0.517891	0.000000	0.000005	0.467220	0.000000	0.014884	0.000000	0.000000	0.000000
70	tsk_70	(x)	1	:	0.000000	0.000000	0.000000	0.000000	0.496260	0.000000	0.000000	0.000000	0.503740
71	tsk_71	(x)	1	:	0.000000	0.000000	0.000000	0.000000	0.000000	0.000000	0.000000	0.000000	1.000000
72	tsk_72	(x)	1	:	0.000000	0.000000	0.000000	0.000000	0.000000	0.000000	0.000000	0.000000	1.000000
73	tsk_73	(x)	1	:	0.193503	0.000000	0.000000	0.000000	0.288422	0.000000	0.000000	0.000000	0.518074
74	tsk_74	(x)	1	:	0.000000	0.000000	0.000000	0.000000	0.000000	0.000000	0.000000	0.000000	1.000000
75	tsk_75	(x)	1	:	0.193527	0.000000	0.000000	0.000000	0.288403	0.000000	0.000000	0.000000	0.518070
76	tsk_76	(x)	1	:	0.000000	0.000000	0.000000	0.000000	0.496258	0.000000	0.000000	0.000000	0.503742
77	tsk_77	(x)	1	:	0.000000	0.000000	0.000000	0.000000	1.000000	0.000000	0.000000	0.000000	0.000000
78	tsk_78	(x)	1	:	0.000000	0.000000	0.000000	0.467386	0.000000	0.032618	0.000000	0.000000	0.499997
79	tsk_79	(x)	1	:	0.193522	0.000000	0.000000	0.000000	0.288407	0.000000	0.000000	0.000000	0.518071
80	tsk_80	(x)	1	:	0.446366	0.000000	0.000000	0.000000	0.553634	0.000000	0.000000	0.000000	0.000000
81	tsk_81	(x)	1	:	0.000000	0.000000	0.000038	0.000000	0.000000	0.106336	0.493653	0.000000	0.399974
82	tsk_82	(x)	1	:	0.000000	0.000000	0.000101	0.000004	0.496753	0.010701	0.492441	0.000000	0.000000
83	tsk_83	(x)	1	:	0.446366	0.000000	0.000000	0.000000	0.553634	0.000000	0.000000	0.000000	0.000000
84	tsk_84	(x)	1	:	0.000000	0.000000	0.000000	0.142306	0.000000	0.037597	0.493629	0.326468	0.000000
85	tsk_85	(x)	1	:	0.580951	0.000000	0.000000	0.000000	0.419049	0.000000	0.000000	0.000000	0.000000
86	tsk_86	(x)	1	:	0.083779	0.000000	0.000000	0.000000	0.542965	0.000000	0.000000	0.000000	0.373257
87	tsk_87	(x)	1	:	0.000000	0.000000	0.494528	0.000000	0.000000	0.012262	0.493209	0.000000	0.000000
88	tsk_88	(x)	1	:	0.446366	0.000000	0.000000	0.000000	0.553634	0.000000	0.000000	0.000000	0.000000
89	tsk_89	(x)	1	:	0.517893	0.000000	0.000000	0.141934	0.000000	0.013666	0.000000	0.326507	0.000000
90	tsk_90	(x)	1	:	0.000000	0.433041	0.000000	0.000000	0.000000	0.000000	0.000000	0.000000	0.566959
91	tsk_91	(x)	1	:	0.479296	0.000000	0.000000	0.000000	0.000000	0.000000	0.000000	0.000000	0.520703
92	tsk_92	(x)	1	:	0.000000	0.000000	0.000000	0.000000	0.000000	0.000000	0.000000	0.000000	1.000000
93	tsk_93	(x)	1	:	0.000000	0.432957	0.000000	0.000000	0.496239	0.000000	0.000000	0.000000	0.070804
94	tsk_94	(x)	1	:	0.000000	0.433041	0.000000	0.000000	0.000000	0.000000	0.000000	0.000000	0.566959
95	tsk_95	(x)	1	:	0.000000	0.000000	0.000000	0.000000	0.000000	0.000000	0.000000	0.000000	1.000000
96	tsk_96	(x)	1	:	0.479296	0.000000	0.000000	0.000000	0.000000	0.000000	0.000000	0.000000	0.520703
97	tsk_97	(x)	1	:	0.000000	0.000000	0.000000	0.000000	0.000000	0.000000	0.000000	0.000000	1.000000
98	tsk_98	(x)	1	:	0.000000	0.000000	0.000000	0.467383	0.000000	0.032620	0.000000	0.000000	0.499997
99	tsk_99	(x)	1	:	0.000000	0.000000	0.000000	0.000000	0.000000	0.000030	0.467388	0.532582	0.000000
