logL = -1009.233005 (converged)
AIC = 2616.466009
BIC = 3395.411895

count.K
26 27 47 

