logL = -936.203297 (converged)
AIC = 3072.406594
BIC = 4635.508705

count.K
23 19 16 29 13 

