logL = -835.760978 (converged)
AIC = 1975.521956
BIC = 2371.507824

count.K
63 37 

