logL = -654.744370 (converged)
AIC = 2561.488740
BIC = 4192.325277

count.K
16 25 9 13 6 31 

