logL = -994.155203 (converged)
AIC = 2304.310406
BIC = 2715.927295

count.K
61 39 

