logL = -1160.035867 (converged)
AIC = 4328.071733
BIC = 6943.662600

count.K
12 6 32 5 20 6 8 11 

