logL = -505.874594 (converged)
AIC = 1971.749188
BIC = 3222.230877

count.K
24 19 25 5 27 

