logL = -1704.696880 (converged)
AIC = 4037.393759
BIC = 4855.417198

count.K
35 47 18 

