logL = -675.855100 (converged)
AIC = 2929.710201
BIC = 4985.189477

count.K
2 15 57 7 14 3 2 

