logL = -377.562365 (converged)
AIC = 3015.124731
BIC = 5958.967041

count.K
3 0 14 0 22 16 10 1 18 16 

