0	tsk_0	(x)	1	:	0.028282	0.000000	0.066490	0.042301	0.012297	0.012825	0.482758	0.325616	0.029430	0.000000
1	tsk_1	(x)	1	:	0.000000	0.000000	0.000000	0.000000	0.000000	0.000000	1.000000	0.000000	0.000000	0.000000
2	tsk_2	(x)	1	:	0.000000	0.000000	0.000000	0.000000	0.000000	0.000000	1.000000	0.000000	0.000000	0.000000
3	tsk_3	(x)	1	:	0.186566	0.000000	0.052281	0.183650	0.000000	0.006252	0.478778	0.000000	0.092472	0.000000
4	tsk_4	(x)	1	:	0.114763	0.000000	0.113817	0.202135	0.000000	0.006736	0.479890	0.000000	0.082658	0.000000
5	tsk_5	(x)	1	:	0.162569	0.000000	0.156142	0.105053	0.000000	0.018077	0.000000	0.000000	0.094047	0.464113
6	tsk_6	(x)	1	:	0.162051	0.000000	0.162609	0.119827	0.000000	0.022005	0.000000	0.000000	0.069014	0.464493
7	tsk_7	(x)	1	:	0.194568	0.000000	0.185239	0.082891	0.000000	0.031081	0.000000	0.000000	0.046491	0.459729
8	tsk_8	(x)	1	:	0.000000	0.000000	0.000000	0.000000	0.000000	0.000000	0.000000	0.000000	0.000000	1.000000
9	tsk_9	(x)	1	:	0.110069	0.000000	0.150492	0.092136	0.000000	0.469304	0.000000	0.000000	0.178000	0.000000
10	tsk_10	(x)	1	:	0.818867	0.000000	0.040398	0.140735	0.000000	0.000000	0.000000	0.000000	0.000000	0.000000
11	tsk_11	(x)	1	:	0.789485	0.000000	0.024913	0.185602	0.000000	0.000000	0.000000	0.000000	0.000000	0.000000
12	tsk_12	(x)	1	:	0.320080	0.000000	0.002763	0.339603	0.011853	0.000000	0.000000	0.325701	0.000000	0.000000
13	tsk_13	(x)	1	:	0.175941	0.000000	0.122930	0.058911	0.000000	0.470364	0.000000	0.000000	0.171855	0.000000
14	tsk_14	(x)	1	:	0.359656	0.000000	0.031406	0.608939	0.000000	0.000000	0.000000	0.000000	0.000000	0.000000
15	tsk_15	(x)	1	:	0.704036	0.000000	0.015110	0.280854	0.000000	0.000000	0.000000	0.000000	0.000000	0.000000
16	tsk_16	(x)	1	:	0.349405	0.000000	0.058184	0.592410	0.000000	0.000000	0.000000	0.000000	0.000000	0.000000
17	tsk_17	(x)	1	:	0.823161	0.000000	0.014033	0.162806	0.000000	0.000000	0.000000	0.000000	0.000000	0.000000
18	tsk_18	(x)	1	:	0.450223	0.000000	0.075843	0.473934	0.000000	0.000000	0.000000	0.000000	0.000000	0.000000
19	tsk_19	(x)	1	:	0.728915	0.000000	0.014558	0.256527	0.000000	0.000000	0.000000	0.000000	0.000000	0.000000
20	tsk_20	(x)	1	:	0.000000	0.000000	0.000000	0.000000	0.000000	1.000000	0.000000	0.000000	0.000000	0.000000
21	tsk_21	(x)	1	:	0.000000	0.000000	0.000000	0.000000	0.000000	1.000000	0.000000	0.000000	0.000000	0.000000
22	tsk_22	(x)	1	:	0.000000	0.000000	0.000000	0.000000	0.000000	1.000000	0.000000	0.000000	0.000000	0.000000
23	tsk_23	(x)	1	:	0.086491	0.000000	0.173580	0.101337	0.000000	0.471120	0.000000	0.000000	0.167472	0.000000
24	tsk_24	(x)	1	:	0.000000	0.000000	0.000000	0.000000	0.000000	1.000000	0.000000	0.000000	0.000000	0.000000
25	tsk_25	(x)	1	:	0.000000	0.000000	0.000000	0.000000	0.000000	1.000000	0.000000	0.000000	0.000000	0.000000
26	tsk_26	(x)	1	:	0.000000	0.000000	0.000000	0.000000	0.000000	1.000000	0.000000	0.000000	0.000000	0.000000
27	tsk_27	(x)	1	:	0.000000	0.000000	0.000000	0.000000	0.000000	1.000000	0.000000	0.000000	0.000000	0.000000
28	tsk_28	(x)	1	:	0.000000	0.000000	0.000000	0.000000	0.000000	1.000000	0.000000	0.000000	0.000000	0.000000
29	tsk_29	(x)	1	:	0.000000	0.000000	0.000000	0.000000	0.000000	1.000000	0.000000	0.000000	0.000000	0.000000
30	tsk_30	(x)	1	:	0.046709	0.324094	0.067446	0.246081	0.000000	0.146571	0.000000	0.000000	0.169098	0.000000
31	tsk_31	(x)	1	:	0.421375	0.000000	0.048980	0.529645	0.000000	0.000000	0.000000	0.000000	0.000000	0.000000
32	tsk_32	(x)	1	:	0.310431	0.000000	0.004246	0.120862	0.564460	0.000000	0.000000	0.000000	0.000000	0.000000
33	tsk_33	(x)	1	:	0.020276	0.324141	0.058341	0.047035	0.302085	0.160765	0.000000	0.000000	0.087357	0.000000
34	tsk_34	(x)	1	:	0.000000	0.324214	0.000000	0.000001	0.507721	0.168063	0.000000	0.000000	0.000000	0.000000
35	tsk_35	(x)	1	:	0.122187	0.324186	0.124260	0.211970	0.000000	0.167087	0.000000	0.000000	0.050311	0.000000
36	tsk_36	(x)	1	:	0.162478	0.000000	0.000000	0.154277	0.683245	0.000000	0.000000	0.000000	0.000000	0.000000
37	tsk_37	(x)	1	:	0.033040	0.000000	0.049329	0.028490	0.301934	0.481784	0.000000	0.000000	0.105423	0.000000
38	tsk_38	(x)	1	:	0.563664	0.000000	0.015001	0.119379	0.301956	0.000000	0.000000	0.000000	0.000000	0.000000
39	tsk_39	(x)	1	:	0.348013	0.000000	0.005731	0.081796	0.564460	0.000000	0.000000	0.000000	0.000000	0.000000
40	tsk_40	(x)	1	:	0.058257	0.000000	0.000125	0.000000	0.000002	0.014532	0.485864	0.441221	0.000000	0.000000
41	tsk_41	(x)	1	:	0.000000	0.000000	0.000000	0.000000	0.000000	0.509471	0.490529	0.000000	0.000000	0.000000
42	tsk_42	(x)	1	:	0.218413	0.000000	0.184054	0.063621	0.000000	0.011654	0.482109	0.000000	0.040149	0.000000
43	tsk_43	(x)	1	:	0.152284	0.000000	0.109533	0.092861	0.000000	0.469717	0.000000	0.000000	0.175604	0.000000
44	tsk_44	(x)	1	:	0.118948	0.000000	0.203613	0.122084	0.000000	0.008940	0.480519	0.000000	0.065896	0.000000
45	tsk_45	(x)	1	:	0.388354	0.000000	0.033303	0.578342	0.000000	0.000000	0.000000	0.000000	0.000000	0.000000
46	tsk_46	(x)	1	:	0.000000	0.000000	0.000000	0.000000	0.000000	0.509471	0.490529	0.000000	0.000000	0.000000
47	tsk_47	(x)	1	:	0.000000	0.000000	0.000000	0.000000	0.000000	1.000000	0.000000	0.000000	0.000000	0.000000
48	tsk_48	(x)	1	:	0.165175	0.000000	0.160083	0.095433	0.000000	0.005254	0.479344	0.000000	0.094711	0.000000
49	tsk_49	(x)	1	:	0.095713	0.000000	0.166825	0.159478	0.000000	0.006247	0.478692	0.000000	0.093045	0.000000
50	tsk_50	(x)	1	:	0.000000	0.000000	0.000000	0.000000	0.000000	0.007772	0.500887	0.000000	0.000000	0.491341
51	tsk_51	(x)	1	:	0.000001	0.000000	0.000001	0.000001	0.507031	0.012087	0.480860	0.000000	0.000019	0.000000
52	tsk_52	(x)	1	:	0.066625	0.000000	0.167770	0.073945	0.000000	0.460056	0.000000	0.000000	0.231604	0.000000
53	tsk_53	(x)	1	:	0.159921	0.000000	0.234477	0.082866	0.000000	0.012543	0.483418	0.000000	0.026775	0.000000
54	tsk_54	(x)	1	:	0.082441	0.323929	0.068293	0.112815	0.000000	0.126457	0.000000	0.000000	0.286065	0.000000
55	tsk_55	(x)	1	:	0.109950	0.000000	0.223229	0.072696	0.000000	0.001741	0.479740	0.000000	0.112645	0.000000
56	tsk_56	(x)	1	:	0.000000	0.000000	0.000000	0.000000	0.000000	0.509471	0.490529	0.000000	0.000000	0.000000
57	tsk_57	(x)	1	:	0.084521	0.000000	0.175025	0.205269	0.000000	0.009911	0.483454	0.000000	0.041821	0.000000
58	tsk_58	(x)	1	:	0.645603	0.000000	0.033801	0.320596	0.000000	0.000000	0.000000	0.000000	0.000000	0.000000
59	tsk_59	(x)	1	:	0.143631	0.000000	0.224394	0.097811	0.000000	0.010748	0.482886	0.000000	0.040530	0.000000
60	tsk_60	(x)	1	:	0.192003	0.000000	0.000000	0.166610	0.434333	0.000000	0.000000	0.207054	0.000000	0.000000
61	tsk_61	(x)	1	:	0.699650	0.000000	0.011103	0.289247	0.000000	0.000000	0.000000	0.000000	0.000000	0.000000
62	tsk_62	(x)	1	:	0.042394	0.000000	0.211537	0.026967	0.000000	0.454329	0.000000	0.000000	0.264772	0.000000
63	tsk_63	(x)	1	:	0.000000	0.000000	0.000000	0.000000	0.337531	0.480884	0.000000	0.181585	0.000000	0.000000
64	tsk_64	(x)	1	:	0.701366	0.000000	0.021018	0.277616	0.000000	0.000000	0.000000	0.000000	0.000000	0.000000
65	tsk_65	(x)	1	:	0.290268	0.000000	0.000000	0.068345	0.434333	0.000000	0.000000	0.207054	0.000000	0.000000
66	tsk_66	(x)	1	:	0.513903	0.000000	0.057887	0.428210	0.000000	0.000000	0.000000	0.000000	0.000000	0.000000
67	tsk_67	(x)	1	:	0.215234	0.000000	0.000000	0.143379	0.434333	0.000000	0.000000	0.207054	0.000000	0.000000
68	tsk_68	(x)	1	:	0.210457	0.000000	0.000000	0.148156	0.434333	0.000000	0.000000	0.207054	0.000000	0.000000
69	tsk_69	(x)	1	:	0.661261	0.000000	0.011385	0.327355	0.000000	0.000000	0.000000	0.000000	0.000000	0.000000
70	tsk_70	(x)	1	:	0.000000	0.000000	0.000000	0.000000	0.000000	1.000000	0.000000	0.000000	0.000000	0.000000
71	tsk_71	(x)	1	:	0.000000	0.000000	0.000000	0.000000	0.000000	1.000000	0.000000	0.000000	0.000000	0.000000
72	tsk_72	(x)	1	:	0.000000	0.000000	0.000000	0.000000	0.000000	1.000000	0.000000	0.000000	0.000000	0.000000
73	tsk_73	(x)	1	:	0.058784	0.000000	0.243923	0.132556	0.000000	0.486505	0.000000	0.000000	0.078233	0.000000
74	tsk_74	(x)	1	:	0.000000	0.000000	0.000000	0.000000	0.000000	1.000000	0.000000	0.000000	0.000000	0.000000
75	tsk_75	(x)	1	:	0.182694	0.000000	0.237066	0.024755	0.000000	0.488432	0.000000	0.000000	0.067053	0.000000
76	tsk_76	(x)	1	:	0.000000	0.000000	0.000000	0.000000	0.000000	1.000000	0.000000	0.000000	0.000000	0.000000
77	tsk_77	(x)	1	:	0.000000	0.000000	0.000000	0.000000	0.000000	1.000000	0.000000	0.000000	0.000000	0.000000
78	tsk_78	(x)	1	:	0.000000	0.000000	0.000000	0.000000	0.000000	1.000000	0.000000	0.000000	0.000000	0.000000
79	tsk_79	(x)	1	:	0.000000	0.000000	0.000000	0.000000	0.000000	1.000000	0.000000	0.000000	0.000000	0.000000
80	tsk_80	(x)	1	:	0.156031	0.000000	0.182983	0.142848	0.000000	0.035626	0.000000	0.000000	0.023261	0.459251
81	tsk_81	(x)	1	:	0.000000	0.000000	0.000000	0.000000	0.000000	0.044418	0.500370	0.000000	0.000000	0.455212
82	tsk_82	(x)	1	:	0.000000	0.324704	0.000000	0.000000	0.000000	0.675296	0.000000	0.000000	0.000000	0.000000
83	tsk_83	(x)	1	:	0.096519	0.198526	0.267489	0.117133	0.000000	0.000000	0.317722	0.000000	0.002611	0.000000
84	tsk_84	(x)	1	:	0.135941	0.000000	0.176190	0.112423	0.000000	0.025581	0.000000	0.000000	0.092393	0.457470
85	tsk_85	(x)	1	:	0.231237	0.198527	0.113760	0.136175	0.000000	0.000000	0.317726	0.000000	0.002575	0.000000
86	tsk_86	(x)	1	:	0.309630	0.198492	0.105644	0.065234	0.000000	0.000000	0.317640	0.000000	0.003360	0.000000
87	tsk_87	(x)	1	:	0.235327	0.000000	0.168782	0.068688	0.000000	0.012502	0.482609	0.000000	0.032092	0.000000
88	tsk_88	(x)	1	:	0.129102	0.000000	0.072839	0.186628	0.000000	0.009555	0.000000	0.000000	0.136738	0.465138
89	tsk_89	(x)	1	:	0.247494	0.000000	0.046606	0.705900	0.000000	0.000000	0.000000	0.000000	0.000000	0.000000
90	tsk_90	(x)	1	:	0.007781	0.000000	0.051478	0.037011	0.301918	0.478739	0.000000	0.000000	0.123073	0.000000
91	tsk_91	(x)	1	:	0.000000	0.000000	0.000000	0.000000	0.507747	0.492253	0.000000	0.000000	0.000000	0.000000
92	tsk_92	(x)	1	:	0.000000	0.000000	0.000000	0.000000	1.000000	0.000000	0.000000	0.000000	0.000000	0.000000
93	tsk_93	(x)	1	:	0.140592	0.000000	0.000000	0.176163	0.683245	0.000000	0.000000	0.000000	0.000000	0.000000
94	tsk_94	(x)	1	:	0.000000	0.248947	0.029602	0.063499	0.301967	0.229074	0.000000	0.000000	0.126911	0.000000
95	tsk_95	(x)	1	:	0.000000	0.000000	0.000000	0.000000	0.507747	0.492253	0.000000	0.000000	0.000000	0.000000
96	tsk_96	(x)	1	:	0.000000	0.000000	0.000000	0.000000	0.000000	0.509471	0.490529	0.000000	0.000000	0.000000
97	tsk_97	(x)	1	:	0.000000	0.000000	0.000000	0.000000	0.507747	0.492253	0.000000	0.000000	0.000000	0.000000
98	tsk_98	(x)	1	:	0.000000	0.000000	0.000000	0.000000	0.000000	0.000000	1.000000	0.000000	0.000000	0.000000
99	tsk_99	(x)	1	:	0.011509	0.000000	0.044038	0.063960	0.301942	0.483589	0.000000	0.000000	0.094961	0.000000
