logL = -890.529978 (converged)
AIC = 4061.059956
BIC = 7030.953968

count.K
11 4 0 7 15 35 21 0 0 7 

