logL = -978.903374 (converged)
AIC = 2555.806748
BIC = 3334.752633

count.K
36 15 49 

