logL = -958.311878 (converged)
AIC = 4056.623756
BIC = 6844.155855

count.K
9 10 20 13 17 2 5 9 15 

