logL = -752.241107 (converged)
AIC = 3166.482214
BIC = 5331.378639

count.K
16 11 5 27 5 11 25 

