logL = -772.653695 (converged)
AIC = 2605.307390
BIC = 3986.047589

count.K
45 14 0 15 26 

