logL = -1441.609430 (converged)
AIC = 3445.218861
BIC = 4177.271683

count.K
2 29 69 

