logL = -475.648404 (converged)
AIC = 3291.296808
BIC = 6339.345926

count.K
9 2 14 8 33 8 0 12 10 4 

