logL = -280.700783 (converged)
AIC = 2781.401565
BIC = 5673.140472

count.K
0 10 6 37 7 3 8 1 1 27 

