0	tsk_0	(x)	1	:	0.470120	0.000000	0.000000	0.000000	0.000000	0.000000	0.000000	0.529880	0.000000
1	tsk_1	(x)	1	:	0.000000	0.506832	0.211251	0.000000	0.000000	0.000000	0.000008	0.000025	0.281884
2	tsk_2	(x)	1	:	0.000000	0.000000	0.000166	0.000000	0.396417	0.000000	0.000000	0.603402	0.000016
3	tsk_3	(x)	1	:	0.000000	0.000000	0.054638	0.000000	0.464257	0.000000	0.000000	0.449246	0.031858
4	tsk_4	(x)	1	:	0.000000	0.000000	0.000000	0.000000	0.000000	0.563349	0.000000	0.436651	0.000000
5	tsk_5	(x)	1	:	0.000000	0.000000	0.000000	0.000000	0.000000	0.407352	0.000000	0.592648	0.000000
6	tsk_6	(x)	1	:	0.000000	0.000000	0.000000	0.000000	0.000000	0.000000	0.000000	1.000000	0.000000
7	tsk_7	(x)	1	:	0.000000	0.000000	0.035281	0.000000	0.464435	0.473853	0.000000	0.000491	0.025940
8	tsk_8	(x)	1	:	0.507369	0.000000	0.000000	0.000000	0.000000	0.000000	0.000000	0.492631	0.000000
9	tsk_9	(x)	1	:	0.000000	0.000000	0.000000	0.000000	0.000000	1.000000	0.000000	0.000000	0.000000
10	tsk_10	(x)	1	:	0.000000	0.000000	0.205392	0.000000	0.000000	0.000000	0.000010	0.000000	0.794599
11	tsk_11	(x)	1	:	0.000000	0.000000	0.034544	0.000000	0.464520	0.473779	0.000000	0.000873	0.026283
12	tsk_12	(x)	1	:	0.000000	0.000000	0.337336	0.000000	0.464302	0.000000	0.000004	0.000000	0.198358
13	tsk_13	(x)	1	:	0.000000	0.000000	0.246817	0.497269	0.000000	0.000000	0.000006	0.000021	0.255887
14	tsk_14	(x)	1	:	0.000000	0.000000	0.146124	0.000000	0.655500	0.000000	0.000009	0.000000	0.198367
15	tsk_15	(x)	1	:	0.000000	0.000000	0.000000	0.000000	0.000000	0.486810	0.000000	0.513189	0.000000
16	tsk_16	(x)	1	:	0.000000	0.000000	0.343184	0.497259	0.000000	0.000000	0.000010	0.000126	0.159422
17	tsk_17	(x)	1	:	0.000000	0.000000	0.132104	0.000000	0.000000	0.473528	0.000000	0.001719	0.392649
18	tsk_18	(x)	1	:	0.000000	0.000000	0.032700	0.497246	0.464081	0.000000	0.000000	0.000004	0.005968
19	tsk_19	(x)	1	:	0.000000	0.000000	0.124015	0.000000	0.000000	0.538004	0.000001	0.000039	0.337940
20	tsk_20	(x)	1	:	0.000000	0.000000	0.041445	0.000000	0.464471	0.473822	0.000000	0.000653	0.019609
21	tsk_21	(x)	1	:	0.499973	0.000000	0.202642	0.000000	0.000000	0.000000	0.000004	0.000234	0.297148
22	tsk_22	(x)	1	:	0.499975	0.000000	0.179695	0.000000	0.000000	0.000000	0.000001	0.000219	0.320110
23	tsk_23	(x)	1	:	0.000000	0.506839	0.178817	0.000000	0.000000	0.000000	0.000003	0.000005	0.314336
24	tsk_24	(x)	1	:	0.000000	1.000000	0.000000	0.000000	0.000000	0.000000	0.000000	0.000000	0.000000
25	tsk_25	(x)	1	:	0.000000	0.000000	0.238597	0.000000	0.000000	0.000000	0.000005	0.000000	0.761398
26	tsk_26	(x)	1	:	0.000000	0.506833	0.127541	0.000000	0.000000	0.000000	0.000005	0.000033	0.365589
27	tsk_27	(x)	1	:	0.000000	0.492611	0.025082	0.000000	0.464312	0.000000	0.000000	0.000000	0.017995
28	tsk_28	(x)	1	:	0.000000	0.000000	0.204973	0.000000	0.000000	0.000000	0.000007	0.000000	0.795020
29	tsk_29	(x)	1	:	0.000000	0.000000	0.386559	0.000000	0.000000	0.000000	0.000016	0.000000	0.613425
30	tsk_30	(x)	1	:	0.000000	0.000000	0.174530	0.000000	0.000000	0.000000	0.000005	0.000000	0.825465
31	tsk_31	(x)	1	:	0.000000	0.000000	0.168606	0.000000	0.000000	0.000000	0.000004	0.000000	0.831390
32	tsk_32	(x)	1	:	0.000000	0.000000	0.452900	0.000000	0.000000	0.000000	0.000005	0.000000	0.547095
33	tsk_33	(x)	1	:	0.000000	0.000000	0.539042	0.000000	0.000000	0.000000	0.000018	0.000000	0.460939
34	tsk_34	(x)	1	:	0.000000	0.000000	0.780535	0.000000	0.000000	0.000000	0.000020	0.000000	0.219444
35	tsk_35	(x)	1	:	0.000000	0.000000	0.309258	0.000000	0.000000	0.000000	0.000010	0.000000	0.690732
36	tsk_36	(x)	1	:	0.000000	0.000000	0.442112	0.000000	0.000000	0.000000	0.000008	0.000000	0.557880
37	tsk_37	(x)	1	:	0.000000	0.000000	0.561030	0.000000	0.000000	0.000000	0.000008	0.000000	0.438963
38	tsk_38	(x)	1	:	0.000000	0.000000	0.369344	0.000000	0.000000	0.000000	0.000009	0.000000	0.630647
39	tsk_39	(x)	1	:	0.000000	0.000000	0.137443	0.000000	0.000000	0.000000	0.000006	0.000000	0.862551
40	tsk_40	(x)	1	:	0.499988	0.000000	0.362987	0.000000	0.000000	0.000000	0.000004	0.000104	0.136917
41	tsk_41	(x)	1	:	0.000000	0.000000	0.000000	0.000000	1.000000	0.000000	0.000000	0.000000	0.000000
42	tsk_42	(x)	1	:	0.000000	0.000000	0.178088	0.000000	0.655545	0.000000	0.000002	0.000000	0.166365
43	tsk_43	(x)	1	:	0.000000	0.000000	0.000000	0.000000	1.000000	0.000000	0.000000	0.000000	0.000000
44	tsk_44	(x)	1	:	0.000000	0.000000	0.303480	0.000000	0.464302	0.000000	0.000004	0.000000	0.232214
45	tsk_45	(x)	1	:	0.000000	0.000000	0.261668	0.524370	0.000000	0.000000	0.000002	0.000012	0.213948
46	tsk_46	(x)	1	:	0.000000	0.000000	0.081379	0.000000	0.464248	0.000000	0.000035	0.000000	0.454338
47	tsk_47	(x)	1	:	0.000000	0.000000	0.000000	0.511452	0.000000	0.488548	0.000000	0.000000	0.000000
48	tsk_48	(x)	1	:	0.000000	0.000000	0.314614	0.497267	0.000000	0.000000	0.000002	0.000042	0.188076
49	tsk_49	(x)	1	:	0.000000	0.000000	0.035958	0.000000	0.464530	0.473820	0.000000	0.000716	0.024976
50	tsk_50	(x)	1	:	1.000000	0.000000	0.000000	0.000000	0.000000	0.000000	0.000000	0.000000	0.000000
51	tsk_51	(x)	1	:	0.499979	0.000000	0.029287	0.000000	0.464182	0.000000	0.000000	0.000053	0.006499
52	tsk_52	(x)	1	:	0.000000	0.000000	0.046345	0.000000	0.464536	0.473803	0.000000	0.000790	0.014526
53	tsk_53	(x)	1	:	0.475584	0.000000	0.000000	0.000000	0.524416	0.000000	0.000000	0.000000	0.000000
54	tsk_54	(x)	1	:	0.000000	0.000000	0.000000	0.000000	1.000000	0.000000	0.000000	0.000000	0.000000
55	tsk_55	(x)	1	:	0.517424	0.000000	0.000000	0.000000	0.000000	0.482576	0.000000	0.000000	0.000000
56	tsk_56	(x)	1	:	1.000000	0.000000	0.000000	0.000000	0.000000	0.000000	0.000000	0.000000	0.000000
57	tsk_57	(x)	1	:	0.000000	0.000000	0.051155	0.000000	0.464515	0.473835	0.000000	0.000640	0.009856
58	tsk_58	(x)	1	:	0.000000	0.000000	0.000000	0.000000	1.000000	0.000000	0.000000	0.000000	0.000000
59	tsk_59	(x)	1	:	0.517424	0.000000	0.000000	0.000000	0.000000	0.482576	0.000000	0.000000	0.000000
60	tsk_60	(x)	1	:	0.517424	0.000000	0.000000	0.000000	0.000000	0.482576	0.000000	0.000000	0.000000
61	tsk_61	(x)	1	:	0.000000	0.000000	0.149069	0.000000	0.000000	0.537139	0.000004	0.000084	0.313703
62	tsk_62	(x)	1	:	0.000000	0.000000	0.000000	0.000000	0.000000	1.000000	0.000000	0.000000	0.000000
63	tsk_63	(x)	1	:	0.000000	0.000000	0.144927	0.000000	0.000000	0.473466	0.000000	0.001975	0.379632
64	tsk_64	(x)	1	:	0.000000	0.000000	0.000000	0.000000	0.000000	1.000000	0.000000	0.000000	0.000000
65	tsk_65	(x)	1	:	0.000000	0.000000	0.000000	0.000000	0.000000	0.482436	0.000000	0.517563	0.000000
66	tsk_66	(x)	1	:	0.000000	0.000000	0.180918	0.000000	0.464300	0.000000	0.000005	0.000000	0.354776
67	tsk_67	(x)	1	:	0.000000	0.000000	0.101079	0.000000	0.000000	0.473507	0.000000	0.001806	0.423609
68	tsk_68	(x)	1	:	0.000000	0.000000	0.004574	0.000000	0.457223	0.535565	0.000000	0.000011	0.002627
69	tsk_69	(x)	1	:	0.000000	0.000000	0.000000	0.000000	0.000000	1.000000	0.000000	0.000000	0.000000
70	tsk_70	(x)	1	:	0.000000	0.000000	0.000669	0.500830	0.000000	0.000000	0.497795	0.000004	0.000702
71	tsk_71	(x)	1	:	0.000000	0.000000	0.269767	0.000000	0.000000	0.000000	0.457890	0.000000	0.272343
72	tsk_72	(x)	1	:	0.000000	0.000000	0.106387	0.000000	0.000000	0.000000	0.457897	0.000000	0.435717
73	tsk_73	(x)	1	:	0.000000	0.000000	0.191402	0.497260	0.000000	0.000000	0.000002	0.000110	0.311226
74	tsk_74	(x)	1	:	0.000000	0.000000	0.358770	0.497263	0.000000	0.000000	0.000004	0.000075	0.143887
75	tsk_75	(x)	1	:	0.000000	0.000000	0.145248	0.000000	0.000000	0.000000	0.457891	0.000000	0.396861
76	tsk_76	(x)	1	:	0.000000	0.507307	0.000000	0.492693	0.000000	0.000000	0.000000	0.000000	0.000000
77	tsk_77	(x)	1	:	0.000000	0.000000	0.000749	0.500815	0.000000	0.000000	0.497624	0.000004	0.000808
78	tsk_78	(x)	1	:	0.000000	0.000000	0.163085	0.000000	0.000000	0.000000	0.000007	0.000000	0.836908
79	tsk_79	(x)	1	:	0.000000	0.000000	0.350611	0.497265	0.000000	0.000000	0.000002	0.000056	0.152066
80	tsk_80	(x)	1	:	0.000000	0.000000	0.167299	0.000000	0.464282	0.000000	0.000016	0.000000	0.368403
81	tsk_81	(x)	1	:	0.000000	0.000000	0.015020	0.000000	0.000000	0.000000	0.492234	0.474414	0.018331
82	tsk_82	(x)	1	:	0.000000	0.000000	0.061266	0.000000	0.464248	0.000000	0.000000	0.449238	0.025249
83	tsk_83	(x)	1	:	0.000000	0.000000	0.000000	0.000000	0.000000	0.482436	0.000000	0.517563	0.000000
84	tsk_84	(x)	1	:	0.000000	0.000000	0.000000	0.000000	0.000000	0.000000	0.000000	1.000000	0.000000
85	tsk_85	(x)	1	:	0.000000	0.000000	0.030443	0.497261	0.464230	0.000000	0.000000	0.000016	0.008050
86	tsk_86	(x)	1	:	0.000000	0.000000	0.000000	0.000000	0.000000	0.000000	0.000000	1.000000	0.000000
87	tsk_87	(x)	1	:	0.000000	0.000000	0.000000	1.000000	0.000000	0.000000	0.000000	0.000000	0.000000
88	tsk_88	(x)	1	:	0.000000	0.000000	0.218797	0.000000	0.464299	0.000000	0.000006	0.000000	0.316898
89	tsk_89	(x)	1	:	0.000000	0.000000	0.000000	1.000000	0.000000	0.000000	0.000000	0.000000	0.000000
90	tsk_90	(x)	1	:	0.000000	0.000000	0.000000	0.511452	0.000000	0.488548	0.000000	0.000000	0.000000
91	tsk_91	(x)	1	:	0.502729	0.000000	0.000000	0.497271	0.000000	0.000000	0.000000	0.000000	0.000000
92	tsk_92	(x)	1	:	0.000000	0.000000	0.000000	0.503383	0.000000	0.000000	0.000000	0.496617	0.000000
93	tsk_93	(x)	1	:	1.000000	0.000000	0.000000	0.000000	0.000000	0.000000	0.000000	0.000000	0.000000
94	tsk_94	(x)	1	:	0.000000	0.000000	0.156497	0.000000	0.000000	0.000000	0.347610	0.450864	0.045028
95	tsk_95	(x)	1	:	0.507369	0.000000	0.000000	0.000000	0.000000	0.000000	0.000000	0.492631	0.000000
96	tsk_96	(x)	1	:	0.000000	0.000000	0.000000	0.000000	0.000000	0.563349	0.000000	0.436651	0.000000
97	tsk_97	(x)	1	:	0.473696	0.000000	0.000000	0.000000	0.000000	0.526304	0.000000	0.000000	0.000000
98	tsk_98	(x)	1	:	0.502729	0.000000	0.000000	0.497271	0.000000	0.000000	0.000000	0.000000	0.000000
99	tsk_99	(x)	1	:	0.489267	0.000000	0.000000	0.000000	0.000000	0.000000	0.510733	0.000000	0.000000
