0	tsk_0	(x)	1	:	0.000000	0.000000	0.506975	0.000000	0.493025	0.000000	0.000000
1	tsk_1	(x)	1	:	0.000000	0.487224	0.000000	0.512776	0.000000	0.000000	0.000000
2	tsk_2	(x)	1	:	0.000000	0.475920	0.160050	0.348043	0.015987	0.000000	0.000000
3	tsk_3	(x)	1	:	0.000000	0.317574	0.500000	0.182426	0.000000	0.000000	0.000000
4	tsk_4	(x)	1	:	0.000000	0.454672	0.500000	0.045328	0.000000	0.000000	0.000000
5	tsk_5	(x)	1	:	0.000000	0.332453	0.500000	0.167547	0.000000	0.000000	0.000000
6	tsk_6	(x)	1	:	0.000000	0.303291	0.500000	0.196709	0.000000	0.000000	0.000000
7	tsk_7	(x)	1	:	0.000000	0.546853	0.000000	0.453147	0.000000	0.000000	0.000000
8	tsk_8	(x)	1	:	0.000000	0.259975	0.500000	0.240025	0.000000	0.000000	0.000000
9	tsk_9	(x)	1	:	0.000000	0.344032	0.000000	0.172316	0.483652	0.000000	0.000000
10	tsk_10	(x)	1	:	0.000000	0.000000	1.000000	0.000000	0.000000	0.000000	0.000000
11	tsk_11	(x)	1	:	0.000000	0.222748	0.000000	0.286740	0.000000	0.490512	0.000000
12	tsk_12	(x)	1	:	0.000000	0.696534	0.000000	0.303466	0.000000	0.000000	0.000000
13	tsk_13	(x)	1	:	0.490316	0.126466	0.000000	0.383218	0.000000	0.000000	0.000000
14	tsk_14	(x)	1	:	0.000000	0.424033	0.000000	0.575967	0.000000	0.000000	0.000000
15	tsk_15	(x)	1	:	0.000000	0.559774	0.000000	0.000000	0.000001	0.000000	0.440225
16	tsk_16	(x)	1	:	0.490316	0.144625	0.000000	0.365058	0.000000	0.000000	0.000000
17	tsk_17	(x)	1	:	0.000000	0.823561	0.000000	0.176439	0.000000	0.000000	0.000000
18	tsk_18	(x)	1	:	0.490316	0.129904	0.000000	0.379779	0.000000	0.000000	0.000000
19	tsk_19	(x)	1	:	0.490316	0.114145	0.000000	0.395539	0.000000	0.000000	0.000000
20	tsk_20	(x)	1	:	0.000000	0.202918	0.666667	0.130416	0.000000	0.000000	0.000000
21	tsk_21	(x)	1	:	0.532231	0.128576	0.000000	0.339193	0.000000	0.000000	0.000000
22	tsk_22	(x)	1	:	0.000000	0.000000	0.448142	0.000000	0.482344	0.000000	0.069514
23	tsk_23	(x)	1	:	0.000000	0.000000	1.000000	0.000000	0.000000	0.000000	0.000000
24	tsk_24	(x)	1	:	0.000000	0.278662	0.666667	0.054671	0.000000	0.000000	0.000000
25	tsk_25	(x)	1	:	0.000000	0.000000	1.000000	0.000000	0.000000	0.000000	0.000000
26	tsk_26	(x)	1	:	0.000000	0.205335	0.141772	0.212060	0.440833	0.000000	0.000000
27	tsk_27	(x)	1	:	0.000000	0.000000	1.000000	0.000000	0.000000	0.000000	0.000000
28	tsk_28	(x)	1	:	0.000000	0.138354	0.000000	0.051470	0.319768	0.490408	0.000000
29	tsk_29	(x)	1	:	0.000000	0.287654	0.666667	0.045680	0.000000	0.000000	0.000000
30	tsk_30	(x)	1	:	1.000000	0.000000	0.000000	0.000000	0.000000	0.000000	0.000000
31	tsk_31	(x)	1	:	0.000000	0.152155	0.000000	0.009241	0.838604	0.000000	0.000000
32	tsk_32	(x)	1	:	1.000000	0.000000	0.000000	0.000000	0.000000	0.000000	0.000000
33	tsk_33	(x)	1	:	1.000000	0.000000	0.000000	0.000000	0.000000	0.000000	0.000000
34	tsk_34	(x)	1	:	1.000000	0.000000	0.000000	0.000000	0.000000	0.000000	0.000000
35	tsk_35	(x)	1	:	0.530395	0.077308	0.000000	0.392297	0.000000	0.000000	0.000000
36	tsk_36	(x)	1	:	0.000000	0.112511	0.000000	0.077320	0.319766	0.490403	0.000000
37	tsk_37	(x)	1	:	0.490316	0.057986	0.000000	0.451698	0.000000	0.000000	0.000000
38	tsk_38	(x)	1	:	0.000000	0.220437	0.160749	0.114239	0.014227	0.490346	0.000000
39	tsk_39	(x)	1	:	1.000000	0.000000	0.000000	0.000000	0.000000	0.000000	0.000000
40	tsk_40	(x)	1	:	0.000000	0.536731	0.000000	0.463269	0.000000	0.000000	0.000000
41	tsk_41	(x)	1	:	0.000000	0.393844	0.500000	0.106156	0.000000	0.000000	0.000000
42	tsk_42	(x)	1	:	0.000000	0.405864	0.500000	0.094136	0.000000	0.000000	0.000000
43	tsk_43	(x)	1	:	0.000000	0.017902	0.497642	0.008588	0.000000	0.475867	0.000000
44	tsk_44	(x)	1	:	0.000000	0.000000	1.000000	0.000000	0.000000	0.000000	0.000000
45	tsk_45	(x)	1	:	0.462995	0.000000	0.000000	0.000000	0.537005	0.000000	0.000000
46	tsk_46	(x)	1	:	0.000000	0.256699	0.000000	0.180000	0.563301	0.000000	0.000000
47	tsk_47	(x)	1	:	0.000000	0.326456	0.500000	0.173544	0.000000	0.000000	0.000000
48	tsk_48	(x)	1	:	0.000000	0.547895	0.000000	0.452105	0.000000	0.000000	0.000000
49	tsk_49	(x)	1	:	0.000000	0.091079	0.125351	0.043241	0.740225	0.000104	0.000000
50	tsk_50	(x)	1	:	0.000000	0.000000	0.000000	0.000000	1.000000	0.000000	0.000000
51	tsk_51	(x)	1	:	0.000000	0.032450	0.000000	0.005257	0.480741	0.481552	0.000000
52	tsk_52	(x)	1	:	0.000000	0.031599	0.000000	0.005800	0.480815	0.481785	0.000000
53	tsk_53	(x)	1	:	0.000000	0.000000	0.000000	0.000000	0.000000	1.000000	0.000000
54	tsk_54	(x)	1	:	0.000000	0.262270	0.000000	0.254078	0.483652	0.000000	0.000000
55	tsk_55	(x)	1	:	0.000000	0.000000	0.000000	0.000000	1.000000	0.000000	0.000000
56	tsk_56	(x)	1	:	0.000000	0.108654	0.141104	0.024293	0.073246	0.652702	0.000000
57	tsk_57	(x)	1	:	0.000000	0.022442	0.000000	0.015475	0.480690	0.481393	0.000000
58	tsk_58	(x)	1	:	0.488312	0.006818	0.000000	0.026968	0.000000	0.477902	0.000000
59	tsk_59	(x)	1	:	0.000000	0.000000	0.000000	0.000000	1.000000	0.000000	0.000000
60	tsk_60	(x)	1	:	0.000000	0.000000	0.496572	0.000000	0.000000	0.000000	0.503428
61	tsk_61	(x)	1	:	0.000000	0.000000	0.496572	0.000000	0.000000	0.000000	0.503428
62	tsk_62	(x)	1	:	0.000000	0.020125	0.000000	0.016777	0.480936	0.482162	0.000000
63	tsk_63	(x)	1	:	0.000000	0.000000	1.000000	0.000000	0.000000	0.000000	0.000000
64	tsk_64	(x)	1	:	0.000000	0.000000	0.000000	0.000000	0.488463	0.000000	0.511537
65	tsk_65	(x)	1	:	0.000000	0.000000	1.000000	0.000000	0.000000	0.000000	0.000000
66	tsk_66	(x)	1	:	0.000000	0.000000	1.000000	0.000000	0.000000	0.000000	0.000000
67	tsk_67	(x)	1	:	0.000000	0.000000	1.000000	0.000000	0.000000	0.000000	0.000000
68	tsk_68	(x)	1	:	0.000000	0.373602	0.500000	0.126398	0.000000	0.000000	0.000000
69	tsk_69	(x)	1	:	0.000000	0.000000	1.000000	0.000000	0.000000	0.000000	0.000000
70	tsk_70	(x)	1	:	0.000000	0.666375	0.000000	0.333625	0.000000	0.000000	0.000000
71	tsk_71	(x)	1	:	0.000000	0.363625	0.000000	0.636375	0.000000	0.000000	0.000000
72	tsk_72	(x)	1	:	0.000000	0.333068	0.000000	0.176420	0.000000	0.490512	0.000000
73	tsk_73	(x)	1	:	0.000000	0.587653	0.000000	0.412347	0.000000	0.000000	0.000000
74	tsk_74	(x)	1	:	0.000000	0.330432	0.000000	0.179056	0.000000	0.490512	0.000000
75	tsk_75	(x)	1	:	0.000000	0.545949	0.000000	0.454051	0.000000	0.000000	0.000000
76	tsk_76	(x)	1	:	0.000000	0.000000	0.000000	0.000000	0.488463	0.000000	0.511537
77	tsk_77	(x)	1	:	0.000000	0.320037	0.000000	0.196311	0.483652	0.000000	0.000000
78	tsk_78	(x)	1	:	0.000000	0.386449	0.500000	0.113551	0.000000	0.000000	0.000000
79	tsk_79	(x)	1	:	0.000000	0.597585	0.000000	0.402415	0.000000	0.000000	0.000000
80	tsk_80	(x)	1	:	0.525819	0.000007	0.000000	0.013859	0.000000	0.460315	0.000000
81	tsk_81	(x)	1	:	0.000000	0.000000	0.471900	0.000000	0.528096	0.000004	0.000000
82	tsk_82	(x)	1	:	0.000000	0.019668	0.000000	0.017601	0.480847	0.481884	0.000000
83	tsk_83	(x)	1	:	0.000000	0.019447	0.497579	0.007509	0.000000	0.475465	0.000000
84	tsk_84	(x)	1	:	0.000000	0.000000	0.000000	0.000000	1.000000	0.000000	0.000000
85	tsk_85	(x)	1	:	0.000000	0.000000	1.000000	0.000000	0.000000	0.000000	0.000000
86	tsk_86	(x)	1	:	0.000000	0.000035	0.000000	0.000017	0.549179	0.450769	0.000000
87	tsk_87	(x)	1	:	0.000000	0.000000	0.506975	0.000000	0.493025	0.000000	0.000000
88	tsk_88	(x)	1	:	0.000000	0.021283	0.497576	0.005692	0.000000	0.475448	0.000000
89	tsk_89	(x)	1	:	0.000000	0.026204	0.000000	0.010902	0.480886	0.482008	0.000000
90	tsk_90	(x)	1	:	0.000000	0.529926	0.000000	0.470074	0.000000	0.000000	0.000000
91	tsk_91	(x)	1	:	0.000000	0.803498	0.000000	0.196502	0.000000	0.000000	0.000000
92	tsk_92	(x)	1	:	0.000000	0.304145	0.000000	0.205343	0.000000	0.490512	0.000000
93	tsk_93	(x)	1	:	0.527769	0.002183	0.000000	0.008869	0.000000	0.461179	0.000000
94	tsk_94	(x)	1	:	0.000000	0.323986	0.486914	0.111625	0.000000	0.000000	0.077475
95	tsk_95	(x)	1	:	0.000000	0.002257	0.479101	0.000968	0.000000	0.441919	0.075755
96	tsk_96	(x)	1	:	0.000000	0.345388	0.000000	0.164100	0.000000	0.490512	0.000000
97	tsk_97	(x)	1	:	0.532231	0.094119	0.000000	0.373650	0.000000	0.000000	0.000000
98	tsk_98	(x)	1	:	0.000000	0.328260	0.486914	0.107350	0.000000	0.000000	0.077475
99	tsk_99	(x)	1	:	0.000000	0.531588	0.000000	0.468412	0.000000	0.000000	0.000000
