logL = -1978.138781 (converged)
AIC = 4312.277562
BIC = 4775.997855

count.K
16 84 

