logL = -536.967102 (converged)
AIC = 1329.934204
BIC = 1663.395988

count.K
37 63 

