logL = -750.595899 (converged)
AIC = 3177.191798
BIC = 5360.324414

count.K
2 23 7 46 1 4 17 

