logL = -1321.150478 (converged)
AIC = 3554.300956
BIC = 4742.258561

count.K
15 12 53 20 

