logL = -813.501090 (converged)
AIC = 1931.002180
BIC = 2326.988048

count.K
32 68 

