logL = -545.756196 (converged)
AIC = 2655.512392
BIC = 4692.755478

count.K
20 5 15 10 2 25 23 

