logL = -2043.926088 (converged)
AIC = 6787.852176
BIC = 10304.831927

count.K
6 1 6 21 18 1 1 38 3 5 

