logL = -561.525108 (converged)
AIC = 2715.050216
BIC = 4788.765684

count.K
41 4 9 6 18 5 17 

