logL = -406.967672 (converged)
AIC = 2335.935343
BIC = 4318.469855

count.K
10 13 4 34 1 13 25 

