logL = -1420.992325 (converged)
AIC = 4101.984650
BIC = 5743.241868

count.K
21 30 5 16 28 

