logL = -553.014697 (converged)
AIC = 3406.029393
BIC = 6401.975107

count.K
6 7 14 1 13 21 3 20 14 1 

