logL = -416.068571 (converged)
AIC = 2756.137141
BIC = 5262.310860

count.K
36 6 0 6 2 1 6 5 38 

