logL = -1067.741044 (converged)
AIC = 3555.482088
BIC = 5405.152920

count.K
2 12 17 18 1 50 

