logL = -949.886131 (converged)
AIC = 2473.772263
BIC = 3221.456106

count.K
27 31 42 

