logL = -639.442003 (converged)
AIC = 2870.884005
BIC = 4944.599473

count.K
31 15 10 4 10 16 14 

