logL = -454.179344 (converged)
AIC = 2788.358688
BIC = 5237.218663

count.K
6 6 15 4 7 46 9 7 

