logL = -516.750799 (converged)
AIC = 1817.501599
BIC = 2838.728312

count.K
31 12 21 36 

