logL = -346.406709 (converged)
AIC = 1206.813417
BIC = 1876.342155

count.K
18 19 63 

