logL = -717.984938 (converged)
AIC = 2505.969876
BIC = 3899.735925

count.K
7 8 9 33 43 

