logL = -1113.298158 (converged)
AIC = 2794.596315
BIC = 3534.464648

count.K
44 35 21 

