logL = -678.199150 (converged)
AIC = 3188.398300
BIC = 5574.734190

count.K
1 2 0 29 8 15 0 45 

