logL = -176.740894 (converged)
AIC = 1707.481788
BIC = 3471.182004

count.K
8 17 3 2 5 6 59 

