logL = -777.119409 (converged)
AIC = 4014.238817
BIC = 7218.598146

count.K
27 0 4 20 15 7 10 6 7 4 

