logL = -366.074005 (converged)
AIC = 1444.148011
BIC = 2371.588597

count.K
46 31 7 16 

