logL = -1487.647512 (converged)
AIC = 3603.295024
BIC = 4421.318463

count.K
58 25 17 

