0	tsk_0	(x)	1	:	0.497442	0.000064	0.502494	0.000000	0.000000	0.000000
1	tsk_1	(x)	1	:	0.000000	0.000000	0.000000	0.454032	0.000000	0.545968
2	tsk_2	(x)	1	:	0.000000	0.000085	0.504574	0.000000	0.000000	0.495341
3	tsk_3	(x)	1	:	0.497443	0.000049	0.502508	0.000000	0.000000	0.000000
4	tsk_4	(x)	1	:	0.497442	0.000067	0.502491	0.000000	0.000000	0.000000
5	tsk_5	(x)	1	:	1.000000	0.000000	0.000000	0.000000	0.000000	0.000000
6	tsk_6	(x)	1	:	0.504036	0.495828	0.000136	0.000000	0.000000	0.000000
7	tsk_7	(x)	1	:	1.000000	0.000000	0.000000	0.000000	0.000000	0.000000
8	tsk_8	(x)	1	:	0.497442	0.000059	0.502498	0.000000	0.000000	0.000000
9	tsk_9	(x)	1	:	0.000000	0.497358	0.000125	0.502517	0.000000	0.000000
10	tsk_10	(x)	1	:	0.000000	0.000000	0.000000	0.454032	0.000000	0.545968
11	tsk_11	(x)	1	:	1.000000	0.000000	0.000000	0.000000	0.000000	0.000000
12	tsk_12	(x)	1	:	0.491751	0.408522	0.000000	0.000000	0.099727	0.000000
13	tsk_13	(x)	1	:	0.497442	0.000066	0.502492	0.000000	0.000000	0.000000
14	tsk_14	(x)	1	:	0.491751	0.408517	0.000000	0.000000	0.099731	0.000000
15	tsk_15	(x)	1	:	0.000000	0.000115	0.504545	0.000000	0.000000	0.495340
16	tsk_16	(x)	1	:	0.000000	0.622327	0.377673	0.000000	0.000000	0.000000
17	tsk_17	(x)	1	:	0.000000	0.000056	0.475489	0.000000	0.000000	0.524454
18	tsk_18	(x)	1	:	0.000000	0.000096	0.504564	0.000000	0.000000	0.495340
19	tsk_19	(x)	1	:	1.000000	0.000000	0.000000	0.000000	0.000000	0.000000
20	tsk_20	(x)	1	:	0.000000	0.622327	0.377673	0.000000	0.000000	0.000000
21	tsk_21	(x)	1	:	1.000000	0.000000	0.000000	0.000000	0.000000	0.000000
22	tsk_22	(x)	1	:	0.537861	0.000000	0.000000	0.462131	0.000000	0.000008
23	tsk_23	(x)	1	:	1.000000	0.000000	0.000000	0.000000	0.000000	0.000000
24	tsk_24	(x)	1	:	0.497441	0.000080	0.502479	0.000000	0.000000	0.000000
25	tsk_25	(x)	1	:	0.000000	0.498078	0.000085	0.000000	0.000000	0.501836
26	tsk_26	(x)	1	:	0.000000	0.000000	1.000000	0.000000	0.000000	0.000000
27	tsk_27	(x)	1	:	0.000000	1.000000	0.000000	0.000000	0.000000	0.000000
28	tsk_28	(x)	1	:	0.000000	0.000092	0.504299	0.495609	0.000000	0.000000
29	tsk_29	(x)	1	:	0.491752	0.408511	0.000000	0.000000	0.099737	0.000000
30	tsk_30	(x)	1	:	0.000000	0.498067	0.000097	0.000000	0.000000	0.501837
31	tsk_31	(x)	1	:	0.000000	0.481183	0.000068	0.518749	0.000000	0.000000
32	tsk_32	(x)	1	:	0.000000	0.438206	0.000016	0.000000	0.561778	0.000000
33	tsk_33	(x)	1	:	0.000000	0.025868	0.511023	0.000000	0.463110	0.000000
34	tsk_34	(x)	1	:	0.000000	0.498063	0.000100	0.000000	0.000000	0.501837
35	tsk_35	(x)	1	:	0.000000	0.000000	0.000000	0.000000	1.000000	0.000000
36	tsk_36	(x)	1	:	0.000000	0.000000	1.000000	0.000000	0.000000	0.000000
37	tsk_37	(x)	1	:	0.000000	0.000000	0.000000	0.000000	1.000000	0.000000
38	tsk_38	(x)	1	:	0.000000	0.000000	0.000000	0.483849	0.516151	0.000000
39	tsk_39	(x)	1	:	0.000000	0.497382	0.000101	0.502517	0.000000	0.000000
40	tsk_40	(x)	1	:	0.567599	0.000000	0.000000	0.432401	0.000000	0.000000
41	tsk_41	(x)	1	:	0.497441	0.000090	0.502470	0.000000	0.000000	0.000000
42	tsk_42	(x)	1	:	0.567599	0.000000	0.000000	0.432401	0.000000	0.000000
43	tsk_43	(x)	1	:	0.503819	0.000000	0.000000	0.496180	0.000000	0.000001
44	tsk_44	(x)	1	:	1.000000	0.000000	0.000000	0.000000	0.000000	0.000000
45	tsk_45	(x)	1	:	1.000000	0.000000	0.000000	0.000000	0.000000	0.000000
46	tsk_46	(x)	1	:	0.497442	0.000059	0.502499	0.000000	0.000000	0.000000
47	tsk_47	(x)	1	:	0.000000	0.000000	0.000000	1.000000	0.000000	0.000000
48	tsk_48	(x)	1	:	0.000000	0.000109	0.504282	0.495608	0.000000	0.000000
49	tsk_49	(x)	1	:	0.497442	0.000059	0.502499	0.000000	0.000000	0.000000
50	tsk_50	(x)	1	:	0.000000	1.000000	0.000000	0.000000	0.000000	0.000000
51	tsk_51	(x)	1	:	0.000000	0.999772	0.000228	0.000000	0.000000	0.000000
52	tsk_52	(x)	1	:	0.000000	0.999663	0.000337	0.000000	0.000000	0.000000
53	tsk_53	(x)	1	:	0.000000	0.000000	0.000000	1.000000	0.000000	0.000000
54	tsk_54	(x)	1	:	0.000000	0.498082	0.000082	0.000000	0.000000	0.501836
55	tsk_55	(x)	1	:	0.504458	0.000000	0.000000	0.000000	0.000000	0.495542
56	tsk_56	(x)	1	:	0.000000	0.000000	0.000000	0.553568	0.000000	0.446432
57	tsk_57	(x)	1	:	0.000000	0.602661	0.397339	0.000000	0.000000	0.000000
58	tsk_58	(x)	1	:	0.000000	0.479138	0.000150	0.520711	0.000000	0.000001
59	tsk_59	(x)	1	:	0.000000	0.000000	0.000000	1.000000	0.000000	0.000000
60	tsk_60	(x)	1	:	0.000000	0.000000	1.000000	0.000000	0.000000	0.000000
61	tsk_61	(x)	1	:	0.000000	0.000108	0.504553	0.000000	0.000000	0.495340
62	tsk_62	(x)	1	:	0.000000	0.000080	0.504310	0.495610	0.000000	0.000000
63	tsk_63	(x)	1	:	0.000000	0.000000	1.000000	0.000000	0.000000	0.000000
64	tsk_64	(x)	1	:	0.000000	0.000000	1.000000	0.000000	0.000000	0.000000
65	tsk_65	(x)	1	:	0.000000	0.000000	1.000000	0.000000	0.000000	0.000000
66	tsk_66	(x)	1	:	0.000000	0.000000	1.000000	0.000000	0.000000	0.000000
67	tsk_67	(x)	1	:	0.000000	0.722343	0.277657	0.000000	0.000000	0.000000
68	tsk_68	(x)	1	:	0.000000	0.000000	1.000000	0.000000	0.000000	0.000000
69	tsk_69	(x)	1	:	0.000000	0.000000	1.000000	0.000000	0.000000	0.000000
70	tsk_70	(x)	1	:	0.000000	0.497391	0.000092	0.502517	0.000000	0.000000
71	tsk_71	(x)	1	:	0.000000	0.000000	0.000000	1.000000	0.000000	0.000000
72	tsk_72	(x)	1	:	0.497441	0.000074	0.502484	0.000000	0.000000	0.000000
73	tsk_73	(x)	1	:	0.498660	0.033998	0.000000	0.000000	0.467341	0.000000
74	tsk_74	(x)	1	:	0.000000	0.497412	0.000072	0.502517	0.000000	0.000000
75	tsk_75	(x)	1	:	0.000000	0.036095	0.000000	0.496794	0.467111	0.000000
76	tsk_76	(x)	1	:	0.503819	0.000000	0.000000	0.496178	0.000000	0.000003
77	tsk_77	(x)	1	:	0.503819	0.000000	0.000000	0.496178	0.000000	0.000003
78	tsk_78	(x)	1	:	0.000000	0.000000	0.000000	0.000000	1.000000	0.000000
79	tsk_79	(x)	1	:	0.000000	0.593433	0.000004	0.000000	0.406562	0.000000
80	tsk_80	(x)	1	:	0.000000	0.000082	0.489083	0.000000	0.000000	0.510835
81	tsk_81	(x)	1	:	0.000000	0.726380	0.000000	0.000000	0.273620	0.000000
82	tsk_82	(x)	1	:	0.000000	0.000097	0.486959	0.512943	0.000000	0.000001
83	tsk_83	(x)	1	:	0.472424	0.000000	0.000000	0.000000	0.000000	0.527576
84	tsk_84	(x)	1	:	0.000000	0.726367	0.000000	0.000000	0.273633	0.000000
85	tsk_85	(x)	1	:	0.471913	0.528087	0.000000	0.000000	0.000000	0.000000
86	tsk_86	(x)	1	:	0.000000	0.000000	0.000000	1.000000	0.000000	0.000000
87	tsk_87	(x)	1	:	0.000000	0.387264	0.000000	0.508026	0.104710	0.000000
88	tsk_88	(x)	1	:	0.000000	0.726368	0.000000	0.000000	0.273632	0.000000
89	tsk_89	(x)	1	:	0.491745	0.408623	0.000000	0.000000	0.099632	0.000000
90	tsk_90	(x)	1	:	0.503819	0.000000	0.000000	0.496176	0.000000	0.000005
91	tsk_91	(x)	1	:	0.497442	0.000062	0.502496	0.000000	0.000000	0.000000
92	tsk_92	(x)	1	:	0.503819	0.000000	0.000000	0.496178	0.000000	0.000003
93	tsk_93	(x)	1	:	0.504036	0.495858	0.000107	0.000000	0.000000	0.000000
94	tsk_94	(x)	1	:	0.497442	0.000064	0.502494	0.000000	0.000000	0.000000
95	tsk_95	(x)	1	:	0.000000	0.398843	0.601157	0.000000	0.000000	0.000000
96	tsk_96	(x)	1	:	0.000000	0.000000	1.000000	0.000000	0.000000	0.000000
97	tsk_97	(x)	1	:	0.000000	0.000082	0.504308	0.495610	0.000000	0.000000
98	tsk_98	(x)	1	:	0.497441	0.000076	0.502482	0.000000	0.000000	0.000000
99	tsk_99	(x)	1	:	0.497442	0.000065	0.502493	0.000000	0.000000	0.000000
