logL = -827.984516 (converged)
AIC = 2421.969031
BIC = 3419.749213

count.K
6 79 15 

