logL = -968.666755 (converged)
AIC = 3117.333510
BIC = 4654.383920

count.K
17 7 28 21 27 

