0	tsk_0	(x)	1	:	0.000000	0.000000	0.548484	0.000000	0.000000	0.451516	0.000000	0.000000
1	tsk_1	(x)	1	:	1.000000	0.000000	0.000000	0.000000	0.000000	0.000000	0.000000	0.000000
2	tsk_2	(x)	1	:	0.000000	0.000000	0.548484	0.000000	0.000000	0.451516	0.000000	0.000000
3	tsk_3	(x)	1	:	0.000000	0.474627	0.525373	0.000000	0.000000	0.000000	0.000000	0.000000
4	tsk_4	(x)	1	:	1.000000	0.000000	0.000000	0.000000	0.000000	0.000000	0.000000	0.000000
5	tsk_5	(x)	1	:	0.000000	0.489351	0.000000	0.000000	0.000000	0.000000	0.000060	0.510589
6	tsk_6	(x)	1	:	0.000000	0.000000	0.548484	0.000000	0.000000	0.451516	0.000000	0.000000
7	tsk_7	(x)	1	:	0.000000	0.490363	0.000000	0.000000	0.254076	0.000000	0.255561	0.000000
8	tsk_8	(x)	1	:	0.501428	0.000000	0.000000	0.000000	0.000000	0.496120	0.002451	0.000000
9	tsk_9	(x)	1	:	0.000000	0.474627	0.525373	0.000000	0.000000	0.000000	0.000000	0.000000
10	tsk_10	(x)	1	:	0.499696	0.000000	0.431110	0.000000	0.000000	0.000000	0.069194	0.000000
11	tsk_11	(x)	1	:	0.410101	0.141945	0.000000	0.000000	0.000000	0.000000	0.000000	0.447954
12	tsk_12	(x)	1	:	0.412775	0.143242	0.000000	0.000000	0.000000	0.443983	0.000000	0.000000
13	tsk_13	(x)	1	:	0.501457	0.000000	0.000000	0.000000	0.000000	0.496316	0.002227	0.000000
14	tsk_14	(x)	1	:	0.000000	0.000000	0.000000	0.000000	0.000000	0.485156	0.000191	0.514653
15	tsk_15	(x)	1	:	0.498042	0.000000	0.000000	0.000000	0.000000	0.000000	0.000029	0.501929
16	tsk_16	(x)	1	:	0.501420	0.000000	0.000000	0.000000	0.000000	0.496061	0.002519	0.000000
17	tsk_17	(x)	1	:	0.414483	0.144077	0.000000	0.440999	0.000000	0.000000	0.000442	0.000000
18	tsk_18	(x)	1	:	0.501468	0.000000	0.000000	0.000000	0.000000	0.496393	0.002139	0.000000
19	tsk_19	(x)	1	:	0.000000	0.000000	0.548484	0.000000	0.000000	0.451515	0.000000	0.000000
20	tsk_20	(x)	1	:	0.000000	0.000000	0.000000	0.462608	0.000000	0.000000	0.026234	0.511157
21	tsk_21	(x)	1	:	0.000000	0.000000	0.000000	0.493550	0.000000	0.506450	0.000000	0.000000
22	tsk_22	(x)	1	:	0.000000	0.000000	0.000000	0.398537	0.601463	0.000000	0.000000	0.000000
23	tsk_23	(x)	1	:	0.472775	0.000000	0.000000	0.527225	0.000000	0.000000	0.000000	0.000000
24	tsk_24	(x)	1	:	0.000000	0.000000	0.000000	0.586630	0.000000	0.000000	0.000000	0.413370
25	tsk_25	(x)	1	:	0.000000	0.000000	0.000000	0.000000	1.000000	0.000000	0.000000	0.000000
26	tsk_26	(x)	1	:	0.000000	0.000000	0.000000	0.584614	0.000000	0.000000	0.000000	0.415386
27	tsk_27	(x)	1	:	0.000000	0.000000	0.000000	0.584614	0.000000	0.000000	0.000000	0.415386
28	tsk_28	(x)	1	:	0.000000	0.000000	0.000000	0.462615	0.000000	0.000000	0.026221	0.511164
29	tsk_29	(x)	1	:	0.000000	0.000000	0.000000	0.000000	0.638287	0.000000	0.361712	0.000000
30	tsk_30	(x)	1	:	0.000000	0.000000	1.000000	0.000000	0.000000	0.000000	0.000000	0.000000
31	tsk_31	(x)	1	:	0.000000	0.000000	0.431709	0.000000	0.254059	0.000000	0.314232	0.000000
32	tsk_32	(x)	1	:	0.499696	0.000000	0.000000	0.464887	0.000000	0.000000	0.035417	0.000000
33	tsk_33	(x)	1	:	0.499693	0.000000	0.000000	0.464869	0.000000	0.000000	0.035437	0.000000
34	tsk_34	(x)	1	:	0.000000	0.000000	0.431191	0.465035	0.000000	0.000000	0.103774	0.000000
35	tsk_35	(x)	1	:	0.000000	0.000000	0.431191	0.465035	0.000000	0.000000	0.103773	0.000000
36	tsk_36	(x)	1	:	0.499695	0.000000	0.431106	0.000000	0.000000	0.000000	0.069199	0.000000
37	tsk_37	(x)	1	:	0.000000	0.000000	0.000000	0.465557	0.000000	0.000000	0.534443	0.000000
38	tsk_38	(x)	1	:	0.000000	0.000000	0.540074	0.454889	0.000000	0.000000	0.005037	0.000000
39	tsk_39	(x)	1	:	0.499698	0.000000	0.431118	0.000000	0.000000	0.000000	0.069185	0.000000
40	tsk_40	(x)	1	:	0.000000	0.000000	0.000000	0.387320	0.000000	0.612680	0.000000	0.000000
41	tsk_41	(x)	1	:	1.000000	0.000000	0.000000	0.000000	0.000000	0.000000	0.000000	0.000000
42	tsk_42	(x)	1	:	1.000000	0.000000	0.000000	0.000000	0.000000	0.000000	0.000000	0.000000
43	tsk_43	(x)	1	:	0.470496	0.000000	0.000000	0.000000	0.000000	0.529504	0.000000	0.000000
44	tsk_44	(x)	1	:	0.000000	0.000000	0.000000	0.000000	0.000000	0.000000	0.485877	0.514123
45	tsk_45	(x)	1	:	0.499763	0.000000	0.000000	0.000000	0.000000	0.000000	0.500236	0.000000
46	tsk_46	(x)	1	:	0.000000	0.000000	0.000000	0.000000	0.635227	0.000000	0.364773	0.000000
47	tsk_47	(x)	1	:	0.000000	0.000000	0.544870	0.451890	0.000000	0.000000	0.003240	0.000000
48	tsk_48	(x)	1	:	0.000000	0.000000	0.550397	0.000000	0.000000	0.000000	0.449603	0.000000
49	tsk_49	(x)	1	:	0.486539	0.000000	0.513461	0.000000	0.000000	0.000000	0.000000	0.000000
50	tsk_50	(x)	1	:	0.000000	0.000000	0.000000	0.000000	0.000000	0.000000	0.000000	1.000000
51	tsk_51	(x)	1	:	0.000000	0.000000	0.000000	0.000000	0.000000	0.000000	0.000000	1.000000
52	tsk_52	(x)	1	:	0.000000	0.000000	0.000000	0.000000	0.000000	0.000000	0.000000	1.000000
53	tsk_53	(x)	1	:	0.000000	0.000000	0.000000	0.000000	0.253292	0.000000	0.233637	0.513070
54	tsk_54	(x)	1	:	0.000000	0.000000	0.000000	0.462584	0.000000	0.000000	0.026283	0.511133
55	tsk_55	(x)	1	:	0.000000	0.511799	0.488198	0.000000	0.000000	0.000000	0.000003	0.000000
56	tsk_56	(x)	1	:	0.000000	0.000000	0.000000	1.000000	0.000000	0.000000	0.000000	0.000000
57	tsk_57	(x)	1	:	0.000000	0.000000	0.435261	0.000000	0.000000	0.000000	0.042138	0.522601
58	tsk_58	(x)	1	:	0.554696	0.000000	0.000000	0.000000	0.000000	0.000000	0.000000	0.445304
59	tsk_59	(x)	1	:	0.000000	0.000000	0.000000	0.000000	0.000000	0.485014	0.000477	0.514510
60	tsk_60	(x)	1	:	0.000000	0.000000	0.000000	0.000000	0.481400	0.000000	0.518600	0.000000
61	tsk_61	(x)	1	:	0.000000	0.000000	0.540131	0.000000	0.000000	0.000000	0.000000	0.459869
62	tsk_62	(x)	1	:	0.000000	0.000000	0.000000	0.464685	0.000000	0.483777	0.051538	0.000000
63	tsk_63	(x)	1	:	0.499696	0.000000	0.000000	0.464889	0.000000	0.000000	0.035416	0.000000
64	tsk_64	(x)	1	:	0.498043	0.000000	0.000000	0.000000	0.000000	0.000000	0.000018	0.501939
65	tsk_65	(x)	1	:	0.499694	0.000000	0.431099	0.000000	0.000000	0.000000	0.069206	0.000000
66	tsk_66	(x)	1	:	0.000000	0.000000	0.000000	0.000000	0.000000	0.485094	0.000315	0.514590
67	tsk_67	(x)	1	:	0.000000	0.000000	0.000000	0.465977	0.481165	0.000000	0.052859	0.000000
68	tsk_68	(x)	1	:	0.000000	0.000000	0.000000	0.000000	0.000000	0.485046	0.000412	0.514542
69	tsk_69	(x)	1	:	0.501492	0.000000	0.000000	0.000000	0.000000	0.496553	0.001955	0.000000
70	tsk_70	(x)	1	:	0.000000	0.000000	0.000000	0.000000	0.000000	1.000000	0.000000	0.000000
71	tsk_71	(x)	1	:	0.000000	0.000000	0.000000	0.000000	0.254030	0.000000	0.745969	0.000000
72	tsk_72	(x)	1	:	0.000000	0.000000	0.000000	0.000000	0.000000	0.484647	0.515353	0.000000
73	tsk_73	(x)	1	:	0.501420	0.000000	0.000000	0.000000	0.000000	0.496064	0.002517	0.000000
74	tsk_74	(x)	1	:	0.000000	0.000000	0.000000	0.000000	0.253251	0.483762	0.262988	0.000000
75	tsk_75	(x)	1	:	0.000000	0.000000	0.431709	0.000000	0.254058	0.000000	0.314232	0.000000
76	tsk_76	(x)	1	:	0.000000	0.000000	0.431709	0.000000	0.254059	0.000000	0.314232	0.000000
77	tsk_77	(x)	1	:	0.000000	0.000000	0.000000	0.000000	0.000000	0.485170	0.000163	0.514667
78	tsk_78	(x)	1	:	0.000000	0.000000	0.000000	0.000000	0.000000	0.484647	0.515353	0.000000
79	tsk_79	(x)	1	:	0.000000	0.000000	0.313155	0.000000	0.000000	0.259017	0.427829	0.000000
80	tsk_80	(x)	1	:	0.000000	0.000000	0.000000	1.000000	0.000000	0.000000	0.000000	0.000000
81	tsk_81	(x)	1	:	0.000000	0.000000	0.431432	0.000000	0.000000	0.000000	0.568568	0.000000
82	tsk_82	(x)	1	:	0.000000	0.000000	0.000000	0.000000	0.000000	0.000000	0.000000	1.000000
83	tsk_83	(x)	1	:	0.000000	0.000000	0.000000	0.000000	0.000000	0.000000	0.000000	1.000000
84	tsk_84	(x)	1	:	0.000000	0.000000	0.000000	0.000000	0.000000	0.000000	0.485877	0.514123
85	tsk_85	(x)	1	:	0.498043	0.000000	0.000000	0.000000	0.000000	0.000000	0.000018	0.501939
86	tsk_86	(x)	1	:	0.000000	0.000000	0.528329	0.000000	0.000000	0.000000	0.000000	0.471670
87	tsk_87	(x)	1	:	0.000000	0.000000	0.000000	0.462568	0.000000	0.000000	0.026315	0.511117
88	tsk_88	(x)	1	:	0.000000	0.000000	0.000000	0.462606	0.000000	0.000000	0.026240	0.511155
89	tsk_89	(x)	1	:	0.000000	0.000000	0.000000	0.462577	0.000000	0.000000	0.026297	0.511126
90	tsk_90	(x)	1	:	0.000000	0.000000	0.000000	0.000000	0.000000	0.485114	0.000275	0.514611
91	tsk_91	(x)	1	:	0.000000	0.489344	0.000000	0.000000	0.000000	0.000000	0.000105	0.510551
92	tsk_92	(x)	1	:	0.000000	0.458887	0.000000	0.000000	0.541113	0.000000	0.000000	0.000000
93	tsk_93	(x)	1	:	0.000000	0.469429	0.000000	0.000000	0.530571	0.000000	0.000000	0.000000
94	tsk_94	(x)	1	:	0.000000	0.000000	0.000000	0.000000	0.000000	0.485166	0.000170	0.514663
95	tsk_95	(x)	1	:	0.000000	0.489348	0.000000	0.000000	0.000000	0.000000	0.000080	0.510572
96	tsk_96	(x)	1	:	0.483570	0.000000	0.516430	0.000000	0.000000	0.000000	0.000000	0.000000
97	tsk_97	(x)	1	:	0.000000	0.000000	0.540131	0.000000	0.000000	0.000000	0.000000	0.459869
98	tsk_98	(x)	1	:	0.000000	0.000000	0.000000	0.000000	0.556782	0.000000	0.000000	0.443218
99	tsk_99	(x)	1	:	0.000000	0.000000	0.000000	0.000000	0.556782	0.000000	0.000000	0.443218
