logL = -909.241982 (converged)
AIC = 3466.483963
BIC = 5613.144197

count.K
6 12 10 12 51 7 2 

