logL = -822.306945 (converged)
AIC = 3732.613890
BIC = 6452.411564

count.K
37 23 1 6 14 6 12 1 

