logL = -702.029309 (converged)
AIC = 3784.058619
BIC = 6884.211140

count.K
1 9 12 1 18 0 21 24 6 8 

