logL = -536.766200 (converged)
AIC = 2905.532401
BIC = 5291.868291

count.K
11 8 8 5 13 33 12 10 

