logL = -864.425013 (converged)
AIC = 2284.850025
BIC = 3009.087337

count.K
51 20 29 

