logL = -434.797489 (converged)
AIC = 1613.594978
BIC = 2582.718287

count.K
12 33 13 42 

