logL = -657.761844 (converged)
AIC = 2275.523688
BIC = 3526.005377

count.K
14 11 21 36 18 

