logL = -932.111047 (converged)
AIC = 2152.222094
BIC = 2527.366601

count.K
64 36 

