logL = -764.901192 (converged)
AIC = 2079.802385
BIC = 2796.224186

count.K
6 59 35 

