logL = -612.808693 (converged)
AIC = 2929.617387
BIC = 5149.222385

count.K
7 7 4 9 25 23 25 

