logL = -598.929095 (converged)
AIC = 2803.858190
BIC = 4895.809849

count.K
4 27 4 17 21 10 17 

