logL = -1780.980153 (converged)
AIC = 3893.960306
BIC = 4326.418557

count.K
57 43 

