logL = -543.220562 (converged)
AIC = 2106.441124
BIC = 3435.077919

count.K
43 15 19 14 9 

