logL = -570.522088 (converged)
AIC = 2171.044176
BIC = 3512.706822

count.K
35 49 2 2 12 

