logL = -786.950808 (converged)
AIC = 1893.901616
BIC = 2310.728846

count.K
24 76 

