logL = -1348.785222 (converged)
AIC = 3295.570445
BIC = 4074.516330

count.K
53 39 8 

