0	tsk_0	(x)	1	:	0.000000	0.000000	0.000000	0.000000	0.000000	0.000000	1.000000	0.000000	0.000000	0.000000
1	tsk_1	(x)	1	:	0.000000	0.000000	0.000000	0.000000	0.000000	0.000000	0.000000	0.000000	1.000000	0.000000
2	tsk_2	(x)	1	:	0.000000	0.000000	0.000000	0.000000	0.000000	0.021950	0.498512	0.017032	0.462506	0.000000
3	tsk_3	(x)	1	:	0.000000	0.000000	0.000000	0.000000	0.000000	0.017104	0.498407	0.022084	0.462404	0.000000
4	tsk_4	(x)	1	:	0.000000	0.000000	0.000000	0.000000	0.000000	0.028424	0.498548	0.010487	0.462542	0.000000
5	tsk_5	(x)	1	:	0.000000	0.000000	0.000000	0.000000	0.000000	0.540739	0.000000	0.459261	0.000000	0.000000
6	tsk_6	(x)	1	:	0.000000	0.000000	0.090745	0.000000	0.000000	0.000000	0.000000	0.000000	0.909255	0.000000
7	tsk_7	(x)	1	:	0.000000	0.000000	0.000000	0.000000	0.000000	0.000000	0.000000	0.000000	1.000000	0.000000
8	tsk_8	(x)	1	:	0.000169	0.459588	0.000000	0.000000	0.000000	0.205205	0.040366	0.294672	0.000000	0.000000
9	tsk_9	(x)	1	:	0.532539	0.000000	0.000000	0.000000	0.000000	0.000000	0.467461	0.000000	0.000000	0.000000
10	tsk_10	(x)	1	:	0.000000	0.000000	0.477500	0.000000	0.522500	0.000000	0.000000	0.000000	0.000000	0.000000
11	tsk_11	(x)	1	:	0.000000	1.000000	0.000000	0.000000	0.000000	0.000000	0.000000	0.000000	0.000000	0.000000
12	tsk_12	(x)	1	:	0.000000	0.414223	0.000000	0.000000	0.585777	0.000000	0.000000	0.000000	0.000000	0.000000
13	tsk_13	(x)	1	:	0.000000	0.000000	0.000000	0.504915	0.495085	0.000000	0.000000	0.000000	0.000000	0.000000
14	tsk_14	(x)	1	:	0.000000	0.000000	0.000000	0.504915	0.495085	0.000000	0.000000	0.000000	0.000000	0.000000
15	tsk_15	(x)	1	:	0.000000	0.000000	0.000000	0.000000	0.515944	0.005893	0.000034	0.014992	0.463137	0.000000
16	tsk_16	(x)	1	:	0.000000	0.000000	0.000000	0.000000	0.000000	0.297925	0.000000	0.238087	0.463988	0.000000
17	tsk_17	(x)	1	:	0.000000	0.000000	0.000000	0.000000	0.000000	0.246074	0.000000	0.289938	0.463988	0.000000
18	tsk_18	(x)	1	:	0.000000	0.414223	0.000000	0.000000	0.585777	0.000000	0.000000	0.000000	0.000000	0.000000
19	tsk_19	(x)	1	:	0.000000	0.000000	0.000000	0.504915	0.495085	0.000000	0.000000	0.000000	0.000000	0.000000
20	tsk_20	(x)	1	:	0.000000	0.000000	0.000000	0.000000	0.000000	0.016301	0.498483	0.022737	0.462479	0.000000
21	tsk_21	(x)	1	:	0.000000	1.000000	0.000000	0.000000	0.000000	0.000000	0.000000	0.000000	0.000000	0.000000
22	tsk_22	(x)	1	:	0.000000	1.000000	0.000000	0.000000	0.000000	0.000000	0.000000	0.000000	0.000000	0.000000
23	tsk_23	(x)	1	:	0.000132	0.459863	0.000000	0.000000	0.000000	0.015126	0.038326	0.023611	0.462943	0.000000
24	tsk_24	(x)	1	:	0.000000	1.000000	0.000000	0.000000	0.000000	0.000000	0.000000	0.000000	0.000000	0.000000
25	tsk_25	(x)	1	:	0.000000	0.000000	0.000000	0.000000	0.000000	0.000000	1.000000	0.000000	0.000000	0.000000
26	tsk_26	(x)	1	:	0.000140	0.459901	0.000000	0.000000	0.000000	0.013175	0.038013	0.025954	0.462817	0.000000
27	tsk_27	(x)	1	:	0.000153	0.459602	0.000000	0.000000	0.000000	0.262446	0.040361	0.237439	0.000000	0.000000
28	tsk_28	(x)	1	:	0.000000	0.000000	0.000000	0.000000	0.000000	0.270276	0.500000	0.229724	0.000000	0.000000
29	tsk_29	(x)	1	:	0.000000	1.000000	0.000000	0.000000	0.000000	0.000000	0.000000	0.000000	0.000000	0.000000
30	tsk_30	(x)	1	:	0.000000	0.000000	0.000000	0.000000	0.000000	0.424050	0.000000	0.575950	0.000000	0.000000
31	tsk_31	(x)	1	:	0.000000	0.000000	0.000000	0.000000	0.000000	0.212106	0.000000	0.323906	0.463988	0.000000
32	tsk_32	(x)	1	:	0.399557	0.000000	0.000000	0.000000	0.000000	0.000000	0.118599	0.000000	0.481845	0.000000
33	tsk_33	(x)	1	:	0.399250	0.000000	0.000000	0.000000	0.000000	0.012820	0.105180	0.015115	0.467634	0.000000
34	tsk_34	(x)	1	:	0.399523	0.000000	0.000000	0.000000	0.000000	0.262482	0.100691	0.237305	0.000000	0.000000
35	tsk_35	(x)	1	:	0.399617	0.000000	0.000000	0.000000	0.000000	0.147729	0.100359	0.352295	0.000000	0.000000
36	tsk_36	(x)	1	:	0.000000	0.000000	0.000000	0.000000	0.000000	0.540646	0.000000	0.459354	0.000000	0.000000
37	tsk_37	(x)	1	:	0.000000	0.000000	0.000000	0.000000	0.000000	0.662407	0.000000	0.337593	0.000000	0.000000
38	tsk_38	(x)	1	:	0.000000	0.000000	0.000000	0.000000	0.000000	0.457338	0.000000	0.542662	0.000000	0.000000
39	tsk_39	(x)	1	:	0.000000	0.000000	0.000000	0.000000	0.000000	0.701163	0.000000	0.298837	0.000000	0.000000
40	tsk_40	(x)	1	:	0.000000	0.542055	0.000000	0.457944	0.000000	0.000000	0.000000	0.000000	0.000000	0.000000
41	tsk_41	(x)	1	:	0.000000	1.000000	0.000000	0.000000	0.000000	0.000000	0.000000	0.000000	0.000000	0.000000
42	tsk_42	(x)	1	:	0.000000	0.000000	0.000000	0.475357	0.000000	0.025180	0.023338	0.012762	0.463363	0.000000
43	tsk_43	(x)	1	:	0.000000	0.542055	0.000000	0.457944	0.000000	0.000000	0.000000	0.000000	0.000000	0.000000
44	tsk_44	(x)	1	:	0.000000	0.000000	0.000000	0.518807	0.000000	0.013558	0.000115	0.004188	0.463333	0.000000
45	tsk_45	(x)	1	:	0.000000	0.000000	0.000000	0.475219	0.000000	0.333094	0.025098	0.166588	0.000000	0.000000
46	tsk_46	(x)	1	:	0.000000	0.000000	0.000000	0.000000	0.000000	0.280619	0.000000	0.255393	0.463988	0.000000
47	tsk_47	(x)	1	:	0.000000	0.000000	0.000000	0.475256	0.000000	0.008168	0.024814	0.027744	0.464019	0.000000
48	tsk_48	(x)	1	:	0.000000	0.539834	0.000000	0.000000	0.000000	0.001113	0.000002	0.002905	0.456146	0.000000
49	tsk_49	(x)	1	:	0.000000	0.000000	0.000000	0.475281	0.000000	0.016376	0.024417	0.020101	0.463825	0.000000
50	tsk_50	(x)	1	:	0.000000	0.574899	0.000000	0.000000	0.425100	0.000000	0.000000	0.000000	0.000000	0.000000
51	tsk_51	(x)	1	:	0.000000	0.000000	0.000000	0.000000	0.000000	0.169433	0.000000	0.366579	0.463988	0.000000
52	tsk_52	(x)	1	:	0.000000	0.000000	0.000000	0.000000	0.000000	0.105937	0.000000	0.894063	0.000000	0.000000
53	tsk_53	(x)	1	:	0.000000	0.000000	0.000000	0.000000	0.000000	0.301373	0.000000	0.379867	0.318760	0.000000
54	tsk_54	(x)	1	:	0.000000	0.000000	0.000000	0.475262	0.000000	0.364479	0.024737	0.135522	0.000000	0.000000
55	tsk_55	(x)	1	:	0.512075	0.000000	0.000000	0.000000	0.000000	0.153539	0.000707	0.333678	0.000000	0.000000
56	tsk_56	(x)	1	:	0.000000	0.000000	0.000000	0.000000	0.000000	0.171487	0.000000	0.177367	0.651146	0.000000
57	tsk_57	(x)	1	:	0.000000	0.000000	0.000000	0.000000	0.000000	0.402834	0.000000	0.597166	0.000000	0.000000
58	tsk_58	(x)	1	:	0.000000	0.000000	0.000000	0.000000	0.000000	0.370082	0.000000	0.311158	0.318760	0.000000
59	tsk_59	(x)	1	:	0.000000	0.000000	0.000000	0.000000	0.000000	0.746077	0.000000	0.253922	0.000000	0.000000
60	tsk_60	(x)	1	:	0.000000	0.000000	0.000000	0.000000	0.000000	0.502277	0.000000	0.497723	0.000000	0.000000
61	tsk_61	(x)	1	:	0.000000	0.000000	0.000000	0.000000	0.000000	0.320650	0.000000	0.679350	0.000000	0.000000
62	tsk_62	(x)	1	:	0.000000	0.000000	0.000000	0.000000	0.000000	0.414778	0.000000	0.585222	0.000000	0.000000
63	tsk_63	(x)	1	:	0.000000	0.541584	0.000000	0.000000	0.000000	0.095590	0.000011	0.362815	0.000000	0.000000
64	tsk_64	(x)	1	:	0.000000	0.000000	0.000000	0.000000	0.000000	0.540194	0.000000	0.459806	0.000000	0.000000
65	tsk_65	(x)	1	:	0.000000	0.000000	0.000000	0.000000	0.000000	0.595331	0.000000	0.404669	0.000000	0.000000
66	tsk_66	(x)	1	:	0.000000	0.000000	0.000000	0.000000	0.000000	0.673522	0.000000	0.326478	0.000000	0.000000
67	tsk_67	(x)	1	:	0.000000	0.000000	0.000000	0.000000	0.000000	0.540617	0.000000	0.459383	0.000000	0.000000
68	tsk_68	(x)	1	:	0.000000	0.000000	0.000000	0.000000	0.000000	0.469015	0.000000	0.530985	0.000000	0.000000
69	tsk_69	(x)	1	:	0.000000	0.541586	0.000000	0.000000	0.000000	0.195385	0.000002	0.263028	0.000000	0.000000
70	tsk_70	(x)	1	:	0.000000	0.000000	0.000000	0.000000	0.000000	0.270417	0.500000	0.229583	0.000000	0.000000
71	tsk_71	(x)	1	:	0.000000	0.000000	0.000000	0.000000	0.000000	0.495710	0.000000	0.504290	0.000000	0.000000
72	tsk_72	(x)	1	:	0.000000	0.000000	0.000000	0.000000	0.000000	0.021589	0.498244	0.017924	0.462243	0.000000
73	tsk_73	(x)	1	:	0.000000	0.000000	0.000000	0.000000	0.000000	0.000000	0.000000	0.000000	0.000000	1.000000
74	tsk_74	(x)	1	:	0.000000	0.000000	0.000000	0.000000	0.000000	0.172280	0.000000	0.036122	0.000000	0.791598
75	tsk_75	(x)	1	:	0.000000	0.000000	0.000000	0.000000	0.000000	0.143955	0.000000	0.392057	0.463988	0.000000
76	tsk_76	(x)	1	:	0.000000	0.000000	0.000000	0.000000	0.000000	0.077266	0.000000	0.131134	0.000000	0.791600
77	tsk_77	(x)	1	:	0.000000	0.000000	0.000000	0.000000	0.000000	0.000000	0.000000	0.000000	1.000000	0.000000
78	tsk_78	(x)	1	:	0.000000	0.000000	0.000000	0.000000	0.000000	0.189334	0.000000	0.346678	0.463988	0.000000
79	tsk_79	(x)	1	:	0.000000	0.000000	0.000000	0.000000	0.000000	0.019949	0.498865	0.018332	0.462854	0.000000
80	tsk_80	(x)	1	:	0.449591	0.550409	0.000000	0.000000	0.000000	0.000000	0.000000	0.000000	0.000000	0.000000
81	tsk_81	(x)	1	:	0.490150	0.000000	0.000000	0.509849	0.000000	0.000000	0.000000	0.000000	0.000000	0.000000
82	tsk_82	(x)	1	:	0.000000	0.541584	0.000000	0.000000	0.000000	0.143030	0.000007	0.315379	0.000000	0.000000
83	tsk_83	(x)	1	:	0.522943	0.000000	0.000000	0.000000	0.000000	0.110559	0.000349	0.366143	0.000000	0.000006
84	tsk_84	(x)	1	:	0.000000	0.000000	0.000000	1.000000	0.000000	0.000000	0.000000	0.000000	0.000000	0.000000
85	tsk_85	(x)	1	:	0.533740	0.000000	0.000000	0.466259	0.000000	0.000000	0.000001	0.000000	0.000000	0.000000
86	tsk_86	(x)	1	:	0.522207	0.000000	0.000000	0.000000	0.000000	0.271265	0.003945	0.202583	0.000000	0.000000
87	tsk_87	(x)	1	:	0.490150	0.000000	0.000000	0.509849	0.000000	0.000000	0.000000	0.000000	0.000000	0.000000
88	tsk_88	(x)	1	:	0.522211	0.000000	0.000000	0.000000	0.000000	0.274674	0.003933	0.199182	0.000000	0.000000
89	tsk_89	(x)	1	:	0.000000	0.541583	0.000000	0.000000	0.000000	0.103209	0.000013	0.355195	0.000000	0.000000
90	tsk_90	(x)	1	:	0.000080	0.458679	0.469362	0.000000	0.000000	0.000000	0.071878	0.000000	0.000000	0.000000
91	tsk_91	(x)	1	:	0.000000	0.000000	0.474862	0.000000	0.000000	0.020278	0.012622	0.029713	0.462525	0.000000
92	tsk_92	(x)	1	:	0.000000	0.541585	0.000000	0.000000	0.000000	0.132120	0.000004	0.326291	0.000000	0.000000
93	tsk_93	(x)	1	:	0.000139	0.460012	0.000000	0.000000	0.000000	0.013692	0.037232	0.026444	0.462480	0.000000
94	tsk_94	(x)	1	:	0.000000	0.000000	0.000000	0.000000	0.000000	0.037875	0.000000	0.170519	0.000000	0.791606
95	tsk_95	(x)	1	:	0.000000	0.553444	0.000000	0.000000	0.000000	0.000000	0.446556	0.000000	0.000000	0.000000
96	tsk_96	(x)	1	:	0.000046	0.052382	0.000000	0.000000	0.414109	0.015682	0.032525	0.021539	0.463717	0.000000
97	tsk_97	(x)	1	:	0.000000	0.541582	0.000000	0.000000	0.000000	0.220319	0.000016	0.238082	0.000000	0.000000
98	tsk_98	(x)	1	:	0.000000	0.000000	0.000000	0.000000	0.000000	0.012455	0.498346	0.026855	0.462344	0.000000
99	tsk_99	(x)	1	:	0.000000	0.542055	0.000000	0.457944	0.000000	0.000000	0.000000	0.000000	0.000000	0.000000
