logL = -1015.243040 (converged)
AIC = 4530.486081
BIC = 7786.948813

count.K
1 26 25 3 2 4 5 2 11 21 

