logL = -1033.083293 (converged)
AIC = 2394.166586
BIC = 2821.414497

count.K
71 29 

