logL = -959.058555 (converged)
AIC = 2202.117111
BIC = 2572.051277

count.K
38 62 

