0	tsk_0	(x)	1	:	0.505339	0.000000	0.000000	0.000000	0.494661	0.000000
1	tsk_1	(x)	1	:	0.537967	0.000000	0.000000	0.283651	0.000000	0.178383
2	tsk_2	(x)	1	:	0.000000	0.000000	0.497549	0.226840	0.000000	0.275611
3	tsk_3	(x)	1	:	0.000000	0.000000	0.000000	0.462000	0.000000	0.538000
4	tsk_4	(x)	1	:	0.489086	0.000000	0.000000	0.353291	0.000000	0.157623
5	tsk_5	(x)	1	:	1.000000	0.000000	0.000000	0.000000	0.000000	0.000000
6	tsk_6	(x)	1	:	0.489085	0.000000	0.000001	0.364529	0.000000	0.146385
7	tsk_7	(x)	1	:	0.538059	0.000000	0.000000	0.280002	0.000000	0.181939
8	tsk_8	(x)	1	:	1.000000	0.000000	0.000000	0.000000	0.000000	0.000000
9	tsk_9	(x)	1	:	0.000000	0.000000	0.000000	0.164858	0.000000	0.835142
10	tsk_10	(x)	1	:	0.000000	0.000002	0.999714	0.000120	0.000000	0.000165
11	tsk_11	(x)	1	:	0.000000	0.000000	0.000000	0.344896	0.000000	0.655104
12	tsk_12	(x)	1	:	0.000000	0.000001	0.910285	0.038036	0.000000	0.051678
13	tsk_13	(x)	1	:	0.000000	0.437156	0.000000	0.038760	0.478723	0.045361
14	tsk_14	(x)	1	:	0.000000	0.000000	0.000000	0.476087	0.000000	0.523913
15	tsk_15	(x)	1	:	0.489086	0.000000	0.000000	0.430639	0.000000	0.080276
16	tsk_16	(x)	1	:	0.489086	0.000000	0.000000	0.402550	0.000000	0.108364
17	tsk_17	(x)	1	:	0.000000	0.000000	0.497834	0.215344	0.000000	0.286822
18	tsk_18	(x)	1	:	1.000000	0.000000	0.000000	0.000000	0.000000	0.000000
19	tsk_19	(x)	1	:	0.000000	0.451625	0.454391	0.045887	0.000000	0.048098
20	tsk_20	(x)	1	:	0.000000	0.000000	0.000000	0.254582	0.479772	0.265645
21	tsk_21	(x)	1	:	0.000000	0.000000	0.000000	0.310626	0.479772	0.209602
22	tsk_22	(x)	1	:	0.000000	0.000000	0.000000	0.519373	0.000000	0.480627
23	tsk_23	(x)	1	:	0.000000	0.000000	0.000000	0.168098	0.479772	0.352129
24	tsk_24	(x)	1	:	0.000000	0.000000	0.000000	0.613127	0.000000	0.386873
25	tsk_25	(x)	1	:	0.000000	0.000000	0.000000	0.425854	0.000000	0.574146
26	tsk_26	(x)	1	:	0.000000	0.000000	0.000000	0.280531	0.479772	0.239696
27	tsk_27	(x)	1	:	0.000000	0.000000	0.000000	0.135764	0.479772	0.384464
28	tsk_28	(x)	1	:	0.000000	0.000000	0.000000	0.385351	0.000000	0.614649
29	tsk_29	(x)	1	:	0.000000	0.000000	0.000000	0.204934	0.479772	0.315294
30	tsk_30	(x)	1	:	0.489086	0.000000	0.000000	0.366396	0.000000	0.144518
31	tsk_31	(x)	1	:	0.000000	0.000000	0.000000	0.346303	0.000000	0.653697
32	tsk_32	(x)	1	:	0.000000	0.000000	0.000000	0.347176	0.000000	0.652824
33	tsk_33	(x)	1	:	0.000000	0.000000	0.000000	0.191584	0.479772	0.328643
34	tsk_34	(x)	1	:	0.000000	0.000000	0.000000	0.217969	0.479772	0.302259
35	tsk_35	(x)	1	:	0.000000	0.000000	0.000000	0.285627	0.000000	0.714373
36	tsk_36	(x)	1	:	0.000000	0.000000	0.000000	0.293439	0.000000	0.706561
37	tsk_37	(x)	1	:	0.000000	0.000000	0.000000	0.000000	1.000000	0.000000
38	tsk_38	(x)	1	:	0.000000	0.000000	0.000000	0.226785	0.000000	0.773215
39	tsk_39	(x)	1	:	0.000000	0.000000	0.000000	0.384799	0.000000	0.615201
40	tsk_40	(x)	1	:	0.000000	0.440043	0.000000	0.268345	0.000000	0.291613
41	tsk_41	(x)	1	:	0.000000	0.000000	0.000000	0.361714	0.479772	0.158514
42	tsk_42	(x)	1	:	0.000000	0.000000	0.000000	0.333673	0.000000	0.666327
43	tsk_43	(x)	1	:	0.000000	0.000000	0.000000	0.487934	0.000000	0.512066
44	tsk_44	(x)	1	:	0.000000	0.000000	0.000000	0.295673	0.000000	0.704327
45	tsk_45	(x)	1	:	0.000000	0.440844	0.000000	0.044219	0.479576	0.035360
46	tsk_46	(x)	1	:	0.000000	0.000000	0.000000	0.430872	0.000000	0.569128
47	tsk_47	(x)	1	:	0.000000	0.436836	0.000000	0.066353	0.478672	0.018139
48	tsk_48	(x)	1	:	0.000000	0.999991	0.000000	0.000004	0.000000	0.000004
49	tsk_49	(x)	1	:	0.000000	0.000000	0.000000	0.315790	0.000000	0.684210
50	tsk_50	(x)	1	:	0.000000	0.000000	0.497550	0.030980	0.000000	0.471470
51	tsk_51	(x)	1	:	0.000000	0.000000	0.497543	0.219539	0.000000	0.282918
52	tsk_52	(x)	1	:	0.000000	0.000000	0.000000	0.000000	1.000000	0.000000
53	tsk_53	(x)	1	:	0.000000	0.000000	0.000000	0.226974	0.545502	0.227525
54	tsk_54	(x)	1	:	0.000000	0.000003	0.459309	0.000117	0.540349	0.000222
55	tsk_55	(x)	1	:	0.000000	0.000000	0.000000	0.077521	0.545502	0.376977
56	tsk_56	(x)	1	:	0.000000	0.000000	0.000000	0.000000	1.000000	0.000000
57	tsk_57	(x)	1	:	0.000000	0.000003	0.998922	0.000142	0.000000	0.000934
58	tsk_58	(x)	1	:	0.000000	0.000000	0.497479	0.375743	0.000000	0.126778
59	tsk_59	(x)	1	:	0.000000	0.000000	0.497545	0.133435	0.000000	0.369020
60	tsk_60	(x)	1	:	0.000000	0.000000	0.000000	0.799954	0.000000	0.200045
61	tsk_61	(x)	1	:	0.000000	0.000000	0.000000	0.390695	0.479772	0.129533
62	tsk_62	(x)	1	:	0.000000	0.316370	0.000002	0.246516	0.000000	0.437113
63	tsk_63	(x)	1	:	0.000000	0.000000	0.000000	0.218207	0.479772	0.302021
64	tsk_64	(x)	1	:	0.000000	0.000000	0.000000	0.304130	0.000000	0.695870
65	tsk_65	(x)	1	:	0.000000	0.000000	0.000000	0.365426	0.000000	0.634574
66	tsk_66	(x)	1	:	0.000000	0.000000	0.000000	0.490663	0.000000	0.509337
67	tsk_67	(x)	1	:	0.000000	0.316405	0.000004	0.296533	0.000000	0.387058
68	tsk_68	(x)	1	:	0.000000	0.000000	0.431431	0.218991	0.000000	0.349578
69	tsk_69	(x)	1	:	0.000000	0.000000	0.000000	0.349176	0.000000	0.650824
70	tsk_70	(x)	1	:	0.489086	0.000000	0.000000	0.409338	0.000000	0.101576
71	tsk_71	(x)	1	:	0.489086	0.000000	0.000000	0.435885	0.000000	0.075030
72	tsk_72	(x)	1	:	0.489086	0.000000	0.000000	0.436256	0.000000	0.074658
73	tsk_73	(x)	1	:	1.000000	0.000000	0.000000	0.000000	0.000000	0.000000
74	tsk_74	(x)	1	:	0.489086	0.000000	0.000000	0.279608	0.000000	0.231307
75	tsk_75	(x)	1	:	1.000000	0.000000	0.000000	0.000000	0.000000	0.000000
76	tsk_76	(x)	1	:	0.489596	0.000000	0.500879	0.007855	0.000000	0.001670
77	tsk_77	(x)	1	:	0.000000	0.457110	0.528648	0.000000	0.000000	0.014241
78	tsk_78	(x)	1	:	0.489086	0.000000	0.000000	0.339576	0.000000	0.171338
79	tsk_79	(x)	1	:	0.489086	0.000000	0.000000	0.397085	0.000000	0.113829
80	tsk_80	(x)	1	:	0.000000	0.000000	0.000000	0.320216	0.479772	0.200012
81	tsk_81	(x)	1	:	0.000000	0.000000	0.497787	0.153722	0.000000	0.348491
82	tsk_82	(x)	1	:	0.000000	0.000002	0.441782	0.027467	0.480470	0.050279
83	tsk_83	(x)	1	:	0.000000	0.000000	0.497806	0.180011	0.000000	0.322183
84	tsk_84	(x)	1	:	0.000000	0.000002	0.441780	0.026318	0.480470	0.051429
85	tsk_85	(x)	1	:	0.000000	0.000000	0.438068	0.174069	0.000000	0.387863
86	tsk_86	(x)	1	:	0.000000	0.000000	0.438061	0.241817	0.000000	0.320122
87	tsk_87	(x)	1	:	0.000000	0.000004	0.927074	0.025616	0.000000	0.047306
88	tsk_88	(x)	1	:	0.000000	0.000000	0.000000	0.035647	0.479772	0.484581
89	tsk_89	(x)	1	:	0.537967	0.000000	0.000000	0.264158	0.000000	0.197875
90	tsk_90	(x)	1	:	0.000000	0.000000	0.000000	0.346529	0.000000	0.653471
91	tsk_91	(x)	1	:	0.000000	0.000000	0.000000	0.360352	0.000000	0.639648
92	tsk_92	(x)	1	:	0.000000	0.000000	0.000000	0.306957	0.479772	0.213270
93	tsk_93	(x)	1	:	0.000000	0.000000	0.497842	0.251158	0.000000	0.251000
94	tsk_94	(x)	1	:	0.000000	0.000000	0.000000	0.287692	0.000000	0.712308
95	tsk_95	(x)	1	:	0.489086	0.000000	0.000000	0.343626	0.000000	0.167288
96	tsk_96	(x)	1	:	0.000000	0.000000	0.000000	0.221043	0.479772	0.299184
97	tsk_97	(x)	1	:	0.000000	0.000000	0.000000	0.519494	0.000000	0.480506
98	tsk_98	(x)	1	:	0.537967	0.000000	0.000000	0.261344	0.000000	0.200689
99	tsk_99	(x)	1	:	0.489086	0.000000	0.000000	0.308267	0.000000	0.202647
