logL = -617.381687 (converged)
AIC = 2284.763374
BIC = 3652.477721

count.K
48 16 8 7 21 

