logL = -760.116651 (converged)
AIC = 2660.233303
BIC = 4145.180309

count.K
12 56 14 9 9 

