logL = -1552.748659 (converged)
AIC = 3781.497317
BIC = 4662.044840

count.K
18 60 22 

