logL = -804.837034 (converged)
AIC = 4209.674068
BIC = 7596.395309

count.K
0 13 18 0 16 1 1 25 12 14 

