logL = -584.084354 (converged)
AIC = 2420.168707
BIC = 4051.005243

count.K
12 16 21 2 24 25 

