logL = -588.160998 (converged)
AIC = 3152.321995
BIC = 5726.230139

count.K
8 19 4 24 6 27 7 5 

