logL = -749.579997 (converged)
AIC = 2895.159994
BIC = 4713.568784

count.K
13 14 27 11 24 11 

