logL = -933.614568 (converged)
AIC = 2739.229136
BIC = 3875.083337

count.K
24 18 18 40 

