logL = -875.092990 (converged)
AIC = 2590.185981
BIC = 3684.357459

count.K
9 12 25 54 

