logL = -263.021506 (converged)
AIC = 2606.043011
BIC = 5315.420005

count.K
0 5 1 5 16 12 25 1 20 15 

