logL = -793.014808 (converged)
AIC = 2656.029615
BIC = 4049.795665

count.K
2 30 26 31 11 

