logL = -759.571647 (converged)
AIC = 2093.143294
BIC = 2840.827137

count.K
28 54 18 

