0	tsk_0	(x)	1	:	0.000000	0.000001	0.101687	0.485641	0.000000	0.000000	0.000000	0.412671	0.000000
1	tsk_1	(x)	1	:	0.000000	0.000000	0.356861	0.568893	0.000000	0.000000	0.000000	0.074246	0.000000
2	tsk_2	(x)	1	:	0.000000	0.000000	0.748632	0.000000	0.000000	0.000000	0.000000	0.251368	0.000000
3	tsk_3	(x)	1	:	0.000000	0.000000	0.535959	0.000000	0.000000	0.000000	0.464041	0.000000	0.000000
4	tsk_4	(x)	1	:	0.000000	0.000000	0.000000	0.000000	0.000000	0.000000	1.000000	0.000000	0.000000
5	tsk_5	(x)	1	:	0.000000	0.000000	0.000000	0.537793	0.000000	0.000000	0.462207	0.000000	0.000000
6	tsk_6	(x)	1	:	0.000000	0.000000	0.000000	1.000000	0.000000	0.000000	0.000000	0.000000	0.000000
7	tsk_7	(x)	1	:	0.505755	0.000001	0.327010	0.000250	0.000000	0.000000	0.000000	0.166984	0.000000
8	tsk_8	(x)	1	:	0.000000	0.000000	0.585695	0.414305	0.000000	0.000000	0.000000	0.000000	0.000000
9	tsk_9	(x)	1	:	0.000000	0.000000	0.681307	0.000000	0.000000	0.000000	0.000000	0.318693	0.000000
10	tsk_10	(x)	1	:	0.000000	0.000000	0.348580	0.000000	0.000000	0.000000	0.490953	0.160467	0.000000
11	tsk_11	(x)	1	:	0.000000	0.000000	0.000000	0.000000	0.000000	0.000000	1.000000	0.000000	0.000000
12	tsk_12	(x)	1	:	0.000000	0.505907	0.310217	0.000000	0.000000	0.000000	0.000000	0.183876	0.000000
13	tsk_13	(x)	1	:	0.506873	0.000001	0.000000	0.000126	0.493000	0.000000	0.000000	0.000000	0.000000
14	tsk_14	(x)	1	:	0.000000	0.481986	0.000000	0.000004	0.000000	0.000000	0.518010	0.000000	0.000000
15	tsk_15	(x)	1	:	0.000000	0.481985	0.000000	0.000004	0.000000	0.000000	0.518010	0.000000	0.000000
16	tsk_16	(x)	1	:	0.000000	1.000000	0.000000	0.000000	0.000000	0.000000	0.000000	0.000000	0.000000
17	tsk_17	(x)	1	:	0.000000	0.511536	0.000000	0.000162	0.000000	0.000000	0.488302	0.000000	0.000000
18	tsk_18	(x)	1	:	0.000000	0.000000	0.443710	0.000000	0.000000	0.000000	0.000000	0.556290	0.000000
19	tsk_19	(x)	1	:	0.000000	0.511605	0.000000	0.000085	0.000000	0.000000	0.488309	0.000000	0.000000
20	tsk_20	(x)	1	:	0.091498	0.000000	0.000000	0.434973	0.000000	0.473528	0.000000	0.000000	0.000000
21	tsk_21	(x)	1	:	0.091313	0.000000	0.000000	0.435064	0.000000	0.473623	0.000000	0.000000	0.000000
22	tsk_22	(x)	1	:	0.091551	0.000000	0.000000	0.434948	0.000000	0.473501	0.000000	0.000000	0.000000
23	tsk_23	(x)	1	:	0.091259	0.000000	0.000000	0.435090	0.000000	0.473651	0.000000	0.000000	0.000000
24	tsk_24	(x)	1	:	0.091366	0.000000	0.000000	0.435038	0.000000	0.473596	0.000000	0.000000	0.000000
25	tsk_25	(x)	1	:	0.000000	0.000000	0.000000	0.000000	0.000000	1.000000	0.000000	0.000000	0.000000
26	tsk_26	(x)	1	:	0.009566	0.000000	0.000000	0.000152	0.492456	0.000000	0.000000	0.000000	0.497826
27	tsk_27	(x)	1	:	0.032539	0.000000	0.276690	0.000073	0.000000	0.473584	0.000000	0.217113	0.000000
28	tsk_28	(x)	1	:	0.000000	0.000000	0.000000	1.000000	0.000000	0.000000	0.000000	0.000000	0.000000
29	tsk_29	(x)	1	:	0.091361	0.000000	0.000000	0.435040	0.000000	0.473599	0.000000	0.000000	0.000000
30	tsk_30	(x)	1	:	0.000404	0.000000	0.000000	0.000000	0.542854	0.000000	0.000000	0.000000	0.456742
31	tsk_31	(x)	1	:	0.499996	0.000000	0.000000	0.000000	0.000000	0.000000	0.000000	0.000000	0.500004
32	tsk_32	(x)	1	:	0.000000	0.000000	0.000000	0.000000	0.000000	0.000000	0.000000	0.000000	1.000000
33	tsk_33	(x)	1	:	0.000000	0.000000	0.000000	0.000000	1.000000	0.000000	0.000000	0.000000	0.000000
34	tsk_34	(x)	1	:	0.505434	0.000002	0.168245	0.000307	0.000000	0.000000	0.000000	0.326012	0.000001
35	tsk_35	(x)	1	:	0.000481	0.000000	0.000000	0.000000	0.542841	0.000000	0.000000	0.000000	0.456678
36	tsk_36	(x)	1	:	0.000000	0.000000	0.000000	0.000000	1.000000	0.000000	0.000000	0.000000	0.000000
37	tsk_37	(x)	1	:	0.506636	0.000002	0.000000	0.000432	0.492928	0.000000	0.000000	0.000000	0.000002
38	tsk_38	(x)	1	:	0.000000	0.000000	0.000000	0.000000	1.000000	0.000000	0.000000	0.000000	0.000000
39	tsk_39	(x)	1	:	0.000000	0.000000	0.000000	0.000000	1.000000	0.000000	0.000000	0.000000	0.000000
40	tsk_40	(x)	1	:	0.505912	0.000001	0.390382	0.000231	0.000000	0.000000	0.000000	0.103475	0.000000
41	tsk_41	(x)	1	:	0.000000	0.000000	0.313944	0.000000	0.000000	0.000000	0.490922	0.195134	0.000000
42	tsk_42	(x)	1	:	0.000000	0.506081	0.389401	0.000000	0.000000	0.000000	0.000000	0.104518	0.000000
43	tsk_43	(x)	1	:	0.000000	0.000000	0.788456	0.000000	0.000000	0.000000	0.000000	0.211543	0.000000
44	tsk_44	(x)	1	:	1.000000	0.000000	0.000000	0.000000	0.000000	0.000000	0.000000	0.000000	0.000000
45	tsk_45	(x)	1	:	0.500000	0.499998	0.000000	0.000001	0.000000	0.000000	0.000000	0.000000	0.000001
46	tsk_46	(x)	1	:	0.000000	0.000000	0.000000	0.000000	0.393715	0.000000	0.000000	0.606285	0.000000
47	tsk_47	(x)	1	:	0.000000	0.000000	0.000000	0.000000	0.000000	0.000000	1.000000	0.000000	0.000000
48	tsk_48	(x)	1	:	0.505888	0.000001	0.392517	0.000268	0.000000	0.000000	0.000000	0.101326	0.000000
49	tsk_49	(x)	1	:	1.000000	0.000000	0.000000	0.000000	0.000000	0.000000	0.000000	0.000000	0.000000
50	tsk_50	(x)	1	:	0.000000	0.000003	0.379847	0.486227	0.000000	0.000000	0.000000	0.133923	0.000000
51	tsk_51	(x)	1	:	0.505723	0.000002	0.287145	0.000187	0.000000	0.000000	0.000000	0.206944	0.000000
52	tsk_52	(x)	1	:	0.506832	0.000001	0.000000	0.000179	0.492988	0.000000	0.000000	0.000000	0.000000
53	tsk_53	(x)	1	:	1.000000	0.000000	0.000000	0.000000	0.000000	0.000000	0.000000	0.000000	0.000000
54	tsk_54	(x)	1	:	0.505758	0.000001	0.340014	0.000283	0.000000	0.000000	0.000000	0.153944	0.000000
55	tsk_55	(x)	1	:	0.505590	0.000001	0.224989	0.000216	0.000000	0.000000	0.000000	0.269203	0.000000
56	tsk_56	(x)	1	:	0.506811	0.000001	0.000000	0.000207	0.492981	0.000000	0.000000	0.000000	0.000000
57	tsk_57	(x)	1	:	1.000000	0.000000	0.000000	0.000000	0.000000	0.000000	0.000000	0.000000	0.000000
58	tsk_58	(x)	1	:	0.505822	0.000001	0.390968	0.000350	0.000000	0.000000	0.000000	0.102858	0.000000
59	tsk_59	(x)	1	:	0.505638	0.000001	0.218406	0.000139	0.000000	0.000000	0.000000	0.275815	0.000000
60	tsk_60	(x)	1	:	0.000000	0.000000	0.000000	0.000000	1.000000	0.000000	0.000000	0.000000	0.000000
61	tsk_61	(x)	1	:	0.000000	0.000012	0.000000	0.999988	0.000000	0.000000	0.000000	0.000000	0.000000
62	tsk_62	(x)	1	:	0.034651	0.000000	0.000000	0.000042	0.492501	0.472806	0.000000	0.000000	0.000000
63	tsk_63	(x)	1	:	0.000000	0.000001	0.000000	0.487484	0.512515	0.000000	0.000000	0.000000	0.000000
64	tsk_64	(x)	1	:	0.000000	0.000000	0.000000	0.487485	0.512515	0.000000	0.000000	0.000000	0.000000
65	tsk_65	(x)	1	:	0.000000	0.000000	0.000000	0.000000	0.479807	0.000000	0.520193	0.000000	0.000000
66	tsk_66	(x)	1	:	0.000000	0.000000	0.000000	0.000000	1.000000	0.000000	0.000000	0.000000	0.000000
67	tsk_67	(x)	1	:	0.000000	0.000000	0.311372	0.000000	0.000000	0.000000	0.544416	0.144212	0.000000
68	tsk_68	(x)	1	:	0.000000	0.000000	0.000000	0.487485	0.512515	0.000000	0.000000	0.000000	0.000000
69	tsk_69	(x)	1	:	0.000000	0.000000	0.000000	0.473045	0.000000	0.000000	0.526955	0.000000	0.000000
70	tsk_70	(x)	1	:	0.015954	0.000000	0.000000	0.000037	0.491248	0.000000	0.000000	0.000000	0.492761
71	tsk_71	(x)	1	:	0.000000	0.000000	0.000000	0.569807	0.430193	0.000000	0.000000	0.000000	0.000000
72	tsk_72	(x)	1	:	0.015914	0.000000	0.000000	0.000052	0.491250	0.000000	0.000000	0.000000	0.492784
73	tsk_73	(x)	1	:	0.499997	0.000000	0.000000	0.000000	0.000000	0.000000	0.000000	0.000000	0.500003
74	tsk_74	(x)	1	:	0.000000	0.000000	0.000000	0.000000	1.000000	0.000000	0.000000	0.000000	0.000000
75	tsk_75	(x)	1	:	0.000000	0.000002	0.243959	0.485885	0.000000	0.000000	0.000000	0.270153	0.000000
76	tsk_76	(x)	1	:	0.015658	0.000000	0.000000	0.000062	0.491296	0.000000	0.000000	0.000000	0.492984
77	tsk_77	(x)	1	:	0.000000	0.506964	0.000000	0.000000	0.493036	0.000000	0.000000	0.000000	0.000000
78	tsk_78	(x)	1	:	0.505681	0.000001	0.305494	0.000289	0.000000	0.000000	0.000000	0.188534	0.000000
79	tsk_79	(x)	1	:	0.000000	0.000000	0.000000	0.000000	0.508601	0.000000	0.491399	0.000000	0.000000
80	tsk_80	(x)	1	:	0.014170	0.000000	0.307087	0.000054	0.000000	0.000000	0.000000	0.185355	0.493334
81	tsk_81	(x)	1	:	0.000000	0.000000	0.000000	0.000000	0.000000	0.000000	0.000000	0.000000	1.000000
82	tsk_82	(x)	1	:	0.000000	0.000000	0.000000	0.000000	0.479070	0.000000	0.520930	0.000000	0.000000
83	tsk_83	(x)	1	:	0.000000	0.000000	0.000000	0.000000	0.000000	0.000000	0.000000	0.000000	1.000000
84	tsk_84	(x)	1	:	0.506875	0.000001	0.000000	0.000124	0.493001	0.000000	0.000000	0.000000	0.000000
85	tsk_85	(x)	1	:	0.000000	0.000000	0.000000	0.000000	0.000000	0.000000	0.000000	0.000000	1.000000
86	tsk_86	(x)	1	:	0.481973	0.000000	0.000000	0.000024	0.000000	0.000000	0.518002	0.000000	0.000000
87	tsk_87	(x)	1	:	0.015248	0.000000	0.000000	0.000037	0.491386	0.000000	0.000000	0.000000	0.493329
88	tsk_88	(x)	1	:	0.000000	0.000000	0.000000	0.000000	0.000000	0.000000	0.000000	0.000000	1.000000
89	tsk_89	(x)	1	:	0.015895	0.000000	0.000000	0.000046	0.491256	0.000000	0.000000	0.000000	0.492803
90	tsk_90	(x)	1	:	0.000000	0.000000	0.261621	0.000000	0.000000	0.231855	0.000000	0.182855	0.323669
91	tsk_91	(x)	1	:	0.000000	0.000000	0.000000	0.000000	0.000000	0.000000	0.000000	0.000000	1.000000
92	tsk_92	(x)	1	:	0.000000	0.000000	0.000000	0.000000	0.000000	0.000000	0.000000	0.000000	1.000000
93	tsk_93	(x)	1	:	0.000000	0.000000	0.000000	0.000000	0.000000	0.000000	0.000000	0.000000	1.000000
94	tsk_94	(x)	1	:	0.499996	0.000000	0.000000	0.000000	0.000000	0.000000	0.000000	0.000000	0.500004
95	tsk_95	(x)	1	:	0.000000	0.000000	0.000000	0.000000	0.000000	0.000000	0.000000	0.000000	1.000000
96	tsk_96	(x)	1	:	0.000432	0.000000	0.000000	0.000000	0.542849	0.000000	0.000000	0.000000	0.456719
97	tsk_97	(x)	1	:	0.000000	0.000000	0.000000	0.000000	0.000000	0.000000	0.000000	0.000000	1.000000
98	tsk_98	(x)	1	:	0.000000	0.000000	0.000000	0.000000	0.000000	0.000000	0.000000	0.000000	1.000000
99	tsk_99	(x)	1	:	0.000000	0.000000	0.000000	0.000000	0.000000	0.000000	0.000000	0.000000	1.000000
