logL = -396.581708 (converged)
AIC = 2953.163416
BIC = 5766.747217

count.K
5 8 13 22 23 3 4 3 16 3 

