logL = -897.485938 (converged)
AIC = 2398.971876
BIC = 3185.733272

count.K
44 50 6 

