logL = -280.602447 (converged)
AIC = 2801.204895
BIC = 5718.995503

count.K
10 30 2 7 19 3 17 2 7 3 

