logL = -621.594138 (converged)
AIC = 2293.188277
BIC = 3660.902624

count.K
25 14 23 14 24 

