logL = -934.457544 (converged)
AIC = 3732.915088
BIC = 6160.933701

count.K
30 17 25 6 1 0 1 20 

