logL = -2099.100272 (converged)
AIC = 4650.200544
BIC = 5238.969006

count.K
74 26 

