logL = -716.001992 (converged)
AIC = 2200.003983
BIC = 3200.389335

count.K
35 26 9 30 

