logL = -778.264222 (converged)
AIC = 2082.528444
BIC = 2767.688203

count.K
38 36 26 

