logL = -851.319071 (converged)
AIC = 1994.638143
BIC = 2374.992990

count.K
15 85 

