logL = -759.213527 (converged)
AIC = 3180.427055
BIC = 5345.323480

count.K
5 15 3 13 25 27 12 

