logL = -1135.193197 (converged)
AIC = 2586.386394
BIC = 2998.003283

count.K
67 33 

