logL = -673.587960 (converged)
AIC = 2767.175920
BIC = 4616.846752

count.K
23 10 15 9 17 26 

