logL = -378.996616 (converged)
AIC = 2461.993233
BIC = 4681.598231

count.K
17 41 0 11 1 0 11 19 

