logL = -600.306840 (converged)
AIC = 1696.613681
BIC = 2342.695887

count.K
24 50 26 

