logL = -586.760807 (converged)
AIC = 3533.521615
BIC = 6607.622434

count.K
10 15 7 2 35 1 5 10 0 15 

