logL = -306.114202 (converged)
AIC = 1622.228404
BIC = 2937.839348

count.K
10 53 11 14 12 

