logL = -287.446310 (converged)
AIC = 1970.892620
BIC = 3789.301410

count.K
3 13 21 21 8 16 18 

