logL = -336.060605 (converged)
AIC = 2614.121211
BIC = 5143.741461

count.K
15 15 0 13 2 11 6 2 36 

