0	tsk_0	(x)	1	:	0.231151	0.000000	0.488501	0.263023	0.000000	0.017324	0.000000	0.000000
1	tsk_1	(x)	1	:	0.000000	0.000000	0.000000	0.000000	1.000000	0.000000	0.000000	0.000000
2	tsk_2	(x)	1	:	0.000000	0.000000	0.000000	0.000000	0.491720	0.508280	0.000000	0.000000
3	tsk_3	(x)	1	:	0.000000	0.564071	0.435913	0.000000	0.000000	0.000000	0.000000	0.000015
4	tsk_4	(x)	1	:	0.000000	0.516348	0.000000	0.000000	0.483651	0.000000	0.000000	0.000001
5	tsk_5	(x)	1	:	0.000000	0.515492	0.000000	0.000000	0.000000	0.000000	0.484507	0.000001
6	tsk_6	(x)	1	:	0.000000	0.000000	0.000000	0.000000	0.000000	1.000000	0.000000	0.000000
7	tsk_7	(x)	1	:	0.000000	0.000000	1.000000	0.000000	0.000000	0.000000	0.000000	0.000000
8	tsk_8	(x)	1	:	0.000000	0.000000	0.492438	0.000000	0.000000	0.000000	0.507561	0.000001
9	tsk_9	(x)	1	:	0.000000	0.000000	0.000000	0.493383	0.491134	0.015483	0.000000	0.000000
10	tsk_10	(x)	1	:	0.381352	0.000000	0.528917	0.088453	0.000000	0.001278	0.000000	0.000000
11	tsk_11	(x)	1	:	0.329602	0.000000	0.528911	0.140160	0.000000	0.001327	0.000000	0.000000
12	tsk_12	(x)	1	:	0.000000	0.000000	1.000000	0.000000	0.000000	0.000000	0.000000	0.000000
13	tsk_13	(x)	1	:	0.000000	0.000000	1.000000	0.000000	0.000000	0.000000	0.000000	0.000000
14	tsk_14	(x)	1	:	0.342897	0.000000	0.000000	0.146755	0.000000	0.011399	0.498949	0.000000
15	tsk_15	(x)	1	:	0.426091	0.000000	0.000000	0.073909	0.000000	0.500000	0.000000	0.000000
16	tsk_16	(x)	1	:	0.000000	0.000000	0.000000	0.000014	0.000000	0.499536	0.500450	0.000000
17	tsk_17	(x)	1	:	0.000000	0.000000	1.000000	0.000000	0.000000	0.000000	0.000000	0.000000
18	tsk_18	(x)	1	:	0.898299	0.000000	0.000000	0.101701	0.000000	0.000000	0.000000	0.000000
19	tsk_19	(x)	1	:	0.000000	0.297242	0.481731	0.000000	0.000000	0.000000	0.000000	0.221027
20	tsk_20	(x)	1	:	0.740155	0.000000	0.000000	0.259845	0.000000	0.000000	0.000000	0.000000
21	tsk_21	(x)	1	:	0.000000	0.000000	0.000000	0.000000	0.000000	0.000000	1.000000	0.000000
22	tsk_22	(x)	1	:	0.221310	0.410405	0.000000	0.270562	0.000000	0.013886	0.000000	0.083837
23	tsk_23	(x)	1	:	0.742182	0.000000	0.000000	0.257818	0.000000	0.000000	0.000000	0.000000
24	tsk_24	(x)	1	:	0.000000	0.293147	0.000000	0.000000	0.000000	0.000000	0.483782	0.223071
25	tsk_25	(x)	1	:	0.125502	0.294195	0.000000	0.364922	0.000000	0.014900	0.000000	0.200481
26	tsk_26	(x)	1	:	0.000000	0.000000	0.511571	0.000000	0.000000	0.000000	0.488419	0.000010
27	tsk_27	(x)	1	:	0.211462	0.294218	0.000000	0.279315	0.000000	0.014493	0.000000	0.200511
28	tsk_28	(x)	1	:	0.000000	0.293154	0.000000	0.000000	0.000000	0.000000	0.502771	0.204075
29	tsk_29	(x)	1	:	0.914362	0.000000	0.000000	0.085638	0.000000	0.000000	0.000000	0.000000
30	tsk_30	(x)	1	:	0.000000	0.521664	0.000000	0.000000	0.000000	0.478336	0.000000	0.000000
31	tsk_31	(x)	1	:	0.000000	0.521663	0.000000	0.000000	0.000000	0.478336	0.000000	0.000000
32	tsk_32	(x)	1	:	0.000000	0.409633	0.000000	0.000000	0.000000	0.000000	0.503273	0.087094
33	tsk_33	(x)	1	:	0.000000	0.410310	0.000000	0.000000	0.000000	0.504421	0.000000	0.085269
34	tsk_34	(x)	1	:	0.000000	0.410083	0.000000	0.000000	0.000000	0.000000	0.000000	0.589917
35	tsk_35	(x)	1	:	0.000000	0.627265	0.000000	0.000000	0.000000	0.000000	0.000000	0.372735
36	tsk_36	(x)	1	:	0.324528	0.410491	0.000000	0.166831	0.000000	0.014497	0.000000	0.083653
37	tsk_37	(x)	1	:	0.000000	0.000000	0.000000	0.000000	0.000000	0.000000	1.000000	0.000000
38	tsk_38	(x)	1	:	0.000000	0.000037	0.000000	0.000000	0.000000	0.504785	0.000000	0.495178
39	tsk_39	(x)	1	:	0.392701	0.000000	0.000000	0.107300	0.000000	0.500000	0.000000	0.000000
40	tsk_40	(x)	1	:	0.000000	0.000000	0.492439	0.000000	0.000000	0.000000	0.507561	0.000000
41	tsk_41	(x)	1	:	0.000000	0.000000	0.000000	0.000000	0.000000	0.000001	0.999999	0.000000
42	tsk_42	(x)	1	:	0.000000	0.000120	0.000013	0.000000	0.000000	0.000000	0.452824	0.547043
43	tsk_43	(x)	1	:	0.000000	0.412840	0.000002	0.000000	0.000000	0.000000	0.452804	0.134354
44	tsk_44	(x)	1	:	0.000000	0.000000	0.543105	0.000000	0.000000	0.000000	0.456879	0.000016
45	tsk_45	(x)	1	:	0.000000	0.000000	0.482720	0.000000	0.000000	0.000000	0.000000	0.517280
46	tsk_46	(x)	1	:	0.000000	0.000001	0.000000	0.000000	0.000000	0.000000	0.475001	0.524998
47	tsk_47	(x)	1	:	0.000000	0.200229	0.000000	0.000000	0.000000	0.000000	0.460374	0.339397
48	tsk_48	(x)	1	:	0.370044	0.000000	0.000000	0.119833	0.000000	0.011141	0.498982	0.000000
49	tsk_49	(x)	1	:	0.000000	0.000000	0.489446	0.000000	0.000000	0.510554	0.000000	0.000000
50	tsk_50	(x)	1	:	0.000000	0.409969	0.000000	0.000000	0.000000	0.000000	0.000000	0.590031
51	tsk_51	(x)	1	:	0.318811	0.000000	0.000000	0.171093	0.000000	0.011111	0.498985	0.000000
52	tsk_52	(x)	1	:	0.405073	0.410223	0.000000	0.086218	0.000000	0.014530	0.000000	0.083956
53	tsk_53	(x)	1	:	0.000000	0.000000	0.482720	0.000000	0.000000	0.000000	0.000000	0.517280
54	tsk_54	(x)	1	:	0.356852	0.000000	0.488469	0.137126	0.000000	0.017553	0.000000	0.000000
55	tsk_55	(x)	1	:	0.000000	0.480508	0.000000	0.000000	0.519432	0.000000	0.000000	0.000060
56	tsk_56	(x)	1	:	0.000000	0.000000	0.000000	0.000000	0.000000	0.000000	1.000000	0.000000
57	tsk_57	(x)	1	:	0.000000	0.000103	0.000002	0.000000	0.000000	0.000000	0.503619	0.496276
58	tsk_58	(x)	1	:	0.000000	0.410041	0.000000	0.000000	0.000000	0.000000	0.000000	0.589959
59	tsk_59	(x)	1	:	0.000000	0.000000	0.000000	0.000000	0.513481	0.000000	0.000000	0.486519
60	tsk_60	(x)	1	:	0.355135	0.000000	0.000000	0.134664	0.000000	0.011230	0.498970	0.000000
61	tsk_61	(x)	1	:	0.093200	0.000000	0.000000	0.374235	0.000000	0.000752	0.531813	0.000000
62	tsk_62	(x)	1	:	0.000000	0.000000	0.000000	0.000000	0.000000	0.000000	1.000000	0.000000
63	tsk_63	(x)	1	:	0.732983	0.000000	0.000000	0.267017	0.000000	0.000000	0.000000	0.000000
64	tsk_64	(x)	1	:	0.000000	0.000000	0.000000	0.000000	0.000000	0.000000	1.000000	0.000000
65	tsk_65	(x)	1	:	0.000000	0.409832	0.000000	0.000000	0.000000	0.000000	0.503296	0.086872
66	tsk_66	(x)	1	:	0.388185	0.000000	0.000000	0.111815	0.000000	0.500000	0.000000	0.000000
67	tsk_67	(x)	1	:	0.328576	0.000000	0.488469	0.165403	0.000000	0.017552	0.000000	0.000000
68	tsk_68	(x)	1	:	0.000000	0.000000	0.440742	0.000000	0.000000	0.000000	0.559258	0.000000
69	tsk_69	(x)	1	:	0.000003	0.000000	0.000000	0.000001	0.000000	0.499545	0.500452	0.000000
70	tsk_70	(x)	1	:	0.000000	0.999989	0.000000	0.000000	0.000000	0.000000	0.000000	0.000011
71	tsk_71	(x)	1	:	0.709599	0.000000	0.000000	0.290401	0.000000	0.000000	0.000000	0.000000
72	tsk_72	(x)	1	:	0.000000	0.000000	0.000000	0.000000	1.000000	0.000000	0.000000	0.000000
73	tsk_73	(x)	1	:	0.000000	0.000000	0.000000	0.000000	1.000000	0.000000	0.000000	0.000000
74	tsk_74	(x)	1	:	0.229546	0.410185	0.000000	0.261745	0.000000	0.014524	0.000000	0.084001
75	tsk_75	(x)	1	:	0.171680	0.409804	0.000000	0.319495	0.000000	0.014593	0.000000	0.084427
76	tsk_76	(x)	1	:	0.226492	0.409584	0.000004	0.264561	0.000000	0.014695	0.000000	0.084664
77	tsk_77	(x)	1	:	0.259315	0.000000	0.000000	0.237292	0.000000	0.027663	0.475730	0.000000
78	tsk_78	(x)	1	:	0.000000	0.000000	0.000000	0.000000	0.504785	0.000008	0.495207	0.000000
79	tsk_79	(x)	1	:	0.000000	0.408845	0.000001	0.000000	0.000000	0.000000	0.484154	0.106999
80	tsk_80	(x)	1	:	0.000000	0.000000	0.000000	0.000000	0.000000	0.000000	1.000000	0.000000
81	tsk_81	(x)	1	:	0.000002	0.000000	0.000000	0.000001	0.000000	0.499545	0.500452	0.000000
82	tsk_82	(x)	1	:	0.000000	0.411030	0.000000	0.000000	0.000000	0.000000	0.503436	0.085534
83	tsk_83	(x)	1	:	0.000000	0.000000	0.000000	0.000000	0.000000	0.000000	1.000000	0.000000
84	tsk_84	(x)	1	:	0.000000	0.000000	0.000000	0.000000	0.000000	0.000000	1.000000	0.000000
85	tsk_85	(x)	1	:	0.350916	0.000000	0.000000	0.139325	0.000000	0.010725	0.499034	0.000000
86	tsk_86	(x)	1	:	0.000001	0.000000	0.000000	0.000001	0.000000	0.499546	0.500452	0.000000
87	tsk_87	(x)	1	:	0.409951	0.000000	0.528905	0.059769	0.000000	0.001375	0.000000	0.000000
88	tsk_88	(x)	1	:	0.000000	0.000000	0.000000	0.000000	0.000000	0.000000	1.000000	0.000000
89	tsk_89	(x)	1	:	0.000000	0.000000	1.000000	0.000000	0.000000	0.000000	0.000000	0.000000
90	tsk_90	(x)	1	:	0.000000	0.000000	1.000000	0.000000	0.000000	0.000000	0.000000	0.000000
91	tsk_91	(x)	1	:	0.000000	0.000000	1.000000	0.000000	0.000000	0.000000	0.000000	0.000000
92	tsk_92	(x)	1	:	0.000000	0.000000	1.000000	0.000000	0.000000	0.000000	0.000000	0.000000
93	tsk_93	(x)	1	:	0.725701	0.000000	0.000000	0.274299	0.000000	0.000000	0.000000	0.000000
94	tsk_94	(x)	1	:	0.000000	0.000000	0.482720	0.000000	0.000000	0.000000	0.000000	0.517280
95	tsk_95	(x)	1	:	0.000000	0.000000	0.482720	0.000000	0.000000	0.000000	0.000000	0.517280
96	tsk_96	(x)	1	:	0.000000	0.000000	1.000000	0.000000	0.000000	0.000000	0.000000	0.000000
97	tsk_97	(x)	1	:	0.000000	0.000000	1.000000	0.000000	0.000000	0.000000	0.000000	0.000000
98	tsk_98	(x)	1	:	0.000000	0.000000	1.000000	0.000000	0.000000	0.000000	0.000000	0.000000
99	tsk_99	(x)	1	:	0.369548	0.000000	0.488489	0.124555	0.000000	0.017408	0.000000	0.000000
