logL = -530.278848 (converged)
AIC = 2372.557695
BIC = 4081.549337

count.K
11 17 8 12 20 32 

