0	tsk_0	(x)	1	:	0.000000	1.000000	0.000000	0.000000	0.000000	0.000000	0.000000	0.000000	0.000000	0.000000
1	tsk_1	(x)	1	:	0.000000	0.149072	0.000000	0.000000	0.261230	0.000000	0.000000	0.157443	0.000000	0.432254
2	tsk_2	(x)	1	:	0.000000	0.127710	0.000000	0.000000	0.119253	0.000000	0.000000	0.294410	0.000000	0.458627
3	tsk_3	(x)	1	:	0.000000	0.017816	0.000000	0.000000	0.193919	0.000000	0.000000	0.264857	0.304725	0.218682
4	tsk_4	(x)	1	:	0.000000	0.000394	0.000000	0.293091	0.313294	0.000000	0.000000	0.138626	0.000000	0.254595
5	tsk_5	(x)	1	:	0.000000	0.114999	0.000000	0.000000	0.356058	0.000000	0.000000	0.054622	0.000000	0.474320
6	tsk_6	(x)	1	:	0.000000	0.693029	0.000000	0.000000	0.000000	0.000000	0.000000	0.000000	0.306971	0.000000
7	tsk_7	(x)	1	:	0.453641	0.546359	0.000000	0.000000	0.000000	0.000000	0.000000	0.000000	0.000000	0.000000
8	tsk_8	(x)	1	:	0.000000	1.000000	0.000000	0.000000	0.000000	0.000000	0.000000	0.000000	0.000000	0.000000
9	tsk_9	(x)	1	:	0.000000	0.059832	0.000000	0.000000	0.210273	0.000000	0.000000	0.187452	0.000000	0.542442
10	tsk_10	(x)	1	:	0.380537	0.619463	0.000000	0.000000	0.000000	0.000000	0.000000	0.000000	0.000000	0.000000
11	tsk_11	(x)	1	:	0.449212	0.000000	0.000000	0.000000	0.206214	0.000000	0.000000	0.281269	0.000000	0.063305
12	tsk_12	(x)	1	:	0.519863	0.000000	0.000000	0.000000	0.204007	0.000000	0.000000	0.276130	0.000000	0.000000
13	tsk_13	(x)	1	:	0.827687	0.172313	0.000000	0.000000	0.000000	0.000000	0.000000	0.000000	0.000000	0.000000
14	tsk_14	(x)	1	:	0.000000	0.693029	0.000000	0.000000	0.000000	0.000000	0.000000	0.000000	0.306971	0.000000
15	tsk_15	(x)	1	:	0.449276	0.001675	0.000000	0.000000	0.374470	0.000000	0.000000	0.113439	0.000000	0.061141
16	tsk_16	(x)	1	:	0.000000	0.011869	0.000000	0.000000	0.203966	0.000000	0.000000	0.253383	0.304647	0.226136
17	tsk_17	(x)	1	:	0.881757	0.118243	0.000000	0.000000	0.000000	0.000000	0.000000	0.000000	0.000000	0.000000
18	tsk_18	(x)	1	:	1.000000	0.000000	0.000000	0.000000	0.000000	0.000000	0.000000	0.000000	0.000000	0.000000
19	tsk_19	(x)	1	:	0.000000	0.000000	0.000000	0.000000	0.550963	0.000000	0.000000	0.449037	0.000000	0.000000
20	tsk_20	(x)	1	:	0.000000	0.148466	0.502010	0.349524	0.000000	0.000000	0.000000	0.000000	0.000000	0.000000
21	tsk_21	(x)	1	:	0.000000	0.000000	1.000000	0.000000	0.000000	0.000000	0.000000	0.000000	0.000000	0.000000
22	tsk_22	(x)	1	:	0.000000	0.148181	0.502113	0.349705	0.000000	0.000000	0.000000	0.000000	0.000000	0.000000
23	tsk_23	(x)	1	:	0.000000	0.000000	1.000000	0.000000	0.000000	0.000000	0.000000	0.000000	0.000000	0.000000
24	tsk_24	(x)	1	:	0.000000	0.001301	0.000000	0.998699	0.000000	0.000000	0.000000	0.000000	0.000000	0.000000
25	tsk_25	(x)	1	:	0.000000	0.650320	0.000000	0.349680	0.000000	0.000000	0.000000	0.000000	0.000000	0.000000
26	tsk_26	(x)	1	:	0.000000	0.000000	1.000000	0.000000	0.000000	0.000000	0.000000	0.000000	0.000000	0.000000
27	tsk_27	(x)	1	:	0.000000	0.000000	0.497844	0.000000	0.385302	0.000000	0.000000	0.113441	0.000000	0.003413
28	tsk_28	(x)	1	:	0.000000	0.497861	0.502139	0.000000	0.000000	0.000000	0.000000	0.000000	0.000000	0.000000
29	tsk_29	(x)	1	:	0.000000	0.422554	0.000000	0.577446	0.000000	0.000000	0.000000	0.000000	0.000000	0.000000
30	tsk_30	(x)	1	:	0.581553	0.418447	0.000000	0.000000	0.000000	0.000000	0.000000	0.000000	0.000000	0.000000
31	tsk_31	(x)	1	:	0.000000	0.000000	0.000000	0.000000	0.000000	1.000000	0.000000	0.000000	0.000000	0.000000
32	tsk_32	(x)	1	:	0.582927	0.011621	0.000000	0.000000	0.000000	0.000000	0.000000	0.000000	0.405452	0.000000
33	tsk_33	(x)	1	:	0.000000	1.000000	0.000000	0.000000	0.000000	0.000000	0.000000	0.000000	0.000000	0.000000
34	tsk_34	(x)	1	:	0.380537	0.619463	0.000000	0.000000	0.000000	0.000000	0.000000	0.000000	0.000000	0.000000
35	tsk_35	(x)	1	:	0.000000	1.000000	0.000000	0.000000	0.000000	0.000000	0.000000	0.000000	0.000000	0.000000
36	tsk_36	(x)	1	:	0.570262	0.429738	0.000000	0.000000	0.000000	0.000000	0.000000	0.000000	0.000000	0.000000
37	tsk_37	(x)	1	:	0.000000	0.099991	0.000000	0.000000	0.157396	0.000000	0.000000	0.249762	0.000000	0.492851
38	tsk_38	(x)	1	:	0.542703	0.000000	0.457296	0.000000	0.000000	0.000000	0.000000	0.000000	0.000000	0.000000
39	tsk_39	(x)	1	:	0.000000	1.000000	0.000000	0.000000	0.000000	0.000000	0.000000	0.000000	0.000000	0.000000
40	tsk_40	(x)	1	:	0.449197	0.000000	0.000000	0.000000	0.139762	0.000000	0.000000	0.347712	0.000000	0.063328
41	tsk_41	(x)	1	:	0.000000	0.063630	0.000000	0.000000	0.249565	0.000000	0.000000	0.149052	0.000000	0.537753
42	tsk_42	(x)	1	:	1.000000	0.000000	0.000000	0.000000	0.000000	0.000000	0.000000	0.000000	0.000000	0.000000
43	tsk_43	(x)	1	:	1.000000	0.000000	0.000000	0.000000	0.000000	0.000000	0.000000	0.000000	0.000000	0.000000
44	tsk_44	(x)	1	:	0.453641	0.546359	0.000000	0.000000	0.000000	0.000000	0.000000	0.000000	0.000000	0.000000
45	tsk_45	(x)	1	:	0.417430	0.000000	0.000000	0.000000	0.000000	0.582570	0.000000	0.000000	0.000000	0.000000
46	tsk_46	(x)	1	:	0.453641	0.546359	0.000000	0.000000	0.000000	0.000000	0.000000	0.000000	0.000000	0.000000
47	tsk_47	(x)	1	:	0.000000	1.000000	0.000000	0.000000	0.000000	0.000000	0.000000	0.000000	0.000000	0.000000
48	tsk_48	(x)	1	:	0.449211	0.000000	0.000000	0.000000	0.319809	0.000000	0.000000	0.167673	0.000000	0.063308
49	tsk_49	(x)	1	:	0.000000	0.000000	0.000000	0.000000	0.811679	0.000000	0.000000	0.188321	0.000000	0.000000
50	tsk_50	(x)	1	:	0.000006	0.481206	0.000000	0.000000	0.000000	0.000000	0.518786	0.000000	0.000000	0.000002
51	tsk_51	(x)	1	:	0.000000	0.000000	0.000000	0.000000	0.838524	0.000000	0.000000	0.161476	0.000000	0.000000
52	tsk_52	(x)	1	:	0.000000	0.000000	0.000000	0.000000	0.772131	0.000000	0.000000	0.227869	0.000000	0.000000
53	tsk_53	(x)	1	:	0.000000	0.000000	0.000000	0.000000	0.901037	0.000000	0.000000	0.098963	0.000000	0.000000
54	tsk_54	(x)	1	:	0.000000	0.000000	0.000000	0.000000	0.586408	0.000000	0.000000	0.413592	0.000000	0.000000
55	tsk_55	(x)	1	:	0.000000	0.000000	0.000000	0.000000	0.862294	0.000000	0.000000	0.137706	0.000000	0.000000
56	tsk_56	(x)	1	:	0.000000	0.367878	0.000000	0.000000	0.072694	0.000000	0.199446	0.197869	0.000000	0.162114
57	tsk_57	(x)	1	:	0.000000	0.000000	0.000000	0.000000	0.672905	0.000000	0.188726	0.138369	0.000000	0.000000
58	tsk_58	(x)	1	:	0.000000	0.000000	0.000000	0.000000	0.468856	0.000000	0.000000	0.531144	0.000000	0.000000
59	tsk_59	(x)	1	:	0.000000	0.000000	0.000000	0.000000	0.734483	0.000000	0.000000	0.265517	0.000000	0.000000
60	tsk_60	(x)	1	:	0.000000	1.000000	0.000000	0.000000	0.000000	0.000000	0.000000	0.000000	0.000000	0.000000
61	tsk_61	(x)	1	:	0.000000	1.000000	0.000000	0.000000	0.000000	0.000000	0.000000	0.000000	0.000000	0.000000
62	tsk_62	(x)	1	:	0.000000	0.203548	0.000000	0.000000	0.000000	0.796452	0.000000	0.000000	0.000000	0.000000
63	tsk_63	(x)	1	:	0.000000	0.497861	0.502139	0.000000	0.000000	0.000000	0.000000	0.000000	0.000000	0.000000
64	tsk_64	(x)	1	:	0.000000	1.000000	0.000000	0.000000	0.000000	0.000000	0.000000	0.000000	0.000000	0.000000
65	tsk_65	(x)	1	:	0.000000	1.000000	0.000000	0.000000	0.000000	0.000000	0.000000	0.000000	0.000000	0.000000
66	tsk_66	(x)	1	:	0.000000	0.366101	0.000000	0.633899	0.000000	0.000000	0.000000	0.000000	0.000000	0.000000
67	tsk_67	(x)	1	:	0.000000	1.000000	0.000000	0.000000	0.000000	0.000000	0.000000	0.000000	0.000000	0.000000
68	tsk_68	(x)	1	:	0.000000	1.000000	0.000000	0.000000	0.000000	0.000000	0.000000	0.000000	0.000000	0.000000
69	tsk_69	(x)	1	:	0.000000	1.000000	0.000000	0.000000	0.000000	0.000000	0.000000	0.000000	0.000000	0.000000
70	tsk_70	(x)	1	:	0.000000	0.001629	0.000000	0.000000	0.000000	0.998371	0.000000	0.000000	0.000000	0.000000
71	tsk_71	(x)	1	:	0.000000	0.000595	0.000000	0.000000	0.000000	0.999405	0.000000	0.000000	0.000000	0.000000
72	tsk_72	(x)	1	:	0.000000	0.001311	0.000000	0.000000	0.000000	0.998689	0.000000	0.000000	0.000000	0.000000
73	tsk_73	(x)	1	:	0.000000	0.000000	0.000000	0.422662	0.000000	0.577337	0.000000	0.000000	0.000000	0.000000
74	tsk_74	(x)	1	:	0.449199	0.000000	0.000000	0.000000	0.242821	0.000000	0.000000	0.244654	0.000000	0.063326
75	tsk_75	(x)	1	:	0.453641	0.546359	0.000000	0.000000	0.000000	0.000000	0.000000	0.000000	0.000000	0.000000
76	tsk_76	(x)	1	:	0.399258	0.000000	0.000000	0.000000	0.000000	0.600742	0.000000	0.000000	0.000000	0.000000
77	tsk_77	(x)	1	:	0.000000	1.000000	0.000000	0.000000	0.000000	0.000000	0.000000	0.000000	0.000000	0.000000
78	tsk_78	(x)	1	:	0.453641	0.546359	0.000000	0.000000	0.000000	0.000000	0.000000	0.000000	0.000000	0.000000
79	tsk_79	(x)	1	:	0.000000	0.001133	0.000000	0.000000	0.000000	0.998867	0.000000	0.000000	0.000000	0.000000
80	tsk_80	(x)	1	:	0.000000	0.597473	0.000000	0.000000	0.000000	0.000000	0.000000	0.000000	0.402527	0.000000
81	tsk_81	(x)	1	:	0.000000	0.023247	0.000000	0.000000	0.128550	0.000000	0.000000	0.353851	0.400008	0.094343
82	tsk_82	(x)	1	:	0.000000	0.003929	0.000000	0.000000	0.182347	0.000000	0.000000	0.295303	0.399424	0.118998
83	tsk_83	(x)	1	:	0.000000	0.130684	0.000000	0.000000	0.252697	0.000000	0.000000	0.161664	0.000000	0.454955
84	tsk_84	(x)	1	:	0.000000	0.000000	0.000000	0.000000	0.000000	0.000000	0.000000	0.000000	1.000000	0.000000
85	tsk_85	(x)	1	:	0.380652	0.216424	0.000000	0.000000	0.000000	0.000000	0.000000	0.000000	0.402924	0.000000
86	tsk_86	(x)	1	:	0.000000	1.000000	0.000000	0.000000	0.000000	0.000000	0.000000	0.000000	0.000000	0.000000
87	tsk_87	(x)	1	:	0.005008	0.105220	0.000000	0.000000	0.009137	0.000000	0.389097	0.013818	0.000000	0.477720
88	tsk_88	(x)	1	:	0.000000	1.000000	0.000000	0.000000	0.000000	0.000000	0.000000	0.000000	0.000000	0.000000
89	tsk_89	(x)	1	:	0.000000	0.000000	0.000000	0.000000	0.167355	0.000000	0.000000	0.309335	0.399322	0.123988
90	tsk_90	(x)	1	:	0.000000	0.096329	0.000000	0.000000	0.215240	0.000000	0.000000	0.191058	0.000000	0.497373
91	tsk_91	(x)	1	:	0.000000	0.141938	0.000000	0.000000	0.330498	0.000000	0.000000	0.086502	0.000000	0.441061
92	tsk_92	(x)	1	:	0.000000	0.197174	0.000000	0.000000	0.168962	0.000000	0.000000	0.260985	0.000000	0.372879
93	tsk_93	(x)	1	:	0.000000	0.051753	0.000000	0.000000	0.210409	0.000000	0.000000	0.185418	0.000000	0.552420
94	tsk_94	(x)	1	:	0.000000	0.048921	0.000000	0.293600	0.232629	0.000000	0.000000	0.230877	0.000000	0.193973
95	tsk_95	(x)	1	:	0.000000	0.000000	0.000000	0.293088	0.103028	0.000000	0.000000	0.348798	0.000000	0.255086
96	tsk_96	(x)	1	:	0.000000	0.000000	0.000000	0.000000	0.869881	0.000000	0.000000	0.130119	0.000000	0.000000
97	tsk_97	(x)	1	:	0.000000	1.000000	0.000000	0.000000	0.000000	0.000000	0.000000	0.000000	0.000000	0.000000
98	tsk_98	(x)	1	:	0.000000	0.013085	0.000000	0.000000	0.210613	0.000000	0.000000	0.269283	0.399687	0.107332
99	tsk_99	(x)	1	:	0.000000	0.000000	0.000000	0.000000	0.557626	0.000000	0.000000	0.442374	0.000000	0.000000
