logL = -700.488074 (converged)
AIC = 1688.976149
BIC = 2064.120656

count.K
55 45 

