logL = -419.399052 (converged)
AIC = 1582.798104
BIC = 2551.921413

count.K
10 65 17 8 

