logL = -701.883241 (converged)
AIC = 3743.766482
BIC = 6791.815599

count.K
6 2 8 1 18 11 9 8 37 0 

