logL = -303.023272 (converged)
AIC = 2282.046543
BIC = 4465.179159

count.K
0 36 0 7 1 40 16 

