logL = -1343.654758 (converged)
AIC = 5407.309515
BIC = 8950.340968

count.K
7 13 18 1 4 8 15 1 12 21 

