logL = -652.453410 (converged)
AIC = 3232.906820
BIC = 5744.290880

count.K
6 1 6 3 3 24 18 39 

