logL = -636.213107 (converged)
AIC = 2302.426215
BIC = 3644.088860

count.K
11 13 41 28 7 

