logL = -652.466526 (converged)
AIC = 3104.933051
BIC = 5449.586219

count.K
17 4 14 0 25 8 31 1 

