logL = -402.757709 (converged)
AIC = 2045.515418
BIC = 3660.720933

count.K
28 27 10 1 31 3 

