logL = -670.362363 (converged)
AIC = 3480.724727
BIC = 6268.256826

count.K
14 10 7 19 15 22 5 0 8 

