logL = -638.840567 (converged)
AIC = 3327.681134
BIC = 5997.980575

count.K
3 7 70 0 2 1 4 10 3 

