logL = -710.979573 (converged)
AIC = 2491.959145
BIC = 3885.725195

count.K
37 18 32 13 0 

