logL = -472.866874 (converged)
AIC = 1459.733749
BIC = 2129.262487

count.K
32 21 47 

