0	tsk_0	(x)	1	:	0.000000	0.490576	0.000000	0.000000	0.000000	0.000000	0.000000	0.509424
1	tsk_1	(x)	1	:	0.537121	0.462879	0.000000	0.000000	0.000000	0.000000	0.000000	0.000000
2	tsk_2	(x)	1	:	0.000000	0.000000	0.000000	1.000000	0.000000	0.000000	0.000000	0.000000
3	tsk_3	(x)	1	:	0.000000	0.633707	0.000000	0.000000	0.000000	0.366293	0.000000	0.000000
4	tsk_4	(x)	1	:	0.000000	0.490584	0.000000	0.000000	0.000000	0.000000	0.000000	0.509415
5	tsk_5	(x)	1	:	0.000000	0.490584	0.000000	0.000000	0.000000	0.000000	0.000000	0.509416
6	tsk_6	(x)	1	:	0.000000	0.000000	0.000000	0.000000	0.000000	0.000000	0.000000	1.000000
7	tsk_7	(x)	1	:	0.000000	0.999999	0.000000	0.000000	0.000000	0.000000	0.000000	0.000000
8	tsk_8	(x)	1	:	0.000000	0.490566	0.000000	0.000000	0.000000	0.000000	0.000000	0.509434
9	tsk_9	(x)	1	:	0.000000	0.490567	0.000000	0.000000	0.000000	0.000000	0.000000	0.509433
10	tsk_10	(x)	1	:	0.000000	0.000001	0.000000	0.000000	0.000000	0.999999	0.000000	0.000000
11	tsk_11	(x)	1	:	0.000000	0.088200	0.000000	0.518587	0.000000	0.393213	0.000000	0.000000
12	tsk_12	(x)	1	:	0.000000	0.121126	0.000000	0.000000	0.000000	0.878874	0.000000	0.000000
13	tsk_13	(x)	1	:	0.000000	0.122180	0.000000	0.000000	0.000000	0.877820	0.000000	0.000000
14	tsk_14	(x)	1	:	0.468860	0.013432	0.000000	0.517708	0.000000	0.000000	0.000000	0.000000
15	tsk_15	(x)	1	:	0.000000	0.122129	0.000000	0.000000	0.000000	0.877871	0.000000	0.000000
16	tsk_16	(x)	1	:	0.000000	0.088338	0.000000	0.518551	0.000000	0.393111	0.000000	0.000000
17	tsk_17	(x)	1	:	0.000000	0.000001	0.000000	0.000000	0.000000	0.999999	0.000000	0.000000
18	tsk_18	(x)	1	:	0.000000	0.000000	0.326164	0.000000	0.000000	0.673836	0.000000	0.000000
19	tsk_19	(x)	1	:	0.000000	0.121928	0.000000	0.000000	0.000000	0.878072	0.000000	0.000000
20	tsk_20	(x)	1	:	0.000000	0.999999	0.000000	0.000000	0.000000	0.000000	0.000000	0.000000
21	tsk_21	(x)	1	:	0.000000	0.999999	0.000000	0.000000	0.000000	0.000000	0.000000	0.000000
22	tsk_22	(x)	1	:	0.000000	0.490608	0.000000	0.000000	0.000000	0.000000	0.000000	0.509391
23	tsk_23	(x)	1	:	0.000000	0.490546	0.000000	0.000000	0.509454	0.000000	0.000000	0.000000
24	tsk_24	(x)	1	:	0.000000	0.490667	0.000000	0.000000	0.000000	0.000000	0.000000	0.509333
25	tsk_25	(x)	1	:	0.000000	0.608357	0.000000	0.000000	0.000000	0.391643	0.000000	0.000000
26	tsk_26	(x)	1	:	0.000000	0.999999	0.000000	0.000000	0.000000	0.000000	0.000000	0.000000
27	tsk_27	(x)	1	:	0.000000	0.490586	0.000000	0.000000	0.000000	0.000000	0.000000	0.509414
28	tsk_28	(x)	1	:	0.000000	0.999999	0.000000	0.000000	0.000000	0.000000	0.000000	0.000000
29	tsk_29	(x)	1	:	0.000000	0.999999	0.000000	0.000000	0.000000	0.000000	0.000000	0.000000
30	tsk_30	(x)	1	:	0.000000	0.000000	0.000000	0.000000	1.000000	0.000000	0.000000	0.000000
31	tsk_31	(x)	1	:	0.000000	0.000000	0.000000	0.000000	1.000000	0.000000	0.000000	0.000000
32	tsk_32	(x)	1	:	0.000000	0.007416	0.000000	0.487253	0.505332	0.000000	0.000000	0.000000
33	tsk_33	(x)	1	:	0.532925	0.000003	0.000000	0.467072	0.000000	0.000000	0.000000	0.000000
34	tsk_34	(x)	1	:	1.000000	0.000000	0.000000	0.000000	0.000000	0.000000	0.000000	0.000000
35	tsk_35	(x)	1	:	1.000000	0.000000	0.000000	0.000000	0.000000	0.000000	0.000000	0.000000
36	tsk_36	(x)	1	:	0.540759	0.459241	0.000000	0.000000	0.000000	0.000000	0.000000	0.000000
37	tsk_37	(x)	1	:	0.000000	0.000000	0.000000	1.000000	0.000000	0.000000	0.000000	0.000000
38	tsk_38	(x)	1	:	0.532925	0.000003	0.000000	0.467072	0.000000	0.000000	0.000000	0.000000
39	tsk_39	(x)	1	:	0.539728	0.460271	0.000000	0.000000	0.000000	0.000000	0.000000	0.000000
40	tsk_40	(x)	1	:	0.000000	0.000091	0.999909	0.000000	0.000000	0.000000	0.000000	0.000000
41	tsk_41	(x)	1	:	0.468329	0.531671	0.000000	0.000000	0.000000	0.000000	0.000000	0.000000
42	tsk_42	(x)	1	:	0.463436	0.536564	0.000000	0.000000	0.000000	0.000000	0.000000	0.000000
43	tsk_43	(x)	1	:	1.000000	0.000000	0.000000	0.000000	0.000000	0.000000	0.000000	0.000000
44	tsk_44	(x)	1	:	0.467119	0.009650	0.000000	0.000000	0.000000	0.000000	0.000000	0.523230
45	tsk_45	(x)	1	:	0.000000	0.000003	0.515790	0.000000	0.000000	0.000000	0.000000	0.484208
46	tsk_46	(x)	1	:	0.459318	0.000001	0.540681	0.000000	0.000000	0.000000	0.000000	0.000000
47	tsk_47	(x)	1	:	0.000000	0.000000	0.000000	0.000000	0.000000	0.000000	0.000000	1.000000
48	tsk_48	(x)	1	:	0.464727	0.000001	0.535272	0.000000	0.000000	0.000000	0.000000	0.000000
49	tsk_49	(x)	1	:	0.470036	0.015428	0.000000	0.000000	0.514536	0.000000	0.000000	0.000000
50	tsk_50	(x)	1	:	0.000000	0.623479	0.000000	0.376521	0.000000	0.000000	0.000000	0.000000
51	tsk_51	(x)	1	:	0.000000	0.000652	0.000000	0.505844	0.000000	0.000000	0.493505	0.000000
52	tsk_52	(x)	1	:	0.000000	0.000000	0.000000	0.000000	0.000000	0.000000	1.000000	0.000000
53	tsk_53	(x)	1	:	0.000000	0.482076	0.000000	0.517924	0.000000	0.000000	0.000000	0.000000
54	tsk_54	(x)	1	:	0.000000	0.000000	0.000000	0.000000	0.000000	0.000000	1.000000	0.000000
55	tsk_55	(x)	1	:	0.000000	0.000542	0.000000	0.505890	0.000000	0.000000	0.493567	0.000000
56	tsk_56	(x)	1	:	0.000000	0.000625	0.000000	0.505855	0.000000	0.000000	0.493520	0.000000
57	tsk_57	(x)	1	:	0.463374	0.536626	0.000000	0.000000	0.000000	0.000000	0.000000	0.000000
58	tsk_58	(x)	1	:	0.000000	1.000000	0.000000	0.000000	0.000000	0.000000	0.000000	0.000000
59	tsk_59	(x)	1	:	0.000000	0.000689	0.000000	0.505827	0.000000	0.000000	0.493483	0.000000
60	tsk_60	(x)	1	:	0.000000	0.509768	0.000000	0.490232	0.000000	0.000000	0.000000	0.000000
61	tsk_61	(x)	1	:	0.000000	0.290420	0.000000	0.000000	0.000000	0.709580	0.000000	0.000000
62	tsk_62	(x)	1	:	0.000000	0.509768	0.000000	0.490232	0.000000	0.000000	0.000000	0.000000
63	tsk_63	(x)	1	:	0.000000	0.123287	0.000000	0.000000	0.509885	0.366828	0.000000	0.000000
64	tsk_64	(x)	1	:	0.000000	0.999999	0.000001	0.000000	0.000000	0.000000	0.000000	0.000000
65	tsk_65	(x)	1	:	0.000000	0.490547	0.000000	0.000000	0.509453	0.000000	0.000000	0.000000
66	tsk_66	(x)	1	:	0.000000	0.290420	0.000000	0.000000	0.000000	0.709579	0.000000	0.000000
67	tsk_67	(x)	1	:	0.000000	1.000000	0.000000	0.000000	0.000000	0.000000	0.000000	0.000000
68	tsk_68	(x)	1	:	0.000000	0.633690	0.000000	0.000000	0.000000	0.366309	0.000000	0.000000
69	tsk_69	(x)	1	:	0.000000	0.290420	0.000000	0.000000	0.000000	0.709580	0.000000	0.000000
70	tsk_70	(x)	1	:	0.514331	0.000000	0.000000	0.000000	0.000000	0.485668	0.000000	0.000000
71	tsk_71	(x)	1	:	0.514622	0.000000	0.000000	0.000000	0.000000	0.485378	0.000000	0.000000
72	tsk_72	(x)	1	:	0.000000	0.329426	0.000000	0.000000	0.000000	0.670573	0.000000	0.000000
73	tsk_73	(x)	1	:	0.000000	0.006469	0.000000	0.000000	0.000000	0.993531	0.000000	0.000000
74	tsk_74	(x)	1	:	0.434038	0.048097	0.000000	0.517865	0.000000	0.000000	0.000000	0.000000
75	tsk_75	(x)	1	:	0.433389	0.566610	0.000000	0.000000	0.000000	0.000000	0.000000	0.000000
76	tsk_76	(x)	1	:	0.000000	0.329426	0.000000	0.000000	0.000000	0.670574	0.000000	0.000000
77	tsk_77	(x)	1	:	0.000000	0.114914	0.000000	0.518240	0.000000	0.366846	0.000000	0.000000
78	tsk_78	(x)	1	:	0.000000	0.000701	0.000000	0.505823	0.493477	0.000000	0.000000	0.000000
79	tsk_79	(x)	1	:	0.523794	0.000000	0.000000	0.476206	0.000000	0.000000	0.000000	0.000000
80	tsk_80	(x)	1	:	0.000000	0.123243	0.000000	0.000000	0.509900	0.366856	0.000000	0.000000
81	tsk_81	(x)	1	:	0.459318	0.000001	0.540681	0.000000	0.000000	0.000000	0.000000	0.000000
82	tsk_82	(x)	1	:	0.000000	0.123283	0.000000	0.000000	0.509886	0.366831	0.000000	0.000000
83	tsk_83	(x)	1	:	0.000000	0.490641	0.000000	0.000000	0.509358	0.000000	0.000000	0.000000
84	tsk_84	(x)	1	:	0.000000	0.000000	0.000000	0.000000	1.000000	0.000000	0.000000	0.000000
85	tsk_85	(x)	1	:	0.463823	0.025968	0.000000	0.000000	0.510209	0.000000	0.000000	0.000000
86	tsk_86	(x)	1	:	0.000000	0.123303	0.000000	0.000000	0.509879	0.366818	0.000000	0.000000
87	tsk_87	(x)	1	:	0.464021	0.024958	0.000000	0.000000	0.511021	0.000000	0.000000	0.000000
88	tsk_88	(x)	1	:	0.000000	0.000000	0.000000	0.000000	1.000000	0.000000	0.000000	0.000000
89	tsk_89	(x)	1	:	0.000000	0.290420	0.000000	0.000000	0.000000	0.709578	0.000000	0.000002
90	tsk_90	(x)	1	:	0.000000	0.008756	0.000000	0.000000	0.000000	0.991243	0.000000	0.000000
91	tsk_91	(x)	1	:	0.000000	0.010417	0.000000	0.000000	0.000000	0.989582	0.000000	0.000000
92	tsk_92	(x)	1	:	0.000000	0.633684	0.000000	0.000000	0.000000	0.366315	0.000000	0.000001
93	tsk_93	(x)	1	:	0.000000	0.290421	0.000000	0.000000	0.000000	0.709579	0.000000	0.000000
94	tsk_94	(x)	1	:	0.000000	0.224217	0.000000	0.000000	0.000000	0.775783	0.000000	0.000000
95	tsk_95	(x)	1	:	0.000000	0.290420	0.000000	0.000000	0.000000	0.709580	0.000000	0.000000
96	tsk_96	(x)	1	:	0.000000	0.329427	0.000000	0.000000	0.000000	0.670572	0.000000	0.000000
97	tsk_97	(x)	1	:	0.531003	0.000000	0.000000	0.000000	0.000000	0.000000	0.000000	0.468997
98	tsk_98	(x)	1	:	0.542918	0.046204	0.000000	0.000000	0.000000	0.410877	0.000000	0.000000
99	tsk_99	(x)	1	:	0.000000	0.000000	0.000000	0.000000	0.000000	1.000000	0.000000	0.000000
