logL = -650.867077 (converged)
AIC = 3351.734154
BIC = 6022.033594

count.K
9 5 17 10 20 11 3 20 5 

