logL = -393.220813 (converged)
AIC = 1776.441626
BIC = 3066.000868

count.K
52 22 2 12 12 

