logL = -1051.862313 (converged)
AIC = 3523.724625
BIC = 5373.395457

count.K
1 20 3 3 38 35 

