logL = -659.593269 (converged)
AIC = 2607.186537
BIC = 4284.916137

count.K
3 35 3 8 4 47 

