logL = -501.502018 (converged)
AIC = 3323.004035
BIC = 6345.001451

count.K
5 14 2 10 11 28 7 13 9 1 

