logL = -836.898405 (converged)
AIC = 1961.796809
BIC = 2336.941316

count.K
34 66 

