logL = -548.917096 (converged)
AIC = 2675.834192
BIC = 4731.313469

count.K
16 14 32 3 15 16 4 

