logL = -618.358813 (converged)
AIC = 3068.717625
BIC = 5455.053516

count.K
12 13 18 11 11 2 12 21 

