logL = -513.545467 (converged)
AIC = 2291.090935
BIC = 3937.558492

count.K
17 5 8 27 12 31 

