logL = -820.874734 (converged)
AIC = 3303.749469
BIC = 5468.645893

count.K
9 30 4 7 3 40 7 

