logL = -1072.370379 (converged)
AIC = 4338.740759
BIC = 7196.612453

count.K
1 8 5 17 35 11 6 14 3 

