logL = -1085.575119 (converged)
AIC = 2475.150239
BIC = 2871.136107

count.K
40 60 

