logL = -525.545818 (converged)
AIC = 1819.091636
BIC = 2819.476987

count.K
2 16 60 22 

