logL = -687.521336 (converged)
AIC = 3009.042671
BIC = 5137.466713

count.K
23 12 25 9 5 24 2 

