0	tsk_0	(x)	1	:	0.000000	0.000000	0.000000	0.000000	0.000000	0.000000	0.000000	0.000000	1.000000	0.000000
1	tsk_1	(x)	1	:	0.000000	0.000000	0.000000	0.000000	0.297812	0.000000	0.000000	0.000000	0.500000	0.202188
2	tsk_2	(x)	1	:	0.000000	0.000000	0.000000	0.000000	0.727528	0.000000	0.000000	0.000000	0.000000	0.272471
3	tsk_3	(x)	1	:	0.000000	0.000000	0.000000	0.000000	0.255803	0.000000	0.000000	0.000000	0.000000	0.744196
4	tsk_4	(x)	1	:	0.000000	0.000000	0.000000	0.000000	0.210527	0.000000	0.000000	0.000000	0.500000	0.289473
5	tsk_5	(x)	1	:	0.000000	0.000000	0.000000	0.000000	0.262548	0.000000	0.000000	0.000000	0.500001	0.237451
6	tsk_6	(x)	1	:	0.000000	0.000000	0.000000	0.000000	0.003903	0.498904	0.000000	0.000000	0.493355	0.003838
7	tsk_7	(x)	1	:	0.000000	0.000000	0.000000	0.000000	0.306922	0.000000	0.000000	0.000000	0.500000	0.193078
8	tsk_8	(x)	1	:	0.000000	0.000000	0.000000	0.000000	0.000658	0.499008	0.000000	0.000000	0.493990	0.006343
9	tsk_9	(x)	1	:	0.000000	0.000000	0.000000	0.000000	0.547469	0.000000	0.000000	0.000000	0.000000	0.452531
10	tsk_10	(x)	1	:	0.000000	0.000000	0.000000	0.000000	0.596270	0.000000	0.000000	0.000000	0.000000	0.403730
11	tsk_11	(x)	1	:	0.000000	0.000000	0.500000	0.000000	0.118093	0.000000	0.000000	0.000000	0.000000	0.381906
12	tsk_12	(x)	1	:	0.000000	0.000000	0.500000	0.000000	0.177593	0.000000	0.000000	0.000000	0.000000	0.322407
13	tsk_13	(x)	1	:	0.000000	0.000000	0.500000	0.000000	0.098338	0.000000	0.000000	0.000000	0.000000	0.401662
14	tsk_14	(x)	1	:	0.000000	0.000000	0.000000	0.000000	0.734618	0.000000	0.000000	0.000000	0.000000	0.265382
15	tsk_15	(x)	1	:	0.000000	0.000000	0.000000	0.000000	0.394676	0.000000	0.000000	0.000000	0.000000	0.605324
16	tsk_16	(x)	1	:	0.499966	0.000000	0.000000	0.000000	0.275927	0.000000	0.000000	0.000000	0.000000	0.224107
17	tsk_17	(x)	1	:	0.000000	0.000000	0.500000	0.000000	0.248294	0.000000	0.000000	0.000000	0.000000	0.251706
18	tsk_18	(x)	1	:	0.000000	0.000000	0.000000	0.000000	0.604530	0.000000	0.000000	0.000000	0.000000	0.395470
19	tsk_19	(x)	1	:	0.000000	0.000000	0.000000	0.000000	0.738458	0.000000	0.000000	0.000000	0.000000	0.261542
20	tsk_20	(x)	1	:	0.000000	0.534377	0.000000	0.000000	0.000000	0.465623	0.000000	0.000000	0.000000	0.000000
21	tsk_21	(x)	1	:	0.000000	0.516790	0.000000	0.000000	0.142865	0.000000	0.000000	0.000000	0.000000	0.340344
22	tsk_22	(x)	1	:	0.000000	0.000000	0.500000	0.000000	0.210140	0.000000	0.000000	0.000000	0.000000	0.289860
23	tsk_23	(x)	1	:	0.000000	0.000000	0.000000	0.000000	0.200948	0.500000	0.000000	0.000000	0.000000	0.299051
24	tsk_24	(x)	1	:	0.000000	0.000000	0.000000	0.000000	0.729509	0.000000	0.000000	0.000000	0.000000	0.270491
25	tsk_25	(x)	1	:	0.000000	0.000000	0.494993	0.000000	0.000000	0.000000	0.000000	0.000000	0.494993	0.010013
26	tsk_26	(x)	1	:	0.000000	0.505221	0.000000	0.000000	0.000000	0.494779	0.000000	0.000000	0.000000	0.000000
27	tsk_27	(x)	1	:	0.000000	0.355674	0.000000	0.000000	0.509608	0.000000	0.000000	0.000000	0.000000	0.134718
28	tsk_28	(x)	1	:	0.000000	0.512134	0.487396	0.000000	0.000000	0.000000	0.000000	0.000000	0.000000	0.000470
29	tsk_29	(x)	1	:	0.000000	0.000000	0.000000	0.000000	0.000000	0.499306	0.000000	0.000000	0.495807	0.004887
30	tsk_30	(x)	1	:	0.000000	0.000000	0.000000	0.499950	0.000000	0.500050	0.000000	0.000000	0.000000	0.000000
31	tsk_31	(x)	1	:	0.000002	0.000000	0.000000	0.000000	0.000000	0.999997	0.000000	0.000000	0.000000	0.000000
32	tsk_32	(x)	1	:	0.000002	0.000000	0.000000	0.000000	0.000000	0.999997	0.000000	0.000000	0.000000	0.000000
33	tsk_33	(x)	1	:	0.000000	0.000000	0.000000	0.499480	0.119141	0.000000	0.000000	0.000000	0.000000	0.381379
34	tsk_34	(x)	1	:	0.000000	0.355674	0.000000	0.000000	0.197828	0.000000	0.000000	0.000000	0.000000	0.446498
35	tsk_35	(x)	1	:	0.000000	0.000000	0.000000	0.499481	0.176415	0.000000	0.000000	0.000000	0.000000	0.324104
36	tsk_36	(x)	1	:	0.000000	0.000000	0.000000	0.499950	0.000000	0.500050	0.000000	0.000000	0.000000	0.000000
37	tsk_37	(x)	1	:	0.000000	0.000000	0.000000	0.000000	0.149412	0.500000	0.000000	0.000000	0.000000	0.350589
38	tsk_38	(x)	1	:	0.000000	0.000000	0.000000	0.000000	0.241307	0.500000	0.000000	0.000000	0.000000	0.258693
39	tsk_39	(x)	1	:	0.000000	0.000000	0.500000	0.000000	0.145554	0.000000	0.000000	0.000000	0.000000	0.354446
40	tsk_40	(x)	1	:	0.500000	0.000000	0.000000	0.000000	0.000000	0.500000	0.000000	0.000000	0.000000	0.000000
41	tsk_41	(x)	1	:	0.000000	0.000000	0.000000	0.000000	0.000000	0.000000	0.000000	0.000000	1.000000	0.000000
42	tsk_42	(x)	1	:	0.498336	0.000000	0.000000	0.000000	0.000000	0.002134	0.000000	0.000000	0.499530	0.000000
43	tsk_43	(x)	1	:	0.000002	0.000000	0.000000	0.000000	0.000000	0.999997	0.000000	0.000000	0.000000	0.000000
44	tsk_44	(x)	1	:	0.498538	0.000000	0.000000	0.000000	0.000000	0.001874	0.000000	0.000000	0.499588	0.000000
45	tsk_45	(x)	1	:	0.000000	0.000000	0.000000	0.000000	0.005390	0.498912	0.000000	0.000000	0.493400	0.002298
46	tsk_46	(x)	1	:	0.500001	0.000000	0.000000	0.000000	0.000000	0.499999	0.000000	0.000000	0.000000	0.000000
47	tsk_47	(x)	1	:	0.000002	0.000000	0.000000	0.000000	0.000000	0.999997	0.000000	0.000000	0.000000	0.000000
48	tsk_48	(x)	1	:	0.000000	0.000000	0.000000	0.000000	0.000000	0.498987	0.000000	0.000000	0.493860	0.007153
49	tsk_49	(x)	1	:	0.000000	0.000000	0.000000	0.000000	0.148423	0.500000	0.000000	0.000000	0.000000	0.351577
50	tsk_50	(x)	1	:	0.000000	0.000000	0.000000	0.000000	0.298220	0.000000	0.599641	0.000000	0.000000	0.102138
51	tsk_51	(x)	1	:	0.499970	0.000000	0.000000	0.000000	0.272335	0.000000	0.000000	0.000000	0.000000	0.227695
52	tsk_52	(x)	1	:	1.000000	0.000000	0.000000	0.000000	0.000000	0.000000	0.000000	0.000000	0.000000	0.000000
53	tsk_53	(x)	1	:	0.498470	0.000000	0.000000	0.000000	0.000000	0.001961	0.000000	0.000000	0.499569	0.000000
54	tsk_54	(x)	1	:	0.000000	0.000000	0.000000	0.000000	0.606596	0.000000	0.000000	0.000000	0.000000	0.393404
55	tsk_55	(x)	1	:	0.500001	0.000000	0.000000	0.000000	0.000000	0.499999	0.000000	0.000000	0.000000	0.000000
56	tsk_56	(x)	1	:	0.000000	0.000000	0.000000	0.000000	0.318056	0.000000	0.000000	0.000000	0.500000	0.181944
57	tsk_57	(x)	1	:	0.000000	0.000000	0.000000	0.000000	0.103087	0.000000	0.000000	0.000000	0.500000	0.396913
58	tsk_58	(x)	1	:	0.497883	0.000000	0.000000	0.000000	0.270800	0.002821	0.000000	0.000000	0.000000	0.228496
59	tsk_59	(x)	1	:	0.000000	0.000000	0.000000	0.000000	0.546742	0.000000	0.000000	0.000000	0.000000	0.453258
60	tsk_60	(x)	1	:	0.000000	0.000000	0.000000	0.401454	0.294036	0.000000	0.000000	0.000000	0.000000	0.304511
61	tsk_61	(x)	1	:	0.000000	0.000000	0.000000	0.000000	0.368400	0.000000	0.599641	0.000000	0.000000	0.031959
62	tsk_62	(x)	1	:	0.000000	0.000000	0.000000	0.000000	0.364787	0.000000	0.000000	0.000000	0.500000	0.135212
63	tsk_63	(x)	1	:	0.000000	0.000000	0.000000	0.000000	0.211236	0.000000	0.599641	0.000000	0.000000	0.189123
64	tsk_64	(x)	1	:	0.000000	0.000000	0.500001	0.000000	0.236939	0.000000	0.000000	0.000000	0.000000	0.263060
65	tsk_65	(x)	1	:	0.000000	0.000000	0.000000	0.000000	0.551466	0.000000	0.000000	0.000000	0.000000	0.448534
66	tsk_66	(x)	1	:	0.000000	0.000000	0.000000	0.400983	0.000106	0.000000	0.598775	0.000000	0.000000	0.000136
67	tsk_67	(x)	1	:	0.000000	0.000000	0.000000	0.000000	0.361241	0.000000	0.000000	0.000000	0.000000	0.638759
68	tsk_68	(x)	1	:	0.000000	0.000000	0.500000	0.000000	0.265755	0.000000	0.000000	0.000000	0.000000	0.234244
69	tsk_69	(x)	1	:	0.000000	0.000000	0.000000	0.000000	0.786015	0.000000	0.000000	0.000000	0.000000	0.213985
70	tsk_70	(x)	1	:	0.000000	0.000000	0.000000	0.000000	0.743805	0.000000	0.000000	0.000000	0.000000	0.256195
71	tsk_71	(x)	1	:	0.000000	0.000000	0.000000	0.000000	0.215759	0.000000	0.000000	0.000000	0.000000	0.784241
72	tsk_72	(x)	1	:	0.000000	0.000000	0.000000	0.000000	0.553882	0.000000	0.000000	0.000000	0.000000	0.446118
73	tsk_73	(x)	1	:	0.000000	0.000000	0.000000	0.000000	0.469323	0.000000	0.000000	0.000000	0.000000	0.530677
74	tsk_74	(x)	1	:	0.000000	0.000000	0.000000	0.000000	0.614105	0.000000	0.000000	0.000000	0.000000	0.385895
75	tsk_75	(x)	1	:	0.000000	0.000000	0.000000	0.000000	0.257523	0.000000	0.000000	0.000000	0.500000	0.242477
76	tsk_76	(x)	1	:	0.000000	0.000000	0.000000	0.000000	0.260301	0.000000	0.000000	0.000000	0.500000	0.239699
77	tsk_77	(x)	1	:	0.000000	0.000000	0.000000	0.000000	0.692306	0.000000	0.000000	0.000000	0.000000	0.307694
78	tsk_78	(x)	1	:	0.000000	0.000000	0.000000	0.000000	0.500000	0.500000	0.000000	0.000000	0.000000	0.000000
79	tsk_79	(x)	1	:	0.000000	0.000000	0.000000	0.000000	0.607715	0.000000	0.000000	0.000000	0.000000	0.392285
80	tsk_80	(x)	1	:	0.000000	0.000000	0.000000	0.000000	0.330875	0.000000	0.000000	0.000000	0.500000	0.169125
81	tsk_81	(x)	1	:	0.000000	0.000000	0.000000	0.000000	0.188647	0.500000	0.000000	0.000000	0.000000	0.311353
82	tsk_82	(x)	1	:	0.000000	0.000000	0.000000	0.000000	0.000000	0.498107	0.000000	0.501893	0.000000	0.000000
83	tsk_83	(x)	1	:	0.000000	0.000000	0.000000	0.000000	0.000000	0.498107	0.000000	0.501892	0.000000	0.000000
84	tsk_84	(x)	1	:	0.000000	0.000000	0.000000	0.000000	0.540724	0.000000	0.000000	0.000000	0.000000	0.459275
85	tsk_85	(x)	1	:	0.000000	0.000000	0.000000	0.000000	0.245995	0.000000	0.000000	0.000000	0.000000	0.754005
86	tsk_86	(x)	1	:	0.000002	0.000000	0.000000	0.000000	0.000000	0.999997	0.000000	0.000000	0.000000	0.000000
87	tsk_87	(x)	1	:	0.000000	0.000000	0.000000	0.000000	0.159453	0.000000	0.000000	0.000000	0.000000	0.840547
88	tsk_88	(x)	1	:	0.000000	0.000000	0.500000	0.000000	0.147680	0.000000	0.000000	0.000000	0.000000	0.352319
89	tsk_89	(x)	1	:	0.000000	0.000000	0.000000	0.000000	0.626057	0.000000	0.000000	0.000000	0.000000	0.373943
90	tsk_90	(x)	1	:	0.498312	0.000000	0.499515	0.000000	0.000000	0.002167	0.000000	0.000000	0.000000	0.000006
91	tsk_91	(x)	1	:	0.000000	0.512051	0.487168	0.000000	0.000000	0.000000	0.000000	0.000000	0.000000	0.000781
92	tsk_92	(x)	1	:	0.000000	0.000000	1.000000	0.000000	0.000000	0.000000	0.000000	0.000000	0.000000	0.000000
93	tsk_93	(x)	1	:	0.498100	0.000000	0.499454	0.000000	0.000000	0.002439	0.000000	0.000000	0.000000	0.000006
94	tsk_94	(x)	1	:	0.000000	0.000000	1.000000	0.000000	0.000000	0.000000	0.000000	0.000000	0.000000	0.000000
95	tsk_95	(x)	1	:	0.000000	0.000000	0.495820	0.000000	0.001778	0.499308	0.000000	0.000000	0.000000	0.003094
96	tsk_96	(x)	1	:	0.500001	0.000000	0.000000	0.000000	0.000000	0.499999	0.000000	0.000000	0.000000	0.000000
97	tsk_97	(x)	1	:	0.000000	0.000000	1.000000	0.000000	0.000000	0.000000	0.000000	0.000000	0.000000	0.000000
98	tsk_98	(x)	1	:	0.498427	0.000000	0.499553	0.000000	0.000000	0.002020	0.000000	0.000000	0.000000	0.000000
99	tsk_99	(x)	1	:	1.000000	0.000000	0.000000	0.000000	0.000000	0.000000	0.000000	0.000000	0.000000	0.000000
