logL = -1154.681391 (converged)
AIC = 2593.362781
BIC = 2963.296947

count.K
47 53 

