logL = -221.579404 (converged)
AIC = 2115.158809
BIC = 4293.081084

count.K
2 8 6 1 12 1 2 68 

