logL = -319.177152 (converged)
AIC = 2534.354305
BIC = 5004.055641

count.K
3 64 3 10 5 2 2 11 

