logL = -766.225897 (converged)
AIC = 2348.451794
BIC = 3411.361230

count.K
15 5 46 34 

