logL = -741.764684 (converged)
AIC = 3551.529368
BIC = 6245.275340

count.K
18 1 19 1 4 35 14 7 1 

