logL = -677.834558 (converged)
AIC = 2905.669117
BIC = 4924.676011

count.K
22 29 5 6 5 14 19 

