logL = -581.092288 (converged)
AIC = 2962.184576
BIC = 5306.837743

count.K
15 8 25 37 5 3 3 4 

