logL = -439.164061 (converged)
AIC = 1398.328121
BIC = 2075.672370

count.K
8 36 56 

