logL = -394.451937 (converged)
AIC = 2254.903874
BIC = 4164.493621

count.K
11 34 14 16 15 3 7 

