logL = -727.822372 (converged)
AIC = 2247.644745
BIC = 3279.292138

count.K
16 40 28 16 

