logL = -1108.945945 (converged)
AIC = 2529.891890
BIC = 2936.298439

count.K
39 61 

