logL = -633.072305 (converged)
AIC = 2336.144609
BIC = 3729.910659

count.K
35 29 21 11 4 

