logL = -572.543054 (converged)
AIC = 1905.086108
BIC = 2895.050779

count.K
11 10 56 23 

