logL = -849.319089 (converged)
AIC = 2838.638178
BIC = 4323.585184

count.K
25 19 16 31 9 

