logL = -411.253074 (converged)
AIC = 3122.506148
BIC = 6118.451862

count.K
28 5 8 11 14 5 9 5 13 2 

