logL = -958.061143 (converged)
AIC = 2442.122285
BIC = 3127.282044

count.K
29 46 25 

