logL = -789.124652 (converged)
AIC = 4038.249304
BIC = 7242.608633

count.K
32 3 6 20 1 1 24 5 5 3 

