logL = -568.253964 (converged)
AIC = 3256.507927
BIC = 6017.988324

count.K
1 20 9 7 19 8 3 27 2 4 

