logL = -831.887403 (converged)
AIC = 2723.774806
BIC = 4104.515005

count.K
9 17 25 20 29 

