logL = -1191.185615 (converged)
AIC = 2992.371229
BIC = 3786.948136

count.K
50 11 39 

