logL = -726.999719 (converged)
AIC = 3701.999439
BIC = 6630.210728

count.K
7 25 17 13 1 7 9 2 19 

