logL = -391.905015 (converged)
AIC = 2235.810030
BIC = 4127.163585

count.K
10 29 6 23 5 2 25 

