logL = -1173.404221 (converged)
AIC = 2650.808443
BIC = 3046.794311

count.K
71 29 

