logL = -427.414919 (converged)
AIC = 2590.829839
BIC = 4852.117560

count.K
10 10 17 2 18 6 20 17 

