logL = -727.302417 (converged)
AIC = 2046.604834
BIC = 2817.735209

count.K
77 7 16 

