logL = -687.674804 (converged)
AIC = 2445.349607
BIC = 3839.115657

count.K
44 2 11 11 32 

