logL = -216.395569 (converged)
AIC = 2410.791137
BIC = 4987.304451

count.K
8 4 20 5 8 8 42 1 4 

