logL = -1016.064509 (converged)
AIC = 2324.129018
BIC = 2704.483865

count.K
58 42 

