0	tsk_0	(x)	1	:	0.000000	0.000000	0.000000	0.505672	0.494269	0.000000	0.000059	0.000000
1	tsk_1	(x)	1	:	0.000000	0.000000	0.000000	0.505672	0.494269	0.000000	0.000059	0.000000
2	tsk_2	(x)	1	:	0.311393	0.000000	0.000000	0.560818	0.000000	0.000002	0.127788	0.000000
3	tsk_3	(x)	1	:	0.000000	0.515048	0.000000	0.000303	0.000000	0.000000	0.000000	0.484649
4	tsk_4	(x)	1	:	0.461655	0.538110	0.000000	0.000000	0.000000	0.000000	0.000235	0.000000
5	tsk_5	(x)	1	:	0.000000	1.000000	0.000000	0.000000	0.000000	0.000000	0.000000	0.000000
6	tsk_6	(x)	1	:	0.411849	0.000000	0.000000	0.000000	0.587644	0.000000	0.000507	0.000000
7	tsk_7	(x)	1	:	0.429086	0.000000	0.000000	0.000003	0.000000	0.000001	0.009879	0.561031
8	tsk_8	(x)	1	:	0.218116	0.000000	0.000000	0.000000	0.480023	0.000001	0.301860	0.000000
9	tsk_9	(x)	1	:	0.021637	0.000000	0.000000	0.000704	0.479714	0.000000	0.000933	0.497013
10	tsk_10	(x)	1	:	0.696912	0.000000	0.000000	0.000000	0.000000	0.000001	0.303086	0.000000
11	tsk_11	(x)	1	:	0.000000	0.000000	0.000000	0.485013	0.000000	0.000002	0.514967	0.000017
12	tsk_12	(x)	1	:	0.325434	0.000000	0.000000	0.000000	0.000000	0.465655	0.208910	0.000000
13	tsk_13	(x)	1	:	0.443839	0.000000	0.000000	0.000000	0.000000	0.000003	0.556158	0.000000
14	tsk_14	(x)	1	:	0.465220	0.000000	0.000000	0.001038	0.000000	0.000002	0.036837	0.496903
15	tsk_15	(x)	1	:	0.721101	0.000000	0.000000	0.000000	0.000000	0.000002	0.278897	0.000000
16	tsk_16	(x)	1	:	0.333734	0.000000	0.233825	0.251640	0.000000	0.000002	0.180795	0.000003
17	tsk_17	(x)	1	:	0.283934	0.000000	0.233824	0.251642	0.000000	0.000002	0.230595	0.000002
18	tsk_18	(x)	1	:	0.476733	0.000000	0.000000	0.000947	0.000000	0.000001	0.025340	0.496979
19	tsk_19	(x)	1	:	0.448330	0.000000	0.000000	0.000985	0.000000	0.000004	0.053733	0.496948
20	tsk_20	(x)	1	:	0.000000	0.000000	0.000000	0.438082	0.000000	0.000000	0.000000	0.561918
21	tsk_21	(x)	1	:	0.000000	0.000000	0.000000	0.999994	0.000000	0.000000	0.000000	0.000006
22	tsk_22	(x)	1	:	0.000068	0.000000	0.000000	0.000021	0.000000	0.442793	0.000005	0.557112
23	tsk_23	(x)	1	:	0.000000	0.000000	0.000000	0.482773	0.000000	0.000000	0.000000	0.517227
24	tsk_24	(x)	1	:	0.000000	0.000000	0.000000	0.482735	0.000000	0.000000	0.000000	0.517265
25	tsk_25	(x)	1	:	0.000000	0.000000	0.000000	0.482774	0.000000	0.000000	0.000000	0.517226
26	tsk_26	(x)	1	:	0.000000	0.000000	0.000000	0.482767	0.000000	0.000000	0.000000	0.517233
27	tsk_27	(x)	1	:	0.000000	0.000000	0.000000	0.092235	0.000000	0.000000	0.000000	0.907765
28	tsk_28	(x)	1	:	0.272994	0.000000	0.000000	0.005737	0.000000	0.000001	0.235089	0.486178
29	tsk_29	(x)	1	:	0.000000	1.000000	0.000000	0.000000	0.000000	0.000000	0.000000	0.000000
30	tsk_30	(x)	1	:	0.015050	0.000000	0.234397	0.250556	0.479664	0.000000	0.020330	0.000003
31	tsk_31	(x)	1	:	0.498387	0.000000	0.000000	0.000000	0.000000	0.000004	0.501610	0.000000
32	tsk_32	(x)	1	:	0.729673	0.000000	0.000000	0.000000	0.000000	0.000001	0.270326	0.000000
33	tsk_33	(x)	1	:	0.280025	0.000000	0.000000	0.485021	0.000000	0.000001	0.234941	0.000011
34	tsk_34	(x)	1	:	0.521189	0.000000	0.000000	0.000000	0.000000	0.000001	0.478810	0.000000
35	tsk_35	(x)	1	:	0.729642	0.000000	0.000000	0.000000	0.000000	0.000002	0.270356	0.000000
36	tsk_36	(x)	1	:	0.567391	0.000000	0.000000	0.000000	0.000000	0.000002	0.432607	0.000000
37	tsk_37	(x)	1	:	0.000000	0.000000	0.000000	0.000000	1.000000	0.000000	0.000000	0.000000
38	tsk_38	(x)	1	:	0.551264	0.000000	0.000000	0.000000	0.000000	0.000002	0.448734	0.000000
39	tsk_39	(x)	1	:	0.222545	0.000000	0.000000	0.485013	0.000000	0.000001	0.292423	0.000018
40	tsk_40	(x)	1	:	0.000000	0.000000	0.000000	1.000000	0.000000	0.000000	0.000000	0.000000
41	tsk_41	(x)	1	:	0.198006	0.000000	0.000000	0.485017	0.000000	0.000001	0.316962	0.000014
42	tsk_42	(x)	1	:	0.345036	0.000000	0.000000	0.485025	0.000000	0.000001	0.169931	0.000008
43	tsk_43	(x)	1	:	0.000000	0.000000	0.000000	1.000000	0.000000	0.000000	0.000000	0.000000
44	tsk_44	(x)	1	:	0.284873	0.000000	0.000000	0.485017	0.000000	0.000001	0.230094	0.000014
45	tsk_45	(x)	1	:	0.023402	0.000000	0.000000	0.484952	0.000000	0.465578	0.025981	0.000088
46	tsk_46	(x)	1	:	0.000000	0.000000	0.402311	0.597683	0.000000	0.000000	0.000000	0.000006
47	tsk_47	(x)	1	:	0.000007	0.000000	0.000000	0.556037	0.000000	0.441778	0.002178	0.000000
48	tsk_48	(x)	1	:	0.000000	0.000000	0.000000	1.000000	0.000000	0.000000	0.000000	0.000000
49	tsk_49	(x)	1	:	0.000011	0.000000	0.000000	0.556038	0.000000	0.441783	0.002167	0.000000
50	tsk_50	(x)	1	:	0.000000	0.000000	1.000000	0.000000	0.000000	0.000000	0.000000	0.000000
51	tsk_51	(x)	1	:	0.000000	0.000000	0.509949	0.490047	0.000000	0.000000	0.000000	0.000003
52	tsk_52	(x)	1	:	0.000000	0.000000	0.509949	0.490048	0.000000	0.000000	0.000000	0.000003
53	tsk_53	(x)	1	:	0.308487	0.000000	0.493392	0.000184	0.000000	0.000001	0.197937	0.000000
54	tsk_54	(x)	1	:	0.279407	0.470307	0.000000	0.015436	0.000000	0.000001	0.234848	0.000001
55	tsk_55	(x)	1	:	0.000000	0.474918	0.524275	0.000807	0.000000	0.000000	0.000000	0.000000
56	tsk_56	(x)	1	:	0.309719	0.000000	0.000000	0.485007	0.000000	0.000002	0.205249	0.000022
57	tsk_57	(x)	1	:	0.211201	0.470240	0.000000	0.015620	0.000000	0.000001	0.302937	0.000001
58	tsk_58	(x)	1	:	0.254058	0.000000	0.493401	0.000170	0.000000	0.000001	0.252370	0.000000
59	tsk_59	(x)	1	:	0.000000	0.000000	0.437790	0.562208	0.000000	0.000000	0.000000	0.000003
60	tsk_60	(x)	1	:	0.143523	0.000000	0.000000	0.000000	0.734042	0.000000	0.122434	0.000000
61	tsk_61	(x)	1	:	0.494513	0.000000	0.000000	0.000000	0.000000	0.465661	0.039826	0.000000
62	tsk_62	(x)	1	:	0.024663	0.000000	0.000000	0.485082	0.000000	0.465732	0.024502	0.000020
63	tsk_63	(x)	1	:	0.351085	0.000000	0.000000	0.000000	0.480023	0.000001	0.168891	0.000000
64	tsk_64	(x)	1	:	0.379804	0.000000	0.000000	0.000000	0.000000	0.465650	0.154547	0.000000
65	tsk_65	(x)	1	:	0.330998	0.000000	0.000000	0.000000	0.480023	0.000001	0.188978	0.000000
66	tsk_66	(x)	1	:	0.000004	0.000000	0.000000	0.000000	0.000000	0.999993	0.000003	0.000000
67	tsk_67	(x)	1	:	0.000174	0.000000	0.000000	0.440193	0.000000	0.559445	0.000119	0.000069
68	tsk_68	(x)	1	:	0.028679	0.000000	0.000000	0.485036	0.000000	0.465657	0.020590	0.000039
69	tsk_69	(x)	1	:	0.351492	0.000000	0.000000	0.000000	0.000000	0.465649	0.182858	0.000000
70	tsk_70	(x)	1	:	0.756496	0.000000	0.000000	0.000000	0.000000	0.000002	0.243503	0.000000
71	tsk_71	(x)	1	:	0.241100	0.000000	0.000000	0.000000	0.480023	0.000001	0.278877	0.000000
72	tsk_72	(x)	1	:	0.154522	0.513443	0.000000	0.000001	0.000000	0.000002	0.332032	0.000000
73	tsk_73	(x)	1	:	0.238929	0.000000	0.000000	0.485003	0.000000	0.000002	0.276040	0.000025
74	tsk_74	(x)	1	:	0.000000	1.000000	0.000000	0.000000	0.000000	0.000000	0.000000	0.000000
75	tsk_75	(x)	1	:	0.000000	0.000000	0.000000	0.999990	0.000000	0.000000	0.000000	0.000010
76	tsk_76	(x)	1	:	0.000000	1.000000	0.000000	0.000000	0.000000	0.000000	0.000000	0.000000
77	tsk_77	(x)	1	:	0.284107	0.000000	0.000000	0.000000	0.480023	0.000000	0.235870	0.000000
78	tsk_78	(x)	1	:	0.373312	0.000000	0.000000	0.485022	0.000000	0.000002	0.141654	0.000011
79	tsk_79	(x)	1	:	0.528719	0.000000	0.000000	0.000000	0.000000	0.000003	0.471278	0.000000
80	tsk_80	(x)	1	:	0.000000	0.000000	0.234771	0.765226	0.000000	0.000000	0.000000	0.000003
81	tsk_81	(x)	1	:	0.000000	0.000000	0.000000	0.999982	0.000000	0.000000	0.000000	0.000017
82	tsk_82	(x)	1	:	0.744350	0.000000	0.000000	0.000000	0.000000	0.000006	0.255644	0.000000
83	tsk_83	(x)	1	:	0.718607	0.000000	0.000000	0.000000	0.000000	0.000002	0.281391	0.000000
84	tsk_84	(x)	1	:	0.000000	0.000000	0.000000	0.999990	0.000000	0.000000	0.000000	0.000010
85	tsk_85	(x)	1	:	0.032386	0.000000	0.000000	0.000926	0.000000	0.465780	0.003839	0.497070
86	tsk_86	(x)	1	:	0.321968	0.000000	0.000000	0.485014	0.000000	0.000001	0.193000	0.000016
87	tsk_87	(x)	1	:	0.250693	0.000000	0.000000	0.485017	0.000000	0.000003	0.264273	0.000015
88	tsk_88	(x)	1	:	0.000000	0.000000	0.000000	0.999992	0.000000	0.000000	0.000000	0.000008
89	tsk_89	(x)	1	:	0.134985	0.000000	0.000000	0.485246	0.000000	0.318915	0.060829	0.000024
90	tsk_90	(x)	1	:	0.570318	0.000000	0.000000	0.000000	0.000000	0.000002	0.429680	0.000000
91	tsk_91	(x)	1	:	0.000000	0.000000	0.000000	0.505672	0.494269	0.000000	0.000059	0.000000
92	tsk_92	(x)	1	:	0.572972	0.000000	0.000000	0.000000	0.000000	0.000002	0.427026	0.000000
93	tsk_93	(x)	1	:	0.228216	0.000000	0.000000	0.005612	0.000000	0.000002	0.279888	0.486281
94	tsk_94	(x)	1	:	0.376876	0.000000	0.000000	0.000000	0.000000	0.465660	0.157464	0.000000
95	tsk_95	(x)	1	:	0.226063	0.000000	0.000000	0.560817	0.000000	0.000001	0.213118	0.000000
96	tsk_96	(x)	1	:	0.279193	0.000000	0.000000	0.000000	0.480023	0.000001	0.240783	0.000000
97	tsk_97	(x)	1	:	0.553636	0.000000	0.000000	0.000000	0.000000	0.000002	0.446362	0.000000
98	tsk_98	(x)	1	:	0.312310	0.000000	0.000000	0.005140	0.000000	0.000003	0.195878	0.486669
99	tsk_99	(x)	1	:	0.289500	0.000000	0.000000	0.005006	0.000000	0.000002	0.218714	0.486779
