logL = -379.798214 (converged)
AIC = 2211.596428
BIC = 4102.949983

count.K
18 5 10 4 3 48 12 

