logL = -1358.862808 (converged)
AIC = 3057.725616
BIC = 3500.604548

count.K
45 55 

