logL = -639.872070 (converged)
AIC = 2857.744140
BIC = 4913.223417

count.K
4 20 37 3 28 3 5 

