logL = -698.918216 (converged)
AIC = 1929.836432
BIC = 2622.811701

count.K
28 39 33 

