logL = -1369.365404 (converged)
AIC = 4778.730809
BIC = 7436.004398

count.K
6 7 5 7 19 18 30 8 

