logL = -1452.130893 (converged)
AIC = 3508.261786
BIC = 4295.023182

count.K
33 23 44 

