0	tsk_0	(x)	1	:	0.238615	0.000000	0.621107	0.000000	0.000000	0.000000	0.140279	0.000000	0.000000	0.000000
1	tsk_1	(x)	1	:	0.326812	0.000000	0.421519	0.000000	0.000000	0.000000	0.251670	0.000000	0.000000	0.000000
2	tsk_2	(x)	1	:	0.356148	0.000000	0.467374	0.000000	0.000000	0.000000	0.176479	0.000000	0.000000	0.000000
3	tsk_3	(x)	1	:	0.139678	0.000000	0.065023	0.000000	0.000000	0.000000	0.295401	0.000000	0.499898	0.000000
4	tsk_4	(x)	1	:	0.000000	0.000000	0.000000	0.000000	1.000000	0.000000	0.000000	0.000000	0.000000	0.000000
5	tsk_5	(x)	1	:	0.000000	0.000000	0.000000	0.000000	0.000000	0.000000	0.000000	0.000000	1.000000	0.000000
6	tsk_6	(x)	1	:	0.106840	0.000000	0.170635	0.000000	0.000000	0.000000	0.222562	0.000000	0.499964	0.000000
7	tsk_7	(x)	1	:	0.112590	0.000000	0.200136	0.000000	0.000000	0.000000	0.187330	0.000000	0.499944	0.000000
8	tsk_8	(x)	1	:	0.492046	0.000000	0.324686	0.000000	0.000000	0.000000	0.183268	0.000000	0.000000	0.000000
9	tsk_9	(x)	1	:	0.000000	0.000000	0.000000	0.000000	1.000000	0.000000	0.000000	0.000000	0.000000	0.000000
10	tsk_10	(x)	1	:	0.220908	0.000000	0.274593	0.000000	0.000000	0.406754	0.097745	0.000000	0.000000	0.000000
11	tsk_11	(x)	1	:	0.001769	0.458606	0.000000	0.000000	0.000000	0.539328	0.000297	0.000000	0.000000	0.000001
12	tsk_12	(x)	1	:	0.000000	0.000000	0.000000	0.000000	0.000000	1.000000	0.000000	0.000000	0.000000	0.000000
13	tsk_13	(x)	1	:	0.000024	0.999940	0.000021	0.000000	0.000000	0.000000	0.000014	0.000000	0.000000	0.000001
14	tsk_14	(x)	1	:	0.000000	0.000000	0.000000	0.000000	0.000000	1.000000	0.000000	0.000000	0.000000	0.000000
15	tsk_15	(x)	1	:	0.000000	0.000000	0.000000	0.000000	0.000000	1.000000	0.000000	0.000000	0.000000	0.000000
16	tsk_16	(x)	1	:	0.000000	0.000000	0.000000	0.000000	0.000000	0.531100	0.000000	0.000000	0.468900	0.000000
17	tsk_17	(x)	1	:	0.000000	0.000000	0.000000	0.000000	0.000000	1.000000	0.000000	0.000000	0.000000	0.000000
18	tsk_18	(x)	1	:	0.001462	0.458369	0.000652	0.000000	0.000000	0.539238	0.000279	0.000000	0.000000	0.000000
19	tsk_19	(x)	1	:	0.016805	0.000000	0.036877	0.000000	0.000000	0.406895	0.039228	0.000000	0.500196	0.000000
20	tsk_20	(x)	1	:	0.000000	0.000000	0.000000	0.000000	0.000000	0.000000	0.000000	0.000000	1.000000	0.000000
21	tsk_21	(x)	1	:	0.040669	0.000000	0.038241	0.000000	0.000000	0.000000	0.421115	0.000000	0.499975	0.000000
22	tsk_22	(x)	1	:	0.202513	0.000000	0.182262	0.000000	0.000000	0.555615	0.059610	0.000000	0.000000	0.000000
23	tsk_23	(x)	1	:	0.239059	0.000000	0.156619	0.000000	0.000000	0.000000	0.354347	0.000000	0.249975	0.000000
24	tsk_24	(x)	1	:	0.360959	0.000000	0.059535	0.000000	0.000000	0.000000	0.069602	0.509904	0.000000	0.000000
25	tsk_25	(x)	1	:	0.329622	0.000000	0.637668	0.000000	0.000000	0.000000	0.032710	0.000000	0.000000	0.000000
26	tsk_26	(x)	1	:	0.020887	0.499995	0.037747	0.000000	0.000000	0.000000	0.191377	0.000000	0.249994	0.000000
27	tsk_27	(x)	1	:	0.000000	0.000000	0.000000	0.000000	0.000000	0.502880	0.000000	0.497119	0.000000	0.000000
28	tsk_28	(x)	1	:	0.128546	0.000000	0.081847	0.000000	0.000000	0.000000	0.539633	0.000000	0.249974	0.000000
29	tsk_29	(x)	1	:	0.048872	0.499990	0.070876	0.000000	0.000000	0.000000	0.130275	0.000000	0.249986	0.000000
30	tsk_30	(x)	1	:	0.000000	0.000000	0.000000	0.000000	0.000000	0.000000	0.000000	1.000000	0.000000	0.000000
31	tsk_31	(x)	1	:	0.099808	0.000000	0.330616	0.000000	0.499922	0.000000	0.069653	0.000000	0.000000	0.000000
32	tsk_32	(x)	1	:	0.024891	0.000000	0.058108	0.000000	0.501291	0.407270	0.008439	0.000000	0.000000	0.000000
33	tsk_33	(x)	1	:	0.000000	0.000000	0.000000	0.000000	0.000000	0.500454	0.000000	0.000000	0.000000	0.499545
34	tsk_34	(x)	1	:	0.007385	0.485364	0.005200	0.000000	0.000000	0.000000	0.009270	0.000000	0.492782	0.000000
35	tsk_35	(x)	1	:	0.000000	0.000000	0.000000	0.000000	0.000000	0.522310	0.000000	0.477690	0.000000	0.000000
36	tsk_36	(x)	1	:	0.381901	0.000000	0.039168	0.000000	0.000000	0.000000	0.094292	0.484639	0.000000	0.000000
37	tsk_37	(x)	1	:	0.404294	0.000000	0.088092	0.000000	0.000000	0.000000	0.022961	0.484653	0.000000	0.000000
38	tsk_38	(x)	1	:	0.015395	0.000000	0.073342	0.000000	0.500932	0.407127	0.003204	0.000000	0.000000	0.000000
39	tsk_39	(x)	1	:	0.000000	0.000000	0.000000	0.000000	0.000000	0.000000	0.000000	0.000000	0.000000	1.000000
40	tsk_40	(x)	1	:	0.000000	0.000000	0.000000	0.000000	0.000000	0.000000	0.000000	1.000000	0.000000	0.000000
41	tsk_41	(x)	1	:	0.002507	0.000000	0.002049	0.000000	0.485918	0.000000	0.000793	0.508734	0.000000	0.000000
42	tsk_42	(x)	1	:	0.333618	0.000000	0.075198	0.000000	0.000000	0.000000	0.081314	0.509869	0.000000	0.000000
43	tsk_43	(x)	1	:	0.000000	0.000000	0.000000	0.000000	0.000000	0.000000	0.000000	1.000000	0.000000	0.000000
44	tsk_44	(x)	1	:	0.000000	0.000000	0.000000	0.000000	0.000000	0.000000	0.000000	0.000000	1.000000	0.000000
45	tsk_45	(x)	1	:	0.000000	0.000000	0.000000	0.000000	1.000000	0.000000	0.000000	0.000000	0.000000	0.000000
46	tsk_46	(x)	1	:	0.000000	0.000000	0.000000	0.000000	0.000000	0.000000	0.000000	0.000000	1.000000	0.000000
47	tsk_47	(x)	1	:	0.000000	0.000000	0.000000	0.319461	0.000000	0.000000	0.000000	0.508057	0.172482	0.000000
48	tsk_48	(x)	1	:	0.000328	0.000000	0.000045	0.000000	0.000000	0.000000	0.001542	0.508232	0.489852	0.000000
49	tsk_49	(x)	1	:	0.125248	0.000000	0.128683	0.000000	0.000000	0.000000	0.246094	0.000000	0.499975	0.000000
50	tsk_50	(x)	1	:	0.143374	0.000000	0.228918	0.000000	0.000000	0.555620	0.072088	0.000000	0.000000	0.000000
51	tsk_51	(x)	1	:	0.116666	0.000000	0.338036	0.000000	0.499813	0.000000	0.045486	0.000000	0.000000	0.000000
52	tsk_52	(x)	1	:	0.162395	0.000000	0.135838	0.000000	0.000000	0.000000	0.201849	0.000000	0.499918	0.000000
53	tsk_53	(x)	1	:	0.008544	0.000000	0.074800	0.000000	0.501286	0.407268	0.008101	0.000000	0.000000	0.000000
54	tsk_54	(x)	1	:	0.389291	0.000000	0.382632	0.000000	0.000000	0.000000	0.228077	0.000000	0.000000	0.000000
55	tsk_55	(x)	1	:	0.083014	0.000000	0.331007	0.000000	0.499832	0.000000	0.086148	0.000000	0.000000	0.000000
56	tsk_56	(x)	1	:	0.122279	0.000000	0.339017	0.000000	0.499943	0.000000	0.038761	0.000000	0.000000	0.000000
57	tsk_57	(x)	1	:	0.332065	0.000000	0.054658	0.000000	0.000000	0.000000	0.128610	0.484667	0.000000	0.000000
58	tsk_58	(x)	1	:	0.137468	0.000000	0.339277	0.000000	0.499955	0.000000	0.023300	0.000000	0.000000	0.000000
59	tsk_59	(x)	1	:	0.195480	0.000000	0.179215	0.000000	0.000000	0.555608	0.069697	0.000000	0.000000	0.000000
60	tsk_60	(x)	1	:	0.252014	0.000000	0.647541	0.000000	0.000000	0.000000	0.100445	0.000000	0.000000	0.000000
61	tsk_61	(x)	1	:	0.630217	0.000000	0.302101	0.000000	0.000000	0.000000	0.067682	0.000000	0.000000	0.000000
62	tsk_62	(x)	1	:	0.294293	0.000000	0.517582	0.000000	0.000000	0.000000	0.188124	0.000000	0.000000	0.000000
63	tsk_63	(x)	1	:	0.274504	0.000000	0.479220	0.000000	0.000000	0.000000	0.246276	0.000000	0.000000	0.000000
64	tsk_64	(x)	1	:	0.131292	0.000000	0.337439	0.000000	0.499874	0.000000	0.031394	0.000000	0.000000	0.000000
65	tsk_65	(x)	1	:	0.311427	0.000000	0.506041	0.000000	0.000000	0.000000	0.182532	0.000000	0.000000	0.000000
66	tsk_66	(x)	1	:	0.389190	0.000000	0.381943	0.000000	0.000000	0.000000	0.228866	0.000000	0.000000	0.000000
67	tsk_67	(x)	1	:	0.215716	0.000000	0.045711	0.000000	0.000000	0.000000	0.253898	0.484675	0.000000	0.000000
68	tsk_68	(x)	1	:	0.355446	0.000000	0.462620	0.000000	0.000000	0.000000	0.181934	0.000000	0.000000	0.000000
69	tsk_69	(x)	1	:	0.105214	0.000000	0.353621	0.000000	0.499874	0.000000	0.041290	0.000000	0.000000	0.000000
70	tsk_70	(x)	1	:	0.000129	0.000000	0.000124	0.000000	0.000000	0.000000	0.002146	0.506384	0.491218	0.000000
71	tsk_71	(x)	1	:	0.000000	0.000000	0.000000	0.000000	0.000000	0.531100	0.000000	0.000000	0.468900	0.000000
72	tsk_72	(x)	1	:	0.052977	0.000000	0.027383	0.000000	0.000000	0.406708	0.005099	0.507833	0.000000	0.000000
73	tsk_73	(x)	1	:	0.000000	0.000000	0.000000	0.000000	0.000000	0.000000	0.000000	1.000000	0.000000	0.000000
74	tsk_74	(x)	1	:	0.006807	0.481256	0.002669	0.000000	0.000000	0.000000	0.002956	0.506312	0.000000	0.000000
75	tsk_75	(x)	1	:	0.062819	0.000000	0.021919	0.325695	0.000000	0.000000	0.415394	0.000000	0.174173	0.000000
76	tsk_76	(x)	1	:	0.002134	0.000000	0.006662	0.000000	0.000000	0.000000	0.233435	0.507777	0.249992	0.000000
77	tsk_77	(x)	1	:	0.000032	0.999933	0.000027	0.000000	0.000000	0.000000	0.000007	0.000000	0.000000	0.000000
78	tsk_78	(x)	1	:	0.000038	0.999940	0.000019	0.000000	0.000000	0.000000	0.000002	0.000000	0.000000	0.000001
79	tsk_79	(x)	1	:	0.000000	0.000000	0.000000	0.518932	0.000000	0.000000	0.000000	0.481068	0.000000	0.000000
80	tsk_80	(x)	1	:	0.104776	0.000000	0.281576	0.000000	0.000000	0.555620	0.058028	0.000000	0.000000	0.000000
81	tsk_81	(x)	1	:	0.349720	0.000000	0.048947	0.000000	0.000000	0.000000	0.091467	0.509866	0.000000	0.000000
82	tsk_82	(x)	1	:	0.171426	0.000000	0.158306	0.000000	0.000000	0.000000	0.170356	0.000000	0.499913	0.000000
83	tsk_83	(x)	1	:	0.228501	0.000000	0.170396	0.000000	0.000000	0.555616	0.045487	0.000000	0.000000	0.000000
84	tsk_84	(x)	1	:	0.793696	0.000000	0.127947	0.000000	0.000000	0.000000	0.078357	0.000000	0.000000	0.000000
85	tsk_85	(x)	1	:	0.369755	0.000000	0.487000	0.000000	0.000000	0.000000	0.143245	0.000000	0.000000	0.000000
86	tsk_86	(x)	1	:	0.124531	0.000000	0.801767	0.000000	0.000000	0.000000	0.073702	0.000000	0.000000	0.000000
87	tsk_87	(x)	1	:	0.229440	0.000000	0.589955	0.000000	0.000000	0.000000	0.180605	0.000000	0.000000	0.000000
88	tsk_88	(x)	1	:	0.353819	0.000000	0.460049	0.000000	0.000000	0.000000	0.186132	0.000000	0.000000	0.000000
89	tsk_89	(x)	1	:	0.244762	0.000000	0.061583	0.000000	0.000000	0.555605	0.138050	0.000000	0.000000	0.000000
90	tsk_90	(x)	1	:	0.081910	0.000000	0.402320	0.000000	0.000000	0.406571	0.109199	0.000000	0.000000	0.000000
91	tsk_91	(x)	1	:	0.390366	0.000000	0.498118	0.000000	0.000000	0.000000	0.111516	0.000000	0.000000	0.000000
92	tsk_92	(x)	1	:	0.283869	0.499539	0.079675	0.000000	0.000000	0.000000	0.136917	0.000000	0.000000	0.000000
93	tsk_93	(x)	1	:	0.358462	0.000000	0.031207	0.000000	0.000000	0.000000	0.125649	0.484682	0.000000	0.000000
94	tsk_94	(x)	1	:	0.018633	0.499606	0.038614	0.000000	0.000000	0.406592	0.036554	0.000000	0.000000	0.000000
95	tsk_95	(x)	1	:	0.106667	0.000000	0.349122	0.000000	0.000000	0.406722	0.137488	0.000000	0.000000	0.000000
96	tsk_96	(x)	1	:	0.112936	0.000000	0.077907	0.000000	0.000000	0.000000	0.309216	0.000000	0.499941	0.000000
97	tsk_97	(x)	1	:	0.634454	0.000000	0.208065	0.000000	0.000000	0.000000	0.157481	0.000000	0.000000	0.000000
98	tsk_98	(x)	1	:	0.128362	0.000000	0.406659	0.000000	0.000000	0.406721	0.058257	0.000000	0.000000	0.000000
99	tsk_99	(x)	1	:	0.222278	0.000000	0.099564	0.000000	0.000000	0.000000	0.193514	0.484644	0.000000	0.000000
