logL = -470.558365 (converged)
AIC = 1911.116731
BIC = 3174.624271

count.K
37 6 38 0 19 

