logL = -583.633557 (converged)
AIC = 2207.267115
BIC = 3561.955611

count.K
28 32 30 6 4 

