logL = -657.421780 (converged)
AIC = 2364.843560
BIC = 3732.557908

count.K
25 37 18 10 10 

