logL = -869.394476 (converged)
AIC = 2276.788953
BIC = 2977.579733

count.K
22 48 30 

