logL = -490.684212 (converged)
AIC = 1781.368423
BIC = 2823.436498

count.K
17 9 27 47 

