logL = -302.812678 (converged)
AIC = 3025.625356
BIC = 6177.881281

count.K
2 10 3 5 46 0 5 1 2 26 

