logL = -983.183302 (converged)
AIC = 3266.366605
BIC = 4959.727226

count.K
23 4 15 53 5 

