logL = -442.811917 (converged)
AIC = 1399.623834
BIC = 2069.152572

count.K
17 29 54 

