0	tsk_0	(x)	1	:	0.000000	0.000000	0.000000	0.500256	0.000000	0.000000	0.000000	0.235180	0.000000	0.264564
1	tsk_1	(x)	1	:	0.000000	0.000000	0.000000	0.500300	0.000000	0.000000	0.000000	0.269134	0.000000	0.230565
2	tsk_2	(x)	1	:	0.000035	0.000000	0.000000	0.444296	0.000000	0.000000	0.555660	0.000005	0.000000	0.000003
3	tsk_3	(x)	1	:	0.000000	0.000000	0.000000	0.000000	0.000000	0.000000	0.000000	0.332281	0.000000	0.667719
4	tsk_4	(x)	1	:	0.000000	0.000000	0.000000	0.509873	0.000000	0.490127	0.000000	0.000000	0.000000	0.000000
5	tsk_5	(x)	1	:	0.000000	0.000000	0.000000	0.000012	0.000000	0.454557	0.545431	0.000000	0.000000	0.000000
6	tsk_6	(x)	1	:	0.000000	0.000000	0.000000	0.010204	0.000000	0.490035	0.000000	0.135836	0.000000	0.363926
7	tsk_7	(x)	1	:	0.000000	0.000000	0.000000	0.500320	0.000000	0.000000	0.000000	0.174201	0.000000	0.325479
8	tsk_8	(x)	1	:	0.000000	0.000000	0.000000	0.000000	0.000000	0.000000	0.447293	0.060106	0.000000	0.492601
9	tsk_9	(x)	1	:	0.000000	0.000000	0.000000	0.500332	0.000000	0.000000	0.000000	0.069785	0.000000	0.429883
10	tsk_10	(x)	1	:	0.000000	0.000000	0.000000	0.500203	0.000000	0.000000	0.000000	0.243356	0.000000	0.256441
11	tsk_11	(x)	1	:	0.000000	0.000000	0.000000	1.000000	0.000000	0.000000	0.000000	0.000000	0.000000	0.000000
12	tsk_12	(x)	1	:	0.000031	0.000000	0.000000	0.444300	0.000000	0.000000	0.555660	0.000006	0.000000	0.000003
13	tsk_13	(x)	1	:	0.000000	0.000000	0.000000	1.000000	0.000000	0.000000	0.000000	0.000000	0.000000	0.000000
14	tsk_14	(x)	1	:	0.000000	0.487031	0.000000	0.501994	0.000000	0.000000	0.000000	0.009364	0.000000	0.001611
15	tsk_15	(x)	1	:	0.000000	0.486381	0.000000	0.000000	0.000000	0.000000	0.000000	0.281267	0.000000	0.232352
16	tsk_16	(x)	1	:	0.000000	1.000000	0.000000	0.000000	0.000000	0.000000	0.000000	0.000000	0.000000	0.000000
17	tsk_17	(x)	1	:	0.000000	0.486381	0.000000	0.000000	0.000000	0.000000	0.000000	0.357917	0.000000	0.155702
18	tsk_18	(x)	1	:	0.000000	0.000000	0.000000	1.000000	0.000000	0.000000	0.000000	0.000000	0.000000	0.000000
19	tsk_19	(x)	1	:	0.000000	0.000000	0.000000	1.000000	0.000000	0.000000	0.000000	0.000000	0.000000	0.000000
20	tsk_20	(x)	1	:	0.000000	0.000000	0.000000	0.000000	0.000000	0.000000	0.000000	0.375730	0.000000	0.624270
21	tsk_21	(x)	1	:	0.000000	0.000000	0.000000	0.000000	0.000000	0.000000	0.000000	0.491421	0.000000	0.508579
22	tsk_22	(x)	1	:	0.000000	0.489784	0.510215	0.000000	0.000000	0.000000	0.000000	0.000000	0.000000	0.000000
23	tsk_23	(x)	1	:	0.000000	1.000000	0.000000	0.000000	0.000000	0.000000	0.000000	0.000000	0.000000	0.000000
24	tsk_24	(x)	1	:	0.000000	0.000000	0.000000	0.000000	0.000000	0.000000	0.000000	0.672951	0.000000	0.327049
25	tsk_25	(x)	1	:	0.000000	0.486381	0.000000	0.000000	0.000000	0.000000	0.000000	0.260691	0.000000	0.252928
26	tsk_26	(x)	1	:	0.000000	1.000000	0.000000	0.000000	0.000000	0.000000	0.000000	0.000000	0.000000	0.000000
27	tsk_27	(x)	1	:	0.000000	0.486381	0.000000	0.000000	0.000000	0.000000	0.000000	0.184387	0.000000	0.329231
28	tsk_28	(x)	1	:	0.000000	0.486381	0.000000	0.000000	0.000000	0.000000	0.000000	0.241001	0.000000	0.272618
29	tsk_29	(x)	1	:	0.000000	0.000000	0.000000	0.000000	0.000000	0.000000	0.000000	0.280214	0.000000	0.719786
30	tsk_30	(x)	1	:	0.000000	0.000000	0.000000	0.000000	0.000000	0.000000	0.000000	0.116418	0.000000	0.883582
31	tsk_31	(x)	1	:	0.000000	0.000000	0.496309	0.000000	0.000000	0.000000	0.000000	0.182276	0.000000	0.321415
32	tsk_32	(x)	1	:	0.000000	0.000000	0.496291	0.000000	0.000000	0.000000	0.000000	0.279876	0.000000	0.223833
33	tsk_33	(x)	1	:	0.000000	0.000000	0.000000	0.013590	0.000000	0.488343	0.000000	0.253242	0.000000	0.244824
34	tsk_34	(x)	1	:	0.000000	0.000000	0.000000	0.000000	0.000000	1.000000	0.000000	0.000000	0.000000	0.000000
35	tsk_35	(x)	1	:	0.000000	0.000000	0.000000	0.500241	0.000000	0.000000	0.000000	0.232467	0.000000	0.267292
36	tsk_36	(x)	1	:	0.000000	0.000000	0.000000	0.014184	0.000000	0.488046	0.000000	0.194140	0.000000	0.303629
37	tsk_37	(x)	1	:	0.000000	0.000000	0.000000	0.013073	0.000000	0.488601	0.000000	0.364105	0.000000	0.134220
38	tsk_38	(x)	1	:	0.000000	0.000000	0.000000	0.012401	0.000000	0.488937	0.000000	0.172527	0.000000	0.326135
39	tsk_39	(x)	1	:	0.000000	0.000000	0.000000	0.012858	0.000000	0.488709	0.000000	0.306301	0.000000	0.192133
40	tsk_40	(x)	1	:	0.000000	0.487683	0.000000	0.503977	0.000000	0.000000	0.000000	0.008340	0.000000	0.000000
41	tsk_41	(x)	1	:	0.000000	0.000000	0.000000	0.000000	0.000000	0.000000	0.000000	0.436148	0.000000	0.563852
42	tsk_42	(x)	1	:	0.000000	0.486381	0.000000	0.000000	0.000000	0.000000	0.000000	0.241980	0.000000	0.271638
43	tsk_43	(x)	1	:	0.000000	0.000000	0.000000	0.500334	0.000000	0.000000	0.000000	0.425269	0.000000	0.074397
44	tsk_44	(x)	1	:	0.000000	0.486381	0.000000	0.000000	0.000000	0.000000	0.000000	0.173503	0.000000	0.340116
45	tsk_45	(x)	1	:	0.000000	0.000000	0.000000	0.000000	0.000000	0.000000	0.000000	0.540426	0.000000	0.459573
46	tsk_46	(x)	1	:	0.000000	0.000000	0.000000	0.000000	0.000000	0.000000	0.000000	0.283866	0.000000	0.716134
47	tsk_47	(x)	1	:	0.000000	0.000000	0.000000	0.310378	0.199099	0.490523	0.000000	0.000000	0.000000	0.000000
48	tsk_48	(x)	1	:	0.000000	0.000000	0.000000	0.500326	0.000000	0.000000	0.000000	0.237620	0.000000	0.262055
49	tsk_49	(x)	1	:	0.000000	0.000000	0.000000	0.000000	0.000000	0.000000	0.000000	0.307742	0.000000	0.692258
50	tsk_50	(x)	1	:	0.000000	0.000000	0.000000	0.000000	0.000000	0.000000	0.000000	0.640945	0.000000	0.359055
51	tsk_51	(x)	1	:	0.000051	0.000000	0.000000	0.516798	0.000000	0.000000	0.000000	0.000007	0.483128	0.000016
52	tsk_52	(x)	1	:	0.000000	0.000000	0.000000	0.000000	0.000000	0.000000	0.000000	0.000003	0.999995	0.000003
53	tsk_53	(x)	1	:	0.000000	0.000000	0.000000	0.000000	0.000000	0.000000	0.000000	0.324010	0.462701	0.213290
54	tsk_54	(x)	1	:	0.000000	0.000000	0.000000	0.000000	0.000000	0.000000	0.000000	0.260671	0.000000	0.739329
55	tsk_55	(x)	1	:	0.000000	0.000000	0.000000	0.000000	0.000000	0.000000	0.000000	0.006878	0.987682	0.005440
56	tsk_56	(x)	1	:	0.000000	0.000000	0.000000	0.004291	0.000000	0.487410	0.000000	0.015212	0.474746	0.018340
57	tsk_57	(x)	1	:	0.000000	0.000000	0.000000	0.000000	0.000000	0.000000	0.000000	0.229175	0.000000	0.770825
58	tsk_58	(x)	1	:	0.000000	0.000000	0.000000	0.000000	0.000000	0.000000	0.000000	0.284364	0.490942	0.224694
59	tsk_59	(x)	1	:	0.000000	0.000000	0.000000	0.500292	0.000000	0.000000	0.000000	0.199692	0.000000	0.300017
60	tsk_60	(x)	1	:	0.000000	0.000000	0.000000	0.000000	0.428350	0.000000	0.000000	0.092072	0.000000	0.479578
61	tsk_61	(x)	1	:	0.000000	0.000000	0.000000	0.000000	0.993821	0.000000	0.000000	0.002244	0.000000	0.003935
62	tsk_62	(x)	1	:	0.000000	0.618498	0.000000	0.000000	0.000000	0.000000	0.000000	0.165089	0.000000	0.216412
63	tsk_63	(x)	1	:	0.000000	0.000000	0.000000	0.000000	0.000000	0.000000	0.000000	0.230366	0.000000	0.769633
64	tsk_64	(x)	1	:	0.000000	0.000000	0.000000	0.000000	0.000000	0.000000	0.000000	0.085932	0.462576	0.451492
65	tsk_65	(x)	1	:	0.000000	0.000000	0.000000	0.000000	0.000000	0.000000	0.000000	0.150732	0.462423	0.386845
66	tsk_66	(x)	1	:	0.000000	0.000000	0.000000	0.000000	0.427984	0.000000	0.000000	0.174780	0.000000	0.397237
67	tsk_67	(x)	1	:	0.000000	0.487093	0.000000	0.502183	0.000000	0.000000	0.000000	0.009164	0.000000	0.001560
68	tsk_68	(x)	1	:	0.000000	0.000000	0.000000	0.000000	0.000000	0.000000	0.000000	0.454417	0.000000	0.545583
69	tsk_69	(x)	1	:	0.000000	0.000000	0.000000	0.000000	0.728840	0.000000	0.000000	0.119305	0.000000	0.151855
70	tsk_70	(x)	1	:	0.000000	0.000000	0.000000	0.000000	0.000000	0.000000	0.000000	0.594374	0.000000	0.405625
71	tsk_71	(x)	1	:	0.000000	0.000000	0.000000	0.500301	0.000000	0.000000	0.000000	0.234493	0.000000	0.265206
72	tsk_72	(x)	1	:	0.000000	0.000000	0.000000	0.500325	0.000000	0.000000	0.000000	0.323905	0.000000	0.175770
73	tsk_73	(x)	1	:	0.999997	0.000000	0.000000	0.000003	0.000000	0.000000	0.000000	0.000000	0.000000	0.000000
74	tsk_74	(x)	1	:	0.000000	0.000000	0.000000	0.500331	0.000000	0.000000	0.000000	0.267299	0.000000	0.232370
75	tsk_75	(x)	1	:	0.000000	0.486381	0.000000	0.000000	0.000000	0.000000	0.000000	0.434870	0.000000	0.078749
76	tsk_76	(x)	1	:	0.000000	0.000000	0.000000	0.499933	0.000000	0.000000	0.000000	0.361905	0.000000	0.138163
77	tsk_77	(x)	1	:	0.000000	0.000000	0.000000	0.000000	0.000000	0.000000	0.000000	0.227535	0.000000	0.772465
78	tsk_78	(x)	1	:	0.000000	0.000000	0.000000	0.000000	0.000000	0.000000	0.000000	0.376678	0.000000	0.623322
79	tsk_79	(x)	1	:	0.000000	0.000000	0.000000	0.500326	0.000000	0.000000	0.000000	0.203692	0.000000	0.295982
80	tsk_80	(x)	1	:	0.000000	0.000000	0.000000	0.509893	0.000000	0.490107	0.000000	0.000000	0.000000	0.000000
81	tsk_81	(x)	1	:	0.000000	0.000000	0.000000	0.000000	0.000000	0.000000	0.000000	0.371872	0.000000	0.628128
82	tsk_82	(x)	1	:	0.000000	0.000000	0.000000	0.509853	0.000000	0.490147	0.000000	0.000000	0.000000	0.000000
83	tsk_83	(x)	1	:	0.000000	0.000000	0.000000	0.500299	0.000000	0.000000	0.000000	0.150140	0.000000	0.349561
84	tsk_84	(x)	1	:	0.000000	0.000000	0.000000	0.000000	0.000000	0.495134	0.000000	0.277199	0.000000	0.227667
85	tsk_85	(x)	1	:	0.000000	0.000000	0.000000	0.500334	0.000000	0.000000	0.000000	0.185099	0.000000	0.314567
86	tsk_86	(x)	1	:	0.000000	0.000000	0.000000	0.000000	0.000000	0.000000	0.000000	0.598308	0.000000	0.401692
87	tsk_87	(x)	1	:	0.000000	0.000000	0.000000	0.500291	0.000000	0.000000	0.000000	0.235975	0.000000	0.263735
88	tsk_88	(x)	1	:	0.000000	0.000000	0.000000	0.000000	0.000000	0.000000	0.000000	0.229712	0.000000	0.770288
89	tsk_89	(x)	1	:	0.000000	0.000000	0.000000	0.000000	0.000000	0.495134	0.000000	0.389870	0.000000	0.114996
90	tsk_90	(x)	1	:	0.000000	0.000000	0.000000	0.509462	0.000000	0.490538	0.000000	0.000000	0.000000	0.000000
91	tsk_91	(x)	1	:	0.000000	0.000000	0.000000	0.000000	0.000000	0.000000	1.000000	0.000000	0.000000	0.000000
92	tsk_92	(x)	1	:	0.000000	0.000000	0.000000	0.509851	0.000000	0.490149	0.000000	0.000000	0.000000	0.000000
93	tsk_93	(x)	1	:	0.000000	0.000000	0.000000	0.509958	0.000000	0.490041	0.000000	0.000000	0.000000	0.000000
94	tsk_94	(x)	1	:	0.000000	0.000000	0.000000	0.500553	0.000000	0.000000	0.447506	0.021011	0.000000	0.030930
95	tsk_95	(x)	1	:	0.000000	0.000000	0.000000	0.509810	0.000000	0.490190	0.000000	0.000000	0.000000	0.000000
96	tsk_96	(x)	1	:	0.000000	0.000000	0.000000	0.000000	0.000000	1.000000	0.000000	0.000000	0.000000	0.000000
97	tsk_97	(x)	1	:	0.000000	0.000000	0.000000	0.010637	0.000000	0.489799	0.447269	0.017445	0.000000	0.034849
98	tsk_98	(x)	1	:	0.000000	0.000000	0.000000	0.000000	0.000000	1.000000	0.000000	0.000000	0.000000	0.000000
99	tsk_99	(x)	1	:	0.000000	0.000000	0.000000	0.000000	0.000000	1.000000	0.000000	0.000000	0.000000	0.000000
