logL = -387.101542 (converged)
AIC = 1744.203084
BIC = 3007.710624

count.K
1 6 7 39 47 

