logL = -1554.225913 (converged)
AIC = 3748.451826
BIC = 4582.106285

count.K
24 57 19 

