0	tsk_0	(x)	1	:	0.000000	0.000000	0.000000	0.584122	0.000000	0.000000	0.000000	0.000000	0.000000	0.415878
1	tsk_1	(x)	1	:	0.000000	0.000000	0.588846	0.000000	0.411154	0.000000	0.000000	0.000000	0.000000	0.000000
2	tsk_2	(x)	1	:	0.000000	0.000000	0.000000	0.000000	1.000000	0.000000	0.000000	0.000000	0.000000	0.000000
3	tsk_3	(x)	1	:	0.000000	0.499896	0.000000	0.336143	0.000000	0.000000	0.000000	0.000000	0.000000	0.163961
4	tsk_4	(x)	1	:	0.000000	0.498921	0.499361	0.000000	0.000117	0.000000	0.000000	0.000000	0.000000	0.001601
5	tsk_5	(x)	1	:	0.000000	0.000000	0.000000	0.336141	0.481136	0.000000	0.000000	0.000000	0.000000	0.182723
6	tsk_6	(x)	1	:	0.000000	0.000000	0.000000	0.533693	0.466307	0.000000	0.000000	0.000000	0.000000	0.000000
7	tsk_7	(x)	1	:	0.000000	0.472021	0.000000	0.527974	0.000000	0.000000	0.000000	0.000000	0.000000	0.000004
8	tsk_8	(x)	1	:	0.000000	0.000000	0.588846	0.000000	0.411154	0.000000	0.000000	0.000000	0.000000	0.000000
9	tsk_9	(x)	1	:	0.000000	0.472021	0.000000	0.527974	0.000000	0.000000	0.000000	0.000000	0.000000	0.000005
10	tsk_10	(x)	1	:	0.000000	1.000000	0.000000	0.000000	0.000000	0.000000	0.000000	0.000000	0.000000	0.000000
11	tsk_11	(x)	1	:	0.000000	0.498759	0.499285	0.000000	0.000112	0.000000	0.000000	0.000000	0.000000	0.001844
12	tsk_12	(x)	1	:	0.000000	0.500000	0.000000	0.000000	0.000000	0.000000	0.000000	0.000000	0.000000	0.500000
13	tsk_13	(x)	1	:	0.000000	0.000000	0.499952	0.336143	0.000000	0.000000	0.000000	0.000000	0.000000	0.163905
14	tsk_14	(x)	1	:	0.000000	0.499995	0.000000	0.000000	0.481190	0.000000	0.000000	0.000000	0.000000	0.018816
15	tsk_15	(x)	1	:	0.000000	0.000000	0.000000	0.584121	0.000000	0.000000	0.000000	0.000000	0.000000	0.415878
16	tsk_16	(x)	1	:	0.000000	0.498822	0.499315	0.000000	0.000113	0.000000	0.000000	0.000000	0.000000	0.001750
17	tsk_17	(x)	1	:	0.000000	0.500000	0.000000	0.000000	0.000000	0.000000	0.000000	0.000000	0.000000	0.500000
18	tsk_18	(x)	1	:	0.000000	0.498818	0.499314	0.000000	0.000112	0.000000	0.000000	0.000000	0.000000	0.001756
19	tsk_19	(x)	1	:	0.000000	0.498839	0.499323	0.000000	0.000113	0.000000	0.000000	0.000000	0.000000	0.001724
20	tsk_20	(x)	1	:	0.000000	0.498916	0.499361	0.000000	0.000114	0.000000	0.000000	0.000000	0.000000	0.001609
21	tsk_21	(x)	1	:	0.000000	0.500000	0.000000	0.000000	0.000000	0.000000	0.000000	0.000000	0.000000	0.500000
22	tsk_22	(x)	1	:	0.000000	0.000000	0.499873	0.000000	0.000000	0.000000	0.000000	0.499235	0.000000	0.000893
23	tsk_23	(x)	1	:	0.000000	0.000000	0.000000	0.000000	0.481193	0.000000	0.000000	0.000000	0.000000	0.518807
24	tsk_24	(x)	1	:	0.000000	0.498891	0.499350	0.000000	0.000112	0.000000	0.000000	0.000000	0.000000	0.001647
25	tsk_25	(x)	1	:	0.000000	0.000000	1.000000	0.000000	0.000000	0.000000	0.000000	0.000000	0.000000	0.000000
26	tsk_26	(x)	1	:	0.000000	0.000000	0.499787	0.000000	0.000121	0.000000	0.000000	0.499343	0.000000	0.000748
27	tsk_27	(x)	1	:	0.000000	0.500000	0.000000	0.000000	0.000000	0.000000	0.000000	0.000000	0.000000	0.500000
28	tsk_28	(x)	1	:	0.488913	0.000000	0.498102	0.012967	0.000018	0.000000	0.000000	0.000000	0.000000	0.000000
29	tsk_29	(x)	1	:	0.000000	0.000000	1.000000	0.000000	0.000000	0.000000	0.000000	0.000000	0.000000	0.000000
30	tsk_30	(x)	1	:	0.000000	0.000000	0.499964	0.000000	0.000043	0.000000	0.000000	0.000000	0.000000	0.499994
31	tsk_31	(x)	1	:	0.000000	0.500000	0.000000	0.000000	0.000000	0.000000	0.000000	0.000000	0.000000	0.500000
32	tsk_32	(x)	1	:	0.000000	0.500000	0.000000	0.000000	0.000000	0.000000	0.000000	0.000000	0.000000	0.500000
33	tsk_33	(x)	1	:	0.000000	0.000000	0.000000	0.000000	0.000000	0.000000	0.000000	0.000000	0.000000	1.000000
34	tsk_34	(x)	1	:	0.000000	0.000000	0.000000	0.336381	0.000000	0.000000	0.000000	0.000000	0.000000	0.663619
35	tsk_35	(x)	1	:	0.000000	0.000000	0.000000	0.000000	0.000000	0.000000	0.000000	0.000000	0.000000	1.000000
36	tsk_36	(x)	1	:	0.000000	0.000000	0.000000	0.251696	0.000000	0.000000	0.000000	0.000000	0.000000	0.748304
37	tsk_37	(x)	1	:	0.000000	0.000000	0.000000	0.336375	0.000000	0.000000	0.000000	0.000000	0.000000	0.663625
38	tsk_38	(x)	1	:	0.000000	0.000000	0.000000	0.000000	0.000000	0.000000	0.000000	0.000000	0.499842	0.500158
39	tsk_39	(x)	1	:	0.000000	0.000000	0.000000	0.000000	0.000000	0.000000	0.000000	0.000000	0.000000	1.000000
40	tsk_40	(x)	1	:	0.000000	0.000000	0.000000	0.665881	0.000000	0.000000	0.000000	0.000000	0.000000	0.334119
41	tsk_41	(x)	1	:	0.000000	0.499895	0.000000	0.336141	0.000000	0.000000	0.000000	0.000000	0.000000	0.163965
42	tsk_42	(x)	1	:	0.000000	0.000000	0.000000	0.978610	0.000000	0.000000	0.000000	0.000000	0.000000	0.021390
43	tsk_43	(x)	1	:	0.000000	0.000000	0.499859	0.335631	0.000000	0.000000	0.000000	0.000000	0.000000	0.164510
44	tsk_44	(x)	1	:	0.000000	0.499995	0.000000	0.000000	0.000000	0.138033	0.000000	0.000000	0.000000	0.361971
45	tsk_45	(x)	1	:	0.000000	0.000000	0.000000	0.000000	0.000000	0.562942	0.000000	0.000000	0.000000	0.437058
46	tsk_46	(x)	1	:	0.000000	0.000000	0.499887	0.419038	0.000000	0.000000	0.000000	0.000000	0.000000	0.081076
47	tsk_47	(x)	1	:	0.000000	0.000000	0.000000	0.336332	0.000000	0.138026	0.000000	0.000000	0.000000	0.525641
48	tsk_48	(x)	1	:	0.000000	0.500000	0.000000	0.000000	0.000000	0.000000	0.000000	0.000000	0.000000	0.500000
49	tsk_49	(x)	1	:	0.000000	0.499895	0.000000	0.336141	0.000000	0.000000	0.000000	0.000000	0.000000	0.163964
50	tsk_50	(x)	1	:	0.000000	0.000000	0.483096	0.516817	0.000086	0.000000	0.000000	0.000000	0.000000	0.000000
51	tsk_51	(x)	1	:	0.000000	0.000000	0.000000	0.584122	0.000000	0.000000	0.000000	0.000000	0.000000	0.415878
52	tsk_52	(x)	1	:	0.000000	0.000000	0.500000	0.000000	0.000000	0.000000	0.000000	0.000000	0.000000	0.500000
53	tsk_53	(x)	1	:	0.000000	0.000000	0.000000	0.533693	0.466307	0.000000	0.000000	0.000000	0.000000	0.000000
54	tsk_54	(x)	1	:	0.000000	0.000000	0.000000	0.584121	0.000000	0.000000	0.000000	0.000000	0.000000	0.415879
55	tsk_55	(x)	1	:	0.000000	0.000000	0.500000	0.000000	0.000000	0.000000	0.000000	0.000000	0.000000	0.500000
56	tsk_56	(x)	1	:	0.000000	0.000000	0.000000	0.000000	1.000000	0.000000	0.000000	0.000000	0.000000	0.000000
57	tsk_57	(x)	1	:	0.000000	0.000000	0.513208	0.000000	0.000114	0.486678	0.000000	0.000000	0.000000	0.000000
58	tsk_58	(x)	1	:	0.000000	0.000000	0.000000	0.000000	0.481193	0.000000	0.000000	0.000000	0.000000	0.518807
59	tsk_59	(x)	1	:	0.000000	0.000000	0.000000	0.000000	1.000000	0.000000	0.000000	0.000000	0.000000	0.000000
60	tsk_60	(x)	1	:	0.000000	0.000000	0.000000	0.000000	0.000000	0.000000	0.000000	0.000000	0.499939	0.500061
61	tsk_61	(x)	1	:	0.000000	0.000000	0.000000	0.000000	0.000000	0.000000	0.000000	0.000000	0.000000	1.000000
62	tsk_62	(x)	1	:	0.000000	0.000000	0.000000	0.000000	0.000000	0.000000	0.000000	0.000000	1.000000	0.000000
63	tsk_63	(x)	1	:	0.000000	0.000000	0.499600	0.000000	0.000114	0.000000	0.000000	0.000000	0.498179	0.002107
64	tsk_64	(x)	1	:	0.000000	0.000000	0.000000	0.000000	0.000000	0.000000	0.000000	0.000000	0.000000	1.000000
65	tsk_65	(x)	1	:	0.000000	0.000000	0.000000	0.366676	0.000000	0.000000	0.633324	0.000000	0.000000	0.000000
66	tsk_66	(x)	1	:	0.000000	0.500000	0.000000	0.000000	0.000000	0.000000	0.000000	0.000000	0.000000	0.500000
67	tsk_67	(x)	1	:	0.000000	0.499887	0.000000	0.336120	0.000000	0.000000	0.000000	0.000000	0.000000	0.163993
68	tsk_68	(x)	1	:	0.000000	1.000000	0.000000	0.000000	0.000000	0.000000	0.000000	0.000000	0.000000	0.000000
69	tsk_69	(x)	1	:	0.000000	0.499825	0.000000	0.335964	0.000000	0.000000	0.000000	0.000000	0.000000	0.164211
70	tsk_70	(x)	1	:	0.000000	0.000000	0.000000	0.000000	0.000000	0.000000	0.000000	0.000000	0.499988	0.500012
71	tsk_71	(x)	1	:	0.000000	0.000000	0.500000	0.000000	0.000000	0.000000	0.000000	0.000000	0.000000	0.500000
72	tsk_72	(x)	1	:	0.000000	0.499246	0.000000	0.000000	0.000000	0.000000	0.000000	0.497733	0.000000	0.003021
73	tsk_73	(x)	1	:	0.000000	0.498691	0.000000	0.000000	0.000000	0.000000	0.000000	0.000000	0.496052	0.005257
74	tsk_74	(x)	1	:	0.000000	0.000000	0.000000	0.000000	0.000000	0.000000	0.000000	0.000000	0.499955	0.500045
75	tsk_75	(x)	1	:	0.000000	0.498982	0.000000	0.000000	0.000000	0.000000	0.000000	0.496933	0.000000	0.004085
76	tsk_76	(x)	1	:	0.000000	0.000000	0.499792	0.000000	0.000117	0.000000	0.000000	0.499355	0.000000	0.000735
77	tsk_77	(x)	1	:	0.000000	0.000000	0.499686	0.000000	0.000116	0.000000	0.000000	0.000000	0.498709	0.001488
78	tsk_78	(x)	1	:	0.000000	0.498763	0.000000	0.000000	0.000000	0.000000	0.000000	0.000000	0.496269	0.004968
79	tsk_79	(x)	1	:	0.000000	0.498765	0.000000	0.000000	0.000000	0.000000	0.000000	0.000000	0.496276	0.004959
80	tsk_80	(x)	1	:	0.000000	0.000000	0.000000	0.000000	1.000000	0.000000	0.000000	0.000000	0.000000	0.000000
81	tsk_81	(x)	1	:	0.000000	0.000000	0.364204	0.000000	0.635796	0.000000	0.000000	0.000000	0.000000	0.000000
82	tsk_82	(x)	1	:	0.000000	0.000000	0.000000	0.000000	0.000000	0.000000	0.000000	0.000000	0.000000	1.000000
83	tsk_83	(x)	1	:	0.000000	0.000000	0.000000	0.000000	1.000000	0.000000	0.000000	0.000000	0.000000	0.000000
84	tsk_84	(x)	1	:	0.000000	0.000000	0.000000	0.000000	0.536758	0.000000	0.000000	0.000000	0.000000	0.463242
85	tsk_85	(x)	1	:	0.000000	0.000000	0.364204	0.000000	0.635796	0.000000	0.000000	0.000000	0.000000	0.000000
86	tsk_86	(x)	1	:	0.000000	0.500000	0.000000	0.000000	0.000000	0.000000	0.000000	0.000000	0.000000	0.500000
87	tsk_87	(x)	1	:	0.000000	0.000000	0.000000	0.550256	0.000000	0.000000	0.000000	0.000000	0.449744	0.000000
88	tsk_88	(x)	1	:	0.000000	0.000000	0.364204	0.000000	0.635796	0.000000	0.000000	0.000000	0.000000	0.000000
89	tsk_89	(x)	1	:	0.000000	0.498831	0.499320	0.000000	0.000112	0.000000	0.000000	0.000000	0.000000	0.001737
90	tsk_90	(x)	1	:	0.000000	0.000000	0.000000	0.000000	0.000000	0.468524	0.000000	0.000000	0.512516	0.018959
91	tsk_91	(x)	1	:	0.000000	0.000000	0.491273	0.000000	0.000057	0.000000	0.508670	0.000000	0.000000	0.000000
92	tsk_92	(x)	1	:	0.500000	0.000000	0.000000	0.000000	0.000000	0.000000	0.000000	0.000000	0.000000	0.500000
93	tsk_93	(x)	1	:	0.000000	0.000000	0.000000	0.336137	0.000000	0.000000	0.000000	0.000000	0.499616	0.164247
94	tsk_94	(x)	1	:	0.000000	0.000000	0.513207	0.000000	0.000115	0.486677	0.000000	0.000000	0.000000	0.000000
95	tsk_95	(x)	1	:	0.000000	0.000000	1.000000	0.000000	0.000000	0.000000	0.000000	0.000000	0.000000	0.000000
96	tsk_96	(x)	1	:	0.000000	0.000000	0.483097	0.516817	0.000086	0.000000	0.000000	0.000000	0.000000	0.000000
97	tsk_97	(x)	1	:	0.500000	0.000000	0.000000	0.000000	0.000000	0.000000	0.000000	0.000000	0.000000	0.500000
98	tsk_98	(x)	1	:	0.000000	0.000000	0.000000	0.551579	0.000000	0.448421	0.000000	0.000000	0.000000	0.000000
99	tsk_99	(x)	1	:	0.000000	0.000000	0.000000	0.000000	0.000000	0.464433	0.000000	0.000000	0.000000	0.535566
