logL = -349.867029 (converged)
AIC = 2371.734059
BIC = 4549.656334

count.K
14 1 4 11 3 59 1 7 

