logL = -407.974703 (converged)
AIC = 1317.949406
BIC = 1971.847123

count.K
16 39 45 

