logL = -634.722922 (converged)
AIC = 3629.445844
BIC = 6703.546664

count.K
18 3 3 30 8 3 12 8 9 6 

