logL = -118.977970 (converged)
AIC = 649.955939
BIC = 1043.832678

count.K
15 15 11 9 

