logL = -393.737531 (converged)
AIC = 1335.475061
BIC = 1859.369365

count.K
10 11 5 24 

