logL = -267.911875 (converged)
AIC = 1035.823751
BIC = 1513.829502

count.K
10 9 17 14 

