logL = -383.311381 (converged)
AIC = 1080.622761
BIC = 1380.810373

count.K
29 9 12 

