logL = -256.994018 (converged)
AIC = 965.988036
BIC = 1398.105235

count.K
10 7 24 9 

