logL = -703.054535 (converged)
AIC = 1598.109070
BIC = 1781.663279

count.K
13 37 

