logL = -175.960172 (converged)
AIC = 495.920344
BIC = 633.586000

count.K
13 37 

