logL = -51.080285 (converged)
AIC = 374.160571
BIC = 634.195699

count.K
10 20 20 

