logL = -22.113431 (converged)
AIC = 688.226861
BIC = 1303.898269

count.K
1 7 13 9 15 5 

