logL = -259.265938 (converged)
AIC = 838.531875
BIC = 1144.455556

count.K
2 11 37 

