logL = -272.764642 (converged)
AIC = 907.529283
BIC = 1253.605447

count.K
8 18 24 

