logL = -75.550738 (converged)
AIC = 731.101475
BIC = 1285.588147

count.K
25 19 3 2 1 

