logL = -267.938036 (converged)
AIC = 695.876072
BIC = 848.837912

count.K
41 9 

