logL = -320.661258 (converged)
AIC = 805.322516
BIC = 962.108402

count.K
30 20 

