logL = -129.669026 (converged)
AIC = 687.338053
BIC = 1096.510976

count.K
20 5 7 18 

