logL = -148.478844 (converged)
AIC = 432.957689
BIC = 562.975253

count.K
22 28 

