logL = -187.855908 (converged)
AIC = 665.711816
BIC = 942.955152

count.K
18 20 12 

