logL = -137.831617 (converged)
AIC = 687.663235
BIC = 1081.539974

count.K
16 9 15 10 

