logL = -247.032420 (converged)
AIC = 820.064840
BIC = 1131.724590

count.K
18 20 12 

