logL = -541.139626 (converged)
AIC = 1262.279251
BIC = 1434.361322

count.K
30 20 

