logL = -306.970011 (converged)
AIC = 1213.940021
BIC = 1787.546923

count.K
11 6 21 8 4 

