logL = -160.261793 (converged)
AIC = 988.523587
BIC = 1627.139271

count.K
9 1 5 14 12 9 

