logL = -368.023535 (converged)
AIC = 908.047071
BIC = 1072.481049

count.K
10 40 

