logL = -120.441418 (converged)
AIC = 708.882836
BIC = 1156.296220

count.K
19 21 8 2 

