logL = -349.753751 (converged)
AIC = 1643.507502
BIC = 2545.982360

count.K
10 9 13 1 11 6 

