logL = -170.364788 (converged)
AIC = 1080.729576
BIC = 1788.178088

count.K
0 10 10 14 10 6 

