logL = -69.250150 (converged)
AIC = 782.500300
BIC = 1398.171708

count.K
6 11 9 13 10 1 

