logL = -51.690053 (converged)
AIC = 515.380107
BIC = 909.256846

count.K
24 20 2 4 

