logL = -352.501559 (converged)
AIC = 1037.003118
BIC = 1354.398936

count.K
17 20 13 

