logL = -176.066007 (converged)
AIC = 982.132014
BIC = 1584.419261

count.K
10 9 19 1 11 

