logL = -335.716943 (converged)
AIC = 1021.433886
BIC = 1356.037912

count.K
10 20 20 

