logL = -356.557705 (converged)
AIC = 921.115409
BIC = 1119.965802

count.K
27 23 

