logL = -136.848440 (converged)
AIC = 587.696881
BIC = 887.884493

count.K
26 11 13 

