logL = -89.998889 (converged)
AIC = 859.997779
BIC = 1510.085601

count.K
0 6 15 10 3 16 

