logL = -641.600373 (converged)
AIC = 1895.200747
BIC = 2480.279787

count.K
1 20 19 10 

