logL = -195.054590 (converged)
AIC = 1166.109181
BIC = 1907.974107

count.K
1 6 6 15 15 7 

