logL = -151.477464 (converged)
AIC = 470.954928
BIC = 631.564861

count.K
32 18 

