logL = -376.909547 (converged)
AIC = 1349.819095
BIC = 1919.601950

count.K
6 16 11 17 

