logL = -20.790287 (converged)
AIC = 501.580574
BIC = 941.345865

count.K
1 13 2 3 31 

