logL = -220.731215 (converged)
AIC = 861.462429
BIC = 1262.987260

count.K
18 12 8 12 

