logL = -160.846763 (converged)
AIC = 931.693526
BIC = 1514.860542

count.K
19 1 2 8 20 

