logL = -161.672987 (converged)
AIC = 759.345974
BIC = 1176.166989

count.K
9 25 11 5 

