logL = -197.638755 (converged)
AIC = 539.277511
BIC = 676.943167

count.K
40 10 

