logL = -256.522505 (converged)
AIC = 989.045009
BIC = 1444.106485

count.K
20 4 10 16 

