logL = -207.090579 (converged)
AIC = 716.181158
BIC = 1004.896632

count.K
7 16 27 

