logL = -149.342766 (converged)
AIC = 870.685532
BIC = 1417.524112

count.K
5 18 15 12 

