logL = -143.635005 (converged)
AIC = 577.270010
BIC = 854.513346

count.K
21 24 5 

