logL = -199.268671 (converged)
AIC = 742.537343
BIC = 1071.405300

count.K
21 21 8 

