logL = -181.169135 (converged)
AIC = 1090.338270
BIC = 1786.314644

count.K
8 3 20 2 10 7 

