logL = -261.202989 (converged)
AIC = 926.405979
BIC = 1312.634626

count.K
18 12 20 

