logL = -320.227110 (converged)
AIC = 836.454220
BIC = 1023.832475

count.K
17 33 

