logL = -111.977375 (converged)
AIC = 483.954750
BIC = 732.517741

count.K
2 30 18 

