logL = -168.646658 (converged)
AIC = 773.293317
BIC = 1190.114332

count.K
9 18 9 14 

