logL = -126.593595 (converged)
AIC = 773.187189
BIC = 1270.313171

count.K
1 18 11 13 7 

