logL = -115.237755 (converged)
AIC = 618.475510
BIC = 989.407973

count.K
15 16 2 17 

