logL = -425.805896 (converged)
AIC = 1699.611791
BIC = 2510.309546

count.K
4 6 8 3 21 8 

