logL = -255.839023 (converged)
AIC = 1335.678047
BIC = 2123.431525

count.K
10 10 1 13 9 7 

