logL = -177.078140 (converged)
AIC = 626.156281
BIC = 886.191409

count.K
9 29 12 

