logL = -232.223498 (converged)
AIC = 956.446996
BIC = 1426.804655

count.K
10 12 7 21 

