logL = -153.524558 (converged)
AIC = 1107.049116
BIC = 1871.858318

count.K
11 4 18 1 5 11 

