0	tsk_0	(x)	1	:	0.000000	0.000000	1.000000	0.000000	0.000000	0.000000
1	tsk_1	(x)	1	:	0.000000	0.000000	1.000000	0.000000	0.000000	0.000000
2	tsk_2	(x)	1	:	0.000000	0.000000	1.000000	0.000000	0.000000	0.000000
3	tsk_3	(x)	1	:	0.000000	0.000000	1.000000	0.000000	0.000000	0.000000
4	tsk_4	(x)	1	:	0.000000	0.000000	1.000000	0.000000	0.000000	0.000000
5	tsk_5	(x)	1	:	0.000000	0.000000	1.000000	0.000000	0.000000	0.000000
6	tsk_6	(x)	1	:	0.000000	0.000000	1.000000	0.000000	0.000000	0.000000
7	tsk_7	(x)	1	:	0.000000	0.000000	1.000000	0.000000	0.000000	0.000000
8	tsk_8	(x)	1	:	0.000000	0.000000	1.000000	0.000000	0.000000	0.000000
9	tsk_9	(x)	1	:	0.000000	0.000000	1.000000	0.000000	0.000000	0.000000
10	tsk_10	(x)	1	:	0.589632	0.000000	0.000000	0.179833	0.000000	0.230534
11	tsk_11	(x)	1	:	0.589632	0.000000	0.000000	0.245330	0.000000	0.165038
12	tsk_12	(x)	1	:	0.000000	0.000002	0.514468	0.304358	0.000000	0.181172
13	tsk_13	(x)	1	:	0.589632	0.000000	0.000000	0.239834	0.000000	0.170534
14	tsk_14	(x)	1	:	0.589632	0.000000	0.000000	0.275765	0.000000	0.134603
15	tsk_15	(x)	1	:	0.000000	0.449229	0.000000	0.256922	0.000072	0.293776
16	tsk_16	(x)	1	:	0.000000	0.000000	0.000000	0.578225	0.000000	0.421775
17	tsk_17	(x)	1	:	0.589632	0.000000	0.000000	0.311104	0.000000	0.099264
18	tsk_18	(x)	1	:	0.589632	0.000000	0.000000	0.235149	0.000000	0.175219
19	tsk_19	(x)	1	:	0.000000	0.000000	0.000000	0.552304	0.000000	0.447696
20	tsk_20	(x)	1	:	0.000000	0.449301	0.000000	0.402782	0.000022	0.147895
21	tsk_21	(x)	1	:	0.000000	0.449288	0.000000	0.264002	0.000032	0.286678
22	tsk_22	(x)	1	:	0.000000	1.000000	0.000000	0.000000	0.000000	0.000000
23	tsk_23	(x)	1	:	0.000000	1.000000	0.000000	0.000000	0.000000	0.000000
24	tsk_24	(x)	1	:	0.000000	1.000000	0.000000	0.000000	0.000000	0.000000
25	tsk_25	(x)	1	:	0.000000	0.000000	0.000000	0.587118	0.000000	0.412882
26	tsk_26	(x)	1	:	0.000000	0.449322	0.000000	0.188079	0.000007	0.362591
27	tsk_27	(x)	1	:	0.000000	0.000000	0.000000	0.429577	0.000000	0.570423
28	tsk_28	(x)	1	:	0.000000	0.650482	0.000000	0.205509	0.000000	0.144010
29	tsk_29	(x)	1	:	0.000000	1.000000	0.000000	0.000000	0.000000	0.000000
30	tsk_30	(x)	1	:	0.000000	0.449326	0.000000	0.199725	0.000004	0.350945
31	tsk_31	(x)	1	:	0.000000	0.449242	0.000000	0.114843	0.000064	0.435851
32	tsk_32	(x)	1	:	0.000000	0.000000	0.000000	0.606266	0.000000	0.393734
33	tsk_33	(x)	1	:	0.000000	0.449333	0.000000	0.253620	0.000000	0.297047
34	tsk_34	(x)	1	:	0.000000	0.449312	0.000000	0.260912	0.000014	0.289762
35	tsk_35	(x)	1	:	0.000000	0.000000	0.000000	0.540915	0.000000	0.459085
36	tsk_36	(x)	1	:	0.000000	0.000000	0.000000	0.488554	0.000000	0.511445
37	tsk_37	(x)	1	:	0.000000	0.449333	0.000000	0.229652	0.000000	0.321016
38	tsk_38	(x)	1	:	0.000000	0.449333	0.000000	0.301658	0.000000	0.249009
39	tsk_39	(x)	1	:	0.000000	0.000000	0.000000	0.593226	0.000000	0.406774
40	tsk_40	(x)	1	:	0.000000	0.300518	0.000000	0.000001	0.699480	0.000001
41	tsk_41	(x)	1	:	0.000014	0.000000	0.000000	0.096952	0.543607	0.359427
42	tsk_42	(x)	1	:	0.000000	0.615819	0.000000	0.000000	0.384180	0.000000
43	tsk_43	(x)	1	:	0.000000	0.000000	0.000000	0.000000	1.000000	0.000000
44	tsk_44	(x)	1	:	0.000014	0.000000	0.000000	0.247877	0.543606	0.208504
45	tsk_45	(x)	1	:	0.000000	0.000518	0.000000	0.000000	0.999482	0.000000
46	tsk_46	(x)	1	:	0.000000	0.064149	0.000000	0.190368	0.383700	0.361783
47	tsk_47	(x)	1	:	0.000000	0.000454	0.000000	0.000000	0.999546	0.000000
48	tsk_48	(x)	1	:	0.000000	1.000000	0.000000	0.000000	0.000000	0.000000
49	tsk_49	(x)	1	:	0.000000	0.000605	0.000000	0.000000	0.999395	0.000000
