logL = -356.346219 (converged)
AIC = 892.692438
BIC = 1064.774509

count.K
35 15 

