logL = -397.588233 (converged)
AIC = 1395.176466
BIC = 1968.783368

count.K
8 14 8 6 14 

