logL = -222.991128 (converged)
AIC = 765.982255
BIC = 1071.905936

count.K
7 23 20 

