0	tsk_0	(x)	1	:	0.000000	1.000000	0.000000	0.000000	0.000000	0.000000
1	tsk_1	(x)	1	:	0.000000	1.000000	0.000000	0.000000	0.000000	0.000000
2	tsk_2	(x)	1	:	0.341557	0.000000	0.000000	0.658443	0.000000	0.000000
3	tsk_3	(x)	1	:	0.000000	1.000000	0.000000	0.000000	0.000000	0.000000
4	tsk_4	(x)	1	:	0.016286	0.483380	0.000000	0.500335	0.000000	0.000000
5	tsk_5	(x)	1	:	0.094767	0.483377	0.000000	0.421855	0.000000	0.000000
6	tsk_6	(x)	1	:	0.000000	1.000000	0.000000	0.000000	0.000000	0.000000
7	tsk_7	(x)	1	:	0.000104	0.000000	0.999781	0.000114	0.000001	0.000000
8	tsk_8	(x)	1	:	0.348857	0.000000	0.000000	0.651143	0.000000	0.000000
9	tsk_9	(x)	1	:	0.679674	0.000000	0.000000	0.320326	0.000000	0.000000
10	tsk_10	(x)	1	:	0.299305	0.518276	0.000000	0.182418	0.000000	0.000000
11	tsk_11	(x)	1	:	0.282013	0.518276	0.000000	0.199710	0.000000	0.000000
12	tsk_12	(x)	1	:	0.831378	0.000000	0.000000	0.168622	0.000000	0.000000
13	tsk_13	(x)	1	:	0.239736	0.518276	0.000000	0.241987	0.000000	0.000000
14	tsk_14	(x)	1	:	0.387272	0.518276	0.000000	0.094451	0.000000	0.000000
15	tsk_15	(x)	1	:	0.000000	1.000000	0.000000	0.000000	0.000000	0.000000
16	tsk_16	(x)	1	:	0.273442	0.518276	0.000000	0.208281	0.000000	0.000000
17	tsk_17	(x)	1	:	0.000000	1.000000	0.000000	0.000000	0.000000	0.000000
18	tsk_18	(x)	1	:	0.518260	0.000000	0.000000	0.481740	0.000000	0.000000
19	tsk_19	(x)	1	:	0.243963	0.518276	0.000000	0.237760	0.000000	0.000000
20	tsk_20	(x)	1	:	0.305738	0.000000	0.000006	0.694256	0.000000	0.000000
21	tsk_21	(x)	1	:	0.693909	0.000000	0.000000	0.306091	0.000000	0.000000
22	tsk_22	(x)	1	:	0.306529	0.000000	0.000000	0.693471	0.000000	0.000000
23	tsk_23	(x)	1	:	0.337486	0.000000	0.000000	0.662514	0.000000	0.000000
24	tsk_24	(x)	1	:	0.373399	0.000000	0.000000	0.626601	0.000000	0.000000
25	tsk_25	(x)	1	:	0.474573	0.000000	0.000000	0.525427	0.000000	0.000000
26	tsk_26	(x)	1	:	0.427470	0.000000	0.000000	0.572530	0.000000	0.000000
27	tsk_27	(x)	1	:	0.472983	0.000000	0.000000	0.527017	0.000000	0.000000
28	tsk_28	(x)	1	:	0.426881	0.000000	0.000000	0.573119	0.000000	0.000000
29	tsk_29	(x)	1	:	0.637220	0.000000	0.000009	0.362771	0.000000	0.000000
30	tsk_30	(x)	1	:	0.000003	0.000000	0.000000	0.000001	0.000000	0.999996
31	tsk_31	(x)	1	:	0.131572	0.000000	0.000000	0.401895	0.000000	0.466533
32	tsk_32	(x)	1	:	0.358091	0.000000	0.000004	0.175279	0.000000	0.466625
33	tsk_33	(x)	1	:	0.213292	0.000000	0.000000	0.286807	0.499900	0.000000
34	tsk_34	(x)	1	:	0.298433	0.000000	0.000000	0.235043	0.000000	0.466523
35	tsk_35	(x)	1	:	0.000000	0.000000	0.000002	0.000000	0.999998	0.000000
36	tsk_36	(x)	1	:	0.474093	0.000000	0.000000	0.525907	0.000000	0.000000
37	tsk_37	(x)	1	:	0.351598	0.000000	0.000000	0.648402	0.000000	0.000000
38	tsk_38	(x)	1	:	0.599091	0.000000	0.000000	0.400909	0.000000	0.000000
39	tsk_39	(x)	1	:	0.000000	0.000000	0.000000	0.533912	0.000000	0.466088
40	tsk_40	(x)	1	:	0.000002	0.000000	0.000000	0.000001	0.000000	0.999996
41	tsk_41	(x)	1	:	0.000002	0.000000	0.000000	0.000002	0.000000	0.999996
42	tsk_42	(x)	1	:	0.000000	0.000000	0.000000	0.000000	0.000026	0.999974
43	tsk_43	(x)	1	:	0.000003	0.000000	0.000000	0.000001	0.000000	0.999996
44	tsk_44	(x)	1	:	0.000000	0.000000	0.000000	0.000000	0.000000	1.000000
45	tsk_45	(x)	1	:	0.000000	0.000000	0.000000	0.000000	0.000000	1.000000
46	tsk_46	(x)	1	:	0.000000	0.000000	0.000000	0.000000	0.000000	1.000000
47	tsk_47	(x)	1	:	0.000001	0.000000	0.000000	0.000001	0.000000	0.999998
48	tsk_48	(x)	1	:	0.000002	0.000000	0.000000	0.000002	0.000000	0.999997
49	tsk_49	(x)	1	:	0.000002	0.000000	0.000000	0.000000	0.000000	0.999997
