logL = -354.463400 (converged)
AIC = 1046.926801
BIC = 1370.058688

count.K
20 9 21 

