logL = -96.653873 (converged)
AIC = 813.307745
BIC = 1406.034877

count.K
2 17 4 18 0 9 

