logL = -307.875584 (converged)
AIC = 779.751168
BIC = 936.537054

count.K
31 19 

