logL = -144.196127 (converged)
AIC = 764.392255
BIC = 1219.453730

count.K
11 9 4 26 

