logL = -264.411948 (converged)
AIC = 1138.823896
BIC = 1721.990912

count.K
16 10 15 4 5 

