logL = -230.620805 (converged)
AIC = 1201.241611
BIC = 1908.690123

count.K
30 8 1 3 1 7 

