logL = -105.820350 (converged)
AIC = 519.640700
BIC = 814.092242

count.K
10 21 19 

