logL = -255.639382 (converged)
AIC = 1101.278763
BIC = 1665.325550

count.K
23 7 3 8 9 

