logL = -220.978863 (converged)
AIC = 901.957726
BIC = 1341.723017

count.K
20 8 2 20 

