logL = -84.048347 (converged)
AIC = 992.096695
BIC = 1779.850173

count.K
4 4 16 2 6 18 

