logL = -186.669577 (converged)
AIC = 793.339155
BIC = 1194.863986

count.K
18 10 16 6 

