logL = -109.647211 (converged)
AIC = 719.294423
BIC = 1197.300174

count.K
23 4 1 13 9 

