logL = -83.256073 (converged)
AIC = 666.512145
BIC = 1144.517897

count.K
2 19 20 5 4 

