logL = -467.609056 (converged)
AIC = 1171.218112
BIC = 1396.836826

count.K
21 29 

