logL = -138.139988 (converged)
AIC = 1112.279976
BIC = 1911.505592

count.K
14 7 2 11 7 9 

