logL = -163.982984 (converged)
AIC = 957.965967
BIC = 1560.253214

count.K
19 11 7 8 5 

