logL = -225.672586 (converged)
AIC = 1121.345172
BIC = 1761.872879

count.K
16 1 5 11 17 

