logL = -153.507931 (converged)
AIC = 1023.015862
BIC = 1707.520098

count.K
2 9 18 8 10 3 

