logL = -171.736878 (converged)
AIC = 803.473757
BIC = 1243.239048

count.K
10 4 11 25 

