logL = -378.723310 (converged)
AIC = 981.446621
BIC = 1195.593198

count.K
30 20 

