logL = -293.696062 (converged)
AIC = 1351.392125
BIC = 2081.784913

count.K
11 5 11 12 4 7 

