logL = -244.175080 (converged)
AIC = 1240.350161
BIC = 1959.270811

count.K
5 6 10 8 16 5 

