logL = -223.944538 (converged)
AIC = 899.889075
BIC = 1332.006274

count.K
12 19 8 11 

