logL = -140.239327 (converged)
AIC = 558.478654
BIC = 824.249852

count.K
10 13 27 

