logL = -231.629610 (converged)
AIC = 615.259221
BIC = 760.572969

count.K
19 31 

