logL = -127.535178 (converged)
AIC = 691.070356
BIC = 1107.891371

count.K
14 10 10 16 

