logL = -311.552805 (converged)
AIC = 783.105609
BIC = 936.067450

count.K
30 20 

