logL = -86.390413 (converged)
AIC = 568.780827
BIC = 947.361382

count.K
11 10 9 20 

