logL = -87.095542 (converged)
AIC = 570.191084
BIC = 948.771639

count.K
20 10 8 12 

