logL = -191.252417 (converged)
AIC = 866.504834
BIC = 1329.214401

count.K
9 4 11 26 

