logL = -159.046781 (converged)
AIC = 596.093563
BIC = 861.864760

count.K
19 12 19 

