logL = -232.829669 (converged)
AIC = 917.659339
BIC = 1349.776538

count.K
15 8 6 21 

