logL = -146.423690 (converged)
AIC = 728.847381
BIC = 1145.668396

count.K
13 5 8 24 

