logL = -511.538347 (converged)
AIC = 1361.076694
BIC = 1684.208582

count.K
7 12 31 

