logL = -34.004624 (converged)
AIC = 748.009249
BIC = 1398.097071

count.K
10 8 5 10 7 10 

