logL = -321.196611 (converged)
AIC = 818.393223
BIC = 986.651247

count.K
28 22 

