logL = -206.710835 (converged)
AIC = 569.421670
BIC = 718.559464

count.K
15 35 

