logL = -87.026830 (converged)
AIC = 416.053660
BIC = 647.408444

count.K
25 2 23 

