logL = -155.885491 (converged)
AIC = 637.770982
BIC = 949.430732

count.K
8 10 32 

