logL = -176.177215 (converged)
AIC = 512.354429
BIC = 665.316269

count.K
32 18 

