logL = -146.987750 (converged)
AIC = 833.975499
BIC = 1350.221711

count.K
2 1 12 11 24 

