logL = -368.305212 (converged)
AIC = 1086.610424
BIC = 1421.214450

count.K
19 17 14 

