logL = -217.998259 (converged)
AIC = 737.996517
BIC = 1026.711991

count.K
24 11 15 

