logL = -179.306610 (converged)
AIC = 842.613220
BIC = 1305.322787

count.K
11 11 17 11 

