logL = -221.685788 (converged)
AIC = 587.371577
BIC = 725.037233

count.K
19 31 

