logL = -279.670536 (converged)
AIC = 1075.341071
BIC = 1568.643007

count.K
7 21 16 6 

