logL = -202.260333 (converged)
AIC = 1204.520667
BIC = 1969.329869

count.K
0 11 0 14 23 2 

