logL = -250.353318 (converged)
AIC = 790.706636
BIC = 1067.949972

count.K
16 22 12 

