logL = -43.332605 (converged)
AIC = 694.665209
BIC = 1275.920203

count.K
2 20 7 10 8 3 

