logL = -141.704486 (converged)
AIC = 833.408971
BIC = 1359.215298

count.K
5 18 16 5 6 

