logL = -411.935848 (converged)
AIC = 1573.871695
BIC = 2290.880322

count.K
7 2 10 21 10 

