logL = -282.196908 (converged)
AIC = 1214.393815
BIC = 1835.801292

count.K
18 8 12 12 0 

