logL = -189.638615 (converged)
AIC = 723.277229
BIC = 1052.145186

count.K
22 20 8 

