logL = -144.728102 (converged)
AIC = 981.456204
BIC = 1643.016164

count.K
5 23 10 10 1 1 

