logL = -69.087909 (converged)
AIC = 854.175818
BIC = 1538.680054

count.K
3 24 18 2 2 1 

