logL = -84.204839 (converged)
AIC = 708.409679
BIC = 1224.655890

count.K
2 5 19 10 14 

