logL = -187.689581 (converged)
AIC = 965.379163
BIC = 1529.425949

count.K
3 12 8 17 10 

