logL = -146.325758 (converged)
AIC = 752.651517
BIC = 1192.416808

count.K
18 3 9 20 

