logL = -100.346391 (converged)
AIC = 892.692781
BIC = 1554.252741

count.K
12 10 11 6 2 9 

