logL = -404.611875 (converged)
AIC = 985.223751
BIC = 1153.481775

count.K
37 13 

