0	tsk_0	(x)	1	:	1.000000	0.000000	0.000000	0.000000	0.000000	0.000000
1	tsk_1	(x)	1	:	0.424177	0.000024	0.288493	0.211677	0.075629	0.000000
2	tsk_2	(x)	1	:	0.000000	0.000000	0.000000	1.000000	0.000000	0.000000
3	tsk_3	(x)	1	:	0.425304	0.000025	0.283519	0.217252	0.073900	0.000000
4	tsk_4	(x)	1	:	0.425537	0.000007	0.308489	0.192458	0.073508	0.000000
5	tsk_5	(x)	1	:	0.000000	0.000000	0.463171	0.536829	0.000000	0.000000
6	tsk_6	(x)	1	:	1.000000	0.000000	0.000000	0.000000	0.000000	0.000000
7	tsk_7	(x)	1	:	0.000000	0.000000	0.700138	0.299862	0.000000	0.000000
8	tsk_8	(x)	1	:	1.000000	0.000000	0.000000	0.000000	0.000000	0.000000
9	tsk_9	(x)	1	:	0.424872	0.000027	0.258439	0.242084	0.074578	0.000000
10	tsk_10	(x)	1	:	0.425804	0.000000	0.000000	0.000000	0.574196	0.000000
11	tsk_11	(x)	1	:	0.000000	0.000009	0.166096	0.335023	0.498872	0.000000
12	tsk_12	(x)	1	:	0.000000	0.000015	0.216262	0.284881	0.498841	0.000000
13	tsk_13	(x)	1	:	0.425804	0.000000	0.000000	0.000000	0.574196	0.000000
14	tsk_14	(x)	1	:	0.000000	0.000000	0.176240	0.823760	0.000000	0.000000
15	tsk_15	(x)	1	:	0.000000	0.000000	0.458630	0.541370	0.000000	0.000000
16	tsk_16	(x)	1	:	0.000000	0.000039	0.000000	0.000000	0.999961	0.000000
17	tsk_17	(x)	1	:	0.425803	0.000000	0.000000	0.000000	0.574197	0.000000
18	tsk_18	(x)	1	:	0.000000	0.000016	0.132624	0.368523	0.498838	0.000000
19	tsk_19	(x)	1	:	0.000000	0.000000	0.000000	1.000000	0.000000	0.000000
20	tsk_20	(x)	1	:	0.000000	0.000000	0.000000	0.000000	0.000000	1.000000
21	tsk_21	(x)	1	:	0.000000	0.000000	0.000000	0.000000	0.000000	1.000000
22	tsk_22	(x)	1	:	0.000000	0.000000	0.000000	0.000000	0.000000	1.000000
23	tsk_23	(x)	1	:	0.000000	0.000000	0.000000	0.000000	0.000000	1.000000
24	tsk_24	(x)	1	:	0.000000	0.000000	0.000000	1.000000	0.000000	0.000000
25	tsk_25	(x)	1	:	0.000000	0.000000	0.356509	0.643491	0.000000	0.000000
26	tsk_26	(x)	1	:	0.000000	0.000000	0.697989	0.302011	0.000000	0.000000
27	tsk_27	(x)	1	:	0.000000	0.000000	0.000000	1.000000	0.000000	0.000000
28	tsk_28	(x)	1	:	0.000000	0.000000	0.000000	0.000000	0.000000	1.000000
29	tsk_29	(x)	1	:	0.000000	0.000000	0.366398	0.633602	0.000000	0.000000
30	tsk_30	(x)	1	:	0.000000	0.000003	0.196165	0.304962	0.498871	0.000000
31	tsk_31	(x)	1	:	0.314520	0.000000	0.000000	0.000000	0.685479	0.000000
32	tsk_32	(x)	1	:	0.000000	0.999967	0.000000	0.000000	0.000033	0.000000
33	tsk_33	(x)	1	:	0.000000	0.999997	0.000000	0.000000	0.000003	0.000000
34	tsk_34	(x)	1	:	0.000000	0.494004	0.255522	0.244023	0.006450	0.000000
35	tsk_35	(x)	1	:	0.000000	0.999961	0.000000	0.000000	0.000039	0.000000
36	tsk_36	(x)	1	:	0.000000	0.999965	0.000000	0.000000	0.000035	0.000000
37	tsk_37	(x)	1	:	0.314520	0.000000	0.000000	0.000000	0.685479	0.000000
38	tsk_38	(x)	1	:	0.314452	0.515273	0.000000	0.000000	0.170275	0.000000
39	tsk_39	(x)	1	:	0.000000	0.515945	0.000000	0.000000	0.484055	0.000000
40	tsk_40	(x)	1	:	0.000000	0.000085	0.000000	0.000000	0.999915	0.000000
41	tsk_41	(x)	1	:	0.000000	0.000036	0.000000	0.000000	0.999964	0.000000
42	tsk_42	(x)	1	:	0.000000	0.000097	0.000000	0.000000	0.999903	0.000000
43	tsk_43	(x)	1	:	0.000000	0.000000	0.000000	0.000000	1.000000	0.000000
44	tsk_44	(x)	1	:	0.000000	0.000113	0.000000	0.000000	0.999887	0.000000
45	tsk_45	(x)	1	:	0.000000	0.000063	0.000000	0.000000	0.999937	0.000000
46	tsk_46	(x)	1	:	0.314520	0.000000	0.000000	0.000000	0.685479	0.000000
47	tsk_47	(x)	1	:	0.000000	0.000000	0.000000	0.000000	1.000000	0.000000
48	tsk_48	(x)	1	:	0.000000	0.000000	0.000000	0.000000	1.000000	0.000000
49	tsk_49	(x)	1	:	0.314520	0.000000	0.000000	0.000000	0.685479	0.000000
