logL = -99.714456 (converged)
AIC = 843.428912
BIC = 1459.100320

count.K
12 0 18 6 5 9 

