logL = -17.954035 (converged)
AIC = 545.908070
BIC = 1033.473936

count.K
10 1 20 8 11 

