0	tsk_0	(x)	1	:	0.000000	0.000000	1.000000	0.000000	0.000000	0.000000
1	tsk_1	(x)	1	:	0.000000	0.000000	1.000000	0.000000	0.000000	0.000000
2	tsk_2	(x)	1	:	0.000000	0.000000	0.999994	0.000000	0.000005	0.000000
3	tsk_3	(x)	1	:	0.000000	0.000000	0.443183	0.000000	0.556817	0.000000
4	tsk_4	(x)	1	:	0.000000	0.000000	1.000000	0.000000	0.000000	0.000000
5	tsk_5	(x)	1	:	0.000000	0.000000	0.999992	0.000000	0.000008	0.000000
6	tsk_6	(x)	1	:	0.000000	0.000000	0.574615	0.000000	0.425385	0.000000
7	tsk_7	(x)	1	:	0.000000	0.000000	0.999994	0.000000	0.000006	0.000000
8	tsk_8	(x)	1	:	0.000000	0.000000	0.574616	0.000000	0.425384	0.000000
9	tsk_9	(x)	1	:	0.000000	0.000000	1.000000	0.000000	0.000000	0.000000
10	tsk_10	(x)	1	:	0.000000	0.000000	1.000000	0.000000	0.000000	0.000000
11	tsk_11	(x)	1	:	0.000000	0.017774	0.476952	0.505274	0.000000	0.000000
12	tsk_12	(x)	1	:	0.000000	0.000000	0.000000	1.000000	0.000000	0.000000
13	tsk_13	(x)	1	:	0.000000	0.000000	0.999993	0.000000	0.000007	0.000000
14	tsk_14	(x)	1	:	0.000000	0.014742	0.479230	0.506028	0.000000	0.000000
15	tsk_15	(x)	1	:	0.000000	0.000000	0.490228	0.509772	0.000000	0.000000
16	tsk_16	(x)	1	:	0.000000	0.000000	0.999991	0.000000	0.000009	0.000000
17	tsk_17	(x)	1	:	0.000000	0.000000	1.000000	0.000000	0.000000	0.000000
18	tsk_18	(x)	1	:	0.000000	0.000000	1.000000	0.000000	0.000000	0.000000
19	tsk_19	(x)	1	:	0.000000	0.016191	0.478143	0.505666	0.000000	0.000000
20	tsk_20	(x)	1	:	0.000000	0.000000	0.000000	1.000000	0.000000	0.000000
21	tsk_21	(x)	1	:	0.093763	0.001207	0.000000	0.500013	0.000000	0.405017
22	tsk_22	(x)	1	:	0.000000	0.000000	0.000000	1.000000	0.000000	0.000000
23	tsk_23	(x)	1	:	0.000000	0.000299	0.000001	0.499927	0.499773	0.000000
24	tsk_24	(x)	1	:	0.331433	0.000236	0.000005	0.000000	0.499961	0.168365
25	tsk_25	(x)	1	:	0.065813	0.001122	0.000000	0.500029	0.000000	0.433036
26	tsk_26	(x)	1	:	0.289445	0.000005	0.000000	0.000000	0.000000	0.710550
27	tsk_27	(x)	1	:	0.032945	0.001291	0.000000	0.500021	0.000000	0.465744
28	tsk_28	(x)	1	:	0.251233	0.000005	0.000000	0.000000	0.000000	0.748762
29	tsk_29	(x)	1	:	0.000000	0.000000	0.000000	1.000000	0.000000	0.000000
30	tsk_30	(x)	1	:	0.094998	0.449944	0.000000	0.000000	0.000000	0.455058
31	tsk_31	(x)	1	:	0.435004	0.000005	0.000000	0.000000	0.000000	0.564991
32	tsk_32	(x)	1	:	0.207646	0.000288	0.000013	0.000000	0.499948	0.292105
33	tsk_33	(x)	1	:	0.091657	0.449996	0.000000	0.000000	0.000000	0.458347
34	tsk_34	(x)	1	:	0.120572	0.647847	0.000000	0.000000	0.000000	0.231581
35	tsk_35	(x)	1	:	0.065085	0.449947	0.000000	0.000000	0.000000	0.484968
36	tsk_36	(x)	1	:	0.000000	0.000000	0.000002	0.000000	0.999998	0.000000
37	tsk_37	(x)	1	:	0.000000	0.999976	0.000000	0.000000	0.000000	0.000024
38	tsk_38	(x)	1	:	0.000000	0.539918	0.000123	0.000000	0.459959	0.000000
39	tsk_39	(x)	1	:	0.501975	0.000005	0.000000	0.000000	0.000000	0.498020
40	tsk_40	(x)	1	:	0.000000	0.999912	0.000000	0.000000	0.000000	0.000088
41	tsk_41	(x)	1	:	0.000000	0.999944	0.000000	0.000000	0.000000	0.000056
42	tsk_42	(x)	1	:	0.206105	0.450043	0.000000	0.000000	0.000000	0.343852
43	tsk_43	(x)	1	:	0.000000	1.000000	0.000000	0.000000	0.000000	0.000000
44	tsk_44	(x)	1	:	0.000000	0.999962	0.000000	0.000000	0.000000	0.000037
45	tsk_45	(x)	1	:	0.000000	0.999956	0.000000	0.000000	0.000000	0.000044
46	tsk_46	(x)	1	:	0.000000	0.999946	0.000000	0.000000	0.000000	0.000054
47	tsk_47	(x)	1	:	0.000000	0.999915	0.000000	0.000000	0.000000	0.000085
48	tsk_48	(x)	1	:	0.000000	0.999968	0.000000	0.000000	0.000000	0.000032
49	tsk_49	(x)	1	:	0.000000	0.999956	0.000000	0.000000	0.000000	0.000044
