logL = -87.092746 (converged)
AIC = 818.185492
BIC = 1433.856900

count.K
2 1 16 16 13 2 

