logL = -398.081072 (converged)
AIC = 956.162145
BIC = 1109.123985

count.K
38 12 

