logL = -64.901152 (converged)
AIC = 749.802304
BIC = 1342.529436

count.K
17 18 5 7 2 1 

