logL = -224.615642 (converged)
AIC = 1141.231284
BIC = 1802.791244

count.K
8 3 5 12 4 18 

