logL = -133.983775 (converged)
AIC = 1055.967550
BIC = 1809.304614

count.K
12 10 2 7 7 12 

