logL = -263.067018 (converged)
AIC = 710.134037
BIC = 886.040153

count.K
10 40 

