logL = -201.597390 (converged)
AIC = 823.194780
BIC = 1224.719612

count.K
29 1 12 8 

