logL = -277.126115 (converged)
AIC = 1204.252230
BIC = 1825.659707

count.K
14 5 6 20 5 

