logL = -65.886111 (converged)
AIC = 307.772221
BIC = 476.030246

count.K
9 41 

