logL = -92.697876 (converged)
AIC = 565.395752
BIC = 928.680123

count.K
19 5 6 20 

