logL = -536.424378 (converged)
AIC = 1320.848756
BIC = 1557.939609

count.K
34 16 

