logL = -96.167279 (converged)
AIC = 452.334559
BIC = 700.897549

count.K
11 19 20 

