logL = -128.824652 (converged)
AIC = 913.649303
BIC = 1540.792849

count.K
7 11 23 6 3 0 

