logL = -265.911846 (converged)
AIC = 731.823692
BIC = 923.025993

count.K
20 30 

