logL = -159.190963 (converged)
AIC = 908.381926
BIC = 1472.428713

count.K
0 25 1 16 8 

