logL = -293.809280 (converged)
AIC = 1071.618559
BIC = 1534.328126

count.K
16 10 1 23 

