logL = -156.689962 (converged)
AIC = 765.379924
BIC = 1197.497123

count.K
13 4 0 33 

