logL = -296.243262 (converged)
AIC = 1222.486523
BIC = 1824.773770

count.K
9 6 8 10 17 

