logL = -388.604843 (converged)
AIC = 1697.209686
BIC = 2576.740268

count.K
7 3 10 15 2 13 

