logL = -306.100018 (converged)
AIC = 932.200036
BIC = 1238.123717

count.K
16 22 12 

