logL = -139.579570 (converged)
AIC = 849.159140
BIC = 1394.085696

count.K
4 9 18 10 9 

