logL = -290.614407 (converged)
AIC = 895.228814
BIC = 1195.416425

count.K
8 14 28 

