logL = -104.440399 (converged)
AIC = 728.880798
BIC = 1226.006780

count.K
0 1 23 15 11 

