logL = -699.709420 (converged)
AIC = 1947.418839
BIC = 2471.313143

count.K
13 4 18 15 

