logL = -245.393366 (converged)
AIC = 690.786732
BIC = 881.989033

count.K
17 33 

