logL = -211.434117 (converged)
AIC = 730.868235
BIC = 1025.319778

count.K
20 20 10 

