logL = -226.162652 (converged)
AIC = 904.325303
BIC = 1336.442502

count.K
22 16 4 8 

