logL = -214.645848 (converged)
AIC = 569.291695
BIC = 703.133305

count.K
33 17 

