logL = -423.183371 (converged)
AIC = 1022.366743
BIC = 1190.624767

count.K
20 30 

