logL = -209.214642 (converged)
AIC = 1170.429285
BIC = 1889.349935

count.K
7 2 11 2 11 17 

