logL = -158.441723 (converged)
AIC = 588.883446
BIC = 848.918575

count.K
27 14 9 

