logL = -145.297201 (converged)
AIC = 580.594402
BIC = 857.837738

count.K
29 1 20 

