logL = -114.634554 (converged)
AIC = 909.269109
BIC = 1559.356931

count.K
0 3 20 20 7 

