logL = -166.288761 (converged)
AIC = 1300.577522
BIC = 2225.996657

count.K
9 11 10 7 9 4 

