logL = -44.243556 (converged)
AIC = 354.487112
BIC = 608.786171

count.K
10 20 20 

