logL = -260.538941 (converged)
AIC = 681.077882
BIC = 834.039722

count.K
31 19 

