logL = -210.341513 (converged)
AIC = 920.683026
BIC = 1398.688777

count.K
14 17 9 10 

