logL = -251.215658 (converged)
AIC = 822.431315
BIC = 1128.354996

count.K
20 2 28 

