logL = -239.093701 (converged)
AIC = 1206.187403
BIC = 1902.163777

count.K
9 3 4 9 14 11 

