logL = -128.665984 (converged)
AIC = 397.331967
BIC = 531.173578

count.K
30 20 

