logL = -25.002575 (converged)
AIC = 570.005150
BIC = 1067.131131

count.K
10 18 2 7 13 

