logL = -239.758178 (converged)
AIC = 799.516356
BIC = 1105.440037

count.K
35 9 6 

