logL = -157.651312 (converged)
AIC = 587.302624
BIC = 847.337753

count.K
14 18 18 

