logL = -231.726052 (converged)
AIC = 639.452104
BIC = 807.710128

count.K
11 39 

