logL = -176.038365 (converged)
AIC = 1056.076729
BIC = 1729.108827

count.K
2 12 23 4 3 6 

