logL = -375.778802 (converged)
AIC = 919.557603
BIC = 1080.167536

count.K
14 36 

