logL = -241.448789 (converged)
AIC = 778.897578
BIC = 1061.876983

count.K
25 6 19 

