logL = -34.004704 (converged)
AIC = 618.009409
BIC = 1143.815735

count.K
12 8 10 10 10 

