logL = -224.303548 (converged)
AIC = 750.607095
BIC = 1039.322569

count.K
20 16 14 

