logL = -77.780207 (converged)
AIC = 775.560414
BIC = 1368.287545

count.K
5 4 13 2 23 3 

