logL = -569.769134 (converged)
AIC = 1513.538269
BIC = 1871.086571

count.K
28 5 17 

