logL = -114.378283 (converged)
AIC = 758.756567
BIC = 1265.442663

count.K
3 16 14 6 11 

