logL = -241.042179 (converged)
AIC = 942.084358
BIC = 1381.849649

count.K
8 28 4 10 

