logL = -141.755537 (converged)
AIC = 1083.511075
BIC = 1848.320277

count.K
15 4 4 2 1 24 

