logL = -109.750576 (converged)
AIC = 947.501152
BIC = 1643.477525

count.K
3 4 7 24 10 2 

