logL = -435.507630 (converged)
AIC = 1403.015261
BIC = 1911.613380

count.K
9 10 20 11 

