logL = -235.332512 (converged)
AIC = 666.665024
BIC = 854.043279

count.K
8 42 

