logL = -266.215418 (converged)
AIC = 1024.430835
BIC = 1494.788495

count.K
18 20 3 9 

