logL = -171.802194 (converged)
AIC = 663.604389
BIC = 969.528070

count.K
9 21 20 

