logL = -125.186601 (converged)
AIC = 918.373203
BIC = 1556.988887

count.K
12 1 12 1 12 12 

