logL = -255.150834 (converged)
AIC = 1180.301667
BIC = 1820.829374

count.K
1 19 11 3 16 

