logL = -119.886059 (converged)
AIC = 619.772117
BIC = 983.056488

count.K
15 13 15 7 

