logL = -185.998252 (converged)
AIC = 871.996503
BIC = 1350.002255

count.K
16 14 3 17 

