logL = -127.011221 (converged)
AIC = 526.022442
BIC = 786.057571

count.K
20 10 20 

