logL = -143.354936 (converged)
AIC = 846.709872
BIC = 1382.076313

count.K
15 10 1 6 18 

