0	tsk_0	(x)	1	:	0.000000	0.308356	0.001110	0.000000	0.690534
1	tsk_1	(x)	1	:	0.000000	0.478846	0.000508	0.000000	0.520646
2	tsk_2	(x)	1	:	0.000000	0.000005	0.000673	0.000000	0.999322
3	tsk_3	(x)	1	:	0.000000	0.308361	0.000511	0.000000	0.691128
4	tsk_4	(x)	1	:	0.000000	0.000004	0.001128	0.000000	0.998868
5	tsk_5	(x)	1	:	0.000000	0.508282	0.000315	0.000000	0.491403
6	tsk_6	(x)	1	:	0.000000	0.000003	0.001316	0.000000	0.998681
7	tsk_7	(x)	1	:	0.000000	0.308359	0.000737	0.000000	0.690905
8	tsk_8	(x)	1	:	0.000000	0.308357	0.000981	0.000000	0.690662
9	tsk_9	(x)	1	:	0.000000	0.308361	0.000463	0.000000	0.691176
10	tsk_10	(x)	1	:	0.000000	0.999786	0.000000	0.000000	0.000214
11	tsk_11	(x)	1	:	0.000000	0.273050	0.000000	0.000000	0.726950
12	tsk_12	(x)	1	:	0.000000	0.000000	0.000000	0.000000	1.000000
13	tsk_13	(x)	1	:	0.000000	0.999803	0.000000	0.000000	0.000197
14	tsk_14	(x)	1	:	0.000000	0.999812	0.000000	0.000000	0.000188
15	tsk_15	(x)	1	:	0.000000	0.000000	0.000000	0.000000	1.000000
16	tsk_16	(x)	1	:	0.000000	0.273050	0.000000	0.000000	0.726950
17	tsk_17	(x)	1	:	0.000000	0.273050	0.000000	0.000000	0.726950
18	tsk_18	(x)	1	:	0.000000	0.389442	0.000855	0.000000	0.609703
19	tsk_19	(x)	1	:	0.000000	0.999795	0.000000	0.000000	0.000204
20	tsk_20	(x)	1	:	0.000000	0.000005	0.001529	0.000000	0.998467
21	tsk_21	(x)	1	:	0.000000	0.000006	0.001554	0.000000	0.998440
22	tsk_22	(x)	1	:	0.000000	0.000000	0.999935	0.000000	0.000065
23	tsk_23	(x)	1	:	0.000000	0.000006	0.001890	0.000000	0.998105
24	tsk_24	(x)	1	:	0.000000	0.000005	0.001019	0.000000	0.998976
25	tsk_25	(x)	1	:	0.000000	0.000000	0.000000	0.000000	1.000000
26	tsk_26	(x)	1	:	0.000000	0.000005	0.001503	0.000000	0.998492
27	tsk_27	(x)	1	:	0.000000	0.000000	0.000002	0.000000	0.999998
28	tsk_28	(x)	1	:	0.000000	0.000004	0.001088	0.000000	0.998907
29	tsk_29	(x)	1	:	0.000000	0.000004	0.000878	0.000000	0.999118
30	tsk_30	(x)	1	:	0.000000	0.000000	0.498925	0.501075	0.000000
31	tsk_31	(x)	1	:	0.498153	0.000003	0.355437	0.000000	0.146407
32	tsk_32	(x)	1	:	0.000000	0.000003	0.000616	0.000000	0.999381
33	tsk_33	(x)	1	:	0.000000	0.000005	0.001119	0.000000	0.998876
34	tsk_34	(x)	1	:	0.493467	0.000000	0.006369	0.500164	0.000000
35	tsk_35	(x)	1	:	0.000000	0.000004	0.001121	0.000000	0.998875
36	tsk_36	(x)	1	:	0.000000	0.000000	0.498925	0.501075	0.000000
37	tsk_37	(x)	1	:	0.000000	0.000000	0.000000	1.000000	0.000000
38	tsk_38	(x)	1	:	0.000000	0.000004	0.001114	0.000000	0.998882
39	tsk_39	(x)	1	:	0.000000	0.000000	0.498925	0.501075	0.000000
40	tsk_40	(x)	1	:	1.000000	0.000000	0.000000	0.000000	0.000000
41	tsk_41	(x)	1	:	0.545625	0.000007	0.251045	0.000000	0.203323
42	tsk_42	(x)	1	:	0.545731	0.000005	0.223614	0.000000	0.230649
43	tsk_43	(x)	1	:	1.000000	0.000000	0.000000	0.000000	0.000000
44	tsk_44	(x)	1	:	0.498162	0.000004	0.352175	0.000000	0.149659
45	tsk_45	(x)	1	:	0.498223	0.000004	0.333211	0.000000	0.168561
46	tsk_46	(x)	1	:	0.498037	0.000003	0.391438	0.000000	0.110522
47	tsk_47	(x)	1	:	0.498114	0.000003	0.368108	0.000000	0.133775
48	tsk_48	(x)	1	:	0.498134	0.000004	0.360985	0.000000	0.140878
49	tsk_49	(x)	1	:	0.498096	0.000003	0.373180	0.000000	0.128721
