logL = -261.407949 (converged)
AIC = 1014.815899
BIC = 1485.173558

count.K
9 18 1 22 

