logL = -51.339770 (converged)
AIC = 806.679541
BIC = 1479.711639

count.K
7 3 1 20 18 1 

