logL = -83.084200 (converged)
AIC = 570.168399
BIC = 956.397047

count.K
16 14 9 11 

