logL = -292.420513 (converged)
AIC = 752.841026
BIC = 913.450958

count.K
19 31 

