logL = -37.712171 (converged)
AIC = 389.424341
BIC = 689.611953

count.K
38 9 3 

