logL = -334.302066 (converged)
AIC = 1018.604132
BIC = 1353.208157

count.K
17 21 12 

