logL = -427.889092 (converged)
AIC = 1031.778184
BIC = 1200.036208

count.K
23 27 

