logL = -56.843088 (converged)
AIC = 603.686175
BIC = 1072.131811

count.K
16 9 14 7 4 

