logL = -153.514153 (converged)
AIC = 573.028307
BIC = 827.327367

count.K
10 17 23 

