logL = -91.183723 (converged)
AIC = 732.367446
BIC = 1258.173773

count.K
1 2 12 19 16 

