logL = -131.696117 (converged)
AIC = 667.392234
BIC = 1053.620881

count.K
20 5 14 11 

