logL = -199.151535 (converged)
AIC = 1038.303069
BIC = 1650.150431

count.K
7 9 3 12 19 

