logL = -540.121333 (converged)
AIC = 1288.242665
BIC = 1487.093058

count.K
6 44 

