logL = -397.477832 (converged)
AIC = 990.955664
BIC = 1178.333918

count.K
20 30 

