logL = -184.219632 (converged)
AIC = 524.439264
BIC = 673.577059

count.K
20 30 

