logL = -166.436161 (converged)
AIC = 1060.872322
BIC = 1756.848696

count.K
13 6 7 10 6 8 

