logL = -531.499584 (converged)
AIC = 1242.999168
BIC = 1415.081239

count.K
20 30 

