logL = -415.944755 (converged)
AIC = 1307.889510
BIC = 1762.950985

count.K
19 9 8 14 

