logL = -167.052226 (converged)
AIC = 786.104451
BIC = 1218.221650

count.K
15 11 5 19 

