logL = -251.070725 (converged)
AIC = 1278.141450
BIC = 2020.006377

count.K
9 0 14 2 11 14 

