logL = -574.805783 (converged)
AIC = 1341.611566
BIC = 1525.165775

count.K
12 38 

