logL = -369.757014 (converged)
AIC = 1479.514027
BIC = 2186.962539

count.K
19 10 10 3 8 

