logL = -104.285096 (converged)
AIC = 708.570193
BIC = 1186.575944

count.K
17 9 3 18 3 

