logL = -420.936545 (converged)
AIC = 1077.873089
BIC = 1303.491804

count.K
10 40 

