logL = -517.325373 (converged)
AIC = 1214.650747
BIC = 1386.732817

count.K
28 22 

