logL = -829.098176 (converged)
AIC = 1914.196352
BIC = 2158.935296

count.K
16 34 

