logL = -456.782863 (converged)
AIC = 1117.565727
BIC = 1312.592073

count.K
25 25 

