logL = -132.992627 (converged)
AIC = 401.985255
BIC = 532.002819

count.K
23 27 

