logL = -198.966964 (converged)
AIC = 545.933928
BIC = 687.423630

count.K
20 30 

