logL = -230.750261 (converged)
AIC = 1081.500521
BIC = 1674.227653

count.K
10 11 7 13 9 

