logL = -316.742865 (converged)
AIC = 935.485731
BIC = 1224.201205

count.K
8 35 7 

