logL = -255.315532 (converged)
AIC = 670.631064
BIC = 823.592904

count.K
29 21 

