logL = -382.605541 (converged)
AIC = 1097.211082
BIC = 1414.606901

count.K
19 21 10 

