logL = -192.050767 (converged)
AIC = 984.101533
BIC = 1557.708435

count.K
9 12 22 6 1 

