logL = -50.873366 (converged)
AIC = 337.746732
BIC = 563.365447

count.K
7 23 20 

