logL = -147.871732 (converged)
AIC = 621.743463
BIC = 933.403213

count.K
19 12 19 

