logL = -127.746823 (converged)
AIC = 557.493646
BIC = 846.209120

count.K
30 8 12 

