logL = -92.170105 (converged)
AIC = 694.340210
BIC = 1181.906076

count.K
14 14 17 3 2 

