logL = -212.160028 (converged)
AIC = 714.320056
BIC = 991.563392

count.K
28 5 17 

