logL = -266.335001 (converged)
AIC = 1202.670002
BIC = 1843.197709

count.K
22 7 5 14 2 

