logL = -228.813577 (converged)
AIC = 1057.627153
BIC = 1631.234055

count.K
25 12 2 8 3 

