logL = -71.189845 (converged)
AIC = 538.379690
BIC = 916.960245

count.K
10 8 9 23 

