logL = -24.541903 (converged)
AIC = 285.083807
BIC = 510.702521

count.K
15 1 34 

