logL = -75.388115 (converged)
AIC = 830.776230
BIC = 1480.864051

count.K
15 7 9 7 4 8 

