0	tsk_0	(x)	1	:	0.000000	0.000000	0.000000	1.000000	0.000000	0.000000
1	tsk_1	(x)	1	:	0.000000	0.000000	0.000000	1.000000	0.000000	0.000000
2	tsk_2	(x)	1	:	0.000000	0.000000	0.000000	1.000000	0.000000	0.000000
3	tsk_3	(x)	1	:	0.000000	0.000000	0.000000	0.421187	0.000000	0.578813
4	tsk_4	(x)	1	:	0.000000	0.000000	0.000000	0.421187	0.000000	0.578813
5	tsk_5	(x)	1	:	0.000000	0.000000	0.000000	1.000000	0.000000	0.000000
6	tsk_6	(x)	1	:	0.000000	0.000000	0.000000	1.000000	0.000000	0.000000
7	tsk_7	(x)	1	:	0.000000	0.000000	0.000000	1.000000	0.000000	0.000000
8	tsk_8	(x)	1	:	0.000000	0.000000	0.000000	1.000000	0.000000	0.000000
9	tsk_9	(x)	1	:	0.000000	0.000000	0.000000	0.421187	0.000000	0.578813
10	tsk_10	(x)	1	:	0.000000	0.000000	0.000000	0.424192	0.000000	0.575808
11	tsk_11	(x)	1	:	0.000000	0.000000	0.000000	0.282113	0.000000	0.717887
12	tsk_12	(x)	1	:	0.000000	0.000000	0.000000	0.775530	0.000000	0.224470
13	tsk_13	(x)	1	:	0.000000	0.000000	0.000000	0.537820	0.000000	0.462180
14	tsk_14	(x)	1	:	0.000000	0.000000	0.000000	0.000007	0.000000	0.999993
15	tsk_15	(x)	1	:	0.000000	0.000000	0.000000	0.537820	0.000000	0.462180
16	tsk_16	(x)	1	:	0.000000	0.000000	0.000000	0.537820	0.000000	0.462180
17	tsk_17	(x)	1	:	0.000000	0.000000	0.000000	0.000005	0.000000	0.999995
18	tsk_18	(x)	1	:	0.000000	0.000000	0.000000	0.000003	0.000000	0.999997
19	tsk_19	(x)	1	:	0.000000	0.000000	0.000000	0.000000	0.000000	1.000000
20	tsk_20	(x)	1	:	0.000001	0.000000	0.999999	0.000000	0.000000	0.000000
21	tsk_21	(x)	1	:	0.000002	0.430128	0.568143	0.000000	0.001728	0.000000
22	tsk_22	(x)	1	:	0.000001	0.358529	0.492232	0.000000	0.149238	0.000000
23	tsk_23	(x)	1	:	0.000002	0.000000	0.999998	0.000000	0.000000	0.000000
24	tsk_24	(x)	1	:	0.484093	0.032125	0.481625	0.000000	0.002157	0.000000
25	tsk_25	(x)	1	:	0.000000	0.266261	0.000000	0.000000	0.733739	0.000000
26	tsk_26	(x)	1	:	0.000000	0.312021	0.492234	0.000000	0.195745	0.000000
27	tsk_27	(x)	1	:	0.000003	0.000000	0.999997	0.000000	0.000000	0.000000
28	tsk_28	(x)	1	:	0.000000	0.321908	0.492234	0.000000	0.185858	0.000000
29	tsk_29	(x)	1	:	0.000000	0.217798	0.000000	0.000000	0.782202	0.000000
30	tsk_30	(x)	1	:	0.000000	0.558122	0.000000	0.000000	0.441878	0.000000
31	tsk_31	(x)	1	:	0.000000	0.477218	0.000000	0.000000	0.522782	0.000000
32	tsk_32	(x)	1	:	0.000000	0.390185	0.000000	0.000000	0.609815	0.000000
33	tsk_33	(x)	1	:	0.499956	0.121084	0.000000	0.000000	0.378960	0.000000
34	tsk_34	(x)	1	:	0.000000	0.446747	0.000000	0.000000	0.553253	0.000000
35	tsk_35	(x)	1	:	0.499980	0.054728	0.000000	0.000000	0.445293	0.000000
36	tsk_36	(x)	1	:	0.000000	0.393340	0.000000	0.000000	0.606660	0.000000
37	tsk_37	(x)	1	:	0.000000	0.422261	0.000000	0.000000	0.577739	0.000000
38	tsk_38	(x)	1	:	0.000000	0.304945	0.000000	0.000000	0.695055	0.000000
39	tsk_39	(x)	1	:	0.000000	0.452043	0.000000	0.000000	0.547957	0.000000
40	tsk_40	(x)	1	:	0.000000	0.657829	0.000000	0.000000	0.342171	0.000000
41	tsk_41	(x)	1	:	0.999998	0.000000	0.000001	0.000000	0.000001	0.000000
42	tsk_42	(x)	1	:	0.000000	0.343574	0.000000	0.000000	0.656426	0.000000
43	tsk_43	(x)	1	:	0.999999	0.000000	0.000000	0.000000	0.000000	0.000000
44	tsk_44	(x)	1	:	0.499938	0.172054	0.000000	0.000000	0.328008	0.000000
45	tsk_45	(x)	1	:	0.000000	0.521478	0.000000	0.000000	0.478522	0.000000
46	tsk_46	(x)	1	:	0.499960	0.110875	0.000000	0.000000	0.389165	0.000000
47	tsk_47	(x)	1	:	0.999999	0.000000	0.000000	0.000000	0.000001	0.000000
48	tsk_48	(x)	1	:	0.499959	0.112942	0.000000	0.000000	0.387099	0.000000
49	tsk_49	(x)	1	:	0.499964	0.097591	0.000000	0.000000	0.402445	0.000000
