logL = -201.023840 (converged)
AIC = 870.047680
BIC = 1317.461063

count.K
14 19 2 15 

