logL = -148.389883 (converged)
AIC = 1036.779767
BIC = 1744.228279

count.K
4 10 12 14 10 

