logL = -268.616539 (converged)
AIC = 851.233077
BIC = 1151.420689

count.K
6 21 23 

