logL = -159.509853 (converged)
AIC = 479.019706
BIC = 631.981546

count.K
21 29 

