logL = -241.904147 (converged)
AIC = 1015.808294
BIC = 1524.406413

count.K
4 21 14 11 

