logL = -500.436757 (converged)
AIC = 1184.873514
BIC = 1360.779630

count.K
11 39 

