logL = -76.042952 (converged)
AIC = 652.085903
BIC = 1130.091654

count.K
4 33 1 9 3 

