logL = -637.835610 (converged)
AIC = 1511.671219
BIC = 1737.289934

count.K
40 10 

