logL = -180.093073 (converged)
AIC = 1064.186147
BIC = 1737.218245

count.K
7 1 4 7 11 20 

