logL = -142.725748 (converged)
AIC = 569.451495
BIC = 840.958762

count.K
16 14 20 

