logL = -159.621805 (converged)
AIC = 939.243609
BIC = 1531.970741

count.K
18 1 15 6 10 

