logL = -132.068452 (converged)
AIC = 968.136904
BIC = 1641.169002

count.K
9 4 7 10 10 10 

