logL = -42.047515 (converged)
AIC = 554.095030
BIC = 1003.420437

count.K
16 8 18 4 4 

