logL = -301.169591 (converged)
AIC = 1426.339182
BIC = 2214.092661

count.K
4 6 10 12 8 10 

