logL = -196.978855 (converged)
AIC = 1217.957710
BIC = 2005.711188

count.K
1 16 13 2 1 17 

