logL = -229.049244 (converged)
AIC = 974.098487
BIC = 1467.400422

count.K
17 5 11 17 

