logL = -175.312018 (converged)
AIC = 646.624037
BIC = 929.603442

count.K
28 11 11 

