logL = -156.920123 (converged)
AIC = 953.840246
BIC = 1565.687608

count.K
21 8 8 4 9 

