logL = -287.494299 (converged)
AIC = 1034.988598
BIC = 1474.753890

count.K
8 15 18 9 

