logL = -94.474911 (converged)
AIC = 608.949821
BIC = 1010.474653

count.K
16 20 12 2 

