logL = -29.798118 (converged)
AIC = 511.596236
BIC = 943.713435

count.K
3 9 36 2 

