logL = -131.222885 (converged)
AIC = 966.445769
BIC = 1639.477867

count.K
10 1 7 22 7 3 

