logL = -176.429350 (converged)
AIC = 922.858699
BIC = 1467.785256

count.K
10 14 17 4 5 

