logL = -159.574484 (converged)
AIC = 627.148968
BIC = 921.600511

count.K
14 17 19 

