logL = -137.388838 (converged)
AIC = 954.777676
BIC = 1604.865498

count.K
21 8 5 6 2 8 

