logL = -140.511139 (converged)
AIC = 661.022279
BIC = 1024.306650

count.K
29 1 20 0 

