logL = -69.650530 (converged)
AIC = 855.301060
BIC = 1539.805296

count.K
2 14 10 8 8 8 

