logL = -73.527172 (converged)
AIC = 791.054344
BIC = 1406.725752

count.K
3 2 18 16 7 4 

