logL = -200.772557 (converged)
AIC = 1129.545114
BIC = 1825.521488

count.K
2 6 15 8 0 19 

