logL = -76.974065 (converged)
AIC = 773.948130
BIC = 1366.675262

count.K
3 6 14 13 2 12 

