logL = -54.406220 (converged)
AIC = 578.812441
BIC = 1028.137847

count.K
13 4 10 23 0 

