logL = -167.699696 (converged)
AIC = 763.399393
BIC = 1172.572316

count.K
20 1 10 19 

