logL = -109.888599 (converged)
AIC = 799.777198
BIC = 1354.263869

count.K
3 0 17 20 10 

