0	tsk_0	(x)	1	:	0.000000	0.450478	0.549522	0.000000	0.000000
1	tsk_1	(x)	1	:	0.000000	0.282049	0.717951	0.000000	0.000000
2	tsk_2	(x)	1	:	0.000000	0.417317	0.582683	0.000000	0.000000
3	tsk_3	(x)	1	:	0.000000	0.470819	0.529181	0.000000	0.000000
4	tsk_4	(x)	1	:	0.000000	0.419794	0.580206	0.000000	0.000000
5	tsk_5	(x)	1	:	0.000000	0.529965	0.470035	0.000000	0.000000
6	tsk_6	(x)	1	:	0.000000	0.622788	0.377212	0.000000	0.000000
7	tsk_7	(x)	1	:	0.000000	0.469028	0.530972	0.000000	0.000000
8	tsk_8	(x)	1	:	0.000000	0.207686	0.792314	0.000000	0.000000
9	tsk_9	(x)	1	:	0.000000	0.629363	0.370637	0.000000	0.000000
10	tsk_10	(x)	1	:	0.000000	0.406905	0.593095	0.000000	0.000000
11	tsk_11	(x)	1	:	0.000000	0.588346	0.411654	0.000000	0.000000
12	tsk_12	(x)	1	:	0.000000	0.413675	0.586325	0.000000	0.000000
13	tsk_13	(x)	1	:	0.000000	0.094354	0.905646	0.000000	0.000000
14	tsk_14	(x)	1	:	0.000000	0.542921	0.457079	0.000000	0.000000
15	tsk_15	(x)	1	:	0.000000	0.398187	0.601813	0.000000	0.000000
16	tsk_16	(x)	1	:	0.000000	0.362534	0.637466	0.000000	0.000000
17	tsk_17	(x)	1	:	0.000000	0.354745	0.645255	0.000000	0.000000
18	tsk_18	(x)	1	:	0.000000	0.097409	0.902591	0.000000	0.000000
19	tsk_19	(x)	1	:	0.000000	0.416588	0.583411	0.000000	0.000000
20	tsk_20	(x)	1	:	1.000000	0.000000	0.000000	0.000000	0.000000
21	tsk_21	(x)	1	:	1.000000	0.000000	0.000000	0.000000	0.000000
22	tsk_22	(x)	1	:	0.499740	0.000956	0.002173	0.000000	0.497130
23	tsk_23	(x)	1	:	0.500000	0.124858	0.375142	0.000000	0.000000
24	tsk_24	(x)	1	:	0.499697	0.002211	0.001443	0.000000	0.496648
25	tsk_25	(x)	1	:	0.499726	0.002188	0.001114	0.000000	0.496972
26	tsk_26	(x)	1	:	1.000000	0.000000	0.000000	0.000000	0.000000
27	tsk_27	(x)	1	:	0.499780	0.001627	0.001025	0.000000	0.497568
28	tsk_28	(x)	1	:	1.000000	0.000000	0.000000	0.000000	0.000000
29	tsk_29	(x)	1	:	1.000000	0.000000	0.000000	0.000000	0.000000
30	tsk_30	(x)	1	:	0.000000	0.225028	0.774972	0.000000	0.000000
31	tsk_31	(x)	1	:	0.000000	0.457309	0.542691	0.000000	0.000000
32	tsk_32	(x)	1	:	0.000000	0.349212	0.150779	0.000000	0.500009
33	tsk_33	(x)	1	:	0.000000	0.414634	0.585366	0.000000	0.000000
34	tsk_34	(x)	1	:	0.000000	0.351071	0.148882	0.000000	0.500048
35	tsk_35	(x)	1	:	0.000000	0.000000	0.000000	1.000000	0.000000
36	tsk_36	(x)	1	:	0.000000	0.000000	0.000000	1.000000	0.000000
37	tsk_37	(x)	1	:	0.000000	0.000000	0.000000	0.000000	1.000000
38	tsk_38	(x)	1	:	0.000000	0.252850	0.244461	0.000000	0.502689
39	tsk_39	(x)	1	:	0.000000	0.414321	0.585679	0.000000	0.000000
40	tsk_40	(x)	1	:	0.499712	0.001764	0.001706	0.000000	0.496818
41	tsk_41	(x)	1	:	0.000000	0.000000	0.000000	1.000000	0.000000
42	tsk_42	(x)	1	:	0.000000	0.000000	0.000000	1.000000	0.000000
43	tsk_43	(x)	1	:	0.499775	0.001743	0.000964	0.000000	0.497518
44	tsk_44	(x)	1	:	0.000000	0.000000	0.000000	0.000000	1.000000
45	tsk_45	(x)	1	:	0.499751	0.001469	0.001531	0.000000	0.497249
46	tsk_46	(x)	1	:	0.000000	0.000000	0.000000	0.000000	1.000000
47	tsk_47	(x)	1	:	0.000000	0.000000	0.000000	0.000000	1.000000
48	tsk_48	(x)	1	:	0.000000	0.000000	0.000000	0.000000	1.000000
49	tsk_49	(x)	1	:	0.000000	0.000000	0.000000	0.000000	1.000000
