logL = -444.870705 (converged)
AIC = 1137.741410
BIC = 1374.832262

count.K
4 46 

