logL = -65.505418 (converged)
AIC = 739.010836
BIC = 1320.265830

count.K
1 20 14 1 6 8 

