logL = -254.729668 (converged)
AIC = 1089.459336
BIC = 1643.946008

count.K
14 10 17 6 3 

