logL = -263.772546 (converged)
AIC = 715.545091
BIC = 895.275254

count.K
11 39 

