logL = -121.200718 (converged)
AIC = 710.401435
BIC = 1157.814818

count.K
10 9 8 23 

