logL = -433.204559 (converged)
AIC = 1282.409119
BIC = 1680.109904

count.K
8 29 13 

