logL = -203.435698 (converged)
AIC = 672.871397
BIC = 927.170456

count.K
20 26 4 

