0	tsk_0	(x)	1	:	0.000000	0.000000	0.320247	0.679753	0.000000	0.000000
1	tsk_1	(x)	1	:	0.000000	0.000000	0.273227	0.726773	0.000000	0.000000
2	tsk_2	(x)	1	:	0.000000	0.000000	0.335048	0.167705	0.000000	0.497248
3	tsk_3	(x)	1	:	0.000000	0.000000	0.056397	0.943603	0.000000	0.000000
4	tsk_4	(x)	1	:	0.000000	0.000000	0.509778	0.490222	0.000000	0.000000
5	tsk_5	(x)	1	:	0.000000	0.000000	0.324199	0.675801	0.000000	0.000000
6	tsk_6	(x)	1	:	0.000000	0.000000	0.438159	0.561841	0.000000	0.000000
7	tsk_7	(x)	1	:	0.000000	0.000000	0.393372	0.606628	0.000000	0.000000
8	tsk_8	(x)	1	:	0.000000	0.000000	0.327046	0.672954	0.000000	0.000000
9	tsk_9	(x)	1	:	0.000000	0.000000	0.531794	0.468206	0.000000	0.000000
10	tsk_10	(x)	1	:	0.000000	0.000000	0.593372	0.406627	0.000000	0.000000
11	tsk_11	(x)	1	:	0.000000	0.000000	0.423775	0.576225	0.000000	0.000000
12	tsk_12	(x)	1	:	0.000000	0.000000	0.187851	0.812149	0.000000	0.000000
13	tsk_13	(x)	1	:	0.000000	0.000000	0.297303	0.702697	0.000000	0.000000
14	tsk_14	(x)	1	:	0.000000	0.000000	0.283186	0.716814	0.000000	0.000000
15	tsk_15	(x)	1	:	0.000000	0.000000	0.021671	0.978329	0.000000	0.000000
16	tsk_16	(x)	1	:	0.000000	0.000000	0.367684	0.632316	0.000000	0.000000
17	tsk_17	(x)	1	:	0.000000	0.000000	0.191824	0.808176	0.000000	0.000000
18	tsk_18	(x)	1	:	0.000000	0.000000	0.353791	0.646209	0.000000	0.000000
19	tsk_19	(x)	1	:	0.000000	0.000000	0.218785	0.781215	0.000000	0.000000
20	tsk_20	(x)	1	:	0.000000	0.000063	0.000000	0.000000	0.000000	0.999937
21	tsk_21	(x)	1	:	0.000000	0.000000	0.144149	0.358603	0.000000	0.497248
22	tsk_22	(x)	1	:	0.000000	0.000000	0.197555	0.305197	0.000000	0.497248
23	tsk_23	(x)	1	:	0.000000	0.000116	0.000000	0.000000	0.000000	0.999884
24	tsk_24	(x)	1	:	0.996301	0.000000	0.000000	0.000000	0.000000	0.003699
25	tsk_25	(x)	1	:	0.000000	0.000000	0.214656	0.288096	0.000000	0.497248
26	tsk_26	(x)	1	:	0.000000	0.000000	0.000000	0.000000	0.000000	1.000000
27	tsk_27	(x)	1	:	0.000000	0.000018	0.000000	0.000000	0.000000	0.999982
28	tsk_28	(x)	1	:	0.000000	0.000000	0.263725	0.239027	0.000000	0.497248
29	tsk_29	(x)	1	:	0.000000	0.000000	0.162040	0.340712	0.000000	0.497248
30	tsk_30	(x)	1	:	0.000000	0.000000	0.000000	0.000000	0.000000	1.000000
31	tsk_31	(x)	1	:	0.000000	0.000027	0.000000	0.000000	0.000000	0.999973
32	tsk_32	(x)	1	:	0.000000	0.000000	0.000000	0.000000	0.000000	1.000000
33	tsk_33	(x)	1	:	0.000000	0.000045	0.000000	0.000000	0.000000	0.999955
34	tsk_34	(x)	1	:	0.000000	0.000000	0.000000	0.000000	0.467770	0.532230
35	tsk_35	(x)	1	:	0.000000	0.518395	0.000000	0.000000	0.479131	0.002474
36	tsk_36	(x)	1	:	0.000000	0.000000	0.000000	0.000000	0.000000	1.000000
37	tsk_37	(x)	1	:	0.000000	0.000361	0.000000	0.000000	0.504037	0.495602
38	tsk_38	(x)	1	:	0.000000	0.466057	0.000000	0.000000	0.000000	0.533943
39	tsk_39	(x)	1	:	0.000000	0.000059	0.000000	0.000000	0.000000	0.999941
40	tsk_40	(x)	1	:	0.000000	0.000000	0.000000	0.000000	1.000000	0.000000
41	tsk_41	(x)	1	:	0.000000	0.000000	0.000000	0.000000	1.000000	0.000000
42	tsk_42	(x)	1	:	0.000000	0.000000	0.000000	0.000000	1.000000	0.000000
43	tsk_43	(x)	1	:	0.000000	0.000000	0.000000	0.000000	1.000000	0.000000
44	tsk_44	(x)	1	:	0.000000	0.000570	0.000000	0.000000	0.504035	0.495394
45	tsk_45	(x)	1	:	0.000000	0.000000	0.000000	0.000000	1.000000	0.000000
46	tsk_46	(x)	1	:	0.000000	0.000000	0.000000	0.000000	1.000000	0.000000
47	tsk_47	(x)	1	:	0.000000	0.000000	0.000000	0.000000	1.000000	0.000000
48	tsk_48	(x)	1	:	0.000000	0.000000	0.000000	0.000000	0.504039	0.495961
49	tsk_49	(x)	1	:	0.000000	0.000000	0.000000	0.000000	1.000000	0.000000
