logL = -212.527794 (converged)
AIC = 573.055589
BIC = 714.545291

count.K
37 13 

