logL = -142.619941 (converged)
AIC = 433.239882
BIC = 574.729584

count.K
16 34 

