logL = -439.251045 (converged)
AIC = 1094.502090
BIC = 1301.000575

count.K
15 35 

