logL = -430.508226 (converged)
AIC = 1223.016452
BIC = 1569.092616

count.K
20 11 19 

