logL = -234.005954 (converged)
AIC = 1068.011908
BIC = 1641.618810

count.K
4 9 16 9 12 

