logL = -104.589211 (converged)
AIC = 749.178423
BIC = 1265.424634

count.K
11 10 12 15 2 

