logL = -233.529128 (converged)
AIC = 757.058256
BIC = 1034.301592

count.K
31 9 10 

