logL = -116.809871 (converged)
AIC = 743.619742
BIC = 1231.185608

count.K
19 2 18 11 0 

