logL = -165.197463 (converged)
AIC = 774.394925
BIC = 1198.864032

count.K
12 7 12 19 

