logL = -231.729522 (converged)
AIC = 963.459044
BIC = 1441.464795

count.K
16 12 11 11 

