logL = -191.470122 (converged)
AIC = 842.940243
BIC = 1282.705534

count.K
22 10 11 7 

