logL = -140.635057 (converged)
AIC = 801.270115
BIC = 1298.396096

count.K
21 3 7 9 10 

