logL = -238.176055 (converged)
AIC = 1066.352110
BIC = 1630.398896

count.K
18 14 2 8 8 

