logL = -164.916753 (converged)
AIC = 919.833505
BIC = 1483.880292

count.K
9 16 4 3 18 

