logL = -187.773342 (converged)
AIC = 1079.546684
BIC = 1752.578782

count.K
10 15 5 8 5 7 

