logL = -376.426490 (converged)
AIC = 1340.852980
BIC = 1902.987744

count.K
14 8 17 11 

