logL = -131.062524 (converged)
AIC = 862.125048
BIC = 1435.731950

count.K
12 19 10 1 8 

