logL = -129.920236 (converged)
AIC = 391.840471
BIC = 518.033989

count.K
28 22 

