logL = -125.393667 (converged)
AIC = 670.787333
BIC = 1072.312164

count.K
10 9 12 19 

