logL = -142.498914 (converged)
AIC = 544.997827
BIC = 793.560818

count.K
15 15 20 

