logL = -81.801171 (converged)
AIC = 307.602342
BIC = 445.267998

count.K
20 30 

