logL = -227.738798 (converged)
AIC = 763.477596
BIC = 1057.929139

count.K
5 29 16 

