logL = -47.968977 (converged)
AIC = 635.937955
BIC = 1152.184166

count.K
0 16 10 4 20 

