logL = -262.389658 (converged)
AIC = 1040.779317
BIC = 1534.081252

count.K
19 11 18 2 

