logL = -40.738237 (converged)
AIC = 429.476474
BIC = 762.168477

count.K
10 17 3 20 

