logL = -69.649741 (converged)
AIC = 719.299482
BIC = 1273.786153

count.K
20 10 2 11 7 

