0	tsk_0	(x)	1	:	0.000009	0.000000	0.000000	0.000031	0.999960
1	tsk_1	(x)	1	:	0.000000	0.000000	0.000000	0.000002	0.999998
2	tsk_2	(x)	1	:	0.000015	0.000000	0.000000	0.000023	0.999962
3	tsk_3	(x)	1	:	0.000004	0.000000	0.000000	0.000030	0.999966
4	tsk_4	(x)	1	:	0.000007	0.000000	0.000000	0.000005	0.999987
5	tsk_5	(x)	1	:	0.000005	0.000000	0.000000	0.000020	0.999974
6	tsk_6	(x)	1	:	0.000010	0.000000	0.000000	0.000038	0.999952
7	tsk_7	(x)	1	:	0.000004	0.000000	0.000000	0.000017	0.999979
8	tsk_8	(x)	1	:	0.000002	0.000000	0.000000	0.000042	0.999956
9	tsk_9	(x)	1	:	0.000007	0.000000	0.000000	0.000011	0.999982
10	tsk_10	(x)	1	:	0.388844	0.472655	0.000000	0.138492	0.000009
11	tsk_11	(x)	1	:	0.589870	0.000000	0.000000	0.410130	0.000000
12	tsk_12	(x)	1	:	0.706645	0.000000	0.000000	0.293355	0.000000
13	tsk_13	(x)	1	:	0.702883	0.000000	0.000000	0.297117	0.000000
14	tsk_14	(x)	1	:	0.841605	0.000000	0.000000	0.158395	0.000000
15	tsk_15	(x)	1	:	0.313302	0.000000	0.000000	0.198909	0.487789
16	tsk_16	(x)	1	:	0.000000	1.000000	0.000000	0.000000	0.000000
17	tsk_17	(x)	1	:	0.400014	0.000000	0.000000	0.599986	0.000000
18	tsk_18	(x)	1	:	0.688743	0.000000	0.000000	0.311257	0.000000
19	tsk_19	(x)	1	:	0.406591	0.472624	0.000037	0.120748	0.000000
20	tsk_20	(x)	1	:	0.000000	1.000000	0.000000	0.000000	0.000000
21	tsk_21	(x)	1	:	0.000000	1.000000	0.000000	0.000000	0.000000
22	tsk_22	(x)	1	:	0.383039	0.541638	0.000000	0.075286	0.000037
23	tsk_23	(x)	1	:	0.373571	0.472648	0.000010	0.153757	0.000014
24	tsk_24	(x)	1	:	0.000000	0.999999	0.000000	0.000000	0.000000
25	tsk_25	(x)	1	:	0.000000	1.000000	0.000000	0.000000	0.000000
26	tsk_26	(x)	1	:	0.000000	1.000000	0.000000	0.000000	0.000000
27	tsk_27	(x)	1	:	0.000000	1.000000	0.000000	0.000000	0.000000
28	tsk_28	(x)	1	:	0.507291	0.000000	0.000000	0.492709	0.000000
29	tsk_29	(x)	1	:	0.372419	0.472650	0.000008	0.154907	0.000015
30	tsk_30	(x)	1	:	0.739653	0.000000	0.000000	0.260347	0.000000
31	tsk_31	(x)	1	:	0.819668	0.000000	0.000000	0.180332	0.000000
32	tsk_32	(x)	1	:	0.505679	0.000000	0.000000	0.494321	0.000000
33	tsk_33	(x)	1	:	0.368230	0.000000	0.000000	0.631770	0.000000
34	tsk_34	(x)	1	:	0.578265	0.000000	0.000000	0.421735	0.000000
35	tsk_35	(x)	1	:	0.689494	0.000000	0.000000	0.310506	0.000000
36	tsk_36	(x)	1	:	0.697999	0.000000	0.000000	0.302001	0.000000
37	tsk_37	(x)	1	:	0.697826	0.000000	0.000000	0.302174	0.000000
38	tsk_38	(x)	1	:	0.706374	0.000000	0.000000	0.293626	0.000000
39	tsk_39	(x)	1	:	0.498733	0.000000	0.000000	0.501267	0.000000
40	tsk_40	(x)	1	:	0.000000	0.000000	1.000000	0.000000	0.000000
41	tsk_41	(x)	1	:	0.000000	0.000000	1.000000	0.000000	0.000000
42	tsk_42	(x)	1	:	0.000000	0.000000	1.000000	0.000000	0.000000
43	tsk_43	(x)	1	:	0.000000	0.000000	1.000000	0.000000	0.000000
44	tsk_44	(x)	1	:	0.449915	0.000000	0.482493	0.067592	0.000000
45	tsk_45	(x)	1	:	0.000000	0.000000	1.000000	0.000000	0.000000
46	tsk_46	(x)	1	:	0.000000	0.000000	1.000000	0.000000	0.000000
47	tsk_47	(x)	1	:	0.000000	0.000000	1.000000	0.000000	0.000000
48	tsk_48	(x)	1	:	0.000000	0.000000	1.000000	0.000000	0.000000
49	tsk_49	(x)	1	:	0.000000	0.000000	1.000000	0.000000	0.000000
