logL = -245.210951 (converged)
AIC = 1050.421901
BIC = 1585.788343

count.K
8 1 5 20 16 

