logL = -120.116386 (converged)
AIC = 518.232773
BIC = 784.003971

count.K
10 24 16 

