logL = -610.625348 (converged)
AIC = 1429.250697
BIC = 1628.101089

count.K
26 24 

