logL = -309.746293 (converged)
AIC = 811.492586
BIC = 995.046794

count.K
20 30 

