0	tsk_0	(x)	1	:	0.000000	0.000000	0.000000	1.000000	0.000000	0.000000
1	tsk_1	(x)	1	:	0.000000	0.000000	0.000000	1.000000	0.000000	0.000000
2	tsk_2	(x)	1	:	0.000000	0.000000	0.000000	1.000000	0.000000	0.000000
3	tsk_3	(x)	1	:	0.000000	0.000000	0.000000	1.000000	0.000000	0.000000
4	tsk_4	(x)	1	:	0.000000	0.000000	0.000000	1.000000	0.000000	0.000000
5	tsk_5	(x)	1	:	0.000000	0.000000	0.000000	1.000000	0.000000	0.000000
6	tsk_6	(x)	1	:	0.000000	0.000000	0.000000	1.000000	0.000000	0.000000
7	tsk_7	(x)	1	:	0.000000	0.000000	0.000000	1.000000	0.000000	0.000000
8	tsk_8	(x)	1	:	0.000000	0.000000	0.000000	1.000000	0.000000	0.000000
9	tsk_9	(x)	1	:	0.000000	0.000000	0.000000	1.000000	0.000000	0.000000
10	tsk_10	(x)	1	:	0.000000	0.000001	0.000000	0.000000	0.000000	0.999999
11	tsk_11	(x)	1	:	0.000000	0.000052	0.000000	0.000000	0.000000	0.999948
12	tsk_12	(x)	1	:	0.000000	0.000002	0.000000	0.000000	0.000000	0.999998
13	tsk_13	(x)	1	:	0.000000	0.000000	0.000000	0.000000	0.000000	1.000000
14	tsk_14	(x)	1	:	0.000000	0.000021	0.000000	0.000000	0.000000	0.999979
15	tsk_15	(x)	1	:	0.000000	0.000012	0.000000	0.000000	0.000000	0.999988
16	tsk_16	(x)	1	:	0.000000	0.000029	0.000000	0.000000	0.000000	0.999971
17	tsk_17	(x)	1	:	0.000000	0.000000	0.000000	0.000000	0.000000	1.000000
18	tsk_18	(x)	1	:	0.000000	0.000000	0.000000	0.000000	0.000000	1.000000
19	tsk_19	(x)	1	:	0.000000	0.000000	0.000000	0.000000	0.000000	1.000000
20	tsk_20	(x)	1	:	0.191496	0.000005	0.000000	0.000000	0.308987	0.499513
21	tsk_21	(x)	1	:	0.000000	0.551970	0.000000	0.000000	0.000000	0.448030
22	tsk_22	(x)	1	:	0.000000	0.730236	0.000000	0.000000	0.000000	0.269764
23	tsk_23	(x)	1	:	0.145641	0.501102	0.000115	0.000000	0.352407	0.000735
24	tsk_24	(x)	1	:	0.000000	0.730242	0.000000	0.000000	0.000000	0.269758
25	tsk_25	(x)	1	:	0.000000	0.551948	0.000000	0.000000	0.000000	0.448052
26	tsk_26	(x)	1	:	0.000000	0.551953	0.000000	0.000000	0.000000	0.448047
27	tsk_27	(x)	1	:	0.196119	0.000006	0.000000	0.000000	0.304363	0.499512
28	tsk_28	(x)	1	:	0.251840	0.501602	0.000000	0.000000	0.246230	0.000328
29	tsk_29	(x)	1	:	0.000000	0.000000	0.000000	0.000000	0.000000	1.000000
30	tsk_30	(x)	1	:	0.254728	0.000012	0.000000	0.000000	0.245754	0.499506
31	tsk_31	(x)	1	:	0.000000	0.000000	0.527012	0.000000	0.000000	0.472988
32	tsk_32	(x)	1	:	0.200458	0.000080	0.000000	0.000000	0.300027	0.499435
33	tsk_33	(x)	1	:	0.245380	0.000049	0.000000	0.000000	0.255104	0.499468
34	tsk_34	(x)	1	:	0.265046	0.000000	0.000000	0.000000	0.235436	0.499518
35	tsk_35	(x)	1	:	0.270285	0.000000	0.494802	0.000000	0.229120	0.005793
36	tsk_36	(x)	1	:	0.000000	0.000005	0.000000	0.000000	0.000000	0.999995
37	tsk_37	(x)	1	:	0.295691	0.000028	0.000000	0.000000	0.204792	0.499489
38	tsk_38	(x)	1	:	0.244818	0.000050	0.000000	0.000000	0.255666	0.499466
39	tsk_39	(x)	1	:	0.134055	0.000000	0.000000	0.000000	0.366427	0.499518
40	tsk_40	(x)	1	:	0.176622	0.239524	0.000000	0.000000	0.323854	0.260000
41	tsk_41	(x)	1	:	0.082525	0.000000	0.000000	0.000000	0.917475	0.000000
42	tsk_42	(x)	1	:	0.072732	0.000000	0.000000	0.000000	0.927268	0.000000
43	tsk_43	(x)	1	:	0.109570	0.000000	0.000000	0.000000	0.890430	0.000000
44	tsk_44	(x)	1	:	0.000000	0.441969	0.000000	0.000000	0.000000	0.558031
45	tsk_45	(x)	1	:	0.141846	0.000000	0.000000	0.000000	0.858154	0.000000
46	tsk_46	(x)	1	:	0.197534	0.239514	0.000000	0.000000	0.302941	0.260011
47	tsk_47	(x)	1	:	0.112384	0.000000	0.000000	0.000000	0.887616	0.000000
48	tsk_48	(x)	1	:	0.222337	0.000000	0.000000	0.000000	0.777663	0.000000
49	tsk_49	(x)	1	:	0.054935	0.000000	0.000000	0.000000	0.945065	0.000000
