logL = -463.188640 (converged)
AIC = 1506.377280
BIC = 2060.863952

count.K
11 15 11 13 

