logL = -172.433171 (converged)
AIC = 512.866342
BIC = 673.476274

count.K
22 28 

