logL = -169.946410 (converged)
AIC = 671.892820
BIC = 989.288639

count.K
24 15 11 

