logL = -274.718057 (converged)
AIC = 1319.436113
BIC = 2055.564970

count.K
11 5 1 5 28 

