logL = -231.311183 (converged)
AIC = 1202.622365
BIC = 1910.070877

count.K
7 10 16 1 15 1 

