logL = -155.710991 (converged)
AIC = 881.421982
BIC = 1426.348539

count.K
10 10 7 11 12 

