logL = -145.056043 (converged)
AIC = 1078.112085
BIC = 1831.449150

count.K
6 1 2 12 19 10 

