logL = -237.948665 (converged)
AIC = 935.897331
BIC = 1375.662622

count.K
7 20 5 18 

