logL = -209.017247 (converged)
AIC = 1146.034495
BIC = 1842.010869

count.K
1 13 14 12 4 6 

