logL = -177.404314 (converged)
AIC = 782.808627
BIC = 1191.981550

count.K
22 12 10 6 

