0	tsk_0	(x)	1	:	0.000000	0.000000	1.000000	0.000000	0.000000	0.000000
1	tsk_1	(x)	1	:	0.000000	0.000000	0.999996	0.000000	0.000000	0.000003
2	tsk_2	(x)	1	:	0.000000	0.000000	0.999990	0.000000	0.000000	0.000010
3	tsk_3	(x)	1	:	0.000000	0.000000	0.493937	0.506035	0.000000	0.000028
4	tsk_4	(x)	1	:	0.000000	0.000000	0.999995	0.000000	0.000000	0.000005
5	tsk_5	(x)	1	:	0.000000	0.000000	0.999995	0.000000	0.000000	0.000005
6	tsk_6	(x)	1	:	0.000000	0.000000	0.000000	1.000000	0.000000	0.000000
7	tsk_7	(x)	1	:	0.000000	0.000000	0.493939	0.506035	0.000000	0.000027
8	tsk_8	(x)	1	:	0.000000	0.000000	0.999995	0.000000	0.000000	0.000005
9	tsk_9	(x)	1	:	0.000000	0.000000	0.999992	0.000000	0.000000	0.000008
10	tsk_10	(x)	1	:	0.000000	0.000000	0.024642	0.500720	0.000000	0.474638
11	tsk_11	(x)	1	:	0.000000	0.000000	0.000000	1.000000	0.000000	0.000000
12	tsk_12	(x)	1	:	0.000000	0.000000	0.024388	0.500804	0.000000	0.474808
13	tsk_13	(x)	1	:	0.000000	0.000000	0.000035	0.000000	0.000000	0.999965
14	tsk_14	(x)	1	:	0.000000	0.000000	0.493946	0.506032	0.000000	0.000022
15	tsk_15	(x)	1	:	0.000000	0.000000	0.023321	0.501155	0.000000	0.475524
16	tsk_16	(x)	1	:	0.000000	0.000000	0.023652	0.501046	0.000000	0.475302
17	tsk_17	(x)	1	:	0.000000	0.000000	0.000000	1.000000	0.000000	0.000000
18	tsk_18	(x)	1	:	0.000000	0.000000	0.024403	0.500799	0.000000	0.474798
19	tsk_19	(x)	1	:	0.000000	0.000000	0.024859	0.500649	0.000000	0.474492
20	tsk_20	(x)	1	:	0.000000	0.000000	0.334326	0.000000	0.000000	0.665674
21	tsk_21	(x)	1	:	0.000000	0.000000	0.000030	0.000000	0.000000	0.999970
22	tsk_22	(x)	1	:	0.000000	0.305260	0.012310	0.000000	0.189886	0.492544
23	tsk_23	(x)	1	:	0.000000	0.000000	0.334326	0.000000	0.000000	0.665674
24	tsk_24	(x)	1	:	0.000000	0.000000	0.000042	0.000000	0.000000	0.999958
25	tsk_25	(x)	1	:	0.000000	0.223598	0.437997	0.000000	0.338405	0.000000
26	tsk_26	(x)	1	:	0.000000	0.305252	0.464504	0.000000	0.230244	0.000000
27	tsk_27	(x)	1	:	0.251852	0.288308	0.459840	0.000000	0.000000	0.000000
28	tsk_28	(x)	1	:	0.000000	0.305260	0.012330	0.000000	0.189885	0.492526
29	tsk_29	(x)	1	:	0.000000	0.000000	0.000043	0.000000	0.000000	0.999957
30	tsk_30	(x)	1	:	0.000000	0.465683	0.012876	0.000000	0.029425	0.492016
31	tsk_31	(x)	1	:	0.000000	1.000000	0.000000	0.000000	0.000000	0.000000
32	tsk_32	(x)	1	:	0.000000	1.000000	0.000000	0.000000	0.000000	0.000000
33	tsk_33	(x)	1	:	0.000000	0.000000	0.012849	0.000000	0.495096	0.492055
34	tsk_34	(x)	1	:	0.000000	0.505612	0.008493	0.000000	0.000167	0.485729
35	tsk_35	(x)	1	:	0.000000	0.000000	0.000041	0.000000	0.000000	0.999959
36	tsk_36	(x)	1	:	0.000000	0.305368	0.000000	0.000000	0.694632	0.000000
37	tsk_37	(x)	1	:	0.000000	1.000000	0.000000	0.000000	0.000000	0.000000
38	tsk_38	(x)	1	:	0.000000	0.505613	0.008462	0.000000	0.000166	0.485758
39	tsk_39	(x)	1	:	0.000000	1.000000	0.000000	0.000000	0.000000	0.000000
40	tsk_40	(x)	1	:	0.389515	0.000000	0.000000	0.000000	0.610485	0.000000
41	tsk_41	(x)	1	:	0.999998	0.000000	0.000000	0.000000	0.000002	0.000000
42	tsk_42	(x)	1	:	0.000000	0.000000	0.000000	0.000000	1.000000	0.000000
43	tsk_43	(x)	1	:	0.622093	0.000000	0.000000	0.000000	0.377907	0.000000
44	tsk_44	(x)	1	:	0.998325	0.000000	0.000000	0.000000	0.001675	0.000000
45	tsk_45	(x)	1	:	0.999999	0.000000	0.000000	0.000000	0.000001	0.000000
46	tsk_46	(x)	1	:	0.000000	0.000000	0.000000	0.000000	1.000000	0.000000
47	tsk_47	(x)	1	:	0.000000	0.000000	0.000000	0.000000	1.000000	0.000000
48	tsk_48	(x)	1	:	0.000000	0.000000	0.000000	0.000000	1.000000	0.000000
49	tsk_49	(x)	1	:	0.000000	0.000000	0.000000	0.000000	1.000000	0.000000
