logL = -263.558095 (converged)
AIC = 695.116190
BIC = 855.726123

count.K
24 26 

