logL = -323.697620 (converged)
AIC = 879.395240
BIC = 1101.189908

count.K
24 26 

