logL = -110.688785 (converged)
AIC = 673.377571
BIC = 1105.494770

count.K
2 11 11 26 

