logL = -332.060959 (converged)
AIC = 990.121919
BIC = 1301.781669

count.K
6 28 16 

