logL = -162.338170 (converged)
AIC = 590.676341
BIC = 844.975400

count.K
20 11 19 

