logL = -238.183687 (converged)
AIC = 1066.367374
BIC = 1630.414161

count.K
16 1 23 7 3 

