logL = -292.798192 (converged)
AIC = 749.596384
BIC = 906.382270

count.K
23 27 

