logL = -250.496456 (converged)
AIC = 1300.992913
BIC = 2065.802115

count.K
8 6 12 11 12 1 

