logL = -132.729109 (converged)
AIC = 693.458219
BIC = 1102.631142

count.K
22 9 8 11 

