logL = -160.276595 (converged)
AIC = 732.553190
BIC = 1126.429929

count.K
16 11 13 10 

