logL = -119.760287 (converged)
AIC = 943.520575
BIC = 1616.552673

count.K
10 12 5 4 16 3 

