logL = -93.939638 (converged)
AIC = 567.879276
BIC = 931.163647

count.K
14 28 2 6 

