logL = -471.770462 (converged)
AIC = 1131.540924
BIC = 1311.271086

count.K
25 25 

