logL = -123.151277 (converged)
AIC = 658.302554
BIC = 1052.179293

count.K
14 10 10 16 

