logL = -144.410336 (converged)
AIC = 548.820673
BIC = 797.383664

count.K
13 23 14 

