logL = -202.798258 (converged)
AIC = 545.596515
BIC = 679.438125

count.K
29 21 

