logL = -439.186291 (converged)
AIC = 1070.372582
BIC = 1253.926790

count.K
12 38 

