logL = -207.778243 (converged)
AIC = 867.556485
BIC = 1299.673685

count.K
10 10 18 12 

