logL = -192.633598 (converged)
AIC = 877.267195
BIC = 1347.624854

count.K
4 8 16 22 

