logL = -207.834036 (converged)
AIC = 899.668071
BIC = 1362.377639

count.K
12 17 14 7 

