logL = -288.587954 (converged)
AIC = 1069.175908
BIC = 1539.533568

count.K
10 19 7 14 

