0	tsk_0	(x)	1	:	0.000000	0.999980	0.000020	0.000000	0.000000
1	tsk_1	(x)	1	:	0.000000	0.451373	0.548627	0.000000	0.000000
2	tsk_2	(x)	1	:	0.113070	0.451374	0.435556	0.000000	0.000000
3	tsk_3	(x)	1	:	0.263907	0.000000	0.736093	0.000000	0.000000
4	tsk_4	(x)	1	:	0.047598	0.451374	0.501028	0.000000	0.000000
5	tsk_5	(x)	1	:	0.396576	0.000000	0.603424	0.000000	0.000000
6	tsk_6	(x)	1	:	0.138976	0.451377	0.409647	0.000000	0.000000
7	tsk_7	(x)	1	:	0.139485	0.451376	0.409140	0.000000	0.000000
8	tsk_8	(x)	1	:	0.033843	0.643849	0.322308	0.000000	0.000000
9	tsk_9	(x)	1	:	0.000003	0.999986	0.000011	0.000000	0.000000
10	tsk_10	(x)	1	:	0.266971	0.000000	0.733029	0.000000	0.000000
11	tsk_11	(x)	1	:	0.277461	0.000000	0.219661	0.000000	0.502878
12	tsk_12	(x)	1	:	0.266198	0.000000	0.733802	0.000000	0.000000
13	tsk_13	(x)	1	:	0.340171	0.000000	0.659829	0.000000	0.000000
14	tsk_14	(x)	1	:	0.329222	0.000000	0.670778	0.000000	0.000000
15	tsk_15	(x)	1	:	0.039315	0.000000	0.960684	0.000000	0.000000
16	tsk_16	(x)	1	:	0.233667	0.000000	0.766333	0.000000	0.000000
17	tsk_17	(x)	1	:	0.211028	0.000000	0.788971	0.000000	0.000000
18	tsk_18	(x)	1	:	0.179797	0.312412	0.507791	0.000000	0.000000
19	tsk_19	(x)	1	:	0.158165	0.000000	0.841835	0.000000	0.000000
20	tsk_20	(x)	1	:	0.294618	0.000000	0.202504	0.000000	0.502878
21	tsk_21	(x)	1	:	0.342147	0.000000	0.657853	0.000000	0.000000
22	tsk_22	(x)	1	:	0.000000	0.000000	0.000000	0.000000	1.000000
23	tsk_23	(x)	1	:	0.136818	0.000000	0.360303	0.000000	0.502878
24	tsk_24	(x)	1	:	0.308970	0.000000	0.691030	0.000000	0.000000
25	tsk_25	(x)	1	:	0.000000	0.000000	0.000000	0.000000	1.000000
26	tsk_26	(x)	1	:	0.000000	0.000000	0.000000	0.000000	1.000000
27	tsk_27	(x)	1	:	0.404447	0.000000	0.595553	0.000000	0.000000
28	tsk_28	(x)	1	:	0.596153	0.000000	0.403847	0.000000	0.000000
29	tsk_29	(x)	1	:	0.000000	0.000000	0.000000	0.000000	1.000000
30	tsk_30	(x)	1	:	0.000000	0.000000	0.000000	0.000000	1.000000
31	tsk_31	(x)	1	:	0.008668	0.000000	0.001369	0.488144	0.501820
32	tsk_32	(x)	1	:	0.000000	0.000000	0.000000	1.000000	0.000000
33	tsk_33	(x)	1	:	0.000000	0.000000	0.000000	0.000000	1.000000
34	tsk_34	(x)	1	:	0.052902	0.000000	0.022842	0.492429	0.431827
35	tsk_35	(x)	1	:	0.000014	0.000004	0.000001	0.578827	0.421155
36	tsk_36	(x)	1	:	0.000000	0.000000	0.000000	0.000000	1.000000
37	tsk_37	(x)	1	:	0.000000	0.000000	0.000000	0.000000	1.000000
38	tsk_38	(x)	1	:	0.000000	0.000000	0.000000	0.000000	1.000000
39	tsk_39	(x)	1	:	0.000000	0.000000	0.000000	1.000000	0.000000
40	tsk_40	(x)	1	:	0.000035	0.000000	0.000008	0.453922	0.546036
41	tsk_41	(x)	1	:	0.000000	0.000000	0.000000	0.000000	1.000000
42	tsk_42	(x)	1	:	0.000000	0.000000	0.000000	1.000000	0.000000
43	tsk_43	(x)	1	:	0.000022	0.000000	0.000019	0.453923	0.546036
44	tsk_44	(x)	1	:	0.000000	0.000000	0.000000	1.000000	0.000000
45	tsk_45	(x)	1	:	0.000060	0.000000	0.000000	0.453909	0.546031
46	tsk_46	(x)	1	:	0.000066	0.000000	0.000002	0.453903	0.546028
47	tsk_47	(x)	1	:	0.000000	0.000000	0.000000	0.000000	1.000000
48	tsk_48	(x)	1	:	0.000000	0.000000	0.000000	0.000000	1.000000
49	tsk_49	(x)	1	:	0.000000	0.000000	0.000000	1.000000	0.000000
