logL = -105.574703 (converged)
AIC = 471.149406
BIC = 719.712397

count.K
31 11 8 

