logL = -125.493533 (converged)
AIC = 662.987067
BIC = 1056.863806

count.K
20 12 15 3 

