logL = -636.178901 (converged)
AIC = 1980.357802
BIC = 2657.213945

count.K
23 14 9 4 

