logL = -186.920948 (converged)
AIC = 525.841896
BIC = 671.155644

count.K
12 38 

