logL = -487.127754 (converged)
AIC = 1170.255508
BIC = 1357.633762

count.K
9 41 

