logL = -109.677892 (converged)
AIC = 935.355783
BIC = 1619.860019

count.K
7 20 3 4 1 15 

