0	tsk_0	(x)	1	:	0.000000	0.559294	0.327056	0.000000	0.000000	0.113649
1	tsk_1	(x)	1	:	0.000000	0.117668	0.600262	0.000000	0.000000	0.282070
2	tsk_2	(x)	1	:	0.000000	0.551573	0.000000	0.000000	0.000000	0.448427
3	tsk_3	(x)	1	:	0.000000	0.163789	0.549241	0.000000	0.000000	0.286970
4	tsk_4	(x)	1	:	0.000000	0.210675	0.538977	0.000000	0.000000	0.250348
5	tsk_5	(x)	1	:	0.000000	0.120489	0.879511	0.000000	0.000000	0.000000
6	tsk_6	(x)	1	:	0.000000	0.240506	0.616800	0.000000	0.000000	0.142694
7	tsk_7	(x)	1	:	0.000000	0.000000	0.588021	0.000000	0.000000	0.411979
8	tsk_8	(x)	1	:	0.000000	0.300997	0.340222	0.000000	0.000000	0.358782
9	tsk_9	(x)	1	:	0.000000	0.113853	0.193727	0.000000	0.000000	0.692420
10	tsk_10	(x)	1	:	0.000000	0.000000	0.000694	0.000000	0.997402	0.001904
11	tsk_11	(x)	1	:	0.000000	0.302883	0.515518	0.000000	0.000000	0.181599
12	tsk_12	(x)	1	:	0.000000	0.000308	0.001113	0.000000	0.997429	0.001150
13	tsk_13	(x)	1	:	0.000000	0.363165	0.310105	0.000000	0.000000	0.326730
14	tsk_14	(x)	1	:	0.000000	0.134124	0.704197	0.000000	0.000000	0.161679
15	tsk_15	(x)	1	:	0.000000	0.000000	0.419387	0.000000	0.000000	0.580613
16	tsk_16	(x)	1	:	0.000000	0.132768	0.707157	0.000000	0.000000	0.160075
17	tsk_17	(x)	1	:	0.000000	0.101135	0.526723	0.000000	0.000000	0.372143
18	tsk_18	(x)	1	:	0.000000	0.116378	0.600240	0.000000	0.000000	0.283381
19	tsk_19	(x)	1	:	0.000000	0.000000	0.659298	0.000000	0.000000	0.340702
20	tsk_20	(x)	1	:	0.000000	0.422737	0.236171	0.000000	0.000000	0.341092
21	tsk_21	(x)	1	:	0.500080	0.000000	0.000000	0.499920	0.000000	0.000000
22	tsk_22	(x)	1	:	0.493919	0.068628	0.272196	0.009103	0.000000	0.156154
23	tsk_23	(x)	1	:	0.000000	0.363515	0.311751	0.000000	0.000000	0.324735
24	tsk_24	(x)	1	:	0.500000	0.071581	0.265066	0.000000	0.000000	0.163353
25	tsk_25	(x)	1	:	0.000000	0.151780	0.759896	0.000000	0.000000	0.088324
26	tsk_26	(x)	1	:	0.500005	0.000000	0.000000	0.499995	0.000000	0.000000
27	tsk_27	(x)	1	:	0.000000	0.405407	0.348004	0.000000	0.000000	0.246589
28	tsk_28	(x)	1	:	0.000000	0.365687	0.634313	0.000000	0.000000	0.000000
29	tsk_29	(x)	1	:	0.494377	0.242277	0.254928	0.008417	0.000000	0.000000
30	tsk_30	(x)	1	:	0.999995	0.000000	0.000000	0.000005	0.000000	0.000000
31	tsk_31	(x)	1	:	0.499996	0.000000	0.000000	0.500004	0.000000	0.000000
32	tsk_32	(x)	1	:	0.000000	0.000000	0.000000	1.000000	0.000000	0.000000
33	tsk_33	(x)	1	:	0.499983	0.000000	0.000000	0.500017	0.000000	0.000000
34	tsk_34	(x)	1	:	0.500003	0.000000	0.000000	0.499997	0.000000	0.000000
35	tsk_35	(x)	1	:	0.999994	0.000000	0.000000	0.000006	0.000000	0.000000
36	tsk_36	(x)	1	:	0.500011	0.000000	0.000000	0.499989	0.000000	0.000000
37	tsk_37	(x)	1	:	0.999997	0.000000	0.000000	0.000002	0.000000	0.000000
38	tsk_38	(x)	1	:	0.499950	0.000000	0.000000	0.500050	0.000000	0.000000
39	tsk_39	(x)	1	:	0.500015	0.000000	0.000000	0.499985	0.000000	0.000000
40	tsk_40	(x)	1	:	0.499995	0.000000	0.000000	0.500005	0.000000	0.000000
41	tsk_41	(x)	1	:	0.000000	0.000000	0.000000	1.000000	0.000000	0.000000
42	tsk_42	(x)	1	:	0.000000	0.000000	0.000000	1.000000	0.000000	0.000000
43	tsk_43	(x)	1	:	0.000000	0.000000	0.000000	1.000000	0.000000	0.000000
44	tsk_44	(x)	1	:	0.000000	0.000000	0.000000	1.000000	0.000000	0.000000
45	tsk_45	(x)	1	:	0.000000	0.000000	0.000000	1.000000	0.000000	0.000000
46	tsk_46	(x)	1	:	0.000000	0.000000	0.000000	1.000000	0.000000	0.000000
47	tsk_47	(x)	1	:	0.000000	0.000000	0.000000	1.000000	0.000000	0.000000
48	tsk_48	(x)	1	:	0.000000	0.000000	0.000000	1.000000	0.000000	0.000000
49	tsk_49	(x)	1	:	0.000000	0.000000	0.000000	1.000000	0.000000	0.000000
