logL = -259.154278 (converged)
AIC = 670.308555
BIC = 815.622304

count.K
35 15 

