logL = -271.345633 (converged)
AIC = 1138.691267
BIC = 1708.474122

count.K
5 27 11 7 

