logL = -113.102612 (converged)
AIC = 746.205224
BIC = 1243.331205

count.K
7 9 12 1 21 

