logL = -75.263649 (converged)
AIC = 630.527297
BIC = 1089.412818

count.K
16 10 20 0 4 

