logL = -582.349106 (converged)
AIC = 1348.698211
BIC = 1524.604328

count.K
30 20 

