logL = -231.219261 (converged)
AIC = 758.438522
BIC = 1041.417927

count.K
30 10 10 

