logL = -291.474603 (converged)
AIC = 1382.949206
BIC = 2147.758408

count.K
7 7 2 9 20 5 

