logL = -154.318297 (converged)
AIC = 988.636593
BIC = 1638.724415

count.K
16 2 9 8 3 12 

