logL = -494.451615 (converged)
AIC = 1172.903231
BIC = 1348.809347

count.K
22 28 

