logL = -146.544405 (converged)
AIC = 559.088809
BIC = 813.387869

count.K
19 26 5 

