logL = -123.659256 (converged)
AIC = 975.318512
BIC = 1671.294885

count.K
11 1 11 8 9 10 

