logL = -164.915984 (converged)
AIC = 781.831969
BIC = 1213.949168

count.K
9 25 4 12 

