logL = -92.751162 (converged)
AIC = 313.502323
BIC = 435.871795

count.K
25 25 

