logL = -108.875521 (converged)
AIC = 797.751042
BIC = 1352.237713

count.K
10 12 8 8 12 

