logL = -1009.900918 (converged)
AIC = 2287.801837
BIC = 2544.012919

count.K
8 42 

