logL = -184.361336 (converged)
AIC = 516.722671
BIC = 658.212374

count.K
30 20 

