logL = -472.678265 (converged)
AIC = 1133.356529
BIC = 1313.086692

count.K
35 15 

