logL = -119.319721 (converged)
AIC = 498.639443
BIC = 747.202434

count.K
15 21 14 

