logL = -148.392668 (converged)
AIC = 692.785336
BIC = 1071.365891

count.K
18 12 2 18 

