logL = -296.154004 (converged)
AIC = 740.308007
BIC = 881.797710

count.K
32 18 

