logL = -29.797182 (converged)
AIC = 649.594364
BIC = 1213.641150

count.K
3 36 1 9 1 

