logL = -217.774782 (converged)
AIC = 871.549563
BIC = 1288.370579

count.K
8 6 15 21 

