logL = -189.517553 (converged)
AIC = 1155.035106
BIC = 1896.900033

count.K
2 20 6 12 9 1 

