logL = -52.680083 (converged)
AIC = 689.360165
BIC = 1247.670883

count.K
11 6 14 14 2 3 

