logL = -268.861508 (converged)
AIC = 1197.723016
BIC = 1828.690608

count.K
13 1 9 12 15 

