logL = -298.516702 (converged)
AIC = 935.033404
BIC = 1258.165292

count.K
10 17 23 

