logL = -80.595156 (converged)
AIC = 731.190313
BIC = 1276.116869

count.K
3 1 26 2 18 

