logL = -230.360840 (converged)
AIC = 1308.721680
BIC = 2119.419435

count.K
5 5 5 11 2 22 

