logL = -293.043061 (converged)
AIC = 750.086122
BIC = 906.872008

count.K
10 40 

