logL = -468.393999 (converged)
AIC = 1144.787998
BIC = 1343.638390

count.K
12 38 

