logL = -187.190967 (converged)
AIC = 1004.381935
BIC = 1606.669182

count.K
10 5 18 12 5 

