logL = -227.626308 (converged)
AIC = 799.252617
BIC = 1128.120574

count.K
11 19 20 

