logL = -86.342327 (converged)
AIC = 804.684655
BIC = 1408.883924

count.K
2 6 12 10 18 2 

