logL = -157.570368 (converged)
AIC = 727.140735
BIC = 1121.017474

count.K
6 11 27 6 

