logL = -150.988104 (converged)
AIC = 441.976208
BIC = 575.817819

count.K
29 21 

