logL = -308.462514 (converged)
AIC = 924.925028
BIC = 1219.376571

count.K
27 12 11 

