logL = -175.089499 (converged)
AIC = 770.178998
BIC = 1171.703830

count.K
26 3 5 16 

