logL = -266.291926 (converged)
AIC = 882.583853
BIC = 1217.187878

count.K
16 31 3 

