logL = -395.498782 (converged)
AIC = 974.997565
BIC = 1150.903681

count.K
27 23 

