logL = -126.104680 (converged)
AIC = 772.209359
BIC = 1269.335340

count.K
2 5 24 9 10 

