logL = -118.691826 (converged)
AIC = 827.383651
BIC = 1391.430438

count.K
12 7 5 11 15 

