logL = -196.532772 (converged)
AIC = 1023.065544
BIC = 1625.352791

count.K
15 8 1 20 6 

