logL = -185.125497 (converged)
AIC = 940.250994
BIC = 1485.177551

count.K
4 24 1 9 12 

