logL = -402.047261 (converged)
AIC = 1264.094522
BIC = 1703.859813

count.K
14 14 14 8 

