logL = -307.998619 (converged)
AIC = 787.997238
BIC = 952.431216

count.K
28 22 

