logL = -78.778222 (converged)
AIC = 537.556444
BIC = 900.840815

count.K
22 7 4 17 

