logL = -34.905813 (converged)
AIC = 193.811625
BIC = 312.357051

count.K
35 15 

