logL = -153.297032 (converged)
AIC = 446.594063
BIC = 580.435674

count.K
28 22 

