logL = -346.322892 (converged)
AIC = 1012.645784
BIC = 1318.569465

count.K
20 2 28 

