logL = -160.238020 (converged)
AIC = 892.476039
BIC = 1439.314619

count.K
10 18 10 12 

