logL = -262.549883 (converged)
AIC = 1337.099766
BIC = 2113.381106

count.K
8 2 17 8 12 3 

