logL = -507.029475 (converged)
AIC = 1190.058950
BIC = 1358.316974

count.K
19 31 

