logL = -276.648682 (converged)
AIC = 753.297364
BIC = 944.499664

count.K
19 31 

