logL = -391.018523 (converged)
AIC = 982.037047
BIC = 1173.239347

count.K
30 20 

