0	tsk_0	(x)	1	:	0.029853	0.070012	0.478683	0.000000	0.421452	0.000000
1	tsk_1	(x)	1	:	0.000045	0.000061	0.000000	0.000000	0.999894	0.000000
2	tsk_2	(x)	1	:	0.000000	0.000000	1.000000	0.000000	0.000000	0.000000
3	tsk_3	(x)	1	:	0.000001	0.000000	0.999998	0.000000	0.000000	0.000000
4	tsk_4	(x)	1	:	0.000034	0.000006	0.407793	0.000000	0.592166	0.000000
5	tsk_5	(x)	1	:	0.000000	0.000037	0.407792	0.000000	0.592171	0.000000
6	tsk_6	(x)	1	:	0.000002	0.000000	0.999998	0.000000	0.000000	0.000000
7	tsk_7	(x)	1	:	0.000000	0.000001	0.999999	0.000000	0.000000	0.000000
8	tsk_8	(x)	1	:	0.000000	0.000001	0.999998	0.000000	0.000000	0.000000
9	tsk_9	(x)	1	:	0.079130	0.020674	0.478714	0.000000	0.421482	0.000000
10	tsk_10	(x)	1	:	0.447548	0.073426	0.479026	0.000000	0.000000	0.000000
11	tsk_11	(x)	1	:	0.388358	0.132617	0.479025	0.000000	0.000000	0.000000
12	tsk_12	(x)	1	:	0.268532	0.071182	0.660286	0.000000	0.000000	0.000000
13	tsk_13	(x)	1	:	0.000001	0.000001	0.999998	0.000000	0.000000	0.000000
14	tsk_14	(x)	1	:	0.765531	0.234469	0.000000	0.000000	0.000000	0.000000
15	tsk_15	(x)	1	:	0.892291	0.107709	0.000000	0.000000	0.000000	0.000000
16	tsk_16	(x)	1	:	0.000000	0.000000	0.999999	0.000000	0.000000	0.000000
17	tsk_17	(x)	1	:	0.206296	0.314678	0.479025	0.000000	0.000000	0.000000
18	tsk_18	(x)	1	:	0.000001	0.000001	0.999998	0.000000	0.000000	0.000000
19	tsk_19	(x)	1	:	0.057687	0.042134	0.478705	0.000000	0.421474	0.000000
20	tsk_20	(x)	1	:	0.300710	0.196869	0.004075	0.000000	0.000000	0.498346
21	tsk_21	(x)	1	:	0.648167	0.351831	0.000002	0.000000	0.000000	0.000000
22	tsk_22	(x)	1	:	0.497650	0.000000	0.003895	0.000000	0.000000	0.498455
23	tsk_23	(x)	1	:	1.000000	0.000000	0.000000	0.000000	0.000000	0.000000
24	tsk_24	(x)	1	:	0.800051	0.199949	0.000000	0.000000	0.000000	0.000000
25	tsk_25	(x)	1	:	0.171139	0.326444	0.004067	0.000000	0.000000	0.498351
26	tsk_26	(x)	1	:	0.280372	0.217389	0.003641	0.000000	0.000000	0.498598
27	tsk_27	(x)	1	:	0.609566	0.390434	0.000000	0.000000	0.000000	0.000000
28	tsk_28	(x)	1	:	0.516055	0.483945	0.000000	0.000000	0.000000	0.000000
29	tsk_29	(x)	1	:	0.357936	0.139678	0.003985	0.000000	0.000000	0.498400
30	tsk_30	(x)	1	:	0.302467	0.195132	0.004023	0.000000	0.000000	0.498378
31	tsk_31	(x)	1	:	0.000000	0.000000	0.000000	0.000000	0.000000	1.000000
32	tsk_32	(x)	1	:	0.259575	0.238120	0.003791	0.000000	0.000000	0.498515
33	tsk_33	(x)	1	:	0.000000	0.000010	0.000000	0.000000	0.000000	0.999990
34	tsk_34	(x)	1	:	0.000000	0.000000	0.000000	0.000000	0.000000	1.000000
35	tsk_35	(x)	1	:	0.377847	0.119778	0.003958	0.000000	0.000000	0.498418
36	tsk_36	(x)	1	:	0.253173	0.244495	0.003852	0.000000	0.000000	0.498480
37	tsk_37	(x)	1	:	0.934349	0.065651	0.000001	0.000000	0.000000	0.000000
38	tsk_38	(x)	1	:	0.000000	0.000000	0.000000	0.000000	0.000000	1.000000
39	tsk_39	(x)	1	:	0.000000	0.000000	0.000000	0.000000	0.000000	1.000000
40	tsk_40	(x)	1	:	0.000000	0.000000	0.000000	1.000000	0.000000	0.000000
41	tsk_41	(x)	1	:	0.000000	0.000000	0.000000	1.000000	0.000000	0.000000
42	tsk_42	(x)	1	:	0.000000	0.000000	0.000000	1.000000	0.000000	0.000000
43	tsk_43	(x)	1	:	0.000000	0.000000	0.000000	1.000000	0.000000	0.000000
44	tsk_44	(x)	1	:	0.000000	0.000000	0.000000	1.000000	0.000000	0.000000
45	tsk_45	(x)	1	:	0.000000	0.000000	0.000000	1.000000	0.000000	0.000000
46	tsk_46	(x)	1	:	0.000000	0.000000	0.000000	1.000000	0.000000	0.000000
47	tsk_47	(x)	1	:	0.000000	0.000000	0.000000	1.000000	0.000000	0.000000
48	tsk_48	(x)	1	:	0.000000	0.000000	0.000000	1.000000	0.000000	0.000000
49	tsk_49	(x)	1	:	0.000000	0.000000	0.000000	0.857163	0.000000	0.142837
