0	tsk_0	(x)	1	:	0.000000	0.000000	0.000000	0.000000	0.646933	0.353067
1	tsk_1	(x)	1	:	0.000000	0.000000	0.000000	0.000000	0.379574	0.620426
2	tsk_2	(x)	1	:	0.000000	0.000000	0.000000	0.000000	0.379414	0.620586
3	tsk_3	(x)	1	:	0.000000	0.000000	0.000000	0.000000	0.313692	0.686308
4	tsk_4	(x)	1	:	0.000000	0.000000	0.000000	0.000000	0.476593	0.523407
5	tsk_5	(x)	1	:	0.000000	0.000000	0.000000	0.000000	0.477998	0.522002
6	tsk_6	(x)	1	:	0.000000	0.000000	0.000000	0.000000	0.315227	0.684773
7	tsk_7	(x)	1	:	0.000000	0.000000	0.000000	0.000000	0.355075	0.644925
8	tsk_8	(x)	1	:	0.000000	0.000000	0.000000	0.000000	0.603676	0.396324
9	tsk_9	(x)	1	:	0.000000	0.000000	0.000000	0.000000	0.314724	0.685276
10	tsk_10	(x)	1	:	0.000000	0.000000	0.000000	0.000000	0.477141	0.522859
11	tsk_11	(x)	1	:	0.000000	0.000000	0.000000	0.000000	0.477457	0.522543
12	tsk_12	(x)	1	:	0.000000	0.000000	0.000000	0.000000	0.602441	0.397559
13	tsk_13	(x)	1	:	0.000000	0.000000	0.000000	0.000000	0.313590	0.686410
14	tsk_14	(x)	1	:	0.000000	0.000000	0.997666	0.000001	0.001816	0.000517
15	tsk_15	(x)	1	:	0.000000	0.000000	0.000000	0.000000	0.476972	0.523028
16	tsk_16	(x)	1	:	0.000000	0.000000	0.000000	0.000000	0.186722	0.813278
17	tsk_17	(x)	1	:	0.000000	0.000000	0.997278	0.000000	0.002171	0.000550
18	tsk_18	(x)	1	:	0.000000	0.000000	0.000000	0.350897	0.394686	0.254418
19	tsk_19	(x)	1	:	0.000000	0.000000	0.000000	0.000000	0.578942	0.421058
20	tsk_20	(x)	1	:	0.001220	0.567040	0.000000	0.351275	0.080465	0.000000
21	tsk_21	(x)	1	:	0.000000	0.000000	0.000000	0.591633	0.139877	0.268490
22	tsk_22	(x)	1	:	0.000000	0.000000	0.000000	1.000000	0.000000	0.000000
23	tsk_23	(x)	1	:	0.000000	0.000000	0.000000	0.562760	0.000000	0.437240
24	tsk_24	(x)	1	:	0.000000	0.000000	0.000000	0.562760	0.195533	0.241707
25	tsk_25	(x)	1	:	0.000000	0.000000	0.000000	0.591633	0.108959	0.299408
26	tsk_26	(x)	1	:	0.000000	0.000000	0.000000	0.473205	0.284773	0.242021
27	tsk_27	(x)	1	:	0.000000	0.000000	0.000000	0.591633	0.247652	0.160715
28	tsk_28	(x)	1	:	0.000000	0.000000	0.000000	0.999548	0.000212	0.000240
29	tsk_29	(x)	1	:	0.000000	0.000000	0.000000	0.591633	0.175139	0.233228
30	tsk_30	(x)	1	:	0.006518	0.485224	0.000000	0.000000	0.263405	0.244853
31	tsk_31	(x)	1	:	0.000000	1.000000	0.000000	0.000000	0.000000	0.000000
32	tsk_32	(x)	1	:	0.529637	0.470363	0.000000	0.000000	0.000000	0.000000
33	tsk_33	(x)	1	:	0.000000	1.000000	0.000000	0.000000	0.000000	0.000000
34	tsk_34	(x)	1	:	0.000000	1.000000	0.000000	0.000000	0.000000	0.000000
35	tsk_35	(x)	1	:	0.529637	0.470363	0.000000	0.000000	0.000000	0.000000
36	tsk_36	(x)	1	:	0.000000	0.000000	0.000000	0.350897	0.218825	0.430278
37	tsk_37	(x)	1	:	0.000001	0.999999	0.000000	0.000000	0.000000	0.000000
38	tsk_38	(x)	1	:	0.021041	0.476197	0.000001	0.350989	0.087551	0.064222
39	tsk_39	(x)	1	:	0.000000	1.000000	0.000000	0.000000	0.000000	0.000000
40	tsk_40	(x)	1	:	1.000000	0.000000	0.000000	0.000000	0.000000	0.000000
41	tsk_41	(x)	1	:	0.529637	0.470363	0.000000	0.000000	0.000000	0.000000
42	tsk_42	(x)	1	:	0.529637	0.470363	0.000000	0.000000	0.000000	0.000000
43	tsk_43	(x)	1	:	1.000000	0.000000	0.000000	0.000000	0.000000	0.000000
44	tsk_44	(x)	1	:	0.529637	0.470363	0.000000	0.000000	0.000000	0.000000
45	tsk_45	(x)	1	:	1.000000	0.000000	0.000000	0.000000	0.000000	0.000000
46	tsk_46	(x)	1	:	1.000000	0.000000	0.000000	0.000000	0.000000	0.000000
47	tsk_47	(x)	1	:	1.000000	0.000000	0.000000	0.000000	0.000000	0.000000
48	tsk_48	(x)	1	:	1.000000	0.000000	0.000000	0.000000	0.000000	0.000000
49	tsk_49	(x)	1	:	1.000000	0.000000	0.000000	0.000000	0.000000	0.000000
