logL = -118.505049 (converged)
AIC = 757.010098
BIC = 1254.136080

count.K
18 4 8 12 8 

