logL = -189.883932 (converged)
AIC = 979.767865
BIC = 1553.374766

count.K
10 9 17 10 4 

