logL = -307.106718 (converged)
AIC = 1074.213436
BIC = 1513.978728

count.K
8 10 11 21 

