logL = -97.481579 (converged)
AIC = 910.963159
BIC = 1595.467394

count.K
11 6 10 8 1 14 

