logL = -237.288845 (converged)
AIC = 902.577690
BIC = 1311.750613

count.K
4 10 16 20 

