logL = -109.887769 (converged)
AIC = 663.775537
BIC = 1088.244644

count.K
11 17 2 20 

