logL = -56.789153 (converged)
AIC = 623.578306
BIC = 1111.144173

count.K
24 3 7 14 2 

