logL = -174.242037 (converged)
AIC = 768.484075
BIC = 1170.008906

count.K
0 12 25 13 

