logL = -168.142714 (converged)
AIC = 772.285427
BIC = 1189.106442

count.K
10 8 23 9 

