logL = -257.700963 (converged)
AIC = 695.401927
BIC = 867.483997

count.K
41 9 

