logL = -256.917572 (converged)
AIC = 669.835144
BIC = 818.972938

count.K
38 12 

