logL = -201.246612 (converged)
AIC = 806.493223
BIC = 1192.721870

count.K
9 22 12 7 

