logL = -183.892582 (converged)
AIC = 917.785164
BIC = 1443.591491

count.K
36 3 4 4 3 

