logL = -226.600707 (converged)
AIC = 665.201413
BIC = 867.875852

count.K
30 20 

