logL = -487.159998 (converged)
AIC = 1378.319996
BIC = 1764.548643

count.K
9 33 8 

