logL = -1167.241498 (not converged)
AIC = 2382.482995
BIC = 2428.371547

count.K
50 

