logL = -256.229625 (converged)
AIC = 1264.459251
BIC = 1983.379901

count.K
6 1 16 8 12 7 

