logL = -148.794300 (converged)
AIC = 1085.588600
BIC = 1838.925664

count.K
9 4 9 3 20 5 

