0	tsk_0	(x)	1	:	0.000000	0.658256	0.341744	0.000000	0.000000	0.000000
1	tsk_1	(x)	1	:	0.000000	0.661993	0.338007	0.000000	0.000000	0.000000
2	tsk_2	(x)	1	:	0.000000	0.250926	0.749074	0.000000	0.000000	0.000000
3	tsk_3	(x)	1	:	0.000000	0.187280	0.812720	0.000000	0.000000	0.000000
4	tsk_4	(x)	1	:	0.000000	0.179105	0.320899	0.000000	0.000001	0.499995
5	tsk_5	(x)	1	:	0.000000	0.547350	0.452650	0.000000	0.000000	0.000000
6	tsk_6	(x)	1	:	0.000000	0.000000	1.000000	0.000000	0.000000	0.000000
7	tsk_7	(x)	1	:	0.000000	0.357812	0.642188	0.000000	0.000000	0.000000
8	tsk_8	(x)	1	:	0.000000	0.708840	0.291160	0.000000	0.000000	0.000000
9	tsk_9	(x)	1	:	0.000000	0.115590	0.884410	0.000000	0.000000	0.000000
10	tsk_10	(x)	1	:	0.000000	0.060227	0.273110	0.000001	0.000002	0.666661
11	tsk_11	(x)	1	:	0.000000	0.346286	0.653714	0.000000	0.000000	0.000000
12	tsk_12	(x)	1	:	0.000000	0.044458	0.955542	0.000000	0.000000	0.000000
13	tsk_13	(x)	1	:	0.000000	0.412558	0.420776	0.000000	0.000000	0.166667
14	tsk_14	(x)	1	:	0.000000	0.548311	0.451689	0.000000	0.000000	0.000000
15	tsk_15	(x)	1	:	0.000000	0.199852	0.466815	0.000000	0.000000	0.333332
16	tsk_16	(x)	1	:	0.000000	0.278564	0.721436	0.000000	0.000000	0.000000
17	tsk_17	(x)	1	:	0.000000	0.530158	0.469842	0.000000	0.000000	0.000000
18	tsk_18	(x)	1	:	0.000000	0.673644	0.326356	0.000000	0.000000	0.000000
19	tsk_19	(x)	1	:	0.000000	0.255886	0.577447	0.000000	0.000000	0.166667
20	tsk_20	(x)	1	:	0.000000	0.000000	0.000000	0.000000	0.500018	0.499982
21	tsk_21	(x)	1	:	0.000001	0.000000	0.000000	0.000000	0.999997	0.000002
22	tsk_22	(x)	1	:	0.000001	0.000000	0.000000	0.000000	0.999997	0.000002
23	tsk_23	(x)	1	:	0.000000	0.000000	0.000000	0.000000	0.500023	0.499977
24	tsk_24	(x)	1	:	0.000001	0.000000	0.000000	0.000000	0.999999	0.000000
25	tsk_25	(x)	1	:	0.000000	0.000000	0.000000	0.000021	0.000010	0.999969
26	tsk_26	(x)	1	:	0.000000	0.000000	0.000000	0.000000	0.500010	0.499990
27	tsk_27	(x)	1	:	0.000001	0.000000	0.000000	0.000000	0.999999	0.000000
28	tsk_28	(x)	1	:	0.000000	0.000000	0.000000	0.000000	0.999998	0.000002
29	tsk_29	(x)	1	:	0.000001	0.000000	0.000000	0.000000	0.999999	0.000000
30	tsk_30	(x)	1	:	0.997376	0.000000	0.000000	0.000000	0.000002	0.002622
31	tsk_31	(x)	1	:	1.000000	0.000000	0.000000	0.000000	0.000000	0.000000
32	tsk_32	(x)	1	:	1.000000	0.000000	0.000000	0.000000	0.000000	0.000000
33	tsk_33	(x)	1	:	1.000000	0.000000	0.000000	0.000000	0.000000	0.000000
34	tsk_34	(x)	1	:	1.000000	0.000000	0.000000	0.000000	0.000000	0.000000
35	tsk_35	(x)	1	:	1.000000	0.000000	0.000000	0.000000	0.000000	0.000000
36	tsk_36	(x)	1	:	0.997629	0.000000	0.000000	0.000000	0.000001	0.002369
37	tsk_37	(x)	1	:	1.000000	0.000000	0.000000	0.000000	0.000000	0.000000
38	tsk_38	(x)	1	:	0.997395	0.000000	0.000000	0.000000	0.000001	0.002603
39	tsk_39	(x)	1	:	0.999999	0.000000	0.000000	0.000001	0.000000	0.000000
40	tsk_40	(x)	1	:	0.000000	0.000000	0.000000	1.000000	0.000000	0.000000
41	tsk_41	(x)	1	:	0.000000	0.000000	0.000000	1.000000	0.000000	0.000000
42	tsk_42	(x)	1	:	0.000000	0.000000	0.000000	0.999992	0.000000	0.000008
43	tsk_43	(x)	1	:	0.000000	0.000000	0.000000	0.999994	0.000000	0.000006
44	tsk_44	(x)	1	:	0.000002	0.000000	0.000006	0.764729	0.000165	0.235098
45	tsk_45	(x)	1	:	0.000000	0.000000	0.000000	0.584853	0.000000	0.415147
46	tsk_46	(x)	1	:	0.000000	0.000000	0.000000	1.000000	0.000000	0.000000
47	tsk_47	(x)	1	:	0.000000	0.000000	0.000000	0.999998	0.000000	0.000002
48	tsk_48	(x)	1	:	0.000000	0.000000	0.000000	0.999997	0.000000	0.000003
49	tsk_49	(x)	1	:	0.000000	0.000000	0.000000	0.999988	0.000000	0.000012
