logL = -125.151357 (converged)
AIC = 790.302713
BIC = 1306.548925

count.K
9 10 8 7 16 

