logL = -143.019677 (converged)
AIC = 722.039353
BIC = 1138.860368

count.K
10 3 17 20 

