logL = -134.335423 (converged)
AIC = 546.670845
BIC = 812.442043

count.K
22 15 13 

