logL = -886.131754 (converged)
AIC = 1996.263508
BIC = 2210.410085

count.K
29 21 

