logL = -626.508346 (converged)
AIC = 2365.016692
BIC = 3428.101483

count.K
4 23 8 1 13 1 

