logL = -107.337056 (converged)
AIC = 754.674113
BIC = 1270.920324

count.K
13 7 10 10 10 

