logL = -82.912429 (converged)
AIC = 431.824858
BIC = 686.123918

count.K
18 28 4 

