logL = -301.323223 (converged)
AIC = 1102.646446
BIC = 1580.652197

count.K
6 5 20 19 

