logL = -75.492540 (converged)
AIC = 770.985080
BIC = 1363.712212

count.K
12 8 2 9 5 14 

