logL = -340.992728 (converged)
AIC = 837.985457
BIC = 987.123251

count.K
28 22 

