logL = -216.097866 (converged)
AIC = 588.195731
BIC = 737.333526

count.K
43 7 

