logL = -360.863074 (converged)
AIC = 901.726147
BIC = 1073.808218

count.K
43 7 

