logL = -110.400589 (converged)
AIC = 640.801178
BIC = 1042.326009

count.K
10 6 12 22 

