logL = -111.885103 (converged)
AIC = 867.770207
BIC = 1483.441614

count.K
3 19 11 0 1 16 

