logL = -116.568804 (converged)
AIC = 843.137609
BIC = 1426.304625

count.K
10 2 1 19 18 

