logL = -463.583917 (converged)
AIC = 1313.167834
BIC = 1682.188275

count.K
16 24 10 

