logL = -171.767712 (converged)
AIC = 835.535424
BIC = 1305.893083

count.K
16 10 20 4 

