logL = -150.258955 (converged)
AIC = 950.517910
BIC = 1571.925387

count.K
4 24 15 1 6 

