logL = -393.905251 (converged)
AIC = 1221.810502
BIC = 1636.719495

count.K
17 21 12 

