logL = -120.731410 (converged)
AIC = 945.462820
BIC = 1618.494918

count.K
11 4 5 11 10 9 

