logL = -149.419816 (converged)
AIC = 1002.839632
BIC = 1675.871730

count.K
8 14 12 3 11 2 

