logL = -428.798255 (converged)
AIC = 1029.596511
BIC = 1194.030489

count.K
36 14 

