logL = -591.455974 (converged)
AIC = 1438.911948
BIC = 1683.650893

count.K
11 39 

