logL = -239.465392 (converged)
AIC = 1302.930784
BIC = 2090.684263

count.K
3 19 4 10 4 10 

