logL = -91.261586 (converged)
AIC = 330.523171
BIC = 472.012873

count.K
20 30 

