logL = -218.133143 (converged)
AIC = 726.266286
BIC = 1003.509621

count.K
4 37 9 

