logL = -243.018939 (converged)
AIC = 788.037877
BIC = 1076.753351

count.K
18 17 15 

