logL = -48.858228 (converged)
AIC = 729.716456
BIC = 1333.915726

count.K
4 22 4 2 1 17 

