logL = -103.613864 (converged)
AIC = 627.227728
BIC = 1028.752559

count.K
24 8 7 11 

