logL = -16.383416 (converged)
AIC = 604.766831
BIC = 1151.605411

count.K
16 10 11 4 7 2 

