logL = -132.850143 (converged)
AIC = 945.700286
BIC = 1595.788108

count.K
6 3 20 5 8 8 

