logL = -280.104040 (converged)
AIC = 910.208081
BIC = 1244.812107

count.K
22 7 21 

