logL = -424.231376 (converged)
AIC = 1538.462752
BIC = 2198.110689

count.K
2 6 30 4 8 

