logL = -350.211341 (converged)
AIC = 868.422683
BIC = 1029.032615

count.K
32 18 

