logL = -397.526904 (converged)
AIC = 963.053808
BIC = 1123.663740

count.K
24 26 

