logL = -262.710502 (converged)
AIC = 845.421003
BIC = 1151.344684

count.K
21 7 22 

