logL = -52.749751 (converged)
AIC = 347.499502
BIC = 578.854286

count.K
20 22 8 

