logL = -149.013085 (converged)
AIC = 878.026170
BIC = 1432.512841

count.K
4 10 19 13 4 

