logL = -191.584322 (converged)
AIC = 721.168644
BIC = 1044.300532

count.K
27 12 11 

