logL = -287.997442 (converged)
AIC = 1035.994884
BIC = 1475.760176

count.K
10 12 9 19 

