logL = -91.826994 (converged)
AIC = 563.653988
BIC = 926.938359

count.K
9 22 8 11 

