logL = -80.613343 (converged)
AIC = 549.226686
BIC = 920.159149

count.K
19 11 10 10 

