logL = -532.082993 (converged)
AIC = 1596.165986
BIC = 2104.764105

count.K
28 7 5 10 

