logL = -238.695969 (converged)
AIC = 1241.391937
BIC = 1971.784725

count.K
12 9 5 16 3 5 

