logL = -384.235992 (converged)
AIC = 1112.471985
BIC = 1441.339942

count.K
22 18 10 

