logL = -367.454457 (converged)
AIC = 906.908915
BIC = 1071.342893

count.K
20 30 

