logL = -198.029890 (converged)
AIC = 680.059779
BIC = 951.567046

count.K
14 24 12 

