logL = -80.649643 (converged)
AIC = 661.299286
BIC = 1139.305037

count.K
2 6 19 9 14 

