logL = -128.102003 (converged)
AIC = 660.204005
BIC = 1046.432652

count.K
15 6 19 10 

