logL = -451.309290 (converged)
AIC = 1078.618580
BIC = 1246.876604

count.K
31 19 

