logL = -208.383719 (converged)
AIC = 1132.767438
BIC = 1817.271674

count.K
1 2 11 6 8 22 

