logL = -448.170474 (converged)
AIC = 1068.340949
BIC = 1232.774927

count.K
32 18 

