logL = -219.163068 (converged)
AIC = 598.326136
BIC = 751.287976

count.K
40 10 

