logL = -342.105722 (converged)
AIC = 860.211444
BIC = 1028.469468

count.K
23 27 

