logL = -446.329751 (converged)
AIC = 1080.659502
BIC = 1260.389665

count.K
17 33 

