logL = -294.235546 (converged)
AIC = 748.471093
BIC = 901.432933

count.K
27 23 

