logL = -157.988666 (converged)
AIC = 807.977331
BIC = 1278.334991

count.K
7 20 11 12 

