logL = -187.262319 (converged)
AIC = 652.524638
BIC = 918.295836

count.K
20 7 23 

