logL = -445.958299 (converged)
AIC = 1111.916597
BIC = 1322.239128

count.K
16 34 

