logL = -466.599394 (converged)
AIC = 1937.198788
BIC = 2897.034337

count.K
7 1 15 3 13 11 

