logL = -177.559426 (converged)
AIC = 1083.118852
BIC = 1779.095226

count.K
6 4 14 6 14 6 

