logL = -260.183549 (converged)
AIC = 1068.367099
BIC = 1592.261402

count.K
16 16 14 4 

