logL = -178.098148 (converged)
AIC = 1048.196296
BIC = 1709.756256

count.K
16 2 4 10 10 8 

