logL = -487.970845 (converged)
AIC = 1349.941690
BIC = 1707.489992

count.K
11 22 17 

