logL = -217.281181 (converged)
AIC = 998.562361
BIC = 1537.752849

count.K
6 11 15 18 

