logL = -203.746695 (converged)
AIC = 977.493390
BIC = 1522.419947

count.K
6 1 17 6 20 

