logL = -145.250064 (converged)
AIC = 860.500128
BIC = 1405.426684

count.K
1 10 24 2 13 

