logL = -72.737853 (converged)
AIC = 645.475707
BIC = 1123.481458

count.K
17 1 2 7 23 

