logL = -206.898939 (converged)
AIC = 1309.797877
BIC = 2166.384184

count.K
1 4 19 1 15 10 

