logL = -263.279000 (converged)
AIC = 682.558001
BIC = 831.695795

count.K
36 14 

