logL = -107.793293 (converged)
AIC = 603.586586
BIC = 974.519049

count.K
14 10 12 14 

