logL = -142.857281 (converged)
AIC = 563.714561
BIC = 829.485759

count.K
16 14 20 

