logL = -79.706741 (converged)
AIC = 283.413482
BIC = 401.958908

count.K
30 20 

