logL = -255.851771 (converged)
AIC = 1171.703542
BIC = 1802.671133

count.K
15 5 6 15 9 

