logL = -701.521193 (converged)
AIC = 1611.042387
BIC = 1809.892779

count.K
24 26 

