logL = -118.569702 (converged)
AIC = 817.139404
BIC = 1371.626076

count.K
16 2 9 20 3 

