logL = -596.735750 (converged)
AIC = 1409.471500
BIC = 1615.969985

count.K
33 17 

