logL = -235.375104 (converged)
AIC = 1342.750208
BIC = 2176.392238

count.K
10 2 14 12 8 4 

