logL = -241.904966 (converged)
AIC = 1173.809932
BIC = 1833.457869

count.K
14 12 15 4 5 

