logL = -51.080168 (converged)
AIC = 498.160336
BIC = 876.740891

count.K
20 10 19 1 

