logL = -363.677027 (converged)
AIC = 1089.354055
BIC = 1435.430219

count.K
23 3 24 

