logL = -148.068476 (converged)
AIC = 724.136953
BIC = 1133.309876

count.K
10 6 15 19 

