logL = -169.963099 (converged)
AIC = 1067.926199
BIC = 1763.902573

count.K
1 1 3 16 11 18 

