logL = -315.801106 (converged)
AIC = 823.602212
BIC = 1007.156421

count.K
21 29 

