logL = -319.130813 (converged)
AIC = 952.261627
BIC = 1252.449239

count.K
19 23 8 

