logL = -298.033860 (converged)
AIC = 1112.067720
BIC = 1605.369655

count.K
25 13 7 5 

