logL = -378.199307 (converged)
AIC = 992.398615
BIC = 1218.017329

count.K
37 13 

