logL = -251.068955 (converged)
AIC = 1132.137910
BIC = 1734.425156

count.K
11 16 2 12 9 

