logL = -254.752879 (converged)
AIC = 1249.505759
BIC = 1956.954271

count.K
12 5 9 12 3 9 

