logL = -152.216306 (converged)
AIC = 582.432612
BIC = 848.203810

count.K
20 22 8 

