logL = -342.113243 (converged)
AIC = 884.226486
BIC = 1075.428787

count.K
10 40 

