logL = -341.062291 (converged)
AIC = 1134.124582
BIC = 1566.241781

count.K
16 14 5 15 

