logL = -161.813259 (converged)
AIC = 743.626519
BIC = 1145.151350

count.K
6 13 23 8 

