logL = -51.861724 (converged)
AIC = 723.723447
BIC = 1316.450579

count.K
8 8 9 7 11 7 

