logL = -328.184573 (converged)
AIC = 1018.369146
BIC = 1364.445310

count.K
7 22 21 

