logL = -38.769185 (converged)
AIC = 465.538369
BIC = 836.470832

count.K
20 0 12 18 

