logL = -289.537663 (converged)
AIC = 1307.075327
BIC = 2003.051701

count.K
6 7 16 7 4 10 

