logL = -58.653269 (converged)
AIC = 617.306539
BIC = 1095.312290

count.K
10 20 14 5 1 

