logL = -654.834799 (converged)
AIC = 1505.669598
BIC = 1693.047852

count.K
10 40 

