logL = -86.852060 (converged)
AIC = 421.704121
BIC = 658.794974

count.K
10 12 28 

