logL = -191.804554 (converged)
AIC = 1063.609108
BIC = 1713.696930

count.K
14 1 9 16 7 3 

