logL = -162.764760 (converged)
AIC = 1029.529520
BIC = 1702.561618

count.K
8 2 22 4 4 10 

