logL = -309.918770 (converged)
AIC = 1269.837540
BIC = 1891.245017

count.K
16 15 5 13 1 

