logL = -175.052920 (converged)
AIC = 1000.105840
BIC = 1621.513317

count.K
2 16 7 4 21 

