logL = -145.510826 (converged)
AIC = 695.021653
BIC = 1081.250300

count.K
8 22 18 2 

