logL = -71.609335 (converged)
AIC = 811.218670
BIC = 1449.834354

count.K
1 2 18 15 4 10 

