logL = -189.142050 (converged)
AIC = 674.284100
BIC = 957.263505

count.K
27 5 18 

