logL = -83.960231 (converged)
AIC = 547.920462
BIC = 911.204833

count.K
9 6 31 4 

