logL = -268.555372 (converged)
AIC = 745.110745
BIC = 943.961137

count.K
10 40 

