logL = -170.199029 (converged)
AIC = 870.398057
BIC = 1377.084154

count.K
1 6 16 7 20 

