logL = -315.634674 (converged)
AIC = 1011.269348
BIC = 1374.553719

count.K
9 18 23 

