logL = -144.867673 (converged)
AIC = 969.735346
BIC = 1619.823168

count.K
13 15 5 9 6 2 

