logL = -317.481063 (converged)
AIC = 806.962126
BIC = 971.396105

count.K
11 39 

