logL = -356.867368 (converged)
AIC = 1473.734737
BIC = 2200.303479

count.K
11 19 4 8 8 

