logL = -104.120815 (converged)
AIC = 738.241631
BIC = 1244.927727

count.K
19 8 6 6 11 

