logL = -154.366294 (converged)
AIC = 616.732588
BIC = 911.184130

count.K
19 20 11 

