logL = -540.362846 (converged)
AIC = 1272.725692
BIC = 1456.279900

count.K
39 11 

