logL = -173.311953 (converged)
AIC = 966.623907
BIC = 1559.351039

count.K
0 10 19 12 9 

