logL = -117.257817 (converged)
AIC = 758.515634
BIC = 1259.465661

count.K
10 20 16 4 

