0	tsk_0	(x)	1	:	0.249933	0.000000	0.000000	0.000000	0.210796	0.539271
1	tsk_1	(x)	1	:	0.260663	0.000000	0.000000	0.000000	0.110893	0.628444
2	tsk_2	(x)	1	:	0.349127	0.000000	0.000000	0.000000	0.150637	0.500236
3	tsk_3	(x)	1	:	0.603589	0.000000	0.000000	0.000000	0.144685	0.251725
4	tsk_4	(x)	1	:	0.091651	0.000000	0.000000	0.000000	0.118720	0.789628
5	tsk_5	(x)	1	:	0.180121	0.000000	0.000000	0.000000	0.122532	0.697347
6	tsk_6	(x)	1	:	0.094080	0.000000	0.000000	0.000000	0.231169	0.674751
7	tsk_7	(x)	1	:	0.221774	0.000000	0.000000	0.000000	0.140228	0.637998
8	tsk_8	(x)	1	:	0.359022	0.000000	0.000000	0.000000	0.116372	0.524606
9	tsk_9	(x)	1	:	0.325559	0.000000	0.000000	0.000000	0.202951	0.471490
10	tsk_10	(x)	1	:	0.349189	0.000000	0.000000	0.000000	0.144604	0.506207
11	tsk_11	(x)	1	:	0.534422	0.000000	0.000000	0.000000	0.076019	0.389560
12	tsk_12	(x)	1	:	0.341919	0.000000	0.000000	0.000000	0.036486	0.621595
13	tsk_13	(x)	1	:	0.503546	0.000000	0.000000	0.000000	0.204367	0.292087
14	tsk_14	(x)	1	:	0.211880	0.000000	0.000000	0.000000	0.178915	0.609205
15	tsk_15	(x)	1	:	0.844500	0.000000	0.000000	0.000000	0.155500	0.000000
16	tsk_16	(x)	1	:	0.399913	0.000000	0.000000	0.000000	0.134682	0.465405
17	tsk_17	(x)	1	:	0.281848	0.000000	0.000000	0.000000	0.039006	0.679146
18	tsk_18	(x)	1	:	0.231028	0.000000	0.000000	0.000000	0.096893	0.672079
19	tsk_19	(x)	1	:	0.472209	0.000000	0.000000	0.000000	0.066246	0.461545
20	tsk_20	(x)	1	:	0.000000	1.000000	0.000000	0.000000	0.000000	0.000000
21	tsk_21	(x)	1	:	0.000000	1.000000	0.000000	0.000000	0.000000	0.000000
22	tsk_22	(x)	1	:	0.011814	0.404086	0.504595	0.000000	0.079504	0.000000
23	tsk_23	(x)	1	:	0.029810	0.500000	0.000000	0.000000	0.435450	0.034740
24	tsk_24	(x)	1	:	0.010739	0.404439	0.501126	0.000000	0.083696	0.000000
25	tsk_25	(x)	1	:	0.018059	0.404440	0.501119	0.000000	0.076383	0.000000
26	tsk_26	(x)	1	:	0.000000	1.000000	0.000000	0.000000	0.000000	0.000000
27	tsk_27	(x)	1	:	0.039144	0.404455	0.500982	0.000000	0.046493	0.008926
28	tsk_28	(x)	1	:	0.000000	1.000000	0.000000	0.000000	0.000000	0.000000
29	tsk_29	(x)	1	:	0.000000	1.000000	0.000000	0.000000	0.000000	0.000000
30	tsk_30	(x)	1	:	0.544166	0.000000	0.000000	0.000000	0.192029	0.263804
31	tsk_31	(x)	1	:	0.460812	0.000000	0.000000	0.000000	0.056598	0.482590
32	tsk_32	(x)	1	:	0.156966	0.000000	0.000000	0.488820	0.031838	0.322376
33	tsk_33	(x)	1	:	0.202600	0.000000	0.000000	0.000000	0.214094	0.583307
34	tsk_34	(x)	1	:	0.331054	0.000000	0.000000	0.488820	0.094100	0.086026
35	tsk_35	(x)	1	:	0.000000	0.000000	0.000000	1.000000	0.000000	0.000000
36	tsk_36	(x)	1	:	0.000000	0.000000	0.000000	1.000000	0.000000	0.000000
37	tsk_37	(x)	1	:	0.000000	0.000000	0.000000	1.000000	0.000000	0.000000
38	tsk_38	(x)	1	:	0.076929	0.000000	0.000000	0.488820	0.059581	0.374671
39	tsk_39	(x)	1	:	0.319492	0.000000	0.000000	0.000000	0.100550	0.579957
40	tsk_40	(x)	1	:	0.024778	0.404446	0.501057	0.000000	0.064391	0.005327
41	tsk_41	(x)	1	:	0.000000	0.000000	0.000000	1.000000	0.000000	0.000000
42	tsk_42	(x)	1	:	0.000000	0.000000	0.000000	1.000000	0.000000	0.000000
43	tsk_43	(x)	1	:	0.000000	0.404312	0.502330	0.000000	0.093358	0.000000
44	tsk_44	(x)	1	:	0.000000	0.000000	0.000000	1.000000	0.000000	0.000000
45	tsk_45	(x)	1	:	0.008391	0.404434	0.501176	0.000000	0.083997	0.002003
46	tsk_46	(x)	1	:	0.000000	0.000000	0.000000	1.000000	0.000000	0.000000
47	tsk_47	(x)	1	:	0.000000	0.000000	0.000000	1.000000	0.000000	0.000000
48	tsk_48	(x)	1	:	0.000000	0.000000	0.000000	1.000000	0.000000	0.000000
49	tsk_49	(x)	1	:	0.000000	0.000000	0.000000	1.000000	0.000000	0.000000
