logL = -509.716754 (converged)
AIC = 1195.433509
BIC = 1363.691533

count.K
37 13 

