logL = -188.510247 (converged)
AIC = 509.020494
BIC = 635.214012

count.K
37 13 

