logL = -452.734207 (converged)
AIC = 1085.468414
BIC = 1257.550485

count.K
28 22 

