logL = -433.731556 (converged)
AIC = 1067.463112
BIC = 1258.665413

count.K
33 17 

