logL = -170.335261 (converged)
AIC = 702.670522
BIC = 1048.746686

count.K
10 4 36 

