logL = -180.198819 (converged)
AIC = 1000.397639
BIC = 1612.245001

count.K
11 10 13 6 10 

