logL = -24.884053 (converged)
AIC = 519.768107
BIC = 969.093513

count.K
4 6 15 17 8 

