logL = -275.371121 (converged)
AIC = 978.742241
BIC = 1387.915164

count.K
9 19 19 3 

