logL = -230.413668 (converged)
AIC = 1260.827336
BIC = 2025.636538

count.K
8 11 1 13 9 8 

