logL = -652.285497 (converged)
AIC = 1528.570993
BIC = 1742.717570

count.K
25 25 

