logL = -200.616096 (converged)
AIC = 1165.232191
BIC = 1895.624979

count.K
6 8 11 14 8 3 

