logL = -435.013044 (converged)
AIC = 1042.026089
BIC = 1206.460067

count.K
20 30 

