logL = -182.629873 (converged)
AIC = 541.259747
BIC = 709.517771

count.K
12 38 

