logL = -631.401330 (converged)
AIC = 2172.802660
BIC = 3042.773128

count.K
2 12 9 4 23 

