logL = -410.196156 (converged)
AIC = 1280.392312
BIC = 1720.157603

count.K
7 15 27 1 

