logL = -23.567046 (converged)
AIC = 631.134092
BIC = 1189.444810

count.K
7 6 3 14 18 2 

