logL = -155.567723 (converged)
AIC = 471.135445
BIC = 624.097286

count.K
28 22 

