logL = -494.351018 (converged)
AIC = 1192.702036
BIC = 1387.728382

count.K
35 15 

