logL = -446.416284 (converged)
AIC = 1056.832568
BIC = 1213.618454

count.K
28 22 

