logL = -134.825673 (converged)
AIC = 713.651347
BIC = 1138.120454

count.K
11 14 19 6 

