logL = -38.612481 (converged)
AIC = 661.224963
BIC = 1219.535681

count.K
13 4 25 4 2 2 

