logL = -191.441339 (converged)
AIC = 522.882679
BIC = 656.724289

count.K
20 30 

