logL = -365.783959 (converged)
AIC = 1051.567919
BIC = 1357.491600

count.K
30 10 10 

