logL = -180.202240 (converged)
AIC = 1148.404481
BIC = 1901.741545

count.K
5 0 10 11 11 13 

