logL = -163.399803 (converged)
AIC = 474.799606
BIC = 616.289308

count.K
24 26 

