logL = -259.576772 (converged)
AIC = 1219.153544
BIC = 1888.361596

count.K
16 16 8 9 1 

