logL = -189.005373 (converged)
AIC = 988.010747
BIC = 1571.177764

count.K
14 1 8 17 10 

