logL = -158.565355 (converged)
AIC = 867.130710
BIC = 1392.937036

count.K
10 8 3 17 12 

