logL = -187.888623 (converged)
AIC = 689.777246
BIC = 989.964858

count.K
12 20 18 

