logL = -109.430008 (converged)
AIC = 614.860017
BIC = 993.440572

count.K
11 2 28 9 

