logL = -60.154687 (converged)
AIC = 600.309373
BIC = 1059.194895

count.K
10 3 12 4 21 

