logL = -318.025107 (converged)
AIC = 998.050215
BIC = 1344.126379

count.K
9 21 20 

