logL = -312.971410 (converged)
AIC = 963.942820
BIC = 1287.074708

count.K
10 28 12 

