logL = -200.203299 (converged)
AIC = 1188.406598
BIC = 1941.743662

count.K
7 2 12 11 6 12 

