logL = -62.599627 (converged)
AIC = 721.199253
BIC = 1290.982109

count.K
0 3 4 20 13 10 

