logL = -118.567057 (converged)
AIC = 941.134114
BIC = 1614.166212

count.K
4 20 13 3 8 2 

