logL = -286.263110 (converged)
AIC = 1016.526219
BIC = 1440.995327

count.K
16 1 13 20 

