logL = -106.842577 (converged)
AIC = 881.685155
BIC = 1520.300839

count.K
5 14 12 3 11 5 

