logL = -107.449985 (converged)
AIC = 474.899971
BIC = 723.462962

count.K
8 20 22 

