logL = -657.832861 (converged)
AIC = 1749.665721
BIC = 2164.574713

count.K
24 16 10 

