logL = -109.490344 (converged)
AIC = 838.980688
BIC = 1431.707820

count.K
15 15 7 2 4 7 

