logL = -216.561850 (converged)
AIC = 577.123701
BIC = 714.789357

count.K
27 23 

