logL = -15.253652 (converged)
AIC = 490.507303
BIC = 930.272595

count.K
16 10 11 3 10 

