logL = -376.277234 (converged)
AIC = 928.554467
BIC = 1096.812492

count.K
15 35 

