logL = -411.422237 (converged)
AIC = 1670.844475
BIC = 2481.542229

count.K
2 4 10 2 16 16 

