logL = -140.570680 (converged)
AIC = 541.141360
BIC = 789.704351

count.K
21 1 28 

