logL = -231.779094 (converged)
AIC = 947.558188
BIC = 1410.267756

count.K
10 16 12 12 

