logL = -386.889759 (converged)
AIC = 1099.779517
BIC = 1411.439267

count.K
13 20 17 

