logL = -344.269953 (converged)
AIC = 856.539906
BIC = 1017.149838

count.K
36 14 

