logL = -267.969359 (converged)
AIC = 1275.938718
BIC = 1983.387230

count.K
6 8 1 15 5 15 

