logL = -175.371163 (converged)
AIC = 640.742327
BIC = 917.985662

count.K
21 10 19 

