logL = -384.884694 (converged)
AIC = 1509.769389
BIC = 2217.217901

count.K
2 16 16 7 1 8 

