logL = -158.702598 (converged)
AIC = 761.405196
BIC = 1185.874303

count.K
6 10 17 17 

