0	tsk_0	(x)	1	:	0.499996	0.000000	0.000000	0.000053	0.499951
1	tsk_1	(x)	1	:	1.000000	0.000000	0.000000	0.000000	0.000000
2	tsk_2	(x)	1	:	0.499998	0.000000	0.000000	0.000030	0.499972
3	tsk_3	(x)	1	:	0.499999	0.000000	0.000000	0.000021	0.499981
4	tsk_4	(x)	1	:	0.000000	0.000000	0.000000	0.000000	1.000000
5	tsk_5	(x)	1	:	0.000000	0.000000	0.000000	0.000000	1.000000
6	tsk_6	(x)	1	:	0.230449	0.000000	0.269533	0.000008	0.500010
7	tsk_7	(x)	1	:	0.499999	0.000000	0.000000	0.000020	0.499981
8	tsk_8	(x)	1	:	0.139019	0.000000	0.360981	0.000020	0.499980
9	tsk_9	(x)	1	:	0.551805	0.000000	0.448195	0.000000	0.000000
10	tsk_10	(x)	1	:	0.000001	0.000000	0.999999	0.000000	0.000000
11	tsk_11	(x)	1	:	0.000008	0.000000	0.999991	0.000000	0.000000
12	tsk_12	(x)	1	:	0.000000	0.000000	1.000000	0.000000	0.000000
13	tsk_13	(x)	1	:	0.000007	0.000000	0.999993	0.000000	0.000000
14	tsk_14	(x)	1	:	0.638515	0.000000	0.361485	0.000000	0.000000
15	tsk_15	(x)	1	:	0.402423	0.000000	0.597577	0.000000	0.000000
16	tsk_16	(x)	1	:	0.000008	0.000000	0.999992	0.000000	0.000000
17	tsk_17	(x)	1	:	0.499999	0.000000	0.000000	0.000017	0.499985
18	tsk_18	(x)	1	:	0.638486	0.000000	0.361514	0.000000	0.000000
19	tsk_19	(x)	1	:	1.000000	0.000000	0.000000	0.000000	0.000000
20	tsk_20	(x)	1	:	0.000000	0.000000	0.000000	0.000000	1.000000
21	tsk_21	(x)	1	:	0.000000	0.000000	0.000000	0.000000	1.000000
22	tsk_22	(x)	1	:	0.000000	0.000000	0.000000	0.335691	0.664309
23	tsk_23	(x)	1	:	0.499998	0.000000	0.000000	0.000026	0.499976
24	tsk_24	(x)	1	:	0.499991	0.000000	0.000000	0.000122	0.499887
25	tsk_25	(x)	1	:	0.000000	0.000000	0.000000	0.000000	1.000000
26	tsk_26	(x)	1	:	0.499999	0.000000	0.000000	0.000014	0.499987
27	tsk_27	(x)	1	:	1.000000	0.000000	0.000000	0.000000	0.000000
28	tsk_28	(x)	1	:	0.000000	0.000000	0.000000	0.000000	1.000000
29	tsk_29	(x)	1	:	0.499998	0.000000	0.000000	0.000025	0.499977
30	tsk_30	(x)	1	:	0.000000	0.516323	0.000000	0.483677	0.000000
31	tsk_31	(x)	1	:	0.000000	0.000000	0.000000	1.000000	0.000000
32	tsk_32	(x)	1	:	0.000000	0.000000	0.000000	0.980935	0.019065
33	tsk_33	(x)	1	:	0.000000	0.000000	0.000000	0.981044	0.018956
34	tsk_34	(x)	1	:	0.000000	0.000000	0.000000	0.981128	0.018872
35	tsk_35	(x)	1	:	0.000000	0.000000	0.000000	0.981134	0.018866
36	tsk_36	(x)	1	:	0.018158	0.981842	0.000000	0.000000	0.000000
37	tsk_37	(x)	1	:	0.000000	0.000000	0.000000	0.981070	0.018930
38	tsk_38	(x)	1	:	0.000000	0.000000	0.000000	0.981127	0.018873
39	tsk_39	(x)	1	:	0.000000	0.000000	0.000000	0.981361	0.018639
40	tsk_40	(x)	1	:	0.000000	0.468634	0.000000	0.531366	0.000000
41	tsk_41	(x)	1	:	0.000000	1.000000	0.000000	0.000000	0.000000
42	tsk_42	(x)	1	:	0.000000	0.468634	0.000000	0.531366	0.000000
43	tsk_43	(x)	1	:	0.000000	0.468634	0.000000	0.531366	0.000000
44	tsk_44	(x)	1	:	0.000000	0.495211	0.000000	0.504789	0.000000
45	tsk_45	(x)	1	:	0.000000	0.000000	0.000000	1.000000	0.000000
46	tsk_46	(x)	1	:	0.000000	0.000000	0.000000	1.000000	0.000000
47	tsk_47	(x)	1	:	0.000000	1.000000	0.000000	0.000000	0.000000
48	tsk_48	(x)	1	:	0.000000	0.495211	0.000000	0.504789	0.000000
49	tsk_49	(x)	1	:	0.000000	1.000000	0.000000	0.000000	0.000000
