logL = -287.574800 (converged)
AIC = 771.149600
BIC = 958.527854

count.K
16 34 

