logL = -168.201909 (converged)
AIC = 780.403818
BIC = 1204.872925

count.K
10 12 8 20 

