logL = -202.359919 (converged)
AIC = 1044.719839
BIC = 1656.567200

count.K
9 4 4 10 23 

