logL = -29.797698 (converged)
AIC = 787.595395
BIC = 1483.571769

count.K
14 2 18 4 9 3 

