logL = -134.752622 (converged)
AIC = 985.505244
BIC = 1670.009480

count.K
3 9 17 3 8 10 

