logL = -64.091033 (converged)
AIC = 628.182065
BIC = 1106.187817

count.K
8 11 11 11 9 

