logL = -353.720172 (converged)
AIC = 1639.440344
BIC = 2530.443064

count.K
4 8 0 8 19 11 

