logL = -225.596357 (converged)
AIC = 1191.192715
BIC = 1898.641227

count.K
14 2 12 16 6 

