logL = -340.763268 (converged)
AIC = 861.526535
BIC = 1033.608606

count.K
15 35 

