logL = -106.565218 (converged)
AIC = 577.130436
BIC = 925.118623

count.K
24 16 0 10 

