logL = -60.077757 (converged)
AIC = 752.155513
BIC = 1356.354783

count.K
22 12 2 0 10 4 

