logL = -211.646899 (converged)
AIC = 867.293799
BIC = 1291.762906

count.K
6 16 16 12 

