logL = -157.692760 (converged)
AIC = 1007.385521
BIC = 1668.945481

count.K
19 1 3 9 6 12 

