logL = -120.371559 (converged)
AIC = 800.743118
BIC = 1336.109560

count.K
17 2 1 23 7 

