logL = -194.402159 (converged)
AIC = 1058.804318
BIC = 1699.332024

count.K
2 13 15 3 17 

