logL = -102.398295 (converged)
AIC = 340.796590
BIC = 470.814155

count.K
30 20 

