logL = -122.730355 (converged)
AIC = 649.460710
BIC = 1035.689357

count.K
12 14 3 21 

