logL = -418.545142 (converged)
AIC = 1029.090285
BIC = 1212.644493

count.K
26 24 

