logL = -203.019976 (converged)
AIC = 570.039952
BIC = 726.825838

count.K
27 23 

