logL = -233.716098 (converged)
AIC = 1147.432197
BIC = 1797.520019

count.K
12 10 8 13 7 

