logL = -111.863286 (converged)
AIC = 763.726573
BIC = 1279.972784

count.K
3 14 13 0 20 

