logL = -160.772002 (converged)
AIC = 605.544004
BIC = 877.051271

count.K
27 11 12 

