logL = -412.535117 (converged)
AIC = 1181.070234
BIC = 1521.410329

count.K
7 33 10 

