logL = -101.811045 (converged)
AIC = 919.622091
BIC = 1604.126327

count.K
8 7 10 12 1 12 

