logL = -247.684350 (converged)
AIC = 809.368700
BIC = 1109.556312

count.K
22 20 8 

