logL = -171.048749 (converged)
AIC = 902.097498
BIC = 1437.463939

count.K
5 1 13 9 22 

