logL = -124.417217 (converged)
AIC = 636.834433
BIC = 1007.766896

count.K
10 2 19 19 

