logL = -64.754026 (converged)
AIC = 619.508051
BIC = 1087.953687

count.K
7 2 20 11 10 

