logL = -91.591893 (converged)
AIC = 911.183785
BIC = 1607.160159

count.K
0 2 9 2 11 26 

