logL = -52.123949 (converged)
AIC = 712.247899
BIC = 1293.502893

count.K
1 23 4 1 12 9 

