logL = -12.478904 (converged)
AIC = 656.957808
BIC = 1261.157078

count.K
12 10 10 1 1 16 

