logL = -110.709084 (converged)
AIC = 877.418168
BIC = 1504.561714

count.K
14 11 14 5 0 6 

