logL = -89.630464 (converged)
AIC = 729.260928
BIC = 1255.067254

count.K
8 7 24 7 4 

