logL = -174.468355 (converged)
AIC = 938.936710
BIC = 1502.983496

count.K
10 8 12 10 10 

