logL = -71.835524 (converged)
AIC = 507.671049
BIC = 855.659236

count.K
28 7 9 6 

