logL = -124.162436 (converged)
AIC = 858.324872
BIC = 1441.491888

count.K
1 16 14 2 17 

