logL = -252.163752 (converged)
AIC = 948.327503
BIC = 1372.796610

count.K
7 12 8 23 

