logL = -243.153836 (converged)
AIC = 658.307672
BIC = 822.741650

count.K
22 28 

