logL = -295.044336 (converged)
AIC = 874.088672
BIC = 1145.595939

count.K
13 9 28 

