logL = -199.999394 (converged)
AIC = 1187.998789
BIC = 1941.335853

count.K
9 1 9 5 11 15 

