logL = -104.527222 (converged)
AIC = 961.054444
BIC = 1679.975094

count.K
1 24 14 1 8 2 

