0	tsk_0	(x)	1	:	0.000000	0.000000	0.000000	0.000000	0.000000	1.000000
1	tsk_1	(x)	1	:	0.000000	0.000000	0.850254	0.000000	0.000000	0.149746
2	tsk_2	(x)	1	:	0.000000	0.000000	0.849965	0.000000	0.000000	0.150035
3	tsk_3	(x)	1	:	0.000000	0.000000	1.000000	0.000000	0.000000	0.000000
4	tsk_4	(x)	1	:	0.000000	0.000000	0.000000	0.000000	0.000000	1.000000
5	tsk_5	(x)	1	:	0.000000	0.000000	0.000000	0.000000	0.000000	1.000000
6	tsk_6	(x)	1	:	0.000000	0.000000	0.849727	0.000000	0.000000	0.150273
7	tsk_7	(x)	1	:	0.000000	0.000000	0.849753	0.000000	0.000000	0.150247
8	tsk_8	(x)	1	:	0.000000	0.000000	1.000000	0.000000	0.000000	0.000000
9	tsk_9	(x)	1	:	0.000000	0.000000	0.000000	0.000000	0.000000	1.000000
10	tsk_10	(x)	1	:	0.000000	0.000000	0.000000	0.000000	0.000000	1.000000
11	tsk_11	(x)	1	:	0.000000	0.000000	0.000000	0.000000	0.000000	1.000000
12	tsk_12	(x)	1	:	0.000000	0.000000	0.000000	0.000000	0.000000	1.000000
13	tsk_13	(x)	1	:	0.000000	0.000000	0.851921	0.000000	0.000000	0.148079
14	tsk_14	(x)	1	:	0.000000	0.000000	0.850009	0.000000	0.000000	0.149991
15	tsk_15	(x)	1	:	0.000000	0.000000	0.851294	0.000000	0.000000	0.148706
16	tsk_16	(x)	1	:	0.000000	0.000000	0.000000	0.000000	0.000000	1.000000
17	tsk_17	(x)	1	:	0.000000	0.000000	0.000000	0.000000	0.000000	1.000000
18	tsk_18	(x)	1	:	0.000000	0.000000	1.000000	0.000000	0.000000	0.000000
19	tsk_19	(x)	1	:	0.000000	0.000000	0.849807	0.000000	0.000000	0.150193
20	tsk_20	(x)	1	:	0.000000	0.000000	0.000000	0.000000	0.000000	1.000000
21	tsk_21	(x)	1	:	0.459223	0.000000	0.000000	0.000000	0.000000	0.540777
22	tsk_22	(x)	1	:	0.279250	0.720750	0.000000	0.000000	0.000000	0.000000
23	tsk_23	(x)	1	:	0.309442	0.149781	0.000000	0.000000	0.000000	0.540777
24	tsk_24	(x)	1	:	0.298180	0.161044	0.000000	0.000000	0.000000	0.540777
25	tsk_25	(x)	1	:	0.000517	0.999483	0.000000	0.000000	0.000000	0.000000
26	tsk_26	(x)	1	:	0.381409	0.618591	0.000000	0.000000	0.000000	0.000000
27	tsk_27	(x)	1	:	0.008780	0.002640	0.000000	0.469057	0.000000	0.519524
28	tsk_28	(x)	1	:	0.264096	0.735904	0.000000	0.000000	0.000000	0.000000
29	tsk_29	(x)	1	:	0.252599	0.747401	0.000000	0.000000	0.000000	0.000000
30	tsk_30	(x)	1	:	0.083951	0.060121	0.000000	0.368175	0.000000	0.487752
31	tsk_31	(x)	1	:	0.335664	0.664336	0.000000	0.000000	0.000000	0.000000
32	tsk_32	(x)	1	:	0.532454	0.467546	0.000000	0.000000	0.000000	0.000000
33	tsk_33	(x)	1	:	0.164088	0.835912	0.000000	0.000000	0.000000	0.000000
34	tsk_34	(x)	1	:	0.661760	0.338240	0.000000	0.000000	0.000000	0.000000
35	tsk_35	(x)	1	:	0.284378	0.715621	0.000000	0.000000	0.000000	0.000000
36	tsk_36	(x)	1	:	0.106402	0.893598	0.000000	0.000000	0.000000	0.000000
37	tsk_37	(x)	1	:	0.182897	0.817103	0.000000	0.000000	0.000000	0.000000
38	tsk_38	(x)	1	:	0.665628	0.334372	0.000000	0.000000	0.000000	0.000000
39	tsk_39	(x)	1	:	0.140542	0.003821	0.000000	0.367928	0.000000	0.487709
40	tsk_40	(x)	1	:	0.204266	0.795734	0.000000	0.000000	0.000000	0.000000
41	tsk_41	(x)	1	:	0.087676	0.912324	0.000000	0.000000	0.000000	0.000000
42	tsk_42	(x)	1	:	0.350930	0.649070	0.000000	0.000000	0.000000	0.000000
43	tsk_43	(x)	1	:	0.277526	0.722474	0.000000	0.000000	0.000000	0.000000
44	tsk_44	(x)	1	:	0.000000	0.000000	0.000000	0.000000	1.000000	0.000000
45	tsk_45	(x)	1	:	0.123218	0.876782	0.000000	0.000000	0.000000	0.000000
46	tsk_46	(x)	1	:	0.000000	1.000000	0.000000	0.000000	0.000000	0.000000
47	tsk_47	(x)	1	:	0.338965	0.661035	0.000000	0.000000	0.000000	0.000000
48	tsk_48	(x)	1	:	0.214752	0.785248	0.000000	0.000000	0.000000	0.000000
49	tsk_49	(x)	1	:	0.277157	0.722843	0.000000	0.000000	0.000000	0.000000
