logL = -198.527414 (converged)
AIC = 987.054827
BIC = 1551.101614

count.K
2 20 10 10 8 

