logL = -102.837118 (converged)
AIC = 477.674236
BIC = 737.709365

count.K
15 19 16 

