logL = -139.967374 (converged)
AIC = 935.934748
BIC = 1563.078293

count.K
6 6 7 13 0 18 

