logL = -780.695372 (converged)
AIC = 1947.390743
BIC = 2316.411184

count.K
16 21 13 

