logL = -315.350911 (converged)
AIC = 1106.701823
BIC = 1561.763298

count.K
11 11 19 9 

