logL = -48.659666 (converged)
AIC = 587.319333
BIC = 1055.764969

count.K
21 0 10 10 9 

