logL = -280.691447 (converged)
AIC = 761.382894
BIC = 952.585195

count.K
20 30 

