logL = -238.730180 (converged)
AIC = 779.460360
BIC = 1068.175833

count.K
23 9 18 

