logL = -389.382503 (converged)
AIC = 1098.765007
BIC = 1404.688688

count.K
36 8 6 

