logL = -74.096380 (converged)
AIC = 520.192760
BIC = 875.829039

count.K
10 2 25 13 

