logL = -156.792299 (converged)
AIC = 913.584599
BIC = 1487.191501

count.K
11 10 3 24 2 

