logL = -133.691325 (converged)
AIC = 807.382650
BIC = 1323.628862

count.K
13 14 3 9 11 

