logL = -278.171452 (converged)
AIC = 870.342904
BIC = 1170.530516

count.K
13 15 22 

