logL = -188.600309 (converged)
AIC = 813.200619
BIC = 1230.021634

count.K
25 9 4 12 

