logL = -90.502767 (converged)
AIC = 691.005535
BIC = 1178.571401

count.K
14 10 3 12 11 

