0	tsk_0	(x)	1	:	0.000000	0.000000	1.000000	0.000000	0.000000	0.000000
1	tsk_1	(x)	1	:	0.000000	0.000000	0.999997	0.000000	0.000000	0.000003
2	tsk_2	(x)	1	:	0.453597	0.047350	0.494775	0.000000	0.000000	0.004279
3	tsk_3	(x)	1	:	0.000000	0.000000	0.999989	0.000000	0.000000	0.000011
4	tsk_4	(x)	1	:	0.497133	0.000000	0.502867	0.000000	0.000000	0.000000
5	tsk_5	(x)	1	:	0.000000	0.000000	0.999995	0.000000	0.000000	0.000005
6	tsk_6	(x)	1	:	0.000000	0.000000	0.999995	0.000000	0.000000	0.000005
7	tsk_7	(x)	1	:	0.000000	0.000000	0.999996	0.000000	0.000000	0.000004
8	tsk_8	(x)	1	:	0.000000	0.000000	0.999996	0.000000	0.000000	0.000004
9	tsk_9	(x)	1	:	0.460716	0.000000	0.222625	0.000000	0.000000	0.316659
10	tsk_10	(x)	1	:	0.450968	0.051100	0.000003	0.000000	0.000000	0.497929
11	tsk_11	(x)	1	:	0.450144	0.051953	0.000004	0.000000	0.000000	0.497899
12	tsk_12	(x)	1	:	0.497281	0.000000	0.000000	0.000000	0.000000	0.502719
13	tsk_13	(x)	1	:	1.000000	0.000000	0.000000	0.000000	0.000000	0.000000
14	tsk_14	(x)	1	:	0.454460	0.047429	0.000000	0.000000	0.000000	0.498111
15	tsk_15	(x)	1	:	0.497281	0.000000	0.000000	0.000000	0.000000	0.502719
16	tsk_16	(x)	1	:	1.000000	0.000000	0.000000	0.000000	0.000000	0.000000
17	tsk_17	(x)	1	:	1.000000	0.000000	0.000000	0.000000	0.000000	0.000000
18	tsk_18	(x)	1	:	0.451057	0.051010	0.000000	0.000000	0.000000	0.497933
19	tsk_19	(x)	1	:	1.000000	0.000000	0.000000	0.000000	0.000000	0.000000
20	tsk_20	(x)	1	:	0.521291	0.000008	0.000005	0.000000	0.000001	0.478695
21	tsk_21	(x)	1	:	0.650412	0.099532	0.000000	0.250046	0.000010	0.000000
22	tsk_22	(x)	1	:	1.000000	0.000000	0.000000	0.000000	0.000000	0.000000
23	tsk_23	(x)	1	:	0.650421	0.099510	0.000000	0.250056	0.000014	0.000000
24	tsk_24	(x)	1	:	0.449695	0.300267	0.000000	0.250039	0.000000	0.000000
25	tsk_25	(x)	1	:	0.000012	0.251870	0.000004	0.250115	0.000001	0.497997
26	tsk_26	(x)	1	:	0.000012	0.499965	0.000000	0.500022	0.000001	0.000000
27	tsk_27	(x)	1	:	0.000000	0.000000	0.000011	0.000000	0.000000	0.999989
28	tsk_28	(x)	1	:	0.000000	0.000000	0.000011	0.000000	0.000000	0.999989
29	tsk_29	(x)	1	:	0.000013	0.499963	0.000000	0.500023	0.000001	0.000000
30	tsk_30	(x)	1	:	0.000000	0.000000	0.000000	1.000000	0.000000	0.000000
31	tsk_31	(x)	1	:	0.000000	0.499996	0.000000	0.500004	0.000000	0.000000
32	tsk_32	(x)	1	:	0.000006	0.499984	0.000000	0.500010	0.000000	0.000000
33	tsk_33	(x)	1	:	0.000000	1.000000	0.000000	0.000000	0.000000	0.000000
34	tsk_34	(x)	1	:	0.000000	0.000008	0.000000	0.999992	0.000000	0.000000
35	tsk_35	(x)	1	:	0.000000	1.000000	0.000000	0.000000	0.000000	0.000000
36	tsk_36	(x)	1	:	0.000000	0.000000	0.000000	1.000000	0.000000	0.000000
37	tsk_37	(x)	1	:	0.000009	0.499977	0.000000	0.500015	0.000000	0.000000
38	tsk_38	(x)	1	:	0.000000	0.000000	0.000000	1.000000	0.000000	0.000000
39	tsk_39	(x)	1	:	0.000007	0.499981	0.000000	0.500012	0.000000	0.000000
40	tsk_40	(x)	1	:	0.002927	0.545352	0.000000	0.000000	0.451721	0.000000
41	tsk_41	(x)	1	:	0.000002	0.499992	0.000000	0.500006	0.000000	0.000000
42	tsk_42	(x)	1	:	0.000000	0.499996	0.000000	0.500004	0.000000	0.000000
43	tsk_43	(x)	1	:	0.000000	0.000000	0.000000	0.000000	1.000000	0.000000
44	tsk_44	(x)	1	:	0.449383	0.550617	0.000000	0.000000	0.000000	0.000000
45	tsk_45	(x)	1	:	0.000000	0.398272	0.000000	0.000000	0.601728	0.000000
46	tsk_46	(x)	1	:	0.530143	0.000019	0.000000	0.000000	0.469838	0.000000
47	tsk_47	(x)	1	:	0.532995	0.000004	0.000000	0.000000	0.467001	0.000000
48	tsk_48	(x)	1	:	0.449233	0.550767	0.000000	0.000000	0.000000	0.000000
49	tsk_49	(x)	1	:	0.002276	0.000000	0.000000	0.000000	0.997724	0.000000
