logL = -128.813371 (converged)
AIC = 397.626743
BIC = 531.468353

count.K
18 32 

