logL = -171.872799 (converged)
AIC = 693.745597
BIC = 1028.349623

count.K
24 20 6 

