logL = -263.102971 (converged)
AIC = 1196.205943
BIC = 1836.733650

count.K
13 9 9 9 10 

