logL = -348.043800 (converged)
AIC = 896.087600
BIC = 1087.289901

count.K
27 23 

