logL = -233.543140 (converged)
AIC = 615.086280
BIC = 756.575983

count.K
38 12 

