logL = -138.321251 (converged)
AIC = 448.642502
BIC = 613.076481

count.K
23 27 

