logL = -69.854671 (converged)
AIC = 649.709343
BIC = 1137.275209

count.K
3 9 9 19 10 

