logL = -295.763028 (converged)
AIC = 755.526057
BIC = 912.311943

count.K
9 41 

