logL = -279.812977 (converged)
AIC = 867.625955
BIC = 1162.077497

count.K
10 23 17 

