logL = -263.993912 (converged)
AIC = 871.987825
BIC = 1200.855782

count.K
18 10 22 

