logL = -134.593349 (converged)
AIC = 1033.186698
BIC = 1763.579487

count.K
6 17 11 6 8 2 

