logL = -57.883062 (converged)
AIC = 471.766124
BIC = 812.106219

count.K
9 17 22 2 

