logL = -125.979320 (converged)
AIC = 577.958639
BIC = 889.618389

count.K
19 10 21 

