logL = -171.567991 (converged)
AIC = 993.135983
BIC = 1614.543460

count.K
14 3 11 3 19 

