logL = -325.908885 (converged)
AIC = 1119.817770
BIC = 1567.231153

count.K
16 5 11 18 

