logL = -134.532285 (converged)
AIC = 409.064570
BIC = 542.906181

count.K
35 15 

