logL = -261.435682 (converged)
AIC = 1312.871365
BIC = 2068.120452

count.K
12 17 4 6 11 

