logL = -187.271117 (converged)
AIC = 778.542233
BIC = 1164.770881

count.K
18 21 11 

