logL = -200.355534 (converged)
AIC = 844.711068
BIC = 1269.180175

count.K
3 10 20 17 

