logL = -107.341126 (converged)
AIC = 882.682252
BIC = 1521.297936

count.K
13 6 13 11 7 0 

