logL = -475.313391 (converged)
AIC = 1150.626781
BIC = 1341.829082

count.K
31 19 

