logL = -183.244900 (converged)
AIC = 926.489799
BIC = 1461.856241

count.K
16 10 10 4 10 

