logL = -366.120036 (converged)
AIC = 1064.240071
BIC = 1381.635890

count.K
13 27 10 

