logL = -165.027842 (converged)
AIC = 900.055683
BIC = 1444.982240

count.K
7 13 3 19 8 

