logL = -483.934933 (converged)
AIC = 1377.869867
BIC = 1769.834583

count.K
11 11 28 

