logL = -222.471770 (converged)
AIC = 782.943540
BIC = 1106.075428

count.K
4 20 26 

