logL = -223.491208 (converged)
AIC = 736.982415
BIC = 1014.225751

count.K
12 33 5 

