logL = -302.265180 (converged)
AIC = 924.530361
BIC = 1230.454042

count.K
15 16 19 

