logL = -218.792647 (converged)
AIC = 1167.585294
BIC = 1865.473691

count.K
16 6 10 18 0 

