logL = -116.780116 (converged)
AIC = 865.560233
BIC = 1469.759503

count.K
5 9 5 5 16 10 

