logL = -109.374707 (converged)
AIC = 362.749413
BIC = 500.415070

count.K
28 22 

