logL = -198.105601 (converged)
AIC = 966.211202
BIC = 1511.137758

count.K
6 17 14 11 2 

