logL = -295.758168 (converged)
AIC = 887.516336
BIC = 1170.495741

count.K
19 22 9 

