logL = -141.294845 (converged)
AIC = 566.589690
BIC = 838.096957

count.K
30 16 4 

