logL = -131.702271 (converged)
AIC = 919.404543
BIC = 1546.548089

count.K
0 8 20 0 14 8 

