logL = -209.433578 (converged)
AIC = 822.867156
BIC = 1209.095803

count.K
28 12 10 

