logL = -345.287081 (converged)
AIC = 862.574162
BIC = 1027.008140

count.K
30 20 

