logL = -293.195200 (converged)
AIC = 924.390401
BIC = 1247.522289

count.K
13 20 17 

