logL = -96.686204 (converged)
AIC = 321.372408
BIC = 443.741880

count.K
36 14 

