logL = -521.989606 (converged)
AIC = 1259.979213
BIC = 1466.477697

count.K
20 30 

