logL = -324.535445 (converged)
AIC = 957.070889
BIC = 1251.522432

count.K
24 20 6 

