logL = -135.358927 (converged)
AIC = 840.717853
BIC = 1385.644410

count.K
1 5 15 19 10 

