logL = -219.991128 (converged)
AIC = 1263.982255
BIC = 2051.735734

count.K
11 1 17 5 13 3 

