logL = -623.737430 (converged)
AIC = 2215.474861
BIC = 3140.893995

count.K
0 7 2 10 9 22 

