logL = -175.968358 (converged)
AIC = 763.936716
BIC = 1157.813456

count.K
12 16 10 12 

