logL = -568.633900 (converged)
AIC = 1317.267800
BIC = 1489.349871

count.K
8 42 

