logL = -676.409113 (converged)
AIC = 2062.818225
BIC = 2741.586392

count.K
15 4 10 5 16 

