logL = -175.299802 (converged)
AIC = 1054.599604
BIC = 1727.631702

count.K
7 3 13 18 6 3 

