logL = -109.121956 (converged)
AIC = 898.243911
BIC = 1548.331733

count.K
10 1 10 11 5 13 

