logL = -144.367147 (converged)
AIC = 868.734294
BIC = 1423.220966

count.K
6 7 17 9 11 

