logL = -140.283086 (converged)
AIC = 724.566171
BIC = 1149.035278

count.K
2 16 15 17 

