logL = -165.145896 (converged)
AIC = 880.291792
BIC = 1406.098118

count.K
5 2 7 16 20 

