logL = -181.976622 (converged)
AIC = 515.953243
BIC = 661.266992

count.K
20 30 

