logL = -24.347075 (converged)
AIC = 620.694149
BIC = 1167.532729

count.K
17 1 14 4 13 1 

