logL = -161.202814 (converged)
AIC = 1086.405628
BIC = 1816.798416

count.K
1 10 10 6 9 14 

