logL = -58.747054 (converged)
AIC = 371.494108
BIC = 614.321029

count.K
10 10 30 

