logL = -115.882249 (converged)
AIC = 959.764498
BIC = 1655.740872

count.K
15 11 2 8 8 6 

