logL = -168.701590 (converged)
AIC = 789.403179
BIC = 1221.520379

count.K
11 8 11 20 

