logL = -77.842621 (converged)
AIC = 811.685243
BIC = 1438.828788

count.K
10 10 19 0 1 10 

