logL = -90.681605 (converged)
AIC = 825.363211
BIC = 1441.034619

count.K
14 6 10 8 3 9 

