logL = -472.672066 (converged)
AIC = 1765.344131
BIC = 2549.273564

count.K
7 13 7 8 15 

