logL = -74.865074 (converged)
AIC = 593.730148
BIC = 1018.199255

count.K
10 11 22 7 

