logL = -90.503633 (converged)
AIC = 813.007266
BIC = 1417.206536

count.K
8 0 15 10 3 14 

