logL = -237.439633 (converged)
AIC = 974.879265
BIC = 1452.885017

count.K
4 22 5 19 

