logL = -139.659362 (converged)
AIC = 959.318725
BIC = 1609.406547

count.K
5 12 4 6 15 8 

