logL = -203.308945 (converged)
AIC = 922.617891
BIC = 1415.919826

count.K
13 17 17 3 

