logL = -213.670369 (converged)
AIC = 951.340738
BIC = 1452.290766

count.K
14 7 2 27 

