logL = -140.866554 (converged)
AIC = 841.733108
BIC = 1377.099549

count.K
1 11 9 10 19 

