logL = -70.159745 (converged)
AIC = 772.319490
BIC = 1376.518760

count.K
10 7 11 10 9 3 

