logL = -146.985316 (converged)
AIC = 961.970631
BIC = 1600.586315

count.K
6 13 1 14 2 14 

