logL = -123.482521 (converged)
AIC = 554.965042
BIC = 849.416585

count.K
20 20 10 

