logL = -312.574031 (converged)
AIC = 797.148062
BIC = 961.582040

count.K
30 20 

