logL = -147.862846 (converged)
AIC = 1083.725692
BIC = 1837.062756

count.K
15 4 4 5 12 10 

