logL = -206.319979 (converged)
AIC = 1062.639959
BIC = 1684.047436

count.K
11 21 4 1 13 

