logL = -186.607952 (converged)
AIC = 723.215903
BIC = 1057.819929

count.K
19 20 11 

