logL = -267.553193 (converged)
AIC = 731.106386
BIC = 918.484640

count.K
20 30 

