logL = -150.491831 (converged)
AIC = 456.983662
BIC = 606.121457

count.K
30 20 

