logL = -275.349402 (converged)
AIC = 894.698804
BIC = 1223.566761

count.K
33 7 10 

