logL = -142.227331 (converged)
AIC = 1192.454663
BIC = 2060.513107

count.K
10 6 10 12 9 3 

