logL = -471.387298 (converged)
AIC = 1514.774597
BIC = 2061.613176

count.K
3 7 23 17 

