logL = -222.150424 (converged)
AIC = 1064.300847
BIC = 1657.027979

count.K
17 7 8 9 9 

