logL = -340.707918 (converged)
AIC = 1281.415835
BIC = 1855.022737

count.K
17 7 7 11 8 

