logL = -103.702106 (converged)
AIC = 737.404212
BIC = 1244.090309

count.K
18 9 11 11 1 

