logL = -195.458572 (converged)
AIC = 1020.917143
BIC = 1623.204390

count.K
1 6 20 9 14 

