logL = -304.816959 (converged)
AIC = 1117.633917
BIC = 1603.287761

count.K
19 14 9 8 

