logL = -125.992743 (converged)
AIC = 919.985486
BIC = 1558.601170

count.K
5 2 16 9 15 3 

