logL = -84.934888 (converged)
AIC = 1005.869777
BIC = 1805.095393

count.K
10 3 7 11 10 9 

