logL = -332.367088 (converged)
AIC = 824.734176
BIC = 977.696016

count.K
7 43 

