logL = -80.128599 (converged)
AIC = 402.257199
BIC = 633.611982

count.K
17 31 2 

