logL = -134.411903 (converged)
AIC = 736.823806
BIC = 1184.237189

count.K
15 6 12 17 

