logL = -48.616772 (converged)
AIC = 469.233544
BIC = 824.869823

count.K
25 5 10 10 

