logL = -135.851963 (converged)
AIC = 963.703926
BIC = 1625.263886

count.K
11 10 8 11 2 8 

