logL = -176.066233 (converged)
AIC = 1128.132466
BIC = 1869.997392

count.K
0 9 11 12 1 17 

