logL = -153.692628 (converged)
AIC = 1083.385256
BIC = 1825.250183

count.K
5 2 11 19 9 4 

