logL = -152.068617 (converged)
AIC = 864.137235
BIC = 1399.503677

count.K
8 10 10 11 11 

