logL = -173.375457 (converged)
AIC = 886.750915
BIC = 1402.997126

count.K
16 12 1 9 12 

