logL = -104.445470 (converged)
AIC = 788.890939
BIC = 1343.377611

count.K
12 10 8 12 8 

