logL = -86.644130 (converged)
AIC = 585.288260
BIC = 979.164999

count.K
20 10 5 15 

