logL = -402.977606 (converged)
AIC = 1119.955212
BIC = 1420.142824

count.K
30 12 8 

