logL = -199.474708 (converged)
AIC = 978.949416
BIC = 1533.436087

count.K
1 7 20 3 19 

