logL = -387.375690 (converged)
AIC = 986.751380
BIC = 1189.425819

count.K
17 33 

