logL = -114.985662 (converged)
AIC = 495.971324
BIC = 750.270384

count.K
18 18 14 

