logL = -89.514478 (converged)
AIC = 709.028957
BIC = 1215.715053

count.K
18 11 5 2 14 

