logL = -412.240568 (converged)
AIC = 1284.481136
BIC = 1724.246427

count.K
19 9 12 10 

