logL = -168.892110 (converged)
AIC = 485.784219
BIC = 627.273922

count.K
28 22 

