logL = -160.621688 (converged)
AIC = 821.243376
BIC = 1299.249128

count.K
15 24 5 6 

