logL = -345.885649 (converged)
AIC = 855.771297
BIC = 1012.557184

count.K
14 36 

