logL = -271.828015 (converged)
AIC = 1143.656031
BIC = 1717.262932

count.K
8 4 18 12 8 

