logL = -146.214981 (converged)
AIC = 1032.429963
BIC = 1739.878475

count.K
18 14 12 5 1 

