logL = -98.887319 (converged)
AIC = 747.774638
BIC = 1273.580965

count.K
20 2 6 13 9 

