logL = -241.146480 (converged)
AIC = 1342.292960
BIC = 2164.462853

count.K
9 6 9 17 8 1 

