logL = -89.631401 (converged)
AIC = 789.262802
BIC = 1372.429818

count.K
10 16 1 11 12 

