logL = -341.633333 (converged)
AIC = 1333.266667
BIC = 1954.674144

count.K
15 21 5 8 1 

