logL = -84.528305 (converged)
AIC = 885.056610
BIC = 1569.560846

count.K
9 10 10 11 3 7 

