logL = -112.909616 (converged)
AIC = 479.819232
BIC = 722.646153

count.K
20 9 21 

