logL = -79.830629 (converged)
AIC = 679.661258
BIC = 1176.787240

count.K
16 17 1 11 5 

