logL = -179.153139 (converged)
AIC = 672.306278
BIC = 972.493890

count.K
25 11 14 

