logL = -339.922969 (converged)
AIC = 1299.845938
BIC = 1892.573069

count.K
23 10 8 3 6 

