logL = -47.997079 (converged)
AIC = 451.994157
BIC = 792.334252

count.K
22 20 0 8 

