logL = -204.333633 (converged)
AIC = 828.667266
BIC = 1230.192097

count.K
9 3 14 24 

