logL = -62.975214 (converged)
AIC = 513.950429
BIC = 884.882892

count.K
25 7 2 16 

