logL = -51.983178 (converged)
AIC = 613.966357
BIC = 1101.532223

count.K
4 20 23 2 1 

