logL = -146.217603 (converged)
AIC = 1200.435206
BIC = 2068.493651

count.K
2 17 0 12 1 18 

