logL = -117.306206 (converged)
AIC = 494.612412
BIC = 743.175402

count.K
2 24 24 

