logL = -234.483045 (converged)
AIC = 936.966089
BIC = 1384.379472

count.K
18 19 11 2 

