logL = -150.153578 (converged)
AIC = 602.307156
BIC = 891.022630

count.K
24 16 10 

