logL = -183.921383 (converged)
AIC = 1155.842766
BIC = 1909.179830

count.K
2 9 8 2 9 20 

