logL = -265.906692 (converged)
AIC = 881.813385
BIC = 1216.417410

count.K
6 30 14 

