logL = -89.653447 (converged)
AIC = 679.306894
BIC = 1157.312646

count.K
26 6 2 2 14 

