logL = -134.028882 (converged)
AIC = 408.057765
BIC = 541.899375

count.K
31 19 

