logL = -148.168245 (converged)
AIC = 580.336491
BIC = 851.843757

count.K
24 16 10 

