logL = -454.279443 (converged)
AIC = 1108.558886
BIC = 1299.761186

count.K
22 28 

