logL = -57.476532 (converged)
AIC = 534.953064
BIC = 936.477895

count.K
10 20 10 10 

