logL = -259.219503 (converged)
AIC = 670.439006
BIC = 815.752755

count.K
8 42 

