logL = -364.095495 (converged)
AIC = 908.190989
BIC = 1080.273060

count.K
20 30 

