logL = -197.769304 (converged)
AIC = 945.538608
BIC = 1471.344934

count.K
5 7 1 16 21 

