logL = -328.488812 (converged)
AIC = 1366.977625
BIC = 2045.745792

count.K
11 15 10 4 10 

