logL = -144.847059 (converged)
AIC = 1029.694117
BIC = 1737.142629

count.K
2 9 11 18 5 5 

