logL = -23.063092 (converged)
AIC = 394.126184
BIC = 726.818187

count.K
32 2 1 15 

