logL = -289.518596 (converged)
AIC = 1355.037192
BIC = 2096.902119

count.K
10 6 10 2 9 13 

