logL = -277.635365 (converged)
AIC = 851.270730
BIC = 1134.250135

count.K
14 20 16 

