logL = -130.136877 (converged)
AIC = 550.273754
BIC = 827.517090

count.K
32 10 8 

