logL = -80.524316 (converged)
AIC = 533.048632
BIC = 888.684911

count.K
14 9 6 21 

