logL = -283.214385 (converged)
AIC = 916.428771
BIC = 1251.032797

count.K
22 11 17 

