logL = -389.377310 (converged)
AIC = 1598.754619
BIC = 2382.684051

count.K
11 10 8 12 9 

