logL = -329.452834 (converged)
AIC = 1158.905668
BIC = 1636.911419

count.K
21 9 13 7 

