logL = -277.010567 (converged)
AIC = 990.021134
BIC = 1406.842150

count.K
8 7 14 21 

