logL = -68.340032 (converged)
AIC = 378.680064
BIC = 610.034848

count.K
14 7 29 

