logL = -202.735392 (converged)
AIC = 1133.470783
BIC = 1829.447157

count.K
10 15 6 3 8 8 

