logL = -411.990276 (converged)
AIC = 1459.980551
BIC = 2068.003867

count.K
18 13 8 11 

