logL = -71.190227 (converged)
AIC = 662.380455
BIC = 1159.506436

count.K
14 12 10 3 11 

