logL = -209.018448 (converged)
AIC = 1008.036897
BIC = 1572.083683

count.K
12 4 14 8 12 

