0	tsk_0	(x)	1	:	0.000000	0.000000	1.000000	0.000000	0.000000	0.000000
1	tsk_1	(x)	1	:	0.361927	0.000000	0.497871	0.000000	0.140202	0.000000
2	tsk_2	(x)	1	:	0.000000	0.000000	1.000000	0.000000	0.000000	0.000000
3	tsk_3	(x)	1	:	0.278910	0.000000	0.497871	0.000000	0.223219	0.000000
4	tsk_4	(x)	1	:	0.236534	0.000000	0.497871	0.000000	0.265595	0.000000
5	tsk_5	(x)	1	:	0.360566	0.000000	0.456225	0.000000	0.183209	0.000000
6	tsk_6	(x)	1	:	0.000000	0.000000	1.000000	0.000000	0.000000	0.000000
7	tsk_7	(x)	1	:	0.390444	0.000000	0.497871	0.000000	0.111685	0.000000
8	tsk_8	(x)	1	:	0.000000	0.000000	1.000000	0.000000	0.000000	0.000000
9	tsk_9	(x)	1	:	0.337469	0.000000	0.478471	0.000000	0.184060	0.000000
10	tsk_10	(x)	1	:	0.717946	0.000000	0.000000	0.000000	0.282054	0.000000
11	tsk_11	(x)	1	:	0.440501	0.000000	0.518468	0.000000	0.041031	0.000000
12	tsk_12	(x)	1	:	0.395835	0.000000	0.497871	0.000000	0.106294	0.000000
13	tsk_13	(x)	1	:	0.363684	0.000000	0.497871	0.000000	0.138445	0.000000
14	tsk_14	(x)	1	:	0.588282	0.000000	0.000000	0.000000	0.411718	0.000000
15	tsk_15	(x)	1	:	0.168168	0.000000	0.000000	0.000000	0.831832	0.000000
16	tsk_16	(x)	1	:	0.468671	0.000000	0.000000	0.000000	0.531329	0.000000
17	tsk_17	(x)	1	:	0.430601	0.000000	0.497871	0.000000	0.071528	0.000000
18	tsk_18	(x)	1	:	0.465525	0.000000	0.497871	0.000000	0.036604	0.000000
19	tsk_19	(x)	1	:	0.003332	0.000000	0.497765	0.497423	0.001480	0.000000
20	tsk_20	(x)	1	:	0.752781	0.000000	0.000000	0.000000	0.247219	0.000000
21	tsk_21	(x)	1	:	0.479400	0.000000	0.000000	0.000000	0.520600	0.000000
22	tsk_22	(x)	1	:	0.400839	0.000000	0.000000	0.000000	0.599161	0.000000
23	tsk_23	(x)	1	:	0.652224	0.000000	0.000000	0.000000	0.347776	0.000000
24	tsk_24	(x)	1	:	0.360625	0.000000	0.000000	0.000000	0.639375	0.000000
25	tsk_25	(x)	1	:	0.310216	0.000000	0.000000	0.000000	0.689784	0.000000
26	tsk_26	(x)	1	:	0.599646	0.000000	0.000000	0.000000	0.400354	0.000000
27	tsk_27	(x)	1	:	0.105109	0.000000	0.000000	0.000000	0.894891	0.000000
28	tsk_28	(x)	1	:	0.388947	0.000000	0.000000	0.000000	0.611053	0.000000
29	tsk_29	(x)	1	:	0.028970	0.000000	0.000000	0.000005	0.012427	0.958598
30	tsk_30	(x)	1	:	0.615115	0.000000	0.000000	0.000000	0.384885	0.000000
31	tsk_31	(x)	1	:	0.410958	0.000000	0.000000	0.000000	0.589042	0.000000
32	tsk_32	(x)	1	:	0.937224	0.000000	0.000000	0.000000	0.062776	0.000000
33	tsk_33	(x)	1	:	0.475366	0.000000	0.000000	0.000000	0.524634	0.000000
34	tsk_34	(x)	1	:	0.326819	0.000000	0.000000	0.000000	0.673181	0.000000
35	tsk_35	(x)	1	:	0.313999	0.000000	0.000000	0.000000	0.686001	0.000000
36	tsk_36	(x)	1	:	0.000000	0.000000	0.000000	0.000000	1.000000	0.000000
37	tsk_37	(x)	1	:	0.478103	0.000000	0.000000	0.000000	0.521897	0.000000
38	tsk_38	(x)	1	:	0.006331	0.481638	0.000000	0.493316	0.018716	0.000000
39	tsk_39	(x)	1	:	0.365419	0.000000	0.000000	0.000000	0.634581	0.000000
40	tsk_40	(x)	1	:	0.000000	1.000000	0.000000	0.000000	0.000000	0.000000
41	tsk_41	(x)	1	:	0.000000	1.000000	0.000000	0.000000	0.000000	0.000000
42	tsk_42	(x)	1	:	0.000000	1.000000	0.000000	0.000000	0.000000	0.000000
43	tsk_43	(x)	1	:	0.000000	1.000000	0.000000	0.000000	0.000000	0.000000
44	tsk_44	(x)	1	:	0.099480	0.478158	0.000000	0.000000	0.422361	0.000000
45	tsk_45	(x)	1	:	0.167759	0.478162	0.000000	0.000000	0.354080	0.000000
46	tsk_46	(x)	1	:	0.000000	1.000000	0.000000	0.000000	0.000000	0.000000
47	tsk_47	(x)	1	:	0.000000	1.000000	0.000000	0.000000	0.000000	0.000000
48	tsk_48	(x)	1	:	0.000000	1.000000	0.000000	0.000000	0.000000	0.000000
49	tsk_49	(x)	1	:	0.000000	1.000000	0.000000	0.000000	0.000000	0.000000
