logL = -113.278572 (converged)
AIC = 966.557144
BIC = 1674.005656

count.K
18 6 2 12 10 2 

