logL = -149.047039 (converged)
AIC = 582.094078
BIC = 853.601344

count.K
20 15 15 

