logL = -38.653538 (converged)
AIC = 661.307076
BIC = 1219.617794

count.K
17 1 8 3 18 3 

