logL = -110.338567 (converged)
AIC = 492.677135
BIC = 752.712263

count.K
8 32 10 

