logL = -327.060262 (converged)
AIC = 1138.120523
BIC = 1600.830091

count.K
10 24 10 6 

