logL = -350.589920 (converged)
AIC = 1471.179840
BIC = 2207.308697

count.K
14 3 2 14 17 

