logL = -262.772368 (converged)
AIC = 669.544736
BIC = 807.210392

count.K
16 34 

