logL = -223.026152 (converged)
AIC = 742.052304
BIC = 1025.031709

count.K
10 20 20 

