logL = -346.731680 (converged)
AIC = 1079.463361
BIC = 1448.483801

count.K
5 30 15 

