logL = -125.312670 (converged)
AIC = 498.625339
BIC = 735.716192

count.K
18 14 18 

