logL = -47.704534 (converged)
AIC = 451.409068
BIC = 791.749163

count.K
18 15 8 9 

