logL = -108.929894 (converged)
AIC = 787.859788
BIC = 1332.786345

count.K
2 22 8 4 14 

