logL = -226.906447 (converged)
AIC = 1063.812894
BIC = 1646.979911

count.K
1 14 3 14 18 

