logL = -198.161219 (converged)
AIC = 580.322438
BIC = 756.228554

count.K
19 31 

