logL = -187.238884 (converged)
AIC = 526.477768
BIC = 671.791516

count.K
6 44 

