logL = -283.580617 (converged)
AIC = 723.161234
BIC = 872.299029

count.K
14 36 

