logL = -195.082563 (converged)
AIC = 680.165126
BIC = 957.408462

count.K
23 21 6 

