logL = -164.001480 (converged)
AIC = 968.002961
BIC = 1579.850323

count.K
16 10 5 15 4 

