logL = -189.170211 (converged)
AIC = 918.340422
BIC = 1434.586633

count.K
4 23 11 12 

