logL = -227.050141 (converged)
AIC = 1170.100282
BIC = 1854.604518

count.K
3 3 12 5 6 21 

