logL = -410.196149 (converged)
AIC = 1140.392298
BIC = 1446.315978

count.K
16 27 7 

