logL = -194.274676 (converged)
AIC = 756.549352
BIC = 1108.361585

count.K
11 30 9 

