logL = -210.443666 (converged)
AIC = 800.887332
BIC = 1164.171703

count.K
16 23 11 

