logL = -299.468441 (converged)
AIC = 966.936881
BIC = 1318.749114

count.K
13 25 12 

