logL = -316.351983 (converged)
AIC = 816.703966
BIC = 992.610082

count.K
14 36 

