logL = -203.919244 (converged)
AIC = 703.838487
BIC = 986.817892

count.K
8 23 19 

