logL = -222.587764 (converged)
AIC = 1095.175527
BIC = 1716.583004

count.K
8 2 11 17 12 

