logL = -271.733393 (converged)
AIC = 875.466786
BIC = 1192.862605

count.K
10 29 11 

