logL = -91.265370 (converged)
AIC = 852.530740
BIC = 1493.058447

count.K
3 10 23 10 4 

