logL = -278.213570 (converged)
AIC = 1024.427141
BIC = 1471.840524

count.K
16 10 18 6 

