logL = -247.713183 (converged)
AIC = 947.426366
BIC = 1379.543565

count.K
14 19 9 8 

