logL = -268.588343 (converged)
AIC = 1137.176686
BIC = 1710.783588

count.K
12 5 15 14 4 

