logL = -312.277784 (converged)
AIC = 1532.555567
BIC = 2400.614012

count.K
7 13 3 7 9 11 

