logL = -125.270632 (converged)
AIC = 646.541263
BIC = 1025.121818

count.K
11 9 5 25 

