logL = -166.442012 (converged)
AIC = 1132.884023
BIC = 1897.693226

count.K
16 7 17 2 4 4 

