logL = -517.242468 (converged)
AIC = 1210.484935
BIC = 1378.742960

count.K
18 32 

