logL = -189.721899 (converged)
AIC = 1131.443797
BIC = 1850.364447

count.K
15 9 5 8 8 5 

