0	tsk_0	(x)	1	:	0.000000	0.000001	0.999999	0.000000	0.000000	0.000000
1	tsk_1	(x)	1	:	0.000000	0.000000	0.999862	0.000061	0.000077	0.000000
2	tsk_2	(x)	1	:	0.000000	0.000000	0.305480	0.625261	0.069259	0.000000
3	tsk_3	(x)	1	:	0.000000	0.000001	0.959542	0.015059	0.025397	0.000000
4	tsk_4	(x)	1	:	0.000000	0.000000	0.632657	0.254771	0.112573	0.000000
5	tsk_5	(x)	1	:	0.000000	0.000000	1.000000	0.000000	0.000000	0.000000
6	tsk_6	(x)	1	:	0.000000	0.000000	0.999999	0.000000	0.000000	0.000000
7	tsk_7	(x)	1	:	0.000000	0.000000	0.632657	0.211954	0.155389	0.000000
8	tsk_8	(x)	1	:	0.000000	0.000000	1.000000	0.000000	0.000000	0.000000
9	tsk_9	(x)	1	:	0.000000	0.000000	1.000000	0.000000	0.000000	0.000000
10	tsk_10	(x)	1	:	0.499997	0.000000	0.000000	0.273714	0.226283	0.000006
11	tsk_11	(x)	1	:	0.000000	0.000000	0.000000	0.142199	0.857801	0.000000
12	tsk_12	(x)	1	:	1.000000	0.000000	0.000000	0.000000	0.000000	0.000000
13	tsk_13	(x)	1	:	0.000000	0.000000	0.305478	0.349750	0.344772	0.000000
14	tsk_14	(x)	1	:	0.000000	0.000000	0.000000	0.507759	0.492241	0.000000
15	tsk_15	(x)	1	:	0.000000	0.000000	0.000000	0.769568	0.230432	0.000000
16	tsk_16	(x)	1	:	0.499994	0.000000	0.000000	0.329359	0.170635	0.000012
17	tsk_17	(x)	1	:	0.499996	0.000000	0.000000	0.135265	0.364732	0.000007
18	tsk_18	(x)	1	:	0.000000	0.000000	0.000000	0.506764	0.493236	0.000000
19	tsk_19	(x)	1	:	0.499995	0.000000	0.000000	0.386222	0.113773	0.000010
20	tsk_20	(x)	1	:	0.000000	0.999994	0.000000	0.000002	0.000003	0.000000
21	tsk_21	(x)	1	:	0.000000	0.000000	0.000000	0.546168	0.453831	0.000000
22	tsk_22	(x)	1	:	0.000000	0.000000	0.000000	0.506723	0.493277	0.000000
23	tsk_23	(x)	1	:	0.499994	0.000000	0.000000	0.499994	0.000000	0.000012
24	tsk_24	(x)	1	:	0.000000	0.000000	0.000000	0.805334	0.194666	0.000000
25	tsk_25	(x)	1	:	0.000000	0.000000	0.000000	0.431322	0.568678	0.000000
26	tsk_26	(x)	1	:	0.000000	0.000000	0.000000	0.593207	0.406793	0.000000
27	tsk_27	(x)	1	:	0.000000	0.000000	0.000000	0.640623	0.359377	0.000000
28	tsk_28	(x)	1	:	0.499994	0.000000	0.000000	0.301809	0.198185	0.000012
29	tsk_29	(x)	1	:	0.000000	0.000000	0.000000	0.541492	0.458508	0.000000
30	tsk_30	(x)	1	:	1.000000	0.000000	0.000000	0.000000	0.000000	0.000000
31	tsk_31	(x)	1	:	0.499995	0.000000	0.000000	0.318124	0.181871	0.000010
32	tsk_32	(x)	1	:	1.000000	0.000000	0.000000	0.000000	0.000000	0.000000
33	tsk_33	(x)	1	:	0.000000	0.000000	0.000000	0.327061	0.672939	0.000000
34	tsk_34	(x)	1	:	0.499993	0.000000	0.000000	0.329936	0.170057	0.000014
35	tsk_35	(x)	1	:	0.499995	0.000000	0.000000	0.265306	0.234689	0.000009
36	tsk_36	(x)	1	:	0.000000	0.000000	0.000000	0.458579	0.541421	0.000000
37	tsk_37	(x)	1	:	0.000000	0.000000	0.000000	0.555700	0.444300	0.000000
38	tsk_38	(x)	1	:	1.000000	0.000000	0.000000	0.000000	0.000000	0.000000
39	tsk_39	(x)	1	:	0.499995	0.000000	0.000000	0.122679	0.377316	0.000011
40	tsk_40	(x)	1	:	0.000003	0.000000	0.000000	0.007625	0.005387	0.986985
41	tsk_41	(x)	1	:	0.000000	0.000000	0.000000	0.555832	0.444168	0.000000
42	tsk_42	(x)	1	:	0.000000	0.000000	0.000000	0.405822	0.594178	0.000000
43	tsk_43	(x)	1	:	0.000000	0.000000	0.000000	1.000000	0.000000	0.000000
44	tsk_44	(x)	1	:	0.000000	0.000000	0.000000	0.007886	0.001646	0.990468
45	tsk_45	(x)	1	:	0.000003	0.000000	0.000000	0.004079	0.009437	0.986481
46	tsk_46	(x)	1	:	0.000000	0.000000	0.000000	0.330584	0.669416	0.000000
47	tsk_47	(x)	1	:	0.000000	0.000000	0.000000	0.566870	0.433130	0.000000
48	tsk_48	(x)	1	:	0.000000	0.000000	0.000000	0.806637	0.193363	0.000000
49	tsk_49	(x)	1	:	0.000000	0.000000	0.000000	0.364302	0.635698	0.000000
