logL = -220.124154 (converged)
AIC = 766.248308
BIC = 1077.908058

count.K
12 24 14 

