logL = -148.676565 (converged)
AIC = 1073.353129
BIC = 1815.218055

count.K
4 19 11 6 9 1 

