0	tsk_0	(x)	1	:	0.000000	0.000000	0.000000	0.000000	0.000000	1.000000
1	tsk_1	(x)	1	:	0.000000	0.000000	0.000000	0.000000	0.000000	1.000000
2	tsk_2	(x)	1	:	0.000000	0.000000	0.000000	0.000000	0.000000	1.000000
3	tsk_3	(x)	1	:	0.000000	0.000000	0.000000	0.000000	0.000000	1.000000
4	tsk_4	(x)	1	:	0.000000	0.000000	0.000000	0.000000	0.000000	1.000000
5	tsk_5	(x)	1	:	0.000000	0.000000	0.000000	0.000000	0.000000	1.000000
6	tsk_6	(x)	1	:	0.000002	0.000000	0.000000	0.000000	0.000000	0.999998
7	tsk_7	(x)	1	:	0.272729	0.000000	0.000000	0.000000	0.000000	0.727271
8	tsk_8	(x)	1	:	0.000000	0.000000	0.000000	0.000000	0.000000	1.000000
9	tsk_9	(x)	1	:	0.000000	0.000000	0.000000	0.000000	0.000000	1.000000
10	tsk_10	(x)	1	:	0.272805	0.499808	0.000000	0.000000	0.000064	0.227323
11	tsk_11	(x)	1	:	1.000000	0.000000	0.000000	0.000000	0.000000	0.000000
12	tsk_12	(x)	1	:	0.272729	0.000000	0.000000	0.000000	0.000000	0.727271
13	tsk_13	(x)	1	:	0.532218	0.000000	0.000000	0.000000	0.000000	0.467782
14	tsk_14	(x)	1	:	0.000001	0.000000	0.000000	0.000000	0.000000	0.999999
15	tsk_15	(x)	1	:	0.000000	0.499737	0.000000	0.000000	0.000082	0.500180
16	tsk_16	(x)	1	:	0.272729	0.000000	0.000000	0.000000	0.000000	0.727271
17	tsk_17	(x)	1	:	0.000000	0.999977	0.000000	0.000000	0.000023	0.000000
18	tsk_18	(x)	1	:	0.000000	0.999973	0.000000	0.000000	0.000027	0.000000
19	tsk_19	(x)	1	:	0.000000	0.500034	0.000000	0.000000	0.000000	0.499966
20	tsk_20	(x)	1	:	0.000000	0.190614	0.000000	0.595309	0.000009	0.214068
21	tsk_21	(x)	1	:	0.000000	0.246044	0.000000	0.487971	0.000201	0.265784
22	tsk_22	(x)	1	:	0.000000	0.246393	0.000000	0.487953	0.000032	0.265622
23	tsk_23	(x)	1	:	0.000000	0.246376	0.000000	0.487954	0.000040	0.265630
24	tsk_24	(x)	1	:	0.000000	0.246181	0.000000	0.487963	0.000133	0.265723
25	tsk_25	(x)	1	:	1.000000	0.000000	0.000000	0.000000	0.000000	0.000000
26	tsk_26	(x)	1	:	0.000000	0.246264	0.000000	0.487959	0.000092	0.265684
27	tsk_27	(x)	1	:	0.000000	0.499666	0.000000	0.000000	0.000102	0.500232
28	tsk_28	(x)	1	:	0.000000	0.246320	0.000000	0.487956	0.000066	0.265658
29	tsk_29	(x)	1	:	0.000000	0.999998	0.000000	0.000000	0.000002	0.000000
30	tsk_30	(x)	1	:	0.000000	0.246234	0.000000	0.487960	0.000107	0.265698
31	tsk_31	(x)	1	:	0.000000	0.246267	0.000000	0.487959	0.000091	0.265683
32	tsk_32	(x)	1	:	1.000000	0.000000	0.000000	0.000000	0.000000	0.000000
33	tsk_33	(x)	1	:	1.000000	0.000000	0.000000	0.000000	0.000000	0.000000
34	tsk_34	(x)	1	:	0.000000	0.999991	0.000000	0.000000	0.000009	0.000000
35	tsk_35	(x)	1	:	0.000000	1.000000	0.000000	0.000000	0.000000	0.000000
36	tsk_36	(x)	1	:	0.000000	1.000000	0.000000	0.000000	0.000000	0.000000
37	tsk_37	(x)	1	:	0.000000	0.246281	0.000000	0.487958	0.000084	0.265676
38	tsk_38	(x)	1	:	0.000000	0.246237	0.000000	0.487960	0.000106	0.265697
39	tsk_39	(x)	1	:	0.000000	0.999967	0.000000	0.000000	0.000033	0.000000
40	tsk_40	(x)	1	:	0.000000	0.026090	0.000000	0.000000	0.973910	0.000000
41	tsk_41	(x)	1	:	0.000000	0.999929	0.000000	0.000000	0.000071	0.000000
42	tsk_42	(x)	1	:	0.000000	0.999976	0.000000	0.000000	0.000024	0.000000
43	tsk_43	(x)	1	:	0.000000	0.000000	1.000000	0.000000	0.000000	0.000000
44	tsk_44	(x)	1	:	0.000000	0.686203	0.313754	0.000000	0.000043	0.000000
45	tsk_45	(x)	1	:	0.000000	0.999985	0.000000	0.000000	0.000015	0.000000
46	tsk_46	(x)	1	:	0.000000	1.000000	0.000000	0.000000	0.000000	0.000000
47	tsk_47	(x)	1	:	0.000000	0.569108	0.430882	0.000000	0.000009	0.000000
48	tsk_48	(x)	1	:	0.000000	0.025442	0.000000	0.000000	0.974558	0.000000
49	tsk_49	(x)	1	:	0.000000	0.999962	0.000000	0.000000	0.000038	0.000000
