logL = -128.763218 (converged)
AIC = 973.526437
BIC = 1658.030673

count.K
9 7 12 7 12 3 

