logL = -115.073331 (converged)
AIC = 520.146663
BIC = 797.389998

count.K
20 20 10 

