logL = -195.942590 (converged)
AIC = 693.885179
BIC = 982.600653

count.K
26 19 5 

