logL = -98.073358 (converged)
AIC = 828.146717
BIC = 1432.345986

count.K
2 3 26 0 10 9 

