logL = -115.462721 (converged)
AIC = 496.925443
BIC = 751.224502

count.K
26 11 13 

