logL = -106.265443 (converged)
AIC = 868.530886
BIC = 1495.674432

count.K
11 7 2 20 8 2 

