logL = -510.875440 (converged)
AIC = 1217.750879
BIC = 1405.129134

count.K
11 39 

