logL = -169.905379 (converged)
AIC = 491.810758
BIC = 637.124506

count.K
16 34 

