logL = -111.228907 (converged)
AIC = 974.457814
BIC = 1693.378464

count.K
2 3 6 17 8 14 

