logL = -241.375872 (converged)
AIC = 958.751744
BIC = 1413.813219

count.K
11 13 10 16 

