logL = -140.874457 (converged)
AIC = 921.748913
BIC = 1533.596275

count.K
5 10 9 20 6 

