logL = -1328.713146 (converged)
AIC = 2961.426293
BIC = 3252.053789

count.K
15 35 

