logL = -136.550645 (converged)
AIC = 965.101289
BIC = 1626.661249

count.K
5 12 9 5 11 8 

