logL = -136.892769 (converged)
AIC = 823.785538
BIC = 1349.591865

count.K
7 4 6 25 8 

