logL = -118.120966 (converged)
AIC = 632.241931
BIC = 1010.822486

count.K
10 12 20 8 

