logL = -289.323238 (converged)
AIC = 952.646476
BIC = 1310.194778

count.K
4 14 32 

