logL = -653.572290 (converged)
AIC = 1575.144579
BIC = 1831.355662

count.K
15 35 

