logL = -186.620117 (converged)
AIC = 873.240235
BIC = 1351.245986

count.K
0 18 20 12 

