logL = -390.928528 (converged)
AIC = 953.857057
BIC = 1118.291035

count.K
33 17 

