logL = -311.036751 (converged)
AIC = 1422.073503
BIC = 2186.882705

count.K
14 6 17 4 6 3 

