logL = -181.470809 (converged)
AIC = 1062.941619
BIC = 1732.149671

count.K
14 16 11 5 4 

