logL = -103.875710 (converged)
AIC = 767.751420
BIC = 1303.117861

count.K
8 11 12 9 10 

