logL = -317.969036 (converged)
AIC = 803.938072
BIC = 964.548004

count.K
7 43 

