logL = -55.313397 (converged)
AIC = 466.626793
BIC = 806.966888

count.K
6 10 12 22 

