logL = -259.464620 (converged)
AIC = 820.929240
BIC = 1109.644714

count.K
5 27 18 

