logL = -86.983337 (converged)
AIC = 925.966673
BIC = 1644.887323

count.K
10 2 10 18 8 2 

