logL = -360.488143 (converged)
AIC = 1076.976287
BIC = 1417.316382

count.K
15 25 10 

