logL = -48.049160 (converged)
AIC = 764.098320
BIC = 1402.714003

count.K
12 11 9 2 7 9 

