logL = -255.287215 (converged)
AIC = 1082.574431
BIC = 1629.413010

count.K
2 20 20 8 

