logL = -202.563868 (converged)
AIC = 1005.127736
BIC = 1578.734638

count.K
6 10 20 6 8 

