logL = -262.808796 (converged)
AIC = 1065.617591
BIC = 1581.863803

count.K
16 17 9 8 

