logL = -252.057347 (converged)
AIC = 1448.114695
BIC = 2350.589553

count.K
5 5 7 14 11 8 

