logL = -114.493018 (converged)
AIC = 818.986036
BIC = 1383.032823

count.K
1 2 24 10 13 

