logL = -222.935153 (converged)
AIC = 753.870305
BIC = 1048.321848

count.K
17 13 20 

