logL = -169.814259 (converged)
AIC = 1139.628518
BIC = 1904.437720

count.K
1 2 15 4 17 11 

