logL = -227.728558 (converged)
AIC = 639.457116
BIC = 815.363233

count.K
14 36 

