logL = -141.341979 (converged)
AIC = 872.683959
BIC = 1436.730746

count.K
9 12 18 10 1 

