logL = -177.755485 (converged)
AIC = 1005.510969
BIC = 1626.918446

count.K
0 9 21 3 17 

