logL = -95.402419 (converged)
AIC = 318.804839
BIC = 441.174311

count.K
31 19 

