logL = -102.456525 (converged)
AIC = 512.913050
BIC = 807.364593

count.K
2 27 21 

