logL = -167.560635 (converged)
AIC = 619.121269
BIC = 890.628536

count.K
24 10 16 

