logL = -149.225273 (converged)
AIC = 766.450545
BIC = 1213.863928

count.K
10 31 1 8 

