logL = -278.470945 (converged)
AIC = 900.941891
BIC = 1229.809848

count.K
23 17 10 

