logL = -164.472689 (converged)
AIC = 928.945377
BIC = 1502.552279

count.K
11 18 7 9 5 

