logL = -237.406644 (converged)
AIC = 788.813289
BIC = 1089.000901

count.K
11 19 20 

