logL = -272.840091 (converged)
AIC = 1125.680181
BIC = 1680.166853

count.K
4 26 2 16 2 

