logL = -79.341888 (converged)
AIC = 412.683776
BIC = 655.510698

count.K
27 10 13 

