logL = -224.124938 (converged)
AIC = 786.249876
BIC = 1109.381764

count.K
12 21 17 

