logL = -94.494798 (converged)
AIC = 632.989595
BIC = 1057.458702

count.K
21 25 1 3 

