logL = -105.900505 (converged)
AIC = 721.801010
BIC = 1209.366876

count.K
25 0 12 12 1 

