logL = -82.219230 (converged)
AIC = 820.438460
BIC = 1447.582006

count.K
14 3 11 20 0 2 

