logL = -190.584806 (converged)
AIC = 707.169612
BIC = 1018.829362

count.K
19 8 23 

