logL = -651.669782 (converged)
AIC = 2175.339565
BIC = 3008.981595

count.K
7 8 1 23 8 3 

