logL = -616.516499 (converged)
AIC = 2023.032998
BIC = 2778.282085

count.K
7 1 18 14 10 

