logL = -241.884788 (converged)
AIC = 785.769577
BIC = 1074.485050

count.K
21 24 5 

