logL = -56.391035 (converged)
AIC = 792.782070
BIC = 1442.869892

count.K
9 1 11 7 2 20 

