logL = -103.612205 (converged)
AIC = 911.224411
BIC = 1584.256509

count.K
10 4 14 0 10 12 

