logL = -493.132910 (converged)
AIC = 1206.265819
BIC = 1416.588350

count.K
9 41 

