logL = -236.041890 (converged)
AIC = 932.083779
BIC = 1371.849071

count.K
6 9 1 34 

