logL = -305.221030 (converged)
AIC = 1032.442060
BIC = 1435.878914

count.K
5 11 34 

