logL = -397.161828 (converged)
AIC = 1216.323656
BIC = 1619.760510

count.K
17 17 16 

