logL = -458.375603 (converged)
AIC = 1124.751206
BIC = 1323.601599

count.K
23 27 

