logL = -93.902795 (converged)
AIC = 315.805589
BIC = 438.175062

count.K
29 21 

