logL = -60.094075 (converged)
AIC = 740.188150
BIC = 1332.915281

count.K
2 16 23 8 0 1 

