logL = -174.089921 (converged)
AIC = 840.179841
BIC = 1310.537501

count.K
8 5 25 12 

