logL = -165.732471 (converged)
AIC = 633.464943
BIC = 922.180416

count.K
20 10 20 

