logL = -90.814084 (converged)
AIC = 577.628169
BIC = 956.208724

count.K
16 16 2 16 

