logL = -181.186184 (converged)
AIC = 1222.372367
BIC = 2044.542259

count.K
11 19 12 1 5 2 

