logL = -239.106782 (converged)
AIC = 1188.213563
BIC = 1866.981730

count.K
14 5 4 12 15 

