logL = -320.474219 (converged)
AIC = 1230.948439
BIC = 1794.995225

count.K
15 5 6 15 9 

