logL = -234.010795 (converged)
AIC = 1208.021589
BIC = 1915.470101

count.K
12 9 9 0 10 10 

