logL = -224.572087 (converged)
AIC = 1189.144174
BIC = 1896.592686

count.K
12 10 5 14 7 2 

