logL = -173.031464 (converged)
AIC = 1086.062928
BIC = 1793.511440

count.K
2 19 16 1 6 6 

