logL = -655.056539 (converged)
AIC = 1816.113077
BIC = 2299.854897

count.K
22 19 9 

