logL = -137.739808 (converged)
AIC = 547.479615
BIC = 807.514744

count.K
2 28 20 

