logL = -379.714260 (converged)
AIC = 939.428521
BIC = 1111.510591

count.K
12 38 

