logL = -253.406691 (converged)
AIC = 808.813382
BIC = 1097.528856

count.K
29 12 9 

