logL = -84.521833 (converged)
AIC = 921.043667
BIC = 1639.964317

count.K
7 1 11 12 11 8 

