logL = -325.265186 (converged)
AIC = 1320.530372
BIC = 1961.058078

count.K
4 3 26 11 6 

