logL = -72.670187 (converged)
AIC = 675.340375
BIC = 1182.026471

count.K
11 6 10 10 13 

