logL = -354.964604 (converged)
AIC = 877.929207
BIC = 1038.539140

count.K
13 37 

