logL = -426.432481 (converged)
AIC = 1368.864962
BIC = 1862.166897

count.K
3 27 15 5 

