logL = -274.473543 (converged)
AIC = 1056.947086
BIC = 1542.600930

count.K
10 14 14 12 

