logL = -203.303398 (converged)
AIC = 976.606795
BIC = 1521.533352

count.K
8 18 10 7 7 

