logL = -99.992632 (converged)
AIC = 867.985264
BIC = 1506.600948

count.K
11 6 14 1 2 16 

