logL = -225.594547 (converged)
AIC = 1359.189094
BIC = 2227.247539

count.K
2 12 6 14 4 12 

