logL = -111.735229 (converged)
AIC = 603.470458
BIC = 966.754829

count.K
14 21 0 15 

