logL = -95.998179 (converged)
AIC = 579.996359
BIC = 950.928822

count.K
20 10 6 14 

