logL = -221.923684 (converged)
AIC = 927.847368
BIC = 1390.556935

count.K
9 12 12 17 

