logL = -383.198411 (converged)
AIC = 934.396822
BIC = 1095.006754

count.K
11 39 

