logL = -231.534891 (converged)
AIC = 915.069781
BIC = 1347.186981

count.K
3 24 14 9 

