logL = -283.350459 (converged)
AIC = 1282.700917
BIC = 1967.205153

count.K
5 16 1 11 2 15 

