logL = -109.666473 (converged)
AIC = 911.332946
BIC = 1572.892906

count.K
2 5 8 14 3 18 

