logL = -383.905559 (converged)
AIC = 1771.811119
BIC = 2731.646667

count.K
0 12 14 11 8 5 

