logL = -177.563306 (converged)
AIC = 791.126612
BIC = 1207.947627

count.K
7 8 22 13 

