logL = -263.028666 (converged)
AIC = 840.057333
BIC = 1140.244944

count.K
20 8 22 

