logL = -308.063144 (converged)
AIC = 1488.126288
BIC = 2321.768318

count.K
4 7 10 9 9 11 

