0	tsk_0	(x)	1	:	0.000000	1.000000	0.000000	0.000000	0.000000
1	tsk_1	(x)	1	:	0.000000	0.499992	0.478285	0.000015	0.021708
2	tsk_2	(x)	1	:	0.000000	0.499992	0.490360	0.000016	0.009632
3	tsk_3	(x)	1	:	0.000000	0.499992	0.471633	0.000016	0.028360
4	tsk_4	(x)	1	:	0.000000	0.000000	0.462117	0.000000	0.537883
5	tsk_5	(x)	1	:	0.000000	0.000000	0.326414	0.000000	0.673586
6	tsk_6	(x)	1	:	0.000000	0.499992	0.483915	0.000016	0.016078
7	tsk_7	(x)	1	:	0.000000	0.499992	0.445767	0.000016	0.054226
8	tsk_8	(x)	1	:	0.000000	0.000000	0.507752	0.000000	0.492248
9	tsk_9	(x)	1	:	0.000000	0.499992	0.458627	0.000015	0.041366
10	tsk_10	(x)	1	:	0.000000	0.000000	0.441494	0.000000	0.558506
11	tsk_11	(x)	1	:	0.000000	0.000000	0.538582	0.000000	0.461418
12	tsk_12	(x)	1	:	0.000000	0.000000	0.429587	0.000000	0.570413
13	tsk_13	(x)	1	:	0.000000	0.000000	0.565473	0.000000	0.434527
14	tsk_14	(x)	1	:	0.000000	0.000000	0.573393	0.000000	0.426607
15	tsk_15	(x)	1	:	0.000000	0.000000	0.430402	0.000000	0.569598
16	tsk_16	(x)	1	:	0.000000	0.000000	0.707920	0.000000	0.292080
17	tsk_17	(x)	1	:	0.000000	0.000000	0.427444	0.000000	0.572556
18	tsk_18	(x)	1	:	0.000000	0.000000	0.542382	0.000000	0.457618
19	tsk_19	(x)	1	:	0.000000	0.000000	0.450803	0.000000	0.549197
20	tsk_20	(x)	1	:	0.502946	0.000000	0.126525	0.000874	0.369655
21	tsk_21	(x)	1	:	0.000000	0.000000	0.471341	0.000000	0.528659
22	tsk_22	(x)	1	:	0.501547	0.000000	0.052915	0.000999	0.444539
23	tsk_23	(x)	1	:	0.501685	0.000000	0.116361	0.000807	0.381148
24	tsk_24	(x)	1	:	0.501614	0.000000	0.162947	0.000906	0.334533
25	tsk_25	(x)	1	:	0.000000	0.000000	0.542429	0.000000	0.457571
26	tsk_26	(x)	1	:	0.501664	0.000000	0.076864	0.000836	0.420637
27	tsk_27	(x)	1	:	0.502944	0.000000	0.141431	0.000876	0.354748
28	tsk_28	(x)	1	:	0.501562	0.000000	0.020423	0.000978	0.477037
29	tsk_29	(x)	1	:	1.000000	0.000000	0.000000	0.000000	0.000000
30	tsk_30	(x)	1	:	0.521179	0.000000	0.000000	0.478821	0.000000
31	tsk_31	(x)	1	:	0.521179	0.000000	0.000000	0.478821	0.000000
32	tsk_32	(x)	1	:	0.422101	0.000000	0.083798	0.074634	0.419466
33	tsk_33	(x)	1	:	1.000000	0.000000	0.000000	0.000000	0.000000
34	tsk_34	(x)	1	:	0.502946	0.000000	0.125060	0.000875	0.371120
35	tsk_35	(x)	1	:	0.521179	0.000000	0.000000	0.478821	0.000000
36	tsk_36	(x)	1	:	0.521179	0.000000	0.000000	0.478821	0.000000
37	tsk_37	(x)	1	:	0.422118	0.000000	0.125098	0.074612	0.378172
38	tsk_38	(x)	1	:	0.000000	0.000000	0.224436	0.496555	0.279009
39	tsk_39	(x)	1	:	0.521179	0.000000	0.000000	0.478821	0.000000
40	tsk_40	(x)	1	:	0.000000	0.000000	0.000000	1.000000	0.000000
41	tsk_41	(x)	1	:	0.000000	0.000000	0.000000	1.000000	0.000000
42	tsk_42	(x)	1	:	0.000001	0.000000	0.000000	0.999999	0.000000
43	tsk_43	(x)	1	:	0.000000	0.000000	0.000000	1.000000	0.000000
44	tsk_44	(x)	1	:	0.000000	0.000000	0.000000	1.000000	0.000000
45	tsk_45	(x)	1	:	0.000001	0.000000	0.000000	0.999999	0.000000
46	tsk_46	(x)	1	:	0.000000	0.000000	0.000000	1.000000	0.000000
47	tsk_47	(x)	1	:	0.000000	0.000000	0.000000	1.000000	0.000000
48	tsk_48	(x)	1	:	0.000000	0.000000	0.000000	1.000000	0.000000
49	tsk_49	(x)	1	:	0.000000	0.000000	0.000000	1.000000	0.000000
