logL = -154.529290 (converged)
AIC = 939.058579
BIC = 1541.345826

count.K
9 3 11 4 23 

