logL = -51.009703 (converged)
AIC = 572.019406
BIC = 1021.344813

count.K
5 21 14 9 1 

