logL = -89.771461 (converged)
AIC = 559.542921
BIC = 922.827292

count.K
29 12 0 9 

