logL = -218.632030 (converged)
AIC = 581.264061
BIC = 718.929717

count.K
26 24 

