logL = -148.061566 (converged)
AIC = 936.123131
BIC = 1547.970493

count.K
3 7 11 8 21 

