logL = -137.243167 (converged)
AIC = 678.486334
BIC = 1064.714981

count.K
27 10 13 0 

