logL = -474.145233 (converged)
AIC = 1268.290465
BIC = 1574.214146

count.K
25 16 9 

