logL = -157.488652 (converged)
AIC = 884.977303
BIC = 1429.903860

count.K
8 11 15 10 6 

