logL = -95.268200 (converged)
AIC = 834.536400
BIC = 1450.207808

count.K
4 3 7 10 13 13 

