logL = -333.534085 (converged)
AIC = 1407.068169
BIC = 2114.516681

count.K
0 11 7 15 12 5 

