logL = -97.663674 (converged)
AIC = 711.327349
BIC = 1204.629284

count.K
10 18 6 16 

