logL = -355.395087 (converged)
AIC = 1060.790174
BIC = 1395.394200

count.K
15 8 27 

