logL = -138.871318 (converged)
AIC = 807.742635
BIC = 1314.428732

count.K
13 5 19 4 9 

