logL = -372.031875 (converged)
AIC = 936.063751
BIC = 1119.617959

count.K
11 39 

