logL = -549.160843 (converged)
AIC = 1286.321685
BIC = 1466.051848

count.K
19 31 

