logL = -437.284372 (converged)
AIC = 1510.568744
BIC = 2118.592060

count.K
9 8 23 10 

