logL = -192.228294 (converged)
AIC = 1024.456587
BIC = 1636.303949

count.K
11 9 13 10 7 

