logL = -198.211812 (converged)
AIC = 1076.423625
BIC = 1726.511446

count.K
7 8 5 10 8 12 

