logL = -228.238039 (converged)
AIC = 612.476079
BIC = 761.613873

count.K
19 31 

