logL = -623.296907 (converged)
AIC = 1486.593814
BIC = 1716.036574

count.K
22 28 

