logL = -184.805929 (converged)
AIC = 677.611859
BIC = 972.063401

count.K
23 16 11 

