logL = -656.133601 (converged)
AIC = 1492.267201
BIC = 1664.349272

count.K
16 34 

