logL = -813.206583 (converged)
AIC = 1870.413166
BIC = 2103.679973

count.K
27 23 

