logL = -436.541140 (converged)
AIC = 1235.082281
BIC = 1581.158445

count.K
2 21 27 

