logL = -318.388738 (converged)
AIC = 1034.777476
BIC = 1415.270054

count.K
21 3 26 

