0	tsk_0	(x)	1	:	0.000000	0.000000	0.999997	0.000002	0.000001	0.000000
1	tsk_1	(x)	1	:	0.000000	0.000011	0.999989	0.000000	0.000000	0.000000
2	tsk_2	(x)	1	:	0.000000	0.000000	0.999996	0.000003	0.000000	0.000000
3	tsk_3	(x)	1	:	0.000000	0.000000	0.999998	0.000002	0.000000	0.000000
4	tsk_4	(x)	1	:	0.000000	0.000000	0.999997	0.000003	0.000001	0.000000
5	tsk_5	(x)	1	:	0.000000	0.000000	0.999992	0.000007	0.000001	0.000000
6	tsk_6	(x)	1	:	0.000000	0.000000	0.999997	0.000002	0.000001	0.000000
7	tsk_7	(x)	1	:	0.000000	0.000000	0.999997	0.000002	0.000001	0.000000
8	tsk_8	(x)	1	:	0.000000	0.000000	0.999996	0.000003	0.000001	0.000000
9	tsk_9	(x)	1	:	0.000000	0.000000	0.999997	0.000002	0.000001	0.000000
10	tsk_10	(x)	1	:	0.472626	0.067090	0.000002	0.093742	0.366519	0.000021
11	tsk_11	(x)	1	:	0.000000	0.113450	0.000008	0.716297	0.170245	0.000000
12	tsk_12	(x)	1	:	0.000000	0.356173	0.000015	0.467860	0.175952	0.000000
13	tsk_13	(x)	1	:	0.000000	0.300427	0.000009	0.623328	0.076236	0.000000
14	tsk_14	(x)	1	:	0.000000	0.288061	0.000017	0.239535	0.472387	0.000000
15	tsk_15	(x)	1	:	0.000000	0.045497	0.488125	0.328108	0.138269	0.000000
16	tsk_16	(x)	1	:	0.999999	0.000000	0.000000	0.000000	0.000000	0.000001
17	tsk_17	(x)	1	:	0.000000	0.328202	0.000010	0.538391	0.133396	0.000000
18	tsk_18	(x)	1	:	0.000000	0.194886	0.000012	0.620451	0.184651	0.000000
19	tsk_19	(x)	1	:	0.472616	0.330154	0.000013	0.197197	0.000000	0.000020
20	tsk_20	(x)	1	:	1.000000	0.000000	0.000000	0.000000	0.000000	0.000000
21	tsk_21	(x)	1	:	1.000000	0.000000	0.000000	0.000000	0.000000	0.000000
22	tsk_22	(x)	1	:	0.541632	0.077727	0.000002	0.053264	0.327371	0.000004
23	tsk_23	(x)	1	:	0.472591	0.060004	0.000001	0.224875	0.242466	0.000063
24	tsk_24	(x)	1	:	0.999989	0.000000	0.000000	0.000000	0.000000	0.000011
25	tsk_25	(x)	1	:	0.999981	0.000000	0.000000	0.000000	0.000000	0.000019
26	tsk_26	(x)	1	:	1.000000	0.000000	0.000000	0.000000	0.000000	0.000000
27	tsk_27	(x)	1	:	1.000000	0.000000	0.000000	0.000000	0.000000	0.000000
28	tsk_28	(x)	1	:	0.000000	0.132907	0.000006	0.690166	0.176921	0.000000
29	tsk_29	(x)	1	:	0.472616	0.289733	0.000011	0.237618	0.000000	0.000021
30	tsk_30	(x)	1	:	0.000000	0.160073	0.000006	0.729057	0.110864	0.000000
31	tsk_31	(x)	1	:	0.000000	0.225107	0.000008	0.605570	0.169315	0.000000
32	tsk_32	(x)	1	:	0.000000	0.123647	0.000008	0.633728	0.242617	0.000000
33	tsk_33	(x)	1	:	0.000000	0.227343	0.000006	0.632217	0.140435	0.000000
34	tsk_34	(x)	1	:	0.000000	0.130228	0.000005	0.734139	0.135629	0.000000
35	tsk_35	(x)	1	:	0.000000	0.296371	0.000006	0.516358	0.187266	0.000000
36	tsk_36	(x)	1	:	0.000000	0.078311	0.000004	0.723221	0.198465	0.000000
37	tsk_37	(x)	1	:	0.000000	0.236618	0.000004	0.561766	0.201612	0.000000
38	tsk_38	(x)	1	:	0.000000	0.136064	0.000005	0.580796	0.283135	0.000000
39	tsk_39	(x)	1	:	0.000000	0.044225	0.000004	0.820005	0.135766	0.000000
40	tsk_40	(x)	1	:	0.000000	0.000000	0.000000	0.000000	0.000000	1.000000
41	tsk_41	(x)	1	:	0.000000	0.000000	0.000000	0.000000	0.000000	1.000000
42	tsk_42	(x)	1	:	0.000000	0.000000	0.000000	0.000000	0.000000	1.000000
43	tsk_43	(x)	1	:	0.000000	0.000000	0.000000	0.000000	0.000000	1.000000
44	tsk_44	(x)	1	:	0.000001	0.095155	0.000022	0.150652	0.271706	0.482463
45	tsk_45	(x)	1	:	0.000000	0.000000	0.000000	0.000000	0.000000	1.000000
46	tsk_46	(x)	1	:	0.000000	0.000000	0.000000	0.000000	0.000000	1.000000
47	tsk_47	(x)	1	:	0.000000	0.000000	0.000000	0.000000	0.000000	1.000000
48	tsk_48	(x)	1	:	0.000000	0.000000	0.000000	0.000000	0.000000	1.000000
49	tsk_49	(x)	1	:	0.000000	0.000000	0.000000	0.000000	0.000000	1.000000
