logL = -151.172787 (converged)
AIC = 1042.345575
BIC = 1749.794087

count.K
22 3 10 2 11 2 

