logL = -144.444838 (converged)
AIC = 838.889677
BIC = 1364.696003

count.K
3 8 5 8 26 

