logL = -251.844055 (converged)
AIC = 663.688110
BIC = 816.649950

count.K
31 19 

