logL = -373.424473 (converged)
AIC = 922.848947
BIC = 1091.106971

count.K
25 25 

