logL = -173.278201 (converged)
AIC = 774.556402
BIC = 1183.729325

count.K
10 13 16 11 

