logL = -267.941572 (converged)
AIC = 1147.883144
BIC = 1732.962184

count.K
11 12 10 17 

