logL = -47.309490 (converged)
AIC = 690.618980
BIC = 1260.401836

count.K
7 7 4 9 4 19 

