logL = -92.253120 (converged)
AIC = 620.506240
BIC = 1037.327255

count.K
23 1 9 17 

