logL = -210.155428 (converged)
AIC = 1220.310856
BIC = 1985.120058

count.K
8 1 5 7 19 10 

