logL = -290.110472 (converged)
AIC = 1080.220943
BIC = 1558.226695

count.K
12 14 18 6 

