logL = -215.831607 (converged)
AIC = 915.663215
BIC = 1378.372782

count.K
21 14 6 9 

