logL = -324.290291 (converged)
AIC = 828.580583
BIC = 1000.662653

count.K
14 36 

