logL = -145.534981 (converged)
AIC = 563.069961
BIC = 823.105090

count.K
20 13 17 

