logL = -205.267821 (converged)
AIC = 846.535641
BIC = 1263.356656

count.K
19 14 6 11 

