logL = -409.724111 (converged)
AIC = 1509.448221
BIC = 2169.096158

count.K
13 6 4 7 20 

