logL = -165.574339 (converged)
AIC = 645.148678
BIC = 945.336290

count.K
9 12 29 

