logL = -64.576566 (converged)
AIC = 517.153132
BIC = 888.085595

count.K
25 1 4 20 

