0	tsk_0	(x)	1	:	0.000000	0.000000	0.000000	0.676779	0.000000	0.323221
1	tsk_1	(x)	1	:	0.000000	0.000000	0.000000	0.828607	0.000000	0.171393
2	tsk_2	(x)	1	:	0.000000	0.000000	0.000000	0.776807	0.000000	0.223193
3	tsk_3	(x)	1	:	0.000000	0.000000	0.000000	0.723091	0.000000	0.276909
4	tsk_4	(x)	1	:	0.000000	0.000000	0.000000	0.481952	0.000000	0.518048
5	tsk_5	(x)	1	:	0.000000	0.000000	0.000000	0.650156	0.000000	0.349844
6	tsk_6	(x)	1	:	0.000000	0.000000	0.000000	0.728257	0.000000	0.271743
7	tsk_7	(x)	1	:	0.000000	0.000000	0.000000	0.763278	0.000000	0.236722
8	tsk_8	(x)	1	:	0.000000	0.000000	0.000000	0.633453	0.000000	0.366547
9	tsk_9	(x)	1	:	0.000000	0.000000	0.000000	0.728223	0.000000	0.271777
10	tsk_10	(x)	1	:	0.418692	0.000000	0.000000	0.398981	0.000000	0.182327
11	tsk_11	(x)	1	:	0.000066	0.841618	0.000000	0.135489	0.000000	0.022828
12	tsk_12	(x)	1	:	0.000054	0.842312	0.000000	0.096975	0.000000	0.060659
13	tsk_13	(x)	1	:	0.000000	0.000000	0.000000	0.832920	0.000000	0.167080
14	tsk_14	(x)	1	:	0.000000	0.000000	0.000000	0.805633	0.000000	0.194367
15	tsk_15	(x)	1	:	0.000058	0.842327	0.000000	0.122377	0.000000	0.035237
16	tsk_16	(x)	1	:	0.000000	0.000000	0.000000	0.726147	0.000000	0.273853
17	tsk_17	(x)	1	:	0.419695	0.000000	0.000000	0.474318	0.000000	0.105987
18	tsk_18	(x)	1	:	0.000000	0.000000	0.000000	0.662698	0.000000	0.337302
19	tsk_19	(x)	1	:	0.000070	0.841643	0.000000	0.135283	0.000000	0.023005
20	tsk_20	(x)	1	:	0.000000	0.000000	0.000000	0.855860	0.000000	0.144140
21	tsk_21	(x)	1	:	0.857518	0.000008	0.000000	0.002244	0.000000	0.140230
22	tsk_22	(x)	1	:	0.857483	0.000014	0.000000	0.002082	0.000000	0.140420
23	tsk_23	(x)	1	:	0.420082	0.000000	0.000000	0.462465	0.000000	0.117453
24	tsk_24	(x)	1	:	0.000000	0.000000	0.000000	0.728572	0.000000	0.271427
25	tsk_25	(x)	1	:	0.000000	0.000000	0.000000	0.756973	0.000000	0.243027
26	tsk_26	(x)	1	:	0.000000	0.000000	0.000000	0.587028	0.000000	0.412972
27	tsk_27	(x)	1	:	0.000000	0.000000	0.000000	0.761619	0.000000	0.238381
28	tsk_28	(x)	1	:	0.000000	0.000000	0.000000	0.529782	0.000000	0.470218
29	tsk_29	(x)	1	:	0.000000	0.000000	0.000000	0.780438	0.000000	0.219562
30	tsk_30	(x)	1	:	0.000000	0.000000	1.000000	0.000000	0.000000	0.000000
31	tsk_31	(x)	1	:	0.000000	0.000000	0.000000	0.687878	0.000000	0.312122
32	tsk_32	(x)	1	:	0.453077	0.000000	0.501904	0.008816	0.000000	0.036203
33	tsk_33	(x)	1	:	0.000000	0.000000	0.000000	0.481426	0.000000	0.518574
34	tsk_34	(x)	1	:	0.000000	0.000000	1.000000	0.000000	0.000000	0.000000
35	tsk_35	(x)	1	:	0.000000	0.000000	0.000000	0.616969	0.000000	0.383031
36	tsk_36	(x)	1	:	0.000000	0.000000	0.500000	0.178932	0.000000	0.321068
37	tsk_37	(x)	1	:	0.000000	0.000000	0.500000	0.333030	0.000000	0.166970
38	tsk_38	(x)	1	:	0.000000	0.000000	0.500000	0.332426	0.000000	0.167574
39	tsk_39	(x)	1	:	0.000000	0.000000	0.500000	0.340414	0.000000	0.159586
40	tsk_40	(x)	1	:	0.000000	0.000000	0.000000	0.000000	1.000000	0.000000
41	tsk_41	(x)	1	:	0.000000	0.000000	0.000000	0.000000	1.000000	0.000000
42	tsk_42	(x)	1	:	0.000000	0.000000	0.000000	0.000000	1.000000	0.000000
43	tsk_43	(x)	1	:	0.000000	0.000000	0.000000	0.000000	1.000000	0.000000
44	tsk_44	(x)	1	:	0.000000	0.000000	0.000000	0.000000	1.000000	0.000000
45	tsk_45	(x)	1	:	0.000000	0.000000	0.000000	0.000000	1.000000	0.000000
46	tsk_46	(x)	1	:	0.000000	0.000000	0.000000	0.000000	1.000000	0.000000
47	tsk_47	(x)	1	:	0.000000	0.000000	0.000000	0.000000	1.000000	0.000000
48	tsk_48	(x)	1	:	0.000000	0.000000	0.000000	0.000000	1.000000	0.000000
49	tsk_49	(x)	1	:	0.000000	0.000000	0.000000	0.000000	1.000000	0.000000
