logL = -132.232442 (converged)
AIC = 1040.464884
BIC = 1782.329810

count.K
4 10 10 9 6 11 

