logL = -103.818665 (converged)
AIC = 491.637331
BIC = 763.144597

count.K
17 23 10 

