logL = -195.813284 (converged)
AIC = 1203.626569
BIC = 1979.907909

count.K
6 15 9 8 9 3 

