logL = -259.975909 (converged)
AIC = 1129.951819
BIC = 1713.118835

count.K
6 3 10 15 16 

