logL = -211.646989 (converged)
AIC = 1003.293978
BIC = 1557.780649

count.K
0 10 16 18 6 

