logL = -110.161237 (converged)
AIC = 770.322473
BIC = 1296.128800

count.K
17 8 10 13 2 

