logL = -166.464721 (converged)
AIC = 768.929442
BIC = 1185.750457

count.K
6 15 18 11 

