logL = -71.190275 (converged)
AIC = 786.380549
BIC = 1402.051957

count.K
12 0 11 16 1 10 

