logL = -273.267301 (converged)
AIC = 1370.534601
BIC = 2158.288079

count.K
15 6 7 5 16 1 

