logL = -521.321799 (converged)
AIC = 1494.643597
BIC = 1926.760796

count.K
26 9 15 

