logL = -662.403758 (converged)
AIC = 1776.807515
BIC = 2208.924714

count.K
12 30 8 

