logL = -267.133076 (converged)
AIC = 702.266152
BIC = 862.876085

count.K
26 24 

