logL = -210.955660 (converged)
AIC = 589.911320
BIC = 750.521253

count.K
30 20 

