0	tsk_0	(x)	1	:	0.999843	0.000000	0.000000	0.000000	0.000000	0.000157
1	tsk_1	(x)	1	:	1.000000	0.000000	0.000000	0.000000	0.000000	0.000000
2	tsk_2	(x)	1	:	0.999854	0.000000	0.000000	0.000000	0.000000	0.000146
3	tsk_3	(x)	1	:	1.000000	0.000000	0.000000	0.000000	0.000000	0.000000
4	tsk_4	(x)	1	:	0.999838	0.000000	0.000000	0.000000	0.000000	0.000162
5	tsk_5	(x)	1	:	0.489384	0.000000	0.000000	0.000000	0.000000	0.510616
6	tsk_6	(x)	1	:	0.294161	0.000000	0.000000	0.000000	0.000000	0.705839
7	tsk_7	(x)	1	:	0.999898	0.000000	0.000000	0.000000	0.000000	0.000101
8	tsk_8	(x)	1	:	1.000000	0.000000	0.000000	0.000000	0.000000	0.000000
9	tsk_9	(x)	1	:	1.000000	0.000000	0.000000	0.000000	0.000000	0.000000
10	tsk_10	(x)	1	:	0.000000	0.000000	1.000000	0.000000	0.000000	0.000000
11	tsk_11	(x)	1	:	0.000000	0.000000	1.000000	0.000000	0.000000	0.000000
12	tsk_12	(x)	1	:	0.515085	0.000000	0.484908	0.000000	0.000000	0.000007
13	tsk_13	(x)	1	:	0.000000	0.000000	1.000000	0.000000	0.000000	0.000000
14	tsk_14	(x)	1	:	0.000000	0.000000	1.000000	0.000000	0.000000	0.000000
15	tsk_15	(x)	1	:	0.000000	0.000000	0.505364	0.000000	0.000000	0.494636
16	tsk_16	(x)	1	:	0.000071	0.000000	0.481693	0.000000	0.000000	0.518236
17	tsk_17	(x)	1	:	0.000010	0.000000	0.000000	0.000000	0.000000	0.999990
18	tsk_18	(x)	1	:	0.425747	0.000000	0.503951	0.000000	0.000000	0.070302
19	tsk_19	(x)	1	:	0.425690	0.000000	0.503946	0.000000	0.000000	0.070364
20	tsk_20	(x)	1	:	0.000000	0.000000	0.000000	0.000000	0.000000	1.000000
21	tsk_21	(x)	1	:	0.000000	0.000000	0.000000	0.000000	0.000000	1.000000
22	tsk_22	(x)	1	:	0.000000	0.000000	0.505364	0.000000	0.000000	0.494636
23	tsk_23	(x)	1	:	0.000000	0.000000	0.000000	0.000000	0.000000	1.000000
24	tsk_24	(x)	1	:	0.000000	0.000000	0.000000	0.000000	0.000000	1.000000
25	tsk_25	(x)	1	:	0.000000	0.000000	0.000000	0.000000	0.000000	1.000000
26	tsk_26	(x)	1	:	0.000000	0.000000	0.000000	0.000000	0.000000	1.000000
27	tsk_27	(x)	1	:	0.000000	0.293108	0.000000	0.000000	0.212792	0.494100
28	tsk_28	(x)	1	:	0.000000	0.000000	0.000000	0.000000	0.000000	1.000000
29	tsk_29	(x)	1	:	0.000000	0.000000	0.000000	0.000000	0.000000	1.000000
30	tsk_30	(x)	1	:	0.000000	0.000000	0.553019	0.446981	0.000000	0.000000
31	tsk_31	(x)	1	:	0.000000	0.219952	0.000000	0.000000	0.285947	0.494100
32	tsk_32	(x)	1	:	0.000000	0.000000	0.553043	0.446957	0.000000	0.000000
33	tsk_33	(x)	1	:	0.000000	0.000000	0.505364	0.000000	0.000000	0.494636
34	tsk_34	(x)	1	:	0.000000	0.163466	0.500000	0.000000	0.336534	0.000000
35	tsk_35	(x)	1	:	0.000000	0.100412	0.500000	0.000000	0.399587	0.000000
36	tsk_36	(x)	1	:	0.000000	0.093339	0.000000	0.000000	0.906661	0.000000
37	tsk_37	(x)	1	:	0.000000	0.276719	0.500000	0.000000	0.223281	0.000000
38	tsk_38	(x)	1	:	0.000000	0.000000	0.000001	0.999999	0.000000	0.000000
39	tsk_39	(x)	1	:	0.000000	0.113644	0.000000	0.000000	0.886356	0.000000
40	tsk_40	(x)	1	:	0.000000	0.090431	0.000000	0.000000	0.909569	0.000000
41	tsk_41	(x)	1	:	0.000000	0.086191	0.000000	0.000000	0.913809	0.000000
42	tsk_42	(x)	1	:	0.000000	0.134426	0.000000	0.000000	0.865573	0.000000
43	tsk_43	(x)	1	:	0.000000	0.001367	0.000001	0.516470	0.482162	0.000000
44	tsk_44	(x)	1	:	0.000000	0.044969	0.000000	0.000000	0.955031	0.000000
45	tsk_45	(x)	1	:	0.000000	0.150262	0.000000	0.000000	0.849738	0.000000
46	tsk_46	(x)	1	:	0.000000	0.090832	0.000000	0.000000	0.909168	0.000000
47	tsk_47	(x)	1	:	0.000000	0.118775	0.000000	0.000000	0.881225	0.000000
48	tsk_48	(x)	1	:	0.000000	0.182733	0.000000	0.000000	0.817267	0.000000
49	tsk_49	(x)	1	:	0.000000	0.188341	0.000000	0.000000	0.811659	0.000000
