logL = -98.188320 (converged)
AIC = 816.376641
BIC = 1409.103772

count.K
10 11 9 16 3 1 

