logL = -221.895796 (converged)
AIC = 787.791591
BIC = 1116.659548

count.K
20 19 11 

