logL = -1037.950884 (converged)
AIC = 2567.901767
BIC = 3208.773633

count.K
60 40 

