logL = -468.589701 (converged)
AIC = 1595.179401
BIC = 2452.280393

count.K
40 37 23 

