logL = -13195.768834 (not converged)
AIC = 26647.537668
BIC = 26980.999452

count.K
100 

