logL = -2393.108048 (converged)
AIC = 5194.216096
BIC = 5725.670814

count.K
59 41 

