logL = -592.322949 (converged)
AIC = 3392.645898
BIC = 6268.753783

count.K
4 1 10 8 29 20 28 

