logL = -837.315039 (converged)
AIC = 3074.630077
BIC = 4898.249207

count.K
27 10 17 31 15 

