logL = -411.993218 (converged)
AIC = 2363.986437
BIC = 4369.967480

count.K
25 18 10 3 31 13 

