logL = -2149.570610 (converged)
AIC = 5401.141220
BIC = 6836.589992

count.K
60 30 10 

