logL = -931.956954 (converged)
AIC = 4471.913907
BIC = 7869.055830

count.K
9 3 26 16 23 10 4 1 8 

