logL = -1512.913311 (converged)
AIC = 5093.826622
BIC = 7787.572594

count.K
10 25 25 16 2 22 

