logL = -730.612339 (converged)
AIC = 2445.224679
BIC = 3726.968410

count.K
12 31 39 18 

