logL = -477.666518 (converged)
AIC = 3331.333037
BIC = 6426.275217

count.K
4 11 10 9 23 27 13 3 

