logL = -1273.553448 (converged)
AIC = 3271.106897
BIC = 4214.178504

count.K
24 28 48 

