logL = -226.908496 (converged)
AIC = 2731.816993
BIC = 5699.105835

count.K
30 12 10 5 5 18 20 

