logL = -1876.491231 (converged)
AIC = 5784.982462
BIC = 8431.835370

count.K
10 27 11 18 11 23 

