logL = -824.149687 (converged)
AIC = 5000.299374
BIC = 9366.564605

count.K
26 3 19 37 4 3 1 7 

