logL = -1102.621673 (converged)
AIC = 2645.243346
BIC = 3218.380787

count.K
50 50 

