logL = -477.665206 (converged)
AIC = 1239.330412
BIC = 1609.264578

count.K
45 55 

