logL = -2978.189297 (converged)
AIC = 8136.378595
BIC = 10976.014098

count.K
8 21 15 33 23 

