logL = -755.375211 (converged)
AIC = 2860.750423
BIC = 4619.240298

count.K
4 16 13 42 25 

