logL = -1948.001446 (converged)
AIC = 4592.002892
BIC = 5498.602116

count.K
49 51 

