logL = -604.791783 (converged)
AIC = 2569.583567
BIC = 4341.099293

count.K
10 19 30 8 33 

