logL = -953.648198 (converged)
AIC = 2553.296397
BIC = 3394.766367

count.K
38 2 60 

