logL = -1325.981844 (converged)
AIC = 3011.963687
BIC = 3480.894321

count.K
60 40 

