logL = -1315.176301 (converged)
AIC = 4014.352603
BIC = 5817.130371

count.K
20 31 39 10 

