logL = -347.772404 (converged)
AIC = 3573.544808
BIC = 7322.384705

count.K
14 9 29 5 7 4 11 10 11 

