logL = -479.585096 (converged)
AIC = 2439.170193
BIC = 4366.996131

count.K
13 10 21 10 18 28 

