logL = -578.967343 (converged)
AIC = 2973.934685
BIC = 5339.429214

count.K
19 20 11 25 8 17 

