logL = -1210.113142 (converged)
AIC = 3156.226284
BIC = 4114.928912

count.K
39 28 33 

