logL = -619.042645 (converged)
AIC = 2548.085290
BIC = 4254.471762

count.K
6 7 22 45 20 

