logL = -233.546518 (converged)
AIC = 3947.093036
BIC = 8480.089159

count.K
9 8 12 0 28 2 18 7 11 5 

