logL = -732.790935 (converged)
AIC = 3585.581871
BIC = 6347.062268

count.K
18 7 18 23 13 8 9 4 

