logL = -316.230872 (converged)
AIC = 2880.461744
BIC = 5808.673033

count.K
1 6 18 20 13 3 2 1 36 

