logL = -416.036365 (converged)
AIC = 2228.072731
BIC = 4046.481520

count.K
14 16 14 10 29 17 

