logL = -921.837988 (converged)
AIC = 2175.675976
BIC = 2608.134227

count.K
67 33 

