logL = -421.756545 (converged)
AIC = 3623.513091
BIC = 7244.699649

count.K
4 9 12 15 1 21 12 11 3 12 

