logL = -2429.864192 (converged)
AIC = 5263.728384
BIC = 5789.972762

count.K
49 51 

