logL = -1856.503049 (converged)
AIC = 4479.006098
BIC = 5476.786279

count.K
70 19 11 

