logL = -621.652333 (converged)
AIC = 2773.304666
BIC = 4766.259858

count.K
12 3 12 44 29 

