logL = -645.866961 (converged)
AIC = 2275.733921
BIC = 3557.477653

count.K
40 20 13 27 

