logL = -1098.360152 (converged)
AIC = 3928.720303
BIC = 6184.797684

count.K
44 5 6 26 13 6 

