logL = -690.910304 (converged)
AIC = 2661.820608
BIC = 4329.129527

count.K
20 17 20 20 23 

