logL = -834.625765 (converged)
AIC = 2557.251530
BIC = 3713.947092

count.K
45 1 19 35 

