logL = -382.750878 (converged)
AIC = 3253.501756
BIC = 6494.333467

count.K
10 12 5 13 10 10 25 15 

