logL = -884.488193 (converged)
AIC = 3608.976386
BIC = 6005.732957

count.K
31 18 9 11 23 8 

