logL = -1525.956518 (converged)
AIC = 6243.913036
BIC = 10401.764653

count.K
10 9 3 22 29 18 3 6 

