logL = -955.159107 (converged)
AIC = 3630.318214
BIC = 5870.764574

count.K
18 6 15 17 34 10 

