logL = -561.644920 (converged)
AIC = 2291.289841
BIC = 3812.709229

count.K
10 25 29 36 

