logL = -1371.430913 (converged)
AIC = 3106.861826
BIC = 3581.002799

count.K
40 60 

