logL = -620.550714 (converged)
AIC = 3473.101429
BIC = 6380.471357

count.K
39 11 10 9 7 18 1 5 

