logL = -364.786508 (converged)
AIC = 2849.573016
BIC = 5611.053413

count.K
10 8 20 8 7 27 7 13 

