logL = -725.191408 (converged)
AIC = 3698.382816
BIC = 6626.594105

count.K
26 8 19 7 18 7 11 4 

