logL = -1745.726462 (converged)
AIC = 3903.452925
BIC = 4440.117983

count.K
49 51 

