logL = -1255.628952 (converged)
AIC = 5959.257904
BIC = 10450.571305

count.K
5 9 0 16 18 10 14 28 

