logL = -1214.264921 (converged)
AIC = 4888.529841
BIC = 8092.889170

count.K
7 14 4 16 11 27 21 

