logL = -1242.366425 (converged)
AIC = 4164.732850
BIC = 6353.075806

count.K
25 17 23 35 

