logL = -734.480798 (converged)
AIC = 2748.961596
BIC = 4416.270515

count.K
42 4 34 6 14 

