logL = -993.711420 (converged)
AIC = 2657.422840
BIC = 3530.154852

count.K
46 46 8 

