logL = -1835.567425 (converged)
AIC = 4051.134851
BIC = 4546.117186

count.K
72 28 

