logL = -955.322308 (converged)
AIC = 4830.644616
BIC = 8634.193088

count.K
8 20 11 5 19 16 12 9 

