logL = -1972.273383 (converged)
AIC = 4388.546765
BIC = 4966.894546

count.K
30 70 

