logL = -1127.019259 (converged)
AIC = 3724.038518
BIC = 5638.838605

count.K
17 40 9 20 14 

