logL = -688.748939 (converged)
AIC = 2857.497877
BIC = 4785.323815

count.K
20 17 13 21 12 17 

