logL = -422.927017 (converged)
AIC = 3273.854035
BIC = 6436.530640

count.K
9 11 21 10 9 20 10 7 3 

