logL = -1385.188015 (converged)
AIC = 3154.376030
BIC = 3654.568706

count.K
70 30 

