logL = -386.691023 (converged)
AIC = 1299.382045
BIC = 1984.541804

count.K
29 16 55 

