logL = -544.830568 (converged)
AIC = 2057.661136
BIC = 3318.563506

count.K
30 11 10 49 

