logL = -975.147220 (converged)
AIC = 3898.294440
BIC = 6435.730201

count.K
17 10 20 20 24 9 

