logL = -430.742823 (converged)
AIC = 3721.485646
BIC = 7446.879012

count.K
23 10 3 24 6 7 3 7 8 9 

