logL = -1809.913314 (converged)
AIC = 6315.826629
BIC = 9827.596039

count.K
32 12 20 1 8 9 15 3 

