logL = -532.425740 (converged)
AIC = 2304.851479
BIC = 3920.056995

count.K
24 21 30 24 1 

