logL = -368.621479 (converged)
AIC = 2665.242959
BIC = 5176.627018

count.K
30 10 9 9 11 11 20 

