logL = -452.013972 (converged)
AIC = 2706.027944
BIC = 5053.286282

count.K
22 19 10 13 7 10 19 

