logL = -491.389799 (converged)
AIC = 3278.779598
BIC = 6269.514972

count.K
13 3 8 35 10 4 17 10 

