logL = -1899.659955 (converged)
AIC = 4443.319910
BIC = 5282.184710

count.K
48 52 

