logL = -1986.581778 (converged)
AIC = 5525.163556
BIC = 7546.775621

count.K
23 25 21 31 

