logL = -1843.060496 (converged)
AIC = 4674.120993
BIC = 5961.075065

count.K
57 17 26 

