logL = -1486.366101 (converged)
AIC = 6572.732203
BIC = 11262.038538

count.K
24 3 12 12 4 6 2 16 20 1 

