logL = -569.155963 (converged)
AIC = 3710.311926
BIC = 7060.560785

count.K
29 9 21 5 3 28 2 3 0 

