logL = -865.527103 (converged)
AIC = 3439.054205
BIC = 5663.869544

count.K
25 20 12 21 12 10 

