logL = -595.395989 (converged)
AIC = 2198.791977
BIC = 3511.797751

count.K
16 9 57 18 

