logL = -363.911653 (converged)
AIC = 2895.823305
BIC = 5719.827787

count.K
12 9 22 1 6 22 19 9 

