logL = -353.203784 (converged)
AIC = 2438.407568
BIC = 4694.484949

count.K
4 22 25 26 16 5 2 

