logL = -861.789086 (converged)
AIC = 3143.578172
BIC = 4993.249005

count.K
13 17 20 40 10 

