logL = -520.602443 (converged)
AIC = 3595.204885
BIC = 6922.007213

count.K
15 19 3 7 29 11 1 4 11 

