logL = -668.079062 (converged)
AIC = 2392.158125
BIC = 3767.687983

count.K
25 22 16 37 

