logL = -299.983406 (converged)
AIC = 2883.966811
BIC = 5859.071163

count.K
5 22 17 17 9 10 10 4 6 

