logL = -814.278837 (converged)
AIC = 2424.557675
BIC = 3461.415409

count.K
27 44 29 

