logL = -1788.465757 (converged)
AIC = 6352.931513
BIC = 9968.907731

count.K
27 14 11 3 9 20 2 14 

