logL = -372.423141 (converged)
AIC = 2152.846282
BIC = 3986.886093

count.K
10 13 14 28 23 12 

