logL = -1375.937532 (converged)
AIC = 3559.875065
BIC = 4612.363820

count.K
40 52 8 

