logL = -652.631749 (converged)
AIC = 2575.263499
BIC = 4229.546567

count.K
14 27 16 17 26 

