logL = -892.468045 (converged)
AIC = 3624.936090
BIC = 6021.692661

count.K
7 20 7 34 26 6 

