logL = -687.112609 (converged)
AIC = 2744.225219
BIC = 4528.766796

count.K
13 22 36 13 16 

