logL = -376.992024 (converged)
AIC = 1913.984048
BIC = 3424.982756

count.K
24 30 0 27 19 

