logL = -1251.010160 (converged)
AIC = 2842.020320
BIC = 3284.899251

count.K
66 34 

