logL = -2419.703366 (converged)
AIC = 5267.406732
BIC = 5824.913152

count.K
66 34 

