logL = -716.531166 (converged)
AIC = 4733.062332
BIC = 9031.593139

count.K
8 7 7 8 17 11 12 1 25 4 

