logL = -362.444949 (converged)
AIC = 1904.889897
BIC = 3441.940307

count.K
19 25 29 7 20 

