logL = -1582.358617 (converged)
AIC = 5624.717235
BIC = 8829.076563

count.K
15 22 23 6 20 13 1 

