logL = -818.852615 (converged)
AIC = 4101.705230
BIC = 7311.274899

count.K
21 39 3 2 24 11 

