logL = -2158.875028 (converged)
AIC = 8401.750057
BIC = 13721.507576

count.K
2 20 7 13 17 1 6 24 10 

