logL = -396.071614 (converged)
AIC = 2538.143229
BIC = 4812.456801

count.K
21 26 11 6 4 20 12 

