logL = -687.661279 (converged)
AIC = 2775.322557
BIC = 4598.941687

count.K
20 25 12 20 23 

