logL = -1123.480129 (converged)
AIC = 2754.960257
BIC = 3416.673484

count.K
90 10 

