logL = -1252.751113 (converged)
AIC = 2897.502226
BIC = 3408.115582

count.K
42 58 

