logL = -202.157039 (converged)
AIC = 2556.314078
BIC = 5359.477198

count.K
20 2 10 15 19 5 29 

