logL = -827.210458 (converged)
AIC = 2558.420917
BIC = 3735.957841

count.K
17 40 19 24 

