logL = -623.249554 (converged)
AIC = 2834.499108
BIC = 4903.004236

count.K
13 31 5 11 24 16 

