logL = -3604.242678 (converged)
AIC = 7648.485357
BIC = 8221.622798

count.K
73 27 

