logL = -1042.111526 (converged)
AIC = 2712.223052
BIC = 3530.246490

count.K
11 55 34 

