logL = -716.687929 (converged)
AIC = 3745.375858
BIC = 6756.952593

count.K
19 7 2 5 23 15 8 21 

