logL = -1084.402375 (converged)
AIC = 3048.804750
BIC = 4195.079632

count.K
30 37 33 

