logL = -479.905087 (converged)
AIC = 2719.810174
BIC = 5012.359938

count.K
21 12 23 16 5 13 10 

