logL = -447.123838 (converged)
AIC = 2566.247676
BIC = 4744.169951

count.K
9 13 4 35 18 21 

