logL = -487.716545 (converged)
AIC = 3313.433091
BIC = 6358.877038

count.K
12 20 32 11 2 13 2 0 8 

