logL = -433.511838 (converged)
AIC = 3927.023676
BIC = 7912.934061

count.K
5 6 22 9 10 17 8 6 15 2 

