logL = -273.462306 (converged)
AIC = 3266.924612
BIC = 6809.956065

count.K
8 15 10 14 6 5 7 15 12 8 

