logL = -829.671097 (converged)
AIC = 2579.342193
BIC = 3777.720479

count.K
30 30 33 7 

