logL = -1994.814520 (converged)
AIC = 4405.629039
BIC = 4947.504438

count.K
46 54 

