logL = -527.856555 (converged)
AIC = 2607.713110
BIC = 4629.325175

count.K
21 13 9 19 17 21 

