logL = -2173.950434 (converged)
AIC = 4739.900868
BIC = 5250.514225

count.K
67 33 

