logL = -1190.026065 (converged)
AIC = 5680.052131
BIC = 9978.582937

count.K
20 12 1 6 4 4 19 2 11 21 

