logL = -904.889631 (converged)
AIC = 2889.779262
BIC = 4296.571163

count.K
33 21 40 6 

