logL = -468.172668 (converged)
AIC = 2788.345336
BIC = 5200.732928

count.K
16 10 19 34 10 11 

