logL = -775.014554 (converged)
AIC = 4910.029108
BIC = 9286.715020

count.K
20 1 3 10 29 13 9 11 3 1 

