logL = -487.456876 (converged)
AIC = 3078.913751
BIC = 5819.552787

count.K
29 17 17 24 0 0 11 2 

