logL = -269.286205 (converged)
AIC = 2678.572410
BIC = 5466.104509

count.K
26 5 14 8 5 9 13 7 13 

