logL = -616.636401 (converged)
AIC = 2823.272801
BIC = 4894.383099

count.K
20 21 10 40 9 

