logL = -347.544858 (converged)
AIC = 2979.089716
BIC = 5954.194068

count.K
15 13 12 18 11 3 4 15 9 

