logL = -745.174030 (converged)
AIC = 4152.348060
BIC = 7619.829578

count.K
10 9 10 6 20 2 19 13 11 

