logL = -1462.180715 (converged)
AIC = 3702.361431
BIC = 4715.772633

count.K
19 50 31 

