logL = -721.276014 (converged)
AIC = 4462.552029
BIC = 8396.359010

count.K
5 2 17 8 13 12 7 10 21 5 

