logL = -168.958135 (converged)
AIC = 3497.916271
BIC = 7614.085165

count.K
11 8 14 1 11 0 20 18 8 9 

