logL = -248.828711 (converged)
AIC = 2299.657423
BIC = 4646.915760

count.K
3 5 21 24 21 13 13 

