logL = -1147.858226 (converged)
AIC = 3565.716453
BIC = 5219.999521

count.K
20 17 7 22 34 

