logL = -1430.352333 (converged)
AIC = 3252.704665
BIC = 3763.318022

count.K
30 70 

