logL = -2016.258405 (converged)
AIC = 4882.516810
BIC = 5989.714139

count.K
24 50 26 

