logL = -440.910525 (converged)
AIC = 3273.821050
BIC = 6389.604592

count.K
24 0 21 5 12 20 4 12 2 

