logL = -741.256939 (converged)
AIC = 4482.513879
BIC = 8390.269158

count.K
0 10 7 3 29 10 1 0 12 28 

