logL = -643.231038 (converged)
AIC = 2910.462077
BIC = 5025.860268

count.K
18 20 9 17 14 22 

