logL = -944.142648 (converged)
AIC = 4552.285295
BIC = 8022.371983

count.K
24 10 20 8 2 16 1 19 

