logL = -750.329225 (converged)
AIC = 2134.658450
BIC = 2960.497399

count.K
48 42 10 

