logL = -11659.820116 (not converged)
AIC = 23533.640233
BIC = 23812.393443

count.K
100 

