logL = -630.803118 (converged)
AIC = 3525.606236
BIC = 6474.658886

count.K
24 16 11 16 3 22 2 6 

