logL = -613.164779 (converged)
AIC = 2090.329558
BIC = 3215.763078

count.K
14 33 22 31 

