logL = -630.647478 (converged)
AIC = 3017.294955
BIC = 5304.634378

count.K
10 13 29 16 23 9 

