logL = -1701.069186 (converged)
AIC = 3842.138373
BIC = 4415.275814

count.K
34 66 

