logL = -1320.113689 (converged)
AIC = 3598.227378
BIC = 4846.103897

count.K
44 22 34 

