logL = -956.577245 (converged)
AIC = 4833.154490
BIC = 8636.702962

count.K
24 3 24 11 1 9 10 6 2 10 

