logL = -713.194148 (converged)
AIC = 2816.388296
BIC = 4626.981575

count.K
24 22 24 11 19 

