logL = -671.902419 (converged)
AIC = 2067.804838
BIC = 3010.876445

count.K
44 36 20 

