logL = -1090.809037 (converged)
AIC = 3985.618074
BIC = 6335.481582

count.K
14 17 10 9 11 39 

