logL = -1190.537089 (converged)
AIC = 5765.074178
BIC = 10173.022133

count.K
29 10 20 2 25 2 4 8 

