logL = -723.416801 (converged)
AIC = 3458.833602
BIC = 6079.634810

count.K
3 9 46 2 1 16 23 

