logL = -765.261448 (converged)
AIC = 3046.522896
BIC = 5021.241897

count.K
23 11 7 20 19 20 

