logL = -1484.212937 (converged)
AIC = 3356.425875
BIC = 3861.828891

count.K
34 66 

