logL = -727.928060 (converged)
AIC = 3151.856120
BIC = 5361.040437

count.K
14 24 9 0 46 7 

