logL = -708.414621 (converged)
AIC = 3676.829243
BIC = 6620.671553

count.K
26 6 26 12 12 18 

