logL = -342.056377 (converged)
AIC = 3094.112754
BIC = 6233.342828

count.K
8 11 8 7 4 14 21 8 19 

