logL = -247.930376 (converged)
AIC = 3095.860751
BIC = 6482.581993

count.K
1 10 10 19 7 10 7 10 23 3 

