logL = -348.728983 (converged)
AIC = 2471.457966
BIC = 4782.243921

count.K
22 10 9 10 22 7 20 

