logL = -1178.199366 (converged)
AIC = 4988.398733
BIC = 8416.802697

count.K
18 1 21 24 11 10 15 0 

