logL = -668.993032 (converged)
AIC = 3309.986064
BIC = 5878.683867

count.K
21 17 34 22 4 2 

