logL = -661.256796 (converged)
AIC = 1866.513592
BIC = 2575.119882

count.K
26 50 24 

