logL = -1220.649209 (converged)
AIC = 5041.298417
BIC = 8428.019659

count.K
6 12 17 8 14 15 22 6 

