logL = -1170.243621 (converged)
AIC = 2724.487242
BIC = 3224.679918

count.K
30 70 

