logL = -822.813102 (converged)
AIC = 3929.626204
BIC = 6904.730556

count.K
25 20 20 5 28 2 

