logL = -890.911835 (converged)
AIC = 4861.823670
BIC = 8873.785756

count.K
5 9 10 8 16 7 9 4 20 12 

