logL = -1561.621538 (converged)
AIC = 3925.243076
BIC = 4969.916321

count.K
25 32 43 

