logL = -616.390653 (converged)
AIC = 2208.781305
BIC = 3480.104356

count.K
25 19 42 14 

