logL = -2131.362181 (converged)
AIC = 4610.724363
BIC = 5064.023975

count.K
67 33 

