logL = -406.088545 (converged)
AIC = 3832.177089
BIC = 7765.984070

count.K
11 1 15 12 4 14 9 4 20 10 

