logL = -504.040636 (converged)
AIC = 1912.081273
BIC = 3089.618197

count.K
19 31 50 0 

