logL = -625.540127 (converged)
AIC = 2163.080255
BIC = 3351.037860

count.K
47 10 38 5 

