logL = -702.299634 (converged)
AIC = 2734.599267
BIC = 4467.037441

count.K
13 10 24 26 27 

