logL = -549.301317 (converged)
AIC = 2378.602634
BIC = 4045.911553

count.K
21 15 13 21 30 

