logL = -776.660941 (converged)
AIC = 2545.321882
BIC = 3837.486295

count.K
43 19 28 10 

