logL = -856.133647 (converged)
AIC = 2688.267294
BIC = 3959.590345

count.K
28 18 40 14 

