logL = -515.092511 (converged)
AIC = 2888.185022
BIC = 5308.388124

count.K
11 20 20 16 7 10 16 

