logL = -809.394891 (converged)
AIC = 3290.789781
BIC = 5468.712057

count.K
28 8 7 18 10 29 

