logL = -522.129233 (converged)
AIC = 3944.258465
BIC = 7721.755235

count.K
2 6 4 12 25 8 10 5 0 28 

