logL = -1546.481514 (converged)
AIC = 6834.963028
BIC = 11709.236446

count.K
12 10 10 6 20 4 12 11 15 

