logL = -1138.522429 (converged)
AIC = 3787.044857
BIC = 5753.948348

count.K
10 11 15 30 34 

