logL = -695.987724 (converged)
AIC = 3501.975447
BIC = 6250.429994

count.K
12 11 24 5 8 25 15 

