logL = -1613.831205 (converged)
AIC = 4539.662410
BIC = 6248.654052

count.K
29 16 30 25 

