logL = -722.706984 (converged)
AIC = 3499.413969
BIC = 6174.923750

count.K
18 11 13 14 12 7 25 

