logL = -1316.649661 (converged)
AIC = 3833.299322
BIC = 5396.401434

count.K
12 30 48 10 

