logL = -270.498488 (converged)
AIC = 3320.996975
BIC = 6942.183534

count.K
5 0 11 12 7 15 20 13 10 7 

