logL = -3200.922326 (converged)
AIC = 6885.844652
BIC = 7516.295837

count.K
60 40 

