logL = -740.574810 (converged)
AIC = 4129.149620
BIC = 7578.394946

count.K
10 18 23 13 12 2 12 10 

