logL = -969.462073 (converged)
AIC = 2310.924146
BIC = 2795.485801

count.K
77 23 

