logL = -583.333444 (converged)
AIC = 3030.666889
BIC = 5458.685502

count.K
25 8 7 10 28 22 

