logL = -848.320366 (converged)
AIC = 2504.640732
BIC = 3557.129487

count.K
50 30 20 

