logL = -621.895129 (converged)
AIC = 2393.790257
BIC = 3891.763114

count.K
2 27 27 10 34 

