logL = -264.208548 (converged)
AIC = 2452.417097
BIC = 4958.590816

count.K
20 20 31 10 10 9 

