logL = -281.694365 (converged)
AIC = 3045.388730
BIC = 6278.404930

count.K
11 9 19 2 21 1 15 12 10 

