logL = -1112.707747 (converged)
AIC = 5315.415493
BIC = 9340.403430

count.K
23 25 11 11 6 13 11 

