logL = -777.751449 (converged)
AIC = 2925.502897
BIC = 4710.044475

count.K
2 15 20 22 41 

