logL = -535.988445 (converged)
AIC = 3069.976891
BIC = 5672.541907

count.K
17 7 14 11 26 23 2 

