logL = -745.999261 (converged)
AIC = 2983.998522
BIC = 4927.455480

count.K
5 10 30 29 13 13 

