logL = -399.187272 (converged)
AIC = 1678.374543
BIC = 2824.649425

count.K
30 18 20 32 

