logL = -723.175904 (converged)
AIC = 3964.351807
BIC = 7244.261071

count.K
19 15 19 3 19 3 0 16 6 

