logL = -1760.762260 (converged)
AIC = 5865.524520
BIC = 8918.783978

count.K
20 3 36 9 12 20 

