logL = -421.188039 (converged)
AIC = 3090.376078
BIC = 6018.587367

count.K
15 0 14 12 18 6 9 3 23 

