logL = -589.260432 (converged)
AIC = 3768.520863
BIC = 7142.216254

count.K
9 12 10 12 3 7 31 7 9 

