logL = -1073.174276 (converged)
AIC = 3506.348551
BIC = 5277.864278

count.K
37 10 19 26 8 

