logL = -688.456688 (converged)
AIC = 3960.913375
BIC = 7326.793256

count.K
14 15 14 12 3 17 15 10 

