logL = -2438.498627 (converged)
AIC = 5296.997255
BIC = 5844.082994

count.K
54 46 

