logL = -1769.751344 (converged)
AIC = 3963.502688
BIC = 4515.798767

count.K
66 34 

