logL = -390.110376 (converged)
AIC = 2836.220752
BIC = 5514.335703

count.K
22 4 8 20 9 2 12 23 

