logL = -2130.221995 (converged)
AIC = 7868.443989
BIC = 12568.171005

count.K
3 10 25 20 12 13 14 3 

