logL = -1227.257808 (converged)
AIC = 3904.515616
BIC = 5793.264001

count.K
15 17 12 30 26 

