logL = -898.877745 (converged)
AIC = 3541.755490
BIC = 5813.463892

count.K
18 11 13 24 17 17 

