logL = -717.646920 (converged)
AIC = 3275.293840
BIC = 5672.050411

count.K
28 15 12 20 4 21 

