logL = -681.375154 (converged)
AIC = 3594.750308
BIC = 6502.120236

count.K
21 9 8 4 9 9 18 22 

