logL = -604.167559 (converged)
AIC = 2518.335118
BIC = 4224.721590

count.K
2 10 55 17 16 

