logL = -270.945442 (converged)
AIC = 2753.890885
BIC = 5635.209110

count.K
14 10 10 12 11 5 12 9 17 

