logL = -307.093820 (converged)
AIC = 3374.187641
BIC = 6969.322498

count.K
6 10 6 6 15 13 1 13 12 18 

