logL = -320.356144 (converged)
AIC = 3104.712288
BIC = 6314.281957

count.K
10 1 25 27 15 10 10 2 0 

