logL = -411.854736 (converged)
AIC = 3183.709472
BIC = 6257.810291

count.K
29 2 6 11 8 18 3 23 

