logL = -679.206272 (converged)
AIC = 3468.412543
BIC = 6216.867089

count.K
16 10 4 15 26 4 25 

