logL = -1458.908232 (converged)
AIC = 3289.816465
BIC = 3774.378119

count.K
57 43 

