logL = -655.906710 (converged)
AIC = 4011.813420
BIC = 7528.793171

count.K
13 11 5 11 13 9 4 3 17 14 

