logL = -884.358896 (converged)
AIC = 3878.717793
BIC = 6627.172339

count.K
15 18 12 8 17 18 12 

