logL = -200.022854 (converged)
AIC = 3740.045708
BIC = 8090.679919

count.K
21 8 10 2 19 19 0 2 9 10 

