logL = -1134.510806 (converged)
AIC = 4757.021611
BIC = 7997.853323

count.K
10 25 10 23 12 20 

