logL = -837.022997 (converged)
AIC = 2850.045994
BIC = 4381.886063

count.K
41 39 19 1 

