logL = -335.406014 (converged)
AIC = 3370.812028
BIC = 6887.791779

count.K
20 8 20 8 10 9 4 14 5 2 

