logL = -1091.059728 (converged)
AIC = 2864.119456
BIC = 3752.482490

count.K
49 19 32 

