logL = -646.234243 (converged)
AIC = 2856.468486
BIC = 4893.711571

count.K
9 23 23 25 7 13 

