logL = -347.716939 (converged)
AIC = 2151.433879
BIC = 4047.997774

count.K
15 4 28 17 9 27 

