logL = -1128.847300 (converged)
AIC = 4407.694600
BIC = 7208.252550

count.K
36 17 11 23 13 

