logL = -1250.963277 (converged)
AIC = 2909.926555
BIC = 3441.381273

count.K
31 69 

