logL = -1716.050240 (converged)
AIC = 5332.100479
BIC = 7807.012156

count.K
20 12 25 5 22 16 

