0	tsk_0	(x)	1	:	0.209279	0.000000	0.000000	0.000000	0.000000	0.000000	0.268773	0.321049	0.000000	0.200899
1	tsk_1	(x)	1	:	0.165507	0.000000	0.000000	0.000000	0.000000	0.000000	0.235076	0.354500	0.000000	0.244918
2	tsk_2	(x)	1	:	0.379245	0.000000	0.000000	0.000000	0.000000	0.000000	0.266766	0.138639	0.000000	0.215350
3	tsk_3	(x)	1	:	0.366796	0.000000	0.000000	0.000000	0.000000	0.000000	0.180774	0.188544	0.000000	0.263886
4	tsk_4	(x)	1	:	0.294158	0.000000	0.000000	0.000000	0.000000	0.000000	0.205485	0.286581	0.000000	0.213776
5	tsk_5	(x)	1	:	0.267011	0.000000	0.000000	0.000000	0.000000	0.000000	0.125150	0.380415	0.000000	0.227424
6	tsk_6	(x)	1	:	0.278508	0.000000	0.000000	0.000000	0.000000	0.000000	0.226469	0.318256	0.000000	0.176767
7	tsk_7	(x)	1	:	0.300574	0.000000	0.000000	0.000000	0.000000	0.000000	0.176165	0.310076	0.000000	0.213185
8	tsk_8	(x)	1	:	0.280193	0.000000	0.000000	0.000000	0.000000	0.000000	0.193085	0.393755	0.000000	0.132968
9	tsk_9	(x)	1	:	0.255662	0.000000	0.000000	0.000000	0.000000	0.000000	0.207279	0.292045	0.000000	0.245013
10	tsk_10	(x)	1	:	0.320845	0.000000	0.000000	0.000000	0.000000	0.000000	0.211892	0.263585	0.000000	0.203678
11	tsk_11	(x)	1	:	0.267145	0.000000	0.000000	0.000000	0.000000	0.000000	0.074933	0.276151	0.000000	0.381771
12	tsk_12	(x)	1	:	0.216547	0.000000	0.000000	0.000000	0.000000	0.000000	0.291130	0.279573	0.000000	0.212750
13	tsk_13	(x)	1	:	0.282318	0.000000	0.000000	0.000000	0.000000	0.000000	0.210763	0.267053	0.000000	0.239866
14	tsk_14	(x)	1	:	0.221052	0.000000	0.000000	0.000000	0.000000	0.000000	0.324953	0.281996	0.000000	0.171999
15	tsk_15	(x)	1	:	0.348899	0.000000	0.000000	0.000000	0.000000	0.000000	0.150075	0.335263	0.000000	0.165763
16	tsk_16	(x)	1	:	0.361012	0.000000	0.000000	0.000000	0.000000	0.000000	0.187556	0.291676	0.000000	0.159757
17	tsk_17	(x)	1	:	0.384700	0.000000	0.000000	0.000000	0.000000	0.000000	0.105460	0.341737	0.000000	0.168102
18	tsk_18	(x)	1	:	0.258662	0.000000	0.000000	0.000000	0.000000	0.000000	0.228903	0.341117	0.000000	0.171318
19	tsk_19	(x)	1	:	0.272174	0.000000	0.000000	0.000000	0.000000	0.000000	0.203051	0.257600	0.000000	0.267174
20	tsk_20	(x)	1	:	0.000000	0.000000	0.000000	0.000000	0.000000	0.000000	0.000000	0.000000	1.000000	0.000000
21	tsk_21	(x)	1	:	0.000000	0.000000	0.000000	0.000000	0.000000	0.000000	0.000000	0.000000	1.000000	0.000000
22	tsk_22	(x)	1	:	0.000000	0.000000	0.000000	0.000002	0.000000	0.000000	0.000000	0.000000	0.999998	0.000000
23	tsk_23	(x)	1	:	0.000000	0.000000	0.000000	0.000000	0.000000	0.000000	0.000000	0.000000	1.000000	0.000000
24	tsk_24	(x)	1	:	0.000000	0.000000	0.000000	0.000000	0.000000	0.000000	0.000000	0.000000	1.000000	0.000000
25	tsk_25	(x)	1	:	0.000000	0.000000	0.000000	0.000002	0.000000	0.000000	0.000000	0.000000	0.999998	0.000000
26	tsk_26	(x)	1	:	0.000000	0.000000	0.000000	0.000000	0.000000	0.000000	0.000000	0.000000	1.000000	0.000000
27	tsk_27	(x)	1	:	0.000000	0.000000	0.000000	0.000000	0.000000	0.000000	0.000000	0.000000	1.000000	0.000000
28	tsk_28	(x)	1	:	0.000000	0.000000	0.000000	0.000000	0.000000	0.000000	0.000000	0.000000	1.000000	0.000000
29	tsk_29	(x)	1	:	0.000000	0.000000	0.000000	0.000000	0.000000	0.000000	0.000000	0.000000	1.000000	0.000000
30	tsk_30	(x)	1	:	0.238878	0.000000	0.000000	0.000000	0.000000	0.000000	0.235195	0.300382	0.000000	0.225545
31	tsk_31	(x)	1	:	0.212122	0.000000	0.000000	0.000000	0.000000	0.000000	0.352087	0.269936	0.000000	0.165855
32	tsk_32	(x)	1	:	0.195772	0.000000	0.000000	0.000000	0.000000	0.000000	0.262944	0.309010	0.000000	0.232274
33	tsk_33	(x)	1	:	0.390912	0.000000	0.000000	0.000000	0.000000	0.000000	0.248002	0.245142	0.000000	0.115944
34	tsk_34	(x)	1	:	0.262685	0.000000	0.000000	0.000000	0.000000	0.000000	0.213924	0.360329	0.000000	0.163062
35	tsk_35	(x)	1	:	0.192388	0.000000	0.000000	0.000000	0.000000	0.000000	0.274166	0.383668	0.000000	0.149778
36	tsk_36	(x)	1	:	0.274758	0.000000	0.000000	0.000000	0.000000	0.000000	0.119148	0.370914	0.000000	0.235180
37	tsk_37	(x)	1	:	0.279842	0.000000	0.000000	0.000000	0.000000	0.000000	0.185091	0.377964	0.000000	0.157103
38	tsk_38	(x)	1	:	0.316667	0.000000	0.000000	0.000000	0.000000	0.000000	0.144867	0.308573	0.000000	0.229893
39	tsk_39	(x)	1	:	0.021809	0.000000	0.000000	0.878480	0.000000	0.000000	0.014990	0.039809	0.000000	0.044913
40	tsk_40	(x)	1	:	0.182612	0.000000	0.000000	0.000000	0.000000	0.000000	0.120568	0.354910	0.000000	0.341910
41	tsk_41	(x)	1	:	0.138999	0.000000	0.000000	0.000000	0.000000	0.000000	0.325558	0.290071	0.000000	0.245372
42	tsk_42	(x)	1	:	0.290966	0.000000	0.000000	0.000000	0.000000	0.000000	0.216823	0.303815	0.000000	0.188395
43	tsk_43	(x)	1	:	0.199614	0.000000	0.000000	0.000000	0.000000	0.000000	0.275038	0.279639	0.000000	0.245709
44	tsk_44	(x)	1	:	0.218148	0.000000	0.000000	0.000000	0.000000	0.000000	0.338451	0.184985	0.000000	0.258415
45	tsk_45	(x)	1	:	0.282142	0.000000	0.000000	0.000000	0.000000	0.000000	0.149682	0.405578	0.000000	0.162598
46	tsk_46	(x)	1	:	0.201672	0.000000	0.000000	0.000000	0.000000	0.000000	0.277935	0.308055	0.000000	0.212338
47	tsk_47	(x)	1	:	0.244251	0.000000	0.000000	0.000000	0.000000	0.000000	0.218272	0.382392	0.000000	0.155085
48	tsk_48	(x)	1	:	0.187419	0.000000	0.000000	0.000000	0.000000	0.000000	0.205157	0.435651	0.000000	0.171773
49	tsk_49	(x)	1	:	0.220164	0.000000	0.000000	0.000000	0.000000	0.000000	0.216633	0.250908	0.000000	0.312296
50	tsk_50	(x)	1	:	0.387065	0.000000	0.000000	0.000000	0.000000	0.000000	0.256260	0.245628	0.000000	0.111047
51	tsk_51	(x)	1	:	0.390093	0.000000	0.000000	0.000000	0.000000	0.000000	0.191232	0.234996	0.000000	0.183679
52	tsk_52	(x)	1	:	0.226290	0.000000	0.000000	0.000000	0.000000	0.000000	0.120017	0.375443	0.000000	0.278251
53	tsk_53	(x)	1	:	0.285108	0.000000	0.000000	0.000000	0.000000	0.000000	0.255210	0.191674	0.000000	0.268007
54	tsk_54	(x)	1	:	0.256812	0.000000	0.000000	0.000000	0.000000	0.000000	0.159920	0.359807	0.000000	0.223461
55	tsk_55	(x)	1	:	0.408136	0.000000	0.000000	0.000000	0.000000	0.000000	0.120500	0.376323	0.000000	0.095042
56	tsk_56	(x)	1	:	0.343240	0.000000	0.000000	0.000000	0.000000	0.000000	0.243808	0.233150	0.000000	0.179803
57	tsk_57	(x)	1	:	0.162947	0.000000	0.000000	0.000000	0.000000	0.000000	0.271694	0.324146	0.000000	0.241213
58	tsk_58	(x)	1	:	0.141026	0.000000	0.503621	0.000000	0.000000	0.000000	0.178211	0.106010	0.000000	0.071132
59	tsk_59	(x)	1	:	0.151054	0.000001	0.503621	0.000000	0.000000	0.000000	0.129833	0.120212	0.000000	0.095279
60	tsk_60	(x)	1	:	0.187582	0.000000	0.503621	0.000000	0.000000	0.000000	0.126898	0.098569	0.000000	0.083330
61	tsk_61	(x)	1	:	0.372321	0.000000	0.000000	0.000000	0.000000	0.000000	0.206967	0.316152	0.000000	0.104560
62	tsk_62	(x)	1	:	0.237642	0.000000	0.000000	0.000000	0.000000	0.000000	0.170674	0.363744	0.000000	0.227940
63	tsk_63	(x)	1	:	0.000000	0.000000	0.999972	0.000000	0.000008	0.000020	0.000000	0.000000	0.000000	0.000000
64	tsk_64	(x)	1	:	0.128621	0.000000	0.493301	0.000001	0.000232	0.002370	0.179923	0.077827	0.000000	0.117725
65	tsk_65	(x)	1	:	0.122118	0.000000	0.493219	0.000001	0.000135	0.002555	0.144177	0.102694	0.000000	0.135101
66	tsk_66	(x)	1	:	0.129994	0.000000	0.493277	0.000001	0.000211	0.002416	0.199011	0.103825	0.000000	0.071265
67	tsk_67	(x)	1	:	0.227778	0.000000	0.000000	0.000000	0.000000	0.000000	0.334332	0.259903	0.000000	0.177988
68	tsk_68	(x)	1	:	0.076826	0.000000	0.503621	0.000000	0.000000	0.000000	0.134250	0.124882	0.000000	0.160421
69	tsk_69	(x)	1	:	0.000000	0.000000	1.000000	0.000000	0.000000	0.000000	0.000000	0.000000	0.000000	0.000000
70	tsk_70	(x)	1	:	0.000000	0.000000	0.000000	0.000000	0.000000	1.000000	0.000000	0.000000	0.000000	0.000000
71	tsk_71	(x)	1	:	0.000000	0.000000	0.000000	0.000000	0.000000	1.000000	0.000000	0.000000	0.000000	0.000000
72	tsk_72	(x)	1	:	0.000000	0.000000	0.000000	0.000000	0.000000	1.000000	0.000000	0.000000	0.000000	0.000000
73	tsk_73	(x)	1	:	0.127652	0.000000	0.000000	0.000001	0.000008	0.499990	0.156577	0.111018	0.000000	0.104755
74	tsk_74	(x)	1	:	0.000000	0.000000	0.000000	0.000000	0.000000	1.000000	0.000000	0.000000	0.000000	0.000000
75	tsk_75	(x)	1	:	0.000000	0.000000	0.000000	0.000000	0.000000	1.000000	0.000000	0.000000	0.000000	0.000000
76	tsk_76	(x)	1	:	0.000000	0.000000	0.000000	0.000000	0.486649	0.513351	0.000000	0.000000	0.000000	0.000000
77	tsk_77	(x)	1	:	0.000000	0.000000	0.000000	0.000000	0.000000	1.000000	0.000000	0.000000	0.000000	0.000000
78	tsk_78	(x)	1	:	0.000000	0.000000	0.000000	0.000000	0.000000	1.000000	0.000000	0.000000	0.000000	0.000000
79	tsk_79	(x)	1	:	0.000000	0.000000	0.000000	0.000000	1.000000	0.000000	0.000000	0.000000	0.000000	0.000000
80	tsk_80	(x)	1	:	0.000000	0.500651	0.000000	0.000000	0.499282	0.000067	0.000000	0.000000	0.000000	0.000000
81	tsk_81	(x)	1	:	0.000000	0.500651	0.000000	0.000000	0.499273	0.000076	0.000000	0.000000	0.000000	0.000000
82	tsk_82	(x)	1	:	0.000000	0.500651	0.000000	0.000000	0.499286	0.000062	0.000000	0.000000	0.000000	0.000000
83	tsk_83	(x)	1	:	0.000000	1.000000	0.000000	0.000000	0.000000	0.000000	0.000000	0.000000	0.000000	0.000000
84	tsk_84	(x)	1	:	0.000000	0.500651	0.000000	0.000000	0.499279	0.000070	0.000000	0.000000	0.000000	0.000000
85	tsk_85	(x)	1	:	0.000000	0.500651	0.000000	0.000000	0.499279	0.000070	0.000000	0.000000	0.000000	0.000000
86	tsk_86	(x)	1	:	0.000000	1.000000	0.000000	0.000000	0.000000	0.000000	0.000000	0.000000	0.000000	0.000000
87	tsk_87	(x)	1	:	0.000000	0.500651	0.000000	0.000000	0.499281	0.000067	0.000000	0.000000	0.000000	0.000000
88	tsk_88	(x)	1	:	0.000000	1.000000	0.000000	0.000000	0.000000	0.000000	0.000000	0.000000	0.000000	0.000000
89	tsk_89	(x)	1	:	0.000000	0.500651	0.000000	0.000000	0.499279	0.000069	0.000000	0.000000	0.000000	0.000000
90	tsk_90	(x)	1	:	0.000000	0.000000	0.000000	0.000000	1.000000	0.000000	0.000000	0.000000	0.000000	0.000000
91	tsk_91	(x)	1	:	0.000000	0.000000	0.000000	0.000000	1.000000	0.000000	0.000000	0.000000	0.000000	0.000000
92	tsk_92	(x)	1	:	0.000000	0.000000	0.000000	0.000000	1.000000	0.000000	0.000000	0.000000	0.000000	0.000000
93	tsk_93	(x)	1	:	0.000000	0.000000	0.000000	0.000000	1.000000	0.000000	0.000000	0.000000	0.000000	0.000000
94	tsk_94	(x)	1	:	0.000000	0.000000	0.000000	0.000000	1.000000	0.000000	0.000000	0.000000	0.000000	0.000000
95	tsk_95	(x)	1	:	0.000000	0.000000	0.000000	0.000000	1.000000	0.000000	0.000000	0.000000	0.000000	0.000000
96	tsk_96	(x)	1	:	0.000000	0.000000	0.000000	0.000000	0.999993	0.000007	0.000000	0.000000	0.000000	0.000000
97	tsk_97	(x)	1	:	0.000000	0.000000	0.000000	0.000000	1.000000	0.000000	0.000000	0.000000	0.000000	0.000000
98	tsk_98	(x)	1	:	0.000000	0.000000	0.000000	0.000000	1.000000	0.000000	0.000000	0.000000	0.000000	0.000000
99	tsk_99	(x)	1	:	0.000000	0.000000	0.000000	0.000000	1.000000	0.000000	0.000000	0.000000	0.000000	0.000000
