logL = -1383.979581 (converged)
AIC = 4255.959162
BIC = 6194.205780

count.K
37 26 30 7 

