logL = -404.137870 (converged)
AIC = 2960.275739
BIC = 5763.438859

count.K
1 10 14 17 18 7 24 9 

