logL = -605.401720 (converged)
AIC = 2460.803439
BIC = 4089.034806

count.K
8 46 16 20 10 

