logL = -10276.262356 (not converged)
AIC = 20762.524712
BIC = 21036.067582

count.K
100 

