logL = -1209.848682 (converged)
AIC = 3969.697365
BIC = 5988.704259

count.K
15 13 18 12 42 

