logL = -352.688294 (converged)
AIC = 2633.376588
BIC = 5144.760648

count.K
10 16 1 26 12 5 13 17 

