logL = -984.450011 (converged)
AIC = 2668.900021
BIC = 3580.709586

count.K
4 39 57 

