logL = -749.208902 (converged)
AIC = 3570.417803
BIC = 6269.374116

count.K
27 3 7 13 15 10 10 15 

