logL = -3028.306815 (converged)
AIC = 6580.613630
BIC = 7263.168219

count.K
49 51 

