logL = -862.779455 (converged)
AIC = 3625.558909
BIC = 6100.470586

count.K
8 15 26 16 25 10 

