logL = -874.747904 (converged)
AIC = 4189.495809
BIC = 7367.803436

count.K
18 17 8 15 12 18 0 12 

