logL = -287.167016 (converged)
AIC = 2732.334031
BIC = 5543.312662

count.K
23 3 12 6 21 11 6 11 7 

