logL = -277.747756 (converged)
AIC = 2035.495512
BIC = 3963.321449

count.K
3 29 38 10 20 

