logL = -1167.969693 (converged)
AIC = 3053.939386
BIC = 3989.195483

count.K
24 36 40 

