logL = -1080.467116 (converged)
AIC = 4466.934233
BIC = 7470.695457

count.K
19 7 33 19 11 5 6 

