logL = -1125.013358 (converged)
AIC = 3322.026716
BIC = 4718.397936

count.K
10 21 44 25 

