logL = -578.362535 (converged)
AIC = 2612.725070
BIC = 4509.288966

count.K
4 13 25 3 37 18 

