logL = -1186.716618 (converged)
AIC = 5873.433236
BIC = 10432.481061

count.K
9 4 1 0 5 11 22 10 33 5 

