logL = -13452.167234 (not converged)
AIC = 27152.334469
BIC = 27475.375572

count.K
100 

