logL = -666.543895 (converged)
AIC = 4153.087790
BIC = 7826.377752

count.K
8 3 29 4 10 10 6 5 8 17 

