logL = -1132.738494 (converged)
AIC = 3995.476987
BIC = 6248.949198

count.K
35 32 17 8 8 

