logL = -1344.956296 (converged)
AIC = 3461.912591
BIC = 4467.508283

count.K
42 28 30 

