logL = -1169.320058 (converged)
AIC = 6838.640117
BIC = 12700.273035

count.K
26 13 4 4 0 15 0 9 8 21 

