logL = -470.275821 (converged)
AIC = 2756.551643
BIC = 5122.046172

count.K
4 21 4 6 15 26 24 

