logL = -2198.851129 (converged)
AIC = 5541.702258
BIC = 7031.859604

count.K
72 18 10 

