logL = -895.315668 (converged)
AIC = 2322.631336
BIC = 3015.606605

count.K
57 43 

