logL = -726.005576 (converged)
AIC = 2908.011152
BIC = 4804.575048

count.K
17 10 7 15 14 37 

