logL = -1359.630368 (converged)
AIC = 5027.260737
BIC = 8033.627131

count.K
26 8 23 11 16 16 

