logL = -1039.653437 (converged)
AIC = 3319.306874
BIC = 4934.512389

count.K
3 30 31 36 

