logL = -2150.786599 (converged)
AIC = 7475.573198
BIC = 11609.978283

count.K
3 22 1 18 9 19 28 

