logL = -557.021755 (converged)
AIC = 4154.043509
BIC = 8113.902192

count.K
6 1 19 14 10 8 17 14 11 

