logL = -1367.950589 (converged)
AIC = 3767.901177
BIC = 5112.168993

count.K
2 20 50 28 

