logL = -779.472002 (converged)
AIC = 2246.944003
BIC = 3143.122547

count.K
46 34 20 

