logL = -2158.557784 (converged)
AIC = 5389.115567
BIC = 6785.486787

count.K
26 34 40 

