logL = -370.765634 (converged)
AIC = 2113.531269
BIC = 3900.678016

count.K
12 36 5 19 12 16 

