logL = -368.528146 (converged)
AIC = 3147.056292
BIC = 6286.286366

count.K
11 5 8 8 13 3 6 38 8 

