logL = -688.956675 (converged)
AIC = 4021.913351
BIC = 7465.948336

count.K
7 9 43 2 1 8 6 23 1 

