logL = -591.202107 (converged)
AIC = 2722.404215
BIC = 4728.385258

count.K
10 21 8 43 8 10 

