logL = -284.396330 (converged)
AIC = 2996.792660
BIC = 6159.469265

count.K
11 3 3 10 20 10 7 18 18 

