logL = -392.184184 (converged)
AIC = 4164.368367
BIC = 8567.105982

count.K
4 18 10 1 1 20 9 2 18 17 

