logL = -713.588685 (converged)
AIC = 2259.177369
BIC = 3342.928167

count.K
22 17 53 8 

