0	tsk_0	(x)	1	:	0.000000	0.000000	0.000000	0.000000	0.000000	0.000000	1.000000	0.000000	0.000000	0.000000
1	tsk_1	(x)	1	:	0.000000	0.000000	0.000000	0.000000	0.000000	0.000000	0.000000	1.000000	0.000000	0.000000
2	tsk_2	(x)	1	:	0.000000	0.000000	0.000550	0.000000	0.000000	0.000000	0.000000	0.999450	0.000000	0.000000
3	tsk_3	(x)	1	:	0.000000	0.000000	0.000226	0.000000	0.000000	0.000000	0.000000	0.999774	0.000000	0.000000
4	tsk_4	(x)	1	:	0.000000	0.000000	0.000289	0.000000	0.000000	0.000000	0.000000	0.999711	0.000000	0.000000
5	tsk_5	(x)	1	:	0.000000	0.000000	0.000103	0.000000	0.000000	0.000000	0.000000	0.999897	0.000000	0.000000
6	tsk_6	(x)	1	:	0.000000	0.000000	0.000469	0.000000	0.000000	0.000000	0.000000	0.999531	0.000000	0.000000
7	tsk_7	(x)	1	:	0.000000	0.000000	0.000230	0.000000	0.000000	0.000000	0.000000	0.999770	0.000000	0.000000
8	tsk_8	(x)	1	:	0.000000	0.000000	0.000323	0.000000	0.000000	0.000000	0.000000	0.999677	0.000000	0.000000
9	tsk_9	(x)	1	:	0.000000	0.000000	0.000128	0.000000	0.000000	0.000000	0.000000	0.999871	0.000000	0.000000
10	tsk_10	(x)	1	:	0.000000	0.000000	0.000000	0.000000	0.000000	0.000000	0.000000	0.000000	1.000000	0.000000
11	tsk_11	(x)	1	:	0.000000	0.000000	0.058812	0.000000	0.000000	0.000000	0.000000	0.343760	0.597429	0.000000
12	tsk_12	(x)	1	:	0.000000	0.000000	0.565698	0.000000	0.000000	0.000000	0.000000	0.434300	0.000002	0.000000
13	tsk_13	(x)	1	:	0.000000	0.000000	0.301520	0.000000	0.000000	0.000000	0.000000	0.698474	0.000006	0.000000
14	tsk_14	(x)	1	:	0.000000	0.000000	0.058569	0.000000	0.000000	0.000000	0.000000	0.343923	0.597509	0.000000
15	tsk_15	(x)	1	:	0.000000	0.000000	0.000009	0.000000	0.000000	0.000000	0.000000	0.999991	0.000000	0.000000
16	tsk_16	(x)	1	:	0.000000	0.000000	0.000006	0.000000	0.000000	0.000000	0.000000	0.999994	0.000000	0.000000
17	tsk_17	(x)	1	:	0.000000	0.000000	0.301528	0.000000	0.000000	0.000000	0.000000	0.698467	0.000005	0.000000
18	tsk_18	(x)	1	:	0.000000	0.000000	0.000006	0.000000	0.000000	0.000000	0.000000	0.999994	0.000000	0.000000
19	tsk_19	(x)	1	:	0.000000	0.000000	0.301530	0.000000	0.000000	0.000000	0.000000	0.698464	0.000005	0.000000
20	tsk_20	(x)	1	:	0.000000	0.000000	0.000000	0.000000	0.000000	0.000000	0.000000	0.000000	1.000000	0.000000
21	tsk_21	(x)	1	:	0.000000	0.000000	0.000000	0.000000	0.000000	0.000000	0.000000	1.000000	0.000000	0.000000
22	tsk_22	(x)	1	:	0.000000	0.000000	0.001160	0.000000	0.000000	0.000000	0.000000	0.527907	0.470933	0.000000
23	tsk_23	(x)	1	:	0.000000	0.000000	0.000000	0.000000	0.000000	0.000000	0.000000	0.000000	1.000000	0.000000
24	tsk_24	(x)	1	:	0.000000	0.000000	0.000000	0.000000	0.000000	0.000000	0.000000	0.000000	1.000000	0.000000
25	tsk_25	(x)	1	:	0.000000	0.000000	0.000000	0.000000	0.000000	0.000000	0.000000	0.000000	1.000000	0.000000
26	tsk_26	(x)	1	:	0.000000	0.000000	0.000000	0.000000	0.000000	0.000000	0.000000	0.000000	1.000000	0.000000
27	tsk_27	(x)	1	:	0.000000	0.000000	0.000000	0.000000	0.000000	0.000000	0.000000	0.000000	1.000000	0.000000
28	tsk_28	(x)	1	:	0.000000	0.000000	0.000000	0.000000	0.000000	0.000000	0.000000	0.000000	1.000000	0.000000
29	tsk_29	(x)	1	:	0.000000	0.000000	0.000000	0.000000	0.000000	0.000000	0.000000	0.000000	1.000000	0.000000
30	tsk_30	(x)	1	:	0.999965	0.000000	0.000000	0.000000	0.000000	0.000000	0.000000	0.000000	0.000035	0.000000
31	tsk_31	(x)	1	:	0.545915	0.000000	0.000000	0.000000	0.000000	0.000000	0.000000	0.000000	0.454085	0.000000
32	tsk_32	(x)	1	:	1.000000	0.000000	0.000000	0.000000	0.000000	0.000000	0.000000	0.000000	0.000000	0.000000
33	tsk_33	(x)	1	:	0.999971	0.000000	0.000000	0.000000	0.000000	0.000000	0.000000	0.000000	0.000029	0.000000
34	tsk_34	(x)	1	:	0.999957	0.000000	0.000000	0.000000	0.000000	0.000000	0.000000	0.000000	0.000042	0.000000
35	tsk_35	(x)	1	:	1.000000	0.000000	0.000000	0.000000	0.000000	0.000000	0.000000	0.000000	0.000000	0.000000
36	tsk_36	(x)	1	:	1.000000	0.000000	0.000000	0.000000	0.000000	0.000000	0.000000	0.000000	0.000000	0.000000
37	tsk_37	(x)	1	:	0.999962	0.000000	0.000000	0.000000	0.000000	0.000000	0.000000	0.000000	0.000038	0.000000
38	tsk_38	(x)	1	:	0.545915	0.000000	0.000000	0.000000	0.000000	0.000000	0.000000	0.000000	0.454085	0.000000
39	tsk_39	(x)	1	:	0.999972	0.000000	0.000000	0.000000	0.000000	0.000000	0.000000	0.000000	0.000028	0.000000
40	tsk_40	(x)	1	:	0.000000	0.000000	0.999974	0.000000	0.000000	0.000000	0.000000	0.000023	0.000003	0.000000
41	tsk_41	(x)	1	:	0.000000	0.000000	0.999975	0.000000	0.000000	0.000000	0.000000	0.000022	0.000003	0.000000
42	tsk_42	(x)	1	:	0.000000	0.000000	1.000000	0.000000	0.000000	0.000000	0.000000	0.000000	0.000000	0.000000
43	tsk_43	(x)	1	:	0.000000	0.000000	0.999971	0.000000	0.000000	0.000000	0.000000	0.000024	0.000004	0.000000
44	tsk_44	(x)	1	:	0.000000	0.000000	1.000000	0.000000	0.000000	0.000000	0.000000	0.000000	0.000000	0.000000
45	tsk_45	(x)	1	:	0.000000	0.000000	0.999978	0.000000	0.000000	0.000000	0.000000	0.000019	0.000003	0.000000
46	tsk_46	(x)	1	:	0.000000	0.000000	0.999978	0.000000	0.000000	0.000000	0.000000	0.000019	0.000003	0.000000
47	tsk_47	(x)	1	:	0.000000	0.000000	0.999978	0.000000	0.000000	0.000000	0.000000	0.000019	0.000003	0.000000
48	tsk_48	(x)	1	:	0.000000	0.000000	0.999971	0.000000	0.000000	0.000000	0.000000	0.000024	0.000005	0.000000
49	tsk_49	(x)	1	:	0.000000	0.000000	1.000000	0.000000	0.000000	0.000000	0.000000	0.000000	0.000000	0.000000
50	tsk_50	(x)	1	:	0.000000	0.000000	0.999979	0.000000	0.000000	0.000000	0.000000	0.000018	0.000003	0.000000
51	tsk_51	(x)	1	:	0.000000	0.000000	0.999971	0.000000	0.000000	0.000000	0.000000	0.000025	0.000004	0.000000
52	tsk_52	(x)	1	:	0.000000	0.000000	0.999975	0.000000	0.000000	0.000000	0.000000	0.000022	0.000003	0.000000
53	tsk_53	(x)	1	:	0.000000	0.000000	0.999974	0.000000	0.000000	0.000000	0.000000	0.000023	0.000003	0.000000
54	tsk_54	(x)	1	:	0.000000	0.000000	0.999977	0.000000	0.000000	0.000000	0.000000	0.000020	0.000003	0.000000
55	tsk_55	(x)	1	:	0.000000	0.000000	0.999979	0.000000	0.000000	0.000000	0.000000	0.000018	0.000002	0.000000
56	tsk_56	(x)	1	:	0.000000	0.000000	0.999982	0.000000	0.000000	0.000000	0.000000	0.000014	0.000003	0.000000
57	tsk_57	(x)	1	:	0.000000	0.492736	0.496614	0.005156	0.005315	0.000003	0.000000	0.000173	0.000001	0.000002
58	tsk_58	(x)	1	:	0.000000	0.000000	0.999984	0.000000	0.000000	0.000000	0.000000	0.000013	0.000003	0.000000
59	tsk_59	(x)	1	:	0.000000	0.492356	0.496573	0.004287	0.006610	0.000003	0.000000	0.000166	0.000001	0.000003
60	tsk_60	(x)	1	:	0.000000	0.999932	0.000000	0.000002	0.000002	0.000059	0.000000	0.000000	0.000000	0.000005
61	tsk_61	(x)	1	:	0.000000	0.999908	0.000000	0.000001	0.000001	0.000085	0.000000	0.000000	0.000000	0.000004
62	tsk_62	(x)	1	:	0.000000	0.000000	0.000000	0.567234	0.432766	0.000000	0.000000	0.000000	0.000000	0.000000
63	tsk_63	(x)	1	:	0.000000	0.499992	0.000000	0.210594	0.289413	0.000000	0.000000	0.000000	0.000000	0.000000
64	tsk_64	(x)	1	:	0.000000	0.999930	0.000000	0.000002	0.000001	0.000061	0.000000	0.000000	0.000000	0.000006
65	tsk_65	(x)	1	:	0.000000	0.499993	0.000000	0.314722	0.185285	0.000000	0.000000	0.000000	0.000000	0.000000
66	tsk_66	(x)	1	:	0.000000	0.999928	0.000000	0.000001	0.000002	0.000062	0.000000	0.000000	0.000000	0.000007
67	tsk_67	(x)	1	:	0.000000	0.499994	0.000000	0.331176	0.168830	0.000000	0.000000	0.000000	0.000000	0.000000
68	tsk_68	(x)	1	:	0.000000	0.000000	0.000000	0.411355	0.588645	0.000000	0.000000	0.000000	0.000000	0.000000
69	tsk_69	(x)	1	:	0.000000	0.000000	0.000000	0.420709	0.579291	0.000000	0.000000	0.000000	0.000000	0.000000
70	tsk_70	(x)	1	:	0.000000	0.000002	0.000000	0.212980	0.342515	0.444381	0.000000	0.000000	0.000000	0.000122
71	tsk_71	(x)	1	:	0.000000	0.000000	0.000000	0.461136	0.538864	0.000000	0.000000	0.000000	0.000000	0.000000
72	tsk_72	(x)	1	:	0.000000	0.000000	0.000000	0.579090	0.420910	0.000000	0.000000	0.000000	0.000000	0.000000
73	tsk_73	(x)	1	:	0.000000	0.000000	0.000000	0.358859	0.641141	0.000000	0.000000	0.000000	0.000000	0.000000
74	tsk_74	(x)	1	:	0.000000	0.000000	0.000000	0.523466	0.476534	0.000000	0.000000	0.000000	0.000000	0.000000
75	tsk_75	(x)	1	:	0.000000	0.000000	0.000000	0.648145	0.351855	0.000000	0.000000	0.000000	0.000000	0.000000
76	tsk_76	(x)	1	:	0.000000	0.000000	0.000000	0.500529	0.499470	0.000000	0.000000	0.000000	0.000000	0.000001
77	tsk_77	(x)	1	:	0.000000	0.000000	0.000000	0.470224	0.529776	0.000000	0.000000	0.000000	0.000000	0.000000
78	tsk_78	(x)	1	:	0.000000	0.000000	0.000000	0.516505	0.483495	0.000000	0.000000	0.000000	0.000000	0.000000
79	tsk_79	(x)	1	:	0.000000	0.000000	0.000000	0.357999	0.642001	0.000000	0.000000	0.000000	0.000000	0.000000
80	tsk_80	(x)	1	:	0.000000	0.000000	0.000000	0.437853	0.562147	0.000000	0.000000	0.000000	0.000000	0.000000
81	tsk_81	(x)	1	:	0.000000	0.000000	0.000000	0.438618	0.561382	0.000000	0.000000	0.000000	0.000000	0.000000
82	tsk_82	(x)	1	:	0.000000	0.000000	0.000000	0.521312	0.478688	0.000000	0.000000	0.000000	0.000000	0.000000
83	tsk_83	(x)	1	:	0.000000	0.000000	0.000000	0.628579	0.371421	0.000000	0.000000	0.000000	0.000000	0.000000
84	tsk_84	(x)	1	:	0.000000	0.000000	0.000000	0.011638	0.011366	0.976969	0.000000	0.000000	0.000000	0.000027
85	tsk_85	(x)	1	:	0.000000	0.000000	0.000000	0.257956	0.216584	0.525363	0.000000	0.000000	0.000000	0.000097
86	tsk_86	(x)	1	:	0.000000	0.000000	0.000000	0.471091	0.528908	0.000000	0.000000	0.000000	0.000000	0.000000
87	tsk_87	(x)	1	:	0.000000	0.000000	0.000000	0.466489	0.533511	0.000000	0.000000	0.000000	0.000000	0.000000
88	tsk_88	(x)	1	:	0.000000	0.000000	0.000000	0.524024	0.475976	0.000000	0.000000	0.000000	0.000000	0.000000
89	tsk_89	(x)	1	:	0.000000	0.000000	0.000000	0.022977	0.021375	0.000000	0.000000	0.000000	0.000000	0.955649
90	tsk_90	(x)	1	:	0.000000	0.000000	0.000000	0.520855	0.479145	0.000000	0.000000	0.000000	0.000000	0.000000
91	tsk_91	(x)	1	:	0.000000	0.000000	0.000000	0.537520	0.462480	0.000000	0.000000	0.000000	0.000000	0.000000
92	tsk_92	(x)	1	:	0.000000	0.000000	0.000000	0.556071	0.443929	0.000000	0.000000	0.000000	0.000000	0.000000
93	tsk_93	(x)	1	:	0.000000	0.000000	0.000000	0.539783	0.460217	0.000000	0.000000	0.000000	0.000000	0.000000
94	tsk_94	(x)	1	:	0.000000	0.000000	0.000000	0.521514	0.478485	0.000000	0.000000	0.000000	0.000000	0.000000
95	tsk_95	(x)	1	:	0.000000	0.000000	0.000000	0.641945	0.358055	0.000000	0.000000	0.000000	0.000000	0.000000
96	tsk_96	(x)	1	:	0.000000	0.000000	0.000000	0.533424	0.466574	0.000000	0.000000	0.000000	0.000000	0.000001
97	tsk_97	(x)	1	:	0.000000	0.000000	0.000000	0.410218	0.589782	0.000000	0.000000	0.000000	0.000000	0.000000
98	tsk_98	(x)	1	:	0.000000	0.000000	0.000000	0.343266	0.656734	0.000000	0.000000	0.000000	0.000000	0.000000
99	tsk_99	(x)	1	:	0.000000	0.000000	0.000000	0.326873	0.673127	0.000000	0.000000	0.000000	0.000000	0.000000
