logL = -468.673286 (converged)
AIC = 2767.346572
BIC = 5151.077292

count.K
38 8 7 8 8 6 25 

