logL = -498.873557 (converged)
AIC = 2681.747115
BIC = 4875.300411

count.K
20 20 7 30 13 10 

