logL = -669.237819 (converged)
AIC = 2242.475638
BIC = 3420.012562

count.K
29 19 41 11 

