logL = -396.026633 (converged)
AIC = 3688.053266
BIC = 7460.339696

count.K
11 19 10 19 20 5 10 5 1 

