logL = -1232.921344 (converged)
AIC = 6369.842688
BIC = 11455.134891

count.K
2 9 2 2 18 10 31 15 11 

