logL = -820.613481 (converged)
AIC = 2861.226961
BIC = 4450.380775

count.K
23 19 9 36 13 

