logL = -1267.495251 (converged)
AIC = 3258.990502
BIC = 4202.062109

count.K
50 36 14 

