logL = -1083.358882 (converged)
AIC = 2578.717765
BIC = 3115.382823

count.K
79 21 

