logL = -1076.008728 (converged)
AIC = 5066.017456
BIC = 8861.750417

count.K
2 14 1 26 4 3 13 35 2 

