logL = -343.411742 (converged)
AIC = 2870.823483
BIC = 5715.669326

count.K
30 8 10 1 17 2 12 20 

