logL = -745.018410 (converged)
AIC = 2394.036820
BIC = 3571.573744

count.K
50 5 45 

