logL = -2849.874168 (converged)
AIC = 6115.748335
BIC = 6657.623734

count.K
44 56 

