logL = -592.139000 (converged)
AIC = 3272.278001
BIC = 5992.075675

count.K
21 10 16 19 3 19 12 0 

