logL = -729.659236 (converged)
AIC = 3071.318473
BIC = 5171.085643

count.K
12 9 28 26 13 12 

