logL = -656.590490 (converged)
AIC = 2913.180979
BIC = 4997.317128

count.K
40 14 16 19 11 

