logL = -484.962925 (converged)
AIC = 1961.925850
BIC = 3254.090262

count.K
36 31 19 14 

