logL = -891.911044 (converged)
AIC = 3963.822089
BIC = 6803.457591

count.K
7 14 27 20 21 8 3 

