logL = -728.864894 (converged)
AIC = 2055.729788
BIC = 2834.675674

count.K
33 15 52 

