0	tsk_0	(x)	1	:	0.000000	0.000000	0.000000	0.505758	0.000000	0.000000	0.000000	0.494242	0.000000
1	tsk_1	(x)	1	:	0.000000	0.000000	0.000000	0.496120	0.000000	0.000000	0.000000	0.503880	0.000000
2	tsk_2	(x)	1	:	0.000000	0.000000	0.000000	0.663675	0.000000	0.000000	0.000000	0.336325	0.000000
3	tsk_3	(x)	1	:	0.000000	0.000000	0.000000	0.517361	0.000000	0.000000	0.000000	0.482639	0.000000
4	tsk_4	(x)	1	:	0.000000	0.000000	0.000000	0.698485	0.000000	0.000000	0.000000	0.301515	0.000000
5	tsk_5	(x)	1	:	0.000000	0.000000	0.000000	0.336900	0.000000	0.000000	0.000000	0.663100	0.000000
6	tsk_6	(x)	1	:	0.000000	0.000000	0.000000	0.674017	0.000000	0.000000	0.000000	0.325983	0.000000
7	tsk_7	(x)	1	:	0.000000	0.000000	0.000000	0.636614	0.000000	0.000000	0.000000	0.363385	0.000000
8	tsk_8	(x)	1	:	0.000000	0.000000	0.000000	0.603697	0.000000	0.000000	0.000000	0.396302	0.000000
9	tsk_9	(x)	1	:	0.000000	0.000000	0.000000	0.386017	0.000000	0.000000	0.000000	0.613983	0.000000
10	tsk_10	(x)	1	:	0.000000	0.000000	0.000000	0.562347	0.000000	0.000000	0.000000	0.437653	0.000000
11	tsk_11	(x)	1	:	0.000000	0.000000	0.000000	0.583800	0.000000	0.000000	0.000000	0.416200	0.000000
12	tsk_12	(x)	1	:	0.000000	0.000000	0.000000	0.595304	0.000000	0.000000	0.000000	0.404696	0.000000
13	tsk_13	(x)	1	:	0.000000	0.000000	0.000000	0.459053	0.000000	0.000000	0.000000	0.540947	0.000000
14	tsk_14	(x)	1	:	0.000000	0.000000	0.000000	0.627088	0.000000	0.000000	0.000000	0.372912	0.000000
15	tsk_15	(x)	1	:	0.000000	0.000000	0.000000	0.447164	0.000000	0.000000	0.000000	0.552836	0.000000
16	tsk_16	(x)	1	:	0.000000	0.000000	0.000000	0.540527	0.000000	0.000000	0.000000	0.459473	0.000000
17	tsk_17	(x)	1	:	0.000000	0.000000	0.000000	0.624436	0.000000	0.000000	0.000000	0.375564	0.000000
18	tsk_18	(x)	1	:	0.000000	0.000000	0.000000	0.562741	0.000000	0.000000	0.000000	0.437259	0.000000
19	tsk_19	(x)	1	:	0.000000	0.000000	0.000000	0.536840	0.000000	0.000000	0.000000	0.463160	0.000000
20	tsk_20	(x)	1	:	1.000000	0.000000	0.000000	0.000000	0.000000	0.000000	0.000000	0.000000	0.000000
21	tsk_21	(x)	1	:	1.000000	0.000000	0.000000	0.000000	0.000000	0.000000	0.000000	0.000000	0.000000
22	tsk_22	(x)	1	:	1.000000	0.000000	0.000000	0.000000	0.000000	0.000000	0.000000	0.000000	0.000000
23	tsk_23	(x)	1	:	1.000000	0.000000	0.000000	0.000000	0.000000	0.000000	0.000000	0.000000	0.000000
24	tsk_24	(x)	1	:	1.000000	0.000000	0.000000	0.000000	0.000000	0.000000	0.000000	0.000000	0.000000
25	tsk_25	(x)	1	:	1.000000	0.000000	0.000000	0.000000	0.000000	0.000000	0.000000	0.000000	0.000000
26	tsk_26	(x)	1	:	1.000000	0.000000	0.000000	0.000000	0.000000	0.000000	0.000000	0.000000	0.000000
27	tsk_27	(x)	1	:	1.000000	0.000000	0.000000	0.000000	0.000000	0.000000	0.000000	0.000000	0.000000
28	tsk_28	(x)	1	:	1.000000	0.000000	0.000000	0.000000	0.000000	0.000000	0.000000	0.000000	0.000000
29	tsk_29	(x)	1	:	1.000000	0.000000	0.000000	0.000000	0.000000	0.000000	0.000000	0.000000	0.000000
30	tsk_30	(x)	1	:	0.000000	0.000000	0.000000	0.699552	0.000000	0.000000	0.000000	0.300448	0.000000
31	tsk_31	(x)	1	:	0.000000	0.000000	0.000000	0.511080	0.000000	0.000000	0.000000	0.488920	0.000000
32	tsk_32	(x)	1	:	0.000000	0.000000	0.000000	0.563292	0.000000	0.000000	0.000000	0.436708	0.000000
33	tsk_33	(x)	1	:	0.000000	0.000000	0.000000	0.433558	0.000000	0.000000	0.000000	0.566442	0.000000
34	tsk_34	(x)	1	:	0.000000	0.000000	0.000000	0.588177	0.000000	0.000000	0.000000	0.411823	0.000000
35	tsk_35	(x)	1	:	0.000000	0.000000	0.000000	0.447625	0.000000	0.000000	0.000000	0.552375	0.000000
36	tsk_36	(x)	1	:	0.000000	0.000000	0.000000	0.661342	0.000000	0.000000	0.000000	0.338658	0.000000
37	tsk_37	(x)	1	:	0.000000	0.000000	0.000000	0.501491	0.000000	0.000000	0.000000	0.498509	0.000000
38	tsk_38	(x)	1	:	0.000000	0.000000	0.000000	0.542908	0.000000	0.000000	0.000000	0.457092	0.000000
39	tsk_39	(x)	1	:	0.000000	0.000000	1.000000	0.000000	0.000000	0.000000	0.000000	0.000000	0.000000
40	tsk_40	(x)	1	:	0.000000	0.000000	0.000000	0.546887	0.000000	0.000000	0.000000	0.453113	0.000000
41	tsk_41	(x)	1	:	0.000000	0.000000	0.000000	0.386598	0.000000	0.000000	0.000000	0.613401	0.000000
42	tsk_42	(x)	1	:	0.000000	0.000000	0.000000	0.698019	0.000000	0.000000	0.000000	0.301981	0.000000
43	tsk_43	(x)	1	:	0.000000	0.000000	0.000000	0.669176	0.000000	0.000000	0.000000	0.330824	0.000000
44	tsk_44	(x)	1	:	0.000000	0.000000	0.000000	0.722611	0.000000	0.000000	0.000000	0.277389	0.000000
45	tsk_45	(x)	1	:	0.000000	0.000000	0.000000	0.496046	0.000000	0.000000	0.000000	0.503954	0.000000
46	tsk_46	(x)	1	:	0.000000	0.000000	0.000000	0.607962	0.000000	0.000000	0.000000	0.392038	0.000000
47	tsk_47	(x)	1	:	0.000000	0.000000	0.000000	0.562409	0.000000	0.000000	0.000000	0.437591	0.000000
48	tsk_48	(x)	1	:	0.000000	0.000000	0.000000	0.420813	0.000000	0.000000	0.000000	0.579187	0.000000
49	tsk_49	(x)	1	:	0.000000	0.000000	0.000000	0.481429	0.000000	0.000000	0.000000	0.518571	0.000000
50	tsk_50	(x)	1	:	0.000000	0.000000	0.000000	0.541637	0.000000	0.000000	0.000000	0.458362	0.000000
51	tsk_51	(x)	1	:	0.000000	0.000000	0.000000	0.546204	0.000000	0.000000	0.000000	0.453796	0.000000
52	tsk_52	(x)	1	:	0.000000	0.000000	0.000000	0.709506	0.000000	0.000000	0.000000	0.290494	0.000000
53	tsk_53	(x)	1	:	0.000000	0.000000	0.000000	0.695928	0.000000	0.000000	0.000000	0.304071	0.000000
54	tsk_54	(x)	1	:	0.000000	0.000000	0.000000	0.678147	0.000000	0.000000	0.000000	0.321853	0.000000
55	tsk_55	(x)	1	:	0.000000	0.000000	0.000000	0.444221	0.000000	0.000000	0.000000	0.555779	0.000000
56	tsk_56	(x)	1	:	0.000000	0.000000	0.000000	0.679379	0.000000	0.000000	0.000000	0.320621	0.000000
57	tsk_57	(x)	1	:	0.000000	0.000000	0.000000	0.581601	0.000000	0.000000	0.000000	0.418399	0.000000
58	tsk_58	(x)	1	:	0.000000	0.503594	0.000000	0.203368	0.000000	0.000000	0.000000	0.293038	0.000000
59	tsk_59	(x)	1	:	0.000000	0.503585	0.000000	0.261927	0.000000	0.000000	0.000000	0.234488	0.000000
60	tsk_60	(x)	1	:	0.000000	0.503582	0.000000	0.304162	0.000000	0.000000	0.000000	0.192256	0.000000
61	tsk_61	(x)	1	:	0.000000	0.000000	0.000000	0.605056	0.000000	0.000000	0.000000	0.394944	0.000000
62	tsk_62	(x)	1	:	0.000000	0.000000	0.000000	0.580885	0.000000	0.000000	0.000000	0.419115	0.000000
63	tsk_63	(x)	1	:	0.000000	1.000000	0.000000	0.000000	0.000000	0.000000	0.000000	0.000000	0.000000
64	tsk_64	(x)	1	:	0.000000	0.495687	0.000000	0.255327	0.000000	0.000000	0.000000	0.248985	0.000000
65	tsk_65	(x)	1	:	0.000000	0.495682	0.000000	0.236885	0.000000	0.000000	0.000000	0.267433	0.000000
66	tsk_66	(x)	1	:	0.000000	0.495680	0.000000	0.281719	0.000000	0.000000	0.000000	0.222600	0.000000
67	tsk_67	(x)	1	:	0.000000	0.000000	0.000000	0.458891	0.000000	0.000000	0.000000	0.541109	0.000000
68	tsk_68	(x)	1	:	0.000000	0.503588	0.000000	0.238174	0.000000	0.000000	0.000000	0.258238	0.000000
69	tsk_69	(x)	1	:	0.000000	1.000000	0.000000	0.000000	0.000000	0.000000	0.000000	0.000000	0.000000
70	tsk_70	(x)	1	:	0.000000	0.000000	0.000000	0.000000	0.000000	0.000000	0.000000	0.000000	1.000000
71	tsk_71	(x)	1	:	0.000000	0.000000	0.000000	0.000000	0.000000	0.000000	0.000000	0.000000	1.000000
72	tsk_72	(x)	1	:	0.000000	0.000000	0.000000	0.000000	0.000000	0.000000	0.000000	0.000000	1.000000
73	tsk_73	(x)	1	:	0.000000	0.000000	0.000000	0.203025	0.000000	0.000000	0.000000	0.296976	0.499999
74	tsk_74	(x)	1	:	0.000000	0.000000	0.000000	0.000000	0.000000	0.000000	0.000000	0.000000	1.000000
75	tsk_75	(x)	1	:	0.000000	0.000000	0.000000	0.000000	0.000000	0.000000	0.000000	0.000000	1.000000
76	tsk_76	(x)	1	:	0.000000	0.000000	0.000000	0.000000	0.501299	0.000000	0.000000	0.000000	0.498701
77	tsk_77	(x)	1	:	0.000000	0.000000	0.000000	0.000000	0.000000	0.000000	0.000000	0.000000	1.000000
78	tsk_78	(x)	1	:	0.000000	0.000000	0.000000	0.000000	0.000000	0.000000	0.000000	0.000000	1.000000
79	tsk_79	(x)	1	:	0.000000	0.000000	0.000000	0.000000	1.000000	0.000000	0.000000	0.000000	0.000000
80	tsk_80	(x)	1	:	0.000000	0.000000	0.000000	0.000000	0.500009	0.000000	0.499991	0.000000	0.000000
81	tsk_81	(x)	1	:	0.000000	0.000000	0.000000	0.000000	0.500010	0.000000	0.499990	0.000000	0.000000
82	tsk_82	(x)	1	:	0.000000	0.000000	0.000000	0.000000	0.500004	0.000000	0.499995	0.000000	0.000000
83	tsk_83	(x)	1	:	0.000000	0.000000	0.000000	0.000000	0.000000	0.000000	1.000000	0.000000	0.000000
84	tsk_84	(x)	1	:	0.000000	0.000000	0.000000	0.000000	0.500022	0.000000	0.499977	0.000000	0.000000
85	tsk_85	(x)	1	:	0.000000	0.000000	0.000000	0.000000	0.500002	0.000000	0.499998	0.000000	0.000000
86	tsk_86	(x)	1	:	0.000000	0.000000	0.000000	0.000000	0.000000	0.000000	1.000000	0.000000	0.000000
87	tsk_87	(x)	1	:	0.000000	0.000000	0.000000	0.000000	0.500002	0.000000	0.499998	0.000000	0.000000
88	tsk_88	(x)	1	:	0.000000	0.000000	0.000000	0.000000	0.000000	0.000000	1.000000	0.000000	0.000000
89	tsk_89	(x)	1	:	0.000000	0.000000	0.000000	0.000000	0.500006	0.000000	0.499994	0.000000	0.000000
90	tsk_90	(x)	1	:	0.000000	0.000000	0.000000	0.000000	1.000000	0.000000	0.000000	0.000000	0.000000
91	tsk_91	(x)	1	:	0.000000	0.000000	0.000000	0.000000	1.000000	0.000000	0.000000	0.000000	0.000000
92	tsk_92	(x)	1	:	0.000000	0.000000	0.000000	0.000000	1.000000	0.000000	0.000000	0.000000	0.000000
93	tsk_93	(x)	1	:	0.000000	0.000000	0.000000	0.000000	0.000000	1.000000	0.000000	0.000000	0.000000
94	tsk_94	(x)	1	:	0.000000	0.000000	0.000000	0.000000	1.000000	0.000000	0.000000	0.000000	0.000000
95	tsk_95	(x)	1	:	0.000000	0.000000	0.000000	0.000000	1.000000	0.000000	0.000000	0.000000	0.000000
96	tsk_96	(x)	1	:	0.000000	0.000000	0.000000	0.000000	1.000000	0.000000	0.000000	0.000000	0.000000
97	tsk_97	(x)	1	:	0.000000	0.000000	0.000000	0.000000	1.000000	0.000000	0.000000	0.000000	0.000000
98	tsk_98	(x)	1	:	0.000000	0.000000	0.000000	0.000000	0.500000	0.500000	0.000000	0.000000	0.000000
99	tsk_99	(x)	1	:	0.000000	0.000000	0.000000	0.000000	1.000000	0.000000	0.000000	0.000000	0.000000
