logL = -1354.031925 (converged)
AIC = 3188.063850
BIC = 3813.304695

count.K
33 67 

