logL = -495.519673 (converged)
AIC = 2135.039345
BIC = 3625.196692

count.K
24 30 20 26 

