logL = -1724.432232 (converged)
AIC = 5828.864464
BIC = 8929.016986

count.K
20 16 7 29 18 10 

