logL = -1303.525319 (converged)
AIC = 2995.050638
BIC = 3500.453654

count.K
22 78 

