logL = -705.623856 (converged)
AIC = 2741.247712
BIC = 4473.685886

count.K
10 10 15 39 26 

