logL = -1162.845687 (converged)
AIC = 6605.691374
BIC = 12180.755572

count.K
43 1 1 0 2 3 13 6 20 11 

