logL = -1304.735372 (converged)
AIC = 4359.470744
BIC = 6638.994657

count.K
17 5 39 23 16 

