logL = -658.988237 (converged)
AIC = 4377.976474
BIC = 8363.886859

count.K
20 10 16 1 12 4 3 14 13 7 

