logL = -1831.268418 (converged)
AIC = 5272.536836
BIC = 7369.698836

count.K
17 3 36 23 21 

