logL = -504.095618 (converged)
AIC = 3160.191236
BIC = 5963.354356

count.K
20 7 10 16 16 11 20 0 

