logL = -1454.911960 (converged)
AIC = 6525.823920
BIC = 11235.971616

count.K
9 4 7 4 9 12 22 6 27 

