logL = -1021.383393 (converged)
AIC = 3242.766785
BIC = 4805.868897

count.K
8 27 35 30 

