logL = -394.150868 (converged)
AIC = 2956.301737
BIC = 5780.306218

count.K
5 17 3 17 8 10 17 23 

