logL = -1285.463174 (converged)
AIC = 5106.926347
BIC = 8410.282143

count.K
10 18 11 28 14 19 

