logL = -274.918212 (converged)
AIC = 3069.836425
BIC = 6352.350859

count.K
0 1 5 2 12 9 10 37 6 18 

