logL = -1823.285967 (converged)
AIC = 5166.571934
BIC = 7146.501275

count.K
21 10 36 33 

