logL = -690.978369 (converged)
AIC = 4481.956737
BIC = 8519.970526

count.K
9 13 24 5 8 13 3 0 21 4 

