logL = -798.468003 (converged)
AIC = 2004.936007
BIC = 2536.390725

count.K
40 60 

