logL = -1122.213995 (converged)
AIC = 3588.427991
BIC = 5339.102356

count.K
22 44 24 10 

