logL = -360.195782 (converged)
AIC = 2200.391564
BIC = 4128.217502

count.K
1 16 3 12 28 40 

