logL = -485.877846 (converged)
AIC = 1875.755692
BIC = 3053.292616

count.K
31 15 27 27 

