logL = -571.741779 (converged)
AIC = 3151.483558
BIC = 5767.074425

count.K
11 19 1 35 1 13 4 16 

