logL = -224.920228 (converged)
AIC = 2265.840455
BIC = 4631.334984

count.K
10 20 20 27 15 8 

