logL = -725.742488 (converged)
AIC = 3267.484976
BIC = 5632.979505

count.K
30 12 9 20 21 8 

