logL = -794.674738 (converged)
AIC = 4287.349476
BIC = 7801.724057

count.K
9 18 5 0 33 19 16 

