logL = -1604.655435 (converged)
AIC = 4681.310870
BIC = 6598.716127

count.K
23 4 31 42 

