logL = -795.228171 (converged)
AIC = 4498.456341
BIC = 8286.373792

count.K
17 6 0 2 15 25 35 

