logL = -342.087930 (converged)
AIC = 3844.175861
BIC = 7960.344754

count.K
2 14 10 5 11 15 14 13 8 8 

