logL = -623.758359 (converged)
AIC = 2617.516718
BIC = 4402.058296

count.K
10 37 25 18 10 

