logL = -1443.025202 (converged)
AIC = 5528.050405
BIC = 8969.480220

count.K
2 9 17 16 31 16 9 

