0	tsk_0	(x)	1	:	0.000000	0.000000	0.000000	0.000000	0.000000	0.000000	0.000000	0.470446	0.000000	0.529553
1	tsk_1	(x)	1	:	0.000000	0.000000	0.454873	0.000000	0.000000	0.000000	0.000000	0.231386	0.000000	0.313741
2	tsk_2	(x)	1	:	0.000000	0.000000	0.000000	0.000000	0.000000	0.000000	0.000000	0.305879	0.000000	0.694121
3	tsk_3	(x)	1	:	0.000000	0.000000	0.704291	0.000000	0.000000	0.000000	0.000000	0.052294	0.000000	0.243415
4	tsk_4	(x)	1	:	0.000000	0.000000	0.000000	0.000000	0.000000	0.000000	0.000000	0.432426	0.000000	0.567574
5	tsk_5	(x)	1	:	0.000000	0.000000	0.000000	0.000000	0.000000	0.000000	0.000000	0.554139	0.000000	0.445861
6	tsk_6	(x)	1	:	0.000000	0.000000	0.000000	0.000000	0.000000	0.000000	0.000000	0.602528	0.000000	0.397472
7	tsk_7	(x)	1	:	0.000000	0.000000	0.000000	0.000000	0.000000	0.000000	0.000000	0.533232	0.000000	0.466768
8	tsk_8	(x)	1	:	0.000000	0.000000	0.567667	0.000000	0.000000	0.000000	0.000000	0.219588	0.000000	0.212745
9	tsk_9	(x)	1	:	0.000000	0.000000	0.000000	0.000000	0.000000	0.000000	0.000000	0.610412	0.000000	0.389588
10	tsk_10	(x)	1	:	0.000000	0.000000	0.000000	0.000000	0.000000	0.000000	0.000000	0.356678	0.000000	0.643322
11	tsk_11	(x)	1	:	0.000000	0.000000	0.000000	0.000000	0.000000	0.000000	0.000000	0.000000	1.000000	0.000000
12	tsk_12	(x)	1	:	0.000000	0.000000	0.000000	0.000000	0.000000	0.000000	0.000000	0.427170	0.000000	0.572830
13	tsk_13	(x)	1	:	0.000000	0.000000	0.000000	0.000000	0.000000	0.000000	0.000000	0.120110	0.378129	0.501760
14	tsk_14	(x)	1	:	0.000000	0.000000	0.000000	0.000000	0.000000	0.000000	0.000000	0.471219	0.000000	0.528781
15	tsk_15	(x)	1	:	0.000000	0.000000	0.000000	0.000000	0.000000	0.000000	0.000000	0.135373	0.378072	0.486555
16	tsk_16	(x)	1	:	0.000000	0.000000	0.000000	0.000000	0.000000	0.000000	0.000000	0.658253	0.000000	0.341747
17	tsk_17	(x)	1	:	0.000000	0.000000	0.000000	0.000000	0.000000	0.000000	0.000000	0.496404	0.000000	0.503596
18	tsk_18	(x)	1	:	0.000000	0.000000	0.000000	0.000000	0.000000	0.000000	0.000000	0.191480	0.378118	0.430402
19	tsk_19	(x)	1	:	0.000000	0.000000	0.000000	0.000000	0.000000	0.000000	0.000000	0.221002	0.378143	0.400855
20	tsk_20	(x)	1	:	0.000000	0.000000	0.000000	0.000000	0.000000	0.000000	0.000000	0.316904	0.000000	0.683096
21	tsk_21	(x)	1	:	0.000000	0.000000	0.000000	0.000000	0.000000	0.000000	0.000000	0.528195	0.000000	0.471804
22	tsk_22	(x)	1	:	0.000000	0.000000	0.000000	0.000000	0.000000	0.000000	0.000000	0.457802	0.000000	0.542198
23	tsk_23	(x)	1	:	0.000000	0.000000	0.000000	0.000000	0.000000	0.000000	0.000000	0.335281	0.000000	0.664719
24	tsk_24	(x)	1	:	0.000000	0.000000	0.000000	0.000000	0.000000	0.000000	0.000000	0.495570	0.000000	0.504430
25	tsk_25	(x)	1	:	0.000000	0.000000	0.000000	0.000000	0.000000	0.000000	0.000000	0.350217	0.000000	0.649783
26	tsk_26	(x)	1	:	0.000000	0.000000	0.000000	0.000000	0.000000	0.000000	0.000000	0.495763	0.000000	0.504237
27	tsk_27	(x)	1	:	0.000000	0.000000	0.000000	0.000000	0.000000	0.000000	0.000000	0.720365	0.000000	0.279634
28	tsk_28	(x)	1	:	0.000000	0.000000	0.000000	0.000000	0.000000	0.000000	0.000000	0.592625	0.000000	0.407375
29	tsk_29	(x)	1	:	0.000000	0.000000	0.000000	0.000000	0.000000	0.000000	0.000000	0.674368	0.000000	0.325632
30	tsk_30	(x)	1	:	0.000000	0.000000	0.000000	0.000000	0.000000	0.000000	0.000000	0.474053	0.000000	0.525947
31	tsk_31	(x)	1	:	0.000000	0.000000	0.000000	0.000000	0.000000	0.000000	0.000000	0.520785	0.000000	0.479215
32	tsk_32	(x)	1	:	0.000000	0.000000	0.000000	0.000000	0.000000	0.000000	0.000000	0.442339	0.000000	0.557661
33	tsk_33	(x)	1	:	0.000000	0.000000	0.000000	0.000000	0.000000	0.000000	0.000000	0.614239	0.000000	0.385761
34	tsk_34	(x)	1	:	0.000000	0.000000	0.000000	0.000000	0.000000	0.000000	0.000000	0.452010	0.000000	0.547990
35	tsk_35	(x)	1	:	0.000000	0.000000	0.000000	0.000000	0.000000	0.000000	0.000000	0.577563	0.000000	0.422437
36	tsk_36	(x)	1	:	0.000000	0.000000	0.000000	0.000000	0.000000	0.000000	0.000000	0.555518	0.000000	0.444482
37	tsk_37	(x)	1	:	0.000000	0.000000	0.000000	0.000000	0.000000	0.000000	0.000000	0.653093	0.000000	0.346907
38	tsk_38	(x)	1	:	0.000000	0.000000	0.000000	0.000000	0.000000	0.000000	0.000000	0.495752	0.000000	0.504248
39	tsk_39	(x)	1	:	0.000000	0.000000	0.000000	0.000000	0.000000	0.327059	0.000000	0.371812	0.000000	0.301128
40	tsk_40	(x)	1	:	0.000000	0.000000	0.000000	0.000000	0.000000	0.000000	0.000000	0.539768	0.000000	0.460232
41	tsk_41	(x)	1	:	0.000000	0.000000	0.000000	0.000000	0.000000	0.000000	0.000000	0.373410	0.000000	0.626590
42	tsk_42	(x)	1	:	0.000000	0.000000	0.000000	0.000000	0.000000	0.000000	0.000000	0.429778	0.000000	0.570222
43	tsk_43	(x)	1	:	0.000000	0.000000	0.000000	0.000000	0.000000	0.000000	0.000000	0.496595	0.000000	0.503405
44	tsk_44	(x)	1	:	0.000000	0.000000	0.000000	0.000000	0.000000	0.000000	0.984978	0.013457	0.000003	0.001562
45	tsk_45	(x)	1	:	0.000000	0.000000	0.000000	0.000000	0.000000	0.000000	0.000000	0.457119	0.000000	0.542880
46	tsk_46	(x)	1	:	0.000000	0.000000	0.000000	0.000000	0.000000	0.000000	0.985447	0.013349	0.000002	0.001201
47	tsk_47	(x)	1	:	0.000000	0.000000	0.000000	0.000000	0.000000	0.000000	0.000000	0.375180	0.286014	0.338805
48	tsk_48	(x)	1	:	0.000000	0.000000	0.000000	0.000000	0.000000	0.000000	0.000000	0.654263	0.000000	0.345737
49	tsk_49	(x)	1	:	0.000000	0.000000	0.000000	0.000000	0.000000	0.000000	0.000000	0.292493	0.286035	0.421472
50	tsk_50	(x)	1	:	0.000000	0.000000	0.000000	1.000000	0.000000	0.000000	0.000000	0.000000	0.000000	0.000000
51	tsk_51	(x)	1	:	0.000000	0.000000	0.000000	1.000000	0.000000	0.000000	0.000000	0.000000	0.000000	0.000000
52	tsk_52	(x)	1	:	0.000000	0.000000	0.000000	1.000000	0.000000	0.000000	0.000000	0.000000	0.000000	0.000000
53	tsk_53	(x)	1	:	0.000000	0.000000	0.000000	0.499999	0.000000	0.000000	0.000000	0.237221	0.000000	0.262779
54	tsk_54	(x)	1	:	0.000000	0.000000	0.000000	0.499999	0.000000	0.000000	0.000000	0.179298	0.000000	0.320703
55	tsk_55	(x)	1	:	0.000000	0.000000	0.000000	1.000000	0.000000	0.000000	0.000000	0.000000	0.000000	0.000000
56	tsk_56	(x)	1	:	0.000000	0.000000	0.000000	1.000000	0.000000	0.000000	0.000000	0.000000	0.000000	0.000000
57	tsk_57	(x)	1	:	0.000000	0.000000	0.000000	1.000000	0.000000	0.000000	0.000000	0.000000	0.000000	0.000000
58	tsk_58	(x)	1	:	0.000000	0.000000	0.000000	1.000000	0.000000	0.000000	0.000000	0.000000	0.000000	0.000000
59	tsk_59	(x)	1	:	0.000000	0.011385	0.000000	0.497897	0.488754	0.000000	0.000000	0.001167	0.000000	0.000797
60	tsk_60	(x)	1	:	0.000000	0.000000	0.000000	0.000000	0.000000	0.000000	0.000000	0.495539	0.000000	0.504461
61	tsk_61	(x)	1	:	0.000000	0.000000	0.000000	0.000000	0.000000	0.000000	0.000000	0.495548	0.000000	0.504452
62	tsk_62	(x)	1	:	0.000000	0.000000	0.000000	0.000000	0.000000	0.999995	0.000005	0.000000	0.000000	0.000000
63	tsk_63	(x)	1	:	0.000000	0.000000	0.000000	0.499070	0.000000	0.475579	0.000000	0.009040	0.000001	0.016311
64	tsk_64	(x)	1	:	0.000000	0.000000	0.000000	0.000000	0.000000	0.000000	0.000000	0.660787	0.000000	0.339213
65	tsk_65	(x)	1	:	0.000000	0.000000	0.000000	0.000000	0.000000	0.478418	0.000000	0.397711	0.000000	0.123870
66	tsk_66	(x)	1	:	0.000000	0.000000	0.000000	0.000000	0.000000	0.000000	0.000000	0.520877	0.000000	0.479123
67	tsk_67	(x)	1	:	0.000000	0.000000	0.000000	0.000000	0.000000	0.000000	0.000000	0.642192	0.000000	0.357808
68	tsk_68	(x)	1	:	0.000000	0.000000	0.000000	0.000000	0.000000	0.478411	0.000000	0.219939	0.000000	0.301650
69	tsk_69	(x)	1	:	0.000000	0.000000	0.000000	0.000000	0.000000	0.999996	0.000004	0.000000	0.000000	0.000000
70	tsk_70	(x)	1	:	0.000000	0.000000	0.000000	0.000000	0.999999	0.000000	0.000000	0.000000	0.000000	0.000000
71	tsk_71	(x)	1	:	0.000000	0.000001	0.000000	0.000000	0.999999	0.000000	0.000000	0.000000	0.000000	0.000000
72	tsk_72	(x)	1	:	0.000000	0.000000	0.000000	0.000000	0.000000	0.999996	0.000004	0.000000	0.000000	0.000000
73	tsk_73	(x)	1	:	0.000000	0.000000	0.000000	0.000000	0.000000	0.999994	0.000005	0.000000	0.000000	0.000000
74	tsk_74	(x)	1	:	0.000000	0.009178	0.379988	0.000000	0.491136	0.000000	0.000000	0.077303	0.000000	0.042395
75	tsk_75	(x)	1	:	0.000000	0.000000	0.000000	0.000000	0.999999	0.000000	0.000000	0.000000	0.000000	0.000000
76	tsk_76	(x)	1	:	0.000000	0.000001	0.000000	0.000000	0.999999	0.000000	0.000000	0.000000	0.000000	0.000000
77	tsk_77	(x)	1	:	0.000000	0.000001	0.000000	0.000000	0.999999	0.000000	0.000000	0.000000	0.000000	0.000000
78	tsk_78	(x)	1	:	0.000000	0.000001	0.000000	0.000000	0.999999	0.000000	0.000000	0.000000	0.000000	0.000000
79	tsk_79	(x)	1	:	0.000000	0.000001	0.000000	0.000000	0.999999	0.000000	0.000000	0.000000	0.000000	0.000000
80	tsk_80	(x)	1	:	0.000000	0.007768	0.503442	0.000000	0.488787	0.000001	0.000002	0.000000	0.000001	0.000000
81	tsk_81	(x)	1	:	0.000002	0.000000	0.999989	0.000000	0.000000	0.000000	0.000001	0.000007	0.000000	0.000001
82	tsk_82	(x)	1	:	0.000000	0.010436	0.379613	0.000000	0.489903	0.000000	0.000000	0.077916	0.000000	0.042132
83	tsk_83	(x)	1	:	0.625336	0.000000	0.374639	0.000000	0.000000	0.000000	0.000005	0.000009	0.000001	0.000010
84	tsk_84	(x)	1	:	0.000001	0.000000	0.999997	0.000000	0.000000	0.000000	0.000000	0.000000	0.000002	0.000000
85	tsk_85	(x)	1	:	0.000000	0.000000	0.999998	0.000000	0.000000	0.000001	0.000000	0.000000	0.000001	0.000000
86	tsk_86	(x)	1	:	0.000000	0.000000	0.999996	0.000000	0.000000	0.000001	0.000000	0.000000	0.000002	0.000000
87	tsk_87	(x)	1	:	0.000000	0.000000	0.999998	0.000000	0.000000	0.000001	0.000000	0.000000	0.000002	0.000000
88	tsk_88	(x)	1	:	1.000000	0.000000	0.000000	0.000000	0.000000	0.000000	0.000000	0.000000	0.000000	0.000000
89	tsk_89	(x)	1	:	0.000002	0.000000	0.999989	0.000000	0.000000	0.000000	0.000000	0.000007	0.000000	0.000001
90	tsk_90	(x)	1	:	0.000000	0.500044	0.379524	0.000000	0.000000	0.000000	0.000000	0.080195	0.000000	0.040237
91	tsk_91	(x)	1	:	0.000000	1.000000	0.000000	0.000000	0.000000	0.000000	0.000000	0.000000	0.000000	0.000000
92	tsk_92	(x)	1	:	0.000000	0.000000	0.999997	0.000000	0.000000	0.000001	0.000000	0.000000	0.000002	0.000000
93	tsk_93	(x)	1	:	0.000000	0.000000	0.999998	0.000000	0.000000	0.000000	0.000000	0.000000	0.000002	0.000000
94	tsk_94	(x)	1	:	0.000000	1.000000	0.000000	0.000000	0.000000	0.000000	0.000000	0.000000	0.000000	0.000000
95	tsk_95	(x)	1	:	0.000000	0.500061	0.380194	0.000000	0.000000	0.000000	0.000000	0.064889	0.000000	0.054856
96	tsk_96	(x)	1	:	0.000000	0.500056	0.380015	0.000000	0.000000	0.000000	0.000000	0.061822	0.000000	0.058107
97	tsk_97	(x)	1	:	0.000000	0.500049	0.379722	0.000000	0.000000	0.000000	0.000000	0.077836	0.000000	0.042393
98	tsk_98	(x)	1	:	0.000000	1.000000	0.000000	0.000000	0.000000	0.000000	0.000000	0.000000	0.000000	0.000000
99	tsk_99	(x)	1	:	0.000000	1.000000	0.000000	0.000000	0.000000	0.000000	0.000000	0.000000	0.000000	0.000000
