logL = -391.249642 (converged)
AIC = 1892.499284
BIC = 3338.368738

count.K
19 22 35 12 12 

