logL = -2318.607233 (converged)
AIC = 5145.214465
BIC = 5806.927693

count.K
45 55 

