logL = -1705.343639 (converged)
AIC = 5946.687278
BIC = 9250.043073

count.K
37 0 6 33 12 7 5 0 

