logL = -1464.234108 (converged)
AIC = 3706.468216
BIC = 4719.879419

count.K
10 35 55 

