logL = -799.941026 (converged)
AIC = 2809.882052
BIC = 4386.010015

count.K
32 13 15 10 30 

