logL = -3878.822824 (converged)
AIC = 8405.645647
BIC = 9249.720788

count.K
54 46 

