logL = -323.442237 (converged)
AIC = 1994.884475
BIC = 3750.769180

count.K
20 9 14 25 15 17 

