logL = -1804.345279 (converged)
AIC = 5104.690557
BIC = 7053.357856

count.K
20 20 26 34 

