logL = -925.372420 (converged)
AIC = 2496.744839
BIC = 3338.214810

count.K
10 30 60 

