logL = -1833.689085 (converged)
AIC = 4183.378170
BIC = 4855.512078

count.K
39 61 

