logL = -324.785311 (converged)
AIC = 3309.570622
BIC = 6774.446969

count.K
10 1 2 24 18 2 3 18 13 9 

