logL = -965.523227 (converged)
AIC = 2625.046454
BIC = 3529.040508

count.K
42 18 40 

