logL = -662.146929 (converged)
AIC = 3994.293858
BIC = 7472.196057

count.K
18 23 5 23 15 12 4 

