logL = -493.782439 (converged)
AIC = 3651.564878
BIC = 7121.651566

count.K
30 21 19 1 5 9 15 0 

