logL = -1887.498961 (converged)
AIC = 4402.997921
BIC = 5221.021360

count.K
50 50 

