logL = -463.816520 (converged)
AIC = 2347.633040
BIC = 4197.303872

count.K
3 2 14 28 33 20 

