logL = -738.104651 (converged)
AIC = 2460.209303
BIC = 3741.953034

count.K
14 32 20 34 

