logL = -4503.671560 (converged)
AIC = 9719.343119
BIC = 10646.783706

count.K
35 65 

