logL = -872.920557 (converged)
AIC = 3681.841114
BIC = 6203.645854

count.K
29 14 16 4 17 20 

