logL = -349.069888 (converged)
AIC = 3358.139776
BIC = 6823.016123

count.K
11 8 0 19 21 7 12 1 12 9 

