logL = -4241.505721 (converged)
AIC = 9103.011442
BIC = 9910.614199

count.K
50 50 

