logL = -434.162526 (converged)
AIC = 2058.325053
BIC = 3608.401314

count.K
13 12 21 26 28 

