logL = -1068.329043 (converged)
AIC = 3072.658085
BIC = 4291.877732

count.K
35 17 34 14 

