logL = -461.197921 (converged)
AIC = 2906.395842
BIC = 5490.724666

count.K
1 9 19 19 11 14 27 

