logL = -538.728979 (converged)
AIC = 3005.457959
BIC = 5516.842018

count.K
22 13 21 11 7 5 21 

