logL = -710.340238 (converged)
AIC = 5360.680477
BIC = 10492.865743

count.K
23 2 16 4 10 15 11 8 11 0 

