logL = -566.155654 (converged)
AIC = 4332.311307
BIC = 8500.583605

count.K
2 11 12 11 8 13 25 5 7 6 

