logL = -375.980507 (converged)
AIC = 2287.961014
BIC = 4288.731717

count.K
22 5 5 15 12 21 20 

