logL = -2514.926876 (converged)
AIC = 5465.853751
BIC = 6033.780852

count.K
53 47 

