logL = -1130.985325 (converged)
AIC = 4881.970651
BIC = 8294.743595

count.K
13 6 4 32 22 23 

