logL = -538.959471 (converged)
AIC = 2437.918941
BIC = 4209.434668

count.K
21 19 27 19 14 

