logL = -1182.717273 (converged)
AIC = 5205.434546
BIC = 8904.776210

count.K
3 7 15 5 21 27 17 5 

