logL = -864.016238 (converged)
AIC = 2368.032476
BIC = 3201.686935

count.K
20 40 40 

