logL = -598.254846 (converged)
AIC = 3460.509691
BIC = 6409.562342

count.K
12 11 20 10 10 11 17 9 

