logL = -658.298132 (converged)
AIC = 3024.596265
BIC = 5249.411604

count.K
5 11 19 24 19 22 

