logL = -915.093943 (converged)
AIC = 2190.187887
BIC = 2659.118520

count.K
47 53 

