0	tsk_0	(x)	1	:	0.000000	0.000000	0.564130	0.000000	0.000000	0.000000	0.435870	0.000000
1	tsk_1	(x)	1	:	0.000000	0.000000	1.000000	0.000000	0.000000	0.000000	0.000000	0.000000
2	tsk_2	(x)	1	:	0.000000	0.000000	1.000000	0.000000	0.000000	0.000000	0.000000	0.000000
3	tsk_3	(x)	1	:	0.000000	0.000000	1.000000	0.000000	0.000000	0.000000	0.000000	0.000000
4	tsk_4	(x)	1	:	0.000000	0.000000	1.000000	0.000000	0.000000	0.000000	0.000000	0.000000
5	tsk_5	(x)	1	:	0.000000	0.000000	1.000000	0.000000	0.000000	0.000000	0.000000	0.000000
6	tsk_6	(x)	1	:	0.000000	0.000000	1.000000	0.000000	0.000000	0.000000	0.000000	0.000000
7	tsk_7	(x)	1	:	0.000000	0.000000	1.000000	0.000000	0.000000	0.000000	0.000000	0.000000
8	tsk_8	(x)	1	:	0.000000	0.000000	1.000000	0.000000	0.000000	0.000000	0.000000	0.000000
9	tsk_9	(x)	1	:	0.000000	0.000000	1.000000	0.000000	0.000000	0.000000	0.000000	0.000000
10	tsk_10	(x)	1	:	0.000000	0.000000	0.000000	0.000000	0.000000	0.000000	1.000000	0.000000
11	tsk_11	(x)	1	:	0.000000	0.000000	0.505523	0.000000	0.000000	0.000000	0.494477	0.000000
12	tsk_12	(x)	1	:	0.000000	0.000000	0.387505	0.000000	0.000000	0.000000	0.612495	0.000000
13	tsk_13	(x)	1	:	0.000000	0.000000	1.000000	0.000000	0.000000	0.000000	0.000000	0.000000
14	tsk_14	(x)	1	:	0.000000	0.000000	0.000000	0.000000	0.000000	0.000000	1.000000	0.000000
15	tsk_15	(x)	1	:	0.000000	0.000000	0.450581	0.000000	0.000000	0.000000	0.549419	0.000000
16	tsk_16	(x)	1	:	0.000000	0.000000	0.566815	0.000000	0.000000	0.000000	0.433185	0.000000
17	tsk_17	(x)	1	:	0.000000	0.000000	0.505523	0.000000	0.000000	0.000000	0.494477	0.000000
18	tsk_18	(x)	1	:	0.000000	0.000000	0.387505	0.000000	0.000000	0.000000	0.612495	0.000000
19	tsk_19	(x)	1	:	0.000000	0.000000	0.505523	0.000000	0.000000	0.000000	0.494477	0.000000
20	tsk_20	(x)	1	:	0.000000	0.000000	0.000000	0.000000	0.000000	0.000000	1.000000	0.000000
21	tsk_21	(x)	1	:	0.000000	0.263709	0.506537	0.000000	0.000000	0.050441	0.000000	0.179312
22	tsk_22	(x)	1	:	0.000000	0.000000	0.000000	0.000000	0.000000	0.000000	1.000000	0.000000
23	tsk_23	(x)	1	:	0.000000	0.000000	0.505948	0.000000	0.000000	0.000000	0.494051	0.000000
24	tsk_24	(x)	1	:	0.000000	0.244416	0.000000	0.000000	0.000000	0.067423	0.494183	0.193979
25	tsk_25	(x)	1	:	0.000000	0.000000	0.000000	0.000000	0.000000	0.920935	0.000000	0.079065
26	tsk_26	(x)	1	:	0.000000	0.140197	0.498590	0.000000	0.000000	0.144849	0.000000	0.216365
27	tsk_27	(x)	1	:	0.000000	0.000000	0.505523	0.000000	0.000000	0.000000	0.494477	0.000000
28	tsk_28	(x)	1	:	0.000000	0.000000	0.000000	0.000000	0.000000	0.000000	1.000000	0.000000
29	tsk_29	(x)	1	:	0.000000	0.000000	0.536678	0.000000	0.000000	0.000000	0.463322	0.000000
30	tsk_30	(x)	1	:	0.000000	0.215993	0.000000	0.000000	0.000000	0.061658	0.497948	0.224402
31	tsk_31	(x)	1	:	0.000000	0.106315	0.000000	0.000000	0.000000	0.624775	0.000000	0.268910
32	tsk_32	(x)	1	:	0.000000	0.321934	0.000000	0.000000	0.000000	0.039511	0.494183	0.144372
33	tsk_33	(x)	1	:	0.000000	0.000000	0.000000	0.000000	0.000000	0.000000	1.000000	0.000000
34	tsk_34	(x)	1	:	0.000000	0.000000	0.000000	0.000000	0.000000	0.000000	1.000000	0.000000
35	tsk_35	(x)	1	:	0.000000	0.088747	0.000000	0.000000	0.000000	0.868089	0.000000	0.043164
36	tsk_36	(x)	1	:	0.000000	0.130911	0.000000	0.000000	0.000000	0.672459	0.000000	0.196629
37	tsk_37	(x)	1	:	0.000000	0.000000	0.000000	0.000000	0.000000	0.000000	1.000000	0.000000
38	tsk_38	(x)	1	:	0.000000	0.299399	0.000000	0.000000	0.000000	0.028314	0.497948	0.174340
39	tsk_39	(x)	1	:	0.000000	0.285200	0.000000	0.000000	0.000000	0.057361	0.497948	0.159492
40	tsk_40	(x)	1	:	0.000000	0.128263	0.000000	0.000000	0.000000	0.753793	0.000000	0.117944
41	tsk_41	(x)	1	:	0.000000	0.030946	0.000000	0.000000	0.000000	0.704200	0.000000	0.264854
42	tsk_42	(x)	1	:	0.000000	0.048993	0.000000	0.000000	0.000000	0.776261	0.000000	0.174746
43	tsk_43	(x)	1	:	0.000000	0.170122	0.000000	0.000000	0.000000	0.644248	0.000000	0.185630
44	tsk_44	(x)	1	:	0.000000	0.157264	0.000000	0.000000	0.000000	0.628167	0.000000	0.214569
45	tsk_45	(x)	1	:	0.000000	0.071371	0.000000	0.000000	0.000000	0.782234	0.000000	0.146395
46	tsk_46	(x)	1	:	0.000000	0.052146	0.000000	0.000000	0.000000	0.737281	0.000000	0.210573
47	tsk_47	(x)	1	:	0.000000	0.068944	0.000000	0.000000	0.000000	0.846573	0.000000	0.084483
48	tsk_48	(x)	1	:	0.000000	0.121418	0.000000	0.000000	0.000000	0.772302	0.000000	0.106281
49	tsk_49	(x)	1	:	0.000000	0.077254	0.000000	0.000000	0.000000	0.715463	0.000000	0.207284
50	tsk_50	(x)	1	:	0.000000	0.149200	0.000000	0.000000	0.000000	0.625454	0.000000	0.225346
51	tsk_51	(x)	1	:	0.000000	0.038024	0.000000	0.000000	0.000000	0.730653	0.000000	0.231323
52	tsk_52	(x)	1	:	0.000000	0.048334	0.000000	0.000000	0.000000	0.718268	0.000000	0.233398
53	tsk_53	(x)	1	:	0.000000	0.000000	0.000000	0.000000	0.000000	0.827876	0.000000	0.172124
54	tsk_54	(x)	1	:	0.000000	0.050264	0.000000	0.000000	0.000000	0.875735	0.000000	0.074001
55	tsk_55	(x)	1	:	0.000000	0.125015	0.000000	0.000000	0.000000	0.560660	0.000000	0.314325
56	tsk_56	(x)	1	:	0.000000	0.218070	0.000000	0.000000	0.000000	0.528304	0.000000	0.253625
57	tsk_57	(x)	1	:	0.000000	0.104117	0.000000	0.000000	0.000000	0.666659	0.000000	0.229224
58	tsk_58	(x)	1	:	0.000000	0.063784	0.000000	0.000000	0.000000	0.694266	0.000000	0.241950
59	tsk_59	(x)	1	:	0.000000	0.135816	0.000000	0.000000	0.000000	0.718429	0.000000	0.145755
60	tsk_60	(x)	1	:	0.000000	0.048667	0.000000	0.000000	0.000000	0.919680	0.000000	0.031653
61	tsk_61	(x)	1	:	0.000000	0.119191	0.000000	0.000000	0.000000	0.775712	0.000000	0.105096
62	tsk_62	(x)	1	:	0.000000	0.025982	0.000000	0.000000	0.000000	0.758483	0.000000	0.215535
63	tsk_63	(x)	1	:	0.000000	0.094159	0.000000	0.000000	0.000000	0.639159	0.000000	0.266682
64	tsk_64	(x)	1	:	0.000000	0.028099	0.000000	0.000000	0.000000	0.898374	0.000000	0.073527
65	tsk_65	(x)	1	:	0.000000	0.182354	0.000000	0.000000	0.000000	0.652268	0.000000	0.165378
66	tsk_66	(x)	1	:	0.000000	0.045507	0.000000	0.000000	0.000000	0.756965	0.000000	0.197528
67	tsk_67	(x)	1	:	0.000000	0.089541	0.000000	0.000000	0.000000	0.843442	0.000000	0.067017
68	tsk_68	(x)	1	:	0.000000	0.068495	0.000000	0.000000	0.000000	0.806058	0.000000	0.125447
69	tsk_69	(x)	1	:	0.000000	0.064670	0.000000	0.000000	0.000000	0.765954	0.000000	0.169376
70	tsk_70	(x)	1	:	0.000000	0.072970	0.000000	0.000000	0.000000	0.804720	0.000000	0.122310
71	tsk_71	(x)	1	:	0.000000	0.000000	0.000000	0.000000	0.475633	0.450101	0.000000	0.074267
72	tsk_72	(x)	1	:	0.000000	0.024207	0.000000	0.000000	0.475633	0.469930	0.000000	0.030230
73	tsk_73	(x)	1	:	0.000000	0.172560	0.000000	0.000000	0.000000	0.759742	0.000000	0.067698
74	tsk_74	(x)	1	:	0.000000	0.017479	0.000000	0.000000	0.475633	0.404674	0.000000	0.102214
75	tsk_75	(x)	1	:	0.000000	0.111110	0.000000	0.000000	0.138310	0.524688	0.000000	0.225892
76	tsk_76	(x)	1	:	0.000000	0.054785	0.000000	0.000000	0.000000	0.781148	0.000000	0.164067
77	tsk_77	(x)	1	:	0.000000	0.039557	0.000000	0.000000	0.475633	0.416162	0.000000	0.068648
78	tsk_78	(x)	1	:	0.000000	0.038127	0.000000	0.000000	0.475633	0.384639	0.000000	0.101602
79	tsk_79	(x)	1	:	0.000000	0.070252	0.000000	0.000000	0.138310	0.542091	0.000000	0.249346
80	tsk_80	(x)	1	:	0.000000	0.000000	0.000000	1.000000	0.000000	0.000000	0.000000	0.000000
81	tsk_81	(x)	1	:	0.000000	0.000000	0.000000	0.557095	0.442905	0.000000	0.000000	0.000000
82	tsk_82	(x)	1	:	0.000000	0.043026	0.000000	0.661918	0.000000	0.247521	0.000000	0.047535
83	tsk_83	(x)	1	:	0.000000	0.000000	0.000000	1.000000	0.000000	0.000000	0.000000	0.000000
84	tsk_84	(x)	1	:	0.000000	0.030391	0.000000	0.661918	0.000000	0.277711	0.000000	0.029980
85	tsk_85	(x)	1	:	0.000000	0.000095	0.000000	0.999179	0.000000	0.000618	0.000000	0.000108
86	tsk_86	(x)	1	:	0.000000	0.043561	0.000000	0.000000	0.475633	0.393893	0.000000	0.086913
87	tsk_87	(x)	1	:	0.000000	0.133756	0.000000	0.000000	0.000000	0.588520	0.000000	0.277724
88	tsk_88	(x)	1	:	0.000000	0.065132	0.000000	0.388008	0.000000	0.445266	0.000000	0.101593
89	tsk_89	(x)	1	:	0.000000	0.000106	0.000000	0.999178	0.000000	0.000544	0.000000	0.000172
90	tsk_90	(x)	1	:	1.000000	0.000000	0.000000	0.000000	0.000000	0.000000	0.000000	0.000000
91	tsk_91	(x)	1	:	1.000000	0.000000	0.000000	0.000000	0.000000	0.000000	0.000000	0.000000
92	tsk_92	(x)	1	:	1.000000	0.000000	0.000000	0.000000	0.000000	0.000000	0.000000	0.000000
93	tsk_93	(x)	1	:	1.000000	0.000000	0.000000	0.000000	0.000000	0.000000	0.000000	0.000000
94	tsk_94	(x)	1	:	1.000000	0.000000	0.000000	0.000000	0.000000	0.000000	0.000000	0.000000
95	tsk_95	(x)	1	:	1.000000	0.000000	0.000000	0.000000	0.000000	0.000000	0.000000	0.000000
96	tsk_96	(x)	1	:	1.000000	0.000000	0.000000	0.000000	0.000000	0.000000	0.000000	0.000000
97	tsk_97	(x)	1	:	1.000000	0.000000	0.000000	0.000000	0.000000	0.000000	0.000000	0.000000
98	tsk_98	(x)	1	:	1.000000	0.000000	0.000000	0.000000	0.000000	0.000000	0.000000	0.000000
99	tsk_99	(x)	1	:	1.000000	0.000000	0.000000	0.000000	0.000000	0.000000	0.000000	0.000000
