logL = -368.494339 (converged)
AIC = 2168.988679
BIC = 4034.290532

count.K
23 31 1 1 25 19 

