logL = -857.713067 (converged)
AIC = 4915.426133
BIC = 9083.698431

count.K
20 16 4 4 20 4 21 4 2 5 

