logL = -675.417335 (converged)
AIC = 3094.834671
BIC = 5366.543073

count.K
9 14 26 18 14 19 

