logL = -2448.590092 (converged)
AIC = 5397.180184
BIC = 6048.472730

count.K
76 24 

