logL = -618.900452 (converged)
AIC = 2837.800904
BIC = 4921.937053

count.K
5 23 22 10 20 20 

