logL = -455.899381 (converged)
AIC = 2535.798762
BIC = 4651.196953

count.K
1 30 20 18 20 11 

