logL = -1656.838664 (converged)
AIC = 4043.677327
BIC = 4994.564445

count.K
6 53 41 

