logL = -822.917075 (converged)
AIC = 2875.834150
BIC = 4478.013814

count.K
7 30 23 20 20 

