logL = -1947.411206 (converged)
AIC = 5554.822412
BIC = 7717.113666

count.K
18 32 27 12 11 

