logL = -1086.772260 (converged)
AIC = 3215.544520
BIC = 4572.838187

count.K
22 28 50 

