logL = -567.130612 (converged)
AIC = 2454.261224
BIC = 4173.673547

count.K
11 26 31 21 11 

