logL = -3038.416499 (converged)
AIC = 7780.832999
BIC = 10000.437997

count.K
15 13 42 30 

