logL = -1146.321029 (converged)
AIC = 3516.642058
BIC = 5111.006212

count.K
20 37 29 14 

