logL = -882.241898 (converged)
AIC = 5944.483796
BIC = 11389.289484

count.K
11 10 18 7 12 10 3 13 9 7 

