logL = -859.654215 (converged)
AIC = 2899.308431
BIC = 4436.358840

count.K
31 11 5 24 29 

