logL = -1429.177558 (converged)
AIC = 3564.355116
BIC = 4483.980192

count.K
12 49 39 

