logL = -475.535130 (converged)
AIC = 3415.070260
BIC = 6624.639929

count.K
7 7 14 19 19 11 7 5 11 

