logL = -2345.706296 (converged)
AIC = 5607.412592
BIC = 6800.580538

count.K
18 59 23 

