logL = -778.311152 (converged)
AIC = 2500.622303
BIC = 3730.262631

count.K
24 23 24 29 

