logL = -659.134568 (converged)
AIC = 2608.269137
BIC = 4288.603907

count.K
13 31 11 26 19 

