logL = -245.487723 (converged)
AIC = 1934.975447
BIC = 3815.908321

count.K
9 24 28 27 1 11 

