logL = -1026.308970 (converged)
AIC = 3092.617939
BIC = 4447.306436

count.K
39 12 42 7 

