logL = -1188.409034 (converged)
AIC = 2796.818069
BIC = 3343.903808

count.K
58 42 

