logL = -2972.330999 (converged)
AIC = 6604.661997
BIC = 7464.368159

count.K
20 80 

