logL = -1151.300974 (converged)
AIC = 2710.601947
BIC = 3242.056665

count.K
42 58 

