logL = -524.398787 (converged)
AIC = 3264.797574
BIC = 6151.326140

count.K
12 5 24 10 8 14 18 9 

