logL = -1354.843064 (converged)
AIC = 6289.686128
BIC = 10952.940760

count.K
3 16 19 7 9 21 1 16 7 1 

