logL = -703.906171 (converged)
AIC = 2727.812343
BIC = 4447.224666

count.K
19 31 22 18 10 

