logL = -661.148047 (converged)
AIC = 2552.296093
BIC = 4154.475758

count.K
7 28 21 34 10 

