logL = -1233.551004 (converged)
AIC = 5417.102007
BIC = 9259.728032

count.K
22 2 20 21 1 18 4 1 11 

