logL = -1245.727079 (converged)
AIC = 3779.454159
BIC = 5457.183759

count.K
9 31 23 37 

