logL = -427.587812 (converged)
AIC = 3775.175625
BIC = 7578.724096

count.K
18 13 5 4 18 1 12 7 21 1 

