logL = -491.337360 (converged)
AIC = 3902.674720
BIC = 7706.223192

count.K
2 10 19 3 16 7 2 2 3 36 

