logL = -943.063340 (converged)
AIC = 2622.126681
BIC = 3580.829309

count.K
50 29 21 

