logL = -385.820779 (converged)
AIC = 2323.641558
BIC = 4345.253622

count.K
10 15 10 11 20 34 

