logL = -577.477488 (converged)
AIC = 4054.954977
BIC = 7832.451747

count.K
10 3 3 9 7 28 9 7 12 12 

