logL = -2483.569582 (converged)
AIC = 5395.139163
BIC = 5952.645583

count.K
66 34 

