logL = -2080.618763 (converged)
AIC = 8299.237525
BIC = 13689.334640

count.K
5 10 13 28 0 14 5 10 15 

