logL = -505.694452 (converged)
AIC = 3037.388904
BIC = 5676.426303

count.K
24 14 12 19 10 10 11 

