logL = -642.767586 (converged)
AIC = 2565.535172
BIC = 4232.844091

count.K
26 19 30 18 7 

