logL = -1064.323651 (converged)
AIC = 3508.647301
BIC = 5306.214730

count.K
10 27 24 10 29 

