logL = -1008.783536 (converged)
AIC = 3347.567072
BIC = 5080.005246

count.K
20 10 11 34 25 

