logL = -658.447578 (converged)
AIC = 2548.895156
BIC = 4153.679990

count.K
30 21 40 9 

