logL = -741.707962 (converged)
AIC = 4163.415924
BIC = 7654.343973

count.K
19 2 30 12 10 7 0 11 9 

