logL = -1584.654296 (converged)
AIC = 6473.308591
BIC = 10777.049738

count.K
17 22 20 12 7 8 2 12 

