logL = -502.530918 (converged)
AIC = 2095.061837
BIC = 3514.879588

count.K
0 25 18 25 32 

