logL = -1572.984474 (converged)
AIC = 3929.968949
BIC = 4951.195662

count.K
24 34 42 

