logL = -1659.697241 (converged)
AIC = 4253.394481
BIC = 5470.008958

count.K
49 26 25 

