logL = -1583.226940 (converged)
AIC = 3558.453880
BIC = 4069.067237

count.K
80 20 

