logL = -744.933615 (converged)
AIC = 3269.867231
BIC = 5588.468696

count.K
31 8 21 10 12 18 

