logL = -934.354455 (converged)
AIC = 4404.708910
BIC = 7708.064705

count.K
20 11 12 19 3 10 15 10 

