logL = -647.249626 (converged)
AIC = 2870.499251
BIC = 4923.373358

count.K
20 20 4 10 19 27 

