logL = -659.360631 (converged)
AIC = 2894.721262
BIC = 4947.595369

count.K
14 28 6 35 3 14 

