logL = -929.993774 (converged)
AIC = 2295.987549
BIC = 2863.914650

count.K
50 50 

