logL = -432.039524 (converged)
AIC = 3000.079049
BIC = 5782.400807

count.K
17 2 7 22 9 19 13 11 

