logL = -1803.835247 (converged)
AIC = 5177.670493
BIC = 7222.729089

count.K
10 11 6 34 39 

