logL = -481.357614 (converged)
AIC = 2848.715229
BIC = 5305.390714

count.K
16 13 11 19 11 13 17 

