logL = -403.853423 (converged)
AIC = 3181.706846
BIC = 6274.043857

count.K
17 6 10 6 21 6 8 17 9 

