logL = -636.859922 (converged)
AIC = 4373.719843
BIC = 8411.733632

count.K
2 13 11 10 9 16 4 6 14 15 

