logL = -923.217396 (converged)
AIC = 2684.434792
BIC = 3776.001100

count.K
39 20 41 

