logL = -981.371205 (converged)
AIC = 3946.742411
BIC = 6531.071235

count.K
11 8 10 37 7 17 10 

