logL = -196.321642 (converged)
AIC = 2892.643284
BIC = 6149.106017

count.K
3 2 16 14 9 2 12 14 11 17 

