logL = -489.401017 (converged)
AIC = 2864.802033
BIC = 5321.477519

count.K
1 23 12 15 15 16 18 

