logL = -1441.160169 (converged)
AIC = 3294.320338
BIC = 3830.985396

count.K
40 60 

