logL = -336.037555 (converged)
AIC = 3672.075111
BIC = 7579.830390

count.K
1 6 23 2 18 3 7 6 23 11 

