logL = -2474.392599 (converged)
AIC = 5368.785198
BIC = 5915.870937

count.K
34 66 

