logL = -286.124196 (converged)
AIC = 1340.248393
BIC = 2340.633744

count.K
38 16 16 30 

