logL = -668.486330 (converged)
AIC = 4052.972659
BIC = 7590.793772

count.K
6 10 18 10 11 21 9 2 13 

