logL = -193.816967 (converged)
AIC = 2875.633934
BIC = 6116.465645

count.K
15 2 15 5 29 19 5 10 

