logL = -705.793056 (converged)
AIC = 2881.586113
BIC = 4796.386200

count.K
5 16 28 40 11 

