logL = -543.640232 (converged)
AIC = 3057.280464
BIC = 5623.373098

count.K
22 26 8 12 6 13 13 

