logL = -1268.279482 (converged)
AIC = 4436.558964
BIC = 6911.470641

count.K
9 21 23 8 19 20 

