logL = -431.382936 (converged)
AIC = 2720.765873
BIC = 5140.968976

count.K
7 18 25 4 14 11 21 

