logL = -536.611316 (converged)
AIC = 4473.222633
BIC = 8902.011949

count.K
0 10 3 3 16 26 11 2 11 18 

