logL = -1920.462382 (converged)
AIC = 4260.924763
BIC = 4808.010503

count.K
67 33 

