logL = -862.033589 (converged)
AIC = 2352.067179
BIC = 3170.090617

count.K
45 13 42 

