logL = -971.291700 (converged)
AIC = 4472.583400
BIC = 7768.123685

count.K
16 27 12 9 11 5 20 

