logL = -1901.816666 (converged)
AIC = 4207.633333
BIC = 4733.877710

count.K
61 39 

