logL = -2875.587946 (converged)
AIC = 6163.175893
BIC = 6699.840951

count.K
35 65 

