logL = -727.234954 (converged)
AIC = 4814.469909
BIC = 9191.155821

count.K
6 17 12 0 10 13 10 2 23 7 

