logL = -524.127893 (converged)
AIC = 3764.255787
BIC = 7302.076899

count.K
17 15 10 19 9 9 4 9 8 

