logL = -1377.386415 (converged)
AIC = 3146.772830
BIC = 3657.386187

count.K
86 14 

