logL = -2101.042935 (converged)
AIC = 5118.085870
BIC = 6311.253816

count.K
72 18 10 

