logL = -792.827833 (converged)
AIC = 2641.655665
BIC = 4017.185524

count.K
14 37 13 36 

