logL = -280.235186 (converged)
AIC = 2130.470372
BIC = 4175.528968

count.K
18 20 30 22 10 

