logL = -887.390919 (converged)
AIC = 2758.781839
BIC = 4040.525570

count.K
39 16 25 20 

