logL = -619.183035 (converged)
AIC = 2982.366071
BIC = 5254.074473

count.K
17 19 21 13 20 10 

