logL = -738.092937 (converged)
AIC = 3390.185874
BIC = 5883.333742

count.K
3 22 19 18 15 6 17 

