logL = -1262.971622 (converged)
AIC = 3661.943244
BIC = 5141.679910

count.K
26 9 25 40 

