logL = -383.708051 (converged)
AIC = 2999.416101
BIC = 5906.786029

count.K
10 11 11 17 14 9 27 1 

