logL = -1215.984744 (converged)
AIC = 2955.969487
BIC = 3638.524076

count.K
60 40 

