logL = -514.244548 (converged)
AIC = 3484.489096
BIC = 6683.638084

count.K
13 4 19 10 10 10 3 31 

