logL = -986.315201 (converged)
AIC = 3752.630403
BIC = 6071.231868

count.K
18 0 8 27 18 29 

