logL = -847.187150 (converged)
AIC = 2526.374300
BIC = 3610.125098

count.K
38 32 30 

