logL = -1222.346266 (converged)
AIC = 3540.692532
BIC = 4968.325794

count.K
20 10 9 61 

