logL = -198.877979 (converged)
AIC = 2389.755959
BIC = 4984.505464

count.K
3 11 27 1 1 28 7 22 

