logL = -1300.717576 (converged)
AIC = 4991.435153
BIC = 8104.613525

count.K
1 5 5 19 32 15 23 

