logL = -2326.169784 (converged)
AIC = 5152.339567
BIC = 5803.632114

count.K
87 13 

