logL = -308.676356 (converged)
AIC = 3177.352712
BIC = 6511.970550

count.K
0 15 13 16 16 6 9 15 5 5 

