logL = -1356.340972 (converged)
AIC = 3084.681944
BIC = 3569.243598

count.K
42 58 

