logL = -1752.134530 (converged)
AIC = 5204.269060
BIC = 7418.663718

count.K
40 18 19 17 6 

