logL = -2329.404337 (converged)
AIC = 5062.808674
BIC = 5589.053051

count.K
58 42 

