logL = -2133.287509 (converged)
AIC = 5380.575018
BIC = 6831.654812

count.K
49 20 31 

