logL = -1051.165873 (converged)
AIC = 4352.331747
BIC = 7283.148206

count.K
12 18 6 14 27 10 13 

