logL = -421.637243 (converged)
AIC = 3523.274485
BIC = 7014.202534

count.K
5 2 2 10 5 2 28 26 15 5 

