logL = -225.709876 (converged)
AIC = 1703.419751
BIC = 3334.256288

count.K
26 11 16 19 17 11 

