logL = -1138.838415 (converged)
AIC = 4247.676830
BIC = 6813.769463

count.K
16 17 11 17 0 10 29 

