logL = -574.266991 (converged)
AIC = 2908.533982
BIC = 5201.083746

count.K
10 13 21 17 9 17 13 

