logL = -563.080238 (converged)
AIC = 2558.160476
BIC = 4423.462329

count.K
3 9 15 40 20 13 

