logL = -565.997899 (converged)
AIC = 4027.995798
BIC = 7800.282227

count.K
21 0 30 15 8 14 3 6 3 

