logL = -281.679930 (converged)
AIC = 2937.359860
BIC = 6029.696871

count.K
9 10 27 23 6 10 3 7 5 

