logL = -1746.105799 (converged)
AIC = 4444.211598
BIC = 5684.272606

count.K
8 65 27 

