logL = -389.300420 (converged)
AIC = 1908.600840
BIC = 3380.521995

count.K
22 32 11 21 14 

