logL = -1232.816322 (converged)
AIC = 6825.632645
BIC = 12504.903650

count.K
16 20 22 2 9 6 0 7 11 7 

