logL = -1061.964241 (converged)
AIC = 3493.928481
BIC = 5278.470058

count.K
11 26 9 30 24 

