logL = -1682.105773 (converged)
AIC = 6784.211545
BIC = 11239.052563

count.K
13 12 13 12 9 9 0 9 3 20 

