logL = -736.241040 (converged)
AIC = 2416.482081
BIC = 3646.122408

count.K
10 32 37 21 

