logL = -269.068533 (converged)
AIC = 3018.137065
BIC = 6248.548096

count.K
1 6 1 16 5 14 21 14 6 16 

