logL = -1396.339529 (converged)
AIC = 3224.679058
BIC = 3787.395818

count.K
79 21 

