logL = -1222.351970 (converged)
AIC = 3628.703939
BIC = 5170.964689

count.K
30 27 40 3 

