logL = -717.447277 (converged)
AIC = 3718.894554
BIC = 6693.998907

count.K
21 12 33 0 11 11 1 11 0 

