logL = -812.828605 (converged)
AIC = 1985.657209
BIC = 2454.587843

count.K
38 62 

