logL = -1277.861881 (converged)
AIC = 3905.723762
BIC = 5664.213637

count.K
28 31 23 8 10 

