logL = -535.184071 (converged)
AIC = 3770.368142
BIC = 7287.347894

count.K
12 2 18 8 6 18 10 16 0 10 

