logL = -514.653798 (converged)
AIC = 4149.307596
BIC = 8213.373086

count.K
3 9 13 6 14 24 6 5 1 19 

