logL = -416.708576 (converged)
AIC = 1933.417152
BIC = 3366.260754

count.K
17 22 27 12 22 

