logL = -647.176867 (converged)
AIC = 3014.353733
BIC = 5254.800093

count.K
9 10 15 22 19 25 

