logL = -2139.850354 (converged)
AIC = 4915.700707
BIC = 5744.144827

count.K
28 72 

