logL = -696.845065 (converged)
AIC = 2201.690130
BIC = 3254.178885

count.K
41 39 20 

