logL = -1739.594403 (converged)
AIC = 6429.188806
BIC = 10271.814831

count.K
14 5 27 24 0 8 8 11 3 

