logL = -529.530407 (converged)
AIC = 2973.060814
BIC = 5466.208682

count.K
11 11 2 3 14 10 49 

