logL = -950.625605 (converged)
AIC = 5205.251209
BIC = 9508.992357

count.K
18 7 13 4 12 20 9 17 

