logL = -1110.208381 (converged)
AIC = 3250.416763
BIC = 4592.079409

count.K
12 50 38 

