logL = -510.443069 (converged)
AIC = 3840.886139
BIC = 7514.176101

count.K
10 44 6 0 2 7 3 17 10 1 

