logL = -454.278944 (converged)
AIC = 2682.557887
BIC = 4993.343842

count.K
11 28 7 12 21 20 1 

