logL = -587.088137 (converged)
AIC = 3728.176275
BIC = 7054.978602

count.K
22 2 3 14 1 8 1 10 39 

