logL = -757.005182 (converged)
AIC = 2714.010364
BIC = 4277.112475

count.K
21 20 20 26 13 

