logL = -2025.107399 (converged)
AIC = 7378.214798
BIC = 11713.217988

count.K
2 13 14 27 11 8 9 11 5 

