logL = -542.765323 (converged)
AIC = 2721.530646
BIC = 4852.559858

count.K
10 19 20 11 17 23 

