logL = -482.978345 (converged)
AIC = 2285.956691
BIC = 4005.369013

count.K
19 20 30 27 4 

