logL = -389.055862 (converged)
AIC = 2058.111725
BIC = 3725.420644

count.K
30 15 10 10 35 

