logL = -2193.475237 (converged)
AIC = 4754.950474
BIC = 5234.301788

count.K
32 68 

