logL = -215.286496 (converged)
AIC = 2166.572993
BIC = 4427.860714

count.K
25 23 2 14 7 1 11 17 

