logL = -1035.023367 (converged)
AIC = 5902.046734
BIC = 10893.552810

count.K
11 10 10 0 8 5 23 22 11 

