logL = -737.086842 (converged)
AIC = 3556.173683
BIC = 6268.155847

count.K
9 13 11 25 15 7 20 

