logL = -206.064570 (converged)
AIC = 2972.129140
BIC = 6306.746978

count.K
8 7 10 9 20 18 16 4 7 1 

