logL = -474.736713 (converged)
AIC = 2975.473425
BIC = 5614.510824

count.K
20 30 6 17 2 7 18 

