logL = -1778.724896 (converged)
AIC = 3993.449792
BIC = 4561.376893

count.K
52 48 

