logL = -306.023360 (converged)
AIC = 3094.046720
BIC = 6327.062921

count.K
10 6 2 7 6 18 21 10 20 

