logL = -765.935258 (converged)
AIC = 3263.870516
BIC = 5519.947897

count.K
18 25 24 7 8 18 

