logL = -390.439231 (converged)
AIC = 2974.878462
BIC = 5832.750156

count.K
10 16 22 11 10 20 11 

