logL = -748.261124 (converged)
AIC = 3384.522247
BIC = 5843.802903

count.K
8 29 19 22 10 12 

