logL = -448.486167 (converged)
AIC = 3522.972334
BIC = 6943.560789

count.K
2 4 18 12 5 7 20 18 14 

