logL = -702.203429 (converged)
AIC = 3052.406857
BIC = 5199.067090

count.K
24 20 5 13 22 16 

