logL = -1452.574602 (converged)
AIC = 6945.149204
BIC = 12207.592979

count.K
6 9 0 14 9 4 4 25 3 26 

