logL = -890.333848 (converged)
AIC = 2408.667695
BIC = 3226.691134

count.K
20 32 48 

