logL = -389.907053 (converged)
AIC = 4019.814106
BIC = 8240.189807

count.K
3 11 1 5 19 10 17 3 21 10 

