logL = -1135.156255 (converged)
AIC = 2964.312510
BIC = 3868.306565

count.K
30 19 51 

