logL = -330.990034 (converged)
AIC = 3037.980067
BIC = 6132.922248

count.K
23 14 13 5 20 0 25 

