logL = -1685.197890 (converged)
AIC = 3822.395781
BIC = 4411.164243

count.K
19 81 

