logL = -665.419336 (converged)
AIC = 4270.838672
BIC = 8100.438845

count.K
7 7 13 7 11 2 10 5 13 25 

