logL = -574.695975 (converged)
AIC = 2379.391949
BIC = 3981.571614

count.K
32 12 10 21 25 

