logL = -751.623490 (converged)
AIC = 3543.246980
BIC = 6200.520569

count.K
10 10 22 15 31 10 2 

