logL = -670.617290 (converged)
AIC = 4075.234581
BIC = 7636.502225

count.K
10 0 18 16 12 3 12 4 25 

