logL = -406.481779 (converged)
AIC = 2452.963557
BIC = 4589.203110

count.K
10 5 25 20 40 

