logL = -964.856226 (converged)
AIC = 4353.712452
BIC = 7511.178717

count.K
16 13 20 9 15 5 10 12 

