logL = -1349.401029 (converged)
AIC = 5186.802058
BIC = 8427.633770

count.K
22 8 15 19 8 7 21 

