logL = -890.019779 (converged)
AIC = 2438.039557
BIC = 3295.140549

count.K
60 30 10 

