logL = -603.010965 (converged)
AIC = 4406.021930
BIC = 8574.294227

count.K
6 4 4 17 30 12 10 2 6 9 

