logL = -620.648640 (converged)
AIC = 3633.297279
BIC = 6749.080822

count.K
18 8 20 16 6 13 9 10 

