logL = -1076.033282 (converged)
AIC = 3920.066564
BIC = 6223.037008

count.K
10 14 22 14 31 9 

