logL = -2174.192405 (converged)
AIC = 5892.384811
BIC = 7903.576194

count.K
10 19 27 44 

