logL = -786.800409 (converged)
AIC = 2237.600819
BIC = 3102.517320

count.K
32 43 25 

