logL = -955.590711 (converged)
AIC = 2653.181422
BIC = 3619.699561

count.K
22 60 18 

