logL = -283.088252 (converged)
AIC = 2462.176504
BIC = 4931.877840

count.K
21 11 5 16 10 19 13 5 

