logL = -1226.610355 (converged)
AIC = 3261.220711
BIC = 4313.709466

count.K
20 47 33 

