logL = -571.594345 (converged)
AIC = 3407.188690
BIC = 6356.241340

count.K
26 0 2 6 21 21 23 1 

