logL = -425.109297 (converged)
AIC = 3224.218595
BIC = 6316.555606

count.K
24 7 10 1 10 3 4 16 25 

