logL = -13310.942220 (not converged)
AIC = 26843.884439
BIC = 27133.058330

count.K
100 

