logL = -1057.210266 (converged)
AIC = 5478.420532
BIC = 9860.316785

count.K
6 4 8 9 10 12 23 9 19 

