logL = -538.452947 (converged)
AIC = 2640.905895
BIC = 4678.148980

count.K
6 17 11 32 11 23 

