logL = -602.807702 (converged)
AIC = 3147.615405
BIC = 5677.235655

count.K
11 28 9 14 19 10 9 

