logL = -1462.212711 (converged)
AIC = 3612.425421
BIC = 4508.603965

count.K
50 24 26 

