logL = -457.758470 (converged)
AIC = 2969.516940
BIC = 5645.026721

count.K
13 22 19 18 11 14 3 

