logL = -613.372196 (converged)
AIC = 2576.744393
BIC = 4335.234268

count.K
22 25 13 12 28 

