logL = -1130.575430 (converged)
AIC = 4539.150859
BIC = 7506.439701

count.K
6 10 45 12 19 6 2 

