logL = -1852.093080 (converged)
AIC = 4476.186160
BIC = 5481.781852

count.K
70 20 10 

