logL = -1138.238358 (converged)
AIC = 3500.476715
BIC = 5094.840869

count.K
43 13 34 10 

