logL = -371.174651 (converged)
AIC = 3278.349302
BIC = 6581.705097

count.K
20 2 9 16 26 3 9 4 11 

