logL = -799.623979 (converged)
AIC = 3891.247958
BIC = 6876.772991

count.K
14 24 15 15 15 15 2 

