logL = -242.171915 (converged)
AIC = 2750.343831
BIC = 5702.001652

count.K
15 1 11 14 5 24 1 2 27 

