logL = -2024.913738 (converged)
AIC = 4489.827476
BIC = 5062.964917

count.K
52 48 

