logL = -678.096646 (converged)
AIC = 3016.193292
BIC = 5178.484547

count.K
10 28 9 2 11 40 

