logL = -750.119388 (converged)
AIC = 2176.238775
BIC = 3056.786298

count.K
11 30 59 

