logL = -511.773552 (converged)
AIC = 4063.547104
BIC = 8023.405786

count.K
7 13 20 8 17 4 12 2 7 10 

