logL = -541.991128 (converged)
AIC = 2563.982257
BIC = 4491.808195

count.K
27 3 30 20 20 

