logL = -700.223491 (converged)
AIC = 3840.446982
BIC = 7018.754609

count.K
24 23 9 3 13 8 13 7 

