logL = -705.453227 (converged)
AIC = 2116.906454
BIC = 3036.531530

count.K
17 14 69 

