logL = -1945.104045 (converged)
AIC = 4752.208089
BIC = 5875.036439

count.K
44 11 45 

