logL = -462.395221 (converged)
AIC = 2872.790442
BIC = 5410.226203

count.K
10 30 18 20 19 3 

