logL = -411.051713 (converged)
AIC = 3286.103425
BIC = 6495.673094

count.K
11 11 9 17 0 12 18 14 8 

