logL = -1417.379017 (converged)
AIC = 3546.758035
BIC = 4474.198621

count.K
8 73 19 

