logL = -843.203018 (converged)
AIC = 4690.406035
BIC = 8603.371654

count.K
29 11 10 2 16 4 1 17 10 

