logL = -625.142043 (converged)
AIC = 5150.284086
BIC = 10230.365948

count.K
12 0 7 23 10 3 5 26 12 2 

