logL = -872.156458 (converged)
AIC = 2704.312915
BIC = 3954.794605

count.K
30 23 14 33 

