logL = -633.097735 (converged)
AIC = 3138.195470
BIC = 5576.634764

count.K
11 0 38 11 8 10 22 

