logL = -484.210964 (converged)
AIC = 1760.421929
BIC = 2792.069322

count.K
24 20 23 33 

