logL = -602.291297 (converged)
AIC = 2148.582594
BIC = 3378.222922

count.K
19 31 28 22 

