logL = -1494.707835 (converged)
AIC = 3481.415670
BIC = 4122.287536

count.K
46 54 

