logL = -977.127147 (converged)
AIC = 4092.254295
BIC = 6877.181223

count.K
10 9 17 14 19 20 11 

