logL = -2986.562048 (converged)
AIC = 6713.124097
BIC = 7677.037065

count.K
44 56 

