logL = -860.894566 (converged)
AIC = 2761.789133
BIC = 4116.477629

count.K
41 17 9 33 

