logL = -610.652031 (converged)
AIC = 2493.304062
BIC = 4150.192300

count.K
30 40 20 10 

