logL = -883.107117 (converged)
AIC = 2958.214233
BIC = 4510.895664

count.K
22 12 22 44 

