logL = -612.704782 (converged)
AIC = 3195.409564
BIC = 5761.502197

count.K
6 23 14 15 10 15 17 

