logL = -438.088493 (converged)
AIC = 2236.176987
BIC = 4007.692713

count.K
27 17 19 30 2 5 

