logL = -997.386975 (converged)
AIC = 2346.773949
BIC = 2805.283902

count.K
48 52 

