logL = -1326.247870 (converged)
AIC = 3008.495739
BIC = 3472.216032

count.K
41 59 

