logL = -1376.593850 (converged)
AIC = 5973.187699
BIC = 10167.511699

count.K
5 21 1 1 8 14 14 5 31 0 

