logL = -1349.516057 (converged)
AIC = 4739.032115
BIC = 7396.305705

count.K
20 11 47 19 3 

