logL = -878.622256 (converged)
AIC = 2469.244512
BIC = 3396.685099

count.K
31 39 30 

