logL = -581.133674 (converged)
AIC = 3330.267348
BIC = 6154.271829

count.K
10 8 23 1 20 21 12 5 

