logL = -500.746978 (converged)
AIC = 3321.493956
BIC = 6343.491372

count.K
26 9 24 17 7 1 3 8 5 

