logL = -383.482025 (converged)
AIC = 2902.964051
BIC = 5685.285809

count.K
30 3 11 18 7 10 3 18 

