logL = -979.785890 (converged)
AIC = 2749.571780
BIC = 3778.614003

count.K
32 48 20 

