logL = -1378.318096 (converged)
AIC = 4646.636192
BIC = 7108.522018

count.K
23 24 16 10 27 

