logL = -295.812642 (converged)
AIC = 1821.625285
BIC = 3423.804949

count.K
23 13 34 22 8 

