logL = -579.735506 (converged)
AIC = 3479.471011
BIC = 6501.468427

count.K
24 14 11 5 20 16 10 

