logL = -965.504002 (converged)
AIC = 2227.008003
BIC = 2612.573191

count.K
42 58 

