logL = -1090.329225 (converged)
AIC = 3252.658449
BIC = 4649.029669

count.K
24 24 30 22 

