logL = -679.987823 (converged)
AIC = 2879.975647
BIC = 4859.904988

count.K
11 18 15 19 37 

