logL = -567.901989 (converged)
AIC = 2445.803978
BIC = 4152.190450

count.K
11 19 58 10 2 

