logL = -253.535912 (converged)
AIC = 2927.071824
BIC = 6079.327750

count.K
8 11 3 10 3 11 3 21 12 18 

