logL = -1237.201985 (converged)
AIC = 6036.403970
BIC = 10676.212072

count.K
1 16 11 4 4 10 23 24 7 

