logL = -1312.491577 (converged)
AIC = 2980.983155
BIC = 3444.703448

count.K
90 10 

