logL = -548.250649 (converged)
AIC = 3542.501297
BIC = 6728.624435

count.K
17 7 13 17 6 22 3 8 7 

