logL = -1588.129521 (converged)
AIC = 5986.259042
BIC = 9646.523154

count.K
20 10 16 13 20 13 8 

