logL = -485.528547 (converged)
AIC = 3363.057094
BIC = 6478.840637

count.K
2 9 22 2 11 6 16 27 5 

