logL = -392.483848 (converged)
AIC = 2824.967696
BIC = 5482.241286

count.K
6 23 21 10 23 6 11 

