logL = -1110.218287 (converged)
AIC = 5206.436574
BIC = 9095.955661

count.K
1 9 20 5 1 38 7 1 18 

