logL = -1888.935642 (converged)
AIC = 5697.871284
BIC = 8198.834663

count.K
39 31 13 8 9 

