logL = -585.590105 (converged)
AIC = 2131.180211
BIC = 3381.661900

count.K
18 48 24 10 

