logL = -569.682271 (converged)
AIC = 3003.364541
BIC = 5431.383155

count.K
10 3 6 29 35 17 

