logL = -1703.385612 (converged)
AIC = 6006.771224
BIC = 9393.492466

count.K
8 11 26 15 3 12 5 20 

