logL = -950.984043 (converged)
AIC = 5211.968086
BIC = 9523.524744

count.K
13 24 11 2 2 12 16 5 15 

