logL = -190.034713 (converged)
AIC = 3204.069427
BIC = 6882.569730

count.K
17 5 20 11 5 8 8 17 9 

