logL = -1264.652136 (converged)
AIC = 3633.304271
BIC = 5071.358214

count.K
24 1 35 40 

