logL = -632.931273 (converged)
AIC = 3353.862546
BIC = 6073.660220

count.K
30 3 34 10 5 14 0 4 

