logL = -2096.948703 (converged)
AIC = 5743.897406
BIC = 7762.904300

count.K
17 17 6 39 21 

