logL = -872.912399 (converged)
AIC = 2689.824798
BIC = 3919.465126

count.K
50 8 12 30 

