logL = -1599.698747 (converged)
AIC = 4399.397494
BIC = 5962.499606

count.K
24 37 20 19 

