logL = -1715.809825 (converged)
AIC = 3803.619651
BIC = 4288.181305

count.K
28 72 

