logL = -467.581491 (converged)
AIC = 2415.162983
BIC = 4342.988921

count.K
30 10 14 20 26 

