logL = -390.310381 (converged)
AIC = 3208.620762
BIC = 6371.297368

count.K
17 6 30 15 5 5 10 5 7 

