logL = -913.113651 (converged)
AIC = 2448.227303
BIC = 3258.435231

count.K
36 24 40 

