logL = -756.179987 (converged)
AIC = 3792.359974
BIC = 6762.253986

count.K
1 16 35 3 7 3 31 4 

