logL = -572.192675 (converged)
AIC = 3904.385350
BIC = 7499.520207

count.K
0 1 23 10 6 9 31 3 7 10 

