logL = -1211.781345 (converged)
AIC = 3439.562689
BIC = 4762.989144

count.K
27 17 35 21 

