logL = -432.721420 (converged)
AIC = 3805.442839
BIC = 7635.043013

count.K
2 19 11 13 7 0 11 9 11 17 

