logL = -1141.114437 (converged)
AIC = 2614.228875
BIC = 3046.687125

count.K
34 66 

