logL = -2544.979922 (converged)
AIC = 6257.959844
BIC = 7779.379233

count.K
43 28 29 

