logL = -915.127614 (converged)
AIC = 3334.255227
BIC = 5293.343207

count.K
13 29 22 6 3 27 

