logL = -923.705313 (converged)
AIC = 2535.410625
BIC = 3431.589169

count.K
33 30 37 

