logL = -707.866985 (converged)
AIC = 2645.733971
BIC = 4247.913635

count.K
29 4 17 26 24 

