logL = -679.897426 (converged)
AIC = 2303.794851
BIC = 3533.435179

count.K
16 62 12 10 

