logL = -435.315189 (converged)
AIC = 3182.630379
BIC = 6194.207114

count.K
13 10 16 2 15 8 18 18 

