logL = -709.594865 (converged)
AIC = 2095.189729
BIC = 2975.737252

count.K
40 30 30 

