logL = -1352.920324 (converged)
AIC = 3411.840649
BIC = 4331.465725

count.K
32 41 27 

