logL = -1735.470974 (converged)
AIC = 6618.941947
BIC = 10719.479820

count.K
14 0 14 9 20 18 5 10 10 

