logL = -669.994300 (converged)
AIC = 3253.988601
BIC = 5747.136469

count.K
9 20 11 10 31 10 9 

