logL = -1225.368038 (converged)
AIC = 4700.736075
BIC = 7631.552535

count.K
8 14 6 21 13 21 17 

