logL = -529.856062 (converged)
AIC = 1891.712125
BIC = 2975.462922

count.K
18 32 18 32 

