logL = -1136.781102 (converged)
AIC = 3093.562203
BIC = 4161.681980

count.K
57 10 33 

