logL = -1223.069063 (converged)
AIC = 2774.138125
BIC = 3201.386036

count.K
60 40 

