logL = -430.935234 (converged)
AIC = 2551.870468
BIC = 4753.239275

count.K
20 7 14 10 5 27 17 

