logL = -559.999554 (converged)
AIC = 2851.999109
BIC = 5108.076490

count.K
36 25 1 13 3 18 4 

