logL = -1618.881550 (converged)
AIC = 6103.763100
BIC = 9836.971976

count.K
19 15 12 12 1 21 20 

