logL = -2064.767673 (converged)
AIC = 5147.535347
BIC = 6473.566971

count.K
34 49 17 

