logL = -586.963305 (converged)
AIC = 2463.926611
BIC = 4144.261381

count.K
29 9 6 16 40 

