logL = -706.289748 (converged)
AIC = 2332.579496
BIC = 3530.957782

count.K
38 30 31 1 

