logL = -733.196814 (converged)
AIC = 2816.393629
BIC = 4574.883504

count.K
21 21 13 23 22 

