logL = -911.954070 (converged)
AIC = 2807.908141
BIC = 4089.651872

count.K
6 10 16 68 

