logL = -2950.043858 (converged)
AIC = 7146.087716
BIC = 8769.108742

count.K
27 17 56 

