logL = -276.815827 (converged)
AIC = 2641.631654
BIC = 5361.429328

count.K
18 9 11 30 10 10 5 7 

