logL = -1478.380106 (converged)
AIC = 5192.760212
BIC = 8105.340480

count.K
17 31 7 27 16 2 

