logL = -1349.134399 (converged)
AIC = 5424.268798
BIC = 8975.115761

count.K
20 4 23 10 4 16 23 

