logL = -1136.621463 (converged)
AIC = 3329.242927
BIC = 4704.772785

count.K
28 9 51 12 

