0	tsk_0	(x)	1	:	0.000000	0.000000	1.000000	0.000000	0.000000	0.000000	0.000000	0.000000	0.000000
1	tsk_1	(x)	1	:	0.000000	0.000000	1.000000	0.000000	0.000000	0.000000	0.000000	0.000000	0.000000
2	tsk_2	(x)	1	:	0.000000	0.000000	1.000000	0.000000	0.000000	0.000000	0.000000	0.000000	0.000000
3	tsk_3	(x)	1	:	0.000000	0.000000	1.000000	0.000000	0.000000	0.000000	0.000000	0.000000	0.000000
4	tsk_4	(x)	1	:	0.000000	0.000000	1.000000	0.000000	0.000000	0.000000	0.000000	0.000000	0.000000
5	tsk_5	(x)	1	:	0.000000	0.000000	1.000000	0.000000	0.000000	0.000000	0.000000	0.000000	0.000000
6	tsk_6	(x)	1	:	0.000000	0.000000	1.000000	0.000000	0.000000	0.000000	0.000000	0.000000	0.000000
7	tsk_7	(x)	1	:	0.000000	0.000000	1.000000	0.000000	0.000000	0.000000	0.000000	0.000000	0.000000
8	tsk_8	(x)	1	:	0.000000	0.000000	1.000000	0.000000	0.000000	0.000000	0.000000	0.000000	0.000000
9	tsk_9	(x)	1	:	0.000000	0.000000	1.000000	0.000000	0.000000	0.000000	0.000000	0.000000	0.000000
10	tsk_10	(x)	1	:	0.000000	0.000000	1.000000	0.000000	0.000000	0.000000	0.000000	0.000000	0.000000
11	tsk_11	(x)	1	:	0.000000	0.000029	0.999971	0.000000	0.000000	0.000000	0.000000	0.000000	0.000000
12	tsk_12	(x)	1	:	0.000000	0.000000	1.000000	0.000000	0.000000	0.000000	0.000000	0.000000	0.000000
13	tsk_13	(x)	1	:	0.000000	0.000017	0.999982	0.000000	0.000000	0.000000	0.000000	0.000000	0.000000
14	tsk_14	(x)	1	:	0.000000	0.000000	1.000000	0.000000	0.000000	0.000000	0.000000	0.000000	0.000000
15	tsk_15	(x)	1	:	0.000000	0.000008	0.999992	0.000000	0.000000	0.000000	0.000000	0.000000	0.000000
16	tsk_16	(x)	1	:	0.000000	0.000000	1.000000	0.000000	0.000000	0.000000	0.000000	0.000000	0.000000
17	tsk_17	(x)	1	:	0.000000	0.000000	1.000000	0.000000	0.000000	0.000000	0.000000	0.000000	0.000000
18	tsk_18	(x)	1	:	0.000000	0.000000	1.000000	0.000000	0.000000	0.000000	0.000000	0.000000	0.000000
19	tsk_19	(x)	1	:	0.000000	0.000000	1.000000	0.000000	0.000000	0.000000	0.000000	0.000000	0.000000
20	tsk_20	(x)	1	:	0.000000	0.000000	1.000000	0.000000	0.000000	0.000000	0.000000	0.000000	0.000000
21	tsk_21	(x)	1	:	0.000000	0.000000	1.000000	0.000000	0.000000	0.000000	0.000000	0.000000	0.000000
22	tsk_22	(x)	1	:	0.000000	0.000000	1.000000	0.000000	0.000000	0.000000	0.000000	0.000000	0.000000
23	tsk_23	(x)	1	:	0.000000	0.000000	1.000000	0.000000	0.000000	0.000000	0.000000	0.000000	0.000000
24	tsk_24	(x)	1	:	0.000000	0.000000	1.000000	0.000000	0.000000	0.000000	0.000000	0.000000	0.000000
25	tsk_25	(x)	1	:	0.000000	0.000000	1.000000	0.000000	0.000000	0.000000	0.000000	0.000000	0.000000
26	tsk_26	(x)	1	:	0.000000	0.000000	1.000000	0.000000	0.000000	0.000000	0.000000	0.000000	0.000000
27	tsk_27	(x)	1	:	0.000000	0.000000	1.000000	0.000000	0.000000	0.000000	0.000000	0.000000	0.000000
28	tsk_28	(x)	1	:	0.000000	0.000000	1.000000	0.000000	0.000000	0.000000	0.000000	0.000000	0.000000
29	tsk_29	(x)	1	:	0.000000	0.000000	1.000000	0.000000	0.000000	0.000000	0.000000	0.000000	0.000000
30	tsk_30	(x)	1	:	0.000000	0.000089	0.000000	0.000000	0.000000	0.000000	0.000000	0.000034	0.999877
31	tsk_31	(x)	1	:	0.000000	0.000422	0.590039	0.000000	0.000000	0.000000	0.000000	0.000000	0.409539
32	tsk_32	(x)	1	:	0.000000	0.000000	0.000000	0.000000	0.000000	0.000000	0.000000	0.000000	1.000000
33	tsk_33	(x)	1	:	0.000000	0.000061	0.000000	0.000000	0.000000	0.000000	0.000000	0.000035	0.999904
34	tsk_34	(x)	1	:	0.000000	0.359648	0.000000	0.000000	0.000000	0.000000	0.000000	0.172485	0.467866
35	tsk_35	(x)	1	:	0.000000	0.000140	0.000000	0.000000	0.000000	0.000000	0.000000	0.000036	0.999823
36	tsk_36	(x)	1	:	0.000000	0.000000	0.000000	0.000000	0.000000	0.000000	0.000000	0.000000	1.000000
37	tsk_37	(x)	1	:	0.000000	0.000092	0.000000	0.000000	0.000000	0.000000	0.000000	0.000021	0.999887
38	tsk_38	(x)	1	:	0.000000	0.000144	0.590087	0.000000	0.000000	0.000000	0.000000	0.000000	0.409768
39	tsk_39	(x)	1	:	0.000000	0.000114	0.000000	0.000000	0.000000	0.000000	0.000000	0.000028	0.999859
40	tsk_40	(x)	1	:	0.000000	0.767964	0.000000	0.000000	0.000000	0.000000	0.000000	0.232025	0.000011
41	tsk_41	(x)	1	:	0.000000	0.900076	0.000000	0.000000	0.000000	0.000000	0.000000	0.099898	0.000026
42	tsk_42	(x)	1	:	0.000000	0.790286	0.000000	0.000000	0.000000	0.000000	0.000000	0.209697	0.000017
43	tsk_43	(x)	1	:	0.000000	0.780502	0.000000	0.000000	0.000000	0.000000	0.000000	0.219467	0.000031
44	tsk_44	(x)	1	:	0.000000	0.609078	0.000000	0.000000	0.000000	0.000000	0.000000	0.390899	0.000024
45	tsk_45	(x)	1	:	0.000000	0.795677	0.000000	0.000000	0.000000	0.000000	0.000000	0.204296	0.000027
46	tsk_46	(x)	1	:	0.000000	0.785084	0.000000	0.000000	0.000000	0.000000	0.000000	0.214878	0.000038
47	tsk_47	(x)	1	:	0.000000	0.803604	0.000000	0.000000	0.000000	0.000000	0.000000	0.196381	0.000016
48	tsk_48	(x)	1	:	0.000000	0.919419	0.000000	0.000000	0.000000	0.000000	0.000000	0.080569	0.000012
49	tsk_49	(x)	1	:	0.000000	0.754579	0.000000	0.000000	0.000000	0.000000	0.000000	0.245380	0.000041
50	tsk_50	(x)	1	:	0.000000	0.733958	0.000000	0.000000	0.000000	0.000000	0.000000	0.266018	0.000025
51	tsk_51	(x)	1	:	0.000000	0.801209	0.000000	0.000000	0.000000	0.000000	0.000000	0.198766	0.000025
52	tsk_52	(x)	1	:	0.000000	0.783885	0.000000	0.000000	0.000000	0.000000	0.000000	0.216094	0.000020
53	tsk_53	(x)	1	:	0.000000	0.891556	0.000000	0.000000	0.000000	0.000000	0.000000	0.108423	0.000021
54	tsk_54	(x)	1	:	0.000000	0.808048	0.000000	0.000000	0.000000	0.000000	0.000000	0.191929	0.000023
55	tsk_55	(x)	1	:	0.000000	0.667183	0.000000	0.000000	0.000000	0.000000	0.000000	0.332791	0.000026
56	tsk_56	(x)	1	:	0.000000	0.839937	0.000000	0.000000	0.000000	0.000000	0.000000	0.160043	0.000020
57	tsk_57	(x)	1	:	0.000000	0.815752	0.000000	0.000000	0.000000	0.000000	0.000000	0.184221	0.000027
58	tsk_58	(x)	1	:	0.000000	0.902888	0.000000	0.000000	0.000000	0.000000	0.000000	0.097082	0.000030
59	tsk_59	(x)	1	:	0.000000	0.811046	0.000000	0.000000	0.000000	0.000000	0.000000	0.188932	0.000021
60	tsk_60	(x)	1	:	0.999457	0.000000	0.000000	0.000000	0.000105	0.000438	0.000000	0.000000	0.000000
61	tsk_61	(x)	1	:	0.496571	0.205340	0.000000	0.000000	0.000024	0.000027	0.000000	0.298031	0.000007
62	tsk_62	(x)	1	:	1.000000	0.000000	0.000000	0.000000	0.000000	0.000000	0.000000	0.000000	0.000000
63	tsk_63	(x)	1	:	1.000000	0.000000	0.000000	0.000000	0.000000	0.000000	0.000000	0.000000	0.000000
64	tsk_64	(x)	1	:	0.999533	0.000000	0.000000	0.000000	0.000200	0.000268	0.000000	0.000000	0.000000
65	tsk_65	(x)	1	:	0.999847	0.000000	0.000000	0.000000	0.000095	0.000058	0.000000	0.000000	0.000000
66	tsk_66	(x)	1	:	0.496570	0.186493	0.000000	0.000000	0.000026	0.000027	0.000000	0.316883	0.000002
67	tsk_67	(x)	1	:	1.000000	0.000000	0.000000	0.000000	0.000000	0.000000	0.000000	0.000000	0.000000
68	tsk_68	(x)	1	:	0.256775	0.192255	0.000000	0.000000	0.212278	0.001339	0.125813	0.211538	0.000002
69	tsk_69	(x)	1	:	0.690753	0.000000	0.000000	0.000008	0.204310	0.104929	0.000000	0.000000	0.000000
70	tsk_70	(x)	1	:	0.289003	0.000000	0.000000	0.472307	0.081879	0.156811	0.000000	0.000000	0.000000
71	tsk_71	(x)	1	:	0.999534	0.000000	0.000000	0.000000	0.000095	0.000371	0.000000	0.000000	0.000000
72	tsk_72	(x)	1	:	0.289127	0.000000	0.000000	0.472560	0.055484	0.182829	0.000000	0.000000	0.000000
73	tsk_73	(x)	1	:	0.000000	0.000000	0.000000	0.999988	0.000001	0.000011	0.000000	0.000000	0.000000
74	tsk_74	(x)	1	:	0.999617	0.000000	0.000000	0.000000	0.000205	0.000177	0.000000	0.000000	0.000000
75	tsk_75	(x)	1	:	0.000000	0.000000	0.000000	0.999969	0.000013	0.000018	0.000000	0.000000	0.000000
76	tsk_76	(x)	1	:	0.000000	0.000000	0.000000	0.999953	0.000005	0.000042	0.000000	0.000000	0.000000
77	tsk_77	(x)	1	:	0.000000	0.000000	0.000000	0.999978	0.000009	0.000013	0.000000	0.000000	0.000000
78	tsk_78	(x)	1	:	0.000000	0.000000	0.000000	0.999964	0.000007	0.000029	0.000000	0.000000	0.000000
79	tsk_79	(x)	1	:	0.000000	0.000000	0.000000	0.999965	0.000016	0.000019	0.000000	0.000000	0.000000
80	tsk_80	(x)	1	:	0.000000	0.240423	0.000000	0.544612	0.000000	0.000000	0.000000	0.214965	0.000000
81	tsk_81	(x)	1	:	0.000000	0.000000	0.000000	0.999956	0.000010	0.000034	0.000000	0.000000	0.000000
82	tsk_82	(x)	1	:	0.000000	0.314447	0.000000	0.000004	0.200860	0.332469	0.000000	0.152217	0.000002
83	tsk_83	(x)	1	:	0.000000	0.000000	0.000000	0.000015	0.451113	0.548872	0.000000	0.000000	0.000000
84	tsk_84	(x)	1	:	0.000000	0.000000	0.000000	0.000015	0.542712	0.457273	0.000000	0.000000	0.000000
85	tsk_85	(x)	1	:	0.000000	0.143796	0.000000	0.000004	0.179101	0.354229	0.000000	0.322867	0.000003
86	tsk_86	(x)	1	:	0.000000	0.152706	0.000000	0.000004	0.181150	0.326738	0.084823	0.254577	0.000002
87	tsk_87	(x)	1	:	0.000000	0.000000	0.000000	0.658150	0.098939	0.242911	0.000000	0.000000	0.000000
88	tsk_88	(x)	1	:	0.000000	0.217994	0.000000	0.000005	0.158358	0.374970	0.000000	0.248669	0.000003
89	tsk_89	(x)	1	:	0.000000	0.000000	0.000000	0.000006	0.428307	0.571686	0.000000	0.000000	0.000000
90	tsk_90	(x)	1	:	0.000000	0.000000	0.000000	0.000003	0.053917	0.423213	0.522868	0.000000	0.000000
91	tsk_91	(x)	1	:	0.000000	0.000000	0.000000	0.000010	0.330397	0.669593	0.000000	0.000000	0.000000
92	tsk_92	(x)	1	:	0.000000	0.000000	0.000000	0.000009	0.395538	0.604453	0.000000	0.000000	0.000000
93	tsk_93	(x)	1	:	0.000000	0.000000	0.000000	0.000005	0.402127	0.597867	0.000000	0.000000	0.000000
94	tsk_94	(x)	1	:	0.000000	0.000000	0.000000	0.000011	0.274811	0.725178	0.000000	0.000000	0.000000
95	tsk_95	(x)	1	:	0.000000	0.000000	0.000000	0.000007	0.325974	0.674019	0.000000	0.000000	0.000000
96	tsk_96	(x)	1	:	0.000000	0.000000	0.000000	0.000011	0.328318	0.671671	0.000000	0.000000	0.000000
97	tsk_97	(x)	1	:	0.000000	0.000000	0.000000	0.000011	0.508321	0.491668	0.000000	0.000000	0.000000
98	tsk_98	(x)	1	:	0.000000	0.000000	0.000000	0.000012	0.353215	0.646773	0.000000	0.000000	0.000000
99	tsk_99	(x)	1	:	0.000000	0.000000	0.000000	0.000003	0.037834	0.439295	0.522868	0.000000	0.000000
