logL = -1648.758041 (converged)
AIC = 6149.516081
BIC = 9864.488766

count.K
11 10 5 11 34 18 11 

