logL = -418.133748 (converged)
AIC = 3776.267496
BIC = 7605.867669

count.K
7 7 13 4 11 0 13 25 14 6 

