logL = -397.628542 (converged)
AIC = 3535.257084
BIC = 7104.340239

count.K
9 2 11 11 19 16 9 14 2 7 

