logL = -578.997498 (converged)
AIC = 3513.994996
BIC = 6582.885475

count.K
14 16 7 15 3 16 7 12 10 

