logL = -326.472735 (converged)
AIC = 2820.945471
BIC = 5644.949952

count.K
15 10 17 13 13 14 6 12 

