logL = -838.063598 (converged)
AIC = 4020.127197
BIC = 7073.386655

count.K
13 3 21 10 11 6 20 16 

