logL = -776.586295 (converged)
AIC = 3803.172590
BIC = 6733.989049

count.K
1 23 16 8 27 15 10 

