logL = -562.759259 (converged)
AIC = 4183.518519
BIC = 8166.823733

count.K
9 2 21 24 13 10 0 16 5 

