logL = -797.770879 (converged)
AIC = 4867.541757
BIC = 9129.600181

count.K
15 10 10 6 16 10 15 18 

