logL = -442.539177 (converged)
AIC = 3165.078354
BIC = 6134.972366

count.K
13 13 27 1 11 13 10 12 

