logL = -1097.899844 (converged)
AIC = 5755.799688
BIC = 10393.002619

count.K
23 3 23 22 6 4 10 9 

