logL = -237.045190 (converged)
AIC = 2794.090380
BIC = 5816.087795

count.K
8 2 28 12 9 9 9 2 21 

