logL = -987.250656 (converged)
AIC = 2350.501312
BIC = 2840.273307

count.K
32 68 

