logL = -1082.075371 (converged)
AIC = 3824.150743
BIC = 5986.441997

count.K
11 26 27 11 8 17 

