logL = -973.125022 (converged)
AIC = 4812.250044
BIC = 8545.458921

count.K
7 18 12 20 6 13 24 

