logL = -828.724959 (converged)
AIC = 5317.449918
BIC = 10084.911358

count.K
8 4 14 8 8 32 14 5 5 2 

