logL = -1468.171325 (converged)
AIC = 3296.342649
BIC = 3765.273283

count.K
39 61 

