logL = -1199.609042 (converged)
AIC = 4059.218084
BIC = 6221.509338

count.K
15 22 10 31 8 14 

