logL = -550.689847 (converged)
AIC = 1989.379694
BIC = 3146.075257

count.K
20 29 31 20 

