logL = -495.163855 (converged)
AIC = 3274.327710
BIC = 6249.432062

count.K
13 17 4 1 11 14 36 1 3 

