logL = -463.825961 (converged)
AIC = 3175.651921
BIC = 6103.863210

count.K
28 3 17 13 9 11 9 10 

