logL = -1566.713805 (converged)
AIC = 5973.427611
BIC = 9672.769275

count.K
20 4 13 12 9 22 5 15 

