logL = -926.903643 (converged)
AIC = 4659.807287
BIC = 8314.861058

count.K
3 7 20 12 13 9 14 3 19 

