logL = -1027.483851 (converged)
AIC = 3750.967703
BIC = 5960.152021

count.K
29 10 0 10 7 44 

