logL = -1044.216009 (converged)
AIC = 3208.432018
BIC = 4667.327322

count.K
26 49 4 21 

