logL = -515.969318 (converged)
AIC = 3621.938636
BIC = 6995.634027

count.K
0 15 6 2 25 10 8 12 22 

