logL = -881.547675 (converged)
AIC = 2779.095349
BIC = 4102.521804

count.K
31 22 28 19 

