logL = -349.056406 (converged)
AIC = 3072.112812
BIC = 6164.449823

count.K
23 2 19 2 2 16 9 3 24 

