logL = -1583.843120 (converged)
AIC = 7347.686240
BIC = 12792.491929

count.K
14 3 12 2 22 21 1 1 4 20 

