logL = -652.268789 (converged)
AIC = 4074.537579
BIC = 7682.698286

count.K
14 10 10 1 10 15 2 19 19 

