logL = -666.690761 (converged)
AIC = 2421.381522
BIC = 3838.594103

count.K
17 26 30 27 

