logL = -1737.665256 (converged)
AIC = 5725.330512
BIC = 8656.146972

count.K
8 5 24 3 25 11 24 

