logL = -332.369013 (converged)
AIC = 2672.738026
BIC = 5288.328893

count.K
14 23 20 13 25 5 

