logL = -2271.952092 (converged)
AIC = 5831.904185
BIC = 7509.633785

count.K
58 17 11 14 

