logL = -665.386178 (converged)
AIC = 1940.772356
BIC = 2735.349263

count.K
30 53 17 

