logL = -580.968518 (converged)
AIC = 3037.937035
BIC = 5481.586670

count.K
26 3 31 12 14 14 

