logL = -668.930767 (converged)
AIC = 3617.861535
BIC = 6587.755547

count.K
22 8 18 22 10 19 0 1 

