logL = -1710.714068 (converged)
AIC = 5371.428137
BIC = 7911.469068

count.K
14 37 12 22 15 

