logL = -711.856237 (converged)
AIC = 3393.712473
BIC = 5959.805106

count.K
23 20 7 0 8 21 21 

