logL = -953.666872 (converged)
AIC = 2947.333743
BIC = 4302.022240

count.K
52 7 22 19 

