logL = -2217.576803 (converged)
AIC = 7091.153607
BIC = 10550.819614

count.K
13 10 17 21 16 23 

