logL = -298.940331 (converged)
AIC = 3377.880662
BIC = 6999.067220

count.K
3 20 6 18 15 0 6 20 10 2 

