logL = -591.084062 (converged)
AIC = 3040.168125
BIC = 5460.371228

count.K
6 22 7 20 15 16 14 

