logL = -341.634761 (converged)
AIC = 2819.269521
BIC = 5601.591280

count.K
11 11 22 8 11 17 15 5 

