logL = -828.778320 (converged)
AIC = 2641.556639
BIC = 3923.300371

count.K
38 28 18 16 

