logL = -960.798349 (converged)
AIC = 3321.596698
BIC = 5145.215828

count.K
30 6 14 30 20 

