logL = -449.351232 (converged)
AIC = 2874.702465
BIC = 5448.610609

count.K
9 3 14 15 3 17 16 23 

