logL = -587.665332 (converged)
AIC = 3407.330665
BIC = 6314.700592

count.K
14 4 18 17 18 5 20 4 

