logL = -721.424234 (converged)
AIC = 2618.848469
BIC = 4150.688538

count.K
37 25 30 8 

