logL = -410.201533 (converged)
AIC = 3266.403066
BIC = 6452.526204

count.K
2 6 10 14 19 11 2 13 23 

