logL = -1046.975068 (converged)
AIC = 5693.950136
BIC = 10383.256471

count.K
10 25 21 12 8 4 1 5 9 5 

