logL = -1304.940499 (converged)
AIC = 4201.880998
BIC = 6275.596466

count.K
31 26 20 23 

