logL = -1176.756418 (converged)
AIC = 3011.512837
BIC = 3868.613828

count.K
67 25 8 

