logL = -1127.151873 (converged)
AIC = 3302.303746
BIC = 4667.412923

count.K
10 19 34 37 

