logL = -829.022779 (converged)
AIC = 3378.045558
BIC = 5618.491918

count.K
10 10 9 27 15 29 

