logL = -447.391245 (converged)
AIC = 1934.782491
BIC = 3289.470987

count.K
28 26 18 8 20 

