logL = -551.968938 (converged)
AIC = 2071.937876
BIC = 3332.840246

count.K
18 40 30 12 

