logL = -951.621854 (converged)
AIC = 2823.243708
BIC = 4021.621994

count.K
39 24 27 10 

