logL = -1489.255674 (converged)
AIC = 3696.511348
BIC = 4631.767445

count.K
29 59 12 

