logL = -621.572972 (converged)
AIC = 4283.145944
BIC = 8243.004626

count.K
5 12 14 14 6 15 3 1 4 26 

