logL = -452.704371 (converged)
AIC = 3801.408741
BIC = 7573.695171

count.K
29 20 26 1 5 6 10 2 1 

