logL = -435.789659 (converged)
AIC = 2121.579318
BIC = 3749.810685

count.K
13 18 34 25 10 

