logL = -365.660001 (converged)
AIC = 2575.320002
BIC = 4977.286914

count.K
13 11 7 20 10 35 4 

