logL = -505.866785 (converged)
AIC = 2883.733570
BIC = 5322.172864

count.K
3 15 6 11 30 12 23 

