logL = -709.604426 (converged)
AIC = 3747.208851
BIC = 6779.626948

count.K
28 7 9 1 1 2 14 38 

