logL = -512.074689 (converged)
AIC = 3542.149379
BIC = 6822.058643

count.K
8 20 20 8 10 14 9 1 10 

