logL = -1331.630276 (converged)
AIC = 3315.260552
BIC = 4164.546033

count.K
45 33 22 

