logL = -772.735300 (converged)
AIC = 3349.470600
BIC = 5699.334108

count.K
37 4 16 10 5 28 

