logL = -649.611640 (converged)
AIC = 2729.223281
BIC = 4591.919964

count.K
25 31 25 9 10 

