logL = -707.916525 (converged)
AIC = 3161.833050
BIC = 5436.146622

count.K
16 37 5 1 26 11 4 

