logL = -513.744734 (converged)
AIC = 3371.489469
BIC = 6424.748927

count.K
39 6 14 11 3 5 7 15 

