logL = -633.692708 (converged)
AIC = 3483.385417
BIC = 6369.913983

count.K
28 11 10 13 10 6 12 10 

