logL = -1585.966936 (converged)
AIC = 4507.933871
BIC = 6248.187555

count.K
7 28 27 38 

