logL = -467.835261 (converged)
AIC = 3381.670522
BIC = 6567.793659

count.K
12 13 9 8 2 21 9 1 25 

