logL = -1080.938013 (converged)
AIC = 2831.876026
BIC = 3704.608039

count.K
50 34 16 

