logL = -1263.624630 (converged)
AIC = 2883.249260
BIC = 3346.969553

count.K
65 35 

