logL = -510.533718 (converged)
AIC = 3681.067436
BIC = 7145.943784

count.K
10 12 20 4 3 10 5 17 9 10 

