logL = -1213.786135 (converged)
AIC = 3777.572270
BIC = 5536.062145

count.K
24 15 14 32 15 

