logL = -1095.786963 (converged)
AIC = 3971.573925
BIC = 6290.175391

count.K
12 5 16 28 35 4 

