logL = -653.583357 (converged)
AIC = 3375.166713
BIC = 6068.912686

count.K
8 15 7 14 13 17 26 

