logL = -1673.201333 (converged)
AIC = 6114.402667
BIC = 9719.958204

count.K
22 20 4 5 11 29 9 

