logL = -851.504681 (converged)
AIC = 3043.009362
BIC = 4788.473386

count.K
14 30 26 19 11 

