logL = -1391.549237 (converged)
AIC = 3525.098474
BIC = 4491.616613

count.K
23 66 11 

