logL = -1895.996795 (converged)
AIC = 5781.993590
BIC = 8374.137925

count.K
44 4 20 17 15 

