logL = -1010.290359 (converged)
AIC = 2372.580719
BIC = 2831.090672

count.K
30 70 

