0	tsk_0	(x)	1	:	0.000000	0.000000	0.004949	0.526900	0.000000	0.462224	0.005926
1	tsk_1	(x)	1	:	0.000000	0.000018	0.098492	0.345350	0.000000	0.470661	0.085479
2	tsk_2	(x)	1	:	0.000000	0.000000	0.000000	1.000000	0.000000	0.000000	0.000000
3	tsk_3	(x)	1	:	0.000000	0.000000	0.000000	0.000000	0.000000	1.000000	0.000000
4	tsk_4	(x)	1	:	0.000000	0.000002	0.027999	0.466093	0.000000	0.470963	0.034943
5	tsk_5	(x)	1	:	0.000000	0.000004	0.027515	0.466106	0.000000	0.471019	0.035356
6	tsk_6	(x)	1	:	0.000000	0.000000	0.000000	0.000000	0.000000	0.999999	0.000001
7	tsk_7	(x)	1	:	0.000000	0.000002	0.029437	0.466069	0.000000	0.470867	0.033625
8	tsk_8	(x)	1	:	0.000000	0.000000	0.000000	0.000000	0.000000	0.999999	0.000001
9	tsk_9	(x)	1	:	0.000000	0.000000	0.000000	0.000000	0.000000	0.999999	0.000001
10	tsk_10	(x)	1	:	0.000000	0.000051	0.334319	0.104739	0.000000	0.000000	0.560891
11	tsk_11	(x)	1	:	0.000000	0.000031	0.156686	0.000000	0.000000	0.471864	0.371419
12	tsk_12	(x)	1	:	0.000000	0.000000	0.000000	0.000000	0.000000	1.000000	0.000000
13	tsk_13	(x)	1	:	0.000000	0.000059	0.280659	0.000000	0.000000	0.000000	0.719282
14	tsk_14	(x)	1	:	0.000000	0.000045	0.352105	0.000000	0.000000	0.000000	0.647850
15	tsk_15	(x)	1	:	0.000000	0.000025	0.078684	0.000000	0.000000	0.659158	0.262132
16	tsk_16	(x)	1	:	0.000000	0.000024	0.105334	0.000000	0.000000	0.658937	0.235704
17	tsk_17	(x)	1	:	0.000000	0.000023	0.113971	0.104779	0.000000	0.471980	0.309247
18	tsk_18	(x)	1	:	0.000000	0.000033	0.117712	0.104778	0.000000	0.471971	0.305506
19	tsk_19	(x)	1	:	0.000000	0.000020	0.120789	0.000000	0.000000	0.658803	0.220388
20	tsk_20	(x)	1	:	0.000000	0.000000	0.000000	0.000000	0.000000	1.000000	0.000000
21	tsk_21	(x)	1	:	0.000000	0.000000	0.000000	0.000000	0.000000	1.000000	0.000000
22	tsk_22	(x)	1	:	0.000000	0.000000	0.000001	0.000000	0.000000	0.999999	0.000000
23	tsk_23	(x)	1	:	0.000000	0.000000	0.000000	0.000000	0.000000	0.999999	0.000001
24	tsk_24	(x)	1	:	0.000000	0.000000	0.000000	0.000000	0.000000	1.000000	0.000000
25	tsk_25	(x)	1	:	0.000000	0.000000	0.000000	0.000000	0.000000	0.999999	0.000000
26	tsk_26	(x)	1	:	0.000000	0.000000	0.000000	0.000000	0.000000	1.000000	0.000000
27	tsk_27	(x)	1	:	0.000000	0.000000	0.000000	0.000000	0.000000	0.999999	0.000000
28	tsk_28	(x)	1	:	0.000000	0.000000	0.000000	0.000000	0.000000	0.999999	0.000001
29	tsk_29	(x)	1	:	0.000000	0.000000	0.000000	0.000000	0.000000	0.999999	0.000001
30	tsk_30	(x)	1	:	0.000000	0.000079	0.364060	0.000000	0.000000	0.000000	0.635861
31	tsk_31	(x)	1	:	0.000000	0.000080	0.311532	0.000000	0.000000	0.000000	0.688388
32	tsk_32	(x)	1	:	0.000000	0.000043	0.300546	0.000000	0.000000	0.000000	0.699411
33	tsk_33	(x)	1	:	0.000000	0.000051	0.361437	0.000000	0.000000	0.000000	0.638512
34	tsk_34	(x)	1	:	0.000000	0.000042	0.307033	0.000000	0.000000	0.000000	0.692926
35	tsk_35	(x)	1	:	0.000000	0.000078	0.340657	0.000000	0.000000	0.000000	0.659264
36	tsk_36	(x)	1	:	0.000000	0.000053	0.332592	0.000000	0.000000	0.000000	0.667355
37	tsk_37	(x)	1	:	0.000000	0.000054	0.385738	0.000000	0.000000	0.000000	0.614207
38	tsk_38	(x)	1	:	0.000000	0.000063	0.343953	0.000000	0.000000	0.000000	0.655983
39	tsk_39	(x)	1	:	0.000000	0.000052	0.328010	0.000000	0.000000	0.000000	0.671938
40	tsk_40	(x)	1	:	0.000000	0.999974	0.000009	0.000000	0.000000	0.000000	0.000017
41	tsk_41	(x)	1	:	0.000000	0.000066	0.375649	0.000000	0.000000	0.000000	0.624285
42	tsk_42	(x)	1	:	0.000000	0.995513	0.001369	0.000000	0.000000	0.000000	0.003118
43	tsk_43	(x)	1	:	0.000000	0.452691	0.164064	0.000000	0.000000	0.000000	0.383246
44	tsk_44	(x)	1	:	0.000000	0.994946	0.001481	0.000000	0.000000	0.000000	0.003573
45	tsk_45	(x)	1	:	0.000000	0.000059	0.291046	0.000000	0.000000	0.000000	0.708895
46	tsk_46	(x)	1	:	0.000000	0.000047	0.293880	0.000000	0.000000	0.000000	0.706072
47	tsk_47	(x)	1	:	0.000000	0.452182	0.200209	0.000000	0.000000	0.000000	0.347609
48	tsk_48	(x)	1	:	0.000000	0.000039	0.267282	0.000000	0.000000	0.000000	0.732679
49	tsk_49	(x)	1	:	0.000000	0.464528	0.172694	0.000000	0.000000	0.000000	0.362778
50	tsk_50	(x)	1	:	0.000000	0.000046	0.381580	0.000000	0.000000	0.000000	0.618374
51	tsk_51	(x)	1	:	0.000000	0.000068	0.393023	0.000000	0.000000	0.000000	0.606909
52	tsk_52	(x)	1	:	0.000000	0.000000	0.000015	0.000000	0.000000	0.000008	0.999977
53	tsk_53	(x)	1	:	0.000000	0.000027	0.344580	0.000000	0.000000	0.000000	0.655393
54	tsk_54	(x)	1	:	0.000000	0.000052	0.405028	0.000000	0.000000	0.000000	0.594920
55	tsk_55	(x)	1	:	0.000000	0.000045	0.342156	0.000000	0.000000	0.000000	0.657799
56	tsk_56	(x)	1	:	0.000000	0.000053	0.292281	0.000000	0.000000	0.000000	0.707666
57	tsk_57	(x)	1	:	0.000000	0.000070	0.224222	0.000000	0.000000	0.000000	0.775707
58	tsk_58	(x)	1	:	0.000000	0.000074	0.346707	0.000000	0.000000	0.000000	0.653219
59	tsk_59	(x)	1	:	0.000000	0.000064	0.305532	0.000000	0.000000	0.000000	0.694405
60	tsk_60	(x)	1	:	0.000000	0.000052	0.300148	0.000000	0.000000	0.000000	0.699800
61	tsk_61	(x)	1	:	0.000000	0.000041	0.398737	0.000000	0.000000	0.000000	0.601222
62	tsk_62	(x)	1	:	0.000000	0.000054	0.325623	0.000000	0.000000	0.000000	0.674324
63	tsk_63	(x)	1	:	0.000000	0.000019	0.336780	0.000000	0.512272	0.000000	0.150928
64	tsk_64	(x)	1	:	0.000000	0.000058	0.369735	0.000000	0.000000	0.000000	0.630207
65	tsk_65	(x)	1	:	0.000000	0.000056	0.319561	0.000000	0.000000	0.000000	0.680382
66	tsk_66	(x)	1	:	0.000000	0.000041	0.256028	0.000000	0.000000	0.000000	0.743931
67	tsk_67	(x)	1	:	0.000000	0.000063	0.272351	0.000000	0.000000	0.000000	0.727587
68	tsk_68	(x)	1	:	0.000000	0.000025	0.364401	0.000000	0.512269	0.000000	0.123304
69	tsk_69	(x)	1	:	0.000000	0.000063	0.334787	0.000000	0.000000	0.000000	0.665150
70	tsk_70	(x)	1	:	0.000000	0.000000	0.000000	0.000000	1.000000	0.000000	0.000000
71	tsk_71	(x)	1	:	0.381904	0.000000	0.000000	0.000000	0.618096	0.000000	0.000000
72	tsk_72	(x)	1	:	0.000000	0.000000	0.000000	0.000000	1.000000	0.000000	0.000000
73	tsk_73	(x)	1	:	0.366553	0.000000	0.000000	0.000000	0.633447	0.000000	0.000000
74	tsk_74	(x)	1	:	0.000000	0.000000	0.000000	0.000000	1.000000	0.000000	0.000000
75	tsk_75	(x)	1	:	1.000000	0.000000	0.000000	0.000000	0.000000	0.000000	0.000000
76	tsk_76	(x)	1	:	1.000000	0.000000	0.000000	0.000000	0.000000	0.000000	0.000000
77	tsk_77	(x)	1	:	0.615233	0.000000	0.000000	0.000000	0.384767	0.000000	0.000000
78	tsk_78	(x)	1	:	0.381904	0.000000	0.000000	0.000000	0.618096	0.000000	0.000000
79	tsk_79	(x)	1	:	0.000000	0.000017	0.371981	0.000000	0.512220	0.000000	0.115782
80	tsk_80	(x)	1	:	0.970606	0.000000	0.000000	0.000000	0.029394	0.000000	0.000000
81	tsk_81	(x)	1	:	1.000000	0.000000	0.000000	0.000000	0.000000	0.000000	0.000000
82	tsk_82	(x)	1	:	1.000000	0.000000	0.000000	0.000000	0.000000	0.000000	0.000000
83	tsk_83	(x)	1	:	1.000000	0.000000	0.000000	0.000000	0.000000	0.000000	0.000000
84	tsk_84	(x)	1	:	1.000000	0.000000	0.000000	0.000000	0.000000	0.000000	0.000000
85	tsk_85	(x)	1	:	0.970606	0.000000	0.000000	0.000000	0.029394	0.000000	0.000000
86	tsk_86	(x)	1	:	1.000000	0.000000	0.000000	0.000000	0.000000	0.000000	0.000000
87	tsk_87	(x)	1	:	0.999974	0.000000	0.000000	0.000000	0.000026	0.000000	0.000000
88	tsk_88	(x)	1	:	1.000000	0.000000	0.000000	0.000000	0.000000	0.000000	0.000000
89	tsk_89	(x)	1	:	1.000000	0.000000	0.000000	0.000000	0.000000	0.000000	0.000000
90	tsk_90	(x)	1	:	0.654130	0.000000	0.000000	0.000000	0.345870	0.000000	0.000000
91	tsk_91	(x)	1	:	0.619103	0.000000	0.000000	0.000000	0.380897	0.000000	0.000000
92	tsk_92	(x)	1	:	0.654130	0.000000	0.000000	0.000000	0.345870	0.000000	0.000000
93	tsk_93	(x)	1	:	0.000000	0.000000	0.000000	0.000000	1.000000	0.000000	0.000000
94	tsk_94	(x)	1	:	0.695673	0.000000	0.000000	0.000000	0.304327	0.000000	0.000000
95	tsk_95	(x)	1	:	0.000000	0.000000	0.000000	0.000000	1.000000	0.000000	0.000000
96	tsk_96	(x)	1	:	0.000000	0.000000	0.000000	0.000000	1.000000	0.000000	0.000000
97	tsk_97	(x)	1	:	0.000000	0.000000	0.000000	0.000000	1.000000	0.000000	0.000000
98	tsk_98	(x)	1	:	0.000000	0.000000	0.000000	0.000000	1.000000	0.000000	0.000000
99	tsk_99	(x)	1	:	0.000000	0.000000	0.000000	0.000000	1.000000	0.000000	0.000000
