logL = -486.930376 (converged)
AIC = 2549.860751
BIC = 4602.734858

count.K
19 10 1 30 10 30 

