logL = -1436.337094 (converged)
AIC = 3590.674188
BIC = 4525.930285

count.K
55 15 30 

