logL = -474.058156 (converged)
AIC = 2946.116312
BIC = 5548.681328

count.K
7 11 12 18 12 15 25 

