logL = -1955.691559 (converged)
AIC = 5335.383118
BIC = 7190.264291

count.K
27 49 7 17 

