logL = -2847.504545 (converged)
AIC = 6671.009089
BIC = 7942.332140

count.K
14 52 34 

