logL = -561.866418 (converged)
AIC = 1709.732837
BIC = 2473.047701

count.K
18 47 35 

