logL = -3846.248665 (converged)
AIC = 8140.497330
BIC = 8724.055451

count.K
30 70 

