logL = -1121.935820 (converged)
AIC = 3291.871641
BIC = 4656.980818

count.K
12 18 42 28 

