logL = -318.960380 (converged)
AIC = 2645.920760
BIC = 5261.511626

count.K
22 4 14 13 15 4 23 5 

