logL = -928.157252 (converged)
AIC = 2888.314504
BIC = 4232.582320

count.K
27 21 30 22 

