logL = -1067.310721 (converged)
AIC = 3574.621443
BIC = 5450.343977

count.K
12 50 12 26 

