logL = -1465.630871 (converged)
AIC = 4783.261742
BIC = 7195.649334

count.K
20 14 38 14 9 5 

