logL = -2084.793750 (converged)
AIC = 7825.587500
BIC = 12587.838600

count.K
13 14 12 5 10 5 31 10 

