logL = -960.229520 (converged)
AIC = 4392.459040
BIC = 7612.449390

count.K
20 18 2 20 9 18 1 12 

