logL = -817.921890 (converged)
AIC = 3135.843779
BIC = 5089.721419

count.K
17 21 45 12 5 

