logL = -527.525208 (converged)
AIC = 2801.050417
BIC = 5075.363989

count.K
9 14 8 19 18 22 10 

