logL = -733.683727 (converged)
AIC = 4579.367453
BIC = 8633.012263

count.K
5 17 20 25 7 18 5 3 

