logL = -580.086705 (converged)
AIC = 3312.173410
BIC = 6115.336530

count.K
3 20 19 18 7 20 13 

