logL = -831.372023 (converged)
AIC = 3702.744046
BIC = 6360.017636

count.K
11 34 15 4 9 15 12 

