logL = -736.475943 (converged)
AIC = 3302.951885
BIC = 5686.682605

count.K
19 6 16 18 23 6 12 

