logL = -646.862604 (converged)
AIC = 3829.725209
BIC = 7133.081005

count.K
15 16 12 6 19 13 8 8 3 

