logL = -771.108645 (converged)
AIC = 4402.217291
BIC = 8127.610657

count.K
12 8 13 1 2 28 13 8 8 7 

