logL = -974.814560 (converged)
AIC = 2679.629120
BIC = 3630.516238

count.K
19 60 21 

