logL = -629.458836 (converged)
AIC = 2774.917671
BIC = 4749.636672

count.K
12 4 9 18 36 21 

