logL = -581.597573 (converged)
AIC = 1875.195146
BIC = 2802.635732

count.K
43 37 20 

