logL = -596.291885 (converged)
AIC = 2532.583770
BIC = 4278.047795

count.K
19 5 23 31 22 

