logL = -904.822699 (converged)
AIC = 2467.645398
BIC = 3324.746389

count.K
43 15 42 

