logL = -906.584494 (converged)
AIC = 4125.168988
BIC = 7136.745723

count.K
24 14 9 12 20 8 8 5 

