logL = -200.029892 (converged)
AIC = 3386.059783
BIC = 7275.578871

count.K
10 2 10 21 20 17 8 9 3 

