logL = -2200.380393 (converged)
AIC = 4972.760787
BIC = 5717.839460

count.K
75 25 

