logL = -764.066309 (converged)
AIC = 3284.132618
BIC = 5571.472042

count.K
20 24 10 17 9 20 

