logL = -1416.115278 (converged)
AIC = 3520.230556
BIC = 4416.409100

count.K
59 32 9 

