logL = -464.201168 (converged)
AIC = 3032.402337
BIC = 5773.041373

count.K
15 13 24 1 13 1 5 28 

