logL = -966.166683 (converged)
AIC = 3084.333366
BIC = 4584.911393

count.K
28 31 8 33 

