logL = -313.990070 (converged)
AIC = 3355.980140
BIC = 6909.432274

count.K
19 9 24 14 1 30 1 2 

