logL = -891.780199 (converged)
AIC = 5057.560398
BIC = 9322.223992

count.K
8 14 8 10 20 2 33 3 2 

