logL = -1501.373146 (converged)
AIC = 4692.746292
BIC = 6894.115099

count.K
25 24 19 25 7 

