logL = -671.451217 (converged)
AIC = 3750.902433
BIC = 6887.527337

count.K
9 20 13 7 15 3 12 21 

