logL = -1078.615526 (converged)
AIC = 3637.231052
BIC = 5565.056989

count.K
25 12 10 20 33 

