logL = -859.106520 (converged)
AIC = 2694.213040
BIC = 3965.536091

count.K
30 39 19 12 

