logL = -424.987753 (converged)
AIC = 3015.975506
BIC = 5837.374818

count.K
12 17 27 6 8 20 10 

