logL = -589.320528 (converged)
AIC = 3092.641055
BIC = 5585.788923

count.K
9 22 12 12 5 6 34 

