logL = -1812.239447 (converged)
AIC = 6028.478893
BIC = 9159.893457

count.K
10 10 20 7 18 22 13 

