logL = -1859.026902 (converged)
AIC = 4538.053804
BIC = 5606.173580

count.K
55 27 18 

