logL = -1173.023186 (converged)
AIC = 5314.046371
BIC = 9180.118927

count.K
13 26 4 10 7 26 3 11 

