logL = -10565.148988 (not converged)
AIC = 21348.297975
BIC = 21632.261526

count.K
100 

