logL = -1533.009080 (converged)
AIC = 3554.018160
BIC = 4189.679685

count.K
90 10 

