logL = -440.015505 (converged)
AIC = 3448.031009
BIC = 6793.069528

count.K
8 5 8 27 13 12 2 25 

