logL = -1221.069603 (converged)
AIC = 3100.139206
BIC = 3957.240197

count.K
34 23 43 

