logL = -495.282118 (converged)
AIC = 3302.564236
BIC = 6314.140971

count.K
15 18 10 7 22 12 1 15 

