logL = -462.615111 (converged)
AIC = 1781.230222
BIC = 2896.243061

count.K
12 11 47 30 

