logL = -385.197775 (converged)
AIC = 3216.395550
BIC = 6402.518688

count.K
21 1 10 8 22 18 9 4 7 

