logL = -549.261113 (converged)
AIC = 3314.522226
BIC = 6201.050792

count.K
10 0 20 7 6 41 16 0 

