logL = -621.913354 (converged)
AIC = 3199.826707
BIC = 5747.683149

count.K
18 5 7 11 22 18 19 

