logL = -868.468258 (converged)
AIC = 4140.936517
BIC = 7272.351080

count.K
10 7 10 29 16 5 23 

