logL = -574.002233 (converged)
AIC = 2060.004465
BIC = 3247.962070

count.K
21 38 13 28 

