logL = -646.727589 (converged)
AIC = 2477.455179
BIC = 4019.715929

count.K
28 12 31 29 

