logL = -1397.182702 (converged)
AIC = 4898.365404
BIC = 7639.004440

count.K
11 10 19 37 15 8 

