logL = -586.888574 (converged)
AIC = 2749.777149
BIC = 4802.651255

count.K
9 18 6 34 13 20 

