logL = -1549.703890 (converged)
AIC = 3531.407780
BIC = 4094.124540

count.K
35 65 

