logL = -993.512481 (converged)
AIC = 2723.024961
BIC = 3681.727590

count.K
40 41 19 

