logL = -635.172667 (converged)
AIC = 2786.345335
BIC = 4761.064336

count.K
7 20 24 17 22 10 

