logL = -528.808899 (converged)
AIC = 2921.617799
BIC = 5349.636412

count.K
11 8 32 19 20 10 

