logL = -640.894113 (converged)
AIC = 2179.788227
BIC = 3349.509640

count.K
42 57 1 

