logL = -1278.033684 (converged)
AIC = 3286.067367
BIC = 4236.954485

count.K
42 21 37 

