logL = -991.746945 (converged)
AIC = 3143.493891
BIC = 4654.492599

count.K
12 20 21 47 

