logL = -1024.255783 (converged)
AIC = 4616.511566
BIC = 7961.550085

count.K
18 6 40 3 6 15 9 3 

