logL = -720.974878 (converged)
AIC = 4031.949757
BIC = 7405.645147

count.K
11 12 22 0 7 21 1 13 13 

