logL = -1851.965674 (converged)
AIC = 5295.931348
BIC = 7369.646816

count.K
14 51 19 16 

