logL = -1139.664460 (converged)
AIC = 3809.328919
BIC = 5802.284111

count.K
13 9 22 46 10 

