logL = -796.292556 (converged)
AIC = 2632.585111
BIC = 3987.273608

count.K
37 23 25 15 

