logL = -430.860170 (converged)
AIC = 3721.720340
BIC = 7447.113706

count.K
5 0 9 16 18 12 8 12 13 7 

