logL = -394.645586 (converged)
AIC = 2909.291172
BIC = 5670.771569

count.K
8 13 8 3 6 8 38 16 

