logL = -1110.040540 (converged)
AIC = 3244.081080
BIC = 4577.928215

count.K
41 17 23 19 

