logL = -13049.292990 (not converged)
AIC = 26334.585980
BIC = 26641.996062

count.K
100 

