logL = -475.033154 (converged)
AIC = 2442.066308
BIC = 4385.523266

count.K
7 24 20 20 17 12 

