logL = -1173.311755 (converged)
AIC = 5106.623510
BIC = 8701.758367

count.K
6 10 27 10 13 23 5 6 

