logL = -492.069910 (converged)
AIC = 3502.139821
BIC = 6782.049085

count.K
15 10 6 34 2 10 19 0 4 

