logL = -904.912157 (converged)
AIC = 4769.824315
BIC = 8625.476190

count.K
17 10 9 1 11 9 6 25 10 2 

