logL = -2266.891691 (converged)
AIC = 6613.783383
BIC = 9323.160376

count.K
6 49 1 13 15 16 

