logL = -439.844158 (converged)
AIC = 2371.688316
BIC = 4315.145275

count.K
21 23 24 10 9 13 

