logL = -351.810243 (converged)
AIC = 2823.620486
BIC = 5585.100883

count.K
10 10 24 13 30 10 2 1 

