logL = -843.034861 (converged)
AIC = 4786.069722
BIC = 8824.083510

count.K
1 12 15 12 3 5 18 17 11 6 

