logL = -1202.875330 (converged)
AIC = 2749.750659
BIC = 3197.839931

count.K
51 49 

