logL = -396.254193 (converged)
AIC = 2848.508386
BIC = 5526.623337

count.K
23 13 16 21 10 7 0 10 

