logL = -513.647722 (converged)
AIC = 2297.295444
BIC = 3951.578512

count.K
16 17 28 23 16 

