logL = -749.169847 (converged)
AIC = 4106.339694
BIC = 7503.481617

count.K
8 22 3 1 2 15 12 11 26 

