logL = -636.242446 (converged)
AIC = 2304.484892
BIC = 3648.752708

count.K
9 32 20 39 

