logL = -1024.421236 (converged)
AIC = 4188.842471
BIC = 6976.374570

count.K
9 5 9 49 17 11 

