logL = -1681.116786 (converged)
AIC = 5192.233571
BIC = 7575.964291

count.K
7 31 27 17 18 

