logL = -1037.398609 (converged)
AIC = 2960.797217
BIC = 4114.887609

count.K
23 17 60 

