logL = -454.574846 (converged)
AIC = 3679.149693
BIC = 7287.310400

count.K
9 9 20 10 12 2 18 15 5 

