logL = -1645.143853 (converged)
AIC = 4164.287705
BIC = 5302.747076

count.K
40 42 18 

