logL = -559.581477 (converged)
AIC = 3511.162954
BIC = 6626.946497

count.K
20 10 12 8 17 3 17 13 

