logL = -445.614979 (converged)
AIC = 2181.229957
BIC = 3861.564727

count.K
14 24 36 19 7 

