logL = -690.935546 (converged)
AIC = 4281.871091
BIC = 8059.367861

count.K
11 1 21 7 1 9 20 8 8 14 

