logL = -866.235278 (converged)
AIC = 4592.470555
BIC = 8317.863921

count.K
9 12 16 20 9 8 4 4 18 

