logL = -876.375771 (converged)
AIC = 3328.751542
BIC = 5381.625649

count.K
6 26 26 42 

