logL = -1165.741112 (converged)
AIC = 2687.482224
BIC = 3151.202517

count.K
73 27 

