logL = -772.097070 (converged)
AIC = 2994.194141
BIC = 4882.942526

count.K
24 20 9 26 21 

