logL = -642.716107 (converged)
AIC = 3857.432213
BIC = 7207.681072

count.K
6 11 30 11 11 10 8 13 0 

