logL = -2666.323799 (converged)
AIC = 6700.647597
BIC = 8482.584004

count.K
26 19 21 34 

