logL = -558.698437 (converged)
AIC = 2513.396874
BIC = 4331.805664

count.K
2 12 10 31 23 22 

