logL = -348.992787 (converged)
AIC = 2527.985573
BIC = 4911.716293

count.K
20 30 10 9 19 2 10 

