logL = -661.872326 (converged)
AIC = 2203.744652
BIC = 3350.019534

count.K
37 18 34 11 

