logL = -406.651108 (converged)
AIC = 2685.302215
BIC = 5123.741509

count.K
8 22 23 17 10 10 10 

