logL = -933.587532 (converged)
AIC = 4619.175065
BIC = 8203.889241

count.K
2 8 8 15 16 10 11 8 22 

