logL = -822.309985 (converged)
AIC = 2362.619969
BIC = 3297.876066

count.K
23 43 34 

