logL = -1648.792063 (converged)
AIC = 4087.584127
BIC = 5116.626350

count.K
23 19 58 

