logL = -420.926970 (converged)
AIC = 3863.853940
BIC = 7800.266091

count.K
18 1 18 9 21 20 10 1 2 

