logL = -1204.921189 (converged)
AIC = 3097.842378
BIC = 3994.020922

count.K
19 61 20 

