logL = -770.075846 (converged)
AIC = 3510.151692
BIC = 6076.244325

count.K
4 14 35 7 17 19 4 

