logL = -412.131277 (converged)
AIC = 2112.262553
BIC = 3789.992153

count.K
30 20 12 7 12 19 

