logL = -468.472304 (converged)
AIC = 3436.944609
BIC = 6693.407341

count.K
3 8 5 11 8 4 11 28 22 

