logL = -842.486623 (converged)
AIC = 3134.973246
BIC = 5023.721631

count.K
11 49 4 26 10 

