logL = -909.052708 (converged)
AIC = 3248.105415
BIC = 5110.802098

count.K
25 10 24 30 11 

