logL = -684.901388 (converged)
AIC = 3809.802775
BIC = 6988.110402

count.K
26 11 6 1 25 10 12 9 

