logL = -1115.337338 (converged)
AIC = 2698.674675
BIC = 3308.284499

count.K
55 45 

