logL = -277.361237 (converged)
AIC = 3494.722474
BIC = 7324.322648

count.K
9 0 11 8 5 9 14 21 23 0 

