logL = -1330.158206 (converged)
AIC = 4570.316412
BIC = 7058.253939

count.K
40 21 8 30 1 

