logL = -632.412884 (converged)
AIC = 2724.825767
BIC = 4626.600003

count.K
10 44 14 19 13 

