logL = -6062.830506 (converged)
AIC = 12889.661012
BIC = 13884.836023

count.K
59 41 

