logL = -630.276449 (converged)
AIC = 2440.552898
BIC = 3977.603308

count.K
16 15 15 12 42 

