logL = -864.695559 (converged)
AIC = 2561.391118
BIC = 3645.141916

count.K
39 20 41 

