logL = -1288.162038 (converged)
AIC = 3264.324075
BIC = 4160.502619

count.K
70 13 17 

