logL = -1063.101453 (converged)
AIC = 3190.202906
BIC = 4576.153445

count.K
28 52 10 10 

