logL = -1044.818709 (converged)
AIC = 4417.637418
BIC = 7450.055514

count.K
29 1 10 1 38 11 3 7 

