logL = -758.128474 (converged)
AIC = 4116.256948
BIC = 7502.978190

count.K
2 27 14 4 12 9 21 11 

