logL = -1068.129420 (converged)
AIC = 3988.258840
BIC = 6400.646432

count.K
15 30 12 10 11 22 

