logL = -290.623486 (converged)
AIC = 2467.246973
BIC = 4923.922458

count.K
13 23 11 9 10 19 15 

