logL = -1430.337943 (converged)
AIC = 3590.675887
BIC = 4541.563005

count.K
39 25 36 

