logL = -1237.928441 (converged)
AIC = 5229.856883
BIC = 8817.176229

count.K
18 33 0 25 12 5 7 

