logL = -1284.731921 (converged)
AIC = 2941.463843
BIC = 3426.025497

count.K
28 72 

