logL = -570.377182 (converged)
AIC = 3292.754365
BIC = 6095.917485

count.K
12 10 14 1 20 13 14 16 

