logL = -1248.883356 (converged)
AIC = 4087.766711
BIC = 6158.877009

count.K
5 15 7 40 33 

