logL = -539.878633 (converged)
AIC = 3597.757266
BIC = 6877.666531

count.K
37 1 12 5 22 6 8 7 2 

