logL = -1878.372913 (converged)
AIC = 4900.745825
BIC = 6390.903172

count.K
16 51 33 

