logL = -1420.918219 (converged)
AIC = 5035.836438
BIC = 7893.708132

count.K
5 20 14 5 27 16 13 

