logL = -1246.363754 (converged)
AIC = 3306.727507
BIC = 4367.031773

count.K
50 40 10 

