logL = -417.200434 (converged)
AIC = 3554.400867
BIC = 7097.432320

count.K
6 9 2 19 11 11 9 9 12 12 

