logL = -911.943006 (converged)
AIC = 3835.886012
BIC = 6456.687219

count.K
9 11 10 0 54 10 6 

