logL = -694.508052 (converged)
AIC = 3625.016103
BIC = 6537.596371

count.K
14 17 14 15 12 10 18 

