logL = -1734.314225 (converged)
AIC = 3884.628449
BIC = 4426.503848

count.K
50 50 

