logL = -15314.043501 (not converged)
AIC = 30876.087002
BIC = 31199.128105

count.K
100 

