logL = -2086.510348 (converged)
AIC = 8793.020697
BIC = 14810.963827

count.K
14 0 4 5 11 16 19 11 1 19 

