logL = -499.766489 (converged)
AIC = 2015.532977
BIC = 3338.959432

count.K
37 20 20 23 

