logL = -539.110203 (converged)
AIC = 3678.220405
BIC = 7064.941647

count.K
12 17 7 3 10 1 11 14 13 12 

