logL = -1002.327490 (converged)
AIC = 2848.654980
BIC = 3948.036799

count.K
30 58 12 

