logL = -607.492824 (converged)
AIC = 2826.985648
BIC = 4926.752818

count.K
7 5 40 6 22 20 

