logL = -931.463691 (converged)
AIC = 4158.927382
BIC = 7149.662756

count.K
7 6 14 13 11 9 17 23 

