logL = -1474.376475 (converged)
AIC = 6188.752950
BIC = 10409.128652

count.K
15 16 7 13 6 9 20 14 

