logL = -884.938002 (converged)
AIC = 2403.876003
BIC = 3229.714952

count.K
41 25 34 

