logL = -3601.957878 (converged)
AIC = 7683.915756
BIC = 8309.156600

count.K
55 45 

