logL = -970.451637 (converged)
AIC = 2670.903274
BIC = 3621.790392

count.K
36 32 32 

