logL = -2082.521193 (converged)
AIC = 6709.042387
BIC = 10022.818863

count.K
11 24 21 13 8 4 19 

