logL = -1207.322751 (converged)
AIC = 2794.645502
BIC = 3289.627837

count.K
90 10 

