logL = -764.936918 (converged)
AIC = 4677.873836
BIC = 8778.411709

count.K
8 26 10 10 19 3 4 15 5 

