logL = -1132.901244 (converged)
AIC = 4459.802487
BIC = 7317.674181

count.K
10 24 19 14 12 3 18 

