logL = -815.918246 (converged)
AIC = 2271.836492
BIC = 3105.490952

count.K
10 47 43 

