logL = -660.138252 (converged)
AIC = 2620.276504
BIC = 4313.637124

count.K
19 26 20 31 4 

