logL = -297.832844 (converged)
AIC = 1745.665688
BIC = 3243.638545

count.K
12 30 20 18 20 

