logL = -736.965602 (converged)
AIC = 4999.931204
BIC = 9592.846242

count.K
5 12 8 18 25 5 24 0 3 

