logL = -564.596502 (converged)
AIC = 3989.193005
BIC = 7714.586371

count.K
27 0 8 24 3 16 10 1 3 8 

