logL = -1409.119082 (converged)
AIC = 5642.238165
BIC = 9320.738467

count.K
4 19 24 9 8 10 7 19 

