logL = -347.906293 (converged)
AIC = 3135.812586
BIC = 6314.120213

count.K
27 19 0 6 7 6 13 3 13 6 

