logL = -2384.754313 (converged)
AIC = 6393.508625
BIC = 8508.906816

count.K
28 10 19 43 

