logL = -2373.380542 (converged)
AIC = 5686.761083
BIC = 6911.191070

count.K
64 16 20 

