logL = -979.668367 (converged)
AIC = 2283.336735
BIC = 2705.374305

count.K
63 37 

