logL = -1096.839363 (converged)
AIC = 4621.678726
BIC = 7784.355332

count.K
18 12 19 7 24 20 

