logL = -2339.627079 (converged)
AIC = 6407.254158
BIC = 8658.121199

count.K
37 27 19 17 

