logL = -472.811236 (converged)
AIC = 3705.622472
BIC = 7300.757328

count.K
7 11 19 11 17 11 15 2 4 3 

