logL = -524.725687 (converged)
AIC = 2673.451373
BIC = 4788.849564

count.K
28 17 22 11 11 11 

