logL = -795.945075 (converged)
AIC = 2631.890151
BIC = 3986.578648

count.K
38 14 40 8 

