logL = -813.612147 (converged)
AIC = 3587.224293
BIC = 6140.291075

count.K
14 16 3 36 3 28 

