logL = -1140.885978 (converged)
AIC = 2933.771956
BIC = 3783.057436

count.K
42 29 29 

