logL = -501.071000 (converged)
AIC = 2874.142001
BIC = 5312.581295

count.K
20 16 23 11 15 0 15 

