logL = -221.592173 (converged)
AIC = 1937.184347
BIC = 3883.246476

count.K
25 13 26 11 17 5 3 

