logL = -520.462499 (converged)
AIC = 3558.924998
BIC = 6838.834262

count.K
13 6 17 22 10 2 10 11 9 

