logL = -334.482633 (converged)
AIC = 2862.965266
BIC = 5720.836960

count.K
12 9 2 21 13 21 12 9 1 

