logL = -611.121447 (converged)
AIC = 2966.242895
BIC = 5237.951297

count.K
21 5 15 30 2 27 

