logL = -1510.214220 (converged)
AIC = 3412.428441
BIC = 3923.041797

count.K
38 62 

