logL = -605.702420 (converged)
AIC = 3279.404841
BIC = 5973.150813

count.K
2 31 19 1 20 1 26 

