logL = -2169.869373 (converged)
AIC = 5429.738746
BIC = 6849.556498

count.K
33 21 46 

