logL = -896.563915 (converged)
AIC = 4437.127831
BIC = 7881.162816

count.K
10 9 1 37 17 2 3 13 8 

