logL = -792.195528 (converged)
AIC = 2344.391056
BIC = 3334.355726

count.K
50 34 16 

