logL = -807.875323 (converged)
AIC = 5755.750647
BIC = 11148.452932

count.K
10 6 13 9 3 10 10 16 2 21 

