logL = -1501.232606 (converged)
AIC = 4512.465213
BIC = 6479.368703

count.K
14 5 15 41 25 

