logL = -346.365195 (converged)
AIC = 3452.730389
BIC = 7047.865246

count.K
21 1 1 9 17 2 12 9 6 22 

