logL = -529.927462 (converged)
AIC = 3433.854924
BIC = 6526.191935

count.K
13 10 19 5 3 20 9 5 16 

