logL = -317.709609 (converged)
AIC = 3095.419218
BIC = 6299.778546

count.K
10 5 4 15 2 17 10 12 18 7 

