logL = -1768.248193 (converged)
AIC = 6594.496385
BIC = 10577.801600

count.K
8 8 20 15 3 1 21 9 15 

