logL = -309.508373 (converged)
AIC = 3179.016747
BIC = 6513.634585

count.K
2 22 14 20 9 0 15 2 10 6 

