logL = -581.067483 (converged)
AIC = 2034.134967
BIC = 3169.989168

count.K
23 21 28 28 

