logL = -466.511438 (converged)
AIC = 2641.022877
BIC = 4865.838216

count.K
20 7 12 13 17 31 

