logL = -487.117213 (converged)
AIC = 2634.234427
BIC = 4796.525681

count.K
19 10 13 21 29 8 

