logL = -643.926034 (converged)
AIC = 1885.852067
BIC = 2664.797953

count.K
10 63 27 

