logL = -646.554559 (converged)
AIC = 3733.109118
BIC = 6911.416745

count.K
10 15 11 16 4 15 10 19 

