logL = -468.334679 (converged)
AIC = 2934.669357
BIC = 5537.234373

count.K
7 15 13 13 23 13 16 

