logL = -469.126545 (converged)
AIC = 3518.253090
BIC = 6878.922630

count.K
6 11 10 3 28 4 14 17 3 4 

