logL = -1267.418275 (converged)
AIC = 4574.836550
BIC = 7232.110139

count.K
40 7 3 32 18 

