logL = -423.989559 (converged)
AIC = 3351.979119
BIC = 6613.652192

count.K
3 17 8 11 6 28 20 7 

