logL = -851.500141 (converged)
AIC = 3351.000281
BIC = 5497.660514

count.K
0 26 11 30 14 19 

