logL = -862.600671 (converged)
AIC = 3765.201342
BIC = 6422.474932

count.K
9 10 4 15 13 21 28 

