logL = -1737.351077 (converged)
AIC = 3838.702154
BIC = 4312.843128

count.K
78 22 

