logL = -361.860570 (converged)
AIC = 2747.721141
BIC = 5384.153369

count.K
14 2 13 28 13 6 5 19 

