logL = -272.648250 (converged)
AIC = 3265.296501
BIC = 6808.327954

count.K
18 10 10 4 10 10 7 19 11 1 

