logL = -330.261111 (converged)
AIC = 2248.522221
BIC = 4317.027349

count.K
16 14 14 15 22 19 

