logL = -288.406392 (converged)
AIC = 3336.812784
BIC = 6931.947641

count.K
2 10 10 7 23 0 6 19 13 10 

