logL = -1901.726207 (converged)
AIC = 4183.452414
BIC = 4678.434750

count.K
64 36 

