logL = -771.845485 (converged)
AIC = 2249.690969
BIC = 3169.316045

count.K
13 57 30 

