logL = -693.936868 (converged)
AIC = 2395.873736
BIC = 3708.879509

count.K
6 39 33 22 

