logL = -241.058756 (converged)
AIC = 3108.117512
BIC = 6528.705966

count.K
10 15 12 14 6 5 10 21 7 

