logL = -667.341041 (converged)
AIC = 2624.682083
BIC = 4305.016853

count.K
39 16 18 15 12 

