logL = -359.388338 (converged)
AIC = 2394.776677
BIC = 4577.909292

count.K
12 29 9 16 7 1 26 

