logL = -1988.397092 (converged)
AIC = 4556.794184
BIC = 5312.293538

count.K
92 8 

