logL = -1142.821967 (converged)
AIC = 2757.643935
BIC = 3372.464099

count.K
20 80 

