logL = -1559.993772 (converged)
AIC = 4089.987543
BIC = 5353.495084

count.K
83 7 10 

