logL = -453.604890 (converged)
AIC = 3371.209780
BIC = 6580.779449

count.K
1 4 10 26 16 13 6 4 20 

