logL = -1042.457186 (converged)
AIC = 2808.914372
BIC = 3751.985979

count.K
49 14 37 

