logL = -991.519863 (converged)
AIC = 4079.039726
BIC = 6809.258081

count.K
14 15 11 12 22 10 16 

