logL = -1476.833332 (converged)
AIC = 3803.666664
BIC = 4910.863993

count.K
10 42 48 

