logL = -703.561134 (converged)
AIC = 4033.122268
BIC = 7453.710723

count.K
6 1 30 15 9 3 0 14 22 

