logL = -1051.926478 (converged)
AIC = 5003.852956
BIC = 8781.349726

count.K
0 13 2 10 12 19 4 9 20 11 

