logL = -985.828113 (converged)
AIC = 4003.656226
BIC = 6650.509135

count.K
31 9 0 37 13 10 

