logL = -646.018843 (converged)
AIC = 3084.037687
BIC = 5418.270173

count.K
28 5 13 22 13 19 

