logL = -641.331774 (converged)
AIC = 3322.663548
BIC = 5979.937138

count.K
2 11 20 20 5 22 20 

