logL = -482.117966 (converged)
AIC = 2224.235933
BIC = 3865.493150

count.K
24 24 30 11 11 

