logL = -307.824365 (converged)
AIC = 3315.648730
BIC = 6832.628481

count.K
3 34 7 4 3 5 1 10 11 22 

