logL = -3297.062472 (converged)
AIC = 7206.124943
BIC = 8003.307020

count.K
17 83 

