logL = -866.421079 (converged)
AIC = 3392.842159
BIC = 5555.133413

count.K
11 2 21 28 17 21 

