logL = -353.131093 (converged)
AIC = 2452.262187
BIC = 4726.575759

count.K
22 19 19 10 8 3 19 

