logL = -737.223299 (converged)
AIC = 2602.446599
BIC = 4071.762584

count.K
44 27 21 8 

