logL = -709.525958 (converged)
AIC = 4117.051916
BIC = 7631.426497

count.K
10 17 13 6 13 13 17 4 7 

