logL = -750.175558 (converged)
AIC = 3568.351117
BIC = 6262.097089

count.K
11 9 21 10 30 8 11 

