logL = -3056.039484 (converged)
AIC = 6568.078968
BIC = 7162.057770

count.K
54 46 

