logL = -342.799916 (converged)
AIC = 2347.599833
BIC = 4512.496257

count.K
12 12 0 10 23 22 21 

