logL = -854.347989 (converged)
AIC = 2336.695978
BIC = 3154.719416

count.K
52 19 29 

