logL = -547.123723 (converged)
AIC = 2324.247447
BIC = 3926.427111

count.K
10 13 11 36 30 

