logL = -759.394298 (converged)
AIC = 3544.788596
BIC = 6183.825995

count.K
10 11 10 20 13 25 11 

