logL = -1448.629330 (converged)
AIC = 3369.258661
BIC = 3984.078824

count.K
60 40 

