logL = -750.345006 (converged)
AIC = 3428.690012
BIC = 5940.074071

count.K
8 20 14 20 2 4 32 

