logL = -337.998283 (converged)
AIC = 2651.996567
BIC = 5225.904710

count.K
26 1 19 1 20 3 3 27 

