logL = -467.110394 (converged)
AIC = 2194.220789
BIC = 3835.478006

count.K
12 18 40 22 8 

