logL = -725.638661 (converged)
AIC = 3667.277323
BIC = 6553.805889

count.K
22 1 6 19 17 22 3 10 

