logL = -2910.088721 (converged)
AIC = 6706.177441
BIC = 7860.267834

count.K
15 31 54 

