logL = -368.656457 (converged)
AIC = 2343.312914
BIC = 4435.264574

count.K
15 25 2 17 23 2 16 

