logL = -904.704612 (converged)
AIC = 5551.409224
BIC = 10425.682642

count.K
6 12 7 3 24 7 18 10 13 

