logL = -1335.347803 (converged)
AIC = 3430.695607
BIC = 4420.660277

count.K
16 26 58 

