logL = -1391.163247 (converged)
AIC = 5228.326495
BIC = 8414.449632

count.K
9 7 27 9 19 16 13 

