logL = -608.799105 (converged)
AIC = 3609.598210
BIC = 6725.381753

count.K
8 6 21 15 5 26 18 1 

