logL = -690.330421 (converged)
AIC = 4240.660842
BIC = 7966.054208

count.K
12 3 1 2 7 4 8 20 26 17 

