logL = -337.320986 (converged)
AIC = 2850.641972
BIC = 5685.067135

count.K
14 7 2 11 15 22 5 23 1 

