logL = -796.739988 (converged)
AIC = 3229.479976
BIC = 5360.509189

count.K
8 20 17 34 4 17 

