logL = -211.763630 (converged)
AIC = 2383.527261
BIC = 4936.594043

count.K
9 16 14 17 12 18 12 2 

