logL = -746.906124 (converged)
AIC = 3463.812247
BIC = 6029.904881

count.K
11 11 9 9 14 8 38 

