logL = -982.560564 (converged)
AIC = 4081.121129
BIC = 6837.391186

count.K
37 22 18 12 1 10 

