logL = -446.361951 (converged)
AIC = 3076.723902
BIC = 5921.569745

count.K
22 16 16 12 10 10 2 12 

