logL = -1907.534221 (converged)
AIC = 4569.068442
BIC = 5551.217602

count.K
47 43 10 

