logL = -272.446322 (converged)
AIC = 2666.892643
BIC = 5430.978211

count.K
18 13 20 6 8 21 1 3 10 

