logL = -426.747677 (converged)
AIC = 2669.495353
BIC = 5034.989882

count.K
5 18 19 20 25 13 

