logL = -258.683624 (converged)
AIC = 1687.367248
BIC = 3211.391806

count.K
27 24 9 28 12 

