logL = -461.894650 (converged)
AIC = 3225.789300
BIC = 6224.340184

count.K
18 4 28 10 18 6 3 10 3 

