logL = -2498.398036 (converged)
AIC = 5672.796073
BIC = 6553.343595

count.K
69 31 

