logL = -1437.547610 (converged)
AIC = 3713.095220
BIC = 4804.661528

count.K
54 5 41 

