logL = -495.295912 (converged)
AIC = 3206.591824
BIC = 6093.120390

count.K
4 4 2 11 48 7 14 10 

