logL = -532.818603 (converged)
AIC = 3313.637205
BIC = 6241.848495

count.K
12 15 12 4 15 4 29 9 

