logL = -631.303840 (converged)
AIC = 2682.607680
BIC = 4532.278512

count.K
21 30 2 20 27 

