logL = -292.740751 (converged)
AIC = 3247.481502
BIC = 6714.963019

count.K
10 5 29 14 10 10 16 3 3 

