logL = -1226.772174 (converged)
AIC = 3669.544348
BIC = 5253.487821

count.K
44 11 21 24 

