logL = -557.513512 (converged)
AIC = 2635.027024
BIC = 4614.956365

count.K
19 20 26 25 10 

