logL = -489.411326 (converged)
AIC = 2188.822651
BIC = 3764.950614

count.K
47 6 24 10 13 

