logL = -651.421884 (converged)
AIC = 3712.843768
BIC = 6852.073842

count.K
9 8 28 13 5 13 10 9 5 

