logL = -2151.266058 (converged)
AIC = 4778.532115
BIC = 5398.562619

count.K
92 8 

