logL = -1492.356541 (converged)
AIC = 3336.713082
BIC = 3795.223035

count.K
66 34 

