logL = -566.938848 (converged)
AIC = 3705.877697
BIC = 7056.126556

count.K
18 19 5 18 1 9 18 0 12 

