logL = -519.297472 (converged)
AIC = 3838.594944
BIC = 7485.833205

count.K
4 0 25 18 4 10 3 8 8 20 

