logL = -1205.568474 (converged)
AIC = 3153.136948
BIC = 4119.655087

count.K
11 71 18 

