logL = -1422.392794 (converged)
AIC = 4124.785589
BIC = 5792.094508

count.K
23 19 47 11 

