logL = -1972.209172 (converged)
AIC = 4812.418344
BIC = 5943.062205

count.K
30 50 20 

