logL = -401.457451 (converged)
AIC = 2954.914902
BIC = 5758.078022

count.K
19 10 3 18 13 19 18 

