logL = -809.918297 (converged)
AIC = 3575.836594
BIC = 6123.693036

count.K
1 21 4 18 37 10 9 

