logL = -617.510478 (converged)
AIC = 2645.020956
BIC = 4481.665938

count.K
17 14 20 19 30 

