logL = -1059.343760 (converged)
AIC = 2938.687521
BIC = 4006.807297

count.K
27 34 39 

