logL = -620.746939 (converged)
AIC = 3705.493878
BIC = 6915.063547

count.K
29 10 11 10 3 18 2 9 8 

