logL = -820.118402 (converged)
AIC = 1992.236804
BIC = 2450.746757

count.K
46 54 

