logL = -885.560698 (converged)
AIC = 2851.121396
BIC = 4257.913296

count.K
23 6 21 50 

