logL = -503.445835 (converged)
AIC = 2166.891669
BIC = 3677.890377

count.K
14 20 20 29 17 

