logL = -418.989556 (converged)
AIC = 3463.979112
BIC = 6884.567566

count.K
14 16 2 10 18 18 1 14 7 

