logL = -1557.744992 (converged)
AIC = 3503.489983
BIC = 4008.893000

count.K
30 70 

