logL = -698.138145 (converged)
AIC = 3752.276289
BIC = 6821.166768

count.K
14 9 5 6 4 19 10 31 2 

