logL = -418.364403 (converged)
AIC = 2876.728806
BIC = 5534.002395

count.K
18 12 20 10 10 0 13 17 

