logL = -2036.334343 (converged)
AIC = 7792.668686
BIC = 12638.285232

count.K
15 9 11 0 9 18 1 13 2 22 

