logL = -1888.514449 (converged)
AIC = 6205.028899
BIC = 9367.705505

count.K
5 10 10 37 7 31 

