logL = -625.436404 (converged)
AIC = 2440.872808
BIC = 3990.949069

count.K
11 41 21 2 25 

