logL = -535.880051 (converged)
AIC = 3351.760103
BIC = 6321.654115

count.K
23 12 28 4 10 2 13 8 

