logL = -602.988841 (converged)
AIC = 3669.977683
BIC = 6879.547352

count.K
12 4 20 0 3 24 6 22 9 

