logL = -1080.618416 (converged)
AIC = 3169.236832
BIC = 4482.242605

count.K
28 40 12 20 

