logL = -599.175708 (converged)
AIC = 2666.351415
BIC = 4578.546332

count.K
11 19 28 18 21 3 

