logL = -563.257061 (converged)
AIC = 3110.514122
BIC = 5694.842947

count.K
12 10 7 1 28 4 38 

