logL = -3068.581515 (converged)
AIC = 6581.163029
BIC = 7159.510810

count.K
50 50 

