logL = -454.820763 (converged)
AIC = 3461.641526
BIC = 6785.838683

count.K
2 33 1 19 8 20 11 6 

