logL = -2122.528971 (converged)
AIC = 8805.057942
BIC = 14744.845966

count.K
1 13 15 9 11 7 14 3 17 10 

