logL = -441.904270 (converged)
AIC = 3545.808540
BIC = 7013.290057

count.K
10 1 19 10 11 5 24 11 9 

