logL = -1110.040149 (converged)
AIC = 3284.080298
BIC = 4670.030837

count.K
23 21 9 47 

