logL = -1604.801279 (converged)
AIC = 5289.602559
BIC = 7998.979552

count.K
17 19 43 10 11 

