logL = -926.842214 (converged)
AIC = 4355.684428
BIC = 7614.752330

count.K
8 34 12 10 18 4 14 

