logL = -565.579086 (converged)
AIC = 2083.158173
BIC = 3323.219181

count.K
40 17 19 24 

