logL = -747.926847 (converged)
AIC = 2487.853693
BIC = 3780.018106

count.K
39 18 26 17 

