logL = -747.230031 (converged)
AIC = 2446.460062
BIC = 3686.521070

count.K
47 9 31 13 

