logL = -239.945247 (converged)
AIC = 2487.890494
BIC = 5103.481361

count.K
19 25 20 20 1 0 8 7 

