logL = -384.193352 (converged)
AIC = 2248.386704
BIC = 4176.212642

count.K
11 10 7 10 29 33 

