logL = -785.170691 (converged)
AIC = 3182.341383
BIC = 5282.108553

count.K
3 16 22 22 17 20 

