logL = -1099.690276 (converged)
AIC = 5135.380552
BIC = 8959.770385

count.K
21 9 24 23 7 10 6 

