logL = -712.664427 (converged)
AIC = 4345.328853
BIC = 8148.877325

count.K
1 14 5 1 1 12 9 6 21 30 

