logL = -559.185007 (converged)
AIC = 2682.370015
BIC = 4719.613100

count.K
14 28 24 18 1 15 

