logL = -2547.678230 (converged)
AIC = 6855.356459
BIC = 9147.906223

count.K
13 34 26 14 13 

