logL = -918.697098 (converged)
AIC = 3387.394196
BIC = 5406.401090

count.K
21 14 8 27 30 

