logL = -831.862329 (converged)
AIC = 2883.724658
BIC = 4472.878471

count.K
17 35 33 6 9 

