logL = -1056.788171 (converged)
AIC = 4335.576342
BIC = 7229.920419

count.K
17 16 6 0 40 18 3 

