logL = -396.216834 (converged)
AIC = 2454.433668
BIC = 4619.330092

count.K
11 15 12 17 10 15 20 

