logL = -582.044294 (converged)
AIC = 4064.088587
BIC = 7841.585357

count.K
2 19 1 15 17 1 21 11 5 8 

