logL = -1314.669621 (converged)
AIC = 3383.339241
BIC = 4365.488401

count.K
48 35 17 

