logL = -1829.388476 (converged)
AIC = 4130.776952
BIC = 4745.597116

count.K
92 8 

