logL = -814.711196 (converged)
AIC = 2653.422392
BIC = 3987.269528

count.K
33 25 28 14 

