logL = -291.507943 (converged)
AIC = 3695.015886
BIC = 7748.660695

count.K
1 18 19 14 5 5 13 7 18 

