logL = -1019.018441 (converged)
AIC = 2726.036882
BIC = 3622.215426

count.K
16 39 45 

