logL = -1102.093292 (converged)
AIC = 3284.186584
BIC = 4690.978484

count.K
27 32 31 10 

