logL = -1928.518722 (converged)
AIC = 4587.037443
BIC = 5537.924561

count.K
56 30 14 

