logL = -990.767100 (converged)
AIC = 3077.534200
BIC = 4505.167462

count.K
24 28 30 18 

