logL = -446.494304 (converged)
AIC = 3632.988607
BIC = 7202.071762

count.K
5 3 21 21 8 13 3 6 12 8 

