logL = -1859.682133 (converged)
AIC = 4203.364265
BIC = 4833.815450

count.K
29 71 

