logL = -791.766024 (converged)
AIC = 3671.532048
BIC = 6391.329722

count.K
21 1 17 20 23 6 1 11 

