logL = -845.104419 (converged)
AIC = 2094.208837
BIC = 2620.453215

count.K
14 86 

