logL = -818.923207 (converged)
AIC = 2319.846413
BIC = 3208.209446

count.K
19 25 56 

