logL = -4034.685899 (converged)
AIC = 8581.371798
BIC = 9248.295366

count.K
87 13 

