logL = -529.758889 (converged)
AIC = 2647.517778
BIC = 4716.022906

count.K
8 6 7 29 10 40 

