logL = -1867.680467 (converged)
AIC = 4183.360934
BIC = 4766.919055

count.K
8 92 

