logL = -554.029407 (converged)
AIC = 3988.058815
BIC = 7739.503883

count.K
20 8 3 0 0 21 32 10 3 3 

