logL = -816.528642 (converged)
AIC = 3925.057285
BIC = 6910.582318

count.K
3 3 30 14 20 17 13 

