logL = -1362.488703 (converged)
AIC = 4714.977406
BIC = 7307.121741

count.K
43 7 18 20 12 

