logL = -562.413296 (converged)
AIC = 2324.826592
BIC = 3887.928703

count.K
18 10 10 33 29 

