logL = -1405.907728 (converged)
AIC = 4363.815455
BIC = 6385.427520

count.K
30 20 43 7 

