logL = -549.616126 (converged)
AIC = 4239.232252
BIC = 8329.349444

count.K
5 4 26 1 10 11 1 33 6 3 

