logL = -890.151557 (converged)
AIC = 4300.303114
BIC = 7582.817548

count.K
23 9 18 18 7 1 21 3 

