logL = -1716.034876 (converged)
AIC = 3856.069753
BIC = 4408.365832

count.K
59 41 

