logL = -528.415244 (converged)
AIC = 3376.830487
BIC = 6398.827903

count.K
10 16 10 21 10 9 12 4 8 

