logL = -3113.881313 (converged)
AIC = 7455.762627
BIC = 9055.337121

count.K
15 42 43 

