logL = -947.190801 (converged)
AIC = 5594.381601
BIC = 10413.946445

count.K
16 14 13 5 19 5 5 9 11 3 

