logL = -979.867267 (converged)
AIC = 3459.734534
BIC = 5413.612174

count.K
7 7 29 30 27 

