logL = -372.677845 (converged)
AIC = 2321.355690
BIC = 4374.229796

count.K
25 13 10 7 25 20 

