logL = -625.753877 (converged)
AIC = 3039.507755
BIC = 5368.529901

count.K
7 15 20 12 19 12 15 

