logL = -476.544820 (converged)
AIC = 3687.089640
BIC = 7248.357285

count.K
8 10 3 10 28 9 6 18 8 

