logL = -412.325559 (converged)
AIC = 3484.651118
BIC = 6949.527465

count.K
3 19 17 8 8 7 19 1 12 6 

