logL = -1703.295428 (converged)
AIC = 3894.590857
BIC = 4530.252382

count.K
71 29 

