logL = -1975.436416 (converged)
AIC = 4362.872831
BIC = 4899.537890

count.K
41 59 

