logL = -1217.614018 (converged)
AIC = 4923.228037
BIC = 8164.059748

count.K
32 7 28 12 3 18 

