logL = -956.240781 (converged)
AIC = 2654.481563
BIC = 3620.999702

count.K
18 41 41 

