logL = -430.275996 (converged)
AIC = 2704.551992
BIC = 5106.518903

count.K
20 29 15 2 4 17 13 

