logL = -976.846574 (converged)
AIC = 3973.693148
BIC = 6604.915035

count.K
21 3 46 29 1 

