logL = -753.480397 (converged)
AIC = 2176.960795
BIC = 3049.692807

count.K
54 36 10 

