logL = -691.247239 (converged)
AIC = 3756.494479
BIC = 6848.831490

count.K
7 18 10 4 19 9 6 7 20 

