logL = -283.135226 (converged)
AIC = 2494.270453
BIC = 5005.654512

count.K
16 0 22 12 10 12 5 23 

