logL = -917.248433 (converged)
AIC = 2762.496866
BIC = 3971.295832

count.K
30 37 23 10 

