logL = -750.279828 (converged)
AIC = 2644.559656
BIC = 4134.717003

count.K
45 20 17 18 

