logL = -708.405225 (converged)
AIC = 4416.810449
BIC = 8324.565728

count.K
11 16 14 1 4 4 28 11 2 9 

