logL = -1648.157154 (converged)
AIC = 3712.314308
BIC = 4254.189706

count.K
52 48 

