logL = -728.891110 (converged)
AIC = 2115.782220
BIC = 2972.883211

count.K
53 19 28 

