logL = -489.920693 (converged)
AIC = 2837.841385
BIC = 5258.044488

count.K
20 14 12 9 7 17 21 

