logL = -3693.195328 (converged)
AIC = 7930.390656
BIC = 8638.996947

count.K
73 27 

