logL = -563.921814 (converged)
AIC = 3897.843628
BIC = 7506.004336

count.K
6 23 18 9 7 17 4 9 7 

