logL = -1105.420897 (converged)
AIC = 3790.841793
BIC = 5848.926240

count.K
35 27 14 20 4 

