logL = -1436.958408 (converged)
AIC = 5921.916816
BIC = 9892.196180

count.K
4 9 7 16 30 2 11 21 

