logL = -680.889964 (converged)
AIC = 3921.779928
BIC = 7256.397766

count.K
3 1 2 13 17 9 1 4 16 34 

