logL = -2491.305528 (converged)
AIC = 5498.611055
BIC = 6170.744963

count.K
60 40 

