logL = -387.014932 (converged)
AIC = 2290.029864
BIC = 4264.748865

count.K
6 31 19 22 13 9 

