logL = -318.040482 (converged)
AIC = 3100.080964
BIC = 6309.650634

count.K
14 13 17 1 13 15 6 9 12 

