logL = -684.798325 (converged)
AIC = 2289.596651
BIC = 3487.974936

count.K
20 28 39 13 

