logL = -1650.829822 (converged)
AIC = 6589.659644
BIC = 10872.559430

count.K
9 5 10 29 11 18 13 5 

