logL = -851.249896 (converged)
AIC = 4540.499792
BIC = 8237.236285

count.K
15 5 10 10 10 21 29 

