logL = -1355.399362 (converged)
AIC = 3082.798723
BIC = 3567.360378

count.K
39 61 

