logL = -1695.541327 (converged)
AIC = 6911.082654
BIC = 11496.182181

count.K
5 22 14 9 10 14 6 0 10 10 

