logL = -425.660060 (converged)
AIC = 4011.320120
BIC = 8127.489014

count.K
10 10 7 3 3 24 3 8 14 18 

