logL = -1324.453343 (converged)
AIC = 4980.906686
BIC = 8018.535123

count.K
37 0 30 7 24 2 

