logL = -695.456474 (converged)
AIC = 2264.912948
BIC = 3403.372319

count.K
30 30 40 

