logL = -2655.330912 (converged)
AIC = 5730.661825
BIC = 6277.747564

count.K
31 69 

