logL = -1795.588848 (converged)
AIC = 3975.177696
BIC = 4475.370371

count.K
45 55 

