logL = -860.912946 (converged)
AIC = 3081.825892
BIC = 4853.341619

count.K
11 28 7 31 23 

