logL = -248.307947 (converged)
AIC = 2214.615894
BIC = 4452.457084

count.K
1 31 5 11 27 1 24 

