logL = -666.164709 (converged)
AIC = 4412.329419
BIC = 8424.291505

count.K
9 12 15 4 12 21 8 19 

