logL = -384.269249 (converged)
AIC = 2500.538498
BIC = 4756.615879

count.K
14 15 19 15 21 11 5 

