logL = -448.756107 (converged)
AIC = 2521.512214
BIC = 4636.910405

count.K
13 9 25 15 18 20 

