logL = -252.893896 (converged)
AIC = 3485.787792
BIC = 7367.491369

count.K
4 10 14 7 12 10 14 1 12 16 

