logL = -429.966481 (converged)
AIC = 2947.932962
BIC = 5667.730636

count.K
5 12 22 10 5 19 11 16 

