logL = -497.700950 (converged)
AIC = 3735.401900
BIC = 7304.485055

count.K
2 1 20 9 8 10 7 9 23 11 

