logL = -313.455611 (converged)
AIC = 2748.911222
BIC = 5512.996789

count.K
7 11 19 3 18 11 5 1 25 

