logL = -654.735738 (converged)
AIC = 1937.471475
BIC = 2755.494914

count.K
42 4 54 

