logL = -217.596476 (converged)
AIC = 2665.192951
BIC = 5569.957709

count.K
16 22 3 11 3 18 12 0 15 

