logL = -473.063777 (converged)
AIC = 4046.127553
BIC = 8084.141341

count.K
18 13 2 0 11 10 21 7 7 11 

