logL = -524.250476 (converged)
AIC = 3536.500952
BIC = 6777.332664

count.K
9 14 6 9 18 20 12 12 

