logL = -1248.571757 (converged)
AIC = 4197.143514
BIC = 6411.538172

count.K
22 26 25 15 12 

