logL = -422.387028 (converged)
AIC = 1964.774055
BIC = 3423.669360

count.K
37 12 13 11 27 

