logL = -439.142304 (converged)
AIC = 2736.284607
BIC = 5156.487710

count.K
12 11 6 19 11 23 18 

