logL = -920.310334 (converged)
AIC = 5220.620669
BIC = 9623.358283

count.K
16 7 15 5 2 9 19 14 9 4 

