logL = -722.748209 (converged)
AIC = 2413.496417
BIC = 3674.398787

count.K
31 34 15 20 

