logL = -753.199767 (converged)
AIC = 3190.399534
BIC = 5383.952830

count.K
21 5 16 30 3 25 

