logL = -1355.584993 (converged)
AIC = 3751.169986
BIC = 5105.858482

count.K
39 14 19 28 

