logL = -866.645742 (converged)
AIC = 3313.291485
BIC = 5371.375932

count.K
29 17 15 15 24 

