logL = -1285.059619 (converged)
AIC = 3258.119238
BIC = 4154.297782

count.K
11 57 32 

