logL = -291.370730 (converged)
AIC = 2982.741461
BIC = 6108.945684

count.K
5 19 12 15 9 13 1 0 9 17 

