logL = -446.140616 (converged)
AIC = 3632.281231
BIC = 7201.364386

count.K
9 1 9 11 12 0 16 14 15 13 

