logL = -649.656729 (converged)
AIC = 4719.313459
BIC = 9174.154477

count.K
4 2 0 19 1 8 3 22 34 7 

