logL = -2184.283595 (converged)
AIC = 4796.567191
BIC = 5354.073610

count.K
83 17 

