logL = -770.707596 (converged)
AIC = 2861.415193
BIC = 4580.827515

count.K
8 20 20 35 17 

