logL = -655.767262 (converged)
AIC = 3901.534525
BIC = 7275.229915

count.K
1 24 14 14 1 20 1 17 8 

