logL = -1276.481781 (converged)
AIC = 6532.963562
BIC = 11717.252233

count.K
23 17 16 5 7 1 4 8 11 8 

