logL = -315.951057 (converged)
AIC = 3011.902113
BIC = 6112.054634

count.K
23 1 18 5 13 8 2 0 21 9 

