logL = -696.956608 (converged)
AIC = 3673.913215
BIC = 6643.807227

count.K
7 9 10 16 34 11 6 7 

