logL = -925.703719 (converged)
AIC = 2653.407439
BIC = 3698.080683

count.K
39 16 45 

