logL = -495.335893 (converged)
AIC = 2890.671787
BIC = 5365.583463

count.K
5 23 20 20 4 10 18 

