logL = -555.792788 (converged)
AIC = 3471.585575
BIC = 6545.686395

count.K
19 10 19 12 10 2 20 8 

