logL = -958.093791 (converged)
AIC = 3306.187582
BIC = 5116.780861

count.K
25 16 27 22 10 

