logL = -2016.087781 (converged)
AIC = 4798.175562
BIC = 5795.955743

count.K
49 18 33 

