logL = -10044.129020 (not converged)
AIC = 20268.258039
BIC = 20502.723356

count.K
100 

