logL = -1555.063657 (converged)
AIC = 7210.127313
BIC = 12550.726195

count.K
8 11 3 9 22 2 8 2 7 28 

