logL = -605.671020 (converged)
AIC = 2471.342040
BIC = 4112.599257

count.K
20 29 21 21 9 

