logL = -898.527129 (converged)
AIC = 4937.054258
BIC = 9027.171450

count.K
4 9 12 17 9 4 3 8 14 20 

