logL = -1819.678160 (converged)
AIC = 5619.356320
BIC = 8198.474804

count.K
10 11 34 18 27 

