logL = -1178.052695 (converged)
AIC = 3026.105390
BIC = 3898.837402

count.K
33 54 13 

