logL = -617.591101 (converged)
AIC = 2499.182201
BIC = 4145.649759

count.K
21 6 37 36 

