logL = -1442.847904 (converged)
AIC = 3657.695808
BIC = 4663.291500

count.K
32 21 47 

