logL = -345.873430 (converged)
AIC = 2993.746859
BIC = 5992.297743

count.K
7 8 6 17 17 20 24 1 0 

