logL = -1528.895526 (converged)
AIC = 3449.791053
BIC = 3960.404409

count.K
19 81 

