logL = -1308.234573 (converged)
AIC = 3736.469145
BIC = 5195.364449

count.K
30 26 17 27 

