logL = -1041.909156 (converged)
AIC = 6363.818313
BIC = 11938.882511

count.K
10 19 1 10 3 24 3 10 10 10 

