logL = -1283.712244 (converged)
AIC = 3309.424489
BIC = 4275.942628

count.K
34 29 37 

