logL = -337.185955 (converged)
AIC = 2682.371910
BIC = 5297.962776

count.K
18 5 18 15 12 7 15 10 

