logL = -783.011223 (converged)
AIC = 3926.022446
BIC = 7000.123266

count.K
26 6 10 17 11 6 16 8 

