logL = -653.101491 (converged)
AIC = 3826.202982
BIC = 7108.717416

count.K
4 13 21 4 12 15 20 11 

