logL = -1870.987128 (converged)
AIC = 4149.974255
BIC = 4681.428973

count.K
84 16 

