logL = -793.044730 (converged)
AIC = 2610.089460
BIC = 3943.936595

count.K
34 2 41 23 

