logL = -1567.441774 (converged)
AIC = 3526.883548
BIC = 4037.496905

count.K
32 68 

