logL = -593.564499 (converged)
AIC = 3339.128998
BIC = 6142.292118

count.K
31 14 3 12 1 13 13 13 

