logL = -200.401424 (converged)
AIC = 3032.802848
BIC = 6461.206813

count.K
23 21 10 10 0 19 9 8 

