logL = -1139.486000 (converged)
AIC = 4850.972000
BIC = 8201.220859

count.K
8 9 11 29 13 20 10 

