logL = -222.424153 (converged)
AIC = 2818.848305
BIC = 5911.185316

count.K
5 12 21 21 9 13 10 6 3 

