logL = -557.236716 (converged)
AIC = 3224.473432
BIC = 5972.927978

count.K
21 0 10 11 9 25 24 

