logL = -326.179929 (converged)
AIC = 2884.359857
BIC = 5791.729785

count.K
17 18 25 5 13 8 3 11 

