logL = -606.936735 (converged)
AIC = 3429.873471
BIC = 6316.402037

count.K
30 36 7 8 3 12 2 2 

