logL = -417.049006 (converged)
AIC = 2566.098011
BIC = 4822.175392

count.K
13 30 14 19 2 9 13 

