logL = -1626.176065 (converged)
AIC = 6552.352130
BIC = 10850.882937

count.K
10 9 1 12 0 5 27 0 16 20 

