logL = -733.274836 (converged)
AIC = 2946.549672
BIC = 4874.375609

count.K
21 20 8 32 19 

