logL = -427.823291 (converged)
AIC = 3167.646583
BIC = 6179.223318

count.K
13 11 10 7 21 12 1 25 

