logL = -733.102698 (converged)
AIC = 3042.205395
BIC = 5095.079502

count.K
4 24 20 10 14 28 

