logL = -676.268967 (converged)
AIC = 2264.537934
BIC = 3452.495539

count.K
20 13 25 42 

