logL = -1242.021389 (converged)
AIC = 2828.042779
BIC = 3276.132051

count.K
81 19 

