logL = -695.599383 (converged)
AIC = 3001.198767
BIC = 5098.360766

count.K
21 17 4 36 22 

