logL = -1185.460935 (converged)
AIC = 3482.921870
BIC = 4931.396494

count.K
34 10 32 24 

