logL = -1088.053720 (converged)
AIC = 3184.107440
BIC = 4497.113213

count.K
38 32 27 3 

