logL = -3026.945090 (converged)
AIC = 6513.890181
BIC = 7113.079324

count.K
33 67 

