logL = -410.363513 (converged)
AIC = 3340.727025
BIC = 6623.241460

count.K
14 1 9 3 9 7 17 11 12 17 

