logL = -642.487816 (converged)
AIC = 2920.975632
BIC = 5052.004844

count.K
17 33 10 10 29 1 

