logL = -576.779571 (converged)
AIC = 2837.559141
BIC = 5031.112438

count.K
10 15 18 12 38 7 

