logL = -1463.332774 (converged)
AIC = 3314.665548
BIC = 3820.068564

count.K
46 54 

