logL = -3011.738808 (converged)
AIC = 6471.477616
BIC = 7055.035738

count.K
27 73 

