logL = -746.172061 (converged)
AIC = 3448.344122
BIC = 5996.200564

count.K
28 11 14 9 17 2 19 

