logL = -495.398139 (converged)
AIC = 2542.796279
BIC = 4564.408343

count.K
13 1 30 33 3 20 

