logL = -249.983768 (converged)
AIC = 2231.967537
BIC = 4488.044918

count.K
8 19 23 1 18 0 31 

