logL = -1142.312205 (converged)
AIC = 3404.624410
BIC = 4863.519715

count.K
35 35 20 10 

