logL = -2495.434215 (converged)
AIC = 5486.868430
BIC = 6132.950636

count.K
90 10 

