logL = -2050.361156 (converged)
AIC = 4560.722311
BIC = 5159.911454

count.K
80 20 

