logL = -563.128207 (converged)
AIC = 2762.256413
BIC = 4893.285625

count.K
10 14 26 14 33 3 

