logL = -536.371440 (converged)
AIC = 3896.742881
BIC = 7575.243184

count.K
3 11 20 0 8 25 11 8 14 

