logL = -727.742605 (converged)
AIC = 4355.485210
BIC = 8132.981980

count.K
12 1 3 13 2 36 17 2 7 7 

