logL = -2429.905845 (converged)
AIC = 5319.811689
BIC = 5919.000832

count.K
58 42 

