logL = -452.827772 (converged)
AIC = 2085.655544
BIC = 3622.705954

count.K
30 24 15 27 4 

