logL = -1014.376519 (converged)
AIC = 3712.753038
BIC = 5906.306335

count.K
8 9 27 28 16 12 

