logL = -429.488735 (converged)
AIC = 2314.977471
BIC = 4211.541366

count.K
19 10 3 32 15 21 

