logL = -652.475110 (converged)
AIC = 3642.950220
BIC = 6688.394168

count.K
22 15 16 5 13 5 6 10 8 

