logL = -578.795684 (converged)
AIC = 3693.591367
BIC = 6996.947163

count.K
16 0 7 9 8 11 17 17 15 

