logL = -393.079924 (converged)
AIC = 3376.159848
BIC = 6749.855239

count.K
13 9 20 8 10 13 17 7 3 

