logL = -749.203885 (converged)
AIC = 3122.407771
BIC = 5237.805962

count.K
15 20 7 8 34 16 

