logL = -1180.711403 (converged)
AIC = 5959.422807
BIC = 10646.123972

count.K
12 4 18 4 3 4 37 17 1 

