logL = -411.975383 (converged)
AIC = 3663.950766
BIC = 7363.292430

count.K
14 15 5 11 17 5 19 4 5 5 

