logL = -1986.786644 (converged)
AIC = 4473.573287
BIC = 5124.865834

count.K
62 38 

