logL = -1324.233169 (converged)
AIC = 5904.466338
BIC = 10145.683401

count.K
9 9 19 10 14 7 11 21 0 

