logL = -397.520721 (converged)
AIC = 4055.041441
BIC = 8301.468844

count.K
15 0 19 14 17 2 10 12 10 1 

