logL = -494.242369 (converged)
AIC = 3396.484737
BIC = 6533.109641

count.K
9 9 0 20 19 8 10 25 

