logL = -377.160931 (converged)
AIC = 2750.321863
BIC = 5350.281708

count.K
4 35 40 1 19 1 

