logL = -402.938904 (converged)
AIC = 2273.877807
BIC = 4186.072724

count.K
23 18 10 22 19 8 

