logL = -408.206375 (converged)
AIC = 3476.412750
BIC = 6941.289097

count.K
7 12 14 9 1 24 1 3 24 5 

