logL = -798.054090 (converged)
AIC = 3384.108181
BIC = 5713.130327

count.K
6 5 15 29 29 7 9 

