logL = -669.364728 (converged)
AIC = 3618.729456
BIC = 6588.623468

count.K
21 13 9 14 11 27 2 3 

