logL = -587.564142 (converged)
AIC = 2823.128283
BIC = 4969.788517

count.K
18 5 19 5 31 22 

