logL = -1575.508827 (converged)
AIC = 3575.017653
BIC = 4127.313733

count.K
79 21 

