logL = -1396.380265 (converged)
AIC = 3468.760529
BIC = 4349.308052

count.K
35 45 20 

