logL = -324.748428 (converged)
AIC = 2165.496855
BIC = 4140.215856

count.K
3 35 24 5 10 23 

