logL = -629.067476 (converged)
AIC = 3172.134953
BIC = 5665.282821

count.K
24 21 9 1 22 9 14 

