logL = -330.452721 (converged)
AIC = 2364.905442
BIC = 4584.510441

count.K
13 23 38 0 2 18 6 

