logL = -1625.549316 (converged)
AIC = 3771.098633
BIC = 4448.442881

count.K
33 67 

