logL = -1104.080877 (converged)
AIC = 2896.161755
BIC = 3792.340299

count.K
32 68 

