logL = -730.422146 (converged)
AIC = 4032.844292
BIC = 7383.093151

count.K
19 6 11 21 7 20 3 11 2 

