logL = -291.355308 (converged)
AIC = 2002.710615
BIC = 3852.381447

count.K
3 20 17 30 12 18 

