logL = -916.363603 (converged)
AIC = 2586.727206
BIC = 3568.876366

count.K
49 1 50 

