logL = -1986.380343 (converged)
AIC = 4432.760687
BIC = 5031.949829

count.K
57 43 

