logL = -360.754668 (converged)
AIC = 3481.509337
BIC = 7076.644193

count.K
3 8 8 11 13 1 17 12 10 17 

