logL = -1669.516424 (converged)
AIC = 3719.032847
BIC = 4214.015182

count.K
50 50 

