logL = -689.697308 (converged)
AIC = 4339.394616
BIC = 8195.046492

count.K
2 3 11 0 1 7 38 27 2 9 

