logL = -297.453236 (converged)
AIC = 1738.906472
BIC = 3229.063818

count.K
38 32 20 10 

