logL = -1306.156844 (converged)
AIC = 5756.313687
BIC = 9851.641219

count.K
27 15 7 13 17 0 13 8 

