logL = -1436.232231 (converged)
AIC = 6732.464462
BIC = 11760.442921

count.K
16 28 4 21 1 12 2 9 1 6 

