logL = -890.143147 (converged)
AIC = 2916.286294
BIC = 4396.022959

count.K
30 22 8 40 

