logL = -598.379513 (converged)
AIC = 2244.759025
BIC = 3609.868203

count.K
47 14 21 18 

