logL = -614.072312 (converged)
AIC = 3100.144625
BIC = 5538.583919

count.K
14 3 32 24 6 9 12 

