logL = -195.927183 (converged)
AIC = 2931.854366
BIC = 6240.420502

count.K
3 2 28 7 17 7 0 20 4 12 

