logL = -15473.197773 (not converged)
AIC = 31216.395546
BIC = 31568.093521

count.K
100 

