logL = -433.800168 (converged)
AIC = 2837.600336
BIC = 5403.692969

count.K
11 20 11 17 20 12 9 

