logL = -326.598402 (converged)
AIC = 3873.196805
BIC = 8067.520804

count.K
10 10 11 12 11 5 10 11 19 1 

