logL = -326.102964 (converged)
AIC = 3232.205928
BIC = 6592.875468

count.K
2 2 1 6 10 11 15 17 13 23 

