logL = -600.208227 (converged)
AIC = 2192.416454
BIC = 3484.580866

count.K
30 14 16 40 

