0	tsk_0	(x)	1	:	0.000000	0.000000	0.829750	0.000000	0.000000	0.000000	0.170250
1	tsk_1	(x)	1	:	0.000000	0.000000	0.416836	0.000000	0.399243	0.000000	0.183921
2	tsk_2	(x)	1	:	0.000000	0.000000	0.757669	0.000000	0.000000	0.000000	0.242331
3	tsk_3	(x)	1	:	0.000000	0.000000	0.000000	0.000000	1.000000	0.000000	0.000000
4	tsk_4	(x)	1	:	0.000000	0.000000	0.748808	0.000000	0.000000	0.000000	0.251192
5	tsk_5	(x)	1	:	0.000000	0.000000	0.626016	0.000000	0.000000	0.000000	0.373984
6	tsk_6	(x)	1	:	0.000000	0.000000	0.569984	0.000000	0.000000	0.000000	0.430016
7	tsk_7	(x)	1	:	0.000000	0.000000	0.656417	0.000000	0.000000	0.000000	0.343583
8	tsk_8	(x)	1	:	0.000000	0.000000	0.356881	0.000000	0.543307	0.000000	0.099812
9	tsk_9	(x)	1	:	0.000000	0.000000	0.734782	0.000000	0.000000	0.000000	0.265218
10	tsk_10	(x)	1	:	0.000000	0.000000	0.691760	0.000000	0.000000	0.000000	0.308240
11	tsk_11	(x)	1	:	1.000000	0.000000	0.000000	0.000000	0.000000	0.000000	0.000000
12	tsk_12	(x)	1	:	0.000000	0.000000	0.540554	0.000000	0.000000	0.000000	0.459446
13	tsk_13	(x)	1	:	0.312482	0.000000	0.479678	0.000000	0.000000	0.000000	0.207840
14	tsk_14	(x)	1	:	0.000000	0.000000	0.465944	0.000000	0.000000	0.000000	0.534055
15	tsk_15	(x)	1	:	0.312481	0.000000	0.374243	0.000000	0.000000	0.000000	0.313275
16	tsk_16	(x)	1	:	0.000000	0.000000	0.702489	0.000000	0.000000	0.000000	0.297511
17	tsk_17	(x)	1	:	0.000000	0.000000	0.645756	0.000000	0.000000	0.000000	0.354244
18	tsk_18	(x)	1	:	0.312482	0.000000	0.431955	0.000000	0.000000	0.000000	0.255564
19	tsk_19	(x)	1	:	0.312482	0.000000	0.399695	0.000000	0.000000	0.000000	0.287823
20	tsk_20	(x)	1	:	0.000000	0.000000	0.634924	0.000000	0.000000	0.000000	0.365076
21	tsk_21	(x)	1	:	0.000000	0.000000	0.658049	0.000000	0.000000	0.000000	0.341951
22	tsk_22	(x)	1	:	0.000000	0.000000	0.757127	0.000000	0.000000	0.000000	0.242873
23	tsk_23	(x)	1	:	0.000000	0.000000	0.700479	0.000000	0.000000	0.000000	0.299521
24	tsk_24	(x)	1	:	0.000000	0.000000	0.823252	0.000000	0.000000	0.000000	0.176748
25	tsk_25	(x)	1	:	0.000000	0.000000	0.626334	0.000000	0.000000	0.000000	0.373666
26	tsk_26	(x)	1	:	0.000000	0.000000	0.638408	0.000000	0.000000	0.000000	0.361592
27	tsk_27	(x)	1	:	0.000000	0.000000	0.673259	0.000000	0.000000	0.000000	0.326741
28	tsk_28	(x)	1	:	0.000000	0.000000	0.717165	0.000000	0.000000	0.000000	0.282835
29	tsk_29	(x)	1	:	0.000000	0.000000	0.715018	0.000000	0.000000	0.000000	0.284982
30	tsk_30	(x)	1	:	0.000000	0.000000	0.607735	0.000000	0.000000	0.000000	0.392265
31	tsk_31	(x)	1	:	0.000000	0.000000	0.545514	0.000000	0.000000	0.000000	0.454486
32	tsk_32	(x)	1	:	0.000000	0.000000	0.751016	0.000000	0.000000	0.000000	0.248984
33	tsk_33	(x)	1	:	0.000000	0.000000	0.740353	0.000000	0.000000	0.000000	0.259647
34	tsk_34	(x)	1	:	0.000000	0.000000	0.694462	0.000000	0.000000	0.000000	0.305538
35	tsk_35	(x)	1	:	0.000000	0.000000	0.602618	0.000000	0.000000	0.000000	0.397382
36	tsk_36	(x)	1	:	0.000000	0.000000	0.567714	0.000000	0.000000	0.000000	0.432286
37	tsk_37	(x)	1	:	0.000000	0.000000	0.598196	0.000000	0.000000	0.000000	0.401804
38	tsk_38	(x)	1	:	0.000000	0.000000	0.706237	0.000000	0.000000	0.000000	0.293763
39	tsk_39	(x)	1	:	0.000000	0.000000	0.572892	0.000000	0.164598	0.000000	0.262510
40	tsk_40	(x)	1	:	0.000000	0.000000	0.511627	0.000000	0.000000	0.000000	0.488373
41	tsk_41	(x)	1	:	0.000000	0.000000	0.726157	0.000000	0.000000	0.000000	0.273843
42	tsk_42	(x)	1	:	0.000000	0.000000	0.551227	0.000000	0.000000	0.000000	0.448773
43	tsk_43	(x)	1	:	0.000000	0.000000	0.727625	0.000000	0.000000	0.000000	0.272375
44	tsk_44	(x)	1	:	0.432666	0.000000	0.389111	0.000000	0.000000	0.000000	0.178223
45	tsk_45	(x)	1	:	0.000000	0.000000	0.721177	0.000000	0.000000	0.000000	0.278823
46	tsk_46	(x)	1	:	0.432610	0.000000	0.449400	0.000000	0.000000	0.000000	0.117990
47	tsk_47	(x)	1	:	0.000000	0.296457	0.476966	0.000000	0.000000	0.000000	0.226578
48	tsk_48	(x)	1	:	0.000000	0.000000	0.706109	0.000000	0.000000	0.000000	0.293891
49	tsk_49	(x)	1	:	0.000000	0.296457	0.408708	0.000000	0.000000	0.000000	0.294835
50	tsk_50	(x)	1	:	0.000000	0.000000	0.000000	1.000000	0.000000	0.000000	0.000000
51	tsk_51	(x)	1	:	0.000000	0.000000	0.000000	1.000000	0.000000	0.000000	0.000000
52	tsk_52	(x)	1	:	0.000000	0.000000	0.000000	1.000000	0.000000	0.000000	0.000000
53	tsk_53	(x)	1	:	0.000000	0.000000	0.231580	0.459660	0.000000	0.000000	0.308760
54	tsk_54	(x)	1	:	0.000000	0.000000	0.268332	0.459660	0.000000	0.000000	0.272008
55	tsk_55	(x)	1	:	0.000000	0.000000	0.000000	1.000000	0.000000	0.000000	0.000000
56	tsk_56	(x)	1	:	0.000000	0.000000	0.000000	1.000000	0.000000	0.000000	0.000000
57	tsk_57	(x)	1	:	0.000000	0.000000	0.000000	1.000000	0.000000	0.000000	0.000000
58	tsk_58	(x)	1	:	0.000000	0.000000	0.000000	1.000000	0.000000	0.000000	0.000000
59	tsk_59	(x)	1	:	0.000000	0.000000	0.006880	0.459661	0.000000	0.504024	0.029435
60	tsk_60	(x)	1	:	0.000000	0.000000	0.717179	0.000000	0.000000	0.000000	0.282821
61	tsk_61	(x)	1	:	0.000000	0.000000	0.479711	0.000000	0.000000	0.000000	0.520289
62	tsk_62	(x)	1	:	0.000000	0.000000	0.444441	0.250000	0.000000	0.000000	0.305559
63	tsk_63	(x)	1	:	0.000000	0.000000	0.138284	0.553402	0.000000	0.000000	0.308314
64	tsk_64	(x)	1	:	0.000000	0.000000	0.617398	0.000000	0.000000	0.000000	0.382602
65	tsk_65	(x)	1	:	0.000000	0.000000	0.592032	0.135801	0.000000	0.000000	0.272167
66	tsk_66	(x)	1	:	0.000000	0.000000	0.632770	0.000000	0.000000	0.000000	0.367230
67	tsk_67	(x)	1	:	0.000000	0.000000	0.716475	0.000000	0.000000	0.000000	0.283524
68	tsk_68	(x)	1	:	0.000000	0.000000	0.591423	0.135801	0.000000	0.000000	0.272775
69	tsk_69	(x)	1	:	0.000000	0.000000	0.526049	0.250000	0.000000	0.000000	0.223951
70	tsk_70	(x)	1	:	0.000000	0.000000	0.000000	0.000000	0.000000	1.000000	0.000000
71	tsk_71	(x)	1	:	0.000000	0.000000	0.000000	0.000000	0.000000	1.000000	0.000000
72	tsk_72	(x)	1	:	0.000000	0.000000	0.418374	0.250000	0.000000	0.000000	0.331626
73	tsk_73	(x)	1	:	0.000000	0.000000	0.552959	0.250000	0.000000	0.000000	0.197041
74	tsk_74	(x)	1	:	0.000000	0.425394	0.031044	0.000000	0.000000	0.504024	0.039538
75	tsk_75	(x)	1	:	0.000000	0.000000	0.000000	0.000000	0.000000	1.000000	0.000000
76	tsk_76	(x)	1	:	0.000000	0.000000	0.000000	0.000000	0.000000	1.000000	0.000000
77	tsk_77	(x)	1	:	0.000000	0.000000	0.000000	0.000000	0.000000	1.000000	0.000000
78	tsk_78	(x)	1	:	0.000000	0.000000	0.000000	0.000000	0.000000	1.000000	0.000000
79	tsk_79	(x)	1	:	0.000000	0.000000	0.000000	0.000000	0.000000	1.000000	0.000000
80	tsk_80	(x)	1	:	0.000000	0.501340	0.000000	0.000000	0.000000	0.498660	0.000000
81	tsk_81	(x)	1	:	0.000000	1.000000	0.000000	0.000000	0.000000	0.000000	0.000000
82	tsk_82	(x)	1	:	0.000000	0.425401	0.034838	0.000000	0.000000	0.504024	0.035736
83	tsk_83	(x)	1	:	0.000000	1.000000	0.000000	0.000000	0.000000	0.000000	0.000000
84	tsk_84	(x)	1	:	0.000000	1.000000	0.000000	0.000000	0.000000	0.000000	0.000000
85	tsk_85	(x)	1	:	0.000000	1.000000	0.000000	0.000000	0.000000	0.000000	0.000000
86	tsk_86	(x)	1	:	0.000000	1.000000	0.000000	0.000000	0.000000	0.000000	0.000000
87	tsk_87	(x)	1	:	0.000000	1.000000	0.000000	0.000000	0.000000	0.000000	0.000000
88	tsk_88	(x)	1	:	0.000000	1.000000	0.000000	0.000000	0.000000	0.000000	0.000000
89	tsk_89	(x)	1	:	0.000000	1.000000	0.000000	0.000000	0.000000	0.000000	0.000000
90	tsk_90	(x)	1	:	0.000000	0.425398	0.046345	0.000000	0.000000	0.493521	0.034735
91	tsk_91	(x)	1	:	0.000000	0.000000	0.000000	0.000000	0.000000	1.000000	0.000000
92	tsk_92	(x)	1	:	0.000000	1.000000	0.000000	0.000000	0.000000	0.000000	0.000000
93	tsk_93	(x)	1	:	0.000000	1.000000	0.000000	0.000000	0.000000	0.000000	0.000000
94	tsk_94	(x)	1	:	0.000000	0.000000	0.000000	0.000000	0.000000	1.000000	0.000000
95	tsk_95	(x)	1	:	0.000000	0.425389	0.051191	0.000000	0.000000	0.493521	0.029899
96	tsk_96	(x)	1	:	0.000000	0.425395	0.042939	0.000000	0.000000	0.493521	0.038145
97	tsk_97	(x)	1	:	0.000000	0.425389	0.045106	0.000000	0.000000	0.493521	0.035984
98	tsk_98	(x)	1	:	0.000000	0.000000	0.000000	0.000000	0.000000	1.000000	0.000000
99	tsk_99	(x)	1	:	0.000000	0.000000	0.000000	0.000000	0.000000	1.000000	0.000000
