logL = -1882.001201 (converged)
AIC = 4184.002402
BIC = 4731.088141

count.K
79 21 

