logL = -1558.635641 (converged)
AIC = 3877.271282
BIC = 4867.235953

count.K
27 25 48 

