logL = -325.143743 (converged)
AIC = 2690.287486
BIC = 5347.561076

count.K
10 20 10 3 7 10 10 30 

