logL = -1223.397645 (converged)
AIC = 2866.795291
BIC = 3413.881030

count.K
39 61 

