logL = -490.979013 (converged)
AIC = 3203.958027
BIC = 6098.302103

count.K
14 3 26 9 17 12 19 

