logL = -704.075962 (converged)
AIC = 2024.151923
BIC = 2826.544340

count.K
54 27 19 

