logL = -720.818993 (converged)
AIC = 3089.637985
BIC = 5236.298219

count.K
18 0 30 11 21 20 

