logL = -874.035789 (converged)
AIC = 3058.071579
BIC = 4764.458050

count.K
35 12 28 10 15 

