logL = -589.275809 (converged)
AIC = 3998.551617
BIC = 7671.841579

count.K
3 13 1 3 2 12 6 2 38 20 

