logL = -1095.828250 (converged)
AIC = 4161.656500
BIC = 6727.749133

count.K
10 35 29 5 21 

