logL = -1221.650492 (converged)
AIC = 3803.300984
BIC = 5574.816711

count.K
11 17 65 7 

