logL = -982.969657 (converged)
AIC = 3315.939314
BIC = 5074.429189

count.K
14 36 41 7 2 

