logL = -376.866905 (converged)
AIC = 2761.733809
BIC = 5377.324676

count.K
15 6 19 21 15 14 5 5 

