logL = -1096.086022 (converged)
AIC = 3572.172044
BIC = 5369.739472

count.K
21 9 45 24 1 

