logL = -248.424459 (converged)
AIC = 3096.848919
BIC = 6483.570160

count.K
32 22 20 4 9 0 9 0 1 3 

