logL = -1150.980692 (converged)
AIC = 6321.961384
BIC = 11558.353458

count.K
9 1 8 3 1 39 16 12 9 2 

