logL = -819.298060 (converged)
AIC = 3298.596120
BIC = 5460.887374

count.K
12 42 15 2 26 3 

