logL = -12042.854142 (not converged)
AIC = 24323.708285
BIC = 24633.723537

count.K
100 

