logL = -769.350170 (converged)
AIC = 2112.700339
BIC = 2860.384182

count.K
47 33 20 

