logL = -427.989874 (converged)
AIC = 3635.979748
BIC = 7257.166307

count.K
13 16 11 16 0 2 15 11 5 11 

