logL = -673.308489 (converged)
AIC = 2386.616979
BIC = 3741.305476

count.K
19 32 28 21 

