logL = -841.048617 (converged)
AIC = 2802.097235
BIC = 4260.992539

count.K
32 17 23 28 

