logL = -385.541855 (converged)
AIC = 1971.083711
BIC = 3534.185822

count.K
1 12 28 41 18 

