logL = -2593.531971 (converged)
AIC = 5779.063943
BIC = 6550.194318

count.K
83 17 

