logL = -639.987826 (converged)
AIC = 3249.975652
BIC = 5816.068285

count.K
9 7 34 11 10 18 11 

