logL = -503.648433 (converged)
AIC = 2475.296866
BIC = 4387.491782

count.K
13 11 19 28 1 28 

