logL = -15073.746543 (not converged)
AIC = 30423.493085
BIC = 30783.006571

count.K
100 

