logL = -726.257240 (converged)
AIC = 2872.514481
BIC = 4722.185313

count.K
33 14 8 26 19 

