logL = -496.120070 (converged)
AIC = 3160.240141
BIC = 5984.244622

count.K
19 14 26 7 11 5 7 11 

