logL = -357.401919 (converged)
AIC = 2344.803838
BIC = 4468.017539

count.K
16 22 1 19 42 

