logL = -1392.178919 (converged)
AIC = 3180.357839
BIC = 3696.181536

count.K
50 50 

