logL = -266.166323 (converged)
AIC = 3626.332647
BIC = 7656.530924

count.K
3 11 17 7 29 1 1 10 21 

