logL = -480.041165 (converged)
AIC = 3160.082331
BIC = 6025.769535

count.K
29 22 11 5 11 4 8 10 

