logL = -385.923199 (converged)
AIC = 3491.846398
BIC = 7034.877851

count.K
21 16 1 20 9 3 1 3 14 12 

