logL = -3382.980124 (converged)
AIC = 7265.960247
BIC = 7917.252794

count.K
45 55 

