logL = -1812.362795 (converged)
AIC = 4944.725590
BIC = 6664.137913

count.K
4 55 15 26 

