logL = -778.716687 (converged)
AIC = 3359.433374
BIC = 5706.691712

count.K
7 4 28 22 10 10 19 

