logL = -1248.771756 (converged)
AIC = 4147.543512
BIC = 6296.808915

count.K
10 25 7 30 28 

