logL = -1379.930094 (converged)
AIC = 3549.860188
BIC = 4578.902411

count.K
42 38 20 

