logL = -935.064218 (converged)
AIC = 2546.128436
BIC = 3426.675959

count.K
29 41 30 

