logL = -424.999490 (converged)
AIC = 2401.998979
BIC = 4423.611044

count.K
8 14 12 40 18 8 

