logL = -1310.321131 (converged)
AIC = 3830.642262
BIC = 5406.770224

count.K
31 25 44 

