logL = -380.870036 (converged)
AIC = 1941.740072
BIC = 3478.790481

count.K
15 28 26 4 27 

