logL = -1828.951136 (converged)
AIC = 4597.902271
BIC = 5822.332258

count.K
25 15 60 

