logL = -620.662321 (converged)
AIC = 3409.324642
BIC = 6233.329124

count.K
2 29 3 14 29 12 2 9 

