logL = -2229.972797 (converged)
AIC = 4927.945595
BIC = 5537.555418

count.K
57 43 

