logL = -365.423846 (converged)
AIC = 2378.847692
BIC = 4525.507925

count.K
25 11 25 14 10 2 13 

