logL = -1133.130449 (converged)
AIC = 3596.260897
BIC = 5328.699071

count.K
28 21 40 1 10 

