logL = -340.219812 (converged)
AIC = 2704.439623
BIC = 5340.871852

count.K
16 3 19 3 10 22 19 8 

