logL = -349.651216 (converged)
AIC = 1915.302432
BIC = 3499.245905

count.K
40 20 30 10 

