logL = -509.683336 (converged)
AIC = 2583.366672
BIC = 4620.609757

count.K
9 21 21 17 20 12 

