logL = -10697.254878 (not converged)
AIC = 21624.509756
BIC = 21924.104327

count.K
100 

