logL = -373.263461 (converged)
AIC = 3426.526922
BIC = 6917.454972

count.K
2 11 10 20 4 3 21 6 23 

