logL = -536.312967 (converged)
AIC = 2144.625935
BIC = 3540.997155

count.K
30 21 29 20 

