logL = -670.052423 (converged)
AIC = 2620.104846
BIC = 4287.413765

count.K
20 20 10 31 19 

