logL = -968.980647 (converged)
AIC = 5197.961294
BIC = 9444.388697

count.K
7 5 16 4 12 7 6 4 36 3 

