logL = -378.281916 (converged)
AIC = 2986.563832
BIC = 5891.328590

count.K
9 4 13 18 1 11 7 27 10 

