logL = -1395.445852 (converged)
AIC = 3814.891704
BIC = 5148.738840

count.K
30 4 47 19 

