logL = -15352.495685 (not converged)
AIC = 30986.991370
BIC = 31354.320366

count.K
100 

