logL = -2263.485027 (converged)
AIC = 5010.970055
BIC = 5641.421240

count.K
63 37 

