logL = -1119.406382 (converged)
AIC = 3318.812765
BIC = 4725.604665

count.K
18 45 16 21 

