logL = -472.574527 (converged)
AIC = 3505.149054
BIC = 6839.766892

count.K
9 17 6 4 12 9 3 1 8 31 

