logL = -404.761338 (converged)
AIC = 1899.522676
BIC = 3319.340427

count.K
17 25 22 13 23 

