logL = -269.230734 (converged)
AIC = 2298.461469
BIC = 4591.011233

count.K
40 20 15 9 2 3 11 

