logL = -1006.881324 (converged)
AIC = 4613.762648
BIC = 8000.483890

count.K
18 15 12 3 12 18 12 10 

