logL = -939.532537 (converged)
AIC = 4779.065074
BIC = 8556.561844

count.K
10 2 15 1 10 11 20 11 3 17 

