logL = -494.604604 (converged)
AIC = 2861.209208
BIC = 5299.648502

count.K
11 8 10 11 10 19 31 

