logL = -682.001139 (converged)
AIC = 1938.002278
BIC = 2685.686122

count.K
30 33 37 

