logL = -3433.674295 (converged)
AIC = 7427.348590
BIC = 8156.796242

count.K
15 85 

