logL = -761.225402 (converged)
AIC = 3770.450805
BIC = 6698.662094

count.K
4 10 21 10 35 5 14 1 

