logL = -892.981664 (converged)
AIC = 4411.963329
BIC = 7832.551783

count.K
6 12 12 1 10 12 20 19 8 

