logL = -2374.086015 (converged)
AIC = 6900.172030
BIC = 9703.335150

count.K
12 8 22 21 24 13 

