logL = -393.185105 (converged)
AIC = 3386.370210
BIC = 6773.091451

count.K
10 3 20 10 12 5 13 11 6 10 

