logL = -566.131298 (converged)
AIC = 3256.262596
BIC = 6022.953334

count.K
14 13 30 14 4 17 8 

