logL = -603.664680 (converged)
AIC = 2135.329359
BIC = 3344.128326

count.K
12 28 32 28 

