logL = -377.734989 (converged)
AIC = 2599.469979
BIC = 5001.436890

count.K
8 14 14 8 18 12 26 

