logL = -1992.087092 (converged)
AIC = 6400.174184
BIC = 9547.219769

count.K
11 11 44 19 10 5 

