logL = -483.531914 (converged)
AIC = 3519.063827
BIC = 6843.260984

count.K
16 1 16 13 1 26 20 7 

