logL = -328.437186 (converged)
AIC = 2958.874371
BIC = 5957.425255

count.K
1 19 10 8 18 22 15 3 4 

