logL = -2355.022420 (converged)
AIC = 5254.044840
BIC = 5962.651130

count.K
28 72 

