logL = -528.394767 (converged)
AIC = 4056.789533
BIC = 7964.544812

count.K
5 2 18 10 8 12 9 20 10 6 

