logL = -362.822359 (converged)
AIC = 3705.644718
BIC = 7587.348295

count.K
10 11 9 10 3 7 11 10 10 19 

