logL = -683.229855 (converged)
AIC = 3986.459709
BIC = 7399.232653

count.K
25 2 6 10 5 9 17 11 1 14 

