logL = -694.611793 (converged)
AIC = 3397.223586
BIC = 6012.814453

count.K
16 0 4 29 19 16 6 10 

