logL = -182.307394 (converged)
AIC = 2584.614789
BIC = 5476.353695

count.K
8 1 13 12 25 2 5 17 6 11 

