logL = -2751.732547 (converged)
AIC = 5923.465094
BIC = 6470.550833

count.K
69 31 

