logL = -488.606717 (converged)
AIC = 3465.213435
BIC = 6706.045146

count.K
30 17 15 8 5 2 2 21 

