logL = -460.224748 (converged)
AIC = 3366.449495
BIC = 6552.572633

count.K
0 7 11 21 16 13 6 5 21 

