logL = -1322.381374 (converged)
AIC = 6284.762748
BIC = 11026.172486

count.K
6 1 14 18 4 8 22 8 15 4 

