logL = -923.849193 (converged)
AIC = 2791.698386
BIC = 4021.338714

count.K
30 20 30 20 

