logL = -783.053384 (converged)
AIC = 2916.106769
BIC = 4674.596644

count.K
4 9 37 33 17 

