logL = -612.975446 (converged)
AIC = 4715.950892
BIC = 9261.972867

count.K
5 5 15 23 18 4 18 4 8 

