logL = -961.129261 (converged)
AIC = 2550.258522
BIC = 3368.281960

count.K
18 11 71 

