logL = -1552.404723 (converged)
AIC = 3476.809447
BIC = 3961.371102

count.K
27 73 

