logL = -739.079153 (converged)
AIC = 2494.158306
BIC = 3817.584761

count.K
39 11 22 28 

