logL = -605.799757 (converged)
AIC = 2491.599514
BIC = 4158.908433

count.K
34 15 17 14 20 

