logL = -577.185462 (converged)
AIC = 2674.370924
BIC = 4654.300265

count.K
9 20 10 32 29 

