logL = -1260.011203 (converged)
AIC = 3256.022406
BIC = 4214.725034

count.K
17 49 34 

