logL = -877.531869 (converged)
AIC = 2915.063738
BIC = 4426.062446

count.K
22 27 38 13 

