logL = -802.065359 (converged)
AIC = 2700.130718
BIC = 4127.763980

count.K
22 37 8 33 

