logL = -660.317375 (converged)
AIC = 1984.634750
BIC = 2849.551252

count.K
40 27 33 

