logL = -612.759409 (converged)
AIC = 3941.518817
BIC = 7479.339930

count.K
14 24 17 12 7 11 0 6 9 

