logL = -778.080379 (converged)
AIC = 3916.160759
BIC = 6990.261578

count.K
18 2 30 9 12 16 4 9 

