logL = -263.578319 (converged)
AIC = 2847.156637
BIC = 5869.154053

count.K
10 0 7 10 4 10 10 26 23 

