logL = -1754.220971 (converged)
AIC = 5480.441941
BIC = 8049.139745

count.K
16 23 2 22 15 22 

