logL = -1263.935381 (converged)
AIC = 5519.870762
BIC = 9417.205360

count.K
11 11 7 19 19 16 17 

