logL = -441.781796 (converged)
AIC = 3419.563591
BIC = 6722.919387

count.K
11 10 11 14 5 10 17 12 10 

