logL = -473.900075 (converged)
AIC = 3691.800149
BIC = 7266.093644

count.K
5 1 44 1 12 7 22 8 

