logL = -674.571346 (converged)
AIC = 3529.142693
BIC = 6368.778196

count.K
12 16 14 4 21 21 12 

