logL = -388.367804 (converged)
AIC = 3240.735608
BIC = 6450.305277

count.K
18 9 20 13 8 7 0 15 10 

