logL = -757.788679 (converged)
AIC = 3695.577359
BIC = 6535.212862

count.K
10 22 7 3 36 2 20 

