logL = -520.843352 (converged)
AIC = 3481.686705
BIC = 6659.994332

count.K
9 2 20 19 10 19 11 10 

