logL = -525.400675 (converged)
AIC = 2578.801351
BIC = 4569.151373

count.K
28 30 5 12 0 25 

