logL = -766.657047 (converged)
AIC = 2813.314093
BIC = 4480.623012

count.K
8 2 33 21 36 

