logL = -417.546009 (converged)
AIC = 3995.092018
BIC = 8111.260912

count.K
21 16 12 2 9 14 9 10 6 1 

