logL = -386.632377 (converged)
AIC = 4013.264755
BIC = 8233.640456

count.K
6 8 10 8 8 13 20 21 6 0 

