logL = -497.666811 (converged)
AIC = 3163.333622
BIC = 5987.338104

count.K
20 3 10 12 5 20 18 12 

