logL = -814.589268 (converged)
AIC = 3049.178535
BIC = 4898.849367

count.K
28 21 10 30 11 

