logL = -1022.008256 (converged)
AIC = 3354.016512
BIC = 5060.402984

count.K
17 19 25 19 20 

