logL = -252.765970 (converged)
AIC = 1515.531941
BIC = 2831.142885

count.K
10 27 17 16 30 

