logL = -697.375501 (converged)
AIC = 2004.751001
BIC = 2799.327908

count.K
38 28 34 

