logL = -2178.208548 (converged)
AIC = 7488.417096
BIC = 11568.113607

count.K
12 24 10 9 17 21 7 

