logL = -1829.724535 (converged)
AIC = 4827.449070
BIC = 6348.868458

count.K
37 18 40 5 

