logL = -723.515288 (converged)
AIC = 3445.030576
BIC = 6047.595592

count.K
25 19 1 14 5 21 15 

