logL = -474.188526 (converged)
AIC = 2178.377051
BIC = 3780.556716

count.K
31 6 22 28 13 

