logL = -443.215548 (converged)
AIC = 3182.431095
BIC = 6173.166469

count.K
9 16 0 4 35 13 3 20 

