logL = -1720.575635 (converged)
AIC = 3837.151271
BIC = 4352.974968

count.K
42 58 

