logL = -404.169269 (converged)
AIC = 3548.338538
BIC = 7117.421693

count.K
3 7 3 18 1 21 8 12 13 14 

