logL = -575.934822 (converged)
AIC = 4031.869644
BIC = 7783.314712

count.K
4 11 17 19 4 10 2 10 5 18 

