logL = -217.718178 (converged)
AIC = 2125.436355
BIC = 4326.805162

count.K
12 18 17 20 9 12 12 

