logL = -418.295400 (converged)
AIC = 3264.590800
BIC = 6427.267406

count.K
17 8 22 13 15 1 4 0 20 

