logL = -976.127870 (converged)
AIC = 2724.255741
BIC = 3729.851433

count.K
8 70 22 

