logL = -1465.453827 (converged)
AIC = 3624.907655
BIC = 4528.901709

count.K
49 30 21 

