logL = -484.852673 (converged)
AIC = 2179.705345
BIC = 3755.833308

count.K
10 11 26 33 20 

