logL = -1196.298719 (converged)
AIC = 3368.597439
BIC = 4639.920489

count.K
20 23 34 23 

