logL = -1899.851555 (converged)
AIC = 4195.703109
BIC = 4711.526806

count.K
31 69 

