logL = -1101.355249 (converged)
AIC = 2842.710497
BIC = 3676.364957

count.K
39 27 34 

