logL = -449.898016 (converged)
AIC = 2219.796032
BIC = 3939.208355

count.K
10 20 30 20 20 

