logL = -422.875001 (converged)
AIC = 2981.750001
BIC = 5764.071760

count.K
29 3 2 20 11 14 17 4 

