logL = -379.286715 (converged)
AIC = 3294.573429
BIC = 6597.929225

count.K
10 0 29 15 12 11 12 11 

