logL = -696.575431 (converged)
AIC = 1997.150862
BIC = 2783.912258

count.K
28 51 21 

