logL = -214.487505 (converged)
AIC = 3088.975010
BIC = 6553.851358

count.K
22 1 16 0 5 1 21 15 8 11 

