logL = -573.264379 (converged)
AIC = 3102.528758
BIC = 5650.385200

count.K
3 21 0 20 5 21 30 

