logL = -703.177114 (converged)
AIC = 3180.354228
BIC = 5491.140183

count.K
25 24 10 5 10 6 20 

