logL = -586.934715 (converged)
AIC = 4213.869430
BIC = 8173.728113

count.K
15 27 2 1 10 19 1 1 4 20 

