logL = -1886.105381 (converged)
AIC = 4886.210762
BIC = 6337.290556

count.K
50 30 20 

