logL = -729.857393 (converged)
AIC = 4409.714787
BIC = 8252.340811

count.K
19 16 14 8 1 4 15 15 8 

