logL = -749.148398 (converged)
AIC = 2324.296795
BIC = 3400.232082

count.K
25 46 29 

