logL = -513.648745 (converged)
AIC = 2217.297490
BIC = 3767.373751

count.K
22 28 19 21 10 

