logL = -1894.936899 (converged)
AIC = 4241.873799
BIC = 4830.642261

count.K
65 35 

