logL = -378.915118 (converged)
AIC = 3041.830236
BIC = 6016.934588

count.K
15 11 19 15 14 1 21 1 3 

