logL = -2378.708653 (converged)
AIC = 5177.417307
BIC = 5724.503046

count.K
52 48 

