logL = -1475.997690 (converged)
AIC = 6621.995381
BIC = 11402.482672

count.K
2 17 20 3 6 11 14 13 14 

