logL = -855.674270 (converged)
AIC = 4359.348541
BIC = 7808.593867

count.K
14 10 10 10 9 11 33 3 

