logL = -1124.120910 (converged)
AIC = 5632.241820
BIC = 10040.189775

count.K
7 3 20 12 11 9 25 13 

