logL = -1303.827580 (converged)
AIC = 2983.655161
BIC = 3473.427155

count.K
75 25 

