logL = -740.065551 (converged)
AIC = 4160.131103
BIC = 7651.059152

count.K
10 10 3 9 2 27 10 1 28 

