logL = -754.537476 (converged)
AIC = 2959.074952
BIC = 4847.823337

count.K
24 23 25 17 11 

