logL = -733.337166 (converged)
AIC = 4466.674333
BIC = 8374.429612

count.K
6 8 16 6 5 11 8 9 25 6 

