logL = -373.701947 (converged)
AIC = 2095.403894
BIC = 3851.288599

count.K
2 15 25 17 18 23 

