logL = -547.519200 (converged)
AIC = 3375.038401
BIC = 6344.932413

count.K
13 7 18 10 4 27 16 5 

