logL = -1403.036177 (converged)
AIC = 3126.072353
BIC = 3542.899583

count.K
45 55 

