logL = -411.038071 (converged)
AIC = 3646.076142
BIC = 7324.576445

count.K
9 13 10 26 3 15 3 13 8 

