logL = -653.411567 (converged)
AIC = 3896.823134
BIC = 7270.518525

count.K
8 9 18 0 15 0 28 15 7 

