logL = -368.434556 (converged)
AIC = 2538.869112
BIC = 4886.127449

count.K
9 2 19 6 13 23 28 

