logL = -501.159816 (converged)
AIC = 3822.319632
BIC = 7495.609594

count.K
9 18 12 4 12 1 11 3 6 24 

