logL = -2322.471499 (converged)
AIC = 5072.942997
BIC = 5630.449417

count.K
19 81 

