logL = -3063.734385 (converged)
AIC = 6687.468771
BIC = 7416.916423

count.K
58 42 

