logL = -980.166124 (converged)
AIC = 4910.332248
BIC = 8752.958272

count.K
13 12 15 18 11 3 7 16 5 

