logL = -937.438081 (converged)
AIC = 3324.876161
BIC = 5213.624546

count.K
12 13 25 42 8 

