logL = -11889.945321 (not converged)
AIC = 24023.890642
BIC = 24341.721405

count.K
100 

