logL = -575.136235 (converged)
AIC = 2550.272470
BIC = 4373.891601

count.K
23 6 21 34 16 

