logL = -482.611230 (converged)
AIC = 2493.222460
BIC = 4483.572482

count.K
24 5 20 13 13 25 

