logL = -4371.384480 (converged)
AIC = 9326.768960
BIC = 10087.478655

count.K
27 73 

