logL = -1043.125612 (converged)
AIC = 5426.251224
BIC = 9776.885435

count.K
8 1 5 3 43 9 7 1 11 12 

