logL = -493.178400 (converged)
AIC = 3450.356800
BIC = 6659.926470

count.K
5 5 11 11 5 20 1 20 22 

