logL = -588.160382 (converged)
AIC = 2366.320764
BIC = 3916.397025

count.K
13 5 20 27 35 

