logL = -2038.800911 (converged)
AIC = 7013.601822
BIC = 10837.991655

count.K
8 12 11 14 22 2 21 10 

