logL = -448.840123 (converged)
AIC = 3065.680246
BIC = 5889.684728

count.K
16 7 10 20 13 17 6 11 

