logL = -2043.500029 (converged)
AIC = 5335.000057
BIC = 6960.626253

count.K
48 9 22 21 

