logL = -1136.782505 (converged)
AIC = 5403.565010
BIC = 9480.656351

count.K
10 10 20 17 23 1 7 3 9 

