logL = -1438.615271 (converged)
AIC = 3667.230542
BIC = 4696.272765

count.K
4 70 26 

