logL = -857.667874 (converged)
AIC = 3979.335748
BIC = 6928.388398

count.K
2 2 35 14 1 17 1 28 

