logL = -964.310670 (converged)
AIC = 2976.621340
BIC = 4341.730517

count.K
40 9 32 19 

