logL = -327.848885 (converged)
AIC = 2849.697770
BIC = 5707.569464

count.K
7 17 23 10 8 17 3 10 5 

