logL = -582.718654 (converged)
AIC = 3881.437309
BIC = 7419.258421

count.K
4 0 20 21 16 10 2 2 25 

