logL = -1021.798322 (converged)
AIC = 3123.596644
BIC = 4530.388545

count.K
9 40 21 30 

