logL = -489.239388 (converged)
AIC = 3060.478776
BIC = 5772.460939

count.K
25 10 9 16 8 12 20 

