logL = -1096.964744 (converged)
AIC = 5953.929488
BIC = 10851.649437

count.K
25 26 9 8 9 3 1 4 12 3 

