logL = -641.044886 (converged)
AIC = 4122.089772
BIC = 7821.431436

count.K
3 9 17 18 17 12 7 8 5 4 

