logL = -681.265289 (converged)
AIC = 3418.530579
BIC = 6096.645530

count.K
13 9 6 24 29 5 1 13 

