logL = -702.614967 (converged)
AIC = 4085.229934
BIC = 7576.157983

count.K
11 2 33 3 14 12 15 10 

