logL = -356.633936 (converged)
AIC = 2577.267873
BIC = 5005.286486

count.K
18 7 3 5 25 15 10 17 

