logL = -587.370899 (converged)
AIC = 3646.741799
BIC = 6866.732149

count.K
5 4 20 28 19 7 7 10 

