logL = -640.784563 (converged)
AIC = 1897.569126
BIC = 2699.961543

count.K
49 20 31 

