logL = -395.150442 (converged)
AIC = 2174.300885
BIC = 3977.078653

count.K
12 32 7 11 14 24 

