logL = -1187.085764 (converged)
AIC = 3122.171528
BIC = 4096.505178

count.K
21 72 7 

