logL = -1616.266478 (converged)
AIC = 7392.532956
BIC = 12811.286943

count.K
10 6 5 6 8 18 10 29 3 5 

