logL = -322.262605 (converged)
AIC = 3224.525209
BIC = 6585.194749

count.K
25 3 19 4 16 2 15 3 3 10 

