logL = -712.565343 (converged)
AIC = 4429.130686
BIC = 8342.096305

count.K
10 12 13 2 15 10 15 11 12 

