logL = -1372.799936 (converged)
AIC = 5947.599871
BIC = 10118.477339

count.K
15 2 15 9 19 9 19 10 2 

