logL = -960.818885 (converged)
AIC = 4809.637770
BIC = 8571.503519

count.K
21 10 20 2 10 1 4 32 

