logL = -711.856915 (converged)
AIC = 2733.713831
BIC = 4440.100303

count.K
24 14 21 29 12 

