logL = -282.253056 (converged)
AIC = 3404.506112
BIC = 7103.847776

count.K
11 8 13 14 6 18 16 11 0 3 

