logL = -877.322988 (converged)
AIC = 3624.645976
BIC = 6060.480100

count.K
29 2 19 28 22 

