logL = -377.742663 (converged)
AIC = 3655.485327
BIC = 7432.982096

count.K
4 1 13 6 14 12 13 9 8 20 

