logL = -965.220693 (converged)
AIC = 3050.441386
BIC = 4509.336690

count.K
43 16 10 31 

