logL = -1363.205137 (converged)
AIC = 5902.410275
BIC = 10039.420530

count.K
32 26 30 4 1 7 0 0 

