logL = -2457.428079 (converged)
AIC = 5764.856158
BIC = 6872.053487

count.K
37 18 45 

