logL = -2175.433390 (converged)
AIC = 6560.866781
BIC = 9439.579836

count.K
18 27 26 18 11 

