logL = -607.202358 (converged)
AIC = 3462.404716
BIC = 6390.616005

count.K
10 10 25 1 3 5 17 29 

