logL = -409.132466 (converged)
AIC = 3660.264932
BIC = 7362.211766

count.K
6 10 3 27 20 13 10 7 4 

