logL = -2309.801422 (converged)
AIC = 5445.602844
BIC = 6521.538131

count.K
22 45 33 

