logL = -1288.322559 (converged)
AIC = 2928.645117
BIC = 3387.155070

count.K
45 55 

