logL = -699.956035 (converged)
AIC = 2455.912070
BIC = 3831.441929

count.K
35 10 18 37 

