logL = -2009.905049 (converged)
AIC = 4845.810098
BIC = 5921.745384

count.K
30 28 42 

