logL = -582.305195 (converged)
AIC = 2364.610390
BIC = 3927.712502

count.K
20 30 10 33 7 

