logL = -585.222614 (converged)
AIC = 4010.445229
BIC = 7709.786893

count.K
17 8 6 21 14 6 0 1 16 11 

