logL = -2325.115006 (converged)
AIC = 5318.230012
BIC = 6188.356854

count.K
60 40 

