logL = -420.495094 (converged)
AIC = 3600.990189
BIC = 7196.125045

count.K
1 16 7 4 15 13 10 6 8 20 

