logL = -295.007463 (converged)
AIC = 3150.014925
BIC = 6484.632763

count.K
4 2 5 6 12 10 8 4 22 27 

