logL = -1037.016992 (converged)
AIC = 3114.033985
BIC = 4468.722481

count.K
39 18 22 21 

