logL = -547.205448 (converged)
AIC = 3702.410896
BIC = 7099.552818

count.K
24 7 5 12 3 10 30 8 1 

