logL = -476.494976 (converged)
AIC = 3136.989953
BIC = 5981.835796

count.K
13 16 1 11 19 13 16 11 

