logL = -1146.386091 (converged)
AIC = 4216.772182
BIC = 6722.945901

count.K
39 10 21 5 1 24 

