logL = -847.161922 (converged)
AIC = 2598.323844
BIC = 3775.860768

count.K
34 20 12 34 

