logL = -1049.625295 (converged)
AIC = 3999.250590
BIC = 6474.162266

count.K
30 12 15 13 18 12 

