logL = -1022.545781 (converged)
AIC = 3177.091562
BIC = 4651.617888

count.K
47 21 32 

