logL = -502.104161 (converged)
AIC = 1644.208322
BIC = 2477.862781

count.K
12 28 60 

