logL = -954.512081 (converged)
AIC = 2615.024162
BIC = 3534.649237

count.K
32 29 39 

