logL = -1673.956583 (converged)
AIC = 3771.913167
BIC = 4324.209246

count.K
33 67 

