logL = -2672.447162 (converged)
AIC = 5856.894323
BIC = 6523.817891

count.K
70 30 

