logL = -1131.725031 (converged)
AIC = 3899.450063
BIC = 6030.479275

count.K
2 32 22 8 4 32 

