logL = -679.438401 (converged)
AIC = 2070.876802
BIC = 2998.317388

count.K
38 31 31 

