logL = -474.679164 (converged)
AIC = 3709.358329
BIC = 7304.493185

count.K
9 10 10 6 18 11 17 10 6 3 

