logL = -654.205321 (converged)
AIC = 4348.410643
BIC = 8308.269326

count.K
11 6 24 0 10 6 12 2 11 18 

