logL = -746.502545 (converged)
AIC = 4047.005091
BIC = 7373.807418

count.K
14 4 21 1 2 10 4 34 10 

