logL = -285.209252 (converged)
AIC = 2754.418504
BIC = 5599.264347

count.K
11 7 20 12 12 13 15 10 

