logL = -732.149649 (converged)
AIC = 2464.299299
BIC = 3766.884392

count.K
39 26 31 4 

