logL = -1630.540202 (converged)
AIC = 4171.080404
BIC = 5356.432838

count.K
40 48 12 

