logL = -1588.181126 (converged)
AIC = 3888.362251
BIC = 4815.802837

count.K
17 61 22 

