logL = -317.415646 (converged)
AIC = 2578.831292
BIC = 5111.056712

count.K
8 15 2 16 28 6 15 10 

