logL = -711.565428 (converged)
AIC = 2407.130855
BIC = 3688.874587

count.K
6 49 30 15 

