logL = -1078.400000 (converged)
AIC = 5988.800000
BIC = 10980.306076

count.K
3 3 9 7 23 21 10 16 8 

