logL = -1303.019449 (converged)
AIC = 2974.038898
BIC = 3453.390212

count.K
28 72 

