logL = -488.806522 (converged)
AIC = 2661.613044
BIC = 4855.166341

count.K
18 16 17 13 13 23 

