logL = -315.735048 (converged)
AIC = 2993.470097
BIC = 6070.176086

count.K
16 1 22 30 19 3 9 

