logL = -817.723456 (converged)
AIC = 2739.446913
BIC = 4177.500855

count.K
31 9 10 50 

