logL = -437.843923 (converged)
AIC = 2005.687846
BIC = 3477.609001

count.K
10 29 13 21 27 

