logL = -955.246293 (converged)
AIC = 2592.492587
BIC = 3480.855620

count.K
32 28 40 

