logL = -627.163117 (converged)
AIC = 3392.326234
BIC = 6177.253162

count.K
18 5 11 6 32 21 7 

