logL = -333.131598 (converged)
AIC = 3286.263196
BIC = 6699.036140

count.K
12 2 14 11 11 8 2 24 7 9 

