logL = -494.595856 (converged)
AIC = 2239.191712
BIC = 3867.423079

count.K
15 35 9 18 23 

