logL = -492.493569 (converged)
AIC = 3804.987137
BIC = 7478.277100

count.K
2 8 12 11 9 6 2 21 1 28 

