logL = -339.197142 (converged)
AIC = 3858.394285
BIC = 8000.614880

count.K
7 6 20 1 17 6 14 11 8 10 

