logL = -818.849217 (converged)
AIC = 3357.698434
BIC = 5598.144794

count.K
20 14 30 11 4 21 

