logL = -1287.416679 (converged)
AIC = 2914.833358
BIC = 3357.712290

count.K
30 70 

