logL = -652.328725 (converged)
AIC = 3246.657450
BIC = 5776.277700

count.K
0 27 10 22 39 1 1 

