logL = -538.123364 (converged)
AIC = 2990.246729
BIC = 5483.394597

count.K
2 11 55 10 2 18 2 

