logL = -463.580246 (converged)
AIC = 3229.160492
BIC = 6227.711376

count.K
24 26 11 5 10 3 2 3 16 

