logL = -831.439968 (converged)
AIC = 3646.879937
BIC = 6231.208761

count.K
2 29 5 7 28 18 11 

