logL = -568.703487 (converged)
AIC = 3777.406974
BIC = 7216.231620

count.K
8 5 10 13 7 6 12 7 12 20 

