logL = -1336.065217 (converged)
AIC = 3712.130433
BIC = 5066.818930

count.K
39 14 32 15 

