logL = -396.675554 (converged)
AIC = 1689.351108
BIC = 2856.467352

count.K
36 12 28 24 

