logL = -677.278891 (converged)
AIC = 2844.557782
BIC = 4785.409570

count.K
17 33 31 11 8 

