logL = -737.084136 (converged)
AIC = 3834.168271
BIC = 6908.269091

count.K
24 7 28 0 10 10 10 11 

