logL = -580.914265 (converged)
AIC = 2833.828530
BIC = 5011.750806

count.K
10 44 28 12 4 2 

