logL = -748.170516 (converged)
AIC = 2130.341031
BIC = 2956.179980

count.K
43 32 25 

