logL = -264.191899 (converged)
AIC = 2908.383797
BIC = 6008.536319

count.K
17 14 1 8 10 6 8 19 8 9 

