logL = -601.076266 (converged)
AIC = 3354.152533
BIC = 6157.315653

count.K
3 17 3 20 12 43 2 

