logL = -1075.249455 (converged)
AIC = 3480.498910
BIC = 5212.937084

count.K
4 20 32 17 27 

