logL = -559.284619 (converged)
AIC = 3060.569238
BIC = 5590.189489

count.K
29 12 18 4 7 15 15 

