logL = -997.306677 (converged)
AIC = 5294.613355
BIC = 9593.144162

count.K
0 2 12 12 18 18 10 0 16 12 

