logL = -612.931184 (converged)
AIC = 3097.862367
BIC = 5536.301662

count.K
30 19 9 15 2 7 18 

