logL = -1068.603556 (converged)
AIC = 2601.207111
BIC = 3205.606594

count.K
70 30 

