logL = -1027.853838 (converged)
AIC = 3039.707677
BIC = 4321.451408

count.K
40 19 10 31 

