logL = -1746.496899 (converged)
AIC = 3940.993798
BIC = 4524.551920

count.K
47 53 

