logL = -1041.408609 (converged)
AIC = 3754.817218
BIC = 5932.739493

count.K
8 24 10 37 10 11 

