logL = -611.648913 (converged)
AIC = 2787.297826
BIC = 4824.540912

count.K
12 16 7 28 16 21 

