logL = -468.626879 (converged)
AIC = 1785.253757
BIC = 2889.845916

count.K
36 11 18 35 

