logL = -523.187502 (converged)
AIC = 3926.375004
BIC = 7677.820072

count.K
8 3 18 13 18 10 3 16 3 8 

