logL = -770.868552 (converged)
AIC = 2811.737104
BIC = 4466.020172

count.K
30 10 10 29 21 

