logL = -1181.996972 (converged)
AIC = 4239.993944
BIC = 6683.643578

count.K
27 7 3 23 4 36 

