logL = -418.060134 (converged)
AIC = 3372.120268
BIC = 6675.476064

count.K
17 2 31 19 1 20 0 10 0 

