logL = -1250.903832 (converged)
AIC = 4521.807664
BIC = 7153.029552

count.K
18 23 12 20 21 6 

