logL = -1236.425026 (converged)
AIC = 3220.850052
BIC = 4195.183702

count.K
28 62 10 

