logL = -2341.306078 (converged)
AIC = 5378.612157
BIC = 6285.211381

count.K
28 72 

