logL = -12565.334354 (not converged)
AIC = 25364.668708
BIC = 25669.473620

count.K
100 

