logL = -704.343720 (converged)
AIC = 4288.687441
BIC = 8040.132509

count.K
6 28 2 10 2 4 13 18 3 14 

