logL = -702.072647 (converged)
AIC = 4384.145293
BIC = 8265.848871

count.K
1 10 10 9 9 21 9 18 2 11 

