logL = -1026.269451 (converged)
AIC = 2746.538903
BIC = 3650.532957

count.K
14 36 50 

