logL = -1153.806831 (converged)
AIC = 3843.613661
BIC = 5844.384364

count.K
34 35 10 21 

