logL = -2157.644576 (converged)
AIC = 7007.289151
BIC = 10513.848221

count.K
33 2 14 18 23 10 

