logL = -930.097573 (converged)
AIC = 2542.195146
BIC = 3430.558179

count.K
45 25 30 

