logL = -367.227628 (converged)
AIC = 1678.455255
BIC = 2908.095583

count.K
34 8 23 35 

