logL = -625.766917 (converged)
AIC = 2531.533835
BIC = 4198.842754

count.K
9 15 6 39 31 

