logL = -426.845978 (converged)
AIC = 3335.691956
BIC = 6568.708157

count.K
2 10 16 13 9 4 12 21 13 

