logL = -556.623099 (converged)
AIC = 2701.246199
BIC = 4769.751326

count.K
26 3 23 15 16 17 

