logL = -400.326693 (converged)
AIC = 3106.653387
BIC = 6110.414611

count.K
21 21 9 10 17 4 18 

