logL = -1233.049074 (converged)
AIC = 2854.098149
BIC = 3359.501165

count.K
40 60 

