logL = -1430.666814 (converged)
AIC = 3621.333628
BIC = 4611.298299

count.K
21 61 18 

