logL = -1552.959772 (converged)
AIC = 6325.919543
BIC = 10520.243543

count.K
6 6 17 12 9 7 16 16 11 

