logL = -552.588605 (converged)
AIC = 4019.177210
BIC = 7814.910171

count.K
0 1 8 1 25 2 12 31 20 

