logL = -677.176850 (converged)
AIC = 5150.353699
BIC = 10094.966712

count.K
3 23 0 8 37 7 2 17 3 

