logL = -1837.391338 (converged)
AIC = 4740.782676
BIC = 6129.338385

count.K
45 4 51 

