logL = -363.478472 (converged)
AIC = 3064.956944
BIC = 6110.400891

count.K
10 13 3 10 14 13 6 10 21 

