logL = -807.451909 (converged)
AIC = 3556.903819
BIC = 6086.524069

count.K
13 5 13 34 19 8 8 

