logL = -1030.738963 (converged)
AIC = 2377.477926
BIC = 2789.094816

count.K
53 47 

