logL = -546.177608 (converged)
AIC = 3580.355217
BIC = 6821.186928

count.K
8 13 20 3 11 26 8 11 

