logL = -1229.534192 (converged)
AIC = 4539.068383
BIC = 7248.445377

count.K
24 27 14 8 16 11 

