logL = -415.145141 (converged)
AIC = 3038.290282
BIC = 5914.398168

count.K
10 20 10 8 16 16 20 

