logL = -793.961661 (converged)
AIC = 5293.923322
BIC = 10121.303677

count.K
15 3 10 15 10 5 21 10 11 

