logL = -329.285259 (converged)
AIC = 2938.570519
BIC = 5908.464531

count.K
4 9 10 9 7 3 22 11 4 21 

