logL = -958.544119 (converged)
AIC = 4507.088238
BIC = 7880.783629

count.K
2 21 17 13 10 15 11 1 10 

