logL = -1581.762171 (converged)
AIC = 3651.524343
BIC = 4287.185868

count.K
61 39 

