logL = -272.756926 (converged)
AIC = 2585.513851
BIC = 5242.787441

count.K
9 23 7 0 20 9 0 32 

