logL = -637.898093 (converged)
AIC = 2625.796186
BIC = 4384.286062

count.K
12 17 11 32 28 

