logL = -583.027614 (converged)
AIC = 3234.055228
BIC = 5927.801200

count.K
13 20 9 22 10 17 9 

