logL = -507.753227 (converged)
AIC = 2031.506454
BIC = 3354.932909

count.K
24 15 31 30 

