logL = -1436.966956 (converged)
AIC = 6327.933912
BIC = 10827.062823

count.K
7 16 16 9 20 9 9 12 2 

