logL = -1109.993144 (converged)
AIC = 4809.986289
BIC = 8183.681679

count.K
8 3 14 18 6 5 15 11 20 

