logL = -1791.647894 (converged)
AIC = 5133.295788
BIC = 7152.302683

count.K
25 16 10 25 24 

