logL = -700.984370 (converged)
AIC = 3181.968740
BIC = 5500.570206

count.K
4 15 26 16 29 10 

