logL = -833.381152 (converged)
AIC = 2396.762304
BIC = 3347.649422

count.K
38 22 40 

