logL = -1109.059657 (converged)
AIC = 2906.119314
BIC = 3802.297858

count.K
40 40 20 

