logL = -683.403376 (converged)
AIC = 2626.806752
BIC = 4268.063969

count.K
5 20 31 29 15 

