logL = -969.260936 (converged)
AIC = 3034.521872
BIC = 4462.155134

count.K
1 59 20 20 

