logL = -972.139138 (converged)
AIC = 2480.278276
BIC = 3178.463886

count.K
50 50 

