logL = -894.159268 (converged)
AIC = 4728.318537
BIC = 8557.918710

count.K
13 20 4 7 14 9 23 8 0 2 

