logL = -1622.554158 (converged)
AIC = 6969.108315
BIC = 11819.935201

count.K
11 10 30 10 6 5 9 8 11 

