logL = -422.179315 (converged)
AIC = 2420.358630
BIC = 4473.232736

count.K
10 23 17 22 8 20 

