logL = -1479.271953 (converged)
AIC = 3310.543906
BIC = 3769.053858

count.K
30 70 

