logL = -1338.069760 (converged)
AIC = 5548.139520
BIC = 9289.163907

count.K
19 20 19 8 5 4 15 10 

