logL = -1086.983741 (converged)
AIC = 2903.967482
BIC = 3854.854600

count.K
60 18 22 

