logL = -601.788535 (converged)
AIC = 3755.577069
BIC = 7079.774226

count.K
29 8 15 15 20 5 6 2 

