logL = -912.955630 (converged)
AIC = 2459.911261
BIC = 3285.750210

count.K
40 33 27 

