logL = -480.599763 (converged)
AIC = 2985.199526
BIC = 5621.631755

count.K
10 10 3 23 7 12 16 19 

