logL = -867.655621 (converged)
AIC = 4505.311243
BIC = 8113.471951

count.K
1 4 17 16 8 15 10 0 29 

