logL = -904.480683 (converged)
AIC = 4686.961367
BIC = 8435.801264

count.K
7 11 20 17 10 15 10 9 1 

