logL = -694.079059 (converged)
AIC = 2892.158119
BIC = 4851.246099

count.K
12 7 13 30 15 23 

