logL = -397.757999 (converged)
AIC = 2755.515997
BIC = 5308.582779

count.K
18 10 10 20 2 11 17 12 

