logL = -943.208356 (converged)
AIC = 2974.416713
BIC = 4391.629294

count.K
25 18 25 32 

