logL = -730.568274 (converged)
AIC = 3533.136549
BIC = 6232.092861

count.K
30 18 12 12 6 8 13 1 

