logL = -2123.922236 (converged)
AIC = 4803.844472
BIC = 5528.081783

count.K
23 77 

