logL = -722.878593 (converged)
AIC = 2253.757186
BIC = 3306.245941

count.K
27 33 40 

