logL = -810.523796 (converged)
AIC = 2971.047591
BIC = 4729.537467

count.K
9 11 46 12 22 

