logL = -834.579393 (converged)
AIC = 2919.158786
BIC = 4547.390153

count.K
23 14 30 6 27 

