logL = -267.033371 (converged)
AIC = 3154.066742
BIC = 6566.839686

count.K
22 6 14 9 10 10 9 12 1 7 

