logL = -644.166134 (converged)
AIC = 1880.332268
BIC = 2651.462643

count.K
11 59 30 

