logL = -1012.577095 (converged)
AIC = 3525.154190
BIC = 5479.031829

count.K
23 9 18 18 32 

