logL = -534.777948 (converged)
AIC = 3749.555897
BIC = 7240.483946

count.K
9 10 9 10 15 0 21 16 10 

