logL = -733.948038 (converged)
AIC = 3199.896076
BIC = 5455.973457

count.K
17 2 11 6 17 32 15 

