logL = -656.271041 (converged)
AIC = 2272.542082
BIC = 3523.023771

count.K
54 0 34 12 

