logL = -821.492764 (converged)
AIC = 5882.985529
BIC = 11405.946323

count.K
19 3 35 1 3 0 7 5 26 1 

