logL = -520.964307 (converged)
AIC = 1903.928613
BIC = 3026.756963

count.K
71 20 9 

