logL = -452.002085 (converged)
AIC = 2360.004170
BIC = 4256.568065

count.K
13 21 4 12 30 20 

