logL = -1098.741453 (converged)
AIC = 3637.482905
BIC = 5513.205439

count.K
22 12 20 30 16 

