logL = -1306.960410 (converged)
AIC = 3331.920820
BIC = 4267.176917

count.K
42 26 32 

