logL = -1323.350635 (converged)
AIC = 3292.701270
BIC = 4134.171240

count.K
38 22 40 

