logL = -893.673135 (converged)
AIC = 5007.346270
BIC = 9201.670270

count.K
7 11 14 4 15 5 4 10 20 10 

