logL = -282.556461 (converged)
AIC = 3025.112922
BIC = 6229.472251

count.K
0 0 7 16 12 5 11 12 12 25 

