logL = -844.035744 (converged)
AIC = 2656.071489
BIC = 3916.973859

count.K
41 8 30 21 

