logL = -752.316735 (converged)
AIC = 3800.633469
BIC = 6791.368843

count.K
17 1 11 27 14 22 5 3 

