logL = -1476.276688 (converged)
AIC = 3348.553375
BIC = 3864.377072

count.K
70 30 

