logL = -719.511112 (converged)
AIC = 3831.022225
BIC = 6946.805767

count.K
23 22 17 13 2 10 6 7 

