logL = -963.910495 (converged)
AIC = 2609.820989
BIC = 3498.184023

count.K
71 14 15 

