logL = -1756.587004 (converged)
AIC = 5847.174007
BIC = 8887.407614

count.K
13 25 7 28 1 3 23 

