logL = -219.270258 (converged)
AIC = 2722.540516
BIC = 5697.644869

count.K
5 5 20 1 4 15 15 8 27 

