logL = -995.387077 (converged)
AIC = 2326.774154
BIC = 2764.442745

count.K
79 21 

