logL = -411.132776 (converged)
AIC = 3502.265551
BIC = 6993.193600

count.K
11 8 10 26 16 5 5 10 4 5 

