logL = -567.813516 (converged)
AIC = 3923.627033
BIC = 7555.234272

count.K
10 6 28 4 8 28 12 2 2 

