logL = -457.215238 (converged)
AIC = 3066.430476
BIC = 5869.593596

count.K
11 15 16 3 23 12 18 2 

