logL = -333.379499 (converged)
AIC = 2546.758999
BIC = 4995.618973

count.K
22 0 12 21 1 13 15 16 

