logL = -561.627633 (converged)
AIC = 3275.255265
BIC = 6078.418385

count.K
14 30 4 0 26 0 26 

