logL = -670.533780 (converged)
AIC = 3001.067560
BIC = 5163.358814

count.K
28 15 14 27 5 11 

