logL = -741.965307 (converged)
AIC = 3425.930615
BIC = 5955.550865

count.K
20 24 7 17 20 4 8 

