logL = -578.497944 (converged)
AIC = 2084.995887
BIC = 3293.794854

count.K
30 10 13 47 

