logL = -741.441935 (converged)
AIC = 2822.883871
BIC = 4568.347895

count.K
11 19 18 30 22 

