logL = -3528.713190 (converged)
AIC = 7733.426379
BIC = 8613.973902

count.K
80 20 

