logL = -1635.122258 (converged)
AIC = 4324.244516
BIC = 5697.169204

count.K
42 31 27 

