logL = -1761.099646 (converged)
AIC = 4002.199292
BIC = 4627.440137

count.K
41 59 

