logL = -896.623150 (converged)
AIC = 3203.246301
BIC = 5039.891282

count.K
14 11 25 32 18 

