logL = -567.056046 (converged)
AIC = 4034.112092
BIC = 7811.608861

count.K
13 22 13 6 4 17 6 7 2 10 

