logL = -722.205373 (converged)
AIC = 2784.410746
BIC = 4529.874771

count.K
24 14 25 21 16 

