logL = -370.343981 (converged)
AIC = 2524.687962
BIC = 4848.499768

count.K
22 10 4 20 11 21 5 7 

