logL = -518.266644 (converged)
AIC = 2276.533288
BIC = 3891.738803

count.K
24 12 28 19 17 

