logL = -358.099738 (converged)
AIC = 2804.199476
BIC = 5523.997150

count.K
18 2 9 19 24 2 3 23 

