logL = -515.419738 (converged)
AIC = 3850.839476
BIC = 7524.129439

count.K
10 12 15 10 10 3 13 10 6 11 

