logL = -551.259476 (converged)
AIC = 2822.518952
BIC = 5062.965312

count.K
21 34 6 18 5 16 

