logL = -623.999111 (converged)
AIC = 2391.998222
BIC = 3882.155568

count.K
30 27 40 3 

