logL = -743.641978 (converged)
AIC = 2193.283957
BIC = 3112.909033

count.K
37 30 33 

