logL = -1357.085069 (converged)
AIC = 3118.170138
BIC = 3644.414516

count.K
39 61 

