logL = -494.332605 (converged)
AIC = 4228.665210
BIC = 8449.040911

count.K
11 15 8 9 21 0 17 1 5 13 

