logL = -804.842113 (converged)
AIC = 2441.684226
BIC = 3525.435023

count.K
26 64 10 

