logL = -862.864861 (converged)
AIC = 2757.729721
BIC = 4101.997537

count.K
46 17 18 19 

