logL = -512.429879 (converged)
AIC = 4184.859758
BIC = 8301.028652

count.K
4 11 10 19 8 3 10 5 12 18 

