logL = -1176.678632 (converged)
AIC = 3203.357265
BIC = 4310.554594

count.K
8 31 61 

