logL = -539.098823 (converged)
AIC = 2894.197647
BIC = 5259.692175

count.K
6 7 10 27 20 30 

