logL = -479.006546 (converged)
AIC = 2468.013093
BIC = 4434.916583

count.K
27 10 23 29 11 

