logL = -728.247147 (converged)
AIC = 2704.494293
BIC = 4330.120490

count.K
26 17 35 22 

