logL = -814.874382 (converged)
AIC = 3565.748764
BIC = 6087.553504

count.K
24 15 14 17 15 15 

