logL = -939.687505 (converged)
AIC = 4283.375011
BIC = 7414.789574

count.K
19 15 10 21 25 10 

