logL = -927.499253 (converged)
AIC = 3852.998506
BIC = 6455.563522

count.K
11 10 20 10 13 12 24 

