logL = -2169.564903 (converged)
AIC = 4811.129806
BIC = 5425.949970

count.K
48 52 

