logL = -1224.351653 (converged)
AIC = 4624.703306
BIC = 7459.128468

count.K
13 7 28 12 30 10 

