logL = -1809.925956 (converged)
AIC = 4939.851912
BIC = 6659.264234

count.K
41 22 20 17 

