logL = -341.068167 (converged)
AIC = 2442.136335
BIC = 4734.686099

count.K
8 10 7 10 33 22 10 

