logL = -716.810538 (converged)
AIC = 2441.621076
BIC = 3754.626849

count.K
10 53 30 7 

