logL = -983.336454 (converged)
AIC = 3366.672908
BIC = 5190.292038

count.K
16 8 19 43 14 

