logL = -947.807540 (converged)
AIC = 2475.615080
BIC = 3231.114434

count.K
29 26 45 

