0	tsk_0	(x)	1	:	0.000000	0.000000	0.999996	0.000000	0.000000	0.000002	0.000000	0.000001	0.000000
1	tsk_1	(x)	1	:	0.000000	0.000000	0.999997	0.000000	0.000000	0.000002	0.000000	0.000002	0.000000
2	tsk_2	(x)	1	:	0.000000	0.000000	0.999997	0.000000	0.000000	0.000001	0.000000	0.000001	0.000000
3	tsk_3	(x)	1	:	0.000000	0.000000	1.000000	0.000000	0.000000	0.000000	0.000000	0.000000	0.000000
4	tsk_4	(x)	1	:	0.000000	0.000000	1.000000	0.000000	0.000000	0.000000	0.000000	0.000000	0.000000
5	tsk_5	(x)	1	:	0.000000	0.000000	0.999997	0.000000	0.000000	0.000002	0.000000	0.000001	0.000000
6	tsk_6	(x)	1	:	0.000000	0.000000	1.000000	0.000000	0.000000	0.000000	0.000000	0.000000	0.000000
7	tsk_7	(x)	1	:	0.000000	0.000000	1.000000	0.000000	0.000000	0.000000	0.000000	0.000000	0.000000
8	tsk_8	(x)	1	:	0.000000	0.000000	0.999992	0.000000	0.000004	0.000002	0.000000	0.000001	0.000000
9	tsk_9	(x)	1	:	0.000000	0.000000	1.000000	0.000000	0.000000	0.000000	0.000000	0.000000	0.000000
10	tsk_10	(x)	1	:	0.000000	0.000000	1.000000	0.000000	0.000000	0.000000	0.000000	0.000000	0.000000
11	tsk_11	(x)	1	:	0.367755	0.000000	0.416549	0.000000	0.133576	0.035817	0.000000	0.046302	0.000000
12	tsk_12	(x)	1	:	0.000000	0.000000	0.999994	0.000000	0.000000	0.000003	0.000000	0.000003	0.000000
13	tsk_13	(x)	1	:	0.000000	0.000000	1.000000	0.000000	0.000000	0.000000	0.000000	0.000000	0.000000
14	tsk_14	(x)	1	:	0.000000	0.000000	1.000000	0.000000	0.000000	0.000000	0.000000	0.000000	0.000000
15	tsk_15	(x)	1	:	0.000000	0.000000	1.000000	0.000000	0.000000	0.000000	0.000000	0.000000	0.000000
16	tsk_16	(x)	1	:	0.000000	0.000000	1.000000	0.000000	0.000000	0.000000	0.000000	0.000000	0.000000
17	tsk_17	(x)	1	:	0.000000	0.000000	1.000000	0.000000	0.000000	0.000000	0.000000	0.000000	0.000000
18	tsk_18	(x)	1	:	0.000000	0.000000	0.999994	0.000000	0.000000	0.000003	0.000000	0.000003	0.000000
19	tsk_19	(x)	1	:	0.176494	0.247368	0.543914	0.000000	0.031595	0.000401	0.000000	0.000227	0.000000
20	tsk_20	(x)	1	:	0.298651	0.000000	0.543979	0.000000	0.156551	0.000369	0.000000	0.000446	0.000004
21	tsk_21	(x)	1	:	0.000000	0.000000	1.000000	0.000000	0.000000	0.000000	0.000000	0.000000	0.000000
22	tsk_22	(x)	1	:	0.000001	0.000000	0.563520	0.000000	0.000000	0.220103	0.000000	0.216377	0.000000
23	tsk_23	(x)	1	:	0.403004	0.000000	0.543983	0.000000	0.052209	0.000326	0.000000	0.000475	0.000003
24	tsk_24	(x)	1	:	0.793704	0.000000	0.000000	0.000000	0.206295	0.000000	0.000000	0.000000	0.000000
25	tsk_25	(x)	1	:	0.377234	0.000000	0.543987	0.000000	0.077993	0.000384	0.000000	0.000400	0.000002
26	tsk_26	(x)	1	:	0.656045	0.000000	0.000000	0.000000	0.343954	0.000000	0.000000	0.000000	0.000000
27	tsk_27	(x)	1	:	0.826204	0.000000	0.000000	0.000000	0.173795	0.000001	0.000000	0.000001	0.000000
28	tsk_28	(x)	1	:	0.000000	0.000000	1.000000	0.000000	0.000000	0.000000	0.000000	0.000000	0.000000
29	tsk_29	(x)	1	:	0.347580	0.000000	0.543968	0.000000	0.107597	0.000320	0.000000	0.000531	0.000003
30	tsk_30	(x)	1	:	0.435079	0.000000	0.000000	0.000000	0.064926	0.250338	0.000000	0.249657	0.000000
31	tsk_31	(x)	1	:	0.801776	0.000000	0.000000	0.000000	0.198223	0.000000	0.000000	0.000000	0.000000
32	tsk_32	(x)	1	:	0.731614	0.000000	0.000000	0.000000	0.268385	0.000001	0.000000	0.000000	0.000000
33	tsk_33	(x)	1	:	0.441573	0.000000	0.000000	0.000000	0.058430	0.255853	0.000000	0.244144	0.000000
34	tsk_34	(x)	1	:	0.710864	0.000000	0.000000	0.000000	0.289135	0.000001	0.000000	0.000001	0.000000
35	tsk_35	(x)	1	:	0.409602	0.000000	0.000000	0.000000	0.090400	0.222728	0.000000	0.277270	0.000000
36	tsk_36	(x)	1	:	0.415861	0.000000	0.000000	0.000000	0.084144	0.185018	0.000000	0.314977	0.000000
37	tsk_37	(x)	1	:	0.517648	0.000000	0.000000	0.000000	0.482351	0.000001	0.000000	0.000001	0.000000
38	tsk_38	(x)	1	:	0.429101	0.000000	0.000000	0.000000	0.070905	0.284182	0.000000	0.215812	0.000000
39	tsk_39	(x)	1	:	0.760696	0.000000	0.000000	0.000000	0.239303	0.000000	0.000000	0.000001	0.000000
40	tsk_40	(x)	1	:	0.000000	0.000000	0.000000	0.000000	0.000000	0.561390	0.000000	0.438610	0.000000
41	tsk_41	(x)	1	:	0.000000	0.000000	0.000000	0.000000	0.000000	0.353622	0.000000	0.646378	0.000000
42	tsk_42	(x)	1	:	0.000000	0.000000	0.000000	0.000000	0.000000	0.476632	0.000000	0.523368	0.000000
43	tsk_43	(x)	1	:	0.677431	0.000000	0.000000	0.000000	0.322568	0.000001	0.000000	0.000000	0.000000
44	tsk_44	(x)	1	:	0.000000	0.000000	0.000000	0.000000	0.000000	0.434608	0.000000	0.565392	0.000000
45	tsk_45	(x)	1	:	0.000018	0.000000	0.000000	0.000000	0.000000	0.159184	0.000000	0.340825	0.499973
46	tsk_46	(x)	1	:	0.000000	0.000000	0.000000	0.000000	0.000000	0.552801	0.000000	0.447199	0.000000
47	tsk_47	(x)	1	:	0.000014	0.000000	0.000000	0.000000	0.000000	0.000000	0.000000	0.000000	0.999986
48	tsk_48	(x)	1	:	0.000018	0.000000	0.000000	0.000000	0.000000	0.287003	0.000000	0.213006	0.499973
49	tsk_49	(x)	1	:	0.000000	0.000000	0.000000	0.000000	0.000000	0.530968	0.000000	0.469032	0.000000
50	tsk_50	(x)	1	:	0.000000	0.000000	0.000000	0.000000	0.000000	0.416299	0.000000	0.583701	0.000000
51	tsk_51	(x)	1	:	0.000000	0.000000	0.000000	0.000000	0.000000	0.507196	0.000000	0.492804	0.000000
52	tsk_52	(x)	1	:	0.000000	0.000000	0.000000	0.000000	0.000000	0.510926	0.000000	0.489074	0.000000
53	tsk_53	(x)	1	:	0.000000	0.000000	0.000000	0.000000	0.000000	0.273989	0.000000	0.726011	0.000000
54	tsk_54	(x)	1	:	0.000000	0.000000	0.000000	0.000000	0.000000	0.432719	0.000000	0.567281	0.000000
55	tsk_55	(x)	1	:	0.000000	0.000000	0.000000	0.000000	0.000000	0.355101	0.000000	0.644899	0.000000
56	tsk_56	(x)	1	:	0.000000	0.000000	0.000000	0.000000	0.000000	0.551869	0.000000	0.448131	0.000000
57	tsk_57	(x)	1	:	0.000000	0.000000	0.000000	0.000000	0.000000	0.600151	0.000000	0.399849	0.000000
58	tsk_58	(x)	1	:	0.000000	0.000000	0.000000	0.000000	0.000000	0.641065	0.000000	0.358935	0.000000
59	tsk_59	(x)	1	:	0.000000	0.000000	0.000000	0.000000	0.000000	0.460749	0.000000	0.539250	0.000000
60	tsk_60	(x)	1	:	0.000000	0.486958	0.000000	0.502885	0.009883	0.000274	0.000000	0.000000	0.000000
61	tsk_61	(x)	1	:	0.000000	0.488043	0.000000	0.502950	0.009007	0.000000	0.000000	0.000000	0.000000
62	tsk_62	(x)	1	:	0.000000	0.000000	0.000000	0.000000	0.000000	0.476793	0.000000	0.523207	0.000000
63	tsk_63	(x)	1	:	0.000000	0.487872	0.000000	0.502941	0.009187	0.000000	0.000000	0.000000	0.000000
64	tsk_64	(x)	1	:	0.000000	0.487665	0.000000	0.502918	0.009042	0.000017	0.000000	0.000358	0.000000
65	tsk_65	(x)	1	:	0.000000	0.486897	0.000000	0.502892	0.010212	0.000000	0.000000	0.000000	0.000000
66	tsk_66	(x)	1	:	0.000000	0.486713	0.000000	0.502874	0.010186	0.000227	0.000000	0.000000	0.000000
67	tsk_67	(x)	1	:	0.012424	0.484109	0.000000	0.000000	0.014191	0.213176	0.000000	0.276100	0.000000
68	tsk_68	(x)	1	:	0.000000	0.000000	0.000000	1.000000	0.000000	0.000000	0.000000	0.000000	0.000000
69	tsk_69	(x)	1	:	0.012632	0.484182	0.000000	0.000000	0.013798	0.352627	0.000000	0.136761	0.000000
70	tsk_70	(x)	1	:	0.000000	0.000000	0.000000	0.000000	0.000000	0.459837	0.000000	0.540163	0.000000
71	tsk_71	(x)	1	:	0.000000	0.005337	0.000000	0.000000	0.000000	0.000000	0.994663	0.000000	0.000000
72	tsk_72	(x)	1	:	0.014466	0.484313	0.000000	0.000000	0.011637	0.267904	0.000000	0.221680	0.000000
73	tsk_73	(x)	1	:	0.000000	1.000000	0.000000	0.000000	0.000000	0.000000	0.000000	0.000000	0.000000
74	tsk_74	(x)	1	:	0.000000	0.004474	0.000000	0.000000	0.000000	0.000000	0.995526	0.000000	0.000000
75	tsk_75	(x)	1	:	0.000000	0.004504	0.000000	0.000000	0.000000	0.000000	0.995496	0.000000	0.000000
76	tsk_76	(x)	1	:	0.000000	0.005186	0.000000	0.000000	0.000000	0.000000	0.994814	0.000000	0.000000
77	tsk_77	(x)	1	:	0.000000	1.000000	0.000000	0.000000	0.000000	0.000000	0.000000	0.000000	0.000000
78	tsk_78	(x)	1	:	0.000000	0.000000	0.000000	0.000000	0.000000	0.333977	0.000000	0.666023	0.000000
79	tsk_79	(x)	1	:	0.000000	0.004871	0.000000	0.000000	0.000000	0.000000	0.995129	0.000000	0.000000
80	tsk_80	(x)	1	:	0.000000	0.486302	0.000000	0.502851	0.010541	0.000306	0.000000	0.000000	0.000000
81	tsk_81	(x)	1	:	0.000000	0.004661	0.000000	0.000000	0.000000	0.000000	0.995339	0.000000	0.000000
82	tsk_82	(x)	1	:	0.000000	0.000000	0.000000	1.000000	0.000000	0.000000	0.000000	0.000000	0.000000
83	tsk_83	(x)	1	:	0.000000	0.000000	0.000000	1.000000	0.000000	0.000000	0.000000	0.000000	0.000000
84	tsk_84	(x)	1	:	0.000000	0.000000	0.000000	1.000000	0.000000	0.000000	0.000000	0.000000	0.000000
85	tsk_85	(x)	1	:	0.000000	0.005050	0.000000	0.000000	0.000000	0.000000	0.994950	0.000000	0.000000
86	tsk_86	(x)	1	:	0.000000	0.000000	0.000000	1.000000	0.000000	0.000000	0.000000	0.000000	0.000000
87	tsk_87	(x)	1	:	0.000000	0.486989	0.000000	0.502896	0.010115	0.000000	0.000000	0.000000	0.000000
88	tsk_88	(x)	1	:	0.000000	0.005807	0.000000	0.000000	0.000000	0.000000	0.994193	0.000000	0.000000
89	tsk_89	(x)	1	:	0.000000	0.486734	0.000000	0.502862	0.009805	0.000599	0.000000	0.000000	0.000000
90	tsk_90	(x)	1	:	0.000000	0.000000	0.000000	1.000000	0.000000	0.000000	0.000000	0.000000	0.000000
91	tsk_91	(x)	1	:	0.000000	0.000000	0.000000	1.000000	0.000000	0.000000	0.000000	0.000000	0.000000
92	tsk_92	(x)	1	:	0.000000	0.000000	0.000000	1.000000	0.000000	0.000000	0.000000	0.000000	0.000000
93	tsk_93	(x)	1	:	0.000000	0.000000	0.000000	1.000000	0.000000	0.000000	0.000000	0.000000	0.000000
94	tsk_94	(x)	1	:	0.000000	0.000000	0.000000	1.000000	0.000000	0.000000	0.000000	0.000000	0.000000
95	tsk_95	(x)	1	:	0.000000	0.000000	0.000000	1.000000	0.000000	0.000000	0.000000	0.000000	0.000000
96	tsk_96	(x)	1	:	0.000000	0.000000	0.000000	1.000000	0.000000	0.000000	0.000000	0.000000	0.000000
97	tsk_97	(x)	1	:	0.000000	0.000000	0.000000	1.000000	0.000000	0.000000	0.000000	0.000000	0.000000
98	tsk_98	(x)	1	:	0.000000	0.000000	0.000000	1.000000	0.000000	0.000000	0.000000	0.000000	0.000000
99	tsk_99	(x)	1	:	0.000000	0.000000	0.000000	1.000000	0.000000	0.000000	0.000000	0.000000	0.000000
