logL = -526.321482 (converged)
AIC = 3876.642964
BIC = 7555.143267

count.K
18 12 7 20 4 6 15 15 3 

