logL = -318.699192 (converged)
AIC = 2439.398383
BIC = 4786.656721

count.K
21 36 9 4 11 9 10 

