logL = -366.217679 (converged)
AIC = 2272.435357
BIC = 4278.416400

count.K
10 18 30 10 23 9 

