logL = -1483.769463 (converged)
AIC = 3283.538927
BIC = 3695.155816

count.K
68 32 

