logL = -3162.805648 (converged)
AIC = 7433.611296
BIC = 8876.875579

count.K
44 5 51 

