logL = -4616.330737 (converged)
AIC = 9984.661474
BIC = 10964.205464

count.K
38 62 

