logL = -1728.845804 (converged)
AIC = 3997.691607
BIC = 4701.087557

count.K
53 47 

