logL = -310.783681 (converged)
AIC = 3031.567362
BIC = 6170.797436

count.K
33 6 4 7 17 5 13 5 10 

