logL = -262.010678 (converged)
AIC = 3984.021356
BIC = 8490.965778

count.K
10 7 21 16 13 3 1 17 11 1 

