logL = -650.244196 (converged)
AIC = 2912.488392
BIC = 5012.255562

count.K
10 6 2 7 45 30 

