logL = -655.961931 (converged)
AIC = 2681.923861
BIC = 4466.465439

count.K
2 25 20 37 16 

