logL = -1648.963942 (converged)
AIC = 4753.927885
BIC = 6650.491780

count.K
20 50 19 11 

