logL = -1123.316757 (converged)
AIC = 3406.633515
BIC = 4917.632222

count.K
24 27 32 17 

