logL = -246.548509 (converged)
AIC = 1949.097018
BIC = 3845.660914

count.K
20 10 19 33 8 10 

