logL = -675.056608 (converged)
AIC = 2526.113217
BIC = 4057.953286

count.K
36 26 10 28 

