logL = -784.873186 (converged)
AIC = 3419.746373
BIC = 5829.528795

count.K
5 26 30 15 24 

