logL = -358.632317 (converged)
AIC = 3325.264634
BIC = 6722.406557

count.K
20 10 21 5 18 10 0 12 4 

