logL = -375.889781 (converged)
AIC = 3575.779561
BIC = 7254.279864

count.K
15 13 18 5 14 10 11 13 1 

