logL = -444.488148 (converged)
AIC = 2690.976296
BIC = 5038.234634

count.K
3 12 16 16 10 29 14 

