logL = -631.303267 (converged)
AIC = 3958.606533
BIC = 7470.375944

count.K
2 7 27 23 3 17 20 1 

