logL = -424.056583 (converged)
AIC = 2424.113166
BIC = 4476.987273

count.K
17 23 13 21 15 11 

