logL = -324.189422 (converged)
AIC = 3488.378843
BIC = 7187.720507

count.K
2 11 13 8 18 9 10 9 9 11 

