logL = -3163.466918 (converged)
AIC = 6894.933837
BIC = 7634.802169

count.K
13 87 

