logL = -496.802007 (converged)
AIC = 3201.604015
BIC = 6077.711900

count.K
20 8 21 23 9 10 9 

