logL = -419.711026 (converged)
AIC = 3419.422053
BIC = 6780.091593

count.K
5 1 16 11 10 3 4 7 25 18 

