logL = -956.126869 (converged)
AIC = 3056.253738
BIC = 4546.411085

count.K
41 8 32 19 

