logL = -672.698854 (converged)
AIC = 3005.397707
BIC = 5167.688962

count.K
34 10 11 18 7 20 

