logL = -773.214384 (converged)
AIC = 3656.428768
BIC = 6404.883314

count.K
7 15 30 2 9 14 23 

