logL = -1273.030647 (converged)
AIC = 3778.061294
BIC = 5382.846128

count.K
42 7 18 33 

