logL = -285.492707 (converged)
AIC = 2434.985413
BIC = 4863.004026

count.K
23 2 15 9 15 14 14 8 

