logL = -570.764420 (converged)
AIC = 2957.528839
BIC = 5323.023368

count.K
0 2 33 1 28 26 10 

