logL = -403.189079 (converged)
AIC = 3306.378158
BIC = 6562.840891

count.K
13 0 9 4 20 2 21 5 10 16 

