logL = -314.622941 (converged)
AIC = 2249.245881
BIC = 4359.433732

count.K
12 8 13 15 9 22 21 

