logL = -614.990135 (converged)
AIC = 3563.980270
BIC = 6604.213877

count.K
9 2 3 13 19 30 24 

