logL = -667.842255 (converged)
AIC = 4267.684510
BIC = 8086.864003

count.K
17 14 12 8 13 19 10 4 3 

