logL = -592.899109 (converged)
AIC = 3029.798219
BIC = 5431.765130

count.K
31 12 11 9 11 17 9 

