logL = -826.500881 (converged)
AIC = 3433.001762
BIC = 5751.603227

count.K
30 14 3 19 9 25 

