logL = -495.213453 (converged)
AIC = 1894.426906
BIC = 3071.963830

count.K
30 32 15 23 

