logL = -905.941139 (converged)
AIC = 2469.882277
BIC = 3326.983268

count.K
27 49 24 

