logL = -904.817833 (converged)
AIC = 2793.635665
BIC = 4075.379397

count.K
50 7 26 17 

