logL = -591.968760 (converged)
AIC = 2985.937521
BIC = 5333.195858

count.K
19 24 10 6 0 22 19 

