logL = -956.745899 (converged)
AIC = 2643.491797
BIC = 3594.378915

count.K
37 38 25 

