logL = -242.182852 (converged)
AIC = 2572.365703
BIC = 5292.163377

count.K
24 5 4 0 20 13 13 21 

