logL = -360.675993 (converged)
AIC = 2753.351986
BIC = 5400.204895

count.K
26 10 11 7 7 10 10 10 9 

