logL = -1659.333809 (converged)
AIC = 3702.667619
BIC = 4202.860295

count.K
89 11 

