logL = -457.956158 (converged)
AIC = 1755.912315
BIC = 2850.083793

count.K
22 29 27 22 

