logL = -1094.325630 (converged)
AIC = 4964.651260
BIC = 8580.627478

count.K
10 8 28 4 10 7 27 6 

