logL = -436.136358 (converged)
AIC = 3570.272716
BIC = 7084.647297

count.K
14 1 19 21 4 13 13 11 4 

