logL = -465.324416 (converged)
AIC = 3274.648832
BIC = 6327.908290

count.K
21 12 11 19 10 10 7 10 

