logL = -579.677793 (converged)
AIC = 4019.355585
BIC = 7744.748951

count.K
8 11 7 11 13 12 25 7 6 

