logL = -623.272214 (converged)
AIC = 2158.544427
BIC = 3346.502032

count.K
13 28 25 34 

