logL = -314.316232 (converged)
AIC = 2796.632464
BIC = 5620.636946

count.K
26 3 19 10 10 21 1 10 

