logL = -547.883685 (converged)
AIC = 3135.767370
BIC = 5793.040960

count.K
21 9 13 16 10 4 10 17 

