logL = -316.353591 (converged)
AIC = 2238.707181
BIC = 4330.658841

count.K
17 9 14 15 25 19 1 

