logL = -952.811484 (converged)
AIC = 5425.622967
BIC = 10010.722495

count.K
15 8 24 2 9 31 0 0 1 10 

