logL = -579.046495 (converged)
AIC = 2986.092990
BIC = 5367.218540

count.K
26 20 12 24 10 8 

