logL = -484.271447 (converged)
AIC = 2672.542894
BIC = 4892.147893

count.K
17 20 7 14 2 18 22 

