logL = -426.482336 (converged)
AIC = 3334.964673
BIC = 6567.980873

count.K
13 11 5 13 15 7 9 11 16 

