logL = -1109.760017 (converged)
AIC = 3009.520033
BIC = 4038.562257

count.K
43 15 42 

