logL = -1071.675498 (converged)
AIC = 4423.350996
BIC = 7393.245008

count.K
5 14 22 12 19 5 8 15 

