logL = -642.133026 (converged)
AIC = 4144.266052
BIC = 7869.659418

count.K
25 1 21 13 4 9 2 12 13 

