logL = -1079.861887 (converged)
AIC = 6189.723774
BIC = 11439.141699

count.K
4 23 15 18 1 15 9 9 6 

