logL = -1124.587621 (converged)
AIC = 2649.175242
BIC = 3170.209280

count.K
39 61 

