logL = -523.334430 (converged)
AIC = 3806.668859
BIC = 7401.803716

count.K
11 0 11 10 7 20 9 8 22 2 

