logL = -453.007007 (converged)
AIC = 2374.014014
BIC = 4286.208930

count.K
18 13 22 23 18 6 

