logL = -619.537995 (converged)
AIC = 2815.075991
BIC = 4867.950097

count.K
7 10 30 19 16 18 

