logL = -672.787870 (converged)
AIC = 4151.575740
BIC = 7806.629511

count.K
4 9 25 19 5 2 22 6 8 

