logL = -1789.178353 (converged)
AIC = 3970.356705
BIC = 4480.970062

count.K
50 50 

