logL = -1454.070320 (converged)
AIC = 3380.140641
BIC = 3994.960805

count.K
20 80 

