logL = -595.741205 (converged)
AIC = 4291.482411
BIC = 8329.496199

count.K
1 8 20 11 11 22 6 9 7 5 

