logL = -675.117462 (converged)
AIC = 2962.234924
BIC = 5062.002094

count.K
10 21 16 24 14 15 

