logL = -988.871286 (converged)
AIC = 2913.742572
BIC = 4132.962219

count.K
27 19 7 47 

