logL = -718.369038 (converged)
AIC = 3956.738076
BIC = 7239.252510

count.K
5 11 7 6 10 27 23 11 

