logL = -651.219276 (converged)
AIC = 3820.438552
BIC = 7100.347816

count.K
30 2 36 6 9 7 10 0 0 

