logL = -502.373100 (converged)
AIC = 2394.746200
BIC = 4205.339479

count.K
30 7 20 29 14 

