logL = -519.063983 (converged)
AIC = 1902.127965
BIC = 3027.561486

count.K
47 10 26 17 

