logL = -1215.952568 (converged)
AIC = 4091.905137
BIC = 6254.196391

count.K
31 29 5 26 9 

