logL = -10255.749543 (not converged)
AIC = 20749.499086
BIC = 21059.514338

count.K
100 

