logL = -478.451822 (converged)
AIC = 3510.903645
BIC = 6837.705972

count.K
3 10 26 3 5 10 2 27 14 

