logL = -912.986252 (converged)
AIC = 2229.972504
BIC = 2756.216881

count.K
36 64 

