logL = -810.465481 (converged)
AIC = 2580.930962
BIC = 3831.412651

count.K
50 9 23 18 

