logL = -1044.292150 (converged)
AIC = 5024.584300
BIC = 8848.974133

count.K
14 24 20 6 12 13 11 

