logL = -343.816659 (converged)
AIC = 2573.633317
BIC = 5030.308803

count.K
12 29 10 20 6 20 3 

