logL = -729.448172 (converged)
AIC = 4228.896344
BIC = 7837.057051

count.K
6 3 4 15 5 4 34 5 24 

