logL = -759.239885 (converged)
AIC = 4198.479769
BIC = 7689.407818

count.K
8 17 22 8 2 11 16 10 6 

