logL = -530.963498 (converged)
AIC = 2933.926996
BIC = 5372.366290

count.K
1 9 2 9 22 18 39 

