logL = -1456.119402 (converged)
AIC = 3352.238804
BIC = 3925.376245

count.K
56 44 

