logL = -680.121418 (converged)
AIC = 3914.242835
BIC = 7241.045163

count.K
17 14 7 22 7 7 15 4 7 

