logL = -716.761724 (converged)
AIC = 3809.523447
BIC = 6904.465628

count.K
18 13 7 9 6 7 18 22 

