logL = -310.991481 (converged)
AIC = 2493.982962
BIC = 4932.422257

count.K
10 5 10 10 25 26 14 

