logL = -769.326462 (converged)
AIC = 3078.652924
BIC = 5084.633967

count.K
14 12 30 34 10 

