logL = -617.493327 (converged)
AIC = 2750.986654
BIC = 4725.705655

count.K
3 33 10 20 20 14 

