logL = -407.472869 (converged)
AIC = 2644.945737
BIC = 5028.676458

count.K
17 6 18 8 3 13 35 

