logL = -640.795523 (converged)
AIC = 2461.591046
BIC = 3998.641456

count.K
6 10 23 20 41 

