logL = -678.094221 (converged)
AIC = 3996.188442
BIC = 7435.013087

count.K
11 2 31 6 1 8 0 13 19 9 

