logL = -899.043909 (converged)
AIC = 4820.087817
BIC = 8756.499969

count.K
7 9 5 17 3 14 15 11 19 

