logL = -814.207200 (converged)
AIC = 2636.414401
BIC = 3949.420174

count.K
14 21 41 24 

