logL = -1084.582872 (converged)
AIC = 3193.165744
BIC = 4527.012879

count.K
15 45 25 15 

