logL = -636.750653 (converged)
AIC = 4553.501306
BIC = 8825.980411

count.K
3 10 6 18 8 14 6 15 8 12 

