logL = -1867.881283 (converged)
AIC = 4935.762567
BIC = 6498.864678

count.K
27 31 27 15 

