logL = -1170.427486 (converged)
AIC = 5560.854971
BIC = 9755.178970

count.K
7 5 15 24 3 17 9 7 13 

