logL = -541.622424 (converged)
AIC = 2223.244848
BIC = 3708.191854

count.K
13 15 28 23 21 

