logL = -892.338820 (converged)
AIC = 2760.677639
BIC = 4032.000690

count.K
9 32 40 19 

