logL = -730.295867 (converged)
AIC = 4050.591735
BIC = 7424.287126

count.K
31 2 4 11 7 2 4 1 38 

