logL = -1772.282702 (converged)
AIC = 4004.565403
BIC = 4603.754546

count.K
11 89 

