logL = -791.025194 (converged)
AIC = 2638.050389
BIC = 4013.580247

count.K
16 22 41 21 

