logL = -1012.993149 (converged)
AIC = 2389.986299
BIC = 2864.127273

count.K
40 60 

