logL = -11925.144721 (not converged)
AIC = 24074.289443
BIC = 24366.068503

count.K
100 

