logL = -357.829897 (converged)
AIC = 2627.659795
BIC = 5118.202492

count.K
14 5 4 21 13 10 26 7 

