logL = -938.361714 (converged)
AIC = 2636.723427
BIC = 3626.688098

count.K
33 43 24 

