logL = -449.369463 (converged)
AIC = 2922.738926
BIC = 5559.171154

count.K
13 11 6 17 4 24 5 20 

