logL = -1225.301255 (converged)
AIC = 4230.602509
BIC = 6549.203975

count.K
22 20 10 35 13 

