logL = -353.195660 (converged)
AIC = 2340.391320
BIC = 4468.815362

count.K
35 0 18 23 11 3 10 

