logL = -1030.330746 (converged)
AIC = 4340.661492
BIC = 7310.555504

count.K
28 2 21 11 7 17 10 4 

