logL = -695.055889 (converged)
AIC = 4050.111778
BIC = 7514.988126

count.K
23 3 7 10 6 22 17 1 1 10 

