logL = -2117.866261 (converged)
AIC = 4663.732523
BIC = 5221.238943

count.K
28 72 

