logL = -1216.930881 (converged)
AIC = 3301.861763
BIC = 4432.505624

count.K
43 13 44 

