logL = -776.133788 (converged)
AIC = 3092.267576
BIC = 5098.248619

count.K
10 6 23 30 4 27 

