logL = -3300.691020 (converged)
AIC = 7273.382039
BIC = 8148.719222

count.K
51 49 

