logL = -199.043527 (converged)
AIC = 2376.087054
BIC = 4952.600368

count.K
10 13 6 11 32 11 11 1 5 

