logL = -1130.668321 (converged)
AIC = 4231.336643
BIC = 6797.429276

count.K
15 22 7 0 14 15 27 

