logL = -1471.382130 (converged)
AIC = 4662.764259
BIC = 6903.210619

count.K
35 20 27 8 10 

