logL = -327.452289 (converged)
AIC = 2582.904579
BIC = 5094.288638

count.K
8 17 26 21 4 13 11 

