logL = -1337.072426 (converged)
AIC = 3842.144852
BIC = 5363.564241

count.K
32 14 30 24 

