logL = -452.348579 (converged)
AIC = 2420.697157
BIC = 4395.416158

count.K
10 16 12 26 30 6 

