logL = -492.716205 (converged)
AIC = 2255.432410
BIC = 3909.715478

count.K
22 38 19 7 14 

