logL = -967.529341 (converged)
AIC = 3595.058682
BIC = 5757.349936

count.K
19 0 1 19 22 39 

