logL = -1386.693559 (converged)
AIC = 5651.387119
BIC = 9400.227016

count.K
7 4 23 6 5 13 16 14 12 

