logL = -671.364519 (converged)
AIC = 3270.729038
BIC = 5782.113097

count.K
8 33 13 22 10 9 5 

