logL = -526.991360 (converged)
AIC = 2665.982721
BIC = 4765.749890

count.K
2 52 6 10 18 12 

