logL = -2257.320590 (converged)
AIC = 5294.641179
BIC = 6468.788944

count.K
9 62 79 

