0	tsk_0	(x)	1	:	0.000000	0.000000	0.000000	0.000000	0.497514	0.000000	0.000000	0.000000	0.001535	0.000375	0.000460	0.500115	0.000000
1	tsk_1	(x)	1	:	0.318289	0.000000	0.000000	0.000000	0.496822	0.181824	0.000000	0.000000	0.002868	0.000196	0.000000	0.000000	0.000000
2	tsk_2	(x)	1	:	0.064694	0.000000	0.000000	0.000000	0.000000	0.435185	0.000000	0.000000	0.000000	0.000000	0.000539	0.499581	0.000000
3	tsk_3	(x)	1	:	0.000000	0.000000	0.000000	0.000000	0.000000	0.000000	1.000000	0.000000	0.000000	0.000000	0.000000	0.000000	0.000000
4	tsk_4	(x)	1	:	0.000000	0.000000	0.000000	0.000000	0.485910	0.000000	0.000000	0.000000	0.000000	0.000000	0.514090	0.000000	0.000000
5	tsk_5	(x)	1	:	0.360498	0.000000	0.000000	0.000000	0.000000	0.139502	0.000000	0.000000	0.500000	0.000000	0.000000	0.000000	0.000000
6	tsk_6	(x)	1	:	0.000000	0.000000	0.000000	0.000000	1.000000	0.000000	0.000000	0.000000	0.000000	0.000000	0.000000	0.000000	0.000000
7	tsk_7	(x)	1	:	0.000000	0.000000	0.000000	0.000000	0.498822	0.000000	0.000000	0.000000	0.000000	0.000000	0.000483	0.500695	0.000000
8	tsk_8	(x)	1	:	0.000000	0.000000	0.000000	0.000000	0.496705	0.000000	0.412452	0.000000	0.090844	0.000000	0.000000	0.000000	0.000000
9	tsk_9	(x)	1	:	0.340880	0.000000	0.000000	0.000000	0.496649	0.159062	0.000000	0.000000	0.003321	0.000088	0.000000	0.000000	0.000000
10	tsk_10	(x)	1	:	0.000000	0.000000	0.360640	0.000000	0.000000	0.000000	0.000000	0.000000	0.148494	0.490865	0.000000	0.000000	0.000000
11	tsk_11	(x)	1	:	0.000000	0.000000	0.000000	0.000000	0.000000	0.000000	0.000000	0.000000	0.009070	0.490879	0.000434	0.499617	0.000000
12	tsk_12	(x)	1	:	0.000000	0.000000	0.360645	0.000000	0.000000	0.000000	0.000000	0.504388	0.134967	0.000000	0.000000	0.000000	0.000000
13	tsk_13	(x)	1	:	0.222265	0.000000	0.510984	0.000000	0.000000	0.266751	0.000000	0.000000	0.000000	0.000000	0.000000	0.000000	0.000000
14	tsk_14	(x)	1	:	0.210994	0.000000	0.360616	0.000000	0.000000	0.289002	0.000000	0.000000	0.139387	0.000000	0.000000	0.000000	0.000000
15	tsk_15	(x)	1	:	0.000000	0.000000	0.000000	0.000000	0.000000	0.000000	0.000000	0.000000	0.022491	0.490547	0.486962	0.000000	0.000000
16	tsk_16	(x)	1	:	0.000000	0.000000	0.999969	0.000000	0.000000	0.000000	0.000000	0.000000	0.000031	0.000000	0.000000	0.000000	0.000000
17	tsk_17	(x)	1	:	0.000000	0.000000	0.000000	0.000000	0.000000	0.000000	0.000000	0.547855	0.000000	0.452145	0.000000	0.000000	0.000000
18	tsk_18	(x)	1	:	0.000000	0.000000	0.360636	0.000000	0.000000	0.000000	0.000000	0.000000	0.148500	0.490864	0.000000	0.000000	0.000000
19	tsk_19	(x)	1	:	0.000000	0.000000	0.360640	0.000000	0.000000	0.000000	0.000000	0.000000	0.148495	0.490865	0.000000	0.000000	0.000000
20	tsk_20	(x)	1	:	0.113010	0.000000	0.000000	0.000000	0.000000	0.386916	0.000000	0.000000	0.000000	0.000000	0.000331	0.499743	0.000000
21	tsk_21	(x)	1	:	0.000000	0.000000	0.000000	0.000000	0.000000	0.000000	0.000000	0.000000	0.478828	0.000000	0.000000	0.000000	0.521171
22	tsk_22	(x)	1	:	0.201663	0.000000	0.000000	0.000000	0.000000	0.798336	0.000000	0.000000	0.000000	0.000000	0.000000	0.000000	0.000000
23	tsk_23	(x)	1	:	0.196546	0.000000	0.000000	0.000000	0.000000	0.303454	0.000000	0.000000	0.500000	0.000000	0.000000	0.000000	0.000000
24	tsk_24	(x)	1	:	0.000000	0.000000	0.000000	0.000000	0.000000	0.000000	0.000000	0.000000	0.509139	0.490861	0.000000	0.000000	0.000000
25	tsk_25	(x)	1	:	0.000000	0.000000	0.000000	0.000000	0.000000	0.000000	0.000000	0.000000	1.000000	0.000000	0.000000	0.000000	0.000000
26	tsk_26	(x)	1	:	0.039471	0.000000	0.000000	0.000000	0.000000	0.460407	0.000000	0.000000	0.009549	0.490573	0.000000	0.000000	0.000000
27	tsk_27	(x)	1	:	0.354453	0.000000	0.000000	0.000000	0.000000	0.145547	0.000000	0.000000	0.500000	0.000000	0.000000	0.000000	0.000000
28	tsk_28	(x)	1	:	0.000000	0.000000	0.000000	0.000000	0.000000	0.000000	0.000000	0.000000	0.000000	1.000000	0.000000	0.000000	0.000000
29	tsk_29	(x)	1	:	0.000000	0.000000	0.000000	0.000000	0.000000	0.000000	0.000000	0.000000	0.509139	0.490861	0.000000	0.000000	0.000000
30	tsk_30	(x)	1	:	0.000000	0.500802	0.000000	0.000000	0.000000	0.000000	0.000000	0.000000	0.006820	0.492378	0.000000	0.000000	0.000000
31	tsk_31	(x)	1	:	0.213226	0.000000	0.000000	0.000000	0.496594	0.286660	0.000000	0.000000	0.003470	0.000049	0.000000	0.000000	0.000000
32	tsk_32	(x)	1	:	0.000000	0.000000	0.000000	0.000000	0.505668	0.000000	0.000000	0.000000	0.000000	0.494332	0.000000	0.000000	0.000000
33	tsk_33	(x)	1	:	0.196543	0.000000	0.000000	0.000000	0.000000	0.303349	0.000000	0.000000	0.009500	0.490608	0.000000	0.000000	0.000000
34	tsk_34	(x)	1	:	0.000000	0.000000	0.000000	0.000000	0.505668	0.000000	0.000000	0.000000	0.000000	0.494332	0.000000	0.000000	0.000000
35	tsk_35	(x)	1	:	0.107858	0.000000	0.000000	0.000000	0.000000	0.892142	0.000000	0.000000	0.000000	0.000000	0.000000	0.000000	0.000000
36	tsk_36	(x)	1	:	0.329939	0.000000	0.000000	0.000000	0.496519	0.169972	0.000000	0.000000	0.003339	0.000231	0.000000	0.000000	0.000000
37	tsk_37	(x)	1	:	0.096603	0.000000	0.000000	0.000000	0.000000	0.903397	0.000000	0.000000	0.000000	0.000000	0.000000	0.000000	0.000000
38	tsk_38	(x)	1	:	0.228982	0.000000	0.000000	0.000000	0.000000	0.771018	0.000000	0.000000	0.000000	0.000000	0.000000	0.000000	0.000000
39	tsk_39	(x)	1	:	0.000000	0.500574	0.000000	0.000000	0.000000	0.000015	0.000000	0.000000	0.007609	0.491803	0.000000	0.000000	0.000000
40	tsk_40	(x)	1	:	0.131118	0.000000	0.360627	0.000000	0.000000	0.368880	0.000000	0.000000	0.139375	0.000000	0.000000	0.000000	0.000000
41	tsk_41	(x)	1	:	0.000000	0.000000	0.000000	1.000000	0.000000	0.000000	0.000000	0.000000	0.000000	0.000000	0.000000	0.000000	0.000000
42	tsk_42	(x)	1	:	0.000000	0.000000	0.000000	0.000000	0.498822	0.000000	0.000000	0.000000	0.000000	0.000000	0.000468	0.500710	0.000000
43	tsk_43	(x)	1	:	0.320720	0.000000	0.000000	0.000000	0.000000	0.179246	0.000000	0.000000	0.009252	0.490782	0.000000	0.000000	0.000000
44	tsk_44	(x)	1	:	0.000000	0.000000	0.000000	0.000000	0.497478	0.000000	0.000000	0.000000	0.001951	0.000109	0.000419	0.500043	0.000000
45	tsk_45	(x)	1	:	0.308289	0.000000	0.000000	0.523552	0.000000	0.168159	0.000000	0.000000	0.000000	0.000000	0.000000	0.000000	0.000000
46	tsk_46	(x)	1	:	0.000000	0.000000	0.000000	0.407811	0.000000	0.000000	0.000000	0.000000	0.101329	0.490859	0.000000	0.000000	0.000000
47	tsk_47	(x)	1	:	0.000000	0.000000	0.000000	1.000000	0.000000	0.000000	0.000000	0.000000	0.000000	0.000000	0.000000	0.000000	0.000000
48	tsk_48	(x)	1	:	0.000000	0.000000	0.000000	0.000000	0.497812	0.000000	0.000000	0.000000	0.001575	0.000000	0.000435	0.500178	0.000000
49	tsk_49	(x)	1	:	0.000000	0.000000	0.360651	0.000000	0.000000	0.000000	0.000000	0.000000	0.139309	0.000000	0.000410	0.499630	0.000000
50	tsk_50	(x)	1	:	0.035051	0.000000	0.000000	0.000000	0.000000	0.436363	0.000000	0.000000	0.000000	0.000000	0.000000	0.000000	0.528586
51	tsk_51	(x)	1	:	0.097562	0.000000	0.000000	0.000000	0.000000	0.902438	0.000000	0.000000	0.000000	0.000000	0.000000	0.000000	0.000000
52	tsk_52	(x)	1	:	0.117336	0.000000	0.000000	0.000000	0.000000	0.882664	0.000000	0.000000	0.000000	0.000000	0.000000	0.000000	0.000000
53	tsk_53	(x)	1	:	0.302752	0.000000	0.000000	0.000000	0.000000	0.697248	0.000000	0.000000	0.000000	0.000000	0.000000	0.000000	0.000000
54	tsk_54	(x)	1	:	0.265138	0.000000	0.000000	0.000000	0.000000	0.205243	0.000000	0.000000	0.000000	0.000000	0.000000	0.000000	0.529619
55	tsk_55	(x)	1	:	0.000000	0.000000	0.000000	0.000000	0.000000	0.000000	0.000000	0.000000	0.000000	0.000000	0.000000	1.000000	0.000000
56	tsk_56	(x)	1	:	0.036577	0.000000	0.000000	0.000000	0.000000	0.434917	0.000000	0.000000	0.000000	0.000000	0.000000	0.000000	0.528507
57	tsk_57	(x)	1	:	0.124346	0.000000	0.000000	0.000000	0.000000	0.875653	0.000000	0.000000	0.000000	0.000000	0.000000	0.000000	0.000000
58	tsk_58	(x)	1	:	0.053999	0.000000	0.000000	0.000000	0.000000	0.946001	0.000000	0.000000	0.000000	0.000000	0.000000	0.000000	0.000000
59	tsk_59	(x)	1	:	0.140995	0.000000	0.000000	0.000000	0.000000	0.358906	0.000000	0.000000	0.000000	0.000000	0.000444	0.499655	0.000000
60	tsk_60	(x)	1	:	0.352460	0.000000	0.000000	0.000000	0.496851	0.147610	0.000000	0.000000	0.003028	0.000050	0.000000	0.000000	0.000000
61	tsk_61	(x)	1	:	0.122735	0.000000	0.360628	0.000000	0.000000	0.377263	0.000000	0.000000	0.139373	0.000000	0.000000	0.000000	0.000000
62	tsk_62	(x)	1	:	0.319360	0.000000	0.000000	0.000000	0.498659	0.181981	0.000000	0.000000	0.000000	0.000000	0.000000	0.000000	0.000000
63	tsk_63	(x)	1	:	0.111576	0.000000	0.000000	0.000000	0.000000	0.888424	0.000000	0.000000	0.000000	0.000000	0.000000	0.000000	0.000000
64	tsk_64	(x)	1	:	0.128195	0.000000	0.000000	0.000000	0.496462	0.371617	0.000000	0.000000	0.003634	0.000092	0.000000	0.000000	0.000000
65	tsk_65	(x)	1	:	0.173600	0.000000	0.000000	0.000000	0.000000	0.826400	0.000000	0.000000	0.000000	0.000000	0.000000	0.000000	0.000000
66	tsk_66	(x)	1	:	0.295616	0.000000	0.000000	0.000000	0.496556	0.204222	0.000000	0.000000	0.003606	0.000000	0.000000	0.000000	0.000000
67	tsk_67	(x)	1	:	0.320402	0.000000	0.000000	0.000000	0.496350	0.179358	0.000000	0.000000	0.003733	0.000158	0.000000	0.000000	0.000000
68	tsk_68	(x)	1	:	0.262170	0.000000	0.000000	0.000000	0.496537	0.237680	0.000000	0.000000	0.003557	0.000056	0.000000	0.000000	0.000000
69	tsk_69	(x)	1	:	0.188248	0.000000	0.000000	0.000000	0.000000	0.811752	0.000000	0.000000	0.000000	0.000000	0.000000	0.000000	0.000000
70	tsk_70	(x)	1	:	0.000000	0.000000	0.000000	0.000000	0.000000	0.000000	0.000000	0.000000	0.000000	1.000000	0.000000	0.000000	0.000000
71	tsk_71	(x)	1	:	0.000000	0.000000	0.000000	0.000000	0.000000	0.000000	0.000000	0.000000	0.000000	0.489293	0.510707	0.000000	0.000000
72	tsk_72	(x)	1	:	0.000000	0.000000	0.000000	0.000000	0.000000	0.000000	0.000000	0.000000	0.509139	0.490861	0.000000	0.000000	0.000000
73	tsk_73	(x)	1	:	0.000000	0.000000	0.000000	0.000000	0.000000	0.000000	0.000000	0.000000	0.509139	0.490861	0.000000	0.000000	0.000000
74	tsk_74	(x)	1	:	0.129313	0.000000	0.000000	0.000000	0.000000	0.870687	0.000000	0.000000	0.000000	0.000000	0.000000	0.000000	0.000000
75	tsk_75	(x)	1	:	0.238675	0.000000	0.289538	0.000000	0.000000	0.261316	0.000000	0.000000	0.210471	0.000000	0.000000	0.000000	0.000000
76	tsk_76	(x)	1	:	0.000000	0.000000	0.000000	0.000000	0.000000	0.000000	0.000000	0.000000	0.000000	1.000000	0.000000	0.000000	0.000000
77	tsk_77	(x)	1	:	0.278902	0.000000	0.000000	0.000000	0.000000	0.177484	0.000000	0.000000	0.000000	0.543613	0.000000	0.000000	0.000000
78	tsk_78	(x)	1	:	0.000000	0.000000	0.000000	0.000000	0.000000	0.000000	0.000000	0.000000	0.509139	0.490861	0.000000	0.000000	0.000000
79	tsk_79	(x)	1	:	0.000000	0.000000	0.000000	0.000000	0.505668	0.000000	0.000000	0.000000	0.000000	0.494332	0.000000	0.000000	0.000000
80	tsk_80	(x)	1	:	0.000000	0.000000	0.000000	0.000000	0.000000	0.000000	0.000000	0.547855	0.000000	0.452145	0.000000	0.000000	0.000000
81	tsk_81	(x)	1	:	0.055494	0.000000	0.000000	0.000000	0.000000	0.442938	0.000000	0.501568	0.000000	0.000000	0.000000	0.000000	0.000000
82	tsk_82	(x)	1	:	0.386681	0.000000	0.000000	0.000000	0.000000	0.111751	0.000000	0.501568	0.000000	0.000000	0.000000	0.000000	0.000000
83	tsk_83	(x)	1	:	0.000000	0.000000	0.607089	0.000000	0.000000	0.000000	0.000000	0.000000	0.392911	0.000000	0.000000	0.000000	0.000000
84	tsk_84	(x)	1	:	0.188631	0.000000	0.000000	0.000000	0.000000	0.309801	0.000000	0.501568	0.000000	0.000000	0.000000	0.000000	0.000000
85	tsk_85	(x)	1	:	0.198436	0.000000	0.000000	0.000000	0.000000	0.301446	0.000000	0.000000	0.009535	0.490583	0.000000	0.000000	0.000000
86	tsk_86	(x)	1	:	0.331720	0.000000	0.360624	0.000000	0.000000	0.168278	0.000000	0.000000	0.139378	0.000000	0.000000	0.000000	0.000000
87	tsk_87	(x)	1	:	0.188612	0.000000	0.360629	0.000000	0.000000	0.311387	0.000000	0.000000	0.139373	0.000000	0.000000	0.000000	0.000000
88	tsk_88	(x)	1	:	0.459207	0.000000	0.000000	0.000000	0.000000	0.540793	0.000000	0.000000	0.000000	0.000000	0.000000	0.000000	0.000000
89	tsk_89	(x)	1	:	0.329296	0.000000	0.000000	0.000000	0.498572	0.172028	0.000000	0.000000	0.000000	0.000104	0.000000	0.000000	0.000000
90	tsk_90	(x)	1	:	0.000000	0.000000	0.000000	0.000000	0.000000	0.000000	0.000000	0.000000	0.000000	0.000000	0.000000	1.000000	0.000000
91	tsk_91	(x)	1	:	0.089187	0.000000	0.000000	0.000000	0.000000	0.410722	0.000000	0.000000	0.000000	0.000000	0.000407	0.499684	0.000000
92	tsk_92	(x)	1	:	0.094861	0.000000	0.000000	0.000000	0.000000	0.405054	0.000000	0.000000	0.000000	0.000000	0.000382	0.499703	0.000000
93	tsk_93	(x)	1	:	0.063953	0.000000	0.000000	0.000000	0.000000	0.936047	0.000000	0.000000	0.000000	0.000000	0.000000	0.000000	0.000000
94	tsk_94	(x)	1	:	0.000000	0.000000	0.000000	0.000000	0.498823	0.000000	0.000000	0.000000	0.000000	0.000000	0.000461	0.500716	0.000000
95	tsk_95	(x)	1	:	0.000000	0.000000	0.000000	0.000000	0.000000	0.000000	0.000000	0.000000	0.000000	0.000000	0.000000	1.000000	0.000000
96	tsk_96	(x)	1	:	0.108368	0.000000	0.000000	0.000000	0.000000	0.891632	0.000000	0.000000	0.000000	0.000000	0.000000	0.000000	0.000000
97	tsk_97	(x)	1	:	0.310651	0.000000	0.000000	0.000000	0.000000	0.689349	0.000000	0.000000	0.000000	0.000000	0.000000	0.000000	0.000000
98	tsk_98	(x)	1	:	0.000000	0.000000	0.000000	0.000000	0.000000	0.000000	0.000000	0.000000	0.000000	0.000000	0.000000	1.000000	0.000000
99	tsk_99	(x)	1	:	0.274139	0.000000	0.000000	0.000000	0.000000	0.725861	0.000000	0.000000	0.000000	0.000000	0.000000	0.000000	0.000000
100	tsk_100	(x)	1	:	0.067653	0.000000	0.000000	0.000000	0.000000	0.432254	0.000000	0.000000	0.000000	0.000000	0.000415	0.499678	0.000000
101	tsk_101	(x)	1	:	0.294909	0.000000	0.360628	0.000000	0.000000	0.205089	0.000000	0.000000	0.139373	0.000000	0.000000	0.000000	0.000000
102	tsk_102	(x)	1	:	0.142923	0.000000	0.360625	0.000000	0.000000	0.357074	0.000000	0.000000	0.139377	0.000000	0.000000	0.000000	0.000000
103	tsk_103	(x)	1	:	0.033470	0.502226	0.000000	0.000000	0.000000	0.464303	0.000000	0.000000	0.000000	0.000000	0.000000	0.000000	0.000001
104	tsk_104	(x)	1	:	0.026411	0.000000	0.000000	0.000000	0.000000	0.473498	0.000000	0.000000	0.000000	0.000000	0.000407	0.499684	0.000000
105	tsk_105	(x)	1	:	0.000041	0.500068	0.360490	0.000000	0.000000	0.000126	0.000000	0.000000	0.139275	0.000000	0.000000	0.000000	0.000000
106	tsk_106	(x)	1	:	0.198759	0.000000	0.000000	0.000000	0.000000	0.301241	0.000000	0.000000	0.500000	0.000000	0.000000	0.000000	0.000000
107	tsk_107	(x)	1	:	0.089769	0.000000	0.000000	0.000000	0.000000	0.410177	0.000000	0.000000	0.000000	0.000000	0.000241	0.499813	0.000000
108	tsk_108	(x)	1	:	0.000000	0.000000	0.289537	0.000000	0.000000	0.000000	0.000000	0.000000	0.210445	0.000000	0.000260	0.499757	0.000000
109	tsk_109	(x)	1	:	0.000000	0.000000	0.607089	0.000000	0.000000	0.000000	0.000000	0.000000	0.392911	0.000000	0.000000	0.000000	0.000000
110	tsk_110	(x)	1	:	0.499991	0.000000	0.289539	0.000000	0.000000	0.000000	0.000000	0.000000	0.210470	0.000000	0.000000	0.000000	0.000000
111	tsk_111	(x)	1	:	0.000000	0.000000	0.000000	0.000000	0.000000	0.000000	0.000000	0.000000	0.509139	0.490861	0.000000	0.000000	0.000000
112	tsk_112	(x)	1	:	0.000000	0.000000	0.289522	0.000000	0.000000	0.000000	0.000000	0.000000	0.223403	0.000000	0.487075	0.000000	0.000000
113	tsk_113	(x)	1	:	0.196727	0.000000	0.289540	0.000000	0.000000	0.303265	0.000000	0.000000	0.210468	0.000000	0.000000	0.000000	0.000000
114	tsk_114	(x)	1	:	0.000000	0.000000	0.000000	0.000000	0.505668	0.000000	0.000000	0.000000	0.000000	0.494332	0.000000	0.000000	0.000000
115	tsk_115	(x)	1	:	0.000000	0.000000	0.000000	0.000000	0.000000	0.000000	0.000000	0.000000	0.000000	0.000000	0.000000	1.000000	0.000000
116	tsk_116	(x)	1	:	0.210752	0.000000	0.000000	0.000000	0.000000	0.289131	0.000000	0.000000	0.009530	0.490587	0.000000	0.000000	0.000000
117	tsk_117	(x)	1	:	0.000000	0.000000	0.000000	0.000000	0.000000	0.000000	0.000000	0.000000	0.509139	0.490861	0.000000	0.000000	0.000000
118	tsk_118	(x)	1	:	0.000000	0.000000	0.493086	0.000000	0.000000	0.000000	0.000000	0.000000	0.506914	0.000000	0.000000	0.000000	0.000000
119	tsk_119	(x)	1	:	0.000000	0.000000	0.000000	0.000000	0.000000	0.000000	0.000000	0.000000	0.000000	0.000000	0.000000	1.000000	0.000000
120	tsk_120	(x)	1	:	0.241749	0.000000	0.000000	0.000000	0.519365	0.238845	0.000000	0.000000	0.000000	0.000000	0.000000	0.000000	0.000042
121	tsk_121	(x)	1	:	0.149355	0.000000	0.000000	0.000000	0.000000	0.350531	0.000000	0.000000	0.009521	0.490593	0.000000	0.000000	0.000000
122	tsk_122	(x)	1	:	0.299087	0.000000	0.000000	0.000000	0.000000	0.179081	0.000000	0.000000	0.000000	0.521832	0.000000	0.000000	0.000000
123	tsk_123	(x)	1	:	0.000000	0.000000	0.000000	0.000000	0.496616	0.000000	0.000000	0.000000	0.503107	0.000277	0.000000	0.000000	0.000000
124	tsk_124	(x)	1	:	0.578020	0.000000	0.000000	0.000000	0.000000	0.421980	0.000000	0.000000	0.000000	0.000000	0.000000	0.000000	0.000000
125	tsk_125	(x)	1	:	0.222985	0.000000	0.000000	0.000000	0.000000	0.255183	0.000000	0.000000	0.000000	0.521832	0.000000	0.000000	0.000000
126	tsk_126	(x)	1	:	0.326684	0.000000	0.000000	0.000000	0.519365	0.153906	0.000000	0.000000	0.000000	0.000000	0.000000	0.000000	0.000045
127	tsk_127	(x)	1	:	0.198841	0.000000	0.000000	0.000000	0.000000	0.301078	0.000000	0.000000	0.009408	0.490673	0.000000	0.000000	0.000000
128	tsk_128	(x)	1	:	0.000000	0.000000	0.000000	0.000000	1.000000	0.000000	0.000000	0.000000	0.000000	0.000000	0.000000	0.000000	0.000000
129	tsk_129	(x)	1	:	0.277177	0.000000	0.000000	0.000000	0.000000	0.222823	0.000000	0.000000	0.500000	0.000000	0.000000	0.000000	0.000000
130	tsk_130	(x)	1	:	0.052187	0.000000	0.000000	0.000000	0.000000	0.947813	0.000000	0.000000	0.000000	0.000000	0.000000	0.000000	0.000000
131	tsk_131	(x)	1	:	0.000000	0.000000	0.000000	0.000000	0.496755	0.000000	0.000000	0.000000	0.016164	0.000000	0.487081	0.000000	0.000000
132	tsk_132	(x)	1	:	0.263800	0.000000	0.000000	0.000000	0.000000	0.236200	0.000000	0.000000	0.500000	0.000000	0.000000	0.000000	0.000000
133	tsk_133	(x)	1	:	0.271531	0.000000	0.000000	0.000000	0.000000	0.728464	0.000000	0.000000	0.000000	0.000000	0.000000	0.000000	0.000005
134	tsk_134	(x)	1	:	0.213699	0.000000	0.000000	0.000000	0.000000	0.286301	0.000000	0.000000	0.500000	0.000000	0.000000	0.000000	0.000000
135	tsk_135	(x)	1	:	0.249807	0.000000	0.000000	0.000000	0.000000	0.250193	0.000000	0.000000	0.500000	0.000000	0.000000	0.000000	0.000000
136	tsk_136	(x)	1	:	0.092992	0.000000	0.000000	0.000000	0.000000	0.907008	0.000000	0.000000	0.000000	0.000000	0.000000	0.000000	0.000000
137	tsk_137	(x)	1	:	0.271823	0.000000	0.000000	0.000000	0.000000	0.228177	0.000000	0.000000	0.500000	0.000000	0.000000	0.000000	0.000000
138	tsk_138	(x)	1	:	0.252331	0.000000	0.000000	0.000000	0.000000	0.247669	0.000000	0.000000	0.500000	0.000000	0.000000	0.000000	0.000000
139	tsk_139	(x)	1	:	0.075350	0.000000	0.000000	0.000000	0.000000	0.424548	0.000000	0.000000	0.000000	0.000000	0.000459	0.499644	0.000000
140	tsk_140	(x)	1	:	0.000000	0.000000	0.000000	0.000000	0.000000	0.000168	0.000000	0.000000	0.000000	0.000000	0.000000	0.000000	0.999832
141	tsk_141	(x)	1	:	0.000000	0.000000	0.000000	0.000000	0.000000	0.000004	0.000000	0.000000	0.000000	0.000000	0.000201	0.495252	0.504543
142	tsk_142	(x)	1	:	0.039901	0.000000	0.000000	0.000000	0.000000	0.460033	0.000000	0.000000	0.000000	0.000000	0.000292	0.499774	0.000000
143	tsk_143	(x)	1	:	0.440811	0.000000	0.000000	0.000000	0.497036	0.059370	0.000000	0.000000	0.002783	0.000000	0.000000	0.000000	0.000000
144	tsk_144	(x)	1	:	0.288293	0.000000	0.000000	0.000000	0.000000	0.211637	0.000000	0.000000	0.009373	0.490697	0.000000	0.000000	0.000000
145	tsk_145	(x)	1	:	0.000000	0.000000	0.000000	0.000000	0.000000	0.000008	0.000000	0.000000	0.000000	0.000000	0.000117	0.495319	0.504556
146	tsk_146	(x)	1	:	0.036247	0.000000	0.000000	0.000000	0.000000	0.463670	0.000000	0.000000	0.000000	0.000000	0.000367	0.499715	0.000000
147	tsk_147	(x)	1	:	0.143410	0.000000	0.000000	0.000000	0.000000	0.356516	0.000000	0.000000	0.000000	0.000000	0.000333	0.499742	0.000000
148	tsk_148	(x)	1	:	0.066611	0.000000	0.000000	0.000000	0.000000	0.404134	0.000000	0.000000	0.000000	0.000000	0.000000	0.000000	0.529254
149	tsk_149	(x)	1	:	0.000000	0.000000	0.000000	0.000000	0.000000	0.001115	0.000000	0.000000	0.000000	0.000000	0.000333	0.514849	0.483703
