logL = -1603.923600 (converged)
AIC = 3615.847201
BIC = 4230.016801

count.K
60 90 

