logL = -2488.209907 (converged)
AIC = 5472.419815
BIC = 6219.057368

count.K
76 74 

