logL = -1231.960121 (converged)
AIC = 7207.920242
BIC = 14349.147159

count.K
11 8 21 19 5 1 22 10 9 9 8 22 5 

