logL = -1495.048410 (converged)
AIC = 3794.096819
BIC = 5004.372207

count.K
39 39 72 

