logL = -427.171092 (converged)
AIC = 4492.342184
BIC = 9968.687784

count.K
5 51 11 9 7 8 7 7 16 14 15 

