logL = -1429.614496 (converged)
AIC = 7599.228992
BIC = 14734.434639

count.K
24 3 5 5 43 12 3 0 2 14 10 20 8 1 

