logL = -1207.186408 (converged)
AIC = 4358.372817
BIC = 7284.710323

count.K
62 7 44 8 14 15 

