logL = -1823.921667 (converged)
AIC = 8781.843334
BIC = 16510.144134

count.K
19 15 0 15 3 33 33 4 16 7 1 2 2 

