logL = -1170.647374 (converged)
AIC = 7137.294747
BIC = 14356.798183

count.K
1 25 18 17 1 32 3 2 11 11 5 9 5 10 

