logL = -5205.668812 (converged)
AIC = 14711.337623
BIC = 21184.203506

count.K
36 13 3 3 9 8 25 5 12 36 

