0	tsk_0	(x)	1	:	0.000000	0.000000	0.589323	0.000000	0.000000	0.000000	0.000000	0.410677	0.000000
1	tsk_1	(x)	1	:	0.000000	0.000000	0.000002	0.000000	0.000000	0.000000	0.000000	0.519678	0.480320
2	tsk_2	(x)	1	:	0.000000	0.000000	0.000156	0.000000	0.000000	0.000000	0.416284	0.583560	0.000000
3	tsk_3	(x)	1	:	0.000000	0.000000	0.000000	0.000000	0.485301	0.000000	0.000000	0.514699	0.000000
4	tsk_4	(x)	1	:	0.000000	0.000000	0.000000	0.000000	0.000000	0.000000	0.569029	0.430971	0.000000
5	tsk_5	(x)	1	:	0.000000	0.000000	0.000000	0.000000	0.000000	0.000000	0.000000	1.000000	0.000000
6	tsk_6	(x)	1	:	0.000000	0.000000	0.000000	0.000000	0.000000	0.000000	0.000000	0.000000	1.000000
7	tsk_7	(x)	1	:	0.000000	0.000000	0.000000	0.000000	0.000000	0.000000	0.000000	1.000000	0.000000
8	tsk_8	(x)	1	:	0.000000	0.000000	0.000001	0.000000	0.000000	0.000000	0.000000	0.519678	0.480320
9	tsk_9	(x)	1	:	0.000000	0.000000	0.000000	0.000000	0.000000	0.000000	0.000000	1.000000	0.000000
10	tsk_10	(x)	1	:	0.588259	0.000000	0.000000	0.000000	0.000000	0.411741	0.000000	0.000000	0.000000
11	tsk_11	(x)	1	:	0.000003	0.000000	0.000005	0.000000	0.000000	0.475846	0.524146	0.000000	0.000000
12	tsk_12	(x)	1	:	0.000000	0.000000	0.000000	0.000000	0.000000	0.000000	1.000000	0.000000	0.000000
13	tsk_13	(x)	1	:	0.000000	0.000000	0.000000	0.000000	0.000000	0.000000	1.000000	0.000000	0.000000
14	tsk_14	(x)	1	:	0.588259	0.000000	0.000000	0.000000	0.000000	0.411741	0.000000	0.000000	0.000000
15	tsk_15	(x)	1	:	0.505972	0.000000	0.000000	0.000000	0.000000	0.000000	0.494027	0.000000	0.000000
16	tsk_16	(x)	1	:	0.000001	0.000000	0.000001	0.000000	0.000000	0.473966	0.000000	0.000000	0.526033
17	tsk_17	(x)	1	:	0.538724	0.000000	0.000000	0.000000	0.000000	0.000000	0.000000	0.461276	0.000000
18	tsk_18	(x)	1	:	0.000000	0.000000	0.000000	0.000000	0.000000	0.000000	1.000000	0.000000	0.000000
19	tsk_19	(x)	1	:	0.000000	0.000000	0.000000	0.000000	0.000000	0.000000	0.000000	0.000000	1.000000
20	tsk_20	(x)	1	:	0.000000	0.000000	0.000000	0.000000	0.000000	0.000000	1.000000	0.000000	0.000000
21	tsk_21	(x)	1	:	0.000000	0.000000	0.000035	0.592066	0.000000	0.000000	0.407895	0.000004	0.000000
22	tsk_22	(x)	1	:	0.000000	0.000000	0.000000	0.000000	0.000000	0.000000	0.566225	0.000000	0.433775
23	tsk_23	(x)	1	:	0.000000	0.000000	0.000028	0.592067	0.000000	0.000000	0.407898	0.000007	0.000000
24	tsk_24	(x)	1	:	0.000000	0.000000	0.000725	0.000000	0.000000	0.000000	0.999186	0.000089	0.000000
25	tsk_25	(x)	1	:	0.000000	0.000000	0.000000	0.493973	0.000000	0.000000	0.506027	0.000000	0.000000
26	tsk_26	(x)	1	:	0.000000	0.000000	0.000000	0.640241	0.000000	0.000000	0.359759	0.000000	0.000000
27	tsk_27	(x)	1	:	0.000000	0.000000	0.000760	0.000000	0.000000	0.000000	0.999206	0.000035	0.000000
28	tsk_28	(x)	1	:	0.000000	0.000000	0.000069	0.000000	0.478050	0.000000	0.412645	0.109235	0.000000
29	tsk_29	(x)	1	:	0.000000	0.000000	0.000039	0.592066	0.000000	0.000000	0.407893	0.000003	0.000000
30	tsk_30	(x)	1	:	0.405777	0.000003	0.077769	0.000000	0.000000	0.000150	0.000000	0.516301	0.000000
31	tsk_31	(x)	1	:	0.405141	0.000005	0.078632	0.000000	0.000000	0.000239	0.000000	0.515983	0.000000
32	tsk_32	(x)	1	:	0.331159	0.000008	0.000000	0.000000	0.000000	0.668833	0.000000	0.000000	0.000000
33	tsk_33	(x)	1	:	0.846367	0.000015	0.000000	0.000000	0.000000	0.153618	0.000000	0.000000	0.000000
34	tsk_34	(x)	1	:	0.000000	0.000000	0.000010	0.463356	0.000000	0.000000	0.000000	0.536634	0.000000
35	tsk_35	(x)	1	:	0.000000	0.000000	0.000000	0.000000	0.000000	0.000000	0.000000	0.439460	0.560540
36	tsk_36	(x)	1	:	0.000000	0.000000	0.000000	0.000000	0.000000	0.000000	0.000000	0.596794	0.403206
37	tsk_37	(x)	1	:	0.846398	0.000011	0.000000	0.000000	0.000000	0.153591	0.000000	0.000000	0.000000
38	tsk_38	(x)	1	:	0.405490	0.000018	0.120178	0.473868	0.000000	0.000439	0.000000	0.000007	0.000000
39	tsk_39	(x)	1	:	0.000000	0.000000	0.000000	0.000000	0.000000	0.000000	0.000000	1.000000	0.000000
40	tsk_40	(x)	1	:	0.000000	0.000000	0.566863	0.000000	0.000000	0.000000	0.433137	0.000000	0.000000
41	tsk_41	(x)	1	:	0.000000	0.000000	1.000000	0.000000	0.000000	0.000000	0.000000	0.000000	0.000000
42	tsk_42	(x)	1	:	0.000000	0.000000	0.480344	0.000000	0.000000	0.000000	0.000000	0.519656	0.000000
43	tsk_43	(x)	1	:	0.000001	0.244154	0.333547	0.000000	0.000000	0.422297	0.000000	0.000000	0.000000
44	tsk_44	(x)	1	:	0.000000	0.000000	0.000000	0.000000	0.000000	0.000000	1.000000	0.000000	0.000000
45	tsk_45	(x)	1	:	0.000000	0.000000	0.480344	0.000000	0.000000	0.000000	0.000000	0.519656	0.000000
46	tsk_46	(x)	1	:	0.557373	0.000000	0.000239	0.000000	0.000000	0.000000	0.000000	0.442388	0.000000
47	tsk_47	(x)	1	:	0.000454	0.000000	0.445691	0.000000	0.000000	0.553855	0.000000	0.000000	0.000000
48	tsk_48	(x)	1	:	0.000025	0.000000	0.000117	0.000000	0.468316	0.513214	0.000000	0.018328	0.000000
49	tsk_49	(x)	1	:	0.000000	0.201863	0.366431	0.000000	0.000000	0.000000	0.431652	0.000054	0.000000
50	tsk_50	(x)	1	:	0.000037	0.000000	0.000033	0.000000	0.000000	0.525795	0.000000	0.000000	0.474135
51	tsk_51	(x)	1	:	0.000035	0.000000	0.000048	0.000000	0.000000	0.525788	0.000000	0.000000	0.474129
52	tsk_52	(x)	1	:	0.000000	0.000000	0.000000	0.000000	0.000000	0.000000	0.000000	1.000000	0.000000
53	tsk_53	(x)	1	:	0.000007	0.000000	0.000010	0.000000	0.000000	0.452270	0.000000	0.547713	0.000000
54	tsk_54	(x)	1	:	0.000000	0.000000	0.000002	0.000000	0.000000	0.000000	0.000000	0.519678	0.480320
55	tsk_55	(x)	1	:	0.000000	0.000000	0.594282	0.405718	0.000000	0.000000	0.000000	0.000000	0.000000
56	tsk_56	(x)	1	:	0.000000	0.000000	0.000000	0.000000	0.000000	0.000000	0.000000	0.459122	0.540878
57	tsk_57	(x)	1	:	0.000146	0.423655	0.000061	0.000000	0.000000	0.000000	0.000000	0.576138	0.000000
58	tsk_58	(x)	1	:	0.000000	0.000000	0.000000	0.000000	0.000000	0.000000	0.000000	0.000000	1.000000
59	tsk_59	(x)	1	:	0.000000	0.000000	0.000000	0.433122	0.000000	0.000000	0.000000	0.000000	0.566878
60	tsk_60	(x)	1	:	0.000002	0.000000	0.000009	0.000000	0.000000	0.475845	0.524144	0.000000	0.000000
61	tsk_61	(x)	1	:	0.000000	0.000000	0.000000	0.000000	0.000000	0.000000	0.000000	0.517797	0.482203
62	tsk_62	(x)	1	:	0.000010	0.450202	0.000001	0.000000	0.000000	0.000003	0.000000	0.000000	0.549784
63	tsk_63	(x)	1	:	0.000000	0.000000	0.000000	0.000000	0.000000	0.000000	0.566225	0.000000	0.433775
64	tsk_64	(x)	1	:	0.666255	0.333745	0.000000	0.000000	0.000000	0.000000	0.000000	0.000000	0.000000
65	tsk_65	(x)	1	:	0.000000	0.000000	0.000002	0.000000	0.000000	0.000000	0.000000	0.519678	0.480320
66	tsk_66	(x)	1	:	0.000000	0.000000	0.000000	0.544189	0.000000	0.000000	0.000000	0.455811	0.000000
67	tsk_67	(x)	1	:	0.000000	0.000000	0.000000	0.601687	0.000000	0.000000	0.000000	0.000000	0.398313
68	tsk_68	(x)	1	:	0.000000	1.000000	0.000000	0.000000	0.000000	0.000000	0.000000	0.000000	0.000000
69	tsk_69	(x)	1	:	0.000000	0.000000	0.000000	0.000000	0.000000	0.000000	0.000000	0.000000	1.000000
70	tsk_70	(x)	1	:	0.000031	0.000000	0.000389	0.000000	0.000000	0.517237	0.000000	0.482344	0.000000
71	tsk_71	(x)	1	:	0.002676	0.490306	0.029034	0.477968	0.000000	0.000015	0.000000	0.000001	0.000000
72	tsk_72	(x)	1	:	0.000001	0.544207	0.000201	0.000000	0.000000	0.000000	0.000000	0.455591	0.000000
73	tsk_73	(x)	1	:	0.000007	0.000000	0.000010	0.000000	0.000000	0.452270	0.000000	0.547713	0.000000
74	tsk_74	(x)	1	:	0.000017	0.447488	0.000012	0.000000	0.000000	0.000001	0.552482	0.000000	0.000000
75	tsk_75	(x)	1	:	0.000000	0.000000	0.000000	0.420138	0.000000	0.000000	0.579862	0.000000	0.000000
76	tsk_76	(x)	1	:	0.000000	0.000000	0.000009	0.463356	0.000000	0.000000	0.000000	0.536635	0.000000
77	tsk_77	(x)	1	:	0.000000	0.000000	0.000000	0.539560	0.000000	0.000000	0.000000	0.460439	0.000000
78	tsk_78	(x)	1	:	0.000000	0.000000	0.000014	0.486974	0.000000	0.000000	0.000000	0.000004	0.513008
79	tsk_79	(x)	1	:	0.000000	0.000000	0.000001	0.460515	0.477122	0.000000	0.000000	0.062362	0.000000
80	tsk_80	(x)	1	:	0.000000	0.000000	0.000000	0.000000	0.572400	0.000000	0.000000	0.000009	0.427591
81	tsk_81	(x)	1	:	0.000000	0.000000	0.000000	0.000000	0.000000	1.000000	0.000000	0.000000	0.000000
82	tsk_82	(x)	1	:	0.000030	0.000000	0.000370	0.000000	0.000000	0.517247	0.000000	0.482353	0.000000
83	tsk_83	(x)	1	:	0.000000	0.000000	0.000000	0.432452	0.000000	0.000000	0.000000	0.000000	0.567548
84	tsk_84	(x)	1	:	0.000000	0.000000	0.000000	0.000000	0.572399	0.000000	0.000000	0.000010	0.427590
85	tsk_85	(x)	1	:	0.000000	0.000000	0.000000	0.000000	0.576258	0.423742	0.000000	0.000000	0.000000
86	tsk_86	(x)	1	:	0.000000	0.000000	0.000000	0.432452	0.000000	0.000000	0.000000	0.000000	0.567548
87	tsk_87	(x)	1	:	0.000000	0.000000	0.000012	0.486973	0.000000	0.000000	0.000000	0.000007	0.513008
88	tsk_88	(x)	1	:	0.000000	0.000000	0.000000	0.416759	0.583228	0.000000	0.000000	0.000013	0.000000
89	tsk_89	(x)	1	:	0.000001	0.000000	0.000013	0.000000	0.000000	0.475843	0.524143	0.000000	0.000000
90	tsk_90	(x)	1	:	0.000000	0.000000	0.000000	1.000000	0.000000	0.000000	0.000000	0.000000	0.000000
91	tsk_91	(x)	1	:	0.000000	0.000000	0.000000	0.420138	0.000000	0.000000	0.579862	0.000000	0.000000
92	tsk_92	(x)	1	:	0.000000	0.000000	0.000000	0.558477	0.000000	0.000000	0.441523	0.000000	0.000000
93	tsk_93	(x)	1	:	0.000000	0.000000	0.000000	0.000000	0.000000	0.000000	0.000000	1.000000	0.000000
94	tsk_94	(x)	1	:	0.000000	0.000000	0.000000	0.389903	0.000000	0.000000	0.000000	0.610097	0.000000
95	tsk_95	(x)	1	:	0.000000	0.000000	0.592642	0.000000	0.000000	0.000000	0.000000	0.407358	0.000000
96	tsk_96	(x)	1	:	0.000000	0.000000	0.000000	0.537195	0.000000	0.000000	0.000000	0.462805	0.000000
97	tsk_97	(x)	1	:	0.000000	0.000000	0.451576	0.548424	0.000000	0.000000	0.000000	0.000000	0.000000
98	tsk_98	(x)	1	:	0.000000	0.000000	0.596585	0.403415	0.000000	0.000000	0.000000	0.000000	0.000000
99	tsk_99	(x)	1	:	0.000000	0.000000	0.000000	0.563922	0.000000	0.436078	0.000000	0.000000	0.000000
100	tsk_100	(x)	1	:	0.000000	0.000000	0.000000	0.000000	0.000000	0.000000	0.492334	0.000000	0.507666
101	tsk_101	(x)	1	:	0.000019	0.000000	0.000100	0.000000	0.468217	0.513203	0.000000	0.018461	0.000000
102	tsk_102	(x)	1	:	0.000000	0.000000	0.000000	0.000000	0.000000	0.000000	0.569029	0.430971	0.000000
103	tsk_103	(x)	1	:	0.000021	0.000000	0.000042	0.000000	0.000000	0.525803	0.000000	0.000000	0.474134
104	tsk_104	(x)	1	:	0.000000	0.000000	0.000000	0.000000	0.000000	0.000000	0.569029	0.430971	0.000000
105	tsk_105	(x)	1	:	0.000002	0.000000	0.000001	0.000000	0.000000	0.473965	0.000000	0.000000	0.526033
106	tsk_106	(x)	1	:	0.000002	0.000000	0.000006	0.000000	0.000000	0.473957	0.000000	0.000000	0.526035
107	tsk_107	(x)	1	:	0.000002	0.000000	0.000012	0.000000	0.000000	0.475843	0.524143	0.000000	0.000000
108	tsk_108	(x)	1	:	0.000000	0.000000	0.000000	0.000000	0.000000	0.000000	0.000000	0.000000	1.000000
109	tsk_109	(x)	1	:	0.000000	0.000000	0.000000	0.000000	0.000000	0.433804	0.000000	0.000000	0.566196
110	tsk_110	(x)	1	:	0.000000	0.000000	0.000000	0.420138	0.000000	0.000000	0.579862	0.000000	0.000000
111	tsk_111	(x)	1	:	0.000000	0.000000	0.000001	0.000000	0.000000	0.000000	0.000000	0.519678	0.480320
112	tsk_112	(x)	1	:	0.000000	0.000000	0.000000	0.000000	0.000000	1.000000	0.000000	0.000000	0.000000
113	tsk_113	(x)	1	:	0.331164	0.000005	0.000000	0.000000	0.000000	0.668832	0.000000	0.000000	0.000000
114	tsk_114	(x)	1	:	0.000002	0.000000	0.000011	0.000000	0.000000	0.475843	0.524143	0.000000	0.000000
115	tsk_115	(x)	1	:	0.000000	0.000000	0.000000	0.000000	0.000000	0.000000	1.000000	0.000000	0.000000
116	tsk_116	(x)	1	:	0.000008	0.000000	0.562295	0.000000	0.000000	0.437698	0.000000	0.000000	0.000000
117	tsk_117	(x)	1	:	0.000000	0.000000	0.000000	0.428731	0.000000	0.000000	0.000000	0.000000	0.571269
118	tsk_118	(x)	1	:	0.000000	0.000000	0.000000	0.000000	0.000000	1.000000	0.000000	0.000000	0.000000
119	tsk_119	(x)	1	:	0.000000	0.000000	0.000000	1.000000	0.000000	0.000000	0.000000	0.000000	0.000000
120	tsk_120	(x)	1	:	0.000000	0.000000	0.000000	0.000000	0.000000	0.428111	0.571889	0.000000	0.000000
121	tsk_121	(x)	1	:	0.000000	0.000000	0.000000	0.000000	0.000000	0.000000	1.000000	0.000000	0.000000
122	tsk_122	(x)	1	:	0.000000	0.000000	0.000000	0.000000	0.000000	0.000000	0.000000	1.000000	0.000000
123	tsk_123	(x)	1	:	0.000003	0.000000	0.000013	0.000000	0.000000	0.475842	0.524142	0.000000	0.000000
124	tsk_124	(x)	1	:	0.000000	0.000000	0.580509	0.000000	0.000000	0.000000	0.000000	0.000000	0.419491
125	tsk_125	(x)	1	:	0.000000	0.000000	0.000000	0.000000	0.000000	0.000000	0.569029	0.430971	0.000000
126	tsk_126	(x)	1	:	0.000000	0.000000	0.000000	0.000000	0.000000	0.000000	0.566225	0.000000	0.433775
127	tsk_127	(x)	1	:	0.000000	0.000000	0.000000	0.000000	0.000000	0.000000	0.640052	0.359948	0.000000
128	tsk_128	(x)	1	:	0.000000	0.000000	0.000000	0.000000	0.000000	0.000000	0.000000	1.000000	0.000000
129	tsk_129	(x)	1	:	0.000000	0.000000	0.000000	0.000000	0.000000	0.000000	1.000000	0.000000	0.000000
130	tsk_130	(x)	1	:	0.000000	0.000000	0.000000	0.420138	0.000000	0.000000	0.579862	0.000000	0.000000
131	tsk_131	(x)	1	:	0.000033	0.000000	0.025049	0.000000	0.000000	0.548004	0.426905	0.000009	0.000000
132	tsk_132	(x)	1	:	0.000015	0.000000	0.000200	0.000000	0.469009	0.513351	0.000000	0.017425	0.000000
133	tsk_133	(x)	1	:	0.000000	0.000000	0.000001	0.460457	0.476935	0.000000	0.000000	0.062607	0.000000
134	tsk_134	(x)	1	:	0.000000	0.000000	0.000000	1.000000	0.000000	0.000000	0.000000	0.000000	0.000000
135	tsk_135	(x)	1	:	0.588259	0.000000	0.000000	0.000000	0.000000	0.411741	0.000000	0.000000	0.000000
136	tsk_136	(x)	1	:	0.547561	0.000000	0.000033	0.000000	0.449254	0.000000	0.000000	0.003152	0.000000
137	tsk_137	(x)	1	:	0.000017	0.000000	0.000145	0.000000	0.468609	0.513278	0.000000	0.017951	0.000000
138	tsk_138	(x)	1	:	0.505972	0.000000	0.000000	0.000000	0.000000	0.000000	0.494027	0.000000	0.000000
139	tsk_139	(x)	1	:	0.666255	0.333745	0.000000	0.000000	0.000000	0.000000	0.000000	0.000000	0.000000
140	tsk_140	(x)	1	:	0.000000	0.000000	0.000000	0.000000	0.485301	0.000000	0.000000	0.514699	0.000000
141	tsk_141	(x)	1	:	0.557370	0.000000	0.000245	0.000000	0.000000	0.000000	0.000000	0.442385	0.000000
142	tsk_142	(x)	1	:	0.000000	0.000000	0.000000	0.000000	0.485301	0.000000	0.000000	0.514699	0.000000
143	tsk_143	(x)	1	:	0.000000	0.000000	0.000000	0.593153	0.406847	0.000000	0.000000	0.000000	0.000000
144	tsk_144	(x)	1	:	0.000000	0.000000	0.000000	0.593153	0.406847	0.000000	0.000000	0.000000	0.000000
145	tsk_145	(x)	1	:	0.000000	0.000000	0.000000	0.612739	0.000006	0.000000	0.000000	0.387256	0.000000
146	tsk_146	(x)	1	:	0.557861	0.000000	0.000006	0.000000	0.000000	0.000000	0.000000	0.000000	0.442133
147	tsk_147	(x)	1	:	0.487053	0.220741	0.292205	0.000000	0.000000	0.000000	0.000000	0.000000	0.000000
148	tsk_148	(x)	1	:	0.000000	0.201499	0.280479	0.000000	0.000000	0.000000	0.000000	0.518022	0.000000
149	tsk_149	(x)	1	:	0.000000	0.000000	0.000007	0.463357	0.000000	0.000000	0.000000	0.536636	0.000000
