logL = -2140.529188 (converged)
AIC = 4749.058376
BIC = 5453.547035

count.K
96 54 

