logL = -1926.400991 (converged)
AIC = 5808.801981
BIC = 8753.203299

count.K
43 9 37 17 29 15 

