logL = -594.307563 (converged)
AIC = 6468.615127
BIC = 14416.692303

count.K
29 6 21 1 23 11 10 1 6 0 10 4 11 15 2 

