logL = -1586.841403 (converged)
AIC = 4025.682807
BIC = 5308.213442

count.K
43 59 48 

