logL = -1691.844222 (converged)
AIC = 5869.688444
BIC = 9611.908114

count.K
19 16 10 2 77 5 21 

