logL = -982.997237 (converged)
AIC = 3515.994474
BIC = 5849.236827

count.K
19 37 33 39 22 

