0	tsk_0	(x)	1	:	0.000000	0.515642	0.000000	0.000001	0.000000	0.000000	0.000000	0.000000	0.000000	0.000000	0.484357	0.000000
1	tsk_1	(x)	1	:	0.000000	0.000000	0.501156	0.000000	0.000000	0.000000	0.000000	0.074680	0.000000	0.000000	0.000000	0.424164
2	tsk_2	(x)	1	:	0.000000	0.000000	0.000000	0.000000	0.000000	0.482617	0.000000	0.058749	0.000000	0.000000	0.000000	0.458634
3	tsk_3	(x)	1	:	0.000000	0.493744	0.000000	0.007158	0.000000	0.499098	0.000000	0.000000	0.000000	0.000000	0.000000	0.000000
4	tsk_4	(x)	1	:	0.000000	0.000000	0.000000	0.000000	0.000000	0.000016	0.000000	0.000000	0.503025	0.000000	0.496957	0.000001
5	tsk_5	(x)	1	:	0.000000	0.000000	0.000060	0.000000	0.000000	0.537540	0.462401	0.000000	0.000000	0.000000	0.000000	0.000000
6	tsk_6	(x)	1	:	0.000000	0.000000	0.000002	0.000000	0.504399	0.000000	0.000000	0.000000	0.000000	0.000000	0.495599	0.000000
7	tsk_7	(x)	1	:	0.000000	0.000000	0.000000	0.000000	0.000000	0.537550	0.462450	0.000000	0.000000	0.000000	0.000000	0.000000
8	tsk_8	(x)	1	:	0.000000	0.000000	0.000000	0.000000	0.000000	0.482614	0.000000	0.198250	0.000000	0.000000	0.000000	0.319136
9	tsk_9	(x)	1	:	0.000000	0.000000	0.000000	0.000000	0.000000	0.000000	0.000000	0.378370	0.000000	0.000000	0.494944	0.126685
10	tsk_10	(x)	1	:	0.000000	0.000000	0.000000	0.000000	0.000000	0.000000	0.000000	0.348394	0.000000	0.000000	0.494944	0.156662
11	tsk_11	(x)	1	:	0.493592	0.000000	0.000000	0.000000	0.000000	0.000000	0.000000	0.308872	0.000000	0.000000	0.000000	0.197535
12	tsk_12	(x)	1	:	0.000000	0.000000	0.000000	0.000000	0.000000	0.000000	0.000000	0.658337	0.000000	0.000000	0.000000	0.341662
13	tsk_13	(x)	1	:	0.000000	0.000000	0.000015	0.000000	0.000000	0.537548	0.462437	0.000000	0.000000	0.000000	0.000000	0.000000
14	tsk_14	(x)	1	:	0.000000	0.000000	0.000000	0.499261	0.000000	0.500739	0.000000	0.000000	0.000000	0.000000	0.000000	0.000000
15	tsk_15	(x)	1	:	0.493592	0.000000	0.000000	0.000000	0.000000	0.000000	0.000000	0.374107	0.000000	0.000000	0.000000	0.132300
16	tsk_16	(x)	1	:	0.000000	0.000000	0.501156	0.000000	0.000000	0.000000	0.000000	0.280815	0.000000	0.000000	0.000000	0.218029
17	tsk_17	(x)	1	:	0.000000	0.000000	0.484167	0.515801	0.000031	0.000000	0.000000	0.000000	0.000000	0.000000	0.000000	0.000000
18	tsk_18	(x)	1	:	1.000000	0.000000	0.000000	0.000000	0.000000	0.000000	0.000000	0.000000	0.000000	0.000000	0.000000	0.000000
19	tsk_19	(x)	1	:	0.000000	0.000000	0.501156	0.000000	0.000000	0.000000	0.000000	0.327774	0.000000	0.000000	0.000000	0.171070
20	tsk_20	(x)	1	:	0.000000	0.000000	0.000000	0.000000	0.000000	0.000000	0.536076	0.312772	0.000000	0.000000	0.000000	0.151151
21	tsk_21	(x)	1	:	0.000000	0.000000	0.256068	0.000000	0.311622	0.000000	0.000000	0.278103	0.000000	0.000000	0.000000	0.154207
22	tsk_22	(x)	1	:	0.000000	0.491022	0.000000	0.007778	0.000000	0.000000	0.000000	0.364995	0.000000	0.000000	0.000000	0.136204
23	tsk_23	(x)	1	:	0.000000	0.000000	0.000000	0.000000	0.000000	0.000000	0.000000	0.000000	0.000000	0.000000	1.000000	0.000000
24	tsk_24	(x)	1	:	0.000000	0.000000	0.000000	0.000000	0.000000	0.403800	0.596200	0.000000	0.000000	0.000000	0.000000	0.000000
25	tsk_25	(x)	1	:	0.000000	0.000000	0.000000	0.000000	0.000000	0.000000	0.000000	0.270527	0.000000	0.000000	0.534978	0.194494
26	tsk_26	(x)	1	:	0.000000	0.000000	0.000000	0.000000	0.000000	0.000000	0.536076	0.392044	0.000000	0.000000	0.000000	0.071880
27	tsk_27	(x)	1	:	0.000000	0.000000	0.000001	0.000000	0.000000	0.000001	0.000000	0.000001	0.512774	0.000000	0.487223	0.000001
28	tsk_28	(x)	1	:	0.000000	0.530432	0.000000	0.000000	0.000000	0.469567	0.000000	0.000000	0.000000	0.000000	0.000000	0.000000
29	tsk_29	(x)	1	:	0.000000	0.483135	0.000000	0.004711	0.000000	0.000000	0.512154	0.000000	0.000000	0.000000	0.000000	0.000000
30	tsk_30	(x)	1	:	0.000000	1.000000	0.000000	0.000000	0.000000	0.000000	0.000000	0.000000	0.000000	0.000000	0.000000	0.000000
31	tsk_31	(x)	1	:	0.000000	0.000000	0.000000	0.516431	0.000000	0.483569	0.000000	0.000000	0.000000	0.000000	0.000000	0.000000
32	tsk_32	(x)	1	:	0.000000	0.000000	0.000000	0.000000	0.000000	0.000000	0.000000	0.633226	0.000000	0.000000	0.000000	0.366774
33	tsk_33	(x)	1	:	0.000000	0.000000	0.000341	0.510197	0.000015	0.000000	0.489448	0.000000	0.000000	0.000000	0.000000	0.000000
34	tsk_34	(x)	1	:	0.000000	0.491952	0.000000	0.007574	0.500474	0.000000	0.000000	0.000000	0.000000	0.000000	0.000000	0.000000
35	tsk_35	(x)	1	:	0.000000	0.000000	0.000000	0.516431	0.000000	0.483569	0.000000	0.000000	0.000000	0.000000	0.000000	0.000000
36	tsk_36	(x)	1	:	0.000000	0.486901	0.000000	0.006037	0.000000	0.000000	0.507062	0.000000	0.000000	0.000000	0.000000	0.000000
37	tsk_37	(x)	1	:	0.000000	0.000000	0.000370	0.510195	0.000017	0.000000	0.489418	0.000000	0.000000	0.000000	0.000000	0.000000
38	tsk_38	(x)	1	:	0.000000	0.000000	0.000058	0.000000	0.000002	0.000000	0.461846	0.000000	0.000000	0.000000	0.538094	0.000000
39	tsk_39	(x)	1	:	0.000000	0.000000	0.000059	0.000000	0.000002	0.000000	0.461845	0.000000	0.000000	0.000000	0.538094	0.000000
40	tsk_40	(x)	1	:	0.519311	0.477506	0.000000	0.003182	0.000000	0.000000	0.000000	0.000000	0.000000	0.000000	0.000000	0.000000
41	tsk_41	(x)	1	:	0.000000	0.000000	0.503317	0.000000	0.496683	0.000000	0.000000	0.000000	0.000000	0.000000	0.000000	0.000000
42	tsk_42	(x)	1	:	0.000000	0.000000	0.503317	0.000000	0.496683	0.000000	0.000000	0.000000	0.000000	0.000000	0.000000	0.000000
43	tsk_43	(x)	1	:	0.000000	0.000000	0.000000	0.000000	0.505408	0.494592	0.000000	0.000000	0.000000	0.000000	0.000000	0.000000
44	tsk_44	(x)	1	:	0.000000	0.000000	0.000004	0.000000	0.496813	0.000000	0.000000	0.324062	0.000000	0.000000	0.000000	0.179120
45	tsk_45	(x)	1	:	0.000000	0.000000	0.576458	0.000000	0.000000	0.000000	0.000000	0.000000	0.423542	0.000000	0.000000	0.000000
46	tsk_46	(x)	1	:	0.000000	0.491833	0.000001	0.007701	0.500464	0.000000	0.000000	0.000000	0.000000	0.000000	0.000000	0.000000
47	tsk_47	(x)	1	:	0.000000	0.000000	0.000000	0.000000	1.000000	0.000000	0.000000	0.000000	0.000000	0.000000	0.000000	0.000000
48	tsk_48	(x)	1	:	0.493582	0.000000	0.000002	0.000000	0.506415	0.000000	0.000000	0.000000	0.000000	0.000000	0.000000	0.000000
49	tsk_49	(x)	1	:	0.000000	0.000000	0.000026	0.000000	0.499389	0.000010	0.000000	0.000000	0.500574	0.000000	0.000000	0.000001
50	tsk_50	(x)	1	:	0.000000	0.000000	0.000000	0.000000	0.000000	0.000000	0.000000	0.780615	0.000000	0.000000	0.000000	0.219385
51	tsk_51	(x)	1	:	0.000000	0.000000	0.000000	0.000000	0.000000	0.000000	0.000000	0.849306	0.000000	0.000000	0.000000	0.150694
52	tsk_52	(x)	1	:	0.000000	0.000000	0.000000	0.000000	0.000000	0.000005	0.000000	0.356188	0.520761	0.000000	0.000000	0.123046
53	tsk_53	(x)	1	:	0.000000	0.000000	0.000000	0.000000	0.000000	0.000000	0.000000	0.714638	0.000000	0.000000	0.000000	0.285362
54	tsk_54	(x)	1	:	0.000000	0.000000	0.485661	0.000000	0.000000	0.000000	0.000000	0.000000	0.514339	0.000000	0.000000	0.000000
55	tsk_55	(x)	1	:	0.488867	0.000000	0.000000	0.000000	0.000000	0.000000	0.000000	0.000001	0.511131	0.000000	0.000000	0.000001
56	tsk_56	(x)	1	:	0.496622	0.000000	0.000000	0.000000	0.000000	0.000000	0.000000	0.000000	0.000000	0.000000	0.503378	0.000000
57	tsk_57	(x)	1	:	0.493582	0.000000	0.000000	0.000000	0.506417	0.000000	0.000000	0.000000	0.000000	0.000000	0.000000	0.000000
58	tsk_58	(x)	1	:	0.000000	0.000000	0.000001	0.000000	0.000000	0.000001	0.000000	0.000001	0.512773	0.000000	0.487223	0.000001
59	tsk_59	(x)	1	:	0.000000	0.000000	0.000000	0.000000	0.000000	0.000002	0.000000	0.266391	0.520763	0.000000	0.000000	0.212843
60	tsk_60	(x)	1	:	0.527113	0.000000	0.000004	0.000000	0.472883	0.000000	0.000000	0.000000	0.000000	0.000000	0.000000	0.000000
61	tsk_61	(x)	1	:	0.000000	0.493148	0.000000	0.006210	0.000000	0.000023	0.000000	0.000000	0.500619	0.000000	0.000000	0.000000
62	tsk_62	(x)	1	:	0.000000	0.000000	0.498017	0.000000	0.000000	0.000000	0.000000	0.370188	0.000003	0.000000	0.000000	0.131791
63	tsk_63	(x)	1	:	0.000000	0.000000	1.000000	0.000000	0.000000	0.000000	0.000000	0.000000	0.000000	0.000000	0.000000	0.000000
64	tsk_64	(x)	1	:	0.000000	0.491166	0.000000	0.007625	0.000000	0.000001	0.000000	0.392981	0.000000	0.000000	0.000000	0.108227
65	tsk_65	(x)	1	:	0.000000	0.000000	0.000000	0.000000	0.000000	0.482616	0.000000	0.225242	0.000000	0.000000	0.000000	0.292142
66	tsk_66	(x)	1	:	0.000000	0.000000	0.000000	0.000000	0.000000	0.000000	0.000000	0.289758	0.000000	0.000000	0.494944	0.215297
67	tsk_67	(x)	1	:	0.000000	0.493737	0.000000	0.007165	0.000000	0.499098	0.000000	0.000000	0.000000	0.000000	0.000000	0.000000
68	tsk_68	(x)	1	:	0.000000	0.491019	0.000000	0.007782	0.000000	0.000001	0.000000	0.333702	0.000000	0.000000	0.000000	0.167497
69	tsk_69	(x)	1	:	0.000000	0.000000	0.000000	0.000000	0.000000	0.482616	0.000000	0.249813	0.000000	0.000000	0.000000	0.267571
70	tsk_70	(x)	1	:	0.000000	0.000000	0.000000	0.000000	0.000000	0.482616	0.000000	0.279044	0.000000	0.000000	0.000000	0.238340
71	tsk_71	(x)	1	:	0.000000	0.000000	0.000000	0.000000	0.000000	0.000000	0.000000	0.388644	0.000000	0.000000	0.000000	0.611356
72	tsk_72	(x)	1	:	0.000000	0.000000	0.000004	0.000000	0.422990	0.000000	0.577006	0.000000	0.000000	0.000000	0.000000	0.000000
73	tsk_73	(x)	1	:	0.000000	0.000000	0.000002	0.000000	0.496815	0.000000	0.000000	0.257415	0.000000	0.000000	0.000000	0.245768
74	tsk_74	(x)	1	:	0.000000	0.000000	0.000000	0.485183	0.000000	0.000000	0.514817	0.000000	0.000000	0.000000	0.000000	0.000000
75	tsk_75	(x)	1	:	0.000000	0.000000	0.000246	0.510201	0.000026	0.000000	0.489527	0.000000	0.000000	0.000000	0.000000	0.000000
76	tsk_76	(x)	1	:	0.000000	0.000000	0.000000	0.000000	0.000000	0.000000	0.000000	0.779998	0.000000	0.000000	0.000000	0.220002
77	tsk_77	(x)	1	:	0.493592	0.000000	0.000000	0.000000	0.000000	0.000000	0.000000	0.330578	0.000000	0.000000	0.000000	0.175829
78	tsk_78	(x)	1	:	0.000000	0.000000	0.000000	0.000000	0.586550	0.000000	0.413450	0.000000	0.000000	0.000000	0.000000	0.000000
79	tsk_79	(x)	1	:	0.000000	0.000000	0.000000	0.000000	0.000000	0.482615	0.000000	0.211035	0.000000	0.000000	0.000000	0.306350
80	tsk_80	(x)	1	:	0.000000	0.000000	0.000036	0.000000	0.000000	0.000000	0.454083	0.327191	0.000000	0.000000	0.000000	0.218689
81	tsk_81	(x)	1	:	0.000000	0.000000	0.000004	0.000000	0.496813	0.000000	0.000000	0.189017	0.000000	0.000000	0.000000	0.314165
82	tsk_82	(x)	1	:	0.000000	0.000000	0.000000	0.000000	0.000000	0.000000	0.000000	0.627056	0.000000	0.000000	0.000000	0.372944
83	tsk_83	(x)	1	:	0.000000	0.000000	0.000000	0.000000	0.000000	0.000000	0.000000	0.809955	0.000000	0.000000	0.000000	0.190045
84	tsk_84	(x)	1	:	0.000000	0.000000	0.000000	0.000000	0.000000	0.482616	0.000000	0.153320	0.000000	0.000000	0.000000	0.364065
85	tsk_85	(x)	1	:	0.000000	0.000000	0.000007	0.000000	0.496811	0.000000	0.000000	0.264321	0.000000	0.000000	0.000000	0.238861
86	tsk_86	(x)	1	:	0.000000	0.000000	0.000031	0.000000	0.000000	0.000000	0.454087	0.198922	0.000000	0.000000	0.000000	0.346959
87	tsk_87	(x)	1	:	0.000000	0.000000	0.000002	0.000000	0.504398	0.000000	0.000000	0.000000	0.000000	0.000000	0.495599	0.000000
88	tsk_88	(x)	1	:	0.000000	0.000000	0.000000	0.000000	0.000000	0.482619	0.000000	0.191982	0.000000	0.000000	0.000000	0.325399
89	tsk_89	(x)	1	:	0.000000	0.000000	0.000000	0.499261	0.000000	0.500739	0.000000	0.000000	0.000000	0.000000	0.000000	0.000000
90	tsk_90	(x)	1	:	0.000000	0.490424	0.501698	0.007867	0.000011	0.000000	0.000000	0.000000	0.000000	0.000000	0.000000	0.000000
91	tsk_91	(x)	1	:	0.000000	0.000000	0.000000	0.000000	0.000000	0.499361	0.000000	0.000000	0.000000	0.000000	0.500639	0.000000
92	tsk_92	(x)	1	:	0.000000	0.492632	0.000000	0.008340	0.000000	0.499028	0.000000	0.000000	0.000000	0.000000	0.000000	0.000000
93	tsk_93	(x)	1	:	0.000000	0.000000	0.510660	0.000000	0.000000	0.489340	0.000000	0.000000	0.000000	0.000000	0.000000	0.000000
94	tsk_94	(x)	1	:	0.000000	0.000000	0.000000	0.000000	0.505408	0.494592	0.000000	0.000000	0.000000	0.000000	0.000000	0.000000
95	tsk_95	(x)	1	:	0.000000	0.000000	0.000000	0.000000	0.000000	0.499361	0.000000	0.000000	0.000000	0.000000	0.500639	0.000000
96	tsk_96	(x)	1	:	0.000000	0.000000	0.000000	0.499261	0.000000	0.500739	0.000000	0.000000	0.000000	0.000000	0.000000	0.000000
97	tsk_97	(x)	1	:	0.000000	0.000000	0.000000	0.000000	0.000000	0.000000	0.000000	0.385769	0.000000	0.000000	0.000000	0.614230
98	tsk_98	(x)	1	:	0.000000	0.000000	0.000000	0.000000	0.000000	0.000000	0.000000	0.000000	0.000000	0.000000	1.000000	0.000000
99	tsk_99	(x)	1	:	0.000000	0.000000	0.000000	0.000000	0.000000	0.000000	0.000000	0.717256	0.000000	0.000000	0.000000	0.282744
100	tsk_100	(x)	1	:	0.000000	0.492644	0.000000	0.008072	0.000000	0.000000	0.000000	0.000000	0.000000	0.000000	0.499284	0.000000
101	tsk_101	(x)	1	:	0.000000	0.000000	0.509495	0.000000	0.000000	0.000000	0.000000	0.000000	0.000000	0.000000	0.490505	0.000000
102	tsk_102	(x)	1	:	0.000000	0.491066	0.000000	0.007732	0.000000	0.000001	0.000000	0.375481	0.000000	0.000000	0.000000	0.125720
103	tsk_103	(x)	1	:	0.000000	0.000000	0.000001	0.000000	0.504399	0.000000	0.000000	0.000000	0.000000	0.000000	0.495599	0.000000
104	tsk_104	(x)	1	:	0.000000	0.491655	0.000002	0.007893	0.500451	0.000000	0.000000	0.000000	0.000000	0.000000	0.000000	0.000000
105	tsk_105	(x)	1	:	0.000000	0.491818	0.000000	0.006932	0.000000	0.000001	0.000000	0.446071	0.000000	0.000000	0.000000	0.055178
106	tsk_106	(x)	1	:	0.000000	0.480965	0.000000	0.003875	0.000000	0.000000	0.000000	0.000000	0.000000	0.000000	0.515160	0.000000
107	tsk_107	(x)	1	:	0.000000	0.487395	0.000003	0.006182	0.426173	0.000000	0.000000	0.000000	0.000000	0.080246	0.000000	0.000000
108	tsk_108	(x)	1	:	0.000000	0.000000	0.000000	0.000000	0.000000	0.000000	0.000000	0.000000	0.000000	0.000000	1.000000	0.000000
109	tsk_109	(x)	1	:	0.000000	0.000000	0.000000	0.000000	0.000000	0.000004	0.000000	0.253194	0.000000	0.000000	0.534960	0.211841
110	tsk_110	(x)	1	:	0.527113	0.000000	0.000004	0.000000	0.472883	0.000000	0.000000	0.000000	0.000000	0.000000	0.000000	0.000000
111	tsk_111	(x)	1	:	0.000000	0.493218	0.000000	0.007717	0.000000	0.499065	0.000000	0.000000	0.000000	0.000000	0.000000	0.000000
112	tsk_112	(x)	1	:	0.000000	0.000000	0.000000	0.000000	0.505408	0.494592	0.000000	0.000000	0.000000	0.000000	0.000000	0.000000
113	tsk_113	(x)	1	:	0.522852	0.000000	0.000000	0.477148	0.000000	0.000000	0.000000	0.000000	0.000000	0.000000	0.000000	0.000000
114	tsk_114	(x)	1	:	0.000000	0.518333	0.000000	0.481667	0.000000	0.000000	0.000000	0.000000	0.000000	0.000000	0.000000	0.000000
115	tsk_115	(x)	1	:	0.000000	0.000000	0.000002	0.497502	0.502496	0.000000	0.000000	0.000000	0.000000	0.000000	0.000000	0.000000
116	tsk_116	(x)	1	:	0.000000	0.000000	0.000005	0.000000	0.422989	0.000000	0.577005	0.000000	0.000000	0.000000	0.000000	0.000000
117	tsk_117	(x)	1	:	0.000000	0.000000	0.502995	0.497002	0.000003	0.000000	0.000000	0.000000	0.000000	0.000000	0.000000	0.000000
118	tsk_118	(x)	1	:	0.000000	0.000000	0.000000	1.000000	0.000000	0.000000	0.000000	0.000000	0.000000	0.000000	0.000000	0.000000
119	tsk_119	(x)	1	:	0.000000	0.492163	0.000001	0.007347	0.500488	0.000000	0.000000	0.000000	0.000000	0.000000	0.000000	0.000000
120	tsk_120	(x)	1	:	0.000000	0.000000	0.000000	0.000000	0.000000	0.000000	0.000000	0.000000	0.000000	1.000000	0.000000	0.000000
121	tsk_121	(x)	1	:	0.000000	0.000000	0.000000	0.000000	0.505408	0.494592	0.000000	0.000000	0.000000	0.000000	0.000000	0.000000
122	tsk_122	(x)	1	:	0.000000	0.000000	0.000000	0.000000	0.000000	0.483397	0.000000	0.000000	0.000000	0.516603	0.000000	0.000000
123	tsk_123	(x)	1	:	0.000000	0.000000	0.000000	0.000000	1.000000	0.000000	0.000000	0.000000	0.000000	0.000000	0.000000	0.000000
124	tsk_124	(x)	1	:	0.000000	0.000000	0.000000	0.000000	0.000000	0.000002	0.520922	0.000001	0.000000	0.479075	0.000000	0.000000
125	tsk_125	(x)	1	:	0.000000	0.000000	0.000006	0.000000	0.422989	0.000000	0.577005	0.000000	0.000000	0.000000	0.000000	0.000000
126	tsk_126	(x)	1	:	0.000000	0.000000	0.000000	0.000000	0.000000	0.455323	0.544677	0.000000	0.000000	0.000000	0.000000	0.000000
127	tsk_127	(x)	1	:	0.000000	0.000000	0.000000	0.000000	1.000000	0.000000	0.000000	0.000000	0.000000	0.000000	0.000000	0.000000
128	tsk_128	(x)	1	:	0.000000	0.000000	0.000000	0.000000	0.505408	0.494592	0.000000	0.000000	0.000000	0.000000	0.000000	0.000000
129	tsk_129	(x)	1	:	0.000000	0.000000	0.000000	0.000000	0.000000	0.483396	0.000000	0.000000	0.000000	0.516603	0.000000	0.000000
130	tsk_130	(x)	1	:	0.000000	0.000000	0.000000	0.000000	0.000000	0.537513	0.000000	0.000000	0.000000	0.000000	0.462487	0.000000
131	tsk_131	(x)	1	:	0.000000	0.000000	0.000002	0.000000	0.504399	0.000000	0.000000	0.000000	0.000000	0.000000	0.495599	0.000000
132	tsk_132	(x)	1	:	0.000000	0.000000	0.000000	0.000000	0.000000	1.000000	0.000000	0.000000	0.000000	0.000000	0.000000	0.000000
133	tsk_133	(x)	1	:	0.000000	0.000000	0.000000	0.000000	0.504400	0.000000	0.000000	0.000000	0.000000	0.000000	0.495600	0.000000
134	tsk_134	(x)	1	:	0.000000	0.000000	0.000000	0.000000	1.000000	0.000000	0.000000	0.000000	0.000000	0.000000	0.000000	0.000000
135	tsk_135	(x)	1	:	0.000000	0.000000	0.000000	0.000000	0.504400	0.000000	0.000000	0.000000	0.000000	0.000000	0.495600	0.000000
136	tsk_136	(x)	1	:	0.000000	0.000000	0.000000	0.000000	0.000000	0.499361	0.000000	0.000000	0.000000	0.000000	0.500639	0.000000
137	tsk_137	(x)	1	:	0.000000	0.000000	0.000000	0.000000	0.000000	0.499361	0.000000	0.000000	0.000000	0.000000	0.500639	0.000000
138	tsk_138	(x)	1	:	0.000000	0.000000	0.000000	0.000000	0.000000	1.000000	0.000000	0.000000	0.000000	0.000000	0.000000	0.000000
139	tsk_139	(x)	1	:	0.000000	0.000000	0.000000	0.000000	0.000000	0.765041	0.000000	0.194819	0.000000	0.000000	0.000000	0.040140
140	tsk_140	(x)	1	:	0.000000	0.491100	0.000000	0.007695	0.000000	0.000001	0.000000	0.235351	0.000000	0.000000	0.000000	0.265852
141	tsk_141	(x)	1	:	0.000000	0.000000	0.000000	0.000000	0.000000	0.000000	0.000000	0.555690	0.000000	0.000000	0.000000	0.444310
142	tsk_142	(x)	1	:	0.000000	0.483215	0.000000	0.004625	0.000000	0.000000	0.512160	0.000000	0.000000	0.000000	0.000000	0.000000
143	tsk_143	(x)	1	:	0.000000	0.489928	0.501569	0.008398	0.000100	0.000000	0.000004	0.000000	0.000000	0.000000	0.000000	0.000000
144	tsk_144	(x)	1	:	0.000000	0.000000	0.503888	0.496091	0.000020	0.000000	0.000000	0.000000	0.000000	0.000000	0.000000	0.000000
145	tsk_145	(x)	1	:	0.496622	0.000000	0.000000	0.000000	0.000000	0.000000	0.000000	0.000000	0.000000	0.000000	0.503378	0.000000
146	tsk_146	(x)	1	:	1.000000	0.000000	0.000000	0.000000	0.000000	0.000000	0.000000	0.000000	0.000000	0.000000	0.000000	0.000000
147	tsk_147	(x)	1	:	0.000000	0.000000	0.501156	0.000000	0.000000	0.000000	0.000000	0.230123	0.000000	0.000000	0.000000	0.268720
148	tsk_148	(x)	1	:	0.496622	0.000000	0.000000	0.000000	0.000000	0.000000	0.000000	0.000000	0.000000	0.000000	0.503378	0.000000
149	tsk_149	(x)	1	:	0.000000	0.000000	0.000000	0.000000	0.000000	0.000000	0.000000	0.669335	0.000000	0.000000	0.000000	0.330665
