logL = -1265.602864 (converged)
AIC = 5975.205728
BIC = 11159.519704

count.K
19 19 13 9 7 16 41 12 14 

