0	tsk_0	(x)	1	:	0.493625	0.000000	0.000000	0.000000	0.000000	0.000000	0.000000	0.506375	0.000000	0.000000
1	tsk_1	(x)	1	:	0.000000	0.000000	0.000000	0.000000	0.000000	0.000000	0.000000	0.000000	1.000000	0.000000
2	tsk_2	(x)	1	:	0.000000	0.126959	0.313172	0.000000	0.000000	0.000000	0.000000	0.000000	0.460917	0.098953
3	tsk_3	(x)	1	:	0.000000	0.179636	0.000000	0.000000	0.000000	0.000000	0.000000	0.000000	0.460907	0.359457
4	tsk_4	(x)	1	:	0.000000	0.000000	0.000000	0.489394	0.000000	0.236872	0.000000	0.273735	0.000000	0.000000
5	tsk_5	(x)	1	:	0.000000	0.000000	0.000000	0.000000	0.000000	0.000000	0.000000	0.000000	1.000000	0.000000
6	tsk_6	(x)	1	:	0.488307	0.000000	0.000000	0.000000	0.000000	0.235645	0.000000	0.276048	0.000000	0.000000
7	tsk_7	(x)	1	:	0.496342	0.011008	0.000000	0.000000	0.000000	0.000000	0.000000	0.000000	0.460961	0.031689
8	tsk_8	(x)	1	:	0.000000	0.144029	0.313172	0.000000	0.000000	0.000000	0.000000	0.000000	0.460917	0.081882
9	tsk_9	(x)	1	:	0.000000	0.000000	0.000000	1.000000	0.000000	0.000000	0.000000	0.000000	0.000000	0.000000
10	tsk_10	(x)	1	:	0.000000	0.027804	0.313172	0.497930	0.000000	0.000000	0.000000	0.000000	0.000000	0.161094
11	tsk_11	(x)	1	:	0.000000	0.133079	0.000000	0.509779	0.000000	0.000000	0.000000	0.000000	0.000000	0.357142
12	tsk_12	(x)	1	:	0.000000	0.000000	0.000000	1.000000	0.000000	0.000000	0.000000	0.000000	0.000000	0.000000
13	tsk_13	(x)	1	:	0.000000	0.004856	0.000000	0.509779	0.000000	0.000000	0.000000	0.000000	0.460914	0.024451
14	tsk_14	(x)	1	:	0.496323	0.050015	0.312758	0.000000	0.000000	0.000000	0.000000	0.000000	0.000000	0.140904
15	tsk_15	(x)	1	:	0.000000	0.021016	0.000000	0.000000	0.000000	0.492321	0.000000	0.000000	0.460908	0.025755
16	tsk_16	(x)	1	:	0.000000	0.078887	0.000000	0.509779	0.000000	0.000000	0.000000	0.000000	0.000000	0.411334
17	tsk_17	(x)	1	:	0.000000	0.190202	0.000000	0.000000	0.000000	0.281653	0.000000	0.244879	0.000000	0.283266
18	tsk_18	(x)	1	:	0.496323	0.027822	0.312758	0.000000	0.000000	0.000000	0.000000	0.000000	0.000000	0.163097
19	tsk_19	(x)	1	:	0.000000	0.150966	0.000000	0.509779	0.000000	0.000000	0.000000	0.000000	0.000000	0.339255
20	tsk_20	(x)	1	:	0.000000	0.475699	0.000000	0.000000	0.000000	0.000000	0.000000	0.000000	0.000000	0.524301
21	tsk_21	(x)	1	:	0.000000	0.326430	0.000000	0.000000	0.000000	0.000000	0.000000	0.000000	0.460907	0.212663
22	tsk_22	(x)	1	:	0.000000	0.151796	0.000000	0.000000	0.000000	0.000000	0.000000	0.000000	0.460907	0.387297
23	tsk_23	(x)	1	:	0.000000	0.183610	0.000000	0.000000	0.373100	0.000000	0.000000	0.000000	0.000000	0.443290
24	tsk_24	(x)	1	:	0.000000	0.293073	0.000000	0.000000	0.373100	0.000000	0.000000	0.000000	0.000000	0.333827
25	tsk_25	(x)	1	:	0.000000	0.321598	0.000000	0.000000	0.000000	0.000000	0.000000	0.000000	0.460907	0.217495
26	tsk_26	(x)	1	:	0.000000	0.372074	0.313159	0.000000	0.000000	0.000000	0.000000	0.000000	0.000000	0.314767
27	tsk_27	(x)	1	:	0.000000	0.168331	0.000000	0.000000	0.000000	0.000000	0.000000	0.000000	0.644843	0.186826
28	tsk_28	(x)	1	:	0.000000	0.578485	0.000000	0.000000	0.000000	0.000000	0.000000	0.000000	0.000000	0.421515
29	tsk_29	(x)	1	:	0.000000	0.276627	0.000000	0.000000	0.000000	0.000000	0.000000	0.000000	0.460907	0.262467
30	tsk_30	(x)	1	:	0.000000	0.024532	0.000000	0.497915	0.373347	0.000000	0.000000	0.000000	0.000000	0.104207
31	tsk_31	(x)	1	:	0.000000	0.000000	0.000000	0.498910	0.000000	0.501090	0.000000	0.000000	0.000000	0.000000
32	tsk_32	(x)	1	:	0.000000	0.000000	0.000000	0.511787	0.000000	0.488213	0.000000	0.000000	0.000000	0.000000
33	tsk_33	(x)	1	:	0.000000	0.000000	0.000000	0.498910	0.000000	0.501090	0.000000	0.000000	0.000000	0.000000
34	tsk_34	(x)	1	:	0.000000	0.000000	0.000000	0.498910	0.000000	0.501090	0.000000	0.000000	0.000000	0.000000
35	tsk_35	(x)	1	:	0.000000	0.282692	0.522726	0.000000	0.000000	0.000000	0.000000	0.000000	0.000000	0.194582
36	tsk_36	(x)	1	:	0.000000	0.028456	0.000000	0.510265	0.000000	0.000000	0.238418	0.000000	0.000000	0.222861
37	tsk_37	(x)	1	:	0.000000	0.011123	0.000000	0.000000	0.000000	0.492321	0.000000	0.000000	0.460908	0.035648
38	tsk_38	(x)	1	:	0.000000	0.100363	0.000000	0.000000	0.000000	0.492331	0.238420	0.000000	0.000000	0.168885
39	tsk_39	(x)	1	:	0.000000	0.056434	0.000000	0.000000	0.373238	0.492804	0.000000	0.000000	0.000000	0.077523
40	tsk_40	(x)	1	:	0.000000	0.406462	0.000000	0.000000	0.000000	0.000000	0.000000	0.000000	0.000000	0.593538
41	tsk_41	(x)	1	:	0.000000	0.000000	0.000000	0.510880	0.000000	0.108023	0.000000	0.381097	0.000000	0.000000
42	tsk_42	(x)	1	:	0.000000	0.592042	0.000000	0.000000	0.000000	0.000000	0.000000	0.000000	0.000000	0.407957
43	tsk_43	(x)	1	:	0.000000	0.135280	0.000000	0.000000	0.495906	0.000000	0.000000	0.000000	0.000000	0.368813
44	tsk_44	(x)	1	:	0.000000	0.551623	0.000000	0.000000	0.000000	0.000000	0.000000	0.000000	0.000000	0.448377
45	tsk_45	(x)	1	:	0.000000	0.601175	0.000000	0.000000	0.000000	0.000000	0.000000	0.000000	0.000000	0.398825
46	tsk_46	(x)	1	:	0.000000	0.096891	0.000000	0.497931	0.000000	0.000000	0.000000	0.000000	0.000000	0.405178
47	tsk_47	(x)	1	:	0.000000	0.276743	0.000000	0.000000	0.296885	0.000000	0.000000	0.000000	0.000000	0.426371
48	tsk_48	(x)	1	:	0.000000	0.522687	0.000000	0.000000	0.000000	0.000000	0.000000	0.000000	0.000000	0.477313
49	tsk_49	(x)	1	:	0.000000	0.145795	0.000000	0.000000	0.495906	0.000000	0.000000	0.000000	0.000000	0.358298
50	tsk_50	(x)	1	:	0.000000	0.183965	0.000000	0.000000	0.000000	0.492333	0.000000	0.000000	0.000000	0.323702
51	tsk_51	(x)	1	:	0.000000	0.000000	0.000000	0.000000	0.000000	0.000000	0.000000	1.000000	0.000000	0.000000
52	tsk_52	(x)	1	:	0.000000	0.000000	0.000000	0.000000	1.000000	0.000000	0.000000	0.000000	0.000000	0.000000
53	tsk_53	(x)	1	:	0.000000	0.000000	0.000000	1.000000	0.000000	0.000000	0.000000	0.000000	0.000000	0.000000
54	tsk_54	(x)	1	:	0.000000	0.704821	0.000000	0.000000	0.000000	0.000000	0.000000	0.000000	0.000000	0.295179
55	tsk_55	(x)	1	:	0.000000	0.000000	0.000000	0.000000	0.000000	1.000000	0.000000	0.000000	0.000000	0.000000
56	tsk_56	(x)	1	:	0.000000	0.206606	0.000000	0.000000	0.000000	0.000000	0.000000	0.000000	0.739290	0.054104
57	tsk_57	(x)	1	:	0.496340	0.163259	0.000000	0.000000	0.000000	0.000000	0.000000	0.000000	0.000000	0.340401
58	tsk_58	(x)	1	:	0.497174	0.000000	0.000000	0.000015	0.000000	0.502796	0.000000	0.000014	0.000000	0.000000
59	tsk_59	(x)	1	:	0.000000	0.000000	0.000000	0.000000	0.000000	1.000000	0.000000	0.000000	0.000000	0.000000
60	tsk_60	(x)	1	:	0.000000	0.067484	0.000000	0.510267	0.000000	0.000000	0.000000	0.000000	0.000000	0.422250
61	tsk_61	(x)	1	:	0.000000	0.293746	0.000000	0.000000	0.000000	0.000000	0.000000	0.000000	0.460907	0.245347
62	tsk_62	(x)	1	:	0.000000	0.000000	0.000000	0.000000	0.000000	0.527040	0.472959	0.000000	0.000000	0.000000
63	tsk_63	(x)	1	:	0.000000	0.104632	0.000000	0.510267	0.000000	0.000000	0.000000	0.000000	0.000000	0.385101
64	tsk_64	(x)	1	:	0.000000	0.000000	0.000000	0.000000	0.000000	1.000000	0.000000	0.000000	0.000000	0.000000
65	tsk_65	(x)	1	:	0.000000	0.222424	0.000000	0.000000	0.000000	0.492333	0.000000	0.000000	0.000000	0.285243
66	tsk_66	(x)	1	:	0.000000	0.000000	0.000000	0.505491	0.000000	0.000000	0.494509	0.000000	0.000000	0.000000
67	tsk_67	(x)	1	:	0.000000	0.000000	0.000000	0.487032	0.000000	0.512968	0.000000	0.000000	0.000000	0.000000
68	tsk_68	(x)	1	:	0.000000	0.000000	0.000000	1.000000	0.000000	0.000000	0.000000	0.000000	0.000000	0.000000
69	tsk_69	(x)	1	:	0.000000	0.006993	0.000000	0.510266	0.000000	0.000000	0.000000	0.000000	0.460912	0.021830
70	tsk_70	(x)	1	:	0.000000	0.310384	0.313159	0.000000	0.000000	0.000000	0.000000	0.000000	0.000000	0.376458
71	tsk_71	(x)	1	:	0.000000	0.110781	0.243008	0.000000	0.000000	0.492328	0.000000	0.000000	0.000000	0.153883
72	tsk_72	(x)	1	:	0.000000	0.123787	0.243008	0.000000	0.000000	0.492328	0.000000	0.000000	0.000000	0.140877
73	tsk_73	(x)	1	:	0.000000	0.430135	0.000000	0.000000	0.000000	0.000000	0.000000	0.000000	0.000000	0.569865
74	tsk_74	(x)	1	:	0.000000	0.175997	0.000000	0.000000	0.000000	0.281653	0.000000	0.244879	0.000000	0.297471
75	tsk_75	(x)	1	:	0.000000	0.000000	0.000000	0.000000	0.000000	1.000000	0.000000	0.000000	0.000000	0.000000
76	tsk_76	(x)	1	:	0.000000	0.084957	0.313230	0.000000	0.000000	0.281556	0.000000	0.244859	0.000000	0.075398
77	tsk_77	(x)	1	:	0.000000	0.537500	0.000000	0.000000	0.000000	0.000000	0.000000	0.000000	0.000000	0.462500
78	tsk_78	(x)	1	:	0.000000	0.257569	0.000000	0.000000	0.000000	0.281653	0.000000	0.244879	0.000000	0.215899
79	tsk_79	(x)	1	:	0.000000	0.087925	0.243008	0.000000	0.000000	0.492328	0.000000	0.000000	0.000000	0.176739
80	tsk_80	(x)	1	:	0.000000	0.197654	0.000000	0.000000	0.000000	0.000000	0.000000	0.000000	0.644843	0.157503
81	tsk_81	(x)	1	:	0.000000	0.019377	0.000000	0.000000	0.000000	0.492321	0.000000	0.000000	0.460908	0.027394
82	tsk_82	(x)	1	:	0.496342	0.010420	0.000000	0.000000	0.000000	0.000000	0.000000	0.000000	0.460961	0.032277
83	tsk_83	(x)	1	:	0.508955	0.000000	0.000000	0.000000	0.000000	0.491045	0.000000	0.000000	0.000000	0.000000
84	tsk_84	(x)	1	:	0.000000	0.000000	0.000000	1.000000	0.000000	0.000000	0.000000	0.000000	0.000000	0.000000
85	tsk_85	(x)	1	:	0.507645	0.141139	0.000000	0.000000	0.000000	0.000000	0.000000	0.000000	0.000000	0.351216
86	tsk_86	(x)	1	:	0.000000	0.606599	0.000000	0.000000	0.000000	0.000000	0.310738	0.000000	0.000000	0.082663
87	tsk_87	(x)	1	:	0.000000	0.263222	0.000000	0.000000	0.000000	0.000000	0.000000	0.000000	0.460907	0.275871
88	tsk_88	(x)	1	:	0.507654	0.004506	0.000000	0.000000	0.000000	0.000000	0.000000	0.000000	0.461130	0.026711
89	tsk_89	(x)	1	:	0.000000	0.408774	0.000000	0.000000	0.000000	0.000000	0.000000	0.000000	0.000000	0.591226
90	tsk_90	(x)	1	:	0.000000	0.158486	0.000000	0.000000	0.000000	0.492333	0.310738	0.000000	0.000000	0.038442
91	tsk_91	(x)	1	:	0.000000	0.137214	0.000000	0.000000	0.000000	0.492333	0.310738	0.000000	0.000000	0.059715
92	tsk_92	(x)	1	:	0.000000	0.000000	0.000000	0.498910	0.000000	0.501090	0.000000	0.000000	0.000000	0.000000
93	tsk_93	(x)	1	:	0.000000	0.593402	0.000000	0.000000	0.000000	0.000000	0.310738	0.000000	0.000000	0.095860
94	tsk_94	(x)	1	:	0.000000	0.000000	0.000000	0.488681	0.000000	0.218296	0.000000	0.293023	0.000000	0.000000
95	tsk_95	(x)	1	:	0.000000	0.140226	0.000000	0.000000	0.000000	0.492333	0.310738	0.000000	0.000000	0.056703
96	tsk_96	(x)	1	:	0.000000	0.192514	0.000000	0.000000	0.000000	0.000000	0.310746	0.000000	0.460908	0.035832
97	tsk_97	(x)	1	:	0.000000	0.000000	0.000000	0.000000	0.000000	1.000000	0.000000	0.000000	0.000000	0.000000
98	tsk_98	(x)	1	:	0.487627	0.000000	0.000000	0.000000	0.000000	0.217306	0.000000	0.295067	0.000000	0.000000
99	tsk_99	(x)	1	:	0.000000	0.259816	0.000000	0.000000	0.000000	0.267859	0.000000	0.260993	0.000000	0.211332
100	tsk_100	(x)	1	:	0.000000	0.000000	0.000000	0.000000	0.000000	0.506574	0.000000	0.493426	0.000000	0.000000
101	tsk_101	(x)	1	:	0.000000	0.146104	0.000000	0.497929	0.000000	0.000000	0.310741	0.000000	0.000000	0.045226
102	tsk_102	(x)	1	:	0.000000	0.000000	0.000000	0.000000	0.000000	0.506574	0.000000	0.493426	0.000000	0.000000
103	tsk_103	(x)	1	:	0.000000	0.000000	0.000000	1.000000	0.000000	0.000000	0.000000	0.000000	0.000000	0.000000
104	tsk_104	(x)	1	:	0.000000	0.429424	0.000000	0.000000	0.000000	0.000000	0.000000	0.000000	0.000000	0.570576
105	tsk_105	(x)	1	:	0.000000	0.000000	0.000000	0.000000	0.000000	0.336163	0.000000	0.663837	0.000000	0.000000
106	tsk_106	(x)	1	:	0.000000	0.176045	0.000000	0.000000	0.000000	0.267859	0.000000	0.260993	0.000000	0.295103
107	tsk_107	(x)	1	:	0.000000	0.000000	0.000000	0.000000	0.000000	1.000000	0.000000	0.000000	0.000000	0.000000
108	tsk_108	(x)	1	:	0.000000	0.000000	0.000000	0.000000	0.000000	0.336013	0.000000	0.663987	0.000000	0.000000
109	tsk_109	(x)	1	:	0.000000	0.149639	0.000000	0.000000	0.000000	0.267859	0.000000	0.260993	0.000000	0.321509
110	tsk_110	(x)	1	:	0.000000	0.399390	0.000000	0.000000	0.000000	0.000000	0.000000	0.000000	0.000000	0.600610
111	tsk_111	(x)	1	:	0.000000	0.387568	0.000000	0.000000	0.000000	0.000000	0.000000	0.000000	0.460907	0.151526
112	tsk_112	(x)	1	:	0.000000	0.315828	0.000000	0.000000	0.000000	0.000000	0.681440	0.000000	0.000000	0.002732
113	tsk_113	(x)	1	:	0.000000	0.286892	0.000000	0.000000	0.000000	0.000000	0.565096	0.000000	0.000000	0.148012
114	tsk_114	(x)	1	:	0.000000	0.247933	0.000000	0.000000	0.000000	0.000000	0.565096	0.000000	0.000000	0.186971
115	tsk_115	(x)	1	:	0.000000	0.410328	0.000000	0.000000	0.000000	0.000000	0.000000	0.000000	0.000000	0.589672
116	tsk_116	(x)	1	:	0.000000	0.328947	0.000000	0.000000	0.000000	0.000000	0.565096	0.000000	0.000000	0.105956
117	tsk_117	(x)	1	:	0.000000	0.000000	0.000000	0.000000	0.000000	0.000000	0.000000	0.000000	1.000000	0.000000
118	tsk_118	(x)	1	:	0.000000	0.000000	0.000000	0.000000	0.000000	0.000000	0.435676	0.564324	0.000000	0.000000
119	tsk_119	(x)	1	:	0.000000	0.300753	0.000000	0.000000	0.000000	0.000000	0.565096	0.000000	0.000000	0.134150
120	tsk_120	(x)	1	:	0.000000	0.000000	0.000000	0.000000	0.000000	0.795956	0.000000	0.204043	0.000000	0.000000
121	tsk_121	(x)	1	:	0.000000	0.000000	1.000000	0.000000	0.000000	0.000000	0.000000	0.000000	0.000000	0.000000
122	tsk_122	(x)	1	:	0.000000	0.135943	0.542412	0.000000	0.000000	0.000000	0.310754	0.000000	0.000000	0.010892
123	tsk_123	(x)	1	:	0.000000	0.000000	0.000000	0.000000	0.000000	0.795956	0.000000	0.204043	0.000000	0.000000
124	tsk_124	(x)	1	:	0.000000	0.106480	0.000000	0.497931	0.000000	0.000000	0.000000	0.000000	0.000000	0.395589
125	tsk_125	(x)	1	:	0.000000	0.000000	0.000000	0.000000	0.000000	1.000000	0.000000	0.000000	0.000000	0.000000
126	tsk_126	(x)	1	:	0.000000	0.000000	0.000000	1.000000	0.000000	0.000000	0.000000	0.000000	0.000000	0.000000
127	tsk_127	(x)	1	:	0.517160	0.051526	0.000000	0.000000	0.000000	0.000000	0.000000	0.000000	0.000000	0.431313
128	tsk_128	(x)	1	:	0.000000	0.158561	0.000000	0.000000	0.000000	0.291799	0.310820	0.232887	0.000000	0.005934
129	tsk_129	(x)	1	:	0.000000	0.000000	0.000000	0.498910	0.000000	0.501090	0.000000	0.000000	0.000000	0.000000
130	tsk_130	(x)	1	:	0.507292	0.200436	0.000000	0.000000	0.000000	0.000000	0.000000	0.000000	0.000000	0.292273
131	tsk_131	(x)	1	:	0.000000	0.607833	0.000000	0.000000	0.000000	0.000000	0.000000	0.000000	0.000000	0.392166
132	tsk_132	(x)	1	:	0.000000	0.288007	0.000000	0.000000	0.000000	0.000000	0.000000	0.000000	0.460907	0.251086
133	tsk_133	(x)	1	:	0.000000	0.602458	0.000000	0.000000	0.000000	0.000000	0.000000	0.000000	0.000000	0.397542
134	tsk_134	(x)	1	:	0.000000	0.250184	0.000000	0.000000	0.000000	0.000000	0.000000	0.000000	0.647423	0.102393
135	tsk_135	(x)	1	:	0.507303	0.000962	0.000000	0.000000	0.000000	0.000000	0.000000	0.000000	0.461191	0.030544
136	tsk_136	(x)	1	:	0.000000	0.403902	0.403412	0.000000	0.000000	0.000000	0.000000	0.000000	0.000000	0.192686
137	tsk_137	(x)	1	:	0.000000	0.410734	0.313159	0.000000	0.000000	0.000000	0.000000	0.000000	0.000000	0.276107
138	tsk_138	(x)	1	:	0.000000	0.000000	0.000000	0.000000	0.000000	1.000000	0.000000	0.000000	0.000000	0.000000
139	tsk_139	(x)	1	:	0.000000	0.569569	0.000000	0.000000	0.000000	0.000000	0.000000	0.000000	0.000000	0.430431
140	tsk_140	(x)	1	:	0.000000	0.265589	0.000000	0.000000	0.373100	0.000000	0.000000	0.000000	0.000000	0.361311
141	tsk_141	(x)	1	:	0.000000	0.083677	0.000000	0.000000	0.373213	0.492782	0.000000	0.000000	0.000000	0.050327
142	tsk_142	(x)	1	:	0.000000	0.026547	0.000000	0.000000	0.373231	0.492798	0.000000	0.000000	0.000000	0.107424
143	tsk_143	(x)	1	:	0.000000	0.005453	0.000000	0.510266	0.000000	0.000000	0.000000	0.000000	0.460910	0.023371
144	tsk_144	(x)	1	:	0.000000	0.174312	0.000000	0.000000	0.000000	0.492333	0.000000	0.000000	0.000000	0.333355
145	tsk_145	(x)	1	:	0.497174	0.000000	0.000000	0.000015	0.000000	0.502796	0.000000	0.000014	0.000000	0.000000
146	tsk_146	(x)	1	:	0.000000	0.136058	0.000000	0.000000	0.000000	0.000000	0.000000	0.000000	0.460907	0.403036
147	tsk_147	(x)	1	:	0.000000	0.126893	0.000000	0.000000	0.000000	0.492333	0.000000	0.000000	0.000000	0.380774
148	tsk_148	(x)	1	:	0.496356	0.007090	0.000000	0.000000	0.372894	0.000000	0.000000	0.000000	0.000000	0.123660
149	tsk_149	(x)	1	:	0.000000	0.094801	0.235489	0.000000	0.000000	0.492328	0.000000	0.000000	0.000000	0.177382
