logL = -749.056162 (converged)
AIC = 5800.112325
BIC = 12275.988842

count.K
8 37 5 0 1 4 37 12 6 1 11 19 9 

