logL = -477.643416 (converged)
AIC = 4135.286832
BIC = 8922.196949

count.K
6 48 16 9 14 1 2 27 19 8 

