logL = -972.212998 (converged)
AIC = 5714.425997
BIC = 11389.473526

count.K
14 42 9 3 21 11 7 8 17 3 15 

