logL = -1170.318440 (converged)
AIC = 6552.636880
BIC = 12893.034809

count.K
4 22 9 3 11 3 17 24 16 0 27 14 

