logL = -1924.382575 (converged)
AIC = 5438.765150
BIC = 7832.220209

count.K
3 5 63 46 33 

