logL = -1615.457275 (converged)
AIC = 4990.914550
BIC = 7640.273609

count.K
6 17 58 48 21 

