logL = -405.310090 (converged)
AIC = 5164.620180
BIC = 11718.773215

count.K
21 8 2 31 15 0 3 52 0 4 6 7 1 

