logL = -3256.884561 (converged)
AIC = 7829.769122
BIC = 9810.767146

count.K
3 65 41 41 

