logL = -1734.653862 (converged)
AIC = 6193.307724
BIC = 10293.792995

count.K
56 16 20 28 7 10 4 9 

