logL = -1825.237112 (converged)
AIC = 6860.474224
BIC = 11692.543871

count.K
9 8 22 12 26 31 2 10 30 

