logL = -1205.600996 (converged)
AIC = 7543.201992
BIC = 15268.492156

count.K
8 6 8 9 29 4 13 6 24 11 2 11 5 14 

