logL = -832.869994 (converged)
AIC = 4261.739988
BIC = 8169.544600

count.K
30 4 51 27 6 31 0 1 

