logL = -1595.463745 (converged)
AIC = 6238.927490
BIC = 10827.135678

count.K
1 6 7 5 26 13 85 7 0 

