logL = -1463.858080 (converged)
AIC = 7807.716159
BIC = 15153.666277

count.K
7 1 11 2 1 3 60 8 3 7 2 32 8 5 

