logL = -2163.348253 (converged)
AIC = 5610.696506
BIC = 7543.524365

count.K
26 12 70 42 

