logL = -516.695067 (converged)
AIC = 3169.390134
BIC = 6384.748628

count.K
2 6 1 8 92 8 33 

