logL = -1419.875291 (converged)
AIC = 6559.750582
BIC = 12159.532229

count.K
27 31 28 4 4 3 29 0 10 14 

