0	tsk_0	(x)	1	:	0.000000	0.000001	0.000000	0.000000	0.000000	0.000000	0.008490	0.000000	0.476546	0.000000	0.514962
1	tsk_1	(x)	1	:	0.000171	0.000000	0.000000	0.000000	0.470498	0.528894	0.000000	0.000000	0.000437	0.000000	0.000000
2	tsk_2	(x)	1	:	0.000000	0.000000	0.000000	0.000000	0.000000	1.000000	0.000000	0.000000	0.000000	0.000000	0.000000
3	tsk_3	(x)	1	:	0.000193	0.000000	0.000000	0.000000	0.470511	0.528887	0.000000	0.000000	0.000408	0.000000	0.000000
4	tsk_4	(x)	1	:	0.000000	0.000000	0.000000	0.000000	0.000000	1.000000	0.000000	0.000000	0.000000	0.000000	0.000000
5	tsk_5	(x)	1	:	0.000017	0.000001	0.000000	0.000000	0.000000	0.506394	0.000137	0.000000	0.000000	0.000000	0.493449
6	tsk_6	(x)	1	:	0.000459	0.000000	0.000000	0.000000	0.000000	0.558969	0.000000	0.000000	0.440572	0.000000	0.000000
7	tsk_7	(x)	1	:	0.418299	0.000000	0.000000	0.000000	0.000000	0.581701	0.000000	0.000000	0.000000	0.000000	0.000000
8	tsk_8	(x)	1	:	0.000493	0.000000	0.000000	0.000000	0.000000	0.558946	0.000000	0.000000	0.440561	0.000000	0.000000
9	tsk_9	(x)	1	:	0.000000	0.000000	0.000000	0.000000	0.000000	0.408078	0.000000	0.000000	0.591922	0.000000	0.000000
10	tsk_10	(x)	1	:	0.000000	0.000003	0.000000	0.000000	0.000000	0.000000	0.008538	0.000000	0.476531	0.000000	0.514928
11	tsk_11	(x)	1	:	0.000000	0.000000	0.412523	0.000000	0.587477	0.000000	0.000000	0.000000	0.000000	0.000000	0.000000
12	tsk_12	(x)	1	:	0.000000	0.000000	0.000000	0.000000	0.516702	0.000000	0.000000	0.000000	0.000000	0.483298	0.000000
13	tsk_13	(x)	1	:	0.000000	0.000000	0.000000	0.000000	1.000000	0.000000	0.000000	0.000000	0.000000	0.000000	0.000000
14	tsk_14	(x)	1	:	0.000000	0.000003	0.000000	0.000000	0.000000	0.000000	0.000184	0.000000	0.000000	0.501922	0.497891
15	tsk_15	(x)	1	:	0.000000	0.000000	0.000000	0.000000	0.000000	0.000000	0.000000	0.000000	0.514876	0.485124	0.000000
16	tsk_16	(x)	1	:	0.000000	0.000000	0.000000	0.000000	0.000000	0.000000	0.000000	0.000000	0.000000	1.000000	0.000000
17	tsk_17	(x)	1	:	0.000000	0.000004	0.000000	0.000000	0.000000	0.000000	0.000000	0.000000	0.000000	0.000000	0.999996
18	tsk_18	(x)	1	:	0.000000	0.000037	0.000000	0.000000	0.525064	0.000000	0.000050	0.000000	0.000000	0.000000	0.474849
19	tsk_19	(x)	1	:	0.000000	0.000006	0.000000	0.000000	0.000000	0.000000	0.000000	0.000000	0.000000	0.000000	0.999994
20	tsk_20	(x)	1	:	0.000000	0.000000	0.000000	0.000000	0.000000	0.000000	0.000000	0.000000	1.000000	0.000000	0.000000
21	tsk_21	(x)	1	:	0.000000	0.000001	0.000000	0.000000	0.000000	0.000000	0.476369	0.000000	0.000000	0.000000	0.523630
22	tsk_22	(x)	1	:	0.000000	0.000000	0.000000	0.000000	0.000000	0.000000	0.000000	0.000000	1.000000	0.000000	0.000000
23	tsk_23	(x)	1	:	0.000016	0.000002	0.000000	0.000000	0.000000	0.506395	0.000140	0.000000	0.000000	0.000000	0.493447
24	tsk_24	(x)	1	:	0.000000	0.000001	0.000000	0.000000	0.000000	0.000000	0.584307	0.000000	0.000000	0.000000	0.415692
25	tsk_25	(x)	1	:	0.000000	0.000002	0.000000	0.000000	0.000000	0.000000	0.008498	0.000000	0.476544	0.000000	0.514956
26	tsk_26	(x)	1	:	0.000000	0.000003	0.000000	0.000000	0.000000	0.000000	0.008518	0.000000	0.476537	0.000000	0.514942
27	tsk_27	(x)	1	:	0.000000	0.000000	0.000000	0.000000	0.000000	0.000000	0.573525	0.000000	0.426475	0.000000	0.000000
28	tsk_28	(x)	1	:	0.147343	0.000000	0.275775	0.000000	0.000000	0.575914	0.000000	0.000000	0.000967	0.000000	0.000000
29	tsk_29	(x)	1	:	0.000000	0.000000	0.000000	0.000000	0.000000	0.000000	0.000000	0.000000	1.000000	0.000000	0.000000
30	tsk_30	(x)	1	:	0.418299	0.000000	0.000000	0.000000	0.000000	0.581701	0.000000	0.000000	0.000000	0.000000	0.000000
31	tsk_31	(x)	1	:	0.000000	0.000000	0.000000	0.000000	0.000000	0.000000	0.000000	0.000000	0.513950	0.486050	0.000000
32	tsk_32	(x)	1	:	0.000000	0.000000	0.000000	0.499821	0.000000	0.000000	0.000030	0.000000	0.000000	0.500149	0.000000
33	tsk_33	(x)	1	:	0.000017	0.000000	0.496225	0.000000	0.000000	0.503758	0.000000	0.000000	0.000000	0.000000	0.000000
34	tsk_34	(x)	1	:	0.000000	0.000000	0.000000	0.506505	0.000000	0.000000	0.000000	0.000000	0.000000	0.000000	0.493495
35	tsk_35	(x)	1	:	0.000012	0.000000	0.000000	0.496168	0.000000	0.503813	0.000007	0.000000	0.000000	0.000000	0.000000
36	tsk_36	(x)	1	:	0.000000	0.000000	0.000000	0.000000	0.000000	0.479521	0.520479	0.000000	0.000000	0.000000	0.000000
37	tsk_37	(x)	1	:	0.000000	0.000000	0.000000	0.000000	0.000000	1.000000	0.000000	0.000000	0.000000	0.000000	0.000000
38	tsk_38	(x)	1	:	0.000000	0.000000	0.000000	0.000000	0.000000	1.000000	0.000000	0.000000	0.000000	0.000000	0.000000
39	tsk_39	(x)	1	:	0.000000	0.000000	0.000000	0.000000	0.000000	0.480854	0.519146	0.000000	0.000000	0.000000	0.000000
40	tsk_40	(x)	1	:	0.514354	0.000000	0.000000	0.000000	0.483670	0.000000	0.000000	0.000000	0.001976	0.000000	0.000000
41	tsk_41	(x)	1	:	0.000004	0.000000	0.000000	0.000000	0.000000	0.472477	0.000000	0.000000	0.527519	0.000000	0.000000
42	tsk_42	(x)	1	:	0.000000	0.000000	0.000000	0.000000	0.000000	0.000000	0.000000	0.000000	1.000000	0.000000	0.000000
43	tsk_43	(x)	1	:	0.494777	0.000000	0.000000	0.505202	0.000000	0.000000	0.000012	0.000000	0.000009	0.000000	0.000000
44	tsk_44	(x)	1	:	0.000000	0.000000	0.000000	0.000000	0.000000	1.000000	0.000000	0.000000	0.000000	0.000000	0.000000
45	tsk_45	(x)	1	:	0.000000	0.000000	0.000000	0.482099	0.000000	0.000000	0.000002	0.000000	0.517899	0.000000	0.000000
46	tsk_46	(x)	1	:	1.000000	0.000000	0.000000	0.000000	0.000000	0.000000	0.000000	0.000000	0.000000	0.000000	0.000000
47	tsk_47	(x)	1	:	0.000000	0.000000	0.000000	1.000000	0.000000	0.000000	0.000000	0.000000	0.000000	0.000000	0.000000
48	tsk_48	(x)	1	:	0.494773	0.000000	0.000000	0.505192	0.000000	0.000000	0.000027	0.000000	0.000007	0.000000	0.000000
49	tsk_49	(x)	1	:	0.000000	0.000000	0.000000	0.480927	0.000000	0.000000	0.000000	0.000000	0.519073	0.000000	0.000000
50	tsk_50	(x)	1	:	0.000000	0.000000	0.000000	0.000000	0.000000	0.000000	1.000000	0.000000	0.000000	0.000000	0.000000
51	tsk_51	(x)	1	:	0.000000	0.000000	0.000000	0.000000	0.000000	0.000000	0.518850	0.000000	0.481149	0.000000	0.000000
52	tsk_52	(x)	1	:	0.000000	0.000000	0.000000	0.000000	0.000000	0.000000	0.000000	0.000000	0.000000	0.477847	0.522153
53	tsk_53	(x)	1	:	0.000000	0.000000	0.000000	0.000000	0.000000	0.000000	1.000000	0.000000	0.000000	0.000000	0.000000
54	tsk_54	(x)	1	:	0.000000	0.000000	0.000000	0.000000	0.000000	0.482160	0.000000	0.000000	0.000000	0.517840	0.000000
55	tsk_55	(x)	1	:	0.000000	0.000000	0.000000	0.000000	0.000000	0.477010	0.000000	0.000000	0.000000	0.000000	0.522990
56	tsk_56	(x)	1	:	0.000000	0.000000	0.000000	0.000000	0.000000	0.000000	1.000000	0.000000	0.000000	0.000000	0.000000
57	tsk_57	(x)	1	:	0.000000	0.000000	0.000000	0.436997	0.000000	0.000000	0.563003	0.000000	0.000000	0.000000	0.000000
58	tsk_58	(x)	1	:	0.000000	0.000000	0.000000	0.000000	0.000000	0.000000	0.523028	0.000000	0.000000	0.476972	0.000000
59	tsk_59	(x)	1	:	0.000000	0.000000	0.000000	0.000000	0.000000	0.482160	0.000000	0.000000	0.000000	0.517840	0.000000
60	tsk_60	(x)	1	:	0.000000	0.000000	0.000000	0.000000	0.000000	0.000000	0.312861	0.000000	0.000000	0.000000	0.687139
61	tsk_61	(x)	1	:	0.000013	0.000000	0.000000	0.496168	0.000000	0.503813	0.000007	0.000000	0.000000	0.000000	0.000000
62	tsk_62	(x)	1	:	0.453001	0.000000	0.000000	0.000000	0.000000	0.000000	0.000000	0.000000	0.546999	0.000000	0.000000
63	tsk_63	(x)	1	:	0.000000	0.000000	0.000000	0.000000	0.000000	0.000000	0.000000	0.000000	0.000000	0.000000	1.000000
64	tsk_64	(x)	1	:	0.000000	0.000006	0.000000	0.000000	0.000000	0.000000	0.000000	0.000000	0.560320	0.000000	0.439674
65	tsk_65	(x)	1	:	1.000000	0.000000	0.000000	0.000000	0.000000	0.000000	0.000000	0.000000	0.000000	0.000000	0.000000
66	tsk_66	(x)	1	:	0.000000	0.000000	0.000000	0.000000	0.000000	1.000000	0.000000	0.000000	0.000000	0.000000	0.000000
67	tsk_67	(x)	1	:	0.634717	0.000000	0.000000	0.000000	0.000000	0.365283	0.000000	0.000000	0.000000	0.000000	0.000000
68	tsk_68	(x)	1	:	0.000000	0.000000	0.000000	0.480927	0.000000	0.000000	0.000000	0.000000	0.519073	0.000000	0.000000
69	tsk_69	(x)	1	:	0.000000	0.000000	0.000000	0.000000	0.000000	0.000000	0.000000	0.000000	1.000000	0.000000	0.000000
70	tsk_70	(x)	1	:	0.000000	0.507754	0.000000	0.492246	0.000000	0.000000	0.000000	0.000000	0.000000	0.000000	0.000000
71	tsk_71	(x)	1	:	0.000000	0.000000	0.000000	0.499822	0.000000	0.000000	0.000029	0.000000	0.000000	0.500149	0.000000
72	tsk_72	(x)	1	:	0.000000	0.000000	0.000000	0.000000	0.000000	0.000000	0.000000	0.000000	0.000000	1.000000	0.000000
73	tsk_73	(x)	1	:	0.000000	0.000000	0.000000	0.000000	1.000000	0.000000	0.000000	0.000000	0.000000	0.000000	0.000000
74	tsk_74	(x)	1	:	0.000000	0.000000	0.000000	0.000000	0.000000	0.000000	0.000000	0.000000	0.000000	1.000000	0.000000
75	tsk_75	(x)	1	:	0.000000	0.000000	0.502249	0.000000	0.000000	0.000000	0.000000	0.000000	0.000000	0.497751	0.000000
76	tsk_76	(x)	1	:	0.000000	0.000000	1.000000	0.000000	0.000000	0.000000	0.000000	0.000000	0.000000	0.000000	0.000000
77	tsk_77	(x)	1	:	0.000000	0.000000	0.000000	0.000000	0.000000	0.000000	0.492238	0.000000	0.000000	0.507762	0.000000
78	tsk_78	(x)	1	:	0.000015	0.000002	0.000000	0.000000	0.000000	0.506394	0.000147	0.000000	0.000000	0.000000	0.493442
79	tsk_79	(x)	1	:	0.000000	0.000000	0.502954	0.497040	0.000000	0.000000	0.000006	0.000000	0.000000	0.000000	0.000000
80	tsk_80	(x)	1	:	0.000000	0.000000	0.000000	0.000000	0.000000	0.000000	0.000000	0.536484	0.000000	0.463516	0.000000
81	tsk_81	(x)	1	:	0.000000	0.000000	0.000000	0.000000	0.532715	0.000000	0.000000	0.467276	0.000000	0.000009	0.000000
82	tsk_82	(x)	1	:	0.000000	0.000001	0.000000	0.000000	0.000000	0.000000	0.595603	0.000000	0.000000	0.000000	0.404396
83	tsk_83	(x)	1	:	0.000000	0.000002	0.505734	0.000000	0.000000	0.000000	0.000165	0.000000	0.000000	0.000000	0.494099
84	tsk_84	(x)	1	:	0.000000	0.000006	0.000000	0.000000	0.000000	0.000000	0.000000	0.000000	0.000000	0.000000	0.999994
85	tsk_85	(x)	1	:	0.000000	0.000000	0.515752	0.000000	0.000000	0.000000	0.484248	0.000000	0.000000	0.000000	0.000000
86	tsk_86	(x)	1	:	0.000000	0.000029	0.000000	0.000000	0.553590	0.000000	0.000002	0.000000	0.000000	0.000000	0.446379
87	tsk_87	(x)	1	:	0.000000	0.000001	0.000000	0.000000	0.000000	0.000000	0.476369	0.000000	0.000000	0.000000	0.523630
88	tsk_88	(x)	1	:	0.492866	0.000000	0.000000	0.000000	0.000000	0.000000	0.000000	0.507049	0.000001	0.000084	0.000000
89	tsk_89	(x)	1	:	0.000000	0.000000	0.498990	0.000000	0.000000	0.000000	0.000000	0.500892	0.000000	0.000117	0.000000
90	tsk_90	(x)	1	:	0.463731	0.000000	0.536269	0.000000	0.000000	0.000000	0.000000	0.000000	0.000000	0.000000	0.000000
91	tsk_91	(x)	1	:	0.000000	0.000000	0.000000	0.000000	0.000000	0.000000	1.000000	0.000000	0.000000	0.000000	0.000000
92	tsk_92	(x)	1	:	0.000000	0.000000	0.000000	0.000000	0.000000	0.000000	0.000000	0.000000	1.000000	0.000000	0.000000
93	tsk_93	(x)	1	:	0.371220	0.000000	0.628780	0.000000	0.000000	0.000000	0.000000	0.000000	0.000000	0.000000	0.000000
94	tsk_94	(x)	1	:	0.000045	0.000000	0.000000	0.000000	0.000000	0.515170	0.484785	0.000000	0.000000	0.000000	0.000000
95	tsk_95	(x)	1	:	0.000000	0.000000	0.000000	0.000000	0.000000	0.000000	1.000000	0.000000	0.000000	0.000000	0.000000
96	tsk_96	(x)	1	:	0.491354	0.508645	0.000000	0.000000	0.000000	0.000000	0.000000	0.000000	0.000001	0.000000	0.000000
97	tsk_97	(x)	1	:	0.000000	0.000000	0.000000	0.000000	0.000000	0.000000	0.453448	0.000000	0.546552	0.000000	0.000000
98	tsk_98	(x)	1	:	0.526981	0.000002	0.000000	0.000000	0.000000	0.000000	0.000001	0.000000	0.000000	0.000000	0.473017
99	tsk_99	(x)	1	:	0.000046	0.000000	0.000000	0.000000	0.000000	0.515170	0.484785	0.000000	0.000000	0.000000	0.000000
100	tsk_100	(x)	1	:	0.000002	0.499035	0.000000	0.000000	0.000000	0.500962	0.000000	0.000000	0.000000	0.000000	0.000000
101	tsk_101	(x)	1	:	0.000000	0.000000	1.000000	0.000000	0.000000	0.000000	0.000000	0.000000	0.000000	0.000000	0.000000
102	tsk_102	(x)	1	:	0.000000	0.552265	0.000000	0.000000	0.000000	0.000000	0.000000	0.000000	0.000000	0.000000	0.447735
103	tsk_103	(x)	1	:	0.000000	0.000000	1.000000	0.000000	0.000000	0.000000	0.000000	0.000000	0.000000	0.000000	0.000000
104	tsk_104	(x)	1	:	0.000000	0.000001	0.505741	0.000000	0.000000	0.000000	0.000137	0.000000	0.000001	0.000000	0.494121
105	tsk_105	(x)	1	:	0.000000	0.420794	0.000000	0.000000	0.000000	0.000000	0.000000	0.000000	0.000000	0.000000	0.579206
106	tsk_106	(x)	1	:	0.000000	0.000005	0.000000	0.000000	0.000000	0.000000	0.000000	0.000000	0.000000	0.000000	0.999995
107	tsk_107	(x)	1	:	0.000000	0.420775	0.000000	0.000000	0.000000	0.000000	0.000000	0.000000	0.000000	0.000000	0.579225
108	tsk_108	(x)	1	:	0.000000	0.000001	0.505737	0.000000	0.000000	0.000000	0.000154	0.000000	0.000000	0.000000	0.494108
109	tsk_109	(x)	1	:	0.000000	0.652159	0.000000	0.000000	0.000000	0.000000	0.000000	0.000000	0.000000	0.000000	0.347841
110	tsk_110	(x)	1	:	0.000000	0.000000	0.000000	0.503117	0.000000	0.000000	0.000000	0.000000	0.000000	0.000000	0.496883
111	tsk_111	(x)	1	:	0.000000	0.000000	0.000000	0.000000	0.000000	0.000000	0.518850	0.000000	0.481149	0.000000	0.000000
112	tsk_112	(x)	1	:	0.000000	0.000000	0.000000	0.000000	0.000000	0.000000	0.492238	0.000000	0.000000	0.507762	0.000000
113	tsk_113	(x)	1	:	0.000000	0.000000	0.000000	0.000000	0.000000	0.000000	0.518850	0.000000	0.481149	0.000000	0.000000
114	tsk_114	(x)	1	:	0.000000	0.000000	0.000000	0.000000	0.491340	0.000000	0.505839	0.000000	0.002821	0.000000	0.000000
115	tsk_115	(x)	1	:	0.000006	0.000000	0.000000	0.000000	0.000000	0.472476	0.000000	0.000000	0.527519	0.000000	0.000000
116	tsk_116	(x)	1	:	0.000000	0.000000	0.000000	0.594686	0.000000	0.000000	0.405314	0.000000	0.000000	0.000000	0.000000
117	tsk_117	(x)	1	:	0.000000	0.000000	0.000000	0.000000	0.000000	0.000000	0.373581	0.000000	0.000000	0.000000	0.626419
118	tsk_118	(x)	1	:	0.000000	0.000000	0.000000	0.000000	0.000000	0.477010	0.000000	0.000000	0.000000	0.000000	0.522990
119	tsk_119	(x)	1	:	0.000000	0.000000	0.000000	0.517085	0.000000	0.000000	0.000000	0.482903	0.000000	0.000013	0.000000
120	tsk_120	(x)	1	:	0.000000	0.000000	0.000000	0.000000	1.000000	0.000000	0.000000	0.000000	0.000000	0.000000	0.000000
121	tsk_121	(x)	1	:	0.000000	0.000000	0.000000	0.000000	0.337066	0.000000	0.000000	0.000000	0.662934	0.000000	0.000000
122	tsk_122	(x)	1	:	0.503458	0.000000	0.000000	0.000000	0.000000	0.000000	0.496433	0.000000	0.000109	0.000000	0.000000
123	tsk_123	(x)	1	:	0.000000	0.000003	0.000000	0.000000	0.486953	0.000000	0.001325	0.000000	0.002085	0.000000	0.509634
124	tsk_124	(x)	1	:	0.000000	0.000000	0.000000	0.000000	0.000000	0.000000	0.465971	0.000000	0.000000	0.534029	0.000000
125	tsk_125	(x)	1	:	0.000000	0.000000	0.000000	0.000000	0.000000	0.000000	0.000000	0.518095	0.481742	0.000163	0.000000
126	tsk_126	(x)	1	:	0.000000	0.000000	0.000000	0.000000	0.491338	0.000000	0.505839	0.000000	0.002823	0.000000	0.000000
127	tsk_127	(x)	1	:	0.000000	0.000000	0.000000	0.451161	0.000000	0.000000	0.000000	0.000000	0.548839	0.000000	0.000000
128	tsk_128	(x)	1	:	0.000000	0.000000	0.000000	0.000000	0.516717	0.000000	0.000000	0.000000	0.483282	0.000000	0.000000
129	tsk_129	(x)	1	:	0.000000	0.000003	0.000000	0.000000	0.000000	0.000000	0.000000	0.000000	0.000000	0.000000	0.999996
130	tsk_130	(x)	1	:	0.079422	0.000000	0.258293	0.000000	0.000000	0.000000	0.000000	0.516695	0.145456	0.000133	0.000000
131	tsk_131	(x)	1	:	0.000000	0.000000	0.498990	0.000000	0.000000	0.000000	0.000000	0.500884	0.000000	0.000126	0.000000
132	tsk_132	(x)	1	:	0.000000	0.000000	0.000000	0.497015	0.000000	0.000000	0.000010	0.502879	0.000000	0.000095	0.000000
133	tsk_133	(x)	1	:	0.000000	0.000000	0.000000	0.000000	0.000000	0.000000	0.000000	1.000000	0.000000	0.000000	0.000000
134	tsk_134	(x)	1	:	0.000000	0.000000	0.000000	0.000000	0.000000	0.000000	0.000000	1.000000	0.000000	0.000000	0.000000
135	tsk_135	(x)	1	:	0.000000	0.000001	0.505738	0.000000	0.000000	0.000000	0.000149	0.000000	0.000000	0.000000	0.494112
136	tsk_136	(x)	1	:	0.000000	0.000001	0.505738	0.000000	0.000000	0.000000	0.000148	0.000000	0.000000	0.000000	0.494112
137	tsk_137	(x)	1	:	0.000000	0.000000	0.000000	0.000000	0.000000	0.000000	0.000000	1.000000	0.000000	0.000000	0.000000
138	tsk_138	(x)	1	:	0.000000	0.000000	0.000000	0.000000	0.457261	0.000000	0.000000	0.000000	0.000022	0.000000	0.542717
139	tsk_139	(x)	1	:	0.000000	0.000001	0.000000	0.000000	0.000000	0.000000	0.476369	0.000000	0.000000	0.000000	0.523630
140	tsk_140	(x)	1	:	0.000013	0.000000	0.000000	0.000000	0.000000	0.503008	0.000000	0.000000	0.000000	0.496979	0.000000
141	tsk_141	(x)	1	:	0.000000	0.000000	0.000000	0.497014	0.000000	0.000000	0.000013	0.502897	0.000000	0.000076	0.000000
142	tsk_142	(x)	1	:	0.000012	0.000000	0.000000	0.000000	0.000000	0.503009	0.000000	0.000000	0.000000	0.496979	0.000000
143	tsk_143	(x)	1	:	0.000002	0.499036	0.000000	0.000000	0.000000	0.500963	0.000000	0.000000	0.000000	0.000000	0.000000
144	tsk_144	(x)	1	:	0.000000	0.502297	0.000000	0.000000	0.000000	0.000000	0.000000	0.000000	0.000000	0.497702	0.000000
145	tsk_145	(x)	1	:	0.000010	0.000000	0.000000	0.000000	0.000000	0.503011	0.000000	0.000000	0.000000	0.496979	0.000000
146	tsk_146	(x)	1	:	0.000002	0.499036	0.000000	0.000000	0.000000	0.500963	0.000000	0.000000	0.000000	0.000000	0.000000
147	tsk_147	(x)	1	:	0.000000	0.000000	0.000000	0.000000	0.000000	0.000000	0.000000	0.000000	0.000000	1.000000	0.000000
148	tsk_148	(x)	1	:	0.000000	1.000000	0.000000	0.000000	0.000000	0.000000	0.000000	0.000000	0.000000	0.000000	0.000000
149	tsk_149	(x)	1	:	0.000000	0.502297	0.000000	0.000000	0.000000	0.000000	0.000000	0.000000	0.000000	0.497702	0.000000
