logL = -476.968180 (converged)
AIC = 3983.936360
BIC = 8545.048831

count.K
10 15 2 2 5 1 92 7 16 

