logL = -1600.507926 (converged)
AIC = 7815.015852
BIC = 14760.551476

count.K
0 1 4 4 12 53 11 1 9 20 7 18 10 

