logL = -736.957482 (converged)
AIC = 6381.914965
BIC = 13770.013976

count.K
24 3 5 2 6 14 2 8 38 30 2 0 7 9 

