logL = -2953.942831 (converged)
AIC = 6885.885663
BIC = 8358.086321

count.K
78 33 39 

