logL = -1071.825205 (converged)
AIC = 7513.650411
BIC = 15597.206175

count.K
0 5 26 2 6 7 4 11 3 15 20 3 8 29 11 

