logL = -1977.553576 (converged)
AIC = 7363.107152
BIC = 12493.229693

count.K
11 42 5 12 29 28 3 8 12 

