logL = -1636.208736 (converged)
AIC = 5300.417473
BIC = 8353.201661

count.K
10 8 7 86 3 36 

