logL = -1270.840320 (converged)
AIC = 6597.680641
BIC = 12703.249017

count.K
11 18 3 4 0 2 39 20 15 7 31 

