logL = -556.748209 (converged)
AIC = 3661.496419
BIC = 7497.045783

count.K
11 15 2 7 6 47 18 44 

