logL = -1384.642216 (converged)
AIC = 5241.284433
BIC = 8962.429656

count.K
3 26 43 18 20 7 33 

