logL = -2100.101810 (converged)
AIC = 6300.203620
BIC = 9461.370678

count.K
4 40 24 50 6 26 

