logL = -1827.864045 (converged)
AIC = 6475.728089
BIC = 10720.723854

count.K
24 31 26 9 30 8 10 12 

