0	tsk_0	(x)	1	:	0.007823	0.485553	0.000000	0.000000	0.000001	0.000000	0.000000	0.469108	0.014174	0.000000	0.023342	0.000000	0.000000
1	tsk_1	(x)	1	:	0.000000	0.000000	0.000000	0.000000	0.000000	0.000000	0.000000	1.000000	0.000000	0.000000	0.000000	0.000000	0.000000
2	tsk_2	(x)	1	:	0.000000	0.568637	0.291674	0.000000	0.000005	0.000000	0.000000	0.000000	0.139684	0.000000	0.000000	0.000000	0.000000
3	tsk_3	(x)	1	:	0.129305	0.000000	0.000000	0.000000	0.000000	0.000000	0.000000	0.555854	0.000000	0.000000	0.314841	0.000000	0.000000
4	tsk_4	(x)	1	:	0.173923	0.000000	0.000000	0.000000	0.000000	0.000000	0.000000	0.000000	0.000000	0.000000	0.417692	0.000000	0.408384
5	tsk_5	(x)	1	:	0.000059	0.255085	0.000000	0.000000	0.000002	0.000000	0.523395	0.000000	0.221200	0.000000	0.000260	0.000000	0.000000
6	tsk_6	(x)	1	:	0.000000	0.000000	0.000000	0.000000	0.000000	0.000000	0.000000	1.000000	0.000000	0.000000	0.000000	0.000000	0.000000
7	tsk_7	(x)	1	:	0.000000	0.000000	0.000000	0.000000	0.000000	0.000000	0.000000	0.481834	0.000000	0.000000	0.000000	0.000000	0.518166
8	tsk_8	(x)	1	:	0.175223	0.109219	0.291801	0.000000	0.000001	0.000000	0.000000	0.000000	0.098728	0.000000	0.325029	0.000000	0.000000
9	tsk_9	(x)	1	:	0.038867	0.000000	0.000000	0.000000	0.000000	0.000000	0.000000	0.469199	0.000000	0.452162	0.039771	0.000000	0.000000
10	tsk_10	(x)	1	:	0.000000	0.000000	0.481233	0.000000	0.000000	0.000000	0.000000	0.518767	0.000000	0.000000	0.000000	0.000000	0.000000
11	tsk_11	(x)	1	:	0.000001	0.000001	0.498690	0.000000	0.000000	0.000000	0.501307	0.000000	0.000000	0.000000	0.000002	0.000000	0.000000
12	tsk_12	(x)	1	:	0.000000	0.253570	0.549602	0.000000	0.000008	0.000000	0.000000	0.000000	0.196820	0.000000	0.000000	0.000000	0.000000
13	tsk_13	(x)	1	:	0.011625	0.293133	0.000000	0.000000	0.000003	0.489908	0.000000	0.000000	0.203210	0.000000	0.002120	0.000000	0.000000
14	tsk_14	(x)	1	:	0.000000	0.000000	0.481233	0.000000	0.000000	0.000000	0.000000	0.518767	0.000000	0.000000	0.000000	0.000000	0.000000
15	tsk_15	(x)	1	:	0.000000	0.000000	0.000000	0.000000	0.000000	0.000000	0.000000	0.000001	0.000000	0.000000	0.000000	0.000000	0.999998
16	tsk_16	(x)	1	:	0.000000	0.000000	1.000000	0.000000	0.000000	0.000000	0.000000	0.000000	0.000000	0.000000	0.000000	0.000000	0.000000
17	tsk_17	(x)	1	:	0.000000	0.000000	0.000000	0.000000	0.000000	0.000000	0.000000	0.518863	0.000000	0.481137	0.000000	0.000000	0.000000
18	tsk_18	(x)	1	:	0.000000	0.000000	0.000000	0.000000	0.000000	0.000000	0.000000	0.655236	0.000000	0.000000	0.000000	0.000000	0.344764
19	tsk_19	(x)	1	:	0.055012	0.000010	0.530473	0.000000	0.000000	0.000000	0.000000	0.063108	0.000005	0.000000	0.072181	0.000000	0.279211
20	tsk_20	(x)	1	:	0.092919	0.000000	0.000000	0.000000	0.000000	0.491636	0.000000	0.000000	0.000000	0.000000	0.007093	0.000000	0.408352
21	tsk_21	(x)	1	:	0.000000	0.000000	0.000000	0.000000	0.000000	0.459623	0.000000	0.000000	0.000000	0.000000	0.000000	0.000000	0.540377
22	tsk_22	(x)	1	:	0.000000	0.000000	0.000000	0.000000	0.000000	1.000000	0.000000	0.000000	0.000000	0.000000	0.000000	0.000000	0.000000
23	tsk_23	(x)	1	:	0.000000	0.000000	0.000000	0.449958	0.000000	0.000000	0.000000	0.000000	0.000000	0.000000	0.000000	0.000000	0.550042
24	tsk_24	(x)	1	:	0.000000	0.000000	0.000000	0.000000	0.000000	0.000000	0.000000	0.000000	0.000000	0.000000	0.000000	0.451595	0.548405
25	tsk_25	(x)	1	:	0.000109	0.000000	0.000000	0.000000	0.000000	0.000000	0.529898	0.467160	0.000000	0.000000	0.002833	0.000000	0.000000
26	tsk_26	(x)	1	:	0.000000	0.000000	0.000000	0.000000	0.000000	0.420109	0.000000	0.000000	0.000000	0.000000	0.000000	0.000000	0.579891
27	tsk_27	(x)	1	:	0.000000	0.000000	0.000000	0.000000	0.000000	0.000000	0.000000	0.340241	0.000000	0.000000	0.000000	0.000000	0.659758
28	tsk_28	(x)	1	:	0.000000	0.000000	0.000000	0.000000	0.000000	0.000000	0.000000	0.000000	0.000000	0.000000	0.000000	0.451595	0.548405
29	tsk_29	(x)	1	:	0.404141	0.000000	0.000000	0.000000	0.000000	0.491715	0.000000	0.000000	0.000000	0.000000	0.104144	0.000000	0.000000
30	tsk_30	(x)	1	:	0.000000	0.000000	0.000000	0.000000	0.000000	1.000000	0.000000	0.000000	0.000000	0.000000	0.000000	0.000000	0.000000
31	tsk_31	(x)	1	:	0.241286	0.355494	0.000000	0.000000	0.000002	0.000000	0.000000	0.000000	0.144499	0.000000	0.258719	0.000000	0.000000
32	tsk_32	(x)	1	:	0.000027	0.000000	0.000000	0.000000	0.000000	0.467223	0.000000	0.532746	0.000000	0.000000	0.000005	0.000000	0.000000
33	tsk_33	(x)	1	:	0.000117	0.229389	0.000000	0.000000	0.000004	0.000000	0.523367	0.000000	0.246813	0.000000	0.000310	0.000000	0.000000
34	tsk_34	(x)	1	:	0.000000	0.000000	0.000000	0.000000	0.000000	1.000000	0.000000	0.000000	0.000000	0.000000	0.000000	0.000000	0.000000
35	tsk_35	(x)	1	:	0.000000	0.000000	0.000000	0.000000	0.000000	1.000000	0.000000	0.000000	0.000000	0.000000	0.000000	0.000000	0.000000
36	tsk_36	(x)	1	:	0.000034	0.000000	0.000000	0.000000	0.000000	0.477965	0.521972	0.000000	0.000000	0.000000	0.000029	0.000000	0.000000
37	tsk_37	(x)	1	:	0.000000	0.000000	0.000000	0.000000	0.000000	1.000000	0.000000	0.000000	0.000000	0.000000	0.000000	0.000000	0.000000
38	tsk_38	(x)	1	:	0.000016	0.000000	0.000000	0.000000	0.000000	0.477961	0.521969	0.000000	0.000000	0.000000	0.000054	0.000000	0.000000
39	tsk_39	(x)	1	:	0.085342	0.000000	0.000000	0.000000	0.000000	0.491636	0.000000	0.000000	0.000000	0.000000	0.014670	0.000000	0.408352
40	tsk_40	(x)	1	:	0.002887	0.000000	0.000000	0.447926	0.000000	0.000000	0.536193	0.000000	0.000000	0.000000	0.012993	0.000000	0.000000
41	tsk_41	(x)	1	:	0.029642	0.000000	0.000000	0.000000	0.000000	0.000000	0.000000	0.000000	0.000000	0.452121	0.109875	0.000000	0.408361
42	tsk_42	(x)	1	:	0.005119	0.000000	0.000000	0.000000	0.000000	0.000000	0.532124	0.000000	0.000000	0.000000	0.054426	0.000000	0.408331
43	tsk_43	(x)	1	:	0.012659	0.340736	0.000000	0.000000	0.000001	0.000000	0.000000	0.000000	0.158975	0.000000	0.079303	0.000000	0.408326
44	tsk_44	(x)	1	:	0.025195	0.111012	0.291691	0.000000	0.000000	0.000000	0.000001	0.000000	0.097167	0.452121	0.022813	0.000000	0.000000
45	tsk_45	(x)	1	:	0.035367	0.113277	0.291719	0.000000	0.000002	0.000000	0.000001	0.000000	0.094658	0.452061	0.012916	0.000000	0.000000
46	tsk_46	(x)	1	:	0.000000	0.000000	0.000000	0.000000	0.000000	0.000000	0.000000	0.000000	0.000000	1.000000	0.000000	0.000000	0.000000
47	tsk_47	(x)	1	:	0.016644	0.000000	0.000000	0.000000	0.000000	0.000000	0.000000	0.000000	0.000000	0.452121	0.122875	0.000000	0.408361
48	tsk_48	(x)	1	:	0.000046	0.090091	0.291704	0.000000	0.000001	0.000000	0.523401	0.000000	0.094466	0.000000	0.000291	0.000000	0.000000
49	tsk_49	(x)	1	:	0.012354	0.405423	0.000000	0.000000	0.000001	0.000000	0.000000	0.469125	0.094355	0.000000	0.018743	0.000000	0.000000
50	tsk_50	(x)	1	:	0.000000	0.820524	0.000000	0.000000	0.000003	0.000000	0.000000	0.000000	0.179473	0.000000	0.000000	0.000000	0.000000
51	tsk_51	(x)	1	:	0.011438	0.000000	0.000000	0.000000	0.000000	0.000000	0.532124	0.000000	0.000000	0.000000	0.048107	0.000000	0.408331
52	tsk_52	(x)	1	:	0.060624	0.000000	0.000000	0.446273	0.000000	0.000000	0.000000	0.000000	0.000000	0.000000	0.082952	0.000000	0.410151
53	tsk_53	(x)	1	:	0.000000	0.358617	0.000000	0.000000	0.000005	0.000000	0.000000	0.000000	0.641378	0.000000	0.000000	0.000000	0.000000
54	tsk_54	(x)	1	:	0.000000	0.806850	0.000000	0.000000	0.000003	0.000000	0.000000	0.000000	0.193146	0.000000	0.000000	0.000000	0.000000
55	tsk_55	(x)	1	:	0.009346	0.441232	0.000000	0.000000	0.000002	0.000000	0.000001	0.000000	0.058607	0.452104	0.038708	0.000000	0.000000
56	tsk_56	(x)	1	:	0.000000	0.000000	0.000000	0.000000	0.000000	0.000000	0.000000	0.000001	0.000000	0.000000	0.000000	0.000000	0.999999
57	tsk_57	(x)	1	:	0.016151	0.308658	0.000000	0.000000	0.000002	0.000000	0.000001	0.000000	0.191154	0.452095	0.031939	0.000000	0.000000
58	tsk_58	(x)	1	:	0.013466	0.426725	0.000000	0.000000	0.000001	0.000000	0.000001	0.000000	0.073144	0.452113	0.034550	0.000000	0.000000
59	tsk_59	(x)	1	:	0.000000	0.000000	0.000000	0.000000	0.000000	0.000000	0.000000	0.000002	0.000000	0.000000	0.000000	0.000000	0.999998
60	tsk_60	(x)	1	:	0.126955	0.000000	0.000000	0.000000	0.000000	0.000000	0.532205	0.000000	0.000000	0.000000	0.340840	0.000000	0.000000
61	tsk_61	(x)	1	:	0.249651	0.000000	0.000000	0.000000	0.000000	0.000000	0.000000	0.000000	0.000000	0.000000	0.341964	0.000000	0.408384
62	tsk_62	(x)	1	:	0.000019	0.152503	0.000000	0.000000	0.000000	0.000000	0.000000	0.000000	0.308508	0.000000	0.000031	0.000000	0.538939
63	tsk_63	(x)	1	:	0.000000	0.000000	0.000000	0.000000	0.000000	0.000000	0.000000	0.000000	0.000000	0.000000	0.000000	0.000000	1.000000
64	tsk_64	(x)	1	:	0.000046	0.315209	0.000000	0.000000	0.000002	0.000000	0.523380	0.000000	0.161035	0.000000	0.000328	0.000000	0.000000
65	tsk_65	(x)	1	:	0.070361	0.000000	0.000000	0.431725	0.000000	0.488795	0.000000	0.000000	0.000000	0.000000	0.009120	0.000000	0.000000
66	tsk_66	(x)	1	:	0.000031	0.000000	0.000000	0.000000	0.000000	0.477963	0.521970	0.000000	0.000000	0.000000	0.000036	0.000000	0.000000
67	tsk_67	(x)	1	:	0.413185	0.000000	0.000000	0.000000	0.000000	0.491715	0.000000	0.000000	0.000000	0.000000	0.095101	0.000000	0.000000
68	tsk_68	(x)	1	:	0.269250	0.248716	0.000000	0.000000	0.000002	0.000000	0.000000	0.000000	0.251276	0.000000	0.230756	0.000000	0.000000
69	tsk_69	(x)	1	:	0.000001	0.191374	0.000000	0.000000	0.000000	0.000000	0.000000	0.000000	0.217994	0.000000	0.000000	0.000000	0.590630
70	tsk_70	(x)	1	:	0.077529	0.293529	0.000000	0.000000	0.000002	0.000000	0.369944	0.000000	0.206254	0.000000	0.052742	0.000000	0.000000
71	tsk_71	(x)	1	:	0.010885	0.362584	0.000000	0.000000	0.000006	0.000000	0.000001	0.000000	0.137056	0.452040	0.037428	0.000000	0.000000
72	tsk_72	(x)	1	:	0.000000	0.000000	0.000000	0.000000	0.000000	0.000000	0.999986	0.000000	0.000000	0.000014	0.000000	0.000000	0.000000
73	tsk_73	(x)	1	:	0.226769	0.000000	0.000000	0.000000	0.000000	0.000000	0.370014	0.000000	0.000000	0.000000	0.403217	0.000000	0.000000
74	tsk_74	(x)	1	:	0.120375	0.000000	0.000000	0.000000	0.000000	0.000000	0.532205	0.000000	0.000000	0.000000	0.347419	0.000000	0.000000
75	tsk_75	(x)	1	:	0.000000	0.000000	0.000000	0.000000	0.000000	0.000000	0.000000	0.470344	0.000000	0.529656	0.000000	0.000000	0.000000
76	tsk_76	(x)	1	:	0.193264	0.000000	0.000000	0.000000	0.000000	0.000000	0.000000	0.000000	0.000000	0.000000	0.398351	0.000000	0.408384
77	tsk_77	(x)	1	:	0.302257	0.499988	0.000000	0.000000	0.000003	0.000000	0.000000	0.000000	0.000000	0.000000	0.197752	0.000000	0.000000
78	tsk_78	(x)	1	:	0.183839	0.000000	0.000000	0.000000	0.000000	0.000000	0.000001	0.000000	0.000000	0.452156	0.364004	0.000000	0.000000
79	tsk_79	(x)	1	:	0.235390	0.161578	0.000000	0.000000	0.000009	0.000000	0.000000	0.000000	0.338384	0.000000	0.264639	0.000000	0.000000
80	tsk_80	(x)	1	:	0.000000	0.000002	0.000000	0.000000	0.483655	0.000000	0.000000	0.000000	0.000000	0.516343	0.000000	0.000000	0.000000
81	tsk_81	(x)	1	:	0.000000	0.000000	0.540715	0.000000	0.000000	0.000000	0.000000	0.000000	0.000000	0.459285	0.000000	0.000000	0.000000
82	tsk_82	(x)	1	:	0.000000	0.000000	0.000000	0.000000	0.000000	0.000000	0.500256	0.000000	0.000000	0.499744	0.000000	0.000000	0.000000
83	tsk_83	(x)	1	:	0.000000	0.162330	0.671478	0.000000	0.000005	0.000000	0.000000	0.000000	0.166187	0.000000	0.000000	0.000000	0.000000
84	tsk_84	(x)	1	:	0.200390	0.000000	0.000000	0.000000	0.000000	0.000000	0.000000	0.000000	0.000000	0.526392	0.273218	0.000000	0.000000
85	tsk_85	(x)	1	:	0.046958	0.000387	0.000000	0.000000	0.491590	0.000000	0.000000	0.000000	0.000141	0.000000	0.055992	0.000000	0.404930
86	tsk_86	(x)	1	:	0.000120	0.171578	0.291702	0.000000	0.000000	0.000000	0.000000	0.000000	0.016286	0.520113	0.000201	0.000000	0.000000
87	tsk_87	(x)	1	:	0.000000	0.000000	0.613825	0.000000	0.386175	0.000000	0.000000	0.000000	0.000000	0.000000	0.000000	0.000000	0.000000
88	tsk_88	(x)	1	:	0.066429	0.000132	0.000000	0.000000	0.499803	0.000000	0.000000	0.065013	0.000056	0.000000	0.090526	0.000000	0.278040
89	tsk_89	(x)	1	:	0.000000	0.211719	0.671475	0.000000	0.000001	0.000000	0.000000	0.000000	0.116804	0.000000	0.000000	0.000000	0.000000
90	tsk_90	(x)	1	:	0.000000	0.000000	0.000000	0.000000	0.000000	0.000000	0.000000	1.000000	0.000000	0.000000	0.000000	0.000000	0.000000
91	tsk_91	(x)	1	:	0.000000	0.000000	0.000000	0.000000	0.000000	0.000000	0.000000	1.000000	0.000000	0.000000	0.000000	0.000000	0.000000
92	tsk_92	(x)	1	:	0.179022	0.000000	0.000000	0.000002	0.000000	0.000000	0.000000	0.063056	0.000000	0.000000	0.478675	0.000000	0.279244
93	tsk_93	(x)	1	:	0.000000	0.000000	0.000000	0.000000	0.000000	0.000000	0.000000	0.000000	0.000000	0.000000	0.000000	1.000000	0.000000
94	tsk_94	(x)	1	:	0.000000	0.000000	0.000000	0.000000	0.000000	0.000000	0.526340	0.000000	0.000000	0.000000	0.000000	0.473660	0.000000
95	tsk_95	(x)	1	:	0.026009	0.000000	0.000000	0.420477	0.000000	0.000000	0.000000	0.463940	0.000000	0.000000	0.089573	0.000000	0.000000
96	tsk_96	(x)	1	:	0.015467	0.429942	0.000000	0.000000	0.000000	0.000000	0.000000	0.469112	0.069797	0.000000	0.015680	0.000000	0.000000
97	tsk_97	(x)	1	:	0.008395	0.256441	0.000000	0.000000	0.000006	0.000000	0.000000	0.468988	0.242899	0.000000	0.023271	0.000000	0.000000
98	tsk_98	(x)	1	:	0.000000	0.000000	0.000000	0.000000	0.000000	0.000000	0.000000	0.000000	0.000000	0.000000	0.000000	1.000000	0.000000
99	tsk_99	(x)	1	:	0.000000	0.000000	0.000000	0.000000	0.000000	0.000000	0.000000	1.000000	0.000000	0.000000	0.000000	0.000000	0.000000
100	tsk_100	(x)	1	:	0.141280	0.000000	0.000000	0.000000	0.000000	0.000000	0.000000	0.469194	0.000000	0.000000	0.389525	0.000000	0.000000
101	tsk_101	(x)	1	:	0.000000	0.000000	0.000000	0.000000	0.000000	0.000000	0.000000	0.591273	0.000000	0.000000	0.000000	0.000000	0.408727
102	tsk_102	(x)	1	:	0.272287	0.000044	0.530450	0.000000	0.000000	0.000000	0.000000	0.000000	0.000036	0.000000	0.197183	0.000000	0.000000
103	tsk_103	(x)	1	:	0.283359	0.000000	0.000000	0.000000	0.000000	0.000000	0.000000	0.000000	0.000000	0.000000	0.168555	0.000000	0.548086
104	tsk_104	(x)	1	:	0.325160	0.000019	0.530459	0.000000	0.000000	0.000000	0.000000	0.000000	0.000036	0.000000	0.144325	0.000000	0.000000
105	tsk_105	(x)	1	:	0.351438	0.281643	0.000000	0.000000	0.000002	0.000000	0.000000	0.000000	0.218349	0.000000	0.148568	0.000000	0.000000
106	tsk_106	(x)	1	:	0.000000	0.000000	1.000000	0.000000	0.000000	0.000000	0.000000	0.000000	0.000000	0.000000	0.000000	0.000000	0.000000
107	tsk_107	(x)	1	:	0.000000	0.000000	0.000000	0.000000	0.000000	1.000000	0.000000	0.000000	0.000000	0.000000	0.000000	0.000000	0.000000
108	tsk_108	(x)	1	:	0.000000	0.873998	0.000000	0.000000	0.000003	0.000000	0.000000	0.000000	0.125999	0.000000	0.000000	0.000000	0.000000
109	tsk_109	(x)	1	:	0.000000	0.753894	0.000000	0.000000	0.000005	0.000000	0.000000	0.000000	0.246101	0.000000	0.000000	0.000000	0.000000
110	tsk_110	(x)	1	:	0.000000	0.231088	0.688642	0.000000	0.000005	0.000000	0.000000	0.000000	0.080265	0.000000	0.000000	0.000000	0.000000
111	tsk_111	(x)	1	:	0.000050	0.076679	0.291672	0.000000	0.000000	0.000000	0.000000	0.000000	0.084122	0.000000	0.000006	0.000000	0.547472
112	tsk_112	(x)	1	:	0.000053	0.203436	0.000000	0.000000	0.000000	0.000000	0.000000	0.000000	0.249024	0.000000	0.000014	0.000000	0.547472
113	tsk_113	(x)	1	:	0.000001	0.025082	0.291705	0.000000	0.000000	0.000000	0.000000	0.000000	0.097569	0.000000	0.000000	0.000000	0.585642
114	tsk_114	(x)	1	:	0.000000	0.000000	0.000000	0.000000	0.000000	0.000000	0.475494	0.000000	0.000000	0.000000	0.000000	0.000000	0.524506
115	tsk_115	(x)	1	:	0.000000	0.540736	0.291675	0.000000	0.000006	0.000000	0.000000	0.000000	0.167582	0.000000	0.000000	0.000000	0.000000
116	tsk_116	(x)	1	:	0.000000	0.608899	0.291676	0.000000	0.000007	0.000000	0.000000	0.000000	0.099418	0.000000	0.000000	0.000000	0.000000
117	tsk_117	(x)	1	:	0.000000	0.000001	0.498690	0.000000	0.000000	0.000000	0.501306	0.000000	0.000001	0.000000	0.000002	0.000000	0.000000
118	tsk_118	(x)	1	:	0.000059	0.112198	0.291705	0.000000	0.000001	0.000000	0.523394	0.000000	0.072338	0.000000	0.000304	0.000000	0.000000
119	tsk_119	(x)	1	:	0.000060	0.181736	0.000000	0.000000	0.000005	0.000000	0.000000	0.000000	0.270715	0.000000	0.000012	0.000000	0.547472
120	tsk_120	(x)	1	:	0.000000	0.000000	0.000000	0.000000	0.000000	0.000000	0.000000	0.000000	0.000000	0.000000	0.000000	0.000000	1.000000
121	tsk_121	(x)	1	:	0.104197	0.000000	0.000000	0.000000	0.000000	0.491713	0.370014	0.000000	0.000000	0.000000	0.034076	0.000000	0.000000
122	tsk_122	(x)	1	:	0.000000	0.000000	0.000000	0.000000	0.000000	0.000000	0.000000	0.000000	0.000000	0.443212	0.000000	0.000000	0.556788
123	tsk_123	(x)	1	:	0.000000	0.000000	0.000000	0.000000	0.464481	0.000000	0.000000	0.535518	0.000000	0.000000	0.000000	0.000000	0.000000
124	tsk_124	(x)	1	:	0.223552	0.419405	0.000000	0.000000	0.000001	0.000000	0.000000	0.000000	0.080589	0.000000	0.276452	0.000000	0.000000
125	tsk_125	(x)	1	:	0.042214	0.130864	0.291730	0.000000	0.000000	0.000000	0.369954	0.000000	0.077153	0.000000	0.088085	0.000000	0.000000
126	tsk_126	(x)	1	:	0.000000	0.833537	0.000000	0.000000	0.000005	0.000000	0.000000	0.000000	0.166458	0.000000	0.000000	0.000000	0.000000
127	tsk_127	(x)	1	:	0.041345	0.397935	0.000000	0.000000	0.000002	0.000000	0.369932	0.000000	0.101809	0.000000	0.088976	0.000000	0.000000
128	tsk_128	(x)	1	:	0.000000	0.481238	0.291673	0.000000	0.000003	0.000000	0.000000	0.000000	0.227086	0.000000	0.000000	0.000000	0.000000
129	tsk_129	(x)	1	:	0.000022	0.290729	0.000000	0.000000	0.000000	0.000000	0.000000	0.000000	0.169726	0.000000	0.000030	0.000000	0.539492
130	tsk_130	(x)	1	:	0.000308	0.385780	0.000000	0.000000	0.000000	0.000000	0.000000	0.000000	0.098161	0.515206	0.000545	0.000000	0.000000
131	tsk_131	(x)	1	:	0.000000	0.000000	0.000000	0.000000	0.000000	0.000000	0.642250	0.000000	0.000000	0.357750	0.000000	0.000000	0.000000
132	tsk_132	(x)	1	:	0.034553	0.000000	0.000000	0.000000	0.000000	0.491723	0.000000	0.469200	0.000000	0.000000	0.004524	0.000000	0.000000
133	tsk_133	(x)	1	:	0.470819	0.000000	0.000000	0.000000	0.000000	0.000000	0.000000	0.000000	0.000000	0.000000	0.529181	0.000000	0.000000
134	tsk_134	(x)	1	:	0.000042	0.000000	0.000000	0.000000	0.000000	0.477967	0.521973	0.000000	0.000000	0.000000	0.000018	0.000000	0.000000
135	tsk_135	(x)	1	:	0.122211	0.000000	0.000000	0.000000	0.000000	0.000000	0.000000	0.555853	0.000000	0.000000	0.321935	0.000000	0.000000
136	tsk_136	(x)	1	:	0.459793	0.000000	0.000000	0.000000	0.000000	0.491715	0.000000	0.000000	0.000000	0.000000	0.048492	0.000000	0.000000
137	tsk_137	(x)	1	:	0.009521	0.000000	0.000000	0.000000	0.000000	0.000000	0.000000	0.469192	0.000000	0.452154	0.069133	0.000000	0.000000
138	tsk_138	(x)	1	:	0.000253	0.000000	0.000000	0.000000	0.000000	0.000000	0.529899	0.467162	0.000000	0.000000	0.002686	0.000000	0.000000
139	tsk_139	(x)	1	:	0.030895	0.180637	0.291708	0.000000	0.000000	0.000000	0.000000	0.000000	0.027317	0.000000	0.061120	0.000000	0.408323
140	tsk_140	(x)	1	:	0.000000	0.821160	0.000000	0.000000	0.000022	0.000000	0.000000	0.000000	0.178817	0.000000	0.000000	0.000000	0.000000
141	tsk_141	(x)	1	:	0.011366	0.417758	0.000000	0.000000	0.000001	0.490064	0.000000	0.000000	0.078906	0.000000	0.001905	0.000000	0.000000
142	tsk_142	(x)	1	:	0.111564	0.331434	0.000000	0.000002	0.000000	0.000000	0.000000	0.000000	0.168570	0.000000	0.388430	0.000000	0.000000
143	tsk_143	(x)	1	:	0.010922	0.226257	0.000000	0.000000	0.000003	0.489920	0.000000	0.000000	0.270111	0.000000	0.002787	0.000000	0.000000
144	tsk_144	(x)	1	:	0.000048	0.000000	0.000000	0.000000	0.000000	0.477968	0.521974	0.000000	0.000000	0.000000	0.000010	0.000000	0.000000
145	tsk_145	(x)	1	:	0.173108	0.268996	0.000000	0.000000	0.000002	0.000000	0.000000	0.000000	0.230997	0.000000	0.326897	0.000000	0.000000
146	tsk_146	(x)	1	:	0.007807	0.346853	0.000000	0.000000	0.000010	0.489693	0.000000	0.000000	0.149040	0.000000	0.006597	0.000000	0.000000
147	tsk_147	(x)	1	:	0.000078	0.467474	0.000000	0.000000	0.000000	0.000000	0.000000	0.000000	0.012086	0.520100	0.000262	0.000000	0.000000
148	tsk_148	(x)	1	:	0.253584	0.394406	0.000000	0.000000	0.000001	0.000000	0.000000	0.000000	0.105592	0.000000	0.246418	0.000000	0.000000
149	tsk_149	(x)	1	:	0.288709	0.000000	0.000000	0.000000	0.000000	0.000000	0.532205	0.000000	0.000000	0.000000	0.179086	0.000000	0.000000
