logL = -1061.772220 (converged)
AIC = 2915.544439
BIC = 4107.756016

count.K
87 27 36 

