logL = -2363.589236 (converged)
AIC = 10427.178473
BIC = 19007.489061

count.K
19 13 21 7 1 5 3 23 10 3 1 12 16 7 9 

