logL = -2671.004838 (converged)
AIC = 8024.009676
BIC = 12061.271605

count.K
17 16 12 28 40 35 2 

