logL = -1601.888312 (converged)
AIC = 4495.776624
BIC = 6440.647024

count.K
7 52 54 37 

