logL = -1481.573938 (converged)
AIC = 3387.147875
BIC = 4025.402558

count.K
89 61 

