logL = -1358.403479 (converged)
AIC = 5062.806958
BIC = 8594.282158

count.K
11 36 3 44 39 5 12 

