logL = -707.291001 (converged)
AIC = 2158.582002
BIC = 3278.538331

count.K
24 94 32 

