logL = -1213.673225 (converged)
AIC = 2839.346450
BIC = 3459.537321

count.K
122 28 

