logL = -989.221354 (converged)
AIC = 6070.442709
BIC = 12230.202521

count.K
17 10 4 28 1 3 11 18 33 5 2 18 

