0	tsk_0	(x)	1	:	0.000000	0.000000	0.482815	0.516560	0.000000	0.000000	0.000000	0.000625	0.000000	0.000000	0.000000	0.000000	0.000000	0.000000
1	tsk_1	(x)	1	:	0.000000	0.000000	0.000000	0.000000	0.000000	0.000000	1.000000	0.000000	0.000000	0.000000	0.000000	0.000000	0.000000	0.000000
2	tsk_2	(x)	1	:	0.000000	0.000000	1.000000	0.000000	0.000000	0.000000	0.000000	0.000000	0.000000	0.000000	0.000000	0.000000	0.000000	0.000000
3	tsk_3	(x)	1	:	0.000000	0.000000	0.491746	0.000000	0.000000	0.000000	0.495907	0.012347	0.000000	0.000000	0.000000	0.000000	0.000000	0.000000
4	tsk_4	(x)	1	:	0.000000	0.000000	0.463914	0.000000	0.000000	0.000000	0.000000	0.000000	0.000000	0.000000	0.000000	0.000000	0.000000	0.536086
5	tsk_5	(x)	1	:	1.000000	0.000000	0.000000	0.000000	0.000000	0.000000	0.000000	0.000000	0.000000	0.000000	0.000000	0.000000	0.000000	0.000000
6	tsk_6	(x)	1	:	0.000000	0.000000	0.500002	0.000000	0.000001	0.000000	0.000000	0.499998	0.000000	0.000000	0.000000	0.000000	0.000000	0.000000
7	tsk_7	(x)	1	:	0.000000	0.000000	0.500003	0.000000	0.000001	0.000000	0.000000	0.499996	0.000000	0.000000	0.000000	0.000000	0.000000	0.000000
8	tsk_8	(x)	1	:	0.496398	0.000000	0.492744	0.000000	0.000000	0.000000	0.000000	0.010857	0.000000	0.000000	0.000000	0.000000	0.000000	0.000000
9	tsk_9	(x)	1	:	0.000000	0.000000	0.492116	0.000000	0.000000	0.000000	0.000000	0.015768	0.492116	0.000000	0.000000	0.000000	0.000000	0.000000
10	tsk_10	(x)	1	:	0.491668	0.000000	0.000000	0.000000	0.000000	0.000000	0.000000	0.000968	0.000000	0.000000	0.000000	0.507364	0.000000	0.000000
11	tsk_11	(x)	1	:	0.500006	0.000000	0.000000	0.000000	0.000011	0.000000	0.000000	0.499982	0.000000	0.000000	0.000000	0.000000	0.000000	0.000000
12	tsk_12	(x)	1	:	0.496127	0.000000	0.492193	0.000000	0.000000	0.000000	0.000000	0.011681	0.000000	0.000000	0.000000	0.000000	0.000000	0.000000
13	tsk_13	(x)	1	:	0.000000	0.000000	0.000000	0.000000	0.000000	0.000000	0.000000	0.000195	0.000000	0.496181	0.000000	0.503624	0.000000	0.000000
14	tsk_14	(x)	1	:	0.000000	0.000000	0.000000	0.431003	0.000000	0.000000	0.000000	0.000000	0.000000	0.568997	0.000000	0.000000	0.000000	0.000000
15	tsk_15	(x)	1	:	0.498014	0.000000	0.000000	0.438496	0.000000	0.000000	0.000000	0.004036	0.000000	0.059453	0.000000	0.000000	0.000000	0.000000
16	tsk_16	(x)	1	:	0.000000	0.000000	0.000000	0.000000	0.000000	0.000000	0.486803	0.000000	0.000000	0.000000	0.000000	0.513197	0.000000	0.000000
17	tsk_17	(x)	1	:	0.000000	0.000000	0.000000	0.000000	0.000000	0.000000	0.000000	0.000067	0.000000	0.496212	0.000000	0.503721	0.000000	0.000000
18	tsk_18	(x)	1	:	0.491521	0.000000	0.000000	0.000000	0.000000	0.000000	0.000000	0.001219	0.000000	0.000000	0.000000	0.507261	0.000000	0.000000
19	tsk_19	(x)	1	:	0.491380	0.000000	0.000000	0.000000	0.000000	0.000000	0.000000	0.001457	0.000000	0.000000	0.000000	0.507163	0.000000	0.000000
20	tsk_20	(x)	1	:	0.000000	0.000000	0.484342	0.000000	0.000000	0.000000	0.000000	0.002255	0.000000	0.000000	0.000000	0.000000	0.000000	0.513403
21	tsk_21	(x)	1	:	0.000000	0.000000	1.000000	0.000000	0.000000	0.000000	0.000000	0.000000	0.000000	0.000000	0.000000	0.000000	0.000000	0.000000
22	tsk_22	(x)	1	:	0.000000	0.000000	0.500001	0.000000	0.000000	0.000000	0.000000	0.499998	0.000000	0.000000	0.000000	0.000000	0.000000	0.000000
23	tsk_23	(x)	1	:	0.000000	0.000000	0.484034	0.000000	0.000000	0.000000	0.000000	0.002594	0.000000	0.000000	0.000000	0.000000	0.000000	0.513372
24	tsk_24	(x)	1	:	0.496658	0.000000	0.493271	0.000000	0.000000	0.000000	0.000000	0.010071	0.000000	0.000000	0.000000	0.000000	0.000000	0.000000
25	tsk_25	(x)	1	:	0.496616	0.000000	0.493186	0.000000	0.000001	0.000000	0.000000	0.010198	0.000000	0.000000	0.000000	0.000000	0.000000	0.000000
26	tsk_26	(x)	1	:	0.000000	0.000000	1.000000	0.000000	0.000000	0.000000	0.000000	0.000000	0.000000	0.000000	0.000000	0.000000	0.000000	0.000000
27	tsk_27	(x)	1	:	0.000000	0.000000	0.500005	0.000000	0.000001	0.000000	0.000000	0.499994	0.000000	0.000000	0.000000	0.000000	0.000000	0.000000
28	tsk_28	(x)	1	:	0.000000	0.000000	1.000000	0.000000	0.000000	0.000000	0.000000	0.000000	0.000000	0.000000	0.000000	0.000000	0.000000	0.000000
29	tsk_29	(x)	1	:	0.000000	0.000000	0.500005	0.000000	0.000002	0.000000	0.000000	0.499993	0.000000	0.000000	0.000000	0.000000	0.000000	0.000000
30	tsk_30	(x)	1	:	0.500375	0.000000	0.000000	0.000000	0.000000	0.000000	0.000000	0.000243	0.000000	0.000000	0.000000	0.000000	0.499382	0.000000
31	tsk_31	(x)	1	:	0.487568	0.000000	0.000000	0.000000	0.000000	0.000000	0.000000	0.000001	0.000000	0.000000	0.000000	0.000000	0.000000	0.512431
32	tsk_32	(x)	1	:	0.496703	0.000000	0.000000	0.433916	0.000000	0.000000	0.000000	0.005148	0.000000	0.064233	0.000000	0.000000	0.000000	0.000000
33	tsk_33	(x)	1	:	0.000000	0.000000	0.000000	0.000000	0.000000	0.000000	0.000000	0.000000	0.000000	0.000000	0.000000	0.491478	0.000000	0.508522
34	tsk_34	(x)	1	:	0.500311	0.000000	0.000000	0.000000	0.000000	0.000000	0.000000	0.000323	0.000000	0.000000	0.000000	0.000000	0.499366	0.000000
35	tsk_35	(x)	1	:	0.500015	0.000000	0.000000	0.000000	0.000028	0.000000	0.000000	0.499956	0.000000	0.000000	0.000000	0.000000	0.000000	0.000000
36	tsk_36	(x)	1	:	0.492038	0.000000	0.000000	0.000000	0.000000	0.000000	0.000000	0.000341	0.000000	0.000000	0.000000	0.507621	0.000000	0.000000
37	tsk_37	(x)	1	:	1.000000	0.000000	0.000000	0.000000	0.000000	0.000000	0.000000	0.000000	0.000000	0.000000	0.000000	0.000000	0.000000	0.000000
38	tsk_38	(x)	1	:	0.000000	0.000000	0.000000	0.435707	0.000000	0.000000	0.000000	0.000000	0.000000	0.002304	0.000000	0.000000	0.000000	0.561989
39	tsk_39	(x)	1	:	1.000000	0.000000	0.000000	0.000000	0.000000	0.000000	0.000000	0.000000	0.000000	0.000000	0.000000	0.000000	0.000000	0.000000
40	tsk_40	(x)	1	:	0.000000	0.000000	0.000000	0.000000	0.000000	0.000000	0.000000	0.003574	0.000000	0.000001	0.000000	0.514616	0.000000	0.481809
41	tsk_41	(x)	1	:	0.000000	0.000000	0.000000	0.000000	0.000000	0.000000	0.000000	0.004891	0.000000	0.000001	0.000000	0.513613	0.000000	0.481495
42	tsk_42	(x)	1	:	0.000000	0.000000	0.000000	0.000000	0.000000	0.000000	0.000000	0.000000	0.000000	0.576762	0.000000	0.000000	0.000000	0.423238
43	tsk_43	(x)	1	:	0.000000	0.000000	0.000000	0.000000	0.000000	0.000000	0.000000	0.019217	0.499473	0.000001	0.000000	0.000000	0.000000	0.481309
44	tsk_44	(x)	1	:	0.000000	0.000000	0.000000	0.000000	0.000000	0.000000	0.000000	0.000000	0.000000	0.000000	0.000000	0.000000	0.000000	1.000000
45	tsk_45	(x)	1	:	0.000000	0.000000	0.000000	0.000000	0.000000	0.000000	0.497900	0.003346	0.000000	0.498754	0.000000	0.000000	0.000000	0.000000
46	tsk_46	(x)	1	:	0.000000	0.000000	0.490665	0.000000	0.000000	0.000000	0.000000	0.000453	0.000000	0.000000	0.000000	0.000000	0.000000	0.508881
47	tsk_47	(x)	1	:	0.000000	0.000000	0.000000	0.000000	0.000000	0.000000	0.497372	0.003990	0.000000	0.498638	0.000000	0.000000	0.000000	0.000000
48	tsk_48	(x)	1	:	0.000000	0.000000	0.502698	0.000000	0.000000	0.000000	0.000000	0.015650	0.000000	0.000001	0.000000	0.000000	0.000000	0.481650
49	tsk_49	(x)	1	:	0.000000	0.000000	0.421251	0.000000	0.000000	0.578748	0.000000	0.000001	0.000000	0.000000	0.000000	0.000000	0.000000	0.000000
50	tsk_50	(x)	1	:	0.000000	0.000000	0.491985	0.000000	0.000000	0.000000	0.000000	0.016030	0.491985	0.000000	0.000000	0.000000	0.000000	0.000000
51	tsk_51	(x)	1	:	0.000000	0.000000	0.490273	0.000000	0.000000	0.000000	0.000000	0.000886	0.000000	0.000000	0.000000	0.000000	0.000000	0.508841
52	tsk_52	(x)	1	:	0.000000	0.000000	1.000000	0.000000	0.000000	0.000000	0.000000	0.000000	0.000000	0.000000	0.000000	0.000000	0.000000	0.000000
53	tsk_53	(x)	1	:	0.000000	0.000000	0.000000	0.000000	0.000001	0.000000	0.000000	0.500780	0.000000	0.499219	0.000000	0.000000	0.000000	0.000000
54	tsk_54	(x)	1	:	0.000000	0.000000	0.500011	0.000000	0.000003	0.000000	0.000000	0.499986	0.000000	0.000000	0.000000	0.000000	0.000000	0.000000
55	tsk_55	(x)	1	:	0.000000	0.000000	0.000000	0.000000	0.000002	0.000000	0.000000	0.500778	0.000000	0.499219	0.000000	0.000000	0.000000	0.000000
56	tsk_56	(x)	1	:	0.000000	0.000000	0.000000	0.000000	0.000001	0.000000	0.000000	0.500780	0.000000	0.499219	0.000000	0.000000	0.000000	0.000000
57	tsk_57	(x)	1	:	0.000000	0.000000	0.492626	0.000000	0.000000	0.000000	0.000000	0.008964	0.000000	0.498410	0.000000	0.000000	0.000000	0.000000
58	tsk_58	(x)	1	:	0.000000	0.000000	0.492504	0.000000	0.000000	0.000000	0.000000	0.014992	0.492504	0.000000	0.000000	0.000000	0.000000	0.000000
59	tsk_59	(x)	1	:	0.000000	0.000000	0.500003	0.000000	0.000001	0.000000	0.000000	0.499996	0.000000	0.000000	0.000000	0.000000	0.000000	0.000000
60	tsk_60	(x)	1	:	0.000000	0.000000	0.000000	0.000000	0.000000	0.000000	0.000000	0.002201	0.484391	0.000000	0.000000	0.000000	0.000000	0.513408
61	tsk_61	(x)	1	:	0.000000	0.000000	0.000000	0.000000	0.000000	0.000000	0.000000	0.000000	1.000000	0.000000	0.000000	0.000000	0.000000	0.000000
62	tsk_62	(x)	1	:	0.000000	0.000000	0.000000	0.000000	0.000000	0.000000	0.000000	0.001642	0.484898	0.000000	0.000000	0.000000	0.000000	0.513460
63	tsk_63	(x)	1	:	0.000000	0.000000	0.000000	0.000000	0.000000	0.000000	0.000000	0.001394	0.499397	0.000000	0.000000	0.000000	0.499209	0.000000
64	tsk_64	(x)	1	:	0.000000	0.000000	0.000000	0.000000	0.000001	0.000000	0.000000	0.486801	0.000000	0.000000	0.000000	0.513197	0.000000	0.000000
65	tsk_65	(x)	1	:	0.000000	0.000000	0.000000	0.000000	0.000001	0.000004	0.000006	0.652801	0.000000	0.000000	0.000000	0.347188	0.000000	0.000000
66	tsk_66	(x)	1	:	0.000000	0.000000	0.000000	0.000000	0.000000	0.000000	0.000000	0.000000	1.000000	0.000000	0.000000	0.000000	0.000000	0.000000
67	tsk_67	(x)	1	:	0.000000	0.000000	0.000000	0.000000	0.000000	0.000002	0.000012	0.152756	0.500034	0.000000	0.000000	0.347196	0.000000	0.000000
68	tsk_68	(x)	1	:	0.000000	0.000000	0.000000	0.000000	0.000007	0.000000	0.000000	0.484950	0.000000	0.000000	0.000000	0.000000	0.000000	0.515042
69	tsk_69	(x)	1	:	0.000000	0.000000	0.000000	0.000000	0.000001	0.000000	0.000000	0.484957	0.000000	0.000000	0.000000	0.000000	0.000000	0.515042
70	tsk_70	(x)	1	:	0.000000	0.000000	0.000000	0.000000	0.000000	0.000000	0.000000	0.000000	0.000000	0.576762	0.000000	0.000000	0.000000	0.423238
71	tsk_71	(x)	1	:	0.000000	0.000000	0.000000	0.000000	0.000000	0.000000	0.000000	0.007929	0.493559	0.498512	0.000000	0.000000	0.000000	0.000000
72	tsk_72	(x)	1	:	0.000000	0.000000	0.000000	0.000000	0.000008	0.000000	0.000000	0.500774	0.000000	0.499218	0.000000	0.000000	0.000000	0.000000
73	tsk_73	(x)	1	:	0.000000	0.000000	0.000000	0.000000	0.000000	0.511100	0.000000	0.004236	0.000000	0.000002	0.000000	0.000000	0.000000	0.484662
74	tsk_74	(x)	1	:	0.000000	0.000000	0.000000	0.000000	0.000000	0.000000	0.000000	0.000000	0.000000	0.000000	0.000000	0.000000	0.000000	1.000000
75	tsk_75	(x)	1	:	0.000000	0.000000	0.000000	0.000000	0.000000	0.510259	0.000000	0.005252	0.000000	0.000001	0.000000	0.000000	0.000000	0.484487
76	tsk_76	(x)	1	:	0.000000	0.000000	0.493266	0.000000	0.000000	0.000000	0.000000	0.008254	0.000000	0.498480	0.000000	0.000000	0.000000	0.000000
77	tsk_77	(x)	1	:	0.000000	0.000000	0.000000	0.000000	0.000000	0.511980	0.000000	0.003171	0.000000	0.000001	0.000000	0.000000	0.000000	0.484847
78	tsk_78	(x)	1	:	0.000000	0.000000	0.000000	0.000000	0.000000	0.000000	0.000000	0.000139	0.000000	0.496194	0.000000	0.503667	0.000000	0.000000
79	tsk_79	(x)	1	:	0.000000	0.000000	0.000000	0.000000	0.000000	0.000000	0.000000	0.000000	0.000000	1.000000	0.000000	0.000000	0.000000	0.000000
80	tsk_80	(x)	1	:	0.000000	0.000000	0.000000	0.000000	0.000000	0.000000	0.000000	0.000000	1.000000	0.000000	0.000000	0.000000	0.000000	0.000000
81	tsk_81	(x)	1	:	0.000000	0.000000	0.000000	0.000000	0.000000	0.000000	0.000000	0.000000	1.000000	0.000000	0.000000	0.000000	0.000000	0.000000
82	tsk_82	(x)	1	:	0.000000	0.000000	0.000000	0.000000	0.000000	0.000000	0.496321	0.011090	0.492588	0.000000	0.000000	0.000000	0.000000	0.000000
83	tsk_83	(x)	1	:	0.000000	0.000000	0.000000	0.000000	0.000000	0.000000	0.496400	0.010851	0.492748	0.000000	0.000000	0.000000	0.000000	0.000000
84	tsk_84	(x)	1	:	0.000000	0.000000	0.000000	0.000000	0.000000	0.000000	0.496477	0.010619	0.492904	0.000000	0.000000	0.000000	0.000000	0.000000
85	tsk_85	(x)	1	:	0.000000	0.000000	0.000000	0.000000	0.000000	0.000000	0.496429	0.010763	0.492807	0.000000	0.000000	0.000000	0.000000	0.000000
86	tsk_86	(x)	1	:	0.000000	0.000000	0.000000	0.000000	0.000000	0.000000	0.496458	0.010676	0.492866	0.000000	0.000000	0.000000	0.000000	0.000000
87	tsk_87	(x)	1	:	0.000000	0.000000	0.000000	0.000000	0.000000	0.000000	0.000000	0.000000	1.000000	0.000000	0.000000	0.000000	0.000000	0.000000
88	tsk_88	(x)	1	:	0.000000	0.000000	0.000000	0.000000	0.000000	0.494265	0.000000	0.007240	0.498495	0.000000	0.000000	0.000000	0.000000	0.000000
89	tsk_89	(x)	1	:	0.000000	0.000000	0.000000	0.000000	0.000000	0.000000	0.000000	0.000000	1.000000	0.000000	0.000000	0.000000	0.000000	0.000000
90	tsk_90	(x)	1	:	0.000000	0.000000	0.000000	0.000000	0.000001	0.000000	0.055912	0.498482	0.000000	0.000000	0.445605	0.000000	0.000000	0.000000
91	tsk_91	(x)	1	:	0.000000	0.000000	0.000000	0.000000	0.000000	0.000000	0.497197	0.004203	0.000000	0.498599	0.000000	0.000000	0.000000	0.000000
92	tsk_92	(x)	1	:	0.000000	0.000000	0.000000	0.000000	0.000000	0.000000	0.054739	0.000024	0.499210	0.000000	0.446027	0.000000	0.000000	0.000000
93	tsk_93	(x)	1	:	0.000000	0.000000	0.000000	0.000000	0.000000	0.000000	0.000000	0.000000	0.000000	1.000000	0.000000	0.000000	0.000000	0.000000
94	tsk_94	(x)	1	:	0.000000	0.000000	0.000000	0.000000	0.000000	0.000000	0.000000	0.004142	0.487146	0.000000	0.000000	0.508712	0.000000	0.000000
95	tsk_95	(x)	1	:	0.000000	0.000000	0.000000	0.000000	0.000000	0.000000	1.000000	0.000000	0.000000	0.000000	0.000000	0.000000	0.000000	0.000000
96	tsk_96	(x)	1	:	0.000000	0.000000	0.000000	0.000000	0.000000	0.000000	0.497170	0.004237	0.000000	0.498593	0.000000	0.000000	0.000000	0.000000
97	tsk_97	(x)	1	:	0.000000	0.000000	0.000000	0.000000	0.000000	0.000000	1.000000	0.000000	0.000000	0.000000	0.000000	0.000000	0.000000	0.000000
98	tsk_98	(x)	1	:	0.000000	0.000000	0.000000	0.000000	0.000000	0.000000	0.551946	0.000000	0.000000	0.000000	0.448054	0.000000	0.000000	0.000000
99	tsk_99	(x)	1	:	0.000000	0.000000	0.000000	0.000000	0.000000	0.000000	0.478566	0.000000	0.000000	0.521434	0.000000	0.000000	0.000000	0.000000
100	tsk_100	(x)	1	:	0.000000	0.000000	0.000000	0.000000	0.000000	0.000000	0.000000	0.999999	0.000000	0.000000	0.000000	0.000000	0.000000	0.000000
101	tsk_101	(x)	1	:	0.000000	0.000000	1.000000	0.000000	0.000000	0.000000	0.000000	0.000000	0.000000	0.000000	0.000000	0.000000	0.000000	0.000000
102	tsk_102	(x)	1	:	0.000000	0.000000	0.000000	0.000000	0.000007	0.000000	0.000000	0.500773	0.000000	0.499219	0.000000	0.000000	0.000000	0.000000
103	tsk_103	(x)	1	:	0.000000	0.000000	0.494743	0.435156	0.000000	0.000000	0.000000	0.007156	0.000000	0.062945	0.000000	0.000000	0.000000	0.000000
104	tsk_104	(x)	1	:	0.000000	0.000000	0.000000	0.000000	0.000007	0.000000	0.000000	0.500773	0.000000	0.499219	0.000000	0.000000	0.000000	0.000000
105	tsk_105	(x)	1	:	0.000000	0.000000	0.491303	0.000000	0.000000	0.000000	0.495689	0.013008	0.000000	0.000000	0.000000	0.000000	0.000000	0.000000
106	tsk_106	(x)	1	:	0.000000	0.000000	0.525841	0.000000	0.452633	0.000000	0.000000	0.021526	0.000000	0.000000	0.000000	0.000000	0.000000	0.000000
107	tsk_107	(x)	1	:	0.000000	0.000000	0.000000	0.000000	0.000005	0.000000	0.000000	0.486797	0.000000	0.000000	0.000000	0.513198	0.000000	0.000000
108	tsk_108	(x)	1	:	0.000000	0.000000	0.491642	0.000000	0.000000	0.000000	0.495856	0.012502	0.000000	0.000000	0.000000	0.000000	0.000000	0.000000
109	tsk_109	(x)	1	:	0.000000	0.000000	0.493152	0.000000	0.000000	0.000000	0.000000	0.008380	0.000000	0.498467	0.000000	0.000000	0.000000	0.000000
110	tsk_110	(x)	1	:	0.496339	0.000000	0.000000	0.000000	0.000000	0.000000	0.496339	0.007323	0.000000	0.000000	0.000000	0.000000	0.000000	0.000000
111	tsk_111	(x)	1	:	0.496359	0.000000	0.000000	0.000000	0.000000	0.000000	0.496359	0.007281	0.000000	0.000000	0.000000	0.000000	0.000000	0.000000
112	tsk_112	(x)	1	:	0.000000	0.000000	0.000000	0.000000	0.000000	0.000000	0.486803	0.000000	0.000000	0.000000	0.000000	0.513197	0.000000	0.000000
113	tsk_113	(x)	1	:	0.000000	0.000000	0.000000	0.000000	0.506017	0.000000	0.493931	0.000052	0.000000	0.000000	0.000000	0.000000	0.000000	0.000000
114	tsk_114	(x)	1	:	0.500006	0.000000	0.000000	0.000000	0.000010	0.000000	0.000000	0.499984	0.000000	0.000000	0.000000	0.000000	0.000000	0.000000
115	tsk_115	(x)	1	:	0.000000	0.000000	0.000000	0.000000	0.506029	0.000000	0.493934	0.000037	0.000000	0.000000	0.000000	0.000000	0.000000	0.000000
116	tsk_116	(x)	1	:	0.000000	0.000000	0.000000	0.000000	0.000000	0.000000	0.497196	0.004205	0.000000	0.498599	0.000000	0.000000	0.000000	0.000000
117	tsk_117	(x)	1	:	0.000000	0.000000	0.000000	0.000000	0.000000	0.000000	0.181881	0.499682	0.000000	0.000000	0.318436	0.000000	0.000000	0.000000
118	tsk_118	(x)	1	:	0.000000	0.000000	0.000000	0.000000	0.000000	0.000000	0.500001	0.441063	0.000000	0.000000	0.000000	0.000000	0.058936	0.000000
119	tsk_119	(x)	1	:	0.496495	0.000000	0.000000	0.000000	0.000000	0.000000	0.496495	0.007010	0.000000	0.000000	0.000000	0.000000	0.000000	0.000000
120	tsk_120	(x)	1	:	0.000000	0.000000	0.000000	0.000000	0.000000	0.000000	0.000000	0.500773	0.000000	0.499226	0.000000	0.000000	0.000000	0.000000
121	tsk_121	(x)	1	:	0.000000	1.000000	0.000000	0.000000	0.000000	0.000000	0.000000	0.000000	0.000000	0.000000	0.000000	0.000000	0.000000	0.000000
122	tsk_122	(x)	1	:	0.008059	0.492337	0.000000	0.000000	0.000000	0.000000	0.496597	0.003007	0.000000	0.000000	0.000000	0.000000	0.000000	0.000000
123	tsk_123	(x)	1	:	0.000000	0.000000	0.000000	0.000000	0.000000	0.000000	0.000000	1.000000	0.000000	0.000000	0.000000	0.000000	0.000000	0.000000
124	tsk_124	(x)	1	:	0.000000	0.000000	0.000000	0.000000	0.000000	0.000000	0.500000	0.500000	0.000000	0.000000	0.000000	0.000000	0.000000	0.000000
125	tsk_125	(x)	1	:	0.000000	0.000000	0.000000	0.304723	0.000004	0.000000	0.000000	0.500871	0.000000	0.194401	0.000000	0.000000	0.000000	0.000000
126	tsk_126	(x)	1	:	0.000000	0.000000	0.000000	0.000000	0.000003	0.000000	0.500001	0.499996	0.000000	0.000000	0.000000	0.000000	0.000000	0.000000
127	tsk_127	(x)	1	:	0.006111	0.494313	0.000000	0.000000	0.000000	0.000000	0.000000	0.000888	0.000000	0.498688	0.000000	0.000000	0.000000	0.000000
128	tsk_128	(x)	1	:	0.000000	0.000000	0.000000	0.000000	0.000000	0.495117	0.000000	0.504883	0.000000	0.000000	0.000000	0.000000	0.000000	0.000000
129	tsk_129	(x)	1	:	0.000000	0.000000	0.000000	0.000000	0.000000	0.000000	1.000000	0.000000	0.000000	0.000000	0.000000	0.000000	0.000000	0.000000
130	tsk_130	(x)	1	:	0.000000	0.000000	0.000000	0.000000	0.000000	0.000000	0.000000	0.000000	0.000000	0.364308	0.000000	0.000000	0.000000	0.635692
131	tsk_131	(x)	1	:	0.000000	0.000000	0.498618	0.000000	0.000000	0.000000	0.054150	0.000960	0.000000	0.000000	0.446271	0.000000	0.000000	0.000000
132	tsk_132	(x)	1	:	0.000000	0.000000	0.492395	0.000000	0.000000	0.000000	0.000000	0.009219	0.000000	0.498385	0.000000	0.000000	0.000000	0.000000
133	tsk_133	(x)	1	:	0.000000	0.000000	0.492226	0.000000	0.000000	0.000000	0.000000	0.015548	0.492226	0.000000	0.000000	0.000000	0.000000	0.000000
134	tsk_134	(x)	1	:	0.000000	0.000000	0.000000	0.000000	0.000000	0.000000	0.000000	0.000000	0.000000	0.000000	0.000000	0.000000	0.000000	1.000000
135	tsk_135	(x)	1	:	0.000000	0.000000	0.000000	0.000000	0.000000	0.000000	0.000000	0.007474	0.493970	0.498556	0.000000	0.000000	0.000000	0.000000
136	tsk_136	(x)	1	:	0.000000	0.000000	0.000000	0.435447	0.000000	0.000000	0.000000	0.008040	0.493973	0.062540	0.000000	0.000000	0.000000	0.000000
137	tsk_137	(x)	1	:	0.000000	0.000000	0.000000	0.000000	0.000000	0.000000	1.000000	0.000000	0.000000	0.000000	0.000000	0.000000	0.000000	0.000000
138	tsk_138	(x)	1	:	0.000000	0.000000	0.492115	0.000000	0.000000	0.000000	0.000000	0.015771	0.492115	0.000000	0.000000	0.000000	0.000000	0.000000
139	tsk_139	(x)	1	:	0.000000	0.000000	0.000000	0.000000	0.000000	0.000000	0.551946	0.000000	0.000000	0.000000	0.448054	0.000000	0.000000	0.000000
140	tsk_140	(x)	1	:	0.000000	0.000000	0.000000	0.000000	0.000004	0.000000	0.000000	0.500777	0.000000	0.499219	0.000000	0.000000	0.000000	0.000000
141	tsk_141	(x)	1	:	0.000000	0.000000	0.000000	0.000000	0.000000	0.000000	0.000000	0.007759	0.493712	0.498528	0.000000	0.000000	0.000000	0.000000
142	tsk_142	(x)	1	:	0.000000	0.000000	0.498931	0.000000	0.000000	0.000000	0.000000	0.001920	0.000000	0.000000	0.000000	0.000000	0.499149	0.000000
143	tsk_143	(x)	1	:	0.000000	0.000000	0.000000	0.000000	0.000000	0.000000	0.000000	0.007465	0.493977	0.498557	0.000000	0.000000	0.000000	0.000000
144	tsk_144	(x)	1	:	0.000000	0.000000	0.492677	0.000000	0.000000	0.000000	0.000000	0.014646	0.492677	0.000000	0.000000	0.000000	0.000000	0.000000
145	tsk_145	(x)	1	:	0.000000	0.000000	0.492384	0.000000	0.000000	0.000000	0.000000	0.015232	0.492384	0.000000	0.000000	0.000000	0.000000	0.000000
146	tsk_146	(x)	1	:	0.000000	0.000000	0.000000	0.000000	0.000000	0.000000	0.496898	0.004568	0.000000	0.498533	0.000000	0.000000	0.000000	0.000000
147	tsk_147	(x)	1	:	0.000000	0.000000	0.490848	0.000000	0.000000	0.000000	0.000000	0.000251	0.000000	0.000000	0.000000	0.000000	0.000000	0.508900
148	tsk_148	(x)	1	:	0.000000	0.000000	0.492376	0.000000	0.000000	0.000000	0.000000	0.015248	0.492376	0.000000	0.000000	0.000000	0.000000	0.000000
149	tsk_149	(x)	1	:	0.000000	0.000000	0.000000	0.000000	0.000000	0.000000	0.496233	0.011358	0.492409	0.000000	0.000000	0.000000	0.000000	0.000000
