logL = -990.481626 (converged)
AIC = 5926.963251
BIC = 11866.946686

count.K
13 3 6 7 4 54 21 2 10 4 26 

