logL = -1540.776373 (converged)
AIC = 4389.552746
BIC = 6358.508228

count.K
22 24 20 84 

