logL = -2661.631441 (converged)
AIC = 6647.262881
BIC = 8640.303446

count.K
77 25 30 18 

