logL = -2246.697835 (converged)
AIC = 5441.395669
BIC = 6868.436798

count.K
83 24 43 

