logL = -1318.481253 (converged)
AIC = 5810.962507
BIC = 10588.840718

count.K
27 26 11 19 7 4 21 4 31 

