logL = -1788.820536 (converged)
AIC = 8221.641072
BIC = 15212.336225

count.K
1 25 22 21 16 0 13 22 0 3 12 15 

