logL = -931.379064 (converged)
AIC = 6074.758128
BIC = 12415.156058

count.K
6 39 2 10 8 1 1 31 30 2 16 4 

