logL = -3522.996496 (converged)
AIC = 7585.992992
BIC = 8398.864521

count.K
56 94 

