logL = -1134.755211 (converged)
AIC = 7345.510422
BIC = 14986.502799

count.K
11 13 3 10 4 7 2 32 10 5 2 20 5 26 

