logL = -1319.655272 (converged)
AIC = 6099.310543
BIC = 11307.709602

count.K
4 23 3 31 5 28 7 28 13 8 

