logL = -1709.310845 (converged)
AIC = 4252.621689
BIC = 5508.056607

count.K
58 32 60 

