logL = -2792.333524 (converged)
AIC = 9484.667048
BIC = 15355.405871

count.K
0 6 19 1 7 35 10 11 23 38 

