logL = -1232.932293 (converged)
AIC = 6279.864586
BIC = 12021.146092

count.K
12 51 22 4 4 22 0 19 7 6 3 

