0	tsk_0	(x)	1	:	0.000016	0.486926	0.000000	0.000000	0.000000	0.000000	0.014210	0.498847	0.000000
1	tsk_1	(x)	1	:	0.000143	0.000055	0.000000	0.000088	0.473975	0.000000	0.025542	0.500198	0.000000
2	tsk_2	(x)	1	:	0.000095	0.000003	0.528279	0.000145	0.471477	0.000000	0.000000	0.000000	0.000000
3	tsk_3	(x)	1	:	0.000015	0.486937	0.000001	0.000001	0.000000	0.000000	0.014153	0.498895	0.000000
4	tsk_4	(x)	1	:	0.000000	0.000000	0.512874	0.000000	0.000000	0.000000	0.000000	0.000000	0.487126
5	tsk_5	(x)	1	:	0.000149	0.000003	0.528276	0.000122	0.471450	0.000000	0.000000	0.000000	0.000000
6	tsk_6	(x)	1	:	0.000020	0.486961	0.000000	0.000000	0.000000	0.000000	0.013997	0.499022	0.000000
7	tsk_7	(x)	1	:	0.000017	0.486948	0.000000	0.000001	0.000000	0.000000	0.014078	0.498956	0.000000
8	tsk_8	(x)	1	:	0.000000	0.000000	0.512874	0.000000	0.000000	0.000000	0.000000	0.000000	0.487126
9	tsk_9	(x)	1	:	0.000000	0.000000	0.000000	0.000000	0.000000	0.000000	0.507261	0.000000	0.492739
10	tsk_10	(x)	1	:	0.000000	0.000000	1.000000	0.000000	0.000000	0.000000	0.000000	0.000000	0.000000
11	tsk_11	(x)	1	:	0.000146	0.000003	0.528279	0.000092	0.471480	0.000000	0.000000	0.000000	0.000000
12	tsk_12	(x)	1	:	0.000000	0.508422	0.491577	0.000000	0.000000	0.000000	0.000000	0.000000	0.000000
13	tsk_13	(x)	1	:	0.000000	0.508422	0.491577	0.000000	0.000000	0.000000	0.000000	0.000000	0.000000
14	tsk_14	(x)	1	:	0.000000	0.508422	0.491577	0.000000	0.000000	0.000000	0.000000	0.000000	0.000000
15	tsk_15	(x)	1	:	0.000000	0.000000	0.000000	0.000000	0.000015	0.000000	0.000000	0.000000	0.999985
16	tsk_16	(x)	1	:	0.000000	0.508422	0.491577	0.000000	0.000000	0.000000	0.000000	0.000000	0.000000
17	tsk_17	(x)	1	:	0.000000	0.000000	0.507116	0.000000	0.000000	0.000000	0.492884	0.000000	0.000000
18	tsk_18	(x)	1	:	0.000000	0.508422	0.491577	0.000000	0.000000	0.000000	0.000000	0.000000	0.000000
19	tsk_19	(x)	1	:	0.000000	0.000000	0.000000	0.000000	0.646319	0.000000	0.000000	0.000000	0.353681
20	tsk_20	(x)	1	:	0.409499	0.590501	0.000000	0.000000	0.000000	0.000000	0.000000	0.000000	0.000000
21	tsk_21	(x)	1	:	0.000000	0.000000	0.000000	0.000000	0.000000	0.000000	0.000000	1.000000	0.000000
22	tsk_22	(x)	1	:	0.000000	0.000000	0.000000	0.000000	0.000000	0.000000	0.504189	0.495811	0.000000
23	tsk_23	(x)	1	:	0.000000	0.517109	0.000000	0.000000	0.000000	0.000000	0.000644	0.482247	0.000000
24	tsk_24	(x)	1	:	0.000000	0.539527	0.460472	0.000000	0.000000	0.000000	0.000001	0.000000	0.000000
25	tsk_25	(x)	1	:	0.000000	0.517101	0.000000	0.000000	0.000000	0.000000	0.000688	0.482211	0.000000
26	tsk_26	(x)	1	:	0.000000	1.000000	0.000000	0.000000	0.000000	0.000000	0.000000	0.000000	0.000000
27	tsk_27	(x)	1	:	0.000150	0.000053	0.000000	0.000064	0.474010	0.000000	0.025436	0.500286	0.000000
28	tsk_28	(x)	1	:	0.000000	0.000000	0.000000	0.000000	0.000000	0.000000	0.000000	1.000000	0.000000
29	tsk_29	(x)	1	:	0.000000	0.520141	0.000000	0.000000	0.000000	0.000000	0.479859	0.000000	0.000000
30	tsk_30	(x)	1	:	0.249165	0.285266	0.000000	0.000000	0.000000	0.465569	0.000000	0.000000	0.000000
31	tsk_31	(x)	1	:	0.000000	0.000000	0.523486	0.000000	0.000000	0.476514	0.000000	0.000000	0.000000
32	tsk_32	(x)	1	:	0.000000	0.000000	0.000000	0.000000	0.000000	0.490406	0.011557	0.498037	0.000000
33	tsk_33	(x)	1	:	0.232513	0.263527	0.503960	0.000000	0.000000	0.000000	0.000000	0.000000	0.000000
34	tsk_34	(x)	1	:	0.000000	0.000000	0.000000	0.000000	0.000000	0.000000	1.000000	0.000000	0.000000
35	tsk_35	(x)	1	:	0.000000	0.000000	0.523700	0.000000	0.000000	0.000000	0.000000	0.000000	0.476300
36	tsk_36	(x)	1	:	0.000000	0.000000	0.000000	0.000000	0.000000	0.000000	1.000000	0.000000	0.000000
37	tsk_37	(x)	1	:	0.000106	0.000003	0.519377	0.000053	0.480462	0.000000	0.000000	0.000000	0.000000
38	tsk_38	(x)	1	:	0.000000	0.000000	0.000000	0.000000	0.000000	0.000000	0.507261	0.000000	0.492739
39	tsk_39	(x)	1	:	0.250667	0.287238	0.000000	0.000000	0.000000	0.000000	0.000000	0.000000	0.462095
40	tsk_40	(x)	1	:	0.000000	0.000000	0.000000	0.000000	0.000000	0.000000	0.000071	0.525712	0.474218
41	tsk_41	(x)	1	:	0.000000	0.000000	0.000000	0.000000	0.000000	0.000000	0.000071	0.525711	0.474217
42	tsk_42	(x)	1	:	0.000000	0.000000	0.000000	0.000000	0.000000	0.519529	0.480471	0.000000	0.000000
43	tsk_43	(x)	1	:	0.000000	0.454220	0.000000	0.000000	0.000041	0.000000	0.000000	0.000000	0.545739
44	tsk_44	(x)	1	:	0.000000	0.000000	0.000000	0.457382	0.000027	0.000000	0.000000	0.000000	0.542590
45	tsk_45	(x)	1	:	0.000000	0.000000	0.000000	0.000000	0.000000	0.000000	0.507261	0.000000	0.492739
46	tsk_46	(x)	1	:	0.000000	0.000000	0.000000	1.000000	0.000000	0.000000	0.000000	0.000000	0.000000
47	tsk_47	(x)	1	:	0.000000	0.000000	0.000000	0.000000	0.000000	0.498180	0.000000	0.000000	0.501820
48	tsk_48	(x)	1	:	0.000009	0.464060	0.000000	0.000000	0.000000	0.535931	0.000000	0.000000	0.000000
49	tsk_49	(x)	1	:	0.000000	0.000000	0.000000	0.000000	0.338207	0.000000	0.000000	0.000000	0.661793
50	tsk_50	(x)	1	:	0.545346	0.454653	0.000000	0.000000	0.000000	0.000000	0.000000	0.000000	0.000000
51	tsk_51	(x)	1	:	0.000022	0.486450	0.000000	0.000001	0.000000	0.000000	0.513528	0.000000	0.000000
52	tsk_52	(x)	1	:	0.000000	0.000000	0.000000	0.000000	0.000000	0.000000	0.507261	0.000000	0.492739
53	tsk_53	(x)	1	:	0.000012	0.486919	0.000000	0.000001	0.000000	0.000000	0.014267	0.498801	0.000000
54	tsk_54	(x)	1	:	0.000000	0.000000	0.000000	0.000000	0.000000	0.000000	0.504189	0.495811	0.000000
55	tsk_55	(x)	1	:	0.000000	0.000000	0.000000	0.000000	0.000000	0.000000	1.000000	0.000000	0.000000
56	tsk_56	(x)	1	:	0.000000	0.000000	0.000000	0.000000	0.000000	0.000000	0.507261	0.000000	0.492739
57	tsk_57	(x)	1	:	0.000000	0.000000	0.000000	0.000000	0.000000	0.000000	0.000000	0.000000	1.000000
58	tsk_58	(x)	1	:	0.000000	0.000000	0.000000	0.000000	0.000000	0.000000	0.000000	0.000000	1.000000
59	tsk_59	(x)	1	:	0.000000	0.000000	0.506203	0.000000	0.000000	0.000000	0.002869	0.490928	0.000000
60	tsk_60	(x)	1	:	0.000030	0.000000	0.485551	0.514418	0.000000	0.000000	0.000000	0.000000	0.000000
61	tsk_61	(x)	1	:	0.000000	0.000000	0.000000	0.000000	1.000000	0.000000	0.000000	0.000000	0.000000
62	tsk_62	(x)	1	:	0.000088	0.000007	0.000000	0.559993	0.439912	0.000000	0.000000	0.000000	0.000000
63	tsk_63	(x)	1	:	0.000003	0.000000	0.000000	0.487813	0.000000	0.000000	0.512184	0.000000	0.000000
64	tsk_64	(x)	1	:	0.000000	0.000000	0.000000	1.000000	0.000000	0.000000	0.000000	0.000000	0.000000
65	tsk_65	(x)	1	:	0.000174	0.000076	0.000000	0.000119	0.473162	0.000000	0.526469	0.000000	0.000000
66	tsk_66	(x)	1	:	0.000000	0.517125	0.000000	0.000000	0.000000	0.000000	0.000545	0.482330	0.000000
67	tsk_67	(x)	1	:	0.000005	0.000000	0.000000	0.000000	0.999901	0.000000	0.000000	0.000000	0.000094
68	tsk_68	(x)	1	:	0.000000	0.000000	0.483631	0.000000	0.000000	0.000000	0.000000	0.000000	0.516369
69	tsk_69	(x)	1	:	0.000005	0.000000	0.000000	0.487811	0.000000	0.000000	0.512184	0.000000	0.000000
70	tsk_70	(x)	1	:	0.000059	0.000000	0.526883	0.000024	0.151165	0.000000	0.000000	0.000000	0.321869
71	tsk_71	(x)	1	:	0.468260	0.000000	0.531740	0.000000	0.000000	0.000000	0.000000	0.000000	0.000000
72	tsk_72	(x)	1	:	0.000000	0.000000	0.519084	0.000000	0.000000	0.480916	0.000000	0.000000	0.000000
73	tsk_73	(x)	1	:	0.000000	0.000000	0.000000	0.000000	0.000000	0.490400	0.011589	0.498011	0.000000
74	tsk_74	(x)	1	:	0.000000	0.000000	0.000000	0.000000	0.551178	0.448822	0.000000	0.000000	0.000000
75	tsk_75	(x)	1	:	0.520626	0.000000	0.000000	0.000000	0.000000	0.000000	0.000359	0.479015	0.000000
76	tsk_76	(x)	1	:	0.000000	0.000000	0.000000	0.000000	0.519770	0.480230	0.000000	0.000000	0.000000
77	tsk_77	(x)	1	:	0.520627	0.000000	0.000000	0.000000	0.000000	0.000000	0.000355	0.479018	0.000000
78	tsk_78	(x)	1	:	0.000000	0.000000	0.000000	0.000000	0.000000	1.000000	0.000000	0.000000	0.000000
79	tsk_79	(x)	1	:	0.496262	0.000000	0.000000	0.000000	0.000000	0.000000	0.007766	0.495972	0.000000
80	tsk_80	(x)	1	:	0.000255	0.554072	0.000000	0.000098	0.445573	0.000000	0.000000	0.000000	0.000002
81	tsk_81	(x)	1	:	0.000482	0.000006	0.497198	0.000144	0.502170	0.000000	0.000000	0.000000	0.000000
82	tsk_82	(x)	1	:	0.000000	0.000000	0.000000	0.000000	0.000000	0.490405	0.011565	0.498031	0.000000
83	tsk_83	(x)	1	:	0.000000	0.000000	0.000000	0.000000	0.000000	1.000000	0.000000	0.000000	0.000000
84	tsk_84	(x)	1	:	0.000000	0.000000	0.000000	0.000000	0.000000	1.000000	0.000000	0.000000	0.000000
85	tsk_85	(x)	1	:	0.000112	0.000010	0.000000	0.000108	0.480993	0.518778	0.000000	0.000000	0.000000
86	tsk_86	(x)	1	:	0.000154	0.000004	0.000000	0.000101	0.480967	0.518774	0.000000	0.000000	0.000000
87	tsk_87	(x)	1	:	0.000000	0.000000	0.000000	0.000000	0.000000	0.490401	0.011585	0.498014	0.000000
88	tsk_88	(x)	1	:	0.000164	0.000069	0.000000	0.000090	0.473202	0.000000	0.526474	0.000000	0.000000
89	tsk_89	(x)	1	:	0.507197	0.000000	0.000000	0.000000	0.000000	0.492802	0.000000	0.000000	0.000000
90	tsk_90	(x)	1	:	0.496421	0.000000	0.000000	0.000000	0.000000	0.000000	0.503579	0.000000	0.000000
91	tsk_91	(x)	1	:	0.496421	0.000000	0.000000	0.000000	0.000000	0.000000	0.503579	0.000000	0.000000
92	tsk_92	(x)	1	:	0.496421	0.000000	0.000000	0.000000	0.000000	0.000000	0.503579	0.000000	0.000000
93	tsk_93	(x)	1	:	0.496421	0.000000	0.000000	0.000000	0.000000	0.000000	0.503579	0.000000	0.000000
94	tsk_94	(x)	1	:	0.496280	0.000000	0.000000	0.000000	0.000000	0.000000	0.007667	0.496053	0.000000
95	tsk_95	(x)	1	:	0.000000	0.000000	0.000000	0.000000	0.000000	0.000000	1.000000	0.000000	0.000000
96	tsk_96	(x)	1	:	0.000000	0.000000	0.507116	0.000000	0.000000	0.000000	0.492884	0.000000	0.000000
97	tsk_97	(x)	1	:	0.000000	0.000000	0.000000	0.000000	0.000000	0.000000	0.504189	0.495811	0.000000
98	tsk_98	(x)	1	:	0.496421	0.000000	0.000000	0.000000	0.000000	0.000000	0.503579	0.000000	0.000000
99	tsk_99	(x)	1	:	0.000000	0.000000	0.000000	0.000000	0.000000	0.490390	0.011648	0.497962	0.000000
100	tsk_100	(x)	1	:	0.507197	0.000000	0.000000	0.000000	0.000000	0.492802	0.000000	0.000000	0.000000
101	tsk_101	(x)	1	:	0.000000	0.000000	0.000000	0.000000	0.000000	1.000000	0.000000	0.000000	0.000000
102	tsk_102	(x)	1	:	0.362649	0.000000	0.000000	0.000000	0.637351	0.000000	0.000000	0.000000	0.000000
103	tsk_103	(x)	1	:	0.000000	0.000000	0.477500	0.000000	0.522500	0.000000	0.000000	0.000000	0.000000
104	tsk_104	(x)	1	:	0.000012	0.486916	0.000000	0.000001	0.000000	0.000000	0.014288	0.498783	0.000000
105	tsk_105	(x)	1	:	0.362649	0.000000	0.000000	0.000000	0.637351	0.000000	0.000000	0.000000	0.000000
106	tsk_106	(x)	1	:	0.000000	0.000000	0.523486	0.000000	0.000000	0.476514	0.000000	0.000000	0.000000
107	tsk_107	(x)	1	:	0.000000	0.000000	0.000000	0.000000	1.000000	0.000000	0.000000	0.000000	0.000000
108	tsk_108	(x)	1	:	0.220350	0.015065	0.000000	0.065383	0.000203	0.000000	0.000000	0.000000	0.699000
109	tsk_109	(x)	1	:	0.507197	0.000000	0.000000	0.000000	0.000000	0.492803	0.000000	0.000000	0.000000
110	tsk_110	(x)	1	:	0.000000	0.000000	0.000000	0.000000	0.000000	0.518132	0.481868	0.000000	0.000000
111	tsk_111	(x)	1	:	0.000000	0.000000	0.507116	0.000000	0.000000	0.000000	0.492884	0.000000	0.000000
112	tsk_112	(x)	1	:	0.000018	0.465600	0.000000	0.000000	0.000000	0.534382	0.000000	0.000000	0.000000
113	tsk_113	(x)	1	:	0.000000	0.000000	0.000000	0.000000	0.000000	0.000000	1.000000	0.000000	0.000000
114	tsk_114	(x)	1	:	0.000001	0.000000	0.000000	0.457383	0.000026	0.000000	0.000000	0.000000	0.542591
115	tsk_115	(x)	1	:	0.000020	0.486452	0.000000	0.000000	0.000000	0.000000	0.513528	0.000000	0.000000
116	tsk_116	(x)	1	:	0.000005	0.000000	0.000000	0.487811	0.000000	0.000000	0.512184	0.000000	0.000000
117	tsk_117	(x)	1	:	0.000000	0.000000	0.000000	0.000000	0.000000	0.000000	1.000000	0.000000	0.000000
118	tsk_118	(x)	1	:	0.115735	0.009868	0.000000	0.012376	0.862021	0.000000	0.000000	0.000000	0.000000
119	tsk_119	(x)	1	:	0.000034	0.494183	0.000000	0.505783	0.000000	0.000000	0.000000	0.000000	0.000000
120	tsk_120	(x)	1	:	0.477867	0.000000	0.000000	0.000000	0.000006	0.000000	0.000000	0.000000	0.522127
121	tsk_121	(x)	1	:	0.000000	0.000000	0.000000	0.000000	0.000000	0.000000	0.000000	1.000000	0.000000
122	tsk_122	(x)	1	:	0.000102	0.000070	0.000000	0.000098	0.474020	0.000000	0.025360	0.500349	0.000000
123	tsk_123	(x)	1	:	0.000101	0.513238	0.486653	0.000009	0.000000	0.000000	0.000000	0.000000	0.000000
124	tsk_124	(x)	1	:	0.477866	0.000000	0.000000	0.000000	0.000008	0.000000	0.000000	0.000000	0.522126
125	tsk_125	(x)	1	:	0.000000	0.000000	0.000000	0.000000	0.000000	0.490383	0.011682	0.497934	0.000000
126	tsk_126	(x)	1	:	0.000000	0.000000	0.000000	0.000000	0.000000	0.000000	0.000000	1.000000	0.000000
127	tsk_127	(x)	1	:	0.000000	0.000000	0.000000	0.000000	0.000000	0.514704	0.000974	0.484322	0.000000
128	tsk_128	(x)	1	:	0.000000	0.000000	0.478204	0.000000	0.000000	0.000000	0.021640	0.500156	0.000000
129	tsk_129	(x)	1	:	0.496279	0.000000	0.000000	0.000000	0.000000	0.000000	0.007671	0.496049	0.000000
130	tsk_130	(x)	1	:	0.000000	0.000000	0.000000	0.660630	0.339370	0.000000	0.000000	0.000000	0.000000
131	tsk_131	(x)	1	:	0.000000	0.000000	1.000000	0.000000	0.000000	0.000000	0.000000	0.000000	0.000000
132	tsk_132	(x)	1	:	0.000000	0.000000	0.000000	0.450525	0.549475	0.000000	0.000000	0.000000	0.000000
133	tsk_133	(x)	1	:	0.000000	0.000000	0.000000	0.635391	0.000801	0.000000	0.000000	0.000000	0.363807
134	tsk_134	(x)	1	:	0.000000	0.000000	0.000000	1.000000	0.000000	0.000000	0.000000	0.000000	0.000000
135	tsk_135	(x)	1	:	0.000000	0.000000	0.000000	0.635437	0.000662	0.000000	0.000000	0.000000	0.363901
136	tsk_136	(x)	1	:	0.000000	0.000000	0.459932	0.540068	0.000000	0.000000	0.000000	0.000000	0.000000
137	tsk_137	(x)	1	:	0.000109	0.000003	0.476229	0.000091	0.173596	0.000000	0.000000	0.000000	0.349972
138	tsk_138	(x)	1	:	0.000000	0.000000	0.000000	1.000000	0.000000	0.000000	0.000000	0.000000	0.000000
139	tsk_139	(x)	1	:	0.000021	0.000000	0.485552	0.514426	0.000000	0.000000	0.000000	0.000000	0.000000
140	tsk_140	(x)	1	:	0.000000	0.000000	0.000000	0.000000	0.000039	0.000000	0.000000	0.000000	0.999961
141	tsk_141	(x)	1	:	0.000000	0.000000	0.000000	0.000015	0.049118	0.464708	0.000000	0.000000	0.486159
142	tsk_142	(x)	1	:	0.000000	0.000000	0.000000	0.000000	0.521143	0.478857	0.000000	0.000000	0.000000
143	tsk_143	(x)	1	:	0.507197	0.000000	0.000000	0.000000	0.000000	0.492802	0.000000	0.000000	0.000000
144	tsk_144	(x)	1	:	0.000000	0.000000	0.000000	0.000000	0.396948	0.000000	0.000000	0.000000	0.603052
145	tsk_145	(x)	1	:	0.000000	0.000000	0.512874	0.000000	0.000000	0.000000	0.000000	0.000000	0.487126
146	tsk_146	(x)	1	:	0.000000	0.000000	0.000000	0.000000	0.000031	0.000000	0.000000	0.000000	0.999969
147	tsk_147	(x)	1	:	0.000043	0.000002	0.506711	0.000050	0.159919	0.000000	0.000000	0.000000	0.333274
148	tsk_148	(x)	1	:	0.000000	0.000000	0.000000	0.556470	0.000000	0.000000	0.000000	0.000000	0.443530
149	tsk_149	(x)	1	:	0.000000	0.000000	0.000000	0.000000	0.000000	0.000000	0.000000	0.000000	1.000000
