logL = -1966.846043 (converged)
AIC = 5985.692085
BIC = 9074.603897

count.K
12 44 14 30 30 20 

