logL = -448.935527 (converged)
AIC = 5037.871054
BIC = 11269.886113

count.K
4 30 9 7 15 0 9 33 5 4 7 27 

