logL = -1157.713228 (converged)
AIC = 3855.426456
BIC = 6173.615632

count.K
3 61 36 24 26 

