0	tsk_0	(x)	1	:	0.000000	0.300207	0.000000	0.332013	0.000000	0.367780	0.000000
1	tsk_1	(x)	1	:	0.000000	0.000000	0.000000	0.000000	0.000000	0.000000	1.000000
2	tsk_2	(x)	1	:	0.000000	0.280378	0.000000	0.328325	0.000000	0.326867	0.064430
3	tsk_3	(x)	1	:	0.000000	0.460982	0.000000	0.334954	0.000000	0.204064	0.000000
4	tsk_4	(x)	1	:	0.000000	0.262197	0.000000	0.362622	0.000000	0.000000	0.375181
5	tsk_5	(x)	1	:	0.000000	0.291312	0.000000	0.283668	0.000000	0.425020	0.000000
6	tsk_6	(x)	1	:	0.000000	0.337687	0.000000	0.237293	0.000000	0.425020	0.000000
7	tsk_7	(x)	1	:	0.000000	0.000000	0.000000	0.000000	0.000000	0.000000	1.000000
8	tsk_8	(x)	1	:	0.000000	0.000000	0.000001	0.000000	0.000000	0.152045	0.847954
9	tsk_9	(x)	1	:	0.000000	0.230766	0.000000	0.565171	0.000000	0.204063	0.000000
10	tsk_10	(x)	1	:	0.528080	0.003338	0.000000	0.004523	0.000000	0.000000	0.464059
11	tsk_11	(x)	1	:	0.000000	0.272833	0.000000	0.106882	0.000000	0.620285	0.000000
12	tsk_12	(x)	1	:	0.000000	0.146078	0.000000	0.853922	0.000000	0.000000	0.000000
13	tsk_13	(x)	1	:	0.000000	0.412086	0.000000	0.383851	0.000000	0.204064	0.000000
14	tsk_14	(x)	1	:	0.000000	0.307816	0.000000	0.692184	0.000000	0.000000	0.000000
15	tsk_15	(x)	1	:	0.528080	0.004334	0.000000	0.003522	0.000000	0.000000	0.464063
16	tsk_16	(x)	1	:	0.486951	0.000000	0.513049	0.000000	0.000000	0.000000	0.000000
17	tsk_17	(x)	1	:	0.557369	0.000108	0.000000	0.000244	0.000000	0.000000	0.442279
18	tsk_18	(x)	1	:	0.000000	0.000000	0.481510	0.000000	0.000000	0.000000	0.518489
19	tsk_19	(x)	1	:	0.515800	0.026922	0.000000	0.131771	0.325506	0.000000	0.000000
20	tsk_20	(x)	1	:	0.000000	0.210983	0.000000	0.789017	0.000000	0.000000	0.000000
21	tsk_21	(x)	1	:	0.000000	0.000000	0.000000	0.000000	0.000000	0.000000	1.000000
22	tsk_22	(x)	1	:	0.000000	0.228650	0.000000	0.396168	0.000000	0.000000	0.375182
23	tsk_23	(x)	1	:	0.000000	0.208152	0.000000	0.173275	0.000000	0.000000	0.618573
24	tsk_24	(x)	1	:	0.000000	0.265022	0.000000	0.734978	0.000000	0.000000	0.000000
25	tsk_25	(x)	1	:	0.000000	0.183786	0.522089	0.294125	0.000000	0.000000	0.000000
26	tsk_26	(x)	1	:	0.000000	0.259289	0.000000	0.740711	0.000000	0.000000	0.000000
27	tsk_27	(x)	1	:	0.000000	0.481686	0.000000	0.143132	0.000001	0.000000	0.375182
28	tsk_28	(x)	1	:	0.000000	0.290469	0.000000	0.334349	0.000000	0.000000	0.375182
29	tsk_29	(x)	1	:	0.000000	0.259094	0.000000	0.122334	0.000000	0.000000	0.618573
30	tsk_30	(x)	1	:	0.000000	0.161600	0.522089	0.316311	0.000000	0.000000	0.000000
31	tsk_31	(x)	1	:	0.510716	0.000000	0.000000	0.000000	0.000000	0.489284	0.000000
32	tsk_32	(x)	1	:	0.000000	0.089334	0.000000	0.910666	0.000000	0.000000	0.000000
33	tsk_33	(x)	1	:	1.000000	0.000000	0.000000	0.000000	0.000000	0.000000	0.000000
34	tsk_34	(x)	1	:	0.000000	0.000000	1.000000	0.000000	0.000000	0.000000	0.000000
35	tsk_35	(x)	1	:	0.000000	0.156475	0.522089	0.321436	0.000000	0.000000	0.000000
36	tsk_36	(x)	1	:	0.000000	0.000000	1.000000	0.000000	0.000000	0.000000	0.000000
37	tsk_37	(x)	1	:	0.485162	0.000000	0.000000	0.000000	0.000000	0.000000	0.514838
38	tsk_38	(x)	1	:	0.000000	0.153189	0.522089	0.324722	0.000000	0.000000	0.000000
39	tsk_39	(x)	1	:	1.000000	0.000000	0.000000	0.000000	0.000000	0.000000	0.000000
40	tsk_40	(x)	1	:	0.000000	0.000000	0.224104	0.000000	0.000000	0.000000	0.775896
41	tsk_41	(x)	1	:	0.000000	0.000000	0.863845	0.000000	0.000000	0.000000	0.136154
42	tsk_42	(x)	1	:	0.000000	0.000000	0.481510	0.000000	0.000000	0.000000	0.518490
43	tsk_43	(x)	1	:	0.000000	0.000000	0.000000	0.000000	0.000000	0.000000	1.000000
44	tsk_44	(x)	1	:	0.000000	0.420732	0.000001	0.109826	0.000000	0.469441	0.000000
45	tsk_45	(x)	1	:	0.000000	0.000000	0.863843	0.000000	0.000000	0.000000	0.136156
46	tsk_46	(x)	1	:	0.000000	0.000000	0.481510	0.000000	0.000000	0.000000	0.518490
47	tsk_47	(x)	1	:	0.000000	0.000000	0.459152	0.000000	0.000000	0.526495	0.014353
48	tsk_48	(x)	1	:	0.494256	0.110039	0.000000	0.395696	0.000008	0.000000	0.000000
49	tsk_49	(x)	1	:	0.000000	0.000000	0.224103	0.000000	0.000000	0.000000	0.775897
50	tsk_50	(x)	1	:	0.000000	0.247203	0.000000	0.377615	0.000000	0.000000	0.375182
51	tsk_51	(x)	1	:	0.528079	0.003416	0.000000	0.004447	0.000001	0.000000	0.464057
52	tsk_52	(x)	1	:	0.524360	0.121333	0.000000	0.354306	0.000001	0.000000	0.000000
53	tsk_53	(x)	1	:	0.494255	0.139279	0.000000	0.366464	0.000001	0.000000	0.000000
54	tsk_54	(x)	1	:	0.000000	0.168792	0.000000	0.448821	0.000000	0.136739	0.245648
55	tsk_55	(x)	1	:	0.000000	0.111996	0.000000	0.624421	0.263583	0.000000	0.000000
56	tsk_56	(x)	1	:	0.000000	0.000000	0.000000	0.000000	0.000000	0.000000	1.000000
57	tsk_57	(x)	1	:	0.000000	0.267298	0.000000	0.357520	0.000000	0.000000	0.375182
58	tsk_58	(x)	1	:	0.000000	0.131514	0.000000	0.141756	0.351351	0.000000	0.375379
59	tsk_59	(x)	1	:	0.000000	0.259023	0.000000	0.365796	0.000000	0.000000	0.375182
60	tsk_60	(x)	1	:	0.494256	0.034642	0.000000	0.471099	0.000003	0.000000	0.000000
61	tsk_61	(x)	1	:	0.000000	0.239756	0.000000	0.141671	0.000000	0.000000	0.618573
62	tsk_62	(x)	1	:	0.494256	0.043601	0.000000	0.462141	0.000002	0.000000	0.000000
63	tsk_63	(x)	1	:	0.000000	0.285730	0.000000	0.095697	0.000000	0.000000	0.618573
64	tsk_64	(x)	1	:	0.000000	0.000000	0.398829	0.000000	0.000000	0.000000	0.601171
65	tsk_65	(x)	1	:	0.494256	0.044464	0.000000	0.461275	0.000005	0.000000	0.000000
66	tsk_66	(x)	1	:	0.494256	0.035157	0.000000	0.470584	0.000003	0.000000	0.000000
67	tsk_67	(x)	1	:	1.000000	0.000000	0.000000	0.000000	0.000000	0.000000	0.000000
68	tsk_68	(x)	1	:	0.524360	0.097430	0.000000	0.378205	0.000005	0.000000	0.000000
69	tsk_69	(x)	1	:	1.000000	0.000000	0.000000	0.000000	0.000000	0.000000	0.000000
70	tsk_70	(x)	1	:	0.000000	0.281194	0.000000	0.718806	0.000000	0.000000	0.000000
71	tsk_71	(x)	1	:	0.000000	0.000000	1.000000	0.000000	0.000000	0.000000	0.000000
72	tsk_72	(x)	1	:	0.000000	0.149178	0.522089	0.328732	0.000000	0.000000	0.000000
73	tsk_73	(x)	1	:	0.000000	0.000000	0.562933	0.000000	0.000000	0.000000	0.437067
74	tsk_74	(x)	1	:	0.000000	0.098446	0.522089	0.379465	0.000000	0.000000	0.000000
75	tsk_75	(x)	1	:	0.000000	0.000000	0.494618	0.000000	0.000000	0.000000	0.505382
76	tsk_76	(x)	1	:	0.000000	0.000000	0.693374	0.000000	0.000000	0.000000	0.306626
77	tsk_77	(x)	1	:	0.000000	0.325860	0.000000	0.298959	0.000000	0.000000	0.375182
78	tsk_78	(x)	1	:	0.000000	0.000000	1.000000	0.000000	0.000000	0.000000	0.000000
79	tsk_79	(x)	1	:	0.000000	0.353535	0.000000	0.646464	0.000000	0.000000	0.000000
80	tsk_80	(x)	1	:	0.000000	0.000000	1.000000	0.000000	0.000000	0.000000	0.000000
81	tsk_81	(x)	1	:	0.000000	0.233016	0.000000	0.384597	0.000000	0.136739	0.245649
82	tsk_82	(x)	1	:	0.000000	0.000000	0.000000	0.000000	0.000000	1.000000	0.000000
83	tsk_83	(x)	1	:	0.000000	0.000000	1.000000	0.000000	0.000000	0.000000	0.000000
84	tsk_84	(x)	1	:	0.000000	0.000000	0.548235	0.000000	0.000000	0.451765	0.000000
85	tsk_85	(x)	1	:	0.000000	0.000000	0.000000	0.000000	0.000000	1.000000	0.000000
86	tsk_86	(x)	1	:	0.000000	0.000000	0.000000	0.000000	0.000000	0.000000	1.000000
87	tsk_87	(x)	1	:	0.000000	0.000000	0.805626	0.000000	0.000000	0.194374	0.000000
88	tsk_88	(x)	1	:	0.000000	0.085322	0.000000	0.532291	0.000000	0.136739	0.245648
89	tsk_89	(x)	1	:	0.000000	0.374394	0.000001	0.156165	0.000000	0.469441	0.000000
90	tsk_90	(x)	1	:	0.455523	0.000000	0.000000	0.000000	0.000000	0.000000	0.544477
91	tsk_91	(x)	1	:	0.000000	0.275079	0.000000	0.255479	0.000000	0.469441	0.000000
92	tsk_92	(x)	1	:	1.000000	0.000000	0.000000	0.000000	0.000000	0.000000	0.000000
93	tsk_93	(x)	1	:	0.494256	0.059825	0.000000	0.445913	0.000006	0.000000	0.000000
94	tsk_94	(x)	1	:	0.000000	0.329564	0.000000	0.273237	0.000000	0.397123	0.000076
95	tsk_95	(x)	1	:	0.000000	0.000000	0.000000	0.000000	0.000000	1.000000	0.000000
96	tsk_96	(x)	1	:	0.494256	0.119098	0.000000	0.386643	0.000003	0.000000	0.000000
97	tsk_97	(x)	1	:	0.000000	0.262502	0.000001	0.268057	0.000000	0.469441	0.000000
98	tsk_98	(x)	1	:	0.000000	0.228155	0.000000	0.396664	0.000000	0.000000	0.375182
99	tsk_99	(x)	1	:	0.000000	0.362617	0.000000	0.167942	0.000000	0.469441	0.000000
100	tsk_100	(x)	1	:	0.000000	0.000000	0.000000	0.000000	0.000000	0.000000	1.000000
101	tsk_101	(x)	1	:	0.000000	0.298673	0.000000	0.082754	0.000000	0.000000	0.618573
102	tsk_102	(x)	1	:	0.000000	0.000000	0.000002	0.000000	0.000000	0.102063	0.897935
103	tsk_103	(x)	1	:	0.000000	0.217741	0.000000	0.163686	0.000000	0.000000	0.618573
104	tsk_104	(x)	1	:	0.455523	0.000000	0.000000	0.000000	0.000000	0.000000	0.544477
105	tsk_105	(x)	1	:	0.000000	0.000000	0.224103	0.000000	0.000000	0.000000	0.775897
106	tsk_106	(x)	1	:	0.000000	0.000000	0.000000	0.000000	0.000000	0.102068	0.897932
107	tsk_107	(x)	1	:	0.494256	0.046556	0.000000	0.459182	0.000006	0.000000	0.000000
108	tsk_108	(x)	1	:	0.528081	0.002669	0.000000	0.005185	0.000000	0.000000	0.464066
109	tsk_109	(x)	1	:	0.528081	0.002650	0.000000	0.005203	0.000000	0.000000	0.464066
110	tsk_110	(x)	1	:	1.000000	0.000000	0.000000	0.000000	0.000000	0.000000	0.000000
111	tsk_111	(x)	1	:	0.494016	0.017827	0.000000	0.138749	0.349407	0.000000	0.000000
112	tsk_112	(x)	1	:	1.000000	0.000000	0.000000	0.000000	0.000000	0.000000	0.000000
113	tsk_113	(x)	1	:	0.000000	0.000000	0.000000	0.000000	1.000000	0.000000	0.000000
114	tsk_114	(x)	1	:	1.000000	0.000000	0.000000	0.000000	0.000000	0.000000	0.000000
115	tsk_115	(x)	1	:	0.000000	0.000000	0.467879	0.000000	0.000000	0.128973	0.403148
116	tsk_116	(x)	1	:	0.000000	0.183707	0.000000	0.816293	0.000000	0.000000	0.000000
117	tsk_117	(x)	1	:	0.528080	0.003336	0.000000	0.004519	0.000000	0.000000	0.464064
118	tsk_118	(x)	1	:	0.000000	0.259984	0.000000	0.740016	0.000000	0.000000	0.000000
119	tsk_119	(x)	1	:	0.000000	0.295765	0.000000	0.329053	0.000000	0.000000	0.375182
120	tsk_120	(x)	1	:	0.000000	0.270987	0.000000	0.729013	0.000000	0.000000	0.000000
121	tsk_121	(x)	1	:	0.000000	0.112370	0.000000	0.887630	0.000000	0.000000	0.000000
122	tsk_122	(x)	1	:	0.000000	0.255135	0.000000	0.126292	0.000000	0.000000	0.618573
123	tsk_123	(x)	1	:	0.000000	0.168215	0.000000	0.213212	0.000000	0.000000	0.618573
124	tsk_124	(x)	1	:	0.000000	0.171714	0.000000	0.828286	0.000000	0.000000	0.000000
125	tsk_125	(x)	1	:	0.000000	0.250463	0.000000	0.130964	0.000000	0.000000	0.618573
126	tsk_126	(x)	1	:	0.000000	0.301098	0.000000	0.229460	0.000000	0.469441	0.000000
127	tsk_127	(x)	1	:	0.000000	0.202925	0.000000	0.797075	0.000000	0.000000	0.000000
128	tsk_128	(x)	1	:	0.000000	0.240764	0.000000	0.759236	0.000000	0.000000	0.000000
129	tsk_129	(x)	1	:	0.000000	0.251164	0.000000	0.544773	0.000000	0.204063	0.000000
130	tsk_130	(x)	1	:	0.000000	0.235911	0.407935	0.356143	0.000000	0.000000	0.000010
131	tsk_131	(x)	1	:	0.000000	0.338012	0.000000	0.270750	0.000000	0.326956	0.064282
132	tsk_132	(x)	1	:	0.000000	0.086057	0.000000	0.033201	0.262105	0.000000	0.618636
133	tsk_133	(x)	1	:	0.000000	0.203521	0.407938	0.388537	0.000000	0.000000	0.000005
134	tsk_134	(x)	1	:	0.000000	0.242249	0.407937	0.349807	0.000000	0.000000	0.000007
135	tsk_135	(x)	1	:	0.000000	0.412810	0.000000	0.587190	0.000000	0.000000	0.000000
136	tsk_136	(x)	1	:	0.000000	0.000000	0.224104	0.000000	0.000000	0.000000	0.775896
137	tsk_137	(x)	1	:	0.000000	0.286747	0.257928	0.180582	0.000000	0.274744	0.000000
138	tsk_138	(x)	1	:	0.494257	0.079928	0.000000	0.425803	0.000012	0.000000	0.000000
139	tsk_139	(x)	1	:	0.000000	0.253130	0.000000	0.128297	0.000000	0.000000	0.618573
140	tsk_140	(x)	1	:	0.494258	0.131862	0.000000	0.373859	0.000020	0.000000	0.000000
141	tsk_141	(x)	1	:	0.000000	0.298042	0.000000	0.326777	0.000000	0.000000	0.375182
142	tsk_142	(x)	1	:	0.000000	0.296192	0.000000	0.328626	0.000000	0.000000	0.375182
143	tsk_143	(x)	1	:	0.000000	0.280268	0.000000	0.344550	0.000000	0.000000	0.375182
144	tsk_144	(x)	1	:	0.000000	0.159454	0.000000	0.840546	0.000000	0.000000	0.000000
145	tsk_145	(x)	1	:	0.000000	0.238456	0.000000	0.761544	0.000000	0.000000	0.000000
146	tsk_146	(x)	1	:	0.000000	0.000000	0.000000	0.000000	0.000000	0.000000	1.000000
147	tsk_147	(x)	1	:	0.000000	0.169597	0.522089	0.308314	0.000000	0.000000	0.000000
148	tsk_148	(x)	1	:	0.000000	0.600013	0.000000	0.399987	0.000000	0.000000	0.000000
149	tsk_149	(x)	1	:	0.000000	0.000000	0.398829	0.000000	0.000000	0.000000	0.601171
