logL = -1222.576370 (converged)
AIC = 5619.152739
BIC = 10397.030951

count.K
19 19 24 26 14 12 8 20 8 

