logL = -959.045758 (converged)
AIC = 4948.091516
BIC = 9509.203987

count.K
6 16 28 23 9 5 27 20 16 

