logL = -2364.736286 (converged)
AIC = 8829.472573
BIC = 15001.274926

count.K
5 8 20 24 17 11 11 7 5 23 19 

