logL = -3022.824860 (converged)
AIC = 7845.649721
BIC = 10555.221485

count.K
48 6 34 31 31 

