logL = -1055.892301 (converged)
AIC = 2915.784601
BIC = 4126.059990

count.K
67 53 30 

