logL = -1296.097321 (converged)
AIC = 6450.194642
BIC = 12257.710124

count.K
1 0 0 1 39 7 20 2 42 21 17 

