logL = -1302.045785 (converged)
AIC = 5248.091571
BIC = 9228.151429

count.K
72 8 3 16 22 1 0 28 

