logL = -449.988303 (converged)
AIC = 4775.976607
BIC = 10610.587807

count.K
8 2 1 24 1 8 87 4 3 5 5 2 

