logL = -1850.677109 (converged)
AIC = 7867.354219
BIC = 14138.507537

count.K
21 8 1 27 14 36 10 4 5 9 15 

