logL = -1661.106538 (converged)
AIC = 7966.213077
BIC = 14956.908230

count.K
7 36 0 1 1 0 39 2 10 25 6 23 

