logL = -719.109541 (converged)
AIC = 4002.219083
BIC = 7861.853530

count.K
29 14 31 19 19 8 10 20 

