logL = -1632.722725 (converged)
AIC = 6673.445451
BIC = 11803.567992

count.K
19 6 12 3 6 13 43 37 11 

