logL = -919.458798 (converged)
AIC = 5564.917596
BIC = 11173.731148

count.K
7 16 34 0 15 11 17 15 22 5 8 

