logL = -779.457385 (converged)
AIC = 6568.914770
BIC = 14110.556182

count.K
5 11 17 26 3 21 1 4 4 2 14 11 12 5 14 

