logL = -1163.588530 (converged)
AIC = 5115.177060
BIC = 9312.002660

count.K
23 8 45 10 15 28 5 16 

