logL = -2866.135575 (converged)
AIC = 8792.271151
BIC = 13398.543151

count.K
30 13 26 13 5 44 8 11 

