logL = -1492.575970 (converged)
AIC = 5789.151940
BIC = 10010.062623

count.K
82 6 15 19 13 5 3 7 

