logL = -970.381954 (converged)
AIC = 5024.763908
BIC = 9667.163532

count.K
12 23 26 17 21 3 8 18 22 

