logL = -1154.160123 (converged)
AIC = 5734.320247
BIC = 10891.538506

count.K
32 18 11 7 32 7 7 23 13 

