logL = -1490.616100 (converged)
AIC = 4961.232200
BIC = 7941.761142

count.K
14 52 8 10 27 39 

