logL = -2124.495618 (converged)
AIC = 7548.991236
BIC = 12516.539471

count.K
7 34 4 5 46 2 20 22 10 

