0	tsk_0	(x)	1	:	0.000000	1.000000	0.000000	0.000000	0.000000	0.000000	0.000000	0.000000	0.000000	0.000000	0.000000	0.000000	0.000000
1	tsk_1	(x)	1	:	0.087401	0.000000	0.422123	0.058177	0.064165	0.000000	0.000000	0.000000	0.000000	0.000000	0.000000	0.000000	0.368133
2	tsk_2	(x)	1	:	0.007707	0.485597	0.000000	0.004797	0.006166	0.000000	0.466255	0.000000	0.000000	0.000000	0.000000	0.029477	0.000000
3	tsk_3	(x)	1	:	0.030397	0.000000	0.424694	0.022119	0.015930	0.000000	0.462693	0.000000	0.000000	0.000000	0.000000	0.044167	0.000000
4	tsk_4	(x)	1	:	0.004247	0.000000	0.000000	0.025507	0.004528	0.000000	0.467415	0.000000	0.000000	0.468610	0.000000	0.029693	0.000000
5	tsk_5	(x)	1	:	0.009960	0.000000	0.000000	0.017443	0.004725	0.000000	0.465991	0.000000	0.000000	0.468982	0.000000	0.032898	0.000000
6	tsk_6	(x)	1	:	0.000000	0.000000	0.000000	0.000000	0.000000	0.000000	1.000000	0.000000	0.000000	0.000000	0.000000	0.000000	0.000000
7	tsk_7	(x)	1	:	0.091571	0.490574	0.000000	0.100518	0.317337	0.000000	0.000000	0.000000	0.000000	0.000000	0.000000	0.000000	0.000000
8	tsk_8	(x)	1	:	0.057227	0.000000	0.000000	0.030082	0.036823	0.000000	0.461578	0.000000	0.000000	0.000000	0.000000	0.045029	0.369261
9	tsk_9	(x)	1	:	0.000000	0.000000	0.000000	0.000000	0.000000	0.000000	1.000000	0.000000	0.000000	0.000000	0.000000	0.000000	0.000000
10	tsk_10	(x)	1	:	0.000000	0.000000	0.000000	0.180181	0.319819	0.000000	0.000000	0.000000	0.000000	0.000000	0.000000	0.500000	0.000000
11	tsk_11	(x)	1	:	0.043208	0.000000	0.000000	0.119427	0.058569	0.000000	0.000000	0.000000	0.000000	0.000000	0.278811	0.499984	0.000000
12	tsk_12	(x)	1	:	0.000000	0.000000	0.000000	0.000000	0.000000	0.000000	0.466908	0.000000	0.000000	0.000000	0.000000	0.533092	0.000000
13	tsk_13	(x)	1	:	0.000000	0.000000	0.000000	0.000000	0.000000	0.000000	1.000000	0.000000	0.000000	0.000000	0.000000	0.000000	0.000000
14	tsk_14	(x)	1	:	0.105633	0.490574	0.000000	0.077940	0.325853	0.000000	0.000000	0.000000	0.000000	0.000000	0.000000	0.000000	0.000000
15	tsk_15	(x)	1	:	0.256842	0.000000	0.000000	0.067123	0.170897	0.000000	0.461858	0.000000	0.000000	0.000000	0.000000	0.043280	0.000000
16	tsk_16	(x)	1	:	0.000000	0.000000	0.000000	0.000000	0.000000	0.000000	1.000000	0.000000	0.000000	0.000000	0.000000	0.000000	0.000000
17	tsk_17	(x)	1	:	0.014432	0.000000	0.000000	0.002185	0.003903	0.000000	0.473893	0.493196	0.000000	0.000000	0.000000	0.012390	0.000000
18	tsk_18	(x)	1	:	0.000000	0.000000	0.000000	0.000000	0.000000	0.000000	0.466908	0.000000	0.000000	0.000000	0.000000	0.533092	0.000000
19	tsk_19	(x)	1	:	0.010052	0.000000	0.000000	0.005023	0.004474	0.000000	0.470565	0.492001	0.000000	0.000000	0.000000	0.017886	0.000000
20	tsk_20	(x)	1	:	0.301367	0.000000	0.000000	0.443615	0.255018	0.000000	0.000000	0.000000	0.000000	0.000000	0.000000	0.000000	0.000000
21	tsk_21	(x)	1	:	0.160155	0.490574	0.000000	0.157091	0.192180	0.000000	0.000000	0.000000	0.000000	0.000000	0.000000	0.000000	0.000000
22	tsk_22	(x)	1	:	0.077001	0.000000	0.422098	0.120557	0.380344	0.000000	0.000000	0.000000	0.000000	0.000000	0.000000	0.000000	0.000000
23	tsk_23	(x)	1	:	0.053047	0.000000	0.000000	0.377904	0.058353	0.000000	0.000000	0.000000	0.489303	0.000000	0.000000	0.021393	0.000000
24	tsk_24	(x)	1	:	0.273875	0.000000	0.000000	0.342738	0.383387	0.000000	0.000000	0.000000	0.000000	0.000000	0.000000	0.000000	0.000000
25	tsk_25	(x)	1	:	0.127566	0.490574	0.000000	0.046747	0.335113	0.000000	0.000000	0.000000	0.000000	0.000000	0.000000	0.000000	0.000000
26	tsk_26	(x)	1	:	0.191314	0.490574	0.000000	0.113066	0.205046	0.000000	0.000000	0.000000	0.000000	0.000000	0.000000	0.000000	0.000000
27	tsk_27	(x)	1	:	0.480443	0.000000	0.000000	0.357558	0.161999	0.000000	0.000000	0.000000	0.000000	0.000000	0.000000	0.000000	0.000000
28	tsk_28	(x)	1	:	0.515798	0.000000	0.000000	0.194516	0.289686	0.000000	0.000000	0.000000	0.000000	0.000000	0.000000	0.000000	0.000000
29	tsk_29	(x)	1	:	0.279949	0.000000	0.000000	0.194696	0.025355	0.000000	0.000000	0.500000	0.000000	0.000000	0.000000	0.000000	0.000000
30	tsk_30	(x)	1	:	0.006816	0.486410	0.000000	0.004045	0.004518	0.000000	0.464556	0.000000	0.000000	0.000000	0.000000	0.033655	0.000000
31	tsk_31	(x)	1	:	0.000000	0.000000	0.000000	0.000000	0.000000	0.000000	1.000000	0.000000	0.000000	0.000000	0.000000	0.000000	0.000000
32	tsk_32	(x)	1	:	0.000029	0.431228	0.000000	0.000027	0.000023	0.000000	0.568694	0.000000	0.000000	0.000000	0.000000	0.000000	0.000000
33	tsk_33	(x)	1	:	0.153817	0.000000	0.000000	0.203356	0.050216	0.000000	0.592609	0.000000	0.000000	0.000000	0.000000	0.000002	0.000000
34	tsk_34	(x)	1	:	0.022131	0.000000	0.000000	0.028295	0.070162	0.000000	0.461477	0.000000	0.000000	0.000000	0.372719	0.045217	0.000000
35	tsk_35	(x)	1	:	0.165058	0.000000	0.000000	0.188084	0.054247	0.000000	0.592609	0.000000	0.000000	0.000000	0.000000	0.000002	0.000000
36	tsk_36	(x)	1	:	0.000000	1.000000	0.000000	0.000000	0.000000	0.000000	0.000000	0.000000	0.000000	0.000000	0.000000	0.000000	0.000000
37	tsk_37	(x)	1	:	0.058947	0.000000	0.000000	0.054419	0.012517	0.000000	0.462600	0.000000	0.000000	0.000000	0.000000	0.042603	0.368915
38	tsk_38	(x)	1	:	0.242968	0.000000	0.000000	0.094507	0.158040	0.000000	0.462498	0.000000	0.000000	0.000000	0.000000	0.041988	0.000000
39	tsk_39	(x)	1	:	0.327474	0.000000	0.000000	0.193954	0.110462	0.000000	0.000000	0.000000	0.000000	0.000000	0.000000	0.000000	0.368110
40	tsk_40	(x)	1	:	0.000063	0.000000	0.000000	0.000038	0.000091	0.000000	0.455062	0.000000	0.000000	0.000000	0.543446	0.001301	0.000000
41	tsk_41	(x)	1	:	0.000106	0.447481	0.000000	0.000149	0.000385	0.000000	0.000000	0.000000	0.000000	0.000000	0.551879	0.000000	0.000000
42	tsk_42	(x)	1	:	0.124921	0.000000	0.000000	0.235274	0.139805	0.000000	0.000000	0.500000	0.000000	0.000000	0.000000	0.000000	0.000000
43	tsk_43	(x)	1	:	0.000000	1.000000	0.000000	0.000000	0.000000	0.000000	0.000000	0.000000	0.000000	0.000000	0.000000	0.000000	0.000000
44	tsk_44	(x)	1	:	0.000000	1.000000	0.000000	0.000000	0.000000	0.000000	0.000000	0.000000	0.000000	0.000000	0.000000	0.000000	0.000000
45	tsk_45	(x)	1	:	0.001152	0.000000	0.000000	0.000000	0.003770	0.473411	0.483366	0.000000	0.000000	0.000000	0.000000	0.038300	0.000000
46	tsk_46	(x)	1	:	0.007780	0.000000	0.000000	0.007763	0.006982	0.000000	0.480120	0.495365	0.000000	0.000000	0.000000	0.001990	0.000000
47	tsk_47	(x)	1	:	0.158892	0.490574	0.000000	0.186243	0.164292	0.000000	0.000000	0.000000	0.000000	0.000000	0.000000	0.000000	0.000000
48	tsk_48	(x)	1	:	0.092800	0.490574	0.000000	0.091109	0.325517	0.000000	0.000000	0.000000	0.000000	0.000000	0.000000	0.000000	0.000000
49	tsk_49	(x)	1	:	0.000000	1.000000	0.000000	0.000000	0.000000	0.000000	0.000000	0.000000	0.000000	0.000000	0.000000	0.000000	0.000000
50	tsk_50	(x)	1	:	0.078514	0.000000	0.000000	0.377179	0.033678	0.000000	0.000000	0.000000	0.489370	0.000000	0.000000	0.021259	0.000000
51	tsk_51	(x)	1	:	0.041197	0.000000	0.000000	0.012776	0.066374	0.000000	0.461340	0.000000	0.000000	0.000000	0.372769	0.045545	0.000000
52	tsk_52	(x)	1	:	0.074893	0.000000	0.000000	0.372177	0.052931	0.000000	0.000000	0.000000	0.499999	0.000000	0.000000	0.000000	0.000000
53	tsk_53	(x)	1	:	0.201385	0.000000	0.000000	0.141854	0.185730	0.000000	0.000000	0.000000	0.000000	0.471031	0.000000	0.000000	0.000000
54	tsk_54	(x)	1	:	0.074595	0.000000	0.000000	0.405941	0.009936	0.000000	0.000000	0.000000	0.490471	0.000000	0.000000	0.019057	0.000000
55	tsk_55	(x)	1	:	0.418016	0.000000	0.000000	0.002176	0.002319	0.000000	0.000000	0.000000	0.000000	0.000000	0.577488	0.000000	0.000000
56	tsk_56	(x)	1	:	0.235761	0.000000	0.000000	0.236301	0.527938	0.000000	0.000000	0.000000	0.000000	0.000000	0.000000	0.000000	0.000000
57	tsk_57	(x)	1	:	0.181734	0.000000	0.000000	0.234344	0.079228	0.000000	0.462295	0.000000	0.000000	0.000000	0.000000	0.042399	0.000000
58	tsk_58	(x)	1	:	0.097488	0.000000	0.000000	0.302583	0.095507	0.000000	0.462561	0.000000	0.000000	0.000000	0.000000	0.041860	0.000000
59	tsk_59	(x)	1	:	0.714399	0.000000	0.000000	0.133355	0.152246	0.000000	0.000000	0.000000	0.000000	0.000000	0.000000	0.000000	0.000000
60	tsk_60	(x)	1	:	0.029386	0.000000	0.422536	0.062119	0.014451	0.000000	0.000000	0.000000	0.000000	0.471507	0.000000	0.000000	0.000000
61	tsk_61	(x)	1	:	0.197645	0.000000	0.619285	0.096229	0.086842	0.000000	0.000000	0.000000	0.000000	0.000000	0.000000	0.000000	0.000000
62	tsk_62	(x)	1	:	0.008606	0.000000	0.000000	0.034942	0.013283	0.459370	0.000000	0.000000	0.000000	0.483799	0.000000	0.000000	0.000000
63	tsk_63	(x)	1	:	0.130627	0.000000	0.000000	0.151737	0.214721	0.000000	0.464044	0.000000	0.000000	0.000000	0.000000	0.038871	0.000000
64	tsk_64	(x)	1	:	0.000000	0.000000	1.000000	0.000000	0.000000	0.000000	0.000000	0.000000	0.000000	0.000000	0.000000	0.000000	0.000000
65	tsk_65	(x)	1	:	0.013549	0.000000	0.423904	0.032772	0.024365	0.000000	0.463337	0.000000	0.000000	0.000000	0.000000	0.042072	0.000000
66	tsk_66	(x)	1	:	0.011262	0.000000	0.424890	0.015664	0.041184	0.000000	0.462757	0.000000	0.000000	0.000000	0.000000	0.044242	0.000000
67	tsk_67	(x)	1	:	0.000001	0.000000	0.000000	0.000000	0.000000	0.203158	0.458273	0.000000	0.000000	0.000000	0.335512	0.003055	0.000000
68	tsk_68	(x)	1	:	0.252680	0.000000	0.000000	0.130969	0.112021	0.000000	0.462651	0.000000	0.000000	0.000000	0.000000	0.041680	0.000000
69	tsk_69	(x)	1	:	0.035303	0.490575	0.422094	0.019183	0.032845	0.000000	0.000000	0.000000	0.000000	0.000000	0.000000	0.000000	0.000000
70	tsk_70	(x)	1	:	0.242064	0.000000	0.000000	0.094118	0.158858	0.000000	0.462033	0.000000	0.000000	0.000000	0.000000	0.042927	0.000000
71	tsk_71	(x)	1	:	0.010088	0.000000	0.000000	0.009519	0.000000	0.000000	0.470614	0.491996	0.000000	0.000000	0.000000	0.017782	0.000000
72	tsk_72	(x)	1	:	0.454326	0.000000	0.000000	0.034092	0.140046	0.000000	0.000000	0.000000	0.000000	0.000000	0.371537	0.000000	0.000000
73	tsk_73	(x)	1	:	0.192207	0.000000	0.000000	0.214273	0.325101	0.000000	0.000000	0.000000	0.000000	0.000000	0.268419	0.000000	0.000000
74	tsk_74	(x)	1	:	0.178883	0.000000	0.000000	0.140291	0.175627	0.000000	0.461798	0.000000	0.000000	0.000000	0.000000	0.043401	0.000000
75	tsk_75	(x)	1	:	0.000000	0.000000	0.000000	0.000000	0.000000	0.000000	0.000000	0.000000	0.000000	0.000000	1.000000	0.000000	0.000000
76	tsk_76	(x)	1	:	0.000000	0.000000	0.000000	0.000000	0.000000	0.000000	1.000000	0.000000	0.000000	0.000000	0.000000	0.000000	0.000000
77	tsk_77	(x)	1	:	0.322916	0.000000	0.000000	0.191353	0.217311	0.000000	0.000000	0.000000	0.000000	0.000000	0.268419	0.000000	0.000000
78	tsk_78	(x)	1	:	0.000000	0.000000	0.000000	0.000000	0.000000	0.000000	1.000000	0.000000	0.000000	0.000000	0.000000	0.000000	0.000000
79	tsk_79	(x)	1	:	0.003919	0.000000	0.000000	0.005919	0.000000	0.000000	0.485621	0.504541	0.000000	0.000000	0.000000	0.000000	0.000000
80	tsk_80	(x)	1	:	0.000000	0.000000	0.000000	0.000000	0.000000	0.000000	0.000000	0.000000	0.000000	0.000000	0.000000	0.000000	1.000000
81	tsk_81	(x)	1	:	0.068574	0.000000	0.000000	0.127438	0.086743	0.000000	0.000000	0.000000	0.000000	0.000000	0.000000	0.000000	0.717245
82	tsk_82	(x)	1	:	0.000031	0.000000	0.000000	0.000026	0.000004	0.000000	0.000000	0.000000	0.000000	0.000000	0.000000	0.000000	0.999939
83	tsk_83	(x)	1	:	0.086464	0.000000	0.000000	0.255537	0.289890	0.000000	0.000000	0.000000	0.000000	0.000000	0.000000	0.000000	0.368110
84	tsk_84	(x)	1	:	0.139064	0.000000	0.000000	0.257006	0.235819	0.000000	0.000000	0.000000	0.000000	0.000000	0.000000	0.000000	0.368110
85	tsk_85	(x)	1	:	0.119494	0.000000	0.000000	0.269458	0.100345	0.000000	0.000000	0.000000	0.489296	0.000000	0.000000	0.021407	0.000000
86	tsk_86	(x)	1	:	0.226631	0.000000	0.000000	0.203833	0.069537	0.000000	0.000000	0.500000	0.000000	0.000000	0.000000	0.000000	0.000000
87	tsk_87	(x)	1	:	0.048232	0.000000	0.306705	0.000000	0.040194	0.000000	0.000000	0.000000	0.000000	0.000000	0.000000	0.000000	0.604869
88	tsk_88	(x)	1	:	0.205042	0.000000	0.422098	0.129288	0.243572	0.000000	0.000000	0.000000	0.000000	0.000000	0.000000	0.000000	0.000000
89	tsk_89	(x)	1	:	0.000000	0.000000	0.000000	0.000000	0.000000	0.000000	0.000000	0.000000	0.000000	0.000000	0.000000	0.000000	1.000000
90	tsk_90	(x)	1	:	0.068392	0.000000	0.000000	0.403471	0.017752	0.000000	0.000000	0.000000	0.489615	0.000000	0.000000	0.020769	0.000000
91	tsk_91	(x)	1	:	0.000000	0.000000	0.000000	0.000000	0.000000	0.000000	0.592609	0.000000	0.407387	0.000000	0.000000	0.000003	0.000000
92	tsk_92	(x)	1	:	0.275816	0.000000	0.000000	0.152165	0.293201	0.000000	0.000000	0.000000	0.000000	0.000000	0.278817	0.000000	0.000000
93	tsk_93	(x)	1	:	0.020852	0.000000	0.000000	0.155858	0.035486	0.000000	0.000000	0.000000	0.491415	0.000000	0.278990	0.017400	0.000000
94	tsk_94	(x)	1	:	0.073689	0.000000	0.000000	0.385093	0.030957	0.000000	0.000000	0.000000	0.489738	0.000000	0.000000	0.020523	0.000000
95	tsk_95	(x)	1	:	0.000000	0.000000	0.000000	0.000000	0.000000	0.000000	0.000000	0.000000	1.000000	0.000000	0.000000	0.000000	0.000000
96	tsk_96	(x)	1	:	0.171870	0.000000	0.000000	0.167524	0.194931	0.000000	0.000000	0.000000	0.000000	0.000000	0.465675	0.000000	0.000000
97	tsk_97	(x)	1	:	0.025880	0.000000	0.000000	0.142895	0.040570	0.000000	0.000000	0.000000	0.488880	0.000000	0.279128	0.022646	0.000000
98	tsk_98	(x)	1	:	0.000000	0.000000	0.000000	0.000000	0.000000	0.000000	0.592610	0.000000	0.407388	0.000000	0.000000	0.000002	0.000000
99	tsk_99	(x)	1	:	0.004287	0.000000	0.000000	0.010125	0.001988	0.000000	0.000000	0.488456	0.493431	0.000000	0.000000	0.001713	0.000000
100	tsk_100	(x)	1	:	0.271926	0.000000	0.000000	0.207538	0.149000	0.000000	0.000000	0.000000	0.000000	0.000000	0.371537	0.000000	0.000000
101	tsk_101	(x)	1	:	0.444879	0.000000	0.000000	0.329917	0.225204	0.000000	0.000000	0.000000	0.000000	0.000000	0.000000	0.000000	0.000000
102	tsk_102	(x)	1	:	0.119647	0.490574	0.000000	0.116893	0.272887	0.000000	0.000000	0.000000	0.000000	0.000000	0.000000	0.000000	0.000000
103	tsk_103	(x)	1	:	0.000000	1.000000	0.000000	0.000000	0.000000	0.000000	0.000000	0.000000	0.000000	0.000000	0.000000	0.000000	0.000000
104	tsk_104	(x)	1	:	0.385790	0.000000	0.000000	0.289141	0.325069	0.000000	0.000000	0.000000	0.000000	0.000000	0.000000	0.000000	0.000000
105	tsk_105	(x)	1	:	0.176710	0.490574	0.000000	0.195990	0.136726	0.000000	0.000000	0.000000	0.000000	0.000000	0.000000	0.000000	0.000000
106	tsk_106	(x)	1	:	0.094214	0.000000	0.000000	0.350365	0.555422	0.000000	0.000000	0.000000	0.000000	0.000000	0.000000	0.000000	0.000000
107	tsk_107	(x)	1	:	0.472481	0.000000	0.000000	0.000000	0.527519	0.000000	0.000000	0.000000	0.000000	0.000000	0.000000	0.000000	0.000000
108	tsk_108	(x)	1	:	0.411535	0.000000	0.000000	0.154524	0.433941	0.000000	0.000000	0.000000	0.000000	0.000000	0.000000	0.000000	0.000000
109	tsk_109	(x)	1	:	0.465747	0.000000	0.000000	0.403092	0.131161	0.000000	0.000000	0.000000	0.000000	0.000000	0.000000	0.000000	0.000000
110	tsk_110	(x)	1	:	0.010102	0.000000	0.422412	0.055140	0.040971	0.000000	0.000000	0.000000	0.000000	0.471374	0.000000	0.000000	0.000000
111	tsk_111	(x)	1	:	0.009148	0.000000	0.000000	0.004876	0.013608	0.000000	0.464813	0.000000	0.000000	0.470657	0.000000	0.036897	0.000000
112	tsk_112	(x)	1	:	0.185917	0.000000	0.000000	0.142621	0.166571	0.000000	0.462101	0.000000	0.000000	0.000000	0.000000	0.042790	0.000000
113	tsk_113	(x)	1	:	0.261569	0.000000	0.422098	0.074516	0.241817	0.000000	0.000000	0.000000	0.000000	0.000000	0.000000	0.000000	0.000000
114	tsk_114	(x)	1	:	0.553242	0.000000	0.000000	0.165431	0.281327	0.000000	0.000000	0.000000	0.000000	0.000000	0.000000	0.000000	0.000000
115	tsk_115	(x)	1	:	0.000000	0.000000	0.000000	0.000000	0.000000	0.000000	1.000000	0.000000	0.000000	0.000000	0.000000	0.000000	0.000000
116	tsk_116	(x)	1	:	0.000000	0.000000	1.000000	0.000000	0.000000	0.000000	0.000000	0.000000	0.000000	0.000000	0.000000	0.000000	0.000000
117	tsk_117	(x)	1	:	0.000000	0.000000	0.000000	0.000000	0.000019	0.000000	0.425400	0.000000	0.000000	0.574515	0.000000	0.000066	0.000000
118	tsk_118	(x)	1	:	0.180833	0.000000	0.000000	0.104637	0.209897	0.000000	0.462354	0.000000	0.000000	0.000000	0.000000	0.042279	0.000000
119	tsk_119	(x)	1	:	0.510278	0.000000	0.000000	0.229797	0.259925	0.000000	0.000000	0.000000	0.000000	0.000000	0.000000	0.000000	0.000000
120	tsk_120	(x)	1	:	0.198998	0.000000	0.000000	0.230803	0.065447	0.000000	0.462237	0.000000	0.000000	0.000000	0.000000	0.042516	0.000000
121	tsk_121	(x)	1	:	0.000001	0.000000	0.000000	0.000001	0.000004	0.647654	0.000000	0.000000	0.000000	0.000000	0.352341	0.000000	0.000000
122	tsk_122	(x)	1	:	0.104697	0.000000	0.306757	0.233768	0.354777	0.000000	0.000000	0.000000	0.000000	0.000000	0.000000	0.000000	0.000000
123	tsk_123	(x)	1	:	0.380723	0.000000	0.306757	0.070961	0.241558	0.000000	0.000000	0.000000	0.000000	0.000000	0.000000	0.000000	0.000000
124	tsk_124	(x)	1	:	0.168285	0.000000	0.000000	0.101249	0.141185	0.217489	0.000000	0.000000	0.000000	0.000000	0.371791	0.000000	0.000000
125	tsk_125	(x)	1	:	0.294689	0.000000	0.306757	0.273632	0.124922	0.000000	0.000000	0.000000	0.000000	0.000000	0.000000	0.000000	0.000000
126	tsk_126	(x)	1	:	0.242221	0.490574	0.000000	0.117918	0.149287	0.000000	0.000000	0.000000	0.000000	0.000000	0.000000	0.000000	0.000000
127	tsk_127	(x)	1	:	0.262519	0.000000	0.000000	0.294464	0.443017	0.000000	0.000000	0.000000	0.000000	0.000000	0.000000	0.000000	0.000000
128	tsk_128	(x)	1	:	0.222659	0.000000	0.000000	0.277521	0.499820	0.000000	0.000000	0.000000	0.000000	0.000000	0.000000	0.000000	0.000000
129	tsk_129	(x)	1	:	0.611220	0.000000	0.000000	0.182539	0.206241	0.000000	0.000000	0.000000	0.000000	0.000000	0.000000	0.000000	0.000000
130	tsk_130	(x)	1	:	0.085128	0.000000	0.000000	0.034441	0.009223	0.000000	0.000000	0.000000	0.000000	0.000000	0.371392	0.499816	0.000000
131	tsk_131	(x)	1	:	0.000002	0.000000	0.000000	0.000000	0.000003	0.000000	0.000000	0.000000	0.000000	0.000000	0.999995	0.000000	0.000000
132	tsk_132	(x)	1	:	0.074234	0.000000	0.000000	0.036201	0.018511	0.000000	0.000000	0.000000	0.000000	0.000000	0.371323	0.499731	0.000000
133	tsk_133	(x)	1	:	0.073483	0.000000	0.000000	0.022991	0.032476	0.000000	0.000000	0.000000	0.000000	0.000000	0.371322	0.499729	0.000000
134	tsk_134	(x)	1	:	0.000000	0.000000	0.000000	0.000000	0.000000	0.000000	0.466908	0.000000	0.000000	0.000000	0.000000	0.533092	0.000000
135	tsk_135	(x)	1	:	0.129885	0.000000	0.000000	0.047822	0.217364	0.000000	0.000000	0.000000	0.000000	0.000000	0.000000	0.000000	0.604930
136	tsk_136	(x)	1	:	0.017710	0.000000	0.000000	0.033727	0.068571	0.000000	0.461156	0.000000	0.000000	0.000000	0.372843	0.045992	0.000000
137	tsk_137	(x)	1	:	0.000000	0.000000	0.000000	0.000000	0.000000	0.000000	0.000000	0.000000	0.000000	0.000000	0.000000	1.000000	0.000000
138	tsk_138	(x)	1	:	0.036306	0.000000	0.000000	0.068686	0.023784	0.000000	0.000000	0.000000	0.000000	0.000000	0.371399	0.499824	0.000000
139	tsk_139	(x)	1	:	0.000002	0.000000	0.000000	0.000003	0.000002	0.000000	0.000000	0.000000	0.000000	0.000000	0.999994	0.000000	0.000000
140	tsk_140	(x)	1	:	0.000000	0.000000	0.000000	0.000000	0.000000	0.000000	0.000000	0.000000	0.000000	1.000000	0.000000	0.000000	0.000000
141	tsk_141	(x)	1	:	0.002903	0.000000	0.000000	0.020575	0.001959	0.000000	0.000000	0.000000	0.491739	0.468698	0.000000	0.014127	0.000000
142	tsk_142	(x)	1	:	0.000001	0.404838	0.000000	0.000001	0.000001	0.000000	0.000000	0.000000	0.000000	0.595159	0.000000	0.000000	0.000000
143	tsk_143	(x)	1	:	0.177057	0.000000	0.000000	0.127667	0.195276	0.000000	0.000000	0.500000	0.000000	0.000000	0.000000	0.000000	0.000000
144	tsk_144	(x)	1	:	0.510694	0.000000	0.000000	0.228076	0.261230	0.000000	0.000000	0.000000	0.000000	0.000000	0.000000	0.000000	0.000000
145	tsk_145	(x)	1	:	0.000000	0.000000	0.000000	0.000000	0.000000	0.000000	0.000000	0.000000	0.000000	1.000000	0.000000	0.000000	0.000000
146	tsk_146	(x)	1	:	0.168066	0.000000	0.000000	0.268276	0.092627	0.000000	0.000000	0.000000	0.000000	0.471031	0.000000	0.000000	0.000000
147	tsk_147	(x)	1	:	0.297176	0.000000	0.000000	0.072104	0.159688	0.000000	0.000000	0.000000	0.000000	0.471031	0.000000	0.000000	0.000000
148	tsk_148	(x)	1	:	0.102129	0.000000	0.000000	0.195662	0.231178	0.000000	0.000000	0.000000	0.000000	0.471031	0.000000	0.000000	0.000000
149	tsk_149	(x)	1	:	0.011252	0.000000	0.000000	0.015637	0.010982	0.000000	0.000000	0.000000	0.000000	0.466606	0.000000	0.495524	0.000000
