logL = -1621.758789 (converged)
AIC = 4883.517578
BIC = 7352.238519

count.K
64 38 18 18 12 

