logL = -1058.373873 (converged)
AIC = 2932.747745
BIC = 4161.086945

count.K
44 57 49 

