logL = -822.471044 (converged)
AIC = 4256.942088
BIC = 8188.831782

count.K
7 1 4 40 1 55 4 38 

