logL = -1273.223666 (converged)
AIC = 5144.447331
BIC = 9055.262578

count.K
25 38 27 13 9 31 7 

