logL = -1569.730188 (converged)
AIC = 7303.460376
BIC = 13571.603058

count.K
3 3 6 2 7 1 85 0 20 5 17 1 

