logL = -1529.132244 (converged)
AIC = 7678.264488
BIC = 14632.832017

count.K
58 5 1 8 5 25 4 6 11 8 9 10 

