logL = -3694.865903 (converged)
AIC = 7941.731806
BIC = 8772.667147

count.K
110 40 

