logL = -890.451301 (converged)
AIC = 4084.902602
BIC = 7553.154461

count.K
12 13 28 55 18 10 14 

