logL = -1185.131103 (converged)
AIC = 6390.262206
BIC = 12441.639147

count.K
20 7 8 10 3 7 2 6 40 5 36 6 

