logL = -834.283733 (converged)
AIC = 5108.567467
BIC = 10286.860173

count.K
3 5 10 3 17 13 4 22 53 20 

