logL = -1465.185779 (converged)
AIC = 4510.371557
BIC = 6888.773439

count.K
33 32 18 22 45 

