logL = -711.696260 (converged)
AIC = 6523.392520
BIC = 14200.512520

count.K
29 5 5 14 11 3 36 7 2 12 0 2 1 8 15 

