logL = -1160.371986 (converged)
AIC = 7424.743972
BIC = 15107.885243

count.K
17 1 22 25 5 12 4 10 3 29 2 12 3 5 

