logL = -1213.234328 (converged)
AIC = 5986.468655
BIC = 11345.399479

count.K
21 20 19 11 3 52 1 3 4 16 

