logL = -1796.366755 (converged)
AIC = 9532.733510
BIC = 18474.320334

count.K
16 6 37 19 6 14 1 3 9 2 3 7 2 22 3 

