logL = -1019.779979 (converged)
AIC = 5963.559957
BIC = 11870.426404

count.K
16 1 16 17 8 1 12 9 63 1 6 

