logL = -1813.940552 (converged)
AIC = 5317.881104
BIC = 7861.867928

count.K
40 13 24 19 54 

