logL = -2242.866287 (converged)
AIC = 6765.732573
BIC = 10197.856809

count.K
13 46 20 4 47 20 

