logL = -1428.357703 (converged)
AIC = 7236.715407
BIC = 13830.006701

count.K
4 13 16 3 21 33 3 3 14 17 13 6 4 

