logL = -1385.236410 (converged)
AIC = 4400.472820
BIC = 6854.140585

count.K
42 21 14 63 10 

