logL = -1200.536084 (converged)
AIC = 5125.072167
BIC = 9225.557438

count.K
10 5 25 5 8 36 59 2 

