logL = -3235.798344 (converged)
AIC = 6983.596688
BIC = 7754.319324

count.K
57 93 

