0	tsk_0	(x)	1	:	0.000000	0.000000	0.000000	0.000000	1.000000	0.000000	0.000000	0.000000	0.000000	0.000000	0.000000	0.000000	0.000000	0.000000	0.000000
1	tsk_1	(x)	1	:	0.000000	0.000000	0.000000	0.000000	0.000000	1.000000	0.000000	0.000000	0.000000	0.000000	0.000000	0.000000	0.000000	0.000000	0.000000
2	tsk_2	(x)	1	:	0.000000	0.000000	0.001169	0.000000	0.000000	0.496231	0.000001	0.000000	0.192526	0.000000	0.000000	0.000000	0.305234	0.004839	0.000000
3	tsk_3	(x)	1	:	0.000000	0.477175	0.019664	0.000000	0.000000	0.497565	0.000000	0.000000	0.000000	0.000000	0.000000	0.000000	0.000000	0.005596	0.000000
4	tsk_4	(x)	1	:	0.000000	0.000000	0.491138	0.000000	0.000000	0.000000	0.000000	0.000000	0.203674	0.000000	0.000000	0.000000	0.305187	0.000000	0.000000
5	tsk_5	(x)	1	:	0.000000	0.000000	0.000000	0.000000	1.000000	0.000000	0.000000	0.000000	0.000000	0.000000	0.000000	0.000000	0.000000	0.000000	0.000000
6	tsk_6	(x)	1	:	0.000000	0.000000	0.000000	0.000000	0.000000	0.000000	0.000014	0.000000	0.499981	0.000000	0.000000	0.000000	0.500004	0.000000	0.000000
7	tsk_7	(x)	1	:	0.000000	0.476443	0.099959	0.000000	0.423598	0.000000	0.000000	0.000000	0.000000	0.000000	0.000000	0.000000	0.000000	0.000000	0.000000
8	tsk_8	(x)	1	:	0.000000	0.000000	0.062997	0.000000	0.424883	0.000000	0.000001	0.000000	0.207316	0.000000	0.000000	0.000000	0.304803	0.000000	0.000000
9	tsk_9	(x)	1	:	0.000000	0.000000	0.000000	0.000000	0.000000	1.000000	0.000000	0.000000	0.000000	0.000000	0.000000	0.000000	0.000000	0.000000	0.000000
10	tsk_10	(x)	1	:	0.000000	0.000000	0.013916	0.000000	0.000000	0.000000	0.000000	0.000000	0.103822	0.000000	0.000000	0.481187	0.401075	0.000000	0.000000
11	tsk_11	(x)	1	:	0.000000	0.000000	0.008411	0.000000	0.000000	0.000000	0.000000	0.000000	0.000000	0.498767	0.000000	0.487318	0.000000	0.005504	0.000000
12	tsk_12	(x)	1	:	0.000000	0.000000	0.000000	0.000000	0.000000	0.000000	0.000000	0.000000	0.000000	0.000000	0.000000	0.000000	0.000000	1.000000	0.000000
13	tsk_13	(x)	1	:	0.000000	0.000000	0.000589	0.000000	0.000000	0.000000	0.000000	0.000000	0.097622	0.498102	0.000000	0.000000	0.400885	0.002803	0.000000
14	tsk_14	(x)	1	:	0.000000	0.000000	0.011570	0.000000	0.000000	0.000000	0.000000	0.000000	0.000000	0.000000	0.000000	0.485585	0.000000	0.502845	0.000000
15	tsk_15	(x)	1	:	0.000000	0.000000	0.000000	0.000000	0.000000	0.000000	0.000000	0.000000	0.000000	0.000000	0.000000	0.000000	1.000000	0.000000	0.000000
16	tsk_16	(x)	1	:	0.000000	0.000000	0.492798	0.000000	0.000000	0.000000	0.000000	0.000000	0.105191	0.000000	0.000000	0.000000	0.402010	0.000000	0.000000
17	tsk_17	(x)	1	:	0.000000	0.000000	0.000000	0.000000	0.000000	0.000000	0.000000	0.000000	0.000000	0.000000	0.000000	0.000000	1.000000	0.000000	0.000000
18	tsk_18	(x)	1	:	0.000000	0.000000	0.000000	0.000000	0.000000	0.000000	0.000000	0.000000	0.000000	0.000000	0.000000	0.000000	0.000000	1.000000	0.000000
19	tsk_19	(x)	1	:	0.000000	0.000000	0.000000	0.000000	0.000000	0.000000	0.000000	0.000000	0.438765	0.000000	0.000000	0.561234	0.000000	0.000000	0.000000
20	tsk_20	(x)	1	:	0.000000	0.000000	0.319927	0.000000	0.171234	0.000000	0.000001	0.000000	0.508838	0.000000	0.000000	0.000000	0.000000	0.000000	0.000000
21	tsk_21	(x)	1	:	0.000000	0.000000	0.000000	0.000000	0.000000	0.000000	0.000005	0.000000	0.999995	0.000000	0.000000	0.000000	0.000000	0.000000	0.000000
22	tsk_22	(x)	1	:	1.000000	0.000000	0.000000	0.000000	0.000000	0.000000	0.000000	0.000000	0.000000	0.000000	0.000000	0.000000	0.000000	0.000000	0.000000
23	tsk_23	(x)	1	:	0.000000	0.000000	0.002876	0.000000	0.000000	0.000000	0.000001	0.000000	0.497595	0.000000	0.000000	0.000000	0.000000	0.499528	0.000000
24	tsk_24	(x)	1	:	0.000000	0.000000	0.543196	0.456782	0.000022	0.000000	0.000000	0.000000	0.000000	0.000000	0.000000	0.000000	0.000000	0.000000	0.000000
25	tsk_25	(x)	1	:	0.000000	0.000000	0.000000	0.000000	0.240360	0.000000	0.000002	0.000000	0.379817	0.000000	0.000000	0.000000	0.000000	0.379820	0.000000
26	tsk_26	(x)	1	:	0.000000	0.000000	0.000016	0.000000	0.000000	0.000000	0.000000	0.502757	0.000000	0.000000	0.000000	0.000000	0.000000	0.497227	0.000000
27	tsk_27	(x)	1	:	0.000000	0.000000	0.000000	0.000000	0.000000	0.000000	0.000006	0.000000	0.999994	0.000000	0.000000	0.000000	0.000000	0.000000	0.000000
28	tsk_28	(x)	1	:	0.000000	0.000000	0.000000	0.000000	0.000000	0.000000	0.000007	0.000000	0.999993	0.000000	0.000000	0.000000	0.000000	0.000000	0.000000
29	tsk_29	(x)	1	:	0.000000	0.540491	0.000033	0.000000	0.000000	0.000000	0.000001	0.000000	0.459475	0.000000	0.000000	0.000000	0.000000	0.000000	0.000000
30	tsk_30	(x)	1	:	0.000000	0.000000	0.490984	0.000000	0.000000	0.000000	0.000000	0.509016	0.000000	0.000000	0.000000	0.000000	0.000000	0.000000	0.000000
31	tsk_31	(x)	1	:	0.000000	0.000000	0.005097	0.000000	0.000000	0.000000	0.000000	0.498445	0.000000	0.000000	0.000000	0.000000	0.000000	0.000000	0.496457
32	tsk_32	(x)	1	:	0.000000	0.307119	0.000000	0.000000	0.000000	0.000000	0.000000	0.692881	0.000000	0.000000	0.000000	0.000000	0.000000	0.000000	0.000000
33	tsk_33	(x)	1	:	0.000000	0.000005	0.010131	0.000000	0.000000	0.000000	0.000002	0.494397	0.495465	0.000000	0.000000	0.000000	0.000000	0.000000	0.000000
34	tsk_34	(x)	1	:	0.000000	0.000000	0.000000	0.000000	0.000000	0.000000	0.000010	0.000000	0.999989	0.000000	0.000000	0.000000	0.000000	0.000000	0.000000
35	tsk_35	(x)	1	:	0.000000	0.000000	0.491110	0.000000	0.000000	0.000000	0.000000	0.000000	0.508890	0.000000	0.000000	0.000000	0.000000	0.000000	0.000000
36	tsk_36	(x)	1	:	0.000000	0.000000	0.000000	0.000000	0.000000	0.000000	0.000000	1.000000	0.000000	0.000000	0.000000	0.000000	0.000000	0.000000	0.000000
37	tsk_37	(x)	1	:	0.000000	1.000000	0.000000	0.000000	0.000000	0.000000	0.000000	0.000000	0.000000	0.000000	0.000000	0.000000	0.000000	0.000000	0.000000
38	tsk_38	(x)	1	:	0.000000	0.000000	0.002627	0.000000	0.000000	0.000000	0.000001	0.504595	0.492777	0.000000	0.000000	0.000000	0.000000	0.000000	0.000000
39	tsk_39	(x)	1	:	0.000000	0.000006	0.073138	0.000000	0.069854	0.000000	0.000000	0.497956	0.000000	0.000000	0.359046	0.000000	0.000000	0.000000	0.000000
40	tsk_40	(x)	1	:	0.000000	0.000000	0.000000	0.000000	0.000000	0.000000	0.000000	0.000000	0.000000	0.000000	0.000000	0.000000	0.000000	1.000000	0.000000
41	tsk_41	(x)	1	:	0.000000	0.000000	0.000000	0.000000	0.000000	0.000000	0.000000	0.000000	0.000000	1.000000	0.000000	0.000000	0.000000	0.000000	0.000000
42	tsk_42	(x)	1	:	0.000000	0.000000	0.000000	0.000000	0.089465	0.000000	0.000000	0.000000	0.000000	0.000000	0.359531	0.000000	0.000000	0.551004	0.000000
43	tsk_43	(x)	1	:	0.000000	0.000000	0.491109	0.000000	0.000000	0.000000	0.000000	0.000000	0.508891	0.000000	0.000000	0.000000	0.000000	0.000000	0.000000
44	tsk_44	(x)	1	:	0.000000	0.000000	0.000000	0.000000	0.089517	0.000000	0.000000	0.000000	0.000000	0.500023	0.359510	0.000000	0.000000	0.050950	0.000000
45	tsk_45	(x)	1	:	0.000000	0.000000	0.000000	0.000000	0.000000	0.000000	0.000000	0.000000	0.000000	0.500000	0.000000	0.000000	0.000000	0.500000	0.000000
46	tsk_46	(x)	1	:	0.000000	0.000000	0.498888	0.000000	0.000000	0.000000	0.000000	0.000000	0.000000	0.501112	0.000000	0.000000	0.000000	0.000000	0.000000
47	tsk_47	(x)	1	:	0.000000	0.000000	0.003945	0.000000	0.000000	0.000000	0.000003	0.000000	0.496699	0.000000	0.000000	0.000000	0.000000	0.499353	0.000000
48	tsk_48	(x)	1	:	0.000000	0.000000	0.000000	0.000000	0.089464	0.000000	0.000000	0.000000	0.000000	0.000000	0.359532	0.000000	0.000000	0.551004	0.000000
49	tsk_49	(x)	1	:	0.000000	0.000000	0.004393	0.000000	0.000000	0.000000	0.000002	0.000000	0.496325	0.000000	0.000000	0.000000	0.000000	0.499280	0.000000
50	tsk_50	(x)	1	:	0.492519	0.476740	0.030740	0.000000	0.000000	0.000000	0.000000	0.000000	0.000000	0.000000	0.000000	0.000000	0.000000	0.000000	0.000000
51	tsk_51	(x)	1	:	0.477931	0.000000	0.000000	0.000000	0.000000	0.000000	0.522069	0.000000	0.000000	0.000000	0.000000	0.000000	0.000000	0.000000	0.000000
52	tsk_52	(x)	1	:	0.000000	0.000000	0.006067	0.000000	0.000000	0.000000	0.000006	0.000000	0.499332	0.000000	0.000000	0.000000	0.000000	0.000000	0.494596
53	tsk_53	(x)	1	:	1.000000	0.000000	0.000000	0.000000	0.000000	0.000000	0.000000	0.000000	0.000000	0.000000	0.000000	0.000000	0.000000	0.000000	0.000000
54	tsk_54	(x)	1	:	1.000000	0.000000	0.000000	0.000000	0.000000	0.000000	0.000000	0.000000	0.000000	0.000000	0.000000	0.000000	0.000000	0.000000	0.000000
55	tsk_55	(x)	1	:	0.492604	0.476853	0.030543	0.000000	0.000000	0.000000	0.000000	0.000000	0.000000	0.000000	0.000000	0.000000	0.000000	0.000000	0.000000
56	tsk_56	(x)	1	:	0.490960	0.000000	0.005643	0.000000	0.000000	0.000000	0.000001	0.000000	0.503396	0.000000	0.000000	0.000000	0.000000	0.000000	0.000000
57	tsk_57	(x)	1	:	0.539432	0.000000	0.000000	0.000000	0.000000	0.000000	0.000000	0.000000	0.000000	0.000000	0.000000	0.000000	0.000000	0.460568	0.000000
58	tsk_58	(x)	1	:	0.000000	0.000000	0.003818	0.000000	0.000000	0.000000	0.000002	0.000000	0.496806	0.000000	0.000000	0.000000	0.000000	0.499374	0.000000
59	tsk_59	(x)	1	:	0.000000	0.000000	0.000000	0.000000	0.000000	0.000000	0.999841	0.000000	0.000158	0.000000	0.000000	0.000000	0.000000	0.000000	0.000000
60	tsk_60	(x)	1	:	0.000000	0.000000	0.000000	0.465343	0.000067	0.000000	0.000000	0.000000	0.000000	0.000000	0.000000	0.000000	0.000000	0.534590	0.000000
61	tsk_61	(x)	1	:	0.000000	0.000000	0.003030	0.538857	0.000000	0.000000	0.000002	0.000000	0.458110	0.000000	0.000000	0.000000	0.000000	0.000000	0.000000
62	tsk_62	(x)	1	:	0.000000	0.000000	0.013192	0.000000	0.000000	0.000000	0.000000	0.000000	0.000000	0.000000	0.000000	0.484425	0.000000	0.502383	0.000000
63	tsk_63	(x)	1	:	0.000000	0.000000	0.000000	0.000000	0.000000	0.000000	0.000000	0.000000	0.000000	0.000000	0.000000	0.000000	1.000000	0.000000	0.000000
64	tsk_64	(x)	1	:	0.000000	0.000000	0.002394	0.539000	0.000000	0.000000	0.000001	0.000000	0.458606	0.000000	0.000000	0.000000	0.000000	0.000000	0.000000
65	tsk_65	(x)	1	:	0.000000	0.475178	0.019940	0.000000	0.000000	0.000000	0.000000	0.000000	0.504881	0.000000	0.000000	0.000000	0.000000	0.000000	0.000000
66	tsk_66	(x)	1	:	0.000000	0.000000	0.003274	0.000000	0.000000	0.000000	0.000001	0.000000	0.497262	0.000000	0.000000	0.000000	0.000000	0.499463	0.000000
67	tsk_67	(x)	1	:	0.000000	0.000000	0.002548	0.538965	0.000000	0.000000	0.000001	0.000000	0.458486	0.000000	0.000000	0.000000	0.000000	0.000000	0.000000
68	tsk_68	(x)	1	:	0.000000	0.000000	0.664005	0.000000	0.000000	0.000000	0.000000	0.000000	0.335995	0.000000	0.000000	0.000000	0.000000	0.000000	0.000000
69	tsk_69	(x)	1	:	0.000000	0.000000	0.491110	0.000000	0.000000	0.000000	0.000001	0.000000	0.508889	0.000000	0.000000	0.000000	0.000000	0.000000	0.000000
70	tsk_70	(x)	1	:	0.000000	0.000000	0.004106	0.000000	0.000000	0.000000	0.000002	0.000000	0.496565	0.000000	0.000000	0.000000	0.000000	0.499327	0.000000
71	tsk_71	(x)	1	:	0.000000	0.477602	0.019946	0.000000	0.000000	0.000000	0.000000	0.000000	0.000000	0.000000	0.000000	0.000000	0.000000	0.502452	0.000000
72	tsk_72	(x)	1	:	0.000000	0.000000	0.000000	0.000000	0.000000	0.000000	0.000003	0.000000	0.999997	0.000000	0.000000	0.000000	0.000000	0.000000	0.000000
73	tsk_73	(x)	1	:	0.000000	1.000000	0.000000	0.000000	0.000000	0.000000	0.000000	0.000000	0.000000	0.000000	0.000000	0.000000	0.000000	0.000000	0.000000
74	tsk_74	(x)	1	:	0.000000	0.458458	0.000000	0.000000	0.000000	0.000000	0.000000	0.000000	0.000000	0.000000	0.541542	0.000000	0.000000	0.000000	0.000000
75	tsk_75	(x)	1	:	0.000000	0.000000	0.003901	0.000000	0.000000	0.000000	0.000002	0.000000	0.496736	0.000000	0.000000	0.000000	0.000000	0.499360	0.000000
76	tsk_76	(x)	1	:	0.000000	0.476724	0.032570	0.000000	0.000000	0.000000	0.000000	0.000000	0.000000	0.000000	0.490706	0.000000	0.000000	0.000000	0.000000
77	tsk_77	(x)	1	:	0.000000	0.465022	0.000000	0.000000	0.000000	0.000000	0.534978	0.000000	0.000000	0.000000	0.000000	0.000000	0.000000	0.000000	0.000000
78	tsk_78	(x)	1	:	0.000000	0.000000	0.000000	0.000000	0.000000	0.000000	0.000002	0.000000	0.999997	0.000000	0.000000	0.000000	0.000000	0.000000	0.000000
79	tsk_79	(x)	1	:	0.000000	0.000000	0.000000	0.000000	0.000000	0.000000	0.999943	0.000000	0.000057	0.000000	0.000000	0.000000	0.000000	0.000000	0.000000
80	tsk_80	(x)	1	:	0.000000	0.000000	1.000000	0.000000	0.000000	0.000000	0.000000	0.000000	0.000000	0.000000	0.000000	0.000000	0.000000	0.000000	0.000000
81	tsk_81	(x)	1	:	0.000000	0.000000	0.503825	0.000000	0.000000	0.000000	0.000000	0.000000	0.000000	0.000000	0.000000	0.000000	0.000000	0.000000	0.496175
82	tsk_82	(x)	1	:	0.000000	0.636605	0.000000	0.000000	0.000000	0.000000	0.000000	0.363395	0.000000	0.000000	0.000000	0.000000	0.000000	0.000000	0.000000
83	tsk_83	(x)	1	:	0.000000	0.000000	0.000000	0.000000	0.000000	0.000000	0.000000	0.000000	0.000000	0.000000	0.000000	0.529496	0.000000	0.470504	0.000000
84	tsk_84	(x)	1	:	0.000000	0.000000	0.517093	0.000000	0.000000	0.000000	0.000000	0.000000	0.000000	0.000000	0.000000	0.482907	0.000000	0.000000	0.000000
85	tsk_85	(x)	1	:	0.000000	0.000000	0.498221	0.000000	0.000000	0.000000	0.000000	0.000000	0.000000	0.000000	0.000000	0.000000	0.000000	0.501779	0.000000
86	tsk_86	(x)	1	:	0.000000	0.000000	0.000000	0.000000	0.000000	0.000000	0.548866	0.000000	0.000000	0.000000	0.000000	0.000000	0.000000	0.451134	0.000000
87	tsk_87	(x)	1	:	0.000000	0.000000	1.000000	0.000000	0.000000	0.000000	0.000000	0.000000	0.000000	0.000000	0.000000	0.000000	0.000000	0.000000	0.000000
88	tsk_88	(x)	1	:	0.000000	0.000000	0.000562	0.000000	0.000000	0.000000	0.000000	0.000000	0.000000	0.000000	0.000000	0.000000	0.000000	0.502589	0.496849
89	tsk_89	(x)	1	:	0.000000	0.000000	0.303066	0.000000	0.000000	0.000000	0.000000	0.000000	0.000000	0.000000	0.000000	0.195167	0.000000	0.501767	0.000000
90	tsk_90	(x)	1	:	0.000000	0.589110	0.000000	0.000000	0.000000	0.000000	0.000000	0.000000	0.410890	0.000000	0.000000	0.000000	0.000000	0.000000	0.000000
91	tsk_91	(x)	1	:	0.000000	0.516559	0.000000	0.000000	0.000000	0.000000	0.000000	0.000000	0.000000	0.483440	0.000000	0.000000	0.000000	0.000001	0.000000
92	tsk_92	(x)	1	:	0.000000	0.000000	0.000000	0.000000	0.000000	0.000000	0.000000	0.000000	0.000000	0.000000	0.000000	1.000000	0.000000	0.000000	0.000000
93	tsk_93	(x)	1	:	0.000000	0.542365	0.000014	0.000000	0.000000	0.000000	0.000001	0.000000	0.457620	0.000000	0.000000	0.000000	0.000000	0.000000	0.000000
94	tsk_94	(x)	1	:	0.000000	0.476301	0.041067	0.000000	0.000000	0.000000	0.000000	0.000000	0.000000	0.000000	0.000000	0.482632	0.000000	0.000000	0.000000
95	tsk_95	(x)	1	:	0.000000	0.522408	0.000000	0.000000	0.000000	0.000000	0.000000	0.000000	0.000000	0.000000	0.000000	0.000000	0.000000	0.477592	0.000000
96	tsk_96	(x)	1	:	0.000000	0.000000	0.000000	0.000000	0.000000	0.000000	0.000000	0.000000	0.000000	0.000000	0.000000	1.000000	0.000000	0.000000	0.000000
97	tsk_97	(x)	1	:	0.000000	0.000000	0.000000	0.000000	0.000000	0.000000	0.000009	0.000000	0.599427	0.000000	0.000000	0.000000	0.400564	0.000000	0.000000
98	tsk_98	(x)	1	:	0.000000	0.476305	0.041055	0.000000	0.000000	0.000000	0.000000	0.000000	0.000000	0.000000	0.000000	0.482639	0.000000	0.000000	0.000000
99	tsk_99	(x)	1	:	0.000000	0.000000	0.000000	0.000000	0.000000	0.000000	0.000000	0.000000	0.000000	0.000000	0.000000	1.000000	0.000000	0.000000	0.000000
100	tsk_100	(x)	1	:	0.000000	0.000000	0.033851	0.457099	0.000036	0.000000	0.000003	0.000000	0.509011	0.000000	0.000000	0.000000	0.000000	0.000000	0.000000
101	tsk_101	(x)	1	:	0.490965	0.000000	0.005618	0.000000	0.000000	0.000000	0.000001	0.000000	0.503416	0.000000	0.000000	0.000000	0.000000	0.000000	0.000000
102	tsk_102	(x)	1	:	0.000000	0.000000	0.000146	0.000000	0.000000	0.000000	0.000066	0.000000	0.469650	0.000000	0.000000	0.000000	0.000000	0.000000	0.530138
103	tsk_103	(x)	1	:	0.490883	0.000000	0.006037	0.000000	0.000000	0.000000	0.000001	0.000000	0.503080	0.000000	0.000000	0.000000	0.000000	0.000000	0.000000
104	tsk_104	(x)	1	:	0.000000	0.000000	0.000000	0.465335	0.000078	0.000000	0.000000	0.000000	0.000000	0.000000	0.000000	0.000000	0.000000	0.534587	0.000000
105	tsk_105	(x)	1	:	0.000000	0.000000	0.004731	0.000000	0.000000	0.000000	0.000004	0.000000	0.500482	0.000000	0.000000	0.000000	0.000000	0.000000	0.494783
106	tsk_106	(x)	1	:	0.000000	0.000000	0.002920	0.000000	0.000000	0.000000	0.000002	0.000000	0.502041	0.000000	0.000000	0.000000	0.000000	0.000000	0.495037
107	tsk_107	(x)	1	:	1.000000	0.000000	0.000000	0.000000	0.000000	0.000000	0.000000	0.000000	0.000000	0.000000	0.000000	0.000000	0.000000	0.000000	0.000000
108	tsk_108	(x)	1	:	0.000000	0.000000	0.001987	0.000000	0.000000	0.000000	0.000001	0.000000	0.498338	0.000000	0.000000	0.000000	0.000000	0.499673	0.000000
109	tsk_109	(x)	1	:	0.000000	0.000000	0.000000	0.000000	0.000000	0.000000	0.000000	0.000000	1.000000	0.000000	0.000000	0.000000	0.000000	0.000000	0.000000
110	tsk_110	(x)	1	:	0.000000	0.000000	0.000000	0.000000	0.000000	0.000000	0.000000	0.000000	0.000000	0.000000	0.000000	0.000000	0.000000	0.000000	1.000000
111	tsk_111	(x)	1	:	0.000000	0.000000	0.000000	0.000000	0.000000	0.000000	0.000000	0.000000	0.000000	0.000000	1.000000	0.000000	0.000000	0.000000	0.000000
112	tsk_112	(x)	1	:	0.000000	0.000000	0.000000	0.000000	0.000000	0.000000	0.000000	0.000000	0.000000	0.000000	0.000000	0.000000	0.000000	0.000000	1.000000
113	tsk_113	(x)	1	:	0.351099	0.000000	0.125013	0.000000	0.285984	0.000000	0.000000	0.000000	0.000000	0.000000	0.000000	0.237904	0.000000	0.000000	0.000000
114	tsk_114	(x)	1	:	0.540698	0.000000	0.000000	0.000000	0.000000	0.000000	0.000000	0.000000	0.459301	0.000000	0.000000	0.000000	0.000000	0.000000	0.000000
115	tsk_115	(x)	1	:	0.000000	0.000000	0.000000	0.000000	0.000000	0.000000	0.000008	0.000000	0.999992	0.000000	0.000000	0.000000	0.000000	0.000000	0.000000
116	tsk_116	(x)	1	:	0.000000	0.000000	0.000000	0.000000	0.000000	0.000000	0.000000	0.000000	0.000000	0.000000	0.000000	0.000000	0.000000	0.000000	1.000000
117	tsk_117	(x)	1	:	1.000000	0.000000	0.000000	0.000000	0.000000	0.000000	0.000000	0.000000	0.000000	0.000000	0.000000	0.000000	0.000000	0.000000	0.000000
118	tsk_118	(x)	1	:	0.000000	0.000000	0.000074	0.000000	0.000000	0.000000	0.000009	0.000000	0.469773	0.000000	0.000000	0.000000	0.000000	0.000000	0.530144
119	tsk_119	(x)	1	:	0.000000	0.000000	0.000559	0.000000	0.000000	0.000000	0.000000	0.000000	0.000000	0.000000	0.000000	0.000000	0.000000	0.502591	0.496850
120	tsk_120	(x)	1	:	0.000000	0.000000	0.000000	0.000000	0.000000	0.000000	0.000000	0.000000	0.000000	1.000000	0.000000	0.000000	0.000000	0.000000	0.000000
121	tsk_121	(x)	1	:	0.000000	0.476481	0.523518	0.000000	0.000000	0.000000	0.000000	0.000000	0.000000	0.000000	0.000000	0.000000	0.000000	0.000000	0.000000
122	tsk_122	(x)	1	:	0.000000	0.000000	0.000000	0.000000	0.000000	0.000000	0.000000	0.000000	0.000000	1.000000	0.000000	0.000000	0.000000	0.000000	0.000000
123	tsk_123	(x)	1	:	0.000000	0.000000	0.517093	0.000000	0.000000	0.000000	0.000000	0.000000	0.000000	0.000000	0.000000	0.482907	0.000000	0.000000	0.000000
124	tsk_124	(x)	1	:	0.000000	0.476481	0.523518	0.000000	0.000000	0.000000	0.000000	0.000000	0.000000	0.000000	0.000000	0.000000	0.000000	0.000000	0.000000
125	tsk_125	(x)	1	:	0.000000	0.000000	0.000000	0.000000	0.000000	0.000000	0.000000	0.000000	0.000000	0.500000	0.000000	0.000000	0.000000	0.500000	0.000000
126	tsk_126	(x)	1	:	0.000000	0.476297	0.041075	0.000000	0.000000	0.000000	0.000000	0.000000	0.000000	0.000000	0.000000	0.482627	0.000000	0.000000	0.000000
127	tsk_127	(x)	1	:	0.000000	0.000000	0.498888	0.000000	0.000000	0.000000	0.000000	0.000000	0.000000	0.501112	0.000000	0.000000	0.000000	0.000000	0.000000
128	tsk_128	(x)	1	:	0.000000	0.476481	0.523518	0.000000	0.000000	0.000000	0.000000	0.000000	0.000000	0.000000	0.000000	0.000000	0.000000	0.000000	0.000000
129	tsk_129	(x)	1	:	0.000000	0.000000	0.498888	0.000000	0.000000	0.000000	0.000000	0.000000	0.000000	0.501112	0.000000	0.000000	0.000000	0.000000	0.000000
130	tsk_130	(x)	1	:	0.000000	0.515830	0.000000	0.000000	0.000000	0.000000	0.000000	0.000000	0.000000	0.484168	0.000000	0.000000	0.000000	0.000002	0.000000
131	tsk_131	(x)	1	:	0.000000	0.000000	0.000000	0.000000	0.000000	0.000000	0.000000	0.000000	0.000000	0.500000	0.000000	0.000000	0.000000	0.500000	0.000000
132	tsk_132	(x)	1	:	0.000000	0.000000	0.000000	0.000000	0.000000	0.000000	0.000000	0.000000	0.000000	0.000000	0.000000	0.000000	0.000000	1.000000	0.000000
133	tsk_133	(x)	1	:	0.000000	0.000000	0.000000	0.000000	0.000000	0.000000	0.000000	0.000000	0.000000	0.000000	0.000000	0.000000	0.000000	1.000000	0.000000
134	tsk_134	(x)	1	:	0.492081	0.000000	0.000000	0.000000	0.000000	0.000000	0.000000	0.000000	0.000000	0.000000	0.000000	0.000000	0.000000	0.507919	0.000000
135	tsk_135	(x)	1	:	0.000000	0.000000	0.005154	0.000000	0.000000	0.000000	0.000003	0.000000	0.495687	0.000000	0.000000	0.000000	0.000000	0.499156	0.000000
136	tsk_136	(x)	1	:	0.000000	0.552318	0.447682	0.000000	0.000000	0.000000	0.000000	0.000000	0.000000	0.000000	0.000000	0.000000	0.000000	0.000000	0.000000
137	tsk_137	(x)	1	:	0.000000	0.000000	0.498221	0.000000	0.000000	0.000000	0.000000	0.000000	0.000000	0.000000	0.000000	0.000000	0.000000	0.501779	0.000000
138	tsk_138	(x)	1	:	0.000000	0.476481	0.523518	0.000000	0.000000	0.000000	0.000000	0.000000	0.000000	0.000000	0.000000	0.000000	0.000000	0.000000	0.000000
139	tsk_139	(x)	1	:	0.000000	0.475149	0.020062	0.000000	0.000000	0.000000	0.000001	0.000000	0.504789	0.000000	0.000000	0.000000	0.000000	0.000000	0.000000
140	tsk_140	(x)	1	:	0.000000	0.000000	0.000000	0.000000	0.000000	0.000000	0.000000	0.000000	0.000000	0.000000	0.503334	0.000000	0.000000	0.496666	0.000000
141	tsk_141	(x)	1	:	0.000000	0.000000	0.000076	0.000000	0.517758	0.000000	0.000000	0.000000	0.000000	0.000000	0.000000	0.000000	0.000000	0.000000	0.482166
142	tsk_142	(x)	1	:	0.000000	0.000000	0.000000	0.000000	0.000000	0.000000	0.999710	0.000000	0.000290	0.000000	0.000000	0.000000	0.000000	0.000000	0.000000
143	tsk_143	(x)	1	:	0.000000	0.477011	0.020892	0.000000	0.000000	0.000000	0.000000	0.000000	0.000000	0.000000	0.000000	0.000000	0.000000	0.502098	0.000000
144	tsk_144	(x)	1	:	0.000000	0.000000	0.000000	0.000000	0.000000	0.000000	0.000000	0.000000	0.000000	0.000000	1.000000	0.000000	0.000000	0.000000	0.000000
145	tsk_145	(x)	1	:	0.000000	0.000000	0.000000	0.000000	0.000000	0.000000	0.000000	0.000000	0.000000	0.000000	0.557110	0.000000	0.000000	0.442890	0.000000
146	tsk_146	(x)	1	:	0.000000	0.000000	0.002935	0.000000	0.000000	0.000000	0.000003	0.000000	0.494356	0.000000	0.502706	0.000000	0.000000	0.000000	0.000000
147	tsk_147	(x)	1	:	0.000000	0.463218	0.001429	0.000000	0.535354	0.000000	0.000000	0.000000	0.000000	0.000000	0.000000	0.000000	0.000000	0.000000	0.000000
148	tsk_148	(x)	1	:	0.000000	0.477306	0.020419	0.000000	0.000000	0.000000	0.000000	0.000000	0.000000	0.000000	0.000000	0.000000	0.000000	0.502274	0.000000
149	tsk_149	(x)	1	:	0.000000	0.423335	0.000000	0.000000	0.576664	0.000000	0.000000	0.000000	0.000000	0.000000	0.000000	0.000000	0.000000	0.000000	0.000000
