logL = -830.685503 (converged)
AIC = 5277.371006
BIC = 10720.599617

count.K
7 2 3 33 15 4 14 2 17 44 9 

