logL = -2355.559448 (converged)
AIC = 6391.118896
BIC = 8920.052543

count.K
37 25 38 18 32 

