logL = -1336.390559 (converged)
AIC = 5380.781118
BIC = 9457.181306

count.K
15 4 7 30 11 26 25 32 

