logL = -1951.660079 (converged)
AIC = 8959.320158
BIC = 16570.206181

count.K
36 9 25 1 14 2 33 10 0 5 2 1 12 

