logL = -1928.500563 (converged)
AIC = 6029.001126
BIC = 9298.551055

count.K
57 14 16 36 13 14 

