logL = -1580.779129 (converged)
AIC = 7041.558258
BIC = 12882.190729

count.K
8 1 48 7 20 2 46 2 1 4 11 

