logL = -1662.472681 (converged)
AIC = 7004.945361
BIC = 12544.514302

count.K
22 6 4 2 3 0 59 10 34 10 

