logL = -1652.457572 (converged)
AIC = 4132.915145
BIC = 5379.318156

count.K
42 13 95 

