logL = -883.603413 (converged)
AIC = 4029.206826
BIC = 7434.235343

count.K
27 25 11 40 3 18 26 

