0	tsk_0	(x)	1	:	0.000000	0.000000	0.000000	0.000000	0.256320	0.000000	0.000000	0.000000	0.246730	0.000000	0.000000	0.496950
1	tsk_1	(x)	1	:	0.000000	0.000000	0.000000	0.000000	0.000000	0.000000	0.000000	0.000000	0.007067	0.499336	0.000000	0.493598
2	tsk_2	(x)	1	:	0.000000	0.000000	0.000000	0.000000	0.000000	0.000000	0.000000	0.000000	0.000000	0.000000	0.000000	1.000000
3	tsk_3	(x)	1	:	0.000000	0.000000	0.499838	0.000000	0.004497	0.000000	0.000000	0.000000	0.000000	0.000000	0.000000	0.495665
4	tsk_4	(x)	1	:	0.000000	0.000000	0.000000	0.000000	0.297844	0.000000	0.000000	0.000000	0.202156	0.500000	0.000000	0.000000
5	tsk_5	(x)	1	:	0.000000	0.000000	0.000000	0.000000	0.264630	0.000000	0.000000	0.000000	0.238420	0.000000	0.000000	0.496950
6	tsk_6	(x)	1	:	0.000000	0.000000	0.000000	0.000000	0.002860	0.000000	0.000000	0.000000	0.003982	0.499373	0.000000	0.493786
7	tsk_7	(x)	1	:	0.000000	0.000000	0.000000	0.000000	0.000000	0.000000	0.000000	0.000000	0.000000	0.000000	0.000000	1.000000
8	tsk_8	(x)	1	:	0.000000	0.000000	0.000000	0.000000	0.000000	0.000000	0.000000	0.000000	0.000000	1.000000	0.000000	0.000000
9	tsk_9	(x)	1	:	0.000000	0.000000	0.000000	0.000000	0.002841	0.000000	0.000000	0.000000	0.005450	0.499134	0.000000	0.492575
10	tsk_10	(x)	1	:	0.000000	0.000000	0.000000	0.000000	0.000000	0.000000	0.000000	0.000000	0.000000	0.000000	0.000000	1.000000
11	tsk_11	(x)	1	:	0.000000	0.000000	0.000000	0.000000	0.000000	0.000000	1.000000	0.000000	0.000000	0.000000	0.000000	0.000000
12	tsk_12	(x)	1	:	0.000000	0.000000	0.000000	0.000000	0.004119	0.000000	0.496400	0.000000	0.002651	0.000000	0.000000	0.496830
13	tsk_13	(x)	1	:	0.515834	0.000000	0.000000	0.000000	0.000000	0.000000	0.484165	0.000000	0.000000	0.000000	0.000000	0.000000
14	tsk_14	(x)	1	:	0.000000	0.000000	0.000000	0.000000	0.000000	0.468753	0.000000	0.000000	0.000000	0.000000	0.000000	0.531246
15	tsk_15	(x)	1	:	0.515834	0.000000	0.000000	0.000000	0.000000	0.000000	0.484165	0.000000	0.000000	0.000000	0.000000	0.000001
16	tsk_16	(x)	1	:	0.000000	0.000000	0.000000	0.000000	0.000000	0.000000	1.000000	0.000000	0.000000	0.000000	0.000000	0.000000
17	tsk_17	(x)	1	:	0.515834	0.000000	0.000000	0.000000	0.000000	0.000000	0.484165	0.000000	0.000000	0.000000	0.000000	0.000000
18	tsk_18	(x)	1	:	0.000000	0.000000	0.000000	0.000000	0.000000	0.462032	0.537968	0.000000	0.000000	0.000000	0.000000	0.000000
19	tsk_19	(x)	1	:	1.000000	0.000000	0.000000	0.000000	0.000000	0.000000	0.000000	0.000000	0.000000	0.000000	0.000000	0.000000
20	tsk_20	(x)	1	:	0.000000	0.000000	0.000000	0.653737	0.286046	0.000000	0.000000	0.000000	0.060216	0.000000	0.000000	0.000000
21	tsk_21	(x)	1	:	0.000000	0.000000	0.000000	0.653737	0.313955	0.000000	0.000000	0.000000	0.032307	0.000000	0.000000	0.000000
22	tsk_22	(x)	1	:	0.000000	0.000000	0.000000	0.390109	0.000000	0.158912	0.450978	0.000000	0.000000	0.000000	0.000000	0.000000
23	tsk_23	(x)	1	:	0.000000	0.000000	0.000000	0.000000	0.684656	0.000000	0.000000	0.000000	0.315344	0.000000	0.000000	0.000000
24	tsk_24	(x)	1	:	0.000000	0.000000	0.000000	0.000000	0.000000	0.000000	0.000000	0.499551	0.006676	0.000000	0.000000	0.493774
25	tsk_25	(x)	1	:	0.000000	0.000000	0.000000	0.000000	0.813974	0.000000	0.000000	0.000000	0.186026	0.000000	0.000000	0.000000
26	tsk_26	(x)	1	:	0.000000	0.000000	0.000000	0.000000	0.005983	0.000000	0.496530	0.000000	0.000000	0.000000	0.000000	0.497487
27	tsk_27	(x)	1	:	0.000000	0.000000	0.000000	0.000000	0.577094	0.000000	0.000000	0.000000	0.422906	0.000000	0.000000	0.000000
28	tsk_28	(x)	1	:	0.000000	0.000000	0.000000	0.000000	0.436033	0.000000	0.496424	0.000000	0.067543	0.000000	0.000000	0.000000
29	tsk_29	(x)	1	:	0.000000	0.000000	0.000000	0.000000	0.056080	0.000000	0.000090	0.499936	0.443895	0.000000	0.000000	0.000000
30	tsk_30	(x)	1	:	0.000000	0.000000	0.500337	0.000000	0.000000	0.000000	0.000000	0.000000	0.000000	0.000000	0.000000	0.499663
31	tsk_31	(x)	1	:	0.000000	0.000000	0.000000	0.000000	0.002333	0.000000	0.497137	0.000000	0.000000	0.000000	0.000000	0.500529
32	tsk_32	(x)	1	:	0.000000	0.000000	0.500000	0.000000	0.000000	0.000000	0.000000	0.000000	0.000000	0.500000	0.000000	0.000000
33	tsk_33	(x)	1	:	0.000000	0.000000	0.000000	0.000000	0.364526	0.000000	0.000000	0.000000	0.138524	0.000000	0.000000	0.496950
34	tsk_34	(x)	1	:	0.000000	0.000000	0.000000	0.000000	0.000325	0.000000	0.496784	0.000000	0.004127	0.000000	0.000000	0.498764
35	tsk_35	(x)	1	:	0.000000	0.000000	0.000000	0.000000	0.395951	0.000000	0.000000	0.000000	0.107098	0.000000	0.000000	0.496950
36	tsk_36	(x)	1	:	0.000000	0.000000	0.000000	0.000000	0.000000	0.000000	0.000000	0.000000	0.000000	0.000000	0.000000	1.000000
37	tsk_37	(x)	1	:	0.000000	0.000000	0.000000	0.000000	0.000636	0.000000	0.000000	0.000000	0.007348	0.499185	0.000000	0.492831
38	tsk_38	(x)	1	:	0.000000	0.000000	0.000000	0.000000	0.314703	0.513786	0.000000	0.000000	0.171511	0.000000	0.000000	0.000000
39	tsk_39	(x)	1	:	0.000000	0.000000	0.000000	0.000000	0.000000	0.000000	0.496183	0.000000	0.008082	0.000000	0.000000	0.495735
40	tsk_40	(x)	1	:	0.000000	0.000000	1.000000	0.000000	0.000000	0.000000	0.000000	0.000000	0.000000	0.000000	0.000000	0.000000
41	tsk_41	(x)	1	:	0.000000	0.000000	0.000000	0.000000	0.456164	0.000000	0.543836	0.000000	0.000000	0.000000	0.000000	0.000000
42	tsk_42	(x)	1	:	0.000000	0.000000	0.000000	0.000000	0.003460	0.000000	0.496949	0.000000	0.000000	0.000000	0.000000	0.499591
43	tsk_43	(x)	1	:	0.000000	0.000000	0.500304	0.000000	0.000291	0.000000	0.000000	0.000000	0.000000	0.000000	0.000000	0.499404
44	tsk_44	(x)	1	:	0.000000	0.000000	0.000000	0.000000	0.212391	0.000000	0.000000	0.000000	0.290659	0.000000	0.000000	0.496950
45	tsk_45	(x)	1	:	0.000000	0.000000	0.500000	0.000000	0.474141	0.000000	0.000000	0.000000	0.025859	0.000000	0.000000	0.000000
46	tsk_46	(x)	1	:	0.000000	0.000000	0.000000	0.000000	0.416592	0.000000	0.000000	0.000000	0.086458	0.000000	0.000000	0.496950
47	tsk_47	(x)	1	:	0.509704	0.000000	0.490296	0.000000	0.000000	0.000000	0.000000	0.000000	0.000000	0.000000	0.000000	0.000000
48	tsk_48	(x)	1	:	0.000000	0.000000	0.467857	0.000000	0.000000	0.000000	0.532143	0.000000	0.000000	0.000000	0.000000	0.000000
49	tsk_49	(x)	1	:	0.000000	0.000000	0.000000	0.000000	0.000000	0.000000	1.000000	0.000000	0.000000	0.000000	0.000000	0.000000
50	tsk_50	(x)	1	:	0.000000	0.000000	0.000000	0.000000	0.001163	0.000000	0.496717	0.000000	0.003692	0.000000	0.000000	0.498427
51	tsk_51	(x)	1	:	0.539191	0.000000	0.000000	0.000000	0.415638	0.000000	0.000000	0.000000	0.045117	0.000000	0.000000	0.000054
52	tsk_52	(x)	1	:	0.539189	0.000000	0.000000	0.000000	0.421556	0.000000	0.000000	0.000000	0.039196	0.000000	0.000000	0.000059
53	tsk_53	(x)	1	:	0.513497	0.000000	0.000000	0.000000	0.000000	0.000000	0.000000	0.000000	0.000000	0.187533	0.298970	0.000000
54	tsk_54	(x)	1	:	0.000000	0.000000	0.000000	0.000000	0.000000	0.000000	0.000000	0.000000	0.000000	0.500000	0.500000	0.000000
55	tsk_55	(x)	1	:	0.303895	0.000000	0.000000	0.000000	0.012127	0.000000	0.495542	0.000000	0.000000	0.000000	0.000000	0.188435
56	tsk_56	(x)	1	:	0.000000	0.000000	0.000000	0.000000	0.000000	0.000000	0.497528	0.000000	0.000000	0.000000	0.000000	0.502472
57	tsk_57	(x)	1	:	0.000000	0.000000	0.000000	0.000000	0.364482	0.000000	0.000000	0.000000	0.138568	0.000000	0.000000	0.496950
58	tsk_58	(x)	1	:	0.303781	0.000000	0.000000	0.000000	0.000000	0.000000	0.000000	0.000000	0.000000	0.000000	0.000000	0.696219
59	tsk_59	(x)	1	:	0.000000	0.000000	0.000000	0.000000	0.003800	0.000000	0.000000	0.000000	0.006064	0.199875	0.298995	0.491266
60	tsk_60	(x)	1	:	0.303938	0.000000	0.000000	0.000000	0.007406	0.000000	0.000000	0.000000	0.003513	0.199729	0.299000	0.186414
61	tsk_61	(x)	1	:	0.303781	0.000000	0.000000	0.000000	0.000000	0.000000	0.000000	0.000000	0.000000	0.000000	0.000000	0.696219
62	tsk_62	(x)	1	:	0.000000	0.000000	0.000000	0.000000	0.000000	0.000000	0.000000	0.000000	0.000000	0.000000	0.000000	1.000000
63	tsk_63	(x)	1	:	0.000000	0.000000	0.000000	0.000000	0.000000	0.000000	0.000000	0.000000	0.000000	0.000000	0.000000	1.000000
64	tsk_64	(x)	1	:	0.700854	0.000000	0.000000	0.000000	0.000000	0.000000	0.000000	0.000000	0.000000	0.000000	0.000000	0.299146
65	tsk_65	(x)	1	:	0.303781	0.000000	0.000000	0.000000	0.000000	0.000000	0.000000	0.000000	0.000000	0.000000	0.000000	0.696219
66	tsk_66	(x)	1	:	0.303775	0.000000	0.000000	0.000000	0.395482	0.000000	0.000000	0.000000	0.107542	0.000000	0.000000	0.193201
67	tsk_67	(x)	1	:	0.303781	0.000000	0.000000	0.000000	0.000000	0.000000	0.000000	0.000000	0.000000	0.000000	0.000000	0.696219
68	tsk_68	(x)	1	:	0.303681	0.000000	0.499805	0.000000	0.002756	0.000000	0.000000	0.000000	0.001891	0.000000	0.000000	0.191867
69	tsk_69	(x)	1	:	0.000000	0.000000	0.500000	0.000000	0.000000	0.000000	0.000000	0.000000	0.000000	0.500000	0.000000	0.000000
70	tsk_70	(x)	1	:	0.000000	0.000000	0.000000	0.000000	0.000000	0.000000	0.000000	0.000000	0.000000	0.000000	0.000000	1.000000
71	tsk_71	(x)	1	:	0.000000	0.000000	0.000000	0.000000	0.000000	0.000000	0.000000	0.000000	0.000000	0.000000	0.000000	1.000000
72	tsk_72	(x)	1	:	0.301065	0.000000	0.000000	0.559850	0.000000	0.000000	0.000000	0.000000	0.000000	0.000000	0.000000	0.139084
73	tsk_73	(x)	1	:	0.000000	0.000000	0.000000	0.000000	0.002920	0.000000	0.000000	0.000000	0.006914	0.498881	0.000000	0.491284
74	tsk_74	(x)	1	:	0.546265	0.000000	0.000000	0.000000	0.000000	0.000000	0.453735	0.000000	0.000000	0.000000	0.000000	0.000000
75	tsk_75	(x)	1	:	0.303781	0.000000	0.000000	0.000000	0.000000	0.000000	0.000000	0.000000	0.000000	0.000000	0.000000	0.696219
76	tsk_76	(x)	1	:	0.000000	0.000000	0.000000	0.585632	0.000000	0.414368	0.000000	0.000000	0.000000	0.000000	0.000000	0.000000
77	tsk_77	(x)	1	:	0.000000	0.000000	0.000000	0.561341	0.000003	0.000000	0.000000	0.000000	0.000002	0.000000	0.000000	0.438653
78	tsk_78	(x)	1	:	0.000000	0.000000	0.000000	0.000000	0.000000	0.000000	0.000000	0.000000	0.000000	0.000000	0.000000	1.000000
79	tsk_79	(x)	1	:	0.000000	0.000000	0.000000	0.000000	0.001186	0.000000	0.000000	0.000000	0.004861	0.499504	0.000000	0.494449
80	tsk_80	(x)	1	:	0.000000	0.000000	0.502555	0.000000	0.000000	0.000000	0.497445	0.000000	0.000000	0.000000	0.000000	0.000000
81	tsk_81	(x)	1	:	0.000000	0.000000	0.000000	0.000000	0.768535	0.000000	0.000000	0.000000	0.231465	0.000000	0.000000	0.000000
82	tsk_82	(x)	1	:	0.000000	0.000000	0.000000	0.000000	0.329464	0.000000	0.000000	0.000000	0.173586	0.000000	0.000000	0.496950
83	tsk_83	(x)	1	:	0.000000	0.000000	0.000000	0.000000	0.467695	0.000000	0.496424	0.000000	0.035881	0.000000	0.000000	0.000000
84	tsk_84	(x)	1	:	0.000000	0.502555	0.000000	0.000000	0.000000	0.000000	0.497445	0.000000	0.000000	0.000000	0.000000	0.000000
85	tsk_85	(x)	1	:	0.000000	0.000000	0.000000	0.000000	0.000000	0.000000	0.000000	0.000000	0.000000	0.000000	0.000000	1.000000
86	tsk_86	(x)	1	:	0.000000	0.000000	0.000000	0.000000	0.002333	0.000000	0.496557	0.000000	0.003487	0.000000	0.000000	0.497623
87	tsk_87	(x)	1	:	0.000000	0.000000	0.000000	0.000000	0.799917	0.000000	0.000000	0.000000	0.200082	0.000000	0.000000	0.000000
88	tsk_88	(x)	1	:	0.000000	0.000000	0.000000	0.000000	0.003628	0.000000	0.496921	0.000000	0.000000	0.000000	0.000000	0.499451
89	tsk_89	(x)	1	:	0.000000	0.000000	0.000000	0.000000	0.255550	0.000000	0.000000	0.000000	0.744450	0.000000	0.000000	0.000000
90	tsk_90	(x)	1	:	0.000000	0.000000	0.000000	0.000000	0.000000	0.000000	0.000000	0.000000	0.000000	0.000000	1.000000	0.000000
91	tsk_91	(x)	1	:	0.000000	0.000000	0.000000	0.000000	0.758210	0.000000	0.000000	0.000000	0.241790	0.000000	0.000000	0.000000
92	tsk_92	(x)	1	:	0.000000	0.000000	0.000000	0.000000	0.050371	0.110501	0.000000	0.000000	0.343040	0.000000	0.000000	0.496088
93	tsk_93	(x)	1	:	0.000000	0.000000	0.000000	0.000000	0.176212	0.000000	0.000000	0.000000	0.346215	0.000000	0.477572	0.000000
94	tsk_94	(x)	1	:	0.000000	0.000000	0.000000	0.000000	0.000000	0.000000	0.000000	0.000000	0.000000	1.000000	0.000000	0.000000
95	tsk_95	(x)	1	:	0.000000	0.000000	0.000000	0.000000	0.000000	0.000000	0.000000	0.000000	0.000000	0.000000	1.000000	0.000000
96	tsk_96	(x)	1	:	0.000000	0.000000	0.000000	0.000000	0.000000	0.000000	0.000000	0.000000	0.000000	0.000000	1.000000	0.000000
97	tsk_97	(x)	1	:	0.000000	0.000000	0.000000	0.000000	0.291580	0.000000	0.000000	0.000000	0.208765	0.118597	0.381057	0.000000
98	tsk_98	(x)	1	:	0.000000	0.000000	0.000000	0.000000	0.002733	0.000000	0.000000	0.000000	0.001816	0.499751	0.000000	0.495700
99	tsk_99	(x)	1	:	0.000000	0.000000	0.000000	0.000000	0.000000	0.000000	0.000000	0.000000	0.000000	0.000000	0.000000	1.000000
100	tsk_100	(x)	1	:	0.000000	0.000000	0.500000	0.000000	0.331710	0.000000	0.000000	0.000000	0.168290	0.000000	0.000000	0.000000
101	tsk_101	(x)	1	:	0.303774	0.000000	0.000000	0.000000	0.373833	0.000000	0.000000	0.000000	0.129191	0.000000	0.000000	0.193202
102	tsk_102	(x)	1	:	0.000000	0.000000	0.500000	0.000000	0.425116	0.000000	0.000000	0.000000	0.074884	0.000000	0.000000	0.000000
103	tsk_103	(x)	1	:	0.000000	0.502555	0.000000	0.000000	0.000000	0.000000	0.497445	0.000000	0.000000	0.000000	0.000000	0.000000
104	tsk_104	(x)	1	:	0.000000	0.000000	0.000000	0.000000	0.277706	0.000000	0.000000	0.000000	0.225343	0.000000	0.000000	0.496950
105	tsk_105	(x)	1	:	0.000000	0.000000	0.000000	0.000000	0.005640	0.000000	0.496587	0.000000	0.000000	0.000000	0.000000	0.497773
106	tsk_106	(x)	1	:	0.000000	0.000000	0.500337	0.000000	0.000000	0.000000	0.000000	0.000000	0.000000	0.000000	0.000000	0.499663
107	tsk_107	(x)	1	:	0.000000	0.000000	0.000000	0.000000	0.366147	0.000000	0.496424	0.000000	0.137429	0.000000	0.000000	0.000000
108	tsk_108	(x)	1	:	0.303781	0.000000	0.000000	0.000000	0.000000	0.000000	0.000000	0.000000	0.000000	0.000000	0.000000	0.696219
109	tsk_109	(x)	1	:	0.000000	0.000000	0.000000	0.000000	0.263058	0.000000	0.496424	0.000000	0.240518	0.000000	0.000000	0.000000
110	tsk_110	(x)	1	:	0.000000	0.000000	0.000000	0.000000	0.082652	0.000000	0.000049	0.499965	0.417334	0.000000	0.000000	0.000000
111	tsk_111	(x)	1	:	0.000000	0.000000	0.000000	0.000000	0.052554	0.000000	0.000027	0.499980	0.447438	0.000000	0.000000	0.000000
112	tsk_112	(x)	1	:	0.000000	0.000000	0.000000	0.000000	0.000000	0.000000	0.491069	0.508931	0.000000	0.000000	0.000000	0.000000
113	tsk_113	(x)	1	:	0.000000	0.000000	0.000000	0.000000	0.000000	0.000000	0.000000	1.000000	0.000000	0.000000	0.000000	0.000000
114	tsk_114	(x)	1	:	0.000000	0.000000	0.000000	0.000000	0.000000	0.000000	0.000000	1.000000	0.000000	0.000000	0.000000	0.000000
115	tsk_115	(x)	1	:	0.000000	0.000000	0.000000	0.000000	0.000000	0.000000	0.491069	0.508931	0.000000	0.000000	0.000000	0.000000
116	tsk_116	(x)	1	:	0.000000	0.000000	0.000000	0.000000	0.000000	0.000000	0.491069	0.508931	0.000000	0.000000	0.000000	0.000000
117	tsk_117	(x)	1	:	0.000000	0.000000	0.000000	0.000000	0.000000	0.000000	1.000000	0.000000	0.000000	0.000000	0.000000	0.000000
118	tsk_118	(x)	1	:	0.000000	0.000000	0.000000	0.000000	0.037416	0.000000	0.000068	0.499951	0.462564	0.000000	0.000000	0.000000
119	tsk_119	(x)	1	:	0.000000	0.000000	0.000000	0.000000	0.888698	0.000000	0.000000	0.000000	0.111302	0.000000	0.000000	0.000000
120	tsk_120	(x)	1	:	0.000000	0.000000	0.000000	0.000000	0.202532	0.000000	0.000000	0.000000	0.300517	0.000000	0.000000	0.496950
121	tsk_121	(x)	1	:	0.000000	0.000000	0.000000	0.000000	0.000000	0.000000	0.000000	0.000000	0.000000	0.000000	0.000000	1.000000
122	tsk_122	(x)	1	:	0.000000	0.000000	0.000000	0.000000	0.306464	0.000000	0.000000	0.000000	0.193537	0.201028	0.298970	0.000000
123	tsk_123	(x)	1	:	0.000000	0.000000	0.000000	0.000000	0.007569	0.000000	0.496268	0.000000	0.000000	0.000000	0.000000	0.496163
124	tsk_124	(x)	1	:	0.000000	0.000000	0.000000	0.000000	0.000000	0.000000	0.000000	0.000000	0.000000	0.000000	0.000000	1.000000
125	tsk_125	(x)	1	:	0.000000	0.000000	0.000000	0.000000	0.422877	0.000000	0.000000	0.000000	0.080173	0.000000	0.000000	0.496950
126	tsk_126	(x)	1	:	0.000000	0.000000	0.000000	0.000000	0.318042	0.000000	0.000000	0.000000	0.185007	0.000000	0.000000	0.496950
127	tsk_127	(x)	1	:	0.000000	0.000000	0.000000	0.000000	0.336478	0.000000	0.000000	0.000000	0.166571	0.000000	0.000000	0.496950
128	tsk_128	(x)	1	:	0.000000	0.000000	0.000000	0.000000	0.670148	0.000000	0.000000	0.000000	0.329852	0.000000	0.000000	0.000000
129	tsk_129	(x)	1	:	0.000000	0.000000	0.000000	0.000000	0.000000	0.000000	0.000000	0.000000	0.000000	0.000000	0.000000	1.000000
130	tsk_130	(x)	1	:	0.539211	0.460789	0.000000	0.000000	0.000000	0.000000	0.000000	0.000000	0.000000	0.000000	0.000000	0.000000
131	tsk_131	(x)	1	:	0.513496	0.000000	0.000000	0.000000	0.000000	0.000000	0.000000	0.000000	0.000000	0.486503	0.000000	0.000000
132	tsk_132	(x)	1	:	0.000000	0.000000	0.000000	0.000000	0.925464	0.000000	0.000000	0.000000	0.074536	0.000000	0.000000	0.000000
133	tsk_133	(x)	1	:	0.000000	0.000000	0.000000	0.000000	0.551364	0.000000	0.000000	0.000000	0.448635	0.000000	0.000000	0.000000
134	tsk_134	(x)	1	:	0.000000	0.000000	0.000000	0.000000	0.054321	0.000000	0.000104	0.499925	0.445650	0.000000	0.000000	0.000000
135	tsk_135	(x)	1	:	0.000000	0.000000	0.000000	0.000000	0.761408	0.000000	0.000000	0.000000	0.238592	0.000000	0.000000	0.000000
136	tsk_136	(x)	1	:	1.000000	0.000000	0.000000	0.000000	0.000000	0.000000	0.000000	0.000000	0.000000	0.000000	0.000000	0.000000
137	tsk_137	(x)	1	:	0.539204	0.000000	0.000000	0.000000	0.386591	0.000000	0.000000	0.000000	0.074186	0.000000	0.000000	0.000018
138	tsk_138	(x)	1	:	0.000000	0.000000	0.000000	0.000000	0.000000	0.000000	0.491069	0.000000	0.000000	0.508931	0.000000	0.000000
139	tsk_139	(x)	1	:	0.000000	0.000000	0.000000	0.000000	0.002470	0.000000	0.000000	0.000000	0.002262	0.499721	0.000000	0.495547
140	tsk_140	(x)	1	:	0.000000	0.000000	0.000000	0.000000	0.762847	0.000000	0.000000	0.000000	0.237153	0.000000	0.000000	0.000000
141	tsk_141	(x)	1	:	0.000000	0.000000	0.000000	0.000000	0.328200	0.000000	0.000000	0.000000	0.171800	0.500000	0.000000	0.000000
142	tsk_142	(x)	1	:	0.000000	0.000000	0.000000	0.000000	0.000000	0.000000	0.491069	0.000000	0.000000	0.508931	0.000000	0.000000
143	tsk_143	(x)	1	:	0.000000	0.000000	0.000000	0.000000	0.837732	0.000000	0.000000	0.000000	0.162268	0.000000	0.000000	0.000000
144	tsk_144	(x)	1	:	0.000000	0.000000	0.000000	0.000000	0.309750	0.000000	0.000000	0.000000	0.190250	0.500000	0.000000	0.000000
145	tsk_145	(x)	1	:	0.000000	0.000000	0.000000	0.000000	0.002521	0.000000	0.000000	0.000000	0.005327	0.499207	0.000000	0.492944
146	tsk_146	(x)	1	:	0.000000	0.000000	0.000000	0.000000	0.000000	0.000000	0.000000	0.000000	0.000000	1.000000	0.000000	0.000000
147	tsk_147	(x)	1	:	0.000000	0.000000	0.000000	0.000000	0.366059	0.000000	0.496424	0.000000	0.137517	0.000000	0.000000	0.000000
148	tsk_148	(x)	1	:	0.000000	0.000000	0.000000	0.000000	0.345139	0.000000	0.000000	0.000000	0.157911	0.000000	0.000000	0.496950
149	tsk_149	(x)	1	:	0.000000	0.000000	0.000000	0.000000	0.000000	0.000000	1.000000	0.000000	0.000000	0.000000	0.000000	0.000000
