logL = -1129.756498 (converged)
AIC = 3027.512996
BIC = 4183.596949

count.K
67 51 32 

