0	tsk_0	(x)	1	:	0.000000	0.000000	0.000000	0.000000	0.494954	0.000000	0.000000	0.052957	0.000000	0.000000	0.000000	0.000000	0.000000	0.452089	0.000000
1	tsk_1	(x)	1	:	0.000000	0.000000	0.000000	0.000000	0.000000	0.000000	0.000000	0.450881	0.000000	0.549119	0.000000	0.000000	0.000000	0.000000	0.000000
2	tsk_2	(x)	1	:	0.000000	0.000000	0.000000	0.000000	0.000000	0.000000	0.000000	0.034683	0.500000	0.000000	0.000000	0.000000	0.000000	0.465317	0.000000
3	tsk_3	(x)	1	:	0.000000	0.000000	0.000000	0.000000	0.000000	0.000000	0.000000	0.046812	0.500000	0.000000	0.000000	0.000000	0.000000	0.453188	0.000000
4	tsk_4	(x)	1	:	0.000000	0.000000	0.403516	0.000000	0.494845	0.000000	0.006753	0.000000	0.094885	0.000000	0.000000	0.000000	0.000000	0.000000	0.000000
5	tsk_5	(x)	1	:	0.000000	0.000000	0.000000	0.000000	0.494954	0.000000	0.000000	0.043010	0.000000	0.000000	0.000000	0.000000	0.000000	0.462036	0.000000
6	tsk_6	(x)	1	:	0.000000	0.000000	0.000000	0.000000	0.496606	0.000000	0.486662	0.000000	0.016732	0.000000	0.000000	0.000000	0.000000	0.000000	0.000000
7	tsk_7	(x)	1	:	0.000000	0.000000	0.000000	0.000000	0.454002	0.000000	0.000000	0.000000	0.000000	0.545998	0.000000	0.000000	0.000000	0.000000	0.000000
8	tsk_8	(x)	1	:	0.000000	0.000000	0.262894	0.000000	0.000000	0.000000	0.000546	0.000000	0.124819	0.611741	0.000000	0.000000	0.000000	0.000000	0.000000
9	tsk_9	(x)	1	:	0.000000	0.000000	0.266945	0.000000	0.494942	0.000000	0.000613	0.000000	0.237499	0.000000	0.000000	0.000000	0.000000	0.000000	0.000000
10	tsk_10	(x)	1	:	0.000000	0.000000	0.000000	0.000000	0.000000	0.000000	0.485704	0.017394	0.013746	0.000000	0.000000	0.000000	0.000000	0.362590	0.120566
11	tsk_11	(x)	1	:	0.000000	0.500012	0.000000	0.000000	0.000000	0.105401	0.000000	0.000000	0.000000	0.000000	0.000000	0.000000	0.394586	0.000000	0.000000
12	tsk_12	(x)	1	:	0.000000	0.016644	0.000000	0.000000	0.000000	0.064676	0.000000	0.022908	0.000000	0.000000	0.000000	0.000000	0.427026	0.348158	0.120588
13	tsk_13	(x)	1	:	0.000000	0.000000	0.000000	0.000000	0.000000	0.000000	0.000000	0.186278	0.000000	0.000000	0.000000	0.000000	0.000000	0.566440	0.247281
14	tsk_14	(x)	1	:	0.000000	0.000000	0.000000	0.000000	0.000000	0.000000	0.000000	0.006271	0.500000	0.000000	0.000000	0.000000	0.000000	0.373160	0.120569
15	tsk_15	(x)	1	:	0.000000	0.000000	0.000000	0.000000	0.000000	0.000000	1.000000	0.000000	0.000000	0.000000	0.000000	0.000000	0.000000	0.000000	0.000000
16	tsk_16	(x)	1	:	0.000000	0.017419	0.000000	0.000000	0.000000	0.185086	0.000000	0.121145	0.000000	0.000000	0.000000	0.000000	0.306205	0.370146	0.000000
17	tsk_17	(x)	1	:	0.000000	0.000000	0.000000	0.000000	0.000000	0.000000	0.485434	0.000000	0.514566	0.000000	0.000000	0.000000	0.000000	0.000000	0.000000
18	tsk_18	(x)	1	:	0.000000	0.000000	0.000000	0.000000	0.000000	0.000000	0.000000	0.027731	0.500000	0.000000	0.000000	0.000000	0.000000	0.351700	0.120569
19	tsk_19	(x)	1	:	0.000000	0.007940	0.000000	0.000000	0.000000	0.178824	0.000000	0.000244	0.495494	0.000000	0.000000	0.000000	0.312666	0.004832	0.000000
20	tsk_20	(x)	1	:	0.000000	0.008390	0.000000	0.000000	0.000000	0.203765	0.000000	0.000014	0.000000	0.000000	0.496464	0.000000	0.290257	0.001110	0.000000
21	tsk_21	(x)	1	:	0.000000	0.017524	0.000000	0.000000	0.000000	0.215871	0.000000	0.027014	0.000000	0.000000	0.000000	0.000000	0.275367	0.464223	0.000000
22	tsk_22	(x)	1	:	0.000000	0.000000	0.000000	0.000000	0.000000	0.000000	0.530593	0.038929	0.000053	0.000000	0.000000	0.336972	0.000000	0.093452	0.000000
23	tsk_23	(x)	1	:	0.000000	0.001327	0.000000	0.000000	0.000000	0.267054	0.000000	0.000005	0.000000	0.000000	0.000000	0.524706	0.206891	0.000017	0.000000
24	tsk_24	(x)	1	:	0.000000	0.009140	0.000000	0.000000	0.000000	0.260839	0.000000	0.000106	0.000000	0.000000	0.496133	0.000000	0.232639	0.001143	0.000000
25	tsk_25	(x)	1	:	0.000000	0.017288	0.000000	0.000000	0.000000	0.258290	0.000000	0.129399	0.000000	0.000000	0.000000	0.000000	0.233065	0.361957	0.000000
26	tsk_26	(x)	1	:	0.000000	0.020755	0.000000	0.000000	0.000000	0.152759	0.000000	0.062018	0.000000	0.000000	0.000000	0.337403	0.337083	0.089982	0.000000
27	tsk_27	(x)	1	:	0.000000	0.000000	0.000000	0.000000	0.000000	0.000000	0.000000	0.000000	0.000000	0.000000	1.000000	0.000000	0.000000	0.000000	0.000000
28	tsk_28	(x)	1	:	0.000000	0.000000	0.000000	0.000000	0.000000	0.267542	0.000000	0.000000	0.000000	0.000000	0.000000	0.000000	0.732457	0.000000	0.000000
29	tsk_29	(x)	1	:	0.000001	0.000000	0.000000	0.000000	0.000000	0.320109	0.000000	0.000000	0.000000	0.000000	0.000000	0.000000	0.679890	0.000000	0.000000
30	tsk_30	(x)	1	:	0.000000	0.000000	0.403092	0.000000	0.000000	0.000000	0.007163	0.023749	0.089966	0.000000	0.000000	0.000000	0.000000	0.476029	0.000000
31	tsk_31	(x)	1	:	0.000000	0.016311	0.000000	0.000000	0.000000	0.281081	0.000000	0.031878	0.000000	0.000000	0.000000	0.000000	0.210763	0.459966	0.000000
32	tsk_32	(x)	1	:	0.000000	0.000000	0.000000	0.000000	0.494954	0.000000	0.000000	0.000000	0.505046	0.000000	0.000000	0.000000	0.000000	0.000000	0.000000
33	tsk_33	(x)	1	:	0.000000	0.000000	0.403302	0.000000	0.494845	0.000000	0.006975	0.000000	0.094877	0.000000	0.000000	0.000000	0.000000	0.000000	0.000000
34	tsk_34	(x)	1	:	0.000000	0.000000	0.000000	0.000000	1.000000	0.000000	0.000000	0.000000	0.000000	0.000000	0.000000	0.000000	0.000000	0.000000	0.000000
35	tsk_35	(x)	1	:	0.000000	0.000000	0.000000	0.000000	0.494954	0.000000	0.000000	0.036163	0.000000	0.000000	0.000000	0.000000	0.000000	0.355897	0.112985
36	tsk_36	(x)	1	:	0.000000	0.000000	0.000000	0.000000	0.000000	0.000000	0.000000	0.133271	0.500000	0.000000	0.000000	0.000000	0.000000	0.366729	0.000000
37	tsk_37	(x)	1	:	0.000000	0.000000	0.000000	0.000000	0.000000	0.000000	0.000000	0.142876	0.500000	0.000000	0.000000	0.000000	0.000000	0.357124	0.000000
38	tsk_38	(x)	1	:	0.000000	0.000000	0.403405	0.000000	0.000000	0.000000	0.006862	0.098375	0.089910	0.000000	0.000000	0.000000	0.000000	0.401448	0.000000
39	tsk_39	(x)	1	:	0.000000	0.000000	0.000000	0.000000	0.000000	0.000000	0.000000	0.152249	0.000000	0.000000	0.000000	0.000000	0.000000	0.734766	0.112985
40	tsk_40	(x)	1	:	0.000000	0.000000	1.000000	0.000000	0.000000	0.000000	0.000000	0.000000	0.000000	0.000000	0.000000	0.000000	0.000000	0.000000	0.000000
41	tsk_41	(x)	1	:	0.000000	0.019203	0.000000	0.000000	0.000000	0.194507	0.000000	0.043636	0.000000	0.000000	0.000000	0.337331	0.296075	0.109247	0.000000
42	tsk_42	(x)	1	:	0.000000	0.000000	0.521051	0.000000	0.000000	0.000000	0.478949	0.000000	0.000000	0.000000	0.000000	0.000000	0.000000	0.000000	0.000000
43	tsk_43	(x)	1	:	0.000000	0.000000	0.000000	0.000000	0.000000	0.000000	0.545877	0.000000	0.454123	0.000000	0.000000	0.000000	0.000000	0.000000	0.000000
44	tsk_44	(x)	1	:	0.000000	0.000000	0.000000	0.000000	0.000000	0.000000	1.000000	0.000000	0.000000	0.000000	0.000000	0.000000	0.000000	0.000000	0.000000
45	tsk_45	(x)	1	:	0.000000	0.000000	0.000000	0.000000	0.000000	0.000000	0.000000	0.131270	0.000000	0.000000	0.000000	0.000000	0.000000	0.868730	0.000000
46	tsk_46	(x)	1	:	0.000000	0.000000	0.317159	0.000000	0.000000	0.000000	0.235700	0.000000	0.447141	0.000000	0.000000	0.000000	0.000000	0.000000	0.000000
47	tsk_47	(x)	1	:	0.000000	0.000000	0.000000	0.000000	0.000000	0.000000	1.000000	0.000000	0.000000	0.000000	0.000000	0.000000	0.000000	0.000000	0.000000
48	tsk_48	(x)	1	:	0.000000	0.000000	0.000000	0.000000	0.000000	0.000000	0.000000	0.176068	0.000000	0.000000	0.000000	0.336947	0.000000	0.486985	0.000000
49	tsk_49	(x)	1	:	0.000000	0.000000	0.492721	0.000000	0.000000	0.000000	0.000000	0.027846	0.010069	0.000000	0.000000	0.000000	0.000000	0.469363	0.000000
50	tsk_50	(x)	1	:	0.000000	0.000000	0.000000	0.000000	0.494954	0.000000	0.000000	0.059461	0.000000	0.000000	0.000000	0.000000	0.000000	0.445585	0.000000
51	tsk_51	(x)	1	:	0.000000	0.000000	0.000000	0.000000	1.000000	0.000000	0.000000	0.000000	0.000000	0.000000	0.000000	0.000000	0.000000	0.000000	0.000000
52	tsk_52	(x)	1	:	0.000000	0.000000	0.000000	0.000000	1.000000	0.000000	0.000000	0.000000	0.000000	0.000000	0.000000	0.000000	0.000000	0.000000	0.000000
53	tsk_53	(x)	1	:	0.000000	0.000000	0.512595	0.000000	0.000000	0.000000	0.000000	0.042322	0.000823	0.000000	0.000000	0.336933	0.000000	0.107327	0.000000
54	tsk_54	(x)	1	:	0.000000	0.000774	0.000000	0.000000	0.543948	0.314079	0.000000	0.000000	0.000000	0.000000	0.000000	0.000000	0.141190	0.000009	0.000000
55	tsk_55	(x)	1	:	0.000000	0.000000	0.000000	0.000000	0.569172	0.000000	0.000000	0.018959	0.000000	0.000000	0.000000	0.336596	0.000000	0.075272	0.000000
56	tsk_56	(x)	1	:	0.000000	0.000000	1.000000	0.000000	0.000000	0.000000	0.000000	0.000000	0.000000	0.000000	0.000000	0.000000	0.000000	0.000000	0.000000
57	tsk_57	(x)	1	:	0.000000	0.000000	0.000000	0.000000	1.000000	0.000000	0.000000	0.000000	0.000000	0.000000	0.000000	0.000000	0.000000	0.000000	0.000000
58	tsk_58	(x)	1	:	0.000000	0.000000	0.000000	0.000000	1.000000	0.000000	0.000000	0.000000	0.000000	0.000000	0.000000	0.000000	0.000000	0.000000	0.000000
59	tsk_59	(x)	1	:	0.000000	0.000000	0.000000	0.000000	0.494954	0.000000	0.000000	0.016999	0.000000	0.000000	0.000000	0.000000	0.000000	0.488047	0.000000
60	tsk_60	(x)	1	:	0.000000	0.495908	0.000000	0.000000	0.493605	0.000000	0.000000	0.002258	0.000000	0.000000	0.000000	0.000000	0.000000	0.008229	0.000000
61	tsk_61	(x)	1	:	0.000000	0.009261	0.000000	0.000000	0.000000	0.269550	0.000000	0.000790	0.495024	0.000000	0.000000	0.000000	0.220798	0.004577	0.000000
62	tsk_62	(x)	1	:	0.000000	0.500010	0.000000	0.000000	0.000000	0.093700	0.000000	0.000000	0.000000	0.000000	0.000000	0.000000	0.406289	0.000000	0.000000
63	tsk_63	(x)	1	:	0.000000	0.494171	0.000000	0.000000	0.493037	0.000000	0.000000	0.000166	0.000000	0.000000	0.000000	0.000000	0.000000	0.012626	0.000000
64	tsk_64	(x)	1	:	0.000000	0.500020	0.000000	0.000000	0.000000	0.165782	0.000000	0.000000	0.000000	0.000000	0.000000	0.000000	0.334197	0.000000	0.000000
65	tsk_65	(x)	1	:	0.000000	1.000000	0.000000	0.000000	0.000000	0.000000	0.000000	0.000000	0.000000	0.000000	0.000000	0.000000	0.000000	0.000000	0.000000
66	tsk_66	(x)	1	:	0.000000	1.000000	0.000000	0.000000	0.000000	0.000000	0.000000	0.000000	0.000000	0.000000	0.000000	0.000000	0.000000	0.000000	0.000000
67	tsk_67	(x)	1	:	0.000000	0.011027	0.000000	0.000000	0.492913	0.048469	0.000000	0.000289	0.000000	0.000000	0.000000	0.000000	0.442891	0.004411	0.000000
68	tsk_68	(x)	1	:	0.000000	0.010331	0.000000	0.000000	0.492794	0.119341	0.000000	0.000494	0.000000	0.000000	0.000000	0.000000	0.372192	0.004847	0.000000
69	tsk_69	(x)	1	:	0.000001	0.011231	0.000000	0.000000	0.492606	0.201977	0.000000	0.000193	0.000000	0.000000	0.000000	0.000000	0.288814	0.005179	0.000000
70	tsk_70	(x)	1	:	0.000406	0.000002	0.482937	0.000000	0.000000	0.067363	0.000000	0.000000	0.000000	0.000000	0.000000	0.000000	0.350019	0.000000	0.099273
71	tsk_71	(x)	1	:	0.000000	0.018883	0.000000	0.000000	0.000000	0.292906	0.000000	0.050947	0.000000	0.000000	0.000000	0.000000	0.197651	0.439611	0.000000
72	tsk_72	(x)	1	:	0.000000	0.011252	0.000000	0.000000	0.493095	0.058843	0.000000	0.000233	0.000000	0.000000	0.000000	0.000000	0.432679	0.003897	0.000000
73	tsk_73	(x)	1	:	0.000001	0.000000	0.000000	0.000000	0.000000	0.495973	0.000000	0.000000	0.000000	0.000000	0.000000	0.000000	0.504026	0.000000	0.000000
74	tsk_74	(x)	1	:	0.000000	0.000000	0.512581	0.000000	0.000000	0.000000	0.000000	0.047925	0.000886	0.000000	0.000000	0.000000	0.000000	0.228107	0.210501
75	tsk_75	(x)	1	:	0.000000	0.000000	0.000000	0.000000	0.494950	0.000000	0.000000	0.052200	0.000000	0.000000	0.000000	0.336942	0.000000	0.115908	0.000000
76	tsk_76	(x)	1	:	0.000000	0.000000	0.494482	0.000000	0.495306	0.000000	0.000000	0.000000	0.010212	0.000000	0.000000	0.000000	0.000000	0.000000	0.000000
77	tsk_77	(x)	1	:	0.000001	0.012235	0.000000	0.000000	0.492823	0.237617	0.000000	0.000390	0.000000	0.000000	0.000000	0.000000	0.252992	0.003943	0.000000
78	tsk_78	(x)	1	:	0.000000	0.009658	0.000000	0.000000	0.492775	0.039006	0.000000	0.000224	0.000000	0.000000	0.000000	0.000000	0.452839	0.005498	0.000000
79	tsk_79	(x)	1	:	0.000000	0.017642	0.000000	0.000000	0.000000	0.200785	0.000000	0.107643	0.000000	0.000000	0.000000	0.000000	0.290393	0.383536	0.000000
80	tsk_80	(x)	1	:	0.000000	0.500023	0.000000	0.000000	0.000000	0.238296	0.000000	0.000000	0.000000	0.000000	0.000000	0.000000	0.261680	0.000000	0.000000
81	tsk_81	(x)	1	:	0.000000	0.019292	0.000000	0.000000	0.000000	0.155908	0.000000	0.027392	0.000000	0.000000	0.000000	0.337297	0.334607	0.125504	0.000000
82	tsk_82	(x)	1	:	0.000000	0.012054	0.000000	0.000000	0.000000	0.318500	0.000000	0.001319	0.494251	0.000000	0.000000	0.000000	0.169652	0.004225	0.000000
83	tsk_83	(x)	1	:	0.000000	0.492159	0.492504	0.000000	0.000000	0.000000	0.000000	0.000723	0.006814	0.000000	0.000000	0.000000	0.000000	0.007800	0.000000
84	tsk_84	(x)	1	:	0.000000	0.000000	0.000000	0.000000	0.000000	0.000000	0.000000	0.039991	0.499987	0.000000	0.000000	0.336932	0.000000	0.123090	0.000000
85	tsk_85	(x)	1	:	0.000000	0.017245	0.000000	0.000000	0.000000	0.252408	0.000000	0.067646	0.000000	0.000000	0.000000	0.000000	0.238970	0.423731	0.000000
86	tsk_86	(x)	1	:	0.000000	0.000000	0.000000	0.000000	0.000000	0.370560	0.000000	0.000000	0.000000	0.000000	0.000000	0.000000	0.629440	0.000000	0.000000
87	tsk_87	(x)	1	:	0.000000	0.000000	0.492388	0.000000	0.000000	0.000000	0.000000	0.076599	0.011035	0.000000	0.000000	0.000000	0.000000	0.419979	0.000000
88	tsk_88	(x)	1	:	0.000000	0.018835	0.000000	0.000000	0.000000	0.277290	0.000000	0.088957	0.000000	0.000000	0.000000	0.000000	0.213292	0.401625	0.000000
89	tsk_89	(x)	1	:	0.000000	0.011238	0.492446	0.000000	0.000000	0.066024	0.000000	0.000184	0.005007	0.000000	0.000000	0.000000	0.422398	0.002703	0.000000
90	tsk_90	(x)	1	:	0.000000	0.008144	0.000000	0.000000	0.000000	0.117445	0.485858	0.000275	0.010127	0.000000	0.000000	0.000000	0.375266	0.002884	0.000000
91	tsk_91	(x)	1	:	0.000000	0.009692	0.000000	0.000000	0.000000	0.123104	0.486545	0.000258	0.008389	0.000000	0.000000	0.000000	0.369152	0.002859	0.000000
92	tsk_92	(x)	1	:	0.000000	0.000000	0.000000	0.000000	0.496594	0.000000	0.486654	0.000000	0.016752	0.000000	0.000000	0.000000	0.000000	0.000000	0.000000
93	tsk_93	(x)	1	:	0.000000	0.000000	0.000000	0.000000	1.000000	0.000000	0.000000	0.000000	0.000000	0.000000	0.000000	0.000000	0.000000	0.000000	0.000000
94	tsk_94	(x)	1	:	0.000000	0.000000	0.000000	0.000000	1.000000	0.000000	0.000000	0.000000	0.000000	0.000000	0.000000	0.000000	0.000000	0.000000	0.000000
95	tsk_95	(x)	1	:	0.000000	0.000000	0.000000	0.000000	0.494954	0.000000	0.000000	0.000000	0.505046	0.000000	0.000000	0.000000	0.000000	0.000000	0.000000
96	tsk_96	(x)	1	:	0.000000	0.000000	0.000000	0.000000	0.000000	0.000000	0.485082	0.084367	0.015631	0.000000	0.000000	0.000000	0.000000	0.414920	0.000000
97	tsk_97	(x)	1	:	0.000000	0.009879	0.000000	0.000000	0.493053	0.142793	0.000000	0.000268	0.000000	0.000000	0.000000	0.000000	0.349362	0.004644	0.000000
98	tsk_98	(x)	1	:	0.000000	0.000000	0.000000	0.000000	0.477112	0.000000	0.000000	0.000004	0.000000	0.000000	0.000000	0.522867	0.000000	0.000017	0.000000
99	tsk_99	(x)	1	:	0.000000	0.000000	0.000000	0.000000	0.482500	0.000000	0.000000	0.000033	0.000000	0.000000	0.000000	0.517228	0.000000	0.000239	0.000000
100	tsk_100	(x)	1	:	0.000000	0.000000	0.000000	0.000000	0.494954	0.000000	0.000000	0.000000	0.505046	0.000000	0.000000	0.000000	0.000000	0.000000	0.000000
101	tsk_101	(x)	1	:	0.000000	0.000000	0.000000	0.000000	0.494954	0.000000	0.000000	0.052478	0.000000	0.000000	0.000000	0.000000	0.000000	0.452568	0.000000
102	tsk_102	(x)	1	:	0.000000	0.000000	0.403086	0.000000	0.000000	0.000000	0.007160	0.064178	0.089991	0.000000	0.000000	0.000000	0.000000	0.435585	0.000000
103	tsk_103	(x)	1	:	0.000000	0.000000	0.000000	0.000000	0.000000	0.000000	0.000000	0.087030	0.000000	0.000000	0.000000	0.000000	0.000000	0.912970	0.000000
104	tsk_104	(x)	1	:	0.000000	0.000000	0.000000	0.000000	0.494954	0.000000	0.000000	0.000000	0.505046	0.000000	0.000000	0.000000	0.000000	0.000000	0.000000
105	tsk_105	(x)	1	:	0.000000	0.000000	0.000000	0.000000	0.494954	0.000000	0.000000	0.023371	0.000000	0.000000	0.000000	0.000000	0.000000	0.481675	0.000000
106	tsk_106	(x)	1	:	0.000000	0.000000	0.000000	0.000000	0.494954	0.000000	0.000000	0.036895	0.000000	0.000000	0.000000	0.000000	0.000000	0.468152	0.000000
107	tsk_107	(x)	1	:	0.000000	0.000000	0.000000	0.000000	0.494954	0.000000	0.000000	0.045665	0.000000	0.000000	0.000000	0.000000	0.000000	0.459381	0.000000
108	tsk_108	(x)	1	:	0.000000	0.000000	0.000000	0.000000	0.000000	0.205245	0.000000	0.000000	0.000000	0.000000	0.000000	0.000000	0.794755	0.000000	0.000000
109	tsk_109	(x)	1	:	0.000000	0.000000	0.000000	0.000000	0.494954	0.000000	0.000000	0.054669	0.000000	0.000000	0.000000	0.000000	0.000000	0.450377	0.000000
110	tsk_110	(x)	1	:	0.000001	0.000000	0.000000	0.000000	0.000000	0.174813	0.000000	0.000000	0.000000	0.000000	0.000000	0.000000	0.489874	0.000000	0.335312
111	tsk_111	(x)	1	:	0.000000	0.000000	0.000000	0.000000	0.000000	0.212708	0.000000	0.000000	0.395160	0.000000	0.000000	0.000000	0.182452	0.000000	0.209679
112	tsk_112	(x)	1	:	0.000000	0.018772	0.000000	0.000000	0.000000	0.184581	0.000000	0.054965	0.000000	0.000000	0.000000	0.000000	0.306032	0.435649	0.000000
113	tsk_113	(x)	1	:	0.000000	0.001142	0.000000	0.000000	0.000000	0.199106	0.000000	0.000007	0.000000	0.000000	0.000000	0.524748	0.274966	0.000030	0.000000
114	tsk_114	(x)	1	:	0.000000	0.000000	0.000000	0.000000	0.000000	0.306172	0.000000	0.000000	0.000000	0.000000	0.000000	0.000000	0.530253	0.000000	0.163575
115	tsk_115	(x)	1	:	0.000000	0.000000	0.000000	0.000000	0.471467	0.000000	0.528532	0.000000	0.000000	0.000000	0.000000	0.000000	0.000000	0.000000	0.000000
116	tsk_116	(x)	1	:	0.000000	0.020551	0.000000	0.000000	0.000000	0.115686	0.000000	0.095308	0.000000	0.000000	0.000000	0.000000	0.374037	0.394417	0.000000
117	tsk_117	(x)	1	:	0.000000	0.000000	0.000000	0.000000	0.000000	0.000000	0.000000	0.000007	0.474897	0.000000	0.000000	0.525064	0.000000	0.000032	0.000000
118	tsk_118	(x)	1	:	0.000001	0.000000	0.000000	0.000000	0.000000	0.371090	0.000000	0.000000	0.000000	0.000000	0.000000	0.000000	0.628909	0.000000	0.000000
119	tsk_119	(x)	1	:	0.000000	0.019022	0.000000	0.000000	0.000000	0.340167	0.000000	0.024998	0.000000	0.000000	0.000000	0.000000	0.150321	0.465491	0.000000
120	tsk_120	(x)	1	:	0.000000	0.000000	1.000000	0.000000	0.000000	0.000000	0.000000	0.000000	0.000000	0.000000	0.000000	0.000000	0.000000	0.000000	0.000000
121	tsk_121	(x)	1	:	0.000000	0.000000	1.000000	0.000000	0.000000	0.000000	0.000000	0.000000	0.000000	0.000000	0.000000	0.000000	0.000000	0.000000	0.000000
122	tsk_122	(x)	1	:	0.000000	0.000000	0.520025	0.000000	0.000000	0.000000	0.000000	0.000000	0.479975	0.000000	0.000000	0.000000	0.000000	0.000000	0.000000
123	tsk_123	(x)	1	:	0.507963	0.000000	0.492037	0.000000	0.000000	0.000000	0.000000	0.000000	0.000000	0.000000	0.000000	0.000000	0.000000	0.000000	0.000000
124	tsk_124	(x)	1	:	0.000000	0.000000	1.000000	0.000000	0.000000	0.000000	0.000000	0.000000	0.000000	0.000000	0.000000	0.000000	0.000000	0.000000	0.000000
125	tsk_125	(x)	1	:	0.000000	0.000000	1.000000	0.000000	0.000000	0.000000	0.000000	0.000000	0.000000	0.000000	0.000000	0.000000	0.000000	0.000000	0.000000
126	tsk_126	(x)	1	:	0.000000	0.000000	0.000000	0.500403	0.000000	0.000000	0.000000	0.092548	0.000003	0.000000	0.000000	0.000000	0.000000	0.407046	0.000000
127	tsk_127	(x)	1	:	0.507963	0.000000	0.492037	0.000000	0.000000	0.000000	0.000000	0.000000	0.000000	0.000000	0.000000	0.000000	0.000000	0.000000	0.000000
128	tsk_128	(x)	1	:	0.000000	0.000000	1.000000	0.000000	0.000000	0.000000	0.000000	0.000000	0.000000	0.000000	0.000000	0.000000	0.000000	0.000000	0.000000
129	tsk_129	(x)	1	:	0.000000	0.000000	0.000000	0.500401	0.000000	0.000000	0.000000	0.043329	0.000005	0.000000	0.000000	0.000000	0.000000	0.456265	0.000000
130	tsk_130	(x)	1	:	0.000004	0.004418	0.508777	0.000000	0.000000	0.168871	0.000000	0.000020	0.000082	0.000000	0.000000	0.000000	0.317390	0.000438	0.000000
131	tsk_131	(x)	1	:	0.000012	0.002656	0.508861	0.000000	0.000000	0.075147	0.000000	0.000122	0.000097	0.000000	0.000000	0.000000	0.412251	0.000853	0.000000
132	tsk_132	(x)	1	:	0.000000	0.010786	0.000000	0.000000	0.000000	0.249381	0.000000	0.000064	0.495234	0.000000	0.000000	0.000000	0.240404	0.004131	0.000000
133	tsk_133	(x)	1	:	0.000001	0.000000	0.000000	0.000000	0.000000	0.251075	0.000000	0.000000	0.000000	0.000000	0.000000	0.000000	0.748924	0.000000	0.000000
134	tsk_134	(x)	1	:	0.000014	0.005628	0.508622	0.000000	0.000000	0.240341	0.000000	0.000025	0.000075	0.000000	0.000000	0.000000	0.244844	0.000449	0.000000
135	tsk_135	(x)	1	:	0.000000	0.009232	0.000000	0.000000	0.000000	0.345012	0.000000	0.000349	0.495757	0.000000	0.000000	0.000000	0.146088	0.003561	0.000000
136	tsk_136	(x)	1	:	0.000000	0.000000	0.000000	0.000000	0.000000	0.000000	0.000000	0.000000	1.000000	0.000000	0.000000	0.000000	0.000000	0.000000	0.000000
137	tsk_137	(x)	1	:	0.000007	0.004742	0.508736	0.000000	0.000000	0.167272	0.000000	0.000006	0.000095	0.000000	0.000000	0.000000	0.318719	0.000423	0.000000
138	tsk_138	(x)	1	:	0.000000	0.000000	0.520025	0.000000	0.000000	0.000000	0.000000	0.000000	0.479975	0.000000	0.000000	0.000000	0.000000	0.000000	0.000000
139	tsk_139	(x)	1	:	0.000000	0.001107	0.000000	0.000000	0.543888	0.116151	0.000000	0.000000	0.000000	0.000000	0.000000	0.000000	0.338838	0.000015	0.000000
140	tsk_140	(x)	1	:	0.000000	0.000000	0.000000	0.000000	0.000000	0.000000	0.000000	0.000000	0.467644	0.000000	0.000000	0.532352	0.000000	0.000004	0.000000
141	tsk_141	(x)	1	:	0.000000	0.000000	0.000000	0.000000	0.000000	0.000000	0.000000	0.000000	0.000000	0.000000	0.000000	1.000000	0.000000	0.000000	0.000000
142	tsk_142	(x)	1	:	0.000000	0.000000	0.000000	0.000000	0.000000	0.000000	0.000000	0.028386	0.500000	0.000000	0.000000	0.000000	0.000000	0.471614	0.000000
143	tsk_143	(x)	1	:	0.000000	0.010324	0.000000	0.000000	0.000000	0.138286	0.000000	0.000767	0.494781	0.000000	0.000000	0.000000	0.351279	0.004562	0.000000
144	tsk_144	(x)	1	:	0.000000	0.000000	0.000000	0.000000	0.000000	0.000000	0.000000	0.130860	0.000000	0.000000	0.000000	0.000000	0.000000	0.869140	0.000000
145	tsk_145	(x)	1	:	0.000000	0.000000	0.494203	0.000000	0.000000	0.000000	0.000000	0.000000	0.000000	0.000000	0.000000	0.505797	0.000000	0.000000	0.000000
146	tsk_146	(x)	1	:	0.000000	0.000000	0.000000	0.000000	0.000000	0.000000	0.000000	0.000007	0.467639	0.000000	0.000000	0.532346	0.000000	0.000008	0.000000
147	tsk_147	(x)	1	:	0.000000	0.000000	0.512620	0.000000	0.000000	0.000000	0.000000	0.156933	0.000764	0.000000	0.000000	0.000000	0.000000	0.329682	0.000000
148	tsk_148	(x)	1	:	0.000000	0.000000	0.000000	0.000000	0.000000	0.000000	0.000000	0.054121	0.000000	0.000000	0.000000	0.575935	0.000000	0.369944	0.000000
149	tsk_149	(x)	1	:	0.000000	0.000000	0.000000	0.000000	0.000000	0.000000	0.000000	0.100256	0.500000	0.000000	0.000000	0.000000	0.000000	0.399744	0.000000
