logL = -1320.760185 (converged)
AIC = 5833.520369
BIC = 10638.494298

count.K
10 28 16 2 13 55 6 2 18 

