logL = -1694.937461 (converged)
AIC = 7445.874922
BIC = 13551.443299

count.K
28 22 11 7 21 2 3 19 14 1 22 

