logL = -1771.228943 (converged)
AIC = 4714.457886
BIC = 6478.690168

count.K
47 82 13 8 

