logL = -1104.074892 (converged)
AIC = 3778.149784
BIC = 6141.498490

count.K
44 50 32 17 7 

