logL = -717.480408 (converged)
AIC = 4674.960816
BIC = 9552.189992

count.K
8 10 4 34 1 12 1 2 35 43 

