logL = -788.169232 (converged)
AIC = 3796.338464
BIC = 7138.143640

count.K
21 44 40 5 6 22 12 

