0	tsk_0	(x)	1	:	0.534937	0.000010	0.465054	0.000000	0.000000	0.000000	0.000000	0.000000	0.000000	0.000000	0.000000	0.000000	0.000000
1	tsk_1	(x)	1	:	0.589016	0.410984	0.000000	0.000000	0.000000	0.000000	0.000000	0.000000	0.000000	0.000000	0.000000	0.000000	0.000000
2	tsk_2	(x)	1	:	0.000000	0.499237	0.500762	0.000000	0.000000	0.000000	0.000000	0.000000	0.000000	0.000000	0.000000	0.000000	0.000000
3	tsk_3	(x)	1	:	0.000000	1.000000	0.000000	0.000000	0.000000	0.000000	0.000000	0.000000	0.000000	0.000000	0.000000	0.000000	0.000000
4	tsk_4	(x)	1	:	0.000000	0.000000	0.500000	0.000000	0.000000	0.000000	0.054797	0.187165	0.000000	0.000000	0.000000	0.000000	0.258038
5	tsk_5	(x)	1	:	0.515076	0.000020	0.000000	0.000000	0.000000	0.484904	0.000000	0.000000	0.000000	0.000000	0.000000	0.000000	0.000000
6	tsk_6	(x)	1	:	0.000000	0.000000	0.000000	0.000000	0.000000	0.000000	0.225645	0.412160	0.000000	0.000000	0.000000	0.265378	0.096817
7	tsk_7	(x)	1	:	0.000000	0.000301	0.498156	0.000000	0.000000	0.002187	0.192358	0.215018	0.000000	0.000000	0.000000	0.000000	0.091981
8	tsk_8	(x)	1	:	0.530909	0.000052	0.000000	0.000000	0.000000	0.000000	0.000000	0.000000	0.469039	0.000000	0.000000	0.000000	0.000000
9	tsk_9	(x)	1	:	0.000000	0.499020	0.000000	0.000000	0.000000	0.500980	0.000000	0.000000	0.000000	0.000000	0.000000	0.000000	0.000000
10	tsk_10	(x)	1	:	0.000000	0.000000	0.500001	0.000000	0.000000	0.499996	0.000000	0.000000	0.000000	0.000000	0.000002	0.000000	0.000000
11	tsk_11	(x)	1	:	0.000000	0.000000	0.000000	0.000000	0.000000	0.000000	0.571405	0.364991	0.000000	0.000000	0.000000	0.000000	0.063604
12	tsk_12	(x)	1	:	0.000000	0.000411	0.000000	0.000000	0.000000	0.499908	0.206452	0.087199	0.000000	0.000000	0.000001	0.000000	0.206028
13	tsk_13	(x)	1	:	0.000000	0.000000	0.000000	0.000000	0.000000	0.000000	0.325196	0.614752	0.000000	0.000000	0.000000	0.000000	0.060052
14	tsk_14	(x)	1	:	0.000000	0.000000	0.000000	0.467843	0.000000	0.532154	0.000000	0.000000	0.000000	0.000000	0.000003	0.000000	0.000000
15	tsk_15	(x)	1	:	0.000000	0.000468	0.000000	0.000000	0.000000	0.000000	0.172544	0.252396	0.498366	0.000000	0.000000	0.000000	0.076227
16	tsk_16	(x)	1	:	0.000000	0.000000	0.500003	0.000000	0.000000	0.499993	0.000000	0.000000	0.000000	0.000000	0.000005	0.000000	0.000000
17	tsk_17	(x)	1	:	0.000000	0.000293	0.000000	0.000000	0.000000	0.000000	0.294057	0.093457	0.498395	0.000000	0.000000	0.000000	0.113797
18	tsk_18	(x)	1	:	0.000000	0.000000	0.000000	0.000000	0.000000	0.000000	0.405598	0.309415	0.000000	0.000000	0.000000	0.000000	0.284988
19	tsk_19	(x)	1	:	0.000000	0.000000	0.000000	0.000000	0.000000	0.000000	0.157670	0.051729	0.000000	0.000000	0.000000	0.611065	0.179536
20	tsk_20	(x)	1	:	0.000000	0.000000	1.000000	0.000000	0.000000	0.000000	0.000000	0.000000	0.000000	0.000000	0.000000	0.000000	0.000000
21	tsk_21	(x)	1	:	0.487847	0.000005	0.000000	0.000000	0.000000	0.000000	0.000000	0.000000	0.000000	0.000000	0.000000	0.512148	0.000000
22	tsk_22	(x)	1	:	0.000000	0.000169	0.498230	0.000000	0.000000	0.002125	0.134188	0.120106	0.000000	0.000000	0.000000	0.000000	0.245182
23	tsk_23	(x)	1	:	0.000000	0.000000	0.484143	0.000000	0.000000	0.000000	0.000000	0.000000	0.000000	0.000000	0.000000	0.515857	0.000000
24	tsk_24	(x)	1	:	0.000000	0.008658	0.000000	0.000000	0.000000	0.000000	0.253673	0.169917	0.479145	0.000000	0.000000	0.000000	0.088607
25	tsk_25	(x)	1	:	0.595895	0.000000	0.000000	0.000000	0.000000	0.000000	0.165594	0.134792	0.000000	0.000000	0.000000	0.000000	0.103719
26	tsk_26	(x)	1	:	0.000000	0.000000	1.000000	0.000000	0.000000	0.000000	0.000000	0.000000	0.000000	0.000000	0.000000	0.000000	0.000000
27	tsk_27	(x)	1	:	0.000000	0.000000	0.484143	0.000000	0.000000	0.000000	0.000000	0.000000	0.000000	0.000000	0.000000	0.515857	0.000000
28	tsk_28	(x)	1	:	0.000000	0.000000	1.000000	0.000000	0.000000	0.000000	0.000000	0.000000	0.000000	0.000000	0.000000	0.000000	0.000000
29	tsk_29	(x)	1	:	0.000000	0.000250	0.498728	0.000000	0.000000	0.001499	0.124286	0.166446	0.000000	0.000000	0.000000	0.000000	0.208791
30	tsk_30	(x)	1	:	0.000000	0.483913	0.000000	0.516087	0.000000	0.000000	0.000000	0.000000	0.000000	0.000000	0.000000	0.000000	0.000000
31	tsk_31	(x)	1	:	0.000000	0.000000	0.000000	1.000000	0.000000	0.000000	0.000000	0.000000	0.000000	0.000000	0.000000	0.000000	0.000000
32	tsk_32	(x)	1	:	0.000000	0.000000	0.000000	1.000000	0.000000	0.000000	0.000000	0.000000	0.000000	0.000000	0.000000	0.000000	0.000000
33	tsk_33	(x)	1	:	0.000000	0.000000	0.000000	1.000000	0.000000	0.000000	0.000000	0.000000	0.000000	0.000000	0.000000	0.000000	0.000000
34	tsk_34	(x)	1	:	0.000000	0.000000	0.488391	0.511608	0.000000	0.000000	0.000000	0.000000	0.000000	0.000000	0.000000	0.000000	0.000000
35	tsk_35	(x)	1	:	0.000000	0.000000	0.499856	0.497209	0.000000	0.002934	0.000000	0.000000	0.000000	0.000000	0.000000	0.000000	0.000000
36	tsk_36	(x)	1	:	0.000000	0.000000	0.000000	0.486225	0.000000	0.000000	0.000000	0.000000	0.000000	0.000000	0.000000	0.513775	0.000000
37	tsk_37	(x)	1	:	0.000000	0.000000	0.000000	1.000000	0.000000	0.000000	0.000000	0.000000	0.000000	0.000000	0.000000	0.000000	0.000000
38	tsk_38	(x)	1	:	0.000000	0.000000	0.000000	1.000000	0.000000	0.000000	0.000000	0.000000	0.000000	0.000000	0.000000	0.000000	0.000000
39	tsk_39	(x)	1	:	0.000000	0.000000	0.500012	0.497229	0.000000	0.002759	0.000000	0.000000	0.000000	0.000000	0.000000	0.000000	0.000000
40	tsk_40	(x)	1	:	0.000000	0.000144	0.499114	0.000000	0.000000	0.001050	0.132303	0.138966	0.000000	0.000000	0.000000	0.000000	0.228422
41	tsk_41	(x)	1	:	0.000000	0.000000	0.000000	0.000000	0.000000	0.000000	0.256219	0.665303	0.000000	0.000000	0.000000	0.000000	0.078478
42	tsk_42	(x)	1	:	0.000000	0.000000	0.000000	0.000000	0.000000	0.000000	0.549026	0.280552	0.000000	0.000000	0.000000	0.000000	0.170422
43	tsk_43	(x)	1	:	0.000000	0.000000	0.000000	0.000000	0.000000	0.000000	0.361663	0.463885	0.000000	0.000000	0.000000	0.000000	0.174452
44	tsk_44	(x)	1	:	0.000000	0.000000	0.000000	0.000000	0.000000	0.000000	0.374157	0.535779	0.000000	0.000000	0.000000	0.000000	0.090064
45	tsk_45	(x)	1	:	0.000000	0.000232	0.498171	0.000000	0.000000	0.002183	0.208490	0.181835	0.000000	0.000000	0.000000	0.000000	0.109090
46	tsk_46	(x)	1	:	0.000000	0.000000	0.000000	0.000000	0.000000	0.000000	0.541984	0.315565	0.000000	0.000000	0.000000	0.000000	0.142451
47	tsk_47	(x)	1	:	0.000000	0.000000	0.000000	0.000000	0.000000	0.000000	0.227590	0.606444	0.000000	0.000000	0.000000	0.000000	0.165966
48	tsk_48	(x)	1	:	0.000000	0.000204	0.498686	0.000000	0.000000	0.001561	0.126296	0.041576	0.000000	0.000000	0.000000	0.000000	0.331677
49	tsk_49	(x)	1	:	0.000000	0.000000	0.000000	0.000000	0.000000	0.000000	0.300127	0.540087	0.000000	0.000000	0.000000	0.000000	0.159786
50	tsk_50	(x)	1	:	0.000000	0.000193	0.000000	0.000000	0.000000	0.499957	0.156681	0.132791	0.000000	0.000000	0.000000	0.000000	0.210378
51	tsk_51	(x)	1	:	0.000000	0.000000	0.000000	0.000000	0.000000	0.999997	0.000000	0.000000	0.000000	0.000000	0.000003	0.000000	0.000000
52	tsk_52	(x)	1	:	0.000000	0.000295	0.498778	0.000000	0.000000	0.001427	0.140262	0.188886	0.000000	0.000000	0.000000	0.000000	0.170352
53	tsk_53	(x)	1	:	0.000000	0.000000	0.000000	0.000000	0.000000	0.000000	0.391776	0.467506	0.000000	0.000000	0.000000	0.000000	0.140717
54	tsk_54	(x)	1	:	0.000000	0.000000	0.000000	0.000000	0.000000	0.000000	0.489154	0.415466	0.000000	0.000000	0.000000	0.000000	0.095379
55	tsk_55	(x)	1	:	0.000000	0.000000	0.000000	0.000000	0.000000	0.999998	0.000000	0.000000	0.000000	0.000000	0.000002	0.000000	0.000000
56	tsk_56	(x)	1	:	0.000000	0.000000	0.000000	0.000000	0.000000	0.500000	0.215728	0.112126	0.000000	0.000000	0.000000	0.000000	0.172145
57	tsk_57	(x)	1	:	0.536304	0.000097	0.000000	0.000000	0.000000	0.000000	0.181268	0.194530	0.000000	0.000000	0.000000	0.000000	0.087800
58	tsk_58	(x)	1	:	0.000000	0.000395	0.000000	0.000000	0.000000	0.499912	0.216551	0.061865	0.000000	0.000000	0.000001	0.000000	0.221276
59	tsk_59	(x)	1	:	0.000000	0.000000	0.000000	0.000000	0.000000	0.500000	0.178999	0.151623	0.000000	0.000000	0.000000	0.000000	0.169378
60	tsk_60	(x)	1	:	0.000000	0.000000	0.500001	0.000000	0.000000	0.499997	0.000000	0.000000	0.000000	0.000000	0.000002	0.000000	0.000000
61	tsk_61	(x)	1	:	0.000000	0.000000	0.000000	0.000000	0.000000	0.000000	0.546424	0.378935	0.000000	0.000000	0.000000	0.000000	0.074640
62	tsk_62	(x)	1	:	0.000000	0.496567	0.000000	0.000000	0.000000	0.000000	0.159721	0.201559	0.000000	0.000000	0.000000	0.000000	0.142153
63	tsk_63	(x)	1	:	0.000000	0.000002	0.000000	0.513721	0.000000	0.000000	0.332378	0.117580	0.000000	0.000000	0.000000	0.000000	0.036320
64	tsk_64	(x)	1	:	0.000000	0.000000	0.000000	0.000000	0.000000	0.500000	0.313104	0.076409	0.000000	0.000000	0.000000	0.000000	0.110487
65	tsk_65	(x)	1	:	0.000000	0.000000	0.000000	0.000000	0.000000	0.999995	0.000000	0.000000	0.000000	0.000000	0.000005	0.000000	0.000000
66	tsk_66	(x)	1	:	0.329619	0.169613	0.000000	0.000000	0.000000	0.000000	0.226960	0.193388	0.000000	0.000000	0.000000	0.000000	0.080420
67	tsk_67	(x)	1	:	0.000000	0.000000	0.000000	0.000000	0.000000	0.000000	0.494471	0.442952	0.000000	0.000000	0.000000	0.000000	0.062577
68	tsk_68	(x)	1	:	0.000000	0.000591	0.000000	0.000000	0.000000	0.000000	0.275842	0.106766	0.498346	0.000000	0.000000	0.000000	0.118456
69	tsk_69	(x)	1	:	0.334699	0.665301	0.000000	0.000000	0.000000	0.000000	0.000000	0.000000	0.000000	0.000000	0.000000	0.000000	0.000000
70	tsk_70	(x)	1	:	0.000000	0.127770	0.000000	0.000000	0.000000	0.500888	0.000000	0.000000	0.000000	0.000000	0.000000	0.371342	0.000000
71	tsk_71	(x)	1	:	0.000000	0.000000	0.000000	0.000000	0.000000	0.000000	0.117111	0.276620	0.000000	0.000000	0.000000	0.366688	0.239582
72	tsk_72	(x)	1	:	0.000000	0.000000	0.500005	0.000000	0.000000	0.499985	0.000000	0.000000	0.000000	0.000000	0.000010	0.000000	0.000000
73	tsk_73	(x)	1	:	0.000000	0.628010	0.000000	0.000000	0.000000	0.000000	0.000000	0.000000	0.000000	0.000000	0.000000	0.371990	0.000000
74	tsk_74	(x)	1	:	0.000000	0.000000	0.500002	0.000000	0.000000	0.499996	0.000000	0.000000	0.000000	0.000000	0.000003	0.000000	0.000000
75	tsk_75	(x)	1	:	0.000000	0.126879	0.500801	0.000000	0.000000	0.000000	0.000000	0.000000	0.000000	0.000000	0.000000	0.372320	0.000000
76	tsk_76	(x)	1	:	0.000000	0.496567	0.000000	0.000000	0.000000	0.000000	0.348318	0.074348	0.000000	0.000000	0.000000	0.000000	0.080767
77	tsk_77	(x)	1	:	0.000000	0.127074	0.000000	0.000000	0.000000	0.500976	0.000000	0.000000	0.000000	0.000000	0.000000	0.371950	0.000000
78	tsk_78	(x)	1	:	0.000000	0.126920	0.000000	0.000000	0.000000	0.500996	0.000000	0.000000	0.000000	0.000000	0.000000	0.372084	0.000000
79	tsk_79	(x)	1	:	0.000000	0.000359	0.000000	0.000000	0.000000	0.000000	0.195850	0.175793	0.498384	0.000000	0.000000	0.000000	0.129613
80	tsk_80	(x)	1	:	0.327370	0.173328	0.000000	0.000000	0.000000	0.000000	0.158274	0.286289	0.000000	0.000000	0.000000	0.000000	0.054738
81	tsk_81	(x)	1	:	0.000000	0.128937	0.000000	0.000000	0.000000	0.000000	0.000000	0.000000	0.498845	0.000000	0.000000	0.372218	0.000000
82	tsk_82	(x)	1	:	0.000000	0.129021	0.000000	0.000000	0.000000	0.000000	0.000000	0.000000	0.498838	0.000000	0.000000	0.372141	0.000000
83	tsk_83	(x)	1	:	1.000000	0.000000	0.000000	0.000000	0.000000	0.000000	0.000000	0.000000	0.000000	0.000000	0.000000	0.000000	0.000000
84	tsk_84	(x)	1	:	0.000000	0.000000	0.000000	0.000000	0.000000	0.000000	0.000000	0.000000	0.483849	0.000000	0.000000	0.516151	0.000000
85	tsk_85	(x)	1	:	0.000000	0.000000	0.000000	0.000000	0.000000	0.000000	0.000000	0.000000	0.483849	0.000000	0.000000	0.516151	0.000000
86	tsk_86	(x)	1	:	0.000000	0.127013	0.500788	0.000000	0.000000	0.000000	0.000000	0.000000	0.000000	0.000000	0.000000	0.372199	0.000000
87	tsk_87	(x)	1	:	0.334698	0.665302	0.000000	0.000000	0.000000	0.000000	0.000000	0.000000	0.000000	0.000000	0.000000	0.000000	0.000000
88	tsk_88	(x)	1	:	0.000000	0.000000	0.000000	0.000000	0.000000	0.000000	0.000000	0.000000	1.000000	0.000000	0.000000	0.000000	0.000000
89	tsk_89	(x)	1	:	0.000000	0.000000	0.000000	0.000000	0.000000	0.000000	0.000000	0.000000	1.000000	0.000000	0.000000	0.000000	0.000000
90	tsk_90	(x)	1	:	0.000000	0.499237	0.500762	0.000000	0.000000	0.000000	0.000000	0.000000	0.000000	0.000000	0.000000	0.000000	0.000000
91	tsk_91	(x)	1	:	0.000000	0.496567	0.000000	0.000000	0.000000	0.000000	0.146971	0.337554	0.000000	0.000000	0.000000	0.000000	0.018908
92	tsk_92	(x)	1	:	0.000000	0.496567	0.000000	0.000000	0.000000	0.000000	0.217714	0.173631	0.000000	0.000000	0.000000	0.000000	0.112088
93	tsk_93	(x)	1	:	0.000000	0.000000	0.000000	0.000000	0.000000	0.000000	0.333527	0.513041	0.000000	0.000000	0.000000	0.000000	0.153432
94	tsk_94	(x)	1	:	0.000000	0.598677	0.000000	0.000000	0.000000	0.000000	0.137040	0.253755	0.000000	0.000000	0.000000	0.000000	0.010528
95	tsk_95	(x)	1	:	0.000000	0.496567	0.000000	0.000000	0.000000	0.000000	0.170299	0.208179	0.000000	0.000000	0.000000	0.000000	0.124955
96	tsk_96	(x)	1	:	0.000000	0.496567	0.000000	0.000000	0.000000	0.000000	0.283905	0.187130	0.000000	0.000000	0.000000	0.000000	0.032397
97	tsk_97	(x)	1	:	0.589016	0.410984	0.000000	0.000000	0.000000	0.000000	0.000000	0.000000	0.000000	0.000000	0.000000	0.000000	0.000000
98	tsk_98	(x)	1	:	0.000000	0.522517	0.000000	0.000000	0.000000	0.000000	0.000000	0.000000	0.477483	0.000000	0.000000	0.000000	0.000000
99	tsk_99	(x)	1	:	0.536304	0.000097	0.000000	0.000000	0.000000	0.000000	0.211552	0.180869	0.000000	0.000000	0.000000	0.000000	0.071178
100	tsk_100	(x)	1	:	0.000000	0.000000	0.038650	0.000000	0.961350	0.000000	0.000000	0.000000	0.000000	0.000000	0.000000	0.000000	0.000000
101	tsk_101	(x)	1	:	0.000000	0.000432	0.000000	0.000000	0.000000	0.000000	0.318265	0.094875	0.498372	0.000000	0.000000	0.000000	0.088056
102	tsk_102	(x)	1	:	0.000000	0.000000	0.000000	0.000000	0.000000	0.504681	0.000000	0.000000	0.495303	0.000001	0.000016	0.000000	0.000000
103	tsk_103	(x)	1	:	0.000000	0.000000	0.000000	0.000000	0.000000	0.000000	0.308008	0.531479	0.000000	0.000000	0.000000	0.000000	0.160513
104	tsk_104	(x)	1	:	0.000000	0.000000	0.000000	0.000000	0.000000	0.000000	0.527920	0.380728	0.000000	0.000000	0.000000	0.000000	0.091352
105	tsk_105	(x)	1	:	0.000000	0.000060	0.000001	0.000000	0.504093	0.000001	0.114698	0.193953	0.000000	0.000000	0.000000	0.000000	0.187194
106	tsk_106	(x)	1	:	0.000000	0.000267	0.498310	0.000000	0.000000	0.002006	0.151888	0.170526	0.000000	0.000000	0.000000	0.000000	0.177003
107	tsk_107	(x)	1	:	0.000000	0.000000	0.502001	0.000000	0.000000	0.001690	0.000000	0.000000	0.496310	0.000000	0.000000	0.000000	0.000000
108	tsk_108	(x)	1	:	0.000000	0.000249	0.499092	0.000000	0.000000	0.001055	0.098091	0.128528	0.000000	0.000000	0.000000	0.000000	0.272985
109	tsk_109	(x)	1	:	0.000000	0.000586	0.000000	0.000000	0.000000	0.000000	0.315507	0.137049	0.498346	0.000000	0.000000	0.000000	0.048512
110	tsk_110	(x)	1	:	0.000000	0.000000	0.502351	0.000000	0.000000	0.001162	0.000000	0.000000	0.496487	0.000000	0.000000	0.000000	0.000000
111	tsk_111	(x)	1	:	0.000000	0.000000	0.000000	0.000000	0.000000	0.504690	0.000000	0.000000	0.495301	0.000000	0.000009	0.000000	0.000000
112	tsk_112	(x)	1	:	0.000000	0.127030	0.500786	0.000000	0.000000	0.000000	0.000000	0.000000	0.000000	0.000000	0.000000	0.372184	0.000000
113	tsk_113	(x)	1	:	0.000000	0.000000	0.500406	0.497274	0.000000	0.002320	0.000000	0.000000	0.000000	0.000000	0.000000	0.000000	0.000000
114	tsk_114	(x)	1	:	0.000000	0.000000	1.000000	0.000000	0.000000	0.000000	0.000000	0.000000	0.000000	0.000000	0.000000	0.000000	0.000000
115	tsk_115	(x)	1	:	0.000000	0.000000	1.000000	0.000000	0.000000	0.000000	0.000000	0.000000	0.000000	0.000000	0.000000	0.000000	0.000000
116	tsk_116	(x)	1	:	0.000000	0.000649	0.000000	0.000000	0.000000	0.000000	0.258451	0.082959	0.498336	0.000000	0.000000	0.000000	0.159605
117	tsk_117	(x)	1	:	0.000000	0.000000	0.000000	0.000000	0.000000	0.000000	0.000000	0.000000	0.000000	0.000000	0.000000	1.000000	0.000000
118	tsk_118	(x)	1	:	0.000000	0.000226	0.498594	0.000000	0.000000	0.001668	0.106802	0.104651	0.000000	0.000000	0.000000	0.000000	0.288059
119	tsk_119	(x)	1	:	0.000000	0.000000	1.000000	0.000000	0.000000	0.000000	0.000000	0.000000	0.000000	0.000000	0.000000	0.000000	0.000000
120	tsk_120	(x)	1	:	0.000000	1.000000	0.000000	0.000000	0.000000	0.000000	0.000000	0.000000	0.000000	0.000000	0.000000	0.000000	0.000000
121	tsk_121	(x)	1	:	0.000000	1.000000	0.000000	0.000000	0.000000	0.000000	0.000000	0.000000	0.000000	0.000000	0.000000	0.000000	0.000000
122	tsk_122	(x)	1	:	0.000000	1.000000	0.000000	0.000000	0.000000	0.000000	0.000000	0.000000	0.000000	0.000000	0.000000	0.000000	0.000000
123	tsk_123	(x)	1	:	0.000000	0.496567	0.000000	0.000000	0.000000	0.000000	0.147815	0.184926	0.000000	0.000000	0.000000	0.000000	0.170691
124	tsk_124	(x)	1	:	0.000000	0.499237	0.500762	0.000000	0.000000	0.000000	0.000000	0.000000	0.000000	0.000000	0.000000	0.000000	0.000000
125	tsk_125	(x)	1	:	0.331453	0.207298	0.000000	0.461249	0.000000	0.000000	0.000000	0.000000	0.000000	0.000000	0.000000	0.000000	0.000000
126	tsk_126	(x)	1	:	0.000000	1.000000	0.000000	0.000000	0.000000	0.000000	0.000000	0.000000	0.000000	0.000000	0.000000	0.000000	0.000000
127	tsk_127	(x)	1	:	0.334699	0.665301	0.000000	0.000000	0.000000	0.000000	0.000000	0.000000	0.000000	0.000000	0.000000	0.000000	0.000000
128	tsk_128	(x)	1	:	0.334699	0.665301	0.000000	0.000000	0.000000	0.000000	0.000000	0.000000	0.000000	0.000000	0.000000	0.000000	0.000000
129	tsk_129	(x)	1	:	0.334699	0.665301	0.000000	0.000000	0.000000	0.000000	0.000000	0.000000	0.000000	0.000000	0.000000	0.000000	0.000000
130	tsk_130	(x)	1	:	0.000000	0.000000	0.000000	0.000000	0.000000	0.000000	0.348055	0.501434	0.000000	0.000000	0.000000	0.000000	0.150512
131	tsk_131	(x)	1	:	0.000000	0.000000	0.000000	0.000000	0.000000	0.480423	0.000000	0.000000	0.000000	0.000000	0.000001	0.519575	0.000000
132	tsk_132	(x)	1	:	0.000000	0.000000	0.500537	0.497289	0.000000	0.002173	0.000000	0.000000	0.000000	0.000000	0.000000	0.000000	0.000000
133	tsk_133	(x)	1	:	0.000000	0.000000	0.499874	0.497211	0.000000	0.002914	0.000000	0.000000	0.000000	0.000000	0.000000	0.000000	0.000000
134	tsk_134	(x)	1	:	0.000000	0.000000	0.000000	0.000000	0.000000	0.000000	0.468872	0.421435	0.000000	0.000000	0.000000	0.000000	0.109693
135	tsk_135	(x)	1	:	0.000000	0.000000	0.000000	0.000000	0.000000	0.500000	0.168169	0.171241	0.000000	0.000000	0.000000	0.000000	0.160590
136	tsk_136	(x)	1	:	0.000000	0.000000	0.000000	0.000000	0.000000	0.000000	0.511760	0.453353	0.000000	0.000000	0.000000	0.000000	0.034887
137	tsk_137	(x)	1	:	0.000000	0.000216	0.000000	0.497030	0.000000	0.000000	0.149196	0.319810	0.000000	0.000000	0.000000	0.000000	0.033748
138	tsk_138	(x)	1	:	0.000000	0.000000	0.416980	0.000000	0.583020	0.000000	0.000000	0.000000	0.000000	0.000000	0.000000	0.000000	0.000000
139	tsk_139	(x)	1	:	0.000000	0.000000	0.000000	0.486225	0.000000	0.000000	0.000000	0.000000	0.000000	0.000000	0.000000	0.513775	0.000000
140	tsk_140	(x)	1	:	0.515076	0.000020	0.000000	0.000000	0.000000	0.484904	0.000000	0.000000	0.000000	0.000000	0.000000	0.000000	0.000000
141	tsk_141	(x)	1	:	0.000000	0.000000	0.000000	0.000000	0.000000	0.000000	0.000000	0.000000	0.000000	0.516949	0.000000	0.483051	0.000000
142	tsk_142	(x)	1	:	0.000000	0.000000	0.000000	0.000000	0.000000	0.504695	0.000000	0.000000	0.495301	0.000000	0.000004	0.000000	0.000000
143	tsk_143	(x)	1	:	0.000000	0.000297	0.000000	0.000000	0.000000	0.000000	0.248749	0.133080	0.498395	0.000000	0.000000	0.000000	0.119479
144	tsk_144	(x)	1	:	0.000000	0.000458	0.000000	0.000000	0.000000	0.000000	0.175675	0.212011	0.498368	0.000000	0.000000	0.000000	0.113489
145	tsk_145	(x)	1	:	0.000000	0.000079	0.000000	0.000000	0.000000	0.000016	0.189280	0.135341	0.000000	0.000000	0.499970	0.000000	0.175314
146	tsk_146	(x)	1	:	0.000000	0.000000	0.000000	0.000000	0.000000	0.000004	0.000000	0.000000	0.000000	0.500212	0.499783	0.000000	0.000000
147	tsk_147	(x)	1	:	0.000000	0.000069	0.000000	0.000000	0.000000	0.000217	0.225606	0.118448	0.000000	0.499848	0.000000	0.000000	0.155812
148	tsk_148	(x)	1	:	0.000000	0.000000	0.000000	0.000000	0.000000	0.504692	0.000000	0.000000	0.495301	0.000000	0.000007	0.000000	0.000000
149	tsk_149	(x)	1	:	0.000000	0.000000	0.000000	0.000000	0.000000	0.000000	0.000000	0.000000	0.000000	0.000000	1.000000	0.000000	0.000000
