logL = -1570.505926 (converged)
AIC = 6531.011853
BIC = 11634.038676

count.K
9 11 8 62 4 10 16 1 29 

