0	tsk_0	(x)	1	:	0.000000	0.500000	0.000000	0.000000	0.000000	0.500000	0.000000	0.000000	0.000000	0.000000	0.000000	0.000000	0.000000
1	tsk_1	(x)	1	:	0.000000	0.505167	0.000000	0.000000	0.000000	0.000000	0.000000	0.000000	0.000000	0.000000	0.494833	0.000000	0.000000
2	tsk_2	(x)	1	:	0.000000	0.000000	0.000000	0.000000	0.000000	0.506888	0.000000	0.000000	0.000000	0.000000	0.493112	0.000000	0.000000
3	tsk_3	(x)	1	:	0.000000	0.000000	0.000000	0.000000	0.000000	0.000000	0.000000	0.000000	0.000000	0.000000	1.000000	0.000000	0.000000
4	tsk_4	(x)	1	:	0.000000	0.000000	0.000000	0.000000	0.000000	0.000000	0.000000	0.000000	0.000000	0.000000	1.000000	0.000000	0.000000
5	tsk_5	(x)	1	:	0.000000	0.000000	0.000000	0.000000	0.000000	0.000000	0.000000	0.000000	0.000000	0.000000	0.502864	0.497136	0.000000
6	tsk_6	(x)	1	:	0.000000	0.000000	0.000000	0.000000	0.000000	0.000000	0.000000	0.000000	0.000000	0.000000	1.000000	0.000000	0.000000
7	tsk_7	(x)	1	:	0.000000	0.499999	0.000000	0.000000	0.000000	0.000000	0.500000	0.000000	0.000000	0.000000	0.000000	0.000000	0.000000
8	tsk_8	(x)	1	:	0.000000	0.000000	0.000000	0.000000	0.000000	0.000000	0.000000	0.000000	0.000000	0.000000	0.000000	1.000000	0.000000
9	tsk_9	(x)	1	:	0.000000	0.000000	0.000000	0.000000	0.000000	0.000000	0.504416	0.000000	0.000000	0.000000	0.000000	0.495584	0.000000
10	tsk_10	(x)	1	:	0.000000	0.000000	0.000000	0.000000	0.000000	0.000000	0.500061	0.499938	0.000000	0.000000	0.000000	0.000000	0.000000
11	tsk_11	(x)	1	:	0.000000	0.000000	0.000000	0.000000	0.431487	0.000000	0.000000	0.000000	0.000000	0.000000	0.568513	0.000000	0.000000
12	tsk_12	(x)	1	:	0.000000	0.000000	0.000000	0.000000	0.000000	0.000000	0.000000	0.431487	0.000000	0.000000	0.568513	0.000000	0.000000
13	tsk_13	(x)	1	:	0.000000	0.000000	0.000000	0.000000	0.215518	0.000000	0.000000	0.499998	0.000000	0.000000	0.000005	0.000000	0.284479
14	tsk_14	(x)	1	:	0.000000	0.500000	0.000000	0.000000	0.342339	0.000000	0.000000	0.000000	0.000000	0.000000	0.000000	0.000000	0.157661
15	tsk_15	(x)	1	:	0.000000	0.000000	0.000000	0.000000	0.000000	0.000000	0.000000	1.000000	0.000000	0.000000	0.000000	0.000000	0.000000
16	tsk_16	(x)	1	:	0.000000	0.499998	0.000000	0.000000	0.000000	0.000000	0.000000	0.499998	0.000000	0.000000	0.000004	0.000000	0.000000
17	tsk_17	(x)	1	:	0.000000	0.000000	0.000000	0.000000	0.320110	0.000000	0.000000	0.499998	0.000000	0.000000	0.000004	0.000000	0.179888
18	tsk_18	(x)	1	:	0.000000	0.500000	0.000000	0.000000	0.146826	0.000000	0.000000	0.000000	0.000000	0.000000	0.000000	0.000000	0.353174
19	tsk_19	(x)	1	:	0.487965	0.504920	0.000000	0.000000	0.000000	0.000000	0.000000	0.000000	0.000000	0.000000	0.007115	0.000000	0.000000
20	tsk_20	(x)	1	:	0.000000	0.000000	0.000000	0.000000	0.063003	0.500000	0.000000	0.000000	0.000000	0.000000	0.000000	0.000000	0.436997
21	tsk_21	(x)	1	:	0.000000	1.000000	0.000000	0.000000	0.000000	0.000000	0.000000	0.000000	0.000000	0.000000	0.000000	0.000000	0.000000
22	tsk_22	(x)	1	:	0.000000	0.000000	0.000000	0.000000	0.000000	0.075142	0.000000	0.498375	0.426465	0.000000	0.000019	0.000000	0.000000
23	tsk_23	(x)	1	:	0.000000	0.000000	0.000000	0.000000	0.176158	0.000000	0.000000	0.000000	0.000000	0.000000	0.000613	0.494816	0.328413
24	tsk_24	(x)	1	:	0.000000	0.000000	0.000000	0.000000	0.393916	0.000000	0.000000	0.000000	0.000000	0.000000	0.000000	0.000000	0.606084
25	tsk_25	(x)	1	:	0.000000	0.000000	0.000000	0.000000	0.106209	0.500000	0.000000	0.000000	0.000000	0.000000	0.000000	0.000000	0.393791
26	tsk_26	(x)	1	:	0.000000	0.499999	0.000000	0.000000	0.000000	0.000000	0.500001	0.000000	0.000000	0.000000	0.000000	0.000000	0.000000
27	tsk_27	(x)	1	:	0.000000	0.000000	0.000000	0.250000	0.103886	0.000000	0.000000	0.000000	0.000000	0.000000	0.000000	0.000000	0.646114
28	tsk_28	(x)	1	:	0.000000	0.000000	0.000000	0.000000	0.028947	0.000000	0.000000	0.000000	0.000000	0.000000	0.000604	0.494820	0.475628
29	tsk_29	(x)	1	:	0.000000	0.499999	0.000000	0.000000	0.000000	0.000000	0.000000	0.499999	0.000000	0.000000	0.000002	0.000000	0.000000
30	tsk_30	(x)	1	:	0.536750	0.000000	0.000000	0.000000	0.000000	0.000100	0.000000	0.000000	0.463150	0.000000	0.000000	0.000000	0.000000
31	tsk_31	(x)	1	:	0.000000	1.000000	0.000000	0.000000	0.000000	0.000000	0.000000	0.000000	0.000000	0.000000	0.000000	0.000000	0.000000
32	tsk_32	(x)	1	:	0.000000	0.000000	0.000000	0.000000	0.000000	0.067037	0.000000	0.000000	0.437066	0.000000	0.001414	0.494483	0.000000
33	tsk_33	(x)	1	:	0.000000	0.000000	0.000000	0.000000	0.000000	0.000000	0.000000	0.000000	1.000000	0.000000	0.000000	0.000000	0.000000
34	tsk_34	(x)	1	:	0.000000	0.000000	0.000000	0.000000	0.000000	0.000000	0.000000	0.000000	1.000000	0.000000	0.000000	0.000000	0.000000
35	tsk_35	(x)	1	:	0.000000	0.000000	0.000000	0.000000	0.000000	0.000000	0.000000	0.000000	1.000000	0.000000	0.000000	0.000000	0.000000
36	tsk_36	(x)	1	:	0.000000	0.499998	0.000000	0.000000	0.000000	0.063360	0.000000	0.000000	0.436642	0.000000	0.000000	0.000000	0.000000
37	tsk_37	(x)	1	:	0.000000	0.000000	0.000000	0.000000	0.190424	0.063797	0.000000	0.000000	0.436350	0.000000	0.000000	0.000000	0.309430
38	tsk_38	(x)	1	:	0.000000	0.000000	0.000000	0.000000	0.000000	0.499994	0.000000	0.499994	0.000000	0.000000	0.000013	0.000000	0.000000
39	tsk_39	(x)	1	:	0.000000	0.000000	0.000000	0.000000	0.213774	0.063699	0.000000	0.000000	0.436415	0.000000	0.000000	0.000000	0.286112
40	tsk_40	(x)	1	:	0.000000	0.505167	0.000000	0.000000	0.000000	0.000000	0.000000	0.000000	0.000000	0.000000	0.494833	0.000000	0.000000
41	tsk_41	(x)	1	:	0.000000	0.000000	0.000000	0.000000	0.000000	0.499993	0.000000	0.499993	0.000000	0.000000	0.000013	0.000000	0.000000
42	tsk_42	(x)	1	:	0.000000	0.000000	0.000000	0.000000	0.000000	0.000000	0.000000	0.000000	0.000000	0.000000	1.000000	0.000000	0.000000
43	tsk_43	(x)	1	:	0.000000	0.000000	0.000000	0.000000	0.000000	0.000000	0.505168	0.000000	0.000000	0.000000	0.494832	0.000000	0.000000
44	tsk_44	(x)	1	:	0.000000	0.000000	0.000000	0.000000	0.000000	0.000000	0.500136	0.499864	0.000000	0.000000	0.000000	0.000000	0.000000
45	tsk_45	(x)	1	:	0.000000	0.000000	0.000000	0.000000	0.000000	0.000000	0.500563	0.499437	0.000000	0.000000	0.000000	0.000000	0.000000
46	tsk_46	(x)	1	:	0.000000	0.000000	0.000000	0.000000	0.000000	0.000000	0.000000	0.506888	0.000000	0.000000	0.493112	0.000000	0.000000
47	tsk_47	(x)	1	:	0.000000	0.000000	0.000000	0.000000	0.000000	0.500000	0.500000	0.000000	0.000000	0.000000	0.000000	0.000000	0.000000
48	tsk_48	(x)	1	:	0.000000	0.000000	0.000000	0.000000	0.000000	0.000000	0.000000	0.506888	0.000000	0.000000	0.493112	0.000000	0.000000
49	tsk_49	(x)	1	:	0.000000	0.000000	0.000000	0.000000	0.000000	0.000000	0.000000	0.506888	0.000000	0.000000	0.493112	0.000000	0.000000
50	tsk_50	(x)	1	:	0.000000	0.000000	0.000000	0.000000	0.431656	0.000000	0.000000	0.000000	0.000000	0.000000	0.000000	0.000000	0.568344
51	tsk_51	(x)	1	:	0.000000	0.499999	0.000000	0.000000	0.000000	0.000000	0.500001	0.000000	0.000000	0.000000	0.000000	0.000000	0.000000
52	tsk_52	(x)	1	:	0.000000	0.000000	0.000000	0.000000	0.025321	0.000000	0.500438	0.000000	0.000000	0.000000	0.000000	0.000000	0.474241
53	tsk_53	(x)	1	:	0.000000	0.000000	0.000000	0.000000	0.000000	0.000000	1.000000	0.000000	0.000000	0.000000	0.000000	0.000000	0.000000
54	tsk_54	(x)	1	:	0.000000	0.000000	0.000000	0.000000	0.467124	0.000000	0.000000	0.000000	0.000000	0.000000	0.000000	0.000000	0.532875
55	tsk_55	(x)	1	:	0.000000	0.000000	0.000000	0.000000	0.000000	0.070105	0.000000	0.000000	0.434117	0.000000	0.002115	0.493663	0.000000
56	tsk_56	(x)	1	:	0.000000	0.000000	0.000000	0.000000	0.106467	0.000000	0.500301	0.000000	0.000000	0.000000	0.000000	0.000000	0.393232
57	tsk_57	(x)	1	:	0.000000	0.000000	0.000000	0.000000	0.000000	0.000000	0.504276	0.000000	0.000000	0.000000	0.000000	0.495724	0.000000
58	tsk_58	(x)	1	:	0.000000	0.000000	0.000000	0.000000	0.000000	0.000000	1.000000	0.000000	0.000000	0.000000	0.000000	0.000000	0.000000
59	tsk_59	(x)	1	:	0.000000	0.000000	0.000000	0.000000	0.305559	0.000000	0.000000	0.000000	0.000000	0.000000	0.493112	0.000000	0.201329
60	tsk_60	(x)	1	:	0.000000	0.000000	0.000000	0.000000	0.000000	0.182892	0.500568	0.000000	0.316539	0.000000	0.000000	0.000000	0.000000
61	tsk_61	(x)	1	:	0.000000	0.500000	0.000000	0.000000	0.000000	0.500000	0.000000	0.000000	0.000000	0.000000	0.000000	0.000000	0.000000
62	tsk_62	(x)	1	:	0.000000	0.000000	0.000000	0.000000	0.000000	0.499721	0.500279	0.000000	0.000000	0.000000	0.000000	0.000000	0.000000
63	tsk_63	(x)	1	:	0.000000	0.000000	0.000000	0.000000	0.000000	0.000000	1.000000	0.000000	0.000000	0.000000	0.000000	0.000000	0.000000
64	tsk_64	(x)	1	:	0.000000	0.000000	0.000000	0.000000	0.000000	0.183823	0.500265	0.000000	0.315911	0.000000	0.000000	0.000000	0.000000
65	tsk_65	(x)	1	:	0.000000	0.000000	0.000000	0.000000	0.000000	0.000000	1.000000	0.000000	0.000000	0.000000	0.000000	0.000000	0.000000
66	tsk_66	(x)	1	:	0.000000	0.000000	0.000000	0.000000	0.000000	0.500000	0.000000	0.000000	0.500000	0.000000	0.000000	0.000000	0.000000
67	tsk_67	(x)	1	:	0.000000	0.500000	0.000000	0.000000	0.000000	0.500000	0.000000	0.000000	0.000000	0.000000	0.000000	0.000000	0.000000
68	tsk_68	(x)	1	:	0.000000	0.000000	0.000000	0.000000	0.000000	0.000000	0.000000	0.447683	0.000000	0.000000	0.000000	0.552317	0.000000
69	tsk_69	(x)	1	:	0.000000	0.000000	0.000000	0.000000	0.000000	0.499930	0.500070	0.000000	0.000000	0.000000	0.000000	0.000000	0.000000
70	tsk_70	(x)	1	:	0.487959	0.504915	0.000000	0.000000	0.000000	0.000000	0.000000	0.000000	0.000000	0.000000	0.007125	0.000000	0.000000
71	tsk_71	(x)	1	:	0.000000	0.499999	0.000000	0.000000	0.000000	0.000000	0.500001	0.000000	0.000000	0.000000	0.000000	0.000000	0.000000
72	tsk_72	(x)	1	:	0.000000	0.500000	0.000000	0.000000	0.000000	0.500000	0.000000	0.000000	0.000000	0.000000	0.000000	0.000000	0.000000
73	tsk_73	(x)	1	:	0.491352	0.000000	0.000000	0.000000	0.000000	0.000000	0.508648	0.000000	0.000000	0.000000	0.000000	0.000000	0.000000
74	tsk_74	(x)	1	:	0.487868	0.000000	0.000000	0.000000	0.078140	0.000000	0.000000	0.000000	0.000000	0.000000	0.005651	0.000000	0.428341
75	tsk_75	(x)	1	:	0.000000	0.500000	0.000000	0.000000	0.000000	0.000000	0.500000	0.000000	0.000000	0.000000	0.000000	0.000000	0.000000
76	tsk_76	(x)	1	:	0.000000	0.499999	0.000000	0.000000	0.000000	0.000000	0.500001	0.000000	0.000000	0.000000	0.000000	0.000000	0.000000
77	tsk_77	(x)	1	:	0.487985	0.504934	0.000000	0.000000	0.000000	0.000000	0.000000	0.000000	0.000000	0.000000	0.007081	0.000000	0.000000
78	tsk_78	(x)	1	:	0.000000	0.000000	0.000000	0.000000	0.000000	0.499954	0.500046	0.000000	0.000000	0.000000	0.000000	0.000000	0.000000
79	tsk_79	(x)	1	:	0.000000	1.000000	0.000000	0.000000	0.000000	0.000000	0.000000	0.000000	0.000000	0.000000	0.000000	0.000000	0.000000
80	tsk_80	(x)	1	:	0.000000	0.499989	0.000000	0.000000	0.000000	0.000000	0.000000	0.000000	0.000000	0.500011	0.000000	0.000000	0.000000
81	tsk_81	(x)	1	:	0.000000	0.000000	0.446631	0.000000	0.199641	0.000000	0.000000	0.000000	0.000000	0.000000	0.000000	0.000000	0.353728
82	tsk_82	(x)	1	:	0.452267	0.410343	0.000000	0.137390	0.000000	0.000000	0.000000	0.000000	0.000000	0.000000	0.000000	0.000000	0.000000
83	tsk_83	(x)	1	:	0.000000	0.499999	0.000000	0.000000	0.000000	0.000000	0.000000	0.499998	0.000000	0.000000	0.000003	0.000000	0.000000
84	tsk_84	(x)	1	:	0.000000	0.000000	1.000000	0.000000	0.000000	0.000000	0.000000	0.000000	0.000000	0.000000	0.000000	0.000000	0.000000
85	tsk_85	(x)	1	:	0.000000	0.500000	0.000000	0.000000	0.239111	0.000000	0.000000	0.000000	0.000000	0.000000	0.000000	0.000000	0.260889
86	tsk_86	(x)	1	:	0.000000	1.000000	0.000000	0.000000	0.000000	0.000000	0.000000	0.000000	0.000000	0.000000	0.000000	0.000000	0.000000
87	tsk_87	(x)	1	:	0.000000	0.000000	0.537111	0.000000	0.000000	0.000000	0.000000	0.000000	0.000000	0.000000	0.462889	0.000000	0.000000
88	tsk_88	(x)	1	:	0.000000	0.500000	0.000000	0.000000	0.329983	0.000000	0.000000	0.000000	0.000000	0.000000	0.000000	0.000000	0.170017
89	tsk_89	(x)	1	:	0.000000	0.000000	0.000000	0.000000	0.000000	0.000000	0.505167	0.000000	0.000000	0.000000	0.494833	0.000000	0.000000
90	tsk_90	(x)	1	:	0.487956	0.504913	0.000000	0.000000	0.000000	0.000000	0.000000	0.000000	0.000000	0.000000	0.007132	0.000000	0.000000
91	tsk_91	(x)	1	:	1.000000	0.000000	0.000000	0.000000	0.000000	0.000000	0.000000	0.000000	0.000000	0.000000	0.000000	0.000000	0.000000
92	tsk_92	(x)	1	:	1.000000	0.000000	0.000000	0.000000	0.000000	0.000000	0.000000	0.000000	0.000000	0.000000	0.000000	0.000000	0.000000
93	tsk_93	(x)	1	:	0.000000	1.000000	0.000000	0.000000	0.000000	0.000000	0.000000	0.000000	0.000000	0.000000	0.000000	0.000000	0.000000
94	tsk_94	(x)	1	:	0.000000	0.000000	0.000000	0.000000	0.000000	0.059278	0.501015	0.000000	0.439707	0.000000	0.000000	0.000000	0.000000
95	tsk_95	(x)	1	:	0.000000	0.000000	0.000000	0.000000	0.000000	0.060354	0.500746	0.000000	0.438899	0.000000	0.000000	0.000000	0.000000
96	tsk_96	(x)	1	:	0.000000	1.000000	0.000000	0.000000	0.000000	0.000000	0.000000	0.000000	0.000000	0.000000	0.000000	0.000000	0.000000
97	tsk_97	(x)	1	:	0.000000	0.000000	0.000000	0.000000	0.341655	0.000000	0.000000	0.499998	0.000000	0.000000	0.000005	0.000000	0.158343
98	tsk_98	(x)	1	:	0.000000	0.500000	0.000000	0.000000	0.000000	0.500000	0.000000	0.000000	0.000000	0.000000	0.000000	0.000000	0.000000
99	tsk_99	(x)	1	:	0.532487	0.000000	0.000000	0.000000	0.000000	0.000000	0.000000	0.467513	0.000000	0.000000	0.000000	0.000000	0.000000
100	tsk_100	(x)	1	:	0.487977	0.504928	0.000000	0.000000	0.000000	0.000000	0.000000	0.000000	0.000000	0.000000	0.007095	0.000000	0.000000
101	tsk_101	(x)	1	:	0.487989	0.000000	0.000000	0.000000	0.000000	0.000000	0.000000	0.000000	0.000000	0.000000	0.015165	0.496846	0.000000
102	tsk_102	(x)	1	:	0.000000	0.000000	0.000000	0.000000	0.351721	0.000000	0.000000	0.000000	0.000000	0.000000	0.000000	0.000000	0.648278
103	tsk_103	(x)	1	:	0.487957	0.504914	0.000000	0.000000	0.000000	0.000000	0.000000	0.000000	0.000000	0.000000	0.007129	0.000000	0.000000
104	tsk_104	(x)	1	:	0.000000	0.000000	0.000000	0.000000	0.271183	0.000000	0.000000	0.000000	0.000000	0.000000	0.000000	0.000000	0.728817
105	tsk_105	(x)	1	:	0.531535	0.000000	0.000000	0.000000	0.000000	0.000000	0.000000	0.468465	0.000000	0.000000	0.000000	0.000000	0.000000
106	tsk_106	(x)	1	:	0.531535	0.000000	0.000000	0.000000	0.168493	0.000000	0.000000	0.000000	0.000000	0.000000	0.000000	0.000000	0.299972
107	tsk_107	(x)	1	:	0.000000	0.000000	0.000000	0.000000	0.329846	0.000000	0.000000	0.000000	0.000000	0.000000	0.000608	0.494819	0.174727
108	tsk_108	(x)	1	:	0.000000	0.000000	0.000000	0.000000	0.201508	0.000000	0.000000	0.000000	0.000000	0.000000	0.000617	0.494814	0.303061
109	tsk_109	(x)	1	:	0.000000	0.500000	0.000000	0.000000	0.229472	0.000000	0.000000	0.000000	0.000000	0.000000	0.000000	0.000000	0.270528
110	tsk_110	(x)	1	:	0.000000	0.000000	0.000000	0.000000	0.000000	0.463789	0.000000	0.000000	0.000000	0.000000	0.000000	0.536211	0.000000
111	tsk_111	(x)	1	:	0.000000	0.000000	0.000000	0.000000	0.197661	0.000000	0.000000	0.000000	0.000000	0.000000	0.000547	0.494849	0.306942
112	tsk_112	(x)	1	:	0.000000	0.000000	0.000000	0.000000	0.000000	0.000000	0.000000	0.000000	0.000000	0.000000	0.000000	1.000000	0.000000
113	tsk_113	(x)	1	:	0.000000	0.000000	0.000000	0.000000	0.000000	0.000000	0.000000	0.000000	0.000000	0.000000	0.000000	1.000000	0.000000
114	tsk_114	(x)	1	:	0.000000	0.000000	0.000000	0.000000	0.000000	0.000000	0.000000	0.000000	0.000000	0.000000	0.000000	1.000000	0.000000
115	tsk_115	(x)	1	:	0.000000	0.000000	0.000000	0.000000	0.000000	0.000000	0.000000	0.000000	0.000000	0.000000	0.502864	0.497136	0.000000
116	tsk_116	(x)	1	:	0.000000	0.000000	0.000000	0.000000	0.000000	0.000000	0.000000	0.000000	0.000000	0.000000	0.000000	1.000000	0.000000
117	tsk_117	(x)	1	:	0.000000	0.500000	0.000000	0.000000	0.000000	0.000000	0.500000	0.000000	0.000000	0.000000	0.000000	0.000000	0.000000
118	tsk_118	(x)	1	:	0.000000	0.000000	0.000000	0.000000	0.000000	0.504472	0.000000	0.000000	0.000000	0.000000	0.000811	0.494717	0.000000
119	tsk_119	(x)	1	:	0.000000	0.000000	0.000000	0.000000	0.000000	0.000000	0.000000	0.000000	0.000000	0.000000	0.000000	1.000000	0.000000
120	tsk_120	(x)	1	:	0.487978	0.504929	0.000000	0.000000	0.000000	0.000000	0.000000	0.000000	0.000000	0.000000	0.007093	0.000000	0.000000
121	tsk_121	(x)	1	:	0.491774	0.000000	0.000000	0.000000	0.000000	0.000000	0.508225	0.000000	0.000000	0.000000	0.000000	0.000000	0.000000
122	tsk_122	(x)	1	:	0.487948	0.504907	0.000000	0.000000	0.000000	0.000000	0.000000	0.000000	0.000000	0.000000	0.007145	0.000000	0.000000
123	tsk_123	(x)	1	:	0.487967	0.504921	0.000000	0.000000	0.000000	0.000000	0.000000	0.000000	0.000000	0.000000	0.007111	0.000000	0.000000
124	tsk_124	(x)	1	:	0.000000	1.000000	0.000000	0.000000	0.000000	0.000000	0.000000	0.000000	0.000000	0.000000	0.000000	0.000000	0.000000
125	tsk_125	(x)	1	:	0.487978	0.504930	0.000000	0.000000	0.000000	0.000000	0.000000	0.000000	0.000000	0.000000	0.007092	0.000000	0.000000
126	tsk_126	(x)	1	:	0.000000	0.000000	1.000000	0.000000	0.000000	0.000000	0.000000	0.000000	0.000000	0.000000	0.000000	0.000000	0.000000
127	tsk_127	(x)	1	:	0.000000	1.000000	0.000000	0.000000	0.000000	0.000000	0.000000	0.000000	0.000000	0.000000	0.000000	0.000000	0.000000
128	tsk_128	(x)	1	:	0.487974	0.504927	0.000000	0.000000	0.000000	0.000000	0.000000	0.000000	0.000000	0.000000	0.007099	0.000000	0.000000
129	tsk_129	(x)	1	:	0.000000	1.000000	0.000000	0.000000	0.000000	0.000000	0.000000	0.000000	0.000000	0.000000	0.000000	0.000000	0.000000
130	tsk_130	(x)	1	:	0.000000	0.000000	0.000000	0.000000	0.000000	0.000000	0.000000	0.000000	0.000000	0.000000	0.000000	1.000000	0.000000
131	tsk_131	(x)	1	:	0.000000	0.000000	0.000000	0.000000	0.000000	0.000000	0.000000	0.000000	0.000000	0.000000	0.000000	1.000000	0.000000
132	tsk_132	(x)	1	:	0.000000	0.000000	0.000000	0.000000	0.000000	0.000000	1.000000	0.000000	0.000000	0.000000	0.000000	0.000000	0.000000
133	tsk_133	(x)	1	:	0.000000	0.000000	0.000000	0.000000	0.000000	0.000000	0.000000	0.000000	0.000000	0.000000	0.502864	0.497136	0.000000
134	tsk_134	(x)	1	:	0.000000	0.000000	0.532499	0.000000	0.000000	0.000000	0.467501	0.000000	0.000000	0.000000	0.000000	0.000000	0.000000
135	tsk_135	(x)	1	:	0.000000	0.000000	0.000000	0.000000	0.000000	0.000000	0.000000	0.507314	0.000000	0.000000	0.000000	0.492686	0.000000
136	tsk_136	(x)	1	:	0.000000	0.000000	0.000000	0.000000	0.000000	0.000000	0.000000	0.507314	0.000000	0.000000	0.000000	0.492686	0.000000
137	tsk_137	(x)	1	:	0.000000	0.000000	0.000000	0.000000	0.000000	0.000000	0.000000	0.000000	0.000000	0.000000	0.502864	0.497136	0.000000
138	tsk_138	(x)	1	:	0.000000	0.000000	0.000000	0.000000	0.000000	0.000000	0.500087	0.499913	0.000000	0.000000	0.000000	0.000000	0.000000
139	tsk_139	(x)	1	:	0.000000	0.000000	0.000000	0.000000	0.000000	0.000000	0.000000	0.000000	0.000000	0.000000	0.336147	0.663853	0.000000
140	tsk_140	(x)	1	:	0.000000	0.000000	0.000000	0.000000	0.444109	0.000000	0.000000	0.000000	0.000000	0.000000	0.000000	0.000000	0.555891
141	tsk_141	(x)	1	:	0.000000	0.499999	0.000000	0.000000	0.000000	0.000000	0.500000	0.000000	0.000000	0.000000	0.000000	0.000000	0.000000
142	tsk_142	(x)	1	:	0.000000	0.500000	0.000000	0.000000	0.000000	0.000000	0.500000	0.000000	0.000000	0.000000	0.000000	0.000000	0.000000
143	tsk_143	(x)	1	:	0.000000	0.000000	0.000000	0.000000	0.198938	0.000000	0.500224	0.000000	0.000000	0.000000	0.000000	0.000000	0.300838
144	tsk_144	(x)	1	:	0.000000	0.000000	0.000000	0.000000	0.070228	0.000000	0.500314	0.000000	0.000000	0.000000	0.000000	0.000000	0.429458
145	tsk_145	(x)	1	:	0.000000	0.000000	0.000000	0.000000	0.208074	0.000000	0.000000	0.000000	0.000000	0.000000	0.000000	0.000000	0.791925
146	tsk_146	(x)	1	:	0.000000	0.000000	0.000000	0.000000	0.000000	0.000000	1.000000	0.000000	0.000000	0.000000	0.000000	0.000000	0.000000
147	tsk_147	(x)	1	:	0.000000	0.000000	0.000000	0.000000	0.149362	0.000000	0.000000	0.000000	0.000000	0.000000	0.000000	0.000000	0.850638
148	tsk_148	(x)	1	:	0.000000	0.000000	0.000000	0.000000	0.508812	0.000000	0.000000	0.000000	0.000000	0.000000	0.000000	0.000000	0.491188
149	tsk_149	(x)	1	:	0.000000	1.000000	0.000000	0.000000	0.000000	0.000000	0.000000	0.000000	0.000000	0.000000	0.000000	0.000000	0.000000
