logL = -1544.764923 (converged)
AIC = 3905.529847
BIC = 5133.869047

count.K
27 83 40 

