logL = -1726.442579 (converged)
AIC = 7442.885157
BIC = 13449.102569

count.K
9 36 10 12 10 9 4 8 1 48 3 

