0	tsk_0	(x)	1	:	0.000000	0.000000	0.000000	0.856945	0.000000	0.000000	0.000000	0.000000	0.000000	0.000000	0.143055	0.000000	0.000000	0.000000	0.000000
1	tsk_1	(x)	1	:	0.000000	0.000000	0.000000	0.000555	0.000000	0.499722	0.243567	0.000000	0.000000	0.000000	0.000000	0.000000	0.000000	0.000000	0.256155
2	tsk_2	(x)	1	:	0.000000	0.000000	0.000000	0.816718	0.000000	0.000000	0.000000	0.000000	0.000000	0.000000	0.183282	0.000000	0.000000	0.000000	0.000000
3	tsk_3	(x)	1	:	0.000000	0.000245	0.000000	0.439891	0.499749	0.000000	0.000000	0.000000	0.000000	0.000000	0.060115	0.000000	0.000000	0.000000	0.000000
4	tsk_4	(x)	1	:	0.000000	0.000000	0.000000	0.846100	0.000000	0.000000	0.000000	0.000000	0.000000	0.000000	0.153900	0.000000	0.000000	0.000000	0.000000
5	tsk_5	(x)	1	:	0.000000	0.000000	0.000000	0.864469	0.000000	0.000000	0.000000	0.000000	0.000000	0.000000	0.135531	0.000000	0.000000	0.000000	0.000000
6	tsk_6	(x)	1	:	0.000000	0.000000	0.000000	0.849328	0.000000	0.000000	0.000000	0.000000	0.000000	0.000000	0.150672	0.000000	0.000000	0.000000	0.000000
7	tsk_7	(x)	1	:	0.000000	0.000000	0.000000	0.000000	0.500000	0.500000	0.000000	0.000000	0.000000	0.000000	0.000000	0.000000	0.000000	0.000000	0.000000
8	tsk_8	(x)	1	:	0.000000	0.000000	0.512271	0.450530	0.000000	0.000000	0.000000	0.000000	0.000000	0.000000	0.037199	0.000000	0.000000	0.000000	0.000000
9	tsk_9	(x)	1	:	0.000000	0.000000	0.000000	0.362296	0.000000	0.000000	0.000000	0.515381	0.000000	0.000000	0.122322	0.000000	0.000000	0.000000	0.000000
10	tsk_10	(x)	1	:	0.000000	0.000000	0.000000	0.000000	0.000000	0.000000	0.267958	0.000000	0.531758	0.000000	0.000000	0.000000	0.000000	0.000000	0.200284
11	tsk_11	(x)	1	:	0.000000	0.000000	0.000000	0.020699	0.000000	0.000000	0.335879	0.477642	0.000000	0.000000	0.001656	0.000000	0.000000	0.000000	0.164123
12	tsk_12	(x)	1	:	0.000000	0.000163	0.000000	0.000000	0.999837	0.000000	0.000000	0.000000	0.000000	0.000000	0.000000	0.000000	0.000000	0.000000	0.000000
13	tsk_13	(x)	1	:	0.000000	0.000000	0.000000	0.000000	0.000000	0.000000	0.511355	0.000000	0.000000	0.000000	0.000000	0.000000	0.000000	0.000000	0.488644
14	tsk_14	(x)	1	:	0.000000	0.000083	0.000000	0.000000	0.499755	0.000000	0.091889	0.000000	0.000000	0.000000	0.001763	0.000000	0.000000	0.000000	0.406510
15	tsk_15	(x)	1	:	0.000000	0.000240	0.000000	0.001564	0.499576	0.000000	0.063773	0.000000	0.000000	0.000000	0.000403	0.000000	0.000000	0.000000	0.434444
16	tsk_16	(x)	1	:	0.499206	0.000000	0.000000	0.000456	0.000000	0.000000	0.333354	0.000000	0.000000	0.000000	0.001946	0.000000	0.000000	0.000000	0.165038
17	tsk_17	(x)	1	:	0.000000	0.000000	0.000000	0.000000	0.000000	0.000000	0.315503	0.000000	0.000000	0.000000	0.000000	0.000000	0.000000	0.000000	0.684497
18	tsk_18	(x)	1	:	0.000000	0.000128	0.000000	0.001838	0.499696	0.000000	0.077898	0.000000	0.000000	0.000000	0.000078	0.000000	0.000000	0.000000	0.420362
19	tsk_19	(x)	1	:	0.000000	0.000082	0.000000	0.001949	0.499716	0.000000	0.044738	0.000000	0.000000	0.000000	0.000258	0.000000	0.000000	0.000000	0.453257
20	tsk_20	(x)	1	:	0.000000	0.000215	0.000000	0.425599	0.499780	0.000000	0.000000	0.000000	0.000000	0.000000	0.074407	0.000000	0.000000	0.000000	0.000000
21	tsk_21	(x)	1	:	0.000000	0.000180	0.000000	0.425833	0.499815	0.000000	0.000000	0.000000	0.000000	0.000000	0.074172	0.000000	0.000000	0.000000	0.000000
22	tsk_22	(x)	1	:	0.000000	0.000000	0.000000	0.831080	0.000000	0.000000	0.000000	0.000000	0.000000	0.000000	0.168919	0.000000	0.000000	0.000000	0.000000
23	tsk_23	(x)	1	:	0.000000	0.000000	0.000000	0.000787	0.000000	0.000000	0.219064	0.000000	0.000000	0.000000	0.000117	0.000000	0.000000	0.502990	0.277042
24	tsk_24	(x)	1	:	0.000000	0.000000	0.000000	0.467191	0.000000	0.000000	0.233625	0.000000	0.000000	0.000000	0.032809	0.000000	0.000000	0.000000	0.266375
25	tsk_25	(x)	1	:	0.000000	0.000103	0.000000	0.001816	0.499707	0.000000	0.114290	0.000000	0.000000	0.000000	0.000258	0.000000	0.000000	0.000000	0.383826
26	tsk_26	(x)	1	:	0.000000	0.000000	0.000000	0.445721	0.000000	0.000000	0.000000	0.000000	0.000000	0.000000	0.057706	0.000000	0.000000	0.496573	0.000000
27	tsk_27	(x)	1	:	0.000000	0.000088	0.000000	0.001752	0.499733	0.000000	0.102371	0.000000	0.000000	0.000000	0.000205	0.000000	0.000000	0.000000	0.395851
28	tsk_28	(x)	1	:	0.000000	0.000136	0.000000	0.000000	0.999863	0.000000	0.000000	0.000000	0.000000	0.000000	0.000000	0.000000	0.000000	0.000000	0.000000
29	tsk_29	(x)	1	:	0.000000	0.000000	0.000000	0.428870	0.000000	0.000000	0.257471	0.000000	0.000000	0.000000	0.071130	0.000000	0.000000	0.000000	0.242529
30	tsk_30	(x)	1	:	0.000000	0.000153	0.000000	0.001844	0.499655	0.000000	0.044227	0.000000	0.000000	0.000000	0.000231	0.000000	0.000000	0.000000	0.453889
31	tsk_31	(x)	1	:	0.000000	0.000200	0.000000	0.413723	0.499795	0.000000	0.000000	0.000000	0.000000	0.000000	0.086282	0.000000	0.000000	0.000000	0.000000
32	tsk_32	(x)	1	:	0.499351	0.000000	0.000000	0.024699	0.000000	0.000000	0.000000	0.000000	0.000000	0.000000	0.475949	0.000000	0.000000	0.000000	0.000000
33	tsk_33	(x)	1	:	0.499352	0.000031	0.000000	0.000000	0.500617	0.000000	0.000000	0.000000	0.000000	0.000000	0.000000	0.000000	0.000000	0.000000	0.000000
34	tsk_34	(x)	1	:	0.000000	0.000039	0.000000	0.000000	0.999961	0.000000	0.000000	0.000000	0.000000	0.000000	0.000000	0.000000	0.000000	0.000000	0.000000
35	tsk_35	(x)	1	:	0.499352	0.000025	0.000000	0.000000	0.500623	0.000000	0.000000	0.000000	0.000000	0.000000	0.000000	0.000000	0.000000	0.000000	0.000000
36	tsk_36	(x)	1	:	0.499352	0.000033	0.000000	0.000000	0.500615	0.000000	0.000000	0.000000	0.000000	0.000000	0.000000	0.000000	0.000000	0.000000	0.000000
37	tsk_37	(x)	1	:	0.000000	0.000175	0.000000	0.428827	0.499820	0.000000	0.000000	0.000000	0.000000	0.000000	0.071178	0.000000	0.000000	0.000000	0.000000
38	tsk_38	(x)	1	:	0.000000	0.000072	0.000000	0.463673	0.499926	0.000000	0.000000	0.000000	0.000000	0.000000	0.036329	0.000000	0.000000	0.000000	0.000000
39	tsk_39	(x)	1	:	0.000000	1.000000	0.000000	0.000000	0.000000	0.000000	0.000000	0.000000	0.000000	0.000000	0.000000	0.000000	0.000000	0.000000	0.000000
40	tsk_40	(x)	1	:	0.000000	0.000000	0.000000	0.000003	0.000000	0.000000	0.321325	0.513926	0.000000	0.000000	0.000000	0.000000	0.000000	0.000000	0.164746
41	tsk_41	(x)	1	:	0.000000	0.000000	0.512271	0.451972	0.000000	0.000000	0.000000	0.000000	0.000000	0.000000	0.035757	0.000000	0.000000	0.000000	0.000000
42	tsk_42	(x)	1	:	0.000000	0.000000	0.000000	0.321467	0.000000	0.000000	0.000000	0.515381	0.000000	0.000000	0.163152	0.000000	0.000000	0.000000	0.000000
43	tsk_43	(x)	1	:	0.466225	0.000000	0.000000	0.000000	0.000000	0.000000	0.000000	0.533775	0.000000	0.000000	0.000000	0.000000	0.000000	0.000000	0.000000
44	tsk_44	(x)	1	:	0.499351	0.000000	0.000000	0.037856	0.000000	0.000000	0.000000	0.000000	0.000000	0.000000	0.462793	0.000000	0.000000	0.000000	0.000000
45	tsk_45	(x)	1	:	0.488213	0.000000	0.511787	0.000000	0.000000	0.000000	0.000000	0.000000	0.000000	0.000000	0.000000	0.000000	0.000000	0.000000	0.000000
46	tsk_46	(x)	1	:	0.000000	0.000000	0.000000	0.000002	0.000000	0.000000	0.405274	0.513926	0.000000	0.000000	0.000000	0.000000	0.000000	0.000000	0.080798
47	tsk_47	(x)	1	:	0.499228	0.000000	0.000000	0.000166	0.000000	0.000000	0.001476	0.000000	0.000000	0.000000	0.000479	0.000000	0.498509	0.000000	0.000142
48	tsk_48	(x)	1	:	0.000000	0.000000	0.512271	0.418370	0.000000	0.000000	0.000000	0.000000	0.000000	0.000000	0.069359	0.000000	0.000000	0.000000	0.000000
49	tsk_49	(x)	1	:	0.000000	0.000000	0.000000	0.018524	0.000000	0.000000	0.349519	0.477642	0.000000	0.000000	0.003831	0.000000	0.000000	0.000000	0.150483
50	tsk_50	(x)	1	:	0.000000	0.000000	0.000000	0.889991	0.000000	0.000000	0.000000	0.000000	0.000000	0.000000	0.110009	0.000000	0.000000	0.000000	0.000000
51	tsk_51	(x)	1	:	0.000000	0.000000	0.000000	0.343970	0.000000	0.000000	0.240188	0.000000	0.000000	0.000000	0.156030	0.000000	0.000000	0.000000	0.259812
52	tsk_52	(x)	1	:	0.000000	0.000000	0.000000	0.471098	0.000000	0.000000	0.448953	0.000000	0.000000	0.000000	0.028902	0.000000	0.000000	0.000000	0.051047
53	tsk_53	(x)	1	:	0.499351	0.000000	0.000000	0.087660	0.000000	0.000000	0.000000	0.000000	0.000000	0.000000	0.412988	0.000000	0.000000	0.000000	0.000000
54	tsk_54	(x)	1	:	0.499351	0.000000	0.000000	0.091457	0.000000	0.000000	0.000000	0.000000	0.000000	0.000000	0.409192	0.000000	0.000000	0.000000	0.000000
55	tsk_55	(x)	1	:	0.000000	0.000000	0.000000	0.590677	0.000000	0.000000	0.000000	0.000000	0.000000	0.000000	0.409323	0.000000	0.000000	0.000000	0.000000
56	tsk_56	(x)	1	:	0.000000	0.000000	0.000000	0.467881	0.000000	0.000000	0.308527	0.000000	0.000000	0.000000	0.032119	0.000000	0.000000	0.000000	0.191473
57	tsk_57	(x)	1	:	0.499351	0.000000	0.000000	0.083887	0.000000	0.000000	0.000000	0.000000	0.000000	0.000000	0.416762	0.000000	0.000000	0.000000	0.000000
58	tsk_58	(x)	1	:	0.000000	0.000000	0.000000	0.454312	0.000000	0.000000	0.279335	0.000000	0.000000	0.000000	0.045688	0.000000	0.000000	0.000000	0.220665
59	tsk_59	(x)	1	:	0.499212	0.000000	0.000000	0.000465	0.000000	0.000000	0.443728	0.000000	0.000000	0.000000	0.001859	0.000000	0.000000	0.000000	0.054735
60	tsk_60	(x)	1	:	0.000000	0.000126	0.000000	0.000000	0.999874	0.000000	0.000000	0.000000	0.000000	0.000000	0.000000	0.000000	0.000000	0.000000	0.000000
61	tsk_61	(x)	1	:	0.000000	0.000275	0.000000	0.000000	0.999725	0.000000	0.000000	0.000000	0.000000	0.000000	0.000000	0.000000	0.000000	0.000000	0.000000
62	tsk_62	(x)	1	:	0.000000	0.000114	0.000000	0.000000	0.999886	0.000000	0.000000	0.000000	0.000000	0.000000	0.000000	0.000000	0.000000	0.000000	0.000000
63	tsk_63	(x)	1	:	0.467651	0.000000	0.000000	0.000000	0.000000	0.000000	0.000000	0.000000	0.532349	0.000000	0.000000	0.000000	0.000000	0.000000	0.000000
64	tsk_64	(x)	1	:	0.000000	0.000000	0.000000	0.000000	0.000000	0.000000	0.000000	0.000000	0.000000	0.000000	0.000000	0.000000	1.000000	0.000000	0.000000
65	tsk_65	(x)	1	:	0.000000	0.000287	0.000000	0.000000	0.999713	0.000000	0.000000	0.000000	0.000000	0.000000	0.000000	0.000000	0.000000	0.000000	0.000000
66	tsk_66	(x)	1	:	0.000000	0.000124	0.000000	0.000253	0.499670	0.000000	0.000366	0.000000	0.000000	0.000000	0.000026	0.000000	0.498027	0.000000	0.001534
67	tsk_67	(x)	1	:	0.000000	0.000010	0.000000	0.000000	0.372029	0.000000	0.000000	0.000000	0.627961	0.000000	0.000000	0.000000	0.000000	0.000000	0.000000
68	tsk_68	(x)	1	:	0.000000	0.000008	0.000000	0.000000	0.372031	0.000000	0.000000	0.000000	0.627961	0.000000	0.000000	0.000000	0.000000	0.000000	0.000000
69	tsk_69	(x)	1	:	0.000000	0.000000	0.000000	0.435585	0.500005	0.000000	0.000000	0.000000	0.000000	0.000000	0.064411	0.000000	0.000000	0.000000	0.000000
70	tsk_70	(x)	1	:	0.000000	0.000000	0.000000	0.000000	0.000000	0.000000	0.000000	0.515381	0.000000	0.000000	0.484619	0.000000	0.000000	0.000000	0.000000
71	tsk_71	(x)	1	:	0.000000	0.000000	0.000000	0.350222	0.000000	0.000000	0.000000	0.515381	0.000000	0.000000	0.134397	0.000000	0.000000	0.000000	0.000000
72	tsk_72	(x)	1	:	0.000000	0.000000	0.000000	0.002014	0.499817	0.000000	0.066597	0.000000	0.000000	0.000000	0.000000	0.000000	0.000000	0.000000	0.431571
73	tsk_73	(x)	1	:	0.499353	0.000061	0.000000	0.000000	0.500586	0.000000	0.000000	0.000000	0.000000	0.000000	0.000000	0.000000	0.000000	0.000000	0.000000
74	tsk_74	(x)	1	:	0.000000	0.000053	0.029238	0.000000	0.658397	0.000000	0.000000	0.312312	0.000000	0.000000	0.000000	0.000000	0.000000	0.000000	0.000000
75	tsk_75	(x)	1	:	0.000000	0.000178	0.000000	0.000000	0.999822	0.000000	0.000000	0.000000	0.000000	0.000000	0.000000	0.000000	0.000000	0.000000	0.000000
76	tsk_76	(x)	1	:	0.000000	0.000022	0.000000	0.000000	0.484596	0.000000	0.000000	0.515382	0.000000	0.000000	0.000000	0.000000	0.000000	0.000000	0.000000
77	tsk_77	(x)	1	:	0.000000	0.000237	0.000000	0.000000	0.484375	0.000000	0.000000	0.515388	0.000000	0.000000	0.000000	0.000000	0.000000	0.000000	0.000000
78	tsk_78	(x)	1	:	0.000000	0.000237	0.000000	0.002104	0.499557	0.000000	0.061378	0.000000	0.000000	0.000000	0.000107	0.000000	0.000000	0.000000	0.436617
79	tsk_79	(x)	1	:	0.000000	0.000103	0.000000	0.000000	0.999897	0.000000	0.000000	0.000000	0.000000	0.000000	0.000000	0.000000	0.000000	0.000000	0.000000
80	tsk_80	(x)	1	:	0.000000	0.000000	0.000000	0.000000	0.603732	0.000000	0.000000	0.000000	0.396268	0.000000	0.000000	0.000000	0.000000	0.000000	0.000000
81	tsk_81	(x)	1	:	0.000000	0.000000	0.000000	0.000466	0.000000	0.000000	0.000256	0.000000	0.000000	0.000000	0.000001	0.499830	0.498248	0.000000	0.001199
82	tsk_82	(x)	1	:	0.000000	0.000026	0.000000	0.000000	0.999974	0.000000	0.000000	0.000000	0.000000	0.000000	0.000000	0.000000	0.000000	0.000000	0.000000
83	tsk_83	(x)	1	:	0.499352	0.000015	0.000000	0.000000	0.500633	0.000000	0.000000	0.000000	0.000000	0.000000	0.000000	0.000000	0.000000	0.000000	0.000000
84	tsk_84	(x)	1	:	0.000000	0.000000	0.000000	0.000000	0.000000	0.000000	0.409617	0.000000	0.000000	0.000000	0.000000	0.000000	0.500000	0.000000	0.090383
85	tsk_85	(x)	1	:	0.516869	0.000000	0.028675	0.000000	0.000000	0.000000	0.000000	0.000000	0.454456	0.000000	0.000000	0.000000	0.000000	0.000000	0.000000
86	tsk_86	(x)	1	:	0.000000	0.000206	0.000000	0.000000	0.484407	0.000000	0.000000	0.515387	0.000000	0.000000	0.000000	0.000000	0.000000	0.000000	0.000000
87	tsk_87	(x)	1	:	0.000000	0.000000	0.026320	0.017877	0.000000	0.000000	0.213414	0.000000	0.454187	0.000000	0.001604	0.000000	0.000000	0.000000	0.286598
88	tsk_88	(x)	1	:	0.000000	0.000000	0.000351	0.000000	0.000000	0.000000	0.000000	0.000000	0.445121	0.000000	0.000000	0.554528	0.000000	0.000000	0.000000
89	tsk_89	(x)	1	:	0.499206	0.000000	0.000000	0.001119	0.000000	0.000000	0.366224	0.000000	0.000000	0.000000	0.001278	0.000000	0.000000	0.000000	0.132173
90	tsk_90	(x)	1	:	0.000000	0.000149	0.000000	0.000000	0.522204	0.000000	0.000000	0.477646	0.000000	0.000000	0.000000	0.000000	0.000000	0.000000	0.000000
91	tsk_91	(x)	1	:	0.000000	0.000155	0.000000	0.001650	0.499667	0.000000	0.197753	0.000000	0.000000	0.000000	0.000267	0.000000	0.000000	0.000000	0.300507
92	tsk_92	(x)	1	:	0.499352	0.000018	0.000000	0.000000	0.500630	0.000000	0.000000	0.000000	0.000000	0.000000	0.000000	0.000000	0.000000	0.000000	0.000000
93	tsk_93	(x)	1	:	0.000000	0.000068	0.311442	0.000000	0.688490	0.000000	0.000000	0.000000	0.000000	0.000000	0.000000	0.000000	0.000000	0.000000	0.000000
94	tsk_94	(x)	1	:	0.000000	0.000259	0.000000	0.000000	0.522092	0.000000	0.000000	0.477649	0.000000	0.000000	0.000000	0.000000	0.000000	0.000000	0.000000
95	tsk_95	(x)	1	:	0.499451	0.000000	0.000000	0.000000	0.000000	0.000000	0.000000	0.000000	0.000000	0.000000	0.000000	0.500549	0.000000	0.000000	0.000000
96	tsk_96	(x)	1	:	0.000000	0.000196	0.311461	0.000000	0.688343	0.000000	0.000000	0.000000	0.000000	0.000000	0.000000	0.000000	0.000000	0.000000	0.000000
97	tsk_97	(x)	1	:	0.499451	0.000000	0.000000	0.000000	0.000000	0.000000	0.000000	0.000000	0.000000	0.000000	0.000000	0.500549	0.000000	0.000000	0.000000
98	tsk_98	(x)	1	:	0.000000	0.000000	0.470280	0.024552	0.001419	0.000000	0.163479	0.000000	0.000000	0.000000	0.003741	0.000000	0.000000	0.000000	0.336529
99	tsk_99	(x)	1	:	0.000000	0.000219	0.000000	0.000000	0.999781	0.000000	0.000000	0.000000	0.000000	0.000000	0.000000	0.000000	0.000000	0.000000	0.000000
100	tsk_100	(x)	1	:	0.000000	0.000048	0.000000	0.000000	0.999951	0.000000	0.000000	0.000000	0.000000	0.000000	0.000000	0.000000	0.000000	0.000000	0.000000
101	tsk_101	(x)	1	:	0.000000	0.000007	0.000000	0.000000	0.372033	0.000000	0.000000	0.000000	0.627960	0.000000	0.000000	0.000000	0.000000	0.000000	0.000000
102	tsk_102	(x)	1	:	0.000000	0.000000	0.000000	0.379579	0.000000	0.000000	0.000000	0.000000	0.534641	0.000000	0.085780	0.000000	0.000000	0.000000	0.000000
103	tsk_103	(x)	1	:	0.000000	0.000000	0.000000	0.000000	0.000000	0.000000	0.000000	0.000000	0.000000	0.500000	0.000000	0.500000	0.000000	0.000000	0.000000
104	tsk_104	(x)	1	:	0.000000	0.000000	0.000000	0.000000	0.000000	0.468242	0.000000	0.000000	0.531758	0.000000	0.000000	0.000000	0.000000	0.000000	0.000000
105	tsk_105	(x)	1	:	0.000000	0.000232	0.000000	0.001442	0.499580	0.000000	0.113516	0.000000	0.000000	0.000000	0.000571	0.000000	0.000000	0.000000	0.384659
106	tsk_106	(x)	1	:	0.000000	0.000000	0.000000	0.000000	0.500000	0.500000	0.000000	0.000000	0.000000	0.000000	0.000000	0.000000	0.000000	0.000000	0.000000
107	tsk_107	(x)	1	:	0.000000	0.000000	0.000000	0.000000	0.000000	0.000000	0.000000	0.000000	0.576248	0.000000	0.000000	0.423751	0.000000	0.000000	0.000000
108	tsk_108	(x)	1	:	0.000000	0.000219	0.000000	0.000000	0.999781	0.000000	0.000000	0.000000	0.000000	0.000000	0.000000	0.000000	0.000000	0.000000	0.000000
109	tsk_109	(x)	1	:	0.000000	0.000000	0.000000	0.000000	0.000000	0.000000	0.071247	0.000000	0.531758	0.000000	0.000000	0.000000	0.000000	0.000000	0.396995
110	tsk_110	(x)	1	:	0.499209	0.000000	0.000000	0.000740	0.000000	0.000000	0.382221	0.000000	0.000000	0.000000	0.001627	0.000000	0.000000	0.000000	0.116204
111	tsk_111	(x)	1	:	0.000000	0.000000	0.000000	0.451150	0.000000	0.000000	0.288386	0.000000	0.000000	0.000000	0.048850	0.000000	0.000000	0.000000	0.211614
112	tsk_112	(x)	1	:	0.499207	0.000000	0.000000	0.000580	0.000000	0.000000	0.410894	0.000000	0.000000	0.000000	0.001802	0.000000	0.000000	0.000000	0.087516
113	tsk_113	(x)	1	:	0.499351	0.000000	0.000000	0.049300	0.000000	0.000000	0.000000	0.000000	0.000000	0.000000	0.451348	0.000000	0.000000	0.000000	0.000000
114	tsk_114	(x)	1	:	1.000000	0.000000	0.000000	0.000000	0.000000	0.000000	0.000000	0.000000	0.000000	0.000000	0.000000	0.000000	0.000000	0.000000	0.000000
115	tsk_115	(x)	1	:	0.000000	0.000000	0.000000	0.001053	0.499904	0.000000	0.140169	0.000000	0.000000	0.000000	0.000000	0.000000	0.000000	0.000000	0.358874
116	tsk_116	(x)	1	:	0.499352	0.000036	0.000000	0.000000	0.500612	0.000000	0.000000	0.000000	0.000000	0.000000	0.000000	0.000000	0.000000	0.000000	0.000000
117	tsk_117	(x)	1	:	0.499206	0.000000	0.000000	0.000531	0.000000	0.000000	0.330192	0.000000	0.000000	0.000000	0.001866	0.000000	0.000000	0.000000	0.168204
118	tsk_118	(x)	1	:	0.000000	0.000234	0.000000	0.349308	0.499760	0.000000	0.000000	0.000000	0.000000	0.000000	0.150698	0.000000	0.000000	0.000000	0.000000
119	tsk_119	(x)	1	:	0.000000	0.000000	0.000000	0.442156	0.000000	0.000000	0.243720	0.000000	0.000000	0.000000	0.057844	0.000000	0.000000	0.000000	0.256280
120	tsk_120	(x)	1	:	0.000000	0.000224	0.000000	0.001997	0.499580	0.000000	0.070734	0.000000	0.000000	0.000000	0.000112	0.000000	0.000000	0.000000	0.427354
121	tsk_121	(x)	1	:	0.499203	0.000000	0.000000	0.000498	0.000000	0.000000	0.405305	0.000000	0.000000	0.000000	0.001943	0.000000	0.000000	0.000000	0.093051
122	tsk_122	(x)	1	:	0.000000	0.000000	0.000000	0.000000	0.000000	0.000000	0.241241	0.000000	0.000000	0.000000	0.000000	0.000000	0.000000	0.000000	0.758758
123	tsk_123	(x)	1	:	0.499352	0.000030	0.000000	0.000000	0.500618	0.000000	0.000000	0.000000	0.000000	0.000000	0.000000	0.000000	0.000000	0.000000	0.000000
124	tsk_124	(x)	1	:	0.000000	0.000216	0.000000	0.000000	0.499632	0.000000	0.129509	0.000000	0.000000	0.000000	0.001615	0.000000	0.000000	0.000000	0.369027
125	tsk_125	(x)	1	:	0.000000	0.000000	0.000000	0.000000	0.000000	0.000000	0.491157	0.000000	0.000000	0.000000	0.000000	0.000000	0.000000	0.000000	0.508843
126	tsk_126	(x)	1	:	0.000000	0.000000	0.000000	0.000000	0.000000	0.000000	0.338741	0.000000	0.000000	0.000000	0.000000	0.000000	0.000000	0.000000	0.661259
127	tsk_127	(x)	1	:	0.000000	0.000000	0.000000	0.000122	0.000000	0.000000	0.356641	0.000000	0.000000	0.499899	0.001199	0.000000	0.000000	0.000000	0.142140
128	tsk_128	(x)	1	:	0.000000	0.000000	0.000000	0.000000	0.000000	0.000000	0.449776	0.000000	0.000000	0.000000	0.000000	0.000000	0.000000	0.000000	0.550223
129	tsk_129	(x)	1	:	0.000000	0.000000	0.000000	0.001268	0.499885	0.000000	0.177970	0.000000	0.000000	0.000000	0.000000	0.000000	0.000000	0.000000	0.320876
130	tsk_130	(x)	1	:	0.000000	0.000000	0.000000	0.416060	0.000000	0.000000	0.000000	0.515381	0.000000	0.000000	0.068559	0.000000	0.000000	0.000000	0.000000
131	tsk_131	(x)	1	:	1.000000	0.000000	0.000000	0.000000	0.000000	0.000000	0.000000	0.000000	0.000000	0.000000	0.000000	0.000000	0.000000	0.000000	0.000000
132	tsk_132	(x)	1	:	0.000000	0.000000	0.000000	0.000000	0.000000	0.000000	0.000000	1.000000	0.000000	0.000000	0.000000	0.000000	0.000000	0.000000	0.000000
133	tsk_133	(x)	1	:	1.000000	0.000000	0.000000	0.000000	0.000000	0.000000	0.000000	0.000000	0.000000	0.000000	0.000000	0.000000	0.000000	0.000000	0.000000
134	tsk_134	(x)	1	:	0.000000	0.000022	0.000000	0.000000	0.441030	0.000000	0.000000	0.000000	0.000000	0.000000	0.000000	0.000000	0.000000	0.558948	0.000000
135	tsk_135	(x)	1	:	0.000000	0.000000	0.000000	0.371524	0.000000	0.000000	0.000000	0.515381	0.000000	0.000000	0.113095	0.000000	0.000000	0.000000	0.000000
136	tsk_136	(x)	1	:	0.000000	0.000005	0.000000	0.000000	0.315964	0.000000	0.000000	0.000000	0.684031	0.000000	0.000000	0.000000	0.000000	0.000000	0.000000
137	tsk_137	(x)	1	:	0.000000	0.000000	0.000000	0.000000	0.000000	0.000000	0.000000	1.000000	0.000000	0.000000	0.000000	0.000000	0.000000	0.000000	0.000000
138	tsk_138	(x)	1	:	0.547204	0.000000	0.000000	0.000000	0.000000	0.000000	0.000000	0.452796	0.000000	0.000000	0.000000	0.000000	0.000000	0.000000	0.000000
139	tsk_139	(x)	1	:	0.000000	0.000000	0.496844	0.000000	0.000000	0.000000	0.000000	0.503156	0.000000	0.000000	0.000000	0.000000	0.000000	0.000000	0.000000
140	tsk_140	(x)	1	:	0.000000	0.000000	0.000000	0.000000	0.000000	0.000000	0.000000	0.000000	1.000000	0.000000	0.000000	0.000000	0.000000	0.000000	0.000000
141	tsk_141	(x)	1	:	0.000000	0.000000	0.000000	0.000000	0.000000	0.000000	0.000000	0.000000	1.000000	0.000000	0.000000	0.000000	0.000000	0.000000	0.000000
142	tsk_142	(x)	1	:	0.000000	0.000000	0.000000	0.488017	0.000000	0.000000	0.000000	0.000000	0.000000	0.000000	0.011983	0.500000	0.000000	0.000000	0.000000
143	tsk_143	(x)	1	:	0.000000	0.000000	0.026320	0.016996	0.000000	0.000000	0.237116	0.000000	0.454187	0.000000	0.002485	0.000000	0.000000	0.000000	0.262897
144	tsk_144	(x)	1	:	0.000000	0.000000	0.026318	0.444382	0.000000	0.000000	0.000000	0.000000	0.454187	0.000000	0.075112	0.000000	0.000000	0.000000	0.000000
145	tsk_145	(x)	1	:	0.000000	0.000000	0.000000	0.000000	0.000000	0.000000	0.000000	0.000000	1.000000	0.000000	0.000000	0.000000	0.000000	0.000000	0.000000
146	tsk_146	(x)	1	:	0.000000	0.000001	0.000000	0.000000	0.603731	0.000000	0.000000	0.000000	0.396268	0.000000	0.000000	0.000000	0.000000	0.000000	0.000000
147	tsk_147	(x)	1	:	0.000000	0.000113	0.000000	0.001795	0.499698	0.000000	0.026080	0.000000	0.000000	0.000000	0.000267	0.000000	0.000000	0.000000	0.472048
148	tsk_148	(x)	1	:	0.000000	0.000000	0.000000	0.000000	0.000000	0.000000	0.000000	0.000000	1.000000	0.000000	0.000000	0.000000	0.000000	0.000000	0.000000
149	tsk_149	(x)	1	:	0.516869	0.000000	0.028675	0.000000	0.000000	0.000000	0.000000	0.000000	0.454456	0.000000	0.000000	0.000000	0.000000	0.000000	0.000000
