logL = -2672.045021 (converged)
AIC = 8452.090042
BIC = 13130.617289

count.K
17 7 36 7 0 14 46 23 

