logL = -532.241597 (converged)
AIC = 4324.483194
BIC = 9231.818723

count.K
13 16 13 7 20 8 3 13 3 54 

