logL = -1014.724743 (converged)
AIC = 3509.449487
BIC = 5737.319604

count.K
29 12 33 13 63 

