logL = -817.961500 (converged)
AIC = 5075.923001
BIC = 10254.215707

count.K
12 21 19 9 15 25 12 2 10 25 

