logL = -1244.820466 (converged)
AIC = 6821.640932
BIC = 13342.676979

count.K
3 4 5 32 34 11 24 10 8 16 2 1 

