0	tsk_0	(x)	1	:	0.000000	0.000000	0.484272	0.001515	0.000000	0.000000	0.486745	0.000000	0.000000	0.017234	0.010234
1	tsk_1	(x)	1	:	0.000000	0.000000	0.289264	0.000000	0.000000	0.000000	0.000000	0.000000	0.498995	0.211741	0.000000
2	tsk_2	(x)	1	:	0.000000	0.000000	0.000000	0.006733	0.000000	0.000000	0.486779	0.000000	0.498920	0.000803	0.006765
3	tsk_3	(x)	1	:	0.000000	0.000000	0.000000	0.245193	0.000000	0.000000	0.000000	0.000000	0.498605	0.006175	0.250026
4	tsk_4	(x)	1	:	0.000000	0.000000	0.484154	0.000000	0.000000	0.000000	0.000000	0.000000	0.498750	0.017096	0.000000
5	tsk_5	(x)	1	:	0.000000	0.000000	0.477875	0.000000	0.000000	0.000000	0.000000	0.000000	0.518225	0.003900	0.000000
6	tsk_6	(x)	1	:	0.000000	0.000000	0.000000	0.011411	0.000000	0.000000	0.487211	0.477725	0.000000	0.000000	0.023654
7	tsk_7	(x)	1	:	0.000000	0.000000	0.000000	0.004648	0.000000	0.000000	0.486750	0.000000	0.498924	0.000693	0.008985
8	tsk_8	(x)	1	:	0.000000	0.000000	0.000000	0.007666	0.000000	0.000000	0.486825	0.000000	0.498917	0.000925	0.005666
9	tsk_9	(x)	1	:	0.000000	0.299879	0.000000	0.000000	0.000000	0.000000	0.000000	0.000000	0.199135	0.500985	0.000000
10	tsk_10	(x)	1	:	0.000000	0.000000	0.000000	0.044476	0.000000	0.000000	0.000000	0.591269	0.000000	0.000000	0.364255
11	tsk_11	(x)	1	:	0.000000	0.000000	0.000000	0.113680	0.000000	0.000000	0.000000	0.000000	0.000000	0.500000	0.386320
12	tsk_12	(x)	1	:	0.000000	0.000000	0.000000	0.000000	0.000000	0.000000	0.000000	0.591269	0.000000	0.000000	0.408731
13	tsk_13	(x)	1	:	0.000000	0.000000	0.000000	0.000000	0.000000	0.000000	0.000000	1.000000	0.000000	0.000000	0.000000
14	tsk_14	(x)	1	:	0.000000	0.000000	0.000000	0.178263	0.000000	0.000000	0.000000	0.591269	0.000000	0.000000	0.230468
15	tsk_15	(x)	1	:	0.000000	0.000000	0.000000	0.175662	0.000000	0.000000	0.000000	0.000000	0.000000	0.000000	0.824338
16	tsk_16	(x)	1	:	0.000000	0.000000	0.000000	0.116137	0.000000	0.000000	0.000000	0.591269	0.000000	0.000000	0.292595
17	tsk_17	(x)	1	:	0.000000	0.000000	0.000000	0.372177	0.000000	0.000000	0.000000	0.000000	0.000000	0.000000	0.627823
18	tsk_18	(x)	1	:	0.000000	0.000000	0.000000	0.000000	0.000000	0.000000	0.000000	0.000000	0.000000	1.000000	0.000000
19	tsk_19	(x)	1	:	0.000000	0.000000	0.000000	0.143669	0.000000	0.000000	0.000000	0.591269	0.000000	0.000000	0.265062
20	tsk_20	(x)	1	:	0.000000	0.000000	0.000000	0.306047	0.000000	0.000000	0.000000	0.000000	0.498611	0.006087	0.189255
21	tsk_21	(x)	1	:	0.000000	0.000000	0.000000	0.155210	0.000000	0.350198	0.000000	0.000000	0.000000	0.146464	0.348129
22	tsk_22	(x)	1	:	0.000000	0.000000	0.000000	0.199178	0.000000	0.350157	0.000000	0.000000	0.000000	0.146557	0.304108
23	tsk_23	(x)	1	:	0.222502	0.000000	0.000000	0.317877	0.000000	0.000000	0.000000	0.000000	0.315125	0.000103	0.144393
24	tsk_24	(x)	1	:	0.000000	0.000000	0.000000	0.238459	0.000000	0.000000	0.000000	0.000000	0.498571	0.006623	0.256347
25	tsk_25	(x)	1	:	0.000000	0.000000	0.289264	0.000000	0.000000	0.000000	0.000000	0.000000	0.498995	0.211741	0.000000
26	tsk_26	(x)	1	:	0.000000	0.000000	0.000000	0.000000	0.000000	0.349922	0.000000	0.000000	0.499244	0.150834	0.000000
27	tsk_27	(x)	1	:	0.000000	0.000000	0.527352	0.114945	0.000000	0.000000	0.000000	0.000000	0.000000	0.001105	0.356598
28	tsk_28	(x)	1	:	0.000000	0.000000	0.000000	0.000000	0.000000	0.667707	0.000000	0.000000	0.000000	0.332293	0.000000
29	tsk_29	(x)	1	:	0.000000	0.000000	0.000000	0.143087	0.000000	0.000000	0.000000	0.477916	0.000000	0.000000	0.378997
30	tsk_30	(x)	1	:	0.000000	0.000000	0.000000	0.000000	0.499999	0.000000	0.000000	0.000000	0.000000	0.500001	0.000000
31	tsk_31	(x)	1	:	0.000000	0.000000	0.000000	0.000000	0.000000	0.000000	0.000000	0.000000	0.498999	0.501001	0.000000
32	tsk_32	(x)	1	:	0.000000	1.000000	0.000000	0.000000	0.000000	0.000000	0.000000	0.000000	0.000000	0.000000	0.000000
33	tsk_33	(x)	1	:	0.000000	0.000000	0.000000	0.304074	0.000000	0.000000	0.000000	0.000000	0.498495	0.007634	0.189797
34	tsk_34	(x)	1	:	0.000000	0.000000	0.000000	0.173615	0.000000	0.000000	0.487403	0.000000	0.000000	0.000000	0.338982
35	tsk_35	(x)	1	:	0.000000	0.492487	0.000000	0.329500	0.000000	0.000000	0.000000	0.000000	0.000113	0.005020	0.172880
36	tsk_36	(x)	1	:	0.000000	0.000000	0.000000	0.000000	0.000000	0.000000	0.000000	0.000000	0.498999	0.501001	0.000000
37	tsk_37	(x)	1	:	0.000000	0.000000	0.000000	0.553217	0.000000	0.000000	0.000000	0.000000	0.000000	0.000000	0.446783
38	tsk_38	(x)	1	:	0.000000	0.493099	0.000000	0.021563	0.000000	0.000000	0.000000	0.480394	0.000163	0.000587	0.004194
39	tsk_39	(x)	1	:	0.000000	0.000000	0.000000	0.162702	0.000000	0.000000	0.000000	0.000000	0.000000	0.500000	0.337298
40	tsk_40	(x)	1	:	0.000000	0.000000	0.000000	0.234795	0.000000	0.000000	0.000000	0.477916	0.000000	0.000000	0.287290
41	tsk_41	(x)	1	:	0.000000	0.000000	0.000000	0.011841	0.000000	0.000000	0.000000	0.477779	0.499025	0.000409	0.010946
42	tsk_42	(x)	1	:	0.000000	0.000000	0.468043	0.000000	0.000000	0.000000	0.531957	0.000000	0.000000	0.000000	0.000000
43	tsk_43	(x)	1	:	0.000000	0.000000	0.506210	0.000000	0.000000	0.000000	0.000000	0.000000	0.493783	0.000007	0.000000
44	tsk_44	(x)	1	:	0.000000	0.000000	0.527154	0.184248	0.000000	0.000000	0.000000	0.000000	0.000000	0.001625	0.286973
45	tsk_45	(x)	1	:	0.417429	0.000000	0.000000	0.000000	0.000000	0.000000	0.000000	0.000000	0.582571	0.000000	0.000000
46	tsk_46	(x)	1	:	0.417429	0.000000	0.000000	0.000000	0.000000	0.000000	0.000000	0.000000	0.582571	0.000000	0.000000
47	tsk_47	(x)	1	:	0.468678	0.000000	0.000000	0.000000	0.000000	0.000000	0.531322	0.000000	0.000000	0.000000	0.000000
48	tsk_48	(x)	1	:	0.477640	0.000000	0.522017	0.000000	0.000000	0.000000	0.000000	0.000000	0.000000	0.000343	0.000000
49	tsk_49	(x)	1	:	0.000000	0.000000	0.000000	0.016599	0.000000	0.000000	0.000000	0.477786	0.499013	0.000567	0.006035
50	tsk_50	(x)	1	:	0.000000	0.000000	0.000000	0.017771	0.000000	0.000000	0.000000	0.476317	0.000000	0.496712	0.009200
51	tsk_51	(x)	1	:	0.000000	0.000000	0.000000	0.000000	0.000000	0.000000	0.000000	0.000000	0.000000	1.000000	0.000000
52	tsk_52	(x)	1	:	0.000000	0.000000	0.000000	0.000000	0.000000	0.000000	0.000000	0.000000	0.498999	0.501001	0.000000
53	tsk_53	(x)	1	:	0.000000	0.000000	0.000000	0.000000	0.000000	0.000000	0.000000	0.000000	1.000000	0.000000	0.000000
54	tsk_54	(x)	1	:	0.000000	0.000000	0.000000	0.273556	0.000000	0.000000	0.000000	0.477916	0.000000	0.000000	0.248529
55	tsk_55	(x)	1	:	0.000000	0.000000	0.000000	0.000000	0.000000	0.000000	0.000000	0.000000	0.000000	1.000000	0.000000
56	tsk_56	(x)	1	:	0.000000	0.000000	0.000000	0.007139	0.000000	0.000000	0.486750	0.000000	0.498962	0.000192	0.006956
57	tsk_57	(x)	1	:	0.000000	0.000000	0.000000	0.000000	0.000000	0.000000	0.000000	0.000000	0.498999	0.501001	0.000000
58	tsk_58	(x)	1	:	0.224278	0.000000	0.000000	0.000000	0.000000	0.000000	0.000000	0.000000	0.316626	0.459096	0.000000
59	tsk_59	(x)	1	:	0.000000	0.000000	0.484161	0.000000	0.000000	0.000000	0.000000	0.000000	0.498751	0.017088	0.000000
60	tsk_60	(x)	1	:	0.000000	0.000000	0.000000	0.000000	0.000000	0.000000	0.000000	0.000000	0.498999	0.501001	0.000000
61	tsk_61	(x)	1	:	0.000000	0.000000	0.484089	0.011678	0.000000	0.000000	0.000000	0.478494	0.000000	0.020212	0.005527
62	tsk_62	(x)	1	:	0.000000	0.000000	0.000000	0.013792	0.000000	0.000000	0.000000	0.477796	0.498977	0.001056	0.008379
63	tsk_63	(x)	1	:	0.000000	0.000000	0.993088	0.000000	0.000000	0.000000	0.000000	0.000000	0.000000	0.006912	0.000000
64	tsk_64	(x)	1	:	0.000000	0.000000	0.000000	0.000000	0.000000	0.000000	0.000000	1.000000	0.000000	0.000000	0.000000
65	tsk_65	(x)	1	:	0.000000	0.000000	0.000000	0.000000	0.000000	0.000000	0.000000	1.000000	0.000000	0.000000	0.000000
66	tsk_66	(x)	1	:	0.000000	0.000000	0.000000	0.004106	0.000000	0.000000	0.000000	0.476713	0.517746	0.000016	0.001420
67	tsk_67	(x)	1	:	0.000000	0.000000	0.000000	0.016141	0.000000	0.000000	0.000000	0.477785	0.499023	0.000435	0.006615
68	tsk_68	(x)	1	:	0.000000	0.000000	0.000000	0.015431	0.000000	0.000000	0.000000	0.476319	0.000000	0.496717	0.011532
69	tsk_69	(x)	1	:	0.000000	0.000000	0.000000	0.000000	0.000000	0.000000	0.000000	1.000000	0.000000	0.000000	0.000000
70	tsk_70	(x)	1	:	0.000000	0.000000	0.000000	0.004553	0.000000	0.000000	0.486758	0.000000	0.498939	0.000519	0.009231
71	tsk_71	(x)	1	:	0.000000	0.000000	0.000000	0.000000	0.000000	0.000000	0.000000	1.000000	0.000000	0.000000	0.000000
72	tsk_72	(x)	1	:	0.000000	0.000000	0.000000	0.000000	0.000000	0.000000	0.000000	0.000000	0.000000	1.000000	0.000000
73	tsk_73	(x)	1	:	0.000000	0.000000	0.000000	0.003885	0.000000	0.000000	0.000000	0.476421	0.000000	0.496928	0.022766
74	tsk_74	(x)	1	:	0.000000	0.000000	0.000000	0.008498	0.000000	0.000000	0.487218	0.477732	0.000000	0.000000	0.026552
75	tsk_75	(x)	1	:	0.000000	0.000000	0.000000	0.000866	0.508513	0.000000	0.000000	0.490606	0.000000	0.000006	0.000010
76	tsk_76	(x)	1	:	0.510585	0.000000	0.000000	0.000000	0.489415	0.000000	0.000000	0.000000	0.000000	0.000000	0.000000
77	tsk_77	(x)	1	:	0.511210	0.000000	0.000000	0.001425	0.000000	0.000000	0.485721	0.000000	0.000000	0.000010	0.001634
78	tsk_78	(x)	1	:	0.512593	0.000000	0.000000	0.000000	0.000000	0.000000	0.000000	0.000000	0.000000	0.487407	0.000000
79	tsk_79	(x)	1	:	0.000000	0.000000	0.000000	0.016243	0.000000	0.000000	0.000000	0.477809	0.498970	0.001169	0.005808
80	tsk_80	(x)	1	:	0.000000	0.000000	0.000000	0.086291	0.499977	0.000000	0.000000	0.000000	0.000000	0.000068	0.413664
81	tsk_81	(x)	1	:	0.000000	0.000000	0.000000	0.330221	0.000000	0.000000	0.000000	0.000000	0.000000	0.500000	0.169779
82	tsk_82	(x)	1	:	0.000000	0.000000	0.527186	0.184536	0.000000	0.000000	0.000000	0.000000	0.000000	0.001541	0.286737
83	tsk_83	(x)	1	:	0.000000	0.000000	0.520072	0.000000	0.479928	0.000000	0.000000	0.000000	0.000000	0.000000	0.000000
84	tsk_84	(x)	1	:	0.000000	0.000000	0.000000	0.305933	0.000000	0.000000	0.000000	0.477916	0.000000	0.000000	0.216151
85	tsk_85	(x)	1	:	0.000000	0.000000	0.000000	0.260493	0.000000	0.000000	0.000000	0.477916	0.000000	0.000000	0.261591
86	tsk_86	(x)	1	:	0.000000	0.000000	0.000000	0.000000	0.500858	0.000000	0.000000	0.000000	0.499142	0.000000	0.000000
87	tsk_87	(x)	1	:	0.000000	0.000000	0.527153	0.130866	0.000000	0.000000	0.000000	0.000000	0.000000	0.001628	0.340353
88	tsk_88	(x)	1	:	0.000000	0.000000	0.000000	0.000000	0.000000	0.000000	0.000000	0.477915	0.000000	0.000000	0.522084
89	tsk_89	(x)	1	:	0.000000	0.000000	0.000000	0.222926	0.000000	0.000000	0.000000	0.000000	0.498479	0.007840	0.270755
90	tsk_90	(x)	1	:	0.000000	0.000000	0.000000	0.205077	0.000000	0.206198	0.000000	0.000000	0.480920	0.000000	0.107804
91	tsk_91	(x)	1	:	0.512589	0.000000	0.289262	0.000000	0.000000	0.000000	0.000000	0.000000	0.000000	0.198149	0.000000
92	tsk_92	(x)	1	:	0.000000	0.000000	0.289264	0.000000	0.000000	0.000000	0.000000	0.000000	0.498995	0.211741	0.000000
93	tsk_93	(x)	1	:	0.000000	0.000000	1.000000	0.000000	0.000000	0.000000	0.000000	0.000000	0.000000	0.000000	0.000000
94	tsk_94	(x)	1	:	0.000000	0.000000	0.289264	0.000000	0.000000	0.000000	0.000000	0.000000	0.498995	0.211741	0.000000
95	tsk_95	(x)	1	:	0.000000	0.000000	0.549799	0.000000	0.000000	0.383283	0.000000	0.000000	0.000000	0.066918	0.000000
96	tsk_96	(x)	1	:	0.000000	0.000000	1.000000	0.000000	0.000000	0.000000	0.000000	0.000000	0.000000	0.000000	0.000000
97	tsk_97	(x)	1	:	0.000000	0.000000	0.506210	0.000000	0.000000	0.000000	0.000000	0.000000	0.493783	0.000007	0.000000
98	tsk_98	(x)	1	:	0.000000	0.000000	0.999983	0.000000	0.000000	0.000000	0.000000	0.000000	0.000000	0.000017	0.000000
99	tsk_99	(x)	1	:	0.000000	0.000000	0.289264	0.000000	0.000000	0.000000	0.000000	0.000000	0.498995	0.211741	0.000000
100	tsk_100	(x)	1	:	0.000000	0.000000	0.000000	0.254812	0.000000	0.000000	0.000000	0.000000	0.498566	0.006686	0.239935
101	tsk_101	(x)	1	:	0.000000	0.000000	0.000000	0.148155	0.000000	0.000000	0.000000	0.000000	0.000000	0.500000	0.351845
102	tsk_102	(x)	1	:	0.481263	0.000000	0.000000	0.331728	0.000000	0.000000	0.000000	0.000000	0.000000	0.019086	0.167923
103	tsk_103	(x)	1	:	0.000000	0.000000	0.000000	0.311445	0.000000	0.000000	0.000000	0.000000	0.000000	0.000000	0.688555
104	tsk_104	(x)	1	:	0.000000	0.000000	0.000000	0.000000	0.000000	0.000000	0.000000	0.000000	0.000000	1.000000	0.000000
105	tsk_105	(x)	1	:	0.000000	0.000000	0.000000	0.242119	0.000000	0.000000	0.000000	0.000000	0.000000	0.500000	0.257881
106	tsk_106	(x)	1	:	0.000000	0.301144	0.000000	0.000000	0.000000	0.000000	0.000000	0.000000	0.197744	0.501112	0.000000
107	tsk_107	(x)	1	:	0.000000	0.000000	0.000000	0.000000	0.000000	0.000000	0.000000	0.000000	0.498999	0.501001	0.000000
108	tsk_108	(x)	1	:	0.481296	0.000000	0.000000	0.000000	0.000000	0.000000	0.000000	0.000000	0.000000	0.518704	0.000000
109	tsk_109	(x)	1	:	0.000000	0.000000	0.548267	0.000000	0.000000	0.351370	0.000000	0.000000	0.000000	0.100363	0.000000
110	tsk_110	(x)	1	:	0.000000	0.000000	0.000000	0.000000	0.000000	0.000000	0.000000	0.000000	1.000000	0.000000	0.000000
111	tsk_111	(x)	1	:	0.000000	0.000000	0.000000	0.000000	0.000000	0.000000	0.000000	0.000000	1.000000	0.000000	0.000000
112	tsk_112	(x)	1	:	0.000000	0.000000	0.000000	0.000000	0.000000	0.000000	0.000000	0.000000	1.000000	0.000000	0.000000
113	tsk_113	(x)	1	:	0.000000	0.000000	0.000000	0.007103	0.000000	0.000000	0.000000	0.476289	0.000000	0.496654	0.019954
114	tsk_114	(x)	1	:	0.000000	0.000000	0.000000	0.000000	0.000000	0.000000	0.000000	0.000000	0.000000	1.000000	0.000000
115	tsk_115	(x)	1	:	0.000000	0.000000	0.000000	0.000000	0.000000	0.000000	0.000000	0.000000	1.000000	0.000000	0.000000
116	tsk_116	(x)	1	:	0.000000	0.000000	0.000000	0.016716	0.000000	0.000000	0.000000	0.477786	0.499028	0.000363	0.006107
117	tsk_117	(x)	1	:	0.000000	0.000000	0.000000	0.000000	0.000000	0.000000	0.000000	0.000000	1.000000	0.000000	0.000000
118	tsk_118	(x)	1	:	0.000000	0.000000	0.000000	0.178145	0.000000	0.000000	0.000000	0.000000	0.498506	0.007486	0.315863
119	tsk_119	(x)	1	:	0.000000	0.000000	0.000000	0.367942	0.000000	0.000000	0.000000	0.477916	0.000000	0.000000	0.154142
120	tsk_120	(x)	1	:	0.000000	0.000000	0.000000	0.000000	0.000000	0.873387	0.000000	0.000000	0.000000	0.126613	0.000000
121	tsk_121	(x)	1	:	0.000000	0.000000	0.523334	0.002935	0.000000	0.000000	0.000000	0.472304	0.000000	0.000250	0.001176
122	tsk_122	(x)	1	:	0.000000	0.000000	0.000000	0.000000	0.000000	0.000000	0.000000	0.000000	1.000000	0.000000	0.000000
123	tsk_123	(x)	1	:	0.000000	0.000000	0.506209	0.000000	0.000000	0.000000	0.000000	0.000000	0.493783	0.000008	0.000000
124	tsk_124	(x)	1	:	0.000000	0.000000	0.000000	0.013792	0.000000	0.000000	0.000000	0.476331	0.000000	0.496741	0.013135
125	tsk_125	(x)	1	:	0.000000	0.000000	0.549759	0.000000	0.000000	0.383222	0.000000	0.000000	0.000000	0.067019	0.000000
126	tsk_126	(x)	1	:	0.000000	0.000000	0.298078	0.000000	0.000000	0.652139	0.000000	0.000000	0.000000	0.049783	0.000000
127	tsk_127	(x)	1	:	0.000000	0.000000	0.549859	0.000000	0.000000	0.383376	0.000000	0.000000	0.000000	0.066764	0.000000
128	tsk_128	(x)	1	:	0.000000	0.000000	0.506208	0.000000	0.000000	0.000000	0.000000	0.000000	0.493783	0.000009	0.000000
129	tsk_129	(x)	1	:	0.000000	0.000000	0.000000	0.000000	0.000000	0.380488	0.000000	0.000000	0.499349	0.120163	0.000000
130	tsk_130	(x)	1	:	0.000000	0.000000	0.000000	0.000000	0.000000	0.000000	0.000000	0.000000	0.000000	1.000000	0.000000
131	tsk_131	(x)	1	:	0.000000	0.000000	0.000000	0.014569	0.000000	0.000000	0.000000	0.476386	0.000000	0.496855	0.012189
132	tsk_132	(x)	1	:	0.000000	0.000000	0.000000	0.000000	0.000000	0.000000	0.000000	0.000000	0.000000	1.000000	0.000000
133	tsk_133	(x)	1	:	0.000000	0.000000	0.000000	0.000000	0.499999	0.000000	0.000000	0.000000	0.000000	0.500001	0.000000
134	tsk_134	(x)	1	:	0.000000	0.000000	0.000000	0.273261	0.000000	0.000000	0.000000	0.000000	0.498615	0.006043	0.222081
135	tsk_135	(x)	1	:	0.000000	0.000000	0.000000	0.310229	0.000000	0.000000	0.000000	0.000000	0.000000	0.500000	0.189771
136	tsk_136	(x)	1	:	0.000000	0.000000	0.000000	0.292245	0.000000	0.000000	0.000000	0.000000	0.498557	0.006810	0.202388
137	tsk_137	(x)	1	:	0.000000	0.000000	0.000000	0.309114	0.000000	0.000000	0.000000	0.000000	0.498570	0.006635	0.185681
138	tsk_138	(x)	1	:	0.000000	0.000000	0.000000	0.000000	0.000000	0.000000	0.000000	0.000000	0.000000	1.000000	0.000000
139	tsk_139	(x)	1	:	0.000000	0.000000	0.000000	0.000000	0.000000	0.000000	0.000000	0.000000	0.498999	0.501001	0.000000
140	tsk_140	(x)	1	:	0.000000	0.000000	0.000000	0.173382	0.000000	0.000000	0.000000	0.477916	0.000000	0.000000	0.348702
141	tsk_141	(x)	1	:	0.000000	0.000000	0.520459	0.000076	0.000000	0.000000	0.478007	0.000000	0.000000	0.000216	0.001242
142	tsk_142	(x)	1	:	0.000000	0.000000	0.520398	0.000516	0.000000	0.000000	0.477907	0.000000	0.000000	0.000176	0.001003
143	tsk_143	(x)	1	:	0.000000	0.000000	0.000000	0.054643	0.000000	0.000000	0.487403	0.000000	0.000000	0.000000	0.457954
144	tsk_144	(x)	1	:	0.511260	0.000000	0.000000	0.001493	0.000000	0.000000	0.486018	0.000000	0.000000	0.000021	0.001208
145	tsk_145	(x)	1	:	0.000000	0.000000	0.520470	0.000269	0.000000	0.000000	0.478010	0.000000	0.000000	0.000191	0.001060
146	tsk_146	(x)	1	:	0.000000	0.000000	0.000000	0.017173	0.000000	0.000000	0.000000	0.476470	0.000000	0.497028	0.009330
147	tsk_147	(x)	1	:	0.000000	0.000000	0.000000	0.000000	0.000000	0.000000	1.000000	0.000000	0.000000	0.000000	0.000000
148	tsk_148	(x)	1	:	0.000000	0.000000	0.000000	0.000000	0.000000	0.000000	1.000000	0.000000	0.000000	0.000000	0.000000
149	tsk_149	(x)	1	:	0.000000	0.000000	0.000000	0.112659	0.000000	0.000000	0.000000	0.477916	0.000000	0.000000	0.409425
