logL = -849.081602 (converged)
AIC = 4342.163204
BIC = 8322.223063

count.K
8 11 75 5 15 13 4 19 

