logL = -786.757122 (converged)
AIC = 4833.514244
BIC = 9740.849773

count.K
16 15 2 7 2 10 21 34 42 1 

