logL = -1944.500335 (converged)
AIC = 6459.000671
BIC = 10327.667024

count.K
14 9 19 15 39 45 9 

