logL = -2694.742024 (converged)
AIC = 9533.484048
BIC = 15771.520377

count.K
10 11 5 10 27 23 18 17 0 9 20 

