logL = -1489.482088 (converged)
AIC = 4748.964176
BIC = 7413.376411

count.K
7 55 9 37 42 

