logL = -838.601598 (converged)
AIC = 3953.203196
BIC = 7379.306160

count.K
17 32 20 1 18 6 56 

