logL = -965.524068 (converged)
AIC = 4165.048137
BIC = 7527.927760

count.K
76 7 1 10 3 26 27 

