0	tsk_0	(x)	1	:	0.161965	0.000000	0.110285	0.000000	0.000000	0.152251	0.000000	0.000000	0.000000	0.077641	0.087032	0.000000	0.261990	0.000000	0.148836
1	tsk_1	(x)	1	:	0.062207	0.329522	0.131494	0.000000	0.000000	0.122744	0.000000	0.000000	0.000000	0.062288	0.100201	0.000000	0.070821	0.000000	0.120724
2	tsk_2	(x)	1	:	0.037890	0.329564	0.017271	0.000000	0.000000	0.023435	0.463367	0.000000	0.000000	0.007631	0.037292	0.000000	0.047874	0.000000	0.035675
3	tsk_3	(x)	1	:	0.125148	0.000000	0.167287	0.000000	0.000000	0.164008	0.000000	0.000000	0.000000	0.059709	0.165081	0.000000	0.141800	0.000000	0.176967
4	tsk_4	(x)	1	:	0.114676	0.329521	0.111372	0.000000	0.000000	0.093188	0.000000	0.000000	0.000000	0.067912	0.062871	0.000000	0.147714	0.000000	0.072746
5	tsk_5	(x)	1	:	0.130683	0.000000	0.250313	0.000000	0.000000	0.146599	0.000000	0.000000	0.000000	0.101606	0.172590	0.000000	0.147929	0.000000	0.050280
6	tsk_6	(x)	1	:	0.071168	0.329522	0.153069	0.000000	0.000000	0.163422	0.000000	0.000000	0.000000	0.074703	0.056389	0.000000	0.101193	0.000000	0.050535
7	tsk_7	(x)	1	:	0.052956	0.329564	0.025836	0.000000	0.000000	0.027420	0.463368	0.000000	0.000000	0.009576	0.023199	0.000000	0.054363	0.000000	0.013718
8	tsk_8	(x)	1	:	0.166515	0.329522	0.087819	0.000000	0.000000	0.077507	0.000000	0.000000	0.000000	0.053974	0.074171	0.000000	0.168500	0.000000	0.041991
9	tsk_9	(x)	1	:	0.026631	0.329565	0.024137	0.000000	0.000000	0.025597	0.463369	0.000000	0.000000	0.005252	0.034632	0.000000	0.072911	0.000000	0.017905
10	tsk_10	(x)	1	:	0.208591	0.000000	0.132211	0.000000	0.000000	0.195129	0.000000	0.000000	0.000000	0.078706	0.130597	0.000000	0.104071	0.000000	0.150695
11	tsk_11	(x)	1	:	0.118357	0.000000	0.088237	0.500000	0.000000	0.029216	0.000000	0.000000	0.000000	0.035285	0.068889	0.000000	0.069700	0.000000	0.090315
12	tsk_12	(x)	1	:	0.075586	0.000000	0.192904	0.000000	0.000000	0.141763	0.000000	0.000000	0.000000	0.098127	0.094989	0.000000	0.200303	0.000000	0.196327
13	tsk_13	(x)	1	:	0.141444	0.000000	0.202950	0.000000	0.000000	0.198854	0.000000	0.000000	0.000000	0.021858	0.110852	0.000000	0.187205	0.000000	0.136838
14	tsk_14	(x)	1	:	0.126916	0.000000	0.145264	0.000000	0.000000	0.143133	0.000000	0.000000	0.000000	0.086386	0.119550	0.000000	0.230447	0.000000	0.148305
15	tsk_15	(x)	1	:	0.088493	0.000000	0.062868	0.000000	0.000000	0.209201	0.000000	0.000000	0.000000	0.052893	0.168012	0.000000	0.303762	0.000000	0.114772
16	tsk_16	(x)	1	:	0.052244	0.000000	0.075645	0.500001	0.000000	0.095529	0.000000	0.000000	0.000000	0.034484	0.076686	0.000000	0.097223	0.000000	0.068189
17	tsk_17	(x)	1	:	0.058372	0.000000	0.198384	0.000000	0.000000	0.222370	0.000000	0.000000	0.000000	0.072340	0.252201	0.000000	0.100023	0.000000	0.096310
18	tsk_18	(x)	1	:	0.191324	0.000000	0.044922	0.000000	0.000000	0.291141	0.000000	0.000000	0.000000	0.068239	0.134867	0.000000	0.162381	0.000000	0.107126
19	tsk_19	(x)	1	:	0.160955	0.000000	0.131505	0.000000	0.000000	0.085481	0.000000	0.000000	0.000000	0.032782	0.172925	0.000000	0.312565	0.000000	0.103787
20	tsk_20	(x)	1	:	0.183821	0.000000	0.125039	0.000000	0.000000	0.146957	0.000000	0.000000	0.000000	0.075600	0.197674	0.000000	0.118605	0.000000	0.152303
21	tsk_21	(x)	1	:	0.090779	0.588817	0.041375	0.000000	0.000000	0.050021	0.000000	0.000000	0.000000	0.043168	0.060960	0.000000	0.083391	0.000000	0.041489
22	tsk_22	(x)	1	:	0.191457	0.000000	0.129879	0.000000	0.000000	0.204012	0.000000	0.000000	0.000000	0.093262	0.205837	0.000000	0.123001	0.000000	0.052552
23	tsk_23	(x)	1	:	0.000000	1.000000	0.000000	0.000000	0.000000	0.000000	0.000000	0.000000	0.000000	0.000000	0.000000	0.000000	0.000000	0.000000	0.000000
24	tsk_24	(x)	1	:	0.097560	0.000000	0.036324	0.000000	0.007237	0.077150	0.000000	0.000000	0.000000	0.032422	0.136447	0.487927	0.069934	0.000000	0.054999
25	tsk_25	(x)	1	:	0.155798	0.000000	0.098748	0.000000	0.000000	0.121434	0.000000	0.000000	0.000000	0.101546	0.097495	0.000000	0.323640	0.000000	0.101340
26	tsk_26	(x)	1	:	0.000000	1.000000	0.000000	0.000000	0.000000	0.000000	0.000000	0.000000	0.000000	0.000000	0.000000	0.000000	0.000000	0.000000	0.000000
27	tsk_27	(x)	1	:	0.108579	0.588818	0.059278	0.000000	0.000000	0.009743	0.000000	0.000000	0.000000	0.040249	0.072155	0.000000	0.071373	0.000000	0.049804
28	tsk_28	(x)	1	:	0.128944	0.000000	0.221726	0.000000	0.000000	0.120713	0.000000	0.000000	0.000000	0.086506	0.121286	0.000000	0.204820	0.000000	0.116005
29	tsk_29	(x)	1	:	0.166318	0.000000	0.272190	0.000000	0.000000	0.111298	0.000000	0.000000	0.000000	0.022051	0.179354	0.000000	0.079796	0.000000	0.168994
30	tsk_30	(x)	1	:	0.000000	0.000000	0.000000	0.000000	0.000000	0.000000	0.000000	0.000000	0.505355	0.000000	0.000000	0.000000	0.000000	0.494645	0.000000
31	tsk_31	(x)	1	:	0.000000	0.000000	0.000000	0.000000	0.000000	0.000000	0.000000	0.000000	0.000000	0.000000	0.000000	0.000000	0.000000	1.000000	0.000000
32	tsk_32	(x)	1	:	0.000000	0.000000	0.000000	0.000000	1.000000	0.000000	0.000000	0.000000	0.000000	0.000000	0.000000	0.000000	0.000000	0.000000	0.000000
33	tsk_33	(x)	1	:	0.000000	0.000000	0.000000	0.000000	0.440859	0.000000	0.559141	0.000000	0.000000	0.000000	0.000000	0.000000	0.000000	0.000000	0.000000
34	tsk_34	(x)	1	:	0.000000	0.000000	0.000000	0.000000	0.000000	0.000000	0.000000	0.000000	0.000000	0.000000	0.000000	0.000000	0.000000	1.000000	0.000000
35	tsk_35	(x)	1	:	0.083055	0.000000	0.082567	0.000000	0.488276	0.115970	0.000000	0.000000	0.000000	0.038974	0.129770	0.000000	0.027864	0.000000	0.033522
36	tsk_36	(x)	1	:	0.000436	0.000000	0.003653	0.000000	0.000000	0.000509	0.462528	0.000000	0.500245	0.025466	0.001831	0.000000	0.001476	0.000000	0.003856
37	tsk_37	(x)	1	:	0.000000	0.000000	0.001301	0.000000	0.000000	0.000000	0.462545	0.000000	0.000000	0.028236	0.001501	0.000000	0.000024	0.499617	0.006776
38	tsk_38	(x)	1	:	0.000000	0.000000	0.001626	0.000000	0.000000	0.000000	0.462458	0.000000	0.500242	0.024570	0.000917	0.000000	0.000000	0.000000	0.010187
39	tsk_39	(x)	1	:	0.000039	0.000000	0.000026	0.000000	0.000037	0.000092	0.000000	0.527717	0.000000	0.000004	0.000036	0.471976	0.000046	0.000000	0.000026
40	tsk_40	(x)	1	:	0.149746	0.000000	0.142718	0.000000	0.000000	0.303630	0.000000	0.000000	0.000000	0.072429	0.093461	0.000000	0.141065	0.000000	0.096951
41	tsk_41	(x)	1	:	0.057629	0.000000	0.059348	0.000000	0.488275	0.116734	0.000000	0.000000	0.000000	0.059093	0.092365	0.000000	0.054222	0.000000	0.072334
42	tsk_42	(x)	1	:	0.091849	0.000000	0.243127	0.000000	0.000000	0.151929	0.000000	0.000000	0.000000	0.101365	0.108649	0.000000	0.183077	0.000000	0.120003
43	tsk_43	(x)	1	:	0.000000	0.000000	0.000000	0.000000	1.000000	0.000000	0.000000	0.000000	0.000000	0.000000	0.000000	0.000000	0.000000	0.000000	0.000000
44	tsk_44	(x)	1	:	0.064988	0.000000	0.043858	0.000000	0.488275	0.134555	0.000000	0.000000	0.000000	0.054801	0.087292	0.000000	0.090560	0.000000	0.035671
45	tsk_45	(x)	1	:	0.074800	0.000000	0.118718	0.000000	0.488275	0.128555	0.000000	0.000000	0.000000	0.064655	0.048141	0.000000	0.029531	0.000000	0.047326
46	tsk_46	(x)	1	:	0.000000	1.000000	0.000000	0.000000	0.000000	0.000000	0.000000	0.000000	0.000000	0.000000	0.000000	0.000000	0.000000	0.000000	0.000000
47	tsk_47	(x)	1	:	0.093692	0.588817	0.015554	0.000000	0.000000	0.103699	0.000000	0.000000	0.000000	0.031142	0.049549	0.000000	0.066617	0.000000	0.050931
48	tsk_48	(x)	1	:	0.000000	0.000000	0.000000	0.000000	1.000000	0.000000	0.000000	0.000000	0.000000	0.000000	0.000000	0.000000	0.000000	0.000000	0.000000
49	tsk_49	(x)	1	:	0.126517	0.000000	0.046035	0.000000	0.488275	0.107806	0.000000	0.000000	0.000000	0.064493	0.052837	0.000000	0.083162	0.000000	0.030876
50	tsk_50	(x)	1	:	0.212476	0.000000	0.225202	0.000000	0.000000	0.065373	0.000000	0.000000	0.000000	0.079221	0.155306	0.000000	0.186712	0.000000	0.075709
51	tsk_51	(x)	1	:	0.000000	0.504346	0.000000	0.000000	0.000000	0.000000	0.000000	0.000000	0.000000	0.000000	0.000000	0.000000	0.000000	0.495654	0.000000
52	tsk_52	(x)	1	:	0.000000	0.000000	0.000000	0.000000	1.000000	0.000000	0.000000	0.000000	0.000000	0.000000	0.000000	0.000000	0.000000	0.000000	0.000000
53	tsk_53	(x)	1	:	0.121275	0.000000	0.055589	0.000000	0.488275	0.136708	0.000000	0.000000	0.000000	0.036807	0.075467	0.000000	0.081051	0.000000	0.004829
54	tsk_54	(x)	1	:	0.000296	0.567508	0.000096	0.000000	0.000000	0.000163	0.431219	0.000000	0.000000	0.000044	0.000251	0.000000	0.000262	0.000000	0.000160
55	tsk_55	(x)	1	:	0.224368	0.000000	0.213404	0.000000	0.000000	0.093322	0.000000	0.000000	0.000000	0.108417	0.164247	0.000000	0.084067	0.000000	0.112175
56	tsk_56	(x)	1	:	0.005636	0.000000	0.009494	0.000000	0.488164	0.019383	0.462950	0.000000	0.000000	0.003044	0.001507	0.000000	0.004663	0.000000	0.005159
57	tsk_57	(x)	1	:	0.092659	0.000000	0.104958	0.000000	0.488275	0.072954	0.000000	0.000000	0.000000	0.034071	0.130129	0.000000	0.037619	0.000000	0.039336
58	tsk_58	(x)	1	:	0.001123	0.000000	0.000798	0.000000	0.000000	0.000649	0.000000	0.993258	0.000000	0.000387	0.001587	0.000000	0.001759	0.000000	0.000439
59	tsk_59	(x)	1	:	0.000000	0.504335	0.000000	0.000000	0.000000	0.000000	0.000000	0.000000	0.000000	0.000000	0.000000	0.000000	0.000000	0.495665	0.000000
60	tsk_60	(x)	1	:	0.024037	0.330902	0.021718	0.000000	0.000000	0.018510	0.000000	0.000000	0.000000	0.014933	0.016305	0.552466	0.013424	0.000000	0.007705
61	tsk_61	(x)	1	:	0.000000	0.000000	0.000000	0.000000	0.000000	0.000000	0.000000	0.000000	0.000000	0.000000	0.000000	1.000000	0.000000	0.000000	0.000000
62	tsk_62	(x)	1	:	0.068560	0.813341	0.027567	0.000000	0.000000	0.035687	0.000000	0.000000	0.000000	0.003769	0.025200	0.000000	0.017891	0.000000	0.007984
63	tsk_63	(x)	1	:	0.037903	0.813350	0.024470	0.000000	0.000000	0.023473	0.000000	0.000000	0.000000	0.028222	0.021310	0.000000	0.028750	0.000000	0.022523
64	tsk_64	(x)	1	:	0.003079	0.329558	0.006412	0.000000	0.000000	0.000814	0.000000	0.000000	0.500290	0.113887	0.005367	0.000000	0.006114	0.000000	0.034480
65	tsk_65	(x)	1	:	0.000000	0.329559	0.001711	0.000000	0.000000	0.000000	0.000000	0.000000	0.500287	0.153832	0.000000	0.000000	0.000000	0.000000	0.014611
66	tsk_66	(x)	1	:	0.000954	0.000000	0.002821	0.000000	0.000000	0.000197	0.462479	0.000000	0.500243	0.020966	0.001186	0.000000	0.001349	0.000000	0.009804
67	tsk_67	(x)	1	:	0.052307	0.000000	0.098767	0.000000	0.007070	0.128824	0.000000	0.000000	0.000000	0.028270	0.086853	0.488051	0.076528	0.000000	0.033331
68	tsk_68	(x)	1	:	0.097516	0.000000	0.048966	0.000000	0.007118	0.102948	0.000000	0.000000	0.000000	0.025894	0.105244	0.488014	0.075723	0.000000	0.048576
69	tsk_69	(x)	1	:	0.030055	0.329695	0.017346	0.000000	0.006826	0.045441	0.000000	0.000000	0.000000	0.005510	0.023278	0.488289	0.040514	0.000000	0.013044
70	tsk_70	(x)	1	:	0.178037	0.000000	0.141682	0.000000	0.000000	0.111076	0.000000	0.000000	0.000000	0.086851	0.252143	0.000000	0.133923	0.000000	0.096289
71	tsk_71	(x)	1	:	0.059420	0.588817	0.056700	0.000000	0.000000	0.067773	0.000000	0.000000	0.000000	0.044256	0.023298	0.000000	0.111456	0.000000	0.048280
72	tsk_72	(x)	1	:	0.126718	0.000000	0.120912	0.000000	0.000000	0.142765	0.000000	0.000000	0.000000	0.099236	0.143518	0.000000	0.201109	0.000000	0.165743
73	tsk_73	(x)	1	:	0.212833	0.000000	0.248261	0.000000	0.000000	0.110130	0.000000	0.000000	0.000000	0.079589	0.177946	0.000000	0.079665	0.000000	0.091576
74	tsk_74	(x)	1	:	0.035827	0.813340	0.019948	0.000000	0.000000	0.042421	0.000000	0.000000	0.000000	0.011219	0.017366	0.000000	0.046974	0.000000	0.012906
75	tsk_75	(x)	1	:	0.040937	0.813345	0.007701	0.000000	0.000000	0.031479	0.000000	0.000000	0.000000	0.008736	0.033023	0.000000	0.040266	0.000000	0.024513
76	tsk_76	(x)	1	:	0.000151	0.567471	0.000263	0.000000	0.000000	0.000255	0.431162	0.000000	0.000000	0.000111	0.000288	0.000000	0.000132	0.000000	0.000167
77	tsk_77	(x)	1	:	0.088359	0.000000	0.123096	0.000000	0.000000	0.103535	0.463285	0.000000	0.000000	0.030999	0.051019	0.000000	0.110624	0.000000	0.029084
78	tsk_78	(x)	1	:	0.000000	0.329559	0.004495	0.000000	0.000000	0.001621	0.000000	0.000000	0.500288	0.121879	0.003704	0.000000	0.008765	0.000000	0.029690
79	tsk_79	(x)	1	:	0.000000	0.000000	0.001492	0.000000	0.000000	0.000000	0.462126	0.000000	0.508061	0.019586	0.000428	0.000000	0.000000	0.000000	0.008307
80	tsk_80	(x)	1	:	0.071945	0.588817	0.029969	0.000000	0.000000	0.052917	0.000000	0.000000	0.000000	0.025604	0.063261	0.000000	0.130099	0.000000	0.037388
81	tsk_81	(x)	1	:	0.177458	0.000000	0.120581	0.000000	0.000000	0.165582	0.000000	0.000000	0.000000	0.097434	0.094964	0.000000	0.229621	0.000000	0.114360
82	tsk_82	(x)	1	:	0.164537	0.000000	0.111836	0.000000	0.000000	0.132335	0.000000	0.000000	0.000000	0.022366	0.132851	0.000000	0.239224	0.000000	0.196852
83	tsk_83	(x)	1	:	0.233152	0.000000	0.140989	0.000000	0.000000	0.118541	0.000000	0.000000	0.000000	0.040242	0.239002	0.000000	0.119566	0.000000	0.108508
84	tsk_84	(x)	1	:	0.005782	0.000000	0.015335	0.000000	0.000000	0.005632	0.000000	0.000000	0.500271	0.240879	0.012207	0.000000	0.015638	0.000000	0.204257
85	tsk_85	(x)	1	:	0.036963	0.000000	0.056400	0.000000	0.006826	0.175407	0.000000	0.000000	0.000000	0.009363	0.083311	0.488235	0.071519	0.000000	0.071976
86	tsk_86	(x)	1	:	0.143629	0.000000	0.182732	0.000000	0.000000	0.179695	0.000000	0.000000	0.000000	0.057645	0.157907	0.000000	0.216991	0.000000	0.061402
87	tsk_87	(x)	1	:	0.201757	0.000000	0.149364	0.000000	0.000000	0.104861	0.000000	0.000000	0.000000	0.129182	0.147561	0.000000	0.151795	0.000000	0.115480
88	tsk_88	(x)	1	:	0.227859	0.000000	0.130140	0.000000	0.000000	0.191995	0.000000	0.000000	0.000000	0.065695	0.171429	0.000000	0.154378	0.000000	0.058503
89	tsk_89	(x)	1	:	0.137892	0.000000	0.131434	0.000000	0.000000	0.166882	0.000000	0.000000	0.000000	0.085241	0.073750	0.000000	0.290543	0.000000	0.114258
90	tsk_90	(x)	1	:	0.146238	0.000000	0.139493	0.000000	0.000000	0.175743	0.000000	0.000000	0.000000	0.039482	0.117755	0.000000	0.260744	0.000000	0.120546
91	tsk_91	(x)	1	:	0.278689	0.000000	0.095935	0.000000	0.000000	0.189618	0.000000	0.000000	0.000000	0.035918	0.142776	0.000000	0.142619	0.000000	0.114445
92	tsk_92	(x)	1	:	0.209683	0.000000	0.124490	0.000000	0.000000	0.146352	0.000000	0.000000	0.000000	0.087952	0.122762	0.000000	0.207602	0.000000	0.101159
93	tsk_93	(x)	1	:	0.082914	0.000000	0.089256	0.500000	0.000000	0.038318	0.000000	0.000000	0.000000	0.013152	0.046111	0.000000	0.176225	0.000000	0.054024
94	tsk_94	(x)	1	:	0.000025	0.553833	0.000027	0.446046	0.000000	0.000004	0.000000	0.000000	0.000000	0.000009	0.000024	0.000000	0.000016	0.000000	0.000014
95	tsk_95	(x)	1	:	0.158844	0.000000	0.097174	0.500001	0.000000	0.054349	0.000000	0.000000	0.000000	0.038076	0.043562	0.000000	0.061559	0.000000	0.046435
96	tsk_96	(x)	1	:	0.104662	0.588817	0.049204	0.000000	0.000000	0.049429	0.000000	0.000000	0.000000	0.072764	0.030462	0.000000	0.069498	0.000000	0.035163
97	tsk_97	(x)	1	:	0.131432	0.000000	0.175898	0.000000	0.000000	0.172859	0.000000	0.000000	0.000000	0.011476	0.098779	0.000000	0.239061	0.000000	0.170494
98	tsk_98	(x)	1	:	0.108843	0.000000	0.079867	0.500001	0.000000	0.042137	0.000000	0.000000	0.000000	0.031170	0.050835	0.000000	0.087295	0.000000	0.099851
99	tsk_99	(x)	1	:	0.009950	0.000000	0.015577	0.000000	0.000000	0.001022	0.000000	0.000000	0.000000	0.253877	0.008496	0.000000	0.005625	0.499641	0.205812
100	tsk_100	(x)	1	:	0.092953	0.000000	0.178175	0.000000	0.000000	0.232975	0.000000	0.000000	0.000000	0.075606	0.234638	0.000000	0.105163	0.000000	0.080489
101	tsk_101	(x)	1	:	0.000000	0.537922	0.000000	0.000000	0.462076	0.000001	0.000000	0.000000	0.000000	0.000000	0.000000	0.000000	0.000000	0.000000	0.000000
102	tsk_102	(x)	1	:	0.000000	0.000000	0.000000	0.000000	0.440859	0.000000	0.559141	0.000000	0.000000	0.000000	0.000000	0.000000	0.000000	0.000000	0.000000
103	tsk_103	(x)	1	:	0.177487	0.000000	0.096156	0.000000	0.000000	0.118579	0.000000	0.000000	0.000000	0.183368	0.167050	0.000000	0.142929	0.000000	0.114431
104	tsk_104	(x)	1	:	0.020196	0.000000	0.023529	0.000000	0.000000	0.007465	0.000000	0.000000	0.249904	0.251767	0.022261	0.000000	0.031641	0.228844	0.164393
105	tsk_105	(x)	1	:	0.180620	0.000000	0.147351	0.000000	0.000000	0.096529	0.000000	0.000000	0.000000	0.085838	0.169994	0.000000	0.204384	0.000000	0.115284
106	tsk_106	(x)	1	:	0.260947	0.000000	0.073399	0.000000	0.000000	0.146322	0.000000	0.000000	0.000000	0.023938	0.171802	0.000000	0.206153	0.000000	0.117440
107	tsk_107	(x)	1	:	0.084788	0.588817	0.048459	0.000000	0.000000	0.048541	0.000000	0.000000	0.000000	0.030988	0.033406	0.000000	0.125173	0.000000	0.039828
108	tsk_108	(x)	1	:	0.000000	0.000000	0.000073	0.000000	0.488069	0.000000	0.000000	0.000000	0.000000	0.006785	0.000132	0.000000	0.000000	0.499622	0.005319
109	tsk_109	(x)	1	:	0.102428	0.000000	0.115051	0.000000	0.488277	0.119054	0.000000	0.000000	0.000000	0.018135	0.102930	0.000000	0.042081	0.000000	0.012044
110	tsk_110	(x)	1	:	0.000000	0.000000	0.000000	0.000000	0.000000	0.000000	0.000000	0.000000	0.000000	0.000000	0.000000	0.000000	0.000000	1.000000	0.000000
111	tsk_111	(x)	1	:	0.000000	0.529398	0.000000	0.000000	0.001060	0.000000	0.000000	0.000000	0.000000	0.000000	0.000000	0.469542	0.000000	0.000000	0.000000
112	tsk_112	(x)	1	:	0.000000	0.504344	0.000000	0.000000	0.000000	0.000000	0.000000	0.000000	0.000000	0.000000	0.000000	0.000000	0.000000	0.495655	0.000000
113	tsk_113	(x)	1	:	0.000000	0.000000	0.000000	0.000000	0.000000	0.000000	1.000000	0.000000	0.000000	0.000000	0.000000	0.000000	0.000000	0.000000	0.000000
114	tsk_114	(x)	1	:	0.000000	0.496999	0.000000	0.000000	0.000000	0.000000	0.000000	0.000000	0.000000	0.000000	0.000000	0.000000	0.000000	0.503001	0.000000
115	tsk_115	(x)	1	:	0.000000	0.000000	0.000000	0.000000	0.000000	0.000000	0.000000	0.000000	0.000000	0.000000	0.000000	0.000000	0.000000	1.000000	0.000000
116	tsk_116	(x)	1	:	0.000247	0.567500	0.000177	0.000000	0.000000	0.000122	0.431207	0.000000	0.000000	0.000101	0.000195	0.000000	0.000385	0.000000	0.000066
117	tsk_117	(x)	1	:	0.000009	0.000000	0.001007	0.000000	0.000000	0.000000	0.462523	0.000000	0.000000	0.012083	0.001139	0.000000	0.000283	0.499617	0.023340
118	tsk_118	(x)	1	:	0.000000	0.504345	0.000000	0.000000	0.000000	0.000000	0.000000	0.000000	0.000000	0.000000	0.000000	0.000000	0.000000	0.495655	0.000000
119	tsk_119	(x)	1	:	0.000373	0.567475	0.000116	0.000000	0.000000	0.000124	0.431169	0.000000	0.000000	0.000138	0.000194	0.000000	0.000357	0.000000	0.000054
120	tsk_120	(x)	1	:	0.234705	0.000000	0.178583	0.000000	0.000000	0.131525	0.000000	0.000000	0.000000	0.101889	0.043336	0.000000	0.265227	0.000000	0.044735
121	tsk_121	(x)	1	:	0.226376	0.000000	0.191758	0.000000	0.000000	0.046588	0.000000	0.000000	0.000000	0.096636	0.118134	0.000000	0.255908	0.000000	0.064599
122	tsk_122	(x)	1	:	0.218178	0.000000	0.161586	0.000000	0.000000	0.158791	0.000000	0.000000	0.000000	0.081960	0.228559	0.000000	0.136460	0.000000	0.014465
123	tsk_123	(x)	1	:	0.004508	0.329559	0.011543	0.000000	0.000000	0.005977	0.000000	0.000000	0.500288	0.103350	0.002695	0.000000	0.005307	0.000000	0.036774
124	tsk_124	(x)	1	:	0.000036	0.000000	0.000192	0.491287	0.000000	0.000000	0.000000	0.000000	0.000000	0.002672	0.000059	0.000000	0.000000	0.499377	0.006377
125	tsk_125	(x)	1	:	0.076381	0.000000	0.146641	0.000000	0.000000	0.095420	0.000000	0.000000	0.000000	0.087275	0.241363	0.000000	0.202864	0.000000	0.150055
126	tsk_126	(x)	1	:	0.109541	0.000000	0.104261	0.000000	0.000000	0.232202	0.000000	0.000000	0.000000	0.091913	0.129131	0.000000	0.280923	0.000000	0.052028
127	tsk_127	(x)	1	:	0.005953	0.000000	0.013001	0.000000	0.000000	0.001829	0.000000	0.000000	0.500270	0.351701	0.004657	0.000000	0.005402	0.000000	0.117187
128	tsk_128	(x)	1	:	0.112398	0.000000	0.129109	0.000000	0.000000	0.148093	0.000000	0.000000	0.000000	0.065069	0.127509	0.000000	0.256523	0.000000	0.161299
129	tsk_129	(x)	1	:	0.005790	0.000000	0.017303	0.000000	0.000000	0.000000	0.000000	0.000000	0.000000	0.240402	0.026028	0.000000	0.000815	0.499641	0.210020
130	tsk_130	(x)	1	:	0.069566	0.000000	0.095720	0.000000	0.488275	0.146707	0.000000	0.000000	0.000000	0.057947	0.064663	0.000000	0.044264	0.000000	0.032857
131	tsk_131	(x)	1	:	0.002521	0.000000	0.002140	0.494990	0.486633	0.004825	0.000000	0.000000	0.000000	0.001250	0.002150	0.000000	0.002901	0.000000	0.002593
132	tsk_132	(x)	1	:	0.006043	0.000000	0.010303	0.497629	0.000000	0.005097	0.460964	0.000000	0.000000	0.003895	0.004604	0.000000	0.005924	0.000000	0.005541
133	tsk_133	(x)	1	:	0.127422	0.000000	0.113175	0.000000	0.000000	0.059425	0.463286	0.000000	0.000000	0.023439	0.043982	0.000000	0.127524	0.000000	0.041747
134	tsk_134	(x)	1	:	0.036777	0.000000	0.093392	0.000000	0.563931	0.076550	0.000000	0.000000	0.000000	0.029587	0.093730	0.000000	0.051015	0.000000	0.055018
135	tsk_135	(x)	1	:	0.030800	0.329574	0.018121	0.000000	0.488301	0.056449	0.000000	0.000000	0.000000	0.012655	0.016872	0.000000	0.036767	0.000000	0.010461
136	tsk_136	(x)	1	:	0.054315	0.000000	0.052194	0.500000	0.000000	0.090690	0.000000	0.000000	0.000000	0.043417	0.049368	0.000000	0.128446	0.000000	0.081571
137	tsk_137	(x)	1	:	0.000158	0.000000	0.000483	0.000000	0.557231	0.000379	0.440334	0.000000	0.000000	0.000123	0.000779	0.000000	0.000425	0.000000	0.000088
138	tsk_138	(x)	1	:	0.003719	0.000000	0.001650	0.495319	0.486740	0.003548	0.000000	0.000000	0.000000	0.001005	0.002883	0.000000	0.003113	0.000000	0.002023
139	tsk_139	(x)	1	:	0.138680	0.000000	0.132334	0.000000	0.000000	0.129812	0.000000	0.000000	0.000000	0.021643	0.174178	0.000000	0.314441	0.000000	0.088913
140	tsk_140	(x)	1	:	0.051166	0.000000	0.076350	0.000000	0.000000	0.015414	0.655225	0.000000	0.000000	0.027377	0.070656	0.000000	0.064579	0.000000	0.039233
141	tsk_141	(x)	1	:	0.059182	0.000000	0.085486	0.500001	0.000000	0.054114	0.000000	0.000000	0.000000	0.086681	0.076335	0.000000	0.046699	0.000000	0.091503
142	tsk_142	(x)	1	:	0.000000	0.000000	0.000000	0.000000	1.000000	0.000000	0.000000	0.000000	0.000000	0.000000	0.000000	0.000000	0.000000	0.000000	0.000000
143	tsk_143	(x)	1	:	0.098678	0.000000	0.236671	0.000000	0.000000	0.139201	0.000000	0.000000	0.000000	0.071557	0.210160	0.000000	0.196281	0.000000	0.047452
144	tsk_144	(x)	1	:	0.097494	0.000000	0.093890	0.500001	0.000000	0.109505	0.000000	0.000000	0.000000	0.026899	0.036463	0.000000	0.064987	0.000000	0.070760
145	tsk_145	(x)	1	:	0.123027	0.000000	0.028912	0.500001	0.000000	0.045293	0.000000	0.000000	0.000000	0.047496	0.080315	0.000000	0.098182	0.000000	0.076775
146	tsk_146	(x)	1	:	0.152924	0.000000	0.268036	0.000000	0.000000	0.118759	0.000000	0.000000	0.000000	0.061119	0.143864	0.000000	0.173219	0.000000	0.082079
147	tsk_147	(x)	1	:	0.115861	0.000000	0.049399	0.500001	0.000000	0.063403	0.000000	0.000000	0.000000	0.056247	0.027217	0.000000	0.080753	0.000000	0.107119
148	tsk_148	(x)	1	:	0.008938	0.000000	0.019171	0.000000	0.000000	0.000000	0.000000	0.000000	0.000000	0.192660	0.020429	0.000000	0.006932	0.499642	0.252228
149	tsk_149	(x)	1	:	0.050985	0.000000	0.077302	0.000000	0.488276	0.110345	0.000000	0.000000	0.000000	0.027503	0.130415	0.000000	0.059151	0.000000	0.056022
