logL = -2233.614850 (converged)
AIC = 5815.229700
BIC = 7844.397888

count.K
12 54 34 50 

