0	tsk_0	(x)	1	:	0.000000	0.000000	0.000000	0.000000	0.000000	0.000000	0.000000	1.000000	0.000000	0.000000	0.000000
1	tsk_1	(x)	1	:	0.000000	0.000000	0.000000	0.000000	0.000000	0.000000	0.000000	0.000000	0.000000	1.000000	0.000000
2	tsk_2	(x)	1	:	0.000000	0.000000	0.000000	0.000000	0.000000	0.000000	0.137721	0.500001	0.000000	0.000005	0.362273
3	tsk_3	(x)	1	:	0.000000	0.000000	0.000000	0.000000	0.000000	0.000000	0.318522	0.500001	0.000000	0.000006	0.181471
4	tsk_4	(x)	1	:	0.000000	0.497016	0.000000	0.000000	0.000000	0.000000	0.134369	0.000000	0.000000	0.000002	0.368613
5	tsk_5	(x)	1	:	0.000000	1.000000	0.000000	0.000000	0.000000	0.000000	0.000000	0.000000	0.000000	0.000000	0.000000
6	tsk_6	(x)	1	:	0.000000	0.497016	0.000000	0.000000	0.000000	0.000000	0.161801	0.000000	0.000000	0.000003	0.341180
7	tsk_7	(x)	1	:	0.000000	0.497016	0.000000	0.000000	0.000000	0.000000	0.024215	0.000000	0.000000	0.000003	0.478766
8	tsk_8	(x)	1	:	0.000000	0.497016	0.000000	0.000000	0.000000	0.000000	0.069929	0.000000	0.000000	0.000001	0.433054
9	tsk_9	(x)	1	:	0.000000	0.497016	0.000000	0.000000	0.000000	0.000000	0.085129	0.000000	0.000000	0.000002	0.417854
10	tsk_10	(x)	1	:	0.000000	0.000000	0.276672	0.000000	0.000000	0.000000	0.146660	0.499941	0.000000	0.000001	0.076726
11	tsk_11	(x)	1	:	0.000000	0.000000	0.000000	0.000000	0.000000	0.000000	0.641049	0.000000	0.000000	0.000013	0.358938
12	tsk_12	(x)	1	:	0.000000	0.000000	0.276672	0.000000	0.000000	0.000000	0.164552	0.499941	0.000000	0.000001	0.058834
13	tsk_13	(x)	1	:	0.000000	0.000000	0.000000	0.000000	0.000000	0.000000	0.783239	0.000000	0.000000	0.000013	0.216749
14	tsk_14	(x)	1	:	0.000000	0.000000	0.000000	0.000000	0.488868	0.000000	0.411206	0.000000	0.000000	0.000005	0.099921
15	tsk_15	(x)	1	:	0.000000	0.000000	0.000000	0.000000	0.000000	0.000000	0.246142	0.500001	0.000000	0.000004	0.253853
16	tsk_16	(x)	1	:	0.000000	0.000000	0.000000	0.000000	0.488867	0.000000	0.440032	0.000000	0.000000	0.000003	0.071099
17	tsk_17	(x)	1	:	0.000000	0.000000	0.000000	0.000000	0.000000	0.000000	0.162960	0.500001	0.000000	0.000004	0.337035
18	tsk_18	(x)	1	:	0.000000	0.000000	0.000000	0.000000	0.000000	0.000000	0.763134	0.000000	0.000000	0.000010	0.236856
19	tsk_19	(x)	1	:	0.000000	0.000000	0.000000	0.000000	0.000000	0.000000	0.782067	0.000000	0.000000	0.000007	0.217926
20	tsk_20	(x)	1	:	0.000000	0.000000	0.000000	0.000000	1.000000	0.000000	0.000000	0.000000	0.000000	0.000000	0.000000
21	tsk_21	(x)	1	:	0.000000	0.000000	0.000000	0.000000	0.000000	0.409608	0.261506	0.000000	0.000000	0.000005	0.328881
22	tsk_22	(x)	1	:	0.000000	0.000000	0.000000	0.000000	0.488868	0.000000	0.343957	0.000000	0.000000	0.000005	0.167170
23	tsk_23	(x)	1	:	0.495036	0.000000	0.000000	0.000000	0.000000	0.000000	0.253394	0.000000	0.000000	0.000005	0.251564
24	tsk_24	(x)	1	:	0.000000	0.000000	0.000000	0.000000	0.488868	0.000000	0.243419	0.000000	0.000000	0.000005	0.267708
25	tsk_25	(x)	1	:	0.000000	0.000000	0.000000	0.000000	0.000000	0.000000	0.704221	0.000000	0.000000	0.000011	0.295767
26	tsk_26	(x)	1	:	0.000000	0.000000	0.000000	0.000000	0.000000	0.409607	0.337990	0.000000	0.000000	0.000004	0.252398
27	tsk_27	(x)	1	:	0.000000	0.000000	0.000000	0.000000	0.000000	1.000000	0.000000	0.000000	0.000000	0.000000	0.000000
28	tsk_28	(x)	1	:	0.000000	0.000000	0.000000	0.000000	0.488868	0.000000	0.395720	0.000000	0.000000	0.000005	0.115407
29	tsk_29	(x)	1	:	0.000000	0.000000	0.284269	0.000000	0.000000	0.616610	0.078961	0.000000	0.000000	0.000000	0.020160
30	tsk_30	(x)	1	:	0.494850	0.000000	0.000000	0.000000	0.000000	0.000000	0.000000	0.499627	0.000000	0.000000	0.005522
31	tsk_31	(x)	1	:	1.000000	0.000000	0.000000	0.000000	0.000000	0.000000	0.000000	0.000000	0.000000	0.000000	0.000000
32	tsk_32	(x)	1	:	0.000000	0.000000	0.000000	0.000000	0.000000	0.000000	0.263702	0.500000	0.000000	0.000002	0.236296
33	tsk_33	(x)	1	:	0.000000	0.000000	0.000000	0.000000	0.000000	0.000000	0.079373	0.500001	0.000000	0.000005	0.420622
34	tsk_34	(x)	1	:	0.000000	0.000000	0.000000	0.000000	0.000000	0.409606	0.471796	0.000000	0.000000	0.000002	0.118595
35	tsk_35	(x)	1	:	1.000000	0.000000	0.000000	0.000000	0.000000	0.000000	0.000000	0.000000	0.000000	0.000000	0.000000
36	tsk_36	(x)	1	:	0.495036	0.000000	0.000000	0.000000	0.000000	0.000000	0.250159	0.000000	0.000000	0.000001	0.254804
37	tsk_37	(x)	1	:	0.000000	0.000000	0.000000	0.000000	0.000000	0.290768	0.505399	0.000000	0.000000	0.000003	0.203830
38	tsk_38	(x)	1	:	1.000000	0.000000	0.000000	0.000000	0.000000	0.000000	0.000000	0.000000	0.000000	0.000000	0.000000
39	tsk_39	(x)	1	:	0.494956	0.000000	0.000000	0.000000	0.000000	0.000000	0.001212	0.499840	0.000000	0.000000	0.003991
40	tsk_40	(x)	1	:	0.000000	0.000000	0.000000	0.000000	0.000000	0.000000	0.542024	0.000000	0.000000	0.000008	0.457969
41	tsk_41	(x)	1	:	0.000000	0.000000	0.000000	0.000000	0.000000	0.000000	0.731324	0.000000	0.000000	0.000000	0.268676
42	tsk_42	(x)	1	:	0.000000	0.000000	0.000000	0.000000	0.000000	0.000000	0.311887	0.500000	0.000000	0.000001	0.188112
43	tsk_43	(x)	1	:	0.000000	0.000000	0.000000	0.000000	0.000000	0.000000	0.180103	0.500001	0.000000	0.000005	0.319891
44	tsk_44	(x)	1	:	0.000000	0.000000	0.000000	0.000000	0.000000	0.000000	0.655314	0.000000	0.000000	0.000005	0.344681
45	tsk_45	(x)	1	:	0.000000	0.000000	0.000000	0.000000	0.000000	0.000000	0.654572	0.000000	0.000000	0.000012	0.345416
46	tsk_46	(x)	1	:	0.000000	0.000000	0.000000	0.000000	0.000000	0.000000	0.799720	0.000000	0.000000	0.000010	0.200269
47	tsk_47	(x)	1	:	0.495036	0.000000	0.000000	0.000000	0.000000	0.000000	0.181306	0.000000	0.000000	0.000006	0.323651
48	tsk_48	(x)	1	:	0.495036	0.000000	0.000000	0.000000	0.000000	0.000000	0.215690	0.000000	0.000000	0.000004	0.289269
49	tsk_49	(x)	1	:	0.000000	0.000000	0.000000	0.000000	0.000000	0.000000	0.242692	0.500001	0.000000	0.000004	0.257304
50	tsk_50	(x)	1	:	0.000000	0.000000	0.000000	0.000000	0.000000	0.000000	0.760793	0.000000	0.000000	0.000012	0.239195
51	tsk_51	(x)	1	:	0.495036	0.000000	0.000000	0.000000	0.000000	0.000000	0.135921	0.000000	0.000000	0.000005	0.369037
52	tsk_52	(x)	1	:	0.000000	0.000000	0.000000	0.000000	0.000000	0.000000	0.906392	0.000000	0.000000	0.000005	0.093603
53	tsk_53	(x)	1	:	0.000000	0.497016	0.000000	0.000000	0.000000	0.000000	0.110215	0.000000	0.000000	0.000000	0.392769
54	tsk_54	(x)	1	:	0.495036	0.000000	0.000000	0.000000	0.000000	0.000000	0.254628	0.000000	0.000000	0.000000	0.250337
55	tsk_55	(x)	1	:	0.495036	0.000000	0.000000	0.000000	0.000000	0.000000	0.302219	0.000000	0.000000	0.000006	0.202739
56	tsk_56	(x)	1	:	0.495036	0.000000	0.000000	0.000000	0.000000	0.000000	0.198623	0.000000	0.000000	0.000006	0.306334
57	tsk_57	(x)	1	:	0.495036	0.000000	0.000000	0.000000	0.000000	0.000000	0.444770	0.000000	0.000000	0.000006	0.060187
58	tsk_58	(x)	1	:	0.000000	0.000000	0.000000	0.000000	0.000000	0.000000	0.838587	0.000000	0.000000	0.000015	0.161398
59	tsk_59	(x)	1	:	0.497821	0.000000	0.000000	0.000000	0.502179	0.000000	0.000000	0.000000	0.000000	0.000000	0.000000
60	tsk_60	(x)	1	:	0.000000	0.000000	0.000000	0.499841	0.000000	0.000000	0.171826	0.000000	0.000000	0.000001	0.328331
61	tsk_61	(x)	1	:	0.000000	0.000000	0.000000	0.000000	0.488352	0.000000	0.009827	0.499745	0.000000	0.000000	0.002076
62	tsk_62	(x)	1	:	0.000000	0.000000	0.284557	0.000000	0.000000	0.000000	0.157549	0.000000	0.000000	0.000006	0.557888
63	tsk_63	(x)	1	:	0.495036	0.000000	0.000000	0.000000	0.000000	0.000000	0.088106	0.000000	0.000000	0.000006	0.416851
64	tsk_64	(x)	1	:	0.000000	0.000000	0.000000	0.000000	0.000000	0.000000	0.279097	0.500001	0.000000	0.000005	0.220897
65	tsk_65	(x)	1	:	0.000014	0.000000	0.284484	0.499827	0.000000	0.000000	0.090178	0.000000	0.000000	0.000001	0.125496
66	tsk_66	(x)	1	:	0.000004	0.000000	0.284484	0.499836	0.000000	0.000000	0.089867	0.000000	0.000000	0.000001	0.125808
67	tsk_67	(x)	1	:	0.495024	0.000000	0.284487	0.000000	0.000000	0.000000	0.120529	0.000000	0.000000	0.000000	0.099960
68	tsk_68	(x)	1	:	0.000005	0.000000	0.000000	0.499804	0.000000	0.409441	0.040496	0.000000	0.000000	0.000001	0.050253
69	tsk_69	(x)	1	:	0.301540	0.000000	0.000000	0.698460	0.000000	0.000000	0.000000	0.000000	0.000000	0.000000	0.000000
70	tsk_70	(x)	1	:	0.000000	0.000000	0.000000	0.000000	0.000000	0.000000	0.273838	0.000000	0.000000	0.000011	0.726150
71	tsk_71	(x)	1	:	0.000000	0.000000	0.000000	0.000000	0.000000	0.000000	0.000003	0.000000	0.999997	0.000000	0.000000
72	tsk_72	(x)	1	:	0.000000	0.000000	0.000000	0.000000	0.000000	0.000000	0.762477	0.000000	0.000000	0.000012	0.237511
73	tsk_73	(x)	1	:	0.495036	0.000000	0.000000	0.000000	0.000000	0.000000	0.217939	0.000000	0.000000	0.000006	0.287019
74	tsk_74	(x)	1	:	0.000000	0.000000	0.000000	0.000000	0.000000	0.000000	0.702675	0.000000	0.000000	0.000005	0.297320
75	tsk_75	(x)	1	:	0.000000	0.000000	0.000000	0.000000	0.000000	0.000000	0.751283	0.000000	0.000000	0.000006	0.248711
76	tsk_76	(x)	1	:	0.495036	0.000000	0.000000	0.000000	0.000000	0.000000	0.358400	0.000000	0.000000	0.000006	0.146557
77	tsk_77	(x)	1	:	0.000000	0.000000	0.000000	0.000000	0.000000	0.000000	0.859357	0.000000	0.000000	0.000002	0.140641
78	tsk_78	(x)	1	:	0.000000	0.000000	0.000000	0.000000	0.000000	0.000000	0.640778	0.000000	0.000000	0.000009	0.359213
79	tsk_79	(x)	1	:	0.000000	0.000000	0.000000	0.000000	0.000000	0.611116	0.256913	0.000000	0.000000	0.000002	0.131969
80	tsk_80	(x)	1	:	0.000000	0.000000	0.000000	0.000000	0.000000	0.000000	0.894765	0.000000	0.000000	0.000011	0.105224
81	tsk_81	(x)	1	:	0.495036	0.000000	0.000000	0.000000	0.000000	0.000000	0.245169	0.000000	0.000000	0.000006	0.259789
82	tsk_82	(x)	1	:	1.000000	0.000000	0.000000	0.000000	0.000000	0.000000	0.000000	0.000000	0.000000	0.000000	0.000000
83	tsk_83	(x)	1	:	0.495036	0.000000	0.000000	0.000000	0.000000	0.000000	0.180026	0.000000	0.000000	0.000006	0.324931
84	tsk_84	(x)	1	:	0.000000	0.000000	0.000000	0.000000	0.000000	0.000000	0.469806	0.000000	0.000000	0.000007	0.530187
85	tsk_85	(x)	1	:	0.000000	0.000000	0.000000	0.000000	0.000000	0.000000	0.542010	0.000000	0.000000	0.000010	0.457980
86	tsk_86	(x)	1	:	0.000000	0.000000	0.000000	0.000000	0.488867	0.000000	0.391642	0.000000	0.000000	0.000003	0.119488
87	tsk_87	(x)	1	:	0.495036	0.000000	0.000000	0.000000	0.000000	0.290769	0.083589	0.000000	0.000000	0.000002	0.130603
88	tsk_88	(x)	1	:	0.497821	0.000000	0.000000	0.000000	0.502179	0.000000	0.000000	0.000000	0.000000	0.000000	0.000000
89	tsk_89	(x)	1	:	0.000000	0.000000	0.000000	0.000000	0.000000	0.000000	0.762129	0.000000	0.000000	0.000008	0.237863
90	tsk_90	(x)	1	:	0.000000	0.000000	0.000000	0.000000	0.488867	0.000000	0.398197	0.000000	0.000000	0.000004	0.112932
91	tsk_91	(x)	1	:	0.000000	0.000000	0.000000	0.000000	0.000000	0.000000	0.807077	0.000000	0.000000	0.000005	0.192918
92	tsk_92	(x)	1	:	0.000000	0.000000	0.499612	0.000000	0.000000	0.000000	0.000000	0.500388	0.000000	0.000000	0.000000
93	tsk_93	(x)	1	:	0.000000	0.000000	0.000000	0.000000	0.488867	0.000000	0.464182	0.000000	0.000000	0.000003	0.046949
94	tsk_94	(x)	1	:	0.000000	0.000000	0.000000	0.000000	0.663324	0.000000	0.280165	0.000000	0.000000	0.000002	0.056509
95	tsk_95	(x)	1	:	0.000000	0.000000	0.000000	0.000000	0.000000	0.000000	0.749604	0.000000	0.000000	0.000012	0.250385
96	tsk_96	(x)	1	:	0.497821	0.000000	0.000000	0.000000	0.502179	0.000000	0.000000	0.000000	0.000000	0.000000	0.000000
97	tsk_97	(x)	1	:	0.000000	0.000000	0.000000	0.000000	0.000000	0.000000	0.363212	0.500000	0.000000	0.000001	0.136786
98	tsk_98	(x)	1	:	0.000000	0.000000	0.499612	0.000000	0.000000	0.000000	0.000000	0.500388	0.000000	0.000000	0.000000
99	tsk_99	(x)	1	:	1.000000	0.000000	0.000000	0.000000	0.000000	0.000000	0.000000	0.000000	0.000000	0.000000	0.000000
100	tsk_100	(x)	1	:	0.495036	0.000000	0.000000	0.000000	0.000000	0.000000	0.298980	0.000000	0.000000	0.000006	0.205977
101	tsk_101	(x)	1	:	0.000000	0.000000	0.000000	0.000000	0.000000	0.000000	0.640613	0.000000	0.000000	0.000013	0.359374
102	tsk_102	(x)	1	:	0.000000	0.000000	0.000000	0.000000	0.000000	0.000000	0.784073	0.000000	0.000000	0.000004	0.215924
103	tsk_103	(x)	1	:	0.000000	0.000000	0.000000	0.000000	0.000000	0.000000	0.781153	0.000000	0.000000	0.000007	0.218840
104	tsk_104	(x)	1	:	0.495036	0.000000	0.000000	0.000000	0.000000	0.000000	0.068529	0.000000	0.000000	0.000006	0.436428
105	tsk_105	(x)	1	:	1.000000	0.000000	0.000000	0.000000	0.000000	0.000000	0.000000	0.000000	0.000000	0.000000	0.000000
106	tsk_106	(x)	1	:	0.000000	0.000000	0.000000	0.000000	0.000000	0.000000	0.850051	0.000000	0.000000	0.000003	0.149946
107	tsk_107	(x)	1	:	0.495036	0.000000	0.000000	0.000000	0.000000	0.000000	0.108197	0.000000	0.000000	0.000006	0.396760
108	tsk_108	(x)	1	:	0.000000	0.000000	0.000000	0.000000	0.000000	0.000000	0.896948	0.000000	0.000000	0.000004	0.103048
109	tsk_109	(x)	1	:	0.495036	0.000000	0.000000	0.000000	0.000000	0.000000	0.252761	0.000000	0.000000	0.000005	0.252197
110	tsk_110	(x)	1	:	0.479539	0.000000	0.000000	0.520461	0.000000	0.000000	0.000000	0.000000	0.000000	0.000000	0.000000
111	tsk_111	(x)	1	:	1.000000	0.000000	0.000000	0.000000	0.000000	0.000000	0.000000	0.000000	0.000000	0.000000	0.000000
112	tsk_112	(x)	1	:	0.497821	0.000000	0.000000	0.000000	0.502179	0.000000	0.000000	0.000000	0.000000	0.000000	0.000000
113	tsk_113	(x)	1	:	0.479539	0.000000	0.000000	0.520461	0.000000	0.000000	0.000000	0.000000	0.000000	0.000000	0.000000
114	tsk_114	(x)	1	:	0.479539	0.000000	0.000000	0.520461	0.000000	0.000000	0.000000	0.000000	0.000000	0.000000	0.000000
115	tsk_115	(x)	1	:	1.000000	0.000000	0.000000	0.000000	0.000000	0.000000	0.000000	0.000000	0.000000	0.000000	0.000000
116	tsk_116	(x)	1	:	0.512292	0.487708	0.000000	0.000000	0.000000	0.000000	0.000000	0.000000	0.000000	0.000000	0.000000
117	tsk_117	(x)	1	:	1.000000	0.000000	0.000000	0.000000	0.000000	0.000000	0.000000	0.000000	0.000000	0.000000	0.000000
118	tsk_118	(x)	1	:	1.000000	0.000000	0.000000	0.000000	0.000000	0.000000	0.000000	0.000000	0.000000	0.000000	0.000000
119	tsk_119	(x)	1	:	0.665489	0.000000	0.000000	0.334511	0.000000	0.000000	0.000000	0.000000	0.000000	0.000000	0.000000
120	tsk_120	(x)	1	:	0.000000	0.000000	0.000000	0.000000	0.488866	0.000000	0.343115	0.000000	0.000000	0.000002	0.168017
121	tsk_121	(x)	1	:	0.000023	0.000000	0.000000	0.502081	0.497895	0.000000	0.000000	0.000000	0.000000	0.000000	0.000000
122	tsk_122	(x)	1	:	0.479539	0.000000	0.000000	0.520461	0.000000	0.000000	0.000000	0.000000	0.000000	0.000000	0.000000
123	tsk_123	(x)	1	:	1.000000	0.000000	0.000000	0.000000	0.000000	0.000000	0.000000	0.000000	0.000000	0.000000	0.000000
124	tsk_124	(x)	1	:	0.000000	0.000000	0.000000	0.000000	0.488868	0.000000	0.412029	0.000000	0.000000	0.000006	0.099097
125	tsk_125	(x)	1	:	0.000000	0.000000	0.000000	0.499842	0.000000	0.000000	0.152769	0.000000	0.000000	0.000006	0.347382
126	tsk_126	(x)	1	:	0.497821	0.000000	0.000000	0.000000	0.502179	0.000000	0.000000	0.000000	0.000000	0.000000	0.000000
127	tsk_127	(x)	1	:	0.000000	0.000000	0.000000	0.499842	0.000000	0.000000	0.111063	0.000000	0.000000	0.000006	0.389089
128	tsk_128	(x)	1	:	0.000000	0.000000	0.000000	0.000000	0.000000	0.000000	0.761498	0.000000	0.000000	0.000014	0.238487
129	tsk_129	(x)	1	:	0.000026	0.000000	0.000000	0.502079	0.497895	0.000000	0.000000	0.000000	0.000000	0.000000	0.000000
130	tsk_130	(x)	1	:	0.000000	0.000000	0.000000	0.000000	0.000000	0.000000	0.334453	0.500001	0.000000	0.000005	0.165541
131	tsk_131	(x)	1	:	0.494778	0.000000	0.000000	0.000000	0.000000	0.000000	0.001695	0.499483	0.000000	0.000000	0.004043
132	tsk_132	(x)	1	:	0.000000	0.000000	0.000000	0.000000	0.000000	0.409586	0.039398	0.499989	0.000000	0.000000	0.051026
133	tsk_133	(x)	1	:	0.495036	0.000000	0.000000	0.000000	0.000000	0.000000	0.317588	0.000000	0.000000	0.000006	0.187369
134	tsk_134	(x)	1	:	0.000000	0.000000	0.000000	0.000000	0.000000	0.000000	0.000000	1.000000	0.000000	0.000000	0.000000
135	tsk_135	(x)	1	:	0.495036	0.000000	0.000000	0.000000	0.000000	0.000000	0.101384	0.000000	0.000000	0.000004	0.403575
136	tsk_136	(x)	1	:	0.000000	0.000000	0.000000	0.000000	0.000000	0.000000	0.259619	0.500001	0.000000	0.000006	0.240374
137	tsk_137	(x)	1	:	0.495036	0.000000	0.000000	0.000000	0.000000	0.000000	0.422837	0.000000	0.000000	0.000005	0.082121
138	tsk_138	(x)	1	:	0.494894	0.000000	0.000000	0.000000	0.000000	0.000000	0.001308	0.499716	0.000000	0.000000	0.004082
139	tsk_139	(x)	1	:	0.000000	0.000000	0.000000	0.000000	0.000000	0.000000	0.000000	1.000000	0.000000	0.000000	0.000000
140	tsk_140	(x)	1	:	0.000000	0.000000	0.000000	0.000000	0.000000	0.000000	0.000002	0.000000	0.999998	0.000000	0.000000
141	tsk_141	(x)	1	:	0.000000	0.000000	0.000000	0.000000	0.000000	0.409607	0.321505	0.000000	0.000000	0.000003	0.268885
142	tsk_142	(x)	1	:	0.000000	0.000000	0.000000	0.000000	0.000000	1.000000	0.000000	0.000000	0.000000	0.000000	0.000000
143	tsk_143	(x)	1	:	0.000000	0.000000	0.000000	0.000000	0.000000	1.000000	0.000000	0.000000	0.000000	0.000000	0.000000
144	tsk_144	(x)	1	:	0.000000	0.000000	0.000000	0.000000	0.488868	0.000000	0.294123	0.000000	0.000000	0.000005	0.217004
145	tsk_145	(x)	1	:	0.495036	0.000000	0.000000	0.000000	0.000000	0.000000	0.133878	0.000000	0.000000	0.000006	0.371080
146	tsk_146	(x)	1	:	0.000000	0.000000	0.000000	0.000000	0.488868	0.000000	0.395803	0.000000	0.000000	0.000005	0.115323
147	tsk_147	(x)	1	:	0.495007	0.000000	0.000000	0.000000	0.000000	0.409491	0.016926	0.000000	0.000000	0.000001	0.078575
148	tsk_148	(x)	1	:	0.000000	0.000000	0.000000	0.000000	0.000000	0.611116	0.212792	0.000000	0.000000	0.000002	0.176089
149	tsk_149	(x)	1	:	0.000000	0.000000	0.000000	0.000000	0.000000	0.000000	0.896419	0.000000	0.000000	0.000007	0.103574
