logL = -884.452709 (converged)
AIC = 6592.905418
BIC = 13854.557747

count.K
1 15 15 20 10 30 11 16 5 6 11 0 8 2 

