logL = -555.907825 (converged)
AIC = 5971.815650
BIC = 13287.659414

count.K
30 2 8 7 12 29 9 10 4 2 0 24 1 1 11 

