logL = -917.441826 (converged)
AIC = 5234.883652
BIC = 10352.963652

count.K
16 32 12 12 12 21 4 16 11 14 

