logL = -2998.188230 (converged)
AIC = 8216.376460
BIC = 11558.181636

count.K
3 54 37 9 30 17 

