logL = -1161.939676 (converged)
AIC = 3953.879352
BIC = 6407.547116

count.K
30 8 70 27 15 

