logL = -1545.586360 (converged)
AIC = 3551.172720
BIC = 4243.618838

count.K
86 64 

