logL = -1624.712786 (converged)
AIC = 7677.425571
BIC = 14342.972112

count.K
17 22 12 16 19 9 3 16 1 18 10 7 

