logL = -1557.985988 (converged)
AIC = 8583.971975
BIC = 16815.048870

count.K
13 0 0 28 34 5 3 0 6 31 1 11 6 12 

