0	tsk_0	(x)	1	:	0.000000	0.000000	0.000000	0.000000	0.491527	0.000000	0.508297	0.000000	0.000176	0.000000	0.000001	0.000000
1	tsk_1	(x)	1	:	0.000000	0.000000	0.000000	0.553716	0.000000	0.000000	0.000000	0.000000	0.000000	0.000000	0.000000	0.446284
2	tsk_2	(x)	1	:	0.497250	0.000000	0.000000	0.000000	0.000000	0.000000	0.502748	0.000000	0.000002	0.000000	0.000000	0.000000
3	tsk_3	(x)	1	:	0.000000	0.000000	0.000000	0.000000	0.000000	0.000000	0.999976	0.000000	0.000024	0.000000	0.000000	0.000000
4	tsk_4	(x)	1	:	1.000000	0.000000	0.000000	0.000000	0.000000	0.000000	0.000000	0.000000	0.000000	0.000000	0.000000	0.000000
5	tsk_5	(x)	1	:	0.000000	0.000000	0.000000	0.000000	0.491501	0.000000	0.508363	0.000000	0.000136	0.000000	0.000000	0.000000
6	tsk_6	(x)	1	:	1.000000	0.000000	0.000000	0.000000	0.000000	0.000000	0.000000	0.000000	0.000000	0.000000	0.000000	0.000000
7	tsk_7	(x)	1	:	0.000000	0.000000	0.000000	0.000000	0.000000	0.000000	0.617585	0.000000	0.000029	0.000000	0.382386	0.000000
8	tsk_8	(x)	1	:	0.000000	0.000000	0.000000	0.499136	0.000000	0.000000	0.500826	0.000000	0.000037	0.000000	0.000000	0.000000
9	tsk_9	(x)	1	:	0.499922	0.000000	0.000000	0.500078	0.000000	0.000000	0.000000	0.000000	0.000000	0.000000	0.000000	0.000000
10	tsk_10	(x)	1	:	0.000000	0.000000	0.000000	0.269584	0.000000	0.000000	0.000003	0.000000	0.000000	0.000000	0.490190	0.240223
11	tsk_11	(x)	1	:	0.000000	0.000000	0.000000	0.000000	0.000000	0.000000	0.000447	0.000000	0.999553	0.000000	0.000000	0.000000
12	tsk_12	(x)	1	:	0.015126	0.000000	0.000000	0.000000	0.000000	0.000000	0.000000	0.000000	0.000000	0.441847	0.543027	0.000000
13	tsk_13	(x)	1	:	0.000000	0.000000	0.000000	0.258880	0.000000	0.500896	0.000000	0.000000	0.000000	0.000000	0.000000	0.240224
14	tsk_14	(x)	1	:	0.000000	0.000000	0.000000	0.269581	0.000000	0.000000	0.000001	0.000000	0.000000	0.000000	0.490199	0.240219
15	tsk_15	(x)	1	:	0.000000	0.000000	0.000000	0.000000	0.000000	0.471836	0.000000	0.000000	0.000000	0.000000	0.528164	0.000000
16	tsk_16	(x)	1	:	0.000000	0.492411	0.000000	0.000000	0.000000	0.499944	0.007644	0.000000	0.000000	0.000000	0.000000	0.000000
17	tsk_17	(x)	1	:	0.000000	0.000000	0.000000	0.499197	0.000000	0.500802	0.000000	0.000000	0.000000	0.000000	0.000000	0.000001
18	tsk_18	(x)	1	:	0.045901	0.000000	0.000000	0.299032	0.000000	0.000000	0.000000	0.000000	0.000000	0.442854	0.000000	0.212212
19	tsk_19	(x)	1	:	0.000000	0.000000	0.000000	0.759630	0.000000	0.000000	0.000000	0.000000	0.000000	0.000000	0.000000	0.240370
20	tsk_20	(x)	1	:	0.000000	0.000000	0.000000	0.494613	0.000000	0.000000	0.000000	0.000000	0.000000	0.000000	0.000000	0.505387
21	tsk_21	(x)	1	:	0.000000	1.000000	0.000000	0.000000	0.000000	0.000000	0.000000	0.000000	0.000000	0.000000	0.000000	0.000000
22	tsk_22	(x)	1	:	0.000000	0.493767	0.000000	0.000000	0.000000	0.000000	0.123071	0.000000	0.000016	0.000000	0.383147	0.000000
23	tsk_23	(x)	1	:	0.000000	0.000000	0.000000	0.484317	0.000000	0.000000	0.000000	0.000000	0.000000	0.000000	0.515678	0.000004
24	tsk_24	(x)	1	:	0.000000	0.493445	0.000000	0.000000	0.000000	0.000000	0.123659	0.000000	0.000008	0.000000	0.382887	0.000000
25	tsk_25	(x)	1	:	0.000000	0.494001	0.000000	0.000000	0.000000	0.000000	0.122642	0.000000	0.000022	0.000000	0.383336	0.000000
26	tsk_26	(x)	1	:	0.000000	0.000000	0.000000	0.512461	0.000000	0.000000	0.000000	0.487539	0.000000	0.000000	0.000000	0.000001
27	tsk_27	(x)	1	:	0.000000	1.000000	0.000000	0.000000	0.000000	0.000000	0.000000	0.000000	0.000000	0.000000	0.000000	0.000000
28	tsk_28	(x)	1	:	0.000000	0.000000	0.000000	0.000000	0.000000	0.000000	0.617489	0.000000	0.000102	0.000000	0.382408	0.000000
29	tsk_29	(x)	1	:	0.000000	1.000000	0.000000	0.000000	0.000000	0.000000	0.000000	0.000000	0.000000	0.000000	0.000000	0.000000
30	tsk_30	(x)	1	:	0.000000	0.000000	0.000000	0.000000	0.470179	0.529821	0.000000	0.000000	0.000000	0.000000	0.000000	0.000000
31	tsk_31	(x)	1	:	0.000000	0.000000	0.000000	0.000000	1.000000	0.000000	0.000000	0.000000	0.000000	0.000000	0.000000	0.000000
32	tsk_32	(x)	1	:	0.000000	0.490375	0.000000	0.000000	0.000000	0.499657	0.009968	0.000000	0.000000	0.000000	0.000000	0.000000
33	tsk_33	(x)	1	:	0.000000	0.000000	0.000000	0.000000	1.000000	0.000000	0.000000	0.000000	0.000000	0.000000	0.000000	0.000000
34	tsk_34	(x)	1	:	0.000000	0.000000	0.000000	0.000000	0.470179	0.529821	0.000000	0.000000	0.000000	0.000000	0.000000	0.000000
35	tsk_35	(x)	1	:	0.000000	0.000000	0.000000	0.499093	0.000000	0.000000	0.500879	0.000000	0.000024	0.000000	0.000001	0.000003
36	tsk_36	(x)	1	:	0.000000	0.000000	0.000000	0.999998	0.000000	0.000000	0.000000	0.000000	0.000000	0.000000	0.000000	0.000002
37	tsk_37	(x)	1	:	0.000000	0.000000	0.000000	0.999987	0.000000	0.000000	0.000000	0.000000	0.000000	0.000000	0.000000	0.000012
38	tsk_38	(x)	1	:	0.000000	0.000000	0.000000	0.502963	0.497036	0.000000	0.000000	0.000000	0.000000	0.000000	0.000000	0.000000
39	tsk_39	(x)	1	:	0.000000	0.000000	0.000000	0.485902	0.514097	0.000000	0.000000	0.000000	0.000000	0.000000	0.000000	0.000000
40	tsk_40	(x)	1	:	0.000000	0.000000	0.000000	0.000000	1.000000	0.000000	0.000000	0.000000	0.000000	0.000000	0.000000	0.000000
41	tsk_41	(x)	1	:	0.000000	0.000000	0.000000	0.000000	0.529332	0.000000	0.470630	0.000000	0.000037	0.000000	0.000000	0.000000
42	tsk_42	(x)	1	:	0.000000	0.000000	0.000000	0.000000	0.000000	0.000000	0.000000	0.000000	0.000000	0.000000	1.000000	0.000000
43	tsk_43	(x)	1	:	0.000000	0.000000	0.000000	0.000000	1.000000	0.000000	0.000000	0.000000	0.000000	0.000000	0.000000	0.000000
44	tsk_44	(x)	1	:	0.000000	0.424120	0.000000	0.000000	0.000000	0.000000	0.000001	0.000000	0.000000	0.000000	0.575879	0.000000
45	tsk_45	(x)	1	:	0.000000	0.000000	0.484289	0.000000	0.000000	0.000000	0.515691	0.000000	0.000000	0.000000	0.000020	0.000000
46	tsk_46	(x)	1	:	0.000000	0.000000	0.531669	0.000000	0.000000	0.000000	0.468331	0.000000	0.000000	0.000000	0.000000	0.000000
47	tsk_47	(x)	1	:	0.000000	0.494720	0.000000	0.000000	0.491675	0.000000	0.013604	0.000000	0.000001	0.000000	0.000000	0.000000
48	tsk_48	(x)	1	:	0.000000	0.000000	0.496191	0.000000	0.503809	0.000000	0.000000	0.000000	0.000000	0.000000	0.000000	0.000000
49	tsk_49	(x)	1	:	0.000000	0.000000	0.000000	0.000000	0.462720	0.000000	0.000000	0.000000	0.000000	0.000000	0.537280	0.000000
50	tsk_50	(x)	1	:	0.000000	0.491923	0.000000	0.000000	0.000000	0.499875	0.008202	0.000000	0.000000	0.000000	0.000000	0.000000
51	tsk_51	(x)	1	:	0.000000	0.000000	0.000000	0.000000	0.000000	0.000000	0.500023	0.000000	0.000053	0.000000	0.000000	0.499923
52	tsk_52	(x)	1	:	0.000000	0.492809	0.000000	0.000000	0.000000	0.000000	0.507186	0.000000	0.000005	0.000000	0.000000	0.000000
53	tsk_53	(x)	1	:	0.000000	0.492814	0.000000	0.000000	0.000000	0.000000	0.507174	0.000000	0.000013	0.000000	0.000000	0.000000
54	tsk_54	(x)	1	:	0.000000	0.490464	0.000000	0.258518	0.000000	0.000000	0.010789	0.000000	0.000000	0.000000	0.000000	0.240228
55	tsk_55	(x)	1	:	0.000000	0.492809	0.000000	0.000000	0.000000	0.000000	0.507187	0.000000	0.000004	0.000000	0.000000	0.000000
56	tsk_56	(x)	1	:	0.000000	0.488806	0.000000	0.258391	0.000000	0.000000	0.012574	0.000000	0.000000	0.000000	0.000000	0.240230
57	tsk_57	(x)	1	:	0.000000	0.496863	0.000000	0.000000	0.000000	0.000000	0.003095	0.000000	0.000000	0.000000	0.000000	0.500042
58	tsk_58	(x)	1	:	0.499922	0.000000	0.000000	0.500078	0.000000	0.000000	0.000000	0.000000	0.000000	0.000000	0.000000	0.000000
59	tsk_59	(x)	1	:	0.000000	0.489150	0.000000	0.258429	0.000000	0.000000	0.012182	0.000000	0.000000	0.000000	0.000000	0.240238
60	tsk_60	(x)	1	:	0.000000	0.000000	0.000000	0.759619	0.000000	0.000000	0.000000	0.000000	0.000000	0.000000	0.000000	0.240381
61	tsk_61	(x)	1	:	0.000000	0.000000	0.000000	0.512461	0.000000	0.000000	0.000000	0.487539	0.000000	0.000000	0.000000	0.000000
62	tsk_62	(x)	1	:	0.000000	0.000000	0.000000	0.499197	0.000000	0.500803	0.000000	0.000000	0.000000	0.000000	0.000000	0.000000
63	tsk_63	(x)	1	:	0.000000	0.000000	0.000000	0.509917	0.000000	0.000000	0.000001	0.000000	0.000000	0.000000	0.490081	0.000000
64	tsk_64	(x)	1	:	0.000000	0.000000	0.000000	1.000000	0.000000	0.000000	0.000000	0.000000	0.000000	0.000000	0.000000	0.000000
65	tsk_65	(x)	1	:	0.000000	0.492338	0.000000	0.000000	0.000000	0.499934	0.007728	0.000000	0.000000	0.000000	0.000000	0.000000
66	tsk_66	(x)	1	:	0.000000	1.000000	0.000000	0.000000	0.000000	0.000000	0.000000	0.000000	0.000000	0.000000	0.000000	0.000000
67	tsk_67	(x)	1	:	0.000000	0.000000	0.000000	0.000000	0.000000	0.000000	0.000000	0.000000	0.000000	0.000000	0.000000	1.000000
68	tsk_68	(x)	1	:	0.000000	0.000000	0.000000	0.000000	0.000000	0.000000	0.000001	0.485624	0.000000	0.000000	0.514375	0.000000
69	tsk_69	(x)	1	:	0.000000	0.000000	0.000000	0.499422	0.000000	0.000000	0.500436	0.000000	0.000141	0.000000	0.000000	0.000001
70	tsk_70	(x)	1	:	0.000000	0.000000	0.000000	0.000000	0.511827	0.000000	0.000001	0.000000	0.000000	0.000000	0.488172	0.000000
71	tsk_71	(x)	1	:	0.000000	0.000000	0.000000	0.000000	0.000000	1.000000	0.000000	0.000000	0.000000	0.000000	0.000000	0.000000
72	tsk_72	(x)	1	:	0.505805	0.000000	0.000000	0.000000	0.494195	0.000000	0.000000	0.000000	0.000000	0.000000	0.000000	0.000000
73	tsk_73	(x)	1	:	0.324811	0.000000	0.000000	0.000000	0.000000	0.436732	0.000000	0.238458	0.000000	0.000000	0.000000	0.000000
74	tsk_74	(x)	1	:	0.000000	0.000000	0.000000	0.000000	0.000000	0.500025	0.499939	0.000000	0.000035	0.000000	0.000001	0.000000
75	tsk_75	(x)	1	:	0.000000	0.000000	0.000000	0.000000	0.000000	1.000000	0.000000	0.000000	0.000000	0.000000	0.000000	0.000000
76	tsk_76	(x)	1	:	0.000000	0.000000	0.000000	0.000000	0.000000	0.521756	0.000001	0.000000	0.000000	0.000000	0.478244	0.000000
77	tsk_77	(x)	1	:	0.000000	0.000000	0.000000	0.499197	0.000000	0.500803	0.000000	0.000000	0.000000	0.000000	0.000000	0.000000
78	tsk_78	(x)	1	:	0.000000	0.000000	0.000000	0.512461	0.000000	0.000000	0.000000	0.487539	0.000000	0.000000	0.000000	0.000000
79	tsk_79	(x)	1	:	0.498281	0.000000	0.000000	0.000000	0.000000	0.501719	0.000000	0.000000	0.000000	0.000000	0.000000	0.000000
80	tsk_80	(x)	1	:	0.497250	0.000000	0.000000	0.000000	0.000000	0.000000	0.502748	0.000000	0.000001	0.000000	0.000000	0.000000
81	tsk_81	(x)	1	:	0.000000	0.000000	0.000000	0.000000	0.000000	0.500033	0.499918	0.000000	0.000047	0.000000	0.000001	0.000000
82	tsk_82	(x)	1	:	0.497250	0.000000	0.000000	0.000000	0.000000	0.000000	0.502750	0.000000	0.000000	0.000000	0.000000	0.000000
83	tsk_83	(x)	1	:	0.000000	0.000000	0.000000	0.000000	0.000000	0.000000	0.617500	0.000000	0.000094	0.000000	0.382406	0.000000
84	tsk_84	(x)	1	:	0.000000	0.000000	0.000000	0.000000	0.000000	0.000000	0.999847	0.000000	0.000153	0.000000	0.000000	0.000000
85	tsk_85	(x)	1	:	0.000000	0.000000	0.000000	0.000000	0.000000	0.500071	0.499827	0.000000	0.000102	0.000000	0.000001	0.000000
86	tsk_86	(x)	1	:	0.000000	0.000000	0.000000	0.000000	0.000000	0.000000	0.999996	0.000000	0.000004	0.000000	0.000000	0.000000
87	tsk_87	(x)	1	:	0.497250	0.000000	0.000000	0.000000	0.000000	0.000000	0.502748	0.000000	0.000002	0.000000	0.000000	0.000000
88	tsk_88	(x)	1	:	0.000000	0.000000	0.000000	0.000000	0.470179	0.529821	0.000000	0.000000	0.000000	0.000000	0.000000	0.000000
89	tsk_89	(x)	1	:	0.000000	0.000000	0.000000	0.000000	0.000000	0.500018	0.499956	0.000000	0.000025	0.000000	0.000001	0.000000
90	tsk_90	(x)	1	:	0.000000	0.000000	0.000000	0.000000	0.000000	0.000000	0.499847	0.000000	0.000095	0.000000	0.000000	0.500058
91	tsk_91	(x)	1	:	0.505805	0.000000	0.000000	0.000000	0.494195	0.000000	0.000000	0.000000	0.000000	0.000000	0.000000	0.000000
92	tsk_92	(x)	1	:	0.000000	0.000000	0.000000	0.000000	0.491464	0.000000	0.508455	0.000000	0.000081	0.000000	0.000001	0.000000
93	tsk_93	(x)	1	:	0.000000	0.000000	0.000000	0.000000	0.470179	0.529821	0.000000	0.000000	0.000000	0.000000	0.000000	0.000000
94	tsk_94	(x)	1	:	0.000000	0.000000	0.000000	0.000000	0.491445	0.000000	0.508501	0.000000	0.000054	0.000000	0.000001	0.000000
95	tsk_95	(x)	1	:	0.058290	0.000000	0.000000	0.000000	0.000000	0.000000	0.000000	0.000000	0.000000	0.443021	0.000000	0.498690
96	tsk_96	(x)	1	:	1.000000	0.000000	0.000000	0.000000	0.000000	0.000000	0.000000	0.000000	0.000000	0.000000	0.000000	0.000000
97	tsk_97	(x)	1	:	0.054587	0.000000	0.000000	0.000000	0.000000	0.000000	0.502591	0.000001	0.000001	0.442821	0.000000	0.000000
98	tsk_98	(x)	1	:	0.000000	0.492808	0.000000	0.000000	0.000000	0.000000	0.507190	0.000000	0.000002	0.000000	0.000000	0.000000
99	tsk_99	(x)	1	:	0.000000	0.000000	0.000000	0.000000	0.000000	0.000000	0.999994	0.000000	0.000006	0.000000	0.000000	0.000000
100	tsk_100	(x)	1	:	0.544213	0.000000	0.000000	0.000000	0.000000	0.000000	0.455782	0.000000	0.000005	0.000000	0.000000	0.000000
101	tsk_101	(x)	1	:	0.000000	0.000000	0.000000	0.000000	0.491543	0.000000	0.508254	0.000000	0.000202	0.000000	0.000001	0.000000
102	tsk_102	(x)	1	:	1.000000	0.000000	0.000000	0.000000	0.000000	0.000000	0.000000	0.000000	0.000000	0.000000	0.000000	0.000000
103	tsk_103	(x)	1	:	0.000000	0.000000	0.000000	0.000000	0.491424	0.000000	0.508550	0.000000	0.000024	0.000000	0.000001	0.000000
104	tsk_104	(x)	1	:	0.501285	0.000000	0.000000	0.000000	0.000000	0.000000	0.000000	0.000000	0.000000	0.000000	0.000000	0.498715
105	tsk_105	(x)	1	:	0.810544	0.000000	0.000000	0.000000	0.000000	0.000000	0.000000	0.000000	0.000000	0.189456	0.000000	0.000000
106	tsk_106	(x)	1	:	0.000000	0.000000	0.000000	0.000000	0.000000	0.000000	0.500133	0.000000	0.000027	0.000000	0.000000	0.499840
107	tsk_107	(x)	1	:	0.498907	0.501093	0.000000	0.000000	0.000000	0.000000	0.000000	0.000000	0.000000	0.000000	0.000000	0.000000
108	tsk_108	(x)	1	:	0.000000	0.000000	0.000000	0.000000	0.000000	0.000000	0.000000	0.000000	0.000000	0.000000	0.000000	1.000000
109	tsk_109	(x)	1	:	0.810544	0.000000	0.000000	0.000000	0.000000	0.000000	0.000000	0.000000	0.000000	0.189456	0.000000	0.000000
110	tsk_110	(x)	1	:	0.000000	0.000000	0.000000	0.000000	0.000000	0.000000	0.999982	0.000000	0.000018	0.000000	0.000000	0.000000
111	tsk_111	(x)	1	:	0.000000	0.000000	0.000000	0.000000	0.491670	0.000000	0.507920	0.000000	0.000409	0.000000	0.000001	0.000000
112	tsk_112	(x)	1	:	0.000000	0.491771	0.000000	0.498945	0.000000	0.000000	0.009283	0.000000	0.000000	0.000000	0.000000	0.000000
113	tsk_113	(x)	1	:	0.000000	0.000000	0.000000	0.000000	0.000000	0.000000	0.606776	0.235215	0.000025	0.000000	0.157984	0.000000
114	tsk_114	(x)	1	:	0.000000	0.000000	0.000000	0.000000	0.000000	0.500045	0.499891	0.000000	0.000064	0.000000	0.000001	0.000000
115	tsk_115	(x)	1	:	0.000000	0.000000	0.000000	0.000000	0.000000	0.000000	0.999955	0.000000	0.000045	0.000000	0.000000	0.000000
116	tsk_116	(x)	1	:	0.000000	0.000000	0.000000	0.502963	0.497036	0.000000	0.000000	0.000000	0.000000	0.000000	0.000000	0.000000
117	tsk_117	(x)	1	:	0.000000	0.000000	0.000000	0.499197	0.000000	0.500803	0.000000	0.000000	0.000000	0.000000	0.000000	0.000000
118	tsk_118	(x)	1	:	0.000000	0.000000	0.000000	0.000000	0.000000	0.500118	0.499708	0.000000	0.000173	0.000000	0.000001	0.000000
119	tsk_119	(x)	1	:	0.000000	0.000000	0.000000	0.000000	1.000000	0.000000	0.000000	0.000000	0.000000	0.000000	0.000000	0.000000
120	tsk_120	(x)	1	:	0.000000	0.492683	0.000000	0.000000	0.491390	0.000000	0.015927	0.000000	0.000000	0.000000	0.000000	0.000000
121	tsk_121	(x)	1	:	0.505805	0.000000	0.000000	0.000000	0.494195	0.000000	0.000000	0.000000	0.000000	0.000000	0.000000	0.000000
122	tsk_122	(x)	1	:	0.000000	0.000000	0.000000	0.000000	1.000000	0.000000	0.000000	0.000000	0.000000	0.000000	0.000000	0.000000
123	tsk_123	(x)	1	:	1.000000	0.000000	0.000000	0.000000	0.000000	0.000000	0.000000	0.000000	0.000000	0.000000	0.000000	0.000000
124	tsk_124	(x)	1	:	0.000000	1.000000	0.000000	0.000000	0.000000	0.000000	0.000000	0.000000	0.000000	0.000000	0.000000	0.000000
125	tsk_125	(x)	1	:	0.000000	1.000000	0.000000	0.000000	0.000000	0.000000	0.000000	0.000000	0.000000	0.000000	0.000000	0.000000
126	tsk_126	(x)	1	:	0.000000	0.000000	0.000000	0.000000	1.000000	0.000000	0.000000	0.000000	0.000000	0.000000	0.000000	0.000000
127	tsk_127	(x)	1	:	0.000000	0.000000	0.000000	0.232317	0.497033	0.000000	0.000000	0.000000	0.000000	0.000000	0.000000	0.270650
128	tsk_128	(x)	1	:	0.000000	0.000000	0.000000	0.232318	0.497029	0.000000	0.000000	0.000000	0.000000	0.000000	0.000000	0.270653
129	tsk_129	(x)	1	:	0.505805	0.000000	0.000000	0.000000	0.494195	0.000000	0.000000	0.000000	0.000000	0.000000	0.000000	0.000000
130	tsk_130	(x)	1	:	0.000000	0.000000	0.000000	0.518395	0.481605	0.000000	0.000000	0.000000	0.000000	0.000000	0.000000	0.000000
131	tsk_131	(x)	1	:	0.497253	0.000000	0.000000	0.000000	0.000000	0.000000	0.502740	0.000000	0.000008	0.000000	0.000000	0.000000
132	tsk_132	(x)	1	:	0.000000	0.000000	0.000000	0.000000	0.165487	0.296483	0.000000	0.538030	0.000000	0.000000	0.000000	0.000000
133	tsk_133	(x)	1	:	0.000000	0.000000	0.000000	0.000000	0.000000	0.000000	0.398608	0.601353	0.000039	0.000000	0.000000	0.000000
134	tsk_134	(x)	1	:	0.000000	0.000000	0.000000	0.499140	0.000000	0.000000	0.500820	0.000000	0.000039	0.000000	0.000000	0.000001
135	tsk_135	(x)	1	:	0.000000	0.000000	0.000000	0.518395	0.481605	0.000000	0.000000	0.000000	0.000000	0.000000	0.000000	0.000000
136	tsk_136	(x)	1	:	0.000000	0.000000	0.000000	0.451785	0.000000	0.000000	0.286125	0.262070	0.000019	0.000000	0.000000	0.000000
137	tsk_137	(x)	1	:	0.000000	0.000000	0.000000	0.499197	0.000000	0.500803	0.000000	0.000000	0.000000	0.000000	0.000000	0.000000
138	tsk_138	(x)	1	:	0.499922	0.000000	0.000000	0.500078	0.000000	0.000000	0.000000	0.000000	0.000000	0.000000	0.000000	0.000000
139	tsk_139	(x)	1	:	0.499922	0.000000	0.000000	0.500078	0.000000	0.000000	0.000000	0.000000	0.000000	0.000000	0.000000	0.000000
140	tsk_140	(x)	1	:	0.498907	0.501093	0.000000	0.000000	0.000000	0.000000	0.000000	0.000000	0.000000	0.000000	0.000000	0.000000
141	tsk_141	(x)	1	:	0.000000	1.000000	0.000000	0.000000	0.000000	0.000000	0.000000	0.000000	0.000000	0.000000	0.000000	0.000000
142	tsk_142	(x)	1	:	0.000000	0.000000	0.000000	0.000000	1.000000	0.000000	0.000000	0.000000	0.000000	0.000000	0.000000	0.000000
143	tsk_143	(x)	1	:	0.571550	0.000000	0.000000	0.000000	0.000000	0.000000	0.000000	0.428450	0.000000	0.000000	0.000000	0.000000
144	tsk_144	(x)	1	:	1.000000	0.000000	0.000000	0.000000	0.000000	0.000000	0.000000	0.000000	0.000000	0.000000	0.000000	0.000000
145	tsk_145	(x)	1	:	0.000000	0.488292	0.000000	0.258348	0.000000	0.000000	0.013132	0.000000	0.000000	0.000000	0.000000	0.240228
146	tsk_146	(x)	1	:	1.000000	0.000000	0.000000	0.000000	0.000000	0.000000	0.000000	0.000000	0.000000	0.000000	0.000000	0.000000
147	tsk_147	(x)	1	:	0.000000	0.000000	0.000000	0.000000	0.588063	0.411936	0.000000	0.000000	0.000000	0.000000	0.000000	0.000000
148	tsk_148	(x)	1	:	0.000000	0.000000	0.000000	0.245609	0.514147	0.000000	0.000000	0.000000	0.000000	0.000000	0.000000	0.240245
149	tsk_149	(x)	1	:	0.000000	0.000000	0.000000	0.000000	1.000000	0.000000	0.000000	0.000000	0.000000	0.000000	0.000000	0.000000
