0	tsk_0	(x)	1	:	0.004771	0.000000	0.000000	0.000000	0.000000	0.000000	0.000000	0.504159	0.000000	0.000000	0.000000	0.000000	0.000000	0.000000	0.491069
1	tsk_1	(x)	1	:	0.002332	0.000000	0.507570	0.000000	0.000000	0.000000	0.000000	0.000000	0.000000	0.000000	0.000000	0.000000	0.000000	0.000000	0.490098
2	tsk_2	(x)	1	:	0.000000	0.000000	0.000000	0.000000	0.000000	0.000000	0.000000	0.000000	0.000000	0.000000	0.000000	0.000000	0.000000	0.000000	1.000000
3	tsk_3	(x)	1	:	0.000000	0.000000	0.000000	0.000000	0.000000	0.000000	0.000000	0.000000	0.000000	0.000000	0.000000	0.000000	0.000000	0.445887	0.554113
4	tsk_4	(x)	1	:	0.000007	0.000000	0.509023	0.000000	0.490878	0.000000	0.000000	0.000000	0.000092	0.000000	0.000000	0.000000	0.000000	0.000000	0.000000
5	tsk_5	(x)	1	:	0.000000	0.000000	0.000000	0.438948	0.000000	0.000000	0.000000	0.000000	0.000000	0.000000	0.000000	0.000000	0.561052	0.000000	0.000000
6	tsk_6	(x)	1	:	0.001005	0.000000	0.000000	0.000000	0.000000	0.004553	0.000000	0.000000	0.498489	0.000000	0.000000	0.000000	0.000000	0.495953	0.000000
7	tsk_7	(x)	1	:	0.000643	0.000000	0.502652	0.000000	0.000000	0.000000	0.000000	0.000000	0.496704	0.000000	0.000000	0.000000	0.000000	0.000000	0.000000
8	tsk_8	(x)	1	:	0.002360	0.000000	0.507556	0.000000	0.000000	0.000000	0.000000	0.000000	0.000000	0.000000	0.000000	0.000000	0.000000	0.000000	0.490084
9	tsk_9	(x)	1	:	0.000000	0.000000	0.000000	0.000000	0.247965	0.000000	0.000000	0.000000	0.752034	0.000000	0.000000	0.000000	0.000000	0.000000	0.000000
10	tsk_10	(x)	1	:	0.000712	0.000000	0.000000	0.000000	0.000000	0.000000	0.000000	0.000000	0.499388	0.000000	0.000000	0.000000	0.000000	0.499900	0.000000
11	tsk_11	(x)	1	:	0.000000	0.000000	0.000000	0.000000	0.000000	0.000000	0.000000	0.000000	0.000000	0.000000	0.000000	0.000000	0.000000	1.000000	0.000000
12	tsk_12	(x)	1	:	0.000000	0.000000	0.000000	0.000000	0.000000	0.500000	0.000000	0.000000	0.000000	0.000000	0.000000	0.000000	0.000000	0.500000	0.000000
13	tsk_13	(x)	1	:	0.000281	0.000000	0.000000	0.000000	0.000000	0.000000	0.000000	0.000000	0.499758	0.000000	0.000000	0.000000	0.000000	0.499961	0.000000
14	tsk_14	(x)	1	:	0.001033	0.000000	0.000000	0.000000	0.000000	0.000000	0.000000	0.000000	0.499112	0.000000	0.000000	0.000000	0.000000	0.499855	0.000000
15	tsk_15	(x)	1	:	0.004346	0.000000	0.000000	0.000000	0.000000	0.005841	0.000000	0.000000	0.000000	0.000000	0.000000	0.000000	0.000000	0.497073	0.492739
16	tsk_16	(x)	1	:	0.000700	0.000000	0.000000	0.000000	0.000000	0.002067	0.000000	0.000000	0.499104	0.000000	0.000000	0.000000	0.000000	0.498129	0.000000
17	tsk_17	(x)	1	:	0.000000	0.000000	0.000000	0.000000	0.000000	0.500000	0.000000	0.000000	0.000000	0.000000	0.000000	0.000000	0.000000	0.500000	0.000000
18	tsk_18	(x)	1	:	0.000000	0.000000	0.000000	0.000000	0.000000	0.000000	0.000000	0.000000	0.000000	0.000000	0.000000	0.000000	0.000000	1.000000	0.000000
19	tsk_19	(x)	1	:	0.000000	0.000000	0.000000	0.000000	0.000000	0.000000	0.000000	0.000000	0.000000	0.000000	0.000000	0.000000	0.000000	1.000000	0.000000
20	tsk_20	(x)	1	:	0.000000	0.000000	0.000000	0.000000	0.000000	0.000000	0.999952	0.000000	0.000048	0.000000	0.000000	0.000000	0.000000	0.000000	0.000000
21	tsk_21	(x)	1	:	0.001093	0.000000	0.000000	0.000000	0.000000	0.499821	0.000000	0.000000	0.499085	0.000000	0.000000	0.000000	0.000000	0.000000	0.000000
22	tsk_22	(x)	1	:	0.001298	0.000000	0.000000	0.000000	0.000000	0.000000	0.000000	0.499571	0.499130	0.000000	0.000000	0.000000	0.000000	0.000000	0.000000
23	tsk_23	(x)	1	:	0.000000	0.000000	0.000000	0.000000	0.000000	0.000000	0.000000	0.000000	1.000000	0.000000	0.000000	0.000000	0.000000	0.000000	0.000000
24	tsk_24	(x)	1	:	0.000000	0.000000	0.000000	0.000000	0.000000	1.000000	0.000000	0.000000	0.000000	0.000000	0.000000	0.000000	0.000000	0.000000	0.000000
25	tsk_25	(x)	1	:	0.001298	0.000000	0.000000	0.000000	0.000000	0.000000	0.000000	0.499572	0.499131	0.000000	0.000000	0.000000	0.000000	0.000000	0.000000
26	tsk_26	(x)	1	:	0.000955	0.000000	0.000000	0.000000	0.000000	0.499844	0.000000	0.000000	0.499201	0.000000	0.000000	0.000000	0.000000	0.000000	0.000000
27	tsk_27	(x)	1	:	0.000000	0.000000	0.000000	0.000000	0.000000	0.000000	0.999995	0.000000	0.000005	0.000000	0.000000	0.000000	0.000000	0.000000	0.000000
28	tsk_28	(x)	1	:	0.000000	0.000000	0.000000	0.000000	0.000000	0.000000	0.000000	0.000000	1.000000	0.000000	0.000000	0.000000	0.000000	0.000000	0.000000
29	tsk_29	(x)	1	:	0.001102	0.000000	0.000000	0.000000	0.000000	0.499820	0.000000	0.000000	0.499078	0.000000	0.000000	0.000000	0.000000	0.000000	0.000000
30	tsk_30	(x)	1	:	0.000000	0.320883	0.000000	0.000000	0.000000	0.679117	0.000000	0.000000	0.000000	0.000000	0.000000	0.000000	0.000000	0.000000	0.000000
31	tsk_31	(x)	1	:	0.000551	0.000000	0.000000	0.499975	0.000000	0.000000	0.000000	0.499475	0.000000	0.000000	0.000000	0.000000	0.000000	0.000000	0.000000
32	tsk_32	(x)	1	:	0.000000	0.000000	0.000000	1.000000	0.000000	0.000000	0.000000	0.000000	0.000000	0.000000	0.000000	0.000000	0.000000	0.000000	0.000000
33	tsk_33	(x)	1	:	0.000000	0.000000	0.000000	1.000000	0.000000	0.000000	0.000000	0.000000	0.000000	0.000000	0.000000	0.000000	0.000000	0.000000	0.000000
34	tsk_34	(x)	1	:	0.000000	0.000000	0.000000	1.000000	0.000000	0.000000	0.000000	0.000000	0.000000	0.000000	0.000000	0.000000	0.000000	0.000000	0.000000
35	tsk_35	(x)	1	:	0.000000	0.000000	0.000000	1.000000	0.000000	0.000000	0.000000	0.000000	0.000000	0.000000	0.000000	0.000000	0.000000	0.000000	0.000000
36	tsk_36	(x)	1	:	0.000000	0.000000	0.001768	0.439163	0.000000	0.000000	0.000000	0.000000	0.000000	0.000000	0.000000	0.000000	0.559069	0.000000	0.000000
37	tsk_37	(x)	1	:	0.000000	0.000000	0.000000	0.500000	0.000000	0.000000	0.000000	0.500000	0.000000	0.000000	0.000000	0.000000	0.000000	0.000000	0.000000
38	tsk_38	(x)	1	:	0.000000	0.000000	0.000737	0.439037	0.000000	0.000000	0.000000	0.000000	0.000000	0.000000	0.000000	0.000000	0.560226	0.000000	0.000000
39	tsk_39	(x)	1	:	0.000000	0.000000	0.000000	1.000000	0.000000	0.000000	0.000000	0.000000	0.000000	0.000000	0.000000	0.000000	0.000000	0.000000	0.000000
40	tsk_40	(x)	1	:	0.004498	0.412300	0.495483	0.000000	0.000000	0.064374	0.000000	0.000000	0.000000	0.000000	0.000000	0.000000	0.000000	0.023345	0.000000
41	tsk_41	(x)	1	:	0.497301	0.000000	0.000000	0.000000	0.000000	0.502699	0.000000	0.000000	0.000000	0.000000	0.000000	0.000000	0.000000	0.000000	0.000000
42	tsk_42	(x)	1	:	0.497677	0.408395	0.000000	0.000000	0.000000	0.093928	0.000000	0.000000	0.000000	0.000000	0.000000	0.000000	0.000000	0.000000	0.000000
43	tsk_43	(x)	1	:	0.000000	0.000000	0.000000	1.000000	0.000000	0.000000	0.000000	0.000000	0.000000	0.000000	0.000000	0.000000	0.000000	0.000000	0.000000
44	tsk_44	(x)	1	:	0.497666	0.408327	0.000000	0.000000	0.000000	0.094007	0.000000	0.000000	0.000000	0.000000	0.000000	0.000000	0.000000	0.000000	0.000000
45	tsk_45	(x)	1	:	0.000000	0.000000	0.000000	0.500000	0.000000	0.500000	0.000000	0.000000	0.000000	0.000000	0.000000	0.000000	0.000000	0.000000	0.000000
46	tsk_46	(x)	1	:	0.000000	0.000000	0.000000	0.463637	0.000000	0.000000	0.000000	0.000000	0.000000	0.000000	0.536362	0.000000	0.000000	0.000000	0.000000
47	tsk_47	(x)	1	:	0.000384	0.000000	0.501952	0.000000	0.000000	0.000000	0.000000	0.497664	0.000000	0.000000	0.000000	0.000000	0.000000	0.000000	0.000000
48	tsk_48	(x)	1	:	0.002388	0.000000	0.507542	0.000000	0.000000	0.000000	0.000000	0.000000	0.000000	0.000000	0.000000	0.000000	0.000000	0.000000	0.490070
49	tsk_49	(x)	1	:	0.486524	0.000000	0.000000	0.000000	0.000000	0.000000	0.000000	0.000000	0.513476	0.000000	0.000000	0.000000	0.000000	0.000000	0.000000
50	tsk_50	(x)	1	:	0.493255	0.000000	0.000000	0.000000	0.000000	0.000000	0.000000	0.506744	0.000000	0.000000	0.000000	0.000000	0.000000	0.000000	0.000000
51	tsk_51	(x)	1	:	0.000336	0.000000	0.000000	0.000000	0.000000	0.000000	0.000000	0.499747	0.000000	0.000000	0.000000	0.000000	0.000000	0.499917	0.000000
52	tsk_52	(x)	1	:	0.002510	0.000000	0.497292	0.000000	0.000000	0.485042	0.000000	0.000000	0.000000	0.000000	0.000000	0.000000	0.000000	0.015156	0.000000
53	tsk_53	(x)	1	:	0.000000	0.000000	0.000000	0.000000	0.000000	0.000000	0.000000	0.000000	0.000000	0.000000	0.000000	0.000000	0.000000	0.000000	1.000000
54	tsk_54	(x)	1	:	0.000000	0.408694	0.000000	0.000000	0.000000	0.089054	0.000000	0.000000	0.000000	0.000000	0.000000	0.000000	0.000000	0.502253	0.000000
55	tsk_55	(x)	1	:	0.000000	0.000000	0.000000	0.000000	0.000000	0.000000	0.000000	0.000000	0.000000	0.000000	0.000000	0.000000	0.000000	0.000000	1.000000
56	tsk_56	(x)	1	:	0.487375	0.512625	0.000000	0.000000	0.000000	0.000000	0.000000	0.000000	0.000000	0.000000	0.000000	0.000000	0.000000	0.000000	0.000000
57	tsk_57	(x)	1	:	0.007299	0.408598	0.000000	0.000000	0.000000	0.092769	0.000000	0.000000	0.000000	0.000000	0.000000	0.000000	0.000000	0.000000	0.491334
58	tsk_58	(x)	1	:	0.000000	0.000000	0.000000	0.000000	0.000000	0.000000	0.000000	1.000000	0.000000	0.000000	0.000000	0.000000	0.000000	0.000000	0.000000
59	tsk_59	(x)	1	:	0.000000	0.408696	0.000000	0.000000	0.000000	0.089049	0.000000	0.000000	0.000000	0.000000	0.000000	0.000000	0.000000	0.502255	0.000000
60	tsk_60	(x)	1	:	0.000000	0.000000	0.000000	0.000000	0.000000	1.000000	0.000000	0.000000	0.000000	0.000000	0.000000	0.000000	0.000000	0.000000	0.000000
61	tsk_61	(x)	1	:	0.000000	0.000000	0.000000	0.000000	0.000000	0.000000	0.000000	0.000000	1.000000	0.000000	0.000000	0.000000	0.000000	0.000000	0.000000
62	tsk_62	(x)	1	:	0.486524	0.000000	0.000000	0.000000	0.000000	0.000000	0.000000	0.000000	0.513476	0.000000	0.000000	0.000000	0.000000	0.000000	0.000000
63	tsk_63	(x)	1	:	0.497301	0.000000	0.000000	0.000000	0.000000	0.502699	0.000000	0.000000	0.000000	0.000000	0.000000	0.000000	0.000000	0.000000	0.000000
64	tsk_64	(x)	1	:	0.000942	0.000000	0.000000	0.499957	0.000000	0.000000	0.000000	0.499101	0.000000	0.000000	0.000000	0.000000	0.000000	0.000000	0.000000
65	tsk_65	(x)	1	:	0.496781	0.000000	0.000000	0.000000	0.000000	0.005840	0.000000	0.000000	0.000000	0.000000	0.000000	0.000000	0.000000	0.497379	0.000000
66	tsk_66	(x)	1	:	1.000000	0.000000	0.000000	0.000000	0.000000	0.000000	0.000000	0.000000	0.000000	0.000000	0.000000	0.000000	0.000000	0.000000	0.000000
67	tsk_67	(x)	1	:	0.486524	0.000000	0.000000	0.000000	0.000000	0.000000	0.000000	0.000000	0.513476	0.000000	0.000000	0.000000	0.000000	0.000000	0.000000
68	tsk_68	(x)	1	:	0.607349	0.000000	0.000000	0.000000	0.000000	0.000000	0.000000	0.000000	0.000000	0.000000	0.000000	0.000000	0.000000	0.000000	0.392651
69	tsk_69	(x)	1	:	0.486524	0.000000	0.000000	0.000000	0.000000	0.000000	0.000000	0.000000	0.513476	0.000000	0.000000	0.000000	0.000000	0.000000	0.000000
70	tsk_70	(x)	1	:	0.001313	0.000000	0.000000	0.000000	0.000000	0.499785	0.000000	0.000000	0.498901	0.000000	0.000000	0.000000	0.000000	0.000000	0.000000
71	tsk_71	(x)	1	:	0.000000	0.000000	0.000000	0.499927	0.000000	0.003022	0.000000	0.000000	0.000000	0.000000	0.000000	0.000000	0.000000	0.497051	0.000000
72	tsk_72	(x)	1	:	0.000000	0.000000	0.001681	0.439152	0.000000	0.000000	0.000000	0.000000	0.000000	0.000000	0.000000	0.000000	0.559167	0.000000	0.000000
73	tsk_73	(x)	1	:	0.002371	0.000000	0.497424	0.000000	0.000000	0.485283	0.000000	0.000000	0.000000	0.000000	0.000000	0.000000	0.000000	0.014922	0.000000
74	tsk_74	(x)	1	:	0.000671	0.000000	0.000000	0.000000	0.000000	0.004138	0.000000	0.000000	0.498835	0.000000	0.000000	0.000000	0.000000	0.496356	0.000000
75	tsk_75	(x)	1	:	0.000822	0.000000	0.000000	0.000000	0.000000	0.004522	0.000000	0.000000	0.498651	0.000000	0.000000	0.000000	0.000000	0.496005	0.000000
76	tsk_76	(x)	1	:	0.000000	0.000000	0.000000	0.499927	0.000000	0.003018	0.000000	0.000000	0.000000	0.000000	0.000000	0.000000	0.000000	0.497055	0.000000
77	tsk_77	(x)	1	:	0.001166	0.000000	0.000000	0.000000	0.000000	0.499809	0.000000	0.000000	0.499025	0.000000	0.000000	0.000000	0.000000	0.000000	0.000000
78	tsk_78	(x)	1	:	0.000000	0.000000	0.000000	0.000000	0.000000	0.000000	0.000000	0.000000	1.000000	0.000000	0.000000	0.000000	0.000000	0.000000	0.000000
79	tsk_79	(x)	1	:	0.000000	0.000000	0.000000	0.500000	0.000000	0.000000	0.000000	0.000000	0.500000	0.000000	0.000000	0.000000	0.000000	0.000000	0.000000
80	tsk_80	(x)	1	:	0.000000	0.000000	0.000000	0.000000	0.000000	0.000000	0.000000	0.000000	0.000000	0.000000	0.000000	0.000000	0.000000	0.000000	1.000000
81	tsk_81	(x)	1	:	0.011964	0.000000	0.000000	0.000000	0.000000	0.000000	0.000000	0.242590	0.000000	0.255319	0.000000	0.000015	0.000000	0.000000	0.490112
82	tsk_82	(x)	1	:	0.004878	0.000000	0.000000	0.000000	0.000000	0.000000	0.000000	0.504106	0.000000	0.000000	0.000000	0.000000	0.000000	0.000000	0.491016
83	tsk_83	(x)	1	:	0.000000	0.000000	0.000555	0.439015	0.000000	0.000000	0.000000	0.000000	0.000000	0.000000	0.000000	0.000000	0.560430	0.000000	0.000000
84	tsk_84	(x)	1	:	0.004919	0.000000	0.000000	0.000000	0.000000	0.000000	0.000000	0.504085	0.000000	0.000000	0.000000	0.000000	0.000000	0.000000	0.490995
85	tsk_85	(x)	1	:	0.004530	0.000000	0.000000	0.000000	0.000000	0.000000	0.000000	0.504280	0.000000	0.000000	0.000000	0.000000	0.000000	0.000000	0.491190
86	tsk_86	(x)	1	:	0.004989	0.000000	0.000000	0.000000	0.000000	0.000000	0.000000	0.504051	0.000000	0.000000	0.000000	0.000000	0.000000	0.000000	0.490961
87	tsk_87	(x)	1	:	0.000000	0.000000	0.000000	0.000000	0.000000	0.000000	0.000000	0.751553	0.000000	0.248447	0.000000	0.000000	0.000000	0.000000	0.000000
88	tsk_88	(x)	1	:	0.001897	0.000000	0.000000	0.000000	0.000000	0.000000	0.000000	0.232367	0.505916	0.259819	0.000000	0.000000	0.000000	0.000000	0.000000
89	tsk_89	(x)	1	:	0.001695	0.000000	0.000000	0.000000	0.000000	0.000000	0.000000	0.499440	0.498864	0.000000	0.000000	0.000000	0.000000	0.000000	0.000000
90	tsk_90	(x)	1	:	0.003858	0.487439	0.000000	0.000000	0.000000	0.000000	0.000000	0.000000	0.508703	0.000000	0.000000	0.000000	0.000000	0.000000	0.000000
91	tsk_91	(x)	1	:	0.000000	0.418964	0.000000	0.000000	0.504834	0.076201	0.000000	0.000000	0.000000	0.000000	0.000000	0.000000	0.000000	0.000000	0.000000
92	tsk_92	(x)	1	:	0.000000	0.000000	0.000000	1.000000	0.000000	0.000000	0.000000	0.000000	0.000000	0.000000	0.000000	0.000000	0.000000	0.000000	0.000000
93	tsk_93	(x)	1	:	0.000000	0.579968	0.000000	0.000000	0.000000	0.000000	0.000000	0.000000	0.000000	0.000000	0.000000	0.000000	0.000000	0.420031	0.000000
94	tsk_94	(x)	1	:	0.001495	0.000000	0.000000	0.000000	0.000000	0.000000	0.000000	0.499507	0.498999	0.000000	0.000000	0.000000	0.000000	0.000000	0.000000
95	tsk_95	(x)	1	:	0.001672	0.408771	0.000000	0.000000	0.000000	0.090441	0.000000	0.499117	0.000000	0.000000	0.000000	0.000000	0.000000	0.000000	0.000000
96	tsk_96	(x)	1	:	0.001180	0.000000	0.000000	0.000000	0.000000	0.000000	0.000000	0.499610	0.499209	0.000000	0.000000	0.000000	0.000000	0.000000	0.000000
97	tsk_97	(x)	1	:	0.001771	0.410254	0.000000	0.000000	0.251421	0.088901	0.000000	0.000000	0.247654	0.000000	0.000000	0.000000	0.000000	0.000000	0.000000
98	tsk_98	(x)	1	:	0.003118	0.487547	0.000000	0.000000	0.000000	0.000000	0.000000	0.000000	0.509335	0.000000	0.000000	0.000000	0.000000	0.000000	0.000000
99	tsk_99	(x)	1	:	0.000000	0.000000	0.000000	1.000000	0.000000	0.000000	0.000000	0.000000	0.000000	0.000000	0.000000	0.000000	0.000000	0.000000	0.000000
100	tsk_100	(x)	1	:	0.003685	0.487464	0.000000	0.000000	0.000000	0.000000	0.000000	0.000000	0.508851	0.000000	0.000000	0.000000	0.000000	0.000000	0.000000
101	tsk_101	(x)	1	:	0.000925	0.000000	0.000000	0.000000	0.000000	0.499849	0.000000	0.000000	0.499226	0.000000	0.000000	0.000000	0.000000	0.000000	0.000000
102	tsk_102	(x)	1	:	0.003565	0.487482	0.000000	0.000000	0.000000	0.000000	0.000000	0.000000	0.508953	0.000000	0.000000	0.000000	0.000000	0.000000	0.000000
103	tsk_103	(x)	1	:	0.000450	0.000000	0.501919	0.000000	0.000000	0.000000	0.000000	0.497631	0.000000	0.000000	0.000000	0.000000	0.000000	0.000000	0.000000
104	tsk_104	(x)	1	:	0.004443	0.000000	0.000000	0.000000	0.000000	0.005681	0.000000	0.000000	0.000000	0.000000	0.000000	0.000000	0.000000	0.497190	0.492687
105	tsk_105	(x)	1	:	0.000000	0.000000	0.000000	0.000000	0.000000	0.000000	0.000000	0.000000	0.000000	0.000000	0.000000	0.000000	0.000000	1.000000	0.000000
106	tsk_106	(x)	1	:	0.000000	0.000000	0.000000	0.000000	0.000000	0.500000	0.000000	0.000000	0.000000	0.000000	0.000000	0.000000	0.000000	0.500000	0.000000
107	tsk_107	(x)	1	:	0.002291	0.000000	0.507591	0.000000	0.000000	0.000000	0.000000	0.000000	0.000000	0.000000	0.000000	0.000000	0.000000	0.000000	0.490118
108	tsk_108	(x)	1	:	0.000000	0.000000	0.000000	0.500003	0.248001	0.000000	0.000000	0.000000	0.251996	0.000000	0.000000	0.000000	0.000000	0.000000	0.000000
109	tsk_109	(x)	1	:	0.000000	0.000000	0.000000	0.000000	0.000000	0.500000	0.000000	0.000000	0.000000	0.000000	0.000000	0.000000	0.000000	0.500000	0.000000
110	tsk_110	(x)	1	:	0.000000	0.000000	0.000000	0.499930	0.000000	0.000000	0.000000	0.252255	0.000000	0.247815	0.000000	0.000000	0.000000	0.000000	0.000000
111	tsk_111	(x)	1	:	0.373321	0.000000	0.000000	0.500319	0.000000	0.000000	0.000000	0.000000	0.000000	0.126360	0.000000	0.000000	0.000000	0.000000	0.000000
112	tsk_112	(x)	1	:	0.493255	0.000000	0.000000	0.000000	0.000000	0.000000	0.000000	0.506744	0.000000	0.000000	0.000000	0.000000	0.000000	0.000000	0.000000
113	tsk_113	(x)	1	:	0.000000	0.000000	0.000000	0.000000	0.000000	0.000000	0.000000	1.000000	0.000000	0.000000	0.000000	0.000000	0.000000	0.000000	0.000000
114	tsk_114	(x)	1	:	0.486524	0.000000	0.000000	0.000000	0.000000	0.000000	0.000000	0.000000	0.513476	0.000000	0.000000	0.000000	0.000000	0.000000	0.000000
115	tsk_115	(x)	1	:	0.000000	0.000000	0.000000	0.497166	0.000000	0.000000	0.000000	0.000000	0.389527	0.113307	0.000000	0.000000	0.000000	0.000000	0.000000
116	tsk_116	(x)	1	:	0.000921	0.000000	0.000000	0.499958	0.000000	0.000000	0.000000	0.499121	0.000000	0.000000	0.000000	0.000000	0.000000	0.000000	0.000000
117	tsk_117	(x)	1	:	0.493255	0.000000	0.000000	0.000000	0.000000	0.000000	0.000000	0.506744	0.000000	0.000000	0.000000	0.000000	0.000000	0.000000	0.000000
118	tsk_118	(x)	1	:	0.000000	0.000000	0.000000	0.000000	0.000000	0.000000	0.000000	1.000000	0.000000	0.000000	0.000000	0.000000	0.000000	0.000000	0.000000
119	tsk_119	(x)	1	:	0.004966	0.000000	0.000000	0.000000	0.000000	0.000000	0.000000	0.504062	0.000000	0.000000	0.000000	0.000000	0.000000	0.000000	0.490972
120	tsk_120	(x)	1	:	0.000000	0.000000	0.000000	0.463637	0.000000	0.000000	0.000000	0.000000	0.000000	0.000000	0.536362	0.000000	0.000000	0.000000	0.000000
121	tsk_121	(x)	1	:	0.007373	0.408623	0.000000	0.000000	0.000000	0.092720	0.000000	0.000000	0.000000	0.000000	0.000000	0.000000	0.000000	0.000000	0.491284
122	tsk_122	(x)	1	:	0.005665	0.000000	0.000000	0.000000	0.000000	0.000000	0.000000	0.503712	0.000000	0.000000	0.000000	0.000000	0.000000	0.000000	0.490623
123	tsk_123	(x)	1	:	0.000367	0.000000	0.000000	0.000000	0.000000	0.002526	0.000000	0.499410	0.000000	0.000000	0.000000	0.000000	0.000000	0.497698	0.000000
124	tsk_124	(x)	1	:	0.000000	0.000000	0.000000	0.463691	0.000000	0.000000	0.000000	0.000000	0.000000	0.000000	0.535580	0.000000	0.000000	0.000000	0.000728
125	tsk_125	(x)	1	:	0.004240	0.000000	0.000000	0.000000	0.000000	0.005975	0.000000	0.000000	0.000000	0.000000	0.000000	0.000000	0.000000	0.496982	0.492802
126	tsk_126	(x)	1	:	0.000000	0.000000	0.000000	0.463637	0.000000	0.000000	0.000000	0.000000	0.000000	0.000000	0.536362	0.000000	0.000000	0.000000	0.000000
127	tsk_127	(x)	1	:	0.000000	0.000000	0.000000	0.000000	0.000000	0.000000	0.000000	0.000000	0.000000	0.000000	0.000000	0.000000	0.000000	0.000000	1.000000
128	tsk_128	(x)	1	:	0.000000	0.000000	0.000000	1.000000	0.000000	0.000000	0.000000	0.000000	0.000000	0.000000	0.000000	0.000000	0.000000	0.000000	0.000000
129	tsk_129	(x)	1	:	0.000000	0.000000	0.000000	0.000000	0.000000	0.000000	0.000000	0.000000	0.000000	0.000000	0.000000	0.000000	0.000000	0.000000	1.000000
130	tsk_130	(x)	1	:	0.004760	0.000000	0.000000	0.000000	0.000000	0.000000	0.000000	0.504165	0.000000	0.000000	0.000000	0.000000	0.000000	0.000000	0.491075
131	tsk_131	(x)	1	:	0.004607	0.000000	0.000000	0.000000	0.000000	0.000000	0.000000	0.504242	0.000000	0.000000	0.000000	0.000000	0.000000	0.000000	0.491151
132	tsk_132	(x)	1	:	0.004512	0.000000	0.000000	0.000000	0.000000	0.000000	0.000000	0.504289	0.000000	0.000000	0.000000	0.000000	0.000000	0.000000	0.491199
133	tsk_133	(x)	1	:	0.000000	0.000000	0.000000	0.000000	0.000000	0.000000	0.000000	1.000000	0.000000	0.000000	0.000000	0.000000	0.000000	0.000000	0.000000
134	tsk_134	(x)	1	:	0.000000	0.000000	0.000000	0.000000	0.000000	0.000000	0.000000	1.000000	0.000000	0.000000	0.000000	0.000000	0.000000	0.000000	0.000000
135	tsk_135	(x)	1	:	0.005064	0.000000	0.000000	0.000000	0.000000	0.000000	0.000000	0.504013	0.000000	0.000000	0.000000	0.000000	0.000000	0.000000	0.490923
136	tsk_136	(x)	1	:	0.000000	0.000000	0.000000	0.000000	0.000000	0.000000	0.000000	1.000000	0.000000	0.000000	0.000000	0.000000	0.000000	0.000000	0.000000
137	tsk_137	(x)	1	:	0.506341	0.000000	0.000000	0.000000	0.000000	0.000000	0.000000	0.000000	0.000000	0.000000	0.000000	0.000000	0.000000	0.000000	0.493659
138	tsk_138	(x)	1	:	0.005553	0.000000	0.000000	0.000000	0.000000	0.000000	0.000000	0.503768	0.000000	0.000000	0.000000	0.000000	0.000000	0.000000	0.490679
139	tsk_139	(x)	1	:	0.000000	0.000000	0.000000	0.000000	0.000000	0.000000	0.000000	0.000000	0.000000	0.000000	0.000000	1.000000	0.000000	0.000000	0.000000
140	tsk_140	(x)	1	:	0.001296	0.000000	0.000000	0.000000	0.000000	0.000000	0.000000	0.499572	0.499132	0.000000	0.000000	0.000000	0.000000	0.000000	0.000000
141	tsk_141	(x)	1	:	0.000035	0.511131	0.000000	0.000000	0.000000	0.000000	0.000000	0.000000	0.000000	0.000000	0.000000	0.000000	0.000000	0.000000	0.488834
142	tsk_142	(x)	1	:	0.002332	0.000000	0.497461	0.000000	0.000000	0.485349	0.000000	0.000000	0.000000	0.000000	0.000000	0.000000	0.000000	0.014858	0.000000
143	tsk_143	(x)	1	:	0.000000	0.000000	0.000000	0.499916	0.000000	0.003451	0.000000	0.000000	0.000000	0.000000	0.000000	0.000000	0.000000	0.496633	0.000000
144	tsk_144	(x)	1	:	0.000778	0.000000	0.000000	0.000000	0.000000	0.002976	0.000000	0.000000	0.498907	0.000000	0.000000	0.000000	0.000000	0.497339	0.000000
145	tsk_145	(x)	1	:	0.000000	0.508052	0.000000	0.000000	0.000000	0.000000	0.000000	0.491948	0.000000	0.000000	0.000000	0.000000	0.000000	0.000000	0.000000
146	tsk_146	(x)	1	:	0.000000	0.000000	0.000000	1.000000	0.000000	0.000000	0.000000	0.000000	0.000000	0.000000	0.000000	0.000000	0.000000	0.000000	0.000000
147	tsk_147	(x)	1	:	0.000000	0.000000	0.000000	0.000000	0.000000	0.503742	0.000000	0.000000	0.000000	0.000000	0.000000	0.000000	0.000000	0.000000	0.496258
148	tsk_148	(x)	1	:	0.004414	0.000000	0.000000	0.000000	0.000000	0.000000	0.000000	0.000000	0.505775	0.000000	0.000000	0.000000	0.000000	0.000000	0.489811
149	tsk_149	(x)	1	:	0.000000	0.508052	0.000000	0.000000	0.000000	0.000000	0.000000	0.491948	0.000000	0.000000	0.000000	0.000000	0.000000	0.000000	0.000000
