logL = -1068.595502 (converged)
AIC = 4861.191003
BIC = 8961.676274

count.K
17 21 20 31 13 27 7 14 

