logL = -1237.970281 (converged)
AIC = 4807.940562
BIC = 8318.341315

count.K
7 14 27 38 30 10 24 

