logL = -1116.341700 (converged)
AIC = 7572.683400
BIC = 15611.079635

count.K
14 8 15 1 24 0 1 8 4 5 19 28 22 0 1 

