logL = -1825.199106 (converged)
AIC = 8366.398213
BIC = 15465.476236

count.K
7 4 0 16 14 4 39 2 10 19 22 13 

