logL = -598.822145 (converged)
AIC = 3993.644289
BIC = 8202.512431

count.K
42 2 22 28 4 9 4 30 9 

