logL = -466.321692 (converged)
AIC = 3890.643385
BIC = 8343.372985

count.K
6 12 0 52 2 8 47 16 7 

