logL = -1468.530231 (converged)
AIC = 5577.060462
BIC = 9551.099050

count.K
20 58 3 9 24 2 34 

