logL = -2777.024571 (converged)
AIC = 8486.049141
BIC = 12899.640482

count.K
18 9 26 10 28 21 19 19 

