logL = -1458.850724 (converged)
AIC = 6055.701448
BIC = 10779.388225

count.K
10 10 2 31 73 4 1 17 2 

