0	tsk_0	(x)	1	:	0.000000	0.000000	0.000000	0.000000	0.000000	0.000000	0.000000	0.000000	0.000000	0.000000	0.000000	0.499929	0.473481	0.026590	0.000000
1	tsk_1	(x)	1	:	0.000000	0.000000	0.000000	0.000000	0.000000	0.000000	0.338455	0.000000	0.000000	0.500001	0.000000	0.000000	0.000000	0.161544	0.000000
2	tsk_2	(x)	1	:	0.000000	0.000000	0.000000	0.000000	0.000000	0.000000	0.000000	0.000000	0.000000	0.000000	0.000000	0.499882	0.473190	0.026928	0.000000
3	tsk_3	(x)	1	:	0.000000	0.000000	0.000000	0.000000	0.494508	0.000000	0.000000	0.000000	0.000000	0.505492	0.000000	0.000000	0.000000	0.000000	0.000000
4	tsk_4	(x)	1	:	0.000000	0.000000	0.000000	0.000000	0.483621	0.000000	0.000000	0.000000	0.000000	0.000000	0.000000	0.516379	0.000000	0.000000	0.000000
5	tsk_5	(x)	1	:	0.000000	0.272091	0.000000	0.000000	0.000000	0.000000	0.000000	0.000000	0.000000	0.000000	0.000000	0.000000	0.000001	0.727908	0.000000
6	tsk_6	(x)	1	:	0.000000	0.000000	0.000000	0.000000	0.462343	0.000000	0.338445	0.000000	0.000000	0.000000	0.000000	0.000000	0.000000	0.199211	0.000000
7	tsk_7	(x)	1	:	0.000000	0.000000	0.000000	0.000000	0.000000	0.000000	0.338470	0.000000	0.000000	0.000000	0.000000	0.000000	0.000001	0.661528	0.000000
8	tsk_8	(x)	1	:	0.000000	0.000000	0.000000	0.000000	0.000000	0.000000	0.000000	0.000000	0.000000	0.000000	0.000000	0.000000	1.000000	0.000000	0.000000
9	tsk_9	(x)	1	:	0.000000	0.272091	0.000000	0.000000	0.000000	0.000000	0.000000	0.000000	0.000000	0.000000	0.000000	0.000000	0.000000	0.727909	0.000000
10	tsk_10	(x)	1	:	0.459340	0.000000	0.000000	0.000000	0.000000	0.000000	0.000000	0.000000	0.000000	0.044422	0.496237	0.000000	0.000000	0.000000	0.000000
11	tsk_11	(x)	1	:	0.000000	0.000000	0.000000	0.000000	0.000000	0.000000	0.000000	0.000000	0.000000	0.000000	0.499600	0.008215	0.000000	0.000000	0.492185
12	tsk_12	(x)	1	:	0.458025	0.000000	0.428110	0.000000	0.000000	0.000000	0.000000	0.000000	0.000000	0.041718	0.000000	0.072146	0.000000	0.000000	0.000000
13	tsk_13	(x)	1	:	0.000000	0.000000	0.000000	0.000000	0.000000	0.000000	0.000000	0.000000	0.000000	0.000000	1.000000	0.000000	0.000000	0.000000	0.000000
14	tsk_14	(x)	1	:	0.459515	0.000000	0.000000	0.000000	0.000000	0.000000	0.000000	0.000000	0.000000	0.040466	0.000000	0.000000	0.473171	0.026848	0.000000
15	tsk_15	(x)	1	:	0.459879	0.000000	0.000000	0.000000	0.000000	0.000000	0.000000	0.000000	0.000000	0.540121	0.000000	0.000000	0.000000	0.000000	0.000000
16	tsk_16	(x)	1	:	0.000000	0.000000	0.000000	0.000000	0.000000	0.000000	0.000000	0.000000	0.000000	0.000000	0.499307	0.014088	0.000000	0.000000	0.486605
17	tsk_17	(x)	1	:	0.000000	0.000000	0.000000	0.000000	0.000000	0.000000	0.000000	0.000000	0.000000	1.000000	0.000000	0.000000	0.000000	0.000000	0.000000
18	tsk_18	(x)	1	:	0.000000	0.000000	0.000000	0.000000	0.000000	0.000000	0.000000	0.000000	0.000000	0.000000	0.499037	0.500963	0.000000	0.000000	0.000000
19	tsk_19	(x)	1	:	0.000000	0.000000	0.000000	0.000000	0.000000	0.000000	0.000000	0.000000	0.000000	0.500766	0.000000	0.004040	0.000000	0.000000	0.495194
20	tsk_20	(x)	1	:	0.000000	0.000000	0.000000	0.000000	0.000000	0.000000	0.000000	0.706395	0.000000	0.000000	0.000000	0.293605	0.000000	0.000000	0.000000
21	tsk_21	(x)	1	:	0.458736	0.000000	0.000000	0.000281	0.000000	0.000000	0.000000	0.274377	0.000000	0.041404	0.000000	0.225202	0.000000	0.000000	0.000000
22	tsk_22	(x)	1	:	0.000000	0.000000	0.000000	0.000000	0.000000	0.000000	0.338418	0.512147	0.000000	0.000000	0.000000	0.000000	0.000000	0.149434	0.000000
23	tsk_23	(x)	1	:	0.000000	0.000000	0.000000	0.000000	0.483595	0.000000	0.000000	0.341796	0.000000	0.000000	0.000000	0.174608	0.000000	0.000000	0.000000
24	tsk_24	(x)	1	:	0.000000	0.000000	0.000000	0.000000	0.000000	0.000000	0.000000	0.999502	0.000000	0.000000	0.000000	0.000498	0.000000	0.000000	0.000000
25	tsk_25	(x)	1	:	0.000000	0.000000	0.000000	0.000000	0.495587	0.000000	0.000000	0.000000	0.000000	0.000000	0.504413	0.000000	0.000000	0.000000	0.000000
26	tsk_26	(x)	1	:	0.000000	0.000000	0.000000	0.000000	0.000000	0.000000	0.000000	0.999232	0.000000	0.000000	0.000000	0.000768	0.000000	0.000000	0.000000
27	tsk_27	(x)	1	:	0.000000	0.000000	0.000000	0.000000	0.483585	0.000000	0.000000	0.341727	0.000000	0.000000	0.000000	0.174688	0.000000	0.000000	0.000000
28	tsk_28	(x)	1	:	0.000000	0.000000	0.000000	0.000000	0.000000	0.000000	0.000000	0.339815	0.000000	0.000000	0.000000	0.182172	0.000000	0.000000	0.478012
29	tsk_29	(x)	1	:	0.000000	0.000000	0.000000	0.000000	0.000000	0.000000	0.000000	1.000000	0.000000	0.000000	0.000000	0.000000	0.000000	0.000000	0.000000
30	tsk_30	(x)	1	:	0.000000	0.000000	0.498042	0.000000	0.000000	0.000000	0.000000	0.000000	0.000000	0.501113	0.000000	0.000845	0.000000	0.000000	0.000000
31	tsk_31	(x)	1	:	0.000000	0.000000	0.000000	0.000000	0.000000	0.000000	0.338455	0.000000	0.000000	0.500001	0.000000	0.000000	0.000000	0.161544	0.000000
32	tsk_32	(x)	1	:	0.000000	0.000000	0.000000	0.000000	0.000000	0.000000	0.000000	0.000000	0.000000	0.000000	0.000000	0.020800	0.473705	0.026025	0.479470
33	tsk_33	(x)	1	:	0.000000	0.000000	0.000000	0.000000	0.000000	0.000000	0.000000	0.000000	0.000000	1.000000	0.000000	0.000000	0.000000	0.000000	0.000000
34	tsk_34	(x)	1	:	0.000000	0.000000	0.488656	0.000000	0.000000	0.000000	0.338485	0.000000	0.000000	0.000000	0.000000	0.010670	0.000000	0.162189	0.000000
35	tsk_35	(x)	1	:	0.000000	0.272450	0.000000	0.000000	0.000000	0.000000	0.000000	0.000000	0.492662	0.000000	0.000000	0.000000	0.000000	0.234888	0.000000
36	tsk_36	(x)	1	:	0.000000	0.000000	0.000000	0.000000	0.000000	0.000000	0.000000	0.000000	0.000000	0.000000	0.499797	0.004339	0.000000	0.000000	0.495864
37	tsk_37	(x)	1	:	0.000000	0.000000	0.000000	0.000000	0.000000	0.000000	0.338436	0.000000	0.492788	0.000000	0.000000	0.000000	0.000000	0.168776	0.000000
38	tsk_38	(x)	1	:	0.000000	0.000000	0.000000	0.000000	0.000000	0.000000	0.338436	0.000000	0.492788	0.000000	0.000000	0.000000	0.000000	0.168776	0.000000
39	tsk_39	(x)	1	:	0.000000	0.000000	0.000000	0.000000	0.000000	0.000000	0.000000	0.000000	1.000000	0.000000	0.000000	0.000000	0.000000	0.000000	0.000000
40	tsk_40	(x)	1	:	0.000000	0.000000	0.000000	0.000000	0.000000	0.000000	0.000000	0.000000	0.000000	0.500608	0.000000	0.006998	0.000000	0.000000	0.492394
41	tsk_41	(x)	1	:	0.000000	0.000000	0.000000	0.000000	0.000000	0.000000	0.000000	0.000000	0.000000	1.000000	0.000000	0.000000	0.000000	0.000000	0.000000
42	tsk_42	(x)	1	:	0.000000	0.000000	0.000000	0.000000	0.000000	0.000000	0.000000	0.000000	0.000000	1.000000	0.000000	0.000000	0.000000	0.000000	0.000000
43	tsk_43	(x)	1	:	0.000000	0.000000	0.000000	0.000000	0.000000	0.000000	0.000000	0.000000	0.000000	1.000000	0.000000	0.000000	0.000000	0.000000	0.000000
44	tsk_44	(x)	1	:	0.000000	0.000000	0.000000	0.000000	0.000000	0.000000	0.000000	0.000000	0.000000	0.500609	0.000000	0.006966	0.000000	0.000000	0.492424
45	tsk_45	(x)	1	:	0.000000	0.000000	0.000000	0.000000	0.000000	0.000000	0.000000	0.000000	0.000000	0.500760	0.000000	0.004150	0.000000	0.000000	0.495090
46	tsk_46	(x)	1	:	0.000000	0.272583	0.000000	0.000000	0.000000	0.000000	0.000000	0.000000	0.000000	0.000000	0.000000	0.019719	0.000000	0.227253	0.480446
47	tsk_47	(x)	1	:	0.000000	0.000000	0.000000	0.000000	0.000000	0.000000	0.000000	0.000000	0.000000	1.000000	0.000000	0.000000	0.000000	0.000000	0.000000
48	tsk_48	(x)	1	:	0.000000	0.000000	0.000000	0.000000	0.000000	0.000000	0.000000	0.000000	0.000000	1.000000	0.000000	0.000000	0.000000	0.000000	0.000000
49	tsk_49	(x)	1	:	0.000000	0.000000	0.000000	0.000000	0.000000	0.000000	0.000000	0.000000	0.000000	0.500594	0.000000	0.007258	0.000000	0.000000	0.492148
50	tsk_50	(x)	1	:	0.000000	0.000000	0.000000	0.000000	0.000000	0.000000	0.000000	0.000000	0.000000	0.000000	0.000000	0.499868	0.473102	0.027030	0.000000
51	tsk_51	(x)	1	:	0.000000	0.000000	0.432361	0.000000	0.000000	0.000000	0.000000	0.000000	0.495798	0.000000	0.000000	0.068437	0.000000	0.003405	0.000000
52	tsk_52	(x)	1	:	0.000000	0.272217	0.000000	0.000000	0.000000	0.000000	0.000000	0.000000	0.000000	0.000000	0.000000	0.000000	0.473939	0.253844	0.000000
53	tsk_53	(x)	1	:	0.000000	0.000000	0.000000	0.000000	0.000000	0.000000	0.000000	0.000000	0.000000	0.000000	1.000000	0.000000	0.000000	0.000000	0.000000
54	tsk_54	(x)	1	:	0.000000	0.000000	0.000000	1.000000	0.000000	0.000000	0.000000	0.000000	0.000000	0.000000	0.000000	0.000000	0.000000	0.000000	0.000000
55	tsk_55	(x)	1	:	0.000000	0.272451	0.488158	0.000000	0.000000	0.000000	0.000000	0.000000	0.000000	0.000000	0.000000	0.011289	0.000000	0.228101	0.000000
56	tsk_56	(x)	1	:	0.000000	0.272621	0.000000	0.000000	0.000000	0.000000	0.000000	0.000000	0.000000	0.000000	0.499134	0.000000	0.000000	0.228246	0.000000
57	tsk_57	(x)	1	:	0.000000	0.000000	0.000000	0.000000	0.000000	0.000000	0.000000	0.000000	0.510790	0.489210	0.000000	0.000000	0.000000	0.000000	0.000000
58	tsk_58	(x)	1	:	0.000000	0.000000	0.000000	0.000000	0.000000	0.000000	0.546177	0.000000	0.000000	0.000000	0.000000	0.000951	0.000000	0.000000	0.452872
59	tsk_59	(x)	1	:	0.000000	0.672875	0.000000	0.000000	0.000000	0.000000	0.000000	0.000000	0.000000	0.000000	0.000000	0.000000	0.000000	0.327125	0.000000
60	tsk_60	(x)	1	:	0.000000	0.000000	0.000000	0.000000	0.000000	0.000000	0.000000	0.273364	0.000000	0.000000	0.000000	0.226632	0.000000	0.500003	0.000000
61	tsk_61	(x)	1	:	0.000000	0.000000	0.000000	0.000000	0.508928	0.000000	0.000000	0.000000	0.000000	0.491072	0.000000	0.000000	0.000000	0.000000	0.000000
62	tsk_62	(x)	1	:	0.000000	0.000000	0.000000	0.000000	0.000000	0.000000	0.000000	0.273397	0.000000	0.000000	0.000000	0.226591	0.000000	0.500011	0.000000
63	tsk_63	(x)	1	:	0.000000	0.000000	0.000000	0.000000	0.000000	0.000000	0.000000	0.273054	0.000000	0.499979	0.000000	0.226967	0.000000	0.000000	0.000000
64	tsk_64	(x)	1	:	0.458715	0.000000	0.000000	0.000625	0.000000	0.000000	0.000000	0.274684	0.000000	0.041457	0.000000	0.224519	0.000000	0.000000	0.000000
65	tsk_65	(x)	1	:	0.000000	0.000000	0.000000	0.000000	0.494508	0.000000	0.000000	0.000000	0.000000	0.505492	0.000000	0.000000	0.000000	0.000000	0.000000
66	tsk_66	(x)	1	:	0.000000	0.000000	0.000000	0.000000	0.000000	0.000000	0.000000	0.000000	0.000000	0.500000	0.000000	0.000000	0.000000	0.500000	0.000000
67	tsk_67	(x)	1	:	0.000000	0.000000	0.000000	0.000000	0.508928	0.000000	0.000000	0.000000	0.000000	0.491072	0.000000	0.000000	0.000000	0.000000	0.000000
68	tsk_68	(x)	1	:	0.000000	0.000000	0.000000	0.000000	0.483616	0.000000	0.000000	0.273313	0.000000	0.000000	0.000000	0.243070	0.000000	0.000000	0.000000
69	tsk_69	(x)	1	:	0.000000	0.000000	0.000000	0.000000	0.462325	0.000000	0.000000	0.000000	0.000000	0.000000	0.000000	0.000000	0.473907	0.063768	0.000000
70	tsk_70	(x)	1	:	0.000000	0.000000	0.000000	0.000000	0.000000	0.498724	0.000000	0.000000	0.000000	0.000000	0.000000	0.002196	0.476523	0.022439	0.000118
71	tsk_71	(x)	1	:	0.000000	0.000000	0.000000	0.000000	0.000000	0.499437	0.000000	0.000000	0.000000	0.499940	0.000000	0.000025	0.000000	0.000000	0.000597
72	tsk_72	(x)	1	:	0.000000	0.000000	0.487108	0.000000	0.000000	0.000000	0.000000	0.000000	0.000000	0.000000	0.000000	0.013340	0.478203	0.021349	0.000000
73	tsk_73	(x)	1	:	0.000000	0.000000	0.000000	0.000000	0.000000	0.000000	0.338460	0.000000	0.000000	0.000000	0.000000	0.000000	0.473909	0.187631	0.000000
74	tsk_74	(x)	1	:	0.000000	0.000000	0.000000	0.000000	0.000000	0.000000	0.000000	0.000000	0.000000	0.000000	0.000000	0.000000	1.000000	0.000000	0.000000
75	tsk_75	(x)	1	:	0.000000	0.000000	0.000000	0.000000	0.000000	0.498975	0.000000	0.000000	0.000000	0.000000	0.000000	0.001477	0.473959	0.025533	0.000055
76	tsk_76	(x)	1	:	0.000000	0.000000	0.000000	0.000000	0.000000	0.000000	0.000000	0.000000	0.000000	0.000000	0.000000	0.000000	1.000000	0.000000	0.000000
77	tsk_77	(x)	1	:	0.000000	0.000000	0.000000	0.000000	0.462343	0.000000	0.338445	0.000000	0.000000	0.000000	0.000000	0.000000	0.000000	0.199212	0.000000
78	tsk_78	(x)	1	:	0.000000	0.000000	0.000000	0.000000	0.000000	0.497971	0.338479	0.000000	0.000000	0.000000	0.000000	0.002924	0.000000	0.160520	0.000106
79	tsk_79	(x)	1	:	0.000000	0.000000	0.000000	0.000000	0.000000	0.000000	0.338470	0.000000	0.000000	0.000000	0.000000	0.020345	0.000000	0.161287	0.479897
80	tsk_80	(x)	1	:	0.459655	0.000000	0.000000	0.000000	0.494498	0.000000	0.000000	0.000000	0.000000	0.045847	0.000000	0.000000	0.000000	0.000000	0.000000
81	tsk_81	(x)	1	:	0.459649	0.000000	0.000000	0.000000	0.494498	0.000000	0.000000	0.000000	0.000000	0.045853	0.000000	0.000000	0.000000	0.000000	0.000000
82	tsk_82	(x)	1	:	0.000000	0.000000	0.000000	0.000000	0.462322	0.000000	0.000000	0.000000	0.492762	0.000000	0.000000	0.000000	0.000000	0.044916	0.000000
83	tsk_83	(x)	1	:	0.000000	0.000000	0.000000	0.000000	0.462324	0.000000	0.000000	0.000000	0.492765	0.000000	0.000000	0.000000	0.000000	0.044911	0.000000
84	tsk_84	(x)	1	:	0.000000	0.000000	0.000000	0.000000	0.424924	0.000000	0.000000	0.000000	0.000000	0.000000	0.000000	0.000000	0.575076	0.000000	0.000000
85	tsk_85	(x)	1	:	0.000000	0.000000	0.000000	0.000000	0.000000	0.000000	0.000000	0.000000	0.000000	0.000000	0.000000	0.499906	0.473326	0.026767	0.000000
86	tsk_86	(x)	1	:	0.459545	0.000000	0.000000	0.000000	0.000000	0.000000	0.000000	0.000000	0.491519	0.040347	0.000000	0.000000	0.000000	0.008588	0.000000
87	tsk_87	(x)	1	:	0.999994	0.000000	0.000000	0.000000	0.000000	0.000000	0.000000	0.000000	0.000000	0.000005	0.000000	0.000000	0.000000	0.000000	0.000000
88	tsk_88	(x)	1	:	1.000000	0.000000	0.000000	0.000000	0.000000	0.000000	0.000000	0.000000	0.000000	0.000000	0.000000	0.000000	0.000000	0.000000	0.000000
89	tsk_89	(x)	1	:	0.000000	0.000000	0.000000	0.000000	0.483622	0.000000	0.000000	0.000000	0.000000	0.000000	0.000000	0.516378	0.000000	0.000000	0.000000
90	tsk_90	(x)	1	:	0.000000	0.000000	0.492778	0.000000	0.485159	0.000000	0.000000	0.000000	0.000000	0.000000	0.000000	0.022063	0.000000	0.000000	0.000000
91	tsk_91	(x)	1	:	0.000000	0.000000	0.000000	0.000000	0.000000	0.000000	1.000000	0.000000	0.000000	0.000000	0.000000	0.000000	0.000000	0.000000	0.000000
92	tsk_92	(x)	1	:	0.000000	0.000000	0.000000	0.000000	0.000000	0.000000	0.534210	0.000000	0.000000	0.000000	0.000000	0.000000	0.461579	0.004210	0.000000
93	tsk_93	(x)	1	:	0.000000	0.000000	0.000000	0.000000	0.000000	0.000000	1.000000	0.000000	0.000000	0.000000	0.000000	0.000000	0.000000	0.000000	0.000000
94	tsk_94	(x)	1	:	0.000000	0.000000	0.000000	0.000000	0.449977	0.000000	0.549862	0.000000	0.000000	0.000000	0.000000	0.000000	0.000000	0.000161	0.000000
95	tsk_95	(x)	1	:	0.000000	0.000000	0.000000	0.000000	0.462323	0.000000	0.000000	0.000000	0.000000	0.000000	0.000000	0.000000	0.473901	0.063775	0.000000
96	tsk_96	(x)	1	:	0.000000	0.000000	0.000000	0.000000	0.000000	0.000000	0.549731	0.341797	0.000000	0.000000	0.000000	0.108472	0.000000	0.000000	0.000000
97	tsk_97	(x)	1	:	0.000000	0.000000	0.000000	0.000000	0.398917	0.000000	0.601083	0.000000	0.000000	0.000000	0.000000	0.000000	0.000000	0.000000	0.000000
98	tsk_98	(x)	1	:	0.000000	0.000000	0.000000	0.000000	1.000000	0.000000	0.000000	0.000000	0.000000	0.000000	0.000000	0.000000	0.000000	0.000000	0.000000
99	tsk_99	(x)	1	:	0.000000	0.000000	0.432404	0.000000	0.000000	0.000000	0.338443	0.000000	0.000000	0.000000	0.000000	0.067374	0.000000	0.161779	0.000000
100	tsk_100	(x)	1	:	0.000000	0.000000	0.000000	0.474694	0.523916	0.000000	0.000000	0.000000	0.000000	0.000000	0.000000	0.001390	0.000000	0.000000	0.000000
101	tsk_101	(x)	1	:	0.000000	0.000000	0.000000	0.474537	0.523903	0.000000	0.000000	0.000000	0.000000	0.000000	0.000000	0.001560	0.000000	0.000000	0.000000
102	tsk_102	(x)	1	:	0.000000	0.000000	0.000000	0.000000	0.000000	0.000000	0.000000	0.000000	0.000000	0.000000	0.000000	1.000000	0.000000	0.000000	0.000000
103	tsk_103	(x)	1	:	0.000000	0.000000	0.000000	0.000000	0.000000	0.497755	0.338479	0.000000	0.000000	0.000000	0.000000	0.003281	0.000000	0.160408	0.000078
104	tsk_104	(x)	1	:	0.000000	0.000000	0.000000	0.000000	0.000000	0.000000	0.000000	0.000000	0.000000	0.000000	0.000000	0.000000	1.000000	0.000000	0.000000
105	tsk_105	(x)	1	:	0.000000	0.000000	0.000000	0.000000	0.000000	0.000000	0.000000	0.000000	0.000000	0.000000	0.000000	0.000000	1.000000	0.000000	0.000000
106	tsk_106	(x)	1	:	0.000000	0.000000	0.000000	0.000000	0.000000	0.000000	0.000000	0.000000	0.491356	0.000000	0.000000	0.499531	0.000000	0.009113	0.000000
107	tsk_107	(x)	1	:	0.000000	0.000000	0.000000	0.919732	0.000000	0.000000	0.000000	0.080249	0.000000	0.000000	0.000000	0.000019	0.000000	0.000000	0.000000
108	tsk_108	(x)	1	:	0.000000	0.000000	0.000000	0.000000	0.000000	0.000000	0.000000	0.000000	0.000000	0.000000	0.000000	1.000000	0.000000	0.000000	0.000000
109	tsk_109	(x)	1	:	0.000000	0.000000	0.000000	0.000000	0.000000	0.000000	0.000000	0.000000	0.000000	0.000000	0.000000	0.000000	0.473936	0.526064	0.000000
110	tsk_110	(x)	1	:	0.000000	0.000000	0.573672	0.000000	0.000000	0.000000	0.000000	0.000000	0.000000	0.000000	0.000000	0.426328	0.000000	0.000000	0.000000
111	tsk_111	(x)	1	:	0.000000	0.515163	0.000000	0.000000	0.000000	0.000000	0.000000	0.000000	0.000000	0.484837	0.000000	0.000000	0.000000	0.000000	0.000000
112	tsk_112	(x)	1	:	0.000000	0.667122	0.000000	0.000000	0.000000	0.000000	0.000000	0.000000	0.000000	0.000000	0.000000	0.000000	0.000000	0.332878	0.000000
113	tsk_113	(x)	1	:	0.000000	0.665659	0.000000	0.000000	0.000000	0.000000	0.334332	0.000000	0.000000	0.000000	0.000000	0.000000	0.000000	0.000009	0.000000
114	tsk_114	(x)	1	:	0.000000	0.000000	0.000000	0.000000	0.000000	0.000000	0.000000	0.000000	0.000000	0.489388	0.000000	0.000000	0.510611	0.000001	0.000000
115	tsk_115	(x)	1	:	0.000000	0.541343	0.246016	0.000000	0.000000	0.000000	0.000000	0.000000	0.000000	0.000000	0.000000	0.212640	0.000000	0.000000	0.000000
116	tsk_116	(x)	1	:	0.000000	0.667122	0.000000	0.000000	0.000000	0.000000	0.000000	0.000000	0.000000	0.000000	0.000000	0.000000	0.000000	0.332878	0.000000
117	tsk_117	(x)	1	:	0.000000	0.667122	0.000000	0.000000	0.000000	0.000000	0.000000	0.000000	0.000000	0.000000	0.000000	0.000000	0.000000	0.332878	0.000000
118	tsk_118	(x)	1	:	0.000000	0.667132	0.000000	0.000000	0.000000	0.000000	0.000000	0.000000	0.000000	0.000000	0.000000	0.000000	0.000000	0.332868	0.000000
119	tsk_119	(x)	1	:	0.000000	0.000000	0.000000	0.000000	0.554683	0.000000	0.000000	0.000000	0.000000	0.000000	0.000000	0.000000	0.000000	0.445316	0.000000
120	tsk_120	(x)	1	:	0.000000	0.000000	0.000000	0.000000	0.000000	0.000000	0.000000	0.000000	0.491290	0.499853	0.000000	0.000000	0.000000	0.008856	0.000000
121	tsk_121	(x)	1	:	0.000000	0.000000	0.000000	0.000000	0.000000	0.000000	0.000000	0.000000	0.491335	0.499858	0.000000	0.000000	0.000000	0.008807	0.000000
122	tsk_122	(x)	1	:	0.000000	0.000000	0.000000	0.000000	0.000000	0.000000	0.000000	0.000000	0.492183	0.000000	0.000000	0.021267	0.000000	0.007620	0.478930
123	tsk_123	(x)	1	:	0.000000	0.000000	0.000000	0.000000	0.000000	0.000000	0.000000	0.000000	0.491125	0.000000	0.000000	0.499454	0.000000	0.009421	0.000000
124	tsk_124	(x)	1	:	0.000000	0.000000	0.000000	0.000000	0.000000	0.000000	0.000000	0.000000	0.000000	0.000000	0.000000	0.000000	0.000000	0.000000	1.000000
125	tsk_125	(x)	1	:	0.000000	0.000000	0.000000	0.000000	0.000000	0.000000	0.338452	0.000000	0.000000	0.500000	0.000000	0.000000	0.000000	0.161547	0.000000
126	tsk_126	(x)	1	:	0.000000	0.000000	0.000000	0.000000	0.000000	0.000000	0.338479	0.000000	0.000000	0.000000	0.000000	0.020869	0.000000	0.161205	0.479448
127	tsk_127	(x)	1	:	0.315915	0.000000	0.000000	0.000000	0.000000	0.000000	0.000000	0.000000	0.000000	0.184072	0.000000	0.000000	0.473664	0.026349	0.000000
128	tsk_128	(x)	1	:	0.000000	0.000000	0.000000	0.000000	0.462343	0.000000	0.338445	0.000000	0.000000	0.000000	0.000000	0.000000	0.000000	0.199211	0.000000
129	tsk_129	(x)	1	:	0.000000	0.000000	0.000000	0.000000	0.518263	0.481736	0.000000	0.000000	0.000000	0.000000	0.000000	0.000000	0.000000	0.000000	0.000000
130	tsk_130	(x)	1	:	0.000000	0.272589	0.000000	0.000000	0.000000	0.000000	0.000000	0.000000	0.000000	0.000000	0.000000	0.021211	0.000000	0.227037	0.479163
131	tsk_131	(x)	1	:	0.000000	0.000000	0.000000	0.000000	0.524234	0.000000	0.000000	0.000000	0.000000	0.000000	0.000000	0.004333	0.000000	0.000000	0.471433
132	tsk_132	(x)	1	:	0.000000	0.000000	0.000000	0.000000	0.494632	0.000000	0.000000	0.000000	0.000000	0.000000	0.000000	0.000000	0.000000	0.000000	0.505368
133	tsk_133	(x)	1	:	0.000000	0.000000	0.000000	0.000000	0.000000	0.000000	0.000000	0.000000	0.000000	0.000000	0.000000	0.000000	0.000000	0.000000	1.000000
134	tsk_134	(x)	1	:	0.000000	0.000000	0.000000	0.000000	1.000000	0.000000	0.000000	0.000000	0.000000	0.000000	0.000000	0.000000	0.000000	0.000000	0.000000
135	tsk_135	(x)	1	:	0.000000	0.000000	0.000000	0.000000	0.524225	0.000000	0.000000	0.000000	0.000000	0.000000	0.000000	0.004410	0.000000	0.000000	0.471365
136	tsk_136	(x)	1	:	0.000000	0.000000	0.000000	0.000000	0.524166	0.000000	0.000000	0.000000	0.000000	0.000000	0.000000	0.004921	0.000000	0.000000	0.470913
137	tsk_137	(x)	1	:	0.000000	0.000000	0.000000	0.000000	0.000000	0.000000	0.000000	0.000000	0.000000	0.000000	0.000000	0.000000	0.000000	0.000000	1.000000
138	tsk_138	(x)	1	:	0.000000	0.272585	0.000000	0.000000	0.000000	0.000000	0.000000	0.000000	0.000000	0.000000	0.000000	0.020078	0.000000	0.227200	0.480137
139	tsk_139	(x)	1	:	0.000000	0.000000	0.000000	0.000000	1.000000	0.000000	0.000000	0.000000	0.000000	0.000000	0.000000	0.000000	0.000000	0.000000	0.000000
140	tsk_140	(x)	1	:	0.000000	0.000000	0.491646	0.000000	0.484892	0.000000	0.000000	0.000000	0.000000	0.000000	0.000000	0.023462	0.000000	0.000000	0.000000
141	tsk_141	(x)	1	:	0.000000	0.000000	0.527761	0.000001	0.000000	0.000000	0.000000	0.000000	0.472232	0.000000	0.000000	0.000002	0.000000	0.000003	0.000000
142	tsk_142	(x)	1	:	0.000000	0.000000	0.000000	0.000000	0.000000	0.000000	0.000000	0.000000	0.491680	0.000000	0.499026	0.000000	0.000000	0.009295	0.000000
143	tsk_143	(x)	1	:	0.000000	0.000000	0.531991	0.000002	0.000000	0.000000	0.000000	0.000000	0.000000	0.000000	0.000000	0.000000	0.467182	0.000825	0.000000
144	tsk_144	(x)	1	:	0.000000	0.000000	0.592210	0.000000	0.000000	0.000000	0.000000	0.000000	0.000000	0.000000	0.000000	0.000000	0.000000	0.000000	0.407789
145	tsk_145	(x)	1	:	0.000000	0.000000	0.532826	0.000002	0.000000	0.000000	0.000000	0.000000	0.000000	0.000000	0.000000	0.000001	0.000000	0.467171	0.000000
146	tsk_146	(x)	1	:	0.000000	0.000000	0.000000	0.000000	0.484028	0.000000	0.000000	0.000000	0.000000	0.000000	0.000000	0.031620	0.000000	0.000000	0.484352
147	tsk_147	(x)	1	:	0.000000	0.000000	0.000000	0.000000	0.000000	0.000000	0.000000	0.000000	0.000000	0.000000	0.499037	0.500963	0.000000	0.000000	0.000000
148	tsk_148	(x)	1	:	0.000000	0.000000	0.000000	0.000000	0.484199	0.000000	0.000000	0.000000	0.000000	0.000000	0.515801	0.000000	0.000000	0.000000	0.000000
149	tsk_149	(x)	1	:	0.000000	0.000000	0.000000	0.000000	0.000000	0.000000	0.000000	0.000000	0.492423	0.000000	0.000000	0.000000	0.473210	0.034367	0.000000
