logL = -1475.972968 (converged)
AIC = 4163.945936
BIC = 5988.390924

count.K
44 30 67 9 

