logL = -1064.229906 (converged)
AIC = 5140.459813
BIC = 9674.476566

count.K
4 6 20 7 2 19 5 35 52 

