logL = -1801.641533 (converged)
AIC = 6813.283066
BIC = 11645.352713

count.K
41 11 20 7 4 14 2 49 2 

