logL = -1006.207543 (converged)
AIC = 5672.415087
BIC = 11181.877675

count.K
3 1 8 19 19 5 67 19 3 6 

