logL = -1072.029672 (converged)
AIC = 7454.059345
BIC = 15447.296050

count.K
4 5 17 0 0 1 2 25 1 8 0 19 9 57 2 

