0	tsk_0	(x)	1	:	0.207118	0.000000	0.295953	0.000000	0.000000	0.000000	0.000000	0.000000	0.000000	0.000000	0.000000	0.496929	0.000000
1	tsk_1	(x)	1	:	0.002465	0.000000	0.005769	0.000000	0.000000	0.000000	0.499147	0.000000	0.000000	0.000000	0.000000	0.492619	0.000000
2	tsk_2	(x)	1	:	0.000000	0.000000	0.000000	0.000000	0.000000	0.000000	0.000000	0.000000	0.000000	0.000000	0.000000	1.000000	0.000000
3	tsk_3	(x)	1	:	0.003030	0.000000	0.003072	0.000000	0.000000	0.000000	0.000000	0.504670	0.000000	0.000000	0.000000	0.489228	0.000000
4	tsk_4	(x)	1	:	0.112771	0.000000	0.387229	0.000000	0.000000	0.000000	0.500000	0.000000	0.000000	0.000000	0.000000	0.000000	0.000000
5	tsk_5	(x)	1	:	0.257281	0.000000	0.245790	0.000000	0.000000	0.000000	0.000000	0.000000	0.000000	0.000000	0.000000	0.496929	0.000000
6	tsk_6	(x)	1	:	0.006542	0.000000	0.001442	0.000000	0.000000	0.000000	0.499188	0.000000	0.000000	0.000000	0.000000	0.492828	0.000000
7	tsk_7	(x)	1	:	0.000000	0.000000	0.000000	0.000000	0.000000	0.000000	0.000000	0.000000	0.000000	0.000000	0.000000	1.000000	0.000000
8	tsk_8	(x)	1	:	0.000000	0.000000	0.000000	0.000000	0.000000	0.000000	1.000000	0.000000	0.000000	0.000000	0.000000	0.000000	0.000000
9	tsk_9	(x)	1	:	0.002783	0.000000	0.005219	0.000000	0.000000	0.000000	0.499185	0.000000	0.000000	0.000000	0.000000	0.492813	0.000000
10	tsk_10	(x)	1	:	0.000000	0.000000	0.000000	0.000000	0.000000	0.000000	0.000000	0.000000	0.000000	0.000000	0.000000	1.000000	0.000000
11	tsk_11	(x)	1	:	0.000000	0.000000	0.000000	0.000000	0.000000	0.000000	0.000000	0.000000	1.000000	0.000000	0.000000	0.000000	0.000000
12	tsk_12	(x)	1	:	0.000783	0.000000	0.007466	0.000000	0.000000	0.000000	0.000000	0.000000	0.499145	0.000000	0.000000	0.492606	0.000000
13	tsk_13	(x)	1	:	0.000000	0.000000	0.000000	0.000000	0.000000	0.513869	0.000000	0.000000	0.486131	0.000000	0.000000	0.000000	0.000000
14	tsk_14	(x)	1	:	0.024867	0.000000	0.016066	0.000000	0.000000	0.000000	0.000000	0.462653	0.000000	0.000000	0.000000	0.496414	0.000000
15	tsk_15	(x)	1	:	0.000000	0.000000	0.000000	0.000000	0.000000	0.513869	0.000000	0.000000	0.486131	0.000000	0.000000	0.000000	0.000000
16	tsk_16	(x)	1	:	0.000000	0.000000	0.000000	0.000000	0.000000	0.000000	0.000000	0.000000	1.000000	0.000000	0.000000	0.000000	0.000000
17	tsk_17	(x)	1	:	0.000000	0.000000	0.000000	0.000000	0.000000	0.513869	0.000000	0.000000	0.486131	0.000000	0.000000	0.000000	0.000000
18	tsk_18	(x)	1	:	0.000000	0.000000	0.000000	0.000000	0.000000	0.000000	0.000000	0.457606	0.542394	0.000000	0.000000	0.000000	0.000000
19	tsk_19	(x)	1	:	0.000000	0.000000	0.000000	0.000000	0.000000	1.000000	0.000000	0.000000	0.000000	0.000000	0.000000	0.000000	0.000000
20	tsk_20	(x)	1	:	0.103467	0.472296	0.424236	0.000000	0.000000	0.000000	0.000000	0.000000	0.000000	0.000000	0.000000	0.000000	0.000000
21	tsk_21	(x)	1	:	0.333883	0.472296	0.193820	0.000000	0.000000	0.000000	0.000000	0.000000	0.000000	0.000000	0.000000	0.000000	0.000000
22	tsk_22	(x)	1	:	0.066139	0.000000	0.092898	0.000000	0.000000	0.000000	0.000000	0.000000	0.500870	0.340092	0.000000	0.000000	0.000000
23	tsk_23	(x)	1	:	0.164875	0.000000	0.835125	0.000000	0.000000	0.000000	0.000000	0.000000	0.000000	0.000000	0.000000	0.000000	0.000000
24	tsk_24	(x)	1	:	0.000000	0.000000	0.000000	0.000000	0.000000	0.000000	0.000000	0.000000	0.004195	0.000000	0.000000	0.498570	0.497235
25	tsk_25	(x)	1	:	0.413950	0.000000	0.586050	0.000000	0.000000	0.000000	0.000000	0.000000	0.000000	0.000000	0.000000	0.000000	0.000000
26	tsk_26	(x)	1	:	0.003030	0.000000	0.005233	0.000000	0.000000	0.000000	0.000000	0.000000	0.499142	0.000000	0.000000	0.492595	0.000000
27	tsk_27	(x)	1	:	0.371709	0.000000	0.628291	0.000000	0.000000	0.000000	0.000000	0.000000	0.000000	0.000000	0.000000	0.000000	0.000000
28	tsk_28	(x)	1	:	0.351151	0.000000	0.148849	0.000000	0.000000	0.000000	0.000000	0.000000	0.500000	0.000000	0.000000	0.000000	0.000000
29	tsk_29	(x)	1	:	0.266443	0.000000	0.232381	0.000000	0.000000	0.000000	0.000000	0.000000	0.004125	0.000000	0.000000	0.000000	0.497051
30	tsk_30	(x)	1	:	0.003892	0.000000	0.002086	0.000000	0.000000	0.000000	0.000000	0.504684	0.000000	0.000000	0.000000	0.489338	0.000000
31	tsk_31	(x)	1	:	0.005456	0.000000	0.003304	0.000000	0.000000	0.000000	0.000000	0.000000	0.499061	0.000000	0.000000	0.492179	0.000000
32	tsk_32	(x)	1	:	0.000000	0.000000	0.000000	0.000000	0.000000	0.000000	0.493469	0.506531	0.000000	0.000000	0.000000	0.000000	0.000000
33	tsk_33	(x)	1	:	0.047883	0.000000	0.455188	0.000000	0.000000	0.000000	0.000000	0.000000	0.000000	0.000000	0.000000	0.496929	0.000000
34	tsk_34	(x)	1	:	0.007042	0.000000	0.001032	0.000000	0.000000	0.000000	0.000000	0.000000	0.499173	0.000000	0.000000	0.492752	0.000000
35	tsk_35	(x)	1	:	0.268994	0.000000	0.234077	0.000000	0.000000	0.000000	0.000000	0.000000	0.000000	0.000000	0.000000	0.496929	0.000000
36	tsk_36	(x)	1	:	0.000000	0.000000	0.000000	0.000000	0.000000	0.000000	0.000000	0.000000	0.000000	0.000000	0.000000	1.000000	0.000000
37	tsk_37	(x)	1	:	0.004139	0.000000	0.004032	0.000000	0.000000	0.000000	0.499157	0.000000	0.000000	0.000000	0.000000	0.492672	0.000000
38	tsk_38	(x)	1	:	0.094308	0.000000	0.086942	0.000000	0.000000	0.000000	0.000000	0.404078	0.000000	0.414672	0.000000	0.000000	0.000000
39	tsk_39	(x)	1	:	0.001184	0.000000	0.007222	0.000000	0.000000	0.000000	0.000000	0.000000	0.499119	0.000000	0.000000	0.492475	0.000000
40	tsk_40	(x)	1	:	0.000000	0.000000	0.000000	0.000000	0.000000	0.000000	0.000000	1.000000	0.000000	0.000000	0.000000	0.000000	0.000000
41	tsk_41	(x)	1	:	0.045340	0.000000	0.294132	0.000000	0.000000	0.000000	0.000000	0.000000	0.500001	0.160526	0.000000	0.000000	0.000000
42	tsk_42	(x)	1	:	0.006732	0.000000	0.012448	0.000000	0.000000	0.000000	0.000000	0.000000	0.497371	0.000000	0.000000	0.483449	0.000000
43	tsk_43	(x)	1	:	0.004846	0.000000	0.001115	0.000000	0.000000	0.000000	0.000000	0.504686	0.000000	0.000000	0.000000	0.489353	0.000000
44	tsk_44	(x)	1	:	0.175144	0.000000	0.327927	0.000000	0.000000	0.000000	0.000000	0.000000	0.000000	0.000000	0.000000	0.496929	0.000000
45	tsk_45	(x)	1	:	0.494326	0.000000	0.000000	0.000000	0.000000	0.000000	0.000000	0.505674	0.000000	0.000000	0.000000	0.000000	0.000000
46	tsk_46	(x)	1	:	0.206987	0.000000	0.296084	0.000000	0.000000	0.000000	0.000000	0.000000	0.000000	0.000000	0.000000	0.496929	0.000000
47	tsk_47	(x)	1	:	0.000000	0.000000	0.000000	0.000000	0.000000	0.506127	0.000000	0.493873	0.000000	0.000000	0.000000	0.000000	0.000000
48	tsk_48	(x)	1	:	0.000000	0.000000	0.000000	0.000000	0.000000	0.000000	0.000000	0.483270	0.440958	0.075772	0.000000	0.000000	0.000000
49	tsk_49	(x)	1	:	0.000000	0.000000	0.000000	0.000000	0.000000	0.000000	0.000000	0.000000	0.938587	0.061413	0.000000	0.000000	0.000000
50	tsk_50	(x)	1	:	0.008621	0.000000	0.012804	0.000000	0.000001	0.000000	0.000000	0.000000	0.497012	0.000000	0.000000	0.481562	0.000000
51	tsk_51	(x)	1	:	0.299052	0.000000	0.160602	0.000000	0.000000	0.540340	0.000000	0.000000	0.000000	0.000000	0.000000	0.000007	0.000000
52	tsk_52	(x)	1	:	0.459655	0.000000	0.000000	0.000000	0.000000	0.540340	0.000000	0.000000	0.000000	0.000000	0.000000	0.000005	0.000000
53	tsk_53	(x)	1	:	0.000000	0.000000	0.000000	0.485076	0.000000	0.511922	0.003002	0.000000	0.000000	0.000000	0.000000	0.000000	0.000000
54	tsk_54	(x)	1	:	0.000000	0.000000	0.000000	1.000000	0.000000	0.000000	0.000000	0.000000	0.000000	0.000000	0.000000	0.000000	0.000000
55	tsk_55	(x)	1	:	0.004545	0.000000	0.004390	0.000000	0.000000	0.305955	0.000000	0.000000	0.499051	0.000000	0.000000	0.186058	0.000000
56	tsk_56	(x)	1	:	0.000596	0.000000	0.007627	0.000000	0.000000	0.000000	0.000000	0.000000	0.499149	0.000000	0.000000	0.492628	0.000000
57	tsk_57	(x)	1	:	0.272672	0.000000	0.230399	0.000000	0.000000	0.000000	0.000000	0.000000	0.000000	0.000000	0.000000	0.496929	0.000000
58	tsk_58	(x)	1	:	0.000000	0.000000	0.000000	0.000000	0.000000	0.305851	0.000000	0.000000	0.000000	0.000000	0.000000	0.694149	0.000000
59	tsk_59	(x)	1	:	0.000000	0.000000	0.000000	0.493079	0.000000	0.000000	0.008572	0.000000	0.000000	0.000000	0.000000	0.498349	0.000000
60	tsk_60	(x)	1	:	0.000000	0.000000	0.000000	0.492758	0.000000	0.305870	0.008948	0.000000	0.000000	0.000000	0.000000	0.192423	0.000000
61	tsk_61	(x)	1	:	0.000000	0.000000	0.000000	0.000000	0.000000	0.305851	0.000000	0.000000	0.000000	0.000000	0.000000	0.694149	0.000000
62	tsk_62	(x)	1	:	0.000000	0.000000	0.000000	0.000000	0.000000	0.000000	0.000000	0.000000	0.000000	0.000000	0.000000	1.000000	0.000000
63	tsk_63	(x)	1	:	0.000000	0.000000	0.000000	0.000000	0.000000	0.000000	0.000000	0.000000	0.000000	0.000000	0.000000	1.000000	0.000000
64	tsk_64	(x)	1	:	0.000000	0.000000	0.000000	0.000000	0.000000	0.709954	0.000000	0.000000	0.000000	0.000000	0.000000	0.290046	0.000000
65	tsk_65	(x)	1	:	0.000000	0.000000	0.000000	0.000000	0.000000	0.305851	0.000000	0.000000	0.000000	0.000000	0.000000	0.694149	0.000000
66	tsk_66	(x)	1	:	0.093043	0.000000	0.410018	0.000000	0.000000	0.305841	0.000000	0.000000	0.000000	0.000000	0.000000	0.191099	0.000000
67	tsk_67	(x)	1	:	0.000000	0.000000	0.000000	0.000000	0.000000	0.305851	0.000000	0.000000	0.000000	0.000000	0.000000	0.694149	0.000000
68	tsk_68	(x)	1	:	0.006012	0.000000	0.000719	0.000000	0.000000	0.306006	0.000000	0.504617	0.000000	0.000000	0.000000	0.182644	0.000000
69	tsk_69	(x)	1	:	0.000000	0.000000	0.000000	0.000000	0.000000	0.000000	0.493469	0.506531	0.000000	0.000000	0.000000	0.000000	0.000000
70	tsk_70	(x)	1	:	0.000000	0.000000	0.000000	0.000000	0.000000	0.000000	0.000000	0.000000	0.000000	0.000000	0.000000	1.000000	0.000000
71	tsk_71	(x)	1	:	0.000000	0.000000	0.000000	0.000000	0.000000	0.000000	0.000000	0.000000	0.000000	0.000000	0.000000	1.000000	0.000000
72	tsk_72	(x)	1	:	0.035859	0.472372	0.108897	0.000000	0.000000	0.382872	0.000000	0.000000	0.000000	0.000000	0.000000	0.000000	0.000000
73	tsk_73	(x)	1	:	0.003817	0.000000	0.004352	0.000000	0.000000	0.000000	0.499158	0.000000	0.000000	0.000000	0.000000	0.492673	0.000000
74	tsk_74	(x)	1	:	0.000000	0.000000	0.000000	0.000000	0.000000	0.544451	0.000000	0.000000	0.455549	0.000000	0.000000	0.000000	0.000000
75	tsk_75	(x)	1	:	0.000000	0.000000	0.000000	0.000000	0.000000	0.305851	0.000000	0.000000	0.000000	0.000000	0.000000	0.694149	0.000000
76	tsk_76	(x)	1	:	0.011597	0.574245	0.007734	0.000000	0.000000	0.000000	0.000000	0.406424	0.000000	0.000000	0.000000	0.000000	0.000000
77	tsk_77	(x)	1	:	0.024280	0.463632	0.023935	0.000000	0.000000	0.000000	0.000000	0.000000	0.000000	0.000000	0.000000	0.488153	0.000000
78	tsk_78	(x)	1	:	0.000000	0.000000	0.000000	0.000000	0.000000	0.000000	0.000000	0.000000	0.000000	0.000000	0.000000	1.000000	0.000000
79	tsk_79	(x)	1	:	0.004109	0.000000	0.004258	0.000000	0.000000	0.000000	0.499125	0.000000	0.000000	0.000000	0.000000	0.492508	0.000000
80	tsk_80	(x)	1	:	0.000000	0.000000	0.000000	0.000000	0.000000	0.000000	0.000000	0.506531	0.493469	0.000000	0.000000	0.000000	0.000000
81	tsk_81	(x)	1	:	0.190860	0.000000	0.809140	0.000000	0.000000	0.000000	0.000000	0.000000	0.000000	0.000000	0.000000	0.000000	0.000000
82	tsk_82	(x)	1	:	0.148960	0.000000	0.354111	0.000000	0.000000	0.000000	0.000000	0.000000	0.000000	0.000000	0.000000	0.496929	0.000000
83	tsk_83	(x)	1	:	0.331855	0.000000	0.168145	0.000000	0.000000	0.000000	0.000000	0.000000	0.500000	0.000000	0.000000	0.000000	0.000000
84	tsk_84	(x)	1	:	0.000488	0.000000	0.001215	0.000000	0.497242	0.000000	0.000000	0.000000	0.499260	0.000000	0.000000	0.001795	0.000000
85	tsk_85	(x)	1	:	0.000000	0.000000	0.000000	0.000000	0.000000	0.000000	0.000000	0.000000	0.000000	0.000000	0.000000	1.000000	0.000000
86	tsk_86	(x)	1	:	0.003430	0.000000	0.005008	0.000000	0.000000	0.000000	0.000000	0.000000	0.499114	0.000000	0.000000	0.492448	0.000000
87	tsk_87	(x)	1	:	0.305837	0.000000	0.694163	0.000000	0.000000	0.000000	0.000000	0.000000	0.000000	0.000000	0.000000	0.000000	0.000000
88	tsk_88	(x)	1	:	0.004779	0.000000	0.003422	0.000000	0.000000	0.000000	0.000000	0.000000	0.499153	0.000000	0.000000	0.492646	0.000000
89	tsk_89	(x)	1	:	0.493941	0.000000	0.506059	0.000000	0.000000	0.000000	0.000000	0.000000	0.000000	0.000000	0.000000	0.000000	0.000000
90	tsk_90	(x)	1	:	0.000000	0.000000	0.000000	0.000000	0.000000	0.000000	0.000000	0.000000	0.000000	0.000000	1.000000	0.000000	0.000000
91	tsk_91	(x)	1	:	0.482932	0.000000	0.517068	0.000000	0.000000	0.000000	0.000000	0.000000	0.000000	0.000000	0.000000	0.000000	0.000000
92	tsk_92	(x)	1	:	0.025704	0.000000	0.138830	0.000000	0.000000	0.000000	0.000000	0.000000	0.000000	0.338958	0.000000	0.496507	0.000000
93	tsk_93	(x)	1	:	0.372615	0.000000	0.126524	0.000000	0.000000	0.000000	0.005195	0.000000	0.000000	0.000000	0.495666	0.000000	0.000000
94	tsk_94	(x)	1	:	0.000000	0.000000	0.000000	0.000000	0.000000	0.000000	1.000000	0.000000	0.000000	0.000000	0.000000	0.000000	0.000000
95	tsk_95	(x)	1	:	0.000000	0.000000	0.000000	0.000000	0.000000	0.000000	0.000000	0.000000	0.000000	0.000000	1.000000	0.000000	0.000000
96	tsk_96	(x)	1	:	0.000000	0.000000	0.000000	0.000000	0.000000	0.000000	0.000000	0.000000	0.000000	0.000000	1.000000	0.000000	0.000000
97	tsk_97	(x)	1	:	0.356928	0.000000	0.142214	0.000000	0.000000	0.000000	0.005177	0.000000	0.000000	0.000000	0.495681	0.000000	0.000000
98	tsk_98	(x)	1	:	0.002538	0.000000	0.005481	0.000000	0.000000	0.000000	0.499182	0.000000	0.000000	0.000000	0.000000	0.492798	0.000000
99	tsk_99	(x)	1	:	0.000000	0.000000	0.000000	0.000000	0.000000	0.000000	0.000000	0.000000	0.000000	0.000000	0.000000	1.000000	0.000000
100	tsk_100	(x)	1	:	0.344849	0.000000	0.149476	0.000000	0.000000	0.000000	0.000000	0.505674	0.000000	0.000000	0.000000	0.000000	0.000000
101	tsk_101	(x)	1	:	0.113167	0.000000	0.389893	0.000000	0.000000	0.305841	0.000000	0.000000	0.000000	0.000000	0.000000	0.191099	0.000000
102	tsk_102	(x)	1	:	0.149689	0.000000	0.344637	0.000000	0.000000	0.000000	0.000000	0.505674	0.000000	0.000000	0.000000	0.000000	0.000000
103	tsk_103	(x)	1	:	0.000988	0.000000	0.000713	0.000000	0.497140	0.000000	0.000000	0.000000	0.499243	0.000000	0.000000	0.001915	0.000000
104	tsk_104	(x)	1	:	0.116657	0.000000	0.386414	0.000000	0.000000	0.000000	0.000000	0.000000	0.000000	0.000000	0.000000	0.496929	0.000000
105	tsk_105	(x)	1	:	0.005446	0.000000	0.002610	0.000000	0.000000	0.000000	0.000000	0.000000	0.499176	0.000000	0.000000	0.492768	0.000000
106	tsk_106	(x)	1	:	0.004049	0.000000	0.001983	0.000000	0.000000	0.000000	0.000000	0.504678	0.000000	0.000000	0.000000	0.489290	0.000000
107	tsk_107	(x)	1	:	0.169789	0.000000	0.330211	0.000000	0.000000	0.000000	0.000000	0.000000	0.500000	0.000000	0.000000	0.000000	0.000000
108	tsk_108	(x)	1	:	0.000000	0.000000	0.000000	0.000000	0.000000	0.305851	0.000000	0.000000	0.000000	0.000000	0.000000	0.694149	0.000000
109	tsk_109	(x)	1	:	0.275749	0.000000	0.224250	0.000000	0.000000	0.000000	0.000000	0.000000	0.500000	0.000000	0.000000	0.000000	0.000000
110	tsk_110	(x)	1	:	0.238045	0.000000	0.260772	0.000000	0.000000	0.000000	0.000000	0.000000	0.004153	0.000000	0.000000	0.000000	0.497031
111	tsk_111	(x)	1	:	0.296362	0.000000	0.202455	0.000000	0.000000	0.000000	0.000000	0.000000	0.004150	0.000000	0.000000	0.000000	0.497032
112	tsk_112	(x)	1	:	0.000000	0.000000	0.000000	0.000000	0.000000	0.000000	0.000000	0.000000	0.500000	0.000000	0.000000	0.000000	0.500000
113	tsk_113	(x)	1	:	0.000000	0.000000	0.000000	0.000000	0.000000	0.000000	0.000000	0.000000	0.000000	0.000000	0.000000	0.000000	1.000000
114	tsk_114	(x)	1	:	0.000000	0.000000	0.000000	0.000000	0.000000	0.000000	0.000000	0.000000	0.000000	0.000000	0.000000	0.000000	1.000000
115	tsk_115	(x)	1	:	0.000000	0.000000	0.000000	0.000000	0.000000	0.000000	0.000000	0.000000	0.500000	0.000000	0.000000	0.000000	0.500000
116	tsk_116	(x)	1	:	0.000000	0.000000	0.000000	0.000000	0.000000	0.000000	0.000000	0.000000	0.500000	0.000000	0.000000	0.000000	0.500000
117	tsk_117	(x)	1	:	0.000000	0.000000	0.000000	0.000000	0.000000	0.000000	0.000000	0.000000	1.000000	0.000000	0.000000	0.000000	0.000000
118	tsk_118	(x)	1	:	0.062821	0.000000	0.435996	0.000000	0.000000	0.000000	0.000000	0.000000	0.004150	0.000000	0.000000	0.000000	0.497033
119	tsk_119	(x)	1	:	0.181288	0.000000	0.818712	0.000000	0.000000	0.000000	0.000000	0.000000	0.000000	0.000000	0.000000	0.000000	0.000000
120	tsk_120	(x)	1	:	0.142066	0.000000	0.361005	0.000000	0.000000	0.000000	0.000000	0.000000	0.000000	0.000000	0.000000	0.496929	0.000000
121	tsk_121	(x)	1	:	0.000000	0.000000	0.000000	0.000000	0.000000	0.000000	0.000000	0.000000	0.000000	0.000000	0.000000	1.000000	0.000000
122	tsk_122	(x)	1	:	0.387747	0.000000	0.110852	0.492917	0.000000	0.000000	0.008483	0.000000	0.000000	0.000000	0.000000	0.000000	0.000000
123	tsk_123	(x)	1	:	0.002099	0.000000	0.006263	0.000000	0.000000	0.000000	0.000000	0.000000	0.499126	0.000000	0.000000	0.492511	0.000000
124	tsk_124	(x)	1	:	0.000000	0.000000	0.000000	0.000000	0.000000	0.000000	0.000000	0.000000	0.000000	0.000000	0.000000	1.000000	0.000000
125	tsk_125	(x)	1	:	0.286448	0.000000	0.216623	0.000000	0.000000	0.000000	0.000000	0.000000	0.000000	0.000000	0.000000	0.496929	0.000000
126	tsk_126	(x)	1	:	0.154997	0.000000	0.348074	0.000000	0.000000	0.000000	0.000000	0.000000	0.000000	0.000000	0.000000	0.496929	0.000000
127	tsk_127	(x)	1	:	0.257105	0.000000	0.245966	0.000000	0.000000	0.000000	0.000000	0.000000	0.000000	0.000000	0.000000	0.496929	0.000000
128	tsk_128	(x)	1	:	0.505667	0.000000	0.494333	0.000000	0.000000	0.000000	0.000000	0.000000	0.000000	0.000000	0.000000	0.000000	0.000000
129	tsk_129	(x)	1	:	0.000000	0.000000	0.000000	0.000000	0.000000	0.000000	0.000000	0.000000	0.000000	0.000000	0.000000	1.000000	0.000000
130	tsk_130	(x)	1	:	0.000000	0.000000	0.000000	0.000000	0.459656	0.540341	0.000000	0.000000	0.000000	0.000000	0.000000	0.000002	0.000000
131	tsk_131	(x)	1	:	0.000000	0.000000	0.000000	0.000000	0.000000	0.513869	0.486131	0.000000	0.000000	0.000000	0.000000	0.000000	0.000000
132	tsk_132	(x)	1	:	0.182548	0.000000	0.817452	0.000000	0.000000	0.000000	0.000000	0.000000	0.000000	0.000000	0.000000	0.000000	0.000000
133	tsk_133	(x)	1	:	0.163301	0.000000	0.836699	0.000000	0.000000	0.000000	0.000000	0.000000	0.000000	0.000000	0.000000	0.000000	0.000000
134	tsk_134	(x)	1	:	0.112018	0.000000	0.386802	0.000000	0.000000	0.000000	0.000000	0.000000	0.004140	0.000000	0.000000	0.000000	0.497040
135	tsk_135	(x)	1	:	0.251426	0.000000	0.748573	0.000000	0.000000	0.000000	0.000000	0.000000	0.000000	0.000000	0.000000	0.000000	0.000000
136	tsk_136	(x)	1	:	0.000000	0.000000	0.000000	0.000000	0.000000	1.000000	0.000000	0.000000	0.000000	0.000000	0.000000	0.000000	0.000000
137	tsk_137	(x)	1	:	0.350262	0.000000	0.109391	0.000000	0.000000	0.540339	0.000000	0.000000	0.000000	0.000000	0.000000	0.000008	0.000000
138	tsk_138	(x)	1	:	0.000000	0.000000	0.000000	0.000000	0.000000	0.000000	0.500000	0.000000	0.500000	0.000000	0.000000	0.000000	0.000000
139	tsk_139	(x)	1	:	0.005764	0.000000	0.002272	0.000000	0.000000	0.000000	0.499180	0.000000	0.000000	0.000000	0.000000	0.492784	0.000000
140	tsk_140	(x)	1	:	0.438063	0.000000	0.561937	0.000000	0.000000	0.000000	0.000000	0.000000	0.000000	0.000000	0.000000	0.000000	0.000000
141	tsk_141	(x)	1	:	0.283818	0.000000	0.216182	0.000000	0.000000	0.000000	0.500000	0.000000	0.000000	0.000000	0.000000	0.000000	0.000000
142	tsk_142	(x)	1	:	0.000000	0.000000	0.000000	0.000000	0.000000	0.000000	0.500000	0.000000	0.500000	0.000000	0.000000	0.000000	0.000000
143	tsk_143	(x)	1	:	0.227758	0.000000	0.772242	0.000000	0.000000	0.000000	0.000000	0.000000	0.000000	0.000000	0.000000	0.000000	0.000000
144	tsk_144	(x)	1	:	0.321004	0.000000	0.178996	0.000000	0.000000	0.000000	0.500000	0.000000	0.000000	0.000000	0.000000	0.000000	0.000000
145	tsk_145	(x)	1	:	0.003703	0.000000	0.004662	0.000000	0.000000	0.000000	0.499126	0.000000	0.000000	0.000000	0.000000	0.492509	0.000000
146	tsk_146	(x)	1	:	0.000000	0.000000	0.000000	0.000000	0.000000	0.000000	1.000000	0.000000	0.000000	0.000000	0.000000	0.000000	0.000000
147	tsk_147	(x)	1	:	0.139886	0.000000	0.360114	0.000000	0.000000	0.000000	0.000000	0.000000	0.500000	0.000000	0.000000	0.000000	0.000000
148	tsk_148	(x)	1	:	0.198545	0.000000	0.304526	0.000000	0.000000	0.000000	0.000000	0.000000	0.000000	0.000000	0.000000	0.496929	0.000000
149	tsk_149	(x)	1	:	0.000000	0.000000	0.000000	0.000000	0.000000	0.000000	0.000000	0.000000	1.000000	0.000000	0.000000	0.000000	0.000000
