0	tsk_0	(x)	1	:	0.000000	0.000000	0.000000	0.000000	0.000000	0.000000	0.000000	0.000000	0.000000	0.000000	0.000000	0.502596	0.000000	0.497404
1	tsk_1	(x)	1	:	0.000000	0.000000	0.000000	0.054289	0.439947	0.000000	0.000000	0.000000	0.000000	0.000000	0.000000	0.504469	0.000000	0.001295
2	tsk_2	(x)	1	:	0.000000	0.000000	0.000000	0.000000	0.000000	0.000000	0.000000	0.264640	0.000000	0.000000	0.000000	0.503169	0.000000	0.232191
3	tsk_3	(x)	1	:	0.000000	0.000000	0.000000	0.171167	0.000000	0.000000	0.000000	0.000000	0.000000	0.000000	0.375933	0.000000	0.000000	0.452900
4	tsk_4	(x)	1	:	0.000000	0.000000	0.000000	0.000000	1.000000	0.000000	0.000000	0.000000	0.000000	0.000000	0.000000	0.000000	0.000000	0.000000
5	tsk_5	(x)	1	:	0.000000	0.000000	0.000000	0.000000	0.474868	0.000000	0.000000	0.000000	0.525132	0.000000	0.000000	0.000000	0.000000	0.000000
6	tsk_6	(x)	1	:	0.000000	0.000000	0.000000	0.198136	0.440439	0.000000	0.000000	0.000000	0.000000	0.000000	0.361425	0.000000	0.000000	0.000000
7	tsk_7	(x)	1	:	0.000000	0.000000	0.000000	0.000000	0.000000	0.000000	0.000000	0.000000	0.000000	0.000000	0.000000	0.000000	0.000000	1.000000
8	tsk_8	(x)	1	:	0.000000	0.000000	0.000000	0.000000	0.000000	0.000000	0.000000	0.000000	0.000000	0.000000	0.587799	0.000000	0.000000	0.412201
9	tsk_9	(x)	1	:	0.000000	0.000000	0.000000	0.000000	1.000000	0.000000	0.000000	0.000000	0.000000	0.000000	0.000000	0.000000	0.000000	0.000000
10	tsk_10	(x)	1	:	0.000000	0.000000	0.000000	0.000000	0.000000	0.000000	0.000000	0.000000	0.000000	0.000000	0.000000	0.502597	0.000000	0.497403
11	tsk_11	(x)	1	:	0.000000	0.041742	0.000000	0.000000	0.000000	0.436538	0.000000	0.000000	0.000000	0.000000	0.000000	0.000000	0.521720	0.000000
12	tsk_12	(x)	1	:	0.000000	0.089700	0.000000	0.056409	0.440008	0.413882	0.000000	0.000000	0.000000	0.000000	0.000000	0.000000	0.000000	0.000000
13	tsk_13	(x)	1	:	0.000000	0.000000	0.000000	0.050486	0.439966	0.000000	0.000000	0.000000	0.000000	0.000000	0.000000	0.000000	0.000000	0.509548
14	tsk_14	(x)	1	:	0.000000	0.000000	0.000000	0.000000	0.000000	0.000000	0.000000	0.000000	0.000000	0.000000	0.000000	0.502596	0.000000	0.497404
15	tsk_15	(x)	1	:	0.000000	0.000000	0.000000	0.000000	0.000000	0.000000	0.000000	0.000000	0.518203	0.000000	0.000000	0.000000	0.000000	0.481797
16	tsk_16	(x)	1	:	0.000000	0.000000	0.000000	0.000000	0.000000	0.000000	0.000000	0.000000	0.000000	0.000000	0.000000	0.000000	0.441057	0.558942
17	tsk_17	(x)	1	:	0.293723	0.103277	0.000000	0.000000	0.000000	0.407234	0.195766	0.000000	0.000000	0.000000	0.000000	0.000000	0.000000	0.000000
18	tsk_18	(x)	1	:	0.142578	0.000000	0.000000	0.058143	0.440010	0.000000	0.359269	0.000000	0.000000	0.000000	0.000000	0.000000	0.000000	0.000000
19	tsk_19	(x)	1	:	0.000000	0.000000	0.000000	0.050486	0.439966	0.000000	0.000000	0.000000	0.000000	0.000000	0.000000	0.000000	0.000000	0.509548
20	tsk_20	(x)	1	:	0.000000	0.000000	0.000000	0.000000	1.000000	0.000000	0.000000	0.000000	0.000000	0.000000	0.000000	0.000000	0.000000	0.000000
21	tsk_21	(x)	1	:	0.000000	0.000000	0.000000	0.490369	0.000000	0.000000	0.000000	0.000000	0.000000	0.000000	0.000000	0.502751	0.000000	0.006880
22	tsk_22	(x)	1	:	0.000000	0.051803	0.000000	0.000000	0.516251	0.431946	0.000000	0.000000	0.000000	0.000000	0.000000	0.000000	0.000000	0.000000
23	tsk_23	(x)	1	:	0.000000	0.000000	0.000000	0.000000	1.000000	0.000000	0.000000	0.000000	0.000000	0.000000	0.000000	0.000000	0.000000	0.000000
24	tsk_24	(x)	1	:	0.000000	0.000000	0.000000	0.000000	1.000000	0.000000	0.000000	0.000000	0.000000	0.000000	0.000000	0.000000	0.000000	0.000000
25	tsk_25	(x)	1	:	0.000000	0.089766	0.000000	0.496381	0.000000	0.413852	0.000000	0.000000	0.000000	0.000000	0.000000	0.000000	0.000000	0.000000
26	tsk_26	(x)	1	:	0.000000	0.059465	0.000000	0.000000	0.000000	0.428316	0.000000	0.000000	0.000000	0.000000	0.175844	0.000000	0.000000	0.336374
27	tsk_27	(x)	1	:	0.000000	0.000000	0.000000	0.000000	0.000000	1.000000	0.000000	0.000000	0.000000	0.000000	0.000000	0.000000	0.000000	0.000000
28	tsk_28	(x)	1	:	0.000000	0.089772	0.000000	0.496381	0.000000	0.413847	0.000000	0.000000	0.000000	0.000000	0.000000	0.000000	0.000000	0.000000
29	tsk_29	(x)	1	:	0.000000	0.000000	0.000000	0.000000	0.586887	0.000000	0.000000	0.259043	0.000000	0.000000	0.000000	0.000000	0.000000	0.154070
30	tsk_30	(x)	1	:	0.000000	1.000000	0.000000	0.000000	0.000000	0.000000	0.000000	0.000000	0.000000	0.000000	0.000000	0.000000	0.000000	0.000000
31	tsk_31	(x)	1	:	0.000000	0.000000	0.000000	0.559602	0.440398	0.000000	0.000000	0.000000	0.000000	0.000000	0.000000	0.000000	0.000000	0.000000
32	tsk_32	(x)	1	:	0.000000	0.087268	0.000000	0.000604	0.000000	0.415186	0.000000	0.264425	0.000000	0.000000	0.000000	0.000000	0.000000	0.232516
33	tsk_33	(x)	1	:	0.000000	0.000000	0.000000	0.000000	1.000000	0.000000	0.000000	0.000000	0.000000	0.000000	0.000000	0.000000	0.000000	0.000000
34	tsk_34	(x)	1	:	0.000000	1.000000	0.000000	0.000000	0.000000	0.000000	0.000000	0.000000	0.000000	0.000000	0.000000	0.000000	0.000000	0.000000
35	tsk_35	(x)	1	:	0.000000	0.000000	0.000000	0.000000	0.000000	0.519092	0.000000	0.000000	0.000000	0.000000	0.000000	0.000000	0.000000	0.480907
36	tsk_36	(x)	1	:	0.000000	1.000000	0.000000	0.000000	0.000000	0.000000	0.000000	0.000000	0.000000	0.000000	0.000000	0.000000	0.000000	0.000000
37	tsk_37	(x)	1	:	0.000000	0.000000	0.000000	0.000000	1.000000	0.000000	0.000000	0.000000	0.000000	0.000000	0.000000	0.000000	0.000000	0.000000
38	tsk_38	(x)	1	:	0.000000	0.000000	0.000000	0.000000	1.000000	0.000000	0.000000	0.000000	0.000000	0.000000	0.000000	0.000000	0.000000	0.000000
39	tsk_39	(x)	1	:	0.000000	0.000000	0.000000	0.000000	1.000000	0.000000	0.000000	0.000000	0.000000	0.000000	0.000000	0.000000	0.000000	0.000000
40	tsk_40	(x)	1	:	0.168580	0.000000	0.000000	0.000000	0.000000	0.000000	0.331997	0.000000	0.000000	0.000000	0.000000	0.000000	0.000000	0.499423
41	tsk_41	(x)	1	:	0.000000	0.089770	0.000000	0.496381	0.000000	0.413848	0.000000	0.000000	0.000000	0.000000	0.000000	0.000000	0.000000	0.000000
42	tsk_42	(x)	1	:	0.219608	0.000000	0.000000	0.000000	0.000000	0.000000	0.280967	0.000000	0.000000	0.000000	0.000000	0.000000	0.325209	0.174216
43	tsk_43	(x)	1	:	0.111115	0.000000	0.000000	0.058145	0.440008	0.000000	0.390732	0.000000	0.000000	0.000000	0.000000	0.000000	0.000000	0.000000
44	tsk_44	(x)	1	:	0.547760	0.000000	0.000000	0.000000	0.000000	0.000000	0.452240	0.000000	0.000000	0.000000	0.000000	0.000000	0.000000	0.000000
45	tsk_45	(x)	1	:	0.124899	0.000000	0.000000	0.058138	0.440014	0.000000	0.376948	0.000000	0.000000	0.000000	0.000000	0.000000	0.000000	0.000000
46	tsk_46	(x)	1	:	0.000000	0.000000	0.000000	0.490046	0.000000	0.000000	0.000000	0.000000	0.000000	0.000000	0.000000	0.000000	0.441049	0.068905
47	tsk_47	(x)	1	:	0.000000	0.000000	0.000000	0.559602	0.440398	0.000000	0.000000	0.000000	0.000000	0.000000	0.000000	0.000000	0.000000	0.000000
48	tsk_48	(x)	1	:	0.000000	0.000000	0.000000	0.000000	0.000000	0.000000	0.000000	0.000000	0.000000	0.000000	0.000000	0.000000	0.000000	1.000000
49	tsk_49	(x)	1	:	0.000000	0.000000	0.000000	0.000000	0.000000	0.000000	0.000000	0.000000	0.000000	0.000000	0.000000	0.502596	0.000000	0.497403
50	tsk_50	(x)	1	:	0.000000	0.000000	0.000000	0.000000	0.000000	0.000000	0.000000	0.000000	0.000000	0.000000	0.000000	1.000000	0.000000	0.000000
51	tsk_51	(x)	1	:	0.000000	0.085901	0.000000	0.000000	0.000000	0.415713	0.000000	0.000000	0.000000	0.000000	0.000000	0.498350	0.000000	0.000036
52	tsk_52	(x)	1	:	0.246563	0.000000	0.000000	0.000000	0.000000	0.000000	0.254014	0.000000	0.000000	0.000000	0.000000	0.000000	0.000000	0.499423
53	tsk_53	(x)	1	:	0.000000	0.000000	0.000000	0.000000	0.000000	0.000000	0.000000	0.000000	0.000000	0.000000	0.000000	1.000000	0.000000	0.000000
54	tsk_54	(x)	1	:	0.289449	0.103289	0.000000	0.000000	0.000000	0.407242	0.200019	0.000000	0.000000	0.000000	0.000000	0.000000	0.000000	0.000000
55	tsk_55	(x)	1	:	0.000000	0.000000	0.000000	0.000000	0.000000	0.000000	0.000000	0.000000	0.000000	0.000000	0.000000	0.502596	0.000000	0.497404
56	tsk_56	(x)	1	:	0.501893	0.000000	0.000000	0.498107	0.000000	0.000000	0.000000	0.000000	0.000000	0.000000	0.000000	0.000000	0.000000	0.000000
57	tsk_57	(x)	1	:	0.000000	0.000000	0.000000	0.490325	0.000000	0.000000	0.000000	0.000000	0.000000	0.000000	0.000000	0.502729	0.000000	0.006946
58	tsk_58	(x)	1	:	0.358671	0.000000	0.000000	0.000000	0.000000	0.000000	0.641328	0.000000	0.000000	0.000000	0.000000	0.000000	0.000000	0.000000
59	tsk_59	(x)	1	:	0.210571	0.103279	0.000000	0.000000	0.000000	0.407198	0.278952	0.000000	0.000000	0.000000	0.000000	0.000000	0.000000	0.000000
60	tsk_60	(x)	1	:	0.230974	0.000000	0.000000	0.498107	0.000000	0.000000	0.270919	0.000000	0.000000	0.000000	0.000000	0.000000	0.000000	0.000000
61	tsk_61	(x)	1	:	0.000000	0.000000	0.000000	1.000000	0.000000	0.000000	0.000000	0.000000	0.000000	0.000000	0.000000	0.000000	0.000000	0.000000
62	tsk_62	(x)	1	:	0.430489	0.000000	0.000000	0.000000	0.000000	0.000000	0.569511	0.000000	0.000000	0.000000	0.000000	0.000000	0.000000	0.000000
63	tsk_63	(x)	1	:	0.000000	0.000000	0.000000	0.490799	0.000000	0.000000	0.000000	0.000000	0.000000	0.000000	0.000000	0.502966	0.000000	0.006235
64	tsk_64	(x)	1	:	0.267128	0.000000	0.000000	0.000000	0.000000	0.000000	0.233445	0.000000	0.000000	0.000000	0.000000	0.000000	0.441047	0.058379
65	tsk_65	(x)	1	:	0.170746	0.000000	0.000000	0.000000	0.000000	0.000000	0.329831	0.000000	0.000000	0.000000	0.000000	0.000000	0.000000	0.499423
66	tsk_66	(x)	1	:	0.348593	0.000000	0.000000	0.000000	0.000000	0.000000	0.651406	0.000000	0.000000	0.000000	0.000000	0.000000	0.000000	0.000000
67	tsk_67	(x)	1	:	0.190906	0.000000	0.000000	0.000000	0.000000	0.000000	0.309668	0.000000	0.000000	0.000000	0.000000	0.000000	0.325208	0.174217
68	tsk_68	(x)	1	:	0.000000	0.000000	0.000000	1.000000	0.000000	0.000000	0.000000	0.000000	0.000000	0.000000	0.000000	0.000000	0.000000	0.000000
69	tsk_69	(x)	1	:	0.000000	0.000000	0.000000	0.000000	0.000000	0.000000	0.000000	0.258956	0.000000	0.000000	0.000000	0.000000	0.441094	0.299950
70	tsk_70	(x)	1	:	0.000000	0.000000	0.000000	0.490046	0.000000	0.000000	0.000000	0.000000	0.000000	0.000000	0.000000	0.000000	0.441049	0.068905
71	tsk_71	(x)	1	:	0.000000	0.000000	0.000000	0.491115	0.000000	0.000000	0.000000	0.000000	0.000000	0.000000	0.000000	0.503124	0.000000	0.005761
72	tsk_72	(x)	1	:	0.000000	0.089768	0.000000	0.496381	0.000000	0.413850	0.000000	0.000000	0.000000	0.000000	0.000000	0.000000	0.000000	0.000000
73	tsk_73	(x)	1	:	0.000000	0.089768	0.000000	0.496381	0.000000	0.413851	0.000000	0.000000	0.000000	0.000000	0.000000	0.000000	0.000000	0.000000
74	tsk_74	(x)	1	:	0.316887	0.000000	0.000000	0.000000	0.000000	0.000000	0.183687	0.000000	0.000000	0.000000	0.000000	0.000000	0.441047	0.058379
75	tsk_75	(x)	1	:	0.000000	0.000000	0.000000	0.490046	0.000000	0.000000	0.000000	0.000000	0.000000	0.000000	0.000000	0.000000	0.441049	0.068905
76	tsk_76	(x)	1	:	0.000000	0.000000	0.000000	0.180156	0.000000	0.000000	0.000000	0.000000	0.000000	0.000000	0.376636	0.000000	0.443207	0.000000
77	tsk_77	(x)	1	:	0.000000	0.000000	0.000000	0.490046	0.000000	0.000000	0.000000	0.000000	0.000000	0.000000	0.000000	0.000000	0.441049	0.068905
78	tsk_78	(x)	1	:	0.000000	0.000000	0.000000	0.000000	0.000000	0.000000	0.000000	0.000000	0.000000	0.000000	0.000000	0.000000	1.000000	0.000000
79	tsk_79	(x)	1	:	0.170751	0.000000	0.000000	0.498107	0.000000	0.000000	0.331142	0.000000	0.000000	0.000000	0.000000	0.000000	0.000000	0.000000
80	tsk_80	(x)	1	:	0.146683	0.103285	0.000000	0.000000	0.000000	0.407249	0.342784	0.000000	0.000000	0.000000	0.000000	0.000000	0.000000	0.000000
81	tsk_81	(x)	1	:	0.113198	0.000000	0.000000	0.058145	0.440008	0.000000	0.388649	0.000000	0.000000	0.000000	0.000000	0.000000	0.000000	0.000000
82	tsk_82	(x)	1	:	0.077083	0.000000	0.000000	0.000000	0.000000	0.000000	0.347563	0.000000	0.000000	0.575354	0.000000	0.000000	0.000000	0.000000
83	tsk_83	(x)	1	:	0.357600	0.000000	0.000000	0.000000	0.000000	0.000000	0.642400	0.000000	0.000000	0.000000	0.000000	0.000000	0.000000	0.000000
84	tsk_84	(x)	1	:	0.378726	0.000000	0.000000	0.000000	0.000000	0.000000	0.621274	0.000000	0.000000	0.000000	0.000000	0.000000	0.000000	0.000000
85	tsk_85	(x)	1	:	0.315343	0.000000	0.000000	0.000000	0.000000	0.000000	0.684656	0.000000	0.000000	0.000000	0.000000	0.000000	0.000000	0.000000
86	tsk_86	(x)	1	:	0.000000	0.000000	0.000000	0.000000	0.000000	0.000000	1.000000	0.000000	0.000000	0.000000	0.000000	0.000000	0.000000	0.000000
87	tsk_87	(x)	1	:	0.215579	0.000000	0.000000	0.000000	0.000000	0.000000	0.284421	0.000000	0.000000	0.000000	0.000000	0.500000	0.000000	0.000000
88	tsk_88	(x)	1	:	0.433656	0.000000	0.000000	0.000000	0.000000	0.000000	0.566344	0.000000	0.000000	0.000000	0.000000	0.000000	0.000000	0.000000
89	tsk_89	(x)	1	:	0.000000	0.424992	0.000000	0.000000	0.000000	0.000000	0.000000	0.000000	0.000000	0.575008	0.000000	0.000000	0.000000	0.000000
90	tsk_90	(x)	1	:	0.202572	0.000000	0.000000	0.000000	0.000000	0.000000	0.271385	0.000000	0.000000	0.000000	0.000000	0.000000	0.000000	0.526043
91	tsk_91	(x)	1	:	0.387210	0.000000	0.000000	0.000000	0.000000	0.000000	0.612790	0.000000	0.000000	0.000000	0.000000	0.000000	0.000000	0.000000
92	tsk_92	(x)	1	:	0.000000	0.000000	0.000000	0.368258	0.440472	0.000000	0.000000	0.000000	0.000000	0.000000	0.191270	0.000000	0.000000	0.000000
93	tsk_93	(x)	1	:	0.000000	0.000000	0.000000	0.050486	0.439966	0.000000	0.000000	0.000000	0.000000	0.000000	0.000000	0.000000	0.000000	0.509548
94	tsk_94	(x)	1	:	0.125388	0.000000	0.000000	0.058148	0.440005	0.000000	0.376458	0.000000	0.000000	0.000000	0.000000	0.000000	0.000000	0.000000
95	tsk_95	(x)	1	:	0.000000	0.000000	0.000000	0.053030	0.439906	0.000000	0.000000	0.000000	0.000000	0.000000	0.000000	0.503798	0.000000	0.003266
96	tsk_96	(x)	1	:	0.054762	0.000000	0.000000	0.058139	0.440013	0.000000	0.447085	0.000000	0.000000	0.000000	0.000000	0.000000	0.000000	0.000000
97	tsk_97	(x)	1	:	0.000000	0.000000	0.000000	0.050486	0.439966	0.000000	0.000000	0.000000	0.000000	0.000000	0.000000	0.000000	0.000000	0.509548
98	tsk_98	(x)	1	:	0.000000	0.000000	0.000000	0.319442	0.000000	0.000000	0.000000	0.000000	0.000000	0.000000	0.200933	0.000000	0.000000	0.479625
99	tsk_99	(x)	1	:	0.269358	0.000000	0.000000	0.000057	0.000000	0.000000	0.231213	0.000000	0.000000	0.000000	0.000000	0.000000	0.000000	0.499372
100	tsk_100	(x)	1	:	0.152233	0.103284	0.000000	0.000000	0.000000	0.407253	0.337229	0.000000	0.000000	0.000000	0.000000	0.000000	0.000000	0.000000
101	tsk_101	(x)	1	:	0.328019	0.000000	0.000000	0.000000	0.000000	0.000000	0.172555	0.000000	0.000000	0.000000	0.000000	0.000000	0.441047	0.058379
102	tsk_102	(x)	1	:	0.000000	0.000000	0.000000	1.000000	0.000000	0.000000	0.000000	0.000000	0.000000	0.000000	0.000000	0.000000	0.000000	0.000000
103	tsk_103	(x)	1	:	0.313577	0.000000	0.000000	0.000000	0.000000	0.000000	0.686423	0.000000	0.000000	0.000000	0.000000	0.000000	0.000000	0.000000
104	tsk_104	(x)	1	:	0.258579	0.000000	0.000000	0.000000	0.000000	0.000000	0.224160	0.000000	0.000000	0.000000	0.176820	0.000000	0.000000	0.340441
105	tsk_105	(x)	1	:	0.316790	0.103281	0.000000	0.000000	0.000000	0.407245	0.172684	0.000000	0.000000	0.000000	0.000000	0.000000	0.000000	0.000000
106	tsk_106	(x)	1	:	0.485941	0.000000	0.000000	0.000000	0.000000	0.000000	0.514059	0.000000	0.000000	0.000000	0.000000	0.000000	0.000000	0.000000
107	tsk_107	(x)	1	:	0.119213	0.000000	0.000000	0.000000	0.000000	0.000000	0.380787	0.000000	0.000000	0.000000	0.000000	0.500000	0.000000	0.000000
108	tsk_108	(x)	1	:	0.000000	0.000000	0.000000	0.490069	0.000000	0.000000	0.000000	0.000000	0.000000	0.000000	0.000000	0.000000	0.000000	0.509931
109	tsk_109	(x)	1	:	0.125784	0.000000	0.000000	0.000000	0.000000	0.000000	0.374793	0.000000	0.000000	0.000000	0.000000	0.000000	0.000000	0.499423
110	tsk_110	(x)	1	:	0.000000	0.000000	0.000000	0.050486	0.439966	0.000000	0.000000	0.000000	0.000000	0.000000	0.000000	0.000000	0.000000	0.509548
111	tsk_111	(x)	1	:	0.000000	0.000000	0.000000	0.178945	0.000000	0.000000	0.000000	0.000000	0.000000	0.000000	0.366625	0.000000	0.000000	0.454430
112	tsk_112	(x)	1	:	0.000000	0.000000	0.000000	0.000000	0.000000	0.000000	0.000000	0.000000	0.000000	0.000000	0.153351	0.502451	0.000000	0.344198
113	tsk_113	(x)	1	:	0.000000	0.087238	0.000000	0.000533	0.000000	0.415221	0.000000	0.264424	0.000000	0.000000	0.000000	0.000000	0.000000	0.232584
114	tsk_114	(x)	1	:	0.000000	0.000000	0.000000	0.000000	0.000000	0.000000	0.000000	0.000000	0.000000	0.000000	0.000000	0.502596	0.000000	0.497404
115	tsk_115	(x)	1	:	0.000000	0.059476	0.000000	0.000000	0.000000	0.428306	0.000000	0.000000	0.000000	0.000000	0.175845	0.000000	0.000000	0.336373
116	tsk_116	(x)	1	:	0.000000	0.087399	0.000000	0.000003	0.000000	0.414986	0.000000	0.000000	0.000000	0.000000	0.000000	0.000000	0.441051	0.056562
117	tsk_117	(x)	1	:	0.000000	0.000000	0.000000	0.311651	0.000000	0.000000	0.000000	0.000000	0.000000	0.000000	0.209969	0.000000	0.000000	0.478379
118	tsk_118	(x)	1	:	0.000000	0.000000	0.000000	0.000000	0.000000	0.000000	0.000000	0.000000	0.000000	0.000000	0.000000	0.000000	1.000000	0.000000
119	tsk_119	(x)	1	:	0.000000	0.000000	0.000000	0.000000	0.000000	0.000000	0.000000	0.000000	0.000000	0.000000	0.000000	0.000000	1.000000	0.000000
120	tsk_120	(x)	1	:	0.000000	0.000000	0.000000	0.000000	0.000000	0.000000	0.000000	0.000000	0.518203	0.000000	0.000000	0.000000	0.000000	0.481797
121	tsk_121	(x)	1	:	0.000000	0.000000	0.000000	0.000000	0.000000	0.000000	0.000000	0.000000	0.518203	0.000000	0.000000	0.000000	0.000000	0.481797
122	tsk_122	(x)	1	:	0.000000	0.000000	0.000000	0.000000	0.000000	0.000000	0.000000	0.000000	0.000000	0.000000	0.000000	0.000000	0.574719	0.425281
123	tsk_123	(x)	1	:	0.000000	0.000000	0.000000	0.000000	0.000000	0.000000	0.000000	0.000000	0.000000	0.000000	0.000000	0.000000	1.000000	0.000000
124	tsk_124	(x)	1	:	0.000000	0.000000	0.000000	0.000000	0.000000	0.000000	0.000000	0.000000	0.000000	0.000000	0.000000	0.000000	0.614400	0.385600
125	tsk_125	(x)	1	:	0.000000	0.000000	0.000000	0.000000	0.000000	0.000000	0.000000	0.000000	0.000000	0.000000	0.000000	0.000000	0.574719	0.425281
126	tsk_126	(x)	1	:	0.000000	0.000000	0.000000	0.000000	0.000000	0.000000	0.000000	0.000000	0.000000	0.000000	0.000000	0.000000	1.000000	0.000000
127	tsk_127	(x)	1	:	0.000000	0.087397	0.000000	0.000030	0.000000	0.414986	0.000000	0.000000	0.000000	0.000000	0.000000	0.000000	0.000000	0.497587
128	tsk_128	(x)	1	:	0.000000	0.000000	0.000000	0.000000	0.000000	0.000000	0.000000	0.000000	0.000000	0.000000	0.000000	0.000000	0.574719	0.425281
129	tsk_129	(x)	1	:	0.000000	0.000000	0.000000	0.000000	0.000000	0.000000	0.000000	0.000000	0.000000	0.000000	0.000000	0.000000	0.574719	0.425281
130	tsk_130	(x)	1	:	0.000000	0.000000	0.000000	0.511789	0.000000	0.000000	0.000000	0.354078	0.000000	0.000000	0.000000	0.000000	0.000000	0.134133
131	tsk_131	(x)	1	:	0.000000	0.000000	0.000000	0.000000	0.000000	0.000000	0.000000	0.564888	0.000000	0.000000	0.000000	0.000000	0.000000	0.435112
132	tsk_132	(x)	1	:	0.195447	0.000000	0.000000	0.000000	0.000000	0.000000	0.305279	0.259350	0.000000	0.000000	0.000000	0.000000	0.000000	0.239925
133	tsk_133	(x)	1	:	0.000000	0.000000	0.000000	0.000964	0.435928	0.000000	0.000000	0.000000	0.000000	0.000000	0.000000	0.000000	0.563108	0.000000
134	tsk_134	(x)	1	:	0.000000	0.000000	0.000000	0.000000	0.000000	0.000000	0.000000	1.000000	0.000000	0.000000	0.000000	0.000000	0.000000	0.000000
135	tsk_135	(x)	1	:	0.000000	0.000000	0.000000	0.000000	0.000000	0.000000	0.000000	1.000000	0.000000	0.000000	0.000000	0.000000	0.000000	0.000000
136	tsk_136	(x)	1	:	0.000000	0.059478	0.000000	0.000000	0.000000	0.428304	0.000000	0.000000	0.000000	0.000000	0.175845	0.000000	0.000000	0.336373
137	tsk_137	(x)	1	:	0.000000	0.000000	0.000000	0.000000	0.385138	0.000000	0.000000	0.000000	0.000000	0.000000	0.195557	0.000000	0.000000	0.419305
138	tsk_138	(x)	1	:	0.000000	0.000000	0.000000	0.478385	0.000000	0.521615	0.000000	0.000000	0.000000	0.000000	0.000000	0.000000	0.000000	0.000000
139	tsk_139	(x)	1	:	0.000000	0.089765	0.000000	0.496381	0.000000	0.413853	0.000000	0.000000	0.000000	0.000000	0.000000	0.000000	0.000000	0.000000
140	tsk_140	(x)	1	:	0.394489	0.000000	0.000000	0.000000	0.000000	0.000000	0.605510	0.000000	0.000000	0.000000	0.000000	0.000000	0.000000	0.000000
141	tsk_141	(x)	1	:	0.000000	0.000000	0.511811	0.000000	0.000000	0.000000	0.000000	0.000000	0.000000	0.000000	0.000000	0.000000	0.000000	0.488189
142	tsk_142	(x)	1	:	0.000000	0.000000	0.511811	0.000000	0.000000	0.000000	0.000000	0.000000	0.000000	0.000000	0.000000	0.000000	0.000000	0.488189
143	tsk_143	(x)	1	:	0.404368	0.000000	0.000000	0.000000	0.000000	0.000000	0.595632	0.000000	0.000000	0.000000	0.000000	0.000000	0.000000	0.000000
144	tsk_144	(x)	1	:	0.410352	0.000000	0.000000	0.000000	0.000000	0.000000	0.589648	0.000000	0.000000	0.000000	0.000000	0.000000	0.000000	0.000000
145	tsk_145	(x)	1	:	0.313151	0.000000	0.000000	0.000000	0.000000	0.000000	0.686848	0.000000	0.000000	0.000000	0.000000	0.000000	0.000000	0.000000
146	tsk_146	(x)	1	:	0.357340	0.000000	0.000000	0.000000	0.000000	0.000000	0.642660	0.000000	0.000000	0.000000	0.000000	0.000000	0.000000	0.000000
147	tsk_147	(x)	1	:	0.291096	0.000000	0.000000	0.000000	0.000000	0.000000	0.708904	0.000000	0.000000	0.000000	0.000000	0.000000	0.000000	0.000000
148	tsk_148	(x)	1	:	0.165180	0.000000	0.000000	0.498107	0.000000	0.000000	0.336713	0.000000	0.000000	0.000000	0.000000	0.000000	0.000000	0.000000
149	tsk_149	(x)	1	:	0.303053	0.000000	0.000000	0.498107	0.000000	0.000000	0.198840	0.000000	0.000000	0.000000	0.000000	0.000000	0.000000	0.000000
