logL = -1515.620094 (converged)
AIC = 7905.240188
BIC = 15242.158399

count.K
1 17 26 10 6 8 6 42 2 7 13 10 2 

