0	tsk_0	(x)	1	:	0.000000	0.000000	0.000000	0.000000	0.000000	0.000000	0.000000	0.499739	0.000000	0.000000	0.335578	0.000000	0.000000	0.164683
1	tsk_1	(x)	1	:	0.000000	0.000000	0.000000	0.000000	0.000000	0.000000	0.000000	1.000000	0.000000	0.000000	0.000000	0.000000	0.000000	0.000000
2	tsk_2	(x)	1	:	0.000000	0.000000	0.000000	0.000000	0.000000	0.000000	0.000000	1.000000	0.000000	0.000000	0.000000	0.000000	0.000000	0.000000
3	tsk_3	(x)	1	:	0.000000	0.000000	0.000000	0.000000	0.000000	0.453155	0.000000	0.546845	0.000000	0.000000	0.000000	0.000000	0.000000	0.000000
4	tsk_4	(x)	1	:	0.000000	0.000000	0.490456	0.000000	0.000000	0.000000	0.000000	0.499464	0.000000	0.000000	0.005637	0.000000	0.000000	0.004442
5	tsk_5	(x)	1	:	0.000000	0.000000	0.490287	0.000000	0.000000	0.000000	0.000000	0.499449	0.000000	0.000000	0.007632	0.000000	0.000000	0.002631
6	tsk_6	(x)	1	:	0.000000	0.000000	0.000000	0.000000	0.000000	0.000000	0.000000	1.000000	0.000000	0.000000	0.000000	0.000000	0.000000	0.000000
7	tsk_7	(x)	1	:	0.000000	0.000000	0.000000	0.000000	0.484168	0.000000	0.000000	0.515832	0.000000	0.000000	0.000000	0.000000	0.000000	0.000000
8	tsk_8	(x)	1	:	0.000000	0.000000	0.493838	0.000000	0.000000	0.000000	0.000000	0.000000	0.000000	0.000000	0.004089	0.472167	0.000000	0.029905
9	tsk_9	(x)	1	:	0.000000	0.000000	0.000000	0.000000	0.000000	0.000000	0.000000	1.000000	0.000000	0.000000	0.000000	0.000000	0.000000	0.000000
10	tsk_10	(x)	1	:	0.000000	0.000000	0.000000	0.000000	0.000000	0.000000	0.000000	1.000000	0.000000	0.000000	0.000000	0.000000	0.000000	0.000000
11	tsk_11	(x)	1	:	0.000000	0.000000	0.000000	0.000000	0.000000	0.000000	0.000000	0.499219	0.000000	0.000000	0.004097	0.000000	0.494239	0.002445
12	tsk_12	(x)	1	:	0.000000	0.000000	0.000000	0.000000	0.000000	0.000000	0.000000	0.000000	0.000000	0.000000	0.413703	0.586297	0.000000	0.000000
13	tsk_13	(x)	1	:	0.000000	0.000000	0.000000	0.000000	0.000000	0.000000	0.000000	0.000000	0.000000	0.499920	0.000000	0.000000	0.499055	0.001026
14	tsk_14	(x)	1	:	0.000000	0.000000	0.000000	0.000000	0.000000	0.000000	0.000000	0.001197	0.000000	0.498902	0.158505	0.000000	0.000000	0.341395
15	tsk_15	(x)	1	:	0.000000	0.000000	0.000000	0.000134	0.000000	0.517918	0.000000	0.000000	0.000000	0.000000	0.002389	0.473550	0.000000	0.006008
16	tsk_16	(x)	1	:	0.000000	0.000000	0.000000	0.000000	0.494469	0.000000	0.000000	0.000000	0.000000	0.000000	0.000000	0.000000	0.505531	0.000000
17	tsk_17	(x)	1	:	0.000000	0.000000	0.000000	0.000000	0.000000	0.000000	0.000000	0.483859	0.000000	0.000000	0.000000	0.516141	0.000000	0.000000
18	tsk_18	(x)	1	:	0.000000	0.000000	0.000000	0.000000	0.000000	0.000000	0.000000	0.499739	0.000000	0.000000	0.254223	0.000000	0.000000	0.246038
19	tsk_19	(x)	1	:	0.000000	0.000000	0.000000	0.000000	0.000000	0.000000	0.000000	0.497118	0.000000	0.502882	0.000000	0.000000	0.000000	0.000000
20	tsk_20	(x)	1	:	0.000000	0.000000	0.000000	0.000000	0.000000	0.000000	0.000000	0.499739	0.000000	0.000000	0.018616	0.472015	0.000000	0.009630
21	tsk_21	(x)	1	:	0.000000	0.000000	0.000000	0.000000	0.000000	0.000000	0.000000	1.000000	0.000000	0.000000	0.000000	0.000000	0.000000	0.000000
22	tsk_22	(x)	1	:	0.000000	0.000000	0.000000	0.000000	0.000000	0.000000	0.000000	0.499739	0.000000	0.000000	0.116623	0.000000	0.000000	0.383638
23	tsk_23	(x)	1	:	0.000000	0.000000	0.000000	0.000000	0.000000	0.000000	0.000000	1.000000	0.000000	0.000000	0.000000	0.000000	0.000000	0.000000
24	tsk_24	(x)	1	:	0.000000	0.000000	0.000000	0.000000	0.000000	0.000000	0.000000	0.000000	0.000000	0.000000	0.049584	0.472015	0.000000	0.478400
25	tsk_25	(x)	1	:	0.000000	0.000000	0.000000	0.000000	0.000000	0.000000	0.000000	0.499738	0.000000	0.000000	0.022872	0.472011	0.000000	0.005379
26	tsk_26	(x)	1	:	0.000000	0.000000	0.000000	0.000000	0.000000	0.000000	0.000000	0.499738	0.000000	0.000000	0.018405	0.472012	0.000000	0.009845
27	tsk_27	(x)	1	:	0.000000	0.000000	0.000000	0.000000	0.000000	0.000000	0.000000	0.499739	0.000000	0.000000	0.390070	0.000000	0.000000	0.110191
28	tsk_28	(x)	1	:	0.000000	0.000000	0.000000	0.000000	0.000000	0.000000	0.000000	1.000000	0.000000	0.000000	0.000000	0.000000	0.000000	0.000000
29	tsk_29	(x)	1	:	0.000000	0.000000	0.000000	0.000000	0.000000	0.000000	0.000000	0.499739	0.000000	0.000000	0.283235	0.000000	0.000000	0.217026
30	tsk_30	(x)	1	:	0.000000	0.000000	1.000000	0.000000	0.000000	0.000000	0.000000	0.000000	0.000000	0.000000	0.000000	0.000000	0.000000	0.000000
31	tsk_31	(x)	1	:	0.000000	0.000000	0.490247	0.000000	0.000000	0.000000	0.000000	0.499446	0.000000	0.000000	0.002916	0.000000	0.000000	0.007391
32	tsk_32	(x)	1	:	0.000000	0.000000	0.000000	0.000000	0.000000	0.000000	0.000000	0.000000	0.000000	0.000000	0.232575	0.000000	0.000000	0.767425
33	tsk_33	(x)	1	:	0.000000	0.000000	0.664733	0.000000	0.000000	0.000000	0.000000	0.000000	0.000000	0.000000	0.088836	0.000000	0.000000	0.246431
34	tsk_34	(x)	1	:	0.000000	0.000000	0.000000	0.000000	0.000000	0.000000	0.000000	0.499739	0.000000	0.000000	0.322681	0.000000	0.000000	0.177580
35	tsk_35	(x)	1	:	0.000000	0.000000	0.493523	0.000000	0.000000	0.000000	0.000000	0.000000	0.000000	0.000000	0.029526	0.000000	0.000000	0.476951
36	tsk_36	(x)	1	:	0.000000	0.000000	0.000000	0.000000	0.000000	0.000000	0.000000	0.000000	0.000000	0.000000	0.125337	0.000000	0.000000	0.874663
37	tsk_37	(x)	1	:	0.000000	0.000000	0.000000	0.000000	0.000000	0.000000	0.000000	0.499355	0.000000	0.000000	0.003144	0.000000	0.495760	0.001742
38	tsk_38	(x)	1	:	0.000000	0.000000	0.000000	0.000000	0.000000	0.000000	0.000000	0.000000	0.000000	0.000000	0.034767	0.000000	0.000000	0.965233
39	tsk_39	(x)	1	:	0.000000	0.000000	0.000000	0.000000	0.000000	0.000000	0.000000	0.499739	0.000000	0.000000	0.240267	0.000000	0.000000	0.259994
40	tsk_40	(x)	1	:	0.000000	0.000000	0.000000	0.000000	0.000000	0.000000	0.000000	0.499739	0.000000	0.000000	0.344842	0.000000	0.000000	0.155419
41	tsk_41	(x)	1	:	0.000000	0.000000	0.000000	0.000000	0.000000	0.000000	0.000000	0.499739	0.000000	0.000000	0.317418	0.000000	0.000000	0.182843
42	tsk_42	(x)	1	:	0.000000	0.000000	0.000000	0.000000	0.000000	0.000000	0.000000	0.000000	0.000000	0.000000	0.019899	0.000000	0.000000	0.980101
43	tsk_43	(x)	1	:	0.000000	0.000000	0.000000	0.000000	0.000000	0.000000	0.000000	0.000000	0.000000	0.000000	0.069366	0.000000	0.000000	0.930634
44	tsk_44	(x)	1	:	0.000000	0.000000	0.000000	0.000000	0.000000	0.000000	0.000000	0.499739	0.000000	0.000000	0.256467	0.000000	0.000000	0.243794
45	tsk_45	(x)	1	:	0.000000	0.000000	0.000000	0.000000	0.000000	0.000000	0.000000	1.000000	0.000000	0.000000	0.000000	0.000000	0.000000	0.000000
46	tsk_46	(x)	1	:	0.000000	0.000000	0.000000	0.000000	0.493968	0.000000	0.000000	0.000000	0.000000	0.000000	0.152258	0.000000	0.000000	0.353773
47	tsk_47	(x)	1	:	0.000000	0.000000	0.000000	0.000000	0.000000	0.000000	0.000000	0.000000	0.000000	0.000000	0.247739	0.000000	0.000000	0.752261
48	tsk_48	(x)	1	:	0.000000	0.000000	0.000000	0.000000	0.000000	0.000000	0.000000	0.499739	0.000000	0.000000	0.342528	0.000000	0.000000	0.157733
49	tsk_49	(x)	1	:	0.000000	0.000000	0.000000	0.000000	0.000000	0.000000	0.000000	0.000000	0.000000	0.000000	0.026857	0.000000	0.000000	0.973143
50	tsk_50	(x)	1	:	0.000000	0.000000	1.000000	0.000000	0.000000	0.000000	0.000000	0.000000	0.000000	0.000000	0.000000	0.000000	0.000000	0.000000
51	tsk_51	(x)	1	:	0.000000	0.000000	0.490370	0.000000	0.000000	0.000000	0.000000	0.499457	0.000000	0.000000	0.005961	0.000000	0.000000	0.004212
52	tsk_52	(x)	1	:	0.000000	0.000000	1.000000	0.000000	0.000000	0.000000	0.000000	0.000000	0.000000	0.000000	0.000000	0.000000	0.000000	0.000000
53	tsk_53	(x)	1	:	0.000000	0.000000	0.493291	0.000000	0.000000	0.000000	0.000000	0.000000	0.000000	0.000000	0.003680	0.471903	0.000000	0.031126
54	tsk_54	(x)	1	:	0.000000	0.000000	1.000000	0.000000	0.000000	0.000000	0.000000	0.000000	0.000000	0.000000	0.000000	0.000000	0.000000	0.000000
55	tsk_55	(x)	1	:	0.000000	0.000000	0.491190	0.000000	0.000000	0.000000	0.000000	0.000000	0.000000	0.000000	0.003087	0.000000	0.497685	0.008037
56	tsk_56	(x)	1	:	0.000000	0.000000	0.490116	0.000000	0.000000	0.000000	0.000000	0.499434	0.000000	0.000000	0.006012	0.000000	0.000000	0.004438
57	tsk_57	(x)	1	:	0.000000	0.000000	0.490168	0.000000	0.000000	0.000000	0.000000	0.499439	0.000000	0.000000	0.004364	0.000000	0.000000	0.006028
58	tsk_58	(x)	1	:	0.000000	0.000000	0.000000	0.000000	0.000000	0.000000	0.000000	0.000000	0.000000	0.000000	0.008057	0.472924	0.501890	0.017130
59	tsk_59	(x)	1	:	0.000000	0.000000	0.490818	0.000000	0.000000	0.000000	0.000000	0.000000	0.000000	0.000000	0.001039	0.000000	0.497313	0.010830
60	tsk_60	(x)	1	:	0.000000	0.000000	0.049085	0.000000	0.000000	0.000000	0.451128	0.499603	0.000000	0.000000	0.000066	0.000000	0.000000	0.000117
61	tsk_61	(x)	1	:	0.000000	0.000000	0.049101	0.000000	0.000000	0.000000	0.451128	0.499605	0.000000	0.000000	0.000120	0.000000	0.000000	0.000046
62	tsk_62	(x)	1	:	0.000000	0.000000	0.000000	0.000000	0.000000	0.000000	0.000000	1.000000	0.000000	0.000000	0.000000	0.000000	0.000000	0.000000
63	tsk_63	(x)	1	:	0.000000	0.000000	0.000000	0.000000	0.508397	0.000000	0.491602	0.000000	0.000000	0.000000	0.000000	0.000000	0.000000	0.000000
64	tsk_64	(x)	1	:	0.000000	0.000000	0.000000	0.000000	0.000000	0.000000	0.000000	1.000000	0.000000	0.000000	0.000000	0.000000	0.000000	0.000000
65	tsk_65	(x)	1	:	0.000000	0.000000	0.000000	0.000000	0.517396	0.000000	0.000000	0.000000	0.000000	0.000000	0.002499	0.472627	0.000000	0.007478
66	tsk_66	(x)	1	:	0.000000	0.000000	0.000000	0.000000	0.000000	0.000000	0.512390	0.487610	0.000000	0.000000	0.000000	0.000000	0.000000	0.000000
67	tsk_67	(x)	1	:	0.000000	0.000000	0.000000	0.000000	0.484168	0.000000	0.000000	0.515832	0.000000	0.000000	0.000000	0.000000	0.000000	0.000000
68	tsk_68	(x)	1	:	0.316731	0.000000	0.479476	0.000000	0.000000	0.000000	0.000000	0.202026	0.000000	0.000000	0.000627	0.000000	0.000000	0.001139
69	tsk_69	(x)	1	:	0.000000	0.000000	0.000000	0.000000	0.484168	0.000000	0.000000	0.515832	0.000000	0.000000	0.000000	0.000000	0.000000	0.000000
70	tsk_70	(x)	1	:	0.000000	0.537493	0.003228	0.000000	0.000000	0.000000	0.459279	0.000000	0.000000	0.000000	0.000000	0.000000	0.000000	0.000000
71	tsk_71	(x)	1	:	0.000000	0.000000	0.493523	0.000000	0.000000	0.000000	0.000000	0.000000	0.000000	0.000000	0.052321	0.000000	0.000000	0.454155
72	tsk_72	(x)	1	:	0.000000	0.000000	0.050284	0.000000	0.000000	0.000000	0.451225	0.000000	0.000000	0.000000	0.152020	0.000000	0.000000	0.346471
73	tsk_73	(x)	1	:	0.000000	0.000000	0.000000	0.000000	0.000000	0.000000	0.000000	0.000000	0.000000	0.000000	0.070989	0.472015	0.000000	0.456995
74	tsk_74	(x)	1	:	0.000000	0.000000	0.000000	0.000000	0.000000	0.000000	0.000000	0.000000	0.000000	0.000000	0.082624	0.472015	0.000000	0.445361
75	tsk_75	(x)	1	:	0.000000	0.000000	0.493523	0.000000	0.000000	0.000000	0.000000	0.000000	0.000000	0.000000	0.078758	0.000000	0.000000	0.427718
76	tsk_76	(x)	1	:	0.000000	0.000000	0.000000	0.000000	0.000000	0.000000	0.000000	0.499739	0.000000	0.000000	0.229089	0.000000	0.000000	0.271172
77	tsk_77	(x)	1	:	0.000000	0.000000	0.000000	0.000000	0.000000	1.000000	0.000000	0.000000	0.000000	0.000000	0.000000	0.000000	0.000000	0.000000
78	tsk_78	(x)	1	:	0.000000	0.000000	0.000000	0.000000	0.000000	0.453155	0.000000	0.546845	0.000000	0.000000	0.000000	0.000000	0.000000	0.000000
79	tsk_79	(x)	1	:	0.000000	0.000000	0.000000	0.000000	0.000000	0.000000	0.000000	0.000000	0.000000	0.000000	0.036509	0.472015	0.000000	0.491475
80	tsk_80	(x)	1	:	0.000000	0.000000	0.493844	0.000000	0.000000	0.000000	0.000000	0.000000	0.000000	0.000000	0.006384	0.472170	0.000000	0.027602
81	tsk_81	(x)	1	:	0.000000	0.000000	0.000000	0.000000	0.000000	0.000000	0.000000	0.499739	0.000000	0.000000	0.329476	0.000000	0.000000	0.170785
82	tsk_82	(x)	1	:	0.000000	0.000000	0.000000	0.000000	0.000000	0.000000	0.000000	0.000000	0.000000	0.000000	0.020348	0.472015	0.000000	0.507637
83	tsk_83	(x)	1	:	0.000000	0.000000	0.000000	0.000000	0.000000	0.000000	0.000000	0.000000	0.000000	0.000000	0.000000	1.000000	0.000000	0.000000
84	tsk_84	(x)	1	:	0.000000	0.000000	1.000000	0.000000	0.000000	0.000000	0.000000	0.000000	0.000000	0.000000	0.000000	0.000000	0.000000	0.000000
85	tsk_85	(x)	1	:	0.000000	0.000000	0.000000	0.000000	0.000000	0.000000	0.000000	0.002261	0.000000	0.497932	0.015624	0.472051	0.000000	0.012131
86	tsk_86	(x)	1	:	0.000000	0.000000	0.000000	0.000000	0.000000	0.000000	0.000000	0.000000	0.000000	0.000000	0.071568	0.472015	0.000000	0.456416
87	tsk_87	(x)	1	:	0.000000	0.000000	0.000000	0.000000	0.000000	0.000000	0.000000	0.000000	0.000000	0.000000	0.000000	1.000000	0.000000	0.000000
88	tsk_88	(x)	1	:	0.000000	0.000000	0.000000	0.000000	0.000000	0.000000	0.000000	0.000000	0.000000	0.000000	0.000000	1.000000	0.000000	0.000000
89	tsk_89	(x)	1	:	0.000000	0.000000	0.000000	0.000000	0.000000	0.000000	0.000000	0.499739	0.000000	0.000000	0.017767	0.472015	0.000000	0.010479
90	tsk_90	(x)	1	:	0.000000	0.000000	0.492533	0.000000	0.493880	0.000000	0.000000	0.000000	0.000000	0.000000	0.006414	0.000000	0.000000	0.007173
91	tsk_91	(x)	1	:	0.000000	0.000000	0.000000	0.000000	0.000000	0.000000	0.000000	0.000000	0.000000	0.000000	0.000000	1.000000	0.000000	0.000000
92	tsk_92	(x)	1	:	0.000000	0.000000	0.000000	0.000000	0.000000	0.000000	0.000000	0.000000	0.000000	0.000000	0.000000	1.000000	0.000000	0.000000
93	tsk_93	(x)	1	:	0.000000	0.000000	0.000000	0.000000	0.519080	0.000000	0.000000	0.000000	0.000000	0.000000	0.000000	0.480920	0.000000	0.000000
94	tsk_94	(x)	1	:	1.000000	0.000000	0.000000	0.000000	0.000000	0.000000	0.000000	0.000000	0.000000	0.000000	0.000000	0.000000	0.000000	0.000000
95	tsk_95	(x)	1	:	0.000000	0.000000	0.490416	0.000000	0.000000	0.000000	0.000000	0.499461	0.000000	0.000000	0.007530	0.000000	0.000000	0.002593
96	tsk_96	(x)	1	:	0.000000	0.000000	0.000000	0.000000	0.143106	0.000000	0.000000	0.383451	0.000000	0.000000	0.002213	0.470065	0.000000	0.001165
97	tsk_97	(x)	1	:	0.000000	0.000000	0.000000	0.000000	0.000000	0.000000	0.000000	0.000000	0.000000	0.000000	0.000000	1.000000	0.000000	0.000000
98	tsk_98	(x)	1	:	0.000000	0.000000	0.493674	0.000000	0.493982	0.000000	0.000000	0.000000	0.000000	0.000000	0.009476	0.000000	0.000000	0.002869
99	tsk_99	(x)	1	:	0.000000	0.000000	0.000000	0.000000	0.479174	0.000000	0.000000	0.000000	0.000000	0.000000	0.000000	0.520826	0.000000	0.000000
100	tsk_100	(x)	1	:	0.000000	0.000000	0.000000	0.000000	0.000000	0.000000	0.000000	1.000000	0.000000	0.000000	0.000000	0.000000	0.000000	0.000000
101	tsk_101	(x)	1	:	0.000000	0.000000	0.000000	0.000000	0.000000	0.000000	0.000000	0.499739	0.000000	0.000000	0.336349	0.000000	0.000000	0.163912
102	tsk_102	(x)	1	:	0.000000	0.000000	0.000000	0.000000	0.000000	0.000000	0.000000	1.000000	0.000000	0.000000	0.000000	0.000000	0.000000	0.000000
103	tsk_103	(x)	1	:	0.000000	0.000000	0.000000	0.500656	0.000000	0.000000	0.000000	0.000000	0.000000	0.000000	0.381810	0.000000	0.000000	0.117534
104	tsk_104	(x)	1	:	0.000000	0.000000	0.000000	0.000000	0.000000	0.000000	0.000000	1.000000	0.000000	0.000000	0.000000	0.000000	0.000000	0.000000
105	tsk_105	(x)	1	:	0.000000	0.000000	0.000000	0.000000	0.000000	0.000000	0.000000	0.499744	0.500052	0.000000	0.000204	0.000000	0.000000	0.000000
106	tsk_106	(x)	1	:	0.000000	0.000000	0.000000	0.000000	0.000000	0.000000	0.000000	0.499739	0.000000	0.000000	0.260070	0.000000	0.000000	0.240191
107	tsk_107	(x)	1	:	0.000000	0.000000	0.000000	0.500656	0.000000	0.000000	0.000000	0.000000	0.000000	0.000000	0.139121	0.000000	0.000000	0.360224
108	tsk_108	(x)	1	:	0.000000	0.000000	0.000000	0.000000	0.000000	0.000000	0.000000	0.000000	0.000000	0.000000	0.246275	0.472015	0.000000	0.281710
109	tsk_109	(x)	1	:	0.000000	0.000000	0.000000	0.000000	0.000000	0.000000	0.000000	0.499739	0.000000	0.000000	0.019836	0.472018	0.000000	0.008406
110	tsk_110	(x)	1	:	0.747114	0.000000	0.000000	0.000000	0.252886	0.000000	0.000000	0.000000	0.000000	0.000000	0.000000	0.000000	0.000000	0.000000
111	tsk_111	(x)	1	:	0.264686	0.000000	0.000000	0.000000	0.000000	0.000000	0.000000	0.735314	0.000000	0.000000	0.000000	0.000000	0.000000	0.000000
112	tsk_112	(x)	1	:	0.000000	0.000000	0.494242	0.000000	0.000000	0.000000	0.000000	0.000000	0.500719	0.000000	0.000000	0.000000	0.000000	0.005039
113	tsk_113	(x)	1	:	0.000000	0.000000	0.000000	0.000000	0.000000	0.000000	0.000000	1.000000	0.000000	0.000000	0.000000	0.000000	0.000000	0.000000
114	tsk_114	(x)	1	:	0.000000	0.000000	0.492953	0.000000	0.493918	0.000000	0.000000	0.000000	0.000000	0.000000	0.003580	0.000000	0.000000	0.009550
115	tsk_115	(x)	1	:	0.346459	0.000000	0.477986	0.000000	0.000000	0.000000	0.000000	0.174180	0.000000	0.000000	0.000286	0.000000	0.000000	0.001089
116	tsk_116	(x)	1	:	0.000000	0.000000	0.000000	0.000000	0.000000	0.000000	0.000000	0.000217	0.499877	0.499791	0.000000	0.000000	0.000000	0.000115
117	tsk_117	(x)	1	:	0.000000	0.000000	0.490212	0.000000	0.000000	0.000000	0.000000	0.499443	0.000000	0.000000	0.007898	0.000000	0.000000	0.002447
118	tsk_118	(x)	1	:	0.000000	0.000000	0.490031	0.000000	0.000000	0.000000	0.000000	0.001734	0.000000	0.498123	0.003916	0.000000	0.000000	0.006196
119	tsk_119	(x)	1	:	0.000000	0.000000	0.490812	0.000000	0.000000	0.000000	0.000000	0.499496	0.000000	0.000000	0.005239	0.000000	0.000000	0.004453
120	tsk_120	(x)	1	:	0.000000	0.000000	0.000000	0.000000	0.000000	0.000000	0.000000	0.000000	0.000000	0.000000	0.104167	0.000000	0.000000	0.895833
121	tsk_121	(x)	1	:	0.000000	0.582983	0.000000	0.000000	0.000000	0.000000	0.000000	0.000000	0.000000	0.000000	0.028594	0.000000	0.000000	0.388423
122	tsk_122	(x)	1	:	0.000000	0.000000	0.000000	0.000000	0.000000	0.000000	0.000000	0.000000	0.000000	0.000000	0.204383	0.000000	0.000000	0.795617
123	tsk_123	(x)	1	:	0.000000	0.000000	0.000000	0.000000	0.000000	0.000000	0.000000	0.000000	0.000000	0.000000	0.190105	0.000000	0.000000	0.809895
124	tsk_124	(x)	1	:	0.000000	0.000000	0.000000	0.000000	0.000000	0.000000	0.000000	0.499739	0.000000	0.000000	0.225644	0.000000	0.000000	0.274618
125	tsk_125	(x)	1	:	0.000000	0.000000	0.000000	0.000000	0.000000	0.000000	0.000000	0.499739	0.000000	0.000000	0.398919	0.000000	0.000000	0.101342
126	tsk_126	(x)	1	:	0.000000	0.504050	0.000000	0.000000	0.000000	0.000000	0.000000	0.495950	0.000000	0.000000	0.000000	0.000000	0.000000	0.000000
127	tsk_127	(x)	1	:	0.000000	0.538597	0.000000	0.000000	0.000000	0.000000	0.000000	0.000000	0.000000	0.000000	0.000000	0.461402	0.000000	0.000000
128	tsk_128	(x)	1	:	0.000000	0.000000	0.000000	0.000000	0.000000	0.000000	0.000000	0.000000	0.000000	0.000000	0.272991	0.000000	0.000000	0.727009
129	tsk_129	(x)	1	:	0.000000	0.000000	0.000000	0.000000	0.000000	0.000000	0.133178	0.000000	0.000000	0.000000	0.026997	0.472014	0.000000	0.367811
130	tsk_130	(x)	1	:	0.000000	0.000000	0.000000	0.000000	0.000000	0.000000	0.000000	0.000000	0.000000	0.000000	0.128050	0.000000	0.000000	0.871950
131	tsk_131	(x)	1	:	0.000000	0.000000	0.000000	0.000000	0.000000	0.000000	0.000000	0.499739	0.000000	0.000000	0.268748	0.000000	0.000000	0.231514
132	tsk_132	(x)	1	:	0.000000	0.000000	0.493523	0.000000	0.000000	0.000000	0.000000	0.000000	0.000000	0.000000	0.068717	0.000000	0.000000	0.437760
133	tsk_133	(x)	1	:	0.000000	0.000000	0.000000	0.000000	0.000000	0.000000	0.000000	0.000552	0.000000	0.499494	0.070136	0.000000	0.000000	0.429818
134	tsk_134	(x)	1	:	0.317332	0.000000	0.000000	0.000000	0.000000	0.000000	0.000000	0.202714	0.000000	0.000000	0.179616	0.000000	0.000000	0.300337
135	tsk_135	(x)	1	:	0.000000	0.000000	0.000000	0.000000	0.000000	0.000000	0.000000	0.499739	0.000000	0.000000	0.295495	0.000000	0.000000	0.204766
136	tsk_136	(x)	1	:	0.000000	0.000000	0.000000	0.000000	0.493968	0.000000	0.000000	0.000000	0.000000	0.000000	0.269587	0.000000	0.000000	0.236444
137	tsk_137	(x)	1	:	0.000000	0.000000	0.000000	0.000000	0.000000	0.000000	0.000000	0.000000	0.000000	0.000000	0.060372	0.000000	0.000000	0.939627
138	tsk_138	(x)	1	:	0.000000	0.000000	0.000000	0.000000	0.493968	0.000000	0.000000	0.000000	0.000000	0.000000	0.231014	0.000000	0.000000	0.275018
139	tsk_139	(x)	1	:	0.000000	0.000000	0.000000	0.000000	0.000000	0.000000	0.000000	0.000000	0.000000	1.000000	0.000000	0.000000	0.000000	0.000000
140	tsk_140	(x)	1	:	0.000000	0.999503	0.000000	0.000000	0.000000	0.000000	0.000000	0.000000	0.000000	0.000000	0.000000	0.000000	0.000000	0.000497
141	tsk_141	(x)	1	:	0.000000	0.000000	0.000000	0.000000	0.000000	0.000000	0.000000	1.000000	0.000000	0.000000	0.000000	0.000000	0.000000	0.000000
142	tsk_142	(x)	1	:	0.000000	0.000000	0.000000	0.000000	0.000000	0.000000	0.000000	0.499739	0.000000	0.000000	0.268286	0.000000	0.000000	0.231975
143	tsk_143	(x)	1	:	0.000000	0.000000	0.000000	0.000000	0.000000	0.000000	0.000000	0.000000	0.000000	0.000000	0.004819	0.473569	0.503214	0.018398
144	tsk_144	(x)	1	:	0.000000	0.000000	0.493811	0.000000	0.000000	0.000000	0.000000	0.000000	0.000000	0.000000	0.002861	0.472154	0.000000	0.031174
145	tsk_145	(x)	1	:	0.000000	0.000000	0.000000	0.000000	0.000000	0.000000	0.000000	1.000000	0.000000	0.000000	0.000000	0.000000	0.000000	0.000000
146	tsk_146	(x)	1	:	0.000000	0.000000	0.000000	0.000000	0.000000	0.000000	0.000000	0.499739	0.000000	0.000000	0.199883	0.000000	0.000000	0.300378
147	tsk_147	(x)	1	:	0.000000	0.000000	0.493523	0.000000	0.000000	0.000000	0.000000	0.000000	0.000000	0.000000	0.096607	0.000000	0.000000	0.409870
148	tsk_148	(x)	1	:	0.000000	0.000000	0.000000	0.000000	0.000000	0.000000	0.000000	0.000000	0.000000	0.000000	0.222075	0.000000	0.000000	0.777925
149	tsk_149	(x)	1	:	0.000000	0.000000	0.490179	0.000000	0.000000	0.000000	0.000000	0.499440	0.000000	0.000000	0.004691	0.000000	0.000000	0.005690
