logL = -1262.566025 (converged)
AIC = 6881.132050
BIC = 13438.295721

count.K
8 2 3 0 2 35 8 12 6 2 50 22 

