logL = -583.366161 (converged)
AIC = 6266.732323
BIC = 13943.852323

count.K
22 0 7 17 3 7 4 1 11 5 32 13 3 6 19 

