0	tsk_0	(x)	1	:	0.000000	0.241860	0.000000	0.241429	0.000000	0.000000	0.000000	0.000000	0.000000	0.304386	0.000000	0.000000	0.212324	0.000000
1	tsk_1	(x)	1	:	0.000000	0.290109	0.000000	0.000000	0.000000	0.000000	0.000000	0.500000	0.000000	0.000000	0.000000	0.000000	0.209891	0.000000
2	tsk_2	(x)	1	:	0.000000	0.272572	0.000000	0.241429	0.000000	0.000000	0.000000	0.000000	0.000000	0.304386	0.000000	0.000000	0.181613	0.000000
3	tsk_3	(x)	1	:	0.000000	0.000000	0.000000	0.000000	0.000000	0.000000	0.000000	0.000000	0.207394	0.472203	0.320403	0.000000	0.000000	0.000000
4	tsk_4	(x)	1	:	0.000000	0.000000	0.000000	0.000000	0.000000	0.000000	0.000000	0.500000	0.000000	0.500000	0.000000	0.000000	0.000000	0.000000
5	tsk_5	(x)	1	:	0.000000	0.433023	0.000000	0.000000	0.000000	0.000000	0.000000	0.000000	0.000000	0.000000	0.000000	0.000000	0.566977	0.000000
6	tsk_6	(x)	1	:	0.000000	0.000000	0.000000	0.000000	0.000000	0.000000	0.000000	0.000000	0.000000	1.000000	0.000000	0.000000	0.000000	0.000000
7	tsk_7	(x)	1	:	0.000000	0.000000	0.000000	0.000000	0.000000	0.000000	0.000000	0.000000	0.000000	1.000000	0.000000	0.000000	0.000000	0.000000
8	tsk_8	(x)	1	:	0.000000	0.355983	0.000000	0.000000	0.000000	0.000000	0.000000	0.000000	0.000000	0.500000	0.000000	0.000000	0.144017	0.000000
9	tsk_9	(x)	1	:	0.000000	0.755610	0.000000	0.000000	0.000000	0.000000	0.000000	0.000000	0.000000	0.000000	0.000000	0.000000	0.244390	0.000000
10	tsk_10	(x)	1	:	0.000000	0.344207	0.000000	0.000000	0.500000	0.000000	0.000000	0.000000	0.000000	0.000000	0.000000	0.000000	0.155793	0.000000
11	tsk_11	(x)	1	:	0.000000	0.000000	0.000000	0.000000	0.000000	0.000000	0.000000	0.467961	0.000000	0.245333	0.000000	0.286706	0.000000	0.000000
12	tsk_12	(x)	1	:	0.000000	0.000043	0.000000	0.000000	0.000000	0.000000	0.000000	0.000000	0.000000	0.000000	0.000000	0.000000	0.340499	0.659457
13	tsk_13	(x)	1	:	0.000000	0.391652	0.000000	0.000000	0.000000	0.000000	0.404311	0.000000	0.000000	0.000000	0.000000	0.000000	0.204037	0.000000
14	tsk_14	(x)	1	:	0.000000	0.000000	0.000000	0.000000	0.000000	0.000000	0.000000	0.444859	0.000000	0.000000	0.000000	0.000000	0.000000	0.555141
15	tsk_15	(x)	1	:	0.000000	0.000000	0.000000	0.000493	0.000000	0.000000	0.000000	0.000000	0.000000	0.558485	0.000000	0.441022	0.000000	0.000000
16	tsk_16	(x)	1	:	0.000000	0.779065	0.000000	0.000000	0.000000	0.000000	0.000000	0.000000	0.000000	0.000000	0.000000	0.000000	0.220934	0.000000
17	tsk_17	(x)	1	:	0.000000	0.432104	0.000000	0.000000	0.000000	0.000000	0.000000	0.000000	0.000000	0.000000	0.000000	0.000000	0.567896	0.000000
18	tsk_18	(x)	1	:	0.000000	0.000000	0.000000	0.000000	0.000000	0.000000	1.000000	0.000000	0.000000	0.000000	0.000000	0.000000	0.000000	0.000000
19	tsk_19	(x)	1	:	0.000000	0.136457	0.000000	0.000000	0.000000	0.000000	0.352430	0.370356	0.000000	0.000000	0.000000	0.000000	0.140757	0.000000
20	tsk_20	(x)	1	:	0.000000	0.348421	0.000000	0.000000	0.000000	0.080505	0.000000	0.473011	0.000000	0.000000	0.000000	0.000000	0.098064	0.000000
21	tsk_21	(x)	1	:	0.000000	0.270664	0.000000	0.000000	0.000000	0.000000	0.000000	0.000000	0.000000	0.248416	0.000000	0.288922	0.191998	0.000000
22	tsk_22	(x)	1	:	0.000000	0.184672	0.000000	0.000000	0.000000	0.000000	0.000000	0.500000	0.000000	0.000000	0.000000	0.000000	0.315328	0.000000
23	tsk_23	(x)	1	:	0.000000	0.639303	0.000000	0.000000	0.000000	0.000000	0.000000	0.000000	0.000000	0.000000	0.000000	0.000000	0.360697	0.000000
24	tsk_24	(x)	1	:	0.000000	0.636571	0.000000	0.000000	0.000000	0.000000	0.000000	0.000000	0.000000	0.000000	0.000000	0.000000	0.363429	0.000000
25	tsk_25	(x)	1	:	0.000000	0.416003	0.000000	0.000000	0.000000	0.000000	0.000000	0.000000	0.000000	0.000000	0.000000	0.555961	0.028035	0.000000
26	tsk_26	(x)	1	:	0.000000	0.000000	0.000000	0.000000	0.000000	0.000000	0.000000	0.000000	0.000000	0.753244	0.000000	0.246756	0.000000	0.000000
27	tsk_27	(x)	1	:	0.000000	0.000000	0.000000	0.458705	0.000000	0.000000	0.000000	0.000000	0.000000	0.541295	0.000000	0.000000	0.000000	0.000000
28	tsk_28	(x)	1	:	0.000000	0.741640	0.000000	0.000000	0.000000	0.000000	0.000000	0.000000	0.000000	0.000000	0.000000	0.000000	0.258360	0.000000
29	tsk_29	(x)	1	:	0.000000	0.210712	0.000000	0.000000	0.000000	0.000000	0.000000	0.000000	0.000000	0.500000	0.000000	0.000000	0.289288	0.000000
30	tsk_30	(x)	1	:	0.000000	0.000000	0.000000	0.000000	0.000000	0.000000	0.000000	0.451613	0.213615	0.000000	0.334771	0.000000	0.000000	0.000000
31	tsk_31	(x)	1	:	0.000000	0.000000	0.000000	1.000000	0.000000	0.000000	0.000000	0.000000	0.000000	0.000000	0.000000	0.000000	0.000000	0.000000
32	tsk_32	(x)	1	:	0.000000	0.000000	0.000000	0.508469	0.000000	0.000000	0.000000	0.000000	0.000000	0.491531	0.000000	0.000000	0.000000	0.000000
33	tsk_33	(x)	1	:	0.000000	0.000000	0.000000	0.000000	0.500000	0.000000	0.000000	0.500000	0.000000	0.000000	0.000000	0.000000	0.000000	0.000000
34	tsk_34	(x)	1	:	0.000000	0.000000	0.000000	0.000000	0.000000	0.000000	0.000000	0.000000	0.000000	1.000000	0.000000	0.000000	0.000000	0.000000
35	tsk_35	(x)	1	:	0.000000	0.000000	0.000000	0.000000	0.000000	0.000000	0.000000	0.500000	0.000000	0.500000	0.000000	0.000000	0.000000	0.000000
36	tsk_36	(x)	1	:	0.000000	0.000000	0.000000	0.000000	0.000000	0.000000	0.000000	0.000000	0.000000	1.000000	0.000000	0.000000	0.000000	0.000000
37	tsk_37	(x)	1	:	0.000000	0.000000	0.000000	0.000000	0.000000	0.000000	0.000000	0.500000	0.000000	0.500000	0.000000	0.000000	0.000000	0.000000
38	tsk_38	(x)	1	:	0.000000	0.000000	0.000000	0.472964	0.000000	0.000000	0.000000	0.000000	0.207161	0.000000	0.319875	0.000000	0.000000	0.000000
39	tsk_39	(x)	1	:	0.000000	0.000000	0.000000	0.000000	0.000000	0.000000	0.000000	0.000000	0.000000	1.000000	0.000000	0.000000	0.000000	0.000000
40	tsk_40	(x)	1	:	0.000000	0.000000	0.000000	0.504786	0.000000	0.000000	0.494452	0.000000	0.000000	0.000762	0.000000	0.000000	0.000000	0.000000
41	tsk_41	(x)	1	:	0.000000	0.000000	0.000000	0.508469	0.000000	0.000000	0.000000	0.000000	0.000000	0.491531	0.000000	0.000000	0.000000	0.000000
42	tsk_42	(x)	1	:	0.000000	0.000000	0.000000	0.007168	0.000000	0.454509	0.537164	0.000000	0.000000	0.001159	0.000000	0.000000	0.000000	0.000000
43	tsk_43	(x)	1	:	0.000000	0.000000	0.000000	0.000000	0.000000	0.000000	1.000000	0.000000	0.000000	0.000000	0.000000	0.000000	0.000000	0.000000
44	tsk_44	(x)	1	:	0.000000	0.000000	0.000000	0.504786	0.000000	0.000000	0.494452	0.000000	0.000000	0.000762	0.000000	0.000000	0.000000	0.000000
45	tsk_45	(x)	1	:	0.000000	0.432667	0.000000	0.000000	0.000000	0.000000	0.404311	0.000000	0.000000	0.000000	0.000000	0.000000	0.163021	0.000000
46	tsk_46	(x)	1	:	0.000000	0.000000	0.000000	0.684922	0.000000	0.315078	0.000000	0.000000	0.000000	0.000000	0.000000	0.000000	0.000000	0.000000
47	tsk_47	(x)	1	:	0.000000	0.000000	0.000000	0.524664	0.000000	0.000000	0.475335	0.000000	0.000000	0.000000	0.000000	0.000000	0.000000	0.000000
48	tsk_48	(x)	1	:	0.000000	0.000000	0.000000	0.006727	0.000000	0.454106	0.537071	0.000000	0.000000	0.002097	0.000000	0.000000	0.000000	0.000000
49	tsk_49	(x)	1	:	0.000000	0.336920	0.000000	0.002535	0.000000	0.447974	0.000000	0.000000	0.000000	0.000998	0.000000	0.000000	0.211574	0.000000
50	tsk_50	(x)	1	:	0.000000	0.000000	0.000000	0.109036	0.000000	0.000000	0.000000	0.000000	0.000000	0.000000	0.000000	0.890963	0.000000	0.000000
51	tsk_51	(x)	1	:	0.000000	0.377153	0.000000	0.000000	0.000000	0.000000	0.000000	0.000000	0.000000	0.000000	0.000000	0.000000	0.174915	0.447932
52	tsk_52	(x)	1	:	0.000000	0.167352	0.000000	0.000000	0.000000	0.000000	0.000000	0.500000	0.000000	0.000000	0.000000	0.000000	0.332647	0.000000
53	tsk_53	(x)	1	:	0.000000	0.027952	0.000000	0.000000	0.000000	0.000000	0.000000	0.499967	0.000000	0.000000	0.460714	0.000000	0.011366	0.000000
54	tsk_54	(x)	1	:	0.000000	0.402178	0.000000	0.002424	0.000000	0.448047	0.000000	0.000000	0.000000	0.001022	0.000000	0.000000	0.146328	0.000000
55	tsk_55	(x)	1	:	0.000000	0.136648	0.000000	0.000000	0.000000	0.000000	0.000000	0.000000	0.000000	0.000000	0.000000	0.000000	0.415419	0.447932
56	tsk_56	(x)	1	:	0.000000	0.313487	0.000000	0.000000	0.000000	0.080505	0.000000	0.473011	0.000000	0.000000	0.000000	0.000000	0.132997	0.000000
57	tsk_57	(x)	1	:	0.000000	0.000000	0.000000	0.000002	0.000000	0.000000	0.000002	0.532078	0.000000	0.000000	0.000000	0.467918	0.000000	0.000000
58	tsk_58	(x)	1	:	0.000000	0.310061	0.000000	0.000001	0.000000	0.000000	0.000000	0.000000	0.000000	0.000000	0.000000	0.462533	0.227406	0.000000
59	tsk_59	(x)	1	:	0.000000	0.370980	0.000000	0.000001	0.000000	0.000000	0.000000	0.000000	0.000000	0.000000	0.000000	0.462533	0.166487	0.000000
60	tsk_60	(x)	1	:	0.000000	0.000000	0.000000	0.000000	0.000000	0.000000	0.000000	0.000000	0.000000	0.258488	0.000000	0.296125	0.000000	0.445388
61	tsk_61	(x)	1	:	0.000000	0.000000	0.000000	0.000000	0.471938	0.000000	0.000000	0.000000	0.000000	0.243022	0.000000	0.285040	0.000000	0.000000
62	tsk_62	(x)	1	:	0.000000	0.000000	0.000000	0.000000	0.514362	0.000000	0.485638	0.000000	0.000000	0.000000	0.000000	0.000000	0.000000	0.000000
63	tsk_63	(x)	1	:	0.000000	0.000000	0.000000	0.000000	0.471938	0.000000	0.000000	0.000000	0.000000	0.243022	0.000000	0.285040	0.000000	0.000000
64	tsk_64	(x)	1	:	0.000000	0.000000	0.000000	0.000000	0.000000	0.000000	0.000000	0.467961	0.000000	0.245333	0.000000	0.286706	0.000000	0.000000
65	tsk_65	(x)	1	:	0.000000	0.390661	0.000000	0.000000	0.000000	0.000000	0.000000	0.500000	0.000000	0.000000	0.000000	0.000000	0.109339	0.000000
66	tsk_66	(x)	1	:	0.000000	0.171704	0.000000	0.000000	0.000000	0.000000	0.310788	0.000000	0.000000	0.435872	0.000000	0.000000	0.081635	0.000000
67	tsk_67	(x)	1	:	0.000000	0.000000	0.000000	0.000000	0.000000	0.000000	0.000000	0.467961	0.000000	0.245333	0.000000	0.286706	0.000000	0.000000
68	tsk_68	(x)	1	:	0.000000	0.000000	0.000000	0.000000	0.000000	0.000000	0.000000	0.000000	0.000000	0.500000	0.000000	0.000000	0.500000	0.000000
69	tsk_69	(x)	1	:	0.000000	0.000000	0.000000	0.000000	1.000000	0.000000	0.000000	0.000000	0.000000	0.000000	0.000000	0.000000	0.000000	0.000000
70	tsk_70	(x)	1	:	0.000000	0.000000	0.000000	0.000000	0.000000	0.000000	0.000000	0.000000	0.000000	1.000000	0.000000	0.000000	0.000000	0.000000
71	tsk_71	(x)	1	:	0.000000	0.000000	0.000000	0.000000	0.000000	0.000000	0.000000	0.000000	0.000000	1.000000	0.000000	0.000000	0.000000	0.000000
72	tsk_72	(x)	1	:	0.000000	0.545031	0.000000	0.000000	0.000000	0.000000	0.000000	0.000000	0.287209	0.000000	0.000000	0.000000	0.167760	0.000000
73	tsk_73	(x)	1	:	0.000000	0.000730	0.000000	0.000000	0.000000	0.000000	0.375572	0.000000	0.000000	0.000000	0.623534	0.000000	0.000163	0.000000
74	tsk_74	(x)	1	:	0.000000	0.145947	0.000000	0.000000	0.000000	0.000000	0.000000	0.000000	0.287261	0.500022	0.000000	0.000000	0.066769	0.000000
75	tsk_75	(x)	1	:	0.000000	0.000000	0.000000	0.000000	0.000000	0.000000	0.000005	0.000000	0.000000	0.517367	0.000000	0.000000	0.000000	0.482628
76	tsk_76	(x)	1	:	0.000000	0.000000	0.000000	0.000000	0.000000	0.000000	0.479928	0.000000	0.000000	0.520072	0.000000	0.000000	0.000000	0.000000
77	tsk_77	(x)	1	:	0.000000	0.267057	0.000000	0.000000	0.000000	0.000000	0.604735	0.000000	0.000000	0.000000	0.000000	0.000000	0.128207	0.000000
78	tsk_78	(x)	1	:	0.000000	0.000000	0.000000	0.001504	0.000000	0.469307	0.002734	0.000000	0.000000	0.000716	0.000000	0.000000	0.000000	0.525739
79	tsk_79	(x)	1	:	0.472494	0.148701	0.000000	0.000000	0.000000	0.000000	0.000000	0.000000	0.289415	0.000000	0.000000	0.000000	0.089391	0.000000
80	tsk_80	(x)	1	:	0.000000	0.075146	0.000000	0.000000	0.000000	0.000000	0.352559	0.370300	0.000000	0.000000	0.000000	0.000000	0.201994	0.000000
81	tsk_81	(x)	1	:	0.000000	0.232508	0.000000	0.000000	0.000000	0.000000	0.291607	0.000000	0.000000	0.000000	0.319211	0.000000	0.156675	0.000000
82	tsk_82	(x)	1	:	0.000000	0.255546	0.000000	0.000000	0.000000	0.000000	0.616386	0.000000	0.000000	0.000000	0.000000	0.000000	0.128068	0.000000
83	tsk_83	(x)	1	:	0.000000	0.000000	0.000000	0.000000	0.000000	0.508479	0.000000	0.000000	0.000000	0.491521	0.000000	0.000000	0.000000	0.000000
84	tsk_84	(x)	1	:	0.000000	0.309196	0.463736	0.000000	0.000000	0.000000	0.000000	0.000000	0.000000	0.000000	0.000000	0.000000	0.227068	0.000000
85	tsk_85	(x)	1	:	0.000000	0.470782	0.000000	0.000000	0.000000	0.000000	0.000000	0.000000	0.000000	0.000000	0.000000	0.000000	0.529218	0.000000
86	tsk_86	(x)	1	:	0.000000	0.088920	0.000000	0.000000	0.000000	0.000000	0.000000	0.000000	0.000000	0.500000	0.319229	0.000000	0.091851	0.000000
87	tsk_87	(x)	1	:	0.000000	0.249725	0.000000	0.000000	0.000000	0.000000	0.291607	0.000000	0.000000	0.000000	0.319211	0.000000	0.139458	0.000000
88	tsk_88	(x)	1	:	0.000000	0.000000	0.000000	0.000000	0.000000	0.000000	0.000000	0.500000	0.000000	0.500000	0.000000	0.000000	0.000000	0.000000
89	tsk_89	(x)	1	:	0.000000	0.711896	0.000000	0.000000	0.000000	0.000000	0.000000	0.000000	0.000000	0.000000	0.000000	0.000000	0.288104	0.000000
90	tsk_90	(x)	1	:	0.000000	0.673017	0.000000	0.000000	0.000000	0.000000	0.000000	0.000000	0.000000	0.000000	0.000000	0.000000	0.326983	0.000000
91	tsk_91	(x)	1	:	0.000000	0.405687	0.000000	0.000412	0.000000	0.454076	0.000000	0.000000	0.000000	0.000102	0.000000	0.000000	0.139723	0.000000
92	tsk_92	(x)	1	:	0.000000	0.217953	0.000000	0.421193	0.000000	0.000000	0.319889	0.000000	0.000000	0.000166	0.000000	0.000000	0.040799	0.000000
93	tsk_93	(x)	1	:	0.000000	0.071938	0.000000	0.000000	0.000000	0.000000	0.402286	0.000000	0.000000	0.000000	0.458551	0.000000	0.067224	0.000000
94	tsk_94	(x)	1	:	0.472889	0.057758	0.000000	0.000000	0.000000	0.000000	0.408749	0.000000	0.000000	0.000000	0.000000	0.000000	0.060604	0.000000
95	tsk_95	(x)	1	:	0.000000	0.504153	0.000000	0.000000	0.000000	0.000000	0.000000	0.000000	0.000000	0.000000	0.000000	0.000000	0.495847	0.000000
96	tsk_96	(x)	1	:	0.000000	0.680928	0.000000	0.000000	0.000000	0.000000	0.000000	0.000000	0.000000	0.000000	0.000000	0.000000	0.319072	0.000000
97	tsk_97	(x)	1	:	0.000000	0.180449	0.000000	0.000000	0.000000	0.438985	0.308847	0.000000	0.000000	0.000000	0.000000	0.000000	0.071719	0.000000
98	tsk_98	(x)	1	:	0.000000	0.091583	0.000000	0.000000	0.000000	0.000000	0.402286	0.000000	0.000000	0.000000	0.458551	0.000000	0.047579	0.000000
99	tsk_99	(x)	1	:	0.000000	0.682352	0.000000	0.000000	0.000000	0.000000	0.000000	0.000000	0.000000	0.000000	0.000000	0.000000	0.317647	0.000000
100	tsk_100	(x)	1	:	0.000000	0.238782	0.000000	0.000000	0.000000	0.000000	0.000000	0.500000	0.000000	0.000000	0.000000	0.000000	0.261218	0.000000
101	tsk_101	(x)	1	:	0.000206	0.650265	0.000000	0.000000	0.000000	0.138988	0.000000	0.000000	0.000000	0.000000	0.000000	0.000000	0.210540	0.000000
102	tsk_102	(x)	1	:	0.000007	0.567487	0.000000	0.000000	0.000000	0.071219	0.000000	0.000000	0.000000	0.000000	0.000000	0.000000	0.361287	0.000000
103	tsk_103	(x)	1	:	0.000000	0.274450	0.000000	0.000000	0.459900	0.106191	0.000000	0.000000	0.000000	0.000000	0.000000	0.000000	0.159459	0.000000
104	tsk_104	(x)	1	:	0.000000	0.262776	0.000000	0.000000	0.000000	0.000000	0.000000	0.000000	0.000000	0.500000	0.000000	0.000000	0.237224	0.000000
105	tsk_105	(x)	1	:	0.000000	0.000000	0.000000	0.000000	0.000000	0.000000	0.000000	0.000000	0.000000	1.000000	0.000000	0.000000	0.000000	0.000000
106	tsk_106	(x)	1	:	0.000000	0.272180	0.000000	0.000000	0.000000	0.201544	0.000000	0.000000	0.000000	0.335228	0.000000	0.000000	0.191048	0.000000
107	tsk_107	(x)	1	:	0.000000	0.306865	0.000000	0.000000	0.000000	0.201544	0.000000	0.000000	0.000000	0.335228	0.000000	0.000000	0.156363	0.000000
108	tsk_108	(x)	1	:	0.673047	0.184054	0.000000	0.000000	0.000000	0.000000	0.000000	0.000000	0.000000	0.000000	0.000000	0.000000	0.142899	0.000000
109	tsk_109	(x)	1	:	0.000000	0.689494	0.000000	0.000000	0.000000	0.000000	0.000000	0.000000	0.000000	0.000000	0.000000	0.000000	0.310506	0.000000
110	tsk_110	(x)	1	:	0.000000	0.338603	0.000000	0.502499	0.000000	0.000000	0.000000	0.000000	0.000000	0.000000	0.000000	0.000000	0.158898	0.000000
111	tsk_111	(x)	1	:	0.000000	0.875854	0.000000	0.000000	0.000000	0.000000	0.000000	0.000000	0.000000	0.000000	0.000000	0.000000	0.124146	0.000000
112	tsk_112	(x)	1	:	0.000000	0.423222	0.000000	0.000000	0.000000	0.503089	0.000000	0.000000	0.000000	0.000000	0.000000	0.000000	0.073688	0.000000
113	tsk_113	(x)	1	:	0.000000	0.198716	0.000000	0.502507	0.000000	0.000000	0.000000	0.000000	0.287192	0.000000	0.000000	0.000000	0.011585	0.000000
114	tsk_114	(x)	1	:	0.000000	0.667961	0.000000	0.000000	0.000000	0.000000	0.000000	0.000000	0.000000	0.000000	0.000000	0.000000	0.332038	0.000000
115	tsk_115	(x)	1	:	0.000000	0.517926	0.000000	0.000000	0.000000	0.000000	0.000000	0.000000	0.000000	0.000000	0.460813	0.000000	0.021260	0.000000
116	tsk_116	(x)	1	:	0.000000	0.469802	0.000000	0.000000	0.000000	0.000000	0.000000	0.000000	0.000000	0.000000	0.000000	0.000000	0.530198	0.000000
117	tsk_117	(x)	1	:	0.000000	0.448200	0.000000	0.000000	0.000000	0.000000	0.000000	0.000000	0.000000	0.000000	0.000000	0.000000	0.551800	0.000000
118	tsk_118	(x)	1	:	0.000000	0.218476	0.000000	0.000000	0.000000	0.503089	0.000000	0.000000	0.000000	0.000000	0.000000	0.000000	0.278435	0.000000
119	tsk_119	(x)	1	:	0.469197	0.153585	0.000000	0.000000	0.000000	0.000000	0.000000	0.000000	0.000000	0.000000	0.000000	0.000000	0.377218	0.000000
120	tsk_120	(x)	1	:	0.000000	0.000000	1.000000	0.000000	0.000000	0.000000	0.000000	0.000000	0.000000	0.000000	0.000000	0.000000	0.000000	0.000000
121	tsk_121	(x)	1	:	0.000000	0.000000	0.000000	0.000000	0.000000	0.000000	0.000000	1.000000	0.000000	0.000000	0.000000	0.000000	0.000000	0.000000
122	tsk_122	(x)	1	:	0.000000	0.000000	0.494447	0.000000	0.000000	0.000000	0.000000	0.505553	0.000000	0.000000	0.000000	0.000000	0.000000	0.000000
123	tsk_123	(x)	1	:	0.000000	0.018172	0.494681	0.000000	0.000000	0.000000	0.000000	0.000000	0.000000	0.000011	0.468363	0.000000	0.018773	0.000000
124	tsk_124	(x)	1	:	0.000000	0.350274	0.000000	0.000000	0.000000	0.000000	0.000000	0.000000	0.000000	0.000000	0.460813	0.000000	0.188913	0.000000
125	tsk_125	(x)	1	:	0.000000	0.000000	0.000000	0.000000	0.000000	0.000000	0.000000	0.000000	0.000000	0.000000	1.000000	0.000000	0.000000	0.000000
126	tsk_126	(x)	1	:	0.000000	0.245141	0.000000	0.000000	0.000000	0.000000	0.000000	0.000000	0.000000	0.000000	0.460813	0.000000	0.294045	0.000000
127	tsk_127	(x)	1	:	0.000000	0.415084	0.000000	0.000000	0.000000	0.000000	0.000000	0.000000	0.000000	0.000000	0.460813	0.000000	0.124103	0.000000
128	tsk_128	(x)	1	:	0.000000	0.000000	0.000000	0.000000	0.000000	0.000000	0.000000	0.000000	0.000000	0.000000	1.000000	0.000000	0.000000	0.000000
129	tsk_129	(x)	1	:	0.000000	0.019313	0.494689	0.000000	0.000000	0.000000	0.000000	0.000000	0.000000	0.000020	0.468481	0.000000	0.017497	0.000000
130	tsk_130	(x)	1	:	0.469197	0.242269	0.000000	0.000000	0.000000	0.000000	0.000000	0.000000	0.000000	0.000000	0.000000	0.000000	0.288534	0.000000
131	tsk_131	(x)	1	:	0.469197	0.387513	0.000000	0.000000	0.000000	0.000000	0.000000	0.000000	0.000000	0.000000	0.000000	0.000000	0.143291	0.000000
132	tsk_132	(x)	1	:	0.000000	0.348005	0.000000	0.000000	0.000000	0.000000	0.000000	0.500000	0.000000	0.000000	0.000000	0.000000	0.151995	0.000000
133	tsk_133	(x)	1	:	0.000000	0.028740	0.000000	0.000000	0.499996	0.000000	0.000000	0.000000	0.000000	0.000000	0.460779	0.000000	0.010485	0.000000
134	tsk_134	(x)	1	:	0.000000	0.036534	0.000000	0.245942	0.000000	0.000000	0.000000	0.000000	0.000000	0.193518	0.460278	0.000000	0.063728	0.000000
135	tsk_135	(x)	1	:	0.000000	0.276564	0.000000	0.000000	0.000000	0.000000	0.000000	0.000000	0.000000	0.000000	0.460813	0.000000	0.262623	0.000000
136	tsk_136	(x)	1	:	0.487472	0.025967	0.000000	0.000000	0.000000	0.000000	0.000000	0.000000	0.000000	0.000000	0.479181	0.000000	0.007381	0.000000
137	tsk_137	(x)	1	:	0.000000	0.238503	0.000000	0.000000	0.000000	0.000000	0.000000	0.500000	0.000000	0.000000	0.000000	0.000000	0.261497	0.000000
138	tsk_138	(x)	1	:	0.000000	0.021538	0.000000	0.000000	0.000000	0.000000	0.000000	0.500019	0.000000	0.000000	0.460874	0.000000	0.017568	0.000000
139	tsk_139	(x)	1	:	0.000000	0.313527	0.000000	0.000000	0.000000	0.000000	0.000000	0.000000	0.000000	0.000000	0.460813	0.000000	0.225660	0.000000
140	tsk_140	(x)	1	:	0.000000	0.000000	0.000000	0.000000	0.000000	0.000000	0.000000	0.000000	0.000000	1.000000	0.000000	0.000000	0.000000	0.000000
141	tsk_141	(x)	1	:	0.000000	0.000000	0.000000	0.000000	0.000000	0.000000	0.000000	0.000000	0.000000	1.000000	0.000000	0.000000	0.000000	0.000000
142	tsk_142	(x)	1	:	0.469197	0.314634	0.000000	0.000000	0.000000	0.000000	0.000000	0.000000	0.000000	0.000000	0.000000	0.000000	0.216169	0.000000
143	tsk_143	(x)	1	:	0.000000	0.337893	0.000000	0.000000	0.000000	0.000000	0.000000	0.000000	0.000000	0.500000	0.000000	0.000000	0.162106	0.000000
144	tsk_144	(x)	1	:	0.000000	0.335576	0.000000	0.000000	0.000000	0.000000	0.000000	0.000000	0.000000	0.000000	0.460813	0.000000	0.203610	0.000000
145	tsk_145	(x)	1	:	0.469197	0.342198	0.000000	0.000000	0.000000	0.000000	0.000000	0.000000	0.000000	0.000000	0.000000	0.000000	0.188605	0.000000
146	tsk_146	(x)	1	:	0.000000	0.227844	0.000000	0.000000	0.000000	0.000000	0.000000	0.000000	0.000000	0.500000	0.000000	0.000000	0.272156	0.000000
147	tsk_147	(x)	1	:	0.636472	0.000000	0.000000	0.000000	0.000000	0.000000	0.363528	0.000000	0.000000	0.000000	0.000000	0.000000	0.000000	0.000000
148	tsk_148	(x)	1	:	0.000000	0.000000	0.000000	0.000000	0.000000	0.000000	0.000000	0.000000	0.000000	0.000000	1.000000	0.000000	0.000000	0.000000
149	tsk_149	(x)	1	:	0.000000	0.586142	0.000000	0.000000	0.000000	0.000000	0.000000	0.000000	0.000000	0.000000	0.000000	0.000000	0.413858	0.000000
