logL = -2400.444469 (converged)
AIC = 5300.888937
BIC = 6053.547761

count.K
89 61 

