logL = -941.267185 (converged)
AIC = 7132.534370
BIC = 15035.452017

count.K
12 1 1 25 16 12 7 1 15 15 1 1 7 1 35 

