logL = -1159.933836 (converged)
AIC = 7059.867671
BIC = 14195.073318

count.K
3 2 9 8 1 12 2 7 7 0 12 38 37 12 

