0	tsk_0	(x)	1	:	0.000000	0.000000	0.028201	0.505725	0.000000	0.457182	0.000000	0.000000	0.000000	0.000000	0.000000	0.000000	0.008891
1	tsk_1	(x)	1	:	0.000000	0.000000	0.214829	0.000000	0.000000	0.000000	0.000001	0.500004	0.000000	0.000000	0.000000	0.000000	0.285166
2	tsk_2	(x)	1	:	0.494479	0.000000	0.341066	0.000000	0.000000	0.000000	0.000000	0.000000	0.000000	0.000000	0.000000	0.000000	0.164455
3	tsk_3	(x)	1	:	0.000000	0.000000	0.028230	0.505835	0.000000	0.457603	0.000000	0.000000	0.000000	0.000000	0.000000	0.000000	0.008331
4	tsk_4	(x)	1	:	0.493869	0.000000	0.000000	0.000000	0.000000	0.000000	0.506131	0.000000	0.000000	0.000000	0.000000	0.000000	0.000000
5	tsk_5	(x)	1	:	0.000000	0.000000	0.270640	0.000000	0.000000	0.000000	0.000000	0.500004	0.000000	0.000000	0.000000	0.000000	0.229356
6	tsk_6	(x)	1	:	1.000000	0.000000	0.000000	0.000000	0.000000	0.000000	0.000000	0.000000	0.000000	0.000000	0.000000	0.000000	0.000000
7	tsk_7	(x)	1	:	0.000000	0.000000	0.401342	0.505681	0.000000	0.000000	0.000001	0.000000	0.000000	0.000000	0.000000	0.000000	0.092976
8	tsk_8	(x)	1	:	0.494479	0.000000	0.280980	0.000000	0.000000	0.000000	0.000000	0.000000	0.000000	0.000000	0.000000	0.000000	0.224541
9	tsk_9	(x)	1	:	0.000000	0.000000	0.000000	0.000000	0.000000	1.000000	0.000000	0.000000	0.000000	0.000000	0.000000	0.000000	0.000000
10	tsk_10	(x)	1	:	0.369834	0.000000	0.000000	0.000000	0.000000	0.000000	0.000000	0.630166	0.000000	0.000000	0.000000	0.000000	0.000000
11	tsk_11	(x)	1	:	0.490486	0.000000	0.000000	0.509514	0.000000	0.000000	0.000000	0.000000	0.000000	0.000000	0.000000	0.000000	0.000000
12	tsk_12	(x)	1	:	0.549530	0.000000	0.000000	0.450470	0.000000	0.000000	0.000000	0.000000	0.000000	0.000000	0.000000	0.000000	0.000000
13	tsk_13	(x)	1	:	0.000000	0.409077	0.056617	0.505721	0.000000	0.000000	0.000000	0.000000	0.000000	0.000000	0.000000	0.000000	0.028584
14	tsk_14	(x)	1	:	0.000000	0.000000	0.000000	0.000000	0.000000	0.000000	0.000000	1.000000	0.000000	0.000000	0.000000	0.000000	0.000000
15	tsk_15	(x)	1	:	0.000000	0.000000	0.000000	1.000000	0.000000	0.000000	0.000000	0.000000	0.000000	0.000000	0.000000	0.000000	0.000000
16	tsk_16	(x)	1	:	0.000000	0.000000	0.000000	0.503933	0.000000	0.000000	0.000000	0.496067	0.000000	0.000000	0.000000	0.000000	0.000000
17	tsk_17	(x)	1	:	0.000000	0.000000	0.000000	0.503933	0.000000	0.000000	0.000000	0.496067	0.000000	0.000000	0.000000	0.000000	0.000000
18	tsk_18	(x)	1	:	0.000000	0.000000	0.283039	0.505677	0.000000	0.000000	0.000000	0.000000	0.000000	0.000000	0.000000	0.000000	0.211284
19	tsk_19	(x)	1	:	0.494503	0.408979	0.029328	0.000000	0.000000	0.000000	0.000000	0.000000	0.000000	0.000000	0.000000	0.000000	0.067189
20	tsk_20	(x)	1	:	0.000000	0.000000	0.221682	0.000000	0.000000	0.000000	0.000003	0.000000	0.000000	0.000000	0.000000	0.000000	0.778315
21	tsk_21	(x)	1	:	0.000000	0.297041	0.018800	0.000000	0.000000	0.620018	0.000001	0.000000	0.000000	0.000000	0.000000	0.000000	0.064140
22	tsk_22	(x)	1	:	0.000000	0.000000	0.000000	1.000000	0.000000	0.000000	0.000000	0.000000	0.000000	0.000000	0.000000	0.000000	0.000000
23	tsk_23	(x)	1	:	0.000000	0.000000	0.000000	0.000000	0.000000	1.000000	0.000000	0.000000	0.000000	0.000000	0.000000	0.000000	0.000000
24	tsk_24	(x)	1	:	0.000000	0.000000	0.289371	0.505679	0.000000	0.000000	0.000001	0.000000	0.000000	0.000000	0.000000	0.000000	0.204949
25	tsk_25	(x)	1	:	0.000000	0.000000	0.082824	0.000000	0.000000	0.485951	0.000001	0.000000	0.000000	0.000000	0.000000	0.000000	0.431225
26	tsk_26	(x)	1	:	0.000000	0.000000	0.239923	0.000000	0.000000	0.000000	0.000002	0.000000	0.000000	0.000000	0.000000	0.000000	0.760075
27	tsk_27	(x)	1	:	0.000000	0.000000	0.116593	0.000000	0.000000	0.485951	0.000001	0.000000	0.000000	0.000000	0.000000	0.000000	0.397455
28	tsk_28	(x)	1	:	0.000000	0.000000	0.000000	0.000000	0.000000	1.000000	0.000000	0.000000	0.000000	0.000000	0.000000	0.000000	0.000000
29	tsk_29	(x)	1	:	0.000000	0.000000	0.244665	0.000000	0.000000	0.000000	0.000002	0.000000	0.000000	0.000000	0.000000	0.000000	0.755333
30	tsk_30	(x)	1	:	0.000000	0.000000	0.151081	0.000000	0.000000	0.000000	0.000003	0.000000	0.000000	0.000000	0.000000	0.000000	0.848916
31	tsk_31	(x)	1	:	0.000000	0.000000	0.000000	1.000000	0.000000	0.000000	0.000000	0.000000	0.000000	0.000000	0.000000	0.000000	0.000000
32	tsk_32	(x)	1	:	0.000000	0.000000	0.000000	1.000000	0.000000	0.000000	0.000000	0.000000	0.000000	0.000000	0.000000	0.000000	0.000000
33	tsk_33	(x)	1	:	0.000000	0.000000	0.278229	0.505687	0.000000	0.000000	0.000002	0.000000	0.000000	0.000000	0.000000	0.000000	0.216082
34	tsk_34	(x)	1	:	0.491903	0.000000	0.028414	0.000000	0.000000	0.000000	0.000001	0.000000	0.000000	0.467103	0.000000	0.000000	0.012580
35	tsk_35	(x)	1	:	0.000000	0.000000	0.219681	0.000000	0.000000	0.000000	0.000001	0.000000	0.000000	0.000000	0.000000	0.000000	0.780318
36	tsk_36	(x)	1	:	0.494483	0.000000	0.094120	0.000000	0.000000	0.000000	0.000001	0.000000	0.000000	0.000000	0.000000	0.000000	0.411396
37	tsk_37	(x)	1	:	0.000000	0.000000	0.255070	0.000000	0.000000	0.000000	0.000003	0.000000	0.000000	0.000000	0.000000	0.000000	0.744927
38	tsk_38	(x)	1	:	0.490296	0.000000	0.000000	0.000000	0.000000	0.000000	0.000000	0.000000	0.000000	0.000000	0.509704	0.000000	0.000000
39	tsk_39	(x)	1	:	0.000000	0.000000	0.312022	0.000000	0.000000	0.000000	0.000002	0.000000	0.000000	0.000000	0.000000	0.000000	0.687976
40	tsk_40	(x)	1	:	0.000000	0.000000	0.174022	0.505682	0.000000	0.000000	0.000001	0.000000	0.000000	0.000000	0.000000	0.000000	0.320294
41	tsk_41	(x)	1	:	0.000000	0.000000	0.000000	1.000000	0.000000	0.000000	0.000000	0.000000	0.000000	0.000000	0.000000	0.000000	0.000000
42	tsk_42	(x)	1	:	0.000000	0.000000	0.000000	0.522532	0.477468	0.000000	0.000000	0.000000	0.000000	0.000000	0.000000	0.000000	0.000000
43	tsk_43	(x)	1	:	0.549530	0.000000	0.000000	0.450470	0.000000	0.000000	0.000000	0.000000	0.000000	0.000000	0.000000	0.000000	0.000000
44	tsk_44	(x)	1	:	0.000000	0.000000	0.000000	0.522532	0.477468	0.000000	0.000000	0.000000	0.000000	0.000000	0.000000	0.000000	0.000000
45	tsk_45	(x)	1	:	0.000000	0.000000	0.000000	1.000000	0.000000	0.000000	0.000000	0.000000	0.000000	0.000000	0.000000	0.000000	0.000000
46	tsk_46	(x)	1	:	0.000000	0.000000	0.000000	1.000000	0.000000	0.000000	0.000000	0.000000	0.000000	0.000000	0.000000	0.000000	0.000000
47	tsk_47	(x)	1	:	0.549530	0.000000	0.000000	0.450470	0.000000	0.000000	0.000000	0.000000	0.000000	0.000000	0.000000	0.000000	0.000000
48	tsk_48	(x)	1	:	0.000000	0.000000	0.000000	1.000000	0.000000	0.000000	0.000000	0.000000	0.000000	0.000000	0.000000	0.000000	0.000000
49	tsk_49	(x)	1	:	0.000000	0.000000	0.000000	0.522532	0.477468	0.000000	0.000000	0.000000	0.000000	0.000000	0.000000	0.000000	0.000000
50	tsk_50	(x)	1	:	0.372594	0.000000	0.391444	0.000000	0.000000	0.000000	0.000000	0.000000	0.000000	0.000000	0.000000	0.000000	0.235962
51	tsk_51	(x)	1	:	0.494479	0.000000	0.220278	0.000000	0.000000	0.000000	0.000000	0.000000	0.000000	0.000000	0.000000	0.000000	0.285242
52	tsk_52	(x)	1	:	0.000000	0.409426	0.039376	0.000000	0.000000	0.486349	0.000000	0.000000	0.000000	0.000000	0.000000	0.000000	0.064848
53	tsk_53	(x)	1	:	0.494483	0.000000	0.133541	0.000000	0.000000	0.000000	0.000001	0.000000	0.000000	0.000000	0.000000	0.000000	0.371975
54	tsk_54	(x)	1	:	0.372601	0.000000	0.123740	0.000000	0.000000	0.000000	0.000002	0.000000	0.000000	0.000000	0.000000	0.000000	0.503658
55	tsk_55	(x)	1	:	0.494479	0.000000	0.283667	0.000000	0.000000	0.000000	0.000000	0.000000	0.000000	0.000000	0.000000	0.000000	0.221853
56	tsk_56	(x)	1	:	1.000000	0.000000	0.000000	0.000000	0.000000	0.000000	0.000000	0.000000	0.000000	0.000000	0.000000	0.000000	0.000000
57	tsk_57	(x)	1	:	0.494612	0.000000	0.008539	0.000000	0.000000	0.486572	0.000000	0.000000	0.000000	0.000000	0.000000	0.000000	0.010278
58	tsk_58	(x)	1	:	0.000000	0.000000	0.255046	0.000000	0.000000	0.000000	0.000001	0.500005	0.000000	0.000000	0.000000	0.000000	0.244948
59	tsk_59	(x)	1	:	0.931727	0.000000	0.057382	0.000000	0.000000	0.000000	0.000000	0.000000	0.000000	0.000000	0.000000	0.000000	0.010891
60	tsk_60	(x)	1	:	0.000000	0.000000	0.003908	0.000000	0.000000	0.000000	0.000000	0.391796	0.593676	0.000000	0.000000	0.000000	0.010620
61	tsk_61	(x)	1	:	0.363336	0.000000	0.004383	0.000000	0.000000	0.000000	0.000000	0.000000	0.628339	0.000000	0.000000	0.000000	0.003942
62	tsk_62	(x)	1	:	0.000000	0.476429	0.005316	0.000000	0.000000	0.000000	0.000000	0.500060	0.000000	0.000000	0.000000	0.000000	0.018195
63	tsk_63	(x)	1	:	0.511956	0.000000	0.000000	0.000000	0.488044	0.000000	0.000000	0.000000	0.000000	0.000000	0.000000	0.000000	0.000000
64	tsk_64	(x)	1	:	0.000000	0.000000	0.220777	0.000000	0.000000	0.000000	0.000005	0.000000	0.000000	0.000000	0.000000	0.000000	0.779218
65	tsk_65	(x)	1	:	0.000000	0.000000	0.003075	0.000000	0.000000	0.000000	0.000000	0.391795	0.594175	0.000000	0.000000	0.000000	0.010954
66	tsk_66	(x)	1	:	0.000000	0.476616	0.010708	0.000000	0.000000	0.000000	0.000000	0.500101	0.000000	0.000000	0.000000	0.000000	0.012574
67	tsk_67	(x)	1	:	0.000000	0.476160	0.087263	0.000000	0.000000	0.000000	0.000003	0.000000	0.000000	0.000000	0.000000	0.000000	0.436574
68	tsk_68	(x)	1	:	0.000000	0.000000	0.000000	0.000000	0.485483	0.000000	0.000000	0.514517	0.000000	0.000000	0.000000	0.000000	0.000000
69	tsk_69	(x)	1	:	0.363335	0.000000	0.007579	0.000000	0.000000	0.000000	0.000000	0.000000	0.628284	0.000000	0.000000	0.000000	0.000802
70	tsk_70	(x)	1	:	0.000000	0.408787	0.109349	0.000000	0.000000	0.000000	0.000001	0.000000	0.000000	0.000000	0.000000	0.000000	0.481864
71	tsk_71	(x)	1	:	0.494477	0.000000	0.161009	0.000000	0.000000	0.000000	0.000000	0.000000	0.000000	0.000000	0.000000	0.000000	0.344513
72	tsk_72	(x)	1	:	0.494480	0.000000	0.218002	0.000000	0.000000	0.000000	0.000000	0.000000	0.000000	0.000000	0.000000	0.000000	0.287517
73	tsk_73	(x)	1	:	0.000000	0.000000	0.086240	0.000000	0.000000	0.457007	0.000002	0.000000	0.000000	0.000000	0.000000	0.000000	0.456752
74	tsk_74	(x)	1	:	0.000000	0.000000	0.295258	0.000000	0.000000	0.000000	0.000012	0.000000	0.000000	0.000000	0.000000	0.000000	0.704730
75	tsk_75	(x)	1	:	0.000000	0.000000	0.248099	0.000000	0.000000	0.000000	0.000001	0.000000	0.000000	0.000000	0.000000	0.000000	0.751900
76	tsk_76	(x)	1	:	0.000000	0.000000	0.220615	0.000000	0.000000	0.000000	0.000004	0.000000	0.000000	0.000000	0.000000	0.000000	0.779381
77	tsk_77	(x)	1	:	0.000000	0.000000	0.189983	0.000000	0.000000	0.000000	0.000002	0.000000	0.000000	0.000000	0.000000	0.000000	0.810015
78	tsk_78	(x)	1	:	0.000000	0.000000	0.172913	0.000000	0.000000	0.000000	0.000001	0.000000	0.000000	0.000000	0.000000	0.000000	0.827085
79	tsk_79	(x)	1	:	0.000000	0.000000	0.000000	0.000000	0.000000	0.000000	0.000000	0.000000	0.000000	0.000000	0.000000	0.999999	0.000001
80	tsk_80	(x)	1	:	0.494493	0.408901	0.078766	0.000000	0.000000	0.000000	0.000000	0.000000	0.000000	0.000000	0.000000	0.000000	0.017840
81	tsk_81	(x)	1	:	0.000000	1.000000	0.000000	0.000000	0.000000	0.000000	0.000000	0.000000	0.000000	0.000000	0.000000	0.000000	0.000000
82	tsk_82	(x)	1	:	0.000000	1.000000	0.000000	0.000000	0.000000	0.000000	0.000000	0.000000	0.000000	0.000000	0.000000	0.000000	0.000000
83	tsk_83	(x)	1	:	0.000000	0.408789	0.147015	0.000000	0.000000	0.000000	0.000001	0.000000	0.000000	0.000000	0.000000	0.000000	0.444195
84	tsk_84	(x)	1	:	0.000000	0.408808	0.209073	0.000000	0.000000	0.000000	0.000004	0.000000	0.000000	0.000000	0.000000	0.000000	0.382116
85	tsk_85	(x)	1	:	0.000000	1.000000	0.000000	0.000000	0.000000	0.000000	0.000000	0.000000	0.000000	0.000000	0.000000	0.000000	0.000000
86	tsk_86	(x)	1	:	0.494485	0.408838	0.035119	0.000000	0.000000	0.000000	0.000000	0.000000	0.000000	0.000000	0.000000	0.000000	0.061557
87	tsk_87	(x)	1	:	0.000000	0.408784	0.191809	0.000000	0.000000	0.000000	0.000000	0.000000	0.000000	0.000000	0.000000	0.000000	0.399406
88	tsk_88	(x)	1	:	0.000000	0.000000	0.202887	0.505698	0.000000	0.000000	0.000000	0.000000	0.000000	0.000000	0.270962	0.000000	0.020453
89	tsk_89	(x)	1	:	0.000000	0.409143	0.077314	0.505730	0.000000	0.000000	0.000000	0.000000	0.000000	0.000000	0.000000	0.000000	0.007813
90	tsk_90	(x)	1	:	0.000000	0.000000	0.068670	0.000000	0.000000	0.000000	0.000002	0.000000	0.000000	0.000000	0.270945	0.000000	0.660383
91	tsk_91	(x)	1	:	0.000000	0.000000	0.327404	0.000000	0.000000	0.000000	0.000001	0.000000	0.000000	0.000000	0.528605	0.000000	0.143990
92	tsk_92	(x)	1	:	0.494481	0.000000	0.223153	0.000000	0.000000	0.000000	0.000001	0.000000	0.000000	0.000000	0.000000	0.000000	0.282365
93	tsk_93	(x)	1	:	0.000000	0.000000	0.275058	0.000000	0.000000	0.000000	0.000001	0.000000	0.000000	0.000000	0.000000	0.000000	0.724941
94	tsk_94	(x)	1	:	0.000000	0.000000	0.201841	0.000000	0.000000	0.457010	0.000003	0.000000	0.000000	0.000000	0.000000	0.000000	0.341146
95	tsk_95	(x)	1	:	0.000000	0.000000	0.000000	0.000000	0.459964	0.000000	0.000000	0.000000	0.000000	0.000000	0.540036	0.000000	0.000000
96	tsk_96	(x)	1	:	0.000000	0.000000	0.241371	0.000000	0.000000	0.000000	0.000002	0.000000	0.000000	0.000000	0.528606	0.000000	0.230021
97	tsk_97	(x)	1	:	0.486172	0.000000	0.000000	0.000000	0.513828	0.000000	0.000000	0.000000	0.000000	0.000000	0.000000	0.000000	0.000000
98	tsk_98	(x)	1	:	0.000000	0.000000	0.313530	0.000000	0.000000	0.000000	0.000002	0.000000	0.000000	0.000000	0.528607	0.000000	0.157861
99	tsk_99	(x)	1	:	0.494483	0.000000	0.218176	0.000000	0.000000	0.000000	0.000001	0.000000	0.000000	0.000000	0.000000	0.000000	0.287340
100	tsk_100	(x)	1	:	0.000000	0.000000	0.193932	0.000000	0.000000	0.000000	0.000001	0.500006	0.000000	0.000000	0.000000	0.000000	0.306061
101	tsk_101	(x)	1	:	0.000000	0.000000	0.219541	0.000000	0.000000	0.000000	0.000004	0.000000	0.000000	0.000000	0.000000	0.000000	0.780455
102	tsk_102	(x)	1	:	0.000000	0.000000	0.241418	0.000000	0.000000	0.000000	0.000001	0.500006	0.000000	0.000000	0.000000	0.000000	0.258576
103	tsk_103	(x)	1	:	0.000000	0.000000	0.000000	0.000000	0.000000	0.000000	0.000000	0.000000	0.000000	0.000000	0.000000	1.000000	0.000000
104	tsk_104	(x)	1	:	0.000000	0.000000	0.306544	0.000000	0.521296	0.000000	0.000001	0.000000	0.000000	0.000000	0.000000	0.000000	0.172158
105	tsk_105	(x)	1	:	0.000000	0.000000	0.297888	0.000000	0.000000	0.000000	0.000001	0.000000	0.000000	0.000000	0.000000	0.000000	0.702110
106	tsk_106	(x)	1	:	0.511956	0.000000	0.000000	0.000000	0.488044	0.000000	0.000000	0.000000	0.000000	0.000000	0.000000	0.000000	0.000000
107	tsk_107	(x)	1	:	0.494479	0.000000	0.226617	0.000000	0.000000	0.000000	0.000000	0.000000	0.000000	0.000000	0.000000	0.000000	0.278903
108	tsk_108	(x)	1	:	0.378751	0.000000	0.000000	0.621249	0.000000	0.000000	0.000000	0.000000	0.000000	0.000000	0.000000	0.000000	0.000000
109	tsk_109	(x)	1	:	0.000000	0.408809	0.143164	0.000000	0.000000	0.000000	0.000004	0.000000	0.000000	0.000000	0.000000	0.000000	0.448022
110	tsk_110	(x)	1	:	0.000000	0.000000	0.246595	0.000000	0.000000	0.000000	0.000002	0.000000	0.000000	0.000000	0.000000	0.000000	0.753403
111	tsk_111	(x)	1	:	0.000000	0.000000	0.109420	0.000000	0.000000	0.000000	0.000001	0.000000	0.000000	0.000000	0.000000	0.000000	0.890579
112	tsk_112	(x)	1	:	0.566267	0.000000	0.000000	0.433733	0.000000	0.000000	0.000000	0.000000	0.000000	0.000000	0.000000	0.000000	0.000000
113	tsk_113	(x)	1	:	0.558489	0.000000	0.218799	0.000000	0.000000	0.000000	0.000000	0.000000	0.000000	0.000000	0.000000	0.000000	0.222712
114	tsk_114	(x)	1	:	0.000000	0.000000	0.000000	0.000000	0.533457	0.000000	0.000000	0.466542	0.000000	0.000000	0.000000	0.000000	0.000000
115	tsk_115	(x)	1	:	0.558490	0.000000	0.238668	0.000000	0.000000	0.000000	0.000000	0.000000	0.000000	0.000000	0.000000	0.000000	0.202842
116	tsk_116	(x)	1	:	0.558517	0.409020	0.016707	0.000000	0.000000	0.000000	0.000000	0.000000	0.000000	0.000000	0.000000	0.000000	0.015756
117	tsk_117	(x)	1	:	0.000000	0.000000	0.000000	0.000000	1.000000	0.000000	0.000000	0.000000	0.000000	0.000000	0.000000	0.000000	0.000000
118	tsk_118	(x)	1	:	0.558489	0.000000	0.144610	0.000000	0.000000	0.000000	0.000000	0.000000	0.000000	0.000000	0.000000	0.000000	0.296900
119	tsk_119	(x)	1	:	0.000000	0.000000	0.060587	0.000000	0.000000	0.000000	0.000002	0.000000	0.000000	0.000000	0.000000	0.000000	0.939412
120	tsk_120	(x)	1	:	0.000000	0.000000	0.093523	0.000000	0.000000	0.000000	0.000002	0.000000	0.000000	0.000000	0.000000	0.000000	0.906475
121	tsk_121	(x)	1	:	0.000000	0.000000	0.195011	0.000000	0.000000	0.000000	0.000001	0.000000	0.000000	0.000000	0.000000	0.000000	0.804988
122	tsk_122	(x)	1	:	0.000000	0.000000	0.221773	0.505679	0.000000	0.000000	0.000000	0.000000	0.000000	0.000000	0.000000	0.000000	0.272548
123	tsk_123	(x)	1	:	0.000000	0.000000	0.018924	0.000000	0.000000	0.000000	0.000001	0.000000	0.000000	0.000000	0.000000	0.000000	0.981074
124	tsk_124	(x)	1	:	0.000000	0.000000	0.000015	0.000000	0.449375	0.000000	0.000000	0.000000	0.000000	0.550597	0.000000	0.000000	0.000012
125	tsk_125	(x)	1	:	0.000000	0.000000	0.331631	0.000000	0.000000	0.000000	0.000004	0.000000	0.000000	0.000000	0.000000	0.000000	0.668365
126	tsk_126	(x)	1	:	0.000000	0.000000	0.000007	0.000000	0.449374	0.000000	0.000000	0.000000	0.000000	0.550591	0.000000	0.000000	0.000028
127	tsk_127	(x)	1	:	0.000000	0.000000	0.221074	0.000000	0.000000	0.000000	0.000003	0.000000	0.000000	0.000000	0.000000	0.000000	0.778923
128	tsk_128	(x)	1	:	0.372597	0.000000	0.217560	0.000000	0.000000	0.000000	0.000001	0.000000	0.000000	0.000000	0.000000	0.000000	0.409841
129	tsk_129	(x)	1	:	0.000000	0.000000	0.104610	0.000000	0.000000	0.000000	0.000002	0.000000	0.000000	0.000000	0.000000	0.000000	0.895388
130	tsk_130	(x)	1	:	0.000000	0.000000	0.310436	0.505678	0.000000	0.000000	0.000000	0.000000	0.000000	0.000000	0.000000	0.000000	0.183886
131	tsk_131	(x)	1	:	0.000000	0.000000	0.292218	0.000000	0.000000	0.000000	0.000011	0.000000	0.000000	0.000000	0.000000	0.000000	0.707771
132	tsk_132	(x)	1	:	0.000000	0.000000	0.355687	0.000000	0.000000	0.000000	0.000001	0.500010	0.000000	0.000000	0.000000	0.000000	0.144301
133	tsk_133	(x)	1	:	0.000000	0.408788	0.099367	0.000000	0.000000	0.000000	0.000001	0.000000	0.000000	0.000000	0.000000	0.000000	0.491844
134	tsk_134	(x)	1	:	0.000000	0.000000	0.183609	0.000000	0.532064	0.000000	0.000001	0.000000	0.000000	0.000000	0.000000	0.000000	0.284326
135	tsk_135	(x)	1	:	0.000000	0.476334	0.019636	0.000000	0.460696	0.000000	0.000000	0.000000	0.000000	0.000000	0.000000	0.000000	0.043334
136	tsk_136	(x)	1	:	0.000000	0.409140	0.075765	0.000000	0.000000	0.000000	0.000000	0.500041	0.000000	0.000000	0.000000	0.000000	0.015054
137	tsk_137	(x)	1	:	0.000000	0.408950	0.048608	0.000000	0.000000	0.000000	0.000000	0.500020	0.000000	0.000000	0.000000	0.000000	0.042423
138	tsk_138	(x)	1	:	0.000000	0.409268	0.027803	0.000000	0.532174	0.000000	0.000000	0.000000	0.000000	0.000000	0.000000	0.000000	0.030755
139	tsk_139	(x)	1	:	0.000000	0.000000	0.273434	0.000000	0.000000	0.000000	0.000002	0.500017	0.000000	0.000000	0.000000	0.000000	0.226547
140	tsk_140	(x)	1	:	0.000000	0.000000	0.392177	0.000000	0.000000	0.000000	0.000003	0.000000	0.000000	0.000000	0.000000	0.000000	0.607820
141	tsk_141	(x)	1	:	0.000000	0.409189	0.019848	0.000000	0.532155	0.000000	0.000000	0.000000	0.000000	0.000000	0.000000	0.000000	0.038807
142	tsk_142	(x)	1	:	1.000000	0.000000	0.000000	0.000000	0.000000	0.000000	0.000000	0.000000	0.000000	0.000000	0.000000	0.000000	0.000000
143	tsk_143	(x)	1	:	0.000000	0.000000	0.220499	0.000000	0.000000	0.000000	0.000002	0.000000	0.000000	0.000000	0.000000	0.000000	0.779499
144	tsk_144	(x)	1	:	0.494480	0.000000	0.156460	0.000000	0.000000	0.000000	0.000001	0.000000	0.000000	0.000000	0.000000	0.000000	0.349059
145	tsk_145	(x)	1	:	0.000000	0.000000	0.299081	0.000000	0.000000	0.000000	0.000002	0.000000	0.000000	0.000000	0.000000	0.000000	0.700917
146	tsk_146	(x)	1	:	0.000000	0.000000	0.433589	0.000000	0.000000	0.000000	0.000003	0.000000	0.000000	0.000000	0.000000	0.000000	0.566408
147	tsk_147	(x)	1	:	0.494521	0.409119	0.029557	0.000000	0.000000	0.000000	0.000000	0.000000	0.000000	0.000000	0.000000	0.000000	0.066803
148	tsk_148	(x)	1	:	0.000000	0.000000	0.181079	0.000000	0.000000	0.000000	0.000001	0.000000	0.000000	0.000000	0.000000	0.000000	0.818920
149	tsk_149	(x)	1	:	0.494481	0.000000	0.308558	0.000000	0.000000	0.000000	0.000001	0.000000	0.000000	0.000000	0.000000	0.000000	0.196961
