logL = -804.239976 (converged)
AIC = 5772.479951
BIC = 12040.622634

count.K
9 28 25 3 29 4 13 0 11 7 4 17 

