logL = -1263.405782 (converged)
AIC = 7582.811564
BIC = 15193.697588

count.K
2 73 8 9 1 12 6 2 16 6 3 10 2 

