logL = -1836.440934 (converged)
AIC = 6396.881869
BIC = 10497.367139

count.K
30 8 10 38 6 29 16 13 

