logL = -1923.921672 (converged)
AIC = 5115.843344
BIC = 7024.586121

count.K
28 11 55 56 

