logL = -415.632566 (converged)
AIC = 5961.265133
BIC = 13683.544662

count.K
46 11 1 14 4 24 1 4 2 7 7 8 2 9 10 

