logL = -3620.524843 (converged)
AIC = 12605.049685
BIC = 20679.573544

count.K
34 10 19 0 10 6 7 21 2 18 8 15 

