0	tsk_0	(x)	1	:	0.000000	0.000000	0.000000	0.000000	0.442088	0.000000	0.000000	0.134339	0.000000	0.423573	0.000000	0.000000	0.000000
1	tsk_1	(x)	1	:	0.000000	0.000000	0.000000	0.509187	0.199499	0.000000	0.000000	0.140561	0.000000	0.150753	0.000000	0.000000	0.000000
2	tsk_2	(x)	1	:	0.000000	0.000000	0.000096	0.479544	0.137865	0.000000	0.000000	0.170469	0.000000	0.211968	0.000000	0.000058	0.000000
3	tsk_3	(x)	1	:	0.000000	0.000000	0.000000	0.509187	0.200484	0.000000	0.000000	0.195010	0.000000	0.095318	0.000000	0.000000	0.000000
4	tsk_4	(x)	1	:	0.000000	0.000000	0.000000	0.000000	0.335699	0.000000	0.000000	0.526789	0.000000	0.137512	0.000000	0.000000	0.000000
5	tsk_5	(x)	1	:	0.000000	0.000000	0.000000	0.000000	0.049970	0.000000	0.000000	0.251665	0.514976	0.183389	0.000000	0.000000	0.000000
6	tsk_6	(x)	1	:	0.000000	0.000000	0.000000	0.000000	0.457871	0.000000	0.000000	0.214524	0.000000	0.327605	0.000000	0.000000	0.000000
7	tsk_7	(x)	1	:	0.000000	0.000000	0.000000	0.000000	0.155834	0.000000	0.000000	0.270986	0.000000	0.573180	0.000000	0.000000	0.000000
8	tsk_8	(x)	1	:	0.000000	0.000000	0.000000	0.000000	0.361015	0.000000	0.000000	0.336059	0.000000	0.302927	0.000000	0.000000	0.000000
9	tsk_9	(x)	1	:	0.000000	0.000000	0.000000	0.000000	0.166194	0.000000	0.000000	0.181077	0.535855	0.116874	0.000000	0.000000	0.000000
10	tsk_10	(x)	1	:	0.538931	0.000001	0.000000	0.000000	0.000000	0.461068	0.000000	0.000000	0.000000	0.000000	0.000000	0.000000	0.000000
11	tsk_11	(x)	1	:	0.000000	0.488253	0.000000	0.000000	0.000000	0.511747	0.000000	0.000000	0.000000	0.000000	0.000000	0.000000	0.000000
12	tsk_12	(x)	1	:	0.000000	0.492996	0.000000	0.000000	0.142269	0.000000	0.000000	0.205351	0.000000	0.159384	0.000000	0.000000	0.000000
13	tsk_13	(x)	1	:	0.000000	0.492996	0.000000	0.000000	0.130320	0.000000	0.000000	0.262479	0.000000	0.114206	0.000000	0.000000	0.000000
14	tsk_14	(x)	1	:	0.000000	0.000000	0.000000	0.547700	0.000000	0.452300	0.000000	0.000000	0.000000	0.000000	0.000000	0.000000	0.000000
15	tsk_15	(x)	1	:	0.000000	0.000000	0.000000	0.515550	0.000000	0.484450	0.000000	0.000000	0.000000	0.000000	0.000000	0.000000	0.000000
16	tsk_16	(x)	1	:	0.000000	0.488253	0.000000	0.000000	0.000000	0.511747	0.000000	0.000000	0.000000	0.000000	0.000000	0.000000	0.000000
17	tsk_17	(x)	1	:	1.000000	0.000000	0.000000	0.000000	0.000000	0.000000	0.000000	0.000000	0.000000	0.000000	0.000000	0.000000	0.000000
18	tsk_18	(x)	1	:	0.000000	1.000000	0.000000	0.000000	0.000000	0.000000	0.000000	0.000000	0.000000	0.000000	0.000000	0.000000	0.000000
19	tsk_19	(x)	1	:	0.000000	0.000000	0.000000	0.000000	0.000000	1.000000	0.000000	0.000000	0.000000	0.000000	0.000000	0.000000	0.000000
20	tsk_20	(x)	1	:	0.000000	0.000000	0.000000	0.000000	0.000000	0.464242	0.000000	0.000000	0.000000	0.000000	0.000000	0.535758	0.000000
21	tsk_21	(x)	1	:	0.000000	0.000000	0.067724	0.777251	0.000000	0.000000	0.000000	0.000000	0.000000	0.000000	0.000000	0.155025	0.000000
22	tsk_22	(x)	1	:	0.000000	0.000000	0.000000	0.000000	0.372119	0.000000	0.000000	0.077716	0.000000	0.550165	0.000000	0.000000	0.000000
23	tsk_23	(x)	1	:	0.000000	0.000000	0.000000	1.000000	0.000000	0.000000	0.000000	0.000000	0.000000	0.000000	0.000000	0.000000	0.000000
24	tsk_24	(x)	1	:	0.000000	0.515979	0.000000	0.000000	0.108500	0.000000	0.000000	0.069134	0.000000	0.306387	0.000000	0.000000	0.000000
25	tsk_25	(x)	1	:	0.000000	0.000000	0.000000	0.241459	0.000000	0.000000	0.000000	0.000000	0.000000	0.000000	0.000000	0.758541	0.000000
26	tsk_26	(x)	1	:	0.000000	0.000000	0.000352	0.471717	0.185268	0.000000	0.000000	0.233127	0.000000	0.105456	0.000000	0.004079	0.000000
27	tsk_27	(x)	1	:	0.000000	0.000000	0.000000	0.000000	0.000000	0.000000	0.482571	0.000000	0.000000	0.000000	0.000000	0.517429	0.000000
28	tsk_28	(x)	1	:	0.000000	0.000000	0.000000	0.000000	0.387304	0.000000	0.507629	0.073309	0.000000	0.031758	0.000000	0.000000	0.000000
29	tsk_29	(x)	1	:	0.000000	0.000000	0.000041	0.456606	0.000000	0.541218	0.000000	0.000000	0.000000	0.000000	0.000000	0.002135	0.000000
30	tsk_30	(x)	1	:	0.484798	0.000000	0.000000	0.000000	0.000000	0.515202	0.000000	0.000000	0.000000	0.000000	0.000000	0.000000	0.000000
31	tsk_31	(x)	1	:	0.000000	0.754069	0.000080	0.000000	0.000000	0.000000	0.000000	0.000000	0.000000	0.000000	0.000000	0.245851	0.000000
32	tsk_32	(x)	1	:	0.000000	0.000000	0.000000	0.000000	0.000000	1.000000	0.000000	0.000000	0.000000	0.000000	0.000000	0.000000	0.000000
33	tsk_33	(x)	1	:	0.000000	0.000000	0.000000	0.000000	0.000000	1.000000	0.000000	0.000000	0.000000	0.000000	0.000000	0.000000	0.000000
34	tsk_34	(x)	1	:	0.000000	0.000000	0.000000	0.000000	0.000000	1.000000	0.000000	0.000000	0.000000	0.000000	0.000000	0.000000	0.000000
35	tsk_35	(x)	1	:	0.000000	0.754065	0.000068	0.000000	0.000000	0.000000	0.000000	0.000000	0.000000	0.000000	0.000000	0.245867	0.000000
36	tsk_36	(x)	1	:	0.000000	0.000000	0.200524	0.000000	0.252381	0.000000	0.000000	0.218097	0.000000	0.053539	0.000000	0.275458	0.000000
37	tsk_37	(x)	1	:	0.000000	0.000000	0.000000	0.000000	0.215608	0.500048	0.000000	0.144224	0.000000	0.140120	0.000000	0.000000	0.000000
38	tsk_38	(x)	1	:	0.000000	0.000000	0.498401	0.000000	0.000000	0.501599	0.000000	0.000000	0.000000	0.000000	0.000000	0.000000	0.000000
39	tsk_39	(x)	1	:	0.000000	0.000000	0.000000	0.000000	0.000000	0.487114	0.000000	0.000000	0.512886	0.000000	0.000000	0.000000	0.000000
40	tsk_40	(x)	1	:	0.000000	0.000000	0.000000	0.000000	0.387747	0.000000	0.000000	0.186606	0.000000	0.425646	0.000000	0.000000	0.000000
41	tsk_41	(x)	1	:	0.000000	0.000000	0.000000	0.000000	0.055982	0.000000	0.000000	0.637313	0.000000	0.306705	0.000000	0.000000	0.000000
42	tsk_42	(x)	1	:	0.000000	0.000000	0.000000	0.000000	0.406753	0.000000	0.000000	0.238599	0.000000	0.354648	0.000000	0.000000	0.000000
43	tsk_43	(x)	1	:	0.000000	0.000000	0.000000	0.000000	0.209018	0.000000	0.000000	0.187052	0.000000	0.603930	0.000000	0.000000	0.000000
44	tsk_44	(x)	1	:	0.000000	0.000000	0.001068	0.471312	0.005166	0.000000	0.000000	0.001167	0.000000	0.017514	0.499976	0.003797	0.000000
45	tsk_45	(x)	1	:	0.000000	0.000000	0.000000	0.000000	0.202128	0.000000	0.000000	0.223105	0.000000	0.574767	0.000000	0.000000	0.000000
46	tsk_46	(x)	1	:	0.000000	0.000000	0.000000	0.000000	0.245277	0.000000	0.000000	0.593574	0.000000	0.161148	0.000000	0.000000	0.000000
47	tsk_47	(x)	1	:	0.000000	0.000000	0.000000	0.000000	0.210069	0.000000	0.000000	0.785601	0.000000	0.004329	0.000000	0.000000	0.000000
48	tsk_48	(x)	1	:	0.000000	0.000000	0.000000	0.000000	0.240862	0.500034	0.000000	0.126267	0.000000	0.132836	0.000000	0.000000	0.000000
49	tsk_49	(x)	1	:	0.000000	0.000000	0.000000	0.000000	0.057747	0.000000	0.000000	0.124439	0.000000	0.317813	0.500000	0.000000	0.000000
50	tsk_50	(x)	1	:	0.000000	0.424127	0.000000	0.575873	0.000000	0.000000	0.000000	0.000000	0.000000	0.000000	0.000000	0.000000	0.000000
51	tsk_51	(x)	1	:	0.000000	0.000000	0.498401	0.000000	0.000000	0.501599	0.000000	0.000000	0.000000	0.000000	0.000000	0.000000	0.000000
52	tsk_52	(x)	1	:	0.000000	0.000000	0.498401	0.000000	0.000000	0.501599	0.000000	0.000000	0.000000	0.000000	0.000000	0.000000	0.000000
53	tsk_53	(x)	1	:	0.000000	0.000000	0.499067	0.000000	0.147294	0.000000	0.000000	0.159228	0.000000	0.194411	0.000000	0.000000	0.000000
54	tsk_54	(x)	1	:	0.000000	0.000000	0.000000	0.000000	0.000000	1.000000	0.000000	0.000000	0.000000	0.000000	0.000000	0.000000	0.000000
55	tsk_55	(x)	1	:	0.000000	0.488253	0.000000	0.000000	0.000000	0.511747	0.000000	0.000000	0.000000	0.000000	0.000000	0.000000	0.000000
56	tsk_56	(x)	1	:	0.000000	0.000000	0.498521	0.000000	0.002155	0.000000	0.000000	0.001950	0.000000	0.004011	0.493362	0.000000	0.000000
57	tsk_57	(x)	1	:	0.000000	0.000000	0.441610	0.558390	0.000000	0.000000	0.000000	0.000000	0.000000	0.000000	0.000000	0.000000	0.000000
58	tsk_58	(x)	1	:	0.000000	0.000000	0.000000	0.509187	0.147959	0.000000	0.000000	0.140049	0.000000	0.202804	0.000000	0.000000	0.000000
59	tsk_59	(x)	1	:	0.000000	0.000000	0.000000	1.000000	0.000000	0.000000	0.000000	0.000000	0.000000	0.000000	0.000000	0.000000	0.000000
60	tsk_60	(x)	1	:	0.000000	0.000000	0.000000	0.000000	0.000000	0.503434	0.000000	0.000000	0.000000	0.000000	0.000000	0.496566	0.000000
61	tsk_61	(x)	1	:	0.000000	0.000000	0.000000	0.000000	0.376960	0.000000	0.000000	0.244645	0.000000	0.378395	0.000000	0.000000	0.000000
62	tsk_62	(x)	1	:	0.000000	0.000000	0.499067	0.000000	0.168916	0.000000	0.000000	0.141368	0.000000	0.190650	0.000000	0.000000	0.000000
63	tsk_63	(x)	1	:	0.000000	0.000000	0.499067	0.000000	0.128610	0.000000	0.000000	0.058767	0.000000	0.313556	0.000000	0.000000	0.000000
64	tsk_64	(x)	1	:	0.000000	0.000000	0.000000	0.000000	0.000000	1.000000	0.000000	0.000000	0.000000	0.000000	0.000000	0.000000	0.000000
65	tsk_65	(x)	1	:	0.000000	0.000000	0.499067	0.000000	0.194458	0.000000	0.000000	0.214341	0.000000	0.092134	0.000000	0.000000	0.000000
66	tsk_66	(x)	1	:	0.000000	0.000000	0.000000	0.000000	0.000000	1.000000	0.000000	0.000000	0.000000	0.000000	0.000000	0.000000	0.000000
67	tsk_67	(x)	1	:	0.000000	0.000000	0.000000	0.000000	0.142410	0.000000	0.000000	0.278189	0.000000	0.579400	0.000000	0.000000	0.000000
68	tsk_68	(x)	1	:	0.000000	0.000000	0.498401	0.000000	0.000000	0.501599	0.000000	0.000000	0.000000	0.000000	0.000000	0.000000	0.000000
69	tsk_69	(x)	1	:	0.000000	0.000000	0.498401	0.000000	0.000000	0.501599	0.000000	0.000000	0.000000	0.000000	0.000000	0.000000	0.000000
70	tsk_70	(x)	1	:	0.000000	0.000000	0.000000	0.000000	0.209242	0.500053	0.000000	0.174187	0.000000	0.116518	0.000000	0.000000	0.000000
71	tsk_71	(x)	1	:	0.000000	0.515979	0.000000	0.000000	0.072712	0.000000	0.000000	0.079868	0.000000	0.331441	0.000000	0.000000	0.000000
72	tsk_72	(x)	1	:	0.000000	0.000000	0.149717	0.000000	0.000000	0.551353	0.000000	0.000000	0.000000	0.000000	0.000000	0.298930	0.000000
73	tsk_73	(x)	1	:	0.000000	0.581232	0.418767	0.000000	0.000000	0.000000	0.000000	0.000000	0.000000	0.000000	0.000000	0.000000	0.000000
74	tsk_74	(x)	1	:	0.000000	0.000000	0.000000	0.000000	0.269533	0.000000	0.000000	0.212926	0.000000	0.256517	0.000000	0.000000	0.261024
75	tsk_75	(x)	1	:	0.484798	0.000000	0.000000	0.000000	0.000000	0.515202	0.000000	0.000000	0.000000	0.000000	0.000000	0.000000	0.000000
76	tsk_76	(x)	1	:	0.000000	0.000000	0.000000	0.000000	0.000000	1.000000	0.000000	0.000000	0.000000	0.000000	0.000000	0.000000	0.000000
77	tsk_77	(x)	1	:	0.484798	0.000000	0.000000	0.000000	0.000000	0.515202	0.000000	0.000000	0.000000	0.000000	0.000000	0.000000	0.000000
78	tsk_78	(x)	1	:	1.000000	0.000000	0.000000	0.000000	0.000000	0.000000	0.000000	0.000000	0.000000	0.000000	0.000000	0.000000	0.000000
79	tsk_79	(x)	1	:	0.000000	0.000000	0.000000	0.000000	0.000000	1.000000	0.000000	0.000000	0.000000	0.000000	0.000000	0.000000	0.000000
80	tsk_80	(x)	1	:	0.000000	0.000000	0.000000	1.000000	0.000000	0.000000	0.000000	0.000000	0.000000	0.000000	0.000000	0.000000	0.000000
81	tsk_81	(x)	1	:	0.510600	0.000000	0.000000	0.000000	0.071985	0.000000	0.000000	0.086620	0.000000	0.330794	0.000000	0.000000	0.000000
82	tsk_82	(x)	1	:	0.000000	0.000000	0.000000	0.509187	0.180949	0.000000	0.000000	0.123196	0.000000	0.186667	0.000000	0.000000	0.000000
83	tsk_83	(x)	1	:	0.000000	0.000000	0.000000	0.496843	0.000000	0.503157	0.000000	0.000000	0.000000	0.000000	0.000000	0.000000	0.000000
84	tsk_84	(x)	1	:	0.000000	0.000000	0.000000	0.496844	0.000000	0.503156	0.000000	0.000000	0.000000	0.000000	0.000000	0.000000	0.000000
85	tsk_85	(x)	1	:	0.000000	0.000000	0.000000	0.509187	0.206880	0.000000	0.000000	0.164219	0.000000	0.119714	0.000000	0.000000	0.000000
86	tsk_86	(x)	1	:	0.000000	0.511427	0.000000	0.000000	0.000000	0.000000	0.000000	0.000000	0.000000	0.000000	0.000000	0.488572	0.000000
87	tsk_87	(x)	1	:	0.000000	0.492996	0.000000	0.000000	0.089255	0.000000	0.000000	0.299542	0.000000	0.118207	0.000000	0.000000	0.000000
88	tsk_88	(x)	1	:	0.000000	0.000000	0.000000	0.515550	0.000000	0.484450	0.000000	0.000000	0.000000	0.000000	0.000000	0.000000	0.000000
89	tsk_89	(x)	1	:	0.000000	0.492996	0.000000	0.000000	0.105089	0.000000	0.000000	0.268381	0.000000	0.133535	0.000000	0.000000	0.000000
90	tsk_90	(x)	1	:	0.510600	0.000000	0.000000	0.000000	0.064553	0.000000	0.000000	0.042824	0.000000	0.382023	0.000000	0.000000	0.000000
91	tsk_91	(x)	1	:	0.000000	0.000000	0.000000	0.000000	0.223602	0.500028	0.000000	0.132267	0.000000	0.144103	0.000000	0.000000	0.000000
92	tsk_92	(x)	1	:	0.000000	0.000000	0.000000	0.000000	0.483954	0.000000	0.000000	0.238287	0.000000	0.277759	0.000000	0.000000	0.000000
93	tsk_93	(x)	1	:	0.516173	0.000000	0.000000	0.000000	0.000000	0.483827	0.000000	0.000000	0.000000	0.000000	0.000000	0.000000	0.000000
94	tsk_94	(x)	1	:	0.000000	0.000000	0.000000	0.000000	0.000000	0.487114	0.000000	0.000000	0.512886	0.000000	0.000000	0.000000	0.000000
95	tsk_95	(x)	1	:	0.000000	0.000000	0.000000	0.000000	0.000000	0.487114	0.000000	0.000000	0.512886	0.000000	0.000000	0.000000	0.000000
96	tsk_96	(x)	1	:	0.516173	0.000000	0.000000	0.000000	0.000000	0.483827	0.000000	0.000000	0.000000	0.000000	0.000000	0.000000	0.000000
97	tsk_97	(x)	1	:	0.516173	0.000000	0.000000	0.000000	0.000000	0.483827	0.000000	0.000000	0.000000	0.000000	0.000000	0.000000	0.000000
98	tsk_98	(x)	1	:	0.000000	0.000000	0.000000	0.000000	0.000000	0.000000	0.000000	0.000000	1.000000	0.000000	0.000000	0.000000	0.000000
99	tsk_99	(x)	1	:	0.000000	0.000000	0.000000	0.000000	0.000000	1.000000	0.000000	0.000000	0.000000	0.000000	0.000000	0.000000	0.000000
100	tsk_100	(x)	1	:	0.000000	0.000000	0.734304	0.000000	0.000000	0.000000	0.000000	0.000000	0.000000	0.000000	0.000000	0.265695	0.000000
101	tsk_101	(x)	1	:	0.000000	0.000000	0.936566	0.000000	0.000000	0.000000	0.000000	0.000000	0.000000	0.000000	0.000000	0.000000	0.063434
102	tsk_102	(x)	1	:	0.000000	0.000000	0.485816	0.000000	0.000000	0.000000	0.000000	0.000000	0.000000	0.000000	0.000000	0.000000	0.514184
103	tsk_103	(x)	1	:	0.000000	0.000000	0.000000	0.000000	0.082490	0.000000	0.000000	0.030991	0.000000	0.382038	0.000000	0.504480	0.000000
104	tsk_104	(x)	1	:	0.000000	0.000000	0.499067	0.000000	0.131157	0.000000	0.000000	0.227239	0.000000	0.142537	0.000000	0.000000	0.000000
105	tsk_105	(x)	1	:	0.000000	0.000000	0.499067	0.000000	0.085804	0.000000	0.000000	0.035922	0.000000	0.047009	0.000000	0.000000	0.332197
106	tsk_106	(x)	1	:	0.000000	0.000000	0.499067	0.000000	0.071576	0.000000	0.000000	0.042748	0.000000	0.054411	0.000000	0.000000	0.332197
107	tsk_107	(x)	1	:	0.000000	0.000000	0.000000	0.000000	0.057414	0.000000	0.000000	0.105821	0.000000	0.332285	0.000000	0.504480	0.000000
108	tsk_108	(x)	1	:	0.000000	0.000000	0.499067	0.000000	0.097202	0.000000	0.000000	0.202131	0.000000	0.201599	0.000000	0.000000	0.000000
109	tsk_109	(x)	1	:	0.000000	0.000000	0.200410	0.000000	0.119569	0.000000	0.000000	0.158763	0.000000	0.245683	0.000000	0.275575	0.000000
110	tsk_110	(x)	1	:	0.000000	0.000000	0.000000	0.000000	0.000000	0.000000	1.000000	0.000000	0.000000	0.000000	0.000000	0.000000	0.000000
111	tsk_111	(x)	1	:	0.000000	0.000000	0.000000	0.000000	0.345073	0.000000	0.000000	0.304115	0.000000	0.350812	0.000000	0.000000	0.000000
112	tsk_112	(x)	1	:	0.000000	0.000000	0.000000	0.000000	0.359089	0.000000	0.507629	0.116286	0.000000	0.016996	0.000000	0.000000	0.000000
113	tsk_113	(x)	1	:	0.000000	0.000000	0.000000	0.000000	0.338153	0.000000	0.000000	0.226762	0.000000	0.435084	0.000000	0.000000	0.000000
114	tsk_114	(x)	1	:	0.000000	0.000000	0.000000	0.000000	0.359892	0.000000	0.000000	0.324707	0.000000	0.315402	0.000000	0.000000	0.000000
115	tsk_115	(x)	1	:	0.000000	0.000000	0.499067	0.000000	0.104078	0.000000	0.000000	0.260161	0.000000	0.136694	0.000000	0.000000	0.000000
116	tsk_116	(x)	1	:	0.000000	0.000000	0.000000	0.000000	0.000000	0.000000	0.567915	0.000000	0.000000	0.000000	0.000000	0.432085	0.000000
117	tsk_117	(x)	1	:	0.000000	0.000000	0.000000	0.000000	0.237718	0.000000	0.000000	0.260093	0.000000	0.502189	0.000000	0.000000	0.000000
118	tsk_118	(x)	1	:	0.000000	0.000000	0.000000	0.000000	0.000000	0.000000	0.567915	0.000000	0.000000	0.000000	0.000000	0.432085	0.000000
119	tsk_119	(x)	1	:	0.000000	0.000000	0.000000	0.000000	0.351025	0.000000	0.507629	0.113290	0.000000	0.028056	0.000000	0.000000	0.000000
120	tsk_120	(x)	1	:	0.000000	0.000000	0.000000	0.000000	0.186351	0.000000	0.000000	0.131045	0.000000	0.155179	0.000000	0.527425	0.000000
121	tsk_121	(x)	1	:	0.000000	0.000000	0.000000	0.000000	0.000000	1.000000	0.000000	0.000000	0.000000	0.000000	0.000000	0.000000	0.000000
122	tsk_122	(x)	1	:	0.000000	0.000000	0.000000	0.000000	0.000000	0.000000	0.000000	0.000000	0.000000	0.000592	0.493502	0.505906	0.000000
123	tsk_123	(x)	1	:	0.000000	0.000000	0.507628	0.000000	0.000000	0.000000	0.000000	0.000000	0.000000	0.000000	0.000000	0.492372	0.000000
124	tsk_124	(x)	1	:	0.000000	0.000000	0.000000	0.000000	0.113588	0.000000	0.000000	0.074140	0.000000	0.312272	0.500000	0.000000	0.000000
125	tsk_125	(x)	1	:	0.000000	0.000000	0.000000	0.000000	0.000000	0.503434	0.000000	0.000000	0.000000	0.000000	0.000000	0.496566	0.000000
126	tsk_126	(x)	1	:	0.000000	0.000000	0.000000	0.000000	0.000000	0.000000	0.000000	0.000000	0.000000	0.000000	0.000000	1.000000	0.000000
127	tsk_127	(x)	1	:	0.509699	0.000000	0.000000	0.000000	0.000426	0.000000	0.000000	0.000206	0.000000	0.002816	0.486853	0.000000	0.000000
128	tsk_128	(x)	1	:	0.000000	0.000000	0.000000	0.000000	0.000000	0.000000	0.000000	0.000000	0.000000	0.000000	0.000000	1.000000	0.000000
129	tsk_129	(x)	1	:	0.000000	0.000000	0.000000	0.000000	0.000000	0.000000	0.000000	0.000000	0.000000	0.000000	0.494047	0.505953	0.000000
130	tsk_130	(x)	1	:	0.000000	0.000000	0.000000	0.000000	0.170056	0.500021	0.000000	0.246598	0.000000	0.083325	0.000000	0.000000	0.000000
131	tsk_131	(x)	1	:	0.000000	0.000000	0.000000	0.000000	0.000000	0.000000	0.000000	0.000000	1.000000	0.000000	0.000000	0.000000	0.000000
132	tsk_132	(x)	1	:	0.000000	0.000000	0.000000	0.000000	0.247611	0.500028	0.000000	0.110124	0.000000	0.142237	0.000000	0.000000	0.000000
133	tsk_133	(x)	1	:	0.000000	0.000000	0.000000	0.000000	0.000000	0.487114	0.000000	0.000000	0.512886	0.000000	0.000000	0.000000	0.000000
134	tsk_134	(x)	1	:	0.000000	0.000000	0.000000	0.000000	0.000000	0.487114	0.000000	0.000000	0.512886	0.000000	0.000000	0.000000	0.000000
135	tsk_135	(x)	1	:	0.000000	0.000000	0.000000	0.000000	0.062372	0.000000	0.000000	0.220591	0.487529	0.229507	0.000000	0.000000	0.000000
136	tsk_136	(x)	1	:	0.000000	0.000000	0.000000	0.000000	0.372140	0.000000	0.000000	0.332327	0.000000	0.295533	0.000000	0.000000	0.000000
137	tsk_137	(x)	1	:	0.000000	0.000000	0.000000	0.000000	0.000000	0.000000	0.000000	0.000000	1.000000	0.000000	0.000000	0.000000	0.000000
138	tsk_138	(x)	1	:	0.000000	0.000000	0.000000	0.000000	0.322675	0.500045	0.000000	0.067401	0.000000	0.109880	0.000000	0.000000	0.000000
139	tsk_139	(x)	1	:	0.000000	0.000000	0.000000	0.000000	0.000000	0.000000	1.000000	0.000000	0.000000	0.000000	0.000000	0.000000	0.000000
140	tsk_140	(x)	1	:	0.000000	0.000000	0.000000	0.000000	0.000000	1.000000	0.000000	0.000000	0.000000	0.000000	0.000000	0.000000	0.000000
141	tsk_141	(x)	1	:	0.484798	0.000000	0.000000	0.000000	0.000000	0.515202	0.000000	0.000000	0.000000	0.000000	0.000000	0.000000	0.000000
142	tsk_142	(x)	1	:	0.000000	0.515979	0.000000	0.000000	0.024634	0.000000	0.000000	0.094794	0.000000	0.364594	0.000000	0.000000	0.000000
143	tsk_143	(x)	1	:	0.484797	0.000000	0.000000	0.000000	0.000000	0.515202	0.000000	0.000000	0.000000	0.000000	0.000000	0.000000	0.000000
144	tsk_144	(x)	1	:	0.484798	0.000000	0.000000	0.000000	0.000000	0.515202	0.000000	0.000000	0.000000	0.000000	0.000000	0.000000	0.000000
145	tsk_145	(x)	1	:	0.000000	0.515979	0.000000	0.000000	0.043505	0.000000	0.000000	0.118330	0.000000	0.322186	0.000000	0.000000	0.000000
146	tsk_146	(x)	1	:	0.000000	0.000000	0.000000	0.000000	0.000000	0.487114	0.000000	0.000000	0.512886	0.000000	0.000000	0.000000	0.000000
147	tsk_147	(x)	1	:	0.000000	0.000000	0.000000	0.000000	0.241951	0.500057	0.000000	0.124358	0.000000	0.133635	0.000000	0.000000	0.000000
148	tsk_148	(x)	1	:	0.484798	0.000000	0.000000	0.000000	0.000000	0.515202	0.000000	0.000000	0.000000	0.000000	0.000000	0.000000	0.000000
149	tsk_149	(x)	1	:	1.000000	0.000000	0.000000	0.000000	0.000000	0.000000	0.000000	0.000000	0.000000	0.000000	0.000000	0.000000	0.000000
