logL = -594.345239 (converged)
AIC = 5928.690477
BIC = 13063.896124

count.K
1 7 1 32 23 1 1 7 2 16 1 5 53 0 

