logL = -1229.479752 (converged)
AIC = 5918.959503
BIC = 11127.358562

count.K
19 1 14 22 34 1 12 9 18 20 

