0	tsk_0	(x)	1	:	0.000000	0.000000	0.000000	0.000000	0.000000	0.000000	0.000000	0.000000	0.000000	0.000000	0.512684	0.000000	0.487316
1	tsk_1	(x)	1	:	0.000000	0.000000	0.000000	0.000000	0.529946	0.000000	0.000000	0.000354	0.000087	0.469538	0.000076	0.000000	0.000000
2	tsk_2	(x)	1	:	0.000000	0.000000	0.000000	0.000000	1.000000	0.000000	0.000000	0.000000	0.000000	0.000000	0.000000	0.000000	0.000000
3	tsk_3	(x)	1	:	0.000000	0.000000	0.000000	0.000000	0.529948	0.000000	0.000000	0.000407	0.000042	0.469496	0.000108	0.000000	0.000000
4	tsk_4	(x)	1	:	0.000000	0.000000	0.000000	0.000000	1.000000	0.000000	0.000000	0.000000	0.000000	0.000000	0.000000	0.000000	0.000000
5	tsk_5	(x)	1	:	0.011735	0.000000	0.000000	0.000000	0.505834	0.000000	0.000000	0.000000	0.000000	0.000000	0.000000	0.000000	0.482431
6	tsk_6	(x)	1	:	0.000000	0.000000	0.000000	0.000000	0.552029	0.000000	0.000000	0.447971	0.000000	0.000000	0.000000	0.000000	0.000000
7	tsk_7	(x)	1	:	0.000000	0.000000	0.000000	0.000000	0.595563	0.000000	0.000000	0.000000	0.404437	0.000000	0.000000	0.000000	0.000000
8	tsk_8	(x)	1	:	0.000000	0.000000	0.000000	0.000000	0.552029	0.000000	0.000000	0.447971	0.000000	0.000000	0.000000	0.000000	0.000000
9	tsk_9	(x)	1	:	0.000000	0.000000	0.000000	0.532531	0.467469	0.000000	0.000000	0.000000	0.000000	0.000000	0.000000	0.000000	0.000000
10	tsk_10	(x)	1	:	0.011383	0.000000	0.000000	0.000000	0.000000	0.000000	0.000000	0.000000	0.000000	0.000000	0.508869	0.000000	0.479748
11	tsk_11	(x)	1	:	0.000000	0.413014	0.000000	0.000000	0.000000	0.000000	0.000000	0.000000	0.000000	0.586986	0.000000	0.000000	0.000000
12	tsk_12	(x)	1	:	0.000000	0.000000	0.000000	0.000000	0.000000	0.475348	0.000000	0.000000	0.000000	0.524652	0.000000	0.000000	0.000000
13	tsk_13	(x)	1	:	0.000000	0.000000	0.000000	0.000000	0.000000	0.000000	0.000000	0.000000	0.000000	1.000000	0.000000	0.000000	0.000000
14	tsk_14	(x)	1	:	0.029815	0.000000	0.000000	0.000000	0.000000	0.489457	0.000000	0.000000	0.000000	0.000000	0.000000	0.000000	0.480728
15	tsk_15	(x)	1	:	0.000000	0.000000	0.000000	0.366391	0.000000	0.485338	0.000000	0.000000	0.000000	0.000000	0.148271	0.000000	0.000000
16	tsk_16	(x)	1	:	0.000000	0.000000	0.000000	0.000000	0.000000	1.000000	0.000000	0.000000	0.000000	0.000000	0.000000	0.000000	0.000000
17	tsk_17	(x)	1	:	0.000000	0.000000	0.000000	0.000000	0.000000	0.000000	0.000000	0.000000	0.000000	0.000000	0.000000	0.000000	1.000000
18	tsk_18	(x)	1	:	0.002819	0.000000	0.000000	0.000000	0.000000	0.000000	0.000000	0.000000	0.000000	0.526151	0.000000	0.000000	0.471030
19	tsk_19	(x)	1	:	0.000000	0.000000	0.000000	0.000000	0.000000	0.000000	0.000000	0.000000	0.000000	0.000000	0.000000	0.000000	1.000000
20	tsk_20	(x)	1	:	0.000000	0.000000	0.000000	0.000000	0.000000	0.000000	0.000000	1.000000	0.000000	0.000000	0.000000	0.000000	0.000000
21	tsk_21	(x)	1	:	0.518958	0.000000	0.000000	0.000000	0.000000	0.000000	0.000000	0.000000	0.000000	0.000000	0.000000	0.000000	0.481042
22	tsk_22	(x)	1	:	0.000000	0.000000	0.000000	0.000000	0.000000	0.000000	0.000000	1.000000	0.000000	0.000000	0.000000	0.000000	0.000000
23	tsk_23	(x)	1	:	0.015264	0.000000	0.000000	0.000000	0.505052	0.000000	0.000000	0.000000	0.000000	0.000000	0.000000	0.000000	0.479684
24	tsk_24	(x)	1	:	0.619179	0.000000	0.000000	0.000000	0.000000	0.000000	0.000000	0.000000	0.000000	0.000000	0.000000	0.000000	0.380821
25	tsk_25	(x)	1	:	0.000000	0.000000	0.000000	0.000000	0.000000	0.000000	0.000000	0.000000	0.000000	0.000000	0.512684	0.000000	0.487316
26	tsk_26	(x)	1	:	0.015806	0.000000	0.000000	0.000000	0.000000	0.000000	0.000000	0.000000	0.000000	0.000000	0.507395	0.000000	0.476799
27	tsk_27	(x)	1	:	0.550334	0.000000	0.000000	0.000000	0.000000	0.000000	0.000000	0.000000	0.000000	0.000000	0.449666	0.000000	0.000000
28	tsk_28	(x)	1	:	0.000000	0.280566	0.000000	0.000000	0.590704	0.000000	0.000000	0.003236	0.125493	0.000000	0.000000	0.000000	0.000000
29	tsk_29	(x)	1	:	0.000000	0.000000	0.000000	0.000000	0.000000	0.000000	0.000000	1.000000	0.000000	0.000000	0.000000	0.000000	0.000000
30	tsk_30	(x)	1	:	0.000000	0.000000	0.000000	0.000000	0.595563	0.000000	0.000000	0.000000	0.404437	0.000000	0.000000	0.000000	0.000000
31	tsk_31	(x)	1	:	0.000000	0.000000	0.000000	0.000000	0.000000	0.470006	0.000000	0.529994	0.000000	0.000000	0.000000	0.000000	0.000000
32	tsk_32	(x)	1	:	0.012061	0.000000	0.000000	0.000000	0.000000	0.489193	0.498746	0.000000	0.000000	0.000000	0.000000	0.000000	0.000000
33	tsk_33	(x)	1	:	0.000000	0.495961	0.000000	0.000000	0.504035	0.000000	0.000000	0.000000	0.000005	0.000000	0.000000	0.000000	0.000000
34	tsk_34	(x)	1	:	0.000000	0.000000	0.000000	0.000000	0.000000	0.000000	0.512411	0.000000	0.000000	0.000000	0.000000	0.000000	0.487589
35	tsk_35	(x)	1	:	0.002844	0.000000	0.000000	0.000000	0.501699	0.000000	0.493558	0.000000	0.000006	0.000000	0.001893	0.000000	0.000000
36	tsk_36	(x)	1	:	0.530185	0.000000	0.000000	0.000000	0.469815	0.000000	0.000000	0.000000	0.000000	0.000000	0.000000	0.000000	0.000000
37	tsk_37	(x)	1	:	0.000000	0.000000	0.000000	0.000000	1.000000	0.000000	0.000000	0.000000	0.000000	0.000000	0.000000	0.000000	0.000000
38	tsk_38	(x)	1	:	0.000000	0.000000	0.000000	0.000000	1.000000	0.000000	0.000000	0.000000	0.000000	0.000000	0.000000	0.000000	0.000000
39	tsk_39	(x)	1	:	0.440913	0.000000	0.000000	0.000000	0.255318	0.000000	0.000000	0.000000	0.303769	0.000000	0.000000	0.000000	0.000000
40	tsk_40	(x)	1	:	0.000000	0.000000	0.000000	0.000000	0.000000	0.000000	0.000000	0.008113	0.508636	0.483251	0.000000	0.000000	0.000000
41	tsk_41	(x)	1	:	0.000000	0.000000	0.000000	0.000000	0.456036	0.000000	0.000000	0.543964	0.000000	0.000000	0.000000	0.000000	0.000000
42	tsk_42	(x)	1	:	0.000000	0.000000	0.000000	0.000000	0.000000	0.000000	0.000000	1.000000	0.000000	0.000000	0.000000	0.000000	0.000000
43	tsk_43	(x)	1	:	0.002096	0.000000	0.000000	0.000000	0.000000	0.000000	0.493347	0.000000	0.450722	0.000000	0.053836	0.000000	0.000000
44	tsk_44	(x)	1	:	0.000000	0.000000	0.000000	0.000000	1.000000	0.000000	0.000000	0.000000	0.000000	0.000000	0.000000	0.000000	0.000000
45	tsk_45	(x)	1	:	0.000010	0.000000	0.000000	0.000000	0.000000	0.000000	0.474294	0.525696	0.000000	0.000000	0.000000	0.000000	0.000000
46	tsk_46	(x)	1	:	0.000000	0.000000	0.000000	0.000000	0.000000	0.000000	0.000000	0.000000	1.000000	0.000000	0.000000	0.000000	0.000000
47	tsk_47	(x)	1	:	0.000000	0.000000	0.000000	0.000000	0.000000	0.000000	1.000000	0.000000	0.000000	0.000000	0.000000	0.000000	0.000000
48	tsk_48	(x)	1	:	0.004869	0.000000	0.000000	0.000000	0.000000	0.000000	0.492005	0.000000	0.451607	0.000000	0.051519	0.000000	0.000000
49	tsk_49	(x)	1	:	0.003446	0.000000	0.000000	0.366652	0.000000	0.000000	0.492532	0.000000	0.000000	0.000000	0.137370	0.000000	0.000000
50	tsk_50	(x)	1	:	0.000000	0.000000	1.000000	0.000000	0.000000	0.000000	0.000000	0.000000	0.000000	0.000000	0.000000	0.000000	0.000000
51	tsk_51	(x)	1	:	0.490504	0.000000	0.000000	0.000000	0.000000	0.000000	0.000000	0.000000	0.000000	0.000000	0.509496	0.000000	0.000000
52	tsk_52	(x)	1	:	0.000000	0.000000	0.000000	0.000000	0.000000	0.491385	0.000000	0.000000	0.000000	0.000000	0.000000	0.508615	0.000000
53	tsk_53	(x)	1	:	0.000000	0.000000	1.000000	0.000000	0.000000	0.000000	0.000000	0.000000	0.000000	0.000000	0.000000	0.000000	0.000000
54	tsk_54	(x)	1	:	0.000000	0.000000	0.000000	0.000000	0.489891	0.509670	0.000000	0.000000	0.000001	0.000000	0.000439	0.000000	0.000000
55	tsk_55	(x)	1	:	0.000100	0.000000	0.000000	0.000000	0.502290	0.000000	0.000000	0.000000	0.000005	0.000000	0.000822	0.496666	0.000118
56	tsk_56	(x)	1	:	0.000000	0.000000	1.000000	0.000000	0.000000	0.000000	0.000000	0.000000	0.000000	0.000000	0.000000	0.000000	0.000000
57	tsk_57	(x)	1	:	0.003841	0.000000	0.506778	0.000000	0.000000	0.000000	0.489381	0.000000	0.000000	0.000000	0.000000	0.000000	0.000000
58	tsk_58	(x)	1	:	0.003624	0.000000	0.509933	0.000000	0.000000	0.486443	0.000000	0.000000	0.000000	0.000000	0.000000	0.000000	0.000000
59	tsk_59	(x)	1	:	0.000000	0.000000	0.000000	0.000000	0.489876	0.509665	0.000000	0.000000	0.000001	0.000000	0.000458	0.000000	0.000000
60	tsk_60	(x)	1	:	0.422143	0.000000	0.000000	0.000000	0.000000	0.000000	0.000000	0.000000	0.000000	0.000000	0.000000	0.577857	0.000000
61	tsk_61	(x)	1	:	0.002562	0.000000	0.000000	0.000000	0.501414	0.000000	0.493596	0.000000	0.000000	0.000000	0.002429	0.000000	0.000000
62	tsk_62	(x)	1	:	0.000000	0.000000	0.000000	0.490680	0.000000	0.000000	0.000000	0.000000	0.509320	0.000000	0.000000	0.000000	0.000000
63	tsk_63	(x)	1	:	0.000000	0.000000	0.000000	0.000000	0.000000	0.000000	0.000000	0.000000	0.000000	0.000000	0.000000	1.000000	0.000000
64	tsk_64	(x)	1	:	0.000000	0.000000	0.000000	0.529572	0.000000	0.000000	0.000000	0.000000	0.000000	0.000000	0.000000	0.000000	0.470428
65	tsk_65	(x)	1	:	0.000000	0.000000	0.000000	0.000000	0.000000	0.000000	0.000000	0.000000	1.000000	0.000000	0.000000	0.000000	0.000000
66	tsk_66	(x)	1	:	0.000000	0.000000	0.000000	0.000000	1.000000	0.000000	0.000000	0.000000	0.000000	0.000000	0.000000	0.000000	0.000000
67	tsk_67	(x)	1	:	0.000000	0.000000	0.000000	0.000000	0.375319	0.000000	0.000000	0.000000	0.624681	0.000000	0.000000	0.000000	0.000000
68	tsk_68	(x)	1	:	0.005461	0.000000	0.000000	0.366878	0.000000	0.000000	0.491410	0.000000	0.000000	0.000000	0.136251	0.000000	0.000000
69	tsk_69	(x)	1	:	0.000000	0.000000	0.000000	1.000000	0.000000	0.000000	0.000000	0.000000	0.000000	0.000000	0.000000	0.000000	0.000000
70	tsk_70	(x)	1	:	0.000000	0.000000	0.000000	0.000000	0.000000	0.000000	0.431644	0.000000	0.000000	0.000000	0.000000	0.000000	0.568356
71	tsk_71	(x)	1	:	0.009295	0.000000	0.000000	0.000000	0.000000	0.489878	0.500827	0.000000	0.000000	0.000000	0.000000	0.000000	0.000000
72	tsk_72	(x)	1	:	0.000000	0.000000	0.000000	0.000000	0.000000	1.000000	0.000000	0.000000	0.000000	0.000000	0.000000	0.000000	0.000000
73	tsk_73	(x)	1	:	0.000000	0.000000	0.000000	0.000000	0.000000	0.000000	0.000000	0.000000	0.000000	1.000000	0.000000	0.000000	0.000000
74	tsk_74	(x)	1	:	0.000000	0.000000	0.000000	0.000000	0.000000	1.000000	0.000000	0.000000	0.000000	0.000000	0.000000	0.000000	0.000000
75	tsk_75	(x)	1	:	0.000000	0.493073	0.000000	0.000000	0.000000	0.485145	0.000000	0.000000	0.000000	0.000000	0.021782	0.000000	0.000000
76	tsk_76	(x)	1	:	0.000000	1.000000	0.000000	0.000000	0.000000	0.000000	0.000000	0.000000	0.000000	0.000000	0.000000	0.000000	0.000000
77	tsk_77	(x)	1	:	0.510471	0.000000	0.000000	0.000000	0.000000	0.489529	0.000000	0.000000	0.000000	0.000000	0.000000	0.000000	0.000000
78	tsk_78	(x)	1	:	0.017936	0.000000	0.000000	0.000000	0.504462	0.000000	0.000000	0.000000	0.000000	0.000000	0.000000	0.000000	0.477601
79	tsk_79	(x)	1	:	0.002264	0.494402	0.000000	0.000000	0.000000	0.000000	0.493292	0.000000	0.000000	0.000000	0.010042	0.000000	0.000000
80	tsk_80	(x)	1	:	0.000000	0.000000	0.000000	0.000000	0.000000	1.000000	0.000000	0.000000	0.000000	0.000000	0.000000	0.000000	0.000000
81	tsk_81	(x)	1	:	0.000000	0.000000	0.000000	0.000000	0.000000	0.480188	0.000000	0.000000	0.000000	0.519812	0.000000	0.000000	0.000000
82	tsk_82	(x)	1	:	0.000000	0.000000	0.525262	0.000000	0.000000	0.000000	0.000000	0.000000	0.000000	0.000000	0.000000	0.000000	0.474738
83	tsk_83	(x)	1	:	0.017355	0.503647	0.000000	0.000000	0.000000	0.000000	0.000000	0.000000	0.000000	0.000000	0.000000	0.000000	0.478998
84	tsk_84	(x)	1	:	0.000000	0.000000	0.000000	0.000000	0.000000	0.000000	0.000000	0.000000	0.000000	0.000000	0.000000	0.000000	1.000000
85	tsk_85	(x)	1	:	0.489898	0.492718	0.000000	0.000000	0.000000	0.000000	0.000000	0.000000	0.000000	0.000000	0.017384	0.000000	0.000000
86	tsk_86	(x)	1	:	0.000131	0.000000	0.000000	0.000000	0.000000	0.000000	0.000000	0.000000	0.000000	0.555237	0.000000	0.000002	0.444630
87	tsk_87	(x)	1	:	0.518958	0.000000	0.000000	0.000000	0.000000	0.000000	0.000000	0.000000	0.000000	0.000000	0.000000	0.000000	0.481042
88	tsk_88	(x)	1	:	0.000000	0.000000	0.000000	0.000000	0.000000	0.518395	0.000000	0.000000	0.450581	0.000000	0.031024	0.000000	0.000000
89	tsk_89	(x)	1	:	0.000000	0.482624	0.000000	0.000000	0.000000	0.515981	0.000000	0.000000	0.000000	0.000000	0.001395	0.000000	0.000000
90	tsk_90	(x)	1	:	0.000000	0.543740	0.000000	0.000000	0.000000	0.000000	0.000000	0.000000	0.456260	0.000000	0.000000	0.000000	0.000000
91	tsk_91	(x)	1	:	1.000000	0.000000	0.000000	0.000000	0.000000	0.000000	0.000000	0.000000	0.000000	0.000000	0.000000	0.000000	0.000000
92	tsk_92	(x)	1	:	0.000000	0.000000	0.000000	0.671437	0.000000	0.000000	0.000000	0.328562	0.000000	0.000000	0.000000	0.000000	0.000000
93	tsk_93	(x)	1	:	0.000000	0.634254	0.000000	0.000000	0.000000	0.000000	0.000000	0.000000	0.365746	0.000000	0.000000	0.000000	0.000000
94	tsk_94	(x)	1	:	0.491195	0.000000	0.000000	0.000000	0.500926	0.000000	0.000000	0.000000	0.000000	0.000000	0.007879	0.000000	0.000000
95	tsk_95	(x)	1	:	1.000000	0.000000	0.000000	0.000000	0.000000	0.000000	0.000000	0.000000	0.000000	0.000000	0.000000	0.000000	0.000000
96	tsk_96	(x)	1	:	0.000000	0.000000	0.000000	0.000000	0.000000	0.000000	0.000000	0.000000	0.455208	0.000000	0.012345	0.000000	0.532446
97	tsk_97	(x)	1	:	0.490495	0.000000	0.000000	0.366455	0.000000	0.000000	0.000000	0.000000	0.000000	0.000000	0.143049	0.000000	0.000000
98	tsk_98	(x)	1	:	0.000000	0.000000	0.000000	0.000000	0.000000	0.000000	0.000000	0.000000	0.527259	0.000000	0.000000	0.000000	0.472741
99	tsk_99	(x)	1	:	0.494570	0.000000	0.000000	0.000000	0.505430	0.000000	0.000000	0.000000	0.000000	0.000000	0.000000	0.000000	0.000000
100	tsk_100	(x)	1	:	0.000000	0.000000	0.000000	0.000000	0.478828	0.000000	0.000000	0.000000	0.000000	0.000000	0.000008	0.000000	0.521165
101	tsk_101	(x)	1	:	0.000000	1.000000	0.000000	0.000000	0.000000	0.000000	0.000000	0.000000	0.000000	0.000000	0.000000	0.000000	0.000000
102	tsk_102	(x)	1	:	0.000000	0.000000	0.000000	0.000000	0.000000	0.000000	0.000000	0.000000	0.000000	0.000000	0.000000	0.000000	1.000000
103	tsk_103	(x)	1	:	0.000000	1.000000	0.000000	0.000000	0.000000	0.000000	0.000000	0.000000	0.000000	0.000000	0.000000	0.000000	0.000000
104	tsk_104	(x)	1	:	0.014091	0.502037	0.000000	0.000000	0.000000	0.000000	0.000000	0.000000	0.000000	0.000000	0.003240	0.000000	0.480632
105	tsk_105	(x)	1	:	0.000000	0.000000	0.000000	0.000000	0.000000	0.000000	0.000000	0.000000	0.000000	0.000000	0.000000	0.000000	1.000000
106	tsk_106	(x)	1	:	0.000000	0.000000	0.000000	0.000000	0.000000	0.000000	0.000000	0.000000	0.000000	0.000000	0.000000	0.000000	1.000000
107	tsk_107	(x)	1	:	0.000000	0.000000	0.000000	0.000000	0.000000	0.000000	0.000000	0.000000	0.000000	0.000000	0.000000	0.000000	1.000000
108	tsk_108	(x)	1	:	0.017604	0.502895	0.000000	0.000000	0.000000	0.000000	0.000000	0.000000	0.000000	0.000000	0.000923	0.000000	0.478577
109	tsk_109	(x)	1	:	0.000000	0.000000	0.000000	0.000000	0.000000	0.000000	0.000000	0.000000	0.000000	0.000000	0.000000	0.000000	1.000000
110	tsk_110	(x)	1	:	0.000000	0.000000	0.000000	0.000000	0.000000	0.000000	0.557602	0.000000	0.000000	0.000000	0.000000	0.442398	0.000001
111	tsk_111	(x)	1	:	0.490504	0.000000	0.000000	0.000000	0.000000	0.000000	0.000000	0.000000	0.000000	0.000000	0.509496	0.000000	0.000000
112	tsk_112	(x)	1	:	0.510471	0.000000	0.000000	0.000000	0.000000	0.489529	0.000000	0.000000	0.000000	0.000000	0.000000	0.000000	0.000000
113	tsk_113	(x)	1	:	0.490504	0.000000	0.000000	0.000000	0.000000	0.000000	0.000000	0.000000	0.000000	0.000000	0.509496	0.000000	0.000000
114	tsk_114	(x)	1	:	0.490514	0.000000	0.000000	0.000000	0.000000	0.000000	0.000000	0.000000	0.000000	0.427027	0.082459	0.000000	0.000000
115	tsk_115	(x)	1	:	0.000000	0.000000	0.000000	0.000000	0.456036	0.000000	0.000000	0.543964	0.000000	0.000000	0.000000	0.000000	0.000000
116	tsk_116	(x)	1	:	0.423519	0.000000	0.000000	0.000000	0.000000	0.000000	0.576481	0.000000	0.000000	0.000000	0.000000	0.000000	0.000000
117	tsk_117	(x)	1	:	0.497035	0.000000	0.000000	0.000000	0.000000	0.000000	0.000000	0.000000	0.000000	0.000000	0.000000	0.502965	0.000000
118	tsk_118	(x)	1	:	0.000095	0.000000	0.000000	0.000000	0.502538	0.000000	0.000000	0.000000	0.000005	0.000000	0.000475	0.496812	0.000075
119	tsk_119	(x)	1	:	0.000000	0.000000	0.000000	0.000000	0.000000	0.495713	0.504287	0.000000	0.000000	0.000000	0.000000	0.000000	0.000000
120	tsk_120	(x)	1	:	0.000000	0.000000	0.000000	0.000000	0.000000	0.000000	0.000000	0.000000	0.000000	1.000000	0.000000	0.000000	0.000000
121	tsk_121	(x)	1	:	0.000000	0.000000	0.000000	0.000000	0.000000	0.000000	0.000000	0.682639	0.000000	0.317361	0.000000	0.000000	0.000000
122	tsk_122	(x)	1	:	0.490561	0.000000	0.000000	0.000000	0.000000	0.000000	0.000000	0.000000	0.450520	0.000000	0.058919	0.000000	0.000000
123	tsk_123	(x)	1	:	0.017959	0.000000	0.000000	0.000000	0.000000	0.000000	0.000000	0.000000	0.000000	0.427460	0.079075	0.000000	0.475505
124	tsk_124	(x)	1	:	0.536518	0.000000	0.000000	0.000000	0.000000	0.463482	0.000000	0.000000	0.000000	0.000000	0.000000	0.000000	0.000000
125	tsk_125	(x)	1	:	0.000000	0.000000	0.000000	0.000000	0.000000	0.518358	0.000000	0.000000	0.000000	0.000000	0.481642	0.000000	0.000000
126	tsk_126	(x)	1	:	0.490508	0.000000	0.000000	0.000000	0.000000	0.000000	0.000000	0.000000	0.000000	0.427015	0.082477	0.000000	0.000000
127	tsk_127	(x)	1	:	0.000000	0.000000	0.000000	0.000000	0.000000	0.000000	0.442985	0.557015	0.000000	0.000000	0.000000	0.000000	0.000000
128	tsk_128	(x)	1	:	0.000000	0.000000	0.000000	0.000000	0.000000	0.000000	0.000000	0.496057	0.000000	0.503943	0.000000	0.000000	0.000000
129	tsk_129	(x)	1	:	0.000000	0.000000	0.000000	0.000000	0.000000	0.000000	0.000000	0.000000	0.000000	0.000000	0.000000	0.000000	1.000000
130	tsk_130	(x)	1	:	0.000000	0.237071	0.000000	0.000000	0.000000	0.518361	0.000000	0.000000	0.010057	0.000000	0.234511	0.000000	0.000000
131	tsk_131	(x)	1	:	0.000000	0.482433	0.000000	0.000000	0.000000	0.515941	0.000000	0.000000	0.000000	0.000000	0.001625	0.000000	0.000000
132	tsk_132	(x)	1	:	0.000221	0.000000	0.000000	0.000000	0.000000	0.517002	0.482777	0.000000	0.000000	0.000000	0.000000	0.000000	0.000000
133	tsk_133	(x)	1	:	0.000000	0.000000	0.000000	0.000000	0.000000	1.000000	0.000000	0.000000	0.000000	0.000000	0.000000	0.000000	0.000000
134	tsk_134	(x)	1	:	0.000000	0.000000	0.000000	0.000000	0.000000	1.000000	0.000000	0.000000	0.000000	0.000000	0.000000	0.000000	0.000000
135	tsk_135	(x)	1	:	0.017608	0.502322	0.000000	0.000000	0.000000	0.000000	0.000000	0.000000	0.000000	0.000000	0.001688	0.000000	0.478381
136	tsk_136	(x)	1	:	0.015768	0.504042	0.000000	0.000000	0.000000	0.000000	0.000000	0.000000	0.000000	0.000000	0.000000	0.000000	0.480190
137	tsk_137	(x)	1	:	0.000000	0.000000	0.000000	0.000000	0.000000	1.000000	0.000000	0.000000	0.000000	0.000000	0.000000	0.000000	0.000000
138	tsk_138	(x)	1	:	0.000585	0.000000	0.000000	0.000000	0.000000	0.000000	0.000000	0.000000	0.000000	0.427052	0.076837	0.495487	0.000040
139	tsk_139	(x)	1	:	0.518958	0.000000	0.000000	0.000000	0.000000	0.000000	0.000000	0.000000	0.000000	0.000000	0.000000	0.000000	0.481042
140	tsk_140	(x)	1	:	0.000000	0.000000	0.000000	0.000000	0.500009	0.485330	0.000000	0.000000	0.000003	0.000000	0.014658	0.000000	0.000000
141	tsk_141	(x)	1	:	0.000193	0.000000	0.000000	0.000000	0.000000	0.517008	0.482798	0.000000	0.000000	0.000000	0.000000	0.000000	0.000000
142	tsk_142	(x)	1	:	0.000000	0.000000	0.000000	0.000000	0.499756	0.485247	0.000000	0.000000	0.000003	0.000000	0.014994	0.000000	0.000000
143	tsk_143	(x)	1	:	0.000000	0.000000	0.000000	0.000000	0.478827	0.000000	0.000000	0.000000	0.000000	0.000000	0.000008	0.000000	0.521165
144	tsk_144	(x)	1	:	0.000000	0.000000	0.000000	0.000000	0.000000	0.471127	0.000000	0.000000	0.000000	0.000000	0.000000	0.000000	0.528873
145	tsk_145	(x)	1	:	0.000000	0.000000	0.000000	0.000000	0.499891	0.485292	0.000000	0.000000	0.000005	0.000000	0.014812	0.000000	0.000000
146	tsk_146	(x)	1	:	0.000000	0.000000	0.000000	0.000000	0.478830	0.000000	0.000000	0.000000	0.000000	0.000000	0.000004	0.000000	0.521166
147	tsk_147	(x)	1	:	0.000000	0.000000	0.000000	0.000000	0.000000	1.000000	0.000000	0.000000	0.000000	0.000000	0.000000	0.000000	0.000000
148	tsk_148	(x)	1	:	0.000000	0.000000	0.000000	0.000000	0.000000	0.000000	0.000000	0.000000	0.000000	0.000000	0.000000	0.000000	1.000000
149	tsk_149	(x)	1	:	0.000000	0.000000	0.000000	0.000000	0.000000	0.471127	0.000000	0.000000	0.000000	0.000000	0.000000	0.000000	0.528873
