0	tsk_0	(x)	1	:	0.000000	0.000000	0.000000	0.000000	0.000000	0.000000	0.000000	0.000000	0.000000	0.000000	0.000000	0.000000	0.000000	0.000000	1.000000
1	tsk_1	(x)	1	:	0.000000	0.000000	0.000000	0.000000	0.000000	0.000000	0.000000	0.000000	0.000000	0.000000	0.000000	0.000000	0.000000	0.000000	1.000000
2	tsk_2	(x)	1	:	0.000000	0.000000	0.000000	0.000000	0.000000	0.000000	0.000000	0.000000	0.000000	0.000000	0.000000	0.000000	0.000000	0.500000	0.500000
3	tsk_3	(x)	1	:	0.000000	0.334011	0.000000	0.000000	0.138974	0.000000	0.000000	0.000000	0.000000	0.000000	0.527015	0.000000	0.000000	0.000000	0.000000
4	tsk_4	(x)	1	:	0.496477	0.000000	0.000000	0.000000	0.000000	0.000000	0.000000	0.000000	0.000000	0.000000	0.000000	0.000000	0.000000	0.000000	0.503523
5	tsk_5	(x)	1	:	0.000000	0.000000	0.000000	0.000000	0.000000	0.000000	0.000000	0.000000	0.000000	0.000000	0.000000	0.000000	0.000000	0.500000	0.500000
6	tsk_6	(x)	1	:	0.000000	0.000407	0.000000	0.000000	0.001185	0.000000	0.000000	0.000000	0.000000	0.013606	0.484005	0.000000	0.000000	0.001778	0.499018
7	tsk_7	(x)	1	:	0.000000	0.093623	0.000000	0.000000	0.408440	0.000000	0.000000	0.000000	0.000000	0.013975	0.483961	0.000000	0.000000	0.000001	0.000000
8	tsk_8	(x)	1	:	0.000000	0.000000	0.000000	0.000000	0.000000	0.000000	0.000000	0.000000	0.000000	0.000000	0.000000	0.000000	0.000000	0.500000	0.500000
9	tsk_9	(x)	1	:	0.000000	0.303809	0.000000	0.000000	0.198267	0.000000	0.000000	0.000000	0.000000	0.497924	0.000000	0.000000	0.000000	0.000000	0.000000
10	tsk_10	(x)	1	:	0.000000	0.012584	0.000000	0.000000	0.987415	0.000000	0.000000	0.000000	0.000000	0.000000	0.000000	0.000000	0.000000	0.000000	0.000000
11	tsk_11	(x)	1	:	0.000000	0.181815	0.000000	0.000000	0.320250	0.000000	0.000000	0.000000	0.000000	0.013975	0.483960	0.000000	0.000000	0.000000	0.000000
12	tsk_12	(x)	1	:	0.000000	0.000000	0.000000	0.000000	0.000000	0.000000	0.000000	0.000000	0.000000	0.000000	0.000000	0.000000	0.000000	1.000000	0.000000
13	tsk_13	(x)	1	:	0.000000	0.309296	0.000000	0.000000	0.162813	0.000000	0.000000	0.000000	0.000000	0.000000	0.527891	0.000000	0.000000	0.000000	0.000000
14	tsk_14	(x)	1	:	0.000000	0.232931	0.000000	0.000000	0.269133	0.000000	0.000000	0.000000	0.000000	0.013975	0.483960	0.000000	0.000000	0.000000	0.000000
15	tsk_15	(x)	1	:	0.000000	0.149262	0.000000	0.000000	0.850737	0.000000	0.000000	0.000000	0.000000	0.000000	0.000000	0.000000	0.000000	0.000000	0.000000
16	tsk_16	(x)	1	:	0.000000	0.027708	0.000000	0.000000	0.083686	0.000000	0.000000	0.000000	0.360716	0.000000	0.527891	0.000000	0.000000	0.000000	0.000000
17	tsk_17	(x)	1	:	0.000000	0.217700	0.000000	0.000000	0.282300	0.000000	0.000000	0.000000	0.000000	0.000000	0.000000	0.000000	0.000000	0.500000	0.000000
18	tsk_18	(x)	1	:	0.000000	0.100600	0.499713	0.000000	0.038954	0.000000	0.000000	0.000000	0.360733	0.000000	0.000000	0.000000	0.000000	0.000000	0.000000
19	tsk_19	(x)	1	:	0.000000	0.000000	0.000000	0.000000	0.000000	0.000000	0.000000	0.000000	0.000000	0.000000	1.000000	0.000000	0.000000	0.000000	0.000000
20	tsk_20	(x)	1	:	0.000000	0.000000	0.000000	0.000000	0.000000	0.738395	0.000000	0.000000	0.000000	0.000000	0.261605	0.000000	0.000000	0.000000	0.000000
21	tsk_21	(x)	1	:	0.000000	0.000000	0.000000	0.000000	0.000000	0.250090	0.000000	0.000000	0.000000	0.000000	0.749910	0.000000	0.000000	0.000000	0.000000
22	tsk_22	(x)	1	:	0.000000	0.000000	0.000000	0.000000	0.000000	0.343404	0.000000	0.000000	0.000000	0.000000	0.160746	0.000000	0.495850	0.000000	0.000000
23	tsk_23	(x)	1	:	0.000000	0.062149	0.000000	0.000000	0.165826	0.000000	0.000000	0.000000	0.000000	0.010113	0.221199	0.540713	0.000000	0.000000	0.000000
24	tsk_24	(x)	1	:	0.000000	0.000000	0.000000	0.000000	0.000000	0.345020	0.000000	0.000000	0.000000	0.000000	0.654980	0.000000	0.000000	0.000000	0.000000
25	tsk_25	(x)	1	:	0.000000	0.000000	0.000000	0.000000	0.000000	0.343404	0.000000	0.000000	0.000000	0.000000	0.160746	0.000000	0.495850	0.000000	0.000000
26	tsk_26	(x)	1	:	0.000000	0.000000	0.000000	0.000000	0.000000	0.000000	0.000000	0.000000	0.000000	0.000000	1.000000	0.000000	0.000000	0.000000	0.000000
27	tsk_27	(x)	1	:	0.000000	0.000000	0.000000	0.000000	0.000000	0.000000	0.000000	0.000000	0.000000	0.000000	0.000000	1.000000	0.000000	0.000000	0.000000
28	tsk_28	(x)	1	:	0.000000	0.000000	0.000000	0.000000	0.000000	0.836885	0.000000	0.000000	0.000000	0.000000	0.163115	0.000000	0.000000	0.000000	0.000000
29	tsk_29	(x)	1	:	0.000000	0.000000	0.000000	0.000000	0.000000	0.345020	0.000000	0.000000	0.000000	0.000000	0.654980	0.000000	0.000000	0.000000	0.000000
30	tsk_30	(x)	1	:	0.000000	0.102000	0.000000	0.000000	0.391648	0.000000	0.000000	0.506352	0.000000	0.000000	0.000000	0.000000	0.000000	0.000000	0.000000
31	tsk_31	(x)	1	:	0.000000	0.064131	0.000000	0.000000	0.429517	0.000000	0.000000	0.506352	0.000000	0.000000	0.000000	0.000000	0.000000	0.000000	0.000000
32	tsk_32	(x)	1	:	0.000000	0.177676	0.000000	0.000000	0.324388	0.000000	0.000000	0.000000	0.000000	0.013975	0.483960	0.000000	0.000000	0.000000	0.000000
33	tsk_33	(x)	1	:	0.000000	0.333937	0.000000	0.000000	0.666062	0.000000	0.000000	0.000000	0.000000	0.000000	0.000000	0.000000	0.000000	0.000000	0.000000
34	tsk_34	(x)	1	:	0.000000	0.000000	0.000000	0.000000	0.000000	0.000000	0.556050	0.000000	0.000000	0.000000	0.443950	0.000000	0.000000	0.000000	0.000000
35	tsk_35	(x)	1	:	0.000000	0.073589	0.499633	0.000000	0.065882	0.000000	0.000000	0.000000	0.360736	0.000159	0.000000	0.000000	0.000000	0.000000	0.000000
36	tsk_36	(x)	1	:	0.000000	0.000000	0.000000	0.000000	0.000000	0.000000	0.479645	0.520355	0.000000	0.000000	0.000000	0.000000	0.000000	0.000000	0.000000
37	tsk_37	(x)	1	:	0.000000	0.094455	0.499711	0.000000	0.405834	0.000000	0.000000	0.000000	0.000000	0.000000	0.000000	0.000000	0.000000	0.000000	0.000000
38	tsk_38	(x)	1	:	0.000000	0.000000	0.487648	0.000000	0.000000	0.000000	0.000000	0.512352	0.000000	0.000000	0.000000	0.000000	0.000000	0.000000	0.000000
39	tsk_39	(x)	1	:	0.000000	0.367659	0.000000	0.000000	0.271618	0.000000	0.000000	0.000000	0.360723	0.000000	0.000000	0.000000	0.000000	0.000000	0.000000
40	tsk_40	(x)	1	:	0.000000	0.398052	0.000000	0.000000	0.113582	0.000000	0.000000	0.488365	0.000000	0.000000	0.000000	0.000000	0.000000	0.000000	0.000000
41	tsk_41	(x)	1	:	0.000000	0.285706	0.499711	0.000000	0.214583	0.000000	0.000000	0.000000	0.000000	0.000000	0.000000	0.000000	0.000000	0.000000	0.000000
42	tsk_42	(x)	1	:	0.000000	0.242946	0.000000	0.000000	0.259130	0.000000	0.000000	0.000000	0.000000	0.497924	0.000000	0.000000	0.000000	0.000000	0.000000
43	tsk_43	(x)	1	:	0.000000	0.412901	0.000000	0.000000	0.587099	0.000000	0.000000	0.000000	0.000000	0.000000	0.000000	0.000000	0.000000	0.000000	0.000000
44	tsk_44	(x)	1	:	0.000000	0.002050	0.000000	0.000000	0.002036	0.343337	0.000000	0.000000	0.000000	0.012935	0.141226	0.000000	0.000000	0.498416	0.000000
45	tsk_45	(x)	1	:	0.000000	0.089754	0.000000	0.000000	0.403893	0.000000	0.000000	0.506352	0.000000	0.000000	0.000000	0.000000	0.000000	0.000000	0.000000
46	tsk_46	(x)	1	:	0.000000	0.166847	0.000000	0.000000	0.326800	0.000000	0.000000	0.506352	0.000000	0.000000	0.000000	0.000000	0.000000	0.000000	0.000000
47	tsk_47	(x)	1	:	0.000000	0.000163	0.000000	0.000000	0.000307	0.000000	0.000000	0.505651	0.000000	0.000000	0.000000	0.000000	0.000000	0.493878	0.000000
48	tsk_48	(x)	1	:	0.000000	0.000000	0.000000	0.000000	0.000000	0.000000	0.479645	0.520355	0.000000	0.000000	0.000000	0.000000	0.000000	0.000000	0.000000
49	tsk_49	(x)	1	:	0.256991	0.134645	0.000000	0.000000	0.111569	0.000000	0.000000	0.298945	0.000000	0.013526	0.184324	0.000000	0.000000	0.000000	0.000000
50	tsk_50	(x)	1	:	0.000000	0.000338	0.499364	0.000000	0.000187	0.000000	0.000000	0.000000	0.000000	0.000066	0.000000	0.000000	0.000000	0.001317	0.498728
51	tsk_51	(x)	1	:	0.000000	0.384212	0.499711	0.000000	0.116077	0.000000	0.000000	0.000000	0.000000	0.000000	0.000000	0.000000	0.000000	0.000000	0.000000
52	tsk_52	(x)	1	:	0.000000	0.332151	0.499711	0.000000	0.168137	0.000000	0.000000	0.000000	0.000000	0.000000	0.000000	0.000000	0.000000	0.000000	0.000000
53	tsk_53	(x)	1	:	0.000000	0.000000	0.000000	0.000000	0.000000	0.000000	0.000000	0.000000	0.000000	0.000000	0.000000	0.000000	1.000000	0.000000	0.000000
54	tsk_54	(x)	1	:	0.000000	0.146389	0.000000	0.000000	0.355676	0.000000	0.000000	0.000000	0.000000	0.013975	0.483960	0.000000	0.000000	0.000000	0.000000
55	tsk_55	(x)	1	:	0.000000	0.000000	0.000000	0.000000	0.000000	0.000000	0.000000	0.000000	0.000000	0.000000	1.000000	0.000000	0.000000	0.000000	0.000000
56	tsk_56	(x)	1	:	0.000000	0.000000	1.000000	0.000000	0.000000	0.000000	0.000000	0.000000	0.000000	0.000000	0.000000	0.000000	0.000000	0.000000	0.000000
57	tsk_57	(x)	1	:	0.000000	0.149835	0.000000	0.000000	0.347482	0.000000	0.000000	0.000000	0.000000	0.000000	0.000000	0.000000	0.000000	0.004020	0.498662
58	tsk_58	(x)	1	:	0.000000	0.000000	0.518347	0.000000	0.000000	0.000000	0.000000	0.000000	0.000000	0.000000	0.481652	0.000000	0.000000	0.000000	0.000000
59	tsk_59	(x)	1	:	0.000000	0.000000	0.000000	0.000000	0.000000	0.000000	0.000000	0.000000	0.000000	0.000000	0.000000	0.000000	1.000000	0.000000	0.000000
60	tsk_60	(x)	1	:	0.219753	0.203518	0.498045	0.000000	0.075938	0.000000	0.000000	0.000000	0.000000	0.002746	0.000000	0.000000	0.000000	0.000000	0.000000
61	tsk_61	(x)	1	:	0.000000	0.101175	0.000000	0.000000	0.898824	0.000000	0.000000	0.000000	0.000000	0.000000	0.000000	0.000000	0.000000	0.000000	0.000000
62	tsk_62	(x)	1	:	0.000000	0.280920	0.000000	0.000000	0.221156	0.000000	0.000000	0.000000	0.000000	0.497924	0.000000	0.000000	0.000000	0.000000	0.000000
63	tsk_63	(x)	1	:	0.000000	0.503607	0.000000	0.000000	0.496393	0.000000	0.000000	0.000000	0.000000	0.000000	0.000000	0.000000	0.000000	0.000000	0.000000
64	tsk_64	(x)	1	:	0.222017	0.538758	0.000000	0.000000	0.239225	0.000000	0.000000	0.000000	0.000000	0.000000	0.000000	0.000000	0.000000	0.000000	0.000000
65	tsk_65	(x)	1	:	0.000000	0.340995	0.499711	0.000000	0.159294	0.000000	0.000000	0.000000	0.000000	0.000000	0.000000	0.000000	0.000000	0.000000	0.000000
66	tsk_66	(x)	1	:	0.000000	0.314021	0.000000	0.000000	0.185979	0.000000	0.000000	0.000000	0.000000	0.000000	0.000000	0.000000	0.000000	0.500000	0.000000
67	tsk_67	(x)	1	:	0.000000	0.243848	0.000000	0.000000	0.258228	0.000000	0.000000	0.000000	0.000000	0.497924	0.000000	0.000000	0.000000	0.000000	0.000000
68	tsk_68	(x)	1	:	0.000000	0.292579	0.499711	0.000000	0.207710	0.000000	0.000000	0.000000	0.000000	0.000000	0.000000	0.000000	0.000000	0.000000	0.000000
69	tsk_69	(x)	1	:	0.000000	0.000000	0.000000	0.000000	0.000000	0.000000	0.000000	0.000000	0.000000	0.000000	0.000000	0.000000	0.000000	1.000000	0.000000
70	tsk_70	(x)	1	:	0.000000	0.000000	0.000000	0.000000	0.000000	0.000000	0.000000	0.000000	0.000000	0.516022	0.483978	0.000000	0.000000	0.000000	0.000000
71	tsk_71	(x)	1	:	0.000000	0.251634	0.000000	0.000000	0.248366	0.000000	0.000000	0.000000	0.000000	0.000000	0.000000	0.000000	0.000000	0.500000	0.000000
72	tsk_72	(x)	1	:	0.000000	0.159485	0.000000	0.510911	0.329603	0.000000	0.000000	0.000000	0.000000	0.000000	0.000000	0.000000	0.000000	0.000000	0.000000
73	tsk_73	(x)	1	:	0.000000	0.203901	0.000000	0.000000	0.296099	0.000000	0.500000	0.000000	0.000000	0.000000	0.000000	0.000000	0.000000	0.000000	0.000000
74	tsk_74	(x)	1	:	0.000000	0.103622	0.000000	0.000000	0.398480	0.000000	0.000000	0.300785	0.000000	0.013434	0.183679	0.000000	0.000000	0.000000	0.000000
75	tsk_75	(x)	1	:	0.000000	0.103774	0.000000	0.000000	0.396226	0.000000	0.000000	0.000000	0.000000	0.000000	0.000000	0.000000	0.000000	0.500000	0.000000
76	tsk_76	(x)	1	:	0.000000	0.001197	0.000000	0.324518	0.002160	0.000000	0.000000	0.000000	0.000000	0.013113	0.160032	0.000000	0.000000	0.498980	0.000000
77	tsk_77	(x)	1	:	0.000000	0.000000	0.000000	0.535390	0.000000	0.000000	0.464610	0.000000	0.000000	0.000000	0.000000	0.000000	0.000000	0.000000	0.000000
78	tsk_78	(x)	1	:	0.000000	0.000000	0.000000	0.000000	0.000000	0.000000	0.000000	0.000000	0.000000	0.544704	0.000000	0.000000	0.000000	0.455296	0.000000
79	tsk_79	(x)	1	:	0.000000	0.518164	0.000000	0.000000	0.481836	0.000000	0.000000	0.000000	0.000000	0.000000	0.000000	0.000000	0.000000	0.000000	0.000000
80	tsk_80	(x)	1	:	0.000000	0.003161	0.000000	0.000000	0.000756	0.000000	0.000000	0.000000	0.000000	0.497557	0.000000	0.000000	0.000000	0.498526	0.000000
81	tsk_81	(x)	1	:	0.000000	0.281174	0.000000	0.000000	0.220902	0.000000	0.000000	0.000000	0.000000	0.497924	0.000000	0.000000	0.000000	0.000000	0.000000
82	tsk_82	(x)	1	:	0.000000	0.000000	0.000000	0.000000	0.000000	0.000000	0.000000	0.000000	0.000000	0.510963	0.000006	0.000000	0.489032	0.000000	0.000000
83	tsk_83	(x)	1	:	0.000000	0.000000	0.000000	0.000000	0.000000	0.000000	0.000000	0.000000	0.000000	0.000000	0.000000	0.000000	0.000000	1.000000	0.000000
84	tsk_84	(x)	1	:	0.000000	0.091675	0.000000	0.000000	0.401972	0.000000	0.000000	0.506352	0.000000	0.000000	0.000000	0.000000	0.000000	0.000000	0.000000
85	tsk_85	(x)	1	:	0.000000	0.000000	0.501520	0.000000	0.000000	0.000000	0.000000	0.000000	0.000000	0.498480	0.000000	0.000000	0.000000	0.000000	0.000000
86	tsk_86	(x)	1	:	0.000000	0.000000	0.527077	0.000000	0.000000	0.000000	0.000000	0.000000	0.000000	0.000000	0.000000	0.000000	0.000000	0.472923	0.000000
87	tsk_87	(x)	1	:	0.000000	0.739718	0.000000	0.000000	0.260282	0.000000	0.000000	0.000000	0.000000	0.000000	0.000000	0.000000	0.000000	0.000000	0.000000
88	tsk_88	(x)	1	:	0.000000	0.243267	0.000000	0.000000	0.258809	0.000000	0.000000	0.000000	0.000000	0.497924	0.000000	0.000000	0.000000	0.000000	0.000000
89	tsk_89	(x)	1	:	0.000000	0.001713	0.000000	0.000000	0.002523	0.000000	0.000000	0.000000	0.000000	0.497494	0.000000	0.000000	0.000000	0.498270	0.000000
90	tsk_90	(x)	1	:	0.000000	0.000000	0.499416	0.000000	0.000000	0.000000	0.500584	0.000000	0.000000	0.000000	0.000000	0.000000	0.000000	0.000000	0.000000
91	tsk_91	(x)	1	:	0.000000	0.000000	0.559448	0.000000	0.000000	0.000000	0.000000	0.000000	0.000000	0.440552	0.000000	0.000000	0.000000	0.000000	0.000000
92	tsk_92	(x)	1	:	0.000000	0.000000	0.501520	0.000000	0.000000	0.000000	0.000000	0.000000	0.000000	0.498480	0.000000	0.000000	0.000000	0.000000	0.000000
93	tsk_93	(x)	1	:	0.000000	0.000000	0.501520	0.000000	0.000000	0.000000	0.000000	0.000000	0.000000	0.498480	0.000000	0.000000	0.000000	0.000000	0.000000
94	tsk_94	(x)	1	:	0.000000	0.000000	0.501520	0.000000	0.000000	0.000000	0.000000	0.000000	0.000000	0.498480	0.000000	0.000000	0.000000	0.000000	0.000000
95	tsk_95	(x)	1	:	0.000000	0.000000	0.501520	0.000000	0.000000	0.000000	0.000000	0.000000	0.000000	0.498480	0.000000	0.000000	0.000000	0.000000	0.000000
96	tsk_96	(x)	1	:	0.000000	0.000000	0.000000	0.000000	0.000000	0.000000	0.000000	0.000000	0.000000	0.437790	0.562210	0.000000	0.000000	0.000000	0.000000
97	tsk_97	(x)	1	:	0.000000	0.000000	0.000000	0.000000	0.000000	0.000000	0.000000	0.000000	0.000000	1.000000	0.000000	0.000000	0.000000	0.000000	0.000000
98	tsk_98	(x)	1	:	0.000000	0.099259	0.499648	0.000000	0.040228	0.000000	0.000000	0.000000	0.360736	0.000130	0.000000	0.000000	0.000000	0.000000	0.000000
99	tsk_99	(x)	1	:	0.000000	0.000000	0.501520	0.000000	0.000000	0.000000	0.000000	0.000000	0.000000	0.498480	0.000000	0.000000	0.000000	0.000000	0.000000
100	tsk_100	(x)	1	:	0.000000	0.000000	0.377371	0.000000	0.000000	0.000000	0.000000	0.000000	0.525009	0.097620	0.000000	0.000000	0.000000	0.000000	0.000000
101	tsk_101	(x)	1	:	0.000000	0.079600	0.499636	0.000000	0.059875	0.000000	0.000000	0.000000	0.360736	0.000153	0.000000	0.000000	0.000000	0.000000	0.000000
102	tsk_102	(x)	1	:	0.000000	0.000000	0.371214	0.000000	0.000000	0.000000	0.000000	0.000000	0.628786	0.000000	0.000000	0.000000	0.000000	0.000000	0.000000
103	tsk_103	(x)	1	:	0.000000	0.000000	0.000000	0.000000	0.000000	0.000000	0.521000	0.000000	0.000000	0.000000	0.000000	0.000000	0.479000	0.000000	0.000000
104	tsk_104	(x)	1	:	0.000000	0.000000	0.000000	0.000000	0.000000	0.343404	0.000000	0.000000	0.000000	0.000000	0.160746	0.000000	0.495850	0.000000	0.000000
105	tsk_105	(x)	1	:	0.000000	0.070496	0.000000	0.000000	0.070862	0.000000	0.000000	0.000000	0.360718	0.497923	0.000000	0.000000	0.000000	0.000000	0.000000
106	tsk_106	(x)	1	:	0.000000	0.000000	0.501520	0.000000	0.000000	0.000000	0.000000	0.000000	0.000000	0.498480	0.000000	0.000000	0.000000	0.000000	0.000000
107	tsk_107	(x)	1	:	0.000000	0.084658	0.499636	0.000000	0.054817	0.000000	0.000000	0.000000	0.360736	0.000152	0.000000	0.000000	0.000000	0.000000	0.000000
108	tsk_108	(x)	1	:	0.000000	0.000000	0.311785	0.000000	0.000000	0.000000	0.000000	0.000000	0.000000	0.000000	0.000000	0.000000	0.688215	0.000000	0.000000
109	tsk_109	(x)	1	:	0.000000	0.079083	0.000000	0.000000	0.071481	0.000000	0.000000	0.000000	0.356852	0.000000	0.000000	0.000000	0.492583	0.000000	0.000000
110	tsk_110	(x)	1	:	0.000000	0.000592	0.000000	0.000000	0.000816	0.000000	0.000000	0.000000	0.000000	0.013617	0.484008	0.000000	0.000000	0.002005	0.498962
111	tsk_111	(x)	1	:	0.000000	0.168427	0.000000	0.000000	0.329532	0.000000	0.000000	0.000000	0.000000	0.000000	0.000000	0.000000	0.000000	0.003060	0.498982
112	tsk_112	(x)	1	:	0.000000	0.000258	0.000000	0.000000	0.001095	0.000000	0.000000	0.000000	0.000000	0.013622	0.484008	0.000000	0.000000	0.002067	0.498950
113	tsk_113	(x)	1	:	0.000000	0.148425	0.000000	0.000000	0.353639	0.000000	0.000000	0.000000	0.000000	0.013975	0.483960	0.000000	0.000000	0.000000	0.000000
114	tsk_114	(x)	1	:	0.000000	0.004051	0.000000	0.000000	0.004371	0.000000	0.000000	0.000000	0.000000	0.000000	0.491891	0.000000	0.000000	0.499687	0.000000
115	tsk_115	(x)	1	:	0.000000	0.211349	0.000000	0.000000	0.296716	0.000000	0.000000	0.000000	0.000000	0.000000	0.491935	0.000000	0.000000	0.000000	0.000000
116	tsk_116	(x)	1	:	0.000000	0.000000	0.518347	0.000000	0.000000	0.000000	0.000000	0.000000	0.000000	0.000000	0.481652	0.000000	0.000000	0.000000	0.000000
117	tsk_117	(x)	1	:	0.000000	0.002588	0.000000	0.000000	0.001395	0.000000	0.000000	0.000000	0.000000	0.013538	0.483995	0.000000	0.000000	0.498485	0.000000
118	tsk_118	(x)	1	:	0.000000	0.000000	0.000000	0.000000	0.000000	0.000000	0.000000	0.000000	0.518950	0.000154	0.480896	0.000000	0.000000	0.000000	0.000000
119	tsk_119	(x)	1	:	0.000000	0.444571	0.000000	0.000000	0.057505	0.000000	0.000000	0.000000	0.000000	0.497924	0.000000	0.000000	0.000000	0.000000	0.000000
120	tsk_120	(x)	1	:	0.000000	0.000000	0.000000	0.000000	0.000000	0.000000	0.000000	0.000000	0.000000	0.000000	0.000000	0.000000	0.000000	1.000000	0.000000
121	tsk_121	(x)	1	:	0.000000	0.001344	0.000000	0.000000	0.002845	0.000000	0.000000	0.000000	0.000000	0.013485	0.484002	0.000000	0.000000	0.498323	0.000000
122	tsk_122	(x)	1	:	0.000000	0.333118	0.000000	0.000000	0.166882	0.000000	0.000000	0.000000	0.000000	0.000000	0.000000	0.000000	0.000000	0.500000	0.000000
123	tsk_123	(x)	1	:	0.000000	0.185970	0.000000	0.000000	0.314030	0.000000	0.000000	0.000000	0.000000	0.000000	0.000000	0.000000	0.000000	0.500000	0.000000
124	tsk_124	(x)	1	:	0.000000	0.088162	0.000000	0.000000	0.411838	0.000000	0.000000	0.000000	0.000000	0.000000	0.000000	0.000000	0.000000	0.500000	0.000000
125	tsk_125	(x)	1	:	0.000000	0.000000	0.000000	0.000000	0.000000	0.000000	0.000000	0.000000	0.000000	0.000000	0.000000	0.000000	0.000000	1.000000	0.000000
126	tsk_126	(x)	1	:	0.000000	0.001060	0.000000	0.000000	0.002881	0.000000	0.000000	0.000000	0.000000	0.013549	0.483993	0.000000	0.000000	0.498517	0.000000
127	tsk_127	(x)	1	:	0.000000	0.000000	0.000000	0.000000	0.000000	0.000000	0.000000	0.000000	0.000000	0.000000	1.000000	0.000000	0.000000	0.000000	0.000000
128	tsk_128	(x)	1	:	0.000000	0.001892	0.000000	0.000000	0.002145	0.000000	0.000000	0.000000	0.000000	0.013524	0.483997	0.000000	0.000000	0.498442	0.000000
129	tsk_129	(x)	1	:	0.000000	0.000000	0.000000	0.000000	0.000000	0.000000	0.000000	0.000000	0.000000	0.000000	0.000000	0.000000	0.000000	1.000000	0.000000
130	tsk_130	(x)	1	:	0.000000	0.000000	0.000000	0.000000	0.000000	0.000000	0.000000	0.000000	0.000000	0.000000	0.000000	0.000000	0.000000	1.000000	0.000000
131	tsk_131	(x)	1	:	0.000000	0.018421	0.000000	0.000000	0.132144	0.000000	0.000000	0.000000	0.356852	0.000000	0.000000	0.000000	0.492583	0.000000	0.000000
132	tsk_132	(x)	1	:	0.000000	0.095426	0.000000	0.000000	0.045933	0.000000	0.000000	0.000000	0.360718	0.497923	0.000000	0.000000	0.000000	0.000000	0.000000
133	tsk_133	(x)	1	:	0.000000	0.051858	0.000000	0.000000	0.087423	0.000000	0.000000	0.000000	0.360720	0.000000	0.000000	0.000000	0.000000	0.499999	0.000000
134	tsk_134	(x)	1	:	0.000000	0.245660	0.000000	0.000000	0.256404	0.000000	0.000000	0.000000	0.000000	0.013978	0.483959	0.000000	0.000000	0.000000	0.000000
135	tsk_135	(x)	1	:	0.000000	0.033610	0.000000	0.000000	0.105671	0.000000	0.000000	0.000000	0.360720	0.000000	0.000000	0.000000	0.000000	0.499999	0.000000
136	tsk_136	(x)	1	:	0.000000	0.000000	0.000000	0.000000	0.000000	0.000000	0.000000	0.000000	0.000000	0.000000	0.000000	0.000000	0.000000	1.000000	0.000000
137	tsk_137	(x)	1	:	0.000000	0.061363	0.000000	0.000000	0.077918	0.000000	0.000000	0.000000	0.360720	0.000000	0.000000	0.000000	0.000000	0.499999	0.000000
138	tsk_138	(x)	1	:	0.000000	0.001812	0.000000	0.000000	0.002356	0.000000	0.000000	0.000000	0.000000	0.497507	0.000000	0.000000	0.000000	0.498325	0.000000
139	tsk_139	(x)	1	:	0.000000	0.115404	0.000000	0.000000	0.025954	0.000000	0.000000	0.000000	0.360709	0.013974	0.483959	0.000000	0.000000	0.000000	0.000000
140	tsk_140	(x)	1	:	0.000000	0.000000	0.501520	0.000000	0.000000	0.000000	0.000000	0.000000	0.000000	0.498480	0.000000	0.000000	0.000000	0.000000	0.000000
141	tsk_141	(x)	1	:	0.000000	0.337853	0.000000	0.000000	0.149862	0.512285	0.000000	0.000000	0.000000	0.000000	0.000000	0.000000	0.000000	0.000000	0.000000
142	tsk_142	(x)	1	:	0.000000	0.203051	0.000000	0.000000	0.092076	0.000000	0.347436	0.000000	0.000000	0.000000	0.000000	0.357437	0.000000	0.000000	0.000000
143	tsk_143	(x)	1	:	0.000000	0.001673	0.000000	0.000000	0.002535	0.000000	0.000000	0.000000	0.000000	0.497499	0.000000	0.000000	0.000000	0.498293	0.000000
144	tsk_144	(x)	1	:	0.000000	0.000000	0.476242	0.000000	0.000000	0.523757	0.000000	0.000000	0.000000	0.000000	0.000000	0.000000	0.000000	0.000000	0.000000
145	tsk_145	(x)	1	:	0.000000	0.000056	0.000000	0.000000	0.000040	0.510994	0.000000	0.000000	0.000000	0.000000	0.000000	0.000000	0.000000	0.488910	0.000000
146	tsk_146	(x)	1	:	0.000000	0.000000	0.000000	0.000000	0.000000	0.000000	0.000000	0.000000	0.000000	0.516022	0.483978	0.000000	0.000000	0.000000	0.000000
147	tsk_147	(x)	1	:	0.000000	0.000000	0.000000	0.000000	0.000000	0.000000	0.000000	0.000000	0.000000	0.516022	0.483978	0.000000	0.000000	0.000000	0.000000
148	tsk_148	(x)	1	:	0.000000	0.000000	0.000000	0.000000	0.000000	1.000000	0.000000	0.000000	0.000000	0.000000	0.000000	0.000000	0.000000	0.000000	0.000000
149	tsk_149	(x)	1	:	0.000000	0.000000	0.000000	0.000000	0.000000	1.000000	0.000000	0.000000	0.000000	0.000000	0.000000	0.000000	0.000000	0.000000	0.000000
