logL = -1707.708198 (converged)
AIC = 7603.416397
BIC = 13907.686703

count.K
31 11 0 40 1 18 9 10 22 3 5 

