logL = -1595.564723 (converged)
AIC = 6811.129446
BIC = 12260.379328

count.K
12 18 25 15 4 1 40 22 2 11 

