logL = -1816.054261 (converged)
AIC = 6160.108522
BIC = 9965.551533

count.K
8 12 26 26 11 35 32 

