logL = -830.944803 (converged)
AIC = 4691.889606
BIC = 9253.002077

count.K
7 47 8 6 21 24 13 1 23 

