logL = -1997.124552 (converged)
AIC = 4870.249104
BIC = 6188.907363

count.K
28 58 64 

