logL = -2347.900814 (converged)
AIC = 5215.801628
BIC = 5998.566804

count.K
29 121 

