logL = -1301.216907 (converged)
AIC = 4582.433813
BIC = 7562.962754

count.K
44 16 24 23 18 25 

