logL = -950.186667 (converged)
AIC = 3796.373334
BIC = 6650.455593

count.K
16 30 6 33 40 25 

