logL = -729.443208 (converged)
AIC = 6468.886417
BIC = 14010.527828

count.K
17 0 11 1 36 32 1 6 12 1 12 2 2 12 5 

