logL = -1535.887927 (converged)
AIC = 5811.775854
BIC = 9936.346207

count.K
16 1 41 10 15 15 20 32 

