logL = -1275.166812 (converged)
AIC = 5258.333623
BIC = 9334.733811

count.K
20 28 20 8 4 23 26 21 

