logL = -3092.178311 (converged)
AIC = 6720.356621
BIC = 7527.206880

count.K
115 35 

