logL = -970.182304 (converged)
AIC = 3112.364608
BIC = 4876.596890

count.K
10 50 47 43 

