logL = -1178.001906 (converged)
AIC = 6736.003813
BIC = 13329.295107

count.K
1 3 8 4 37 3 12 1 14 39 8 14 6 

