logL = -2600.182225 (converged)
AIC = 10360.364450
BIC = 18127.803509

count.K
14 12 10 5 2 8 22 6 31 7 2 30 1 

