logL = -1118.593222 (converged)
AIC = 4865.186445
BIC = 8821.161221

count.K
19 1 2 6 57 32 28 5 

