logL = -2455.559170 (converged)
AIC = 5787.118340
BIC = 7105.776599

count.K
40 69 41 

