0	tsk_0	(x)	1	:	0.497550	0.000000	0.001709	0.000000	0.000000	0.007161	0.000000	0.493581	0.000000	0.000000	0.000000	0.000000	0.000000
1	tsk_1	(x)	1	:	0.000000	0.000000	0.086772	0.000000	0.000000	0.016316	0.400187	0.496725	0.000000	0.000000	0.000000	0.000000	0.000000
2	tsk_2	(x)	1	:	0.000000	0.000000	0.000128	0.000000	0.529230	0.001301	0.000000	0.469342	0.000000	0.000000	0.000000	0.000000	0.000000
3	tsk_3	(x)	1	:	0.000000	0.000000	0.000000	0.314654	0.441275	0.000000	0.000000	0.244072	0.000000	0.000000	0.000000	0.000000	0.000000
4	tsk_4	(x)	1	:	0.000000	0.000000	0.090587	0.000000	0.000000	0.008253	0.399330	0.501831	0.000000	0.000000	0.000000	0.000000	0.000000
5	tsk_5	(x)	1	:	1.000000	0.000000	0.000000	0.000000	0.000000	0.000000	0.000000	0.000000	0.000000	0.000000	0.000000	0.000000	0.000000
6	tsk_6	(x)	1	:	0.497400	0.000000	0.001670	0.000000	0.000000	0.008041	0.000000	0.492890	0.000000	0.000000	0.000000	0.000000	0.000000
7	tsk_7	(x)	1	:	0.421582	0.000000	0.000000	0.323031	0.000000	0.000000	0.000000	0.255387	0.000000	0.000000	0.000000	0.000000	0.000000
8	tsk_8	(x)	1	:	0.000000	0.000000	0.000138	0.000000	0.529170	0.001546	0.000000	0.469146	0.000000	0.000000	0.000000	0.000000	0.000000
9	tsk_9	(x)	1	:	1.000000	0.000000	0.000000	0.000000	0.000000	0.000000	0.000000	0.000000	0.000000	0.000000	0.000000	0.000000	0.000000
10	tsk_10	(x)	1	:	0.000000	0.476886	0.523114	0.000000	0.000000	0.000000	0.000000	0.000000	0.000000	0.000000	0.000000	0.000000	0.000000
11	tsk_11	(x)	1	:	0.508371	0.473570	0.018059	0.000000	0.000000	0.000000	0.000000	0.000000	0.000000	0.000000	0.000000	0.000000	0.000000
12	tsk_12	(x)	1	:	0.000000	0.001468	0.499396	0.000000	0.000000	0.000000	0.000000	0.000000	0.499136	0.000000	0.000000	0.000000	0.000000
13	tsk_13	(x)	1	:	0.499899	0.000000	0.000141	0.000000	0.000000	0.000000	0.000000	0.000000	0.000000	0.499960	0.000000	0.000000	0.000000
14	tsk_14	(x)	1	:	0.000000	0.476509	0.143736	0.000000	0.379755	0.000000	0.000000	0.000000	0.000000	0.000000	0.000000	0.000000	0.000000
15	tsk_15	(x)	1	:	0.000000	0.000000	0.495322	0.000000	0.000000	0.000000	0.000000	0.000000	0.000000	0.504678	0.000000	0.000000	0.000000
16	tsk_16	(x)	1	:	0.499927	0.000000	0.000102	0.000000	0.000000	0.000000	0.000000	0.000000	0.000000	0.499971	0.000000	0.000000	0.000000
17	tsk_17	(x)	1	:	0.000000	0.000000	0.000134	0.000000	0.000000	0.499903	0.000000	0.000000	0.000000	0.499962	0.000000	0.000000	0.000000
18	tsk_18	(x)	1	:	0.000000	0.000000	0.066837	0.000000	0.000000	0.000000	0.423814	0.000000	0.000000	0.509349	0.000000	0.000000	0.000000
19	tsk_19	(x)	1	:	0.502286	0.000783	0.003602	0.000000	0.000000	0.000000	0.000000	0.000000	0.493329	0.000000	0.000000	0.000000	0.000000
20	tsk_20	(x)	1	:	0.000000	0.000000	0.000000	0.000000	0.000000	0.000000	0.000000	0.000000	0.000000	0.000000	0.000000	1.000000	0.000000
21	tsk_21	(x)	1	:	0.000000	0.000000	0.017224	0.000000	0.000000	0.508247	0.000000	0.000000	0.000000	0.000000	0.000000	0.474529	0.000000
22	tsk_22	(x)	1	:	0.000000	0.000000	0.000000	0.000000	0.000000	0.000000	0.000000	0.000000	0.000000	0.000000	0.000000	1.000000	0.000000
23	tsk_23	(x)	1	:	0.000000	0.000000	0.142700	0.000000	0.379726	0.000000	0.000000	0.000000	0.000000	0.000000	0.000000	0.477573	0.000000
24	tsk_24	(x)	1	:	0.000000	0.000000	0.000000	0.000000	0.000000	0.000000	0.000000	0.000000	0.000000	0.000000	0.000000	1.000000	0.000000
25	tsk_25	(x)	1	:	0.000000	0.000000	0.067777	0.000000	0.454711	0.000000	0.000000	0.000000	0.000000	0.000000	0.000000	0.477511	0.000000
26	tsk_26	(x)	1	:	0.000000	0.000000	0.017802	0.000000	0.000000	0.507956	0.000000	0.000000	0.000000	0.000000	0.000000	0.474242	0.000000
27	tsk_27	(x)	1	:	0.000000	0.000000	0.350455	0.000000	0.649545	0.000000	0.000000	0.000000	0.000000	0.000000	0.000000	0.000000	0.000000
28	tsk_28	(x)	1	:	0.000000	0.000000	0.067800	0.000000	0.454700	0.000000	0.000000	0.000000	0.000000	0.000000	0.000000	0.477500	0.000000
29	tsk_29	(x)	1	:	0.000000	0.000000	0.000055	0.000000	0.557102	0.000000	0.000000	0.000000	0.000000	0.000000	0.000000	0.442842	0.000000
30	tsk_30	(x)	1	:	0.000000	0.000000	0.142626	0.000000	0.379775	0.000000	0.000000	0.000000	0.000000	0.000000	0.000000	0.477599	0.000000
31	tsk_31	(x)	1	:	0.000000	0.000725	0.003476	0.381961	0.000000	0.120389	0.000000	0.000000	0.493449	0.000000	0.000000	0.000000	0.000000
32	tsk_32	(x)	1	:	0.000000	0.000001	0.000005	0.000000	0.000000	0.000043	0.000000	0.000000	0.473658	0.000000	0.526293	0.000000	0.000000
33	tsk_33	(x)	1	:	0.000000	0.000000	0.000000	0.000000	0.000000	0.000000	0.000000	0.000000	0.000000	0.000000	1.000000	0.000000	0.000000
34	tsk_34	(x)	1	:	0.000000	0.000000	0.000004	0.000000	0.000000	0.000050	0.000000	0.465397	0.000000	0.000000	0.000000	0.534549	0.000000
35	tsk_35	(x)	1	:	0.000000	0.000000	0.014570	0.000000	0.000000	0.009089	0.000000	0.500399	0.000000	0.000000	0.000000	0.475942	0.000000
36	tsk_36	(x)	1	:	0.000000	0.000000	0.000000	0.000000	0.000000	0.000000	0.000000	0.000000	0.000000	0.000000	0.000000	1.000000	0.000000
37	tsk_37	(x)	1	:	0.000000	0.000000	0.000228	0.000000	0.557000	0.000000	0.000000	0.000000	0.000000	0.000000	0.000000	0.442771	0.000000
38	tsk_38	(x)	1	:	0.000000	0.000000	0.090256	0.000000	0.000000	0.008426	0.399533	0.501785	0.000000	0.000000	0.000000	0.000000	0.000000
39	tsk_39	(x)	1	:	0.000000	0.000000	0.024264	0.450812	0.000000	0.052535	0.000000	0.000000	0.000000	0.000000	0.000000	0.472389	0.000000
40	tsk_40	(x)	1	:	0.000000	0.000000	0.000000	0.000000	0.000000	0.000000	0.000000	1.000000	0.000000	0.000000	0.000000	0.000000	0.000000
41	tsk_41	(x)	1	:	0.000000	0.474508	0.017379	0.000000	0.000000	0.005654	0.000000	0.502459	0.000000	0.000000	0.000000	0.000000	0.000000
42	tsk_42	(x)	1	:	0.000000	0.474551	0.014997	0.000000	0.000000	0.012642	0.000000	0.497809	0.000000	0.000000	0.000000	0.000000	0.000000
43	tsk_43	(x)	1	:	0.000000	0.453957	0.000000	0.000000	0.000000	0.000000	0.000000	0.000000	0.546043	0.000000	0.000000	0.000000	0.000000
44	tsk_44	(x)	1	:	0.000000	0.000000	0.000000	0.000000	0.000000	0.000000	0.000000	1.000000	0.000000	0.000000	0.000000	0.000000	0.000000
45	tsk_45	(x)	1	:	0.000000	0.000000	0.000000	0.000000	0.000000	0.000000	0.000000	1.000000	0.000000	0.000000	0.000000	0.000000	0.000000
46	tsk_46	(x)	1	:	0.000000	0.000600	0.001858	0.000000	0.000000	0.007893	0.000000	0.496226	0.493422	0.000000	0.000000	0.000000	0.000000
47	tsk_47	(x)	1	:	0.000000	0.474405	0.015884	0.000000	0.000000	0.010691	0.000000	0.499020	0.000000	0.000000	0.000000	0.000000	0.000000
48	tsk_48	(x)	1	:	0.000000	0.474525	0.014891	0.000000	0.000000	0.013098	0.000000	0.497486	0.000000	0.000000	0.000000	0.000000	0.000000
49	tsk_49	(x)	1	:	0.000000	0.000000	0.000000	0.000000	0.000000	0.499999	0.000000	0.500001	0.000000	0.000000	0.000000	0.000000	0.000000
50	tsk_50	(x)	1	:	0.511351	0.000000	0.088619	0.000000	0.000000	0.000000	0.400029	0.000000	0.000000	0.000000	0.000000	0.000000	0.000000
51	tsk_51	(x)	1	:	0.000000	0.000000	0.282030	0.000000	0.380055	0.000000	0.000000	0.000000	0.000000	0.000000	0.000000	0.000000	0.337915
52	tsk_52	(x)	1	:	0.000000	0.000000	0.000000	0.000000	0.000000	0.499999	0.000000	0.500001	0.000000	0.000000	0.000000	0.000000	0.000000
53	tsk_53	(x)	1	:	0.000000	0.000000	0.087745	0.000000	0.000000	0.013907	0.400053	0.498295	0.000000	0.000000	0.000000	0.000000	0.000000
54	tsk_54	(x)	1	:	0.499246	0.000000	0.001659	0.000000	0.000000	0.069031	0.000000	0.000000	0.000000	0.000000	0.430063	0.000000	0.000000
55	tsk_55	(x)	1	:	0.000000	0.000000	0.000000	0.000000	0.000000	0.000000	0.000000	0.000000	0.000000	0.000000	1.000000	0.000000	0.000000
56	tsk_56	(x)	1	:	0.000000	0.476518	0.123460	0.000000	0.000000	0.000000	0.400023	0.000000	0.000000	0.000000	0.000000	0.000000	0.000000
57	tsk_57	(x)	1	:	0.000000	0.000000	0.149405	0.000000	0.000000	0.017065	0.000000	0.496066	0.000000	0.000000	0.000000	0.000000	0.337464
58	tsk_58	(x)	1	:	0.461869	0.000000	0.000140	0.000000	0.537991	0.000000	0.000000	0.000000	0.000000	0.000000	0.000000	0.000000	0.000000
59	tsk_59	(x)	1	:	0.000000	0.000000	0.149805	0.000000	0.000000	0.015933	0.000000	0.496818	0.000000	0.000000	0.000000	0.000000	0.337444
60	tsk_60	(x)	1	:	0.000000	0.476466	0.143858	0.000000	0.379676	0.000000	0.000000	0.000000	0.000000	0.000000	0.000000	0.000000	0.000000
61	tsk_61	(x)	1	:	0.000000	0.000000	0.142718	0.000000	0.379715	0.000000	0.000000	0.000000	0.000000	0.000000	0.000000	0.477567	0.000000
62	tsk_62	(x)	1	:	0.000000	0.000000	0.087963	0.000000	0.000000	0.014449	0.399758	0.497830	0.000000	0.000000	0.000000	0.000000	0.000000
63	tsk_63	(x)	1	:	0.000000	0.000000	0.087627	0.000000	0.000000	0.014699	0.399947	0.497727	0.000000	0.000000	0.000000	0.000000	0.000000
64	tsk_64	(x)	1	:	0.000000	0.000000	0.000000	0.000000	0.000000	0.000000	1.000000	0.000000	0.000000	0.000000	0.000000	0.000000	0.000000
65	tsk_65	(x)	1	:	0.000000	0.000000	0.088906	0.000000	0.000000	0.010866	0.399936	0.500292	0.000000	0.000000	0.000000	0.000000	0.000000
66	tsk_66	(x)	1	:	0.000000	0.000000	0.000054	0.000000	0.000000	0.000000	0.999946	0.000000	0.000000	0.000000	0.000000	0.000000	0.000000
67	tsk_67	(x)	1	:	0.000000	0.000000	0.088498	0.000000	0.000000	0.011718	0.400030	0.499754	0.000000	0.000000	0.000000	0.000000	0.000000
68	tsk_68	(x)	1	:	0.000000	0.000000	0.000029	0.000000	0.000000	0.000000	0.999971	0.000000	0.000000	0.000000	0.000000	0.000000	0.000000
69	tsk_69	(x)	1	:	0.000000	0.000000	0.122355	0.000000	0.000000	0.000000	0.400039	0.000000	0.000000	0.000000	0.000000	0.477606	0.000000
70	tsk_70	(x)	1	:	0.000000	0.001120	0.120330	0.000000	0.379509	0.000000	0.000000	0.000000	0.499041	0.000000	0.000000	0.000000	0.000000
71	tsk_71	(x)	1	:	0.000000	0.000000	0.000000	0.000000	0.000000	0.000000	0.000000	0.000000	1.000000	0.000000	0.000000	0.000000	0.000000
72	tsk_72	(x)	1	:	0.000000	0.000559	0.001640	0.000000	0.000000	0.009369	0.000000	0.495108	0.493324	0.000000	0.000000	0.000000	0.000000
73	tsk_73	(x)	1	:	0.000000	0.001202	0.120072	0.000000	0.379681	0.000000	0.000000	0.000000	0.499045	0.000000	0.000000	0.000000	0.000000
74	tsk_74	(x)	1	:	0.000000	0.000619	0.001863	0.000000	0.000000	0.008109	0.000000	0.496040	0.493369	0.000000	0.000000	0.000000	0.000000
75	tsk_75	(x)	1	:	0.000000	0.000000	0.088974	0.000000	0.000000	0.010454	0.399987	0.500585	0.000000	0.000000	0.000000	0.000000	0.000000
76	tsk_76	(x)	1	:	0.000000	0.001327	0.499441	0.000000	0.000000	0.000000	0.000000	0.000000	0.499231	0.000000	0.000000	0.000000	0.000000
77	tsk_77	(x)	1	:	0.000000	0.000675	0.004068	0.000000	0.000000	0.502026	0.000000	0.000000	0.493231	0.000000	0.000000	0.000000	0.000000
78	tsk_78	(x)	1	:	0.000000	0.000000	0.000000	0.000000	0.000000	0.000000	0.000000	0.000000	1.000000	0.000000	0.000000	0.000000	0.000000
79	tsk_79	(x)	1	:	0.000000	0.000000	1.000000	0.000000	0.000000	0.000000	0.000000	0.000000	0.000000	0.000000	0.000000	0.000000	0.000000
80	tsk_80	(x)	1	:	0.000000	0.000000	0.000000	0.000000	0.000000	0.000000	1.000000	0.000000	0.000000	0.000000	0.000000	0.000000	0.000000
81	tsk_81	(x)	1	:	0.000000	0.000000	0.000000	0.000000	0.000000	0.000000	0.000000	0.000000	1.000000	0.000000	0.000000	0.000000	0.000000
82	tsk_82	(x)	1	:	0.000000	0.000000	0.000052	0.000000	0.000000	0.000377	0.528375	0.471196	0.000000	0.000000	0.000000	0.000000	0.000000
83	tsk_83	(x)	1	:	0.000000	0.000000	0.000000	0.000000	0.000000	0.000000	1.000000	0.000000	0.000000	0.000000	0.000000	0.000000	0.000000
84	tsk_84	(x)	1	:	0.000000	0.000813	0.023088	0.000000	0.000000	0.000000	0.000000	0.000000	0.499005	0.000000	0.000000	0.477094	0.000000
85	tsk_85	(x)	1	:	0.000000	0.000002	0.000000	0.000000	0.000000	0.000000	0.482084	0.000000	0.517914	0.000000	0.000000	0.000000	0.000000
86	tsk_86	(x)	1	:	0.000000	0.000000	0.000000	0.000000	0.000000	0.000000	0.000000	0.000000	1.000000	0.000000	0.000000	0.000000	0.000000
87	tsk_87	(x)	1	:	0.000000	0.000000	0.000242	0.000000	0.556992	0.000000	0.000000	0.000000	0.000000	0.000000	0.000000	0.442766	0.000000
88	tsk_88	(x)	1	:	0.000000	0.000000	0.000151	0.000000	0.000000	0.000000	0.561439	0.000000	0.000000	0.000000	0.000000	0.438409	0.000000
89	tsk_89	(x)	1	:	0.000000	0.000019	0.000096	0.000000	0.000000	0.000000	0.538016	0.000000	0.461868	0.000000	0.000000	0.000000	0.000000
90	tsk_90	(x)	1	:	0.000000	0.000000	0.000545	0.000000	0.000000	0.499608	0.000000	0.000000	0.000000	0.499846	0.000000	0.000000	0.000000
91	tsk_91	(x)	1	:	0.000000	0.000000	0.088919	0.000000	0.000000	0.511247	0.399833	0.000000	0.000000	0.000000	0.000000	0.000000	0.000000
92	tsk_92	(x)	1	:	0.000000	0.000000	0.000000	0.000000	0.000000	0.999999	0.000000	0.000001	0.000000	0.000000	0.000000	0.000000	0.000000
93	tsk_93	(x)	1	:	0.000000	0.000000	0.000000	0.000000	0.000000	0.000000	0.000000	1.000000	0.000000	0.000000	0.000000	0.000000	0.000000
94	tsk_94	(x)	1	:	0.000000	0.000000	0.000099	0.000000	0.529228	0.001401	0.000000	0.469272	0.000000	0.000000	0.000000	0.000000	0.000000
95	tsk_95	(x)	1	:	0.000000	0.000000	0.000000	0.000000	0.000000	0.499999	0.000000	0.500001	0.000000	0.000000	0.000000	0.000000	0.000000
96	tsk_96	(x)	1	:	0.000000	0.000000	0.000255	0.000000	0.537923	0.461822	0.000000	0.000000	0.000000	0.000000	0.000000	0.000000	0.000000
97	tsk_97	(x)	1	:	0.000000	0.000000	0.089906	0.000000	0.000000	0.007961	0.399908	0.502224	0.000000	0.000000	0.000000	0.000000	0.000000
98	tsk_98	(x)	1	:	0.000000	0.000000	0.104485	0.000000	0.380142	0.023226	0.000000	0.492147	0.000000	0.000000	0.000000	0.000000	0.000000
99	tsk_99	(x)	1	:	0.000000	0.000000	0.000000	0.000000	0.000000	0.499999	0.000000	0.500001	0.000000	0.000000	0.000000	0.000000	0.000000
100	tsk_100	(x)	1	:	0.000000	0.000000	0.000157	0.000000	0.999843	0.000000	0.000000	0.000000	0.000000	0.000000	0.000000	0.000000	0.000000
101	tsk_101	(x)	1	:	0.000000	0.441386	0.000130	0.000000	0.000000	0.000000	0.558484	0.000000	0.000000	0.000000	0.000000	0.000000	0.000000
102	tsk_102	(x)	1	:	0.000000	0.000000	0.219914	0.000000	0.379910	0.000000	0.400176	0.000000	0.000000	0.000000	0.000000	0.000000	0.000000
103	tsk_103	(x)	1	:	1.000000	0.000000	0.000000	0.000000	0.000000	0.000000	0.000000	0.000000	0.000000	0.000000	0.000000	0.000000	0.000000
104	tsk_104	(x)	1	:	0.511302	0.000000	0.109007	0.000000	0.379691	0.000000	0.000000	0.000000	0.000000	0.000000	0.000000	0.000000	0.000000
105	tsk_105	(x)	1	:	0.000000	0.000000	0.219862	0.000000	0.379935	0.000000	0.400203	0.000000	0.000000	0.000000	0.000000	0.000000	0.000000
106	tsk_106	(x)	1	:	0.000000	0.000000	0.018885	0.000000	0.376456	0.000000	0.604658	0.000000	0.000000	0.000000	0.000000	0.000000	0.000000
107	tsk_107	(x)	1	:	0.000000	0.000000	0.000005	0.000000	0.000000	0.000000	0.520887	0.000000	0.000000	0.479109	0.000000	0.000000	0.000000
108	tsk_108	(x)	1	:	0.404551	0.000000	0.595449	0.000000	0.000000	0.000000	0.000000	0.000000	0.000000	0.000000	0.000000	0.000000	0.000000
109	tsk_109	(x)	1	:	0.000000	0.000000	0.000244	0.000000	0.999756	0.000000	0.000000	0.000000	0.000000	0.000000	0.000000	0.000000	0.000000
110	tsk_110	(x)	1	:	0.000000	0.000000	0.000028	0.000000	0.326442	0.000000	0.000000	0.000000	0.000000	0.000000	0.000000	0.000000	0.673531
111	tsk_111	(x)	1	:	0.508359	0.473558	0.018083	0.000000	0.000000	0.000000	0.000000	0.000000	0.000000	0.000000	0.000000	0.000000	0.000000
112	tsk_112	(x)	1	:	0.000000	0.000000	0.142644	0.000000	0.379763	0.000000	0.000000	0.000000	0.000000	0.000000	0.000000	0.477593	0.000000
113	tsk_113	(x)	1	:	0.497545	0.000000	0.001016	0.000000	0.000000	0.009304	0.000000	0.492135	0.000000	0.000000	0.000000	0.000000	0.000000
114	tsk_114	(x)	1	:	0.000000	0.000000	0.104357	0.000000	0.380123	0.023699	0.000000	0.491821	0.000000	0.000000	0.000000	0.000000	0.000000
115	tsk_115	(x)	1	:	0.508400	0.000000	0.016920	0.000000	0.000000	0.000000	0.000000	0.000000	0.000000	0.000000	0.000000	0.474680	0.000000
116	tsk_116	(x)	1	:	0.000000	0.000000	0.000078	0.000000	0.999922	0.000000	0.000000	0.000000	0.000000	0.000000	0.000000	0.000000	0.000000
117	tsk_117	(x)	1	:	0.000000	0.000000	0.000038	0.000000	0.999962	0.000000	0.000000	0.000000	0.000000	0.000000	0.000000	0.000000	0.000000
118	tsk_118	(x)	1	:	0.497843	0.000000	0.002000	0.000000	0.000000	0.004786	0.000000	0.495370	0.000000	0.000000	0.000000	0.000000	0.000000
119	tsk_119	(x)	1	:	0.395974	0.000000	0.000000	0.000000	0.000000	0.000000	0.604025	0.000000	0.000000	0.000000	0.000000	0.000000	0.000000
120	tsk_120	(x)	1	:	0.000000	0.000000	0.000002	0.000000	0.520490	0.000000	0.000000	0.000000	0.000000	0.479508	0.000000	0.000000	0.000000
121	tsk_121	(x)	1	:	0.000000	0.448125	0.000189	0.000000	0.000000	0.000000	0.000000	0.000000	0.000000	0.000000	0.000000	0.000000	0.551686
122	tsk_122	(x)	1	:	0.453745	0.000000	0.000025	0.000000	0.000000	0.000000	0.000000	0.000000	0.000000	0.000000	0.000000	0.546229	0.000000
123	tsk_123	(x)	1	:	0.000000	0.000000	0.000000	0.000000	0.000000	0.000000	0.000000	0.000000	0.000000	0.000000	0.000000	1.000000	0.000000
124	tsk_124	(x)	1	:	0.000000	0.000000	0.000000	0.000000	0.000000	0.000000	0.000000	0.000000	0.000000	0.472270	0.000000	0.527729	0.000000
125	tsk_125	(x)	1	:	0.000000	0.000000	0.394431	0.000000	0.605569	0.000000	0.000000	0.000000	0.000000	0.000000	0.000000	0.000000	0.000000
126	tsk_126	(x)	1	:	0.000000	0.000000	0.015099	0.000000	0.000000	0.000000	0.394852	0.000000	0.000000	0.000000	0.000000	0.590048	0.000000
127	tsk_127	(x)	1	:	0.000000	0.000000	0.000001	0.000000	0.000000	0.000000	0.000000	0.000000	0.000000	0.000000	0.000000	0.522801	0.477198
128	tsk_128	(x)	1	:	0.000000	0.000000	0.495322	0.000000	0.000000	0.000000	0.000000	0.000000	0.000000	0.504678	0.000000	0.000000	0.000000
129	tsk_129	(x)	1	:	0.000000	0.000000	0.158949	0.000000	0.000000	0.000000	0.000000	0.000000	0.000000	0.504318	0.000000	0.000000	0.336733
130	tsk_130	(x)	1	:	0.000000	0.000000	0.000000	0.000000	0.000000	0.999999	0.000000	0.000001	0.000000	0.000000	0.000000	0.000000	0.000000
131	tsk_131	(x)	1	:	0.000000	0.000000	0.290703	0.000000	0.709297	0.000000	0.000000	0.000000	0.000000	0.000000	0.000000	0.000000	0.000000
132	tsk_132	(x)	1	:	0.406847	0.593153	0.000000	0.000000	0.000000	0.000000	0.000000	0.000000	0.000000	0.000000	0.000000	0.000000	0.000000
133	tsk_133	(x)	1	:	0.000000	0.000000	0.104431	0.000000	0.380144	0.023381	0.000000	0.492043	0.000000	0.000000	0.000000	0.000000	0.000000
134	tsk_134	(x)	1	:	0.000000	0.000000	0.104510	0.000000	0.380102	0.023314	0.000000	0.492074	0.000000	0.000000	0.000000	0.000000	0.000000
135	tsk_135	(x)	1	:	0.000000	0.000000	0.035688	0.000000	0.454618	0.006727	0.000000	0.502967	0.000000	0.000000	0.000000	0.000000	0.000000
136	tsk_136	(x)	1	:	0.000000	0.000000	0.097567	0.000000	0.000000	0.000000	0.398243	0.000000	0.000000	0.504190	0.000000	0.000000	0.000000
137	tsk_137	(x)	1	:	0.000000	0.577577	0.000000	0.000000	0.000000	0.000003	0.000000	0.422420	0.000000	0.000000	0.000000	0.000000	0.000000
138	tsk_138	(x)	1	:	0.000000	0.000000	0.088765	0.000000	0.000000	0.511300	0.399934	0.000000	0.000000	0.000000	0.000000	0.000000	0.000000
139	tsk_139	(x)	1	:	0.000000	0.000000	0.568117	0.000000	0.000000	0.000033	0.000000	0.431850	0.000000	0.000000	0.000000	0.000000	0.000000
140	tsk_140	(x)	1	:	0.000000	0.000000	0.000000	0.999884	0.000000	0.000115	0.000000	0.000000	0.000000	0.000000	0.000000	0.000000	0.000000
141	tsk_141	(x)	1	:	0.000000	0.000000	0.109790	0.000000	0.379179	0.081124	0.000000	0.000000	0.000000	0.000000	0.429907	0.000000	0.000000
142	tsk_142	(x)	1	:	0.000000	0.473210	0.018851	0.381998	0.000000	0.125941	0.000000	0.000000	0.000000	0.000000	0.000000	0.000000	0.000000
143	tsk_143	(x)	1	:	0.000000	0.000000	0.000000	0.380189	0.000000	0.016251	0.603560	0.000000	0.000000	0.000000	0.000000	0.000000	0.000000
144	tsk_144	(x)	1	:	0.000000	0.000000	0.109116	0.381626	0.379556	0.129701	0.000000	0.000000	0.000000	0.000000	0.000000	0.000000	0.000000
145	tsk_145	(x)	1	:	0.000000	0.000000	0.522036	0.000000	0.000000	0.000000	0.000000	0.000000	0.000000	0.000000	0.000000	0.477964	0.000000
146	tsk_146	(x)	1	:	0.000000	0.000000	0.000000	0.999887	0.000000	0.000113	0.000000	0.000000	0.000000	0.000000	0.000000	0.000000	0.000000
147	tsk_147	(x)	1	:	0.000000	0.000000	0.000000	0.999916	0.000000	0.000084	0.000000	0.000000	0.000000	0.000000	0.000000	0.000000	0.000000
148	tsk_148	(x)	1	:	0.000000	0.000000	0.109079	0.381640	0.379585	0.129695	0.000000	0.000000	0.000000	0.000000	0.000000	0.000000	0.000000
149	tsk_149	(x)	1	:	0.000000	0.000000	0.000000	0.000000	0.000000	0.999999	0.000000	0.000001	0.000000	0.000000	0.000000	0.000000	0.000000
