logL = -1669.614523 (converged)
AIC = 5259.229046
BIC = 8149.438928

count.K
35 42 15 39 1 18 

