logL = -2872.214546 (converged)
AIC = 6236.429093
BIC = 6977.045375

count.K
125 25 

