logL = -1169.086600 (converged)
AIC = 4246.173200
BIC = 7118.319270

count.K
28 6 45 4 65 2 

