logL = -1551.232250 (converged)
AIC = 7312.464499
BIC = 13649.851793

count.K
6 11 15 0 10 1 3 61 9 2 32 

