logL = -1111.897508 (converged)
AIC = 5271.795017
BIC = 9860.003205

count.K
1 22 23 32 12 19 25 3 13 

