logL = -1208.622495 (converged)
AIC = 7847.244991
BIC = 16021.119814

count.K
9 20 9 2 8 7 1 6 51 2 11 4 3 0 17 

