logL = -1391.153228 (converged)
AIC = 4726.306457
BIC = 7652.643962

count.K
13 24 37 30 42 4 

