logL = -1987.802584 (converged)
AIC = 5715.605167
BIC = 8334.857873

count.K
33 24 5 77 11 

