logL = -1979.626924 (converged)
AIC = 7259.253848
BIC = 12226.802083

count.K
23 6 9 8 20 16 23 45 0 

