logL = -889.908573 (converged)
AIC = 4097.817146
BIC = 7587.143452

count.K
29 5 52 25 4 17 18 

