logL = -1255.837976 (converged)
AIC = 6091.675953
BIC = 11480.713129

count.K
16 17 5 36 47 9 4 0 10 6 

