logL = -1641.916985 (converged)
AIC = 7735.833970
BIC = 14437.508135

count.K
0 13 12 12 13 12 18 20 0 18 3 29 

