0	tsk_0	(x)	1	:	0.000000	0.021415	0.000000	0.000000	0.496334	0.031560	0.000000	0.000000	0.000000	0.450691	0.000000	0.000000
1	tsk_1	(x)	1	:	0.000000	0.225295	0.000000	0.000000	0.496554	0.278150	0.000000	0.000000	0.000000	0.000000	0.000000	0.000000
2	tsk_2	(x)	1	:	0.000000	0.000000	0.000000	0.000000	0.494248	0.000000	0.000000	0.043188	0.000000	0.000000	0.000000	0.462565
3	tsk_3	(x)	1	:	0.000000	0.000000	0.000000	0.000000	0.561881	0.000000	0.000000	0.000000	0.000000	0.000000	0.000000	0.438119
4	tsk_4	(x)	1	:	0.000000	0.000000	0.000000	0.000000	1.000000	0.000000	0.000000	0.000000	0.000000	0.000000	0.000000	0.000000
5	tsk_5	(x)	1	:	0.000000	0.220568	0.000000	0.000000	0.496554	0.282877	0.000000	0.000000	0.000000	0.000000	0.000000	0.000000
6	tsk_6	(x)	1	:	0.000000	0.000000	0.000000	0.000000	1.000000	0.000000	0.000000	0.000000	0.000000	0.000000	0.000000	0.000000
7	tsk_7	(x)	1	:	0.000000	0.000000	0.000000	0.000000	0.000000	0.000000	0.000000	0.000000	0.000000	1.000000	0.000000	0.000000
8	tsk_8	(x)	1	:	0.000000	0.000000	0.000000	0.000000	1.000000	0.000000	0.000000	0.000000	0.000000	0.000000	0.000000	0.000000
9	tsk_9	(x)	1	:	0.000000	0.000000	0.000000	0.000000	1.000000	0.000000	0.000000	0.000000	0.000000	0.000000	0.000000	0.000000
10	tsk_10	(x)	1	:	0.000000	0.237521	0.000000	0.000000	0.000000	0.583095	0.179383	0.000000	0.000000	0.000000	0.000000	0.000000
11	tsk_11	(x)	1	:	0.000000	0.680852	0.000000	0.000000	0.000000	0.319148	0.000000	0.000000	0.000000	0.000000	0.000000	0.000000
12	tsk_12	(x)	1	:	0.000000	0.188112	0.000000	0.000000	0.496554	0.315334	0.000000	0.000000	0.000000	0.000000	0.000000	0.000000
13	tsk_13	(x)	1	:	0.000000	0.318387	0.000000	0.000000	0.000000	0.681613	0.000000	0.000000	0.000000	0.000000	0.000000	0.000000
14	tsk_14	(x)	1	:	0.000000	0.116542	0.000000	0.000000	0.000000	0.883457	0.000000	0.000000	0.000000	0.000000	0.000000	0.000000
15	tsk_15	(x)	1	:	0.000000	0.093902	0.000000	0.000000	0.496554	0.409543	0.000000	0.000000	0.000000	0.000000	0.000000	0.000000
16	tsk_16	(x)	1	:	0.500000	0.124518	0.000000	0.000000	0.000000	0.375482	0.000000	0.000000	0.000000	0.000000	0.000000	0.000000
17	tsk_17	(x)	1	:	0.499179	0.000613	0.000000	0.000000	0.496227	0.003981	0.000000	0.000000	0.000000	0.000000	0.000000	0.000000
18	tsk_18	(x)	1	:	0.000000	0.125495	0.000000	0.000000	0.000000	0.422669	0.000000	0.000000	0.000000	0.451836	0.000000	0.000000
19	tsk_19	(x)	1	:	0.000000	0.108132	0.000000	0.000000	0.000000	0.391865	0.000000	0.037419	0.000000	0.000000	0.000000	0.462585
20	tsk_20	(x)	1	:	0.000000	0.000000	0.000000	0.000000	0.494258	0.000000	0.000000	0.505742	0.000000	0.000000	0.000000	0.000000
21	tsk_21	(x)	1	:	0.000000	0.285255	0.000000	0.000000	0.000000	0.514919	0.199827	0.000000	0.000000	0.000000	0.000000	0.000000
22	tsk_22	(x)	1	:	0.000000	0.186205	0.000000	0.000000	0.000000	0.813795	0.000000	0.000000	0.000000	0.000000	0.000000	0.000000
23	tsk_23	(x)	1	:	0.000000	0.110355	0.000000	0.000000	0.496554	0.193264	0.199826	0.000000	0.000000	0.000000	0.000000	0.000000
24	tsk_24	(x)	1	:	0.000000	0.047771	0.000000	0.000000	0.496554	0.255848	0.199826	0.000000	0.000000	0.000000	0.000000	0.000000
25	tsk_25	(x)	1	:	0.000000	0.422902	0.000000	0.000000	0.000000	0.377271	0.199827	0.000000	0.000000	0.000000	0.000000	0.000000
26	tsk_26	(x)	1	:	0.000000	0.268954	0.000000	0.000000	0.000000	0.231045	0.000000	0.183915	0.000000	0.000000	0.000000	0.316085
27	tsk_27	(x)	1	:	0.000000	0.082562	0.000000	0.000000	0.496553	0.108171	0.000000	0.000000	0.000000	0.312714	0.000000	0.000000
28	tsk_28	(x)	1	:	0.000000	0.000000	0.000000	0.000000	0.494258	0.000000	0.000000	0.505742	0.000000	0.000000	0.000000	0.000000
29	tsk_29	(x)	1	:	0.000000	0.204919	0.000000	0.000000	0.000000	0.295081	0.000000	0.500000	0.000000	0.000000	0.000000	0.000000
30	tsk_30	(x)	1	:	0.000000	0.000000	0.000000	0.000000	0.494258	0.000000	0.000000	0.505742	0.000000	0.000000	0.000000	0.000000
31	tsk_31	(x)	1	:	0.000000	0.000000	0.000000	0.000000	0.000000	0.000000	0.000000	0.000000	0.000000	0.000000	0.000000	1.000000
32	tsk_32	(x)	1	:	0.000000	0.197850	0.000000	0.000000	0.496554	0.305596	0.000000	0.000000	0.000000	0.000000	0.000000	0.000000
33	tsk_33	(x)	1	:	0.000000	0.000000	0.000000	0.000000	0.000000	0.000000	0.000000	0.000000	0.000000	0.000000	0.000000	1.000000
34	tsk_34	(x)	1	:	0.000000	0.548047	0.451953	0.000000	0.000000	0.000000	0.000000	0.000000	0.000000	0.000000	0.000000	0.000000
35	tsk_35	(x)	1	:	0.000000	0.000000	0.000000	0.000000	0.494249	0.000000	0.000000	0.043181	0.000000	0.000000	0.000000	0.462569
36	tsk_36	(x)	1	:	0.000000	0.000000	0.000000	0.000000	0.494258	0.000000	0.000000	0.505742	0.000000	0.000000	0.000000	0.000000
37	tsk_37	(x)	1	:	0.000000	0.000000	0.000000	0.000000	0.494258	0.000000	0.000000	0.505742	0.000000	0.000000	0.000000	0.000000
38	tsk_38	(x)	1	:	0.000000	0.264410	0.000000	0.000000	0.000000	0.235587	0.000000	0.037413	0.000000	0.000000	0.000000	0.462589
39	tsk_39	(x)	1	:	0.000000	0.047082	0.000000	0.000000	0.000000	0.140205	0.000000	0.499999	0.000000	0.312714	0.000000	0.000000
40	tsk_40	(x)	1	:	0.000000	0.091475	0.365127	0.000000	0.495643	0.047754	0.000000	0.000000	0.000000	0.000000	0.000000	0.000000
41	tsk_41	(x)	1	:	0.000000	0.201850	0.000000	0.000000	0.000000	0.298137	0.000000	0.037464	0.000000	0.000000	0.000000	0.462548
42	tsk_42	(x)	1	:	0.000000	0.067427	0.355511	0.000000	0.000000	0.080650	0.000000	0.496412	0.000000	0.000000	0.000000	0.000000
43	tsk_43	(x)	1	:	0.000000	0.000000	0.000000	0.000000	0.000000	0.000000	0.000000	0.000000	0.000000	0.000000	0.000000	1.000000
44	tsk_44	(x)	1	:	0.000000	0.000000	0.000000	0.000000	0.000000	0.000000	0.000000	0.354207	0.000000	0.000000	0.000000	0.645793
45	tsk_45	(x)	1	:	0.000000	0.000000	1.000000	0.000000	0.000000	0.000000	0.000000	0.000000	0.000000	0.000000	0.000000	0.000000
46	tsk_46	(x)	1	:	0.000000	0.000000	0.000000	0.000000	0.000000	0.000000	0.000000	0.537404	0.000000	0.000000	0.000000	0.462596
47	tsk_47	(x)	1	:	0.000000	0.000000	0.000000	0.000000	0.000000	0.000000	0.000000	0.537404	0.000000	0.000000	0.000000	0.462596
48	tsk_48	(x)	1	:	0.000000	0.064260	0.362910	0.000000	0.000000	0.074378	0.000000	0.498452	0.000000	0.000000	0.000000	0.000000
49	tsk_49	(x)	1	:	0.000000	0.066869	0.367249	0.000000	0.000000	0.066360	0.000000	0.499522	0.000000	0.000000	0.000000	0.000000
50	tsk_50	(x)	1	:	0.000000	0.000000	0.000000	0.535420	0.464580	0.000000	0.000000	0.000000	0.000000	0.000000	0.000000	0.000000
51	tsk_51	(x)	1	:	0.000000	0.000000	0.000000	0.000000	1.000000	0.000000	0.000000	0.000000	0.000000	0.000000	0.000000	0.000000
52	tsk_52	(x)	1	:	0.451287	0.000000	0.000000	0.548712	0.000000	0.000000	0.000000	0.000000	0.000000	0.000000	0.000000	0.000000
53	tsk_53	(x)	1	:	0.000000	0.000000	0.000000	0.000000	1.000000	0.000000	0.000000	0.000000	0.000000	0.000000	0.000000	0.000000
54	tsk_54	(x)	1	:	0.000000	0.000000	0.000000	0.000000	0.494258	0.000000	0.000000	0.505742	0.000000	0.000000	0.000000	0.000000
55	tsk_55	(x)	1	:	0.000000	0.000000	0.000000	0.535420	0.464580	0.000000	0.000000	0.000000	0.000000	0.000000	0.000000	0.000000
56	tsk_56	(x)	1	:	0.000000	0.000000	0.000000	0.000000	0.494115	0.000000	0.000000	0.043731	0.000000	0.000000	0.000000	0.462154
57	tsk_57	(x)	1	:	0.000000	0.020810	0.000000	0.000000	0.496360	0.032006	0.000000	0.000000	0.000000	0.450825	0.000000	0.000000
58	tsk_58	(x)	1	:	0.000000	0.000000	0.000000	0.000000	1.000000	0.000000	0.000000	0.000000	0.000000	0.000000	0.000000	0.000000
59	tsk_59	(x)	1	:	0.000000	0.000000	0.000000	0.000000	1.000000	0.000000	0.000000	0.000000	0.000000	0.000000	0.000000	0.000000
60	tsk_60	(x)	1	:	0.000000	0.535481	0.000000	0.000000	0.000000	0.464519	0.000000	0.000000	0.000000	0.000000	0.000000	0.000000
61	tsk_61	(x)	1	:	0.000000	0.537049	0.000000	0.000000	0.000000	0.462951	0.000000	0.000000	0.000000	0.000000	0.000000	0.000000
62	tsk_62	(x)	1	:	0.000000	0.190033	0.000000	0.000000	0.000000	0.309967	0.000000	0.500000	0.000000	0.000000	0.000000	0.000000
63	tsk_63	(x)	1	:	0.000000	0.478035	0.000000	0.000000	0.000000	0.521965	0.000000	0.000000	0.000000	0.000000	0.000000	0.000000
64	tsk_64	(x)	1	:	0.000000	0.584498	0.000000	0.000000	0.000000	0.415502	0.000000	0.000000	0.000000	0.000000	0.000000	0.000000
65	tsk_65	(x)	1	:	0.000000	0.072229	0.000000	0.000000	0.000000	0.927771	0.000000	0.000000	0.000000	0.000000	0.000000	0.000000
66	tsk_66	(x)	1	:	0.000000	0.000000	0.000000	0.000000	0.000000	0.000000	0.000000	1.000000	0.000000	0.000000	0.000000	0.000000
67	tsk_67	(x)	1	:	0.000000	0.154316	0.000000	0.000000	0.000000	0.362695	0.000000	0.000000	0.482989	0.000000	0.000000	0.000000
68	tsk_68	(x)	1	:	0.000000	0.126367	0.000000	0.000000	0.000000	0.373629	0.000000	0.037420	0.000000	0.000000	0.000000	0.462583
69	tsk_69	(x)	1	:	0.000000	0.397912	0.000000	0.000000	0.000000	0.602088	0.000000	0.000000	0.000000	0.000000	0.000000	0.000000
70	tsk_70	(x)	1	:	0.000000	0.190298	0.000000	0.000000	0.000000	0.269693	0.000000	0.000000	0.000000	0.000000	0.000000	0.540009
71	tsk_71	(x)	1	:	0.000000	0.000000	0.000000	0.440942	0.000000	0.000000	0.000000	0.096450	0.000000	0.000000	0.000000	0.462607
72	tsk_72	(x)	1	:	0.000000	0.000000	0.000000	0.000000	0.000000	0.000000	0.000000	0.351768	0.000000	0.000000	0.000000	0.648232
73	tsk_73	(x)	1	:	0.000000	0.177643	0.000000	0.440939	0.000000	0.322358	0.000000	0.059061	0.000000	0.000000	0.000000	0.000000
74	tsk_74	(x)	1	:	0.000000	0.265524	0.000000	0.440939	0.000000	0.234476	0.000000	0.059061	0.000000	0.000000	0.000000	0.000000
75	tsk_75	(x)	1	:	0.000000	0.213797	0.000000	0.440939	0.000000	0.286203	0.000000	0.059061	0.000000	0.000000	0.000000	0.000000
76	tsk_76	(x)	1	:	0.000000	0.168325	0.000000	0.440939	0.000000	0.331675	0.000000	0.059061	0.000000	0.000000	0.000000	0.000000
77	tsk_77	(x)	1	:	0.000000	0.215980	0.000000	0.440939	0.000000	0.284020	0.000000	0.059061	0.000000	0.000000	0.000000	0.000000
78	tsk_78	(x)	1	:	0.000000	0.000000	0.000000	0.000000	0.000000	0.500000	0.000000	0.500000	0.000000	0.000000	0.000000	0.000000
79	tsk_79	(x)	1	:	0.000000	0.285968	0.000000	0.000000	0.000000	0.714032	0.000000	0.000000	0.000000	0.000000	0.000000	0.000000
80	tsk_80	(x)	1	:	0.000000	0.161835	0.000000	0.000000	0.496554	0.341611	0.000000	0.000000	0.000000	0.000000	0.000000	0.000000
81	tsk_81	(x)	1	:	0.000000	0.090916	0.000000	0.000000	0.000000	0.409081	0.000000	0.037417	0.000000	0.000000	0.000000	0.462586
82	tsk_82	(x)	1	:	0.000000	0.367112	0.000000	0.000000	0.000000	0.132885	0.000000	0.037420	0.000000	0.000000	0.000000	0.462584
83	tsk_83	(x)	1	:	0.499266	0.002292	0.000000	0.000000	0.496262	0.002181	0.000000	0.000000	0.000000	0.000000	0.000000	0.000000
84	tsk_84	(x)	1	:	0.000000	0.416753	0.000000	0.000000	0.496554	0.086692	0.000000	0.000000	0.000000	0.000000	0.000000	0.000000
85	tsk_85	(x)	1	:	0.498443	0.001083	0.000000	0.000000	0.000000	0.001251	0.000000	0.499223	0.000000	0.000000	0.000000	0.000000
86	tsk_86	(x)	1	:	0.000000	0.000000	0.000000	0.000000	0.494247	0.000000	0.000000	0.043191	0.000000	0.000000	0.000000	0.462562
87	tsk_87	(x)	1	:	0.000000	0.221977	0.000000	0.000000	0.496554	0.281469	0.000000	0.000000	0.000000	0.000000	0.000000	0.000000
88	tsk_88	(x)	1	:	0.000000	0.000000	0.000000	0.000000	1.000000	0.000000	0.000000	0.000000	0.000000	0.000000	0.000000	0.000000
89	tsk_89	(x)	1	:	0.000000	0.000000	0.000000	0.000000	0.000000	0.000000	0.000000	0.000000	0.000000	0.000000	0.000000	1.000000
90	tsk_90	(x)	1	:	0.000000	0.000000	0.000000	0.000000	0.000000	0.000000	0.000000	0.537404	0.000000	0.000000	0.000000	0.462596
91	tsk_91	(x)	1	:	0.000000	0.000000	0.000000	0.000000	0.077845	0.000000	0.000000	0.044215	0.415811	0.000000	0.000000	0.462129
92	tsk_92	(x)	1	:	0.000000	0.188017	0.000000	0.000000	0.000000	0.311983	0.000000	0.500000	0.000000	0.000000	0.000000	0.000000
93	tsk_93	(x)	1	:	0.000000	0.290529	0.000000	0.000000	0.000000	0.209471	0.000000	0.500000	0.000000	0.000000	0.000000	0.000000
94	tsk_94	(x)	1	:	0.000000	0.238873	0.000000	0.000000	0.000000	0.249240	0.000000	0.000000	0.000000	0.000000	0.511888	0.000000
95	tsk_95	(x)	1	:	0.497795	0.002253	0.000000	0.000000	0.053555	0.008732	0.000000	0.000000	0.437664	0.000000	0.000000	0.000000
96	tsk_96	(x)	1	:	0.000000	0.220474	0.000000	0.000000	0.000000	0.214005	0.000000	0.000000	0.000000	0.000000	0.301652	0.263869
97	tsk_97	(x)	1	:	0.000000	0.510781	0.000000	0.000000	0.000000	0.489218	0.000000	0.000000	0.000000	0.000000	0.000000	0.000000
98	tsk_98	(x)	1	:	0.000000	0.161607	0.000000	0.000000	0.000000	0.326505	0.000000	0.000000	0.000000	0.000000	0.511888	0.000000
99	tsk_99	(x)	1	:	0.000000	0.004199	0.000000	0.000000	0.000000	0.000611	0.000000	0.000000	0.530499	0.464691	0.000000	0.000000
100	tsk_100	(x)	1	:	0.000000	0.123861	0.000000	0.000000	0.000000	0.876139	0.000000	0.000000	0.000000	0.000000	0.000000	0.000000
101	tsk_101	(x)	1	:	0.000000	0.204685	0.000000	0.000000	0.000000	0.795315	0.000000	0.000000	0.000000	0.000000	0.000000	0.000000
102	tsk_102	(x)	1	:	0.000000	0.442255	0.000000	0.000000	0.000000	0.557745	0.000000	0.000000	0.000000	0.000000	0.000000	0.000000
103	tsk_103	(x)	1	:	0.000000	0.568542	0.000000	0.000000	0.000000	0.431458	0.000000	0.000000	0.000000	0.000000	0.000000	0.000000
104	tsk_104	(x)	1	:	0.000000	0.161239	0.000000	0.000000	0.000000	0.338761	0.000000	0.500000	0.000000	0.000000	0.000000	0.000000
105	tsk_105	(x)	1	:	0.500000	0.092843	0.000000	0.000000	0.000000	0.407157	0.000000	0.000000	0.000000	0.000000	0.000000	0.000000
106	tsk_106	(x)	1	:	0.500000	0.322239	0.000000	0.000000	0.000000	0.177761	0.000000	0.000000	0.000000	0.000000	0.000000	0.000000
107	tsk_107	(x)	1	:	0.500000	0.105509	0.000000	0.000000	0.000000	0.394491	0.000000	0.000000	0.000000	0.000000	0.000000	0.000000
108	tsk_108	(x)	1	:	0.498381	0.000567	0.000000	0.000000	0.000000	0.001861	0.000000	0.499192	0.000000	0.000000	0.000000	0.000000
109	tsk_109	(x)	1	:	0.000000	0.164760	0.000000	0.000000	0.188461	0.338827	0.000000	0.000000	0.307951	0.000000	0.000000	0.000000
110	tsk_110	(x)	1	:	0.000000	0.000000	0.000000	0.000000	0.000000	0.000000	0.000000	1.000000	0.000000	0.000000	0.000000	0.000000
111	tsk_111	(x)	1	:	0.000000	0.000000	0.000000	0.000000	0.599828	0.000000	0.000000	0.000000	0.000000	0.000000	0.390298	0.009875
112	tsk_112	(x)	1	:	0.000000	0.000000	0.000000	0.000000	0.494258	0.000000	0.000000	0.505742	0.000000	0.000000	0.000000	0.000000
113	tsk_113	(x)	1	:	0.000000	0.166495	0.000000	0.000000	0.000000	0.333505	0.000000	0.500000	0.000000	0.000000	0.000000	0.000000
114	tsk_114	(x)	1	:	0.000000	0.170042	0.000000	0.000000	0.000000	0.329958	0.000000	0.500000	0.000000	0.000000	0.000000	0.000000
115	tsk_115	(x)	1	:	0.000000	0.000000	0.000000	0.000000	0.000000	0.000000	0.000000	1.000000	0.000000	0.000000	0.000000	0.000000
116	tsk_116	(x)	1	:	0.000000	0.202004	0.000000	0.000000	0.496554	0.301442	0.000000	0.000000	0.000000	0.000000	0.000000	0.000000
117	tsk_117	(x)	1	:	0.000000	0.156112	0.000000	0.000000	0.496554	0.000215	0.347118	0.000000	0.000000	0.000000	0.000000	0.000000
118	tsk_118	(x)	1	:	0.000000	0.295573	0.000000	0.000000	0.000000	0.204427	0.000000	0.500000	0.000000	0.000000	0.000000	0.000000
119	tsk_119	(x)	1	:	0.000000	0.000000	0.000000	0.000000	0.494258	0.000000	0.000000	0.505742	0.000000	0.000000	0.000000	0.000000
120	tsk_120	(x)	1	:	0.000000	0.204278	0.000000	0.000000	0.000000	0.295719	0.000000	0.037414	0.000000	0.000000	0.000000	0.462588
121	tsk_121	(x)	1	:	0.000000	0.081002	0.000000	0.000000	0.000000	0.467162	0.000000	0.000000	0.000000	0.451836	0.000000	0.000000
122	tsk_122	(x)	1	:	0.000000	0.021253	0.000000	0.000000	0.000000	0.028859	0.000000	0.037481	0.000000	0.450192	0.000000	0.462215
123	tsk_123	(x)	1	:	0.000000	0.199234	0.000000	0.000000	0.000000	0.001822	0.347115	0.000000	0.000000	0.451829	0.000000	0.000000
124	tsk_124	(x)	1	:	0.500013	0.003975	0.000000	0.000000	0.000000	0.003539	0.000000	0.000000	0.000000	0.000000	0.000000	0.492473
125	tsk_125	(x)	1	:	0.000000	0.257868	0.000000	0.000000	0.000000	0.242132	0.000000	0.500000	0.000000	0.000000	0.000000	0.000000
126	tsk_126	(x)	1	:	0.479083	0.000000	0.000000	0.520917	0.000000	0.000000	0.000000	0.000000	0.000000	0.000000	0.000000	0.000000
127	tsk_127	(x)	1	:	0.000000	0.096867	0.000000	0.000000	0.543895	0.359237	0.000000	0.000000	0.000000	0.000000	0.000000	0.000000
128	tsk_128	(x)	1	:	0.000000	0.250520	0.000000	0.000000	0.000000	0.297643	0.000000	0.000000	0.000000	0.451836	0.000000	0.000000
129	tsk_129	(x)	1	:	0.000000	0.177961	0.000000	0.000000	0.000000	0.322032	0.000000	0.037438	0.000000	0.000000	0.000000	0.462569
130	tsk_130	(x)	1	:	0.000000	0.385849	0.000000	0.000000	0.496554	0.117597	0.000000	0.000000	0.000000	0.000000	0.000000	0.000000
131	tsk_131	(x)	1	:	0.000000	0.259802	0.000000	0.000000	0.000000	0.560815	0.179383	0.000000	0.000000	0.000000	0.000000	0.000000
132	tsk_132	(x)	1	:	0.499264	0.001425	0.000000	0.000000	0.496261	0.003050	0.000000	0.000000	0.000000	0.000000	0.000000	0.000000
133	tsk_133	(x)	1	:	0.000000	0.160287	0.000000	0.000000	0.496554	0.343159	0.000000	0.000000	0.000000	0.000000	0.000000	0.000000
134	tsk_134	(x)	1	:	0.499168	0.001628	0.000000	0.000000	0.496223	0.002982	0.000000	0.000000	0.000000	0.000000	0.000000	0.000000
135	tsk_135	(x)	1	:	0.000000	0.000000	0.000000	0.440936	0.494257	0.000000	0.000000	0.064807	0.000000	0.000000	0.000000	0.000000
136	tsk_136	(x)	1	:	0.000000	0.000000	0.000000	0.440936	0.494257	0.000000	0.000000	0.064807	0.000000	0.000000	0.000000	0.000000
137	tsk_137	(x)	1	:	0.000000	0.233806	0.000000	0.440939	0.000000	0.266195	0.000000	0.059061	0.000000	0.000000	0.000000	0.000000
138	tsk_138	(x)	1	:	0.499185	0.001889	0.000000	0.000000	0.496230	0.002696	0.000000	0.000000	0.000000	0.000000	0.000000	0.000000
139	tsk_139	(x)	1	:	0.000000	0.400262	0.000000	0.000000	0.000000	0.599737	0.000000	0.000000	0.000000	0.000000	0.000000	0.000000
140	tsk_140	(x)	1	:	0.000000	0.364288	0.000000	0.000000	0.000000	0.635712	0.000000	0.000000	0.000000	0.000000	0.000000	0.000000
141	tsk_141	(x)	1	:	0.000000	0.229856	0.000000	0.000000	0.000000	0.270143	0.000000	0.183915	0.000000	0.000000	0.000000	0.316085
142	tsk_142	(x)	1	:	0.000000	0.173112	0.000000	0.000000	0.000000	0.826888	0.000000	0.000000	0.000000	0.000000	0.000000	0.000000
143	tsk_143	(x)	1	:	0.000000	0.300347	0.000000	0.000000	0.000000	0.699653	0.000000	0.000000	0.000000	0.000000	0.000000	0.000000
144	tsk_144	(x)	1	:	0.000000	0.408725	0.000000	0.000000	0.000000	0.091272	0.000000	0.037414	0.000000	0.000000	0.000000	0.462589
145	tsk_145	(x)	1	:	0.000000	0.360265	0.000000	0.000000	0.000000	0.639735	0.000000	0.000000	0.000000	0.000000	0.000000	0.000000
146	tsk_146	(x)	1	:	0.000000	0.291622	0.000000	0.000000	0.000000	0.708378	0.000000	0.000000	0.000000	0.000000	0.000000	0.000000
147	tsk_147	(x)	1	:	0.000000	0.204711	0.000000	0.000000	0.000000	0.295287	0.000000	0.037415	0.000000	0.000000	0.000000	0.462587
148	tsk_148	(x)	1	:	0.000000	0.154225	0.000000	0.000000	0.000000	0.845775	0.000000	0.000000	0.000000	0.000000	0.000000	0.000000
149	tsk_149	(x)	1	:	0.000000	0.464946	0.000000	0.000000	0.000000	0.535054	0.000000	0.000000	0.000000	0.000000	0.000000	0.000000
