logL = -998.988646 (converged)
AIC = 3161.977292
BIC = 4914.167034

count.K
87 13 5 45 

