logL = -664.206060 (converged)
AIC = 5324.412119
BIC = 11339.661437

count.K
30 8 32 2 21 27 9 1 4 3 12 1 

