logL = -876.743701 (converged)
AIC = 4015.487401
BIC = 7420.515919

count.K
3 40 2 4 16 70 15 

