logL = -1387.723911 (converged)
AIC = 4719.447822
BIC = 7645.785328

count.K
17 15 64 7 25 22 

