logL = -705.681594 (converged)
AIC = 6515.363188
BIC = 14198.504459

count.K
14 2 3 20 55 1 9 1 7 10 1 10 8 9 

