logL = -1777.294092 (converged)
AIC = 7934.588184
BIC = 14527.879478

count.K
1 14 7 13 14 38 10 10 0 12 8 23 

