0	tsk_0	(x)	1	:	1.000000	0.000000	0.000000	0.000000	0.000000	0.000000	0.000000	0.000000	0.000000
1	tsk_1	(x)	1	:	0.495359	0.000000	0.289074	0.000000	0.000000	0.000000	0.215545	0.000022	0.000000
2	tsk_2	(x)	1	:	0.000000	0.000000	0.000000	0.000000	0.000000	0.462736	0.537153	0.000111	0.000000
3	tsk_3	(x)	1	:	0.000000	0.000000	0.000000	0.000000	0.000000	0.000000	0.999860	0.000140	0.000000
4	tsk_4	(x)	1	:	0.506424	0.000000	0.000000	0.000000	0.000000	0.493576	0.000000	0.000000	0.000000
5	tsk_5	(x)	1	:	0.060572	0.000000	0.000000	0.000000	0.000000	0.000000	0.504152	0.000070	0.435206
6	tsk_6	(x)	1	:	1.000000	0.000000	0.000000	0.000000	0.000000	0.000000	0.000000	0.000000	0.000000
7	tsk_7	(x)	1	:	0.517771	0.000000	0.000000	0.000000	0.000000	0.000000	0.482129	0.000100	0.000000
8	tsk_8	(x)	1	:	0.495363	0.000000	0.243058	0.000000	0.000000	0.000000	0.261536	0.000042	0.000000
9	tsk_9	(x)	1	:	0.479548	0.000000	0.000000	0.000000	0.000000	0.520452	0.000000	0.000000	0.000000
10	tsk_10	(x)	1	:	0.104780	0.000000	0.000000	0.402150	0.000000	0.493070	0.000000	0.000000	0.000000
11	tsk_11	(x)	1	:	0.000000	0.000000	0.000000	0.000000	0.000000	0.000000	0.000000	1.000000	0.000000
12	tsk_12	(x)	1	:	0.000000	0.235737	0.000000	0.000000	0.000000	0.462732	0.301486	0.000044	0.000000
13	tsk_13	(x)	1	:	0.000000	0.398196	0.243065	0.000000	0.000000	0.000000	0.358688	0.000051	0.000000
14	tsk_14	(x)	1	:	0.000000	0.000000	0.243061	0.000000	0.000000	0.462706	0.294187	0.000046	0.000000
15	tsk_15	(x)	1	:	0.185148	0.000000	0.243055	0.000000	0.000000	0.000000	0.261251	0.000032	0.310513
16	tsk_16	(x)	1	:	0.196244	0.000000	0.000000	0.000000	0.000000	0.493178	0.000000	0.000000	0.310578
17	tsk_17	(x)	1	:	0.000000	0.288141	0.000000	0.000000	0.000000	0.000000	0.711772	0.000087	0.000000
18	tsk_18	(x)	1	:	0.185156	0.000000	0.000000	0.000000	0.000000	0.000000	0.504238	0.000092	0.310514
19	tsk_19	(x)	1	:	0.000000	0.514003	0.000000	0.000000	0.000000	0.000000	0.485925	0.000072	0.000000
20	tsk_20	(x)	1	:	0.000000	0.000000	0.698350	0.000000	0.000000	0.000000	0.301625	0.000024	0.000000
21	tsk_21	(x)	1	:	0.060556	0.288121	0.000000	0.000000	0.000000	0.000000	0.216069	0.000036	0.435219
22	tsk_22	(x)	1	:	0.000000	0.000000	0.559229	0.000000	0.000000	0.000000	0.440700	0.000070	0.000000
23	tsk_23	(x)	1	:	0.000000	0.000000	0.000000	0.000000	0.000000	0.000000	0.999832	0.000167	0.000000
24	tsk_24	(x)	1	:	0.517770	0.000000	0.000000	0.000000	0.000000	0.000000	0.482169	0.000060	0.000000
25	tsk_25	(x)	1	:	0.000000	0.000000	0.524848	0.000000	0.000000	0.000000	0.475088	0.000064	0.000000
26	tsk_26	(x)	1	:	0.000000	0.288094	0.289103	0.000000	0.000000	0.000000	0.422746	0.000057	0.000000
27	tsk_27	(x)	1	:	0.495371	0.000000	0.000000	0.000000	0.000000	0.000000	0.504563	0.000066	0.000000
28	tsk_28	(x)	1	:	0.000000	0.000000	0.495554	0.000000	0.000000	0.000000	0.504414	0.000033	0.000000
29	tsk_29	(x)	1	:	0.000000	0.288094	0.289103	0.000000	0.000000	0.000000	0.422746	0.000056	0.000000
30	tsk_30	(x)	1	:	0.000000	0.000000	0.000000	0.000000	1.000000	0.000000	0.000000	0.000000	0.000000
31	tsk_31	(x)	1	:	0.000000	0.000000	0.000000	0.000000	0.469575	0.000000	0.530425	0.000000	0.000000
32	tsk_32	(x)	1	:	0.000000	0.000000	0.000000	0.000000	1.000000	0.000000	0.000000	0.000000	0.000000
33	tsk_33	(x)	1	:	0.000000	0.000000	0.000000	0.000000	0.469794	0.000000	0.530206	0.000000	0.000000
34	tsk_34	(x)	1	:	0.000000	0.000000	0.257106	0.000000	0.000000	0.000000	0.742780	0.000113	0.000000
35	tsk_35	(x)	1	:	0.000000	0.000000	0.000000	0.000000	0.652856	0.000000	0.347138	0.000006	0.000000
36	tsk_36	(x)	1	:	0.000000	0.000000	0.000000	0.000000	1.000000	0.000000	0.000000	0.000000	0.000000
37	tsk_37	(x)	1	:	0.061100	0.000000	0.000000	0.000000	0.474110	0.000000	0.029771	0.000000	0.435019
38	tsk_38	(x)	1	:	0.000000	0.000000	0.000000	0.000000	0.000000	0.000000	0.999740	0.000260	0.000000
39	tsk_39	(x)	1	:	0.000000	0.000000	0.000000	0.000000	1.000000	0.000000	0.000000	0.000000	0.000000
40	tsk_40	(x)	1	:	0.071675	0.000000	0.000000	0.000000	0.000000	0.493032	0.000000	0.000000	0.435293
41	tsk_41	(x)	1	:	0.506424	0.000000	0.000000	0.000000	0.000000	0.493576	0.000000	0.000000	0.000000
42	tsk_42	(x)	1	:	0.000000	0.000000	0.000000	0.000000	0.000000	1.000000	0.000000	0.000000	0.000000
43	tsk_43	(x)	1	:	1.000000	0.000000	0.000000	0.000000	0.000000	0.000000	0.000000	0.000000	0.000000
44	tsk_44	(x)	1	:	0.506424	0.000000	0.000000	0.000000	0.000000	0.493576	0.000000	0.000000	0.000000
45	tsk_45	(x)	1	:	1.000000	0.000000	0.000000	0.000000	0.000000	0.000000	0.000000	0.000000	0.000000
46	tsk_46	(x)	1	:	0.000000	0.235738	0.000000	0.000000	0.000000	0.462733	0.301482	0.000048	0.000000
47	tsk_47	(x)	1	:	0.000000	0.000000	0.000000	0.000000	0.000000	1.000000	0.000000	0.000000	0.000000
48	tsk_48	(x)	1	:	1.000000	0.000000	0.000000	0.000000	0.000000	0.000000	0.000000	0.000000	0.000000
49	tsk_49	(x)	1	:	0.000000	0.000000	0.000000	0.000000	0.000000	1.000000	0.000000	0.000000	0.000000
50	tsk_50	(x)	1	:	0.060571	0.000000	0.000000	0.000000	0.000000	0.000000	0.504148	0.000074	0.435207
51	tsk_51	(x)	1	:	0.264919	0.000000	0.000000	0.000000	0.000000	0.000000	0.000000	0.000000	0.735081
52	tsk_52	(x)	1	:	0.000000	0.523913	0.000000	0.000000	0.000000	0.000000	0.476010	0.000077	0.000000
53	tsk_53	(x)	1	:	0.000000	0.288119	0.000000	0.000000	0.000000	0.000000	0.200268	0.000024	0.511589
54	tsk_54	(x)	1	:	0.000000	1.000000	0.000000	0.000000	0.000000	0.000000	0.000000	0.000000	0.000000
55	tsk_55	(x)	1	:	0.000000	0.000000	0.000000	0.000000	0.000000	0.000000	0.488318	0.000091	0.511591
56	tsk_56	(x)	1	:	0.000000	0.288140	0.000000	0.000000	0.000000	0.000000	0.711779	0.000080	0.000000
57	tsk_57	(x)	1	:	0.000000	0.000000	0.000000	0.000000	0.000000	0.000000	0.470492	0.000070	0.529438
58	tsk_58	(x)	1	:	0.058348	0.506491	0.000000	0.000000	0.000000	0.000000	0.000000	0.000000	0.435161
59	tsk_59	(x)	1	:	0.000000	0.000000	0.000000	0.000000	0.000000	0.000000	0.999818	0.000182	0.000000
60	tsk_60	(x)	1	:	1.000000	0.000000	0.000000	0.000000	0.000000	0.000000	0.000000	0.000000	0.000000
61	tsk_61	(x)	1	:	0.495371	0.000000	0.000000	0.000000	0.000000	0.000000	0.504557	0.000072	0.000000
62	tsk_62	(x)	1	:	0.592929	0.000000	0.000000	0.407071	0.000000	0.000000	0.000000	0.000000	0.000000
63	tsk_63	(x)	1	:	0.274870	0.000000	0.000000	0.314402	0.000000	0.000000	0.000000	0.000000	0.410727
64	tsk_64	(x)	1	:	0.000000	0.000000	0.000000	0.236468	0.000000	0.000000	0.488914	0.000024	0.274594
65	tsk_65	(x)	1	:	1.000000	0.000000	0.000000	0.000000	0.000000	0.000000	0.000000	0.000000	0.000000
66	tsk_66	(x)	1	:	0.479548	0.000000	0.000000	0.000000	0.000000	0.520452	0.000000	0.000000	0.000000
67	tsk_67	(x)	1	:	0.000000	0.000000	0.289137	0.000000	0.000000	0.000000	0.710719	0.000145	0.000000
68	tsk_68	(x)	1	:	1.000000	0.000000	0.000000	0.000000	0.000000	0.000000	0.000000	0.000000	0.000000
69	tsk_69	(x)	1	:	0.000000	0.000000	0.000000	0.000000	0.000000	0.462735	0.537162	0.000103	0.000000
70	tsk_70	(x)	1	:	0.000000	0.000000	0.257061	0.236465	0.000000	0.000000	0.231879	0.000006	0.274589
71	tsk_71	(x)	1	:	0.559464	0.000000	0.000000	0.000000	0.000000	0.000000	0.000000	0.000000	0.440536
72	tsk_72	(x)	1	:	0.495371	0.235737	0.000000	0.000000	0.000000	0.000000	0.268852	0.000039	0.000000
73	tsk_73	(x)	1	:	0.093676	0.235737	0.000000	0.402072	0.000000	0.000000	0.268474	0.000040	0.000000
74	tsk_74	(x)	1	:	0.273983	0.000000	0.000000	0.726017	0.000000	0.000000	0.000000	0.000000	0.000000
75	tsk_75	(x)	1	:	0.495371	0.000000	0.000000	0.000000	0.000000	0.000000	0.504527	0.000101	0.000000
76	tsk_76	(x)	1	:	0.093686	0.000000	0.000000	0.402063	0.000000	0.000000	0.504191	0.000060	0.000000
77	tsk_77	(x)	1	:	0.000000	0.000000	0.000000	0.000000	0.469739	0.000000	0.530261	0.000000	0.000000
78	tsk_78	(x)	1	:	0.000000	0.000000	0.000000	0.000000	0.000000	0.000000	0.999812	0.000188	0.000000
79	tsk_79	(x)	1	:	0.060564	0.000000	0.000000	0.000000	0.000000	0.000000	0.504133	0.000089	0.435213
80	tsk_80	(x)	1	:	0.185281	0.000000	0.504219	0.000000	0.000000	0.000000	0.000000	0.000000	0.310499
81	tsk_81	(x)	1	:	0.495513	0.000000	0.504487	0.000000	0.000000	0.000000	0.000000	0.000000	0.000000
82	tsk_82	(x)	1	:	0.495513	0.000000	0.504487	0.000000	0.000000	0.000000	0.000000	0.000000	0.000000
83	tsk_83	(x)	1	:	0.060567	0.000000	0.289062	0.000000	0.000000	0.000000	0.215138	0.000034	0.435198
84	tsk_84	(x)	1	:	0.495369	0.288123	0.000000	0.000000	0.000000	0.000000	0.216486	0.000023	0.000000
85	tsk_85	(x)	1	:	0.000000	0.000000	0.000000	0.000000	0.000000	0.000000	0.000000	0.000000	1.000000
86	tsk_86	(x)	1	:	0.000000	0.000000	0.289133	0.000000	0.000000	0.000000	0.710748	0.000119	0.000000
87	tsk_87	(x)	1	:	0.000000	0.000000	0.000000	0.000000	0.000000	0.000000	0.000000	0.000000	1.000000
88	tsk_88	(x)	1	:	0.559464	0.000000	0.000000	0.000000	0.000000	0.000000	0.000000	0.000000	0.440536
89	tsk_89	(x)	1	:	0.000000	0.288100	0.000000	0.000000	0.000000	0.552253	0.159640	0.000007	0.000000
90	tsk_90	(x)	1	:	0.000000	0.000000	0.000000	0.000000	0.000000	0.000000	0.999852	0.000148	0.000000
91	tsk_91	(x)	1	:	0.000000	0.000000	0.000000	0.000000	0.452719	0.547281	0.000000	0.000000	0.000000
92	tsk_92	(x)	1	:	0.000000	0.000000	0.000000	0.000000	0.469868	0.000000	0.530132	0.000000	0.000000
93	tsk_93	(x)	1	:	0.000000	0.235743	0.000000	0.000000	0.000000	0.000000	0.764085	0.000173	0.000000
94	tsk_94	(x)	1	:	0.000000	0.235739	0.000000	0.000000	0.000000	0.000000	0.764133	0.000128	0.000000
95	tsk_95	(x)	1	:	0.000000	0.000000	0.000000	0.000000	0.000000	0.000000	0.999754	0.000246	0.000000
96	tsk_96	(x)	1	:	0.000000	0.000000	0.000000	0.000000	0.000000	0.552269	0.447703	0.000028	0.000000
97	tsk_97	(x)	1	:	0.000000	0.000000	0.000000	0.000000	0.000000	0.000000	0.999817	0.000183	0.000000
98	tsk_98	(x)	1	:	0.000000	0.000000	0.000000	0.000000	0.469827	0.000000	0.530173	0.000000	0.000000
99	tsk_99	(x)	1	:	0.000000	0.235737	0.000000	0.000000	0.000000	0.000000	0.764160	0.000103	0.000000
100	tsk_100	(x)	1	:	0.000000	0.000000	0.000000	0.000000	0.000000	0.462726	0.537274	0.000000	0.000000
101	tsk_101	(x)	1	:	0.000000	0.000000	0.289068	0.000000	0.000000	0.462687	0.248206	0.000039	0.000000
102	tsk_102	(x)	1	:	0.000000	0.000000	0.698467	0.000000	0.000000	0.000000	0.301493	0.000040	0.000000
103	tsk_103	(x)	1	:	0.000000	0.000000	0.257078	0.000000	0.000000	0.462702	0.280179	0.000041	0.000000
104	tsk_104	(x)	1	:	0.000000	0.000000	0.257103	0.000000	0.000000	0.000000	0.742822	0.000075	0.000000
105	tsk_105	(x)	1	:	0.000000	0.000000	0.000000	0.000000	0.000000	0.462736	0.537156	0.000108	0.000000
106	tsk_106	(x)	1	:	0.000000	0.378555	0.289093	0.000000	0.000000	0.000000	0.332313	0.000039	0.000000
107	tsk_107	(x)	1	:	0.000000	0.000000	0.289135	0.000000	0.000000	0.000000	0.710734	0.000131	0.000000
108	tsk_108	(x)	1	:	0.000000	0.000000	0.289050	0.000000	0.000000	0.462679	0.248236	0.000035	0.000000
109	tsk_109	(x)	1	:	0.000000	0.000000	0.257106	0.000000	0.000000	0.000000	0.742790	0.000105	0.000000
110	tsk_110	(x)	1	:	0.000000	0.000000	0.257106	0.000000	0.000000	0.000000	0.742783	0.000111	0.000000
111	tsk_111	(x)	1	:	0.000000	0.000000	0.243061	0.000000	0.000000	0.462706	0.294188	0.000045	0.000000
112	tsk_112	(x)	1	:	1.000000	0.000000	0.000000	0.000000	0.000000	0.000000	0.000000	0.000000	0.000000
113	tsk_113	(x)	1	:	0.000000	0.000000	0.000000	0.000000	0.000000	0.000000	0.999851	0.000149	0.000000
114	tsk_114	(x)	1	:	0.000000	0.000000	0.461266	0.000000	0.000000	0.000000	0.538717	0.000017	0.000000
115	tsk_115	(x)	1	:	0.000000	0.000000	0.461281	0.000000	0.000000	0.000000	0.538621	0.000098	0.000000
116	tsk_116	(x)	1	:	0.000000	0.000000	0.257107	0.000000	0.000000	0.000000	0.742780	0.000114	0.000000
117	tsk_117	(x)	1	:	0.000000	0.000000	0.257100	0.000000	0.000000	0.000000	0.742854	0.000046	0.000000
118	tsk_118	(x)	1	:	0.000000	0.000000	0.257100	0.000000	0.000000	0.000000	0.742847	0.000053	0.000000
119	tsk_119	(x)	1	:	0.104780	0.000000	0.000000	0.402150	0.000000	0.493070	0.000000	0.000000	0.000000
120	tsk_120	(x)	1	:	0.073544	0.000000	0.000000	0.401871	0.000000	0.524585	0.000000	0.000000	0.000000
121	tsk_121	(x)	1	:	0.060537	0.000000	0.000000	0.000000	0.000000	0.000000	0.504118	0.000107	0.435239
122	tsk_122	(x)	1	:	0.000000	0.000000	0.000000	1.000000	0.000000	0.000000	0.000000	0.000000	0.000000
123	tsk_123	(x)	1	:	0.495371	0.235737	0.000000	0.000000	0.000000	0.000000	0.268852	0.000040	0.000000
124	tsk_124	(x)	1	:	0.000000	0.000000	0.257062	0.000000	0.000000	0.552234	0.190691	0.000014	0.000000
125	tsk_125	(x)	1	:	0.000000	0.000000	0.000000	0.000000	0.000000	1.000000	0.000000	0.000000	0.000000
126	tsk_126	(x)	1	:	0.000000	0.000000	0.000000	0.000000	0.000000	0.000000	0.999782	0.000218	0.000000
127	tsk_127	(x)	1	:	0.495370	0.000000	0.000000	0.000000	0.000000	0.000000	0.504597	0.000033	0.000000
128	tsk_128	(x)	1	:	0.093671	0.000000	0.257073	0.402070	0.000000	0.000000	0.247145	0.000041	0.000000
129	tsk_129	(x)	1	:	0.073544	0.000000	0.000000	0.401871	0.000000	0.524585	0.000000	0.000000	0.000000
130	tsk_130	(x)	1	:	0.000000	0.523905	0.000000	0.000000	0.000000	0.000000	0.476049	0.000046	0.000000
131	tsk_131	(x)	1	:	0.493148	0.506852	0.000000	0.000000	0.000000	0.000000	0.000000	0.000000	0.000000
132	tsk_132	(x)	1	:	0.000000	0.288137	0.000000	0.000000	0.000000	0.000000	0.711803	0.000060	0.000000
133	tsk_133	(x)	1	:	0.000000	0.000000	0.000000	0.000000	0.000000	0.609391	0.390608	0.000000	0.000000
134	tsk_134	(x)	1	:	0.000000	0.288142	0.000000	0.000000	0.000000	0.000000	0.711766	0.000092	0.000000
135	tsk_135	(x)	1	:	0.000000	0.770630	0.000000	0.000000	0.000000	0.000000	0.229359	0.000011	0.000000
136	tsk_136	(x)	1	:	0.000000	0.000000	0.000000	0.000000	0.000000	0.552271	0.447684	0.000046	0.000000
137	tsk_137	(x)	1	:	0.000000	0.000000	0.000000	0.000000	0.508790	0.491210	0.000000	0.000000	0.000000
138	tsk_138	(x)	1	:	0.000000	0.000000	0.000000	0.000000	0.000000	0.552273	0.447659	0.000068	0.000000
139	tsk_139	(x)	1	:	0.000000	1.000000	0.000000	0.000000	0.000000	0.000000	0.000000	0.000000	0.000000
140	tsk_140	(x)	1	:	0.513090	0.486910	0.000000	0.000000	0.000000	0.000000	0.000000	0.000000	0.000000
141	tsk_141	(x)	1	:	0.000000	0.000000	0.000000	0.509032	0.000000	0.000000	0.490874	0.000093	0.000000
142	tsk_142	(x)	1	:	0.000000	0.494405	0.000000	0.505595	0.000000	0.000000	0.000000	0.000000	0.000000
143	tsk_143	(x)	1	:	0.000000	0.000000	0.000000	0.000000	0.000000	0.000000	0.999801	0.000199	0.000000
144	tsk_144	(x)	1	:	0.513090	0.486910	0.000000	0.000000	0.000000	0.000000	0.000000	0.000000	0.000000
145	tsk_145	(x)	1	:	0.000000	0.000000	0.000000	0.000000	0.000000	0.000000	0.999779	0.000221	0.000000
146	tsk_146	(x)	1	:	0.000000	0.000000	0.000000	0.000000	0.000000	0.000000	0.999769	0.000231	0.000000
147	tsk_147	(x)	1	:	1.000000	0.000000	0.000000	0.000000	0.000000	0.000000	0.000000	0.000000	0.000000
148	tsk_148	(x)	1	:	0.000000	0.000000	0.000000	0.000000	0.000000	0.000000	0.999860	0.000140	0.000000
149	tsk_149	(x)	1	:	0.548623	0.000000	0.000000	0.451377	0.000000	0.000000	0.000000	0.000000	0.000000
