logL = -1500.372773 (converged)
AIC = 8640.745545
BIC = 17130.737074

count.K
27 11 4 5 1 13 2 4 16 3 8 12 12 19 13 

