logL = -1638.702733 (converged)
AIC = 6897.405466
BIC = 12346.655348

count.K
17 15 1 53 11 7 13 29 1 3 

