logL = -877.923976 (converged)
AIC = 6523.847953
BIC = 13701.202494

count.K
2 13 27 26 6 2 28 10 7 9 3 4 3 10 

