logL = -1740.646898 (converged)
AIC = 4441.293797
BIC = 5886.398738

count.K
8 82 60 

