logL = -705.466954 (converged)
AIC = 5356.933908
BIC = 11296.917343

count.K
85 8 19 4 2 4 7 7 10 3 1 

