logL = -1015.586352 (converged)
AIC = 2805.172703
BIC = 3970.288562

count.K
26 70 54 

