logL = -1125.162334 (converged)
AIC = 7214.324667
BIC = 14686.721467

count.K
17 1 20 1 2 4 20 15 17 21 0 14 1 17 

