logL = -748.903424 (converged)
AIC = 2307.806847
BIC = 3527.114142

count.K
120 28 2 

