0	tsk_0	(x)	1	:	0.000000	0.000000	0.000000	0.000000	1.000000	0.000000	0.000000	0.000000	0.000000	0.000000	0.000000	0.000000	0.000000	0.000000
1	tsk_1	(x)	1	:	0.000000	0.000000	0.000000	0.000000	0.609083	0.000000	0.000000	0.356398	0.000000	0.000000	0.000000	0.000000	0.000000	0.034520
2	tsk_2	(x)	1	:	0.000000	0.000000	0.000000	0.499901	0.000000	0.000000	0.000000	0.000263	0.000000	0.000000	0.000000	0.000000	0.499836	0.000000
3	tsk_3	(x)	1	:	0.000000	0.000000	0.000000	0.000000	0.662407	0.000000	0.000000	0.000000	0.000000	0.000000	0.337593	0.000000	0.000000	0.000000
4	tsk_4	(x)	1	:	0.000000	0.000000	0.000000	0.000000	0.665811	0.000000	0.000000	0.000000	0.000000	0.000000	0.334188	0.000000	0.000000	0.000000
5	tsk_5	(x)	1	:	0.000000	0.000000	0.000000	0.000000	0.665811	0.000000	0.000000	0.000000	0.000000	0.000000	0.334188	0.000000	0.000000	0.000000
6	tsk_6	(x)	1	:	0.000000	0.000000	0.000000	0.499084	0.270287	0.000000	0.000000	0.005885	0.000000	0.000000	0.224744	0.000000	0.000000	0.000000
7	tsk_7	(x)	1	:	0.000000	0.000000	0.000000	0.000000	1.000000	0.000000	0.000000	0.000000	0.000000	0.000000	0.000000	0.000000	0.000000	0.000000
8	tsk_8	(x)	1	:	0.000000	0.000000	0.000000	0.000000	0.270270	0.000000	0.000000	0.269863	0.000000	0.000000	0.229736	0.000000	0.000000	0.230131
9	tsk_9	(x)	1	:	0.000000	0.000000	0.000000	0.000000	0.000000	0.000000	0.000000	0.008207	0.000000	0.000000	0.496130	0.490025	0.000000	0.005638
10	tsk_10	(x)	1	:	0.000000	0.000790	0.000000	0.000000	0.000000	0.501488	0.000000	0.000006	0.000000	0.497702	0.000012	0.000000	0.000000	0.000003
11	tsk_11	(x)	1	:	0.000000	0.243347	0.000000	0.000000	0.000000	0.256661	0.000000	0.304427	0.000000	0.000000	0.000000	0.000000	0.000000	0.195565
12	tsk_12	(x)	1	:	0.000000	0.241665	0.000000	0.000000	0.000000	0.256683	0.000000	0.006050	0.000000	0.000000	0.491624	0.000000	0.000000	0.003978
13	tsk_13	(x)	1	:	0.000000	0.000000	0.000000	0.000000	0.000000	0.000000	0.000000	0.000000	0.000000	0.500000	0.500000	0.000000	0.000000	0.000000
14	tsk_14	(x)	1	:	0.000000	1.000000	0.000000	0.000000	0.000000	0.000000	0.000000	0.000000	0.000000	0.000000	0.000000	0.000000	0.000000	0.000000
15	tsk_15	(x)	1	:	0.000000	0.743331	0.000000	0.000000	0.000000	0.256669	0.000000	0.000000	0.000000	0.000000	0.000000	0.000000	0.000000	0.000000
16	tsk_16	(x)	1	:	0.000000	0.001247	0.000000	0.000000	0.000000	0.502213	0.000000	0.001762	0.000000	0.000000	0.000000	0.492341	0.000000	0.002437
17	tsk_17	(x)	1	:	0.000000	0.243348	0.000000	0.000000	0.000000	0.256662	0.363172	0.095392	0.000000	0.000000	0.000000	0.000000	0.000000	0.041426
18	tsk_18	(x)	1	:	0.000000	0.219453	0.000000	0.000000	0.000000	0.780547	0.000000	0.000000	0.000000	0.000000	0.000000	0.000000	0.000000	0.000000
19	tsk_19	(x)	1	:	0.000000	0.479630	0.000000	0.000000	0.000000	0.520370	0.000000	0.000000	0.000000	0.000000	0.000000	0.000000	0.000000	0.000000
20	tsk_20	(x)	1	:	0.000000	0.000000	0.498397	0.000000	0.000000	0.000000	0.000000	0.001672	0.000000	0.000000	0.490237	0.000000	0.000000	0.009694
21	tsk_21	(x)	1	:	0.000000	0.000000	0.000000	0.000000	0.000000	0.000000	0.000000	0.000000	0.000000	0.000000	1.000000	0.000000	0.000000	0.000000
22	tsk_22	(x)	1	:	0.000000	0.000000	0.500002	0.000000	0.000000	0.000000	0.363172	0.019751	0.000000	0.000000	0.000000	0.000000	0.000000	0.117075
23	tsk_23	(x)	1	:	0.000000	0.000000	0.498530	0.000000	0.000000	0.000000	0.000000	0.001409	0.000000	0.000000	0.491051	0.000000	0.000000	0.009010
24	tsk_24	(x)	1	:	0.000000	0.000000	1.000000	0.000000	0.000000	0.000000	0.000000	0.000000	0.000000	0.000000	0.000000	0.000000	0.000000	0.000000
25	tsk_25	(x)	1	:	0.000000	0.000000	0.500002	0.000000	0.000000	0.000000	0.363172	0.032457	0.000000	0.000000	0.000000	0.000000	0.000000	0.104369
26	tsk_26	(x)	1	:	0.000000	0.000000	1.000000	0.000000	0.000000	0.000000	0.000000	0.000000	0.000000	0.000000	0.000000	0.000000	0.000000	0.000000
27	tsk_27	(x)	1	:	0.000000	0.000000	0.500000	0.000000	0.000000	0.000000	0.000000	0.089339	0.000000	0.000000	0.000000	0.000000	0.000000	0.410660
28	tsk_28	(x)	1	:	0.000000	0.001658	0.497534	0.000000	0.000000	0.500808	0.000000	0.000000	0.000000	0.000000	0.000000	0.000000	0.000000	0.000000
29	tsk_29	(x)	1	:	0.000000	0.000000	0.000000	0.499776	0.000000	0.000000	0.000000	0.001907	0.000000	0.000000	0.498316	0.000000	0.000000	0.000000
30	tsk_30	(x)	1	:	0.000000	1.000000	0.000000	0.000000	0.000000	0.000000	0.000000	0.000000	0.000000	0.000000	0.000000	0.000000	0.000000	0.000000
31	tsk_31	(x)	1	:	0.000000	0.458965	0.000000	0.000000	0.541035	0.000000	0.000000	0.000000	0.000000	0.000000	0.000000	0.000000	0.000000	0.000000
32	tsk_32	(x)	1	:	0.000000	0.202311	0.000000	0.000000	0.541031	0.256658	0.000000	0.000000	0.000000	0.000000	0.000000	0.000000	0.000000	0.000000
33	tsk_33	(x)	1	:	0.000000	1.000000	0.000000	0.000000	0.000000	0.000000	0.000000	0.000000	0.000000	0.000000	0.000000	0.000000	0.000000	0.000000
34	tsk_34	(x)	1	:	0.000000	0.000000	0.000000	0.000000	0.000000	0.000000	0.000000	0.315145	0.000000	0.000000	0.000000	0.000000	0.000000	0.684855
35	tsk_35	(x)	1	:	0.000000	0.000000	1.000000	0.000000	0.000000	0.000000	0.000000	0.000000	0.000000	0.000000	0.000000	0.000000	0.000000	0.000000
36	tsk_36	(x)	1	:	0.000000	0.500000	0.500000	0.000000	0.000000	0.000000	0.000000	0.000000	0.000000	0.000000	0.000000	0.000000	0.000000	0.000000
37	tsk_37	(x)	1	:	0.000000	0.500000	0.500000	0.000000	0.000000	0.000000	0.000000	0.000000	0.000000	0.000000	0.000000	0.000000	0.000000	0.000000
38	tsk_38	(x)	1	:	0.000000	0.490220	0.000000	0.000000	0.000000	0.509780	0.000000	0.000000	0.000000	0.000000	0.000000	0.000000	0.000000	0.000000
39	tsk_39	(x)	1	:	0.000000	0.458965	0.000000	0.000000	0.541035	0.000000	0.000000	0.000000	0.000000	0.000000	0.000000	0.000000	0.000000	0.000000
40	tsk_40	(x)	1	:	0.000000	0.000000	0.000000	0.000000	0.000000	0.000000	0.363177	0.061652	0.000000	0.000000	0.000000	0.000000	0.500000	0.075170
41	tsk_41	(x)	1	:	0.000000	0.000000	0.000000	0.000000	0.000000	0.000000	0.363179	0.069120	0.000000	0.000000	0.000000	0.000000	0.500001	0.067700
42	tsk_42	(x)	1	:	0.000000	0.000000	0.000000	0.000000	0.000000	0.000000	0.000000	0.000000	0.000000	0.000000	1.000000	0.000000	0.000000	0.000000
43	tsk_43	(x)	1	:	0.000000	0.000000	0.000000	0.000000	0.000000	0.000000	0.363174	0.428446	0.000000	0.000000	0.000000	0.000000	0.000000	0.208379
44	tsk_44	(x)	1	:	0.000000	0.000000	0.000000	0.000000	0.270270	0.000000	0.000000	0.000000	0.000000	0.000000	0.729730	0.000000	0.000000	0.000000
45	tsk_45	(x)	1	:	0.000000	0.000000	0.000000	0.000000	0.405507	0.000000	0.000000	0.000000	0.592249	0.002244	0.000000	0.000000	0.000000	0.000000
46	tsk_46	(x)	1	:	0.000000	0.500000	0.000000	0.000000	0.000000	0.000000	0.000000	0.300975	0.000000	0.000000	0.000000	0.000000	0.000000	0.199025
47	tsk_47	(x)	1	:	0.000000	0.498401	0.000000	0.000000	0.270417	0.000000	0.000000	0.006019	0.000000	0.000000	0.221288	0.000000	0.000000	0.003875
48	tsk_48	(x)	1	:	0.000000	0.498929	0.000000	0.000000	0.000000	0.000000	0.000000	0.001593	0.000000	0.000000	0.000000	0.000000	0.498213	0.001264
49	tsk_49	(x)	1	:	0.000000	0.498286	0.000000	0.000000	0.000000	0.000000	0.000000	0.003816	0.000000	0.000000	0.491314	0.000000	0.000000	0.006584
50	tsk_50	(x)	1	:	0.000000	0.490220	0.000000	0.000000	0.000000	0.509780	0.000000	0.000000	0.000000	0.000000	0.000000	0.000000	0.000000	0.000000
51	tsk_51	(x)	1	:	0.000000	0.000982	0.497678	0.000000	0.000000	0.501340	0.000000	0.000000	0.000000	0.000000	0.000000	0.000000	0.000000	0.000000
52	tsk_52	(x)	1	:	0.000000	0.000000	0.000000	0.000000	0.270275	0.000000	0.557887	0.000016	0.000000	0.000000	0.171807	0.000000	0.000000	0.000014
53	tsk_53	(x)	1	:	0.000000	0.000000	1.000000	0.000000	0.000000	0.000000	0.000000	0.000000	0.000000	0.000000	0.000000	0.000000	0.000000	0.000000
54	tsk_54	(x)	1	:	0.000000	0.000000	0.000000	0.000000	0.000000	0.457320	0.542680	0.000000	0.000000	0.000000	0.000000	0.000000	0.000000	0.000000
55	tsk_55	(x)	1	:	0.000000	0.000000	0.000000	0.477865	0.000000	0.000000	0.522134	0.000000	0.000000	0.000000	0.000000	0.000000	0.000000	0.000000
56	tsk_56	(x)	1	:	0.000000	0.000000	0.000000	0.477804	0.000000	0.000000	0.522196	0.000000	0.000000	0.000000	0.000000	0.000000	0.000000	0.000000
57	tsk_57	(x)	1	:	0.000000	0.500000	0.500000	0.000000	0.000000	0.000000	0.000000	0.000000	0.000000	0.000000	0.000000	0.000000	0.000000	0.000000
58	tsk_58	(x)	1	:	0.000000	0.000000	0.000000	0.000000	0.000000	0.000000	0.634917	0.000000	0.000000	0.000000	0.365083	0.000000	0.000000	0.000000
59	tsk_59	(x)	1	:	0.000000	0.477795	0.000000	0.000000	0.000000	0.000000	0.522205	0.000000	0.000000	0.000000	0.000000	0.000000	0.000000	0.000000
60	tsk_60	(x)	1	:	0.000000	0.498967	0.000000	0.000000	0.000000	0.000000	0.000000	0.001936	0.000000	0.000000	0.000000	0.000000	0.498276	0.000821
61	tsk_61	(x)	1	:	0.000000	0.000000	0.000000	0.000000	0.000000	0.000000	0.363178	0.101221	0.000000	0.000000	0.000000	0.000000	0.500001	0.035600
62	tsk_62	(x)	1	:	0.000000	0.000000	0.000000	0.000000	0.000000	0.000000	0.543079	0.000086	0.000000	0.000000	0.456732	0.000000	0.000000	0.000104
63	tsk_63	(x)	1	:	0.000000	0.000000	0.000000	0.500000	0.000000	0.000000	0.000000	0.000000	0.000000	0.000000	0.000000	0.000000	0.500000	0.000000
64	tsk_64	(x)	1	:	0.000000	0.000000	0.000000	0.000000	0.000000	0.000000	0.000000	0.007544	0.000000	0.000000	0.491851	0.000000	0.497314	0.003291
65	tsk_65	(x)	1	:	0.000000	0.000000	0.000000	1.000000	0.000000	0.000000	0.000000	0.000000	0.000000	0.000000	0.000000	0.000000	0.000000	0.000000
66	tsk_66	(x)	1	:	0.000000	0.000000	0.000000	0.000000	0.000000	0.000000	0.000000	0.000000	0.000000	0.000000	0.000000	0.000000	1.000000	0.000000
67	tsk_67	(x)	1	:	0.000000	0.001962	0.000000	0.000000	0.000000	0.501304	0.000000	0.299219	0.000000	0.000000	0.000000	0.000000	0.000000	0.197514
68	tsk_68	(x)	1	:	0.000000	0.001229	0.000000	0.000000	0.000000	0.500496	0.000000	0.000886	0.000000	0.000000	0.000000	0.000000	0.496916	0.000473
69	tsk_69	(x)	1	:	0.000000	0.000000	0.000000	0.000000	0.000000	0.000000	0.568360	0.231842	0.000000	0.000000	0.000000	0.000000	0.000000	0.199797
70	tsk_70	(x)	1	:	0.000000	0.001184	0.000000	0.000000	0.000000	0.500414	0.000000	0.006280	0.000000	0.000000	0.489825	0.000000	0.000000	0.002296
71	tsk_71	(x)	1	:	0.000000	0.000000	0.000000	0.000000	0.000000	1.000000	0.000000	0.000000	0.000000	0.000000	0.000000	0.000000	0.000000	0.000000
72	tsk_72	(x)	1	:	0.000000	0.002028	0.000000	0.000000	0.000000	0.501303	0.000000	0.138815	0.000000	0.000000	0.000000	0.209759	0.000000	0.148095
73	tsk_73	(x)	1	:	0.000000	0.000000	0.000000	0.000000	0.000000	0.000000	0.000000	0.394111	0.000000	0.000000	0.500000	0.000000	0.000000	0.105889
74	tsk_74	(x)	1	:	0.000000	0.000036	0.000000	0.000000	0.000000	0.485080	0.514884	0.000000	0.000000	0.000000	0.000000	0.000000	0.000000	0.000000
75	tsk_75	(x)	1	:	0.000000	0.000000	0.000000	0.000000	0.000000	0.000000	0.000000	0.000556	0.540052	0.000000	0.459240	0.000000	0.000000	0.000152
76	tsk_76	(x)	1	:	0.000000	0.490220	0.000000	0.000000	0.000000	0.509780	0.000000	0.000000	0.000000	0.000000	0.000000	0.000000	0.000000	0.000000
77	tsk_77	(x)	1	:	0.000000	0.000000	0.000000	0.000000	0.000000	1.000000	0.000000	0.000000	0.000000	0.000000	0.000000	0.000000	0.000000	0.000000
78	tsk_78	(x)	1	:	0.000000	0.498368	0.000000	0.000000	0.000000	0.000000	0.000000	0.004179	0.000000	0.000000	0.491736	0.000000	0.000000	0.005717
79	tsk_79	(x)	1	:	0.000000	0.490220	0.000000	0.000000	0.000000	0.509780	0.000000	0.000000	0.000000	0.000000	0.000000	0.000000	0.000000	0.000000
80	tsk_80	(x)	1	:	0.000000	0.000000	0.000000	0.000000	0.000000	0.000000	0.000000	0.646648	0.000000	0.000000	0.000000	0.000000	0.000000	0.353351
81	tsk_81	(x)	1	:	0.000000	0.000000	0.000000	0.000000	0.000000	0.000000	0.000000	0.319023	0.000000	0.000000	0.000000	0.000000	0.500000	0.180977
82	tsk_82	(x)	1	:	0.000000	0.000000	0.000000	0.000000	0.000000	0.000000	0.000000	0.641409	0.000000	0.000000	0.000000	0.000000	0.000000	0.358591
83	tsk_83	(x)	1	:	0.000000	0.000000	0.000000	0.000000	0.000000	0.000000	0.363174	0.506996	0.000000	0.000000	0.000000	0.000000	0.000000	0.129830
84	tsk_84	(x)	1	:	0.000000	0.000000	0.000000	0.000000	0.000000	0.000000	0.363174	0.531593	0.000000	0.000000	0.000000	0.000000	0.000000	0.105233
85	tsk_85	(x)	1	:	0.000000	0.000000	0.000000	0.000000	0.000000	0.000000	0.000000	0.271107	0.453891	0.000000	0.000000	0.019354	0.000000	0.255648
86	tsk_86	(x)	1	:	0.000000	0.000000	0.000000	0.000000	0.000000	0.000000	0.000000	0.005098	0.495154	0.000000	0.497251	0.000732	0.000000	0.001764
87	tsk_87	(x)	1	:	0.000000	0.000000	0.000000	0.000000	0.000000	0.000000	0.000000	0.303075	0.000000	0.000000	0.000000	0.000000	0.500000	0.196925
88	tsk_88	(x)	1	:	0.000000	0.000000	0.000000	0.000000	0.000000	0.000000	0.543036	0.000237	0.000000	0.000000	0.456668	0.000000	0.000000	0.000058
89	tsk_89	(x)	1	:	0.000000	0.000000	0.000000	0.000000	0.000000	0.000000	0.000000	0.344792	0.000000	0.000000	0.500000	0.000000	0.000000	0.155208
90	tsk_90	(x)	1	:	0.000000	0.000000	0.000000	0.500165	0.000000	0.000000	0.000000	0.263761	0.000000	0.000000	0.000000	0.000000	0.000000	0.236074
91	tsk_91	(x)	1	:	0.000000	0.000000	0.000000	1.000000	0.000000	0.000000	0.000000	0.000000	0.000000	0.000000	0.000000	0.000000	0.000000	0.000000
92	tsk_92	(x)	1	:	0.000000	0.000000	0.000000	0.000000	0.000000	0.000000	0.000000	0.409238	0.000000	0.000000	0.500000	0.000000	0.000000	0.090762
93	tsk_93	(x)	1	:	0.000000	0.000000	0.000000	0.500979	0.000000	0.000000	0.000000	0.000000	0.498104	0.000000	0.000000	0.000917	0.000000	0.000000
94	tsk_94	(x)	1	:	0.000000	0.000000	0.000000	0.000000	0.000000	0.000000	0.000000	0.248340	0.496103	0.000000	0.000000	0.000835	0.000000	0.254722
95	tsk_95	(x)	1	:	0.000000	0.000000	0.000000	0.500982	0.000000	0.000000	0.000000	0.000000	0.498125	0.000000	0.000000	0.000893	0.000000	0.000000
96	tsk_96	(x)	1	:	0.000000	0.000000	0.000000	0.499090	0.000000	0.000000	0.000000	0.004315	0.000000	0.000000	0.494865	0.000000	0.000000	0.001730
97	tsk_97	(x)	1	:	0.000000	0.000000	0.000000	0.500980	0.000000	0.000000	0.000000	0.000000	0.498112	0.000000	0.000000	0.000908	0.000000	0.000000
98	tsk_98	(x)	1	:	0.000000	0.000000	0.000000	0.000000	0.270262	0.000000	0.000000	0.008896	0.494263	0.000000	0.224009	0.000617	0.000000	0.001952
99	tsk_99	(x)	1	:	0.000000	0.000000	0.000000	0.500980	0.000000	0.000000	0.000000	0.000000	0.498113	0.000000	0.000000	0.000907	0.000000	0.000000
100	tsk_100	(x)	1	:	0.000000	0.002128	0.000000	0.000000	0.000000	0.501190	0.363219	0.052576	0.000000	0.000000	0.000000	0.000000	0.000000	0.080888
101	tsk_101	(x)	1	:	0.000000	0.001959	0.000000	0.000000	0.000000	0.501312	0.363212	0.101520	0.000000	0.000000	0.000000	0.000000	0.000000	0.031997
102	tsk_102	(x)	1	:	0.000000	0.002011	0.000000	0.000000	0.000000	0.501274	0.363214	0.039458	0.000000	0.000000	0.000000	0.000000	0.000000	0.094043
103	tsk_103	(x)	1	:	0.000000	0.001373	0.000000	0.000000	0.000000	0.500480	0.000000	0.005520	0.000000	0.000000	0.491264	0.000000	0.000000	0.001363
104	tsk_104	(x)	1	:	0.000000	0.002163	0.000000	0.000000	0.000000	0.501165	0.363220	0.094167	0.000000	0.000000	0.000000	0.000000	0.000000	0.039285
105	tsk_105	(x)	1	:	0.000000	0.002081	0.000000	0.000000	0.000000	0.501224	0.363217	0.075969	0.000000	0.000000	0.000000	0.000000	0.000000	0.057509
106	tsk_106	(x)	1	:	0.000000	0.002137	0.000000	0.000000	0.000000	0.501178	0.000000	0.215155	0.000000	0.000000	0.000000	0.000000	0.000000	0.281530
107	tsk_107	(x)	1	:	0.000000	0.000000	0.000000	0.000000	0.000000	0.000000	0.000000	0.210035	0.000000	0.000000	0.500000	0.000000	0.000000	0.289965
108	tsk_108	(x)	1	:	0.000000	0.000000	0.000000	0.000000	0.000000	1.000000	0.000000	0.000000	0.000000	0.000000	0.000000	0.000000	0.000000	0.000000
109	tsk_109	(x)	1	:	0.000000	0.002182	0.000000	0.000000	0.000000	0.501145	0.000000	0.241359	0.000000	0.000000	0.000000	0.000000	0.000000	0.255314
110	tsk_110	(x)	1	:	0.000000	0.000000	0.000000	0.500147	0.000000	0.000000	0.000000	0.000000	0.000000	0.000000	0.499853	0.000000	0.000000	0.000000
111	tsk_111	(x)	1	:	0.000000	0.000000	0.000000	1.000000	0.000000	0.000000	0.000000	0.000000	0.000000	0.000000	0.000000	0.000000	0.000000	0.000000
112	tsk_112	(x)	1	:	0.000000	0.000000	0.000000	0.499257	0.000000	0.000000	0.000000	0.004814	0.000000	0.000000	0.495929	0.000000	0.000000	0.000000
113	tsk_113	(x)	1	:	0.000000	0.500000	0.500000	0.000000	0.000000	0.000000	0.000000	0.000000	0.000000	0.000000	0.000000	0.000000	0.000000	0.000000
114	tsk_114	(x)	1	:	0.000000	0.000000	0.000000	0.000000	0.000000	0.000000	0.000000	0.689405	0.000000	0.000000	0.000000	0.000000	0.000000	0.310595
115	tsk_115	(x)	1	:	0.000000	0.001675	0.000000	0.494374	0.000000	0.503952	0.000000	0.000000	0.000000	0.000000	0.000000	0.000000	0.000000	0.000000
116	tsk_116	(x)	1	:	0.000000	0.498392	0.000000	0.000000	0.000000	0.000000	0.000000	0.005052	0.000000	0.000000	0.491858	0.000000	0.000000	0.004697
117	tsk_117	(x)	1	:	0.000000	0.002218	0.000000	0.494107	0.000000	0.503675	0.000000	0.000000	0.000000	0.000000	0.000000	0.000000	0.000000	0.000000
118	tsk_118	(x)	1	:	0.000000	0.000000	0.000000	0.000000	0.000000	0.000000	0.000000	0.382242	0.000000	0.000000	0.500000	0.000000	0.000000	0.117757
119	tsk_119	(x)	1	:	0.000000	0.000000	0.000000	0.498875	0.000000	0.000000	0.000000	0.002235	0.000000	0.000000	0.494065	0.000000	0.000000	0.004825
120	tsk_120	(x)	1	:	0.000000	0.490220	0.000000	0.000000	0.000000	0.509780	0.000000	0.000000	0.000000	0.000000	0.000000	0.000000	0.000000	0.000000
121	tsk_121	(x)	1	:	0.000000	0.000000	0.000000	0.000000	0.000000	0.000000	0.000000	0.678690	0.000000	0.000000	0.000000	0.000000	0.000000	0.321310
122	tsk_122	(x)	1	:	0.000000	0.000000	0.000000	0.000000	0.000000	0.000000	0.000000	0.536158	0.000000	0.000000	0.000000	0.000000	0.000000	0.463842
123	tsk_123	(x)	1	:	0.000000	0.000000	0.000000	0.000000	0.000000	0.000000	0.000000	0.518422	0.000000	0.000000	0.000000	0.000000	0.000000	0.481578
124	tsk_124	(x)	1	:	0.000000	1.000000	0.000000	0.000000	0.000000	0.000000	0.000000	0.000000	0.000000	0.000000	0.000000	0.000000	0.000000	0.000000
125	tsk_125	(x)	1	:	0.000000	0.500000	0.000000	0.000000	0.000000	0.000000	0.000000	0.451054	0.000000	0.000000	0.000000	0.000000	0.000000	0.048946
126	tsk_126	(x)	1	:	0.000000	1.000000	0.000000	0.000000	0.000000	0.000000	0.000000	0.000000	0.000000	0.000000	0.000000	0.000000	0.000000	0.000000
127	tsk_127	(x)	1	:	0.000000	0.490220	0.000000	0.000000	0.000000	0.509780	0.000000	0.000000	0.000000	0.000000	0.000000	0.000000	0.000000	0.000000
128	tsk_128	(x)	1	:	0.000000	1.000000	0.000000	0.000000	0.000000	0.000000	0.000000	0.000000	0.000000	0.000000	0.000000	0.000000	0.000000	0.000000
129	tsk_129	(x)	1	:	0.000000	0.001996	0.000000	0.000000	0.000000	0.501280	0.000000	0.329727	0.000000	0.000000	0.000000	0.000000	0.000000	0.166997
130	tsk_130	(x)	1	:	0.000000	0.000000	1.000000	0.000000	0.000000	0.000000	0.000000	0.000000	0.000000	0.000000	0.000000	0.000000	0.000000	0.000000
131	tsk_131	(x)	1	:	0.000000	0.000000	0.000000	0.000000	0.000000	0.000000	0.000000	0.336568	0.000000	0.499718	0.000564	0.000000	0.000000	0.163150
132	tsk_132	(x)	1	:	0.000000	0.000000	0.499986	0.000000	0.000000	0.000000	0.000000	0.000010	0.000000	0.499957	0.000002	0.000000	0.000000	0.000045
133	tsk_133	(x)	1	:	0.000000	0.000000	0.000000	0.000000	0.000000	0.000000	0.000000	0.344197	0.000000	0.000000	0.000000	0.000000	0.000000	0.655803
134	tsk_134	(x)	1	:	0.000000	0.000000	0.000000	0.000000	0.000000	0.000000	0.000000	0.304031	0.000000	0.499583	0.000835	0.000000	0.000000	0.195552
135	tsk_135	(x)	1	:	0.000000	0.000000	0.000000	0.000000	0.000000	0.000000	0.000000	0.000000	0.000000	0.500000	0.500000	0.000000	0.000000	0.000000
136	tsk_136	(x)	1	:	0.000000	0.000000	0.000000	0.000000	0.000000	0.000000	0.000000	0.510777	0.000000	0.000000	0.000000	0.000000	0.000000	0.489222
137	tsk_137	(x)	1	:	0.000000	0.000000	0.000000	0.000000	0.000000	0.000000	0.000000	0.417932	0.000000	0.499723	0.000555	0.000000	0.000000	0.081790
138	tsk_138	(x)	1	:	0.000000	0.000000	0.000000	0.000000	0.000000	0.000000	0.000000	0.000000	0.000000	1.000000	0.000000	0.000000	0.000000	0.000000
139	tsk_139	(x)	1	:	0.499993	0.000000	0.000000	0.000000	0.000000	0.000000	0.000000	0.002906	0.000000	0.000000	0.000000	0.000000	0.000000	0.497101
140	tsk_140	(x)	1	:	0.000000	0.000000	0.000000	0.500179	0.000000	0.000000	0.000000	0.316444	0.000000	0.000000	0.000000	0.000000	0.000000	0.183376
141	tsk_141	(x)	1	:	0.000000	0.500000	0.000000	0.500000	0.000000	0.000000	0.000000	0.000000	0.000000	0.000000	0.000000	0.000000	0.000000	0.000000
142	tsk_142	(x)	1	:	0.000000	0.000000	0.000000	0.000000	0.000000	0.000000	0.000000	0.741694	0.000000	0.000000	0.000000	0.000000	0.000000	0.258306
143	tsk_143	(x)	1	:	0.000000	0.000000	0.000000	0.500052	0.000000	0.000000	0.363132	0.118338	0.000000	0.000000	0.000000	0.000000	0.000000	0.018477
144	tsk_144	(x)	1	:	0.000000	0.000000	0.000000	0.000000	0.000000	0.000000	0.000000	0.316240	0.000000	0.000000	0.000000	0.000000	0.500000	0.183760
145	tsk_145	(x)	1	:	0.000000	0.000000	0.000000	0.500027	0.000000	0.000000	0.363152	0.070210	0.000000	0.000000	0.000000	0.000000	0.000000	0.066611
146	tsk_146	(x)	1	:	0.000000	0.000000	0.000000	0.000000	0.000000	0.000000	0.000000	0.731908	0.000000	0.000000	0.000000	0.000000	0.000000	0.268092
147	tsk_147	(x)	1	:	0.000000	0.243347	0.000000	0.000000	0.000000	0.256661	0.000000	0.381149	0.000000	0.000000	0.000000	0.000000	0.000000	0.118843
148	tsk_148	(x)	1	:	0.000000	0.000000	0.000000	0.000000	0.000000	0.000000	0.000000	0.521339	0.000000	0.000000	0.000000	0.000000	0.000000	0.478661
149	tsk_149	(x)	1	:	0.000000	0.000000	0.000000	0.000000	0.000000	0.000000	0.000000	0.750572	0.000000	0.000000	0.000000	0.000000	0.000000	0.249428
