logL = -1053.263787 (converged)
AIC = 5190.527574
BIC = 9832.927198

count.K
10 13 10 8 9 13 30 23 34 

