logL = -3407.413946 (converged)
AIC = 7338.827893
BIC = 8127.614340

count.K
128 22 

