logL = -1553.242419 (converged)
AIC = 3530.484839
BIC = 4168.739521

count.K
120 30 

