0	tsk_0	(x)	1	:	0.000000	0.000000	0.000000	0.000000	0.000000	0.000000	0.000000	0.000000	0.000000	0.000000	1.000000	0.000000	0.000000
1	tsk_1	(x)	1	:	0.000000	0.000000	0.000000	0.523852	0.000000	0.000000	0.000000	0.000000	0.000000	0.000000	0.000000	0.476148	0.000000
2	tsk_2	(x)	1	:	0.000000	0.000000	0.000000	0.000000	0.000000	0.000000	0.000000	0.000000	0.000000	0.390200	0.609800	0.000000	0.000000
3	tsk_3	(x)	1	:	0.000000	0.000000	0.000000	0.521520	0.000000	0.000000	0.000000	0.000000	0.000000	0.000000	0.478480	0.000000	0.000000
4	tsk_4	(x)	1	:	0.521645	0.000000	0.000001	0.000000	0.000000	0.000000	0.000000	0.000000	0.000000	0.000003	0.477307	0.001043	0.000000
5	tsk_5	(x)	1	:	0.000000	0.000000	0.000000	0.000000	0.000000	0.000000	0.000000	0.000000	0.000000	0.000000	0.500000	0.500000	0.000000
6	tsk_6	(x)	1	:	0.491519	0.000000	0.000000	0.508480	0.000000	0.000000	0.000000	0.000000	0.000001	0.000000	0.000000	0.000000	0.000000
7	tsk_7	(x)	1	:	0.000000	0.000000	0.000000	0.000000	0.000000	0.000000	0.120843	0.260329	0.000000	0.000000	0.495042	0.005285	0.118501
8	tsk_8	(x)	1	:	0.521702	0.000000	0.000001	0.000000	0.000000	0.000000	0.000000	0.000000	0.000000	0.000001	0.477588	0.000708	0.000000
9	tsk_9	(x)	1	:	0.000000	0.000000	0.000000	0.000000	0.000000	0.000000	0.000000	0.000000	0.436430	0.000000	0.500159	0.063411	0.000000
10	tsk_10	(x)	1	:	0.449783	0.000000	0.000000	0.000000	0.000000	0.000000	0.000000	0.000000	0.550217	0.000000	0.000000	0.000000	0.000000
11	tsk_11	(x)	1	:	0.398776	0.000000	0.000000	0.000000	0.000000	0.000000	0.000000	0.000000	0.601224	0.000000	0.000000	0.000000	0.000000
12	tsk_12	(x)	1	:	0.521558	0.000000	0.000000	0.000000	0.000000	0.000000	0.000000	0.000000	0.000000	0.000000	0.478441	0.000000	0.000000
13	tsk_13	(x)	1	:	0.000000	0.000000	0.000000	0.779988	0.000000	0.000000	0.000000	0.000000	0.220012	0.000000	0.000000	0.000000	0.000000
14	tsk_14	(x)	1	:	1.000000	0.000000	0.000000	0.000000	0.000000	0.000000	0.000000	0.000000	0.000000	0.000000	0.000000	0.000000	0.000000
15	tsk_15	(x)	1	:	0.000000	0.000000	0.000000	0.000000	0.000000	0.000000	0.000000	0.000000	0.606319	0.000000	0.000000	0.393681	0.000000
16	tsk_16	(x)	1	:	1.000000	0.000000	0.000000	0.000000	0.000000	0.000000	0.000000	0.000000	0.000000	0.000000	0.000000	0.000000	0.000000
17	tsk_17	(x)	1	:	0.000000	0.000000	0.000000	0.000000	0.000000	0.000000	0.000000	0.000000	1.000000	0.000000	0.000000	0.000000	0.000000
18	tsk_18	(x)	1	:	0.506799	0.000000	0.000000	0.000000	0.000000	0.000000	0.185007	0.178392	0.000000	0.000000	0.000000	0.000000	0.129802
19	tsk_19	(x)	1	:	0.459262	0.000000	0.000000	0.000000	0.000000	0.000000	0.000000	0.000000	0.000000	0.000000	0.000000	0.540738	0.000000
20	tsk_20	(x)	1	:	0.000000	0.000000	0.000000	0.000000	0.000000	0.000000	0.174344	0.235358	0.000000	0.492159	0.000353	0.000450	0.097336
21	tsk_21	(x)	1	:	0.000000	0.000000	0.000000	0.000000	0.497383	0.000000	0.331146	0.117861	0.000000	0.000000	0.000344	0.000221	0.053044
22	tsk_22	(x)	1	:	0.000000	0.000000	0.000000	0.000000	0.000000	0.000000	0.000000	0.000000	0.000000	0.390131	0.609869	0.000000	0.000000
23	tsk_23	(x)	1	:	0.000000	0.000000	0.000000	0.000000	0.000000	0.000000	0.000000	0.000000	0.000000	0.390018	0.609982	0.000000	0.000000
24	tsk_24	(x)	1	:	0.000000	0.000000	0.000000	0.000000	0.451837	0.000000	0.000000	0.000000	0.000000	0.000000	0.548162	0.000000	0.000000
25	tsk_25	(x)	1	:	0.000000	0.000000	0.000000	0.000000	0.000000	0.468910	0.185329	0.263770	0.000000	0.000000	0.000000	0.029663	0.052329
26	tsk_26	(x)	1	:	0.000000	0.000000	0.000000	0.000000	0.000000	0.000000	0.000000	0.000000	0.000000	0.000000	1.000000	0.000000	0.000000
27	tsk_27	(x)	1	:	0.000000	0.000000	0.000000	0.523852	0.000000	0.000000	0.000000	0.000000	0.000000	0.000000	0.000000	0.476148	0.000000
28	tsk_28	(x)	1	:	0.000000	0.000000	0.000000	0.527116	0.000000	0.472878	0.000000	0.000000	0.000000	0.000000	0.000000	0.000005	0.000000
29	tsk_29	(x)	1	:	0.000000	0.000000	0.000000	0.000000	0.000000	0.000000	0.187913	0.165734	0.000000	0.000000	0.000000	0.500000	0.146354
30	tsk_30	(x)	1	:	0.459223	0.000000	0.000000	0.000000	0.000000	0.000000	0.000000	0.000000	0.000000	0.000007	0.499813	0.040957	0.000000
31	tsk_31	(x)	1	:	0.000000	0.000000	0.644585	0.000000	0.000000	0.000000	0.000000	0.000000	0.000000	0.000000	0.000000	0.355415	0.000000
32	tsk_32	(x)	1	:	0.000000	0.000000	1.000000	0.000000	0.000000	0.000000	0.000000	0.000000	0.000000	0.000000	0.000000	0.000000	0.000000
33	tsk_33	(x)	1	:	0.000000	0.000000	0.000000	0.000000	0.000000	0.457996	0.000000	0.000000	0.000000	0.187214	0.000000	0.354790	0.000000
34	tsk_34	(x)	1	:	0.000000	0.000000	0.000000	0.000000	0.000000	0.000000	0.000000	0.000000	0.436293	0.186710	0.000000	0.376997	0.000000
35	tsk_35	(x)	1	:	0.000000	0.000000	0.000000	0.000000	0.000000	0.000000	0.000000	0.000000	0.436415	0.000000	0.500033	0.063552	0.000000
36	tsk_36	(x)	1	:	0.000000	0.000000	0.000000	0.000000	0.000000	0.000000	0.000000	0.000000	0.506079	0.000000	0.000000	0.493920	0.000000
37	tsk_37	(x)	1	:	0.000000	0.000000	0.000000	0.000000	0.000000	0.000000	0.000000	0.000000	0.000000	0.186844	0.000000	0.813156	0.000000
38	tsk_38	(x)	1	:	0.556658	0.000000	0.000000	0.000000	0.000000	0.000000	0.000000	0.000000	0.443342	0.000000	0.000000	0.000000	0.000000
39	tsk_39	(x)	1	:	0.459864	0.000000	0.000000	0.000000	0.000000	0.458967	0.000000	0.000000	0.000000	0.000000	0.000000	0.081169	0.000000
40	tsk_40	(x)	1	:	0.000000	0.000000	0.000000	0.000000	0.000000	0.470892	0.174472	0.229216	0.000000	0.000000	0.000000	0.027427	0.097994
41	tsk_41	(x)	1	:	0.000000	0.000000	0.000000	0.000000	0.000000	0.000000	0.156892	0.224175	0.000000	0.000000	0.492874	0.007595	0.118464
42	tsk_42	(x)	1	:	0.000000	0.000000	0.000000	0.000000	0.000000	0.000000	0.192793	0.159893	0.000000	0.000000	0.492792	0.007682	0.146840
43	tsk_43	(x)	1	:	0.000000	0.000000	0.000000	0.000000	0.000000	0.000000	0.144016	0.190480	0.000000	0.000000	0.491966	0.008562	0.164976
44	tsk_44	(x)	1	:	0.000000	0.000000	0.000000	0.000000	0.000000	0.000000	0.169155	0.172867	0.000000	0.000000	0.000000	0.500000	0.157977
45	tsk_45	(x)	1	:	0.000000	0.000000	0.000000	0.000000	0.000000	0.470129	0.157744	0.235613	0.000000	0.000000	0.000000	0.028287	0.108227
46	tsk_46	(x)	1	:	0.000000	0.000000	0.000000	0.000000	0.000000	0.466323	0.000000	0.000000	0.000000	0.000000	0.516675	0.017001	0.000000
47	tsk_47	(x)	1	:	0.000000	0.000000	0.000000	0.000000	0.000000	0.000000	0.000000	0.000000	0.000000	0.000000	1.000000	0.000000	0.000000
48	tsk_48	(x)	1	:	0.000000	0.570640	0.000000	0.000000	0.000000	0.000000	0.000000	0.000000	0.428642	0.000000	0.000717	0.000000	0.000000
49	tsk_49	(x)	1	:	0.000000	0.000000	0.000000	0.000000	0.000000	0.000000	0.299134	0.685655	0.000000	0.000000	0.000000	0.000000	0.015211
50	tsk_50	(x)	1	:	0.000000	0.000000	0.000000	0.000000	0.000000	0.000000	0.000000	0.000000	0.000000	0.000000	0.000000	1.000000	0.000000
51	tsk_51	(x)	1	:	0.000000	0.469665	0.000000	0.000000	0.000000	0.000000	0.000000	0.000000	0.000000	0.000000	0.530335	0.000000	0.000000
52	tsk_52	(x)	1	:	0.000000	0.475889	0.000000	0.000000	0.000000	0.000000	0.000000	0.000000	0.000000	0.000000	0.016865	0.507246	0.000000
53	tsk_53	(x)	1	:	0.000000	0.000000	0.000000	0.000000	0.000000	0.000000	0.000000	0.000000	0.000000	0.000000	0.500000	0.500000	0.000000
54	tsk_54	(x)	1	:	0.000000	0.000000	0.000000	0.000000	0.000000	0.000000	0.172047	0.150939	0.000000	0.491396	0.000382	0.001296	0.183940
55	tsk_55	(x)	1	:	0.000000	0.469102	0.000000	0.000000	0.000000	0.000000	0.000000	0.000000	0.000000	0.000000	0.031313	0.499586	0.000000
56	tsk_56	(x)	1	:	0.000000	0.468918	0.000000	0.000000	0.000000	0.000000	0.000000	0.000000	0.000000	0.000000	0.031575	0.499507	0.000000
57	tsk_57	(x)	1	:	0.000000	0.470622	0.000000	0.000000	0.000000	0.000000	0.000000	0.000000	0.000000	0.000000	0.027998	0.501380	0.000000
58	tsk_58	(x)	1	:	0.000000	0.000000	0.000000	0.000000	0.599508	0.000000	0.000000	0.000000	0.000000	0.400416	0.000076	0.000000	0.000000
59	tsk_59	(x)	1	:	0.000000	0.469665	0.000000	0.000000	0.000000	0.000000	0.000000	0.000000	0.000000	0.000000	0.530335	0.000000	0.000000
60	tsk_60	(x)	1	:	0.000000	0.000000	0.000000	0.000000	0.000000	0.000000	0.000000	0.000000	0.000000	0.000000	0.000000	1.000000	0.000000
61	tsk_61	(x)	1	:	0.000000	0.000000	0.000000	0.000000	0.000000	0.000000	0.000000	0.000000	0.473579	0.000000	0.499892	0.026528	0.000000
62	tsk_62	(x)	1	:	0.000000	0.000000	0.000000	0.000000	0.000000	0.000000	0.000000	0.000000	0.473593	0.000000	0.000000	0.526407	0.000000
63	tsk_63	(x)	1	:	0.000000	0.000000	0.000000	0.000000	0.000000	0.000000	0.293416	0.083496	0.000000	0.000000	0.000000	0.500000	0.123088
64	tsk_64	(x)	1	:	0.000000	0.000000	0.000000	0.000000	0.000000	0.466763	0.000000	0.000000	0.000000	0.000000	0.517563	0.015674	0.000000
65	tsk_65	(x)	1	:	0.000000	0.000000	0.000000	0.000000	0.000000	0.613405	0.000000	0.000000	0.000000	0.000000	0.386590	0.000005	0.000000
66	tsk_66	(x)	1	:	0.000000	0.000000	0.000000	0.000000	0.000000	0.457751	0.000000	0.000000	0.000000	0.000000	0.000000	0.542249	0.000000
67	tsk_67	(x)	1	:	0.000000	0.000000	0.000000	0.000000	0.000000	0.000000	0.000000	0.000000	0.000000	0.000000	1.000000	0.000000	0.000000
68	tsk_68	(x)	1	:	0.000000	0.000000	0.000000	0.000000	0.000000	0.463734	0.000000	0.000000	0.000000	0.000000	0.511555	0.024711	0.000000
69	tsk_69	(x)	1	:	0.000000	0.000000	0.000000	0.000000	0.000000	0.000000	0.000000	0.000000	0.000000	0.000000	1.000000	0.000000	0.000000
70	tsk_70	(x)	1	:	0.000000	0.000000	0.000000	0.000000	0.000000	0.000000	0.000000	0.000000	0.606319	0.000000	0.000000	0.393681	0.000000
71	tsk_71	(x)	1	:	0.000000	0.000000	0.000000	0.000000	0.000000	0.000000	0.000000	0.000000	0.000000	0.000000	0.000000	1.000000	0.000000
72	tsk_72	(x)	1	:	0.000000	0.000000	0.000000	0.000000	0.000000	0.000000	0.217444	0.172346	0.000000	0.000000	0.000000	0.500000	0.110209
73	tsk_73	(x)	1	:	0.000000	0.000000	0.000000	0.000000	0.000000	0.000000	0.000000	0.000000	0.606319	0.000000	0.000000	0.393681	0.000000
74	tsk_74	(x)	1	:	0.000000	0.000000	0.000000	0.000000	0.000000	0.000000	0.193759	0.178781	0.000000	0.000000	0.000000	0.500000	0.127459
75	tsk_75	(x)	1	:	0.000000	0.000000	0.000000	0.000000	0.000000	0.000000	0.000000	0.000000	0.000000	0.000000	0.000000	1.000000	0.000000
76	tsk_76	(x)	1	:	0.000000	0.000000	0.000000	0.000000	0.000000	0.000000	0.173274	0.156369	0.000000	0.000000	0.000000	0.500000	0.170357
77	tsk_77	(x)	1	:	0.459199	0.000000	0.000000	0.000000	0.000000	0.000000	0.000000	0.000000	0.000000	0.000000	0.000000	0.540801	0.000000
78	tsk_78	(x)	1	:	0.000000	0.000000	0.000000	0.000000	0.000000	0.000000	0.000000	0.000000	0.000000	0.000000	0.000000	1.000000	0.000000
79	tsk_79	(x)	1	:	0.000000	0.000000	0.000000	0.000000	0.000000	0.000000	0.059896	0.320788	0.549062	0.000000	0.000000	0.000000	0.070253
80	tsk_80	(x)	1	:	0.000000	0.000000	0.464933	0.000000	0.000000	0.000000	0.000000	0.000000	0.000000	0.000000	0.535067	0.000000	0.000000
81	tsk_81	(x)	1	:	0.000000	0.473999	0.000000	0.000000	0.000000	0.000000	0.157817	0.182258	0.000000	0.000000	0.020834	0.005228	0.159864
82	tsk_82	(x)	1	:	0.000000	0.409791	0.000000	0.000000	0.000000	0.000000	0.000000	0.000000	0.590209	0.000000	0.000000	0.000000	0.000000
83	tsk_83	(x)	1	:	0.000000	0.000000	0.465029	0.000000	0.000000	0.000000	0.000000	0.000000	0.000000	0.000000	0.534971	0.000000	0.000000
84	tsk_84	(x)	1	:	0.000000	0.000000	0.000000	0.000000	0.000000	0.000000	0.000000	0.000000	0.000000	0.390007	0.609993	0.000000	0.000000
85	tsk_85	(x)	1	:	0.000000	0.000000	0.000000	0.000000	0.000000	0.000000	0.000000	0.000000	0.000000	0.000000	1.000000	0.000000	0.000000
86	tsk_86	(x)	1	:	0.000000	0.000000	0.000000	0.000000	0.000000	0.000000	0.000000	0.000000	0.000000	0.000000	0.000000	1.000000	0.000000
87	tsk_87	(x)	1	:	0.000000	0.000000	0.465023	0.000000	0.000000	0.000000	0.000000	0.000000	0.000000	0.000000	0.534977	0.000000	0.000000
88	tsk_88	(x)	1	:	0.000000	0.472794	0.000000	0.000000	0.000000	0.000000	0.162859	0.222119	0.000000	0.000000	0.021285	0.006110	0.114834
89	tsk_89	(x)	1	:	0.000000	0.000000	0.464932	0.000000	0.000000	0.000000	0.000000	0.000000	0.000000	0.000000	0.535068	0.000000	0.000000
90	tsk_90	(x)	1	:	0.459304	0.000000	0.000000	0.000000	0.000000	0.000000	0.000000	0.000000	0.000000	0.000000	0.000000	0.540695	0.000000
91	tsk_91	(x)	1	:	0.527836	0.000000	0.000000	0.000000	0.000000	0.000000	0.000000	0.000000	0.465729	0.000000	0.000000	0.006435	0.000000
92	tsk_92	(x)	1	:	0.490302	0.000000	0.000000	0.000000	0.000000	0.000000	0.184585	0.143479	0.000000	0.000000	0.000000	0.000000	0.181634
93	tsk_93	(x)	1	:	0.000000	0.000000	0.000000	0.000000	0.000000	0.000000	0.187491	0.802001	0.000000	0.000000	0.000000	0.000000	0.010507
94	tsk_94	(x)	1	:	0.000000	0.000000	0.000000	0.000000	0.000000	0.000000	0.064456	0.292270	0.549062	0.000000	0.000000	0.000000	0.094212
95	tsk_95	(x)	1	:	0.000000	0.000000	0.000000	0.000000	0.000000	0.187179	0.000000	0.000000	0.000000	0.000000	0.500144	0.312677	0.000000
96	tsk_96	(x)	1	:	0.000000	0.000000	0.000000	0.000000	0.000000	0.187225	0.000000	0.000000	0.000000	0.000000	0.500214	0.312561	0.000000
97	tsk_97	(x)	1	:	0.000000	0.000000	0.000000	0.000000	0.000000	0.000000	0.095795	0.883767	0.000000	0.000000	0.000000	0.000000	0.020438
98	tsk_98	(x)	1	:	0.000000	0.000000	0.000000	0.481889	0.000000	0.000000	0.000000	0.000000	0.000000	0.000000	0.000000	0.518111	0.000000
99	tsk_99	(x)	1	:	0.526122	0.000000	0.000000	0.000000	0.000000	0.000000	0.000000	0.000000	0.000000	0.000000	0.000000	0.473878	0.000000
100	tsk_100	(x)	1	:	0.000000	0.000000	0.000000	0.000000	0.000000	0.000000	0.185282	0.802473	0.000000	0.000000	0.000000	0.000000	0.012245
101	tsk_101	(x)	1	:	0.000000	0.000000	0.000000	0.482254	0.000000	0.000000	0.000000	0.000000	0.000000	0.000000	0.503351	0.014394	0.000000
102	tsk_102	(x)	1	:	0.000000	0.000000	0.000000	0.000000	0.000000	0.000000	0.168703	0.199497	0.000000	0.000000	0.000000	0.500000	0.131800
103	tsk_103	(x)	1	:	0.000000	0.000000	0.000000	0.000000	0.000000	0.000000	0.149702	0.835773	0.000000	0.000000	0.000000	0.000000	0.014525
104	tsk_104	(x)	1	:	0.000000	0.000000	0.000000	0.000000	0.000000	0.000000	0.227127	0.179751	0.000000	0.000000	0.000000	0.500000	0.093122
105	tsk_105	(x)	1	:	0.000000	0.000000	0.000000	0.000000	0.000000	0.000000	0.000000	0.000000	0.000000	0.000000	1.000000	0.000000	0.000000
106	tsk_106	(x)	1	:	0.000000	0.000000	0.000000	0.000000	0.000000	0.000000	0.154245	0.227208	0.000000	0.000000	0.493181	0.007268	0.118098
107	tsk_107	(x)	1	:	0.000000	0.000000	0.000000	0.000000	0.000000	0.000000	0.000000	0.000000	0.000000	0.000000	0.500000	0.500000	0.000000
108	tsk_108	(x)	1	:	0.000000	0.000000	0.000000	0.000000	0.000000	0.000000	0.176159	0.805980	0.000000	0.000000	0.000000	0.000000	0.017861
109	tsk_109	(x)	1	:	0.000000	0.000000	0.000000	0.000000	0.000000	0.000000	0.000000	0.000000	0.436410	0.000000	0.000000	0.563589	0.000000
110	tsk_110	(x)	1	:	0.000000	0.000000	0.000000	0.000000	0.000000	0.000000	0.000000	0.000000	0.606319	0.000000	0.000000	0.393681	0.000000
111	tsk_111	(x)	1	:	0.000000	0.409791	0.000000	0.000000	0.000000	0.000000	0.000000	0.000000	0.590209	0.000000	0.000000	0.000000	0.000000
112	tsk_112	(x)	1	:	0.000000	0.000000	0.000000	0.000000	0.000000	0.000000	0.000000	0.000000	0.436418	0.000000	0.500065	0.063517	0.000000
113	tsk_113	(x)	1	:	0.000000	0.000000	0.000000	0.000000	0.000000	0.000000	0.000000	0.000000	0.436411	0.000000	0.000000	0.563589	0.000000
114	tsk_114	(x)	1	:	0.000000	0.000000	0.000000	0.000000	0.000000	0.000000	0.000000	0.000000	1.000000	0.000000	0.000000	0.000000	0.000000
115	tsk_115	(x)	1	:	0.000000	0.000000	0.000000	0.000000	0.000000	0.000000	0.071885	0.200067	0.474610	0.000000	0.000000	0.000000	0.253438
116	tsk_116	(x)	1	:	0.000000	0.000000	0.000000	0.000000	0.000000	0.000000	0.000000	0.000000	1.000000	0.000000	0.000000	0.000000	0.000000
117	tsk_117	(x)	1	:	0.000000	0.000000	0.000000	0.000000	0.000000	0.167148	0.000000	0.000000	0.423984	0.000000	0.408868	0.000000	0.000000
118	tsk_118	(x)	1	:	0.000000	0.000000	0.000000	0.000000	0.000000	0.000000	0.000000	0.000000	1.000000	0.000000	0.000000	0.000000	0.000000
119	tsk_119	(x)	1	:	0.000000	1.000000	0.000000	0.000000	0.000000	0.000000	0.000000	0.000000	0.000000	0.000000	0.000000	0.000000	0.000000
120	tsk_120	(x)	1	:	0.000000	0.000000	0.000000	0.000000	0.000000	0.465124	0.000000	0.000000	0.000000	0.000000	0.514350	0.020525	0.000000
121	tsk_121	(x)	1	:	0.000000	0.000000	0.000000	0.000000	0.000000	0.000000	0.201364	0.198764	0.000000	0.000000	0.492512	0.007980	0.099379
122	tsk_122	(x)	1	:	0.000000	0.000000	0.000000	0.000000	0.000000	0.000000	0.127694	0.227375	0.000000	0.000000	0.495361	0.004946	0.144625
123	tsk_123	(x)	1	:	0.000000	0.000000	0.000000	0.000000	0.000000	0.000000	0.000000	0.000000	0.000000	0.000005	0.500003	0.499991	0.000000
124	tsk_124	(x)	1	:	0.000000	0.000000	0.000000	0.000000	0.000000	0.000000	0.175393	0.229351	0.000000	0.000000	0.500000	0.000000	0.095256
125	tsk_125	(x)	1	:	0.000000	0.000000	0.000000	0.000000	0.000000	0.000000	0.187500	0.215194	0.000000	0.000000	0.491702	0.008843	0.096761
126	tsk_126	(x)	1	:	0.000000	0.000000	0.000000	0.000000	0.000000	0.000000	0.000000	0.000000	0.000000	0.000005	0.999994	0.000000	0.000000
127	tsk_127	(x)	1	:	0.527958	0.000000	0.000000	0.000000	0.000000	0.000000	0.000000	0.000000	0.465788	0.000000	0.000000	0.006253	0.000000
128	tsk_128	(x)	1	:	0.000000	0.000000	0.000000	0.000000	0.000000	0.000000	0.000000	0.000000	0.000000	0.000000	0.500000	0.500000	0.000000
129	tsk_129	(x)	1	:	0.000000	0.000000	0.000000	0.000000	0.000000	0.000000	0.064113	0.304514	0.549062	0.000000	0.000000	0.000000	0.082311
130	tsk_130	(x)	1	:	0.000000	0.000000	0.000000	0.000000	0.000000	0.000000	0.056358	0.171249	0.474610	0.000000	0.000000	0.000000	0.297784
131	tsk_131	(x)	1	:	0.000000	0.000000	0.000000	0.000000	0.000000	0.000000	0.139423	0.149383	0.000000	0.000000	0.000000	0.500000	0.211194
132	tsk_132	(x)	1	:	0.000000	0.000000	0.000000	0.000000	0.469594	0.000000	0.000000	0.000000	0.000000	0.000000	0.000000	0.530406	0.000000
133	tsk_133	(x)	1	:	0.000000	0.000000	0.000000	0.000000	0.000000	0.000000	0.154244	0.159771	0.000000	0.000000	0.000000	0.500000	0.185986
134	tsk_134	(x)	1	:	0.000000	0.000000	0.313753	0.000002	0.000000	0.000000	0.000000	0.000000	0.436396	0.000000	0.000000	0.249849	0.000000
135	tsk_135	(x)	1	:	0.000000	0.000000	0.000000	0.000000	0.000000	0.000000	0.000000	0.000000	0.000000	0.000000	1.000000	0.000000	0.000000
136	tsk_136	(x)	1	:	0.000000	0.000000	0.000000	0.000000	0.000000	0.000000	0.000000	0.000000	0.000000	0.000000	0.000000	1.000000	0.000000
137	tsk_137	(x)	1	:	0.000000	0.000000	0.000000	0.000000	0.000000	0.000000	0.053536	0.226488	0.474610	0.000000	0.000000	0.000000	0.245366
138	tsk_138	(x)	1	:	0.000000	0.000000	0.000000	0.000000	0.000000	0.000000	0.000000	0.000000	0.436422	0.000000	0.500099	0.063479	0.000000
139	tsk_139	(x)	1	:	0.000000	0.000000	0.000000	0.000000	0.000000	0.000000	0.000000	0.000000	0.000000	0.000000	0.500000	0.500000	0.000000
140	tsk_140	(x)	1	:	0.000000	1.000000	0.000000	0.000000	0.000000	0.000000	0.000000	0.000000	0.000000	0.000000	0.000000	0.000000	0.000000
141	tsk_141	(x)	1	:	0.000000	0.000000	0.000000	0.000000	0.000000	0.000000	0.000000	0.000000	0.436413	0.000000	0.500021	0.063565	0.000000
142	tsk_142	(x)	1	:	0.000000	0.000000	0.000000	0.000000	0.000000	0.000000	0.000000	0.000000	0.436409	0.000000	0.499990	0.063601	0.000000
143	tsk_143	(x)	1	:	0.000000	0.454731	0.000000	0.000000	0.545058	0.000000	0.000000	0.000000	0.000000	0.000000	0.000210	0.000000	0.000000
144	tsk_144	(x)	1	:	0.000000	0.000000	0.000000	0.000000	0.551042	0.000000	0.000000	0.000000	0.441642	0.000000	0.000040	0.007276	0.000000
145	tsk_145	(x)	1	:	0.000000	0.570640	0.000000	0.000000	0.000000	0.000000	0.000000	0.000000	0.428642	0.000000	0.000717	0.000000	0.000000
146	tsk_146	(x)	1	:	0.000000	0.000000	0.000000	0.000000	0.000000	0.000000	0.000000	0.000000	1.000000	0.000000	0.000000	0.000000	0.000000
147	tsk_147	(x)	1	:	0.000000	0.454754	0.000000	0.000000	0.545102	0.000000	0.000000	0.000000	0.000000	0.000000	0.000144	0.000000	0.000000
148	tsk_148	(x)	1	:	0.000000	0.000000	0.000000	0.000000	0.000000	0.000000	0.164268	0.198228	0.000000	0.000000	0.495377	0.004929	0.137198
149	tsk_149	(x)	1	:	0.000000	0.000000	0.000000	0.000000	0.525849	0.000000	0.000000	0.000000	0.000000	0.000000	0.000000	0.474151	0.000000
