logL = -585.844754 (converged)
AIC = 3419.689508
BIC = 6803.643579

count.K
12 6 18 7 31 65 11 

