logL = -1059.448816 (converged)
AIC = 6888.897632
BIC = 14069.262808

count.K
10 3 0 30 14 15 11 8 10 24 5 9 11 

