logL = -896.534940 (converged)
AIC = 3701.069881
BIC = 6573.215951

count.K
7 13 26 26 73 5 

