logL = -3062.975183 (converged)
AIC = 6685.950366
BIC = 7528.928249

count.K
133 17 

