logL = -2421.074664 (converged)
AIC = 10422.149328
BIC = 18821.821798

count.K
10 16 3 8 12 23 5 10 1 3 3 27 12 17 

