0	tsk_0	(x)	1	:	0.477550	0.522448	0.000002	0.000000	0.000000	0.000000	0.000000	0.000000
1	tsk_1	(x)	1	:	0.000000	0.533401	0.000000	0.000000	0.000000	0.000085	0.000000	0.466515
2	tsk_2	(x)	1	:	0.381307	0.000000	0.000000	0.000000	0.000000	0.000000	0.618692	0.000000
3	tsk_3	(x)	1	:	0.000000	0.481029	0.000000	0.000000	0.000000	0.000000	0.000000	0.518971
4	tsk_4	(x)	1	:	0.599958	0.000000	0.017430	0.000000	0.002502	0.000000	0.380109	0.000000
5	tsk_5	(x)	1	:	0.457438	0.000000	0.000000	0.000000	0.000000	0.000000	0.542562	0.000000
6	tsk_6	(x)	1	:	0.000000	1.000000	0.000000	0.000000	0.000000	0.000000	0.000000	0.000000
7	tsk_7	(x)	1	:	0.000000	0.481029	0.000000	0.000000	0.000000	0.000000	0.000000	0.518971
8	tsk_8	(x)	1	:	0.599985	0.000000	0.017451	0.000000	0.001736	0.000000	0.380828	0.000000
9	tsk_9	(x)	1	:	0.520309	0.000000	0.000275	0.000000	0.000000	0.015231	0.000000	0.464185
10	tsk_10	(x)	1	:	0.000000	0.000000	0.000000	0.504447	0.495553	0.000000	0.000000	0.000000
11	tsk_11	(x)	1	:	0.000000	0.000000	0.000000	0.450269	0.000000	0.000000	0.549731	0.000000
12	tsk_12	(x)	1	:	0.000000	0.000000	0.000000	0.000000	0.000000	0.000000	1.000000	0.000000
13	tsk_13	(x)	1	:	0.000000	0.000000	0.394524	0.605476	0.000000	0.000000	0.000000	0.000000
14	tsk_14	(x)	1	:	0.000000	0.000000	0.000000	0.000000	0.307314	0.000000	0.692686	0.000000
15	tsk_15	(x)	1	:	0.000000	0.000000	0.000000	0.000000	0.307314	0.000000	0.692686	0.000000
16	tsk_16	(x)	1	:	0.457438	0.000000	0.000000	0.000000	0.000000	0.000000	0.542562	0.000000
17	tsk_17	(x)	1	:	0.000000	0.000000	0.000000	0.000000	1.000000	0.000000	0.000000	0.000000
18	tsk_18	(x)	1	:	0.000000	0.000000	0.260290	0.518340	0.221370	0.000000	0.000000	0.000000
19	tsk_19	(x)	1	:	0.000000	0.191586	0.000000	0.000000	0.000000	0.000000	0.808414	0.000000
20	tsk_20	(x)	1	:	1.000000	0.000000	0.000000	0.000000	0.000000	0.000000	0.000000	0.000000
21	tsk_21	(x)	1	:	0.424035	0.000000	0.000000	0.000000	0.575965	0.000000	0.000000	0.000000
22	tsk_22	(x)	1	:	0.424035	0.000000	0.000000	0.000000	0.575965	0.000000	0.000000	0.000000
23	tsk_23	(x)	1	:	0.500696	0.000000	0.000035	0.000000	0.499269	0.000000	0.000000	0.000000
24	tsk_24	(x)	1	:	0.612172	0.000000	0.094940	0.292888	0.000000	0.000000	0.000000	0.000000
25	tsk_25	(x)	1	:	0.000000	0.458630	0.000000	0.000000	0.541370	0.000000	0.000000	0.000000
26	tsk_26	(x)	1	:	0.000000	0.000000	0.000000	0.000000	0.500684	0.499316	0.000000	0.000000
27	tsk_27	(x)	1	:	0.477550	0.522448	0.000002	0.000000	0.000000	0.000000	0.000000	0.000000
28	tsk_28	(x)	1	:	0.424035	0.000000	0.000000	0.000000	0.575965	0.000000	0.000000	0.000000
29	tsk_29	(x)	1	:	0.000000	0.000000	0.000043	0.000000	0.499763	0.500194	0.000000	0.000000
30	tsk_30	(x)	1	:	0.000000	0.000000	0.258761	0.000000	0.000000	0.000000	0.741238	0.000000
31	tsk_31	(x)	1	:	0.000000	0.000000	0.000000	0.000000	0.000000	0.000000	1.000000	0.000000
32	tsk_32	(x)	1	:	0.000000	0.000000	0.528156	0.000000	0.000000	0.011385	0.000000	0.460459
33	tsk_33	(x)	1	:	0.000000	0.000000	0.355071	0.000000	0.000000	0.000000	0.644929	0.000000
34	tsk_34	(x)	1	:	0.000000	0.000000	0.002606	0.000000	0.233051	0.000000	0.764343	0.000000
35	tsk_35	(x)	1	:	0.000000	0.000000	0.000000	0.000000	0.000000	0.000000	1.000000	0.000000
36	tsk_36	(x)	1	:	0.000000	0.000000	0.165037	0.000000	0.000669	0.000237	0.347515	0.486542
37	tsk_37	(x)	1	:	0.000000	0.000000	0.000000	0.000000	0.000000	0.000000	1.000000	0.000000
38	tsk_38	(x)	1	:	0.000000	0.000000	0.000000	0.000000	0.000037	0.000000	0.999962	0.000000
39	tsk_39	(x)	1	:	0.000000	0.000000	0.000000	0.000000	0.000000	0.000000	1.000000	0.000000
40	tsk_40	(x)	1	:	0.616248	0.000000	0.383751	0.000000	0.000000	0.000000	0.000000	0.000000
41	tsk_41	(x)	1	:	0.320268	0.000000	0.397083	0.282649	0.000000	0.000000	0.000000	0.000000
42	tsk_42	(x)	1	:	0.000000	0.000000	1.000000	0.000000	0.000000	0.000000	0.000000	0.000000
43	tsk_43	(x)	1	:	1.000000	0.000000	0.000000	0.000000	0.000000	0.000000	0.000000	0.000000
44	tsk_44	(x)	1	:	0.404335	0.000000	0.595665	0.000000	0.000000	0.000000	0.000000	0.000000
45	tsk_45	(x)	1	:	0.000000	0.000000	0.471435	0.000000	0.000000	0.000000	0.000000	0.528565
46	tsk_46	(x)	1	:	0.223829	0.000000	0.281070	0.000000	0.000000	0.000000	0.000000	0.495101
47	tsk_47	(x)	1	:	0.404335	0.000000	0.595665	0.000000	0.000000	0.000000	0.000000	0.000000
48	tsk_48	(x)	1	:	0.722034	0.000000	0.277966	0.000000	0.000000	0.000000	0.000000	0.000000
49	tsk_49	(x)	1	:	0.320268	0.000000	0.397083	0.282649	0.000000	0.000000	0.000000	0.000000
50	tsk_50	(x)	1	:	0.000000	0.000000	0.363007	0.155712	0.000000	0.000279	0.000000	0.481002
51	tsk_51	(x)	1	:	0.000000	0.000000	0.165004	0.000000	0.001120	0.000236	0.347096	0.486544
52	tsk_52	(x)	1	:	0.000000	0.000000	0.000000	0.000000	0.428933	0.000000	0.571067	0.000000
53	tsk_53	(x)	1	:	0.000000	0.000000	0.519739	0.000000	0.000000	0.000195	0.000000	0.480067
54	tsk_54	(x)	1	:	0.000000	0.000000	0.504712	0.000000	0.000000	0.495288	0.000000	0.000000
55	tsk_55	(x)	1	:	0.000000	0.000000	0.504712	0.000000	0.000000	0.495288	0.000000	0.000000
56	tsk_56	(x)	1	:	0.000000	0.000000	0.519739	0.000000	0.000000	0.000194	0.000000	0.480067
57	tsk_57	(x)	1	:	0.000000	0.000000	0.451812	0.000000	0.000000	0.548188	0.000000	0.000000
58	tsk_58	(x)	1	:	0.000000	0.000000	0.471435	0.000000	0.000000	0.000000	0.000000	0.528565
59	tsk_59	(x)	1	:	0.000000	0.000000	0.000000	0.000000	0.000000	0.491920	0.508080	0.000000
60	tsk_60	(x)	1	:	0.000000	0.000000	1.000000	0.000000	0.000000	0.000000	0.000000	0.000000
61	tsk_61	(x)	1	:	0.000000	0.000000	0.519739	0.000000	0.000000	0.000189	0.000000	0.480072
62	tsk_62	(x)	1	:	0.000000	0.000000	0.519739	0.000000	0.000000	0.000194	0.000000	0.480068
63	tsk_63	(x)	1	:	0.000000	0.000000	0.146681	0.369409	0.000011	0.000511	0.001427	0.481962
64	tsk_64	(x)	1	:	0.000000	0.000000	0.000188	0.000000	0.511971	0.000238	0.000000	0.487603
65	tsk_65	(x)	1	:	0.000000	0.000000	0.000000	0.926987	0.000009	0.000000	0.073004	0.000000
66	tsk_66	(x)	1	:	0.600012	0.000000	0.017370	0.000000	0.002076	0.000000	0.380542	0.000000
67	tsk_67	(x)	1	:	0.000000	0.000000	0.471435	0.000000	0.000000	0.000000	0.000000	0.528565
68	tsk_68	(x)	1	:	0.000000	0.000000	0.832168	0.167832	0.000000	0.000000	0.000000	0.000000
69	tsk_69	(x)	1	:	0.000000	0.000000	0.000000	0.000000	1.000000	0.000000	0.000000	0.000000
70	tsk_70	(x)	1	:	0.500693	0.000000	0.000040	0.000000	0.499268	0.000000	0.000000	0.000000
71	tsk_71	(x)	1	:	0.000000	0.000000	0.000000	0.000000	0.000035	0.000000	0.999965	0.000000
72	tsk_72	(x)	1	:	0.000000	0.000000	0.439873	0.000000	0.560127	0.000000	0.000000	0.000000
73	tsk_73	(x)	1	:	0.000000	0.000000	0.599562	0.000000	0.005053	0.000000	0.395385	0.000000
74	tsk_74	(x)	1	:	0.000000	0.000000	0.000000	0.000000	0.000000	0.491920	0.508080	0.000000
75	tsk_75	(x)	1	:	0.549278	0.000000	0.000000	0.000000	0.000000	0.000000	0.450722	0.000000
76	tsk_76	(x)	1	:	0.000000	0.000000	0.000000	0.000000	0.000000	1.000000	0.000000	0.000000
77	tsk_77	(x)	1	:	0.681000	0.000000	0.000110	0.000000	0.000000	0.000000	0.318890	0.000000
78	tsk_78	(x)	1	:	0.519607	0.000000	0.000000	0.000000	0.000000	0.480393	0.000000	0.000000
79	tsk_79	(x)	1	:	0.000000	0.000000	0.000000	0.000000	0.428933	0.000000	0.571067	0.000000
80	tsk_80	(x)	1	:	0.000000	0.270707	0.001113	0.000000	0.110135	0.000000	0.618045	0.000000
81	tsk_81	(x)	1	:	0.000000	0.000000	0.002594	0.000000	0.233057	0.000000	0.764349	0.000000
82	tsk_82	(x)	1	:	0.000000	0.000000	0.015782	0.497906	0.000000	0.000243	0.000000	0.486069
83	tsk_83	(x)	1	:	0.000000	0.237406	0.149053	0.000000	0.000000	0.013726	0.134628	0.465186
84	tsk_84	(x)	1	:	0.000000	0.000000	0.101034	0.139533	0.000000	0.000000	0.231958	0.527475
85	tsk_85	(x)	1	:	0.000000	0.000000	0.123752	0.000000	0.001304	0.523010	0.351934	0.000000
86	tsk_86	(x)	1	:	0.000000	0.000000	0.001427	0.000000	0.517679	0.016073	0.000000	0.464821
87	tsk_87	(x)	1	:	0.000000	0.000000	0.000000	0.000000	0.000000	0.000000	0.000000	1.000000
88	tsk_88	(x)	1	:	0.000000	0.000000	0.000000	0.491897	0.000000	0.000000	0.000000	0.508103
89	tsk_89	(x)	1	:	0.000000	0.000000	0.000002	0.000007	0.472123	0.000000	0.000000	0.527867
90	tsk_90	(x)	1	:	0.000000	0.000000	0.000012	0.000000	0.482720	0.000000	0.000000	0.517268
91	tsk_91	(x)	1	:	0.000000	0.000000	0.000012	0.000000	0.482720	0.000000	0.000000	0.517268
92	tsk_92	(x)	1	:	0.500334	0.000000	0.000093	0.000000	0.000000	0.000000	0.000000	0.499573
93	tsk_93	(x)	1	:	0.000000	0.000000	0.484041	0.000000	0.000000	0.000000	0.000000	0.515959
94	tsk_94	(x)	1	:	0.000000	0.000000	0.000000	0.000000	0.000000	0.063509	0.000000	0.936490
95	tsk_95	(x)	1	:	0.000000	0.000000	0.000013	0.000000	0.482719	0.000000	0.000000	0.517268
96	tsk_96	(x)	1	:	0.000000	0.391035	0.106746	0.000000	0.000025	0.000000	0.000239	0.501954
97	tsk_97	(x)	1	:	0.000000	0.000000	0.000000	0.000000	0.000000	0.014361	0.000000	0.985639
98	tsk_98	(x)	1	:	0.000000	0.000000	0.002463	0.000000	0.233130	0.000000	0.764407	0.000000
99	tsk_99	(x)	1	:	0.000000	0.391038	0.106760	0.000000	0.000015	0.000000	0.000233	0.501954
100	tsk_100	(x)	1	:	0.736911	0.000000	0.263089	0.000000	0.000000	0.000000	0.000000	0.000000
101	tsk_101	(x)	1	:	0.000000	0.000000	1.000000	0.000000	0.000000	0.000000	0.000000	0.000000
102	tsk_102	(x)	1	:	0.000000	0.000000	1.000000	0.000000	0.000000	0.000000	0.000000	0.000000
103	tsk_103	(x)	1	:	0.000000	0.000000	0.355071	0.000000	0.000000	0.000000	0.644929	0.000000
104	tsk_104	(x)	1	:	0.000000	0.000000	0.678881	0.000000	0.000000	0.000000	0.321119	0.000000
105	tsk_105	(x)	1	:	0.000000	0.000000	0.000000	0.000000	0.000000	0.491920	0.508080	0.000000
106	tsk_106	(x)	1	:	0.513182	0.000000	0.000073	0.000000	0.000000	0.000227	0.000000	0.486518
107	tsk_107	(x)	1	:	0.000000	0.000000	0.355071	0.000000	0.000000	0.000000	0.644929	0.000000
108	tsk_108	(x)	1	:	0.000000	0.000000	0.000006	0.000000	0.000000	0.000172	0.520897	0.478925
109	tsk_109	(x)	1	:	0.000000	0.000000	0.165045	0.000000	0.000561	0.000236	0.347615	0.486542
110	tsk_110	(x)	1	:	0.000000	0.523668	0.000000	0.476332	0.000000	0.000000	0.000000	0.000000
111	tsk_111	(x)	1	:	0.000000	0.000000	0.000217	0.000000	0.511947	0.000237	0.000000	0.487599
112	tsk_112	(x)	1	:	0.000000	0.000000	0.000000	0.000000	1.000000	0.000000	0.000000	0.000000
113	tsk_113	(x)	1	:	0.000000	0.000000	0.000000	0.000000	0.000000	0.000000	0.000000	1.000000
114	tsk_114	(x)	1	:	0.000000	0.000000	0.000000	0.000000	0.000000	0.000000	0.000000	1.000000
115	tsk_115	(x)	1	:	0.000000	0.000000	0.000000	0.000000	0.000000	0.000000	0.000000	1.000000
116	tsk_116	(x)	1	:	0.000000	0.517673	0.000004	0.000000	0.000000	0.000192	0.000000	0.482131
117	tsk_117	(x)	1	:	0.000000	1.000000	0.000000	0.000000	0.000000	0.000000	0.000000	0.000000
118	tsk_118	(x)	1	:	0.000000	0.481029	0.000000	0.000000	0.000000	0.000000	0.000000	0.518971
119	tsk_119	(x)	1	:	0.000000	0.000000	0.000213	0.000000	0.511951	0.000237	0.000000	0.487599
120	tsk_120	(x)	1	:	0.000000	0.000000	0.000036	0.000000	0.499769	0.500195	0.000000	0.000000
121	tsk_121	(x)	1	:	0.000000	0.000000	0.000000	0.000000	0.000000	0.491920	0.508080	0.000000
122	tsk_122	(x)	1	:	0.000000	0.000000	0.000002	0.505735	0.000000	0.494263	0.000000	0.000000
123	tsk_123	(x)	1	:	0.000000	0.000000	0.000032	0.000000	0.499773	0.500196	0.000000	0.000000
124	tsk_124	(x)	1	:	0.547633	0.000000	0.452367	0.000000	0.000000	0.000000	0.000000	0.000000
125	tsk_125	(x)	1	:	0.275828	0.000000	0.320937	0.000000	0.000000	0.000000	0.403235	0.000000
126	tsk_126	(x)	1	:	0.499870	0.000000	0.000089	0.000000	0.000000	0.500041	0.000000	0.000000
127	tsk_127	(x)	1	:	0.234391	0.000000	0.302733	0.000000	0.000000	0.462876	0.000000	0.000000
128	tsk_128	(x)	1	:	0.000000	0.000000	0.000000	0.000000	0.000000	1.000000	0.000000	0.000000
129	tsk_129	(x)	1	:	0.286371	0.000000	0.337364	0.000000	0.376265	0.000000	0.000000	0.000000
130	tsk_130	(x)	1	:	0.470204	0.000000	0.000048	0.000000	0.000000	0.000000	0.000000	0.529748
131	tsk_131	(x)	1	:	1.000000	0.000000	0.000000	0.000000	0.000000	0.000000	0.000000	0.000000
132	tsk_132	(x)	1	:	1.000000	0.000000	0.000000	0.000000	0.000000	0.000000	0.000000	0.000000
133	tsk_133	(x)	1	:	0.000000	0.000000	0.000000	0.000000	0.000000	0.000000	0.000000	1.000000
134	tsk_134	(x)	1	:	0.489988	0.000000	0.000000	0.000000	0.000000	0.000000	0.000000	0.510012
135	tsk_135	(x)	1	:	1.000000	0.000000	0.000000	0.000000	0.000000	0.000000	0.000000	0.000000
136	tsk_136	(x)	1	:	0.000000	0.000000	0.439307	0.000000	0.000000	0.288169	0.000000	0.272524
137	tsk_137	(x)	1	:	0.000000	0.390335	0.122084	0.000000	0.000006	0.000243	0.000000	0.487333
138	tsk_138	(x)	1	:	1.000000	0.000000	0.000000	0.000000	0.000000	0.000000	0.000000	0.000000
139	tsk_139	(x)	1	:	0.000000	0.000000	1.000000	0.000000	0.000000	0.000000	0.000000	0.000000
140	tsk_140	(x)	1	:	0.592053	0.400489	0.004744	0.000000	0.000004	0.000000	0.002710	0.000000
141	tsk_141	(x)	1	:	0.531691	0.000000	0.000000	0.000000	0.000000	0.000093	0.000000	0.468216
142	tsk_142	(x)	1	:	0.500701	0.000000	0.000028	0.000000	0.499271	0.000000	0.000000	0.000000
143	tsk_143	(x)	1	:	0.513191	0.000000	0.000063	0.000000	0.000000	0.000228	0.000000	0.486518
144	tsk_144	(x)	1	:	0.500696	0.000000	0.000035	0.000000	0.499269	0.000000	0.000000	0.000000
145	tsk_145	(x)	1	:	0.000000	0.380677	0.000000	0.619311	0.000000	0.000000	0.000012	0.000000
146	tsk_146	(x)	1	:	0.513215	0.000000	0.000037	0.000000	0.000000	0.000229	0.000000	0.486520
147	tsk_147	(x)	1	:	0.000000	0.390308	0.122017	0.000000	0.000009	0.000244	0.000089	0.487334
148	tsk_148	(x)	1	:	0.000000	0.000000	0.000000	0.523144	0.000000	0.476856	0.000000	0.000000
149	tsk_149	(x)	1	:	0.000000	0.000000	0.000169	0.000000	0.511987	0.000238	0.000000	0.487605
