logL = -3907.986068 (converged)
AIC = 9315.972135
BIC = 11573.948606

count.K
31 46 39 34 

