logL = -1926.761737 (converged)
AIC = 9321.523474
BIC = 17552.600368

count.K
6 6 1 5 23 28 2 31 8 10 5 17 5 3 

