logL = -1519.368580 (converged)
AIC = 7860.737161
BIC = 15119.378855

count.K
1 30 44 3 7 4 13 22 10 7 8 1 0 

