logL = -2505.568176 (converged)
AIC = 6001.136352
BIC = 7491.400822

count.K
21 44 85 

