logL = -3382.819096 (converged)
AIC = 7297.638192
BIC = 8098.467181

count.K
122 28 

