logL = -1026.023719 (converged)
AIC = 5932.047439
BIC = 11772.679909

count.K
7 4 10 13 5 36 8 22 24 0 21 

