logL = -2403.722296 (converged)
AIC = 5303.444593
BIC = 6050.082146

count.K
57 93 

