0	tsk_0	(x)	1	:	0.000000	0.107525	0.000000	0.423656	0.468819	0.000000	0.000000
1	tsk_1	(x)	1	:	0.000000	0.000000	0.481433	0.000000	0.518567	0.000000	0.000000
2	tsk_2	(x)	1	:	0.000000	0.000863	0.000000	0.433305	0.000000	0.565832	0.000000
3	tsk_3	(x)	1	:	0.000000	0.000000	0.512783	0.000000	0.487217	0.000000	0.000000
4	tsk_4	(x)	1	:	0.000014	0.667557	0.000000	0.332405	0.000000	0.000025	0.000000
5	tsk_5	(x)	1	:	0.000000	0.173292	0.000000	0.415191	0.000000	0.411517	0.000000
6	tsk_6	(x)	1	:	0.000000	0.000000	0.000000	0.000000	1.000000	0.000000	0.000000
7	tsk_7	(x)	1	:	0.000000	0.000000	0.512783	0.000000	0.487217	0.000000	0.000000
8	tsk_8	(x)	1	:	0.000014	0.667559	0.000000	0.332404	0.000000	0.000023	0.000000
9	tsk_9	(x)	1	:	0.000000	0.000016	0.038256	0.523317	0.000000	0.000000	0.438411
10	tsk_10	(x)	1	:	0.538136	0.148448	0.000000	0.000000	0.313416	0.000000	0.000000
11	tsk_11	(x)	1	:	0.000040	0.140658	0.000000	0.000000	0.313198	0.546104	0.000000
12	tsk_12	(x)	1	:	0.000000	0.000000	0.000000	0.000000	0.000000	1.000000	0.000000
13	tsk_13	(x)	1	:	0.628829	0.370536	0.000000	0.000635	0.000000	0.000000	0.000000
14	tsk_14	(x)	1	:	0.376911	0.000000	0.000000	0.000000	0.000000	0.623089	0.000000
15	tsk_15	(x)	1	:	0.376911	0.000000	0.000000	0.000000	0.000000	0.623089	0.000000
16	tsk_16	(x)	1	:	0.000000	0.173230	0.000000	0.415223	0.000000	0.411546	0.000000
17	tsk_17	(x)	1	:	1.000000	0.000000	0.000000	0.000000	0.000000	0.000000	0.000000
18	tsk_18	(x)	1	:	0.818801	0.000000	0.000000	0.181199	0.000000	0.000000	0.000000
19	tsk_19	(x)	1	:	0.000015	0.249854	0.000000	0.000000	0.193757	0.556375	0.000000
20	tsk_20	(x)	1	:	0.000000	0.000000	0.000000	1.000000	0.000000	0.000000	0.000000
21	tsk_21	(x)	1	:	0.568219	0.000201	0.000000	0.431580	0.000000	0.000000	0.000000
22	tsk_22	(x)	1	:	0.568221	0.000196	0.000000	0.431583	0.000000	0.000000	0.000000
23	tsk_23	(x)	1	:	0.401080	0.186075	0.000000	0.412845	0.000000	0.000001	0.000000
24	tsk_24	(x)	1	:	0.000000	0.719243	0.000000	0.280757	0.000000	0.000000	0.000000
25	tsk_25	(x)	1	:	0.555620	0.000000	0.000000	0.000000	0.444380	0.000000	0.000000
26	tsk_26	(x)	1	:	0.544320	0.000000	0.455680	0.000000	0.000000	0.000000	0.000000
27	tsk_27	(x)	1	:	0.000000	0.107664	0.000000	0.423561	0.468774	0.000000	0.000000
28	tsk_28	(x)	1	:	0.568220	0.000200	0.000000	0.431580	0.000000	0.000000	0.000000
29	tsk_29	(x)	1	:	0.427798	0.091690	0.480512	0.000000	0.000000	0.000000	0.000000
30	tsk_30	(x)	1	:	0.000000	0.476136	0.000000	0.000000	0.000000	0.523864	0.000000
31	tsk_31	(x)	1	:	0.000005	0.274165	0.000000	0.000000	0.000000	0.725830	0.000000
32	tsk_32	(x)	1	:	0.000000	0.519835	0.041859	0.000000	0.000000	0.000000	0.438306
33	tsk_33	(x)	1	:	0.000000	0.657430	0.000000	0.000000	0.000000	0.342570	0.000000
34	tsk_34	(x)	1	:	0.000009	0.999988	0.000000	0.000000	0.000000	0.000003	0.000000
35	tsk_35	(x)	1	:	0.000004	0.274167	0.000000	0.000000	0.000000	0.725830	0.000000
36	tsk_36	(x)	1	:	0.000017	0.522400	0.477573	0.000000	0.000000	0.000011	0.000000
37	tsk_37	(x)	1	:	0.000000	0.000000	0.000000	0.000000	0.000000	1.000000	0.000000
38	tsk_38	(x)	1	:	0.000023	0.425089	0.000000	0.000000	0.000000	0.574888	0.000000
39	tsk_39	(x)	1	:	0.000000	0.000000	0.000000	0.000000	0.000000	1.000000	0.000000
40	tsk_40	(x)	1	:	0.000000	0.445353	0.000000	0.554647	0.000000	0.000000	0.000000
41	tsk_41	(x)	1	:	0.000000	0.282729	0.000000	0.548437	0.168834	0.000000	0.000000
42	tsk_42	(x)	1	:	0.000000	1.000000	0.000000	0.000000	0.000000	0.000000	0.000000
43	tsk_43	(x)	1	:	0.000000	0.000000	0.000000	1.000000	0.000000	0.000000	0.000000
44	tsk_44	(x)	1	:	0.000000	0.300878	0.000000	0.699122	0.000000	0.000000	0.000000
45	tsk_45	(x)	1	:	0.000000	0.451720	0.548280	0.000000	0.000000	0.000000	0.000000
46	tsk_46	(x)	1	:	0.000000	0.000000	0.520525	0.479475	0.000000	0.000000	0.000000
47	tsk_47	(x)	1	:	0.000000	0.300879	0.000000	0.699121	0.000000	0.000000	0.000000
48	tsk_48	(x)	1	:	0.000000	0.000000	0.000000	1.000000	0.000000	0.000000	0.000000
49	tsk_49	(x)	1	:	0.000000	0.282785	0.000000	0.548397	0.168819	0.000000	0.000000
50	tsk_50	(x)	1	:	0.000000	0.516996	0.483004	0.000000	0.000000	0.000000	0.000000
51	tsk_51	(x)	1	:	0.000009	0.522406	0.477572	0.000000	0.000000	0.000013	0.000000
52	tsk_52	(x)	1	:	0.493856	0.001810	0.000000	0.000000	0.000000	0.504335	0.000000
53	tsk_53	(x)	1	:	0.000000	0.496071	0.503929	0.000000	0.000000	0.000000	0.000000
54	tsk_54	(x)	1	:	0.000000	0.503144	0.496856	0.000000	0.000000	0.000000	0.000000
55	tsk_55	(x)	1	:	0.000000	0.503144	0.496856	0.000000	0.000000	0.000000	0.000000
56	tsk_56	(x)	1	:	0.000000	0.496071	0.503929	0.000000	0.000000	0.000000	0.000000
57	tsk_57	(x)	1	:	0.000000	0.003084	0.585876	0.411040	0.000000	0.000000	0.000000
58	tsk_58	(x)	1	:	0.000000	0.451720	0.548280	0.000000	0.000000	0.000000	0.000000
59	tsk_59	(x)	1	:	0.000001	0.093347	0.483393	0.000000	0.000000	0.423259	0.000000
60	tsk_60	(x)	1	:	0.000000	1.000000	0.000000	0.000000	0.000000	0.000000	0.000000
61	tsk_61	(x)	1	:	0.000000	0.496071	0.503929	0.000000	0.000000	0.000000	0.000000
62	tsk_62	(x)	1	:	0.000000	0.496071	0.503929	0.000000	0.000000	0.000000	0.000000
63	tsk_63	(x)	1	:	0.000051	0.354184	0.483523	0.000000	0.162237	0.000005	0.000000
64	tsk_64	(x)	1	:	0.428638	0.084029	0.487333	0.000000	0.000000	0.000000	0.000000
65	tsk_65	(x)	1	:	0.000287	0.658039	0.000000	0.000000	0.341672	0.000002	0.000000
66	tsk_66	(x)	1	:	0.000012	0.667567	0.000000	0.332400	0.000000	0.000021	0.000000
67	tsk_67	(x)	1	:	0.000000	0.451720	0.548280	0.000000	0.000000	0.000000	0.000000
68	tsk_68	(x)	1	:	0.000000	1.000000	0.000000	0.000000	0.000000	0.000000	0.000000
69	tsk_69	(x)	1	:	1.000000	0.000000	0.000000	0.000000	0.000000	0.000000	0.000000
70	tsk_70	(x)	1	:	0.401315	0.185582	0.000000	0.413103	0.000000	0.000001	0.000000
71	tsk_71	(x)	1	:	0.000015	0.425100	0.000000	0.000000	0.000000	0.574885	0.000000
72	tsk_72	(x)	1	:	0.333456	0.666544	0.000000	0.000000	0.000000	0.000000	0.000000
73	tsk_73	(x)	1	:	0.000000	1.000000	0.000000	0.000000	0.000000	0.000000	0.000000
74	tsk_74	(x)	1	:	0.000000	0.093335	0.483395	0.000000	0.000000	0.423271	0.000000
75	tsk_75	(x)	1	:	0.000000	0.001567	0.000000	0.578514	0.000000	0.419919	0.000000
76	tsk_76	(x)	1	:	0.000000	0.000000	1.000000	0.000000	0.000000	0.000000	0.000000
77	tsk_77	(x)	1	:	0.000000	0.498637	0.000000	0.501363	0.000000	0.000000	0.000000
78	tsk_78	(x)	1	:	0.000000	0.000623	0.472877	0.526500	0.000000	0.000000	0.000000
79	tsk_79	(x)	1	:	0.493854	0.001812	0.000000	0.000000	0.000000	0.504333	0.000000
80	tsk_80	(x)	1	:	0.000019	0.782491	0.000000	0.000000	0.217490	0.000000	0.000000
81	tsk_81	(x)	1	:	0.000008	0.999987	0.000000	0.000000	0.000000	0.000005	0.000000
82	tsk_82	(x)	1	:	0.000013	0.265780	0.185498	0.000000	0.251281	0.000001	0.297427
83	tsk_83	(x)	1	:	0.000006	0.361194	0.021565	0.000000	0.178811	0.000006	0.438418
84	tsk_84	(x)	1	:	0.000008	0.477735	0.522247	0.000000	0.000005	0.000005	0.000000
85	tsk_85	(x)	1	:	0.000000	0.547270	0.452730	0.000000	0.000000	0.000000	0.000000
86	tsk_86	(x)	1	:	0.425596	0.111336	0.026377	0.000000	0.000000	0.000000	0.436691
87	tsk_87	(x)	1	:	0.000000	0.000000	1.000000	0.000000	0.000000	0.000000	0.000000
88	tsk_88	(x)	1	:	0.000003	0.174174	0.537906	0.000000	0.287917	0.000000	0.000000
89	tsk_89	(x)	1	:	0.433972	0.033522	0.532506	0.000000	0.000000	0.000000	0.000000
90	tsk_90	(x)	1	:	0.432246	0.051593	0.000000	0.000000	0.000000	0.000000	0.516161
91	tsk_91	(x)	1	:	0.432251	0.051587	0.000000	0.000000	0.000000	0.000000	0.516161
92	tsk_92	(x)	1	:	0.000000	0.000001	0.000000	0.495907	0.000000	0.000000	0.504092
93	tsk_93	(x)	1	:	0.000000	0.468962	0.000000	0.000000	0.000000	0.000000	0.531038
94	tsk_94	(x)	1	:	0.000000	0.000000	0.000000	0.000000	0.000000	0.000000	1.000000
95	tsk_95	(x)	1	:	0.432225	0.051616	0.000000	0.000000	0.000000	0.000000	0.516159
96	tsk_96	(x)	1	:	0.000001	0.190691	0.000000	0.000000	0.314974	0.000000	0.494334
97	tsk_97	(x)	1	:	0.000000	0.000000	0.000000	0.000000	0.000000	0.000000	1.000000
98	tsk_98	(x)	1	:	0.000011	0.999986	0.000000	0.000000	0.000000	0.000003	0.000000
99	tsk_99	(x)	1	:	0.000001	0.190691	0.000000	0.000000	0.314974	0.000000	0.494334
100	tsk_100	(x)	1	:	0.000000	0.300908	0.000000	0.699092	0.000000	0.000000	0.000000
101	tsk_101	(x)	1	:	0.000000	1.000000	0.000000	0.000000	0.000000	0.000000	0.000000
102	tsk_102	(x)	1	:	0.000000	0.534590	0.084554	0.380856	0.000000	0.000000	0.000000
103	tsk_103	(x)	1	:	0.000000	0.657430	0.000000	0.000000	0.000000	0.342570	0.000000
104	tsk_104	(x)	1	:	0.000000	0.217351	0.080924	0.295775	0.000000	0.405949	0.000000
105	tsk_105	(x)	1	:	0.000000	0.093335	0.483395	0.000000	0.000000	0.423271	0.000000
106	tsk_106	(x)	1	:	0.000000	0.000002	0.498878	0.501119	0.000000	0.000000	0.000000
107	tsk_107	(x)	1	:	0.000000	0.657429	0.000000	0.000000	0.000000	0.342571	0.000000
108	tsk_108	(x)	1	:	0.000000	0.085226	0.490268	0.000000	0.000000	0.424506	0.000000
109	tsk_109	(x)	1	:	0.000017	0.522398	0.477573	0.000000	0.000000	0.000012	0.000000
110	tsk_110	(x)	1	:	0.000017	0.260396	0.000000	0.000000	0.739587	0.000000	0.000000
111	tsk_111	(x)	1	:	0.428631	0.084037	0.487332	0.000000	0.000000	0.000000	0.000000
112	tsk_112	(x)	1	:	1.000000	0.000000	0.000000	0.000000	0.000000	0.000000	0.000000
113	tsk_113	(x)	1	:	0.000000	0.000000	1.000000	0.000000	0.000000	0.000000	0.000000
114	tsk_114	(x)	1	:	0.000000	0.000000	1.000000	0.000000	0.000000	0.000000	0.000000
115	tsk_115	(x)	1	:	0.000000	0.000000	1.000000	0.000000	0.000000	0.000000	0.000000
116	tsk_116	(x)	1	:	0.000000	0.040279	0.489934	0.000000	0.469787	0.000000	0.000000
117	tsk_117	(x)	1	:	0.000000	0.000000	0.000000	0.000000	1.000000	0.000000	0.000000
118	tsk_118	(x)	1	:	0.000000	0.000000	0.512783	0.000000	0.487217	0.000000	0.000000
119	tsk_119	(x)	1	:	0.428610	0.084060	0.487330	0.000000	0.000000	0.000000	0.000000
120	tsk_120	(x)	1	:	0.427781	0.091709	0.480510	0.000000	0.000000	0.000000	0.000000
121	tsk_121	(x)	1	:	0.000000	0.093335	0.483394	0.000000	0.000000	0.423271	0.000000
122	tsk_122	(x)	1	:	0.000016	0.285965	0.494373	0.000000	0.219645	0.000001	0.000000
123	tsk_123	(x)	1	:	0.427787	0.091702	0.480511	0.000000	0.000000	0.000000	0.000000
124	tsk_124	(x)	1	:	0.000000	0.000000	0.000000	1.000000	0.000000	0.000000	0.000000
125	tsk_125	(x)	1	:	0.000009	0.000197	0.000000	0.578521	0.000000	0.421273	0.000000
126	tsk_126	(x)	1	:	0.000000	0.000005	0.492369	0.507627	0.000000	0.000000	0.000000
127	tsk_127	(x)	1	:	0.000000	0.000000	0.473105	0.526895	0.000000	0.000000	0.000000
128	tsk_128	(x)	1	:	0.000000	0.000000	1.000000	0.000000	0.000000	0.000000	0.000000
129	tsk_129	(x)	1	:	0.417571	0.000153	0.000000	0.582276	0.000000	0.000000	0.000000
130	tsk_130	(x)	1	:	0.000000	0.000000	0.540587	0.459413	0.000000	0.000000	0.000000
131	tsk_131	(x)	1	:	0.000000	0.000000	0.000000	1.000000	0.000000	0.000000	0.000000
132	tsk_132	(x)	1	:	0.000000	0.000000	0.000000	1.000000	0.000000	0.000000	0.000000
133	tsk_133	(x)	1	:	0.000000	0.000000	1.000000	0.000000	0.000000	0.000000	0.000000
134	tsk_134	(x)	1	:	0.000000	0.000089	0.520522	0.479389	0.000000	0.000000	0.000000
135	tsk_135	(x)	1	:	0.000000	0.000001	0.000000	0.999999	0.000000	0.000000	0.000000
136	tsk_136	(x)	1	:	0.000000	0.000252	0.608486	0.391262	0.000000	0.000000	0.000000
137	tsk_137	(x)	1	:	0.000001	0.202445	0.487031	0.000000	0.310522	0.000001	0.000000
138	tsk_138	(x)	1	:	0.000000	0.000000	0.000000	1.000000	0.000000	0.000000	0.000000
139	tsk_139	(x)	1	:	0.000000	0.534593	0.084549	0.380858	0.000000	0.000000	0.000000
140	tsk_140	(x)	1	:	0.000001	0.296159	0.000000	0.396069	0.307770	0.000002	0.000000
141	tsk_141	(x)	1	:	0.000000	0.000000	0.331098	0.487991	0.000000	0.000000	0.180911
142	tsk_142	(x)	1	:	0.401133	0.185963	0.000000	0.412903	0.000000	0.000000	0.000000
143	tsk_143	(x)	1	:	0.000000	0.000002	0.498878	0.501120	0.000000	0.000000	0.000000
144	tsk_144	(x)	1	:	0.401356	0.185496	0.000000	0.413148	0.000000	0.000001	0.000000
145	tsk_145	(x)	1	:	0.000030	0.397540	0.000000	0.000000	0.602429	0.000000	0.000000
146	tsk_146	(x)	1	:	0.000000	0.000003	0.498878	0.501119	0.000000	0.000000	0.000000
147	tsk_147	(x)	1	:	0.000001	0.202446	0.487030	0.000000	0.310522	0.000001	0.000000
148	tsk_148	(x)	1	:	0.000000	0.168781	0.494898	0.000000	0.336321	0.000000	0.000000
149	tsk_149	(x)	1	:	0.428630	0.084038	0.487332	0.000000	0.000000	0.000000	0.000000
