logL = -875.932449 (converged)
AIC = 2907.864898
BIC = 4648.012098

count.K
66 9 30 45 

