logL = -891.054168 (converged)
AIC = 3252.108335
BIC = 5464.925277

count.K
19 40 12 46 33 

