logL = -1455.931416 (converged)
AIC = 8521.862833
BIC = 16966.694832

count.K
2 2 2 7 3 40 13 13 27 3 10 4 9 4 11 

