logL = -501.025865 (converged)
AIC = 5148.051730
BIC = 11389.098695

count.K
43 1 19 5 5 1 11 6 1 18 1 26 13 

