logL = -1594.347244 (converged)
AIC = 6040.694488
BIC = 10333.860417

count.K
16 9 3 33 27 16 43 3 

