logL = -1500.691698 (converged)
AIC = 8581.383395
BIC = 16981.055866

count.K
9 0 2 10 10 11 4 3 36 1 13 21 0 23 7 

