logL = -1321.139683 (converged)
AIC = 5044.279366
BIC = 8660.052354

count.K
22 10 24 21 23 10 40 

