logL = -1310.039313 (converged)
AIC = 4720.078626
BIC = 7881.245684

count.K
9 26 64 9 23 19 

