logL = -2294.328519 (converged)
AIC = 8798.657038
BIC = 15136.044332

count.K
35 4 9 1 19 21 1 16 12 27 5 

