logL = -2049.148132 (converged)
AIC = 4538.296264
BIC = 5200.636029

count.K
44 106 

