logL = -1446.911034 (converged)
AIC = 6751.822067
BIC = 12559.337550

count.K
13 20 32 24 0 10 3 1 8 4 35 

