logL = -1244.277474 (converged)
AIC = 6844.554947
BIC = 13401.718618

count.K
3 32 29 6 8 4 4 26 18 4 4 12 

