0	tsk_0	(x)	1	:	0.054855	0.000000	0.000000	0.368356	0.499752	0.000000	0.000000	0.077036	0.000000	0.000000	0.000000	0.000000	0.000000
1	tsk_1	(x)	1	:	0.199486	0.000000	0.000000	0.429726	0.000000	0.000000	0.000000	0.370788	0.000000	0.000000	0.000000	0.000000	0.000000
2	tsk_2	(x)	1	:	0.225843	0.000000	0.000000	0.414303	0.000000	0.000000	0.000000	0.359853	0.000000	0.000000	0.000000	0.000000	0.000000
3	tsk_3	(x)	1	:	0.133260	0.000000	0.000000	0.212266	0.000000	0.000000	0.499582	0.154892	0.000000	0.000000	0.000000	0.000000	0.000000
4	tsk_4	(x)	1	:	0.185301	0.000000	0.000000	0.423652	0.000000	0.000000	0.000000	0.391047	0.000000	0.000000	0.000000	0.000000	0.000000
5	tsk_5	(x)	1	:	0.066333	0.000000	0.000000	0.154840	0.000000	0.000000	0.000000	0.332647	0.000000	0.000000	0.446180	0.000000	0.000000
6	tsk_6	(x)	1	:	0.219027	0.000000	0.000000	0.079365	0.000000	0.000000	0.499589	0.202019	0.000000	0.000000	0.000000	0.000000	0.000000
7	tsk_7	(x)	1	:	0.000015	0.015500	0.000000	0.000023	0.000000	0.000000	0.506418	0.000027	0.000000	0.000000	0.478017	0.000000	0.000000
8	tsk_8	(x)	1	:	0.031823	0.000000	0.000000	0.592027	0.000000	0.000000	0.000000	0.376149	0.000000	0.000000	0.000000	0.000000	0.000000
9	tsk_9	(x)	1	:	0.000023	0.520112	0.000000	0.000091	0.000000	0.000000	0.000000	0.000071	0.000000	0.000000	0.000000	0.000000	0.479703
10	tsk_10	(x)	1	:	0.000010	0.000000	0.014165	0.000010	0.494252	0.000000	0.000000	0.000011	0.489531	0.000000	0.000000	0.000000	0.002020
11	tsk_11	(x)	1	:	0.000000	0.000000	0.000000	0.000000	1.000000	0.000000	0.000000	0.000000	0.000000	0.000000	0.000000	0.000000	0.000000
12	tsk_12	(x)	1	:	0.003210	0.000000	0.000000	0.033243	0.496347	0.000000	0.000000	0.015758	0.000000	0.000000	0.446135	0.000000	0.005307
13	tsk_13	(x)	1	:	0.000000	0.000000	0.000000	0.000000	1.000000	0.000000	0.000000	0.000000	0.000000	0.000000	0.000000	0.000000	0.000000
14	tsk_14	(x)	1	:	0.000000	0.000000	0.000000	0.000000	1.000000	0.000000	0.000000	0.000000	0.000000	0.000000	0.000000	0.000000	0.000000
15	tsk_15	(x)	1	:	0.000013	0.000000	0.014230	0.000046	0.495001	0.000000	0.000000	0.000028	0.489527	0.000000	0.000000	0.000000	0.001154
16	tsk_16	(x)	1	:	0.000029	0.000000	0.022886	0.000103	0.000000	0.000001	0.000000	0.000017	0.483690	0.000000	0.000000	0.000000	0.493274
17	tsk_17	(x)	1	:	0.000000	0.000000	0.000000	0.000000	1.000000	0.000000	0.000000	0.000000	0.000000	0.000000	0.000000	0.000000	0.000000
18	tsk_18	(x)	1	:	0.063772	0.000000	0.000000	0.162360	0.497362	0.000000	0.000000	0.272721	0.000000	0.000000	0.000000	0.000000	0.003785
19	tsk_19	(x)	1	:	0.000000	0.000000	0.000000	0.000000	0.500068	0.000000	0.000000	0.000000	0.000000	0.000000	0.000000	0.000000	0.499932
20	tsk_20	(x)	1	:	0.170300	0.000000	0.539954	0.109186	0.000000	0.000000	0.000000	0.040744	0.139817	0.000000	0.000000	0.000000	0.000000
21	tsk_21	(x)	1	:	0.001782	0.496873	0.000000	0.000226	0.495283	0.000000	0.000000	0.000643	0.000000	0.000000	0.000000	0.000000	0.005194
22	tsk_22	(x)	1	:	0.001382	0.001583	0.000000	0.001252	0.000000	0.000000	0.497862	0.000324	0.000000	0.000000	0.000000	0.000000	0.497598
23	tsk_23	(x)	1	:	0.145427	0.000000	0.000000	0.416003	0.000000	0.000000	0.000000	0.438570	0.000000	0.000000	0.000000	0.000000	0.000000
24	tsk_24	(x)	1	:	0.055003	0.000000	0.000000	0.346933	0.000000	0.000000	0.000000	0.098082	0.000000	0.000000	0.000000	0.000000	0.499981
25	tsk_25	(x)	1	:	0.288671	0.000000	0.000000	0.116145	0.000000	0.000000	0.499578	0.095606	0.000000	0.000000	0.000000	0.000000	0.000000
26	tsk_26	(x)	1	:	0.007238	0.000000	0.000000	0.336458	0.000000	0.000000	0.000000	0.181185	0.000000	0.000000	0.000000	0.475119	0.000000
27	tsk_27	(x)	1	:	0.157950	0.000000	0.000000	0.168046	0.000000	0.000000	0.000000	0.198869	0.000000	0.000000	0.000000	0.475134	0.000000
28	tsk_28	(x)	1	:	0.338854	0.000663	0.000000	0.103690	0.000000	0.000000	0.499048	0.057745	0.000000	0.000000	0.000000	0.000000	0.000000
29	tsk_29	(x)	1	:	0.331337	0.000000	0.000000	0.074115	0.000000	0.000000	0.499580	0.094968	0.000000	0.000000	0.000000	0.000000	0.000000
30	tsk_30	(x)	1	:	0.002820	0.496733	0.000000	0.001356	0.000000	0.000000	0.000000	0.001598	0.000000	0.000000	0.000000	0.000000	0.497492
31	tsk_31	(x)	1	:	0.000945	0.239799	0.000000	0.001476	0.000000	0.000000	0.257286	0.001786	0.000000	0.000000	0.000000	0.000000	0.498709
32	tsk_32	(x)	1	:	0.000037	0.000000	0.000000	0.007510	0.000000	0.000000	0.000000	0.000361	0.000000	0.000000	0.493836	0.000000	0.498257
33	tsk_33	(x)	1	:	0.001458	0.239819	0.000000	0.001101	0.000000	0.000000	0.257286	0.001537	0.000000	0.000000	0.000000	0.000000	0.498799
34	tsk_34	(x)	1	:	0.000000	0.000000	0.000000	0.000000	0.000000	0.000000	0.000000	0.000000	0.000000	0.000000	0.000000	0.000000	1.000000
35	tsk_35	(x)	1	:	0.001338	0.001136	0.000000	0.000959	0.000000	0.000000	0.498204	0.000904	0.000000	0.000000	0.000000	0.000000	0.497459
36	tsk_36	(x)	1	:	0.002217	0.496729	0.000000	0.002227	0.000000	0.000000	0.000000	0.001352	0.000000	0.000000	0.000000	0.000000	0.497475
37	tsk_37	(x)	1	:	0.284329	0.000000	0.000000	0.118764	0.000000	0.000000	0.499572	0.097334	0.000000	0.000000	0.000000	0.000000	0.000000
38	tsk_38	(x)	1	:	0.000000	0.242780	0.000000	0.000000	0.000000	0.000000	0.757220	0.000000	0.000000	0.000000	0.000000	0.000000	0.000000
39	tsk_39	(x)	1	:	0.000000	0.000000	0.000000	0.000000	0.000000	0.000000	1.000000	0.000000	0.000000	0.000000	0.000000	0.000000	0.000000
40	tsk_40	(x)	1	:	0.048274	0.000000	0.000000	0.156018	0.000000	0.000000	0.000000	0.295727	0.000000	0.000000	0.000000	0.000000	0.499982
41	tsk_41	(x)	1	:	0.294702	0.000176	0.000000	0.115971	0.000000	0.000000	0.499445	0.089704	0.000000	0.000000	0.000000	0.000000	0.000000
42	tsk_42	(x)	1	:	0.074329	0.000000	0.000000	0.341517	0.000000	0.000000	0.000000	0.137977	0.000000	0.000000	0.446177	0.000000	0.000000
43	tsk_43	(x)	1	:	0.056723	0.000000	0.000000	0.285035	0.000000	0.000000	0.000000	0.212062	0.000000	0.000000	0.446180	0.000000	0.000000
44	tsk_44	(x)	1	:	0.032098	0.000000	0.000000	0.320220	0.000000	0.000000	0.000000	0.147697	0.000000	0.000000	0.000000	0.000000	0.499986
45	tsk_45	(x)	1	:	0.348919	0.018980	0.000000	0.088432	0.000000	0.000000	0.000000	0.063295	0.000000	0.480373	0.000000	0.000000	0.000000
46	tsk_46	(x)	1	:	0.143569	0.000000	0.000000	0.419018	0.000000	0.000000	0.000000	0.437413	0.000000	0.000000	0.000000	0.000000	0.000000
47	tsk_47	(x)	1	:	0.087771	0.000000	0.000000	0.387869	0.000000	0.000000	0.000000	0.078180	0.000000	0.000000	0.446179	0.000000	0.000000
48	tsk_48	(x)	1	:	0.121578	0.000000	0.000000	0.139618	0.000000	0.000000	0.499579	0.239225	0.000000	0.000000	0.000000	0.000000	0.000000
49	tsk_49	(x)	1	:	0.000000	0.039278	0.000000	0.000000	0.000000	0.000000	0.000000	0.000000	0.000000	0.482999	0.477722	0.000000	0.000000
50	tsk_50	(x)	1	:	0.134046	0.000000	0.000000	0.188720	0.000000	0.000000	0.499580	0.177654	0.000000	0.000000	0.000000	0.000000	0.000000
51	tsk_51	(x)	1	:	0.000052	0.000000	0.022853	0.000061	0.000000	0.000004	0.000000	0.000059	0.483710	0.000000	0.000000	0.000000	0.493261
52	tsk_52	(x)	1	:	0.179689	0.000000	0.000000	0.400544	0.000000	0.000000	0.000000	0.419767	0.000000	0.000000	0.000000	0.000000	0.000000
53	tsk_53	(x)	1	:	0.272209	0.000000	0.000000	0.398404	0.000000	0.000000	0.000000	0.329388	0.000000	0.000000	0.000000	0.000000	0.000000
54	tsk_54	(x)	1	:	0.202349	0.000000	0.000000	0.255513	0.000000	0.000000	0.000000	0.542138	0.000000	0.000000	0.000000	0.000000	0.000000
55	tsk_55	(x)	1	:	0.000000	0.000000	0.000000	0.000000	0.000000	0.000000	0.000000	0.000000	1.000000	0.000000	0.000000	0.000000	0.000000
56	tsk_56	(x)	1	:	0.073410	0.000000	0.599548	0.085659	0.000000	0.000000	0.000000	0.141318	0.100066	0.000000	0.000000	0.000000	0.000000
57	tsk_57	(x)	1	:	0.219640	0.000000	0.000000	0.381449	0.000000	0.000000	0.000000	0.398911	0.000000	0.000000	0.000000	0.000000	0.000000
58	tsk_58	(x)	1	:	0.270323	0.000000	0.000000	0.140675	0.000000	0.000000	0.499564	0.089438	0.000000	0.000000	0.000000	0.000000	0.000000
59	tsk_59	(x)	1	:	0.121310	0.000000	0.000000	0.229908	0.498728	0.000000	0.000000	0.148427	0.000000	0.000000	0.000000	0.000000	0.001628
60	tsk_60	(x)	1	:	0.064388	0.000000	0.000000	0.208986	0.496677	0.000000	0.000000	0.225109	0.000000	0.000000	0.000000	0.000000	0.004840
61	tsk_61	(x)	1	:	0.000000	0.000000	0.000000	0.000000	1.000000	0.000000	0.000000	0.000000	0.000000	0.000000	0.000000	0.000000	0.000000
62	tsk_62	(x)	1	:	0.121718	0.000000	0.000000	0.458038	0.000000	0.000000	0.000000	0.420244	0.000000	0.000000	0.000000	0.000000	0.000000
63	tsk_63	(x)	1	:	0.129723	0.000000	0.000000	0.422075	0.000000	0.000000	0.000000	0.448202	0.000000	0.000000	0.000000	0.000000	0.000000
64	tsk_64	(x)	1	:	0.000399	0.239900	0.000000	0.000618	0.496135	0.000000	0.257300	0.000616	0.000000	0.000000	0.000000	0.000000	0.005032
65	tsk_65	(x)	1	:	0.000000	0.242780	0.000000	0.000000	0.000000	0.000000	0.757220	0.000000	0.000000	0.000000	0.000000	0.000000	0.000000
66	tsk_66	(x)	1	:	0.000000	0.001176	0.000000	0.000000	0.000000	0.000000	0.491806	0.000000	0.000000	0.000000	0.507018	0.000000	0.000000
67	tsk_67	(x)	1	:	0.379313	0.000000	0.000000	0.523054	0.000000	0.000000	0.000000	0.097633	0.000000	0.000000	0.000000	0.000000	0.000000
68	tsk_68	(x)	1	:	0.072978	0.000000	0.000000	0.198326	0.499655	0.000000	0.000000	0.229040	0.000000	0.000000	0.000000	0.000000	0.000000
69	tsk_69	(x)	1	:	0.036952	0.000000	0.000000	0.240319	0.496868	0.000000	0.000000	0.221322	0.000000	0.000000	0.000000	0.000000	0.004539
70	tsk_70	(x)	1	:	0.000000	0.000000	0.000000	0.000000	0.000000	0.000000	1.000000	0.000000	0.000000	0.000000	0.000000	0.000000	0.000000
71	tsk_71	(x)	1	:	0.000000	0.000737	0.000000	0.000000	0.000000	0.000000	0.492187	0.000000	0.000000	0.000000	0.507076	0.000000	0.000000
72	tsk_72	(x)	1	:	0.000000	0.000000	0.000000	0.000000	0.000000	0.000000	1.000000	0.000000	0.000000	0.000000	0.000000	0.000000	0.000000
73	tsk_73	(x)	1	:	0.001347	0.001171	0.000000	0.001321	0.000000	0.000000	0.498161	0.000624	0.000000	0.000000	0.000000	0.000000	0.497377
74	tsk_74	(x)	1	:	0.000000	0.000754	0.000000	0.000000	0.000000	0.000000	0.492172	0.000000	0.000000	0.000000	0.507074	0.000000	0.000000
75	tsk_75	(x)	1	:	0.000000	0.001321	0.000000	0.000000	0.000000	0.000000	0.498451	0.000000	0.500228	0.000000	0.000000	0.000000	0.000000
76	tsk_76	(x)	1	:	0.000000	0.194552	0.000000	0.000000	0.000000	0.000000	0.805447	0.000000	0.000000	0.000000	0.000000	0.000000	0.000000
77	tsk_77	(x)	1	:	0.000000	0.000000	0.000000	0.000000	0.000000	0.000000	1.000000	0.000000	0.000000	0.000000	0.000000	0.000000	0.000000
78	tsk_78	(x)	1	:	0.277493	0.000000	0.000000	0.144748	0.000000	0.000000	0.499584	0.078175	0.000000	0.000000	0.000000	0.000000	0.000000
79	tsk_79	(x)	1	:	0.000729	0.001442	0.000000	0.000244	0.495894	0.000000	0.497923	0.000316	0.000000	0.000000	0.000000	0.000000	0.003452
80	tsk_80	(x)	1	:	0.000002	0.000000	0.015797	0.000004	0.494262	0.000000	0.000000	0.000003	0.488372	0.000000	0.000000	0.000000	0.001559
81	tsk_81	(x)	1	:	0.000002	0.000000	0.014204	0.000011	0.494311	0.000000	0.000000	0.000012	0.489508	0.000000	0.000000	0.000000	0.001951
82	tsk_82	(x)	1	:	0.249360	0.000000	0.000000	0.055815	0.000000	0.000000	0.000000	0.219690	0.000000	0.000000	0.000000	0.475135	0.000000
83	tsk_83	(x)	1	:	0.004033	0.000000	0.000000	0.013733	0.495484	0.000000	0.000000	0.004377	0.000000	0.000000	0.000000	0.475460	0.006913
84	tsk_84	(x)	1	:	0.000000	0.001170	0.000000	0.000000	0.000000	0.000000	0.498565	0.000000	0.500265	0.000000	0.000000	0.000000	0.000000
85	tsk_85	(x)	1	:	0.000000	0.000000	0.000000	0.000000	1.000000	0.000000	0.000000	0.000000	0.000000	0.000000	0.000000	0.000000	0.000000
86	tsk_86	(x)	1	:	0.000564	0.000000	0.082983	0.000265	0.000000	0.000000	0.000000	0.000518	0.444339	0.000000	0.000000	0.471330	0.000000
87	tsk_87	(x)	1	:	0.241048	0.000000	0.448791	0.088304	0.000000	0.000000	0.000000	0.021240	0.200618	0.000000	0.000000	0.000000	0.000000
88	tsk_88	(x)	1	:	0.000855	0.001316	0.000000	0.000391	0.495930	0.000000	0.498029	0.000069	0.000000	0.000000	0.000000	0.000000	0.003410
89	tsk_89	(x)	1	:	0.006492	0.000000	0.000000	0.009892	0.495036	0.000000	0.000000	0.035089	0.000000	0.000000	0.446160	0.000000	0.007330
90	tsk_90	(x)	1	:	0.000000	1.000000	0.000000	0.000000	0.000000	0.000000	0.000000	0.000000	0.000000	0.000000	0.000000	0.000000	0.000000
91	tsk_91	(x)	1	:	0.000000	0.000000	0.000000	0.000000	0.000000	0.000000	0.000000	0.000000	0.000000	0.000000	1.000000	0.000000	0.000000
92	tsk_92	(x)	1	:	0.000000	0.796353	0.000000	0.000000	0.000000	0.000000	0.203647	0.000000	0.000000	0.000000	0.000000	0.000000	0.000000
93	tsk_93	(x)	1	:	0.004941	0.019846	0.000000	0.002766	0.000000	0.000000	0.000000	0.010778	0.000000	0.480249	0.000000	0.481420	0.000000
94	tsk_94	(x)	1	:	0.261994	0.240058	0.000000	0.041838	0.000000	0.000000	0.257299	0.198811	0.000000	0.000000	0.000000	0.000000	0.000000
95	tsk_95	(x)	1	:	0.015292	0.497261	0.000000	0.007287	0.000000	0.000000	0.000000	0.005254	0.000000	0.000000	0.000000	0.474906	0.000000
96	tsk_96	(x)	1	:	0.000000	0.490111	0.000000	0.000000	0.000000	0.000000	0.000000	0.000000	0.000000	0.000000	0.509889	0.000000	0.000000
97	tsk_97	(x)	1	:	0.015022	0.001827	0.000000	0.004202	0.000000	0.000000	0.498085	0.005860	0.000000	0.000000	0.000000	0.475004	0.000000
98	tsk_98	(x)	1	:	0.000000	0.000000	0.000000	0.000000	0.000000	0.000000	0.000000	0.000000	0.000000	0.000000	0.480895	0.519105	0.000000
99	tsk_99	(x)	1	:	0.014088	0.497267	0.000000	0.003601	0.000000	0.000000	0.000000	0.010079	0.000000	0.000000	0.000000	0.474964	0.000000
100	tsk_100	(x)	1	:	0.001446	0.000000	0.000000	0.000983	0.000000	0.994924	0.000000	0.002646	0.000000	0.000000	0.000000	0.000000	0.000000
101	tsk_101	(x)	1	:	0.113049	0.000000	0.000000	0.237001	0.498666	0.000000	0.000000	0.149507	0.000000	0.000000	0.000000	0.000000	0.001777
102	tsk_102	(x)	1	:	0.092980	0.000000	0.541449	0.089614	0.000000	0.000000	0.000000	0.137140	0.138817	0.000000	0.000000	0.000000	0.000000
103	tsk_103	(x)	1	:	0.000000	0.001479	0.000000	0.000000	0.000000	0.000000	0.498332	0.000000	0.500189	0.000000	0.000000	0.000000	0.000000
104	tsk_104	(x)	1	:	0.141897	0.497282	0.000000	0.076655	0.000000	0.000000	0.000000	0.284166	0.000000	0.000000	0.000000	0.000000	0.000000
105	tsk_105	(x)	1	:	0.079193	0.000000	0.617700	0.085915	0.000000	0.000000	0.000000	0.129233	0.087958	0.000000	0.000000	0.000000	0.000000
106	tsk_106	(x)	1	:	0.139350	0.497284	0.000000	0.191507	0.000000	0.000000	0.000000	0.171859	0.000000	0.000000	0.000000	0.000000	0.000000
107	tsk_107	(x)	1	:	0.218749	0.497284	0.000000	0.093834	0.000000	0.000000	0.000000	0.190132	0.000000	0.000000	0.000000	0.000000	0.000000
108	tsk_108	(x)	1	:	0.001535	0.496819	0.000000	0.000689	0.495978	0.000000	0.000000	0.001066	0.000000	0.000000	0.000000	0.000000	0.003913
109	tsk_109	(x)	1	:	0.000903	0.000000	0.000000	0.010367	0.495722	0.000000	0.000000	0.009998	0.000000	0.000000	0.000000	0.476128	0.006882
110	tsk_110	(x)	1	:	0.000000	0.000000	0.000000	0.000000	0.000000	0.000000	0.000000	0.000000	0.000000	0.000000	1.000000	0.000000	0.000000
111	tsk_111	(x)	1	:	0.193246	0.000000	0.000000	0.654802	0.000000	0.000000	0.000000	0.151952	0.000000	0.000000	0.000000	0.000000	0.000000
112	tsk_112	(x)	1	:	0.000000	0.000000	0.000000	0.000000	0.000000	0.000000	1.000000	0.000000	0.000000	0.000000	0.000000	0.000000	0.000000
113	tsk_113	(x)	1	:	0.154673	0.000000	0.000000	0.060100	0.000000	0.000000	0.499583	0.285643	0.000000	0.000000	0.000000	0.000000	0.000000
114	tsk_114	(x)	1	:	0.196863	0.000000	0.000000	0.129836	0.000000	0.000000	0.499589	0.173712	0.000000	0.000000	0.000000	0.000000	0.000000
115	tsk_115	(x)	1	:	0.223197	0.000000	0.000000	0.117548	0.000000	0.000000	0.000000	0.659255	0.000000	0.000000	0.000000	0.000000	0.000000
116	tsk_116	(x)	1	:	0.055775	0.000000	0.000000	0.330018	0.000000	0.000000	0.000000	0.096382	0.000000	0.000000	0.517825	0.000000	0.000000
117	tsk_117	(x)	1	:	0.039147	0.000000	0.000000	0.268675	0.000000	0.000000	0.000000	0.174352	0.000000	0.000000	0.517825	0.000000	0.000000
118	tsk_118	(x)	1	:	0.259699	0.000000	0.000000	0.077186	0.000000	0.000000	0.499586	0.163528	0.000000	0.000000	0.000000	0.000000	0.000000
119	tsk_119	(x)	1	:	0.136625	0.000000	0.000000	0.616913	0.000000	0.000000	0.000000	0.246462	0.000000	0.000000	0.000000	0.000000	0.000000
120	tsk_120	(x)	1	:	0.000000	0.001959	0.000000	0.000000	0.000000	0.000000	0.497970	0.000000	0.500070	0.000000	0.000000	0.000000	0.000000
121	tsk_121	(x)	1	:	0.000000	0.001655	0.000000	0.000000	0.000000	0.000000	0.498199	0.000000	0.500145	0.000000	0.000000	0.000000	0.000000
122	tsk_122	(x)	1	:	0.000000	0.000000	0.000000	0.000000	0.000000	0.000000	0.000000	0.000000	1.000000	0.000000	0.000000	0.000000	0.000000
123	tsk_123	(x)	1	:	0.000014	0.000000	0.013873	0.000006	0.494260	0.000001	0.000000	0.000009	0.489740	0.000000	0.000000	0.000000	0.002098
124	tsk_124	(x)	1	:	0.000000	0.000000	0.000000	0.000000	0.000000	0.000000	1.000000	0.000000	0.000000	0.000000	0.000000	0.000000	0.000000
125	tsk_125	(x)	1	:	0.000000	0.000000	0.000000	0.000000	0.000000	0.000000	1.000000	0.000000	0.000000	0.000000	0.000000	0.000000	0.000000
126	tsk_126	(x)	1	:	0.158421	0.000000	0.000000	0.358445	0.000000	0.000000	0.000000	0.483134	0.000000	0.000000	0.000000	0.000000	0.000000
127	tsk_127	(x)	1	:	0.000000	0.000000	0.000000	0.000000	0.000000	0.000000	1.000000	0.000000	0.000000	0.000000	0.000000	0.000000	0.000000
128	tsk_128	(x)	1	:	0.345062	0.497284	0.000000	0.009750	0.000000	0.000000	0.000000	0.147904	0.000000	0.000000	0.000000	0.000000	0.000000
129	tsk_129	(x)	1	:	0.000000	0.001508	0.000000	0.000000	0.000000	0.000000	0.498311	0.000000	0.500182	0.000000	0.000000	0.000000	0.000000
130	tsk_130	(x)	1	:	0.013734	0.000000	0.000000	0.323327	0.000000	0.000000	0.000000	0.162955	0.000000	0.000000	0.000000	0.000000	0.499985
131	tsk_131	(x)	1	:	0.064751	0.000000	0.000000	0.327877	0.000000	0.000000	0.000000	0.107388	0.000000	0.000000	0.000000	0.000000	0.499984
132	tsk_132	(x)	1	:	0.000000	0.490008	0.000000	0.000000	0.000000	0.000000	0.509963	0.000000	0.000000	0.000029	0.000000	0.000000	0.000000
133	tsk_133	(x)	1	:	0.191109	0.000000	0.000000	0.173179	0.000000	0.000000	0.499588	0.136124	0.000000	0.000000	0.000000	0.000000	0.000000
134	tsk_134	(x)	1	:	0.001456	0.239785	0.000000	0.000884	0.000000	0.000000	0.257287	0.001941	0.000000	0.000000	0.000000	0.000000	0.498648
135	tsk_135	(x)	1	:	0.000000	0.000000	0.000000	0.000000	0.000000	0.000000	0.000000	0.000000	0.000000	0.000000	0.000000	0.000000	1.000000
136	tsk_136	(x)	1	:	0.041989	0.000000	0.000000	0.387855	0.000000	0.000000	0.000000	0.070172	0.000000	0.000000	0.000000	0.000000	0.499983
137	tsk_137	(x)	1	:	0.002046	0.239713	0.000000	0.001422	0.000000	0.000000	0.257288	0.001203	0.000000	0.000000	0.000000	0.000000	0.498328
138	tsk_138	(x)	1	:	0.000000	0.000000	0.000000	0.000000	0.000000	0.000000	0.000000	0.000000	0.000000	0.000000	0.000000	0.000000	1.000000
139	tsk_139	(x)	1	:	0.096575	0.000000	0.000000	0.147033	0.000000	0.000000	0.000000	0.256410	0.000000	0.000000	0.000000	0.000000	0.499982
140	tsk_140	(x)	1	:	0.000000	0.000719	0.000000	0.000000	0.000000	0.000000	0.492202	0.000000	0.000000	0.000000	0.507079	0.000000	0.000000
141	tsk_141	(x)	1	:	0.000171	0.018193	0.000000	0.000367	0.000000	0.000000	0.000000	0.000292	0.000000	0.480981	0.000000	0.000000	0.499997
142	tsk_142	(x)	1	:	0.000155	0.017056	0.000000	0.000145	0.000000	0.000000	0.000000	0.000264	0.000000	0.481914	0.000000	0.000000	0.500467
143	tsk_143	(x)	1	:	0.064340	0.000000	0.000000	0.183676	0.000000	0.000000	0.000000	0.251997	0.000000	0.000000	0.000000	0.000000	0.499987
144	tsk_144	(x)	1	:	0.000000	0.009902	0.000000	0.000000	0.000000	0.000000	0.000000	0.000000	0.000000	0.481449	0.508648	0.000000	0.000000
145	tsk_145	(x)	1	:	0.094623	0.000000	0.000000	0.097077	0.000000	0.000000	0.000000	0.290901	0.000000	0.517399	0.000000	0.000000	0.000000
146	tsk_146	(x)	1	:	0.084629	0.000000	0.000000	0.282039	0.000000	0.000000	0.000000	0.633332	0.000000	0.000000	0.000000	0.000000	0.000000
147	tsk_147	(x)	1	:	0.097608	0.000000	0.000000	0.327865	0.000000	0.000000	0.000000	0.056702	0.000000	0.000000	0.517825	0.000000	0.000000
148	tsk_148	(x)	1	:	0.000000	0.011464	0.000000	0.000000	0.000000	0.000000	0.000000	0.000000	0.000000	0.480185	0.508351	0.000000	0.000000
149	tsk_149	(x)	1	:	0.201495	0.000000	0.000000	0.095056	0.000000	0.000000	0.000000	0.186047	0.000000	0.517401	0.000000	0.000000	0.000000
