logL = -1711.959054 (converged)
AIC = 7435.918108
BIC = 13475.252508

count.K
15 9 16 10 1 19 16 6 9 23 26 

