logL = -741.137632 (converged)
AIC = 5454.275265
BIC = 11433.396959

count.K
12 8 70 4 5 6 2 2 14 0 24 3 

