logL = -1346.090131 (converged)
AIC = 3864.180263
BIC = 5628.412545

count.K
45 77 19 9 

