logL = -1055.143793 (converged)
AIC = 2914.287586
BIC = 4124.562974

count.K
45 96 9 

