logL = -2040.215523 (converged)
AIC = 4520.431046
BIC = 5182.770811

count.K
55 95 

