logL = -1826.745864 (converged)
AIC = 7453.491729
BIC = 13173.698787

count.K
42 16 3 18 7 16 14 17 6 11 

