logL = -1387.071676 (converged)
AIC = 7440.143352
BIC = 14463.955493

count.K
4 42 3 0 0 1 12 3 55 12 15 1 2 

