logL = -1631.641194 (converged)
AIC = 4403.282387
BIC = 6119.344505

count.K
31 87 28 4 

