logL = -915.174607 (converged)
AIC = 2970.349215
BIC = 4686.411332

count.K
78 17 10 45 

