logL = -1414.321574 (converged)
AIC = 4448.643148
BIC = 6887.257737

count.K
13 44 34 6 53 

