logL = -1645.579256 (converged)
AIC = 5951.158512
BIC = 9955.303453

count.K
8 10 7 49 2 8 18 48 

