logL = -1804.260332 (converged)
AIC = 8572.520663
BIC = 16044.917463

count.K
8 15 2 0 9 14 3 12 12 4 1 23 32 15 

