logL = -1109.880503 (converged)
AIC = 5519.761007
BIC = 10487.309242

count.K
11 33 10 9 22 33 0 17 15 

