logL = -1375.148431 (converged)
AIC = 5586.296861
BIC = 9855.377708

count.K
20 14 20 61 4 8 7 16 

