logL = -787.515819 (converged)
AIC = 6615.031638
BIC = 14201.832579

count.K
1 3 9 31 5 6 8 1 10 2 38 14 10 10 2 

