logL = -5441.773273 (converged)
AIC = 12423.546546
BIC = 14741.735722

count.K
58 23 35 34 

