logL = -897.108781 (converged)
AIC = 7194.217563
BIC = 15322.932857

count.K
3 35 6 4 4 17 3 6 25 4 4 13 4 0 22 

