logL = -2279.910620 (converged)
AIC = 6409.821240
BIC = 9194.658887

count.K
13 66 27 24 20 

