0	tsk_0	(x)	1	:	0.000000	0.000000	0.000000	0.000000	0.000000	0.463908	0.000000	0.000000	0.000000	0.000000	0.000000	0.000000	0.536092
1	tsk_1	(x)	1	:	0.000000	0.000000	0.485242	0.000000	0.000000	0.000000	0.000000	0.000000	0.010871	0.000000	0.000000	0.000000	0.503887
2	tsk_2	(x)	1	:	0.000000	0.000000	0.000000	0.000000	0.000000	0.000000	0.000000	0.000000	0.000000	0.000000	0.000000	0.000000	1.000000
3	tsk_3	(x)	1	:	0.285892	0.000000	0.000000	0.000000	0.000000	0.000000	0.000000	0.000000	0.000000	0.000000	0.000000	0.214125	0.499983
4	tsk_4	(x)	1	:	0.000000	0.000000	0.000000	0.000000	0.000000	0.000000	0.000000	0.000000	0.000000	0.000000	0.000000	0.000000	1.000000
5	tsk_5	(x)	1	:	0.000000	0.000000	0.485649	0.000000	0.000000	0.000000	0.000000	0.000000	0.010351	0.000000	0.000000	0.000000	0.504000
6	tsk_6	(x)	1	:	0.000000	0.000000	0.000000	0.000000	0.000000	0.463918	0.000000	0.000000	0.000000	0.495265	0.000000	0.000000	0.040817
7	tsk_7	(x)	1	:	0.000000	0.000000	0.000000	0.000000	0.000000	0.000000	0.000000	0.000000	0.000000	1.000000	0.000000	0.000000	0.000000
8	tsk_8	(x)	1	:	0.000000	0.000000	0.485340	0.000000	0.000000	0.000000	0.000000	0.000000	0.010746	0.000000	0.000000	0.000000	0.503914
9	tsk_9	(x)	1	:	0.267876	0.000000	0.000000	0.000000	0.000000	0.000000	0.000000	0.000000	0.000000	0.000000	0.000000	0.732123	0.000000
10	tsk_10	(x)	1	:	0.000000	0.000000	0.000000	0.000000	0.000000	0.463908	0.000000	0.000000	0.000000	0.000000	0.000000	0.000000	0.536092
11	tsk_11	(x)	1	:	0.000000	0.000000	0.485279	0.000000	0.000000	0.514721	0.000000	0.000000	0.000000	0.000000	0.000000	0.000000	0.000000
12	tsk_12	(x)	1	:	0.000000	0.000000	0.489157	0.000000	0.000000	0.000000	0.000000	0.000000	0.093425	0.417418	0.000000	0.000000	0.000000
13	tsk_13	(x)	1	:	0.000000	0.000000	0.489156	0.000000	0.000000	0.000000	0.000000	0.000000	0.093426	0.417418	0.000000	0.000000	0.000000
14	tsk_14	(x)	1	:	0.000000	0.000000	0.000000	0.000000	0.000000	0.579524	0.000000	0.000000	0.000000	0.374975	0.000000	0.000000	0.045501
15	tsk_15	(x)	1	:	0.000000	0.000000	0.489156	0.000000	0.000000	0.000000	0.000000	0.000000	0.093426	0.417418	0.000000	0.000000	0.000000
16	tsk_16	(x)	1	:	0.000000	0.000000	0.000000	0.000000	0.000000	0.463899	0.000000	0.000000	0.000000	0.374967	0.000000	0.000000	0.161134
17	tsk_17	(x)	1	:	0.000000	0.000000	0.000000	0.000000	0.000000	0.579524	0.000000	0.000000	0.000000	0.374975	0.000000	0.000000	0.045501
18	tsk_18	(x)	1	:	0.000000	0.000000	0.485279	0.000000	0.000000	0.514721	0.000000	0.000000	0.000000	0.000000	0.000000	0.000000	0.000000
19	tsk_19	(x)	1	:	0.000000	0.000000	0.000000	0.000000	0.000000	0.000000	0.000000	0.000000	0.000000	0.374944	0.000000	0.000000	0.625056
20	tsk_20	(x)	1	:	0.000000	0.000000	0.000000	0.000000	0.000000	0.000000	0.386075	0.000000	0.613925	0.000000	0.000000	0.000000	0.000000
21	tsk_21	(x)	1	:	0.000000	0.000000	0.000000	0.000000	0.000000	0.000000	1.000000	0.000000	0.000000	0.000000	0.000000	0.000000	0.000000
22	tsk_22	(x)	1	:	0.000000	0.000000	0.000000	0.000000	0.000000	0.463931	0.385910	0.000000	0.108803	0.000000	0.000000	0.000000	0.041355
23	tsk_23	(x)	1	:	0.397461	0.000000	0.000000	0.000000	0.000000	0.000000	0.000000	0.000000	0.000000	0.000000	0.000000	0.602539	0.000000
24	tsk_24	(x)	1	:	0.287354	0.000000	0.000000	0.000000	0.000000	0.000000	0.385815	0.000000	0.109238	0.000000	0.000000	0.213168	0.004424
25	tsk_25	(x)	1	:	0.000000	0.000000	0.000000	0.000000	0.000000	0.000000	0.386075	0.000000	0.613925	0.000000	0.000000	0.000000	0.000000
26	tsk_26	(x)	1	:	0.000000	0.000000	0.000000	0.000000	0.000000	0.000000	1.000000	0.000000	0.000000	0.000000	0.000000	0.000000	0.000000
27	tsk_27	(x)	1	:	0.000000	0.000000	0.000000	0.000000	0.000000	0.000000	1.000000	0.000000	0.000000	0.000000	0.000000	0.000000	0.000000
28	tsk_28	(x)	1	:	0.000000	0.000000	0.000000	0.000000	0.000000	0.000000	0.385860	0.000000	0.196463	0.417677	0.000000	0.000000	0.000000
29	tsk_29	(x)	1	:	0.180510	0.000000	0.000000	0.000000	0.000000	0.000000	0.000000	0.000000	0.495099	0.000000	0.000000	0.320167	0.004224
30	tsk_30	(x)	1	:	0.138125	0.000000	0.000000	0.000000	0.000000	0.000000	0.000000	0.000000	0.000000	0.000000	0.000000	0.861875	0.000000
31	tsk_31	(x)	1	:	0.209311	0.000000	0.000000	0.000000	0.000000	0.000000	0.000000	0.000000	0.495040	0.000000	0.000000	0.291277	0.004372
32	tsk_32	(x)	1	:	0.000000	0.000000	0.000000	0.000000	0.426886	0.000000	0.000000	0.000000	0.573114	0.000000	0.000000	0.000000	0.000000
33	tsk_33	(x)	1	:	0.000000	0.000000	0.000000	0.000000	0.000000	0.000000	0.000000	0.000000	1.000000	0.000000	0.000000	0.000000	0.000000
34	tsk_34	(x)	1	:	0.000000	0.000000	0.000000	0.000000	0.000000	0.000000	0.000000	0.517360	0.482640	0.000000	0.000000	0.000000	0.000000
35	tsk_35	(x)	1	:	0.327021	0.000000	0.000000	0.473160	0.000000	0.000000	0.000000	0.000000	0.001941	0.000000	0.000000	0.193656	0.004223
36	tsk_36	(x)	1	:	0.000000	0.000000	0.000000	0.000000	0.000000	0.000000	0.000000	0.000000	0.494651	0.000000	0.000000	0.000000	0.505349
37	tsk_37	(x)	1	:	0.129989	0.000000	0.000000	0.000000	0.000000	0.000000	0.000000	0.000000	0.000000	0.495082	0.000000	0.369823	0.005106
38	tsk_38	(x)	1	:	0.000000	0.000000	0.000000	0.000000	0.000000	0.000000	0.000000	0.000000	1.000000	0.000000	0.000000	0.000000	0.000000
39	tsk_39	(x)	1	:	0.179318	0.000000	0.000000	0.000000	0.000000	0.000000	0.000000	0.000000	0.494885	0.000000	0.000000	0.321039	0.004758
40	tsk_40	(x)	1	:	0.213291	0.000000	0.000000	0.000000	0.000000	0.000000	0.000000	0.000000	0.495028	0.000000	0.000000	0.287279	0.004401
41	tsk_41	(x)	1	:	0.103118	0.000000	0.000000	0.000000	0.000000	0.000000	0.000000	0.000000	0.494958	0.000000	0.000000	0.397347	0.004577
42	tsk_42	(x)	1	:	0.095711	0.000000	0.000000	0.000000	0.000000	0.000000	0.000000	0.000000	0.494888	0.000000	0.000000	0.404650	0.004750
43	tsk_43	(x)	1	:	0.270339	0.000000	0.000000	0.000000	0.000000	0.000000	0.000000	0.000000	0.000000	0.000000	0.000000	0.729661	0.000000
44	tsk_44	(x)	1	:	0.275382	0.000000	0.000000	0.000000	0.000000	0.000000	0.000000	0.000000	0.495008	0.000000	0.000000	0.225158	0.004452
45	tsk_45	(x)	1	:	0.000000	0.000000	0.490275	0.000000	0.000000	0.000000	0.000000	0.000000	0.509725	0.000000	0.000000	0.000000	0.000000
46	tsk_46	(x)	1	:	0.129456	0.229422	0.000000	0.000000	0.000000	0.000000	0.000000	0.000000	0.000000	0.374945	0.000000	0.198932	0.067246
47	tsk_47	(x)	1	:	0.000000	0.000000	0.000000	0.000000	0.000000	0.000000	0.000000	0.451073	0.548927	0.000000	0.000000	0.000000	0.000000
48	tsk_48	(x)	1	:	0.000000	0.000000	0.558605	0.000000	0.000000	0.000000	0.000000	0.000000	0.441395	0.000000	0.000000	0.000000	0.000000
49	tsk_49	(x)	1	:	0.140841	0.000000	0.000000	0.000000	0.000000	0.000000	0.000000	0.000000	0.000000	0.374938	0.000000	0.359158	0.125064
50	tsk_50	(x)	1	:	0.000000	0.000000	0.000000	0.000000	0.000000	0.000000	0.000000	0.000000	1.000000	0.000000	0.000000	0.000000	0.000000
51	tsk_51	(x)	1	:	0.000000	0.000000	0.000000	0.000000	0.000000	0.000000	0.000000	0.570887	0.429112	0.000000	0.000000	0.000000	0.000000
52	tsk_52	(x)	1	:	0.000000	0.000000	0.000000	0.000000	0.261887	0.000000	0.512097	0.000000	0.000000	0.226015	0.000000	0.000000	0.000000
53	tsk_53	(x)	1	:	0.000000	0.000000	0.000000	0.000000	0.000000	0.000000	0.475577	0.524422	0.000000	0.000000	0.000000	0.000000	0.000000
54	tsk_54	(x)	1	:	0.249030	0.000000	0.000000	0.000000	0.272436	0.000000	0.000000	0.000000	0.000000	0.000000	0.000000	0.250973	0.227560
55	tsk_55	(x)	1	:	0.161891	0.000000	0.000000	0.000000	0.000000	0.000000	0.527129	0.000000	0.000000	0.000000	0.000000	0.310979	0.000000
56	tsk_56	(x)	1	:	0.000000	0.000000	0.000000	0.000000	0.000000	0.460239	0.537491	0.000000	0.000000	0.000000	0.000000	0.000000	0.002269
57	tsk_57	(x)	1	:	0.000000	0.000000	0.000000	0.000000	0.000000	0.000000	0.000000	0.513371	0.000000	0.000000	0.000000	0.000000	0.486628
58	tsk_58	(x)	1	:	0.198330	0.000000	0.000000	0.000000	0.000000	0.000000	0.000000	0.000000	0.494885	0.000000	0.000000	0.302026	0.004758
59	tsk_59	(x)	1	:	0.122988	0.000000	0.000000	0.189342	0.000000	0.000000	0.384691	0.000000	0.000000	0.000000	0.000000	0.302979	0.000000
60	tsk_60	(x)	1	:	0.000000	0.000000	0.000000	0.000000	0.000000	0.000000	0.000000	0.000000	1.000000	0.000000	0.000000	0.000000	0.000000
61	tsk_61	(x)	1	:	0.000000	0.000000	0.000000	0.000000	0.000000	0.463899	0.000000	0.000000	0.000000	0.374967	0.000000	0.000000	0.161134
62	tsk_62	(x)	1	:	0.000000	0.000000	0.000000	0.000000	0.000000	0.000000	0.596577	0.000000	0.000000	0.403423	0.000000	0.000000	0.000000
63	tsk_63	(x)	1	:	0.000000	0.000000	0.000000	0.000000	0.000000	0.000000	0.000000	0.000000	0.000000	1.000000	0.000000	0.000000	0.000000
64	tsk_64	(x)	1	:	0.000000	0.000000	0.000000	0.000000	0.000000	0.225448	0.000000	0.000000	0.000000	0.374973	0.000000	0.000000	0.399579
65	tsk_65	(x)	1	:	0.000000	0.000000	0.000000	0.000000	0.000000	0.000000	0.000000	0.000000	0.000000	1.000000	0.000000	0.000000	0.000000
66	tsk_66	(x)	1	:	0.000000	0.000000	0.000000	0.000000	0.000000	0.463899	0.000000	0.000000	0.000000	0.374967	0.000000	0.000000	0.161134
67	tsk_67	(x)	1	:	0.000000	0.000000	0.000000	0.000000	0.000000	0.000000	0.385860	0.000000	0.196463	0.417677	0.000000	0.000000	0.000000
68	tsk_68	(x)	1	:	0.000000	0.000000	0.000000	0.000000	0.000000	0.000000	0.000000	0.000000	0.000000	1.000000	0.000000	0.000000	0.000000
69	tsk_69	(x)	1	:	0.173117	0.000000	0.000000	0.000000	0.000000	0.000000	0.527129	0.000000	0.000000	0.000000	0.000000	0.299753	0.000000
70	tsk_70	(x)	1	:	0.000000	0.000000	0.000000	0.000000	0.000000	0.000000	0.000000	0.000000	1.000000	0.000000	0.000000	0.000000	0.000000
71	tsk_71	(x)	1	:	0.163258	0.000000	0.000000	0.000000	0.000000	0.000000	0.000000	0.000000	0.495009	0.000000	0.000000	0.337284	0.004449
72	tsk_72	(x)	1	:	0.000000	0.000000	0.000000	0.000000	0.000000	0.000000	0.000000	0.000000	1.000000	0.000000	0.000000	0.000000	0.000000
73	tsk_73	(x)	1	:	0.172591	0.000000	0.000000	0.000000	0.000000	0.000000	0.000000	0.000000	0.000000	0.374938	0.000000	0.327407	0.125064
74	tsk_74	(x)	1	:	0.486562	0.000000	0.000000	0.000000	0.000000	0.000000	0.000000	0.000000	0.000000	0.000000	0.000000	0.513438	0.000000
75	tsk_75	(x)	1	:	0.343788	0.000000	0.000000	0.000000	0.000000	0.000000	0.000000	0.000000	0.000000	0.000000	0.000000	0.656212	0.000000
76	tsk_76	(x)	1	:	0.000000	0.000000	0.000000	0.000000	0.000000	0.000000	0.000000	0.000000	0.494651	0.000000	0.000000	0.000000	0.505349
77	tsk_77	(x)	1	:	0.235686	0.000000	0.000000	0.000000	0.000000	0.000000	0.000000	0.000000	0.000000	0.000000	0.000000	0.264331	0.499983
78	tsk_78	(x)	1	:	0.000000	0.000000	0.000000	0.000000	0.000000	0.000000	0.000000	0.000000	1.000000	0.000000	0.000000	0.000000	0.000000
79	tsk_79	(x)	1	:	0.194566	0.000000	0.000000	0.000000	0.000000	0.463884	0.000000	0.000000	0.000000	0.000000	0.000000	0.305453	0.036097
80	tsk_80	(x)	1	:	0.000000	0.000000	0.000000	0.000000	0.000000	0.000000	0.000000	0.000000	0.000000	0.000000	0.426992	0.000000	0.573007
81	tsk_81	(x)	1	:	0.000000	0.156871	0.000000	0.000000	0.000000	0.000000	0.000000	0.000000	0.000000	0.000000	0.000000	0.000000	0.843129
82	tsk_82	(x)	1	:	0.000000	0.000000	0.000000	0.000000	0.000000	0.000000	0.000000	0.000000	0.000000	1.000000	0.000000	0.000000	0.000000
83	tsk_83	(x)	1	:	0.000000	0.156940	0.000000	0.000000	0.000000	0.000000	0.000000	0.000000	0.000000	0.000000	0.427159	0.000000	0.415901
84	tsk_84	(x)	1	:	0.000000	0.000000	0.000000	0.000000	0.000000	0.435016	0.000000	0.000000	0.000000	0.564984	0.000000	0.000000	0.000000
85	tsk_85	(x)	1	:	0.000000	0.156871	0.000000	0.000000	0.000000	0.000000	0.000000	0.000000	0.000000	0.000000	0.000000	0.000000	0.843129
86	tsk_86	(x)	1	:	0.000000	0.000000	0.000000	0.000000	0.000000	0.000000	0.000000	0.000000	0.496122	0.000000	0.406812	0.000000	0.097066
87	tsk_87	(x)	1	:	0.087569	0.262421	0.000000	0.000000	0.000000	0.000000	0.000000	0.000000	0.000000	0.000000	0.000000	0.216130	0.433879
88	tsk_88	(x)	1	:	0.000000	0.600402	0.000000	0.000000	0.000000	0.000000	0.000000	0.000000	0.000000	0.000000	0.000000	0.000000	0.399598
89	tsk_89	(x)	1	:	0.000000	0.600402	0.000000	0.000000	0.000000	0.000000	0.000000	0.000000	0.000000	0.000000	0.000000	0.000000	0.399597
90	tsk_90	(x)	1	:	0.000000	0.000000	0.000000	0.000000	0.000000	0.467609	0.000000	0.000000	0.532391	0.000000	0.000000	0.000000	0.000000
91	tsk_91	(x)	1	:	0.000000	0.000000	0.000000	0.000000	0.000000	0.000000	0.000000	0.000000	0.000000	1.000000	0.000000	0.000000	0.000000
92	tsk_92	(x)	1	:	0.000000	0.000000	0.000000	0.000000	0.000000	0.000000	0.569889	0.430111	0.000000	0.000000	0.000000	0.000000	0.000000
93	tsk_93	(x)	1	:	0.000000	0.000000	0.000000	0.000000	0.000000	0.000000	0.000000	0.000000	0.000000	0.716090	0.000000	0.000000	0.283910
94	tsk_94	(x)	1	:	0.000000	0.000000	0.000000	0.000000	0.000000	0.000000	0.000000	0.000000	0.000000	1.000000	0.000000	0.000000	0.000000
95	tsk_95	(x)	1	:	0.000000	0.000000	0.000000	0.000000	0.000000	0.379756	0.000000	0.000000	0.000000	0.620244	0.000000	0.000000	0.000000
96	tsk_96	(x)	1	:	0.000000	0.000000	0.000000	0.000000	0.000000	0.379756	0.000000	0.000000	0.000000	0.620244	0.000000	0.000000	0.000000
97	tsk_97	(x)	1	:	0.000000	0.000000	0.000000	0.000000	0.000000	0.000000	0.000000	1.000000	0.000000	0.000000	0.000000	0.000000	0.000000
98	tsk_98	(x)	1	:	0.000000	0.000000	0.000000	0.000000	0.000000	0.467609	0.000000	0.000000	0.532391	0.000000	0.000000	0.000000	0.000000
99	tsk_99	(x)	1	:	0.000000	0.000000	0.000000	0.000000	0.000000	0.000000	0.000000	0.000000	0.568526	0.000000	0.000000	0.000000	0.431474
100	tsk_100	(x)	1	:	0.275439	0.000000	0.000000	0.000000	0.000000	0.000000	0.527129	0.000000	0.000000	0.000000	0.000000	0.197432	0.000000
101	tsk_101	(x)	1	:	0.227206	0.000000	0.000000	0.000000	0.000000	0.463868	0.000000	0.000000	0.000000	0.000000	0.000000	0.272797	0.036129
102	tsk_102	(x)	1	:	0.000000	0.156897	0.000000	0.000000	0.000000	0.463935	0.000000	0.000000	0.000000	0.000000	0.000000	0.000000	0.379168
103	tsk_103	(x)	1	:	0.000000	0.000000	0.000000	0.000000	0.000000	0.000000	0.000000	0.000000	0.000000	0.000000	0.517944	0.000000	0.482056
104	tsk_104	(x)	1	:	0.000000	0.000000	0.000000	0.000000	0.000000	0.460343	0.537537	0.000000	0.000000	0.000000	0.000000	0.000000	0.002120
105	tsk_105	(x)	1	:	0.000000	0.000000	0.000000	0.000000	0.000000	0.460246	0.537494	0.000000	0.000000	0.000000	0.000000	0.000000	0.002260
106	tsk_106	(x)	1	:	0.000000	0.000000	0.000000	0.000000	0.000000	1.000000	0.000000	0.000000	0.000000	0.000000	0.000000	0.000000	0.000000
107	tsk_107	(x)	1	:	0.159516	0.000000	0.000000	0.000000	0.000000	0.000000	0.000000	0.000000	0.000000	0.000000	0.504093	0.336391	0.000000
108	tsk_108	(x)	1	:	0.000000	0.000000	0.000000	0.000000	0.000000	0.468124	0.000000	0.000000	0.000000	0.000000	0.531876	0.000000	0.000000
109	tsk_109	(x)	1	:	0.236546	0.000000	0.000000	0.000000	0.000000	0.000000	0.000000	0.000000	0.000000	0.000000	0.504093	0.259362	0.000000
110	tsk_110	(x)	1	:	0.130567	0.000000	0.000000	0.000000	0.000000	0.000000	0.000000	0.000000	0.000000	0.000000	0.000000	0.369450	0.499983
111	tsk_111	(x)	1	:	0.147021	0.000000	0.000000	0.000000	0.000000	0.000000	0.000000	0.000000	0.494878	0.000000	0.000000	0.353325	0.004776
112	tsk_112	(x)	1	:	0.414896	0.000000	0.000000	0.000000	0.000000	0.000000	0.000000	0.000000	0.000000	0.000000	0.000000	0.585104	0.000000
113	tsk_113	(x)	1	:	0.000000	0.000000	0.000000	0.000000	0.000000	0.000000	0.000000	0.000000	1.000000	0.000000	0.000000	0.000000	0.000000
114	tsk_114	(x)	1	:	0.000000	0.000000	0.000000	0.000000	0.000000	0.000000	0.000000	1.000000	0.000000	0.000000	0.000000	0.000000	0.000000
115	tsk_115	(x)	1	:	0.135528	0.415597	0.000000	0.000000	0.000000	0.000000	0.000000	0.000000	0.000000	0.000000	0.000000	0.448875	0.000000
116	tsk_116	(x)	1	:	0.000000	0.000000	0.000000	0.000000	0.000000	0.000000	0.000000	0.000000	0.000000	0.000000	0.000000	0.000000	1.000000
117	tsk_117	(x)	1	:	0.202730	0.000000	0.000000	0.000000	0.000000	0.000000	0.000000	0.000000	0.494892	0.000000	0.000000	0.297637	0.004741
118	tsk_118	(x)	1	:	0.460109	0.000000	0.000000	0.000000	0.000000	0.000000	0.000000	0.000000	0.000000	0.000000	0.000000	0.539891	0.000000
119	tsk_119	(x)	1	:	0.232784	0.000000	0.000000	0.000000	0.000000	0.000000	0.000000	0.000000	0.000000	0.000000	0.000000	0.767216	0.000000
120	tsk_120	(x)	1	:	0.000000	0.000000	0.000000	0.000000	0.000000	0.000000	0.000000	0.000000	0.000000	1.000000	0.000000	0.000000	0.000000
121	tsk_121	(x)	1	:	0.250279	0.000000	0.000000	0.000000	0.000000	0.463872	0.000000	0.000000	0.000000	0.000000	0.000000	0.249727	0.036122
122	tsk_122	(x)	1	:	0.134789	0.000000	0.000000	0.000000	0.000000	0.000000	0.000000	0.000000	0.000000	0.374938	0.000000	0.365210	0.125064
123	tsk_123	(x)	1	:	0.074997	0.000000	0.000000	0.000000	0.000000	0.000000	0.000000	0.000000	0.000000	0.374938	0.000000	0.425001	0.125064
124	tsk_124	(x)	1	:	0.000000	0.000000	0.000000	0.000000	0.000000	0.576420	0.000000	0.000000	0.000000	0.000000	0.000000	0.000000	0.423580
125	tsk_125	(x)	1	:	0.000000	0.000000	0.000000	0.000000	0.000000	0.576420	0.000000	0.000000	0.000000	0.000000	0.000000	0.000000	0.423580
126	tsk_126	(x)	1	:	0.000000	0.000000	0.000000	0.000000	0.000000	0.000000	0.000000	0.000000	0.000000	1.000000	0.000000	0.000000	0.000000
127	tsk_127	(x)	1	:	0.106910	0.000000	0.000000	0.000000	0.000000	0.463884	0.000000	0.000000	0.000000	0.000000	0.000000	0.393109	0.036098
128	tsk_128	(x)	1	:	0.215573	0.000000	0.000000	0.000000	0.000000	0.186154	0.000000	0.000000	0.000000	0.000000	0.000000	0.284454	0.313819
129	tsk_129	(x)	1	:	0.147784	0.293951	0.000000	0.000000	0.000000	0.000000	0.000000	0.000000	0.000000	0.000000	0.000000	0.132328	0.425937
130	tsk_130	(x)	1	:	0.000000	0.000000	0.000000	0.000000	0.000000	0.000000	0.000000	0.000000	0.494651	0.000000	0.000000	0.000000	0.505349
131	tsk_131	(x)	1	:	0.000000	0.000000	0.000000	0.000000	0.000000	0.000000	0.386075	0.000000	0.613925	0.000000	0.000000	0.000000	0.000000
132	tsk_132	(x)	1	:	0.187217	0.000000	0.000000	0.000000	0.000000	0.000000	0.000000	0.000000	0.000000	0.000000	0.000000	0.312800	0.499983
133	tsk_133	(x)	1	:	0.264432	0.000000	0.000000	0.000000	0.000000	0.000000	0.000000	0.000000	0.000000	0.000000	0.000000	0.735568	0.000000
134	tsk_134	(x)	1	:	0.000000	0.000000	0.000000	0.000000	0.000000	0.000000	0.000000	0.000000	0.000000	0.000000	0.000000	0.000000	1.000000
135	tsk_135	(x)	1	:	0.000000	0.000000	0.000000	0.000000	0.000000	0.000000	0.000000	0.000000	0.494651	0.000000	0.000000	0.000000	0.505349
136	tsk_136	(x)	1	:	0.000000	0.000000	0.000000	0.000000	0.000000	0.000000	0.000000	0.000000	0.494651	0.000000	0.000000	0.000000	0.505349
137	tsk_137	(x)	1	:	0.000000	0.000000	0.000000	0.000000	0.000000	0.463931	0.385910	0.000000	0.108803	0.000000	0.000000	0.000000	0.041355
138	tsk_138	(x)	1	:	0.000000	0.000000	0.000000	0.000000	0.000000	0.000000	0.000000	0.000000	0.494651	0.000000	0.000000	0.000000	0.505349
139	tsk_139	(x)	1	:	0.000000	0.000000	0.000000	0.000000	0.000000	0.000000	0.539123	0.000000	0.000000	0.000000	0.000000	0.000000	0.460877
140	tsk_140	(x)	1	:	0.256368	0.000000	0.000000	0.000000	0.000000	0.000000	0.000000	0.000000	0.000000	0.000000	0.000000	0.743632	0.000000
141	tsk_141	(x)	1	:	0.220671	0.000000	0.000000	0.000000	0.000000	0.000000	0.000000	0.000000	0.494854	0.000000	0.000000	0.279639	0.004836
142	tsk_142	(x)	1	:	0.095853	0.293951	0.000000	0.000000	0.000000	0.000000	0.000000	0.000000	0.000000	0.000000	0.000000	0.184259	0.425937
143	tsk_143	(x)	1	:	0.000000	0.000000	0.000000	0.000000	0.000000	0.000000	0.000000	0.000000	1.000000	0.000000	0.000000	0.000000	0.000000
144	tsk_144	(x)	1	:	0.080482	0.293951	0.000000	0.000000	0.000000	0.000000	0.000000	0.000000	0.000000	0.000000	0.000000	0.199630	0.425937
145	tsk_145	(x)	1	:	0.263641	0.000000	0.000000	0.000000	0.000000	0.000000	0.000000	0.000000	0.000000	0.000000	0.000000	0.736359	0.000000
146	tsk_146	(x)	1	:	0.274815	0.000000	0.000000	0.000000	0.000000	0.000000	0.000000	0.000000	0.495057	0.000000	0.000000	0.225800	0.004328
147	tsk_147	(x)	1	:	0.119368	0.293951	0.000000	0.000000	0.000000	0.000000	0.000000	0.000000	0.000000	0.000000	0.000000	0.160744	0.425937
148	tsk_148	(x)	1	:	0.000000	0.000000	0.000000	0.000000	0.000000	0.000000	0.000000	0.000000	1.000000	0.000000	0.000000	0.000000	0.000000
149	tsk_149	(x)	1	:	0.155390	0.000000	0.000000	0.308925	0.000000	0.000000	0.000000	0.000000	0.178707	0.000000	0.000000	0.334395	0.022584
