logL = -3882.671353 (converged)
AIC = 10559.342706
BIC = 14765.200212

count.K
38 2 19 17 8 32 34 

