logL = -870.709878 (converged)
AIC = 5061.419755
BIC = 10059.074344

count.K
9 15 7 2 8 20 2 5 71 11 

