logL = -609.920093 (converged)
AIC = 6439.840185
BIC = 14297.598303

count.K
40 5 6 2 6 21 22 6 1 12 1 18 2 2 6 

