logL = -2051.628518 (converged)
AIC = 4555.257037
BIC = 5235.660613

count.K
115 35 

