logL = -1083.845820 (converged)
AIC = 4811.691641
BIC = 8791.751500

count.K
2 6 51 20 1 4 45 21 

