logL = -2543.587012 (converged)
AIC = 5963.174025
BIC = 7281.832283

count.K
64 15 71 

