logL = -1532.631532 (converged)
AIC = 7493.263065
BIC = 14158.809606

count.K
1 29 18 3 4 6 12 24 3 44 3 3 

