logL = -1079.817278 (converged)
AIC = 7151.634556
BIC = 14666.180250

count.K
39 10 1 27 7 12 0 8 6 1 4 10 7 18 

