logL = -326.095717 (converged)
AIC = 5084.191435
BIC = 11755.759246

count.K
11 7 1 12 6 45 2 2 6 5 15 2 16 20 

