logL = -1770.804174 (converged)
AIC = 8441.608348
BIC = 15817.664818

count.K
5 8 5 13 1 12 3 14 30 8 35 5 11 

