logL = -816.143970 (converged)
AIC = 6316.287941
BIC = 13367.195799

count.K
4 3 10 5 13 10 51 1 0 9 7 19 4 14 

