logL = -890.724799 (converged)
AIC = 3281.449598
BIC = 5539.426068

count.K
29 29 7 18 67 

