0	tsk_0	(x)	1	:	0.035101	0.000000	0.435834	0.000000	0.000000	0.529064	0.000000	0.000000	0.000000	0.000000	0.000000	0.000000
1	tsk_1	(x)	1	:	0.000000	0.000000	0.000000	0.000000	0.000000	0.000000	1.000000	0.000000	0.000000	0.000000	0.000000	0.000000
2	tsk_2	(x)	1	:	0.103251	0.000000	0.896749	0.000000	0.000000	0.000000	0.000000	0.000000	0.000000	0.000000	0.000000	0.000000
3	tsk_3	(x)	1	:	0.130228	0.000000	0.869772	0.000000	0.000000	0.000000	0.000000	0.000000	0.000000	0.000000	0.000000	0.000000
4	tsk_4	(x)	1	:	0.139313	0.000000	0.860687	0.000000	0.000000	0.000000	0.000000	0.000000	0.000000	0.000000	0.000000	0.000000
5	tsk_5	(x)	1	:	0.043432	0.000000	0.427504	0.000000	0.000000	0.529064	0.000000	0.000000	0.000000	0.000000	0.000000	0.000000
6	tsk_6	(x)	1	:	0.056094	0.000000	0.443906	0.000000	0.000000	0.000000	0.229985	0.000000	0.000000	0.000000	0.270014	0.000000
7	tsk_7	(x)	1	:	0.097599	0.000000	0.358601	0.000000	0.000000	0.000000	0.000000	0.000000	0.000000	0.000000	0.000000	0.543800
8	tsk_8	(x)	1	:	0.000000	0.000000	0.000000	0.000000	0.000000	0.000000	1.000000	0.000000	0.000000	0.000000	0.000000	0.000000
9	tsk_9	(x)	1	:	0.000000	0.000000	0.000000	0.000000	0.000000	0.536965	0.000000	0.000000	0.000000	0.463035	0.000000	0.000000
10	tsk_10	(x)	1	:	0.202275	0.000000	0.309900	0.000000	0.487825	0.000000	0.000000	0.000000	0.000000	0.000000	0.000000	0.000000
11	tsk_11	(x)	1	:	0.000000	0.000000	0.000000	0.498897	0.501102	0.000000	0.000000	0.000000	0.000000	0.000000	0.000000	0.000000
12	tsk_12	(x)	1	:	0.000000	0.000000	0.000000	0.000000	1.000000	0.000000	0.000000	0.000000	0.000000	0.000000	0.000000	0.000000
13	tsk_13	(x)	1	:	0.000000	0.000000	0.000000	0.637510	0.000000	0.000000	0.000000	0.000000	0.000000	0.000000	0.000000	0.362490
14	tsk_14	(x)	1	:	0.000000	0.000000	0.000000	0.470886	0.529114	0.000000	0.000000	0.000000	0.000000	0.000000	0.000000	0.000000
15	tsk_15	(x)	1	:	0.106868	0.000000	0.400202	0.492931	0.000000	0.000000	0.000000	0.000000	0.000000	0.000000	0.000000	0.000000
16	tsk_16	(x)	1	:	0.121692	0.000000	0.878308	0.000000	0.000000	0.000000	0.000000	0.000000	0.000000	0.000000	0.000000	0.000000
17	tsk_17	(x)	1	:	0.000000	0.000000	0.000000	0.000000	0.548732	0.000000	0.000000	0.000000	0.000000	0.000000	0.000000	0.451268
18	tsk_18	(x)	1	:	0.000000	0.000000	0.000000	0.000000	0.548732	0.000000	0.000000	0.000000	0.000000	0.000000	0.000000	0.451268
19	tsk_19	(x)	1	:	0.000000	0.000000	0.000000	0.000000	1.000000	0.000000	0.000000	0.000000	0.000000	0.000000	0.000000	0.000000
20	tsk_20	(x)	1	:	0.125651	0.000000	0.155717	0.000000	0.000000	0.000000	0.000000	0.000000	0.000000	0.000000	0.174834	0.543798
21	tsk_21	(x)	1	:	0.000000	0.514053	0.000000	0.000000	0.000000	0.485947	0.000000	0.000000	0.000000	0.000000	0.000000	0.000000
22	tsk_22	(x)	1	:	0.099395	0.000000	0.900605	0.000000	0.000000	0.000000	0.000000	0.000000	0.000000	0.000000	0.000000	0.000000
23	tsk_23	(x)	1	:	0.000000	0.000000	0.000000	0.000000	0.000000	0.517614	0.000000	0.482386	0.000000	0.000000	0.000000	0.000000
24	tsk_24	(x)	1	:	0.121249	0.000000	0.703917	0.000000	0.000000	0.000000	0.000000	0.000000	0.000000	0.000000	0.174834	0.000000
25	tsk_25	(x)	1	:	0.071660	0.000000	0.615107	0.000000	0.000000	0.000000	0.000000	0.000000	0.000000	0.000000	0.313233	0.000000
26	tsk_26	(x)	1	:	0.000000	0.000000	0.000000	0.000000	0.000000	0.000000	0.000000	0.463511	0.000000	0.000000	0.000000	0.536489
27	tsk_27	(x)	1	:	0.116692	0.000000	0.331832	0.000000	0.000000	0.000000	0.000000	0.000000	0.000000	0.000000	0.551476	0.000000
28	tsk_28	(x)	1	:	0.000000	0.000000	0.000000	0.000000	0.000000	0.000000	0.000000	0.000000	0.000000	0.508871	0.000000	0.491129
29	tsk_29	(x)	1	:	0.000000	0.000000	0.000000	0.000000	0.000000	0.000000	0.000000	1.000000	0.000000	0.000000	0.000000	0.000000
30	tsk_30	(x)	1	:	0.237394	0.000000	0.292729	0.000000	0.000000	0.000000	0.000000	0.000000	0.000000	0.000000	0.000000	0.469877
31	tsk_31	(x)	1	:	0.000000	0.000000	0.000000	0.000000	0.000000	0.503398	0.000000	0.496602	0.000000	0.000000	0.000000	0.000000
32	tsk_32	(x)	1	:	0.014027	0.000000	0.016171	0.000000	0.000000	0.000000	0.499935	0.000000	0.000000	0.000000	0.000000	0.469867
33	tsk_33	(x)	1	:	0.168981	0.000000	0.361142	0.000000	0.000000	0.000000	0.000000	0.000000	0.000000	0.000000	0.000000	0.469877
34	tsk_34	(x)	1	:	0.018124	0.000000	0.012077	0.000000	0.000000	0.000000	0.499932	0.000000	0.000000	0.000000	0.000000	0.469866
35	tsk_35	(x)	1	:	0.000000	0.000000	0.000000	0.637510	0.000000	0.000000	0.000000	0.000000	0.000000	0.000000	0.000000	0.362490
36	tsk_36	(x)	1	:	0.013776	0.000000	0.016409	0.000000	0.000000	0.000000	0.499947	0.000000	0.000000	0.000000	0.000000	0.469868
37	tsk_37	(x)	1	:	0.000303	0.000000	0.000000	0.000000	0.000000	0.000000	0.473020	0.000000	0.000000	0.526677	0.000000	0.000000
38	tsk_38	(x)	1	:	0.207219	0.000000	0.299851	0.492931	0.000000	0.000000	0.000000	0.000000	0.000000	0.000000	0.000000	0.000000
39	tsk_39	(x)	1	:	0.114089	0.000000	0.342111	0.000000	0.000000	0.000000	0.000000	0.000000	0.000000	0.000000	0.000000	0.543800
40	tsk_40	(x)	1	:	0.000000	0.000000	0.000000	0.000000	0.000000	0.000000	0.463596	0.000000	0.000000	0.536403	0.000000	0.000000
41	tsk_41	(x)	1	:	0.000000	0.000000	0.000000	0.000000	0.000000	0.000000	0.461081	0.000000	0.000000	0.000000	0.000000	0.538919
42	tsk_42	(x)	1	:	0.012982	0.000000	0.017216	0.000000	0.000000	0.000000	0.499935	0.000000	0.000000	0.000000	0.000000	0.469867
43	tsk_43	(x)	1	:	0.000000	0.535067	0.000000	0.000000	0.000000	0.000000	0.000000	0.000000	0.000000	0.000000	0.000000	0.464933
44	tsk_44	(x)	1	:	0.000000	0.000000	0.003341	0.000000	0.000000	0.000000	0.493878	0.502781	0.000000	0.000000	0.000000	0.000000
45	tsk_45	(x)	1	:	0.001555	0.499404	0.003246	0.000000	0.000000	0.000000	0.495795	0.000000	0.000000	0.000000	0.000000	0.000000
46	tsk_46	(x)	1	:	0.000000	0.000000	0.000000	0.000000	0.000000	0.000000	1.000000	0.000000	0.000000	0.000000	0.000000	0.000000
47	tsk_47	(x)	1	:	0.002090	0.499381	0.002894	0.000000	0.000000	0.000000	0.495636	0.000000	0.000000	0.000000	0.000000	0.000000
48	tsk_48	(x)	1	:	0.019700	0.000000	0.010489	0.000000	0.000000	0.000000	0.499944	0.000000	0.000000	0.000000	0.000000	0.469868
49	tsk_49	(x)	1	:	0.000000	1.000000	0.000000	0.000000	0.000000	0.000000	0.000000	0.000000	0.000000	0.000000	0.000000	0.000000
50	tsk_50	(x)	1	:	0.000000	0.491572	0.000000	0.000000	0.000000	0.000000	0.000000	0.000000	0.000000	0.000000	0.000000	0.508428
51	tsk_51	(x)	1	:	0.000000	0.043151	0.000000	0.000000	0.000000	0.000000	0.000000	0.447278	0.000000	0.000000	0.000000	0.509571
52	tsk_52	(x)	1	:	0.000000	0.535067	0.000000	0.000000	0.000000	0.000000	0.000000	0.000000	0.000000	0.000000	0.000000	0.464933
53	tsk_53	(x)	1	:	0.022395	0.000000	0.007681	0.000000	0.000000	0.000000	0.230031	0.000000	0.000000	0.000000	0.270013	0.469879
54	tsk_54	(x)	1	:	0.000000	0.000000	0.000000	0.000000	0.000000	0.000000	0.000000	0.000000	0.000000	0.000000	0.000000	1.000000
55	tsk_55	(x)	1	:	0.000000	0.449915	0.000000	0.000000	0.000000	0.000000	0.000000	0.000000	0.000000	0.000000	0.000000	0.550085
56	tsk_56	(x)	1	:	0.000000	0.000000	0.000000	0.000000	0.000000	0.000000	0.000000	0.000000	0.000000	0.000000	0.000000	1.000000
57	tsk_57	(x)	1	:	0.190542	0.000000	0.302149	0.000000	0.000000	0.000000	0.000000	0.000000	0.000000	0.000000	0.000000	0.507309
58	tsk_58	(x)	1	:	0.000000	0.000000	0.000000	0.000000	0.000000	0.000000	0.000000	0.000000	0.000000	0.000000	0.000000	1.000000
59	tsk_59	(x)	1	:	0.002888	0.499457	0.001521	0.000000	0.000000	0.000000	0.226089	0.000000	0.000000	0.000000	0.270045	0.000000
60	tsk_60	(x)	1	:	0.000000	0.000000	0.000000	0.000000	0.000000	0.000000	0.000000	1.000000	0.000000	0.000000	0.000000	0.000000
61	tsk_61	(x)	1	:	0.207754	0.000000	0.245496	0.000000	0.000000	0.000000	0.000000	0.000000	0.000000	0.546750	0.000000	0.000000
62	tsk_62	(x)	1	:	0.000000	0.491870	0.000000	0.000000	0.000000	0.000000	0.000000	0.508130	0.000000	0.000000	0.000000	0.000000
63	tsk_63	(x)	1	:	0.000000	0.000000	0.000000	0.490056	0.000000	0.000000	0.000000	0.509944	0.000000	0.000000	0.000000	0.000000
64	tsk_64	(x)	1	:	0.000718	0.000000	0.002324	0.000000	0.000000	0.000000	0.494147	0.502811	0.000000	0.000000	0.000000	0.000000
65	tsk_65	(x)	1	:	0.000000	0.000000	0.000000	0.000000	0.000000	0.000000	0.000000	1.000000	0.000000	0.000000	0.000000	0.000000
66	tsk_66	(x)	1	:	0.000000	0.000000	0.003321	0.000000	0.000000	0.000000	0.493896	0.502783	0.000000	0.000000	0.000000	0.000000
67	tsk_67	(x)	1	:	0.075429	0.000000	0.421093	0.000000	0.000000	0.000000	0.000000	0.503477	0.000000	0.000000	0.000000	0.000000
68	tsk_68	(x)	1	:	0.000000	0.000000	0.000000	0.000000	0.000000	0.000000	0.000000	1.000000	0.000000	0.000000	0.000000	0.000000
69	tsk_69	(x)	1	:	0.000000	0.000000	0.000000	0.000000	0.000000	0.000000	0.000000	1.000000	0.000000	0.000000	0.000000	0.000000
70	tsk_70	(x)	1	:	0.000000	0.000000	0.000000	0.000000	1.000000	0.000000	0.000000	0.000000	0.000000	0.000000	0.000000	0.000000
71	tsk_71	(x)	1	:	0.000000	0.000000	0.000000	0.000000	0.608559	0.000000	0.000000	0.000000	0.000000	0.391441	0.000000	0.000000
72	tsk_72	(x)	1	:	0.000000	0.000000	0.000000	0.000000	0.390061	0.000000	0.000000	0.442340	0.167599	0.000000	0.000000	0.000000
73	tsk_73	(x)	1	:	0.000000	0.000000	0.000000	0.000000	0.492797	0.000000	0.000000	0.507203	0.000000	0.000000	0.000000	0.000000
74	tsk_74	(x)	1	:	0.000000	0.000000	0.000000	0.000000	0.000000	0.000000	0.000000	0.000000	0.000000	0.508798	0.000000	0.491202
75	tsk_75	(x)	1	:	0.000000	0.000000	0.000000	0.000000	0.518833	0.000000	0.000000	0.000000	0.000000	0.000000	0.000000	0.481167
76	tsk_76	(x)	1	:	0.000000	0.000000	0.000000	0.000000	0.000000	0.000000	0.000000	0.000000	0.000000	0.445836	0.000000	0.554164
77	tsk_77	(x)	1	:	0.000000	0.000000	0.000000	0.000000	0.518833	0.000000	0.000000	0.000000	0.000000	0.000000	0.000000	0.481167
78	tsk_78	(x)	1	:	0.000000	0.000000	0.000000	0.000000	0.492797	0.000000	0.000000	0.507203	0.000000	0.000000	0.000000	0.000000
79	tsk_79	(x)	1	:	0.000000	0.000000	0.000000	0.000000	0.492797	0.000000	0.000000	0.507203	0.000000	0.000000	0.000000	0.000000
80	tsk_80	(x)	1	:	0.152328	0.000000	0.303872	0.000000	0.000000	0.000000	0.000000	0.000000	0.000000	0.000000	0.000000	0.543800
81	tsk_81	(x)	1	:	0.003368	0.499357	0.001810	0.000000	0.000000	0.000000	0.495465	0.000000	0.000000	0.000000	0.000000	0.000000
82	tsk_82	(x)	1	:	0.043020	0.000000	0.456980	0.000000	0.000000	0.000000	0.145760	0.000000	0.000000	0.000000	0.354240	0.000000
83	tsk_83	(x)	1	:	0.000000	0.000000	0.000000	0.000000	0.000000	0.476869	0.000000	0.000000	0.000000	0.000000	0.000000	0.523131
84	tsk_84	(x)	1	:	0.208673	0.000000	0.247527	0.000000	0.000000	0.000000	0.000000	0.000000	0.000000	0.000000	0.000000	0.543800
85	tsk_85	(x)	1	:	0.000000	0.000000	0.000000	0.000000	0.000000	0.476869	0.000000	0.000000	0.000000	0.000000	0.000000	0.523131
86	tsk_86	(x)	1	:	0.125942	0.000000	0.387154	0.000000	0.000000	0.000000	0.000000	0.486904	0.000000	0.000000	0.000000	0.000000
87	tsk_87	(x)	1	:	0.055327	0.000000	0.444674	0.000000	0.000000	0.000000	0.145760	0.000000	0.000000	0.000000	0.354240	0.000000
88	tsk_88	(x)	1	:	0.058244	0.000000	0.441756	0.000000	0.000000	0.000000	0.500000	0.000000	0.000000	0.000000	0.000000	0.000000
89	tsk_89	(x)	1	:	0.000000	0.000000	0.000000	0.000000	0.000000	0.476869	0.000000	0.000000	0.000000	0.000000	0.000000	0.523131
90	tsk_90	(x)	1	:	0.000000	0.000000	0.000000	0.000000	0.000000	0.000000	0.000000	0.000000	0.000000	0.000000	0.000000	1.000000
91	tsk_91	(x)	1	:	0.000000	0.000000	0.000000	0.000000	0.000000	0.508562	0.000000	0.000000	0.000000	0.000000	0.000000	0.491438
92	tsk_92	(x)	1	:	0.000000	0.000000	0.000000	0.000000	0.000000	0.000000	0.000000	0.000000	0.000000	0.543911	0.000000	0.456088
93	tsk_93	(x)	1	:	0.000000	0.000000	0.000000	0.000000	0.000000	0.000000	0.000000	0.000000	0.000000	1.000000	0.000000	0.000000
94	tsk_94	(x)	1	:	0.000000	0.000000	0.000000	0.414946	0.000000	0.000000	0.000000	0.000000	0.159708	0.425346	0.000000	0.000000
95	tsk_95	(x)	1	:	0.000000	0.000000	0.000000	0.000000	0.000000	0.000000	0.000000	0.486957	0.000000	0.513043	0.000000	0.000000
96	tsk_96	(x)	1	:	0.000000	0.494533	0.000000	0.000000	0.000000	0.505467	0.000000	0.000000	0.000000	0.000000	0.000000	0.000000
97	tsk_97	(x)	1	:	0.047398	0.000000	0.444961	0.000000	0.000000	0.507641	0.000000	0.000000	0.000000	0.000000	0.000000	0.000000
98	tsk_98	(x)	1	:	0.000000	0.000000	0.000000	0.000000	0.000000	0.000000	0.000000	0.486957	0.000000	0.513043	0.000000	0.000000
99	tsk_99	(x)	1	:	0.260016	0.000000	0.193233	0.000000	0.000000	0.000000	0.000000	0.000000	0.000000	0.546751	0.000000	0.000000
100	tsk_100	(x)	1	:	0.000000	0.018552	0.000000	0.000000	0.000000	0.000000	0.000000	0.981448	0.000000	0.000000	0.000000	0.000000
101	tsk_101	(x)	1	:	0.000000	0.000000	0.000000	0.000000	0.000000	0.000000	0.000000	0.477308	0.000000	0.522692	0.000000	0.000000
102	tsk_102	(x)	1	:	0.000000	0.000000	0.000000	0.000000	0.506659	0.000000	0.000000	0.493341	0.000000	0.000000	0.000000	0.000000
103	tsk_103	(x)	1	:	0.058538	0.000000	0.441462	0.000000	0.000000	0.000000	0.500000	0.000000	0.000000	0.000000	0.000000	0.000000
104	tsk_104	(x)	1	:	0.302106	0.000000	0.204964	0.492931	0.000000	0.000000	0.000000	0.000000	0.000000	0.000000	0.000000	0.000000
105	tsk_105	(x)	1	:	0.156699	0.000000	0.350370	0.492931	0.000000	0.000000	0.000000	0.000000	0.000000	0.000000	0.000000	0.000000
106	tsk_106	(x)	1	:	0.017539	0.000000	0.012659	0.000000	0.000000	0.000000	0.499935	0.000000	0.000000	0.000000	0.000000	0.469867
107	tsk_107	(x)	1	:	0.000000	0.000000	0.000000	0.000000	0.000000	0.498208	0.000000	0.000000	0.000000	0.501791	0.000000	0.000000
108	tsk_108	(x)	1	:	0.000000	0.000000	0.000000	0.000000	0.000000	0.000000	0.000000	0.502491	0.000000	0.497509	0.000000	0.000000
109	tsk_109	(x)	1	:	0.000000	0.000000	0.000000	0.637510	0.000000	0.000000	0.000000	0.000000	0.000000	0.000000	0.000000	0.362490
110	tsk_110	(x)	1	:	0.000000	0.000000	0.000000	0.579433	0.000000	0.000000	0.000000	0.000000	0.000000	0.000000	0.000000	0.420567
111	tsk_111	(x)	1	:	0.000000	0.000000	0.000000	0.000000	0.000000	0.000000	0.420353	0.000000	0.000000	0.000000	0.579647	0.000000
112	tsk_112	(x)	1	:	0.001642	0.000000	0.000512	0.000000	0.000000	0.000000	0.491645	0.000000	0.000000	0.000000	0.000000	0.506200
113	tsk_113	(x)	1	:	0.180016	0.000000	0.293916	0.526068	0.000000	0.000000	0.000000	0.000000	0.000000	0.000000	0.000000	0.000000
114	tsk_114	(x)	1	:	0.038095	0.000000	0.461906	0.000000	0.000000	0.000000	0.145760	0.000000	0.000000	0.000000	0.354240	0.000000
115	tsk_115	(x)	1	:	0.000000	0.000000	0.000000	0.000000	0.000000	0.000000	0.645760	0.000000	0.000000	0.000000	0.354240	0.000000
116	tsk_116	(x)	1	:	0.200187	0.500000	0.299813	0.000000	0.000000	0.000000	0.000000	0.000000	0.000000	0.000000	0.000000	0.000000
117	tsk_117	(x)	1	:	0.068606	0.000000	0.431395	0.000000	0.000000	0.000000	0.145760	0.000000	0.000000	0.000000	0.354240	0.000000
118	tsk_118	(x)	1	:	0.002265	0.000000	0.000041	0.000000	0.438984	0.000000	0.000000	0.000000	0.000000	0.000000	0.000000	0.558710
119	tsk_119	(x)	1	:	0.000031	0.000000	0.000044	0.523317	0.000000	0.000000	0.476608	0.000000	0.000000	0.000000	0.000000	0.000000
120	tsk_120	(x)	1	:	0.000000	0.000000	0.000000	0.000000	0.000000	0.000000	0.645760	0.000000	0.000000	0.000000	0.354240	0.000000
121	tsk_121	(x)	1	:	0.000000	0.035681	0.000000	0.000000	0.000000	0.000000	0.000000	0.447477	0.000000	0.516842	0.000000	0.000000
122	tsk_122	(x)	1	:	0.001539	0.000000	0.001375	0.000000	0.489908	0.000000	0.152908	0.000000	0.000000	0.000000	0.354269	0.000000
123	tsk_123	(x)	1	:	0.000000	0.000000	0.000000	0.000000	0.000000	0.000000	0.000000	0.000000	0.000000	0.000000	1.000000	0.000000
124	tsk_124	(x)	1	:	0.000001	0.000000	0.000010	0.000000	0.000000	0.526995	0.118751	0.000000	0.000000	0.000000	0.354244	0.000000
125	tsk_125	(x)	1	:	0.000000	0.000000	0.000000	0.000000	0.000000	0.000000	0.026874	0.445800	0.173206	0.000000	0.354120	0.000000
126	tsk_126	(x)	1	:	0.000156	0.000000	0.001445	0.000000	0.000000	0.506967	0.137114	0.000000	0.000000	0.000000	0.354317	0.000000
127	tsk_127	(x)	1	:	0.000000	0.000000	0.000000	0.000000	0.000000	1.000000	0.000000	0.000000	0.000000	0.000000	0.000000	0.000000
128	tsk_128	(x)	1	:	0.000000	0.000000	0.000000	0.429385	0.000000	0.000000	0.035390	0.000000	0.181075	0.000000	0.354150	0.000000
129	tsk_129	(x)	1	:	0.016169	0.000000	0.000000	0.000000	0.000000	0.000000	0.522206	0.000000	0.000000	0.461625	0.000000	0.000000
130	tsk_130	(x)	1	:	0.000000	0.000000	0.000000	0.427956	0.000000	0.000000	0.000000	0.000000	0.000000	0.000000	0.000000	0.572044
131	tsk_131	(x)	1	:	0.000000	0.514053	0.000000	0.000000	0.000000	0.485947	0.000000	0.000000	0.000000	0.000000	0.000000	0.000000
132	tsk_132	(x)	1	:	0.000000	0.000000	0.000000	0.310520	0.000000	0.000000	0.000000	0.000000	0.000000	0.000000	0.000000	0.689480
133	tsk_133	(x)	1	:	0.000000	0.000000	0.000000	0.000000	0.463708	0.000000	0.000000	0.000000	0.000000	0.000000	0.000000	0.536291
134	tsk_134	(x)	1	:	0.210375	0.500000	0.289625	0.000000	0.000000	0.000000	0.000000	0.000000	0.000000	0.000000	0.000000	0.000000
135	tsk_135	(x)	1	:	0.000000	0.000000	0.000000	0.000000	0.489527	0.000000	0.000000	0.000000	0.000000	0.000000	0.000000	0.510473
136	tsk_136	(x)	1	:	0.000000	0.000000	0.000000	1.000000	0.000000	0.000000	0.000000	0.000000	0.000000	0.000000	0.000000	0.000000
137	tsk_137	(x)	1	:	0.007750	0.000000	0.006002	0.492544	0.000000	0.493703	0.000000	0.000000	0.000000	0.000000	0.000000	0.000000
138	tsk_138	(x)	1	:	0.181706	0.500000	0.318294	0.000000	0.000000	0.000000	0.000000	0.000000	0.000000	0.000000	0.000000	0.000000
139	tsk_139	(x)	1	:	0.000000	0.517671	0.000000	0.000000	0.000000	0.000000	0.000000	0.000000	0.000000	0.482329	0.000000	0.000000
140	tsk_140	(x)	1	:	0.000000	0.000000	0.020149	0.000000	0.000000	0.480149	0.499702	0.000000	0.000000	0.000000	0.000000	0.000000
141	tsk_141	(x)	1	:	0.000000	0.000000	0.003310	0.000000	0.000000	0.000000	0.493906	0.502784	0.000000	0.000000	0.000000	0.000000
142	tsk_142	(x)	1	:	0.000000	0.000000	0.000000	0.000000	0.000000	0.000000	0.000000	0.000000	0.000000	1.000000	0.000000	0.000000
143	tsk_143	(x)	1	:	0.000000	0.000000	0.000000	0.000000	0.000000	0.000000	0.534058	0.000000	0.000000	0.465942	0.000000	0.000000
144	tsk_144	(x)	1	:	0.324264	0.000000	0.222127	0.000000	0.000000	0.000000	0.000000	0.000000	0.000000	0.453609	0.000000	0.000000
145	tsk_145	(x)	1	:	0.000000	0.000000	0.000000	0.000000	0.000000	0.000000	1.000000	0.000000	0.000000	0.000000	0.000000	0.000000
146	tsk_146	(x)	1	:	0.000000	0.000000	0.000000	0.000000	0.000000	0.000000	1.000000	0.000000	0.000000	0.000000	0.000000	0.000000
147	tsk_147	(x)	1	:	0.000000	0.000000	0.000000	0.000000	0.000000	0.478997	0.000000	0.000000	0.000000	0.000000	0.000000	0.521002
148	tsk_148	(x)	1	:	0.000000	0.000000	0.000000	0.000000	0.000000	0.000000	0.000000	0.000000	0.000000	1.000000	0.000000	0.000000
149	tsk_149	(x)	1	:	0.406460	0.000000	0.139923	0.000000	0.000000	0.000000	0.000000	0.000000	0.000000	0.453617	0.000000	0.000000
