logL = -1997.867467 (converged)
AIC = 4451.734934
BIC = 5138.159781

count.K
122 28 

