logL = -2571.867481 (converged)
AIC = 8623.734961
BIC = 13862.240373

count.K
20 14 23 1 10 19 37 23 3 

