logL = -382.108126 (converged)
AIC = 5744.216251
BIC = 13240.698133

count.K
3 10 7 9 3 6 39 2 13 3 17 2 14 14 8 

