logL = -1223.869862 (converged)
AIC = 8027.739723
BIC = 16427.412194

count.K
19 19 8 7 31 8 3 11 5 12 7 12 3 2 3 

