0	tsk_0	(x)	1	:	0.000000	0.483467	0.051864	0.000000	0.000000	0.000000	0.000000	0.000000	0.000000	0.000000	0.464669
1	tsk_1	(x)	1	:	0.000000	0.000000	0.000000	0.000000	0.000000	0.000000	0.000000	0.000000	0.000000	0.000000	1.000000
2	tsk_2	(x)	1	:	0.000000	0.693447	0.000000	0.000000	0.000000	0.306553	0.000000	0.000000	0.000000	0.000000	0.000000
3	tsk_3	(x)	1	:	0.000000	0.000000	0.448761	0.000000	0.000000	0.000000	0.000000	0.000000	0.000000	0.000000	0.551239
4	tsk_4	(x)	1	:	0.000000	0.000000	0.500007	0.000000	0.499993	0.000000	0.000000	0.000000	0.000000	0.000000	0.000000
5	tsk_5	(x)	1	:	0.000000	0.470428	0.011964	0.000000	0.000000	0.000000	0.000000	0.000000	0.000000	0.517608	0.000000
6	tsk_6	(x)	1	:	0.000000	0.000000	0.000000	0.000000	0.000000	0.000000	0.000000	0.000000	0.000000	0.000000	1.000000
7	tsk_7	(x)	1	:	0.000000	0.000000	0.000000	0.000000	0.029076	0.000000	0.399873	0.000000	0.000000	0.000000	0.571051
8	tsk_8	(x)	1	:	0.000000	0.176657	0.518120	0.000000	0.000000	0.305223	0.000000	0.000000	0.000000	0.000000	0.000000
9	tsk_9	(x)	1	:	0.000000	0.000000	0.021215	0.000000	0.000000	0.000000	0.000000	0.000000	0.000000	0.510432	0.468352
10	tsk_10	(x)	1	:	0.000000	0.000000	0.000000	0.000000	0.000000	0.484777	0.000000	0.000000	0.000000	0.000000	0.515222
11	tsk_11	(x)	1	:	0.000000	0.000001	0.000001	0.000000	0.000000	0.505656	0.000000	0.000000	0.000000	0.494342	0.000000
12	tsk_12	(x)	1	:	0.000000	0.434296	0.000000	0.000000	0.000000	0.565704	0.000000	0.000000	0.000000	0.000000	0.000000
13	tsk_13	(x)	1	:	0.000000	0.477722	0.032194	0.490084	0.000000	0.000000	0.000000	0.000000	0.000000	0.000000	0.000000
14	tsk_14	(x)	1	:	0.000000	0.000001	0.000000	0.000000	0.000000	0.484777	0.000000	0.000000	0.000000	0.000000	0.515222
15	tsk_15	(x)	1	:	0.000000	0.000000	0.000000	0.000000	1.000000	0.000000	0.000000	0.000000	0.000000	0.000000	0.000000
16	tsk_16	(x)	1	:	0.000000	0.000000	0.000000	0.000000	0.000000	1.000000	0.000000	0.000000	0.000000	0.000000	0.000000
17	tsk_17	(x)	1	:	0.464658	0.000000	0.000000	0.000000	0.000000	0.000000	0.000000	0.000000	0.000000	0.000000	0.535342
18	tsk_18	(x)	1	:	0.000000	0.000000	0.000000	0.000000	0.448651	0.000000	0.000000	0.000000	0.000000	0.000000	0.551349
19	tsk_19	(x)	1	:	0.000000	0.000043	0.090901	0.000000	0.375374	0.533683	0.000000	0.000000	0.000000	0.000000	0.000000
20	tsk_20	(x)	1	:	0.000000	0.000000	0.011769	0.489410	0.498820	0.000000	0.000000	0.000000	0.000000	0.000000	0.000000
21	tsk_21	(x)	1	:	0.000000	0.000000	0.000000	0.503397	0.000000	0.000000	0.496603	0.000000	0.000000	0.000000	0.000000
22	tsk_22	(x)	1	:	0.000000	0.000000	0.000000	1.000000	0.000000	0.000000	0.000000	0.000000	0.000000	0.000000	0.000000
23	tsk_23	(x)	1	:	0.000000	0.000000	0.000000	0.000000	0.000000	0.000000	0.499722	0.500278	0.000000	0.000000	0.000000
24	tsk_24	(x)	1	:	0.000000	0.000000	0.000000	0.000000	0.000000	0.000000	0.519087	0.000000	0.480913	0.000000	0.000000
25	tsk_25	(x)	1	:	0.000000	0.000000	0.011943	0.000000	0.000000	0.000000	0.000000	0.000000	0.000000	0.523027	0.465030
26	tsk_26	(x)	1	:	0.000000	0.000000	0.000241	0.471881	0.000000	0.000000	0.527878	0.000000	0.000000	0.000000	0.000000
27	tsk_27	(x)	1	:	0.000000	0.000000	0.000000	0.000000	0.000000	0.000000	0.561793	0.000000	0.000000	0.000000	0.438206
28	tsk_28	(x)	1	:	0.000000	0.000000	0.000000	0.000000	0.000000	0.000000	0.519087	0.000000	0.480913	0.000000	0.000000
29	tsk_29	(x)	1	:	0.000000	0.000000	0.508627	0.491373	0.000000	0.000000	0.000000	0.000000	0.000000	0.000000	0.000000
30	tsk_30	(x)	1	:	0.000000	0.000000	0.000000	1.000000	0.000000	0.000000	0.000000	0.000000	0.000000	0.000000	0.000000
31	tsk_31	(x)	1	:	0.000000	0.481801	0.518199	0.000000	0.000000	0.000000	0.000000	0.000000	0.000000	0.000000	0.000000
32	tsk_32	(x)	1	:	0.000000	0.000000	0.000000	0.470158	0.000000	0.000000	0.000000	0.000000	0.000000	0.000000	0.529842
33	tsk_33	(x)	1	:	0.000000	0.470708	0.011576	0.000000	0.000000	0.000000	0.000000	0.000000	0.000000	0.517716	0.000000
34	tsk_34	(x)	1	:	0.000000	0.000000	0.000000	1.000000	0.000000	0.000000	0.000000	0.000000	0.000000	0.000000	0.000000
35	tsk_35	(x)	1	:	0.000000	0.000000	0.000000	1.000000	0.000000	0.000000	0.000000	0.000000	0.000000	0.000000	0.000000
36	tsk_36	(x)	1	:	0.000000	0.000000	0.002846	0.482552	0.000000	0.000000	0.000000	0.000000	0.000000	0.514601	0.000000
37	tsk_37	(x)	1	:	0.000000	0.000000	0.000000	1.000000	0.000000	0.000000	0.000000	0.000000	0.000000	0.000000	0.000000
38	tsk_38	(x)	1	:	0.000000	0.000000	0.002662	0.482656	0.000000	0.000000	0.000000	0.000000	0.000000	0.514682	0.000000
39	tsk_39	(x)	1	:	0.000000	0.000000	0.008418	0.491649	0.499933	0.000000	0.000000	0.000000	0.000000	0.000000	0.000000
40	tsk_40	(x)	1	:	0.000000	0.000000	0.000000	0.000000	0.000000	0.000000	0.000000	0.468370	0.000000	0.531630	0.000000
41	tsk_41	(x)	1	:	0.000000	0.000000	0.000860	0.000000	0.497536	0.000000	0.000000	0.000000	0.000000	0.501605	0.000000
42	tsk_42	(x)	1	:	0.000000	0.000000	0.000191	0.000000	0.491383	0.000000	0.000000	0.000000	0.000000	0.508426	0.000000
43	tsk_43	(x)	1	:	0.000000	0.479887	0.020429	0.000000	0.499684	0.000000	0.000000	0.000000	0.000000	0.000000	0.000000
44	tsk_44	(x)	1	:	0.000000	0.168167	0.022528	0.000000	0.000000	0.306423	0.000000	0.000000	0.000000	0.502881	0.000000
45	tsk_45	(x)	1	:	0.000000	0.169727	0.020577	0.000000	0.000000	0.306320	0.000000	0.000000	0.000000	0.503376	0.000000
46	tsk_46	(x)	1	:	0.000000	0.000000	0.000000	0.000000	0.000000	0.000000	0.000000	0.000000	0.000000	1.000000	0.000000
47	tsk_47	(x)	1	:	0.000000	0.000000	0.000864	0.000000	0.497534	0.000000	0.000000	0.000000	0.000000	0.501602	0.000000
48	tsk_48	(x)	1	:	0.000000	0.165623	0.010023	0.000000	0.000000	0.306261	0.000000	0.000000	0.000000	0.518092	0.000000
49	tsk_49	(x)	1	:	0.000000	0.483066	0.052388	0.000000	0.000000	0.000000	0.000000	0.000000	0.000000	0.000000	0.464546
50	tsk_50	(x)	1	:	0.000000	1.000000	0.000000	0.000000	0.000000	0.000000	0.000000	0.000000	0.000000	0.000000	0.000000
51	tsk_51	(x)	1	:	0.000000	0.000000	0.000111	0.000000	0.491415	0.000000	0.000000	0.000000	0.000000	0.508474	0.000000
52	tsk_52	(x)	1	:	0.000000	0.000000	0.000855	0.000000	0.511313	0.000000	0.000000	0.487832	0.000000	0.000000	0.000000
53	tsk_53	(x)	1	:	0.000000	1.000000	0.000000	0.000000	0.000000	0.000000	0.000000	0.000000	0.000000	0.000000	0.000000
54	tsk_54	(x)	1	:	0.000000	1.000000	0.000000	0.000000	0.000000	0.000000	0.000000	0.000000	0.000000	0.000000	0.000000
55	tsk_55	(x)	1	:	0.000000	0.477287	0.018833	0.000000	0.000000	0.000000	0.000000	0.000000	0.000000	0.503880	0.000000
56	tsk_56	(x)	1	:	0.000000	0.000000	0.000000	0.000000	1.000000	0.000000	0.000000	0.000000	0.000000	0.000000	0.000000
57	tsk_57	(x)	1	:	0.000000	0.476388	0.020066	0.000000	0.000000	0.000000	0.000000	0.000000	0.000000	0.503546	0.000000
58	tsk_58	(x)	1	:	0.000000	0.475774	0.020908	0.000000	0.000000	0.000000	0.000000	0.000000	0.000000	0.503318	0.000000
59	tsk_59	(x)	1	:	0.000000	0.000000	0.000000	0.000000	1.000000	0.000000	0.000000	0.000000	0.000000	0.000000	0.000000
60	tsk_60	(x)	1	:	0.000000	0.000000	0.478467	0.000000	0.000000	0.000000	0.000000	0.000000	0.000000	0.521532	0.000000
61	tsk_61	(x)	1	:	0.000000	0.000000	0.500009	0.000000	0.499991	0.000000	0.000000	0.000000	0.000000	0.000000	0.000000
62	tsk_62	(x)	1	:	0.000000	0.483288	0.056392	0.000000	0.000020	0.000000	0.460300	0.000000	0.000000	0.000000	0.000000
63	tsk_63	(x)	1	:	0.000000	0.000000	0.000000	0.000000	0.000000	0.000000	1.000000	0.000000	0.000000	0.000000	0.000000
64	tsk_64	(x)	1	:	0.000000	0.470044	0.012495	0.000000	0.000000	0.000000	0.000000	0.000000	0.000000	0.517462	0.000000
65	tsk_65	(x)	1	:	0.000000	0.000000	0.000000	0.514278	0.000000	0.000000	0.000000	0.485722	0.000000	0.000000	0.000000
66	tsk_66	(x)	1	:	0.000000	0.000000	0.002548	0.482720	0.000000	0.000000	0.000000	0.000000	0.000000	0.514731	0.000000
67	tsk_67	(x)	1	:	0.000000	0.000000	0.508704	0.491296	0.000000	0.000000	0.000000	0.000000	0.000000	0.000000	0.000000
68	tsk_68	(x)	1	:	0.000000	0.481845	0.518155	0.000000	0.000000	0.000000	0.000000	0.000000	0.000000	0.000000	0.000000
69	tsk_69	(x)	1	:	0.000000	0.467106	0.000951	0.000000	0.000000	0.000000	0.531943	0.000000	0.000000	0.000000	0.000000
70	tsk_70	(x)	1	:	0.000000	0.481174	0.143457	0.000000	0.000000	0.000000	0.000000	0.000000	0.000000	0.375368	0.000000
71	tsk_71	(x)	1	:	0.000000	0.479430	0.015892	0.000000	0.000000	0.000000	0.000000	0.000000	0.000000	0.504677	0.000000
72	tsk_72	(x)	1	:	0.000000	0.000000	0.000000	0.000000	0.000000	0.000000	0.000000	0.000000	0.000000	1.000000	0.000000
73	tsk_73	(x)	1	:	0.000000	0.000000	0.624760	0.000000	0.000000	0.000000	0.000000	0.000000	0.000000	0.375240	0.000000
74	tsk_74	(x)	1	:	0.000000	0.000000	0.478489	0.000000	0.000000	0.000000	0.000000	0.000000	0.000000	0.521511	0.000000
75	tsk_75	(x)	1	:	0.000000	0.000000	0.000000	0.000000	0.000000	0.000000	0.000000	0.000000	0.000000	0.411111	0.588889
76	tsk_76	(x)	1	:	0.000000	0.000000	0.500022	0.000000	0.499978	0.000000	0.000000	0.000000	0.000000	0.000000	0.000000
77	tsk_77	(x)	1	:	0.000000	0.482694	0.517306	0.000000	0.000000	0.000000	0.000000	0.000000	0.000000	0.000000	0.000000
78	tsk_78	(x)	1	:	0.000000	0.000000	0.495405	0.000000	0.000000	0.000000	0.000000	0.000000	0.000000	0.504595	0.000000
79	tsk_79	(x)	1	:	0.000000	0.483020	0.516980	0.000000	0.000000	0.000000	0.000000	0.000000	0.000000	0.000000	0.000000
80	tsk_80	(x)	1	:	0.489600	0.510400	0.000001	0.000000	0.000000	0.000000	0.000000	0.000000	0.000000	0.000000	0.000000
81	tsk_81	(x)	1	:	0.448053	0.000000	0.000000	0.000000	0.000000	0.551947	0.000000	0.000000	0.000000	0.000000	0.000000
82	tsk_82	(x)	1	:	0.475975	0.000000	0.000000	0.000000	0.000000	0.000000	0.000000	0.000000	0.000000	0.524025	0.000000
83	tsk_83	(x)	1	:	0.000000	0.316365	0.000000	0.000000	0.000000	0.683635	0.000000	0.000000	0.000000	0.000000	0.000000
84	tsk_84	(x)	1	:	0.500307	0.000000	0.499692	0.000000	0.000000	0.000000	0.000000	0.000000	0.000000	0.000000	0.000000
85	tsk_85	(x)	1	:	0.000000	0.543746	0.000000	0.000000	0.456254	0.000000	0.000000	0.000000	0.000000	0.000000	0.000000
86	tsk_86	(x)	1	:	0.499559	0.171743	0.022265	0.000000	0.000000	0.306433	0.000000	0.000000	0.000000	0.000000	0.000000
87	tsk_87	(x)	1	:	0.000000	0.455695	0.000000	0.000000	0.000000	0.544305	0.000000	0.000000	0.000000	0.000000	0.000000
88	tsk_88	(x)	1	:	0.000000	0.634741	0.000019	0.000000	0.365238	0.000000	0.000000	0.000000	0.000000	0.000000	0.000002
89	tsk_89	(x)	1	:	0.000000	0.316365	0.000000	0.000000	0.000000	0.683635	0.000000	0.000000	0.000000	0.000000	0.000000
90	tsk_90	(x)	1	:	0.000000	0.000000	0.000000	0.000000	0.000000	0.000000	0.000000	0.000000	0.000000	0.000000	1.000000
91	tsk_91	(x)	1	:	0.000000	0.000000	0.000000	0.000000	0.000000	0.000000	0.000000	0.000000	0.000000	0.000000	1.000000
92	tsk_92	(x)	1	:	0.000000	0.000000	0.625015	0.000000	0.374982	0.000000	0.000000	0.000000	0.000000	0.000000	0.000002
93	tsk_93	(x)	1	:	0.000000	0.000000	0.000000	0.000000	0.000000	0.000000	0.000000	0.000000	1.000000	0.000000	0.000000
94	tsk_94	(x)	1	:	0.000000	0.000000	0.000000	0.000000	0.000000	0.000000	0.000000	0.000000	0.484316	0.515684	0.000000
95	tsk_95	(x)	1	:	0.000000	0.000000	0.000000	0.000000	0.000000	0.000000	0.000000	0.513018	0.000000	0.000000	0.486982
96	tsk_96	(x)	1	:	0.000000	0.480889	0.055237	0.000000	0.000000	0.000000	0.000000	0.000000	0.000000	0.000000	0.463874
97	tsk_97	(x)	1	:	0.000000	0.481779	0.054073	0.000000	0.000000	0.000000	0.000000	0.000000	0.000000	0.000000	0.464149
98	tsk_98	(x)	1	:	0.000000	0.000000	0.000000	0.000000	0.000000	0.000000	0.000000	0.000000	1.000000	0.000000	0.000000
99	tsk_99	(x)	1	:	0.000000	0.000000	0.000000	0.000000	0.000000	0.000000	0.000000	0.000000	0.000000	0.000000	1.000000
100	tsk_100	(x)	1	:	0.000000	0.000000	0.536327	0.000000	0.000000	0.000000	0.000000	0.000000	0.000000	0.000000	0.463673
101	tsk_101	(x)	1	:	0.000000	0.000000	0.000000	0.000000	0.536036	0.000000	0.000000	0.000000	0.000000	0.000000	0.463964
102	tsk_102	(x)	1	:	0.000000	0.000239	0.467106	0.000000	0.000000	0.532655	0.000000	0.000000	0.000000	0.000000	0.000000
103	tsk_103	(x)	1	:	0.000000	0.000000	0.539044	0.000000	0.000011	0.000000	0.460944	0.000000	0.000000	0.000000	0.000000
104	tsk_104	(x)	1	:	0.000000	0.000234	0.467243	0.000000	0.000000	0.532522	0.000000	0.000000	0.000000	0.000000	0.000000
105	tsk_105	(x)	1	:	0.000000	0.481970	0.518030	0.000000	0.000000	0.000000	0.000000	0.000000	0.000000	0.000000	0.000000
106	tsk_106	(x)	1	:	0.000000	0.000000	0.000000	0.000000	0.000000	1.000000	0.000000	0.000000	0.000000	0.000000	0.000000
107	tsk_107	(x)	1	:	0.000000	0.000000	0.000000	1.000000	0.000000	0.000000	0.000000	0.000000	0.000000	0.000000	0.000000
108	tsk_108	(x)	1	:	0.000000	1.000000	0.000000	0.000000	0.000000	0.000000	0.000000	0.000000	0.000000	0.000000	0.000000
109	tsk_109	(x)	1	:	0.000000	1.000000	0.000000	0.000000	0.000000	0.000000	0.000000	0.000000	0.000000	0.000000	0.000000
110	tsk_110	(x)	1	:	0.000000	0.272429	0.000000	0.000000	0.000000	0.727571	0.000000	0.000000	0.000000	0.000000	0.000000
111	tsk_111	(x)	1	:	0.000000	0.186936	0.026519	0.000000	0.000001	0.305482	0.481062	0.000000	0.000000	0.000000	0.000000
112	tsk_112	(x)	1	:	0.000000	0.484733	0.035404	0.000000	0.000000	0.000000	0.479862	0.000000	0.000000	0.000000	0.000000
113	tsk_113	(x)	1	:	0.000000	0.157884	0.012104	0.000000	0.000000	0.309752	0.520260	0.000000	0.000000	0.000000	0.000000
114	tsk_114	(x)	1	:	0.000000	0.000000	0.000273	0.000000	0.000001	0.000000	0.479035	0.000000	0.000000	0.520691	0.000000
115	tsk_115	(x)	1	:	0.000000	0.693447	0.000000	0.000000	0.000000	0.306553	0.000000	0.000000	0.000000	0.000000	0.000000
116	tsk_116	(x)	1	:	0.000000	0.693447	0.000000	0.000000	0.000000	0.306553	0.000000	0.000000	0.000000	0.000000	0.000000
117	tsk_117	(x)	1	:	0.000000	0.000001	0.000001	0.000000	0.000000	0.505656	0.000000	0.000000	0.000000	0.494342	0.000000
118	tsk_118	(x)	1	:	0.000000	0.164064	0.012154	0.000000	0.000000	0.306278	0.000000	0.000000	0.000000	0.517504	0.000000
119	tsk_119	(x)	1	:	0.000000	0.488628	0.030861	0.000000	0.000000	0.000000	0.480512	0.000000	0.000000	0.000000	0.000000
120	tsk_120	(x)	1	:	0.000000	0.000000	0.000000	0.000000	0.000000	0.000000	1.000000	0.000000	0.000000	0.000000	0.000000
121	tsk_121	(x)	1	:	0.000000	0.000000	0.132132	0.492183	0.000000	0.000000	0.000000	0.000000	0.000000	0.375685	0.000000
122	tsk_122	(x)	1	:	0.470722	0.000000	0.000000	0.000000	0.000000	0.000000	0.529278	0.000000	0.000000	0.000000	0.000000
123	tsk_123	(x)	1	:	0.000000	0.512131	0.000000	0.000000	0.000000	0.000000	0.000000	0.000000	0.000000	0.000000	0.487868
124	tsk_124	(x)	1	:	0.000000	0.482016	0.517984	0.000000	0.000000	0.000000	0.000000	0.000000	0.000000	0.000000	0.000000
125	tsk_125	(x)	1	:	0.000000	0.172226	0.145244	0.000000	0.000000	0.307312	0.000000	0.000000	0.000000	0.375217	0.000000
126	tsk_126	(x)	1	:	0.000000	1.000000	0.000000	0.000000	0.000000	0.000000	0.000000	0.000000	0.000000	0.000000	0.000000
127	tsk_127	(x)	1	:	0.000000	0.481190	0.143433	0.000000	0.000000	0.000000	0.000000	0.000000	0.000000	0.375377	0.000000
128	tsk_128	(x)	1	:	0.000000	0.693447	0.000000	0.000000	0.000000	0.306553	0.000000	0.000000	0.000000	0.000000	0.000000
129	tsk_129	(x)	1	:	0.000000	0.483134	0.055459	0.000000	0.000018	0.000000	0.461389	0.000000	0.000000	0.000000	0.000000
130	tsk_130	(x)	1	:	0.478880	0.480368	0.040752	0.000000	0.000000	0.000000	0.000000	0.000000	0.000000	0.000000	0.000000
131	tsk_131	(x)	1	:	0.000000	0.000000	0.000000	0.000000	0.000000	0.000000	0.000000	0.000000	0.000000	1.000000	0.000000
132	tsk_132	(x)	1	:	0.000000	0.000000	0.044096	0.491880	0.000000	0.000000	0.000000	0.000000	0.000000	0.000000	0.464024
133	tsk_133	(x)	1	:	0.000000	0.000000	1.000000	0.000000	0.000000	0.000000	0.000000	0.000000	0.000000	0.000000	0.000000
134	tsk_134	(x)	1	:	0.000000	0.000000	0.003151	0.482380	0.000000	0.000000	0.000000	0.000000	0.000000	0.514469	0.000000
135	tsk_135	(x)	1	:	0.000000	0.000000	0.448942	0.000000	0.000000	0.000000	0.000000	0.000000	0.000000	0.000000	0.551057
136	tsk_136	(x)	1	:	0.000000	0.000000	0.508304	0.491696	0.000000	0.000000	0.000000	0.000000	0.000000	0.000000	0.000000
137	tsk_137	(x)	1	:	0.000000	0.000000	0.027750	0.000000	0.000000	0.000000	0.000000	0.000000	0.000000	0.506922	0.465328
138	tsk_138	(x)	1	:	0.000000	0.000000	0.012041	0.000000	0.000000	0.000000	0.000000	0.000000	0.000000	0.522974	0.464985
139	tsk_139	(x)	1	:	0.000000	0.171151	0.023470	0.000000	0.499059	0.306320	0.000000	0.000000	0.000000	0.000000	0.000000
140	tsk_140	(x)	1	:	0.000000	1.000000	0.000000	0.000000	0.000000	0.000000	0.000000	0.000000	0.000000	0.000000	0.000000
141	tsk_141	(x)	1	:	0.000000	0.476967	0.033319	0.489714	0.000000	0.000000	0.000000	0.000000	0.000000	0.000000	0.000000
142	tsk_142	(x)	1	:	0.000000	0.481803	0.518197	0.000000	0.000000	0.000000	0.000000	0.000000	0.000000	0.000000	0.000000
143	tsk_143	(x)	1	:	0.000000	0.479518	0.029516	0.490966	0.000000	0.000000	0.000000	0.000000	0.000000	0.000000	0.000000
144	tsk_144	(x)	1	:	0.000000	0.000000	0.003116	0.482400	0.000000	0.000000	0.000000	0.000000	0.000000	0.514484	0.000000
145	tsk_145	(x)	1	:	0.000000	0.482034	0.517966	0.000000	0.000000	0.000000	0.000000	0.000000	0.000000	0.000000	0.000000
146	tsk_146	(x)	1	:	0.000000	0.478207	0.031471	0.490322	0.000000	0.000000	0.000000	0.000000	0.000000	0.000000	0.000000
147	tsk_147	(x)	1	:	0.499341	0.477367	0.023292	0.000000	0.000000	0.000000	0.000000	0.000000	0.000000	0.000000	0.000000
148	tsk_148	(x)	1	:	0.000000	0.481968	0.518032	0.000000	0.000000	0.000000	0.000000	0.000000	0.000000	0.000000	0.000000
149	tsk_149	(x)	1	:	0.000000	0.000000	0.478343	0.000000	0.000000	0.000000	0.000000	0.000000	0.000000	0.521657	0.000000
