logL = -1520.248724 (converged)
AIC = 5414.497448
BIC = 8988.121542

count.K
3 10 14 54 28 29 12 

