logL = -748.334397 (converged)
AIC = 6626.668794
BIC = 14348.948323

count.K
14 7 3 10 20 1 30 15 25 1 1 2 18 1 2 

