logL = -2121.338940 (converged)
AIC = 5136.677880
BIC = 6482.431856

count.K
81 26 43 

