logL = -1456.846704 (converged)
AIC = 4077.693409
BIC = 5829.883150

count.K
66 37 37 10 

