logL = -3913.748980 (converged)
AIC = 9887.497959
BIC = 12988.452312

count.K
24 47 33 23 23 

