logL = -2244.247694 (converged)
AIC = 7698.495388
BIC = 12530.565035

count.K
27 25 20 5 5 7 42 4 15 

