logL = -951.596759 (converged)
AIC = 3727.193518
BIC = 6472.892906

count.K
21 28 50 7 12 32 

