logL = -1719.791303 (converged)
AIC = 8989.582607
BIC = 17344.095548

count.K
9 6 8 6 15 26 12 1 45 0 3 1 2 16 0 

