logL = -883.984868 (converged)
AIC = 5691.969737
BIC = 11598.836184

count.K
16 16 25 1 14 30 8 3 16 10 11 

