logL = -951.396365 (converged)
AIC = 3726.792730
BIC = 6472.492118

count.K
13 14 30 11 26 56 

