logL = -1502.004836 (converged)
AIC = 5032.009673
BIC = 8084.793861

count.K
31 14 33 29 24 19 

