logL = -1323.680770 (converged)
AIC = 8227.361539
BIC = 16627.034010

count.K
24 5 2 4 40 33 2 13 2 2 11 1 6 5 

