0	tsk_0	(x)	1	:	0.000000	0.449151	0.000004	0.000000	0.000000	0.000000	0.493563	0.000000	0.000000	0.057281
1	tsk_1	(x)	1	:	0.000000	1.000000	0.000000	0.000000	0.000000	0.000000	0.000000	0.000000	0.000000	0.000000
2	tsk_2	(x)	1	:	0.000000	0.449002	0.000000	0.526972	0.000000	0.000000	0.000000	0.000000	0.000000	0.024025
3	tsk_3	(x)	1	:	0.000000	0.000000	0.000000	1.000000	0.000000	0.000000	0.000000	0.000000	0.000000	0.000000
4	tsk_4	(x)	1	:	0.000000	0.735913	0.000000	0.000000	0.000000	0.264087	0.000000	0.000000	0.000000	0.000000
5	tsk_5	(x)	1	:	0.000000	1.000000	0.000000	0.000000	0.000000	0.000000	0.000000	0.000000	0.000000	0.000000
6	tsk_6	(x)	1	:	0.000000	0.000000	0.000000	1.000000	0.000000	0.000000	0.000000	0.000000	0.000000	0.000000
7	tsk_7	(x)	1	:	0.431802	0.000000	0.000000	0.487469	0.000000	0.000000	0.000000	0.000000	0.000000	0.080729
8	tsk_8	(x)	1	:	0.274484	0.000000	0.000000	0.527042	0.000000	0.000000	0.000000	0.000000	0.000000	0.198473
9	tsk_9	(x)	1	:	0.000000	0.000000	0.000036	0.487296	0.000000	0.287813	0.000000	0.000000	0.000000	0.224855
10	tsk_10	(x)	1	:	0.000000	0.000000	0.000000	0.000000	0.000000	0.000000	0.000000	0.000000	0.000000	1.000000
11	tsk_11	(x)	1	:	0.000000	0.000000	0.000096	0.487308	0.000000	0.000000	0.000000	0.000000	0.000000	0.512595
12	tsk_12	(x)	1	:	0.000000	0.000000	0.000087	0.527040	0.000000	0.000000	0.000000	0.000000	0.000000	0.472873
13	tsk_13	(x)	1	:	0.000000	0.459949	0.000023	0.000000	0.000000	0.000000	0.000000	0.289837	0.000000	0.250191
14	tsk_14	(x)	1	:	0.000000	0.000000	0.000177	0.000000	0.000000	0.000000	0.000000	0.000000	0.000000	0.999822
15	tsk_15	(x)	1	:	0.000000	0.000000	0.000227	0.000000	0.000000	0.000000	0.000000	0.000000	0.000000	0.999772
16	tsk_16	(x)	1	:	0.000000	0.000000	0.000094	0.487308	0.000000	0.000000	0.000000	0.000000	0.000000	0.512598
17	tsk_17	(x)	1	:	0.000000	1.000000	0.000000	0.000000	0.000000	0.000000	0.000000	0.000000	0.000000	0.000000
18	tsk_18	(x)	1	:	0.000000	0.000000	0.000092	0.000000	0.000000	0.000000	0.000000	0.000000	0.000000	0.999908
19	tsk_19	(x)	1	:	0.552328	0.447672	0.000000	0.000000	0.000000	0.000000	0.000000	0.000000	0.000000	0.000000
20	tsk_20	(x)	1	:	0.000000	0.245240	0.000000	0.483512	0.271248	0.000000	0.000000	0.000000	0.000000	0.000000
21	tsk_21	(x)	1	:	0.000000	0.000000	0.000129	0.000000	0.000000	0.287836	0.000000	0.000000	0.000000	0.712035
22	tsk_22	(x)	1	:	0.000000	0.363508	0.000000	0.000000	0.000000	0.183031	0.000000	0.000000	0.000000	0.453461
23	tsk_23	(x)	1	:	0.000000	0.449248	0.000097	0.000000	0.000000	0.000000	0.000000	0.000000	0.000000	0.550655
24	tsk_24	(x)	1	:	0.431260	0.449284	0.000000	0.000000	0.000000	0.000000	0.000000	0.000000	0.000000	0.119456
25	tsk_25	(x)	1	:	0.000000	1.000000	0.000000	0.000000	0.000000	0.000000	0.000000	0.000000	0.000000	0.000000
26	tsk_26	(x)	1	:	0.000000	0.000000	0.000015	0.000000	0.000000	0.000000	0.000000	0.000000	0.462700	0.537285
27	tsk_27	(x)	1	:	0.000000	1.000000	0.000000	0.000000	0.000000	0.000000	0.000000	0.000000	0.000000	0.000000
28	tsk_28	(x)	1	:	0.000000	0.449248	0.000092	0.000000	0.000000	0.000000	0.000000	0.000000	0.000000	0.550660
29	tsk_29	(x)	1	:	0.000000	0.000000	0.000029	0.000000	0.000000	0.000000	0.000000	0.000000	0.504037	0.495934
30	tsk_30	(x)	1	:	0.000000	0.843894	0.000000	0.000000	0.000000	0.156106	0.000000	0.000000	0.000000	0.000000
31	tsk_31	(x)	1	:	0.274473	0.363548	0.000008	0.000000	0.000000	0.183034	0.000000	0.000000	0.000000	0.178937
32	tsk_32	(x)	1	:	0.000000	0.000000	0.000000	0.527036	0.000000	0.000000	0.000000	0.000000	0.000000	0.472964
33	tsk_33	(x)	1	:	0.000000	0.363533	0.000016	0.000000	0.000000	0.183032	0.000000	0.000000	0.000000	0.453420
34	tsk_34	(x)	1	:	0.000000	0.000000	0.000207	0.000000	0.000000	0.000000	0.000000	0.000000	0.000000	0.999793
35	tsk_35	(x)	1	:	0.274142	0.000000	0.000000	0.526983	0.000000	0.000000	0.000000	0.000000	0.000000	0.198876
36	tsk_36	(x)	1	:	0.000000	0.000000	0.000000	0.000000	0.000000	0.000000	0.500422	0.000000	0.499578	0.000000
37	tsk_37	(x)	1	:	0.000000	0.000000	0.000000	0.000000	0.000000	0.000000	1.000000	0.000000	0.000000	0.000000
38	tsk_38	(x)	1	:	0.000000	0.340367	0.000000	0.000000	0.000000	0.176226	0.483407	0.000000	0.000000	0.000000
39	tsk_39	(x)	1	:	0.000000	0.000000	0.000030	0.000000	0.000000	0.000000	0.493594	0.000000	0.000000	0.506376
40	tsk_40	(x)	1	:	0.000000	0.000000	0.000000	1.000000	0.000000	0.000000	0.000000	0.000000	0.000000	0.000000
41	tsk_41	(x)	1	:	0.000000	0.000000	0.000000	1.000000	0.000000	0.000000	0.000000	0.000000	0.000000	0.000000
42	tsk_42	(x)	1	:	0.000000	0.000000	0.000000	0.487305	0.000000	0.000000	0.000000	0.000000	0.000000	0.512695
43	tsk_43	(x)	1	:	0.000000	0.000000	0.000214	0.000000	0.000000	0.000000	0.000000	0.000000	0.000000	0.999786
44	tsk_44	(x)	1	:	0.000000	0.000000	0.000000	1.000000	0.000000	0.000000	0.000000	0.000000	0.000000	0.000000
45	tsk_45	(x)	1	:	0.274518	0.000000	0.000117	0.000000	0.000000	0.000000	0.000000	0.000000	0.000000	0.725365
46	tsk_46	(x)	1	:	0.000000	0.000000	0.000000	1.000000	0.000000	0.000000	0.000000	0.000000	0.000000	0.000000
47	tsk_47	(x)	1	:	0.274581	0.000000	0.000033	0.487329	0.000000	0.000000	0.000000	0.000000	0.000000	0.238057
48	tsk_48	(x)	1	:	0.274552	0.449303	0.000039	0.000000	0.000000	0.000000	0.000000	0.000000	0.000000	0.276105
49	tsk_49	(x)	1	:	0.274648	0.000000	0.000018	0.487340	0.000000	0.000000	0.000000	0.000000	0.000000	0.237995
50	tsk_50	(x)	1	:	0.000000	0.449237	0.000048	0.000000	0.000000	0.000000	0.000000	0.000000	0.000000	0.550715
51	tsk_51	(x)	1	:	0.000000	0.000000	0.000196	0.000000	0.000000	0.000000	0.000000	0.000000	0.000000	0.999804
52	tsk_52	(x)	1	:	0.000000	0.000000	0.000158	0.000000	0.000000	0.000000	0.000000	0.000000	0.000000	0.999842
53	tsk_53	(x)	1	:	0.000000	0.449248	0.000103	0.000000	0.000000	0.000000	0.000000	0.000000	0.000000	0.550650
54	tsk_54	(x)	1	:	0.000000	0.000000	0.000064	0.487307	0.000000	0.000000	0.000000	0.000000	0.000000	0.512629
55	tsk_55	(x)	1	:	0.000000	0.574565	0.000073	0.000000	0.000000	0.000000	0.000000	0.000000	0.000000	0.425362
56	tsk_56	(x)	1	:	0.000000	0.000000	0.000146	0.000000	0.000000	0.000000	0.000000	0.000000	0.000000	0.999854
57	tsk_57	(x)	1	:	0.000000	0.449235	0.000035	0.000000	0.000000	0.000000	0.000000	0.000000	0.000000	0.550729
58	tsk_58	(x)	1	:	0.000000	0.448889	0.000007	0.487208	0.000000	0.000000	0.000000	0.000000	0.000000	0.063895
59	tsk_59	(x)	1	:	0.000000	0.000000	0.000221	0.000000	0.000000	0.000000	0.000000	0.000000	0.000000	0.999779
60	tsk_60	(x)	1	:	0.000000	0.449227	0.000000	0.000000	0.000000	0.000000	0.000000	0.000000	0.000000	0.550773
61	tsk_61	(x)	1	:	0.000000	0.000000	1.000000	0.000000	0.000000	0.000000	0.000000	0.000000	0.000000	0.000000
62	tsk_62	(x)	1	:	0.000000	0.000000	0.000196	0.000000	0.000000	0.000000	0.000000	0.000000	0.000000	0.999804
63	tsk_63	(x)	1	:	0.000000	0.000000	0.000227	0.000000	0.000000	0.000000	0.000000	0.000000	0.000000	0.999773
64	tsk_64	(x)	1	:	0.000000	0.000000	0.000096	0.000000	0.000000	0.000000	0.000000	0.000000	0.000000	0.999904
65	tsk_65	(x)	1	:	0.000000	0.000000	0.000223	0.000000	0.000000	0.000000	0.000000	0.000000	0.000000	0.999777
66	tsk_66	(x)	1	:	0.000000	0.000000	0.000222	0.000000	0.000000	0.000000	0.000000	0.000000	0.000000	0.999778
67	tsk_67	(x)	1	:	0.000000	0.449247	0.000086	0.000000	0.000000	0.000000	0.000000	0.000000	0.000000	0.550667
68	tsk_68	(x)	1	:	0.000000	0.000000	0.000214	0.000000	0.000000	0.000000	0.000000	0.000000	0.000000	0.999786
69	tsk_69	(x)	1	:	0.000000	0.000000	0.000000	0.000000	0.000000	0.000000	0.000000	0.000000	0.000000	1.000000
70	tsk_70	(x)	1	:	0.000000	0.000000	0.000038	0.000000	0.000000	0.000000	0.493594	0.000000	0.000000	0.506368
71	tsk_71	(x)	1	:	0.000000	0.000000	0.000227	0.000000	0.000000	0.000000	0.000000	0.000000	0.000000	0.999773
72	tsk_72	(x)	1	:	0.000000	0.000000	0.000202	0.000000	0.000000	0.000000	0.000000	0.000000	0.000000	0.999797
73	tsk_73	(x)	1	:	0.000000	0.000000	0.000000	0.000000	0.000000	0.000000	0.000000	0.000000	0.000000	1.000000
74	tsk_74	(x)	1	:	0.000000	0.000000	0.000035	0.000000	0.000000	0.000000	0.493594	0.000000	0.000000	0.506371
75	tsk_75	(x)	1	:	0.000000	0.000000	0.000194	0.000000	0.000000	0.000000	0.000000	0.000000	0.000000	0.999806
76	tsk_76	(x)	1	:	0.274468	0.000000	0.000000	0.000000	0.000000	0.000000	0.000000	0.000000	0.000000	0.725532
77	tsk_77	(x)	1	:	0.000000	0.000000	0.000000	0.000000	0.000000	0.000000	0.000000	0.000000	0.000000	1.000000
78	tsk_78	(x)	1	:	0.000000	0.000000	0.000219	0.000000	0.000000	0.000000	0.000000	0.000000	0.000000	0.999781
79	tsk_79	(x)	1	:	0.000000	0.000000	0.000215	0.000000	0.000000	0.000000	0.000000	0.000000	0.000000	0.999785
80	tsk_80	(x)	1	:	0.000000	0.459846	0.000000	0.000000	0.000000	0.000000	0.000000	0.289667	0.000000	0.250486
81	tsk_81	(x)	1	:	0.000000	0.000000	0.000000	0.000000	1.000000	0.000000	0.000000	0.000000	0.000000	0.000000
82	tsk_82	(x)	1	:	0.000000	0.000000	0.000000	0.000000	0.000000	0.000000	0.500112	0.499888	0.000000	0.000000
83	tsk_83	(x)	1	:	0.000000	0.459844	0.000000	0.000000	0.000000	0.000000	0.000000	0.289664	0.000000	0.250492
84	tsk_84	(x)	1	:	0.000000	0.000000	0.000226	0.000000	0.000000	0.000000	0.000000	0.000000	0.000000	0.999774
85	tsk_85	(x)	1	:	0.000000	0.000000	0.000000	0.494375	0.000000	0.000000	0.505625	0.000000	0.000000	0.000000
86	tsk_86	(x)	1	:	0.000000	0.000000	0.000091	0.487308	0.000000	0.000000	0.000000	0.000000	0.000000	0.512600
87	tsk_87	(x)	1	:	0.000000	0.439490	0.000000	0.000000	0.000000	0.000000	0.000000	0.560510	0.000000	0.000000
88	tsk_88	(x)	1	:	0.000000	0.446922	0.000000	0.000000	0.000000	0.000000	0.000000	0.276862	0.000000	0.276216
89	tsk_89	(x)	1	:	0.000000	0.459901	0.000005	0.000000	0.000000	0.000000	0.000000	0.289758	0.000000	0.250337
90	tsk_90	(x)	1	:	0.000000	0.000000	0.000037	0.000000	0.000000	0.000000	0.493594	0.000000	0.000000	0.506368
91	tsk_91	(x)	1	:	0.000000	0.000000	0.000000	0.000000	0.582309	0.000000	0.417691	0.000000	0.000000	0.000000
92	tsk_92	(x)	1	:	0.000000	0.000000	0.000000	0.000000	0.000000	0.000000	1.000000	0.000000	0.000000	0.000000
93	tsk_93	(x)	1	:	0.000000	0.560163	0.000079	0.000000	0.000000	0.000000	0.000000	0.000000	0.000000	0.439758
94	tsk_94	(x)	1	:	0.000000	0.000000	0.000014	0.000000	0.000000	0.000000	0.493593	0.000000	0.000000	0.506393
95	tsk_95	(x)	1	:	0.000000	0.000000	0.000048	0.000000	0.000000	0.000000	0.493595	0.000000	0.000000	0.506357
96	tsk_96	(x)	1	:	0.000000	0.000000	0.000046	0.000000	0.000000	0.000000	0.493595	0.000000	0.000000	0.506359
97	tsk_97	(x)	1	:	0.000000	0.522171	0.000000	0.000000	0.000000	0.000000	0.477829	0.000000	0.000000	0.000000
98	tsk_98	(x)	1	:	0.000000	0.000000	0.000034	0.000000	0.000000	0.000000	0.493594	0.000000	0.000000	0.506372
99	tsk_99	(x)	1	:	0.000000	0.000000	0.000000	0.000000	1.000000	0.000000	0.000000	0.000000	0.000000	0.000000
100	tsk_100	(x)	1	:	0.000000	0.000000	0.000000	0.000000	0.000000	0.000000	0.000000	0.000000	0.000000	1.000000
101	tsk_101	(x)	1	:	0.000000	0.574564	0.000073	0.000000	0.000000	0.000000	0.000000	0.000000	0.000000	0.425363
102	tsk_102	(x)	1	:	0.000000	0.000000	0.000084	0.521680	0.000000	0.000000	0.000000	0.000000	0.000000	0.478235
103	tsk_103	(x)	1	:	0.000000	0.000000	0.000227	0.000000	0.000000	0.000000	0.000000	0.000000	0.000000	0.999773
104	tsk_104	(x)	1	:	0.000000	1.000000	0.000000	0.000000	0.000000	0.000000	0.000000	0.000000	0.000000	0.000000
105	tsk_105	(x)	1	:	0.000000	0.343223	0.000000	0.479705	0.000000	0.177072	0.000000	0.000000	0.000000	0.000000
106	tsk_106	(x)	1	:	0.000000	0.000000	0.000096	0.487308	0.000000	0.000000	0.000000	0.000000	0.000000	0.512596
107	tsk_107	(x)	1	:	0.000000	0.000000	0.000055	0.487307	0.000000	0.000000	0.000000	0.000000	0.000000	0.512639
108	tsk_108	(x)	1	:	0.000000	0.574565	0.000076	0.000000	0.000000	0.000000	0.000000	0.000000	0.000000	0.425359
109	tsk_109	(x)	1	:	0.000000	0.000000	0.000091	0.487308	0.000000	0.000000	0.000000	0.000000	0.000000	0.512601
110	tsk_110	(x)	1	:	0.000000	0.449186	0.000002	0.000000	0.000000	0.000000	0.000000	0.000000	0.497238	0.053574
111	tsk_111	(x)	1	:	0.000000	1.000000	0.000000	0.000000	0.000000	0.000000	0.000000	0.000000	0.000000	0.000000
112	tsk_112	(x)	1	:	0.000000	0.448757	0.000000	0.526906	0.000000	0.000000	0.000000	0.000000	0.000000	0.024337
113	tsk_113	(x)	1	:	0.000000	1.000000	0.000000	0.000000	0.000000	0.000000	0.000000	0.000000	0.000000	0.000000
114	tsk_114	(x)	1	:	0.000000	0.449176	0.000003	0.000000	0.000000	0.000000	0.000000	0.000000	0.497236	0.053585
115	tsk_115	(x)	1	:	0.000000	0.449249	0.000002	0.000000	0.000000	0.000000	0.534802	0.000000	0.000000	0.015947
116	tsk_116	(x)	1	:	0.000000	0.000000	0.000000	0.527036	0.000000	0.000000	0.000000	0.000000	0.000000	0.472964
117	tsk_117	(x)	1	:	0.000000	1.000000	0.000000	0.000000	0.000000	0.000000	0.000000	0.000000	0.000000	0.000000
118	tsk_118	(x)	1	:	0.000000	0.496656	0.000000	0.000000	0.000000	0.000000	0.503344	0.000000	0.000000	0.000000
119	tsk_119	(x)	1	:	0.000000	0.448987	0.000000	0.526968	0.000000	0.000000	0.000000	0.000000	0.000000	0.024044
120	tsk_120	(x)	1	:	0.000000	0.000000	0.000082	0.468250	0.000000	0.000000	0.000000	0.000000	0.067087	0.464581
121	tsk_121	(x)	1	:	0.000000	0.000000	0.000086	0.468250	0.000000	0.000000	0.000000	0.000000	0.067087	0.464577
122	tsk_122	(x)	1	:	0.000000	0.000000	0.000139	0.000000	0.000000	0.287836	0.000000	0.000000	0.000000	0.712025
123	tsk_123	(x)	1	:	0.000000	0.000000	0.000000	1.000000	0.000000	0.000000	0.000000	0.000000	0.000000	0.000000
124	tsk_124	(x)	1	:	0.000000	0.000000	0.000204	0.000000	0.000000	0.000000	0.000000	0.000000	0.054380	0.945416
125	tsk_125	(x)	1	:	0.000000	0.000000	0.000002	0.000000	0.000000	0.000000	0.000000	0.000000	0.533102	0.466896
126	tsk_126	(x)	1	:	0.000000	0.000000	0.000042	0.000000	0.000000	0.000000	0.399631	0.000000	0.113658	0.486669
127	tsk_127	(x)	1	:	0.274588	0.000000	0.000024	0.527061	0.000000	0.000000	0.000000	0.000000	0.000000	0.198327
128	tsk_128	(x)	1	:	0.000000	0.000000	0.000000	0.000000	0.000000	0.000000	0.000000	0.000000	1.000000	0.000000
129	tsk_129	(x)	1	:	0.431669	0.000000	0.000000	0.487433	0.000000	0.000000	0.000000	0.000000	0.000000	0.080898
130	tsk_130	(x)	1	:	0.000000	0.000000	0.000000	1.000000	0.000000	0.000000	0.000000	0.000000	0.000000	0.000000
131	tsk_131	(x)	1	:	0.000000	0.000000	0.000000	0.494375	0.000000	0.000000	0.505625	0.000000	0.000000	0.000000
132	tsk_132	(x)	1	:	0.000000	0.000000	0.000014	0.000000	0.000000	0.000000	0.493593	0.000000	0.000000	0.506393
133	tsk_133	(x)	1	:	0.000000	0.000000	0.000000	0.494375	0.000000	0.000000	0.505625	0.000000	0.000000	0.000000
134	tsk_134	(x)	1	:	0.000000	0.448732	0.000000	0.526900	0.000000	0.000000	0.000000	0.000000	0.000000	0.024367
135	tsk_135	(x)	1	:	0.000000	0.000000	0.000055	0.000000	0.000000	0.000000	0.534802	0.000000	0.000000	0.465144
136	tsk_136	(x)	1	:	0.000000	0.000000	0.000000	1.000000	0.000000	0.000000	0.000000	0.000000	0.000000	0.000000
137	tsk_137	(x)	1	:	0.000000	0.000000	0.000000	0.527036	0.000000	0.000000	0.000000	0.000000	0.000000	0.472964
138	tsk_138	(x)	1	:	0.000000	0.449153	0.000004	0.000000	0.000000	0.000000	0.493564	0.000000	0.000000	0.057279
139	tsk_139	(x)	1	:	0.000000	0.000000	0.000000	0.525375	0.000000	0.000000	0.474625	0.000000	0.000000	0.000000
140	tsk_140	(x)	1	:	0.000000	0.000000	0.000175	0.000000	0.000000	0.000000	0.000000	0.000000	0.000000	0.999825
141	tsk_141	(x)	1	:	0.000000	0.574564	0.000072	0.000000	0.000000	0.000000	0.000000	0.000000	0.000000	0.425363
142	tsk_142	(x)	1	:	0.000000	0.000000	0.000125	0.000000	0.000000	0.300065	0.000000	0.000000	0.000000	0.699811
143	tsk_143	(x)	1	:	0.000000	0.000000	0.000058	0.000000	0.000000	0.146350	0.000000	0.000000	0.000000	0.853591
144	tsk_144	(x)	1	:	0.000000	0.500208	0.000055	0.000000	0.000000	0.165159	0.000000	0.000000	0.000000	0.334577
145	tsk_145	(x)	1	:	0.000000	0.000000	0.000104	0.000000	0.000000	0.442580	0.000000	0.000000	0.000000	0.557316
146	tsk_146	(x)	1	:	0.000000	0.000000	0.000104	0.000000	0.000000	0.442580	0.000000	0.000000	0.000000	0.557316
147	tsk_147	(x)	1	:	0.274624	0.000000	0.000028	0.487336	0.000000	0.000000	0.000000	0.000000	0.000000	0.238013
148	tsk_148	(x)	1	:	0.000000	0.000000	0.000125	0.000000	0.000000	0.300065	0.000000	0.000000	0.000000	0.699810
149	tsk_149	(x)	1	:	0.000000	0.000000	0.000071	0.487307	0.000000	0.000000	0.000000	0.000000	0.000000	0.512622
