0	tsk_0	(x)	1	:	0.000000	0.000000	0.000000	0.000000	0.000000	0.000000	0.000000	0.000000	0.000000	0.000000	0.000000	0.000000	0.000000	1.000000	0.000000
1	tsk_1	(x)	1	:	0.000000	0.000000	0.518747	0.000000	0.000000	0.000000	0.000000	0.000000	0.000000	0.000000	0.000000	0.000000	0.000000	0.481253	0.000000
2	tsk_2	(x)	1	:	0.033075	0.000000	0.500205	0.417534	0.000000	0.023419	0.025721	0.000000	0.000000	0.000000	0.000000	0.000000	0.000000	0.000045	0.000000
3	tsk_3	(x)	1	:	0.000000	0.505100	0.494896	0.000000	0.000000	0.000000	0.000000	0.000000	0.000000	0.000000	0.000000	0.000000	0.000000	0.000004	0.000000
4	tsk_4	(x)	1	:	0.040899	0.000000	0.000000	0.417394	0.000000	0.020825	0.033062	0.000000	0.000000	0.000000	0.000000	0.000000	0.000000	0.487820	0.000000
5	tsk_5	(x)	1	:	0.002133	0.000000	0.499592	0.000000	0.000000	0.003262	0.002320	0.000000	0.000000	0.000000	0.000000	0.000000	0.492661	0.000032	0.000000
6	tsk_6	(x)	1	:	0.018883	0.000000	0.000000	0.000000	0.470037	0.014332	0.003122	0.000000	0.000000	0.000000	0.000000	0.000000	0.493626	0.000000	0.000000
7	tsk_7	(x)	1	:	0.000000	0.507813	0.000000	0.000000	0.000000	0.000000	0.000000	0.000000	0.000000	0.000000	0.000000	0.000000	0.000000	0.492187	0.000000
8	tsk_8	(x)	1	:	0.000000	0.505100	0.494896	0.000000	0.000000	0.000000	0.000000	0.000000	0.000000	0.000000	0.000000	0.000000	0.000000	0.000004	0.000000
9	tsk_9	(x)	1	:	0.000000	0.000000	1.000000	0.000000	0.000000	0.000000	0.000000	0.000000	0.000000	0.000000	0.000000	0.000000	0.000000	0.000000	0.000000
10	tsk_10	(x)	1	:	0.044681	0.000000	0.000000	0.417393	0.000000	0.018559	0.031547	0.000000	0.000000	0.000000	0.000000	0.000000	0.000000	0.487819	0.000000
11	tsk_11	(x)	1	:	0.030655	0.000000	0.000000	0.417744	0.000000	0.031947	0.007086	0.000000	0.000000	0.512568	0.000000	0.000000	0.000000	0.000000	0.000000
12	tsk_12	(x)	1	:	0.000000	0.000000	0.474282	0.525718	0.000000	0.000000	0.000000	0.000000	0.000000	0.000000	0.000000	0.000000	0.000000	0.000000	0.000000
13	tsk_13	(x)	1	:	0.008683	0.505437	0.000000	0.417639	0.000000	0.017395	0.050845	0.000000	0.000000	0.000000	0.000000	0.000000	0.000000	0.000000	0.000000
14	tsk_14	(x)	1	:	0.240167	0.000000	0.000000	0.416251	0.000000	0.159518	0.184063	0.000000	0.000000	0.000000	0.000000	0.000000	0.000000	0.000000	0.000000
15	tsk_15	(x)	1	:	0.036269	0.000000	0.000000	0.000000	0.000000	0.100938	0.329408	0.533385	0.000000	0.000000	0.000000	0.000000	0.000000	0.000000	0.000000
16	tsk_16	(x)	1	:	0.001673	0.000000	0.000000	0.417374	0.000000	0.010482	0.037035	0.533435	0.000000	0.000000	0.000000	0.000000	0.000000	0.000000	0.000000
17	tsk_17	(x)	1	:	0.000000	0.000000	0.000000	0.000000	0.000000	0.000000	0.000000	1.000000	0.000000	0.000000	0.000000	0.000000	0.000000	0.000000	0.000000
18	tsk_18	(x)	1	:	0.000000	0.000000	0.000000	0.000000	0.000000	0.000000	0.000000	1.000000	0.000000	0.000000	0.000000	0.000000	0.000000	0.000000	0.000000
19	tsk_19	(x)	1	:	0.028586	0.000000	0.000000	0.417709	0.000000	0.035263	0.005831	0.000000	0.000000	0.512610	0.000000	0.000000	0.000000	0.000000	0.000000
20	tsk_20	(x)	1	:	0.000000	0.000000	0.475302	0.000000	0.000000	0.000000	0.000000	0.000000	0.000000	0.000000	0.000000	0.524695	0.000000	0.000003	0.000000
21	tsk_21	(x)	1	:	0.002165	0.000000	0.499604	0.000000	0.000000	0.002379	0.003119	0.000000	0.000000	0.000000	0.000000	0.000000	0.492696	0.000037	0.000000
22	tsk_22	(x)	1	:	0.019865	0.000000	0.500205	0.417538	0.000000	0.030865	0.031481	0.000000	0.000000	0.000000	0.000000	0.000000	0.000000	0.000046	0.000000
23	tsk_23	(x)	1	:	0.000000	0.000000	0.475304	0.000000	0.000000	0.000000	0.000000	0.000000	0.000000	0.000000	0.000000	0.524695	0.000000	0.000000	0.000000
24	tsk_24	(x)	1	:	0.000000	0.000000	1.000000	0.000000	0.000000	0.000000	0.000000	0.000000	0.000000	0.000000	0.000000	0.000000	0.000000	0.000000	0.000000
25	tsk_25	(x)	1	:	0.000000	0.000000	0.518747	0.000000	0.000000	0.000000	0.000000	0.000000	0.000000	0.000000	0.000000	0.000000	0.000000	0.481253	0.000000
26	tsk_26	(x)	1	:	0.206366	0.000000	0.499962	0.000000	0.000000	0.064863	0.228746	0.000000	0.000000	0.000000	0.000000	0.000000	0.000000	0.000062	0.000000
27	tsk_27	(x)	1	:	0.220893	0.000000	0.499959	0.000000	0.000000	0.139984	0.139096	0.000000	0.000000	0.000000	0.000000	0.000000	0.000000	0.000068	0.000000
28	tsk_28	(x)	1	:	0.000000	0.000000	0.475305	0.000000	0.000000	0.000000	0.000000	0.000000	0.000000	0.000000	0.000000	0.524695	0.000000	0.000000	0.000000
29	tsk_29	(x)	1	:	0.275481	0.000000	0.000000	0.416251	0.000000	0.100175	0.208092	0.000000	0.000000	0.000000	0.000000	0.000000	0.000000	0.000000	0.000000
30	tsk_30	(x)	1	:	0.000000	0.000000	0.000000	0.000000	0.105524	0.000000	0.000000	0.000000	0.000000	0.445980	0.000000	0.000000	0.000000	0.448495	0.000000
31	tsk_31	(x)	1	:	0.000000	0.000000	0.000000	0.000000	0.105524	0.000000	0.000000	0.000000	0.000000	0.445980	0.000000	0.000000	0.000000	0.448495	0.000000
32	tsk_32	(x)	1	:	0.000000	0.000000	0.000000	0.000000	0.105524	0.000000	0.000000	0.000000	0.000000	0.445980	0.000000	0.000000	0.000000	0.448495	0.000000
33	tsk_33	(x)	1	:	0.000000	0.000000	0.000016	0.000000	0.000000	0.000000	0.000000	0.000000	0.000000	0.000000	0.000000	0.000000	0.000000	0.999984	0.000000
34	tsk_34	(x)	1	:	0.135730	0.000000	0.000000	0.000000	0.000000	0.228041	0.148759	0.000000	0.000000	0.000000	0.000000	0.000000	0.000000	0.487470	0.000000
35	tsk_35	(x)	1	:	0.000000	0.000000	0.000000	0.000000	0.105524	0.000000	0.000000	0.000000	0.000000	0.445980	0.000000	0.000000	0.000000	0.448496	0.000000
36	tsk_36	(x)	1	:	0.000000	0.000000	0.407386	0.000000	0.000000	0.000000	0.000000	0.000000	0.000000	0.000000	0.000000	0.000000	0.000000	0.592614	0.000000
37	tsk_37	(x)	1	:	0.000000	0.000000	0.000000	0.000000	0.000000	0.000000	0.000000	0.493246	0.000000	0.000000	0.000000	0.000000	0.000000	0.506754	0.000000
38	tsk_38	(x)	1	:	0.000000	0.000000	0.000000	0.000000	0.000000	0.000000	0.000000	0.000000	0.000000	0.000000	0.000000	0.000000	0.000000	1.000000	0.000000
39	tsk_39	(x)	1	:	0.000000	0.000000	0.000000	0.000000	0.000000	0.000000	0.000000	0.478107	0.000000	0.000000	0.000000	0.000000	0.000000	0.521892	0.000000
40	tsk_40	(x)	1	:	0.000000	0.000000	0.000000	0.416251	0.000000	0.000000	0.000000	0.000000	0.583749	0.000000	0.000000	0.000000	0.000000	0.000000	0.000000
41	tsk_41	(x)	1	:	0.001197	0.000000	0.000000	0.000000	0.000000	0.000995	0.006651	0.000000	0.497076	0.000000	0.494081	0.000000	0.000000	0.000000	0.000000
42	tsk_42	(x)	1	:	0.269949	0.000000	0.000000	0.000000	0.000000	0.081178	0.148873	0.000000	0.500000	0.000000	0.000000	0.000000	0.000000	0.000000	0.000000
43	tsk_43	(x)	1	:	0.423726	0.000000	0.000000	0.000000	0.000000	0.167770	0.408504	0.000000	0.000000	0.000000	0.000000	0.000000	0.000000	0.000000	0.000000
44	tsk_44	(x)	1	:	0.003123	0.000000	0.000000	0.000000	0.000000	0.001341	0.004482	0.000000	0.497041	0.000004	0.494009	0.000000	0.000000	0.000000	0.000000
45	tsk_45	(x)	1	:	0.264216	0.000000	0.000000	0.000000	0.000000	0.063858	0.171933	0.000000	0.000000	0.000000	0.499993	0.000000	0.000000	0.000000	0.000000
46	tsk_46	(x)	1	:	0.244147	0.000000	0.000000	0.000000	0.000000	0.052329	0.203520	0.000000	0.500004	0.000000	0.000000	0.000000	0.000000	0.000000	0.000000
47	tsk_47	(x)	1	:	0.043820	0.000000	0.000000	0.417562	0.000000	0.013181	0.033850	0.491587	0.000000	0.000000	0.000000	0.000000	0.000000	0.000000	0.000000
48	tsk_48	(x)	1	:	0.394807	0.000000	0.000000	0.000000	0.000000	0.131498	0.473695	0.000000	0.000000	0.000000	0.000000	0.000000	0.000000	0.000000	0.000000
49	tsk_49	(x)	1	:	0.000000	0.554368	0.000000	0.000000	0.000000	0.000000	0.000000	0.445631	0.000000	0.000000	0.000000	0.000000	0.000000	0.000000	0.000000
50	tsk_50	(x)	1	:	0.670833	0.000000	0.000000	0.000000	0.000000	0.156369	0.172797	0.000000	0.000000	0.000000	0.000000	0.000000	0.000000	0.000000	0.000000
51	tsk_51	(x)	1	:	0.149982	0.432638	0.000000	0.000000	0.000000	0.130540	0.260268	0.026573	0.000000	0.000000	0.000000	0.000000	0.000000	0.000000	0.000000
52	tsk_52	(x)	1	:	0.006806	0.000000	0.000000	0.000000	0.000000	0.002357	0.004477	0.000000	0.499332	0.000000	0.000000	0.000000	0.000000	0.487029	0.000000
53	tsk_53	(x)	1	:	0.003531	0.000000	0.000000	0.000000	0.000000	0.004824	0.005264	0.000000	0.499344	0.000000	0.000000	0.000000	0.000000	0.487037	0.000000
54	tsk_54	(x)	1	:	0.575055	0.000000	0.000000	0.000000	0.000000	0.102989	0.321956	0.000000	0.000000	0.000000	0.000000	0.000000	0.000000	0.000000	0.000000
55	tsk_55	(x)	1	:	0.527467	0.000000	0.000000	0.000000	0.000000	0.206699	0.265834	0.000000	0.000000	0.000000	0.000000	0.000000	0.000000	0.000000	0.000000
56	tsk_56	(x)	1	:	0.479339	0.000000	0.000000	0.000000	0.000000	0.148480	0.372180	0.000000	0.000000	0.000000	0.000000	0.000000	0.000000	0.000000	0.000000
57	tsk_57	(x)	1	:	0.000000	0.000000	0.000000	0.000000	0.000000	0.000000	0.000000	0.000000	0.000000	0.000000	0.000000	0.000000	0.000000	1.000000	0.000000
58	tsk_58	(x)	1	:	0.007098	0.432639	0.000000	0.000001	0.000000	0.006088	0.027596	0.026572	0.000001	0.000000	0.500004	0.000000	0.000001	0.000000	0.000000
59	tsk_59	(x)	1	:	0.002572	0.000000	0.000000	0.000000	0.000000	0.002294	0.004151	0.491475	0.499509	0.000000	0.000000	0.000000	0.000000	0.000000	0.000000
60	tsk_60	(x)	1	:	0.284788	0.000000	0.000000	0.000000	0.000000	0.333896	0.381316	0.000000	0.000000	0.000000	0.000000	0.000000	0.000000	0.000000	0.000000
61	tsk_61	(x)	1	:	0.042715	0.000000	0.000000	0.000000	0.000000	0.010682	0.014200	0.000000	0.000000	0.000000	0.000000	0.438766	0.493636	0.000000	0.000000
62	tsk_62	(x)	1	:	0.000000	0.000000	0.000000	0.000000	0.000000	0.000000	0.000000	0.000000	0.000000	1.000000	0.000000	0.000000	0.000000	0.000000	0.000000
63	tsk_63	(x)	1	:	0.322841	0.000000	0.000000	0.000000	0.000000	0.139616	0.044673	0.000000	0.000000	0.492869	0.000000	0.000000	0.000000	0.000000	0.000000
64	tsk_64	(x)	1	:	0.288316	0.000000	0.000000	0.000000	0.000000	0.063147	0.209763	0.000000	0.000000	0.000000	0.000000	0.438774	0.000000	0.000000	0.000000
65	tsk_65	(x)	1	:	0.270877	0.000000	0.000000	0.000000	0.000000	0.216814	0.019440	0.000000	0.000000	0.492869	0.000000	0.000000	0.000000	0.000000	0.000000
66	tsk_66	(x)	1	:	0.246518	0.000000	0.000000	0.000000	0.000000	0.086559	0.166922	0.000000	0.500000	0.000000	0.000000	0.000000	0.000000	0.000000	0.000000
67	tsk_67	(x)	1	:	0.184403	0.000000	0.000000	0.000000	0.000000	0.105611	0.271208	0.000000	0.000000	0.000000	0.000000	0.438777	0.000000	0.000000	0.000000
68	tsk_68	(x)	1	:	0.000000	0.000000	0.518747	0.000000	0.000000	0.000000	0.000000	0.000000	0.000000	0.000000	0.000000	0.000000	0.000000	0.481253	0.000000
69	tsk_69	(x)	1	:	0.234678	0.000000	0.000000	0.000000	0.000000	0.116585	0.082651	0.000000	0.000000	0.000000	0.000000	0.000000	0.000000	0.566086	0.000000
70	tsk_70	(x)	1	:	0.000000	0.000000	0.000000	0.000000	0.000000	0.000000	0.000000	0.000000	0.000000	0.000000	0.000000	0.000000	0.000000	0.469010	0.530990
71	tsk_71	(x)	1	:	0.007192	0.000000	0.000000	0.000000	0.000000	0.007065	0.005030	0.000000	0.000000	0.000000	0.000000	0.000000	0.493399	0.487313	0.000000
72	tsk_72	(x)	1	:	0.203594	0.000000	0.000000	0.100219	0.000000	0.108344	0.181599	0.000000	0.000000	0.000000	0.000000	0.000000	0.000000	0.000000	0.406243
73	tsk_73	(x)	1	:	0.002226	0.000000	0.000000	0.000000	0.000000	0.007381	0.484525	0.505868	0.000000	0.000000	0.000000	0.000000	0.000000	0.000000	0.000000
74	tsk_74	(x)	1	:	0.000962	0.000000	0.000000	0.100111	0.000000	0.001737	0.003146	0.000000	0.000000	0.000000	0.000000	0.000000	0.000000	0.487582	0.406463
75	tsk_75	(x)	1	:	0.010758	0.000000	0.000000	0.000000	0.000000	0.005720	0.002816	0.000000	0.000000	0.000000	0.000000	0.000000	0.493395	0.487311	0.000000
76	tsk_76	(x)	1	:	0.063651	0.000000	0.000000	0.000000	0.000000	0.131183	0.313638	0.491528	0.000000	0.000000	0.000000	0.000000	0.000000	0.000000	0.000000
77	tsk_77	(x)	1	:	0.274104	0.000000	0.000000	0.100217	0.000000	0.050403	0.169019	0.000000	0.000000	0.000000	0.000000	0.000004	0.000000	0.000000	0.406252
78	tsk_78	(x)	1	:	0.309830	0.000000	0.000000	0.000000	0.000000	0.075334	0.121201	0.000000	0.000000	0.000000	0.000000	0.000000	0.493635	0.000000	0.000000
79	tsk_79	(x)	1	:	0.289919	0.000000	0.000000	0.100219	0.000000	0.083413	0.120206	0.000000	0.000000	0.000000	0.000000	0.000000	0.000000	0.000000	0.406243
80	tsk_80	(x)	1	:	0.000000	0.554368	0.000000	0.000000	0.000000	0.000000	0.000000	0.445631	0.000000	0.000000	0.000000	0.000000	0.000000	0.000000	0.000000
81	tsk_81	(x)	1	:	0.066860	0.000000	0.000000	0.000000	0.000000	0.139071	0.302540	0.491528	0.000000	0.000000	0.000000	0.000000	0.000000	0.000000	0.000000
82	tsk_82	(x)	1	:	0.001588	0.000000	0.000000	0.000000	0.000000	0.001534	0.005858	0.491478	0.499542	0.000000	0.000000	0.000000	0.000000	0.000000	0.000000
83	tsk_83	(x)	1	:	0.303565	0.000000	0.000000	0.416251	0.000000	0.090531	0.189652	0.000000	0.000000	0.000000	0.000000	0.000000	0.000000	0.000000	0.000000
84	tsk_84	(x)	1	:	0.000000	0.000000	0.000000	0.000000	0.000000	0.000000	0.000000	0.000000	0.000000	0.000000	0.000000	0.000000	1.000000	0.000000	0.000000
85	tsk_85	(x)	1	:	0.000000	0.000000	0.000000	0.000000	0.000000	0.000000	0.000000	0.000000	1.000000	0.000000	0.000000	0.000000	0.000000	0.000000	0.000000
86	tsk_86	(x)	1	:	0.000269	0.504724	0.000000	0.000000	0.000000	0.000251	0.000823	0.000000	0.493933	0.000000	0.000000	0.000000	0.000000	0.000000	0.000000
87	tsk_87	(x)	1	:	0.000000	0.000000	0.000000	0.291073	0.000000	0.000000	0.000000	0.000000	0.000000	0.000000	0.000000	0.000000	0.708927	0.000000	0.000000
88	tsk_88	(x)	1	:	0.005448	0.000000	0.000000	0.000000	0.000000	0.002609	0.006844	0.491522	0.000000	0.000000	0.000000	0.000000	0.493577	0.000000	0.000000
89	tsk_89	(x)	1	:	0.364318	0.000000	0.000000	0.000000	0.000000	0.036754	0.105293	0.000000	0.000000	0.000000	0.000000	0.000000	0.493635	0.000000	0.000000
90	tsk_90	(x)	1	:	0.008934	0.000000	0.000000	0.000000	0.000000	0.004111	0.000731	0.000000	0.000000	0.492832	0.000000	0.000000	0.493392	0.000000	0.000000
91	tsk_91	(x)	1	:	0.000000	0.000000	0.000000	0.000000	0.000000	0.000000	0.000000	0.508352	0.000000	0.000000	0.000000	0.000000	0.000000	0.491648	0.000000
92	tsk_92	(x)	1	:	0.000000	0.000000	0.000000	0.000000	0.000000	0.000000	0.000000	0.000000	0.000000	0.000000	0.000000	0.000000	1.000000	0.000000	0.000000
93	tsk_93	(x)	1	:	0.273784	0.000000	0.000000	0.000000	0.000000	0.186384	0.046962	0.000000	0.000000	0.492869	0.000000	0.000000	0.000000	0.000000	0.000000
94	tsk_94	(x)	1	:	0.000000	0.000000	0.000000	0.000000	0.000000	0.000000	0.000000	0.000000	0.000000	1.000000	0.000000	0.000000	0.000000	0.000000	0.000000
95	tsk_95	(x)	1	:	0.000000	0.000000	0.000000	0.000000	0.000000	0.000000	0.000000	0.508353	0.000000	0.000000	0.000000	0.000000	0.000000	0.491647	0.000000
96	tsk_96	(x)	1	:	0.235688	0.000000	0.000000	0.000000	0.000000	0.074028	0.196649	0.000000	0.000000	0.000000	0.000000	0.000000	0.493635	0.000000	0.000000
97	tsk_97	(x)	1	:	0.006348	0.000000	0.000000	0.000000	0.000000	0.002463	0.006097	0.491521	0.000000	0.000000	0.000000	0.000000	0.493570	0.000000	0.000000
98	tsk_98	(x)	1	:	0.000000	0.000000	0.000000	0.000000	0.000000	0.000000	0.000000	0.000000	0.000000	0.495413	0.000000	0.000000	0.000000	0.504587	0.000000
99	tsk_99	(x)	1	:	0.000000	0.000000	0.000000	0.000000	0.000000	0.000000	0.000000	0.498232	0.000000	0.501768	0.000000	0.000000	0.000000	0.000000	0.000000
100	tsk_100	(x)	1	:	0.336668	0.000000	0.000000	0.416251	0.000000	0.073335	0.173746	0.000000	0.000000	0.000000	0.000000	0.000000	0.000000	0.000000	0.000000
101	tsk_101	(x)	1	:	0.770689	0.000000	0.000000	0.000000	0.000000	0.229310	0.000000	0.000000	0.000000	0.000000	0.000000	0.000000	0.000000	0.000000	0.000000
102	tsk_102	(x)	1	:	0.491105	0.000000	0.000000	0.000000	0.000000	0.172323	0.336572	0.000000	0.000000	0.000000	0.000000	0.000000	0.000000	0.000000	0.000000
103	tsk_103	(x)	1	:	0.513743	0.000000	0.000000	0.000000	0.000000	0.136493	0.349764	0.000000	0.000000	0.000000	0.000000	0.000000	0.000000	0.000000	0.000000
104	tsk_104	(x)	1	:	0.428737	0.000000	0.000000	0.000000	0.000000	0.137864	0.433399	0.000000	0.000000	0.000000	0.000000	0.000000	0.000000	0.000000	0.000000
105	tsk_105	(x)	1	:	0.000000	0.000000	1.000000	0.000000	0.000000	0.000000	0.000000	0.000000	0.000000	0.000000	0.000000	0.000000	0.000000	0.000000	0.000000
106	tsk_106	(x)	1	:	0.302250	0.000000	0.000000	0.000000	0.000000	0.057942	0.139808	0.000000	0.500000	0.000000	0.000000	0.000000	0.000000	0.000000	0.000000
107	tsk_107	(x)	1	:	0.123056	0.000000	0.499960	0.000000	0.000000	0.165702	0.211216	0.000000	0.000000	0.000000	0.000000	0.000000	0.000000	0.000066	0.000000
108	tsk_108	(x)	1	:	0.000000	0.000000	0.000000	0.000000	0.000000	0.000000	0.000000	0.000000	0.000000	0.000000	0.000000	0.000000	0.000000	1.000000	0.000000
109	tsk_109	(x)	1	:	0.449509	0.000000	0.000000	0.000000	0.000000	0.103867	0.446624	0.000000	0.000000	0.000000	0.000000	0.000000	0.000000	0.000000	0.000000
110	tsk_110	(x)	1	:	0.000000	0.000000	0.000000	0.546212	0.000000	0.000000	0.000000	0.000000	0.000000	0.000000	0.000000	0.000000	0.000000	0.448246	0.005542
111	tsk_111	(x)	1	:	0.000000	0.000000	0.000000	0.000000	0.000000	0.000000	0.000000	0.000000	1.000000	0.000000	0.000000	0.000000	0.000000	0.000000	0.000000
112	tsk_112	(x)	1	:	0.000000	0.000000	0.000000	0.000000	0.156717	0.000000	0.000000	0.000000	0.000000	0.406625	0.000000	0.000000	0.000000	0.436657	0.000000
113	tsk_113	(x)	1	:	0.298286	0.000000	0.000000	0.000000	0.000000	0.144946	0.063899	0.000000	0.000000	0.492869	0.000000	0.000000	0.000000	0.000000	0.000000
114	tsk_114	(x)	1	:	0.000000	0.000000	0.000000	0.000000	0.056015	0.000000	0.000000	0.000000	0.000000	0.000000	0.000000	0.000000	0.000000	0.943985	0.000000
115	tsk_115	(x)	1	:	0.254159	0.000000	0.000000	0.634911	0.000000	0.073012	0.037918	0.000000	0.000001	0.000000	0.000000	0.000000	0.000000	0.000000	0.000000
116	tsk_116	(x)	1	:	0.002363	0.000000	0.000000	0.000000	0.000000	0.004783	0.001093	0.000000	0.499044	0.492717	0.000000	0.000000	0.000000	0.000000	0.000000
117	tsk_117	(x)	1	:	0.000000	0.000000	0.000000	0.000000	0.000000	0.000000	0.000000	0.000000	1.000000	0.000000	0.000000	0.000000	0.000000	0.000000	0.000000
118	tsk_118	(x)	1	:	0.000000	0.000000	0.000000	0.000000	0.156717	0.000000	0.000000	0.000000	0.000000	0.406624	0.000000	0.000000	0.000000	0.436659	0.000000
119	tsk_119	(x)	1	:	0.000361	0.000000	0.000000	0.000000	0.061360	0.000672	0.000885	0.000000	0.493899	0.000000	0.000000	0.000000	0.000000	0.442824	0.000000
120	tsk_120	(x)	1	:	0.000000	0.000000	0.000000	0.797602	0.000000	0.000000	0.000000	0.000000	0.000000	0.000000	0.000000	0.000000	0.000000	0.000000	0.202398
121	tsk_121	(x)	1	:	0.000202	0.000000	0.000000	0.079856	0.000000	0.000020	0.000000	0.000000	0.000000	0.511238	0.000000	0.000000	0.000000	0.000000	0.408684
122	tsk_122	(x)	1	:	0.000000	0.000000	0.000000	0.000000	0.000000	0.000000	0.000000	0.000000	0.000000	0.516625	0.000000	0.000000	0.000000	0.483375	0.000000
123	tsk_123	(x)	1	:	0.000000	0.000000	0.000000	0.000000	0.000000	0.000000	0.000000	0.000000	0.000000	1.000000	0.000000	0.000000	0.000000	0.000000	0.000000
124	tsk_124	(x)	1	:	0.000000	0.507813	0.000000	0.000000	0.000000	0.000000	0.000000	0.000000	0.000000	0.000000	0.000000	0.000000	0.000000	0.492187	0.000000
125	tsk_125	(x)	1	:	0.000000	0.507813	0.000000	0.000000	0.000000	0.000000	0.000000	0.000000	0.000000	0.000000	0.000000	0.000000	0.000000	0.492187	0.000000
126	tsk_126	(x)	1	:	0.000000	0.000000	0.000000	0.647218	0.000000	0.000000	0.000000	0.000000	0.000000	0.000000	0.000000	0.000000	0.000000	0.000000	0.352782
127	tsk_127	(x)	1	:	0.137668	0.000000	0.000000	0.634906	0.000000	0.063792	0.163630	0.000000	0.000000	0.000000	0.000000	0.000000	0.000000	0.000000	0.000004
128	tsk_128	(x)	1	:	0.000000	0.000000	0.000000	0.634911	0.000000	0.000000	0.000000	0.000000	0.365089	0.000000	0.000000	0.000000	0.000000	0.000000	0.000000
129	tsk_129	(x)	1	:	0.361574	0.000000	0.000000	0.000000	0.000000	0.107647	0.018166	0.000000	0.000000	0.512613	0.000000	0.000000	0.000000	0.000000	0.000000
130	tsk_130	(x)	1	:	0.101725	0.505374	0.000000	0.000000	0.000000	0.076721	0.316180	0.000000	0.000000	0.000000	0.000000	0.000000	0.000000	0.000000	0.000000
131	tsk_131	(x)	1	:	0.201625	0.000000	0.000000	0.000000	0.000000	0.251880	0.053626	0.000000	0.000000	0.492869	0.000000	0.000000	0.000000	0.000000	0.000000
132	tsk_132	(x)	1	:	0.000000	0.000000	0.000000	0.416251	0.000000	0.000000	0.000000	0.000000	0.583749	0.000000	0.000000	0.000000	0.000000	0.000000	0.000000
133	tsk_133	(x)	1	:	0.285746	0.000000	0.000000	0.000000	0.000000	0.060280	0.215200	0.000000	0.000000	0.000000	0.000000	0.438774	0.000000	0.000000	0.000000
134	tsk_134	(x)	1	:	0.223665	0.000000	0.000000	0.000000	0.000000	0.152692	0.136172	0.000000	0.000000	0.000000	0.000000	0.000000	0.000000	0.487470	0.000000
135	tsk_135	(x)	1	:	0.033580	0.505374	0.000000	0.000000	0.000000	0.068917	0.392129	0.000000	0.000000	0.000000	0.000000	0.000000	0.000000	0.000000	0.000000
136	tsk_136	(x)	1	:	0.000226	0.504729	0.000000	0.000000	0.000000	0.000475	0.000592	0.000000	0.493978	0.000000	0.000000	0.000000	0.000000	0.000000	0.000000
137	tsk_137	(x)	1	:	0.095741	0.505373	0.000000	0.000000	0.000000	0.051507	0.347374	0.000000	0.000000	0.000000	0.000000	0.000000	0.000000	0.000004	0.000000
138	tsk_138	(x)	1	:	0.249468	0.000000	0.000000	0.000000	0.000000	0.107192	0.143340	0.000000	0.500000	0.000000	0.000000	0.000000	0.000000	0.000000	0.000000
139	tsk_139	(x)	1	:	0.402758	0.000000	0.000000	0.000000	0.000000	0.045373	0.113095	0.000000	0.000000	0.000000	0.000000	0.438774	0.000000	0.000000	0.000000
140	tsk_140	(x)	1	:	0.000000	0.000000	0.000000	0.000000	0.087929	0.000000	0.000000	0.000000	0.000000	0.432723	0.000000	0.000000	0.000000	0.000000	0.479348
141	tsk_141	(x)	1	:	0.000000	0.000000	0.000000	0.000000	0.097073	0.000000	0.000000	0.000000	0.000000	0.440101	0.000000	0.000000	0.462825	0.000000	0.000000
142	tsk_142	(x)	1	:	0.000000	0.497051	0.000000	0.000000	0.000000	0.000000	0.000000	0.000000	0.000000	0.000000	0.000000	0.000000	0.000000	0.000000	0.502949
143	tsk_143	(x)	1	:	0.000000	0.000000	0.000000	0.000000	0.000000	0.000000	0.000000	0.000000	0.000000	0.000000	0.000000	0.000000	1.000000	0.000000	0.000000
144	tsk_144	(x)	1	:	0.000000	0.000000	0.000000	0.000000	0.074450	0.000000	0.000000	0.486606	0.000000	0.438944	0.000000	0.000000	0.000000	0.000000	0.000000
145	tsk_145	(x)	1	:	0.000000	0.000000	0.000000	0.000000	0.000000	0.000000	0.000000	0.486051	0.000000	0.513949	0.000000	0.000000	0.000000	0.000000	0.000000
146	tsk_146	(x)	1	:	0.000000	0.497051	0.000000	0.000000	0.000000	0.000000	0.000000	0.000000	0.000000	0.000000	0.000000	0.000000	0.000000	0.000000	0.502949
147	tsk_147	(x)	1	:	0.191606	0.000000	0.000000	0.000001	0.000000	0.063036	0.198623	0.000000	0.000000	0.000000	0.000000	0.000002	0.000000	0.000001	0.546731
148	tsk_148	(x)	1	:	0.000000	0.507814	0.000000	0.000000	0.000000	0.000000	0.000000	0.000000	0.000000	0.000000	0.000000	0.000000	0.000000	0.492186	0.000000
149	tsk_149	(x)	1	:	0.075696	0.000000	0.000000	0.000000	0.100466	0.340943	0.040339	0.000000	0.000000	0.442555	0.000000	0.000000	0.000000	0.000000	0.000000
