logL = -1673.245582 (converged)
AIC = 5410.491164
BIC = 8517.466788

count.K
17 35 31 3 10 54 

