logL = -1789.520187 (converged)
AIC = 7767.040375
BIC = 14071.310681

count.K
5 10 8 3 3 4 7 9 65 20 16 

