logL = -338.343369 (converged)
AIC = 4770.686738
BIC = 10933.457185

count.K
25 17 16 30 2 12 7 9 2 10 6 6 8 

