0	tsk_0	(x)	1	:	0.000000	0.000000	0.000000	0.000000	0.500000	0.500000	0.000000	0.000000	0.000000	0.000000	0.000000
1	tsk_1	(x)	1	:	0.000000	0.000000	0.000000	0.000000	0.000000	0.529301	0.000000	0.000000	0.470587	0.000001	0.000111
2	tsk_2	(x)	1	:	0.000000	0.000000	0.547128	0.000000	0.000000	0.452872	0.000000	0.000000	0.000000	0.000000	0.000000
3	tsk_3	(x)	1	:	0.000000	0.000000	0.446815	0.000000	0.000000	0.404777	0.148408	0.000000	0.000000	0.000000	0.000000
4	tsk_4	(x)	1	:	0.000000	0.000000	0.000000	0.000000	0.000000	0.529301	0.000000	0.000000	0.470587	0.000001	0.000111
5	tsk_5	(x)	1	:	0.000000	0.000000	0.000000	0.000000	1.000000	0.000000	0.000000	0.000000	0.000000	0.000000	0.000000
6	tsk_6	(x)	1	:	0.000000	0.000000	0.000000	0.000000	0.500000	0.500000	0.000000	0.000000	0.000000	0.000000	0.000000
7	tsk_7	(x)	1	:	0.000000	0.000000	0.000000	0.000000	0.406627	0.436544	0.156829	0.000000	0.000000	0.000000	0.000000
8	tsk_8	(x)	1	:	0.000000	0.000000	0.547128	0.000000	0.000000	0.452872	0.000000	0.000000	0.000000	0.000000	0.000000
9	tsk_9	(x)	1	:	0.000000	0.000000	0.000000	0.000000	1.000000	0.000000	0.000000	0.000000	0.000000	0.000000	0.000000
10	tsk_10	(x)	1	:	0.466681	0.000000	0.000000	0.000000	0.000000	0.000000	0.000000	0.000000	0.000000	0.000000	0.533319
11	tsk_11	(x)	1	:	0.433524	0.000000	0.000000	0.000000	0.564219	0.000000	0.000000	0.000000	0.000000	0.000000	0.002257
12	tsk_12	(x)	1	:	0.611646	0.000000	0.000000	0.000000	0.000000	0.000000	0.000000	0.000000	0.000000	0.000000	0.388354
13	tsk_13	(x)	1	:	0.000000	0.000000	0.000000	0.000000	0.487130	0.000000	0.512870	0.000000	0.000000	0.000000	0.000000
14	tsk_14	(x)	1	:	0.436207	0.000000	0.559167	0.000000	0.000000	0.000000	0.000000	0.000000	0.000000	0.000000	0.004626
15	tsk_15	(x)	1	:	0.000000	0.000000	0.000000	0.000000	0.000000	0.000000	0.564941	0.000000	0.000000	0.000000	0.435059
16	tsk_16	(x)	1	:	0.000000	0.000000	0.000000	0.000000	0.487130	0.000000	0.512870	0.000000	0.000000	0.000000	0.000000
17	tsk_17	(x)	1	:	0.000000	0.000000	0.000000	0.000000	0.000000	0.000000	0.532236	0.000000	0.000000	0.467749	0.000015
18	tsk_18	(x)	1	:	0.000000	0.000000	0.000000	0.000000	0.000000	0.000000	0.537176	0.000000	0.462704	0.000000	0.000119
19	tsk_19	(x)	1	:	0.521783	0.000000	0.000000	0.000000	0.478217	0.000000	0.000000	0.000000	0.000000	0.000000	0.000000
20	tsk_20	(x)	1	:	0.000000	1.000000	0.000000	0.000000	0.000000	0.000000	0.000000	0.000000	0.000000	0.000000	0.000000
21	tsk_21	(x)	1	:	0.000000	0.510592	0.000000	0.000000	0.000000	0.000000	0.000000	0.000000	0.000000	0.489131	0.000277
22	tsk_22	(x)	1	:	0.000000	1.000000	0.000000	0.000000	0.000000	0.000000	0.000000	0.000000	0.000000	0.000000	0.000000
23	tsk_23	(x)	1	:	0.000000	0.497945	0.502018	0.000000	0.000000	0.000000	0.000000	0.000000	0.000000	0.000000	0.000037
24	tsk_24	(x)	1	:	0.000000	1.000000	0.000000	0.000000	0.000000	0.000000	0.000000	0.000000	0.000000	0.000000	0.000000
25	tsk_25	(x)	1	:	0.000000	0.516596	0.000000	0.482697	0.000000	0.000000	0.000000	0.000000	0.000000	0.000000	0.000707
26	tsk_26	(x)	1	:	0.000000	0.510589	0.000000	0.000000	0.000000	0.000000	0.000000	0.000000	0.000000	0.489128	0.000283
27	tsk_27	(x)	1	:	0.000000	0.000000	0.000000	1.000000	0.000000	0.000000	0.000000	0.000000	0.000000	0.000000	0.000000
28	tsk_28	(x)	1	:	0.000000	0.516597	0.000000	0.482698	0.000000	0.000000	0.000000	0.000000	0.000000	0.000000	0.000706
29	tsk_29	(x)	1	:	0.000000	0.416904	0.583096	0.000000	0.000000	0.000000	0.000000	0.000000	0.000000	0.000000	0.000000
30	tsk_30	(x)	1	:	0.000000	0.497945	0.502019	0.000000	0.000000	0.000000	0.000000	0.000000	0.000000	0.000000	0.000036
31	tsk_31	(x)	1	:	0.483345	0.000000	0.000000	0.000000	0.000000	0.000000	0.000000	0.000000	0.000000	0.516655	0.000000
32	tsk_32	(x)	1	:	0.489322	0.000000	0.000000	0.000000	0.000000	0.000000	0.000000	0.510678	0.000000	0.000000	0.000000
33	tsk_33	(x)	1	:	0.000000	0.000000	0.000000	0.000000	0.000000	0.000000	0.000000	1.000000	0.000000	0.000000	0.000000
34	tsk_34	(x)	1	:	0.000000	0.532034	0.000000	0.000000	0.000000	0.467966	0.000000	0.000000	0.000000	0.000000	0.000000
35	tsk_35	(x)	1	:	0.000000	0.483726	0.000000	0.000000	0.000000	0.516273	0.000000	0.000000	0.000000	0.000000	0.000001
36	tsk_36	(x)	1	:	0.000000	1.000000	0.000000	0.000000	0.000000	0.000000	0.000000	0.000000	0.000000	0.000000	0.000000
37	tsk_37	(x)	1	:	0.000000	0.416904	0.583096	0.000000	0.000000	0.000000	0.000000	0.000000	0.000000	0.000000	0.000000
38	tsk_38	(x)	1	:	0.000000	0.000000	0.000000	0.000000	0.000000	0.529302	0.000000	0.000000	0.470593	0.000001	0.000103
39	tsk_39	(x)	1	:	0.000000	0.608334	0.000000	0.000000	0.000000	0.000000	0.000000	0.000000	0.000000	0.391666	0.000000
40	tsk_40	(x)	1	:	0.000000	0.000000	0.000000	0.000000	0.000000	1.000000	0.000000	0.000000	0.000000	0.000000	0.000000
41	tsk_41	(x)	1	:	0.442737	0.000000	0.000000	0.000000	0.000000	0.550261	0.000000	0.000000	0.000000	0.000005	0.006996
42	tsk_42	(x)	1	:	0.442757	0.000000	0.000000	0.000000	0.000000	0.550273	0.000000	0.000000	0.000000	0.000008	0.006962
43	tsk_43	(x)	1	:	1.000000	0.000000	0.000000	0.000000	0.000000	0.000000	0.000000	0.000000	0.000000	0.000000	0.000000
44	tsk_44	(x)	1	:	0.000000	0.000000	0.000000	0.000000	0.000000	1.000000	0.000000	0.000000	0.000000	0.000000	0.000000
45	tsk_45	(x)	1	:	0.000000	0.000000	0.000000	0.000000	0.000000	1.000000	0.000000	0.000000	0.000000	0.000000	0.000000
46	tsk_46	(x)	1	:	0.517911	0.000000	0.000000	0.000000	0.000000	0.482088	0.000000	0.000000	0.000000	0.000000	0.000000
47	tsk_47	(x)	1	:	0.442733	0.000000	0.000000	0.000000	0.000000	0.550256	0.000000	0.000000	0.000000	0.000006	0.007005
48	tsk_48	(x)	1	:	0.442740	0.000000	0.000000	0.000000	0.000000	0.550262	0.000000	0.000000	0.000000	0.000006	0.006992
49	tsk_49	(x)	1	:	0.000000	0.000000	0.000000	0.000000	0.000000	0.612652	0.000000	0.000000	0.000000	0.387348	0.000000
50	tsk_50	(x)	1	:	0.000000	0.000000	0.000000	0.000000	0.538929	0.000000	0.000000	0.000000	0.461013	0.000000	0.000057
51	tsk_51	(x)	1	:	0.000000	0.000000	0.382857	0.000000	0.000000	0.000000	0.000000	0.000000	0.000000	0.000000	0.617143
52	tsk_52	(x)	1	:	0.000000	0.000000	0.000000	0.000000	0.000000	0.612652	0.000000	0.000000	0.000000	0.387348	0.000000
53	tsk_53	(x)	1	:	0.000000	0.000000	0.000000	0.000000	0.000000	0.529302	0.000000	0.000000	0.470591	0.000001	0.000106
54	tsk_54	(x)	1	:	0.000000	0.000000	0.000000	0.000000	0.521184	0.000000	0.000000	0.471430	0.000000	0.007386	0.000000
55	tsk_55	(x)	1	:	0.000000	0.000000	0.000000	0.000000	0.000000	0.000000	0.000000	1.000000	0.000000	0.000000	0.000000
56	tsk_56	(x)	1	:	0.444814	0.000000	0.000000	0.000000	0.000000	0.000000	0.000000	0.000000	0.537831	0.000000	0.017354
57	tsk_57	(x)	1	:	0.000000	0.000000	0.000000	0.000000	0.000000	0.470667	0.000000	0.000000	0.000000	0.000000	0.529333
58	tsk_58	(x)	1	:	0.000000	0.000000	0.560612	0.000000	0.439388	0.000000	0.000000	0.000000	0.000000	0.000000	0.000000
59	tsk_59	(x)	1	:	0.000000	0.000000	0.000000	0.000000	0.000000	0.470667	0.000000	0.000000	0.000000	0.000000	0.529333
60	tsk_60	(x)	1	:	0.436217	0.000000	0.559190	0.000000	0.000000	0.000000	0.000000	0.000000	0.000000	0.000000	0.004593
61	tsk_61	(x)	1	:	0.000000	0.497945	0.502018	0.000000	0.000000	0.000000	0.000000	0.000000	0.000000	0.000000	0.000037
62	tsk_62	(x)	1	:	0.000000	0.000000	0.000000	0.000000	0.000000	0.529302	0.000000	0.000000	0.470590	0.000001	0.000106
63	tsk_63	(x)	1	:	0.000000	0.000000	0.000000	0.000000	0.000000	0.529301	0.000000	0.000000	0.470585	0.000000	0.000114
64	tsk_64	(x)	1	:	0.000000	0.000000	0.000000	0.000000	0.000000	0.000000	0.000000	0.000000	1.000000	0.000000	0.000000
65	tsk_65	(x)	1	:	0.000000	0.000000	0.000000	0.000000	0.000000	0.529301	0.000000	0.000000	0.470586	0.000000	0.000112
66	tsk_66	(x)	1	:	0.000000	0.000000	0.000000	0.000000	0.000000	0.000000	0.000000	0.000000	1.000000	0.000000	0.000000
67	tsk_67	(x)	1	:	0.000000	0.000000	0.000000	0.000000	0.000000	0.529301	0.000000	0.000000	0.470590	0.000001	0.000107
68	tsk_68	(x)	1	:	0.000000	0.000000	0.000000	0.000000	0.000000	0.000000	0.000000	0.000000	1.000000	0.000000	0.000000
69	tsk_69	(x)	1	:	0.000000	0.511914	0.000000	0.000000	0.000000	0.000000	0.000000	0.000000	0.487607	0.000000	0.000479
70	tsk_70	(x)	1	:	0.548188	0.000000	0.451810	0.000000	0.000000	0.000000	0.000000	0.000000	0.000000	0.000000	0.000001
71	tsk_71	(x)	1	:	1.000000	0.000000	0.000000	0.000000	0.000000	0.000000	0.000000	0.000000	0.000000	0.000000	0.000000
72	tsk_72	(x)	1	:	0.517912	0.000000	0.000000	0.000000	0.000000	0.482088	0.000000	0.000000	0.000000	0.000000	0.000000
73	tsk_73	(x)	1	:	0.548189	0.000000	0.451811	0.000000	0.000000	0.000000	0.000000	0.000000	0.000000	0.000000	0.000000
74	tsk_74	(x)	1	:	0.517912	0.000000	0.000000	0.000000	0.000000	0.482088	0.000000	0.000000	0.000000	0.000000	0.000000
75	tsk_75	(x)	1	:	0.000000	0.000000	0.000000	0.000000	0.000000	0.529301	0.000000	0.000000	0.470586	0.000000	0.000113
76	tsk_76	(x)	1	:	0.611646	0.000000	0.000000	0.000000	0.000000	0.000000	0.000000	0.000000	0.000000	0.000000	0.388354
77	tsk_77	(x)	1	:	0.548070	0.000000	0.000000	0.000000	0.000000	0.000000	0.000000	0.000000	0.000000	0.451930	0.000000
78	tsk_78	(x)	1	:	1.000000	0.000000	0.000000	0.000000	0.000000	0.000000	0.000000	0.000000	0.000000	0.000000	0.000000
79	tsk_79	(x)	1	:	0.000000	0.000000	0.000000	0.000000	0.000000	0.000000	0.000000	0.000000	0.000000	0.000000	1.000000
80	tsk_80	(x)	1	:	0.000000	0.000000	0.000000	0.000000	0.000000	0.000000	0.000000	0.000000	1.000000	0.000000	0.000000
81	tsk_81	(x)	1	:	1.000000	0.000000	0.000000	0.000000	0.000000	0.000000	0.000000	0.000000	0.000000	0.000000	0.000000
82	tsk_82	(x)	1	:	0.000000	0.000000	0.000000	0.000000	0.000000	0.469251	0.000000	0.000000	0.530749	0.000000	0.000000
83	tsk_83	(x)	1	:	0.000000	0.000000	0.000000	0.000000	0.000000	0.000000	0.000000	0.000000	1.000000	0.000000	0.000000
84	tsk_84	(x)	1	:	0.539252	0.460748	0.000000	0.000000	0.000000	0.000000	0.000000	0.000000	0.000000	0.000000	0.000000
85	tsk_85	(x)	1	:	0.543214	0.000000	0.000000	0.000000	0.000000	0.000000	0.000000	0.000000	0.456785	0.000000	0.000000
86	tsk_86	(x)	1	:	1.000000	0.000000	0.000000	0.000000	0.000000	0.000000	0.000000	0.000000	0.000000	0.000000	0.000000
87	tsk_87	(x)	1	:	0.000000	0.416904	0.583096	0.000000	0.000000	0.000000	0.000000	0.000000	0.000000	0.000000	0.000000
88	tsk_88	(x)	1	:	0.000000	0.432264	0.000000	0.000000	0.000000	0.000000	0.000000	0.000000	0.567736	0.000000	0.000000
89	tsk_89	(x)	1	:	0.486591	0.000000	0.000000	0.000000	0.000000	0.000000	0.000000	0.000000	0.513409	0.000000	0.000000
90	tsk_90	(x)	1	:	0.000000	0.000000	0.000000	0.000000	0.000000	0.000000	0.532236	0.000000	0.000000	0.467748	0.000016
91	tsk_91	(x)	1	:	0.000000	0.000000	0.000000	0.000000	0.000000	0.000000	0.000000	0.000000	0.501220	0.497152	0.001628
92	tsk_92	(x)	1	:	0.000000	0.000000	0.000000	0.000000	0.000000	0.000068	0.000000	0.000000	0.000000	0.999932	0.000000
93	tsk_93	(x)	1	:	0.000000	0.000000	0.000000	0.000000	0.000000	1.000000	0.000000	0.000000	0.000000	0.000000	0.000000
94	tsk_94	(x)	1	:	0.000000	0.000000	0.547128	0.000000	0.000000	0.452872	0.000000	0.000000	0.000000	0.000000	0.000000
95	tsk_95	(x)	1	:	0.000000	0.000000	0.000000	0.000000	0.000000	0.612652	0.000000	0.000000	0.000000	0.387348	0.000000
96	tsk_96	(x)	1	:	0.000000	0.000000	0.593740	0.000000	0.000000	0.000000	0.000000	0.000000	0.000000	0.406259	0.000000
97	tsk_97	(x)	1	:	0.000000	0.000000	0.000000	0.000000	0.000000	0.529302	0.000000	0.000000	0.470588	0.000000	0.000110
98	tsk_98	(x)	1	:	0.000000	0.000000	0.481270	0.000000	0.000000	0.518727	0.000000	0.000000	0.000000	0.000000	0.000003
99	tsk_99	(x)	1	:	0.000000	0.000000	0.000000	0.000000	0.000000	0.612652	0.000000	0.000000	0.000000	0.387348	0.000000
100	tsk_100	(x)	1	:	0.000000	0.000000	1.000000	0.000000	0.000000	0.000000	0.000000	0.000000	0.000000	0.000000	0.000000
101	tsk_101	(x)	1	:	0.388238	0.000000	0.000000	0.000000	0.000000	0.000000	0.000000	0.000000	0.611761	0.000000	0.000000
102	tsk_102	(x)	1	:	0.000000	0.000000	0.520813	0.000000	0.000000	0.000000	0.000000	0.000000	0.478949	0.000000	0.000237
103	tsk_103	(x)	1	:	0.000000	0.000000	0.000000	0.000000	1.000000	0.000000	0.000000	0.000000	0.000000	0.000000	0.000000
104	tsk_104	(x)	1	:	0.000000	0.000000	0.475101	0.000000	0.524896	0.000000	0.000000	0.000000	0.000000	0.000000	0.000002
105	tsk_105	(x)	1	:	0.000000	0.000000	0.520768	0.000000	0.000000	0.000000	0.000000	0.000000	0.478902	0.000000	0.000330
106	tsk_106	(x)	1	:	0.000000	0.000000	0.412568	0.000000	0.000000	0.000000	0.000000	0.000000	0.587431	0.000000	0.000000
107	tsk_107	(x)	1	:	0.000000	0.000000	0.000000	0.000000	0.000000	0.000000	0.489378	0.000000	0.510622	0.000000	0.000000
108	tsk_108	(x)	1	:	0.000000	0.000000	0.000000	0.000000	0.476946	0.000000	0.000000	0.000000	0.000000	0.000000	0.523054
109	tsk_109	(x)	1	:	0.000000	0.000000	1.000000	0.000000	0.000000	0.000000	0.000000	0.000000	0.000000	0.000000	0.000000
110	tsk_110	(x)	1	:	0.000000	0.000000	0.215949	0.000000	0.000000	0.000000	0.000000	0.000000	0.000000	0.000000	0.784051
111	tsk_111	(x)	1	:	0.433527	0.000000	0.000000	0.000000	0.564222	0.000000	0.000000	0.000000	0.000000	0.000000	0.002251
112	tsk_112	(x)	1	:	0.000000	0.497945	0.502017	0.000000	0.000000	0.000000	0.000000	0.000000	0.000000	0.000000	0.000038
113	tsk_113	(x)	1	:	0.000000	0.000000	0.000000	0.000000	0.500000	0.500000	0.000000	0.000000	0.000000	0.000000	0.000000
114	tsk_114	(x)	1	:	0.000000	0.000000	0.481270	0.000000	0.000000	0.518727	0.000000	0.000000	0.000000	0.000000	0.000003
115	tsk_115	(x)	1	:	0.000000	0.479682	0.000000	0.000000	0.520317	0.000000	0.000000	0.000000	0.000000	0.000000	0.000000
116	tsk_116	(x)	1	:	0.000000	0.000000	1.000000	0.000000	0.000000	0.000000	0.000000	0.000000	0.000000	0.000000	0.000000
117	tsk_117	(x)	1	:	0.000000	0.000000	1.000000	0.000000	0.000000	0.000000	0.000000	0.000000	0.000000	0.000000	0.000000
118	tsk_118	(x)	1	:	0.000000	0.000000	0.000000	0.000000	0.500000	0.500000	0.000000	0.000000	0.000000	0.000000	0.000000
119	tsk_119	(x)	1	:	0.000000	0.000000	0.000000	0.000000	0.394223	0.000000	0.000000	0.000000	0.605777	0.000000	0.000000
120	tsk_120	(x)	1	:	0.000000	0.000000	0.521837	0.000000	0.000000	0.000000	0.478163	0.000000	0.000000	0.000000	0.000000
121	tsk_121	(x)	1	:	0.303737	0.000000	0.000000	0.000000	0.000000	0.000000	0.000000	0.000000	0.000000	0.000000	0.696263
122	tsk_122	(x)	1	:	0.000000	0.543050	0.000000	0.000000	0.456950	0.000000	0.000000	0.000000	0.000000	0.000000	0.000000
123	tsk_123	(x)	1	:	0.000000	1.000000	0.000000	0.000000	0.000000	0.000000	0.000000	0.000000	0.000000	0.000000	0.000000
124	tsk_124	(x)	1	:	0.000000	0.516039	0.000000	0.000000	0.000000	0.000000	0.483961	0.000000	0.000000	0.000000	0.000000
125	tsk_125	(x)	1	:	0.000000	0.000000	0.742956	0.000000	0.000000	0.000000	0.000000	0.000000	0.000000	0.000000	0.257044
126	tsk_126	(x)	1	:	0.000000	0.587972	0.000000	0.000000	0.000000	0.000000	0.000000	0.000000	0.412027	0.000000	0.000000
127	tsk_127	(x)	1	:	0.000000	0.448326	0.000000	0.000000	0.000000	0.000000	0.000000	0.000000	0.000000	0.000000	0.551674
128	tsk_128	(x)	1	:	0.000000	0.000000	0.000000	0.000000	0.000000	0.000000	0.564941	0.000000	0.000000	0.000000	0.435059
129	tsk_129	(x)	1	:	0.000000	0.000000	0.000000	0.000000	0.000000	0.000000	0.495773	0.000000	0.000000	0.000000	0.504227
130	tsk_130	(x)	1	:	0.000000	0.000000	0.000000	0.000000	0.000000	0.000067	0.000000	0.000000	0.000000	0.999933	0.000000
131	tsk_131	(x)	1	:	0.000000	0.000000	0.524170	0.475485	0.000000	0.000000	0.000000	0.000000	0.000000	0.000000	0.000346
132	tsk_132	(x)	1	:	0.318446	0.000000	0.000000	0.268184	0.413370	0.000000	0.000000	0.000000	0.000000	0.000000	0.000000
133	tsk_133	(x)	1	:	0.000000	0.000000	0.481270	0.000000	0.000000	0.518727	0.000000	0.000000	0.000000	0.000000	0.000003
134	tsk_134	(x)	1	:	0.000000	0.000000	0.481270	0.000000	0.000000	0.518727	0.000000	0.000000	0.000000	0.000000	0.000003
135	tsk_135	(x)	1	:	0.000000	0.000000	0.000000	0.470227	0.000000	0.529692	0.000000	0.000000	0.000000	0.000003	0.000078
136	tsk_136	(x)	1	:	0.000000	0.000000	0.000000	0.000000	0.000000	0.000000	0.537178	0.000000	0.462710	0.000000	0.000112
137	tsk_137	(x)	1	:	0.308357	0.000000	0.000000	0.260861	0.000000	0.430782	0.000000	0.000000	0.000000	0.000000	0.000000
138	tsk_138	(x)	1	:	0.000000	0.000000	0.000000	0.000000	0.000000	0.000000	0.000000	0.000000	0.501264	0.497173	0.001562
139	tsk_139	(x)	1	:	0.000000	0.000000	0.000000	0.000000	0.000000	0.483472	0.000000	0.000000	0.000000	0.000000	0.516528
140	tsk_140	(x)	1	:	0.000000	0.000000	0.000000	0.000000	0.000000	0.000000	0.000000	0.000000	0.000000	1.000000	0.000000
141	tsk_141	(x)	1	:	0.000000	0.000000	0.506356	0.000000	0.000000	0.000000	0.000000	0.476128	0.000000	0.017513	0.000003
142	tsk_142	(x)	1	:	0.403258	0.000000	0.000000	0.000000	0.000000	0.000000	0.000000	0.000000	0.000000	0.596739	0.000003
143	tsk_143	(x)	1	:	0.000000	0.000000	0.000000	0.000000	0.000000	0.000000	0.000000	0.000000	0.551420	0.448580	0.000000
144	tsk_144	(x)	1	:	0.000000	0.000000	0.426142	0.000000	0.000000	0.000000	0.000000	0.000000	0.000000	0.573857	0.000000
145	tsk_145	(x)	1	:	0.000000	0.558799	0.000000	0.000000	0.000000	0.000000	0.000000	0.000000	0.000000	0.000000	0.441200
146	tsk_146	(x)	1	:	0.000000	0.000000	0.000000	0.000000	0.000000	0.000000	0.000000	0.000000	0.000000	1.000000	0.000000
147	tsk_147	(x)	1	:	0.000000	0.000000	0.000000	0.000000	0.000000	0.000000	0.000000	0.000000	0.000000	1.000000	0.000000
148	tsk_148	(x)	1	:	0.000000	0.000000	0.426142	0.000000	0.000000	0.000000	0.000000	0.000000	0.000000	0.573857	0.000000
149	tsk_149	(x)	1	:	0.000000	0.000000	0.000000	0.000000	0.000000	0.000067	0.000000	0.000000	0.000000	0.999933	0.000000
