logL = -1880.244936 (converged)
AIC = 4228.489871
BIC = 4932.978530

count.K
68 82 

