logL = -1326.993035 (converged)
AIC = 3487.986070
BIC = 4743.420988

count.K
42 29 79 

