logL = -1948.456469 (converged)
AIC = 5996.912938
BIC = 9158.079996

count.K
20 48 21 10 40 11 

