0	tsk_0	(x)	1	:	0.000000	0.000000	0.145909	0.000000	0.059516	0.405624	0.000000	0.000000	0.000000	0.000000	0.088816	0.000000	0.000000	0.188753	0.111383
1	tsk_1	(x)	1	:	0.000000	0.000000	0.113100	0.000000	0.000000	0.500000	0.000000	0.000000	0.000000	0.000000	0.000000	0.000000	0.000000	0.000000	0.386900
2	tsk_2	(x)	1	:	0.000000	0.000000	0.000820	0.491088	0.000960	0.000000	0.000000	0.000000	0.000000	0.000000	0.001565	0.450460	0.046604	0.000000	0.008502
3	tsk_3	(x)	1	:	0.000000	0.000000	0.000000	0.437637	0.000000	0.380542	0.000000	0.000000	0.000000	0.000000	0.000000	0.000000	0.000000	0.181814	0.000007
4	tsk_4	(x)	1	:	0.486714	0.000000	0.000000	0.000000	0.000000	0.513286	0.000000	0.000000	0.000000	0.000000	0.000000	0.000000	0.000000	0.000000	0.000000
5	tsk_5	(x)	1	:	0.000000	0.000000	0.043705	0.500000	0.045128	0.000000	0.000000	0.000000	0.000000	0.000000	0.019120	0.000000	0.000000	0.000000	0.392047
6	tsk_6	(x)	1	:	0.000000	0.000000	0.046263	0.000000	0.112640	0.500000	0.000000	0.000000	0.000000	0.000000	0.084394	0.000000	0.000000	0.000000	0.256703
7	tsk_7	(x)	1	:	0.000000	0.000000	0.001146	0.491135	0.001918	0.495607	0.000000	0.000000	0.000000	0.000000	0.000663	0.000000	0.000000	0.000000	0.009531
8	tsk_8	(x)	1	:	0.000000	0.000000	0.229403	0.000000	0.218136	0.000000	0.000000	0.000000	0.000000	0.000000	0.151180	0.000000	0.000000	0.000000	0.401282
9	tsk_9	(x)	1	:	0.000000	0.000000	0.000000	1.000000	0.000000	0.000000	0.000000	0.000000	0.000000	0.000000	0.000000	0.000000	0.000000	0.000000	0.000000
10	tsk_10	(x)	1	:	0.000000	0.000000	0.128588	0.000000	0.033611	0.006280	0.496860	0.000000	0.000000	0.000000	0.036498	0.000000	0.000000	0.000000	0.298162
11	tsk_11	(x)	1	:	0.000000	0.000000	0.100474	0.000000	0.137563	0.006241	0.496879	0.000000	0.000000	0.000000	0.052390	0.000000	0.000000	0.000000	0.206453
12	tsk_12	(x)	1	:	0.000000	0.000000	0.200157	0.000000	0.043124	0.000000	0.000000	0.000000	0.000000	0.000000	0.232352	0.466620	0.033380	0.000000	0.024367
13	tsk_13	(x)	1	:	0.000000	0.000000	0.000000	0.000000	0.000000	0.004557	0.496959	0.000000	0.000000	0.000000	0.000000	0.406192	0.092293	0.000000	0.000000
14	tsk_14	(x)	1	:	0.000000	0.000000	0.322865	0.000000	0.509319	0.000000	0.000000	0.000000	0.000000	0.000000	0.053526	0.000000	0.000000	0.000000	0.114290
15	tsk_15	(x)	1	:	0.000000	0.000000	0.000000	0.000000	0.000000	0.000000	0.000000	0.000000	0.000000	0.000000	0.000000	0.804123	0.195877	0.000000	0.000000
16	tsk_16	(x)	1	:	0.000000	0.000000	0.000000	0.000000	0.000000	0.500000	0.500000	0.000000	0.000000	0.000000	0.000000	0.000000	0.000000	0.000000	0.000000
17	tsk_17	(x)	1	:	0.000000	0.000000	0.000000	0.000000	0.000000	0.000000	1.000000	0.000000	0.000000	0.000000	0.000000	0.000000	0.000000	0.000000	0.000000
18	tsk_18	(x)	1	:	0.486714	0.000000	0.000000	0.000000	0.000000	0.513286	0.000000	0.000000	0.000000	0.000000	0.000000	0.000000	0.000000	0.000000	0.000000
19	tsk_19	(x)	1	:	0.000000	0.000000	0.147932	0.000000	0.183024	0.500000	0.000000	0.000000	0.000000	0.000000	0.000000	0.000000	0.000000	0.000000	0.169044
20	tsk_20	(x)	1	:	0.485114	0.000000	0.099201	0.000000	0.295953	0.016493	0.000000	0.000000	0.000000	0.000000	0.000000	0.000000	0.000000	0.000000	0.103240
21	tsk_21	(x)	1	:	0.000000	0.514362	0.000000	0.000000	0.000000	0.485638	0.000000	0.000000	0.000000	0.000000	0.000000	0.000000	0.000000	0.000000	0.000000
22	tsk_22	(x)	1	:	0.000000	0.305046	0.000000	0.000000	0.000000	0.372314	0.000000	0.000000	0.322640	0.000000	0.000000	0.000000	0.000000	0.000000	0.000000
23	tsk_23	(x)	1	:	0.484907	0.000000	0.043207	0.000000	0.208756	0.016906	0.000000	0.000000	0.000000	0.000000	0.064332	0.000000	0.000000	0.000000	0.181892
24	tsk_24	(x)	1	:	0.484971	0.000000	0.232916	0.000000	0.000000	0.016778	0.000000	0.000000	0.000000	0.000000	0.070015	0.000000	0.000000	0.000000	0.195320
25	tsk_25	(x)	1	:	0.000000	0.000000	0.032877	0.000000	0.231008	0.000000	0.000000	0.000000	0.418085	0.000000	0.019553	0.000000	0.000000	0.000000	0.298477
26	tsk_26	(x)	1	:	0.000000	0.000000	0.003057	0.499975	0.012200	0.000000	0.000000	0.000000	0.418076	0.000000	0.002721	0.000000	0.000000	0.000000	0.063971
27	tsk_27	(x)	1	:	0.485437	0.000000	0.269725	0.000000	0.000000	0.015845	0.000000	0.000000	0.000000	0.000000	0.045849	0.000000	0.000000	0.000000	0.183143
28	tsk_28	(x)	1	:	0.485156	0.000000	0.033290	0.000000	0.363472	0.016407	0.000000	0.000000	0.000000	0.000000	0.067208	0.000000	0.000000	0.000000	0.034466
29	tsk_29	(x)	1	:	0.000000	0.000000	0.055073	0.000000	0.174411	0.000000	0.000000	0.000000	0.418085	0.000000	0.066311	0.000000	0.000000	0.000000	0.286119
30	tsk_30	(x)	1	:	0.000000	0.000000	0.000000	0.000000	0.000000	0.002109	0.000000	0.494361	0.000000	0.000000	0.000000	0.124679	0.378851	0.000000	0.000000
31	tsk_31	(x)	1	:	0.000000	0.000000	0.250333	0.000000	0.098360	0.000000	0.000000	0.000000	0.000000	0.000000	0.000000	0.476434	0.023566	0.000000	0.151308
32	tsk_32	(x)	1	:	0.000000	0.000000	0.253019	0.000000	0.106902	0.000000	0.000000	0.000000	0.000000	0.000000	0.166948	0.000000	0.000000	0.000000	0.473131
33	tsk_33	(x)	1	:	0.000000	0.000000	0.161405	0.000000	0.087218	0.000000	0.000000	0.000000	0.000000	0.000000	0.175445	0.366146	0.133854	0.000000	0.075931
34	tsk_34	(x)	1	:	0.000000	0.000000	0.125684	0.000000	0.051894	0.000000	0.000000	0.000000	0.000000	0.000000	0.144780	0.462666	0.037334	0.000000	0.177642
35	tsk_35	(x)	1	:	0.000000	0.000000	0.002308	0.490515	0.000983	0.000000	0.000000	0.000000	0.000000	0.000001	0.004209	0.305403	0.191474	0.000000	0.005107
36	tsk_36	(x)	1	:	0.000000	0.514362	0.000000	0.000000	0.000000	0.485638	0.000000	0.000000	0.000000	0.000000	0.000000	0.000000	0.000000	0.000000	0.000000
37	tsk_37	(x)	1	:	0.000000	0.000000	0.000000	0.000000	0.000000	0.000000	0.000000	0.000000	0.000000	0.000000	0.000000	0.769206	0.230794	0.000000	0.000000
38	tsk_38	(x)	1	:	0.000000	0.000000	0.000000	0.000000	0.000000	0.001724	0.000000	0.494668	0.000000	0.000000	0.000000	0.158813	0.344796	0.000000	0.000000
39	tsk_39	(x)	1	:	0.000000	0.000000	0.083937	0.000000	0.107662	0.000000	0.000000	0.000000	0.000000	0.000000	0.277516	0.417973	0.082027	0.000000	0.030885
40	tsk_40	(x)	1	:	0.552613	0.000000	0.036594	0.000000	0.164564	0.000000	0.000000	0.000000	0.000000	0.000000	0.052569	0.000000	0.000000	0.000000	0.193659
41	tsk_41	(x)	1	:	0.000000	0.000000	0.430877	0.000000	0.217785	0.000000	0.000000	0.000000	0.000000	0.000000	0.229706	0.000000	0.000000	0.000000	0.121632
42	tsk_42	(x)	1	:	0.484335	0.000000	0.055862	0.000000	0.341344	0.018053	0.000000	0.000000	0.000000	0.000000	0.041794	0.000000	0.000000	0.000000	0.058612
43	tsk_43	(x)	1	:	0.000000	0.000000	0.185501	0.000000	0.236513	0.000000	0.000000	0.000000	0.000000	0.000000	0.182590	0.000000	0.000000	0.000000	0.395396
44	tsk_44	(x)	1	:	0.000000	0.000000	0.102291	0.000000	0.257043	0.000000	0.000000	0.000000	0.000000	0.000000	0.205446	0.000000	0.000000	0.000000	0.435219
45	tsk_45	(x)	1	:	0.000000	0.000000	0.118851	0.000000	0.304437	0.000000	0.000000	0.000000	0.000000	0.000000	0.229852	0.000000	0.000000	0.000000	0.346860
46	tsk_46	(x)	1	:	0.000000	0.000000	0.130794	0.000000	0.413878	0.000000	0.000000	0.000000	0.000000	0.000000	0.086657	0.000000	0.000000	0.000000	0.368671
47	tsk_47	(x)	1	:	0.000000	0.000000	0.209577	0.000000	0.355672	0.000000	0.000000	0.000000	0.000000	0.000000	0.137909	0.000000	0.000000	0.000000	0.296842
48	tsk_48	(x)	1	:	0.000000	0.000000	0.095371	0.000000	0.174337	0.500000	0.000000	0.000000	0.000000	0.000000	0.119267	0.000000	0.000000	0.000000	0.111025
49	tsk_49	(x)	1	:	0.000000	0.000000	0.168446	0.000000	0.214684	0.000000	0.000000	0.000000	0.000000	0.000000	0.147560	0.000000	0.000000	0.000000	0.469310
50	tsk_50	(x)	1	:	0.485350	0.000000	0.000000	0.000000	0.000000	0.015327	0.000000	0.000000	0.000000	0.000000	0.000000	0.224970	0.274352	0.000000	0.000000
51	tsk_51	(x)	1	:	0.000000	0.000000	0.182784	0.000000	0.028247	0.000000	0.000000	0.000000	0.000000	0.000000	0.159843	0.415025	0.084975	0.000000	0.129126
52	tsk_52	(x)	1	:	0.000000	0.000000	0.000000	0.000000	0.000000	0.021280	0.000000	0.479022	0.000000	0.000000	0.000000	0.007626	0.492072	0.000000	0.000000
53	tsk_53	(x)	1	:	0.485240	0.000000	0.000000	0.000000	0.337288	0.016240	0.000000	0.000000	0.000000	0.000000	0.052187	0.000000	0.000000	0.000000	0.109045
54	tsk_54	(x)	1	:	0.000000	0.000000	0.066191	0.000000	0.081003	0.000000	0.000000	0.000000	0.000000	0.000000	0.306629	0.500000	0.000000	0.000000	0.046177
55	tsk_55	(x)	1	:	0.000000	0.000000	0.000000	0.000000	0.000000	0.000944	0.000000	0.495289	0.000000	0.000000	0.000000	0.101909	0.401859	0.000000	0.000000
56	tsk_56	(x)	1	:	0.000000	0.000000	0.000000	0.000000	0.000000	0.000000	0.000000	0.000000	0.000000	0.000000	0.000000	0.716956	0.283044	0.000000	0.000000
57	tsk_57	(x)	1	:	0.000000	0.000000	0.000000	0.000000	0.000000	0.000000	0.000000	0.000000	0.000000	0.000000	0.000000	0.807837	0.192162	0.000000	0.000000
58	tsk_58	(x)	1	:	0.000000	0.000000	0.059316	0.000000	0.173264	0.000000	0.000000	0.000000	0.000000	0.000000	0.106212	0.438251	0.061749	0.000000	0.161209
59	tsk_59	(x)	1	:	0.000000	0.000000	0.044153	0.000000	0.095492	0.000000	0.000000	0.000000	0.000000	0.000000	0.277573	0.452631	0.047369	0.000000	0.082782
60	tsk_60	(x)	1	:	0.000000	0.000000	0.217381	0.000000	0.415594	0.000000	0.000000	0.000000	0.000000	0.000000	0.213449	0.000000	0.000000	0.000000	0.153575
61	tsk_61	(x)	1	:	0.484980	0.000000	0.029023	0.000000	0.380738	0.016760	0.000000	0.000000	0.000000	0.000000	0.028506	0.000000	0.000000	0.000000	0.059993
62	tsk_62	(x)	1	:	0.000000	0.000000	0.109248	0.000000	0.133584	0.500000	0.000000	0.000000	0.000000	0.000000	0.068074	0.000000	0.000000	0.000000	0.189094
63	tsk_63	(x)	1	:	0.000000	0.000000	0.142930	0.000000	0.192393	0.250150	0.249929	0.000002	0.000000	0.000000	0.000000	0.000000	0.000000	0.000000	0.164596
64	tsk_64	(x)	1	:	0.000000	0.000000	0.207143	0.000000	0.261269	0.000000	0.000000	0.000000	0.000000	0.000000	0.046192	0.000000	0.000000	0.000000	0.485395
65	tsk_65	(x)	1	:	0.485094	0.000000	0.095096	0.000000	0.000000	0.016532	0.000000	0.000000	0.000000	0.000000	0.097936	0.000000	0.000000	0.000000	0.305342
66	tsk_66	(x)	1	:	0.000000	0.000000	0.122847	0.000000	0.185369	0.499498	0.000000	0.000316	0.000000	0.000000	0.056742	0.000000	0.000000	0.000000	0.135227
67	tsk_67	(x)	1	:	0.493349	0.000000	0.071379	0.000000	0.324597	0.000000	0.000000	0.000000	0.000000	0.000000	0.036824	0.000000	0.000000	0.000000	0.073850
68	tsk_68	(x)	1	:	0.486714	0.000000	0.000000	0.000000	0.000000	0.513286	0.000000	0.000000	0.000000	0.000000	0.000000	0.000000	0.000000	0.000000	0.000000
69	tsk_69	(x)	1	:	0.485657	0.000000	0.273765	0.000000	0.083564	0.015405	0.000000	0.000000	0.000000	0.000000	0.034692	0.000000	0.000000	0.000000	0.106917
70	tsk_70	(x)	1	:	0.486714	0.000000	0.000000	0.000000	0.000000	0.513286	0.000000	0.000000	0.000000	0.000000	0.000000	0.000000	0.000000	0.000000	0.000000
71	tsk_71	(x)	1	:	0.488462	0.000000	0.005301	0.000000	0.001353	0.008847	0.000000	0.000000	0.493304	0.000000	0.000508	0.000000	0.000000	0.000000	0.002224
72	tsk_72	(x)	1	:	0.000000	0.000000	0.442523	0.000000	0.035537	0.000000	0.000000	0.000000	0.284381	0.000000	0.106989	0.000000	0.000000	0.000000	0.130570
73	tsk_73	(x)	1	:	0.000000	0.000000	0.413680	0.000000	0.000000	0.000000	0.000000	0.000000	0.284381	0.000000	0.301939	0.000000	0.000000	0.000000	0.000000
74	tsk_74	(x)	1	:	0.000000	0.000000	0.000090	0.000000	0.000021	0.000000	0.000000	0.000000	0.999865	0.000000	0.000013	0.000000	0.000000	0.000000	0.000010
75	tsk_75	(x)	1	:	0.000000	0.000000	0.085361	0.000000	0.066762	0.499988	0.000000	0.000000	0.284374	0.000000	0.023083	0.000000	0.000000	0.000000	0.040432
76	tsk_76	(x)	1	:	0.000000	0.000000	0.293455	0.000000	0.146360	0.000000	0.000000	0.000000	0.284381	0.000000	0.046422	0.000000	0.000000	0.000000	0.229381
77	tsk_77	(x)	1	:	0.000000	0.000000	0.366870	0.000000	0.049248	0.000000	0.000000	0.000000	0.284381	0.000000	0.116513	0.000000	0.000000	0.000000	0.182988
78	tsk_78	(x)	1	:	0.000000	0.000000	0.115927	0.000000	0.064776	0.499988	0.000000	0.000000	0.284374	0.000000	0.012413	0.000000	0.000000	0.000000	0.022521
79	tsk_79	(x)	1	:	0.000000	0.000000	0.219499	0.000000	0.304587	0.000000	0.000000	0.000000	0.284381	0.000000	0.062912	0.000000	0.000000	0.000000	0.128621
80	tsk_80	(x)	1	:	0.000000	0.000000	0.000000	0.000000	0.000000	0.519746	0.000000	0.480254	0.000000	0.000000	0.000000	0.000000	0.000000	0.000000	0.000000
81	tsk_81	(x)	1	:	0.000000	0.000000	0.000000	0.000000	0.000000	0.000000	0.000000	0.512079	0.000000	0.000000	0.000000	0.000000	0.000000	0.487920	0.000000
82	tsk_82	(x)	1	:	0.000000	0.000000	0.000000	0.000000	0.000000	0.000000	0.000000	0.000000	0.000000	0.000000	0.000000	0.043769	0.469956	0.486274	0.000000
83	tsk_83	(x)	1	:	0.493349	0.000000	0.096505	0.000000	0.337799	0.000000	0.000000	0.000000	0.000000	0.000000	0.024095	0.000000	0.000000	0.000000	0.048252
84	tsk_84	(x)	1	:	0.000000	0.000000	0.000000	0.000000	0.000000	1.000000	0.000000	0.000000	0.000000	0.000000	0.000000	0.000000	0.000000	0.000000	0.000000
85	tsk_85	(x)	1	:	0.000000	0.000000	0.000000	0.000000	0.000000	0.500000	0.000000	0.000000	0.000000	0.000000	0.000000	0.466948	0.033052	0.000000	0.000000
86	tsk_86	(x)	1	:	0.000000	0.000000	0.213897	0.000000	0.081427	0.000815	0.000000	0.492862	0.000000	0.000000	0.097889	0.000000	0.000000	0.000000	0.113110
87	tsk_87	(x)	1	:	0.000000	0.000000	0.000000	0.000000	0.000000	0.000000	0.000000	1.000000	0.000000	0.000000	0.000000	0.000000	0.000000	0.000000	0.000000
88	tsk_88	(x)	1	:	1.000000	0.000000	0.000000	0.000000	0.000000	0.000000	0.000000	0.000000	0.000000	0.000000	0.000000	0.000000	0.000000	0.000000	0.000000
89	tsk_89	(x)	1	:	0.000000	0.000000	0.000000	0.000000	0.000000	0.500000	0.000000	0.000000	0.000000	0.000000	0.000000	0.397291	0.102709	0.000000	0.000000
90	tsk_90	(x)	1	:	0.485512	0.000000	0.000000	0.000000	0.000000	0.015085	0.000000	0.000000	0.000000	0.000000	0.000000	0.117403	0.382000	0.000000	0.000000
91	tsk_91	(x)	1	:	0.000000	0.000000	0.102300	0.000000	0.088907	0.000000	0.000000	0.000000	0.000000	0.000000	0.283475	0.474998	0.025002	0.000000	0.025318
92	tsk_92	(x)	1	:	0.000000	0.000000	0.000000	0.000000	0.000000	1.000000	0.000000	0.000000	0.000000	0.000000	0.000000	0.000000	0.000000	0.000000	0.000000
93	tsk_93	(x)	1	:	0.000000	0.000000	0.000000	0.000000	0.000000	0.004424	0.497047	0.000000	0.000000	0.000000	0.000000	0.434649	0.063879	0.000000	0.000000
94	tsk_94	(x)	1	:	1.000000	0.000000	0.000000	0.000000	0.000000	0.000000	0.000000	0.000000	0.000000	0.000000	0.000000	0.000000	0.000000	0.000000	0.000000
95	tsk_95	(x)	1	:	0.000000	0.000000	0.150191	0.000000	0.145964	0.000268	0.000000	0.493225	0.000000	0.000000	0.000000	0.000000	0.000000	0.000000	0.210352
96	tsk_96	(x)	1	:	0.000000	0.000000	0.000000	0.000000	0.000000	1.000000	0.000000	0.000000	0.000000	0.000000	0.000000	0.000000	0.000000	0.000000	0.000000
97	tsk_97	(x)	1	:	0.000000	0.000000	0.000000	0.000000	0.000000	0.339329	0.000000	0.660670	0.000000	0.000000	0.000000	0.000000	0.000000	0.000000	0.000000
98	tsk_98	(x)	1	:	0.000000	0.000000	0.000000	0.000000	0.000000	0.500000	0.000000	0.000000	0.000000	0.000002	0.000000	0.000000	0.499998	0.000000	0.000000
99	tsk_99	(x)	1	:	0.000000	0.000000	0.000000	0.000000	0.000000	0.500000	0.000000	0.000000	0.000000	0.000000	0.000000	0.418348	0.081652	0.000000	0.000000
100	tsk_100	(x)	1	:	0.000000	0.000000	0.063715	0.000000	0.404825	0.000000	0.000000	0.000000	0.000000	0.000000	0.084501	0.000000	0.000000	0.000000	0.446960
101	tsk_101	(x)	1	:	0.000000	0.000000	0.119324	0.000000	0.227496	0.000000	0.000000	0.000000	0.000000	0.000000	0.157471	0.000000	0.000000	0.000000	0.495709
102	tsk_102	(x)	1	:	0.000000	0.000000	0.444463	0.000000	0.161041	0.000000	0.000000	0.000000	0.000000	0.000000	0.126882	0.000000	0.000000	0.000000	0.267614
103	tsk_103	(x)	1	:	0.485346	0.000000	0.000000	0.000000	0.000000	0.015334	0.000000	0.000000	0.000000	0.000000	0.000000	0.122938	0.376382	0.000000	0.000000
104	tsk_104	(x)	1	:	0.000000	0.000000	0.356449	0.000000	0.448660	0.000000	0.000000	0.000000	0.000000	0.000000	0.095168	0.000000	0.000000	0.000000	0.099723
105	tsk_105	(x)	1	:	0.000000	0.000000	0.207293	0.000000	0.266099	0.000000	0.000000	0.000000	0.000000	0.000000	0.134591	0.000000	0.000000	0.000000	0.392017
106	tsk_106	(x)	1	:	0.000000	0.000000	0.000000	0.000000	0.409478	0.000000	0.000000	0.000000	0.000000	0.000000	0.285116	0.000000	0.000000	0.000000	0.305406
107	tsk_107	(x)	1	:	0.484553	0.000000	0.000084	0.497738	0.000585	0.016472	0.000000	0.000000	0.000000	0.000000	0.000078	0.000000	0.000000	0.000000	0.000490
108	tsk_108	(x)	1	:	0.000000	0.000000	0.096521	0.000000	0.091894	0.000000	0.000000	0.000000	0.000000	0.000000	0.240639	0.261369	0.238631	0.000000	0.070947
109	tsk_109	(x)	1	:	0.000000	0.000000	0.380660	0.000000	0.165472	0.000000	0.000000	0.000000	0.000000	0.000000	0.079571	0.000000	0.000000	0.000000	0.374297
110	tsk_110	(x)	1	:	0.485071	0.000000	0.000000	0.000000	0.000000	0.015744	0.000000	0.000000	0.000000	0.000000	0.000000	0.143498	0.355686	0.000000	0.000000
111	tsk_111	(x)	1	:	0.000000	0.000000	0.192564	0.000000	0.404243	0.000000	0.000000	0.000000	0.000000	0.000000	0.042630	0.000000	0.000000	0.000000	0.360563
112	tsk_112	(x)	1	:	0.000000	0.000000	0.189323	0.000000	0.240899	0.000000	0.000000	0.000000	0.000000	0.000000	0.000000	0.454165	0.045835	0.000000	0.069777
113	tsk_113	(x)	1	:	0.000000	0.000000	0.110508	0.000000	0.049022	0.000000	0.000000	0.000000	0.000000	0.000000	0.312466	0.360282	0.139718	0.000000	0.028003
114	tsk_114	(x)	1	:	0.484796	0.000000	0.048739	0.000000	0.223457	0.017129	0.000000	0.000000	0.000000	0.000000	0.073595	0.000000	0.000000	0.000000	0.152283
115	tsk_115	(x)	1	:	0.484757	0.000000	0.053122	0.000000	0.140772	0.017208	0.000000	0.000000	0.000000	0.000000	0.080119	0.000000	0.000000	0.000000	0.224022
116	tsk_116	(x)	1	:	0.485313	0.000000	0.000000	0.000000	0.000000	0.015384	0.000000	0.000000	0.000000	0.000000	0.000000	0.108677	0.390627	0.000000	0.000000
117	tsk_117	(x)	1	:	0.486287	0.000000	0.121411	0.000000	0.188784	0.014142	0.000000	0.000000	0.000000	0.000000	0.103960	0.000000	0.000000	0.000000	0.085417
118	tsk_118	(x)	1	:	0.000000	0.000000	0.226220	0.000000	0.059081	0.000000	0.000000	0.000000	0.000000	0.000000	0.146170	0.420948	0.079052	0.000000	0.068529
119	tsk_119	(x)	1	:	0.485675	0.000000	0.000000	0.000000	0.000000	0.014841	0.000000	0.000000	0.000000	0.000000	0.000000	0.135174	0.364310	0.000000	0.000000
120	tsk_120	(x)	1	:	0.000000	0.000000	0.162929	0.000000	0.033383	0.000000	0.000000	0.000000	0.000000	0.000000	0.188567	0.416294	0.083706	0.000000	0.115121
121	tsk_121	(x)	1	:	0.000000	0.000000	0.000000	0.000000	0.000000	0.000000	0.000000	0.000000	0.000000	0.998912	0.000000	0.000958	0.000130	0.000000	0.000000
122	tsk_122	(x)	1	:	0.000000	0.000000	0.000000	0.000000	0.000000	0.500000	0.000000	0.000000	0.000000	0.000000	0.000000	0.386850	0.113150	0.000000	0.000000
123	tsk_123	(x)	1	:	0.000000	0.000000	0.124440	0.000000	0.179661	0.000448	0.000000	0.493105	0.000000	0.000000	0.029967	0.000000	0.000000	0.000000	0.172378
124	tsk_124	(x)	1	:	0.000000	0.000000	0.000000	0.000000	0.000000	1.000000	0.000000	0.000000	0.000000	0.000000	0.000000	0.000000	0.000000	0.000000	0.000000
125	tsk_125	(x)	1	:	0.000000	0.000000	0.000000	0.000000	0.000000	1.000000	0.000000	0.000000	0.000000	0.000000	0.000000	0.000000	0.000000	0.000000	0.000000
126	tsk_126	(x)	1	:	0.497730	0.000000	0.000000	0.000000	0.000000	0.000000	0.000000	0.502270	0.000000	0.000000	0.000000	0.000000	0.000000	0.000000	0.000000
127	tsk_127	(x)	1	:	0.000000	0.000000	0.000000	0.000000	0.161315	0.000000	0.000000	0.000000	0.000000	0.000000	0.227460	0.440143	0.059857	0.000000	0.111226
128	tsk_128	(x)	1	:	0.000000	0.000000	0.000000	0.000000	0.000000	0.469100	0.000000	0.000000	0.000000	0.530900	0.000000	0.000000	0.000000	0.000000	0.000000
129	tsk_129	(x)	1	:	0.000000	0.000000	0.000000	0.000000	0.000000	0.500000	0.000000	0.000000	0.000000	0.000000	0.000000	0.423770	0.076230	0.000000	0.000000
130	tsk_130	(x)	1	:	0.000000	0.000000	0.238144	0.000000	0.605416	0.000000	0.000000	0.000000	0.000000	0.000000	0.156440	0.000000	0.000000	0.000000	0.000000
131	tsk_131	(x)	1	:	0.000000	0.000000	0.189779	0.000000	0.479361	0.000000	0.000000	0.000000	0.000000	0.000000	0.061879	0.000000	0.000000	0.000000	0.268981
132	tsk_132	(x)	1	:	0.000000	0.000000	0.064382	0.000000	0.403399	0.000000	0.000000	0.000000	0.000000	0.000000	0.172712	0.000000	0.000000	0.000000	0.359507
133	tsk_133	(x)	1	:	0.000000	0.000000	0.000000	0.000000	0.000000	0.000000	1.000000	0.000000	0.000000	0.000000	0.000000	0.000000	0.000000	0.000000	0.000000
134	tsk_134	(x)	1	:	0.000000	0.000000	0.283784	0.000000	0.273799	0.000000	0.000000	0.000000	0.000000	0.000000	0.137340	0.000000	0.000000	0.000000	0.305076
135	tsk_135	(x)	1	:	0.000000	0.000000	0.176497	0.000000	0.057733	0.006384	0.496808	0.000000	0.000000	0.000000	0.063162	0.000000	0.000000	0.000000	0.199417
136	tsk_136	(x)	1	:	0.000000	0.000000	0.253310	0.000000	0.395277	0.000000	0.000000	0.000000	0.000000	0.000000	0.000000	0.000000	0.000000	0.000000	0.351413
137	tsk_137	(x)	1	:	0.484855	0.000000	0.000000	0.000000	0.000000	0.017011	0.498134	0.000000	0.000000	0.000000	0.000000	0.000000	0.000000	0.000000	0.000000
138	tsk_138	(x)	1	:	0.000000	0.000000	0.069196	0.000000	0.105679	0.000000	0.000000	0.000000	0.000000	0.000001	0.252859	0.354853	0.145146	0.000000	0.072266
139	tsk_139	(x)	1	:	0.000000	0.000000	0.378131	0.000000	0.137608	0.000000	0.000000	0.000000	0.000000	0.000000	0.107219	0.000000	0.000000	0.000000	0.377041
140	tsk_140	(x)	1	:	0.000000	0.000000	0.000000	0.000000	0.000000	0.000000	0.000000	0.000000	0.000000	0.000000	0.000000	0.810054	0.189946	0.000000	0.000000
141	tsk_141	(x)	1	:	0.552613	0.000000	0.148600	0.000000	0.225449	0.000000	0.000000	0.000000	0.000000	0.000000	0.073338	0.000000	0.000000	0.000000	0.000000
142	tsk_142	(x)	1	:	0.000000	0.000000	0.038133	0.000000	0.046432	0.000000	0.000000	0.000000	0.000000	0.000000	0.350237	0.413254	0.086746	0.000000	0.065199
143	tsk_143	(x)	1	:	0.484774	0.000000	0.191175	0.000000	0.147203	0.017172	0.000000	0.000000	0.000000	0.000000	0.159674	0.000000	0.000000	0.000000	0.000000
144	tsk_144	(x)	1	:	0.485444	0.000000	0.000000	0.000000	0.000000	0.015187	0.000000	0.000000	0.000000	0.000000	0.000000	0.148448	0.350921	0.000000	0.000000
145	tsk_145	(x)	1	:	0.484727	0.000000	0.119473	0.000000	0.000000	0.017267	0.000000	0.000000	0.000000	0.000000	0.122930	0.000000	0.000000	0.000000	0.255604
146	tsk_146	(x)	1	:	0.000000	0.000000	0.230063	0.000000	0.069390	0.500000	0.000000	0.000000	0.000000	0.000000	0.070257	0.000000	0.000000	0.000000	0.130290
147	tsk_147	(x)	1	:	0.000000	0.000000	0.000000	0.000000	0.000000	0.000000	0.000000	0.000000	0.000000	0.000000	0.000000	0.934499	0.065501	0.000000	0.000000
148	tsk_148	(x)	1	:	0.594814	0.000000	0.000000	0.000000	0.000000	0.405186	0.000000	0.000000	0.000000	0.000000	0.000000	0.000000	0.000000	0.000000	0.000000
149	tsk_149	(x)	1	:	0.536416	0.000000	0.000000	0.000000	0.000000	0.000000	0.000000	0.000000	0.000000	0.000000	0.000000	0.155323	0.308261	0.000000	0.000000
