0	tsk_0	(x)	1	:	0.000000	0.000000	0.000000	0.000000	1.000000	0.000000	0.000000	0.000000	0.000000	0.000000
1	tsk_1	(x)	1	:	0.000000	0.000000	0.000000	0.000000	0.000000	0.500000	0.000000	0.000000	0.500000	0.000000
2	tsk_2	(x)	1	:	0.000000	0.000000	0.000000	0.000000	0.000000	0.276858	0.000000	0.503119	0.220023	0.000000
3	tsk_3	(x)	1	:	0.000000	0.469956	0.000000	0.000000	0.000000	0.276822	0.000000	0.000000	0.228462	0.024760
4	tsk_4	(x)	1	:	0.000000	0.000000	0.000000	0.000001	0.000000	0.000000	0.000000	0.529098	0.000000	0.470901
5	tsk_5	(x)	1	:	0.000000	0.000000	0.000000	0.000000	1.000000	0.000000	0.000000	0.000000	0.000000	0.000000
6	tsk_6	(x)	1	:	0.000000	0.000000	0.000000	0.000000	0.000000	0.000000	0.000000	1.000000	0.000000	0.000000
7	tsk_7	(x)	1	:	0.000000	0.469315	0.000000	0.000000	0.426551	0.000000	0.000000	0.000000	0.000000	0.104134
8	tsk_8	(x)	1	:	0.000000	0.000000	0.000000	0.000001	0.437367	0.000000	0.000000	0.543812	0.000000	0.018820
9	tsk_9	(x)	1	:	0.000000	0.000000	0.000000	0.000000	0.000000	0.500000	0.000000	0.000000	0.500000	0.000000
10	tsk_10	(x)	1	:	0.000000	0.000000	0.434244	0.565756	0.000000	0.000000	0.000000	0.000000	0.000000	0.000000
11	tsk_11	(x)	1	:	0.000000	0.000000	0.497355	0.000000	0.000000	0.472622	0.000000	0.000000	0.029236	0.000787
12	tsk_12	(x)	1	:	0.000000	0.000000	0.000000	0.000000	0.000000	0.000000	0.000000	0.000000	1.000000	0.000000
13	tsk_13	(x)	1	:	0.000000	0.000000	0.000000	0.530932	0.000000	0.467846	0.000000	0.000000	0.001222	0.000000
14	tsk_14	(x)	1	:	0.000000	0.000000	0.497195	0.000000	0.000000	0.000000	0.000000	0.000000	0.501828	0.000978
15	tsk_15	(x)	1	:	0.000000	0.000000	0.000000	1.000000	0.000000	0.000000	0.000000	0.000000	0.000000	0.000000
16	tsk_16	(x)	1	:	0.000000	0.000000	0.000000	0.660355	0.000000	0.000000	0.000000	0.000000	0.000000	0.339645
17	tsk_17	(x)	1	:	0.000000	0.000000	0.000000	1.000000	0.000000	0.000000	0.000000	0.000000	0.000000	0.000000
18	tsk_18	(x)	1	:	0.000000	0.000000	0.000000	0.000000	0.000000	0.000000	0.000000	0.000000	1.000000	0.000000
19	tsk_19	(x)	1	:	0.000000	0.000000	0.584975	0.415025	0.000000	0.000000	0.000000	0.000000	0.000000	0.000000
20	tsk_20	(x)	1	:	0.000000	0.000000	0.000000	0.311277	0.000000	0.000000	0.000000	0.000000	0.000000	0.688723
21	tsk_21	(x)	1	:	0.000000	0.000000	0.000000	1.000000	0.000000	0.000000	0.000000	0.000000	0.000000	0.000000
22	tsk_22	(x)	1	:	1.000000	0.000000	0.000000	0.000000	0.000000	0.000000	0.000000	0.000000	0.000000	0.000000
23	tsk_23	(x)	1	:	0.000000	0.000000	0.000000	0.470252	0.000000	0.000000	0.000000	0.000000	0.505348	0.024400
24	tsk_24	(x)	1	:	0.000000	0.000000	0.000000	0.000003	0.557594	0.000000	0.000000	0.000000	0.000000	0.442403
25	tsk_25	(x)	1	:	0.000000	0.000000	0.000000	0.222746	0.000000	0.000000	0.000000	0.000000	0.432129	0.345125
26	tsk_26	(x)	1	:	0.000000	0.517860	0.000000	0.000000	0.000000	0.000000	0.000000	0.000000	0.482140	0.000000
27	tsk_27	(x)	1	:	0.000000	0.000000	0.000000	1.000000	0.000000	0.000000	0.000000	0.000000	0.000000	0.000000
28	tsk_28	(x)	1	:	0.000000	0.000000	0.000000	1.000000	0.000000	0.000000	0.000000	0.000000	0.000000	0.000000
29	tsk_29	(x)	1	:	0.000000	0.544040	0.000000	0.455960	0.000000	0.000000	0.000000	0.000000	0.000000	0.000000
30	tsk_30	(x)	1	:	0.000000	0.550647	0.000000	0.000002	0.000000	0.000000	0.000000	0.000000	0.000000	0.449351
31	tsk_31	(x)	1	:	0.000000	0.518583	0.000000	0.000000	0.000000	0.000000	0.481417	0.000000	0.000000	0.000000
32	tsk_32	(x)	1	:	0.000000	1.000000	0.000000	0.000000	0.000000	0.000000	0.000000	0.000000	0.000000	0.000000
33	tsk_33	(x)	1	:	0.000000	0.544726	0.000000	0.455228	0.000000	0.000000	0.000000	0.000000	0.000000	0.000046
34	tsk_34	(x)	1	:	0.000000	0.000000	0.000000	1.000000	0.000000	0.000000	0.000000	0.000000	0.000000	0.000000
35	tsk_35	(x)	1	:	0.000000	0.000000	0.000000	0.468794	0.000000	0.000000	0.000000	0.000000	0.000000	0.531206
36	tsk_36	(x)	1	:	0.000000	1.000000	0.000000	0.000000	0.000000	0.000000	0.000000	0.000000	0.000000	0.000000
37	tsk_37	(x)	1	:	0.000000	1.000000	0.000000	0.000000	0.000000	0.000000	0.000000	0.000000	0.000000	0.000000
38	tsk_38	(x)	1	:	0.000000	0.546288	0.000000	0.453712	0.000000	0.000000	0.000000	0.000000	0.000000	0.000000
39	tsk_39	(x)	1	:	0.210896	0.549269	0.000000	0.000000	0.221173	0.000000	0.000000	0.000000	0.000000	0.018662
40	tsk_40	(x)	1	:	0.000000	0.000000	0.000000	0.000000	0.000000	0.000000	0.000000	0.000000	1.000000	0.000000
41	tsk_41	(x)	1	:	0.000000	0.000000	0.000000	0.000000	0.000000	1.000000	0.000000	0.000000	0.000000	0.000000
42	tsk_42	(x)	1	:	0.211153	0.000000	0.000000	0.000000	0.233990	0.000000	0.000000	0.000000	0.554857	0.000000
43	tsk_43	(x)	1	:	0.000000	0.000000	0.000000	0.468792	0.000000	0.000000	0.000000	0.000000	0.000000	0.531208
44	tsk_44	(x)	1	:	0.211058	0.000000	0.000000	0.000000	0.234142	0.472553	0.000000	0.000000	0.082247	0.000000
45	tsk_45	(x)	1	:	0.000000	0.000000	0.000000	0.000000	0.000000	0.472565	0.000000	0.000000	0.527435	0.000000
46	tsk_46	(x)	1	:	0.000000	0.000000	0.000000	0.000000	0.000000	0.472441	0.000000	0.000000	0.032610	0.494949
47	tsk_47	(x)	1	:	0.000000	0.000000	0.000000	0.469784	0.000000	0.000000	0.000000	0.000000	0.505256	0.024960
48	tsk_48	(x)	1	:	0.211153	0.000000	0.000000	0.000000	0.233990	0.000000	0.000000	0.000000	0.554857	0.000000
49	tsk_49	(x)	1	:	0.000000	0.000000	0.000000	0.469494	0.000000	0.000000	0.000000	0.000000	0.505198	0.025308
50	tsk_50	(x)	1	:	0.456742	0.469311	0.000000	0.000000	0.000020	0.000000	0.000000	0.000000	0.000000	0.073927
51	tsk_51	(x)	1	:	0.467135	0.000000	0.000000	0.000002	0.000021	0.000000	0.000000	0.530735	0.000000	0.002107
52	tsk_52	(x)	1	:	0.000000	0.000000	0.000000	0.470027	0.000000	0.000000	0.499117	0.000000	0.000000	0.030856
53	tsk_53	(x)	1	:	1.000000	0.000000	0.000000	0.000000	0.000000	0.000000	0.000000	0.000000	0.000000	0.000000
54	tsk_54	(x)	1	:	1.000000	0.000000	0.000000	0.000000	0.000000	0.000000	0.000000	0.000000	0.000000	0.000000
55	tsk_55	(x)	1	:	0.456734	0.469314	0.000000	0.000000	0.000039	0.000000	0.000000	0.000000	0.000000	0.073913
56	tsk_56	(x)	1	:	0.456877	0.000000	0.000000	0.468491	0.000000	0.000000	0.000000	0.000000	0.000000	0.074632
57	tsk_57	(x)	1	:	0.512346	0.000000	0.000000	0.000000	0.000000	0.000000	0.000000	0.000000	0.487654	0.000000
58	tsk_58	(x)	1	:	0.000000	0.000000	0.000000	0.469974	0.000000	0.000000	0.000000	0.000000	0.505293	0.024733
59	tsk_59	(x)	1	:	0.000000	0.000000	0.000000	0.425836	0.000000	0.000000	0.000000	0.574163	0.000000	0.000000
60	tsk_60	(x)	1	:	0.000000	0.000000	0.000000	0.000000	0.533930	0.000000	0.000000	0.000000	0.466070	0.000000
61	tsk_61	(x)	1	:	0.000000	0.000000	0.000000	0.000000	0.529689	0.000000	0.000000	0.470311	0.000000	0.000000
62	tsk_62	(x)	1	:	0.000000	0.000000	0.497196	0.000000	0.000000	0.000000	0.000000	0.000000	0.501828	0.000975
63	tsk_63	(x)	1	:	0.000000	0.000000	0.000000	1.000000	0.000000	0.000000	0.000000	0.000000	0.000000	0.000000
64	tsk_64	(x)	1	:	0.000000	0.000000	0.000000	0.000000	0.529689	0.000000	0.000000	0.470311	0.000000	0.000000
65	tsk_65	(x)	1	:	0.000000	0.470165	0.000000	0.470605	0.000000	0.000000	0.000000	0.000000	0.000000	0.059229
66	tsk_66	(x)	1	:	0.000000	0.000000	0.000000	0.469781	0.000000	0.000000	0.000000	0.000000	0.505255	0.024964
67	tsk_67	(x)	1	:	0.000000	0.000000	0.000000	0.000000	0.529689	0.000000	0.000000	0.470311	0.000000	0.000000
68	tsk_68	(x)	1	:	0.000000	0.000000	0.000000	0.000003	0.000000	0.000000	0.000000	0.513032	0.000000	0.486965
69	tsk_69	(x)	1	:	0.000000	0.000000	0.000000	0.468794	0.000000	0.000000	0.000000	0.000000	0.000000	0.531206
70	tsk_70	(x)	1	:	0.000000	0.000000	0.000000	0.469869	0.000000	0.000000	0.000000	0.000000	0.505273	0.024858
71	tsk_71	(x)	1	:	0.000000	0.470000	0.000000	0.000000	0.000000	0.000000	0.000000	0.000000	0.505299	0.024701
72	tsk_72	(x)	1	:	0.000000	0.000000	0.000000	1.000000	0.000000	0.000000	0.000000	0.000000	0.000000	0.000000
73	tsk_73	(x)	1	:	0.000000	1.000000	0.000000	0.000000	0.000000	0.000000	0.000000	0.000000	0.000000	0.000000
74	tsk_74	(x)	1	:	0.450810	0.469517	0.000000	0.000000	0.000865	0.000000	0.000000	0.000000	0.000000	0.078808
75	tsk_75	(x)	1	:	0.000000	0.000000	0.000000	0.470110	0.000000	0.000000	0.000000	0.000000	0.505320	0.024570
76	tsk_76	(x)	1	:	0.357268	0.469702	0.000000	0.000000	0.076658	0.000000	0.000000	0.000000	0.000000	0.096373
77	tsk_77	(x)	1	:	0.000000	0.430304	0.000000	0.569696	0.000000	0.000000	0.000000	0.000000	0.000000	0.000000
78	tsk_78	(x)	1	:	0.000000	0.000000	0.000000	1.000000	0.000000	0.000000	0.000000	0.000000	0.000000	0.000000
79	tsk_79	(x)	1	:	0.000000	0.000000	0.000000	0.999990	0.000000	0.000000	0.000000	0.000010	0.000000	0.000000
80	tsk_80	(x)	1	:	0.000000	0.000000	0.000000	0.000000	0.000000	0.000000	0.000000	0.000000	0.000000	1.000000
81	tsk_81	(x)	1	:	0.000000	0.000000	0.000000	0.000000	0.000000	0.000000	0.498850	0.000000	0.000000	0.501150
82	tsk_82	(x)	1	:	0.000000	1.000000	0.000000	0.000000	0.000000	0.000000	0.000000	0.000000	0.000000	0.000000
83	tsk_83	(x)	1	:	0.000000	0.000000	0.399711	0.000000	0.226203	0.000000	0.000000	0.000000	0.374086	0.000000
84	tsk_84	(x)	1	:	0.000000	0.000000	0.505105	0.000000	0.000000	0.000000	0.000000	0.000000	0.000000	0.494895
85	tsk_85	(x)	1	:	0.000000	0.000000	0.000000	0.000000	0.000000	0.000000	0.000000	0.000000	0.504981	0.495019
86	tsk_86	(x)	1	:	0.000000	0.000000	0.000000	0.430745	0.208208	0.000000	0.000000	0.000000	0.361047	0.000000
87	tsk_87	(x)	1	:	0.000000	0.000000	0.000000	0.000000	0.000000	0.000000	0.000000	0.000000	0.000000	1.000000
88	tsk_88	(x)	1	:	0.000000	0.000000	0.000000	0.000000	0.000000	0.000000	0.496779	0.000000	0.502493	0.000727
89	tsk_89	(x)	1	:	0.000000	0.000000	0.000000	0.000000	0.262129	0.000000	0.000000	0.000000	0.395916	0.341955
90	tsk_90	(x)	1	:	0.000000	0.591521	0.000000	0.408479	0.000000	0.000000	0.000000	0.000000	0.000000	0.000000
91	tsk_91	(x)	1	:	0.000000	0.517385	0.000000	0.000000	0.000000	0.472516	0.000000	0.000000	0.010099	0.000000
92	tsk_92	(x)	1	:	0.000000	0.000000	1.000000	0.000000	0.000000	0.000000	0.000000	0.000000	0.000000	0.000000
93	tsk_93	(x)	1	:	0.000000	0.545405	0.000000	0.454394	0.000000	0.000000	0.000000	0.000000	0.000000	0.000202
94	tsk_94	(x)	1	:	0.000000	0.470419	0.506542	0.000000	0.000000	0.000000	0.000000	0.000000	0.000000	0.023039
95	tsk_95	(x)	1	:	0.000000	0.517416	0.000000	0.000000	0.000000	0.000000	0.000000	0.000000	0.482584	0.000000
96	tsk_96	(x)	1	:	0.000000	0.000000	1.000000	0.000000	0.000000	0.000000	0.000000	0.000000	0.000000	0.000000
97	tsk_97	(x)	1	:	0.000000	0.000000	0.000000	0.999996	0.000000	0.000000	0.000000	0.000004	0.000000	0.000000
98	tsk_98	(x)	1	:	0.000000	0.470529	0.506712	0.000000	0.000000	0.000000	0.000000	0.000000	0.000000	0.022759
99	tsk_99	(x)	1	:	0.000000	0.000000	1.000000	0.000000	0.000000	0.000000	0.000000	0.000000	0.000000	0.000000
100	tsk_100	(x)	1	:	0.000000	0.000000	0.000000	0.448561	0.549401	0.000000	0.000000	0.000000	0.000000	0.002038
101	tsk_101	(x)	1	:	0.456873	0.000000	0.000000	0.468495	0.000007	0.000000	0.000000	0.000000	0.000000	0.074624
102	tsk_102	(x)	1	:	0.000000	0.000000	0.000000	0.459615	0.000000	0.000000	0.537250	0.000000	0.000000	0.003135
103	tsk_103	(x)	1	:	0.456874	0.000000	0.000000	0.468484	0.000001	0.000000	0.000000	0.000000	0.000000	0.074640
104	tsk_104	(x)	1	:	0.000000	0.000000	0.000000	0.000000	0.533930	0.000000	0.000000	0.000000	0.466070	0.000000
105	tsk_105	(x)	1	:	0.000000	0.000000	0.000000	0.469962	0.000000	0.000000	0.499106	0.000000	0.000000	0.030931
106	tsk_106	(x)	1	:	0.000000	0.000000	0.000000	0.470019	0.000000	0.000000	0.499116	0.000000	0.000000	0.030865
107	tsk_107	(x)	1	:	1.000000	0.000000	0.000000	0.000000	0.000000	0.000000	0.000000	0.000000	0.000000	0.000000
108	tsk_108	(x)	1	:	0.000000	0.000000	0.000000	0.470242	0.000000	0.000000	0.000000	0.000000	0.505346	0.024412
109	tsk_109	(x)	1	:	0.000000	0.000000	0.000000	1.000000	0.000000	0.000000	0.000000	0.000000	0.000000	0.000000
110	tsk_110	(x)	1	:	0.000000	0.000000	0.000000	0.000000	0.000000	0.000000	1.000000	0.000000	0.000000	0.000000
111	tsk_111	(x)	1	:	0.634927	0.000000	0.000000	0.000000	0.365072	0.000000	0.000000	0.000000	0.000000	0.000000
112	tsk_112	(x)	1	:	0.000000	0.000000	0.000000	0.000000	0.000000	0.000000	1.000000	0.000000	0.000000	0.000000
113	tsk_113	(x)	1	:	0.518650	0.000000	0.248204	0.000000	0.000000	0.000000	0.000000	0.000000	0.000000	0.233146
114	tsk_114	(x)	1	:	0.522407	0.000000	0.000000	0.468587	0.000000	0.000000	0.000000	0.000000	0.000000	0.009006
115	tsk_115	(x)	1	:	0.000000	0.000000	0.000000	1.000000	0.000000	0.000000	0.000000	0.000000	0.000000	0.000000
116	tsk_116	(x)	1	:	0.000000	0.000000	0.000000	0.000000	0.000000	0.000000	1.000000	0.000000	0.000000	0.000000
117	tsk_117	(x)	1	:	1.000000	0.000000	0.000000	0.000000	0.000000	0.000000	0.000000	0.000000	0.000000	0.000000
118	tsk_118	(x)	1	:	0.000000	0.000000	0.000000	0.459800	0.000000	0.000000	0.537279	0.000000	0.000000	0.002921
119	tsk_119	(x)	1	:	0.000000	0.000000	0.000000	0.000000	0.000000	0.000000	0.496781	0.000000	0.502495	0.000724
120	tsk_120	(x)	1	:	0.000000	0.000000	0.000000	0.000000	0.000000	1.000000	0.000000	0.000000	0.000000	0.000000
121	tsk_121	(x)	1	:	0.000000	0.469607	0.000000	0.000000	0.000000	0.000000	0.000000	0.000000	0.000000	0.530392
122	tsk_122	(x)	1	:	0.000000	0.000000	0.000000	0.000000	0.000000	1.000000	0.000000	0.000000	0.000000	0.000000
123	tsk_123	(x)	1	:	0.000000	0.000000	0.505105	0.000000	0.000000	0.000000	0.000000	0.000000	0.000000	0.494895
124	tsk_124	(x)	1	:	0.000000	0.469607	0.000000	0.000001	0.000000	0.000000	0.000000	0.000000	0.000000	0.530392
125	tsk_125	(x)	1	:	0.000000	0.000000	0.000000	0.000000	0.000000	0.472565	0.000000	0.000000	0.527435	0.000000
126	tsk_126	(x)	1	:	0.000000	0.470471	0.506623	0.000000	0.000000	0.000000	0.000000	0.000000	0.000000	0.022906
127	tsk_127	(x)	1	:	0.000000	0.000000	0.000000	0.000000	0.000000	0.472441	0.000000	0.000000	0.032610	0.494949
128	tsk_128	(x)	1	:	0.000000	0.469607	0.000000	0.000000	0.000000	0.000000	0.000000	0.000000	0.000000	0.530392
129	tsk_129	(x)	1	:	0.000000	0.000000	0.000000	0.000000	0.000000	0.472441	0.000000	0.000000	0.032610	0.494949
130	tsk_130	(x)	1	:	0.000000	0.516616	0.000000	0.000000	0.000000	0.472453	0.000000	0.000000	0.010931	0.000000
131	tsk_131	(x)	1	:	0.000000	0.000000	0.000000	0.000000	0.000000	0.472565	0.000000	0.000000	0.527435	0.000000
132	tsk_132	(x)	1	:	0.000000	0.000000	0.000000	0.000000	0.000000	0.000000	0.000000	0.000000	1.000000	0.000000
133	tsk_133	(x)	1	:	0.000000	0.000000	0.000000	0.000000	0.000000	0.000000	0.000000	0.000000	1.000000	0.000000
134	tsk_134	(x)	1	:	0.460578	0.000000	0.000000	0.000000	0.000078	0.000000	0.000000	0.000000	0.539344	0.000000
135	tsk_135	(x)	1	:	0.000000	0.000000	0.000000	0.469982	0.000000	0.000000	0.000000	0.000000	0.505295	0.024723
136	tsk_136	(x)	1	:	0.000000	0.402531	0.000000	0.000000	0.000000	0.000000	0.000000	0.000000	0.000000	0.597469
137	tsk_137	(x)	1	:	0.000000	0.000000	0.000000	0.000000	0.000000	0.000000	0.000000	0.000000	0.504981	0.495019
138	tsk_138	(x)	1	:	0.000000	0.469607	0.000000	0.000001	0.000000	0.000000	0.000000	0.000000	0.000000	0.530392
139	tsk_139	(x)	1	:	0.000000	0.469948	0.000000	0.469914	0.000000	0.000000	0.000000	0.000000	0.000000	0.060138
140	tsk_140	(x)	1	:	0.362549	0.000000	0.000000	0.000000	0.084426	0.000000	0.000000	0.000000	0.553026	0.000000
141	tsk_141	(x)	1	:	0.000000	0.000000	0.000000	0.000000	0.514327	0.000000	0.485673	0.000000	0.000000	0.000000
142	tsk_142	(x)	1	:	0.000000	0.000000	0.000000	0.426531	0.000000	0.000000	0.000000	0.573469	0.000000	0.000000
143	tsk_143	(x)	1	:	0.000000	0.469976	0.000000	0.000000	0.000000	0.000000	0.000000	0.000000	0.505285	0.024739
144	tsk_144	(x)	1	:	0.579053	0.000000	0.000000	0.000000	0.420947	0.000000	0.000000	0.000000	0.000000	0.000000
145	tsk_145	(x)	1	:	0.458189	0.000000	0.000000	0.000000	0.000288	0.000000	0.000000	0.000000	0.541523	0.000000
146	tsk_146	(x)	1	:	0.362035	0.000000	0.000000	0.469359	0.072256	0.000000	0.000000	0.000000	0.000000	0.096351
147	tsk_147	(x)	1	:	0.000000	0.462444	0.000000	0.000000	0.537282	0.000000	0.000000	0.000000	0.000000	0.000274
148	tsk_148	(x)	1	:	0.000000	0.469939	0.000000	0.000000	0.000000	0.000000	0.000000	0.000000	0.505263	0.024798
149	tsk_149	(x)	1	:	0.000000	0.423301	0.000000	0.000000	0.576699	0.000000	0.000000	0.000000	0.000000	0.000000
