logL = -1345.212143 (converged)
AIC = 8210.424286
BIC = 16519.777697

count.K
27 13 10 13 6 3 3 8 6 27 11 7 2 2 12 

