logL = -786.753957 (converged)
AIC = 4531.507915
BIC = 8984.237515

count.K
9 68 13 1 20 1 10 12 16 

