logL = -1956.215136 (converged)
AIC = 5180.430273
BIC = 7089.173049

count.K
34 57 43 16 

