logL = -2105.734849 (converged)
AIC = 5791.469697
BIC = 8169.871580

count.K
26 40 51 17 16 

