logL = -403.457716 (converged)
AIC = 5082.915431
BIC = 11519.653690

count.K
13 19 8 1 10 1 34 9 12 14 9 11 9 

