logL = -1416.663887 (converged)
AIC = 8053.327773
BIC = 15911.085891

count.K
18 4 12 2 5 19 3 4 35 1 0 11 19 16 1 

