logL = -2352.277434 (converged)
AIC = 6768.554867
BIC = 9875.530491

count.K
57 10 13 10 45 15 

