logL = -1061.339248 (converged)
AIC = 3632.678496
BIC = 5905.708143

count.K
62 48 31 6 3 

