logL = -2530.836119 (converged)
AIC = 5517.672238
BIC = 6204.097085

count.K
101 49 

