logL = -1914.580430 (converged)
AIC = 8729.160860
BIC = 16105.217330

count.K
1 2 16 7 51 3 5 1 3 3 7 27 24 

