0	tsk_0	(x)	1	:	0.000000	0.216549	0.000000	0.000000	0.000000	0.478224	0.195875	0.000000	0.000000	0.000000	0.000000	0.000000	0.109352
1	tsk_1	(x)	1	:	0.000000	0.000000	0.537249	0.000000	0.000000	0.462751	0.000000	0.000000	0.000000	0.000000	0.000000	0.000000	0.000000
2	tsk_2	(x)	1	:	0.000000	0.368611	0.000000	0.000000	0.000000	0.000000	0.000000	0.130448	0.000000	0.000000	0.000000	0.000014	0.500926
3	tsk_3	(x)	1	:	0.000000	0.344926	0.000000	0.000000	0.000000	0.000000	0.376922	0.000000	0.000000	0.000000	0.000000	0.000007	0.278144
4	tsk_4	(x)	1	:	0.000000	0.207576	0.000000	0.000000	0.000000	0.000000	0.195792	0.130486	0.000000	0.000000	0.000000	0.000009	0.466136
5	tsk_5	(x)	1	:	0.000000	0.255580	0.000000	0.000000	0.000000	0.000000	0.000000	0.246620	0.000000	0.000000	0.000000	0.000011	0.497789
6	tsk_6	(x)	1	:	0.457624	0.181303	0.000000	0.000000	0.000000	0.000000	0.195846	0.000000	0.000000	0.000000	0.000000	0.000004	0.165223
7	tsk_7	(x)	1	:	0.000000	0.271560	0.000000	0.000000	0.000000	0.478224	0.195875	0.000000	0.000000	0.000000	0.000000	0.000000	0.054341
8	tsk_8	(x)	1	:	0.000000	0.143425	0.492007	0.000000	0.000000	0.000000	0.000000	0.130449	0.000000	0.000000	0.000000	0.000006	0.234114
9	tsk_9	(x)	1	:	0.000000	0.014481	0.000000	0.000000	0.000000	0.000000	0.000000	0.000000	0.000000	0.973227	0.000000	0.000000	0.012291
10	tsk_10	(x)	1	:	0.000000	0.239680	0.000000	0.620401	0.000000	0.000000	0.000000	0.000000	0.000000	0.000000	0.000000	0.000008	0.139911
11	tsk_11	(x)	1	:	0.411346	0.000009	0.000000	0.588636	0.000000	0.000000	0.000000	0.000000	0.000000	0.000000	0.000000	0.000000	0.000009
12	tsk_12	(x)	1	:	0.000000	0.171422	0.000000	0.620400	0.000000	0.000000	0.000000	0.000000	0.000000	0.000000	0.000000	0.000006	0.208172
13	tsk_13	(x)	1	:	0.457142	0.314772	0.000000	0.000000	0.000000	0.000000	0.000000	0.000000	0.000000	0.000000	0.000000	0.000006	0.228079
14	tsk_14	(x)	1	:	0.411349	0.000006	0.000000	0.588639	0.000000	0.000000	0.000000	0.000000	0.000000	0.000000	0.000000	0.000000	0.000006
15	tsk_15	(x)	1	:	0.456710	0.025270	0.000000	0.000000	0.000000	0.478138	0.000000	0.000000	0.000000	0.000000	0.000000	0.000000	0.039882
16	tsk_16	(x)	1	:	0.458428	0.011403	0.000000	0.000000	0.000000	0.509251	0.000000	0.000000	0.000000	0.000000	0.000000	0.000000	0.020918
17	tsk_17	(x)	1	:	1.000000	0.000000	0.000000	0.000000	0.000000	0.000000	0.000000	0.000000	0.000000	0.000000	0.000000	0.000000	0.000000
18	tsk_18	(x)	1	:	0.000000	0.181929	0.000000	0.620400	0.000000	0.000000	0.000000	0.000000	0.000000	0.000000	0.000000	0.000006	0.197664
19	tsk_19	(x)	1	:	0.000000	0.337979	0.000000	0.000000	0.000000	0.509152	0.000000	0.000000	0.000000	0.000000	0.000000	0.000010	0.152858
20	tsk_20	(x)	1	:	0.000000	0.000014	0.459013	0.000000	0.540965	0.000000	0.000000	0.000000	0.000000	0.000000	0.000000	0.000000	0.000008
21	tsk_21	(x)	1	:	0.000000	0.000000	0.000000	0.000000	1.000000	0.000000	0.000000	0.000000	0.000000	0.000000	0.000000	0.000000	0.000000
22	tsk_22	(x)	1	:	0.000000	0.082305	0.000000	0.000000	0.490230	0.000000	0.000000	0.000000	0.220294	0.000000	0.000000	0.000000	0.207171
23	tsk_23	(x)	1	:	0.457143	0.307776	0.000000	0.000000	0.000000	0.000000	0.000000	0.000000	0.000000	0.000000	0.000000	0.000007	0.235074
24	tsk_24	(x)	1	:	0.000000	0.038883	0.000000	0.000000	0.490253	0.000000	0.000000	0.130449	0.000000	0.000000	0.000000	0.000007	0.340407
25	tsk_25	(x)	1	:	0.000000	0.000000	0.000000	0.000000	1.000000	0.000000	0.000000	0.000000	0.000000	0.000000	0.000000	0.000000	0.000000
26	tsk_26	(x)	1	:	0.000000	0.434149	0.000000	0.000000	0.000000	0.000000	0.349223	0.000000	0.000000	0.000000	0.000000	0.000011	0.216617
27	tsk_27	(x)	1	:	0.000000	0.274830	0.000000	0.000000	0.000000	0.000000	0.349222	0.000000	0.000000	0.000000	0.000000	0.000010	0.375938
28	tsk_28	(x)	1	:	0.000000	0.000000	0.000000	0.000000	1.000000	0.000000	0.000000	0.000000	0.000000	0.000000	0.000000	0.000000	0.000000
29	tsk_29	(x)	1	:	0.000000	0.000000	0.000000	0.000000	1.000000	0.000000	0.000000	0.000000	0.000000	0.000000	0.000000	0.000000	0.000000
30	tsk_30	(x)	1	:	0.457142	0.351853	0.000000	0.000000	0.000000	0.000000	0.000000	0.000000	0.000000	0.000000	0.000000	0.000006	0.191000
31	tsk_31	(x)	1	:	0.457146	0.363671	0.000000	0.000000	0.000000	0.000000	0.000000	0.000000	0.000000	0.000000	0.000000	0.000010	0.179173
32	tsk_32	(x)	1	:	0.000000	0.410390	0.492008	0.000000	0.000000	0.000000	0.000000	0.000000	0.000000	0.000000	0.000000	0.000008	0.097594
33	tsk_33	(x)	1	:	0.000000	0.020711	0.500838	0.000000	0.000000	0.000000	0.429903	0.000000	0.000000	0.000000	0.000000	0.000000	0.048547
34	tsk_34	(x)	1	:	0.000000	0.173091	0.492009	0.000000	0.000000	0.000000	0.000000	0.000000	0.000000	0.000000	0.000000	0.000010	0.334890
35	tsk_35	(x)	1	:	1.000000	0.000000	0.000000	0.000000	0.000000	0.000000	0.000000	0.000000	0.000000	0.000000	0.000000	0.000000	0.000000
36	tsk_36	(x)	1	:	0.000000	0.000839	0.000000	0.000000	0.000000	0.000000	0.000000	0.000000	0.000000	0.000000	0.000000	0.998463	0.000698
37	tsk_37	(x)	1	:	0.000000	0.149496	0.492008	0.000000	0.000000	0.000000	0.000000	0.000000	0.000000	0.000000	0.000000	0.000008	0.358489
38	tsk_38	(x)	1	:	0.000000	0.281538	0.000000	0.000000	0.000000	0.000000	0.000000	0.000000	0.000000	0.000000	0.477725	0.000006	0.240730
39	tsk_39	(x)	1	:	0.000000	0.247231	0.000000	0.378626	0.000000	0.000000	0.000000	0.000000	0.000000	0.000000	0.000000	0.000009	0.374134
40	tsk_40	(x)	1	:	1.000000	0.000000	0.000000	0.000000	0.000000	0.000000	0.000000	0.000000	0.000000	0.000000	0.000000	0.000000	0.000000
41	tsk_41	(x)	1	:	0.456657	0.046049	0.000000	0.000000	0.000000	0.478135	0.000000	0.000000	0.000000	0.000000	0.000000	0.000000	0.019159
42	tsk_42	(x)	1	:	0.000000	0.000000	1.000000	0.000000	0.000000	0.000000	0.000000	0.000000	0.000000	0.000000	0.000000	0.000000	0.000000
43	tsk_43	(x)	1	:	0.000000	0.230908	0.492007	0.000000	0.000000	0.000000	0.000000	0.000000	0.000000	0.000000	0.000000	0.000007	0.277077
44	tsk_44	(x)	1	:	0.457979	0.005085	0.492863	0.000000	0.000000	0.000000	0.000000	0.000000	0.000000	0.000000	0.000000	0.000000	0.044073
45	tsk_45	(x)	1	:	0.457807	0.025106	0.492687	0.000000	0.000000	0.000000	0.000000	0.000000	0.000000	0.000000	0.000000	0.000000	0.024399
46	tsk_46	(x)	1	:	1.000000	0.000000	0.000000	0.000000	0.000000	0.000000	0.000000	0.000000	0.000000	0.000000	0.000000	0.000000	0.000000
47	tsk_47	(x)	1	:	0.457142	0.259471	0.000000	0.000000	0.000000	0.000000	0.000000	0.000000	0.000000	0.000000	0.000000	0.000006	0.283380
48	tsk_48	(x)	1	:	0.456631	0.055737	0.000000	0.000000	0.000000	0.478133	0.000000	0.000000	0.000000	0.000000	0.000000	0.000000	0.009500
49	tsk_49	(x)	1	:	0.000000	0.205221	0.000000	0.000000	0.000000	0.509152	0.000000	0.000000	0.000000	0.000000	0.000000	0.000009	0.285617
50	tsk_50	(x)	1	:	1.000000	0.000000	0.000000	0.000000	0.000000	0.000000	0.000000	0.000000	0.000000	0.000000	0.000000	0.000000	0.000000
51	tsk_51	(x)	1	:	0.000000	0.338563	0.000000	0.000000	0.000000	0.000000	0.425843	0.000000	0.000000	0.000000	0.000000	0.000004	0.235590
52	tsk_52	(x)	1	:	0.000000	0.000000	0.000000	0.000000	0.000000	0.000000	1.000000	0.000000	0.000000	0.000000	0.000000	0.000000	0.000000
53	tsk_53	(x)	1	:	0.458539	0.044717	0.000000	0.000000	0.000000	0.000000	0.426286	0.000000	0.000000	0.000000	0.000000	0.000000	0.070458
54	tsk_54	(x)	1	:	0.000000	0.244226	0.000000	0.000000	0.000000	0.509152	0.000000	0.000000	0.000000	0.000000	0.000000	0.000010	0.246611
55	tsk_55	(x)	1	:	0.000000	0.246250	0.492008	0.000000	0.000000	0.000000	0.000000	0.000000	0.000000	0.000000	0.000000	0.000008	0.261734
56	tsk_56	(x)	1	:	0.000000	0.004164	0.000000	0.000000	0.000000	0.512883	0.450952	0.000000	0.000000	0.000000	0.000000	0.000000	0.032001
57	tsk_57	(x)	1	:	0.000000	0.047577	0.491601	0.000000	0.000000	0.000000	0.000000	0.431351	0.000000	0.000000	0.000000	0.000001	0.029470
58	tsk_58	(x)	1	:	0.000000	0.242197	0.000000	0.000000	0.000000	0.000000	0.425844	0.000000	0.000000	0.000000	0.000000	0.000008	0.331951
59	tsk_59	(x)	1	:	0.000000	0.000000	1.000000	0.000000	0.000000	0.000000	0.000000	0.000000	0.000000	0.000000	0.000000	0.000000	0.000000
60	tsk_60	(x)	1	:	0.000000	0.001282	0.000000	0.000000	0.000000	0.509816	0.000000	0.000000	0.000000	0.000000	0.486109	0.000000	0.002793
61	tsk_61	(x)	1	:	0.000000	0.010449	0.494773	0.000000	0.000000	0.000000	0.000000	0.000000	0.000000	0.000000	0.480472	0.000000	0.014307
62	tsk_62	(x)	1	:	0.459469	0.051183	0.000000	0.000000	0.000000	0.000000	0.000000	0.000000	0.000000	0.000000	0.480086	0.000000	0.009262
63	tsk_63	(x)	1	:	0.000000	0.000000	1.000000	0.000000	0.000000	0.000000	0.000000	0.000000	0.000000	0.000000	0.000000	0.000000	0.000000
64	tsk_64	(x)	1	:	0.459386	0.051132	0.000000	0.000000	0.000000	0.000000	0.000000	0.000000	0.000000	0.000000	0.480002	0.000000	0.009481
65	tsk_65	(x)	1	:	0.000000	0.081048	0.000000	0.000000	0.490231	0.000000	0.000000	0.000000	0.220297	0.000000	0.000000	0.000000	0.208424
66	tsk_66	(x)	1	:	0.000000	0.000000	0.000000	0.000000	1.000000	0.000000	0.000000	0.000000	0.000000	0.000000	0.000000	0.000000	0.000000
67	tsk_67	(x)	1	:	0.000000	0.090747	0.000000	0.000000	0.549845	0.000000	0.000000	0.000000	0.000000	0.000000	0.000000	0.000005	0.359402
68	tsk_68	(x)	1	:	0.000000	0.011955	0.495571	0.000000	0.000000	0.000000	0.000000	0.000000	0.000000	0.000000	0.481266	0.000000	0.011209
69	tsk_69	(x)	1	:	0.458746	0.034756	0.493647	0.000000	0.000000	0.000000	0.000000	0.000000	0.000000	0.000000	0.000000	0.000000	0.012850
70	tsk_70	(x)	1	:	0.000000	0.000000	0.000000	0.000000	0.000000	0.501400	0.000000	0.000000	0.000000	0.000000	0.000000	0.498600	0.000000
71	tsk_71	(x)	1	:	0.000000	0.363678	0.492009	0.000000	0.000000	0.000000	0.000000	0.000000	0.000000	0.000000	0.000000	0.000009	0.144303
72	tsk_72	(x)	1	:	0.000000	0.000533	0.000000	0.998184	0.000000	0.000000	0.000000	0.000000	0.000000	0.000000	0.000000	0.000000	0.001283
73	tsk_73	(x)	1	:	0.000000	0.185607	0.000000	0.000000	0.000000	0.000000	0.000000	0.000000	0.000000	0.000000	0.000000	0.000024	0.814369
74	tsk_74	(x)	1	:	0.000000	0.334891	0.000000	0.000000	0.000000	0.000000	0.000000	0.000000	0.000000	0.000000	0.477727	0.000008	0.187374
75	tsk_75	(x)	1	:	0.000000	0.420983	0.000000	0.378627	0.000000	0.000000	0.000000	0.000000	0.000000	0.000000	0.000000	0.000009	0.200381
76	tsk_76	(x)	1	:	0.000000	0.316376	0.000000	0.000000	0.000000	0.000000	0.000000	0.000000	0.000000	0.000000	0.000000	0.000018	0.683605
77	tsk_77	(x)	1	:	0.000000	0.205947	0.000000	0.378628	0.000000	0.000000	0.000000	0.000000	0.000000	0.000000	0.000000	0.000013	0.415412
78	tsk_78	(x)	1	:	0.000000	0.376203	0.000000	0.378627	0.000000	0.000000	0.000000	0.000000	0.000000	0.000000	0.000000	0.000012	0.245158
79	tsk_79	(x)	1	:	0.000000	0.385050	0.000000	0.000000	0.000000	0.000000	0.000000	0.000000	0.000000	0.000000	0.000000	0.000019	0.614931
80	tsk_80	(x)	1	:	0.000000	0.126797	0.492011	0.000000	0.000000	0.000000	0.000000	0.130449	0.000000	0.000000	0.000000	0.000007	0.250737
81	tsk_81	(x)	1	:	0.000000	0.000000	0.000000	0.000000	0.000000	0.000000	0.000000	1.000000	0.000000	0.000000	0.000000	0.000000	0.000000
82	tsk_82	(x)	1	:	0.000000	0.289037	0.491993	0.000000	0.000000	0.000000	0.000000	0.130447	0.000000	0.000000	0.000000	0.000000	0.088522
83	tsk_83	(x)	1	:	0.000000	0.304793	0.000000	0.000000	0.000000	0.000000	0.000000	0.431463	0.000000	0.000000	0.000000	0.000011	0.263733
84	tsk_84	(x)	1	:	0.000000	0.412633	0.000000	0.000000	0.000000	0.509152	0.000000	0.000000	0.000000	0.000000	0.000000	0.000006	0.078208
85	tsk_85	(x)	1	:	0.000000	0.054139	0.491688	0.000000	0.000000	0.000000	0.000000	0.431375	0.000000	0.000000	0.000000	0.000001	0.022797
86	tsk_86	(x)	1	:	0.000000	0.000000	0.000000	0.000000	0.000000	0.000000	0.000000	1.000000	0.000000	0.000000	0.000000	0.000000	0.000000
87	tsk_87	(x)	1	:	0.000000	0.000000	0.000000	0.000000	0.000000	0.000000	0.000000	1.000000	0.000000	0.000000	0.000000	0.000000	0.000000
88	tsk_88	(x)	1	:	0.000000	0.194567	0.000000	0.000000	0.000000	0.000000	0.000000	0.536618	0.000000	0.000000	0.000000	0.000004	0.268811
89	tsk_89	(x)	1	:	0.000000	0.349235	0.000000	0.000000	0.000000	0.000000	0.000000	0.431463	0.000000	0.000000	0.000000	0.000007	0.219295
90	tsk_90	(x)	1	:	0.000000	0.696831	0.000000	0.000000	0.000000	0.000000	0.000000	0.000000	0.000000	0.000000	0.000000	0.000024	0.303146
91	tsk_91	(x)	1	:	0.000000	0.021766	0.000000	0.000000	0.000000	0.000000	0.000000	0.000000	0.000000	0.973285	0.000000	0.000000	0.004948
92	tsk_92	(x)	1	:	0.000000	0.014837	0.000000	0.000000	0.000000	0.000000	0.000000	0.000000	0.000000	0.973207	0.000000	0.000000	0.011956
93	tsk_93	(x)	1	:	0.456877	0.064244	0.000000	0.378423	0.000000	0.000000	0.000000	0.000000	0.000000	0.000000	0.000000	0.000002	0.100454
94	tsk_94	(x)	1	:	0.000000	0.355412	0.000000	0.000000	0.000000	0.000000	0.000000	0.000000	0.000000	0.000000	0.000000	0.000023	0.644565
95	tsk_95	(x)	1	:	0.000000	0.305815	0.000000	0.000000	0.000000	0.509152	0.000000	0.000000	0.000000	0.000000	0.000000	0.000010	0.185022
96	tsk_96	(x)	1	:	0.000000	0.017243	0.000000	0.000000	0.000000	0.000000	0.000000	0.000000	0.000000	0.973309	0.000000	0.000001	0.009447
97	tsk_97	(x)	1	:	0.000000	0.584911	0.000000	0.000000	0.000000	0.000000	0.000000	0.000000	0.000000	0.000000	0.000000	0.000015	0.415074
98	tsk_98	(x)	1	:	0.000000	0.016274	0.000000	0.000000	0.000000	0.000000	0.000000	0.000000	0.000000	0.973220	0.000000	0.000000	0.010506
99	tsk_99	(x)	1	:	0.457142	0.193983	0.000000	0.000000	0.000000	0.000000	0.000000	0.000000	0.000000	0.000000	0.000000	0.000006	0.348869
100	tsk_100	(x)	1	:	0.000000	0.167747	0.492000	0.000000	0.000000	0.000000	0.000000	0.000000	0.000000	0.000000	0.000000	0.000000	0.340253
101	tsk_101	(x)	1	:	0.000000	0.196443	0.000000	0.000000	0.000000	0.509145	0.000000	0.000000	0.220293	0.000000	0.000000	0.000000	0.074119
102	tsk_102	(x)	1	:	0.000000	0.283751	0.000000	0.000000	0.000000	0.509152	0.000000	0.000000	0.000000	0.000000	0.000000	0.000009	0.207087
103	tsk_103	(x)	1	:	0.000000	0.253281	0.000000	0.000000	0.000000	0.000000	0.000000	0.130448	0.000000	0.000000	0.000000	0.000014	0.616257
104	tsk_104	(x)	1	:	0.644969	0.075048	0.000000	0.000000	0.000000	0.000000	0.000000	0.233531	0.000000	0.000000	0.000000	0.000001	0.046451
105	tsk_105	(x)	1	:	0.000000	0.242159	0.000000	0.000000	0.000000	0.509152	0.000000	0.000000	0.000000	0.000000	0.000000	0.000010	0.248678
106	tsk_106	(x)	1	:	0.644922	0.128894	0.000000	0.000000	0.000000	0.000000	0.000000	0.000000	0.000000	0.000000	0.000000	0.000004	0.226180
107	tsk_107	(x)	1	:	0.000000	0.000000	1.000000	0.000000	0.000000	0.000000	0.000000	0.000000	0.000000	0.000000	0.000000	0.000000	0.000000
108	tsk_108	(x)	1	:	0.000000	0.002708	0.487056	0.000000	0.000000	0.508763	0.000000	0.000000	0.000000	0.000000	0.000000	0.000001	0.001471
109	tsk_109	(x)	1	:	0.000000	0.147632	0.492001	0.000000	0.000000	0.000000	0.000000	0.000000	0.000000	0.000000	0.000000	0.000001	0.360366
110	tsk_110	(x)	1	:	0.000000	0.252762	0.000000	0.000000	0.000000	0.509152	0.000000	0.000000	0.000000	0.000000	0.000000	0.000004	0.238081
111	tsk_111	(x)	1	:	0.000000	0.074727	0.000000	0.000000	0.000000	0.509152	0.000000	0.000000	0.000000	0.000000	0.000000	0.000000	0.416121
112	tsk_112	(x)	1	:	0.000000	0.263160	0.000000	0.000000	0.000000	0.000000	0.000000	0.000000	0.000000	0.000000	0.000000	0.000015	0.736826
113	tsk_113	(x)	1	:	0.000000	0.227398	0.000000	0.000000	0.000000	0.478170	0.000000	0.000000	0.000000	0.000000	0.000000	0.000011	0.294422
114	tsk_114	(x)	1	:	0.000000	0.255745	0.000000	0.000000	0.000000	0.000000	0.000000	0.000000	0.000000	0.000000	0.000000	0.000018	0.744237
115	tsk_115	(x)	1	:	0.000000	0.269776	0.000000	0.000000	0.000000	0.509152	0.000000	0.000000	0.000000	0.000000	0.000000	0.000000	0.221072
116	tsk_116	(x)	1	:	0.000000	0.266007	0.000000	0.378629	0.000000	0.000000	0.000000	0.000000	0.000000	0.000000	0.000000	0.000014	0.355351
117	tsk_117	(x)	1	:	0.000000	0.399920	0.000000	0.000000	0.000000	0.000000	0.000000	0.000000	0.000000	0.000000	0.000000	0.000019	0.600061
118	tsk_118	(x)	1	:	0.462027	0.015138	0.000000	0.000000	0.000000	0.519246	0.000000	0.000000	0.000000	0.000000	0.000000	0.000000	0.003590
119	tsk_119	(x)	1	:	0.000000	0.259128	0.000000	0.000000	0.000000	0.478170	0.000000	0.000000	0.000000	0.000000	0.000000	0.000003	0.262699
120	tsk_120	(x)	1	:	0.355303	0.000005	0.000000	0.000000	0.000000	0.469155	0.000000	0.000000	0.175533	0.000000	0.000000	0.000000	0.000003
121	tsk_121	(x)	1	:	0.648245	0.170014	0.000000	0.000000	0.000000	0.000000	0.000000	0.000000	0.000000	0.000000	0.000000	0.000004	0.181737
122	tsk_122	(x)	1	:	1.000000	0.000000	0.000000	0.000000	0.000000	0.000000	0.000000	0.000000	0.000000	0.000000	0.000000	0.000000	0.000000
123	tsk_123	(x)	1	:	1.000000	0.000000	0.000000	0.000000	0.000000	0.000000	0.000000	0.000000	0.000000	0.000000	0.000000	0.000000	0.000000
124	tsk_124	(x)	1	:	0.457143	0.270268	0.000000	0.000000	0.000000	0.000000	0.000000	0.000000	0.000000	0.000000	0.000000	0.000007	0.272583
125	tsk_125	(x)	1	:	0.277386	0.000000	0.000000	0.000000	0.000000	0.453471	0.000000	0.000000	0.269143	0.000000	0.000000	0.000000	0.000000
126	tsk_126	(x)	1	:	0.571371	0.000000	0.000000	0.000000	0.000000	0.000000	0.000000	0.000000	0.428629	0.000000	0.000000	0.000000	0.000000
127	tsk_127	(x)	1	:	0.571371	0.000000	0.000000	0.000000	0.000000	0.000000	0.000000	0.000000	0.428629	0.000000	0.000000	0.000000	0.000000
128	tsk_128	(x)	1	:	0.277386	0.000000	0.000000	0.000000	0.000000	0.453471	0.000000	0.000000	0.269143	0.000000	0.000000	0.000000	0.000000
129	tsk_129	(x)	1	:	0.000000	0.062805	0.000000	0.000000	0.000000	0.478062	0.000000	0.000000	0.430105	0.000000	0.000000	0.000000	0.029028
130	tsk_130	(x)	1	:	0.644922	0.225851	0.000000	0.000000	0.000000	0.000000	0.000000	0.000000	0.000000	0.000000	0.000000	0.000003	0.129224
131	tsk_131	(x)	1	:	0.000000	0.191458	0.000000	0.000000	0.000000	0.000000	0.000000	0.000000	0.000000	0.000000	0.477726	0.000007	0.330808
132	tsk_132	(x)	1	:	0.000000	0.006920	0.000000	0.000000	0.491742	0.000000	0.000000	0.000000	0.000000	0.000000	0.483826	0.000000	0.017512
133	tsk_133	(x)	1	:	0.000000	0.110946	0.000000	0.000000	0.490252	0.000000	0.000000	0.000000	0.000000	0.000000	0.000000	0.000000	0.398801
134	tsk_134	(x)	1	:	0.000000	0.001724	0.487490	0.000000	0.000000	0.508797	0.000000	0.000000	0.000000	0.000000	0.000000	0.000001	0.001986
135	tsk_135	(x)	1	:	0.000000	0.013854	0.000000	0.000000	0.491602	0.000000	0.000000	0.000000	0.000000	0.000000	0.483255	0.000000	0.011289
136	tsk_136	(x)	1	:	0.000000	0.000000	0.000000	0.000000	0.485464	0.514536	0.000000	0.000000	0.000000	0.000000	0.000000	0.000000	0.000000
137	tsk_137	(x)	1	:	0.000000	0.000000	0.000000	0.000000	0.485464	0.514536	0.000000	0.000000	0.000000	0.000000	0.000000	0.000000	0.000000
138	tsk_138	(x)	1	:	0.387990	0.000000	0.000000	0.000000	0.000000	0.000000	0.000000	0.000000	0.000000	0.000000	0.612010	0.000000	0.000000
139	tsk_139	(x)	1	:	0.000000	0.172647	0.000000	0.000000	0.000000	0.000000	0.000000	0.130450	0.000000	0.000000	0.477730	0.000007	0.219166
140	tsk_140	(x)	1	:	0.000000	0.000000	0.000000	0.000000	0.000000	1.000000	0.000000	0.000000	0.000000	0.000000	0.000000	0.000000	0.000000
141	tsk_141	(x)	1	:	0.000000	0.002866	0.486747	0.000000	0.000000	0.508739	0.000000	0.000000	0.000000	0.000000	0.000000	0.000001	0.001646
142	tsk_142	(x)	1	:	1.000000	0.000000	0.000000	0.000000	0.000000	0.000000	0.000000	0.000000	0.000000	0.000000	0.000000	0.000000	0.000000
143	tsk_143	(x)	1	:	0.458313	0.014433	0.000000	0.000000	0.000000	0.509242	0.000000	0.000000	0.000000	0.000000	0.000000	0.000000	0.018011
144	tsk_144	(x)	1	:	0.000000	0.089652	0.000000	0.620398	0.000000	0.000000	0.000000	0.000000	0.000000	0.000000	0.000000	0.000002	0.289948
145	tsk_145	(x)	1	:	0.000000	0.455236	0.000000	0.000000	0.000000	0.000000	0.000000	0.000000	0.000000	0.000000	0.000000	0.000022	0.544741
146	tsk_146	(x)	1	:	0.000000	0.262325	0.000000	0.000000	0.000000	0.509152	0.000000	0.000000	0.000000	0.000000	0.000000	0.000010	0.228512
147	tsk_147	(x)	1	:	0.000000	0.000000	0.000000	0.000000	0.000000	1.000000	0.000000	0.000000	0.000000	0.000000	0.000000	0.000000	0.000000
148	tsk_148	(x)	1	:	0.000000	0.000000	0.000000	0.000000	0.000000	1.000000	0.000000	0.000000	0.000000	0.000000	0.000000	0.000000	0.000000
149	tsk_149	(x)	1	:	0.000000	0.386932	0.000000	0.000000	0.000000	0.509152	0.000000	0.000000	0.000000	0.000000	0.000000	0.000009	0.103906
