0	tsk_0	(x)	1	:	0.000000	0.000000	1.000000	0.000000	0.000000	0.000000	0.000000	0.000000	0.000000	0.000000	0.000000	0.000000	0.000000	0.000000	0.000000
1	tsk_1	(x)	1	:	0.000000	0.000000	0.607087	0.000000	0.000000	0.000000	0.000000	0.000000	0.000000	0.289870	0.000000	0.103043	0.000000	0.000000	0.000000
2	tsk_2	(x)	1	:	0.000000	0.000000	0.000000	0.000000	0.000000	0.000000	0.000000	0.000000	0.498881	0.001617	0.000000	0.001369	0.000000	0.498133	0.000000
3	tsk_3	(x)	1	:	0.000000	0.000000	0.647204	0.000000	0.000000	0.000000	0.000000	0.000000	0.000000	0.000000	0.000000	0.000000	0.000000	0.000000	0.352796
4	tsk_4	(x)	1	:	0.000000	0.000000	0.662604	0.000000	0.000000	0.000000	0.000000	0.000000	0.000000	0.000000	0.000000	0.000000	0.000000	0.000000	0.337396
5	tsk_5	(x)	1	:	0.000000	0.000000	0.662604	0.000000	0.000000	0.000000	0.000000	0.000000	0.000000	0.000000	0.000000	0.000000	0.000000	0.000000	0.337396
6	tsk_6	(x)	1	:	0.000000	0.000000	0.266585	0.000000	0.000000	0.000000	0.000000	0.000000	0.499366	0.002627	0.000000	0.001217	0.000000	0.000000	0.230204
7	tsk_7	(x)	1	:	0.000000	0.000000	1.000000	0.000000	0.000000	0.000000	0.000000	0.000000	0.000000	0.000000	0.000000	0.000000	0.000000	0.000000	0.000000
8	tsk_8	(x)	1	:	0.000000	0.000000	0.266564	0.000000	0.000000	0.000000	0.000000	0.000000	0.000000	0.406720	0.000000	0.093279	0.000000	0.000000	0.233436
9	tsk_9	(x)	1	:	0.000000	0.000000	0.000000	0.000000	0.000000	0.000000	0.000000	0.172127	0.000000	0.135236	0.000000	0.006102	0.000000	0.186596	0.499940
10	tsk_10	(x)	1	:	0.000000	0.498950	0.000000	0.000000	0.000000	0.000000	0.002384	0.000000	0.000000	0.000355	0.496735	0.000268	0.000000	0.000000	0.001308
11	tsk_11	(x)	1	:	0.000001	0.253221	0.000000	0.000000	0.000000	0.000000	0.246800	0.000000	0.000000	0.102819	0.000000	0.397159	0.000000	0.000000	0.000000
12	tsk_12	(x)	1	:	0.000000	0.253224	0.000000	0.000000	0.000000	0.000000	0.245613	0.000000	0.000000	0.002213	0.000000	0.004843	0.000000	0.000000	0.494106
13	tsk_13	(x)	1	:	0.000000	0.000000	0.000000	0.000000	0.000000	0.000000	0.000000	0.000000	0.000000	0.000000	0.500000	0.000000	0.000000	0.000000	0.500000
14	tsk_14	(x)	1	:	0.000000	0.000000	0.000000	0.000000	0.000000	0.000000	1.000000	0.000000	0.000000	0.000000	0.000000	0.000000	0.000000	0.000000	0.000000
15	tsk_15	(x)	1	:	0.000000	0.253223	0.000000	0.000000	0.000000	0.000000	0.746777	0.000000	0.000000	0.000000	0.000000	0.000000	0.000000	0.000000	0.000000
16	tsk_16	(x)	1	:	0.000000	0.498888	0.000000	0.000000	0.000000	0.000000	0.003514	0.171849	0.000000	0.058221	0.000000	0.080639	0.000000	0.186890	0.000000
17	tsk_17	(x)	1	:	0.000015	0.253207	0.000000	0.374061	0.000000	0.000000	0.246801	0.000000	0.000000	0.050005	0.000000	0.075912	0.000000	0.000000	0.000000
18	tsk_18	(x)	1	:	0.000000	0.773658	0.000000	0.000000	0.000000	0.000000	0.226342	0.000000	0.000000	0.000000	0.000000	0.000000	0.000000	0.000000	0.000000
19	tsk_19	(x)	1	:	0.000000	0.514044	0.000000	0.000000	0.000000	0.000000	0.485956	0.000000	0.000000	0.000000	0.000000	0.000000	0.000000	0.000000	0.000000
20	tsk_20	(x)	1	:	0.000000	0.000000	0.000000	0.000000	0.000000	0.499049	0.000000	0.000000	0.000000	0.002805	0.000000	0.003909	0.000000	0.000000	0.494237
21	tsk_21	(x)	1	:	0.000000	0.000000	0.000000	0.000000	0.000000	0.000000	0.000000	0.000000	0.000000	0.000000	0.000000	0.000000	0.000000	0.000000	1.000000
22	tsk_22	(x)	1	:	0.000000	0.000000	0.000000	0.374065	0.000000	0.499988	0.000000	0.000000	0.000000	0.104443	0.000000	0.021504	0.000000	0.000000	0.000000
23	tsk_23	(x)	1	:	0.000000	0.000000	0.000000	0.000000	0.000000	0.499108	0.000000	0.000000	0.000000	0.005163	0.000000	0.001129	0.000000	0.000000	0.494601
24	tsk_24	(x)	1	:	0.000000	0.000000	0.000000	0.000000	0.000000	1.000000	0.000000	0.000000	0.000000	0.000000	0.000000	0.000000	0.000000	0.000000	0.000000
25	tsk_25	(x)	1	:	0.000001	0.000000	0.000000	0.374064	0.000000	0.499988	0.000000	0.000000	0.000000	0.089177	0.000000	0.036770	0.000000	0.000000	0.000000
26	tsk_26	(x)	1	:	0.000000	0.000000	0.000000	0.000000	0.000000	1.000000	0.000000	0.000000	0.000000	0.000000	0.000000	0.000000	0.000000	0.000000	0.000000
27	tsk_27	(x)	1	:	0.000000	0.000000	0.000000	0.000000	0.000000	0.500000	0.000000	0.000000	0.000000	0.361765	0.000000	0.138235	0.000000	0.000000	0.000000
28	tsk_28	(x)	1	:	0.000000	0.498651	0.000000	0.000000	0.000000	0.498222	0.003127	0.000000	0.000000	0.000000	0.000000	0.000000	0.000000	0.000000	0.000000
29	tsk_29	(x)	1	:	0.000000	0.000000	0.000000	0.000000	0.000000	0.000000	0.000000	0.000000	0.499223	0.003873	0.000000	0.000811	0.000000	0.000000	0.496092
30	tsk_30	(x)	1	:	0.000000	0.000000	0.000000	0.000000	0.000000	0.000000	1.000000	0.000000	0.000000	0.000000	0.000000	0.000000	0.000000	0.000000	0.000000
31	tsk_31	(x)	1	:	0.000000	0.000000	0.540344	0.000000	0.000000	0.000000	0.459656	0.000000	0.000000	0.000000	0.000000	0.000000	0.000000	0.000000	0.000000
32	tsk_32	(x)	1	:	0.000000	0.253210	0.540339	0.000000	0.000000	0.000000	0.206451	0.000000	0.000000	0.000000	0.000000	0.000000	0.000000	0.000000	0.000000
33	tsk_33	(x)	1	:	0.000000	0.000000	0.000000	0.000000	0.000000	0.000000	1.000000	0.000000	0.000000	0.000000	0.000000	0.000000	0.000000	0.000000	0.000000
34	tsk_34	(x)	1	:	0.000000	0.000000	0.000000	0.000000	0.000000	0.000000	0.000000	0.000000	0.000000	0.682204	0.000000	0.317796	0.000000	0.000000	0.000000
35	tsk_35	(x)	1	:	0.000000	0.000000	0.000000	0.000000	0.000000	1.000000	0.000000	0.000000	0.000000	0.000000	0.000000	0.000000	0.000000	0.000000	0.000000
36	tsk_36	(x)	1	:	0.000000	0.000000	0.000000	0.000000	0.000000	0.500000	0.500000	0.000000	0.000000	0.000000	0.000000	0.000000	0.000000	0.000000	0.000000
37	tsk_37	(x)	1	:	0.000000	0.000000	0.000000	0.000000	0.000000	0.500000	0.500000	0.000000	0.000000	0.000000	0.000000	0.000000	0.000000	0.000000	0.000000
38	tsk_38	(x)	1	:	0.000000	0.505088	0.000000	0.000000	0.000000	0.000000	0.494912	0.000000	0.000000	0.000000	0.000000	0.000000	0.000000	0.000000	0.000000
39	tsk_39	(x)	1	:	0.000000	0.000000	0.540344	0.000000	0.000000	0.000000	0.459656	0.000000	0.000000	0.000000	0.000000	0.000000	0.000000	0.000000	0.000000
40	tsk_40	(x)	1	:	0.000018	0.000000	0.000000	0.374085	0.000000	0.000000	0.000000	0.000000	0.000000	0.092661	0.000000	0.033211	0.000000	0.500025	0.000000
41	tsk_41	(x)	1	:	0.000006	0.000000	0.000000	0.374088	0.000000	0.000000	0.000000	0.000000	0.000000	0.108974	0.000000	0.016908	0.000000	0.500024	0.000000
42	tsk_42	(x)	1	:	0.000000	0.000000	0.000000	0.000000	0.000000	0.000000	0.000000	0.000000	0.000000	0.000000	0.000000	0.000000	0.000000	0.000000	1.000000
43	tsk_43	(x)	1	:	0.000035	0.000000	0.000000	0.374011	0.000000	0.000000	0.000000	0.000000	0.000000	0.512724	0.000000	0.113229	0.000000	0.000000	0.000000
44	tsk_44	(x)	1	:	0.000000	0.000000	0.266564	0.000000	0.000000	0.000000	0.000000	0.000000	0.000000	0.000000	0.000000	0.000000	0.000000	0.000000	0.733436
45	tsk_45	(x)	1	:	0.000000	0.000000	0.266551	0.000000	0.000000	0.000000	0.000000	0.542254	0.000000	0.000004	0.000000	0.000007	0.000000	0.000000	0.191184
46	tsk_46	(x)	1	:	0.000000	0.000000	0.000000	0.000000	0.000000	0.000000	0.500000	0.000000	0.000000	0.137262	0.000000	0.362737	0.000000	0.000000	0.000000
47	tsk_47	(x)	1	:	0.000000	0.000000	0.266621	0.000000	0.000000	0.000000	0.498966	0.000000	0.000000	0.002295	0.000000	0.004018	0.000000	0.000000	0.228100
48	tsk_48	(x)	1	:	0.000000	0.000000	0.000000	0.000000	0.000000	0.000000	0.498968	0.000000	0.000000	0.000564	0.000000	0.002191	0.000000	0.498277	0.000000
49	tsk_49	(x)	1	:	0.000000	0.000000	0.000000	0.000000	0.000000	0.000000	0.499207	0.000000	0.000000	0.000000	0.000000	0.004781	0.000000	0.000000	0.496011
50	tsk_50	(x)	1	:	0.000000	0.505088	0.000000	0.000000	0.000000	0.000000	0.494912	0.000000	0.000000	0.000000	0.000000	0.000000	0.000000	0.000000	0.000000
51	tsk_51	(x)	1	:	0.000000	0.498599	0.000000	0.000000	0.000000	0.498208	0.003193	0.000000	0.000000	0.000000	0.000000	0.000000	0.000000	0.000000	0.000000
52	tsk_52	(x)	1	:	0.000000	0.000000	0.266563	0.566396	0.000000	0.000000	0.000000	0.000000	0.000000	0.000000	0.000000	0.000000	0.000000	0.000000	0.167041
53	tsk_53	(x)	1	:	0.000000	0.000000	0.000000	0.000000	0.000000	1.000000	0.000000	0.000000	0.000000	0.000000	0.000000	0.000000	0.000000	0.000000	0.000000
54	tsk_54	(x)	1	:	0.000000	0.453880	0.000000	0.546120	0.000000	0.000000	0.000000	0.000000	0.000000	0.000000	0.000000	0.000000	0.000000	0.000000	0.000000
55	tsk_55	(x)	1	:	0.000000	0.000000	0.000000	0.525531	0.000000	0.000000	0.000000	0.000000	0.474469	0.000000	0.000000	0.000000	0.000000	0.000000	0.000000
56	tsk_56	(x)	1	:	0.000000	0.000000	0.000000	0.525531	0.000000	0.000000	0.000000	0.000000	0.474469	0.000000	0.000000	0.000000	0.000000	0.000000	0.000000
57	tsk_57	(x)	1	:	0.000000	0.000000	0.000000	0.000000	0.000000	0.500000	0.500000	0.000000	0.000000	0.000000	0.000000	0.000000	0.000000	0.000000	0.000000
58	tsk_58	(x)	1	:	0.000000	0.000000	0.000000	0.641787	0.000000	0.000000	0.000000	0.000000	0.000000	0.000000	0.000000	0.000000	0.000000	0.000000	0.358213
59	tsk_59	(x)	1	:	0.000000	0.000000	0.000000	0.525531	0.000000	0.000000	0.474469	0.000000	0.000000	0.000000	0.000000	0.000000	0.000000	0.000000	0.000000
60	tsk_60	(x)	1	:	0.000000	0.000000	0.000000	0.000000	0.000000	0.000000	0.499004	0.000000	0.000000	0.000743	0.000000	0.001914	0.000000	0.498338	0.000000
61	tsk_61	(x)	1	:	0.000014	0.000000	0.000000	0.374086	0.000000	0.000000	0.000000	0.000000	0.000000	0.085101	0.000000	0.040773	0.000000	0.500025	0.000000
62	tsk_62	(x)	1	:	0.000000	0.000000	0.000000	0.000001	0.500936	0.000000	0.000000	0.000000	0.000000	0.000000	0.000000	0.000000	0.000000	0.000000	0.499063
63	tsk_63	(x)	1	:	0.000000	0.000000	0.000000	0.000000	0.000000	0.000000	0.000000	0.000000	0.498899	0.001008	0.000000	0.001931	0.000000	0.498162	0.000000
64	tsk_64	(x)	1	:	0.000000	0.000000	0.000000	0.000000	0.000000	0.000000	0.000000	0.000000	0.000000	0.007485	0.000000	0.000047	0.000000	0.498127	0.494340
65	tsk_65	(x)	1	:	0.000000	0.000000	0.000000	0.000000	0.000000	0.000000	0.000000	0.000000	1.000000	0.000000	0.000000	0.000000	0.000000	0.000000	0.000000
66	tsk_66	(x)	1	:	0.000000	0.000000	0.000000	0.000000	0.000000	0.000000	0.000000	0.000000	0.000000	0.000000	0.000000	0.000000	0.000000	1.000000	0.000000
67	tsk_67	(x)	1	:	0.000000	0.499002	0.000000	0.000000	0.000000	0.000000	0.003370	0.000000	0.000000	0.074498	0.000000	0.423130	0.000000	0.000000	0.000000
68	tsk_68	(x)	1	:	0.000000	0.498609	0.000000	0.000000	0.000000	0.000000	0.002350	0.000000	0.000000	0.000683	0.000000	0.000943	0.000000	0.497415	0.000000
69	tsk_69	(x)	1	:	0.999863	0.000000	0.000000	0.000137	0.000000	0.000000	0.000000	0.000000	0.000000	0.000000	0.000000	0.000000	0.000000	0.000000	0.000000
70	tsk_70	(x)	1	:	0.000000	0.498687	0.000000	0.000000	0.000000	0.000000	0.002546	0.000000	0.000000	0.001841	0.000000	0.003197	0.000000	0.000000	0.493729
71	tsk_71	(x)	1	:	0.000000	1.000000	0.000000	0.000000	0.000000	0.000000	0.000000	0.000000	0.000000	0.000000	0.000000	0.000000	0.000000	0.000000	0.000000
72	tsk_72	(x)	1	:	0.000000	0.535427	0.000000	0.000000	0.000000	0.000000	0.000000	0.000000	0.000000	0.121320	0.000000	0.343252	0.000000	0.000000	0.000000
73	tsk_73	(x)	1	:	0.000000	0.000000	0.000000	0.000000	0.000000	0.000000	0.000000	0.000000	0.000000	0.378912	0.000000	0.121086	0.000000	0.000000	0.500002
74	tsk_74	(x)	1	:	0.000000	0.481478	0.000000	0.518495	0.000000	0.000000	0.000027	0.000000	0.000000	0.000000	0.000000	0.000000	0.000000	0.000000	0.000000
75	tsk_75	(x)	1	:	0.000000	0.000000	0.000000	0.000000	0.000000	0.000000	0.000000	0.542260	0.000000	0.000000	0.000000	0.000000	0.000000	0.000000	0.457740
76	tsk_76	(x)	1	:	0.000000	0.505088	0.000000	0.000000	0.000000	0.000000	0.494912	0.000000	0.000000	0.000000	0.000000	0.000000	0.000000	0.000000	0.000000
77	tsk_77	(x)	1	:	0.000000	1.000000	0.000000	0.000000	0.000000	0.000000	0.000000	0.000000	0.000000	0.000000	0.000000	0.000000	0.000000	0.000000	0.000000
78	tsk_78	(x)	1	:	0.000000	0.000000	0.000000	0.000000	0.000000	0.000000	0.499081	0.000000	0.000000	0.000503	0.000000	0.005044	0.000000	0.000000	0.495372
79	tsk_79	(x)	1	:	0.000000	0.505088	0.000000	0.000000	0.000000	0.000000	0.494912	0.000000	0.000000	0.000000	0.000000	0.000000	0.000000	0.000000	0.000000
80	tsk_80	(x)	1	:	0.000000	0.000000	0.000000	0.000000	0.000000	0.000000	0.000000	0.000000	0.000000	0.586047	0.000000	0.413953	0.000000	0.000000	0.000000
81	tsk_81	(x)	1	:	0.000000	0.000000	0.000000	0.000000	0.000000	0.000000	0.000000	0.000000	0.000000	0.467038	0.000000	0.032962	0.000000	0.500000	0.000000
82	tsk_82	(x)	1	:	0.000001	0.000000	0.000000	0.000000	0.000000	0.000000	0.000000	0.000000	0.000000	0.638235	0.000000	0.361764	0.000000	0.000000	0.000000
83	tsk_83	(x)	1	:	0.000053	0.000000	0.000000	0.374002	0.000000	0.000000	0.000000	0.000000	0.000000	0.475303	0.000000	0.150641	0.000000	0.000000	0.000000
84	tsk_84	(x)	1	:	0.000120	0.000000	0.000000	0.373969	0.000000	0.000000	0.000000	0.000000	0.000000	0.000000	0.000000	0.625911	0.000000	0.000000	0.000000
85	tsk_85	(x)	1	:	0.000000	0.000000	0.000000	0.000000	0.000000	0.000000	0.000000	0.469757	0.000000	0.449618	0.000000	0.080625	0.000000	0.000000	0.000000
86	tsk_86	(x)	1	:	0.000000	0.000000	0.000000	0.000000	0.000000	0.000000	0.000000	0.496615	0.000000	0.007880	0.000000	0.001266	0.000000	0.000000	0.494239
87	tsk_87	(x)	1	:	0.000000	0.000000	0.000000	0.000000	0.000000	0.000000	0.000000	0.000000	0.000000	0.286348	0.000000	0.213651	0.000000	0.500000	0.000000
88	tsk_88	(x)	1	:	0.000000	0.000000	0.000000	0.000001	0.500936	0.000000	0.000000	0.000000	0.000000	0.000000	0.000000	0.000000	0.000000	0.000000	0.499063
89	tsk_89	(x)	1	:	0.000001	0.000000	0.000000	0.000000	0.000000	0.000000	0.000000	0.000000	0.000000	0.344016	0.000000	0.155978	0.000000	0.000000	0.500005
90	tsk_90	(x)	1	:	0.000000	0.000000	0.000000	0.000000	0.000000	0.000000	0.000000	0.000000	0.500000	0.149909	0.000000	0.350091	0.000000	0.000000	0.000000
91	tsk_91	(x)	1	:	0.000000	0.000000	0.000000	0.000000	0.000000	0.000000	0.000000	0.000000	1.000000	0.000000	0.000000	0.000000	0.000000	0.000000	0.000000
92	tsk_92	(x)	1	:	0.000000	0.000000	0.000000	0.000000	0.000000	0.000000	0.000000	0.000000	0.000000	0.364150	0.000000	0.135849	0.000000	0.000000	0.500001
93	tsk_93	(x)	1	:	0.000000	0.000000	0.000000	0.000000	0.000000	0.000000	0.000000	0.496579	0.498840	0.002133	0.000000	0.002448	0.000000	0.000000	0.000000
94	tsk_94	(x)	1	:	0.000000	0.000000	0.000000	0.000000	0.000000	0.000000	0.000000	0.498765	0.000000	0.381998	0.000000	0.119236	0.000000	0.000000	0.000000
95	tsk_95	(x)	1	:	0.000000	0.000000	0.000000	0.000000	0.000000	0.000000	0.000000	0.497023	0.499075	0.001396	0.000000	0.002506	0.000000	0.000000	0.000000
96	tsk_96	(x)	1	:	0.000000	0.000000	0.000000	0.000000	0.000000	0.000000	0.000000	0.000000	0.499996	0.000000	0.000000	0.000023	0.000000	0.000000	0.499981
97	tsk_97	(x)	1	:	0.000000	0.000000	0.000000	0.000000	0.000000	0.000000	0.000000	0.496624	0.498864	0.002055	0.000000	0.002457	0.000000	0.000000	0.000000
98	tsk_98	(x)	1	:	0.000000	0.000000	0.266622	0.000000	0.000000	0.000000	0.000000	0.496806	0.000000	0.007015	0.000000	0.001496	0.000000	0.000000	0.228060
99	tsk_99	(x)	1	:	0.000000	0.000000	0.000000	0.000000	0.000000	0.000000	0.000000	0.496846	0.498981	0.001523	0.000000	0.002650	0.000000	0.000000	0.000000
100	tsk_100	(x)	1	:	0.000014	0.498975	0.000000	0.374114	0.000000	0.000000	0.003395	0.000000	0.000000	0.059601	0.000000	0.063902	0.000000	0.000000	0.000000
101	tsk_101	(x)	1	:	0.000014	0.498813	0.000000	0.374122	0.000000	0.000000	0.003621	0.000000	0.000000	0.053588	0.000000	0.069842	0.000000	0.000000	0.000000
102	tsk_102	(x)	1	:	0.000027	0.499223	0.000000	0.374091	0.000000	0.000000	0.003056	0.000000	0.000000	0.070831	0.000000	0.052771	0.000000	0.000000	0.000000
103	tsk_103	(x)	1	:	0.000000	0.499697	0.000000	0.000000	0.000000	0.000000	0.002043	0.000000	0.000000	0.000000	0.000000	0.000000	0.000000	0.000000	0.498259
104	tsk_104	(x)	1	:	0.000013	0.498851	0.000000	0.374121	0.000000	0.000000	0.003566	0.000000	0.000000	0.063406	0.000000	0.060042	0.000000	0.000000	0.000000
105	tsk_105	(x)	1	:	0.000029	0.498848	0.000000	0.374108	0.000000	0.000000	0.003581	0.000000	0.000000	0.026537	0.000000	0.096897	0.000000	0.000000	0.000000
106	tsk_106	(x)	1	:	0.000000	0.498802	0.000000	0.000000	0.000000	0.000000	0.003665	0.000000	0.000000	0.097537	0.000000	0.399995	0.000000	0.000000	0.000000
107	tsk_107	(x)	1	:	0.000001	0.000000	0.000000	0.000000	0.000000	0.000000	0.000000	0.000000	0.000000	0.279206	0.000000	0.220787	0.000000	0.000000	0.500006
108	tsk_108	(x)	1	:	0.000000	1.000000	0.000000	0.000000	0.000000	0.000000	0.000000	0.000000	0.000000	0.000000	0.000000	0.000000	0.000000	0.000000	0.000000
109	tsk_109	(x)	1	:	0.000001	0.499053	0.000000	0.000000	0.000000	0.000000	0.003327	0.000000	0.000000	0.177788	0.000000	0.319832	0.000000	0.000000	0.000000
110	tsk_110	(x)	1	:	0.000000	0.000000	0.000000	0.000000	0.000000	0.000000	0.000000	0.000000	0.498809	0.002762	0.000000	0.004444	0.000000	0.000000	0.493986
111	tsk_111	(x)	1	:	0.000000	0.000000	0.000000	0.000000	0.000000	0.000000	0.000000	0.000000	1.000000	0.000000	0.000000	0.000000	0.000000	0.000000	0.000000
112	tsk_112	(x)	1	:	0.000000	0.000000	0.000000	0.000000	0.000000	0.000000	0.000000	0.000000	0.498897	0.004020	0.000000	0.002649	0.000000	0.000000	0.494434
113	tsk_113	(x)	1	:	0.000000	0.000000	0.000000	0.000000	0.000000	0.500000	0.500000	0.000000	0.000000	0.000000	0.000000	0.000000	0.000000	0.000000	0.000000
114	tsk_114	(x)	1	:	0.000001	0.000000	0.000000	0.000000	0.000000	0.000000	0.000000	0.000000	0.000000	0.632314	0.000000	0.367686	0.000000	0.000000	0.000000
115	tsk_115	(x)	1	:	0.000000	0.500238	0.000000	0.000000	0.000000	0.000000	0.004468	0.000000	0.495294	0.000000	0.000000	0.000000	0.000000	0.000000	0.000000
116	tsk_116	(x)	1	:	0.000000	0.000000	0.000000	0.000000	0.000000	0.000000	0.499091	0.000000	0.000000	0.000000	0.000000	0.005489	0.000000	0.000000	0.495420
117	tsk_117	(x)	1	:	0.000000	0.499942	0.000000	0.000000	0.000000	0.000000	0.005051	0.000000	0.495007	0.000000	0.000000	0.000000	0.000000	0.000000	0.000000
118	tsk_118	(x)	1	:	0.000000	0.000000	0.000000	0.000000	0.000000	0.000000	0.000000	0.000000	0.000000	0.341893	0.000000	0.158106	0.000000	0.000000	0.500000
119	tsk_119	(x)	1	:	0.000000	0.000000	0.000000	0.000000	0.000000	0.000000	0.000000	0.000000	0.499028	0.005164	0.000000	0.000708	0.000000	0.000000	0.495100
120	tsk_120	(x)	1	:	0.000000	0.505088	0.000000	0.000000	0.000000	0.000000	0.494912	0.000000	0.000000	0.000000	0.000000	0.000000	0.000000	0.000000	0.000000
121	tsk_121	(x)	1	:	0.000000	0.000000	0.000000	0.000000	0.000000	0.000000	0.000000	0.000000	0.000000	0.647305	0.000000	0.352695	0.000000	0.000000	0.000000
122	tsk_122	(x)	1	:	0.000000	0.000000	0.000000	0.000000	0.000000	0.000000	0.000000	0.000000	0.000000	0.813884	0.000000	0.186116	0.000000	0.000000	0.000000
123	tsk_123	(x)	1	:	0.000000	0.000000	0.000000	0.000000	0.000000	0.000000	0.000000	0.000000	0.000000	0.621900	0.000000	0.378099	0.000000	0.000000	0.000000
124	tsk_124	(x)	1	:	0.000000	0.000000	0.000000	0.000000	0.000000	0.000000	1.000000	0.000000	0.000000	0.000000	0.000000	0.000000	0.000000	0.000000	0.000000
125	tsk_125	(x)	1	:	0.000000	0.000000	0.000000	0.000000	0.000000	0.000000	0.500000	0.000000	0.000000	0.230345	0.000000	0.269655	0.000000	0.000000	0.000000
126	tsk_126	(x)	1	:	0.000000	0.000000	0.000000	0.000000	0.000000	0.000000	1.000000	0.000000	0.000000	0.000000	0.000000	0.000000	0.000000	0.000000	0.000000
127	tsk_127	(x)	1	:	0.000000	0.505088	0.000000	0.000000	0.000000	0.000000	0.494912	0.000000	0.000000	0.000000	0.000000	0.000000	0.000000	0.000000	0.000000
128	tsk_128	(x)	1	:	0.000000	0.000000	0.000000	0.000000	0.000000	0.000000	1.000000	0.000000	0.000000	0.000000	0.000000	0.000000	0.000000	0.000000	0.000000
129	tsk_129	(x)	1	:	0.000002	0.498758	0.000000	0.000000	0.000000	0.000000	0.003856	0.000000	0.000000	0.054627	0.000000	0.442758	0.000000	0.000000	0.000000
130	tsk_130	(x)	1	:	0.000000	0.000000	0.000000	0.000000	0.000000	1.000000	0.000000	0.000000	0.000000	0.000000	0.000000	0.000000	0.000000	0.000000	0.000000
131	tsk_131	(x)	1	:	0.000000	0.000000	0.000000	0.000000	0.000000	0.000000	0.000000	0.000000	0.000000	0.153853	0.496425	0.342571	0.000000	0.000000	0.007150
132	tsk_132	(x)	1	:	0.000000	0.000000	0.000000	0.000000	0.000000	0.499388	0.000000	0.000000	0.000000	0.000900	0.497185	0.000585	0.000000	0.000000	0.001941
133	tsk_133	(x)	1	:	0.000001	0.000000	0.000000	0.000000	0.000000	0.000000	0.000000	0.000000	0.000000	0.461370	0.000000	0.538629	0.000000	0.000000	0.000000
134	tsk_134	(x)	1	:	0.000000	0.000000	0.000000	0.000000	0.000000	0.000000	0.000000	0.000000	0.000000	0.414153	0.498399	0.084245	0.000000	0.000000	0.003202
135	tsk_135	(x)	1	:	0.000000	0.000000	0.000000	0.000000	0.000000	0.000000	0.000000	0.000000	0.000000	0.000000	0.500000	0.000000	0.000000	0.000000	0.500000
136	tsk_136	(x)	1	:	0.000001	0.000000	0.000000	0.000000	0.000000	0.000000	0.000000	0.000000	0.000000	0.781522	0.000000	0.218477	0.000000	0.000000	0.000000
137	tsk_137	(x)	1	:	0.000001	0.000000	0.000000	0.000000	0.000000	0.000000	0.000000	0.000000	0.000000	0.375789	0.497793	0.122002	0.000000	0.000000	0.004415
138	tsk_138	(x)	1	:	0.000000	0.000000	0.000000	0.000000	0.000000	0.000000	0.000000	0.000000	0.000000	0.000000	1.000000	0.000000	0.000000	0.000000	0.000000
139	tsk_139	(x)	1	:	0.000000	0.000000	0.000000	0.000000	0.000000	0.000000	0.000000	0.000000	0.039149	0.373788	0.000000	0.087090	0.499973	0.000000	0.000000
140	tsk_140	(x)	1	:	0.000001	0.000000	0.000000	0.000000	0.000000	0.000000	0.000000	0.000000	0.500000	0.132307	0.000000	0.367692	0.000000	0.000000	0.000000
141	tsk_141	(x)	1	:	0.000000	0.000000	0.000000	0.000000	0.000000	0.000000	0.500000	0.000000	0.500000	0.000000	0.000000	0.000000	0.000000	0.000000	0.000000
142	tsk_142	(x)	1	:	0.000002	0.000000	0.000000	0.000000	0.000000	0.000000	0.000000	0.000000	0.000000	0.587307	0.000000	0.412691	0.000000	0.000000	0.000000
143	tsk_143	(x)	1	:	0.000004	0.000000	0.000000	0.374058	0.000000	0.000000	0.000000	0.000000	0.500005	0.052955	0.000000	0.072977	0.000000	0.000000	0.000000
144	tsk_144	(x)	1	:	0.000001	0.000000	0.000000	0.000000	0.000000	0.000000	0.000000	0.000000	0.000000	0.284139	0.000000	0.215861	0.000000	0.500000	0.000000
145	tsk_145	(x)	1	:	0.000005	0.000000	0.000000	0.374058	0.000000	0.000000	0.000000	0.000000	0.500005	0.046762	0.000000	0.079171	0.000000	0.000000	0.000000
146	tsk_146	(x)	1	:	0.000001	0.000000	0.000000	0.000000	0.000000	0.000000	0.000000	0.000000	0.000000	0.446488	0.000000	0.553511	0.000000	0.000000	0.000000
147	tsk_147	(x)	1	:	0.000001	0.253219	0.000000	0.000000	0.000000	0.000000	0.246798	0.000000	0.000000	0.090778	0.000000	0.409204	0.000000	0.000000	0.000000
148	tsk_148	(x)	1	:	0.000000	0.000000	0.000000	0.000000	0.000000	0.000000	0.000000	0.000000	0.000000	0.812871	0.000000	0.187129	0.000000	0.000000	0.000000
149	tsk_149	(x)	1	:	0.000000	0.000000	0.000000	0.000000	0.000000	0.000000	0.000000	0.000000	0.000000	0.646384	0.000000	0.353616	0.000000	0.000000	0.000000
