0	tsk_0	(x)	1	:	0.000000	0.000000	0.000000	0.000000	0.000000	0.000000	0.000000	0.000000	1.000000	0.000000	0.000000	0.000000	0.000000
1	tsk_1	(x)	1	:	0.000248	0.000000	0.511973	0.000000	0.000000	0.000000	0.000000	0.000000	0.487779	0.000000	0.000000	0.000000	0.000000
2	tsk_2	(x)	1	:	0.000011	0.000000	0.500892	0.000000	0.000000	0.000000	0.499097	0.000000	0.000000	0.000000	0.000000	0.000000	0.000000
3	tsk_3	(x)	1	:	0.000009	0.000000	0.500894	0.000000	0.000000	0.000000	0.499097	0.000000	0.000000	0.000000	0.000000	0.000000	0.000000
4	tsk_4	(x)	1	:	0.000028	0.000000	0.501111	0.000000	0.000000	0.000000	0.000000	0.000000	0.000000	0.498862	0.000000	0.000000	0.000000
5	tsk_5	(x)	1	:	0.000004	0.000000	0.500897	0.000000	0.000000	0.000000	0.499098	0.000000	0.000000	0.000000	0.000000	0.000000	0.000000
6	tsk_6	(x)	1	:	0.496241	0.000000	0.503759	0.000000	0.000000	0.000000	0.000000	0.000000	0.000000	0.000000	0.000000	0.000000	0.000000
7	tsk_7	(x)	1	:	0.000000	0.000000	0.000000	0.000000	0.000000	0.000000	0.000000	0.000000	0.000000	0.504513	0.000000	0.000000	0.495487
8	tsk_8	(x)	1	:	0.000187	0.000000	0.512014	0.000000	0.000000	0.000000	0.000000	0.000000	0.487799	0.000000	0.000000	0.000000	0.000000
9	tsk_9	(x)	1	:	0.000012	0.000000	0.501119	0.000000	0.000000	0.000000	0.000000	0.000000	0.000000	0.498869	0.000000	0.000000	0.000000
10	tsk_10	(x)	1	:	0.000000	0.000000	0.000000	0.000000	1.000000	0.000000	0.000000	0.000000	0.000000	0.000000	0.000000	0.000000	0.000000
11	tsk_11	(x)	1	:	0.529344	0.000000	0.000000	0.000000	0.000000	0.470655	0.000000	0.000000	0.000000	0.000000	0.000000	0.000000	0.000000
12	tsk_12	(x)	1	:	0.499614	0.000000	0.000000	0.000000	0.479363	0.000000	0.000000	0.000000	0.000000	0.000000	0.021023	0.000000	0.000000
13	tsk_13	(x)	1	:	0.000000	0.000000	0.000000	0.000000	1.000000	0.000000	0.000000	0.000000	0.000000	0.000000	0.000000	0.000000	0.000000
14	tsk_14	(x)	1	:	0.000000	0.000000	0.000000	0.000000	1.000000	0.000000	0.000000	0.000000	0.000000	0.000000	0.000000	0.000000	0.000000
15	tsk_15	(x)	1	:	0.000000	0.000000	0.000000	0.000000	1.000000	0.000000	0.000000	0.000000	0.000000	0.000000	0.000000	0.000000	0.000000
16	tsk_16	(x)	1	:	0.000000	0.000000	0.000000	0.000000	1.000000	0.000000	0.000000	0.000000	0.000000	0.000000	0.000000	0.000000	0.000000
17	tsk_17	(x)	1	:	0.000418	0.000000	0.000000	0.000000	0.480804	0.000000	0.000000	0.000000	0.000000	0.501012	0.017765	0.000000	0.000000
18	tsk_18	(x)	1	:	0.000000	0.000000	0.000000	0.000000	1.000000	0.000000	0.000000	0.000000	0.000000	0.000000	0.000000	0.000000	0.000000
19	tsk_19	(x)	1	:	0.502187	0.000000	0.000000	0.000000	0.481923	0.000000	0.000000	0.000000	0.000000	0.000000	0.015890	0.000000	0.000000
20	tsk_20	(x)	1	:	0.000000	0.000000	0.000000	0.000000	0.000000	0.000000	0.000000	0.000000	0.000000	0.000000	1.000000	0.000000	0.000000
21	tsk_21	(x)	1	:	0.000000	0.000000	0.000000	0.000000	0.000000	0.000000	0.000000	0.000000	0.000000	0.000000	1.000000	0.000000	0.000000
22	tsk_22	(x)	1	:	0.001141	0.000000	0.000000	0.000000	0.000000	0.000000	0.499552	0.000000	0.000000	0.000000	0.499306	0.000000	0.000000
23	tsk_23	(x)	1	:	0.000000	0.000000	0.000000	0.000000	0.000000	0.000000	0.000000	0.000000	0.564513	0.000000	0.435487	0.000000	0.000000
24	tsk_24	(x)	1	:	0.498007	0.000000	0.000000	0.000000	0.000000	0.000000	0.000000	0.000000	0.000000	0.000000	0.501993	0.000000	0.000000
25	tsk_25	(x)	1	:	0.013658	0.000000	0.000000	0.000000	0.000000	0.000000	0.000000	0.000000	0.484566	0.000000	0.501776	0.000000	0.000000
26	tsk_26	(x)	1	:	0.497762	0.000000	0.000000	0.000000	0.000000	0.000000	0.000000	0.000000	0.000000	0.000000	0.502238	0.000000	0.000000
27	tsk_27	(x)	1	:	0.000000	0.000000	0.000000	0.000000	0.476112	0.000000	0.000000	0.000000	0.000000	0.000000	0.523888	0.000000	0.000000
28	tsk_28	(x)	1	:	0.002460	0.000000	0.000000	0.000000	0.000000	0.000000	0.499369	0.000000	0.000000	0.000000	0.498171	0.000000	0.000000
29	tsk_29	(x)	1	:	0.020957	0.000000	0.000000	0.000000	0.000000	0.000000	0.000000	0.000000	0.483864	0.000000	0.000000	0.000000	0.495180
30	tsk_30	(x)	1	:	0.000000	0.000000	0.000000	0.000000	0.000000	0.000000	0.000000	0.000000	0.000000	0.000000	1.000000	0.000000	0.000000
31	tsk_31	(x)	1	:	0.000000	0.577026	0.000000	0.000000	0.000000	0.000000	0.000000	0.000000	0.000000	0.000000	0.422974	0.000000	0.000000
32	tsk_32	(x)	1	:	0.000000	0.432753	0.000000	0.000000	0.000000	0.000000	0.000000	0.098547	0.000000	0.000000	0.000000	0.000000	0.468700
33	tsk_33	(x)	1	:	0.000000	0.000000	0.000000	0.000000	0.000000	0.000000	0.000000	0.000000	0.000000	0.000000	1.000000	0.000000	0.000000
34	tsk_34	(x)	1	:	0.000000	0.522525	0.000000	0.000000	0.000000	0.000000	0.000000	0.000000	0.000000	0.000000	0.000000	0.000000	0.477475
35	tsk_35	(x)	1	:	0.000000	0.522525	0.000000	0.000000	0.000000	0.000000	0.000000	0.000000	0.000000	0.000000	0.000000	0.000000	0.477475
36	tsk_36	(x)	1	:	0.000000	0.000000	0.000000	0.000000	0.000000	0.000000	0.000000	0.000000	0.000000	0.000000	1.000000	0.000000	0.000000
37	tsk_37	(x)	1	:	0.000000	0.577047	0.000000	0.000000	0.000000	0.000000	0.000000	0.000000	0.000000	0.000000	0.422953	0.000000	0.000000
38	tsk_38	(x)	1	:	0.000000	0.000000	0.000000	0.000000	0.000000	0.000000	0.000000	0.000000	0.000000	0.000000	1.000000	0.000000	0.000000
39	tsk_39	(x)	1	:	0.000000	0.000000	0.000000	0.000000	0.000000	0.000000	0.000000	0.000000	0.000000	0.000000	0.000000	0.000000	1.000000
40	tsk_40	(x)	1	:	0.000000	0.000000	0.000000	0.000000	0.477118	0.000000	0.000000	0.000000	0.000000	0.000000	0.522882	0.000000	0.000000
41	tsk_41	(x)	1	:	0.000000	0.000000	0.000000	0.000000	0.000000	0.000000	0.000000	0.000000	0.000000	0.000000	1.000000	0.000000	0.000000
42	tsk_42	(x)	1	:	0.000000	0.000000	0.000000	0.000000	0.000000	0.000000	0.000000	0.000000	0.000000	0.000000	1.000000	0.000000	0.000000
43	tsk_43	(x)	1	:	0.000000	0.000000	0.501357	0.000000	0.000000	0.000000	0.000000	0.000000	0.000000	0.000000	0.498643	0.000000	0.000000
44	tsk_44	(x)	1	:	0.000000	0.000000	0.000000	0.000000	0.000000	0.000000	0.000000	0.000000	0.000000	0.000000	1.000000	0.000000	0.000000
45	tsk_45	(x)	1	:	0.000000	0.000000	0.000000	0.000000	0.000000	0.000000	0.000000	0.000000	0.000000	0.000000	1.000000	0.000000	0.000000
46	tsk_46	(x)	1	:	0.000000	0.000000	0.000000	0.000000	0.000000	0.000000	0.000000	0.000000	0.000000	0.000000	1.000000	0.000000	0.000000
47	tsk_47	(x)	1	:	0.000719	0.000000	0.000000	0.000000	0.000000	0.000000	0.499759	0.000000	0.000000	0.000000	0.499521	0.000000	0.000000
48	tsk_48	(x)	1	:	0.000000	0.000000	0.000000	0.000000	0.000000	0.000000	0.000000	0.000000	0.000000	0.000000	1.000000	0.000000	0.000000
49	tsk_49	(x)	1	:	0.000000	0.000000	0.000000	0.000000	0.000000	0.000000	0.000000	0.000000	0.000000	0.000000	1.000000	0.000000	0.000000
50	tsk_50	(x)	1	:	0.000000	0.000000	0.000000	0.000000	0.000000	0.000000	0.348125	0.207804	0.000000	0.000000	0.000000	0.000000	0.444071
51	tsk_51	(x)	1	:	0.000000	0.000000	0.000000	0.000000	0.000000	0.000000	0.000000	0.150893	0.438489	0.000000	0.000000	0.410617	0.000000
52	tsk_52	(x)	1	:	0.001466	0.000000	0.000000	0.000000	0.000000	0.000000	0.499634	0.000000	0.000000	0.000000	0.000000	0.498900	0.000000
53	tsk_53	(x)	1	:	1.000000	0.000000	0.000000	0.000000	0.000000	0.000000	0.000000	0.000000	0.000000	0.000000	0.000000	0.000000	0.000000
54	tsk_54	(x)	1	:	0.001749	0.000000	0.000000	0.000000	0.000000	0.000000	0.000000	0.000000	0.000000	0.000000	0.503157	0.000000	0.495094
55	tsk_55	(x)	1	:	0.000000	0.000000	0.000000	0.000000	0.000000	0.000000	0.000000	0.000000	0.000000	0.000000	0.000000	1.000000	0.000000
56	tsk_56	(x)	1	:	0.011456	0.000000	0.000000	0.000000	0.000000	0.000000	0.000000	0.000000	0.485296	0.000000	0.000000	0.503248	0.000000
57	tsk_57	(x)	1	:	0.000000	0.000000	0.000000	0.000000	0.000000	0.000000	0.348125	0.207804	0.000000	0.000000	0.000000	0.000000	0.444071
58	tsk_58	(x)	1	:	0.000000	0.000000	0.000000	0.000000	0.000000	0.000000	0.000000	0.000000	0.000000	0.000000	0.000000	0.504372	0.495628
59	tsk_59	(x)	1	:	0.000000	0.000000	0.000000	0.000000	0.000000	0.000000	0.000000	0.150893	0.438489	0.000000	0.000000	0.410617	0.000000
60	tsk_60	(x)	1	:	1.000000	0.000000	0.000000	0.000000	0.000000	0.000000	0.000000	0.000000	0.000000	0.000000	0.000000	0.000000	0.000000
61	tsk_61	(x)	1	:	0.000000	0.000000	0.000000	0.548600	0.000000	0.000000	0.000000	0.000000	0.451400	0.000000	0.000000	0.000000	0.000000
62	tsk_62	(x)	1	:	0.000000	0.000000	0.000000	1.000000	0.000000	0.000000	0.000000	0.000000	0.000000	0.000000	0.000000	0.000000	0.000000
63	tsk_63	(x)	1	:	0.603750	0.396250	0.000000	0.000000	0.000000	0.000000	0.000000	0.000000	0.000000	0.000000	0.000000	0.000000	0.000000
64	tsk_64	(x)	1	:	0.603750	0.396250	0.000000	0.000000	0.000000	0.000000	0.000000	0.000000	0.000000	0.000000	0.000000	0.000000	0.000000
65	tsk_65	(x)	1	:	0.000000	0.000000	0.000000	0.000000	0.000000	0.000000	0.000000	0.000000	1.000000	0.000000	0.000000	0.000000	0.000000
66	tsk_66	(x)	1	:	0.000000	0.000000	0.000000	0.000000	0.559350	0.000000	0.000000	0.000000	0.440650	0.000000	0.000000	0.000000	0.000000
67	tsk_67	(x)	1	:	0.000000	0.000000	0.000000	0.000000	0.000000	0.000000	0.000000	0.000000	1.000000	0.000000	0.000000	0.000000	0.000000
68	tsk_68	(x)	1	:	0.099274	0.397633	0.000000	0.000000	0.000000	0.000000	0.000000	0.000000	0.000000	0.000000	0.503094	0.000000	0.000000
69	tsk_69	(x)	1	:	0.102373	0.396693	0.000000	0.000000	0.000000	0.000000	0.000000	0.000000	0.000000	0.000000	0.500933	0.000000	0.000000
70	tsk_70	(x)	1	:	0.499607	0.000000	0.000000	0.000000	0.000000	0.000000	0.000000	0.000000	0.000000	0.000000	0.500393	0.000000	0.000000
71	tsk_71	(x)	1	:	0.102609	0.396624	0.000000	0.000000	0.000000	0.000000	0.000000	0.000000	0.000000	0.000000	0.500767	0.000000	0.000000
72	tsk_72	(x)	1	:	0.504857	0.000000	0.000000	0.000000	0.000000	0.000000	0.000000	0.000000	0.000000	0.000000	0.000000	0.000000	0.495143
73	tsk_73	(x)	1	:	0.100456	0.397270	0.000000	0.000000	0.000000	0.000000	0.000000	0.000000	0.000000	0.000000	0.502274	0.000000	0.000000
74	tsk_74	(x)	1	:	1.000000	0.000000	0.000000	0.000000	0.000000	0.000000	0.000000	0.000000	0.000000	0.000000	0.000000	0.000000	0.000000
75	tsk_75	(x)	1	:	0.504857	0.000000	0.000000	0.000000	0.000000	0.000000	0.000000	0.000000	0.000000	0.000000	0.000000	0.000000	0.495143
76	tsk_76	(x)	1	:	0.497224	0.000000	0.000000	0.000000	0.000000	0.000000	0.000000	0.000000	0.000000	0.000000	0.502776	0.000000	0.000000
77	tsk_77	(x)	1	:	0.000000	0.000000	0.000000	0.000000	0.000000	0.000000	0.000000	0.000000	1.000000	0.000000	0.000000	0.000000	0.000000
78	tsk_78	(x)	1	:	0.002906	0.000000	0.000000	0.000000	0.000000	0.000000	0.000000	0.000000	0.000000	0.000000	0.501999	0.000000	0.495095
79	tsk_79	(x)	1	:	0.002336	0.000000	0.000000	0.000000	0.000000	0.000000	0.499375	0.000000	0.000000	0.000000	0.498289	0.000000	0.000000
80	tsk_80	(x)	1	:	0.498591	0.000000	0.000000	0.000000	0.000000	0.000000	0.000000	0.000000	0.000000	0.501409	0.000000	0.000000	0.000000
81	tsk_81	(x)	1	:	0.499198	0.000000	0.000000	0.000000	0.000000	0.000000	0.000000	0.000000	0.000000	0.000000	0.500802	0.000000	0.000000
82	tsk_82	(x)	1	:	0.500000	0.000000	0.000000	0.000000	0.000000	0.000000	0.500000	0.000000	0.000000	0.000000	0.000000	0.000000	0.000000
83	tsk_83	(x)	1	:	0.516308	0.000000	0.000000	0.000000	0.000000	0.000000	0.000000	0.000000	0.483692	0.000000	0.000000	0.000000	0.000000
84	tsk_84	(x)	1	:	0.499758	0.000000	0.000000	0.000000	0.000000	0.000000	0.000000	0.000000	0.000000	0.000000	0.500242	0.000000	0.000000
85	tsk_85	(x)	1	:	0.009996	0.000000	0.000000	0.000000	0.000000	0.000000	0.000000	0.000000	0.485781	0.000000	0.000000	0.504223	0.000000
86	tsk_86	(x)	1	:	0.000594	0.000000	0.000000	0.000000	0.000000	0.000000	0.000000	0.000000	0.000000	0.000000	0.499956	0.499450	0.000000
87	tsk_87	(x)	1	:	0.000429	0.000000	0.000000	0.000000	0.000000	0.000000	0.000000	0.000000	0.000000	0.000000	0.500216	0.499354	0.000000
88	tsk_88	(x)	1	:	0.000000	0.577037	0.000000	0.000000	0.000000	0.000000	0.000000	0.000000	0.000000	0.000000	0.422963	0.000000	0.000000
89	tsk_89	(x)	1	:	0.000547	0.000000	0.000000	0.000000	0.000000	0.000000	0.000000	0.000000	0.000000	0.500405	0.499048	0.000000	0.000000
90	tsk_90	(x)	1	:	0.045714	0.000000	0.000000	0.000000	0.000000	0.470633	0.000000	0.000000	0.483653	0.000000	0.000000	0.000000	0.000000
91	tsk_91	(x)	1	:	0.000000	0.000000	0.000000	0.000000	0.000000	0.000000	0.000000	0.000000	1.000000	0.000000	0.000000	0.000000	0.000000
92	tsk_92	(x)	1	:	0.012127	0.000000	0.000000	0.000000	0.000000	0.000000	0.000000	0.000000	0.485073	0.000000	0.502800	0.000000	0.000000
93	tsk_93	(x)	1	:	0.000000	0.424759	0.000000	0.000000	0.000000	0.000000	0.000000	0.000000	0.575241	0.000000	0.000000	0.000000	0.000000
94	tsk_94	(x)	1	:	0.000000	0.000000	0.000000	0.000000	0.000000	0.000000	0.000000	0.000000	1.000000	0.000000	0.000000	0.000000	0.000000
95	tsk_95	(x)	1	:	0.000000	0.000000	0.000000	0.000000	0.000000	0.000000	0.000000	0.000000	1.000000	0.000000	0.000000	0.000000	0.000000
96	tsk_96	(x)	1	:	0.020968	0.000000	0.000000	0.000000	0.000000	0.000000	0.000000	0.000000	0.483855	0.000000	0.000000	0.000000	0.495178
97	tsk_97	(x)	1	:	0.046073	0.000000	0.000000	0.000000	0.000000	0.470492	0.000000	0.000000	0.483435	0.000000	0.000000	0.000000	0.000000
98	tsk_98	(x)	1	:	0.000000	0.000000	0.000000	0.000000	0.000000	0.000000	0.000000	0.000000	1.000000	0.000000	0.000000	0.000000	0.000000
99	tsk_99	(x)	1	:	0.000000	0.000000	0.000000	0.000000	0.000000	0.000000	0.000000	0.000000	1.000000	0.000000	0.000000	0.000000	0.000000
100	tsk_100	(x)	1	:	0.000000	0.000000	0.000000	0.000000	0.000000	0.000000	0.000000	0.000000	0.000000	0.000000	0.000000	1.000000	0.000000
101	tsk_101	(x)	1	:	0.000000	0.000000	0.000000	0.000000	0.000000	0.000000	0.000000	0.000000	1.000000	0.000000	0.000000	0.000000	0.000000
102	tsk_102	(x)	1	:	0.000000	0.000000	0.000000	0.000000	0.000000	0.000000	0.000000	0.000000	1.000000	0.000000	0.000000	0.000000	0.000000
103	tsk_103	(x)	1	:	0.500000	0.000000	0.000000	0.000000	0.000000	0.000000	0.000000	0.000000	0.000000	0.000000	0.000000	0.500000	0.000000
104	tsk_104	(x)	1	:	0.001325	0.000000	0.000000	0.000000	0.000000	0.000000	0.499669	0.000000	0.000000	0.000000	0.000000	0.499006	0.000000
105	tsk_105	(x)	1	:	0.013184	0.000000	0.000000	0.000000	0.000000	0.000000	0.000000	0.000000	0.484723	0.000000	0.502093	0.000000	0.000000
106	tsk_106	(x)	1	:	0.010578	0.000000	0.000000	0.000000	0.000000	0.000000	0.000000	0.000000	0.485587	0.000000	0.000000	0.503834	0.000000
107	tsk_107	(x)	1	:	0.603750	0.396250	0.000000	0.000000	0.000000	0.000000	0.000000	0.000000	0.000000	0.000000	0.000000	0.000000	0.000000
108	tsk_108	(x)	1	:	0.000000	0.000000	0.000000	0.000000	0.000000	0.000000	0.000000	0.000000	0.000000	0.000000	0.500570	0.499430	0.000000
109	tsk_109	(x)	1	:	0.001771	0.000000	0.000000	0.000000	0.000000	0.000000	0.499558	0.000000	0.000000	0.000000	0.000000	0.498671	0.000000
110	tsk_110	(x)	1	:	0.002744	0.000000	0.000000	0.000000	0.000000	0.000000	0.501586	0.000000	0.000000	0.000000	0.000000	0.000000	0.495670
111	tsk_111	(x)	1	:	0.385738	0.000000	0.000000	0.000000	0.000000	0.614262	0.000000	0.000000	0.000000	0.000000	0.000000	0.000000	0.000000
112	tsk_112	(x)	1	:	0.000000	0.000000	0.000000	0.000000	0.000000	1.000000	0.000000	0.000000	0.000000	0.000000	0.000000	0.000000	0.000000
113	tsk_113	(x)	1	:	0.500000	0.000000	0.000000	0.000000	0.000000	0.000000	0.500000	0.000000	0.000000	0.000000	0.000000	0.000000	0.000000
114	tsk_114	(x)	1	:	0.002117	0.000000	0.000000	0.000000	0.000000	0.000000	0.499457	0.000000	0.000000	0.000000	0.498426	0.000000	0.000000
115	tsk_115	(x)	1	:	0.000765	0.000000	0.000000	0.000000	0.480690	0.000000	0.500037	0.000000	0.000000	0.000000	0.018509	0.000000	0.000000
116	tsk_116	(x)	1	:	0.003029	0.000000	0.000000	0.000000	0.000000	0.000000	0.499213	0.000000	0.000000	0.000000	0.497758	0.000000	0.000000
117	tsk_117	(x)	1	:	0.004342	0.000000	0.000000	0.000000	0.000000	0.000000	0.000000	0.000000	0.000000	0.000000	0.500607	0.000000	0.495051
118	tsk_118	(x)	1	:	0.504857	0.000000	0.000000	0.000000	0.000000	0.000000	0.000000	0.000000	0.000000	0.000000	0.000000	0.000000	0.495143
119	tsk_119	(x)	1	:	0.000239	0.000000	0.000000	0.000000	0.000000	0.000000	0.000000	0.000000	0.000000	0.504298	0.000000	0.000000	0.495463
120	tsk_120	(x)	1	:	0.000000	0.000000	0.000000	0.000000	0.000000	0.000000	0.000000	0.000000	1.000000	0.000000	0.000000	0.000000	0.000000
121	tsk_121	(x)	1	:	0.102169	0.396368	0.000000	0.000000	0.000000	0.000000	0.000000	0.000000	0.000000	0.501462	0.000000	0.000000	0.000000
122	tsk_122	(x)	1	:	0.000000	0.000000	0.000000	0.000000	0.000000	0.000000	0.000000	0.000000	0.000000	0.000000	1.000000	0.000000	0.000000
123	tsk_123	(x)	1	:	0.008783	0.000000	0.000000	0.000000	0.481734	0.000000	0.000000	0.000000	0.486836	0.000000	0.022647	0.000000	0.000000
124	tsk_124	(x)	1	:	0.014766	0.000000	0.000000	0.000000	0.000000	0.000000	0.000000	0.000000	0.484199	0.000000	0.501035	0.000000	0.000000
125	tsk_125	(x)	1	:	0.002374	0.000000	0.000000	0.000000	0.000000	0.000000	0.501863	0.000000	0.000000	0.000000	0.000000	0.000000	0.495762
126	tsk_126	(x)	1	:	0.001300	0.000000	0.000000	0.000000	0.483607	0.000000	0.000000	0.000000	0.000000	0.000000	0.019224	0.000000	0.495868
127	tsk_127	(x)	1	:	0.000000	0.000000	0.000000	0.000000	0.000000	0.000000	0.000000	0.000000	0.000000	0.000000	0.504930	0.000000	0.495070
128	tsk_128	(x)	1	:	0.007003	0.000000	0.000000	0.000000	0.481322	0.000000	0.000000	0.000000	0.487293	0.000000	0.024381	0.000000	0.000000
129	tsk_129	(x)	1	:	0.000099	0.000000	0.000000	0.000000	0.000000	0.000000	0.000000	0.000000	0.478729	0.000000	0.000000	0.000000	0.521171
130	tsk_130	(x)	1	:	0.000000	0.000000	0.000000	0.000000	0.000000	0.000000	0.000000	0.000000	0.000000	0.000000	0.480567	0.000000	0.519433
131	tsk_131	(x)	1	:	0.603750	0.396250	0.000000	0.000000	0.000000	0.000000	0.000000	0.000000	0.000000	0.000000	0.000000	0.000000	0.000000
132	tsk_132	(x)	1	:	0.000000	0.424759	0.000000	0.000000	0.000000	0.000000	0.000000	0.000000	0.575241	0.000000	0.000000	0.000000	0.000000
133	tsk_133	(x)	1	:	0.100974	0.397113	0.000000	0.000000	0.000000	0.000000	0.000000	0.000000	0.000000	0.000000	0.501913	0.000000	0.000000
134	tsk_134	(x)	1	:	0.499183	0.000000	0.000000	0.000000	0.000000	0.000000	0.000000	0.000000	0.000000	0.000000	0.500817	0.000000	0.000000
135	tsk_135	(x)	1	:	0.000000	0.000000	0.000000	0.000000	0.000000	0.000000	0.000000	0.000000	0.000000	0.000000	1.000000	0.000000	0.000000
136	tsk_136	(x)	1	:	0.000000	0.000000	0.000000	0.000000	0.000000	0.000000	0.000000	0.000000	0.000000	0.000000	0.479721	0.000000	0.520279
137	tsk_137	(x)	1	:	0.496036	0.000000	0.000000	0.000000	0.000000	0.000000	0.000000	0.000000	0.000000	0.000000	0.503964	0.000000	0.000000
138	tsk_138	(x)	1	:	0.000244	0.000000	0.000000	0.000000	0.480841	0.000000	0.000000	0.000000	0.000000	0.501118	0.017797	0.000000	0.000000
139	tsk_139	(x)	1	:	0.102039	0.396793	0.000000	0.000000	0.000000	0.000000	0.000000	0.000000	0.000000	0.000000	0.501168	0.000000	0.000000
140	tsk_140	(x)	1	:	0.000000	0.000000	0.000000	0.000000	0.000000	0.000000	1.000000	0.000000	0.000000	0.000000	0.000000	0.000000	0.000000
141	tsk_141	(x)	1	:	0.001426	0.000000	0.000000	0.000000	0.000000	0.000000	0.499612	0.000000	0.000000	0.000000	0.498963	0.000000	0.000000
142	tsk_142	(x)	1	:	0.002271	0.000000	0.000000	0.000000	0.000000	0.000000	0.499405	0.000000	0.000000	0.000000	0.498324	0.000000	0.000000
143	tsk_143	(x)	1	:	0.000000	0.000000	0.000000	0.000000	0.656066	0.000000	0.000000	0.000000	0.000000	0.000000	0.343934	0.000000	0.000000
144	tsk_144	(x)	1	:	0.000000	0.000000	0.000000	0.000000	0.000000	0.000000	0.000000	0.000000	0.000000	0.000000	1.000000	0.000000	0.000000
145	tsk_145	(x)	1	:	0.003157	0.000000	0.000000	0.000000	0.000000	0.000000	0.501276	0.000000	0.000000	0.000000	0.000000	0.000000	0.495567
146	tsk_146	(x)	1	:	0.002691	0.000000	0.000000	0.000000	0.000000	0.000000	0.501626	0.000000	0.000000	0.000000	0.000000	0.000000	0.495683
147	tsk_147	(x)	1	:	0.002231	0.000000	0.000000	0.000000	0.000000	0.000000	0.499426	0.000000	0.000000	0.000000	0.498343	0.000000	0.000000
148	tsk_148	(x)	1	:	0.000000	0.000000	0.000000	0.000000	0.000000	0.000000	0.000000	0.000000	0.000000	0.000000	1.000000	0.000000	0.000000
149	tsk_149	(x)	1	:	0.000816	0.000000	0.000000	0.000000	0.480264	0.000000	0.499920	0.000000	0.000000	0.000000	0.019000	0.000000	0.000000
