logL = -1418.780385 (converged)
AIC = 7689.560770
BIC = 14993.361993

count.K
5 1 4 5 2 0 21 19 4 18 16 30 10 15 

