logL = -1254.306533 (converged)
AIC = 6410.613066
BIC = 12284.362524

count.K
10 15 6 42 6 24 3 19 11 6 8 

