logL = -1541.101322 (converged)
AIC = 7222.202644
BIC = 13454.217703

count.K
1 5 1 8 18 4 56 1 10 4 22 20 

