logL = -765.909259 (converged)
AIC = 2991.818518
BIC = 5189.582283

count.K
19 17 28 36 50 

