logL = -1348.587249 (converged)
AIC = 3507.174498
BIC = 4726.481792

count.K
87 39 24 

