logL = -1156.167245 (converged)
AIC = 7712.334491
BIC = 15841.049785

count.K
5 13 14 6 9 11 14 11 3 29 7 18 7 1 2 

