logL = -725.540832 (converged)
AIC = 3741.081664
BIC = 7188.259076

count.K
23 1 80 5 7 29 5 

