logL = -2384.904803 (converged)
AIC = 5269.809605
BIC = 6022.468429

count.K
73 77 

