logL = -1428.417450 (converged)
AIC = 6496.834899
BIC = 11976.191135

count.K
4 1 6 13 4 15 70 16 3 18 

