logL = -1440.593528 (converged)
AIC = 7141.187056
BIC = 13553.840232

count.K
2 8 13 1 5 47 19 15 11 1 2 26 

