logL = -353.933638 (converged)
AIC = 4125.867275
BIC = 9271.042993

count.K
17 2 3 3 26 13 11 6 48 6 15 

