logL = -1164.399428 (converged)
AIC = 7698.798856
BIC = 15782.354621

count.K
0 7 2 7 57 1 6 6 4 3 7 27 2 2 19 

