0	tsk_0	(x)	1	:	0.000000	0.000000	0.000000	0.000000	0.000000	0.000000	0.000000	0.000000	0.504286	0.000000	0.495714
1	tsk_1	(x)	1	:	0.484323	0.000000	0.227279	0.229365	0.052507	0.000000	0.000000	0.000000	0.000000	0.006526	0.000000
2	tsk_2	(x)	1	:	0.000000	0.000000	0.516683	0.172429	0.310887	0.000000	0.000000	0.000000	0.000000	0.000000	0.000000
3	tsk_3	(x)	1	:	0.483633	0.258409	0.000000	0.000000	0.000000	0.000000	0.000000	0.000000	0.000000	0.013308	0.244650
4	tsk_4	(x)	1	:	0.000000	0.000000	0.250756	0.190812	0.045022	0.000000	0.000000	0.000000	0.513410	0.000000	0.000000
5	tsk_5	(x)	1	:	0.000000	0.000000	0.000000	0.000000	0.000000	0.000000	0.000000	0.553922	0.446078	0.000000	0.000000
6	tsk_6	(x)	1	:	0.000000	0.000000	0.000000	0.000000	0.000000	0.000000	0.000000	0.000000	0.504286	0.000000	0.495714
7	tsk_7	(x)	1	:	0.000000	0.259530	0.000000	0.000000	0.000000	0.000000	0.000000	0.000000	0.000000	0.000000	0.740470
8	tsk_8	(x)	1	:	0.000000	0.000000	0.000027	0.000086	0.000292	0.000000	0.000000	0.000000	0.481862	0.000000	0.517733
9	tsk_9	(x)	1	:	0.484280	0.000000	0.294344	0.162049	0.052745	0.000000	0.000000	0.000000	0.000000	0.006582	0.000000
10	tsk_10	(x)	1	:	0.000000	0.000000	0.314308	0.088481	0.083801	0.000000	0.000000	0.000000	0.513410	0.000000	0.000000
11	tsk_11	(x)	1	:	0.488001	0.000000	0.000000	0.000000	0.000000	0.000000	0.000000	0.000000	0.000000	0.511999	0.000000
12	tsk_12	(x)	1	:	0.000000	0.000000	0.244454	0.115213	0.126923	0.000000	0.000000	0.000000	0.513410	0.000000	0.000000
13	tsk_13	(x)	1	:	0.000000	0.000000	0.043440	0.141048	0.315511	0.000000	0.000000	0.000000	0.000000	0.000000	0.500000
14	tsk_14	(x)	1	:	0.000000	1.000000	0.000000	0.000000	0.000000	0.000000	0.000000	0.000000	0.000000	0.000000	0.000000
15	tsk_15	(x)	1	:	0.000000	0.000000	0.000000	0.000000	0.000000	0.000000	0.000000	0.000000	0.501442	0.498557	0.000000
16	tsk_16	(x)	1	:	0.000000	0.506304	0.023678	0.066531	0.403486	0.000000	0.000000	0.000000	0.000000	0.000000	0.000000
17	tsk_17	(x)	1	:	0.000000	0.508215	0.000000	0.000000	0.000000	0.000000	0.000000	0.000000	0.000000	0.491785	0.000000
18	tsk_18	(x)	1	:	0.000000	0.000000	0.000000	0.000000	0.000000	0.000000	0.000000	0.000000	0.518652	0.000000	0.481347
19	tsk_19	(x)	1	:	0.000000	0.000000	0.266314	0.128520	0.091756	0.000000	0.000000	0.000000	0.513410	0.000000	0.000000
20	tsk_20	(x)	1	:	0.000000	0.000000	0.497448	0.241909	0.260644	0.000000	0.000000	0.000000	0.000000	0.000000	0.000000
21	tsk_21	(x)	1	:	0.000000	0.259530	0.000000	0.000000	0.000000	0.000000	0.000000	0.000000	0.000000	0.000000	0.740470
22	tsk_22	(x)	1	:	0.000000	0.000000	0.019701	0.078826	0.401473	0.000000	0.000000	0.000000	0.000000	0.000000	0.500000
23	tsk_23	(x)	1	:	0.000000	0.000000	0.012765	0.062804	0.424431	0.000000	0.000000	0.000000	0.000000	0.000000	0.500000
24	tsk_24	(x)	1	:	0.000000	0.000000	0.017158	0.092011	0.390831	0.000000	0.000000	0.000000	0.000000	0.000000	0.500000
25	tsk_25	(x)	1	:	0.000000	0.000000	0.029005	0.134201	0.336793	0.000000	0.000000	0.000000	0.000000	0.000000	0.500000
26	tsk_26	(x)	1	:	0.000000	0.000000	0.392659	0.290084	0.317257	0.000000	0.000000	0.000000	0.000000	0.000000	0.000000
27	tsk_27	(x)	1	:	0.000000	0.259530	0.000000	0.000000	0.000000	0.000000	0.000000	0.000000	0.000000	0.000000	0.740470
28	tsk_28	(x)	1	:	0.000000	0.259530	0.000000	0.000000	0.000000	0.000000	0.000000	0.000000	0.000000	0.000000	0.740470
29	tsk_29	(x)	1	:	0.000000	0.000000	0.000000	0.000000	0.000000	0.000000	0.000000	0.000000	1.000000	0.000000	0.000000
30	tsk_30	(x)	1	:	0.000000	0.000000	0.177633	0.209526	0.099430	0.000000	0.000000	0.000000	0.513410	0.000000	0.000000
31	tsk_31	(x)	1	:	0.000000	0.000000	0.280296	0.123550	0.082744	0.000000	0.000000	0.000000	0.513410	0.000000	0.000000
32	tsk_32	(x)	1	:	0.000000	0.000000	0.000000	0.000000	0.000000	0.000000	0.000000	0.512060	0.000000	0.000000	0.487940
33	tsk_33	(x)	1	:	0.000000	0.506304	0.038130	0.092136	0.363430	0.000000	0.000000	0.000000	0.000000	0.000000	0.000000
34	tsk_34	(x)	1	:	0.000000	0.000000	0.000000	0.000000	0.000000	0.000000	0.000000	0.512060	0.000000	0.000000	0.487940
35	tsk_35	(x)	1	:	0.000000	0.000000	0.323918	0.109491	0.053181	0.000000	0.000000	0.000000	0.513410	0.000000	0.000000
36	tsk_36	(x)	1	:	0.000000	0.000000	0.000000	0.000000	0.000000	0.000000	0.000000	0.000000	1.000000	0.000000	0.000000
37	tsk_37	(x)	1	:	0.000000	0.505533	0.000000	0.000000	0.000000	0.000000	0.000000	0.494467	0.000000	0.000000	0.000000
38	tsk_38	(x)	1	:	0.000000	0.000000	0.258265	0.104792	0.123533	0.000000	0.000000	0.000000	0.513410	0.000000	0.000000
39	tsk_39	(x)	1	:	0.000000	1.000000	0.000000	0.000000	0.000000	0.000000	0.000000	0.000000	0.000000	0.000000	0.000000
40	tsk_40	(x)	1	:	0.000000	0.000000	0.000000	0.000000	0.000000	0.000000	0.449304	0.000000	0.505373	0.000000	0.045323
41	tsk_41	(x)	1	:	0.000000	0.000000	0.000000	0.000000	0.000000	0.000000	0.000000	0.000000	1.000000	0.000000	0.000000
42	tsk_42	(x)	1	:	0.000000	0.000000	0.245555	0.230181	0.082035	0.000000	0.000000	0.000000	0.442229	0.000000	0.000000
43	tsk_43	(x)	1	:	0.000000	0.000000	0.000000	0.000000	0.000000	0.000000	0.000000	0.000000	0.504286	0.000000	0.495714
44	tsk_44	(x)	1	:	0.000000	0.000000	0.622283	0.231282	0.146434	0.000000	0.000000	0.000000	0.000000	0.000000	0.000000
45	tsk_45	(x)	1	:	0.000000	0.000000	0.000015	0.000200	0.000184	0.000000	0.000000	0.000000	0.481866	0.000000	0.517734
46	tsk_46	(x)	1	:	0.000000	0.000000	0.378424	0.070197	0.054030	0.000000	0.000000	0.497341	0.000008	0.000000	0.000000
47	tsk_47	(x)	1	:	0.000000	0.000000	0.000000	0.000000	0.000000	0.000000	0.000000	0.000000	0.504286	0.000000	0.495714
48	tsk_48	(x)	1	:	0.000000	0.000000	0.000000	0.000000	0.000000	0.000000	0.000000	0.000000	1.000000	0.000000	0.000000
49	tsk_49	(x)	1	:	0.000000	0.000000	0.272010	0.190776	0.039864	0.000000	0.000000	0.497338	0.000011	0.000000	0.000000
50	tsk_50	(x)	1	:	0.000000	0.000000	0.000000	0.000000	0.000000	0.000000	0.429905	0.000000	0.000000	0.000000	0.570095
51	tsk_51	(x)	1	:	0.000000	0.000000	0.000000	0.000000	0.000000	0.000000	0.443140	0.000000	0.505024	0.000000	0.051835
52	tsk_52	(x)	1	:	0.000000	0.000000	0.000000	0.000000	0.000000	0.000000	0.464323	0.000000	0.520611	0.000000	0.015066
53	tsk_53	(x)	1	:	0.000000	0.000000	0.000000	0.000000	0.000000	0.000000	0.000000	0.000000	1.000000	0.000000	0.000000
54	tsk_54	(x)	1	:	0.000000	0.000000	0.000000	0.000000	0.000000	0.000000	0.000000	0.000000	0.000000	0.496544	0.503456
55	tsk_55	(x)	1	:	0.000000	0.000000	0.000000	0.000000	0.000000	0.000000	0.000000	0.000000	0.000000	0.496544	0.503456
56	tsk_56	(x)	1	:	0.000000	0.000000	0.000000	0.000000	0.000000	0.000000	0.000000	0.000000	1.000000	0.000000	0.000000
57	tsk_57	(x)	1	:	0.000000	0.000000	0.000000	0.000000	0.000000	0.103316	0.000000	0.000000	0.444807	0.000000	0.451877
58	tsk_58	(x)	1	:	0.000000	0.000000	0.000000	0.000000	0.000000	0.000000	0.000000	0.000000	1.000000	0.000000	0.000000
59	tsk_59	(x)	1	:	0.000000	0.000000	0.000000	0.000000	0.000000	0.000000	0.459979	0.000000	0.505991	0.000000	0.034030
60	tsk_60	(x)	1	:	0.000000	0.000000	0.281772	0.141775	0.134224	0.000000	0.000000	0.000000	0.442229	0.000000	0.000000
61	tsk_61	(x)	1	:	0.485851	0.000000	0.000000	0.000000	0.000000	0.000000	0.000000	0.000000	0.000000	0.010926	0.503223
62	tsk_62	(x)	1	:	0.000000	0.000000	0.000000	0.000000	0.000000	0.000000	0.000000	0.000000	0.504286	0.000000	0.495714
63	tsk_63	(x)	1	:	0.000000	0.000000	0.000015	0.000068	0.000332	0.000000	0.000000	0.000000	0.481854	0.000000	0.517730
64	tsk_64	(x)	1	:	0.000000	0.000000	0.042264	0.107178	0.350558	0.000000	0.000000	0.000000	0.000000	0.000000	0.500000
65	tsk_65	(x)	1	:	0.000000	0.000000	0.000000	0.000000	0.000000	0.000000	0.000000	0.000000	0.000000	0.000000	1.000000
66	tsk_66	(x)	1	:	0.000000	0.521751	0.000000	0.000000	0.000001	0.000000	0.000000	0.000000	0.478249	0.000000	0.000000
67	tsk_67	(x)	1	:	0.000000	0.000000	0.000000	0.000000	0.000000	0.000000	0.000000	0.000000	0.000000	0.000000	1.000000
68	tsk_68	(x)	1	:	0.000000	0.000000	0.014617	0.144380	0.341003	0.000000	0.000000	0.000000	0.000000	0.000000	0.500000
69	tsk_69	(x)	1	:	0.000000	0.000000	0.025922	0.141641	0.332437	0.000000	0.000000	0.000000	0.000000	0.000000	0.500000
70	tsk_70	(x)	1	:	0.000000	0.000000	0.245441	0.099216	0.141932	0.000000	0.000000	0.000000	0.513410	0.000000	0.000000
71	tsk_71	(x)	1	:	0.000000	0.000000	0.239304	0.174073	0.130494	0.456128	0.000000	0.000000	0.000000	0.000000	0.000000
72	tsk_72	(x)	1	:	0.000000	0.000000	0.000000	0.000000	0.000000	0.000000	0.510927	0.489073	0.000000	0.000000	0.000000
73	tsk_73	(x)	1	:	0.000000	0.000000	0.326883	0.086602	0.130386	0.456128	0.000000	0.000000	0.000000	0.000000	0.000000
74	tsk_74	(x)	1	:	0.000000	0.000000	0.025801	0.021361	0.439078	0.000000	0.513760	0.000000	0.000000	0.000000	0.000000
75	tsk_75	(x)	1	:	0.000000	0.000000	0.000000	0.000000	0.000535	0.483882	0.515583	0.000000	0.000000	0.000000	0.000000
76	tsk_76	(x)	1	:	0.000000	0.000000	0.281725	0.109482	0.152665	0.456128	0.000000	0.000000	0.000000	0.000000	0.000000
77	tsk_77	(x)	1	:	0.000000	0.000000	0.579066	0.175415	0.245519	0.000000	0.000000	0.000000	0.000000	0.000000	0.000000
78	tsk_78	(x)	1	:	0.000000	0.000000	0.010993	0.049544	0.425703	0.000000	0.513760	0.000000	0.000000	0.000000	0.000000
79	tsk_79	(x)	1	:	0.000000	0.000000	0.250683	0.143297	0.092610	0.000000	0.000000	0.000000	0.513410	0.000000	0.000000
80	tsk_80	(x)	1	:	0.000000	0.000000	0.000056	0.000307	0.000337	0.000000	0.430945	0.000000	0.481706	0.000000	0.086649
81	tsk_81	(x)	1	:	0.000000	0.000000	0.000000	0.000000	0.000000	0.000000	0.447943	0.000000	0.505295	0.000000	0.046762
82	tsk_82	(x)	1	:	0.000000	0.000000	0.000000	0.000000	0.000000	0.000000	0.442032	0.000000	0.504962	0.000000	0.053006
83	tsk_83	(x)	1	:	0.000000	0.000000	0.000000	0.000000	0.000000	0.000000	0.000000	0.000000	1.000000	0.000000	0.000000
84	tsk_84	(x)	1	:	0.000000	0.000000	0.000034	0.000298	0.000331	0.000000	0.431025	0.000000	0.481739	0.000000	0.086574
85	tsk_85	(x)	1	:	0.000000	0.000000	0.000000	0.000000	0.000000	0.000000	1.000000	0.000000	0.000000	0.000000	0.000000
86	tsk_86	(x)	1	:	0.000000	0.000000	0.000000	0.000000	0.000000	0.000000	0.000000	0.000000	1.000000	0.000000	0.000000
87	tsk_87	(x)	1	:	0.000000	0.000000	0.332265	0.183382	0.042124	0.000000	0.000000	0.000000	0.442229	0.000000	0.000000
88	tsk_88	(x)	1	:	0.000000	0.000000	0.000027	0.000325	0.000284	0.000000	0.430913	0.000000	0.481752	0.000000	0.086699
89	tsk_89	(x)	1	:	0.000000	0.000000	0.000000	0.000000	0.000000	0.000000	0.000000	0.000000	1.000000	0.000000	0.000000
90	tsk_90	(x)	1	:	0.000000	0.000000	0.660326	0.091563	0.248112	0.000000	0.000000	0.000000	0.000000	0.000000	0.000000
91	tsk_91	(x)	1	:	0.000000	0.000000	0.207819	0.266305	0.028527	0.000000	0.000000	0.497338	0.000011	0.000000	0.000000
92	tsk_92	(x)	1	:	0.000000	0.000000	0.286287	0.152552	0.047751	0.000000	0.000000	0.000000	0.513410	0.000000	0.000000
93	tsk_93	(x)	1	:	0.000000	0.000000	0.150196	0.333373	0.074202	0.000000	0.000000	0.000000	0.442229	0.000000	0.000000
94	tsk_94	(x)	1	:	0.000000	0.506304	0.056079	0.104090	0.333527	0.000000	0.000000	0.000000	0.000000	0.000000	0.000000
95	tsk_95	(x)	1	:	0.520030	0.000000	0.291017	0.169442	0.019511	0.000000	0.000000	0.000000	0.000000	0.000000	0.000000
96	tsk_96	(x)	1	:	0.000000	0.000000	0.276819	0.178770	0.047062	0.000000	0.000000	0.497338	0.000011	0.000000	0.000000
97	tsk_97	(x)	1	:	0.000000	0.000000	0.194165	0.280104	0.083502	0.000000	0.000000	0.000000	0.442229	0.000000	0.000000
98	tsk_98	(x)	1	:	0.000000	0.000000	0.247830	0.226234	0.028588	0.000000	0.000000	0.497341	0.000007	0.000000	0.000000
99	tsk_99	(x)	1	:	0.000000	0.000000	0.249998	0.210619	0.049742	0.000000	0.000000	0.000000	0.000000	0.489641	0.000000
100	tsk_100	(x)	1	:	0.000000	0.000000	0.000000	0.000000	0.000000	0.000000	0.000000	0.000000	0.000000	0.000000	1.000000
101	tsk_101	(x)	1	:	0.000000	0.000000	0.000000	0.000000	0.000000	0.000000	0.000000	0.000000	0.457013	0.542986	0.000000
102	tsk_102	(x)	1	:	0.000000	0.000000	0.365626	0.071382	0.049582	0.000000	0.000000	0.000000	0.513410	0.000000	0.000000
103	tsk_103	(x)	1	:	0.000000	0.000000	0.552905	0.243018	0.204077	0.000000	0.000000	0.000000	0.000000	0.000000	0.000000
104	tsk_104	(x)	1	:	0.483234	0.000000	0.000000	0.000000	0.000000	0.000000	0.000000	0.000000	0.513311	0.003455	0.000000
105	tsk_105	(x)	1	:	0.000000	0.000000	0.000000	0.000000	0.000000	0.000000	0.000000	0.000000	0.514289	0.485711	0.000000
106	tsk_106	(x)	1	:	0.000000	0.000000	0.000000	0.000000	0.000000	0.000000	0.000000	0.000000	0.000000	0.000000	1.000000
107	tsk_107	(x)	1	:	0.485862	0.000000	0.000000	0.000000	0.000000	0.000000	0.000000	0.000000	0.000000	0.010914	0.503224
108	tsk_108	(x)	1	:	0.000000	0.000000	0.000000	0.000000	0.000000	0.000000	0.000000	0.000000	0.514289	0.485711	0.000000
109	tsk_109	(x)	1	:	0.000000	0.000000	0.357455	0.127054	0.025849	0.000000	0.000000	0.000000	0.000000	0.489641	0.000000
110	tsk_110	(x)	1	:	0.000000	0.000000	0.494504	0.011583	0.003079	0.000000	0.000000	0.000000	0.490834	0.000000	0.000000
111	tsk_111	(x)	1	:	0.000000	0.259404	0.021351	0.059263	0.419371	0.000000	0.000000	0.000000	0.000000	0.000000	0.240611
112	tsk_112	(x)	1	:	0.000000	0.000000	0.023085	0.082317	0.394857	0.000000	0.433516	0.000000	0.000000	0.000000	0.066225
113	tsk_113	(x)	1	:	0.000000	0.000000	0.000000	0.000000	0.000000	0.000000	0.448369	0.000000	0.505319	0.000000	0.046312
114	tsk_114	(x)	1	:	0.000000	0.000000	0.000000	0.000000	0.000000	0.000000	0.000000	0.503417	0.000030	0.496554	0.000000
115	tsk_115	(x)	1	:	0.000000	0.258983	0.000000	0.000000	0.000000	0.000000	0.000000	0.000000	0.496971	0.000000	0.244045
116	tsk_116	(x)	1	:	0.000000	0.000000	0.000000	0.000000	0.000000	0.000000	0.000000	0.000000	1.000000	0.000000	0.000000
117	tsk_117	(x)	1	:	0.000000	0.477531	0.000000	0.000000	0.000000	0.000000	0.000000	0.000000	0.522469	0.000000	0.000000
118	tsk_118	(x)	1	:	0.000000	0.000000	0.000000	0.000000	0.000000	0.000000	0.000000	0.000000	0.000000	1.000000	0.000000
119	tsk_119	(x)	1	:	0.000000	0.259405	0.014214	0.103346	0.382425	0.000000	0.000000	0.000000	0.000000	0.000000	0.240610
120	tsk_120	(x)	1	:	0.484341	0.000000	0.360164	0.125167	0.023826	0.000000	0.000000	0.000000	0.000000	0.006501	0.000000
121	tsk_121	(x)	1	:	0.000000	0.000000	0.617329	0.226811	0.155861	0.000000	0.000000	0.000000	0.000000	0.000000	0.000000
122	tsk_122	(x)	1	:	0.000000	0.000000	0.000002	0.000001	0.000000	0.000000	0.000000	0.000000	0.473540	0.526457	0.000000
123	tsk_123	(x)	1	:	0.485849	0.000000	0.000000	0.000000	0.000000	0.000000	0.000000	0.000000	0.000000	0.010928	0.503222
124	tsk_124	(x)	1	:	0.000000	0.000000	0.329198	0.389307	0.281495	0.000000	0.000000	0.000000	0.000000	0.000000	0.000000
125	tsk_125	(x)	1	:	0.000000	0.000000	0.462682	0.006064	0.000000	0.000000	0.000000	0.000000	0.000000	0.531254	0.000000
126	tsk_126	(x)	1	:	0.000000	0.000000	0.307892	0.183879	0.018589	0.000000	0.000000	0.000000	0.000000	0.489641	0.000000
127	tsk_127	(x)	1	:	0.000000	0.000000	0.386285	0.217874	0.395840	0.000000	0.000000	0.000000	0.000000	0.000000	0.000000
128	tsk_128	(x)	1	:	0.000000	0.000000	0.238603	0.215233	0.103935	0.000000	0.000000	0.000000	0.442229	0.000000	0.000000
129	tsk_129	(x)	1	:	0.000000	0.000000	0.000000	0.000000	0.000000	0.000000	0.000000	0.000000	0.000000	0.510976	0.489024
130	tsk_130	(x)	1	:	0.000000	0.000000	0.010679	0.009453	0.003433	0.461992	0.000000	0.000000	0.514444	0.000000	0.000000
131	tsk_131	(x)	1	:	0.000000	0.000000	0.000000	0.000000	0.000000	0.000000	0.440991	0.000000	0.504904	0.000000	0.054105
132	tsk_132	(x)	1	:	0.000000	0.000000	0.000000	0.000000	0.000000	0.000000	0.000000	0.000000	1.000000	0.000000	0.000000
133	tsk_133	(x)	1	:	0.000000	0.000000	0.000027	0.000249	0.000142	0.000000	0.000000	0.000000	0.481853	0.000000	0.517730
134	tsk_134	(x)	1	:	0.000000	0.000000	0.026626	0.094175	0.379459	0.000000	0.433530	0.000000	0.000000	0.000000	0.066210
135	tsk_135	(x)	1	:	0.000000	0.000000	0.000000	0.000000	0.000000	0.000000	0.000000	0.000000	1.000000	0.000000	0.000000
136	tsk_136	(x)	1	:	0.000000	0.000000	0.000000	0.000000	0.000000	0.000000	0.000000	0.553922	0.446078	0.000000	0.000000
137	tsk_137	(x)	1	:	0.000000	0.000000	0.021309	0.017081	0.003916	0.459890	0.000000	0.497799	0.000005	0.000000	0.000000
138	tsk_138	(x)	1	:	0.000000	0.506304	0.048451	0.067184	0.378061	0.000000	0.000000	0.000000	0.000000	0.000000	0.000000
139	tsk_139	(x)	1	:	0.000000	0.000000	0.000000	0.000000	0.000000	0.000000	0.000000	0.000000	1.000000	0.000000	0.000000
140	tsk_140	(x)	1	:	0.000000	0.000000	0.621767	0.225921	0.152312	0.000000	0.000000	0.000000	0.000000	0.000000	0.000000
141	tsk_141	(x)	1	:	1.000000	0.000000	0.000000	0.000000	0.000000	0.000000	0.000000	0.000000	0.000000	0.000000	0.000000
142	tsk_142	(x)	1	:	0.498737	0.000000	0.000000	0.000000	0.000000	0.000000	0.501263	0.000000	0.000000	0.000000	0.000000
143	tsk_143	(x)	1	:	0.000000	0.000000	0.000000	0.000000	0.000000	0.000000	0.000000	0.424096	0.575903	0.000000	0.000000
144	tsk_144	(x)	1	:	0.509044	0.000000	0.000000	0.000000	0.000000	0.000000	0.000000	0.000000	0.490956	0.000000	0.000000
145	tsk_145	(x)	1	:	1.000000	0.000000	0.000000	0.000000	0.000000	0.000000	0.000000	0.000000	0.000000	0.000000	0.000000
146	tsk_146	(x)	1	:	0.508411	0.000000	0.000000	0.000000	0.000000	0.000000	0.000000	0.000000	0.491589	0.000000	0.000000
147	tsk_147	(x)	1	:	0.487110	0.508129	0.000000	0.000000	0.000000	0.000000	0.000000	0.000000	0.000000	0.004761	0.000000
148	tsk_148	(x)	1	:	0.000000	0.000000	0.000000	0.000000	0.000000	0.000000	0.000000	0.553922	0.446078	0.000000	0.000000
149	tsk_149	(x)	1	:	0.484356	0.000000	0.243300	0.222882	0.042982	0.000000	0.000000	0.000000	0.000000	0.006481	0.000000
