logL = -1414.890068 (converged)
AIC = 6057.780136
BIC = 10916.945500

count.K
31 8 32 1 21 21 19 9 8 

