0	tsk_0	(x)	1	:	0.000000	0.000000	1.000000	0.000000	0.000000	0.000000	0.000000	0.000000	0.000000	0.000000	0.000000	0.000000	0.000000	0.000000	0.000000
1	tsk_1	(x)	1	:	0.000000	0.000000	0.000000	0.495525	0.000000	0.000000	0.000000	0.003485	0.000000	0.000003	0.000958	0.000000	0.000000	0.500030	0.000000
2	tsk_2	(x)	1	:	0.000000	0.000000	0.484477	0.000000	0.000000	0.000000	0.000000	0.000000	0.000000	0.000000	0.013042	0.479540	0.000000	0.000000	0.022940
3	tsk_3	(x)	1	:	0.000000	0.000000	0.000000	0.000000	0.000000	0.000000	0.000000	0.000000	0.000000	0.000000	0.000345	0.000000	0.497353	0.000000	0.502302
4	tsk_4	(x)	1	:	0.000000	0.000000	0.000000	0.000000	0.000000	0.501470	0.000000	0.000000	0.000000	0.000000	0.000000	0.498530	0.000000	0.000000	0.000000
5	tsk_5	(x)	1	:	0.000000	0.000000	0.485034	0.000000	0.000000	0.000000	0.000000	0.000000	0.000000	0.000001	0.001653	0.000000	0.000000	0.499814	0.013498
6	tsk_6	(x)	1	:	0.000000	0.000000	0.498244	0.000000	0.000000	0.501664	0.000000	0.000000	0.000000	0.000000	0.000021	0.000000	0.000000	0.000000	0.000071
7	tsk_7	(x)	1	:	0.000000	0.000000	0.485695	0.000000	0.000000	0.000000	0.000000	0.000000	0.000000	0.000000	0.019470	0.477833	0.000000	0.000000	0.017001
8	tsk_8	(x)	1	:	0.000000	0.000000	0.000000	0.000000	0.000000	1.000000	0.000000	0.000000	0.000000	0.000000	0.000000	0.000000	0.000000	0.000000	0.000000
9	tsk_9	(x)	1	:	0.000000	0.000000	0.000000	0.000000	0.000000	0.000000	0.000000	0.000000	0.000000	0.501232	0.000000	0.000000	0.000000	0.498768	0.000000
10	tsk_10	(x)	1	:	0.000000	0.000000	0.000000	0.000000	0.000000	0.499061	0.000000	0.000000	0.000000	0.000000	0.500934	0.000000	0.000000	0.000000	0.000005
11	tsk_11	(x)	1	:	0.000000	0.000000	0.000000	0.000000	0.000000	0.000000	0.000000	0.000000	0.000000	0.000000	0.002539	0.481287	0.000000	0.000000	0.516174
12	tsk_12	(x)	1	:	0.000000	0.000000	0.000000	0.000000	0.000000	0.000000	0.000000	0.000000	0.000000	0.000000	0.023345	0.476954	0.499701	0.000000	0.000000
13	tsk_13	(x)	1	:	0.000000	0.000000	0.000000	0.000000	0.000000	0.495543	0.000000	0.000000	0.000000	0.000000	0.000000	0.000000	0.000000	0.504457	0.000000
14	tsk_14	(x)	1	:	0.000000	0.000000	0.000000	0.000000	0.000000	0.000000	0.000000	0.000000	0.000000	0.000000	0.522740	0.477253	0.000000	0.000000	0.000007
15	tsk_15	(x)	1	:	0.000000	0.000000	0.000000	0.000000	0.000000	0.000000	0.000000	0.000000	0.000000	0.000000	0.499968	0.000000	0.500011	0.000000	0.000021
16	tsk_16	(x)	1	:	0.000000	0.000000	0.000000	0.000000	0.000000	0.499061	0.000000	0.000000	0.000000	0.000000	0.500936	0.000000	0.000000	0.000000	0.000002
17	tsk_17	(x)	1	:	0.000000	0.000000	0.000000	0.000000	0.000000	0.000000	0.000000	0.000000	0.000000	0.000000	0.000080	0.000000	0.497439	0.000000	0.502481
18	tsk_18	(x)	1	:	0.000000	0.000000	0.000000	0.000000	0.000000	0.000000	0.000000	0.000000	0.000000	0.000000	0.000335	0.000000	0.497356	0.000000	0.502309
19	tsk_19	(x)	1	:	0.000000	0.000000	0.000000	0.000000	0.000000	0.000000	0.000000	0.000000	0.000000	0.000000	0.499963	0.000000	0.500013	0.000000	0.000024
20	tsk_20	(x)	1	:	0.000000	0.000000	0.000000	0.000000	0.000000	0.000000	0.000000	0.000000	0.000000	0.000000	0.499980	0.000000	0.500007	0.000000	0.000013
21	tsk_21	(x)	1	:	0.493737	0.000000	0.000000	0.000000	0.000000	0.000000	0.000000	0.006014	0.000000	0.000000	0.003485	0.000000	0.496763	0.000000	0.000000
22	tsk_22	(x)	1	:	0.000000	0.000000	0.000000	0.000000	0.000000	1.000000	0.000000	0.000000	0.000000	0.000000	0.000000	0.000000	0.000000	0.000000	0.000000
23	tsk_23	(x)	1	:	0.000000	0.000000	0.000000	0.000000	0.000000	0.000000	0.000000	0.491135	0.000000	0.000001	0.009324	0.000000	0.000000	0.499540	0.000000
24	tsk_24	(x)	1	:	0.000000	0.494273	0.000000	0.000000	0.000000	0.494133	0.000000	0.000000	0.000000	0.000000	0.000000	0.000000	0.000000	0.011594	0.000000
25	tsk_25	(x)	1	:	0.492037	0.000000	0.000000	0.000000	0.000000	0.498679	0.000000	0.008546	0.000000	0.000000	0.000738	0.000000	0.000000	0.000000	0.000000
26	tsk_26	(x)	1	:	0.000000	0.000000	0.000000	0.000000	0.000000	1.000000	0.000000	0.000000	0.000000	0.000000	0.000000	0.000000	0.000000	0.000000	0.000000
27	tsk_27	(x)	1	:	0.000000	0.000000	0.000000	0.000000	0.000000	1.000000	0.000000	0.000000	0.000000	0.000000	0.000000	0.000000	0.000000	0.000000	0.000000
28	tsk_28	(x)	1	:	0.000000	0.000000	0.000000	0.000000	0.000000	0.495542	0.000000	0.000000	0.000000	0.000006	0.000000	0.000000	0.000000	0.504452	0.000000
29	tsk_29	(x)	1	:	0.000000	0.000000	0.000000	0.000000	0.000000	0.498590	0.000000	0.490880	0.000000	0.000000	0.010530	0.000000	0.000000	0.000000	0.000000
30	tsk_30	(x)	1	:	0.000000	0.000000	0.000000	0.000000	0.000000	0.000000	0.000000	0.000000	0.000000	0.000000	0.000000	0.000000	0.000000	1.000000	0.000000
31	tsk_31	(x)	1	:	0.000000	0.000000	0.000000	0.000000	0.000000	0.000000	0.000000	0.000000	0.000000	0.000000	0.000000	0.000000	0.000000	1.000000	0.000000
32	tsk_32	(x)	1	:	0.492603	0.000000	0.000000	0.000000	0.000000	0.000000	0.000000	0.006657	0.000000	0.000001	0.001163	0.000000	0.000000	0.499576	0.000000
33	tsk_33	(x)	1	:	0.492337	0.000000	0.000000	0.000000	0.000000	0.498703	0.000000	0.008408	0.000000	0.000000	0.000552	0.000000	0.000000	0.000000	0.000000
34	tsk_34	(x)	1	:	0.000000	0.000000	0.000000	0.000000	0.522139	0.000000	0.000000	0.000000	0.000000	0.000000	0.000000	0.000000	0.477861	0.000000	0.000000
35	tsk_35	(x)	1	:	0.000000	0.000000	0.000000	0.000000	0.000000	0.000000	0.000000	0.000000	0.314761	0.000003	0.000000	0.182931	0.000000	0.502305	0.000000
36	tsk_36	(x)	1	:	0.000000	0.000000	0.454470	0.000000	0.000000	0.000000	0.000000	0.000000	0.263817	0.000000	0.000000	0.281692	0.000000	0.000000	0.000020
37	tsk_37	(x)	1	:	0.000000	0.000000	0.000000	0.000000	0.503969	0.000000	0.000000	0.000000	0.000000	0.000001	0.000001	0.000000	0.000000	0.496028	0.000000
38	tsk_38	(x)	1	:	0.000000	0.000000	0.000000	0.000000	0.000000	0.000000	0.000000	0.000000	0.000000	0.000003	0.003241	0.000000	0.497066	0.499690	0.000000
39	tsk_39	(x)	1	:	0.491966	0.000000	0.000000	0.000000	0.000000	0.498685	0.000000	0.008803	0.000000	0.000000	0.000546	0.000000	0.000000	0.000000	0.000000
40	tsk_40	(x)	1	:	0.491892	0.000000	0.000000	0.000000	0.000000	0.000000	0.000000	0.007755	0.000000	0.000000	0.000792	0.000000	0.000000	0.499561	0.000000
41	tsk_41	(x)	1	:	0.491876	0.000000	0.000000	0.000000	0.000000	0.000000	0.000000	0.007339	0.000000	0.000002	0.001247	0.000000	0.000000	0.499536	0.000000
42	tsk_42	(x)	1	:	0.486788	0.000000	0.000000	0.000000	0.000000	0.000000	0.000000	0.029328	0.421837	0.000000	0.062047	0.000000	0.000000	0.000000	0.000000
43	tsk_43	(x)	1	:	0.000000	0.000000	0.485102	0.000000	0.000000	0.000000	0.000000	0.000000	0.000000	0.000002	0.001569	0.000000	0.000000	0.499821	0.013507
44	tsk_44	(x)	1	:	0.485283	0.000000	0.000000	0.000000	0.000000	0.000000	0.000000	0.029005	0.420375	0.000000	0.065336	0.000000	0.000000	0.000000	0.000000
45	tsk_45	(x)	1	:	0.000000	0.000000	0.000000	0.000000	0.000000	0.000000	0.000000	0.000000	0.000000	0.000000	0.000000	0.000000	0.000000	1.000000	0.000000
46	tsk_46	(x)	1	:	0.000000	0.000000	0.000000	0.000000	0.000000	0.000000	0.000000	0.000000	0.000000	0.502533	0.000000	0.497467	0.000000	0.000000	0.000000
47	tsk_47	(x)	1	:	0.494857	0.000000	0.000000	0.000000	0.000000	0.000000	0.000000	0.013887	0.000000	0.000000	0.012186	0.479070	0.000000	0.000000	0.000000
48	tsk_48	(x)	1	:	0.486805	0.000000	0.000000	0.000000	0.000000	0.000000	0.000000	0.026609	0.420629	0.000000	0.065957	0.000000	0.000000	0.000000	0.000000
49	tsk_49	(x)	1	:	0.491752	0.000000	0.000000	0.000000	0.000000	0.000000	0.000000	0.007906	0.000000	0.000001	0.000787	0.000000	0.000000	0.499553	0.000000
50	tsk_50	(x)	1	:	0.492659	0.000000	0.000000	0.000000	0.000000	0.498690	0.000000	0.007527	0.000000	0.000000	0.001123	0.000000	0.000000	0.000000	0.000000
51	tsk_51	(x)	1	:	0.000000	0.000000	0.000000	0.000000	0.000000	0.000000	0.000000	0.000000	0.000000	0.000000	0.000000	1.000000	0.000000	0.000000	0.000000
52	tsk_52	(x)	1	:	0.000000	0.000000	0.446612	0.000000	0.000000	0.000000	0.000000	0.000000	0.000000	0.000000	0.000039	0.553307	0.000000	0.000000	0.000042
53	tsk_53	(x)	1	:	0.092932	0.000000	0.396593	0.406659	0.000000	0.000000	0.000000	0.003362	0.000000	0.000000	0.003147	0.000000	0.000000	0.000000	0.097308
54	tsk_54	(x)	1	:	0.000000	0.000000	0.000000	0.000000	0.000000	0.000000	0.000000	0.000000	0.000000	0.501232	0.000000	0.000000	0.000000	0.498768	0.000000
55	tsk_55	(x)	1	:	0.000000	0.000000	0.486067	0.000000	0.000000	0.000000	0.000000	0.000000	0.000000	0.499965	0.002024	0.000000	0.000000	0.000000	0.011943
56	tsk_56	(x)	1	:	0.000000	0.000000	0.485628	0.000000	0.000000	0.000000	0.000000	0.000000	0.000000	0.499924	0.002431	0.000000	0.000000	0.000000	0.012017
57	tsk_57	(x)	1	:	0.000000	0.000000	0.498243	0.000000	0.000000	0.501664	0.000000	0.000000	0.000000	0.000000	0.000019	0.000000	0.000000	0.000000	0.000074
58	tsk_58	(x)	1	:	0.000000	0.000000	0.000000	0.000000	0.000000	0.494931	0.000000	0.000000	0.000000	0.505069	0.000000	0.000000	0.000000	0.000000	0.000000
59	tsk_59	(x)	1	:	0.493416	0.000000	0.000000	0.000000	0.000000	0.000000	0.000000	0.006814	0.000000	0.000000	0.002925	0.000000	0.496845	0.000000	0.000000
60	tsk_60	(x)	1	:	0.000000	0.000000	0.000000	0.494647	0.000000	0.000000	0.000000	0.000655	0.000000	0.000000	0.000549	0.000000	0.000000	0.000000	0.504149
61	tsk_61	(x)	1	:	0.000000	0.000000	0.000000	0.000000	0.000000	0.495543	0.000000	0.000000	0.000000	0.000000	0.000000	0.000000	0.000000	0.504457	0.000000
62	tsk_62	(x)	1	:	0.000000	0.000000	0.000000	0.000000	0.000000	0.501470	0.000000	0.000000	0.000000	0.000000	0.000000	0.498530	0.000000	0.000000	0.000000
63	tsk_63	(x)	1	:	0.492498	0.000000	0.000000	0.000000	0.000000	0.000000	0.000000	0.007409	0.000000	0.000002	0.000487	0.000000	0.000000	0.499603	0.000000
64	tsk_64	(x)	1	:	0.000000	0.000000	0.000000	0.000000	0.000000	0.000000	0.000000	0.000000	0.000000	0.000003	0.000000	0.497591	0.000000	0.502406	0.000000
65	tsk_65	(x)	1	:	0.000000	0.000000	0.000000	0.000000	0.000000	0.000000	0.000000	0.000000	0.000000	0.000000	0.000000	0.000000	0.000000	1.000000	0.000000
66	tsk_66	(x)	1	:	1.000000	0.000000	0.000000	0.000000	0.000000	0.000000	0.000000	0.000000	0.000000	0.000000	0.000000	0.000000	0.000000	0.000000	0.000000
67	tsk_67	(x)	1	:	0.494579	0.000000	0.000000	0.000000	0.000000	0.000000	0.000000	0.015873	0.000000	0.000000	0.009761	0.479787	0.000000	0.000000	0.000000
68	tsk_68	(x)	1	:	0.495549	0.000000	0.000000	0.000000	0.000000	0.000000	0.000000	0.015233	0.000000	0.000000	0.008797	0.480422	0.000000	0.000000	0.000000
69	tsk_69	(x)	1	:	0.492290	0.000000	0.000000	0.000000	0.000000	0.498682	0.000000	0.008102	0.000000	0.000000	0.000926	0.000000	0.000000	0.000000	0.000000
70	tsk_70	(x)	1	:	0.491645	0.000000	0.000000	0.000000	0.000000	0.000000	0.000000	0.008577	0.000000	0.000001	0.000198	0.000000	0.000000	0.499578	0.000000
71	tsk_71	(x)	1	:	0.000000	0.000000	0.000000	0.000000	0.000000	0.000000	0.000000	0.000000	0.000000	0.000002	0.499993	0.000000	0.000000	0.499999	0.000006
72	tsk_72	(x)	1	:	0.000000	0.000000	0.000000	0.000000	0.286689	0.000000	0.000000	0.000000	0.000000	0.000000	0.713299	0.000000	0.000000	0.000000	0.000012
73	tsk_73	(x)	1	:	0.492481	0.000000	0.000000	0.000000	0.000000	0.000000	0.000000	0.015040	0.000000	0.000000	0.492480	0.000000	0.000000	0.000000	0.000000
74	tsk_74	(x)	1	:	0.498485	0.000000	0.000000	0.490981	0.000000	0.000000	0.000000	0.010534	0.000000	0.000000	0.000000	0.000000	0.000000	0.000000	0.000000
75	tsk_75	(x)	1	:	0.000000	0.000000	0.000000	0.000000	0.000000	0.000000	0.000000	0.000000	0.000000	0.000000	0.022717	0.477266	0.500016	0.000000	0.000000
76	tsk_76	(x)	1	:	0.492044	0.000000	0.000000	0.000000	0.000000	0.000000	0.000000	0.007565	0.000000	0.000003	0.000824	0.000000	0.000000	0.499564	0.000000
77	tsk_77	(x)	1	:	0.000000	0.000000	0.000000	0.000000	0.000000	0.000000	0.000000	0.000000	0.000000	0.000000	0.014123	0.481545	0.504332	0.000000	0.000000
78	tsk_78	(x)	1	:	0.000000	0.000000	0.000000	0.000000	0.000000	0.000000	0.000000	0.000000	0.000000	0.000000	0.000000	0.000000	1.000000	0.000000	0.000000
79	tsk_79	(x)	1	:	0.494669	0.000000	0.000000	0.000000	0.000000	0.000000	0.000000	0.013562	0.000000	0.000000	0.013046	0.478723	0.000000	0.000000	0.000000
80	tsk_80	(x)	1	:	0.000000	0.000000	0.000000	0.000000	0.000000	0.000000	1.000000	0.000000	0.000000	0.000000	0.000000	0.000000	0.000000	0.000000	0.000000
81	tsk_81	(x)	1	:	0.000000	0.000000	0.000000	0.000000	0.000000	0.000000	0.500000	0.000000	0.000000	0.000000	0.000000	0.000000	0.000000	0.499999	0.000000
82	tsk_82	(x)	1	:	0.000000	0.000000	0.000000	0.000000	0.000000	0.494309	0.494996	0.000000	0.000000	0.000000	0.000000	0.000000	0.000000	0.010695	0.000000
83	tsk_83	(x)	1	:	0.000000	0.000000	0.487678	0.000000	0.000000	0.000000	0.492868	0.000000	0.000000	0.000000	0.004929	0.000000	0.000000	0.007270	0.007255
84	tsk_84	(x)	1	:	0.000000	0.000000	0.000000	0.000000	0.000000	0.499061	0.000000	0.000000	0.000000	0.000000	0.500929	0.000000	0.000000	0.000000	0.000010
85	tsk_85	(x)	1	:	0.000000	0.000000	0.490134	0.000000	0.000000	0.000000	0.492369	0.000000	0.000000	0.000000	0.006474	0.000000	0.000000	0.007842	0.003181
86	tsk_86	(x)	1	:	0.358794	0.000000	0.136160	0.000000	0.000000	0.000000	0.000000	0.136977	0.000000	0.000000	0.008364	0.000000	0.000000	0.000000	0.359704
87	tsk_87	(x)	1	:	0.316006	0.000000	0.178091	0.000000	0.000000	0.000000	0.000000	0.181834	0.000000	0.000000	0.005430	0.000000	0.000000	0.000000	0.318640
88	tsk_88	(x)	1	:	0.000000	0.000000	0.000000	0.000000	0.000000	0.000000	0.492267	0.491317	0.000000	0.000000	0.008731	0.000000	0.000000	0.007685	0.000000
89	tsk_89	(x)	1	:	0.000000	0.000000	0.000000	0.000000	0.000000	0.498773	0.000000	0.000000	0.000000	0.000000	0.003979	0.000000	0.497248	0.000000	0.000000
90	tsk_90	(x)	1	:	0.000000	0.000000	0.000000	0.427371	0.000000	0.000000	0.000000	0.004331	0.000000	0.000000	0.000023	0.568275	0.000000	0.000000	0.000000
91	tsk_91	(x)	1	:	0.000000	0.000000	0.000000	0.000000	0.000000	0.000000	0.000000	0.000000	0.000000	0.000000	0.000002	0.550472	0.449525	0.000000	0.000000
92	tsk_92	(x)	1	:	0.000000	0.000000	0.000000	0.000000	0.000000	0.000000	0.000000	0.000000	0.000000	0.000000	0.000000	0.000000	1.000000	0.000000	0.000000
93	tsk_93	(x)	1	:	0.000000	0.000000	0.000000	0.000000	0.000000	0.000000	0.000000	0.493430	0.000000	0.000000	0.009834	0.000000	0.496736	0.000000	0.000000
94	tsk_94	(x)	1	:	0.000000	0.000000	0.000000	0.000000	0.000000	0.000000	0.000000	0.000000	0.000000	0.000000	0.000000	0.000000	1.000000	0.000000	0.000000
95	tsk_95	(x)	1	:	0.500000	0.000000	0.000000	0.000000	0.000000	0.000000	0.000000	0.500000	0.000000	0.000000	0.000000	0.000000	0.000000	0.000000	0.000000
96	tsk_96	(x)	1	:	0.000000	0.000000	0.000000	0.411533	0.000000	0.000000	0.000000	0.089646	0.000000	0.000000	0.022486	0.476335	0.000000	0.000000	0.000000
97	tsk_97	(x)	1	:	0.000000	0.000000	0.000000	0.000000	0.000000	0.000000	0.493070	0.000000	0.000000	0.000000	0.004038	0.000000	0.496018	0.006873	0.000000
98	tsk_98	(x)	1	:	0.000000	0.000000	0.000000	0.000000	0.000000	0.000000	0.000000	0.000000	0.000000	0.000000	0.000012	0.550468	0.449520	0.000000	0.000000
99	tsk_99	(x)	1	:	0.000000	0.000000	0.000000	0.000000	0.000000	0.000000	0.000000	0.000000	0.000000	0.000000	0.000000	1.000000	0.000000	0.000000	0.000000
100	tsk_100	(x)	1	:	0.000000	0.000000	0.000000	0.000000	0.000000	0.000000	0.000000	0.000000	0.000000	0.000000	0.000000	0.000000	0.000000	1.000000	0.000000
101	tsk_101	(x)	1	:	0.000000	0.000000	0.000000	0.000000	0.000000	0.000000	0.000000	0.000000	0.000000	0.000000	0.000000	0.000000	0.000000	1.000000	0.000000
102	tsk_102	(x)	1	:	0.000000	0.000000	0.000000	0.000000	0.000000	0.000000	0.000000	0.000000	0.000000	0.000000	0.000000	0.000000	0.000000	1.000000	0.000000
103	tsk_103	(x)	1	:	0.000000	0.000000	0.000000	0.000000	0.000000	0.000000	0.000000	0.000000	0.000000	0.000000	0.000000	0.000000	0.000000	1.000000	0.000000
104	tsk_104	(x)	1	:	0.000000	0.000000	0.000000	0.000000	0.000000	0.000000	0.000000	0.000000	0.000000	0.000000	0.000000	0.000000	0.000000	1.000000	0.000000
105	tsk_105	(x)	1	:	0.000000	0.000000	0.000000	0.000000	0.000000	0.495543	0.000000	0.000000	0.000000	0.000000	0.000000	0.000000	0.000000	0.504456	0.000000
106	tsk_106	(x)	1	:	0.000000	0.000000	0.000000	0.000000	0.000000	0.000000	0.000000	0.000000	0.000000	0.000000	0.000000	0.000000	0.000000	1.000000	0.000000
107	tsk_107	(x)	1	:	0.000000	0.000000	0.000000	0.000000	0.000000	0.000000	0.000000	0.000000	0.000000	0.000000	0.000000	0.000000	0.000000	1.000000	0.000000
108	tsk_108	(x)	1	:	0.000000	0.000000	0.000000	0.000000	0.000000	0.000000	0.000000	0.000000	0.000000	0.000000	0.000000	0.000000	0.000000	1.000000	0.000000
109	tsk_109	(x)	1	:	0.000000	0.000000	0.000000	0.000000	0.000000	0.000000	0.000000	0.000000	0.000000	0.000000	0.000000	0.000000	0.000000	1.000000	0.000000
110	tsk_110	(x)	1	:	0.000000	0.000000	0.483106	0.000000	0.000000	0.000000	0.000000	0.000000	0.000000	0.000000	0.001663	0.000000	0.498088	0.000000	0.017143
111	tsk_111	(x)	1	:	0.000000	0.000000	0.000000	0.000000	0.000000	0.000000	0.000000	0.000000	0.000000	0.000000	0.000565	0.000000	0.497281	0.000000	0.502153
112	tsk_112	(x)	1	:	0.000000	0.000000	0.000000	0.000000	0.000000	0.000000	0.000000	0.000000	0.000000	0.000000	0.000000	0.000000	1.000000	0.000000	0.000000
113	tsk_113	(x)	1	:	0.000000	0.000000	0.000000	0.000000	0.000000	0.000000	0.000000	0.000000	0.000000	0.000000	0.000000	0.000000	1.000000	0.000000	0.000000
114	tsk_114	(x)	1	:	0.000000	0.000000	0.000000	0.000000	0.000000	0.000000	0.000000	0.000000	0.000000	0.000000	0.999985	0.000000	0.000000	0.000000	0.000015
115	tsk_115	(x)	1	:	0.000000	0.000000	0.000000	0.000000	0.000000	0.000000	0.000000	0.000000	0.000000	0.000000	0.000000	0.000000	1.000000	0.000000	0.000000
116	tsk_116	(x)	1	:	0.387047	0.000000	0.108756	0.000000	0.000000	0.000000	0.000000	0.110377	0.000000	0.000000	0.003776	0.000000	0.000000	0.000000	0.390043
117	tsk_117	(x)	1	:	0.000000	0.000000	0.000000	0.000000	0.000000	0.000000	0.000000	0.000000	0.000000	0.000000	0.000000	0.000000	1.000000	0.000000	0.000000
118	tsk_118	(x)	1	:	0.000000	0.000000	0.000000	0.494504	0.000000	0.000000	0.000000	0.004043	0.000000	0.000002	0.001483	0.000000	0.000000	0.499968	0.000000
119	tsk_119	(x)	1	:	0.000000	0.000000	0.000000	0.000000	0.000000	0.498814	0.000000	0.000000	0.000000	0.000000	0.003541	0.000000	0.497644	0.000000	0.000000
120	tsk_120	(x)	1	:	0.491638	0.000000	0.000000	0.000000	0.000000	0.000000	0.000000	0.008122	0.000000	0.000003	0.000685	0.000000	0.000000	0.499551	0.000000
121	tsk_121	(x)	1	:	0.492226	0.000000	0.000000	0.000000	0.000000	0.000000	0.000000	0.007200	0.000000	0.000004	0.001008	0.000000	0.000000	0.499563	0.000000
122	tsk_122	(x)	1	:	1.000000	0.000000	0.000000	0.000000	0.000000	0.000000	0.000000	0.000000	0.000000	0.000000	0.000000	0.000000	0.000000	0.000000	0.000000
123	tsk_123	(x)	1	:	0.000000	0.000000	0.000000	0.000000	0.000000	0.000000	0.000000	0.000000	0.000000	0.000000	0.000000	0.000000	0.000000	1.000000	0.000000
124	tsk_124	(x)	1	:	0.500000	0.000000	0.000000	0.000000	0.000000	0.000000	0.000000	0.500000	0.000000	0.000000	0.000000	0.000000	0.000000	0.000000	0.000000
125	tsk_125	(x)	1	:	0.000000	0.000000	0.000000	0.000000	0.000000	0.000000	0.000000	0.000000	0.000000	0.000001	0.499995	0.000000	0.000000	0.500000	0.000005
126	tsk_126	(x)	1	:	0.000000	0.000000	0.000000	0.000000	0.000000	0.000000	0.000000	0.000000	0.000000	0.000000	0.000000	0.000000	0.000000	1.000000	0.000000
127	tsk_127	(x)	1	:	0.000000	0.000000	0.000000	0.000000	0.000000	0.000000	0.000000	1.000000	0.000000	0.000000	0.000000	0.000000	0.000000	0.000000	0.000000
128	tsk_128	(x)	1	:	0.000000	0.491738	0.000000	0.000000	0.000000	0.000000	0.000000	0.493075	0.000000	0.000000	0.006856	0.000000	0.000000	0.008331	0.000000
129	tsk_129	(x)	1	:	0.000000	1.000000	0.000000	0.000000	0.000000	0.000000	0.000000	0.000000	0.000000	0.000000	0.000000	0.000000	0.000000	0.000000	0.000000
130	tsk_130	(x)	1	:	0.000000	0.000000	0.000000	0.000000	0.000000	0.000000	0.000000	0.000000	0.000000	0.000000	0.487610	0.000000	0.000000	0.000000	0.512390
131	tsk_131	(x)	1	:	0.491917	0.000000	0.000000	0.000000	0.000000	0.000000	0.000000	0.016175	0.000000	0.000000	0.491899	0.000000	0.000000	0.000000	0.000009
132	tsk_132	(x)	1	:	0.000000	0.000000	0.000000	0.000000	0.000000	0.000000	0.000000	0.000000	0.000000	0.000000	0.000000	0.000000	0.000000	1.000000	0.000000
133	tsk_133	(x)	1	:	0.000000	0.000000	0.000000	0.000000	0.000000	0.000000	0.500000	0.000000	0.000000	0.000000	0.000000	0.000000	0.000000	0.499999	0.000000
134	tsk_134	(x)	1	:	0.000000	0.000000	0.000000	0.489974	0.000000	0.000000	0.000000	0.012321	0.000000	0.000000	0.497661	0.000000	0.000000	0.000000	0.000044
135	tsk_135	(x)	1	:	0.000000	0.000000	0.000000	0.000000	0.000000	0.000000	0.493815	0.000000	0.000000	0.000000	0.000000	0.497271	0.000000	0.008913	0.000000
136	tsk_136	(x)	1	:	0.000000	0.000000	0.000000	0.000000	0.000000	0.000000	0.000000	0.000000	0.000000	0.000000	0.522729	0.477256	0.000000	0.000000	0.000015
137	tsk_137	(x)	1	:	0.000000	0.000000	0.000000	0.000000	0.000000	0.000000	0.500001	0.000000	0.000000	0.000000	0.000000	0.000000	0.000000	0.499999	0.000000
138	tsk_138	(x)	1	:	0.000000	0.000000	0.000000	0.000000	0.000000	0.000000	0.000000	0.000000	0.000000	0.000000	0.000000	0.000000	0.000000	1.000000	0.000000
139	tsk_139	(x)	1	:	0.000000	0.000000	0.000000	0.000000	0.000000	0.000000	0.492191	0.000000	0.000000	0.000000	0.499594	0.000000	0.000000	0.008214	0.000001
140	tsk_140	(x)	1	:	0.000000	0.000000	0.000000	0.000000	0.000000	0.501470	0.000000	0.000000	0.000000	0.000000	0.000000	0.498530	0.000000	0.000000	0.000000
141	tsk_141	(x)	1	:	0.000000	0.000000	0.000000	0.000000	0.000000	0.000000	0.000000	0.000000	0.000000	0.000000	0.000000	1.000000	0.000000	0.000000	0.000000
142	tsk_142	(x)	1	:	0.000000	0.000000	0.000000	0.000000	0.000000	0.501470	0.000000	0.000000	0.000000	0.000000	0.000000	0.498530	0.000000	0.000000	0.000000
143	tsk_143	(x)	1	:	0.000000	0.000003	0.000000	0.000000	0.000000	0.000000	0.000000	0.000000	0.000000	0.000002	0.000000	0.497591	0.000000	0.502404	0.000000
144	tsk_144	(x)	1	:	0.494771	0.000000	0.000000	0.000000	0.000000	0.000000	0.000000	0.017426	0.000000	0.000000	0.007052	0.480750	0.000000	0.000000	0.000000
145	tsk_145	(x)	1	:	0.000000	0.000000	0.000000	0.000000	0.000000	0.000000	0.000000	0.000000	0.000000	0.000006	0.000000	0.497591	0.000000	0.502403	0.000000
146	tsk_146	(x)	1	:	0.495269	0.000000	0.000000	0.000000	0.000000	0.000000	0.000000	0.014147	0.000000	0.000000	0.010979	0.479605	0.000000	0.000000	0.000000
147	tsk_147	(x)	1	:	0.491492	0.492055	0.000000	0.000000	0.000000	0.000000	0.000000	0.008305	0.000000	0.000000	0.000242	0.000000	0.000000	0.007905	0.000000
148	tsk_148	(x)	1	:	0.000000	0.492884	0.000000	0.000000	0.000000	0.000000	0.000000	0.000000	0.000000	0.000000	0.000000	0.497224	0.000000	0.009893	0.000000
149	tsk_149	(x)	1	:	0.000000	0.000000	0.484644	0.000000	0.000000	0.000000	0.000000	0.000000	0.000000	0.000000	0.005258	0.482155	0.000000	0.000000	0.027943
