logL = -1552.861157 (converged)
AIC = 7901.722314
BIC = 15121.225750

count.K
29 2 1 27 18 10 3 15 12 2 29 0 2 

