logL = -755.181411 (converged)
AIC = 3430.362822
BIC = 6320.572705

count.K
13 32 4 16 73 12 

