0	tsk_0	(x)	1	:	0.000000	0.000000	0.000000	0.000000	0.000000	0.465433	0.000000	0.000000	0.000000	0.000000	0.534567	0.000000	0.000000	0.000000
1	tsk_1	(x)	1	:	0.000000	0.000000	0.495062	0.000000	0.000000	0.465442	0.000000	0.000000	0.000000	0.000000	0.039496	0.000000	0.000000	0.000000
2	tsk_2	(x)	1	:	0.496940	0.000000	0.000000	0.000000	0.497491	0.000000	0.000000	0.000000	0.000000	0.000000	0.005569	0.000000	0.000000	0.000000
3	tsk_3	(x)	1	:	0.000000	0.000000	0.462322	0.000000	0.000000	0.537678	0.000000	0.000000	0.000000	0.000000	0.000000	0.000000	0.000000	0.000000
4	tsk_4	(x)	1	:	0.000000	0.000000	0.000000	0.000000	0.000000	0.465432	0.000000	0.000000	0.000000	0.000000	0.534567	0.000000	0.000000	0.000000
5	tsk_5	(x)	1	:	0.000000	0.000000	0.495055	0.000000	0.000000	0.000000	0.000000	0.000000	0.000000	0.000000	0.504945	0.000000	0.000000	0.000000
6	tsk_6	(x)	1	:	0.498564	0.000000	0.501436	0.000000	0.000000	0.000000	0.000000	0.000000	0.000000	0.000000	0.000000	0.000000	0.000000	0.000000
7	tsk_7	(x)	1	:	0.000000	0.000000	0.000000	0.000000	1.000000	0.000000	0.000000	0.000000	0.000000	0.000000	0.000000	0.000000	0.000000	0.000000
8	tsk_8	(x)	1	:	0.000000	0.000000	0.000000	0.000000	0.000000	1.000000	0.000000	0.000000	0.000000	0.000000	0.000000	0.000000	0.000000	0.000000
9	tsk_9	(x)	1	:	0.000000	0.000000	0.000000	0.000000	1.000000	0.000000	0.000000	0.000000	0.000000	0.000000	0.000000	0.000000	0.000000	0.000000
10	tsk_10	(x)	1	:	0.000000	0.000000	0.000000	0.000000	0.497856	0.000000	0.000000	0.000000	0.000000	0.496251	0.005893	0.000000	0.000000	0.000000
11	tsk_11	(x)	1	:	0.000000	0.000000	0.000000	0.000000	1.000000	0.000000	0.000000	0.000000	0.000000	0.000000	0.000000	0.000000	0.000000	0.000000
12	tsk_12	(x)	1	:	0.000000	0.000000	0.000000	0.000000	0.000000	0.000000	0.000000	0.000000	0.000000	1.000000	0.000000	0.000000	0.000000	0.000000
13	tsk_13	(x)	1	:	0.000000	0.000000	0.000000	0.000000	0.498022	0.000000	0.000000	0.000000	0.000000	0.496292	0.005686	0.000000	0.000000	0.000000
14	tsk_14	(x)	1	:	0.000000	0.000000	0.000000	0.000000	0.501783	0.000000	0.487776	0.000000	0.000000	0.000000	0.010441	0.000000	0.000000	0.000000
15	tsk_15	(x)	1	:	0.000000	0.000000	0.000000	0.000000	0.000000	0.000000	0.489973	0.000000	0.000000	0.510027	0.000000	0.000000	0.000000	0.000000
16	tsk_16	(x)	1	:	0.000000	0.000000	0.000000	0.000000	0.000000	0.000000	0.000000	0.000000	0.000000	1.000000	0.000000	0.000000	0.000000	0.000000
17	tsk_17	(x)	1	:	0.000000	0.251337	0.000000	0.000000	0.000000	0.000000	0.530402	0.000000	0.000000	0.000126	0.000000	0.000000	0.000000	0.218135
18	tsk_18	(x)	1	:	0.000000	0.211557	0.000000	0.000000	0.496260	0.000000	0.000000	0.000000	0.000000	0.002502	0.003988	0.000000	0.000000	0.285693
19	tsk_19	(x)	1	:	0.000000	0.196562	0.000000	0.000000	0.496156	0.000000	0.000000	0.000000	0.000000	0.003688	0.003882	0.000000	0.000000	0.299712
20	tsk_20	(x)	1	:	0.000000	0.000000	0.000000	0.000000	0.000000	1.000000	0.000000	0.000000	0.000000	0.000000	0.000000	0.000000	0.000000	0.000000
21	tsk_21	(x)	1	:	0.000000	0.000000	0.000000	0.000000	0.000000	0.000000	0.000000	0.000000	0.000000	0.000000	0.499120	0.500880	0.000000	0.000000
22	tsk_22	(x)	1	:	0.497511	0.000000	0.000000	0.000000	0.000000	0.000000	0.000000	0.000000	0.000000	0.000000	0.000000	0.502489	0.000000	0.000000
23	tsk_23	(x)	1	:	0.000000	0.000000	0.000000	0.000000	0.483902	0.000000	0.000000	0.000000	0.000000	0.000000	0.001965	0.000000	0.514133	0.000000
24	tsk_24	(x)	1	:	0.000000	0.279226	0.000000	0.000000	0.000000	0.000000	0.000000	0.000000	0.000000	0.004989	0.497963	0.000000	0.000000	0.217822
25	tsk_25	(x)	1	:	0.000000	0.000000	0.000000	0.000000	0.000000	0.000000	0.000000	0.000000	0.000000	0.000000	0.484019	0.000000	0.515981	0.000000
26	tsk_26	(x)	1	:	0.000000	0.000000	0.000000	0.000000	0.000000	0.000000	0.000000	0.000000	0.000000	0.000000	1.000000	0.000000	0.000000	0.000000
27	tsk_27	(x)	1	:	0.000000	0.000000	0.000000	0.000000	0.000000	0.000000	0.000000	0.000000	0.466131	0.000000	0.533868	0.000000	0.000000	0.000000
28	tsk_28	(x)	1	:	0.000000	0.000000	0.000000	0.000000	0.505272	0.000000	0.000000	0.000000	0.000000	0.000000	0.494728	0.000000	0.000000	0.000000
29	tsk_29	(x)	1	:	0.497533	0.000000	0.000000	0.000000	0.000000	0.000000	0.000000	0.000000	0.000000	0.000000	0.502467	0.000000	0.000000	0.000000
30	tsk_30	(x)	1	:	0.000000	0.179337	0.000000	0.000000	0.495587	0.000000	0.000000	0.000000	0.000000	0.001843	0.004922	0.000000	0.000000	0.318311
31	tsk_31	(x)	1	:	0.000000	0.527646	0.000000	0.000000	0.000000	0.000000	0.000000	0.000000	0.000000	0.000000	0.000000	0.000000	0.000000	0.472354
32	tsk_32	(x)	1	:	0.000000	0.527531	0.000000	0.000000	0.000000	0.000000	0.000000	0.000000	0.000000	0.000000	0.000000	0.000000	0.000000	0.472468
33	tsk_33	(x)	1	:	0.000000	0.370245	0.000000	0.000000	0.000000	0.000000	0.488120	0.000000	0.000000	0.008427	0.000000	0.000000	0.000000	0.133209
34	tsk_34	(x)	1	:	0.000000	0.191959	0.000000	0.000000	0.000000	0.000000	0.000000	0.000000	0.000000	0.003822	0.000000	0.499466	0.000000	0.304753
35	tsk_35	(x)	1	:	0.000000	0.429101	0.000000	0.000000	0.000000	0.000000	0.488040	0.000000	0.000000	0.008914	0.000000	0.000000	0.000000	0.073944
36	tsk_36	(x)	1	:	0.000000	0.209037	0.000000	0.000000	0.000000	0.000000	0.000000	0.000000	0.492017	0.004062	0.000804	0.000000	0.000000	0.294081
37	tsk_37	(x)	1	:	0.000000	0.456815	0.000000	0.000000	0.000000	0.000000	0.000000	0.000000	0.000000	0.000000	0.000000	0.000000	0.000000	0.543184
38	tsk_38	(x)	1	:	0.000000	0.387871	0.000000	0.000000	0.000000	0.000000	0.000000	0.000000	0.000000	0.003501	0.000000	0.499511	0.000000	0.109117
39	tsk_39	(x)	1	:	0.000000	0.183762	0.000000	0.000000	0.000000	0.000000	0.000000	0.000000	0.000000	0.000000	0.000000	0.000000	0.000000	0.816238
40	tsk_40	(x)	1	:	0.000000	0.000000	0.000000	0.000000	0.000000	0.000000	0.000000	0.000000	0.000000	0.000000	1.000000	0.000000	0.000000	0.000000
41	tsk_41	(x)	1	:	0.000000	0.000000	0.000000	0.000000	0.495620	0.000000	0.000000	0.000000	0.000000	0.000000	0.005098	0.499282	0.000000	0.000000
42	tsk_42	(x)	1	:	0.000000	0.187413	0.000000	0.000000	0.000000	0.000000	0.000000	0.000000	0.000000	0.000750	0.000000	0.000000	0.514227	0.297610
43	tsk_43	(x)	1	:	0.000000	0.000000	0.000000	0.499859	0.000000	0.000000	0.000000	0.000000	0.000000	0.000000	0.500141	0.000000	0.000000	0.000000
44	tsk_44	(x)	1	:	0.000000	0.000000	0.000000	0.000000	1.000000	0.000000	0.000000	0.000000	0.000000	0.000000	0.000000	0.000000	0.000000	0.000000
45	tsk_45	(x)	1	:	0.000000	0.343280	0.000000	0.000000	0.000000	0.000000	0.000000	0.000000	0.000000	0.005012	0.497960	0.000000	0.000000	0.153749
46	tsk_46	(x)	1	:	0.000000	0.000000	0.000000	0.000000	0.501047	0.000000	0.000000	0.000000	0.000000	0.000000	0.010989	0.000000	0.487964	0.000000
47	tsk_47	(x)	1	:	0.000000	0.000000	0.000000	0.000000	0.505272	0.000000	0.000000	0.000000	0.000000	0.000000	0.494728	0.000000	0.000000	0.000000
48	tsk_48	(x)	1	:	0.000000	0.208185	0.000000	0.000000	0.000000	0.000000	0.000000	0.000000	0.000000	0.000000	0.000000	0.000000	0.000000	0.791815
49	tsk_49	(x)	1	:	0.000000	0.000000	0.000000	0.000000	0.000000	0.000000	0.000000	0.000000	0.000000	0.000000	0.484019	0.000000	0.515981	0.000000
50	tsk_50	(x)	1	:	0.000000	0.132304	0.000000	0.000000	0.000000	0.000000	0.000000	0.000000	0.000000	0.007002	0.000000	0.000000	0.488295	0.372399
51	tsk_51	(x)	1	:	0.000000	0.214312	0.000000	0.000000	0.000000	0.000000	0.000000	0.000000	0.000000	0.487122	0.000000	0.000000	0.000000	0.298566
52	tsk_52	(x)	1	:	0.000000	0.323056	0.000000	0.000000	0.000000	0.000000	0.000000	0.000000	0.000000	0.004976	0.497966	0.000000	0.000000	0.174002
53	tsk_53	(x)	1	:	0.000000	0.172615	0.000000	0.498454	0.000000	0.000000	0.000000	0.000000	0.000000	0.004737	0.000000	0.000000	0.000000	0.324193
54	tsk_54	(x)	1	:	0.000000	0.000000	0.000000	0.000000	0.000000	0.000000	0.537781	0.000000	0.000000	0.000000	0.462219	0.000000	0.000000	0.000000
55	tsk_55	(x)	1	:	0.000000	0.565919	0.000000	0.000000	0.000000	0.000000	0.000000	0.000000	0.000000	0.000000	0.000000	0.000000	0.000000	0.434081
56	tsk_56	(x)	1	:	0.000000	0.000000	0.000000	0.000000	0.000000	0.000000	0.537781	0.000000	0.000000	0.000000	0.462219	0.000000	0.000000	0.000000
57	tsk_57	(x)	1	:	0.000000	0.359914	0.000000	0.000000	0.000000	0.000000	0.488049	0.000000	0.000000	0.008858	0.000000	0.000000	0.000000	0.143179
58	tsk_58	(x)	1	:	0.000000	0.000000	0.000000	0.000000	0.000000	0.000000	0.488450	0.000000	0.000000	0.000000	0.511550	0.000000	0.000000	0.000000
59	tsk_59	(x)	1	:	0.000000	0.000000	0.000000	0.483694	0.000000	0.000000	0.516306	0.000000	0.000000	0.000000	0.000000	0.000000	0.000000	0.000000
60	tsk_60	(x)	1	:	0.000000	0.534179	0.000000	0.000000	0.000000	0.000000	0.000000	0.000000	0.000000	0.000000	0.000000	0.000000	0.000000	0.465821
61	tsk_61	(x)	1	:	0.000000	0.466697	0.000000	0.000000	0.000000	0.000000	0.000000	0.000000	0.000000	0.000000	0.000000	0.000000	0.000000	0.533303
62	tsk_62	(x)	1	:	0.000000	0.235107	0.000000	0.000000	0.000000	0.000000	0.000000	0.000000	0.000000	0.003716	0.000000	0.499481	0.000000	0.261696
63	tsk_63	(x)	1	:	0.000000	0.000000	0.000000	0.000000	0.000000	0.000000	0.000000	0.000000	0.000000	0.000000	0.000000	1.000000	0.000000	0.000000
64	tsk_64	(x)	1	:	0.000000	0.895694	0.000000	0.000000	0.000000	0.000000	0.000000	0.000000	0.000000	0.000000	0.000000	0.000000	0.000000	0.104306
65	tsk_65	(x)	1	:	0.000000	0.000000	0.000000	0.000000	0.000000	0.000000	0.000000	0.000000	0.000000	0.000000	0.000000	1.000000	0.000000	0.000000
66	tsk_66	(x)	1	:	0.000000	0.291063	0.000000	0.000000	0.000000	0.000000	0.000000	0.000000	0.000000	0.003553	0.000000	0.499504	0.000000	0.205880
67	tsk_67	(x)	1	:	0.000000	0.000000	0.000000	0.000000	0.000000	0.000000	0.000000	0.000000	0.000000	0.000000	0.000000	1.000000	0.000000	0.000000
68	tsk_68	(x)	1	:	0.000000	0.000000	0.000000	0.000000	0.000000	0.000000	0.000000	0.000000	0.000000	0.000000	0.000000	1.000000	0.000000	0.000000
69	tsk_69	(x)	1	:	0.000000	0.000000	0.000000	0.000000	0.000000	0.000000	0.000000	0.000000	0.000000	0.000000	1.000000	0.000000	0.000000	0.000000
70	tsk_70	(x)	1	:	0.000000	0.000000	0.000000	0.000000	0.000000	0.000000	1.000000	0.000000	0.000000	0.000000	0.000000	0.000000	0.000000	0.000000
71	tsk_71	(x)	1	:	0.000000	0.428802	0.000000	0.000000	0.000000	0.000000	0.000000	0.000000	0.322168	0.005058	0.176982	0.000000	0.000000	0.066990
72	tsk_72	(x)	1	:	0.000000	0.302555	0.000000	0.000000	0.000000	0.000000	0.488104	0.000000	0.000000	0.008521	0.000000	0.000000	0.000000	0.200820
73	tsk_73	(x)	1	:	0.000000	0.000000	0.000000	0.000000	0.000000	0.000000	1.000000	0.000000	0.000000	0.000000	0.000000	0.000000	0.000000	0.000000
74	tsk_74	(x)	1	:	0.000000	0.000000	0.000000	0.000000	0.000000	0.000000	0.000000	0.000000	0.000000	0.000000	0.511661	0.000000	0.488339	0.000000
75	tsk_75	(x)	1	:	0.000000	0.000000	0.000000	0.000000	0.000000	0.000000	0.505909	0.000000	0.000000	0.000000	0.000000	0.000000	0.494091	0.000000
76	tsk_76	(x)	1	:	0.000000	0.000000	0.000000	0.000000	0.000000	0.000000	0.488450	0.000000	0.000000	0.000000	0.511550	0.000000	0.000000	0.000000
77	tsk_77	(x)	1	:	0.000000	0.487350	0.000000	0.000000	0.000000	0.000000	0.000000	0.000000	0.000000	0.000000	0.000000	0.000000	0.000000	0.512649
78	tsk_78	(x)	1	:	0.000000	0.231084	0.000000	0.000000	0.000000	0.000000	0.000000	0.000000	0.000000	0.004989	0.497963	0.000000	0.000000	0.265963
79	tsk_79	(x)	1	:	0.000000	0.414417	0.000000	0.000000	0.000000	0.000000	0.488009	0.000000	0.000000	0.009105	0.000000	0.000000	0.000000	0.088468
80	tsk_80	(x)	1	:	0.000000	0.112200	0.000000	0.000000	0.000000	0.000000	0.000000	0.000000	0.000000	0.000834	0.000000	0.000000	0.514221	0.372746
81	tsk_81	(x)	1	:	0.000000	0.000000	0.000000	0.000000	0.000000	0.000000	0.000000	0.000000	0.000000	0.000000	0.499121	0.500879	0.000000	0.000000
82	tsk_82	(x)	1	:	0.000000	0.228674	0.000000	0.000000	0.000000	0.000000	0.000000	0.000000	0.000000	0.487122	0.000000	0.000000	0.000000	0.284203
83	tsk_83	(x)	1	:	0.000000	0.167988	0.000000	0.000000	0.000000	0.000000	0.000000	0.000000	0.000000	0.000844	0.000000	0.000000	0.514220	0.316948
84	tsk_84	(x)	1	:	0.000000	0.391658	0.000000	0.000000	0.000000	0.000000	0.000000	0.000000	0.000000	0.004838	0.497993	0.000000	0.000000	0.105511
85	tsk_85	(x)	1	:	0.000000	0.000000	0.000000	0.000000	0.000000	0.383370	0.000000	0.000000	0.000000	0.000000	0.616629	0.000000	0.000000	0.000000
86	tsk_86	(x)	1	:	0.000000	0.000000	0.000000	0.000000	0.505272	0.000000	0.000000	0.000000	0.000000	0.000000	0.494728	0.000000	0.000000	0.000000
87	tsk_87	(x)	1	:	0.000000	0.000000	0.000000	0.000000	0.000000	0.000000	0.000000	0.000000	0.000000	0.000000	1.000000	0.000000	0.000000	0.000000
88	tsk_88	(x)	1	:	0.000000	0.000000	0.000000	0.000000	0.000000	0.383370	0.000000	0.000000	0.000000	0.000000	0.616629	0.000000	0.000000	0.000000
89	tsk_89	(x)	1	:	0.000000	0.000000	0.000000	0.000000	0.000000	0.000000	0.000000	0.000000	0.000000	0.000000	1.000000	0.000000	0.000000	0.000000
90	tsk_90	(x)	1	:	0.000000	0.000000	0.000000	0.000000	0.000000	0.000000	0.000000	0.000000	0.000000	0.000000	0.000000	0.510281	0.489719	0.000000
91	tsk_91	(x)	1	:	0.000000	0.000000	0.000000	0.000000	0.000000	0.000000	0.000000	0.000000	0.000000	0.000000	1.000000	0.000000	0.000000	0.000000
92	tsk_92	(x)	1	:	0.000000	0.000000	0.000000	0.000000	0.000000	0.000000	0.000000	0.000000	0.000000	0.000000	0.000000	1.000000	0.000000	0.000000
93	tsk_93	(x)	1	:	0.000000	0.392686	0.000000	0.000000	0.000000	0.000000	0.000000	0.000000	0.000000	0.000000	0.000000	0.000000	0.000000	0.607314
94	tsk_94	(x)	1	:	0.000000	0.000000	0.000000	0.000000	0.000000	0.000000	0.000000	0.000000	0.000000	0.000000	0.499120	0.500880	0.000000	0.000000
95	tsk_95	(x)	1	:	0.000000	0.000000	0.000000	0.000000	0.000000	0.000000	0.000000	0.000000	0.466131	0.000000	0.533868	0.000000	0.000000	0.000000
96	tsk_96	(x)	1	:	0.000000	0.000000	0.000000	0.000000	0.000000	0.000000	0.000000	0.000000	0.000000	0.000000	0.000000	0.510281	0.489719	0.000000
97	tsk_97	(x)	1	:	0.000000	0.000000	0.000000	0.000000	0.000000	0.000000	0.000000	0.000000	0.000000	1.000000	0.000000	0.000000	0.000000	0.000000
98	tsk_98	(x)	1	:	0.000000	0.000000	0.000000	0.000000	0.000000	0.000000	0.000000	0.000000	1.000000	0.000000	0.000000	0.000000	0.000000	0.000000
99	tsk_99	(x)	1	:	0.000000	0.233294	0.000000	0.000000	0.000000	0.000000	0.000000	0.000000	0.000000	0.003777	0.000000	0.499473	0.000000	0.263457
100	tsk_100	(x)	1	:	0.000000	0.324332	0.000000	0.000000	0.000000	0.000000	0.530405	0.000000	0.000000	0.000104	0.000000	0.000000	0.000000	0.145159
101	tsk_101	(x)	1	:	0.000000	0.566208	0.000000	0.000000	0.000000	0.000000	0.000000	0.000000	0.000000	0.000000	0.000000	0.000000	0.000000	0.433792
102	tsk_102	(x)	1	:	0.000000	0.000000	0.000000	0.000000	0.502819	0.000000	0.002926	0.488206	0.000000	0.000000	0.006049	0.000000	0.000000	0.000000
103	tsk_103	(x)	1	:	0.000000	0.000000	0.000000	0.000000	0.000000	0.000000	0.000000	1.000000	0.000000	0.000000	0.000000	0.000000	0.000000	0.000000
104	tsk_104	(x)	1	:	0.000000	0.000000	0.000000	0.000000	0.000000	0.000000	0.000000	1.000000	0.000000	0.000000	0.000000	0.000000	0.000000	0.000000
105	tsk_105	(x)	1	:	0.000000	0.000000	0.000000	0.000000	0.505272	0.000000	0.000000	0.000000	0.000000	0.000000	0.494728	0.000000	0.000000	0.000000
106	tsk_106	(x)	1	:	0.000000	0.378099	0.000000	0.000000	0.000000	0.000000	0.003765	0.487387	0.000000	0.006814	0.000000	0.000000	0.000000	0.123933
107	tsk_107	(x)	1	:	0.000000	0.000000	0.000000	0.000000	0.000000	0.000000	0.000000	0.502955	0.000000	0.000000	0.000000	0.000000	0.497045	0.000000
108	tsk_108	(x)	1	:	0.000000	0.328376	0.000000	0.000000	0.000000	0.000000	0.003921	0.487227	0.000000	0.007006	0.000000	0.000000	0.000000	0.173470
109	tsk_109	(x)	1	:	0.000000	0.000000	0.000000	0.000000	0.000000	0.000000	0.000000	0.502955	0.000000	0.000000	0.000000	0.000000	0.497045	0.000000
110	tsk_110	(x)	1	:	0.000000	0.000000	0.511344	0.000000	0.000000	0.000000	0.000000	0.000000	0.000000	0.000000	0.000000	0.000000	0.488656	0.000000
111	tsk_111	(x)	1	:	0.000000	0.000000	0.000000	0.000000	0.000000	0.000000	0.000000	0.000000	0.000000	0.000000	0.000000	0.000000	1.000000	0.000000
112	tsk_112	(x)	1	:	0.000000	0.000000	0.497596	0.000000	0.000000	0.000000	0.000000	0.000000	0.000000	0.502404	0.000000	0.000000	0.000000	0.000000
113	tsk_113	(x)	1	:	0.000000	0.000000	0.497596	0.000000	0.000000	0.000000	0.000000	0.000000	0.000000	0.502404	0.000000	0.000000	0.000000	0.000000
114	tsk_114	(x)	1	:	0.000000	0.386053	0.000000	0.000000	0.000000	0.000000	0.000000	0.000000	0.000000	0.000029	0.000000	0.000000	0.533231	0.080687
115	tsk_115	(x)	1	:	0.000000	0.000000	0.000000	0.000000	0.000000	0.000000	0.000000	0.000000	0.000000	0.000000	0.000000	0.000000	1.000000	0.000000
116	tsk_116	(x)	1	:	0.000000	0.000000	0.000000	0.000000	0.000000	0.000000	0.489973	0.000000	0.000000	0.510027	0.000000	0.000000	0.000000	0.000000
117	tsk_117	(x)	1	:	0.000000	0.000000	0.000000	0.000000	0.000000	0.000000	0.000000	0.000000	0.504747	0.000000	0.003417	0.000000	0.491836	0.000000
118	tsk_118	(x)	1	:	0.000000	0.000000	0.000000	0.000000	0.500292	0.000000	0.000000	0.000000	0.000000	0.000000	0.011811	0.000000	0.487897	0.000000
119	tsk_119	(x)	1	:	0.000000	0.000000	0.000000	0.000000	0.000000	0.000000	0.505909	0.000000	0.000000	0.000000	0.000000	0.000000	0.494091	0.000000
120	tsk_120	(x)	1	:	0.000000	0.000000	0.000000	0.000000	0.497637	0.000000	0.000000	0.000000	0.000000	0.496197	0.006166	0.000000	0.000000	0.000000
121	tsk_121	(x)	1	:	0.000000	0.000000	0.000000	0.000000	0.000000	0.000000	0.000000	0.000000	0.000000	0.000000	1.000000	0.000000	0.000000	0.000000
122	tsk_122	(x)	1	:	0.498120	0.000000	0.000000	0.000000	0.000000	0.000000	0.000000	0.000000	0.000000	0.501880	0.000000	0.000000	0.000000	0.000000
123	tsk_123	(x)	1	:	1.000000	0.000000	0.000000	0.000000	0.000000	0.000000	0.000000	0.000000	0.000000	0.000000	0.000000	0.000000	0.000000	0.000000
124	tsk_124	(x)	1	:	0.497511	0.000000	0.000000	0.000000	0.000000	0.000000	0.000000	0.000000	0.000000	0.000000	0.000000	0.502489	0.000000	0.000000
125	tsk_125	(x)	1	:	0.514936	0.000000	0.000000	0.000000	0.000000	0.000000	0.000000	0.000000	0.000000	0.000000	0.000000	0.485064	0.000000	0.000000
126	tsk_126	(x)	1	:	0.000000	0.000000	0.000000	0.000000	0.000000	0.000000	0.000000	0.000000	0.000000	0.000000	0.000000	0.510281	0.489719	0.000000
127	tsk_127	(x)	1	:	1.000000	0.000000	0.000000	0.000000	0.000000	0.000000	0.000000	0.000000	0.000000	0.000000	0.000000	0.000000	0.000000	0.000000
128	tsk_128	(x)	1	:	0.546500	0.000000	0.000000	0.000000	0.000000	0.000000	0.000000	0.000000	0.000000	0.000000	0.000000	0.000000	0.453500	0.000000
129	tsk_129	(x)	1	:	0.518087	0.000000	0.000000	0.000000	0.000000	0.000000	0.000000	0.000000	0.000000	0.481913	0.000000	0.000000	0.000000	0.000000
130	tsk_130	(x)	1	:	0.000000	0.000000	0.000000	0.000000	0.000000	0.000000	0.000000	0.000000	0.000000	0.510972	0.000000	0.000000	0.489028	0.000000
131	tsk_131	(x)	1	:	0.477831	0.000000	0.522169	0.000000	0.000000	0.000000	0.000000	0.000000	0.000000	0.000000	0.000000	0.000000	0.000000	0.000000
132	tsk_132	(x)	1	:	0.000000	0.175792	0.493340	0.000000	0.000000	0.000000	0.000000	0.000000	0.000000	0.006611	0.000000	0.000000	0.000000	0.324258
133	tsk_133	(x)	1	:	0.000000	0.000000	0.511344	0.000000	0.000000	0.000000	0.000000	0.000000	0.000000	0.000000	0.000000	0.000000	0.488656	0.000000
134	tsk_134	(x)	1	:	0.000000	0.000000	0.000000	0.000000	0.000000	0.000000	0.000000	0.000000	0.000000	0.000000	0.000000	1.000000	0.000000	0.000000
135	tsk_135	(x)	1	:	0.000000	0.000000	0.000000	0.498242	0.495559	0.000000	0.000000	0.000000	0.000000	0.000000	0.006198	0.000000	0.000000	0.000000
136	tsk_136	(x)	1	:	0.000000	0.000000	0.000000	0.000000	0.000000	0.000000	0.000000	0.000000	0.000000	0.497849	0.000000	0.502151	0.000000	0.000000
137	tsk_137	(x)	1	:	0.000000	0.359234	0.000000	0.498445	0.000000	0.000000	0.000000	0.000000	0.000000	0.004804	0.000000	0.000000	0.000000	0.137517
138	tsk_138	(x)	1	:	0.000000	0.000000	0.000000	0.000000	0.497701	0.000000	0.000000	0.000000	0.000000	0.496213	0.006086	0.000000	0.000000	0.000000
139	tsk_139	(x)	1	:	0.000000	0.000000	0.000000	0.000000	0.000000	0.000000	0.000000	0.000000	0.000000	0.000000	0.000000	0.000000	1.000000	0.000000
140	tsk_140	(x)	1	:	0.000000	0.000000	0.511344	0.000000	0.000000	0.000000	0.000000	0.000000	0.000000	0.000000	0.000000	0.000000	0.488656	0.000000
141	tsk_141	(x)	1	:	0.000000	0.000000	0.000000	0.000000	0.000000	0.000000	0.000000	0.000000	0.000000	0.000000	0.511661	0.000000	0.488339	0.000000
142	tsk_142	(x)	1	:	0.000000	0.000000	0.000000	0.509807	0.000000	0.000000	0.000000	0.000000	0.000000	0.000000	0.000000	0.000000	0.490193	0.000000
143	tsk_143	(x)	1	:	0.000000	0.000000	0.000000	0.508117	0.000000	0.000000	0.491883	0.000000	0.000000	0.000000	0.000000	0.000000	0.000000	0.000000
144	tsk_144	(x)	1	:	0.000000	0.000000	0.481094	0.000000	0.000000	0.000000	0.000000	0.000000	0.000000	0.000000	0.000000	0.000000	0.518905	0.000000
145	tsk_145	(x)	1	:	0.000000	0.000000	0.495055	0.000000	0.000000	0.000000	0.000000	0.000000	0.000000	0.000000	0.504945	0.000000	0.000000	0.000000
146	tsk_146	(x)	1	:	0.000000	0.000000	0.000000	0.000000	0.000000	0.000000	0.535907	0.000000	0.000000	0.000000	0.464093	0.000000	0.000000	0.000000
147	tsk_147	(x)	1	:	0.000000	0.140344	0.000000	0.000000	0.495886	0.000000	0.000000	0.000000	0.000000	0.003323	0.004275	0.000000	0.000000	0.356172
148	tsk_148	(x)	1	:	0.000000	0.000000	0.000000	0.000000	0.000000	0.465406	0.488457	0.000000	0.000000	0.000000	0.046137	0.000000	0.000000	0.000000
149	tsk_149	(x)	1	:	0.000000	0.000000	0.000000	0.000000	0.000000	0.000000	0.000000	0.000000	0.000000	0.000000	1.000000	0.000000	0.000000	0.000000
