logL = -611.031399 (converged)
AIC = 4234.062799
BIC = 8768.079552

count.K
3 46 17 11 13 2 11 30 17 

