logL = -830.582406 (converged)
AIC = 6301.164811
BIC = 13285.838694

count.K
46 11 6 19 8 2 5 19 9 6 9 3 7 

