logL = -2337.540524 (converged)
AIC = 5111.081048
BIC = 5767.399542

count.K
51 99 

