logL = -1620.749784 (converged)
AIC = 8037.499568
BIC = 15257.003004

count.K
10 13 13 16 8 41 7 4 12 10 3 12 1 

