logL = -380.085960 (converged)
AIC = 5388.171921
BIC = 12354.781991

count.K
10 9 13 9 0 3 9 6 5 45 15 1 22 3 

