logL = -713.848885 (converged)
AIC = 4807.697770
BIC = 9895.671417

count.K
7 33 16 10 4 5 33 8 0 34 

