logL = -2045.540612 (converged)
AIC = 4931.081223
BIC = 6195.548047

count.K
78 45 27 

