logL = -943.188500 (converged)
AIC = 6170.376999
BIC = 12619.157799

count.K
24 13 3 8 1 9 31 5 28 0 9 19 

