logL = -1374.556292 (converged)
AIC = 7441.112585
BIC = 14504.062984

count.K
26 15 8 22 20 8 6 10 18 6 0 8 3 

