logL = -1008.632145 (converged)
AIC = 6981.264289
BIC = 14453.661089

count.K
21 6 20 3 21 5 19 1 14 11 2 13 3 11 

