logL = -1668.709993 (converged)
AIC = 6457.419986
BIC = 11154.011045

count.K
31 28 7 56 2 2 8 8 8 

