logL = -1475.081002 (converged)
AIC = 4590.162004
BIC = 7058.882945

count.K
31 9 23 37 50 

