logL = -1265.895368 (converged)
AIC = 7467.790735
BIC = 14898.038641

count.K
38 14 2 8 44 4 5 5 4 2 3 20 1 0 

