logL = -554.534834 (converged)
AIC = 2897.069669
BIC = 5588.577622

count.K
96 2 8 30 7 7 

