logL = -898.175883 (converged)
AIC = 3668.351765
BIC = 6486.306401

count.K
32 40 20 12 19 27 

