logL = -1460.669780 (converged)
AIC = 4521.339560
BIC = 6929.847795

count.K
19 42 28 9 52 

