logL = -1822.756967 (converged)
AIC = 4485.513935
BIC = 5749.980758

count.K
58 9 83 

