logL = -1070.166618 (converged)
AIC = 6328.333237
BIC = 12632.603543

count.K
47 0 4 14 10 5 2 37 1 8 5 17 

