logL = -1253.471432 (converged)
AIC = 7996.942864
BIC = 16261.136746

count.K
2 9 6 12 19 3 2 11 22 16 23 8 6 7 4 

