0	tsk_0	(x)	1	:	0.000000	0.281822	0.446095	0.272083
1	tsk_1	(x)	1	:	0.592456	0.257846	0.000000	0.149698
2	tsk_2	(x)	1	:	1.000000	0.000000	0.000000	0.000000
3	tsk_3	(x)	1	:	1.000000	0.000000	0.000000	0.000000
4	tsk_4	(x)	1	:	0.592456	0.259410	0.000000	0.148134
5	tsk_5	(x)	1	:	0.000000	0.000384	0.000000	0.999616
6	tsk_6	(x)	1	:	0.485357	0.362136	0.000002	0.152505
7	tsk_7	(x)	1	:	0.592457	0.255529	0.000000	0.152014
8	tsk_8	(x)	1	:	0.485356	0.368587	0.000002	0.146054
9	tsk_9	(x)	1	:	0.000000	0.366865	0.446057	0.187077
10	tsk_10	(x)	1	:	0.999138	0.000000	0.000862	0.000000
11	tsk_11	(x)	1	:	0.000000	0.595687	0.404310	0.000003
12	tsk_12	(x)	1	:	0.336665	0.000003	0.070693	0.592639
13	tsk_13	(x)	1	:	0.000000	0.227848	0.446142	0.326010
14	tsk_14	(x)	1	:	0.336434	0.000004	0.070982	0.592580
15	tsk_15	(x)	1	:	0.000000	0.000137	0.000000	0.999863
16	tsk_16	(x)	1	:	0.336722	0.367444	0.112688	0.183145
17	tsk_17	(x)	1	:	0.000000	0.210391	0.620605	0.169003
18	tsk_18	(x)	1	:	0.000000	0.668822	0.000000	0.331178
19	tsk_19	(x)	1	:	1.000000	0.000000	0.000000	0.000000
20	tsk_20	(x)	1	:	0.000000	0.602173	0.000000	0.397827
21	tsk_21	(x)	1	:	0.000002	0.000000	0.999998	0.000000
22	tsk_22	(x)	1	:	0.521483	0.447027	0.000000	0.031490
23	tsk_23	(x)	1	:	0.000000	0.000000	1.000000	0.000000
24	tsk_24	(x)	1	:	0.000000	0.146953	0.620660	0.232387
25	tsk_25	(x)	1	:	0.693048	0.000000	0.306952	0.000000
26	tsk_26	(x)	1	:	0.485367	0.313363	0.000002	0.201267
27	tsk_27	(x)	1	:	0.000000	0.593119	0.406877	0.000003
28	tsk_28	(x)	1	:	0.600633	0.000000	0.399367	0.000000
29	tsk_29	(x)	1	:	0.000000	0.603889	0.000000	0.396111
30	tsk_30	(x)	1	:	0.485357	0.362147	0.000002	0.152494
31	tsk_31	(x)	1	:	0.485356	0.379845	0.000002	0.134796
32	tsk_32	(x)	1	:	0.999218	0.000000	0.000782	0.000000
33	tsk_33	(x)	1	:	0.485373	0.296154	0.000003	0.218470
34	tsk_34	(x)	1	:	0.000000	0.721117	0.000000	0.278883
35	tsk_35	(x)	1	:	0.000000	0.638984	0.000000	0.361016
36	tsk_36	(x)	1	:	0.000000	0.654865	0.000000	0.345135
37	tsk_37	(x)	1	:	0.000000	0.561442	0.000000	0.438558
38	tsk_38	(x)	1	:	0.485370	0.303475	0.000003	0.211152
39	tsk_39	(x)	1	:	0.000000	0.699568	0.000000	0.300432
40	tsk_40	(x)	1	:	0.000000	0.068906	0.495997	0.435097
41	tsk_41	(x)	1	:	0.000000	0.000000	1.000000	0.000000
42	tsk_42	(x)	1	:	0.000000	0.175031	0.620633	0.204336
43	tsk_43	(x)	1	:	0.000000	0.000000	1.000000	0.000000
44	tsk_44	(x)	1	:	1.000000	0.000000	0.000000	0.000000
45	tsk_45	(x)	1	:	0.692368	0.000000	0.307632	0.000000
46	tsk_46	(x)	1	:	0.000000	0.000143	0.000000	0.999857
47	tsk_47	(x)	1	:	0.000000	0.000000	1.000000	0.000000
48	tsk_48	(x)	1	:	0.000000	0.000000	1.000000	0.000000
49	tsk_49	(x)	1	:	0.000000	0.000000	1.000000	0.000000
50	tsk_50	(x)	1	:	0.000000	0.000000	1.000000	0.000000
51	tsk_51	(x)	1	:	0.000000	0.112191	0.543201	0.344609
52	tsk_52	(x)	1	:	0.000000	0.000000	1.000000	0.000000
53	tsk_53	(x)	1	:	0.000000	0.000000	1.000000	0.000000
54	tsk_54	(x)	1	:	0.000000	0.320758	0.446072	0.233169
55	tsk_55	(x)	1	:	0.000000	0.000000	1.000000	0.000000
56	tsk_56	(x)	1	:	0.000000	0.200426	0.543090	0.256484
57	tsk_57	(x)	1	:	0.000000	0.098503	0.543222	0.358275
58	tsk_58	(x)	1	:	0.000000	0.000000	1.000000	0.000000
59	tsk_59	(x)	1	:	0.600633	0.000000	0.399367	0.000000
60	tsk_60	(x)	1	:	0.000000	0.224783	0.620596	0.154621
61	tsk_61	(x)	1	:	0.000000	0.000000	1.000000	0.000000
62	tsk_62	(x)	1	:	0.000000	0.000000	1.000000	0.000000
63	tsk_63	(x)	1	:	0.000000	0.000122	0.000000	0.999877
64	tsk_64	(x)	1	:	0.000002	0.000000	0.999998	0.000000
65	tsk_65	(x)	1	:	0.000000	0.000140	0.000000	0.999860
66	tsk_66	(x)	1	:	0.000000	0.032640	0.496071	0.471289
67	tsk_67	(x)	1	:	0.000000	0.000000	1.000000	0.000000
68	tsk_68	(x)	1	:	0.000000	0.000000	1.000000	0.000000
69	tsk_69	(x)	1	:	0.000000	0.670522	0.000000	0.329478
70	tsk_70	(x)	1	:	0.336670	0.260402	0.112808	0.290119
71	tsk_71	(x)	1	:	0.000001	0.311441	0.446076	0.242482
72	tsk_72	(x)	1	:	0.336702	0.323121	0.112727	0.227449
73	tsk_73	(x)	1	:	0.265192	0.000000	0.734808	0.000000
74	tsk_74	(x)	1	:	0.000000	0.346371	0.495939	0.157690
75	tsk_75	(x)	1	:	0.000000	0.336148	0.446066	0.217786
76	tsk_76	(x)	1	:	0.000000	0.728188	0.000000	0.271812
77	tsk_77	(x)	1	:	0.000108	0.000000	0.999892	0.000000
78	tsk_78	(x)	1	:	0.355276	0.000000	0.644724	0.000000
79	tsk_79	(x)	1	:	0.000000	0.999946	0.000000	0.000054
80	tsk_80	(x)	1	:	0.485376	0.289585	0.000002	0.225037
81	tsk_81	(x)	1	:	0.000000	0.595687	0.404310	0.000003
82	tsk_82	(x)	1	:	0.555982	0.444018	0.000000	0.000000
83	tsk_83	(x)	1	:	0.420905	0.579095	0.000000	0.000000
84	tsk_84	(x)	1	:	0.000000	0.999948	0.000000	0.000052
85	tsk_85	(x)	1	:	0.487050	0.512950	0.000000	0.000000
86	tsk_86	(x)	1	:	0.000000	0.595686	0.404310	0.000003
87	tsk_87	(x)	1	:	0.000000	0.999951	0.000000	0.000049
88	tsk_88	(x)	1	:	1.000000	0.000000	0.000000	0.000000
89	tsk_89	(x)	1	:	0.816259	0.000000	0.183741	0.000000
90	tsk_90	(x)	1	:	0.000000	0.638134	0.000000	0.361866
91	tsk_91	(x)	1	:	0.485445	0.191330	0.000002	0.323222
92	tsk_92	(x)	1	:	0.485360	0.340492	0.000001	0.174146
93	tsk_93	(x)	1	:	0.485357	0.369621	0.000001	0.145020
94	tsk_94	(x)	1	:	0.452131	0.000002	0.000000	0.547867
95	tsk_95	(x)	1	:	0.000000	0.688017	0.000000	0.311983
96	tsk_96	(x)	1	:	0.000000	0.728765	0.000000	0.271235
97	tsk_97	(x)	1	:	0.000000	0.627063	0.000000	0.372937
98	tsk_98	(x)	1	:	0.000000	0.640728	0.000000	0.359272
99	tsk_99	(x)	1	:	0.485399	0.249703	0.000002	0.264897
100	tsk_100	(x)	1	:	0.000001	0.307674	0.446078	0.246247
101	tsk_101	(x)	1	:	0.355276	0.000000	0.644724	0.000000
102	tsk_102	(x)	1	:	0.600633	0.000000	0.399367	0.000000
103	tsk_103	(x)	1	:	0.000000	0.687733	0.000000	0.312267
104	tsk_104	(x)	1	:	0.000002	0.000000	0.999998	0.000000
105	tsk_105	(x)	1	:	0.000000	0.304166	0.446081	0.249754
106	tsk_106	(x)	1	:	0.000002	0.000000	0.999998	0.000000
107	tsk_107	(x)	1	:	0.000002	0.000000	0.999998	0.000000
108	tsk_108	(x)	1	:	0.000000	0.603620	0.000000	0.396380
109	tsk_109	(x)	1	:	0.816259	0.000000	0.183741	0.000000
110	tsk_110	(x)	1	:	0.000000	0.300785	0.446082	0.253132
111	tsk_111	(x)	1	:	0.999999	0.000000	0.000001	0.000000
112	tsk_112	(x)	1	:	0.000002	0.000000	0.999998	0.000000
113	tsk_113	(x)	1	:	0.000002	0.000000	0.999998	0.000000
114	tsk_114	(x)	1	:	0.695238	0.000000	0.304762	0.000000
115	tsk_115	(x)	1	:	0.816259	0.000000	0.183741	0.000000
116	tsk_116	(x)	1	:	0.999999	0.000000	0.000001	0.000000
117	tsk_117	(x)	1	:	1.000000	0.000000	0.000000	0.000000
118	tsk_118	(x)	1	:	0.000002	0.000000	0.999998	0.000000
119	tsk_119	(x)	1	:	0.816259	0.000000	0.183741	0.000000
120	tsk_120	(x)	1	:	0.590289	0.241880	0.000000	0.167831
121	tsk_121	(x)	1	:	0.592481	0.207867	0.000000	0.199651
122	tsk_122	(x)	1	:	0.000000	0.668672	0.000000	0.331328
123	tsk_123	(x)	1	:	0.336702	0.366312	0.112714	0.184272
124	tsk_124	(x)	1	:	0.590269	0.326403	0.000000	0.083328
125	tsk_125	(x)	1	:	1.000000	0.000000	0.000000	0.000000
126	tsk_126	(x)	1	:	0.590292	0.235625	0.000000	0.174083
127	tsk_127	(x)	1	:	0.336206	0.593042	0.070749	0.000003
128	tsk_128	(x)	1	:	0.812461	0.000000	0.187539	0.000000
129	tsk_129	(x)	1	:	0.590271	0.304216	0.000000	0.105513
130	tsk_130	(x)	1	:	0.000000	0.243824	0.446126	0.310050
131	tsk_131	(x)	1	:	0.000002	0.000000	0.999998	0.000000
132	tsk_132	(x)	1	:	0.000000	0.418378	0.446056	0.135565
133	tsk_133	(x)	1	:	0.000002	0.000000	0.999998	0.000000
134	tsk_134	(x)	1	:	0.452131	0.000002	0.000001	0.547867
135	tsk_135	(x)	1	:	0.000000	0.290775	0.446089	0.263136
136	tsk_136	(x)	1	:	0.000002	0.000000	0.999998	0.000000
137	tsk_137	(x)	1	:	0.000002	0.000000	0.999998	0.000000
138	tsk_138	(x)	1	:	0.355276	0.000000	0.644724	0.000000
139	tsk_139	(x)	1	:	0.355276	0.000000	0.644724	0.000000
140	tsk_140	(x)	1	:	0.485365	0.319573	0.000002	0.195060
141	tsk_141	(x)	1	:	0.000000	0.137076	0.620671	0.242253
142	tsk_142	(x)	1	:	0.592446	0.299518	0.000000	0.108037
143	tsk_143	(x)	1	:	0.000000	0.341288	0.446064	0.212648
144	tsk_144	(x)	1	:	0.000000	0.636965	0.000000	0.363035
145	tsk_145	(x)	1	:	0.000001	0.299060	0.446083	0.254856
146	tsk_146	(x)	1	:	0.000000	0.625175	0.000000	0.374825
147	tsk_147	(x)	1	:	0.000000	0.140706	0.543159	0.316135
148	tsk_148	(x)	1	:	0.000000	0.670034	0.000000	0.329966
149	tsk_149	(x)	1	:	0.000000	0.641529	0.000000	0.358471
