logL = -1583.204348 (converged)
AIC = 8074.408697
BIC = 15462.507708

count.K
13 43 1 35 18 0 5 7 1 2 1 17 4 3 

