logL = -450.932284 (converged)
AIC = 2291.864569
BIC = 4384.256098

count.K
3 62 25 43 17 

