logL = -2548.996217 (converged)
AIC = 11187.992434
BIC = 20355.376905

count.K
16 1 5 10 22 2 23 2 1 3 0 17 7 11 30 

