0	tsk_0	(x)	1	:	0.000000	0.000000	0.000000	0.000000	0.495228	0.004996	0.000000	0.000000	0.000000	0.497097	0.000000	0.000000	0.002678	0.000000
1	tsk_1	(x)	1	:	0.000000	0.000000	0.000000	0.000000	0.495585	0.321682	0.000000	0.000000	0.000000	0.000000	0.000000	0.000000	0.182732	0.000000
2	tsk_2	(x)	1	:	0.000000	0.000000	0.000000	0.000000	0.523590	0.000107	0.000000	0.000000	0.000000	0.476302	0.000000	0.000000	0.000000	0.000000
3	tsk_3	(x)	1	:	0.488086	0.000000	0.000000	0.000000	0.000000	0.012033	0.000000	0.000000	0.000000	0.499880	0.000000	0.000000	0.000000	0.000000
4	tsk_4	(x)	1	:	0.000000	0.000000	0.491485	0.000000	0.000000	0.001972	0.000000	0.000000	0.000000	0.497725	0.000000	0.000000	0.008818	0.000000
5	tsk_5	(x)	1	:	0.000000	0.000000	0.000000	0.000000	0.495586	0.279422	0.000000	0.000000	0.000000	0.000000	0.000000	0.000000	0.224992	0.000000
6	tsk_6	(x)	1	:	0.000000	0.000000	0.500342	0.000000	0.499658	0.000000	0.000000	0.000000	0.000000	0.000000	0.000000	0.000000	0.000000	0.000000
7	tsk_7	(x)	1	:	0.000000	0.000000	0.491527	0.000000	0.000000	0.002592	0.000000	0.000000	0.000000	0.497897	0.000000	0.000000	0.007984	0.000000
8	tsk_8	(x)	1	:	0.000000	0.000000	0.000000	0.000000	0.000000	0.000000	0.000000	0.000000	0.000000	1.000000	0.000000	0.000000	0.000000	0.000000
9	tsk_9	(x)	1	:	0.000000	0.000000	0.000000	0.000000	0.495371	0.002606	0.000000	0.000000	0.000000	0.498259	0.000000	0.000000	0.003764	0.000000
10	tsk_10	(x)	1	:	1.000000	0.000000	0.000000	0.000000	0.000000	0.000000	0.000000	0.000000	0.000000	0.000000	0.000000	0.000000	0.000000	0.000000
11	tsk_11	(x)	1	:	0.485858	0.497650	0.000000	0.000000	0.000000	0.016492	0.000000	0.000000	0.000000	0.000000	0.000000	0.000000	0.000000	0.000000
12	tsk_12	(x)	1	:	0.000000	0.000000	0.000000	0.000000	0.000000	0.000000	0.000000	0.000000	0.000000	0.000000	0.000000	0.000000	1.000000	0.000000
13	tsk_13	(x)	1	:	0.000000	0.000000	0.000000	0.000000	0.000000	0.655000	0.000000	0.000000	0.000000	0.000000	0.000000	0.000000	0.344999	0.000000
14	tsk_14	(x)	1	:	0.485666	0.497459	0.000000	0.000000	0.000000	0.016875	0.000000	0.000000	0.000000	0.000000	0.000000	0.000000	0.000000	0.000000
15	tsk_15	(x)	1	:	0.488133	0.000000	0.000000	0.000000	0.000000	0.498047	0.000000	0.000000	0.000000	0.000000	0.000000	0.000000	0.013820	0.000000
16	tsk_16	(x)	1	:	0.000000	0.000000	0.000000	0.000000	0.000000	0.261927	0.000000	0.000000	0.000000	0.000000	0.000000	0.458967	0.279105	0.000000
17	tsk_17	(x)	1	:	0.486652	0.498445	0.000000	0.000000	0.000000	0.014903	0.000000	0.000000	0.000000	0.000000	0.000000	0.000000	0.000000	0.000000
18	tsk_18	(x)	1	:	1.000000	0.000000	0.000000	0.000000	0.000000	0.000000	0.000000	0.000000	0.000000	0.000000	0.000000	0.000000	0.000000	0.000000
19	tsk_19	(x)	1	:	0.488133	0.000000	0.000000	0.000000	0.000000	0.511867	0.000000	0.000000	0.000000	0.000000	0.000000	0.000000	0.000000	0.000000
20	tsk_20	(x)	1	:	0.000000	0.000000	1.000000	0.000000	0.000000	0.000000	0.000000	0.000000	0.000000	0.000000	0.000000	0.000000	0.000000	0.000000
21	tsk_21	(x)	1	:	0.000000	0.000000	1.000000	0.000000	0.000000	0.000000	0.000000	0.000000	0.000000	0.000000	0.000000	0.000000	0.000000	0.000000
22	tsk_22	(x)	1	:	0.504185	0.000000	0.495815	0.000000	0.000000	0.000000	0.000000	0.000000	0.000000	0.000000	0.000000	0.000000	0.000000	0.000000
23	tsk_23	(x)	1	:	0.486948	0.000000	0.491691	0.000000	0.000000	0.021361	0.000000	0.000000	0.000000	0.000000	0.000000	0.000000	0.000000	0.000000
24	tsk_24	(x)	1	:	0.000000	0.000000	1.000000	0.000000	0.000000	0.000000	0.000000	0.000000	0.000000	0.000000	0.000000	0.000000	0.000000	0.000000
25	tsk_25	(x)	1	:	0.000000	0.000000	0.491957	0.000000	0.000000	0.209271	0.000000	0.000000	0.000000	0.000000	0.000000	0.000000	0.298772	0.000000
26	tsk_26	(x)	1	:	0.000000	0.000000	1.000000	0.000000	0.000000	0.000000	0.000000	0.000000	0.000000	0.000000	0.000000	0.000000	0.000000	0.000000
27	tsk_27	(x)	1	:	0.504305	0.000000	0.495694	0.000000	0.000000	0.000000	0.000000	0.000000	0.000000	0.000000	0.000000	0.000000	0.000000	0.000000
28	tsk_28	(x)	1	:	0.000000	0.500501	0.492170	0.000000	0.000000	0.004241	0.000000	0.000000	0.000000	0.000000	0.000000	0.000000	0.003087	0.000000
29	tsk_29	(x)	1	:	0.000000	0.000000	1.000000	0.000000	0.000000	0.000000	0.000000	0.000000	0.000000	0.000000	0.000000	0.000000	0.000000	0.000000
30	tsk_30	(x)	1	:	0.000000	0.000000	1.000000	0.000000	0.000000	0.000000	0.000000	0.000000	0.000000	0.000000	0.000000	0.000000	0.000000	0.000000
31	tsk_31	(x)	1	:	0.000000	0.000000	0.000000	0.000000	0.495585	0.122356	0.000000	0.000000	0.000000	0.000000	0.000000	0.000000	0.382060	0.000000
32	tsk_32	(x)	1	:	0.000000	0.000000	0.549097	0.000000	0.000000	0.273954	0.000000	0.000000	0.000000	0.000000	0.000000	0.000000	0.176949	0.000000
33	tsk_33	(x)	1	:	0.000000	0.000000	0.000000	0.000000	0.495585	0.396949	0.000000	0.000000	0.000000	0.000000	0.000000	0.000000	0.107466	0.000000
34	tsk_34	(x)	1	:	0.000000	0.000000	0.491842	0.000000	0.000000	0.135550	0.000000	0.000000	0.000000	0.000000	0.000000	0.000000	0.372608	0.000000
35	tsk_35	(x)	1	:	0.000000	0.000000	0.491915	0.000000	0.000000	0.180074	0.000000	0.000000	0.000000	0.000000	0.000000	0.000000	0.328011	0.000000
36	tsk_36	(x)	1	:	0.000000	0.000000	0.500342	0.000000	0.499658	0.000000	0.000000	0.000000	0.000000	0.000000	0.000000	0.000000	0.000000	0.000000
37	tsk_37	(x)	1	:	0.001180	0.000000	0.494930	0.000000	0.000000	0.011496	0.490025	0.000000	0.000000	0.000000	0.000000	0.000000	0.002370	0.000000
38	tsk_38	(x)	1	:	0.000000	0.000000	0.000000	0.495448	0.504552	0.000000	0.000000	0.000000	0.000000	0.000000	0.000000	0.000000	0.000000	0.000000
39	tsk_39	(x)	1	:	0.488133	0.000000	0.000000	0.000000	0.000000	0.476506	0.000000	0.000000	0.000000	0.000000	0.000000	0.000000	0.035361	0.000000
40	tsk_40	(x)	1	:	0.000000	0.000000	0.000000	0.608814	0.000000	0.000000	0.000000	0.000000	0.000000	0.000000	0.000000	0.391186	0.000000	0.000000
41	tsk_41	(x)	1	:	0.000000	0.000000	0.000000	0.000000	0.000000	0.799312	0.000000	0.000000	0.000000	0.000000	0.000000	0.000000	0.200688	0.000000
42	tsk_42	(x)	1	:	0.000000	0.000000	0.000000	0.000000	0.000000	0.000000	0.000000	0.000000	1.000000	0.000000	0.000000	0.000000	0.000000	0.000000
43	tsk_43	(x)	1	:	0.000000	0.000000	0.000000	0.000000	0.000000	0.007228	0.000000	0.000000	0.414474	0.000000	0.000000	0.459097	0.119201	0.000000
44	tsk_44	(x)	1	:	0.000000	0.000000	0.000000	0.000000	0.000000	0.000000	0.000000	0.000000	1.000000	0.000000	0.000000	0.000000	0.000000	0.000000
45	tsk_45	(x)	1	:	0.000000	0.000000	0.494052	0.000000	0.000000	0.036249	0.000000	0.000000	0.421932	0.000000	0.000000	0.000000	0.047767	0.000000
46	tsk_46	(x)	1	:	0.000000	0.500635	0.000000	0.000000	0.000000	0.004608	0.000000	0.000000	0.000000	0.000000	0.000000	0.459122	0.035635	0.000000
47	tsk_47	(x)	1	:	0.000000	0.000000	0.000000	0.000000	0.000000	0.398109	0.000000	0.000000	0.413943	0.000000	0.000000	0.000000	0.187947	0.000000
48	tsk_48	(x)	1	:	0.000000	0.000000	0.000000	0.608814	0.000000	0.000000	0.000000	0.000000	0.000000	0.000000	0.000000	0.391186	0.000000	0.000000
49	tsk_49	(x)	1	:	0.487990	0.000000	0.000000	0.000000	0.000000	0.000000	0.000000	0.512010	0.000000	0.000000	0.000000	0.000000	0.000000	0.000000
50	tsk_50	(x)	1	:	0.505205	0.000000	0.000000	0.466676	0.000000	0.015590	0.000000	0.000000	0.000000	0.000000	0.000000	0.000000	0.012529	0.000000
51	tsk_51	(x)	1	:	0.000000	0.000000	0.000000	1.000000	0.000000	0.000000	0.000000	0.000000	0.000000	0.000000	0.000000	0.000000	0.000000	0.000000
52	tsk_52	(x)	1	:	0.466669	0.000000	0.000000	0.533331	0.000000	0.000000	0.000000	0.000000	0.000000	0.000000	0.000000	0.000000	0.000000	0.000000
53	tsk_53	(x)	1	:	1.000000	0.000000	0.000000	0.000000	0.000000	0.000000	0.000000	0.000000	0.000000	0.000000	0.000000	0.000000	0.000000	0.000000
54	tsk_54	(x)	1	:	0.000000	0.000000	0.000000	1.000000	0.000000	0.000000	0.000000	0.000000	0.000000	0.000000	0.000000	0.000000	0.000000	0.000000
55	tsk_55	(x)	1	:	0.000000	0.000000	0.000000	1.000000	0.000000	0.000000	0.000000	0.000000	0.000000	0.000000	0.000000	0.000000	0.000000	0.000000
56	tsk_56	(x)	1	:	0.000000	0.000000	0.000000	1.000000	0.000000	0.000000	0.000000	0.000000	0.000000	0.000000	0.000000	0.000000	0.000000	0.000000
57	tsk_57	(x)	1	:	0.000000	0.000000	0.000000	1.000000	0.000000	0.000000	0.000000	0.000000	0.000000	0.000000	0.000000	0.000000	0.000000	0.000000
58	tsk_58	(x)	1	:	1.000000	0.000000	0.000000	0.000000	0.000000	0.000000	0.000000	0.000000	0.000000	0.000000	0.000000	0.000000	0.000000	0.000000
59	tsk_59	(x)	1	:	0.488133	0.000000	0.000000	0.000000	0.000000	0.448540	0.000000	0.000000	0.000000	0.000000	0.000000	0.000000	0.063326	0.000000
60	tsk_60	(x)	1	:	0.000000	0.000000	0.000000	0.000000	0.000000	0.820722	0.000000	0.000000	0.000000	0.000000	0.000000	0.000000	0.179278	0.000000
61	tsk_61	(x)	1	:	0.000000	0.500000	0.000000	0.000000	0.000000	0.383933	0.000000	0.000000	0.000000	0.000000	0.000000	0.000000	0.116067	0.000000
62	tsk_62	(x)	1	:	0.000000	0.000000	0.000000	0.000000	0.000000	0.870565	0.000000	0.000000	0.000000	0.000000	0.000000	0.000000	0.129435	0.000000
63	tsk_63	(x)	1	:	0.000000	0.000000	0.000000	0.000000	0.000000	0.650389	0.000000	0.000000	0.000000	0.000000	0.000000	0.000000	0.349610	0.000000
64	tsk_64	(x)	1	:	0.000000	0.000000	0.000000	0.000000	0.000000	0.751574	0.000000	0.000000	0.000000	0.000000	0.000000	0.000000	0.248426	0.000000
65	tsk_65	(x)	1	:	0.000000	0.000000	0.000000	0.000000	0.000000	0.796724	0.000000	0.000000	0.000000	0.000000	0.000000	0.000000	0.203276	0.000000
66	tsk_66	(x)	1	:	0.000000	0.000000	0.000000	0.000000	0.000000	0.808609	0.000000	0.000000	0.000000	0.000000	0.000000	0.000000	0.191390	0.000000
67	tsk_67	(x)	1	:	0.000000	0.000000	0.000000	0.000000	0.000000	0.183615	0.000000	0.000000	0.000000	0.000000	0.000000	0.458864	0.357521	0.000000
68	tsk_68	(x)	1	:	0.000000	0.000000	0.000000	0.000000	0.000000	0.757975	0.000000	0.000000	0.000000	0.000000	0.000000	0.000000	0.242025	0.000000
69	tsk_69	(x)	1	:	0.000000	0.000000	0.000000	0.000000	0.000000	0.232915	0.000000	0.000000	0.000000	0.000000	0.000000	0.458903	0.308182	0.000000
70	tsk_70	(x)	1	:	0.000000	0.000000	0.000000	0.000000	0.000000	0.324509	0.000000	0.000000	0.000000	0.500000	0.000000	0.000000	0.175491	0.000000
71	tsk_71	(x)	1	:	0.624416	0.000000	0.000000	0.000000	0.000000	0.000000	0.000000	0.000000	0.000000	0.000000	0.375584	0.000000	0.000000	0.000000
72	tsk_72	(x)	1	:	1.000000	0.000000	0.000000	0.000000	0.000000	0.000000	0.000000	0.000000	0.000000	0.000000	0.000000	0.000000	0.000000	0.000000
73	tsk_73	(x)	1	:	0.000000	0.000000	0.000000	0.000000	0.000000	0.469496	0.000000	0.000000	0.000000	0.000000	0.514335	0.000000	0.016169	0.000000
74	tsk_74	(x)	1	:	0.485621	0.000000	0.000000	0.000000	0.000000	0.016966	0.000000	0.000000	0.000000	0.497413	0.000000	0.000000	0.000000	0.000000
75	tsk_75	(x)	1	:	1.000000	0.000000	0.000000	0.000000	0.000000	0.000000	0.000000	0.000000	0.000000	0.000000	0.000000	0.000000	0.000000	0.000000
76	tsk_76	(x)	1	:	0.000000	0.000000	0.000000	0.000000	0.000000	0.405335	0.000000	0.000000	0.000000	0.000000	0.514334	0.000000	0.080331	0.000000
77	tsk_77	(x)	1	:	0.487986	0.000000	0.000000	0.000000	0.000000	0.000000	0.000000	0.512014	0.000000	0.000000	0.000000	0.000000	0.000000	0.000000
78	tsk_78	(x)	1	:	0.000000	0.000000	0.000000	0.000000	0.000000	0.411788	0.000000	0.000000	0.000000	0.500000	0.000000	0.000000	0.088212	0.000000
79	tsk_79	(x)	1	:	0.488133	0.000000	0.000000	0.000000	0.000000	0.511867	0.000000	0.000000	0.000000	0.000000	0.000000	0.000000	0.000000	0.000000
80	tsk_80	(x)	1	:	0.000000	0.000000	0.000000	0.000000	0.000000	0.333813	0.000000	0.000000	0.000000	0.500000	0.000000	0.000000	0.166187	0.000000
81	tsk_81	(x)	1	:	0.000000	1.000000	0.000000	0.000000	0.000000	0.000000	0.000000	0.000000	0.000000	0.000000	0.000000	0.000000	0.000000	0.000000
82	tsk_82	(x)	1	:	0.000000	0.000000	0.000000	0.000000	0.000000	0.000000	0.000000	0.000000	0.000000	1.000000	0.000000	0.000000	0.000000	0.000000
83	tsk_83	(x)	1	:	0.000000	0.500091	0.000000	0.000000	0.495598	0.002284	0.000000	0.000000	0.000000	0.000000	0.000000	0.000000	0.002026	0.000000
84	tsk_84	(x)	1	:	0.000000	0.002140	0.000000	0.000000	0.000000	0.000000	0.000000	0.000000	0.000000	0.498385	0.000000	0.000000	0.000000	0.499475
85	tsk_85	(x)	1	:	0.000000	0.000000	0.491307	0.000000	0.000000	0.004833	0.000000	0.000000	0.000000	0.496997	0.000000	0.000000	0.006863	0.000000
86	tsk_86	(x)	1	:	0.001992	0.000000	0.000000	0.000000	0.000000	0.008862	0.485004	0.000000	0.000000	0.502753	0.000000	0.000000	0.001389	0.000000
87	tsk_87	(x)	1	:	0.000000	0.500000	0.000000	0.000000	0.000000	0.364413	0.000000	0.000000	0.000000	0.000000	0.000000	0.000000	0.135587	0.000000
88	tsk_88	(x)	1	:	0.000000	0.000000	0.000000	0.000000	0.000000	0.118730	0.000000	0.000000	0.000000	0.500000	0.000000	0.000000	0.381270	0.000000
89	tsk_89	(x)	1	:	0.000000	0.000000	0.491964	0.000000	0.000000	0.293320	0.000000	0.000000	0.000000	0.000000	0.000000	0.000000	0.214716	0.000000
90	tsk_90	(x)	1	:	0.000000	0.500000	0.000000	0.000000	0.000000	0.339842	0.000000	0.000000	0.000000	0.000000	0.000000	0.000000	0.160158	0.000000
91	tsk_91	(x)	1	:	0.000000	0.000000	0.000000	0.000000	0.000000	0.770319	0.000000	0.000000	0.000000	0.000000	0.000000	0.000000	0.229681	0.000000
92	tsk_92	(x)	1	:	0.488133	0.000000	0.000000	0.000000	0.000000	0.460828	0.000000	0.000000	0.000000	0.000000	0.000000	0.000000	0.051039	0.000000
93	tsk_93	(x)	1	:	0.000000	0.000000	0.000000	0.000000	0.000000	0.683861	0.038061	0.000000	0.000000	0.000000	0.227497	0.000000	0.050581	0.000000
94	tsk_94	(x)	1	:	0.000000	1.000000	0.000000	0.000000	0.000000	0.000000	0.000000	0.000000	0.000000	0.000000	0.000000	0.000000	0.000000	0.000000
95	tsk_95	(x)	1	:	0.488133	0.000000	0.000000	0.000000	0.000000	0.509205	0.000000	0.000000	0.000000	0.000000	0.000000	0.000000	0.002662	0.000000
96	tsk_96	(x)	1	:	0.000000	0.000000	0.000000	0.000000	0.000000	0.663261	0.000000	0.000000	0.000000	0.000000	0.000000	0.000000	0.336739	0.000000
97	tsk_97	(x)	1	:	0.000000	0.500000	0.000000	0.000000	0.000000	0.365213	0.000000	0.000000	0.000000	0.000000	0.000000	0.000000	0.134787	0.000000
98	tsk_98	(x)	1	:	0.000000	0.000000	0.000000	0.000000	0.000000	0.787004	0.000000	0.000000	0.000000	0.000000	0.000000	0.000000	0.212995	0.000000
99	tsk_99	(x)	1	:	0.000000	0.500247	0.000000	0.462990	0.000000	0.005202	0.000000	0.000000	0.000000	0.000000	0.000000	0.000000	0.031560	0.000000
100	tsk_100	(x)	1	:	0.488133	0.000000	0.000000	0.000000	0.000000	0.504401	0.000000	0.000000	0.000000	0.000000	0.000000	0.000000	0.007466	0.000000
101	tsk_101	(x)	1	:	0.488133	0.000000	0.000000	0.000000	0.000000	0.445734	0.000000	0.000000	0.000000	0.000000	0.000000	0.000000	0.066133	0.000000
102	tsk_102	(x)	1	:	0.000000	0.000000	0.000000	0.515143	0.000000	0.000000	0.000000	0.000000	0.000000	0.000000	0.000000	0.484857	0.000000	0.000000
103	tsk_103	(x)	1	:	0.504672	0.000000	0.495328	0.000000	0.000000	0.000000	0.000000	0.000000	0.000000	0.000000	0.000000	0.000000	0.000000	0.000000
104	tsk_104	(x)	1	:	0.000000	0.000000	0.468587	0.531413	0.000000	0.000000	0.000000	0.000000	0.000000	0.000000	0.000000	0.000000	0.000000	0.000000
105	tsk_105	(x)	1	:	1.000000	0.000000	0.000000	0.000000	0.000000	0.000000	0.000000	0.000000	0.000000	0.000000	0.000000	0.000000	0.000000	0.000000
106	tsk_106	(x)	1	:	1.000000	0.000000	0.000000	0.000000	0.000000	0.000000	0.000000	0.000000	0.000000	0.000000	0.000000	0.000000	0.000000	0.000000
107	tsk_107	(x)	1	:	0.000000	0.000000	0.000000	0.000000	0.000000	0.822128	0.000000	0.000000	0.000000	0.000000	0.000000	0.000000	0.177872	0.000000
108	tsk_108	(x)	1	:	0.528110	0.000000	0.000000	0.471890	0.000000	0.000000	0.000000	0.000000	0.000000	0.000000	0.000000	0.000000	0.000000	0.000000
109	tsk_109	(x)	1	:	0.466744	0.000000	0.000000	0.533256	0.000000	0.000000	0.000000	0.000000	0.000000	0.000000	0.000000	0.000000	0.000000	0.000000
110	tsk_110	(x)	1	:	0.003130	0.000000	0.000000	0.000000	0.000000	0.032442	0.483981	0.000000	0.000000	0.000000	0.000000	0.459243	0.021204	0.000000
111	tsk_111	(x)	1	:	0.000000	0.000000	0.000000	0.000000	0.000000	0.122664	0.000000	0.000000	0.311136	0.504436	0.000000	0.000000	0.061764	0.000000
112	tsk_112	(x)	1	:	0.414188	0.000000	0.000000	0.000000	0.000000	0.000000	0.585812	0.000000	0.000000	0.000000	0.000000	0.000000	0.000000	0.000000
113	tsk_113	(x)	1	:	0.000000	0.000000	0.000000	0.000000	0.000000	0.000000	0.000000	0.000000	0.000000	1.000000	0.000000	0.000000	0.000000	0.000000
114	tsk_114	(x)	1	:	0.472257	0.000000	0.000000	0.191400	0.000000	0.000000	0.000000	0.000000	0.000000	0.000000	0.000000	0.336343	0.000000	0.000000
115	tsk_115	(x)	1	:	0.000000	0.000000	0.000000	0.000000	0.000000	0.000000	0.000000	0.000000	0.000000	1.000000	0.000000	0.000000	0.000000	0.000000
116	tsk_116	(x)	1	:	0.002267	0.000000	0.000000	0.000000	0.000000	0.009336	0.484844	0.000000	0.000000	0.502709	0.000000	0.000000	0.000843	0.000000
117	tsk_117	(x)	1	:	0.000000	0.000000	0.000000	0.000000	0.000000	0.000000	0.000000	0.000000	0.000000	1.000000	0.000000	0.000000	0.000000	0.000000
118	tsk_118	(x)	1	:	0.000000	0.000000	0.000000	0.000000	0.495592	0.109255	0.000000	0.000000	0.309020	0.000000	0.000000	0.000000	0.086133	0.000000
119	tsk_119	(x)	1	:	0.002550	0.000000	0.000000	0.000000	0.000000	0.008586	0.484864	0.000000	0.000000	0.503031	0.000000	0.000000	0.000968	0.000000
120	tsk_120	(x)	1	:	0.488133	0.000000	0.000000	0.000000	0.000000	0.511867	0.000000	0.000000	0.000000	0.000000	0.000000	0.000000	0.000000	0.000000
121	tsk_121	(x)	1	:	0.000000	0.000000	0.000000	0.000000	0.000000	0.201910	0.000000	0.000000	0.000000	0.000000	0.000000	0.458863	0.339228	0.000000
122	tsk_122	(x)	1	:	0.000000	0.000000	0.000000	0.000000	0.495586	0.469081	0.000000	0.000000	0.000000	0.000000	0.000000	0.000000	0.035333	0.000000
123	tsk_123	(x)	1	:	0.000000	0.000000	0.000000	0.000000	0.000000	0.636045	0.000000	0.000000	0.000000	0.000000	0.000000	0.000000	0.363955	0.000000
124	tsk_124	(x)	1	:	0.488133	0.000000	0.000000	0.000000	0.000000	0.508900	0.000000	0.000000	0.000000	0.000000	0.000000	0.000000	0.002967	0.000000
125	tsk_125	(x)	1	:	0.505412	0.000000	0.000000	0.000000	0.000000	0.032367	0.000000	0.000000	0.000000	0.000000	0.000000	0.462221	0.000000	0.000000
126	tsk_126	(x)	1	:	0.000000	0.000000	0.000000	0.462896	0.000000	0.018577	0.000000	0.000000	0.000000	0.000000	0.000000	0.000000	0.518527	0.000000
127	tsk_127	(x)	1	:	0.000000	0.000000	0.000000	1.000000	0.000000	0.000000	0.000000	0.000000	0.000000	0.000000	0.000000	0.000000	0.000000	0.000000
128	tsk_128	(x)	1	:	0.000000	0.000000	0.000000	0.462877	0.000000	0.080506	0.000000	0.000000	0.000000	0.000000	0.000000	0.000000	0.456617	0.000000
129	tsk_129	(x)	1	:	0.000000	0.499893	0.000000	0.462908	0.000000	0.005685	0.000000	0.000000	0.000000	0.000000	0.000000	0.000000	0.031514	0.000000
130	tsk_130	(x)	1	:	0.000000	0.000000	0.000000	0.417644	0.000000	0.000000	0.000000	0.000000	0.000000	0.000000	0.000000	0.582356	0.000000	0.000000
131	tsk_131	(x)	1	:	0.000000	0.000000	0.000000	0.000000	0.495586	0.285086	0.000000	0.000000	0.000000	0.000000	0.000000	0.000000	0.219328	0.000000
132	tsk_132	(x)	1	:	0.000000	0.000000	0.532367	0.000000	0.000000	0.000000	0.000000	0.000000	0.000000	0.000000	0.467633	0.000000	0.000000	0.000000
133	tsk_133	(x)	1	:	0.456118	0.000000	0.543882	0.000000	0.000000	0.000000	0.000000	0.000000	0.000000	0.000000	0.000000	0.000000	0.000000	0.000000
134	tsk_134	(x)	1	:	0.000000	0.000000	0.468587	0.531413	0.000000	0.000000	0.000000	0.000000	0.000000	0.000000	0.000000	0.000000	0.000000	0.000000
135	tsk_135	(x)	1	:	0.000000	0.000000	0.000000	0.223488	0.000000	0.069302	0.000000	0.000000	0.000000	0.000000	0.000000	0.362965	0.344245	0.000000
136	tsk_136	(x)	1	:	0.001156	0.000000	0.495078	0.000000	0.000000	0.010940	0.490335	0.000000	0.000000	0.000000	0.000000	0.000000	0.002490	0.000000
137	tsk_137	(x)	1	:	0.000000	0.000000	0.000000	0.223519	0.000000	0.026749	0.000000	0.000000	0.000000	0.000000	0.000000	0.362959	0.386773	0.000000
138	tsk_138	(x)	1	:	0.488133	0.000000	0.000000	0.000000	0.000000	0.202963	0.000000	0.000000	0.308903	0.000000	0.000000	0.000000	0.000000	0.000000
139	tsk_139	(x)	1	:	0.000000	0.000000	0.474213	0.190372	0.000000	0.000000	0.000000	0.000000	0.000000	0.000000	0.000000	0.335415	0.000000	0.000000
140	tsk_140	(x)	1	:	0.000000	0.000000	1.000000	0.000000	0.000000	0.000000	0.000000	0.000000	0.000000	0.000000	0.000000	0.000000	0.000000	0.000000
141	tsk_141	(x)	1	:	0.000000	0.000000	0.495133	0.000000	0.000000	0.000000	0.000000	0.000000	0.000000	0.000000	0.000000	0.000000	0.000000	0.504866
142	tsk_142	(x)	1	:	0.000025	0.000000	0.489981	0.000000	0.000000	0.000448	0.000000	0.000000	0.000000	0.000000	0.509541	0.000000	0.000005	0.000000
143	tsk_143	(x)	1	:	0.000000	0.000000	0.000000	0.000000	0.000000	0.166701	0.000000	0.000000	0.000000	0.000000	0.000000	0.458946	0.374352	0.000000
144	tsk_144	(x)	1	:	0.000000	0.000000	0.000000	0.000000	0.000000	0.000000	0.000000	0.000000	0.000000	0.000000	0.504473	0.000000	0.000000	0.495527
145	tsk_145	(x)	1	:	0.453312	0.000000	0.000000	0.000000	0.000000	0.000000	0.000000	0.000000	0.000000	0.000000	0.546688	0.000000	0.000000	0.000000
146	tsk_146	(x)	1	:	0.000085	0.000000	0.000000	0.000000	0.000000	0.003297	0.000000	0.000000	0.000000	0.000000	0.528700	0.464288	0.003628	0.000000
147	tsk_147	(x)	1	:	0.000000	0.000000	0.000000	0.000000	0.000000	0.163427	0.000000	0.000000	0.000000	0.000000	0.000000	0.458975	0.377598	0.000000
148	tsk_148	(x)	1	:	0.000014	0.000000	0.489931	0.000000	0.000000	0.000498	0.000000	0.000000	0.000000	0.000000	0.509436	0.000000	0.000120	0.000000
149	tsk_149	(x)	1	:	0.000045	0.000000	0.490011	0.000000	0.000000	0.000270	0.000000	0.000000	0.000000	0.000000	0.509597	0.000000	0.000077	0.000000
