logL = -1352.572111 (converged)
AIC = 4733.144222
BIC = 7785.928410

count.K
6 19 5 61 24 35 

