logL = -1338.299846 (converged)
AIC = 7640.599692
BIC = 15112.996492

count.K
3 5 17 2 9 2 2 63 3 7 0 15 5 17 

