0	tsk_0	(x)	1	:	0.000000	0.000000	0.542668	0.457319	0.000000	0.000013	0.000000
1	tsk_1	(x)	1	:	0.000000	0.000000	0.000000	0.000000	1.000000	0.000000	0.000000
2	tsk_2	(x)	1	:	0.000000	0.000000	0.000000	1.000000	0.000000	0.000000	0.000000
3	tsk_3	(x)	1	:	0.000000	0.000003	0.000000	0.521278	0.478564	0.000155	0.000000
4	tsk_4	(x)	1	:	0.000000	0.000000	0.000000	0.463500	0.000000	0.000022	0.536478
5	tsk_5	(x)	1	:	1.000000	0.000000	0.000000	0.000000	0.000000	0.000000	0.000000
6	tsk_6	(x)	1	:	0.000000	0.000000	0.000000	0.633641	0.000000	0.366359	0.000000
7	tsk_7	(x)	1	:	0.000000	0.000000	0.000000	0.633641	0.000000	0.366359	0.000000
8	tsk_8	(x)	1	:	0.488502	0.000001	0.000000	0.511467	0.000000	0.000030	0.000000
9	tsk_9	(x)	1	:	0.000000	0.502403	0.000000	0.497539	0.000000	0.000057	0.000000
10	tsk_10	(x)	1	:	0.465992	0.000000	0.000000	0.000000	0.533998	0.000011	0.000000
11	tsk_11	(x)	1	:	0.554243	0.000000	0.000000	0.000000	0.000000	0.445757	0.000000
12	tsk_12	(x)	1	:	0.488501	0.000001	0.000000	0.511465	0.000000	0.000033	0.000000
13	tsk_13	(x)	1	:	0.000000	0.000000	0.485227	0.000000	0.514766	0.000006	0.000001
14	tsk_14	(x)	1	:	0.000000	0.000000	1.000000	0.000000	0.000000	0.000000	0.000000
15	tsk_15	(x)	1	:	0.478188	0.000000	0.521809	0.000000	0.000000	0.000003	0.000000
16	tsk_16	(x)	1	:	0.000000	0.000000	0.000000	0.000000	1.000000	0.000000	0.000000
17	tsk_17	(x)	1	:	0.000000	0.000000	0.485227	0.000000	0.514765	0.000007	0.000001
18	tsk_18	(x)	1	:	0.465992	0.000000	0.000000	0.000000	0.533998	0.000010	0.000000
19	tsk_19	(x)	1	:	0.465990	0.000000	0.000000	0.000000	0.533996	0.000014	0.000000
20	tsk_20	(x)	1	:	0.000000	0.000000	0.000000	0.485948	0.000000	0.000029	0.514023
21	tsk_21	(x)	1	:	0.000000	0.000000	0.000000	0.999999	0.000000	0.000000	0.000000
22	tsk_22	(x)	1	:	0.000000	0.000000	0.000000	0.633642	0.000000	0.366358	0.000000
23	tsk_23	(x)	1	:	0.000000	0.000000	0.000000	0.485942	0.000000	0.000035	0.514022
24	tsk_24	(x)	1	:	0.488502	0.000001	0.000000	0.511467	0.000000	0.000030	0.000000
25	tsk_25	(x)	1	:	0.488505	0.000001	0.000000	0.511474	0.000000	0.000021	0.000000
26	tsk_26	(x)	1	:	0.000000	0.000000	0.000000	1.000000	0.000000	0.000000	0.000000
27	tsk_27	(x)	1	:	0.000000	0.000000	0.000000	0.633642	0.000000	0.366358	0.000000
28	tsk_28	(x)	1	:	0.000000	0.000000	0.000000	1.000000	0.000000	0.000000	0.000000
29	tsk_29	(x)	1	:	0.000000	0.000000	0.000000	0.633642	0.000000	0.366358	0.000000
30	tsk_30	(x)	1	:	0.228440	0.000000	0.170342	0.000000	0.000000	0.599364	0.001854
31	tsk_31	(x)	1	:	0.484199	0.000000	0.000000	0.000000	0.000000	0.000006	0.515794
32	tsk_32	(x)	1	:	0.478190	0.000000	0.521809	0.000000	0.000000	0.000001	0.000000
33	tsk_33	(x)	1	:	0.000000	0.000000	0.000000	0.000000	0.497072	0.000001	0.502927
34	tsk_34	(x)	1	:	0.228439	0.000000	0.169666	0.000000	0.000000	0.599360	0.002535
35	tsk_35	(x)	1	:	0.554395	0.000000	0.000000	0.000000	0.000000	0.445605	0.000000
36	tsk_36	(x)	1	:	0.465990	0.000000	0.000000	0.000000	0.533997	0.000013	0.000000
37	tsk_37	(x)	1	:	1.000000	0.000000	0.000000	0.000000	0.000000	0.000000	0.000000
38	tsk_38	(x)	1	:	0.000000	0.000000	0.522597	0.000000	0.000000	0.000000	0.477403
39	tsk_39	(x)	1	:	1.000000	0.000000	0.000000	0.000000	0.000000	0.000000	0.000000
40	tsk_40	(x)	1	:	0.000000	0.000000	0.000016	0.000000	0.524335	0.000011	0.475638
41	tsk_41	(x)	1	:	0.000000	0.000000	0.000016	0.000000	0.524338	0.000007	0.475639
42	tsk_42	(x)	1	:	0.000000	0.000000	0.552592	0.000000	0.000000	0.000000	0.447408
43	tsk_43	(x)	1	:	0.000000	0.516814	0.000033	0.000001	0.000000	0.000052	0.483100
44	tsk_44	(x)	1	:	0.000000	0.000000	0.000001	0.000000	0.000000	0.000000	0.999999
45	tsk_45	(x)	1	:	0.000000	0.000001	0.500287	0.000005	0.499469	0.000237	0.000001
46	tsk_46	(x)	1	:	0.000000	0.000000	0.000020	0.490673	0.000000	0.000012	0.509294
47	tsk_47	(x)	1	:	0.000000	0.000001	0.500288	0.000005	0.499473	0.000232	0.000001
48	tsk_48	(x)	1	:	0.000000	0.000001	0.000028	0.516315	0.000000	0.000071	0.483584
49	tsk_49	(x)	1	:	0.000000	0.000000	0.000000	0.263651	0.154259	0.582090	0.000000
50	tsk_50	(x)	1	:	0.000000	0.502393	0.000000	0.497529	0.000000	0.000079	0.000000
51	tsk_51	(x)	1	:	0.000000	0.000000	0.000020	0.490677	0.000000	0.000009	0.509295
52	tsk_52	(x)	1	:	0.000000	0.000000	0.000000	0.999999	0.000000	0.000001	0.000000
53	tsk_53	(x)	1	:	0.000000	0.000000	0.510085	0.000048	0.000000	0.489867	0.000000
54	tsk_54	(x)	1	:	0.000000	0.000000	0.000000	0.633641	0.000000	0.366359	0.000000
55	tsk_55	(x)	1	:	0.000000	0.000000	0.510079	0.000000	0.000000	0.489921	0.000000
56	tsk_56	(x)	1	:	0.000000	0.000000	0.510078	0.000000	0.000000	0.489922	0.000000
57	tsk_57	(x)	1	:	0.000000	0.000001	0.494508	0.505453	0.000000	0.000037	0.000001
58	tsk_58	(x)	1	:	0.000000	0.502386	0.000000	0.497522	0.000000	0.000093	0.000000
59	tsk_59	(x)	1	:	0.000000	0.000000	0.000000	0.633642	0.000000	0.366358	0.000000
60	tsk_60	(x)	1	:	0.000000	0.486405	0.000000	0.000000	0.000000	0.000034	0.513561
61	tsk_61	(x)	1	:	0.000000	0.999999	0.000000	0.000000	0.000000	0.000001	0.000000
62	tsk_62	(x)	1	:	0.000000	0.486402	0.000000	0.000000	0.000000	0.000038	0.513560
63	tsk_63	(x)	1	:	0.000000	0.156992	0.173603	0.000000	0.000000	0.666347	0.003057
64	tsk_64	(x)	1	:	0.000000	0.000000	0.000000	0.000000	0.612423	0.387577	0.000000
65	tsk_65	(x)	1	:	0.000000	0.000000	0.000000	0.000000	0.487960	0.512040	0.000000
66	tsk_66	(x)	1	:	0.000000	0.999999	0.000000	0.000000	0.000000	0.000000	0.000000
67	tsk_67	(x)	1	:	0.000000	0.558673	0.000000	0.000003	0.440870	0.000453	0.000000
68	tsk_68	(x)	1	:	0.000000	0.000000	0.000000	0.000000	0.000000	0.469275	0.530725
69	tsk_69	(x)	1	:	0.000000	0.000000	0.000000	0.000000	0.000000	0.469291	0.530709
70	tsk_70	(x)	1	:	0.000000	0.000000	0.552592	0.000000	0.000000	0.000000	0.447408
71	tsk_71	(x)	1	:	0.000000	0.505919	0.494021	0.000001	0.000000	0.000058	0.000001
72	tsk_72	(x)	1	:	0.000000	0.000000	0.510079	0.000000	0.000000	0.489921	0.000000
73	tsk_73	(x)	1	:	0.000000	0.000000	0.000005	0.000000	0.172158	0.369289	0.458549
74	tsk_74	(x)	1	:	0.000000	0.000000	0.000000	0.000000	0.000000	0.000000	0.999999
75	tsk_75	(x)	1	:	0.000000	0.000000	0.000003	0.000000	0.172158	0.369289	0.458550
76	tsk_76	(x)	1	:	0.000000	0.000001	0.494507	0.505432	0.000000	0.000060	0.000001
77	tsk_77	(x)	1	:	0.000000	0.000000	0.000004	0.000000	0.172158	0.369288	0.458549
78	tsk_78	(x)	1	:	0.000000	0.000000	0.485227	0.000000	0.514766	0.000006	0.000001
79	tsk_79	(x)	1	:	0.000000	0.000000	1.000000	0.000000	0.000000	0.000000	0.000000
80	tsk_80	(x)	1	:	0.000000	0.999999	0.000000	0.000000	0.000000	0.000001	0.000000
81	tsk_81	(x)	1	:	0.000000	1.000000	0.000000	0.000000	0.000000	0.000000	0.000000
82	tsk_82	(x)	1	:	0.000000	0.523078	0.000000	0.000001	0.476822	0.000100	0.000000
83	tsk_83	(x)	1	:	0.000000	0.523051	0.000000	0.000001	0.476808	0.000141	0.000000
84	tsk_84	(x)	1	:	0.000000	0.523038	0.000000	0.000001	0.476801	0.000159	0.000000
85	tsk_85	(x)	1	:	0.000000	0.523040	0.000000	0.000001	0.476802	0.000157	0.000000
86	tsk_86	(x)	1	:	0.000000	0.523069	0.000000	0.000001	0.476817	0.000113	0.000000
87	tsk_87	(x)	1	:	0.000000	0.999999	0.000000	0.000000	0.000000	0.000001	0.000000
88	tsk_88	(x)	1	:	0.000000	0.364009	0.000000	0.000000	0.186472	0.449519	0.000000
89	tsk_89	(x)	1	:	0.000000	0.999999	0.000000	0.000000	0.000000	0.000001	0.000000
90	tsk_90	(x)	1	:	0.000000	0.000000	0.000000	0.000000	0.662366	0.337634	0.000000
91	tsk_91	(x)	1	:	0.000000	0.000002	0.500289	0.000005	0.499479	0.000225	0.000001
92	tsk_92	(x)	1	:	0.000000	0.437450	0.000000	0.000000	0.562545	0.000005	0.000000
93	tsk_93	(x)	1	:	0.000000	0.000000	1.000000	0.000000	0.000000	0.000000	0.000000
94	tsk_94	(x)	1	:	0.000000	0.467492	0.000000	0.000000	0.532456	0.000052	0.000000
95	tsk_95	(x)	1	:	0.000000	0.000000	0.000000	0.000000	1.000000	0.000000	0.000000
96	tsk_96	(x)	1	:	0.000000	0.000002	0.500294	0.000005	0.499512	0.000186	0.000001
97	tsk_97	(x)	1	:	0.000000	0.000000	0.000000	0.000000	1.000000	0.000000	0.000000
98	tsk_98	(x)	1	:	0.000000	0.000000	0.000000	0.000000	1.000000	0.000000	0.000000
99	tsk_99	(x)	1	:	0.000000	0.000000	0.522799	0.000001	0.477122	0.000077	0.000000
100	tsk_100	(x)	1	:	0.000000	0.000000	0.000000	0.000000	0.000000	1.000000	0.000000
101	tsk_101	(x)	1	:	0.000000	0.000000	0.000000	0.999999	0.000000	0.000000	0.000000
102	tsk_102	(x)	1	:	0.000000	0.000000	0.510075	0.000000	0.000000	0.489925	0.000000
103	tsk_103	(x)	1	:	0.000000	0.000000	0.520612	0.479368	0.000000	0.000020	0.000000
104	tsk_104	(x)	1	:	0.000000	0.000000	0.510082	0.000000	0.000000	0.489918	0.000000
105	tsk_105	(x)	1	:	0.000000	0.000002	0.000000	0.521289	0.478570	0.000139	0.000000
106	tsk_106	(x)	1	:	0.000000	0.000000	0.000000	0.740713	0.000000	0.259287	0.000000
107	tsk_107	(x)	1	:	0.000000	0.000000	0.000000	0.000000	0.612438	0.387562	0.000000
108	tsk_108	(x)	1	:	0.000000	0.000002	0.000000	0.521303	0.478577	0.000117	0.000000
109	tsk_109	(x)	1	:	0.000000	0.000001	0.494508	0.505449	0.000000	0.000041	0.000001
110	tsk_110	(x)	1	:	0.506375	0.000001	0.000000	0.000000	0.493551	0.000073	0.000000
111	tsk_111	(x)	1	:	0.506380	0.000001	0.000000	0.000000	0.493558	0.000060	0.000000
112	tsk_112	(x)	1	:	0.000000	0.000000	0.000000	0.000000	1.000000	0.000000	0.000000
113	tsk_113	(x)	1	:	0.000000	0.000000	0.000000	0.000000	0.659624	0.340376	0.000000
114	tsk_114	(x)	1	:	0.554437	0.000000	0.000000	0.000000	0.000000	0.445563	0.000000
115	tsk_115	(x)	1	:	0.000000	0.000000	0.000000	0.000000	0.659612	0.340388	0.000000
116	tsk_116	(x)	1	:	0.000000	0.000002	0.500294	0.000006	0.499508	0.000190	0.000001
117	tsk_117	(x)	1	:	0.000032	0.000000	0.000000	0.000000	0.658691	0.341278	0.000000
118	tsk_118	(x)	1	:	0.000000	0.000000	0.000000	0.000000	0.426711	0.573289	0.000000
119	tsk_119	(x)	1	:	0.506378	0.000001	0.000000	0.000000	0.493555	0.000066	0.000000
120	tsk_120	(x)	1	:	0.000000	0.000000	0.510078	0.000000	0.000000	0.489922	0.000000
121	tsk_121	(x)	1	:	1.000000	0.000000	0.000000	0.000000	0.000000	0.000000	0.000000
122	tsk_122	(x)	1	:	0.568639	0.000001	0.000000	0.000000	0.431358	0.000002	0.000000
123	tsk_123	(x)	1	:	0.000000	0.000000	0.000000	0.000000	0.000000	1.000000	0.000000
124	tsk_124	(x)	1	:	0.000000	0.000000	0.000000	0.000000	0.551488	0.448511	0.000000
125	tsk_125	(x)	1	:	0.000000	0.000000	0.535603	0.000000	0.000000	0.464397	0.000000
126	tsk_126	(x)	1	:	0.000000	0.000000	0.000000	0.000000	0.551476	0.448523	0.000000
127	tsk_127	(x)	1	:	0.525189	0.000003	0.474808	0.000000	0.000000	0.000000	0.000000
128	tsk_128	(x)	1	:	0.000000	0.000000	0.000000	0.000000	0.221908	0.778092	0.000000
129	tsk_129	(x)	1	:	0.000000	0.000000	0.000000	0.000000	1.000000	0.000000	0.000000
130	tsk_130	(x)	1	:	0.000000	0.000000	0.348425	0.000000	0.000000	0.000000	0.651575
131	tsk_131	(x)	1	:	0.000000	0.000000	0.000000	0.435891	0.564096	0.000012	0.000000
132	tsk_132	(x)	1	:	0.000000	0.000001	0.494507	0.505443	0.000000	0.000048	0.000001
133	tsk_133	(x)	1	:	0.000000	0.502400	0.000000	0.497535	0.000000	0.000065	0.000000
134	tsk_134	(x)	1	:	0.000000	0.000000	0.000000	0.000000	0.000000	0.000000	1.000000
135	tsk_135	(x)	1	:	0.000000	0.505924	0.494021	0.000001	0.000000	0.000053	0.000001
136	tsk_136	(x)	1	:	0.000000	0.479823	0.520150	0.000000	0.000000	0.000027	0.000000
137	tsk_137	(x)	1	:	0.000000	0.000000	0.000000	0.000000	1.000000	0.000000	0.000000
138	tsk_138	(x)	1	:	0.000000	0.502409	0.000000	0.497546	0.000000	0.000045	0.000000
139	tsk_139	(x)	1	:	0.000000	0.000000	0.000000	0.000000	1.000000	0.000000	0.000000
140	tsk_140	(x)	1	:	0.000000	0.000000	0.510068	0.000000	0.000000	0.489932	0.000000
141	tsk_141	(x)	1	:	0.000000	0.505925	0.494021	0.000001	0.000000	0.000051	0.000001
142	tsk_142	(x)	1	:	0.000000	0.000000	0.174052	0.156231	0.000000	0.667068	0.002649
143	tsk_143	(x)	1	:	0.000000	0.505917	0.494021	0.000001	0.000000	0.000060	0.000001
144	tsk_144	(x)	1	:	0.000000	0.502396	0.000000	0.497532	0.000000	0.000073	0.000000
145	tsk_145	(x)	1	:	0.000000	0.502408	0.000000	0.497544	0.000000	0.000048	0.000000
146	tsk_146	(x)	1	:	0.000000	0.000001	0.500295	0.000005	0.499514	0.000184	0.000001
147	tsk_147	(x)	1	:	0.000000	0.000000	0.000020	0.490671	0.000000	0.000015	0.509294
148	tsk_148	(x)	1	:	0.000000	0.502411	0.000000	0.497547	0.000000	0.000043	0.000000
149	tsk_149	(x)	1	:	0.000000	0.523070	0.000000	0.000001	0.476818	0.000111	0.000000
