logL = -1571.353085 (converged)
AIC = 6934.706170
BIC = 12642.870687

count.K
5 1 7 5 7 35 17 7 1 45 20 

