logL = -1241.745247 (converged)
AIC = 6429.490494
BIC = 12369.473930

count.K
7 14 19 23 2 15 4 25 12 25 4 

