logL = -1412.818876 (converged)
AIC = 3623.637752
BIC = 4824.881234

count.K
27 84 39 

