logL = -1250.452555 (converged)
AIC = 7352.905110
BIC = 14656.706334

count.K
13 6 1 29 26 2 3 19 0 24 1 6 7 13 

