logL = -1828.825938 (converged)
AIC = 5625.651876
BIC = 8588.117005

count.K
54 19 22 48 4 3 

