logL = -1695.783242 (converged)
AIC = 8187.566485
BIC = 15407.069920

count.K
20 10 13 1 14 0 28 12 6 12 13 14 7 

