logL = -1840.619112 (converged)
AIC = 7141.238225
BIC = 12349.637284

count.K
0 37 21 4 18 11 5 36 6 12 

