logL = -1314.678806 (converged)
AIC = 4849.357612
BIC = 8191.162789

count.K
6 35 7 21 47 5 29 

