logL = -1217.447686 (converged)
AIC = 5254.895372
BIC = 9499.891137

count.K
36 22 18 11 35 7 9 12 

