logL = -783.353862 (converged)
AIC = 3758.707725
BIC = 7058.364007

count.K
49 19 29 26 8 7 12 

