logL = -2622.768527 (converged)
AIC = 9205.537054
BIC = 15166.594936

count.K
2 15 42 8 0 13 6 48 10 6 

