logL = -2212.098532 (converged)
AIC = 5636.197064
BIC = 7460.642052

count.K
36 17 30 67 

