logL = -1839.049917 (converged)
AIC = 6906.099834
BIC = 11765.265199

count.K
27 22 24 15 38 2 1 14 7 

