logL = -982.024814 (converged)
AIC = 7264.049628
BIC = 15242.233158

count.K
6 15 21 10 18 7 6 9 31 2 3 7 12 3 

