logL = -1521.494589 (converged)
AIC = 4286.989178
BIC = 6159.604331

count.K
60 31 24 35 

