logL = -598.567137 (converged)
AIC = 4945.134275
BIC = 10587.064816

count.K
36 11 12 1 12 2 46 1 11 16 2 

