logL = -1260.411423 (converged)
AIC = 8400.822845
BIC = 17252.090610

count.K
6 20 11 26 7 9 24 2 5 16 1 3 2 17 1 

