logL = -1078.782636 (converged)
AIC = 4945.565271
BIC = 9142.390871

count.K
7 43 26 0 28 35 3 8 

