logL = -1034.419972 (converged)
AIC = 4400.839944
BIC = 7911.240697

count.K
39 22 12 8 29 27 13 

