logL = -1661.679360 (converged)
AIC = 3747.358719
BIC = 4385.613401

count.K
119 31 

