0	tsk_0	(x)	1	:	0.000000	0.000000	0.000000	0.000000	0.000000	0.500208	0.000000	0.000000	0.000000	0.000240	0.499055	0.000000	0.000497
1	tsk_1	(x)	1	:	0.000000	0.000000	0.000000	0.000000	0.000000	0.000000	0.000000	0.000000	0.000000	0.000179	0.499374	0.500441	0.000006
2	tsk_2	(x)	1	:	0.000000	0.000000	0.000000	0.000000	0.209954	0.000000	0.000000	0.289591	0.000000	0.000000	0.000000	0.500455	0.000000
3	tsk_3	(x)	1	:	0.000000	0.000000	0.000000	0.000000	0.406616	0.000000	0.000000	0.385106	0.208278	0.000000	0.000000	0.000000	0.000000
4	tsk_4	(x)	1	:	0.000000	0.000000	0.000000	0.324395	0.251870	0.000000	0.000000	0.423735	0.000000	0.000000	0.000000	0.000000	0.000000
5	tsk_5	(x)	1	:	0.000000	0.000000	0.000000	0.000000	0.207386	0.000000	0.000000	0.084240	0.208373	0.000000	0.500000	0.000000	0.000000
6	tsk_6	(x)	1	:	0.000000	0.000000	0.000000	0.000000	0.368859	0.000000	0.000000	0.427475	0.203666	0.000000	0.000000	0.000000	0.000000
7	tsk_7	(x)	1	:	0.000000	0.000000	0.000000	0.000000	0.242876	0.000000	0.000000	0.247517	0.000000	0.000000	0.000000	0.000000	0.509607
8	tsk_8	(x)	1	:	0.000000	0.000000	0.000000	0.000000	0.695653	0.000000	0.000000	0.304347	0.000000	0.000000	0.000000	0.000000	0.000000
9	tsk_9	(x)	1	:	0.000000	0.000000	0.000000	0.000000	0.305967	0.000000	0.000000	0.322381	0.371652	0.000000	0.000000	0.000000	0.000000
10	tsk_10	(x)	1	:	0.000000	0.000010	0.000000	0.000000	0.000085	0.000000	0.999867	0.000038	0.000000	0.000000	0.000000	0.000000	0.000000
11	tsk_11	(x)	1	:	0.000000	0.000000	0.000000	0.000000	0.024767	0.000000	0.448660	0.036084	0.000000	0.000000	0.000000	0.000084	0.490405
12	tsk_12	(x)	1	:	0.000000	0.000000	0.000000	0.476952	0.179874	0.000000	0.000000	0.092660	0.250514	0.000000	0.000000	0.000000	0.000000
13	tsk_13	(x)	1	:	0.493690	0.000000	0.000000	0.000000	0.000000	0.000000	0.000000	0.000000	0.000000	0.000000	0.000000	0.000000	0.506310
14	tsk_14	(x)	1	:	0.500863	0.000000	0.000000	0.000000	0.009415	0.000000	0.446794	0.042928	0.000000	0.000000	0.000000	0.000000	0.000000
15	tsk_15	(x)	1	:	0.000000	0.000000	0.000000	0.476958	0.365657	0.000000	0.000000	0.157384	0.000000	0.000000	0.000000	0.000000	0.000000
16	tsk_16	(x)	1	:	0.000000	0.000000	0.000000	0.477010	0.009077	0.000000	0.000000	0.004303	0.000000	0.000000	0.000000	0.000000	0.509610
17	tsk_17	(x)	1	:	0.000000	0.000000	0.000000	0.476933	0.007557	0.000000	0.000000	0.021102	0.000000	0.000000	0.000000	0.000104	0.494304
18	tsk_18	(x)	1	:	0.000000	0.621776	0.000000	0.378223	0.000000	0.000000	0.000000	0.000000	0.000000	0.000000	0.000000	0.000000	0.000000
19	tsk_19	(x)	1	:	0.000000	0.000000	0.000000	0.476959	0.363189	0.000000	0.000000	0.159853	0.000000	0.000000	0.000000	0.000000	0.000000
20	tsk_20	(x)	1	:	0.000000	0.000000	0.000000	0.000000	0.328227	0.000000	0.000000	0.181349	0.490423	0.000000	0.000000	0.000000	0.000000
21	tsk_21	(x)	1	:	0.000000	0.000000	0.000000	0.000000	0.218498	0.000000	0.000000	0.190852	0.590650	0.000000	0.000000	0.000000	0.000000
22	tsk_22	(x)	1	:	0.000000	0.000000	0.000000	0.000000	0.293697	0.000000	0.000000	0.215853	0.490450	0.000000	0.000000	0.000000	0.000000
23	tsk_23	(x)	1	:	0.518295	0.000000	0.000000	0.000000	0.092639	0.000000	0.000000	0.138586	0.250480	0.000000	0.000000	0.000000	0.000000
24	tsk_24	(x)	1	:	0.000000	0.000000	0.000000	0.000000	0.545608	0.000000	0.000000	0.454392	0.000000	0.000000	0.000000	0.000000	0.000000
25	tsk_25	(x)	1	:	0.000000	0.000000	0.000000	0.476959	0.308779	0.000000	0.000000	0.214262	0.000000	0.000000	0.000000	0.000000	0.000000
26	tsk_26	(x)	1	:	0.000000	0.000000	0.000000	0.476959	0.239934	0.000000	0.000000	0.283107	0.000000	0.000000	0.000000	0.000000	0.000000
27	tsk_27	(x)	1	:	0.000000	0.000000	0.000000	0.476944	0.192692	0.000000	0.000000	0.079865	0.250499	0.000000	0.000000	0.000000	0.000000
28	tsk_28	(x)	1	:	0.518295	0.000000	0.000000	0.000000	0.035362	0.000000	0.000000	0.195864	0.250480	0.000000	0.000000	0.000000	0.000000
29	tsk_29	(x)	1	:	0.000000	0.000000	0.000000	0.476959	0.296655	0.000000	0.000000	0.226387	0.000000	0.000000	0.000000	0.000000	0.000000
30	tsk_30	(x)	1	:	0.000000	0.000000	0.000000	0.000000	0.717379	0.000000	0.000000	0.282621	0.000000	0.000000	0.000000	0.000000	0.000000
31	tsk_31	(x)	1	:	0.000000	0.000000	0.000000	0.000000	0.183175	0.000000	0.458999	0.107380	0.250445	0.000000	0.000000	0.000000	0.000000
32	tsk_32	(x)	1	:	0.000000	0.000000	0.000000	0.000000	0.449959	0.000000	0.000000	0.299603	0.250439	0.000000	0.000000	0.000000	0.000000
33	tsk_33	(x)	1	:	0.000000	0.000000	0.000000	0.000000	0.000000	0.000000	0.000000	0.000000	0.000000	0.000000	0.000000	0.344719	0.655281
34	tsk_34	(x)	1	:	0.000000	0.000000	0.000000	0.000000	0.053309	0.000000	0.000000	0.186603	0.250481	0.000000	0.000000	0.000000	0.509606
35	tsk_35	(x)	1	:	0.000000	0.000000	0.000000	0.000000	0.000000	0.000000	0.000000	0.000000	0.000000	0.000000	0.000000	0.000000	1.000000
36	tsk_36	(x)	1	:	0.000000	0.000000	0.000000	0.000000	0.000000	0.421371	0.000000	0.000000	0.000000	0.000000	0.000000	0.000000	0.578629
37	tsk_37	(x)	1	:	0.000000	0.000000	0.000000	0.000000	0.144579	0.000000	0.000000	0.105620	0.250484	0.000000	0.000000	0.499316	0.000000
38	tsk_38	(x)	1	:	0.000000	0.000000	0.000000	0.000000	0.000000	0.000000	0.000000	0.000000	0.000000	0.000000	0.000000	0.999993	0.000007
39	tsk_39	(x)	1	:	0.000000	0.000000	0.000000	0.000000	0.171568	0.000000	0.459090	0.369342	0.000000	0.000000	0.000000	0.000000	0.000000
40	tsk_40	(x)	1	:	0.000000	0.000000	0.000000	0.476959	0.336713	0.000000	0.000000	0.186328	0.000000	0.000000	0.000000	0.000000	0.000000
41	tsk_41	(x)	1	:	0.000000	0.000000	0.000000	1.000000	0.000000	0.000000	0.000000	0.000000	0.000000	0.000000	0.000000	0.000000	0.000000
42	tsk_42	(x)	1	:	0.504867	0.000000	0.000000	0.000000	0.166094	0.000000	0.000000	0.329039	0.000000	0.000000	0.000000	0.000000	0.000000
43	tsk_43	(x)	1	:	0.000000	0.000000	0.000000	1.000000	0.000000	0.000000	0.000000	0.000000	0.000000	0.000000	0.000000	0.000000	0.000000
44	tsk_44	(x)	1	:	0.000000	0.000000	0.000000	0.476959	0.364223	0.000000	0.000000	0.158818	0.000000	0.000000	0.000000	0.000000	0.000000
45	tsk_45	(x)	1	:	0.000000	0.000000	0.000000	0.476959	0.384190	0.000000	0.000000	0.138851	0.000000	0.000000	0.000000	0.000000	0.000000
46	tsk_46	(x)	1	:	0.000000	0.000000	0.000000	0.476959	0.439835	0.000000	0.000000	0.083206	0.000000	0.000000	0.000000	0.000000	0.000000
47	tsk_47	(x)	1	:	0.000000	0.000000	0.000000	0.476959	0.413827	0.000000	0.000000	0.109214	0.000000	0.000000	0.000000	0.000000	0.000000
48	tsk_48	(x)	1	:	0.000000	0.000000	0.000000	0.000000	0.581794	0.000000	0.000000	0.418205	0.000000	0.000000	0.000000	0.000000	0.000000
49	tsk_49	(x)	1	:	0.000000	0.000000	0.000000	0.000000	0.752136	0.000000	0.000000	0.247863	0.000000	0.000000	0.000000	0.000000	0.000000
50	tsk_50	(x)	1	:	0.000000	0.000000	0.000000	0.000000	0.274047	0.000000	0.459089	0.266863	0.000000	0.000000	0.000000	0.000000	0.000000
51	tsk_51	(x)	1	:	0.000000	0.000000	0.000000	0.000000	0.276257	0.000000	0.723258	0.000485	0.000000	0.000000	0.000000	0.000000	0.000000
52	tsk_52	(x)	1	:	0.000000	0.000000	0.000000	0.000000	0.631788	0.000000	0.000000	0.159987	0.208225	0.000000	0.000000	0.000000	0.000000
53	tsk_53	(x)	1	:	0.000000	0.000000	0.000000	0.000000	0.000000	0.000000	1.000000	0.000000	0.000000	0.000000	0.000000	0.000000	0.000000
54	tsk_54	(x)	1	:	0.000000	0.000000	0.000000	0.000000	0.358922	0.000000	0.459090	0.181988	0.000000	0.000000	0.000000	0.000000	0.000000
55	tsk_55	(x)	1	:	0.000000	0.000000	0.000000	0.000000	0.923472	0.000000	0.000000	0.076528	0.000000	0.000000	0.000000	0.000000	0.000000
56	tsk_56	(x)	1	:	0.000000	0.000000	0.000000	0.000000	0.280963	0.000000	0.459090	0.259946	0.000000	0.000000	0.000000	0.000000	0.000000
57	tsk_57	(x)	1	:	0.000000	0.000000	0.000000	0.000000	0.503466	0.000000	0.000000	0.496533	0.000000	0.000000	0.000000	0.000000	0.000000
58	tsk_58	(x)	1	:	0.000000	0.000000	0.000000	0.000000	0.579767	0.000000	0.000000	0.420233	0.000000	0.000000	0.000000	0.000000	0.000000
59	tsk_59	(x)	1	:	0.000000	0.000000	0.000000	0.000000	0.579791	0.000000	0.000000	0.420209	0.000000	0.000000	0.000000	0.000000	0.000000
60	tsk_60	(x)	1	:	0.000000	0.000000	0.000000	0.000000	0.006362	0.000000	0.000000	0.008832	0.490400	0.000000	0.000000	0.000123	0.494283
61	tsk_61	(x)	1	:	0.000000	0.000000	0.522898	0.000000	0.000073	0.000000	0.000000	0.000011	0.477017	0.000000	0.000000	0.000000	0.000000
62	tsk_62	(x)	1	:	0.000000	0.000000	0.000000	0.000000	0.157749	0.000000	0.000000	0.342252	0.000000	0.000000	0.500000	0.000000	0.000000
63	tsk_63	(x)	1	:	0.000000	0.000000	0.522893	0.000000	0.000070	0.000000	0.000000	0.000021	0.477016	0.000000	0.000000	0.000000	0.000000
64	tsk_64	(x)	1	:	0.000000	0.000000	0.000000	0.000000	0.000000	0.000000	0.000000	0.000000	1.000000	0.000000	0.000000	0.000000	0.000000
65	tsk_65	(x)	1	:	0.482007	0.000000	0.000000	0.000000	0.000000	0.000000	0.000000	0.000000	0.000000	0.000000	0.000000	0.000125	0.517867
66	tsk_66	(x)	1	:	0.481122	0.000000	0.000000	0.000000	0.021505	0.000000	0.000000	0.497372	0.000000	0.000000	0.000000	0.000000	0.000000
67	tsk_67	(x)	1	:	0.000000	0.000000	0.000000	0.000000	0.517423	0.000000	0.000000	0.482577	0.000000	0.000000	0.000000	0.000000	0.000000
68	tsk_68	(x)	1	:	0.481131	0.000000	0.000000	0.000000	0.001189	0.000000	0.000000	0.027132	0.490547	0.000000	0.000000	0.000000	0.000000
69	tsk_69	(x)	1	:	0.000000	0.000000	0.000000	0.000000	0.000000	0.000000	0.000000	0.000000	1.000000	0.000000	0.000000	0.000000	0.000000
70	tsk_70	(x)	1	:	0.000000	0.000000	0.000000	0.000000	0.698960	0.000000	0.000000	0.301040	0.000000	0.000000	0.000000	0.000000	0.000000
71	tsk_71	(x)	1	:	0.000000	0.000000	0.565593	0.000000	0.313939	0.000000	0.000000	0.120467	0.000000	0.000000	0.000000	0.000000	0.000000
72	tsk_72	(x)	1	:	0.000000	0.000000	0.485232	0.000000	0.004434	0.000000	0.000000	0.013750	0.000000	0.000000	0.000000	0.000021	0.496564
73	tsk_73	(x)	1	:	0.000000	0.000000	0.000000	0.476933	0.014204	0.000000	0.000000	0.014455	0.000000	0.000000	0.000000	0.000104	0.494304
74	tsk_74	(x)	1	:	0.000000	0.000000	0.434267	0.000000	0.328693	0.000000	0.000000	0.237040	0.000000	0.000000	0.000000	0.000000	0.000000
75	tsk_75	(x)	1	:	0.000000	0.000000	0.000000	0.000000	0.371488	0.000000	0.000000	0.128512	0.000000	0.000000	0.500000	0.000000	0.000000
76	tsk_76	(x)	1	:	0.000000	0.000000	0.537341	0.462446	0.000157	0.000000	0.000000	0.000056	0.000000	0.000000	0.000000	0.000000	0.000000
77	tsk_77	(x)	1	:	0.000000	0.000000	0.565179	0.000000	0.388874	0.000000	0.000000	0.045947	0.000000	0.000000	0.000000	0.000000	0.000000
78	tsk_78	(x)	1	:	0.000000	0.000000	0.566210	0.000000	0.292116	0.000000	0.000000	0.141674	0.000000	0.000000	0.000000	0.000000	0.000000
79	tsk_79	(x)	1	:	0.000000	0.000000	0.434269	0.000000	0.286611	0.000000	0.000000	0.279120	0.000000	0.000000	0.000000	0.000000	0.000000
80	tsk_80	(x)	1	:	0.000000	0.000000	0.000000	0.000000	0.204805	0.000000	0.000000	0.287363	0.000000	0.000000	0.000000	0.000000	0.507832
81	tsk_81	(x)	1	:	0.000000	0.000000	0.000000	0.000000	0.000000	0.000000	0.000000	0.000000	0.000000	0.489850	0.000000	0.000000	0.510150
82	tsk_82	(x)	1	:	0.000000	0.000000	0.000000	0.000000	0.000000	0.000000	0.000000	0.000000	0.000000	0.000000	1.000000	0.000000	0.000000
83	tsk_83	(x)	1	:	0.000000	0.000000	0.000000	0.000000	0.000000	0.000000	0.000000	0.000000	0.000000	1.000000	0.000000	0.000000	0.000000
84	tsk_84	(x)	1	:	0.000000	0.000000	0.000000	0.000000	0.000000	0.000000	0.000000	0.000000	0.000000	0.465157	0.534843	0.000000	0.000000
85	tsk_85	(x)	1	:	0.000000	0.000000	0.000000	0.000000	0.203523	0.000000	0.000000	0.230038	0.000000	0.566439	0.000000	0.000000	0.000000
86	tsk_86	(x)	1	:	0.000000	0.000000	0.000000	0.000000	0.000000	0.000000	0.000000	0.000000	0.000000	0.503948	0.000000	0.000061	0.495991
87	tsk_87	(x)	1	:	0.000000	0.000000	0.000000	0.000000	0.343172	0.000000	0.000000	0.168575	0.000000	0.488253	0.000000	0.000000	0.000000
88	tsk_88	(x)	1	:	0.000000	0.000000	0.000000	0.000000	0.000000	0.000000	0.000000	0.000000	0.000000	1.000000	0.000000	0.000000	0.000000
89	tsk_89	(x)	1	:	0.000000	0.000000	0.000000	0.000000	0.224317	0.000000	0.000000	0.209241	0.000000	0.566442	0.000000	0.000000	0.000000
90	tsk_90	(x)	1	:	0.000000	0.000011	0.000000	0.000000	0.000073	0.000000	0.999856	0.000060	0.000000	0.000000	0.000000	0.000000	0.000000
91	tsk_91	(x)	1	:	0.000000	0.000000	0.000000	0.000000	0.202272	0.000000	0.000000	0.297728	0.000000	0.000000	0.500000	0.000000	0.000000
92	tsk_92	(x)	1	:	0.500852	0.000000	0.000000	0.000000	0.011516	0.000000	0.446449	0.041182	0.000000	0.000000	0.000000	0.000000	0.000000
93	tsk_93	(x)	1	:	0.000000	0.000000	0.000000	0.000000	0.297837	0.000000	0.000000	0.213898	0.000000	0.488264	0.000000	0.000000	0.000000
94	tsk_94	(x)	1	:	0.000000	0.000000	0.000000	0.000000	0.687273	0.000000	0.000000	0.312727	0.000000	0.000000	0.000000	0.000000	0.000000
95	tsk_95	(x)	1	:	0.000000	0.000000	0.430731	0.000000	0.064207	0.000000	0.468273	0.036789	0.000000	0.000000	0.000000	0.000000	0.000000
96	tsk_96	(x)	1	:	0.000000	0.000000	0.000000	0.000000	0.195376	0.000000	0.000000	0.304624	0.000000	0.000000	0.500000	0.000000	0.000000
97	tsk_97	(x)	1	:	0.000000	0.000000	0.423113	0.000000	0.351556	0.000000	0.000000	0.225331	0.000000	0.000000	0.000000	0.000000	0.000000
98	tsk_98	(x)	1	:	0.000000	0.000000	0.000000	0.000000	0.000000	0.000000	0.000000	0.000000	0.000000	0.000000	1.000000	0.000000	0.000000
99	tsk_99	(x)	1	:	0.000000	0.000000	0.000000	0.000000	0.164253	0.500680	0.000000	0.335067	0.000000	0.000000	0.000000	0.000000	0.000000
100	tsk_100	(x)	1	:	0.000000	0.000000	0.000000	0.000000	0.618133	0.000000	0.000000	0.381867	0.000000	0.000000	0.000000	0.000000	0.000000
101	tsk_101	(x)	1	:	0.000000	0.000000	0.000000	0.000000	0.413618	0.000000	0.000000	0.227559	0.358823	0.000000	0.000000	0.000000	0.000000
102	tsk_102	(x)	1	:	0.000000	0.000000	0.000000	0.000000	0.581689	0.000000	0.000000	0.418311	0.000000	0.000000	0.000000	0.000000	0.000000
103	tsk_103	(x)	1	:	0.000000	0.000000	0.000000	0.000000	0.581396	0.000000	0.000000	0.418604	0.000000	0.000000	0.000000	0.000000	0.000000
104	tsk_104	(x)	1	:	0.000000	0.000000	0.000000	0.000000	0.000000	0.000000	0.000000	0.000000	0.000000	0.000000	0.000000	0.000937	0.999063
105	tsk_105	(x)	1	:	0.000000	0.000000	0.000000	0.000000	0.742130	0.000000	0.000000	0.257870	0.000000	0.000000	0.000000	0.000000	0.000000
106	tsk_106	(x)	1	:	0.000000	0.000000	0.000000	0.000000	0.000000	0.000000	0.000000	0.000000	0.000000	0.000169	0.505430	0.000080	0.494321
107	tsk_107	(x)	1	:	0.000000	0.000000	0.000000	0.000000	0.730882	0.000000	0.000000	0.269118	0.000000	0.000000	0.000000	0.000000	0.000000
108	tsk_108	(x)	1	:	0.000000	0.000000	0.000000	0.000000	0.165365	0.000000	0.000000	0.208402	0.626233	0.000000	0.000000	0.000000	0.000000
109	tsk_109	(x)	1	:	0.000000	0.000000	0.000000	0.000000	0.423268	0.000000	0.000000	0.576732	0.000000	0.000000	0.000000	0.000000	0.000000
110	tsk_110	(x)	1	:	0.000000	0.000000	0.000000	0.000000	0.795912	0.000000	0.000000	0.204088	0.000000	0.000000	0.000000	0.000000	0.000000
111	tsk_111	(x)	1	:	0.000000	0.000000	0.000000	0.476959	0.388780	0.000000	0.000000	0.134261	0.000000	0.000000	0.000000	0.000000	0.000000
112	tsk_112	(x)	1	:	0.000000	0.000000	0.000000	0.000000	0.026645	0.000000	0.353812	0.131242	0.000000	0.488300	0.000000	0.000000	0.000000
113	tsk_113	(x)	1	:	0.000000	0.000000	0.000000	0.000000	0.328641	0.000000	0.000000	0.183096	0.000000	0.488263	0.000000	0.000000	0.000000
114	tsk_114	(x)	1	:	0.000000	0.000000	0.000000	0.000000	0.651729	0.000000	0.000000	0.348271	0.000000	0.000000	0.000000	0.000000	0.000000
115	tsk_115	(x)	1	:	0.000000	0.000000	0.000000	0.000000	0.122640	0.000000	0.353677	0.035432	0.000000	0.488252	0.000000	0.000000	0.000000
116	tsk_116	(x)	1	:	0.000000	0.000000	0.000000	0.494104	0.231810	0.000000	0.000000	0.274086	0.000000	0.000000	0.000000	0.000000	0.000000
117	tsk_117	(x)	1	:	0.000000	0.000000	0.000000	0.000000	0.081215	0.000000	0.352497	0.076749	0.489539	0.000000	0.000000	0.000000	0.000000
118	tsk_118	(x)	1	:	0.000000	0.000000	0.000000	0.000000	0.424308	0.000000	0.000000	0.575692	0.000000	0.000000	0.000000	0.000000	0.000000
119	tsk_119	(x)	1	:	0.000000	0.000000	0.000000	0.000000	0.743320	0.000000	0.000000	0.256680	0.000000	0.000000	0.000000	0.000000	0.000000
120	tsk_120	(x)	1	:	0.518256	0.000000	0.000000	0.000000	0.006065	0.000000	0.382364	0.093315	0.000000	0.000000	0.000000	0.000000	0.000000
121	tsk_121	(x)	1	:	0.000000	0.000000	0.000000	0.475896	0.051914	0.000000	0.352963	0.119227	0.000000	0.000000	0.000000	0.000000	0.000000
122	tsk_122	(x)	1	:	0.000000	0.000000	0.000000	0.000000	0.338378	0.000000	0.000000	0.161167	0.000000	0.000000	0.000000	0.500455	0.000000
123	tsk_123	(x)	1	:	0.000000	1.000000	0.000000	0.000000	0.000000	0.000000	0.000000	0.000000	0.000000	0.000000	0.000000	0.000000	0.000000
124	tsk_124	(x)	1	:	0.000000	0.000000	0.000000	0.000000	0.310235	0.000000	0.000000	0.189310	0.000000	0.000000	0.000000	0.500455	0.000000
125	tsk_125	(x)	1	:	0.000000	0.000000	0.000000	0.000000	0.285338	0.000000	0.000000	0.220252	0.000000	0.000000	0.000000	0.000025	0.494386
126	tsk_126	(x)	1	:	0.000000	0.000000	0.000000	0.000000	0.040707	0.000000	0.382115	0.063722	0.000000	0.000000	0.000000	0.513456	0.000000
127	tsk_127	(x)	1	:	0.504871	0.000000	0.000000	0.477040	0.006780	0.000000	0.000000	0.011310	0.000000	0.000000	0.000000	0.000000	0.000000
128	tsk_128	(x)	1	:	0.000000	0.000000	0.000000	0.000000	0.563782	0.000000	0.000000	0.436217	0.000000	0.000000	0.000000	0.000000	0.000000
129	tsk_129	(x)	1	:	0.000000	0.000000	0.000000	0.477017	0.012922	0.000000	0.000000	0.009604	0.000000	0.000000	0.000000	0.500458	0.000000
130	tsk_130	(x)	1	:	0.000000	0.000000	0.566452	0.000000	0.333777	0.000000	0.000000	0.099771	0.000000	0.000000	0.000000	0.000000	0.000000
131	tsk_131	(x)	1	:	0.000000	0.000000	0.565758	0.000000	0.294120	0.000000	0.000000	0.140122	0.000000	0.000000	0.000000	0.000000	0.000000
132	tsk_132	(x)	1	:	0.000000	0.000000	0.000000	0.000000	0.234423	0.000000	0.000000	0.271167	0.000000	0.000000	0.000000	0.000062	0.494348
133	tsk_133	(x)	1	:	0.000000	0.000000	0.565510	0.000000	0.343482	0.000000	0.000000	0.091008	0.000000	0.000000	0.000000	0.000000	0.000000
134	tsk_134	(x)	1	:	0.482007	0.000000	0.000000	0.000000	0.000000	0.000000	0.000000	0.000000	0.000000	0.000000	0.000000	0.000088	0.517905
135	tsk_135	(x)	1	:	0.000000	0.000000	0.000000	0.476928	0.012698	0.000000	0.000000	0.015966	0.000000	0.000000	0.000000	0.000073	0.494336
136	tsk_136	(x)	1	:	0.000000	0.000000	0.000000	0.476959	0.404578	0.000000	0.000000	0.118464	0.000000	0.000000	0.000000	0.000000	0.000000
137	tsk_137	(x)	1	:	0.000000	0.000000	0.000000	0.000000	0.198842	0.000000	0.000000	0.801158	0.000000	0.000000	0.000000	0.000000	0.000000
138	tsk_138	(x)	1	:	0.482007	0.000000	0.000000	0.000000	0.000000	0.000000	0.000000	0.000000	0.000000	0.000000	0.000000	0.000094	0.517899
139	tsk_139	(x)	1	:	0.000000	0.000000	0.000000	0.476928	0.021463	0.000000	0.000000	0.007202	0.000000	0.000000	0.000000	0.000137	0.494270
140	tsk_140	(x)	1	:	0.000000	0.000000	0.000000	0.000000	0.000000	0.500203	0.000000	0.000000	0.000000	0.000203	0.499090	0.000000	0.000504
141	tsk_141	(x)	1	:	0.000000	0.000000	0.000000	0.000000	0.514152	0.000000	0.000000	0.485848	0.000000	0.000000	0.000000	0.000000	0.000000
142	tsk_142	(x)	1	:	0.000000	0.000000	0.000000	0.000000	0.174181	0.000000	0.000000	0.129147	0.208373	0.488299	0.000000	0.000000	0.000000
143	tsk_143	(x)	1	:	0.000000	0.000000	0.000000	0.477001	0.195563	0.000000	0.000000	0.119086	0.208350	0.000000	0.000000	0.000000	0.000000
144	tsk_144	(x)	1	:	0.000000	0.000000	0.000000	0.477079	0.015483	0.500259	0.000000	0.006717	0.000000	0.000000	0.000000	0.000000	0.000463
145	tsk_145	(x)	1	:	0.517758	0.000000	0.000000	0.475632	0.001556	0.000000	0.000000	0.005053	0.000000	0.000000	0.000000	0.000000	0.000000
146	tsk_146	(x)	1	:	0.504867	0.000000	0.000000	0.000000	0.093256	0.000000	0.000000	0.401877	0.000000	0.000000	0.000000	0.000000	0.000000
147	tsk_147	(x)	1	:	0.000000	0.000000	0.000000	0.476982	0.011825	0.246345	0.000000	0.016455	0.000000	0.000000	0.000000	0.000064	0.248329
148	tsk_148	(x)	1	:	0.000000	0.000000	0.000000	0.478020	0.041406	0.000000	0.460452	0.020121	0.000000	0.000000	0.000000	0.000000	0.000000
149	tsk_149	(x)	1	:	0.000000	0.000000	0.000000	0.000000	0.000000	0.699174	0.000000	0.000000	0.000000	0.000000	0.000000	0.000049	0.300776
