logL = -511.221086 (converged)
AIC = 5902.442171
BIC = 13248.392289

count.K
52 5 3 4 10 17 12 14 4 9 4 3 2 11 

