logL = -418.968722 (converged)
AIC = 4881.937444
BIC = 10969.442008

count.K
22 10 3 7 7 0 6 7 2 32 2 52 

