0	tsk_0	(x)	1	:	0.000000	0.000000	0.000000	0.000000	0.000000	0.000000	0.000000	0.558033	0.000000	0.000000	0.000000	0.441967
1	tsk_1	(x)	1	:	0.000000	0.000000	0.000000	0.000000	0.234772	0.000000	0.000000	0.000000	0.570280	0.000000	0.194948	0.000000
2	tsk_2	(x)	1	:	0.000000	0.492184	0.000000	0.000000	0.000000	0.000000	0.000000	0.497974	0.000000	0.000001	0.009842	0.000000
3	tsk_3	(x)	1	:	0.000000	0.000000	0.000000	0.000000	0.000000	0.000000	0.000000	1.000000	0.000000	0.000000	0.000000	0.000000
4	tsk_4	(x)	1	:	0.285190	0.499542	0.000000	0.000000	0.000000	0.000000	0.000000	0.000000	0.000000	0.000000	0.215267	0.000000
5	tsk_5	(x)	1	:	0.000000	0.000000	0.000000	0.000000	0.000000	0.000000	0.000000	0.417160	0.000000	0.000000	0.000000	0.582840
6	tsk_6	(x)	1	:	0.000000	0.000000	0.000000	0.000000	0.000000	0.000000	0.000000	0.466746	0.533254	0.000000	0.000000	0.000000
7	tsk_7	(x)	1	:	0.000000	0.000000	0.000000	0.000000	0.000000	0.485740	0.000000	0.000000	0.514259	0.000000	0.000000	0.000000
8	tsk_8	(x)	1	:	0.000000	0.500000	0.000000	0.000000	0.000000	0.500000	0.000000	0.000000	0.000000	0.000000	0.000000	0.000000
9	tsk_9	(x)	1	:	0.000000	0.000000	0.000000	0.000000	0.000000	0.006284	0.000000	0.493716	0.000000	0.000005	0.499995	0.000000
10	tsk_10	(x)	1	:	0.000000	0.000000	0.000000	0.000000	0.000000	0.006377	0.000000	0.172394	0.000000	0.000006	0.499956	0.321268
11	tsk_11	(x)	1	:	0.000000	0.000000	0.000000	0.000000	0.000000	0.506183	0.000000	0.172557	0.000000	0.000000	0.000000	0.321260
12	tsk_12	(x)	1	:	0.000000	0.000000	0.500008	0.000000	0.000000	0.000000	0.000000	0.000000	0.000000	0.000004	0.499988	0.000000
13	tsk_13	(x)	1	:	0.000000	0.000000	0.000000	0.000000	0.000000	0.006754	0.000000	0.172078	0.000000	0.000005	0.499882	0.321280
14	tsk_14	(x)	1	:	0.000000	0.000000	0.000000	0.000000	0.000000	0.000000	0.515642	0.000000	0.000000	0.000003	0.484355	0.000000
15	tsk_15	(x)	1	:	0.000000	0.000000	0.000000	0.000000	0.000000	0.006705	0.000000	0.172120	0.000000	0.000005	0.499893	0.321278
16	tsk_16	(x)	1	:	0.000000	0.000000	0.000000	0.000000	0.000000	0.005913	0.000000	0.172780	0.000000	0.000003	0.500049	0.321254
17	tsk_17	(x)	1	:	0.000000	0.000000	0.000000	0.000000	0.000000	0.000000	0.515642	0.000000	0.000000	0.000003	0.484355	0.000000
18	tsk_18	(x)	1	:	0.000000	0.000000	0.000000	0.000000	0.000000	0.000000	0.583334	0.095452	0.000000	0.000000	0.000000	0.321214
19	tsk_19	(x)	1	:	0.000000	0.000000	0.000000	0.000000	0.000000	0.000000	0.583334	0.095452	0.000000	0.000000	0.000000	0.321214
20	tsk_20	(x)	1	:	0.000000	0.000000	0.000000	0.000000	0.000000	0.006809	0.463812	0.029493	0.000000	0.000002	0.499884	0.000000
21	tsk_21	(x)	1	:	0.000000	0.000000	0.000000	0.000000	0.000000	0.000000	0.443566	0.000000	0.000000	0.000000	0.000000	0.556433
22	tsk_22	(x)	1	:	0.000000	0.000000	0.000000	0.000000	0.000000	0.466950	0.000000	0.000000	0.000000	0.000000	0.000000	0.533050
23	tsk_23	(x)	1	:	0.000000	0.000000	0.000000	0.000000	0.000000	0.507265	0.464815	0.027920	0.000000	0.000000	0.000000	0.000000
24	tsk_24	(x)	1	:	0.000000	0.000000	0.000000	0.000000	0.000000	0.000000	0.000000	0.000000	0.000000	0.000005	0.489727	0.510267
25	tsk_25	(x)	1	:	0.000000	0.000000	0.000000	0.000000	0.234869	0.000000	0.000000	0.000000	0.000000	0.000000	0.254868	0.510263
26	tsk_26	(x)	1	:	0.000000	0.000000	0.000000	0.000000	0.000000	0.000000	0.000000	0.000000	0.000000	0.000005	0.489728	0.510267
27	tsk_27	(x)	1	:	0.237975	0.000000	0.000000	0.000000	0.000000	0.000000	0.000000	0.000000	0.000000	0.000002	0.251759	0.510264
28	tsk_28	(x)	1	:	0.000000	0.000000	0.000000	0.000000	0.000000	0.000000	0.000000	0.000000	0.000000	0.000000	0.000000	1.000000
29	tsk_29	(x)	1	:	0.000000	0.000000	0.000000	0.000000	0.000000	0.000000	0.000000	0.000000	0.000000	0.000000	0.000000	1.000000
30	tsk_30	(x)	1	:	0.000000	0.000000	0.000000	0.000000	0.000000	1.000000	0.000000	0.000000	0.000000	0.000000	0.000000	0.000000
31	tsk_31	(x)	1	:	0.000000	0.000000	0.000000	0.000000	0.000000	0.500000	0.000000	0.000000	0.000000	0.000000	0.500000	0.000000
32	tsk_32	(x)	1	:	0.000000	0.000000	0.000000	0.000000	0.000000	0.500000	0.000000	0.000000	0.000000	0.000000	0.500000	0.000000
33	tsk_33	(x)	1	:	0.000000	0.000000	0.000000	0.000000	0.000000	0.000000	0.000000	0.087136	0.000000	0.000000	0.000000	0.912864
34	tsk_34	(x)	1	:	0.000000	0.000000	0.000000	0.000000	0.000000	0.000000	0.000000	0.417160	0.000000	0.000000	0.000000	0.582840
35	tsk_35	(x)	1	:	0.000000	0.000000	0.000000	0.000000	0.000000	0.000000	0.000000	0.000000	0.000000	0.000010	0.999990	0.000000
36	tsk_36	(x)	1	:	0.000000	0.000000	0.000000	0.000000	0.000000	0.500000	0.000000	0.000000	0.000000	0.000000	0.500000	0.000000
37	tsk_37	(x)	1	:	0.000000	0.000000	0.000000	0.000000	0.000000	0.000000	0.000000	0.239332	0.000000	0.000000	0.000000	0.760668
38	tsk_38	(x)	1	:	0.000000	0.000000	0.000000	0.000000	0.000000	0.006607	0.463783	0.029689	0.000000	0.000002	0.499918	0.000000
39	tsk_39	(x)	1	:	0.000000	0.000000	0.000000	0.000000	0.000000	0.508968	0.466485	0.024547	0.000000	0.000000	0.000000	0.000000
40	tsk_40	(x)	1	:	0.431398	0.000000	0.000000	0.000000	0.000000	0.000000	0.000000	0.000000	0.000000	0.000005	0.568597	0.000000
41	tsk_41	(x)	1	:	0.237985	0.000000	0.000000	0.000000	0.000000	0.000000	0.000000	0.000000	0.000000	0.000002	0.251748	0.510265
42	tsk_42	(x)	1	:	0.000000	0.000000	0.000000	0.000000	0.000000	0.005948	0.000000	0.493985	0.000000	0.000005	0.500061	0.000000
43	tsk_43	(x)	1	:	0.000000	0.000000	0.000000	0.000000	0.000000	0.000000	0.000000	0.000000	0.372726	0.000000	0.117015	0.510259
44	tsk_44	(x)	1	:	0.000000	0.000000	0.000000	0.000000	0.000000	0.500000	0.000000	0.000000	0.000000	0.000000	0.500000	0.000000
45	tsk_45	(x)	1	:	0.000000	0.000000	0.000000	0.000000	0.000000	0.006288	0.000000	0.493713	0.000000	0.000004	0.499995	0.000000
46	tsk_46	(x)	1	:	0.237991	0.000000	0.000000	0.000000	0.000000	0.000000	0.000000	0.000000	0.000000	0.000009	0.762000	0.000000
47	tsk_47	(x)	1	:	0.000000	0.000000	0.000000	0.000000	0.000000	0.466950	0.000000	0.000000	0.000000	0.000000	0.000000	0.533050
48	tsk_48	(x)	1	:	0.000000	0.000000	0.000000	0.000000	0.000000	0.000000	0.000000	0.000000	0.000000	0.000000	0.000000	1.000000
49	tsk_49	(x)	1	:	0.237986	0.000000	0.000000	0.000000	0.000000	0.000000	0.000000	0.000000	0.177465	0.000006	0.584543	0.000000
50	tsk_50	(x)	1	:	0.000000	0.000000	0.000000	0.000000	0.000000	0.006266	0.463737	0.030018	0.000000	0.000003	0.499977	0.000000
51	tsk_51	(x)	1	:	0.000000	0.000000	0.000000	0.000000	0.000000	0.500000	0.000000	0.000000	0.000000	0.000000	0.500000	0.000000
52	tsk_52	(x)	1	:	0.000000	0.000000	0.000000	0.000000	0.000000	0.006859	0.000000	0.171990	0.000000	0.000005	0.499862	0.321283
53	tsk_53	(x)	1	:	0.000000	0.000000	0.000000	0.000000	0.000000	0.006255	0.000000	0.172496	0.000000	0.000005	0.499980	0.321264
54	tsk_54	(x)	1	:	0.000000	0.000000	0.000000	0.000000	0.000000	0.506191	0.000000	0.172537	0.000000	0.000000	0.000000	0.321272
55	tsk_55	(x)	1	:	0.237984	0.000000	0.000000	0.000000	0.000000	0.006952	0.000000	0.171910	0.000000	0.000003	0.261865	0.321287
56	tsk_56	(x)	1	:	0.000000	0.000000	0.000000	0.000000	0.000000	0.000000	0.000000	0.000000	0.000000	0.000012	0.999988	0.000000
57	tsk_57	(x)	1	:	0.000000	0.000000	0.000000	0.000000	0.000000	0.006550	0.000000	0.172249	0.000000	0.000006	0.499922	0.321273
58	tsk_58	(x)	1	:	0.000000	0.000000	0.000000	0.000000	0.000000	0.000000	0.000000	0.000000	0.000000	0.000011	0.999989	0.000000
59	tsk_59	(x)	1	:	0.000000	0.000000	0.000000	0.000000	0.000000	0.000000	0.000000	0.000000	0.000000	0.000008	0.999992	0.000000
60	tsk_60	(x)	1	:	0.319835	0.000000	0.000000	0.000000	0.000000	0.000000	0.000000	0.000000	0.000000	0.680165	0.000000	0.000000
61	tsk_61	(x)	1	:	0.000000	0.000000	0.000000	0.000000	0.000000	0.000000	0.000000	1.000000	0.000000	0.000000	0.000000	0.000000
62	tsk_62	(x)	1	:	0.000000	0.000000	0.000000	0.000000	0.000000	0.000000	0.000000	0.000000	0.681681	0.000000	0.318319	0.000000
63	tsk_63	(x)	1	:	0.000000	0.000000	0.000000	0.000000	0.000000	0.000000	0.000000	1.000000	0.000000	0.000000	0.000000	0.000000
64	tsk_64	(x)	1	:	0.285398	0.000000	0.000000	0.000000	0.000000	0.005714	0.000000	0.494167	0.000000	0.000000	0.214721	0.000000
65	tsk_65	(x)	1	:	0.000000	0.000000	0.000000	0.000000	0.000000	0.000000	0.000000	0.000000	0.490044	0.000000	0.509956	0.000000
66	tsk_66	(x)	1	:	0.000000	0.000000	0.000000	0.000000	0.234844	0.000000	0.000000	0.000000	0.205726	0.000000	0.559430	0.000000
67	tsk_67	(x)	1	:	0.000000	0.000000	0.000000	0.000000	0.234882	0.006232	0.000000	0.493755	0.000000	0.000001	0.265130	0.000000
68	tsk_68	(x)	1	:	0.000000	0.000000	0.000000	0.000000	0.000000	0.000000	0.000000	0.000000	0.388847	0.000004	0.611149	0.000000
69	tsk_69	(x)	1	:	0.285100	0.000000	0.000000	0.000000	0.000000	0.000000	0.000000	0.000000	0.177375	0.000000	0.537525	0.000000
70	tsk_70	(x)	1	:	1.000000	0.000000	0.000000	0.000000	0.000000	0.000000	0.000000	0.000000	0.000000	0.000000	0.000000	0.000000
71	tsk_71	(x)	1	:	0.000000	0.000000	0.000000	0.000000	0.000000	0.000000	0.572991	0.105786	0.000000	0.000000	0.000000	0.321222
72	tsk_72	(x)	1	:	0.285422	0.000000	0.000000	0.000000	0.000000	0.499996	0.000000	0.000000	0.000000	0.000000	0.214582	0.000000
73	tsk_73	(x)	1	:	0.000000	0.000000	0.000000	0.000000	0.000000	0.000000	0.000000	0.000000	0.000000	0.000011	0.999989	0.000000
74	tsk_74	(x)	1	:	1.000000	0.000000	0.000000	0.000000	0.000000	0.000000	0.000000	0.000000	0.000000	0.000000	0.000000	0.000000
75	tsk_75	(x)	1	:	0.000000	0.000000	0.000000	0.000000	0.000000	0.000000	0.000000	0.000000	0.000000	0.000010	0.999990	0.000000
76	tsk_76	(x)	1	:	0.000000	0.000000	0.000000	0.000000	0.000000	0.000000	1.000000	0.000000	0.000000	0.000000	0.000000	0.000000
77	tsk_77	(x)	1	:	0.000000	0.000000	0.000000	0.000000	0.000000	0.000000	0.000000	0.145528	0.533236	0.000000	0.000000	0.321236
78	tsk_78	(x)	1	:	0.782420	0.000000	0.000000	0.000000	0.000000	0.000000	0.000000	0.000000	0.000000	0.000000	0.217580	0.000000
79	tsk_79	(x)	1	:	0.000000	0.000000	0.000000	0.000000	0.000000	0.000000	1.000000	0.000000	0.000000	0.000000	0.000000	0.000000
80	tsk_80	(x)	1	:	0.000000	0.000000	0.000000	0.000000	0.000000	1.000000	0.000000	0.000000	0.000000	0.000000	0.000000	0.000000
81	tsk_81	(x)	1	:	0.000000	0.000000	0.000000	0.000000	0.000000	0.000000	0.000000	0.000000	0.000000	0.000011	0.999989	0.000000
82	tsk_82	(x)	1	:	0.000000	0.000000	0.000000	0.000000	0.234880	0.000000	0.000000	0.000000	0.000000	0.000006	0.765113	0.000000
83	tsk_83	(x)	1	:	0.000000	0.000000	0.000000	0.000000	0.000000	0.500000	0.000000	0.000000	0.000000	0.000000	0.500000	0.000000
84	tsk_84	(x)	1	:	0.237989	0.000000	0.000000	0.000000	0.000000	0.006920	0.000000	0.493205	0.000000	0.000002	0.261885	0.000000
85	tsk_85	(x)	1	:	0.000000	0.000000	0.000000	0.000000	0.000000	0.005759	0.000000	0.494137	0.000000	0.000003	0.500102	0.000000
86	tsk_86	(x)	1	:	0.000000	0.000000	0.000000	0.000000	0.000000	0.500000	0.000000	0.000000	0.000000	0.000000	0.500000	0.000000
87	tsk_87	(x)	1	:	0.000000	0.000000	0.000000	0.000000	0.589058	0.000000	0.000000	0.000000	0.000000	0.000000	0.410942	0.000000
88	tsk_88	(x)	1	:	0.000000	0.000000	0.000000	0.000000	0.000000	0.000000	0.000000	0.000000	0.000000	0.000010	0.999990	0.000000
89	tsk_89	(x)	1	:	0.000000	0.000000	0.000000	0.000000	0.000000	0.000000	0.000000	1.000000	0.000000	0.000000	0.000000	0.000000
90	tsk_90	(x)	1	:	0.000000	0.000000	0.000000	0.000000	0.000000	0.500000	0.000000	0.000000	0.000000	0.000000	0.500000	0.000000
91	tsk_91	(x)	1	:	0.000000	0.000000	0.000000	0.000000	0.000000	0.506290	0.000000	0.493710	0.000000	0.000000	0.000000	0.000000
92	tsk_92	(x)	1	:	0.000000	0.000000	0.000000	0.000000	0.000000	0.000000	0.000000	0.000000	0.570405	0.000003	0.429591	0.000000
93	tsk_93	(x)	1	:	0.000000	0.000000	0.000000	0.000000	0.000000	0.000000	0.000000	0.000000	0.000000	0.000002	0.999998	0.000000
94	tsk_94	(x)	1	:	0.237989	0.000000	0.000000	0.000000	0.000000	0.499998	0.000000	0.000000	0.000000	0.000000	0.262013	0.000000
95	tsk_95	(x)	1	:	0.000000	0.000000	0.000000	0.000000	0.000000	1.000000	0.000000	0.000000	0.000000	0.000000	0.000000	0.000000
96	tsk_96	(x)	1	:	0.000000	0.000000	0.000000	0.000000	0.000000	0.000000	0.000000	0.000000	0.000000	0.000000	1.000000	0.000000
97	tsk_97	(x)	1	:	0.000000	0.000000	0.000000	0.000000	0.000000	0.000000	0.000000	0.000000	0.000000	0.000000	0.489733	0.510267
98	tsk_98	(x)	1	:	0.000000	0.000000	0.000000	0.000000	0.000000	1.000000	0.000000	0.000000	0.000000	0.000000	0.000000	0.000000
99	tsk_99	(x)	1	:	0.000000	0.000000	0.000000	0.000000	0.000000	0.506289	0.000000	0.493711	0.000000	0.000000	0.000000	0.000000
100	tsk_100	(x)	1	:	0.000000	0.000000	0.000000	0.000000	0.000000	0.000000	0.000000	0.000000	0.000000	0.000010	0.999990	0.000000
101	tsk_101	(x)	1	:	0.000000	0.000000	0.000000	0.000000	0.000000	0.500000	0.000000	0.000000	0.000000	0.000000	0.500000	0.000000
102	tsk_102	(x)	1	:	0.000000	0.000000	0.000000	0.000000	0.000000	0.500000	0.000000	0.000000	0.000000	0.000000	0.500000	0.000000
103	tsk_103	(x)	1	:	0.000000	0.000000	0.000000	0.000000	0.000000	0.000000	0.000000	0.000000	0.000000	0.000009	0.999991	0.000000
104	tsk_104	(x)	1	:	0.285347	0.000000	0.000000	0.000000	0.000000	0.000000	0.000000	0.000000	0.000000	0.000000	0.714653	0.000000
105	tsk_105	(x)	1	:	0.000000	0.000000	0.000000	0.000000	0.000000	0.000000	0.000000	0.000000	0.000000	0.000010	0.999990	0.000000
106	tsk_106	(x)	1	:	0.237991	0.000000	0.000000	0.000000	0.000000	0.000000	0.000000	0.000000	0.000000	0.000007	0.762002	0.000000
107	tsk_107	(x)	1	:	0.000000	0.000000	0.000000	0.000000	0.000000	0.000000	0.000000	0.000000	0.000000	0.000009	0.999991	0.000000
108	tsk_108	(x)	1	:	0.000000	0.000000	0.000000	0.000000	0.000000	0.000000	0.000000	0.000000	0.000000	1.000000	0.000000	0.000000
109	tsk_109	(x)	1	:	0.000000	0.000000	0.000000	0.000000	0.000000	0.006353	0.000000	0.493661	0.000000	0.000005	0.499981	0.000000
110	tsk_110	(x)	1	:	0.000000	0.000000	0.000000	0.000000	0.000000	0.500000	0.000000	0.000000	0.000000	0.000000	0.500000	0.000000
111	tsk_111	(x)	1	:	0.000000	0.000000	0.000000	0.000000	0.000000	0.005512	0.463658	0.030716	0.000000	0.000003	0.500111	0.000000
112	tsk_112	(x)	1	:	0.000000	0.000000	0.000000	0.000000	0.000000	0.000000	0.000000	0.000000	0.177468	0.000009	0.822523	0.000000
113	tsk_113	(x)	1	:	0.000000	0.000000	0.000000	0.000000	0.000000	0.506568	0.464133	0.029298	0.000000	0.000000	0.000000	0.000000
114	tsk_114	(x)	1	:	0.000000	0.000000	0.500008	0.000000	0.000000	0.000000	0.000000	0.000000	0.000000	0.000002	0.499990	0.000000
115	tsk_115	(x)	1	:	0.000000	0.000000	0.000000	0.000000	0.000000	0.456526	0.543474	0.000000	0.000000	0.000000	0.000000	0.000000
116	tsk_116	(x)	1	:	0.000000	0.000000	0.000000	0.000000	0.000000	0.005758	0.000000	0.494137	0.000000	0.000002	0.500103	0.000000
117	tsk_117	(x)	1	:	0.000000	0.000000	0.000000	0.000000	0.000000	0.500000	0.000000	0.000000	0.000000	0.000000	0.500000	0.000000
118	tsk_118	(x)	1	:	0.000000	0.000000	0.501505	0.000000	0.000000	0.000831	0.463636	0.034027	0.000000	0.000000	0.000000	0.000000
119	tsk_119	(x)	1	:	0.000000	0.000000	0.000000	0.000000	0.000000	0.507248	0.464799	0.027953	0.000000	0.000000	0.000000	0.000000
120	tsk_120	(x)	1	:	0.526646	0.000000	0.000000	0.000000	0.000000	0.473354	0.000000	0.000000	0.000000	0.000000	0.000000	0.000000
121	tsk_121	(x)	1	:	0.000000	0.000000	0.000000	0.000000	0.499723	0.500277	0.000000	0.000000	0.000000	0.000000	0.000000	0.000000
122	tsk_122	(x)	1	:	0.285276	0.000000	0.000000	0.000000	0.000000	0.000000	0.000000	0.000000	0.000000	0.000000	0.714724	0.000000
123	tsk_123	(x)	1	:	0.636279	0.000000	0.000000	0.000000	0.197744	0.000000	0.000000	0.000000	0.000000	0.000000	0.165978	0.000000
124	tsk_124	(x)	1	:	0.651433	0.000000	0.000000	0.000000	0.000000	0.000000	0.000000	0.000000	0.000000	0.000000	0.348567	0.000000
125	tsk_125	(x)	1	:	0.285415	0.000000	0.000000	0.000000	0.000000	0.499995	0.000000	0.000000	0.000000	0.000000	0.214590	0.000000
126	tsk_126	(x)	1	:	0.000000	0.000000	0.000000	0.000000	0.598430	0.000000	0.000000	0.000000	0.000000	0.000000	0.401570	0.000000
127	tsk_127	(x)	1	:	0.636347	0.000000	0.000000	0.000000	0.000000	0.000000	0.000000	0.000000	0.000000	0.000001	0.363652	0.000000
128	tsk_128	(x)	1	:	0.526646	0.000000	0.000000	0.000000	0.000000	0.473354	0.000000	0.000000	0.000000	0.000000	0.000000	0.000000
129	tsk_129	(x)	1	:	0.285398	0.000000	0.000000	0.000000	0.000000	0.499993	0.000000	0.000000	0.000000	0.000000	0.214610	0.000000
130	tsk_130	(x)	1	:	0.000000	0.000000	0.000000	0.000000	0.000000	0.500000	0.000000	0.000000	0.000000	0.000000	0.500000	0.000000
131	tsk_131	(x)	1	:	0.000000	0.000000	0.000000	0.000000	0.000000	0.005574	0.000000	0.494284	0.000000	0.000000	0.500141	0.000000
132	tsk_132	(x)	1	:	0.000000	0.000000	0.000000	0.000000	0.000000	0.000000	0.000000	0.000000	0.000000	0.000003	0.999997	0.000000
133	tsk_133	(x)	1	:	0.000000	0.000000	0.000000	0.475168	0.000000	0.000000	0.000000	0.034934	0.000000	0.000004	0.489894	0.000000
134	tsk_134	(x)	1	:	0.000000	0.000000	0.000000	0.000000	0.000000	0.006049	0.000000	0.493904	0.000000	0.000003	0.500044	0.000000
135	tsk_135	(x)	1	:	0.000000	0.000000	0.000000	0.000000	0.000000	0.006000	0.000000	0.493944	0.000000	0.000005	0.500051	0.000000
136	tsk_136	(x)	1	:	0.000000	0.000000	0.000000	0.000000	0.000000	0.006207	0.000000	0.493778	0.000000	0.000003	0.500012	0.000000
137	tsk_137	(x)	1	:	0.000000	0.000000	0.000000	0.000000	0.000000	1.000000	0.000000	0.000000	0.000000	0.000000	0.000000	0.000000
138	tsk_138	(x)	1	:	0.000000	0.000000	0.000000	0.000000	0.000000	0.000000	0.000000	0.678544	0.000000	0.000000	0.000000	0.321456
139	tsk_139	(x)	1	:	0.000000	0.000000	0.000000	0.000000	0.000000	0.000000	0.000000	0.678544	0.000000	0.000000	0.000000	0.321456
140	tsk_140	(x)	1	:	0.000000	0.000000	0.000000	0.000000	0.000000	1.000000	0.000000	0.000000	0.000000	0.000000	0.000000	0.000000
141	tsk_141	(x)	1	:	0.000000	0.000000	0.000000	0.000000	0.000000	0.000000	0.000000	0.000000	0.000000	0.000004	0.489728	0.510267
142	tsk_142	(x)	1	:	0.000000	0.000000	0.000000	0.000000	0.000000	0.000000	0.000000	0.417160	0.000000	0.000000	0.000000	0.582840
143	tsk_143	(x)	1	:	0.000000	0.000000	0.000000	0.000000	0.000000	0.506290	0.000000	0.493710	0.000000	0.000000	0.000000	0.000000
144	tsk_144	(x)	1	:	0.000000	0.000000	0.000000	0.000000	0.000000	0.000000	0.463872	0.536128	0.000000	0.000000	0.000000	0.000000
145	tsk_145	(x)	1	:	0.000000	0.000000	0.000000	0.000000	0.000000	0.000000	0.000000	0.417160	0.000000	0.000000	0.000000	0.582840
146	tsk_146	(x)	1	:	0.000000	0.000000	0.000000	0.000000	0.000000	0.466950	0.000000	0.000000	0.000000	0.000000	0.000000	0.533050
147	tsk_147	(x)	1	:	0.000000	0.000000	0.000000	0.000000	0.000000	0.506289	0.000000	0.493711	0.000000	0.000000	0.000000	0.000000
148	tsk_148	(x)	1	:	0.000000	0.000000	0.000000	0.000000	0.000000	0.509175	0.466687	0.024137	0.000000	0.000000	0.000000	0.000000
149	tsk_149	(x)	1	:	0.000000	0.000000	0.000000	0.000000	0.000000	0.006513	0.184853	0.308690	0.000000	0.000005	0.499938	0.000000
