logL = -624.393156 (converged)
AIC = 4628.786312
BIC = 9716.759960

count.K
23 11 14 16 3 2 5 12 19 45 

