logL = -856.169889 (converged)
AIC = 3946.339778
BIC = 7309.219401

count.K
13 13 9 31 1 28 55 

