logL = -650.645276 (converged)
AIC = 3409.290553
BIC = 6582.500153

count.K
10 39 4 29 61 5 2 

