0	tsk_0	(x)	1	:	0.000000	0.000000	0.000000	0.000000	0.502152	0.000000	0.497848	0.000000	0.000000	0.000000	0.000000
1	tsk_1	(x)	1	:	0.000000	0.000000	0.000000	0.000000	0.000000	1.000000	0.000000	0.000000	0.000000	0.000000	0.000000
2	tsk_2	(x)	1	:	0.000000	0.000000	0.000000	0.000000	0.669660	0.000000	0.000000	0.000000	0.000000	0.330340	0.000000
3	tsk_3	(x)	1	:	0.000000	0.019402	0.000000	0.000000	0.298504	0.483073	0.000000	0.000000	0.000000	0.199020	0.000000
4	tsk_4	(x)	1	:	0.000000	0.000000	0.491647	0.000000	0.000000	0.000000	0.000000	0.000000	0.000000	0.508352	0.000000
5	tsk_5	(x)	1	:	0.000000	0.000000	0.000000	1.000000	0.000000	0.000000	0.000000	0.000000	0.000000	0.000000	0.000000
6	tsk_6	(x)	1	:	0.000000	0.496852	0.000000	0.000000	0.260448	0.000000	0.000000	0.000000	0.000000	0.242700	0.000000
7	tsk_7	(x)	1	:	0.000000	0.496848	0.000000	0.000000	0.260997	0.000000	0.000000	0.000000	0.000000	0.242155	0.000000
8	tsk_8	(x)	1	:	0.000000	0.019860	0.000000	0.483808	0.374631	0.000000	0.000000	0.000004	0.000000	0.121697	0.000000
9	tsk_9	(x)	1	:	0.498784	0.012417	0.000000	0.000000	0.297752	0.000000	0.000000	0.000000	0.000000	0.191047	0.000000
10	tsk_10	(x)	1	:	0.000000	0.000916	0.000000	0.482417	0.000000	0.000000	0.000000	0.000000	0.516667	0.000000	0.000000
11	tsk_11	(x)	1	:	0.000000	0.512542	0.000000	0.487458	0.000000	0.000000	0.000000	0.000000	0.000000	0.000000	0.000000
12	tsk_12	(x)	1	:	0.000000	0.019441	0.000000	0.483989	0.348229	0.000000	0.000000	0.000000	0.000000	0.148341	0.000000
13	tsk_13	(x)	1	:	0.000000	0.000015	0.000000	0.000000	0.000000	0.000000	0.492016	0.000000	0.507969	0.000000	0.000000
14	tsk_14	(x)	1	:	0.000000	0.000000	0.000000	0.000000	0.000000	0.000000	1.000000	0.000000	0.000000	0.000000	0.000000
15	tsk_15	(x)	1	:	0.000000	0.000909	0.000000	0.476630	0.000000	0.000000	0.522461	0.000000	0.000000	0.000000	0.000000
16	tsk_16	(x)	1	:	0.000000	0.000000	0.000000	0.000000	0.000000	0.469865	0.000000	0.000000	0.530135	0.000000	0.000000
17	tsk_17	(x)	1	:	0.000000	0.000009	0.000000	0.000000	0.000000	0.000000	0.492017	0.000000	0.507973	0.000000	0.000000
18	tsk_18	(x)	1	:	0.000000	0.001591	0.000000	0.482022	0.000000	0.000000	0.000000	0.000000	0.516388	0.000000	0.000000
19	tsk_19	(x)	1	:	0.000000	0.001115	0.000000	0.482300	0.000000	0.000000	0.000000	0.000000	0.516585	0.000000	0.000000
20	tsk_20	(x)	1	:	0.000000	0.001601	0.515334	0.000000	0.104649	0.000000	0.000000	0.000000	0.000000	0.378416	0.000000
21	tsk_21	(x)	1	:	0.000000	0.000000	0.000000	0.000000	0.629265	0.000000	0.000000	0.000000	0.000000	0.370735	0.000000
22	tsk_22	(x)	1	:	0.000000	0.496120	0.000000	0.000000	0.412609	0.000000	0.000000	0.000000	0.000000	0.091271	0.000000
23	tsk_23	(x)	1	:	0.000000	0.001826	0.515279	0.000000	0.166620	0.000000	0.000000	0.000000	0.000000	0.316275	0.000000
24	tsk_24	(x)	1	:	0.000000	0.019220	0.000000	0.484094	0.328766	0.000000	0.000000	0.000000	0.000000	0.167921	0.000000
25	tsk_25	(x)	1	:	0.000000	0.019899	0.000000	0.483609	0.496491	0.000000	0.000000	0.000000	0.000000	0.000000	0.000000
26	tsk_26	(x)	1	:	0.000000	0.000000	0.000000	0.000000	0.606292	0.000000	0.000000	0.000000	0.000000	0.393708	0.000000
27	tsk_27	(x)	1	:	0.000000	0.496607	0.000000	0.000000	0.309615	0.000000	0.000000	0.000000	0.000000	0.193779	0.000000
28	tsk_28	(x)	1	:	0.000000	0.000000	0.000000	0.000000	0.600335	0.000000	0.000000	0.000000	0.000000	0.399665	0.000000
29	tsk_29	(x)	1	:	0.000000	0.496773	0.000000	0.000000	0.276068	0.000000	0.000000	0.000000	0.000000	0.227159	0.000000
30	tsk_30	(x)	1	:	0.000000	0.000390	0.000000	0.484332	0.000000	0.000000	0.000000	0.000000	0.000000	0.000000	0.515278
31	tsk_31	(x)	1	:	0.000000	0.003357	0.515933	0.480710	0.000000	0.000000	0.000000	0.000000	0.000000	0.000000	0.000000
32	tsk_32	(x)	1	:	0.000000	0.000914	0.000000	0.476626	0.000000	0.000000	0.522460	0.000000	0.000000	0.000000	0.000000
33	tsk_33	(x)	1	:	0.000000	0.000000	0.508724	0.000000	0.000000	0.000000	0.000000	0.000000	0.491276	0.000000	0.000000
34	tsk_34	(x)	1	:	0.000000	0.000399	0.000000	0.484324	0.000000	0.000000	0.000000	0.000000	0.000000	0.000000	0.515276
35	tsk_35	(x)	1	:	0.000000	0.512542	0.000000	0.487458	0.000000	0.000000	0.000000	0.000000	0.000000	0.000000	0.000000
36	tsk_36	(x)	1	:	0.000000	0.001439	0.000000	0.482110	0.000000	0.000003	0.000000	0.000000	0.516449	0.000000	0.000000
37	tsk_37	(x)	1	:	0.000000	0.000000	0.000000	1.000000	0.000000	0.000000	0.000000	0.000000	0.000000	0.000000	0.000000
38	tsk_38	(x)	1	:	0.000000	0.000000	0.477065	0.000000	0.000000	0.000000	0.522935	0.000000	0.000000	0.000000	0.000000
39	tsk_39	(x)	1	:	0.000000	0.000000	0.000000	1.000000	0.000000	0.000000	0.000000	0.000000	0.000000	0.000000	0.000000
40	tsk_40	(x)	1	:	0.000000	0.000076	0.482811	0.000000	0.000000	0.000000	0.000000	0.000000	0.517113	0.000000	0.000000
41	tsk_41	(x)	1	:	0.000000	0.000039	0.482820	0.000000	0.000000	0.000000	0.000000	0.000000	0.517141	0.000000	0.000000
42	tsk_42	(x)	1	:	0.000000	0.000000	0.447507	0.000000	0.000000	0.000000	0.552493	0.000000	0.000000	0.000000	0.000000
43	tsk_43	(x)	1	:	0.506218	0.010766	0.483015	0.000000	0.000000	0.000000	0.000000	0.000000	0.000000	0.000000	0.000000
44	tsk_44	(x)	1	:	0.000000	0.000000	1.000000	0.000000	0.000000	0.000000	0.000000	0.000000	0.000000	0.000000	0.000000
45	tsk_45	(x)	1	:	0.000000	0.013084	0.000000	0.000000	0.000000	0.490124	0.496792	0.000000	0.000000	0.000000	0.000000
46	tsk_46	(x)	1	:	0.000000	0.001872	0.510546	0.000000	0.252227	0.000000	0.000000	0.000000	0.000000	0.235355	0.000000
47	tsk_47	(x)	1	:	0.000000	0.011982	0.000000	0.000000	0.000000	0.491027	0.496991	0.000000	0.000000	0.000000	0.000000
48	tsk_48	(x)	1	:	0.000000	0.014361	0.483708	0.000000	0.173116	0.000000	0.000000	0.000000	0.000000	0.328815	0.000000
49	tsk_49	(x)	1	:	0.000000	0.000000	0.000000	0.000000	0.244654	0.000000	0.000000	0.585627	0.000000	0.169719	0.000000
50	tsk_50	(x)	1	:	0.498231	0.013920	0.000000	0.000000	0.221992	0.000000	0.000000	0.000000	0.000000	0.265857	0.000000
51	tsk_51	(x)	1	:	0.000000	0.001464	0.510615	0.000000	0.191054	0.000000	0.000000	0.000000	0.000000	0.296867	0.000000
52	tsk_52	(x)	1	:	0.000000	0.000000	0.000000	0.000000	0.549417	0.000000	0.000000	0.000000	0.000000	0.450583	0.000000
53	tsk_53	(x)	1	:	0.000000	0.504120	0.000000	0.000000	0.000001	0.000000	0.495878	0.000000	0.000000	0.000000	0.000000
54	tsk_54	(x)	1	:	0.000000	0.496332	0.000000	0.000000	0.366811	0.000000	0.000000	0.000000	0.000000	0.136857	0.000000
55	tsk_55	(x)	1	:	0.000000	0.504120	0.000000	0.000000	0.000001	0.000000	0.495878	0.000000	0.000000	0.000000	0.000000
56	tsk_56	(x)	1	:	0.000000	0.504120	0.000000	0.000000	0.000000	0.000000	0.495879	0.000000	0.000000	0.000001	0.000000
57	tsk_57	(x)	1	:	0.000000	0.009985	0.000000	0.000000	0.221743	0.000000	0.495006	0.000000	0.000000	0.273267	0.000000
58	tsk_58	(x)	1	:	0.498584	0.012943	0.000000	0.000000	0.273047	0.000000	0.000000	0.000000	0.000000	0.215425	0.000000
59	tsk_59	(x)	1	:	0.000000	0.496707	0.000000	0.000000	0.289047	0.000000	0.000000	0.000001	0.000000	0.214244	0.000000
60	tsk_60	(x)	1	:	0.485193	0.000411	0.514396	0.000000	0.000000	0.000000	0.000000	0.000000	0.000000	0.000000	0.000000
61	tsk_61	(x)	1	:	1.000000	0.000000	0.000000	0.000000	0.000000	0.000000	0.000000	0.000000	0.000000	0.000000	0.000000
62	tsk_62	(x)	1	:	0.484605	0.001058	0.514337	0.000000	0.000000	0.000000	0.000000	0.000000	0.000000	0.000000	0.000000
63	tsk_63	(x)	1	:	0.487334	0.000735	0.000000	0.000000	0.000000	0.000000	0.000000	0.000000	0.000000	0.000000	0.511931
64	tsk_64	(x)	1	:	0.000000	0.479757	0.000000	0.000000	0.000000	0.000000	0.000000	0.000002	0.520240	0.000000	0.000000
65	tsk_65	(x)	1	:	0.000000	0.645959	0.000000	0.000000	0.000000	0.000000	0.000000	0.000008	0.354032	0.000000	0.000000
66	tsk_66	(x)	1	:	1.000000	0.000000	0.000000	0.000000	0.000000	0.000000	0.000000	0.000000	0.000000	0.000000	0.000000
67	tsk_67	(x)	1	:	0.512977	0.133150	0.000000	0.000000	0.000000	0.000000	0.000000	0.000000	0.353873	0.000000	0.000000
68	tsk_68	(x)	1	:	0.000000	0.482647	0.517351	0.000000	0.000001	0.000000	0.000000	0.000000	0.000000	0.000001	0.000000
69	tsk_69	(x)	1	:	0.000000	0.482643	0.517352	0.000000	0.000001	0.000000	0.000000	0.000003	0.000000	0.000001	0.000000
70	tsk_70	(x)	1	:	0.000000	0.000000	0.447507	0.000000	0.000000	0.000000	0.552493	0.000000	0.000000	0.000000	0.000000
71	tsk_71	(x)	1	:	0.499961	0.005638	0.000000	0.000000	0.000000	0.000000	0.494401	0.000000	0.000000	0.000000	0.000000
72	tsk_72	(x)	1	:	0.000000	0.504120	0.000000	0.000000	0.000001	0.000000	0.495879	0.000000	0.000000	0.000000	0.000000
73	tsk_73	(x)	1	:	0.000000	0.000057	0.485092	0.000000	0.000000	0.000000	0.000000	0.514851	0.000000	0.000000	0.000000
74	tsk_74	(x)	1	:	0.000000	0.000000	1.000000	0.000000	0.000000	0.000000	0.000000	0.000000	0.000000	0.000000	0.000000
75	tsk_75	(x)	1	:	0.000000	0.000119	0.485082	0.000000	0.000000	0.000000	0.000000	0.514799	0.000000	0.000000	0.000000
76	tsk_76	(x)	1	:	0.000000	0.009075	0.000000	0.000000	0.316856	0.000000	0.495046	0.000000	0.000000	0.179022	0.000000
77	tsk_77	(x)	1	:	0.000000	0.000067	0.485091	0.000000	0.000000	0.000000	0.000000	0.514842	0.000000	0.000000	0.000000
78	tsk_78	(x)	1	:	0.000000	0.000004	0.000000	0.000000	0.000000	0.000000	0.492019	0.000000	0.507977	0.000000	0.000000
79	tsk_79	(x)	1	:	0.000000	0.000000	0.000000	0.000000	0.000000	0.000000	1.000000	0.000000	0.000000	0.000000	0.000000
80	tsk_80	(x)	1	:	1.000000	0.000000	0.000000	0.000000	0.000000	0.000000	0.000000	0.000000	0.000000	0.000000	0.000000
81	tsk_81	(x)	1	:	1.000000	0.000000	0.000000	0.000000	0.000000	0.000000	0.000000	0.000000	0.000000	0.000000	0.000000
82	tsk_82	(x)	1	:	0.506314	0.011230	0.000000	0.000000	0.000000	0.482456	0.000000	0.000000	0.000000	0.000000	0.000000
83	tsk_83	(x)	1	:	0.504008	0.014665	0.000000	0.000000	0.000000	0.481327	0.000000	0.000000	0.000000	0.000000	0.000000
84	tsk_84	(x)	1	:	0.506735	0.010602	0.000000	0.000000	0.000000	0.482663	0.000000	0.000000	0.000000	0.000000	0.000000
85	tsk_85	(x)	1	:	0.505466	0.012494	0.000000	0.000000	0.000000	0.482040	0.000000	0.000000	0.000000	0.000000	0.000000
86	tsk_86	(x)	1	:	0.505976	0.011734	0.000000	0.000000	0.000000	0.482290	0.000000	0.000000	0.000000	0.000000	0.000000
87	tsk_87	(x)	1	:	1.000000	0.000000	0.000000	0.000000	0.000000	0.000000	0.000000	0.000000	0.000000	0.000000	0.000000
88	tsk_88	(x)	1	:	0.498985	0.001146	0.000000	0.000000	0.000000	0.000000	0.000000	0.499869	0.000000	0.000000	0.000000
89	tsk_89	(x)	1	:	1.000000	0.000000	0.000000	0.000000	0.000000	0.000000	0.000000	0.000000	0.000000	0.000000	0.000000
90	tsk_90	(x)	1	:	0.000000	0.405148	0.000000	0.000000	0.000000	0.594851	0.000000	0.000000	0.000000	0.000000	0.000000
91	tsk_91	(x)	1	:	0.000000	0.013110	0.000000	0.000000	0.000000	0.490103	0.496787	0.000000	0.000000	0.000000	0.000000
92	tsk_92	(x)	1	:	0.436046	0.000001	0.000000	0.000000	0.000000	0.563953	0.000000	0.000000	0.000000	0.000000	0.000000
93	tsk_93	(x)	1	:	0.000000	0.000000	0.000000	0.000000	0.000000	0.000000	1.000000	0.000000	0.000000	0.000000	0.000000
94	tsk_94	(x)	1	:	0.487552	0.001311	0.000000	0.000000	0.000000	0.000000	0.000000	0.000000	0.511137	0.000000	0.000000
95	tsk_95	(x)	1	:	0.000000	0.000000	0.000000	0.000000	0.000000	1.000000	0.000000	0.000000	0.000000	0.000000	0.000000
96	tsk_96	(x)	1	:	0.000000	0.013592	0.000000	0.000000	0.000000	0.489708	0.496700	0.000000	0.000000	0.000000	0.000000
97	tsk_97	(x)	1	:	0.000000	0.000000	0.000000	0.000000	0.000000	1.000000	0.000000	0.000000	0.000000	0.000000	0.000000
98	tsk_98	(x)	1	:	0.000000	0.000000	0.000000	0.000000	0.000000	1.000000	0.000000	0.000000	0.000000	0.000000	0.000000
99	tsk_99	(x)	1	:	0.000000	0.000000	0.000000	0.000000	0.000000	0.522738	0.477261	0.000000	0.000000	0.000000	0.000000
100	tsk_100	(x)	1	:	0.000000	0.999999	0.000000	0.000000	0.000001	0.000000	0.000000	0.000000	0.000000	0.000000	0.000000
101	tsk_101	(x)	1	:	0.000000	0.000000	0.000000	0.000000	0.325532	0.000000	0.000000	0.000000	0.000000	0.674468	0.000000
102	tsk_102	(x)	1	:	0.000000	0.504120	0.000000	0.000000	0.000001	0.000000	0.495879	0.000000	0.000000	0.000000	0.000000
103	tsk_103	(x)	1	:	0.000000	0.000528	0.000000	0.000000	0.363255	0.000000	0.521984	0.000000	0.000000	0.114232	0.000000
104	tsk_104	(x)	1	:	0.000000	0.504120	0.000000	0.000000	0.000001	0.000000	0.495879	0.000000	0.000000	0.000000	0.000000
105	tsk_105	(x)	1	:	0.000000	0.011308	0.000000	0.000000	0.369399	0.485630	0.000000	0.000000	0.000000	0.133663	0.000000
106	tsk_106	(x)	1	:	0.000000	0.436516	0.000000	0.000000	0.236185	0.000000	0.000000	0.000000	0.000000	0.266850	0.060449
107	tsk_107	(x)	1	:	0.000000	0.479758	0.000000	0.000000	0.000000	0.000000	0.000000	0.000001	0.520240	0.000000	0.000000
108	tsk_108	(x)	1	:	0.000000	0.018780	0.000000	0.000000	0.209799	0.483432	0.000000	0.000000	0.000000	0.287989	0.000000
109	tsk_109	(x)	1	:	0.000000	0.008763	0.000000	0.000000	0.202829	0.000000	0.495137	0.000000	0.000000	0.293271	0.000000
110	tsk_110	(x)	1	:	0.000000	0.027117	0.000000	0.487195	0.000000	0.485688	0.000000	0.000000	0.000000	0.000000	0.000000
111	tsk_111	(x)	1	:	0.000000	0.026104	0.000000	0.487701	0.000000	0.486195	0.000000	0.000000	0.000000	0.000000	0.000000
112	tsk_112	(x)	1	:	0.000000	0.000000	0.000000	0.000000	0.000000	0.469865	0.000000	0.000000	0.530135	0.000000	0.000000
113	tsk_113	(x)	1	:	0.000000	0.613054	0.000000	0.000000	0.000000	0.386946	0.000000	0.000000	0.000000	0.000000	0.000000
114	tsk_114	(x)	1	:	0.000000	0.512541	0.000000	0.487457	0.000000	0.000000	0.000000	0.000002	0.000000	0.000000	0.000000
115	tsk_115	(x)	1	:	0.000000	0.613054	0.000000	0.000000	0.000000	0.386946	0.000000	0.000000	0.000000	0.000000	0.000000
116	tsk_116	(x)	1	:	0.000000	0.012629	0.000000	0.000000	0.000000	0.490497	0.496874	0.000000	0.000000	0.000000	0.000000
117	tsk_117	(x)	1	:	0.000000	0.409984	0.000000	0.000000	0.000000	0.590016	0.000000	0.000000	0.000000	0.000000	0.000000
118	tsk_118	(x)	1	:	0.000000	0.453553	0.000000	0.000000	0.000000	0.485985	0.000000	0.000000	0.000000	0.000000	0.060462
119	tsk_119	(x)	1	:	0.000000	0.026926	0.000000	0.487290	0.000000	0.485784	0.000000	0.000000	0.000000	0.000000	0.000000
120	tsk_120	(x)	1	:	0.000000	0.504120	0.000000	0.000000	0.000001	0.000000	0.495879	0.000000	0.000000	0.000000	0.000000
121	tsk_121	(x)	1	:	0.000000	0.000000	0.000000	1.000000	0.000000	0.000000	0.000000	0.000000	0.000000	0.000000	0.000000
122	tsk_122	(x)	1	:	0.000000	0.000000	0.000000	0.560343	0.000000	0.439657	0.000000	0.000000	0.000000	0.000000	0.000000
123	tsk_123	(x)	1	:	0.000000	1.000000	0.000000	0.000000	0.000000	0.000000	0.000000	0.000000	0.000000	0.000000	0.000000
124	tsk_124	(x)	1	:	0.000000	0.514045	0.000000	0.000000	0.000000	0.485954	0.000000	0.000000	0.000000	0.000000	0.000000
125	tsk_125	(x)	1	:	0.000000	0.477310	0.000000	0.000000	0.000001	0.000000	0.522688	0.000000	0.000000	0.000000	0.000000
126	tsk_126	(x)	1	:	0.000000	0.514046	0.000000	0.000000	0.000000	0.485954	0.000000	0.000000	0.000000	0.000000	0.000000
127	tsk_127	(x)	1	:	0.000000	0.000000	0.000000	0.524425	0.000000	0.000000	0.475574	0.000000	0.000000	0.000000	0.000000
128	tsk_128	(x)	1	:	0.000000	0.492156	0.000000	0.000000	0.000000	0.000000	0.000000	0.507844	0.000000	0.000000	0.000000
129	tsk_129	(x)	1	:	0.000000	0.000000	0.000000	0.000000	0.000000	1.000000	0.000000	0.000000	0.000000	0.000000	0.000000
130	tsk_130	(x)	1	:	0.000000	0.000000	0.651558	0.000000	0.000000	0.000000	0.348442	0.000000	0.000000	0.000000	0.000000
131	tsk_131	(x)	1	:	0.000000	0.000003	0.000000	0.000000	0.037433	0.567161	0.000000	0.000000	0.000000	0.395402	0.000000
132	tsk_132	(x)	1	:	0.000000	0.010142	0.000000	0.000000	0.259693	0.000000	0.494971	0.000000	0.000000	0.235194	0.000000
133	tsk_133	(x)	1	:	0.498202	0.013275	0.000000	0.000000	0.357836	0.000000	0.000000	0.000000	0.000000	0.130687	0.000000
134	tsk_134	(x)	1	:	0.000000	0.000000	1.000000	0.000000	0.000000	0.000000	0.000000	0.000000	0.000000	0.000000	0.000000
135	tsk_135	(x)	1	:	0.499955	0.005645	0.000000	0.000000	0.000000	0.000000	0.494400	0.000000	0.000000	0.000000	0.000000
136	tsk_136	(x)	1	:	0.478288	0.000651	0.000000	0.000000	0.000000	0.000000	0.521061	0.000000	0.000000	0.000000	0.000000
137	tsk_137	(x)	1	:	0.000000	0.000000	0.000000	0.000000	0.000000	1.000000	0.000000	0.000000	0.000000	0.000000	0.000000
138	tsk_138	(x)	1	:	0.498355	0.013284	0.000000	0.000000	0.295585	0.000000	0.000000	0.000000	0.000000	0.192776	0.000000
139	tsk_139	(x)	1	:	0.000000	0.000000	0.000000	0.000000	0.000000	1.000000	0.000000	0.000000	0.000000	0.000000	0.000000
140	tsk_140	(x)	1	:	0.000000	0.504120	0.000000	0.000000	0.000000	0.000000	0.495879	0.000000	0.000000	0.000000	0.000000
141	tsk_141	(x)	1	:	0.499202	0.006479	0.000000	0.000000	0.000000	0.000000	0.494319	0.000000	0.000000	0.000000	0.000000
142	tsk_142	(x)	1	:	0.000000	0.001746	0.000000	0.000000	0.097330	0.000000	0.000000	0.000000	0.000000	0.387762	0.513162
143	tsk_143	(x)	1	:	0.500094	0.005490	0.000000	0.000000	0.000000	0.000000	0.494415	0.000000	0.000000	0.000000	0.000000
144	tsk_144	(x)	1	:	0.498457	0.012760	0.000000	0.000000	0.359480	0.000000	0.000000	0.000000	0.000000	0.129304	0.000000
145	tsk_145	(x)	1	:	0.498208	0.013535	0.000000	0.000000	0.304016	0.000000	0.000000	0.000000	0.000000	0.184242	0.000000
146	tsk_146	(x)	1	:	0.000000	0.012777	0.000000	0.000000	0.000000	0.490376	0.496847	0.000000	0.000000	0.000000	0.000000
147	tsk_147	(x)	1	:	0.000000	0.001279	0.510584	0.000000	0.285816	0.000000	0.000000	0.000000	0.000000	0.202321	0.000000
148	tsk_148	(x)	1	:	0.499075	0.011422	0.000000	0.000000	0.380607	0.000000	0.000000	0.000000	0.000000	0.108896	0.000000
149	tsk_149	(x)	1	:	0.506080	0.011578	0.000000	0.000000	0.000000	0.482341	0.000000	0.000000	0.000000	0.000000	0.000000
