logL = -645.143443 (converged)
AIC = 3078.286886
BIC = 5769.794839

count.K
44 66 13 13 9 5 

