logL = -1925.375812 (converged)
AIC = 7730.751624
BIC = 13571.384095

count.K
24 3 29 14 1 18 19 16 26 0 

