logL = -734.580650 (converged)
AIC = 6125.161300
BIC = 13133.920265

count.K
1 15 9 23 2 3 22 2 4 8 9 4 7 41 

