logL = -1014.739084 (converged)
AIC = 4361.478168
BIC = 7871.878921

count.K
6 85 3 19 11 12 14 

