0	tsk_0	(x)	1	:	0.000000	0.000000	0.000000	0.000000	0.000000	0.000000	0.000000	0.000000	0.000000	0.000000	1.000000	0.000000	0.000000	0.000000
1	tsk_1	(x)	1	:	0.499987	0.000000	0.000000	0.020339	0.000000	0.000000	0.000000	0.315335	0.000000	0.000000	0.000000	0.000000	0.164339	0.000000
2	tsk_2	(x)	1	:	0.000000	0.000000	0.000000	0.011396	0.000000	0.000000	0.000000	0.000000	0.000000	0.498942	0.488366	0.000000	0.001297	0.000000
3	tsk_3	(x)	1	:	0.495175	0.000000	0.000000	0.000891	0.000000	0.000000	0.000000	0.000000	0.000000	0.497599	0.000000	0.000000	0.006335	0.000000
4	tsk_4	(x)	1	:	0.000000	0.000000	0.000000	0.000000	0.000000	0.000000	0.487921	0.000000	0.000000	0.501273	0.000000	0.000000	0.010806	0.000000
5	tsk_5	(x)	1	:	0.000000	0.000000	0.000000	0.001709	0.000000	0.000000	0.484393	0.000000	0.000000	0.499519	0.000000	0.000000	0.014379	0.000000
6	tsk_6	(x)	1	:	0.000000	0.000000	0.000000	0.000000	0.000000	0.000000	0.000000	0.000000	0.000000	1.000000	0.000000	0.000000	0.000000	0.000000
7	tsk_7	(x)	1	:	0.000000	0.000000	0.000000	0.232468	0.000000	0.000000	0.000000	0.000000	0.000000	0.000000	0.490498	0.000000	0.277034	0.000000
8	tsk_8	(x)	1	:	0.000000	0.000000	0.000000	0.075259	0.000000	0.000000	0.000000	0.315336	0.000000	0.499994	0.000000	0.000000	0.109411	0.000000
9	tsk_9	(x)	1	:	0.000000	0.000000	0.000000	0.000000	0.000000	0.000000	0.000000	0.000000	0.000000	1.000000	0.000000	0.000000	0.000000	0.000000
10	tsk_10	(x)	1	:	0.000000	0.000000	0.000000	0.114622	0.000000	0.000000	0.000000	0.000000	0.000000	0.000000	0.000000	0.419481	0.465897	0.000000
11	tsk_11	(x)	1	:	0.000000	0.000000	0.000000	0.045118	0.000000	0.000000	0.000000	0.000000	0.513684	0.000000	0.000000	0.432030	0.009168	0.000000
12	tsk_12	(x)	1	:	0.000000	0.000000	0.000000	0.000000	0.000000	0.000000	0.000000	0.000000	0.000000	0.580519	0.000000	0.419481	0.000000	0.000000
13	tsk_13	(x)	1	:	0.000000	0.000000	0.000000	0.000000	0.000000	0.000000	0.000000	0.000000	0.000000	1.000000	0.000000	0.000000	0.000000	0.000000
14	tsk_14	(x)	1	:	0.000000	0.000000	0.000000	0.360042	0.000000	0.000000	0.000000	0.000000	0.000000	0.000000	0.490498	0.000000	0.149460	0.000000
15	tsk_15	(x)	1	:	0.000000	0.000000	0.000000	0.283552	0.000000	0.000000	0.000000	0.000000	0.000000	0.500000	0.000000	0.000000	0.216448	0.000000
16	tsk_16	(x)	1	:	0.000000	0.000000	0.000000	0.000000	0.000000	0.000000	0.000000	0.000000	0.000000	1.000000	0.000000	0.000000	0.000000	0.000000
17	tsk_17	(x)	1	:	0.000000	0.000000	0.000000	0.001803	0.000000	0.488443	0.000000	0.000000	0.000000	0.506403	0.000000	0.000000	0.003351	0.000000
18	tsk_18	(x)	1	:	0.000000	0.000000	0.000000	0.000000	0.000000	0.000000	0.000000	0.000000	0.000000	0.580519	0.000000	0.419481	0.000000	0.000000
19	tsk_19	(x)	1	:	0.000000	0.000000	0.000000	0.002781	0.000000	0.487715	0.000000	0.000000	0.000000	0.506036	0.000000	0.000000	0.003469	0.000000
20	tsk_20	(x)	1	:	0.000000	0.000000	0.000000	0.355836	0.000000	0.000000	0.000000	0.000000	0.000000	0.000000	0.000000	0.000000	0.644164	0.000000
21	tsk_21	(x)	1	:	0.000000	0.000000	0.000000	0.398120	0.000000	0.000000	0.000000	0.000000	0.000000	0.000000	0.490498	0.000000	0.111382	0.000000
22	tsk_22	(x)	1	:	0.500000	0.000000	0.000000	0.037198	0.000000	0.000000	0.000000	0.000000	0.000000	0.000000	0.000000	0.000000	0.462802	0.000000
23	tsk_23	(x)	1	:	0.000000	0.482172	0.000000	0.459033	0.000000	0.000000	0.000000	0.000000	0.000000	0.000000	0.000000	0.000000	0.058795	0.000000
24	tsk_24	(x)	1	:	0.000000	0.000000	0.000000	1.000000	0.000000	0.000000	0.000000	0.000000	0.000000	0.000000	0.000000	0.000000	0.000000	0.000000
25	tsk_25	(x)	1	:	0.000000	0.000000	0.000000	0.261333	0.000000	0.000000	0.000000	0.000000	0.000000	0.000000	0.490498	0.000000	0.248169	0.000000
26	tsk_26	(x)	1	:	0.000000	0.000000	0.000000	0.086650	0.000000	0.000000	0.000000	0.000000	0.000000	0.000000	0.490498	0.000000	0.422852	0.000000
27	tsk_27	(x)	1	:	0.000000	0.000000	0.000000	0.567960	0.000000	0.000000	0.000000	0.000000	0.000000	0.000000	0.000000	0.000000	0.432040	0.000000
28	tsk_28	(x)	1	:	0.000000	0.000000	0.000000	0.215569	0.000000	0.000000	0.000000	0.000000	0.000000	0.000000	0.000000	0.000000	0.784431	0.000000
29	tsk_29	(x)	1	:	0.000000	0.000000	0.000000	0.045535	0.000000	0.475729	0.000000	0.000000	0.000000	0.000000	0.000000	0.000000	0.478736	0.000000
30	tsk_30	(x)	1	:	0.000000	0.000000	0.000000	0.009913	0.000000	0.000000	0.000000	0.000000	0.000000	0.499095	0.488676	0.000000	0.002315	0.000000
31	tsk_31	(x)	1	:	0.000000	0.000000	0.000000	0.000000	0.000000	0.000000	0.000000	0.220939	0.000000	0.779061	0.000000	0.000000	0.000000	0.000000
32	tsk_32	(x)	1	:	0.000000	0.000000	0.000000	0.000000	0.000000	0.000000	0.000000	0.200415	0.000000	0.433676	0.365908	0.000000	0.000000	0.000000
33	tsk_33	(x)	1	:	0.000000	0.000000	0.000000	0.181154	0.000000	0.000000	0.000000	0.245331	0.000000	0.499998	0.000000	0.000000	0.073517	0.000000
34	tsk_34	(x)	1	:	0.000000	0.000000	0.448726	0.008727	0.000000	0.000000	0.000000	0.000000	0.000000	0.500092	0.000000	0.000000	0.042456	0.000000
35	tsk_35	(x)	1	:	0.000000	0.000000	0.000000	0.187077	0.000000	0.000000	0.000000	0.245331	0.000000	0.499998	0.000000	0.000000	0.067594	0.000000
36	tsk_36	(x)	1	:	0.000000	0.000000	0.000000	0.000000	0.000000	0.000000	0.000000	0.000000	0.000000	0.000000	1.000000	0.000000	0.000000	0.000000
37	tsk_37	(x)	1	:	0.000000	0.000000	0.000000	0.147147	0.000000	0.000000	0.000000	0.315336	0.000000	0.499994	0.000000	0.000000	0.037523	0.000000
38	tsk_38	(x)	1	:	0.000000	0.000000	0.000000	0.147434	0.000000	0.000000	0.000000	0.000000	0.000000	0.500000	0.000000	0.000000	0.352566	0.000000
39	tsk_39	(x)	1	:	0.000000	0.000000	0.000000	0.510068	0.000000	0.000000	0.000000	0.315342	0.000000	0.000000	0.000000	0.000000	0.174590	0.000000
40	tsk_40	(x)	1	:	0.000000	0.000000	0.560371	0.000000	0.000000	0.000000	0.000000	0.000000	0.000000	0.439629	0.000000	0.000000	0.000000	0.000000
41	tsk_41	(x)	1	:	0.000000	0.000000	0.588423	0.000000	0.000000	0.000000	0.000000	0.000000	0.000000	0.000000	0.411577	0.000000	0.000000	0.000000
42	tsk_42	(x)	1	:	0.000000	0.000000	0.000000	0.150906	0.000000	0.475729	0.000000	0.000000	0.000000	0.000000	0.000000	0.000000	0.373365	0.000000
43	tsk_43	(x)	1	:	0.000000	0.000000	0.000000	0.000000	0.000000	0.000000	0.000000	0.000000	0.000000	0.000000	1.000000	0.000000	0.000000	0.000000
44	tsk_44	(x)	1	:	0.000000	0.000000	0.000000	0.000000	0.000000	0.000000	0.000000	0.000000	0.000000	0.000000	1.000000	0.000000	0.000000	0.000000
45	tsk_45	(x)	1	:	0.000000	0.000000	0.000000	0.000041	0.000000	0.000000	0.000000	0.000000	0.000000	0.499942	0.000000	0.000000	0.000048	0.499969
46	tsk_46	(x)	1	:	0.000000	0.000000	0.000000	0.002107	0.000000	0.487752	0.000000	0.000000	0.000000	0.506054	0.000000	0.000000	0.004087	0.000000
47	tsk_47	(x)	1	:	0.000000	0.000000	0.000000	0.344540	0.000000	0.000000	0.000000	0.000000	0.000000	0.000000	0.490498	0.000000	0.164963	0.000000
48	tsk_48	(x)	1	:	0.000000	0.000000	0.000000	0.128547	0.000000	0.000000	0.000000	0.000000	0.000000	0.000000	0.490498	0.000000	0.380955	0.000000
49	tsk_49	(x)	1	:	0.000000	0.000000	0.000000	0.000000	0.000000	0.000000	0.000000	0.000000	0.000000	0.000000	1.000000	0.000000	0.000000	0.000000
50	tsk_50	(x)	1	:	0.000000	0.482172	0.000000	0.407621	0.000000	0.000000	0.000000	0.000000	0.000000	0.000000	0.000000	0.000000	0.110207	0.000000
51	tsk_51	(x)	1	:	0.000000	0.000000	0.448730	0.021456	0.000000	0.000000	0.000000	0.000000	0.000000	0.500094	0.000000	0.000000	0.029721	0.000000
52	tsk_52	(x)	1	:	0.000000	0.482172	0.000000	0.517828	0.000000	0.000000	0.000000	0.000000	0.000000	0.000000	0.000000	0.000000	0.000000	0.000000
53	tsk_53	(x)	1	:	0.000000	0.000000	0.000000	0.076873	0.000000	0.000000	0.485360	0.000000	0.000000	0.000000	0.000000	0.000000	0.437767	0.000000
54	tsk_54	(x)	1	:	0.000000	0.482171	0.000000	0.503795	0.000000	0.000000	0.000000	0.000000	0.000000	0.000000	0.000000	0.000001	0.014033	0.000000
55	tsk_55	(x)	1	:	0.000000	0.000000	0.638139	0.306655	0.000000	0.000000	0.000000	0.000000	0.000000	0.000000	0.000000	0.000000	0.055206	0.000000
56	tsk_56	(x)	1	:	0.000000	0.000000	0.000000	0.353935	0.000000	0.000000	0.000000	0.000000	0.000000	0.000000	0.000000	0.000000	0.646064	0.000000
57	tsk_57	(x)	1	:	0.000000	0.000000	0.000000	0.233501	0.000000	0.000000	0.000000	0.000000	0.000000	0.500000	0.000000	0.000000	0.266499	0.000000
58	tsk_58	(x)	1	:	0.000000	0.000000	0.000000	0.205140	0.000000	0.000000	0.000000	0.000000	0.000000	0.500000	0.000000	0.000000	0.294860	0.000000
59	tsk_59	(x)	1	:	0.000000	0.000000	0.000000	0.291175	0.000000	0.000000	0.000000	0.000000	0.000000	0.000000	0.000000	0.000000	0.708825	0.000000
60	tsk_60	(x)	1	:	0.498408	0.000000	0.000000	0.000407	0.000000	0.000000	0.483775	0.000000	0.000000	0.000000	0.000000	0.000000	0.017410	0.000000
61	tsk_61	(x)	1	:	0.499569	0.000000	0.000000	0.007088	0.211661	0.000000	0.000000	0.000000	0.000000	0.000000	0.000000	0.000000	0.281681	0.000000
62	tsk_62	(x)	1	:	0.000000	0.000000	0.000000	0.000164	0.000000	0.000000	0.494502	0.000000	0.000000	0.000000	0.000000	0.000000	0.000695	0.504640
63	tsk_63	(x)	1	:	0.000000	0.000000	0.000000	0.259316	0.000000	0.000000	0.000000	0.000000	0.000000	0.500000	0.000000	0.000000	0.240684	0.000000
64	tsk_64	(x)	1	:	1.000000	0.000000	0.000000	0.000000	0.000000	0.000000	0.000000	0.000000	0.000000	0.000000	0.000000	0.000000	0.000000	0.000000
65	tsk_65	(x)	1	:	0.495075	0.000000	0.000000	0.000709	0.000000	0.000000	0.000000	0.000000	0.000000	0.497550	0.000000	0.000000	0.006666	0.000000
66	tsk_66	(x)	1	:	0.494978	0.000000	0.000000	0.000283	0.000000	0.000000	0.000000	0.000000	0.000000	0.497502	0.000000	0.000000	0.007237	0.000000
67	tsk_67	(x)	1	:	0.000000	0.000000	0.347815	0.000000	0.209465	0.000000	0.000000	0.000000	0.000000	0.442721	0.000000	0.000000	0.000000	0.000000
68	tsk_68	(x)	1	:	0.000000	0.000000	0.000000	0.158260	0.000000	0.000000	0.000000	0.000000	0.000000	0.500000	0.000000	0.000000	0.341740	0.000000
69	tsk_69	(x)	1	:	0.496881	0.000000	0.000000	0.000498	0.000000	0.000000	0.000000	0.000000	0.000000	0.000000	0.487383	0.000000	0.015238	0.000000
70	tsk_70	(x)	1	:	0.000000	0.000000	0.000000	0.073723	0.000000	0.000000	0.000000	0.000000	0.000000	0.500000	0.000000	0.000000	0.426277	0.000000
71	tsk_71	(x)	1	:	0.000000	0.000000	0.000000	0.003575	0.000000	0.487724	0.000000	0.000000	0.000000	0.506040	0.000000	0.000000	0.002660	0.000000
72	tsk_72	(x)	1	:	0.000000	0.000000	0.448542	0.339369	0.000000	0.000000	0.000000	0.000000	0.000000	0.000000	0.000000	0.000000	0.212089	0.000000
73	tsk_73	(x)	1	:	0.000000	0.000000	0.000000	0.200879	0.231569	0.000000	0.000000	0.000000	0.000000	0.000000	0.000000	0.000000	0.567551	0.000000
74	tsk_74	(x)	1	:	0.000000	0.000000	0.000000	0.234459	0.000000	0.000000	0.000000	0.000000	0.000000	0.500000	0.000000	0.000000	0.265541	0.000000
75	tsk_75	(x)	1	:	0.000000	0.000000	1.000000	0.000000	0.000000	0.000000	0.000000	0.000000	0.000000	0.000000	0.000000	0.000000	0.000000	0.000000
76	tsk_76	(x)	1	:	0.000000	0.000000	0.000000	0.000000	0.000000	0.000000	0.000000	0.000000	0.000000	1.000000	0.000000	0.000000	0.000000	0.000000
77	tsk_77	(x)	1	:	0.000000	0.000000	0.000000	0.129847	0.231569	0.000000	0.000000	0.000000	0.000000	0.000000	0.000000	0.000000	0.638584	0.000000
78	tsk_78	(x)	1	:	0.000000	0.000000	0.000000	0.000000	0.000000	0.000000	0.000000	0.000000	0.000000	1.000000	0.000000	0.000000	0.000000	0.000000
79	tsk_79	(x)	1	:	0.000000	0.000000	0.000000	0.005660	0.000000	0.487537	0.000000	0.000000	0.000000	0.505946	0.000000	0.000000	0.000857	0.000000
80	tsk_80	(x)	1	:	0.000000	0.000000	0.000000	0.000000	0.000000	0.000000	0.000000	1.000000	0.000000	0.000000	0.000000	0.000000	0.000000	0.000000
81	tsk_81	(x)	1	:	0.000000	0.000000	0.000000	0.091678	0.000000	0.000000	0.000000	0.678860	0.000000	0.000000	0.000000	0.000000	0.229462	0.000000
82	tsk_82	(x)	1	:	0.000000	0.000000	0.000000	0.030284	0.000000	0.000000	0.000000	0.948373	0.000000	0.000000	0.000000	0.000000	0.021343	0.000000
83	tsk_83	(x)	1	:	0.000000	0.000000	0.000000	0.300072	0.000000	0.000000	0.000000	0.315342	0.000000	0.000000	0.000000	0.000000	0.384586	0.000000
84	tsk_84	(x)	1	:	0.000000	0.000000	0.000000	0.402686	0.000000	0.000000	0.000000	0.315342	0.000000	0.000000	0.000000	0.000000	0.281972	0.000000
85	tsk_85	(x)	1	:	0.000000	0.482172	0.000000	0.416141	0.000000	0.000000	0.000000	0.000000	0.000000	0.000000	0.000000	0.000000	0.101687	0.000000
86	tsk_86	(x)	1	:	0.000000	0.000000	0.000000	0.233750	0.000000	0.475729	0.000000	0.000000	0.000000	0.000000	0.000000	0.000000	0.290520	0.000000
87	tsk_87	(x)	1	:	0.000000	0.000000	0.000000	0.077656	0.000000	0.000000	0.000000	0.550840	0.000000	0.000000	0.000000	0.310550	0.060953	0.000000
88	tsk_88	(x)	1	:	0.500000	0.000000	0.000000	0.045386	0.000000	0.000000	0.000000	0.000000	0.000000	0.000000	0.000000	0.000000	0.454614	0.000000
89	tsk_89	(x)	1	:	0.000000	0.000000	0.000000	0.000000	0.000000	0.000000	0.000000	1.000000	0.000000	0.000000	0.000000	0.000000	0.000000	0.000000
90	tsk_90	(x)	1	:	0.000000	0.482172	0.000000	0.399150	0.000000	0.000000	0.000000	0.000000	0.000000	0.000000	0.000000	0.000000	0.118678	0.000000
91	tsk_91	(x)	1	:	0.000000	0.592996	0.000000	0.000000	0.000000	0.000000	0.000000	0.000000	0.000000	0.407004	0.000000	0.000000	0.000000	0.000000
92	tsk_92	(x)	1	:	0.000000	0.000000	0.000000	0.258146	0.000000	0.000000	0.000000	0.000000	0.500000	0.000000	0.000000	0.000000	0.241854	0.000000
93	tsk_93	(x)	1	:	0.000000	0.487931	0.000000	0.000431	0.000000	0.000000	0.000000	0.000000	0.511576	0.000000	0.000000	0.000000	0.000062	0.000000
94	tsk_94	(x)	1	:	0.000000	0.482172	0.000000	0.441468	0.000000	0.000000	0.000000	0.000000	0.000000	0.000000	0.000000	0.000000	0.076360	0.000000
95	tsk_95	(x)	1	:	0.000000	1.000000	0.000000	0.000000	0.000000	0.000000	0.000000	0.000000	0.000000	0.000000	0.000000	0.000000	0.000000	0.000000
96	tsk_96	(x)	1	:	0.000000	0.000000	0.000000	0.000000	0.000000	0.000000	0.000000	0.000000	1.000000	0.000000	0.000000	0.000000	0.000000	0.000000
97	tsk_97	(x)	1	:	0.000000	0.487947	0.000000	0.000331	0.000000	0.000000	0.000000	0.000000	0.511609	0.000000	0.000000	0.000000	0.000113	0.000000
98	tsk_98	(x)	1	:	0.000000	0.592996	0.000000	0.000000	0.000000	0.000000	0.000000	0.000000	0.000000	0.407004	0.000000	0.000000	0.000000	0.000000
99	tsk_99	(x)	1	:	0.000000	0.485645	0.000000	0.027175	0.000000	0.482739	0.000000	0.000000	0.000000	0.000000	0.000000	0.000000	0.004441	0.000000
100	tsk_100	(x)	1	:	0.000000	0.000000	0.448542	0.340897	0.000000	0.000000	0.000000	0.000000	0.000000	0.000000	0.000000	0.000000	0.210562	0.000000
101	tsk_101	(x)	1	:	0.000000	0.000000	0.000000	0.582629	0.000000	0.000000	0.000000	0.000000	0.000000	0.000000	0.000000	0.000000	0.417371	0.000000
102	tsk_102	(x)	1	:	0.000000	0.000000	0.000000	0.338453	0.000000	0.000000	0.000000	0.000000	0.000000	0.000000	0.490498	0.000000	0.171049	0.000000
103	tsk_103	(x)	1	:	0.000000	0.000000	0.000000	0.000000	0.000000	0.000000	0.000000	0.000000	0.000000	0.000000	1.000000	0.000000	0.000000	0.000000
104	tsk_104	(x)	1	:	0.000000	0.000000	0.000000	0.361601	0.000000	0.000000	0.000000	0.000000	0.000000	0.000000	0.000000	0.000000	0.638399	0.000000
105	tsk_105	(x)	1	:	0.000000	0.000000	0.000000	0.509502	0.000000	0.000000	0.000000	0.000000	0.000000	0.000000	0.490498	0.000000	0.000000	0.000000
106	tsk_106	(x)	1	:	0.000000	0.000000	0.000000	0.270646	0.000000	0.000000	0.000000	0.000000	0.000000	0.000000	0.000000	0.000000	0.729354	0.000000
107	tsk_107	(x)	1	:	0.000000	0.000000	0.000000	0.119490	0.000000	0.000000	0.000000	0.000000	0.000000	0.000000	0.000000	0.000000	0.880510	0.000000
108	tsk_108	(x)	1	:	0.000000	0.000000	0.000000	0.306117	0.000000	0.000000	0.000000	0.000000	0.000000	0.000000	0.000000	0.000000	0.693882	0.000000
109	tsk_109	(x)	1	:	0.000000	0.000000	0.000000	0.478341	0.000000	0.000000	0.000000	0.000000	0.000000	0.000000	0.000000	0.000000	0.521659	0.000000
110	tsk_110	(x)	1	:	0.497957	0.000000	0.000000	0.001021	0.000000	0.000000	0.483326	0.000000	0.000000	0.000000	0.000000	0.000000	0.017696	0.000000
111	tsk_111	(x)	1	:	0.000000	0.000000	0.000000	0.007814	0.000000	0.000000	0.485264	0.000000	0.000000	0.499951	0.000000	0.000000	0.006971	0.000000
112	tsk_112	(x)	1	:	0.000000	0.000000	0.000000	0.317852	0.000000	0.000000	0.000000	0.000000	0.000000	0.500000	0.000000	0.000000	0.182148	0.000000
113	tsk_113	(x)	1	:	0.500000	0.000000	0.000000	0.082248	0.000000	0.000000	0.000000	0.000000	0.000000	0.000000	0.000000	0.000000	0.417752	0.000000
114	tsk_114	(x)	1	:	0.000000	0.000000	0.000000	0.118148	0.000000	0.000000	0.000000	0.000000	0.000000	0.000000	0.000000	0.000000	0.881852	0.000000
115	tsk_115	(x)	1	:	0.000000	0.000000	0.000000	0.000000	0.000000	0.000000	0.000000	0.000000	0.000000	1.000000	0.000000	0.000000	0.000000	0.000000
116	tsk_116	(x)	1	:	1.000000	0.000000	0.000000	0.000000	0.000000	0.000000	0.000000	0.000000	0.000000	0.000000	0.000000	0.000000	0.000000	0.000000
117	tsk_117	(x)	1	:	0.000000	0.000000	0.000000	0.000000	0.000000	0.244830	0.336912	0.000000	0.000000	0.418258	0.000000	0.000000	0.000000	0.000000
118	tsk_118	(x)	1	:	0.000000	0.000000	0.000000	0.236995	0.000000	0.000000	0.000000	0.000000	0.000000	0.500000	0.000000	0.000000	0.263004	0.000000
119	tsk_119	(x)	1	:	0.000000	0.000000	0.000000	0.117820	0.000000	0.000000	0.000000	0.000000	0.000000	0.000000	0.000000	0.000000	0.882180	0.000000
120	tsk_120	(x)	1	:	0.000000	0.000000	0.000000	0.237434	0.000000	0.000000	0.000000	0.000000	0.000000	0.500000	0.000000	0.000000	0.262566	0.000000
121	tsk_121	(x)	1	:	0.000000	0.000000	0.347915	0.000000	0.209682	0.000000	0.000000	0.000000	0.000000	0.000000	0.000000	0.000000	0.000000	0.442403
122	tsk_122	(x)	1	:	0.000000	0.000000	0.000000	0.198727	0.000000	0.000000	0.000000	0.000000	0.000000	0.000000	0.000000	0.310554	0.490720	0.000000
123	tsk_123	(x)	1	:	0.000000	0.000000	0.000000	0.146643	0.000000	0.000000	0.000000	0.000000	0.000000	0.000000	0.000000	0.310554	0.542804	0.000000
124	tsk_124	(x)	1	:	0.000000	0.000000	0.444515	0.042209	0.248866	0.000000	0.000000	0.000000	0.000000	0.000000	0.000000	0.000000	0.264410	0.000000
125	tsk_125	(x)	1	:	0.000000	0.000000	0.000000	0.272245	0.000000	0.000000	0.000000	0.000000	0.000000	0.000000	0.000000	0.310554	0.417201	0.000000
126	tsk_126	(x)	1	:	0.000000	0.000000	0.000000	0.076862	0.000000	0.000000	0.000000	0.000000	0.000000	0.000000	0.490498	0.000000	0.432640	0.000000
127	tsk_127	(x)	1	:	0.000000	0.000000	0.000000	0.578211	0.000000	0.000000	0.000000	0.000000	0.000000	0.000000	0.000000	0.000000	0.421789	0.000000
128	tsk_128	(x)	1	:	0.000000	0.000000	0.000000	0.270847	0.000000	0.000000	0.000000	0.000000	0.000000	0.000000	0.000000	0.000000	0.729153	0.000000
129	tsk_129	(x)	1	:	0.000000	0.000000	0.000000	0.425801	0.000000	0.000000	0.000000	0.000000	0.000000	0.000000	0.000000	0.000000	0.574199	0.000000
130	tsk_130	(x)	1	:	0.000000	0.000000	0.448664	0.067822	0.000000	0.000000	0.000000	0.000000	0.000000	0.000000	0.000000	0.419600	0.063914	0.000000
131	tsk_131	(x)	1	:	0.000000	0.000000	1.000000	0.000000	0.000000	0.000000	0.000000	0.000000	0.000000	0.000000	0.000000	0.000000	0.000000	0.000000
132	tsk_132	(x)	1	:	0.000000	0.000000	0.448665	0.035474	0.000000	0.000000	0.000000	0.000000	0.000000	0.000000	0.000000	0.419601	0.096260	0.000000
133	tsk_133	(x)	1	:	0.000000	0.000000	0.448664	0.042142	0.000000	0.000000	0.000000	0.000000	0.000000	0.000000	0.000000	0.419600	0.089594	0.000000
134	tsk_134	(x)	1	:	0.000000	0.000000	0.000000	0.000000	0.000000	0.000000	0.000000	0.000000	0.000000	0.580519	0.000000	0.419481	0.000000	0.000000
135	tsk_135	(x)	1	:	0.000000	0.000000	0.000000	0.340150	0.000000	0.000000	0.000000	0.550840	0.000000	0.000000	0.000000	0.000000	0.109010	0.000000
136	tsk_136	(x)	1	:	0.000000	0.000000	0.448739	0.038644	0.000000	0.000000	0.000000	0.000000	0.000000	0.500098	0.000000	0.000000	0.012519	0.000000
137	tsk_137	(x)	1	:	0.000000	0.000000	0.000000	0.000000	0.000000	0.000000	0.000000	0.000000	0.000000	0.000000	0.000000	1.000000	0.000000	0.000000
138	tsk_138	(x)	1	:	0.000000	0.000000	0.448664	0.047124	0.000000	0.000000	0.000000	0.000000	0.000000	0.000000	0.000000	0.419600	0.084611	0.000000
139	tsk_139	(x)	1	:	0.000000	0.000000	1.000000	0.000000	0.000000	0.000000	0.000000	0.000000	0.000000	0.000000	0.000000	0.000000	0.000000	0.000000
140	tsk_140	(x)	1	:	0.000000	0.000000	0.000000	0.000000	0.000000	0.000000	1.000000	0.000000	0.000000	0.000000	0.000000	0.000000	0.000000	0.000000
141	tsk_141	(x)	1	:	0.000000	0.482194	0.000000	0.030751	0.000000	0.000000	0.485408	0.000000	0.000000	0.000000	0.000000	0.000000	0.001647	0.000000
142	tsk_142	(x)	1	:	0.000000	0.000000	0.000000	0.000000	0.000000	0.000000	0.600805	0.000000	0.000000	0.000000	0.399195	0.000000	0.000000	0.000000
143	tsk_143	(x)	1	:	0.000000	0.000000	0.000000	0.315996	0.000000	0.475729	0.000000	0.000000	0.000000	0.000000	0.000000	0.000000	0.208274	0.000000
144	tsk_144	(x)	1	:	0.000000	0.000000	0.000000	0.247046	0.000000	0.000000	0.000000	0.000000	0.000000	0.000000	0.000000	0.000000	0.752954	0.000000
145	tsk_145	(x)	1	:	0.000000	0.000000	0.000000	0.000000	0.000000	0.000000	1.000000	0.000000	0.000000	0.000000	0.000000	0.000000	0.000000	0.000000
146	tsk_146	(x)	1	:	0.000000	0.000000	0.000000	0.146675	0.000000	0.000000	0.485360	0.000000	0.000000	0.000000	0.000000	0.000000	0.367965	0.000000
147	tsk_147	(x)	1	:	0.000000	0.000000	0.000000	0.238598	0.000000	0.000000	0.485360	0.000000	0.000000	0.000000	0.000000	0.000000	0.276042	0.000000
148	tsk_148	(x)	1	:	0.000000	0.000000	0.000000	0.176484	0.000000	0.000000	0.485360	0.000000	0.000000	0.000000	0.000000	0.000000	0.338156	0.000000
149	tsk_149	(x)	1	:	0.000000	0.000000	0.000000	0.056721	0.000000	0.000000	0.485414	0.000000	0.000000	0.000000	0.000000	0.419521	0.038344	0.000000
