logL = -1582.981032 (converged)
AIC = 3987.962063
BIC = 5225.333169

count.K
16 70 64 

