logL = -1404.442871 (converged)
AIC = 3964.885743
BIC = 5705.032943

count.K
53 65 27 5 

