logL = -1157.351154 (converged)
AIC = 3864.702309
BIC = 6197.944662

count.K
9 15 17 42 67 

