logL = -1579.499387 (converged)
AIC = 5078.998774
BIC = 7969.208657

count.K
3 27 20 28 44 28 

