logL = -1543.234237 (converged)
AIC = 4282.468473
BIC = 6082.828379

count.K
13 72 33 32 

