logL = -3189.232173 (converged)
AIC = 6854.464346
BIC = 7570.995546

count.K
33 117 

