0	tsk_0	(x)	1	:	0.000000	0.000000	1.000000	0.000000	0.000000	0.000000	0.000000	0.000000	0.000000	0.000000	0.000000	0.000000
1	tsk_1	(x)	1	:	0.000000	0.000000	1.000000	0.000000	0.000000	0.000000	0.000000	0.000000	0.000000	0.000000	0.000000	0.000000
2	tsk_2	(x)	1	:	0.479651	0.000000	0.520349	0.000000	0.000000	0.000000	0.000000	0.000000	0.000000	0.000000	0.000000	0.000000
3	tsk_3	(x)	1	:	1.000000	0.000000	0.000000	0.000000	0.000000	0.000000	0.000000	0.000000	0.000000	0.000000	0.000000	0.000000
4	tsk_4	(x)	1	:	0.000000	0.000000	0.475238	0.000000	0.000000	0.000000	0.000000	0.000000	0.000000	0.000000	0.000000	0.524762
5	tsk_5	(x)	1	:	0.000000	0.000000	0.000000	0.000000	0.000000	0.000000	0.000000	0.499999	0.237356	0.262643	0.000000	0.000002
6	tsk_6	(x)	1	:	0.479651	0.000000	0.520349	0.000000	0.000000	0.000000	0.000000	0.000000	0.000000	0.000000	0.000000	0.000000
7	tsk_7	(x)	1	:	0.483051	0.000000	0.000000	0.000000	0.000000	0.000000	0.000000	0.000000	0.000000	0.000000	0.000000	0.516949
8	tsk_8	(x)	1	:	0.000000	0.000000	1.000000	0.000000	0.000000	0.000000	0.000000	0.000000	0.000000	0.000000	0.000000	0.000000
9	tsk_9	(x)	1	:	0.498208	0.000000	0.501535	0.000000	0.000000	0.000000	0.000000	0.000000	0.000003	0.000002	0.000000	0.000251
10	tsk_10	(x)	1	:	0.441854	0.000000	0.000000	0.000000	0.000000	0.000000	0.000000	0.000000	0.000000	0.000000	0.558146	0.000000
11	tsk_11	(x)	1	:	0.000000	0.488999	0.000000	0.000000	0.000000	0.000000	0.000000	0.000000	0.403731	0.107257	0.000000	0.000013
12	tsk_12	(x)	1	:	0.000000	0.000000	0.000000	0.000000	0.000000	0.000000	0.000000	0.000000	0.000000	0.000000	0.495469	0.504531
13	tsk_13	(x)	1	:	0.000000	0.490792	0.000000	0.000000	0.000000	0.000000	0.000000	0.000000	0.000000	0.000000	0.509207	0.000000
14	tsk_14	(x)	1	:	0.000000	0.000000	0.000000	0.000000	0.505310	0.000000	0.000000	0.000000	0.000000	0.000000	0.494689	0.000000
15	tsk_15	(x)	1	:	0.000000	0.490792	0.000000	0.000000	0.000000	0.000000	0.000000	0.000000	0.000000	0.000000	0.509207	0.000000
16	tsk_16	(x)	1	:	0.000000	0.000000	0.000000	0.000000	0.000000	0.000000	0.000000	0.000000	0.000000	0.000000	1.000000	0.000000
17	tsk_17	(x)	1	:	0.000000	0.000000	0.000000	0.000000	0.000000	0.000000	0.490612	0.000000	0.004708	0.003119	0.501561	0.000001
18	tsk_18	(x)	1	:	0.000000	0.000000	0.000000	0.000000	0.501264	0.000000	0.000000	0.498735	0.000000	0.000000	0.000000	0.000000
19	tsk_19	(x)	1	:	0.000000	0.000000	0.000000	0.000000	0.000000	0.000000	0.000000	0.000000	0.000000	0.000000	1.000000	0.000000
20	tsk_20	(x)	1	:	0.000000	0.000000	0.000000	0.000000	0.000000	0.000000	0.000000	0.000000	0.775912	0.224088	0.000000	0.000000
21	tsk_21	(x)	1	:	0.485860	0.000000	0.000000	0.000000	0.000000	0.000000	0.000000	0.000000	0.249089	0.265030	0.000000	0.000021
22	tsk_22	(x)	1	:	0.485860	0.000000	0.000000	0.000000	0.000000	0.000000	0.000000	0.000000	0.193805	0.320315	0.000000	0.000020
23	tsk_23	(x)	1	:	0.000000	0.000000	0.613651	0.000000	0.000000	0.000000	0.000000	0.000000	0.000000	0.000000	0.000000	0.386349
24	tsk_24	(x)	1	:	0.498207	0.000000	0.501534	0.000000	0.000000	0.000000	0.000000	0.000000	0.000003	0.000002	0.000000	0.000254
25	tsk_25	(x)	1	:	0.485861	0.000000	0.000000	0.000000	0.000000	0.000000	0.000000	0.000000	0.224685	0.289437	0.000000	0.000017
26	tsk_26	(x)	1	:	0.000000	0.000000	0.529750	0.000000	0.000000	0.000000	0.000000	0.000000	0.000000	0.000000	0.470250	0.000000
27	tsk_27	(x)	1	:	0.000000	0.000000	0.000000	0.000000	0.000000	0.000000	0.000000	0.000000	0.000000	0.000000	0.495469	0.504531
28	tsk_28	(x)	1	:	0.000000	0.000000	0.578794	0.000000	0.000000	0.000000	0.000000	0.000000	0.290943	0.130263	0.000000	0.000000
29	tsk_29	(x)	1	:	0.441854	0.000000	0.000000	0.000000	0.000000	0.000000	0.000000	0.000000	0.000000	0.000000	0.558146	0.000000
30	tsk_30	(x)	1	:	0.485216	0.000000	0.000000	0.000000	0.514784	0.000000	0.000000	0.000000	0.000000	0.000000	0.000000	0.000000
31	tsk_31	(x)	1	:	0.000000	0.518508	0.000000	0.000000	0.000000	0.000000	0.000000	0.000000	0.383033	0.098459	0.000000	0.000000
32	tsk_32	(x)	1	:	0.000000	0.000003	0.000000	0.000000	0.457571	0.000000	0.000000	0.000000	0.412643	0.129495	0.000000	0.000288
33	tsk_33	(x)	1	:	0.000000	0.520453	0.000000	0.000000	0.000000	0.000000	0.000000	0.000000	0.000000	0.000000	0.000000	0.479547
34	tsk_34	(x)	1	:	0.000000	0.000000	0.000000	0.000000	0.000000	0.000000	0.452928	0.000000	0.296107	0.250965	0.000000	0.000000
35	tsk_35	(x)	1	:	0.000000	1.000000	0.000000	0.000000	0.000000	0.000000	0.000000	0.000000	0.000000	0.000000	0.000000	0.000000
36	tsk_36	(x)	1	:	0.000000	0.000000	0.000000	0.492644	0.507233	0.000000	0.000000	0.000000	0.000000	0.000000	0.000000	0.000123
37	tsk_37	(x)	1	:	0.467239	0.532761	0.000000	0.000000	0.000000	0.000000	0.000000	0.000000	0.000000	0.000000	0.000000	0.000000
38	tsk_38	(x)	1	:	0.000000	0.000000	0.000000	0.000000	1.000000	0.000000	0.000000	0.000000	0.000000	0.000000	0.000000	0.000000
39	tsk_39	(x)	1	:	0.000000	0.000000	0.000000	0.000000	0.000000	0.000000	0.000000	0.000000	0.336333	0.163667	0.000000	0.500000
40	tsk_40	(x)	1	:	1.000000	0.000000	0.000000	0.000000	0.000000	0.000000	0.000000	0.000000	0.000000	0.000000	0.000000	0.000000
41	tsk_41	(x)	1	:	0.539479	0.000000	0.000000	0.460497	0.000000	0.000000	0.000000	0.000000	0.000000	0.000000	0.000000	0.000024
42	tsk_42	(x)	1	:	1.000000	0.000000	0.000000	0.000000	0.000000	0.000000	0.000000	0.000000	0.000000	0.000000	0.000000	0.000000
43	tsk_43	(x)	1	:	0.504409	0.000000	0.000000	0.495340	0.000000	0.000000	0.000000	0.000000	0.000000	0.000000	0.000000	0.000251
44	tsk_44	(x)	1	:	0.000000	0.000000	0.000000	0.000000	0.501555	0.000000	0.000000	0.000000	0.223660	0.274783	0.000000	0.000002
45	tsk_45	(x)	1	:	0.572775	0.000000	0.000000	0.000000	0.000000	0.000000	0.000000	0.000000	0.000000	0.000000	0.000000	0.427225
46	tsk_46	(x)	1	:	1.000000	0.000000	0.000000	0.000000	0.000000	0.000000	0.000000	0.000000	0.000000	0.000000	0.000000	0.000000
47	tsk_47	(x)	1	:	0.469376	0.000000	0.000000	0.530623	0.000000	0.000000	0.000000	0.000000	0.000000	0.000000	0.000001	0.000001
48	tsk_48	(x)	1	:	0.485860	0.000000	0.000000	0.000000	0.000000	0.000000	0.000000	0.000000	0.317210	0.196909	0.000000	0.000022
49	tsk_49	(x)	1	:	0.000000	0.000000	0.000000	0.475758	0.000000	0.000000	0.000000	0.000000	0.367667	0.154776	0.000000	0.001799
50	tsk_50	(x)	1	:	0.000000	0.000000	0.000000	0.000000	0.000000	0.000000	0.000000	0.000000	0.000000	0.000000	0.000000	1.000000
51	tsk_51	(x)	1	:	0.483051	0.000000	0.000000	0.000000	0.000000	0.000000	0.000000	0.000000	0.000000	0.000000	0.000000	0.516949
52	tsk_52	(x)	1	:	0.000000	0.000000	0.000000	0.000000	0.522590	0.000000	0.000000	0.000000	0.003988	0.473422	0.000000	0.000000
53	tsk_53	(x)	1	:	0.000000	0.000000	0.000000	0.000000	0.000000	0.000000	0.452928	0.000000	0.305886	0.241186	0.000000	0.000000
54	tsk_54	(x)	1	:	0.498207	0.000000	0.501533	0.000000	0.000000	0.000000	0.000000	0.000000	0.000003	0.000004	0.000000	0.000254
55	tsk_55	(x)	1	:	0.000000	0.000000	0.000000	0.000000	0.000000	0.000000	0.000000	0.000000	0.753064	0.246936	0.000000	0.000000
56	tsk_56	(x)	1	:	0.000093	0.000000	0.000000	0.000000	0.000000	0.999907	0.000000	0.000000	0.000000	0.000000	0.000000	0.000000
57	tsk_57	(x)	1	:	0.000000	0.000000	0.475238	0.000000	0.000000	0.000000	0.000000	0.000000	0.000000	0.000000	0.000000	0.524762
58	tsk_58	(x)	1	:	0.000000	0.000000	0.000000	0.000000	0.000000	0.000000	0.000000	0.000000	0.000000	0.000000	0.000000	1.000000
59	tsk_59	(x)	1	:	0.000000	0.000000	0.000000	0.000000	0.494096	0.000000	0.000000	0.000000	0.000000	0.000000	0.000000	0.505904
60	tsk_60	(x)	1	:	0.000000	0.000000	0.000000	0.000000	0.000000	0.000000	0.000000	0.000000	0.734850	0.265150	0.000000	0.000000
61	tsk_61	(x)	1	:	0.494346	0.000000	0.000000	0.000000	0.000000	0.048558	0.000000	0.000000	0.217177	0.239919	0.000000	0.000000
62	tsk_62	(x)	1	:	0.531445	0.000000	0.000000	0.000000	0.468555	0.000000	0.000000	0.000000	0.000000	0.000000	0.000000	0.000000
63	tsk_63	(x)	1	:	0.533252	0.000000	0.000000	0.000000	0.000000	0.000000	0.000000	0.000000	0.000000	0.000000	0.000000	0.466748
64	tsk_64	(x)	1	:	0.531445	0.000000	0.000000	0.000000	0.468555	0.000000	0.000000	0.000000	0.000000	0.000000	0.000000	0.000000
65	tsk_65	(x)	1	:	1.000000	0.000000	0.000000	0.000000	0.000000	0.000000	0.000000	0.000000	0.000000	0.000000	0.000000	0.000000
66	tsk_66	(x)	1	:	0.000000	0.000000	0.000000	0.000000	0.000000	0.000000	0.000000	0.000000	0.862305	0.137695	0.000000	0.000000
67	tsk_67	(x)	1	:	0.528129	0.000000	0.000000	0.000000	0.000000	0.000000	0.000000	0.000000	0.270595	0.201276	0.000000	0.000000
68	tsk_68	(x)	1	:	0.533252	0.000000	0.000000	0.000000	0.000000	0.000000	0.000000	0.000000	0.000000	0.000000	0.000000	0.466748
69	tsk_69	(x)	1	:	0.523593	0.000000	0.000000	0.000000	0.476407	0.000000	0.000000	0.000000	0.000000	0.000000	0.000000	0.000000
70	tsk_70	(x)	1	:	0.000000	0.000000	0.000000	0.000000	0.000000	0.000000	0.000000	0.000000	0.607248	0.392752	0.000000	0.000000
71	tsk_71	(x)	1	:	0.000000	0.000000	0.000000	0.000000	0.494770	0.000000	0.000000	0.000000	0.439179	0.066045	0.000000	0.000006
72	tsk_72	(x)	1	:	0.000000	0.000000	0.000000	0.000000	0.000000	0.000000	0.000000	0.000000	0.775593	0.224407	0.000000	0.000000
73	tsk_73	(x)	1	:	0.000000	0.000000	0.000000	0.000000	0.495745	0.000000	0.000000	0.504252	0.000000	0.000000	0.000000	0.000003
74	tsk_74	(x)	1	:	0.000000	0.000000	0.000000	0.000000	0.000000	0.000000	0.000000	0.499999	0.306953	0.193045	0.000000	0.000002
75	tsk_75	(x)	1	:	0.000000	0.000000	0.000000	0.000000	0.000000	0.000000	0.000000	0.000000	0.666575	0.333425	0.000000	0.000000
76	tsk_76	(x)	1	:	0.000000	0.000000	0.000000	0.000000	0.000000	0.000000	0.000000	0.000000	0.238837	0.265042	0.496115	0.000006
77	tsk_77	(x)	1	:	0.000000	0.000000	0.000000	0.000000	1.000000	0.000000	0.000000	0.000000	0.000000	0.000000	0.000000	0.000000
78	tsk_78	(x)	1	:	0.000000	0.000000	0.000000	0.000000	0.495745	0.000000	0.000000	0.504253	0.000000	0.000000	0.000000	0.000002
79	tsk_79	(x)	1	:	0.000000	0.000000	0.000000	0.000000	0.495745	0.000000	0.000000	0.504252	0.000000	0.000000	0.000000	0.000003
80	tsk_80	(x)	1	:	0.000000	0.000000	0.000000	0.529029	0.000000	0.000000	0.000000	0.000000	0.345758	0.125202	0.000000	0.000010
81	tsk_81	(x)	1	:	0.000000	0.000000	0.000000	0.527278	0.472722	0.000000	0.000000	0.000000	0.000000	0.000000	0.000000	0.000000
82	tsk_82	(x)	1	:	0.000000	0.000000	0.000000	0.000000	1.000000	0.000000	0.000000	0.000000	0.000000	0.000000	0.000000	0.000000
83	tsk_83	(x)	1	:	0.485216	0.000000	0.000000	0.000000	0.514784	0.000000	0.000000	0.000000	0.000000	0.000000	0.000000	0.000000
84	tsk_84	(x)	1	:	0.000000	0.000000	0.000000	1.000000	0.000000	0.000000	0.000000	0.000000	0.000000	0.000000	0.000000	0.000000
85	tsk_85	(x)	1	:	0.000000	0.000000	0.000000	0.000000	0.505310	0.000000	0.000000	0.000000	0.000000	0.000000	0.494689	0.000000
86	tsk_86	(x)	1	:	1.000000	0.000000	0.000000	0.000000	0.000000	0.000000	0.000000	0.000000	0.000000	0.000000	0.000000	0.000000
87	tsk_87	(x)	1	:	0.000000	0.000000	0.000000	0.476823	0.000000	0.000000	0.000000	0.000000	0.289006	0.234171	0.000000	0.000000
88	tsk_88	(x)	1	:	0.000000	0.000000	0.000000	0.000000	0.501555	0.000000	0.000000	0.000000	0.326116	0.172327	0.000000	0.000002
89	tsk_89	(x)	1	:	0.000000	0.000000	0.000000	0.000000	0.000000	0.000000	0.000000	0.000000	0.000000	0.000000	1.000000	0.000000
90	tsk_90	(x)	1	:	0.000000	0.000000	0.000000	0.000000	0.000000	0.000000	0.319343	0.000000	0.506933	0.173724	0.000000	0.000000
91	tsk_91	(x)	1	:	0.000000	0.000000	0.000000	0.000000	0.494770	0.000000	0.000000	0.000000	0.381713	0.123510	0.000000	0.000007
92	tsk_92	(x)	1	:	0.000000	0.000000	0.000000	0.000000	0.494096	0.000000	0.000000	0.000000	0.000000	0.000000	0.000000	0.505904
93	tsk_93	(x)	1	:	0.000000	0.000000	0.463025	0.000000	0.000000	0.000000	0.000000	0.000000	0.463402	0.073573	0.000000	0.000000
94	tsk_94	(x)	1	:	0.494177	0.000000	0.000000	0.000000	0.505823	0.000000	0.000000	0.000000	0.000000	0.000000	0.000000	0.000000
95	tsk_95	(x)	1	:	0.000000	0.000000	0.000000	0.000000	0.496199	0.000000	0.329973	0.000000	0.092127	0.081663	0.000000	0.000038
96	tsk_96	(x)	1	:	0.503172	0.496828	0.000000	0.000000	0.000000	0.000000	0.000000	0.000000	0.000000	0.000000	0.000000	0.000000
97	tsk_97	(x)	1	:	0.485859	0.000000	0.000000	0.000000	0.000000	0.000000	0.000000	0.000000	0.215907	0.298211	0.000000	0.000023
98	tsk_98	(x)	1	:	0.000000	0.000000	0.000000	0.000000	0.000000	0.000000	0.000000	0.000000	0.636402	0.363598	0.000000	0.000000
99	tsk_99	(x)	1	:	0.000000	0.000000	0.463025	0.000000	0.000000	0.000000	0.000000	0.000000	0.315426	0.221549	0.000000	0.000000
100	tsk_100	(x)	1	:	0.485216	0.000000	0.000000	0.000000	0.514784	0.000000	0.000000	0.000000	0.000000	0.000000	0.000000	0.000000
101	tsk_101	(x)	1	:	0.000000	0.000000	0.000000	0.000000	0.501555	0.000000	0.000000	0.000000	0.202482	0.295961	0.000000	0.000002
102	tsk_102	(x)	1	:	0.000000	0.000000	0.000000	0.000000	0.000000	0.000000	0.000000	0.000000	0.530581	0.469419	0.000000	0.000000
103	tsk_103	(x)	1	:	0.000000	0.000000	0.000000	0.000000	0.000000	0.000000	0.000000	0.000000	0.629967	0.370033	0.000000	0.000000
104	tsk_104	(x)	1	:	1.000000	0.000000	0.000000	0.000000	0.000000	0.000000	0.000000	0.000000	0.000000	0.000000	0.000000	0.000000
105	tsk_105	(x)	1	:	0.485860	0.000000	0.000000	0.000000	0.000000	0.000000	0.000000	0.000000	0.194305	0.319813	0.000000	0.000022
106	tsk_106	(x)	1	:	0.000000	0.000000	0.000000	0.000000	1.000000	0.000000	0.000000	0.000000	0.000000	0.000000	0.000000	0.000000
107	tsk_107	(x)	1	:	0.000000	0.000000	0.000000	0.000000	0.501555	0.000000	0.000000	0.000000	0.318611	0.179831	0.000000	0.000003
108	tsk_108	(x)	1	:	0.503172	0.496828	0.000000	0.000000	0.000000	0.000000	0.000000	0.000000	0.000000	0.000000	0.000000	0.000000
109	tsk_109	(x)	1	:	0.000000	0.000000	0.000000	0.000000	0.000000	0.000000	0.000000	0.000000	0.777199	0.222801	0.000000	0.000000
110	tsk_110	(x)	1	:	0.000000	0.000000	0.000000	0.000000	0.000000	0.000000	0.000000	1.000000	0.000000	0.000000	0.000000	0.000000
111	tsk_111	(x)	1	:	0.000000	0.000000	0.000000	0.000000	0.501555	0.000000	0.000000	0.000000	0.255148	0.243295	0.000000	0.000002
112	tsk_112	(x)	1	:	0.000000	0.000000	0.000000	0.000000	0.000000	0.000000	0.000000	1.000000	0.000000	0.000000	0.000000	0.000000
113	tsk_113	(x)	1	:	0.000000	0.000000	0.000000	0.000000	0.000000	0.000000	0.000000	1.000000	0.000000	0.000000	0.000000	0.000000
114	tsk_114	(x)	1	:	0.000000	0.490823	0.000000	0.000000	0.000000	0.000000	0.000000	0.509169	0.000000	0.000000	0.000000	0.000007
115	tsk_115	(x)	1	:	0.000000	0.000000	0.000000	0.000000	0.501264	0.000000	0.000000	0.498735	0.000000	0.000000	0.000000	0.000000
116	tsk_116	(x)	1	:	0.000000	0.000000	0.000000	0.000000	0.000000	0.000000	0.000000	1.000000	0.000000	0.000000	0.000000	0.000000
117	tsk_117	(x)	1	:	0.000000	0.490824	0.000000	0.000000	0.000000	0.000000	0.000000	0.509171	0.000000	0.000000	0.000000	0.000004
118	tsk_118	(x)	1	:	0.000000	0.000000	0.000000	0.486488	0.513424	0.000000	0.000000	0.000000	0.000000	0.000000	0.000000	0.000089
119	tsk_119	(x)	1	:	0.000000	0.000000	0.000000	0.000000	0.501264	0.000000	0.000000	0.498735	0.000000	0.000000	0.000000	0.000000
120	tsk_120	(x)	1	:	0.000000	0.000000	0.000000	0.000000	0.000000	0.000000	0.999985	0.000000	0.000012	0.000003	0.000000	0.000000
121	tsk_121	(x)	1	:	0.000000	0.493878	0.000001	0.000000	0.000001	0.000000	0.501370	0.000000	0.003845	0.000901	0.000000	0.000006
122	tsk_122	(x)	1	:	0.493277	0.000000	0.000000	0.000000	0.000000	0.000000	0.497182	0.000000	0.005377	0.004155	0.000000	0.000009
123	tsk_123	(x)	1	:	0.000000	0.000000	0.000000	0.000000	0.000000	0.000000	0.000000	0.499999	0.263859	0.236139	0.000000	0.000003
124	tsk_124	(x)	1	:	0.000000	0.000000	0.000000	0.000000	0.000000	0.000000	0.452922	0.000000	0.476208	0.070869	0.000000	0.000000
125	tsk_125	(x)	1	:	0.000000	0.000000	0.000000	0.000000	0.000000	0.000000	0.000000	0.000000	0.660340	0.339660	0.000000	0.000000
126	tsk_126	(x)	1	:	0.000000	0.000000	0.000000	0.000000	0.000000	0.000000	0.452927	0.000000	0.388949	0.158123	0.000000	0.000000
127	tsk_127	(x)	1	:	0.483051	0.000000	0.000000	0.000000	0.000000	0.000000	0.000000	0.000000	0.000000	0.000000	0.000000	0.516949
128	tsk_128	(x)	1	:	0.493198	0.000000	0.000000	0.000000	0.000000	0.000000	0.496745	0.000000	0.003847	0.006197	0.000000	0.000013
129	tsk_129	(x)	1	:	0.000000	0.000000	0.000000	0.000000	0.000000	0.000000	0.000000	0.000000	0.758886	0.241114	0.000000	0.000000
130	tsk_130	(x)	1	:	0.000000	0.000000	0.000000	0.000000	0.000000	0.000000	0.000000	0.000000	0.643355	0.356645	0.000000	0.000000
131	tsk_131	(x)	1	:	0.000000	0.000000	0.000000	0.000000	0.000000	0.000000	0.000000	0.000000	0.739226	0.260774	0.000000	0.000000
132	tsk_132	(x)	1	:	0.000000	0.489000	0.000000	0.000000	0.000000	0.000000	0.000000	0.000000	0.313512	0.197476	0.000000	0.000012
133	tsk_133	(x)	1	:	0.000000	0.000000	0.000000	0.000000	0.000000	0.000000	0.000000	0.000000	0.807139	0.192861	0.000000	0.000000
134	tsk_134	(x)	1	:	0.000000	0.000000	0.000000	0.000000	0.000000	0.000000	0.000000	0.499999	0.363678	0.136320	0.000000	0.000003
135	tsk_135	(x)	1	:	0.000000	0.000000	0.000000	0.000000	0.000000	0.000000	0.000000	0.000000	0.724609	0.275391	0.000000	0.000000
136	tsk_136	(x)	1	:	0.000000	0.000000	0.000000	0.000000	0.000000	0.000000	0.000000	0.000000	0.683702	0.316298	0.000000	0.000000
137	tsk_137	(x)	1	:	0.000000	0.000000	0.000000	0.000000	0.000000	0.000000	0.000000	0.000000	0.715141	0.284859	0.000000	0.000000
138	tsk_138	(x)	1	:	0.000000	0.000000	0.000000	0.000000	0.000000	0.000000	0.000000	0.499999	0.355008	0.144990	0.000000	0.000003
139	tsk_139	(x)	1	:	0.000000	0.000000	0.000000	0.000000	1.000000	0.000000	0.000000	0.000000	0.000000	0.000000	0.000000	0.000000
140	tsk_140	(x)	1	:	0.000000	0.453833	0.000000	0.000000	0.546166	0.000000	0.000000	0.000000	0.000000	0.000000	0.000000	0.000000
141	tsk_141	(x)	1	:	0.000000	0.000000	0.000000	0.000000	0.000000	0.000000	0.000000	0.000000	0.744207	0.255792	0.000000	0.000000
142	tsk_142	(x)	1	:	0.000000	0.000000	0.000000	0.000000	0.000000	0.000000	0.000000	0.000000	0.321895	0.178105	0.000000	0.500000
143	tsk_143	(x)	1	:	0.000000	0.000000	0.463025	0.000000	0.000000	0.000000	0.000000	0.000000	0.325003	0.211972	0.000000	0.000000
144	tsk_144	(x)	1	:	0.000000	0.000000	0.000000	0.000000	0.000000	0.000000	0.000000	0.000000	0.290607	0.209393	0.000000	0.500000
145	tsk_145	(x)	1	:	0.000000	0.000000	0.000000	0.000000	0.000000	0.000000	0.000000	0.000000	0.000000	0.000000	0.000000	1.000000
146	tsk_146	(x)	1	:	0.000000	0.000000	0.000000	0.000000	0.000000	0.000000	0.000000	0.000000	0.277530	0.226349	0.496115	0.000005
147	tsk_147	(x)	1	:	0.000000	0.000000	0.000001	0.000000	0.000000	0.000000	0.000000	0.000000	0.385326	0.118554	0.496115	0.000005
148	tsk_148	(x)	1	:	0.485860	0.000000	0.000000	0.000000	0.000000	0.000000	0.000000	0.000000	0.384586	0.129533	0.000000	0.000021
149	tsk_149	(x)	1	:	0.485216	0.000000	0.000000	0.000000	0.514784	0.000000	0.000000	0.000000	0.000000	0.000000	0.000000	0.000000
