logL = -1187.581005 (converged)
AIC = 7895.162010
BIC = 16204.515422

count.K
4 22 4 15 3 6 11 11 27 6 20 7 0 7 7 

