logL = -2024.573805 (converged)
AIC = 6549.147611
BIC = 10312.441729

count.K
51 12 6 40 11 20 10 

