logL = -1325.007100 (converged)
AIC = 6596.014199
BIC = 12535.997634

count.K
46 11 20 20 6 20 2 7 13 3 2 

