logL = -1287.405747 (converged)
AIC = 3390.811495
BIC = 4619.150695

count.K
101 26 23 

