0	tsk_0	(x)	1	:	0.000000	0.000000	0.000000	0.000000	0.000000	0.000000	0.000000	0.000000	0.506951	0.000000	0.493049	0.000000
1	tsk_1	(x)	1	:	0.425716	0.000000	0.078901	0.469961	0.000000	0.000000	0.000000	0.000000	0.000000	0.000000	0.000000	0.025421
2	tsk_2	(x)	1	:	0.811466	0.000000	0.188534	0.000000	0.000000	0.000000	0.000000	0.000000	0.000000	0.000000	0.000000	0.000000
3	tsk_3	(x)	1	:	0.000000	0.000000	0.000000	0.469592	0.000000	0.000000	0.427980	0.000000	0.000000	0.000000	0.073102	0.029326
4	tsk_4	(x)	1	:	0.391869	0.000000	0.086313	0.000000	0.000000	0.000000	0.000000	0.000000	0.521818	0.000000	0.000000	0.000000
5	tsk_5	(x)	1	:	0.000000	0.000000	0.000000	0.000000	0.534045	0.000000	0.000000	0.000000	0.465955	0.000000	0.000000	0.000000
6	tsk_6	(x)	1	:	0.000000	0.000000	0.000000	0.000000	0.000000	0.000000	0.000000	0.000000	0.506951	0.000000	0.493049	0.000000
7	tsk_7	(x)	1	:	0.000000	0.000000	0.000000	0.000000	0.000000	0.000000	1.000000	0.000000	0.000000	0.000000	0.000000	0.000000
8	tsk_8	(x)	1	:	0.000000	0.000000	0.000000	0.000000	0.000000	0.000000	0.000000	0.000000	0.485460	0.000000	0.514540	0.000000
9	tsk_9	(x)	1	:	0.450174	0.000000	0.054455	0.469997	0.000000	0.000000	0.000000	0.000000	0.000000	0.000000	0.000000	0.025374
10	tsk_10	(x)	1	:	0.424507	0.000000	0.053675	0.000000	0.000000	0.000000	0.000000	0.000000	0.521818	0.000000	0.000000	0.000000
11	tsk_11	(x)	1	:	0.000000	0.000000	0.000000	0.470531	0.000000	0.000000	0.000000	0.000000	0.000000	0.000000	0.000000	0.529469
12	tsk_12	(x)	1	:	0.339674	0.000000	0.138508	0.000000	0.000000	0.000000	0.000000	0.000000	0.521818	0.000000	0.000000	0.000000
13	tsk_13	(x)	1	:	0.260431	0.000000	0.239569	0.000000	0.000000	0.000000	0.000000	0.000000	0.000000	0.000000	0.500000	0.000000
14	tsk_14	(x)	1	:	0.000000	0.000000	0.000000	0.000000	0.000000	0.000000	0.000000	0.000000	0.000000	1.000000	0.000000	0.000000
15	tsk_15	(x)	1	:	0.000000	0.000000	0.000000	0.000000	0.000000	0.000000	0.000000	0.000000	0.502698	0.000000	0.000000	0.497302
16	tsk_16	(x)	1	:	0.184344	0.000000	0.315125	0.000000	0.000000	0.000000	0.000000	0.000000	0.000000	0.496255	0.004276	0.000000
17	tsk_17	(x)	1	:	0.000000	0.000000	0.000000	0.000000	0.000000	0.000000	0.000000	0.000000	0.000000	0.497647	0.004212	0.498141
18	tsk_18	(x)	1	:	0.000000	0.000000	0.000000	0.000000	0.000000	0.474922	0.000000	0.000000	0.025180	0.000000	0.499898	0.000000
19	tsk_19	(x)	1	:	0.327731	0.000000	0.150451	0.000000	0.000000	0.000000	0.000000	0.000000	0.521818	0.000000	0.000000	0.000000
20	tsk_20	(x)	1	:	0.876203	0.000000	0.123797	0.000000	0.000000	0.000000	0.000000	0.000000	0.000000	0.000000	0.000000	0.000000
21	tsk_21	(x)	1	:	0.000000	0.000000	0.000000	0.000000	0.000000	0.000000	0.418578	0.000000	0.000000	0.000000	0.581421	0.000000
22	tsk_22	(x)	1	:	0.328482	0.000000	0.171518	0.000000	0.000000	0.000000	0.000000	0.000000	0.000000	0.000000	0.500000	0.000000
23	tsk_23	(x)	1	:	0.272545	0.000000	0.227455	0.000000	0.000000	0.000000	0.000000	0.000000	0.000000	0.000000	0.500000	0.000000
24	tsk_24	(x)	1	:	0.239036	0.000000	0.260964	0.000000	0.000000	0.000000	0.000000	0.000000	0.000000	0.000000	0.500000	0.000000
25	tsk_25	(x)	1	:	0.200428	0.000000	0.299572	0.000000	0.000000	0.000000	0.000000	0.000000	0.000000	0.000000	0.500000	0.000000
26	tsk_26	(x)	1	:	0.885051	0.000000	0.114949	0.000000	0.000000	0.000000	0.000000	0.000000	0.000000	0.000000	0.000000	0.000000
27	tsk_27	(x)	1	:	0.000000	0.000000	0.000000	0.000000	0.000000	0.000000	1.000000	0.000000	0.000000	0.000000	0.000000	0.000000
28	tsk_28	(x)	1	:	0.000000	0.000000	0.000000	0.000000	0.000000	0.000000	0.418578	0.000000	0.000000	0.000000	0.581421	0.000000
29	tsk_29	(x)	1	:	0.000000	0.000000	0.000000	0.000000	0.000000	0.000000	0.000000	0.000000	1.000000	0.000000	0.000000	0.000000
30	tsk_30	(x)	1	:	0.383908	0.000000	0.094274	0.000000	0.000000	0.000000	0.000000	0.000000	0.521818	0.000000	0.000000	0.000000
31	tsk_31	(x)	1	:	0.397928	0.000000	0.080254	0.000000	0.000000	0.000000	0.000000	0.000000	0.521818	0.000000	0.000000	0.000000
32	tsk_32	(x)	1	:	0.000000	0.000000	0.000000	0.000000	0.511308	0.000000	0.000000	0.000000	0.000000	0.000000	0.488692	0.000000
33	tsk_33	(x)	1	:	0.296197	0.000000	0.203285	0.000000	0.000000	0.000000	0.000000	0.000000	0.000000	0.496347	0.004172	0.000000
34	tsk_34	(x)	1	:	0.000000	0.000000	0.000000	0.000000	0.511308	0.000000	0.000000	0.000000	0.000000	0.000000	0.488692	0.000000
35	tsk_35	(x)	1	:	0.359136	0.000000	0.119046	0.000000	0.000000	0.000000	0.000000	0.000000	0.521818	0.000000	0.000000	0.000000
36	tsk_36	(x)	1	:	0.000000	0.000000	0.000000	0.000000	0.000000	0.000000	0.000000	0.000000	1.000000	0.000000	0.000000	0.000000
37	tsk_37	(x)	1	:	0.000000	0.000000	0.000000	0.000000	0.486774	0.000000	0.000000	0.000000	0.012645	0.497469	0.003111	0.000000
38	tsk_38	(x)	1	:	0.368134	0.000000	0.110048	0.000000	0.000000	0.000000	0.000000	0.000000	0.521818	0.000000	0.000000	0.000000
39	tsk_39	(x)	1	:	0.000000	0.000000	0.000000	0.000000	0.000000	0.000000	0.000000	0.000000	0.000000	0.500000	0.500000	0.000000
40	tsk_40	(x)	1	:	0.000000	0.000000	0.000000	0.000000	0.000000	0.000000	0.492408	0.000000	0.506266	0.000000	0.001326	0.000000
41	tsk_41	(x)	1	:	0.000000	0.000000	0.000000	0.000000	0.000000	0.000000	0.000000	0.000000	1.000000	0.000000	0.000000	0.000000
42	tsk_42	(x)	1	:	0.349936	0.000000	0.197596	0.000000	0.000000	0.000000	0.000000	0.000000	0.452468	0.000000	0.000000	0.000000
43	tsk_43	(x)	1	:	0.000000	0.000000	0.000000	0.000000	0.000000	0.000000	0.000000	0.000000	0.506951	0.000000	0.493049	0.000000
44	tsk_44	(x)	1	:	0.703809	0.000000	0.296191	0.000000	0.000000	0.000000	0.000000	0.000000	0.000000	0.000000	0.000000	0.000000
45	tsk_45	(x)	1	:	0.000000	0.000000	0.000000	0.000000	0.000000	0.000000	0.000000	0.000000	0.485460	0.000000	0.514540	0.000000
46	tsk_46	(x)	1	:	0.412065	0.000000	0.088217	0.000000	0.485204	0.000000	0.000000	0.000000	0.014514	0.000000	0.000000	0.000000
47	tsk_47	(x)	1	:	0.000000	0.000000	0.000000	0.000000	0.000000	0.000000	0.000000	0.000000	0.506951	0.000000	0.493049	0.000000
48	tsk_48	(x)	1	:	0.000000	0.000000	0.000000	0.000000	0.000000	0.000000	0.000000	0.000000	1.000000	0.000000	0.000000	0.000000
49	tsk_49	(x)	1	:	0.458140	0.000000	0.042254	0.000000	0.485477	0.000000	0.000000	0.000000	0.014129	0.000000	0.000000	0.000000
50	tsk_50	(x)	1	:	0.000000	0.000000	0.000000	0.000000	0.000000	0.000000	0.511898	0.000000	0.000000	0.000000	0.488102	0.000000
51	tsk_51	(x)	1	:	0.000000	0.000000	0.000000	0.000000	0.000000	0.000000	0.492777	0.000000	0.506279	0.000000	0.000944	0.000000
52	tsk_52	(x)	1	:	0.000000	0.000000	0.000000	0.000000	0.000000	0.474849	0.499182	0.000000	0.024824	0.000000	0.001145	0.000000
53	tsk_53	(x)	1	:	0.000000	0.000000	0.000000	0.000000	0.000000	1.000000	0.000000	0.000000	0.000000	0.000000	0.000000	0.000000
54	tsk_54	(x)	1	:	0.000000	0.000000	0.000000	0.000000	0.000000	0.000000	0.000000	0.000000	0.000000	0.000000	0.501599	0.498400
55	tsk_55	(x)	1	:	0.000000	0.000000	0.000000	0.000000	0.000000	0.000000	0.000000	0.000000	0.000000	0.000000	0.501599	0.498400
56	tsk_56	(x)	1	:	0.000000	0.000000	0.000000	0.000000	0.000000	0.569870	0.000000	0.000000	0.430130	0.000000	0.000000	0.000000
57	tsk_57	(x)	1	:	0.000000	0.000000	0.000000	0.000000	0.000000	0.512001	0.000000	0.000000	0.000000	0.000000	0.487999	0.000000
58	tsk_58	(x)	1	:	0.000000	0.000000	0.000000	0.000000	0.000000	1.000000	0.000000	0.000000	0.000000	0.000000	0.000000	0.000000
59	tsk_59	(x)	1	:	0.000000	0.000000	0.000000	0.000000	0.000000	0.000000	0.492555	0.000000	0.506271	0.000000	0.001174	0.000000
60	tsk_60	(x)	1	:	0.490984	0.000000	0.056548	0.000000	0.000000	0.000000	0.000000	0.000000	0.452468	0.000000	0.000000	0.000000
61	tsk_61	(x)	1	:	0.000000	0.000000	0.000000	0.470148	0.000000	0.000000	0.000000	0.000000	0.000000	0.000000	0.501562	0.028290
62	tsk_62	(x)	1	:	0.000000	0.000000	0.000000	0.000000	0.000000	0.000000	0.000000	0.000000	0.506951	0.000000	0.493049	0.000000
63	tsk_63	(x)	1	:	0.000000	0.000000	0.000000	0.000000	0.000000	0.000000	0.000000	0.000000	0.485460	0.000000	0.514540	0.000000
64	tsk_64	(x)	1	:	0.283560	0.000000	0.216440	0.000000	0.000000	0.000000	0.000000	0.000000	0.000000	0.000000	0.500000	0.000000
65	tsk_65	(x)	1	:	0.000000	0.000000	0.000000	0.000000	0.000000	0.000000	0.000000	0.000000	0.000000	0.000000	1.000000	0.000000
66	tsk_66	(x)	1	:	0.000000	0.000000	0.000000	0.000000	0.000000	0.000000	0.000000	0.000000	0.485639	0.501582	0.012779	0.000000
67	tsk_67	(x)	1	:	0.000000	0.000000	0.000000	0.000000	0.000000	0.000000	0.000000	0.000000	0.000000	0.000000	1.000000	0.000000
68	tsk_68	(x)	1	:	0.297908	0.000000	0.202092	0.000000	0.000000	0.000000	0.000000	0.000000	0.000000	0.000000	0.500000	0.000000
69	tsk_69	(x)	1	:	0.251281	0.000000	0.248719	0.000000	0.000000	0.000000	0.000000	0.000000	0.000000	0.000000	0.500000	0.000000
70	tsk_70	(x)	1	:	0.339332	0.000000	0.138851	0.000000	0.000000	0.000000	0.000000	0.000000	0.521818	0.000000	0.000000	0.000000
71	tsk_71	(x)	1	:	0.597649	0.298743	0.103608	0.000000	0.000000	0.000000	0.000000	0.000000	0.000000	0.000000	0.000000	0.000000
72	tsk_72	(x)	1	:	0.000000	0.000000	0.000000	0.000000	0.482889	0.000000	0.514631	0.000000	0.002479	0.000000	0.000000	0.000000
73	tsk_73	(x)	1	:	0.597742	0.298743	0.103514	0.000000	0.000000	0.000000	0.000000	0.000000	0.000000	0.000000	0.000000	0.000000
74	tsk_74	(x)	1	:	0.234311	0.000000	0.247261	0.000000	0.000000	0.000000	0.518428	0.000000	0.000000	0.000000	0.000000	0.000000
75	tsk_75	(x)	1	:	0.077582	0.295962	0.108184	0.000000	0.000000	0.000000	0.518272	0.000000	0.000000	0.000000	0.000000	0.000000
76	tsk_76	(x)	1	:	0.584245	0.298743	0.117012	0.000000	0.000000	0.000000	0.000000	0.000000	0.000000	0.000000	0.000000	0.000000
77	tsk_77	(x)	1	:	0.911818	0.000000	0.088182	0.000000	0.000000	0.000000	0.000000	0.000000	0.000000	0.000000	0.000000	0.000000
78	tsk_78	(x)	1	:	0.117504	0.000000	0.364069	0.000000	0.000000	0.000000	0.518428	0.000000	0.000000	0.000000	0.000000	0.000000
79	tsk_79	(x)	1	:	0.421801	0.000000	0.056382	0.000000	0.000000	0.000000	0.000000	0.000000	0.521818	0.000000	0.000000	0.000000
80	tsk_80	(x)	1	:	0.000000	0.000000	0.000000	0.000000	0.000000	0.000000	0.510255	0.000000	0.485422	0.000000	0.004323	0.000000
81	tsk_81	(x)	1	:	0.000000	0.000000	0.000000	0.000000	0.000000	0.000000	0.492198	0.000000	0.506258	0.000000	0.001544	0.000000
82	tsk_82	(x)	1	:	0.000000	0.000000	0.000000	0.000000	0.000000	0.000000	0.492610	0.000000	0.506273	0.000000	0.001117	0.000000
83	tsk_83	(x)	1	:	0.000000	0.000000	0.000000	0.000000	0.000000	0.000000	0.000000	0.000000	1.000000	0.000000	0.000000	0.000000
84	tsk_84	(x)	1	:	0.000000	0.000000	0.000000	0.000000	0.000000	0.000000	0.510345	0.000000	0.485425	0.000000	0.004230	0.000000
85	tsk_85	(x)	1	:	0.000000	0.000000	0.000000	0.000000	0.000000	0.000000	1.000000	0.000000	0.000000	0.000000	0.000000	0.000000
86	tsk_86	(x)	1	:	0.000000	0.000000	0.000000	0.000000	0.000000	0.000000	0.000000	0.000000	1.000000	0.000000	0.000000	0.000000
87	tsk_87	(x)	1	:	0.449236	0.000000	0.098295	0.000000	0.000000	0.000000	0.000000	0.000000	0.452468	0.000000	0.000000	0.000000
88	tsk_88	(x)	1	:	0.000000	0.000000	0.000000	0.000000	0.000000	0.000000	0.511256	0.000000	0.485458	0.000000	0.003286	0.000000
89	tsk_89	(x)	1	:	0.000000	0.000000	0.000000	0.000000	0.000000	0.000000	0.000000	0.000000	1.000000	0.000000	0.000000	0.000000
90	tsk_90	(x)	1	:	0.928109	0.000000	0.071891	0.000000	0.000000	0.000000	0.000000	0.000000	0.000000	0.000000	0.000000	0.000000
91	tsk_91	(x)	1	:	0.379798	0.000000	0.121155	0.000000	0.486835	0.000000	0.000000	0.000000	0.012213	0.000000	0.000000	0.000000
92	tsk_92	(x)	1	:	0.374800	0.000000	0.103382	0.000000	0.000000	0.000000	0.000000	0.000000	0.521818	0.000000	0.000000	0.000000
93	tsk_93	(x)	1	:	0.435681	0.000000	0.111850	0.000000	0.000000	0.000000	0.000000	0.000000	0.452468	0.000000	0.000000	0.000000
94	tsk_94	(x)	1	:	0.283923	0.000000	0.215593	0.000000	0.000000	0.000000	0.000000	0.000000	0.000000	0.496595	0.003888	0.000000
95	tsk_95	(x)	1	:	0.349405	0.000000	0.130774	0.519821	0.000000	0.000000	0.000000	0.000000	0.000000	0.000000	0.000000	0.000000
96	tsk_96	(x)	1	:	0.359868	0.000000	0.140225	0.000000	0.484744	0.000000	0.000000	0.000000	0.015162	0.000000	0.000000	0.000000
97	tsk_97	(x)	1	:	0.417856	0.000000	0.129676	0.000000	0.000000	0.000000	0.000000	0.000000	0.452468	0.000000	0.000000	0.000000
98	tsk_98	(x)	1	:	0.335621	0.000000	0.164537	0.000000	0.484901	0.000000	0.000000	0.000000	0.014941	0.000000	0.000000	0.000000
99	tsk_99	(x)	1	:	0.371260	0.000000	0.133536	0.000000	0.000000	0.000000	0.000000	0.000000	0.000000	0.000000	0.000000	0.495205
100	tsk_100	(x)	1	:	0.000000	0.000000	0.000000	0.000000	0.000000	0.000000	0.000000	0.000000	0.000000	0.000000	1.000000	0.000000
101	tsk_101	(x)	1	:	0.000000	0.129837	0.000000	0.000000	0.000000	0.000000	0.000000	0.000000	0.380081	0.000000	0.000000	0.490081
102	tsk_102	(x)	1	:	0.432422	0.000000	0.045760	0.000000	0.000000	0.000000	0.000000	0.000000	0.521818	0.000000	0.000000	0.000000
103	tsk_103	(x)	1	:	0.958186	0.000000	0.041814	0.000000	0.000000	0.000000	0.000000	0.000000	0.000000	0.000000	0.000000	0.000000
104	tsk_104	(x)	1	:	0.000000	0.000000	0.000000	0.469829	0.000000	0.000000	0.000000	0.000000	0.515588	0.000000	0.000000	0.014583
105	tsk_105	(x)	1	:	0.000000	0.000000	0.000000	0.000000	0.000000	0.000000	0.000000	0.000000	0.515725	0.000000	0.000000	0.484275
106	tsk_106	(x)	1	:	0.000000	0.000000	0.000000	0.000000	0.000000	0.000000	0.000000	0.000000	0.000000	0.000000	1.000000	0.000000
107	tsk_107	(x)	1	:	0.000000	0.000000	0.000000	0.470145	0.000000	0.000000	0.000000	0.000000	0.000000	0.000000	0.501562	0.028293
108	tsk_108	(x)	1	:	0.000000	0.000000	0.000000	0.000000	0.000000	0.000000	0.000000	0.000000	0.515725	0.000000	0.000000	0.484275
109	tsk_109	(x)	1	:	0.434542	0.000000	0.070253	0.000000	0.000000	0.000000	0.000000	0.000000	0.000000	0.000000	0.000000	0.495205
110	tsk_110	(x)	1	:	0.223754	0.271344	0.052377	0.000000	0.000000	0.000000	0.000000	0.000000	0.452524	0.000000	0.000000	0.000000
111	tsk_111	(x)	1	:	0.365037	0.000000	0.135263	0.000000	0.000000	0.000000	0.423622	0.000000	0.000000	0.000000	0.076077	0.000000
112	tsk_112	(x)	1	:	0.244682	0.000000	0.254730	0.000000	0.000000	0.000000	0.498307	0.000000	0.000000	0.000000	0.002281	0.000000
113	tsk_113	(x)	1	:	0.000000	0.000000	0.000000	0.000000	0.000000	0.000000	0.492131	0.000000	0.506256	0.000000	0.001613	0.000000
114	tsk_114	(x)	1	:	0.000000	0.000000	0.000000	0.000000	0.485668	0.000000	0.000000	0.000000	0.017038	0.000000	0.000000	0.497294
115	tsk_115	(x)	1	:	0.000000	0.133729	0.000000	0.000000	0.000000	0.000000	0.429114	0.000000	0.386393	0.000000	0.050764	0.000000
116	tsk_116	(x)	1	:	0.000000	0.076113	0.000000	0.000000	0.000000	0.000000	0.000000	0.000000	0.923887	0.000000	0.000000	0.000000
117	tsk_117	(x)	1	:	0.000000	0.000000	0.000000	0.000000	0.000000	0.000000	0.440092	0.000000	0.507943	0.000000	0.051965	0.000000
118	tsk_118	(x)	1	:	0.000000	0.000000	0.000000	0.000000	0.000000	0.000000	0.000000	0.000000	0.000000	0.000000	0.000000	1.000000
119	tsk_119	(x)	1	:	0.356278	0.000000	0.144002	0.000000	0.000000	0.000000	0.423256	0.000000	0.000000	0.000000	0.076464	0.000000
120	tsk_120	(x)	1	:	0.496598	0.000000	0.008042	0.470030	0.000000	0.000000	0.000000	0.000000	0.000000	0.000000	0.000000	0.025330
121	tsk_121	(x)	1	:	0.753431	0.000000	0.246569	0.000000	0.000000	0.000000	0.000000	0.000000	0.000000	0.000000	0.000000	0.000000
122	tsk_122	(x)	1	:	0.000000	0.000000	0.000000	0.000000	0.000000	0.000000	0.000000	0.000000	0.476018	0.000000	0.000000	0.523982
123	tsk_123	(x)	1	:	0.000000	0.000000	0.000000	0.470200	0.000000	0.000000	0.000000	0.000000	0.000000	0.000000	0.501568	0.028232
124	tsk_124	(x)	1	:	0.862793	0.000000	0.137207	0.000000	0.000000	0.000000	0.000000	0.000000	0.000000	0.000000	0.000000	0.000000
125	tsk_125	(x)	1	:	0.436963	0.000000	0.058167	0.000000	0.000000	0.000000	0.000000	0.492001	0.000000	0.000000	0.000000	0.012869
126	tsk_126	(x)	1	:	0.412434	0.000000	0.092361	0.000000	0.000000	0.000000	0.000000	0.000000	0.000000	0.000000	0.000000	0.495205
127	tsk_127	(x)	1	:	0.841200	0.000000	0.158800	0.000000	0.000000	0.000000	0.000000	0.000000	0.000000	0.000000	0.000000	0.000000
128	tsk_128	(x)	1	:	0.408938	0.000000	0.138593	0.000000	0.000000	0.000000	0.000000	0.000000	0.452468	0.000000	0.000000	0.000000
129	tsk_129	(x)	1	:	0.000000	0.000000	0.000000	0.000000	0.000000	0.000000	0.000001	0.489400	0.000000	0.000000	0.498095	0.012504
130	tsk_130	(x)	1	:	0.154650	0.297086	0.026567	0.000000	0.000000	0.000000	0.000000	0.000000	0.521697	0.000000	0.000000	0.000000
131	tsk_131	(x)	1	:	0.000000	0.000000	0.000000	0.000000	0.000000	0.000000	0.493151	0.000000	0.506292	0.000000	0.000557	0.000000
132	tsk_132	(x)	1	:	0.000000	0.000000	0.000000	0.000000	0.000000	0.000000	0.000000	0.000000	1.000000	0.000000	0.000000	0.000000
133	tsk_133	(x)	1	:	0.000000	0.000000	0.000000	0.000000	0.000000	0.000000	0.000000	0.000000	0.485460	0.000000	0.514540	0.000000
134	tsk_134	(x)	1	:	0.281309	0.000000	0.218086	0.000000	0.000000	0.000000	0.497921	0.000000	0.000000	0.000000	0.002684	0.000000
135	tsk_135	(x)	1	:	0.000000	0.000000	0.000000	0.000000	0.000000	0.000000	0.000000	0.000000	1.000000	0.000000	0.000000	0.000000
136	tsk_136	(x)	1	:	0.000000	0.000000	0.000000	0.000000	0.534045	0.000000	0.000000	0.000000	0.465955	0.000000	0.000000	0.000000
137	tsk_137	(x)	1	:	0.142848	0.297242	0.060000	0.000000	0.484404	0.000000	0.000000	0.000000	0.015506	0.000000	0.000000	0.000000
138	tsk_138	(x)	1	:	0.322221	0.000000	0.177276	0.000000	0.000000	0.000000	0.000000	0.000000	0.000000	0.496454	0.004050	0.000000
139	tsk_139	(x)	1	:	0.000000	0.000000	0.000000	0.000000	0.000000	0.000000	0.000000	0.000000	1.000000	0.000000	0.000000	0.000000
140	tsk_140	(x)	1	:	0.928627	0.000000	0.071373	0.000000	0.000000	0.000000	0.000000	0.000000	0.000000	0.000000	0.000000	0.000000
141	tsk_141	(x)	1	:	0.000000	0.000000	0.000000	1.000000	0.000000	0.000000	0.000000	0.000000	0.000000	0.000000	0.000000	0.000000
142	tsk_142	(x)	1	:	0.000000	0.000000	0.000000	0.495630	0.000000	0.000000	0.504370	0.000000	0.000000	0.000000	0.000000	0.000000
143	tsk_143	(x)	1	:	0.000000	0.000000	0.000000	0.000000	0.408272	0.000000	0.000000	0.000000	0.591727	0.000000	0.000000	0.000000
144	tsk_144	(x)	1	:	0.000000	0.000000	0.000000	0.505086	0.000000	0.000000	0.000000	0.000000	0.494914	0.000000	0.000000	0.000000
145	tsk_145	(x)	1	:	0.000000	0.000000	0.000000	1.000000	0.000000	0.000000	0.000000	0.000000	0.000000	0.000000	0.000000	0.000000
146	tsk_146	(x)	1	:	0.000000	0.000000	0.000000	0.504437	0.000000	0.000000	0.000000	0.000000	0.495563	0.000000	0.000000	0.000000
147	tsk_147	(x)	1	:	0.000000	0.000000	0.000000	0.470179	0.000000	0.000000	0.000000	0.000000	0.000000	0.499219	0.002433	0.028168
148	tsk_148	(x)	1	:	0.000000	0.000000	0.000000	0.000000	0.534045	0.000000	0.000000	0.000000	0.465955	0.000000	0.000000	0.000000
149	tsk_149	(x)	1	:	0.456741	0.000000	0.047881	0.469976	0.000000	0.000000	0.000000	0.000000	0.000000	0.000000	0.000000	0.025402
