logL = -1817.501860 (converged)
AIC = 4887.003721
BIC = 6771.661415

count.K
10 86 36 18 

