logL = -1161.873611 (converged)
AIC = 4711.747222
BIC = 8306.445764

count.K
8 16 26 11 15 54 20 

