logL = -1884.788099 (converged)
AIC = 6477.576198
BIC = 10553.976387

count.K
35 0 22 22 40 1 12 18 

