logL = -1215.925929 (converged)
AIC = 2875.851858
BIC = 3544.212893

count.K
69 81 

