logL = -3351.402737 (converged)
AIC = 7182.805474
BIC = 7905.357944

count.K
109 41 

