logL = -946.447103 (converged)
AIC = 6402.894206
BIC = 13191.876794

count.K
4 17 1 22 18 16 14 2 10 35 6 5 0 

