logL = -1302.686023 (converged)
AIC = 6573.372047
BIC = 12546.472470

count.K
18 6 28 2 3 8 2 11 20 30 22 

