logL = -747.014845 (converged)
AIC = 5538.029689
BIC = 11625.534254

count.K
13 2 11 68 17 1 11 7 3 3 12 2 

