logL = -877.973011 (converged)
AIC = 5635.946023
BIC = 11476.578493

count.K
0 0 6 5 16 10 2 19 5 37 50 

