logL = -519.188016 (converged)
AIC = 5470.376032
BIC = 12141.943844

count.K
30 42 1 4 1 15 7 2 3 12 19 0 14 

