logL = -1166.938597 (converged)
AIC = 4721.877195
BIC = 8316.575736

count.K
20 18 13 63 15 3 18 

