logL = -1259.638006 (converged)
AIC = 5131.276012
BIC = 9063.165706

count.K
28 5 3 5 30 53 12 14 

