logL = -2283.083442 (converged)
AIC = 5058.166885
BIC = 5798.783167

count.K
23 127 

