logL = -1650.494061 (converged)
AIC = 8656.988122
BIC = 16719.469440

count.K
28 2 2 0 21 1 2 2 4 10 39 6 21 12 

