logL = -1074.193241 (converged)
AIC = 4936.386481
BIC = 9133.212081

count.K
15 3 11 9 68 9 34 1 

