logL = -1553.309719 (converged)
AIC = 7510.619438
BIC = 14140.038356

count.K
2 15 1 9 26 1 3 21 10 4 46 12 

