logL = -1268.990294 (converged)
AIC = 4057.980588
BIC = 6346.063411

count.K
29 31 19 47 24 

