logL = -1814.858695 (converged)
AIC = 7841.717389
BIC = 14182.115319

count.K
39 5 22 0 19 12 8 15 7 10 2 11 

