logL = -1684.742232 (converged)
AIC = 6253.484463
BIC = 10594.820557

count.K
5 21 4 74 14 5 18 9 

