0	tsk_0	(x)	1	:	0.000000	0.575677	0.000000	0.000000	0.424322	0.000000	0.000000	0.000000	0.000000	0.000000	0.000000	0.000000	0.000000
1	tsk_1	(x)	1	:	0.000000	0.000000	0.000000	0.000000	0.000000	0.491405	0.000000	0.015038	0.000000	0.000000	0.493557	0.000000	0.000000
2	tsk_2	(x)	1	:	0.000000	0.000000	0.000000	0.000000	0.500737	0.000000	0.000000	0.000000	0.000000	0.499263	0.000000	0.000000	0.000000
3	tsk_3	(x)	1	:	0.045295	0.418677	0.000000	0.000000	0.000000	0.000000	0.000000	0.000002	0.000000	0.024940	0.511086	0.000000	0.000000
4	tsk_4	(x)	1	:	0.000000	0.000000	0.000000	0.000000	0.500497	0.000000	0.499503	0.000000	0.000000	0.000000	0.000000	0.000000	0.000000
5	tsk_5	(x)	1	:	0.000000	0.575671	0.000000	0.000000	0.424329	0.000000	0.000000	0.000000	0.000000	0.000000	0.000000	0.000000	0.000000
6	tsk_6	(x)	1	:	0.000000	0.000000	0.000000	0.000000	0.500846	0.000000	0.499154	0.000000	0.000000	0.000000	0.000000	0.000000	0.000000
7	tsk_7	(x)	1	:	0.000000	0.000000	0.000000	0.000000	0.000000	0.000000	0.500000	0.000000	0.000000	0.500000	0.000000	0.000000	0.000000
8	tsk_8	(x)	1	:	0.000000	0.000000	0.000000	0.000000	0.000000	0.000000	0.000000	0.000000	0.000000	0.502804	0.497196	0.000000	0.000000
9	tsk_9	(x)	1	:	0.000000	0.000000	0.000000	0.000000	0.000000	0.000000	0.500000	0.000000	0.000000	0.000000	0.000000	0.500000	0.000000
10	tsk_10	(x)	1	:	0.000000	0.000000	0.000000	0.000000	1.000000	0.000000	0.000000	0.000000	0.000000	0.000000	0.000000	0.000000	0.000000
11	tsk_11	(x)	1	:	0.000000	0.519788	0.000000	0.480212	0.000000	0.000000	0.000000	0.000000	0.000000	0.000000	0.000000	0.000000	0.000000
12	tsk_12	(x)	1	:	0.000000	0.000000	0.482300	0.000000	0.499032	0.000000	0.000000	0.000000	0.000000	0.018669	0.000000	0.000000	0.000000
13	tsk_13	(x)	1	:	0.000000	0.000000	0.000000	0.000000	0.502677	0.000000	0.000000	0.000000	0.000000	0.000000	0.497323	0.000000	0.000000
14	tsk_14	(x)	1	:	0.000000	0.000000	0.000000	0.000000	0.000000	0.491147	0.000000	0.009579	0.000000	0.499274	0.000000	0.000000	0.000000
15	tsk_15	(x)	1	:	0.493169	0.000000	0.000000	0.506819	0.000000	0.000002	0.000000	0.000010	0.000000	0.000000	0.000000	0.000000	0.000000
16	tsk_16	(x)	1	:	0.000000	0.000000	0.000000	1.000000	0.000000	0.000000	0.000000	0.000000	0.000000	0.000000	0.000000	0.000000	0.000000
17	tsk_17	(x)	1	:	0.000000	0.000000	0.000000	0.508648	0.000000	0.491352	0.000000	0.000000	0.000000	0.000000	0.000000	0.000000	0.000000
18	tsk_18	(x)	1	:	0.000000	0.000000	0.000000	0.500450	0.000000	0.000002	0.000000	0.000003	0.000000	0.499545	0.000000	0.000000	0.000000
19	tsk_19	(x)	1	:	0.000000	0.550971	0.000000	0.000000	0.000000	0.000000	0.000000	0.000000	0.000000	0.449029	0.000000	0.000000	0.000000
20	tsk_20	(x)	1	:	0.000000	0.000000	0.000000	0.000000	0.499291	0.490612	0.000000	0.010097	0.000000	0.000000	0.000000	0.000000	0.000000
21	tsk_21	(x)	1	:	0.479960	0.000000	0.000000	0.000000	0.000000	0.000000	0.000000	0.000000	0.000000	0.000000	0.000000	0.520039	0.000000
22	tsk_22	(x)	1	:	0.000000	0.000000	0.000000	0.000000	0.000000	0.000000	0.000000	0.000000	0.000000	0.000000	1.000000	0.000000	0.000000
23	tsk_23	(x)	1	:	0.479960	0.000000	0.000000	0.000000	0.000000	0.000000	0.000000	0.000000	0.000000	0.000000	0.000000	0.520039	0.000000
24	tsk_24	(x)	1	:	0.000000	0.000000	0.000000	0.000000	0.500140	0.000000	0.000000	0.000000	0.000000	0.000000	0.000000	0.499860	0.000000
25	tsk_25	(x)	1	:	0.497956	0.000000	0.000000	0.000000	0.000000	0.000000	0.000000	0.000000	0.000000	0.000000	0.502044	0.000000	0.000000
26	tsk_26	(x)	1	:	0.000000	0.000000	0.000000	0.000000	0.499404	0.492092	0.000000	0.008504	0.000000	0.000000	0.000000	0.000000	0.000000
27	tsk_27	(x)	1	:	0.000000	0.000000	0.000000	0.000000	0.000000	0.490864	0.000000	0.015631	0.000000	0.000000	0.493505	0.000000	0.000000
28	tsk_28	(x)	1	:	0.000000	0.000000	0.000000	0.000000	0.499333	0.491148	0.000000	0.009519	0.000000	0.000000	0.000000	0.000000	0.000000
29	tsk_29	(x)	1	:	0.000000	0.000000	0.000000	0.000000	0.000000	0.000000	0.000000	0.000000	0.000000	0.000000	0.000000	1.000000	0.000000
30	tsk_30	(x)	1	:	0.000000	0.000000	0.000000	0.000000	0.000000	0.489897	0.000000	0.010929	0.000000	0.499173	0.000000	0.000000	0.000000
31	tsk_31	(x)	1	:	0.000000	0.000000	1.000000	0.000000	0.000000	0.000000	0.000000	0.000000	0.000000	0.000000	0.000000	0.000000	0.000000
32	tsk_32	(x)	1	:	0.000000	0.000000	0.000000	0.000000	0.000000	0.486774	0.000000	0.014301	0.000000	0.498924	0.000000	0.000000	0.000000
33	tsk_33	(x)	1	:	0.000000	0.000000	0.497021	0.000000	0.000000	0.490016	0.000000	0.012963	0.000000	0.000000	0.000000	0.000000	0.000000
34	tsk_34	(x)	1	:	0.000000	0.000000	0.484067	0.000000	0.000000	0.000000	0.000000	0.000000	0.000000	0.515933	0.000000	0.000000	0.000000
35	tsk_35	(x)	1	:	0.000000	0.000000	0.000000	0.000000	0.000000	0.000000	0.000000	0.000000	0.000000	1.000000	0.000000	0.000000	0.000000
36	tsk_36	(x)	1	:	0.000000	0.000000	0.000000	0.000000	0.000000	0.000000	0.000000	0.000000	0.000000	0.500000	0.000000	0.500000	0.000000
37	tsk_37	(x)	1	:	0.000000	0.000000	0.000000	0.000000	0.000000	0.000000	0.000000	0.000000	0.000000	1.000000	0.000000	0.000000	0.000000
38	tsk_38	(x)	1	:	0.000000	0.000000	0.000000	0.000000	0.000000	1.000000	0.000000	0.000000	0.000000	0.000000	0.000000	0.000000	0.000000
39	tsk_39	(x)	1	:	0.000000	0.000000	0.484067	0.000000	0.000000	0.000000	0.000000	0.000000	0.000000	0.515933	0.000000	0.000000	0.000000
40	tsk_40	(x)	1	:	0.000000	0.000000	0.000000	0.000000	0.499328	0.491101	0.000000	0.009570	0.000000	0.000000	0.000000	0.000000	0.000000
41	tsk_41	(x)	1	:	0.000000	0.000000	0.000000	0.506834	0.000000	0.493166	0.000000	0.000000	0.000000	0.000000	0.000000	0.000000	0.000000
42	tsk_42	(x)	1	:	0.000000	0.000000	0.000000	0.000000	0.000000	0.490555	0.000000	0.010159	0.000000	0.000000	0.000000	0.499286	0.000000
43	tsk_43	(x)	1	:	0.000000	0.000000	0.000000	0.000000	0.000000	0.490784	0.000000	0.009913	0.000000	0.000000	0.000000	0.499303	0.000000
44	tsk_44	(x)	1	:	0.000000	0.000000	0.000000	0.000000	0.500680	0.000000	0.000000	0.000000	0.000000	0.000000	0.000000	0.499320	0.000000
45	tsk_45	(x)	1	:	0.000000	0.000000	0.000000	0.000000	0.000000	0.490886	0.000000	0.009804	0.000000	0.000000	0.000000	0.499310	0.000000
46	tsk_46	(x)	1	:	0.000000	0.000000	0.000000	0.000000	0.000000	0.490664	0.000000	0.010042	0.000000	0.000000	0.000000	0.499294	0.000000
47	tsk_47	(x)	1	:	0.479680	0.000000	0.000000	0.000000	0.520320	0.000000	0.000000	0.000000	0.000000	0.000000	0.000000	0.000000	0.000000
48	tsk_48	(x)	1	:	0.000000	0.000000	0.000000	0.000000	0.000000	0.478753	0.000000	0.003752	0.000000	0.000000	0.517494	0.000000	0.000000
49	tsk_49	(x)	1	:	0.000000	0.000000	0.000000	0.000000	0.500365	0.000000	0.499634	0.000000	0.000000	0.000000	0.000000	0.000000	0.000000
50	tsk_50	(x)	1	:	0.000000	0.000000	0.000000	0.000000	0.000000	0.000000	1.000000	0.000000	0.000000	0.000000	0.000000	0.000000	0.000000
51	tsk_51	(x)	1	:	0.000000	0.000000	0.000000	0.000000	0.500571	0.000000	0.499429	0.000000	0.000000	0.000000	0.000000	0.000000	0.000000
52	tsk_52	(x)	1	:	0.000000	0.000000	0.000000	0.000000	0.000000	0.000000	0.500000	0.500000	0.000000	0.000000	0.000000	0.000000	0.000000
53	tsk_53	(x)	1	:	0.000000	0.000000	0.482670	0.000000	0.000000	0.000000	0.499071	0.000000	0.000000	0.018258	0.000000	0.000000	0.000000
54	tsk_54	(x)	1	:	0.000000	0.000000	0.000000	0.000000	0.500000	0.000000	0.000000	0.500000	0.000000	0.000000	0.000000	0.000000	0.000000
55	tsk_55	(x)	1	:	0.000000	0.000000	0.000000	0.000000	0.500204	0.000000	0.499796	0.000000	0.000000	0.000000	0.000000	0.000000	0.000000
56	tsk_56	(x)	1	:	0.000000	0.000000	0.000000	0.000000	1.000000	0.000000	0.000000	0.000000	0.000000	0.000000	0.000000	0.000000	0.000000
57	tsk_57	(x)	1	:	0.000000	0.000000	0.000000	0.000000	0.000000	0.000000	0.500000	0.000000	0.000000	0.000000	0.000000	0.500000	0.000000
58	tsk_58	(x)	1	:	0.000000	0.000000	0.000000	0.000000	0.000000	0.000005	0.500000	0.499995	0.000000	0.000000	0.000000	0.000000	0.000000
59	tsk_59	(x)	1	:	0.000000	0.000000	0.000000	0.000000	0.000000	0.000000	1.000000	0.000000	0.000000	0.000000	0.000000	0.000000	0.000000
60	tsk_60	(x)	1	:	0.000000	0.000000	0.000000	0.000000	0.500436	0.000000	0.000000	0.039171	0.000000	0.000000	0.000000	0.000000	0.460393
61	tsk_61	(x)	1	:	0.000000	0.000000	0.000000	0.000000	0.000736	0.504990	0.000000	0.000024	0.494250	0.000000	0.000000	0.000000	0.000000
62	tsk_62	(x)	1	:	0.000000	0.537974	0.000000	0.000000	0.000000	0.000000	0.000000	0.010009	0.000000	0.000000	0.000000	0.000000	0.452017
63	tsk_63	(x)	1	:	0.000000	0.000000	0.000000	0.000000	0.500260	0.000000	0.000000	0.000000	0.000000	0.000000	0.000000	0.499740	0.000000
64	tsk_64	(x)	1	:	0.000000	0.000000	0.000000	0.000000	0.000000	0.000000	0.000000	0.041785	0.000000	0.000000	0.000000	0.500303	0.457912
65	tsk_65	(x)	1	:	0.000000	0.545038	0.000000	0.000000	0.000000	0.000000	0.000000	0.000000	0.000000	0.000000	0.000000	0.454962	0.000000
66	tsk_66	(x)	1	:	0.000000	0.000000	0.000000	0.000000	0.000000	0.000000	0.000000	0.042900	0.000000	0.000000	0.000000	0.500247	0.456853
67	tsk_67	(x)	1	:	0.000000	0.000000	0.000000	0.000000	0.500929	0.000000	0.000000	0.000000	0.000000	0.000000	0.000000	0.499071	0.000000
68	tsk_68	(x)	1	:	0.000000	0.000000	0.000000	0.000000	0.000000	0.500022	0.000000	0.499978	0.000000	0.000000	0.000000	0.000000	0.000000
69	tsk_69	(x)	1	:	0.000000	0.000000	0.000000	0.000000	0.501187	0.000000	0.000000	0.000000	0.000000	0.498813	0.000000	0.000000	0.000000
70	tsk_70	(x)	1	:	0.000000	0.000000	0.482635	0.000000	0.000000	0.000000	0.499048	0.000000	0.000000	0.018317	0.000000	0.000000	0.000000
71	tsk_71	(x)	1	:	0.000000	0.000000	0.483980	0.000000	0.176519	0.000000	0.183139	0.000000	0.000000	0.156362	0.000000	0.000000	0.000000
72	tsk_72	(x)	1	:	0.000000	0.000000	0.000000	0.494199	0.000000	0.001208	0.504407	0.000186	0.000000	0.000000	0.000000	0.000000	0.000000
73	tsk_73	(x)	1	:	0.000000	0.000000	0.000000	0.000000	0.197376	0.000000	0.202699	0.000000	0.000000	0.000000	0.000000	0.599925	0.000000
74	tsk_74	(x)	1	:	0.000000	0.000000	1.000000	0.000000	0.000000	0.000000	0.000000	0.000000	0.000000	0.000000	0.000000	0.000000	0.000000
75	tsk_75	(x)	1	:	0.000000	0.000000	0.482696	0.000000	0.000000	0.000000	0.499089	0.000000	0.000000	0.018215	0.000000	0.000000	0.000000
76	tsk_76	(x)	1	:	0.000000	0.000000	0.484001	0.000000	0.177237	0.000000	0.182415	0.000000	0.000000	0.156347	0.000000	0.000000	0.000000
77	tsk_77	(x)	1	:	0.000000	0.000000	0.000000	0.000000	0.000000	0.490351	0.499271	0.010378	0.000000	0.000000	0.000000	0.000000	0.000000
78	tsk_78	(x)	1	:	0.000000	0.000000	0.000000	0.000000	0.499407	0.492128	0.000000	0.008465	0.000000	0.000000	0.000000	0.000000	0.000000
79	tsk_79	(x)	1	:	0.000000	0.000000	0.000000	0.000000	0.500804	0.000000	0.000000	0.000000	0.000000	0.000000	0.000000	0.499196	0.000000
80	tsk_80	(x)	1	:	0.000121	0.405878	0.484088	0.000000	0.000000	0.000000	0.000000	0.000000	0.000000	0.109913	0.000000	0.000000	0.000000
81	tsk_81	(x)	1	:	0.000000	0.000000	0.000000	0.000000	0.000000	0.000000	0.500000	0.000000	0.000000	0.000000	0.000000	0.500000	0.000000
82	tsk_82	(x)	1	:	0.000000	1.000000	0.000000	0.000000	0.000000	0.000000	0.000000	0.000000	0.000000	0.000000	0.000000	0.000000	0.000000
83	tsk_83	(x)	1	:	0.000000	0.000000	0.000000	0.000000	0.502678	0.000000	0.000000	0.000000	0.000000	0.000000	0.497322	0.000000	0.000000
84	tsk_84	(x)	1	:	0.043948	0.418769	0.000000	0.000000	0.000000	0.000000	0.000000	0.000001	0.000000	0.026312	0.510970	0.000000	0.000000
85	tsk_85	(x)	1	:	0.000310	0.405782	0.000000	0.000000	0.000000	0.000000	0.000000	0.000000	0.000000	0.593908	0.000000	0.000000	0.000000
86	tsk_86	(x)	1	:	0.000000	0.000000	0.000000	0.000000	0.500356	0.000000	0.000000	0.000000	0.000000	0.000000	0.000000	0.499644	0.000000
87	tsk_87	(x)	1	:	0.000000	0.000000	0.000000	0.000000	0.502675	0.000000	0.000000	0.000000	0.000000	0.000000	0.497325	0.000000	0.000000
88	tsk_88	(x)	1	:	0.000000	0.000000	0.000000	0.000000	0.502678	0.000000	0.000000	0.000000	0.000000	0.000000	0.497322	0.000000	0.000000
89	tsk_89	(x)	1	:	0.050149	0.421005	0.000000	0.000000	0.000000	0.000000	0.000000	0.526254	0.000000	0.002590	0.000000	0.000000	0.000001
90	tsk_90	(x)	1	:	0.000000	0.000000	0.000000	0.000000	0.000000	0.000000	1.000000	0.000000	0.000000	0.000000	0.000000	0.000000	0.000000
91	tsk_91	(x)	1	:	0.000000	0.000000	0.000000	0.000000	0.499273	0.490363	0.000000	0.010364	0.000000	0.000000	0.000000	0.000000	0.000000
92	tsk_92	(x)	1	:	0.000000	0.000000	0.000000	0.000000	0.000000	0.490060	0.000000	0.010690	0.000000	0.000000	0.000000	0.499249	0.000000
93	tsk_93	(x)	1	:	0.000000	0.000000	0.000000	0.000000	0.000000	0.490894	0.000000	0.009795	0.000000	0.000000	0.000000	0.499311	0.000000
94	tsk_94	(x)	1	:	0.000000	0.000000	0.000000	0.500420	0.000000	0.000002	0.499576	0.000002	0.000000	0.000000	0.000000	0.000000	0.000000
95	tsk_95	(x)	1	:	0.000000	0.000000	0.000000	0.000000	0.000000	0.000000	0.500000	0.000000	0.000000	0.000000	0.000000	0.500000	0.000000
96	tsk_96	(x)	1	:	0.000000	0.000000	0.000000	0.000000	0.000000	0.000000	0.500000	0.000000	0.000000	0.000000	0.000000	0.500000	0.000000
97	tsk_97	(x)	1	:	0.000000	0.000000	0.000000	0.000000	0.000000	0.490259	0.499264	0.010477	0.000000	0.000000	0.000000	0.000000	0.000000
98	tsk_98	(x)	1	:	0.000000	0.000000	0.000000	0.000000	0.000000	0.000000	0.500000	0.000000	0.000000	0.000000	0.000000	0.500000	0.000000
99	tsk_99	(x)	1	:	0.000000	0.000000	0.000000	0.000000	0.000000	0.490079	0.499251	0.010671	0.000000	0.000000	0.000000	0.000000	0.000000
100	tsk_100	(x)	1	:	0.000000	0.000000	0.000000	0.000000	0.000000	0.490231	0.000000	0.010569	0.000000	0.499200	0.000000	0.000000	0.000000
101	tsk_101	(x)	1	:	0.000000	0.000000	0.000000	0.000000	0.000000	0.490407	0.000000	0.010318	0.000000	0.000000	0.000000	0.499275	0.000000
102	tsk_102	(x)	1	:	0.000000	0.000000	0.000000	0.000000	0.000000	0.000000	0.000000	0.000000	0.000000	0.500000	0.000000	0.500000	0.000000
103	tsk_103	(x)	1	:	0.000000	0.000000	0.000000	0.000000	0.000000	0.490266	0.000000	0.010469	0.000000	0.000000	0.000000	0.499264	0.000000
104	tsk_104	(x)	1	:	0.000000	0.000000	0.000000	0.000000	0.000000	1.000000	0.000000	0.000000	0.000000	0.000000	0.000000	0.000000	0.000000
105	tsk_105	(x)	1	:	0.000000	0.000000	0.000000	0.000000	0.000000	0.498196	0.000000	0.000000	0.000000	0.000000	0.000000	0.000000	0.501804
106	tsk_106	(x)	1	:	0.000000	0.000000	0.000000	0.000000	0.000000	0.000000	0.000000	0.000000	0.000000	1.000000	0.000000	0.000000	0.000000
107	tsk_107	(x)	1	:	0.000000	0.000000	0.000000	0.000000	0.000000	0.497175	0.000000	0.002671	0.000000	0.000000	0.000000	0.000000	0.500153
108	tsk_108	(x)	1	:	0.000000	0.000000	0.000000	0.000000	0.000000	0.491082	0.000000	0.009593	0.000000	0.000000	0.000000	0.499325	0.000000
109	tsk_109	(x)	1	:	0.000000	0.000000	0.000000	0.000000	0.000000	1.000000	0.000000	0.000000	0.000000	0.000000	0.000000	0.000000	0.000000
110	tsk_110	(x)	1	:	0.000000	0.000000	0.482330	0.000000	0.499026	0.000000	0.000000	0.000000	0.000000	0.018644	0.000000	0.000000	0.000000
111	tsk_111	(x)	1	:	0.000000	0.000000	0.000000	0.450763	0.001064	0.052689	0.000000	0.000000	0.495484	0.000000	0.000000	0.000000	0.000000
112	tsk_112	(x)	1	:	0.000000	0.000000	0.000000	0.461194	0.000000	0.004230	0.000000	0.534575	0.000000	0.000000	0.000000	0.000000	0.000001
113	tsk_113	(x)	1	:	0.000000	0.000000	0.489987	0.494346	0.000000	0.001409	0.000000	0.000406	0.000000	0.013852	0.000000	0.000000	0.000000
114	tsk_114	(x)	1	:	0.000000	0.000000	0.000000	0.000000	0.000000	0.500002	0.000000	0.499998	0.000000	0.000000	0.000000	0.000000	0.000000
115	tsk_115	(x)	1	:	0.000000	0.000000	1.000000	0.000000	0.000000	0.000000	0.000000	0.000000	0.000000	0.000000	0.000000	0.000000	0.000000
116	tsk_116	(x)	1	:	0.000000	0.000000	0.483930	0.000000	0.000000	0.000000	0.000000	0.499977	0.000000	0.016092	0.000000	0.000000	0.000001
117	tsk_117	(x)	1	:	0.000000	0.000000	0.483414	0.000000	0.000000	0.000000	0.000000	0.000000	0.000000	0.018502	0.498084	0.000000	0.000000
118	tsk_118	(x)	1	:	0.000000	0.000000	0.000000	0.000000	0.000022	0.000000	0.000000	0.000000	0.506162	0.000000	0.493816	0.000000	0.000000
119	tsk_119	(x)	1	:	0.000000	0.000000	0.000000	0.000000	0.000000	0.000000	0.000000	0.499997	0.000000	0.000000	0.000000	0.500000	0.000002
120	tsk_120	(x)	1	:	0.000000	0.000000	0.000000	0.000000	1.000000	0.000000	0.000000	0.000000	0.000000	0.000000	0.000000	0.000000	0.000000
121	tsk_121	(x)	1	:	0.000000	0.000000	0.000000	0.000000	0.000000	0.000000	0.000000	0.999999	0.000000	0.000000	0.000000	0.000000	0.000001
122	tsk_122	(x)	1	:	0.536169	0.000000	0.000000	0.000000	0.000000	0.000000	0.000000	0.000000	0.000000	0.000000	0.000000	0.463831	0.000000
123	tsk_123	(x)	1	:	1.000000	0.000000	0.000000	0.000000	0.000000	0.000000	0.000000	0.000000	0.000000	0.000000	0.000000	0.000000	0.000000
124	tsk_124	(x)	1	:	0.000000	0.000000	0.000000	0.000000	0.499372	0.491694	0.000000	0.008934	0.000000	0.000000	0.000000	0.000000	0.000000
125	tsk_125	(x)	1	:	0.536169	0.000000	0.000000	0.000000	0.000000	0.000000	0.000000	0.000000	0.000000	0.000000	0.000000	0.463831	0.000000
126	tsk_126	(x)	1	:	0.000000	0.000000	0.000000	0.494587	0.000000	0.000756	0.000000	0.000228	0.000000	0.000000	0.000000	0.504429	0.000000
127	tsk_127	(x)	1	:	0.000000	0.000000	0.000000	0.000000	0.500528	0.000000	0.000000	0.000000	0.000000	0.000000	0.000000	0.499472	0.000000
128	tsk_128	(x)	1	:	0.000000	0.000000	0.000000	0.000000	0.500381	0.000000	0.000000	0.000000	0.000000	0.000000	0.000000	0.499619	0.000000
129	tsk_129	(x)	1	:	0.000000	0.000000	0.000000	0.000000	1.000000	0.000000	0.000000	0.000000	0.000000	0.000000	0.000000	0.000000	0.000000
130	tsk_130	(x)	1	:	0.000000	0.000000	0.516133	0.000000	0.000000	0.000000	0.000000	0.483861	0.000000	0.000006	0.000000	0.000000	0.000000
131	tsk_131	(x)	1	:	0.000000	0.000000	0.000000	0.000000	0.000000	0.000000	0.000000	0.000000	0.000000	0.000000	0.000000	1.000000	0.000000
132	tsk_132	(x)	1	:	0.000000	0.000000	0.542554	0.000000	0.000000	0.000000	0.457446	0.000000	0.000000	0.000000	0.000000	0.000000	0.000000
133	tsk_133	(x)	1	:	0.000000	0.000000	0.000000	0.000000	0.000000	0.000000	0.000000	0.499998	0.000000	0.000000	0.000000	0.500000	0.000002
134	tsk_134	(x)	1	:	0.000000	0.000000	0.483947	0.000000	0.000000	0.000000	0.000000	0.499980	0.000000	0.016073	0.000000	0.000000	0.000000
135	tsk_135	(x)	1	:	0.000000	0.000000	0.000000	0.000000	1.000000	0.000000	0.000000	0.000000	0.000000	0.000000	0.000000	0.000000	0.000000
136	tsk_136	(x)	1	:	0.000000	0.000000	0.516138	0.000000	0.000000	0.000000	0.000000	0.483862	0.000000	0.000000	0.000000	0.000000	0.000000
137	tsk_137	(x)	1	:	0.000000	0.000000	0.482266	0.000000	0.499123	0.000000	0.000000	0.000000	0.000000	0.018611	0.000000	0.000000	0.000000
138	tsk_138	(x)	1	:	0.000000	0.000000	0.000000	0.000000	0.500000	0.000000	0.000000	0.500000	0.000000	0.000000	0.000000	0.000000	0.000000
139	tsk_139	(x)	1	:	0.000000	0.000000	0.000000	0.000000	0.000000	0.000000	0.500000	0.000000	0.000000	0.000000	0.000000	0.500000	0.000000
140	tsk_140	(x)	1	:	0.000000	0.537808	0.000000	0.000000	0.000000	0.000018	0.000000	0.027680	0.000000	0.000000	0.000000	0.000000	0.434494
141	tsk_141	(x)	1	:	0.000000	0.000000	0.000000	0.000000	0.000000	0.000013	0.000000	0.061133	0.000000	0.000000	0.000000	0.500010	0.438844
142	tsk_142	(x)	1	:	0.000000	0.000000	0.000000	0.000000	0.000000	1.000000	0.000000	0.000000	0.000000	0.000000	0.000000	0.000000	0.000000
143	tsk_143	(x)	1	:	0.000000	0.536519	0.000000	0.000000	0.000000	0.000000	0.000000	0.000158	0.000000	0.000000	0.000000	0.000000	0.463323
144	tsk_144	(x)	1	:	0.000000	0.000000	0.000000	0.000000	0.000000	1.000000	0.000000	0.000000	0.000000	0.000000	0.000000	0.000000	0.000000
145	tsk_145	(x)	1	:	0.000000	0.000000	0.000000	0.000000	0.000000	0.498191	0.000000	0.000000	0.000000	0.000000	0.000000	0.000000	0.501809
146	tsk_146	(x)	1	:	0.000000	0.000000	0.000000	0.000000	0.000000	0.498192	0.000000	0.000000	0.000000	0.000000	0.000000	0.000000	0.501808
147	tsk_147	(x)	1	:	0.000000	0.000000	0.000000	0.000000	0.000000	0.000000	0.500000	0.000000	0.000000	0.000000	0.000000	0.500000	0.000000
148	tsk_148	(x)	1	:	0.000000	0.000000	0.000000	0.000000	0.000000	0.490369	0.499272	0.010359	0.000000	0.000000	0.000000	0.000000	0.000000
149	tsk_149	(x)	1	:	0.000000	0.000000	0.000000	0.000000	0.000000	0.000000	0.000000	0.039800	0.000000	0.000000	0.000000	0.000000	0.960200
