logL = -653.026499 (converged)
AIC = 4606.052998
BIC = 9573.601233

count.K
6 14 6 1 35 10 12 8 43 15 

