logL = -1354.461759 (converged)
AIC = 4308.923518
BIC = 6717.431753

count.K
35 25 32 19 39 

