logL = -2085.697778 (converged)
AIC = 8071.395556
BIC = 13942.134380

count.K
9 26 16 5 17 26 14 15 9 13 

