logL = -1980.806813 (converged)
AIC = 7189.613625
BIC = 12048.778990

count.K
18 21 7 9 14 29 39 4 9 

