logL = -5103.692977 (converged)
AIC = 16807.385955
BIC = 26742.482425

count.K
42 3 10 17 10 0 5 6 2 5 9 20 6 12 3 

