logL = -3502.869992 (converged)
AIC = 10755.739984
BIC = 16400.681160

count.K
4 8 21 5 39 16 28 3 26 

