0	tsk_0	(x)	1	:	0.000000	0.000000	0.000000	0.000016	0.000000	0.000000	0.000000	0.000000	0.495893	0.504091	0.000000	0.000000
1	tsk_1	(x)	1	:	0.000000	0.000000	1.000000	0.000000	0.000000	0.000000	0.000000	0.000000	0.000000	0.000000	0.000000	0.000000
2	tsk_2	(x)	1	:	0.000000	0.000000	1.000000	0.000000	0.000000	0.000000	0.000000	0.000000	0.000000	0.000000	0.000000	0.000000
3	tsk_3	(x)	1	:	0.000000	0.000000	0.500062	0.000000	0.000000	0.000000	0.000000	0.000000	0.499937	0.000000	0.000000	0.000000
4	tsk_4	(x)	1	:	0.000000	0.000000	0.496190	0.000000	0.000000	0.000000	0.000000	0.000000	0.000000	0.503810	0.000000	0.000000
5	tsk_5	(x)	1	:	0.000000	0.000000	1.000000	0.000000	0.000000	0.000000	0.000000	0.000000	0.000000	0.000000	0.000000	0.000000
6	tsk_6	(x)	1	:	0.000000	0.000000	0.499529	0.000000	0.000000	0.000000	0.000000	0.000000	0.000707	0.000000	0.000000	0.499763
7	tsk_7	(x)	1	:	0.000000	0.000000	0.000000	0.000000	0.000000	0.000000	0.000000	0.000000	1.000000	0.000000	0.000000	0.000000
8	tsk_8	(x)	1	:	0.000000	0.000000	1.000000	0.000000	0.000000	0.000000	0.000000	0.000000	0.000000	0.000000	0.000000	0.000000
9	tsk_9	(x)	1	:	0.000000	0.000000	0.000000	0.000000	0.000000	0.000000	0.000000	0.000000	0.500000	0.000000	0.000000	0.500000
10	tsk_10	(x)	1	:	0.000000	0.000000	0.000000	0.000000	0.000000	0.000000	0.000000	0.000000	0.000000	0.000000	1.000000	0.000000
11	tsk_11	(x)	1	:	0.000000	0.000000	0.000000	0.000000	0.000000	0.454870	0.000000	0.000000	0.016241	0.000000	0.528888	0.000000
12	tsk_12	(x)	1	:	0.000000	0.000000	0.000000	0.000000	0.000000	0.000000	0.000000	0.000000	0.188571	0.000000	0.311478	0.499950
13	tsk_13	(x)	1	:	0.000000	0.000000	0.000000	0.000000	0.000000	0.000000	0.000000	0.000000	0.500000	0.000000	0.000000	0.500000
14	tsk_14	(x)	1	:	0.000000	0.000000	0.000000	0.000000	0.000000	0.000000	0.000000	0.000000	0.000000	0.000000	0.507897	0.492103
15	tsk_15	(x)	1	:	0.000000	0.000000	0.000000	0.000000	0.000000	0.000000	0.000000	0.000000	0.500000	0.000000	0.000000	0.500000
16	tsk_16	(x)	1	:	0.000000	0.000000	0.000000	0.000000	0.000000	0.000000	0.000000	0.000000	0.471878	0.000000	0.528122	0.000000
17	tsk_17	(x)	1	:	0.000000	0.000000	0.000000	0.478886	0.000000	0.454695	0.000000	0.000000	0.066419	0.000000	0.000000	0.000000
18	tsk_18	(x)	1	:	0.000000	0.000000	0.000000	0.000000	0.000000	0.000000	0.000000	0.000000	0.000000	0.000000	0.000000	1.000000
19	tsk_19	(x)	1	:	0.000000	0.000000	0.000000	0.000000	0.000000	0.000000	0.000000	0.000000	0.471878	0.000000	0.528122	0.000000
20	tsk_20	(x)	1	:	0.000000	0.000000	0.000000	0.000000	0.537165	0.000000	0.000000	0.000000	0.000000	0.000000	0.000000	0.462835
21	tsk_21	(x)	1	:	0.000000	0.000000	0.000000	0.001020	0.495935	0.000000	0.000000	0.000000	0.002002	0.000000	0.000000	0.501043
22	tsk_22	(x)	1	:	0.000000	0.000000	0.000000	0.000000	0.000000	0.000000	0.000000	0.000000	0.000000	0.000000	0.000000	1.000000
23	tsk_23	(x)	1	:	0.000000	0.000000	0.000000	0.000000	1.000000	0.000000	0.000000	0.000000	0.000000	0.000000	0.000000	0.000000
24	tsk_24	(x)	1	:	0.000000	0.000000	0.000000	0.000000	0.032020	0.000000	0.000000	0.486235	0.000000	0.000000	0.000000	0.481745
25	tsk_25	(x)	1	:	0.000000	0.000000	0.000000	0.000870	0.495217	0.000000	0.000000	0.000000	0.003267	0.000000	0.000000	0.500646
26	tsk_26	(x)	1	:	0.000000	0.000000	0.000000	0.000000	0.000000	0.370724	0.000000	0.000000	0.129286	0.000000	0.000000	0.499989
27	tsk_27	(x)	1	:	0.000000	0.000000	0.000000	0.000649	0.495325	0.000000	0.000000	0.000000	0.003382	0.000000	0.000000	0.500644
28	tsk_28	(x)	1	:	0.000000	0.000000	0.000000	0.000769	0.495524	0.000000	0.000000	0.000000	0.002933	0.000000	0.000000	0.500774
29	tsk_29	(x)	1	:	0.000000	0.000000	0.000000	0.000645	0.494836	0.000000	0.000000	0.000000	0.004122	0.000000	0.000000	0.500398
30	tsk_30	(x)	1	:	0.000000	0.000000	0.000000	0.478715	0.000000	0.370796	0.000000	0.000000	0.150489	0.000000	0.000000	0.000000
31	tsk_31	(x)	1	:	0.000000	0.000000	0.505736	0.000000	0.494263	0.000000	0.000000	0.000000	0.000000	0.000000	0.000000	0.000000
32	tsk_32	(x)	1	:	0.000000	0.000000	0.000000	0.000445	0.494693	0.000000	0.000000	0.000000	0.004585	0.000000	0.000000	0.500276
33	tsk_33	(x)	1	:	0.000000	0.000000	0.000000	0.000000	1.000000	0.000000	0.000000	0.000000	0.000000	0.000000	0.000000	0.000000
34	tsk_34	(x)	1	:	0.000000	0.000000	0.000000	0.478716	0.000000	0.370796	0.000000	0.000000	0.150488	0.000000	0.000000	0.000000
35	tsk_35	(x)	1	:	0.000000	0.000000	0.487715	0.000000	0.000000	0.000000	0.000000	0.000000	0.000000	0.000000	0.512285	0.000000
36	tsk_36	(x)	1	:	0.000000	0.000000	0.000000	0.000025	0.484478	0.000000	0.000000	0.000000	0.000037	0.000000	0.515460	0.000000
37	tsk_37	(x)	1	:	0.000000	0.000000	0.522639	0.477361	0.000000	0.000000	0.000000	0.000000	0.000000	0.000000	0.000000	0.000000
38	tsk_38	(x)	1	:	0.000000	0.000000	1.000000	0.000000	0.000000	0.000000	0.000000	0.000000	0.000000	0.000000	0.000000	0.000000
39	tsk_39	(x)	1	:	0.000000	0.000000	0.000000	0.000000	1.000000	0.000000	0.000000	0.000000	0.000000	0.000000	0.000000	0.000000
40	tsk_40	(x)	1	:	0.000000	0.000000	0.000000	0.000000	1.000000	0.000000	0.000000	0.000000	0.000000	0.000000	0.000000	0.000000
41	tsk_41	(x)	1	:	0.000000	0.482291	0.514858	0.002851	0.000000	0.000000	0.000000	0.000000	0.000000	0.000000	0.000000	0.000000
42	tsk_42	(x)	1	:	0.000000	0.000000	0.500001	0.000000	0.000000	0.000000	0.000000	0.000000	0.000000	0.000000	0.000000	0.499999
43	tsk_43	(x)	1	:	0.000000	0.483119	0.516162	0.000719	0.000000	0.000000	0.000000	0.000000	0.000000	0.000000	0.000000	0.000000
44	tsk_44	(x)	1	:	0.000000	0.000000	0.507364	0.000000	0.492636	0.000000	0.000000	0.000000	0.000000	0.000000	0.000000	0.000000
45	tsk_45	(x)	1	:	0.000000	0.000000	0.000000	0.478776	0.000000	0.000000	0.000000	0.000000	0.091294	0.000000	0.429929	0.000000
46	tsk_46	(x)	1	:	0.000000	0.000000	0.000000	0.000000	1.000000	0.000000	0.000000	0.000000	0.000000	0.000000	0.000000	0.000000
47	tsk_47	(x)	1	:	0.000000	0.481932	0.514685	0.003383	0.000000	0.000000	0.000000	0.000000	0.000000	0.000000	0.000000	0.000000
48	tsk_48	(x)	1	:	1.000000	0.000000	0.000000	0.000000	0.000000	0.000000	0.000000	0.000000	0.000000	0.000000	0.000000	0.000000
49	tsk_49	(x)	1	:	0.000000	0.000000	0.500822	0.000000	0.000000	0.371406	0.000000	0.000000	0.127772	0.000000	0.000000	0.000000
50	tsk_50	(x)	1	:	0.000000	0.482459	0.000000	0.004864	0.000000	0.000000	0.000000	0.000000	0.012137	0.000000	0.000000	0.500541
51	tsk_51	(x)	1	:	0.000000	0.000000	0.000000	0.000700	0.494775	0.000000	0.000000	0.000000	0.004142	0.000000	0.000000	0.500382
52	tsk_52	(x)	1	:	0.000000	1.000000	0.000000	0.000000	0.000000	0.000000	0.000000	0.000000	0.000000	0.000000	0.000000	0.000000
53	tsk_53	(x)	1	:	0.000000	0.000000	0.000000	0.000000	0.000000	0.499983	0.000000	0.000000	0.188539	0.000000	0.311478	0.000000
54	tsk_54	(x)	1	:	0.000000	0.482450	0.000000	0.002610	0.000000	0.000000	0.000000	0.000000	0.261371	0.000000	0.253570	0.000000
55	tsk_55	(x)	1	:	0.000000	0.000000	0.000000	0.000806	0.495142	0.000000	0.000000	0.000000	0.003460	0.000000	0.000000	0.500592
56	tsk_56	(x)	1	:	0.000000	0.478789	0.000000	0.001324	0.000000	0.000000	0.000000	0.000000	0.000000	0.519887	0.000000	0.000000
57	tsk_57	(x)	1	:	0.000000	0.000000	0.000000	0.001116	0.493806	0.000000	0.000000	0.000000	0.505078	0.000000	0.000000	0.000000
58	tsk_58	(x)	1	:	0.000000	0.000000	0.000000	0.000512	0.494896	0.000000	0.000000	0.000000	0.004197	0.000000	0.000000	0.500394
59	tsk_59	(x)	1	:	0.000000	0.000000	0.000000	0.000586	0.495006	0.000000	0.000000	0.000000	0.003940	0.000000	0.000000	0.500468
60	tsk_60	(x)	1	:	0.000000	0.000000	0.000000	0.000000	0.000000	0.000000	0.000000	0.000000	0.246457	0.000000	0.253567	0.499976
61	tsk_61	(x)	1	:	0.000000	0.480852	0.000000	0.005900	0.000000	0.000000	0.000000	0.000000	0.513249	0.000000	0.000000	0.000000
62	tsk_62	(x)	1	:	0.000000	0.000000	0.000000	0.000990	0.493795	0.000000	0.000000	0.000000	0.193682	0.000000	0.311533	0.000000
63	tsk_63	(x)	1	:	0.000000	0.000000	0.000000	0.000000	0.000000	0.000000	0.000000	0.000000	0.447816	0.000000	0.552184	0.000000
64	tsk_64	(x)	1	:	0.000000	0.000000	0.000000	0.000000	0.000000	0.000000	0.000000	0.000000	0.500000	0.000000	0.000000	0.500000
65	tsk_65	(x)	1	:	0.000000	0.000000	0.000000	0.000000	0.000000	0.000000	0.000000	0.000000	0.688467	0.000000	0.311533	0.000000
66	tsk_66	(x)	1	:	0.000000	0.000000	0.000000	0.000000	0.000000	0.000000	0.000000	0.000000	0.188571	0.000000	0.311478	0.499950
67	tsk_67	(x)	1	:	0.000000	0.000000	0.000000	0.000907	0.493835	0.000000	0.000000	0.000000	0.193728	0.000000	0.311530	0.000000
68	tsk_68	(x)	1	:	0.000000	0.000000	0.500409	0.000000	0.000000	0.000000	0.000000	0.000000	0.187367	0.000000	0.312224	0.000000
69	tsk_69	(x)	1	:	0.000000	0.482506	0.000000	0.002423	0.000000	0.000000	0.000000	0.000000	0.203568	0.000000	0.311503	0.000000
70	tsk_70	(x)	1	:	0.000000	0.364100	0.392222	0.000000	0.000000	0.000000	0.000000	0.243679	0.000000	0.000000	0.000000	0.000000
71	tsk_71	(x)	1	:	0.000000	0.000000	0.505340	0.000663	0.493998	0.000000	0.000000	0.000000	0.000000	0.000000	0.000000	0.000000
72	tsk_72	(x)	1	:	0.000000	0.000000	1.000000	0.000000	0.000000	0.000000	0.000000	0.000000	0.000000	0.000000	0.000000	0.000000
73	tsk_73	(x)	1	:	0.000000	0.000000	0.000000	0.000000	0.000000	0.751520	0.000000	0.000000	0.248480	0.000000	0.000000	0.000000
74	tsk_74	(x)	1	:	0.000000	0.430181	0.000000	0.000000	0.070796	0.000000	0.000000	0.499024	0.000000	0.000000	0.000000	0.000000
75	tsk_75	(x)	1	:	0.000000	0.000000	0.000000	0.000000	0.000000	0.500048	0.000000	0.000000	0.124961	0.000000	0.000000	0.374991
76	tsk_76	(x)	1	:	0.000000	0.000000	0.499637	0.000000	0.000000	0.000000	0.000000	0.000000	0.000545	0.000000	0.000000	0.499817
77	tsk_77	(x)	1	:	0.000000	0.427239	0.000000	0.000000	0.000000	0.572761	0.000000	0.000000	0.000000	0.000000	0.000000	0.000000
78	tsk_78	(x)	1	:	0.000000	0.000000	0.000000	0.000825	0.495692	0.000000	0.000000	0.000000	0.002612	0.000000	0.000000	0.500871
79	tsk_79	(x)	1	:	0.000000	0.000000	0.000000	0.000586	0.494782	0.000000	0.000000	0.000000	0.004276	0.000000	0.000000	0.500356
80	tsk_80	(x)	1	:	0.000000	0.000000	1.000000	0.000000	0.000000	0.000000	0.000000	0.000000	0.000000	0.000000	0.000000	0.000000
81	tsk_81	(x)	1	:	0.000000	0.000000	0.000000	0.000000	1.000000	0.000000	0.000000	0.000000	0.000000	0.000000	0.000000	0.000000
82	tsk_82	(x)	1	:	0.000000	0.000000	1.000000	0.000000	0.000000	0.000000	0.000000	0.000000	0.000000	0.000000	0.000000	0.000000
83	tsk_83	(x)	1	:	0.000000	0.000000	0.500438	0.000000	0.000000	0.000000	0.000000	0.000000	0.069307	0.000000	0.430255	0.000000
84	tsk_84	(x)	1	:	0.000000	0.483416	0.516584	0.000000	0.000000	0.000000	0.000000	0.000000	0.000000	0.000000	0.000000	0.000000
85	tsk_85	(x)	1	:	0.000000	0.000000	1.000000	0.000000	0.000000	0.000000	0.000000	0.000000	0.000000	0.000000	0.000000	0.000000
86	tsk_86	(x)	1	:	0.000000	0.000000	0.000000	0.000000	0.000000	0.000000	0.000000	0.000000	0.688467	0.000000	0.311533	0.000000
87	tsk_87	(x)	1	:	0.000000	0.000000	0.500610	0.000000	0.000000	0.371236	0.000000	0.000000	0.128155	0.000000	0.000000	0.000000
88	tsk_88	(x)	1	:	0.000000	0.481520	0.514137	0.004343	0.000000	0.000000	0.000000	0.000000	0.000000	0.000000	0.000000	0.000000
89	tsk_89	(x)	1	:	0.000000	0.000000	0.507665	0.000000	0.000000	0.000000	0.000000	0.000000	0.055399	0.000000	0.436936	0.000000
90	tsk_90	(x)	1	:	0.000000	0.591521	0.408479	0.000000	0.000000	0.000000	0.000000	0.000000	0.000000	0.000000	0.000000	0.000000
91	tsk_91	(x)	1	:	0.000000	0.000000	0.000000	0.000000	0.000000	0.000000	0.000000	0.000000	0.102786	0.000000	0.897214	0.000000
92	tsk_92	(x)	1	:	0.000000	0.000000	0.000000	0.478604	0.000000	0.000000	0.000000	0.000000	0.209798	0.000000	0.311597	0.000000
93	tsk_93	(x)	1	:	0.000000	0.000000	0.000000	0.000000	0.000000	0.000000	0.000000	0.000000	0.102790	0.000000	0.897210	0.000000
94	tsk_94	(x)	1	:	0.000000	0.255128	0.376936	0.000000	0.000000	0.000000	0.000000	0.000000	0.049832	0.000000	0.318104	0.000000
95	tsk_95	(x)	1	:	0.000000	0.481296	0.000000	0.004878	0.000000	0.000000	0.000000	0.000000	0.202292	0.000000	0.311534	0.000000
96	tsk_96	(x)	1	:	0.000000	0.481507	0.000000	0.004448	0.000000	0.000000	0.000000	0.000000	0.202516	0.000000	0.311528	0.000000
97	tsk_97	(x)	1	:	0.000000	0.482720	0.517280	0.000000	0.000000	0.000000	0.000000	0.000000	0.000000	0.000000	0.000000	0.000000
98	tsk_98	(x)	1	:	0.000000	0.000000	0.500963	0.000000	0.000000	0.000000	0.000000	0.000000	0.186018	0.000000	0.313019	0.000000
99	tsk_99	(x)	1	:	0.000000	1.000000	0.000000	0.000000	0.000000	0.000000	0.000000	0.000000	0.000000	0.000000	0.000000	0.000000
100	tsk_100	(x)	1	:	0.000000	0.000000	0.000000	0.478641	0.000000	0.000000	0.000000	0.000000	0.521359	0.000000	0.000000	0.000000
101	tsk_101	(x)	1	:	0.000000	0.000000	0.000000	0.000000	0.000000	0.000000	0.000000	0.000000	0.246457	0.000000	0.253567	0.499976
102	tsk_102	(x)	1	:	0.000000	0.000000	0.500006	0.000000	0.000000	0.000000	0.000000	0.000000	0.000000	0.000000	0.000000	0.499994
103	tsk_103	(x)	1	:	0.000000	0.000000	0.000000	0.478628	0.000000	0.000000	0.000000	0.000000	0.267747	0.000000	0.253625	0.000000
104	tsk_104	(x)	1	:	0.000000	0.000000	0.000000	0.489868	0.510131	0.000000	0.000000	0.000000	0.000000	0.000000	0.000000	0.000000
105	tsk_105	(x)	1	:	0.000000	0.000000	0.500064	0.000000	0.000000	0.000000	0.000000	0.000000	0.499936	0.000000	0.000000	0.000000
106	tsk_106	(x)	1	:	0.000000	0.000000	0.000000	0.660154	0.000000	0.000000	0.000000	0.000000	0.339845	0.000000	0.000000	0.000000
107	tsk_107	(x)	1	:	0.000000	0.000000	0.505259	0.000807	0.493935	0.000000	0.000000	0.000000	0.000000	0.000000	0.000000	0.000000
108	tsk_108	(x)	1	:	0.000000	0.000000	0.501189	0.000000	0.000000	0.000000	0.000000	0.000000	0.123287	0.000000	0.000000	0.375524
109	tsk_109	(x)	1	:	0.000000	0.480987	0.000000	0.005506	0.000000	0.000000	0.000000	0.000000	0.201963	0.000000	0.311544	0.000000
110	tsk_110	(x)	1	:	0.000000	0.000000	0.000000	0.000000	0.000000	1.000000	0.000000	0.000000	0.000000	0.000000	0.000000	0.000000
111	tsk_111	(x)	1	:	0.000000	0.000000	0.500728	0.000000	0.000000	0.371331	0.000000	0.000000	0.127941	0.000000	0.000000	0.000000
112	tsk_112	(x)	1	:	0.000000	0.000000	1.000000	0.000000	0.000000	0.000000	0.000000	0.000000	0.000000	0.000000	0.000000	0.000000
113	tsk_113	(x)	1	:	0.000000	0.000000	0.000000	0.000000	0.000000	0.370711	0.000000	0.000000	0.375716	0.000000	0.253573	0.000000
114	tsk_114	(x)	1	:	0.000000	0.000000	1.000000	0.000000	0.000000	0.000000	0.000000	0.000000	0.000000	0.000000	0.000000	0.000000
115	tsk_115	(x)	1	:	0.000000	0.000000	0.501100	0.000000	0.000000	0.371629	0.000000	0.000000	0.127270	0.000000	0.000000	0.000000
116	tsk_116	(x)	1	:	0.000000	0.000000	0.000000	0.000000	1.000000	0.000000	0.000000	0.000000	0.000000	0.000000	0.000000	0.000000
117	tsk_117	(x)	1	:	0.000000	0.000000	0.500003	0.000000	0.000000	0.000000	0.000000	0.000000	0.000000	0.000000	0.000000	0.499997
118	tsk_118	(x)	1	:	0.000000	0.000000	1.000000	0.000000	0.000000	0.000000	0.000000	0.000000	0.000000	0.000000	0.000000	0.000000
119	tsk_119	(x)	1	:	0.000000	0.000000	1.000000	0.000000	0.000000	0.000000	0.000000	0.000000	0.000000	0.000000	0.000000	0.000000
120	tsk_120	(x)	1	:	0.000000	0.000000	0.501781	0.000000	0.000000	0.000000	0.000000	0.000000	0.184024	0.000000	0.314194	0.000000
121	tsk_121	(x)	1	:	0.000000	0.000000	0.000000	0.000000	0.000000	0.000000	0.000000	0.000000	0.432720	0.000000	0.567280	0.000000
122	tsk_122	(x)	1	:	0.000000	0.000000	0.000000	0.000000	0.000000	0.000000	0.000000	0.000000	0.102788	0.000000	0.897212	0.000000
123	tsk_123	(x)	1	:	0.000000	0.000000	0.000000	0.000000	0.000000	0.000000	0.000000	0.000000	0.432720	0.000000	0.567280	0.000000
124	tsk_124	(x)	1	:	0.000000	0.000000	0.000000	0.000000	0.000000	0.000000	0.000000	0.000000	0.570171	0.000000	0.429828	0.000000
125	tsk_125	(x)	1	:	0.000000	0.000000	0.500398	0.000000	0.000000	0.000000	0.000000	0.000000	0.245592	0.000000	0.254010	0.000000
126	tsk_126	(x)	1	:	0.000000	0.000000	0.000000	0.011253	0.000000	0.000000	0.988678	0.000000	0.000000	0.000000	0.000069	0.000000
127	tsk_127	(x)	1	:	0.000000	0.000000	0.000000	0.011253	0.000000	0.000000	0.988678	0.000000	0.000000	0.000000	0.000069	0.000000
128	tsk_128	(x)	1	:	0.000000	0.000000	1.000000	0.000000	0.000000	0.000000	0.000000	0.000000	0.000000	0.000000	0.000000	0.000000
129	tsk_129	(x)	1	:	0.000000	0.589402	0.410597	0.000000	0.000000	0.000000	0.000000	0.000000	0.000000	0.000000	0.000000	0.000000
130	tsk_130	(x)	1	:	0.000000	0.000000	0.505764	0.000000	0.494236	0.000000	0.000000	0.000000	0.000000	0.000000	0.000000	0.000000
131	tsk_131	(x)	1	:	0.000000	0.000000	0.000000	0.000000	0.000000	0.000000	0.000000	0.000000	1.000000	0.000000	0.000000	0.000000
132	tsk_132	(x)	1	:	0.000000	0.000000	0.505728	0.000000	0.494271	0.000000	0.000000	0.000000	0.000000	0.000000	0.000000	0.000000
133	tsk_133	(x)	1	:	0.000000	0.481211	0.000000	0.005179	0.000000	0.000000	0.000000	0.000000	0.513610	0.000000	0.000000	0.000000
134	tsk_134	(x)	1	:	0.000000	0.000000	0.000000	0.000998	0.493865	0.000000	0.000000	0.000000	0.505137	0.000000	0.000000	0.000000
135	tsk_135	(x)	1	:	0.000000	0.000000	0.000000	0.000000	0.000000	0.000000	0.000000	0.000000	1.000000	0.000000	0.000000	0.000000
136	tsk_136	(x)	1	:	0.000000	0.000000	0.000000	0.000000	0.000000	0.000000	0.000000	0.000000	1.000000	0.000000	0.000000	0.000000
137	tsk_137	(x)	1	:	0.000000	0.000000	0.500693	0.000000	0.000000	0.000000	0.000000	0.000000	0.499307	0.000000	0.000000	0.000000
138	tsk_138	(x)	1	:	0.000000	0.000000	0.000000	0.478641	0.000000	0.000000	0.000000	0.000000	0.521359	0.000000	0.000000	0.000000
139	tsk_139	(x)	1	:	1.000000	0.000000	0.000000	0.000000	0.000000	0.000000	0.000000	0.000000	0.000000	0.000000	0.000000	0.000000
140	tsk_140	(x)	1	:	0.000000	0.000000	1.000000	0.000000	0.000000	0.000000	0.000000	0.000000	0.000000	0.000000	0.000000	0.000000
141	tsk_141	(x)	1	:	0.000000	0.000000	0.000000	0.129866	0.507020	0.000000	0.363114	0.000000	0.000000	0.000000	0.000000	0.000000
142	tsk_142	(x)	1	:	0.000000	0.000000	0.000000	0.479756	0.000000	0.000000	0.000000	0.000000	0.019956	0.000000	0.000000	0.500288
143	tsk_143	(x)	1	:	0.000000	0.000000	0.000000	0.000632	0.495275	0.000000	0.000000	0.000000	0.003478	0.000000	0.000000	0.500614
144	tsk_144	(x)	1	:	0.000000	0.000000	0.000000	0.001274	0.493736	0.370761	0.000000	0.000000	0.134229	0.000000	0.000000	0.000000
145	tsk_145	(x)	1	:	0.000000	0.000000	0.000000	0.000684	0.494951	0.000000	0.000000	0.000000	0.003900	0.000000	0.000000	0.500465
146	tsk_146	(x)	1	:	0.000000	0.000000	0.000000	0.001421	0.493667	0.370765	0.000000	0.000000	0.134148	0.000000	0.000000	0.000000
147	tsk_147	(x)	1	:	0.000000	0.000000	0.000000	0.000000	0.000000	0.370678	0.000000	0.000000	0.317828	0.000000	0.311494	0.000000
148	tsk_148	(x)	1	:	0.000000	0.000000	0.000000	0.000800	0.495449	0.000000	0.000000	0.000000	0.003007	0.000000	0.000000	0.500744
149	tsk_149	(x)	1	:	0.000000	0.000000	0.000000	0.000000	0.000000	0.000000	0.000000	0.000000	0.000000	0.000000	0.000000	1.000000
