logL = -722.931729 (converged)
AIC = 6381.863457
BIC = 13812.111363

count.K
7 16 18 14 17 10 3 9 9 11 9 2 9 16 

