logL = -702.130434 (converged)
AIC = 4326.260867
BIC = 8724.799032

count.K
19 8 12 19 20 6 21 16 29 

