logL = -2420.265579 (converged)
AIC = 6124.531157
BIC = 8057.359016

count.K
57 35 34 24 

