logL = -1591.251379 (converged)
AIC = 4040.502758
BIC = 5332.065299

count.K
10 91 49 

