logL = -1864.107669 (converged)
AIC = 8132.215339
BIC = 14761.634256

count.K
10 7 13 11 10 13 6 1 69 7 1 2 

