logL = -1749.288994 (converged)
AIC = 6082.577989
BIC = 9972.318789

count.K
1 35 36 38 11 11 18 

