logL = -1124.266969 (converged)
AIC = 7738.533939
BIC = 16002.727821

count.K
21 0 2 10 4 3 1 15 5 23 5 6 31 4 20 

