logL = -1022.825432 (converged)
AIC = 4801.650863
BIC = 8950.306298

count.K
27 6 34 25 9 13 6 30 

