logL = -2491.808085 (converged)
AIC = 5435.616170
BIC = 6116.019746

count.K
91 59 

