logL = -960.062360 (converged)
AIC = 4280.124721
BIC = 7832.674368

count.K
14 47 13 29 0 25 22 

