logL = -1167.251758 (converged)
AIC = 7438.503516
BIC = 15121.644787

count.K
5 7 7 5 21 3 16 6 3 11 27 21 12 6 

