logL = -1705.136391 (converged)
AIC = 6674.272782
BIC = 11587.629582

count.K
5 9 15 19 58 7 34 1 2 

