logL = -1181.121150 (converged)
AIC = 7634.242300
BIC = 15570.276935

count.K
9 10 15 3 3 3 1 12 29 2 8 2 6 47 

