logL = -2822.911878 (converged)
AIC = 6593.823755
BIC = 8020.864885

count.K
27 96 27 

