logL = -1383.064480 (converged)
AIC = 5252.128961
BIC = 8994.348631

count.K
33 28 23 21 10 32 3 

