0	tsk_0	(x)	1	:	0.000000	0.000000	0.000000	0.000000	0.000000	0.492981	0.000000	0.000000	0.000000	0.000000	0.012117	0.494902
1	tsk_1	(x)	1	:	0.000000	0.000000	0.000000	0.000000	0.000000	0.000000	0.000000	0.000000	0.000000	0.000000	0.000000	1.000000
2	tsk_2	(x)	1	:	0.000000	0.000000	0.000000	0.000000	0.000000	0.000000	0.000000	0.545793	0.000000	0.000000	0.000000	0.454207
3	tsk_3	(x)	1	:	0.000000	0.000000	0.000000	0.000000	0.000000	0.000000	0.000000	0.000000	0.444607	0.000000	0.000000	0.555393
4	tsk_4	(x)	1	:	0.000000	0.000000	0.000000	0.000000	0.000000	0.494722	0.000000	0.000000	0.000000	0.000000	0.009494	0.495784
5	tsk_5	(x)	1	:	0.000000	0.000000	0.000000	0.000000	0.000000	0.000000	0.459177	0.540822	0.000000	0.000000	0.000000	0.000000
6	tsk_6	(x)	1	:	0.000000	0.000000	0.000000	0.000000	0.000000	0.491333	0.000000	0.000000	0.000000	0.000000	0.014597	0.494070
7	tsk_7	(x)	1	:	0.000000	0.000000	0.000000	0.000000	0.514189	0.485810	0.000000	0.000000	0.000000	0.000000	0.000000	0.000000
8	tsk_8	(x)	1	:	0.000000	0.000000	0.000000	0.000000	0.000000	0.492848	0.000000	0.000000	0.000000	0.000000	0.012317	0.494835
9	tsk_9	(x)	1	:	0.000000	0.000000	0.000000	0.000000	0.000000	1.000000	0.000000	0.000000	0.000000	0.000000	0.000000	0.000000
10	tsk_10	(x)	1	:	0.000000	0.000000	0.000000	0.000000	0.498052	0.000000	0.000000	0.471818	0.030130	0.000000	0.000000	0.000000
11	tsk_11	(x)	1	:	0.000000	0.000000	0.000000	0.000000	0.497094	0.000000	0.000000	0.000000	0.000000	0.502906	0.000000	0.000000
12	tsk_12	(x)	1	:	0.000000	0.000000	0.000000	0.000000	0.000000	0.496618	0.000000	0.471627	0.030427	0.000000	0.001328	0.000000
13	tsk_13	(x)	1	:	0.000000	0.000000	0.498559	0.000000	0.501441	0.000000	0.000000	0.000000	0.000000	0.000000	0.000000	0.000000
14	tsk_14	(x)	1	:	0.000000	0.000000	0.000000	0.000000	0.498053	0.000000	0.000000	0.471833	0.030114	0.000000	0.000000	0.000000
15	tsk_15	(x)	1	:	0.000000	0.000000	0.313457	0.000000	0.000000	0.000000	0.000000	0.000000	0.000000	0.500240	0.186303	0.000000
16	tsk_16	(x)	1	:	0.000000	0.000000	0.313663	0.000000	0.000000	0.000000	0.000000	0.484877	0.000000	0.000000	0.201460	0.000000
17	tsk_17	(x)	1	:	0.000000	0.000000	0.000000	0.000000	0.000000	0.000000	0.000000	0.000000	1.000000	0.000000	0.000000	0.000000
18	tsk_18	(x)	1	:	0.000000	0.000000	0.000000	0.000000	0.498348	0.501320	0.000000	0.000000	0.000000	0.000000	0.000332	0.000000
19	tsk_19	(x)	1	:	0.000000	0.000000	0.000000	0.000000	0.000000	0.000000	0.000000	0.000000	0.491177	0.000000	0.508823	0.000000
20	tsk_20	(x)	1	:	0.505880	0.000000	0.449485	0.000000	0.000000	0.000000	0.000000	0.000000	0.000000	0.000000	0.044635	0.000000
21	tsk_21	(x)	1	:	0.000000	0.000000	0.000000	0.000000	0.000000	0.000000	0.000000	0.472233	0.527767	0.000000	0.000000	0.000000
22	tsk_22	(x)	1	:	0.000000	0.000000	0.441806	0.000000	0.000000	0.492697	0.000000	0.000000	0.000000	0.000000	0.065497	0.000000
23	tsk_23	(x)	1	:	0.000000	0.000000	0.000000	0.000000	0.000000	0.475505	0.000000	0.000000	0.000000	0.000000	0.524495	0.000000
24	tsk_24	(x)	1	:	0.000000	0.000000	0.000000	0.000000	0.000000	0.490233	0.000000	0.000000	0.000000	0.000000	0.016252	0.493515
25	tsk_25	(x)	1	:	0.000000	0.000000	0.473742	0.000000	0.000000	0.526258	0.000000	0.000000	0.000000	0.000000	0.000000	0.000000
26	tsk_26	(x)	1	:	0.000000	0.000000	0.000000	0.000000	0.000000	0.000000	0.000000	0.471109	0.020622	0.000000	0.508269	0.000000
27	tsk_27	(x)	1	:	0.000000	0.478901	0.000000	0.000000	0.521099	0.000000	0.000000	0.000000	0.000000	0.000000	0.000000	0.000000
28	tsk_28	(x)	1	:	0.000000	0.000000	1.000000	0.000000	0.000000	0.000000	0.000000	0.000000	0.000000	0.000000	0.000000	0.000000
29	tsk_29	(x)	1	:	0.494722	0.000000	0.000000	0.000000	0.000000	0.000387	0.000000	0.000000	0.000000	0.000000	0.504891	0.000000
30	tsk_30	(x)	1	:	0.000000	0.503665	0.000000	0.000000	0.000000	0.000000	0.000000	0.471720	0.024448	0.000000	0.000168	0.000000
31	tsk_31	(x)	1	:	0.000000	0.000000	0.000000	0.000000	0.000000	0.495257	0.000000	0.471400	0.030065	0.000000	0.003278	0.000000
32	tsk_32	(x)	1	:	0.000000	0.000000	0.000000	0.000000	0.000000	0.000000	0.000000	1.000000	0.000000	0.000000	0.000000	0.000000
33	tsk_33	(x)	1	:	0.000000	0.000000	0.000000	0.000000	0.000000	0.000000	0.000000	1.000000	0.000000	0.000000	0.000000	0.000000
34	tsk_34	(x)	1	:	0.000000	0.000000	0.000000	0.000000	0.000000	0.492156	0.000000	0.000000	0.499488	0.000000	0.008356	0.000000
35	tsk_35	(x)	1	:	0.000000	0.000000	0.000000	0.552436	0.000000	0.000000	0.000000	0.000000	0.447564	0.000000	0.000000	0.000000
36	tsk_36	(x)	1	:	0.000000	0.000000	0.000000	0.000000	0.000000	0.000000	0.000000	0.000000	1.000000	0.000000	0.000000	0.000000
37	tsk_37	(x)	1	:	0.000000	0.000000	0.000000	0.000000	0.000000	0.495558	0.000000	0.471450	0.030145	0.000000	0.002847	0.000000
38	tsk_38	(x)	1	:	0.000000	0.000000	0.000000	0.000000	0.000000	0.000000	0.000000	0.000000	1.000000	0.000000	0.000000	0.000000
39	tsk_39	(x)	1	:	0.000000	0.000000	0.000000	0.000000	0.000000	0.000000	0.000000	1.000000	0.000000	0.000000	0.000000	0.000000
40	tsk_40	(x)	1	:	0.000000	0.000000	0.000000	0.000000	0.498052	0.000000	0.000000	0.471816	0.030132	0.000000	0.000000	0.000000
41	tsk_41	(x)	1	:	0.000000	0.000000	0.000000	0.000000	0.000000	0.000000	0.000000	0.472233	0.527767	0.000000	0.000000	0.000000
42	tsk_42	(x)	1	:	0.000000	0.000000	0.000000	0.000000	0.496729	0.000000	0.000000	0.000000	0.000000	0.000000	0.503271	0.000000
43	tsk_43	(x)	1	:	0.000000	0.000000	0.000000	0.000000	0.498369	0.501631	0.000000	0.000000	0.000000	0.000000	0.000000	0.000000
44	tsk_44	(x)	1	:	0.000000	0.000000	0.000000	0.000000	0.000000	0.000000	0.000000	0.000000	0.000000	0.000000	0.513786	0.486214
45	tsk_45	(x)	1	:	0.000000	0.000000	0.000000	0.000000	1.000000	0.000000	0.000000	0.000000	0.000000	0.000000	0.000000	0.000000
46	tsk_46	(x)	1	:	0.000000	0.000000	0.000000	0.000000	0.498546	0.000000	0.000000	0.000000	0.000000	0.000000	0.000000	0.501454
47	tsk_47	(x)	1	:	0.000000	0.000000	0.000000	0.000000	0.498546	0.000000	0.000000	0.000000	0.000000	0.000000	0.000000	0.501454
48	tsk_48	(x)	1	:	0.000000	0.000000	0.000000	0.000000	0.498074	0.000000	0.000000	0.000000	0.501926	0.000000	0.000000	0.000000
49	tsk_49	(x)	1	:	0.000000	0.504111	0.000000	0.000000	0.000000	0.000000	0.000000	0.000000	0.000000	0.000000	0.002959	0.492931
50	tsk_50	(x)	1	:	0.000000	0.000000	0.000000	0.000000	0.000000	0.493094	0.000000	0.000000	0.499964	0.000000	0.006942	0.000000
51	tsk_51	(x)	1	:	0.000000	0.000000	0.000000	0.000000	0.000000	0.000000	0.000000	0.000000	0.000000	0.000000	1.000000	0.000000
52	tsk_52	(x)	1	:	0.514381	0.000000	0.000000	0.000000	0.000000	0.485619	0.000000	0.000000	0.000000	0.000000	0.000000	0.000000
53	tsk_53	(x)	1	:	0.000000	0.000000	0.000000	0.000000	0.000000	0.493752	0.000000	0.000000	0.500299	0.000000	0.005949	0.000000
54	tsk_54	(x)	1	:	0.000000	0.000000	0.000000	0.000000	0.000000	0.494336	0.000000	0.000000	0.500596	0.000000	0.005068	0.000000
55	tsk_55	(x)	1	:	0.000000	0.000000	0.000000	0.000000	0.000000	0.000000	0.000000	0.000000	0.491177	0.000000	0.508823	0.000000
56	tsk_56	(x)	1	:	0.514381	0.000000	0.000000	0.000000	0.000000	0.485619	0.000000	0.000000	0.000000	0.000000	0.000000	0.000000
57	tsk_57	(x)	1	:	0.000000	0.000000	0.000000	0.000000	0.000000	0.000000	0.000000	0.000000	0.491177	0.000000	0.508823	0.000000
58	tsk_58	(x)	1	:	0.000000	0.000000	0.000000	0.000000	0.000000	0.000000	0.000000	0.000000	1.000000	0.000000	0.000000	0.000000
59	tsk_59	(x)	1	:	0.000000	0.000000	0.313513	0.000000	0.000000	0.000000	0.000000	0.000000	0.491256	0.000000	0.195230	0.000000
60	tsk_60	(x)	1	:	0.000000	0.000000	0.000000	0.371076	0.000000	0.000000	0.000000	0.000000	0.490836	0.000000	0.138087	0.000000
61	tsk_61	(x)	1	:	0.501651	0.000000	0.000000	0.000000	0.000000	0.000097	0.000000	0.471731	0.026471	0.000000	0.000048	0.000000
62	tsk_62	(x)	1	:	0.000000	0.000000	0.000000	0.000000	0.000000	0.000000	0.000000	0.314539	0.685461	0.000000	0.000000	0.000000
63	tsk_63	(x)	1	:	0.000000	0.000000	0.000000	0.370072	0.000000	0.473612	0.000000	0.000000	0.000000	0.000000	0.156317	0.000000
64	tsk_64	(x)	1	:	0.000000	0.000000	0.000000	0.369199	0.000000	0.473186	0.000000	0.000000	0.000000	0.000000	0.157614	0.000000
65	tsk_65	(x)	1	:	0.000000	0.000000	0.000000	1.000000	0.000000	0.000000	0.000000	0.000000	0.000000	0.000000	0.000000	0.000000
66	tsk_66	(x)	1	:	0.490685	0.000000	0.000000	0.371430	0.000000	0.008102	0.000000	0.000000	0.000000	0.000000	0.129783	0.000000
67	tsk_67	(x)	1	:	0.000000	0.000000	0.000000	0.000000	0.000000	0.000000	0.000000	0.450510	0.000050	0.000000	0.000000	0.549440
68	tsk_68	(x)	1	:	0.000000	0.000000	0.000000	0.535304	0.000000	0.000000	0.000000	0.464428	0.000268	0.000000	0.000000	0.000000
69	tsk_69	(x)	1	:	0.000000	0.000000	0.000000	0.000000	0.000000	0.000000	0.000000	1.000000	0.000000	0.000000	0.000000	0.000000
70	tsk_70	(x)	1	:	0.000000	0.502089	0.000000	0.000000	0.000000	0.000000	0.000000	0.000000	0.000000	0.497823	0.000089	0.000000
71	tsk_71	(x)	1	:	0.000000	0.000000	0.000000	0.000000	0.000000	0.000000	0.000000	0.000000	0.000000	1.000000	0.000000	0.000000
72	tsk_72	(x)	1	:	0.000000	0.000000	0.000000	0.000000	0.498074	0.000000	0.000000	0.000000	0.501926	0.000000	0.000000	0.000000
73	tsk_73	(x)	1	:	0.000000	0.000000	0.000000	0.000000	0.498546	0.000000	0.000000	0.000000	0.000000	0.000000	0.000000	0.501454
74	tsk_74	(x)	1	:	0.000000	0.000000	0.000000	0.000000	0.514362	0.000000	0.000000	0.000000	0.000000	0.000000	0.000000	0.485638
75	tsk_75	(x)	1	:	0.000000	0.000000	0.000000	0.000000	0.000000	0.000000	0.000000	0.000000	1.000000	0.000000	0.000000	0.000000
76	tsk_76	(x)	1	:	0.000000	0.504111	0.000000	0.000000	0.000000	0.000000	0.000000	0.000000	0.000000	0.000000	0.002956	0.492933
77	tsk_77	(x)	1	:	0.000000	0.502089	0.000000	0.000000	0.000000	0.000000	0.000000	0.000000	0.000000	0.497823	0.000089	0.000000
78	tsk_78	(x)	1	:	0.000000	0.000000	0.000000	0.000000	0.000000	0.000068	0.000000	0.000000	0.495545	0.504337	0.000050	0.000000
79	tsk_79	(x)	1	:	0.000000	0.000000	0.000000	0.000000	1.000000	0.000000	0.000000	0.000000	0.000000	0.000000	0.000000	0.000000
80	tsk_80	(x)	1	:	1.000000	0.000000	0.000000	0.000000	0.000000	0.000000	0.000000	0.000000	0.000000	0.000000	0.000000	0.000000
81	tsk_81	(x)	1	:	0.510788	0.000000	0.458936	0.000000	0.000000	0.000000	0.000000	0.000000	0.000000	0.000000	0.030276	0.000000
82	tsk_82	(x)	1	:	1.000000	0.000000	0.000000	0.000000	0.000000	0.000000	0.000000	0.000000	0.000000	0.000000	0.000000	0.000000
83	tsk_83	(x)	1	:	0.000000	0.000000	0.000000	0.000000	0.000000	0.488199	0.000000	0.000000	0.000000	0.000000	0.019308	0.492493
84	tsk_84	(x)	1	:	1.000000	0.000000	0.000000	0.000000	0.000000	0.000000	0.000000	0.000000	0.000000	0.000000	0.000000	0.000000
85	tsk_85	(x)	1	:	0.000000	0.000000	0.000000	0.000000	0.000000	1.000000	0.000000	0.000000	0.000000	0.000000	0.000000	0.000000
86	tsk_86	(x)	1	:	0.502176	0.000000	0.000000	0.000000	0.497649	0.000174	0.000000	0.000000	0.000000	0.000000	0.000000	0.000000
87	tsk_87	(x)	1	:	0.334759	0.000000	0.000000	0.000000	0.000000	0.665241	0.000000	0.000000	0.000000	0.000000	0.000000	0.000000
88	tsk_88	(x)	1	:	1.000000	0.000000	0.000000	0.000000	0.000000	0.000000	0.000000	0.000000	0.000000	0.000000	0.000000	0.000000
89	tsk_89	(x)	1	:	1.000000	0.000000	0.000000	0.000000	0.000000	0.000000	0.000000	0.000000	0.000000	0.000000	0.000000	0.000000
90	tsk_90	(x)	1	:	0.000000	0.000000	0.000000	0.000000	0.000000	0.000000	0.000000	1.000000	0.000000	0.000000	0.000000	0.000000
91	tsk_91	(x)	1	:	0.000000	0.000000	0.000000	0.000000	0.000000	0.000000	0.000000	1.000000	0.000000	0.000000	0.000000	0.000000
92	tsk_92	(x)	1	:	0.000000	0.000000	0.430584	0.000000	0.000000	0.000000	0.000000	0.000000	0.000000	0.000000	0.569416	0.000000
93	tsk_93	(x)	1	:	0.000000	0.000000	0.000000	0.000000	0.000000	0.000000	0.000000	0.000000	0.000000	0.000000	1.000000	0.000000
94	tsk_94	(x)	1	:	0.000000	0.000000	0.000000	0.000000	0.000000	0.000000	0.000000	1.000000	0.000000	0.000000	0.000000	0.000000
95	tsk_95	(x)	1	:	0.000000	0.000000	0.000000	0.000000	0.000000	0.000000	0.000000	0.471097	0.020639	0.000000	0.508264	0.000000
96	tsk_96	(x)	1	:	0.000000	0.000000	0.434508	0.000000	0.000000	0.000000	0.000000	0.565476	0.000000	0.000000	0.000015	0.000000
97	tsk_97	(x)	1	:	0.000000	0.000000	0.000000	0.000000	0.000000	0.000000	0.000000	0.564199	0.000000	0.000000	0.435801	0.000000
98	tsk_98	(x)	1	:	0.000000	0.000000	0.000000	0.000000	0.000000	0.000000	0.000000	0.000000	0.000000	0.000000	1.000000	0.000000
99	tsk_99	(x)	1	:	0.000000	0.000000	0.430583	0.000000	0.000000	0.000000	0.000000	0.000000	0.000000	0.000000	0.569417	0.000000
100	tsk_100	(x)	1	:	0.000000	0.000000	0.000000	0.000000	0.000000	0.000000	0.000000	0.000000	1.000000	0.000000	0.000000	0.000000
101	tsk_101	(x)	1	:	0.000000	0.000000	0.000000	0.000000	0.000000	0.000000	0.000000	0.650588	0.349412	0.000000	0.000000	0.000000
102	tsk_102	(x)	1	:	0.000000	0.503538	0.000000	0.000000	0.000000	0.484006	0.000000	0.000000	0.000000	0.000000	0.012457	0.000000
103	tsk_103	(x)	1	:	0.501568	0.000000	0.000000	0.000000	0.000000	0.000401	0.000000	0.000000	0.498030	0.000000	0.000000	0.000000
104	tsk_104	(x)	1	:	0.514889	0.000000	0.000000	0.000000	0.469008	0.016103	0.000000	0.000000	0.000000	0.000000	0.000000	0.000000
105	tsk_105	(x)	1	:	0.000000	0.000000	0.000000	0.000000	0.000000	0.000000	0.000000	0.000000	1.000000	0.000000	0.000000	0.000000
106	tsk_106	(x)	1	:	0.000000	0.000000	0.000000	0.000000	0.000000	0.572889	0.000000	0.000000	0.427111	0.000000	0.000000	0.000000
107	tsk_107	(x)	1	:	0.000000	0.000000	0.000000	0.000000	0.470321	0.000000	0.000000	0.000000	0.529679	0.000000	0.000000	0.000000
108	tsk_108	(x)	1	:	0.000000	0.000000	0.000000	0.000000	0.000000	0.425881	0.000000	0.000000	0.574119	0.000000	0.000000	0.000000
109	tsk_109	(x)	1	:	0.000000	0.000000	0.000000	0.000000	1.000000	0.000000	0.000000	0.000000	0.000000	0.000000	0.000000	0.000000
110	tsk_110	(x)	1	:	0.000000	0.000000	0.000000	0.000000	0.000000	0.000000	1.000000	0.000000	0.000000	0.000000	0.000000	0.000000
111	tsk_111	(x)	1	:	0.000000	0.000000	0.000000	0.000000	0.000000	0.000000	1.000000	0.000000	0.000000	0.000000	0.000000	0.000000
112	tsk_112	(x)	1	:	0.000000	0.000000	0.000000	0.000000	0.000000	0.000000	0.503749	0.471545	0.023710	0.000000	0.000996	0.000000
113	tsk_113	(x)	1	:	0.000000	0.000000	0.000000	0.000000	0.496729	0.000000	0.503271	0.000000	0.000000	0.000000	0.000000	0.000000
114	tsk_114	(x)	1	:	0.000000	0.000000	0.000000	0.552436	0.000000	0.000000	0.000000	0.000000	0.447564	0.000000	0.000000	0.000000
115	tsk_115	(x)	1	:	0.000000	0.000000	0.000000	0.000000	0.000000	0.000000	0.000000	0.472233	0.527767	0.000000	0.000000	0.000000
116	tsk_116	(x)	1	:	0.000000	0.000000	0.000000	0.369118	0.000000	0.473173	0.000000	0.000000	0.000000	0.000000	0.157709	0.000000
117	tsk_117	(x)	1	:	0.000000	0.000000	0.000000	0.000000	0.000000	0.488028	0.506266	0.000000	0.000000	0.000000	0.005705	0.000000
118	tsk_118	(x)	1	:	0.000000	0.000000	0.000000	0.000000	0.000000	0.000000	1.000000	0.000000	0.000000	0.000000	0.000000	0.000000
119	tsk_119	(x)	1	:	0.000000	0.000000	0.000000	0.547457	0.000000	0.000000	0.452543	0.000000	0.000000	0.000000	0.000000	0.000000
120	tsk_120	(x)	1	:	0.502117	0.000000	0.000000	0.000000	0.497646	0.000237	0.000000	0.000000	0.000000	0.000000	0.000000	0.000000
121	tsk_121	(x)	1	:	0.000000	0.000000	0.000000	0.000000	0.000000	0.475505	0.000000	0.000000	0.000000	0.524495	0.000000	0.000000
122	tsk_122	(x)	1	:	0.487354	0.000000	0.000000	0.000000	0.512645	0.000000	0.000000	0.000000	0.000000	0.000000	0.000000	0.000000
123	tsk_123	(x)	1	:	0.598037	0.000000	0.000000	0.000000	0.000000	0.000000	0.000000	0.000000	0.000000	0.000000	0.401963	0.000000
124	tsk_124	(x)	1	:	0.000000	0.000000	0.000000	0.000000	0.498052	0.000000	0.000000	0.471821	0.030127	0.000000	0.000000	0.000000
125	tsk_125	(x)	1	:	0.000000	0.000000	0.000000	0.000000	1.000000	0.000000	0.000000	0.000000	0.000000	0.000000	0.000000	0.000000
126	tsk_126	(x)	1	:	0.000000	0.000000	0.000000	0.000000	0.000000	0.000000	0.000000	0.471104	0.020628	0.000000	0.508267	0.000000
127	tsk_127	(x)	1	:	0.000000	0.000000	0.000000	0.000000	0.000000	0.495486	0.000000	0.471438	0.030126	0.000000	0.002949	0.000000
128	tsk_128	(x)	1	:	0.502341	0.000000	0.000000	0.000000	0.497659	0.000000	0.000000	0.000000	0.000000	0.000000	0.000000	0.000000
129	tsk_129	(x)	1	:	0.000000	0.000000	0.000000	0.000000	0.498052	0.000000	0.000000	0.471818	0.030131	0.000000	0.000000	0.000000
130	tsk_130	(x)	1	:	0.000000	0.000000	0.000000	0.000000	0.498052	0.000000	0.000000	0.471816	0.030132	0.000000	0.000000	0.000000
131	tsk_131	(x)	1	:	0.000000	0.000000	0.000000	0.000000	0.000000	0.475505	0.000000	0.000000	0.000000	0.524495	0.000000	0.000000
132	tsk_132	(x)	1	:	0.000000	0.000000	0.000000	0.000000	0.498074	0.000000	0.000000	0.000000	0.501926	0.000000	0.000000	0.000000
133	tsk_133	(x)	1	:	0.000000	0.000000	0.000000	0.000000	0.498546	0.000000	0.000000	0.000000	0.000000	0.000000	0.000000	0.501454
134	tsk_134	(x)	1	:	0.000000	0.000000	0.000000	0.000000	0.498052	0.000000	0.000000	0.471817	0.030131	0.000000	0.000000	0.000000
135	tsk_135	(x)	1	:	0.000000	0.000000	0.000000	0.000000	0.000000	0.000000	0.000000	0.471637	0.030570	0.000000	0.000849	0.496944
136	tsk_136	(x)	1	:	0.000000	0.000000	0.000000	0.000000	0.000000	0.000000	0.000000	0.000000	0.500928	0.000000	0.003121	0.495952
137	tsk_137	(x)	1	:	0.000000	0.000000	0.000000	0.000000	0.498052	0.000000	0.000000	0.471817	0.030132	0.000000	0.000000	0.000000
138	tsk_138	(x)	1	:	0.000000	0.000000	0.000000	0.000000	0.000000	0.000000	0.000000	0.471081	0.020669	0.000000	0.268160	0.240090
139	tsk_139	(x)	1	:	0.000000	0.000000	0.000000	0.000000	0.000000	0.000000	0.000000	0.000000	0.559006	0.000000	0.000000	0.440994
140	tsk_140	(x)	1	:	0.000000	0.000000	0.000000	0.000000	0.000000	0.000000	0.000000	0.000000	0.000000	0.000000	0.000000	1.000000
141	tsk_141	(x)	1	:	0.000000	0.000000	0.000000	0.546911	0.000000	0.000000	0.000000	0.453089	0.000000	0.000000	0.000000	0.000000
142	tsk_142	(x)	1	:	0.000000	0.000000	0.000000	0.000000	0.000000	0.000000	0.000000	0.000000	0.502489	0.000000	0.000000	0.497511
143	tsk_143	(x)	1	:	0.000000	0.000000	0.000000	0.000000	0.000000	0.494217	0.000000	0.000000	0.000000	0.000000	0.010254	0.495528
144	tsk_144	(x)	1	:	0.000000	0.000000	0.000000	0.000000	0.000000	0.000000	0.000000	0.471699	0.030662	0.000000	0.000511	0.497127
145	tsk_145	(x)	1	:	0.000000	0.000000	0.000000	0.000000	0.000000	1.000000	0.000000	0.000000	0.000000	0.000000	0.000000	0.000000
146	tsk_146	(x)	1	:	0.000000	0.000000	0.000000	0.576113	0.000000	0.423882	0.000000	0.000000	0.000000	0.000000	0.000005	0.000000
147	tsk_147	(x)	1	:	0.000000	0.000000	0.000000	0.000000	0.000000	0.495057	0.000000	0.471370	0.030008	0.000000	0.003565	0.000000
148	tsk_148	(x)	1	:	0.000000	0.000000	0.000000	0.000000	0.000000	0.491921	0.000000	0.000000	0.000000	0.000000	0.013713	0.494366
149	tsk_149	(x)	1	:	0.000000	0.000000	0.000000	0.000000	0.000000	1.000000	0.000000	0.000000	0.000000	0.000000	0.000000	0.000000
