logL = -2314.632094 (converged)
AIC = 5049.264188
BIC = 5681.497600

count.K
77 73 

