logL = -1245.575449 (converged)
AIC = 4051.150898
BIC = 6399.446427

count.K
18 27 33 25 47 

