logL = -2444.321407 (converged)
AIC = 6558.642815
BIC = 9072.523285

count.K
19 20 30 51 30 

