logL = -1586.671538 (converged)
AIC = 8047.343076
BIC = 15384.261287

count.K
20 0 40 3 8 11 25 10 0 0 4 5 24 

