logL = -1240.117862 (converged)
AIC = 2916.235724
BIC = 3572.554218

count.K
82 68 

