logL = -1297.547436 (converged)
AIC = 5679.094873
BIC = 10321.494496

count.K
6 8 31 24 15 6 26 25 9 

