logL = -637.733509 (converged)
AIC = 5199.467017
BIC = 11106.333464

count.K
1 3 10 18 25 0 14 22 36 3 9 9 

