logL = -2055.725117 (converged)
AIC = 5379.450234
BIC = 7288.193010

count.K
33 36 53 28 

