logL = -2394.671000 (converged)
AIC = 6985.341999
BIC = 10291.019552

count.K
11 41 30 30 38 0 

