logL = -1681.228740 (converged)
AIC = 4214.457481
BIC = 5496.988116

count.K
78 19 53 

