logL = -1774.180891 (converged)
AIC = 4012.361782
BIC = 4710.829170

count.K
23 127 

