logL = -5337.788064 (converged)
AIC = 12675.576129
BIC = 15686.211423

count.K
48 36 19 38 9 

