logL = -1476.515304 (converged)
AIC = 6055.030608
BIC = 10724.525950

count.K
0 3 19 37 26 29 6 6 24 

