0	tsk_0	(x)	1	:	0.499999	0.000000	0.421900	0.000000	0.000000	0.000000	0.000000	0.000000	0.000000	0.034476	0.000000	0.043624	0.000000	0.000000	0.000000
1	tsk_1	(x)	1	:	0.499931	0.000000	0.000000	0.000000	0.000000	0.405365	0.094678	0.000000	0.000000	0.000018	0.000000	0.000007	0.000000	0.000000	0.000000
2	tsk_2	(x)	1	:	0.000000	0.000000	0.000000	0.000000	0.000000	0.000000	0.000000	0.000000	0.000000	0.369964	0.000000	0.630036	0.000000	0.000000	0.000000
3	tsk_3	(x)	1	:	0.499826	0.000000	0.000000	0.000000	0.000000	0.000000	0.494713	0.000000	0.000000	0.003119	0.000000	0.002342	0.000000	0.000000	0.000000
4	tsk_4	(x)	1	:	0.500000	0.000000	0.000000	0.000000	0.000000	0.000000	0.000000	0.000000	0.000000	0.000000	0.000000	0.000000	0.000000	0.000000	0.500000
5	tsk_5	(x)	1	:	0.000000	0.000000	0.574675	0.000000	0.000000	0.000000	0.425325	0.000000	0.000000	0.000000	0.000000	0.000000	0.000000	0.000000	0.000000
6	tsk_6	(x)	1	:	0.000000	0.000000	0.421892	0.000000	0.000000	0.000000	0.499973	0.000000	0.000000	0.032819	0.000000	0.045315	0.000000	0.000000	0.000000
7	tsk_7	(x)	1	:	0.500000	0.000000	0.000000	0.000000	0.000000	0.000000	0.000000	0.000000	0.000000	0.000000	0.000000	0.000000	0.000000	0.000000	0.500000
8	tsk_8	(x)	1	:	0.494103	0.000000	0.505897	0.000000	0.000000	0.000000	0.000000	0.000000	0.000000	0.000000	0.000000	0.000000	0.000000	0.000000	0.000000
9	tsk_9	(x)	1	:	0.000000	0.000000	0.000000	0.000000	0.000000	0.000000	1.000000	0.000000	0.000000	0.000000	0.000000	0.000000	0.000000	0.000000	0.000000
10	tsk_10	(x)	1	:	0.000000	0.000000	0.000000	0.000000	0.000000	0.000000	0.000000	0.000000	1.000000	0.000000	0.000000	0.000000	0.000000	0.000000	0.000000
11	tsk_11	(x)	1	:	0.000000	0.000000	0.000000	0.000000	0.000000	0.000000	0.000000	0.000000	0.000000	0.210064	0.000000	0.789936	0.000000	0.000000	0.000000
12	tsk_12	(x)	1	:	0.000000	0.000000	0.000000	1.000000	0.000000	0.000000	0.000000	0.000000	0.000000	0.000000	0.000000	0.000000	0.000000	0.000000	0.000000
13	tsk_13	(x)	1	:	0.000000	0.000000	0.000000	0.000000	0.000000	0.000000	0.000000	0.000000	0.000000	0.425584	0.000000	0.574416	0.000000	0.000000	0.000000
14	tsk_14	(x)	1	:	0.000000	0.000000	0.000000	0.000000	0.000000	0.000000	0.000000	0.000000	0.000000	0.445411	0.000000	0.554589	0.000000	0.000000	0.000000
15	tsk_15	(x)	1	:	0.000000	0.000000	0.000000	0.392930	0.498758	0.000000	0.000000	0.000000	0.000000	0.097271	0.000000	0.011041	0.000000	0.000000	0.000000
16	tsk_16	(x)	1	:	0.000000	0.000000	0.000000	0.000000	0.501851	0.000000	0.000000	0.000000	0.000000	0.037122	0.000000	0.461027	0.000000	0.000000	0.000000
17	tsk_17	(x)	1	:	0.000000	0.000000	0.000000	0.393513	0.498876	0.000000	0.000000	0.000000	0.000000	0.061979	0.000000	0.045632	0.000000	0.000000	0.000000
18	tsk_18	(x)	1	:	0.000000	0.000000	0.000000	0.000000	1.000000	0.000000	0.000000	0.000000	0.000000	0.000000	0.000000	0.000000	0.000000	0.000000	0.000000
19	tsk_19	(x)	1	:	0.000000	0.000000	0.000000	0.000000	1.000000	0.000000	0.000000	0.000000	0.000000	0.000000	0.000000	0.000000	0.000000	0.000000	0.000000
20	tsk_20	(x)	1	:	0.008894	0.000000	0.000000	0.000000	0.000000	0.000000	0.000000	0.491113	0.000000	0.211515	0.000000	0.288478	0.000000	0.000000	0.000000
21	tsk_21	(x)	1	:	0.000000	0.000000	0.000000	0.000000	0.501827	0.000000	0.000000	0.000000	0.000000	0.151695	0.000000	0.035039	0.311440	0.000000	0.000000
22	tsk_22	(x)	1	:	0.006164	0.000000	0.000000	0.000000	0.000000	0.000000	0.000000	0.000000	0.000000	0.229958	0.000000	0.269845	0.000000	0.000000	0.494033
23	tsk_23	(x)	1	:	0.008983	0.000000	0.000000	0.000000	0.000000	0.000000	0.000000	0.491025	0.000000	0.096318	0.000000	0.092233	0.311441	0.000000	0.000000
24	tsk_24	(x)	1	:	0.000000	0.000000	0.000000	0.000000	0.000000	0.000000	0.000000	0.000000	0.000000	0.314434	0.000000	0.685566	0.000000	0.000000	0.000000
25	tsk_25	(x)	1	:	0.000000	0.000000	0.000000	0.000000	0.000000	0.000000	0.000000	0.000000	0.000000	0.294750	0.000000	0.393722	0.311529	0.000000	0.000000
26	tsk_26	(x)	1	:	0.000000	0.000000	0.000000	0.000000	0.500302	0.000000	0.000000	0.499698	0.000000	0.000000	0.000000	0.000000	0.000000	0.000000	0.000000
27	tsk_27	(x)	1	:	0.000000	0.000000	0.000000	0.000000	0.527388	0.000000	0.000000	0.000000	0.000000	0.170292	0.000000	0.302321	0.000000	0.000000	0.000000
28	tsk_28	(x)	1	:	0.003131	0.000000	0.000000	0.000000	0.507809	0.000000	0.000000	0.000000	0.000000	0.000000	0.000000	0.000000	0.000000	0.000000	0.489061
29	tsk_29	(x)	1	:	0.000000	0.000000	0.000000	0.000000	0.000000	0.000000	0.500000	0.000000	0.000000	0.255227	0.000000	0.244773	0.000000	0.000000	0.000000
30	tsk_30	(x)	1	:	0.000000	0.000000	0.000000	0.000000	0.000000	0.000000	0.000000	0.000000	0.000000	0.363940	0.000000	0.636060	0.000000	0.000000	0.000000
31	tsk_31	(x)	1	:	0.000000	0.000000	0.000000	0.000000	0.000000	0.000000	0.000000	0.000000	0.000000	0.491391	0.000000	0.508608	0.000000	0.000000	0.000000
32	tsk_32	(x)	1	:	0.000000	0.000000	0.000000	0.000000	0.000000	0.000000	0.000000	0.000000	0.000000	0.368878	0.000000	0.631121	0.000000	0.000000	0.000000
33	tsk_33	(x)	1	:	0.499825	0.000000	0.000000	0.000000	0.000000	0.000000	0.494685	0.000000	0.000000	0.002943	0.000000	0.002547	0.000000	0.000000	0.000000
34	tsk_34	(x)	1	:	0.006232	0.000000	0.000000	0.000000	0.000000	0.000000	0.000000	0.000000	0.000000	0.240150	0.000000	0.259651	0.000000	0.000000	0.493967
35	tsk_35	(x)	1	:	0.000000	0.000000	0.000000	0.000000	0.000000	0.000000	0.500000	0.000000	0.000000	0.343771	0.000000	0.156229	0.000000	0.000000	0.000000
36	tsk_36	(x)	1	:	0.500000	0.000000	0.000000	0.000000	0.000000	0.000000	0.000000	0.000000	0.000000	0.000000	0.000000	0.000000	0.000000	0.000000	0.500000
37	tsk_37	(x)	1	:	0.000000	0.000000	0.000000	0.000000	0.000000	0.000000	0.500000	0.000000	0.000000	0.254304	0.000000	0.245696	0.000000	0.000000	0.000000
38	tsk_38	(x)	1	:	0.500000	0.000000	0.000000	0.000000	0.000000	0.000000	0.000000	0.000000	0.000000	0.000000	0.000000	0.000000	0.000000	0.000000	0.500000
39	tsk_39	(x)	1	:	0.000000	0.000000	0.000000	0.000000	0.000000	0.000000	0.500000	0.000000	0.000000	0.238672	0.000000	0.261328	0.000000	0.000000	0.000000
40	tsk_40	(x)	1	:	0.007125	0.000000	0.000000	0.000000	0.000000	0.000000	0.000000	0.000000	0.000000	0.000000	0.000000	0.000000	0.000000	0.498690	0.494185
41	tsk_41	(x)	1	:	0.000000	0.000000	0.000000	0.000000	0.000000	0.000000	0.000000	0.000000	0.000000	0.000000	0.000000	0.000000	0.000000	1.000000	0.000000
42	tsk_42	(x)	1	:	0.501086	0.000000	0.000000	0.000000	0.279048	0.000000	0.000000	0.000000	0.000000	0.000000	0.000000	0.000000	0.000000	0.219866	0.000000
43	tsk_43	(x)	1	:	0.013637	0.000000	0.000000	0.000000	0.000000	0.000000	0.000000	0.489989	0.000000	0.000000	0.000000	0.000000	0.000000	0.000000	0.496373
44	tsk_44	(x)	1	:	0.501131	0.000000	0.000000	0.000000	0.000000	0.000000	0.000000	0.000000	0.000000	0.000000	0.000000	0.000000	0.000000	0.498869	0.000000
45	tsk_45	(x)	1	:	0.000000	0.000000	0.000000	0.000000	0.000000	0.000000	0.000000	0.000000	0.000000	0.000000	0.000000	0.000000	0.000000	1.000000	0.000000
46	tsk_46	(x)	1	:	0.013617	0.000000	0.000000	0.000000	0.000000	0.000000	0.000000	0.489994	0.000000	0.000000	0.000000	0.000000	0.000000	0.000000	0.496388
47	tsk_47	(x)	1	:	0.500000	0.000000	0.000000	0.000000	0.000000	0.000000	0.000000	0.000000	0.000000	0.000000	0.000000	0.000000	0.000000	0.000000	0.500000
48	tsk_48	(x)	1	:	0.000000	0.000000	0.000000	0.000000	0.000000	0.000000	0.496604	0.000000	0.000000	0.003685	0.000000	0.004650	0.000000	0.495061	0.000000
49	tsk_49	(x)	1	:	0.006105	0.000000	0.000000	0.000000	0.000000	0.000000	0.494267	0.000000	0.000000	0.002589	0.000000	0.003132	0.000000	0.000000	0.493907
50	tsk_50	(x)	1	:	0.500000	0.000000	0.000000	0.000000	0.000000	0.000000	0.000000	0.000000	0.000000	0.219637	0.000000	0.280363	0.000000	0.000000	0.000000
51	tsk_51	(x)	1	:	0.000000	0.000000	0.000000	0.000000	0.000000	0.000000	0.000000	0.000000	0.000000	0.415828	0.000000	0.584172	0.000000	0.000000	0.000000
52	tsk_52	(x)	1	:	0.000000	0.000000	0.000000	0.000000	0.000000	0.000000	0.000000	0.000000	0.000000	0.000000	0.000000	0.000000	0.000000	0.000000	1.000000
53	tsk_53	(x)	1	:	0.000000	0.000000	0.000000	0.000000	0.000000	0.000000	0.000000	0.000000	0.000000	0.000000	0.000000	0.000000	0.000000	0.000000	1.000000
54	tsk_54	(x)	1	:	0.006352	0.000000	0.000000	0.000000	0.000000	0.000000	0.000000	0.000000	0.000000	0.245178	0.000000	0.254620	0.000000	0.000000	0.493850
55	tsk_55	(x)	1	:	0.000000	0.000000	0.000000	0.000000	0.000000	0.000000	0.000000	0.000000	0.000000	0.565312	0.000000	0.434688	0.000000	0.000000	0.000000
56	tsk_56	(x)	1	:	0.006304	0.000000	0.000000	0.000000	0.000000	0.000000	0.000000	0.000000	0.000000	0.269405	0.000000	0.230394	0.000000	0.000000	0.493897
57	tsk_57	(x)	1	:	0.006374	0.000000	0.000000	0.000000	0.000000	0.000000	0.000000	0.000000	0.000000	0.179814	0.000000	0.319982	0.000000	0.000000	0.493830
58	tsk_58	(x)	1	:	0.006326	0.000000	0.421916	0.000000	0.000000	0.000000	0.000000	0.000000	0.000000	0.021918	0.000000	0.055964	0.000000	0.000000	0.493876
59	tsk_59	(x)	1	:	0.000000	0.000000	0.000000	0.000000	0.000000	0.000000	0.000000	0.000000	0.000000	0.466433	0.000000	0.533567	0.000000	0.000000	0.000000
60	tsk_60	(x)	1	:	0.000000	0.000000	0.000000	0.000000	0.000000	0.000000	1.000000	0.000000	0.000000	0.000000	0.000000	0.000000	0.000000	0.000000	0.000000
61	tsk_61	(x)	1	:	0.000000	0.000000	0.000000	0.000000	0.000000	0.000000	0.000000	0.000000	0.000000	0.343386	0.302420	0.354194	0.000000	0.000000	0.000000
62	tsk_62	(x)	1	:	0.006874	0.000000	0.000000	0.000000	0.000000	0.000000	0.000000	0.000000	0.000000	0.074167	0.302454	0.123158	0.000000	0.000000	0.493347
63	tsk_63	(x)	1	:	0.000000	0.000000	0.000000	0.000000	0.000000	0.000000	0.499962	0.000000	0.000000	0.163605	0.302392	0.034040	0.000000	0.000000	0.000000
64	tsk_64	(x)	1	:	0.000000	0.000000	0.000000	0.000000	0.000000	0.000000	0.000000	0.000000	0.000000	0.395052	0.302420	0.302527	0.000000	0.000000	0.000000
65	tsk_65	(x)	1	:	0.000000	0.000000	0.000000	0.000000	0.501264	0.000000	0.494292	0.000000	0.000000	0.002080	0.000000	0.002364	0.000000	0.000000	0.000000
66	tsk_66	(x)	1	:	0.000000	0.000000	0.000000	0.403097	0.000000	0.000000	0.000000	0.000000	0.000000	0.361358	0.000000	0.235544	0.000000	0.000000	0.000000
67	tsk_67	(x)	1	:	0.000000	0.000000	0.000000	0.000000	0.000000	0.000000	0.500000	0.000000	0.000000	0.287475	0.000000	0.212525	0.000000	0.000000	0.000000
68	tsk_68	(x)	1	:	0.000000	0.000000	0.000000	0.000000	0.000000	0.000000	0.456914	0.000000	0.000000	0.000001	0.000000	0.000006	0.543079	0.000000	0.000000
69	tsk_69	(x)	1	:	0.000000	0.000000	0.000000	0.000000	0.501861	0.000000	0.000000	0.000000	0.000000	0.044467	0.302491	0.151180	0.000000	0.000001	0.000000
70	tsk_70	(x)	1	:	0.499822	0.000000	0.000000	0.000000	0.000000	0.000000	0.494611	0.000000	0.000000	0.002958	0.000000	0.002609	0.000000	0.000000	0.000000
71	tsk_71	(x)	1	:	0.500000	0.000000	0.000000	0.000000	0.000000	0.000000	0.000000	0.000000	0.000000	0.000000	0.000000	0.000000	0.000000	0.000000	0.500000
72	tsk_72	(x)	1	:	0.499825	0.000000	0.000000	0.000000	0.000000	0.000000	0.494683	0.000000	0.000000	0.002647	0.000000	0.002845	0.000000	0.000000	0.000000
73	tsk_73	(x)	1	:	0.008625	0.000000	0.000000	0.000000	0.000000	0.000000	0.494594	0.491195	0.000000	0.004497	0.000000	0.001089	0.000000	0.000000	0.000000
74	tsk_74	(x)	1	:	0.492665	0.000000	0.000000	0.000000	0.000000	0.000000	0.311267	0.000000	0.000000	0.000000	0.196068	0.000000	0.000000	0.000000	0.000000
75	tsk_75	(x)	1	:	0.500000	0.000000	0.000000	0.000000	0.000000	0.000000	0.000000	0.000000	0.000000	0.000000	0.000000	0.000000	0.000000	0.000000	0.500000
76	tsk_76	(x)	1	:	1.000000	0.000000	0.000000	0.000000	0.000000	0.000000	0.000000	0.000000	0.000000	0.000000	0.000000	0.000000	0.000000	0.000000	0.000000
77	tsk_77	(x)	1	:	0.006069	0.000000	0.000000	0.000000	0.000000	0.000000	0.494409	0.000000	0.000000	0.001930	0.000000	0.003646	0.000000	0.000000	0.493946
78	tsk_78	(x)	1	:	0.000000	0.000000	0.000000	0.000000	0.000000	0.000000	0.666667	0.000000	0.000000	0.000000	0.333333	0.000000	0.000000	0.000000	0.000000
79	tsk_79	(x)	1	:	0.000000	0.000000	0.000000	0.000000	0.000000	0.000000	0.000000	0.000000	0.000000	0.000000	0.000000	0.000000	0.000000	0.000000	1.000000
80	tsk_80	(x)	1	:	0.500000	0.000000	0.000000	0.000000	0.000000	0.000000	0.000000	0.000000	0.000000	0.330091	0.000000	0.169909	0.000000	0.000000	0.000000
81	tsk_81	(x)	1	:	0.000000	0.000000	0.000000	0.549458	0.000000	0.000000	0.000000	0.000000	0.000000	0.088849	0.000000	0.361694	0.000000	0.000000	0.000000
82	tsk_82	(x)	1	:	0.006083	0.000000	0.000000	0.000000	0.000000	0.000000	0.494488	0.000000	0.000000	0.002608	0.000000	0.002887	0.000000	0.000000	0.493935
83	tsk_83	(x)	1	:	0.000000	0.000000	0.000000	0.000000	0.657028	0.000000	0.000000	0.000000	0.000000	0.000000	0.000000	0.000000	0.000000	0.342972	0.000000
84	tsk_84	(x)	1	:	0.000000	0.000000	0.000000	0.000000	0.501851	0.000000	0.000000	0.000000	0.000000	0.266327	0.000000	0.231822	0.000000	0.000000	0.000000
85	tsk_85	(x)	1	:	0.000000	0.000000	0.000000	0.000000	0.460548	0.000000	0.000000	0.000000	0.000000	0.111500	0.000000	0.392988	0.000000	0.034963	0.000000
86	tsk_86	(x)	1	:	0.007111	0.000000	0.000000	0.000000	0.279050	0.000000	0.000000	0.000000	0.000000	0.000000	0.000000	0.000000	0.000000	0.219683	0.494155
87	tsk_87	(x)	1	:	0.000000	0.000000	0.000000	0.509784	0.490216	0.000000	0.000000	0.000000	0.000000	0.000000	0.000000	0.000000	0.000000	0.000000	0.000000
88	tsk_88	(x)	1	:	0.000000	0.000000	0.000000	0.535417	0.000000	0.000000	0.464443	0.000000	0.000000	0.000082	0.000000	0.000058	0.000000	0.000000	0.000000
89	tsk_89	(x)	1	:	0.000000	0.000000	0.000000	1.000000	0.000000	0.000000	0.000000	0.000000	0.000000	0.000000	0.000000	0.000000	0.000000	0.000000	0.000000
90	tsk_90	(x)	1	:	0.006258	0.000000	0.000000	0.000000	0.000000	0.000000	0.000000	0.000000	0.000000	0.227963	0.000000	0.271837	0.000000	0.000000	0.493942
91	tsk_91	(x)	1	:	0.000000	0.000000	0.421955	0.000000	0.501855	0.000000	0.000000	0.000000	0.000000	0.031489	0.000000	0.044700	0.000000	0.000000	0.000000
92	tsk_92	(x)	1	:	0.000000	0.000000	0.000000	0.000000	0.000000	0.000000	0.000000	0.000000	0.000000	0.491671	0.000000	0.508328	0.000000	0.000000	0.000000
93	tsk_93	(x)	1	:	0.006194	0.000000	0.000000	0.000000	0.000000	0.000000	0.000000	0.000000	0.000000	0.280524	0.000000	0.219278	0.000000	0.000000	0.494003
94	tsk_94	(x)	1	:	0.000000	0.000000	0.000000	0.000000	0.000000	0.000000	0.000000	0.000000	0.000000	0.379388	0.000000	0.620611	0.000000	0.000000	0.000000
95	tsk_95	(x)	1	:	0.000000	0.000000	0.000000	0.000000	0.000000	0.000000	0.000000	0.000000	0.000000	0.083986	0.000000	0.158653	0.757361	0.000000	0.000000
96	tsk_96	(x)	1	:	0.000000	0.000000	0.000000	0.000000	0.279071	0.000000	0.000000	0.000000	0.000000	0.253342	0.000000	0.251003	0.000000	0.216584	0.000000
97	tsk_97	(x)	1	:	0.500000	0.000000	0.000000	0.000000	0.000000	0.000000	0.000000	0.000000	0.000000	0.195179	0.000000	0.304821	0.000000	0.000000	0.000000
98	tsk_98	(x)	1	:	0.000000	0.000000	0.000000	0.000000	0.000000	0.503093	0.000547	0.000000	0.000000	0.250855	0.000000	0.245504	0.000000	0.000000	0.000000
99	tsk_99	(x)	1	:	0.000000	0.000000	0.421882	0.000000	0.000000	0.000000	0.000000	0.000000	0.000000	0.145649	0.000000	0.120922	0.311547	0.000000	0.000000
100	tsk_100	(x)	1	:	0.500000	0.000000	0.000000	0.000000	0.000000	0.000000	0.000000	0.000000	0.000000	0.000000	0.000000	0.000000	0.000000	0.000000	0.500000
101	tsk_101	(x)	1	:	0.000000	0.000000	0.000000	0.000000	0.479129	0.000000	0.495869	0.000000	0.000000	0.000251	0.000000	0.009468	0.000000	0.015283	0.000000
102	tsk_102	(x)	1	:	0.000000	0.000000	0.421919	0.000000	0.000000	0.000000	0.000000	0.000000	0.000000	0.303877	0.000000	0.274204	0.000000	0.000000	0.000000
103	tsk_103	(x)	1	:	0.007044	0.000000	0.000000	0.000000	0.478063	0.000000	0.000000	0.000000	0.000000	0.000000	0.000000	0.000000	0.000000	0.020554	0.494339
104	tsk_104	(x)	1	:	0.000000	0.000000	0.000000	0.000000	0.000000	0.000000	1.000000	0.000000	0.000000	0.000000	0.000000	0.000000	0.000000	0.000000	0.000000
105	tsk_105	(x)	1	:	0.000000	0.000000	0.421917	0.000000	0.000000	0.000000	0.500000	0.000000	0.000000	0.051034	0.000000	0.027049	0.000000	0.000000	0.000000
106	tsk_106	(x)	1	:	0.499803	0.000000	0.000000	0.000000	0.000000	0.000000	0.494018	0.000000	0.000000	0.003154	0.000000	0.003024	0.000000	0.000000	0.000000
107	tsk_107	(x)	1	:	0.000000	0.000000	1.000000	0.000000	0.000000	0.000000	0.000000	0.000000	0.000000	0.000000	0.000000	0.000000	0.000000	0.000000	0.000000
108	tsk_108	(x)	1	:	0.501201	0.000000	0.000000	0.000000	0.477932	0.000000	0.000000	0.000000	0.000000	0.000000	0.000000	0.000000	0.000000	0.020867	0.000000
109	tsk_109	(x)	1	:	0.499999	0.000000	0.421900	0.000000	0.000000	0.000000	0.000000	0.000000	0.000000	0.040308	0.000000	0.037793	0.000000	0.000000	0.000000
110	tsk_110	(x)	1	:	0.000000	0.000000	0.000000	0.000000	0.000000	0.000000	1.000000	0.000000	0.000000	0.000000	0.000000	0.000000	0.000000	0.000000	0.000000
111	tsk_111	(x)	1	:	0.000000	0.000000	0.211729	0.000000	0.470260	0.000000	0.317551	0.000000	0.000000	0.000000	0.000000	0.000000	0.000000	0.000461	0.000000
112	tsk_112	(x)	1	:	0.000000	0.000000	0.313972	0.000000	0.454071	0.000000	0.231955	0.000000	0.000000	0.000000	0.000000	0.000000	0.000000	0.000002	0.000000
113	tsk_113	(x)	1	:	0.000000	0.000000	0.000000	0.000000	0.501851	0.000000	0.000000	0.000000	0.000000	0.267139	0.000000	0.231010	0.000000	0.000000	0.000000
114	tsk_114	(x)	1	:	0.000000	0.000000	0.000000	0.000000	0.000000	0.000000	1.000000	0.000000	0.000000	0.000000	0.000000	0.000000	0.000000	0.000000	0.000000
115	tsk_115	(x)	1	:	0.000000	0.000000	0.000000	0.000000	1.000000	0.000000	0.000000	0.000000	0.000000	0.000000	0.000000	0.000000	0.000000	0.000000	0.000000
116	tsk_116	(x)	1	:	0.000126	0.647910	0.000000	0.000000	0.000000	0.000000	0.000000	0.000000	0.000000	0.000000	0.000000	0.000000	0.000000	0.000156	0.351808
117	tsk_117	(x)	1	:	0.000000	0.000000	0.000000	0.000000	0.501239	0.000000	0.494048	0.000000	0.000000	0.001848	0.000000	0.002864	0.000000	0.000000	0.000000
118	tsk_118	(x)	1	:	0.000000	0.000000	0.000000	0.000000	0.000000	0.000000	0.000000	0.000000	0.000000	0.556358	0.000000	0.443641	0.000000	0.000000	0.000000
119	tsk_119	(x)	1	:	0.000000	0.000000	0.000000	0.000000	0.000000	0.000000	0.500000	0.000000	0.000000	0.400701	0.000000	0.099299	0.000000	0.000000	0.000000
120	tsk_120	(x)	1	:	0.000000	0.000000	0.000000	0.000000	0.479187	0.000000	0.495638	0.000000	0.000000	0.000000	0.000000	0.009992	0.000000	0.015183	0.000000
121	tsk_121	(x)	1	:	0.004528	0.000000	0.000000	0.000000	0.000000	0.000000	0.000000	0.000000	0.000000	0.000000	0.000000	0.000000	0.503287	0.000000	0.492185
122	tsk_122	(x)	1	:	0.000000	0.000000	0.421738	0.000000	0.478618	0.000000	0.000000	0.000000	0.000000	0.002610	0.000000	0.080639	0.000000	0.016396	0.000000
123	tsk_123	(x)	1	:	0.488364	0.000000	0.000000	0.511636	0.000000	0.000000	0.000000	0.000000	0.000000	0.000000	0.000000	0.000000	0.000000	0.000000	0.000000
124	tsk_124	(x)	1	:	0.000000	0.000000	0.420818	0.000000	0.000000	0.000000	0.000000	0.000000	0.000000	0.002052	0.000000	0.007090	0.570040	0.000000	0.000000
125	tsk_125	(x)	1	:	0.006210	0.000000	0.421916	0.000000	0.000000	0.000000	0.000000	0.000000	0.000000	0.014558	0.000000	0.063328	0.000000	0.000000	0.493988
126	tsk_126	(x)	1	:	0.000000	0.000000	0.420876	0.000000	0.000000	0.000000	0.000000	0.000000	0.000000	0.002458	0.000000	0.006586	0.570080	0.000000	0.000000
127	tsk_127	(x)	1	:	0.000000	0.000000	0.000000	0.000000	0.000000	0.000000	0.000000	0.000000	0.000000	0.000000	0.000000	0.000000	1.000000	0.000000	0.000000
128	tsk_128	(x)	1	:	0.000000	0.000000	0.420887	0.000000	0.000000	0.000000	0.000000	0.000000	0.000000	0.003380	0.000000	0.005644	0.570088	0.000000	0.000000
129	tsk_129	(x)	1	:	0.000000	0.000000	0.000000	0.000000	0.478624	0.000000	0.000000	0.000000	0.000000	0.017875	0.000000	0.487092	0.000000	0.016408	0.000000
130	tsk_130	(x)	1	:	0.000000	0.000000	0.000000	0.000000	0.279072	0.504098	0.000076	0.000000	0.000000	0.000000	0.000000	0.000010	0.000000	0.216745	0.000000
131	tsk_131	(x)	1	:	0.500000	0.000000	0.000000	0.000000	0.000000	0.000000	0.000000	0.000000	0.000000	0.000000	0.000000	0.000000	0.000000	0.000000	0.500000
132	tsk_132	(x)	1	:	0.007093	0.000000	0.000000	0.000000	0.279050	0.000000	0.000000	0.000000	0.000000	0.000000	0.000000	0.000000	0.000000	0.219684	0.494173
133	tsk_133	(x)	1	:	0.000000	0.000000	0.000000	0.000000	0.000000	0.000000	0.000000	0.000000	0.000000	0.266152	0.000000	0.422319	0.311529	0.000000	0.000000
134	tsk_134	(x)	1	:	0.000000	0.000000	0.000000	0.403097	0.000000	0.000000	0.000000	0.000000	0.000000	0.175363	0.000000	0.421540	0.000000	0.000000	0.000000
135	tsk_135	(x)	1	:	0.000000	0.000000	0.000000	0.403097	0.000000	0.000000	0.000000	0.000000	0.000000	0.357132	0.000000	0.239770	0.000000	0.000000	0.000000
136	tsk_136	(x)	1	:	0.000000	0.000000	0.000000	0.000000	0.000000	0.000000	0.000000	0.000000	0.000000	0.000000	0.000000	0.000000	0.000000	0.000000	1.000000
137	tsk_137	(x)	1	:	0.006167	0.000000	0.000000	0.000000	0.000000	0.000000	0.000000	0.000000	0.000000	0.298066	0.000000	0.201737	0.000000	0.000000	0.494029
138	tsk_138	(x)	1	:	0.006315	0.000000	0.000000	0.000000	0.000000	0.000000	0.000000	0.000000	0.000000	0.201419	0.000000	0.298380	0.000000	0.000000	0.493886
139	tsk_139	(x)	1	:	0.000000	0.000000	0.000000	0.403097	0.000000	0.000000	0.000000	0.000000	0.000000	0.319853	0.000000	0.277050	0.000000	0.000000	0.000000
140	tsk_140	(x)	1	:	0.000000	0.000000	0.000000	0.000000	0.000000	0.000000	0.000000	0.000000	0.000000	0.000000	0.000000	0.000000	0.000000	1.000000	0.000000
141	tsk_141	(x)	1	:	0.000000	0.000000	0.000000	0.000000	0.000000	0.000000	0.000000	0.000000	0.000000	0.000000	0.000000	0.000000	0.000000	1.000000	0.000000
142	tsk_142	(x)	1	:	0.000000	0.000000	0.000000	0.403097	0.000000	0.000000	0.000000	0.000000	0.000000	0.276042	0.000000	0.320861	0.000000	0.000000	0.000000
143	tsk_143	(x)	1	:	0.000000	0.000000	0.000000	0.000000	0.000000	0.000000	0.497270	0.000000	0.000000	0.002784	0.000000	0.004802	0.000000	0.495143	0.000000
144	tsk_144	(x)	1	:	0.000000	0.000000	0.000000	0.000000	0.000000	0.000000	0.000000	0.000000	0.000000	0.185157	0.000000	0.287562	0.000000	0.527281	0.000000
145	tsk_145	(x)	1	:	0.000000	0.000000	0.000000	0.000000	0.000000	0.000000	0.000000	0.000000	0.000000	0.375486	0.000000	0.129034	0.000000	0.495480	0.000000
146	tsk_146	(x)	1	:	0.000000	0.000000	0.000000	0.000000	0.000000	0.000000	0.000000	0.000000	0.000000	0.239544	0.000000	0.264976	0.000000	0.495480	0.000000
147	tsk_147	(x)	1	:	0.000000	0.000000	0.000000	0.483299	0.000000	0.000000	0.000000	0.000000	0.000000	0.000000	0.000000	0.000000	0.000061	0.516640	0.000000
148	tsk_148	(x)	1	:	0.000000	0.000000	0.000000	0.000000	0.000000	0.000000	0.000000	0.000000	0.000000	0.000000	0.000000	0.000000	0.000000	1.000000	0.000000
149	tsk_149	(x)	1	:	0.000000	0.000000	0.000000	0.000000	0.000000	0.000000	0.000000	0.000000	0.000000	0.271043	0.000000	0.233476	0.000000	0.495480	0.000000
