logL = -1142.779696 (converged)
AIC = 3755.559392
BIC = 5968.376333

count.K
24 11 48 27 40 

