logL = -835.414175 (converged)
AIC = 4736.828351
BIC = 9352.132257

count.K
17 1 6 10 24 51 13 25 3 

