0	tsk_0	(x)	1	:	0.509430	0.000000	0.000000	0.000000	0.000000	0.000000	0.490570	0.000000	0.000000	0.000000	0.000000	0.000000
1	tsk_1	(x)	1	:	0.000000	0.000000	0.000000	0.556461	0.000000	0.000000	0.443539	0.000000	0.000000	0.000000	0.000000	0.000000
2	tsk_2	(x)	1	:	0.000000	0.000000	0.000000	0.000000	0.506381	0.000000	0.493618	0.000000	0.000000	0.000000	0.000000	0.000000
3	tsk_3	(x)	1	:	0.000000	0.000000	0.000000	0.000000	0.506381	0.000000	0.493619	0.000000	0.000000	0.000000	0.000000	0.000000
4	tsk_4	(x)	1	:	0.505063	0.000000	0.000000	0.000000	0.086913	0.329945	0.000000	0.000000	0.078080	0.000000	0.000000	0.000000
5	tsk_5	(x)	1	:	0.509430	0.000000	0.000000	0.000000	0.000000	0.000000	0.490570	0.000000	0.000000	0.000000	0.000000	0.000000
6	tsk_6	(x)	1	:	0.495662	0.000000	0.000000	0.000000	0.000000	0.504338	0.000000	0.000000	0.000000	0.000000	0.000000	0.000000
7	tsk_7	(x)	1	:	0.451294	0.000000	0.000000	0.548706	0.000000	0.000000	0.000000	0.000000	0.000000	0.000000	0.000000	0.000000
8	tsk_8	(x)	1	:	0.000000	0.000000	0.000000	0.621794	0.121741	0.221909	0.000000	0.000000	0.034555	0.000000	0.000000	0.000000
9	tsk_9	(x)	1	:	0.505100	0.000000	0.000000	0.000000	0.231327	0.230896	0.000000	0.000000	0.032677	0.000000	0.000000	0.000000
10	tsk_10	(x)	1	:	0.000000	0.000000	0.000000	0.000000	0.000000	0.466342	0.533658	0.000000	0.000000	0.000000	0.000000	0.000000
11	tsk_11	(x)	1	:	0.000000	0.500010	0.000000	0.000000	0.000000	0.000000	0.000000	0.000000	0.000000	0.000011	0.499978	0.000000
12	tsk_12	(x)	1	:	0.000000	0.405467	0.000000	0.000000	0.000000	0.000000	0.594493	0.000000	0.000000	0.000040	0.000000	0.000000
13	tsk_13	(x)	1	:	0.000000	0.000000	0.000000	0.000000	0.000000	0.000000	1.000000	0.000000	0.000000	0.000000	0.000000	0.000000
14	tsk_14	(x)	1	:	0.000000	0.000000	0.000000	0.000000	0.399572	0.000000	0.600428	0.000000	0.000000	0.000000	0.000000	0.000000
15	tsk_15	(x)	1	:	0.000000	0.000000	0.000000	0.000000	0.000000	1.000000	0.000000	0.000000	0.000000	0.000000	0.000000	0.000000
16	tsk_16	(x)	1	:	0.000000	0.495190	0.000000	0.000000	0.000000	0.000000	0.467110	0.000000	0.000000	0.000006	0.037694	0.000000
17	tsk_17	(x)	1	:	0.000000	0.000000	0.000000	0.000000	0.487761	0.512238	0.000000	0.000000	0.000000	0.000000	0.000000	0.000000
18	tsk_18	(x)	1	:	0.000000	0.000000	0.000000	0.000000	0.399572	0.000000	0.600428	0.000000	0.000000	0.000000	0.000000	0.000000
19	tsk_19	(x)	1	:	0.000000	0.492395	0.000000	0.000000	0.491987	0.000000	0.001029	0.000000	0.000000	0.000007	0.014582	0.000000
20	tsk_20	(x)	1	:	0.000000	0.493822	0.252835	0.000000	0.000000	0.000000	0.213317	0.000000	0.000000	0.000019	0.040006	0.000000
21	tsk_21	(x)	1	:	0.000000	0.495799	0.000000	0.000000	0.000000	0.000000	0.467712	0.000000	0.000000	0.000006	0.036483	0.000000
22	tsk_22	(x)	1	:	0.000000	0.000000	0.330355	0.000000	0.000000	0.550907	0.118738	0.000000	0.000000	0.000000	0.000000	0.000000
23	tsk_23	(x)	1	:	0.000000	0.483185	0.512636	0.000000	0.000000	0.000000	0.000013	0.000000	0.000000	0.000002	0.004163	0.000000
24	tsk_24	(x)	1	:	0.000000	0.494207	0.252806	0.000000	0.000000	0.000000	0.213748	0.000000	0.000000	0.000005	0.039235	0.000000
25	tsk_25	(x)	1	:	0.000000	0.495092	0.000000	0.000000	0.000000	0.000000	0.467022	0.000000	0.000000	0.000010	0.037876	0.000000
26	tsk_26	(x)	1	:	0.000000	0.495658	0.330816	0.000000	0.000000	0.000000	0.137122	0.000000	0.000000	0.000000	0.036404	0.000000
27	tsk_27	(x)	1	:	0.000000	0.000000	0.430452	0.000000	0.000000	0.000000	0.569548	0.000000	0.000000	0.000000	0.000000	0.000000
28	tsk_28	(x)	1	:	0.000000	0.999987	0.000000	0.000000	0.000000	0.000000	0.000000	0.000000	0.000000	0.000013	0.000000	0.000000
29	tsk_29	(x)	1	:	0.000000	0.999978	0.000000	0.000000	0.000000	0.000000	0.000000	0.000000	0.000000	0.000022	0.000000	0.000000
30	tsk_30	(x)	1	:	0.000000	0.000000	0.000000	0.000000	0.098467	0.327499	0.493442	0.000000	0.080590	0.000000	0.000000	0.000000
31	tsk_31	(x)	1	:	0.000000	0.494407	0.000000	0.000000	0.000000	0.000000	0.466391	0.000000	0.000000	0.000035	0.039168	0.000000
32	tsk_32	(x)	1	:	0.505178	0.000000	0.000000	0.000000	0.494822	0.000000	0.000000	0.000000	0.000000	0.000000	0.000000	0.000000
33	tsk_33	(x)	1	:	0.505064	0.000000	0.000000	0.000000	0.086910	0.329951	0.000000	0.000000	0.078075	0.000000	0.000000	0.000000
34	tsk_34	(x)	1	:	1.000000	0.000000	0.000000	0.000000	0.000000	0.000000	0.000000	0.000000	0.000000	0.000000	0.000000	0.000000
35	tsk_35	(x)	1	:	0.509315	0.000000	0.000000	0.000000	0.000000	0.000000	0.381251	0.000000	0.000000	0.000000	0.000000	0.109434
36	tsk_36	(x)	1	:	0.000000	0.000000	0.000000	0.000000	0.506381	0.000000	0.493619	0.000000	0.000000	0.000000	0.000000	0.000000
37	tsk_37	(x)	1	:	0.000000	0.000000	0.000000	0.000000	0.506381	0.000000	0.493619	0.000000	0.000000	0.000000	0.000000	0.000000
38	tsk_38	(x)	1	:	0.000000	0.000000	0.000000	0.000000	0.098530	0.329345	0.493433	0.000000	0.078691	0.000000	0.000000	0.000000
39	tsk_39	(x)	1	:	0.000000	0.000000	0.000000	0.000000	0.000000	0.000000	0.890422	0.000000	0.000000	0.000000	0.000000	0.109577
40	tsk_40	(x)	1	:	0.000000	0.000000	0.000000	0.000000	0.000000	0.489142	0.000000	0.000000	0.510858	0.000000	0.000000	0.000000
41	tsk_41	(x)	1	:	0.000000	0.494617	0.330984	0.000000	0.000000	0.000000	0.135743	0.000000	0.000000	0.000002	0.038654	0.000000
42	tsk_42	(x)	1	:	0.000000	0.000000	0.000000	0.000000	0.000000	1.000000	0.000000	0.000000	0.000000	0.000000	0.000000	0.000000
43	tsk_43	(x)	1	:	0.000000	0.000000	0.000000	0.000000	0.425709	0.574291	0.000000	0.000000	0.000000	0.000000	0.000000	0.000000
44	tsk_44	(x)	1	:	0.000000	0.000000	0.000000	0.000000	0.000000	1.000000	0.000000	0.000000	0.000000	0.000000	0.000000	0.000000
45	tsk_45	(x)	1	:	0.000000	0.000000	0.000000	0.000000	0.000000	0.000000	1.000000	0.000000	0.000000	0.000000	0.000000	0.000000
46	tsk_46	(x)	1	:	0.000000	0.000000	0.000000	0.000000	0.445963	0.554037	0.000000	0.000000	0.000000	0.000000	0.000000	0.000000
47	tsk_47	(x)	1	:	0.000000	0.000000	0.000000	0.000000	0.000000	1.000000	0.000000	0.000000	0.000000	0.000000	0.000000	0.000000
48	tsk_48	(x)	1	:	0.000000	0.000000	0.331390	0.000000	0.000000	0.000000	0.668610	0.000000	0.000000	0.000000	0.000000	0.000000
49	tsk_49	(x)	1	:	0.000000	0.000000	0.000000	0.000000	0.017600	0.490318	0.492083	0.000000	0.000000	0.000000	0.000000	0.000000
50	tsk_50	(x)	1	:	0.509430	0.000000	0.000000	0.000000	0.000000	0.000000	0.490570	0.000000	0.000000	0.000000	0.000000	0.000000
51	tsk_51	(x)	1	:	1.000000	0.000000	0.000000	0.000000	0.000000	0.000000	0.000000	0.000000	0.000000	0.000000	0.000000	0.000000
52	tsk_52	(x)	1	:	1.000000	0.000000	0.000000	0.000000	0.000000	0.000000	0.000000	0.000000	0.000000	0.000000	0.000000	0.000000
53	tsk_53	(x)	1	:	0.000000	0.000000	0.330443	0.000000	0.011538	0.000000	0.162240	0.000000	0.495778	0.000000	0.000000	0.000000
54	tsk_54	(x)	1	:	0.000139	0.497017	0.000000	0.000000	0.000000	0.000000	0.000003	0.499296	0.000000	0.000007	0.003538	0.000000
55	tsk_55	(x)	1	:	0.000131	0.000000	0.330488	0.000000	0.000000	0.000000	0.162606	0.506775	0.000000	0.000000	0.000000	0.000000
56	tsk_56	(x)	1	:	0.000000	0.000000	0.000000	0.000000	0.000000	0.000000	0.000000	0.000000	1.000000	0.000000	0.000000	0.000000
57	tsk_57	(x)	1	:	1.000000	0.000000	0.000000	0.000000	0.000000	0.000000	0.000000	0.000000	0.000000	0.000000	0.000000	0.000000
58	tsk_58	(x)	1	:	1.000000	0.000000	0.000000	0.000000	0.000000	0.000000	0.000000	0.000000	0.000000	0.000000	0.000000	0.000000
59	tsk_59	(x)	1	:	0.509430	0.000000	0.000000	0.000000	0.000000	0.000000	0.490570	0.000000	0.000000	0.000000	0.000000	0.000000
60	tsk_60	(x)	1	:	0.500000	0.000000	0.000000	0.000000	0.000000	0.000000	0.000000	0.000000	0.000000	0.000000	0.500000	0.000000
61	tsk_61	(x)	1	:	0.000000	0.492258	0.000000	0.000000	0.491880	0.000000	0.001249	0.000000	0.000000	0.000027	0.014586	0.000000
62	tsk_62	(x)	1	:	0.000000	0.500009	0.000000	0.000000	0.000000	0.000000	0.000000	0.000000	0.000000	0.000010	0.499980	0.000000
63	tsk_63	(x)	1	:	0.500000	0.000000	0.000000	0.000000	0.000000	0.000000	0.000000	0.000000	0.000000	0.000000	0.500000	0.000000
64	tsk_64	(x)	1	:	0.000000	0.500028	0.000000	0.000000	0.000000	0.000000	0.000000	0.000000	0.000000	0.000026	0.499946	0.000000
65	tsk_65	(x)	1	:	0.000000	0.000000	0.000000	0.000000	0.000000	0.000000	0.000000	0.000000	0.000000	0.000000	1.000000	0.000000
66	tsk_66	(x)	1	:	0.000000	0.000000	0.000000	0.000000	0.000000	0.000000	0.000000	0.000000	0.000000	0.000000	1.000000	0.000000
67	tsk_67	(x)	1	:	0.500000	0.500000	0.000000	0.000000	0.000000	0.000000	0.000000	0.000000	0.000000	0.000000	0.000000	0.000000
68	tsk_68	(x)	1	:	0.500000	0.500000	0.000000	0.000000	0.000000	0.000000	0.000000	0.000000	0.000000	0.000000	0.000000	0.000000
69	tsk_69	(x)	1	:	0.500000	0.500000	0.000000	0.000000	0.000000	0.000000	0.000000	0.000000	0.000000	0.000000	0.000000	0.000000
70	tsk_70	(x)	1	:	0.000000	0.471278	0.000000	0.000000	0.000000	0.000000	0.000000	0.000000	0.526892	0.000037	0.001794	0.000000
71	tsk_71	(x)	1	:	0.000000	0.495160	0.000000	0.000000	0.000000	0.000000	0.467087	0.000000	0.000000	0.000010	0.037743	0.000000
72	tsk_72	(x)	1	:	0.499725	0.498896	0.000000	0.000000	0.000000	0.000000	0.000000	0.000000	0.000000	0.000000	0.001380	0.000000
73	tsk_73	(x)	1	:	0.000000	0.999992	0.000000	0.000000	0.000000	0.000000	0.000000	0.000000	0.000000	0.000008	0.000000	0.000000
74	tsk_74	(x)	1	:	0.000000	0.000000	0.000000	0.000000	0.000000	0.000000	0.426730	0.000000	0.573270	0.000000	0.000000	0.000000
75	tsk_75	(x)	1	:	0.509129	0.000000	0.330399	0.000000	0.000000	0.000000	0.160472	0.000000	0.000000	0.000000	0.000000	0.000000
76	tsk_76	(x)	1	:	0.503254	0.000000	0.000000	0.000000	0.007162	0.489584	0.000000	0.000000	0.000000	0.000000	0.000000	0.000000
77	tsk_77	(x)	1	:	0.500000	0.500000	0.000000	0.000000	0.000000	0.000000	0.000000	0.000000	0.000000	0.000000	0.000000	0.000000
78	tsk_78	(x)	1	:	0.500000	0.500000	0.000000	0.000000	0.000000	0.000000	0.000000	0.000000	0.000000	0.000000	0.000000	0.000000
79	tsk_79	(x)	1	:	0.000000	0.495169	0.000000	0.000000	0.000000	0.000000	0.467095	0.000000	0.000000	0.000009	0.037727	0.000000
80	tsk_80	(x)	1	:	0.000000	0.500039	0.000000	0.000000	0.000000	0.000000	0.000000	0.000000	0.000000	0.000033	0.499928	0.000000
81	tsk_81	(x)	1	:	0.000000	0.494539	0.331003	0.000000	0.000000	0.000000	0.135624	0.000000	0.000000	0.000003	0.038831	0.000000
82	tsk_82	(x)	1	:	0.000000	0.492936	0.000000	0.000000	0.492078	0.000000	0.001283	0.000000	0.000000	0.000007	0.013696	0.000000
83	tsk_83	(x)	1	:	0.000000	0.000000	0.000000	0.000000	0.006598	0.489561	0.001920	0.000000	0.000000	0.000000	0.501920	0.000000
84	tsk_84	(x)	1	:	0.000000	0.000000	0.330376	0.000000	0.505914	0.000000	0.163710	0.000000	0.000000	0.000000	0.000000	0.000000
85	tsk_85	(x)	1	:	0.000000	0.494591	0.000000	0.000000	0.000000	0.000000	0.466550	0.000000	0.000000	0.000023	0.038837	0.000000
86	tsk_86	(x)	1	:	0.000000	0.999991	0.000000	0.000000	0.000000	0.000000	0.000000	0.000000	0.000000	0.000008	0.000000	0.000000
87	tsk_87	(x)	1	:	0.000000	0.000000	0.000000	0.000000	0.017632	0.490306	0.492061	0.000000	0.000000	0.000000	0.000000	0.000000
88	tsk_88	(x)	1	:	0.000000	0.495134	0.000000	0.000000	0.000000	0.000000	0.467062	0.000000	0.000000	0.000010	0.037794	0.000000
89	tsk_89	(x)	1	:	0.000000	0.492481	0.000000	0.000000	0.004715	0.489562	0.000106	0.000000	0.000000	0.000010	0.013126	0.000000
90	tsk_90	(x)	1	:	0.000000	0.488462	0.000000	0.000000	0.000101	0.502557	0.000115	0.000000	0.000000	0.000017	0.008748	0.000000
91	tsk_91	(x)	1	:	0.000000	0.487917	0.000000	0.000000	0.000131	0.502469	0.000113	0.000000	0.000000	0.000035	0.009335	0.000000
92	tsk_92	(x)	1	:	0.495549	0.000000	0.000000	0.000000	0.000205	0.504245	0.000000	0.000000	0.000000	0.000000	0.000000	0.000000
93	tsk_93	(x)	1	:	1.000000	0.000000	0.000000	0.000000	0.000000	0.000000	0.000000	0.000000	0.000000	0.000000	0.000000	0.000000
94	tsk_94	(x)	1	:	1.000000	0.000000	0.000000	0.000000	0.000000	0.000000	0.000000	0.000000	0.000000	0.000000	0.000000	0.000000
95	tsk_95	(x)	1	:	0.505178	0.000000	0.000000	0.000000	0.494822	0.000000	0.000000	0.000000	0.000000	0.000000	0.000000	0.000000
96	tsk_96	(x)	1	:	0.000000	0.000000	0.000000	0.000000	0.004405	0.508581	0.487013	0.000000	0.000000	0.000000	0.000000	0.000000
97	tsk_97	(x)	1	:	0.500000	0.500000	0.000000	0.000000	0.000000	0.000000	0.000000	0.000000	0.000000	0.000000	0.000000	0.000000
98	tsk_98	(x)	1	:	0.489237	0.000000	0.510763	0.000000	0.000000	0.000000	0.000000	0.000000	0.000000	0.000000	0.000000	0.000000
99	tsk_99	(x)	1	:	0.494180	0.000000	0.505820	0.000000	0.000000	0.000000	0.000000	0.000000	0.000000	0.000000	0.000000	0.000000
100	tsk_100	(x)	1	:	0.505178	0.000000	0.000000	0.000000	0.494822	0.000000	0.000000	0.000000	0.000000	0.000000	0.000000	0.000000
101	tsk_101	(x)	1	:	0.509430	0.000000	0.000000	0.000000	0.000000	0.000000	0.490570	0.000000	0.000000	0.000000	0.000000	0.000000
102	tsk_102	(x)	1	:	0.000000	0.000000	0.000000	0.000000	0.098550	0.329896	0.493430	0.000000	0.078124	0.000000	0.000000	0.000000
103	tsk_103	(x)	1	:	0.000000	0.000000	0.000000	0.000000	0.000000	0.000000	1.000000	0.000000	0.000000	0.000000	0.000000	0.000000
104	tsk_104	(x)	1	:	0.505178	0.000000	0.000000	0.000000	0.494822	0.000000	0.000000	0.000000	0.000000	0.000000	0.000000	0.000000
105	tsk_105	(x)	1	:	0.509430	0.000000	0.000000	0.000000	0.000000	0.000000	0.490570	0.000000	0.000000	0.000000	0.000000	0.000000
106	tsk_106	(x)	1	:	0.509430	0.000000	0.000000	0.000000	0.000000	0.000000	0.490570	0.000000	0.000000	0.000000	0.000000	0.000000
107	tsk_107	(x)	1	:	0.509430	0.000000	0.000000	0.000000	0.000000	0.000000	0.490570	0.000000	0.000000	0.000000	0.000000	0.000000
108	tsk_108	(x)	1	:	0.000000	0.999983	0.000000	0.000000	0.000000	0.000000	0.000000	0.000000	0.000000	0.000017	0.000000	0.000000
109	tsk_109	(x)	1	:	0.509430	0.000000	0.000000	0.000000	0.000000	0.000000	0.490570	0.000000	0.000000	0.000000	0.000000	0.000000
110	tsk_110	(x)	1	:	0.000000	0.000005	0.000000	0.000000	0.000000	0.000000	0.000000	0.000000	0.000000	0.000000	0.000000	0.999995
111	tsk_111	(x)	1	:	0.000000	0.050005	0.000000	0.000000	0.493753	0.000000	0.000357	0.000000	0.000000	0.000002	0.009246	0.446637
112	tsk_112	(x)	1	:	0.000000	0.494878	0.000000	0.000000	0.000000	0.000000	0.466840	0.000000	0.000000	0.000026	0.038255	0.000000
113	tsk_113	(x)	1	:	0.000000	0.483516	0.512763	0.000000	0.000000	0.000000	0.000011	0.000000	0.000000	0.000002	0.003708	0.000000
114	tsk_114	(x)	1	:	0.000000	0.553608	0.000000	0.000000	0.000000	0.000000	0.000000	0.000000	0.000000	0.000004	0.000000	0.446388
115	tsk_115	(x)	1	:	0.460161	0.000000	0.000000	0.000000	0.000000	0.539838	0.000000	0.000000	0.000000	0.000000	0.000000	0.000000
116	tsk_116	(x)	1	:	0.000000	0.495461	0.000000	0.000000	0.000000	0.000000	0.467381	0.000000	0.000000	0.000008	0.037150	0.000000
117	tsk_117	(x)	1	:	0.000000	0.000000	0.518143	0.000000	0.481784	0.000000	0.000073	0.000000	0.000000	0.000000	0.000000	0.000000
118	tsk_118	(x)	1	:	0.000000	0.999969	0.000000	0.000000	0.000000	0.000000	0.000000	0.000000	0.000000	0.000031	0.000000	0.000000
119	tsk_119	(x)	1	:	0.000000	0.495231	0.000000	0.000000	0.000000	0.000000	0.467150	0.000000	0.000000	0.000006	0.037613	0.000000
120	tsk_120	(x)	1	:	0.000000	0.000000	0.000000	0.000000	0.000000	0.000000	0.000000	0.000000	1.000000	0.000000	0.000000	0.000000
121	tsk_121	(x)	1	:	0.000000	0.000000	0.000000	0.000000	0.000000	0.285404	0.000000	0.000000	0.714596	0.000000	0.000000	0.000000
122	tsk_122	(x)	1	:	0.000000	0.000000	0.000000	0.000000	0.503539	0.000000	0.000000	0.000000	0.496461	0.000000	0.000000	0.000000
123	tsk_123	(x)	1	:	0.000000	0.000008	0.000000	0.000000	0.000041	0.000000	0.000005	0.000000	0.496189	0.503743	0.000014	0.000000
124	tsk_124	(x)	1	:	0.000000	0.000000	0.000000	0.000000	0.000000	0.000000	0.000000	0.000000	1.000000	0.000000	0.000000	0.000000
125	tsk_125	(x)	1	:	0.000000	0.000000	0.000000	0.000000	0.000000	0.000000	0.000000	0.000000	1.000000	0.000000	0.000000	0.000000
126	tsk_126	(x)	1	:	0.000000	0.000000	0.000000	0.000000	0.607692	0.000000	0.392308	0.000000	0.000000	0.000000	0.000000	0.000000
127	tsk_127	(x)	1	:	0.000000	0.000009	0.000000	0.000000	0.000044	0.000000	0.000002	0.000000	0.496189	0.503745	0.000011	0.000000
128	tsk_128	(x)	1	:	0.000000	0.000000	0.000000	0.000000	0.000000	0.285404	0.000000	0.000000	0.714596	0.000000	0.000000	0.000000
129	tsk_129	(x)	1	:	0.000000	0.000000	0.000000	0.000000	0.607692	0.000000	0.392308	0.000000	0.000000	0.000000	0.000000	0.000000
130	tsk_130	(x)	1	:	0.000000	0.491527	0.000000	0.000000	0.000706	0.000000	0.000373	0.000000	0.494224	0.000027	0.013142	0.000000
131	tsk_131	(x)	1	:	0.000000	0.491256	0.000000	0.000000	0.000618	0.000000	0.000279	0.000000	0.494235	0.000018	0.013594	0.000000
132	tsk_132	(x)	1	:	0.000000	0.492650	0.000000	0.000000	0.492027	0.000000	0.001156	0.000000	0.000000	0.000007	0.014159	0.000000
133	tsk_133	(x)	1	:	0.000000	0.999989	0.000000	0.000000	0.000000	0.000000	0.000000	0.000000	0.000000	0.000011	0.000000	0.000000
134	tsk_134	(x)	1	:	0.000000	0.491682	0.000000	0.000000	0.001381	0.000000	0.000394	0.000000	0.493953	0.000028	0.012562	0.000000
135	tsk_135	(x)	1	:	0.000000	0.492836	0.000000	0.000000	0.492067	0.000000	0.001214	0.000000	0.000000	0.000004	0.013880	0.000000
136	tsk_136	(x)	1	:	0.000000	0.000000	0.000000	0.000000	1.000000	0.000000	0.000000	0.000000	0.000000	0.000000	0.000000	0.000000
137	tsk_137	(x)	1	:	0.000000	0.491468	0.000000	0.000000	0.001182	0.000000	0.000368	0.000000	0.494012	0.000026	0.012943	0.000000
138	tsk_138	(x)	1	:	0.000000	0.000000	0.000000	0.000000	0.503539	0.000000	0.000000	0.000000	0.496461	0.000000	0.000000	0.000000
139	tsk_139	(x)	1	:	0.000101	0.496842	0.000000	0.000000	0.000000	0.000000	0.000004	0.499292	0.000000	0.000008	0.003753	0.000000
140	tsk_140	(x)	1	:	0.000000	0.000000	0.524521	0.000000	0.475448	0.000000	0.000030	0.000000	0.000000	0.000000	0.000000	0.000000
141	tsk_141	(x)	1	:	0.000000	0.000000	1.000000	0.000000	0.000000	0.000000	0.000000	0.000000	0.000000	0.000000	0.000000	0.000000
142	tsk_142	(x)	1	:	0.000000	0.000000	0.000000	0.000000	0.506381	0.000000	0.493615	0.000000	0.000000	0.000000	0.000003	0.000000
143	tsk_143	(x)	1	:	0.000000	0.492757	0.000000	0.000000	0.492093	0.000000	0.001064	0.000000	0.000000	0.000008	0.014078	0.000000
144	tsk_144	(x)	1	:	0.000000	0.000000	0.000000	0.000000	0.000000	0.000000	1.000000	0.000000	0.000000	0.000000	0.000000	0.000000
145	tsk_145	(x)	1	:	0.000000	0.000000	0.513359	0.000000	0.000025	0.000000	0.000001	0.000000	0.486615	0.000000	0.000000	0.000000
146	tsk_146	(x)	1	:	0.000000	0.000000	0.524522	0.000000	0.475449	0.000000	0.000029	0.000000	0.000000	0.000000	0.000000	0.000000
147	tsk_147	(x)	1	:	0.000000	0.000000	0.000000	0.000000	0.012260	0.000000	0.492057	0.000000	0.495683	0.000000	0.000000	0.000000
148	tsk_148	(x)	1	:	0.000000	0.000000	0.565824	0.000000	0.000000	0.000000	0.434176	0.000000	0.000000	0.000000	0.000000	0.000000
149	tsk_149	(x)	1	:	0.000000	0.000000	0.000000	0.000000	0.506381	0.000000	0.493619	0.000000	0.000000	0.000000	0.000000	0.000000
