logL = -953.948233 (converged)
AIC = 7607.896466
BIC = 16188.207054

count.K
10 11 13 3 6 4 6 7 23 12 7 9 4 30 5 

