logL = -2417.908463 (converged)
AIC = 6971.816925
BIC = 10187.175419

count.K
51 13 22 15 24 25 

