logL = -2034.921659 (converged)
AIC = 4987.843317
BIC = 6369.724917

count.K
38 61 51 

