logL = -1490.738060 (converged)
AIC = 7121.476120
BIC = 13353.491179

count.K
19 4 2 1 5 4 7 15 15 21 57 0 

