logL = -1623.437560 (converged)
AIC = 7324.875121
BIC = 13463.560486

count.K
3 2 10 24 5 9 20 10 1 1 65 

