logL = -1128.469333 (converged)
AIC = 6114.938667
BIC = 11922.454149

count.K
5 5 15 60 7 3 27 4 7 12 5 

