logL = -1783.401599 (converged)
AIC = 6038.803198
BIC = 9759.948422

count.K
30 14 54 24 11 9 8 

