logL = -752.799423 (converged)
AIC = 5549.598845
BIC = 11637.103410

count.K
28 6 6 1 45 3 1 24 6 19 2 9 

