logL = -1386.135390 (converged)
AIC = 4740.270780
BIC = 7702.735909

count.K
12 6 81 9 12 30 

