logL = -1319.548126 (converged)
AIC = 3467.096253
BIC = 4713.499264

count.K
38 80 32 

