logL = -2095.105224 (converged)
AIC = 4654.210448
BIC = 5352.677836

count.K
95 55 

