logL = -862.955436 (converged)
AIC = 5105.910871
BIC = 10193.884518

count.K
20 26 22 2 9 29 4 3 8 27 

