0	tsk_0	(x)	1	:	0.000000	0.633587	0.000000	0.000000	0.000000	0.366413	0.000000	0.000000	0.000000	0.000000	0.000000	0.000000	0.000000	0.000000
1	tsk_1	(x)	1	:	0.000000	0.000000	0.000000	0.000000	0.000000	0.334014	0.000000	0.665986	0.000000	0.000000	0.000000	0.000000	0.000000	0.000000
2	tsk_2	(x)	1	:	0.000000	0.348018	0.000000	0.000000	0.000000	0.076213	0.000000	0.575769	0.000000	0.000000	0.000000	0.000000	0.000000	0.000000
3	tsk_3	(x)	1	:	0.000000	0.233245	0.000000	0.000000	0.000000	0.419239	0.000000	0.347516	0.000000	0.000000	0.000000	0.000000	0.000000	0.000000
4	tsk_4	(x)	1	:	0.000000	0.536458	0.000000	0.000000	0.000000	0.074713	0.000000	0.388829	0.000000	0.000000	0.000000	0.000000	0.000000	0.000000
5	tsk_5	(x)	1	:	0.000000	0.174330	0.000000	0.000000	0.000000	0.209077	0.000000	0.121423	0.000000	0.000000	0.000000	0.000000	0.495169	0.000000
6	tsk_6	(x)	1	:	0.000000	0.206985	0.000000	0.000000	0.000000	0.128674	0.000000	0.164341	0.000000	0.000000	0.000000	0.000000	0.000000	0.500000
7	tsk_7	(x)	1	:	0.000000	0.126651	0.000000	0.000000	0.000000	0.230298	0.000000	0.147882	0.000000	0.000000	0.000000	0.000000	0.495169	0.000000
8	tsk_8	(x)	1	:	0.000000	0.445260	0.000000	0.000000	0.000000	0.119278	0.000000	0.435462	0.000000	0.000000	0.000000	0.000000	0.000000	0.000000
9	tsk_9	(x)	1	:	0.000000	0.259578	0.000000	0.000000	0.000000	0.165492	0.000000	0.574930	0.000000	0.000000	0.000000	0.000000	0.000000	0.000000
10	tsk_10	(x)	1	:	0.000000	0.018989	0.000000	0.000000	0.000000	0.079211	0.000000	0.027080	0.000000	0.000000	0.379531	0.000000	0.495190	0.000000
11	tsk_11	(x)	1	:	0.000000	0.000000	0.000000	0.000000	0.000000	0.001661	0.000000	0.001414	0.000000	0.000000	0.000000	0.000000	0.496574	0.500350
12	tsk_12	(x)	1	:	0.000000	0.000000	0.000000	0.000000	0.000000	0.000000	0.000000	0.000000	0.000000	0.000000	0.000000	0.000000	1.000000	0.000000
13	tsk_13	(x)	1	:	0.000000	0.000000	0.000000	0.000000	0.000000	0.282479	0.000000	0.222351	0.000000	0.000000	0.000000	0.000000	0.495169	0.000000
14	tsk_14	(x)	1	:	0.000000	0.000000	0.000000	0.327003	0.000000	0.000000	0.000000	0.000000	0.000000	0.000000	0.000000	0.000000	0.419509	0.253488
15	tsk_15	(x)	1	:	0.000000	0.000000	0.000000	0.000000	0.000000	0.000000	0.000000	0.000000	0.000000	0.000000	0.000000	0.000000	1.000000	0.000000
16	tsk_16	(x)	1	:	0.000000	0.000000	0.000000	0.000000	0.000000	0.000000	0.000000	0.000000	0.000000	0.000000	0.000000	0.000000	1.000000	0.000000
17	tsk_17	(x)	1	:	0.000000	0.145185	0.000000	0.000000	0.000000	0.321816	0.000000	0.037830	0.000000	0.000000	0.000000	0.000000	0.495169	0.000000
18	tsk_18	(x)	1	:	0.000000	0.012323	0.000000	0.000000	0.000000	0.020159	0.458988	0.008391	0.000000	0.000000	0.000000	0.000000	0.500139	0.000000
19	tsk_19	(x)	1	:	0.000000	0.028892	0.333622	0.000000	0.000000	0.057157	0.000000	0.080315	0.500014	0.000000	0.000000	0.000000	0.000000	0.000000
20	tsk_20	(x)	1	:	0.000000	0.321794	0.000000	0.000000	0.000000	0.014667	0.000000	0.163538	0.000000	0.000000	0.000000	0.000000	0.000000	0.500000
21	tsk_21	(x)	1	:	0.500044	0.000000	0.000000	0.000000	0.000000	0.000000	0.000000	0.000000	0.000000	0.000000	0.000000	0.000000	0.000000	0.499956
22	tsk_22	(x)	1	:	0.000000	0.470953	0.000000	0.000000	0.000000	0.065842	0.000000	0.463205	0.000000	0.000000	0.000000	0.000000	0.000000	0.000000
23	tsk_23	(x)	1	:	0.000000	0.384854	0.000000	0.000000	0.000000	0.161166	0.000000	0.453980	0.000000	0.000000	0.000000	0.000000	0.000000	0.000000
24	tsk_24	(x)	1	:	0.000000	0.210025	0.000000	0.000000	0.000000	0.045722	0.000000	0.244253	0.000000	0.000000	0.000000	0.000000	0.000000	0.500000
25	tsk_25	(x)	1	:	0.000000	0.000000	0.000000	0.000000	0.000000	0.000000	0.000000	0.000000	0.000000	0.000000	0.000000	0.000000	1.000000	0.000000
26	tsk_26	(x)	1	:	0.000000	0.000000	0.000000	0.000000	1.000000	0.000000	0.000000	0.000000	0.000000	0.000000	0.000000	0.000000	0.000000	0.000000
27	tsk_27	(x)	1	:	0.000000	0.387998	0.000000	0.000000	0.000000	0.134152	0.000000	0.477850	0.000000	0.000000	0.000000	0.000000	0.000000	0.000000
28	tsk_28	(x)	1	:	0.000000	0.000000	0.000000	0.000000	0.000000	0.000000	0.000000	0.000000	0.499944	0.000000	0.000000	0.000000	0.000000	0.500056
29	tsk_29	(x)	1	:	0.000000	0.422213	0.000000	0.000000	0.000000	0.413831	0.000000	0.163955	0.000000	0.000000	0.000000	0.000000	0.000000	0.000000
30	tsk_30	(x)	1	:	0.000000	0.000000	0.000000	0.000000	0.000000	0.000000	0.000000	0.000000	0.000000	0.000000	0.000000	0.000000	0.000000	1.000000
31	tsk_31	(x)	1	:	0.000000	0.313779	0.000000	0.000000	0.000000	0.123114	0.000000	0.063107	0.000000	0.000000	0.000000	0.000000	0.000000	0.500000
32	tsk_32	(x)	1	:	0.000000	0.000000	0.499324	0.000000	0.000000	0.000000	0.000000	0.000000	0.000000	0.000000	0.000000	0.000000	0.000000	0.500676
33	tsk_33	(x)	1	:	0.000000	0.000559	0.497956	0.000000	0.000000	0.000654	0.000000	0.000971	0.499301	0.000000	0.000000	0.000000	0.000000	0.000559
34	tsk_34	(x)	1	:	0.000000	0.000000	0.000000	0.000000	0.000000	0.000000	0.000000	0.000000	0.000000	0.000000	0.000000	0.000000	0.000000	1.000000
35	tsk_35	(x)	1	:	0.000000	0.000000	0.000000	0.000000	0.000000	0.000000	0.000000	0.000000	0.000000	0.000000	0.000000	0.000000	0.000000	1.000000
36	tsk_36	(x)	1	:	0.000000	0.000000	0.499324	0.000000	0.000000	0.000000	0.000000	0.000000	0.000000	0.000000	0.000000	0.000000	0.000000	0.500676
37	tsk_37	(x)	1	:	0.000000	0.000000	1.000000	0.000000	0.000000	0.000000	0.000000	0.000000	0.000000	0.000000	0.000000	0.000000	0.000000	0.000000
38	tsk_38	(x)	1	:	0.000000	0.000000	0.499324	0.000000	0.000000	0.000000	0.000000	0.000000	0.000000	0.000000	0.000000	0.000000	0.000000	0.500676
39	tsk_39	(x)	1	:	0.000000	0.000000	0.000000	0.000000	0.000000	0.000000	0.000000	0.000000	0.000000	0.000000	0.000000	0.000000	0.000000	1.000000
40	tsk_40	(x)	1	:	0.000000	0.151319	0.000000	0.000000	0.000000	0.100588	0.000000	0.248093	0.000000	0.000000	0.000000	0.000000	0.000000	0.500000
41	tsk_41	(x)	1	:	0.000000	0.215015	0.000000	0.000000	0.000000	0.235498	0.000000	0.549487	0.000000	0.000000	0.000000	0.000000	0.000000	0.000000
42	tsk_42	(x)	1	:	0.000000	0.099334	0.000000	0.000000	0.000000	0.090176	0.000000	0.310490	0.500000	0.000000	0.000000	0.000000	0.000000	0.000000
43	tsk_43	(x)	1	:	0.000000	0.224948	0.000000	0.000000	0.000000	0.000000	0.000000	0.275052	0.500000	0.000000	0.000000	0.000000	0.000000	0.000000
44	tsk_44	(x)	1	:	0.000000	0.578351	0.000000	0.000000	0.000000	0.293354	0.000000	0.128295	0.000000	0.000000	0.000000	0.000000	0.000000	0.000000
45	tsk_45	(x)	1	:	0.000000	0.292570	0.000000	0.000000	0.000000	0.422110	0.000000	0.285320	0.000000	0.000000	0.000000	0.000000	0.000000	0.000000
46	tsk_46	(x)	1	:	0.000000	0.158166	0.000000	0.000000	0.000000	0.349832	0.000000	0.492002	0.000000	0.000000	0.000000	0.000000	0.000000	0.000000
47	tsk_47	(x)	1	:	0.000000	0.551435	0.000000	0.000000	0.000000	0.100498	0.000000	0.348066	0.000000	0.000000	0.000000	0.000000	0.000000	0.000000
48	tsk_48	(x)	1	:	0.000000	0.153198	0.000000	0.000000	0.000000	0.061497	0.000000	0.285305	0.500000	0.000000	0.000000	0.000000	0.000000	0.000000
49	tsk_49	(x)	1	:	0.000000	0.077920	0.000000	0.000000	0.000000	0.235272	0.000000	0.191639	0.000000	0.000000	0.000000	0.000000	0.495169	0.000000
50	tsk_50	(x)	1	:	0.000000	0.000000	0.000000	0.424542	0.000000	0.000000	0.000000	0.000000	0.000000	0.000000	0.228400	0.000000	0.347057	0.000000
51	tsk_51	(x)	1	:	0.000000	0.000000	0.000000	0.000000	0.000000	0.000000	0.000000	0.000000	0.000000	0.000000	0.000000	0.000000	0.000000	1.000000
52	tsk_52	(x)	1	:	0.000000	0.000000	0.000000	0.000000	0.000000	0.000000	0.000000	0.000000	0.000000	0.000000	0.334771	0.000000	0.665229	0.000000
53	tsk_53	(x)	1	:	0.000000	0.000000	0.000000	0.000000	0.000000	0.000000	0.000000	0.000000	0.000000	0.000000	0.000000	0.000000	0.000000	1.000000
54	tsk_54	(x)	1	:	0.000000	0.439237	0.000000	0.000000	0.000000	0.060763	0.000000	0.000000	0.000000	0.000000	0.000000	0.000000	0.000000	0.500000
55	tsk_55	(x)	1	:	0.000000	0.162530	0.000000	0.000000	0.000000	0.000000	0.000000	0.043281	0.000000	0.000000	0.299005	0.000000	0.495183	0.000000
56	tsk_56	(x)	1	:	0.000000	0.000000	0.000000	0.000000	0.000000	0.000000	0.000000	0.003555	0.000000	0.000000	0.000000	0.000000	0.496190	0.500254
57	tsk_57	(x)	1	:	0.000000	0.000000	0.000000	0.000000	0.000000	0.000000	0.529915	0.000000	0.000000	0.000000	0.000000	0.000000	0.470085	0.000000
58	tsk_58	(x)	1	:	0.000000	0.189953	0.000000	0.000000	0.000000	0.092534	0.000000	0.217512	0.000000	0.000000	0.000000	0.000000	0.000000	0.500000
59	tsk_59	(x)	1	:	0.000000	0.000000	0.000000	0.000000	0.000000	0.000000	0.000000	0.000000	0.000000	0.000000	0.187018	0.000000	0.812982	0.000000
60	tsk_60	(x)	1	:	0.000000	0.188130	0.000000	0.000000	0.000000	0.311870	0.000000	0.000000	0.000000	0.000000	0.000000	0.000000	0.000000	0.500000
61	tsk_61	(x)	1	:	0.000000	0.396398	0.000000	0.000000	0.000000	0.080847	0.000000	0.522755	0.000000	0.000000	0.000000	0.000000	0.000000	0.000000
62	tsk_62	(x)	1	:	0.000000	0.000000	0.000000	0.000000	0.000000	0.000000	0.000000	0.000019	0.000000	0.000000	0.000000	0.000000	0.499018	0.500963
63	tsk_63	(x)	1	:	0.000000	0.307722	0.000000	0.000000	0.000000	0.692278	0.000000	0.000000	0.000000	0.000000	0.000000	0.000000	0.000000	0.000000
64	tsk_64	(x)	1	:	0.000000	0.541332	0.000000	0.000000	0.000000	0.112694	0.000000	0.345974	0.000000	0.000000	0.000000	0.000000	0.000000	0.000000
65	tsk_65	(x)	1	:	0.000000	0.165761	0.000000	0.000000	0.000000	0.262631	0.000000	0.076439	0.000000	0.000000	0.000000	0.000000	0.495169	0.000000
66	tsk_66	(x)	1	:	0.000000	0.393506	0.000000	0.000000	0.000000	0.106494	0.000000	0.000000	0.000000	0.000000	0.000000	0.000000	0.000000	0.500000
67	tsk_67	(x)	1	:	0.000000	0.000000	0.000000	0.000000	0.000000	0.362889	0.000000	0.141942	0.000000	0.000000	0.000000	0.000000	0.495169	0.000000
68	tsk_68	(x)	1	:	0.000000	0.149114	0.000000	0.000000	0.000000	0.176373	0.000000	0.174512	0.000000	0.000000	0.000000	0.000000	0.000000	0.500000
69	tsk_69	(x)	1	:	0.000000	0.488980	0.000000	0.000000	0.000000	0.112190	0.000000	0.398830	0.000000	0.000000	0.000000	0.000000	0.000000	0.000000
70	tsk_70	(x)	1	:	0.000000	0.012958	0.000000	0.477273	0.000000	0.000000	0.000000	0.014621	0.000000	0.000000	0.000000	0.000000	0.495148	0.000000
71	tsk_71	(x)	1	:	0.000000	0.000000	0.000000	0.000000	0.000000	0.000000	0.000000	0.000000	0.000000	0.000000	0.000000	0.000000	0.499033	0.500966
72	tsk_72	(x)	1	:	0.000000	0.000000	0.000000	0.000000	0.000000	0.000000	0.000000	0.000000	0.000000	0.000000	0.000000	0.000000	0.499033	0.500966
73	tsk_73	(x)	1	:	0.000000	0.000707	0.000000	0.000000	0.000000	0.003443	0.000000	0.001083	0.499402	0.000000	0.000000	0.000000	0.494727	0.000638
74	tsk_74	(x)	1	:	0.000000	0.580475	0.000000	0.000000	0.000000	0.294717	0.000000	0.124808	0.000000	0.000000	0.000000	0.000000	0.000000	0.000000
75	tsk_75	(x)	1	:	0.000000	0.000000	0.000000	0.000000	0.250006	0.080790	0.000000	0.169201	0.000000	0.000000	0.000000	0.000000	0.000000	0.500003
76	tsk_76	(x)	1	:	0.000000	0.000000	0.000000	0.000000	0.000000	0.000000	0.000000	0.000000	0.000000	0.000000	0.000000	0.000000	0.000000	1.000000
77	tsk_77	(x)	1	:	0.000000	0.163249	0.000000	0.000000	0.000000	0.298956	0.000000	0.042626	0.000000	0.000000	0.000000	0.000000	0.495169	0.000000
78	tsk_78	(x)	1	:	0.000000	0.011052	0.000000	0.477274	0.000000	0.009689	0.000000	0.006835	0.000000	0.000000	0.000000	0.000000	0.495151	0.000000
79	tsk_79	(x)	1	:	0.000000	0.147152	0.000000	0.000000	0.000000	0.227734	0.000000	0.129945	0.000000	0.000000	0.000000	0.000000	0.495169	0.000000
80	tsk_80	(x)	1	:	0.000000	0.037073	0.000000	0.000000	0.000000	0.231430	0.000000	0.236328	0.000000	0.000000	0.000000	0.000000	0.495169	0.000000
81	tsk_81	(x)	1	:	0.000000	0.000000	0.000000	0.000000	0.000000	0.204679	0.000000	0.795321	0.000000	0.000000	0.000000	0.000000	0.000000	0.000000
82	tsk_82	(x)	1	:	0.000000	0.000000	0.000000	1.000000	0.000000	0.000000	0.000000	0.000000	0.000000	0.000000	0.000000	0.000000	0.000000	0.000000
83	tsk_83	(x)	1	:	0.000000	0.202442	0.000000	0.136095	0.000000	0.137411	0.000000	0.184146	0.000000	0.000000	0.000000	0.339907	0.000000	0.000000
84	tsk_84	(x)	1	:	0.000000	0.403339	0.000000	0.000000	0.000000	0.025984	0.000000	0.070678	0.000000	0.000000	0.000000	0.000000	0.000000	0.500000
85	tsk_85	(x)	1	:	0.000000	0.000000	0.000000	0.000000	0.000000	0.000000	0.000000	0.560694	0.000000	0.000000	0.000000	0.439306	0.000000	0.000000
86	tsk_86	(x)	1	:	0.000000	0.277156	0.000000	0.000000	0.000000	0.066568	0.000000	0.156276	0.000000	0.000000	0.000000	0.000000	0.000000	0.500000
87	tsk_87	(x)	1	:	0.000000	0.479283	0.000000	0.000000	0.000000	0.419883	0.000000	0.100834	0.000000	0.000000	0.000000	0.000000	0.000000	0.000000
88	tsk_88	(x)	1	:	0.000000	0.589194	0.000000	0.000000	0.000000	0.410805	0.000000	0.000000	0.000000	0.000000	0.000000	0.000000	0.000000	0.000000
89	tsk_89	(x)	1	:	0.000000	0.220799	0.000000	0.000000	0.000000	0.114289	0.000000	0.164912	0.000000	0.000000	0.000000	0.000000	0.000000	0.500000
90	tsk_90	(x)	1	:	0.000000	0.000000	0.000000	0.000000	0.000000	0.000000	0.000000	0.000000	0.499105	0.000000	0.000000	0.192044	0.000000	0.308851
91	tsk_91	(x)	1	:	0.000000	0.000000	0.000000	0.000000	0.000000	0.114474	0.000000	0.385526	0.500000	0.000000	0.000000	0.000000	0.000000	0.000000
92	tsk_92	(x)	1	:	0.000000	0.000000	0.000000	0.000000	0.000000	0.000000	0.000000	0.000000	0.000000	0.000000	0.000000	0.000000	0.499033	0.500966
93	tsk_93	(x)	1	:	0.000000	0.240530	0.000000	0.000000	0.000000	0.033565	0.000000	0.225904	0.500000	0.000000	0.000000	0.000000	0.000000	0.000000
94	tsk_94	(x)	1	:	0.000000	0.083690	0.000000	0.000000	0.000000	0.198236	0.000000	0.218074	0.000000	0.000000	0.000000	0.000000	0.000000	0.500000
95	tsk_95	(x)	1	:	0.000000	0.000774	0.000000	0.000000	0.000000	0.002406	0.000000	0.001908	0.499450	0.000000	0.000000	0.000000	0.494853	0.000609
96	tsk_96	(x)	1	:	0.000000	0.000000	0.000000	0.000000	0.000000	0.000000	0.000000	0.000000	1.000000	0.000000	0.000000	0.000000	0.000000	0.000000
97	tsk_97	(x)	1	:	0.000000	0.000000	0.000000	0.000000	0.000000	0.000000	0.000000	0.000000	0.000000	0.000000	0.000000	0.227473	0.448939	0.323588
98	tsk_98	(x)	1	:	0.000000	0.168183	0.000000	0.000000	0.000000	0.139301	0.000000	0.192516	0.000000	0.000000	0.000000	0.000000	0.000000	0.500000
99	tsk_99	(x)	1	:	0.000000	0.136541	0.000000	0.000000	0.000000	0.202303	0.000000	0.161155	0.500000	0.000000	0.000000	0.000000	0.000000	0.000000
100	tsk_100	(x)	1	:	0.000000	0.273856	0.000000	0.000000	0.000000	0.000000	0.000000	0.346608	0.000000	0.000000	0.379536	0.000000	0.000000	0.000000
101	tsk_101	(x)	1	:	0.000000	0.379885	0.000000	0.000000	0.000000	0.116769	0.000000	0.123809	0.000000	0.000000	0.379536	0.000000	0.000000	0.000000
102	tsk_102	(x)	1	:	0.000000	0.038459	0.000000	0.000000	0.000000	0.023950	0.000000	0.062870	0.000000	0.000000	0.379531	0.000000	0.495190	0.000000
103	tsk_103	(x)	1	:	0.000000	0.181766	0.000000	0.000000	0.000000	0.210437	0.000000	0.228261	0.000000	0.000000	0.379536	0.000000	0.000000	0.000000
104	tsk_104	(x)	1	:	0.000000	0.216486	0.000000	0.000000	0.000000	0.074311	0.000000	0.214034	0.000000	0.000000	0.000000	0.000000	0.495169	0.000000
105	tsk_105	(x)	1	:	0.000000	0.124043	0.000000	0.000000	0.000000	0.281350	0.000000	0.215071	0.000000	0.000000	0.379536	0.000000	0.000000	0.000000
106	tsk_106	(x)	1	:	0.000000	0.018316	0.000000	0.000000	0.000000	0.089674	0.000000	0.017290	0.000000	0.000000	0.379531	0.000000	0.495190	0.000000
107	tsk_107	(x)	1	:	0.000000	0.113721	0.000000	0.000000	0.000000	0.224260	0.000000	0.166850	0.000000	0.000000	0.000000	0.000000	0.495169	0.000000
108	tsk_108	(x)	1	:	0.000000	0.038296	0.000000	0.000000	0.000000	0.064734	0.000000	0.022251	0.000000	0.000000	0.379530	0.000000	0.495189	0.000000
109	tsk_109	(x)	1	:	0.000000	0.265797	0.000000	0.000000	0.000000	0.193604	0.000000	0.540599	0.000000	0.000000	0.000000	0.000000	0.000000	0.000000
110	tsk_110	(x)	1	:	0.000000	0.294170	0.000000	0.000000	0.000000	0.579998	0.000000	0.125832	0.000000	0.000000	0.000000	0.000000	0.000000	0.000000
111	tsk_111	(x)	1	:	0.000000	0.000000	0.000000	0.000000	0.000000	0.000000	0.000000	0.000000	0.000000	0.000000	0.187018	0.000000	0.812982	0.000000
112	tsk_112	(x)	1	:	0.000000	0.066145	0.000000	0.000000	0.000000	0.111785	0.000000	0.027882	0.000000	0.000000	0.299005	0.000000	0.495183	0.000000
113	tsk_113	(x)	1	:	0.000000	0.199761	0.000000	0.000000	0.000000	0.191722	0.000000	0.113348	0.000000	0.000000	0.000000	0.000000	0.495169	0.000000
114	tsk_114	(x)	1	:	0.000000	0.076613	0.000000	0.000000	0.000000	0.292836	0.000000	0.135381	0.000000	0.000000	0.000000	0.000000	0.495169	0.000000
115	tsk_115	(x)	1	:	0.000000	0.000000	0.000000	0.000000	0.000000	0.000000	0.000000	0.000000	0.000000	0.000000	0.000000	0.000000	0.499033	0.500966
116	tsk_116	(x)	1	:	0.000000	0.000000	0.000000	0.000000	0.000000	0.000000	0.000000	0.000000	0.000000	0.000000	0.000000	0.000000	0.499033	0.500966
117	tsk_117	(x)	1	:	0.000000	0.243946	0.000000	0.000000	0.000000	0.168647	0.000000	0.092237	0.000000	0.000000	0.000000	0.000000	0.495169	0.000000
118	tsk_118	(x)	1	:	0.000000	0.000000	0.000000	0.000000	0.000000	0.000000	0.000000	0.000000	0.499872	0.000000	0.000000	0.000000	0.000000	0.500127
119	tsk_119	(x)	1	:	0.000000	0.050864	0.000000	0.000000	0.000000	0.192717	0.000000	0.261250	0.000000	0.000000	0.000000	0.000000	0.495169	0.000000
120	tsk_120	(x)	1	:	0.000000	0.005880	0.000000	0.477274	0.000000	0.015381	0.000000	0.006314	0.000000	0.000000	0.000000	0.000000	0.495151	0.000000
121	tsk_121	(x)	1	:	0.000000	0.000000	0.000000	0.433261	0.000000	0.000000	0.000000	0.000000	0.000000	0.000000	0.000000	0.000000	0.000000	0.566739
122	tsk_122	(x)	1	:	0.000000	0.054038	0.000000	0.000000	0.000000	0.102193	0.000000	0.049580	0.000000	0.000000	0.299005	0.000000	0.495183	0.000000
123	tsk_123	(x)	1	:	0.000000	0.209606	0.000000	0.477281	0.000000	0.130876	0.000000	0.182237	0.000000	0.000000	0.000000	0.000000	0.000000	0.000000
124	tsk_124	(x)	1	:	0.000000	0.316562	0.000000	0.000000	0.000000	0.052082	0.000000	0.131356	0.000000	0.000000	0.000000	0.000000	0.000000	0.500000
125	tsk_125	(x)	1	:	0.000000	0.000000	0.000000	0.433395	0.000000	0.000000	0.000000	0.000000	0.000000	0.000000	0.000000	0.000000	0.000000	0.566605
126	tsk_126	(x)	1	:	0.000000	0.000000	0.000000	1.000000	0.000000	0.000000	0.000000	0.000000	0.000000	0.000000	0.000000	0.000000	0.000000	0.000000
127	tsk_127	(x)	1	:	0.000000	0.000175	0.000000	0.000000	0.000000	0.000197	0.000000	0.000169	0.000000	0.999458	0.000000	0.000000	0.000000	0.000000
128	tsk_128	(x)	1	:	0.000000	0.228805	0.000000	0.477281	0.000000	0.024782	0.000000	0.269131	0.000000	0.000000	0.000000	0.000000	0.000000	0.000000
129	tsk_129	(x)	1	:	0.000000	0.000000	0.471517	0.000000	0.000000	0.000000	0.000000	0.000000	0.000000	0.000000	0.000000	0.000000	0.000000	0.528483
130	tsk_130	(x)	1	:	0.000000	0.000000	0.000000	0.000000	0.000000	0.034635	0.000000	0.081574	0.000000	0.000000	0.382898	0.000000	0.000000	0.500893
131	tsk_131	(x)	1	:	0.000000	0.000000	0.000000	0.000000	0.000000	0.000000	0.000000	0.000000	0.000000	0.000000	1.000000	0.000000	0.000000	0.000000
132	tsk_132	(x)	1	:	0.000000	0.000000	0.000000	0.000000	0.000000	0.000000	0.000000	0.000000	0.000000	0.000000	1.000000	0.000000	0.000000	0.000000
133	tsk_133	(x)	1	:	0.000000	0.471273	0.000000	0.000000	0.000000	0.223901	0.000000	0.304826	0.000000	0.000000	0.000000	0.000000	0.000000	0.000000
134	tsk_134	(x)	1	:	0.000000	0.183932	0.000000	0.000000	0.000000	0.254816	0.000000	0.561252	0.000000	0.000000	0.000000	0.000000	0.000000	0.000000
135	tsk_135	(x)	1	:	0.000000	0.266914	0.000000	0.000000	0.000000	0.196498	0.000000	0.157052	0.000000	0.000000	0.379536	0.000000	0.000000	0.000000
136	tsk_136	(x)	1	:	0.000000	0.159249	0.000000	0.000000	0.000000	0.161800	0.000000	0.178951	0.000000	0.000000	0.000000	0.000000	0.000000	0.500000
137	tsk_137	(x)	1	:	0.000000	0.056137	0.000000	0.000000	0.000000	0.013769	0.000000	0.049712	0.000000	0.000000	0.380200	0.000000	0.000000	0.500181
138	tsk_138	(x)	1	:	0.000000	0.336734	0.000000	0.000000	0.000000	0.332149	0.000000	0.331117	0.000000	0.000000	0.000000	0.000000	0.000000	0.000000
139	tsk_139	(x)	1	:	0.000000	0.305868	0.000000	0.000000	0.000000	0.291116	0.000000	0.403016	0.000000	0.000000	0.000000	0.000000	0.000000	0.000000
140	tsk_140	(x)	1	:	0.000000	0.500844	0.000000	0.000000	0.000000	0.208630	0.000000	0.290526	0.000000	0.000000	0.000000	0.000000	0.000000	0.000000
141	tsk_141	(x)	1	:	0.000000	0.412012	0.000000	0.000000	0.000000	0.183973	0.000000	0.404015	0.000000	0.000000	0.000000	0.000000	0.000000	0.000000
142	tsk_142	(x)	1	:	0.000000	0.209369	0.000000	0.000000	0.000000	0.132012	0.000000	0.158618	0.500000	0.000000	0.000000	0.000000	0.000000	0.000000
143	tsk_143	(x)	1	:	0.000000	0.330952	0.000000	0.000000	0.000000	0.226735	0.000000	0.442314	0.000000	0.000000	0.000000	0.000000	0.000000	0.000000
144	tsk_144	(x)	1	:	0.000000	0.223648	0.000000	0.000000	0.000000	0.142858	0.000000	0.133494	0.500000	0.000000	0.000000	0.000000	0.000000	0.000000
145	tsk_145	(x)	1	:	0.000000	0.058212	0.000000	0.000000	0.000000	0.115256	0.000000	0.326532	0.500000	0.000000	0.000000	0.000000	0.000000	0.000000
146	tsk_146	(x)	1	:	0.000000	0.364487	0.000000	0.000000	0.000000	0.189095	0.000000	0.446417	0.000000	0.000000	0.000000	0.000000	0.000000	0.000000
147	tsk_147	(x)	1	:	0.000000	0.556988	0.000000	0.000000	0.000000	0.179482	0.000000	0.263530	0.000000	0.000000	0.000000	0.000000	0.000000	0.000000
148	tsk_148	(x)	1	:	0.000000	0.287725	0.000000	0.000000	0.000000	0.047337	0.000000	0.164711	0.499090	0.000000	0.000000	0.000000	0.000000	0.001137
149	tsk_149	(x)	1	:	0.000000	0.170757	0.000000	0.000000	0.000000	0.081357	0.000000	0.247858	0.499887	0.000000	0.000000	0.000000	0.000000	0.000141
