logL = -826.933710 (converged)
AIC = 6137.867420
BIC = 12887.711750

count.K
7 29 1 4 4 8 25 12 4 8 23 5 20 

