logL = -999.441701 (converged)
AIC = 5724.883403
BIC = 11333.696956

count.K
21 5 13 1 37 9 21 9 28 2 4 

