logL = -2759.440939 (converged)
AIC = 5974.881878
BIC = 6661.306725

count.K
44 106 

