0	tsk_0	(x)	1	:	0.000000	0.000000	0.000000	0.000000	0.001889	0.000000	0.498460	0.000000	0.073424	0.000000	0.000000	0.426226	0.000000
1	tsk_1	(x)	1	:	1.000000	0.000000	0.000000	0.000000	0.000000	0.000000	0.000000	0.000000	0.000000	0.000000	0.000000	0.000000	0.000000
2	tsk_2	(x)	1	:	0.000000	0.000000	0.000000	0.000000	0.002258	0.000000	0.500820	0.496922	0.000000	0.000000	0.000000	0.000000	0.000000
3	tsk_3	(x)	1	:	0.000000	0.000000	0.000000	0.000000	0.000000	0.000000	1.000000	0.000000	0.000000	0.000000	0.000000	0.000000	0.000000
4	tsk_4	(x)	1	:	0.000000	0.000000	0.000000	0.000000	0.000000	0.000000	0.000000	1.000000	0.000000	0.000000	0.000000	0.000000	0.000000
5	tsk_5	(x)	1	:	0.000000	0.000000	0.000000	0.000000	0.001719	0.000000	0.498581	0.000000	0.073609	0.000000	0.000000	0.426091	0.000000
6	tsk_6	(x)	1	:	0.000000	0.000000	0.000000	0.000000	0.000000	0.000000	0.000000	1.000000	0.000000	0.000000	0.000000	0.000000	0.000000
7	tsk_7	(x)	1	:	0.000000	0.000000	0.000000	0.000000	0.480497	0.000000	0.519503	0.000000	0.000000	0.000000	0.000000	0.000000	0.000000
8	tsk_8	(x)	1	:	0.493524	0.000000	0.000000	0.000000	0.003247	0.000000	0.503229	0.000000	0.000000	0.000000	0.000000	0.000000	0.000000
9	tsk_9	(x)	1	:	0.495151	0.000000	0.000000	0.000000	0.000000	0.000000	0.000000	0.504849	0.000000	0.000000	0.000000	0.000000	0.000000
10	tsk_10	(x)	1	:	0.518295	0.000000	0.000000	0.000002	0.481703	0.000000	0.000000	0.000000	0.000000	0.000000	0.000000	0.000000	0.000000
11	tsk_11	(x)	1	:	0.000000	0.000000	0.000000	0.000000	0.327671	0.000000	0.672328	0.000000	0.000000	0.000000	0.000000	0.000000	0.000000
12	tsk_12	(x)	1	:	0.000000	0.498389	0.000000	0.498820	0.002592	0.000000	0.000000	0.000199	0.000000	0.000000	0.000000	0.000000	0.000000
13	tsk_13	(x)	1	:	0.512902	0.000000	0.000000	0.000000	0.000000	0.000000	0.000000	0.000000	0.005406	0.000000	0.481693	0.000000	0.000000
14	tsk_14	(x)	1	:	0.518295	0.000000	0.000000	0.000002	0.481702	0.000000	0.000000	0.000000	0.000000	0.000000	0.000000	0.000000	0.000000
15	tsk_15	(x)	1	:	0.000000	0.000000	0.000000	0.497483	0.002232	0.000000	0.000000	0.000000	0.013179	0.000000	0.487105	0.000000	0.000000
16	tsk_16	(x)	1	:	0.000000	0.000000	0.494095	0.000000	0.000892	0.000000	0.004340	0.000000	0.013355	0.000000	0.487318	0.000000	0.000000
17	tsk_17	(x)	1	:	0.494485	0.000000	0.000000	0.000000	0.000000	0.000000	0.000000	0.000000	0.016183	0.000000	0.489332	0.000000	0.000000
18	tsk_18	(x)	1	:	0.513374	0.486578	0.000000	0.000000	0.000000	0.000000	0.000000	0.000048	0.000000	0.000000	0.000000	0.000000	0.000000
19	tsk_19	(x)	1	:	1.000000	0.000000	0.000000	0.000000	0.000000	0.000000	0.000000	0.000000	0.000000	0.000000	0.000000	0.000000	0.000000
20	tsk_20	(x)	1	:	0.373332	0.000000	0.000000	0.000000	0.000000	0.000000	0.000000	0.000000	0.000000	0.626668	0.000000	0.000000	0.000000
21	tsk_21	(x)	1	:	0.000000	0.000000	1.000000	0.000000	0.000000	0.000000	0.000000	0.000000	0.000000	0.000000	0.000000	0.000000	0.000000
22	tsk_22	(x)	1	:	0.000000	0.000000	0.497310	0.000000	0.484988	0.000000	0.017702	0.000000	0.000000	0.000000	0.000000	0.000000	0.000000
23	tsk_23	(x)	1	:	0.493563	0.000000	0.000000	0.503712	0.002725	0.000000	0.000000	0.000000	0.000000	0.000000	0.000000	0.000000	0.000000
24	tsk_24	(x)	1	:	0.000000	0.000000	0.506173	0.000000	0.493827	0.000000	0.000000	0.000000	0.000000	0.000000	0.000000	0.000000	0.000000
25	tsk_25	(x)	1	:	0.000000	0.000000	0.495229	0.000000	0.482915	0.000000	0.021856	0.000000	0.000000	0.000000	0.000000	0.000000	0.000000
26	tsk_26	(x)	1	:	0.503711	0.000002	0.000000	0.000000	0.000000	0.000000	0.000000	0.000000	0.000000	0.000000	0.000000	0.000000	0.496287
27	tsk_27	(x)	1	:	0.000000	0.000000	1.000000	0.000000	0.000000	0.000000	0.000000	0.000000	0.000000	0.000000	0.000000	0.000000	0.000000
28	tsk_28	(x)	1	:	0.000000	0.000000	0.000000	0.000000	0.480501	0.000000	0.519499	0.000000	0.000000	0.000000	0.000000	0.000000	0.000000
29	tsk_29	(x)	1	:	0.000000	0.000000	1.000000	0.000000	0.000000	0.000000	0.000000	0.000000	0.000000	0.000000	0.000000	0.000000	0.000000
30	tsk_30	(x)	1	:	0.000000	0.000000	0.000000	0.000000	0.000000	0.000000	0.000000	0.000000	0.083129	0.000000	0.490977	0.425894	0.000000
31	tsk_31	(x)	1	:	0.000000	0.000000	0.000000	0.000000	0.000000	0.000000	0.000000	0.000000	0.000000	0.000000	0.000000	1.000000	0.000000
32	tsk_32	(x)	1	:	0.000000	0.000000	0.494958	0.000000	0.000933	0.000000	0.003304	0.000000	0.013457	0.000000	0.487348	0.000000	0.000000
33	tsk_33	(x)	1	:	0.000000	0.000000	0.000000	0.000000	0.000000	0.000000	0.000000	0.000000	0.000000	0.000000	0.000000	1.000000	0.000000
34	tsk_34	(x)	1	:	0.000000	0.000000	0.000000	0.000000	0.000000	0.000000	0.000000	0.000000	0.083211	0.000000	0.490934	0.425855	0.000000
35	tsk_35	(x)	1	:	0.493527	0.000000	0.000000	0.000000	0.003208	0.000000	0.503265	0.000000	0.000000	0.000000	0.000000	0.000000	0.000000
36	tsk_36	(x)	1	:	1.000000	0.000000	0.000000	0.000000	0.000000	0.000000	0.000000	0.000000	0.000000	0.000000	0.000000	0.000000	0.000000
37	tsk_37	(x)	1	:	1.000000	0.000000	0.000000	0.000000	0.000000	0.000000	0.000000	0.000000	0.000000	0.000000	0.000000	0.000000	0.000000
38	tsk_38	(x)	1	:	0.494596	0.000000	0.000000	0.000000	0.000000	0.000000	0.000000	0.000000	0.079443	0.000000	0.000000	0.425960	0.000000
39	tsk_39	(x)	1	:	0.482643	0.000000	0.000000	0.000000	0.000000	0.000000	0.000000	0.000000	0.000000	0.000000	0.000000	0.517356	0.000000
40	tsk_40	(x)	1	:	0.000000	0.000000	0.000000	0.000000	0.000000	0.000000	0.000000	0.000000	0.000000	0.000000	0.000000	1.000000	0.000000
41	tsk_41	(x)	1	:	0.000000	0.000000	0.000000	0.000000	0.000000	0.000000	0.472572	0.000000	0.000000	0.000000	0.000000	0.527428	0.000000
42	tsk_42	(x)	1	:	0.000000	0.000000	0.000000	1.000000	0.000000	0.000000	0.000000	0.000000	0.000000	0.000000	0.000000	0.000000	0.000000
43	tsk_43	(x)	1	:	0.000000	0.000000	0.000000	0.000000	0.000000	0.000000	0.000000	0.000000	0.000000	0.000000	0.000000	1.000000	0.000000
44	tsk_44	(x)	1	:	0.000000	0.000000	0.494131	0.498917	0.003418	0.000000	0.003534	0.000000	0.000000	0.000000	0.000000	0.000000	0.000000
45	tsk_45	(x)	1	:	0.000000	0.000000	0.000000	0.000000	0.000000	0.000000	0.384345	0.331703	0.000000	0.000000	0.000000	0.000000	0.283953
46	tsk_46	(x)	1	:	0.000000	0.000000	0.000000	0.000000	0.000000	0.000000	0.332021	0.270620	0.000000	0.000000	0.000000	0.000000	0.397358
47	tsk_47	(x)	1	:	0.000000	0.000000	0.491875	0.000000	0.000662	0.000000	0.007744	0.000000	0.073666	0.000000	0.000000	0.426053	0.000000
48	tsk_48	(x)	1	:	0.000000	0.000000	0.000000	0.000000	0.000000	0.000000	0.000000	0.317755	0.003546	0.000000	0.000000	0.418534	0.260166
49	tsk_49	(x)	1	:	0.000000	0.000000	0.000000	0.498054	0.002354	0.000000	0.000000	0.000000	0.073466	0.000000	0.000000	0.426126	0.000000
50	tsk_50	(x)	1	:	0.000000	0.000000	0.495108	0.000000	0.000943	0.000000	0.003102	0.000000	0.013614	0.000000	0.487233	0.000000	0.000000
51	tsk_51	(x)	1	:	0.000000	0.000000	0.000000	0.000000	0.000498	0.000000	0.490933	0.000000	0.000000	0.508569	0.000000	0.000000	0.000000
52	tsk_52	(x)	1	:	0.000000	0.000000	0.492810	0.000000	0.000000	0.000000	0.507190	0.000000	0.000000	0.000000	0.000000	0.000000	0.000000
53	tsk_53	(x)	1	:	0.000000	0.000000	0.492798	0.000000	0.000000	0.000000	0.507202	0.000000	0.000000	0.000000	0.000000	0.000000	0.000000
54	tsk_54	(x)	1	:	0.514754	0.000000	0.482742	0.000000	0.000000	0.000000	0.002504	0.000000	0.000000	0.000000	0.000000	0.000000	0.000000
55	tsk_55	(x)	1	:	0.000000	0.000000	0.492789	0.000000	0.000000	0.000000	0.507211	0.000000	0.000000	0.000000	0.000000	0.000000	0.000000
56	tsk_56	(x)	1	:	0.514789	0.000000	0.483220	0.000000	0.000000	0.000000	0.001991	0.000000	0.000000	0.000000	0.000000	0.000000	0.000000
57	tsk_57	(x)	1	:	0.000000	0.000000	0.485247	0.000000	0.000008	0.000000	0.006658	0.000000	0.000000	0.508088	0.000000	0.000000	0.000000
58	tsk_58	(x)	1	:	0.495151	0.000000	0.000000	0.000000	0.000000	0.000000	0.000000	0.504849	0.000000	0.000000	0.000000	0.000000	0.000000
59	tsk_59	(x)	1	:	0.514805	0.000000	0.483440	0.000000	0.000000	0.000000	0.001755	0.000000	0.000000	0.000000	0.000000	0.000000	0.000000
60	tsk_60	(x)	1	:	1.000000	0.000000	0.000000	0.000000	0.000000	0.000000	0.000000	0.000000	0.000000	0.000000	0.000000	0.000000	0.000000
61	tsk_61	(x)	1	:	0.503711	0.000000	0.000000	0.000000	0.000000	0.000000	0.000000	0.000000	0.000000	0.000000	0.000000	0.000000	0.496289
62	tsk_62	(x)	1	:	0.494452	0.000000	0.000000	0.000000	0.000000	0.000000	0.000000	0.000000	0.016733	0.000000	0.488815	0.000000	0.000000
63	tsk_63	(x)	1	:	0.494873	0.000000	0.000000	0.000000	0.505127	0.000000	0.000000	0.000000	0.000000	0.000000	0.000000	0.000000	0.000000
64	tsk_64	(x)	1	:	1.000000	0.000000	0.000000	0.000000	0.000000	0.000000	0.000000	0.000000	0.000000	0.000000	0.000000	0.000000	0.000000
65	tsk_65	(x)	1	:	0.000000	0.000000	0.492573	0.000000	0.000659	0.000000	0.006284	0.000000	0.013317	0.000000	0.487167	0.000000	0.000000
66	tsk_66	(x)	1	:	0.000000	0.000000	1.000000	0.000000	0.000000	0.000000	0.000000	0.000000	0.000000	0.000000	0.000000	0.000000	0.000000
67	tsk_67	(x)	1	:	0.000000	0.000000	0.000000	0.000000	0.000000	0.000000	0.000000	0.000000	0.000000	1.000000	0.000000	0.000000	0.000000
68	tsk_68	(x)	1	:	0.000000	0.000000	0.000000	0.000000	0.551924	0.000000	0.000000	0.000000	0.000000	0.000000	0.000000	0.000000	0.448076
69	tsk_69	(x)	1	:	0.493521	0.000000	0.000000	0.000000	0.003288	0.000000	0.503191	0.000000	0.000000	0.000000	0.000000	0.000000	0.000000
70	tsk_70	(x)	1	:	0.000000	0.000000	0.000000	0.000000	0.496102	0.000000	0.000000	0.000000	0.077899	0.000000	0.000000	0.425999	0.000000
71	tsk_71	(x)	1	:	0.000000	0.000000	0.000000	0.000000	0.000000	0.000000	0.000000	0.000000	0.000000	0.000000	1.000000	0.000000	0.000000
72	tsk_72	(x)	1	:	0.000000	0.000000	0.000000	0.000000	0.000000	0.000000	0.000000	0.498118	0.075916	0.000000	0.000000	0.425966	0.000000
73	tsk_73	(x)	1	:	0.000000	0.000000	0.000000	0.000000	0.000000	0.000000	0.000000	0.469571	0.000000	0.000000	0.530429	0.000000	0.000000
74	tsk_74	(x)	1	:	0.000000	0.000000	0.000000	0.000000	0.001492	0.000000	0.498265	0.000000	0.012155	0.000000	0.488088	0.000000	0.000000
75	tsk_75	(x)	1	:	0.000000	0.000000	0.000000	0.000000	0.000000	0.000000	0.000000	0.000000	0.000000	0.000000	1.000000	0.000000	0.000000
76	tsk_76	(x)	1	:	0.000000	0.000000	0.000000	0.000000	0.495582	0.000000	0.000000	0.000000	0.015986	0.000000	0.488432	0.000000	0.000000
77	tsk_77	(x)	1	:	0.494473	0.000000	0.000000	0.000000	0.000000	0.000000	0.000000	0.000000	0.016386	0.000000	0.489141	0.000000	0.000000
78	tsk_78	(x)	1	:	0.503711	0.000000	0.000000	0.000000	0.000000	0.000000	0.000000	0.000000	0.000000	0.000000	0.000000	0.000000	0.496289
79	tsk_79	(x)	1	:	0.000000	0.000000	0.000000	0.000000	0.000000	0.000000	0.000000	0.497712	0.014133	0.000000	0.488155	0.000000	0.000000
80	tsk_80	(x)	1	:	0.000000	0.000000	0.000000	0.000000	0.002176	0.000000	0.500886	0.496938	0.000000	0.000000	0.000000	0.000000	0.000000
81	tsk_81	(x)	1	:	0.000000	0.000000	0.000000	0.000000	0.001561	0.000000	0.498409	0.000000	0.010704	0.000000	0.489325	0.000000	0.000000
82	tsk_82	(x)	1	:	0.000000	0.000000	0.000000	0.000000	0.002253	0.000000	0.500824	0.496922	0.000000	0.000000	0.000000	0.000000	0.000000
83	tsk_83	(x)	1	:	0.000000	0.000000	0.000000	0.000000	0.480514	0.000000	0.519486	0.000000	0.000000	0.000000	0.000000	0.000000	0.000000
84	tsk_84	(x)	1	:	0.000000	0.000000	0.000000	0.000000	0.000000	0.000000	1.000000	0.000000	0.000000	0.000000	0.000000	0.000000	0.000000
85	tsk_85	(x)	1	:	0.000000	0.000000	0.000000	0.000000	0.000466	0.000000	0.499281	0.000000	0.011211	0.000000	0.489042	0.000000	0.000000
86	tsk_86	(x)	1	:	0.000000	0.000000	0.000000	0.000000	0.000000	0.000000	1.000000	0.000000	0.000000	0.000000	0.000000	0.000000	0.000000
87	tsk_87	(x)	1	:	0.000000	0.000000	0.000000	0.000000	0.001132	0.000000	0.501726	0.497142	0.000000	0.000000	0.000000	0.000000	0.000000
88	tsk_88	(x)	1	:	0.000000	0.000000	0.000000	0.000000	0.000000	0.000000	0.000000	0.000000	0.083221	0.000000	0.490929	0.425850	0.000000
89	tsk_89	(x)	1	:	0.000000	0.000000	0.000000	0.000000	0.001712	0.000000	0.498110	0.000000	0.011908	0.000000	0.488270	0.000000	0.000000
90	tsk_90	(x)	1	:	0.000000	0.000000	0.000000	0.000000	0.000346	0.000000	0.491075	0.000000	0.000000	0.508579	0.000000	0.000000	0.000000
91	tsk_91	(x)	1	:	0.000000	0.000000	0.000000	0.000000	0.000000	0.000000	0.000000	0.498118	0.075917	0.000000	0.000000	0.425965	0.000000
92	tsk_92	(x)	1	:	0.000000	0.000000	0.000000	0.000000	0.002043	0.000000	0.498314	0.000000	0.073523	0.000000	0.000000	0.426120	0.000000
93	tsk_93	(x)	1	:	0.000000	0.000000	0.000000	0.000000	0.000000	0.000000	0.000000	0.000000	0.083214	0.000000	0.490932	0.425853	0.000000
94	tsk_94	(x)	1	:	0.000000	0.000000	0.000000	0.000000	0.002029	0.000000	0.498326	0.000000	0.073522	0.000000	0.000000	0.426122	0.000000
95	tsk_95	(x)	1	:	0.000000	0.491724	0.000000	0.000000	0.000000	0.000000	0.000000	0.000128	0.000000	0.508148	0.000000	0.000000	0.000000
96	tsk_96	(x)	1	:	0.000000	0.000000	0.000000	0.000000	0.000000	0.000000	0.000000	1.000000	0.000000	0.000000	0.000000	0.000000	0.000000
97	tsk_97	(x)	1	:	0.000000	0.498916	0.000000	0.000000	0.000000	0.000000	0.501084	0.000000	0.000000	0.000000	0.000000	0.000000	0.000000
98	tsk_98	(x)	1	:	0.000000	0.000000	0.492815	0.000000	0.000000	0.000000	0.507185	0.000000	0.000000	0.000000	0.000000	0.000000	0.000000
99	tsk_99	(x)	1	:	0.000000	0.000000	0.000000	0.000000	0.000000	0.000000	1.000000	0.000000	0.000000	0.000000	0.000000	0.000000	0.000000
100	tsk_100	(x)	1	:	0.000000	0.000000	0.000000	0.000000	0.000000	0.000000	0.455737	0.544262	0.000000	0.000000	0.000000	0.000000	0.000000
101	tsk_101	(x)	1	:	0.000000	0.000000	0.000000	0.000000	0.001944	0.000000	0.498395	0.000000	0.073556	0.000000	0.000000	0.426105	0.000000
102	tsk_102	(x)	1	:	0.000000	0.000000	0.000000	0.000000	0.000000	0.000000	0.000000	1.000000	0.000000	0.000000	0.000000	0.000000	0.000000
103	tsk_103	(x)	1	:	0.000000	0.000000	0.000000	0.000000	0.001775	0.000000	0.498540	0.000000	0.073559	0.000000	0.000000	0.426126	0.000000
104	tsk_104	(x)	1	:	0.000000	0.000000	0.000000	0.000000	0.000000	0.000000	0.000000	0.490497	0.000000	0.509503	0.000000	0.000000	0.000000
105	tsk_105	(x)	1	:	0.000000	0.215684	0.000000	0.000000	0.000000	0.000000	0.000000	0.784316	0.000000	0.000000	0.000000	0.000000	0.000000
106	tsk_106	(x)	1	:	0.000000	0.000000	0.000000	0.000000	0.000506	0.000000	0.490926	0.000000	0.000000	0.508569	0.000000	0.000000	0.000000
107	tsk_107	(x)	1	:	0.000000	0.000000	0.500361	0.000000	0.000960	0.000000	0.000000	0.498679	0.000000	0.000000	0.000000	0.000000	0.000000
108	tsk_108	(x)	1	:	0.000000	0.000000	0.000000	0.000000	0.000000	0.000000	0.000000	0.000000	0.000000	1.000000	0.000000	0.000000	0.000000
109	tsk_109	(x)	1	:	0.000000	0.215684	0.000000	0.000000	0.000000	0.000000	0.000000	0.784316	0.000000	0.000000	0.000000	0.000000	0.000000
110	tsk_110	(x)	1	:	0.000000	0.000000	0.000000	0.000000	0.000000	0.000000	1.000000	0.000000	0.000000	0.000000	0.000000	0.000000	0.000000
111	tsk_111	(x)	1	:	0.000000	0.000000	0.000000	0.000000	0.001939	0.000000	0.498399	0.000000	0.073553	0.000000	0.000000	0.426108	0.000000
112	tsk_112	(x)	1	:	0.493572	0.000000	0.490753	0.000000	0.000517	0.000000	0.015158	0.000000	0.000000	0.000000	0.000000	0.000000	0.000000
113	tsk_113	(x)	1	:	0.000000	0.000000	0.000000	0.000000	0.263809	0.000000	0.519106	0.000000	0.000000	0.000000	0.000000	0.000000	0.217085
114	tsk_114	(x)	1	:	0.000000	0.000000	0.000000	0.000000	0.001774	0.000000	0.498140	0.000000	0.011312	0.000000	0.488773	0.000000	0.000000
115	tsk_115	(x)	1	:	0.000000	0.000000	0.000000	0.000000	0.000000	0.000000	1.000000	0.000000	0.000000	0.000000	0.000000	0.000000	0.000000
116	tsk_116	(x)	1	:	0.494596	0.000000	0.000000	0.000000	0.000000	0.000000	0.000000	0.000000	0.079442	0.000000	0.000000	0.425961	0.000000
117	tsk_117	(x)	1	:	0.494499	0.000000	0.000000	0.000000	0.000000	0.000000	0.000000	0.000000	0.015965	0.000000	0.489536	0.000000	0.000000
118	tsk_118	(x)	1	:	0.000000	0.000000	0.000000	0.000000	0.001671	0.000000	0.498056	0.000000	0.012545	0.000000	0.487728	0.000000	0.000000
119	tsk_119	(x)	1	:	0.000000	0.000000	0.000000	0.000000	0.000000	0.000000	0.000000	0.000000	0.000000	0.000000	0.000000	1.000000	0.000000
120	tsk_120	(x)	1	:	0.000000	0.000000	0.492800	0.000000	0.000675	0.000000	0.006654	0.000000	0.073836	0.000000	0.000000	0.426036	0.000000
121	tsk_121	(x)	1	:	0.000000	0.000000	0.000000	0.000000	0.000000	0.000000	0.000000	0.498118	0.075917	0.000000	0.000000	0.425965	0.000000
122	tsk_122	(x)	1	:	0.000000	0.000000	0.000000	0.000000	0.000000	0.000000	0.000000	0.000000	0.000000	0.000000	0.000000	1.000000	0.000000
123	tsk_123	(x)	1	:	0.000000	0.000000	0.000000	0.000000	0.000000	0.000000	0.000000	1.000000	0.000000	0.000000	0.000000	0.000000	0.000000
124	tsk_124	(x)	1	:	0.000000	0.000000	1.000000	0.000000	0.000000	0.000000	0.000000	0.000000	0.000000	0.000000	0.000000	0.000000	0.000000
125	tsk_125	(x)	1	:	0.000000	0.000000	1.000000	0.000000	0.000000	0.000000	0.000000	0.000000	0.000000	0.000000	0.000000	0.000000	0.000000
126	tsk_126	(x)	1	:	0.000000	0.000000	0.000000	0.000000	0.000000	0.000000	0.000000	0.000000	0.000000	0.000000	0.000000	1.000000	0.000000
127	tsk_127	(x)	1	:	0.130819	0.000000	0.000000	0.000000	0.000000	0.000000	0.000000	0.000000	0.078871	0.364347	0.000000	0.425963	0.000000
128	tsk_128	(x)	1	:	0.130819	0.000000	0.000000	0.000000	0.000000	0.000000	0.000000	0.000000	0.078870	0.364347	0.000000	0.425964	0.000000
129	tsk_129	(x)	1	:	0.000000	0.000000	0.000000	0.000000	0.000000	0.000000	0.000000	0.498118	0.075920	0.000000	0.000000	0.425963	0.000000
130	tsk_130	(x)	1	:	0.484292	0.000000	0.000000	0.000000	0.000000	0.000000	0.000000	0.000000	0.000000	0.000000	0.000000	0.515708	0.000000
131	tsk_131	(x)	1	:	0.000000	0.000000	0.000000	0.000000	0.001969	0.000000	0.501053	0.496978	0.000000	0.000000	0.000000	0.000000	0.000000
132	tsk_132	(x)	1	:	0.000000	0.000001	0.000000	0.000000	0.000000	0.000000	0.000000	0.000000	0.524958	0.000000	0.000000	0.000000	0.475040
133	tsk_133	(x)	1	:	0.000000	0.000000	0.000000	0.000000	0.000000	0.564093	0.000000	0.000000	0.000000	0.000000	0.000000	0.000000	0.435907
134	tsk_134	(x)	1	:	0.493530	0.000000	0.000000	0.000000	0.003164	0.000000	0.503306	0.000000	0.000000	0.000000	0.000000	0.000000	0.000000
135	tsk_135	(x)	1	:	0.484292	0.000000	0.000000	0.000000	0.000000	0.000000	0.000000	0.000000	0.000000	0.000000	0.000000	0.515708	0.000000
136	tsk_136	(x)	1	:	0.484147	0.000000	0.000000	0.000000	0.000000	0.515853	0.000000	0.000000	0.000000	0.000000	0.000000	0.000000	0.000000
137	tsk_137	(x)	1	:	0.494465	0.000000	0.000000	0.000000	0.000000	0.000000	0.000000	0.000000	0.016515	0.000000	0.489019	0.000000	0.000000
138	tsk_138	(x)	1	:	0.495151	0.000000	0.000000	0.000000	0.000000	0.000000	0.000000	0.504849	0.000000	0.000000	0.000000	0.000000	0.000000
139	tsk_139	(x)	1	:	0.495151	0.000000	0.000000	0.000000	0.000000	0.000000	0.000000	0.504849	0.000000	0.000000	0.000000	0.000000	0.000000
140	tsk_140	(x)	1	:	0.000000	0.000000	0.499077	0.000000	0.000024	0.000000	0.002294	0.498605	0.000000	0.000000	0.000000	0.000000	0.000000
141	tsk_141	(x)	1	:	0.000000	0.000000	1.000000	0.000000	0.000000	0.000000	0.000000	0.000000	0.000000	0.000000	0.000000	0.000000	0.000000
142	tsk_142	(x)	1	:	0.000000	0.000000	0.000000	0.000000	0.000000	0.000000	0.000000	0.000000	0.000000	0.000000	0.000000	1.000000	0.000000
143	tsk_143	(x)	1	:	0.000000	0.000000	0.000000	0.000000	0.000000	0.000000	0.000000	0.554952	0.000000	0.000000	0.000000	0.000000	0.445048
144	tsk_144	(x)	1	:	0.000000	0.000000	0.000000	0.000000	0.000000	0.000000	0.000000	1.000000	0.000000	0.000000	0.000000	0.000000	0.000000
145	tsk_145	(x)	1	:	0.514783	0.000000	0.483147	0.000000	0.000000	0.000000	0.002069	0.000000	0.000000	0.000000	0.000000	0.000000	0.000000
146	tsk_146	(x)	1	:	0.000000	0.000000	0.000000	0.000000	0.000000	0.000000	0.000000	1.000000	0.000000	0.000000	0.000000	0.000000	0.000000
147	tsk_147	(x)	1	:	0.000000	0.000000	0.000000	0.000000	0.000000	0.000000	0.000000	0.000000	0.000000	0.000000	0.413988	0.586012	0.000000
148	tsk_148	(x)	1	:	0.500209	0.000000	0.000000	0.000000	0.000000	0.000000	0.000000	0.000000	0.000000	0.000000	0.000000	0.499790	0.000000
149	tsk_149	(x)	1	:	0.000000	0.000000	0.000000	0.000000	0.000000	0.000000	0.000000	0.000000	0.000000	0.000000	0.000000	1.000000	0.000000
