logL = -986.841897 (converged)
AIC = 7077.683793
BIC = 14760.825064

count.K
1 4 11 15 6 15 1 1 2 56 6 3 27 2 

