logL = -2679.688195 (converged)
AIC = 6283.376391
BIC = 7674.289896

count.K
83 7 60 

