logL = -1643.289720 (converged)
AIC = 8502.579440
BIC = 16354.316287

count.K
12 10 15 0 19 21 13 5 4 8 14 5 18 6 

