logL = -1794.988059 (converged)
AIC = 6961.976118
BIC = 12037.907224

count.K
3 38 30 6 32 1 12 17 11 

