logL = -790.071897 (converged)
AIC = 5262.143793
BIC = 10804.723370

count.K
22 6 5 10 2 3 11 45 44 0 2 

