logL = -873.093832 (converged)
AIC = 6282.187665
BIC = 13110.308512

count.K
1 1 15 12 9 15 12 30 8 7 8 20 12 

