0	tsk_0	(x)	1	:	0.000000	0.000000	0.508375	0.000000	0.000000	0.000000	0.000000	0.000000	0.491625	0.000000	0.000000	0.000000	0.000000	0.000000	0.000000
1	tsk_1	(x)	1	:	0.000000	0.088268	0.000000	0.000000	0.000000	0.000000	0.000000	0.000000	0.000000	0.430416	0.000000	0.362468	0.000000	0.000000	0.118848
2	tsk_2	(x)	1	:	0.000000	0.000000	0.508375	0.000000	0.000000	0.000000	0.000000	0.000000	0.491625	0.000000	0.000000	0.000000	0.000000	0.000000	0.000000
3	tsk_3	(x)	1	:	0.000000	0.000000	0.508374	0.000000	0.000000	0.000000	0.000000	0.000000	0.491626	0.000000	0.000000	0.000000	0.000000	0.000000	0.000000
4	tsk_4	(x)	1	:	0.000000	0.053265	0.500000	0.000000	0.000000	0.000000	0.000000	0.000000	0.000000	0.000000	0.000000	0.193338	0.000000	0.000000	0.253396
5	tsk_5	(x)	1	:	0.000000	0.119760	0.500000	0.000000	0.000000	0.000000	0.000000	0.000000	0.000000	0.000000	0.000000	0.076649	0.000000	0.000000	0.303591
6	tsk_6	(x)	1	:	0.000000	0.216840	0.000000	0.000000	0.000000	0.000000	0.000000	0.000000	0.000000	0.000000	0.000000	0.427590	0.000000	0.000000	0.355570
7	tsk_7	(x)	1	:	0.000000	0.021555	0.011448	0.000000	0.000000	0.000000	0.000000	0.000000	0.489536	0.000000	0.000000	0.357922	0.000000	0.000000	0.119538
8	tsk_8	(x)	1	:	0.000000	0.000000	0.569584	0.000000	0.000000	0.000000	0.000000	0.000000	0.000000	0.430416	0.000000	0.000000	0.000000	0.000000	0.000000
9	tsk_9	(x)	1	:	0.000000	0.215033	0.000000	0.000000	0.000000	0.000000	0.000000	0.000000	0.000000	0.430416	0.000000	0.335842	0.000000	0.000000	0.018709
10	tsk_10	(x)	1	:	0.000000	0.000000	0.674651	0.000000	0.000000	0.325349	0.000000	0.000000	0.000000	0.000000	0.000000	0.000000	0.000000	0.000000	0.000000
11	tsk_11	(x)	1	:	0.000000	0.042176	0.000000	0.000000	0.000000	0.000000	0.000000	0.000000	0.000000	0.000000	0.509472	0.364237	0.000000	0.000000	0.084115
12	tsk_12	(x)	1	:	0.000000	0.036383	0.000000	0.000000	0.000000	0.000000	0.000000	0.000000	0.000000	0.000000	0.000000	0.831232	0.000000	0.000000	0.132385
13	tsk_13	(x)	1	:	0.000000	0.173342	0.500000	0.000000	0.000000	0.000000	0.000000	0.000000	0.000000	0.000000	0.000000	0.186199	0.000000	0.000000	0.140459
14	tsk_14	(x)	1	:	0.000000	0.000000	0.497541	0.000000	0.000000	0.000000	0.000000	0.000000	0.000000	0.000000	0.502459	0.000000	0.000000	0.000000	0.000000
15	tsk_15	(x)	1	:	0.000000	0.000000	0.497541	0.000000	0.000000	0.000000	0.000000	0.000000	0.000000	0.000000	0.502457	0.000000	0.000000	0.000000	0.000002
16	tsk_16	(x)	1	:	0.000000	0.178732	0.000000	0.000000	0.000000	0.000000	0.000000	0.000000	0.000000	0.000000	0.000000	0.630166	0.000000	0.000000	0.191102
17	tsk_17	(x)	1	:	0.000000	0.202466	0.000000	0.000000	0.000000	0.000000	0.000000	0.000000	0.000000	0.000000	0.000000	0.492377	0.000000	0.000000	0.305157
18	tsk_18	(x)	1	:	0.000000	0.047600	0.500000	0.000000	0.000000	0.000000	0.000000	0.000000	0.000000	0.000000	0.000000	0.313955	0.000000	0.000000	0.138445
19	tsk_19	(x)	1	:	0.000000	0.025703	0.500000	0.000000	0.000000	0.000000	0.000000	0.000000	0.000000	0.000000	0.000000	0.043391	0.000000	0.000000	0.430906
20	tsk_20	(x)	1	:	0.000000	0.010235	0.000000	0.487228	0.000000	0.000000	0.000000	0.000000	0.000000	0.000000	0.000000	0.452033	0.000000	0.000000	0.050504
21	tsk_21	(x)	1	:	0.000000	0.000000	0.507669	0.492331	0.000000	0.000000	0.000000	0.000000	0.000000	0.000000	0.000000	0.000000	0.000000	0.000000	0.000000
22	tsk_22	(x)	1	:	0.000000	0.022857	0.000000	0.487228	0.000000	0.000000	0.000000	0.000000	0.000000	0.000000	0.000000	0.411653	0.000000	0.000000	0.078261
23	tsk_23	(x)	1	:	0.000000	0.000000	0.000000	0.000000	0.000000	0.000000	0.000000	0.000000	0.000000	0.000000	0.000000	0.000000	1.000000	0.000000	0.000000
24	tsk_24	(x)	1	:	0.448459	0.068804	0.000000	0.000000	0.000000	0.000000	0.000000	0.000000	0.000000	0.000000	0.000000	0.380791	0.000000	0.000000	0.101946
25	tsk_25	(x)	1	:	0.000000	0.000007	0.000000	0.000000	0.000000	0.000000	0.999944	0.000000	0.000000	0.000000	0.000000	0.000038	0.000000	0.000000	0.000011
26	tsk_26	(x)	1	:	0.000000	0.163990	0.500000	0.000000	0.000000	0.000000	0.000000	0.000000	0.000000	0.000000	0.000000	0.076006	0.000000	0.000000	0.260004
27	tsk_27	(x)	1	:	0.000000	0.088877	0.000000	0.000000	0.000000	0.000000	0.000000	0.000000	0.000000	0.000000	0.000000	0.489239	0.364828	0.000000	0.057056
28	tsk_28	(x)	1	:	0.450911	0.008408	0.501357	0.000000	0.000000	0.000000	0.000000	0.000000	0.000000	0.000000	0.000000	0.015541	0.000000	0.000000	0.023782
29	tsk_29	(x)	1	:	0.448451	0.078859	0.000000	0.000000	0.000000	0.000000	0.000000	0.000000	0.000000	0.000000	0.000000	0.228834	0.000000	0.000000	0.243856
30	tsk_30	(x)	1	:	0.448617	0.110151	0.000000	0.000000	0.000000	0.000000	0.000356	0.000000	0.000000	0.000000	0.000000	0.292648	0.000000	0.000000	0.148228
31	tsk_31	(x)	1	:	0.000000	0.000000	0.569584	0.000000	0.000000	0.000000	0.000000	0.000000	0.000000	0.430416	0.000000	0.000000	0.000000	0.000000	0.000000
32	tsk_32	(x)	1	:	0.000000	0.116982	0.027025	0.000000	0.000000	0.472771	0.000000	0.000000	0.000000	0.000000	0.000000	0.194271	0.000000	0.000000	0.188951
33	tsk_33	(x)	1	:	0.000000	0.120165	0.000000	0.000000	0.000000	0.000000	0.000000	0.000000	0.000000	0.000000	0.000000	0.702761	0.000000	0.000000	0.177074
34	tsk_34	(x)	1	:	0.000000	0.088152	0.000000	0.000000	0.000000	0.000000	0.000000	0.000000	0.000000	0.000000	0.000000	0.817109	0.000000	0.000000	0.094739
35	tsk_35	(x)	1	:	0.000000	0.005069	0.500456	0.000000	0.000000	0.000000	0.000000	0.000000	0.000000	0.000000	0.000000	0.011364	0.000000	0.465185	0.017925
36	tsk_36	(x)	1	:	0.000000	0.251610	0.000000	0.000000	0.000000	0.000000	0.000000	0.000000	0.000000	0.000000	0.000000	0.748390	0.000000	0.000000	0.000000
37	tsk_37	(x)	1	:	0.000000	0.072183	0.026598	0.000000	0.000000	0.473056	0.000000	0.000000	0.000000	0.000000	0.000000	0.184619	0.000000	0.000000	0.243544
38	tsk_38	(x)	1	:	0.000000	0.180664	0.000000	0.000000	0.000000	0.000000	0.000000	0.000000	0.000000	0.000000	0.000000	0.583583	0.000000	0.000000	0.235753
39	tsk_39	(x)	1	:	0.000000	0.201201	0.500000	0.000000	0.000000	0.000000	0.000000	0.000000	0.000000	0.000000	0.000000	0.222563	0.000000	0.000000	0.076236
40	tsk_40	(x)	1	:	0.000000	0.187611	0.000000	0.487496	0.000000	0.000000	0.002758	0.000000	0.000000	0.000000	0.000000	0.000000	0.000000	0.000000	0.322136
41	tsk_41	(x)	1	:	0.000000	0.000000	0.508374	0.000000	0.000000	0.000000	0.000000	0.000000	0.491626	0.000000	0.000000	0.000000	0.000000	0.000000	0.000000
42	tsk_42	(x)	1	:	0.000000	0.094403	0.026664	0.000000	0.000000	0.473012	0.000000	0.000000	0.000000	0.000000	0.000000	0.151055	0.000000	0.000000	0.254866
43	tsk_43	(x)	1	:	0.000000	0.087036	0.007773	0.000000	0.000000	0.000000	0.000000	0.000000	0.492010	0.000000	0.000000	0.239371	0.000000	0.000000	0.173810
44	tsk_44	(x)	1	:	0.000000	0.024312	0.500000	0.000000	0.000000	0.000000	0.000000	0.000000	0.000000	0.000000	0.000000	0.233528	0.000000	0.000000	0.242160
45	tsk_45	(x)	1	:	0.000000	0.077312	0.010378	0.000000	0.000000	0.000000	0.000000	0.000000	0.490256	0.000000	0.000000	0.290429	0.000000	0.000000	0.131624
46	tsk_46	(x)	1	:	0.000000	0.154146	0.000000	0.000000	0.000000	0.000000	0.000000	0.000000	0.000000	0.000000	0.000000	0.644657	0.000000	0.000000	0.201197
47	tsk_47	(x)	1	:	0.000000	0.256071	0.000000	0.000000	0.000000	0.000000	0.000000	0.000000	0.000000	0.000000	0.000000	0.404818	0.000000	0.000000	0.339112
48	tsk_48	(x)	1	:	0.000000	0.071030	0.008457	0.000000	0.000000	0.000000	0.000000	0.000000	0.491549	0.000000	0.000000	0.404185	0.000000	0.000000	0.024778
49	tsk_49	(x)	1	:	0.000000	0.109633	0.009872	0.000000	0.000000	0.000000	0.000000	0.000000	0.490597	0.000000	0.000000	0.265888	0.000000	0.000000	0.124010
50	tsk_50	(x)	1	:	0.000000	0.000000	1.000000	0.000000	0.000000	0.000000	0.000000	0.000000	0.000000	0.000000	0.000000	0.000000	0.000000	0.000000	0.000000
51	tsk_51	(x)	1	:	0.448461	0.070124	0.000000	0.000000	0.000000	0.000000	0.000000	0.000000	0.000000	0.000000	0.000000	0.465658	0.000000	0.000000	0.015756
52	tsk_52	(x)	1	:	0.449284	0.022241	0.500566	0.000000	0.000000	0.000000	0.000000	0.000000	0.000000	0.000000	0.000000	0.018497	0.000000	0.000000	0.009413
53	tsk_53	(x)	1	:	0.417714	0.000058	0.000000	0.000000	0.000000	0.000000	0.000000	0.000000	0.000000	0.000000	0.000000	0.000002	0.582225	0.000000	0.000000
54	tsk_54	(x)	1	:	0.000000	0.087692	0.000000	0.000000	0.000000	0.000000	0.000000	0.000000	0.000000	0.000000	0.000000	0.764111	0.000000	0.000000	0.148196
55	tsk_55	(x)	1	:	0.448500	0.116465	0.000000	0.000000	0.000000	0.000000	0.000087	0.000000	0.000000	0.000000	0.000000	0.365319	0.000000	0.000000	0.069630
56	tsk_56	(x)	1	:	0.448457	0.035859	0.000000	0.000000	0.000000	0.000000	0.000000	0.000000	0.000000	0.000000	0.000000	0.445019	0.000000	0.000000	0.070664
57	tsk_57	(x)	1	:	0.000000	0.362259	0.000000	0.000000	0.000000	0.000000	0.000000	0.000000	0.000000	0.000000	0.000000	0.045002	0.592739	0.000000	0.000000
58	tsk_58	(x)	1	:	0.448459	0.035544	0.000000	0.000000	0.000000	0.000000	0.000000	0.000000	0.000000	0.000000	0.000000	0.493729	0.000000	0.000000	0.022268
59	tsk_59	(x)	1	:	0.437002	0.000000	0.000000	0.562921	0.000000	0.000000	0.000000	0.000000	0.000000	0.000000	0.000000	0.000077	0.000000	0.000000	0.000000
60	tsk_60	(x)	1	:	0.000000	0.160493	0.000000	0.000000	0.000000	0.000000	0.000000	0.000000	0.000000	0.000000	0.000000	0.756985	0.000000	0.000000	0.082523
61	tsk_61	(x)	1	:	0.000000	0.094770	0.007375	0.000000	0.000000	0.000000	0.000000	0.000000	0.492277	0.000000	0.000000	0.270557	0.000000	0.000000	0.135020
62	tsk_62	(x)	1	:	0.000000	0.000000	0.079274	0.000000	0.000000	0.000000	0.000000	0.000000	0.670682	0.000000	0.000000	0.000000	0.000000	0.000000	0.250044
63	tsk_63	(x)	1	:	0.000000	0.079779	0.026636	0.000000	0.000000	0.473030	0.000000	0.000000	0.000000	0.000000	0.000000	0.185164	0.000000	0.000000	0.235390
64	tsk_64	(x)	1	:	0.000000	0.203511	0.006527	0.000000	0.000000	0.000000	0.000000	0.000000	0.492848	0.000000	0.000000	0.124623	0.000000	0.000000	0.172491
65	tsk_65	(x)	1	:	0.000000	0.117891	0.500000	0.000000	0.000000	0.000000	0.000000	0.000000	0.000000	0.000000	0.000000	0.234943	0.000000	0.000000	0.147166
66	tsk_66	(x)	1	:	0.000000	0.083668	0.009840	0.000000	0.000000	0.000000	0.000000	0.000000	0.490619	0.000000	0.000000	0.131773	0.000000	0.000000	0.284100
67	tsk_67	(x)	1	:	0.000000	0.000000	0.508375	0.000000	0.000000	0.000000	0.000000	0.000000	0.491625	0.000000	0.000000	0.000000	0.000000	0.000000	0.000000
68	tsk_68	(x)	1	:	0.000000	0.000000	1.000000	0.000000	0.000000	0.000000	0.000000	0.000000	0.000000	0.000000	0.000000	0.000000	0.000000	0.000000	0.000000
69	tsk_69	(x)	1	:	0.000000	0.130681	0.000000	0.000000	0.000000	0.000000	0.000000	0.000000	0.000000	0.000000	0.000000	0.758735	0.000000	0.000000	0.110583
70	tsk_70	(x)	1	:	0.000000	0.170307	0.500000	0.000000	0.000000	0.000000	0.000000	0.000000	0.000000	0.000000	0.000000	0.115420	0.000000	0.000000	0.214273
71	tsk_71	(x)	1	:	0.000000	0.000000	0.440186	0.000000	0.000000	0.000000	0.000000	0.000000	0.000000	0.559814	0.000000	0.000000	0.000000	0.000000	0.000000
72	tsk_72	(x)	1	:	0.000000	0.028433	0.000000	0.000000	0.000000	0.000000	0.000000	0.000000	0.000000	0.559814	0.000000	0.358307	0.000000	0.000000	0.053446
73	tsk_73	(x)	1	:	0.000000	0.000000	0.000000	0.000000	0.000000	1.000000	0.000000	0.000000	0.000000	0.000000	0.000000	0.000000	0.000000	0.000000	0.000000
74	tsk_74	(x)	1	:	0.000000	0.230146	0.500000	0.000000	0.000000	0.000000	0.000000	0.000000	0.000000	0.000000	0.000000	0.149578	0.000000	0.000000	0.120276
75	tsk_75	(x)	1	:	0.000000	0.000000	0.000000	0.000000	0.000000	0.000000	0.000000	0.000000	0.000000	1.000000	0.000000	0.000000	0.000000	0.000000	0.000000
76	tsk_76	(x)	1	:	0.000000	0.187313	0.026745	0.000000	0.000000	0.472958	0.000000	0.000000	0.000000	0.000000	0.000000	0.132109	0.000000	0.000000	0.180875
77	tsk_77	(x)	1	:	0.000000	0.000000	0.000000	0.000000	0.000000	0.000000	0.000000	0.000000	0.000000	1.000000	0.000000	0.000000	0.000000	0.000000	0.000000
78	tsk_78	(x)	1	:	0.000000	0.000000	0.000000	0.000000	0.000000	0.000000	0.000000	0.000000	0.000000	0.000000	0.000000	0.000000	1.000000	0.000000	0.000000
79	tsk_79	(x)	1	:	0.000000	0.000000	0.000014	0.000000	0.000000	0.449498	0.000000	0.000000	0.000000	0.550488	0.000000	0.000000	0.000000	0.000000	0.000000
80	tsk_80	(x)	1	:	0.000000	0.063176	0.000000	0.000000	0.000000	0.000000	0.000000	0.000000	0.000000	0.000000	0.000000	0.439941	0.485991	0.000000	0.010892
81	tsk_81	(x)	1	:	0.000000	0.000000	0.000000	0.000000	0.000000	0.000000	0.000000	0.000000	0.000000	1.000000	0.000000	0.000000	0.000000	0.000000	0.000000
82	tsk_82	(x)	1	:	0.000000	0.076348	0.000000	0.000000	0.000000	0.000000	0.000000	0.000000	0.000000	0.430416	0.000000	0.308200	0.148659	0.000000	0.036377
83	tsk_83	(x)	1	:	0.000000	0.018647	0.000000	0.000000	0.000000	0.000000	0.000000	0.000000	0.000000	0.430401	0.000000	0.150454	0.364817	0.000000	0.035681
84	tsk_84	(x)	1	:	0.000000	0.000000	0.371091	0.000000	0.000000	0.000000	0.000000	0.000000	0.000000	0.628909	0.000000	0.000000	0.000000	0.000000	0.000000
85	tsk_85	(x)	1	:	0.000000	0.000000	0.000000	0.000000	0.000000	0.000000	0.000000	0.000000	0.000000	1.000000	0.000000	0.000000	0.000000	0.000000	0.000000
86	tsk_86	(x)	1	:	0.000000	0.000000	0.000000	0.000000	0.000000	0.000000	0.000000	0.000000	0.000000	0.533179	0.000000	0.000000	0.466821	0.000000	0.000000
87	tsk_87	(x)	1	:	0.000000	0.105467	0.000000	0.000000	0.000000	0.000000	0.000000	0.000000	0.000000	0.430416	0.000000	0.327752	0.000000	0.000000	0.136365
88	tsk_88	(x)	1	:	0.000000	0.000000	0.000000	0.000000	0.000000	0.000000	0.000000	0.000000	0.000000	1.000000	0.000000	0.000000	0.000000	0.000000	0.000000
89	tsk_89	(x)	1	:	0.000000	0.013949	0.000000	0.000000	0.000000	0.000000	0.000000	0.000000	0.000000	0.430549	0.000000	0.060474	0.483656	0.000000	0.011372
90	tsk_90	(x)	1	:	0.000000	0.087085	0.000000	0.000000	0.000000	0.000000	0.000000	0.000000	0.000000	0.000000	0.000000	0.750154	0.000000	0.000000	0.162760
91	tsk_91	(x)	1	:	0.000000	0.122793	0.010663	0.000000	0.000000	0.000000	0.000000	0.000000	0.490065	0.000000	0.000000	0.101286	0.000000	0.000000	0.275193
92	tsk_92	(x)	1	:	0.000000	0.076302	0.000000	0.000000	0.000000	0.000000	0.000000	0.000000	0.000000	0.000000	0.000000	0.923698	0.000000	0.000000	0.000000
93	tsk_93	(x)	1	:	0.000000	0.136214	0.000000	0.000000	0.000000	0.000000	0.000000	0.000000	0.000000	0.000000	0.000000	0.673321	0.000000	0.000000	0.190464
94	tsk_94	(x)	1	:	0.000000	0.000934	0.496337	0.000000	0.000000	0.000000	0.000000	0.000000	0.000000	0.000000	0.000000	0.000000	0.502729	0.000000	0.000000
95	tsk_95	(x)	1	:	0.000000	0.000000	0.000000	0.000000	0.000000	0.000000	0.000000	0.000000	0.000000	0.000000	0.000000	0.000000	1.000000	0.000000	0.000000
96	tsk_96	(x)	1	:	0.000000	0.134456	0.000000	0.000000	0.000000	0.000000	0.000000	0.000000	0.000000	0.000000	0.000000	0.783784	0.000000	0.000000	0.081760
97	tsk_97	(x)	1	:	0.000000	0.061618	0.000000	0.000000	0.000000	0.000000	0.000000	0.000000	0.000000	0.430416	0.000000	0.384720	0.000000	0.000000	0.123246
98	tsk_98	(x)	1	:	0.000000	0.000938	0.496335	0.000000	0.000000	0.000000	0.000000	0.000000	0.000000	0.000000	0.000000	0.000000	0.502727	0.000000	0.000000
99	tsk_99	(x)	1	:	0.000000	0.444785	0.000000	0.000000	0.000000	0.000000	0.000000	0.000000	0.000000	0.000000	0.000000	0.047278	0.505584	0.000000	0.002353
100	tsk_100	(x)	1	:	0.000000	0.000000	0.499259	0.000000	0.000000	0.000000	0.000000	0.000000	0.000000	0.000000	0.000000	0.028701	0.000000	0.462768	0.009272
101	tsk_101	(x)	1	:	0.000000	0.000000	1.000000	0.000000	0.000000	0.000000	0.000000	0.000000	0.000000	0.000000	0.000000	0.000000	0.000000	0.000000	0.000000
102	tsk_102	(x)	1	:	0.449831	0.006876	0.000000	0.000000	0.000000	0.000000	0.000000	0.000000	0.000000	0.000000	0.000000	0.074444	0.000000	0.465864	0.002985
103	tsk_103	(x)	1	:	0.000000	0.140640	0.000000	0.000000	0.000000	0.000000	0.000000	0.000000	0.000000	0.000000	0.000000	0.297483	0.000000	0.464263	0.097615
104	tsk_104	(x)	1	:	0.000000	0.000000	1.000000	0.000000	0.000000	0.000000	0.000000	0.000000	0.000000	0.000000	0.000000	0.000000	0.000000	0.000000	0.000000
105	tsk_105	(x)	1	:	0.000000	0.000000	0.078000	0.000000	0.000000	0.000000	0.000000	0.000000	0.491578	0.430422	0.000000	0.000000	0.000000	0.000000	0.000000
106	tsk_106	(x)	1	:	0.450040	0.010118	0.000000	0.000000	0.000000	0.000000	0.000000	0.000000	0.000000	0.000000	0.000000	0.048623	0.000000	0.466070	0.025149
107	tsk_107	(x)	1	:	0.000000	0.006013	0.500561	0.000000	0.000000	0.000000	0.000000	0.000000	0.000000	0.000000	0.000000	0.019463	0.000000	0.465396	0.008566
108	tsk_108	(x)	1	:	0.449606	0.007673	0.000000	0.000000	0.000000	0.000000	0.000000	0.000000	0.000000	0.000000	0.000000	0.057593	0.000000	0.465641	0.019487
109	tsk_109	(x)	1	:	0.000000	0.022602	0.000000	0.000000	0.000000	0.000000	0.000000	0.000000	0.000000	0.000000	0.000000	0.419753	0.000000	0.464264	0.093381
110	tsk_110	(x)	1	:	0.000000	0.000000	0.500130	0.000000	0.499869	0.000000	0.000000	0.000000	0.000000	0.000000	0.000000	0.000000	0.000000	0.000000	0.000000
111	tsk_111	(x)	1	:	0.000000	0.000000	0.500011	0.000000	0.499989	0.000000	0.000000	0.000000	0.000000	0.000000	0.000000	0.000000	0.000000	0.000000	0.000000
112	tsk_112	(x)	1	:	0.000000	0.446793	0.000000	0.000000	0.000000	0.000000	0.000000	0.000000	0.000000	0.000000	0.000000	0.361204	0.000000	0.000000	0.192003
113	tsk_113	(x)	1	:	0.451124	0.011848	0.000000	0.000000	0.500978	0.000000	0.000123	0.000000	0.000000	0.000000	0.000000	0.031868	0.000000	0.000000	0.004059
114	tsk_114	(x)	1	:	0.000000	0.218656	0.000000	0.000000	0.500001	0.000000	0.000008	0.000000	0.000000	0.000000	0.000000	0.095599	0.000000	0.000000	0.185735
115	tsk_115	(x)	1	:	0.000000	0.241584	0.000000	0.000000	0.000000	0.000000	0.000000	0.000000	0.000000	0.000000	0.000000	0.385617	0.000000	0.000000	0.372798
116	tsk_116	(x)	1	:	0.000000	0.148873	0.500000	0.000000	0.000000	0.000000	0.000000	0.000000	0.000000	0.000000	0.000000	0.239434	0.000000	0.000000	0.111693
117	tsk_117	(x)	1	:	0.000000	0.165490	0.010492	0.000000	0.000000	0.000000	0.000000	0.000000	0.490180	0.000000	0.000000	0.208027	0.000000	0.000000	0.125812
118	tsk_118	(x)	1	:	0.000000	0.176723	0.500000	0.000000	0.000000	0.000000	0.000000	0.000000	0.000000	0.000000	0.000000	0.179721	0.000000	0.000000	0.143555
119	tsk_119	(x)	1	:	0.000000	0.136092	0.027195	0.000000	0.000000	0.472657	0.000000	0.000000	0.000000	0.000000	0.000000	0.249660	0.000000	0.000000	0.114396
120	tsk_120	(x)	1	:	0.000000	0.155281	0.500000	0.000000	0.000000	0.000000	0.000000	0.000000	0.000000	0.000000	0.000000	0.151421	0.000000	0.000000	0.193298
121	tsk_121	(x)	1	:	0.000000	0.199799	0.500000	0.000000	0.000000	0.000000	0.000000	0.000000	0.000000	0.000000	0.000000	0.000000	0.000000	0.000000	0.300201
122	tsk_122	(x)	1	:	0.000000	0.117572	0.000000	0.000000	0.000000	0.000000	0.000000	0.000000	0.000000	0.000000	0.000000	0.724756	0.000000	0.000000	0.157673
123	tsk_123	(x)	1	:	0.000000	0.146030	0.000000	0.000000	0.000000	0.000000	0.000000	0.000000	0.000000	0.000000	0.000000	0.266576	0.000000	0.464262	0.123131
124	tsk_124	(x)	1	:	0.000000	0.118621	0.000000	0.000000	0.000000	0.000000	0.000813	0.000000	0.000000	0.000000	0.000000	0.268752	0.000000	0.464628	0.147186
125	tsk_125	(x)	1	:	0.000000	0.044918	0.000000	0.000000	0.000000	0.000000	0.000000	0.000000	0.000000	0.000000	0.000000	0.285054	0.000000	0.650124	0.019904
126	tsk_126	(x)	1	:	0.000000	0.000000	0.499999	0.000000	0.000000	0.000000	0.000000	0.499998	0.000000	0.000000	0.000000	0.000000	0.000000	0.000000	0.000002
127	tsk_127	(x)	1	:	0.000000	0.005816	0.499893	0.000000	0.000000	0.000000	0.000000	0.000000	0.000000	0.000000	0.000000	0.012316	0.000000	0.464050	0.017924
128	tsk_128	(x)	1	:	0.000000	0.000000	0.436206	0.000000	0.000000	0.000000	0.000000	0.000000	0.000000	0.000000	0.000000	0.000000	0.000000	0.563794	0.000000
129	tsk_129	(x)	1	:	0.000000	0.003314	0.500260	0.000000	0.000000	0.000000	0.000000	0.000000	0.000000	0.000000	0.000000	0.006746	0.000000	0.464789	0.024891
130	tsk_130	(x)	1	:	0.000000	0.114228	0.500000	0.000000	0.000000	0.000000	0.000000	0.000000	0.000000	0.000000	0.000000	0.202005	0.000000	0.000000	0.183768
131	tsk_131	(x)	1	:	0.449199	0.004228	0.003600	0.000000	0.000000	0.000000	0.000000	0.000000	0.495173	0.000000	0.000000	0.029721	0.000000	0.000000	0.018079
132	tsk_132	(x)	1	:	0.000000	0.019956	0.000000	0.000000	0.000000	0.000000	0.000000	0.000000	0.000000	0.000000	0.000000	0.328161	0.583131	0.000000	0.068751
133	tsk_133	(x)	1	:	0.000000	0.000000	0.000000	0.000000	0.000000	0.000000	0.000000	0.000000	0.000000	0.000000	0.000000	0.313247	0.492936	0.000000	0.193817
134	tsk_134	(x)	1	:	0.000000	0.170119	0.000000	0.000000	0.000000	0.000000	0.000000	0.000000	0.000000	0.000000	0.000000	0.502391	0.000000	0.000000	0.327490
135	tsk_135	(x)	1	:	0.000000	0.000000	1.000000	0.000000	0.000000	0.000000	0.000000	0.000000	0.000000	0.000000	0.000000	0.000000	0.000000	0.000000	0.000000
136	tsk_136	(x)	1	:	0.449829	0.007781	0.500830	0.000000	0.000000	0.000000	0.000000	0.000000	0.000000	0.000000	0.000000	0.025851	0.000000	0.000000	0.015709
137	tsk_137	(x)	1	:	0.448460	0.013804	0.000000	0.000000	0.000000	0.000000	0.000000	0.000000	0.000000	0.000000	0.000000	0.481999	0.000000	0.000000	0.055736
138	tsk_138	(x)	1	:	0.599382	0.053475	0.250466	0.000000	0.000000	0.000000	0.000000	0.000000	0.000000	0.000000	0.000000	0.068915	0.000000	0.000000	0.027762
139	tsk_139	(x)	1	:	0.490959	0.076405	0.250208	0.000000	0.000000	0.000000	0.000000	0.000000	0.000000	0.000000	0.000000	0.124743	0.000000	0.000000	0.057685
140	tsk_140	(x)	1	:	0.452002	0.001823	0.000000	0.488461	0.000000	0.000000	0.000000	0.000000	0.000000	0.000000	0.000000	0.044605	0.000000	0.000000	0.013109
141	tsk_141	(x)	1	:	0.448478	0.145169	0.000000	0.000000	0.000000	0.000000	0.000036	0.000000	0.000000	0.000000	0.000000	0.383931	0.000000	0.000000	0.022386
142	tsk_142	(x)	1	:	0.000000	0.000000	0.507669	0.492331	0.000000	0.000000	0.000000	0.000000	0.000000	0.000000	0.000000	0.000000	0.000000	0.000000	0.000000
143	tsk_143	(x)	1	:	0.448150	0.044398	0.000000	0.000000	0.000000	0.000000	0.000000	0.000000	0.000000	0.000000	0.000000	0.001530	0.505605	0.000000	0.000317
144	tsk_144	(x)	1	:	0.000000	0.000000	0.499256	0.000000	0.000000	0.000000	0.000000	0.000000	0.000000	0.000000	0.000000	0.000000	0.000000	0.462762	0.037982
145	tsk_145	(x)	1	:	0.000000	0.219013	0.000000	0.000000	0.000000	0.000000	0.000000	0.000000	0.000000	0.000000	0.000000	0.668051	0.000000	0.000000	0.112936
146	tsk_146	(x)	1	:	0.000000	0.197212	0.000000	0.000000	0.000000	0.000000	0.000000	0.000000	0.000000	0.000000	0.000000	0.632329	0.000000	0.000000	0.170459
147	tsk_147	(x)	1	:	0.000000	0.400203	0.000000	0.000000	0.000000	0.000000	0.000000	0.000000	0.000000	0.000000	0.000000	0.090059	0.505584	0.000000	0.004154
148	tsk_148	(x)	1	:	0.000000	0.000000	1.000000	0.000000	0.000000	0.000000	0.000000	0.000000	0.000000	0.000000	0.000000	0.000000	0.000000	0.000000	0.000000
149	tsk_149	(x)	1	:	0.448459	0.044931	0.000000	0.000000	0.000000	0.000000	0.000000	0.000000	0.000000	0.000000	0.000000	0.506610	0.000000	0.000000	0.000000
