logL = -1320.549222 (converged)
AIC = 3049.098444
BIC = 3663.268044

count.K
104 46 

