logL = -1457.952496 (converged)
AIC = 5671.904993
BIC = 9820.560428

count.K
25 11 5 1 71 13 0 24 

