logL = -1472.553922 (converged)
AIC = 3731.107843
BIC = 4914.287514

count.K
85 28 37 

