logL = -995.152832 (converged)
AIC = 4634.305664
BIC = 8614.365523

count.K
15 1 43 0 32 25 9 25 

