logL = -1730.330616 (converged)
AIC = 7100.661233
BIC = 12580.017468

count.K
20 11 13 4 32 6 17 12 30 5 

