logL = -1622.384944 (converged)
AIC = 6128.769887
BIC = 10470.105981

count.K
6 26 8 39 17 18 8 28 

