logL = -1023.074461 (converged)
AIC = 7176.148922
BIC = 14898.428452

count.K
1 2 20 3 5 3 17 9 22 15 5 6 29 1 12 

