logL = -955.357679 (converged)
AIC = 7100.715357
BIC = 14913.313945

count.K
29 21 1 16 1 13 1 1 18 6 16 4 15 6 2 

