0	tsk_0	(x)	1	:	0.000000	0.000000	0.493274	0.000000	0.000000	0.000000	0.000000	0.000000	0.000000	0.207499	0.299227	0.000000
1	tsk_1	(x)	1	:	0.000000	0.000000	0.871940	0.000000	0.000000	0.000000	0.000000	0.000000	0.000000	0.128060	0.000000	0.000000
2	tsk_2	(x)	1	:	0.000000	0.246015	0.000000	0.000000	0.000000	0.000000	0.000000	0.253985	0.000000	0.000000	0.000000	0.500000
3	tsk_3	(x)	1	:	0.000000	0.000000	0.483634	0.000000	0.000000	0.000000	0.516365	0.000000	0.000000	0.000000	0.000000	0.000000
4	tsk_4	(x)	1	:	0.000000	0.015163	0.398194	0.000000	0.000000	0.000000	0.021825	0.479364	0.000000	0.085454	0.000000	0.000000
5	tsk_5	(x)	1	:	0.000000	0.000000	0.477285	0.000000	0.000000	0.000000	0.000000	0.000000	0.000000	0.237876	0.000000	0.284839
6	tsk_6	(x)	1	:	0.000000	0.000000	0.483634	0.000000	0.000000	0.000000	0.516365	0.000000	0.000000	0.000000	0.000000	0.000000
7	tsk_7	(x)	1	:	0.000000	0.000000	0.000000	0.000000	0.000000	0.000000	0.500000	0.000000	0.000000	0.000000	0.000000	0.500000
8	tsk_8	(x)	1	:	0.000000	0.000000	0.477285	0.000000	0.000000	0.000000	0.000000	0.000000	0.000000	0.237876	0.000000	0.284839
9	tsk_9	(x)	1	:	0.000000	0.000000	0.579552	0.000000	0.000000	0.000000	0.000000	0.000000	0.000000	0.000000	0.377355	0.043092
10	tsk_10	(x)	1	:	0.000000	0.219316	0.000000	0.000000	0.000000	0.000000	0.000000	0.280684	0.000000	0.000000	0.000000	0.500000
11	tsk_11	(x)	1	:	0.000000	0.317285	0.483523	0.000000	0.000000	0.000000	0.016479	0.182713	0.000000	0.000000	0.000000	0.000000
12	tsk_12	(x)	1	:	0.000000	0.342836	0.000000	0.000000	0.000000	0.000000	0.000000	0.657164	0.000000	0.000000	0.000000	0.000000
13	tsk_13	(x)	1	:	0.502197	0.281928	0.000000	0.000000	0.000000	0.000000	0.000000	0.215875	0.000000	0.000000	0.000000	0.000000
14	tsk_14	(x)	1	:	0.000000	0.228497	0.000000	0.000000	0.000000	0.000000	0.000000	0.268049	0.000000	0.000000	0.503454	0.000000
15	tsk_15	(x)	1	:	0.000000	0.044906	0.000000	0.000000	0.000000	0.000000	0.000000	0.955094	0.000000	0.000000	0.000000	0.000000
16	tsk_16	(x)	1	:	0.000000	0.243573	0.000000	0.000000	0.000000	0.000000	0.000000	0.252974	0.000000	0.000000	0.503454	0.000000
17	tsk_17	(x)	1	:	0.000000	0.331953	0.000000	0.000000	0.000000	0.000000	0.000000	0.168047	0.000000	0.000000	0.000000	0.500000
18	tsk_18	(x)	1	:	0.000000	0.223091	0.000000	0.000000	0.000000	0.000000	0.000000	0.276909	0.000000	0.000000	0.000000	0.500000
19	tsk_19	(x)	1	:	0.000000	0.227607	0.483523	0.000000	0.000000	0.000000	0.016479	0.272390	0.000000	0.000000	0.000000	0.000000
20	tsk_20	(x)	1	:	0.000000	0.289222	0.483502	0.000000	0.000000	0.000000	0.016501	0.210775	0.000000	0.000000	0.000000	0.000000
21	tsk_21	(x)	1	:	0.000000	0.000000	0.630972	0.000000	0.000000	0.000000	0.000000	0.000000	0.000000	0.000000	0.369018	0.000010
22	tsk_22	(x)	1	:	0.000000	0.060967	0.483530	0.000000	0.000000	0.000000	0.016505	0.026105	0.412893	0.000000	0.000000	0.000000
23	tsk_23	(x)	1	:	0.000000	0.000000	1.000000	0.000000	0.000000	0.000000	0.000000	0.000000	0.000000	0.000000	0.000000	0.000000
24	tsk_24	(x)	1	:	0.000000	0.000000	1.000000	0.000000	0.000000	0.000000	0.000000	0.000000	0.000000	0.000000	0.000000	0.000000
25	tsk_25	(x)	1	:	0.448074	0.000000	0.551926	0.000000	0.000000	0.000000	0.000000	0.000000	0.000000	0.000000	0.000000	0.000000
26	tsk_26	(x)	1	:	0.000000	0.212042	0.483518	0.000000	0.000000	0.000000	0.016484	0.287956	0.000000	0.000000	0.000000	0.000000
27	tsk_27	(x)	1	:	0.000000	0.228537	0.483511	0.000000	0.000000	0.000000	0.016491	0.271461	0.000000	0.000000	0.000000	0.000000
28	tsk_28	(x)	1	:	0.502197	0.222701	0.000000	0.000000	0.000000	0.000000	0.000000	0.275102	0.000000	0.000000	0.000000	0.000000
29	tsk_29	(x)	1	:	0.000000	0.000000	0.471226	0.000000	0.000000	0.000000	0.000000	0.000000	0.000000	0.000000	0.528774	0.000000
30	tsk_30	(x)	1	:	0.000000	0.043082	0.000000	0.000000	0.000000	0.000000	0.000000	0.041995	0.413192	0.249478	0.000000	0.252253
31	tsk_31	(x)	1	:	0.000000	0.000000	0.000000	0.000000	0.522770	0.000000	0.000000	0.477230	0.000000	0.000000	0.000000	0.000000
32	tsk_32	(x)	1	:	0.000000	0.177369	0.000000	0.000000	0.000000	0.272014	0.000000	0.322588	0.000000	0.000000	0.000000	0.228028
33	tsk_33	(x)	1	:	0.000000	0.000000	0.000000	0.000000	0.000000	0.000000	0.000000	1.000000	0.000000	0.000000	0.000000	0.000000
34	tsk_34	(x)	1	:	0.000000	0.022242	0.000000	0.000000	0.438748	0.000000	0.000000	0.539010	0.000000	0.000000	0.000000	0.000000
35	tsk_35	(x)	1	:	0.000000	0.178866	0.000000	0.000000	0.000000	0.000000	0.000000	0.821134	0.000000	0.000000	0.000000	0.000000
36	tsk_36	(x)	1	:	0.000000	0.032789	0.000000	0.000000	0.000000	0.000000	0.000000	0.052538	0.412946	0.249478	0.000000	0.252249
37	tsk_37	(x)	1	:	0.000000	0.048445	0.000000	0.000000	0.000000	0.000000	0.000000	0.041238	0.412836	0.000000	0.497480	0.000000
38	tsk_38	(x)	1	:	0.000000	0.000000	0.000000	0.000000	0.000000	0.000000	0.000000	0.588541	0.411459	0.000000	0.000000	0.000000
39	tsk_39	(x)	1	:	0.000000	0.106399	0.000000	0.000000	0.000000	0.000000	0.000000	0.482142	0.411459	0.000000	0.000000	0.000000
40	tsk_40	(x)	1	:	0.000000	0.000000	0.000000	0.000000	0.000000	0.000000	1.000000	0.000000	0.000000	0.000000	0.000000	0.000000
41	tsk_41	(x)	1	:	0.000000	0.314019	0.000000	0.000000	0.000000	0.000000	0.500000	0.185981	0.000000	0.000000	0.000000	0.000000
42	tsk_42	(x)	1	:	0.000000	0.000000	0.483634	0.000000	0.000000	0.000000	0.516365	0.000000	0.000000	0.000000	0.000000	0.000000
43	tsk_43	(x)	1	:	0.000000	0.000000	0.000000	0.000000	0.000000	0.000000	1.000000	0.000000	0.000000	0.000000	0.000000	0.000000
44	tsk_44	(x)	1	:	0.000000	0.225600	0.483513	0.000000	0.000000	0.000000	0.016489	0.274397	0.000000	0.000000	0.000000	0.000000
45	tsk_45	(x)	1	:	0.000000	0.000000	0.001217	0.000000	0.000000	0.000000	0.516712	0.000000	0.000000	0.000000	0.482071	0.000000
46	tsk_46	(x)	1	:	0.000000	0.000000	0.513069	0.000000	0.000000	0.430741	0.000000	0.000000	0.000000	0.056189	0.000000	0.000000
47	tsk_47	(x)	1	:	0.000000	0.000000	0.000000	0.000000	0.000000	0.000000	0.000000	1.000000	0.000000	0.000000	0.000000	0.000000
48	tsk_48	(x)	1	:	0.000000	0.023704	0.000000	0.000000	0.000000	0.000000	0.000000	0.976296	0.000000	0.000000	0.000000	0.000000
49	tsk_49	(x)	1	:	0.000000	0.000000	0.000000	0.000000	0.000000	0.000000	1.000000	0.000000	0.000000	0.000000	0.000000	0.000000
50	tsk_50	(x)	1	:	0.566465	0.000000	0.000000	0.000000	0.000000	0.000000	0.000000	0.000000	0.000000	0.000000	0.000000	0.433535
51	tsk_51	(x)	1	:	0.507954	0.167149	0.000000	0.000000	0.000000	0.000000	0.000000	0.324897	0.000000	0.000000	0.000000	0.000000
52	tsk_52	(x)	1	:	0.000000	0.189878	0.000000	0.000000	0.000000	0.000000	0.500000	0.310122	0.000000	0.000000	0.000000	0.000000
53	tsk_53	(x)	1	:	0.000000	0.234403	0.000000	0.000000	0.000000	0.272014	0.000000	0.265555	0.000000	0.000000	0.000000	0.228029
54	tsk_54	(x)	1	:	0.507954	0.254709	0.000000	0.000000	0.000000	0.000000	0.000000	0.237337	0.000000	0.000000	0.000000	0.000000
55	tsk_55	(x)	1	:	0.505121	0.000000	0.000000	0.000000	0.494879	0.000000	0.000000	0.000000	0.000000	0.000000	0.000000	0.000000
56	tsk_56	(x)	1	:	0.000000	0.247427	0.000000	0.000000	0.000000	0.000000	0.500000	0.252573	0.000000	0.000000	0.000000	0.000000
57	tsk_57	(x)	1	:	0.000000	0.233458	0.000000	0.000000	0.000000	0.000000	0.000000	0.266542	0.000000	0.000000	0.000000	0.500000
58	tsk_58	(x)	1	:	0.566465	0.000000	0.000000	0.000000	0.000000	0.000000	0.000000	0.000000	0.000000	0.000000	0.000000	0.433535
59	tsk_59	(x)	1	:	0.000000	0.000000	0.000000	0.000000	0.000000	0.000000	1.000000	0.000000	0.000000	0.000000	0.000000	0.000000
60	tsk_60	(x)	1	:	0.000000	0.000000	0.000000	0.000000	0.522770	0.000000	0.000000	0.477230	0.000000	0.000000	0.000000	0.000000
61	tsk_61	(x)	1	:	0.000000	0.000000	0.000000	0.000000	0.501675	0.000000	0.000000	0.000000	0.000000	0.000000	0.000000	0.498325
62	tsk_62	(x)	1	:	0.000000	0.196742	0.000000	0.000000	0.000000	0.256433	0.000000	0.303225	0.000000	0.000000	0.000000	0.243599
63	tsk_63	(x)	1	:	0.000000	0.000000	0.000000	0.000000	0.000000	0.514568	0.000000	0.000000	0.000000	0.000000	0.000000	0.485432
64	tsk_64	(x)	1	:	0.000000	0.123409	0.000000	0.000000	0.000000	0.000000	0.000000	0.876591	0.000000	0.000000	0.000000	0.000000
65	tsk_65	(x)	1	:	0.000000	0.000000	0.000000	0.000000	0.000000	0.000000	0.000000	0.000000	0.000000	0.000000	0.469125	0.530875
66	tsk_66	(x)	1	:	0.000000	0.000000	0.000000	0.000000	0.000000	0.256295	0.000000	0.000000	0.000000	0.000000	0.537525	0.206180
67	tsk_67	(x)	1	:	0.000000	0.348851	0.000000	0.000000	0.000000	0.256433	0.000000	0.151116	0.000000	0.000000	0.000000	0.243599
68	tsk_68	(x)	1	:	0.000000	0.313269	0.000000	0.000000	0.000000	0.000000	0.000000	0.183277	0.000000	0.000000	0.503454	0.000000
69	tsk_69	(x)	1	:	0.000000	0.186333	0.000000	0.000000	0.000000	0.256433	0.000000	0.313635	0.000000	0.000000	0.000000	0.243599
70	tsk_70	(x)	1	:	0.000000	0.000000	0.000000	0.000000	0.499207	0.000000	0.000000	0.000000	0.000000	0.000000	0.500793	0.000000
71	tsk_71	(x)	1	:	0.000000	0.000000	0.483405	0.000000	0.502629	0.000000	0.013966	0.000000	0.000000	0.000000	0.000000	0.000000
72	tsk_72	(x)	1	:	0.000000	0.000000	0.483413	0.000000	0.502629	0.000000	0.013957	0.000000	0.000000	0.000000	0.000000	0.000000
73	tsk_73	(x)	1	:	0.000000	0.348890	0.483508	0.000000	0.000000	0.000000	0.016494	0.151108	0.000000	0.000000	0.000000	0.000000
74	tsk_74	(x)	1	:	0.000000	0.000000	0.000000	0.000000	0.536928	0.000000	0.000000	0.463072	0.000000	0.000000	0.000000	0.000000
75	tsk_75	(x)	1	:	0.000000	0.000000	0.483388	0.000000	0.502629	0.000000	0.013983	0.000000	0.000000	0.000000	0.000000	0.000000
76	tsk_76	(x)	1	:	0.000000	0.000000	0.483590	0.000000	0.496087	0.000000	0.020323	0.000000	0.000000	0.000000	0.000000	0.000000
77	tsk_77	(x)	1	:	0.000000	0.000000	0.000000	0.000000	1.000000	0.000000	0.000000	0.000000	0.000000	0.000000	0.000000	0.000000
78	tsk_78	(x)	1	:	0.000000	0.007914	0.000000	0.000000	0.537565	0.000000	0.000000	0.041003	0.413518	0.000000	0.000000	0.000000
79	tsk_79	(x)	1	:	0.000000	0.000000	0.000000	0.000000	1.000000	0.000000	0.000000	0.000000	0.000000	0.000000	0.000000	0.000000
80	tsk_80	(x)	1	:	0.499948	0.029500	0.000000	0.000000	0.000000	0.000000	0.000000	0.057678	0.412875	0.000000	0.000000	0.000000
81	tsk_81	(x)	1	:	0.000000	0.274860	0.000000	0.000000	0.000000	0.000000	0.000000	0.225140	0.000000	0.000000	0.000000	0.500000
82	tsk_82	(x)	1	:	0.502230	0.046898	0.000000	0.000000	0.000000	0.000000	0.000000	0.037957	0.412915	0.000000	0.000000	0.000000
83	tsk_83	(x)	1	:	0.000000	0.000000	0.000000	0.000000	0.000000	0.000000	0.000000	0.000066	0.999934	0.000000	0.000000	0.000000
84	tsk_84	(x)	1	:	0.502197	0.308832	0.000000	0.000000	0.000000	0.000000	0.000000	0.188971	0.000000	0.000000	0.000000	0.000000
85	tsk_85	(x)	1	:	0.502197	0.109231	0.000000	0.000000	0.000000	0.000000	0.000000	0.388572	0.000000	0.000000	0.000000	0.000000
86	tsk_86	(x)	1	:	0.502197	0.279645	0.000000	0.000000	0.000000	0.000000	0.000000	0.218158	0.000000	0.000000	0.000000	0.000000
87	tsk_87	(x)	1	:	0.000000	0.040538	0.000000	0.000000	0.000000	0.000000	0.000000	0.049147	0.412834	0.000000	0.497480	0.000000
88	tsk_88	(x)	1	:	0.496886	0.000000	0.000000	0.000000	0.000000	0.000000	0.000000	0.000000	0.000000	0.000000	0.000000	0.503114
89	tsk_89	(x)	1	:	0.502197	0.284469	0.000000	0.000000	0.000000	0.000000	0.000000	0.213334	0.000000	0.000000	0.000000	0.000000
90	tsk_90	(x)	1	:	0.459577	0.073422	0.000000	0.000000	0.000000	0.000000	0.000000	0.073949	0.356514	0.000000	0.000207	0.036333
91	tsk_91	(x)	1	:	0.000000	0.000000	0.000000	0.000000	0.000000	0.000000	0.000000	0.000000	0.000000	0.000000	0.537937	0.462063
92	tsk_92	(x)	1	:	0.000000	0.000000	0.495966	0.000000	0.000000	0.504034	0.000000	0.000000	0.000000	0.000000	0.000000	0.000000
93	tsk_93	(x)	1	:	0.485461	0.039185	0.000000	0.000000	0.000000	0.000000	0.000000	0.118817	0.356456	0.000000	0.000005	0.000077
94	tsk_94	(x)	1	:	0.000000	0.000000	0.000000	0.000000	0.000000	0.271439	0.000000	0.000000	0.000000	0.000000	0.537290	0.191270
95	tsk_95	(x)	1	:	0.485461	0.084450	0.000000	0.000000	0.000000	0.000000	0.000000	0.073552	0.356456	0.000000	0.000004	0.000077
96	tsk_96	(x)	1	:	0.000000	0.086463	0.000000	0.000000	0.000000	0.272014	0.000000	0.056929	0.356546	0.000000	0.000000	0.228048
97	tsk_97	(x)	1	:	0.000000	0.000000	0.000000	0.000000	0.000000	0.272852	0.000000	0.000000	0.000000	0.000000	0.000000	0.727148
98	tsk_98	(x)	1	:	0.381988	0.000000	0.000000	0.000000	0.000000	0.000000	0.000000	0.000000	0.000000	0.000000	0.618012	0.000000
99	tsk_99	(x)	1	:	0.485460	0.068305	0.000000	0.000000	0.000000	0.000000	0.000000	0.089697	0.356456	0.000000	0.000005	0.000076
100	tsk_100	(x)	1	:	0.252243	0.230036	0.000000	0.000000	0.000000	0.000000	0.000000	0.264704	0.000000	0.000000	0.253017	0.000000
101	tsk_101	(x)	1	:	0.000000	0.120731	0.000000	0.000000	0.000000	0.000000	0.000000	0.523323	0.355945	0.000000	0.000000	0.000000
102	tsk_102	(x)	1	:	0.000000	0.222977	0.000000	0.000000	0.000000	0.000000	0.000000	0.279574	0.000000	0.000000	0.497449	0.000000
103	tsk_103	(x)	1	:	0.000000	0.000000	0.000000	0.000000	0.000000	0.000000	0.000000	0.644055	0.355945	0.000000	0.000000	0.000000
104	tsk_104	(x)	1	:	0.000000	0.046792	0.000000	0.000000	0.000000	0.000000	0.000000	0.315032	0.638175	0.000000	0.000000	0.000000
105	tsk_105	(x)	1	:	0.000000	0.086765	0.000000	0.000000	0.000000	0.000000	0.000000	0.250383	0.662852	0.000000	0.000000	0.000000
106	tsk_106	(x)	1	:	0.463037	0.000000	0.000000	0.000000	0.000000	0.536963	0.000000	0.000000	0.000000	0.000000	0.000000	0.000000
107	tsk_107	(x)	1	:	0.000000	0.074711	0.000000	0.000000	0.000000	0.000000	0.000000	0.262437	0.662852	0.000000	0.000000	0.000000
108	tsk_108	(x)	1	:	0.000000	0.307685	0.000000	0.000000	0.000000	0.000000	0.000000	0.194866	0.000000	0.000000	0.497449	0.000000
109	tsk_109	(x)	1	:	0.000000	0.197617	0.000000	0.000000	0.000000	0.000000	0.000000	0.304934	0.000000	0.000000	0.497449	0.000000
110	tsk_110	(x)	1	:	0.000000	0.000000	0.000000	0.000000	0.000000	0.250889	0.000000	0.000000	0.000000	0.000000	0.000000	0.749111
111	tsk_111	(x)	1	:	0.000000	0.000000	0.495903	0.000000	0.000000	0.000000	0.000000	0.000000	0.000000	0.000000	0.000000	0.504097
112	tsk_112	(x)	1	:	0.000000	0.044136	0.000000	0.000000	0.000000	0.000000	0.000000	0.040109	0.412949	0.000000	0.502806	0.000000
113	tsk_113	(x)	1	:	0.000000	0.000000	0.495529	0.000000	0.000000	0.250462	0.000000	0.000000	0.000000	0.000000	0.000000	0.254008
114	tsk_114	(x)	1	:	0.377148	0.000000	0.000000	0.000000	0.000000	0.250693	0.000000	0.000000	0.000000	0.000000	0.010770	0.361389
115	tsk_115	(x)	1	:	0.000000	0.041970	0.000000	0.000000	0.000000	0.000000	0.000000	0.045113	0.412884	0.000000	0.000000	0.500033
116	tsk_116	(x)	1	:	0.000000	0.000000	0.000000	0.000000	0.000000	0.000000	0.000000	0.000010	0.999990	0.000000	0.000000	0.000000
117	tsk_117	(x)	1	:	0.000000	0.000000	0.000000	0.000000	0.000000	0.250889	0.000000	0.000000	0.000000	0.000000	0.000000	0.749111
118	tsk_118	(x)	1	:	0.000000	0.000000	0.000000	0.000000	0.000000	0.250352	0.000000	0.000000	0.000000	0.000000	0.529995	0.219653
119	tsk_119	(x)	1	:	0.000000	0.000000	0.000000	0.000000	0.000000	0.000000	0.000000	0.000000	0.000000	0.000000	1.000000	0.000000
120	tsk_120	(x)	1	:	0.000000	0.011115	0.000000	0.000000	0.000000	0.000000	0.000000	0.239603	0.749283	0.000000	0.000000	0.000000
121	tsk_121	(x)	1	:	0.000000	0.000000	0.000000	0.000000	0.000000	0.000000	0.000000	0.000053	0.999947	0.000000	0.000000	0.000000
122	tsk_122	(x)	1	:	0.000000	0.000000	0.495903	0.000000	0.000000	0.000000	0.000000	0.000000	0.000000	0.000000	0.000000	0.504097
123	tsk_123	(x)	1	:	0.000000	0.081092	0.000000	0.000000	0.000000	0.000000	0.000000	0.169625	0.749283	0.000000	0.000000	0.000000
124	tsk_124	(x)	1	:	0.000000	0.084856	0.000000	0.000000	0.000000	0.000000	0.000000	0.276969	0.638175	0.000000	0.000000	0.000000
125	tsk_125	(x)	1	:	0.000000	0.027930	0.000000	0.000000	0.000000	0.000000	0.000000	0.222788	0.749283	0.000000	0.000000	0.000000
126	tsk_126	(x)	1	:	0.000000	0.099582	0.000000	0.000000	0.000000	0.000000	0.000000	0.544473	0.355945	0.000000	0.000000	0.000000
127	tsk_127	(x)	1	:	0.000000	0.141911	0.000000	0.000000	0.000000	0.000000	0.000000	0.858089	0.000000	0.000000	0.000000	0.000000
128	tsk_128	(x)	1	:	0.000000	0.000000	0.000000	0.000000	0.000000	0.000000	0.000000	0.361825	0.638175	0.000000	0.000000	0.000000
129	tsk_129	(x)	1	:	0.000000	0.000000	1.000000	0.000000	0.000000	0.000000	0.000000	0.000000	0.000000	0.000000	0.000000	0.000000
130	tsk_130	(x)	1	:	0.000000	0.202711	0.483515	0.000000	0.000000	0.000000	0.016487	0.297286	0.000000	0.000000	0.000000	0.000000
131	tsk_131	(x)	1	:	0.000000	0.366792	0.000000	0.000000	0.000000	0.272014	0.000000	0.133166	0.000000	0.000000	0.000000	0.228028
132	tsk_132	(x)	1	:	0.000000	0.211423	0.000000	0.343863	0.000000	0.000000	0.157396	0.287318	0.000000	0.000000	0.000000	0.000000
133	tsk_133	(x)	1	:	0.000000	0.000000	0.000000	0.344854	0.000000	0.000000	0.167321	0.000000	0.000000	0.000000	0.000000	0.487825
134	tsk_134	(x)	1	:	0.000000	0.000000	0.000000	0.535769	0.000000	0.000000	0.000000	0.000000	0.000000	0.000000	0.000000	0.464231
135	tsk_135	(x)	1	:	0.000000	0.000000	0.000000	0.000000	0.495966	0.272048	0.000000	0.000000	0.000000	0.000000	0.000000	0.231986
136	tsk_136	(x)	1	:	0.000000	0.223716	0.000000	0.000000	0.000000	0.272014	0.000000	0.276241	0.000000	0.000000	0.000000	0.228029
137	tsk_137	(x)	1	:	0.000000	0.214155	0.000000	0.343863	0.000000	0.000000	0.157396	0.284586	0.000000	0.000000	0.000000	0.000000
138	tsk_138	(x)	1	:	0.000000	0.000000	0.000000	0.535769	0.000000	0.000000	0.000000	0.000000	0.000000	0.000000	0.000000	0.464231
139	tsk_139	(x)	1	:	0.000000	0.284316	0.483516	0.000000	0.000000	0.000000	0.016486	0.215682	0.000000	0.000000	0.000000	0.000000
140	tsk_140	(x)	1	:	0.000000	0.000000	0.000000	0.000000	0.000000	0.000000	0.000000	1.000000	0.000000	0.000000	0.000000	0.000000
141	tsk_141	(x)	1	:	0.000000	0.000000	0.000000	0.000000	0.000000	0.000000	0.000000	0.000000	0.000000	0.252520	0.449852	0.297627
142	tsk_142	(x)	1	:	0.000000	0.000000	0.000000	0.000000	0.000000	0.000000	0.000000	0.000000	0.000000	0.000000	1.000000	0.000000
143	tsk_143	(x)	1	:	0.000000	0.227052	0.000000	0.000000	0.000000	0.000000	0.000000	0.275499	0.000000	0.000000	0.497449	0.000000
144	tsk_144	(x)	1	:	0.000000	0.000000	0.000000	0.000000	0.000000	0.000000	0.000000	0.000000	0.000000	0.252520	0.449852	0.297627
145	tsk_145	(x)	1	:	0.000000	0.000000	0.000000	0.000000	0.000000	0.508337	0.000000	0.000000	0.000000	0.000000	0.491663	0.000000
146	tsk_146	(x)	1	:	0.000000	0.040016	0.000000	0.000000	0.000000	0.000000	0.000000	0.046553	0.410832	0.000000	0.502599	0.000000
147	tsk_147	(x)	1	:	0.000000	0.000000	0.000000	0.000000	0.000000	0.000000	0.000000	0.000000	0.000000	0.000000	1.000000	0.000000
148	tsk_148	(x)	1	:	0.000000	0.034012	0.000000	0.000000	0.000000	0.000000	0.000000	0.463550	0.000000	0.350510	0.000000	0.151928
149	tsk_149	(x)	1	:	0.000000	0.207836	0.000000	0.000000	0.000000	0.000000	0.000000	0.792164	0.000000	0.000000	0.000000	0.000000
