0	tsk_0	(x)	1	:	0.000000	0.000000	0.000000	0.000000	0.000000	0.000000	0.512795	0.000000	0.487133	0.000000	0.000000	0.000071	0.000000
1	tsk_1	(x)	1	:	0.000000	0.000000	0.000000	0.000000	0.000000	0.000000	0.513272	0.000000	0.000000	0.486728	0.000000	0.000000	0.000000
2	tsk_2	(x)	1	:	0.000000	0.000000	0.000000	0.000000	0.000001	0.000000	0.000000	0.999999	0.000000	0.000000	0.000000	0.000000	0.000000
3	tsk_3	(x)	1	:	0.000000	0.000000	0.000000	0.500017	0.000002	0.000000	0.000000	0.497417	0.000000	0.000000	0.000000	0.002564	0.000000
4	tsk_4	(x)	1	:	0.000000	0.000000	0.000000	0.000000	0.000001	0.000000	0.000000	0.999999	0.000000	0.000000	0.000000	0.000000	0.000000
5	tsk_5	(x)	1	:	0.000000	0.000000	0.000000	0.000000	0.000001	0.000000	0.000000	0.502372	0.497627	0.000000	0.000000	0.000000	0.000000
6	tsk_6	(x)	1	:	0.000000	0.000000	0.000000	0.000000	0.000000	0.000000	0.000000	1.000000	0.000000	0.000000	0.000000	0.000000	0.000000
7	tsk_7	(x)	1	:	0.000000	0.000000	0.000000	0.000000	0.000003	0.000000	0.000000	0.999997	0.000000	0.000000	0.000000	0.000000	0.000000
8	tsk_8	(x)	1	:	0.000000	0.000000	0.000000	0.000000	0.000000	0.000000	0.000000	0.000000	1.000000	0.000000	0.000000	0.000000	0.000000
9	tsk_9	(x)	1	:	0.000000	0.000000	0.000000	0.000000	0.000001	0.000000	0.000000	0.502373	0.497627	0.000000	0.000000	0.000000	0.000000
10	tsk_10	(x)	1	:	0.000000	0.000000	0.000000	0.000000	0.000000	0.000000	0.000000	0.503603	0.000000	0.000000	0.000000	0.496397	0.000000
11	tsk_11	(x)	1	:	0.000000	0.000000	0.000002	0.000000	0.000003	0.000000	0.000000	0.505456	0.000000	0.000000	0.000000	0.494539	0.000000
12	tsk_12	(x)	1	:	0.000000	0.000000	0.000000	0.000000	0.000002	0.000000	0.000000	0.502371	0.497627	0.000000	0.000000	0.000000	0.000000
13	tsk_13	(x)	1	:	0.506545	0.000000	0.000000	0.000000	0.000000	0.000000	0.000000	0.000000	0.493090	0.000000	0.000000	0.000365	0.000000
14	tsk_14	(x)	1	:	0.506257	0.000000	0.000000	0.000000	0.000000	0.000000	0.000000	0.493552	0.000000	0.000000	0.000000	0.000191	0.000000
15	tsk_15	(x)	1	:	0.000000	0.000000	0.000000	0.000000	0.000000	0.000000	0.000000	0.000000	0.002663	0.000000	0.504044	0.493293	0.000000
16	tsk_16	(x)	1	:	0.000000	0.000000	0.000000	0.000000	0.000000	0.000000	0.000000	0.000000	0.000000	0.000000	0.000000	1.000000	0.000000
17	tsk_17	(x)	1	:	0.000000	0.000000	0.000000	0.000000	0.000000	0.000000	0.000000	0.000000	0.000000	0.000000	0.000000	1.000000	0.000000
18	tsk_18	(x)	1	:	0.509307	0.000000	0.000000	0.000000	0.000000	0.000000	0.000000	0.000000	0.000000	0.000000	0.000000	0.490693	0.000000
19	tsk_19	(x)	1	:	0.000000	0.000000	0.000000	0.000000	0.000000	0.000000	0.000000	0.000000	0.000000	0.000000	0.000000	1.000000	0.000000
20	tsk_20	(x)	1	:	0.000000	0.000000	0.000000	0.009527	0.000000	0.493567	0.000000	0.000000	0.495760	0.000000	0.000000	0.001146	0.000000
21	tsk_21	(x)	1	:	0.000000	0.000000	0.000000	0.499163	0.000000	0.000000	0.000000	0.000000	0.000716	0.000000	0.499046	0.001074	0.000000
22	tsk_22	(x)	1	:	0.000000	0.000000	0.000000	0.499956	0.000003	0.000000	0.000000	0.497376	0.000000	0.000000	0.000000	0.002665	0.000000
23	tsk_23	(x)	1	:	0.506546	0.000000	0.000000	0.000000	0.000000	0.000000	0.000000	0.000000	0.493094	0.000000	0.000000	0.000360	0.000000
24	tsk_24	(x)	1	:	0.000000	0.000000	0.000000	0.500000	0.000000	0.500000	0.000000	0.000000	0.000000	0.000000	0.000000	0.000000	0.000000
25	tsk_25	(x)	1	:	0.000000	0.000000	0.000000	0.000000	0.000000	0.518200	0.000000	0.000000	0.000000	0.481800	0.000000	0.000000	0.000000
26	tsk_26	(x)	1	:	0.000000	0.500475	0.000000	0.000000	0.000000	0.000000	0.000000	0.000000	0.497703	0.000000	0.000000	0.001822	0.000000
27	tsk_27	(x)	1	:	0.000000	0.000000	0.000000	0.000000	0.000008	0.000000	0.000000	0.502363	0.497629	0.000000	0.000000	0.000000	0.000000
28	tsk_28	(x)	1	:	0.000000	0.000000	0.000000	0.000000	0.000000	0.000000	0.000000	0.000000	1.000000	0.000000	0.000000	0.000000	0.000000
29	tsk_29	(x)	1	:	0.000000	0.000000	0.000000	0.000000	0.000003	0.000000	0.000000	0.502369	0.497628	0.000000	0.000000	0.000000	0.000000
30	tsk_30	(x)	1	:	0.000000	0.500175	0.000000	0.000000	0.000001	0.000000	0.000000	0.498085	0.000000	0.000000	0.000000	0.001738	0.000000
31	tsk_31	(x)	1	:	0.506563	0.000000	0.000000	0.000000	0.000000	0.000000	0.000000	0.000000	0.493160	0.000000	0.000000	0.000277	0.000000
32	tsk_32	(x)	1	:	0.000000	0.000000	0.000000	0.499882	0.000005	0.000000	0.000000	0.497325	0.000000	0.000000	0.000000	0.002789	0.000000
33	tsk_33	(x)	1	:	0.000000	0.000000	0.000000	0.009903	0.000006	0.492292	0.000000	0.496321	0.000000	0.000000	0.000000	0.001478	0.000000
34	tsk_34	(x)	1	:	0.506150	0.000000	0.000000	0.493601	0.000000	0.000000	0.000000	0.000000	0.000000	0.000000	0.000000	0.000249	0.000000
35	tsk_35	(x)	1	:	0.506536	0.000000	0.000000	0.000000	0.000000	0.000000	0.000000	0.000000	0.493055	0.000000	0.000000	0.000409	0.000000
36	tsk_36	(x)	1	:	0.000000	0.000000	0.000000	0.487127	0.000000	0.000000	0.512829	0.000000	0.000000	0.000000	0.000000	0.000044	0.000000
37	tsk_37	(x)	1	:	0.506543	0.000000	0.000000	0.000000	0.000000	0.000000	0.000000	0.000000	0.493081	0.000000	0.000000	0.000376	0.000000
38	tsk_38	(x)	1	:	0.000000	0.000000	0.000000	0.501074	0.000000	0.000000	0.000000	0.000000	0.496537	0.000000	0.000000	0.002389	0.000000
39	tsk_39	(x)	1	:	0.506157	0.000000	0.000000	0.493641	0.000000	0.000000	0.000000	0.000000	0.000000	0.000000	0.000000	0.000201	0.000000
40	tsk_40	(x)	1	:	0.000000	0.000000	0.000000	0.000458	0.000004	0.022892	0.000000	0.497607	0.000000	0.478189	0.000000	0.000849	0.000000
41	tsk_41	(x)	1	:	0.000000	0.000000	0.000000	0.000980	0.000000	0.022089	0.000000	0.000000	0.497005	0.479271	0.000000	0.000655	0.000000
42	tsk_42	(x)	1	:	0.000000	0.000000	0.000000	0.000428	0.000001	0.022563	0.000000	0.497703	0.000000	0.478522	0.000000	0.000783	0.000000
43	tsk_43	(x)	1	:	0.000000	0.000000	0.000000	0.000000	0.000000	0.000000	0.500083	0.000000	0.000000	0.499917	0.000000	0.000000	0.000000
44	tsk_44	(x)	1	:	0.000000	0.000000	0.000000	0.500539	0.000000	0.000000	0.498144	0.000000	0.000000	0.000000	0.000000	0.001317	0.000000
45	tsk_45	(x)	1	:	0.000000	0.000000	0.000000	0.000000	0.000002	0.000000	0.000000	0.999998	0.000000	0.000000	0.000000	0.000000	0.000000
46	tsk_46	(x)	1	:	0.000000	0.000000	0.324859	0.495109	0.000000	0.000000	0.000000	0.169335	0.000000	0.000000	0.000000	0.010697	0.000000
47	tsk_47	(x)	1	:	0.000000	0.000000	0.000000	0.000000	0.000001	0.000000	0.498582	0.499027	0.000000	0.000000	0.000000	0.002390	0.000000
48	tsk_48	(x)	1	:	0.000000	0.000000	0.000000	0.000000	0.000001	0.000000	0.000000	0.999999	0.000000	0.000000	0.000000	0.000000	0.000000
49	tsk_49	(x)	1	:	0.000000	0.000000	0.000000	0.499716	0.000007	0.000000	0.000000	0.497212	0.000000	0.000000	0.000000	0.003065	0.000000
50	tsk_50	(x)	1	:	0.000000	0.000000	0.000000	0.499160	0.000000	0.000000	0.000000	0.000000	0.000770	0.000000	0.499003	0.001067	0.000000
51	tsk_51	(x)	1	:	0.000000	0.000000	0.000000	0.000000	0.000000	0.000000	0.000000	0.502374	0.497626	0.000000	0.000000	0.000000	0.000000
52	tsk_52	(x)	1	:	0.000000	0.000000	0.000000	0.000000	0.000000	0.000000	0.000000	0.000000	0.000000	0.000000	1.000000	0.000000	0.000000
53	tsk_53	(x)	1	:	0.000000	0.000000	0.000000	0.000000	0.000001	0.000000	0.000000	0.400637	0.599362	0.000000	0.000000	0.000000	0.000000
54	tsk_54	(x)	1	:	0.000000	0.000000	0.000000	0.000000	0.000002	0.000000	0.000000	0.999998	0.000000	0.000000	0.000000	0.000000	0.000000
55	tsk_55	(x)	1	:	0.000000	0.000000	0.000000	0.000000	0.000000	0.000000	0.000000	0.000000	0.000012	0.000000	0.471029	0.000000	0.528959
56	tsk_56	(x)	1	:	0.000000	0.000000	0.000000	0.000000	0.000000	0.000000	0.000000	1.000000	0.000000	0.000000	0.000000	0.000000	0.000000
57	tsk_57	(x)	1	:	0.000000	0.000000	0.000000	0.000000	0.000001	0.000000	0.000000	0.502373	0.497627	0.000000	0.000000	0.000000	0.000000
58	tsk_58	(x)	1	:	0.000000	0.000000	0.000000	0.000000	0.000000	0.000000	0.000000	1.000000	0.000000	0.000000	0.000000	0.000000	0.000000
59	tsk_59	(x)	1	:	0.000000	0.000000	0.000000	0.500194	0.000000	0.000000	0.000000	0.497536	0.000000	0.000000	0.000000	0.002269	0.000000
60	tsk_60	(x)	1	:	0.000000	0.000000	0.000000	0.000000	0.000008	0.000000	0.000000	0.504801	0.000000	0.000000	0.000000	0.061468	0.433722
61	tsk_61	(x)	1	:	0.338818	0.084759	0.000000	0.505523	0.000000	0.000000	0.066706	0.000000	0.000000	0.000000	0.000000	0.004195	0.000000
62	tsk_62	(x)	1	:	0.338817	0.084766	0.000000	0.000000	0.000000	0.000000	0.067183	0.502497	0.000000	0.000000	0.000000	0.006738	0.000000
63	tsk_63	(x)	1	:	0.000000	0.000000	0.000000	0.499205	0.000019	0.000000	0.000000	0.496860	0.000000	0.000000	0.000000	0.003916	0.000000
64	tsk_64	(x)	1	:	0.000000	0.000000	0.462102	0.000000	0.000002	0.000000	0.000000	0.537896	0.000000	0.000000	0.000000	0.000000	0.000000
65	tsk_65	(x)	1	:	0.338829	0.084747	0.000000	0.505501	0.000000	0.000000	0.066701	0.000000	0.000000	0.000000	0.000000	0.004222	0.000000
66	tsk_66	(x)	1	:	0.000000	0.000000	1.000000	0.000000	0.000000	0.000000	0.000000	0.000000	0.000000	0.000000	0.000000	0.000000	0.000000
67	tsk_67	(x)	1	:	0.000000	0.000000	0.493986	0.000000	0.000000	0.000000	0.000000	0.000000	0.000000	0.000000	0.000000	0.042163	0.463851
68	tsk_68	(x)	1	:	0.000000	0.000000	0.000000	0.000000	0.000002	0.000000	0.000000	0.999998	0.000000	0.000000	0.000000	0.000000	0.000000
69	tsk_69	(x)	1	:	0.000000	0.000000	0.491615	0.506381	0.000000	0.000000	0.000000	0.000049	0.000000	0.000000	0.000000	0.001955	0.000000
70	tsk_70	(x)	1	:	0.000000	0.000000	0.000000	1.000000	0.000000	0.000000	0.000000	0.000000	0.000000	0.000000	0.000000	0.000000	0.000000
71	tsk_71	(x)	1	:	0.000000	0.000000	0.000000	0.000595	0.000006	0.022988	0.000000	0.497565	0.000000	0.478018	0.000000	0.000828	0.000000
72	tsk_72	(x)	1	:	0.000000	0.000000	0.000000	0.499937	0.499759	0.000000	0.000000	0.000278	0.000000	0.000000	0.000000	0.000026	0.000000
73	tsk_73	(x)	1	:	0.000000	0.000000	0.000000	0.507998	0.000000	0.002228	0.000000	0.000000	0.000000	0.489774	0.000000	0.000000	0.000000
74	tsk_74	(x)	1	:	0.000000	0.000000	0.000000	1.000000	0.000000	0.000000	0.000000	0.000000	0.000000	0.000000	0.000000	0.000000	0.000000
75	tsk_75	(x)	1	:	0.000000	0.000000	0.000000	1.000000	0.000000	0.000000	0.000000	0.000000	0.000000	0.000000	0.000000	0.000000	0.000000
76	tsk_76	(x)	1	:	0.000000	0.000000	0.000000	1.000000	0.000000	0.000000	0.000000	0.000000	0.000000	0.000000	0.000000	0.000000	0.000000
77	tsk_77	(x)	1	:	0.000000	0.000000	0.000000	1.000000	0.000000	0.000000	0.000000	0.000000	0.000000	0.000000	0.000000	0.000000	0.000000
78	tsk_78	(x)	1	:	0.000000	0.000000	0.000000	1.000000	0.000000	0.000000	0.000000	0.000000	0.000000	0.000000	0.000000	0.000000	0.000000
79	tsk_79	(x)	1	:	0.000000	0.000000	0.000000	0.499408	0.000014	0.000000	0.000000	0.497000	0.000000	0.000000	0.000000	0.003578	0.000000
80	tsk_80	(x)	1	:	0.000000	0.000000	0.000000	0.511195	0.000000	0.000000	0.453487	0.000000	0.000000	0.000000	0.000000	0.035318	0.000000
81	tsk_81	(x)	1	:	0.000000	0.000000	0.000000	0.000000	0.000000	0.000000	0.000000	0.000000	1.000000	0.000000	0.000000	0.000000	0.000000
82	tsk_82	(x)	1	:	0.000000	0.500137	0.000000	0.000000	0.000002	0.000000	0.000000	0.497928	0.000000	0.000000	0.000000	0.001933	0.000000
83	tsk_83	(x)	1	:	0.000000	0.000000	0.000000	0.009802	0.000000	0.493418	0.000000	0.000000	0.495795	0.000000	0.000000	0.000985	0.000000
84	tsk_84	(x)	1	:	0.000000	0.000000	0.000000	0.000000	0.000000	0.000000	0.000000	0.000000	1.000000	0.000000	0.000000	0.000000	0.000000
85	tsk_85	(x)	1	:	0.000000	0.000000	0.000000	0.000000	0.000000	0.000000	0.000000	0.000000	0.503876	0.000000	0.000000	0.496124	0.000000
86	tsk_86	(x)	1	:	0.000000	0.000000	0.000000	0.009736	0.000000	0.493458	0.000000	0.000000	0.495792	0.000000	0.000000	0.001014	0.000000
87	tsk_87	(x)	1	:	0.000000	0.000000	0.000000	0.000000	0.000002	0.000000	0.000000	0.502371	0.497627	0.000000	0.000000	0.000000	0.000000
88	tsk_88	(x)	1	:	0.000000	0.000000	0.000000	0.000000	0.000000	0.000000	0.000000	0.000000	0.502718	0.000000	0.000000	0.034247	0.463035
89	tsk_89	(x)	1	:	0.000000	0.000000	0.000000	0.000000	0.000000	0.000000	0.453579	0.000000	0.000000	0.000000	0.000000	0.081948	0.464473
90	tsk_90	(x)	1	:	0.000000	0.000000	0.000000	0.000295	0.000001	0.022815	0.000000	0.497747	0.000000	0.478432	0.000000	0.000710	0.000000
91	tsk_91	(x)	1	:	0.000000	0.000000	0.000000	0.000000	0.000000	0.000000	0.000000	0.000000	1.000000	0.000000	0.000000	0.000000	0.000000
92	tsk_92	(x)	1	:	0.000000	0.500468	0.000000	0.000000	0.000000	0.000000	0.000000	0.000000	0.497672	0.000000	0.000000	0.001861	0.000000
93	tsk_93	(x)	1	:	0.000000	0.000000	0.000000	0.000000	0.000000	0.000000	0.000000	0.502373	0.497626	0.000000	0.000000	0.000000	0.000000
94	tsk_94	(x)	1	:	0.000000	0.000000	0.000000	0.000292	0.000001	0.022631	0.000000	0.497801	0.000000	0.478613	0.000000	0.000662	0.000000
95	tsk_95	(x)	1	:	0.000000	0.000000	0.000000	0.000000	0.000004	0.000000	0.000000	0.999996	0.000000	0.000000	0.000000	0.000000	0.000000
96	tsk_96	(x)	1	:	0.000000	0.000000	0.000000	0.000000	0.000002	0.000000	0.000000	0.502371	0.497627	0.000000	0.000000	0.000000	0.000000
97	tsk_97	(x)	1	:	0.000000	0.000000	0.000000	0.499936	0.000003	0.000000	0.000000	0.497361	0.000000	0.000000	0.000000	0.002699	0.000000
98	tsk_98	(x)	1	:	0.000000	0.500205	0.000000	0.000000	0.000000	0.000000	0.000000	0.498207	0.000000	0.000000	0.000000	0.001587	0.000000
99	tsk_99	(x)	1	:	0.000000	0.000000	0.000000	0.000000	0.000000	0.000000	0.000000	0.000000	1.000000	0.000000	0.000000	0.000000	0.000000
100	tsk_100	(x)	1	:	0.000000	0.000000	0.000000	0.000000	0.000000	0.437874	0.000000	0.000000	0.000000	0.000000	0.000000	0.000000	0.562125
101	tsk_101	(x)	1	:	0.000000	0.000000	0.000000	0.499934	0.499723	0.000000	0.000000	0.000325	0.000000	0.000000	0.000000	0.000018	0.000000
102	tsk_102	(x)	1	:	0.000000	0.000000	0.000000	0.499912	0.499643	0.000000	0.000000	0.000416	0.000000	0.000000	0.000000	0.000028	0.000000
103	tsk_103	(x)	1	:	0.000000	0.000000	0.000000	0.499743	0.000005	0.000000	0.000000	0.497231	0.000000	0.000000	0.000000	0.003021	0.000000
104	tsk_104	(x)	1	:	0.000000	0.000000	0.000000	0.000000	1.000000	0.000000	0.000000	0.000000	0.000000	0.000000	0.000000	0.000000	0.000000
105	tsk_105	(x)	1	:	0.000000	0.000000	0.000000	0.499361	0.000014	0.000000	0.000000	0.496968	0.000000	0.000000	0.000000	0.003656	0.000000
106	tsk_106	(x)	1	:	0.000000	0.000000	0.000000	0.000000	0.000000	0.000000	0.000000	0.000000	0.000000	0.000000	0.000000	0.000000	1.000000
107	tsk_107	(x)	1	:	0.000000	0.000000	0.000000	0.499948	0.499795	0.000000	0.000000	0.000239	0.000000	0.000000	0.000000	0.000018	0.000000
108	tsk_108	(x)	1	:	0.000000	0.000000	0.000000	1.000000	0.000000	0.000000	0.000000	0.000000	0.000000	0.000000	0.000000	0.000000	0.000000
109	tsk_109	(x)	1	:	0.000000	0.000000	0.000000	1.000000	0.000000	0.000000	0.000000	0.000000	0.000000	0.000000	0.000000	0.000000	0.000000
110	tsk_110	(x)	1	:	0.000000	0.000000	0.000000	0.008602	0.000000	0.492383	0.000000	0.000000	0.000220	0.000000	0.498446	0.000348	0.000000
111	tsk_111	(x)	1	:	0.000000	0.000000	0.000000	0.000000	0.000000	0.000000	0.000000	0.000000	0.004488	0.000000	0.502343	0.059105	0.434064
112	tsk_112	(x)	1	:	0.000000	0.000000	0.000000	0.000000	0.000000	0.000000	0.500797	0.000000	0.000000	0.000000	0.000000	0.499203	0.000000
113	tsk_113	(x)	1	:	0.000000	0.000000	0.000000	0.000000	0.000004	0.000000	0.000000	0.496273	0.003392	0.000000	0.500331	0.000000	0.000000
114	tsk_114	(x)	1	:	0.000000	0.000000	0.000000	0.000000	0.000000	0.000000	1.000000	0.000000	0.000000	0.000000	0.000000	0.000000	0.000000
115	tsk_115	(x)	1	:	0.000000	0.501923	0.000000	0.000000	0.000000	0.000000	0.000000	0.000000	0.000000	0.000000	0.000000	0.063927	0.434150
116	tsk_116	(x)	1	:	0.000000	0.000000	0.000000	0.000339	0.000008	0.023556	0.000000	0.497580	0.000000	0.477730	0.000000	0.000787	0.000000
117	tsk_117	(x)	1	:	0.000000	0.500274	0.000000	0.000000	0.000000	0.000000	0.000000	0.498485	0.000000	0.000000	0.000000	0.001241	0.000000
118	tsk_118	(x)	1	:	0.000000	0.000000	0.000000	0.000000	0.000000	0.000000	1.000000	0.000000	0.000000	0.000000	0.000000	0.000000	0.000000
119	tsk_119	(x)	1	:	0.000000	0.000000	0.000000	0.010050	0.000006	0.492194	0.000000	0.496322	0.000000	0.000000	0.000000	0.001427	0.000000
120	tsk_120	(x)	1	:	0.000000	0.000000	0.000000	0.000000	0.000001	0.000000	0.000000	0.400637	0.599362	0.000000	0.000000	0.000000	0.000000
121	tsk_121	(x)	1	:	0.000000	0.000000	0.000000	0.000000	0.000001	0.000000	0.000000	0.999999	0.000000	0.000000	0.000000	0.000000	0.000000
122	tsk_122	(x)	1	:	0.549937	0.450063	0.000000	0.000000	0.000000	0.000000	0.000000	0.000000	0.000000	0.000000	0.000000	0.000000	0.000000
123	tsk_123	(x)	1	:	0.549937	0.450063	0.000000	0.000000	0.000000	0.000000	0.000000	0.000000	0.000000	0.000000	0.000000	0.000000	0.000000
124	tsk_124	(x)	1	:	0.338843	0.084700	0.000000	0.000000	0.000000	0.000000	0.067352	0.502849	0.000000	0.000000	0.000000	0.006256	0.000000
125	tsk_125	(x)	1	:	0.000000	1.000000	0.000000	0.000000	0.000000	0.000000	0.000000	0.000000	0.000000	0.000000	0.000000	0.000000	0.000000
126	tsk_126	(x)	1	:	0.338769	0.084789	0.000000	0.000000	0.000000	0.000000	0.067402	0.000000	0.501463	0.000000	0.000000	0.007576	0.000000
127	tsk_127	(x)	1	:	0.000000	0.000000	0.000000	0.000000	0.000000	0.000000	0.000000	1.000000	0.000000	0.000000	0.000000	0.000000	0.000000
128	tsk_128	(x)	1	:	0.506154	0.000000	0.000000	0.493625	0.000000	0.000000	0.000000	0.000000	0.000000	0.000000	0.000000	0.000220	0.000000
129	tsk_129	(x)	1	:	0.000000	0.000000	0.000000	0.414171	0.000000	0.000000	0.000000	0.000000	0.000000	0.000000	0.000000	0.000000	0.585829
130	tsk_130	(x)	1	:	0.000000	0.000000	0.000000	0.008739	0.000000	0.021895	0.000000	0.000000	0.000000	0.480699	0.000000	0.488666	0.000000
131	tsk_131	(x)	1	:	0.000000	0.000000	0.000000	0.000277	0.000007	0.023361	0.000000	0.497538	0.000000	0.477876	0.000000	0.000941	0.000000
132	tsk_132	(x)	1	:	0.000000	0.501216	0.000000	0.000000	0.000000	0.000000	0.000000	0.000000	0.000000	0.498784	0.000000	0.000000	0.000000
133	tsk_133	(x)	1	:	0.000000	0.000000	0.000000	0.017734	0.000000	0.496213	0.000000	0.000000	0.000000	0.000000	0.000000	0.486052	0.000000
134	tsk_134	(x)	1	:	0.000000	0.500228	0.000000	0.000000	0.000000	0.000000	0.000000	0.498298	0.000000	0.000000	0.000000	0.001475	0.000000
135	tsk_135	(x)	1	:	0.000000	1.000000	0.000000	0.000000	0.000000	0.000000	0.000000	0.000000	0.000000	0.000000	0.000000	0.000000	0.000000
136	tsk_136	(x)	1	:	0.000000	1.000000	0.000000	0.000000	0.000000	0.000000	0.000000	0.000000	0.000000	0.000000	0.000000	0.000000	0.000000
137	tsk_137	(x)	1	:	0.000000	1.000000	0.000000	0.000000	0.000000	0.000000	0.000000	0.000000	0.000000	0.000000	0.000000	0.000000	0.000000
138	tsk_138	(x)	1	:	0.000000	0.500244	0.000000	0.000000	0.000000	0.000000	0.000000	0.498363	0.000000	0.000000	0.000000	0.001393	0.000000
139	tsk_139	(x)	1	:	0.000000	0.481294	0.000000	0.000000	0.000000	0.000000	0.000000	0.000000	0.000000	0.000000	0.000000	0.518706	0.000000
140	tsk_140	(x)	1	:	0.000000	0.000000	0.000000	0.302067	0.000004	0.000000	0.000000	0.497315	0.000000	0.197770	0.000000	0.002844	0.000000
141	tsk_141	(x)	1	:	0.000000	0.000000	0.000000	0.499680	0.000008	0.000000	0.000000	0.497188	0.000000	0.000000	0.000000	0.003124	0.000000
142	tsk_142	(x)	1	:	0.000000	0.000000	0.000000	0.000000	0.000003	0.000000	0.000000	0.999997	0.000000	0.000000	0.000000	0.000000	0.000000
143	tsk_143	(x)	1	:	0.000000	0.000000	0.000000	0.000000	0.000003	0.000000	0.000000	0.496453	0.002850	0.000000	0.500693	0.000000	0.000000
144	tsk_144	(x)	1	:	0.000000	0.000000	0.000000	0.500004	0.000002	0.000000	0.000000	0.497408	0.000000	0.000000	0.000000	0.002586	0.000000
145	tsk_145	(x)	1	:	0.000000	0.000000	0.000000	1.000000	0.000000	0.000000	0.000000	0.000000	0.000000	0.000000	0.000000	0.000000	0.000000
146	tsk_146	(x)	1	:	0.000000	0.000000	0.000000	0.499867	0.000004	0.000000	0.000000	0.497315	0.000000	0.000000	0.000000	0.002813	0.000000
147	tsk_147	(x)	1	:	0.000000	0.000000	0.000000	0.000000	0.000002	0.000000	0.000000	0.999998	0.000000	0.000000	0.000000	0.000000	0.000000
148	tsk_148	(x)	1	:	0.000000	0.000000	0.000000	0.499173	0.000000	0.000000	0.000000	0.000000	0.000674	0.000000	0.499083	0.001070	0.000000
149	tsk_149	(x)	1	:	0.000000	0.000000	0.000000	0.000000	0.000002	0.000000	0.000000	0.496385	0.003060	0.000000	0.500553	0.000000	0.000000
