logL = -1556.909290 (converged)
AIC = 8357.818579
BIC = 16251.704320

count.K
21 15 7 2 11 12 24 4 11 14 11 6 2 10 

