logL = -1346.634958 (converged)
AIC = 3897.269916
BIC = 5709.672363

count.K
92 29 15 14 

