logL = -846.456488 (converged)
AIC = 2478.912977
BIC = 3662.092647

count.K
35 55 60 

