0	tsk_0	(x)	1	:	0.000004	0.479103	0.000004	0.520889	0.000000	0.000000
1	tsk_1	(x)	1	:	1.000000	0.000000	0.000000	0.000000	0.000000	0.000000
2	tsk_2	(x)	1	:	1.000000	0.000000	0.000000	0.000000	0.000000	0.000000
3	tsk_3	(x)	1	:	0.548207	0.000003	0.000004	0.451786	0.000000	0.000000
4	tsk_4	(x)	1	:	0.569351	0.430634	0.000015	0.000001	0.000000	0.000000
5	tsk_5	(x)	1	:	1.000000	0.000000	0.000000	0.000000	0.000000	0.000000
6	tsk_6	(x)	1	:	0.499869	0.000000	0.000001	0.000008	0.000000	0.500122
7	tsk_7	(x)	1	:	0.000000	0.000000	0.000000	1.000000	0.000000	0.000000
8	tsk_8	(x)	1	:	1.000000	0.000000	0.000000	0.000000	0.000000	0.000000
9	tsk_9	(x)	1	:	0.000000	0.000000	0.000000	0.475483	0.000000	0.524517
10	tsk_10	(x)	1	:	0.000000	0.000000	0.000000	0.000003	0.999997	0.000000
11	tsk_11	(x)	1	:	0.000000	0.000000	0.000000	0.733556	0.266444	0.000000
12	tsk_12	(x)	1	:	0.000000	0.000000	0.000000	0.004890	0.475175	0.519935
13	tsk_13	(x)	1	:	0.000000	0.000000	0.000000	0.475483	0.000000	0.524517
14	tsk_14	(x)	1	:	0.000000	0.000000	0.000000	0.000012	0.533091	0.466897
15	tsk_15	(x)	1	:	0.000000	0.000000	0.000000	0.475481	0.000001	0.524517
16	tsk_16	(x)	1	:	0.000000	0.000000	0.000000	0.132517	0.867483	0.000000
17	tsk_17	(x)	1	:	0.077911	0.025135	0.029830	0.867123	0.000000	0.000000
18	tsk_18	(x)	1	:	0.000000	0.000000	0.000000	0.000000	0.000000	1.000000
19	tsk_19	(x)	1	:	0.000000	0.000000	0.000000	0.132457	0.867543	0.000000
20	tsk_20	(x)	1	:	0.000000	0.000018	0.458897	0.000000	0.000000	0.541085
21	tsk_21	(x)	1	:	0.000000	0.000001	0.497595	0.000056	0.000000	0.502348
22	tsk_22	(x)	1	:	0.000000	0.000000	0.000000	0.000000	0.000000	1.000000
23	tsk_23	(x)	1	:	0.000000	0.000000	1.000000	0.000000	0.000000	0.000000
24	tsk_24	(x)	1	:	0.000000	0.239267	0.303942	0.000000	0.000000	0.456791
25	tsk_25	(x)	1	:	0.000000	0.000001	0.497597	0.000053	0.000000	0.502349
26	tsk_26	(x)	1	:	0.000000	0.000000	0.000000	0.000010	0.528141	0.471850
27	tsk_27	(x)	1	:	0.000001	0.000000	0.497599	0.000049	0.000000	0.502350
28	tsk_28	(x)	1	:	0.000001	0.000001	0.497599	0.000049	0.000000	0.502350
29	tsk_29	(x)	1	:	0.000000	0.000000	0.497596	0.000055	0.000000	0.502348
30	tsk_30	(x)	1	:	0.001634	0.315567	0.001583	0.000759	0.680456	0.000000
31	tsk_31	(x)	1	:	0.506720	0.000002	0.493279	0.000000	0.000000	0.000000
32	tsk_32	(x)	1	:	0.000001	0.000000	0.497603	0.000045	0.000000	0.502352
33	tsk_33	(x)	1	:	0.000000	0.000000	1.000000	0.000000	0.000000	0.000000
34	tsk_34	(x)	1	:	0.002390	0.315113	0.001320	0.000741	0.680436	0.000000
35	tsk_35	(x)	1	:	0.444570	0.000000	0.000000	0.000013	0.555417	0.000000
36	tsk_36	(x)	1	:	0.000000	0.000000	0.440114	0.000012	0.559874	0.000000
37	tsk_37	(x)	1	:	0.732159	0.150880	0.116094	0.000868	0.000000	0.000000
38	tsk_38	(x)	1	:	1.000000	0.000000	0.000000	0.000000	0.000000	0.000000
39	tsk_39	(x)	1	:	0.000000	0.000000	1.000000	0.000000	0.000000	0.000000
40	tsk_40	(x)	1	:	0.000000	0.000000	1.000000	0.000000	0.000000	0.000000
41	tsk_41	(x)	1	:	0.492362	0.507638	0.000001	0.000000	0.000000	0.000000
42	tsk_42	(x)	1	:	0.499866	0.000000	0.000000	0.000012	0.000000	0.500121
43	tsk_43	(x)	1	:	0.492362	0.507638	0.000000	0.000000	0.000000	0.000000
44	tsk_44	(x)	1	:	0.506719	0.000002	0.493278	0.000000	0.000000	0.000000
45	tsk_45	(x)	1	:	0.164547	0.005138	0.130745	0.000000	0.699570	0.000000
46	tsk_46	(x)	1	:	0.000000	0.000000	1.000000	0.000000	0.000000	0.000000
47	tsk_47	(x)	1	:	0.492362	0.507638	0.000000	0.000000	0.000000	0.000000
48	tsk_48	(x)	1	:	1.000000	0.000000	0.000000	0.000000	0.000000	0.000000
49	tsk_49	(x)	1	:	0.453117	0.000004	0.000000	0.000006	0.546873	0.000000
50	tsk_50	(x)	1	:	0.000000	0.502159	0.000000	0.000001	0.000000	0.497840
51	tsk_51	(x)	1	:	0.000000	0.000000	0.497600	0.000048	0.000000	0.502351
52	tsk_52	(x)	1	:	0.000000	1.000000	0.000000	0.000000	0.000000	0.000000
53	tsk_53	(x)	1	:	0.000000	0.000000	0.000000	0.000006	0.999994	0.000000
54	tsk_54	(x)	1	:	0.000000	0.537871	0.000002	0.032114	0.430012	0.000000
55	tsk_55	(x)	1	:	0.000001	0.000001	0.497595	0.000056	0.000000	0.502348
56	tsk_56	(x)	1	:	0.015561	0.982361	0.002073	0.000005	0.000000	0.000000
57	tsk_57	(x)	1	:	0.000001	0.000005	0.541655	0.458339	0.000000	0.000000
58	tsk_58	(x)	1	:	0.000001	0.000001	0.497599	0.000050	0.000000	0.502350
59	tsk_59	(x)	1	:	0.000001	0.000000	0.497601	0.000047	0.000000	0.502351
60	tsk_60	(x)	1	:	0.000000	0.000000	0.000000	0.049464	0.427422	0.523115
61	tsk_61	(x)	1	:	0.000001	0.564833	0.000002	0.435164	0.000000	0.000000
62	tsk_62	(x)	1	:	0.000002	0.000001	0.530575	0.000424	0.468998	0.000000
63	tsk_63	(x)	1	:	0.000000	0.000000	0.000000	0.092455	0.907544	0.000000
64	tsk_64	(x)	1	:	0.000000	0.000000	0.000000	0.475483	0.000000	0.524517
65	tsk_65	(x)	1	:	0.000000	0.000000	0.000000	0.495508	0.504492	0.000000
66	tsk_66	(x)	1	:	0.000000	0.000000	0.000000	0.004129	0.475832	0.520039
67	tsk_67	(x)	1	:	0.000001	0.000001	0.530158	0.002139	0.467702	0.000000
68	tsk_68	(x)	1	:	0.535417	0.000001	0.000002	0.000944	0.463636	0.000000
69	tsk_69	(x)	1	:	0.000001	0.526041	0.000001	0.000199	0.473759	0.000000
70	tsk_70	(x)	1	:	0.370854	0.629146	0.000000	0.000000	0.000000	0.000000
71	tsk_71	(x)	1	:	0.506719	0.000002	0.493278	0.000000	0.000000	0.000000
72	tsk_72	(x)	1	:	1.000000	0.000000	0.000000	0.000000	0.000000	0.000000
73	tsk_73	(x)	1	:	0.000000	0.000000	0.000000	0.644228	0.355772	0.000000
74	tsk_74	(x)	1	:	0.000000	0.635252	0.364748	0.000000	0.000000	0.000000
75	tsk_75	(x)	1	:	0.000000	0.000000	0.000000	0.000003	0.666530	0.333467
76	tsk_76	(x)	1	:	0.499866	0.000000	0.000001	0.000011	0.000000	0.500121
77	tsk_77	(x)	1	:	0.000000	0.498147	0.000000	0.000000	0.501853	0.000000
78	tsk_78	(x)	1	:	0.000001	0.000001	0.497593	0.000059	0.000000	0.502347
79	tsk_79	(x)	1	:	0.000001	0.000000	0.497595	0.000055	0.000000	0.502348
80	tsk_80	(x)	1	:	1.000000	0.000000	0.000000	0.000000	0.000000	0.000000
81	tsk_81	(x)	1	:	0.000000	0.000000	1.000000	0.000000	0.000000	0.000000
82	tsk_82	(x)	1	:	1.000000	0.000000	0.000000	0.000000	0.000000	0.000000
83	tsk_83	(x)	1	:	0.462604	0.000000	0.000000	0.000000	0.537395	0.000000
84	tsk_84	(x)	1	:	0.492362	0.507638	0.000000	0.000000	0.000000	0.000000
85	tsk_85	(x)	1	:	1.000000	0.000000	0.000000	0.000000	0.000000	0.000000
86	tsk_86	(x)	1	:	0.000000	0.000000	0.000000	0.495508	0.504492	0.000000
87	tsk_87	(x)	1	:	0.453117	0.000005	0.000000	0.000006	0.546872	0.000000
88	tsk_88	(x)	1	:	0.492362	0.507638	0.000000	0.000000	0.000000	0.000000
89	tsk_89	(x)	1	:	0.462605	0.000000	0.000000	0.000000	0.537395	0.000000
90	tsk_90	(x)	1	:	0.372798	0.627202	0.000000	0.000000	0.000000	0.000000
91	tsk_91	(x)	1	:	0.000000	0.000000	0.000000	0.000000	1.000000	0.000000
92	tsk_92	(x)	1	:	0.163362	0.028809	0.128975	0.182714	0.496141	0.000000
93	tsk_93	(x)	1	:	0.000000	0.000000	0.000000	0.000000	1.000000	0.000000
94	tsk_94	(x)	1	:	0.373614	0.260117	0.000000	0.000130	0.366139	0.000000
95	tsk_95	(x)	1	:	0.000001	0.526071	0.000001	0.000072	0.473855	0.000000
96	tsk_96	(x)	1	:	0.000000	0.525976	0.000001	0.000470	0.473552	0.000000
97	tsk_97	(x)	1	:	0.492362	0.507638	0.000000	0.000000	0.000000	0.000000
98	tsk_98	(x)	1	:	0.535563	0.000001	0.000002	0.000348	0.464087	0.000000
99	tsk_99	(x)	1	:	0.000000	1.000000	0.000000	0.000000	0.000000	0.000000
100	tsk_100	(x)	1	:	0.129671	0.111898	0.091209	0.667221	0.000000	0.000000
101	tsk_101	(x)	1	:	0.000000	0.000000	0.000000	0.049361	0.427508	0.523131
102	tsk_102	(x)	1	:	0.499865	0.000000	0.000000	0.000014	0.000000	0.500120
103	tsk_103	(x)	1	:	0.158689	0.040137	0.123971	0.248666	0.428536	0.000000
104	tsk_104	(x)	1	:	0.141043	0.135064	0.722923	0.000970	0.000000	0.000000
105	tsk_105	(x)	1	:	0.548207	0.000002	0.000005	0.451786	0.000000	0.000000
106	tsk_106	(x)	1	:	0.132989	0.063977	0.044861	0.758173	0.000000	0.000000
107	tsk_107	(x)	1	:	0.506720	0.000002	0.493279	0.000000	0.000000	0.000000
108	tsk_108	(x)	1	:	0.546354	0.000002	0.000002	0.056059	0.000000	0.397583
109	tsk_109	(x)	1	:	0.000000	0.525949	0.000001	0.000580	0.473469	0.000000
110	tsk_110	(x)	1	:	0.000000	0.000000	0.000000	0.000000	1.000000	0.000000
111	tsk_111	(x)	1	:	0.453117	0.000005	0.000000	0.000004	0.546874	0.000000
112	tsk_112	(x)	1	:	1.000000	0.000000	0.000000	0.000000	0.000000	0.000000
113	tsk_113	(x)	1	:	0.000000	0.000000	0.000000	0.000000	1.000000	0.000000
114	tsk_114	(x)	1	:	1.000000	0.000000	0.000000	0.000000	0.000000	0.000000
115	tsk_115	(x)	1	:	0.453117	0.000004	0.000000	0.000005	0.546873	0.000000
116	tsk_116	(x)	1	:	0.000000	0.000000	1.000000	0.000000	0.000000	0.000000
117	tsk_117	(x)	1	:	0.499866	0.000000	0.000001	0.000012	0.000000	0.500121
118	tsk_118	(x)	1	:	1.000000	0.000000	0.000000	0.000000	0.000000	0.000000
119	tsk_119	(x)	1	:	1.000000	0.000000	0.000000	0.000000	0.000000	0.000000
120	tsk_120	(x)	1	:	0.535429	0.000000	0.000002	0.000896	0.463673	0.000000
121	tsk_121	(x)	1	:	0.000000	0.000000	0.000000	0.004187	0.995813	0.000000
122	tsk_122	(x)	1	:	0.000000	0.000000	0.000000	0.000000	1.000000	0.000000
123	tsk_123	(x)	1	:	0.000000	0.000000	0.000000	0.004129	0.995871	0.000000
124	tsk_124	(x)	1	:	0.000000	0.000000	0.000000	0.252175	0.747825	0.000000
125	tsk_125	(x)	1	:	0.544733	0.000001	0.000004	0.029860	0.425402	0.000000
126	tsk_126	(x)	1	:	0.000910	0.000116	0.438889	0.041283	0.518802	0.000000
127	tsk_127	(x)	1	:	0.001058	0.000207	0.439121	0.039369	0.520245	0.000000
128	tsk_128	(x)	1	:	1.000000	0.000000	0.000000	0.000000	0.000000	0.000000
129	tsk_129	(x)	1	:	0.374647	0.625353	0.000000	0.000000	0.000000	0.000000
130	tsk_130	(x)	1	:	0.506720	0.000002	0.493279	0.000000	0.000000	0.000000
131	tsk_131	(x)	1	:	0.000000	0.000000	0.000000	1.000000	0.000000	0.000000
132	tsk_132	(x)	1	:	0.506719	0.000002	0.493278	0.000000	0.000000	0.000000
133	tsk_133	(x)	1	:	0.000001	0.564833	0.000002	0.435165	0.000000	0.000000
134	tsk_134	(x)	1	:	0.000001	0.000004	0.541656	0.458338	0.000001	0.000000
135	tsk_135	(x)	1	:	0.000000	0.000000	0.000000	1.000000	0.000000	0.000000
136	tsk_136	(x)	1	:	0.000000	0.000000	0.000000	1.000000	0.000000	0.000000
137	tsk_137	(x)	1	:	0.548207	0.000003	0.000004	0.451786	0.000000	0.000000
138	tsk_138	(x)	1	:	0.129705	0.112479	0.090602	0.667215	0.000000	0.000000
139	tsk_139	(x)	1	:	1.000000	0.000000	0.000000	0.000000	0.000000	0.000000
140	tsk_140	(x)	1	:	1.000000	0.000000	0.000000	0.000000	0.000000	0.000000
141	tsk_141	(x)	1	:	0.118454	0.091685	0.789699	0.000162	0.000000	0.000000
142	tsk_142	(x)	1	:	0.128592	0.109891	0.091020	0.146742	0.000000	0.523756
143	tsk_143	(x)	1	:	0.000001	0.000001	0.497597	0.000051	0.000000	0.502350
144	tsk_144	(x)	1	:	0.000000	0.000006	0.448714	0.000004	0.551275	0.000000
145	tsk_145	(x)	1	:	0.000000	0.000000	0.497596	0.000054	0.000000	0.502349
146	tsk_146	(x)	1	:	0.000000	0.000007	0.448714	0.000004	0.551275	0.000000
147	tsk_147	(x)	1	:	0.000000	0.000000	0.000000	0.000000	1.000000	0.000000
148	tsk_148	(x)	1	:	0.000001	0.000000	0.497594	0.000057	0.000000	0.502348
149	tsk_149	(x)	1	:	0.000000	0.000000	0.000000	0.000000	0.000000	1.000000
