logL = -826.043195 (converged)
AIC = 6504.086390
BIC = 13807.887613

count.K
6 36 27 0 16 6 3 4 19 1 2 4 19 7 

