logL = -479.736894 (converged)
AIC = 4279.473787
BIC = 9277.128375

count.K
13 2 1 17 8 54 45 1 2 7 

