logL = -1798.354332 (converged)
AIC = 4478.708663
BIC = 5806.398828

count.K
37 13 100 

