logL = -1117.213449 (converged)
AIC = 5228.426898
BIC = 9735.347933

count.K
0 9 1 57 11 1 28 5 38 

