logL = -1050.185085 (converged)
AIC = 4872.370169
BIC = 9045.110687

count.K
17 29 18 18 14 25 9 20 

