logL = -707.332564 (converged)
AIC = 6266.665129
BIC = 13570.466352

count.K
3 8 5 4 29 8 11 6 37 27 3 6 3 0 

