logL = -891.340622 (converged)
AIC = 5552.681245
BIC = 11227.728774

count.K
11 24 3 3 5 22 12 27 14 11 18 

