0	tsk_0	(x)	1	:	0.000000	0.000000	0.000000	0.458089	0.000000	0.000000	0.000000	0.000000	0.000000	0.000000	0.541911	0.000000	0.000000
1	tsk_1	(x)	1	:	0.000000	0.000000	0.000001	0.000000	0.000000	0.000000	0.000000	0.485124	0.000004	0.000000	0.514863	0.000000	0.000008
2	tsk_2	(x)	1	:	0.000000	0.000000	0.000000	0.000000	0.000000	0.000000	0.000000	0.000000	0.000000	0.730236	0.269763	0.000000	0.000000
3	tsk_3	(x)	1	:	0.000000	0.000000	0.000000	0.000000	0.000000	0.000000	0.000000	0.000000	0.000000	0.000000	1.000000	0.000000	0.000000
4	tsk_4	(x)	1	:	0.000000	0.000000	0.000001	0.000000	0.000000	0.000000	0.000000	0.485111	0.000009	0.000000	0.514859	0.000000	0.000020
5	tsk_5	(x)	1	:	0.000000	0.000000	0.000000	0.000000	0.000000	0.000000	0.000000	0.569491	0.140085	0.000000	0.000000	0.000000	0.290424
6	tsk_6	(x)	1	:	0.000000	0.000000	0.000000	0.000000	0.000000	0.000000	0.000000	0.000000	0.000000	0.000000	1.000000	0.000000	0.000000
7	tsk_7	(x)	1	:	0.000000	0.000000	0.000001	0.000000	0.000000	0.000000	0.000000	0.485120	0.000009	0.000000	0.514862	0.000000	0.000008
8	tsk_8	(x)	1	:	0.000000	0.000000	0.000000	0.505957	0.000000	0.000000	0.000000	0.493355	0.000196	0.000000	0.000000	0.000000	0.000490
9	tsk_9	(x)	1	:	0.000000	0.000000	0.000000	0.000000	0.000000	0.000000	0.000000	0.000000	0.000000	0.730236	0.269763	0.000000	0.000000
10	tsk_10	(x)	1	:	0.000000	0.499690	0.000000	0.000000	0.000000	0.000000	0.000000	0.000642	0.040275	0.000000	0.000000	0.458760	0.000633
11	tsk_11	(x)	1	:	0.000000	1.000000	0.000000	0.000000	0.000000	0.000000	0.000000	0.000000	0.000000	0.000000	0.000000	0.000000	0.000000
12	tsk_12	(x)	1	:	0.000000	0.000000	0.000000	0.000000	0.000000	0.000000	0.000000	0.000000	0.225594	0.000000	0.517989	0.000000	0.256418
13	tsk_13	(x)	1	:	0.000000	0.499649	0.000000	0.000000	0.000000	0.000000	0.000000	0.000740	0.039793	0.000000	0.000000	0.458762	0.001057
14	tsk_14	(x)	1	:	0.000000	1.000000	0.000000	0.000000	0.000000	0.000000	0.000000	0.000000	0.000000	0.000000	0.000000	0.000000	0.000000
15	tsk_15	(x)	1	:	0.000000	1.000000	0.000000	0.000000	0.000000	0.000000	0.000000	0.000000	0.000000	0.000000	0.000000	0.000000	0.000000
16	tsk_16	(x)	1	:	0.000000	0.499964	0.000000	0.000000	0.000000	0.000000	0.000000	0.000000	0.208487	0.000000	0.000000	0.000000	0.291550
17	tsk_17	(x)	1	:	0.000000	0.000000	0.000000	0.000000	0.000000	0.000000	0.000000	0.000000	0.253756	0.000000	0.000000	0.458631	0.287613
18	tsk_18	(x)	1	:	0.000001	0.499753	0.000000	0.469383	0.000000	0.000000	0.000000	0.000445	0.007413	0.000000	0.000000	0.000000	0.023004
19	tsk_19	(x)	1	:	0.000000	0.499438	0.000000	0.008635	0.000000	0.000000	0.000000	0.001226	0.010424	0.465874	0.000039	0.000000	0.014363
20	tsk_20	(x)	1	:	0.000000	0.000000	0.000000	0.000000	0.000000	0.000000	0.000000	0.000000	0.122507	0.507216	0.000000	0.000000	0.370277
21	tsk_21	(x)	1	:	0.346570	0.000000	0.000000	0.000000	0.000000	0.000029	0.000000	0.000000	0.291491	0.000000	0.000000	0.000000	0.361911
22	tsk_22	(x)	1	:	0.000002	0.499798	0.000000	0.000000	0.000000	0.000000	0.000000	0.000386	0.322875	0.000000	0.000000	0.000000	0.176940
23	tsk_23	(x)	1	:	0.000000	0.000000	0.000000	0.000000	0.000000	0.000000	0.000000	0.000000	0.117876	0.507217	0.000000	0.000000	0.374907
24	tsk_24	(x)	1	:	0.000000	0.000000	0.000000	0.510140	0.000000	0.000000	0.489860	0.000000	0.000000	0.000000	0.000000	0.000000	0.000000
25	tsk_25	(x)	1	:	0.000000	0.000000	0.000000	0.000000	0.406230	0.000000	0.092971	0.000000	0.257848	0.000000	0.000000	0.000000	0.242951
26	tsk_26	(x)	1	:	0.000000	0.000000	0.000000	0.000000	0.000000	0.000000	0.000000	0.000000	0.490421	0.000000	0.000000	0.000000	0.509579
27	tsk_27	(x)	1	:	0.000001	0.000000	0.000000	0.505966	0.000000	0.000000	0.000000	0.493379	0.000213	0.000000	0.000000	0.000000	0.000441
28	tsk_28	(x)	1	:	0.000000	0.000000	0.000000	0.506938	0.000000	0.000000	0.000000	0.000000	0.076444	0.000000	0.000000	0.000000	0.416618
29	tsk_29	(x)	1	:	0.000000	0.502362	0.000000	0.000000	0.000000	0.000000	0.000000	0.497638	0.000000	0.000000	0.000000	0.000000	0.000000
30	tsk_30	(x)	1	:	0.000000	0.000000	0.000000	0.000000	0.000000	0.000000	0.499117	0.000000	0.036247	0.000000	0.000000	0.458724	0.005912
31	tsk_31	(x)	1	:	0.000000	0.000000	0.000000	0.000000	0.000000	0.000000	0.499115	0.000000	0.434277	0.000000	0.000000	0.000000	0.066607
32	tsk_32	(x)	1	:	0.000000	0.000000	0.000000	0.000000	0.000000	0.000000	0.499116	0.000000	0.057959	0.000000	0.000000	0.317559	0.125366
33	tsk_33	(x)	1	:	0.000000	0.000000	0.000000	0.000000	0.000000	0.000000	0.499115	0.000000	0.181092	0.000000	0.000000	0.000000	0.319792
34	tsk_34	(x)	1	:	0.000000	0.000000	0.000000	0.440891	0.000000	0.000000	0.000000	0.000000	0.000000	0.000443	0.558667	0.000000	0.000000
35	tsk_35	(x)	1	:	0.000000	0.000000	0.000000	0.000000	0.000000	0.000000	0.000000	0.000000	0.303738	0.000000	0.000000	0.649388	0.046874
36	tsk_36	(x)	1	:	0.000000	0.000000	0.000000	0.000000	0.000000	0.000000	0.000000	0.000000	0.342416	0.000000	0.000000	0.000000	0.657584
37	tsk_37	(x)	1	:	0.000000	0.000000	0.000000	0.000000	0.000000	0.000000	0.499120	0.000000	0.034895	0.000000	0.000000	0.458749	0.007236
38	tsk_38	(x)	1	:	0.000000	0.000000	0.000000	0.000000	0.000000	0.000000	0.476614	0.000000	0.000000	0.000000	0.000000	0.523385	0.000000
39	tsk_39	(x)	1	:	0.000000	0.000000	0.000000	0.000000	0.000000	0.000000	0.000000	0.000000	0.306922	0.000000	0.000000	0.000000	0.693078
40	tsk_40	(x)	1	:	0.000000	0.000000	0.000000	0.000000	0.000000	0.000000	0.000000	0.000000	0.481203	0.000000	0.000000	0.000000	0.518797
41	tsk_41	(x)	1	:	0.513422	0.000000	0.000000	0.000000	0.000000	0.000000	0.486577	0.000000	0.000001	0.000000	0.000000	0.000000	0.000001
42	tsk_42	(x)	1	:	0.000000	0.000000	0.000000	0.000000	0.000000	0.000000	0.499115	0.000000	0.187887	0.000000	0.000000	0.000000	0.312998
43	tsk_43	(x)	1	:	0.000000	0.000000	0.000000	0.000021	0.000000	0.000000	0.514102	0.000000	0.000000	0.000027	0.485849	0.000000	0.000000
44	tsk_44	(x)	1	:	0.000000	0.000000	0.000000	0.000000	0.000000	0.000000	0.000000	0.000000	0.097893	0.000000	0.518008	0.000000	0.384099
45	tsk_45	(x)	1	:	0.000000	0.000000	0.000000	0.664336	0.000000	0.000000	0.000000	0.000000	0.000000	0.335664	0.000000	0.000000	0.000000
46	tsk_46	(x)	1	:	0.579709	0.000000	0.000000	0.000000	0.000000	0.000000	0.000000	0.000000	0.088504	0.000000	0.000000	0.000000	0.331787
47	tsk_47	(x)	1	:	0.000000	0.000000	0.000000	0.460515	0.000000	0.000000	0.539485	0.000000	0.000000	0.000000	0.000000	0.000000	0.000000
48	tsk_48	(x)	1	:	0.000000	0.000000	0.000000	0.547076	0.000000	0.000000	0.452923	0.000000	0.000000	0.000000	0.000000	0.000000	0.000000
49	tsk_49	(x)	1	:	0.000000	0.000000	0.000000	0.000000	0.000000	0.000000	0.000000	0.000000	0.303868	0.000000	0.000000	0.000000	0.696132
50	tsk_50	(x)	1	:	0.000000	0.000000	0.000000	0.504649	0.000000	0.000000	0.000000	0.000000	0.131411	0.000000	0.000000	0.000000	0.363940
51	tsk_51	(x)	1	:	0.000000	0.000000	0.000000	0.000003	0.000000	0.000000	0.000000	0.000000	0.093387	0.000000	0.487982	0.000000	0.418627
52	tsk_52	(x)	1	:	0.000000	0.000000	0.000000	0.000000	0.000000	0.000000	0.000000	0.000000	0.000000	0.000000	1.000000	0.000000	0.000000
53	tsk_53	(x)	1	:	0.000000	0.000000	0.000000	0.000028	0.000000	0.000000	0.000000	0.000000	0.188637	0.000000	0.487964	0.000000	0.323370
54	tsk_54	(x)	1	:	0.000000	0.000000	0.000000	0.008453	0.000000	0.000000	0.000000	0.000000	0.155368	0.466062	0.000001	0.000000	0.370116
55	tsk_55	(x)	1	:	0.000000	0.499769	0.000000	0.000000	0.000000	0.000000	0.000000	0.000455	0.299308	0.000000	0.000000	0.000000	0.200468
56	tsk_56	(x)	1	:	0.000000	0.000000	0.000000	0.000000	0.405967	0.000000	0.093267	0.000000	0.217170	0.000000	0.000000	0.000000	0.283596
57	tsk_57	(x)	1	:	0.000000	0.000000	0.000000	0.000000	0.000000	0.000000	0.000000	0.000000	0.186306	0.000000	0.487976	0.000000	0.325718
58	tsk_58	(x)	1	:	0.000000	0.000000	0.000000	0.561725	0.000000	0.000000	0.000000	0.000000	0.000000	0.000000	0.438275	0.000000	0.000000
59	tsk_59	(x)	1	:	0.000000	0.000000	0.000000	0.000000	0.000000	0.000000	0.000000	0.000000	0.318958	0.000000	0.000000	0.000000	0.681042
60	tsk_60	(x)	1	:	0.000000	0.000000	0.000000	0.000000	1.000000	0.000000	0.000000	0.000000	0.000000	0.000000	0.000000	0.000000	0.000000
61	tsk_61	(x)	1	:	0.000000	0.502362	0.000000	0.000000	0.000000	0.000000	0.000000	0.497638	0.000000	0.000000	0.000000	0.000000	0.000000
62	tsk_62	(x)	1	:	0.166700	0.401318	0.000000	0.000000	0.408128	0.000000	0.023853	0.000000	0.000000	0.000000	0.000000	0.000000	0.000000
63	tsk_63	(x)	1	:	0.000000	0.000000	0.000000	0.000000	0.000000	0.000000	0.000000	0.000000	0.065960	0.000000	0.000000	0.000000	0.934040
64	tsk_64	(x)	1	:	0.000000	0.000000	0.000000	0.000000	1.000000	0.000000	0.000000	0.000000	0.000000	0.000000	0.000000	0.000000	0.000000
65	tsk_65	(x)	1	:	0.000000	0.000000	0.000000	0.000000	0.000000	0.000000	0.499115	0.000000	0.174211	0.000000	0.000000	0.000000	0.326674
66	tsk_66	(x)	1	:	0.283261	0.450407	0.000000	0.000000	0.000000	0.000000	0.000000	0.000000	0.194085	0.000000	0.000000	0.000000	0.072247
67	tsk_67	(x)	1	:	0.000000	0.000000	0.000000	0.460515	0.000000	0.000000	0.539485	0.000000	0.000000	0.000000	0.000000	0.000000	0.000000
68	tsk_68	(x)	1	:	0.000000	0.499964	0.000000	0.000000	0.000000	0.000000	0.000000	0.000000	0.256852	0.000000	0.000000	0.000000	0.243185
69	tsk_69	(x)	1	:	0.000000	0.000000	0.000000	0.000000	0.406935	0.000000	0.593064	0.000000	0.000000	0.000000	0.000000	0.000000	0.000000
70	tsk_70	(x)	1	:	0.000000	0.000000	0.000000	0.000000	0.000000	0.000000	0.499115	0.000000	0.123242	0.000000	0.000000	0.000000	0.377642
71	tsk_71	(x)	1	:	0.000000	0.000000	0.994922	0.000000	0.000000	0.000000	0.000000	0.000000	0.002020	0.000000	0.000000	0.000000	0.003058
72	tsk_72	(x)	1	:	0.000000	0.000000	0.000000	0.000000	0.000000	0.000000	0.000000	0.000000	0.371816	0.000000	0.000000	0.000000	0.628184
73	tsk_73	(x)	1	:	0.000000	0.000000	0.000000	0.000000	0.000000	0.000000	0.000000	0.000000	0.591548	0.000000	0.000000	0.000000	0.408452
74	tsk_74	(x)	1	:	0.000000	0.000000	0.000000	0.000000	0.000000	0.000000	0.000000	0.000000	0.315399	0.000000	0.000000	0.000000	0.684601
75	tsk_75	(x)	1	:	0.000000	0.000000	0.000000	0.504649	0.000000	0.000000	0.000000	0.000000	0.057210	0.000000	0.000000	0.000000	0.438141
76	tsk_76	(x)	1	:	0.000000	0.000000	0.000000	0.000000	0.000000	0.000000	0.000000	0.000000	0.425839	0.000000	0.000000	0.000000	0.574161
77	tsk_77	(x)	1	:	0.000000	0.000000	0.996046	0.000000	0.000000	0.000000	0.000000	0.000000	0.001221	0.000000	0.000000	0.000000	0.002732
78	tsk_78	(x)	1	:	0.000000	0.000000	0.000000	0.000000	0.000000	0.000000	0.000000	0.000000	0.284391	0.000000	0.000000	0.000000	0.715609
79	tsk_79	(x)	1	:	0.000000	0.000000	0.000000	0.000000	0.000000	0.000000	0.000000	0.000000	0.347012	0.000000	0.000000	0.000000	0.652988
80	tsk_80	(x)	1	:	0.000001	0.499688	0.000000	0.000000	0.000000	0.000000	0.000000	0.000635	0.040953	0.000000	0.000000	0.458723	0.000000
81	tsk_81	(x)	1	:	0.000000	0.499647	0.000000	0.000000	0.000000	0.000000	0.000000	0.000756	0.038162	0.000000	0.000000	0.458803	0.002632
82	tsk_82	(x)	1	:	0.000000	0.000000	0.000000	0.000000	0.405877	0.000000	0.093385	0.000000	0.036932	0.000000	0.000000	0.458854	0.004951
83	tsk_83	(x)	1	:	0.000000	0.499692	0.000000	0.000000	0.000000	0.000000	0.000000	0.000650	0.039365	0.000000	0.000000	0.458797	0.001496
84	tsk_84	(x)	1	:	0.000000	0.499662	0.000000	0.000000	0.000000	0.000000	0.000000	0.000710	0.039092	0.000000	0.000000	0.458770	0.001765
85	tsk_85	(x)	1	:	0.000000	0.490920	0.000000	0.000000	0.508721	0.000000	0.000359	0.000000	0.000000	0.000000	0.000000	0.000000	0.000000
86	tsk_86	(x)	1	:	0.000000	0.000000	0.000000	0.000000	0.406935	0.000000	0.593064	0.000000	0.000000	0.000000	0.000000	0.000000	0.000000
87	tsk_87	(x)	1	:	0.000000	0.000000	0.000000	0.000000	0.000000	0.000000	0.000000	0.000000	0.470239	0.000000	0.000000	0.458640	0.071121
88	tsk_88	(x)	1	:	0.000000	0.000000	0.000000	0.000000	0.000000	0.000000	0.000000	0.000000	0.546442	0.000000	0.000000	0.000000	0.453558
89	tsk_89	(x)	1	:	0.000000	1.000000	0.000000	0.000000	0.000000	0.000000	0.000000	0.000000	0.000000	0.000000	0.000000	0.000000	0.000000
90	tsk_90	(x)	1	:	0.000000	0.000000	0.000000	0.000000	0.000000	0.000000	0.000000	0.000000	0.261836	0.000000	0.000000	0.000000	0.738164
91	tsk_91	(x)	1	:	0.000000	0.000000	0.000000	0.000000	0.516144	0.000000	0.000000	0.483853	0.000002	0.000000	0.000000	0.000000	0.000002
92	tsk_92	(x)	1	:	0.000001	0.000000	0.000000	0.000000	0.000000	0.000000	0.000000	0.495327	0.001340	0.502027	0.000000	0.000000	0.001304
93	tsk_93	(x)	1	:	0.000000	0.000000	0.000000	0.000000	0.000000	0.000000	0.000000	0.000000	0.231307	0.502236	0.000000	0.000000	0.266457
94	tsk_94	(x)	1	:	0.000000	0.000000	0.000000	0.000000	0.516144	0.000000	0.000000	0.483854	0.000000	0.000000	0.000000	0.000000	0.000001
95	tsk_95	(x)	1	:	0.000000	0.000000	0.000000	0.000000	0.000000	0.000000	0.000000	1.000000	0.000000	0.000000	0.000000	0.000000	0.000000
96	tsk_96	(x)	1	:	0.000000	0.000000	0.000000	0.469342	0.000000	0.000000	0.000000	0.000000	0.124347	0.000000	0.000000	0.000000	0.406311
97	tsk_97	(x)	1	:	0.000000	0.000000	0.000000	0.469342	0.000000	0.000000	0.000000	0.000000	0.112776	0.000000	0.000000	0.000000	0.417883
98	tsk_98	(x)	1	:	0.000000	0.000000	0.000000	0.000000	0.000000	0.000000	0.000000	0.495991	0.129464	0.000000	0.000000	0.000000	0.374544
99	tsk_99	(x)	1	:	0.000000	0.000000	0.000000	0.000000	0.000000	0.000000	0.000000	0.000000	0.388403	0.000000	0.000000	0.000000	0.611597
100	tsk_100	(x)	1	:	0.000000	0.000000	0.000000	0.008290	0.000000	0.000000	0.000000	0.000000	0.112135	0.466203	0.000003	0.000000	0.413369
101	tsk_101	(x)	1	:	0.000001	0.499212	0.000000	0.000000	0.000000	0.000000	0.498748	0.000658	0.000678	0.000000	0.000000	0.000000	0.000703
102	tsk_102	(x)	1	:	0.000000	0.000000	0.000000	0.000000	0.000000	0.000000	0.000000	0.000000	0.000000	1.000000	0.000000	0.000000	0.000000
103	tsk_103	(x)	1	:	0.000000	0.000000	0.000000	0.000000	0.000000	0.000000	0.000000	0.000000	0.000000	1.000000	0.000000	0.000000	0.000000
104	tsk_104	(x)	1	:	0.000000	0.000000	0.000000	0.000000	0.000000	0.000000	0.000000	0.000000	0.000000	0.000000	0.000000	1.000000	0.000000
105	tsk_105	(x)	1	:	0.000000	0.499688	0.000000	0.000000	0.000000	0.000000	0.000000	0.000664	0.037380	0.000000	0.000000	0.458810	0.003458
106	tsk_106	(x)	1	:	0.000000	0.000000	0.000000	0.008509	0.000000	0.000000	0.000000	0.000000	0.053654	0.465967	0.000054	0.458680	0.013137
107	tsk_107	(x)	1	:	0.000000	0.000000	0.000000	0.000000	0.000000	0.000000	0.000000	0.000000	0.105345	0.000000	0.518007	0.000000	0.376648
108	tsk_108	(x)	1	:	0.000000	0.000000	0.000000	0.008614	0.000000	0.000000	0.000000	0.000000	0.077561	0.465893	0.000027	0.000000	0.447905
109	tsk_109	(x)	1	:	0.000000	0.000000	0.000000	0.000000	0.000000	0.000000	0.000000	0.000000	0.021143	0.000000	0.517992	0.458504	0.002361
110	tsk_110	(x)	1	:	0.000000	0.000000	0.000000	0.519290	0.480710	0.000000	0.000000	0.000000	0.000000	0.000000	0.000000	0.000000	0.000000
111	tsk_111	(x)	1	:	0.000000	0.000000	0.000000	0.000000	0.000000	0.000000	0.000000	1.000000	0.000000	0.000000	0.000000	0.000000	0.000000
112	tsk_112	(x)	1	:	0.000001	0.000000	0.000000	0.504055	0.000000	0.000000	0.000000	0.494449	0.000215	0.000000	0.000000	0.000000	0.001281
113	tsk_113	(x)	1	:	0.000000	0.000000	0.000000	0.000000	0.000000	0.000000	0.000000	0.000000	0.227039	0.000000	0.000000	0.000000	0.772961
114	tsk_114	(x)	1	:	0.000000	0.000000	0.000000	0.000000	1.000000	0.000000	0.000000	0.000000	0.000000	0.000000	0.000000	0.000000	0.000000
115	tsk_115	(x)	1	:	0.000000	0.000000	0.000000	0.000000	0.000000	0.000000	0.000000	1.000000	0.000000	0.000000	0.000000	0.000000	0.000000
116	tsk_116	(x)	1	:	0.000000	0.000000	0.000000	0.000000	0.406169	0.000000	0.093040	0.000000	0.164803	0.000000	0.000000	0.000000	0.335988
117	tsk_117	(x)	1	:	0.000000	0.000000	0.000000	0.000000	0.000000	0.000000	0.000000	0.000000	0.399959	0.000000	0.000000	0.000000	0.600041
118	tsk_118	(x)	1	:	0.421669	0.502824	0.000001	0.000000	0.000000	0.000000	0.000000	0.075460	0.000023	0.000000	0.000000	0.000000	0.000023
119	tsk_119	(x)	1	:	0.000000	0.502362	0.000000	0.000000	0.000000	0.000000	0.000000	0.497638	0.000000	0.000000	0.000000	0.000000	0.000000
120	tsk_120	(x)	1	:	0.999991	0.000000	0.000002	0.000000	0.000000	0.000000	0.000000	0.000000	0.000000	0.000000	0.000000	0.000000	0.000007
121	tsk_121	(x)	1	:	0.493723	0.000000	0.000000	0.000000	0.506277	0.000000	0.000000	0.000000	0.000000	0.000000	0.000000	0.000000	0.000000
122	tsk_122	(x)	1	:	0.347742	0.000000	0.000000	0.000028	0.000000	0.000000	0.000000	0.000000	0.052828	0.000000	0.487987	0.000000	0.111414
123	tsk_123	(x)	1	:	0.000000	0.000000	0.000000	0.303329	0.000000	0.000000	0.000000	0.000000	0.046159	0.219895	0.000000	0.000000	0.430617
124	tsk_124	(x)	1	:	0.000000	0.465248	0.000000	0.000000	0.000000	0.000000	0.000000	0.000000	0.000000	0.534752	0.000000	0.000000	0.000000
125	tsk_125	(x)	1	:	0.511989	0.486906	0.000000	0.000000	0.000000	0.000000	0.000000	0.001105	0.000000	0.000000	0.000000	0.000000	0.000000
126	tsk_126	(x)	1	:	0.000000	0.000000	0.000000	0.000000	0.000000	1.000000	0.000000	0.000000	0.000000	0.000000	0.000000	0.000000	0.000000
127	tsk_127	(x)	1	:	0.000000	0.000000	0.000000	0.000000	0.520019	0.000000	0.000000	0.000000	0.228370	0.000000	0.000000	0.000000	0.251611
128	tsk_128	(x)	1	:	0.000689	0.000000	0.000000	0.008657	0.000000	0.520218	0.000000	0.000000	0.000000	0.470401	0.000035	0.000000	0.000000
129	tsk_129	(x)	1	:	0.000000	0.000000	0.000000	0.000000	0.000000	0.000000	0.000000	0.000000	0.000000	1.000000	0.000000	0.000000	0.000000
130	tsk_130	(x)	1	:	0.000000	0.000000	0.000000	0.000000	0.000000	0.000000	0.000000	0.000000	0.375432	0.000000	0.000000	0.000000	0.624568
131	tsk_131	(x)	1	:	0.000000	0.000000	0.000000	0.000000	0.000000	0.000000	0.000000	0.000000	0.156565	0.000000	0.000000	0.000000	0.843435
132	tsk_132	(x)	1	:	0.000000	0.000000	0.000000	0.000000	0.000000	0.000000	0.000000	0.000000	0.285921	0.000000	0.000000	0.000000	0.714079
133	tsk_133	(x)	1	:	0.000000	0.000000	0.000000	0.000000	0.000000	0.000000	0.000000	0.000000	0.460266	0.000000	0.000000	0.000000	0.539734
134	tsk_134	(x)	1	:	0.000000	0.488445	0.000000	0.000000	0.511551	0.000000	0.000000	0.000003	0.000001	0.000000	0.000000	0.000000	0.000000
135	tsk_135	(x)	1	:	0.000000	0.000000	0.000000	0.000000	0.520014	0.000000	0.000000	0.000000	0.141051	0.000000	0.000000	0.000000	0.338935
136	tsk_136	(x)	1	:	0.000000	0.000000	0.000000	0.000000	0.520021	0.000000	0.000000	0.000000	0.249349	0.000000	0.000000	0.000000	0.230630
137	tsk_137	(x)	1	:	0.000000	0.000000	0.000000	0.000000	0.000000	0.000000	0.000000	1.000000	0.000000	0.000000	0.000000	0.000000	0.000000
138	tsk_138	(x)	1	:	0.000000	0.000000	0.000000	0.000000	0.000000	0.000000	0.000000	0.000000	0.476576	0.000000	0.000000	0.000000	0.523423
139	tsk_139	(x)	1	:	0.000000	0.000000	0.000000	0.000000	0.000000	0.000000	0.000000	0.000000	0.313284	0.000000	0.000000	0.000000	0.686716
140	tsk_140	(x)	1	:	0.000000	0.000000	0.000000	0.000000	0.000000	0.000000	1.000000	0.000000	0.000000	0.000000	0.000000	0.000000	0.000000
141	tsk_141	(x)	1	:	0.000000	0.000000	0.000000	0.000000	0.000000	0.000000	1.000000	0.000000	0.000000	0.000000	0.000000	0.000000	0.000000
142	tsk_142	(x)	1	:	0.000000	0.000000	0.000000	0.000000	0.000000	0.000000	0.499115	0.000000	0.134352	0.000000	0.000000	0.000000	0.366532
143	tsk_143	(x)	1	:	0.000000	0.000000	0.000000	0.000000	0.000000	0.000000	0.499119	0.000000	0.032458	0.000000	0.000000	0.458740	0.009682
144	tsk_144	(x)	1	:	0.000000	0.000000	0.000000	0.000000	0.000000	0.000000	1.000000	0.000000	0.000000	0.000000	0.000000	0.000000	0.000000
145	tsk_145	(x)	1	:	0.000000	0.000000	0.000000	0.000000	0.000000	0.000000	0.499115	0.000000	0.209194	0.000000	0.000000	0.000000	0.291690
146	tsk_146	(x)	1	:	0.000000	0.000000	0.000000	0.000000	0.000000	0.000000	1.000000	0.000000	0.000000	0.000000	0.000000	0.000000	0.000000
147	tsk_147	(x)	1	:	0.000000	0.000000	0.000000	0.000000	0.000000	0.000000	1.000000	0.000000	0.000000	0.000000	0.000000	0.000000	0.000000
148	tsk_148	(x)	1	:	0.000000	0.000000	0.000000	0.000000	0.000000	0.000000	1.000000	0.000000	0.000000	0.000000	0.000000	0.000000	0.000000
149	tsk_149	(x)	1	:	0.000000	0.000000	0.000000	0.000000	0.000000	0.000000	1.000000	0.000000	0.000000	0.000000	0.000000	0.000000	0.000000
