logL = -851.182145 (converged)
AIC = 7162.364290
BIC = 15381.398643

count.K
3 2 12 7 9 3 2 11 12 23 0 38 4 4 20 

