logL = -1921.319877 (converged)
AIC = 7942.639753
BIC = 14114.442106

count.K
2 2 5 7 3 2 21 59 21 7 21 

