logL = -1607.978244 (converged)
AIC = 3647.956489
BIC = 4298.253712

count.K
77 73 

