logL = -1247.018265 (converged)
AIC = 7430.036531
BIC = 14860.284437

count.K
2 1 10 2 1 6 34 14 23 4 1 22 6 24 

