logL = -2331.076738 (converged)
AIC = 8422.153476
BIC = 14082.147829

count.K
3 17 4 7 48 1 19 10 16 25 

