logL = -779.594960 (converged)
AIC = 4571.189920
BIC = 9105.206673

count.K
4 2 7 12 35 30 8 30 22 

