logL = -1711.625330 (converged)
AIC = 7923.250659
BIC = 14697.180071

count.K
10 5 26 21 16 10 24 13 7 0 7 11 

