logL = -1063.422219 (converged)
AIC = 3250.844438
BIC = 4942.821473

count.K
34 40 72 4 

