logL = -1350.415655 (converged)
AIC = 4280.831310
BIC = 6659.233192

count.K
32 44 47 13 14 

