logL = -713.872328 (converged)
AIC = 3239.744657
BIC = 5967.380233

count.K
39 28 31 22 8 22 

