logL = -958.484052 (converged)
AIC = 3088.968103
BIC = 4853.200386

count.K
58 31 13 48 

