logL = -1238.701484 (converged)
AIC = 3263.402968
BIC = 4446.582638

count.K
66 54 30 

