logL = -868.829409 (converged)
AIC = 4785.658817
BIC = 9373.867005

count.K
9 3 12 16 31 35 21 4 19 

