logL = -1604.742696 (converged)
AIC = 8481.485392
BIC = 16417.520027

count.K
2 11 14 1 4 33 1 1 18 10 9 3 2 41 

