logL = -856.125078 (converged)
AIC = 2820.250157
BIC = 4488.142110

count.K
68 32 20 30 

