logL = -1504.415566 (converged)
AIC = 6020.831132
BIC = 10554.847885

count.K
9 8 71 13 16 6 20 7 

