logL = -1290.610250 (converged)
AIC = 3421.220500
BIC = 4685.687324

count.K
42 64 44 

