logL = -1957.373731 (converged)
AIC = 4724.747462
BIC = 5944.054756

count.K
61 53 36 

