0	tsk_0	(x)	1	:	0.000000	0.000000	0.000000	0.000000	0.392390	0.000000	0.000000	0.000000	0.000000	0.000000	0.607609	0.000000	0.000000
1	tsk_1	(x)	1	:	0.070759	0.000000	0.496302	0.000000	0.432939	0.000000	0.000000	0.000000	0.000000	0.000000	0.000000	0.000000	0.000000
2	tsk_2	(x)	1	:	0.000000	0.000000	0.000000	0.000000	0.000000	0.000000	0.000000	0.000000	0.000000	0.000000	1.000000	0.000000	0.000000
3	tsk_3	(x)	1	:	0.145225	0.000000	0.000000	0.439064	0.000000	0.000000	0.000000	0.000000	0.000000	0.000000	0.415710	0.000000	0.000000
4	tsk_4	(x)	1	:	0.088077	0.000000	0.495607	0.000000	0.000000	0.000000	0.000000	0.000000	0.000000	0.000000	0.416316	0.000000	0.000000
5	tsk_5	(x)	1	:	0.087819	0.000000	0.495742	0.000000	0.000000	0.000000	0.000000	0.000000	0.000000	0.000000	0.416438	0.000000	0.000000
6	tsk_6	(x)	1	:	0.000000	0.000000	0.000000	0.000000	0.000000	0.000000	0.000000	0.000000	0.000000	0.000000	1.000000	0.000000	0.000000
7	tsk_7	(x)	1	:	0.088429	0.000000	0.495422	0.000000	0.000000	0.000000	0.000000	0.000000	0.000000	0.000000	0.416149	0.000000	0.000000
8	tsk_8	(x)	1	:	0.000035	0.000000	0.417096	0.000000	0.000000	0.000000	0.000000	0.000000	0.000000	0.000000	0.582869	0.000000	0.000000
9	tsk_9	(x)	1	:	0.000001	0.000000	0.000000	0.000000	0.413783	0.000000	0.000000	0.000000	0.586216	0.000000	0.000000	0.000000	0.000000
10	tsk_10	(x)	1	:	0.000000	0.000000	0.410722	0.589277	0.000000	0.000000	0.000000	0.000000	0.000000	0.000000	0.000000	0.000000	0.000000
11	tsk_11	(x)	1	:	0.088169	0.000000	0.495559	0.000000	0.000000	0.000000	0.000000	0.000000	0.000000	0.000000	0.416272	0.000000	0.000000
12	tsk_12	(x)	1	:	0.018151	0.486595	0.196044	0.000000	0.000000	0.000000	0.000000	0.299209	0.000000	0.000000	0.000000	0.000000	0.000000
13	tsk_13	(x)	1	:	0.000000	0.000000	0.512496	0.000000	0.000000	0.000000	0.000000	0.000000	0.000000	0.487504	0.000000	0.000000	0.000000
14	tsk_14	(x)	1	:	0.019644	0.486489	0.493867	0.000000	0.000000	0.000000	0.000000	0.000000	0.000000	0.000000	0.000000	0.000000	0.000000
15	tsk_15	(x)	1	:	0.000000	0.000000	0.410722	0.589277	0.000000	0.000000	0.000000	0.000000	0.000000	0.000000	0.000000	0.000000	0.000000
16	tsk_16	(x)	1	:	0.000000	0.000000	1.000000	0.000000	0.000000	0.000000	0.000000	0.000000	0.000000	0.000000	0.000000	0.000000	0.000000
17	tsk_17	(x)	1	:	0.000000	0.000000	1.000000	0.000000	0.000000	0.000000	0.000000	0.000000	0.000000	0.000000	0.000000	0.000000	0.000000
18	tsk_18	(x)	1	:	0.013625	0.000000	0.005733	0.000000	0.000000	0.000000	0.000000	0.000000	0.000000	0.488046	0.000000	0.492596	0.000000
19	tsk_19	(x)	1	:	0.503690	0.000000	0.496310	0.000000	0.000000	0.000000	0.000000	0.000000	0.000000	0.000000	0.000000	0.000000	0.000000
20	tsk_20	(x)	1	:	0.000000	0.000000	0.000000	0.000000	0.000000	0.000000	1.000000	0.000000	0.000000	0.000000	0.000000	0.000000	0.000000
21	tsk_21	(x)	1	:	0.002124	0.494270	0.088111	0.000000	0.000000	0.000000	0.000000	0.415494	0.000000	0.000000	0.000000	0.000000	0.000000
22	tsk_22	(x)	1	:	0.019727	0.486448	0.493825	0.000000	0.000000	0.000000	0.000000	0.000000	0.000000	0.000000	0.000000	0.000000	0.000000
23	tsk_23	(x)	1	:	0.015722	0.000000	0.492992	0.000000	0.000000	0.000000	0.000000	0.000000	0.000000	0.000000	0.000000	0.491286	0.000000
24	tsk_24	(x)	1	:	0.015607	0.000000	0.493050	0.000000	0.000000	0.000000	0.000000	0.000000	0.000000	0.000000	0.000000	0.491343	0.000000
25	tsk_25	(x)	1	:	0.016833	0.000000	0.161487	0.000000	0.000000	0.000000	0.000000	0.000000	0.000000	0.330888	0.000000	0.490792	0.000000
26	tsk_26	(x)	1	:	0.000000	0.000000	0.000000	0.000000	0.000000	0.000000	0.000000	0.000000	0.000000	0.000000	0.000000	1.000000	0.000000
27	tsk_27	(x)	1	:	0.000000	0.000000	0.000000	0.000000	0.000000	0.000000	0.000000	0.000000	0.000000	0.000000	0.000000	1.000000	0.000000
28	tsk_28	(x)	1	:	0.032180	0.000000	0.113155	0.000000	0.000000	0.000000	0.000000	0.413925	0.000000	0.000000	0.440740	0.000000	0.000000
29	tsk_29	(x)	1	:	0.020557	0.486886	0.000000	0.000000	0.000000	0.000000	0.000000	0.000000	0.000000	0.000000	0.000000	0.492557	0.000000
30	tsk_30	(x)	1	:	0.000000	0.000000	0.000000	0.000000	0.000000	0.000000	0.000000	0.000000	0.000000	1.000000	0.000000	0.000000	0.000000
31	tsk_31	(x)	1	:	0.000000	0.000000	1.000000	0.000000	0.000000	0.000000	0.000000	0.000000	0.000000	0.000000	0.000000	0.000000	0.000000
32	tsk_32	(x)	1	:	0.000000	0.000000	0.000000	0.000000	0.000000	0.000000	0.000000	0.000000	0.000000	1.000000	0.000000	0.000000	0.000000
33	tsk_33	(x)	1	:	0.062322	0.000000	0.011534	0.440132	0.000000	0.000000	0.000000	0.000000	0.000000	0.486012	0.000000	0.000000	0.000000
34	tsk_34	(x)	1	:	0.000000	0.000000	0.000000	0.000000	0.000000	0.000000	0.000000	0.000000	0.000000	1.000000	0.000000	0.000000	0.000000
35	tsk_35	(x)	1	:	0.143551	0.000000	0.000000	0.439922	0.000000	0.000000	0.000000	0.000000	0.000000	0.000000	0.416527	0.000000	0.000000
36	tsk_36	(x)	1	:	0.066611	0.000000	0.003492	0.439951	0.000000	0.000000	0.000000	0.000000	0.000000	0.489945	0.000000	0.000000	0.000000
37	tsk_37	(x)	1	:	0.017884	0.487866	0.005736	0.000000	0.000000	0.000000	0.000000	0.000000	0.000000	0.488513	0.000000	0.000000	0.000000
38	tsk_38	(x)	1	:	0.000000	0.000000	0.000000	0.000000	0.000000	0.000000	0.000000	0.000000	0.000000	1.000000	0.000000	0.000000	0.000000
39	tsk_39	(x)	1	:	0.004861	0.000000	0.007085	0.000000	0.000000	0.000000	0.498619	0.000000	0.000000	0.489436	0.000000	0.000000	0.000000
40	tsk_40	(x)	1	:	0.014797	0.000000	0.194859	0.000000	0.000000	0.000000	0.000000	0.299227	0.000000	0.000000	0.000000	0.491117	0.000000
41	tsk_41	(x)	1	:	0.007914	0.000000	0.194894	0.000000	0.000000	0.000000	0.497901	0.299290	0.000000	0.000000	0.000000	0.000000	0.000000
42	tsk_42	(x)	1	:	0.015718	0.000000	0.492994	0.000000	0.000000	0.000000	0.000000	0.000000	0.000000	0.000000	0.000000	0.491287	0.000000
43	tsk_43	(x)	1	:	0.064704	0.000000	0.000000	0.440526	0.000000	0.000000	0.000000	0.000000	0.000000	0.000000	0.000000	0.494769	0.000000
44	tsk_44	(x)	1	:	0.014262	0.000000	0.195146	0.000000	0.000000	0.000000	0.000000	0.299214	0.000000	0.000000	0.000000	0.491377	0.000000
45	tsk_45	(x)	1	:	0.020652	0.486839	0.000000	0.000000	0.000000	0.000000	0.000000	0.000000	0.000000	0.000000	0.000000	0.492510	0.000000
46	tsk_46	(x)	1	:	0.014839	0.000000	0.194836	0.000000	0.000000	0.000000	0.000000	0.299228	0.000000	0.000000	0.000000	0.491097	0.000000
47	tsk_47	(x)	1	:	0.070557	0.489003	0.000000	0.440439	0.000000	0.000000	0.000000	0.000000	0.000000	0.000000	0.000000	0.000000	0.000000
48	tsk_48	(x)	1	:	0.014147	0.000000	0.195208	0.000000	0.000000	0.000000	0.000000	0.299212	0.000000	0.000000	0.000000	0.491433	0.000000
49	tsk_49	(x)	1	:	0.059418	0.000000	0.200294	0.441433	0.000000	0.000000	0.000000	0.298855	0.000000	0.000000	0.000000	0.000000	0.000000
50	tsk_50	(x)	1	:	0.097530	0.487139	0.000000	0.000000	0.000000	0.000000	0.000000	0.000000	0.000000	0.000000	0.415331	0.000000	0.000000
51	tsk_51	(x)	1	:	0.015774	0.000000	0.492966	0.000000	0.000000	0.000000	0.000000	0.000000	0.000000	0.000000	0.000000	0.491260	0.000000
52	tsk_52	(x)	1	:	0.008643	0.000000	0.493446	0.000000	0.000000	0.000000	0.497911	0.000000	0.000000	0.000000	0.000000	0.000000	0.000000
53	tsk_53	(x)	1	:	0.015708	0.000000	0.493000	0.000000	0.000000	0.000000	0.000000	0.000000	0.000000	0.000000	0.000000	0.491293	0.000000
54	tsk_54	(x)	1	:	0.000000	0.000000	0.000000	0.000000	0.000000	0.000000	0.502042	0.000000	0.497958	0.000000	0.000000	0.000000	0.000000
55	tsk_55	(x)	1	:	0.000000	0.000000	0.000000	0.000000	0.000000	0.000000	0.502042	0.000000	0.497958	0.000000	0.000000	0.000000	0.000000
56	tsk_56	(x)	1	:	0.097443	0.000000	0.000000	0.000000	0.000000	0.000000	0.496740	0.000000	0.000000	0.000000	0.405817	0.000000	0.000000
57	tsk_57	(x)	1	:	0.000000	0.000000	1.000000	0.000000	0.000000	0.000000	0.000000	0.000000	0.000000	0.000000	0.000000	0.000000	0.000000
58	tsk_58	(x)	1	:	0.114800	0.000000	0.000621	0.000000	0.000000	0.000000	0.000000	0.000000	0.478856	0.000000	0.405723	0.000000	0.000000
59	tsk_59	(x)	1	:	0.087409	0.000000	0.000000	0.000000	0.000000	0.000000	0.497942	0.000000	0.000000	0.000000	0.414649	0.000000	0.000000
60	tsk_60	(x)	1	:	0.014356	0.000000	0.195096	0.000000	0.000000	0.000000	0.000000	0.299216	0.000000	0.000000	0.000000	0.491332	0.000000
61	tsk_61	(x)	1	:	0.000000	1.000000	0.000000	0.000000	0.000000	0.000000	0.000000	0.000000	0.000000	0.000000	0.000000	0.000000	0.000000
62	tsk_62	(x)	1	:	0.000000	0.000000	0.000000	0.000000	0.000000	0.000000	0.000000	0.000000	0.000000	0.000000	0.000000	1.000000	0.000000
63	tsk_63	(x)	1	:	0.000000	1.000000	0.000000	0.000000	0.000000	0.000000	0.000000	0.000000	0.000000	0.000000	0.000000	0.000000	0.000000
64	tsk_64	(x)	1	:	0.016060	0.488382	0.007844	0.000000	0.000000	0.000000	0.000000	0.000000	0.000000	0.487714	0.000000	0.000000	0.000000
65	tsk_65	(x)	1	:	0.020555	0.486887	0.000000	0.000000	0.000000	0.000000	0.000000	0.000000	0.000000	0.000000	0.000000	0.492558	0.000000
66	tsk_66	(x)	1	:	0.082288	0.000000	0.000576	0.000000	0.432601	0.000000	0.000000	0.000000	0.484535	0.000000	0.000000	0.000000	0.000000
67	tsk_67	(x)	1	:	0.090698	0.000000	0.000000	0.000000	0.000000	0.000000	0.000000	0.000000	0.000000	0.000000	0.415882	0.493420	0.000000
68	tsk_68	(x)	1	:	0.020606	0.486861	0.000000	0.000000	0.000000	0.000000	0.000000	0.000000	0.000000	0.000000	0.000000	0.492532	0.000000
69	tsk_69	(x)	1	:	0.096305	0.487782	0.000000	0.000000	0.000000	0.000000	0.000000	0.000000	0.000000	0.000000	0.415913	0.000000	0.000000
70	tsk_70	(x)	1	:	1.000000	0.000000	0.000000	0.000000	0.000000	0.000000	0.000000	0.000000	0.000000	0.000000	0.000000	0.000000	0.000000
71	tsk_71	(x)	1	:	0.000000	0.000000	0.000000	0.000000	0.000000	0.000000	0.000000	0.000000	0.000000	0.000000	1.000000	0.000000	0.000000
72	tsk_72	(x)	1	:	0.000000	0.000000	0.000000	0.000000	0.000000	0.000000	0.000000	0.000000	0.000000	0.000000	0.000000	1.000000	0.000000
73	tsk_73	(x)	1	:	0.019569	0.487747	0.000000	0.000000	0.000000	0.478093	0.000000	0.000000	0.000000	0.000000	0.000000	0.014592	0.000000
74	tsk_74	(x)	1	:	0.503690	0.000000	0.496310	0.000000	0.000000	0.000000	0.000000	0.000000	0.000000	0.000000	0.000000	0.000000	0.000000
75	tsk_75	(x)	1	:	0.505395	0.000000	0.000000	0.000000	0.000000	0.000000	0.000000	0.000000	0.000000	0.000000	0.000000	0.494604	0.000000
76	tsk_76	(x)	1	:	0.000000	0.000000	1.000000	0.000000	0.000000	0.000000	0.000000	0.000000	0.000000	0.000000	0.000000	0.000000	0.000000
77	tsk_77	(x)	1	:	1.000000	0.000000	0.000000	0.000000	0.000000	0.000000	0.000000	0.000000	0.000000	0.000000	0.000000	0.000000	0.000000
78	tsk_78	(x)	1	:	0.022260	0.000000	0.452542	0.000000	0.000000	0.000000	0.078773	0.000000	0.000000	0.000000	0.000000	0.000000	0.446425
79	tsk_79	(x)	1	:	0.015562	0.000000	0.493073	0.000000	0.000000	0.000000	0.000000	0.000000	0.000000	0.000000	0.000000	0.491366	0.000000
80	tsk_80	(x)	1	:	0.019237	0.486692	0.494070	0.000000	0.000000	0.000000	0.000000	0.000000	0.000000	0.000000	0.000000	0.000000	0.000000
81	tsk_81	(x)	1	:	0.014929	0.000000	0.493389	0.000000	0.000000	0.000000	0.000000	0.000000	0.000000	0.000000	0.000000	0.491682	0.000000
82	tsk_82	(x)	1	:	0.009726	0.000000	0.000000	0.000000	0.000000	0.000000	0.497989	0.000000	0.000000	0.000000	0.000000	0.492285	0.000000
83	tsk_83	(x)	1	:	0.009004	0.000000	0.493129	0.000000	0.000000	0.000000	0.497867	0.000000	0.000000	0.000000	0.000000	0.000000	0.000000
84	tsk_84	(x)	1	:	0.000000	0.000000	0.000000	0.000000	0.000000	0.000000	1.000000	0.000000	0.000000	0.000000	0.000000	0.000000	0.000000
85	tsk_85	(x)	1	:	0.000000	0.000000	1.000000	0.000000	0.000000	0.000000	0.000000	0.000000	0.000000	0.000000	0.000000	0.000000	0.000000
86	tsk_86	(x)	1	:	0.000000	0.000000	1.000000	0.000000	0.000000	0.000000	0.000000	0.000000	0.000000	0.000000	0.000000	0.000000	0.000000
87	tsk_87	(x)	1	:	0.015833	0.000000	0.492937	0.000000	0.000000	0.000000	0.000000	0.000000	0.000000	0.000000	0.000000	0.491230	0.000000
88	tsk_88	(x)	1	:	0.019678	0.486472	0.493850	0.000000	0.000000	0.000000	0.000000	0.000000	0.000000	0.000000	0.000000	0.000000	0.000000
89	tsk_89	(x)	1	:	0.000000	0.000000	0.525502	0.000000	0.000000	0.000000	0.000000	0.000000	0.474498	0.000000	0.000000	0.000000	0.000000
90	tsk_90	(x)	1	:	0.000000	0.000000	0.525502	0.000000	0.000000	0.000000	0.000000	0.000000	0.474498	0.000000	0.000000	0.000000	0.000000
91	tsk_91	(x)	1	:	0.000000	0.000000	0.472770	0.000000	0.000000	0.000000	0.000000	0.527230	0.000000	0.000000	0.000000	0.000000	0.000000
92	tsk_92	(x)	1	:	0.000514	0.000000	0.172678	0.000000	0.000000	0.000000	0.000000	0.244137	0.000000	0.000000	0.582671	0.000000	0.000000
93	tsk_93	(x)	1	:	0.000541	0.000000	0.172654	0.000000	0.000000	0.000000	0.000000	0.244142	0.000000	0.000000	0.582664	0.000000	0.000000
94	tsk_94	(x)	1	:	0.019543	0.486540	0.493917	0.000000	0.000000	0.000000	0.000000	0.000000	0.000000	0.000000	0.000000	0.000000	0.000000
95	tsk_95	(x)	1	:	0.000000	0.000000	0.017862	0.000000	0.000000	0.000000	0.000000	0.519932	0.462206	0.000000	0.000000	0.000000	0.000000
96	tsk_96	(x)	1	:	0.000043	0.000000	0.417091	0.000000	0.000000	0.000000	0.000000	0.000000	0.000000	0.000000	0.582865	0.000000	0.000000
97	tsk_97	(x)	1	:	0.000000	0.000000	0.000000	0.000000	0.000000	0.000000	0.000000	0.000000	0.000000	0.000000	1.000000	0.000000	0.000000
98	tsk_98	(x)	1	:	0.000000	0.000000	0.017862	0.000000	0.000000	0.000000	0.000000	0.519932	0.462206	0.000000	0.000000	0.000000	0.000000
99	tsk_99	(x)	1	:	0.000046	0.000000	0.417090	0.000000	0.000000	0.000000	0.000000	0.000000	0.000000	0.000000	0.582864	0.000000	0.000000
100	tsk_100	(x)	1	:	0.000000	0.000000	0.000000	0.000000	0.000000	1.000000	0.000000	0.000000	0.000000	0.000000	0.000000	0.000000	0.000000
101	tsk_101	(x)	1	:	0.000000	0.000000	0.000000	0.000000	0.000000	1.000000	0.000000	0.000000	0.000000	0.000000	0.000000	0.000000	0.000000
102	tsk_102	(x)	1	:	0.086690	0.000000	0.000000	0.000000	0.000000	0.473484	0.000000	0.000000	0.000000	0.000000	0.415953	0.023873	0.000000
103	tsk_103	(x)	1	:	0.086821	0.000000	0.000000	0.000000	0.000000	0.473248	0.000000	0.000000	0.000000	0.000000	0.415775	0.024156	0.000000
104	tsk_104	(x)	1	:	0.094220	0.000000	0.000000	0.000000	0.000000	0.000000	0.497124	0.000000	0.000000	0.000000	0.408656	0.000000	0.000000
105	tsk_105	(x)	1	:	0.009194	0.000000	0.000000	0.000000	0.000000	0.478515	0.498198	0.000000	0.000000	0.000000	0.000000	0.014093	0.000000
106	tsk_106	(x)	1	:	0.087060	0.000000	0.000000	0.000000	0.000000	0.474324	0.000000	0.000000	0.000000	0.000000	0.416178	0.022437	0.000000
107	tsk_107	(x)	1	:	0.000000	0.000000	0.000000	0.000000	0.000000	0.000000	0.000000	0.000000	0.000000	0.000000	1.000000	0.000000	0.000000
108	tsk_108	(x)	1	:	0.000000	0.000000	0.000000	0.000000	0.000000	0.000000	0.000000	0.000000	0.000000	0.000000	1.000000	0.000000	0.000000
109	tsk_109	(x)	1	:	0.011981	0.000000	0.196706	0.000000	0.000000	0.477193	0.000000	0.298915	0.000000	0.000000	0.000000	0.015205	0.000000
110	tsk_110	(x)	1	:	0.072458	0.000000	0.000000	0.000000	0.432943	0.000000	0.000000	0.000000	0.000000	0.000000	0.000000	0.494598	0.000000
111	tsk_111	(x)	1	:	0.000000	0.000000	0.000000	0.000000	1.000000	0.000000	0.000000	0.000000	0.000000	0.000000	0.000000	0.000000	0.000000
112	tsk_112	(x)	1	:	0.015652	0.000000	0.493027	0.000000	0.000000	0.000000	0.000000	0.000000	0.000000	0.000000	0.000000	0.491320	0.000000
113	tsk_113	(x)	1	:	0.068728	0.000000	0.000000	0.000000	0.432955	0.000000	0.498317	0.000000	0.000000	0.000000	0.000000	0.000000	0.000000
114	tsk_114	(x)	1	:	0.000000	0.000000	0.418641	0.000000	0.581359	0.000000	0.000000	0.000000	0.000000	0.000000	0.000000	0.000000	0.000000
115	tsk_115	(x)	1	:	0.095682	0.488109	0.000000	0.000000	0.000000	0.000000	0.000000	0.000000	0.000000	0.000000	0.416209	0.000000	0.000000
116	tsk_116	(x)	1	:	0.000000	0.000000	0.000000	0.000000	1.000000	0.000000	0.000000	0.000000	0.000000	0.000000	0.000000	0.000000	0.000000
117	tsk_117	(x)	1	:	0.000000	0.000000	0.000000	0.000000	1.000000	0.000000	0.000000	0.000000	0.000000	0.000000	0.000000	0.000000	0.000000
118	tsk_118	(x)	1	:	0.149264	0.000000	0.000000	0.000000	0.433376	0.000000	0.000000	0.000000	0.000000	0.000000	0.417360	0.000000	0.000000
119	tsk_119	(x)	1	:	0.271107	0.000000	0.000000	0.000000	0.728893	0.000000	0.000000	0.000000	0.000000	0.000000	0.000000	0.000000	0.000000
120	tsk_120	(x)	1	:	0.090912	0.000000	0.000000	0.000000	0.000000	0.000000	0.000000	0.000000	0.000000	0.000000	0.415780	0.493308	0.000000
121	tsk_121	(x)	1	:	0.090574	0.000000	0.000000	0.000000	0.000000	0.000000	0.497560	0.000000	0.000000	0.000000	0.411866	0.000000	0.000000
122	tsk_122	(x)	1	:	0.000000	0.000000	0.000000	0.000000	0.000000	0.000000	1.000000	0.000000	0.000000	0.000000	0.000000	0.000000	0.000000
123	tsk_123	(x)	1	:	0.089034	0.000000	0.000000	0.000000	0.000000	0.000000	0.497745	0.000000	0.000000	0.000000	0.413221	0.000000	0.000000
124	tsk_124	(x)	1	:	0.019515	0.000000	0.447441	0.000000	0.000000	0.000000	0.000009	0.000000	0.000000	0.000000	0.000000	0.000000	0.533035
125	tsk_125	(x)	1	:	0.009885	0.000000	0.000000	0.000000	0.000000	0.000000	0.497970	0.000000	0.000000	0.000000	0.000000	0.492146	0.000000
126	tsk_126	(x)	1	:	0.090096	0.000000	0.000000	0.000000	0.000000	0.000000	0.497618	0.000000	0.000000	0.000000	0.412286	0.000000	0.000000
127	tsk_127	(x)	1	:	0.087725	0.000000	0.252978	0.000000	0.000000	0.000000	0.000000	0.243613	0.000000	0.000000	0.415683	0.000000	0.000000
128	tsk_128	(x)	1	:	0.583180	0.000000	0.000000	0.000000	0.000000	0.000000	0.000000	0.000000	0.000000	0.000000	0.416820	0.000000	0.000000
129	tsk_129	(x)	1	:	0.019034	0.000000	0.447866	0.000000	0.000000	0.000000	0.000009	0.000000	0.000000	0.000000	0.000000	0.000000	0.533090
130	tsk_130	(x)	1	:	0.000037	0.000000	0.417095	0.000000	0.000000	0.000000	0.000000	0.000000	0.000000	0.000000	0.582868	0.000000	0.000000
131	tsk_131	(x)	1	:	0.000000	0.000000	1.000000	0.000000	0.000000	0.000000	0.000000	0.000000	0.000000	0.000000	0.000000	0.000000	0.000000
132	tsk_132	(x)	1	:	0.000000	0.000000	1.000000	0.000000	0.000000	0.000000	0.000000	0.000000	0.000000	0.000000	0.000000	0.000000	0.000000
133	tsk_133	(x)	1	:	0.000000	0.000000	0.000000	0.000000	0.000000	0.000000	0.000000	0.000000	0.000000	0.000000	0.000000	1.000000	0.000000
134	tsk_134	(x)	1	:	0.015552	0.000000	0.493077	0.000000	0.000000	0.000000	0.000000	0.000000	0.000000	0.000000	0.000000	0.491371	0.000000
135	tsk_135	(x)	1	:	0.000000	0.000000	0.472770	0.000000	0.000000	0.000000	0.000000	0.527230	0.000000	0.000000	0.000000	0.000000	0.000000
136	tsk_136	(x)	1	:	0.015892	0.000000	0.492907	0.000000	0.000000	0.000000	0.000000	0.000000	0.000000	0.000000	0.000000	0.491200	0.000000
137	tsk_137	(x)	1	:	0.000000	0.000000	0.000000	0.000000	0.000000	0.000000	0.000000	0.000000	0.000000	0.000000	0.000000	1.000000	0.000000
138	tsk_138	(x)	1	:	0.000000	0.000000	1.000000	0.000000	0.000000	0.000000	0.000000	0.000000	0.000000	0.000000	0.000000	0.000000	0.000000
139	tsk_139	(x)	1	:	0.511068	0.488932	0.000000	0.000000	0.000000	0.000000	0.000000	0.000000	0.000000	0.000000	0.000000	0.000000	0.000000
140	tsk_140	(x)	1	:	0.015726	0.000000	0.492991	0.000000	0.000000	0.000000	0.000000	0.000000	0.000000	0.000000	0.000000	0.491284	0.000000
141	tsk_141	(x)	1	:	0.000000	0.000000	0.000000	0.000000	0.000000	0.000000	0.000000	0.000000	0.000000	0.000000	0.583549	0.416451	0.000000
142	tsk_142	(x)	1	:	0.088330	0.000000	0.495475	0.000000	0.000000	0.000000	0.000000	0.000000	0.000000	0.000000	0.416196	0.000000	0.000000
143	tsk_143	(x)	1	:	0.000000	0.000000	0.000000	0.000000	0.000000	0.000000	0.000000	0.000000	0.000000	0.000000	0.583549	0.416451	0.000000
144	tsk_144	(x)	1	:	0.020570	0.486879	0.000000	0.000000	0.000000	0.000000	0.000000	0.000000	0.000000	0.000000	0.000000	0.492550	0.000000
145	tsk_145	(x)	1	:	0.000000	0.000000	0.000000	0.000000	0.000000	0.000000	0.000000	0.000000	0.000000	0.000000	0.583549	0.416451	0.000000
146	tsk_146	(x)	1	:	0.062948	0.000000	0.496502	0.440550	0.000000	0.000000	0.000000	0.000000	0.000000	0.000000	0.000000	0.000000	0.000000
147	tsk_147	(x)	1	:	0.000044	0.000000	0.417091	0.000000	0.000000	0.000000	0.000000	0.000000	0.000000	0.000000	0.582865	0.000000	0.000000
148	tsk_148	(x)	1	:	0.015841	0.000000	0.492933	0.000000	0.000000	0.000000	0.000000	0.000000	0.000000	0.000000	0.000000	0.491226	0.000000
149	tsk_149	(x)	1	:	0.072458	0.000000	0.000000	0.000000	0.432943	0.000000	0.000000	0.000000	0.000000	0.000000	0.000000	0.494598	0.000000
