logL = -1085.642600 (converged)
AIC = 4103.285200
BIC = 7011.558894

count.K
18 27 51 16 23 15 

