logL = -1583.107192 (converged)
AIC = 8836.214385
BIC = 17371.365444

count.K
1 4 16 3 10 24 4 17 14 1 4 0 6 21 25 

