logL = -1553.382428 (converged)
AIC = 8294.764855
BIC = 16104.352808

count.K
1 10 32 9 6 9 12 27 5 7 23 6 3 0 

