logL = -1402.029727 (converged)
AIC = 8204.059454
BIC = 16332.774748

count.K
8 1 12 2 10 5 32 1 34 9 19 2 3 2 10 

