logL = -2175.484349 (converged)
AIC = 5714.968698
BIC = 7768.221968

count.K
41 26 49 34 

