logL = -994.518512 (converged)
AIC = 6841.037024
BIC = 14144.838248

count.K
0 2 7 6 7 5 6 27 12 3 8 17 48 2 

