logL = -2081.625485 (converged)
AIC = 8543.250969
BIC = 15136.542264

count.K
28 4 12 10 23 4 2 10 14 16 8 19 

