logL = -614.288024 (converged)
AIC = 3364.576048
BIC = 6579.934542

count.K
13 42 9 65 1 9 11 

