logL = -845.106628 (converged)
AIC = 3526.213256
BIC = 6289.976456

count.K
67 40 7 1 11 24 

