logL = -2228.814672 (converged)
AIC = 6157.629344
BIC = 8716.669344

count.K
54 50 12 27 7 

