logL = -571.716375 (converged)
AIC = 2583.432750
BIC = 4751.090162

count.K
94 32 8 8 8 

