logL = -1673.429605 (converged)
AIC = 8350.859210
BIC = 15883.468716

count.K
12 14 19 4 1 44 11 1 5 3 9 27 0 

