logL = -855.467015 (converged)
AIC = 6116.934030
BIC = 12749.363583

count.K
6 4 18 2 9 26 17 9 24 4 2 22 7 

