0	tsk_0	(x)	1	:	0.523158	0.000000	0.476842	0.000000	0.000000	0.000000	0.000000	0.000000	0.000000	0.000000	0.000000
1	tsk_1	(x)	1	:	0.000000	0.000000	0.483310	0.000000	0.081367	0.000000	0.000000	0.435322	0.000000	0.000000	0.000000
2	tsk_2	(x)	1	:	0.000000	0.000000	0.474916	0.525084	0.000000	0.000000	0.000000	0.000000	0.000000	0.000000	0.000000
3	tsk_3	(x)	1	:	0.000000	0.000000	0.479203	0.000000	0.520797	0.000000	0.000000	0.000000	0.000000	0.000000	0.000000
4	tsk_4	(x)	1	:	0.047451	0.000000	0.000000	0.000000	0.000000	0.528407	0.000000	0.000000	0.000000	0.424141	0.000000
5	tsk_5	(x)	1	:	0.000041	0.000000	0.000000	0.000000	0.507636	0.492323	0.000000	0.000000	0.000000	0.000000	0.000000
6	tsk_6	(x)	1	:	0.000000	0.000000	0.483310	0.000000	0.081367	0.000000	0.000000	0.435323	0.000000	0.000000	0.000000
7	tsk_7	(x)	1	:	0.076773	0.000000	0.476783	0.000000	0.000000	0.000000	0.000000	0.000000	0.000000	0.000000	0.446444
8	tsk_8	(x)	1	:	0.025976	0.000000	0.000000	0.000000	0.000000	0.528030	0.000000	0.000000	0.000000	0.000000	0.445994
9	tsk_9	(x)	1	:	0.005051	0.000000	0.475862	0.000000	0.000000	0.519087	0.000000	0.000000	0.000000	0.000000	0.000000
10	tsk_10	(x)	1	:	0.490264	0.000000	0.000000	0.000000	0.000000	0.000000	0.000000	0.000000	0.509736	0.000000	0.000000
11	tsk_11	(x)	1	:	0.000000	0.000000	0.000000	0.000000	0.474214	0.000000	0.000000	0.000000	0.525786	0.000000	0.000000
12	tsk_12	(x)	1	:	0.490264	0.000000	0.000000	0.000000	0.000000	0.000000	0.000000	0.000000	0.509736	0.000000	0.000000
13	tsk_13	(x)	1	:	0.470521	0.000000	0.000000	0.000000	0.000000	0.529479	0.000000	0.000000	0.000000	0.000000	0.000000
14	tsk_14	(x)	1	:	0.490264	0.000000	0.000000	0.000000	0.000000	0.000000	0.000000	0.000000	0.509736	0.000000	0.000000
15	tsk_15	(x)	1	:	0.000170	0.491795	0.000000	0.000000	0.007189	0.500845	0.000000	0.000000	0.000000	0.000000	0.000000
16	tsk_16	(x)	1	:	0.000000	0.528826	0.000000	0.000000	0.002482	0.000000	0.000000	0.468692	0.000000	0.000000	0.000000
17	tsk_17	(x)	1	:	0.000000	0.000000	0.000000	0.000000	0.474218	0.000000	0.000000	0.000000	0.525782	0.000000	0.000000
18	tsk_18	(x)	1	:	0.000000	0.490795	0.507261	0.000000	0.001945	0.000000	0.000000	0.000000	0.000000	0.000000	0.000000
19	tsk_19	(x)	1	:	0.490264	0.000000	0.000000	0.000000	0.000000	0.000000	0.000000	0.000000	0.509736	0.000000	0.000000
20	tsk_20	(x)	1	:	0.009346	0.000000	0.000000	0.000000	0.000000	0.000000	0.480813	0.000000	0.509841	0.000000	0.000000
21	tsk_21	(x)	1	:	1.000000	0.000000	0.000000	0.000000	0.000000	0.000000	0.000000	0.000000	0.000000	0.000000	0.000000
22	tsk_22	(x)	1	:	0.511987	0.000000	0.000000	0.000000	0.000000	0.000000	0.000000	0.000000	0.488013	0.000000	0.000000
23	tsk_23	(x)	1	:	0.000000	0.000000	0.000000	0.000000	0.493885	0.000000	0.000000	0.000000	0.000000	0.000000	0.506115
24	tsk_24	(x)	1	:	0.361191	0.000000	0.000000	0.000000	0.000000	0.000000	0.000000	0.000000	0.000000	0.000000	0.638809
25	tsk_25	(x)	1	:	0.000000	0.000000	0.000000	0.000000	0.000000	0.000000	0.000000	0.000000	1.000000	0.000000	0.000000
26	tsk_26	(x)	1	:	0.000000	0.000000	0.490041	0.000000	0.000000	0.000000	0.000000	0.000000	0.000000	0.509959	0.000000
27	tsk_27	(x)	1	:	0.436965	0.000000	0.000000	0.000000	0.000000	0.000000	0.000000	0.000000	0.000000	0.000000	0.563035
28	tsk_28	(x)	1	:	0.369065	0.000000	0.000000	0.000001	0.000000	0.000000	0.000000	0.000000	0.000000	0.630934	0.000000
29	tsk_29	(x)	1	:	0.247886	0.000000	0.000000	0.000000	0.512227	0.000000	0.000000	0.000000	0.000000	0.239887	0.000000
30	tsk_30	(x)	1	:	0.000000	0.528627	0.000000	0.000000	0.002859	0.000000	0.000000	0.468513	0.000000	0.000000	0.000000
31	tsk_31	(x)	1	:	0.000000	0.000000	0.141294	0.000000	0.000000	0.000000	0.000000	0.000000	0.858706	0.000000	0.000000
32	tsk_32	(x)	1	:	0.000000	0.000000	0.075805	0.000000	0.076086	0.000000	0.000000	0.435906	0.412203	0.000000	0.000000
33	tsk_33	(x)	1	:	0.000000	0.000000	0.000000	0.000000	0.000000	0.000000	0.000000	0.000000	1.000000	0.000000	0.000000
34	tsk_34	(x)	1	:	0.000000	0.000000	0.000000	0.000000	0.000000	0.000000	0.000000	0.000000	0.488841	0.511159	0.000000
35	tsk_35	(x)	1	:	0.000000	0.000000	0.000000	0.000000	0.000000	0.000000	0.000000	1.000000	0.000000	0.000000	0.000000
36	tsk_36	(x)	1	:	0.000000	0.000000	0.054578	0.000000	0.000000	0.000000	0.000000	0.000000	0.410440	0.534982	0.000000
37	tsk_37	(x)	1	:	0.004844	0.000000	0.000088	0.000000	0.000000	0.000000	0.532458	0.000000	0.462610	0.000000	0.000000
38	tsk_38	(x)	1	:	0.000000	0.000000	0.000000	0.000000	0.000000	0.000000	0.000000	1.000000	0.000000	0.000000	0.000000
39	tsk_39	(x)	1	:	0.000000	0.000000	0.000000	0.000000	0.000000	0.000000	0.000000	1.000000	0.000000	0.000000	0.000000
40	tsk_40	(x)	1	:	0.111912	0.000000	0.000000	0.000000	0.000000	0.000000	0.441621	0.000000	0.000000	0.000000	0.446467
41	tsk_41	(x)	1	:	0.000000	0.000000	0.511706	0.000000	0.000000	0.000000	0.000000	0.000000	0.488294	0.000000	0.000000
42	tsk_42	(x)	1	:	0.111998	0.000000	0.000000	0.000000	0.000000	0.000000	0.441562	0.000000	0.000000	0.000000	0.446439
43	tsk_43	(x)	1	:	0.029843	0.000000	0.000000	0.000000	0.000000	0.528784	0.441373	0.000000	0.000000	0.000000	0.000000
44	tsk_44	(x)	1	:	0.111908	0.000000	0.000000	0.000000	0.000000	0.000000	0.441624	0.000000	0.000000	0.000000	0.446468
45	tsk_45	(x)	1	:	0.000000	0.000000	0.000000	0.000000	0.000000	0.000000	1.000000	0.000000	0.000000	0.000000	0.000000
46	tsk_46	(x)	1	:	0.000000	0.000000	0.000000	0.000000	0.000000	0.000000	1.000000	0.000000	0.000000	0.000000	0.000000
47	tsk_47	(x)	1	:	0.025595	0.000000	0.000000	0.000000	0.000000	0.528293	0.000000	0.000000	0.000000	0.000000	0.446113
48	tsk_48	(x)	1	:	0.028284	0.000000	0.000000	0.000000	0.000000	0.529595	0.442121	0.000000	0.000000	0.000000	0.000000
49	tsk_49	(x)	1	:	0.000000	0.000000	0.495430	0.000000	0.000000	0.000000	0.504570	0.000000	0.000000	0.000000	0.000000
50	tsk_50	(x)	1	:	0.000060	0.000000	0.479761	0.499883	0.000000	0.000000	0.000000	0.000000	0.000000	0.000000	0.020296
51	tsk_51	(x)	1	:	0.043848	0.000000	0.000000	0.000000	0.000000	0.000000	0.000000	0.000000	0.509694	0.000000	0.446459
52	tsk_52	(x)	1	:	0.000008	0.000000	0.000000	0.484845	0.000000	0.504400	0.000000	0.000000	0.000000	0.000000	0.010747
53	tsk_53	(x)	1	:	0.000000	0.000000	0.000000	0.514461	0.000000	0.485539	0.000000	0.000000	0.000000	0.000000	0.000000
54	tsk_54	(x)	1	:	0.000000	0.339345	0.000000	0.000000	0.660652	0.000000	0.000000	0.000002	0.000000	0.000000	0.000000
55	tsk_55	(x)	1	:	0.000000	0.000000	0.511706	0.000000	0.000000	0.000000	0.000000	0.000000	0.488294	0.000000	0.000000
56	tsk_56	(x)	1	:	0.000000	0.000000	0.318347	0.000000	0.000000	0.000000	0.000000	0.000000	0.681653	0.000000	0.000000
57	tsk_57	(x)	1	:	0.000000	0.528630	0.000000	0.000000	0.002855	0.000000	0.000000	0.468515	0.000000	0.000000	0.000000
58	tsk_58	(x)	1	:	0.000000	0.493965	0.484121	0.000000	0.021914	0.000000	0.000000	0.000000	0.000000	0.000000	0.000000
59	tsk_59	(x)	1	:	0.000000	0.000000	0.000000	0.000000	0.474213	0.000000	0.000000	0.000000	0.525787	0.000000	0.000000
60	tsk_60	(x)	1	:	0.000000	0.000000	0.000000	0.000000	1.000000	0.000000	0.000000	0.000000	0.000000	0.000000	0.000000
61	tsk_61	(x)	1	:	0.000000	0.000000	0.000000	0.000000	1.000000	0.000000	0.000000	0.000000	0.000000	0.000000	0.000000
62	tsk_62	(x)	1	:	0.000053	0.000000	0.000000	0.000000	0.507634	0.492312	0.000000	0.000000	0.000000	0.000000	0.000000
63	tsk_63	(x)	1	:	0.000000	0.715827	0.000000	0.000000	0.284173	0.000000	0.000000	0.000000	0.000000	0.000000	0.000000
64	tsk_64	(x)	1	:	0.000055	0.000000	0.000000	0.000000	0.507634	0.492310	0.000000	0.000000	0.000000	0.000000	0.000000
65	tsk_65	(x)	1	:	0.000000	0.000000	0.000000	0.000000	1.000000	0.000000	0.000000	0.000000	0.000000	0.000000	0.000000
66	tsk_66	(x)	1	:	0.000000	0.000000	0.000000	0.000000	0.516479	0.000000	0.000000	0.483521	0.000000	0.000000	0.000000
67	tsk_67	(x)	1	:	0.000000	0.523675	0.000000	0.000000	0.000000	0.476325	0.000000	0.000000	0.000000	0.000000	0.000000
68	tsk_68	(x)	1	:	0.000000	0.000000	0.000000	0.000000	0.482548	0.000000	0.000000	0.000000	0.000000	0.517452	0.000000
69	tsk_69	(x)	1	:	0.000000	0.000000	0.000000	0.000000	1.000000	0.000000	0.000000	0.000000	0.000000	0.000000	0.000000
70	tsk_70	(x)	1	:	0.000000	0.000000	0.000000	0.000000	0.000000	0.000000	0.000000	0.000000	0.000000	1.000000	0.000000
71	tsk_71	(x)	1	:	0.078794	0.000000	0.000000	0.000000	0.000000	0.000000	0.000000	0.000000	0.000000	0.921206	0.000000
72	tsk_72	(x)	1	:	0.000000	0.000000	0.000000	0.000000	0.688185	0.000000	0.000000	0.311815	0.000000	0.000000	0.000000
73	tsk_73	(x)	1	:	0.000000	0.000000	0.000000	0.000000	0.000000	0.000000	0.000000	1.000000	0.000000	0.000000	0.000000
74	tsk_74	(x)	1	:	0.072049	0.000000	0.000000	0.000000	0.066469	0.000000	0.000000	0.437080	0.000000	0.424402	0.000000
75	tsk_75	(x)	1	:	0.000169	0.000000	0.000000	0.000000	0.062317	0.499931	0.000000	0.437583	0.000000	0.000000	0.000000
76	tsk_76	(x)	1	:	0.000000	0.000000	0.000000	0.000000	0.000000	0.000000	0.000000	1.000000	0.000000	0.000000	0.000000
77	tsk_77	(x)	1	:	0.040400	0.000000	0.513146	0.000000	0.000000	0.000000	0.000000	0.000000	0.000000	0.000000	0.446453
78	tsk_78	(x)	1	:	0.000000	0.000000	0.000000	0.000000	0.688185	0.000000	0.000000	0.311815	0.000000	0.000000	0.000000
79	tsk_79	(x)	1	:	0.026205	0.000000	0.000000	0.000000	0.000000	0.527873	0.000000	0.000000	0.000000	0.000000	0.445923
80	tsk_80	(x)	1	:	0.000027	0.000000	0.509640	0.000000	0.000000	0.490334	0.000000	0.000000	0.000000	0.000000	0.000000
81	tsk_81	(x)	1	:	0.000000	0.000000	1.000000	0.000000	0.000000	0.000000	0.000000	0.000000	0.000000	0.000000	0.000000
82	tsk_82	(x)	1	:	0.000053	0.000000	0.000000	0.000000	0.507634	0.492312	0.000000	0.000000	0.000000	0.000000	0.000000
83	tsk_83	(x)	1	:	0.000000	0.000000	0.511706	0.000000	0.000000	0.000000	0.000000	0.000000	0.488294	0.000000	0.000000
84	tsk_84	(x)	1	:	0.000000	0.000000	0.506913	0.000000	0.054589	0.000000	0.000000	0.438498	0.000000	0.000000	0.000000
85	tsk_85	(x)	1	:	0.231038	0.000000	0.000000	0.000000	0.000000	0.529121	0.000000	0.000000	0.000000	0.239841	0.000000
86	tsk_86	(x)	1	:	0.000000	0.000000	0.506907	0.000000	0.054590	0.000000	0.000000	0.438503	0.000000	0.000000	0.000000
87	tsk_87	(x)	1	:	0.000039	0.000000	0.509639	0.000000	0.000000	0.490322	0.000000	0.000000	0.000000	0.000000	0.000000
88	tsk_88	(x)	1	:	0.000000	0.000000	0.000000	0.000000	0.000000	0.000000	0.000000	0.000000	0.000000	1.000000	0.000000
89	tsk_89	(x)	1	:	0.189366	0.000000	0.000000	0.000002	0.000000	0.000000	0.000000	0.000000	0.000000	0.239848	0.570785
90	tsk_90	(x)	1	:	0.000000	0.000000	1.000000	0.000000	0.000000	0.000000	0.000000	0.000000	0.000000	0.000000	0.000000
91	tsk_91	(x)	1	:	0.470521	0.000000	0.000000	0.000000	0.000000	0.529479	0.000000	0.000000	0.000000	0.000000	0.000000
92	tsk_92	(x)	1	:	0.369074	0.000000	0.000000	0.000000	0.000000	0.000000	0.000000	0.000000	0.000000	0.630926	0.000000
93	tsk_93	(x)	1	:	0.557491	0.000000	0.000000	0.000000	0.000000	0.000000	0.442509	0.000000	0.000000	0.000000	0.000000
94	tsk_94	(x)	1	:	0.553241	0.000000	0.000000	0.000000	0.000000	0.000000	0.000000	0.000000	0.000000	0.000000	0.446759
95	tsk_95	(x)	1	:	0.000129	0.000000	0.000000	0.000000	0.062327	0.499966	0.000000	0.437578	0.000000	0.000000	0.000000
96	tsk_96	(x)	1	:	0.470521	0.000000	0.000000	0.000000	0.000000	0.529479	0.000000	0.000000	0.000000	0.000000	0.000000
97	tsk_97	(x)	1	:	0.000000	0.000000	0.000000	0.000000	0.482548	0.000000	0.000000	0.000000	0.000000	0.517452	0.000000
98	tsk_98	(x)	1	:	0.049975	0.000000	0.000000	0.000000	0.066491	0.000000	0.000000	0.437072	0.000000	0.000000	0.446463
99	tsk_99	(x)	1	:	0.000000	0.000000	0.000000	0.000000	0.000000	0.000000	0.000000	0.000000	0.000000	0.590882	0.409118
100	tsk_100	(x)	1	:	0.317196	0.000000	0.000000	0.000000	0.000000	0.000000	0.442620	0.000000	0.000000	0.240184	0.000000
101	tsk_101	(x)	1	:	0.111874	0.000000	0.000000	0.000009	0.000000	0.000023	0.441629	0.000000	0.000000	0.000001	0.446463
102	tsk_102	(x)	1	:	0.000000	0.000000	0.000000	0.610035	0.000000	0.000000	0.389965	0.000000	0.000000	0.000000	0.000000
103	tsk_103	(x)	1	:	0.000000	0.000000	0.000000	0.000000	0.000000	0.000000	0.000000	0.000000	0.000000	1.000000	0.000000
104	tsk_104	(x)	1	:	0.133698	0.000000	0.000000	0.000000	0.000000	0.000000	0.441778	0.000000	0.000000	0.424524	0.000000
105	tsk_105	(x)	1	:	0.002083	0.000000	0.000000	0.540390	0.000000	0.000000	0.457527	0.000000	0.000000	0.000000	0.000000
106	tsk_106	(x)	1	:	0.000000	0.476538	0.000000	0.000000	0.000282	0.000000	0.000000	0.000000	0.000000	0.523179	0.000000
107	tsk_107	(x)	1	:	0.000000	0.000000	0.000000	0.000000	0.000000	0.000000	0.394564	0.000000	0.000000	0.605436	0.000000
108	tsk_108	(x)	1	:	0.000000	0.000000	0.000000	0.146788	0.450601	0.000000	0.402611	0.000000	0.000000	0.000000	0.000000
109	tsk_109	(x)	1	:	0.369074	0.000000	0.000000	0.000000	0.000000	0.000000	0.000000	0.000000	0.000000	0.630926	0.000000
110	tsk_110	(x)	1	:	0.000000	0.541423	0.000000	0.000000	0.116672	0.000000	0.000000	0.341905	0.000000	0.000000	0.000000
111	tsk_111	(x)	1	:	0.000000	0.000000	0.000000	0.000000	0.475390	0.000000	0.000000	0.524610	0.000000	0.000000	0.000000
112	tsk_112	(x)	1	:	0.000000	0.480176	0.000000	0.000000	0.001784	0.000000	0.518039	0.000000	0.000000	0.000000	0.000000
113	tsk_113	(x)	1	:	0.000000	0.000000	0.483310	0.000000	0.081367	0.000000	0.000000	0.435322	0.000000	0.000000	0.000000
114	tsk_114	(x)	1	:	0.000000	0.541416	0.000000	0.000000	0.116683	0.000000	0.000000	0.341901	0.000000	0.000000	0.000000
115	tsk_115	(x)	1	:	0.000000	0.000000	0.000000	0.000000	0.000000	0.000000	0.000000	1.000000	0.000000	0.000000	0.000000
116	tsk_116	(x)	1	:	0.000000	0.528682	0.000000	0.000000	0.002756	0.000000	0.000000	0.468562	0.000000	0.000000	0.000000
117	tsk_117	(x)	1	:	0.000000	0.000000	0.000000	0.000000	0.163162	0.000000	0.516943	0.319894	0.000000	0.000000	0.000000
118	tsk_118	(x)	1	:	0.000000	0.000000	0.000000	0.000000	0.325696	0.000000	0.000000	0.674304	0.000000	0.000000	0.000000
119	tsk_119	(x)	1	:	0.000000	0.000000	0.000000	0.000000	0.475390	0.000000	0.000000	0.524610	0.000000	0.000000	0.000000
120	tsk_120	(x)	1	:	0.054590	0.000000	0.000000	0.000000	0.066672	0.000000	0.441816	0.436922	0.000000	0.000000	0.000000
121	tsk_121	(x)	1	:	0.052205	0.000000	0.000000	0.000000	0.187903	0.000000	0.441916	0.317976	0.000000	0.000000	0.000000
122	tsk_122	(x)	1	:	0.261600	0.000000	0.000000	0.000000	0.000000	0.000000	0.000000	0.000000	0.498511	0.239889	0.000000
123	tsk_123	(x)	1	:	0.261600	0.000000	0.000000	0.000000	0.000000	0.000000	0.000000	0.000000	0.498511	0.239889	0.000000
124	tsk_124	(x)	1	:	0.000000	0.493739	0.484106	0.000000	0.022155	0.000000	0.000000	0.000000	0.000000	0.000000	0.000000
125	tsk_125	(x)	1	:	0.102052	0.000000	0.000000	0.000000	0.456176	0.000000	0.441772	0.000000	0.000000	0.000000	0.000000
126	tsk_126	(x)	1	:	0.081699	0.000000	0.476758	0.000000	0.000000	0.000000	0.441543	0.000000	0.000000	0.000000	0.000000
127	tsk_127	(x)	1	:	0.436125	0.000000	0.000000	0.000000	0.000000	0.000000	0.000000	0.000000	0.000000	0.563875	0.000000
128	tsk_128	(x)	1	:	0.043263	0.000000	0.476765	0.000000	0.000000	0.000000	0.479972	0.000000	0.000000	0.000000	0.000000
129	tsk_129	(x)	1	:	0.317196	0.000000	0.000000	0.000000	0.000000	0.000000	0.442620	0.000000	0.000000	0.240184	0.000000
130	tsk_130	(x)	1	:	0.000000	0.000000	0.511706	0.000000	0.000000	0.000000	0.000000	0.000000	0.488294	0.000000	0.000000
131	tsk_131	(x)	1	:	0.490264	0.000000	0.000000	0.000000	0.000000	0.000000	0.000000	0.000000	0.509736	0.000000	0.000000
132	tsk_132	(x)	1	:	0.490264	0.000000	0.000000	0.000000	0.000000	0.000000	0.000000	0.000000	0.509736	0.000000	0.000000
133	tsk_133	(x)	1	:	0.000000	0.484765	0.000000	0.000000	0.000761	0.000000	0.000000	0.000000	0.000000	0.000000	0.514473
134	tsk_134	(x)	1	:	0.040397	0.000000	0.513146	0.000000	0.000000	0.000000	0.000000	0.000000	0.000000	0.000000	0.446456
135	tsk_135	(x)	1	:	0.250409	0.000000	0.000000	0.000000	0.000000	0.000000	0.000000	0.000000	0.509706	0.239884	0.000000
136	tsk_136	(x)	1	:	0.246950	0.000000	0.513162	0.000000	0.000000	0.000000	0.000000	0.000000	0.000000	0.239888	0.000000
137	tsk_137	(x)	1	:	0.000000	0.000000	1.000000	0.000000	0.000000	0.000000	0.000000	0.000000	0.000000	0.000000	0.000000
138	tsk_138	(x)	1	:	0.553241	0.000000	0.000000	0.000000	0.000000	0.000000	0.000000	0.000000	0.000000	0.000000	0.446759
139	tsk_139	(x)	1	:	0.000000	0.544622	0.000000	0.000000	0.455378	0.000000	0.000000	0.000000	0.000000	0.000000	0.000000
140	tsk_140	(x)	1	:	0.000000	0.000000	0.000000	0.000000	0.000000	0.000000	0.000000	0.000000	0.478264	0.000000	0.521735
141	tsk_141	(x)	1	:	0.000000	0.000000	0.000000	0.000000	0.516479	0.000000	0.000000	0.483521	0.000000	0.000000	0.000000
142	tsk_142	(x)	1	:	0.000000	0.000000	0.000000	0.000000	0.491994	0.000000	0.000000	0.000000	0.000000	0.000000	0.508006
143	tsk_143	(x)	1	:	0.000000	0.000000	0.502766	0.000000	0.497233	0.000000	0.000000	0.000000	0.000000	0.000000	0.000000
144	tsk_144	(x)	1	:	0.049983	0.000000	0.000000	0.000000	0.066494	0.000000	0.000000	0.437067	0.000000	0.000000	0.446456
145	tsk_145	(x)	1	:	0.000000	0.000000	0.000000	0.000000	0.045729	0.000000	0.000000	0.439580	0.000000	0.000000	0.514691
146	tsk_146	(x)	1	:	0.045409	0.000000	0.000000	0.000000	0.512284	0.000000	0.442308	0.000000	0.000000	0.000000	0.000000
147	tsk_147	(x)	1	:	0.000000	0.490415	0.507215	0.000000	0.002369	0.000000	0.000000	0.000000	0.000000	0.000000	0.000000
148	tsk_148	(x)	1	:	0.000000	0.494668	0.076603	0.000000	0.016494	0.000000	0.000000	0.000000	0.412234	0.000000	0.000000
149	tsk_149	(x)	1	:	0.000000	0.000000	0.000000	0.000000	0.491994	0.000000	0.000000	0.000000	0.000000	0.000000	0.508006
