logL = -593.007322 (converged)
AIC = 3378.014643
BIC = 6677.670926

count.K
16 12 36 11 18 51 6 

