logL = -849.829532 (converged)
AIC = 6949.659063
BIC = 14852.576710

count.K
5 11 9 12 6 7 32 2 16 14 14 5 2 12 3 

