logL = -930.504391 (converged)
AIC = 7291.008781
BIC = 15464.883605

count.K
21 14 1 2 22 3 2 8 2 14 22 1 3 1 34 

