logL = -1419.927065 (converged)
AIC = 4855.854131
BIC = 7890.574507

count.K
25 24 20 13 23 45 

