logL = -765.655751 (converged)
AIC = 4319.311502
BIC = 8516.137102

count.K
19 4 85 10 4 15 6 7 

