logL = -1257.096589 (converged)
AIC = 4874.193177
BIC = 8426.742825

count.K
4 40 18 38 13 19 18 

