logL = -1333.806319 (converged)
AIC = 4707.612637
BIC = 7778.460637

count.K
37 21 32 13 10 37 

