logL = -1351.635114 (converged)
AIC = 7863.270227
BIC = 15630.709286

count.K
2 1 6 12 34 13 6 9 8 41 18 0 0 

