logL = -1684.633837 (converged)
AIC = 6205.267673
BIC = 10474.348520

count.K
13 4 24 4 11 34 49 11 

