0	tsk_0	(x)	1	:	0.031954	0.003906	0.000000	0.000000	0.000000	0.430051	0.066616	0.467473	0.000000	0.000000	0.000000
1	tsk_1	(x)	1	:	0.029187	0.002003	0.000000	0.000000	0.000000	0.000000	0.007810	0.468336	0.492663	0.000000	0.000000
2	tsk_2	(x)	1	:	0.000000	0.000000	0.000000	0.000000	0.000000	0.429088	0.077604	0.000000	0.493309	0.000000	0.000000
3	tsk_3	(x)	1	:	0.409411	0.090877	0.000000	0.000000	0.260346	0.000000	0.239366	0.000000	0.000000	0.000000	0.000000
4	tsk_4	(x)	1	:	0.000000	0.000000	1.000000	0.000000	0.000000	0.000000	0.000000	0.000000	0.000000	0.000000	0.000000
5	tsk_5	(x)	1	:	0.000000	0.000000	0.000000	0.000000	0.000000	0.640971	0.359029	0.000000	0.000000	0.000000	0.000000
6	tsk_6	(x)	1	:	0.390665	0.108558	0.000000	0.000000	0.000000	0.428400	0.072377	0.000000	0.000000	0.000000	0.000000
7	tsk_7	(x)	1	:	0.456787	0.043498	0.000000	0.000000	0.260343	0.000000	0.239372	0.000000	0.000000	0.000000	0.000000
8	tsk_8	(x)	1	:	0.033561	0.005695	0.000000	0.000000	0.260537	0.000000	0.234630	0.465578	0.000000	0.000000	0.000000
9	tsk_9	(x)	1	:	0.468843	0.030357	0.000000	0.000000	0.000000	0.428379	0.072422	0.000000	0.000000	0.000000	0.000000
10	tsk_10	(x)	1	:	0.000000	0.000000	0.000000	0.000000	0.000000	1.000000	0.000000	0.000000	0.000000	0.000000	0.000000
11	tsk_11	(x)	1	:	0.000000	0.000000	0.489793	0.007191	0.000000	0.429178	0.070171	0.000000	0.000000	0.000000	0.003667
12	tsk_12	(x)	1	:	0.000000	0.000000	0.000000	0.308237	0.000000	0.429704	0.069094	0.000000	0.000000	0.000000	0.192964
13	tsk_13	(x)	1	:	0.000000	0.000000	0.489555	0.007327	0.000000	0.429129	0.070207	0.000000	0.000000	0.000000	0.003781
14	tsk_14	(x)	1	:	0.000000	0.000000	0.489738	0.006030	0.000000	0.429141	0.070199	0.000000	0.000000	0.000000	0.004892
15	tsk_15	(x)	1	:	0.000000	0.000001	0.000000	0.174630	0.242451	0.000000	0.255537	0.000000	0.000000	0.000000	0.327380
16	tsk_16	(x)	1	:	0.000000	0.000000	0.000000	0.000000	0.000000	1.000000	0.000000	0.000000	0.000000	0.000000	0.000000
17	tsk_17	(x)	1	:	0.000000	0.000001	0.489231	0.004955	0.242364	0.000000	0.256914	0.000000	0.000000	0.000000	0.006537
18	tsk_18	(x)	1	:	0.000000	0.000001	0.000000	0.000000	0.242373	0.000000	0.259248	0.000000	0.000000	0.498378	0.000000
19	tsk_19	(x)	1	:	0.000000	0.000000	0.000000	0.000000	0.000000	0.428940	0.072717	0.000000	0.000000	0.498343	0.000000
20	tsk_20	(x)	1	:	0.124356	0.367567	0.000000	0.000000	0.000000	0.000000	0.010219	0.000000	0.000000	0.497858	0.000000
21	tsk_21	(x)	1	:	0.168320	0.323994	0.000000	0.327846	0.000000	0.000000	0.007118	0.000000	0.000000	0.000000	0.172722
22	tsk_22	(x)	1	:	0.000000	0.000000	0.494785	0.010459	0.000000	0.000000	0.000000	0.000000	0.000000	0.494756	0.000000
23	tsk_23	(x)	1	:	0.193046	0.299425	0.000000	0.000000	0.000000	0.000000	0.009637	0.000000	0.000000	0.497892	0.000000
24	tsk_24	(x)	1	:	0.854420	0.145580	0.000000	0.000000	0.000000	0.000000	0.000000	0.000000	0.000000	0.000000	0.000000
25	tsk_25	(x)	1	:	0.427641	0.000171	0.000000	0.000000	0.000000	0.572146	0.000043	0.000000	0.000000	0.000000	0.000000
26	tsk_26	(x)	1	:	0.133225	0.360525	0.000000	0.269180	0.000000	0.000000	0.005236	0.000000	0.000000	0.000000	0.231834
27	tsk_27	(x)	1	:	0.272286	0.233812	0.000000	0.000000	0.428372	0.000000	0.065529	0.000000	0.000000	0.000000	0.000000
28	tsk_28	(x)	1	:	0.237837	0.254536	0.000000	0.000000	0.000000	0.000000	0.009741	0.000000	0.000000	0.497886	0.000000
29	tsk_29	(x)	1	:	0.126425	0.366051	0.000000	0.000000	0.000000	0.000000	0.009632	0.000000	0.000000	0.497892	0.000000
30	tsk_30	(x)	1	:	0.000000	0.000000	0.000000	0.000000	0.242282	0.311158	0.446560	0.000000	0.000000	0.000000	0.000000
31	tsk_31	(x)	1	:	0.000000	0.000000	0.489480	0.009234	0.000000	0.311102	0.188239	0.000000	0.000000	0.000000	0.001945
32	tsk_32	(x)	1	:	0.000000	0.000000	0.489566	0.008807	0.000000	0.311103	0.188241	0.000000	0.000000	0.000000	0.002283
33	tsk_33	(x)	1	:	0.000000	0.000000	0.000000	0.000000	0.000000	0.640970	0.359030	0.000000	0.000000	0.000000	0.000000
34	tsk_34	(x)	1	:	0.000000	0.000000	0.000000	0.000000	0.455383	0.311352	0.233265	0.000000	0.000000	0.000000	0.000000
35	tsk_35	(x)	1	:	0.000000	0.000000	0.489480	0.007550	0.000000	0.311107	0.188223	0.000000	0.000000	0.000000	0.003640
36	tsk_36	(x)	1	:	0.000000	0.000002	0.000000	0.000000	0.000000	0.640970	0.359028	0.000000	0.000000	0.000000	0.000000
37	tsk_37	(x)	1	:	0.000000	0.000000	0.000000	0.258464	0.000000	0.429920	0.068563	0.000000	0.000000	0.000000	0.243053
38	tsk_38	(x)	1	:	0.000001	0.000002	0.000000	0.000000	0.260436	0.000000	0.241181	0.000000	0.000000	0.498381	0.000000
39	tsk_39	(x)	1	:	0.000000	0.000000	1.000000	0.000000	0.000000	0.000000	0.000000	0.000000	0.000000	0.000000	0.000000
40	tsk_40	(x)	1	:	0.000000	0.000000	0.500001	0.499999	0.000000	0.000000	0.000000	0.000000	0.000000	0.000000	0.000000
41	tsk_41	(x)	1	:	0.000000	0.000000	0.489499	0.006494	0.000000	0.428998	0.070337	0.000000	0.000000	0.000000	0.004671
42	tsk_42	(x)	1	:	0.427971	0.072020	0.000000	0.000000	0.000000	0.000000	0.500009	0.000000	0.000000	0.000000	0.000000
43	tsk_43	(x)	1	:	0.154637	0.338446	0.000000	0.218269	0.000000	0.000000	0.005635	0.000000	0.000000	0.000000	0.283012
44	tsk_44	(x)	1	:	0.000000	0.000000	0.489683	0.008061	0.000000	0.429220	0.070124	0.000000	0.000000	0.000000	0.002913
45	tsk_45	(x)	1	:	0.000000	0.000000	0.489626	0.007783	0.000000	0.000000	0.499344	0.000000	0.000000	0.000000	0.003248
46	tsk_46	(x)	1	:	0.000000	0.000000	0.000000	1.000000	0.000000	0.000000	0.000000	0.000000	0.000000	0.000000	0.000000
47	tsk_47	(x)	1	:	0.000000	0.000000	1.000000	0.000000	0.000000	0.000000	0.000000	0.000000	0.000000	0.000000	0.000000
48	tsk_48	(x)	1	:	0.384545	0.114865	0.000000	0.000000	0.000000	0.428574	0.072016	0.000000	0.000000	0.000000	0.000000
49	tsk_49	(x)	1	:	0.000000	0.000000	1.000000	0.000000	0.000000	0.000000	0.000000	0.000000	0.000000	0.000000	0.000000
50	tsk_50	(x)	1	:	0.000000	0.000000	0.489480	0.005890	0.000000	0.000000	0.499323	0.000000	0.000000	0.000000	0.005307
51	tsk_51	(x)	1	:	0.000000	0.000001	0.000000	0.188468	0.000000	0.000000	0.498103	0.000000	0.000000	0.000000	0.313428
52	tsk_52	(x)	1	:	0.440230	0.059209	0.000000	0.000000	0.000000	0.428602	0.071958	0.000000	0.000000	0.000000	0.000000
53	tsk_53	(x)	1	:	0.453726	0.046265	0.000000	0.000000	0.000000	0.000000	0.500009	0.000000	0.000000	0.000000	0.000000
54	tsk_54	(x)	1	:	0.000000	0.000000	0.000000	0.000000	0.000000	0.000000	1.000000	0.000000	0.000000	0.000000	0.000000
55	tsk_55	(x)	1	:	0.413764	0.086228	0.000000	0.000000	0.000000	0.000000	0.500008	0.000000	0.000000	0.000000	0.000000
56	tsk_56	(x)	1	:	0.000000	0.000000	0.000000	0.000000	0.260336	0.000000	0.246260	0.000000	0.493404	0.000000	0.000000
57	tsk_57	(x)	1	:	0.425123	0.074868	0.000000	0.000000	0.000000	0.000000	0.500008	0.000000	0.000000	0.000000	0.000000
58	tsk_58	(x)	1	:	0.464746	0.035244	0.000000	0.000000	0.000000	0.000000	0.500010	0.000000	0.000000	0.000000	0.000000
59	tsk_59	(x)	1	:	0.436646	0.063345	0.000000	0.000000	0.000000	0.000000	0.500008	0.000000	0.000000	0.000000	0.000000
60	tsk_60	(x)	1	:	0.926593	0.073407	0.000000	0.000000	0.000000	0.000000	0.000000	0.000000	0.000000	0.000000	0.000000
61	tsk_61	(x)	1	:	0.031575	0.006296	0.000000	0.000000	0.000000	0.430634	0.064734	0.466761	0.000000	0.000000	0.000000
62	tsk_62	(x)	1	:	0.000000	0.000000	0.000000	0.000000	0.260254	0.000000	0.739745	0.000000	0.000000	0.000000	0.000000
63	tsk_63	(x)	1	:	0.000000	0.000000	0.489171	0.005545	0.242359	0.000000	0.256919	0.000000	0.000000	0.000000	0.006006
64	tsk_64	(x)	1	:	0.384761	0.120114	0.000000	0.000000	0.427636	0.000000	0.067489	0.000000	0.000000	0.000000	0.000000
65	tsk_65	(x)	1	:	0.425464	0.074528	0.000000	0.000000	0.000000	0.000000	0.500008	0.000000	0.000000	0.000000	0.000000
66	tsk_66	(x)	1	:	0.000000	0.000000	0.000000	0.000000	0.999926	0.000000	0.000074	0.000000	0.000000	0.000000	0.000000
67	tsk_67	(x)	1	:	0.031569	0.000270	0.000000	0.000000	0.000000	0.000000	0.007205	0.468180	0.492776	0.000000	0.000000
68	tsk_68	(x)	1	:	0.000000	0.000000	0.000000	0.000000	0.260254	0.000000	0.739745	0.000000	0.000000	0.000000	0.000000
69	tsk_69	(x)	1	:	0.000000	0.000001	0.489112	0.005741	0.242369	0.000000	0.256905	0.000000	0.000000	0.000000	0.005873
70	tsk_70	(x)	1	:	0.041494	0.451436	0.000000	0.321735	0.000000	0.000000	0.006426	0.000000	0.000000	0.000000	0.178909
71	tsk_71	(x)	1	:	0.249178	0.242352	0.489681	0.005540	0.000000	0.000000	0.008328	0.000000	0.000000	0.000000	0.004920
72	tsk_72	(x)	1	:	0.179001	0.314179	0.489928	0.008122	0.000000	0.000000	0.006611	0.000000	0.000000	0.000000	0.002160
73	tsk_73	(x)	1	:	0.923765	0.076235	0.000000	0.000000	0.000000	0.000000	0.000000	0.000000	0.000000	0.000000	0.000000
74	tsk_74	(x)	1	:	0.909767	0.090233	0.000000	0.000000	0.000000	0.000000	0.000000	0.000000	0.000000	0.000000	0.000000
75	tsk_75	(x)	1	:	0.930392	0.069608	0.000000	0.000000	0.000000	0.000000	0.000000	0.000000	0.000000	0.000000	0.000000
76	tsk_76	(x)	1	:	0.948162	0.051838	0.000000	0.000000	0.000000	0.000000	0.000000	0.000000	0.000000	0.000000	0.000000
77	tsk_77	(x)	1	:	0.943949	0.056051	0.000000	0.000000	0.000000	0.000000	0.000000	0.000000	0.000000	0.000000	0.000000
78	tsk_78	(x)	1	:	0.000000	0.000000	0.500001	0.499999	0.000000	0.000000	0.000000	0.000000	0.000000	0.000000	0.000000
79	tsk_79	(x)	1	:	0.872154	0.127846	0.000000	0.000000	0.000000	0.000000	0.000000	0.000000	0.000000	0.000000	0.000000
80	tsk_80	(x)	1	:	0.000001	0.000000	0.000000	0.000000	0.260255	0.000000	0.739745	0.000000	0.000000	0.000000	0.000000
81	tsk_81	(x)	1	:	0.000000	0.000000	0.000000	0.000000	0.000000	0.000000	0.506680	0.000000	0.493320	0.000000	0.000000
82	tsk_82	(x)	1	:	0.000000	0.000000	0.000000	0.000000	0.000000	0.429099	0.077588	0.000000	0.493313	0.000000	0.000000
83	tsk_83	(x)	1	:	0.000000	0.000000	0.000000	0.000000	0.490088	0.000000	0.010876	0.000000	0.499036	0.000000	0.000000
84	tsk_84	(x)	1	:	0.000000	0.000000	0.485123	0.002703	0.000000	0.000000	0.000000	0.000000	0.511544	0.000000	0.000629
85	tsk_85	(x)	1	:	0.000000	0.000000	0.000000	0.000000	0.000000	0.429118	0.077564	0.000000	0.493318	0.000000	0.000000
86	tsk_86	(x)	1	:	0.000000	0.000000	0.489774	0.007497	0.000000	0.429176	0.070174	0.000000	0.000000	0.000000	0.003379
87	tsk_87	(x)	1	:	0.000000	0.000000	0.000000	0.000000	0.000000	0.429120	0.077561	0.000000	0.493319	0.000000	0.000000
88	tsk_88	(x)	1	:	0.000000	0.000000	0.000000	0.000000	0.000000	0.000000	0.000000	0.000000	1.000000	0.000000	0.000000
89	tsk_89	(x)	1	:	0.000001	0.000000	0.000000	0.000000	0.000000	0.000000	0.506679	0.000000	0.493320	0.000000	0.000000
90	tsk_90	(x)	1	:	0.376986	0.122372	0.000000	0.000000	0.000000	0.428527	0.072114	0.000000	0.000000	0.000000	0.000000
91	tsk_91	(x)	1	:	0.000000	0.000000	0.489728	0.007345	0.000000	0.429114	0.070235	0.000000	0.000000	0.000000	0.003578
92	tsk_92	(x)	1	:	0.046133	0.015803	0.000000	0.000000	0.438456	0.000000	0.033209	0.466399	0.000000	0.000000	0.000000
93	tsk_93	(x)	1	:	0.000000	0.000001	0.489118	0.006189	0.242374	0.000000	0.256902	0.000000	0.000000	0.000000	0.005416
94	tsk_94	(x)	1	:	0.423249	0.076142	0.000000	0.000000	0.000000	0.428557	0.072051	0.000000	0.000000	0.000000	0.000000
95	tsk_95	(x)	1	:	0.314802	0.185508	0.000000	0.000000	0.242337	0.000000	0.257353	0.000000	0.000000	0.000000	0.000000
96	tsk_96	(x)	1	:	0.237645	0.253303	0.489560	0.006512	0.000000	0.000000	0.008943	0.000000	0.000000	0.000000	0.004036
97	tsk_97	(x)	1	:	0.376823	0.123487	0.000000	0.000000	0.242337	0.000000	0.257353	0.000000	0.000000	0.000000	0.000000
98	tsk_98	(x)	1	:	0.446630	0.052538	0.000000	0.000000	0.000000	0.428349	0.072483	0.000000	0.000000	0.000000	0.000000
99	tsk_99	(x)	1	:	0.346332	0.153976	0.000000	0.000000	0.242335	0.000000	0.257356	0.000000	0.000000	0.000000	0.000000
100	tsk_100	(x)	1	:	0.232829	0.260173	0.000000	0.321811	0.000000	0.000000	0.006349	0.000000	0.000000	0.000000	0.178836
101	tsk_101	(x)	1	:	0.000000	0.000000	0.000000	0.000000	0.000000	0.000000	0.000000	0.000000	0.000000	1.000000	0.000000
102	tsk_102	(x)	1	:	0.408233	0.090982	0.000000	0.000000	0.000000	0.428394	0.072391	0.000000	0.000000	0.000000	0.000000
103	tsk_103	(x)	1	:	0.000000	0.000000	1.000000	0.000000	0.000000	0.000000	0.000000	0.000000	0.000000	0.000000	0.000000
104	tsk_104	(x)	1	:	0.019402	0.009947	0.000000	0.395396	0.000000	0.000000	0.001096	0.469068	0.000000	0.000000	0.105092
105	tsk_105	(x)	1	:	0.000000	0.000000	0.000000	1.000000	0.000000	0.000000	0.000000	0.000000	0.000000	0.000000	0.000000
106	tsk_106	(x)	1	:	0.000000	0.000000	0.000001	0.999999	0.000000	0.000000	0.000000	0.000000	0.000000	0.000000	0.000000
107	tsk_107	(x)	1	:	0.000000	0.000000	0.000000	0.000000	0.000000	0.429035	0.072616	0.000000	0.000000	0.498349	0.000000
108	tsk_108	(x)	1	:	0.000000	0.000000	0.000015	0.504371	0.000000	0.000000	0.000000	0.000000	0.000000	0.495613	0.000000
109	tsk_109	(x)	1	:	0.150639	0.341583	0.000000	0.365721	0.000000	0.000000	0.007445	0.000000	0.000000	0.000000	0.134612
110	tsk_110	(x)	1	:	0.130008	0.361824	0.000000	0.363401	0.000000	0.000000	0.007844	0.000000	0.000000	0.000000	0.136923
111	tsk_111	(x)	1	:	0.000000	0.000000	0.000000	0.000000	0.000000	0.000000	0.000000	0.000000	0.000000	1.000000	0.000000
112	tsk_112	(x)	1	:	0.000000	0.000000	0.000000	1.000000	0.000000	0.000000	0.000000	0.000000	0.000000	0.000000	0.000000
113	tsk_113	(x)	1	:	0.000000	0.000000	0.000000	0.000000	0.000000	0.000000	0.000000	0.000000	0.000000	1.000000	0.000000
114	tsk_114	(x)	1	:	0.000000	0.000000	0.000001	0.999999	0.000000	0.000000	0.000000	0.000000	0.000000	0.000000	0.000000
115	tsk_115	(x)	1	:	0.150429	0.341496	0.000001	0.333908	0.000000	0.000000	0.007566	0.000000	0.000000	0.000000	0.166600
116	tsk_116	(x)	1	:	0.000000	0.000000	0.000011	0.504376	0.000000	0.000000	0.000000	0.000000	0.000000	0.495613	0.000000
117	tsk_117	(x)	1	:	0.000000	0.000001	0.000000	0.000000	0.000000	0.000000	0.501645	0.000000	0.000000	0.498354	0.000000
118	tsk_118	(x)	1	:	0.000000	0.000000	0.000042	0.464857	0.000000	0.000000	0.000000	0.000000	0.000000	0.535097	0.000005
119	tsk_119	(x)	1	:	0.000000	0.000000	0.000019	0.504367	0.000000	0.000000	0.000000	0.000000	0.000000	0.495614	0.000000
120	tsk_120	(x)	1	:	0.005917	0.022954	0.489994	0.008489	0.000000	0.000000	0.002102	0.468631	0.000000	0.000000	0.001912
121	tsk_121	(x)	1	:	0.000000	0.000000	0.000004	0.504384	0.000000	0.000000	0.000000	0.000000	0.000000	0.495612	0.000000
122	tsk_122	(x)	1	:	0.000000	0.000000	0.000000	0.000000	0.000000	0.000000	0.000000	0.000000	0.000000	1.000000	0.000000
123	tsk_123	(x)	1	:	0.487642	0.042477	0.000000	0.000000	0.000000	0.000000	0.000000	0.469881	0.000000	0.000000	0.000000
124	tsk_124	(x)	1	:	0.203523	0.288823	0.000000	0.294391	0.000000	0.000000	0.006880	0.000000	0.000000	0.000000	0.206383
125	tsk_125	(x)	1	:	0.213854	0.278965	0.000000	0.210482	0.000000	0.000000	0.005868	0.000000	0.000000	0.000000	0.290830
126	tsk_126	(x)	1	:	0.179864	0.312086	0.000000	0.287349	0.000000	0.000000	0.007257	0.000000	0.000000	0.000000	0.213443
127	tsk_127	(x)	1	:	0.000000	0.000000	0.000005	0.504382	0.000000	0.000000	0.000000	0.000000	0.000000	0.495612	0.000000
128	tsk_128	(x)	1	:	0.000000	0.000000	0.000009	0.504378	0.000000	0.000000	0.000000	0.000000	0.000000	0.495613	0.000000
129	tsk_129	(x)	1	:	0.475968	0.054152	0.000000	0.000000	0.000000	0.000000	0.000000	0.469881	0.000000	0.000000	0.000000
130	tsk_130	(x)	1	:	0.000000	0.000000	0.000000	0.000000	0.000000	0.000000	0.000000	0.000000	0.000000	1.000000	0.000000
131	tsk_131	(x)	1	:	0.000000	0.000000	0.000001	0.999999	0.000000	0.000000	0.000000	0.000000	0.000000	0.000000	0.000000
132	tsk_132	(x)	1	:	0.000002	0.000002	0.480989	0.007332	0.000000	0.000000	0.000000	0.511674	0.000000	0.000000	0.000001
133	tsk_133	(x)	1	:	0.000002	0.000002	0.480992	0.007328	0.000000	0.000000	0.000000	0.511674	0.000000	0.000000	0.000001
134	tsk_134	(x)	1	:	0.179265	0.313214	0.000000	0.267801	0.000000	0.000000	0.006577	0.000000	0.000000	0.000000	0.233143
135	tsk_135	(x)	1	:	0.000000	0.000000	0.000007	0.504380	0.000000	0.000000	0.000000	0.000000	0.000000	0.495612	0.000000
136	tsk_136	(x)	1	:	0.000001	0.000000	0.000000	0.000000	0.000000	0.000000	0.000000	0.999999	0.000000	0.000000	0.000000
137	tsk_137	(x)	1	:	0.013732	0.015238	0.000000	0.450743	0.000000	0.000000	0.002195	0.468746	0.000000	0.000000	0.049344
138	tsk_138	(x)	1	:	0.000001	0.000000	0.000000	0.000000	0.000000	0.000000	0.000000	0.999999	0.000000	0.000000	0.000000
139	tsk_139	(x)	1	:	0.473106	0.057014	0.000000	0.000000	0.000000	0.000000	0.000001	0.469879	0.000000	0.000000	0.000000
140	tsk_140	(x)	1	:	0.448884	0.051107	0.000000	0.000000	0.000000	0.000000	0.500007	0.000002	0.000000	0.000000	0.000000
141	tsk_141	(x)	1	:	0.170463	0.322115	0.000001	0.305973	0.000000	0.000000	0.006704	0.000000	0.000000	0.000000	0.194744
142	tsk_142	(x)	1	:	0.420870	0.079122	0.000000	0.000000	0.000000	0.000000	0.500008	0.000000	0.000000	0.000000	0.000000
143	tsk_143	(x)	1	:	0.000000	0.000000	0.000000	0.251721	0.000000	0.000000	0.498489	0.000000	0.000000	0.000000	0.249790
144	tsk_144	(x)	1	:	0.425961	0.074030	0.000000	0.000000	0.000000	0.000000	0.500008	0.000000	0.000000	0.000000	0.000000
145	tsk_145	(x)	1	:	0.467946	0.036945	0.000000	0.000000	0.482091	0.000000	0.013018	0.000000	0.000000	0.000000	0.000000
146	tsk_146	(x)	1	:	0.465329	0.039497	0.000000	0.000000	0.482049	0.000000	0.013124	0.000002	0.000000	0.000000	0.000000
147	tsk_147	(x)	1	:	0.187232	0.296938	0.000000	0.000000	0.000000	0.000000	0.002964	0.000000	0.000000	0.512866	0.000000
148	tsk_148	(x)	1	:	0.933011	0.066988	0.000000	0.000000	0.000000	0.000000	0.000000	0.000000	0.000000	0.000000	0.000000
149	tsk_149	(x)	1	:	0.133879	0.207357	0.000001	0.370549	0.169084	0.000000	0.000000	0.000000	0.000000	0.000000	0.119131
