logL = -1260.199842 (converged)
AIC = 4140.399684
BIC = 6579.014272

count.K
44 18 52 19 17 

