logL = -1477.520616 (converged)
AIC = 5985.041232
BIC = 10546.153702

count.K
11 25 20 62 8 2 1 1 20 

