logL = -3142.858983 (converged)
AIC = 6809.717967
BIC = 7598.504414

count.K
54 96 

