logL = -3452.053239 (converged)
AIC = 7864.106479
BIC = 9309.211420

count.K
30 43 77 

