0	tsk_0	(x)	1	:	0.000000	0.000000	0.000000	0.500000	0.000000	0.000000	0.000000	0.000000	0.000000	0.023655	0.000000	0.476345	0.000000
1	tsk_1	(x)	1	:	0.000000	0.000000	0.000000	0.000000	0.000000	0.000000	0.000000	0.500000	0.000000	0.492515	0.000000	0.007485	0.000000
2	tsk_2	(x)	1	:	0.000000	0.000000	0.000000	0.496805	0.000000	0.000000	0.000000	0.498408	0.000000	0.003904	0.000000	0.000883	0.000000
3	tsk_3	(x)	1	:	0.000000	0.000000	0.000000	0.000000	0.000000	0.000000	0.000000	1.000000	0.000000	0.000000	0.000000	0.000000	0.000000
4	tsk_4	(x)	1	:	0.000000	0.000000	0.000000	0.000000	0.500161	0.000000	0.000000	0.499839	0.000000	0.000000	0.000000	0.000000	0.000000
5	tsk_5	(x)	1	:	0.000000	0.000000	0.000000	0.000000	0.000000	0.000000	0.000000	0.500000	0.000000	0.467117	0.000000	0.032882	0.000000
6	tsk_6	(x)	1	:	0.000000	0.000000	0.000000	0.000000	0.000000	0.000000	0.000000	0.500000	0.000000	0.456398	0.000000	0.043602	0.000000
7	tsk_7	(x)	1	:	0.000000	0.215016	0.368644	0.000000	0.416340	0.000000	0.000000	0.000000	0.000000	0.000000	0.000000	0.000000	0.000000
8	tsk_8	(x)	1	:	0.000000	0.000000	0.000000	0.496791	0.000000	0.000000	0.000000	0.498400	0.000000	0.003440	0.000000	0.001368	0.000000
9	tsk_9	(x)	1	:	0.000000	0.123571	0.368590	0.000000	0.000000	0.000000	0.000000	0.000000	0.000000	0.226645	0.000000	0.281194	0.000000
10	tsk_10	(x)	1	:	0.000000	0.495306	0.000000	0.253882	0.000000	0.000000	0.000002	0.000000	0.250810	0.000000	0.000000	0.000000	0.000000
11	tsk_11	(x)	1	:	0.000000	0.491893	0.000000	0.000000	0.000000	0.000000	0.000000	0.000000	0.000000	0.274615	0.000000	0.233492	0.000000
12	tsk_12	(x)	1	:	0.000000	0.000000	0.549955	0.000000	0.000000	0.000000	0.000000	0.000000	0.000000	0.330238	0.000000	0.119807	0.000000
13	tsk_13	(x)	1	:	0.000000	0.491893	0.000000	0.000000	0.000000	0.000000	0.000000	0.000000	0.000000	0.348854	0.000000	0.159253	0.000000
14	tsk_14	(x)	1	:	0.000000	0.000000	0.000000	0.000000	0.000000	0.000000	0.000000	0.500000	0.000000	0.456529	0.000000	0.043471	0.000000
15	tsk_15	(x)	1	:	0.000000	0.000000	0.000000	0.000000	0.000000	0.000000	0.000000	0.000000	0.000000	0.548947	0.000000	0.451053	0.000000
16	tsk_16	(x)	1	:	0.000000	0.497506	0.000000	0.000000	0.000000	0.502293	0.000000	0.000000	0.000000	0.000138	0.000000	0.000063	0.000000
17	tsk_17	(x)	1	:	0.000000	0.491893	0.000000	0.000000	0.000000	0.000000	0.000000	0.000000	0.000000	0.272089	0.000000	0.236018	0.000000
18	tsk_18	(x)	1	:	0.000000	0.000000	0.000000	0.000000	0.000000	0.000000	0.000000	0.000000	0.000000	0.300255	0.000000	0.699745	0.000000
19	tsk_19	(x)	1	:	0.000000	0.000000	0.000000	0.000000	0.000000	0.000000	0.000000	0.500000	0.000000	0.474409	0.000000	0.025591	0.000000
20	tsk_20	(x)	1	:	0.000000	0.000000	0.537512	0.462486	0.000000	0.000000	0.000000	0.000000	0.000000	0.000000	0.000000	0.000003	0.000000
21	tsk_21	(x)	1	:	0.000000	0.000000	0.000000	0.500000	0.000000	0.000000	0.000000	0.000000	0.000000	0.018575	0.000000	0.481425	0.000000
22	tsk_22	(x)	1	:	0.000000	0.491893	0.000000	0.000000	0.000000	0.000000	0.000000	0.000000	0.000000	0.189864	0.000000	0.318243	0.000000
23	tsk_23	(x)	1	:	0.503124	0.000000	0.000000	0.000000	0.000000	0.000000	0.000000	0.000000	0.000000	0.229697	0.000000	0.267179	0.000000
24	tsk_24	(x)	1	:	0.000000	0.000000	0.537512	0.462485	0.000000	0.000000	0.000000	0.000000	0.000000	0.000000	0.000000	0.000003	0.000000
25	tsk_25	(x)	1	:	0.000000	0.000000	0.000000	0.500000	0.000000	0.000000	0.000000	0.000000	0.000000	0.055196	0.000000	0.444804	0.000000
26	tsk_26	(x)	1	:	0.000000	0.000001	0.000000	0.000000	0.000000	0.474039	0.525844	0.000000	0.000000	0.000070	0.000000	0.000046	0.000000
27	tsk_27	(x)	1	:	0.000000	0.000000	0.000000	0.000000	0.000000	0.000000	0.000000	0.000000	0.000000	0.797902	0.000000	0.202098	0.000000
28	tsk_28	(x)	1	:	0.000000	0.000000	0.000000	0.000000	0.000000	0.000000	0.000000	0.000000	0.000000	0.586906	0.000000	0.413094	0.000000
29	tsk_29	(x)	1	:	0.000000	0.000000	0.000000	0.000000	0.000000	0.486977	0.000000	0.000000	0.000000	0.074373	0.000000	0.438650	0.000000
30	tsk_30	(x)	1	:	0.000000	0.000000	0.000000	0.005751	0.000000	0.000000	0.000000	0.000000	0.000000	0.000000	0.994249	0.000000	0.000000
31	tsk_31	(x)	1	:	0.000000	0.000000	0.000000	0.500000	0.000000	0.000000	0.000000	0.000000	0.000000	0.013147	0.000000	0.486853	0.000000
32	tsk_32	(x)	1	:	0.000000	0.000000	0.000000	0.500000	0.000000	0.000000	0.000000	0.000000	0.000000	0.008599	0.000000	0.491401	0.000000
33	tsk_33	(x)	1	:	0.478042	0.000000	0.000000	0.521958	0.000000	0.000000	0.000000	0.000000	0.000000	0.000000	0.000000	0.000000	0.000000
34	tsk_34	(x)	1	:	0.000000	0.000000	0.000000	0.247405	0.000000	0.000000	0.000000	0.000000	0.000000	0.099315	0.252642	0.400639	0.000000
35	tsk_35	(x)	1	:	0.000000	0.543247	0.000000	0.456748	0.000000	0.000000	0.000000	0.000000	0.000000	0.000000	0.000000	0.000005	0.000000
36	tsk_36	(x)	1	:	0.501699	0.000000	0.000000	0.495833	0.000000	0.000000	0.000000	0.000000	0.000000	0.000292	0.000000	0.002176	0.000000
37	tsk_37	(x)	1	:	0.000000	0.000000	0.451820	0.006781	0.000000	0.000000	0.000000	0.000000	0.000000	0.000000	0.541399	0.000000	0.000000
38	tsk_38	(x)	1	:	0.501587	0.000000	0.000000	0.495504	0.000000	0.000000	0.000000	0.000000	0.000000	0.001532	0.000000	0.001377	0.000000
39	tsk_39	(x)	1	:	0.000000	0.000000	0.000000	1.000000	0.000000	0.000000	0.000000	0.000000	0.000000	0.000000	0.000000	0.000000	0.000000
40	tsk_40	(x)	1	:	0.000000	0.066204	0.517592	0.000000	0.416204	0.000000	0.000000	0.000000	0.000000	0.000000	0.000000	0.000000	0.000000
41	tsk_41	(x)	1	:	0.000000	0.000000	1.000000	0.000000	0.000000	0.000000	0.000000	0.000000	0.000000	0.000000	0.000000	0.000000	0.000000
42	tsk_42	(x)	1	:	0.000000	0.066206	0.517591	0.000000	0.416203	0.000000	0.000000	0.000000	0.000000	0.000000	0.000000	0.000000	0.000000
43	tsk_43	(x)	1	:	0.000000	0.000000	1.000000	0.000000	0.000000	0.000000	0.000000	0.000000	0.000000	0.000000	0.000000	0.000000	0.000000
44	tsk_44	(x)	1	:	0.000000	0.630975	0.369025	0.000000	0.000000	0.000000	0.000000	0.000000	0.000000	0.000000	0.000000	0.000000	0.000000
45	tsk_45	(x)	1	:	0.503124	0.000000	0.000000	0.000000	0.000000	0.000000	0.000000	0.000000	0.000000	0.252917	0.000000	0.243958	0.000000
46	tsk_46	(x)	1	:	0.000000	0.000000	0.000000	0.000000	1.000000	0.000000	0.000000	0.000000	0.000000	0.000000	0.000000	0.000000	0.000000
47	tsk_47	(x)	1	:	0.000000	0.000000	0.000000	0.499867	0.427249	0.000000	0.000000	0.000000	0.000000	0.007099	0.000000	0.065785	0.000000
48	tsk_48	(x)	1	:	0.000000	0.491164	0.000000	0.498899	0.000000	0.000000	0.000000	0.000000	0.000000	0.000983	0.000000	0.008954	0.000000
49	tsk_49	(x)	1	:	0.503117	0.000000	0.000000	0.000000	0.427286	0.000000	0.000000	0.000000	0.000000	0.064918	0.000000	0.004679	0.000000
50	tsk_50	(x)	1	:	0.000000	0.000000	0.000000	0.000000	0.000000	0.000000	0.527260	0.000000	0.000000	0.183130	0.000000	0.289610	0.000000
51	tsk_51	(x)	1	:	0.000000	0.000000	0.000000	0.000000	0.000000	0.000000	1.000000	0.000000	0.000000	0.000000	0.000000	0.000000	0.000000
52	tsk_52	(x)	1	:	0.000000	0.000070	0.000000	0.000000	0.000000	0.000000	0.999929	0.000000	0.000000	0.000000	0.000000	0.000000	0.000000
53	tsk_53	(x)	1	:	0.000000	0.000000	0.000000	0.000000	0.000000	0.000000	1.000000	0.000000	0.000000	0.000000	0.000000	0.000000	0.000000
54	tsk_54	(x)	1	:	0.000000	0.125924	0.000000	0.000000	0.000000	0.000000	0.366160	0.000000	0.000000	0.165809	0.000000	0.342107	0.000000
55	tsk_55	(x)	1	:	0.489859	0.000002	0.000000	0.000000	0.000000	0.000000	0.510138	0.000000	0.000000	0.000001	0.000000	0.000000	0.000000
56	tsk_56	(x)	1	:	0.000000	0.000000	0.545695	0.000000	0.000000	0.000000	0.000000	0.000000	0.000000	0.000023	0.000000	0.000005	0.454277
57	tsk_57	(x)	1	:	0.000000	0.000000	0.000000	0.250390	0.000000	0.000000	0.000000	0.000000	0.249820	0.017505	0.000000	0.482285	0.000000
58	tsk_58	(x)	1	:	0.000000	0.000000	0.471611	0.000000	0.528389	0.000000	0.000000	0.000000	0.000000	0.000000	0.000000	0.000000	0.000000
59	tsk_59	(x)	1	:	0.000000	0.000000	0.540996	0.000000	0.000000	0.000000	0.459003	0.000000	0.000000	0.000000	0.000000	0.000000	0.000000
60	tsk_60	(x)	1	:	0.000000	0.000000	0.504019	0.000000	0.000000	0.000000	0.000000	0.000000	0.000000	0.235325	0.000000	0.260656	0.000000
61	tsk_61	(x)	1	:	0.000000	0.000000	0.575798	0.000000	0.000000	0.000000	0.000000	0.000000	0.000000	0.000003	0.000000	0.000004	0.424195
62	tsk_62	(x)	1	:	0.000000	0.000000	0.584459	0.000000	0.000000	0.000000	0.000000	0.000000	0.000000	0.239591	0.000000	0.175951	0.000000
63	tsk_63	(x)	1	:	0.000000	0.000000	0.000000	0.257063	0.000000	0.000000	0.000000	0.000000	0.249775	0.000015	0.000000	0.000213	0.492934
64	tsk_64	(x)	1	:	0.000000	0.000000	0.504019	0.000000	0.000000	0.000000	0.000000	0.000000	0.000000	0.359951	0.000000	0.136030	0.000000
65	tsk_65	(x)	1	:	0.000000	0.000000	0.000000	0.497999	0.000000	0.000000	0.000000	0.000000	0.502001	0.000000	0.000000	0.000000	0.000000
66	tsk_66	(x)	1	:	0.000000	0.000000	1.000000	0.000000	0.000000	0.000000	0.000000	0.000000	0.000000	0.000000	0.000000	0.000000	0.000000
67	tsk_67	(x)	1	:	0.000000	0.000000	0.000000	0.000000	0.000000	0.000000	0.000000	0.500002	0.000000	0.481713	0.000000	0.018277	0.000009
68	tsk_68	(x)	1	:	0.000000	0.000000	0.000000	0.000000	0.000000	0.000000	0.000000	0.000000	0.000000	0.180105	0.000000	0.340158	0.479736
69	tsk_69	(x)	1	:	0.000000	0.000000	0.000000	0.000000	0.000000	0.000000	0.000000	0.499482	0.000000	0.022343	0.000000	0.000539	0.477636
70	tsk_70	(x)	1	:	0.000000	0.000000	0.000000	0.001364	0.523698	0.000000	0.000000	0.000000	0.000000	0.000000	0.474938	0.000000	0.000000
71	tsk_71	(x)	1	:	0.000000	0.000000	0.000000	0.001364	0.523698	0.000000	0.000000	0.000000	0.000000	0.000000	0.474938	0.000000	0.000000
72	tsk_72	(x)	1	:	0.000000	0.000000	0.000000	0.000000	0.574856	0.000000	0.000000	0.000000	0.000000	0.000005	0.000000	0.000016	0.425123
73	tsk_73	(x)	1	:	0.000000	0.126234	0.368569	0.000000	0.505197	0.000000	0.000000	0.000000	0.000000	0.000000	0.000000	0.000000	0.000000
74	tsk_74	(x)	1	:	0.000000	0.000000	0.000000	0.496568	0.498955	0.000000	0.000000	0.000000	0.000000	0.000148	0.000000	0.004329	0.000000
75	tsk_75	(x)	1	:	0.000000	0.000000	0.000000	0.248417	0.500277	0.000000	0.000000	0.000000	0.251307	0.000000	0.000000	0.000000	0.000000
76	tsk_76	(x)	1	:	0.000000	0.000000	0.000000	0.000000	0.500161	0.000000	0.000000	0.000000	0.000000	0.119166	0.000000	0.380673	0.000000
77	tsk_77	(x)	1	:	0.000000	0.000000	0.000000	0.000000	1.000000	0.000000	0.000000	0.000000	0.000000	0.000000	0.000000	0.000000	0.000000
78	tsk_78	(x)	1	:	0.000000	0.000000	0.000000	0.000000	0.000000	0.000000	0.000000	0.000000	0.000000	0.493329	0.000000	0.506671	0.000000
79	tsk_79	(x)	1	:	0.470960	0.000000	0.000000	0.000000	0.000000	0.000000	0.000000	0.000000	0.000000	0.234754	0.000000	0.294286	0.000000
80	tsk_80	(x)	1	:	0.503124	0.000000	0.000000	0.000000	0.000000	0.000000	0.000000	0.000000	0.000000	0.287275	0.000000	0.209600	0.000000
81	tsk_81	(x)	1	:	0.000000	0.494617	0.000000	0.000000	0.505382	0.000000	0.000000	0.000000	0.000000	0.000000	0.000000	0.000000	0.000000
82	tsk_82	(x)	1	:	0.000000	0.000000	0.000000	0.000000	0.000000	0.000000	0.000000	0.000000	0.000000	0.288287	0.000000	0.231977	0.479736
83	tsk_83	(x)	1	:	0.000000	0.000000	0.000000	0.000000	0.000000	0.000000	0.000000	0.000000	0.000000	0.278884	0.000000	0.721116	0.000000
84	tsk_84	(x)	1	:	0.503124	0.000000	0.000000	0.000000	0.000000	0.000000	0.000000	0.000000	0.000000	0.307853	0.000000	0.189022	0.000000
85	tsk_85	(x)	1	:	0.000000	0.491893	0.000000	0.000000	0.000000	0.000000	0.000000	0.000000	0.000000	0.346608	0.000000	0.161499	0.000000
86	tsk_86	(x)	1	:	0.000000	0.486539	0.000000	0.000000	0.000000	0.345460	0.000000	0.000000	0.000000	0.027915	0.000000	0.140086	0.000000
87	tsk_87	(x)	1	:	0.000000	0.000000	0.000000	0.000000	0.000000	0.000000	0.000000	0.000000	0.000000	0.156671	0.000000	0.843329	0.000000
88	tsk_88	(x)	1	:	0.000000	0.000000	0.000000	0.000000	0.500161	0.000000	0.000000	0.000000	0.000000	0.211104	0.000000	0.288735	0.000000
89	tsk_89	(x)	1	:	0.000000	0.000000	0.000000	0.000000	0.000000	0.000000	0.000000	0.000000	0.000000	0.330282	0.000000	0.669718	0.000000
90	tsk_90	(x)	1	:	0.503124	0.000000	0.000000	0.000000	0.000000	0.000000	0.000000	0.000000	0.000000	0.289629	0.000000	0.207246	0.000000
91	tsk_91	(x)	1	:	0.502724	0.491113	0.000000	0.000000	0.000000	0.000000	0.000000	0.000000	0.000000	0.003646	0.000000	0.002517	0.000000
92	tsk_92	(x)	1	:	0.000000	0.696114	0.303886	0.000000	0.000000	0.000000	0.000000	0.000000	0.000000	0.000000	0.000000	0.000000	0.000000
93	tsk_93	(x)	1	:	0.501647	0.000000	0.000000	0.495678	0.000000	0.000000	0.000000	0.000000	0.000000	0.000372	0.000000	0.002303	0.000000
94	tsk_94	(x)	1	:	0.501653	0.000000	0.000000	0.495696	0.000000	0.000000	0.000000	0.000000	0.000000	0.000275	0.000000	0.002376	0.000000
95	tsk_95	(x)	1	:	0.000000	0.000000	0.000000	1.000000	0.000000	0.000000	0.000000	0.000000	0.000000	0.000000	0.000000	0.000000	0.000000
96	tsk_96	(x)	1	:	0.000000	0.215016	0.368644	0.000000	0.416340	0.000000	0.000000	0.000000	0.000000	0.000000	0.000000	0.000000	0.000000
97	tsk_97	(x)	1	:	0.000000	0.000000	0.000000	0.500000	0.000000	0.000000	0.000000	0.000000	0.000000	0.050490	0.000000	0.449510	0.000000
98	tsk_98	(x)	1	:	0.502943	0.491537	0.000000	0.000000	0.000000	0.000000	0.000001	0.000000	0.000000	0.004696	0.000000	0.000822	0.000000
99	tsk_99	(x)	1	:	0.501630	0.000000	0.000000	0.495630	0.000000	0.000000	0.000000	0.000000	0.000000	0.000208	0.000000	0.002532	0.000000
100	tsk_100	(x)	1	:	0.000000	0.125846	0.000000	0.000000	0.000000	0.000000	0.366217	0.000000	0.000000	0.269602	0.000000	0.238335	0.000000
101	tsk_101	(x)	1	:	0.000000	0.000000	0.000000	0.000000	0.000000	0.000000	0.000000	0.000000	0.000000	0.679357	0.000000	0.320643	0.000000
102	tsk_102	(x)	1	:	0.000000	0.000000	0.547743	0.000000	0.000000	0.000000	0.000000	0.000000	0.000000	0.298621	0.000000	0.153636	0.000000
103	tsk_103	(x)	1	:	0.000000	0.000000	0.000000	0.000000	0.000000	0.000000	0.000000	0.000000	0.000000	0.247408	0.000000	0.752591	0.000000
104	tsk_104	(x)	1	:	0.000000	0.000000	0.000000	0.000000	0.000000	0.000000	0.000000	0.000000	0.000000	0.388708	0.000000	0.611292	0.000000
105	tsk_105	(x)	1	:	0.000000	0.000000	0.000000	0.000000	0.000000	0.000000	0.000000	0.000000	0.000000	0.058678	0.000000	0.941322	0.000000
106	tsk_106	(x)	1	:	0.000000	0.000000	0.000000	0.000000	0.000000	0.000000	0.000000	0.000000	0.000000	0.404715	0.000000	0.595285	0.000000
107	tsk_107	(x)	1	:	0.000000	0.000000	0.000000	0.000000	0.000000	0.000000	0.000000	0.500000	0.000000	0.485328	0.000000	0.014672	0.000000
108	tsk_108	(x)	1	:	0.000000	0.000000	0.000000	0.000000	0.583238	0.000000	0.000000	0.000000	0.000000	0.042348	0.000000	0.374414	0.000000
109	tsk_109	(x)	1	:	0.000000	0.000000	0.000000	0.000000	0.000000	0.000000	0.000000	0.000000	0.000000	0.575868	0.000000	0.424132	0.000000
110	tsk_110	(x)	1	:	0.000000	0.123556	0.368599	0.000000	0.000000	0.000000	0.000000	0.000000	0.000000	0.241177	0.000000	0.266668	0.000000
111	tsk_111	(x)	1	:	0.000000	0.000000	0.000000	0.000000	0.000000	0.000000	0.000000	0.000000	0.000000	0.285794	0.000000	0.714206	0.000000
112	tsk_112	(x)	1	:	0.000000	0.000000	0.000000	0.000000	0.000000	0.000000	0.000000	0.000000	0.000000	0.176330	0.000000	0.823669	0.000000
113	tsk_113	(x)	1	:	0.000000	0.000000	0.000000	0.000000	0.545778	0.000000	0.000000	0.454222	0.000000	0.000000	0.000000	0.000000	0.000000
114	tsk_114	(x)	1	:	0.000000	0.000000	0.000000	0.257083	0.000000	0.000000	0.000000	0.000000	0.249775	0.000017	0.000000	0.000148	0.492976
115	tsk_115	(x)	1	:	0.000000	0.000000	0.000000	0.250392	0.000000	0.000000	0.000000	0.000000	0.249820	0.029207	0.000000	0.470581	0.000000
116	tsk_116	(x)	1	:	0.000000	0.000000	0.000000	0.250383	0.000000	0.000000	0.000000	0.000000	0.249822	0.035198	0.000000	0.464597	0.000000
117	tsk_117	(x)	1	:	0.000000	0.000000	0.000000	0.000000	0.000000	0.000000	0.000000	0.000000	0.000000	0.277168	0.000000	0.722832	0.000000
118	tsk_118	(x)	1	:	0.000000	0.000000	0.000000	0.000000	0.545778	0.000000	0.000000	0.000000	0.000000	0.180193	0.000000	0.274029	0.000000
119	tsk_119	(x)	1	:	0.000000	0.123576	0.368587	0.000000	0.000000	0.000000	0.000000	0.000000	0.000000	0.260245	0.000000	0.247591	0.000000
120	tsk_120	(x)	1	:	0.000000	0.000000	0.000000	0.000000	0.500250	0.000000	0.000000	0.000000	0.000000	0.006334	0.000000	0.013128	0.480288
121	tsk_121	(x)	1	:	0.000000	0.000000	0.538730	0.000000	0.461269	0.000000	0.000000	0.000000	0.000000	0.000000	0.000000	0.000000	0.000000
122	tsk_122	(x)	1	:	0.000000	0.000000	0.000000	0.000000	0.500161	0.000000	0.000000	0.499839	0.000000	0.000000	0.000000	0.000000	0.000000
123	tsk_123	(x)	1	:	0.000000	0.000000	0.000000	0.000000	1.000000	0.000000	0.000000	0.000000	0.000000	0.000000	0.000000	0.000000	0.000000
124	tsk_124	(x)	1	:	0.000000	0.000000	0.000000	0.000000	0.000000	0.000000	0.000000	0.000000	0.000000	0.177563	0.000000	0.342700	0.479736
125	tsk_125	(x)	1	:	0.000000	0.000000	0.000000	0.000000	0.500161	0.000000	0.000000	0.499839	0.000000	0.000000	0.000000	0.000000	0.000000
126	tsk_126	(x)	1	:	0.000000	0.000000	0.000000	0.000000	0.500161	0.000000	0.000000	0.000000	0.000000	0.182532	0.000000	0.317307	0.000000
127	tsk_127	(x)	1	:	0.000000	0.000000	0.000000	0.000000	0.000000	0.000000	0.000000	0.000000	0.000000	0.000000	0.000000	0.000000	1.000000
128	tsk_128	(x)	1	:	0.000000	0.000000	0.000000	0.000000	0.000000	0.000000	0.000000	0.000000	0.000000	0.486463	0.000000	0.513537	0.000000
129	tsk_129	(x)	1	:	0.502796	0.491252	0.000000	0.000000	0.000000	0.000000	0.000001	0.000000	0.000000	0.004485	0.000000	0.001465	0.000000
130	tsk_130	(x)	1	:	0.000000	0.000000	0.000000	0.000000	0.000000	0.000000	0.000000	0.000000	0.000000	0.216629	0.000000	0.303635	0.479736
131	tsk_131	(x)	1	:	0.000000	0.000000	0.000000	0.000000	0.000000	0.000000	0.000000	0.500000	0.000000	0.471270	0.000000	0.028730	0.000000
132	tsk_132	(x)	1	:	0.503208	0.492055	0.000000	0.000000	0.000000	0.000000	0.000000	0.000000	0.000000	0.003919	0.000000	0.000819	0.000000
133	tsk_133	(x)	1	:	0.000000	0.491893	0.000000	0.000000	0.000000	0.000000	0.000000	0.000000	0.000000	0.195278	0.000000	0.312829	0.000000
134	tsk_134	(x)	1	:	0.000000	0.123552	0.368601	0.000000	0.000000	0.000000	0.000000	0.000000	0.000000	0.447925	0.000000	0.059922	0.000000
135	tsk_135	(x)	1	:	0.000000	0.000000	1.000000	0.000000	0.000000	0.000000	0.000000	0.000000	0.000000	0.000000	0.000000	0.000000	0.000000
136	tsk_136	(x)	1	:	0.000000	0.000000	0.000000	0.000000	0.000000	0.000000	0.000000	0.000000	0.000000	0.236186	0.000000	0.763813	0.000000
137	tsk_137	(x)	1	:	0.000000	0.123596	0.368576	0.000000	0.000000	0.000000	0.000000	0.507827	0.000000	0.000000	0.000000	0.000000	0.000000
138	tsk_138	(x)	1	:	0.503098	0.123541	0.368579	0.000000	0.000000	0.000000	0.000000	0.000000	0.000000	0.002640	0.000000	0.002142	0.000000
139	tsk_139	(x)	1	:	0.000000	0.000000	0.000000	0.000000	0.000000	0.000000	0.000000	0.000000	0.000000	0.153824	0.000000	0.366439	0.479736
140	tsk_140	(x)	1	:	0.000000	0.000000	0.000000	0.000000	0.500161	0.000000	0.000000	0.000000	0.000000	0.086907	0.000000	0.412932	0.000000
141	tsk_141	(x)	1	:	0.000000	0.000000	0.000000	0.000000	0.500161	0.000000	0.000000	0.000000	0.000000	0.213719	0.000000	0.286119	0.000000
142	tsk_142	(x)	1	:	0.000000	0.000000	0.000000	0.000000	0.000000	0.000000	0.000000	0.000000	0.000000	0.444384	0.000000	0.555616	0.000000
143	tsk_143	(x)	1	:	0.000000	0.000000	0.000000	0.000000	0.000000	0.000000	0.000000	0.000000	0.000000	0.169230	0.000000	0.830770	0.000000
144	tsk_144	(x)	1	:	0.000000	0.000000	0.000000	0.000000	0.427299	0.000000	0.000000	0.000000	0.000000	0.393222	0.000000	0.179478	0.000000
145	tsk_145	(x)	1	:	0.000000	0.000000	0.000000	0.000000	0.000000	0.000000	0.000000	0.000000	0.000000	0.383757	0.000000	0.616243	0.000000
146	tsk_146	(x)	1	:	0.000000	0.000000	0.000000	0.000000	0.000000	0.000000	0.000000	0.000000	0.000000	0.398447	0.000000	0.601553	0.000000
147	tsk_147	(x)	1	:	0.000000	0.000000	0.000000	0.000000	0.000000	0.000000	0.000000	0.000000	0.000000	0.363116	0.000000	0.636884	0.000000
148	tsk_148	(x)	1	:	0.000000	0.000000	0.000000	0.000000	0.000000	0.000000	0.000000	0.000000	0.000000	0.447218	0.000000	0.552782	0.000000
149	tsk_149	(x)	1	:	0.000000	0.000000	0.000000	0.000000	0.000000	0.000000	0.000000	0.000000	0.000000	0.379916	0.000000	0.620084	0.000000
