logL = -659.678910 (converged)
AIC = 3083.357819
BIC = 5738.738149

count.K
24 76 2 11 4 33 

