logL = -2044.088158 (converged)
AIC = 6248.176316
BIC = 9499.662433

count.K
35 19 39 17 21 19 

