logL = -2060.818902 (converged)
AIC = 7021.637804
BIC = 11387.058981

count.K
11 16 5 1 1 55 15 46 

