logL = -1306.097882 (converged)
AIC = 4796.195763
BIC = 8083.809505

count.K
9 25 30 7 44 35 

