logL = -1336.683134 (converged)
AIC = 5413.366267
BIC = 9537.936620

count.K
2 13 10 16 24 12 12 61 

