logL = -610.210918 (converged)
AIC = 5652.421837
BIC = 12323.989649

count.K
7 16 4 9 10 10 6 66 2 3 2 4 11 

