logL = -1288.543318 (converged)
AIC = 7681.086635
BIC = 15364.227906

count.K
9 15 3 6 0 2 15 14 2 14 10 9 35 16 

