logL = -1189.570319 (converged)
AIC = 6259.140637
BIC = 12099.773108

count.K
7 7 5 6 12 2 3 18 55 9 26 

