logL = -1476.648680 (converged)
AIC = 5893.297360
BIC = 10318.931242

count.K
24 17 25 52 1 15 6 6 4 

