logL = -1022.904697 (converged)
AIC = 3953.809393
BIC = 6825.955464

count.K
24 25 25 28 28 20 

