0	tsk_0	(x)	1	:	0.000000	0.000000	0.000000	0.000000	0.000000	0.000000	0.000000	0.000000	0.000000	0.000000	1.000000	0.000000	0.000000	0.000000
1	tsk_1	(x)	1	:	0.000000	0.000000	0.000000	0.000000	0.000021	0.999978	0.000000	0.000000	0.000000	0.000000	0.000000	0.000000	0.000000	0.000001
2	tsk_2	(x)	1	:	0.000000	0.000000	0.000000	0.000000	0.235600	0.000000	0.000000	0.000000	0.000000	0.000000	0.472620	0.000000	0.000000	0.291780
3	tsk_3	(x)	1	:	0.000000	0.000000	0.000000	0.000000	0.410876	0.000000	0.000000	0.000000	0.000000	0.000000	0.472620	0.000000	0.000000	0.116503
4	tsk_4	(x)	1	:	0.499998	0.000000	0.000000	0.000000	0.334705	0.000000	0.000000	0.000000	0.000000	0.000000	0.000000	0.000000	0.000000	0.165297
5	tsk_5	(x)	1	:	1.000000	0.000000	0.000000	0.000000	0.000000	0.000000	0.000000	0.000000	0.000000	0.000000	0.000000	0.000000	0.000000	0.000000
6	tsk_6	(x)	1	:	0.499995	0.000000	0.000000	0.000000	0.419773	0.000000	0.000000	0.000000	0.000000	0.000000	0.000000	0.000000	0.000000	0.080231
7	tsk_7	(x)	1	:	0.499998	0.000000	0.000000	0.000000	0.360596	0.000000	0.000000	0.000000	0.000000	0.000000	0.000000	0.000000	0.000000	0.139406
8	tsk_8	(x)	1	:	0.499995	0.000000	0.000000	0.000000	0.445176	0.000000	0.000000	0.000000	0.000000	0.000000	0.000000	0.000000	0.000000	0.054829
9	tsk_9	(x)	1	:	0.499990	0.000000	0.000000	0.000000	0.288375	0.000000	0.000000	0.000000	0.000000	0.000000	0.000000	0.000000	0.000000	0.211635
10	tsk_10	(x)	1	:	0.000000	0.000000	0.000000	0.000000	0.187146	0.000000	0.000000	0.000000	0.000000	0.000000	0.585671	0.000000	0.000000	0.227183
11	tsk_11	(x)	1	:	0.000000	0.000000	0.000000	0.000000	0.726056	0.000000	0.000000	0.000000	0.000000	0.000000	0.000000	0.000000	0.000000	0.273943
12	tsk_12	(x)	1	:	0.000000	0.000000	0.000000	0.000000	0.042905	0.000000	0.000000	0.000000	0.000000	0.000000	0.585680	0.000000	0.000000	0.371415
13	tsk_13	(x)	1	:	0.000000	0.000000	0.000000	0.000000	0.566944	0.000000	0.000000	0.000000	0.000000	0.000000	0.000000	0.000000	0.000000	0.433056
14	tsk_14	(x)	1	:	0.000000	0.000000	0.000000	0.000000	0.406438	0.000000	0.000000	0.000000	0.000000	0.000000	0.000000	0.499822	0.000000	0.093739
15	tsk_15	(x)	1	:	0.000000	0.000000	0.000000	0.000000	0.228831	0.000000	0.000000	0.000000	0.000000	0.000000	0.472621	0.000000	0.000000	0.298548
16	tsk_16	(x)	1	:	0.000000	0.000000	0.000000	0.000000	0.500013	0.000000	0.000000	0.000000	0.000000	0.000000	0.000000	0.499987	0.000000	0.000000
17	tsk_17	(x)	1	:	0.000000	0.000000	0.000000	0.000000	0.279004	0.000000	0.000000	0.000000	0.000000	0.000000	0.472621	0.000000	0.000000	0.248375
18	tsk_18	(x)	1	:	0.000000	0.000000	0.000000	0.000000	0.795256	0.000000	0.000000	0.000000	0.000000	0.000000	0.000000	0.000000	0.000000	0.204744
19	tsk_19	(x)	1	:	0.000000	0.000000	0.000000	0.000000	0.699300	0.000000	0.000000	0.000000	0.000000	0.000000	0.000000	0.000000	0.000000	0.300700
20	tsk_20	(x)	1	:	0.000000	0.000000	0.000000	0.000000	0.000000	0.000000	0.000000	0.000000	0.000000	0.000000	0.000000	1.000000	0.000000	0.000000
21	tsk_21	(x)	1	:	0.000000	0.000000	0.000000	0.000000	0.379852	0.000000	0.000000	0.000000	0.434581	0.000000	0.000000	0.000000	0.000000	0.185566
22	tsk_22	(x)	1	:	0.000000	0.000000	0.000000	0.000000	0.365392	0.000000	0.000000	0.000000	0.000000	0.000000	0.000000	0.499993	0.000000	0.134615
23	tsk_23	(x)	1	:	0.000000	0.000000	0.000000	0.392530	0.118093	0.000000	0.000000	0.107470	0.000000	0.000000	0.000000	0.000000	0.000000	0.381907
24	tsk_24	(x)	1	:	0.000000	0.000000	0.000000	0.000000	0.371949	0.000000	0.000000	0.000000	0.000000	0.000000	0.000000	0.499982	0.000000	0.128069
25	tsk_25	(x)	1	:	0.000000	0.000000	0.000000	0.000000	0.710831	0.000000	0.000000	0.000000	0.000000	0.000000	0.000000	0.000000	0.000000	0.289169
26	tsk_26	(x)	1	:	0.000000	0.000000	0.000000	0.000000	0.378470	0.000000	0.000000	0.000000	0.434589	0.000000	0.000000	0.000000	0.000000	0.186941
27	tsk_27	(x)	1	:	0.000000	0.000000	0.000000	0.000000	0.000000	0.000000	0.000000	0.000000	1.000000	0.000000	0.000000	0.000000	0.000000	0.000000
28	tsk_28	(x)	1	:	0.000000	0.000000	0.000000	0.000000	0.341364	0.000000	0.000000	0.000000	0.000000	0.000000	0.000000	0.499969	0.000000	0.158668
29	tsk_29	(x)	1	:	0.000000	0.000000	0.414748	0.000000	0.000000	0.000000	0.000000	0.000000	0.585252	0.000000	0.000000	0.000000	0.000000	0.000000
30	tsk_30	(x)	1	:	0.000000	0.000000	0.000000	0.451247	0.000000	0.000000	0.000000	0.048938	0.000000	0.000000	0.472995	0.000000	0.000000	0.026820
31	tsk_31	(x)	1	:	0.000000	0.000000	0.000000	0.774058	0.000000	0.000000	0.000000	0.225942	0.000000	0.000000	0.000000	0.000000	0.000000	0.000000
32	tsk_32	(x)	1	:	0.000000	0.000000	0.000000	0.000000	0.153279	0.000000	0.000000	0.000000	0.000000	0.000000	0.472619	0.000000	0.000000	0.374102
33	tsk_33	(x)	1	:	0.000000	0.000000	0.000000	0.000000	0.000000	0.000000	0.000000	0.000000	0.000000	0.000000	0.472617	0.000000	0.000000	0.527383
34	tsk_34	(x)	1	:	0.000000	0.000000	0.000000	0.000000	0.485320	0.000000	0.000000	0.000000	0.434589	0.000000	0.000000	0.000000	0.000000	0.080091
35	tsk_35	(x)	1	:	0.000000	0.000000	0.000000	0.758645	0.000000	0.000000	0.000000	0.241355	0.000000	0.000000	0.000000	0.000000	0.000000	0.000000
36	tsk_36	(x)	1	:	0.000000	0.000000	0.000000	0.240992	0.171609	0.000000	0.000000	0.259007	0.000000	0.000000	0.000000	0.000000	0.000000	0.328393
37	tsk_37	(x)	1	:	0.000000	0.000000	0.394456	0.000000	0.242705	0.000000	0.000000	0.000000	0.000000	0.000000	0.000000	0.000000	0.000000	0.362839
38	tsk_38	(x)	1	:	0.000000	0.000000	0.000000	0.520254	0.000000	0.000000	0.000000	0.479745	0.000000	0.000000	0.000000	0.000000	0.000000	0.000000
39	tsk_39	(x)	1	:	0.000000	0.000000	0.000000	0.290986	0.000000	0.000000	0.000000	0.209037	0.000000	0.000000	0.472667	0.000000	0.000000	0.027310
40	tsk_40	(x)	1	:	0.000000	0.000000	0.000000	0.000000	0.796890	0.000000	0.000000	0.000000	0.000000	0.000000	0.000000	0.000000	0.000000	0.203109
41	tsk_41	(x)	1	:	0.000000	0.000000	0.000000	0.000000	0.661178	0.000000	0.000000	0.000000	0.000000	0.000000	0.000000	0.000000	0.000000	0.338822
42	tsk_42	(x)	1	:	0.000000	0.000000	0.000000	0.000000	0.287528	0.000000	0.000000	0.000000	0.000000	0.000000	0.472621	0.000000	0.000000	0.239851
43	tsk_43	(x)	1	:	0.000000	0.000000	0.000000	0.000000	0.157266	0.000000	0.000000	0.000000	0.000000	0.000000	0.472622	0.000000	0.000000	0.370112
44	tsk_44	(x)	1	:	0.000000	0.000000	0.000000	0.000000	0.725163	0.000000	0.000000	0.000000	0.000000	0.000000	0.000000	0.000000	0.000000	0.274837
45	tsk_45	(x)	1	:	0.000000	0.000000	0.000000	0.000000	0.908502	0.000000	0.000000	0.000000	0.000000	0.000000	0.000000	0.000000	0.000000	0.091498
46	tsk_46	(x)	1	:	0.000000	0.000000	0.000000	0.000000	0.663543	0.000000	0.000000	0.000000	0.000000	0.000000	0.000000	0.000000	0.000000	0.336457
47	tsk_47	(x)	1	:	0.000000	0.000000	0.000000	0.349084	0.115213	0.000000	0.000000	0.150916	0.000000	0.000000	0.000000	0.000000	0.000000	0.384787
48	tsk_48	(x)	1	:	0.000000	0.000000	0.000000	0.394226	0.258262	0.000000	0.000000	0.105773	0.000000	0.000000	0.000000	0.000000	0.000000	0.241739
49	tsk_49	(x)	1	:	0.000000	0.000000	0.000000	0.000000	0.278741	0.000000	0.000000	0.000000	0.000000	0.000000	0.472621	0.000000	0.000000	0.248637
50	tsk_50	(x)	1	:	0.000000	0.000000	0.000000	0.000000	0.493922	0.000000	0.000000	0.000000	0.000000	0.000000	0.000000	0.000000	0.000000	0.506078
51	tsk_51	(x)	1	:	0.000000	0.000000	0.000000	0.235248	0.194950	0.000000	0.000000	0.264751	0.000000	0.000000	0.000000	0.000000	0.000000	0.305050
52	tsk_52	(x)	1	:	0.000000	0.000000	0.000000	0.000000	0.910636	0.000000	0.000000	0.000000	0.000000	0.000000	0.000000	0.000000	0.000000	0.089364
53	tsk_53	(x)	1	:	0.499999	0.000000	0.000000	0.000000	0.296405	0.000000	0.000000	0.000000	0.000000	0.000000	0.000000	0.000000	0.000000	0.203596
54	tsk_54	(x)	1	:	0.000000	0.000000	0.000000	0.379604	0.500010	0.000000	0.000000	0.120386	0.000000	0.000000	0.000000	0.000000	0.000000	0.000000
55	tsk_55	(x)	1	:	0.000000	0.000000	0.000000	0.413844	0.255416	0.000000	0.000000	0.086153	0.000000	0.000000	0.000000	0.000000	0.000000	0.244587
56	tsk_56	(x)	1	:	0.000000	0.000000	0.000000	0.350995	0.267055	0.000000	0.000000	0.149002	0.000000	0.000000	0.000000	0.000000	0.000000	0.232947
57	tsk_57	(x)	1	:	0.000000	0.000000	0.000000	0.346371	0.141717	0.000000	0.000000	0.153628	0.000000	0.000000	0.000000	0.000000	0.000000	0.358283
58	tsk_58	(x)	1	:	0.000000	0.000000	0.000000	0.000000	0.855618	0.000000	0.000000	0.000000	0.000000	0.000000	0.000000	0.000000	0.000000	0.144382
59	tsk_59	(x)	1	:	0.000000	0.000000	0.000000	0.271170	0.000000	0.000000	0.000000	0.228830	0.000000	0.000000	0.000000	0.500000	0.000000	0.000000
60	tsk_60	(x)	1	:	0.000000	0.000000	0.000000	0.009851	0.281071	0.000000	0.000000	0.000000	0.000000	0.490608	0.000000	0.000000	0.000000	0.218470
61	tsk_61	(x)	1	:	0.000000	0.000000	0.000000	0.000000	0.013974	0.000000	0.000000	0.000000	0.000000	0.000000	0.474559	0.503974	0.000000	0.007493
62	tsk_62	(x)	1	:	0.000000	0.000000	0.509409	0.000000	0.313349	0.000000	0.000000	0.000000	0.000000	0.000000	0.000000	0.000000	0.000000	0.177241
63	tsk_63	(x)	1	:	0.000000	0.000000	0.000000	0.290740	0.250861	0.000000	0.000000	0.209259	0.000000	0.000000	0.000000	0.000000	0.000000	0.249140
64	tsk_64	(x)	1	:	0.000000	0.000000	0.000000	0.000000	0.166162	0.000000	0.000000	0.000000	0.000000	0.000000	0.472622	0.000000	0.000000	0.361216
65	tsk_65	(x)	1	:	0.000000	0.000000	0.501833	0.001412	0.000000	0.000000	0.000000	0.001243	0.000000	0.495511	0.000000	0.000000	0.000000	0.000000
66	tsk_66	(x)	1	:	0.000000	0.000000	0.501161	0.005313	0.000021	0.000000	0.000000	0.001133	0.000000	0.492352	0.000000	0.000000	0.000001	0.000018
67	tsk_67	(x)	1	:	0.000000	0.000000	0.501224	0.416259	0.000043	0.000000	0.000000	0.082400	0.000000	0.000000	0.000000	0.000000	0.000000	0.000074
68	tsk_68	(x)	1	:	0.000000	0.000000	0.000000	0.004279	0.035345	0.000000	0.000000	0.005054	0.434682	0.491035	0.000000	0.000000	0.000000	0.029605
69	tsk_69	(x)	1	:	0.000000	0.000000	0.000000	0.210599	0.000000	0.000000	0.000000	0.112739	0.000000	0.676661	0.000000	0.000000	0.000000	0.000000
70	tsk_70	(x)	1	:	0.000000	0.000000	0.000000	0.000000	0.495254	0.000000	0.000000	0.000000	0.000000	0.000000	0.000000	0.000000	0.000000	0.504746
71	tsk_71	(x)	1	:	0.000000	0.000000	0.000000	0.000000	0.000020	0.000000	0.000000	0.000000	0.000000	0.000000	0.000000	0.000000	0.999972	0.000008
72	tsk_72	(x)	1	:	0.000000	0.000000	0.000000	0.000000	0.609387	0.000000	0.000000	0.000000	0.000000	0.000000	0.000000	0.000000	0.000000	0.390613
73	tsk_73	(x)	1	:	0.000000	0.000000	0.000000	0.353761	0.170320	0.000000	0.000000	0.146238	0.000000	0.000000	0.000000	0.000000	0.000000	0.329681
74	tsk_74	(x)	1	:	0.000000	0.000000	0.000000	0.000000	0.663183	0.000000	0.000000	0.000000	0.000000	0.000000	0.000000	0.000000	0.000000	0.336817
75	tsk_75	(x)	1	:	0.000000	0.000000	0.000000	0.000000	0.798521	0.000000	0.000000	0.000000	0.000000	0.000000	0.000000	0.000000	0.000000	0.201479
76	tsk_76	(x)	1	:	0.000000	0.000000	0.000000	0.406568	0.206699	0.000000	0.000000	0.093431	0.000000	0.000000	0.000000	0.000000	0.000000	0.293302
77	tsk_77	(x)	1	:	0.000000	0.000000	0.000000	0.000000	0.564161	0.000000	0.000000	0.000000	0.000000	0.000000	0.000000	0.000000	0.000000	0.435839
78	tsk_78	(x)	1	:	0.000000	0.000000	0.000000	0.000000	0.871953	0.000000	0.000000	0.000000	0.000000	0.000000	0.000000	0.000000	0.000000	0.128046
79	tsk_79	(x)	1	:	0.000000	0.000000	0.000000	0.000000	0.289675	0.000000	0.000000	0.000000	0.629578	0.000000	0.000000	0.000000	0.000000	0.080748
80	tsk_80	(x)	1	:	0.000000	0.000000	0.000000	0.000000	0.439358	0.000000	0.000000	0.000000	0.000000	0.000000	0.000000	0.000000	0.000000	0.560642
81	tsk_81	(x)	1	:	0.000000	0.000000	0.000000	0.479668	0.199660	0.000000	0.000000	0.020332	0.000000	0.000000	0.000000	0.000000	0.000000	0.300340
82	tsk_82	(x)	1	:	0.000000	0.000000	0.000000	0.781945	0.000000	0.000000	0.000000	0.218055	0.000000	0.000000	0.000000	0.000000	0.000000	0.000000
83	tsk_83	(x)	1	:	0.000000	0.000000	0.000000	0.303246	0.170280	0.000000	0.000000	0.196751	0.000000	0.000000	0.000000	0.000000	0.000000	0.329722
84	tsk_84	(x)	1	:	0.000000	0.000000	0.000000	0.000000	0.748391	0.000000	0.000000	0.000000	0.000000	0.000000	0.000000	0.000000	0.000000	0.251609
85	tsk_85	(x)	1	:	0.000000	0.000000	0.000000	0.000000	0.327141	0.000000	0.000000	0.000000	0.000000	0.000000	0.000000	0.000000	0.000000	0.672859
86	tsk_86	(x)	1	:	0.000000	0.000000	0.000000	0.000000	0.384116	0.000000	0.000000	0.000000	0.000000	0.000000	0.000000	0.499955	0.000000	0.115928
87	tsk_87	(x)	1	:	0.000000	0.000000	0.478456	0.215456	0.000000	0.000000	0.000000	0.306088	0.000000	0.000000	0.000000	0.000000	0.000000	0.000000
88	tsk_88	(x)	1	:	0.000000	0.000000	0.000000	0.173639	0.000000	0.000000	0.000000	0.326361	0.000000	0.000000	0.000000	0.500000	0.000000	0.000000
89	tsk_89	(x)	1	:	0.000000	0.000000	0.000000	0.000000	0.529232	0.000000	0.000000	0.000000	0.000000	0.000000	0.000000	0.000000	0.000000	0.470768
90	tsk_90	(x)	1	:	0.000000	0.000000	0.000000	0.000000	0.229850	0.000000	0.000000	0.000000	0.000000	0.000000	0.000000	0.499998	0.000000	0.270153
91	tsk_91	(x)	1	:	0.000000	0.000000	0.000000	0.000000	0.748518	0.000000	0.000000	0.000000	0.000000	0.000000	0.000000	0.000000	0.000000	0.251482
92	tsk_92	(x)	1	:	0.000000	0.000000	0.000000	0.000000	0.130440	0.000000	0.000000	0.000000	0.000000	0.000000	0.658234	0.000000	0.000000	0.211325
93	tsk_93	(x)	1	:	0.000000	0.000000	0.000000	0.000000	0.344926	0.000000	0.000000	0.000000	0.000000	0.000000	0.000000	0.499988	0.000000	0.155086
94	tsk_94	(x)	1	:	0.000000	1.000000	0.000000	0.000000	0.000000	0.000000	0.000000	0.000000	0.000000	0.000000	0.000000	0.000000	0.000000	0.000000
95	tsk_95	(x)	1	:	0.000000	0.000000	0.000000	0.000000	0.494312	0.000000	0.000000	0.000000	0.000000	0.000000	0.000000	0.000000	0.000000	0.505687
96	tsk_96	(x)	1	:	0.000000	0.000000	0.000000	0.312204	0.000000	0.000000	0.000000	0.187796	0.000000	0.000000	0.000000	0.500000	0.000000	0.000000
97	tsk_97	(x)	1	:	0.000000	0.000000	0.000000	0.000000	0.370609	0.000000	0.000000	0.000000	0.000000	0.000000	0.472620	0.000000	0.000000	0.156771
98	tsk_98	(x)	1	:	0.000000	0.000000	0.000000	0.000000	0.137640	0.000000	0.000000	0.000000	0.000000	0.000000	0.658235	0.000000	0.000000	0.204124
99	tsk_99	(x)	1	:	0.000000	0.000000	0.000000	0.644305	0.000000	0.000000	0.000000	0.355695	0.000000	0.000000	0.000000	0.000000	0.000000	0.000000
100	tsk_100	(x)	1	:	0.000000	0.000000	0.000000	0.413518	0.124811	0.000000	0.000000	0.086481	0.000000	0.000000	0.000000	0.000000	0.000000	0.375189
101	tsk_101	(x)	1	:	0.000000	0.000000	0.000000	0.000000	0.660799	0.000000	0.000000	0.000000	0.000000	0.000000	0.000000	0.000000	0.000000	0.339201
102	tsk_102	(x)	1	:	0.000000	0.000000	0.000000	0.000000	0.923162	0.000000	0.000000	0.000000	0.000000	0.000000	0.000000	0.000000	0.000000	0.076838
103	tsk_103	(x)	1	:	0.000000	0.000000	0.000000	0.000000	0.540415	0.000000	0.000000	0.000000	0.000000	0.000000	0.000000	0.000000	0.000000	0.459584
104	tsk_104	(x)	1	:	0.000000	0.000000	0.000000	0.401471	0.325873	0.000000	0.000000	0.098529	0.000000	0.000000	0.000000	0.000000	0.000000	0.174128
105	tsk_105	(x)	1	:	0.000000	0.000000	0.000000	0.307114	0.000000	0.000000	0.000000	0.692886	0.000000	0.000000	0.000000	0.000000	0.000000	0.000000
106	tsk_106	(x)	1	:	0.000000	0.000000	0.000000	0.000000	0.798418	0.000000	0.000000	0.000000	0.000000	0.000000	0.000000	0.000000	0.000000	0.201582
107	tsk_107	(x)	1	:	0.000000	0.000000	0.000000	0.348286	0.174218	0.000000	0.000000	0.151714	0.000000	0.000000	0.000000	0.000000	0.000000	0.325782
108	tsk_108	(x)	1	:	0.000000	0.000000	0.000000	0.000000	0.664068	0.000000	0.000000	0.000000	0.000000	0.000000	0.000000	0.000000	0.000000	0.335932
109	tsk_109	(x)	1	:	0.000000	0.000000	0.000000	0.268088	0.230981	0.000000	0.000000	0.231911	0.000000	0.000000	0.000000	0.000000	0.000000	0.269020
110	tsk_110	(x)	1	:	0.000000	0.000000	0.000000	0.387646	0.000000	0.000000	0.000000	0.119862	0.000000	0.492492	0.000000	0.000000	0.000000	0.000000
111	tsk_111	(x)	1	:	0.000000	0.000000	0.000000	0.587311	0.000000	0.000000	0.000000	0.412689	0.000000	0.000000	0.000000	0.000000	0.000000	0.000000
112	tsk_112	(x)	1	:	0.000000	0.000000	0.000000	0.328013	0.000000	0.000000	0.000000	0.171987	0.000000	0.000000	0.000000	0.500000	0.000000	0.000000
113	tsk_113	(x)	1	:	0.000000	0.000000	0.000000	0.386884	0.000000	0.000000	0.000000	0.120624	0.000000	0.492492	0.000000	0.000000	0.000000	0.000000
114	tsk_114	(x)	1	:	0.000000	0.000000	0.000000	0.371519	0.000000	0.000000	0.000000	0.135989	0.000000	0.492492	0.000000	0.000000	0.000000	0.000000
115	tsk_115	(x)	1	:	0.000000	0.000000	0.000000	0.724471	0.000000	0.000000	0.000000	0.275529	0.000000	0.000000	0.000000	0.000000	0.000000	0.000000
116	tsk_116	(x)	1	:	0.499991	0.000000	0.000000	0.000005	0.000004	0.000000	0.499985	0.000007	0.000000	0.000000	0.000000	0.000000	0.000000	0.000008
117	tsk_117	(x)	1	:	0.000000	0.000000	0.000000	0.000000	0.000000	0.000000	1.000000	0.000000	0.000000	0.000000	0.000000	0.000000	0.000000	0.000000
118	tsk_118	(x)	1	:	0.000000	0.000000	0.000000	0.462071	0.000000	0.000000	0.499995	0.037934	0.000000	0.000000	0.000000	0.000000	0.000000	0.000000
119	tsk_119	(x)	1	:	0.000000	0.000000	0.000000	0.000010	0.000000	0.000000	0.503646	0.000007	0.000000	0.496336	0.000000	0.000000	0.000000	0.000000
120	tsk_120	(x)	1	:	0.000000	0.568205	0.000000	0.000000	0.431795	0.000000	0.000000	0.000000	0.000000	0.000000	0.000000	0.000000	0.000000	0.000000
121	tsk_121	(x)	1	:	0.000000	0.000000	0.000000	0.000000	0.000000	0.000000	0.000000	0.000064	0.000000	0.498508	0.000000	0.501428	0.000000	0.000000
122	tsk_122	(x)	1	:	0.000000	0.000000	0.000000	0.376938	0.000000	0.000000	0.000000	0.130570	0.000000	0.492492	0.000000	0.000000	0.000000	0.000000
123	tsk_123	(x)	1	:	0.000000	0.000000	0.000000	0.711982	0.000000	0.000000	0.000000	0.288018	0.000000	0.000000	0.000000	0.000000	0.000000	0.000000
124	tsk_124	(x)	1	:	0.000000	0.000000	0.000000	0.000000	0.339814	0.000000	0.000000	0.000000	0.000000	0.000000	0.000000	0.499975	0.000000	0.160211
125	tsk_125	(x)	1	:	0.000000	0.000000	0.000000	0.009543	0.226507	0.000000	0.000000	0.002016	0.000000	0.489226	0.000000	0.000000	0.000000	0.272708
126	tsk_126	(x)	1	:	0.000000	0.000000	0.000000	0.188153	0.000000	0.000000	0.000000	0.311847	0.000000	0.000000	0.000000	0.500000	0.000000	0.000000
127	tsk_127	(x)	1	:	0.000000	0.000000	0.000000	0.009143	0.229954	0.000000	0.000000	0.002018	0.000000	0.489549	0.000000	0.000000	0.000000	0.269336
128	tsk_128	(x)	1	:	0.000000	0.000000	0.000000	0.000000	0.745667	0.000000	0.000000	0.000000	0.000000	0.000000	0.000000	0.000000	0.000000	0.254333
129	tsk_129	(x)	1	:	0.000000	0.000000	0.000000	0.003029	0.000000	0.000000	0.000000	0.005925	0.000000	0.491333	0.000000	0.499712	0.000000	0.000000
130	tsk_130	(x)	1	:	0.000000	0.000000	0.000000	0.000000	0.235864	0.000000	0.000000	0.000000	0.000000	0.000000	0.472618	0.000000	0.000000	0.291518
131	tsk_131	(x)	1	:	0.000000	0.000000	0.000000	0.416005	0.000000	0.000000	0.000000	0.084456	0.000000	0.000000	0.473550	0.000000	0.000000	0.025988
132	tsk_132	(x)	1	:	0.000000	0.000000	0.000000	0.000000	0.041381	0.000000	0.000000	0.000000	0.434769	0.000000	0.472673	0.000000	0.000000	0.051177
133	tsk_133	(x)	1	:	0.000000	0.000000	0.000000	0.377900	0.364993	0.000000	0.000000	0.122097	0.000000	0.000000	0.000000	0.000000	0.000000	0.135009
134	tsk_134	(x)	1	:	0.000000	0.000000	0.000000	0.000000	0.000000	0.000000	0.000000	0.000000	0.000000	0.000000	1.000000	0.000000	0.000000	0.000000
135	tsk_135	(x)	1	:	0.000000	0.000000	0.000000	0.213440	0.169393	0.000000	0.000000	0.286560	0.000000	0.000000	0.000000	0.000000	0.000000	0.330607
136	tsk_136	(x)	1	:	0.000000	0.000000	0.000000	0.000000	0.106965	0.000000	0.000000	0.000000	0.000000	0.000000	0.472621	0.000000	0.000000	0.420413
137	tsk_137	(x)	1	:	0.000000	0.000000	0.000000	0.410952	0.237810	0.000000	0.000000	0.089048	0.000000	0.000000	0.000000	0.000000	0.000000	0.262190
138	tsk_138	(x)	1	:	0.000000	0.000000	0.000000	0.366156	0.000000	0.000000	0.000000	0.134876	0.000000	0.000000	0.474697	0.000000	0.000000	0.024271
139	tsk_139	(x)	1	:	0.000000	0.000000	0.000000	0.000000	0.000000	0.000000	0.000000	0.000000	0.000000	0.000000	1.000000	0.000000	0.000000	0.000000
140	tsk_140	(x)	1	:	0.000000	0.000000	0.000000	0.000000	0.000029	0.000000	0.000000	0.000000	0.000000	0.000000	0.000000	0.000000	0.999960	0.000011
141	tsk_141	(x)	1	:	0.000000	0.000000	0.000000	0.000000	0.485472	0.000000	0.000000	0.000000	0.434587	0.000000	0.000000	0.000000	0.000000	0.079941
142	tsk_142	(x)	1	:	0.000000	0.000000	0.000000	0.000000	0.000000	0.000000	0.000000	0.000000	1.000000	0.000000	0.000000	0.000000	0.000000	0.000000
143	tsk_143	(x)	1	:	0.000000	0.000000	0.000000	0.000000	0.000000	0.000000	0.000000	0.000000	1.000000	0.000000	0.000000	0.000000	0.000000	0.000000
144	tsk_144	(x)	1	:	0.000000	0.000000	0.000000	0.000000	0.343344	0.000000	0.000000	0.000000	0.000000	0.000000	0.000000	0.499939	0.000000	0.156716
145	tsk_145	(x)	1	:	0.000000	0.000000	0.000000	0.267606	0.250581	0.000000	0.000000	0.232394	0.000000	0.000000	0.000000	0.000000	0.000000	0.249419
146	tsk_146	(x)	1	:	0.000000	0.000000	0.000000	0.000000	0.310411	0.000000	0.000000	0.000000	0.000000	0.000000	0.000000	0.499979	0.000000	0.189610
147	tsk_147	(x)	1	:	0.000000	0.000000	0.000000	0.354966	0.018116	0.000000	0.000000	0.145060	0.434748	0.000000	0.000000	0.000000	0.000000	0.047110
148	tsk_148	(x)	1	:	0.000000	0.000000	0.000000	0.000000	0.297050	0.000000	0.000000	0.000000	0.629510	0.000000	0.000000	0.000000	0.000000	0.073440
149	tsk_149	(x)	1	:	0.000000	0.000000	0.000000	0.000000	0.663825	0.000000	0.000000	0.000000	0.000000	0.000000	0.000000	0.000000	0.000000	0.336175
