logL = -918.996412 (converged)
AIC = 3745.992824
BIC = 6618.138894

count.K
45 22 29 6 37 11 

