logL = -1234.037710 (converged)
AIC = 7656.075420
BIC = 15465.663373

count.K
14 9 17 8 11 33 2 5 1 10 1 26 3 10 

