logL = -5966.650609 (converged)
AIC = 12553.301218
BIC = 13486.598159

count.K
68 82 

