logL = -1773.398508 (converged)
AIC = 7646.797017
BIC = 13818.599370

count.K
2 36 9 13 2 9 6 13 10 39 11 

