logL = -2974.437840 (converged)
AIC = 6878.875681
BIC = 8278.821092

count.K
84 18 48 

