logL = -992.772925 (converged)
AIC = 3515.545850
BIC = 5818.681850

count.K
41 21 30 23 35 

