logL = -1396.655849 (converged)
AIC = 8223.311699
BIC = 16397.186522

count.K
7 23 24 3 2 6 1 2 14 51 12 3 1 0 1 

