logL = -1918.640271 (converged)
AIC = 4341.280541
BIC = 5099.960636

count.K
129 21 

