logL = -1154.101784 (converged)
AIC = 5518.203567
BIC = 10350.273214

count.K
10 16 34 30 7 28 9 5 11 

