logL = -847.849182 (converged)
AIC = 6519.698363
BIC = 13781.350693

count.K
30 25 3 3 17 8 2 12 1 1 2 36 1 9 

