logL = -929.084423 (converged)
AIC = 2990.168845
BIC = 4694.188422

count.K
22 39 24 65 

