logL = -1847.594248 (converged)
AIC = 4637.188496
BIC = 6055.197719

count.K
10 60 80 

