logL = -1360.643966 (converged)
AIC = 3537.287932
BIC = 4765.627132

count.K
51 46 53 

