logL = -1928.256472 (converged)
AIC = 8500.512944
BIC = 15491.208097

count.K
4 2 8 3 10 27 0 2 44 7 23 20 

