logL = -2297.301374 (converged)
AIC = 9894.602749
BIC = 17872.786278

count.K
22 5 6 10 25 8 1 3 5 15 22 8 15 5 

