logL = -1171.194803 (converged)
AIC = 7832.389606
BIC = 16096.583488

count.K
7 3 4 14 24 21 4 17 11 5 3 2 8 20 7 

