logL = -753.185294 (converged)
AIC = 4746.370587
BIC = 9623.599764

count.K
12 7 9 10 38 9 1 23 14 27 

