logL = -555.645550 (converged)
AIC = 4939.291099
BIC = 10701.647052

count.K
6 1 2 25 4 24 10 17 1 46 7 7 

