logL = -2127.281205 (converged)
AIC = 5554.562410
BIC = 7511.475351

count.K
40 42 38 30 

