logL = -996.932423 (converged)
AIC = 3563.864845
BIC = 5927.213551

count.K
11 59 25 36 19 

