logL = -519.353466 (converged)
AIC = 3816.706933
BIC = 7998.479356

count.K
2 2 90 4 1 28 13 2 8 

