logL = -853.541644 (converged)
AIC = 4593.083287
BIC = 8937.430017

count.K
3 20 29 3 56 4 7 15 13 

