logL = -3685.466821 (converged)
AIC = 10220.933642
BIC = 14511.088936

count.K
17 29 1 29 6 37 31 

