logL = -1830.423845 (converged)
AIC = 5210.847690
BIC = 7544.090043

count.K
14 55 26 11 44 

