logL = -1010.856640 (converged)
AIC = 2825.713280
BIC = 4035.988668

count.K
56 48 46 

