logL = -1311.107322 (converged)
AIC = 6442.214644
BIC = 12192.528056

count.K
17 3 10 34 4 5 13 52 7 5 

