logL = -1366.504595 (converged)
AIC = 8061.009191
BIC = 16081.341614

count.K
2 11 21 1 8 13 10 10 12 17 6 1 9 29 

