0	tsk_0	(x)	1	:	0.000000	0.000000	0.000000	0.000000	0.000000	1.000000	0.000000	0.000000	0.000000	0.000000	0.000000	0.000000	0.000000	0.000000	0.000000
1	tsk_1	(x)	1	:	0.000000	0.000000	0.000000	0.000000	0.000000	0.454434	0.000000	0.000000	0.000000	0.545565	0.000000	0.000000	0.000000	0.000000	0.000000
2	tsk_2	(x)	1	:	0.000000	0.000000	0.000000	0.000000	0.000000	1.000000	0.000000	0.000000	0.000000	0.000000	0.000000	0.000000	0.000000	0.000000	0.000000
3	tsk_3	(x)	1	:	0.079198	0.000000	0.000000	0.186733	0.000000	0.497491	0.000000	0.078994	0.000000	0.000011	0.000000	0.000000	0.000000	0.000000	0.157572
4	tsk_4	(x)	1	:	0.000000	0.000000	0.000000	0.000000	0.501772	0.498196	0.000000	0.000000	0.000000	0.000032	0.000000	0.000000	0.000000	0.000000	0.000000
5	tsk_5	(x)	1	:	0.000000	0.000000	0.351536	0.000000	0.000000	0.455410	0.000000	0.000000	0.000000	0.000087	0.000000	0.000000	0.192966	0.000000	0.000000
6	tsk_6	(x)	1	:	0.000000	0.000000	0.350991	0.000000	0.000000	0.455441	0.000000	0.000000	0.000000	0.000075	0.000000	0.000000	0.193492	0.000000	0.000000
7	tsk_7	(x)	1	:	0.000000	0.000000	0.351433	0.000000	0.000000	0.455416	0.000000	0.000000	0.000000	0.000085	0.000000	0.000000	0.193065	0.000000	0.000000
8	tsk_8	(x)	1	:	0.000000	0.000000	0.000000	0.000000	0.000000	1.000000	0.000000	0.000000	0.000000	0.000000	0.000000	0.000000	0.000000	0.000000	0.000000
9	tsk_9	(x)	1	:	0.325376	0.000000	0.000000	0.037170	0.000000	0.000000	0.000000	0.017815	0.000000	0.000000	0.000000	0.606815	0.000000	0.000000	0.012823
10	tsk_10	(x)	1	:	0.126144	0.000000	0.000000	0.109618	0.000000	0.000000	0.000000	0.049352	0.000000	0.422152	0.278284	0.000000	0.000000	0.000000	0.014449
11	tsk_11	(x)	1	:	0.214839	0.000000	0.000000	0.183640	0.000000	0.000000	0.000000	0.054004	0.000000	0.000204	0.481021	0.000000	0.000000	0.000000	0.066292
12	tsk_12	(x)	1	:	0.170586	0.000000	0.000000	0.150088	0.000000	0.000000	0.000000	0.156962	0.000000	0.000046	0.481101	0.000000	0.000000	0.000000	0.041217
13	tsk_13	(x)	1	:	0.187363	0.000000	0.000000	0.236917	0.000000	0.000000	0.000000	0.049562	0.000000	0.000110	0.481069	0.000000	0.000000	0.000000	0.044980
14	tsk_14	(x)	1	:	0.126325	0.000000	0.000000	0.000000	0.000000	0.000000	0.000000	0.207565	0.000000	0.000134	0.481056	0.000000	0.000000	0.000000	0.184919
15	tsk_15	(x)	1	:	0.075250	0.000000	0.000000	0.294783	0.000000	0.000000	0.000000	0.007244	0.000000	0.000000	0.590202	0.000000	0.000000	0.000000	0.032521
16	tsk_16	(x)	1	:	0.000000	0.000000	0.000000	0.000000	0.501771	0.498195	0.000000	0.000000	0.000000	0.000035	0.000000	0.000000	0.000000	0.000000	0.000000
17	tsk_17	(x)	1	:	0.164329	0.000000	0.000000	0.147654	0.000000	0.000000	0.000000	0.080085	0.000000	0.000167	0.481040	0.000000	0.000000	0.000000	0.126724
18	tsk_18	(x)	1	:	0.131214	0.000000	0.000000	0.286295	0.000000	0.000000	0.000000	0.373947	0.000000	0.000000	0.000000	0.000000	0.000000	0.000000	0.208544
19	tsk_19	(x)	1	:	0.000000	0.000000	0.000000	0.000000	0.000000	0.000000	0.000000	0.000000	0.000000	0.000000	1.000000	0.000000	0.000000	0.000000	0.000000
20	tsk_20	(x)	1	:	0.207286	0.000000	0.000000	0.069723	0.000000	0.000000	0.000000	0.061477	0.000000	0.000000	0.000000	0.000000	0.595880	0.000000	0.065635
21	tsk_21	(x)	1	:	0.038975	0.000000	0.000000	0.263656	0.499994	0.000000	0.000000	0.102128	0.000000	0.000027	0.000000	0.000000	0.000000	0.000000	0.095220
22	tsk_22	(x)	1	:	0.060177	0.000000	0.000000	0.180200	0.257590	0.000000	0.000000	0.035294	0.000000	0.000017	0.000000	0.000000	0.000000	0.242405	0.224316
23	tsk_23	(x)	1	:	0.000000	0.000000	0.000000	0.000000	0.000000	0.000000	0.000000	0.000000	1.000000	0.000000	0.000000	0.000000	0.000000	0.000000	0.000000
24	tsk_24	(x)	1	:	0.000000	0.000000	0.000000	0.000000	0.000000	0.000000	0.000000	0.000000	0.000000	0.000000	1.000000	0.000000	0.000000	0.000000	0.000000
25	tsk_25	(x)	1	:	0.011094	0.000000	0.000000	0.234365	0.000000	0.000000	0.000000	0.097480	0.591503	0.000000	0.000000	0.000000	0.000000	0.000000	0.065558
26	tsk_26	(x)	1	:	0.077745	0.000000	0.000000	0.251029	0.000000	0.000000	0.000000	0.146239	0.478432	0.000117	0.000000	0.000000	0.000000	0.000000	0.046439
27	tsk_27	(x)	1	:	0.109960	0.000000	0.000000	0.318965	0.000000	0.000000	0.000000	0.446145	0.000000	0.000000	0.000000	0.000000	0.000000	0.000000	0.124930
28	tsk_28	(x)	1	:	0.313851	0.000000	0.000000	0.144374	0.000000	0.000000	0.000000	0.319659	0.000000	0.000000	0.000000	0.000000	0.000000	0.000000	0.222116
29	tsk_29	(x)	1	:	0.000000	0.000000	0.000000	0.000000	0.000000	0.000000	0.000000	0.000000	0.393937	0.000000	0.000000	0.000000	0.606063	0.000000	0.000000
30	tsk_30	(x)	1	:	0.037271	0.000000	0.000000	0.184771	0.499995	0.000000	0.000000	0.145189	0.000000	0.000021	0.000000	0.000000	0.000000	0.000000	0.132753
31	tsk_31	(x)	1	:	0.101069	0.000000	0.000000	0.297267	0.499994	0.000000	0.000000	0.000000	0.000000	0.000027	0.000000	0.000000	0.000000	0.000000	0.101644
32	tsk_32	(x)	1	:	0.358311	0.000000	0.000000	0.265205	0.000000	0.000000	0.000000	0.217125	0.000000	0.000000	0.000000	0.000000	0.000000	0.000000	0.159359
33	tsk_33	(x)	1	:	0.158704	0.000000	0.000000	0.123643	0.000000	0.000000	0.000000	0.154560	0.000000	0.000000	0.000000	0.000000	0.534890	0.000000	0.028202
34	tsk_34	(x)	1	:	0.000000	0.000000	0.000000	0.000000	0.000000	0.000000	0.000000	0.000000	1.000000	0.000000	0.000000	0.000000	0.000000	0.000000	0.000000
35	tsk_35	(x)	1	:	0.247536	0.000000	0.000000	0.368897	0.000000	0.000000	0.000000	0.209559	0.000000	0.000000	0.000000	0.000000	0.000000	0.000000	0.174008
36	tsk_36	(x)	1	:	0.216043	0.000000	0.000000	0.494447	0.000000	0.000000	0.000000	0.236484	0.000000	0.000000	0.000000	0.000000	0.000000	0.000000	0.053026
37	tsk_37	(x)	1	:	0.060660	0.000000	0.000000	0.223803	0.499995	0.000000	0.000000	0.053355	0.000000	0.000022	0.000000	0.000000	0.000000	0.000000	0.162165
38	tsk_38	(x)	1	:	0.000000	0.000000	0.000000	0.000000	1.000000	0.000000	0.000000	0.000000	0.000000	0.000000	0.000000	0.000000	0.000000	0.000000	0.000000
39	tsk_39	(x)	1	:	0.031568	0.000000	0.000000	0.158345	0.000000	0.000000	0.000000	0.137459	0.000000	0.000000	0.000000	0.000000	0.000000	0.536840	0.135788
40	tsk_40	(x)	1	:	0.236385	0.000000	0.000000	0.034770	0.000000	0.000000	0.000000	0.158924	0.000000	0.000000	0.000000	0.000000	0.534890	0.000000	0.035031
41	tsk_41	(x)	1	:	0.000000	0.000000	0.000000	0.000000	0.000000	0.000000	0.000000	0.000000	0.000000	0.045869	0.000000	0.954131	0.000000	0.000000	0.000000
42	tsk_42	(x)	1	:	0.051355	0.000000	0.000000	0.176414	0.000000	0.000000	0.000000	0.195694	0.000000	0.000578	0.000000	0.480915	0.000000	0.000000	0.095044
43	tsk_43	(x)	1	:	0.130860	0.000000	0.000000	0.154410	0.000000	0.000000	0.000000	0.148767	0.000000	0.000000	0.000000	0.481258	0.000000	0.000000	0.084704
44	tsk_44	(x)	1	:	0.000000	0.000000	0.000000	0.000000	0.000000	0.503867	0.000000	0.000000	0.000000	0.001906	0.000000	0.494227	0.000000	0.000000	0.000000
45	tsk_45	(x)	1	:	0.096051	0.000000	0.000000	0.137852	0.000000	0.000000	0.000000	0.211053	0.000000	0.010044	0.000000	0.000000	0.427795	0.000000	0.117206
46	tsk_46	(x)	1	:	0.204976	0.000000	0.000000	0.060325	0.000000	0.000000	0.000000	0.165689	0.000000	0.000000	0.000000	0.000000	0.534890	0.000000	0.034120
47	tsk_47	(x)	1	:	0.125649	0.000000	0.000000	0.177720	0.000000	0.497491	0.000000	0.149137	0.000000	0.000013	0.000000	0.000000	0.000000	0.000000	0.049989
48	tsk_48	(x)	1	:	0.198549	0.000000	0.000000	0.105558	0.000000	0.000000	0.000000	0.130619	0.000000	0.000000	0.000000	0.000000	0.534890	0.000000	0.030384
49	tsk_49	(x)	1	:	0.000000	0.000000	0.590987	0.000000	0.000000	0.409013	0.000000	0.000000	0.000000	0.000000	0.000000	0.000000	0.000000	0.000000	0.000000
50	tsk_50	(x)	1	:	0.177312	0.000000	0.000000	0.057913	0.000000	0.000000	0.000000	0.185312	0.000000	0.000000	0.000000	0.000000	0.534890	0.000000	0.044573
51	tsk_51	(x)	1	:	0.000000	0.000000	0.000000	0.000000	0.000000	0.000000	0.000000	0.000000	0.000000	0.044600	0.526830	0.000000	0.428570	0.000000	0.000000
52	tsk_52	(x)	1	:	0.000000	0.000000	0.000000	0.000000	0.000000	0.000000	0.000000	0.000000	0.000000	0.000001	0.454533	0.000000	0.545466	0.000000	0.000000
53	tsk_53	(x)	1	:	0.000000	0.000000	0.000000	0.000000	0.000000	0.498100	0.000000	0.000000	0.000000	0.000158	0.000000	0.501742	0.000000	0.000000	0.000000
54	tsk_54	(x)	1	:	0.000000	0.000000	0.000000	0.000000	0.000000	0.498099	0.000000	0.000000	0.000000	0.000165	0.000000	0.501736	0.000000	0.000000	0.000000
55	tsk_55	(x)	1	:	0.000000	0.000000	0.000000	0.000000	0.000000	0.000000	0.000000	0.000000	0.000000	0.000000	0.000000	0.000000	1.000000	0.000000	0.000000
56	tsk_56	(x)	1	:	0.000000	0.000000	0.000000	0.000000	0.000000	0.000000	0.000000	0.000000	0.000000	0.000002	0.000000	0.460576	0.539422	0.000000	0.000000
57	tsk_57	(x)	1	:	0.000000	0.000000	0.000000	0.000000	0.000000	0.000000	0.000000	0.000000	0.000000	0.000260	0.479216	0.520524	0.000000	0.000000	0.000000
58	tsk_58	(x)	1	:	0.000000	0.000000	0.000000	0.000000	0.000000	0.000000	0.000000	0.000000	0.000000	0.000000	0.457395	0.000000	0.000000	0.542605	0.000000
59	tsk_59	(x)	1	:	0.000000	0.000000	0.000000	0.000000	0.000000	0.000000	0.000000	0.000000	0.000000	0.000000	1.000000	0.000000	0.000000	0.000000	0.000000
60	tsk_60	(x)	1	:	0.000000	0.000000	0.000000	0.000000	0.000000	0.000000	0.000000	0.000000	0.000000	0.000000	0.395115	0.000000	0.604885	0.000000	0.000000
61	tsk_61	(x)	1	:	0.000000	0.000000	0.000000	0.000000	0.000000	0.456221	0.000000	0.000000	0.543779	0.000000	0.000000	0.000000	0.000000	0.000000	0.000000
62	tsk_62	(x)	1	:	0.000000	0.000000	0.000000	0.000000	0.000000	1.000000	0.000000	0.000000	0.000000	0.000000	0.000000	0.000000	0.000000	0.000000	0.000000
63	tsk_63	(x)	1	:	0.000000	0.000000	0.000000	0.000000	0.000000	0.000000	0.000000	0.000000	0.605921	0.000000	0.394079	0.000000	0.000000	0.000000	0.000000
64	tsk_64	(x)	1	:	0.000000	0.000000	0.000000	0.000000	0.000000	0.000000	0.000000	0.000000	0.000000	0.000000	0.000000	1.000000	0.000000	0.000000	0.000000
65	tsk_65	(x)	1	:	0.333371	0.000000	0.000000	0.323674	0.000000	0.000000	0.000000	0.241427	0.000000	0.000000	0.000000	0.000000	0.000000	0.000000	0.101527
66	tsk_66	(x)	1	:	0.204551	0.000000	0.000000	0.438695	0.000000	0.000000	0.000000	0.121559	0.000000	0.000000	0.000000	0.000000	0.000000	0.000000	0.235195
67	tsk_67	(x)	1	:	0.000000	0.000000	0.000000	0.000000	0.000000	0.000000	0.000000	0.000000	0.000000	0.350749	0.000000	0.000000	0.649251	0.000000	0.000000
68	tsk_68	(x)	1	:	0.235887	0.000000	0.000000	0.163852	0.000000	0.000000	0.000000	0.031230	0.000000	0.000053	0.000000	0.497615	0.000000	0.000000	0.071362
69	tsk_69	(x)	1	:	0.125785	0.000000	0.000000	0.177771	0.000000	0.000000	0.000000	0.142845	0.000000	0.432490	0.000000	0.000000	0.000000	0.000000	0.121109
70	tsk_70	(x)	1	:	0.277901	0.000000	0.000000	0.000000	0.000000	0.000000	0.000000	0.250621	0.000000	0.014494	0.000000	0.000000	0.426398	0.000000	0.030586
71	tsk_71	(x)	1	:	0.000000	0.000000	0.000000	0.000000	0.000000	0.000000	0.000000	0.000000	0.000000	0.000000	0.000000	0.000000	1.000000	0.000000	0.000000
72	tsk_72	(x)	1	:	0.000000	0.000000	0.000000	0.000000	0.020222	0.000000	0.000000	0.000000	0.000000	0.055025	0.000000	0.000000	0.428226	0.496528	0.000000
73	tsk_73	(x)	1	:	0.000000	0.000000	0.000000	0.000000	0.023291	0.000000	0.000000	0.000000	0.000000	0.053749	0.000000	0.000000	0.428266	0.494694	0.000000
74	tsk_74	(x)	1	:	0.000000	0.000000	0.000000	0.000000	0.279484	0.000000	0.000000	0.000000	0.000000	0.049103	0.000000	0.000000	0.428991	0.242422	0.000000
75	tsk_75	(x)	1	:	0.000000	0.000000	0.000000	0.000000	0.757596	0.000000	0.000000	0.000000	0.000000	0.000000	0.000000	0.000000	0.000000	0.242404	0.000000
76	tsk_76	(x)	1	:	0.000000	0.000000	0.000000	0.000000	0.000000	0.000000	0.000000	0.000000	0.000000	0.000000	0.000000	0.000000	1.000000	0.000000	0.000000
77	tsk_77	(x)	1	:	0.000000	0.000000	0.000000	0.000000	0.000000	0.000000	0.000000	0.000000	0.000000	0.000000	0.000000	0.000000	1.000000	0.000000	0.000000
78	tsk_78	(x)	1	:	0.239394	0.000000	0.000000	0.546549	0.000000	0.000000	0.000000	0.155886	0.000000	0.000000	0.000000	0.000000	0.000000	0.000000	0.058170
79	tsk_79	(x)	1	:	0.000000	0.000000	0.000000	0.000000	0.000000	0.000000	0.000000	0.000000	0.555688	0.000000	0.000000	0.000000	0.444312	0.000000	0.000000
80	tsk_80	(x)	1	:	0.000000	0.000000	0.000000	0.000000	0.000000	0.498100	0.000000	0.000000	0.000000	0.000159	0.000000	0.501742	0.000000	0.000000	0.000000
81	tsk_81	(x)	1	:	0.175510	0.000000	0.000000	0.512079	0.000000	0.000000	0.000000	0.186933	0.000000	0.000000	0.000000	0.000000	0.000000	0.000000	0.125477
82	tsk_82	(x)	1	:	0.129901	0.000000	0.000000	0.223657	0.000000	0.000000	0.000000	0.102637	0.000000	0.000062	0.000000	0.497609	0.000000	0.000000	0.046133
83	tsk_83	(x)	1	:	0.000000	0.000000	0.000000	0.000000	0.000016	0.000000	0.000000	0.000000	0.000000	0.000000	0.000000	0.000000	0.519191	0.480793	0.000000
84	tsk_84	(x)	1	:	0.237183	0.000000	0.000000	0.129026	0.000000	0.000000	0.000000	0.124539	0.000000	0.000068	0.000000	0.497606	0.000000	0.000000	0.011579
85	tsk_85	(x)	1	:	0.000000	0.000000	0.000003	0.000000	0.000000	0.444745	0.000000	0.000000	0.000000	0.000000	0.000000	0.000000	0.555252	0.000000	0.000000
86	tsk_86	(x)	1	:	0.062670	0.000000	0.000000	0.163973	0.000000	0.497490	0.000000	0.205390	0.000000	0.000016	0.000000	0.000000	0.000000	0.000000	0.070460
87	tsk_87	(x)	1	:	0.000000	0.000000	0.000000	0.000000	0.000000	0.000002	0.501320	0.000000	0.000000	0.000000	0.000000	0.000000	0.000000	0.498678	0.000000
88	tsk_88	(x)	1	:	0.000000	0.000000	0.000000	0.000000	0.000962	0.000000	0.000000	0.000000	0.000000	0.000160	0.000000	0.502585	0.000000	0.496294	0.000000
89	tsk_89	(x)	1	:	0.161873	0.000000	0.000000	0.498431	0.000000	0.000000	0.000000	0.247365	0.000000	0.000000	0.000000	0.000000	0.000000	0.000000	0.092331
90	tsk_90	(x)	1	:	0.000000	0.000000	0.000000	0.000000	0.000000	0.000000	0.000000	0.000000	0.000000	0.000000	0.000000	0.000000	1.000000	0.000000	0.000000
91	tsk_91	(x)	1	:	0.000000	0.000000	0.429738	0.000000	0.000000	0.000000	0.448194	0.000000	0.000000	0.000000	0.000000	0.000000	0.122068	0.000000	0.000000
92	tsk_92	(x)	1	:	0.000000	0.512051	0.000001	0.000000	0.000000	0.487948	0.000000	0.000000	0.000000	0.000000	0.000000	0.000000	0.000000	0.000000	0.000000
93	tsk_93	(x)	1	:	0.178973	0.000000	0.000000	0.019387	0.000000	0.000000	0.000000	0.244835	0.000000	0.000000	0.000000	0.000000	0.534890	0.000000	0.021914
94	tsk_94	(x)	1	:	0.000000	0.654455	0.000000	0.000000	0.000000	0.000000	0.000000	0.000000	0.000000	0.000000	0.000000	0.000000	0.345545	0.000000	0.000000
95	tsk_95	(x)	1	:	0.000000	0.000000	0.000000	0.000000	0.000000	0.000000	0.000000	0.000000	0.000000	0.000000	0.000000	0.000000	0.000000	1.000000	0.000000
96	tsk_96	(x)	1	:	0.351855	0.516232	0.000000	0.027914	0.000000	0.000000	0.000000	0.063101	0.000000	0.000000	0.000000	0.000000	0.000005	0.000000	0.040894
97	tsk_97	(x)	1	:	0.000000	0.000000	0.000000	0.000000	0.026238	0.000000	0.000000	0.000000	0.000000	0.052411	0.000000	0.000000	0.428386	0.492965	0.000000
98	tsk_98	(x)	1	:	0.000000	0.000000	0.000000	0.000000	0.000000	0.000000	0.000000	0.000000	0.000000	0.000000	0.000000	0.000000	1.000000	0.000000	0.000000
99	tsk_99	(x)	1	:	0.085644	0.000000	0.000000	0.215096	0.000733	0.000000	0.000000	0.088605	0.000000	0.000005	0.000000	0.000000	0.000000	0.495991	0.113927
100	tsk_100	(x)	1	:	0.000000	0.000000	0.000000	0.000000	0.000000	0.514146	0.000000	0.000000	0.000000	0.485854	0.000000	0.000000	0.000000	0.000000	0.000000
101	tsk_101	(x)	1	:	0.219976	0.000000	0.000000	0.056630	0.000000	0.000000	0.000000	0.144891	0.000000	0.000000	0.000000	0.000000	0.534890	0.000000	0.043613
102	tsk_102	(x)	1	:	0.000000	0.512051	0.000001	0.000000	0.000000	0.487948	0.000000	0.000000	0.000000	0.000000	0.000000	0.000000	0.000000	0.000000	0.000000
103	tsk_103	(x)	1	:	0.000000	0.000000	0.353463	0.000000	0.000000	0.455301	0.000000	0.000000	0.000000	0.000132	0.000000	0.000000	0.191105	0.000000	0.000000
104	tsk_104	(x)	1	:	0.000000	0.000000	0.350390	0.000000	0.000000	0.455476	0.000000	0.000000	0.000000	0.000061	0.000000	0.000000	0.194072	0.000000	0.000000
105	tsk_105	(x)	1	:	0.000000	0.000000	0.000000	0.000000	0.000000	0.514146	0.000000	0.000000	0.000000	0.485854	0.000000	0.000000	0.000000	0.000000	0.000000
106	tsk_106	(x)	1	:	0.000000	0.000000	0.000000	0.000000	0.000010	0.000000	0.000000	0.000000	0.000000	0.000000	0.000000	0.000000	0.519192	0.480798	0.000000
107	tsk_107	(x)	1	:	0.000000	0.000000	0.000000	0.000000	0.000000	0.514146	0.000000	0.000000	0.000000	0.485854	0.000000	0.000000	0.000000	0.000000	0.000000
108	tsk_108	(x)	1	:	0.000000	0.000000	0.000000	0.000000	0.000000	0.514146	0.000000	0.000000	0.000000	0.485854	0.000000	0.000000	0.000000	0.000000	0.000000
109	tsk_109	(x)	1	:	0.012879	0.000000	0.000000	0.071154	0.000000	0.571027	0.000000	0.070306	0.074261	0.000000	0.086507	0.083549	0.000000	0.000000	0.030318
110	tsk_110	(x)	1	:	0.000000	0.000000	0.000000	0.000000	0.000394	0.500857	0.000000	0.000000	0.000000	0.000017	0.000000	0.000000	0.000000	0.498732	0.000000
111	tsk_111	(x)	1	:	0.000000	0.000000	0.000000	0.000000	0.000000	0.000000	0.000000	0.000000	1.000000	0.000000	0.000000	0.000000	0.000000	0.000000	0.000000
112	tsk_112	(x)	1	:	0.000000	0.000000	0.000000	0.000000	0.000000	0.000000	0.000000	0.000000	1.000000	0.000000	0.000000	0.000000	0.000000	0.000000	0.000000
113	tsk_113	(x)	1	:	0.000000	0.000000	0.429700	0.000000	0.000000	0.000000	0.448195	0.000000	0.000000	0.000000	0.000000	0.000000	0.122105	0.000000	0.000000
114	tsk_114	(x)	1	:	0.000000	0.000000	0.000000	0.000000	0.000000	0.505976	0.000000	0.000000	0.493207	0.000817	0.000000	0.000000	0.000000	0.000000	0.000000
115	tsk_115	(x)	1	:	0.000000	0.000000	0.000000	0.000000	0.004257	0.000000	0.106262	0.000000	0.000000	0.000000	0.000000	0.409220	0.000000	0.480261	0.000000
116	tsk_116	(x)	1	:	0.000000	0.000000	0.000000	0.000000	0.000000	0.000000	0.000000	0.000000	0.453081	0.000003	0.000000	0.000000	0.546916	0.000000	0.000000
117	tsk_117	(x)	1	:	0.000000	0.000000	0.000000	0.000000	0.000000	0.000008	0.517077	0.000000	0.000000	0.482914	0.000000	0.000000	0.000000	0.000000	0.000000
118	tsk_118	(x)	1	:	0.054970	0.000000	0.000000	0.118041	0.000000	0.000000	0.000000	0.268932	0.000000	0.432490	0.000000	0.000000	0.000000	0.000000	0.125567
119	tsk_119	(x)	1	:	0.000000	0.000000	0.000000	0.000000	0.000000	0.000000	0.614203	0.000000	0.000000	0.000000	0.000000	0.385797	0.000000	0.000000	0.000000
120	tsk_120	(x)	1	:	0.027684	0.000000	0.000000	0.098423	0.000000	0.418054	0.000000	0.049651	0.000000	0.327853	0.000000	0.000000	0.000000	0.000000	0.078335
121	tsk_121	(x)	1	:	0.010533	0.000000	0.000000	0.018704	0.000000	0.544321	0.000000	0.424076	0.000000	0.000000	0.000000	0.000000	0.000000	0.000000	0.002366
122	tsk_122	(x)	1	:	0.232440	0.000000	0.000000	0.083227	0.000000	0.000000	0.000000	0.050075	0.000000	0.000000	0.000000	0.000000	0.534890	0.000000	0.099368
123	tsk_123	(x)	1	:	0.131951	0.000000	0.000000	0.293819	0.000000	0.000000	0.000000	0.388484	0.000000	0.000000	0.000000	0.000000	0.000000	0.000000	0.185746
124	tsk_124	(x)	1	:	0.000000	0.000000	0.000000	0.000000	0.000000	0.506086	0.000000	0.000000	0.493665	0.000248	0.000000	0.000000	0.000000	0.000000	0.000000
125	tsk_125	(x)	1	:	0.000000	0.000000	0.000000	0.000000	0.000000	1.000000	0.000000	0.000000	0.000000	0.000000	0.000000	0.000000	0.000000	0.000000	0.000000
126	tsk_126	(x)	1	:	0.055697	0.000000	0.000000	0.283394	0.000000	0.000000	0.000000	0.126392	0.478406	0.000169	0.000000	0.000000	0.000000	0.000000	0.055942
127	tsk_127	(x)	1	:	0.135634	0.000000	0.000000	0.072840	0.000000	0.000000	0.000000	0.232553	0.000000	0.000181	0.481033	0.000000	0.000000	0.000000	0.077758
128	tsk_128	(x)	1	:	0.244989	0.000000	0.000000	0.118348	0.000000	0.000000	0.000000	0.088153	0.000000	0.000165	0.481041	0.000000	0.000000	0.000000	0.067304
129	tsk_129	(x)	1	:	0.266434	0.000000	0.000000	0.144393	0.000000	0.000000	0.000000	0.067936	0.000000	0.000136	0.481055	0.000000	0.000000	0.000000	0.040045
130	tsk_130	(x)	1	:	0.124249	0.000000	0.000000	0.172252	0.000000	0.000000	0.000000	0.068108	0.000000	0.000633	0.000000	0.480883	0.000000	0.000000	0.153875
131	tsk_131	(x)	1	:	0.174745	0.000000	0.000000	0.396132	0.000000	0.000000	0.000000	0.274834	0.000000	0.000000	0.000000	0.000000	0.000000	0.000000	0.154289
132	tsk_132	(x)	1	:	0.129833	0.000000	0.000000	0.103706	0.000000	0.000000	0.000000	0.191820	0.000000	0.000418	0.000000	0.481010	0.000000	0.000000	0.093214
133	tsk_133	(x)	1	:	0.436036	0.000000	0.000000	0.330155	0.000000	0.000000	0.000000	0.061539	0.000000	0.000000	0.000000	0.000000	0.000000	0.000000	0.172270
134	tsk_134	(x)	1	:	0.168733	0.000000	0.000000	0.041468	0.000000	0.000000	0.000000	0.254048	0.000000	0.000484	0.000000	0.480971	0.000000	0.000000	0.054296
135	tsk_135	(x)	1	:	0.047283	0.000000	0.000000	0.245066	0.000000	0.497491	0.000000	0.089581	0.000000	0.000014	0.000000	0.000000	0.000000	0.000000	0.120566
136	tsk_136	(x)	1	:	0.268206	0.000000	0.000000	0.516189	0.000000	0.000000	0.000000	0.116519	0.000000	0.000000	0.000000	0.000000	0.000000	0.000000	0.099086
137	tsk_137	(x)	1	:	0.142189	0.000000	0.000000	0.469182	0.000000	0.000000	0.000000	0.313321	0.000000	0.000000	0.000000	0.000000	0.000000	0.000000	0.075308
138	tsk_138	(x)	1	:	0.000000	0.000000	0.000000	0.000000	0.000000	0.503880	0.000000	0.000000	0.000000	0.001815	0.000000	0.494305	0.000000	0.000000	0.000000
139	tsk_139	(x)	1	:	0.156078	0.000000	0.000000	0.237951	0.000000	0.000000	0.000000	0.087251	0.000000	0.000494	0.000000	0.480965	0.000000	0.000000	0.037260
140	tsk_140	(x)	1	:	0.072494	0.000000	0.000000	0.241883	0.000316	0.000000	0.000000	0.096864	0.000000	0.000015	0.000000	0.000000	0.000000	0.496267	0.092161
141	tsk_141	(x)	1	:	0.000000	0.000000	0.000000	0.000000	0.000000	0.000000	0.000000	0.000000	0.000000	0.000000	0.000000	0.000000	0.000000	1.000000	0.000000
142	tsk_142	(x)	1	:	0.000000	0.000000	0.000000	0.000000	0.000000	0.000000	0.000000	0.000000	0.000000	0.000000	0.000000	1.000000	0.000000	0.000000	0.000000
143	tsk_143	(x)	1	:	0.251276	0.000000	0.000000	0.064325	0.000000	0.000000	0.000000	0.101264	0.000000	0.000064	0.000000	0.497608	0.000000	0.000000	0.085463
144	tsk_144	(x)	1	:	0.168818	0.000000	0.000000	0.126792	0.000606	0.000000	0.000000	0.027150	0.000000	0.000009	0.000000	0.000000	0.000000	0.496075	0.180549
145	tsk_145	(x)	1	:	0.000000	0.000000	0.000000	0.000000	0.000000	0.000000	0.000000	0.000000	0.000000	0.000000	0.000000	0.000000	0.000000	1.000000	0.000000
146	tsk_146	(x)	1	:	0.000000	0.000000	0.000000	0.000000	0.000000	0.000000	0.000000	0.000000	0.000000	0.388970	0.000000	0.611029	0.000000	0.000000	0.000000
147	tsk_147	(x)	1	:	0.050408	0.000000	0.000000	0.192869	0.000000	0.000000	0.000000	0.061557	0.000000	0.000000	0.000000	0.623019	0.000000	0.000000	0.072147
148	tsk_148	(x)	1	:	0.000000	0.000000	0.000000	0.000000	0.000000	0.000000	0.000000	0.000000	0.000000	0.000000	0.000000	0.000000	0.000000	1.000000	0.000000
149	tsk_149	(x)	1	:	0.000000	0.000000	0.000000	0.000000	0.008368	0.000000	0.000000	0.000000	0.000000	0.001600	0.000000	0.493736	0.000000	0.496295	0.000000
