logL = -2238.082282 (converged)
AIC = 5800.164563
BIC = 7793.205128

count.K
52 52 11 35 

