logL = -1430.947553 (converged)
AIC = 4853.895105
BIC = 7852.487858

count.K
9 1 39 49 30 22 

