logL = -1359.061259 (converged)
AIC = 4348.122519
BIC = 6801.790283

count.K
51 28 8 22 41 

