logL = -1497.181608 (converged)
AIC = 6348.363217
BIC = 11397.198605

count.K
28 4 44 5 20 22 4 15 8 

