logL = -2835.652270 (converged)
AIC = 7891.304540
BIC = 11233.109716

count.K
28 31 35 37 4 15 

