logL = -1383.321002 (converged)
AIC = 6602.642003
BIC = 12377.040497

count.K
5 15 0 34 9 11 64 2 3 3 4 

