logL = -1821.158171 (converged)
AIC = 4476.316343
BIC = 5731.751260

count.K
65 35 50 

