logL = -1980.741873 (converged)
AIC = 7005.483747
BIC = 11587.670664

count.K
43 17 29 28 0 19 3 11 

