logL = -809.824127 (converged)
AIC = 2003.648254
BIC = 2581.690230

count.K
95 55 

