logL = -925.736654 (converged)
AIC = 5351.473308
BIC = 10620.085073

count.K
13 16 2 0 4 3 40 3 10 59 

