logL = -1260.277967 (converged)
AIC = 4392.555934
BIC = 7210.510569

count.K
20 16 17 44 12 41 

