logL = -1007.337637 (converged)
AIC = 6782.675273
BIC = 13960.029814

count.K
14 1 23 14 6 11 8 1 3 14 12 17 20 6 

