logL = -499.637549 (converged)
AIC = 5067.275099
BIC = 11190.907287

count.K
2 19 12 2 4 0 1 5 3 42 43 17 

