logL = -1408.776553 (converged)
AIC = 4407.553106
BIC = 6801.008165

count.K
45 8 34 39 24 

