logL = -1044.768709 (converged)
AIC = 7109.537418
BIC = 14666.232006

count.K
2 10 19 24 1 15 10 8 31 6 5 1 8 10 

