logL = -1479.845200 (converged)
AIC = 8209.690399
BIC = 16112.608046

count.K
4 12 1 6 1 2 1 17 11 1 17 10 11 51 5 

