logL = -1565.453032 (converged)
AIC = 7666.906064
BIC = 14495.026911

count.K
0 7 1 6 12 43 19 7 16 24 2 4 9 

