0	tsk_0	(x)	1	:	0.000000	1.000000	0.000000	0.000000	0.000000	0.000000	0.000000	0.000000	0.000000	0.000000	0.000000	0.000000
1	tsk_1	(x)	1	:	0.000000	0.000000	0.080191	0.000000	0.499990	0.000000	0.000000	0.000000	0.000000	0.000000	0.052270	0.367549
2	tsk_2	(x)	1	:	0.000000	0.496837	0.000000	0.503163	0.000000	0.000000	0.000000	0.000000	0.000000	0.000000	0.000000	0.000000
3	tsk_3	(x)	1	:	0.000000	0.000000	0.002785	0.499070	0.498144	0.000000	0.000000	0.000000	0.000000	0.000000	0.000000	0.000000
4	tsk_4	(x)	1	:	0.485392	0.000000	0.004290	0.499940	0.000000	0.000000	0.000000	0.000000	0.000000	0.000000	0.010378	0.000000
5	tsk_5	(x)	1	:	0.495164	0.000000	0.000000	0.504836	0.000000	0.000000	0.000000	0.000000	0.000000	0.000000	0.000000	0.000000
6	tsk_6	(x)	1	:	0.000000	0.000000	0.000000	1.000000	0.000000	0.000000	0.000000	0.000000	0.000000	0.000000	0.000000	0.000000
7	tsk_7	(x)	1	:	0.000000	0.490510	0.144593	0.000000	0.000000	0.000000	0.000000	0.000000	0.000000	0.000000	0.364896	0.000000
8	tsk_8	(x)	1	:	0.000000	0.000000	0.132473	0.499984	0.000000	0.000000	0.000000	0.000000	0.000000	0.000000	0.000000	0.367543
9	tsk_9	(x)	1	:	0.000000	0.000000	0.000000	1.000000	0.000000	0.000000	0.000000	0.000000	0.000000	0.000000	0.000000	0.000000
10	tsk_10	(x)	1	:	0.000000	0.000000	0.280292	0.249967	0.000000	0.000000	0.000000	0.000000	0.000000	0.000000	0.469740	0.000000
11	tsk_11	(x)	1	:	0.000000	0.000000	0.168627	0.250013	0.000000	0.000000	0.000000	0.217260	0.000000	0.000000	0.364100	0.000000
12	tsk_12	(x)	1	:	0.000000	0.000000	0.174311	0.749966	0.000000	0.000000	0.000000	0.000000	0.000000	0.000000	0.075723	0.000000
13	tsk_13	(x)	1	:	0.000000	0.000000	0.000000	1.000000	0.000000	0.000000	0.000000	0.000000	0.000000	0.000000	0.000000	0.000000
14	tsk_14	(x)	1	:	0.000000	0.490510	0.212882	0.000000	0.000000	0.000000	0.000000	0.000000	0.000000	0.000000	0.296608	0.000000
15	tsk_15	(x)	1	:	0.000000	0.000000	0.192428	0.499955	0.000000	0.000000	0.000000	0.000000	0.000000	0.000000	0.307617	0.000000
16	tsk_16	(x)	1	:	0.000000	0.000000	0.000000	1.000000	0.000000	0.000000	0.000000	0.000000	0.000000	0.000000	0.000000	0.000000
17	tsk_17	(x)	1	:	0.000000	0.000000	0.098820	0.380984	0.000000	0.237739	0.000000	0.000000	0.000000	0.000000	0.282457	0.000000
18	tsk_18	(x)	1	:	0.000000	0.000000	0.110454	0.749966	0.000000	0.000000	0.000000	0.000000	0.000000	0.000000	0.139580	0.000000
19	tsk_19	(x)	1	:	0.000000	0.000000	0.160998	0.380984	0.000000	0.237739	0.000000	0.000000	0.000000	0.000000	0.220279	0.000000
20	tsk_20	(x)	1	:	0.000000	0.000000	0.787465	0.000000	0.000000	0.000000	0.000000	0.000000	0.000000	0.000000	0.212534	0.000000
21	tsk_21	(x)	1	:	0.000000	0.490510	0.121545	0.000000	0.000000	0.000000	0.000000	0.000000	0.000000	0.000000	0.387945	0.000000
22	tsk_22	(x)	1	:	0.000000	0.000000	0.289999	0.000000	0.500000	0.000000	0.000000	0.000000	0.000000	0.000000	0.210001	0.000000
23	tsk_23	(x)	1	:	0.000000	0.000000	0.234087	0.000000	0.000000	0.421671	0.000000	0.000000	0.000000	0.000000	0.344242	0.000000
24	tsk_24	(x)	1	:	0.000000	0.000000	0.467230	0.000000	0.000000	0.000000	0.000000	0.000000	0.000000	0.000000	0.532770	0.000000
25	tsk_25	(x)	1	:	0.000000	0.490510	0.283186	0.000000	0.000000	0.000000	0.000000	0.000000	0.000000	0.000000	0.226304	0.000000
26	tsk_26	(x)	1	:	0.000000	0.490510	0.114993	0.000000	0.000000	0.000000	0.000000	0.000000	0.000000	0.000000	0.394497	0.000000
27	tsk_27	(x)	1	:	0.000000	0.000000	0.465741	0.000000	0.000000	0.000000	0.000000	0.000000	0.000000	0.000000	0.534258	0.000000
28	tsk_28	(x)	1	:	0.000000	0.000000	0.356539	0.000000	0.000000	0.000000	0.000000	0.000000	0.000000	0.000000	0.643461	0.000000
29	tsk_29	(x)	1	:	0.000000	0.000000	0.253998	0.000000	0.000000	0.183319	0.000000	0.000000	0.000000	0.000000	0.562684	0.000000
30	tsk_30	(x)	1	:	0.000000	0.490009	0.000000	0.499747	0.000000	0.000000	0.000000	0.000000	0.000000	0.000000	0.010244	0.000000
31	tsk_31	(x)	1	:	0.000000	0.000000	0.000000	0.788355	0.000000	0.000000	0.000000	0.211645	0.000000	0.000000	0.000000	0.000000
32	tsk_32	(x)	1	:	0.000000	0.376195	0.000000	0.439584	0.000000	0.000000	0.000000	0.184221	0.000000	0.000000	0.000000	0.000000
33	tsk_33	(x)	1	:	0.000000	0.000000	0.142727	0.499300	0.000000	0.000000	0.000000	0.215247	0.000000	0.000000	0.142727	0.000000
34	tsk_34	(x)	1	:	0.000000	0.000000	0.038515	0.499989	0.000000	0.000000	0.000000	0.000000	0.461496	0.000000	0.000000	0.000000
35	tsk_35	(x)	1	:	0.000000	0.000000	0.142727	0.499300	0.000000	0.000000	0.000000	0.215247	0.000000	0.000000	0.142727	0.000000
36	tsk_36	(x)	1	:	0.000000	1.000000	0.000000	0.000000	0.000000	0.000000	0.000000	0.000000	0.000000	0.000000	0.000000	0.000000
37	tsk_37	(x)	1	:	0.000000	0.000000	0.060148	0.499984	0.000000	0.000000	0.000000	0.000000	0.000000	0.000000	0.072324	0.367543
38	tsk_38	(x)	1	:	0.000000	0.000000	0.126042	0.499955	0.000000	0.000000	0.000000	0.000000	0.000000	0.000000	0.374003	0.000000
39	tsk_39	(x)	1	:	0.000000	0.000000	0.107492	0.000000	0.000000	0.000000	0.000000	0.000000	0.000000	0.000000	0.524948	0.367559
40	tsk_40	(x)	1	:	0.000000	0.000000	0.000000	0.435887	0.000000	0.000000	0.000000	0.000000	0.564113	0.000000	0.000000	0.000000
41	tsk_41	(x)	1	:	0.000000	0.406420	0.000000	0.000000	0.000000	0.000000	0.000000	0.000000	0.593580	0.000000	0.000000	0.000000
42	tsk_42	(x)	1	:	0.000000	0.000000	0.593531	0.000000	0.000000	0.183319	0.000000	0.000000	0.000000	0.000000	0.223150	0.000000
43	tsk_43	(x)	1	:	0.000000	1.000000	0.000000	0.000000	0.000000	0.000000	0.000000	0.000000	0.000000	0.000000	0.000000	0.000000
44	tsk_44	(x)	1	:	0.000000	1.000000	0.000000	0.000000	0.000000	0.000000	0.000000	0.000000	0.000000	0.000000	0.000000	0.000000
45	tsk_45	(x)	1	:	0.000000	0.000000	0.060847	0.499985	0.000000	0.000000	0.000000	0.000000	0.000000	0.324641	0.114527	0.000000
46	tsk_46	(x)	1	:	0.000000	0.000000	0.288307	0.380984	0.000000	0.237739	0.000000	0.000000	0.000000	0.000000	0.092970	0.000000
47	tsk_47	(x)	1	:	0.000000	0.490510	0.242829	0.000000	0.000000	0.000000	0.000000	0.000000	0.000000	0.000000	0.266661	0.000000
48	tsk_48	(x)	1	:	0.000000	0.490510	0.069023	0.000000	0.000000	0.000000	0.000000	0.000000	0.000000	0.000000	0.440467	0.000000
49	tsk_49	(x)	1	:	0.000000	1.000000	0.000000	0.000000	0.000000	0.000000	0.000000	0.000000	0.000000	0.000000	0.000000	0.000000
50	tsk_50	(x)	1	:	0.000000	0.000000	0.187900	0.000000	0.000000	0.421671	0.000000	0.000000	0.000000	0.000000	0.390429	0.000000
51	tsk_51	(x)	1	:	0.000000	0.000000	0.029434	0.499990	0.000000	0.000000	0.000000	0.000000	0.461496	0.000000	0.009080	0.000000
52	tsk_52	(x)	1	:	0.000000	0.000000	0.187378	0.000000	0.000000	0.421671	0.000000	0.000000	0.000000	0.000000	0.390951	0.000000
53	tsk_53	(x)	1	:	0.485506	0.000000	0.258093	0.000000	0.000000	0.000000	0.000000	0.000000	0.000000	0.000000	0.256401	0.000000
54	tsk_54	(x)	1	:	0.000000	0.000000	0.242908	0.000000	0.000000	0.421671	0.000000	0.000000	0.000000	0.000000	0.335421	0.000000
55	tsk_55	(x)	1	:	0.000000	0.000000	0.301832	0.000000	0.000000	0.000000	0.000000	0.183150	0.462798	0.000000	0.052220	0.000000
56	tsk_56	(x)	1	:	0.000000	0.000000	0.250723	0.000000	0.000000	0.000000	0.000000	0.000000	0.000000	0.000000	0.749277	0.000000
57	tsk_57	(x)	1	:	0.000000	0.000000	0.264891	0.499955	0.000000	0.000000	0.000000	0.000000	0.000000	0.000000	0.235154	0.000000
58	tsk_58	(x)	1	:	0.000000	0.000000	0.182362	0.499955	0.000000	0.000000	0.000000	0.000000	0.000000	0.000000	0.317683	0.000000
59	tsk_59	(x)	1	:	0.000000	0.000000	0.468109	0.000000	0.000000	0.000000	0.000000	0.000000	0.000000	0.000000	0.531891	0.000000
60	tsk_60	(x)	1	:	0.485661	0.000000	0.008195	0.000000	0.500155	0.000000	0.000000	0.000000	0.000000	0.000000	0.005989	0.000000
61	tsk_61	(x)	1	:	0.000000	0.000000	0.000000	0.000000	0.550809	0.000000	0.449191	0.000000	0.000000	0.000000	0.000000	0.000000
62	tsk_62	(x)	1	:	0.485478	0.000000	0.073788	0.000000	0.000000	0.000000	0.000000	0.000000	0.000000	0.324655	0.116078	0.000000
63	tsk_63	(x)	1	:	0.000000	0.000000	0.173908	0.499955	0.000000	0.000000	0.000000	0.000000	0.000000	0.000000	0.326137	0.000000
64	tsk_64	(x)	1	:	0.000000	0.000000	0.000000	0.000000	1.000000	0.000000	0.000000	0.000000	0.000000	0.000000	0.000000	0.000000
65	tsk_65	(x)	1	:	0.000000	0.000000	0.000000	0.499998	0.500002	0.000000	0.000000	0.000000	0.000000	0.000000	0.000000	0.000000
66	tsk_66	(x)	1	:	0.000000	0.000000	0.000000	0.499998	0.500002	0.000000	0.000000	0.000000	0.000000	0.000000	0.000000	0.000000
67	tsk_67	(x)	1	:	0.000000	0.000000	0.000000	0.463100	0.000000	0.000000	0.000000	0.000000	0.392523	0.144377	0.000000	0.000000
68	tsk_68	(x)	1	:	0.000000	0.000000	0.123415	0.499955	0.000000	0.000000	0.000000	0.000000	0.000000	0.000000	0.376630	0.000000
69	tsk_69	(x)	1	:	0.000000	0.489996	0.002894	0.000000	0.499485	0.000000	0.000000	0.000000	0.000000	0.000000	0.007626	0.000000
70	tsk_70	(x)	1	:	0.000000	0.000000	0.286799	0.499955	0.000000	0.000000	0.000000	0.000000	0.000000	0.000000	0.213246	0.000000
71	tsk_71	(x)	1	:	0.000000	0.000000	0.225327	0.380984	0.000000	0.237739	0.000000	0.000000	0.000000	0.000000	0.155950	0.000000
72	tsk_72	(x)	1	:	0.000000	0.000000	0.413724	0.000000	0.000000	0.000000	0.000000	0.000000	0.461510	0.000000	0.124765	0.000000
73	tsk_73	(x)	1	:	0.000000	0.000000	0.239509	0.000000	0.000000	0.000000	0.416925	0.000000	0.000000	0.000000	0.343566	0.000000
74	tsk_74	(x)	1	:	0.000000	0.000000	0.230706	0.499955	0.000000	0.000000	0.000000	0.000000	0.000000	0.000000	0.269339	0.000000
75	tsk_75	(x)	1	:	0.000000	0.000000	0.000000	0.000000	0.000000	0.000000	0.000000	0.000000	1.000000	0.000000	0.000000	0.000000
76	tsk_76	(x)	1	:	0.000000	0.000000	0.000000	1.000000	0.000000	0.000000	0.000000	0.000000	0.000000	0.000000	0.000000	0.000000
77	tsk_77	(x)	1	:	0.000000	0.000000	0.239604	0.000000	0.000000	0.000000	0.416925	0.000000	0.000000	0.000000	0.343471	0.000000
78	tsk_78	(x)	1	:	0.000000	0.000000	0.000000	1.000000	0.000000	0.000000	0.000000	0.000000	0.000000	0.000000	0.000000	0.000000
79	tsk_79	(x)	1	:	0.000000	0.000000	0.243134	0.380984	0.000000	0.237739	0.000000	0.000000	0.000000	0.000000	0.138143	0.000000
80	tsk_80	(x)	1	:	0.000000	0.000000	0.000000	0.000000	0.000000	0.000000	0.000000	0.000000	0.000000	0.000000	0.000000	1.000000
81	tsk_81	(x)	1	:	0.000000	0.000000	0.269957	0.000000	0.000000	0.000000	0.000000	0.000000	0.000000	0.000000	0.012992	0.717051
82	tsk_82	(x)	1	:	0.000000	0.000000	0.000000	0.000000	0.000000	0.000000	0.000000	0.000000	0.000000	0.000000	0.000000	1.000000
83	tsk_83	(x)	1	:	0.000000	0.000000	0.076646	0.000000	0.000000	0.000000	0.000000	0.000000	0.000000	0.000000	0.555795	0.367559
84	tsk_84	(x)	1	:	0.000000	0.000000	0.233782	0.000000	0.000000	0.000000	0.000000	0.000000	0.000000	0.000000	0.398659	0.367559
85	tsk_85	(x)	1	:	0.000000	0.000000	0.283276	0.000000	0.000000	0.421671	0.000000	0.000000	0.000000	0.000000	0.295053	0.000000
86	tsk_86	(x)	1	:	0.000000	0.000000	0.234606	0.000000	0.000000	0.183319	0.000000	0.000000	0.000000	0.000000	0.582075	0.000000
87	tsk_87	(x)	1	:	0.000000	0.000000	0.000000	0.000000	0.000000	0.000000	0.430613	0.000000	0.000000	0.000000	0.000000	0.569387
88	tsk_88	(x)	1	:	0.000000	0.000000	0.000000	0.000000	0.500000	0.000000	0.000000	0.000000	0.000000	0.000000	0.500000	0.000000
89	tsk_89	(x)	1	:	0.000000	0.000000	0.000000	0.000000	0.000000	0.000000	0.000000	0.000000	0.000000	0.000000	0.000000	1.000000
90	tsk_90	(x)	1	:	0.000000	0.000000	0.360023	0.000000	0.000000	0.421671	0.000000	0.000000	0.000000	0.000000	0.218305	0.000000
91	tsk_91	(x)	1	:	0.000000	0.000000	0.000000	0.495441	0.000000	0.354881	0.000000	0.149678	0.000000	0.000000	0.000000	0.000000
92	tsk_92	(x)	1	:	0.000000	0.000000	0.475029	0.000000	0.000000	0.000000	0.000000	0.217160	0.000000	0.000000	0.307811	0.000000
93	tsk_93	(x)	1	:	0.000000	0.000000	0.211293	0.000000	0.000000	0.421883	0.000000	0.217408	0.000000	0.000000	0.149416	0.000000
94	tsk_94	(x)	1	:	0.000000	0.000000	0.320788	0.000000	0.000000	0.421671	0.000000	0.000000	0.000000	0.000000	0.257541	0.000000
95	tsk_95	(x)	1	:	0.000000	0.000000	0.000000	0.000000	0.000000	1.000000	0.000000	0.000000	0.000000	0.000000	0.000000	0.000000
96	tsk_96	(x)	1	:	0.000000	0.000000	0.091758	0.000000	0.000000	0.000000	0.000000	0.450944	0.000000	0.000000	0.457297	0.000000
97	tsk_97	(x)	1	:	0.000000	0.000000	0.219673	0.000000	0.000000	0.421883	0.000000	0.217408	0.000000	0.000000	0.141037	0.000000
98	tsk_98	(x)	1	:	0.000000	0.000000	0.000000	0.495441	0.000000	0.354881	0.000000	0.149678	0.000000	0.000000	0.000000	0.000000
99	tsk_99	(x)	1	:	0.000000	0.000000	0.091557	0.000000	0.000000	0.565219	0.000000	0.000000	0.000000	0.000000	0.343224	0.000000
100	tsk_100	(x)	1	:	0.000000	0.000000	0.374492	0.000000	0.000000	0.000000	0.000000	0.000000	0.461510	0.000000	0.163998	0.000000
101	tsk_101	(x)	1	:	0.000000	0.000000	0.109015	0.000000	0.000000	0.000000	0.000000	0.000000	0.000000	0.000000	0.890985	0.000000
102	tsk_102	(x)	1	:	0.000000	0.490510	0.094898	0.000000	0.000000	0.000000	0.000000	0.000000	0.000000	0.000000	0.414592	0.000000
103	tsk_103	(x)	1	:	0.000000	1.000000	0.000000	0.000000	0.000000	0.000000	0.000000	0.000000	0.000000	0.000000	0.000000	0.000000
104	tsk_104	(x)	1	:	0.000000	0.000000	0.341824	0.000000	0.000000	0.000000	0.000000	0.000000	0.000000	0.000000	0.658175	0.000000
105	tsk_105	(x)	1	:	0.000000	0.490510	0.038921	0.000000	0.000000	0.000000	0.000000	0.000000	0.000000	0.000000	0.470569	0.000000
106	tsk_106	(x)	1	:	0.000000	0.000000	0.467422	0.000000	0.000000	0.000000	0.000000	0.000000	0.000000	0.000000	0.532578	0.000000
107	tsk_107	(x)	1	:	0.000000	0.000000	0.311044	0.000000	0.000000	0.000000	0.000000	0.000000	0.000000	0.000000	0.688956	0.000000
108	tsk_108	(x)	1	:	0.000000	0.000000	0.512913	0.000000	0.000000	0.000000	0.000000	0.000000	0.000000	0.000000	0.487087	0.000000
109	tsk_109	(x)	1	:	0.000000	0.000000	0.587038	0.000000	0.000000	0.000000	0.000000	0.000000	0.000000	0.000000	0.412962	0.000000
110	tsk_110	(x)	1	:	0.485687	0.000000	0.008110	0.000000	0.500181	0.000000	0.000000	0.000000	0.000000	0.000000	0.006022	0.000000
111	tsk_111	(x)	1	:	0.495164	0.000000	0.000000	0.504836	0.000000	0.000000	0.000000	0.000000	0.000000	0.000000	0.000000	0.000000
112	tsk_112	(x)	1	:	0.000000	0.000000	0.269387	0.499955	0.000000	0.000000	0.000000	0.000000	0.000000	0.000000	0.230658	0.000000
113	tsk_113	(x)	1	:	0.000000	0.000000	0.304067	0.000000	0.500000	0.000000	0.000000	0.000000	0.000000	0.000000	0.195933	0.000000
114	tsk_114	(x)	1	:	0.000000	0.000000	0.079533	0.000000	0.000000	0.000000	0.000000	0.000000	0.000000	0.000000	0.920467	0.000000
115	tsk_115	(x)	1	:	0.000000	0.000000	0.000000	1.000000	0.000000	0.000000	0.000000	0.000000	0.000000	0.000000	0.000000	0.000000
116	tsk_116	(x)	1	:	0.000000	0.000000	0.000000	0.000000	1.000000	0.000000	0.000000	0.000000	0.000000	0.000000	0.000000	0.000000
117	tsk_117	(x)	1	:	0.408344	0.000000	0.000000	0.460049	0.000000	0.000000	0.000000	0.000000	0.000000	0.131607	0.000000	0.000000
118	tsk_118	(x)	1	:	0.000000	0.000000	0.191646	0.499955	0.000000	0.000000	0.000000	0.000000	0.000000	0.000000	0.308399	0.000000
119	tsk_119	(x)	1	:	0.000000	0.000000	0.525848	0.000000	0.000000	0.000000	0.000000	0.000000	0.000000	0.000000	0.474152	0.000000
120	tsk_120	(x)	1	:	0.000000	0.000000	0.194238	0.499955	0.000000	0.000000	0.000000	0.000000	0.000000	0.000000	0.305807	0.000000
121	tsk_121	(x)	1	:	0.000000	0.000000	0.036994	0.000000	0.000000	0.000000	0.000000	0.000000	0.461482	0.485440	0.016085	0.000000
122	tsk_122	(x)	1	:	0.000000	0.000000	0.183913	0.000000	0.000000	0.000000	0.503678	0.000000	0.000000	0.000000	0.312409	0.000000
123	tsk_123	(x)	1	:	0.000000	0.000000	0.232724	0.000000	0.000000	0.000000	0.503674	0.000000	0.000000	0.000000	0.263602	0.000000
124	tsk_124	(x)	1	:	0.000000	0.000000	0.214624	0.000000	0.000000	0.000000	0.000000	0.000000	0.461500	0.155967	0.167909	0.000000
125	tsk_125	(x)	1	:	0.000000	0.000000	0.093384	0.000000	0.000000	0.000000	0.503675	0.000000	0.000000	0.000000	0.402941	0.000000
126	tsk_126	(x)	1	:	0.000000	0.490510	0.145734	0.000000	0.000000	0.000000	0.000000	0.000000	0.000000	0.000000	0.363756	0.000000
127	tsk_127	(x)	1	:	0.000000	0.000000	0.514700	0.000000	0.000000	0.000000	0.000000	0.000000	0.000000	0.000000	0.485300	0.000000
128	tsk_128	(x)	1	:	0.000000	0.000000	0.409621	0.000000	0.000000	0.000000	0.000000	0.000000	0.000000	0.000000	0.590379	0.000000
129	tsk_129	(x)	1	:	0.000000	0.000000	0.454132	0.000000	0.000000	0.000000	0.000000	0.000000	0.000000	0.000000	0.545868	0.000000
130	tsk_130	(x)	1	:	0.000000	0.000000	0.268852	0.249996	0.000000	0.000000	0.000000	0.000000	0.461507	0.000000	0.019645	0.000000
131	tsk_131	(x)	1	:	0.000000	0.000000	0.000000	0.000000	0.000000	0.000000	0.000000	0.000000	1.000000	0.000000	0.000000	0.000000
132	tsk_132	(x)	1	:	0.000000	0.000000	0.227559	0.249996	0.000000	0.000000	0.000000	0.000000	0.461507	0.000000	0.060939	0.000000
133	tsk_133	(x)	1	:	0.000000	0.000000	0.236839	0.249996	0.000000	0.000000	0.000000	0.000000	0.461507	0.000000	0.051658	0.000000
134	tsk_134	(x)	1	:	0.000000	0.000000	0.112738	0.749966	0.000000	0.000000	0.000000	0.000000	0.000000	0.000000	0.137296	0.000000
135	tsk_135	(x)	1	:	0.000000	0.000000	0.386999	0.000000	0.000000	0.000000	0.000000	0.000000	0.000000	0.000000	0.008429	0.604572
136	tsk_136	(x)	1	:	0.000000	0.000000	0.012253	0.499989	0.000000	0.000000	0.000000	0.000000	0.461496	0.000000	0.026262	0.000000
137	tsk_137	(x)	1	:	0.000000	0.000000	0.185272	0.422192	0.000000	0.154869	0.000000	0.000000	0.000000	0.000000	0.237666	0.000000
138	tsk_138	(x)	1	:	0.000000	0.000000	0.123613	0.249996	0.000000	0.000000	0.000000	0.000000	0.461507	0.000000	0.164884	0.000000
139	tsk_139	(x)	1	:	0.000000	0.000000	0.000000	0.000000	0.000000	0.000000	0.000000	0.000000	1.000000	0.000000	0.000000	0.000000
140	tsk_140	(x)	1	:	1.000000	0.000000	0.000000	0.000000	0.000000	0.000000	0.000000	0.000000	0.000000	0.000000	0.000000	0.000000
141	tsk_141	(x)	1	:	0.485477	0.000000	0.000000	0.000000	0.000000	0.421657	0.000000	0.000000	0.000000	0.000000	0.092866	0.000000
142	tsk_142	(x)	1	:	0.600828	0.399172	0.000000	0.000000	0.000000	0.000000	0.000000	0.000000	0.000000	0.000000	0.000000	0.000000
143	tsk_143	(x)	1	:	0.000000	0.000000	0.391827	0.000000	0.000000	0.183319	0.000000	0.000000	0.000000	0.000000	0.424855	0.000000
144	tsk_144	(x)	1	:	0.000000	0.000000	0.587705	0.000000	0.000000	0.000000	0.000000	0.000000	0.000000	0.000000	0.412295	0.000000
145	tsk_145	(x)	1	:	1.000000	0.000000	0.000000	0.000000	0.000000	0.000000	0.000000	0.000000	0.000000	0.000000	0.000000	0.000000
146	tsk_146	(x)	1	:	0.485506	0.000000	0.215634	0.000000	0.000000	0.000000	0.000000	0.000000	0.000000	0.000000	0.298861	0.000000
147	tsk_147	(x)	1	:	0.485506	0.000000	0.232480	0.000000	0.000000	0.000000	0.000000	0.000000	0.000000	0.000000	0.282015	0.000000
148	tsk_148	(x)	1	:	0.485506	0.000000	0.323506	0.000000	0.000000	0.000000	0.000000	0.000000	0.000000	0.000000	0.190988	0.000000
149	tsk_149	(x)	1	:	0.485507	0.000000	0.163288	0.249995	0.000000	0.000000	0.000000	0.000000	0.000000	0.000000	0.101211	0.000000
