logL = -1717.835496 (converged)
AIC = 4985.670992
BIC = 7318.913345

count.K
30 16 36 18 50 

