logL = -763.578691 (converged)
AIC = 5231.157382
BIC = 10806.853947

count.K
74 21 1 9 21 0 5 5 4 1 9 

