logL = -1401.209037 (converged)
AIC = 4890.418074
BIC = 8033.521321

count.K
32 30 14 18 34 22 

