logL = -1356.071077 (converged)
AIC = 3860.142153
BIC = 5588.246812

count.K
34 49 52 15 

