logL = -1223.567929 (converged)
AIC = 3977.135858
BIC = 6280.271858

count.K
26 36 53 5 30 

