logL = -1154.951128 (converged)
AIC = 3529.902256
BIC = 5366.389785

count.K
21 81 36 12 

