logL = -1655.659676 (converged)
AIC = 5601.319351
BIC = 9048.496763

count.K
2 0 36 14 18 36 44 

