logL = -2032.312515 (converged)
AIC = 5404.625030
BIC = 7421.750677

count.K
65 38 31 16 

