logL = -1368.525204 (converged)
AIC = 8377.050408
BIC = 16867.041937

count.K
19 31 12 2 17 10 13 10 13 4 3 4 4 2 6 

