logL = -1261.768891 (converged)
AIC = 7833.537783
BIC = 15826.774489

count.K
20 14 6 1 5 1 7 38 5 4 0 19 15 1 14 

