0	tsk_0	(x)	1	:	0.499481	0.000000	0.003347	0.000000	0.000000	0.000000	0.000000	0.000000	0.493320	0.000000	0.003852
1	tsk_1	(x)	1	:	0.000000	0.500000	0.372438	0.000000	0.000000	0.000000	0.000000	0.000000	0.000000	0.000000	0.127562
2	tsk_2	(x)	1	:	0.000000	0.249209	0.030807	0.000000	0.000000	0.448768	0.000000	0.000000	0.000000	0.000000	0.271216
3	tsk_3	(x)	1	:	0.500988	0.000000	0.003845	0.000000	0.000000	0.000000	0.000000	0.000000	0.493472	0.000000	0.001695
4	tsk_4	(x)	1	:	1.000000	0.000000	0.000000	0.000000	0.000000	0.000000	0.000000	0.000000	0.000000	0.000000	0.000000
5	tsk_5	(x)	1	:	0.000000	0.000000	0.368780	0.000000	0.000000	0.000000	0.000000	0.000000	0.000000	0.000000	0.631220
6	tsk_6	(x)	1	:	0.500089	0.000000	0.051259	0.000000	0.319688	0.000000	0.000000	0.000000	0.000000	0.000000	0.128964
7	tsk_7	(x)	1	:	0.000000	1.000000	0.000000	0.000000	0.000000	0.000000	0.000000	0.000000	0.000000	0.000000	0.000000
8	tsk_8	(x)	1	:	0.000000	0.500000	0.338153	0.000000	0.000000	0.000000	0.000000	0.000000	0.000000	0.000000	0.161847
9	tsk_9	(x)	1	:	0.000000	0.500000	0.200996	0.000000	0.000000	0.000000	0.000000	0.000000	0.000000	0.000000	0.299004
10	tsk_10	(x)	1	:	0.000000	0.500000	0.479767	0.000000	0.000000	0.000000	0.000000	0.000000	0.000000	0.000000	0.020233
11	tsk_11	(x)	1	:	0.500000	0.000000	0.041924	0.000000	0.000000	0.000000	0.000000	0.000000	0.000000	0.000000	0.458076
12	tsk_12	(x)	1	:	0.000000	0.000000	0.000000	0.000000	1.000000	0.000000	0.000000	0.000000	0.000000	0.000000	0.000000
13	tsk_13	(x)	1	:	0.496895	0.499691	0.003414	0.000000	0.000000	0.000000	0.000000	0.000000	0.000000	0.000000	0.000000
14	tsk_14	(x)	1	:	0.000000	0.000000	0.055025	0.000000	0.000000	0.000000	0.000000	0.000000	0.000000	0.000000	0.944974
15	tsk_15	(x)	1	:	0.000000	0.000000	0.000000	0.000000	0.594442	0.000000	0.405554	0.000000	0.000000	0.000000	0.000004
16	tsk_16	(x)	1	:	0.000000	0.000000	0.000000	0.000000	1.000000	0.000000	0.000000	0.000000	0.000000	0.000000	0.000000
17	tsk_17	(x)	1	:	0.000000	0.000000	0.215711	0.000000	0.000000	0.000000	0.000000	0.000000	0.000000	0.000000	0.784288
18	tsk_18	(x)	1	:	0.000000	0.500000	0.375194	0.000000	0.000000	0.000000	0.000000	0.000000	0.000000	0.000000	0.124806
19	tsk_19	(x)	1	:	0.000000	0.000000	0.040966	0.000000	0.571664	0.000000	0.000000	0.000000	0.000000	0.000000	0.387370
20	tsk_20	(x)	1	:	0.000000	0.000000	0.099714	0.000000	0.000000	0.000000	0.000000	0.000000	0.000000	0.400321	0.499965
21	tsk_21	(x)	1	:	0.000000	0.000000	0.035614	0.000000	0.000000	0.000000	0.000000	0.000000	0.000000	0.000000	0.964385
22	tsk_22	(x)	1	:	0.000000	0.000000	0.505555	0.000000	0.000000	0.000000	0.000000	0.000000	0.000000	0.000000	0.494445
23	tsk_23	(x)	1	:	0.000000	0.000000	0.052070	0.000000	0.000000	0.000000	0.000000	0.000000	0.000000	0.400321	0.547609
24	tsk_24	(x)	1	:	0.000000	0.000000	0.001200	0.000000	0.450779	0.000000	0.000000	0.000000	0.000000	0.543036	0.004986
25	tsk_25	(x)	1	:	0.000000	0.000000	0.254587	0.000000	0.000000	0.000000	0.000000	0.000000	0.000000	0.000000	0.745413
26	tsk_26	(x)	1	:	0.000000	0.000000	0.058298	0.000000	0.000000	0.000000	0.000000	0.000000	0.000000	0.000000	0.941702
27	tsk_27	(x)	1	:	0.000000	0.000000	0.103433	0.000000	0.000000	0.000000	0.000000	0.000000	0.000000	0.000000	0.896567
28	tsk_28	(x)	1	:	0.000000	0.000000	0.191583	0.000000	0.000000	0.000000	0.000000	0.000000	0.000000	0.000000	0.808417
29	tsk_29	(x)	1	:	0.000000	0.000000	0.224928	0.000000	0.000000	0.000000	0.000000	0.000000	0.000000	0.000000	0.775072
30	tsk_30	(x)	1	:	0.000000	0.000000	0.303648	0.000000	0.000000	0.000000	0.000000	0.000000	0.502051	0.000000	0.194301
31	tsk_31	(x)	1	:	0.000000	0.000000	0.000000	0.000002	0.000000	0.000000	0.000000	0.000000	0.999998	0.000000	0.000000
32	tsk_32	(x)	1	:	0.000000	0.500000	0.405469	0.000000	0.000000	0.000000	0.000000	0.000000	0.000000	0.000000	0.094531
33	tsk_33	(x)	1	:	0.000000	0.000000	0.208662	0.000000	0.319654	0.000000	0.000000	0.000000	0.000000	0.000000	0.471683
34	tsk_34	(x)	1	:	0.000000	0.488119	0.000000	0.000000	0.000000	0.000000	0.000000	0.000000	0.511881	0.000000	0.000000
35	tsk_35	(x)	1	:	0.000000	0.000000	0.000000	0.000000	0.000000	0.000000	0.000000	0.000000	1.000000	0.000000	0.000000
36	tsk_36	(x)	1	:	0.000000	0.000000	0.064924	0.000000	0.000000	0.000000	0.000000	0.000000	0.502051	0.000000	0.433025
37	tsk_37	(x)	1	:	0.000000	0.485984	0.000000	0.000000	0.000000	0.000000	0.000000	0.000000	0.000000	0.514016	0.000000
38	tsk_38	(x)	1	:	0.000000	1.000000	0.000000	0.000000	0.000000	0.000000	0.000000	0.000000	0.000000	0.000000	0.000000
39	tsk_39	(x)	1	:	0.000000	1.000000	0.000000	0.000000	0.000000	0.000000	0.000000	0.000000	0.000000	0.000000	0.000000
40	tsk_40	(x)	1	:	0.000000	0.000000	0.274931	0.513185	0.000000	0.000000	0.000000	0.000000	0.000000	0.000000	0.211884
41	tsk_41	(x)	1	:	0.000000	0.000000	0.078795	0.000000	0.000000	0.000000	0.000000	0.000000	0.000000	0.000000	0.921205
42	tsk_42	(x)	1	:	0.000000	0.000000	0.001134	0.508362	0.489172	0.000000	0.000000	0.000000	0.000000	0.000000	0.001332
43	tsk_43	(x)	1	:	0.000000	0.000000	0.089135	0.000000	0.000000	0.000000	0.000000	0.000000	0.000000	0.000000	0.910865
44	tsk_44	(x)	1	:	0.000000	0.000000	0.247948	0.000000	0.000000	0.000000	0.000000	0.000000	0.000000	0.000000	0.752052
45	tsk_45	(x)	1	:	0.000000	0.000000	0.039613	0.000000	0.000000	0.000000	0.000000	0.000000	0.000000	0.400321	0.560066
46	tsk_46	(x)	1	:	0.000000	0.000000	0.184751	0.513185	0.000000	0.000000	0.000000	0.000000	0.000000	0.000000	0.302064
47	tsk_47	(x)	1	:	0.000000	0.000000	0.118747	0.000000	0.000000	0.000000	0.000000	0.485406	0.000000	0.000000	0.395846
48	tsk_48	(x)	1	:	0.000000	0.000000	0.084517	0.483593	0.000000	0.000000	0.000000	0.000000	0.000000	0.414779	0.017111
49	tsk_49	(x)	1	:	0.000000	0.000000	0.065027	0.000000	0.000000	0.000000	0.000000	0.000000	0.000000	0.000000	0.934973
50	tsk_50	(x)	1	:	0.000000	0.000000	0.000019	0.000000	0.548798	0.000000	0.000000	0.451119	0.000000	0.000000	0.000064
51	tsk_51	(x)	1	:	0.000000	0.000000	0.038206	0.000000	0.000000	0.000000	0.000000	0.485406	0.000000	0.000000	0.476388
52	tsk_52	(x)	1	:	0.000000	0.000000	0.072027	0.000000	0.000000	0.000000	0.000000	0.485406	0.000000	0.000000	0.442567
53	tsk_53	(x)	1	:	0.500000	0.000000	0.090123	0.000000	0.000000	0.000000	0.000000	0.000000	0.000000	0.000000	0.409877
54	tsk_54	(x)	1	:	0.000000	0.000000	0.001137	0.000000	0.520569	0.000000	0.000000	0.475250	0.000000	0.000000	0.003045
55	tsk_55	(x)	1	:	0.000000	0.500000	0.454437	0.000000	0.000000	0.000000	0.000000	0.000000	0.000000	0.000000	0.045563
56	tsk_56	(x)	1	:	0.000000	0.000000	0.145545	0.000000	0.571664	0.000000	0.000000	0.000000	0.000000	0.000000	0.282791
57	tsk_57	(x)	1	:	0.000000	0.000000	0.103798	0.000000	0.571664	0.000000	0.000000	0.000000	0.000000	0.000000	0.324538
58	tsk_58	(x)	1	:	0.000000	0.000000	0.000009	0.000000	0.548800	0.000000	0.000000	0.451122	0.000000	0.000000	0.000069
59	tsk_59	(x)	1	:	0.000000	0.000000	0.000000	0.000000	1.000000	0.000000	0.000000	0.000000	0.000000	0.000000	0.000000
60	tsk_60	(x)	1	:	0.000000	0.000000	0.116516	0.000000	0.000000	0.000000	0.000000	0.000000	0.000000	0.000000	0.883484
61	tsk_61	(x)	1	:	0.000000	0.000000	0.047811	0.000000	0.000000	0.000000	0.000000	0.329072	0.000000	0.000000	0.623117
62	tsk_62	(x)	1	:	0.000000	0.500000	0.415235	0.000000	0.000000	0.000000	0.000000	0.000000	0.000000	0.000000	0.084765
63	tsk_63	(x)	1	:	0.000000	0.000000	0.148445	0.000000	0.000000	0.000000	0.000000	0.329072	0.000000	0.000000	0.522482
64	tsk_64	(x)	1	:	0.000000	0.000000	0.066980	0.000000	0.000000	0.000000	0.000000	0.000000	0.000000	0.000000	0.933019
65	tsk_65	(x)	1	:	0.000000	0.000000	0.114322	0.000000	0.000000	0.000000	0.000000	0.000000	0.000000	0.000000	0.885678
66	tsk_66	(x)	1	:	0.000000	0.500000	0.388242	0.000000	0.000000	0.000000	0.000000	0.000000	0.000000	0.000000	0.111758
67	tsk_67	(x)	1	:	0.000000	0.000000	0.286818	0.000000	0.000000	0.000000	0.000000	0.000000	0.000000	0.000000	0.713182
68	tsk_68	(x)	1	:	0.000000	0.000000	0.102338	0.000000	0.000000	0.000000	0.000000	0.000000	0.000000	0.000000	0.897662
69	tsk_69	(x)	1	:	0.000000	0.000000	0.124163	0.000000	0.000000	0.000000	0.000000	0.000000	0.000000	0.000000	0.875836
70	tsk_70	(x)	1	:	0.000000	0.000000	0.094001	0.000000	0.000000	0.000000	0.000000	0.485406	0.000000	0.000000	0.420593
71	tsk_71	(x)	1	:	0.000000	0.000000	0.000000	0.000000	0.625461	0.000000	0.000000	0.374539	0.000000	0.000000	0.000000
72	tsk_72	(x)	1	:	0.000000	0.000000	0.186119	0.000000	0.000000	0.000000	0.000000	0.000000	0.000000	0.000000	0.813881
73	tsk_73	(x)	1	:	0.000000	0.000000	0.259594	0.000000	0.000000	0.000000	0.000000	0.000000	0.000000	0.000000	0.740405
74	tsk_74	(x)	1	:	0.000000	0.000000	0.034329	0.000000	0.000000	0.000000	0.000000	0.485406	0.000000	0.000000	0.480264
75	tsk_75	(x)	1	:	0.000000	0.499890	0.012139	0.000000	0.000000	0.000000	0.000000	0.484278	0.000000	0.000000	0.003693
76	tsk_76	(x)	1	:	0.000000	0.000000	0.361985	0.482280	0.000000	0.000000	0.000000	0.000000	0.000000	0.000000	0.155735
77	tsk_77	(x)	1	:	0.000000	0.000000	0.000000	0.000000	0.000000	0.000000	0.000000	1.000000	0.000000	0.000000	0.000000
78	tsk_78	(x)	1	:	0.000000	0.500000	0.343992	0.000000	0.000000	0.000000	0.000000	0.000000	0.000000	0.000000	0.156008
79	tsk_79	(x)	1	:	0.000000	0.000000	0.208625	0.000000	0.000000	0.000000	0.000000	0.000000	0.000000	0.000000	0.791375
80	tsk_80	(x)	1	:	0.000000	0.500000	0.411906	0.000000	0.000000	0.000000	0.000000	0.000000	0.000000	0.000000	0.088094
81	tsk_81	(x)	1	:	0.000000	0.000000	0.000000	0.000000	0.000000	0.000000	1.000000	0.000000	0.000000	0.000000	0.000000
82	tsk_82	(x)	1	:	0.000000	0.000000	0.018615	0.000000	0.000000	0.000000	0.372885	0.000000	0.000000	0.000000	0.608500
83	tsk_83	(x)	1	:	0.500000	0.000000	0.061350	0.000000	0.000000	0.000000	0.000000	0.000000	0.000000	0.000000	0.438650
84	tsk_84	(x)	1	:	0.000000	0.000000	0.157437	0.000000	0.000000	0.000000	0.000000	0.000000	0.000000	0.000000	0.842563
85	tsk_85	(x)	1	:	0.000000	0.511614	0.000000	0.000000	0.000000	0.000009	0.488376	0.000000	0.000000	0.000000	0.000000
86	tsk_86	(x)	1	:	0.000000	0.000000	0.037296	0.000000	0.000000	0.000000	0.000000	0.000000	0.000000	0.400321	0.562383
87	tsk_87	(x)	1	:	0.000000	0.503274	0.000000	0.000000	0.000000	0.000000	0.496726	0.000000	0.000000	0.000000	0.000000
88	tsk_88	(x)	1	:	0.000000	0.000000	0.000000	0.000000	0.561714	0.000000	0.438286	0.000000	0.000000	0.000000	0.000000
89	tsk_89	(x)	1	:	0.000000	0.000000	0.074468	0.000000	0.000000	0.000000	0.000000	0.000000	0.000000	0.000000	0.925532
90	tsk_90	(x)	1	:	0.487365	0.000000	0.000402	0.511857	0.000000	0.000000	0.000000	0.000000	0.000000	0.000000	0.000375
91	tsk_91	(x)	1	:	0.484972	0.000000	0.000000	0.510240	0.000000	0.000000	0.000000	0.000000	0.000000	0.000000	0.004788
92	tsk_92	(x)	1	:	0.000000	0.005803	0.000000	0.000000	0.000000	0.994197	0.000000	0.000000	0.000000	0.000000	0.000000
93	tsk_93	(x)	1	:	0.500000	0.000000	0.146761	0.000000	0.000000	0.000000	0.000000	0.000000	0.000000	0.000000	0.353238
94	tsk_94	(x)	1	:	0.500000	0.000000	0.233571	0.000000	0.000000	0.000000	0.000000	0.000000	0.000000	0.000000	0.266429
95	tsk_95	(x)	1	:	1.000000	0.000000	0.000000	0.000000	0.000000	0.000000	0.000000	0.000000	0.000000	0.000000	0.000000
96	tsk_96	(x)	1	:	0.000000	0.000000	0.000000	0.511809	0.000000	0.000000	0.000000	0.000000	0.000000	0.000000	0.488191
97	tsk_97	(x)	1	:	0.000000	0.000000	0.000974	0.000000	0.450356	0.000000	0.000000	0.000000	0.000000	0.542547	0.006123
98	tsk_98	(x)	1	:	0.000000	0.000000	0.000000	0.000000	0.000000	0.000000	0.000000	1.000000	0.000000	0.000000	0.000000
99	tsk_99	(x)	1	:	0.000000	0.000000	0.000000	0.000000	0.000000	0.000000	0.000000	1.000000	0.000000	0.000000	0.000000
100	tsk_100	(x)	1	:	0.000000	0.000000	0.000000	0.000000	1.000000	0.000000	0.000000	0.000000	0.000000	0.000000	0.000000
101	tsk_101	(x)	1	:	0.000000	0.524979	0.001390	0.000000	0.473631	0.000000	0.000000	0.000000	0.000000	0.000000	0.000000
102	tsk_102	(x)	1	:	0.000000	0.000000	0.056848	0.000000	0.856515	0.000000	0.000000	0.000000	0.000000	0.000000	0.086637
103	tsk_103	(x)	1	:	0.000000	0.488505	0.000000	0.000000	0.511495	0.000000	0.000000	0.000000	0.000000	0.000000	0.000000
104	tsk_104	(x)	1	:	0.000000	0.000000	0.000000	0.000000	1.000000	0.000000	0.000000	0.000000	0.000000	0.000000	0.000000
105	tsk_105	(x)	1	:	0.000000	0.000000	0.059433	0.000000	0.319691	0.000000	0.000000	0.485500	0.000000	0.000000	0.135376
106	tsk_106	(x)	1	:	0.000000	0.000000	0.397815	0.000000	0.319654	0.000000	0.000000	0.000000	0.000000	0.000000	0.282531
107	tsk_107	(x)	1	:	0.500089	0.000000	0.041499	0.000000	0.319689	0.000000	0.000000	0.000000	0.000000	0.000000	0.138723
108	tsk_108	(x)	1	:	0.000000	0.000000	0.064410	0.000000	0.571664	0.000000	0.000000	0.000000	0.000000	0.000000	0.363926
109	tsk_109	(x)	1	:	0.000000	0.000000	0.000000	0.000000	1.000000	0.000000	0.000000	0.000000	0.000000	0.000000	0.000000
110	tsk_110	(x)	1	:	0.000000	0.000000	0.000000	0.000000	0.000000	0.000000	0.000000	1.000000	0.000000	0.000000	0.000000
111	tsk_111	(x)	1	:	0.000000	0.000000	0.108299	0.000000	0.000000	0.000000	0.000000	0.000000	0.000000	0.000000	0.891701
112	tsk_112	(x)	1	:	0.000000	0.000000	0.000000	0.000000	0.000000	0.000000	0.000000	1.000000	0.000000	0.000000	0.000000
113	tsk_113	(x)	1	:	0.000000	0.000000	0.161680	0.000000	0.000000	0.000000	0.000000	0.485406	0.000000	0.000000	0.352913
114	tsk_114	(x)	1	:	0.000000	0.000000	0.234477	0.000000	0.000000	0.000000	0.000000	0.000000	0.000000	0.000000	0.765523
115	tsk_115	(x)	1	:	0.000000	0.000000	0.275341	0.000000	0.000000	0.000000	0.000000	0.000000	0.000000	0.000000	0.724659
116	tsk_116	(x)	1	:	0.000000	0.000000	0.120949	0.000000	0.000000	0.000000	0.000000	0.485406	0.000000	0.000000	0.393644
117	tsk_117	(x)	1	:	0.000000	0.000000	0.000000	0.000000	0.000000	0.000000	0.000000	1.000000	0.000000	0.000000	0.000000
118	tsk_118	(x)	1	:	0.000000	0.000000	0.119684	0.000000	0.000000	0.000000	0.000000	0.485406	0.000000	0.000000	0.394910
119	tsk_119	(x)	1	:	0.000000	0.000000	0.078739	0.482280	0.000000	0.000000	0.000000	0.000000	0.000000	0.000000	0.438981
120	tsk_120	(x)	1	:	0.000000	0.000000	0.045347	0.000000	0.000000	0.000000	0.000000	0.485714	0.000000	0.286504	0.182435
121	tsk_121	(x)	1	:	0.000000	1.000000	0.000000	0.000000	0.000000	0.000000	0.000000	0.000000	0.000000	0.000000	0.000000
122	tsk_122	(x)	1	:	0.000000	1.000000	0.000000	0.000000	0.000000	0.000000	0.000000	0.000000	0.000000	0.000000	0.000000
123	tsk_123	(x)	1	:	0.000000	0.000000	0.000000	0.000000	1.000000	0.000000	0.000000	0.000000	0.000000	0.000000	0.000000
124	tsk_124	(x)	1	:	0.000000	0.000000	0.128768	0.000000	0.526942	0.000000	0.000000	0.000000	0.000000	0.000000	0.344290
125	tsk_125	(x)	1	:	0.000000	0.500000	0.408452	0.000000	0.000000	0.000000	0.000000	0.000000	0.000000	0.000000	0.091548
126	tsk_126	(x)	1	:	0.000000	1.000000	0.000000	0.000000	0.000000	0.000000	0.000000	0.000000	0.000000	0.000000	0.000000
127	tsk_127	(x)	1	:	0.000000	0.500000	0.461306	0.000000	0.000000	0.000000	0.000000	0.000000	0.000000	0.000000	0.038694
128	tsk_128	(x)	1	:	0.000000	1.000000	0.000000	0.000000	0.000000	0.000000	0.000000	0.000000	0.000000	0.000000	0.000000
129	tsk_129	(x)	1	:	0.000000	1.000000	0.000000	0.000000	0.000000	0.000000	0.000000	0.000000	0.000000	0.000000	0.000000
130	tsk_130	(x)	1	:	0.000000	0.000000	0.000000	0.000000	0.000000	0.000000	0.000000	1.000000	0.000000	0.000000	0.000000
131	tsk_131	(x)	1	:	0.000000	0.000000	0.241301	0.536110	0.000000	0.000000	0.000000	0.000000	0.000000	0.000000	0.222589
132	tsk_132	(x)	1	:	0.000000	0.006739	0.000000	0.000000	0.000000	0.993261	0.000000	0.000000	0.000000	0.000000	0.000000
133	tsk_133	(x)	1	:	0.000000	0.000000	0.000000	0.000000	0.000000	0.000000	0.000000	1.000000	0.000000	0.000000	0.000000
134	tsk_134	(x)	1	:	0.000000	0.000000	0.250382	0.482280	0.000000	0.000000	0.000000	0.000000	0.000000	0.000000	0.267338
135	tsk_135	(x)	1	:	0.000000	0.000000	0.045736	0.000000	0.000000	0.000000	0.000000	0.485406	0.000000	0.000000	0.468858
136	tsk_136	(x)	1	:	0.000000	0.000000	0.243464	0.000000	0.000000	0.000000	0.000000	0.000000	0.000000	0.000000	0.756536
137	tsk_137	(x)	1	:	0.000000	0.000000	0.061595	0.000000	0.000000	0.000000	0.000000	0.485406	0.000000	0.000000	0.452998
138	tsk_138	(x)	1	:	0.000000	0.000000	0.040532	0.000000	0.000000	0.000000	0.000000	0.000000	0.000000	0.000000	0.959468
139	tsk_139	(x)	1	:	0.000000	0.000000	0.253528	0.000000	0.000000	0.000000	0.000000	0.000000	0.000000	0.000000	0.746472
140	tsk_140	(x)	1	:	0.000000	0.000000	0.040212	0.000000	0.000000	0.000000	0.000000	0.485406	0.000000	0.000000	0.474382
141	tsk_141	(x)	1	:	0.000000	0.000000	0.366475	0.000000	0.000000	0.000000	0.000000	0.000000	0.000000	0.000000	0.633525
142	tsk_142	(x)	1	:	0.000000	0.005828	0.000000	0.000000	0.000000	0.994172	0.000000	0.000000	0.000000	0.000000	0.000000
143	tsk_143	(x)	1	:	0.000000	0.000000	0.318198	0.482280	0.000000	0.000000	0.000000	0.000000	0.000000	0.000000	0.199522
144	tsk_144	(x)	1	:	0.000000	0.500000	0.397698	0.000000	0.000000	0.000000	0.000000	0.000000	0.000000	0.000000	0.102302
145	tsk_145	(x)	1	:	0.000000	1.000000	0.000000	0.000000	0.000000	0.000000	0.000000	0.000000	0.000000	0.000000	0.000000
146	tsk_146	(x)	1	:	0.000000	0.000000	0.155015	0.000000	0.000000	0.000000	0.000000	0.000000	0.000000	0.000000	0.844985
147	tsk_147	(x)	1	:	0.000000	0.000000	0.070973	0.000000	0.571664	0.000000	0.000000	0.000000	0.000000	0.000000	0.357363
148	tsk_148	(x)	1	:	0.000000	0.000000	0.115532	0.000000	0.000000	0.000000	0.000000	0.000000	0.000000	0.000000	0.884468
149	tsk_149	(x)	1	:	0.000000	0.000000	0.277168	0.000000	0.000000	0.000000	0.000000	0.000000	0.000000	0.000000	0.722832
