logL = -1400.330730 (converged)
AIC = 3658.661460
BIC = 4950.224001

count.K
21 37 92 

