logL = -1258.786121 (converged)
AIC = 7705.572243
BIC = 15515.160196

count.K
1 0 3 4 40 22 11 1 17 14 8 15 4 10 

