logL = -2361.571741 (converged)
AIC = 5235.143481
BIC = 6005.866117

count.K
26 124 

