logL = -863.372656 (converged)
AIC = 5842.745313
BIC = 12038.632748

count.K
3 12 7 33 16 0 26 23 4 2 23 1 

