0	tsk_0	(x)	1	:	0.000000	0.000000	0.501829	0.000000	0.000000	0.000000	0.000000	0.000000	0.000000	0.000218	0.497953	0.000000	0.000000	0.000000
1	tsk_1	(x)	1	:	0.000000	0.000000	0.000000	0.000000	0.000000	0.000000	0.000000	0.000000	0.530549	0.000000	0.469451	0.000000	0.000000	0.000000
2	tsk_2	(x)	1	:	1.000000	0.000000	0.000000	0.000000	0.000000	0.000000	0.000000	0.000000	0.000000	0.000000	0.000000	0.000000	0.000000	0.000000
3	tsk_3	(x)	1	:	0.000000	0.000000	0.000000	0.000000	0.000000	0.481273	0.000000	0.000000	0.000000	0.000000	0.518727	0.000000	0.000000	0.000000
4	tsk_4	(x)	1	:	0.000000	0.000000	0.000000	0.000000	0.000000	0.000000	0.000000	0.000000	0.058555	0.000000	0.000000	0.000000	0.000000	0.941445
5	tsk_5	(x)	1	:	0.000000	0.000000	0.000000	0.000000	0.000000	0.000000	0.000000	0.000000	0.000000	0.502576	0.497423	0.000000	0.000000	0.000000
6	tsk_6	(x)	1	:	0.513836	0.000000	0.486164	0.000000	0.000000	0.000000	0.000000	0.000000	0.000000	0.000000	0.000000	0.000000	0.000000	0.000000
7	tsk_7	(x)	1	:	0.496043	0.000000	0.000000	0.000000	0.000000	0.000000	0.000000	0.000000	0.000000	0.000000	0.503921	0.000000	0.000000	0.000035
8	tsk_8	(x)	1	:	0.000000	0.000000	0.000000	0.000000	0.000000	0.502576	0.000000	0.000000	0.000000	0.000000	0.497423	0.000000	0.000000	0.000000
9	tsk_9	(x)	1	:	0.000000	0.000000	0.000000	0.000000	0.000000	0.500000	0.000000	0.000000	0.345465	0.000000	0.000000	0.000000	0.000000	0.154535
10	tsk_10	(x)	1	:	0.000000	0.000000	0.000000	0.000000	0.000000	0.000000	0.000000	0.000000	0.000000	1.000000	0.000000	0.000000	0.000000	0.000000
11	tsk_11	(x)	1	:	0.000000	0.000000	0.000000	0.000000	0.000000	0.000000	0.000000	0.000000	0.000000	1.000000	0.000000	0.000000	0.000000	0.000000
12	tsk_12	(x)	1	:	0.000000	0.000000	0.000000	0.000000	0.000000	0.000000	0.000000	0.000000	0.000000	1.000000	0.000000	0.000000	0.000000	0.000000
13	tsk_13	(x)	1	:	0.000000	0.000000	0.000000	0.000000	0.000000	0.000000	0.000000	0.000000	0.000000	1.000000	0.000000	0.000000	0.000000	0.000000
14	tsk_14	(x)	1	:	0.000000	0.000000	0.000000	0.000000	0.000000	0.000000	0.000000	0.000000	0.000000	1.000000	0.000000	0.000000	0.000000	0.000000
15	tsk_15	(x)	1	:	0.000000	0.000000	0.000000	0.000000	0.000000	0.000000	0.000000	0.000000	0.000000	1.000000	0.000000	0.000000	0.000000	0.000000
16	tsk_16	(x)	1	:	0.000000	0.000000	0.000000	0.000000	0.000000	0.000000	0.000000	0.000000	0.000000	1.000000	0.000000	0.000000	0.000000	0.000000
17	tsk_17	(x)	1	:	0.000000	0.000000	0.000000	0.000000	0.000000	0.000000	0.000000	0.000000	0.000000	1.000000	0.000000	0.000000	0.000000	0.000000
18	tsk_18	(x)	1	:	0.000000	0.000000	0.000000	0.000000	0.000000	0.000000	0.000000	0.000000	0.000000	1.000000	0.000000	0.000000	0.000000	0.000000
19	tsk_19	(x)	1	:	0.000000	0.000000	0.000000	0.000000	0.000000	0.000000	0.000000	0.000000	0.000000	1.000000	0.000000	0.000000	0.000000	0.000000
20	tsk_20	(x)	1	:	0.457625	0.000000	0.000000	0.000000	0.000000	0.000000	0.000000	0.000000	0.031204	0.000000	0.000000	0.000000	0.000000	0.511170
21	tsk_21	(x)	1	:	0.000000	0.000000	0.497712	0.000000	0.000000	0.000000	0.000000	0.000000	0.000000	0.003658	0.000000	0.498630	0.000000	0.000000
22	tsk_22	(x)	1	:	0.457993	0.000000	0.497944	0.000000	0.000000	0.000000	0.000000	0.000000	0.010868	0.002637	0.000000	0.000000	0.000000	0.030558
23	tsk_23	(x)	1	:	0.457747	0.000000	0.000000	0.000000	0.000000	0.000000	0.000000	0.000000	0.027974	0.500002	0.000000	0.000000	0.000000	0.014276
24	tsk_24	(x)	1	:	0.457625	0.000000	0.000000	0.000000	0.000000	0.000000	0.000000	0.000000	0.013696	0.000000	0.000000	0.000000	0.000000	0.528678
25	tsk_25	(x)	1	:	0.000000	0.000000	0.000000	0.000000	0.000000	0.000000	0.000000	0.000000	0.097517	0.000000	0.469356	0.000000	0.000000	0.433127
26	tsk_26	(x)	1	:	0.000000	0.000000	1.000000	0.000000	0.000000	0.000000	0.000000	0.000000	0.000000	0.000000	0.000000	0.000000	0.000000	0.000000
27	tsk_27	(x)	1	:	0.496061	0.000000	0.000000	0.000000	0.000000	0.000000	0.000000	0.000000	0.000000	0.000000	0.503939	0.000000	0.000000	0.000000
28	tsk_28	(x)	1	:	0.000000	0.000000	1.000000	0.000000	0.000000	0.000000	0.000000	0.000000	0.000000	0.000000	0.000000	0.000000	0.000000	0.000000
29	tsk_29	(x)	1	:	0.000000	0.000000	0.440649	0.000000	0.000000	0.000000	0.559351	0.000000	0.000000	0.000000	0.000000	0.000000	0.000000	0.000000
30	tsk_30	(x)	1	:	0.458020	0.000000	0.000000	0.000000	0.000000	0.000000	0.000000	0.000000	0.030716	0.500026	0.000000	0.000000	0.000000	0.011238
31	tsk_31	(x)	1	:	0.457625	0.000000	0.000000	0.000000	0.000000	0.000000	0.000000	0.000000	0.001775	0.000000	0.000000	0.000000	0.000000	0.540600
32	tsk_32	(x)	1	:	0.000000	0.000000	0.000000	0.000000	0.000000	0.000000	0.000000	0.000000	0.000000	1.000000	0.000000	0.000000	0.000000	0.000000
33	tsk_33	(x)	1	:	0.000000	0.000000	0.000000	0.000000	0.000000	1.000000	0.000000	0.000000	0.000000	0.000000	0.000000	0.000000	0.000000	0.000000
34	tsk_34	(x)	1	:	0.000000	0.000000	0.000000	0.000000	0.000000	0.000000	1.000000	0.000000	0.000000	0.000000	0.000000	0.000000	0.000000	0.000000
35	tsk_35	(x)	1	:	0.459104	0.000000	0.000000	0.000000	0.000000	0.000000	0.000000	0.000000	0.024921	0.500120	0.000000	0.000000	0.000000	0.015854
36	tsk_36	(x)	1	:	0.000000	0.000000	0.000000	0.000000	0.000000	0.500000	0.000000	0.000000	0.341998	0.000000	0.000000	0.000000	0.000000	0.158002
37	tsk_37	(x)	1	:	0.000000	0.000000	0.000000	0.000000	0.000000	0.000000	0.000000	0.000000	0.000000	1.000000	0.000000	0.000000	0.000000	0.000000
38	tsk_38	(x)	1	:	0.000000	0.000000	0.000000	0.000000	0.000000	0.000000	0.000000	0.000000	0.000000	0.000000	0.000000	0.000000	0.000000	1.000000
39	tsk_39	(x)	1	:	0.000000	0.000000	0.498954	0.000000	0.000000	0.000000	0.000000	0.000000	0.225767	0.001331	0.000000	0.000000	0.000000	0.273948
40	tsk_40	(x)	1	:	0.000000	0.000000	0.499997	0.465162	0.000000	0.000000	0.000000	0.000000	0.000000	0.034841	0.000000	0.000000	0.000000	0.000000
41	tsk_41	(x)	1	:	0.000000	0.000000	0.000000	0.000000	0.426602	0.000000	0.000000	0.000000	0.000000	0.573398	0.000000	0.000000	0.000000	0.000000
42	tsk_42	(x)	1	:	0.000000	0.000000	0.501909	0.000000	0.433010	0.000000	0.000000	0.000000	0.000000	0.065081	0.000000	0.000000	0.000000	0.000000
43	tsk_43	(x)	1	:	0.000000	0.000000	1.000000	0.000000	0.000000	0.000000	0.000000	0.000000	0.000000	0.000000	0.000000	0.000000	0.000000	0.000000
44	tsk_44	(x)	1	:	0.000000	0.000000	0.000000	1.000000	0.000000	0.000000	0.000000	0.000000	0.000000	0.000000	0.000000	0.000000	0.000000	0.000000
45	tsk_45	(x)	1	:	0.000000	0.000000	0.000000	0.534823	0.000000	0.000000	0.000000	0.000000	0.000000	0.000000	0.000000	0.465177	0.000000	0.000000
46	tsk_46	(x)	1	:	0.000000	0.000068	0.000000	0.000000	0.000000	0.000000	0.000000	0.000000	0.218583	0.000000	0.000000	0.000000	0.510124	0.271225
47	tsk_47	(x)	1	:	0.000000	0.000000	0.000000	0.000000	0.000000	0.000000	0.000000	0.000000	0.000000	0.000000	0.000000	0.467372	0.532628	0.000000
48	tsk_48	(x)	1	:	0.000000	0.000000	0.000000	0.509086	0.000000	0.000000	0.000000	0.000000	0.229712	0.000000	0.000000	0.000000	0.000000	0.261202
49	tsk_49	(x)	1	:	0.000000	0.000000	0.000000	0.489137	0.000000	0.000000	0.000000	0.000000	0.199683	0.000000	0.000000	0.000000	0.000000	0.311180
50	tsk_50	(x)	1	:	0.000000	0.000000	0.000000	0.000000	0.000000	0.000000	0.000000	0.000000	0.000000	0.523260	0.000000	0.000000	0.476740	0.000000
51	tsk_51	(x)	1	:	0.000000	0.000000	0.000000	0.000000	0.000000	0.000000	0.000000	0.000000	0.304336	0.000000	0.000000	0.000000	0.491662	0.204001
52	tsk_52	(x)	1	:	0.000000	0.000000	0.000000	0.000000	0.000000	0.000000	0.000000	0.000000	0.319526	0.000000	0.000000	0.000000	0.491662	0.188811
53	tsk_53	(x)	1	:	0.000000	0.000000	0.000000	0.000003	0.000000	0.000000	0.000000	0.516282	0.000000	0.000039	0.000000	0.000000	0.483676	0.000000
54	tsk_54	(x)	1	:	0.000000	0.000000	0.500001	0.465164	0.000000	0.000000	0.000000	0.000000	0.000000	0.034835	0.000000	0.000000	0.000000	0.000000
55	tsk_55	(x)	1	:	0.000000	0.000000	0.000000	0.000000	0.000000	0.000000	0.000000	0.000000	0.000000	0.000000	0.000000	0.000000	1.000000	0.000000
56	tsk_56	(x)	1	:	0.000000	0.000000	0.500051	0.000000	0.000000	0.000000	0.000000	0.000000	0.000000	0.023178	0.000000	0.000000	0.476771	0.000000
57	tsk_57	(x)	1	:	0.000000	0.000000	0.498512	0.000000	0.000000	0.000000	0.000000	0.000000	0.122862	0.001892	0.000000	0.000000	0.000000	0.376733
58	tsk_58	(x)	1	:	0.000000	0.000000	0.500098	0.000009	0.000000	0.000000	0.000000	0.000000	0.000000	0.023100	0.000000	0.000000	0.476792	0.000000
59	tsk_59	(x)	1	:	0.000000	0.000000	0.000000	0.000000	0.000000	0.000000	0.000000	0.000000	0.000000	0.523260	0.000000	0.000000	0.476740	0.000000
60	tsk_60	(x)	1	:	0.000000	0.000000	0.498646	0.000000	0.500276	0.000000	0.000000	0.000000	0.000000	0.001078	0.000000	0.000000	0.000000	0.000000
61	tsk_61	(x)	1	:	0.000000	0.000000	0.500000	0.000000	0.000000	0.000000	0.000000	0.000000	0.176243	0.000000	0.000000	0.000000	0.000000	0.323757
62	tsk_62	(x)	1	:	0.000000	0.000000	0.500000	0.000000	0.000000	0.000000	0.000000	0.000000	0.000000	0.500000	0.000000	0.000000	0.000000	0.000000
63	tsk_63	(x)	1	:	0.000000	0.000000	0.500076	0.000012	0.000000	0.000000	0.000000	0.000000	0.000000	0.023136	0.000000	0.000000	0.476777	0.000000
64	tsk_64	(x)	1	:	0.000000	0.000000	0.000000	0.000000	0.000000	0.000000	0.000000	0.000000	0.000000	0.000000	0.000000	0.000000	0.000000	1.000000
65	tsk_65	(x)	1	:	0.458003	0.000000	0.498107	0.000000	0.000000	0.000000	0.000000	0.000000	0.015485	0.002430	0.000000	0.000000	0.000000	0.025975
66	tsk_66	(x)	1	:	0.000000	0.000000	0.000000	0.000000	0.000000	0.000000	0.000000	0.000000	0.000000	0.000000	0.000000	0.000000	1.000000	0.000000
67	tsk_67	(x)	1	:	0.000000	0.000000	0.498696	0.000000	0.500501	0.000000	0.000000	0.000000	0.000000	0.000803	0.000000	0.000000	0.000000	0.000000
68	tsk_68	(x)	1	:	0.000000	0.000000	0.500000	0.000000	0.000000	0.000000	0.000000	0.000000	0.000000	0.500000	0.000000	0.000000	0.000000	0.000000
69	tsk_69	(x)	1	:	0.457625	0.000000	0.000000	0.000000	0.000000	0.000000	0.000000	0.000000	0.030180	0.000000	0.000000	0.000000	0.000000	0.512195
70	tsk_70	(x)	1	:	0.000000	0.000000	0.439281	0.000000	0.000000	0.000000	0.000000	0.393405	0.000000	0.167314	0.000000	0.000000	0.000000	0.000000
71	tsk_71	(x)	1	:	0.000000	0.000000	0.000000	0.465164	0.000000	0.000000	0.000000	0.000000	0.000000	0.534836	0.000000	0.000000	0.000000	0.000000
72	tsk_72	(x)	1	:	0.000000	0.000000	0.497932	0.000000	0.000000	0.493745	0.000000	0.000000	0.000000	0.008323	0.000000	0.000000	0.000000	0.000000
73	tsk_73	(x)	1	:	0.000000	0.000000	0.500000	0.000000	0.000000	0.000000	0.000000	0.000000	0.000000	0.500000	0.000000	0.000000	0.000000	0.000000
74	tsk_74	(x)	1	:	0.000000	0.000000	0.000000	0.000000	0.000000	1.000000	0.000000	0.000000	0.000000	0.000000	0.000000	0.000000	0.000000	0.000000
75	tsk_75	(x)	1	:	0.000000	0.000000	0.497909	0.000000	0.000000	0.493674	0.000000	0.000000	0.000000	0.008417	0.000000	0.000000	0.000000	0.000000
76	tsk_76	(x)	1	:	0.000000	0.000000	0.000000	0.465164	0.000000	0.534836	0.000000	0.000000	0.000000	0.000000	0.000000	0.000000	0.000000	0.000000
77	tsk_77	(x)	1	:	0.000000	0.000000	0.000000	0.465164	0.000000	0.534836	0.000000	0.000000	0.000000	0.000000	0.000000	0.000000	0.000000	0.000000
78	tsk_78	(x)	1	:	0.000000	0.000000	0.498416	0.000000	0.000000	0.000000	0.000000	0.000000	0.223335	0.002014	0.000000	0.000000	0.000000	0.276234
79	tsk_79	(x)	1	:	0.458304	0.000000	0.000000	0.000000	0.000000	0.500051	0.000000	0.000000	0.000000	0.000000	0.000000	0.000000	0.000000	0.041646
80	tsk_80	(x)	1	:	0.000000	0.000000	0.000000	0.000000	0.000000	0.000000	0.000000	0.000000	0.388402	0.500000	0.000000	0.000000	0.000000	0.111598
81	tsk_81	(x)	1	:	0.000000	0.000000	0.000000	0.000000	0.000000	0.500000	0.000000	0.000000	0.398100	0.000000	0.000000	0.000000	0.000000	0.101900
82	tsk_82	(x)	1	:	0.000000	0.000000	0.000000	0.000000	0.000000	0.500000	0.000000	0.000000	0.000000	0.500000	0.000000	0.000000	0.000000	0.000000
83	tsk_83	(x)	1	:	0.000000	0.000000	0.000000	0.000000	0.000000	0.000000	0.000000	0.000000	0.274286	0.500000	0.000000	0.000000	0.000000	0.225714
84	tsk_84	(x)	1	:	0.000000	0.000000	0.000000	0.000000	0.000000	0.000000	0.000000	0.000000	0.037052	0.000000	0.469176	0.000000	0.000000	0.493773
85	tsk_85	(x)	1	:	0.000000	0.000000	0.000000	0.489137	0.000000	0.000000	0.000000	0.000000	0.398645	0.000000	0.000000	0.000000	0.000000	0.112218
86	tsk_86	(x)	1	:	0.000000	0.000000	0.000000	0.512134	0.000000	0.000000	0.000000	0.000000	0.273499	0.000000	0.000000	0.000000	0.000000	0.214367
87	tsk_87	(x)	1	:	0.000000	0.000000	0.000000	0.000000	0.000000	0.000000	0.000000	0.000000	0.300406	0.500000	0.000000	0.000000	0.000000	0.199594
88	tsk_88	(x)	1	:	0.000000	0.000000	0.000000	0.000000	0.000000	0.000000	0.000000	0.000000	0.232868	0.500000	0.000000	0.000000	0.000000	0.267132
89	tsk_89	(x)	1	:	0.000000	0.000000	0.000000	0.000000	0.000000	0.000000	0.000000	0.000000	0.020928	0.000000	0.000000	0.000000	0.000000	0.979072
90	tsk_90	(x)	1	:	0.000000	0.000000	0.500000	0.000000	0.000000	0.000000	0.000000	0.000000	0.150826	0.000000	0.000000	0.000000	0.000000	0.349174
91	tsk_91	(x)	1	:	0.000000	0.000000	0.000000	0.512134	0.000000	0.000000	0.000000	0.000000	0.333715	0.000000	0.000000	0.000000	0.000000	0.154151
92	tsk_92	(x)	1	:	0.000000	0.000000	0.000000	0.000000	0.000000	0.000000	0.000000	0.000000	0.086761	0.000000	0.000000	0.000000	0.000000	0.913239
93	tsk_93	(x)	1	:	0.000000	0.000000	0.000000	0.512134	0.000000	0.000000	0.000000	0.000000	0.255711	0.000000	0.000000	0.000000	0.000000	0.232155
94	tsk_94	(x)	1	:	0.000000	0.000000	0.000000	0.509086	0.000000	0.000000	0.000000	0.000000	0.234141	0.000000	0.000000	0.000000	0.000000	0.256773
95	tsk_95	(x)	1	:	0.000000	0.000000	0.000000	0.000000	0.000000	0.000000	0.000000	0.000000	0.213145	0.000000	0.000000	0.000000	0.000000	0.786855
96	tsk_96	(x)	1	:	0.000000	0.000000	0.000000	1.000000	0.000000	0.000000	0.000000	0.000000	0.000000	0.000000	0.000000	0.000000	0.000000	0.000000
97	tsk_97	(x)	1	:	0.000000	0.000000	0.000000	0.000000	0.000000	0.000000	0.000000	0.000000	0.336795	0.500000	0.000000	0.000000	0.000000	0.163205
98	tsk_98	(x)	1	:	0.000000	0.000000	0.478181	0.521818	0.000000	0.000000	0.000000	0.000000	0.000000	0.000000	0.000000	0.000000	0.000000	0.000000
99	tsk_99	(x)	1	:	0.000000	0.000000	1.000000	0.000000	0.000000	0.000000	0.000000	0.000000	0.000000	0.000000	0.000000	0.000000	0.000000	0.000000
100	tsk_100	(x)	1	:	0.503349	0.000000	0.000000	0.496651	0.000000	0.000000	0.000000	0.000000	0.000000	0.000000	0.000000	0.000000	0.000000	0.000000
101	tsk_101	(x)	1	:	0.000000	0.000000	0.000000	0.000000	0.000000	0.000000	0.000000	0.000000	0.154176	0.500000	0.000000	0.000000	0.000000	0.345824
102	tsk_102	(x)	1	:	0.000000	0.000000	0.000000	0.536335	0.000000	0.000000	0.000000	0.000000	0.000000	0.463665	0.000000	0.000000	0.000000	0.000000
103	tsk_103	(x)	1	:	0.000000	0.000000	0.000000	0.000000	0.000000	0.000000	0.000000	0.000000	0.117242	0.000000	0.000000	0.000000	0.000000	0.882758
104	tsk_104	(x)	1	:	0.458582	0.000000	0.000000	0.512194	0.000000	0.000000	0.000000	0.000000	0.020719	0.000000	0.000000	0.000000	0.000000	0.008504
105	tsk_105	(x)	1	:	0.000000	0.000000	0.000000	0.536335	0.000000	0.000000	0.000000	0.000000	0.000000	0.463665	0.000000	0.000000	0.000000	0.000000
106	tsk_106	(x)	1	:	0.503349	0.000000	0.000000	0.496651	0.000000	0.000000	0.000000	0.000000	0.000000	0.000000	0.000000	0.000000	0.000000	0.000000
107	tsk_107	(x)	1	:	0.000000	0.000000	0.000000	0.000000	0.000000	0.000000	0.000000	0.000000	0.000000	1.000000	0.000000	0.000000	0.000000	0.000000
108	tsk_108	(x)	1	:	0.000000	0.000000	0.478181	0.521818	0.000000	0.000000	0.000000	0.000000	0.000000	0.000000	0.000000	0.000000	0.000000	0.000000
109	tsk_109	(x)	1	:	0.458023	0.000000	0.498403	0.000000	0.000000	0.000000	0.000000	0.000000	0.023647	0.002056	0.000000	0.000000	0.000000	0.017872
110	tsk_110	(x)	1	:	0.000000	0.494269	0.000000	0.488711	0.000000	0.000000	0.000000	0.000000	0.007100	0.000000	0.000000	0.000000	0.000000	0.009919
111	tsk_111	(x)	1	:	0.000000	0.499983	0.000000	0.000000	0.000000	0.000000	0.000000	0.000000	0.500017	0.000000	0.000000	0.000000	0.000000	0.000000
112	tsk_112	(x)	1	:	0.000000	0.000000	0.000000	0.489137	0.000000	0.000000	0.000000	0.000000	0.167505	0.000000	0.000000	0.000000	0.000000	0.343358
113	tsk_113	(x)	1	:	0.000000	0.494273	0.000000	0.488711	0.000000	0.000000	0.000000	0.000000	0.008087	0.000000	0.000000	0.000000	0.000000	0.008928
114	tsk_114	(x)	1	:	0.000000	0.000000	0.498451	0.000000	0.000000	0.000000	0.000000	0.000000	0.208296	0.001970	0.000000	0.000000	0.000000	0.291283
115	tsk_115	(x)	1	:	0.000000	0.000000	0.000000	0.000000	0.499885	0.000000	0.000000	0.000000	0.146546	0.000505	0.000000	0.000000	0.000000	0.353063
116	tsk_116	(x)	1	:	0.000000	0.490331	0.000000	0.000000	0.000000	0.000000	0.000000	0.000000	0.005980	0.499136	0.000000	0.000000	0.000000	0.004553
117	tsk_117	(x)	1	:	0.000000	0.000000	0.499997	0.465162	0.000000	0.000000	0.000000	0.000000	0.000000	0.034841	0.000000	0.000000	0.000000	0.000000
118	tsk_118	(x)	1	:	0.000000	1.000000	0.000000	0.000000	0.000000	0.000000	0.000000	0.000000	0.000000	0.000000	0.000000	0.000000	0.000000	0.000000
119	tsk_119	(x)	1	:	0.000000	0.000000	0.000000	0.465444	0.427729	0.000000	0.000000	0.000000	0.000000	0.106827	0.000000	0.000000	0.000000	0.000000
120	tsk_120	(x)	1	:	0.000000	0.000000	0.000000	0.476878	0.000000	0.000000	0.000000	0.519778	0.000000	0.003344	0.000000	0.000000	0.000000	0.000000
121	tsk_121	(x)	1	:	0.000000	0.000000	1.000000	0.000000	0.000000	0.000000	0.000000	0.000000	0.000000	0.000000	0.000000	0.000000	0.000000	0.000000
122	tsk_122	(x)	1	:	0.000000	0.000000	0.000000	0.000000	0.000000	0.000000	0.000000	0.000000	0.000000	0.000000	0.000000	0.000000	1.000000	0.000000
123	tsk_123	(x)	1	:	0.000000	0.000000	0.520082	0.479918	0.000000	0.000000	0.000000	0.000000	0.000000	0.000000	0.000000	0.000000	0.000000	0.000000
124	tsk_124	(x)	1	:	0.000000	0.000000	0.500000	0.000000	0.000000	0.000000	0.000000	0.000000	0.000000	0.500000	0.000000	0.000000	0.000000	0.000000
125	tsk_125	(x)	1	:	0.000000	0.000000	0.000000	1.000000	0.000000	0.000000	0.000000	0.000000	0.000000	0.000000	0.000000	0.000000	0.000000	0.000000
126	tsk_126	(x)	1	:	0.000000	0.000000	0.452429	0.000000	0.000000	0.000000	0.000000	0.547571	0.000000	0.000000	0.000000	0.000000	0.000000	0.000000
127	tsk_127	(x)	1	:	0.000000	0.000000	0.499995	0.465161	0.000000	0.000000	0.000000	0.000000	0.000000	0.034844	0.000000	0.000000	0.000000	0.000000
128	tsk_128	(x)	1	:	0.000000	0.000000	0.452498	0.000000	0.000000	0.000000	0.000000	0.547502	0.000000	0.000000	0.000000	0.000000	0.000000	0.000000
129	tsk_129	(x)	1	:	0.000000	0.000000	0.000000	0.465164	0.000000	0.000000	0.000000	0.000000	0.000000	0.534836	0.000000	0.000000	0.000000	0.000000
130	tsk_130	(x)	1	:	0.000000	0.000000	0.000000	0.000000	0.000000	0.000000	0.000000	0.000000	0.071362	0.000000	0.000000	0.000000	0.000000	0.928638
131	tsk_131	(x)	1	:	0.000000	0.000000	0.000000	0.000000	0.000000	0.000000	0.000000	0.000000	0.322868	0.500000	0.000000	0.000000	0.000000	0.177132
132	tsk_132	(x)	1	:	0.000000	0.000000	0.498178	0.000000	0.000000	0.000000	0.000000	0.000000	0.188292	0.002317	0.000000	0.000000	0.000000	0.311213
133	tsk_133	(x)	1	:	0.000000	0.000000	0.000000	0.000000	0.000000	0.000000	0.000000	0.000000	0.000000	0.000000	0.000000	0.000000	0.000000	1.000000
134	tsk_134	(x)	1	:	0.000000	0.000000	0.000000	0.000000	0.000000	0.000000	0.000000	0.000000	0.000000	0.000000	0.000000	0.000000	0.000000	1.000000
135	tsk_135	(x)	1	:	0.000000	0.000000	0.333333	0.000000	0.000000	0.000000	0.000000	0.000000	0.222473	0.166667	0.000000	0.000000	0.000000	0.277527
136	tsk_136	(x)	1	:	0.000000	0.000000	0.000000	0.000000	0.000000	0.000000	0.000000	0.000000	0.000000	0.000000	0.000000	0.000000	1.000000	0.000000
137	tsk_137	(x)	1	:	0.000000	0.000000	0.000000	0.000010	0.519558	0.000000	0.000000	0.000000	0.000000	0.001949	0.000000	0.000000	0.478482	0.000000
138	tsk_138	(x)	1	:	0.000000	0.000000	0.000000	0.000000	0.000000	0.500000	0.000000	0.000000	0.237066	0.000000	0.000000	0.000000	0.000000	0.262934
139	tsk_139	(x)	1	:	0.000000	0.000000	0.000000	0.000000	0.500101	0.000000	0.000000	0.000000	0.081685	0.000276	0.000000	0.000000	0.000000	0.417937
140	tsk_140	(x)	1	:	0.000000	0.000000	0.000000	0.000000	0.000000	0.000000	0.000000	0.000000	0.216588	0.000000	0.000000	0.500000	0.000000	0.283412
141	tsk_141	(x)	1	:	0.000000	0.000000	0.000000	0.000000	0.000000	0.000000	0.000000	0.000000	0.000000	1.000000	0.000000	0.000000	0.000000	0.000000
142	tsk_142	(x)	1	:	0.000000	0.000000	0.498148	0.000000	0.000000	0.000000	0.000000	0.000000	0.000000	0.002961	0.000000	0.498890	0.000000	0.000000
143	tsk_143	(x)	1	:	0.000000	0.000000	0.000000	0.000000	0.000000	0.000000	0.000000	0.000000	0.000000	0.500000	0.000000	0.500000	0.000000	0.000000
144	tsk_144	(x)	1	:	0.000000	0.000000	0.000000	0.000000	0.000000	0.000000	0.000000	0.000000	0.000000	0.000000	0.000000	1.000000	0.000000	0.000000
145	tsk_145	(x)	1	:	0.000000	0.000000	0.000000	0.000000	0.000000	0.000000	0.000000	0.000000	0.258532	0.000000	0.000000	0.500000	0.000000	0.241468
146	tsk_146	(x)	1	:	0.000000	0.000000	0.000000	0.536335	0.000000	0.000000	0.000000	0.000000	0.000000	0.463665	0.000000	0.000000	0.000000	0.000000
147	tsk_147	(x)	1	:	0.000000	0.000000	0.000000	0.000000	0.000000	0.000000	0.000000	0.000000	0.000000	0.500000	0.000000	0.500000	0.000000	0.000000
148	tsk_148	(x)	1	:	0.000000	0.000000	0.000000	0.000000	0.000000	0.000000	0.000000	0.000000	0.000000	0.500000	0.000000	0.500000	0.000000	0.000000
149	tsk_149	(x)	1	:	0.000000	0.000000	0.000000	0.000000	0.000000	0.000000	0.000000	0.000000	0.222768	0.500000	0.000000	0.000000	0.000000	0.277232
