logL = -1692.236778 (converged)
AIC = 3824.473555
BIC = 4486.813320

count.K
75 75 

