logL = -1579.804640 (converged)
AIC = 5547.609280
BIC = 9142.307821

count.K
33 19 0 34 17 22 25 

