logL = -929.881862 (converged)
AIC = 2983.763725
BIC = 4675.740760

count.K
37 21 70 22 

