logL = -767.270957 (converged)
AIC = 4914.541915
BIC = 10002.515562

count.K
6 31 9 10 35 18 2 31 3 5 

