logL = -2100.176946 (converged)
AIC = 5500.353892
BIC = 7457.266833

count.K
50 62 25 13 

