logL = -966.211067 (converged)
AIC = 5492.422134
BIC = 10851.352957

count.K
6 3 20 6 9 48 5 15 7 31 

