logL = -1140.060474 (converged)
AIC = 3820.120948
BIC = 6138.310125

count.K
17 50 29 20 34 

