logL = -774.451538 (converged)
AIC = 5340.903076
BIC = 11049.067594

count.K
1 3 4 18 22 2 5 24 13 47 11 

