logL = -3794.977414 (converged)
AIC = 9539.954828
BIC = 12475.324240

count.K
7 36 37 32 38 

