logL = -2038.503299 (converged)
AIC = 6129.006597
BIC = 9217.918409

count.K
17 12 30 16 9 66 

