logL = -871.785593 (converged)
AIC = 4291.571185
BIC = 8127.120550

count.K
18 8 53 3 11 23 19 15 

