logL = -1719.330743 (converged)
AIC = 6540.661486
BIC = 11210.156827

count.K
18 20 14 13 15 31 15 9 15 

