0	tsk_0	(x)	1	:	0.000000	0.000000	0.431579	0.491442	0.000000	0.000000	0.000000	0.000000	0.000000	0.055068	0.021911	0.000000	0.000000	0.000000
1	tsk_1	(x)	1	:	0.000000	0.000000	0.000000	0.511496	0.000000	0.000000	0.000000	0.000000	0.000000	0.000106	0.000237	0.488161	0.000000	0.000000
2	tsk_2	(x)	1	:	0.000000	0.000000	0.000000	0.000000	0.263951	0.000000	0.000000	0.000000	0.000000	0.389243	0.346805	0.000000	0.000000	0.000000
3	tsk_3	(x)	1	:	0.000000	0.000000	1.000000	0.000000	0.000000	0.000000	0.000000	0.000000	0.000000	0.000000	0.000000	0.000000	0.000000	0.000000
4	tsk_4	(x)	1	:	0.000000	0.000000	0.431996	0.000000	0.263969	0.000000	0.000000	0.000000	0.000000	0.137009	0.167025	0.000000	0.000000	0.000000
5	tsk_5	(x)	1	:	0.000000	0.000000	0.000000	0.000000	0.549478	0.000000	0.000000	0.000000	0.000000	0.161615	0.288908	0.000000	0.000000	0.000000
6	tsk_6	(x)	1	:	0.000000	0.000000	0.431720	0.000000	0.000000	0.000000	0.000000	0.000000	0.000000	0.033909	0.034478	0.000000	0.499892	0.000000
7	tsk_7	(x)	1	:	0.000000	0.000000	0.431490	0.491432	0.000000	0.000000	0.000000	0.000000	0.000000	0.044755	0.032323	0.000000	0.000000	0.000000
8	tsk_8	(x)	1	:	0.000000	0.000000	0.000000	0.000000	0.264138	0.000000	0.000000	0.000000	0.000000	0.085920	0.149377	0.500565	0.000000	0.000000
9	tsk_9	(x)	1	:	0.000000	0.000000	0.000000	0.000000	0.000000	0.000000	0.887760	0.000000	0.000000	0.006811	0.105430	0.000000	0.000000	0.000000
10	tsk_10	(x)	1	:	0.620224	0.000000	0.000000	0.000000	0.000000	0.000000	0.000000	0.000000	0.000000	0.233665	0.146111	0.000000	0.000000	0.000000
11	tsk_11	(x)	1	:	0.571841	0.000000	0.000000	0.000000	0.000000	0.000000	0.000000	0.000000	0.000000	0.000000	0.000000	0.000000	0.428159	0.000000
12	tsk_12	(x)	1	:	0.620224	0.000000	0.000000	0.000000	0.000000	0.000000	0.000000	0.000000	0.000000	0.278167	0.101609	0.000000	0.000000	0.000000
13	tsk_13	(x)	1	:	0.000000	0.000000	0.000000	0.000000	0.000000	0.000000	0.000000	0.000000	0.000000	0.204940	0.295059	0.000000	0.500000	0.000000
14	tsk_14	(x)	1	:	0.571841	0.000000	0.000000	0.000000	0.000000	0.000000	0.000000	0.000000	0.000000	0.000000	0.000000	0.000000	0.428159	0.000000
15	tsk_15	(x)	1	:	0.000000	0.000000	0.000000	0.491296	0.000000	0.000000	0.000000	0.000000	0.000000	0.002101	0.007814	0.000000	0.498788	0.000000
16	tsk_16	(x)	1	:	0.000000	0.000000	0.000000	0.000000	0.000000	0.499036	0.000000	0.000000	0.000000	0.001754	0.002776	0.000000	0.496434	0.000000
17	tsk_17	(x)	1	:	0.000000	0.000000	0.000000	0.000000	0.000000	0.000000	0.000000	0.000000	0.000000	0.000032	0.000032	0.000000	0.999935	0.000000
18	tsk_18	(x)	1	:	0.620224	0.000000	0.000000	0.000000	0.000000	0.000000	0.000000	0.000000	0.000000	0.167489	0.212287	0.000000	0.000000	0.000000
19	tsk_19	(x)	1	:	0.000000	0.000000	0.000000	0.000000	0.000000	0.499308	0.000000	0.000000	0.000000	0.268828	0.231864	0.000000	0.000000	0.000000
20	tsk_20	(x)	1	:	0.000000	0.000000	0.000000	0.000000	0.000000	0.000000	0.000000	0.539535	0.000000	0.000001	0.000000	0.460464	0.000000	0.000000
21	tsk_21	(x)	1	:	0.000000	0.000000	0.000000	0.000000	0.000000	0.000000	0.000000	1.000000	0.000000	0.000000	0.000000	0.000000	0.000000	0.000000
22	tsk_22	(x)	1	:	0.000000	0.000000	0.000000	0.000000	0.000000	0.000000	0.000000	0.490287	0.000000	0.242871	0.089993	0.000000	0.000000	0.176849
23	tsk_23	(x)	1	:	0.000000	0.000000	0.000000	0.000000	0.000000	0.000000	0.000000	0.000000	0.000000	0.078209	0.421791	0.000000	0.500000	0.000000
24	tsk_24	(x)	1	:	0.000000	0.000000	0.000000	0.000000	0.264139	0.000000	0.000000	0.490406	0.000000	0.135737	0.109717	0.000000	0.000000	0.000000
25	tsk_25	(x)	1	:	0.000000	0.000000	0.000000	0.000000	0.000000	0.000000	0.000000	1.000000	0.000000	0.000000	0.000000	0.000000	0.000000	0.000000
26	tsk_26	(x)	1	:	0.000000	0.000000	0.644102	0.000000	0.000000	0.000000	0.000000	0.000000	0.000000	0.266248	0.089650	0.000000	0.000000	0.000000
27	tsk_27	(x)	1	:	0.000000	0.000000	0.644102	0.000000	0.000000	0.000000	0.000000	0.000000	0.000000	0.212578	0.143320	0.000000	0.000000	0.000000
28	tsk_28	(x)	1	:	0.000000	0.000000	0.000000	0.000000	0.000000	0.000000	0.000000	1.000000	0.000000	0.000000	0.000000	0.000000	0.000000	0.000000
29	tsk_29	(x)	1	:	0.000000	0.000000	0.000000	0.000000	0.000000	0.000000	0.000000	1.000000	0.000000	0.000000	0.000000	0.000000	0.000000	0.000000
30	tsk_30	(x)	1	:	0.000000	0.000000	0.000000	0.000000	0.000000	0.000000	0.000000	0.000000	0.000000	0.083646	0.416354	0.000000	0.500000	0.000000
31	tsk_31	(x)	1	:	0.000000	0.000000	0.000000	0.000000	0.000000	0.000000	0.000000	0.000000	0.000000	0.075062	0.424937	0.000000	0.500000	0.000000
32	tsk_32	(x)	1	:	0.000000	0.000000	0.000000	0.000000	0.000000	0.000000	0.000000	0.000000	0.000000	0.255161	0.244839	0.500000	0.000000	0.000000
33	tsk_33	(x)	1	:	0.000000	0.000000	0.000000	0.000000	0.502751	0.000000	0.000000	0.000000	0.000000	0.000394	0.000137	0.496718	0.000000	0.000000
34	tsk_34	(x)	1	:	0.000003	0.000002	0.000000	0.000000	0.000000	0.000000	0.000000	0.000000	0.000000	0.420407	0.079580	0.500008	0.000000	0.000000
35	tsk_35	(x)	1	:	0.000000	0.000000	0.000000	0.000000	0.000000	0.000000	0.000000	0.000000	0.000000	0.000032	0.000032	0.000000	0.999935	0.000000
36	tsk_36	(x)	1	:	0.000000	0.000000	0.000000	0.000000	0.225408	0.000000	0.000000	0.000000	0.000000	0.478769	0.295823	0.000000	0.000000	0.000000
37	tsk_37	(x)	1	:	0.000000	0.000000	0.000000	0.000000	0.000000	0.000000	0.000000	0.000000	0.000000	0.227792	0.272208	0.500000	0.000000	0.000000
38	tsk_38	(x)	1	:	0.000000	0.390519	0.000000	0.000000	0.000000	0.000000	0.000000	0.000000	0.000000	0.445168	0.164313	0.000000	0.000000	0.000000
39	tsk_39	(x)	1	:	0.378298	0.000000	0.000000	0.000000	0.000000	0.000000	0.000000	0.000000	0.000000	0.484680	0.137021	0.000000	0.000000	0.000000
40	tsk_40	(x)	1	:	0.000000	0.000000	0.000000	0.000000	0.000000	0.000000	0.000000	0.000000	0.000000	0.000032	0.000032	0.000000	0.999935	0.000000
41	tsk_41	(x)	1	:	0.000000	0.000000	0.000000	0.491307	0.000000	0.000000	0.000000	0.000000	0.000000	0.002054	0.007724	0.000000	0.498916	0.000000
42	tsk_42	(x)	1	:	0.000000	0.000000	0.000000	0.000000	0.000000	0.000000	0.000000	0.000000	0.000000	0.000000	0.000000	1.000000	0.000000	0.000000
43	tsk_43	(x)	1	:	0.000000	0.000000	0.000000	0.000000	0.000000	0.000000	0.000000	0.000000	0.000000	0.259207	0.240793	0.500000	0.000000	0.000000
44	tsk_44	(x)	1	:	0.000000	0.000000	0.000000	0.000000	0.000000	0.000000	0.000000	0.000000	0.000000	0.002372	0.005473	0.496078	0.496078	0.000000
45	tsk_45	(x)	1	:	0.000000	0.000000	0.000000	0.000000	0.000000	0.000000	0.000000	0.000000	0.000000	0.003395	0.004629	0.495988	0.495988	0.000000
46	tsk_46	(x)	1	:	0.000000	0.000000	0.000000	0.000000	0.000000	0.000000	0.000000	0.000000	0.000000	0.000032	0.000032	0.000000	0.999935	0.000000
47	tsk_47	(x)	1	:	0.000000	0.000000	0.000000	0.000000	0.000000	0.000000	0.000000	0.000000	0.000000	0.249423	0.250577	0.000000	0.500000	0.000000
48	tsk_48	(x)	1	:	0.000000	0.000000	0.000000	0.491297	0.000000	0.000000	0.000000	0.000000	0.000000	0.001095	0.008811	0.000000	0.498797	0.000000
49	tsk_49	(x)	1	:	0.000000	0.000000	0.000000	0.000000	0.000000	0.499308	0.000000	0.000000	0.000000	0.304897	0.195795	0.000000	0.000000	0.000000
50	tsk_50	(x)	1	:	0.000000	0.000000	0.000000	0.000000	0.000000	0.000000	0.000000	0.000000	0.000000	0.000032	0.000032	0.000000	0.999935	0.000000
51	tsk_51	(x)	1	:	0.000000	0.000000	0.000000	0.000000	0.505338	0.000000	0.000000	0.000000	0.000000	0.232955	0.261706	0.000000	0.000000	0.000000
52	tsk_52	(x)	1	:	0.000000	0.000000	0.000000	0.000000	0.967761	0.000000	0.000000	0.000000	0.000000	0.013735	0.018504	0.000000	0.000000	0.000000
53	tsk_53	(x)	1	:	0.000000	0.000000	0.000000	0.000000	0.502689	0.000000	0.000000	0.000000	0.000000	0.000150	0.000533	0.000000	0.496628	0.000000
54	tsk_54	(x)	1	:	0.000000	0.000000	0.000000	0.000000	0.000000	0.499308	0.000000	0.000000	0.000000	0.290393	0.210299	0.000000	0.000000	0.000000
55	tsk_55	(x)	1	:	0.000000	0.000000	0.000000	0.000000	0.000000	0.000000	0.000000	0.000000	0.000000	0.311592	0.188408	0.500000	0.000000	0.000000
56	tsk_56	(x)	1	:	0.000000	0.000000	0.000000	0.000000	0.501095	0.498905	0.000000	0.000000	0.000000	0.000000	0.000000	0.000000	0.000000	0.000000
57	tsk_57	(x)	1	:	0.000000	0.000000	0.000000	0.000000	0.000000	0.000000	0.000000	0.000000	0.498788	0.003480	0.001387	0.496345	0.000000	0.000000
58	tsk_58	(x)	1	:	0.000000	0.000000	0.000000	0.000000	0.505339	0.000000	0.000000	0.000000	0.000000	0.345406	0.149255	0.000000	0.000000	0.000000
59	tsk_59	(x)	1	:	0.000000	0.000000	0.000000	0.000000	0.000000	0.000000	0.000000	0.000000	0.000000	0.000000	0.000000	1.000000	0.000000	0.000000
60	tsk_60	(x)	1	:	0.000000	0.386813	0.000000	0.000000	0.000000	0.498619	0.000000	0.000000	0.000000	0.070124	0.044444	0.000000	0.000000	0.000000
61	tsk_61	(x)	1	:	0.000000	0.390405	0.000000	0.000000	0.000000	0.000000	0.000000	0.000000	0.000000	0.059217	0.050668	0.499709	0.000000	0.000000
62	tsk_62	(x)	1	:	0.000000	0.390433	0.000000	0.000000	0.000000	0.000000	0.000000	0.000000	0.000000	0.024027	0.085798	0.000000	0.499742	0.000000
63	tsk_63	(x)	1	:	0.000000	0.000000	0.000000	0.000000	0.000000	0.000000	0.000000	0.000000	0.000000	0.000000	0.000000	1.000000	0.000000	0.000000
64	tsk_64	(x)	1	:	0.000000	0.390431	0.000000	0.000000	0.000000	0.000000	0.000000	0.000000	0.000000	0.034588	0.075243	0.000000	0.499739	0.000000
65	tsk_65	(x)	1	:	0.000000	0.000000	0.000000	0.000000	0.000000	0.000000	0.000000	0.490287	0.000000	0.283258	0.049607	0.000000	0.000000	0.176849
66	tsk_66	(x)	1	:	0.000000	0.000000	0.000000	0.000000	0.000000	0.000000	0.000000	1.000000	0.000000	0.000000	0.000000	0.000000	0.000000	0.000000
67	tsk_67	(x)	1	:	0.000000	0.000000	0.000000	0.000000	0.000000	0.000000	0.000000	0.549857	0.000000	0.346466	0.103678	0.000000	0.000000	0.000000
68	tsk_68	(x)	1	:	0.000000	0.390408	0.000000	0.000000	0.000000	0.000000	0.000000	0.000000	0.000000	0.059035	0.050844	0.499712	0.000000	0.000000
69	tsk_69	(x)	1	:	0.000000	0.000000	0.000000	0.000000	0.000000	0.000000	0.000000	0.000000	0.000000	0.003095	0.004970	0.495968	0.495968	0.000000
70	tsk_70	(x)	1	:	0.000000	0.000000	0.000000	0.000000	0.000001	0.518185	0.000000	0.000000	0.000000	0.481814	0.000000	0.000000	0.000000	0.000000
71	tsk_71	(x)	1	:	0.000000	0.000000	0.000000	0.000000	0.000000	0.000000	0.000000	0.000000	0.000000	0.369813	0.130187	0.500000	0.000000	0.000000
72	tsk_72	(x)	1	:	1.000000	0.000000	0.000000	0.000000	0.000000	0.000000	0.000000	0.000000	0.000000	0.000000	0.000000	0.000000	0.000000	0.000000
73	tsk_73	(x)	1	:	0.000000	0.000000	0.000000	0.000000	0.000000	0.000000	0.000000	0.000000	0.000000	0.451530	0.548470	0.000000	0.000000	0.000000
74	tsk_74	(x)	1	:	0.000000	0.390519	0.000000	0.000000	0.000000	0.000000	0.000000	0.000000	0.000000	0.373203	0.236278	0.000000	0.000000	0.000000
75	tsk_75	(x)	1	:	0.378298	0.000000	0.000000	0.000000	0.000000	0.000000	0.000000	0.000000	0.000000	0.422623	0.199079	0.000000	0.000000	0.000000
76	tsk_76	(x)	1	:	0.000000	0.000000	0.000000	0.000000	0.000000	0.000000	0.000000	0.000000	0.000000	0.427743	0.572256	0.000000	0.000000	0.000000
77	tsk_77	(x)	1	:	0.378298	0.000000	0.000000	0.000000	0.000000	0.000000	0.000000	0.000000	0.000000	0.341003	0.280699	0.000000	0.000000	0.000000
78	tsk_78	(x)	1	:	0.378298	0.000000	0.000000	0.000000	0.000000	0.000000	0.000000	0.000000	0.000000	0.424748	0.196953	0.000000	0.000000	0.000000
79	tsk_79	(x)	1	:	0.000000	0.000000	0.000000	0.000000	0.000000	0.000000	0.000000	0.000000	0.000000	0.502229	0.497771	0.000000	0.000000	0.000000
80	tsk_80	(x)	1	:	0.000000	0.000000	0.000000	0.000000	0.264139	0.000000	0.000000	0.000000	0.000000	0.086182	0.149113	0.500566	0.000000	0.000000
81	tsk_81	(x)	1	:	0.000000	0.000000	0.000000	0.000000	0.000000	0.000000	0.000000	0.000000	1.000000	0.000000	0.000000	0.000000	0.000000	0.000000
82	tsk_82	(x)	1	:	0.000000	0.000000	0.000000	0.000000	0.264140	0.000000	0.000000	0.000000	0.000000	0.105068	0.130224	0.500568	0.000000	0.000000
83	tsk_83	(x)	1	:	0.000000	0.000000	0.000011	0.000000	0.000000	0.000000	0.000000	0.000000	0.500004	0.256688	0.243297	0.000000	0.000000	0.000000
84	tsk_84	(x)	1	:	0.000000	0.000000	0.000000	0.000000	0.000000	0.499308	0.000000	0.000000	0.000000	0.249006	0.251686	0.000000	0.000000	0.000000
85	tsk_85	(x)	1	:	0.000000	0.000000	0.000000	0.000000	0.000000	0.000000	0.000000	0.000000	0.498716	0.002519	0.002636	0.496129	0.000000	0.000000
86	tsk_86	(x)	1	:	0.000000	0.000000	0.000000	0.000000	0.000000	0.000000	0.000000	0.000000	1.000000	0.000000	0.000000	0.000000	0.000000	0.000000
87	tsk_87	(x)	1	:	0.000000	0.000000	0.000000	0.000000	0.000000	0.000000	0.000000	0.000000	1.000000	0.000000	0.000000	0.000000	0.000000	0.000000
88	tsk_88	(x)	1	:	0.000000	0.000000	0.000000	0.000000	0.264157	0.000000	0.000000	0.000000	0.500194	0.015010	0.220639	0.000000	0.000000	0.000000
89	tsk_89	(x)	1	:	0.000000	0.000000	0.000000	0.000000	0.000000	0.000000	0.000000	0.000000	0.500000	0.288837	0.211163	0.000000	0.000000	0.000000
90	tsk_90	(x)	1	:	0.000000	0.000000	0.000000	0.000000	0.000000	0.000000	0.000000	0.000000	0.000000	0.602317	0.397683	0.000000	0.000000	0.000000
91	tsk_91	(x)	1	:	0.000000	0.000000	0.000000	0.000000	0.000000	0.000000	0.887760	0.000000	0.000000	0.008787	0.103454	0.000000	0.000000	0.000000
92	tsk_92	(x)	1	:	0.000000	0.000000	0.000000	0.000000	0.000000	0.000000	0.887760	0.000000	0.000000	0.007604	0.104636	0.000000	0.000000	0.000000
93	tsk_93	(x)	1	:	0.378297	0.000000	0.000000	0.000000	0.000000	0.000000	0.000000	0.000000	0.000000	0.042477	0.079229	0.000000	0.499997	0.000000
94	tsk_94	(x)	1	:	0.000000	0.000000	0.000000	0.000000	0.000000	0.000000	0.000000	0.000000	0.000000	0.557935	0.442065	0.000000	0.000000	0.000000
95	tsk_95	(x)	1	:	0.000000	0.000000	0.000000	0.000000	0.000000	0.499308	0.000000	0.000000	0.000000	0.142325	0.358367	0.000000	0.000000	0.000000
96	tsk_96	(x)	1	:	0.000000	0.000000	0.000000	0.000000	0.000000	0.000000	0.887760	0.000000	0.000000	0.005023	0.107217	0.000000	0.000000	0.000000
97	tsk_97	(x)	1	:	0.000000	0.000000	0.000000	0.000000	0.000000	0.000000	0.000000	0.000000	0.000000	0.796382	0.203618	0.000000	0.000000	0.000000
98	tsk_98	(x)	1	:	0.000000	0.000000	0.000000	0.000000	0.000000	0.000000	0.887760	0.000000	0.000000	0.004711	0.107529	0.000000	0.000000	0.000000
99	tsk_99	(x)	1	:	0.000000	0.000000	0.000000	0.000000	0.000000	0.000000	0.000000	0.000000	0.000000	0.154890	0.345110	0.000000	0.500000	0.000000
100	tsk_100	(x)	1	:	0.000000	0.000000	0.000000	0.000000	0.000000	0.000000	0.000000	0.000000	0.000000	0.368620	0.131380	0.500000	0.000000	0.000000
101	tsk_101	(x)	1	:	0.000000	0.000000	0.000000	0.000000	0.000000	0.499308	0.000000	0.000000	0.000000	0.132761	0.191091	0.000001	0.000000	0.176838
102	tsk_102	(x)	1	:	0.000000	0.000000	0.000000	0.000000	0.000000	0.499308	0.000000	0.000000	0.000000	0.324433	0.176259	0.000000	0.000000	0.000000
103	tsk_103	(x)	1	:	0.000000	0.000000	0.000000	0.000000	0.263951	0.000000	0.000000	0.000000	0.000000	0.454741	0.281307	0.000000	0.000000	0.000000
104	tsk_104	(x)	1	:	0.000000	0.405666	0.000000	0.000000	0.213900	0.000000	0.000000	0.000000	0.000000	0.000000	0.000000	0.000000	0.380434	0.000000
105	tsk_105	(x)	1	:	0.000000	0.000000	0.000000	0.000000	0.000000	0.499308	0.000000	0.000000	0.000000	0.440058	0.060634	0.000000	0.000000	0.000000
106	tsk_106	(x)	1	:	0.000000	0.290313	0.000000	0.000000	0.000000	0.000000	0.000000	0.000000	0.000000	0.018863	0.190701	0.000000	0.500123	0.000000
107	tsk_107	(x)	1	:	0.000000	0.000000	0.000000	0.000000	0.000000	0.000000	0.000000	0.000000	0.000000	0.000000	0.000000	1.000000	0.000000	0.000000
108	tsk_108	(x)	1	:	0.000000	0.000000	0.000000	0.000000	0.000000	0.499040	0.000000	0.000000	0.000000	0.003598	0.000865	0.496497	0.000000	0.000000
109	tsk_109	(x)	1	:	0.000000	0.000000	0.000000	0.000000	0.000000	0.000000	0.000000	0.000000	0.000000	0.374756	0.125244	0.500000	0.000000	0.000000
110	tsk_110	(x)	1	:	0.000000	0.000000	0.000000	0.000000	0.000000	0.499308	0.000000	0.000000	0.000000	0.210702	0.289990	0.000000	0.000000	0.000000
111	tsk_111	(x)	1	:	0.000000	0.000000	0.000000	0.000000	0.000000	0.499308	0.000000	0.000000	0.000000	0.354043	0.146649	0.000000	0.000000	0.000000
112	tsk_112	(x)	1	:	0.000000	0.000000	0.000000	0.000000	0.000000	0.000000	0.000000	0.000000	0.000000	0.332054	0.667946	0.000000	0.000000	0.000000
113	tsk_113	(x)	1	:	0.000000	0.000000	0.000000	0.491394	0.000000	0.000000	0.000000	0.000000	0.000000	0.290387	0.218218	0.000000	0.000000	0.000000
114	tsk_114	(x)	1	:	0.000000	0.000000	0.000000	0.000000	0.000000	0.000000	0.000000	0.000000	0.000000	0.568061	0.431939	0.000000	0.000000	0.000000
115	tsk_115	(x)	1	:	0.000000	0.000000	0.000000	0.000000	0.000000	0.499308	0.000000	0.000000	0.000000	0.334897	0.165795	0.000000	0.000000	0.000000
116	tsk_116	(x)	1	:	0.378300	0.000002	0.000000	0.000000	0.000000	0.000000	0.000000	0.000000	0.000000	0.414200	0.207497	0.000000	0.000000	0.000000
117	tsk_117	(x)	1	:	0.000000	0.000000	0.000000	0.000000	0.000000	0.000000	0.000000	0.000000	0.000000	0.561843	0.438157	0.000000	0.000000	0.000000
118	tsk_118	(x)	1	:	0.000000	0.000000	0.000000	0.530455	0.000000	0.000000	0.000000	0.000000	0.000000	0.000000	0.000000	0.000000	0.469545	0.000000
119	tsk_119	(x)	1	:	0.000000	0.000000	0.000000	0.491394	0.000000	0.000000	0.000000	0.000000	0.000000	0.266198	0.242407	0.000000	0.000000	0.000000
120	tsk_120	(x)	1	:	0.000000	0.000000	0.000000	0.513962	0.000000	0.000000	0.000000	0.000000	0.000000	0.000054	0.000164	0.000000	0.485820	0.000000
121	tsk_121	(x)	1	:	0.000000	0.000000	0.000000	0.000000	0.000000	0.000000	0.000000	0.000000	0.000000	0.129721	0.375201	0.000000	0.182552	0.312526
122	tsk_122	(x)	1	:	0.000000	0.000000	0.000000	0.000000	0.000000	0.000000	0.000000	0.000000	0.000000	0.000000	0.000000	0.000000	0.286043	0.713956
123	tsk_123	(x)	1	:	0.000000	0.000000	0.000000	0.000000	0.000000	0.000000	0.000000	0.000000	0.000000	0.000000	0.000000	0.000000	0.689899	0.310101
124	tsk_124	(x)	1	:	0.000000	0.000000	0.000000	0.000000	0.000000	0.000000	0.000000	0.000000	0.000000	0.266924	0.233075	0.000000	0.500000	0.000000
125	tsk_125	(x)	1	:	0.000000	0.000000	0.000000	0.514209	0.000000	0.000000	0.000000	0.000000	0.000000	0.000084	0.000251	0.000000	0.172867	0.312588
126	tsk_126	(x)	1	:	0.000000	0.000000	0.000000	0.000000	0.000000	0.000000	0.000000	0.000000	0.000000	0.103731	0.352074	0.000000	0.000000	0.544195
127	tsk_127	(x)	1	:	0.000000	0.000000	0.000000	0.000000	0.000000	0.000000	0.000000	0.000000	0.000000	0.200674	0.255131	0.000000	0.000000	0.544195
128	tsk_128	(x)	1	:	0.000000	0.000000	0.000000	0.514220	0.000000	0.000000	0.000000	0.000000	0.000000	0.000028	0.000157	0.000000	0.173013	0.312582
129	tsk_129	(x)	1	:	0.000000	0.000000	0.000000	0.515096	0.000000	0.000000	0.000000	0.000000	0.000000	0.121495	0.186567	0.000001	0.000000	0.176841
130	tsk_130	(x)	1	:	0.000000	0.290829	0.000000	0.000000	0.000000	0.000000	0.000000	0.000001	0.000000	0.065941	0.142042	0.000000	0.501187	0.000000
131	tsk_131	(x)	1	:	0.000000	0.390519	0.000000	0.000000	0.000000	0.000000	0.000000	0.000000	0.000000	0.276352	0.333129	0.000000	0.000000	0.000000
132	tsk_132	(x)	1	:	0.000000	0.388415	0.000000	0.000000	0.000000	0.000000	0.000000	0.489710	0.000000	0.096577	0.025298	0.000000	0.000000	0.000000
133	tsk_133	(x)	1	:	0.000000	0.000000	0.000000	0.000000	0.000000	0.000000	0.000000	0.490272	0.000000	0.455174	0.054554	0.000000	0.000000	0.000000
134	tsk_134	(x)	1	:	0.000000	0.000000	0.000000	0.000000	0.000000	0.499038	0.000000	0.000000	0.000000	0.003110	0.001384	0.496468	0.000000	0.000000
135	tsk_135	(x)	1	:	0.000000	0.388423	0.000000	0.000000	0.000000	0.000000	0.000000	0.489712	0.000000	0.090910	0.030955	0.000000	0.000000	0.000000
136	tsk_136	(x)	1	:	0.000000	0.000000	0.000000	0.000000	0.000000	0.502723	0.000000	0.497277	0.000000	0.000000	0.000000	0.000000	0.000000	0.000000
137	tsk_137	(x)	1	:	0.000000	0.000000	0.000000	0.000000	0.000000	0.502723	0.000000	0.497277	0.000000	0.000000	0.000000	0.000000	0.000000	0.000000
138	tsk_138	(x)	1	:	0.000000	0.557581	0.000000	0.000000	0.000000	0.000000	0.000000	0.000000	0.000000	0.000000	0.000000	0.000000	0.442419	0.000000
139	tsk_139	(x)	1	:	0.000000	0.389900	0.000000	0.000000	0.263503	0.000000	0.000000	0.000000	0.000000	0.124666	0.221931	0.000000	0.000000	0.000000
140	tsk_140	(x)	1	:	0.000000	0.000000	0.000000	0.000000	0.000000	1.000000	0.000000	0.000000	0.000000	0.000000	0.000000	0.000000	0.000000	0.000000
141	tsk_141	(x)	1	:	0.000000	0.000000	0.000000	0.000000	0.000000	0.499026	0.000000	0.000000	0.000000	0.002688	0.001973	0.496313	0.000000	0.000000
142	tsk_142	(x)	1	:	0.000000	0.000000	0.000000	0.000000	0.000000	0.000000	0.000000	0.000000	0.000000	0.000032	0.000032	0.000000	0.999935	0.000000
143	tsk_143	(x)	1	:	0.000000	0.000000	0.000000	0.000000	0.000000	0.499030	0.000000	0.000000	0.000000	0.000580	0.004029	0.000000	0.496361	0.000000
144	tsk_144	(x)	1	:	0.620224	0.000000	0.000000	0.000000	0.000000	0.000000	0.000000	0.000000	0.000000	0.281757	0.098019	0.000000	0.000000	0.000000
145	tsk_145	(x)	1	:	0.000000	0.000000	0.000000	0.000000	0.000000	0.000000	0.000000	0.000000	0.000000	0.638276	0.361724	0.000000	0.000000	0.000000
146	tsk_146	(x)	1	:	0.000000	0.000000	0.000000	0.000000	0.000000	0.499308	0.000000	0.000000	0.000000	0.314522	0.186170	0.000000	0.000000	0.000000
147	tsk_147	(x)	1	:	0.000000	0.000000	0.000000	0.000000	0.000000	1.000000	0.000000	0.000000	0.000000	0.000000	0.000000	0.000000	0.000000	0.000000
148	tsk_148	(x)	1	:	0.000000	0.000000	0.000000	0.395855	0.000000	0.604145	0.000000	0.000000	0.000000	0.000000	0.000000	0.000000	0.000000	0.000000
149	tsk_149	(x)	1	:	0.000000	0.000000	0.000000	0.000000	0.000000	0.499308	0.000000	0.000000	0.000000	0.283234	0.217458	0.000000	0.000000	0.000000
