logL = -1590.078942 (converged)
AIC = 4850.157884
BIC = 7364.038354

count.K
3 67 25 14 41 

