logL = -1306.797620 (converged)
AIC = 5015.595239
BIC = 8631.368228

count.K
2 19 29 24 66 10 0 

