0	tsk_0	(x)	1	:	0.000000	0.000000	0.000000	0.000000	0.000000	0.000000	0.000000	0.000000	0.465898	0.000000	0.534102	0.000000	0.000000	0.000000	0.000000
1	tsk_1	(x)	1	:	0.000000	0.000000	0.000000	0.500000	0.000000	0.000000	0.192192	0.000000	0.000000	0.000000	0.000000	0.250368	0.000000	0.057440	0.000000
2	tsk_2	(x)	1	:	0.000000	0.000000	0.000000	0.500000	0.000000	0.000000	0.000000	0.000000	0.000000	0.000000	0.000000	0.000000	0.000000	0.000000	0.500000
3	tsk_3	(x)	1	:	0.000000	0.000000	0.000000	0.000000	0.000000	0.000000	0.048821	0.000000	0.373770	0.000000	0.523077	0.031837	0.000000	0.022496	0.000000
4	tsk_4	(x)	1	:	0.000000	0.000000	0.000000	0.000000	0.000000	0.000000	0.000001	0.000000	0.999995	0.000000	0.000000	0.000004	0.000000	0.000000	0.000000
5	tsk_5	(x)	1	:	0.000000	0.000000	0.000000	0.000000	0.000000	0.000000	0.546108	0.000000	0.000000	0.000000	0.000000	0.271345	0.000000	0.182547	0.000000
6	tsk_6	(x)	1	:	0.000000	0.000000	0.459893	0.000000	0.000000	0.000000	0.045381	0.000000	0.376573	0.000000	0.000000	0.079096	0.000000	0.039057	0.000000
7	tsk_7	(x)	1	:	0.000000	0.000000	0.000000	1.000000	0.000000	0.000000	0.000000	0.000000	0.000000	0.000000	0.000000	0.000000	0.000000	0.000000	0.000000
8	tsk_8	(x)	1	:	0.000000	0.000000	0.000000	0.500000	0.000000	0.000000	0.011395	0.000000	0.000000	0.000000	0.000000	0.334135	0.000000	0.154470	0.000000
9	tsk_9	(x)	1	:	0.000000	0.000000	0.000000	0.500000	0.000000	0.000000	0.247656	0.000000	0.000000	0.000000	0.000000	0.182012	0.000000	0.070332	0.000000
10	tsk_10	(x)	1	:	0.000000	0.000000	0.000000	0.500000	0.000000	0.000000	0.147127	0.000001	0.000000	0.000000	0.000000	0.032779	0.000000	0.320092	0.000000
11	tsk_11	(x)	1	:	0.000000	0.000000	0.000000	0.000000	0.000000	0.000000	0.326000	0.000000	0.376705	0.000000	0.000000	0.297294	0.000000	0.000000	0.000000
12	tsk_12	(x)	1	:	0.000000	0.000000	0.000000	0.000000	0.000000	1.000000	0.000000	0.000000	0.000000	0.000000	0.000000	0.000000	0.000000	0.000000	0.000000
13	tsk_13	(x)	1	:	0.000000	0.000000	0.000000	0.499986	0.000000	0.000000	0.044280	0.000000	0.376542	0.000000	0.000000	0.037559	0.000000	0.041633	0.000000
14	tsk_14	(x)	1	:	0.000000	0.000000	0.000000	0.000000	0.000000	0.000000	0.202305	0.000000	0.000000	0.000000	0.000000	0.497710	0.000000	0.299985	0.000000
15	tsk_15	(x)	1	:	0.000000	0.000000	0.000000	0.000000	0.000000	0.587013	0.222387	0.000002	0.000000	0.000000	0.000000	0.163129	0.000000	0.027469	0.000000
16	tsk_16	(x)	1	:	0.000000	0.000000	0.000000	0.000000	0.000000	1.000000	0.000000	0.000000	0.000000	0.000000	0.000000	0.000000	0.000000	0.000000	0.000000
17	tsk_17	(x)	1	:	0.000000	0.000000	0.000000	0.000000	0.000000	0.000000	0.412361	0.000000	0.000000	0.000000	0.000000	0.276630	0.000000	0.311009	0.000000
18	tsk_18	(x)	1	:	0.000000	0.000000	0.000000	0.500000	0.000000	0.000000	0.172537	0.000000	0.000000	0.000000	0.000000	0.327462	0.000000	0.000000	0.000000
19	tsk_19	(x)	1	:	0.000000	0.000000	0.000000	0.000000	0.000000	0.473598	0.167075	0.000000	0.000000	0.000000	0.000000	0.170991	0.000000	0.188336	0.000000
20	tsk_20	(x)	1	:	0.000000	0.000000	0.000000	0.000000	0.000000	0.000000	0.388429	0.000000	0.294293	0.000000	0.000000	0.196978	0.000000	0.120300	0.000000
21	tsk_21	(x)	1	:	0.000000	0.000000	0.000000	0.000000	0.000000	0.000000	0.352431	0.000000	0.000000	0.000000	0.000000	0.554458	0.000000	0.093111	0.000000
22	tsk_22	(x)	1	:	0.000000	0.000000	0.000000	0.000000	0.000000	0.000000	0.443789	0.000000	0.000000	0.000000	0.000000	0.165379	0.000000	0.390832	0.000000
23	tsk_23	(x)	1	:	0.000000	0.000000	0.000000	0.000000	0.000000	0.000000	0.169248	0.000000	0.294293	0.000000	0.000000	0.531176	0.000000	0.005282	0.000000
24	tsk_24	(x)	1	:	0.000000	0.508099	0.000000	0.000000	0.000000	0.000000	0.031276	0.000000	0.294238	0.000000	0.000000	0.122136	0.000000	0.044251	0.000000
25	tsk_25	(x)	1	:	0.000000	0.000000	0.000000	0.000000	0.000000	0.000000	0.301241	0.000000	0.000000	0.000000	0.000000	0.625647	0.000000	0.073112	0.000000
26	tsk_26	(x)	1	:	0.000000	0.000000	0.000000	0.000000	0.000000	0.000000	0.426122	0.000000	0.000000	0.000000	0.000000	0.164710	0.000000	0.409168	0.000000
27	tsk_27	(x)	1	:	0.000000	0.000000	0.000000	0.000000	0.000000	0.000000	0.346308	0.000000	0.000000	0.000000	0.000000	0.395625	0.000000	0.258067	0.000000
28	tsk_28	(x)	1	:	0.000000	0.000000	0.000000	0.000000	0.000000	0.000000	0.195787	0.000000	0.000000	0.000000	0.000000	0.606316	0.000000	0.197897	0.000000
29	tsk_29	(x)	1	:	0.000000	0.000000	0.000000	0.000000	0.000000	0.000000	0.297262	0.000000	0.000000	0.000000	0.000000	0.333896	0.000000	0.368842	0.000000
30	tsk_30	(x)	1	:	0.000000	0.000000	0.000000	0.000000	0.500000	0.000000	0.386687	0.000000	0.000000	0.000000	0.000000	0.020967	0.000000	0.092346	0.000000
31	tsk_31	(x)	1	:	0.000000	0.000000	0.000000	0.000000	0.350728	0.000000	0.000000	0.000000	0.000000	0.000000	0.649272	0.000000	0.000000	0.000000	0.000000
32	tsk_32	(x)	1	:	0.000000	0.000000	0.000000	0.500000	0.000000	0.000000	0.188908	0.000000	0.000000	0.000000	0.000000	0.128139	0.000000	0.182953	0.000000
33	tsk_33	(x)	1	:	0.000000	0.000000	0.460015	0.000000	0.000000	0.000000	0.255805	0.000000	0.000000	0.000000	0.000000	0.086054	0.000000	0.198127	0.000000
34	tsk_34	(x)	1	:	0.000000	0.000000	0.000000	0.500000	0.500000	0.000000	0.000000	0.000000	0.000000	0.000000	0.000000	0.000000	0.000000	0.000000	0.000000
35	tsk_35	(x)	1	:	0.000000	0.000000	0.000000	0.000000	1.000000	0.000000	0.000000	0.000000	0.000000	0.000000	0.000000	0.000000	0.000000	0.000000	0.000000
36	tsk_36	(x)	1	:	0.000000	0.000000	0.000000	0.000000	0.500000	0.000000	0.273608	0.000003	0.000000	0.000000	0.000000	0.159766	0.000000	0.066623	0.000000
37	tsk_37	(x)	1	:	0.000000	0.000000	0.000000	0.499990	0.000000	0.000000	0.012081	0.000000	0.465983	0.000000	0.000000	0.021945	0.000000	0.000000	0.000000
38	tsk_38	(x)	1	:	0.000000	0.000000	0.000000	1.000000	0.000000	0.000000	0.000000	0.000000	0.000000	0.000000	0.000000	0.000000	0.000000	0.000000	0.000000
39	tsk_39	(x)	1	:	0.000000	0.000000	0.000000	1.000000	0.000000	0.000000	0.000000	0.000000	0.000000	0.000000	0.000000	0.000000	0.000000	0.000000	0.000000
40	tsk_40	(x)	1	:	0.000000	0.000000	0.000000	0.000000	0.000000	0.000000	0.138992	0.000000	0.000000	0.240592	0.493827	0.075123	0.000000	0.051465	0.000000
41	tsk_41	(x)	1	:	0.000000	0.000000	0.000000	0.000000	0.000000	0.000000	0.538705	0.000000	0.000000	0.000000	0.000000	0.150252	0.000000	0.311043	0.000000
42	tsk_42	(x)	1	:	0.000000	0.000000	0.501857	0.000000	0.000000	0.000000	0.000000	0.000000	0.000000	0.000000	0.498142	0.000000	0.000000	0.000000	0.000000
43	tsk_43	(x)	1	:	0.000000	0.000000	0.000000	0.000000	0.000000	0.000000	0.375006	0.000000	0.000000	0.000000	0.000000	0.418507	0.000000	0.206487	0.000000
44	tsk_44	(x)	1	:	0.000000	0.000000	0.000000	0.000000	0.000000	0.000000	0.513138	0.000000	0.000000	0.000000	0.000000	0.364310	0.000000	0.122552	0.000000
45	tsk_45	(x)	1	:	0.000000	0.000000	0.000000	0.000000	0.000000	0.000000	0.167999	0.000000	0.294293	0.000000	0.000000	0.442860	0.000000	0.094848	0.000000
46	tsk_46	(x)	1	:	0.000000	0.000000	0.000000	0.000000	0.000000	0.000000	0.121748	0.000000	0.000000	0.240592	0.493827	0.000000	0.000000	0.143833	0.000000
47	tsk_47	(x)	1	:	0.499050	0.000000	0.000000	0.000000	0.000000	0.000000	0.198316	0.000006	0.000000	0.000000	0.000000	0.069065	0.000000	0.233563	0.000000
48	tsk_48	(x)	1	:	0.000000	0.000000	0.000000	0.000000	0.000000	0.000000	0.144776	0.000000	0.294317	0.000000	0.493856	0.042388	0.000000	0.024663	0.000000
49	tsk_49	(x)	1	:	0.000000	0.000000	0.000000	0.000000	0.000000	0.000000	0.486063	0.000000	0.000000	0.000000	0.000000	0.305004	0.000000	0.208932	0.000000
50	tsk_50	(x)	1	:	0.508211	0.000000	0.006861	0.000000	0.000000	0.474193	0.006006	0.000001	0.000000	0.000000	0.000000	0.003865	0.000000	0.000862	0.000000
51	tsk_51	(x)	1	:	0.496754	0.000000	0.000000	0.000000	0.000000	0.000000	0.154315	0.000009	0.000000	0.000000	0.000000	0.177567	0.000000	0.171355	0.000000
52	tsk_52	(x)	1	:	0.495173	0.000000	0.000000	0.000000	0.000000	0.000000	0.072123	0.000009	0.000000	0.000000	0.000000	0.169515	0.000000	0.263180	0.000000
53	tsk_53	(x)	1	:	0.000000	0.000000	0.000000	0.000000	0.000000	0.000000	0.209670	0.000000	0.376705	0.000000	0.000000	0.240726	0.000000	0.172899	0.000000
54	tsk_54	(x)	1	:	0.492759	0.504418	0.000000	0.000000	0.000000	0.000000	0.000288	0.000001	0.000000	0.000000	0.000000	0.000829	0.000000	0.001706	0.000000
55	tsk_55	(x)	1	:	0.000000	0.000000	0.000000	0.500000	0.000000	0.000000	0.104771	0.000001	0.000000	0.000000	0.000000	0.259567	0.000000	0.135660	0.000000
56	tsk_56	(x)	1	:	0.000000	0.000000	0.000000	0.000000	0.000000	0.473599	0.166101	0.000000	0.000000	0.000000	0.000000	0.269950	0.000000	0.090350	0.000000
57	tsk_57	(x)	1	:	0.000000	0.000000	0.000000	0.000000	0.000000	0.473598	0.350500	0.000000	0.000000	0.000000	0.000000	0.082639	0.000000	0.093263	0.000000
58	tsk_58	(x)	1	:	0.504130	0.000000	0.001860	0.000000	0.000000	0.474683	0.008805	0.000001	0.000000	0.000000	0.000000	0.005281	0.000000	0.005240	0.000000
59	tsk_59	(x)	1	:	0.000000	0.534476	0.001707	0.000000	0.000000	0.463817	0.000000	0.000000	0.000000	0.000000	0.000000	0.000000	0.000000	0.000000	0.000000
60	tsk_60	(x)	1	:	0.000000	0.000000	0.000000	0.000000	0.000000	0.000000	0.229224	0.000000	0.000000	0.000000	0.000000	0.539492	0.000000	0.231284	0.000000
61	tsk_61	(x)	1	:	0.000000	0.000000	0.321884	0.000000	0.000000	0.000000	0.264192	0.000001	0.000000	0.000000	0.000000	0.294945	0.000000	0.118978	0.000000
62	tsk_62	(x)	1	:	0.000000	0.000000	0.000000	0.500000	0.000000	0.000000	0.301639	0.000000	0.000000	0.000000	0.000000	0.122828	0.000000	0.075533	0.000000
63	tsk_63	(x)	1	:	0.000000	0.000000	0.321876	0.000000	0.000000	0.000000	0.436115	0.000000	0.000000	0.000000	0.000000	0.227900	0.000000	0.014109	0.000000
64	tsk_64	(x)	1	:	0.000000	0.000000	0.000000	0.000000	0.000000	0.000000	0.072934	0.000000	0.000000	0.000000	0.000000	0.825451	0.000000	0.101615	0.000000
65	tsk_65	(x)	1	:	0.000000	0.000000	0.000000	0.000000	0.000000	0.000000	0.373448	0.000001	0.000000	0.000000	0.000000	0.415229	0.000000	0.211321	0.000000
66	tsk_66	(x)	1	:	0.000000	0.000000	0.000000	0.500000	0.000000	0.000000	0.206528	0.000000	0.000000	0.000000	0.000000	0.187916	0.000000	0.105556	0.000000
67	tsk_67	(x)	1	:	0.000000	0.000000	0.000000	0.000000	0.000000	0.000000	0.253153	0.000000	0.000000	0.000000	0.000000	0.383787	0.000000	0.363060	0.000000
68	tsk_68	(x)	1	:	0.000000	0.000000	0.000000	0.000000	0.000000	0.000000	0.355420	0.000000	0.000000	0.000000	0.000000	0.504227	0.000000	0.140353	0.000000
69	tsk_69	(x)	1	:	0.000000	0.000000	0.000000	0.000000	0.000000	0.000000	0.196888	0.000000	0.000000	0.000000	0.000000	0.503495	0.000000	0.299617	0.000000
70	tsk_70	(x)	1	:	0.498655	0.000000	0.000000	0.000000	0.000000	0.000000	0.174221	0.000007	0.000000	0.000000	0.000000	0.327117	0.000000	0.000000	0.000000
71	tsk_71	(x)	1	:	0.441804	0.000000	0.000000	0.000000	0.000000	0.558196	0.000000	0.000000	0.000000	0.000000	0.000000	0.000000	0.000000	0.000000	0.000000
72	tsk_72	(x)	1	:	0.000000	0.000000	0.000000	0.000000	0.000000	0.000000	0.538493	0.000000	0.000000	0.000000	0.000000	0.261139	0.000000	0.200368	0.000000
73	tsk_73	(x)	1	:	0.000000	0.000000	0.000000	0.000000	0.000000	0.000000	0.545626	0.000001	0.000000	0.000000	0.000000	0.216011	0.000000	0.238362	0.000000
74	tsk_74	(x)	1	:	0.499576	0.000000	0.000000	0.000000	0.000000	0.000000	0.185279	0.000004	0.000000	0.000000	0.000000	0.169170	0.000000	0.145971	0.000000
75	tsk_75	(x)	1	:	0.498914	0.000000	0.000000	0.499892	0.000000	0.000000	0.000000	0.000000	0.000000	0.000000	0.000000	0.000000	0.000000	0.001194	0.000000
76	tsk_76	(x)	1	:	0.000000	0.000000	0.000000	0.000000	0.000000	0.000000	0.027978	0.000000	0.000000	0.000000	0.493853	0.162152	0.000000	0.316017	0.000000
77	tsk_77	(x)	1	:	1.000000	0.000000	0.000000	0.000000	0.000000	0.000000	0.000000	0.000000	0.000000	0.000000	0.000000	0.000000	0.000000	0.000000	0.000000
78	tsk_78	(x)	1	:	0.000000	0.000000	0.000000	0.500000	0.000000	0.000000	0.167272	0.000000	0.000000	0.000000	0.000000	0.095446	0.000000	0.237282	0.000000
79	tsk_79	(x)	1	:	0.000000	0.000000	0.000000	0.000000	0.000000	0.000000	0.320190	0.000000	0.000000	0.000000	0.000000	0.549081	0.000000	0.130729	0.000000
80	tsk_80	(x)	1	:	0.000000	0.000000	0.000000	0.500000	0.000000	0.000000	0.163311	0.000000	0.000000	0.000000	0.000000	0.110853	0.000000	0.225835	0.000000
81	tsk_81	(x)	1	:	0.000000	0.000000	0.000000	0.000000	0.000000	0.000000	0.040555	0.000000	0.000000	0.683014	0.000000	0.162075	0.000000	0.114356	0.000000
82	tsk_82	(x)	1	:	0.000000	0.000000	0.000000	0.000000	0.000000	0.192054	0.310808	0.000000	0.000000	0.000000	0.000000	0.497138	0.000000	0.000000	0.000000
83	tsk_83	(x)	1	:	0.000000	0.000000	0.000000	0.000000	0.000000	0.000000	0.303604	0.000000	0.376705	0.000000	0.000000	0.257990	0.000000	0.061700	0.000000
84	tsk_84	(x)	1	:	0.000000	0.000000	0.000000	0.000000	0.000000	0.000000	0.415363	0.000000	0.000000	0.000000	0.000000	0.560634	0.000000	0.024004	0.000000
85	tsk_85	(x)	1	:	0.000000	0.000000	0.000000	0.475054	0.000000	0.216863	0.148647	0.000000	0.000000	0.000000	0.000000	0.047659	0.000000	0.111777	0.000000
86	tsk_86	(x)	1	:	0.000000	0.000000	0.000000	0.000000	0.000000	0.000000	0.023453	0.000000	0.294293	0.000000	0.000000	0.560227	0.000000	0.122026	0.000000
87	tsk_87	(x)	1	:	0.000000	0.000000	0.000000	0.499939	0.000000	0.000000	0.174636	0.000000	0.000000	0.277062	0.000000	0.048363	0.000000	0.000000	0.000000
88	tsk_88	(x)	1	:	0.000000	0.000000	0.000000	0.000000	0.000000	0.473287	0.121887	0.000000	0.000000	0.277076	0.000000	0.109121	0.000000	0.018629	0.000000
89	tsk_89	(x)	1	:	0.000000	0.000000	0.000000	0.000000	0.000000	0.000000	0.357151	0.000000	0.000000	0.000000	0.000000	0.518649	0.000000	0.124199	0.000000
90	tsk_90	(x)	1	:	0.000000	0.000000	0.000000	0.000000	0.000000	0.000000	0.000000	0.000000	0.308434	0.208454	0.483111	0.000000	0.000000	0.000000	0.000000
91	tsk_91	(x)	1	:	0.000000	0.000000	0.000000	0.000000	0.000000	0.000000	0.000000	0.000000	0.313093	0.202967	0.483940	0.000000	0.000000	0.000000	0.000000
92	tsk_92	(x)	1	:	0.000000	0.501589	0.000000	0.498410	0.000000	0.000000	0.000000	0.000000	0.000000	0.000000	0.000000	0.000000	0.000000	0.000000	0.000000
93	tsk_93	(x)	1	:	0.000000	0.000000	0.000000	0.000000	0.000000	0.000000	0.153510	0.000000	0.376706	0.000000	0.000000	0.253081	0.000000	0.216704	0.000000
94	tsk_94	(x)	1	:	0.000000	0.000000	0.000000	0.000000	0.000000	0.000000	0.294566	0.000000	0.376705	0.000000	0.000000	0.220319	0.000000	0.108409	0.000000
95	tsk_95	(x)	1	:	0.000000	0.000000	0.000000	0.000000	0.000000	0.000000	0.000002	0.000000	0.999992	0.000000	0.000000	0.000005	0.000000	0.000001	0.000000
96	tsk_96	(x)	1	:	0.000000	0.000000	0.000000	0.000000	0.000000	0.000000	0.159758	0.000000	0.000000	0.230794	0.493826	0.043452	0.000000	0.072170	0.000000
97	tsk_97	(x)	1	:	0.000000	0.508100	0.000000	0.000000	0.000000	0.000000	0.011928	0.000000	0.294239	0.000000	0.000000	0.105899	0.000000	0.079834	0.000000
98	tsk_98	(x)	1	:	1.000000	0.000000	0.000000	0.000000	0.000000	0.000000	0.000000	0.000000	0.000000	0.000000	0.000000	0.000000	0.000000	0.000000	0.000000
99	tsk_99	(x)	1	:	1.000000	0.000000	0.000000	0.000000	0.000000	0.000000	0.000000	0.000000	0.000000	0.000000	0.000000	0.000000	0.000000	0.000000	0.000000
100	tsk_100	(x)	1	:	0.000000	0.534357	0.001935	0.000000	0.000000	0.463708	0.000000	0.000000	0.000000	0.000000	0.000000	0.000000	0.000000	0.000000	0.000000
101	tsk_101	(x)	1	:	0.000000	0.000000	0.495503	0.504497	0.000000	0.000000	0.000000	0.000000	0.000000	0.000000	0.000000	0.000000	0.000000	0.000000	0.000000
102	tsk_102	(x)	1	:	0.000000	0.000000	1.000000	0.000000	0.000000	0.000000	0.000000	0.000000	0.000000	0.000000	0.000000	0.000000	0.000000	0.000000	0.000000
103	tsk_103	(x)	1	:	0.000000	0.000000	0.012739	0.504029	0.000000	0.483232	0.000000	0.000000	0.000000	0.000000	0.000000	0.000000	0.000000	0.000000	0.000000
104	tsk_104	(x)	1	:	0.000000	0.000000	0.512460	0.000000	0.000000	0.487540	0.000000	0.000000	0.000000	0.000000	0.000000	0.000000	0.000000	0.000000	0.000000
105	tsk_105	(x)	1	:	0.501523	0.000000	0.461502	0.000000	0.000000	0.000000	0.013748	0.000001	0.000000	0.000000	0.000000	0.010628	0.000000	0.012597	0.000000
106	tsk_106	(x)	1	:	0.000000	0.000000	0.460017	0.000000	0.000000	0.000000	0.180693	0.000000	0.000000	0.000000	0.000000	0.237836	0.000000	0.121455	0.000000
107	tsk_107	(x)	1	:	0.000000	0.000000	0.459946	0.000000	0.000000	0.000000	0.019187	0.000001	0.376617	0.000000	0.000000	0.060963	0.000000	0.083286	0.000000
108	tsk_108	(x)	1	:	0.000000	0.000000	0.000000	0.000000	0.000000	0.473598	0.244636	0.000000	0.000000	0.000000	0.000000	0.212324	0.000000	0.069443	0.000000
109	tsk_109	(x)	1	:	0.000000	0.000000	0.512460	0.000000	0.000000	0.487540	0.000000	0.000000	0.000000	0.000000	0.000000	0.000000	0.000000	0.000000	0.000000
110	tsk_110	(x)	1	:	1.000000	0.000000	0.000000	0.000000	0.000000	0.000000	0.000000	0.000000	0.000000	0.000000	0.000000	0.000000	0.000000	0.000000	0.000000
111	tsk_111	(x)	1	:	0.000000	0.000000	0.000000	0.000000	0.000000	0.000000	0.337702	0.000000	0.000000	0.000000	0.000000	0.630200	0.000000	0.032098	0.000000
112	tsk_112	(x)	1	:	1.000000	0.000000	0.000000	0.000000	0.000000	0.000000	0.000000	0.000000	0.000000	0.000000	0.000000	0.000000	0.000000	0.000000	0.000000
113	tsk_113	(x)	1	:	0.499672	0.000000	0.000000	0.000000	0.000000	0.000000	0.217666	0.000003	0.000000	0.000000	0.000000	0.172239	0.000000	0.110419	0.000000
114	tsk_114	(x)	1	:	0.000000	0.000000	0.000000	0.000000	0.000000	0.000000	0.373405	0.000000	0.000000	0.000000	0.000000	0.411684	0.000000	0.214911	0.000000
115	tsk_115	(x)	1	:	0.000000	0.000000	0.000000	0.000000	0.000000	0.000000	0.116699	0.000001	0.000000	0.000000	0.000000	0.600839	0.000000	0.282461	0.000000
116	tsk_116	(x)	1	:	0.498908	0.000000	0.000000	0.000000	0.000000	0.000000	0.118857	0.000007	0.000000	0.000000	0.000000	0.168946	0.000000	0.213283	0.000000
117	tsk_117	(x)	1	:	1.000000	0.000000	0.000000	0.000000	0.000000	0.000000	0.000000	0.000000	0.000000	0.000000	0.000000	0.000000	0.000000	0.000000	0.000000
118	tsk_118	(x)	1	:	0.498251	0.000000	0.000000	0.000000	0.000000	0.000000	0.115686	0.000008	0.000000	0.000000	0.000000	0.104578	0.000000	0.281476	0.000000
119	tsk_119	(x)	1	:	0.000000	0.000000	0.000000	0.000000	0.000000	0.000000	0.266428	0.000000	0.000000	0.000000	0.493853	0.211052	0.000000	0.028666	0.000000
120	tsk_120	(x)	1	:	0.499769	0.000000	0.000000	0.000000	0.000000	0.000000	0.000018	0.000000	0.000000	0.000000	0.000000	0.000136	0.499770	0.000307	0.000000
121	tsk_121	(x)	1	:	0.000000	0.000000	0.000000	1.000000	0.000000	0.000000	0.000000	0.000000	0.000000	0.000000	0.000000	0.000000	0.000000	0.000000	0.000000
122	tsk_122	(x)	1	:	0.000000	0.000000	0.000000	1.000000	0.000000	0.000000	0.000000	0.000000	0.000000	0.000000	0.000000	0.000000	0.000000	0.000000	0.000000
123	tsk_123	(x)	1	:	0.000000	0.559285	0.440715	0.000000	0.000000	0.000000	0.000000	0.000000	0.000000	0.000000	0.000000	0.000000	0.000000	0.000000	0.000000
124	tsk_124	(x)	1	:	0.000000	0.508147	0.000000	0.000000	0.000000	0.000000	0.166324	0.000000	0.000000	0.000000	0.000000	0.306740	0.000000	0.018788	0.000000
125	tsk_125	(x)	1	:	0.000000	0.000000	0.000000	0.500000	0.000000	0.000000	0.192736	0.000000	0.000000	0.000000	0.000000	0.195251	0.000000	0.112012	0.000000
126	tsk_126	(x)	1	:	0.000000	0.000000	0.000000	1.000000	0.000000	0.000000	0.000000	0.000000	0.000000	0.000000	0.000000	0.000000	0.000000	0.000000	0.000000
127	tsk_127	(x)	1	:	0.000000	0.000000	0.000000	0.500000	0.000000	0.000000	0.140312	0.000000	0.000000	0.000000	0.000000	0.238933	0.000000	0.120755	0.000000
128	tsk_128	(x)	1	:	0.000000	0.000000	0.000000	1.000000	0.000000	0.000000	0.000000	0.000000	0.000000	0.000000	0.000000	0.000000	0.000000	0.000000	0.000000
129	tsk_129	(x)	1	:	0.000000	0.000000	0.000000	1.000000	0.000000	0.000000	0.000000	0.000000	0.000000	0.000000	0.000000	0.000000	0.000000	0.000000	0.000000
130	tsk_130	(x)	1	:	1.000000	0.000000	0.000000	0.000000	0.000000	0.000000	0.000000	0.000000	0.000000	0.000000	0.000000	0.000000	0.000000	0.000000	0.000000
131	tsk_131	(x)	1	:	0.000000	0.000287	0.000000	0.000000	0.000000	0.000000	0.000662	0.504277	0.000000	0.000000	0.494774	0.000000	0.000000	0.000000	0.000000
132	tsk_132	(x)	1	:	0.000000	0.501589	0.000000	0.498410	0.000000	0.000000	0.000000	0.000000	0.000000	0.000000	0.000000	0.000000	0.000000	0.000000	0.000000
133	tsk_133	(x)	1	:	1.000000	0.000000	0.000000	0.000000	0.000000	0.000000	0.000000	0.000000	0.000000	0.000000	0.000000	0.000000	0.000000	0.000000	0.000000
134	tsk_134	(x)	1	:	0.000000	0.000000	0.000000	0.000000	0.000000	0.000000	0.240394	0.000000	0.000000	0.000000	0.493853	0.102838	0.000000	0.162914	0.000000
135	tsk_135	(x)	1	:	0.498623	0.000000	0.000000	0.000000	0.000000	0.000000	0.122287	0.000008	0.000000	0.000000	0.000000	0.249870	0.000000	0.129213	0.000000
136	tsk_136	(x)	1	:	0.000000	0.000000	0.000000	0.000000	0.000000	0.000000	0.218020	0.000001	0.000000	0.000000	0.000000	0.516209	0.000000	0.265770	0.000000
137	tsk_137	(x)	1	:	0.493733	0.000000	0.000000	0.000000	0.000000	0.000000	0.106924	0.000008	0.000000	0.000000	0.000000	0.155925	0.000000	0.243410	0.000000
138	tsk_138	(x)	1	:	0.000000	0.000000	0.000000	0.000000	0.000000	0.000000	0.659587	0.000000	0.000000	0.000000	0.000000	0.099511	0.000000	0.240902	0.000000
139	tsk_139	(x)	1	:	0.000000	0.000000	0.000000	0.000000	0.000000	0.000000	0.395569	0.000000	0.000000	0.000000	0.000000	0.442931	0.000000	0.161499	0.000000
140	tsk_140	(x)	1	:	0.499523	0.000000	0.000000	0.000000	0.000000	0.000000	0.157424	0.000004	0.000000	0.000000	0.000000	0.101950	0.000000	0.241098	0.000000
141	tsk_141	(x)	1	:	0.000000	0.000000	0.000000	0.000000	0.000000	0.000000	0.508395	0.000000	0.000000	0.000000	0.000000	0.259436	0.000000	0.232169	0.000000
142	tsk_142	(x)	1	:	0.000000	0.501589	0.000000	0.498410	0.000000	0.000000	0.000000	0.000000	0.000000	0.000000	0.000000	0.000000	0.000000	0.000000	0.000000
143	tsk_143	(x)	1	:	0.000000	0.000000	0.000000	0.000000	0.000000	0.000000	0.104672	0.000000	0.000000	0.000000	0.493853	0.182892	0.000000	0.218582	0.000000
144	tsk_144	(x)	1	:	0.000000	0.000000	0.000000	0.500000	0.000000	0.000000	0.316875	0.000000	0.000000	0.000000	0.000000	0.095469	0.000000	0.087656	0.000000
145	tsk_145	(x)	1	:	0.000000	0.000000	0.000000	1.000000	0.000000	0.000000	0.000000	0.000000	0.000000	0.000000	0.000000	0.000000	0.000000	0.000000	0.000000
146	tsk_146	(x)	1	:	0.000000	0.000000	0.000000	0.000000	0.000000	0.000000	0.096429	0.000000	0.000000	0.000000	0.000000	0.897036	0.000000	0.006535	0.000000
147	tsk_147	(x)	1	:	0.000000	0.000000	0.000000	0.000000	0.000000	0.473598	0.334256	0.000000	0.000000	0.000000	0.000000	0.134120	0.000000	0.058026	0.000000
148	tsk_148	(x)	1	:	0.000000	0.000000	0.000000	0.000000	0.000000	0.000000	0.485868	0.000000	0.000000	0.000000	0.000000	0.345162	0.000000	0.168970	0.000000
149	tsk_149	(x)	1	:	0.000000	0.000000	0.000000	0.000000	0.000000	0.000000	0.249148	0.000000	0.000000	0.000000	0.000000	0.630515	0.000000	0.120337	0.000000
