logL = -986.726489 (converged)
AIC = 3845.452977
BIC = 6663.407613

count.K
13 8 26 56 44 3 

