logL = -1203.314537 (converged)
AIC = 7280.629073
BIC = 14617.547285

count.K
12 5 3 8 42 4 18 17 1 8 1 0 31 

