logL = -1813.875661 (converged)
AIC = 8527.751321
BIC = 15903.807792

count.K
3 9 10 7 38 8 14 5 2 11 8 30 5 

