logL = -1095.978348 (converged)
AIC = 2603.956696
BIC = 3224.147567

count.K
37 113 

