logL = -695.010351 (converged)
AIC = 6074.020703
BIC = 13124.928562

count.K
0 28 7 6 27 5 19 19 7 11 8 5 2 6 

