logL = -873.051030 (converged)
AIC = 6256.102060
BIC = 13045.084648

count.K
2 8 23 10 13 5 4 12 25 12 16 2 18 

