0	tsk_0	(x)	1	:	0.000000	0.000000	0.000000	0.000000	0.000000	0.000000	0.000000	0.475530	0.155088	0.000000	0.369382	0.000000
1	tsk_1	(x)	1	:	0.000000	0.000000	0.000000	0.000000	0.000000	0.477784	0.000000	0.000000	0.364385	0.000000	0.140489	0.017342
2	tsk_2	(x)	1	:	0.000000	0.000000	0.000000	0.000000	0.000000	0.000000	0.500000	0.000000	0.226779	0.000000	0.273220	0.000000
3	tsk_3	(x)	1	:	0.000000	0.000000	0.000000	0.000000	0.000000	1.000000	0.000000	0.000000	0.000000	0.000000	0.000000	0.000000
4	tsk_4	(x)	1	:	0.000000	0.000000	0.000000	0.000000	0.000000	0.000000	0.000000	0.475530	0.214077	0.000000	0.310393	0.000000
5	tsk_5	(x)	1	:	0.000000	0.000000	0.000000	0.000000	0.000000	0.000000	0.000000	0.000000	0.492286	0.000000	0.507714	0.000000
6	tsk_6	(x)	1	:	0.000000	0.000000	0.000000	0.000000	0.000000	0.000000	0.000000	0.464957	0.009250	0.000000	0.001467	0.524326
7	tsk_7	(x)	1	:	0.000000	0.000000	0.000000	0.000000	0.000000	0.000000	0.000000	0.000000	0.242241	0.547777	0.209982	0.000000
8	tsk_8	(x)	1	:	0.000000	0.000000	0.000000	0.000000	0.000000	0.000000	0.500000	0.000000	0.050853	0.000000	0.449146	0.000000
9	tsk_9	(x)	1	:	0.000000	0.000000	0.000000	0.000000	0.000000	0.000000	0.000000	0.000000	0.243644	0.000000	0.756356	0.000000
10	tsk_10	(x)	1	:	0.000000	0.000000	0.000000	0.000000	0.000000	0.000000	0.000000	0.475530	0.302823	0.000000	0.221647	0.000000
11	tsk_11	(x)	1	:	0.000000	0.000000	0.500763	0.000000	0.000000	0.000000	0.000000	0.000974	0.002506	0.000000	0.002229	0.493529
12	tsk_12	(x)	1	:	0.000000	0.000000	0.500671	0.000000	0.000000	0.000000	0.000000	0.001174	0.001728	0.000000	0.002894	0.493533
13	tsk_13	(x)	1	:	0.000000	0.000000	0.000000	0.000000	0.000000	1.000000	0.000000	0.000000	0.000000	0.000000	0.000000	0.000000
14	tsk_14	(x)	1	:	0.000000	0.000000	0.000000	0.000000	0.000000	0.485542	0.000000	0.000000	0.000000	0.000000	0.000000	0.514457
15	tsk_15	(x)	1	:	0.000000	0.000000	0.500283	0.000000	0.000000	0.478078	0.000000	0.000685	0.002545	0.000000	0.001278	0.017132
16	tsk_16	(x)	1	:	0.000000	0.000000	0.000000	0.000000	0.000000	0.000000	0.000000	0.475530	0.085305	0.000000	0.439165	0.000000
17	tsk_17	(x)	1	:	0.000000	0.000000	1.000000	0.000000	0.000000	0.000000	0.000000	0.000000	0.000000	0.000000	0.000000	0.000000
18	tsk_18	(x)	1	:	0.000000	0.000000	0.499733	0.000000	0.000000	0.000000	0.000000	0.004159	0.037474	0.452680	0.005954	0.000000
19	tsk_19	(x)	1	:	0.000000	0.000000	0.499830	0.000000	0.000000	0.478067	0.000000	0.000630	0.002169	0.000000	0.002278	0.017026
20	tsk_20	(x)	1	:	0.000000	0.000000	0.000000	0.000000	0.000000	0.000000	0.000000	0.000000	0.452156	0.000000	0.547844	0.000000
21	tsk_21	(x)	1	:	0.000000	0.000000	0.000000	0.000000	0.000000	0.000000	0.000000	0.477345	0.018837	0.000000	0.010385	0.493434
22	tsk_22	(x)	1	:	0.393361	0.000000	0.000000	0.000000	0.000000	0.000000	0.000000	0.000000	0.000000	0.606639	0.000000	0.000000
23	tsk_23	(x)	1	:	0.000000	0.000000	0.000000	0.000000	0.000000	0.000000	0.000000	0.000000	0.238752	0.547777	0.213470	0.000000
24	tsk_24	(x)	1	:	0.000000	0.000000	0.000000	0.000000	0.000000	0.528106	0.000000	0.000000	0.000000	0.471894	0.000000	0.000000
25	tsk_25	(x)	1	:	0.000000	0.000000	0.000000	0.000000	0.000000	0.000000	0.000000	0.000000	0.338283	0.000000	0.168502	0.493215
26	tsk_26	(x)	1	:	0.000000	0.000000	0.000000	0.000000	0.000000	0.000000	0.000000	0.000000	0.000000	0.000000	0.000000	1.000000
27	tsk_27	(x)	1	:	0.000000	0.000000	0.000000	0.000000	0.000000	0.000000	0.000000	0.000000	0.231911	0.000000	0.768089	0.000000
28	tsk_28	(x)	1	:	0.000000	0.000000	0.000000	0.000000	0.000000	0.000000	0.000000	0.000000	0.352645	0.000000	0.154140	0.493215
29	tsk_29	(x)	1	:	0.000000	0.000000	0.000000	0.000000	0.000000	0.000000	0.000000	0.000000	0.212914	0.000000	0.787086	0.000000
30	tsk_30	(x)	1	:	0.000000	0.000000	0.000000	0.000000	0.000000	0.000000	0.000000	0.000000	0.367711	0.000000	0.632289	0.000000
31	tsk_31	(x)	1	:	0.000000	0.000000	0.000000	0.000000	0.000000	0.000000	0.000000	0.000000	0.593622	0.000000	0.406378	0.000000
32	tsk_32	(x)	1	:	0.000000	0.000000	0.000000	0.000000	0.509742	0.475571	0.000000	0.000000	0.000080	0.000000	0.000025	0.014582
33	tsk_33	(x)	1	:	0.000000	0.000000	0.000000	0.000000	0.000000	0.000000	0.000000	0.000000	0.091442	0.000000	0.908557	0.000000
34	tsk_34	(x)	1	:	0.000000	0.000000	0.000000	0.000000	0.000000	0.000000	0.000000	0.476493	0.025576	0.000000	0.004600	0.493331
35	tsk_35	(x)	1	:	0.000000	0.000000	0.000000	0.000000	0.509798	0.475571	0.000000	0.000000	0.000021	0.000000	0.000024	0.014586
36	tsk_36	(x)	1	:	0.000000	0.000000	0.000000	0.000000	0.000000	0.000000	0.000000	0.000000	0.261980	0.000000	0.738020	0.000000
37	tsk_37	(x)	1	:	0.000000	0.000000	0.000000	0.000000	0.000000	0.591434	0.000000	0.000000	0.000000	0.000000	0.000000	0.408565
38	tsk_38	(x)	1	:	0.000000	0.000000	0.000000	0.000000	0.000000	0.477807	0.000000	0.000000	0.305582	0.000000	0.199297	0.017314
39	tsk_39	(x)	1	:	0.000000	0.000000	0.000000	0.000000	0.000000	0.540833	0.000000	0.000000	0.006389	0.000000	0.452778	0.000000
40	tsk_40	(x)	1	:	1.000000	0.000000	0.000000	0.000000	0.000000	0.000000	0.000000	0.000000	0.000000	0.000000	0.000000	0.000000
41	tsk_41	(x)	1	:	0.000000	0.000000	0.000000	0.000000	0.000000	0.000000	0.000000	0.000000	0.236315	0.000000	0.763685	0.000000
42	tsk_42	(x)	1	:	0.000000	0.000000	0.000000	0.000000	0.000000	0.000000	0.000000	0.322667	0.181972	0.000000	0.495361	0.000000
43	tsk_43	(x)	1	:	0.000000	0.000000	0.000000	0.000000	0.000000	0.000000	0.000000	0.000000	0.245709	0.000000	0.754291	0.000000
44	tsk_44	(x)	1	:	0.000000	0.000000	0.000000	0.000000	0.000000	0.000000	0.500000	0.000000	0.148475	0.000000	0.351525	0.000000
45	tsk_45	(x)	1	:	0.000000	0.000000	0.000000	0.000000	0.000000	0.000000	0.000000	0.000000	0.358531	0.000000	0.641469	0.000000
46	tsk_46	(x)	1	:	0.000000	0.000000	0.000000	0.000000	0.000000	0.000000	0.000000	0.000000	0.248590	0.000000	0.751410	0.000000
47	tsk_47	(x)	1	:	0.000000	0.000000	0.000000	0.000000	0.000000	0.000000	0.500000	0.000000	0.060536	0.000000	0.439464	0.000000
48	tsk_48	(x)	1	:	0.000000	0.135309	0.000000	0.000000	0.000000	0.000000	0.000000	0.000000	0.300150	0.000000	0.564541	0.000000
49	tsk_49	(x)	1	:	0.000000	0.000000	0.000000	0.000000	0.000000	0.000000	0.000000	0.000000	0.295897	0.000000	0.704103	0.000000
50	tsk_50	(x)	1	:	0.000000	0.000000	0.000000	0.000000	0.000000	0.000000	0.000000	0.000000	0.509418	0.000000	0.490582	0.000000
51	tsk_51	(x)	1	:	0.000000	0.000000	0.000000	0.000000	0.000000	0.000000	0.000000	0.000000	0.234317	0.000000	0.765683	0.000000
52	tsk_52	(x)	1	:	0.000000	0.000000	0.000000	0.000000	0.000000	0.000000	0.000000	0.000000	0.412125	0.000000	0.094660	0.493215
53	tsk_53	(x)	1	:	0.000000	0.000000	0.000000	0.000000	0.000000	0.518534	0.000000	0.000000	0.024929	0.000000	0.456536	0.000000
54	tsk_54	(x)	1	:	0.000000	0.000000	0.000000	0.000000	0.000000	0.000000	0.000000	0.482579	0.016964	0.000000	0.006387	0.494069
55	tsk_55	(x)	1	:	0.000000	0.000000	0.000000	0.000000	0.000000	0.000000	0.000000	0.475530	0.109749	0.000000	0.414721	0.000000
56	tsk_56	(x)	1	:	0.000000	0.000000	0.000000	0.000000	0.000000	0.000000	0.000000	0.000000	0.360476	0.000000	0.113965	0.525558
57	tsk_57	(x)	1	:	0.000000	0.000000	0.000000	0.000000	0.000000	0.000000	0.000000	0.000000	0.357039	0.000000	0.149746	0.493215
58	tsk_58	(x)	1	:	0.000000	0.000000	0.000000	0.000000	0.000000	0.000000	0.000000	0.000000	0.288054	0.451508	0.260438	0.000000
59	tsk_59	(x)	1	:	0.000000	0.000000	0.000000	0.000000	0.000000	0.000000	0.000000	0.000000	0.366888	0.000000	0.139897	0.493215
60	tsk_60	(x)	1	:	0.000000	0.000000	0.000000	0.000000	0.000000	0.000000	0.000000	0.475530	0.108102	0.000000	0.416368	0.000000
61	tsk_61	(x)	1	:	0.000000	0.000000	0.000000	0.000000	0.000000	0.000000	0.000000	0.000000	0.193253	0.605711	0.201036	0.000000
62	tsk_62	(x)	1	:	0.000000	0.000000	0.000000	0.000000	0.556042	0.000000	0.000000	0.000000	0.000234	0.443006	0.000717	0.000000
63	tsk_63	(x)	1	:	0.000000	0.000000	0.000000	0.000000	0.556108	0.000000	0.000000	0.000000	0.000481	0.443017	0.000393	0.000000
64	tsk_64	(x)	1	:	0.000000	0.000000	0.000000	0.000000	0.000000	0.000000	0.000000	0.000000	0.086115	0.547777	0.366108	0.000000
65	tsk_65	(x)	1	:	0.000000	0.000000	0.000000	0.000000	0.000000	0.000000	0.469539	0.000000	0.000012	0.530441	0.000009	0.000000
66	tsk_66	(x)	1	:	0.000000	0.000000	0.000000	0.000000	0.000000	0.000000	0.000000	0.475530	0.247376	0.000000	0.277094	0.000000
67	tsk_67	(x)	1	:	0.000000	0.000000	0.000000	0.000000	0.000000	0.000000	0.000000	0.455892	0.001040	0.542152	0.000916	0.000000
68	tsk_68	(x)	1	:	0.000000	0.000000	0.000000	0.000000	0.000000	0.000000	0.000000	0.582778	0.000000	0.417221	0.000000	0.000000
69	tsk_69	(x)	1	:	0.000000	0.000000	0.000000	0.000000	0.000000	0.000000	0.000000	0.000000	0.000000	1.000000	0.000000	0.000000
70	tsk_70	(x)	1	:	0.548309	0.000000	0.000000	0.000000	0.000000	0.000000	0.000000	0.000000	0.053791	0.000000	0.397899	0.000000
71	tsk_71	(x)	1	:	1.000000	0.000000	0.000000	0.000000	0.000000	0.000000	0.000000	0.000000	0.000000	0.000000	0.000000	0.000000
72	tsk_72	(x)	1	:	0.517887	0.000000	0.000000	0.000000	0.000000	0.473037	0.000000	0.000000	0.000000	0.000000	0.000000	0.009076
73	tsk_73	(x)	1	:	1.000000	0.000000	0.000000	0.000000	0.000000	0.000000	0.000000	0.000000	0.000000	0.000000	0.000000	0.000000
74	tsk_74	(x)	1	:	0.548309	0.000000	0.000000	0.000000	0.000000	0.000000	0.000000	0.000000	0.098382	0.000000	0.353309	0.000000
75	tsk_75	(x)	1	:	1.000000	0.000000	0.000000	0.000000	0.000000	0.000000	0.000000	0.000000	0.000000	0.000000	0.000000	0.000000
76	tsk_76	(x)	1	:	0.548309	0.000000	0.000000	0.000000	0.000000	0.000000	0.000000	0.000000	0.185751	0.000000	0.265940	0.000000
77	tsk_77	(x)	1	:	0.548309	0.000000	0.000000	0.000000	0.000000	0.000000	0.000000	0.000000	0.148048	0.000000	0.303643	0.000000
78	tsk_78	(x)	1	:	1.000000	0.000000	0.000000	0.000000	0.000000	0.000000	0.000000	0.000000	0.000000	0.000000	0.000000	0.000000
79	tsk_79	(x)	1	:	1.000000	0.000000	0.000000	0.000000	0.000000	0.000000	0.000000	0.000000	0.000000	0.000000	0.000000	0.000000
80	tsk_80	(x)	1	:	0.517886	0.000000	0.000000	0.000000	0.000000	0.473037	0.000000	0.000000	0.000000	0.000000	0.000000	0.009077
81	tsk_81	(x)	1	:	0.478154	0.000000	0.000000	0.000000	0.000000	0.000000	0.000000	0.000000	0.000041	0.000000	0.000009	0.521796
82	tsk_82	(x)	1	:	0.000000	0.000000	0.000000	0.000000	0.000000	0.000000	0.000000	0.000000	0.000000	0.489425	0.000000	0.510575
83	tsk_83	(x)	1	:	0.000000	0.000000	0.000000	0.000000	0.000000	0.000000	0.500844	0.000000	0.015762	0.452037	0.031358	0.000000
84	tsk_84	(x)	1	:	0.478130	0.000000	0.000000	0.000000	0.000000	0.000000	0.000000	0.000000	0.000050	0.000000	0.000028	0.521792
85	tsk_85	(x)	1	:	0.000000	0.000000	0.000000	0.000000	0.000000	0.000000	0.501051	0.000000	0.024280	0.452166	0.022504	0.000000
86	tsk_86	(x)	1	:	0.397144	0.000000	0.000000	0.000000	0.000000	0.000000	0.000000	0.476497	0.052056	0.000000	0.074302	0.000000
87	tsk_87	(x)	1	:	0.000000	0.000000	0.000000	0.000000	0.000000	0.000000	0.000000	0.000000	0.379637	0.451508	0.168855	0.000000
88	tsk_88	(x)	1	:	0.000000	0.000000	0.000000	0.000000	0.000000	0.000000	0.000000	0.000000	0.000000	0.000000	0.000000	1.000000
89	tsk_89	(x)	1	:	0.000000	0.000000	0.000000	0.000000	0.000000	0.000000	0.000000	0.477223	0.020810	0.452014	0.049953	0.000000
90	tsk_90	(x)	1	:	0.000000	0.000000	0.000000	0.000000	0.000000	0.477769	0.000000	0.000000	0.229189	0.000000	0.275681	0.017362
91	tsk_91	(x)	1	:	0.000000	0.000000	0.000000	0.000000	0.000000	0.478079	0.501134	0.000000	0.002500	0.000000	0.001034	0.017254
92	tsk_92	(x)	1	:	0.000000	0.000000	0.000000	0.000000	0.000000	0.000000	0.000000	0.000000	0.131588	0.000000	0.868412	0.000000
93	tsk_93	(x)	1	:	0.548309	0.000000	0.000000	0.000000	0.000000	0.000000	0.000000	0.000000	0.131901	0.000000	0.319790	0.000000
94	tsk_94	(x)	1	:	0.000000	0.000000	0.000000	0.000000	0.000000	0.000000	0.000000	0.477361	0.024127	0.000000	0.005077	0.493436
95	tsk_95	(x)	1	:	0.000000	0.000000	0.000000	0.000000	0.000000	0.000000	0.000000	0.475530	0.147701	0.000000	0.376769	0.000000
96	tsk_96	(x)	1	:	1.000000	0.000000	0.000000	0.000000	0.000000	0.000000	0.000000	0.000000	0.000000	0.000000	0.000000	0.000000
97	tsk_97	(x)	1	:	0.000000	0.000000	0.000000	0.000000	0.000000	0.000000	0.501074	0.477689	0.006132	0.000000	0.015105	0.000000
98	tsk_98	(x)	1	:	0.000000	0.000000	0.000000	0.000000	0.000000	0.478097	0.501106	0.000000	0.002655	0.000000	0.000917	0.017225
99	tsk_99	(x)	1	:	0.000000	0.000000	0.000000	0.000000	0.000000	0.477832	0.000000	0.000000	0.326814	0.000000	0.178071	0.017282
100	tsk_100	(x)	1	:	0.000000	0.000000	0.000000	0.000000	0.000000	0.515425	0.483657	0.000000	0.000012	0.000000	0.000906	0.000000
101	tsk_101	(x)	1	:	0.000000	0.000000	0.000000	0.000000	0.000000	0.000000	0.500000	0.000000	0.159316	0.000000	0.340684	0.000000
102	tsk_102	(x)	1	:	0.000000	0.000000	0.000000	0.000000	0.000000	0.000000	0.469536	0.000000	0.000009	0.530439	0.000015	0.000000
103	tsk_103	(x)	1	:	0.000000	0.000000	0.000000	0.000000	0.000000	1.000000	0.000000	0.000000	0.000000	0.000000	0.000000	0.000000
104	tsk_104	(x)	1	:	0.000000	0.000000	0.000000	0.000000	0.000000	0.000000	0.000000	0.000000	0.413663	0.000000	0.586337	0.000000
105	tsk_105	(x)	1	:	0.004765	0.489869	0.000000	0.000000	0.000000	0.481390	0.000000	0.000000	0.000000	0.000000	0.000000	0.023976
106	tsk_106	(x)	1	:	0.000000	0.000000	0.000000	0.000000	0.000000	0.000000	0.000000	0.000000	0.000000	0.000000	0.000000	1.000000
107	tsk_107	(x)	1	:	0.003248	0.477519	0.000000	0.000000	0.000000	0.000000	0.519228	0.000000	0.000002	0.000000	0.000002	0.000000
108	tsk_108	(x)	1	:	0.000000	0.000000	0.000000	0.000000	0.000000	0.000000	0.000000	0.475530	0.092827	0.000000	0.431643	0.000000
109	tsk_109	(x)	1	:	0.000092	0.491538	0.000000	0.000000	0.000000	0.508371	0.000000	0.000000	0.000000	0.000000	0.000000	0.000000
110	tsk_110	(x)	1	:	0.000000	0.000000	0.000000	0.000000	0.000000	0.381610	0.000000	0.000000	0.000000	0.000000	0.000000	0.618390
111	tsk_111	(x)	1	:	0.000000	0.000000	0.000000	0.000000	0.000000	0.477809	0.000000	0.000000	0.360832	0.000000	0.144048	0.017311
112	tsk_112	(x)	1	:	0.548309	0.000000	0.000000	0.000000	0.000000	0.000000	0.000000	0.000000	0.158969	0.000000	0.292721	0.000000
113	tsk_113	(x)	1	:	0.000000	0.000000	0.000000	0.000000	0.000000	0.000000	0.000000	0.000000	0.351217	0.000000	0.123224	0.525558
114	tsk_114	(x)	1	:	0.000000	0.000000	0.000000	0.000000	0.000000	0.000000	0.000000	0.000000	0.164974	0.000000	0.835026	0.000000
115	tsk_115	(x)	1	:	0.489778	0.000000	0.000000	0.000000	0.000000	0.000000	0.000000	0.000000	0.000000	0.000000	0.000000	0.510222
116	tsk_116	(x)	1	:	0.000000	0.000000	0.000000	0.000000	0.000000	0.000000	0.000000	0.000000	0.344669	0.000000	0.129772	0.525558
117	tsk_117	(x)	1	:	0.000000	0.000000	0.000000	0.000000	0.000000	0.000000	0.000000	0.000000	0.000000	0.000000	0.000000	1.000000
118	tsk_118	(x)	1	:	0.000000	0.000000	0.000000	0.000000	0.000000	0.000000	0.000000	0.000000	0.000000	0.000000	0.000000	1.000000
119	tsk_119	(x)	1	:	0.000000	0.000000	0.497510	0.000000	0.000000	0.000000	0.000000	0.004980	0.150722	0.000000	0.346788	0.000000
120	tsk_120	(x)	1	:	0.000000	0.000000	0.000000	0.000000	0.000000	0.000000	0.000000	0.000000	0.000000	0.000000	0.000000	1.000000
121	tsk_121	(x)	1	:	0.478087	0.000000	0.000000	0.000000	0.000000	0.000000	0.000000	0.000000	0.000117	0.000000	0.000011	0.521785
122	tsk_122	(x)	1	:	0.000000	0.000000	0.000000	0.000000	0.000000	0.000000	0.000000	0.000000	0.000000	0.489425	0.000000	0.510575
123	tsk_123	(x)	1	:	0.000000	0.000000	0.000000	0.000000	0.000000	0.000000	0.000000	0.000000	0.000000	0.000000	0.000000	1.000000
124	tsk_124	(x)	1	:	0.000000	0.000000	0.000000	0.000000	0.000000	0.000000	0.000000	0.475530	0.211455	0.000000	0.313015	0.000000
125	tsk_125	(x)	1	:	0.000000	0.000000	0.000000	0.000000	0.000000	0.000000	0.501511	0.000000	0.003359	0.000000	0.001540	0.493590
126	tsk_126	(x)	1	:	0.000000	0.000000	0.000000	0.000000	0.000000	0.000000	0.000000	0.000000	0.000000	0.000000	0.000000	1.000000
127	tsk_127	(x)	1	:	0.000000	0.000000	0.000000	0.000000	0.000000	0.000000	0.000000	0.000000	0.331389	0.000000	0.668611	0.000000
128	tsk_128	(x)	1	:	0.000000	0.000000	0.000000	0.000000	0.000000	0.000000	0.000000	0.000000	0.000000	0.000000	0.000000	1.000000
129	tsk_129	(x)	1	:	0.000000	0.000000	0.000000	0.000000	0.000000	0.000000	0.000000	0.000000	0.000000	0.000000	0.000000	1.000000
130	tsk_130	(x)	1	:	0.000000	0.000000	0.000000	0.000000	0.000000	0.000000	0.000000	0.000000	0.448029	0.000000	0.551971	0.000000
131	tsk_131	(x)	1	:	0.000000	0.000000	0.000000	0.000000	0.000000	0.000000	0.000000	0.000000	0.284835	0.000000	0.715165	0.000000
132	tsk_132	(x)	1	:	0.000000	0.000000	0.000000	0.000000	0.000000	0.000000	0.000000	0.000000	0.520599	0.000000	0.479401	0.000000
133	tsk_133	(x)	1	:	0.000000	0.000000	0.000000	0.000000	0.000000	0.000000	0.000000	0.000000	0.302458	0.000000	0.204327	0.493215
134	tsk_134	(x)	1	:	0.000000	0.000000	0.000000	0.000000	0.000000	0.000000	0.000000	0.000000	0.107450	0.000000	0.892550	0.000000
135	tsk_135	(x)	1	:	0.000000	0.000000	0.000000	0.000000	0.000000	0.000000	0.000000	0.000000	0.171563	0.000000	0.828437	0.000000
136	tsk_136	(x)	1	:	0.000000	0.000000	0.000000	0.000000	0.000000	0.000000	0.000000	0.000000	0.272483	0.000000	0.234302	0.493215
137	tsk_137	(x)	1	:	0.000000	0.000000	0.000000	0.000000	0.000000	0.000000	0.000000	0.000000	0.295925	0.000000	0.704075	0.000000
138	tsk_138	(x)	1	:	0.000000	0.000000	0.000000	0.506783	0.000000	0.000000	0.000000	0.000000	0.000004	0.000000	0.000003	0.493210
139	tsk_139	(x)	1	:	0.000000	0.000000	0.000000	0.000000	0.000000	0.000000	0.000000	0.000000	0.260388	0.000000	0.739612	0.000000
140	tsk_140	(x)	1	:	0.000000	0.000000	0.000000	0.000000	0.000000	0.000000	0.000000	0.000000	0.000000	0.476557	0.000000	0.523443
141	tsk_141	(x)	1	:	0.000000	0.000000	0.000000	0.000000	0.000000	0.000000	0.000000	0.000000	0.000000	0.489425	0.000000	0.510575
142	tsk_142	(x)	1	:	0.000000	0.000000	0.000000	0.000000	0.000000	0.000000	0.000000	0.476409	0.015396	0.000000	0.014875	0.493321
143	tsk_143	(x)	1	:	0.000000	0.000000	0.000000	0.000000	0.000000	0.000000	0.000000	0.000000	0.000000	0.000000	0.000000	1.000000
144	tsk_144	(x)	1	:	0.000000	0.000000	0.000000	0.000000	0.000000	0.000000	0.000000	0.000000	0.000000	0.000000	0.000000	1.000000
145	tsk_145	(x)	1	:	0.000000	0.000000	0.000000	0.000000	0.000000	0.000000	0.000000	0.000000	0.340149	0.000000	0.166636	0.493215
146	tsk_146	(x)	1	:	0.000000	0.000000	0.000000	0.000000	0.000000	0.000000	0.000000	0.000000	0.000000	0.000000	0.000000	1.000000
147	tsk_147	(x)	1	:	0.000000	0.000000	0.000000	0.000000	0.000000	0.000000	0.000000	0.000000	0.000000	0.000000	0.000000	1.000000
148	tsk_148	(x)	1	:	0.000000	0.000000	0.000000	0.000000	0.000000	0.000000	0.000000	0.000000	0.000000	0.489425	0.000000	0.510575
149	tsk_149	(x)	1	:	0.000000	0.000000	0.000000	0.000000	0.000000	0.485542	0.000000	0.000000	0.000000	0.000000	0.000000	0.514457
