logL = -1723.477473 (converged)
AIC = 5066.954946
BIC = 7505.569534

count.K
22 21 52 34 21 

