logL = -1770.803651 (converged)
AIC = 4483.607302
BIC = 5901.616525

count.K
18 16 116 

