logL = -1417.138911 (converged)
AIC = 8084.277821
BIC = 15987.195468

count.K
5 32 1 1 36 2 2 8 1 2 6 24 10 14 6 

