logL = -807.001384 (converged)
AIC = 2388.002769
BIC = 3553.118628

count.K
33 63 54 

