logL = -921.874922 (converged)
AIC = 4927.749844
BIC = 9570.149467

count.K
6 45 3 27 5 28 9 24 3 

