0	tsk_0	(x)	1	:	0.000000	0.000000	0.000000	0.000000	0.469991	0.000000	0.000000	0.000000	0.530009	0.000000	0.000000
1	tsk_1	(x)	1	:	0.000000	0.000000	0.000000	0.000000	0.000000	0.000000	0.000000	0.000000	0.000000	0.000000	1.000000
2	tsk_2	(x)	1	:	0.000000	0.000000	0.000000	0.000000	1.000000	0.000000	0.000000	0.000000	0.000000	0.000000	0.000000
3	tsk_3	(x)	1	:	0.000000	0.000000	0.000000	0.000000	1.000000	0.000000	0.000000	0.000000	0.000000	0.000000	0.000000
4	tsk_4	(x)	1	:	0.000000	0.000000	0.000000	0.000000	1.000000	0.000000	0.000000	0.000000	0.000000	0.000000	0.000000
5	tsk_5	(x)	1	:	0.000000	0.000000	0.000000	0.000000	0.469991	0.000000	0.000000	0.000000	0.530009	0.000000	0.000000
6	tsk_6	(x)	1	:	0.000000	0.000000	0.000000	0.000000	0.661617	0.000000	0.000000	0.000000	0.000000	0.000000	0.338383
7	tsk_7	(x)	1	:	0.000000	0.000000	0.518662	0.000000	0.481191	0.000000	0.000000	0.000147	0.000000	0.000000	0.000000
8	tsk_8	(x)	1	:	0.000000	0.000000	0.000000	0.000000	0.000000	0.000000	0.000000	0.000000	0.000000	0.000000	1.000000
9	tsk_9	(x)	1	:	0.000000	0.455715	0.000000	0.000000	0.000000	0.000000	0.000000	0.000000	0.544285	0.000000	0.000000
10	tsk_10	(x)	1	:	0.000000	0.524361	0.000000	0.000000	0.475639	0.000000	0.000000	0.000000	0.000000	0.000000	0.000000
11	tsk_11	(x)	1	:	0.000000	0.513465	0.000000	0.350719	0.000000	0.000000	0.000000	0.135815	0.000000	0.000000	0.000000
12	tsk_12	(x)	1	:	0.000000	1.000000	0.000000	0.000000	0.000000	0.000000	0.000000	0.000000	0.000000	0.000000	0.000000
13	tsk_13	(x)	1	:	0.000000	0.000000	0.000000	0.353636	0.000000	0.000000	0.000000	0.646364	0.000000	0.000000	0.000000
14	tsk_14	(x)	1	:	0.000000	0.542345	0.000000	0.350717	0.000000	0.000000	0.000000	0.106938	0.000000	0.000000	0.000000
15	tsk_15	(x)	1	:	0.000000	0.000000	0.000000	0.350734	0.504111	0.000000	0.000000	0.145155	0.000000	0.000000	0.000000
16	tsk_16	(x)	1	:	0.000000	0.000000	0.000000	0.000000	1.000000	0.000000	0.000000	0.000000	0.000000	0.000000	0.000000
17	tsk_17	(x)	1	:	0.000000	0.542571	0.000000	0.000000	0.000000	0.000000	0.000000	0.457428	0.000000	0.000000	0.000000
18	tsk_18	(x)	1	:	0.000000	0.542571	0.000000	0.000000	0.000000	0.000000	0.000000	0.457428	0.000000	0.000000	0.000000
19	tsk_19	(x)	1	:	0.000000	1.000000	0.000000	0.000000	0.000000	0.000000	0.000000	0.000000	0.000000	0.000000	0.000000
20	tsk_20	(x)	1	:	0.000000	0.000000	0.515021	0.000000	0.000000	0.000000	0.484974	0.000005	0.000000	0.000000	0.000000
21	tsk_21	(x)	1	:	0.447679	0.000000	0.000000	0.000000	0.049622	0.000000	0.000000	0.000000	0.502699	0.000000	0.000000
22	tsk_22	(x)	1	:	0.000000	0.000000	0.000000	0.000000	1.000000	0.000000	0.000000	0.000000	0.000000	0.000000	0.000000
23	tsk_23	(x)	1	:	0.492228	0.000000	0.000000	0.000000	0.000000	0.000000	0.000000	0.000000	0.507772	0.000000	0.000000
24	tsk_24	(x)	1	:	0.000000	0.000000	0.000000	0.000000	0.492390	0.000000	0.507610	0.000000	0.000000	0.000000	0.000000
25	tsk_25	(x)	1	:	0.000000	0.000000	0.000000	0.000000	0.000000	0.000000	1.000000	0.000000	0.000000	0.000000	0.000000
26	tsk_26	(x)	1	:	0.510086	0.000000	0.489914	0.000000	0.000000	0.000000	0.000000	0.000000	0.000000	0.000000	0.000000
27	tsk_27	(x)	1	:	0.000000	0.000000	0.000000	0.000000	0.000001	0.490311	0.508680	0.000000	0.000000	0.000000	0.001008
28	tsk_28	(x)	1	:	0.000000	0.474710	0.000000	0.000000	0.000000	0.000000	0.000000	0.525290	0.000000	0.000000	0.000000
29	tsk_29	(x)	1	:	1.000000	0.000000	0.000000	0.000000	0.000000	0.000000	0.000000	0.000000	0.000000	0.000000	0.000000
30	tsk_30	(x)	1	:	0.000000	0.000000	0.000000	0.000000	0.504449	0.000000	0.000000	0.495551	0.000000	0.000000	0.000000
31	tsk_31	(x)	1	:	0.507278	0.000000	0.000000	0.000000	0.000000	0.000000	0.000000	0.000000	0.492722	0.000000	0.000000
32	tsk_32	(x)	1	:	0.000000	0.000000	0.000000	0.000000	0.000681	0.000000	0.000000	0.493932	0.000000	0.000000	0.505386
33	tsk_33	(x)	1	:	0.000000	0.000000	0.000000	0.000000	0.504449	0.000000	0.000000	0.495551	0.000000	0.000000	0.000000
34	tsk_34	(x)	1	:	0.000000	0.000000	0.000000	0.000000	0.001405	0.000000	0.000000	0.493844	0.000000	0.000000	0.504751
35	tsk_35	(x)	1	:	0.000000	0.000000	0.000000	0.353636	0.000000	0.000000	0.000000	0.646364	0.000000	0.000000	0.000000
36	tsk_36	(x)	1	:	0.000000	0.000000	0.000000	0.000000	0.000805	0.000000	0.000000	0.493917	0.000000	0.000000	0.505278
37	tsk_37	(x)	1	:	0.000000	0.000019	0.000000	0.000000	0.000003	0.000000	0.000000	0.000000	0.000000	0.490910	0.509068
38	tsk_38	(x)	1	:	0.000000	0.000000	0.000000	0.350734	0.504111	0.000000	0.000000	0.145155	0.000000	0.000000	0.000000
39	tsk_39	(x)	1	:	0.000000	0.000000	0.518614	0.000000	0.481179	0.000000	0.000000	0.000207	0.000000	0.000000	0.000000
40	tsk_40	(x)	1	:	0.000000	0.505769	0.000000	0.000000	0.000131	0.000000	0.000000	0.000000	0.000000	0.000000	0.494099
41	tsk_41	(x)	1	:	0.000000	0.000000	0.514939	0.000000	0.000034	0.000000	0.000000	0.000098	0.000000	0.000000	0.484929
42	tsk_42	(x)	1	:	0.000000	0.000000	0.000000	0.000000	0.000735	0.000000	0.000000	0.493926	0.000000	0.000000	0.505339
43	tsk_43	(x)	1	:	0.413443	0.000000	0.000000	0.000000	0.000000	0.000000	0.000000	0.586557	0.000000	0.000000	0.000000
44	tsk_44	(x)	1	:	0.525453	0.000000	0.000000	0.000000	0.000027	0.000000	0.000000	0.000000	0.000000	0.000000	0.474520
45	tsk_45	(x)	1	:	0.420703	0.000000	0.000000	0.000000	0.061714	0.000000	0.000000	0.000000	0.000000	0.000000	0.517583
46	tsk_46	(x)	1	:	0.000000	0.000000	0.000000	0.000000	0.000000	0.000000	0.000000	0.000000	0.000000	0.000000	1.000000
47	tsk_47	(x)	1	:	0.420662	0.000000	0.000000	0.000000	0.062102	0.000000	0.000000	0.000000	0.000000	0.000000	0.517236
48	tsk_48	(x)	1	:	0.000000	0.000000	0.000000	0.000000	0.000792	0.000000	0.000000	0.493919	0.000000	0.000000	0.505289
49	tsk_49	(x)	1	:	0.955688	0.000000	0.000000	0.000000	0.000000	0.000000	0.000000	0.044312	0.000000	0.000000	0.000000
50	tsk_50	(x)	1	:	0.381904	0.000000	0.000000	0.000000	0.000000	0.000000	0.000000	0.618096	0.000000	0.000000	0.000000
51	tsk_51	(x)	1	:	0.488865	0.000000	0.000000	0.000000	0.000000	0.000000	0.000000	0.511135	0.000000	0.000000	0.000000
52	tsk_52	(x)	1	:	0.413443	0.000000	0.000000	0.000000	0.000000	0.000000	0.000000	0.586557	0.000000	0.000000	0.000000
53	tsk_53	(x)	1	:	0.000000	0.000000	0.000000	0.000000	0.326717	0.000000	0.000000	0.440605	0.000000	0.000000	0.232677
54	tsk_54	(x)	1	:	0.000000	0.000000	0.000000	0.000000	0.000000	0.000000	0.000000	1.000000	0.000000	0.000000	0.000000
55	tsk_55	(x)	1	:	0.392977	0.000000	0.549085	0.000000	0.000000	0.000000	0.000000	0.057938	0.000000	0.000000	0.000000
56	tsk_56	(x)	1	:	0.000000	0.000000	0.000000	0.000000	0.000000	0.000000	0.000000	1.000000	0.000000	0.000000	0.000000
57	tsk_57	(x)	1	:	0.000000	0.000000	0.000000	0.000000	0.467650	0.000000	0.000000	0.532349	0.000000	0.000000	0.000000
58	tsk_58	(x)	1	:	0.000000	0.000000	0.000000	0.000000	0.000000	0.000000	0.000000	1.000000	0.000000	0.000000	0.000000
59	tsk_59	(x)	1	:	0.378781	0.000000	0.000000	0.000000	0.369643	0.000000	0.000000	0.000000	0.000000	0.000000	0.251575
60	tsk_60	(x)	1	:	1.000000	0.000000	0.000000	0.000000	0.000000	0.000000	0.000000	0.000000	0.000000	0.000000	0.000000
61	tsk_61	(x)	1	:	0.000000	0.512084	0.000000	0.000000	0.487915	0.000000	0.000000	0.000000	0.000000	0.000000	0.000000
62	tsk_62	(x)	1	:	1.000000	0.000000	0.000000	0.000000	0.000000	0.000000	0.000000	0.000000	0.000000	0.000000	0.000000
63	tsk_63	(x)	1	:	0.539473	0.000000	0.000000	0.350715	0.000000	0.000000	0.000000	0.109812	0.000000	0.000000	0.000000
64	tsk_64	(x)	1	:	0.525455	0.000000	0.000000	0.000000	0.000014	0.000000	0.000000	0.000000	0.000000	0.000000	0.474531
65	tsk_65	(x)	1	:	1.000000	0.000000	0.000000	0.000000	0.000000	0.000000	0.000000	0.000000	0.000000	0.000000	0.000000
66	tsk_66	(x)	1	:	0.525454	0.000000	0.000000	0.000000	0.000020	0.000000	0.000000	0.000000	0.000000	0.000000	0.474526
67	tsk_67	(x)	1	:	0.530805	0.000000	0.000000	0.000000	0.469195	0.000000	0.000000	0.000000	0.000000	0.000000	0.000000
68	tsk_68	(x)	1	:	1.000000	0.000000	0.000000	0.000000	0.000000	0.000000	0.000000	0.000000	0.000000	0.000000	0.000000
69	tsk_69	(x)	1	:	1.000000	0.000000	0.000000	0.000000	0.000000	0.000000	0.000000	0.000000	0.000000	0.000000	0.000000
70	tsk_70	(x)	1	:	0.000000	1.000000	0.000000	0.000000	0.000000	0.000000	0.000000	0.000000	0.000000	0.000000	0.000000
71	tsk_71	(x)	1	:	0.000000	1.000000	0.000000	0.000000	0.000000	0.000000	0.000000	0.000000	0.000000	0.000000	0.000000
72	tsk_72	(x)	1	:	0.541150	0.458850	0.000000	0.000000	0.000000	0.000000	0.000000	0.000000	0.000000	0.000000	0.000000
73	tsk_73	(x)	1	:	0.516554	0.483446	0.000000	0.000000	0.000000	0.000000	0.000000	0.000000	0.000000	0.000000	0.000000
74	tsk_74	(x)	1	:	0.000000	0.474710	0.000000	0.000000	0.000000	0.000000	0.000000	0.525290	0.000000	0.000000	0.000000
75	tsk_75	(x)	1	:	0.000000	0.513735	0.000000	0.000000	0.000000	0.000000	0.000000	0.486265	0.000000	0.000000	0.000000
76	tsk_76	(x)	1	:	0.000000	0.457710	0.536562	0.000000	0.000000	0.000000	0.000000	0.005729	0.000000	0.000000	0.000000
77	tsk_77	(x)	1	:	0.000000	0.513735	0.000000	0.000000	0.000000	0.000000	0.000000	0.486265	0.000000	0.000000	0.000000
78	tsk_78	(x)	1	:	0.516554	0.483446	0.000000	0.000000	0.000000	0.000000	0.000000	0.000000	0.000000	0.000000	0.000000
79	tsk_79	(x)	1	:	0.516554	0.483446	0.000000	0.000000	0.000000	0.000000	0.000000	0.000000	0.000000	0.000000	0.000000
80	tsk_80	(x)	1	:	0.000000	0.000000	0.518579	0.000000	0.481171	0.000000	0.000000	0.000249	0.000000	0.000000	0.000000
81	tsk_81	(x)	1	:	0.420723	0.000000	0.000000	0.000000	0.061516	0.000000	0.000000	0.000000	0.000000	0.000000	0.517761
82	tsk_82	(x)	1	:	0.000000	0.000000	0.000000	0.000000	0.480673	0.470329	0.000000	0.000000	0.000000	0.000000	0.048998
83	tsk_83	(x)	1	:	0.000000	0.000000	0.514328	0.000000	0.000000	0.000000	0.000000	0.000001	0.485671	0.000000	0.000000
84	tsk_84	(x)	1	:	0.000000	0.000000	0.518720	0.000000	0.481204	0.000000	0.000000	0.000076	0.000000	0.000000	0.000000
85	tsk_85	(x)	1	:	0.000000	0.000000	0.514328	0.000000	0.000000	0.000000	0.000000	0.000000	0.485671	0.000000	0.000000
86	tsk_86	(x)	1	:	0.519574	0.000000	0.000000	0.000000	0.480426	0.000000	0.000000	0.000000	0.000000	0.000000	0.000000
87	tsk_87	(x)	1	:	0.000000	0.000000	0.000000	0.000000	0.480593	0.470249	0.000000	0.000000	0.000000	0.000000	0.049157
88	tsk_88	(x)	1	:	0.000000	0.000000	0.000000	0.000000	0.483295	0.000000	0.000000	0.000000	0.000000	0.000000	0.516705
89	tsk_89	(x)	1	:	0.000000	0.000000	0.514328	0.000000	0.000000	0.000000	0.000000	0.000001	0.485671	0.000000	0.000000
90	tsk_90	(x)	1	:	0.000000	0.000000	0.000000	0.454477	0.000000	0.000000	0.000000	0.545523	0.000000	0.000000	0.000000
91	tsk_91	(x)	1	:	0.000000	0.000000	0.000000	0.000000	0.000000	0.000000	0.000000	0.501066	0.498934	0.000000	0.000000
92	tsk_92	(x)	1	:	0.000000	0.508670	0.000000	0.000000	0.000000	0.000000	0.000000	0.491330	0.000000	0.000000	0.000000
93	tsk_93	(x)	1	:	0.000000	1.000000	0.000000	0.000000	0.000000	0.000000	0.000000	0.000000	0.000000	0.000000	0.000000
94	tsk_94	(x)	1	:	0.000000	0.497954	0.000000	0.502045	0.000000	0.000000	0.000000	0.000001	0.000000	0.000000	0.000000
95	tsk_95	(x)	1	:	0.521004	0.478996	0.000000	0.000000	0.000000	0.000000	0.000000	0.000000	0.000000	0.000000	0.000000
96	tsk_96	(x)	1	:	0.446538	0.000000	0.000000	0.000000	0.022064	0.000000	0.000000	0.000000	0.531397	0.000000	0.000000
97	tsk_97	(x)	1	:	0.000000	0.000000	0.000000	0.000000	0.491333	0.000000	0.000000	0.000000	0.508667	0.000000	0.000000
98	tsk_98	(x)	1	:	0.521004	0.478996	0.000000	0.000000	0.000000	0.000000	0.000000	0.000000	0.000000	0.000000	0.000000
99	tsk_99	(x)	1	:	0.000000	0.512084	0.000000	0.000000	0.487915	0.000000	0.000000	0.000000	0.000000	0.000000	0.000000
100	tsk_100	(x)	1	:	1.000000	0.000000	0.000000	0.000000	0.000000	0.000000	0.000000	0.000000	0.000000	0.000000	0.000000
101	tsk_101	(x)	1	:	0.467975	0.000000	0.000000	0.000000	0.000000	0.000000	0.000000	0.000000	0.000000	0.532024	0.000000
102	tsk_102	(x)	1	:	0.507325	0.492675	0.000000	0.000000	0.000000	0.000000	0.000000	0.000000	0.000000	0.000000	0.000000
103	tsk_103	(x)	1	:	0.000000	0.000000	0.000000	0.000000	0.483295	0.000000	0.000000	0.000000	0.000000	0.000000	0.516705
104	tsk_104	(x)	1	:	0.000000	0.000000	0.000000	0.350734	0.504111	0.000000	0.000000	0.145155	0.000000	0.000000	0.000000
105	tsk_105	(x)	1	:	0.000000	0.000000	0.000000	0.350734	0.504111	0.000000	0.000000	0.145155	0.000000	0.000000	0.000000
106	tsk_106	(x)	1	:	0.000000	0.000000	0.000000	0.000000	0.000927	0.000000	0.000000	0.493902	0.000000	0.000000	0.505171
107	tsk_107	(x)	1	:	0.000000	0.000028	0.000000	0.000000	0.000000	0.000000	0.000000	0.000000	0.509297	0.490675	0.000000
108	tsk_108	(x)	1	:	0.509869	0.010916	0.000000	0.000000	0.000000	0.000000	0.000000	0.000000	0.000000	0.479215	0.000000
109	tsk_109	(x)	1	:	0.000000	0.000000	0.000000	0.353636	0.000000	0.000000	0.000000	0.646364	0.000000	0.000000	0.000000
110	tsk_110	(x)	1	:	0.000000	0.000000	0.000000	0.421653	0.000000	0.000000	0.000000	0.578347	0.000000	0.000000	0.000000
111	tsk_111	(x)	1	:	0.000000	0.000000	0.000000	0.000000	0.000582	0.655483	0.000000	0.000000	0.000000	0.000000	0.343935
112	tsk_112	(x)	1	:	0.000000	0.000000	0.000000	0.000000	0.000017	0.000000	0.000000	0.526584	0.000000	0.000000	0.473399
113	tsk_113	(x)	1	:	0.000000	0.000000	0.000000	0.509285	0.490715	0.000000	0.000000	0.000000	0.000000	0.000000	0.000000
114	tsk_114	(x)	1	:	0.000000	0.000000	0.000000	0.000000	0.479995	0.469655	0.000000	0.000000	0.000000	0.000000	0.050349
115	tsk_115	(x)	1	:	0.000000	0.000000	0.000000	0.000000	0.000000	0.472968	0.000000	0.000000	0.000000	0.000000	0.527032
116	tsk_116	(x)	1	:	0.420623	0.000000	0.000000	0.000000	0.579377	0.000000	0.000000	0.000000	0.000000	0.000000	0.000000
117	tsk_117	(x)	1	:	0.000000	0.000000	0.000000	0.000000	0.481172	0.470825	0.000000	0.000000	0.000000	0.000000	0.048004
118	tsk_118	(x)	1	:	0.000000	0.444592	0.000000	0.000000	0.000000	0.000000	0.000000	0.555408	0.000000	0.000000	0.000000
119	tsk_119	(x)	1	:	0.000000	0.000000	0.000000	0.506551	0.000000	0.000000	0.000000	0.000000	0.000000	0.000000	0.493449
120	tsk_120	(x)	1	:	0.000000	0.000000	0.000000	0.000000	0.000000	0.472968	0.000000	0.000000	0.000000	0.000000	0.527032
121	tsk_121	(x)	1	:	0.515333	0.484661	0.000000	0.000000	0.000006	0.000000	0.000000	0.000000	0.000000	0.000000	0.000000
122	tsk_122	(x)	1	:	0.000000	0.515383	0.000000	0.000000	0.000005	0.473292	0.000000	0.000000	0.000000	0.000000	0.011320
123	tsk_123	(x)	1	:	0.000000	0.000000	0.000000	0.000000	0.000000	1.000000	0.000000	0.000000	0.000000	0.000000	0.000000
124	tsk_124	(x)	1	:	0.000000	0.000000	0.000000	0.000000	0.000000	0.469438	0.000000	0.000000	0.526437	0.000000	0.004125
125	tsk_125	(x)	1	:	0.521925	0.000000	0.000000	0.000000	0.000000	0.478075	0.000000	0.000000	0.000000	0.000000	0.000000
126	tsk_126	(x)	1	:	0.000000	0.000000	0.000000	0.000000	0.000000	0.476544	0.000000	0.000000	0.507055	0.000000	0.016401
127	tsk_127	(x)	1	:	0.000000	0.000000	0.000000	0.000000	0.000000	0.000000	0.000000	0.000000	1.000000	0.000000	0.000000
128	tsk_128	(x)	1	:	0.000000	0.000000	0.000000	0.505885	0.000047	0.481831	0.000000	0.000002	0.000000	0.000000	0.012235
129	tsk_129	(x)	1	:	0.000000	0.426405	0.000000	0.000000	0.052933	0.000000	0.000000	0.000000	0.000000	0.000000	0.520661
130	tsk_130	(x)	1	:	0.000000	0.000000	0.000000	0.584799	0.000000	0.000000	0.000000	0.415201	0.000000	0.000000	0.000000
131	tsk_131	(x)	1	:	0.447679	0.000000	0.000000	0.000000	0.049622	0.000000	0.000000	0.000000	0.502699	0.000000	0.000000
132	tsk_132	(x)	1	:	0.000000	0.000000	0.000000	0.710240	0.000000	0.000000	0.000000	0.289760	0.000000	0.000000	0.000000
133	tsk_133	(x)	1	:	0.000000	0.514415	0.000000	0.457066	0.000000	0.000000	0.000000	0.028519	0.000000	0.000000	0.000000
134	tsk_134	(x)	1	:	0.420623	0.000000	0.000000	0.000000	0.579377	0.000000	0.000000	0.000000	0.000000	0.000000	0.000000
135	tsk_135	(x)	1	:	0.000000	0.513496	0.000000	0.271023	0.000000	0.000000	0.000000	0.215482	0.000000	0.000000	0.000000
136	tsk_136	(x)	1	:	0.000000	0.000000	0.000000	1.000000	0.000000	0.000000	0.000000	0.000000	0.000000	0.000000	0.000000
137	tsk_137	(x)	1	:	0.000000	0.000000	0.000000	0.350609	0.013754	0.000000	0.000000	0.142143	0.493494	0.000000	0.000000
138	tsk_138	(x)	1	:	0.420623	0.000000	0.000000	0.000000	0.579377	0.000000	0.000000	0.000000	0.000000	0.000000	0.000000
139	tsk_139	(x)	1	:	0.447375	0.511315	0.000000	0.000000	0.041310	0.000000	0.000000	0.000000	0.000000	0.000000	0.000000
140	tsk_140	(x)	1	:	0.000000	0.000000	0.000000	0.000000	0.000000	0.000000	0.000000	0.000000	0.481067	0.000000	0.518933
141	tsk_141	(x)	1	:	0.525455	0.000000	0.000000	0.000000	0.000014	0.000000	0.000000	0.000000	0.000000	0.000000	0.474531
142	tsk_142	(x)	1	:	0.000000	1.000000	0.000000	0.000000	0.000000	0.000000	0.000000	0.000000	0.000000	0.000000	0.000000
143	tsk_143	(x)	1	:	0.000000	0.426050	0.000000	0.000000	0.054518	0.000000	0.000000	0.000000	0.000000	0.000000	0.519432
144	tsk_144	(x)	1	:	0.000000	0.425306	0.000000	0.000000	0.574694	0.000000	0.000000	0.000000	0.000000	0.000000	0.000000
145	tsk_145	(x)	1	:	0.000000	0.000000	0.000000	0.000000	0.000000	0.000000	0.000000	0.000000	0.000000	0.000000	1.000000
146	tsk_146	(x)	1	:	0.000000	0.000000	0.000000	0.000000	0.000000	0.000000	0.000000	0.000000	0.000000	0.000000	1.000000
147	tsk_147	(x)	1	:	0.000000	0.000000	0.000000	0.452802	0.013429	0.000000	0.000000	0.040162	0.493607	0.000000	0.000000
148	tsk_148	(x)	1	:	0.000000	1.000000	0.000000	0.000000	0.000000	0.000000	0.000000	0.000000	0.000000	0.000000	0.000000
149	tsk_149	(x)	1	:	0.000000	0.425306	0.000000	0.000000	0.574694	0.000000	0.000000	0.000000	0.000000	0.000000	0.000000
