logL = -2610.620565 (converged)
AIC = 10033.241130
BIC = 17276.829648

count.K
18 18 12 19 2 2 5 7 42 10 13 2 

