logL = -923.350620 (converged)
AIC = 3386.701240
BIC = 5704.890417

count.K
11 7 74 51 7 

