logL = -783.990554 (converged)
AIC = 4579.981109
BIC = 9113.997862

count.K
68 14 5 18 12 1 24 4 4 

