0	tsk_0	(x)	1	:	0.000000	0.000036	0.000000	0.522207	0.000000	0.000000	0.477757	0.000000	0.000000	0.000000
1	tsk_1	(x)	1	:	0.000000	0.000184	0.000000	0.000000	0.000000	0.000000	0.999816	0.000000	0.000000	0.000000
2	tsk_2	(x)	1	:	0.000000	0.000138	0.000000	0.000000	0.000000	0.000000	0.999862	0.000000	0.000000	0.000000
3	tsk_3	(x)	1	:	0.000000	0.000061	0.000000	0.000000	0.000000	0.000000	0.499801	0.497802	0.000000	0.002336
4	tsk_4	(x)	1	:	0.000000	0.000023	0.000000	0.000000	0.000000	0.393054	0.232362	0.000000	0.374560	0.000000
5	tsk_5	(x)	1	:	0.275745	0.000028	0.000000	0.000000	0.000000	0.000000	0.224089	0.497785	0.000000	0.002353
6	tsk_6	(x)	1	:	0.000000	0.000018	0.000000	0.000000	0.000000	0.000000	0.164664	0.497772	0.335180	0.002366
7	tsk_7	(x)	1	:	0.000000	0.000151	0.000000	0.000000	0.000000	0.000000	0.999848	0.000000	0.000000	0.000000
8	tsk_8	(x)	1	:	0.275740	0.000075	0.267775	0.000000	0.000000	0.000000	0.456410	0.000000	0.000000	0.000000
9	tsk_9	(x)	1	:	0.381891	0.000007	0.000000	0.000000	0.000000	0.499779	0.118323	0.000000	0.000000	0.000000
10	tsk_10	(x)	1	:	0.000000	0.000000	0.000000	1.000000	0.000000	0.000000	0.000000	0.000000	0.000000	0.000000
11	tsk_11	(x)	1	:	0.000000	0.000093	0.000000	0.000000	0.000000	0.000000	0.499905	0.000000	0.000000	0.500001
12	tsk_12	(x)	1	:	0.000000	0.000179	0.000000	0.000000	0.000000	0.000000	0.999821	0.000000	0.000000	0.000000
13	tsk_13	(x)	1	:	0.000000	0.000075	0.000000	0.522208	0.000000	0.000000	0.477716	0.000000	0.000000	0.000000
14	tsk_14	(x)	1	:	0.382235	0.000012	0.000000	0.522169	0.000000	0.000000	0.095584	0.000000	0.000000	0.000000
15	tsk_15	(x)	1	:	0.000000	0.000000	0.000000	1.000000	0.000000	0.000000	0.000000	0.000000	0.000000	0.000000
16	tsk_16	(x)	1	:	0.000000	0.000022	0.000000	0.000000	0.000000	0.000000	0.499978	0.000000	0.000000	0.500000
17	tsk_17	(x)	1	:	0.000000	0.000000	0.000000	1.000000	0.000000	0.000000	0.000000	0.000000	0.000000	0.000000
18	tsk_18	(x)	1	:	0.000000	0.000044	0.000000	0.522207	0.000000	0.000000	0.477748	0.000000	0.000000	0.000000
19	tsk_19	(x)	1	:	0.382131	0.000013	0.000000	0.522157	0.000000	0.000000	0.095699	0.000000	0.000000	0.000000
20	tsk_20	(x)	1	:	0.382535	0.000113	0.000000	0.000000	0.000000	0.000000	0.617352	0.000000	0.000000	0.000000
21	tsk_21	(x)	1	:	0.000000	1.000000	0.000000	0.000000	0.000000	0.000000	0.000000	0.000000	0.000000	0.000000
22	tsk_22	(x)	1	:	0.000000	0.000051	0.000000	0.000000	0.000000	0.000000	0.664771	0.000000	0.335177	0.000000
23	tsk_23	(x)	1	:	0.000000	0.000085	0.000000	0.000000	0.000000	0.500008	0.499907	0.000000	0.000000	0.000000
24	tsk_24	(x)	1	:	0.000000	0.000048	0.000000	0.000000	0.000000	0.000000	0.499816	0.497828	0.000000	0.002308
25	tsk_25	(x)	1	:	0.000000	0.000166	0.000000	0.000000	0.000000	0.000000	0.999834	0.000000	0.000000	0.000000
26	tsk_26	(x)	1	:	0.000000	0.000177	0.000000	0.000000	0.000000	0.000000	0.999823	0.000000	0.000000	0.000000
27	tsk_27	(x)	1	:	0.275820	0.000051	0.000000	0.000000	0.000000	0.000000	0.724129	0.000000	0.000000	0.000000
28	tsk_28	(x)	1	:	0.285317	0.000043	0.000000	0.000000	0.000000	0.000000	0.714640	0.000000	0.000000	0.000000
29	tsk_29	(x)	1	:	0.000000	0.000093	0.000000	0.000000	0.000000	0.000000	0.999907	0.000000	0.000000	0.000000
30	tsk_30	(x)	1	:	0.000000	0.000001	0.000000	0.000000	0.348171	0.000000	0.093962	0.000000	0.406037	0.151828
31	tsk_31	(x)	1	:	0.000000	0.000058	0.000000	0.000000	0.000000	0.000000	0.593677	0.000000	0.406266	0.000000
32	tsk_32	(x)	1	:	0.000000	0.000055	0.000000	0.000000	0.000000	0.000000	0.593680	0.000000	0.406265	0.000000
33	tsk_33	(x)	1	:	0.000000	0.000024	0.000000	0.000000	0.000000	0.000000	0.593715	0.000000	0.406261	0.000000
34	tsk_34	(x)	1	:	0.000000	0.000209	0.000000	0.000000	0.000000	0.000000	0.999791	0.000000	0.000000	0.000000
35	tsk_35	(x)	1	:	0.000000	0.000028	0.000000	0.000000	0.000000	0.000000	0.593710	0.000000	0.406261	0.000000
36	tsk_36	(x)	1	:	0.000000	0.000027	0.000000	0.000000	0.000000	0.000000	0.593711	0.000000	0.406261	0.000000
37	tsk_37	(x)	1	:	0.000000	0.000002	0.000000	0.000000	0.000000	0.000000	0.093731	0.000000	0.406266	0.500000
38	tsk_38	(x)	1	:	0.000000	0.000056	0.000000	0.000000	0.348569	0.000000	0.499945	0.000000	0.000000	0.151430
39	tsk_39	(x)	1	:	0.000000	0.000078	0.000000	0.000000	0.000000	0.000000	0.499785	0.497831	0.000000	0.002305
40	tsk_40	(x)	1	:	0.000000	0.000000	0.000000	0.000000	0.000000	0.000000	0.000000	1.000000	0.000000	0.000000
41	tsk_41	(x)	1	:	0.285278	0.000000	0.000000	0.000000	0.000000	0.000000	0.214585	0.497751	0.000000	0.002386
42	tsk_42	(x)	1	:	0.000000	0.000000	0.000000	0.000000	0.000000	0.000000	0.000000	1.000000	0.000000	0.000000
43	tsk_43	(x)	1	:	0.000000	0.000000	0.000000	0.000000	0.000000	0.000000	0.000000	0.000000	0.000000	1.000000
44	tsk_44	(x)	1	:	0.000000	0.000082	0.000000	0.000000	0.000000	0.000000	0.499779	0.497784	0.000000	0.002355
45	tsk_45	(x)	1	:	0.000000	0.000049	0.000000	0.000000	0.000000	0.000000	0.499814	0.497816	0.000000	0.002321
46	tsk_46	(x)	1	:	0.000000	0.000000	0.000000	0.000000	0.000000	0.000000	0.000000	1.000000	0.000000	0.000000
47	tsk_47	(x)	1	:	0.000000	0.000007	0.000000	0.000000	0.000000	0.000000	0.160057	0.497799	0.339800	0.002337
48	tsk_48	(x)	1	:	0.000000	0.000075	0.000000	0.000000	0.000000	0.000000	0.499787	0.497807	0.000000	0.002331
49	tsk_49	(x)	1	:	0.000000	0.000000	0.000000	0.000000	0.000000	0.000000	0.000000	1.000000	0.000000	0.000000
50	tsk_50	(x)	1	:	0.000000	0.000114	0.000000	0.000000	0.000000	0.000000	0.999886	0.000000	0.000000	0.000000
51	tsk_51	(x)	1	:	0.000000	0.000000	0.000000	0.000000	0.000000	1.000000	0.000000	0.000000	0.000000	0.000000
52	tsk_52	(x)	1	:	0.000000	0.000195	0.000000	0.000000	0.000000	0.000000	0.999805	0.000000	0.000000	0.000000
53	tsk_53	(x)	1	:	0.000000	0.000086	0.000000	0.000000	0.000000	0.500009	0.499905	0.000000	0.000000	0.000000
54	tsk_54	(x)	1	:	0.000000	0.000042	0.000000	0.522207	0.000000	0.000000	0.477751	0.000000	0.000000	0.000000
55	tsk_55	(x)	1	:	0.000000	0.000191	0.000000	0.000000	0.000000	0.000000	0.999809	0.000000	0.000000	0.000000
56	tsk_56	(x)	1	:	0.000000	0.000090	0.000000	0.000000	0.000000	0.500009	0.499900	0.000000	0.000000	0.000000
57	tsk_57	(x)	1	:	0.000000	0.000080	0.000000	0.000000	0.000000	0.500008	0.499912	0.000000	0.000000	0.000000
58	tsk_58	(x)	1	:	0.382343	0.000008	0.000000	0.522183	0.000000	0.000000	0.095467	0.000000	0.000000	0.000000
59	tsk_59	(x)	1	:	0.000000	0.000183	0.000000	0.000000	0.000000	0.000000	0.999817	0.000000	0.000000	0.000000
60	tsk_60	(x)	1	:	0.000000	0.000000	0.000000	0.000000	0.000000	0.000000	0.000000	1.000000	0.000000	0.000000
61	tsk_61	(x)	1	:	0.000000	0.000000	0.000000	0.000000	0.000000	0.499599	0.000342	0.497832	0.000000	0.002227
62	tsk_62	(x)	1	:	0.000000	0.000201	0.000000	0.000000	0.000000	0.000000	0.999799	0.000000	0.000000	0.000000
63	tsk_63	(x)	1	:	0.000000	0.000000	0.000000	0.402628	0.000000	0.000000	0.411621	0.000000	0.185751	0.000000
64	tsk_64	(x)	1	:	0.000000	0.000032	0.000000	0.000000	0.000000	0.000000	0.593706	0.000000	0.406262	0.000000
65	tsk_65	(x)	1	:	0.000000	0.000113	0.000000	0.402631	0.000000	0.000000	0.597256	0.000000	0.000000	0.000000
66	tsk_66	(x)	1	:	0.000000	0.000098	0.000000	0.000000	0.000000	0.000000	0.814146	0.000000	0.185756	0.000000
67	tsk_67	(x)	1	:	0.000000	0.000000	0.000000	0.000000	0.000000	0.000000	0.314116	0.497860	0.185751	0.002273
68	tsk_68	(x)	1	:	0.000000	0.000012	0.000000	0.000000	0.000000	0.000000	0.314101	0.497852	0.185753	0.002282
69	tsk_69	(x)	1	:	0.000000	0.000081	0.000000	0.000000	0.000000	0.500008	0.499911	0.000000	0.000000	0.000000
70	tsk_70	(x)	1	:	0.000000	0.000091	0.000000	0.000000	0.000000	0.500009	0.499900	0.000000	0.000000	0.000000
71	tsk_71	(x)	1	:	0.000000	0.000118	0.267787	0.000000	0.000000	0.000000	0.732095	0.000000	0.000000	0.000000
72	tsk_72	(x)	1	:	0.000000	0.000028	0.000000	0.000000	0.000000	0.000000	0.664797	0.000000	0.335175	0.000000
73	tsk_73	(x)	1	:	0.000000	0.000137	0.000000	0.000000	0.000000	0.000000	0.999863	0.000000	0.000000	0.000000
74	tsk_74	(x)	1	:	0.000000	0.000039	0.000000	0.000000	0.000000	0.000000	0.814208	0.000000	0.185754	0.000000
75	tsk_75	(x)	1	:	0.000000	0.000104	0.000000	0.000000	0.000000	0.000000	0.999896	0.000000	0.000000	0.000000
76	tsk_76	(x)	1	:	0.000000	0.000027	0.000000	0.000000	0.000000	0.000000	0.593712	0.000000	0.406261	0.000000
77	tsk_77	(x)	1	:	0.000000	0.000062	0.520170	0.000000	0.000000	0.000000	0.479768	0.000000	0.000000	0.000000
78	tsk_78	(x)	1	:	0.000000	0.000000	0.000000	0.000000	0.000000	1.000000	0.000000	0.000000	0.000000	0.000000
79	tsk_79	(x)	1	:	0.000000	0.000000	0.520134	0.000000	0.000000	0.000000	0.294125	0.000000	0.185740	0.000000
80	tsk_80	(x)	1	:	0.000000	0.000000	0.501891	0.000000	0.000000	0.000000	0.000000	0.000000	0.000000	0.498109
81	tsk_81	(x)	1	:	0.000000	0.000048	0.000000	0.000000	0.000000	0.000000	0.499817	0.497843	0.000000	0.002292
82	tsk_82	(x)	1	:	0.000000	0.000092	0.000000	0.000000	0.000000	0.000000	0.499906	0.000000	0.000000	0.500001
83	tsk_83	(x)	1	:	0.000000	0.000000	0.485004	0.514996	0.000000	0.000000	0.000000	0.000000	0.000000	0.000000
84	tsk_84	(x)	1	:	0.000000	0.000187	0.000000	0.000000	0.000000	0.000000	0.999813	0.000000	0.000000	0.000000
85	tsk_85	(x)	1	:	0.000000	0.000000	0.000000	0.425132	0.000000	0.000000	0.057220	0.000000	0.000000	0.517648
86	tsk_86	(x)	1	:	0.000000	0.000079	0.520173	0.000000	0.000000	0.000000	0.479747	0.000000	0.000000	0.000000
87	tsk_87	(x)	1	:	0.000000	0.000096	0.000000	0.402631	0.000000	0.000000	0.597273	0.000000	0.000000	0.000000
88	tsk_88	(x)	1	:	0.000000	0.000049	0.520167	0.000000	0.000000	0.000000	0.479785	0.000000	0.000000	0.000000
89	tsk_89	(x)	1	:	0.000000	0.000059	0.643348	0.000000	0.000000	0.000000	0.356593	0.000000	0.000000	0.000000
90	tsk_90	(x)	1	:	0.285324	0.000103	0.000000	0.000000	0.000000	0.000000	0.714573	0.000000	0.000000	0.000000
91	tsk_91	(x)	1	:	0.000000	0.000088	0.000000	0.000000	0.348572	0.000000	0.499913	0.000000	0.000000	0.151427
92	tsk_92	(x)	1	:	0.000000	0.000151	0.000000	0.000000	0.000000	0.000000	0.999848	0.000000	0.000000	0.000000
93	tsk_93	(x)	1	:	0.285326	0.000112	0.000000	0.000000	0.000000	0.000000	0.714562	0.000000	0.000000	0.000000
94	tsk_94	(x)	1	:	0.000000	0.000093	0.000000	0.000000	0.000000	0.000000	0.499905	0.000000	0.000000	0.500001
95	tsk_95	(x)	1	:	0.000000	0.000000	0.000000	0.000000	0.000000	0.000000	0.000000	0.000000	0.000000	1.000000
96	tsk_96	(x)	1	:	0.000000	0.000093	0.000000	0.000000	0.000000	0.000000	0.499905	0.000000	0.000000	0.500001
97	tsk_97	(x)	1	:	0.000000	0.000073	0.000000	0.000000	0.000000	0.000000	0.499925	0.000000	0.000000	0.500001
98	tsk_98	(x)	1	:	0.000000	0.000000	0.000000	0.000000	0.000000	0.499593	0.000484	0.000000	0.000000	0.499924
99	tsk_99	(x)	1	:	0.000000	0.000000	0.000000	0.000000	0.000000	0.000000	0.000000	0.000000	0.000000	1.000000
100	tsk_100	(x)	1	:	0.000000	0.000030	0.267759	0.000000	0.000000	0.000000	0.232213	0.000000	0.000000	0.499998
101	tsk_101	(x)	1	:	1.000000	0.000000	0.000000	0.000000	0.000000	0.000000	0.000000	0.000000	0.000000	0.000000
102	tsk_102	(x)	1	:	1.000000	0.000000	0.000000	0.000000	0.000000	0.000000	0.000000	0.000000	0.000000	0.000000
103	tsk_103	(x)	1	:	0.382304	0.000011	0.267670	0.000000	0.000000	0.000000	0.350014	0.000000	0.000000	0.000000
104	tsk_104	(x)	1	:	1.000000	0.000000	0.000000	0.000000	0.000000	0.000000	0.000000	0.000000	0.000000	0.000000
105	tsk_105	(x)	1	:	0.000000	0.000177	0.000000	0.000000	0.000000	0.000000	0.999823	0.000000	0.000000	0.000000
106	tsk_106	(x)	1	:	0.000000	0.000046	0.000000	0.000000	0.348568	0.000000	0.499955	0.000000	0.000000	0.151431
107	tsk_107	(x)	1	:	0.382514	0.000064	0.000000	0.000000	0.000000	0.000000	0.617422	0.000000	0.000000	0.000000
108	tsk_108	(x)	1	:	0.000000	0.000090	0.000000	0.000000	0.000000	0.500009	0.499901	0.000000	0.000000	0.000000
109	tsk_109	(x)	1	:	0.382353	0.000010	0.000000	0.000000	0.000000	0.499940	0.117697	0.000000	0.000000	0.000000
110	tsk_110	(x)	1	:	0.000000	0.000139	0.000000	0.000000	0.000000	0.000000	0.999860	0.000000	0.000000	0.000000
111	tsk_111	(x)	1	:	0.000000	0.000036	0.000000	0.000000	0.000000	0.000000	0.593701	0.000000	0.406263	0.000000
112	tsk_112	(x)	1	:	0.000000	0.000177	0.000000	0.000000	0.000000	0.000000	0.999823	0.000000	0.000000	0.000000
113	tsk_113	(x)	1	:	0.000000	0.000166	0.000000	0.000000	0.000000	0.000000	0.999834	0.000000	0.000000	0.000000
114	tsk_114	(x)	1	:	0.000000	0.000092	0.000000	0.000000	0.000000	0.000000	0.593638	0.000000	0.406270	0.000000
115	tsk_115	(x)	1	:	0.000000	0.000033	0.000000	0.000000	0.000000	0.000000	0.593704	0.000000	0.406262	0.000000
116	tsk_116	(x)	1	:	0.000000	0.000000	0.000000	0.000000	0.000000	0.000000	0.000000	0.000000	0.000000	1.000000
117	tsk_117	(x)	1	:	0.000000	0.000149	0.000000	0.000000	0.000000	0.000000	0.999851	0.000000	0.000000	0.000000
118	tsk_118	(x)	1	:	0.000000	0.000014	0.000000	0.000000	0.000000	0.000000	0.593726	0.000000	0.406260	0.000000
119	tsk_119	(x)	1	:	0.000000	0.000184	0.000000	0.000000	0.000000	0.000000	0.999816	0.000000	0.000000	0.000000
120	tsk_120	(x)	1	:	0.000000	0.000075	0.000000	0.000000	0.505503	0.000000	0.494422	0.000000	0.000000	0.000000
121	tsk_121	(x)	1	:	0.000000	0.000158	0.215398	0.000000	0.000000	0.000000	0.784444	0.000000	0.000000	0.000000
122	tsk_122	(x)	1	:	0.000000	0.000035	0.215391	0.522207	0.000000	0.000000	0.262367	0.000000	0.000000	0.000000
123	tsk_123	(x)	1	:	0.381800	0.000000	0.000000	0.000000	0.000000	0.000000	0.118244	0.000000	0.000000	0.499957
124	tsk_124	(x)	1	:	0.480398	0.000000	0.000000	0.000000	0.000000	0.000000	0.000000	0.519602	0.000000	0.000000
125	tsk_125	(x)	1	:	0.000000	0.000056	0.000000	0.000000	0.000000	0.000000	0.537158	0.000000	0.462786	0.000000
126	tsk_126	(x)	1	:	0.000000	0.000072	0.000000	0.000000	0.000000	0.000000	0.499793	0.497854	0.000000	0.002280
127	tsk_127	(x)	1	:	0.000000	0.000000	0.000000	0.000000	0.509152	0.000000	0.053740	0.000000	0.437108	0.000000
128	tsk_128	(x)	1	:	0.000000	0.000000	0.000000	0.000000	0.000000	0.000000	0.000000	0.000000	1.000000	0.000000
129	tsk_129	(x)	1	:	0.000000	0.000174	0.000000	0.000000	0.000000	0.000000	0.999826	0.000000	0.000000	0.000000
130	tsk_130	(x)	1	:	0.000000	0.000000	0.000000	0.000000	0.548053	0.000000	0.000000	0.451946	0.000000	0.000000
131	tsk_131	(x)	1	:	0.000000	0.000084	0.000000	0.000000	0.000000	0.000000	0.499915	0.000000	0.000000	0.500001
132	tsk_132	(x)	1	:	0.000000	0.000000	0.000000	0.000000	0.000000	0.000000	0.000000	0.500000	0.000000	0.500000
133	tsk_133	(x)	1	:	0.285313	0.000024	0.000000	0.000000	0.000000	0.000000	0.214663	0.000000	0.000000	0.500000
134	tsk_134	(x)	1	:	0.000000	0.000151	0.000000	0.000000	0.000000	0.000000	0.999848	0.000000	0.000000	0.000000
135	tsk_135	(x)	1	:	0.000000	0.000000	0.000000	0.000000	0.000000	0.000000	0.000000	0.500000	0.000000	0.500000
136	tsk_136	(x)	1	:	0.000000	0.000000	0.000000	0.000000	0.548053	0.000000	0.000000	0.451946	0.000000	0.000000
137	tsk_137	(x)	1	:	0.000000	0.000000	0.000000	0.000000	0.000000	0.000000	0.000000	1.000000	0.000000	0.000000
138	tsk_138	(x)	1	:	0.000000	0.000000	0.000000	0.000000	0.000000	0.000000	0.000000	1.000000	0.000000	0.000000
139	tsk_139	(x)	1	:	0.000000	0.000000	0.000000	0.000000	0.000000	0.000000	0.500000	0.000000	0.000000	0.500000
140	tsk_140	(x)	1	:	0.000000	0.000074	0.000000	0.000000	0.000000	0.000000	0.999926	0.000000	0.000000	0.000000
141	tsk_141	(x)	1	:	0.000000	0.000077	0.000000	0.000000	0.000000	0.000000	0.999922	0.000000	0.000000	0.000000
142	tsk_142	(x)	1	:	0.000000	0.000122	0.000000	0.000000	0.000000	0.000000	0.999878	0.000000	0.000000	0.000000
143	tsk_143	(x)	1	:	0.000000	0.000139	0.000000	0.000000	0.000000	0.000000	0.999860	0.000000	0.000000	0.000000
144	tsk_144	(x)	1	:	0.000000	0.000012	0.000000	0.000000	0.000000	0.353355	0.155719	0.000000	0.490914	0.000000
145	tsk_145	(x)	1	:	0.000000	0.000073	0.000000	0.000000	0.000000	0.000000	0.999927	0.000000	0.000000	0.000000
146	tsk_146	(x)	1	:	0.000000	0.000093	0.000000	0.000000	0.000000	0.000000	0.499769	0.497805	0.000000	0.002334
147	tsk_147	(x)	1	:	0.000000	0.000061	0.000000	0.522208	0.000000	0.000000	0.477731	0.000000	0.000000	0.000000
148	tsk_148	(x)	1	:	0.000000	0.000000	0.000000	0.000000	0.000000	0.499697	0.000225	0.497842	0.000000	0.002235
149	tsk_149	(x)	1	:	0.000000	0.000000	0.000000	0.000000	0.000000	0.499498	0.000462	0.497849	0.000000	0.002191
