logL = -1063.035516 (converged)
AIC = 2936.071032
BIC = 4155.378326

count.K
13 116 21 

