logL = -623.608947 (converged)
AIC = 5627.217894
BIC = 12220.509188

count.K
12 6 42 2 3 36 5 0 11 7 3 15 8 

