logL = -466.793821 (converged)
AIC = 4333.587641
BIC = 9451.667641

count.K
0 2 7 2 12 9 15 1 5 97 

