logL = -1550.756794 (converged)
AIC = 3917.513589
BIC = 5145.852789

count.K
18 100 32 

