logL = -2019.300211 (converged)
AIC = 4510.600421
BIC = 5221.110350

count.K
45 105 

