logL = -1615.167560 (converged)
AIC = 5306.335120
BIC = 8431.374555

count.K
32 18 23 24 47 6 

