logL = -3727.796942 (converged)
AIC = 9855.593884
BIC = 13468.356237

count.K
31 6 1 52 33 27 

