logL = -2064.607453 (converged)
AIC = 5389.214906
BIC = 7285.915141

count.K
19 53 34 44 

