logL = -1983.933522 (converged)
AIC = 4849.867044
BIC = 6177.557209

count.K
46 75 29 

