0	tsk_0	(x)	1	:	0.000000	0.000000	0.000000	0.000004	0.000000	0.000000	0.000000	0.000000	0.452637	0.000000	0.000000	0.047363	0.000000	0.000000	0.499997
1	tsk_1	(x)	1	:	0.000000	0.000000	0.000000	0.000035	0.000000	0.000000	0.000000	0.000000	0.000000	0.000000	0.000000	0.000000	0.000000	0.000000	0.999965
2	tsk_2	(x)	1	:	0.000000	0.000000	0.000000	1.000000	0.000000	0.000000	0.000000	0.000000	0.000000	0.000000	0.000000	0.000000	0.000000	0.000000	0.000000
3	tsk_3	(x)	1	:	0.000000	0.000000	0.000000	0.000006	0.000000	0.000000	0.000000	0.000000	0.000000	0.000000	0.000000	0.000000	0.000000	0.499997	0.499996
4	tsk_4	(x)	1	:	0.000000	0.000000	0.000000	0.000000	1.000000	0.000000	0.000000	0.000000	0.000000	0.000000	0.000000	0.000000	0.000000	0.000000	0.000000
5	tsk_5	(x)	1	:	0.000000	0.000000	0.000000	0.000000	0.000000	0.000000	0.000000	0.000000	0.000000	0.000000	0.000000	0.000000	0.000000	0.000000	1.000000
6	tsk_6	(x)	1	:	0.000000	0.000000	0.000000	0.000006	0.000000	0.000000	0.000000	0.000000	0.000000	0.000000	0.000000	0.000000	0.000000	0.499997	0.499996
7	tsk_7	(x)	1	:	0.000000	0.000000	0.000000	0.000000	0.000000	0.000000	0.000000	0.000000	0.000000	0.000000	0.000000	0.000000	0.000000	0.000000	1.000000
8	tsk_8	(x)	1	:	0.000000	0.000000	0.000000	0.000000	0.000000	0.000000	0.000000	0.000000	0.514223	0.000000	0.000000	0.000000	0.000000	0.000000	0.485777
9	tsk_9	(x)	1	:	0.000000	0.000000	0.000000	0.000000	0.000000	0.000000	0.000000	0.000000	0.000000	0.000000	0.000000	0.000000	0.000000	0.000000	1.000000
10	tsk_10	(x)	1	:	0.000000	0.000000	0.000000	0.000015	0.000000	0.000000	0.000000	0.000000	0.000000	0.000000	0.000000	0.499986	0.000000	0.000000	0.499999
11	tsk_11	(x)	1	:	0.000000	0.000000	0.000000	0.000000	0.000000	0.000000	0.000000	0.000000	0.000000	0.000000	0.000000	0.000000	0.000000	0.000000	1.000000
12	tsk_12	(x)	1	:	0.000000	0.000000	0.000000	0.000012	0.000000	0.000000	0.000000	0.000000	0.000000	0.000000	0.000000	0.499994	0.000000	0.000000	0.499993
13	tsk_13	(x)	1	:	0.000000	0.000000	0.000000	0.000000	0.000000	0.000000	0.000000	0.000000	0.000000	0.000000	0.000000	0.000000	0.000000	0.000000	1.000000
14	tsk_14	(x)	1	:	0.000000	0.000000	0.000000	0.000000	0.000000	0.000000	0.000000	0.000000	0.000000	0.000000	0.000000	0.000000	0.000000	0.500000	0.500000
15	tsk_15	(x)	1	:	0.000000	0.000000	0.000000	0.000002	0.000000	0.000000	0.000000	0.000000	0.452637	0.000000	0.000000	0.047363	0.000000	0.000000	0.499997
16	tsk_16	(x)	1	:	0.000000	0.000000	0.000000	0.000037	0.000000	0.000000	0.000000	0.000000	0.000000	0.000000	0.000000	0.000000	0.000000	0.000000	0.999963
17	tsk_17	(x)	1	:	0.000000	0.000000	0.000000	0.000039	0.000000	0.000000	0.000000	0.000000	0.000000	0.000000	0.000000	0.000000	0.000000	0.000000	0.999961
18	tsk_18	(x)	1	:	0.000000	0.000000	0.000000	0.000000	0.000000	0.000000	0.000000	0.000000	0.452647	0.000000	0.000000	0.547353	0.000000	0.000000	0.000000
19	tsk_19	(x)	1	:	0.000000	0.000000	0.000000	0.000000	0.000000	0.000000	0.000000	0.000000	0.452647	0.000000	0.000000	0.547353	0.000000	0.000000	0.000000
20	tsk_20	(x)	1	:	0.000000	0.000000	0.000000	0.000006	0.000000	0.000000	0.000000	0.000000	0.000000	0.000000	0.000000	0.000000	0.000000	0.499997	0.499996
21	tsk_21	(x)	1	:	0.000000	0.000000	0.000000	0.000012	0.000000	0.000000	0.526448	0.000000	0.000000	0.000000	0.000000	0.035133	0.000000	0.000000	0.438408
22	tsk_22	(x)	1	:	0.000000	0.000000	0.000000	0.000037	0.000000	0.000000	0.000000	0.000000	0.000000	0.000000	0.000000	0.000000	0.000000	0.000000	0.999962
23	tsk_23	(x)	1	:	0.000000	0.000000	0.000000	0.000000	0.000000	0.000000	0.000000	0.000000	0.000000	0.000000	0.495693	0.000000	0.000000	0.000000	0.504307
24	tsk_24	(x)	1	:	0.000000	0.000000	0.000000	0.000000	0.000000	0.000000	0.000000	0.000000	0.000000	0.000000	0.497868	0.000000	0.000000	0.000000	0.502132
25	tsk_25	(x)	1	:	0.000000	0.000000	0.000000	0.000015	0.000000	0.000000	0.000000	0.000000	0.000000	0.000000	0.000000	0.000000	0.000000	0.499991	0.499994
26	tsk_26	(x)	1	:	0.000000	0.000000	0.000000	0.000012	0.000000	0.000000	0.000000	0.000000	0.000000	0.000000	0.000000	0.000000	0.000000	0.499994	0.499994
27	tsk_27	(x)	1	:	0.000000	0.000000	0.000000	0.000000	0.000000	0.000000	0.000000	0.000000	0.000000	0.000000	0.497990	0.000000	0.000000	0.000000	0.502010
28	tsk_28	(x)	1	:	0.000000	0.000000	0.000000	0.000019	0.000000	0.000000	0.000000	0.000000	0.000000	0.000000	0.000000	0.000000	0.000000	0.000000	0.999980
29	tsk_29	(x)	1	:	0.000000	0.000000	0.000000	0.000038	0.000000	0.000000	0.000000	0.000000	0.000000	0.000000	0.000000	0.000000	0.000000	0.000000	0.999962
30	tsk_30	(x)	1	:	0.000000	0.000000	0.000000	0.000000	0.000000	0.000000	0.000000	0.000000	0.000000	0.000000	0.000000	1.000000	0.000000	0.000000	0.000000
31	tsk_31	(x)	1	:	0.000000	0.000000	0.000000	0.000000	0.000000	0.000000	0.000000	0.000000	1.000000	0.000000	0.000000	0.000000	0.000000	0.000000	0.000000
32	tsk_32	(x)	1	:	0.000000	0.000000	0.000000	0.000004	0.000000	0.000000	0.000000	0.000000	0.452637	0.000000	0.000000	0.047363	0.000000	0.000000	0.499997
33	tsk_33	(x)	1	:	0.000000	0.000000	0.000000	0.000016	0.000000	0.000000	0.000000	0.000000	0.452634	0.000000	0.000000	0.047355	0.000000	0.000000	0.499995
34	tsk_34	(x)	1	:	0.000000	0.000000	0.000000	0.000007	0.000000	0.000000	0.000000	0.438233	0.000000	0.000000	0.000000	0.000000	0.000000	0.000000	0.561760
35	tsk_35	(x)	1	:	0.000000	0.000000	0.000000	0.000000	0.000000	0.000000	0.000000	0.000000	0.452647	0.000000	0.000000	0.547353	0.000000	0.000000	0.000000
36	tsk_36	(x)	1	:	0.000000	0.000000	0.000000	0.000015	0.000000	0.000000	0.000000	0.000000	0.452635	0.000000	0.000000	0.047357	0.000000	0.000000	0.499993
37	tsk_37	(x)	1	:	0.000000	0.000000	0.000000	0.000000	0.000000	0.000000	0.000000	0.000000	0.476092	0.000000	0.000000	0.000000	0.000000	0.523908	0.000000
38	tsk_38	(x)	1	:	0.000000	0.000000	0.000000	0.000001	0.000000	0.000000	0.000000	0.438885	0.452633	0.000000	0.000000	0.047372	0.000000	0.000000	0.061108
39	tsk_39	(x)	1	:	0.000000	0.000000	0.000000	0.000000	0.000000	0.000000	0.000000	0.000000	1.000000	0.000000	0.000000	0.000000	0.000000	0.000000	0.000000
40	tsk_40	(x)	1	:	0.000000	0.000000	0.000000	0.000005	0.000000	0.000000	0.000000	0.000000	0.000000	0.000000	0.000000	0.499998	0.000000	0.000000	0.499997
41	tsk_41	(x)	1	:	0.000000	0.000000	0.505235	0.000011	0.000000	0.000000	0.000000	0.000000	0.000000	0.000000	0.000000	0.000000	0.000000	0.000000	0.494754
42	tsk_42	(x)	1	:	0.000000	0.000000	0.633108	0.000000	0.000000	0.000000	0.000000	0.000000	0.000000	0.000000	0.000000	0.366892	0.000000	0.000000	0.000000
43	tsk_43	(x)	1	:	0.000000	0.000000	1.000000	0.000000	0.000000	0.000000	0.000000	0.000000	0.000000	0.000000	0.000000	0.000000	0.000000	0.000000	0.000000
44	tsk_44	(x)	1	:	0.000000	0.000000	0.000000	0.000015	0.000000	0.000000	0.000000	0.000000	0.452636	0.000000	0.000000	0.047356	0.000000	0.000000	0.499993
45	tsk_45	(x)	1	:	0.000000	0.000000	0.505238	0.000005	0.000000	0.000000	0.000000	0.000000	0.000000	0.000000	0.000000	0.000000	0.000000	0.000000	0.494756
46	tsk_46	(x)	1	:	0.000000	0.000000	0.000000	0.000000	0.000000	0.000000	0.000000	0.000000	0.452647	0.000000	0.000000	0.547353	0.000000	0.000000	0.000000
47	tsk_47	(x)	1	:	0.000000	0.000000	0.633108	0.000000	0.000000	0.000000	0.000000	0.000000	0.000000	0.000000	0.000000	0.366892	0.000000	0.000000	0.000000
48	tsk_48	(x)	1	:	0.000000	0.000000	0.633108	0.000000	0.000000	0.000000	0.000000	0.000000	0.000000	0.000000	0.000000	0.366892	0.000000	0.000000	0.000000
49	tsk_49	(x)	1	:	0.000000	0.000000	0.000000	0.000016	0.000000	0.000000	0.000000	0.000000	0.000000	0.000000	0.000000	0.499990	0.000000	0.000000	0.499995
50	tsk_50	(x)	1	:	0.000000	0.000000	0.000000	0.000020	0.000000	0.000000	0.000000	0.000000	0.000000	0.000000	0.000000	0.000000	0.000000	0.000000	0.999980
51	tsk_51	(x)	1	:	0.000000	0.000000	0.000000	0.000036	0.000000	0.000000	0.000000	0.000000	0.000000	0.000000	0.000000	0.000000	0.000000	0.000000	0.999964
52	tsk_52	(x)	1	:	0.000000	0.000000	0.000000	0.000000	0.000000	0.000000	0.000000	0.000000	0.000000	0.000000	0.000000	0.000000	0.000000	0.000000	1.000000
53	tsk_53	(x)	1	:	0.000000	0.000000	0.000000	0.000010	0.000000	0.000000	0.000000	0.000000	0.000000	0.000000	0.000000	0.000000	0.000000	0.499979	0.500011
54	tsk_54	(x)	1	:	0.000000	0.000000	0.000000	0.000000	0.000000	0.000000	0.000000	0.000000	0.000000	0.000000	0.000000	0.000000	0.000000	0.000000	1.000000
55	tsk_55	(x)	1	:	0.000000	0.000000	0.000000	0.000037	0.000000	0.000000	0.000000	0.000000	0.000000	0.000000	0.000000	0.000000	0.000000	0.000000	0.999963
56	tsk_56	(x)	1	:	0.000000	0.000000	0.000000	0.000000	0.000000	0.000000	0.000000	0.000000	0.000000	0.000000	0.000000	0.000000	0.000000	0.000000	1.000000
57	tsk_57	(x)	1	:	0.000000	0.000000	0.000000	0.000039	0.000000	0.000000	0.000000	0.000000	0.000000	0.000000	0.000000	0.000000	0.000000	0.000000	0.999961
58	tsk_58	(x)	1	:	0.000000	0.000000	0.000000	0.000008	0.000000	0.000000	0.526451	0.000000	0.000000	0.000000	0.000000	0.035132	0.000000	0.000000	0.438408
59	tsk_59	(x)	1	:	0.000000	0.000000	0.000000	0.000034	0.000000	0.000000	0.000000	0.000000	0.000000	0.000000	0.000000	0.000000	0.000000	0.000000	0.999965
60	tsk_60	(x)	1	:	0.000000	0.000000	0.000000	0.000018	0.000000	0.000000	0.000000	0.438447	0.000000	0.000000	0.000000	0.000000	0.000000	0.000000	0.561535
61	tsk_61	(x)	1	:	0.000000	0.000000	0.000000	0.000000	0.000000	0.000000	0.000000	0.000000	0.588670	0.000000	0.000000	0.000000	0.000000	0.411330	0.000000
62	tsk_62	(x)	1	:	0.000000	0.000000	0.000000	0.000000	0.000000	0.000000	0.000000	0.436135	0.000000	0.000000	0.000000	0.000000	0.000000	0.000000	0.563865
63	tsk_63	(x)	1	:	0.000000	0.000000	0.000000	0.000000	0.000000	0.000000	0.000000	1.000000	0.000000	0.000000	0.000000	0.000000	0.000000	0.000000	0.000000
64	tsk_64	(x)	1	:	0.000000	0.000000	0.000000	0.000012	0.000000	0.000000	0.000000	0.000000	0.514254	0.000000	0.000000	0.000000	0.000000	0.000000	0.485734
65	tsk_65	(x)	1	:	0.000000	0.000000	0.000000	0.000000	0.000000	0.000000	0.000000	0.640141	0.000000	0.000000	0.000000	0.000000	0.000000	0.000000	0.359859
66	tsk_66	(x)	1	:	0.000000	0.000000	0.000000	0.000000	0.000000	0.000000	0.000000	0.514141	0.485859	0.000000	0.000000	0.000000	0.000000	0.000000	0.000000
67	tsk_67	(x)	1	:	0.000000	0.000000	0.000000	0.000000	0.000000	0.000000	0.000000	0.000000	0.000000	0.000000	0.000000	0.000000	0.000000	0.000000	1.000000
68	tsk_68	(x)	1	:	0.000000	0.000000	0.000000	0.000010	0.000000	0.000000	0.000000	0.000000	0.000000	0.000000	0.000000	0.000000	0.000000	0.499995	0.499995
69	tsk_69	(x)	1	:	0.000000	0.000000	0.000000	0.000029	0.000000	0.000000	0.000000	0.000000	0.000000	0.000000	0.000000	0.000000	0.000000	0.000000	0.999970
70	tsk_70	(x)	1	:	0.000000	0.000000	0.000000	0.000000	0.000000	0.000000	0.000000	0.000000	0.514260	0.000000	0.000000	0.000000	0.000000	0.000000	0.485740
71	tsk_71	(x)	1	:	0.000000	0.000000	0.000000	0.000000	0.000000	0.000000	0.000000	0.000000	0.000000	0.000000	0.000000	0.000000	0.000000	0.000000	1.000000
72	tsk_72	(x)	1	:	0.000000	0.000000	0.000000	0.000000	0.000000	0.000000	0.000000	0.000000	0.000000	0.000000	0.000000	0.000000	0.000000	0.000000	1.000000
73	tsk_73	(x)	1	:	0.190304	0.253209	0.000000	0.000000	0.000000	0.000000	0.000000	0.556486	0.000000	0.000000	0.000000	0.000000	0.000000	0.000000	0.000000
74	tsk_74	(x)	1	:	0.000000	0.159308	0.000000	0.000000	0.000000	0.000000	0.000000	0.840692	0.000000	0.000000	0.000000	0.000000	0.000000	0.000000	0.000000
75	tsk_75	(x)	1	:	0.000000	0.000000	0.000000	0.000001	0.000000	0.000000	0.000000	0.438876	0.452633	0.000000	0.000000	0.047372	0.000000	0.000000	0.061119
76	tsk_76	(x)	1	:	0.000000	0.000000	0.000000	0.000011	0.000000	0.000000	0.000000	0.000000	0.000000	0.000000	0.000000	0.000000	0.000000	0.000000	0.999989
77	tsk_77	(x)	1	:	0.000000	0.211171	0.000000	0.000000	0.000000	0.000000	0.000000	0.432741	0.000000	0.000000	0.000000	0.000000	0.000000	0.000000	0.356088
78	tsk_78	(x)	1	:	0.000000	0.000000	0.000000	0.000015	0.000000	0.000000	0.000000	0.000000	0.452635	0.000000	0.000000	0.047356	0.000000	0.000000	0.499994
79	tsk_79	(x)	1	:	0.000000	0.000000	0.000000	0.000000	0.000000	0.000000	0.000000	0.435267	0.000000	0.000000	0.000000	0.000000	0.000000	0.000000	0.564733
80	tsk_80	(x)	1	:	0.000000	0.000000	0.000000	0.000006	0.000000	0.000000	0.000000	0.000000	0.452637	0.000000	0.000000	0.047362	0.000000	0.000000	0.499995
81	tsk_81	(x)	1	:	0.000000	0.186541	0.000000	0.000000	0.000000	0.000000	0.000000	0.000000	0.000000	0.000000	0.000000	0.000000	0.000000	0.000000	0.813459
82	tsk_82	(x)	1	:	0.000000	0.000000	0.000000	0.000016	0.000000	0.000000	0.000000	0.000000	0.000000	0.000000	0.000000	0.000000	0.000000	0.499986	0.499998
83	tsk_83	(x)	1	:	0.000000	0.000000	0.000000	0.000009	0.000000	0.000000	0.000000	0.000000	0.452636	0.000000	0.000000	0.047361	0.000000	0.000000	0.499994
84	tsk_84	(x)	1	:	1.000000	0.000000	0.000000	0.000000	0.000000	0.000000	0.000000	0.000000	0.000000	0.000000	0.000000	0.000000	0.000000	0.000000	0.000000
85	tsk_85	(x)	1	:	0.000000	0.000000	0.000000	0.000000	0.000000	0.000000	0.000000	0.000000	1.000000	0.000000	0.000000	0.000000	0.000000	0.000000	0.000000
86	tsk_86	(x)	1	:	0.000000	0.000000	0.000000	0.000000	0.000000	0.000000	0.000000	0.432883	0.000000	0.000000	0.000000	0.000000	0.000000	0.000000	0.567116
87	tsk_87	(x)	1	:	0.000000	0.000000	0.000000	0.000009	0.000000	0.000000	0.000000	0.000000	0.452636	0.000000	0.000000	0.047360	0.000000	0.000000	0.499994
88	tsk_88	(x)	1	:	0.000000	0.000000	0.000000	0.000016	0.000000	0.000000	0.000000	0.000000	0.452634	0.000000	0.000000	0.047354	0.000000	0.000000	0.499996
89	tsk_89	(x)	1	:	0.000000	0.000000	0.000000	0.000008	0.000000	0.000000	0.000000	0.000000	0.452636	0.000000	0.000000	0.047361	0.000000	0.000000	0.499994
90	tsk_90	(x)	1	:	0.000000	0.000000	0.000000	0.000015	0.000000	0.000000	0.000000	0.000000	0.000000	0.000000	0.000000	0.499992	0.000000	0.000000	0.499993
91	tsk_91	(x)	1	:	0.000000	0.000000	0.000000	0.000010	0.000000	0.176435	0.000000	0.000000	0.277229	0.000000	0.000000	0.060295	0.000000	0.000000	0.486032
92	tsk_92	(x)	1	:	0.000000	0.000000	0.000000	0.000007	0.000000	0.000000	0.000000	0.000000	0.000000	0.000000	0.000000	0.499997	0.000000	0.000000	0.499996
93	tsk_93	(x)	1	:	0.000000	0.000000	0.000000	0.000000	0.000000	0.000000	0.000000	0.000000	1.000000	0.000000	0.000000	0.000000	0.000000	0.000000	0.000000
94	tsk_94	(x)	1	:	0.000000	0.000000	0.000000	0.000001	0.000000	0.000000	0.000000	0.000000	0.501640	0.000000	0.160329	0.000000	0.000000	0.000000	0.338030
95	tsk_95	(x)	1	:	0.000000	0.000000	0.000000	0.000016	0.000000	0.000000	0.000000	0.000000	0.452635	0.000000	0.000000	0.047355	0.000000	0.000000	0.499994
96	tsk_96	(x)	1	:	0.000000	0.000000	0.000000	0.000004	0.000000	0.000000	0.000000	0.000000	0.452637	0.000000	0.000000	0.047363	0.000000	0.000000	0.499997
97	tsk_97	(x)	1	:	0.000000	0.000000	0.000000	0.000000	0.000000	0.000000	0.000000	0.000000	0.000000	0.000000	0.000000	0.000000	0.000000	0.000000	1.000000
98	tsk_98	(x)	1	:	0.000000	0.000000	0.000000	0.000010	0.000000	0.000000	0.000000	0.000000	0.000000	0.000000	0.000000	0.499996	0.000000	0.000000	0.499994
99	tsk_99	(x)	1	:	0.000000	0.000000	0.000000	0.000009	0.000000	0.000000	0.000000	0.000000	0.000000	0.000000	0.000000	0.499996	0.000000	0.000000	0.499994
100	tsk_100	(x)	1	:	0.000000	0.000000	0.000000	0.000003	0.000000	0.000000	0.000000	0.000000	0.514259	0.000000	0.000000	0.000000	0.000000	0.000000	0.485738
101	tsk_101	(x)	1	:	0.000000	0.000000	0.000000	0.000000	0.000000	0.000000	0.000000	0.000000	1.000000	0.000000	0.000000	0.000000	0.000000	0.000000	0.000000
102	tsk_102	(x)	1	:	0.000000	0.000000	0.000000	0.000010	0.000000	0.000000	0.000000	0.000000	0.514255	0.000000	0.000000	0.000000	0.000000	0.000000	0.485735
103	tsk_103	(x)	1	:	0.000000	0.000000	0.000000	0.000015	0.000000	0.000000	0.000000	0.000000	0.514250	0.000000	0.000000	0.000000	0.000000	0.000000	0.485735
104	tsk_104	(x)	1	:	0.000000	0.000000	0.000000	0.000000	0.000000	0.000000	0.000000	0.000000	0.000000	0.000000	0.000000	0.000000	0.000000	0.000000	1.000000
105	tsk_105	(x)	1	:	0.000000	0.000000	0.000000	0.000000	0.000000	0.000000	0.000000	0.000000	1.000000	0.000000	0.000000	0.000000	0.000000	0.000000	0.000000
106	tsk_106	(x)	1	:	0.000000	0.000000	0.000000	0.000002	0.000000	0.000000	0.000000	0.000000	0.452637	0.000000	0.000000	0.047363	0.000000	0.000000	0.499998
107	tsk_107	(x)	1	:	0.000000	0.000000	0.000000	0.000017	0.000000	0.000000	0.000000	0.000000	0.000000	0.000000	0.000000	0.000000	0.000000	0.000000	0.999983
108	tsk_108	(x)	1	:	0.000000	0.000000	0.000000	0.000000	0.000000	0.000000	0.000000	0.000000	1.000000	0.000000	0.000000	0.000000	0.000000	0.000000	0.000000
109	tsk_109	(x)	1	:	0.000000	0.000000	0.000000	0.000012	0.000000	0.000000	0.000000	0.000000	0.452636	0.000000	0.000000	0.047359	0.000000	0.000000	0.499993
110	tsk_110	(x)	1	:	0.000000	0.000000	0.000000	0.000000	0.000000	0.000000	0.000000	0.000000	0.000000	0.000000	0.000000	0.000000	0.000000	1.000000	0.000000
111	tsk_111	(x)	1	:	0.000000	0.000000	0.000000	0.000000	0.000000	0.000000	0.000000	0.000000	0.000000	0.000000	0.000000	0.000000	0.000000	1.000000	0.000000
112	tsk_112	(x)	1	:	0.000000	0.000000	0.000000	0.000000	0.000000	0.000000	0.526430	0.438442	0.000000	0.000000	0.000000	0.035128	0.000000	0.000000	0.000000
113	tsk_113	(x)	1	:	0.000000	0.000000	0.000000	0.000010	0.000000	0.225387	0.000000	0.000000	0.000000	0.000000	0.000000	0.000000	0.000000	0.283538	0.491064
114	tsk_114	(x)	1	:	0.000000	0.000000	0.000000	0.000000	0.000000	0.000000	0.000000	0.000000	0.000000	0.000000	0.000000	0.500000	0.000000	0.500000	0.000000
115	tsk_115	(x)	1	:	0.000000	0.000000	0.000000	0.000000	0.000000	0.000000	0.000000	0.000000	0.000000	0.000000	0.000000	0.000000	0.000000	1.000000	0.000000
116	tsk_116	(x)	1	:	0.000000	0.000000	0.000000	0.000000	0.000000	0.000000	0.000000	0.000000	0.000000	0.000000	0.000000	0.000000	0.000000	1.000000	0.000000
117	tsk_117	(x)	1	:	0.000000	0.000000	0.000000	0.000002	0.000000	0.000000	0.000000	0.000000	0.452637	0.000000	0.000000	0.047363	0.000000	0.000000	0.499998
118	tsk_118	(x)	1	:	0.000000	0.000000	0.000000	0.000004	0.000000	0.000000	0.000000	0.000000	0.000000	0.000000	0.000000	0.499998	0.000000	0.000000	0.499997
119	tsk_119	(x)	1	:	0.000000	0.000000	0.000000	0.000000	0.000000	0.000000	0.000000	0.000000	0.000000	0.000000	0.000000	0.000000	0.000000	1.000000	0.000000
120	tsk_120	(x)	1	:	0.000000	0.000000	0.000000	0.000000	0.000000	0.000000	0.000000	0.438014	0.000000	0.000000	0.000000	0.000000	0.000000	0.000000	0.561986
121	tsk_121	(x)	1	:	0.000000	0.000000	0.000000	0.000000	0.000000	0.000000	0.000000	0.000000	0.451121	0.000000	0.499675	0.049204	0.000000	0.000000	0.000000
122	tsk_122	(x)	1	:	0.000000	0.000000	0.000000	0.000001	0.000000	0.000000	0.000000	0.438879	0.452633	0.000000	0.000000	0.047372	0.000000	0.000000	0.061115
123	tsk_123	(x)	1	:	0.000000	0.000000	0.000000	0.000001	0.000000	0.000000	0.000000	0.438902	0.452635	0.000000	0.000000	0.047371	0.000000	0.000000	0.061091
124	tsk_124	(x)	1	:	0.000000	0.000000	0.000000	0.000000	0.000000	0.000000	0.000000	0.000000	0.451121	0.000000	0.499675	0.049204	0.000000	0.000000	0.000000
125	tsk_125	(x)	1	:	0.000000	0.000000	0.000000	0.000009	0.000000	0.000000	0.000000	0.000000	0.000000	0.000000	0.498211	0.000000	0.000000	0.000000	0.501780
126	tsk_126	(x)	1	:	0.000000	0.000000	0.000000	0.000000	0.000000	0.000000	0.000000	0.000000	0.000000	1.000000	0.000000	0.000000	0.000000	0.000000	0.000000
127	tsk_127	(x)	1	:	0.000000	0.000000	0.000000	0.000015	0.000000	0.000000	0.000000	0.000000	0.000000	0.499635	0.000000	0.000000	0.000000	0.000000	0.500350
128	tsk_128	(x)	1	:	0.000000	0.000000	0.000000	0.000004	0.000000	0.000000	0.000000	0.000000	0.452637	0.000000	0.000000	0.047362	0.000000	0.000000	0.499996
129	tsk_129	(x)	1	:	0.000000	0.000000	0.000000	0.000000	0.000000	0.000000	0.000000	0.000000	0.000000	0.000000	0.496494	0.000000	0.000000	0.000000	0.503506
130	tsk_130	(x)	1	:	0.000000	0.000000	0.000000	0.000000	0.000000	0.000000	0.000000	0.000000	0.000000	0.000000	0.000000	0.000000	0.999313	0.000000	0.000687
131	tsk_131	(x)	1	:	0.000000	0.000000	0.000000	0.000016	0.000000	0.000000	0.000000	0.000000	0.000000	0.000000	0.000000	0.000000	0.000000	0.000000	0.999984
132	tsk_132	(x)	1	:	0.000000	0.000000	0.000000	0.000001	0.000000	0.000000	0.000000	0.000000	0.501640	0.000000	0.160330	0.000000	0.000000	0.000000	0.338029
133	tsk_133	(x)	1	:	0.000000	0.000000	0.000000	0.000007	0.000000	0.176436	0.000000	0.000000	0.277227	0.000000	0.000000	0.060297	0.000000	0.000000	0.486033
134	tsk_134	(x)	1	:	0.000000	0.000000	0.000000	0.000000	0.000000	0.000000	0.000000	0.000000	0.501641	0.000000	0.160335	0.000000	0.000000	0.000000	0.338024
135	tsk_135	(x)	1	:	0.000000	0.000000	0.000000	0.000000	0.000000	0.000000	0.000000	0.000000	0.000000	0.000000	0.000000	0.000000	0.000000	0.000000	1.000000
136	tsk_136	(x)	1	:	0.000000	0.209155	0.000000	0.000000	0.000000	0.000000	0.000000	0.000000	0.000000	0.000000	0.000000	0.000000	0.000000	0.000000	0.790845
137	tsk_137	(x)	1	:	0.000000	0.000000	0.000000	0.000000	0.000000	0.000000	0.000000	0.000000	0.000000	0.000000	0.000000	0.000000	0.000000	0.000000	1.000000
138	tsk_138	(x)	1	:	0.000000	0.000000	0.000000	0.000005	0.000000	0.000000	0.000000	0.000000	0.501636	0.000000	0.160306	0.000000	0.000000	0.000000	0.338053
139	tsk_139	(x)	1	:	0.000000	0.000000	0.000000	0.000001	0.000000	0.000000	0.000000	0.000000	0.000000	0.000000	0.000000	0.000000	0.999895	0.000000	0.000104
140	tsk_140	(x)	1	:	0.000000	0.000000	0.000000	0.000000	0.000000	0.000000	0.000000	0.000000	0.476092	0.000000	0.000000	0.000000	0.000000	0.523908	0.000000
141	tsk_141	(x)	1	:	0.000000	0.000000	0.000000	0.000006	0.000000	0.225387	0.000000	0.000000	0.000000	0.000000	0.000000	0.000000	0.000000	0.283541	0.491066
142	tsk_142	(x)	1	:	0.000000	0.000000	0.000000	0.000012	0.000000	0.000000	0.000000	0.000000	0.000000	0.000000	0.000000	0.499995	0.000000	0.000000	0.499994
143	tsk_143	(x)	1	:	0.000000	0.000000	0.000000	0.000002	0.000000	0.000000	0.526452	0.000000	0.000000	0.000000	0.000000	0.035135	0.000000	0.000000	0.438411
144	tsk_144	(x)	1	:	0.000000	0.212876	0.000000	0.000000	0.000000	0.000000	0.000000	0.000000	0.000000	0.000000	0.000000	0.000000	0.000000	0.000000	0.787124
145	tsk_145	(x)	1	:	0.000000	0.000000	0.000000	0.000010	0.000000	0.000000	0.526451	0.000000	0.000000	0.000000	0.000000	0.035133	0.000000	0.000000	0.438407
146	tsk_146	(x)	1	:	0.000000	0.000000	0.000000	0.000019	0.000000	0.000000	0.000000	0.000000	0.000000	0.000000	0.000000	0.000000	0.000000	0.000000	0.999981
147	tsk_147	(x)	1	:	0.000000	0.000000	0.000000	0.000009	0.000000	0.225387	0.000000	0.000000	0.000000	0.000000	0.000000	0.000000	0.000000	0.283539	0.491065
148	tsk_148	(x)	1	:	0.000000	0.000000	0.000000	0.000010	0.000000	0.000000	0.526450	0.000000	0.000000	0.000000	0.000000	0.035133	0.000000	0.000000	0.438407
149	tsk_149	(x)	1	:	0.000000	0.000000	0.000000	0.000000	0.000000	0.240580	0.000000	0.000000	0.409778	0.000000	0.000000	0.000000	0.000000	0.349642	0.000000
