0	tsk_0	(x)	1	:	0.000000	0.000000	0.000000	0.002253	0.151183	0.000088	0.000000	0.000000	0.483187	0.000000	0.000000	0.363288
1	tsk_1	(x)	1	:	0.000003	0.000000	0.000000	0.000000	0.454753	0.000000	0.000000	0.000000	0.000000	0.000000	0.000000	0.545244
2	tsk_2	(x)	1	:	0.000000	0.000000	0.000000	0.000000	0.391390	0.000000	0.000000	0.000000	0.000000	0.000000	0.000000	0.608610
3	tsk_3	(x)	1	:	0.000000	0.000000	0.000000	0.475984	0.289730	0.000000	0.000000	0.000000	0.000000	0.000000	0.000000	0.234285
4	tsk_4	(x)	1	:	0.000001	0.000000	0.000000	0.475982	0.215753	0.000000	0.000000	0.000000	0.000000	0.000000	0.000000	0.308264
5	tsk_5	(x)	1	:	0.000002	0.000000	0.000000	0.000000	0.500687	0.000000	0.000000	0.000000	0.000000	0.000000	0.000000	0.499311
6	tsk_6	(x)	1	:	0.000003	0.000000	0.000000	0.000000	0.673045	0.000000	0.000000	0.000000	0.000000	0.000000	0.000000	0.326952
7	tsk_7	(x)	1	:	0.000002	0.000000	0.000000	0.000000	0.318035	0.000000	0.000000	0.000000	0.000000	0.000000	0.000000	0.681963
8	tsk_8	(x)	1	:	0.000001	0.000000	0.000000	0.038792	0.316122	0.000000	0.000000	0.000000	0.000000	0.438635	0.000000	0.206449
9	tsk_9	(x)	1	:	0.000001	0.000000	0.000000	0.475982	0.524017	0.000000	0.000000	0.000000	0.000000	0.000000	0.000000	0.000000
10	tsk_10	(x)	1	:	0.000001	0.000000	0.000000	0.000000	0.622319	0.000000	0.000000	0.000000	0.000000	0.000000	0.000000	0.377680
11	tsk_11	(x)	1	:	0.000001	0.000000	0.000000	0.000000	0.000000	0.000000	0.000000	0.000000	0.000000	0.000000	0.000000	0.999999
12	tsk_12	(x)	1	:	0.000000	0.000000	0.000000	0.493975	0.000000	0.000000	0.506025	0.000000	0.000000	0.000000	0.000000	0.000000
13	tsk_13	(x)	1	:	0.000000	0.000000	0.500765	0.000925	0.001227	0.000086	0.000000	0.000000	0.483732	0.000000	0.000000	0.013263
14	tsk_14	(x)	1	:	0.000001	0.000000	0.000000	0.003605	0.359270	0.000084	0.000000	0.000000	0.483000	0.000000	0.000000	0.154041
15	tsk_15	(x)	1	:	0.000000	0.000000	0.000000	0.000000	0.000000	0.000000	1.000000	0.000000	0.000000	0.000000	0.000000	0.000000
16	tsk_16	(x)	1	:	0.000001	0.000000	0.000000	0.000000	0.453112	0.000000	0.000000	0.000000	0.000000	0.000000	0.000000	0.546886
17	tsk_17	(x)	1	:	0.000000	0.000000	0.000000	0.000000	0.000000	0.000001	0.528632	0.000000	0.471367	0.000000	0.000000	0.000000
18	tsk_18	(x)	1	:	0.000001	0.000000	0.000000	0.007183	0.215850	0.474017	0.000000	0.000000	0.000000	0.000000	0.000000	0.302950
19	tsk_19	(x)	1	:	0.000000	0.000000	0.000000	0.000000	0.000000	0.464953	0.000000	0.000000	0.000000	0.000000	0.535047	0.000000
20	tsk_20	(x)	1	:	0.000000	0.000000	0.000000	0.000000	0.000000	0.000000	0.000000	0.000000	1.000000	0.000000	0.000000	0.000000
21	tsk_21	(x)	1	:	0.000000	0.000000	0.000000	0.000000	0.000000	0.000001	0.528632	0.000000	0.471367	0.000000	0.000000	0.000000
22	tsk_22	(x)	1	:	0.000001	0.303204	0.000000	0.173038	0.208647	0.000000	0.000000	0.000000	0.000000	0.000000	0.000000	0.315110
23	tsk_23	(x)	1	:	0.000001	0.000000	0.000000	0.000000	0.454095	0.000000	0.000000	0.000000	0.000000	0.000000	0.000000	0.545905
24	tsk_24	(x)	1	:	0.000001	0.000000	0.000000	0.008058	0.270396	0.473839	0.000000	0.000000	0.000000	0.000000	0.000000	0.247706
25	tsk_25	(x)	1	:	0.000001	0.000000	0.000000	0.000457	0.368335	0.000000	0.499891	0.000000	0.000000	0.000000	0.000000	0.131316
26	tsk_26	(x)	1	:	0.000000	0.303201	0.000000	0.173048	0.272459	0.000000	0.000000	0.000000	0.000000	0.000000	0.000000	0.251293
27	tsk_27	(x)	1	:	0.000000	0.000000	0.000000	0.000000	0.009391	0.000001	0.000000	0.497111	0.479638	0.000000	0.000000	0.013859
28	tsk_28	(x)	1	:	0.000000	0.000000	0.000000	0.000000	0.484999	0.000000	0.000000	0.000000	0.000000	0.000000	0.000000	0.515001
29	tsk_29	(x)	1	:	0.000000	0.000000	0.000000	0.000000	0.000000	0.000000	0.000000	0.000000	0.433115	0.566885	0.000000	0.000000
30	tsk_30	(x)	1	:	0.000002	0.000000	0.000000	0.000000	0.623817	0.000000	0.000000	0.000000	0.000000	0.000000	0.000000	0.376181
31	tsk_31	(x)	1	:	0.000000	0.000000	0.000000	0.000000	0.000000	0.223522	0.359153	0.000000	0.000000	0.000000	0.417325	0.000000
32	tsk_32	(x)	1	:	0.000000	0.000000	0.000000	0.000000	0.000000	0.000000	0.505699	0.000000	0.000000	0.000000	0.494301	0.000000
33	tsk_33	(x)	1	:	0.000001	0.000000	0.000000	0.000000	0.205199	0.191872	0.000000	0.000000	0.000000	0.000000	0.371449	0.231479
34	tsk_34	(x)	1	:	0.000001	0.000000	0.000000	0.001005	0.000000	0.000000	0.000000	0.000000	0.000000	0.000000	0.496855	0.502139
35	tsk_35	(x)	1	:	0.000002	0.000000	0.000000	0.001222	0.319197	0.000000	0.000000	0.000000	0.000000	0.000000	0.496691	0.182889
36	tsk_36	(x)	1	:	0.000000	0.000000	0.446117	0.000000	0.000000	0.188169	0.000000	0.000000	0.000000	0.000000	0.365714	0.000000
37	tsk_37	(x)	1	:	0.000002	0.000000	0.000000	0.000864	0.233306	0.000000	0.000000	0.000000	0.000000	0.000000	0.496710	0.269118
38	tsk_38	(x)	1	:	0.000001	0.000000	0.000000	0.000000	0.183924	0.291868	0.000000	0.000000	0.000000	0.000000	0.310117	0.214090
39	tsk_39	(x)	1	:	0.000001	0.303211	0.000000	0.173020	0.337212	0.000000	0.000000	0.000000	0.000000	0.000000	0.000000	0.186556
40	tsk_40	(x)	1	:	0.000001	0.000000	0.000000	0.000000	0.569061	0.000000	0.000000	0.000000	0.000000	0.000000	0.000000	0.430938
41	tsk_41	(x)	1	:	0.000000	0.000000	0.000000	0.000000	0.000000	0.000000	0.000000	0.000000	0.000000	0.449330	0.550670	0.000000
42	tsk_42	(x)	1	:	0.000001	0.000000	0.000000	0.008779	0.298787	0.473702	0.000000	0.000000	0.000000	0.000000	0.000000	0.218732
43	tsk_43	(x)	1	:	0.000000	0.000000	0.000000	0.000000	0.000000	0.000000	0.000000	0.000000	0.000000	0.449330	0.550670	0.000000
44	tsk_44	(x)	1	:	0.000001	0.000000	0.000000	0.038643	0.285735	0.000000	0.000000	0.000000	0.000000	0.438669	0.000000	0.236952
45	tsk_45	(x)	1	:	0.000000	0.000000	0.000000	0.000000	0.000000	0.000000	0.000000	0.000000	0.000000	1.000000	0.000000	0.000000
46	tsk_46	(x)	1	:	0.000000	0.000000	0.497999	0.000173	0.003058	0.000000	0.000000	0.000000	0.000000	0.000000	0.496779	0.001992
47	tsk_47	(x)	1	:	0.000001	0.000000	0.000000	0.037333	0.248297	0.000000	0.000000	0.000000	0.000000	0.438903	0.000000	0.275465
48	tsk_48	(x)	1	:	0.000000	0.000000	0.000000	0.000000	0.000000	0.000000	0.000000	0.000000	0.000000	0.000000	1.000000	0.000000
49	tsk_49	(x)	1	:	0.000000	0.000000	0.000000	0.000000	0.000000	0.000047	0.000000	0.000000	0.480391	0.000000	0.519562	0.000000
50	tsk_50	(x)	1	:	0.000000	0.000000	0.000000	0.000504	0.224424	0.000000	0.499885	0.000000	0.000000	0.000000	0.000000	0.275187
51	tsk_51	(x)	1	:	0.000000	0.000000	0.000000	0.000000	0.000000	0.000000	0.000000	0.000000	1.000000	0.000000	0.000000	0.000000
52	tsk_52	(x)	1	:	0.000000	0.000000	0.000000	0.003435	0.099130	0.000085	0.000000	0.000000	0.483024	0.000000	0.000000	0.414326
53	tsk_53	(x)	1	:	0.502944	0.000000	0.000000	0.000000	0.000000	0.000000	0.000000	0.000000	0.000000	0.000000	0.497056	0.000000
54	tsk_54	(x)	1	:	0.000000	0.231719	0.000000	0.283447	0.000000	0.000247	0.000000	0.000000	0.484587	0.000000	0.000000	0.000000
55	tsk_55	(x)	1	:	0.000000	0.000000	0.000000	0.002089	0.218490	0.000086	0.000000	0.000000	0.483212	0.000000	0.000000	0.296122
56	tsk_56	(x)	1	:	0.000001	0.000000	0.000000	0.001090	0.206970	0.000000	0.000000	0.000000	0.000000	0.000000	0.496746	0.295192
57	tsk_57	(x)	1	:	0.000000	0.000000	0.000000	0.000000	0.000000	0.041075	0.000000	0.000000	0.498918	0.460007	0.000000	0.000000
58	tsk_58	(x)	1	:	0.000001	0.000000	0.000000	0.038445	0.385480	0.000000	0.000000	0.000000	0.000000	0.438720	0.000000	0.137354
59	tsk_59	(x)	1	:	0.000001	0.000000	0.000000	0.003397	0.125125	0.000078	0.000000	0.000000	0.483032	0.000000	0.000000	0.388367
60	tsk_60	(x)	1	:	0.000001	0.000000	0.000000	0.000000	0.191615	0.000000	0.000000	0.000000	0.000000	0.000000	0.000000	0.808384
61	tsk_61	(x)	1	:	0.000000	0.000000	0.000000	0.000000	0.000000	0.000000	1.000000	0.000000	0.000000	0.000000	0.000000	0.000000
62	tsk_62	(x)	1	:	0.000000	0.000000	0.000000	0.000000	0.006702	0.000000	0.493621	0.493253	0.000000	0.000000	0.000000	0.006423
63	tsk_63	(x)	1	:	0.000001	0.000000	0.000000	0.038589	0.343217	0.000000	0.000000	0.000000	0.000000	0.438700	0.000000	0.179494
64	tsk_64	(x)	1	:	0.000001	0.000000	0.000000	0.000594	0.249660	0.000000	0.499861	0.000000	0.000000	0.000000	0.000000	0.249884
65	tsk_65	(x)	1	:	0.000000	0.000000	0.000000	0.000000	0.000000	0.000000	1.000000	0.000000	0.000000	0.000000	0.000000	0.000000
66	tsk_66	(x)	1	:	0.000001	0.000000	0.000000	0.475982	0.280231	0.000000	0.000000	0.000000	0.000000	0.000000	0.000000	0.243786
67	tsk_67	(x)	1	:	0.000000	0.000000	0.000000	0.000000	0.000000	0.000000	1.000000	0.000000	0.000000	0.000000	0.000000	0.000000
68	tsk_68	(x)	1	:	0.000000	0.000000	0.000000	0.000469	0.317353	0.000000	0.499909	0.000000	0.000000	0.000000	0.000000	0.182269
69	tsk_69	(x)	1	:	0.000002	0.000000	0.000000	0.000000	0.263442	0.000000	0.000000	0.000000	0.000000	0.000000	0.000000	0.736556
70	tsk_70	(x)	1	:	0.000000	0.000000	0.000000	0.000000	0.000000	0.000000	0.000000	0.000000	0.528625	0.000000	0.471375	0.000000
71	tsk_71	(x)	1	:	0.000000	0.000000	0.000000	0.000151	0.149056	0.000000	0.000000	0.000000	0.518559	0.000000	0.000000	0.332233
72	tsk_72	(x)	1	:	0.000000	0.309196	0.000000	0.000000	0.000000	0.000000	0.507640	0.000000	0.000000	0.183164	0.000000	0.000000
73	tsk_73	(x)	1	:	0.000000	0.000000	0.000000	0.000000	0.000000	0.000000	1.000000	0.000000	0.000000	0.000000	0.000000	0.000000
74	tsk_74	(x)	1	:	0.502944	0.000000	0.000000	0.000000	0.000000	0.000000	0.000000	0.000000	0.000000	0.000000	0.497056	0.000000
75	tsk_75	(x)	1	:	0.000000	0.311196	0.000000	0.000000	0.000000	0.000000	0.000000	0.000000	0.000000	0.185710	0.503094	0.000000
76	tsk_76	(x)	1	:	0.000000	0.000000	0.000000	0.000000	0.000000	0.000000	1.000000	0.000000	0.000000	0.000000	0.000000	0.000000
77	tsk_77	(x)	1	:	0.000000	0.000000	0.000000	0.000000	0.000000	0.000000	1.000000	0.000000	0.000000	0.000000	0.000000	0.000000
78	tsk_78	(x)	1	:	0.000000	0.000000	0.000000	0.000000	0.000000	0.439777	0.560222	0.000000	0.000000	0.000000	0.000000	0.000000
79	tsk_79	(x)	1	:	0.000001	0.000000	0.000000	0.000701	0.413371	0.000000	0.499831	0.000000	0.000000	0.000000	0.000000	0.086096
80	tsk_80	(x)	1	:	0.000000	0.000000	0.000000	0.423994	0.000000	0.000000	0.000000	0.000000	0.000000	0.576006	0.000000	0.000000
81	tsk_81	(x)	1	:	0.000002	0.000000	0.000000	0.000758	0.278898	0.000000	0.499779	0.000000	0.000000	0.000000	0.000000	0.220563
82	tsk_82	(x)	1	:	0.000000	0.000000	0.000000	0.000000	0.000000	1.000000	0.000000	0.000000	0.000000	0.000000	0.000000	0.000000
83	tsk_83	(x)	1	:	0.000001	0.000000	0.000000	0.000585	0.499576	0.000000	0.499838	0.000000	0.000000	0.000000	0.000000	0.000000
84	tsk_84	(x)	1	:	0.000000	0.000000	0.000000	0.524657	0.000000	0.475343	0.000000	0.000000	0.000000	0.000000	0.000000	0.000000
85	tsk_85	(x)	1	:	0.000000	0.000000	0.000000	0.524657	0.000000	0.475343	0.000000	0.000000	0.000000	0.000000	0.000000	0.000000
86	tsk_86	(x)	1	:	0.000004	0.000000	0.000000	0.000000	0.452086	0.000000	0.000000	0.000000	0.000000	0.000000	0.000000	0.547910
87	tsk_87	(x)	1	:	0.000000	0.000000	0.000000	0.524657	0.000000	0.475343	0.000000	0.000000	0.000000	0.000000	0.000000	0.000000
88	tsk_88	(x)	1	:	0.000000	0.000000	0.000000	0.493975	0.000000	0.000000	0.506025	0.000000	0.000000	0.000000	0.000000	0.000000
89	tsk_89	(x)	1	:	0.000000	0.000000	0.000000	0.000000	0.000000	0.000000	0.428674	0.000000	0.000000	0.571326	0.000000	0.000000
90	tsk_90	(x)	1	:	0.000000	0.000000	0.000000	0.000000	0.000000	0.000057	0.000000	0.000000	0.480385	0.000000	0.519558	0.000000
91	tsk_91	(x)	1	:	0.000001	0.000000	0.000000	0.001029	0.168059	0.000000	0.000000	0.000000	0.000000	0.000000	0.496847	0.334064
92	tsk_92	(x)	1	:	0.000001	0.000000	0.000000	0.000000	0.293197	0.000000	0.000000	0.000000	0.000000	0.559184	0.000000	0.147617
93	tsk_93	(x)	1	:	0.000000	0.000000	0.000000	0.000000	0.000000	0.000000	0.000000	0.000000	0.000000	0.562244	0.437756	0.000000
94	tsk_94	(x)	1	:	0.000001	0.000000	0.000000	0.000000	0.315688	0.000000	0.000000	0.000000	0.000000	0.000000	0.000000	0.684311
95	tsk_95	(x)	1	:	0.000002	0.000000	0.000000	0.038903	0.360460	0.000000	0.000000	0.000000	0.000000	0.438588	0.000000	0.162048
96	tsk_96	(x)	1	:	0.000000	0.000000	0.000000	0.000000	0.000000	0.000000	0.428674	0.000000	0.000000	0.571326	0.000000	0.000000
97	tsk_97	(x)	1	:	0.000000	0.000000	0.000000	0.000000	0.000000	0.464953	0.000000	0.000000	0.000000	0.000000	0.535047	0.000000
98	tsk_98	(x)	1	:	0.000000	0.000000	0.000000	0.000000	0.000000	0.000000	0.000000	0.000000	0.433115	0.566885	0.000000	0.000000
99	tsk_99	(x)	1	:	0.000001	0.350963	0.000000	0.000000	0.210234	0.000000	0.000000	0.000000	0.000000	0.291145	0.000000	0.147658
100	tsk_100	(x)	1	:	0.000000	0.000000	1.000000	0.000000	0.000000	0.000000	0.000000	0.000000	0.000000	0.000000	0.000000	0.000000
101	tsk_101	(x)	1	:	0.000002	0.000000	0.000000	0.000000	0.507825	0.000000	0.000000	0.000000	0.000000	0.000000	0.000000	0.492174
102	tsk_102	(x)	1	:	0.000001	0.000000	0.499996	0.000000	0.231056	0.000000	0.000000	0.000000	0.000000	0.000000	0.000000	0.268947
103	tsk_103	(x)	1	:	0.000000	0.000000	0.500487	0.000649	0.005380	0.000083	0.000000	0.000000	0.483732	0.000000	0.000000	0.009668
104	tsk_104	(x)	1	:	0.000000	0.000000	0.000000	0.000000	0.000000	0.000000	0.000000	0.000000	1.000000	0.000000	0.000000	0.000000
105	tsk_105	(x)	1	:	0.000000	0.000000	0.000000	0.000000	0.000000	0.000000	0.000000	0.000000	1.000000	0.000000	0.000000	0.000000
106	tsk_106	(x)	1	:	0.000000	0.000000	0.000000	0.000000	0.000000	0.000000	0.000000	0.000000	1.000000	0.000000	0.000000	0.000000
107	tsk_107	(x)	1	:	0.000000	0.000000	0.000000	0.000000	0.272321	0.206729	0.338104	0.000000	0.000000	0.000000	0.000000	0.182846
108	tsk_108	(x)	1	:	0.000000	0.000000	1.000000	0.000000	0.000000	0.000000	0.000000	0.000000	0.000000	0.000000	0.000000	0.000000
109	tsk_109	(x)	1	:	0.000003	0.000000	0.000000	0.000000	0.819284	0.000000	0.000000	0.000000	0.000000	0.000000	0.000000	0.180713
110	tsk_110	(x)	1	:	0.000000	0.000000	0.000000	0.553988	0.000000	0.000000	0.000000	0.000000	0.446012	0.000000	0.000000	0.000000
111	tsk_111	(x)	1	:	0.000001	0.000000	0.000000	0.003666	0.154911	0.000087	0.000000	0.000000	0.482988	0.000000	0.000000	0.358347
112	tsk_112	(x)	1	:	0.000001	0.000000	0.000000	0.000002	0.273948	0.524432	0.000000	0.000000	0.000000	0.000000	0.000000	0.201618
113	tsk_113	(x)	1	:	0.000001	0.000000	0.000000	0.008249	0.260049	0.473808	0.000000	0.000000	0.000000	0.000000	0.000000	0.257894
114	tsk_114	(x)	1	:	0.000000	0.000000	0.000000	0.659330	0.093205	0.000000	0.000000	0.000000	0.000000	0.000000	0.000000	0.247465
115	tsk_115	(x)	1	:	0.000001	0.000000	0.000000	0.475984	0.321060	0.000000	0.000000	0.000000	0.000000	0.000000	0.000000	0.202955
116	tsk_116	(x)	1	:	0.000001	0.000000	0.000000	0.000000	0.355551	0.000000	0.000000	0.000000	0.000000	0.000000	0.000000	0.644448
117	tsk_117	(x)	1	:	0.000000	0.000000	0.000000	0.000461	0.400261	0.000000	0.499901	0.000000	0.000000	0.000000	0.000000	0.099376
118	tsk_118	(x)	1	:	0.000000	0.000000	0.000000	0.003065	0.099472	0.000081	0.000000	0.000000	0.483079	0.000000	0.000000	0.414303
119	tsk_119	(x)	1	:	0.000000	0.000000	0.000000	0.493975	0.000000	0.000000	0.506025	0.000000	0.000000	0.000000	0.000000	0.000000
120	tsk_120	(x)	1	:	0.000000	0.376872	0.500305	0.000000	0.097537	0.000000	0.000000	0.000000	0.000000	0.000000	0.000000	0.025286
121	tsk_121	(x)	1	:	0.000000	0.000000	0.000000	0.000000	0.013872	0.000001	0.000000	0.497410	0.479650	0.000000	0.000000	0.009067
122	tsk_122	(x)	1	:	0.000002	0.303280	0.000000	0.172837	0.191848	0.000000	0.000000	0.000000	0.000000	0.000000	0.000000	0.332034
123	tsk_123	(x)	1	:	0.000000	0.000000	0.000000	0.000000	0.000000	0.000001	0.528632	0.000000	0.471367	0.000000	0.000000	0.000000
124	tsk_124	(x)	1	:	0.000000	0.000000	0.495591	0.000026	0.004395	0.000000	0.499118	0.000000	0.000000	0.000000	0.000000	0.000869
125	tsk_125	(x)	1	:	0.000000	0.000000	0.000000	0.000000	0.000000	0.000001	0.528632	0.000000	0.471367	0.000000	0.000000	0.000000
126	tsk_126	(x)	1	:	0.000001	0.303206	0.000000	0.173033	0.230864	0.000000	0.000000	0.000000	0.000000	0.000000	0.000000	0.292896
127	tsk_127	(x)	1	:	0.000000	0.304444	0.000000	0.137539	0.027277	0.000000	0.000000	0.495576	0.000000	0.000000	0.000000	0.035163
128	tsk_128	(x)	1	:	0.000000	0.303183	0.000000	0.211984	0.000000	0.000241	0.000000	0.000000	0.484592	0.000000	0.000000	0.000000
129	tsk_129	(x)	1	:	0.000000	0.888040	0.000000	0.111960	0.000000	0.000000	0.000000	0.000000	0.000000	0.000000	0.000000	0.000000
130	tsk_130	(x)	1	:	0.000000	0.000000	0.000000	0.000000	0.000000	0.000000	0.505699	0.000000	0.000000	0.000000	0.494301	0.000000
131	tsk_131	(x)	1	:	0.000001	0.000000	0.000000	0.038411	0.293280	0.000000	0.000000	0.000000	0.000000	0.438697	0.000000	0.229610
132	tsk_132	(x)	1	:	0.000000	0.000000	0.000000	0.000000	0.000000	0.000000	0.000000	0.000000	0.000000	0.000000	1.000000	0.000000
133	tsk_133	(x)	1	:	0.000002	0.000000	0.000000	0.000000	0.453445	0.000000	0.000000	0.000000	0.000000	0.000000	0.000000	0.546554
134	tsk_134	(x)	1	:	0.000000	0.000000	0.000000	0.000000	0.000000	0.000000	0.000000	0.000000	0.000000	0.000000	1.000000	0.000000
135	tsk_135	(x)	1	:	0.000000	0.000000	0.000000	0.000560	0.190995	0.000000	0.499877	0.000000	0.000000	0.000000	0.000000	0.308567
136	tsk_136	(x)	1	:	0.000000	0.000000	0.000000	0.000000	0.000000	0.000000	0.505699	0.000000	0.000000	0.000000	0.494301	0.000000
137	tsk_137	(x)	1	:	0.000000	0.000000	0.000000	0.000000	0.000000	0.000000	0.000000	0.000000	0.000000	1.000000	0.000000	0.000000
138	tsk_138	(x)	1	:	0.000002	0.000000	0.000000	0.039003	0.364855	0.000000	0.000000	0.000000	0.000000	0.438534	0.000000	0.157606
139	tsk_139	(x)	1	:	0.000000	0.000000	0.000000	0.000335	0.430258	0.000000	0.499922	0.000000	0.000000	0.000000	0.000000	0.069485
140	tsk_140	(x)	1	:	0.000000	0.000000	0.000000	0.498595	0.000000	0.000000	0.000000	0.000000	0.000000	0.000000	0.501405	0.000000
141	tsk_141	(x)	1	:	0.000000	0.000000	0.000000	0.000000	0.000000	0.000000	0.000000	0.000000	0.567845	0.432155	0.000000	0.000000
142	tsk_142	(x)	1	:	0.000001	0.000000	0.000000	0.000000	0.372975	0.000000	0.000000	0.000000	0.000000	0.000000	0.000000	0.627024
143	tsk_143	(x)	1	:	0.000002	0.000000	0.000000	0.000006	0.257680	0.000000	0.000000	0.000000	0.522341	0.000000	0.000000	0.219971
144	tsk_144	(x)	1	:	0.000002	0.000000	0.000000	0.000005	0.160206	0.000000	0.000000	0.000000	0.522080	0.000000	0.000000	0.317706
145	tsk_145	(x)	1	:	0.000000	0.000000	0.000000	0.469441	0.000000	0.000000	0.000000	0.000000	0.530559	0.000000	0.000000	0.000000
146	tsk_146	(x)	1	:	0.000002	0.000000	0.000000	0.038852	0.333527	0.000000	0.000000	0.000000	0.000000	0.438600	0.000000	0.189020
147	tsk_147	(x)	1	:	0.000000	0.000000	0.000000	0.498595	0.000000	0.000000	0.000000	0.000000	0.000000	0.000000	0.501405	0.000000
148	tsk_148	(x)	1	:	0.000003	0.000000	0.000000	0.000000	0.621668	0.000000	0.000000	0.000000	0.000000	0.000000	0.000000	0.378329
149	tsk_149	(x)	1	:	0.000001	0.000000	0.000000	0.475984	0.332906	0.000000	0.000000	0.000000	0.000000	0.000000	0.000000	0.191109
