0	tsk_0	(x)	1	:	0.000000	0.000000	0.000000	0.170729	0.098396	0.121893	0.465763	0.000000	0.000000	0.000000	0.000000	0.000000	0.143219	0.000000
1	tsk_1	(x)	1	:	0.000000	0.470892	0.497853	0.006405	0.012749	0.007611	0.000000	0.000000	0.000000	0.000000	0.000000	0.000000	0.004483	0.000008
2	tsk_2	(x)	1	:	0.000000	0.000000	0.000000	0.108003	0.336515	0.290897	0.000000	0.000000	0.000000	0.000000	0.000000	0.000000	0.264585	0.000000
3	tsk_3	(x)	1	:	0.437173	0.000000	0.000000	0.050235	0.232502	0.079249	0.000000	0.000000	0.000000	0.000000	0.000000	0.000000	0.200841	0.000000
4	tsk_4	(x)	1	:	0.000000	0.000000	0.000000	0.103017	0.125271	0.121421	0.000000	0.000000	0.000000	0.411259	0.000000	0.000000	0.239031	0.000000
5	tsk_5	(x)	1	:	0.000000	0.000000	0.000000	0.190423	0.213265	0.312393	0.000000	0.000000	0.000000	0.000000	0.000000	0.000000	0.283918	0.000000
6	tsk_6	(x)	1	:	0.000000	0.464804	0.000000	0.018742	0.019010	0.016986	0.467449	0.000000	0.000000	0.000000	0.000000	0.000000	0.013009	0.000000
7	tsk_7	(x)	1	:	0.000000	0.000000	0.000000	0.047981	0.515588	0.274503	0.000000	0.000000	0.000000	0.000000	0.000000	0.000000	0.161928	0.000000
8	tsk_8	(x)	1	:	0.437173	0.000000	0.000000	0.065836	0.186447	0.067229	0.000000	0.000000	0.000000	0.000000	0.000000	0.000000	0.243315	0.000000
9	tsk_9	(x)	1	:	0.000000	0.000000	0.497356	0.110826	0.198654	0.085216	0.000000	0.000000	0.000000	0.000000	0.000000	0.000000	0.107948	0.000000
10	tsk_10	(x)	1	:	0.000000	0.000000	0.497356	0.104165	0.143621	0.149941	0.000000	0.000000	0.000000	0.000000	0.000000	0.000000	0.104918	0.000000
11	tsk_11	(x)	1	:	0.000000	0.000000	0.493178	0.000000	0.000000	0.000000	0.000000	0.000000	0.000000	0.000000	0.506819	0.000000	0.000000	0.000003
12	tsk_12	(x)	1	:	0.415002	0.000000	0.003821	0.000004	0.000003	0.000002	0.000000	0.000000	0.000000	0.000000	0.000000	0.000000	0.000006	0.581162
13	tsk_13	(x)	1	:	0.000000	0.000000	0.000000	0.063499	0.030908	0.150570	0.000000	0.000000	0.000000	0.000000	0.000000	0.000000	0.168345	0.586679
14	tsk_14	(x)	1	:	0.437174	0.000000	0.000000	0.142259	0.211362	0.086112	0.000000	0.000000	0.000000	0.000000	0.000000	0.000000	0.123092	0.000000
15	tsk_15	(x)	1	:	0.421316	0.000000	0.000000	0.000475	0.000995	0.002069	0.000000	0.000000	0.000000	0.000000	0.572984	0.000000	0.002161	0.000000
16	tsk_16	(x)	1	:	0.441035	0.000000	0.497488	0.013150	0.017039	0.007020	0.000000	0.000000	0.000000	0.000000	0.000000	0.000000	0.024268	0.000000
17	tsk_17	(x)	1	:	0.000000	0.000000	0.497356	0.100770	0.184178	0.125333	0.000000	0.000000	0.000000	0.000000	0.000000	0.000000	0.092364	0.000000
18	tsk_18	(x)	1	:	0.000000	0.000000	0.000000	0.045985	0.196799	0.175955	0.000000	0.000000	0.499995	0.000000	0.000000	0.000000	0.081266	0.000000
19	tsk_19	(x)	1	:	0.000000	0.000000	0.497101	0.002996	0.002307	0.003487	0.000000	0.000000	0.492702	0.000000	0.000000	0.000000	0.001397	0.000008
20	tsk_20	(x)	1	:	0.000000	0.000000	0.000000	0.143275	0.190467	0.043721	0.000000	0.000000	0.000000	0.411259	0.000000	0.000000	0.211277	0.000000
21	tsk_21	(x)	1	:	0.000000	0.000000	0.000000	0.044062	0.142128	0.121728	0.000000	0.000000	0.000000	0.000000	0.000000	0.000000	0.103502	0.588580
22	tsk_22	(x)	1	:	0.000000	0.000000	0.000000	0.108766	0.165465	0.116745	0.000000	0.000000	0.000000	0.411256	0.000000	0.000000	0.197768	0.000000
23	tsk_23	(x)	1	:	0.000000	0.000000	0.497356	0.097960	0.122539	0.078085	0.000000	0.000000	0.000000	0.000000	0.000000	0.000000	0.204060	0.000000
24	tsk_24	(x)	1	:	0.000000	0.000000	0.506606	0.017335	0.425208	0.026888	0.000000	0.000000	0.000000	0.000000	0.000000	0.000000	0.023963	0.000000
25	tsk_25	(x)	1	:	0.000000	0.000000	0.506132	0.000344	0.006632	0.000579	0.000000	0.000000	0.485811	0.000000	0.000000	0.000000	0.000502	0.000000
26	tsk_26	(x)	1	:	0.000000	0.000000	0.506606	0.027377	0.420200	0.005557	0.000000	0.000000	0.000000	0.000000	0.000000	0.000000	0.040260	0.000000
27	tsk_27	(x)	1	:	0.000000	0.000000	0.000000	0.071721	0.106404	0.183871	0.000000	0.000000	0.499996	0.000000	0.000000	0.000000	0.138008	0.000000
28	tsk_28	(x)	1	:	0.000000	0.000000	0.000000	0.056357	0.201278	0.076414	0.000000	0.000000	0.000000	0.000000	0.000000	0.000000	0.077370	0.588580
29	tsk_29	(x)	1	:	0.000000	0.000000	0.506450	0.003255	0.073467	0.005055	0.000000	0.000000	0.000000	0.407531	0.000000	0.000000	0.004241	0.000000
30	tsk_30	(x)	1	:	0.000000	0.000000	0.000000	0.000000	0.000000	0.000000	1.000000	0.000000	0.000000	0.000000	0.000000	0.000000	0.000000	0.000000
31	tsk_31	(x)	1	:	0.000000	0.000000	0.000000	0.012215	0.006172	0.005385	0.465138	0.000000	0.497998	0.000000	0.000000	0.000000	0.013092	0.000000
32	tsk_32	(x)	1	:	0.000000	0.000000	0.000000	0.018516	0.186444	0.118897	0.000000	0.000000	0.499998	0.000000	0.000000	0.000000	0.176145	0.000000
33	tsk_33	(x)	1	:	0.000000	0.000000	0.000000	0.217180	0.091339	0.085866	0.465763	0.000000	0.000000	0.000000	0.000000	0.000000	0.139852	0.000000
34	tsk_34	(x)	1	:	0.438158	0.000000	0.000000	0.008386	0.009991	0.019437	0.000000	0.000000	0.501111	0.000000	0.000000	0.000000	0.022916	0.000000
35	tsk_35	(x)	1	:	0.000000	0.000000	0.000000	0.196590	0.160300	0.284312	0.000000	0.000000	0.000000	0.000000	0.000000	0.000000	0.358797	0.000000
36	tsk_36	(x)	1	:	0.000000	0.000000	0.000000	0.061602	0.124677	0.171088	0.000000	0.000000	0.499995	0.000000	0.000000	0.000000	0.142639	0.000000
37	tsk_37	(x)	1	:	0.438081	0.000000	0.000000	0.030938	0.019617	0.010288	0.466058	0.000000	0.000000	0.000000	0.000000	0.000000	0.035018	0.000000
38	tsk_38	(x)	1	:	0.000000	0.000000	0.000000	0.102735	0.094880	0.143613	0.000000	0.000000	0.499994	0.000000	0.000000	0.000000	0.158778	0.000000
39	tsk_39	(x)	1	:	0.000000	0.000000	0.000000	0.000000	0.000000	0.000000	0.000000	0.000000	1.000000	0.000000	0.000000	0.000000	0.000000	0.000000
40	tsk_40	(x)	1	:	0.000000	0.000000	0.000000	0.177388	0.358981	0.290870	0.000000	0.000000	0.000000	0.000000	0.000000	0.000000	0.172761	0.000000
41	tsk_41	(x)	1	:	0.204427	0.000000	0.000000	0.000000	0.000000	0.000000	0.000000	0.000000	0.000000	0.000000	0.497372	0.298201	0.000000	0.000000
42	tsk_42	(x)	1	:	0.437175	0.000000	0.000000	0.089748	0.213101	0.155198	0.000000	0.000000	0.000000	0.000000	0.000000	0.000000	0.104779	0.000000
43	tsk_43	(x)	1	:	0.437173	0.000000	0.000000	0.110325	0.135298	0.172906	0.000000	0.000000	0.000000	0.000000	0.000000	0.000000	0.144297	0.000000
44	tsk_44	(x)	1	:	0.437173	0.000000	0.000000	0.108782	0.216989	0.092222	0.000000	0.000000	0.000000	0.000000	0.000000	0.000000	0.144834	0.000000
45	tsk_45	(x)	1	:	0.437175	0.000000	0.000000	0.071288	0.133954	0.197081	0.000000	0.000000	0.000000	0.000000	0.000000	0.000000	0.160503	0.000000
46	tsk_46	(x)	1	:	0.000000	0.439089	0.000000	0.000143	0.000258	0.000170	0.000000	0.000000	0.000000	0.000000	0.560111	0.000000	0.000228	0.000000
47	tsk_47	(x)	1	:	0.329486	0.000000	0.000000	0.000000	0.000000	0.000000	0.000000	0.000000	0.000000	0.000000	0.000000	0.670514	0.000000	0.000000
48	tsk_48	(x)	1	:	0.000000	0.000000	0.000000	0.089591	0.141481	0.110925	0.000000	0.000000	0.000000	0.000000	0.583590	0.000000	0.074413	0.000000
49	tsk_49	(x)	1	:	0.437175	0.000000	0.000000	0.055239	0.184755	0.178541	0.000000	0.000000	0.000000	0.000000	0.000000	0.000000	0.144291	0.000000
50	tsk_50	(x)	1	:	0.000000	0.439081	0.000000	0.000157	0.000244	0.000220	0.000000	0.000000	0.000000	0.000000	0.560102	0.000000	0.000196	0.000000
51	tsk_51	(x)	1	:	0.000000	0.247722	0.000000	0.037833	0.056374	0.094283	0.000000	0.000000	0.500820	0.000000	0.000000	0.000000	0.062969	0.000000
52	tsk_52	(x)	1	:	0.000000	0.488090	0.000000	0.087099	0.181150	0.164616	0.000000	0.000000	0.000000	0.000000	0.000000	0.000000	0.079045	0.000000
53	tsk_53	(x)	1	:	0.000000	0.488090	0.000000	0.064821	0.055808	0.232560	0.000000	0.000000	0.000000	0.000000	0.000000	0.000000	0.158721	0.000000
54	tsk_54	(x)	1	:	0.000000	0.674928	0.000000	0.060589	0.067425	0.114289	0.000000	0.000000	0.000000	0.000000	0.000000	0.000000	0.082769	0.000000
55	tsk_55	(x)	1	:	0.000000	0.488090	0.000000	0.024602	0.201866	0.107821	0.000000	0.000000	0.000000	0.000000	0.000000	0.000000	0.177622	0.000000
56	tsk_56	(x)	1	:	0.000000	0.000000	0.000000	0.050345	0.168116	0.145200	0.000000	0.000000	0.499996	0.000000	0.000000	0.000000	0.136343	0.000000
57	tsk_57	(x)	1	:	0.000000	0.247506	0.000000	0.085098	0.156473	0.221045	0.000000	0.000000	0.000000	0.000000	0.000000	0.000000	0.289878	0.000000
58	tsk_58	(x)	1	:	0.000000	0.470681	0.497840	0.004760	0.014112	0.002794	0.000000	0.000000	0.000000	0.000000	0.000000	0.000000	0.009803	0.000010
59	tsk_59	(x)	1	:	0.729475	0.000000	0.000000	0.050588	0.081165	0.088240	0.000000	0.000000	0.000000	0.000000	0.000000	0.000000	0.050532	0.000000
60	tsk_60	(x)	1	:	0.000000	0.000000	0.000000	0.143068	0.255541	0.236780	0.000000	0.000000	0.000000	0.000000	0.000000	0.000000	0.364611	0.000000
61	tsk_61	(x)	1	:	0.000000	0.000000	0.000000	0.086940	0.123124	0.168566	0.465762	0.000000	0.000000	0.000000	0.000000	0.000000	0.155608	0.000000
62	tsk_62	(x)	1	:	0.437174	0.000000	0.000000	0.101513	0.247583	0.017851	0.000000	0.000000	0.000000	0.000000	0.000000	0.000000	0.195879	0.000000
63	tsk_63	(x)	1	:	0.000000	0.000000	0.000000	0.177952	0.439660	0.253883	0.000000	0.000000	0.000000	0.000000	0.000000	0.000000	0.128505	0.000000
64	tsk_64	(x)	1	:	0.000000	0.000000	0.000000	0.079116	0.065980	0.141873	0.000000	0.000000	0.000000	0.000000	0.583591	0.000000	0.129440	0.000000
65	tsk_65	(x)	1	:	0.000000	0.000000	0.000000	0.127536	0.091800	0.083053	0.000000	0.000000	0.000000	0.000000	0.583591	0.000000	0.114021	0.000000
66	tsk_66	(x)	1	:	0.000000	0.000000	0.000000	0.217781	0.253352	0.315958	0.000000	0.000000	0.000000	0.000000	0.000000	0.000000	0.212909	0.000000
67	tsk_67	(x)	1	:	0.000000	0.000000	0.000000	0.077576	0.131068	0.109815	0.000000	0.000000	0.000000	0.000000	0.583591	0.000000	0.097950	0.000000
68	tsk_68	(x)	1	:	0.000000	0.000000	1.000000	0.000000	0.000000	0.000000	0.000000	0.000000	0.000000	0.000000	0.000000	0.000000	0.000000	0.000000
69	tsk_69	(x)	1	:	0.000000	0.000000	0.000000	0.207779	0.406797	0.234934	0.000000	0.000000	0.000000	0.000000	0.000000	0.000000	0.150490	0.000000
70	tsk_70	(x)	1	:	0.000000	0.000000	0.497090	0.002406	0.002464	0.003410	0.000000	0.000000	0.492368	0.000000	0.000000	0.000000	0.002253	0.000009
71	tsk_71	(x)	1	:	0.000000	0.000000	0.000000	0.000509	0.000308	0.000392	0.654300	0.000000	0.000000	0.000000	0.343975	0.000000	0.000516	0.000000
72	tsk_72	(x)	1	:	0.000000	0.000000	0.000000	0.171728	0.147661	0.225224	0.000000	0.000000	0.000000	0.000000	0.323024	0.000000	0.132364	0.000000
73	tsk_73	(x)	1	:	0.000000	0.000000	0.000000	0.076991	0.173220	0.102944	0.000000	0.000000	0.499997	0.000000	0.000000	0.000000	0.146848	0.000000
74	tsk_74	(x)	1	:	0.000000	0.000000	0.000000	0.113348	0.321583	0.430737	0.000000	0.000000	0.000000	0.000000	0.000000	0.000000	0.134332	0.000000
75	tsk_75	(x)	1	:	0.000000	0.000000	0.000000	0.024534	0.029546	0.100809	0.000000	0.000000	0.499961	0.000000	0.322997	0.000000	0.022152	0.000000
76	tsk_76	(x)	1	:	0.000000	0.000000	0.506049	0.000838	0.001135	0.001635	0.000000	0.000000	0.488382	0.000000	0.000000	0.000000	0.001960	0.000000
77	tsk_77	(x)	1	:	0.000000	0.000000	0.000000	0.000110	0.000147	0.000168	0.543661	0.000000	0.455688	0.000000	0.000000	0.000000	0.000226	0.000000
78	tsk_78	(x)	1	:	0.000000	0.000000	0.000000	0.165667	0.242596	0.136661	0.000000	0.000000	0.000000	0.000000	0.323024	0.000000	0.132052	0.000000
79	tsk_79	(x)	1	:	0.000000	0.000000	0.000000	0.060127	0.040803	0.059908	0.000000	0.000000	0.000000	0.000000	0.779221	0.000000	0.059941	0.000000
80	tsk_80	(x)	1	:	0.000000	0.000000	0.000000	0.285875	0.229676	0.337127	0.000000	0.000000	0.000000	0.000000	0.000000	0.000000	0.147322	0.000000
81	tsk_81	(x)	1	:	0.000000	0.000000	0.000000	0.133631	0.206317	0.322665	0.000000	0.000000	0.000000	0.000000	0.000000	0.000000	0.337387	0.000000
82	tsk_82	(x)	1	:	0.000000	0.000000	0.000000	0.092370	0.343894	0.461492	0.000000	0.000000	0.000000	0.000000	0.000000	0.000000	0.102243	0.000000
83	tsk_83	(x)	1	:	0.301231	0.000000	0.000000	0.026979	0.236870	0.152456	0.000000	0.000000	0.000000	0.000000	0.000000	0.000000	0.282465	0.000000
84	tsk_84	(x)	1	:	0.000000	0.000000	0.000000	0.160225	0.186966	0.327195	0.000000	0.000000	0.000000	0.000000	0.000000	0.000000	0.325615	0.000000
85	tsk_85	(x)	1	:	0.000000	0.000000	0.000000	0.147857	0.059860	0.105772	0.556309	0.000000	0.000000	0.000000	0.000000	0.000000	0.130203	0.000000
86	tsk_86	(x)	1	:	0.301231	0.000000	0.000000	0.120723	0.203187	0.196426	0.000000	0.000000	0.000000	0.000000	0.000000	0.000000	0.178434	0.000000
87	tsk_87	(x)	1	:	0.437174	0.000000	0.000000	0.078949	0.083805	0.102667	0.000000	0.000000	0.000000	0.000000	0.000000	0.000000	0.297406	0.000000
88	tsk_88	(x)	1	:	0.000000	0.000000	0.000000	0.085893	0.237354	0.372631	0.000000	0.000000	0.000000	0.000000	0.000000	0.000000	0.304121	0.000000
89	tsk_89	(x)	1	:	0.000000	0.000000	0.000000	0.151347	0.264934	0.288049	0.000000	0.000000	0.000000	0.000000	0.000000	0.000000	0.295670	0.000000
90	tsk_90	(x)	1	:	0.000000	0.262074	0.000000	0.126768	0.171791	0.166302	0.000000	0.000000	0.000000	0.000000	0.000000	0.000000	0.273066	0.000000
91	tsk_91	(x)	1	:	0.000000	0.000000	0.000000	0.068906	0.081615	0.122860	0.000000	0.000000	0.000000	0.000000	0.583591	0.000000	0.143028	0.000000
92	tsk_92	(x)	1	:	0.000000	0.000000	0.000000	0.192891	0.328864	0.153315	0.000000	0.000000	0.000000	0.000000	0.000000	0.000000	0.324929	0.000000
93	tsk_93	(x)	1	:	0.000000	0.000000	0.000000	0.126959	0.096032	0.062523	0.000000	0.000000	0.000000	0.000000	0.583591	0.000000	0.130896	0.000000
94	tsk_94	(x)	1	:	0.000000	0.000000	0.000000	0.128268	0.198895	0.188136	0.000000	0.000000	0.000000	0.411256	0.000000	0.000000	0.073445	0.000000
95	tsk_95	(x)	1	:	0.000000	0.000000	0.000000	0.158572	0.124113	0.093481	0.000000	0.000000	0.499996	0.000000	0.000000	0.000000	0.123837	0.000000
96	tsk_96	(x)	1	:	0.000000	0.729583	0.000000	0.060492	0.101154	0.047627	0.000000	0.000000	0.000000	0.000000	0.000000	0.000000	0.061144	0.000000
97	tsk_97	(x)	1	:	0.000000	0.000000	0.000000	0.177996	0.268250	0.258516	0.000000	0.000000	0.000000	0.000000	0.000000	0.000000	0.295238	0.000000
98	tsk_98	(x)	1	:	0.000000	0.000000	0.000000	0.098040	0.095652	0.136564	0.000000	0.000000	0.000000	0.000000	0.583590	0.000000	0.086154	0.000000
99	tsk_99	(x)	1	:	0.000000	0.000000	0.000000	0.042115	0.045448	0.053434	0.000000	0.000000	0.000000	0.496492	0.321365	0.000000	0.041145	0.000000
100	tsk_100	(x)	1	:	0.000000	0.000000	0.497356	0.198195	0.052730	0.140364	0.000000	0.000000	0.000000	0.000000	0.000000	0.000000	0.111356	0.000000
101	tsk_101	(x)	1	:	0.000000	0.000000	0.000000	0.175360	0.306858	0.333990	0.000000	0.000000	0.000000	0.000000	0.000000	0.000000	0.183792	0.000000
102	tsk_102	(x)	1	:	0.301231	0.000000	0.000000	0.000000	0.137500	0.279087	0.000000	0.000000	0.000000	0.000000	0.000000	0.000000	0.282182	0.000000
103	tsk_103	(x)	1	:	0.000000	0.000000	0.000000	0.171582	0.198730	0.375089	0.000000	0.000000	0.000000	0.000000	0.000000	0.000000	0.254599	0.000000
104	tsk_104	(x)	1	:	0.000000	0.000000	0.000000	0.229410	0.226556	0.203666	0.000000	0.000000	0.000000	0.000000	0.000000	0.000000	0.340368	0.000000
105	tsk_105	(x)	1	:	0.000000	0.000000	0.000000	0.113831	0.125698	0.144469	0.000000	0.000000	0.000000	0.498522	0.000000	0.000000	0.117480	0.000000
106	tsk_106	(x)	1	:	0.000000	0.000000	0.000000	0.198096	0.260667	0.283730	0.000000	0.000000	0.000000	0.000000	0.000000	0.000000	0.257508	0.000000
107	tsk_107	(x)	1	:	0.000000	0.000000	0.000000	0.243781	0.072051	0.445873	0.000000	0.000000	0.000000	0.000000	0.000000	0.000000	0.238295	0.000000
108	tsk_108	(x)	1	:	0.000000	0.000000	0.000000	0.210631	0.317326	0.103117	0.000000	0.000000	0.000000	0.000000	0.000000	0.000000	0.368925	0.000000
109	tsk_109	(x)	1	:	0.000000	0.000000	0.000000	0.090307	0.335794	0.241392	0.000000	0.000000	0.000000	0.000000	0.000000	0.000000	0.332506	0.000000
110	tsk_110	(x)	1	:	0.000000	0.000000	0.000000	0.073442	0.110065	0.199341	0.000000	0.000000	0.000000	0.498508	0.000000	0.000000	0.118644	0.000000
111	tsk_111	(x)	1	:	0.000000	0.000000	0.496998	0.003696	0.001856	0.006696	0.000000	0.000000	0.000000	0.486730	0.000000	0.000000	0.004019	0.000004
112	tsk_112	(x)	1	:	0.000000	0.000000	0.000000	0.071036	0.180313	0.219820	0.000000	0.000000	0.000000	0.498457	0.000000	0.000000	0.030374	0.000000
113	tsk_113	(x)	1	:	0.000000	0.000000	0.497356	0.135318	0.151497	0.062944	0.000000	0.000000	0.000000	0.000000	0.000000	0.000000	0.152885	0.000000
114	tsk_114	(x)	1	:	0.000000	0.000000	0.000000	0.078945	0.097042	0.254365	0.000000	0.000000	0.000000	0.498446	0.000000	0.000000	0.071201	0.000000
115	tsk_115	(x)	1	:	0.000000	0.000000	0.497046	0.002691	0.004056	0.004232	0.000000	0.000000	0.000000	0.488617	0.000000	0.000000	0.003358	0.000000
116	tsk_116	(x)	1	:	0.000000	0.000000	0.496993	0.003644	0.004144	0.006281	0.000000	0.000000	0.000000	0.486504	0.000000	0.000000	0.002429	0.000005
117	tsk_117	(x)	1	:	0.000000	0.000000	0.000000	0.000042	0.000083	0.000174	0.000000	0.391119	0.000000	0.608524	0.000000	0.000000	0.000058	0.000000
118	tsk_118	(x)	1	:	0.000000	0.000000	0.000000	0.249352	0.220365	0.198326	0.000000	0.000000	0.000000	0.000000	0.000000	0.000000	0.331958	0.000000
119	tsk_119	(x)	1	:	0.000000	0.000000	0.491565	0.000000	0.000000	0.000000	0.508434	0.000000	0.000000	0.000000	0.000000	0.000000	0.000000	0.000001
120	tsk_120	(x)	1	:	0.000000	0.000000	0.000000	0.000000	0.000000	0.000000	0.000000	0.000000	1.000000	0.000000	0.000000	0.000000	0.000000	0.000000
121	tsk_121	(x)	1	:	0.000000	0.000000	0.000000	0.000000	0.000000	0.000000	1.000000	0.000000	0.000000	0.000000	0.000000	0.000000	0.000000	0.000000
122	tsk_122	(x)	1	:	0.000000	0.000000	0.000000	0.179498	0.059844	0.150115	0.465764	0.000000	0.000000	0.000000	0.000000	0.000000	0.144780	0.000000
123	tsk_123	(x)	1	:	0.000000	0.000000	0.000000	0.165128	0.157930	0.242085	0.000000	0.000000	0.000000	0.000000	0.323024	0.000000	0.111832	0.000000
124	tsk_124	(x)	1	:	0.000000	0.000000	0.000000	0.008561	0.003913	0.011398	0.465327	0.000000	0.498603	0.000000	0.000000	0.000000	0.012197	0.000000
125	tsk_125	(x)	1	:	0.000000	0.000000	0.000000	0.000000	0.000000	0.000000	1.000000	0.000000	0.000000	0.000000	0.000000	0.000000	0.000000	0.000000
126	tsk_126	(x)	1	:	0.000000	0.000000	0.000000	0.000000	0.000000	0.000000	1.000000	0.000000	0.000000	0.000000	0.000000	0.000000	0.000000	0.000000
127	tsk_127	(x)	1	:	0.000000	0.000000	0.000000	0.184842	0.205134	0.034872	0.465762	0.000000	0.000000	0.000000	0.000000	0.000000	0.109390	0.000000
128	tsk_128	(x)	1	:	0.000000	0.000000	0.000000	0.000000	0.000000	0.000000	1.000000	0.000000	0.000000	0.000000	0.000000	0.000000	0.000000	0.000000
129	tsk_129	(x)	1	:	0.000000	0.000000	0.000000	0.114556	0.120281	0.128585	0.465763	0.000000	0.000000	0.000000	0.000000	0.000000	0.170815	0.000000
130	tsk_130	(x)	1	:	0.000000	0.000000	0.496979	0.003417	0.003463	0.004651	0.000000	0.000000	0.000000	0.485847	0.000000	0.000000	0.005640	0.000003
131	tsk_131	(x)	1	:	0.437172	0.000000	0.000000	0.123583	0.054528	0.136917	0.000000	0.000000	0.000000	0.000000	0.000000	0.000000	0.247799	0.000000
132	tsk_132	(x)	1	:	0.000000	0.000000	0.000000	0.226697	0.263970	0.287635	0.000000	0.000000	0.000000	0.000000	0.000000	0.000000	0.221697	0.000000
133	tsk_133	(x)	1	:	0.000000	0.000000	0.000000	0.019944	0.034728	0.058070	0.000000	0.000000	0.000000	0.850538	0.000000	0.000000	0.036720	0.000000
134	tsk_134	(x)	1	:	0.000000	0.000000	0.000000	0.201555	0.199530	0.401784	0.000000	0.000000	0.000000	0.000000	0.000000	0.000000	0.197132	0.000000
135	tsk_135	(x)	1	:	0.437173	0.000000	0.000000	0.066723	0.141415	0.077611	0.000000	0.000000	0.000000	0.000000	0.000000	0.000000	0.277077	0.000000
136	tsk_136	(x)	1	:	0.000000	0.000000	0.000000	0.086532	0.098972	0.140639	0.000000	0.000000	0.000000	0.498517	0.000000	0.000000	0.175340	0.000000
137	tsk_137	(x)	1	:	0.000000	0.000000	0.497356	0.062311	0.142312	0.084773	0.000000	0.000000	0.000000	0.000000	0.000000	0.000000	0.213249	0.000000
138	tsk_138	(x)	1	:	0.000000	0.000000	0.000000	0.128221	0.133002	0.234987	0.000000	0.000000	0.000000	0.411254	0.000000	0.000000	0.092536	0.000000
139	tsk_139	(x)	1	:	0.000000	0.000000	0.000000	0.185421	0.317527	0.146648	0.000000	0.000000	0.000000	0.000000	0.000000	0.000000	0.350404	0.000000
140	tsk_140	(x)	1	:	0.000000	0.262074	0.000000	0.165047	0.254691	0.124189	0.000000	0.000000	0.000000	0.000000	0.000000	0.000000	0.193999	0.000000
141	tsk_141	(x)	1	:	0.000000	0.569251	0.000000	0.062318	0.162015	0.112342	0.000000	0.000000	0.000000	0.000000	0.000000	0.000000	0.094074	0.000000
142	tsk_142	(x)	1	:	0.438021	0.262367	0.000000	0.079585	0.083946	0.045701	0.000000	0.000000	0.000000	0.000000	0.000000	0.000000	0.090381	0.000000
143	tsk_143	(x)	1	:	0.000000	0.262514	0.000000	0.026070	0.057563	0.054165	0.000000	0.000000	0.501274	0.000000	0.000000	0.000000	0.098415	0.000000
144	tsk_144	(x)	1	:	0.000000	0.261737	0.000000	0.047810	0.041984	0.098274	0.000000	0.000000	0.000000	0.499979	0.000000	0.000000	0.050216	0.000000
145	tsk_145	(x)	1	:	0.000000	0.262074	0.000000	0.227194	0.276778	0.067894	0.000000	0.000000	0.000000	0.000000	0.000000	0.000000	0.166060	0.000000
146	tsk_146	(x)	1	:	0.000000	0.000024	0.000000	0.000448	0.000000	0.000000	0.000000	0.999527	0.000000	0.000000	0.000000	0.000000	0.000000	0.000000
147	tsk_147	(x)	1	:	0.000000	0.262074	0.000000	0.164924	0.224525	0.149249	0.000000	0.000000	0.000000	0.000000	0.000000	0.000000	0.199227	0.000000
148	tsk_148	(x)	1	:	0.000000	0.569247	0.000000	0.047481	0.160356	0.129508	0.000000	0.000000	0.000000	0.000000	0.000000	0.000000	0.093407	0.000000
149	tsk_149	(x)	1	:	0.000000	0.262522	0.000000	0.042058	0.089237	0.039536	0.000000	0.000000	0.501290	0.000000	0.000000	0.000000	0.065357	0.000000
