logL = -5112.946892 (converged)
AIC = 15905.893785
BIC = 24456.098020

count.K
13 4 9 18 10 3 15 4 14 2 9 16 33 

