logL = -806.072798 (converged)
AIC = 3544.145597
BIC = 6452.419291

count.K
42 22 11 26 19 30 

