logL = -2319.324112 (converged)
AIC = 5514.648224
BIC = 6833.306483

count.K
66 40 44 

