logL = -900.811505 (converged)
AIC = 4509.623010
BIC = 8586.023198

count.K
28 49 10 3 20 9 24 7 

