logL = -1047.239987 (converged)
AIC = 2850.479973
BIC = 3988.500114

count.K
76 28 46 

