logL = -1089.505293 (converged)
AIC = 2959.010586
BIC = 4133.158351

count.K
68 25 57 

