logL = -808.784237 (converged)
AIC = 5211.568474
BIC = 10621.680097

count.K
20 12 5 0 1 15 60 7 17 11 2 

