logL = -1437.047788 (converged)
AIC = 7128.095576
BIC = 13531.716847

count.K
11 3 7 8 3 5 12 8 78 13 2 

