logL = -953.553438 (converged)
AIC = 4883.106876
BIC = 9362.932194

count.K
7 4 0 12 26 24 31 29 17 

