logL = -1027.776814 (converged)
AIC = 7137.553627
BIC = 14787.577909

count.K
5 25 15 2 6 14 21 9 25 1 7 6 14 

