0	tsk_0	(x)	1	:	0.000000	0.000000	0.000000	0.000000	0.000000	0.571094	0.000000	0.000000	0.000000	0.428906	0.000000
1	tsk_1	(x)	1	:	0.000000	0.000000	0.000000	0.000000	0.000000	0.250184	0.488948	0.000000	0.000000	0.260868	0.000000
2	tsk_2	(x)	1	:	0.000000	0.000000	0.000000	0.000000	0.000000	0.460225	0.000000	0.000000	0.000000	0.539775	0.000000
3	tsk_3	(x)	1	:	0.000000	0.000000	0.000000	0.394803	0.000000	0.041955	0.284023	0.000000	0.000000	0.279219	0.000000
4	tsk_4	(x)	1	:	0.000000	0.000000	0.000000	0.000000	0.000000	0.459321	0.000000	0.000000	0.000000	0.540679	0.000000
5	tsk_5	(x)	1	:	0.000000	0.000000	0.000000	0.000000	0.000000	0.457538	0.000000	0.000000	0.000000	0.542462	0.000000
6	tsk_6	(x)	1	:	0.000000	0.000000	0.000000	0.000000	0.000000	0.352634	0.488948	0.000000	0.000000	0.158418	0.000000
7	tsk_7	(x)	1	:	0.000000	0.000000	0.000000	0.320854	0.000000	0.107293	0.000000	0.000000	0.000000	0.571853	0.000000
8	tsk_8	(x)	1	:	0.000000	0.000000	0.000000	0.000000	0.000000	0.452482	0.000000	0.000000	0.000000	0.547518	0.000000
9	tsk_9	(x)	1	:	0.000000	0.000000	0.000000	0.000000	0.000000	0.550546	0.000000	0.000000	0.000000	0.449453	0.000000
10	tsk_10	(x)	1	:	0.000470	0.000000	0.000000	0.000000	0.496594	0.000000	0.000000	0.000000	0.000000	0.000000	0.502937
11	tsk_11	(x)	1	:	0.000000	0.000000	0.000000	0.000000	0.581805	0.093136	0.107600	0.100269	0.000000	0.117191	0.000000
12	tsk_12	(x)	1	:	0.000000	0.000000	0.000000	0.000000	0.000000	0.000000	0.000000	0.000000	0.000000	0.000000	1.000000
13	tsk_13	(x)	1	:	0.000000	0.000000	0.000000	0.000000	1.000000	0.000000	0.000000	0.000000	0.000000	0.000000	0.000000
14	tsk_14	(x)	1	:	0.000000	1.000000	0.000000	0.000000	0.000000	0.000000	0.000000	0.000000	0.000000	0.000000	0.000000
15	tsk_15	(x)	1	:	0.000002	0.520037	0.000000	0.000000	0.479961	0.000000	0.000000	0.000000	0.000000	0.000000	0.000000
16	tsk_16	(x)	1	:	0.001210	0.000000	0.000000	0.000000	0.000000	0.000000	0.503932	0.000000	0.000000	0.000000	0.494858
17	tsk_17	(x)	1	:	0.000000	0.000000	0.000000	0.000000	0.000000	0.000000	0.000000	0.000000	0.000000	0.000000	1.000000
18	tsk_18	(x)	1	:	0.000000	0.575376	0.000000	0.000000	0.000000	0.049206	0.000000	0.000000	0.000000	0.375418	0.000000
19	tsk_19	(x)	1	:	0.000000	0.575376	0.000000	0.000000	0.000000	0.164703	0.000000	0.000000	0.000000	0.259921	0.000000
20	tsk_20	(x)	1	:	0.000000	0.000000	0.000000	0.000000	0.000000	0.253625	0.000000	0.479098	0.000000	0.267277	0.000000
21	tsk_21	(x)	1	:	0.000000	0.000000	0.000000	0.000000	0.000000	0.000000	0.645497	0.354503	0.000000	0.000000	0.000000
22	tsk_22	(x)	1	:	0.532892	0.000000	0.000000	0.000000	0.000000	0.169777	0.000000	0.000000	0.000000	0.297331	0.000000
23	tsk_23	(x)	1	:	0.000000	0.000000	0.000000	0.000000	0.000000	0.393436	0.000000	0.479098	0.000000	0.127465	0.000000
24	tsk_24	(x)	1	:	0.539291	0.000000	0.000000	0.000000	0.000000	0.000000	0.000000	0.460709	0.000000	0.000000	0.000000
25	tsk_25	(x)	1	:	0.000000	0.000000	0.000000	0.000000	0.000000	0.107983	0.000000	0.479098	0.000000	0.412918	0.000000
26	tsk_26	(x)	1	:	0.000000	0.000000	0.000000	0.000000	0.000000	0.318201	0.000000	0.479098	0.000000	0.202700	0.000000
27	tsk_27	(x)	1	:	0.000000	0.000000	0.000000	0.000000	0.000000	0.204602	0.000000	0.000000	0.000000	0.795398	0.000000
28	tsk_28	(x)	1	:	0.452971	0.000000	0.000000	0.000000	0.000000	0.084656	0.000000	0.000000	0.000000	0.462373	0.000000
29	tsk_29	(x)	1	:	0.365603	0.000000	0.000000	0.000000	0.000000	0.000000	0.634397	0.000000	0.000000	0.000000	0.000000
30	tsk_30	(x)	1	:	1.000000	0.000000	0.000000	0.000000	0.000000	0.000000	0.000000	0.000000	0.000000	0.000000	0.000000
31	tsk_31	(x)	1	:	0.000000	0.000000	0.000000	0.000000	0.000000	0.000000	0.645497	0.354503	0.000000	0.000000	0.000000
32	tsk_32	(x)	1	:	1.000000	0.000000	0.000000	0.000000	0.000000	0.000000	0.000000	0.000000	0.000000	0.000000	0.000000
33	tsk_33	(x)	1	:	0.000000	0.000000	0.000000	0.000000	0.000000	0.000000	0.645497	0.354503	0.000000	0.000000	0.000000
34	tsk_34	(x)	1	:	0.490058	0.000000	0.000000	0.000000	0.000000	0.112698	0.000000	0.000000	0.000000	0.397244	0.000000
35	tsk_35	(x)	1	:	1.000000	0.000000	0.000000	0.000000	0.000000	0.000000	0.000000	0.000000	0.000000	0.000000	0.000000
36	tsk_36	(x)	1	:	1.000000	0.000000	0.000000	0.000000	0.000000	0.000000	0.000000	0.000000	0.000000	0.000000	0.000000
37	tsk_37	(x)	1	:	0.000000	0.000000	0.000000	0.000000	0.000000	0.000000	0.000000	1.000000	0.000000	0.000000	0.000000
38	tsk_38	(x)	1	:	0.497041	0.000000	0.000000	0.000000	0.000000	0.000000	0.000000	0.502959	0.000000	0.000000	0.000000
39	tsk_39	(x)	1	:	0.532892	0.000000	0.000000	0.000000	0.000000	0.117488	0.000000	0.000000	0.000000	0.349620	0.000000
40	tsk_40	(x)	1	:	0.000000	0.000000	0.000000	0.000000	0.000000	0.411903	0.488948	0.000000	0.000000	0.099149	0.000000
41	tsk_41	(x)	1	:	0.000000	0.000000	0.000000	0.000000	0.000000	0.000000	0.000000	1.000000	0.000000	0.000000	0.000000
42	tsk_42	(x)	1	:	0.000000	0.000000	0.000000	0.000000	0.000000	0.267370	0.000000	0.479098	0.000000	0.253532	0.000000
43	tsk_43	(x)	1	:	0.000000	0.000000	0.000000	0.000000	0.000000	0.833273	0.000000	0.000000	0.000000	0.166727	0.000000
44	tsk_44	(x)	1	:	0.000000	0.313499	0.000000	0.000000	0.000000	0.326490	0.000000	0.000000	0.000000	0.360011	0.000000
45	tsk_45	(x)	1	:	0.000000	0.313499	0.000000	0.000000	0.000000	0.254905	0.000000	0.000000	0.000000	0.431595	0.000000
46	tsk_46	(x)	1	:	0.000000	0.000000	0.444871	0.000000	0.000000	0.295596	0.000000	0.000000	0.000000	0.259533	0.000000
47	tsk_47	(x)	1	:	0.000000	0.000000	0.000000	0.000000	0.000000	0.000000	1.000000	0.000000	0.000000	0.000000	0.000000
48	tsk_48	(x)	1	:	0.000000	0.000000	0.000000	0.000000	0.000000	0.369876	0.000000	0.000000	0.000000	0.630124	0.000000
49	tsk_49	(x)	1	:	1.000000	0.000000	0.000000	0.000000	0.000000	0.000000	0.000000	0.000000	0.000000	0.000000	0.000000
50	tsk_50	(x)	1	:	0.000000	0.000000	0.000000	0.000000	0.000000	0.007641	0.992327	0.000000	0.000000	0.000031	0.000000
51	tsk_51	(x)	1	:	0.000000	0.000000	0.000000	0.000000	0.000000	0.000000	1.000000	0.000000	0.000000	0.000000	0.000000
52	tsk_52	(x)	1	:	0.000000	0.000000	0.000000	0.000000	0.000000	0.000000	1.000000	0.000000	0.000000	0.000000	0.000000
53	tsk_53	(x)	1	:	0.000000	0.000000	0.000000	0.000000	0.000000	0.161860	0.625695	0.000000	0.000000	0.212445	0.000000
54	tsk_54	(x)	1	:	0.000000	0.000000	0.000000	0.000000	0.000000	0.000000	1.000000	0.000000	0.000000	0.000000	0.000000
55	tsk_55	(x)	1	:	0.000000	0.000000	0.000000	0.000000	0.000000	0.454880	0.435095	0.000000	0.000000	0.110025	0.000000
56	tsk_56	(x)	1	:	0.000000	0.000000	0.000000	0.000000	0.000000	0.431990	0.561919	0.000000	0.000000	0.006091	0.000000
57	tsk_57	(x)	1	:	0.000000	0.000000	0.000000	0.000000	0.000000	0.007578	0.992318	0.000000	0.000000	0.000105	0.000000
58	tsk_58	(x)	1	:	0.000000	0.733970	0.000000	0.000000	0.000000	0.134522	0.000000	0.000000	0.000000	0.131508	0.000000
59	tsk_59	(x)	1	:	0.000002	0.000000	0.000000	0.000000	0.000000	0.000000	0.542599	0.000000	0.000000	0.000000	0.457399
60	tsk_60	(x)	1	:	0.490058	0.000000	0.000000	0.000000	0.000000	0.115800	0.000000	0.000000	0.000000	0.394142	0.000000
61	tsk_61	(x)	1	:	0.000000	0.000000	0.000000	0.161837	0.000000	0.416269	0.000000	0.000000	0.000000	0.421894	0.000000
62	tsk_62	(x)	1	:	0.000000	0.000000	0.000000	0.161837	0.000000	0.330968	0.000000	0.000000	0.000000	0.507195	0.000000
63	tsk_63	(x)	1	:	0.000000	0.313499	0.000000	0.000000	0.000000	0.392416	0.000000	0.000000	0.000000	0.294085	0.000000
64	tsk_64	(x)	1	:	0.000814	0.000000	0.000000	0.000000	0.000000	0.083554	0.000000	0.000000	0.000000	0.422893	0.492738
65	tsk_65	(x)	1	:	0.486405	0.000000	0.000000	0.000000	0.000000	0.000000	0.000000	0.000000	0.000000	0.000000	0.513595
66	tsk_66	(x)	1	:	0.490058	0.000000	0.000000	0.000000	0.000000	0.156435	0.000000	0.000000	0.000000	0.353506	0.000000
67	tsk_67	(x)	1	:	0.000000	0.000000	0.000000	0.000000	0.000000	0.452758	0.000000	0.000000	0.000000	0.547242	0.000000
68	tsk_68	(x)	1	:	0.000000	0.000000	0.000000	0.000000	0.000000	0.596712	0.000000	0.000000	0.000000	0.403287	0.000000
69	tsk_69	(x)	1	:	0.490058	0.000000	0.000000	0.000000	0.000000	0.179417	0.000000	0.000000	0.000000	0.330524	0.000000
70	tsk_70	(x)	1	:	0.000000	0.000000	0.000000	0.259135	0.000000	0.000000	0.740865	0.000000	0.000000	0.000000	0.000000
71	tsk_71	(x)	1	:	0.000000	0.000000	0.444871	0.000000	0.000000	0.272989	0.000000	0.000000	0.000000	0.282141	0.000000
72	tsk_72	(x)	1	:	0.000000	0.000000	0.000000	0.000000	0.000000	0.251607	0.625695	0.000000	0.000000	0.122698	0.000000
73	tsk_73	(x)	1	:	0.000000	0.000000	0.000000	0.000000	0.000000	0.100803	0.488899	0.000000	0.195182	0.215116	0.000000
74	tsk_74	(x)	1	:	0.000000	0.000000	0.000000	1.000000	0.000000	0.000000	0.000000	0.000000	0.000000	0.000000	0.000000
75	tsk_75	(x)	1	:	0.000008	0.000000	0.000000	0.204429	0.000000	0.172529	0.000000	0.000000	0.000000	0.161537	0.461498
76	tsk_76	(x)	1	:	0.000000	0.000000	0.000000	0.547765	0.000000	0.175582	0.000000	0.000000	0.000000	0.276653	0.000000
77	tsk_77	(x)	1	:	0.572534	0.000000	0.000000	0.427466	0.000000	0.000000	0.000000	0.000000	0.000000	0.000000	0.000000
78	tsk_78	(x)	1	:	0.000000	0.000000	0.494464	0.000000	0.000000	0.001050	0.000000	0.504281	0.000000	0.000205	0.000000
79	tsk_79	(x)	1	:	0.000000	0.000000	0.000000	0.375764	0.000000	0.243821	0.000000	0.000000	0.000000	0.380415	0.000000
80	tsk_80	(x)	1	:	0.000000	0.000000	0.000000	0.000000	0.000000	0.113677	0.488948	0.000000	0.000000	0.397376	0.000000
81	tsk_81	(x)	1	:	0.490058	0.000000	0.000000	0.000000	0.000000	0.206578	0.000000	0.000000	0.000000	0.303363	0.000000
82	tsk_82	(x)	1	:	0.000000	0.000000	0.000000	0.000000	0.000000	0.369264	0.000000	0.000000	0.000000	0.630736	0.000000
83	tsk_83	(x)	1	:	0.000000	0.000000	0.000000	0.000000	0.000000	0.274308	0.000000	0.191522	0.000000	0.534171	0.000000
84	tsk_84	(x)	1	:	1.000000	0.000000	0.000000	0.000000	0.000000	0.000000	0.000000	0.000000	0.000000	0.000000	0.000000
85	tsk_85	(x)	1	:	0.000000	0.000000	0.000000	0.000000	0.000000	0.303261	0.000000	0.589214	0.000000	0.107525	0.000000
86	tsk_86	(x)	1	:	0.000000	0.000000	0.000000	0.000000	0.000000	0.304064	0.000000	0.000000	0.000000	0.695936	0.000000
87	tsk_87	(x)	1	:	0.486405	0.000000	0.000000	0.000000	0.000000	0.000000	0.000000	0.000000	0.000000	0.000000	0.513595
88	tsk_88	(x)	1	:	0.000000	0.000000	0.000000	0.000000	0.000000	0.546139	0.000000	0.000000	0.000000	0.453861	0.000000
89	tsk_89	(x)	1	:	0.000000	0.000000	0.000000	0.000000	0.000000	0.446966	0.000000	0.000000	0.000000	0.553034	0.000000
90	tsk_90	(x)	1	:	1.000000	0.000000	0.000000	0.000000	0.000000	0.000000	0.000000	0.000000	0.000000	0.000000	0.000000
91	tsk_91	(x)	1	:	0.476367	0.523633	0.000000	0.000000	0.000000	0.000000	0.000000	0.000000	0.000000	0.000000	0.000000
92	tsk_92	(x)	1	:	0.532892	0.000000	0.000000	0.000000	0.000000	0.032238	0.000000	0.000000	0.000000	0.434870	0.000000
93	tsk_93	(x)	1	:	0.000000	0.000000	0.000000	0.000000	0.000000	0.000000	1.000000	0.000000	0.000000	0.000000	0.000000
94	tsk_94	(x)	1	:	0.000000	0.000000	0.000000	0.000000	0.000000	0.355638	0.488948	0.000000	0.000000	0.155414	0.000000
95	tsk_95	(x)	1	:	0.532892	0.000000	0.000000	0.000000	0.000000	0.116162	0.000000	0.000000	0.000000	0.350946	0.000000
96	tsk_96	(x)	1	:	0.000000	0.541909	0.000000	0.000000	0.000000	0.000001	0.458089	0.000000	0.000000	0.000001	0.000000
97	tsk_97	(x)	1	:	0.476367	0.523633	0.000000	0.000000	0.000000	0.000000	0.000000	0.000000	0.000000	0.000000	0.000000
98	tsk_98	(x)	1	:	0.492736	0.000000	0.000000	0.000000	0.000000	0.000000	0.507264	0.000000	0.000000	0.000000	0.000000
99	tsk_99	(x)	1	:	0.492736	0.000000	0.000000	0.000000	0.000000	0.000000	0.507264	0.000000	0.000000	0.000000	0.000000
100	tsk_100	(x)	1	:	0.000000	0.000000	0.000000	0.000002	0.000000	0.236093	0.409394	0.254800	0.000000	0.099711	0.000000
101	tsk_101	(x)	1	:	0.000000	0.000000	0.001887	0.000000	0.000000	0.297354	0.000000	0.000000	0.479116	0.221643	0.000000
102	tsk_102	(x)	1	:	0.000000	0.000000	0.000000	0.000000	0.000000	0.386711	0.139086	0.116660	0.000000	0.357543	0.000000
103	tsk_103	(x)	1	:	0.000000	0.000000	0.484178	0.000000	0.000000	0.000000	0.000000	0.000000	0.515822	0.000000	0.000000
104	tsk_104	(x)	1	:	0.000000	0.314167	0.010402	0.000000	0.000000	0.126814	0.000000	0.000000	0.475242	0.073374	0.000000
105	tsk_105	(x)	1	:	0.000000	0.000000	0.000000	0.000000	0.000000	0.000000	1.000000	0.000000	0.000000	0.000000	0.000000
106	tsk_106	(x)	1	:	0.000000	0.314069	0.012073	0.000000	0.000000	0.063805	0.000000	0.000000	0.474312	0.135741	0.000000
107	tsk_107	(x)	1	:	0.000637	0.000000	0.000000	0.000000	0.000000	0.250088	0.000000	0.000000	0.000000	0.256385	0.492891
108	tsk_108	(x)	1	:	0.000000	0.000000	0.000000	0.000000	0.000000	0.000000	0.000000	0.000000	1.000000	0.000000	0.000000
109	tsk_109	(x)	1	:	0.000000	0.000000	0.000000	0.518519	0.000000	0.047968	0.000000	0.000000	0.000000	0.433513	0.000000
110	tsk_110	(x)	1	:	0.000000	0.000000	0.000000	0.000000	0.000000	0.607632	0.000000	0.000000	0.000000	0.392368	0.000000
111	tsk_111	(x)	1	:	0.000000	0.000000	0.000000	0.000000	0.000000	0.474809	0.000000	0.000000	0.000000	0.525191	0.000000
112	tsk_112	(x)	1	:	0.000000	0.000000	0.000000	0.000000	0.000000	0.601076	0.000000	0.000000	0.000000	0.398924	0.000000
113	tsk_113	(x)	1	:	0.000000	0.000000	0.000000	0.000000	0.000000	0.105394	0.000000	0.000000	0.000000	0.366397	0.528209
114	tsk_114	(x)	1	:	0.000000	0.000000	0.000000	0.000000	0.000000	0.623442	0.000000	0.000000	0.000000	0.376557	0.000000
115	tsk_115	(x)	1	:	0.000000	0.575376	0.000000	0.000000	0.000000	0.287934	0.000000	0.000000	0.000000	0.136690	0.000000
116	tsk_116	(x)	1	:	0.476367	0.523633	0.000000	0.000000	0.000000	0.000000	0.000000	0.000000	0.000000	0.000000	0.000000
117	tsk_117	(x)	1	:	0.499401	0.000000	0.500035	0.000000	0.000000	0.000182	0.000000	0.000000	0.000000	0.000383	0.000000
118	tsk_118	(x)	1	:	1.000000	0.000000	0.000000	0.000000	0.000000	0.000000	0.000000	0.000000	0.000000	0.000000	0.000000
119	tsk_119	(x)	1	:	0.000000	0.000000	0.444871	0.000000	0.000000	0.384758	0.000000	0.000000	0.000000	0.170372	0.000000
120	tsk_120	(x)	1	:	0.000000	0.000000	0.640583	0.000000	0.000000	0.271762	0.000000	0.000000	0.000000	0.087654	0.000000
121	tsk_121	(x)	1	:	0.000000	0.000000	0.000000	0.000000	0.000000	0.750181	0.000000	0.000000	0.000000	0.249819	0.000000
122	tsk_122	(x)	1	:	0.000000	0.000000	0.000000	0.000000	0.000000	0.000000	0.000000	1.000000	0.000000	0.000000	0.000000
123	tsk_123	(x)	1	:	0.000000	0.000000	0.000000	0.000000	0.000000	0.747615	0.000000	0.000000	0.000000	0.252385	0.000000
124	tsk_124	(x)	1	:	0.000000	0.000000	0.000000	0.000000	0.000000	0.639144	0.000000	0.000000	0.000000	0.360856	0.000000
125	tsk_125	(x)	1	:	0.492736	0.000000	0.000000	0.000000	0.000000	0.000000	0.507264	0.000000	0.000000	0.000000	0.000000
126	tsk_126	(x)	1	:	0.000000	0.000000	0.309645	0.000000	0.000000	0.299371	0.136417	0.119215	0.000000	0.135352	0.000000
127	tsk_127	(x)	1	:	0.000000	0.000000	0.444871	0.000000	0.000000	0.350159	0.000000	0.000000	0.000000	0.204971	0.000000
128	tsk_128	(x)	1	:	0.000000	0.000000	0.000000	0.000000	0.000000	0.813524	0.000000	0.000000	0.000000	0.186476	0.000000
129	tsk_129	(x)	1	:	0.000000	0.000000	0.000000	0.000000	0.000000	0.338627	0.000000	0.000000	0.000000	0.661373	0.000000
130	tsk_130	(x)	1	:	0.000000	0.000000	0.000000	0.000000	0.000000	0.000000	0.453585	0.000000	0.000000	0.000000	0.546415
131	tsk_131	(x)	1	:	0.000000	0.000000	0.000000	0.000000	0.000000	0.430259	0.000000	0.000000	0.000000	0.569740	0.000000
132	tsk_132	(x)	1	:	0.000000	0.000000	0.467617	0.000000	0.000000	0.000000	0.000000	0.000000	0.000000	0.000000	0.532383
133	tsk_133	(x)	1	:	0.000000	0.000000	0.000000	0.235316	0.000000	0.310581	0.360705	0.000000	0.000000	0.093399	0.000000
134	tsk_134	(x)	1	:	0.000000	0.000000	0.000000	0.000000	0.000000	0.391309	0.488948	0.000000	0.000000	0.119744	0.000000
135	tsk_135	(x)	1	:	0.000000	0.000000	0.000000	0.000000	0.000000	0.353582	0.488948	0.000000	0.000000	0.157470	0.000000
136	tsk_136	(x)	1	:	0.000000	0.000000	0.000000	0.000000	0.000000	0.126226	0.488948	0.000000	0.000000	0.384827	0.000000
137	tsk_137	(x)	1	:	0.000000	0.000000	0.000000	0.000000	0.000000	0.384570	0.488948	0.000000	0.000000	0.126482	0.000000
138	tsk_138	(x)	1	:	0.000000	0.000000	0.000000	0.000000	0.000000	0.353925	0.435095	0.000000	0.000000	0.210980	0.000000
139	tsk_139	(x)	1	:	0.000000	0.000000	0.000000	0.000000	0.000000	0.507042	0.000000	0.000000	0.000000	0.492958	0.000000
140	tsk_140	(x)	1	:	0.000000	0.000000	0.000000	0.000000	0.000000	0.504122	0.000000	0.000000	0.000000	0.495878	0.000000
141	tsk_141	(x)	1	:	0.000000	0.313534	0.000000	0.000000	0.000000	0.125704	0.489012	0.000000	0.000000	0.071750	0.000000
142	tsk_142	(x)	1	:	0.000022	0.000000	0.000000	0.201263	0.000000	0.000000	0.329052	0.000000	0.000000	0.000000	0.469664
143	tsk_143	(x)	1	:	0.000000	0.000000	0.000000	0.000000	0.000000	0.562099	0.000000	0.000000	0.000000	0.437901	0.000000
144	tsk_144	(x)	1	:	0.000678	0.000000	0.000000	0.000000	0.000000	0.105558	0.000000	0.000000	0.000000	0.400909	0.492855
145	tsk_145	(x)	1	:	0.000000	0.000000	0.000000	0.000000	0.000000	0.369471	0.133118	0.122388	0.000000	0.375023	0.000000
146	tsk_146	(x)	1	:	0.000000	0.000000	0.000000	0.000000	0.000000	0.433761	0.435095	0.000000	0.000000	0.131144	0.000000
147	tsk_147	(x)	1	:	0.000000	0.000000	0.000000	0.192908	0.000000	0.000000	0.807092	0.000000	0.000000	0.000000	0.000000
148	tsk_148	(x)	1	:	0.000000	0.000000	0.000000	0.000000	0.000000	0.198873	0.000000	0.000000	0.000000	0.801126	0.000000
149	tsk_149	(x)	1	:	0.529743	0.000000	0.000000	0.000000	0.000000	0.000000	0.000000	0.000000	0.000000	0.470257	0.000000
