logL = -1268.954582 (converged)
AIC = 6505.909163
BIC = 12479.009587

count.K
6 7 13 7 9 27 17 11 19 12 22 

