logL = -1396.225246 (converged)
AIC = 7100.450492
BIC = 13585.358915

count.K
17 9 18 20 18 3 6 5 0 17 37 0 

