logL = -1421.146749 (converged)
AIC = 3250.293497
BIC = 3864.463097

count.K
97 53 

