logL = -754.760905 (converged)
AIC = 5457.521811
BIC = 11400.515881

count.K
1 27 12 9 11 5 4 2 14 16 30 19 

