0	tsk_0	(x)	1	:	0.206675	0.000000	0.000000	0.000000	0.000000	0.000000	0.492805	0.000000	0.000000	0.300520	0.000000	0.000000
1	tsk_1	(x)	1	:	0.739409	0.000000	0.000000	0.000000	0.000000	0.000000	0.000000	0.000000	0.000000	0.260591	0.000000	0.000000
2	tsk_2	(x)	1	:	0.238587	0.000000	0.000000	0.000000	0.492584	0.000000	0.000000	0.000000	0.000000	0.268830	0.000000	0.000000
3	tsk_3	(x)	1	:	0.326031	0.000000	0.000000	0.000000	0.000000	0.000000	0.000000	0.000000	0.522162	0.151807	0.000000	0.000000
4	tsk_4	(x)	1	:	0.353240	0.085270	0.000000	0.375630	0.000000	0.000000	0.000000	0.000000	0.000000	0.185860	0.000000	0.000000
5	tsk_5	(x)	1	:	0.803261	0.000000	0.000000	0.000000	0.000000	0.000000	0.000000	0.000000	0.000000	0.196739	0.000000	0.000000
6	tsk_6	(x)	1	:	0.000000	0.127235	0.000000	0.368578	0.000000	0.000000	0.504187	0.000000	0.000000	0.000000	0.000000	0.000000
7	tsk_7	(x)	1	:	0.404188	0.079052	0.000000	0.378377	0.000000	0.000000	0.000000	0.000000	0.000000	0.138384	0.000000	0.000000
8	tsk_8	(x)	1	:	0.537879	0.000000	0.000000	0.000000	0.000000	0.000000	0.000000	0.000000	0.000000	0.462121	0.000000	0.000000
9	tsk_9	(x)	1	:	0.475403	0.000000	0.000000	0.000000	0.000000	0.000000	0.000000	0.000000	0.000000	0.524597	0.000000	0.000000
10	tsk_10	(x)	1	:	0.627946	0.000000	0.000000	0.000000	0.000000	0.000000	0.000000	0.000000	0.000000	0.372054	0.000000	0.000000
11	tsk_11	(x)	1	:	0.096656	0.000000	0.000000	0.000000	0.000000	0.000000	0.492805	0.000000	0.000000	0.410539	0.000000	0.000000
12	tsk_12	(x)	1	:	0.629931	0.000000	0.000000	0.000000	0.000000	0.000000	0.000000	0.000000	0.000000	0.370069	0.000000	0.000000
13	tsk_13	(x)	1	:	0.332943	0.000000	0.000000	0.559327	0.000000	0.000000	0.000000	0.000000	0.000000	0.107730	0.000000	0.000000
14	tsk_14	(x)	1	:	0.000000	0.000000	0.000000	0.554454	0.000000	0.445546	0.000000	0.000000	0.000000	0.000000	0.000000	0.000000
15	tsk_15	(x)	1	:	0.000000	0.000003	0.000000	0.000000	0.006108	0.475988	0.000000	0.000000	0.000000	0.000000	0.517901	0.000000
16	tsk_16	(x)	1	:	0.624281	0.000000	0.000000	0.000000	0.000000	0.000000	0.000000	0.000000	0.000000	0.375719	0.000000	0.000000
17	tsk_17	(x)	1	:	0.402979	0.000000	0.000000	0.559327	0.000000	0.000000	0.000000	0.000000	0.000000	0.037694	0.000000	0.000000
18	tsk_18	(x)	1	:	0.000000	0.000000	0.000000	0.000000	0.000000	0.000000	1.000000	0.000000	0.000000	0.000000	0.000000	0.000000
19	tsk_19	(x)	1	:	0.356598	0.007527	0.000000	0.000000	0.000000	0.000000	0.000000	0.000000	0.000000	0.180261	0.455614	0.000000
20	tsk_20	(x)	1	:	0.249662	0.000000	0.000000	0.494345	0.000000	0.000000	0.000000	0.151531	0.000000	0.104461	0.000000	0.000000
21	tsk_21	(x)	1	:	0.342584	0.000000	0.000000	0.336496	0.000000	0.000000	0.000000	0.178512	0.000000	0.142408	0.000000	0.000000
22	tsk_22	(x)	1	:	0.186252	0.000000	0.000000	0.559327	0.000000	0.000000	0.000000	0.000000	0.000000	0.254421	0.000000	0.000000
23	tsk_23	(x)	1	:	0.000000	0.000000	0.000000	0.554454	0.000001	0.445545	0.000000	0.000000	0.000000	0.000000	0.000000	0.000000
24	tsk_24	(x)	1	:	0.309663	0.000000	0.000000	0.559327	0.000000	0.000000	0.000000	0.000000	0.000000	0.131010	0.000000	0.000000
25	tsk_25	(x)	1	:	0.000000	0.495789	0.000002	0.000000	0.000000	0.000000	0.504209	0.000000	0.000000	0.000000	0.000000	0.000000
26	tsk_26	(x)	1	:	0.183727	0.000000	0.000000	0.000000	0.000000	0.000000	0.438392	0.161094	0.000000	0.216787	0.000000	0.000000
27	tsk_27	(x)	1	:	0.206005	0.000000	0.000000	0.494345	0.000000	0.000000	0.000000	0.151531	0.000000	0.148118	0.000000	0.000000
28	tsk_28	(x)	1	:	0.000000	0.000000	0.000000	0.000000	0.000000	0.000000	1.000000	0.000000	0.000000	0.000000	0.000000	0.000000
29	tsk_29	(x)	1	:	0.077215	0.000000	0.000000	0.559327	0.000000	0.000000	0.000000	0.000000	0.000000	0.363458	0.000000	0.000000
30	tsk_30	(x)	1	:	0.000080	0.000000	0.000000	0.000000	0.000000	0.563375	0.000000	0.000000	0.000000	0.436545	0.000000	0.000000
31	tsk_31	(x)	1	:	0.000000	0.484831	0.000000	0.000000	0.515169	0.000000	0.000000	0.000000	0.000000	0.000000	0.000000	0.000000
32	tsk_32	(x)	1	:	0.000000	0.000000	0.000000	0.000000	0.000000	0.503247	0.000000	0.000000	0.496752	0.000000	0.000000	0.000000
33	tsk_33	(x)	1	:	0.000000	0.000009	0.000000	0.000000	0.000000	0.000000	0.484072	0.000000	0.000000	0.000000	0.515918	0.000000
34	tsk_34	(x)	1	:	0.000000	0.000000	0.000000	0.000000	1.000000	0.000000	0.000000	0.000000	0.000000	0.000000	0.000000	0.000000
35	tsk_35	(x)	1	:	0.000000	0.000000	0.000000	0.000000	0.476102	0.000000	0.000000	0.000000	0.523898	0.000000	0.000000	0.000000
36	tsk_36	(x)	1	:	0.000000	0.000000	0.000000	0.565118	0.434882	0.000000	0.000000	0.000000	0.000000	0.000000	0.000000	0.000000
37	tsk_37	(x)	1	:	0.320014	0.000000	0.000000	0.000000	0.492584	0.000000	0.000000	0.000000	0.000000	0.187402	0.000000	0.000000
38	tsk_38	(x)	1	:	0.000000	0.000000	0.000000	0.000000	1.000000	0.000000	0.000000	0.000000	0.000000	0.000000	0.000000	0.000000
39	tsk_39	(x)	1	:	0.000000	0.000000	0.000000	0.000000	0.000000	0.000000	0.000000	0.000000	1.000000	0.000000	0.000000	0.000000
40	tsk_40	(x)	1	:	0.000000	0.000000	0.000000	0.000000	1.000000	0.000000	0.000000	0.000000	0.000000	0.000000	0.000000	0.000000
41	tsk_41	(x)	1	:	0.000000	0.000000	0.000000	0.000000	1.000000	0.000000	0.000000	0.000000	0.000000	0.000000	0.000000	0.000000
42	tsk_42	(x)	1	:	0.000000	0.000000	0.000000	0.000000	0.502253	0.000000	0.497747	0.000000	0.000000	0.000000	0.000000	0.000000
43	tsk_43	(x)	1	:	0.000000	0.000000	0.000000	0.000000	1.000000	0.000000	0.000000	0.000000	0.000000	0.000000	0.000000	0.000000
44	tsk_44	(x)	1	:	0.475874	0.000000	0.000000	0.000000	0.000000	0.000000	0.492805	0.000000	0.000000	0.031321	0.000000	0.000000
45	tsk_45	(x)	1	:	0.231870	0.000000	0.000000	0.000000	0.000000	0.000000	0.492805	0.000000	0.000000	0.275325	0.000000	0.000000
46	tsk_46	(x)	1	:	0.000000	0.000000	0.000000	0.000000	1.000000	0.000000	0.000000	0.000000	0.000000	0.000000	0.000000	0.000000
47	tsk_47	(x)	1	:	0.000000	0.495790	0.000000	0.000000	0.000000	0.000000	0.504210	0.000000	0.000000	0.000000	0.000000	0.000000
48	tsk_48	(x)	1	:	0.000000	0.000000	0.000000	0.000000	0.502253	0.000000	0.497747	0.000000	0.000000	0.000000	0.000000	0.000000
49	tsk_49	(x)	1	:	0.000000	0.000000	0.000000	0.000000	0.502253	0.000000	0.497747	0.000000	0.000000	0.000000	0.000000	0.000000
50	tsk_50	(x)	1	:	0.000000	0.000000	0.000000	0.000000	0.000000	0.000000	1.000000	0.000000	0.000000	0.000000	0.000000	0.000000
51	tsk_51	(x)	1	:	0.918549	0.000000	0.000000	0.000000	0.000000	0.000000	0.000000	0.000000	0.000000	0.081451	0.000000	0.000000
52	tsk_52	(x)	1	:	0.000000	0.495789	0.000000	0.000000	0.000000	0.000000	0.504210	0.000000	0.000000	0.000000	0.000000	0.000000
53	tsk_53	(x)	1	:	0.486295	0.000000	0.000000	0.000000	0.492584	0.000000	0.000000	0.000000	0.000000	0.021121	0.000000	0.000000
54	tsk_54	(x)	1	:	0.000000	0.000000	0.000000	0.000000	0.502253	0.000000	0.497747	0.000000	0.000000	0.000000	0.000000	0.000000
55	tsk_55	(x)	1	:	0.000000	1.000000	0.000000	0.000000	0.000000	0.000000	0.000000	0.000000	0.000000	0.000000	0.000000	0.000000
56	tsk_56	(x)	1	:	0.000000	0.484831	0.000000	0.000000	0.515169	0.000000	0.000000	0.000000	0.000000	0.000000	0.000000	0.000000
57	tsk_57	(x)	1	:	0.000000	0.000000	0.000000	0.000000	0.502253	0.000000	0.497747	0.000000	0.000000	0.000000	0.000000	0.000000
58	tsk_58	(x)	1	:	0.316345	0.000000	0.000000	0.000000	0.000000	0.000000	0.567640	0.000000	0.000000	0.116015	0.000000	0.000000
59	tsk_59	(x)	1	:	0.000000	0.000000	0.000000	0.000000	0.000000	0.000000	1.000000	0.000000	0.000000	0.000000	0.000000	0.000000
60	tsk_60	(x)	1	:	0.457809	0.000000	0.000000	0.000000	0.492584	0.000000	0.000000	0.000000	0.000000	0.049607	0.000000	0.000000
61	tsk_61	(x)	1	:	0.000000	0.000000	0.000000	0.000000	0.000000	0.000000	0.345566	0.262641	0.000000	0.000000	0.391793	0.000000
62	tsk_62	(x)	1	:	0.142599	0.000000	0.000000	0.000000	0.492584	0.000000	0.000000	0.000000	0.000000	0.364817	0.000000	0.000000
63	tsk_63	(x)	1	:	0.000000	0.006320	0.000000	0.000000	0.000000	0.000000	0.506172	0.000000	0.487508	0.000000	0.000000	0.000000
64	tsk_64	(x)	1	:	0.000000	0.000000	0.000000	0.000000	0.502253	0.000000	0.497747	0.000000	0.000000	0.000000	0.000000	0.000000
65	tsk_65	(x)	1	:	0.160163	0.470133	0.000000	0.000000	0.000000	0.000000	0.000000	0.000000	0.000000	0.369704	0.000000	0.000000
66	tsk_66	(x)	1	:	0.000000	0.000000	0.000000	0.000000	1.000000	0.000000	0.000000	0.000000	0.000000	0.000000	0.000000	0.000000
67	tsk_67	(x)	1	:	0.408967	0.000000	0.000000	0.000000	0.492584	0.000000	0.000000	0.000000	0.000000	0.098449	0.000000	0.000000
68	tsk_68	(x)	1	:	0.400980	0.000000	0.000000	0.000000	0.492584	0.000000	0.000000	0.000000	0.000000	0.106436	0.000000	0.000000
69	tsk_69	(x)	1	:	0.000000	0.000000	0.000000	0.000000	0.303383	0.000000	0.000000	0.287309	0.000000	0.000000	0.409308	0.000000
70	tsk_70	(x)	1	:	0.000000	0.000000	0.000000	0.000000	0.000021	0.449707	0.000000	0.000000	0.000000	0.000000	0.550272	0.000000
71	tsk_71	(x)	1	:	0.000000	0.000000	0.000000	0.000000	0.000006	0.449720	0.000000	0.000000	0.000000	0.000000	0.550274	0.000000
72	tsk_72	(x)	1	:	0.270907	0.000000	0.000000	0.000000	0.000000	0.485716	0.000000	0.000000	0.000000	0.243377	0.000000	0.000000
73	tsk_73	(x)	1	:	0.373020	0.000000	0.000000	0.000000	0.000000	0.485716	0.000000	0.000000	0.000000	0.141263	0.000000	0.000000
74	tsk_74	(x)	1	:	0.132959	0.008724	0.000000	0.000000	0.000000	0.000000	0.000000	0.000000	0.000000	0.402895	0.455422	0.000000
75	tsk_75	(x)	1	:	0.000000	0.029943	0.000000	0.000000	0.044706	0.471101	0.000000	0.000000	0.000000	0.000000	0.454250	0.000000
76	tsk_76	(x)	1	:	0.363306	0.000000	0.000000	0.000000	0.000000	0.000000	0.000000	0.000000	0.000000	0.085292	0.551402	0.000000
77	tsk_77	(x)	1	:	0.327875	0.000000	0.000000	0.000000	0.492584	0.000000	0.000000	0.000000	0.000000	0.179541	0.000000	0.000000
78	tsk_78	(x)	1	:	0.368454	0.000000	0.000000	0.000000	0.000000	0.000000	0.000000	0.000000	0.000000	0.080144	0.551402	0.000000
79	tsk_79	(x)	1	:	0.374203	0.009543	0.000000	0.000000	0.000000	0.000000	0.000000	0.000000	0.000000	0.160963	0.455292	0.000000
80	tsk_80	(x)	1	:	0.417685	0.000000	0.000000	0.000000	0.492584	0.000000	0.000000	0.000000	0.000000	0.089731	0.000000	0.000000
81	tsk_81	(x)	1	:	0.246263	0.000000	0.000000	0.000000	0.492584	0.000000	0.000000	0.000000	0.000000	0.261152	0.000000	0.000000
82	tsk_82	(x)	1	:	0.000677	0.000000	0.000000	0.000000	0.000000	0.000000	0.000000	0.000000	0.000000	0.000144	0.000000	0.999180
83	tsk_83	(x)	1	:	0.361784	0.000000	0.000000	0.000000	0.492585	0.000000	0.000000	0.000000	0.000000	0.145631	0.000000	0.000000
84	tsk_84	(x)	1	:	0.254731	0.000000	0.000000	0.000000	0.000000	0.000000	0.000000	0.000000	0.484857	0.260412	0.000000	0.000000
85	tsk_85	(x)	1	:	0.323230	0.000000	0.000000	0.000000	0.492584	0.000000	0.000000	0.000000	0.000000	0.184186	0.000000	0.000000
86	tsk_86	(x)	1	:	0.377437	0.000000	0.000000	0.000000	0.492584	0.000000	0.000000	0.000000	0.000000	0.129979	0.000000	0.000000
87	tsk_87	(x)	1	:	0.000000	0.000000	0.000000	0.000000	0.438645	0.000000	0.000000	0.000000	0.000000	0.000000	0.000000	0.561355
88	tsk_88	(x)	1	:	0.399318	0.000000	0.000000	0.000000	0.000000	0.000000	0.492805	0.000000	0.000000	0.107877	0.000000	0.000000
89	tsk_89	(x)	1	:	0.308854	0.000000	0.000000	0.000000	0.000000	0.000000	0.492805	0.000000	0.000000	0.198342	0.000000	0.000000
90	tsk_90	(x)	1	:	0.000000	0.000000	0.000000	0.000000	0.000000	0.000000	0.000000	0.000000	0.417022	0.000000	0.582977	0.000000
91	tsk_91	(x)	1	:	0.000000	0.000006	0.000000	0.000000	0.008404	0.473993	0.000000	0.000000	0.000000	0.000000	0.517597	0.000000
92	tsk_92	(x)	1	:	0.000000	0.000000	0.000000	0.000000	0.000000	0.000000	0.000000	0.000000	0.000000	0.000000	1.000000	0.000000
93	tsk_93	(x)	1	:	0.000000	0.000008	0.000000	0.000000	0.000000	0.000000	0.484074	0.000000	0.000000	0.000000	0.515919	0.000000
94	tsk_94	(x)	1	:	0.000000	0.000000	0.000000	0.000000	0.000000	0.000000	0.000000	0.000000	0.564121	0.000000	0.435879	0.000000
95	tsk_95	(x)	1	:	0.000000	0.000000	0.000000	0.000000	0.000000	0.514082	0.000000	0.000000	0.000000	0.000000	0.485918	0.000000
96	tsk_96	(x)	1	:	0.000000	0.000008	0.000000	0.000000	0.004252	0.477594	0.000000	0.000000	0.000000	0.000000	0.518146	0.000000
97	tsk_97	(x)	1	:	0.000000	0.000009	0.000000	0.000000	0.007835	0.474485	0.000000	0.000000	0.000000	0.000000	0.517671	0.000000
98	tsk_98	(x)	1	:	0.000000	0.000000	0.000000	0.000000	0.000000	0.000000	0.000000	0.000000	0.000000	0.000000	1.000000	0.000000
99	tsk_99	(x)	1	:	0.000000	0.476916	0.000000	0.000000	0.000000	0.000000	0.000000	0.000000	0.000000	0.000000	0.523084	0.000000
100	tsk_100	(x)	1	:	0.617990	0.000000	0.000000	0.000000	0.000000	0.000000	0.000000	0.000000	0.000000	0.382010	0.000000	0.000000
101	tsk_101	(x)	1	:	0.321596	0.000000	0.000000	0.000000	0.000000	0.000000	0.492805	0.000000	0.000000	0.185599	0.000000	0.000000
102	tsk_102	(x)	1	:	0.205105	0.000000	0.000000	0.000000	0.000000	0.000000	0.492805	0.000000	0.000000	0.302090	0.000000	0.000000
103	tsk_103	(x)	1	:	0.000000	0.000000	0.000000	0.000000	0.502253	0.000000	0.497747	0.000000	0.000000	0.000000	0.000000	0.000000
104	tsk_104	(x)	1	:	0.347184	0.000000	0.000000	0.000000	0.000000	0.000000	0.492805	0.000000	0.000000	0.160012	0.000000	0.000000
105	tsk_105	(x)	1	:	0.000000	0.000000	0.000000	0.000000	0.000000	0.000000	1.000000	0.000000	0.000000	0.000000	0.000000	0.000000
106	tsk_106	(x)	1	:	0.826856	0.000000	0.000000	0.000000	0.000000	0.000000	0.000000	0.000000	0.000000	0.173144	0.000000	0.000000
107	tsk_107	(x)	1	:	0.348764	0.000000	0.000000	0.000000	0.000000	0.000000	0.492805	0.000000	0.000000	0.158431	0.000000	0.000000
108	tsk_108	(x)	1	:	0.668543	0.000000	0.000000	0.000000	0.000000	0.000000	0.000000	0.000000	0.000000	0.331457	0.000000	0.000000
109	tsk_109	(x)	1	:	0.000000	0.666324	0.000000	0.000000	0.333675	0.000000	0.000000	0.000000	0.000000	0.000000	0.000000	0.000000
110	tsk_110	(x)	1	:	0.308726	0.000000	0.501178	0.000000	0.000000	0.000000	0.020783	0.000000	0.000000	0.169312	0.000000	0.000000
111	tsk_111	(x)	1	:	0.000000	0.029878	0.000000	0.000000	0.044824	0.471046	0.000000	0.000000	0.000000	0.000000	0.454252	0.000000
112	tsk_112	(x)	1	:	0.000000	0.476916	0.000000	0.000000	0.000000	0.000000	0.000000	0.000000	0.000000	0.000000	0.523084	0.000000
113	tsk_113	(x)	1	:	0.000000	0.000000	0.513196	0.000000	0.000000	0.000000	0.032026	0.000000	0.000000	0.000000	0.454778	0.000000
114	tsk_114	(x)	1	:	0.000000	0.000000	0.000000	0.000000	0.000000	0.000000	0.000000	0.000000	1.000000	0.000000	0.000000	0.000000
115	tsk_115	(x)	1	:	0.000000	0.000000	0.000000	0.000000	0.000000	0.000000	0.000000	0.000000	0.564121	0.000000	0.435879	0.000000
116	tsk_116	(x)	1	:	0.000000	0.042031	0.000000	0.000000	0.000000	0.000000	0.503808	0.000000	0.000000	0.000000	0.454160	0.000000
117	tsk_117	(x)	1	:	0.000000	0.004546	0.000000	0.000000	0.000000	0.000000	0.507554	0.000000	0.487899	0.000000	0.000000	0.000000
118	tsk_118	(x)	1	:	0.417314	0.000000	0.000000	0.000000	0.000000	0.000000	0.000000	0.000000	0.000000	0.125851	0.456835	0.000000
119	tsk_119	(x)	1	:	0.345752	0.470133	0.000000	0.000000	0.000000	0.000000	0.000000	0.000000	0.000000	0.184115	0.000000	0.000000
120	tsk_120	(x)	1	:	0.000000	0.495791	0.000000	0.000000	0.000000	0.000000	0.504209	0.000000	0.000000	0.000000	0.000000	0.000000
121	tsk_121	(x)	1	:	0.000000	0.000000	0.000000	0.000000	0.000000	0.000000	1.000000	0.000000	0.000000	0.000000	0.000000	0.000000
122	tsk_122	(x)	1	:	0.000000	0.587167	0.000000	0.000000	0.000000	0.000000	0.000000	0.000000	0.000000	0.000000	0.412833	0.000000
123	tsk_123	(x)	1	:	0.000000	0.000000	0.000000	0.000000	1.000000	0.000000	0.000000	0.000000	0.000000	0.000000	0.000000	0.000000
124	tsk_124	(x)	1	:	0.000000	0.000000	0.000000	0.000000	0.000000	0.000000	1.000000	0.000000	0.000000	0.000000	0.000000	0.000000
125	tsk_125	(x)	1	:	0.000000	0.124741	0.000000	0.370135	0.000000	0.000000	0.505124	0.000000	0.000000	0.000000	0.000000	0.000000
126	tsk_126	(x)	1	:	0.000000	0.000000	0.000000	0.000000	0.502253	0.000000	0.497747	0.000000	0.000000	0.000000	0.000000	0.000000
127	tsk_127	(x)	1	:	0.000000	0.027893	0.000000	0.000000	0.517401	0.000000	0.000000	0.000000	0.000000	0.000000	0.454705	0.000000
128	tsk_128	(x)	1	:	0.000000	0.495789	0.000000	0.000000	0.000000	0.000000	0.504210	0.000000	0.000000	0.000000	0.000000	0.000000
129	tsk_129	(x)	1	:	0.000000	0.000000	0.000000	0.000000	1.000000	0.000000	0.000000	0.000000	0.000000	0.000000	0.000000	0.000000
130	tsk_130	(x)	1	:	0.237018	0.470133	0.000000	0.000000	0.000000	0.000000	0.000000	0.000000	0.000000	0.292850	0.000000	0.000000
131	tsk_131	(x)	1	:	0.961858	0.000000	0.000000	0.000000	0.000000	0.000000	0.000000	0.000000	0.000000	0.038142	0.000000	0.000000
132	tsk_132	(x)	1	:	0.387834	0.000000	0.000000	0.000000	0.000000	0.000000	0.567640	0.000000	0.000000	0.044526	0.000000	0.000000
133	tsk_133	(x)	1	:	0.442087	0.007910	0.000000	0.000000	0.000000	0.000000	0.000000	0.000000	0.000000	0.094450	0.455553	0.000000
134	tsk_134	(x)	1	:	0.252408	0.000000	0.000000	0.216829	0.385175	0.000000	0.000000	0.000000	0.000000	0.145588	0.000000	0.000000
135	tsk_135	(x)	1	:	0.000000	0.000000	0.000000	1.000000	0.000000	0.000000	0.000000	0.000000	0.000000	0.000000	0.000000	0.000000
136	tsk_136	(x)	1	:	0.511092	0.000000	0.000000	0.000000	0.000000	0.000000	0.000000	0.000000	0.000000	0.488908	0.000000	0.000000
137	tsk_137	(x)	1	:	0.378639	0.091736	0.000000	0.372795	0.000000	0.000000	0.000000	0.000000	0.000000	0.156830	0.000000	0.000000
138	tsk_138	(x)	1	:	0.727069	0.000000	0.000000	0.000000	0.000000	0.000000	0.000000	0.000000	0.000000	0.272931	0.000000	0.000000
139	tsk_139	(x)	1	:	0.300083	0.079617	0.000000	0.378127	0.000000	0.000000	0.000000	0.000000	0.000000	0.242173	0.000000	0.000000
140	tsk_140	(x)	1	:	0.000000	0.000000	0.000000	0.000000	1.000000	0.000000	0.000000	0.000000	0.000000	0.000000	0.000000	0.000000
141	tsk_141	(x)	1	:	0.000000	0.000026	0.000000	0.000000	0.482669	0.000000	0.000000	0.000000	0.000000	0.000000	0.517305	0.000000
142	tsk_142	(x)	1	:	0.119471	0.000000	0.000000	0.000000	0.492584	0.000000	0.000000	0.000000	0.000000	0.387945	0.000000	0.000000
143	tsk_143	(x)	1	:	0.000000	0.000000	0.000000	0.000000	0.482691	0.000000	0.000000	0.000000	0.000000	0.000000	0.517309	0.000000
144	tsk_144	(x)	1	:	0.000000	0.000000	0.000000	0.000000	0.000000	1.000000	0.000000	0.000000	0.000000	0.000000	0.000000	0.000000
145	tsk_145	(x)	1	:	0.546458	0.000000	0.000000	0.000000	0.000000	0.000000	0.000000	0.000000	0.000000	0.453542	0.000000	0.000000
146	tsk_146	(x)	1	:	0.000000	0.111161	0.000000	0.369247	0.051214	0.468378	0.000000	0.000000	0.000000	0.000000	0.000000	0.000000
147	tsk_147	(x)	1	:	0.264945	0.000000	0.000000	0.000000	0.000000	0.000000	0.000000	0.000000	0.000000	0.219989	0.515066	0.000000
148	tsk_148	(x)	1	:	0.881568	0.000000	0.000000	0.000000	0.000000	0.000000	0.000000	0.000000	0.000000	0.118432	0.000000	0.000000
149	tsk_149	(x)	1	:	0.367149	0.000000	0.000000	0.000000	0.000000	0.485716	0.000000	0.000000	0.000000	0.147135	0.000000	0.000000
