logL = -1202.767423 (converged)
AIC = 5745.534846
BIC = 10773.295787

count.K
13 7 49 14 4 5 14 3 31 10 

