logL = -722.665271 (converged)
AIC = 4349.330542
BIC = 8720.772989

count.K
11 6 59 5 5 0 26 17 21 

