logL = -1471.840279 (converged)
AIC = 6443.680559
BIC = 11712.292324

count.K
7 28 10 4 19 43 14 8 2 15 

