logL = -1453.655379 (converged)
AIC = 6927.310759
BIC = 12978.687700

count.K
6 26 32 5 13 4 1 15 33 6 5 4 

