logL = -2135.662197 (converged)
AIC = 5099.324393
BIC = 6345.727405

count.K
62 25 63 

