logL = -931.805640 (converged)
AIC = 4507.611280
BIC = 8487.671139

count.K
7 32 29 2 10 29 15 26 

