logL = -886.477421 (converged)
AIC = 4820.954842
BIC = 9409.163031

count.K
15 3 8 18 7 17 32 31 19 

