logL = -789.128521 (converged)
AIC = 4938.257041
BIC = 9996.124335

count.K
2 5 8 42 19 9 4 18 13 30 

