logL = -2175.925018 (converged)
AIC = 8011.850036
BIC = 13521.312624

count.K
2 14 2 34 18 30 31 4 3 12 

