logL = -1413.022036 (converged)
AIC = 4366.044072
BIC = 6684.233249

count.K
62 10 37 5 36 

