logL = -1137.662662 (converged)
AIC = 4551.325324
BIC = 7977.428289

count.K
66 11 23 4 2 4 40 

