logL = -699.052964 (converged)
AIC = 3618.105928
BIC = 6959.911105

count.K
32 7 8 35 10 5 53 

