logL = -1790.190971 (converged)
AIC = 4012.381943
BIC = 4662.679166

count.K
91 59 

