logL = -1401.322594 (converged)
AIC = 4402.645188
BIC = 6811.153423

count.K
21 49 43 18 19 

