logL = -1290.081039 (converged)
AIC = 6416.162078
BIC = 12190.560572

count.K
2 6 18 3 24 1 7 7 32 22 28 

