0	tsk_0	(x)	1	:	0.000000	0.000000	0.499998	0.000003	0.499995	0.000004	0.000000
1	tsk_1	(x)	1	:	1.000000	0.000000	0.000000	0.000000	0.000000	0.000000	0.000000
2	tsk_2	(x)	1	:	0.000000	0.000000	0.000000	0.000000	0.000000	1.000000	0.000000
3	tsk_3	(x)	1	:	0.000000	0.000000	1.000000	0.000000	0.000000	0.000000	0.000000
4	tsk_4	(x)	1	:	0.000000	0.000000	1.000000	0.000000	0.000000	0.000000	0.000000
5	tsk_5	(x)	1	:	0.000000	0.000000	1.000000	0.000000	0.000000	0.000000	0.000000
6	tsk_6	(x)	1	:	0.000000	0.000000	0.000000	0.000000	0.000000	1.000000	0.000000
7	tsk_7	(x)	1	:	0.000000	0.000000	1.000000	0.000000	0.000000	0.000000	0.000000
8	tsk_8	(x)	1	:	0.000000	0.000000	0.497853	0.000003	0.000000	0.502144	0.000000
9	tsk_9	(x)	1	:	0.000000	0.000000	1.000000	0.000000	0.000000	0.000000	0.000000
10	tsk_10	(x)	1	:	0.000000	0.000018	0.000000	0.999982	0.000000	0.000000	0.000000
11	tsk_11	(x)	1	:	0.000000	1.000000	0.000000	0.000000	0.000000	0.000000	0.000000
12	tsk_12	(x)	1	:	0.000000	1.000000	0.000000	0.000000	0.000000	0.000000	0.000000
13	tsk_13	(x)	1	:	0.000000	0.001625	0.000007	0.998368	0.000000	0.000000	0.000000
14	tsk_14	(x)	1	:	0.000000	1.000000	0.000000	0.000000	0.000000	0.000000	0.000000
15	tsk_15	(x)	1	:	0.000000	1.000000	0.000000	0.000000	0.000000	0.000000	0.000000
16	tsk_16	(x)	1	:	0.492253	0.507731	0.000000	0.000016	0.000000	0.000000	0.000000
17	tsk_17	(x)	1	:	0.000000	1.000000	0.000000	0.000000	0.000000	0.000000	0.000000
18	tsk_18	(x)	1	:	0.000000	0.787677	0.000000	0.212323	0.000000	0.000000	0.000000
19	tsk_19	(x)	1	:	0.000000	0.787659	0.000000	0.212341	0.000000	0.000000	0.000000
20	tsk_20	(x)	1	:	0.000000	0.000000	0.459588	0.540411	0.000000	0.000000	0.000000
21	tsk_21	(x)	1	:	0.000000	0.000000	0.000000	0.000009	0.023177	0.376349	0.600465
22	tsk_22	(x)	1	:	0.000000	0.000000	0.000000	0.633992	0.015995	0.350013	0.000000
23	tsk_23	(x)	1	:	0.000000	0.000000	0.000000	0.000000	0.000000	0.000000	1.000000
24	tsk_24	(x)	1	:	0.000000	0.000000	0.000000	1.000000	0.000000	0.000000	0.000000
25	tsk_25	(x)	1	:	0.000000	0.000000	0.000000	1.000000	0.000000	0.000000	0.000000
26	tsk_26	(x)	1	:	0.000000	0.397200	0.000000	0.000272	0.000000	0.000000	0.602527
27	tsk_27	(x)	1	:	0.000000	0.379994	0.000000	0.620005	0.000000	0.000000	0.000000
28	tsk_28	(x)	1	:	0.000000	0.000000	0.465881	0.000000	0.000000	0.000000	0.534119
29	tsk_29	(x)	1	:	0.000000	0.000000	0.000000	0.463834	0.000000	0.000000	0.536165
30	tsk_30	(x)	1	:	0.000000	0.000000	0.000000	0.000000	0.455322	0.544678	0.000000
31	tsk_31	(x)	1	:	0.000000	0.000000	0.000000	0.000005	0.000000	0.537764	0.462231
32	tsk_32	(x)	1	:	0.000000	0.000000	0.000000	0.528898	0.471102	0.000000	0.000000
33	tsk_33	(x)	1	:	0.000000	0.000000	0.000000	0.000000	0.493867	0.506133	0.000000
34	tsk_34	(x)	1	:	0.000000	0.000000	0.000000	0.528898	0.471101	0.000000	0.000000
35	tsk_35	(x)	1	:	0.000000	0.000000	0.000000	0.469831	0.000000	0.000000	0.530169
36	tsk_36	(x)	1	:	0.000000	0.000000	0.000000	0.000000	0.000000	0.000000	1.000000
37	tsk_37	(x)	1	:	0.000000	0.000000	0.000000	0.000004	0.518406	0.000004	0.481586
38	tsk_38	(x)	1	:	0.000000	0.000000	0.000000	0.000004	0.518406	0.000003	0.481587
39	tsk_39	(x)	1	:	0.000000	0.000000	0.000000	0.000000	0.455322	0.544678	0.000000
40	tsk_40	(x)	1	:	0.000000	0.000000	0.000000	0.590973	0.000000	0.000000	0.409027
41	tsk_41	(x)	1	:	0.000000	0.000000	0.000000	0.590973	0.000000	0.000000	0.409027
42	tsk_42	(x)	1	:	0.000000	0.000000	0.000000	0.590973	0.000000	0.000000	0.409027
43	tsk_43	(x)	1	:	0.000000	0.000000	0.000000	1.000000	0.000000	0.000000	0.000000
44	tsk_44	(x)	1	:	0.000000	0.487884	0.000000	0.236790	0.000000	0.000000	0.275326
45	tsk_45	(x)	1	:	0.000000	0.000000	0.000000	0.590973	0.000000	0.000000	0.409027
46	tsk_46	(x)	1	:	0.000000	0.000000	0.000000	0.590973	0.000000	0.000000	0.409027
47	tsk_47	(x)	1	:	0.455975	0.000000	0.000000	0.544025	0.000000	0.000000	0.000000
48	tsk_48	(x)	1	:	0.000000	0.480217	0.000000	0.519783	0.000000	0.000000	0.000000
49	tsk_49	(x)	1	:	0.000000	0.000000	0.000000	0.590973	0.000000	0.000000	0.409027
50	tsk_50	(x)	1	:	0.000000	0.000002	0.000000	0.000175	0.000000	0.315479	0.684345
51	tsk_51	(x)	1	:	0.000000	0.000000	0.000000	0.464753	0.000000	0.000000	0.535247
52	tsk_52	(x)	1	:	0.000000	0.000000	0.000000	1.000000	0.000000	0.000000	0.000000
53	tsk_53	(x)	1	:	0.000000	0.000000	0.000000	0.712603	0.000000	0.287397	0.000000
54	tsk_54	(x)	1	:	0.000000	0.000000	0.000000	0.488145	0.000000	0.000000	0.511855
55	tsk_55	(x)	1	:	0.000000	1.000000	0.000000	0.000000	0.000000	0.000000	0.000000
56	tsk_56	(x)	1	:	0.000000	0.000000	0.000000	0.464753	0.000000	0.000000	0.535247
57	tsk_57	(x)	1	:	0.000000	0.000017	0.000000	0.279723	0.000000	0.720260	0.000000
58	tsk_58	(x)	1	:	0.000000	0.000000	0.000000	1.000000	0.000000	0.000000	0.000000
59	tsk_59	(x)	1	:	0.000000	0.000000	0.000000	0.528898	0.471101	0.000000	0.000000
60	tsk_60	(x)	1	:	0.000000	0.000000	0.000000	0.000000	0.000000	1.000000	0.000000
61	tsk_61	(x)	1	:	0.000000	0.463800	0.000000	0.000023	0.000000	0.536178	0.000000
62	tsk_62	(x)	1	:	0.000000	0.463804	0.000000	0.000017	0.000000	0.536178	0.000000
63	tsk_63	(x)	1	:	0.000000	0.463797	0.000000	0.000025	0.000000	0.536177	0.000000
64	tsk_64	(x)	1	:	0.000000	0.463804	0.000000	0.000018	0.000000	0.536178	0.000000
65	tsk_65	(x)	1	:	0.000000	0.685217	0.314479	0.000303	0.000000	0.000000	0.000000
66	tsk_66	(x)	1	:	0.000000	0.464239	0.000000	0.001226	0.534534	0.000000	0.000000
67	tsk_67	(x)	1	:	0.522644	0.477195	0.000000	0.000161	0.000000	0.000000	0.000000
68	tsk_68	(x)	1	:	0.000000	0.463803	0.000000	0.000019	0.000000	0.536178	0.000000
69	tsk_69	(x)	1	:	0.000000	0.463799	0.000000	0.000024	0.000000	0.536178	0.000000
70	tsk_70	(x)	1	:	0.000000	0.441586	0.000000	0.000005	0.000000	0.000000	0.558409
71	tsk_71	(x)	1	:	0.000000	0.379994	0.000000	0.620005	0.000000	0.000000	0.000000
72	tsk_72	(x)	1	:	0.000000	0.999607	0.000000	0.000392	0.000000	0.000000	0.000000
73	tsk_73	(x)	1	:	0.456618	0.000000	0.000000	0.000000	0.000000	0.000000	0.543382
74	tsk_74	(x)	1	:	0.432597	0.000000	0.000000	0.567403	0.000000	0.000000	0.000000
75	tsk_75	(x)	1	:	0.492253	0.507731	0.000000	0.000016	0.000000	0.000000	0.000000
76	tsk_76	(x)	1	:	0.000000	0.999550	0.000000	0.000450	0.000000	0.000000	0.000000
77	tsk_77	(x)	1	:	0.000000	0.000000	0.000000	1.000000	0.000000	0.000000	0.000000
78	tsk_78	(x)	1	:	0.000000	0.000000	0.000000	0.000001	0.000000	0.000000	0.999999
79	tsk_79	(x)	1	:	0.492252	0.507725	0.000000	0.000023	0.000000	0.000000	0.000000
80	tsk_80	(x)	1	:	0.000000	0.464592	0.000000	0.000795	0.534613	0.000000	0.000000
81	tsk_81	(x)	1	:	0.503414	0.000000	0.000000	0.000009	0.000000	0.000000	0.496577
82	tsk_82	(x)	1	:	0.000000	0.474577	0.000000	0.000428	0.000000	0.000000	0.524995
83	tsk_83	(x)	1	:	0.000000	0.000000	0.000000	0.000000	0.701981	0.298019	0.000000
84	tsk_84	(x)	1	:	0.000000	0.000160	0.358073	0.641767	0.000000	0.000000	0.000000
85	tsk_85	(x)	1	:	0.000000	0.999645	0.000000	0.000355	0.000000	0.000000	0.000000
86	tsk_86	(x)	1	:	0.000000	0.000000	0.000000	0.000000	1.000000	0.000000	0.000000
87	tsk_87	(x)	1	:	0.000000	0.464115	0.000000	0.001379	0.534506	0.000000	0.000000
88	tsk_88	(x)	1	:	0.000000	0.464124	0.000000	0.001368	0.534508	0.000000	0.000000
89	tsk_89	(x)	1	:	0.522642	0.477188	0.000000	0.000170	0.000000	0.000000	0.000000
90	tsk_90	(x)	1	:	0.000000	0.443237	0.000000	0.203148	0.353615	0.000000	0.000000
91	tsk_91	(x)	1	:	0.000000	0.439870	0.000000	0.000425	0.000002	0.559704	0.000000
92	tsk_92	(x)	1	:	0.469856	0.000000	0.000000	0.000003	0.000000	0.530141	0.000000
93	tsk_93	(x)	1	:	0.486244	0.000000	0.000000	0.000004	0.513749	0.000002	0.000000
94	tsk_94	(x)	1	:	0.000000	0.474496	0.000000	0.000556	0.000000	0.000000	0.524947
95	tsk_95	(x)	1	:	0.503413	0.000000	0.000000	0.000011	0.000000	0.000000	0.496576
96	tsk_96	(x)	1	:	0.503414	0.000000	0.000000	0.000009	0.000000	0.000000	0.496577
97	tsk_97	(x)	1	:	0.000000	0.474572	0.000000	0.000436	0.000000	0.000000	0.524992
98	tsk_98	(x)	1	:	0.486243	0.000000	0.000000	0.000006	0.513748	0.000003	0.000000
99	tsk_99	(x)	1	:	0.000000	0.749431	0.000000	0.250569	0.000000	0.000000	0.000000
100	tsk_100	(x)	1	:	0.000000	0.000000	0.000000	0.421600	0.000000	0.578400	0.000000
101	tsk_101	(x)	1	:	0.459145	0.000000	0.000000	0.540855	0.000000	0.000000	0.000000
102	tsk_102	(x)	1	:	0.447688	0.000000	0.000000	0.000000	0.000000	0.000000	0.552311
103	tsk_103	(x)	1	:	0.469855	0.000000	0.000000	0.000004	0.000000	0.530141	0.000000
104	tsk_104	(x)	1	:	0.000000	0.000000	0.000000	0.421600	0.000000	0.578400	0.000000
105	tsk_105	(x)	1	:	0.000000	0.000000	0.000000	0.000000	0.000000	0.485962	0.514038
106	tsk_106	(x)	1	:	0.000000	0.580753	0.000000	0.419247	0.000000	0.000000	0.000000
107	tsk_107	(x)	1	:	0.000000	0.000000	0.000000	0.284262	0.000000	0.000000	0.715737
108	tsk_108	(x)	1	:	0.000000	0.000016	0.000000	0.279725	0.000000	0.720259	0.000000
109	tsk_109	(x)	1	:	0.000000	0.000000	0.000000	0.488145	0.000000	0.000000	0.511855
110	tsk_110	(x)	1	:	0.000000	0.000000	0.000000	0.516985	0.037811	0.445204	0.000000
111	tsk_111	(x)	1	:	0.000000	0.000024	0.358070	0.641905	0.000000	0.000000	0.000000
112	tsk_112	(x)	1	:	0.000000	0.000000	0.000000	0.491684	0.000000	0.508316	0.000000
113	tsk_113	(x)	1	:	0.000000	0.000000	0.000000	0.391444	0.000001	0.608555	0.000000
114	tsk_114	(x)	1	:	0.000000	0.001767	0.000007	0.998225	0.000000	0.000000	0.000000
115	tsk_115	(x)	1	:	0.000000	0.000000	0.000000	0.000000	0.000000	1.000000	0.000000
116	tsk_116	(x)	1	:	0.000000	0.000000	0.000000	0.516981	0.037927	0.445092	0.000000
117	tsk_117	(x)	1	:	0.000000	0.000000	0.000000	0.414370	0.000003	0.585628	0.000000
118	tsk_118	(x)	1	:	0.000000	0.000000	0.000000	0.000000	0.000106	0.999894	0.000000
119	tsk_119	(x)	1	:	0.571032	0.000000	0.000000	0.428968	0.000000	0.000000	0.000000
120	tsk_120	(x)	1	:	0.533774	0.000000	0.000000	0.000000	0.466226	0.000000	0.000000
121	tsk_121	(x)	1	:	0.000000	0.000000	0.000000	0.000000	1.000000	0.000000	0.000000
122	tsk_122	(x)	1	:	0.482900	0.000000	0.000000	0.000003	0.000000	0.517096	0.000000
123	tsk_123	(x)	1	:	0.503414	0.000000	0.000000	0.000009	0.000000	0.000000	0.496577
124	tsk_124	(x)	1	:	0.000000	0.000000	0.000000	0.561506	0.000000	0.000000	0.438494
125	tsk_125	(x)	1	:	0.000000	0.000000	0.000000	0.000000	1.000000	0.000000	0.000000
126	tsk_126	(x)	1	:	0.000000	0.000000	0.000000	0.379083	0.000000	0.000000	0.620917
127	tsk_127	(x)	1	:	0.000000	0.000000	0.000000	0.511797	0.488202	0.000002	0.000000
128	tsk_128	(x)	1	:	0.000000	0.000000	0.000000	0.491684	0.000000	0.508316	0.000000
129	tsk_129	(x)	1	:	0.000000	0.000000	0.000000	0.000000	0.455322	0.544678	0.000000
130	tsk_130	(x)	1	:	0.000000	0.487884	0.000000	0.236790	0.000000	0.000000	0.275326
131	tsk_131	(x)	1	:	0.000000	0.000000	0.000000	0.000000	0.000072	0.999928	0.000000
132	tsk_132	(x)	1	:	0.000000	0.611987	0.000000	0.000000	0.000000	0.000000	0.388013
133	tsk_133	(x)	1	:	0.000000	0.644866	0.000000	0.000000	0.019600	0.335534	0.000000
134	tsk_134	(x)	1	:	0.000000	0.000000	0.000000	0.633992	0.015986	0.350022	0.000000
135	tsk_135	(x)	1	:	0.000000	0.000001	0.000000	0.000079	0.030694	0.416270	0.552955
136	tsk_136	(x)	1	:	0.000000	0.000000	0.000000	0.000000	0.187197	0.812803	0.000000
137	tsk_137	(x)	1	:	0.000000	0.542214	0.000000	0.002705	0.035756	0.419325	0.000000
138	tsk_138	(x)	1	:	0.000000	0.000180	0.000000	0.999820	0.000000	0.000000	0.000000
139	tsk_139	(x)	1	:	0.000000	0.995376	0.000000	0.004624	0.000000	0.000000	0.000000
140	tsk_140	(x)	1	:	0.571024	0.000000	0.000000	0.000001	0.000000	0.000000	0.428976
141	tsk_141	(x)	1	:	0.544700	0.000000	0.455300	0.000000	0.000000	0.000000	0.000000
142	tsk_142	(x)	1	:	0.577368	0.422626	0.000000	0.000006	0.000000	0.000000	0.000000
143	tsk_143	(x)	1	:	0.656850	0.000000	0.000000	0.343150	0.000000	0.000000	0.000000
144	tsk_144	(x)	1	:	0.000000	0.000000	0.000000	0.000000	0.000000	0.000000	0.999999
145	tsk_145	(x)	1	:	0.000000	0.001270	0.000007	0.998723	0.000000	0.000000	0.000000
146	tsk_146	(x)	1	:	0.000000	0.000001	0.562107	0.000130	0.028980	0.408782	0.000000
147	tsk_147	(x)	1	:	0.000000	0.000000	0.499998	0.000002	0.499996	0.000003	0.000000
148	tsk_148	(x)	1	:	0.000000	0.000000	0.000000	0.388007	0.000000	0.000000	0.611993
149	tsk_149	(x)	1	:	0.000000	0.453045	0.546885	0.000070	0.000000	0.000000	0.000000
