logL = -1093.503101 (converged)
AIC = 4083.006201
BIC = 6937.088460

count.K
33 31 18 22 36 10 

