logL = -794.939581 (converged)
AIC = 5753.879161
BIC = 12022.021844

count.K
30 3 2 2 22 2 24 8 29 13 1 14 

