logL = -5132.274068 (converged)
AIC = 16404.548137
BIC = 25647.198490

count.K
5 1 11 10 22 3 2 14 9 11 21 13 15 13 

