logL = -814.669907 (converged)
AIC = 6669.339814
BIC = 14256.140755

count.K
28 3 5 14 1 1 9 20 0 6 30 10 4 10 9 

