0	tsk_0	(x)	1	:	0.000000	0.496551	0.000000	0.296280	0.000000	0.000000	0.000000	0.000000	0.000000	0.000000	0.000000	0.000000	0.000000	0.207168
1	tsk_1	(x)	1	:	0.000000	0.000000	0.000000	0.996227	0.000000	0.000000	0.000000	0.000000	0.000000	0.000000	0.000000	0.000000	0.000000	0.003773
2	tsk_2	(x)	1	:	0.000000	0.000000	0.000000	0.000856	0.000000	0.000000	0.000000	0.000000	0.999111	0.000000	0.000000	0.000000	0.000000	0.000033
3	tsk_3	(x)	1	:	0.000000	0.000000	0.000000	0.096788	0.499986	0.000000	0.000000	0.000000	0.000000	0.000000	0.000000	0.000000	0.000000	0.403226
4	tsk_4	(x)	1	:	0.000000	0.000000	1.000000	0.000000	0.000000	0.000000	0.000000	0.000000	0.000000	0.000000	0.000000	0.000000	0.000000	0.000000
5	tsk_5	(x)	1	:	0.000000	0.000000	0.000000	0.987749	0.000000	0.000000	0.000000	0.000000	0.000000	0.000000	0.000000	0.000000	0.000000	0.012251
6	tsk_6	(x)	1	:	0.000000	0.000000	0.000000	0.148377	0.499998	0.000000	0.000000	0.000000	0.000000	0.000000	0.000000	0.000000	0.000000	0.351625
7	tsk_7	(x)	1	:	0.000000	0.000000	0.000000	0.774089	0.000000	0.000000	0.000000	0.000000	0.000000	0.000000	0.000000	0.000000	0.000000	0.225911
8	tsk_8	(x)	1	:	0.413406	0.096893	0.000000	0.111985	0.000000	0.000000	0.000000	0.000000	0.000000	0.000000	0.000000	0.000806	0.000000	0.376910
9	tsk_9	(x)	1	:	0.000000	0.000000	0.000000	0.933555	0.000000	0.000000	0.000000	0.000000	0.000000	0.000000	0.000000	0.000000	0.000000	0.066445
10	tsk_10	(x)	1	:	0.000000	0.000000	0.000000	0.323143	0.000000	0.000000	0.000000	0.000000	0.000000	0.000000	0.000000	0.494568	0.000000	0.182289
11	tsk_11	(x)	1	:	0.000000	0.000000	0.000000	0.861453	0.000000	0.000000	0.000000	0.000000	0.000000	0.000000	0.000000	0.000000	0.000000	0.138546
12	tsk_12	(x)	1	:	0.000000	0.000000	0.000000	0.097392	0.000000	0.000000	0.000000	0.000000	0.000000	0.000000	0.000000	0.494567	0.000000	0.408041
13	tsk_13	(x)	1	:	0.000000	0.000000	0.000000	0.898810	0.000000	0.000000	0.000000	0.000000	0.000000	0.000000	0.000000	0.000000	0.000000	0.101190
14	tsk_14	(x)	1	:	0.000000	0.000000	0.000000	0.139736	0.499999	0.000000	0.000000	0.000000	0.000000	0.000000	0.000000	0.000000	0.000000	0.360265
15	tsk_15	(x)	1	:	0.000000	0.496551	0.000000	0.122947	0.000000	0.000000	0.000000	0.000000	0.000000	0.000000	0.000000	0.000000	0.000000	0.380501
16	tsk_16	(x)	1	:	0.000000	0.000000	0.000000	0.868700	0.000000	0.000000	0.000000	0.000000	0.000000	0.000000	0.000000	0.000000	0.000000	0.131299
17	tsk_17	(x)	1	:	0.000000	0.000000	0.000000	0.793330	0.000000	0.000000	0.000000	0.000000	0.000000	0.000000	0.000000	0.000000	0.000000	0.206670
18	tsk_18	(x)	1	:	0.000000	0.523854	0.000000	0.000000	0.000000	0.000000	0.000000	0.000000	0.000000	0.000000	0.000000	0.476146	0.000000	0.000000
19	tsk_19	(x)	1	:	0.000000	0.523854	0.000000	0.000000	0.000000	0.000000	0.000000	0.000000	0.000000	0.000000	0.000000	0.476146	0.000000	0.000000
20	tsk_20	(x)	1	:	0.000000	0.000000	0.000000	0.195793	0.499999	0.000000	0.000000	0.000000	0.000000	0.000000	0.000000	0.000000	0.000000	0.304208
21	tsk_21	(x)	1	:	0.000000	0.513697	0.000000	0.044187	0.000000	0.000000	0.000000	0.000000	0.000000	0.000000	0.000000	0.000000	0.000000	0.442117
22	tsk_22	(x)	1	:	0.000000	0.000000	0.000000	0.792484	0.000000	0.000000	0.000000	0.000000	0.000000	0.000000	0.000000	0.000000	0.000000	0.207516
23	tsk_23	(x)	1	:	0.000000	0.000000	0.000000	0.429051	0.000000	0.000000	0.000000	0.570949	0.000000	0.000000	0.000000	0.000000	0.000000	0.000000
24	tsk_24	(x)	1	:	0.000000	0.000000	0.355168	0.000000	0.000000	0.000000	0.000000	0.644832	0.000000	0.000000	0.000000	0.000000	0.000000	0.000000
25	tsk_25	(x)	1	:	0.000000	0.000000	0.000000	0.090561	0.499997	0.000000	0.000000	0.000000	0.000000	0.000000	0.000000	0.000000	0.000000	0.409442
26	tsk_26	(x)	1	:	0.000000	0.000000	0.000000	0.224112	0.499996	0.000000	0.000000	0.000000	0.000000	0.000000	0.000000	0.000000	0.000000	0.275891
27	tsk_27	(x)	1	:	0.000000	0.000000	0.000000	0.429329	0.000000	0.000000	0.000000	0.570671	0.000000	0.000000	0.000000	0.000000	0.000000	0.000000
28	tsk_28	(x)	1	:	0.000000	0.000000	0.000000	0.456371	0.000000	0.000000	0.000000	0.000000	0.000000	0.000000	0.000000	0.000000	0.000000	0.543629
29	tsk_29	(x)	1	:	0.000000	0.000000	0.000000	0.887247	0.000000	0.000000	0.000000	0.000000	0.000000	0.000000	0.000000	0.000000	0.000000	0.112752
30	tsk_30	(x)	1	:	0.000000	0.000000	0.000000	0.000000	0.000000	0.000000	0.000000	0.000000	0.000000	0.000000	0.000000	1.000000	0.000000	0.000000
31	tsk_31	(x)	1	:	0.000000	1.000000	0.000000	0.000000	0.000000	0.000000	0.000000	0.000000	0.000000	0.000000	0.000000	0.000000	0.000000	0.000000
32	tsk_32	(x)	1	:	0.000000	0.496551	0.000000	0.262014	0.000000	0.000000	0.000000	0.000000	0.000000	0.000000	0.000000	0.000000	0.000000	0.241435
33	tsk_33	(x)	1	:	0.000000	0.496551	0.000000	0.050693	0.000000	0.000000	0.000000	0.000000	0.000000	0.000000	0.000000	0.000000	0.000000	0.452756
34	tsk_34	(x)	1	:	0.000000	0.000000	0.000000	0.517693	0.000000	0.000000	0.409068	0.000000	0.000000	0.000000	0.000000	0.000000	0.000000	0.073239
35	tsk_35	(x)	1	:	0.000000	0.523854	0.000000	0.000000	0.000000	0.000000	0.000000	0.000000	0.000000	0.000000	0.000000	0.476146	0.000000	0.000000
36	tsk_36	(x)	1	:	0.000000	0.496550	0.000000	0.295593	0.000000	0.000000	0.000000	0.000000	0.000000	0.000000	0.000000	0.000000	0.000000	0.207856
37	tsk_37	(x)	1	:	0.708295	0.291705	0.000000	0.000000	0.000000	0.000000	0.000000	0.000000	0.000000	0.000000	0.000000	0.000000	0.000000	0.000000
38	tsk_38	(x)	1	:	0.000000	0.496479	0.000000	0.024707	0.000000	0.000000	0.408246	0.000000	0.000000	0.000000	0.000000	0.000000	0.000000	0.070568
39	tsk_39	(x)	1	:	0.000000	1.000000	0.000000	0.000000	0.000000	0.000000	0.000000	0.000000	0.000000	0.000000	0.000000	0.000000	0.000000	0.000000
40	tsk_40	(x)	1	:	0.000000	0.000000	0.000000	0.059682	0.000000	0.000000	0.000000	0.000000	0.000000	0.000000	0.000000	0.494566	0.000000	0.445751
41	tsk_41	(x)	1	:	0.000000	0.000000	0.000000	0.295441	0.000000	0.000000	0.000000	0.000000	0.000000	0.000000	0.000000	0.514273	0.000000	0.190286
42	tsk_42	(x)	1	:	0.000000	0.000000	0.000000	0.000000	0.000000	0.000000	0.000000	0.000000	0.000000	0.000000	0.000000	1.000000	0.000000	0.000000
43	tsk_43	(x)	1	:	0.000000	0.000000	0.000000	0.000000	0.000000	0.000000	0.000000	0.000000	0.000000	0.000000	0.000000	1.000000	0.000000	0.000000
44	tsk_44	(x)	1	:	0.000000	0.496553	0.000000	0.131418	0.000000	0.000000	0.000000	0.000000	0.000000	0.000000	0.000000	0.000000	0.000000	0.372029
45	tsk_45	(x)	1	:	0.000000	0.000000	0.000000	0.156609	0.000000	0.000000	0.000000	0.000000	0.000000	0.000000	0.000000	0.514274	0.000000	0.329117
46	tsk_46	(x)	1	:	0.000000	0.523854	0.000000	0.000000	0.000000	0.000000	0.000000	0.000000	0.000000	0.000000	0.000000	0.476146	0.000000	0.000000
47	tsk_47	(x)	1	:	0.000000	0.000000	0.000000	0.000000	0.000000	0.000000	0.000000	0.000000	0.000000	0.000000	0.000000	1.000000	0.000000	0.000000
48	tsk_48	(x)	1	:	0.000000	0.000000	0.000000	0.000000	0.000000	0.000000	0.000000	0.000000	0.000000	0.000000	0.000000	1.000000	0.000000	0.000000
49	tsk_49	(x)	1	:	0.000000	0.000000	0.000000	0.157249	0.000000	0.000000	0.000000	0.000000	0.000000	0.000000	0.000000	0.494567	0.000000	0.348184
50	tsk_50	(x)	1	:	0.000000	0.000000	0.000000	0.919132	0.000000	0.000000	0.000000	0.000000	0.000000	0.000000	0.000000	0.000000	0.000000	0.080868
51	tsk_51	(x)	1	:	0.000000	0.000000	0.000000	0.474582	0.000000	0.000000	0.000000	0.000000	0.000000	0.000000	0.000000	0.000000	0.000000	0.525418
52	tsk_52	(x)	1	:	0.000000	0.000000	0.000000	0.399048	0.000000	0.000000	0.000000	0.000000	0.000000	0.000000	0.000000	0.000000	0.000000	0.600952
53	tsk_53	(x)	1	:	0.000000	0.000000	0.000000	0.243949	0.499999	0.000000	0.000000	0.000000	0.000000	0.000000	0.000000	0.000000	0.000000	0.256052
54	tsk_54	(x)	1	:	0.000000	0.000000	0.000000	0.794941	0.000000	0.000000	0.000000	0.000000	0.000000	0.000000	0.000000	0.000000	0.000000	0.205059
55	tsk_55	(x)	1	:	0.000000	0.000000	0.000000	1.000000	0.000000	0.000000	0.000000	0.000000	0.000000	0.000000	0.000000	0.000000	0.000000	0.000000
56	tsk_56	(x)	1	:	0.000000	0.000000	0.000000	0.883869	0.000000	0.000000	0.000000	0.000000	0.000000	0.000000	0.000000	0.000000	0.000000	0.116131
57	tsk_57	(x)	1	:	0.000000	0.000000	0.000000	0.825067	0.000000	0.000000	0.000000	0.000000	0.000000	0.000000	0.000000	0.000000	0.000000	0.174933
58	tsk_58	(x)	1	:	0.000000	0.513700	0.000000	0.057944	0.000000	0.000000	0.000000	0.000000	0.000000	0.000000	0.000000	0.000000	0.000000	0.428355
59	tsk_59	(x)	1	:	0.000000	0.000000	0.000000	0.785550	0.000000	0.000000	0.000000	0.000000	0.000000	0.000000	0.000000	0.000000	0.000000	0.214450
60	tsk_60	(x)	1	:	0.000000	0.000000	0.000000	0.552391	0.000000	0.000000	0.409226	0.000000	0.000000	0.000000	0.000000	0.000000	0.000000	0.038383
61	tsk_61	(x)	1	:	1.000000	0.000000	0.000000	0.000000	0.000000	0.000000	0.000000	0.000000	0.000000	0.000000	0.000000	0.000000	0.000000	0.000000
62	tsk_62	(x)	1	:	0.000000	0.000000	0.000000	0.438676	0.000000	0.000000	0.409227	0.000000	0.000000	0.000000	0.000000	0.000000	0.000000	0.152097
63	tsk_63	(x)	1	:	0.000000	0.000000	0.000000	0.000000	0.000000	0.000000	1.000000	0.000000	0.000000	0.000000	0.000000	0.000000	0.000000	0.000000
64	tsk_64	(x)	1	:	0.413360	0.097459	0.000000	0.235151	0.000000	0.000000	0.000000	0.000000	0.000000	0.000000	0.000000	0.000249	0.000000	0.253781
65	tsk_65	(x)	1	:	0.000000	0.000000	0.000000	0.244522	0.000000	0.000000	0.620636	0.000000	0.000000	0.000000	0.000000	0.000000	0.000000	0.134842
66	tsk_66	(x)	1	:	0.512765	0.000000	0.000000	0.000000	0.000000	0.000000	0.487235	0.000000	0.000000	0.000000	0.000000	0.000000	0.000000	0.000000
67	tsk_67	(x)	1	:	0.000000	0.000000	0.000000	0.846026	0.000000	0.000000	0.000000	0.000000	0.000000	0.000000	0.000000	0.000000	0.000000	0.153974
68	tsk_68	(x)	1	:	0.000000	0.000000	0.000000	0.336928	0.499998	0.000000	0.000000	0.000000	0.000000	0.000000	0.000000	0.000000	0.000000	0.163073
69	tsk_69	(x)	1	:	0.000000	0.000000	0.000000	0.864789	0.000000	0.000000	0.000000	0.000000	0.000000	0.000000	0.000000	0.000000	0.000000	0.135211
70	tsk_70	(x)	1	:	0.413555	0.097304	0.000000	0.186292	0.000000	0.000000	0.000000	0.000000	0.000000	0.000000	0.000000	0.000196	0.000000	0.302654
71	tsk_71	(x)	1	:	0.000000	0.000000	0.000000	0.861837	0.000000	0.000000	0.000000	0.000000	0.000000	0.000000	0.000000	0.000000	0.000000	0.138163
72	tsk_72	(x)	1	:	0.000000	0.000000	0.000000	0.814019	0.000000	0.000000	0.000000	0.000000	0.000000	0.000000	0.000000	0.000000	0.000000	0.185981
73	tsk_73	(x)	1	:	0.000000	0.000000	0.000000	0.322000	0.000000	0.000000	0.620800	0.000000	0.000000	0.000000	0.000000	0.000000	0.000000	0.057200
74	tsk_74	(x)	1	:	0.000000	0.000000	0.000000	0.000000	0.000000	0.000000	1.000000	0.000000	0.000000	0.000000	0.000000	0.000000	0.000000	0.000000
75	tsk_75	(x)	1	:	0.000000	0.496517	0.000000	0.032581	0.000000	0.000000	0.408826	0.000000	0.000000	0.000000	0.000000	0.000000	0.000000	0.062075
76	tsk_76	(x)	1	:	0.000000	0.000000	0.000000	0.839989	0.000000	0.000000	0.000000	0.000000	0.000000	0.000000	0.000000	0.000000	0.000000	0.160011
77	tsk_77	(x)	1	:	0.000000	0.000000	0.000000	0.300293	0.000000	0.000000	0.620744	0.000000	0.000000	0.000000	0.000000	0.000000	0.000000	0.078963
78	tsk_78	(x)	1	:	0.000000	0.496538	0.000000	0.285177	0.000000	0.000000	0.000000	0.000000	0.000000	0.000000	0.000000	0.000000	0.000000	0.218286
79	tsk_79	(x)	1	:	0.000000	0.000000	0.000000	0.590969	0.000000	0.000000	0.409031	0.000000	0.000000	0.000000	0.000000	0.000000	0.000000	0.000000
80	tsk_80	(x)	1	:	0.000000	0.496546	0.000000	0.184628	0.000000	0.000000	0.000000	0.000000	0.000000	0.000000	0.000000	0.000011	0.000000	0.318815
81	tsk_81	(x)	1	:	0.000000	0.000000	0.000000	0.553623	0.000000	0.373762	0.000000	0.000000	0.000000	0.000000	0.000000	0.000000	0.000000	0.072614
82	tsk_82	(x)	1	:	0.000000	0.000000	0.000000	0.138405	0.500000	0.000000	0.000000	0.000000	0.000000	0.000000	0.000000	0.000000	0.000000	0.361595
83	tsk_83	(x)	1	:	0.000000	0.496552	0.000000	0.149824	0.000000	0.000000	0.000000	0.000000	0.000000	0.000000	0.000000	0.000000	0.000000	0.353624
84	tsk_84	(x)	1	:	0.000000	0.000000	0.000000	0.004029	0.000000	0.000000	0.000000	0.000000	0.000000	0.000000	0.995295	0.000000	0.000000	0.000675
85	tsk_85	(x)	1	:	0.000000	1.000000	0.000000	0.000000	0.000000	0.000000	0.000000	0.000000	0.000000	0.000000	0.000000	0.000000	0.000000	0.000000
86	tsk_86	(x)	1	:	0.000000	0.000000	0.000000	0.515104	0.000000	0.000000	0.409207	0.000000	0.000000	0.000000	0.000000	0.000000	0.000000	0.075689
87	tsk_87	(x)	1	:	0.000000	0.496554	0.000000	0.408866	0.000000	0.000000	0.000000	0.000000	0.000000	0.000000	0.000000	0.000000	0.000000	0.094580
88	tsk_88	(x)	1	:	0.000000	0.496550	0.000000	0.058267	0.000000	0.000000	0.000000	0.000000	0.000000	0.000000	0.000000	0.000000	0.000000	0.445183
89	tsk_89	(x)	1	:	0.000000	0.496554	0.000000	0.067942	0.000000	0.000000	0.000000	0.000000	0.000000	0.000000	0.000000	0.000000	0.000000	0.435504
90	tsk_90	(x)	1	:	0.000000	0.000000	0.000000	0.145356	0.000000	0.000000	0.000000	0.000000	0.000000	0.000000	0.000000	0.494567	0.000000	0.360076
91	tsk_91	(x)	1	:	0.375340	0.133899	0.000000	0.196871	0.000000	0.000000	0.000000	0.000000	0.000000	0.000000	0.000000	0.000195	0.000000	0.293694
92	tsk_92	(x)	1	:	0.000000	0.000000	0.000000	0.122222	0.000000	0.000000	0.000000	0.000000	0.000000	0.000000	0.000000	0.494567	0.000000	0.383210
93	tsk_93	(x)	1	:	0.000000	1.000000	0.000000	0.000000	0.000000	0.000000	0.000000	0.000000	0.000000	0.000000	0.000000	0.000000	0.000000	0.000000
94	tsk_94	(x)	1	:	0.000000	0.513542	0.000000	0.211647	0.000000	0.000000	0.000000	0.000000	0.000000	0.000000	0.000000	0.000000	0.000000	0.274810
95	tsk_95	(x)	1	:	0.000000	0.496554	0.000000	0.145218	0.000000	0.000000	0.000000	0.000000	0.000000	0.000000	0.000000	0.000000	0.000000	0.358228
96	tsk_96	(x)	1	:	0.000000	0.496553	0.000000	0.129605	0.000000	0.000000	0.000000	0.000000	0.000000	0.000000	0.000000	0.000000	0.000000	0.373842
97	tsk_97	(x)	1	:	0.000000	0.000000	0.000000	0.881165	0.000000	0.000000	0.000000	0.000000	0.000000	0.000000	0.000000	0.000000	0.000000	0.118835
98	tsk_98	(x)	1	:	0.000000	0.000000	0.000000	0.181368	0.000000	0.000000	0.000000	0.000000	0.000000	0.000000	0.000000	0.494566	0.000000	0.324066
99	tsk_99	(x)	1	:	0.000000	0.000000	0.000000	0.258265	0.000000	0.000000	0.000000	0.000000	0.000000	0.000000	0.000000	0.494567	0.000000	0.247168
100	tsk_100	(x)	1	:	0.413461	0.097087	0.000000	0.220705	0.000000	0.000000	0.000000	0.000000	0.000000	0.000000	0.000000	0.000535	0.000000	0.268212
101	tsk_101	(x)	1	:	0.000000	1.000000	0.000000	0.000000	0.000000	0.000000	0.000000	0.000000	0.000000	0.000000	0.000000	0.000000	0.000000	0.000000
102	tsk_102	(x)	1	:	0.413893	0.097126	0.000000	0.143024	0.000000	0.000000	0.000000	0.000000	0.000000	0.000000	0.000000	0.000000	0.000000	0.345957
103	tsk_103	(x)	1	:	0.413437	0.097301	0.000000	0.192254	0.000000	0.000000	0.000000	0.000000	0.000000	0.000000	0.000000	0.000332	0.000000	0.296677
104	tsk_104	(x)	1	:	0.000000	0.000000	0.000000	0.865145	0.000000	0.000000	0.000000	0.000000	0.000000	0.000000	0.000000	0.000000	0.000000	0.134855
105	tsk_105	(x)	1	:	0.000000	1.000000	0.000000	0.000000	0.000000	0.000000	0.000000	0.000000	0.000000	0.000000	0.000000	0.000000	0.000000	0.000000
106	tsk_106	(x)	1	:	0.000000	0.496553	0.000000	0.315646	0.000000	0.000000	0.000000	0.000000	0.000000	0.000000	0.000000	0.000000	0.000000	0.187801
107	tsk_107	(x)	1	:	0.000000	0.000000	0.000000	0.967513	0.000000	0.000000	0.000000	0.000000	0.000000	0.000000	0.000000	0.000000	0.000000	0.032487
108	tsk_108	(x)	1	:	0.000000	1.000000	0.000000	0.000000	0.000000	0.000000	0.000000	0.000000	0.000000	0.000000	0.000000	0.000000	0.000000	0.000000
109	tsk_109	(x)	1	:	0.000000	0.496555	0.000000	0.175610	0.000000	0.000000	0.000000	0.000000	0.000000	0.000000	0.000000	0.000000	0.000000	0.327835
110	tsk_110	(x)	1	:	0.000000	0.000000	0.000000	0.000000	1.000000	0.000000	0.000000	0.000000	0.000000	0.000000	0.000000	0.000000	0.000000	0.000000
111	tsk_111	(x)	1	:	0.000000	0.000000	0.000000	0.000000	1.000000	0.000000	0.000000	0.000000	0.000000	0.000000	0.000000	0.000000	0.000000	0.000000
112	tsk_112	(x)	1	:	0.000000	0.513615	0.000000	0.047472	0.000000	0.000000	0.408127	0.000000	0.000000	0.000000	0.000000	0.000000	0.000000	0.030786
113	tsk_113	(x)	1	:	0.000000	0.000000	0.000000	0.000036	0.500003	0.499870	0.000000	0.000000	0.000000	0.000000	0.000000	0.000000	0.000000	0.000092
114	tsk_114	(x)	1	:	0.000000	0.003691	0.000000	0.000000	0.523927	0.000000	0.000000	0.000000	0.000000	0.000000	0.000000	0.472382	0.000000	0.000000
115	tsk_115	(x)	1	:	1.000000	0.000000	0.000000	0.000000	0.000000	0.000000	0.000000	0.000000	0.000000	0.000000	0.000000	0.000000	0.000000	0.000000
116	tsk_116	(x)	1	:	0.000000	0.000000	0.000000	0.000000	1.000000	0.000000	0.000000	0.000000	0.000000	0.000000	0.000000	0.000000	0.000000	0.000000
117	tsk_117	(x)	1	:	0.000000	0.496544	0.000000	0.300316	0.000000	0.000000	0.000000	0.000000	0.000000	0.000000	0.000000	0.000000	0.000000	0.203140
118	tsk_118	(x)	1	:	0.000000	0.000000	0.000000	0.234302	0.000000	0.000000	0.000000	0.000000	0.000000	0.000000	0.000000	0.494567	0.000000	0.271130
119	tsk_119	(x)	1	:	0.000000	0.000000	0.000000	0.000000	1.000000	0.000000	0.000000	0.000000	0.000000	0.000000	0.000000	0.000000	0.000000	0.000000
120	tsk_120	(x)	1	:	0.000000	0.000000	0.000000	0.437646	0.000000	0.000000	0.409211	0.000000	0.000000	0.000000	0.000000	0.000000	0.000000	0.153143
121	tsk_121	(x)	1	:	0.000000	0.490464	0.000000	0.000000	0.000000	0.000000	0.000000	0.509536	0.000000	0.000000	0.000000	0.000000	0.000000	0.000000
122	tsk_122	(x)	1	:	0.000000	0.496520	0.000000	0.014810	0.000000	0.000000	0.408867	0.000000	0.000000	0.000000	0.000000	0.000000	0.000000	0.079804
123	tsk_123	(x)	1	:	0.000000	0.496526	0.000000	0.057434	0.000000	0.000000	0.408958	0.000000	0.000000	0.000000	0.000000	0.000000	0.000000	0.037082
124	tsk_124	(x)	1	:	0.000000	0.490464	0.000000	0.000000	0.000000	0.000000	0.000000	0.509536	0.000000	0.000000	0.000000	0.000000	0.000000	0.000000
125	tsk_125	(x)	1	:	0.000000	0.000000	0.000000	0.429054	0.000000	0.000000	0.000000	0.570946	0.000000	0.000000	0.000000	0.000000	0.000000	0.000000
126	tsk_126	(x)	1	:	0.000000	0.000000	0.000000	0.000000	0.000000	0.000000	0.000000	0.000000	0.000000	1.000000	0.000000	0.000000	0.000000	0.000000
127	tsk_127	(x)	1	:	0.000000	0.000000	0.000000	0.436094	0.000000	0.000000	0.000000	0.000000	0.000000	0.499666	0.000000	0.000000	0.000000	0.064240
128	tsk_128	(x)	1	:	0.000000	0.496554	0.000000	0.174573	0.000000	0.000000	0.000000	0.000000	0.000000	0.000000	0.000000	0.000000	0.000000	0.328873
129	tsk_129	(x)	1	:	0.000000	0.000000	0.000000	0.429121	0.000000	0.000000	0.000000	0.570879	0.000000	0.000000	0.000000	0.000000	0.000000	0.000000
130	tsk_130	(x)	1	:	0.000000	0.000000	0.000000	0.029935	0.000000	0.000000	0.000000	0.000000	0.000000	0.000000	0.000000	0.000000	0.963851	0.006214
131	tsk_131	(x)	1	:	0.000000	0.000000	0.000000	0.733466	0.000000	0.000000	0.000000	0.000000	0.000000	0.000000	0.000000	0.000000	0.000000	0.266534
132	tsk_132	(x)	1	:	0.000000	0.513551	0.000000	0.115313	0.000000	0.000000	0.000000	0.000000	0.000000	0.000000	0.000000	0.000000	0.000000	0.371136
133	tsk_133	(x)	1	:	0.375415	0.133996	0.000000	0.137247	0.000000	0.000000	0.000000	0.000000	0.000000	0.000000	0.000000	0.000000	0.000000	0.353342
134	tsk_134	(x)	1	:	0.000000	0.513543	0.000000	0.040285	0.000000	0.000000	0.000000	0.000000	0.000000	0.000000	0.000000	0.000000	0.000000	0.446172
135	tsk_135	(x)	1	:	0.000000	0.000000	0.000000	1.000000	0.000000	0.000000	0.000000	0.000000	0.000000	0.000000	0.000000	0.000000	0.000000	0.000000
136	tsk_136	(x)	1	:	0.000000	0.000000	0.000000	0.039151	0.000000	0.000000	0.000000	0.000000	0.000000	0.000000	0.000000	0.000000	0.959337	0.001512
137	tsk_137	(x)	1	:	0.000000	0.000000	0.000000	0.926879	0.000000	0.000000	0.000000	0.000000	0.000000	0.000000	0.000000	0.000000	0.000000	0.073121
138	tsk_138	(x)	1	:	0.000000	0.513545	0.000000	0.213986	0.000000	0.000000	0.000000	0.000000	0.000000	0.000000	0.000000	0.000000	0.000000	0.272469
139	tsk_139	(x)	1	:	0.000000	0.000000	0.000000	0.031145	0.000000	0.000000	0.000000	0.000000	0.000000	0.000000	0.000000	0.000000	0.964323	0.004532
140	tsk_140	(x)	1	:	0.000000	0.474292	0.000000	0.000000	0.525708	0.000000	0.000000	0.000000	0.000000	0.000000	0.000000	0.000000	0.000000	0.000000
141	tsk_141	(x)	1	:	0.000000	0.000000	0.000000	0.000037	0.500003	0.499870	0.000000	0.000000	0.000000	0.000000	0.000000	0.000000	0.000000	0.000090
142	tsk_142	(x)	1	:	0.000000	0.000000	0.000000	0.122665	0.000000	0.000000	0.000000	0.000000	0.000000	0.000000	0.000000	0.494567	0.000000	0.382768
143	tsk_143	(x)	1	:	0.000000	0.513700	0.000000	0.179107	0.000000	0.000000	0.000000	0.000000	0.000000	0.000000	0.000000	0.000000	0.000000	0.307193
144	tsk_144	(x)	1	:	0.000000	0.000000	0.000000	0.023791	0.000000	0.000000	0.000000	0.000000	0.000000	0.000000	0.000000	0.000000	0.960877	0.015331
145	tsk_145	(x)	1	:	0.000000	0.513697	0.000000	0.154213	0.000000	0.000000	0.000000	0.000000	0.000000	0.000000	0.000000	0.000000	0.000000	0.332090
146	tsk_146	(x)	1	:	0.000000	0.000000	0.000000	0.690166	0.000000	0.000000	0.000000	0.000000	0.000000	0.000000	0.000000	0.000000	0.000000	0.309834
147	tsk_147	(x)	1	:	0.000000	0.000000	0.000000	0.000057	0.500002	0.499851	0.000000	0.000000	0.000000	0.000000	0.000000	0.000000	0.000000	0.000090
148	tsk_148	(x)	1	:	0.000000	0.513699	0.000000	0.312524	0.000000	0.000000	0.000000	0.000000	0.000000	0.000000	0.000000	0.000000	0.000000	0.173777
149	tsk_149	(x)	1	:	0.956786	0.043214	0.000000	0.000000	0.000000	0.000000	0.000000	0.000000	0.000000	0.000000	0.000000	0.000000	0.000000	0.000000
