logL = -1296.826491 (converged)
AIC = 6113.652982
BIC = 11412.371099

count.K
10 0 29 50 4 6 32 3 2 14 

