logL = -2047.506031 (converged)
AIC = 9645.012062
BIC = 17999.525003

count.K
18 2 3 18 4 15 15 7 20 2 5 17 14 10 0 

