logL = -1195.246567 (converged)
AIC = 6050.493135
BIC = 11559.955723

count.K
6 2 3 40 0 15 12 2 45 12 13 

