logL = -2790.847348 (converged)
AIC = 6517.694697
BIC = 7926.672014

count.K
67 61 22 

