logL = -1332.688965 (converged)
AIC = 5929.377930
BIC = 10842.734730

count.K
22 38 21 15 6 13 10 25 0 

