0	tsk_0	(x)	1	:	0.000000	0.000000	0.000000	0.000000	0.000000	0.166667	0.833333	0.000000	0.000000
1	tsk_1	(x)	1	:	0.000000	0.000000	0.000000	0.000000	0.000000	0.000000	0.372056	0.358187	0.269758
2	tsk_2	(x)	1	:	0.000000	0.000000	0.493929	0.000000	0.000000	0.000000	0.236318	0.000000	0.269753
3	tsk_3	(x)	1	:	0.000000	0.000000	0.000000	0.000000	0.000000	0.499913	0.230429	0.000000	0.269658
4	tsk_4	(x)	1	:	0.000000	0.000000	0.433993	0.000000	0.000000	0.000000	0.000000	0.566007	0.000000
5	tsk_5	(x)	1	:	0.000000	0.000000	0.433993	0.000000	0.000000	0.000000	0.000000	0.566007	0.000000
6	tsk_6	(x)	1	:	0.000000	0.000000	0.493931	0.000000	0.000000	0.000000	0.236312	0.000000	0.269758
7	tsk_7	(x)	1	:	0.000000	0.000000	1.000000	0.000000	0.000000	0.000000	0.000000	0.000000	0.000000
8	tsk_8	(x)	1	:	0.000000	0.000000	0.000000	0.000000	0.000000	0.000000	0.306552	0.693448	0.000000
9	tsk_9	(x)	1	:	0.000000	0.000000	0.000000	0.000000	0.000000	0.000000	0.306563	0.693437	0.000000
10	tsk_10	(x)	1	:	0.000000	1.000000	0.000000	0.000000	0.000000	0.000000	0.000000	0.000000	0.000000
11	tsk_11	(x)	1	:	0.000000	0.536760	0.000000	0.000000	0.000000	0.463230	0.000010	0.000000	0.000000
12	tsk_12	(x)	1	:	0.000000	0.000000	0.000000	0.000000	0.999969	0.000000	0.000031	0.000000	0.000000
13	tsk_13	(x)	1	:	0.000000	0.000000	0.000000	0.000000	0.000000	1.000000	0.000000	0.000000	0.000000
14	tsk_14	(x)	1	:	0.000000	0.536761	0.000000	0.000000	0.000000	0.463230	0.000009	0.000000	0.000000
15	tsk_15	(x)	1	:	0.000000	0.000000	0.000000	0.000000	0.000000	1.000000	0.000000	0.000000	0.000000
16	tsk_16	(x)	1	:	0.000000	0.000000	0.000000	0.000000	0.000000	0.500021	0.141473	0.358506	0.000000
17	tsk_17	(x)	1	:	0.000000	0.000000	0.000000	0.000000	0.000000	1.000000	0.000000	0.000000	0.000000
18	tsk_18	(x)	1	:	0.000000	0.517337	0.000000	0.000000	0.000000	0.000000	0.000001	0.482662	0.000000
19	tsk_19	(x)	1	:	0.000000	1.000000	0.000000	0.000000	0.000000	0.000000	0.000000	0.000000	0.000000
20	tsk_20	(x)	1	:	0.000000	0.000000	0.000000	0.000000	0.000000	0.000000	1.000000	0.000000	0.000000
21	tsk_21	(x)	1	:	0.170820	0.275247	0.000000	0.000000	0.000000	0.000000	0.553933	0.000000	0.000000
22	tsk_22	(x)	1	:	0.000000	0.000000	0.000000	0.000000	0.000000	0.000000	0.074154	0.580632	0.345214
23	tsk_23	(x)	1	:	0.000000	0.000000	0.000000	0.000000	0.999974	0.000000	0.000026	0.000000	0.000000
24	tsk_24	(x)	1	:	0.000000	0.000000	0.000000	0.000000	0.000000	0.000000	0.641601	0.358399	0.000000
25	tsk_25	(x)	1	:	0.000000	0.000000	0.000000	0.000000	0.000000	0.000000	1.000000	0.000000	0.000000
26	tsk_26	(x)	1	:	0.143980	0.377792	0.000000	0.000000	0.000000	0.000000	0.000000	0.478228	0.000000
27	tsk_27	(x)	1	:	0.000000	0.000000	0.000000	0.000000	0.000000	0.000000	0.423839	0.576161	0.000000
28	tsk_28	(x)	1	:	0.170825	0.275262	0.000000	0.000000	0.000000	0.000000	0.553914	0.000000	0.000000
29	tsk_29	(x)	1	:	0.000000	0.000000	0.000000	0.000000	0.000000	0.000000	1.000000	0.000000	0.000000
30	tsk_30	(x)	1	:	0.000000	0.000000	0.493969	0.000000	0.000000	0.000000	0.506031	0.000000	0.000000
31	tsk_31	(x)	1	:	0.000000	0.000000	0.000000	0.000000	0.000000	0.000000	1.000000	0.000000	0.000000
32	tsk_32	(x)	1	:	0.000000	0.000000	0.000000	0.000000	0.000000	0.500000	0.500000	0.000000	0.000000
33	tsk_33	(x)	1	:	0.000000	0.000000	0.000000	0.000000	0.000000	0.000000	1.000000	0.000000	0.000000
34	tsk_34	(x)	1	:	0.000000	0.000000	0.000000	0.000000	0.000000	0.000000	1.000000	0.000000	0.000000
35	tsk_35	(x)	1	:	0.512877	0.000000	0.487123	0.000000	0.000000	0.000000	0.000000	0.000000	0.000000
36	tsk_36	(x)	1	:	0.000000	0.000000	0.000000	0.000000	0.000000	0.000000	1.000000	0.000000	0.000000
37	tsk_37	(x)	1	:	0.000000	0.000000	1.000000	0.000000	0.000000	0.000000	0.000000	0.000000	0.000000
38	tsk_38	(x)	1	:	0.000000	0.000000	0.493969	0.000000	0.000000	0.000000	0.506031	0.000000	0.000000
39	tsk_39	(x)	1	:	0.000000	0.000000	0.000000	0.000000	0.000000	0.500000	0.500000	0.000000	0.000000
40	tsk_40	(x)	1	:	0.000000	0.000000	0.000000	0.000000	0.000000	0.473725	0.000010	0.526265	0.000000
41	tsk_41	(x)	1	:	0.000000	0.000000	0.000000	0.000000	0.000000	0.000000	0.641579	0.358421	0.000000
42	tsk_42	(x)	1	:	0.000000	0.000000	0.000000	0.000000	0.000000	0.000000	0.419991	0.580008	0.000000
43	tsk_43	(x)	1	:	0.000000	0.000000	0.000000	0.000000	0.000000	0.000000	0.000000	1.000000	0.000000
44	tsk_44	(x)	1	:	0.461742	0.000000	0.000000	0.000000	0.000000	0.000000	0.000000	0.538258	0.000000
45	tsk_45	(x)	1	:	0.000000	0.000000	0.000000	0.999899	0.000000	0.000000	0.000101	0.000000	0.000000
46	tsk_46	(x)	1	:	0.000000	0.000000	0.000000	0.000000	0.000000	0.000000	0.000000	1.000000	0.000000
47	tsk_47	(x)	1	:	0.000000	0.000000	0.000000	0.000000	0.000000	0.000000	1.000000	0.000000	0.000000
48	tsk_48	(x)	1	:	0.000000	0.000000	0.000000	0.000000	0.000000	0.000000	0.421973	0.578027	0.000000
49	tsk_49	(x)	1	:	0.365242	0.000000	0.000000	0.000000	0.000000	0.000000	0.056684	0.578074	0.000000
50	tsk_50	(x)	1	:	0.000000	0.000000	0.000000	0.000000	0.000000	0.000000	1.000000	0.000000	0.000000
51	tsk_51	(x)	1	:	0.000000	0.999995	0.000000	0.000000	0.000000	0.000000	0.000005	0.000000	0.000000
52	tsk_52	(x)	1	:	0.000000	1.000000	0.000000	0.000000	0.000000	0.000000	0.000000	0.000000	0.000000
53	tsk_53	(x)	1	:	0.000000	0.000000	0.000000	0.000000	0.000000	0.000000	0.070140	0.584568	0.345292
54	tsk_54	(x)	1	:	0.495335	0.000000	0.000000	0.000000	0.000000	0.000000	0.000000	0.504664	0.000000
55	tsk_55	(x)	1	:	0.000000	0.999995	0.000000	0.000000	0.000000	0.000000	0.000005	0.000000	0.000000
56	tsk_56	(x)	1	:	0.000000	0.000000	0.000000	0.000000	0.000000	0.000000	0.000000	1.000000	0.000000
57	tsk_57	(x)	1	:	0.000000	0.380746	0.000000	0.000000	0.000000	0.500015	0.119239	0.000000	0.000000
58	tsk_58	(x)	1	:	0.000000	0.380709	0.000000	0.000000	0.000000	0.000000	0.260840	0.358451	0.000000
59	tsk_59	(x)	1	:	0.000000	0.999989	0.000000	0.000000	0.000000	0.000000	0.000011	0.000000	0.000000
60	tsk_60	(x)	1	:	0.000000	0.380930	0.000000	0.000000	0.000000	0.000000	0.040859	0.578211	0.000000
61	tsk_61	(x)	1	:	0.000000	0.000000	0.493968	0.000000	0.000000	0.000000	0.506032	0.000000	0.000000
62	tsk_62	(x)	1	:	0.000000	0.000000	0.000000	0.000000	0.000000	0.000000	0.421988	0.578012	0.000000
63	tsk_63	(x)	1	:	0.365276	0.000000	0.000000	0.000000	0.000000	0.000000	0.056592	0.578132	0.000000
64	tsk_64	(x)	1	:	0.000000	0.000000	0.000000	0.000000	0.000000	0.000000	0.421970	0.578029	0.000000
65	tsk_65	(x)	1	:	0.000000	0.000000	0.000000	0.000000	0.000000	0.000000	0.302440	0.357909	0.339651
66	tsk_66	(x)	1	:	0.365253	0.000000	0.000000	0.000000	0.000000	0.000000	0.056653	0.578093	0.000000
67	tsk_67	(x)	1	:	0.000000	0.000000	0.493900	0.000000	0.000000	0.000000	0.166358	0.000000	0.339743
68	tsk_68	(x)	1	:	0.000000	0.000000	0.000000	0.000000	0.000000	0.000000	0.072252	0.582509	0.345238
69	tsk_69	(x)	1	:	0.365222	0.000000	0.000000	0.000000	0.000000	0.000000	0.056740	0.578038	0.000000
70	tsk_70	(x)	1	:	0.000000	0.000000	0.000000	0.000000	0.000000	0.000000	0.423834	0.576166	0.000000
71	tsk_71	(x)	1	:	0.365225	0.000000	0.000000	0.000000	0.000000	0.000000	0.276301	0.358474	0.000000
72	tsk_72	(x)	1	:	1.000000	0.000000	0.000000	0.000000	0.000000	0.000000	0.000000	0.000000	0.000000
73	tsk_73	(x)	1	:	0.000000	0.000000	0.493970	0.000000	0.000000	0.000000	0.506030	0.000000	0.000000
74	tsk_74	(x)	1	:	0.000000	0.000000	0.000000	0.000000	0.000000	0.000000	0.730006	0.000000	0.269994
75	tsk_75	(x)	1	:	0.000000	0.000000	1.000000	0.000000	0.000000	0.000000	0.000000	0.000000	0.000000
76	tsk_76	(x)	1	:	0.000000	0.000000	0.493976	0.000000	0.000000	0.000000	0.147564	0.358460	0.000000
77	tsk_77	(x)	1	:	0.000000	0.000000	0.493964	0.000000	0.000000	0.000000	0.147620	0.358416	0.000000
78	tsk_78	(x)	1	:	0.000000	0.000000	1.000000	0.000000	0.000000	0.000000	0.000000	0.000000	0.000000
79	tsk_79	(x)	1	:	0.000000	0.000000	0.000000	0.000000	0.000000	0.000000	1.000000	0.000000	0.000000
80	tsk_80	(x)	1	:	0.000000	0.000000	0.493971	0.000000	0.000000	0.000000	0.506029	0.000000	0.000000
81	tsk_81	(x)	1	:	0.000000	0.000000	0.000000	0.000000	0.000000	0.000000	1.000000	0.000000	0.000000
82	tsk_82	(x)	1	:	0.000000	0.000000	0.000000	0.000000	0.000000	0.000000	1.000000	0.000000	0.000000
83	tsk_83	(x)	1	:	0.000000	0.000000	0.000000	0.000000	0.000000	0.000000	0.302496	0.357881	0.339623
84	tsk_84	(x)	1	:	0.000000	0.000000	1.000000	0.000000	0.000000	0.000000	0.000000	0.000000	0.000000
85	tsk_85	(x)	1	:	0.000000	0.000000	0.000000	0.000000	0.999979	0.000000	0.000021	0.000000	0.000000
86	tsk_86	(x)	1	:	0.000000	0.000000	0.000000	0.000000	0.000000	0.000000	0.659863	0.000000	0.340137
87	tsk_87	(x)	1	:	0.000000	0.000000	0.474137	0.000000	0.000000	0.000000	0.000002	0.525860	0.000000
88	tsk_88	(x)	1	:	0.000000	0.000000	0.000000	0.000000	0.000000	0.466462	0.000000	0.000000	0.533538
89	tsk_89	(x)	1	:	0.000000	0.000000	0.000000	0.000000	0.000000	0.000000	1.000000	0.000000	0.000000
90	tsk_90	(x)	1	:	0.000000	0.000000	0.000000	0.000000	0.000000	0.500019	0.141478	0.358502	0.000000
91	tsk_91	(x)	1	:	0.000000	0.000000	0.000000	0.000000	0.000000	0.000000	0.641578	0.358422	0.000000
92	tsk_92	(x)	1	:	0.000000	0.000000	0.000000	0.000000	0.000000	0.000000	0.641553	0.358447	0.000000
93	tsk_93	(x)	1	:	0.000000	0.000000	0.000000	0.000000	0.955005	0.000000	0.044994	0.000000	0.000000
94	tsk_94	(x)	1	:	0.000000	0.000000	0.000000	0.000000	0.000000	0.000000	1.000000	0.000000	0.000000
95	tsk_95	(x)	1	:	0.000000	0.000000	0.000000	0.000000	0.000000	0.000000	0.641625	0.358375	0.000000
96	tsk_96	(x)	1	:	0.000000	0.000000	0.000000	0.000000	0.955962	0.000000	0.044038	0.000000	0.000000
97	tsk_97	(x)	1	:	0.000000	0.000000	0.000000	0.000000	0.000000	0.000000	0.641549	0.358451	0.000000
98	tsk_98	(x)	1	:	0.000000	0.000000	0.000000	0.000000	0.000000	0.000000	0.040012	0.371519	0.588468
99	tsk_99	(x)	1	:	0.000000	0.000000	0.000000	0.000000	0.000000	0.000000	0.641594	0.358406	0.000000
100	tsk_100	(x)	1	:	0.365186	0.380630	0.000000	0.000000	0.000000	0.000000	0.254184	0.000000	0.000000
101	tsk_101	(x)	1	:	0.000000	0.000000	0.000000	0.000000	0.000000	0.000000	1.000000	0.000000	0.000000
102	tsk_102	(x)	1	:	0.000000	0.000000	0.000000	0.000000	0.000000	0.000000	1.000000	0.000000	0.000000
103	tsk_103	(x)	1	:	1.000000	0.000000	0.000000	0.000000	0.000000	0.000000	0.000000	0.000000	0.000000
104	tsk_104	(x)	1	:	0.365203	0.000000	0.493962	0.000000	0.000000	0.000000	0.140835	0.000000	0.000000
105	tsk_105	(x)	1	:	1.000000	0.000000	0.000000	0.000000	0.000000	0.000000	0.000000	0.000000	0.000000
106	tsk_106	(x)	1	:	0.000000	0.000000	0.000000	0.000000	0.000000	0.000000	0.422858	0.000000	0.577142
107	tsk_107	(x)	1	:	0.365209	0.000000	0.000000	0.000000	0.000000	0.000000	0.634791	0.000000	0.000000
108	tsk_108	(x)	1	:	0.365199	0.000000	0.000000	0.000000	0.000000	0.000000	0.634801	0.000000	0.000000
109	tsk_109	(x)	1	:	0.365219	0.380714	0.000000	0.000000	0.000000	0.000000	0.254067	0.000000	0.000000
110	tsk_110	(x)	1	:	0.000000	0.380613	0.493950	0.000000	0.000000	0.000000	0.125438	0.000000	0.000000
111	tsk_111	(x)	1	:	0.000000	0.000000	0.000000	0.000000	0.000000	0.000000	0.000010	0.999990	0.000000
112	tsk_112	(x)	1	:	0.000000	0.380722	0.000000	0.000000	0.000000	0.000000	0.260813	0.358464	0.000000
113	tsk_113	(x)	1	:	0.000000	0.000000	0.000000	0.000000	0.000000	0.000000	0.000018	0.999982	0.000000
114	tsk_114	(x)	1	:	0.365214	0.000000	0.000000	0.000000	0.000000	0.000000	0.276339	0.358447	0.000000
115	tsk_115	(x)	1	:	0.365208	0.380685	0.000000	0.000000	0.000000	0.000000	0.254107	0.000000	0.000000
116	tsk_116	(x)	1	:	0.000000	0.000000	0.475149	0.000000	0.000000	0.000000	0.000003	0.524848	0.000000
117	tsk_117	(x)	1	:	0.365218	0.000000	0.000000	0.000000	0.000000	0.000000	0.276324	0.358458	0.000000
118	tsk_118	(x)	1	:	0.000000	0.380709	0.000000	0.000000	0.000000	0.000000	0.260840	0.358451	0.000000
119	tsk_119	(x)	1	:	0.000000	0.000000	0.000000	0.000000	0.000000	0.000000	0.000014	0.999986	0.000000
120	tsk_120	(x)	1	:	0.365018	0.000000	0.000000	0.000000	0.000000	0.000000	0.295510	0.000000	0.339472
121	tsk_121	(x)	1	:	0.000000	0.000000	0.000000	0.000000	0.000000	0.000000	0.404989	0.000000	0.595011
122	tsk_122	(x)	1	:	0.000000	0.380177	0.000000	0.000000	0.000000	0.000000	0.280128	0.000000	0.339696
123	tsk_123	(x)	1	:	0.547624	0.000000	0.000000	0.000000	0.000000	0.000000	0.000000	0.000000	0.452375
124	tsk_124	(x)	1	:	0.000000	0.000000	0.000000	0.000000	0.000000	0.000000	0.000005	0.999995	0.000000
125	tsk_125	(x)	1	:	0.711782	0.000000	0.000000	0.000000	0.000000	0.000000	0.288218	0.000000	0.000000
126	tsk_126	(x)	1	:	0.000000	0.380696	0.000000	0.000000	0.000000	0.000000	0.619304	0.000000	0.000000
127	tsk_127	(x)	1	:	0.484907	0.000000	0.000000	0.000000	0.000000	0.000000	0.175320	0.000000	0.339773
128	tsk_128	(x)	1	:	0.000000	0.000000	0.000000	0.000000	0.000000	0.000000	0.000000	0.000000	1.000000
129	tsk_129	(x)	1	:	0.000000	0.000000	0.000000	0.000000	0.000000	0.000000	1.000000	0.000000	0.000000
130	tsk_130	(x)	1	:	0.365206	0.000000	0.000000	0.000000	0.000000	0.000000	0.634794	0.000000	0.000000
131	tsk_131	(x)	1	:	0.000000	0.000000	0.000000	0.000000	0.000000	0.000000	1.000000	0.000000	0.000000
132	tsk_132	(x)	1	:	0.000000	0.000000	0.000000	0.000000	0.000000	0.000000	0.419968	0.580032	0.000000
133	tsk_133	(x)	1	:	0.000000	0.000000	0.000000	0.000000	0.000000	0.000000	0.659827	0.000000	0.340173
134	tsk_134	(x)	1	:	0.000000	0.000000	0.493852	0.000000	0.000000	0.000000	0.166590	0.000000	0.339558
135	tsk_135	(x)	1	:	0.000000	0.000000	0.551115	0.000000	0.000000	0.000000	0.448885	0.000000	0.000000
136	tsk_136	(x)	1	:	0.000000	0.000000	0.000000	0.000000	0.000000	0.000000	1.000000	0.000000	0.000000
137	tsk_137	(x)	1	:	0.000000	0.000000	0.000000	0.000000	0.000000	0.000000	1.000000	0.000000	0.000000
138	tsk_138	(x)	1	:	0.000000	0.000000	0.000000	0.000000	0.000000	0.000000	1.000000	0.000000	0.000000
139	tsk_139	(x)	1	:	0.000000	0.000000	0.000000	0.000000	0.000000	0.000000	1.000000	0.000000	0.000000
140	tsk_140	(x)	1	:	0.000000	0.000000	0.000000	0.000000	0.000000	0.000000	1.000000	0.000000	0.000000
141	tsk_141	(x)	1	:	0.000000	0.000000	0.493969	0.000000	0.000000	0.000000	0.506031	0.000000	0.000000
142	tsk_142	(x)	1	:	0.365200	0.380666	0.000000	0.000000	0.000000	0.000000	0.254133	0.000000	0.000000
143	tsk_143	(x)	1	:	0.000000	0.380687	0.000000	0.000000	0.000000	0.000000	0.619313	0.000000	0.000000
144	tsk_144	(x)	1	:	0.000000	0.000000	0.000000	0.000000	0.000000	0.000000	0.659858	0.000000	0.340142
145	tsk_145	(x)	1	:	0.000000	0.000000	0.000000	0.000000	0.000000	0.000000	1.000000	0.000000	0.000000
146	tsk_146	(x)	1	:	0.000000	0.000000	0.000000	0.000000	0.000000	0.333333	0.666667	0.000000	0.000000
147	tsk_147	(x)	1	:	0.000000	0.000000	0.000000	0.000000	0.000000	0.000000	0.659964	0.000000	0.340036
148	tsk_148	(x)	1	:	0.000000	0.000000	0.552019	0.000000	0.000000	0.000000	0.447981	0.000000	0.000000
149	tsk_149	(x)	1	:	0.000000	0.000000	0.552019	0.000000	0.000000	0.000000	0.447981	0.000000	0.000000
