logL = -1158.300529 (converged)
AIC = 3520.601058
BIC = 5333.003505

count.K
25 47 57 21 

