logL = -2044.548782 (converged)
AIC = 8859.097564
BIC = 16039.462741

count.K
7 12 26 4 5 10 8 17 31 0 18 10 2 

