0	tsk_0	(x)	1	:	0.477434	0.000000	0.000000	0.000000	0.514283	0.000000	0.000000	0.000000	0.002404	0.000000	0.005879
1	tsk_1	(x)	1	:	0.000000	0.000000	0.000000	0.000000	0.000000	0.000000	0.000000	0.000000	0.861300	0.000000	0.138700
2	tsk_2	(x)	1	:	0.477789	0.000000	0.000000	0.000000	0.000000	0.000000	0.000000	0.000000	0.410099	0.000000	0.112112
3	tsk_3	(x)	1	:	0.000000	0.000000	0.387058	0.000000	0.612942	0.000000	0.000000	0.000000	0.000000	0.000000	0.000000
4	tsk_4	(x)	1	:	0.000000	0.000000	0.000000	0.000000	0.000000	0.000000	0.000000	0.000000	1.000000	0.000000	0.000000
5	tsk_5	(x)	1	:	0.000000	0.000000	0.499658	0.000000	0.000000	0.000000	0.000000	0.000000	0.291535	0.000000	0.208808
6	tsk_6	(x)	1	:	0.000000	0.000000	0.499656	0.000000	0.000000	0.000000	0.000000	0.000000	0.248154	0.000000	0.252190
7	tsk_7	(x)	1	:	0.000000	0.000000	0.499662	0.000000	0.000000	0.000000	0.000000	0.000000	0.143768	0.000000	0.356570
8	tsk_8	(x)	1	:	0.000000	0.000000	0.122622	0.000000	0.377061	0.000000	0.000000	0.000000	0.337920	0.000000	0.162396
9	tsk_9	(x)	1	:	0.000000	0.000000	0.387058	0.000000	0.612942	0.000000	0.000000	0.000000	0.000000	0.000000	0.000000
10	tsk_10	(x)	1	:	0.000000	0.000000	0.000000	0.414134	0.585866	0.000000	0.000000	0.000000	0.000000	0.000000	0.000000
11	tsk_11	(x)	1	:	0.478891	0.000000	0.047463	0.452334	0.000000	0.000000	0.000000	0.000000	0.002894	0.000000	0.018418
12	tsk_12	(x)	1	:	0.000000	0.000000	0.007207	0.000000	0.000000	0.492329	0.000000	0.000000	0.205797	0.000000	0.294667
13	tsk_13	(x)	1	:	0.478095	0.000000	0.000000	0.000000	0.510822	0.000000	0.000000	0.000000	0.007039	0.000000	0.004044
14	tsk_14	(x)	1	:	0.000000	0.000000	0.056533	0.452099	0.000000	0.491369	0.000000	0.000000	0.000000	0.000000	0.000000
15	tsk_15	(x)	1	:	0.000000	0.000000	0.005456	0.000000	0.000000	0.493819	0.000000	0.000000	0.264011	0.000000	0.236713
16	tsk_16	(x)	1	:	0.000000	0.000000	0.499657	0.000000	0.000000	0.000000	0.000000	0.000000	0.217583	0.000000	0.282759
17	tsk_17	(x)	1	:	0.000000	0.000000	0.007290	0.000000	0.000000	0.492258	0.000000	0.000000	0.216168	0.000000	0.284283
18	tsk_18	(x)	1	:	0.000000	0.000000	0.547385	0.452615	0.000000	0.000000	0.000000	0.000000	0.000000	0.000000	0.000000
19	tsk_19	(x)	1	:	0.000000	0.000000	1.000000	0.000000	0.000000	0.000000	0.000000	0.000000	0.000000	0.000000	0.000000
20	tsk_20	(x)	1	:	0.000000	0.000000	0.547385	0.452615	0.000000	0.000000	0.000000	0.000000	0.000000	0.000000	0.000000
21	tsk_21	(x)	1	:	0.000000	0.000000	0.047058	0.452608	0.000000	0.000000	0.000000	0.000000	0.267468	0.000000	0.232865
22	tsk_22	(x)	1	:	0.000000	0.000000	0.499655	0.000000	0.000000	0.000000	0.000000	0.000000	0.307153	0.000000	0.193192
23	tsk_23	(x)	1	:	0.000000	0.000000	0.000000	0.261122	0.296626	0.000000	0.000000	0.000000	0.149635	0.000000	0.292617
24	tsk_24	(x)	1	:	0.000000	0.000000	0.000000	0.000000	0.000000	0.000000	0.000000	0.000000	0.856746	0.000000	0.143254
25	tsk_25	(x)	1	:	0.000000	0.000000	0.046517	0.453100	0.000000	0.000000	0.000000	0.000000	0.286852	0.000000	0.213531
26	tsk_26	(x)	1	:	0.000000	0.000000	0.000000	0.000000	0.000000	0.000000	0.000000	0.000000	1.000000	0.000000	0.000000
27	tsk_27	(x)	1	:	0.000000	0.000000	0.499658	0.000000	0.000000	0.000000	0.000000	0.000000	0.297500	0.000000	0.202842
28	tsk_28	(x)	1	:	0.000000	0.000000	1.000000	0.000000	0.000000	0.000000	0.000000	0.000000	0.000000	0.000000	0.000000
29	tsk_29	(x)	1	:	0.000000	0.000000	0.000000	0.000000	1.000000	0.000000	0.000000	0.000000	0.000000	0.000000	0.000000
30	tsk_30	(x)	1	:	0.000000	0.000000	0.000000	0.000000	0.000000	0.000000	0.000000	0.000000	0.804741	0.000000	0.195258
31	tsk_31	(x)	1	:	0.000000	0.000000	0.000000	0.000000	0.000000	0.000000	0.000000	0.000000	0.773837	0.000000	0.226163
32	tsk_32	(x)	1	:	0.000000	0.000000	0.122621	0.000000	0.377062	0.000000	0.000000	0.000000	0.284342	0.000000	0.215974
33	tsk_33	(x)	1	:	0.000000	0.000000	0.000000	0.000000	0.000000	0.000000	0.000000	0.000000	1.000000	0.000000	0.000000
34	tsk_34	(x)	1	:	0.000000	0.000000	0.000000	0.000000	0.514311	0.000000	0.000000	0.000000	0.321648	0.000000	0.164042
35	tsk_35	(x)	1	:	0.000000	0.000000	0.000000	0.000000	1.000000	0.000000	0.000000	0.000000	0.000000	0.000000	0.000000
36	tsk_36	(x)	1	:	0.000000	0.000000	0.000000	0.000000	1.000000	0.000000	0.000000	0.000000	0.000000	0.000000	0.000000
37	tsk_37	(x)	1	:	0.000000	0.000000	0.122325	0.000000	0.377368	0.000000	0.000000	0.000000	0.287823	0.000000	0.212484
38	tsk_38	(x)	1	:	0.000000	0.000000	0.122620	0.000000	0.377062	0.000000	0.000000	0.000000	0.290708	0.000000	0.209610
39	tsk_39	(x)	1	:	0.000000	0.000000	0.000000	0.000000	1.000000	0.000000	0.000000	0.000000	0.000000	0.000000	0.000000
40	tsk_40	(x)	1	:	0.000000	0.000000	0.499656	0.000000	0.000000	0.000000	0.000000	0.000000	0.351351	0.000000	0.148992
41	tsk_41	(x)	1	:	0.000000	0.000000	0.000000	0.000000	0.000000	0.000000	0.000000	0.000000	1.000000	0.000000	0.000000
42	tsk_42	(x)	1	:	0.000000	0.000000	0.000000	0.000000	0.514307	0.000000	0.000000	0.000000	0.316108	0.000000	0.169585
43	tsk_43	(x)	1	:	0.000000	0.000000	0.000000	0.000000	0.000000	0.000000	0.000000	1.000000	0.000000	0.000000	0.000000
44	tsk_44	(x)	1	:	0.000000	0.000000	0.000000	0.000000	0.514308	0.000000	0.000000	0.000000	0.279720	0.000000	0.205972
45	tsk_45	(x)	1	:	0.000000	0.000000	0.000000	0.000000	0.000000	0.000000	0.000000	0.000000	0.323398	0.000000	0.676601
46	tsk_46	(x)	1	:	0.000000	0.000000	0.000000	0.000000	0.000000	0.000000	0.000000	0.499999	0.076264	0.000000	0.423738
47	tsk_47	(x)	1	:	0.000000	0.000000	0.000000	0.000000	0.514311	0.000000	0.000000	0.000000	0.248377	0.000000	0.237312
48	tsk_48	(x)	1	:	0.000000	0.000000	0.061898	0.000000	0.000000	0.437727	0.000000	0.000000	0.374874	0.000000	0.125502
49	tsk_49	(x)	1	:	0.000000	0.000000	0.000000	0.000000	0.000000	0.000000	0.000000	0.499997	0.054900	0.000000	0.445102
50	tsk_50	(x)	1	:	0.000000	0.000000	1.000000	0.000000	0.000000	0.000000	0.000000	0.000000	0.000000	0.000000	0.000000
51	tsk_51	(x)	1	:	0.000000	0.000000	0.499658	0.000000	0.000000	0.000000	0.000000	0.000000	0.322722	0.000000	0.177620
52	tsk_52	(x)	1	:	0.000000	0.000000	1.000000	0.000000	0.000000	0.000000	0.000000	0.000000	0.000000	0.000000	0.000000
53	tsk_53	(x)	1	:	0.000000	1.000000	0.000000	0.000000	0.000000	0.000000	0.000000	0.000000	0.000000	0.000000	0.000000
54	tsk_54	(x)	1	:	0.000000	0.000000	1.000000	0.000000	0.000000	0.000000	0.000000	0.000000	0.000000	0.000000	0.000000
55	tsk_55	(x)	1	:	0.000000	0.000000	0.499657	0.000000	0.000000	0.000000	0.000000	0.000000	0.310517	0.000000	0.189827
56	tsk_56	(x)	1	:	0.000000	0.000000	0.688862	0.311138	0.000000	0.000000	0.000000	0.000000	0.000000	0.000000	0.000000
57	tsk_57	(x)	1	:	0.000000	0.000000	0.499658	0.000000	0.000000	0.000000	0.000000	0.000000	0.361630	0.000000	0.138712
58	tsk_58	(x)	1	:	0.000000	0.000000	1.000000	0.000000	0.000000	0.000000	0.000000	0.000000	0.000000	0.000000	0.000000
59	tsk_59	(x)	1	:	0.000000	0.000000	1.000000	0.000000	0.000000	0.000000	0.000000	0.000000	0.000000	0.000000	0.000000
60	tsk_60	(x)	1	:	0.000000	0.000000	0.000000	0.000000	0.000000	0.000000	0.000000	0.000000	0.532190	0.000000	0.467810
61	tsk_61	(x)	1	:	0.481369	0.000000	0.122959	0.000000	0.377063	0.000000	0.000000	0.000000	0.002715	0.000000	0.015894
62	tsk_62	(x)	1	:	0.000000	0.000000	0.000000	0.000000	0.000000	0.000000	0.000000	0.499999	0.065059	0.000000	0.434942
63	tsk_63	(x)	1	:	0.000000	0.000000	0.000000	0.000000	0.509021	0.490979	0.000000	0.000000	0.000000	0.000000	0.000000
64	tsk_64	(x)	1	:	0.000000	0.000000	0.000000	0.000000	0.514310	0.000000	0.000000	0.000000	0.277953	0.000000	0.207737
65	tsk_65	(x)	1	:	0.000000	0.000000	0.052514	0.000000	0.000000	0.434884	0.202792	0.000000	0.243015	0.000000	0.066794
66	tsk_66	(x)	1	:	0.000000	0.000000	0.000000	0.000000	0.000000	0.000000	0.000000	0.000000	0.802921	0.000000	0.197079
67	tsk_67	(x)	1	:	0.000000	0.000000	0.000000	0.000000	0.514310	0.000000	0.000000	0.000000	0.296976	0.000000	0.188714
68	tsk_68	(x)	1	:	0.000000	0.000000	0.000000	0.000000	0.583470	0.416530	0.000000	0.000000	0.000000	0.000000	0.000000
69	tsk_69	(x)	1	:	0.000000	0.000000	0.499660	0.000000	0.000000	0.000000	0.000000	0.000000	0.405675	0.000000	0.094665
70	tsk_70	(x)	1	:	0.000000	0.000000	0.000000	0.000000	0.000000	0.000000	0.000000	0.000000	0.601912	0.000000	0.398088
71	tsk_71	(x)	1	:	0.000000	0.000000	0.499655	0.000000	0.000000	0.000000	0.000000	0.000000	0.443126	0.000000	0.057219
72	tsk_72	(x)	1	:	0.000000	0.000000	0.000000	0.000000	0.000000	0.000000	0.000000	0.000000	1.000000	0.000000	0.000000
73	tsk_73	(x)	1	:	0.477789	0.000000	0.000000	0.000000	0.000000	0.000000	0.000000	0.000000	0.399197	0.000000	0.123014
74	tsk_74	(x)	1	:	0.000000	0.000000	0.000000	0.000000	0.000000	0.000000	0.000000	0.000000	0.653567	0.000000	0.346433
75	tsk_75	(x)	1	:	0.477789	0.000000	0.000000	0.000000	0.000000	0.000000	0.000000	0.000000	0.342430	0.000000	0.179780
76	tsk_76	(x)	1	:	0.000000	0.000000	0.000000	0.000000	0.000000	0.000000	0.000000	0.000000	0.836284	0.000000	0.163716
77	tsk_77	(x)	1	:	0.000000	0.000000	0.000000	0.000000	0.000000	0.000000	0.000000	0.000000	0.883222	0.000000	0.116778
78	tsk_78	(x)	1	:	0.477789	0.000000	0.000000	0.000000	0.000000	0.000000	0.000000	0.000000	0.491605	0.000000	0.030606
79	tsk_79	(x)	1	:	0.000000	0.000000	0.000000	0.000000	0.000000	0.000000	0.000000	0.000000	0.874002	0.000000	0.125998
80	tsk_80	(x)	1	:	0.000000	0.000000	0.000000	0.000000	0.000000	0.000000	0.000000	0.000000	0.729344	0.000000	0.270656
81	tsk_81	(x)	1	:	0.000000	0.000000	0.387062	0.000000	0.000000	0.612938	0.000000	0.000000	0.000000	0.000000	0.000000
82	tsk_82	(x)	1	:	0.000000	0.000000	0.508339	0.000000	0.000000	0.491661	0.000000	0.000000	0.000000	0.000000	0.000000
83	tsk_83	(x)	1	:	0.000000	0.000000	1.000000	0.000000	0.000000	0.000000	0.000000	0.000000	0.000000	0.000000	0.000000
84	tsk_84	(x)	1	:	0.000000	0.000000	0.499659	0.000000	0.000000	0.000000	0.000000	0.000000	0.283884	0.000000	0.216457
85	tsk_85	(x)	1	:	0.000000	0.000000	0.499659	0.000000	0.000000	0.000000	0.000000	0.000000	0.168697	0.000000	0.331645
86	tsk_86	(x)	1	:	0.000000	0.000000	0.499657	0.000000	0.000000	0.000000	0.000000	0.000000	0.326791	0.000000	0.173551
87	tsk_87	(x)	1	:	0.000000	0.000000	1.000000	0.000000	0.000000	0.000000	0.000000	0.000000	0.000000	0.000000	0.000000
88	tsk_88	(x)	1	:	0.000000	0.000000	0.499657	0.000000	0.000000	0.000000	0.000000	0.000000	0.400326	0.000000	0.100017
89	tsk_89	(x)	1	:	0.000000	0.000000	1.000000	0.000000	0.000000	0.000000	0.000000	0.000000	0.000000	0.000000	0.000000
90	tsk_90	(x)	1	:	0.000000	0.000000	0.499658	0.000000	0.000000	0.000000	0.000000	0.000000	0.287098	0.000000	0.213244
91	tsk_91	(x)	1	:	0.000000	0.000000	0.496544	0.000000	0.000000	0.000000	0.000000	0.503456	0.000000	0.000000	0.000000
92	tsk_92	(x)	1	:	0.000000	0.000000	0.000000	0.000000	0.000000	0.000000	0.000000	0.000000	1.000000	0.000000	0.000000
93	tsk_93	(x)	1	:	0.000000	0.000000	0.496544	0.000000	0.000000	0.000000	0.000000	0.503456	0.000000	0.000000	0.000000
94	tsk_94	(x)	1	:	0.000000	0.000000	0.007540	0.000000	0.000000	0.492046	0.000000	0.000000	0.216206	0.000000	0.284208
95	tsk_95	(x)	1	:	0.000000	0.000000	0.000000	0.000000	0.000000	0.000000	0.000000	0.499999	0.047649	0.000000	0.452352
96	tsk_96	(x)	1	:	0.000000	0.503315	0.000000	0.000000	0.000000	0.000000	0.000000	0.000000	0.313062	0.000000	0.183623
97	tsk_97	(x)	1	:	0.000000	0.000000	0.046769	0.452872	0.000000	0.000000	0.000000	0.000000	0.110889	0.000000	0.389470
98	tsk_98	(x)	1	:	0.000000	0.000000	0.045688	0.453860	0.000000	0.000000	0.000000	0.000000	0.358309	0.000000	0.142142
99	tsk_99	(x)	1	:	0.000000	0.000000	0.499657	0.000000	0.000000	0.000000	0.000000	0.000000	0.284418	0.000000	0.215925
100	tsk_100	(x)	1	:	0.000000	0.000000	0.000000	0.000000	1.000000	0.000000	0.000000	0.000000	0.000000	0.000000	0.000000
101	tsk_101	(x)	1	:	0.000000	0.000000	0.185176	0.000000	0.377146	0.437678	0.000000	0.000000	0.000000	0.000000	0.000000
102	tsk_102	(x)	1	:	0.000000	0.000000	0.000000	0.000000	1.000000	0.000000	0.000000	0.000000	0.000000	0.000000	0.000000
103	tsk_103	(x)	1	:	0.000000	0.000000	0.131374	0.000000	0.377050	0.491576	0.000000	0.000000	0.000000	0.000000	0.000000
104	tsk_104	(x)	1	:	0.000000	0.000000	0.000000	0.000000	0.000000	0.000000	0.000000	0.000000	0.900178	0.000000	0.099822
105	tsk_105	(x)	1	:	0.000000	0.000000	0.000000	0.000000	0.000000	0.000000	0.000000	0.000000	0.960998	0.000000	0.039002
106	tsk_106	(x)	1	:	0.000000	0.000000	0.000000	0.000000	1.000000	0.000000	0.000000	0.000000	0.000000	0.000000	0.000000
107	tsk_107	(x)	1	:	0.000000	0.000000	0.122604	0.000000	0.377071	0.000000	0.000000	0.000000	0.338344	0.000000	0.161982
108	tsk_108	(x)	1	:	0.521076	0.000000	0.041214	0.000000	0.000000	0.437709	0.000000	0.000000	0.000000	0.000000	0.000000
109	tsk_109	(x)	1	:	0.000000	0.000000	0.059012	0.000000	0.000000	0.437648	0.000000	0.503340	0.000000	0.000000	0.000000
110	tsk_110	(x)	1	:	0.000000	0.000000	0.499658	0.000000	0.000000	0.000000	0.000000	0.000000	0.053718	0.000000	0.446624
111	tsk_111	(x)	1	:	0.000000	0.000000	0.499655	0.000000	0.000000	0.000000	0.000000	0.000000	0.360609	0.000000	0.139736
112	tsk_112	(x)	1	:	0.000000	0.000000	0.047023	0.452642	0.000000	0.000000	0.000000	0.000000	0.330984	0.000000	0.169351
113	tsk_113	(x)	1	:	0.000000	0.000000	0.046658	0.452974	0.000000	0.000000	0.000000	0.000000	0.211835	0.000000	0.288533
114	tsk_114	(x)	1	:	0.000000	0.000000	0.000000	0.000000	0.510787	0.000000	0.000000	0.000000	0.335986	0.000000	0.153227
115	tsk_115	(x)	1	:	0.000000	0.000000	0.499657	0.000000	0.000000	0.000000	0.000000	0.000000	0.234610	0.000000	0.265733
116	tsk_116	(x)	1	:	0.000000	0.000000	0.000000	0.000000	0.000000	0.000000	0.000000	0.000000	0.888475	0.000000	0.111525
117	tsk_117	(x)	1	:	0.000000	0.000000	0.547385	0.452615	0.000000	0.000000	0.000000	0.000000	0.000000	0.000000	0.000000
118	tsk_118	(x)	1	:	0.000000	0.000000	0.000000	0.000000	1.000000	0.000000	0.000000	0.000000	0.000000	0.000000	0.000000
119	tsk_119	(x)	1	:	0.000000	0.000000	0.371429	0.000000	0.584740	0.000000	0.043830	0.000000	0.000000	0.000000	0.000000
120	tsk_120	(x)	1	:	0.000000	0.000000	0.000000	0.000000	0.000000	1.000000	0.000000	0.000000	0.000000	0.000000	0.000000
121	tsk_121	(x)	1	:	0.000000	0.000000	0.622819	0.000000	0.377180	0.000000	0.000000	0.000000	0.000000	0.000000	0.000000
122	tsk_122	(x)	1	:	0.000000	0.000000	0.000000	0.000000	0.000000	1.000000	0.000000	0.000000	0.000000	0.000000	0.000000
123	tsk_123	(x)	1	:	0.000000	0.000000	0.622819	0.000000	0.377180	0.000000	0.000000	0.000000	0.000000	0.000000	0.000000
124	tsk_124	(x)	1	:	0.000000	0.000000	0.508339	0.000000	0.000000	0.491661	0.000000	0.000000	0.000000	0.000000	0.000000
125	tsk_125	(x)	1	:	0.000000	0.000000	0.000000	0.000000	0.000000	1.000000	0.000000	0.000000	0.000000	0.000000	0.000000
126	tsk_126	(x)	1	:	0.000000	0.000000	0.547385	0.452615	0.000000	0.000000	0.000000	0.000000	0.000000	0.000000	0.000000
127	tsk_127	(x)	1	:	0.000000	0.000000	0.499657	0.000000	0.000000	0.000000	0.000000	0.000000	0.302607	0.000000	0.197736
128	tsk_128	(x)	1	:	0.000000	0.000000	0.131616	0.000000	0.376904	0.491480	0.000000	0.000000	0.000000	0.000000	0.000000
129	tsk_129	(x)	1	:	0.000000	0.658579	0.000000	0.000000	0.000000	0.341421	0.000000	0.000000	0.000000	0.000000	0.000000
130	tsk_130	(x)	1	:	0.000000	0.000000	0.472780	0.000000	0.000000	0.000000	0.527220	0.000000	0.000000	0.000000	0.000000
131	tsk_131	(x)	1	:	0.000000	0.000000	0.006149	0.000000	0.000000	0.493230	0.000000	0.000000	0.421437	0.000000	0.079183
132	tsk_132	(x)	1	:	0.000000	0.000000	0.469556	0.000000	0.000000	0.000000	0.504576	0.000000	0.025868	0.000000	0.000000
133	tsk_133	(x)	1	:	0.000000	0.000000	0.472770	0.000000	0.000000	0.000000	0.527230	0.000000	0.000000	0.000000	0.000000
134	tsk_134	(x)	1	:	0.000000	0.000000	0.000000	0.000000	0.000000	0.000000	0.000000	0.000000	1.000000	0.000000	0.000000
135	tsk_135	(x)	1	:	0.000000	0.000000	0.470818	0.000000	0.000000	0.000000	0.513889	0.000000	0.015293	0.000000	0.000000
136	tsk_136	(x)	1	:	0.000000	0.000000	0.469319	0.000000	0.000000	0.000000	0.502328	0.000000	0.014341	0.000000	0.014013
137	tsk_137	(x)	1	:	0.000000	0.000000	0.000000	0.000000	0.514311	0.000000	0.000000	0.000000	0.259536	0.000000	0.226153
138	tsk_138	(x)	1	:	0.000000	0.000000	0.000000	0.000000	0.514309	0.000000	0.000000	0.000000	0.297141	0.000000	0.188549
139	tsk_139	(x)	1	:	0.000000	0.000000	0.000027	0.000000	0.000000	0.999973	0.000000	0.000000	0.000000	0.000000	0.000000
140	tsk_140	(x)	1	:	0.000000	0.000000	1.000000	0.000000	0.000000	0.000000	0.000000	0.000000	0.000000	0.000000	0.000000
141	tsk_141	(x)	1	:	0.478342	0.000000	0.000000	0.000000	0.000000	0.000000	0.000000	0.000000	0.520485	0.001173	0.000000
142	tsk_142	(x)	1	:	0.000000	0.000000	0.622819	0.000000	0.377180	0.000000	0.000000	0.000000	0.000000	0.000000	0.000000
143	tsk_143	(x)	1	:	0.000000	0.000000	0.000000	0.000000	0.000000	0.000000	0.000000	0.000000	0.000000	1.000000	0.000000
144	tsk_144	(x)	1	:	0.000000	0.000000	1.000000	0.000000	0.000000	0.000000	0.000000	0.000000	0.000000	0.000000	0.000000
145	tsk_145	(x)	1	:	0.000000	0.000000	0.499657	0.000000	0.000000	0.000000	0.000000	0.000000	0.260640	0.000000	0.239703
146	tsk_146	(x)	1	:	0.000000	0.000000	0.622819	0.000000	0.377180	0.000000	0.000000	0.000000	0.000000	0.000000	0.000000
147	tsk_147	(x)	1	:	0.000000	0.000000	0.000000	1.000000	0.000000	0.000000	0.000000	0.000000	0.000000	0.000000	0.000000
148	tsk_148	(x)	1	:	0.000000	0.000000	0.000000	0.000000	0.000000	0.000000	0.000000	0.000000	0.000000	1.000000	0.000000
149	tsk_149	(x)	1	:	1.000000	0.000000	0.000000	0.000000	0.000000	0.000000	0.000000	0.000000	0.000000	0.000000	0.000000
