logL = -929.861405 (converged)
AIC = 3031.722810
BIC = 4795.955092

count.K
33 21 53 43 

