logL = -1300.242979 (converged)
AIC = 6860.485957
BIC = 13273.139134

count.K
34 13 15 1 5 38 12 1 12 1 17 1 

