logL = -1374.951527 (converged)
AIC = 3969.903054
BIC = 5806.390583

count.K
12 42 29 67 

