logL = -2501.100775 (converged)
AIC = 6366.201549
BIC = 8419.454820

count.K
54 28 39 29 

