logL = -2939.457406 (converged)
AIC = 8518.914811
BIC = 12492.953400

count.K
27 29 36 29 5 4 20 

