0	tsk_0	(x)	1	:	0.012705	0.445200	0.003035	0.000000	0.500056	0.000000	0.000000	0.000000	0.000000	0.000000	0.000000	0.000000	0.039004	0.000000
1	tsk_1	(x)	1	:	0.399242	0.000000	0.031473	0.000000	0.000000	0.000000	0.000000	0.358776	0.000000	0.144443	0.000001	0.000000	0.066064	0.000000
2	tsk_2	(x)	1	:	0.323206	0.000000	0.134403	0.000000	0.000000	0.000000	0.000000	0.000000	0.000000	0.513401	0.000000	0.000000	0.028990	0.000000
3	tsk_3	(x)	1	:	0.016010	0.445200	0.006719	0.000000	0.500056	0.000000	0.000000	0.000000	0.000000	0.000000	0.000000	0.000000	0.032016	0.000000
4	tsk_4	(x)	1	:	0.000000	0.000000	0.000000	0.000000	0.000000	0.000000	0.000000	0.000000	0.000000	0.499052	0.500948	0.000000	0.000000	0.000000
5	tsk_5	(x)	1	:	0.260621	0.000000	0.158963	0.000000	0.000000	0.000000	0.000000	0.358776	0.000000	0.144443	0.000001	0.000000	0.077196	0.000000
6	tsk_6	(x)	1	:	0.000000	0.000000	0.000000	0.000000	0.000000	0.000000	0.000000	0.000000	0.000000	1.000000	0.000000	0.000000	0.000000	0.000000
7	tsk_7	(x)	1	:	0.147657	0.000000	0.098914	0.000000	0.500000	0.000000	0.000000	0.000000	0.000000	0.000000	0.000000	0.000000	0.253429	0.000000
8	tsk_8	(x)	1	:	0.254988	0.000000	0.131477	0.000000	0.000000	0.000000	0.000000	0.000000	0.000000	0.513401	0.000001	0.000000	0.100132	0.000000
9	tsk_9	(x)	1	:	0.000013	0.999987	0.000000	0.000000	0.000000	0.000000	0.000000	0.000000	0.000000	0.000000	0.000000	0.000000	0.000000	0.000000
10	tsk_10	(x)	1	:	0.000000	0.000000	0.000000	0.000000	0.000000	0.000000	0.000000	0.415667	0.000000	0.584333	0.000000	0.000000	0.000000	0.000000
11	tsk_11	(x)	1	:	0.000000	0.000000	0.000000	0.000000	0.488159	0.000000	0.000000	0.000000	0.000000	0.511841	0.000000	0.000000	0.000000	0.000000
12	tsk_12	(x)	1	:	0.000000	0.000000	0.000000	0.000000	0.493888	0.000000	0.000000	0.506112	0.000000	0.000000	0.000000	0.000000	0.000000	0.000000
13	tsk_13	(x)	1	:	0.003006	0.000000	0.000000	0.000000	0.499626	0.000000	0.000000	0.000000	0.497368	0.000000	0.000000	0.000000	0.000000	0.000000
14	tsk_14	(x)	1	:	0.000000	0.000000	0.000000	0.000000	0.000000	0.000000	0.000000	1.000000	0.000000	0.000000	0.000000	0.000000	0.000000	0.000000
15	tsk_15	(x)	1	:	0.000000	0.000000	0.000000	0.000000	0.100617	0.000000	0.000000	0.000000	0.000000	0.000000	0.000000	0.899383	0.000000	0.000000
16	tsk_16	(x)	1	:	0.000000	0.000000	0.000000	0.000000	0.497160	0.000000	0.000000	0.358843	0.000000	0.143997	0.000000	0.000000	0.000000	0.000000
17	tsk_17	(x)	1	:	0.000000	0.000000	0.000000	0.000000	0.497160	0.000000	0.000000	0.358843	0.000000	0.143997	0.000000	0.000000	0.000000	0.000000
18	tsk_18	(x)	1	:	0.189067	0.000000	0.003758	0.000000	0.500000	0.000000	0.000000	0.000000	0.000000	0.000000	0.000000	0.000000	0.307175	0.000000
19	tsk_19	(x)	1	:	0.000531	0.000000	0.000106	0.000000	0.000000	0.000000	0.000000	0.000000	0.487470	0.511752	0.000000	0.000000	0.000141	0.000000
20	tsk_20	(x)	1	:	0.591416	0.000000	0.408584	0.000000	0.000000	0.000000	0.000000	0.000000	0.000000	0.000000	0.000000	0.000000	0.000000	0.000000
21	tsk_21	(x)	1	:	0.047399	0.611718	0.062528	0.000000	0.000000	0.000000	0.000000	0.000000	0.000000	0.000000	0.000000	0.000000	0.000000	0.278356
22	tsk_22	(x)	1	:	0.000000	0.000000	0.000000	0.000000	1.000000	0.000000	0.000000	0.000000	0.000000	0.000000	0.000000	0.000000	0.000000	0.000000
23	tsk_23	(x)	1	:	0.000000	1.000000	0.000000	0.000000	0.000000	0.000000	0.000000	0.000000	0.000000	0.000000	0.000000	0.000000	0.000000	0.000000
24	tsk_24	(x)	1	:	0.183943	0.000000	0.075637	0.000000	0.499999	0.000000	0.000000	0.000000	0.000000	0.000000	0.000000	0.000000	0.240421	0.000000
25	tsk_25	(x)	1	:	0.150382	0.472137	0.377482	0.000000	0.000000	0.000000	0.000000	0.000000	0.000000	0.000000	0.000000	0.000000	0.000000	0.000000
26	tsk_26	(x)	1	:	0.452896	0.000000	0.547103	0.000000	0.000000	0.000000	0.000000	0.000000	0.000000	0.000000	0.000000	0.000000	0.000000	0.000000
27	tsk_27	(x)	1	:	0.341368	0.472137	0.186495	0.000000	0.000000	0.000000	0.000000	0.000000	0.000000	0.000000	0.000000	0.000000	0.000000	0.000000
28	tsk_28	(x)	1	:	0.000000	1.000000	0.000000	0.000000	0.000000	0.000000	0.000000	0.000000	0.000000	0.000000	0.000000	0.000000	0.000000	0.000000
29	tsk_29	(x)	1	:	0.183713	0.000000	0.814670	0.000000	0.000000	0.000000	0.000000	0.000000	0.000000	0.000000	0.000000	0.000000	0.001617	0.000000
30	tsk_30	(x)	1	:	0.308324	0.000000	0.691675	0.000000	0.000000	0.000000	0.000000	0.000000	0.000000	0.000000	0.000000	0.000000	0.000000	0.000000
31	tsk_31	(x)	1	:	0.000000	0.000000	0.000000	0.000000	0.008699	0.000000	0.000000	0.000000	0.000000	0.000000	0.000000	0.991301	0.000000	0.000000
32	tsk_32	(x)	1	:	0.000000	0.000000	0.000000	0.000000	0.011112	0.000000	0.000000	0.000000	0.000000	0.000000	0.000000	0.988888	0.000000	0.000000
33	tsk_33	(x)	1	:	0.155995	0.000000	0.037842	0.000000	0.500000	0.000000	0.000000	0.000000	0.000000	0.000000	0.000000	0.000000	0.306163	0.000000
34	tsk_34	(x)	1	:	0.220708	0.000000	0.220944	0.000000	0.000000	0.000000	0.000000	0.000000	0.000000	0.543880	0.000000	0.000000	0.014468	0.000000
35	tsk_35	(x)	1	:	0.188900	0.000000	0.801662	0.000000	0.000000	0.000000	0.000000	0.000000	0.000000	0.000000	0.000000	0.000000	0.009439	0.000000
36	tsk_36	(x)	1	:	0.237380	0.000000	0.212316	0.000000	0.000000	0.000000	0.000000	0.000000	0.000000	0.513401	0.000000	0.000000	0.036902	0.000000
37	tsk_37	(x)	1	:	0.272097	0.000000	0.727903	0.000000	0.000000	0.000000	0.000000	0.000000	0.000000	0.000000	0.000000	0.000000	0.000000	0.000000
38	tsk_38	(x)	1	:	0.000000	0.000000	0.000000	0.494150	0.000000	0.000000	0.000000	0.000000	0.000000	0.505849	0.000000	0.000000	0.000000	0.000000
39	tsk_39	(x)	1	:	0.300696	0.000000	0.688874	0.000000	0.000000	0.000000	0.000000	0.000000	0.000000	0.000000	0.000000	0.000000	0.010430	0.000000
40	tsk_40	(x)	1	:	0.335233	0.000000	0.105655	0.000000	0.500000	0.000000	0.000000	0.000000	0.000000	0.000000	0.000000	0.000000	0.059112	0.000000
41	tsk_41	(x)	1	:	0.000000	0.000000	0.000000	0.000000	1.000000	0.000000	0.000000	0.000000	0.000000	0.000000	0.000000	0.000000	0.000000	0.000000
42	tsk_42	(x)	1	:	0.000000	0.000000	0.000000	0.000000	0.520802	0.000000	0.479198	0.000000	0.000000	0.000000	0.000000	0.000000	0.000000	0.000000
43	tsk_43	(x)	1	:	0.000000	0.000000	0.000000	0.000000	0.493888	0.000000	0.000000	0.506112	0.000000	0.000000	0.000000	0.000000	0.000000	0.000000
44	tsk_44	(x)	1	:	0.000000	0.000000	0.000000	0.000000	0.520802	0.000000	0.479198	0.000000	0.000000	0.000000	0.000000	0.000000	0.000000	0.000000
45	tsk_45	(x)	1	:	0.000000	0.000000	0.000000	0.000000	1.000000	0.000000	0.000000	0.000000	0.000000	0.000000	0.000000	0.000000	0.000000	0.000000
46	tsk_46	(x)	1	:	0.000000	0.000000	0.000000	0.000000	1.000000	0.000000	0.000000	0.000000	0.000000	0.000000	0.000000	0.000000	0.000000	0.000000
47	tsk_47	(x)	1	:	0.000000	0.000000	0.000000	0.000000	0.493888	0.000000	0.000000	0.506112	0.000000	0.000000	0.000000	0.000000	0.000000	0.000000
48	tsk_48	(x)	1	:	0.000000	0.000000	0.000000	0.000000	1.000000	0.000000	0.000000	0.000000	0.000000	0.000000	0.000000	0.000000	0.000000	0.000000
49	tsk_49	(x)	1	:	0.000000	0.000000	0.000000	0.000000	0.520802	0.000000	0.479198	0.000000	0.000000	0.000000	0.000000	0.000000	0.000000	0.000000
50	tsk_50	(x)	1	:	0.259002	0.000000	0.209011	0.000000	0.000000	0.000000	0.000000	0.000000	0.000000	0.392396	0.000000	0.000000	0.139591	0.000000
51	tsk_51	(x)	1	:	0.206335	0.000000	0.177915	0.000000	0.000000	0.000000	0.000000	0.000000	0.000000	0.513401	0.000000	0.000000	0.102348	0.000000
52	tsk_52	(x)	1	:	0.005622	0.475618	0.012678	0.000000	0.000000	0.000000	0.000000	0.000000	0.506082	0.000000	0.000000	0.000000	0.000000	0.000000
53	tsk_53	(x)	1	:	0.264975	0.000000	0.168142	0.000000	0.000000	0.000000	0.000000	0.000000	0.000000	0.513401	0.000001	0.000000	0.053481	0.000000
54	tsk_54	(x)	1	:	0.316338	0.000000	0.152754	0.000000	0.000000	0.000000	0.000000	0.000000	0.000000	0.392396	0.000000	0.000000	0.138512	0.000000
55	tsk_55	(x)	1	:	0.450787	0.000000	0.025969	0.000000	0.000000	0.000000	0.000000	0.000000	0.000000	0.513401	0.000001	0.000000	0.009842	0.000000
56	tsk_56	(x)	1	:	0.000000	0.000000	0.000000	0.000000	0.000000	0.000000	0.000000	0.000000	0.000000	1.000000	0.000000	0.000000	0.000000	0.000000
57	tsk_57	(x)	1	:	0.006100	0.475003	0.004861	0.000000	0.000000	0.000000	0.000000	0.000000	0.000000	0.514036	0.000000	0.000000	0.000000	0.000000
58	tsk_58	(x)	1	:	0.354884	0.000000	0.121161	0.000000	0.000000	0.000000	0.000000	0.358777	0.000000	0.144442	0.000000	0.000000	0.020736	0.000000
59	tsk_59	(x)	1	:	0.002101	0.000000	0.001818	0.000000	0.000000	0.000000	0.000000	0.000000	0.000000	0.994021	0.000000	0.000000	0.002060	0.000000
60	tsk_60	(x)	1	:	0.000000	0.000000	0.000000	0.000000	0.000000	0.509081	0.000000	0.237041	0.000000	0.253878	0.000000	0.000000	0.000000	0.000000
61	tsk_61	(x)	1	:	0.000002	0.000000	0.000000	0.000000	0.000000	0.492353	0.000000	0.000000	0.000000	0.507645	0.000000	0.000000	0.000000	0.000000
62	tsk_62	(x)	1	:	0.000000	0.000000	0.000000	0.000000	0.000000	0.000000	0.000000	0.480542	0.000000	0.000000	0.000000	0.000000	0.000000	0.519458
63	tsk_63	(x)	1	:	0.000000	0.000000	0.000000	0.000000	0.000000	0.000000	0.469957	0.000000	0.000000	0.530043	0.000000	0.000000	0.000000	0.000000
64	tsk_64	(x)	1	:	0.776273	0.000000	0.223727	0.000000	0.000000	0.000000	0.000000	0.000000	0.000000	0.000000	0.000000	0.000000	0.000000	0.000000
65	tsk_65	(x)	1	:	0.000000	0.000000	0.000000	0.000000	0.000000	0.509081	0.000000	0.237041	0.000000	0.253878	0.000000	0.000000	0.000000	0.000000
66	tsk_66	(x)	1	:	0.000000	0.000000	0.000000	0.000000	0.000000	0.000000	0.000000	0.480542	0.000000	0.000000	0.000000	0.000000	0.000000	0.519458
67	tsk_67	(x)	1	:	0.154883	0.000000	0.154883	0.000000	0.000000	0.000000	0.000000	0.000000	0.000000	0.000000	0.000008	0.000000	0.154883	0.535342
68	tsk_68	(x)	1	:	0.000000	0.000000	0.000000	0.000000	0.000000	0.000000	0.477789	0.355570	0.000000	0.166641	0.000000	0.000000	0.000000	0.000000
69	tsk_69	(x)	1	:	0.000003	0.000000	0.000000	0.000000	0.000000	0.492352	0.000000	0.000000	0.000000	0.507644	0.000000	0.000000	0.000000	0.000000
70	tsk_70	(x)	1	:	0.234840	0.000000	0.265159	0.000000	0.000000	0.000000	0.000000	0.000000	0.500001	0.000000	0.000000	0.000000	0.000000	0.000000
71	tsk_71	(x)	1	:	0.267212	0.000000	0.110435	0.000000	0.000000	0.000000	0.000000	0.000000	0.000000	0.513401	0.000001	0.000000	0.108952	0.000000
72	tsk_72	(x)	1	:	0.131789	0.000000	0.000000	0.000000	0.000000	0.000000	0.000000	0.000000	0.000000	0.513402	0.000005	0.000000	0.354805	0.000000
73	tsk_73	(x)	1	:	0.315872	0.444930	0.235680	0.000000	0.000000	0.000000	0.000000	0.000000	0.000000	0.000000	0.000000	0.000000	0.003518	0.000000
74	tsk_74	(x)	1	:	0.000000	0.000000	1.000000	0.000000	0.000000	0.000000	0.000000	0.000000	0.000000	0.000000	0.000000	0.000000	0.000000	0.000000
75	tsk_75	(x)	1	:	0.402623	0.000000	0.597376	0.000000	0.000000	0.000000	0.000000	0.000000	0.000000	0.000000	0.000000	0.000000	0.000000	0.000000
76	tsk_76	(x)	1	:	0.568472	0.000000	0.431528	0.000000	0.000000	0.000000	0.000000	0.000000	0.000000	0.000000	0.000000	0.000000	0.000000	0.000000
77	tsk_77	(x)	1	:	0.403047	0.000000	0.581442	0.000000	0.000000	0.000000	0.000000	0.000000	0.000000	0.000000	0.000000	0.000000	0.015511	0.000000
78	tsk_78	(x)	1	:	0.618468	0.000000	0.334431	0.000000	0.000000	0.000000	0.000000	0.000000	0.000000	0.000000	0.000000	0.000000	0.047101	0.000000
79	tsk_79	(x)	1	:	0.235236	0.195748	0.553325	0.000000	0.000000	0.000000	0.000000	0.000000	0.000000	0.000000	0.000000	0.000000	0.015691	0.000000
80	tsk_80	(x)	1	:	0.000700	0.000000	0.000038	0.000000	0.000000	0.000000	0.000000	0.000000	0.487504	0.511757	0.000000	0.000000	0.000000	0.000000
81	tsk_81	(x)	1	:	0.000000	0.000000	0.000000	0.000000	0.000000	0.000000	0.000000	0.000000	1.000000	0.000000	0.000000	0.000000	0.000000	0.000000
82	tsk_82	(x)	1	:	0.000000	0.000000	0.000000	0.000000	0.000000	0.000000	0.000000	0.000000	1.000000	0.000000	0.000000	0.000000	0.000000	0.000000
83	tsk_83	(x)	1	:	0.320412	0.000000	0.154657	0.000000	0.000000	0.000000	0.000000	0.000000	0.500001	0.000000	0.000000	0.000000	0.024930	0.000000
84	tsk_84	(x)	1	:	0.268115	0.000000	0.231884	0.000000	0.000000	0.000000	0.000000	0.000000	0.500001	0.000000	0.000000	0.000000	0.000000	0.000000
85	tsk_85	(x)	1	:	0.000000	0.000000	0.000000	0.000000	0.000000	0.000000	0.000000	0.000000	1.000000	0.000000	0.000000	0.000000	0.000000	0.000000
86	tsk_86	(x)	1	:	0.001107	0.000000	0.000140	0.000000	0.000000	0.000000	0.000000	0.000000	0.487053	0.511699	0.000000	0.000000	0.000001	0.000000
87	tsk_87	(x)	1	:	0.315452	0.000000	0.167937	0.000000	0.000000	0.000000	0.000000	0.000000	0.500000	0.000000	0.000006	0.000000	0.016604	0.000000
88	tsk_88	(x)	1	:	0.018009	0.000000	0.086474	0.269748	0.500001	0.000000	0.000000	0.000000	0.000000	0.000000	0.000000	0.000000	0.125767	0.000000
89	tsk_89	(x)	1	:	0.001421	0.000000	0.000000	0.000000	0.499631	0.000000	0.000000	0.000000	0.497407	0.000000	0.000000	0.000000	0.001540	0.000000
90	tsk_90	(x)	1	:	0.328846	0.000000	0.401405	0.269749	0.000000	0.000000	0.000000	0.000000	0.000000	0.000000	0.000000	0.000000	0.000000	0.000000
91	tsk_91	(x)	1	:	0.103782	0.000000	0.369136	0.527082	0.000000	0.000000	0.000000	0.000000	0.000000	0.000000	0.000000	0.000000	0.000000	0.000000
92	tsk_92	(x)	1	:	0.216310	0.000000	0.201688	0.000000	0.000000	0.000000	0.000000	0.000000	0.000000	0.513401	0.000001	0.000000	0.068599	0.000000
93	tsk_93	(x)	1	:	0.536775	0.000000	0.458680	0.000000	0.000000	0.000000	0.000000	0.000000	0.000000	0.000000	0.000000	0.000000	0.004544	0.000000
94	tsk_94	(x)	1	:	0.339171	0.444929	0.200821	0.000000	0.000000	0.000000	0.000000	0.000000	0.000000	0.000000	0.000000	0.000000	0.015078	0.000000
95	tsk_95	(x)	1	:	0.000000	0.000000	0.000000	0.545553	0.000000	0.000000	0.454447	0.000000	0.000000	0.000000	0.000000	0.000000	0.000000	0.000000
96	tsk_96	(x)	1	:	0.154922	0.000000	0.310546	0.527082	0.000000	0.000000	0.000000	0.000000	0.000000	0.000000	0.000000	0.000000	0.007450	0.000000
97	tsk_97	(x)	1	:	0.000000	0.000000	0.000000	0.000000	0.000000	0.000000	0.497022	0.000000	0.000000	0.502978	0.000000	0.000000	0.000000	0.000000
98	tsk_98	(x)	1	:	0.075539	0.000000	0.397378	0.527082	0.000000	0.000000	0.000000	0.000000	0.000000	0.000000	0.000000	0.000000	0.000000	0.000000
99	tsk_99	(x)	1	:	0.272673	0.000000	0.153919	0.000000	0.000000	0.000000	0.000000	0.000000	0.000000	0.513401	0.000001	0.000000	0.060006	0.000000
100	tsk_100	(x)	1	:	0.297900	0.000000	0.160826	0.000000	0.000000	0.000000	0.000000	0.358776	0.000000	0.144443	0.000001	0.000000	0.038053	0.000000
101	tsk_101	(x)	1	:	0.368085	0.000000	0.631914	0.000000	0.000000	0.000000	0.000000	0.000000	0.000000	0.000000	0.000000	0.000000	0.000000	0.000000
102	tsk_102	(x)	1	:	0.217017	0.000000	0.188820	0.000000	0.000000	0.000000	0.000000	0.358776	0.000000	0.144444	0.000001	0.000000	0.090943	0.000000
103	tsk_103	(x)	1	:	0.316290	0.195748	0.487962	0.000000	0.000000	0.000000	0.000000	0.000000	0.000000	0.000000	0.000000	0.000000	0.000000	0.000000
104	tsk_104	(x)	1	:	0.090345	0.000000	0.389234	0.000000	0.000000	0.000000	0.515079	0.000000	0.000000	0.000000	0.000000	0.000000	0.005343	0.000000
105	tsk_105	(x)	1	:	0.150044	0.000000	0.823482	0.000000	0.000000	0.000000	0.000000	0.000000	0.000000	0.000000	0.000000	0.000000	0.026474	0.000000
106	tsk_106	(x)	1	:	0.000000	0.000000	0.000000	0.000000	0.000000	0.000000	0.469957	0.000000	0.000000	0.530043	0.000000	0.000000	0.000000	0.000000
107	tsk_107	(x)	1	:	0.380810	0.000000	0.092313	0.000000	0.000000	0.000000	0.000000	0.000000	0.000000	0.513401	0.000000	0.000000	0.013475	0.000000
108	tsk_108	(x)	1	:	0.000000	0.000000	0.000000	0.000000	0.594844	0.000000	0.000000	0.000000	0.000000	0.405155	0.000000	0.000000	0.000000	0.000000
109	tsk_109	(x)	1	:	0.193085	0.000000	0.296008	0.000000	0.000000	0.000000	0.000000	0.000000	0.500000	0.000000	0.000000	0.000000	0.010906	0.000000
110	tsk_110	(x)	1	:	0.456086	0.000000	0.543914	0.000000	0.000000	0.000000	0.000000	0.000000	0.000000	0.000000	0.000000	0.000000	0.000000	0.000000
111	tsk_111	(x)	1	:	0.326186	0.000000	0.644421	0.000000	0.000000	0.000000	0.000000	0.000000	0.000000	0.000000	0.000000	0.000000	0.029393	0.000000
112	tsk_112	(x)	1	:	0.000000	0.000000	0.000000	0.000000	0.424455	0.000000	0.000000	0.575545	0.000000	0.000000	0.000000	0.000000	0.000000	0.000000
113	tsk_113	(x)	1	:	0.337976	0.000000	0.134779	0.000000	0.000000	0.000000	0.000000	0.506757	0.000000	0.000000	0.000000	0.000000	0.020487	0.000000
114	tsk_114	(x)	1	:	0.000000	0.000000	0.000000	0.000000	0.000000	0.000000	0.533136	0.365038	0.000000	0.101826	0.000000	0.000000	0.000000	0.000000
115	tsk_115	(x)	1	:	0.332121	0.000000	0.151280	0.000000	0.000000	0.000000	0.000000	0.506757	0.000000	0.000000	0.000001	0.000000	0.009841	0.000000
116	tsk_116	(x)	1	:	0.001711	0.000000	0.000000	0.000000	0.000000	0.000000	0.000000	0.505950	0.492339	0.000000	0.000000	0.000000	0.000000	0.000000
117	tsk_117	(x)	1	:	0.000000	0.000000	0.000000	0.000000	0.000000	0.000000	1.000000	0.000000	0.000000	0.000000	0.000000	0.000000	0.000000	0.000000
118	tsk_118	(x)	1	:	0.267429	0.000000	0.224123	0.000000	0.000000	0.000000	0.000000	0.506757	0.000000	0.000000	0.000000	0.000000	0.001691	0.000000
119	tsk_119	(x)	1	:	0.497317	0.000000	0.502683	0.000000	0.000000	0.000000	0.000000	0.000000	0.000000	0.000000	0.000000	0.000000	0.000000	0.000000
120	tsk_120	(x)	1	:	0.460690	0.000000	0.502028	0.000000	0.000000	0.000000	0.000000	0.000000	0.000000	0.000000	0.000000	0.000000	0.037282	0.000000
121	tsk_121	(x)	1	:	0.436359	0.000000	0.478981	0.000000	0.000000	0.000000	0.000000	0.000000	0.000000	0.000000	0.000000	0.000000	0.084659	0.000000
122	tsk_122	(x)	1	:	0.177800	0.000000	0.059941	0.000000	0.500000	0.000000	0.000000	0.000000	0.000000	0.000000	0.000000	0.000000	0.262259	0.000000
123	tsk_123	(x)	1	:	0.000000	0.000000	1.000000	0.000000	0.000000	0.000000	0.000000	0.000000	0.000000	0.000000	0.000000	0.000000	0.000000	0.000000
124	tsk_124	(x)	1	:	0.099467	0.000000	0.366693	0.000000	0.000000	0.000000	0.516755	0.000000	0.000000	0.000000	0.000000	0.000000	0.017085	0.000000
125	tsk_125	(x)	1	:	0.236927	0.000000	0.723165	0.000000	0.000000	0.000000	0.000000	0.000000	0.000000	0.000000	0.000000	0.000000	0.039908	0.000000
126	tsk_126	(x)	1	:	0.108200	0.000000	0.348674	0.000000	0.000000	0.000000	0.516755	0.000000	0.000000	0.000000	0.000000	0.000000	0.026371	0.000000
127	tsk_127	(x)	1	:	0.282000	0.000000	0.717999	0.000000	0.000000	0.000000	0.000000	0.000000	0.000000	0.000000	0.000000	0.000000	0.000000	0.000000
128	tsk_128	(x)	1	:	0.279239	0.000000	0.175258	0.000000	0.000000	0.000000	0.000000	0.000000	0.000000	0.392396	0.000000	0.000000	0.153107	0.000000
129	tsk_129	(x)	1	:	0.298790	0.000000	0.701210	0.000000	0.000000	0.000000	0.000000	0.000000	0.000000	0.000000	0.000000	0.000000	0.000000	0.000000
130	tsk_130	(x)	1	:	0.175259	0.000000	0.028344	0.000000	0.500000	0.000000	0.000000	0.000000	0.000000	0.000000	0.000000	0.000000	0.296397	0.000000
131	tsk_131	(x)	1	:	0.346521	0.000000	0.653479	0.000000	0.000000	0.000000	0.000000	0.000000	0.000000	0.000000	0.000000	0.000000	0.000000	0.000000
132	tsk_132	(x)	1	:	0.239433	0.000000	0.196487	0.000000	0.000000	0.000000	0.000000	0.358776	0.000000	0.144443	0.000001	0.000000	0.060860	0.000000
133	tsk_133	(x)	1	:	0.235332	0.000000	0.222023	0.000000	0.000000	0.000000	0.000000	0.000000	0.500001	0.000000	0.000000	0.000000	0.042645	0.000000
134	tsk_134	(x)	1	:	0.021035	0.000000	0.448310	0.000000	0.000000	0.000000	0.525714	0.000000	0.000000	0.000000	0.000000	0.000000	0.004941	0.000000
135	tsk_135	(x)	1	:	0.000000	0.000000	0.000000	0.000000	0.000000	0.000000	0.457420	0.000000	0.000000	0.000000	0.000000	0.000000	0.000000	0.542580
136	tsk_136	(x)	1	:	0.001934	0.000000	0.000145	0.000000	0.000000	0.000000	0.000000	0.358895	0.495249	0.143692	0.000000	0.000000	0.000086	0.000000
137	tsk_137	(x)	1	:	0.002099	0.000000	0.000464	0.000000	0.000000	0.000000	0.000000	0.358910	0.494754	0.143611	0.000000	0.000000	0.000162	0.000000
138	tsk_138	(x)	1	:	0.000010	0.000000	0.000566	0.000000	0.000000	0.000000	0.520942	0.000000	0.478481	0.000000	0.000000	0.000000	0.000000	0.000000
139	tsk_139	(x)	1	:	0.218790	0.000000	0.167864	0.000000	0.000000	0.000000	0.000000	0.358775	0.000000	0.144444	0.000002	0.000000	0.110126	0.000000
140	tsk_140	(x)	1	:	0.486498	0.000000	0.497702	0.000000	0.000000	0.000000	0.000000	0.000000	0.000000	0.000000	0.000000	0.000000	0.015800	0.000000
141	tsk_141	(x)	1	:	0.000036	0.000000	0.000551	0.000000	0.000000	0.000000	0.520940	0.000000	0.478473	0.000000	0.000000	0.000000	0.000000	0.000000
142	tsk_142	(x)	1	:	0.000000	0.000000	0.000000	0.000000	0.000000	0.000000	0.000000	0.599637	0.000000	0.400363	0.000000	0.000000	0.000000	0.000000
143	tsk_143	(x)	1	:	0.525371	0.000000	0.466318	0.000000	0.000000	0.000000	0.000000	0.000000	0.000000	0.000000	0.000000	0.000000	0.008311	0.000000
144	tsk_144	(x)	1	:	0.250292	0.000000	0.195396	0.000000	0.000000	0.000000	0.000000	0.000000	0.000000	0.513401	0.000000	0.000000	0.040910	0.000000
145	tsk_145	(x)	1	:	0.112607	0.000000	0.887393	0.000000	0.000000	0.000000	0.000000	0.000000	0.000000	0.000000	0.000000	0.000000	0.000000	0.000000
146	tsk_146	(x)	1	:	0.564998	0.000000	0.435002	0.000000	0.000000	0.000000	0.000000	0.000000	0.000000	0.000000	0.000000	0.000000	0.000000	0.000000
147	tsk_147	(x)	1	:	0.000964	0.000000	0.000195	0.000000	0.000000	0.000000	0.000000	0.000000	0.487072	0.511701	0.000000	0.000000	0.000067	0.000000
148	tsk_148	(x)	1	:	0.475483	0.000000	0.524517	0.000000	0.000000	0.000000	0.000000	0.000000	0.000000	0.000000	0.000000	0.000000	0.000000	0.000000
149	tsk_149	(x)	1	:	0.221669	0.000000	0.197567	0.000000	0.000000	0.000000	0.000000	0.000000	0.000000	0.513401	0.000001	0.000000	0.067362	0.000000
