0	tsk_0	(x)	1	:	0.000000	0.000000	0.305104	0.000000	0.000000	0.179346	0.000000	0.000000	0.000000	0.515550	0.000000	0.000000
1	tsk_1	(x)	1	:	0.000000	0.000000	0.000000	0.000000	0.000000	0.000000	0.000000	0.000000	0.349655	0.000000	0.000000	0.650345
2	tsk_2	(x)	1	:	0.455390	0.000000	0.000000	0.000000	0.544610	0.000000	0.000000	0.000000	0.000000	0.000000	0.000000	0.000000
3	tsk_3	(x)	1	:	0.463225	0.000000	0.000000	0.536775	0.000000	0.000000	0.000000	0.000000	0.000000	0.000000	0.000000	0.000000
4	tsk_4	(x)	1	:	0.000000	0.000000	0.000000	0.000000	0.000000	0.000000	0.000000	0.000000	0.257101	0.379840	0.000000	0.363059
5	tsk_5	(x)	1	:	0.000000	0.000000	0.000000	0.493875	0.000000	0.000000	0.000000	0.000000	0.000000	0.506125	0.000000	0.000000
6	tsk_6	(x)	1	:	0.000000	0.000000	0.196759	0.000000	0.000000	0.349857	0.000000	0.000000	0.000000	0.453384	0.000000	0.000000
7	tsk_7	(x)	1	:	0.420155	0.000000	0.000000	0.000000	0.000000	0.000000	0.000000	0.000000	0.243758	0.000000	0.000000	0.336087
8	tsk_8	(x)	1	:	0.486232	0.000000	0.206272	0.000000	0.000000	0.307497	0.000000	0.000000	0.000000	0.000000	0.000000	0.000000
9	tsk_9	(x)	1	:	0.463225	0.000000	0.000000	0.536775	0.000000	0.000000	0.000000	0.000000	0.000000	0.000000	0.000000	0.000000
10	tsk_10	(x)	1	:	0.000000	0.000000	0.000000	0.000000	1.000000	0.000000	0.000000	0.000000	0.000000	0.000000	0.000000	0.000000
11	tsk_11	(x)	1	:	0.000000	0.000000	0.231000	0.000000	0.000000	0.269000	0.000000	0.000000	0.499998	0.000000	0.000000	0.000002
12	tsk_12	(x)	1	:	0.000000	0.000000	0.000000	0.000000	0.579482	0.000000	0.000000	0.000000	0.420518	0.000000	0.000000	0.000000
13	tsk_13	(x)	1	:	0.000000	0.000000	0.000000	0.000000	0.579482	0.000000	0.000000	0.000000	0.420518	0.000000	0.000000	0.000000
14	tsk_14	(x)	1	:	0.480356	0.000000	0.000000	0.000000	0.000000	0.000000	0.000000	0.000000	0.519596	0.000000	0.000000	0.000048
15	tsk_15	(x)	1	:	0.000000	0.000000	0.308501	0.000000	0.000000	0.191499	0.000000	0.000000	0.499998	0.000000	0.000000	0.000002
16	tsk_16	(x)	1	:	0.000000	0.000000	0.000000	0.000000	0.579482	0.000000	0.000000	0.000000	0.420518	0.000000	0.000000	0.000000
17	tsk_17	(x)	1	:	0.000000	0.000000	0.000000	0.000000	0.579482	0.000000	0.000000	0.000000	0.420518	0.000000	0.000000	0.000000
18	tsk_18	(x)	1	:	0.000000	0.000000	0.000000	0.000000	0.438081	0.000000	0.000000	0.000000	0.536261	0.000000	0.000000	0.025658
19	tsk_19	(x)	1	:	0.480877	0.000000	0.000000	0.000000	0.000000	0.000000	0.000000	0.000000	0.000000	0.000000	0.000000	0.519123
20	tsk_20	(x)	1	:	0.000000	0.000000	0.000000	0.000000	0.000000	0.000000	0.000000	0.000000	0.479908	0.520092	0.000000	0.000000
21	tsk_21	(x)	1	:	0.537190	0.000000	0.049581	0.000000	0.000000	0.091834	0.000000	0.321394	0.000000	0.000000	0.000000	0.000000
22	tsk_22	(x)	1	:	0.000000	0.000000	0.103639	0.000000	0.438304	0.080253	0.000000	0.322228	0.000000	0.000000	0.000000	0.055576
23	tsk_23	(x)	1	:	0.000000	0.000000	0.000000	0.000000	0.000000	0.000000	0.000000	0.000000	0.000000	0.526368	0.000000	0.473632
24	tsk_24	(x)	1	:	0.000000	0.000000	0.000000	0.000000	0.000000	0.000000	0.000000	0.000000	0.000000	0.000000	0.000000	1.000000
25	tsk_25	(x)	1	:	0.000000	0.000000	0.000000	0.000000	0.000000	0.000000	0.363853	0.000000	0.000000	0.521114	0.000000	0.115033
26	tsk_26	(x)	1	:	0.000000	0.000000	0.000000	0.000000	0.000000	0.000000	0.000000	0.000000	0.537659	0.000000	0.000000	0.462341
27	tsk_27	(x)	1	:	0.000000	0.000000	0.236565	0.000000	0.000000	0.004431	0.000000	0.265330	0.000000	0.000000	0.000000	0.493674
28	tsk_28	(x)	1	:	0.000000	0.000000	0.077669	0.000000	0.000000	0.031414	0.000000	0.000000	0.499998	0.000000	0.390917	0.000002
29	tsk_29	(x)	1	:	0.000000	0.000000	0.000000	0.000000	0.000000	0.000000	0.000000	0.000000	0.479908	0.520092	0.000000	0.000000
30	tsk_30	(x)	1	:	0.000000	0.000000	0.354887	0.000000	0.526484	0.118629	0.000000	0.000000	0.000000	0.000000	0.000000	0.000000
31	tsk_31	(x)	1	:	0.000000	0.000000	0.077756	0.000000	0.000000	0.037655	0.000000	0.000000	0.000000	0.000000	0.390917	0.493673
32	tsk_32	(x)	1	:	0.486232	0.000000	0.201550	0.000000	0.000000	0.312218	0.000000	0.000000	0.000000	0.000000	0.000000	0.000000
33	tsk_33	(x)	1	:	0.000000	0.000000	0.000000	0.000000	0.000000	0.000000	0.000000	0.000000	0.000000	0.000000	1.000000	0.000000
34	tsk_34	(x)	1	:	0.000000	0.000000	0.000000	0.000000	1.000000	0.000000	0.000000	0.000000	0.000000	0.000000	0.000000	0.000000
35	tsk_35	(x)	1	:	0.000000	0.000000	0.000000	0.000000	1.000000	0.000000	0.000000	0.000000	0.000000	0.000000	0.000000	0.000000
36	tsk_36	(x)	1	:	0.000000	0.515616	0.000000	0.000000	0.437738	0.000000	0.000000	0.000000	0.000000	0.000000	0.000000	0.046645
37	tsk_37	(x)	1	:	0.000000	0.000000	0.417242	0.000000	0.000000	0.191841	0.000000	0.000000	0.000000	0.000000	0.390917	0.000000
38	tsk_38	(x)	1	:	0.000000	0.000000	0.312145	0.000000	0.000000	0.194182	0.000000	0.000000	0.000000	0.000000	0.000000	0.493673
39	tsk_39	(x)	1	:	0.000000	0.000000	0.000000	0.000000	1.000000	0.000000	0.000000	0.000000	0.000000	0.000000	0.000000	0.000000
40	tsk_40	(x)	1	:	0.000000	0.000000	0.404048	0.000000	0.000000	0.595951	0.000000	0.000000	0.000000	0.000000	0.000000	0.000000
41	tsk_41	(x)	1	:	0.000000	0.000000	0.000000	0.000000	0.000000	0.000000	0.000000	0.000000	1.000000	0.000000	0.000000	0.000000
42	tsk_42	(x)	1	:	0.000000	0.000000	0.212039	0.000000	0.000000	0.177072	0.000000	0.000000	0.000000	0.000000	0.610889	0.000000
43	tsk_43	(x)	1	:	0.000000	0.000000	0.531195	0.000000	0.000000	0.468805	0.000000	0.000000	0.000000	0.000000	0.000000	0.000000
44	tsk_44	(x)	1	:	0.000000	0.000000	0.000000	0.000000	0.000000	0.000000	0.000000	0.000000	0.352034	0.000000	0.000000	0.647966
45	tsk_45	(x)	1	:	0.000000	0.000000	0.453650	0.000000	0.000000	0.046349	0.000000	0.000000	0.499997	0.000000	0.000000	0.000003
46	tsk_46	(x)	1	:	0.000000	0.000000	0.000000	0.000000	0.000000	0.000000	0.000000	0.000000	1.000000	0.000000	0.000000	0.000000
47	tsk_47	(x)	1	:	0.000000	0.000000	0.000000	0.000000	0.000000	0.000000	0.000000	0.000000	0.000000	0.412276	0.000000	0.587724
48	tsk_48	(x)	1	:	0.000000	0.000000	0.164206	0.000000	0.000000	0.224905	0.000000	0.000000	0.000000	0.000000	0.610889	0.000000
49	tsk_49	(x)	1	:	0.000000	0.000000	0.274097	0.000000	0.000000	0.210353	0.000000	0.000000	0.000000	0.515550	0.000000	0.000000
50	tsk_50	(x)	1	:	0.486180	0.000000	0.047465	0.000000	0.000000	0.201526	0.000000	0.264829	0.000000	0.000000	0.000000	0.000000
51	tsk_51	(x)	1	:	0.000000	0.000000	0.261208	0.000000	0.000000	0.738792	0.000000	0.000000	0.000000	0.000000	0.000000	0.000000
52	tsk_52	(x)	1	:	0.000000	0.000000	0.262016	0.000000	0.000000	0.347067	0.000000	0.000000	0.000000	0.000000	0.390917	0.000000
53	tsk_53	(x)	1	:	0.486232	0.000000	0.071526	0.000000	0.000000	0.442243	0.000000	0.000000	0.000000	0.000000	0.000000	0.000000
54	tsk_54	(x)	1	:	0.000000	0.000000	0.168165	0.000000	0.000000	0.831835	0.000000	0.000000	0.000000	0.000000	0.000000	0.000000
55	tsk_55	(x)	1	:	0.000000	0.000000	0.000000	0.000000	0.656525	0.000000	0.000000	0.000000	0.000000	0.000000	0.000000	0.343475
56	tsk_56	(x)	1	:	0.000000	0.000000	0.545478	0.000000	0.000000	0.454522	0.000000	0.000000	0.000000	0.000000	0.000000	0.000000
57	tsk_57	(x)	1	:	0.000000	0.000000	0.610229	0.000000	0.000000	0.389770	0.000000	0.000000	0.000000	0.000000	0.000000	0.000000
58	tsk_58	(x)	1	:	0.000000	0.000000	0.530329	0.000000	0.000000	0.469671	0.000000	0.000000	0.000000	0.000000	0.000000	0.000000
59	tsk_59	(x)	1	:	0.486232	0.000000	0.105633	0.000000	0.000000	0.408135	0.000000	0.000000	0.000000	0.000000	0.000000	0.000000
60	tsk_60	(x)	1	:	0.488339	0.000000	0.000000	0.000000	0.000000	0.000003	0.000000	0.511658	0.000000	0.000000	0.000000	0.000000
61	tsk_61	(x)	1	:	0.488335	0.000000	0.000000	0.000000	0.000000	0.000003	0.000000	0.511663	0.000000	0.000000	0.000000	0.000000
62	tsk_62	(x)	1	:	0.493334	0.000000	0.066650	0.000000	0.000000	0.245840	0.000000	0.194176	0.000000	0.000000	0.000000	0.000000
63	tsk_63	(x)	1	:	0.000000	0.000000	0.000000	1.000000	0.000000	0.000000	0.000000	0.000000	0.000000	0.000000	0.000000	0.000000
64	tsk_64	(x)	1	:	0.000000	0.000000	0.127787	0.000000	0.000000	0.056316	0.000000	0.322222	0.000000	0.000000	0.000000	0.493676
65	tsk_65	(x)	1	:	0.000000	0.000000	0.000000	0.000000	0.579482	0.000000	0.000000	0.000000	0.420518	0.000000	0.000000	0.000000
66	tsk_66	(x)	1	:	0.000000	0.000000	0.055755	0.000000	0.000000	0.128348	0.000000	0.322222	0.000000	0.000000	0.000000	0.493675
67	tsk_67	(x)	1	:	0.000000	0.000000	0.000000	0.391041	0.000000	0.000000	0.000000	0.000000	0.000000	0.000000	0.000000	0.608959
68	tsk_68	(x)	1	:	0.000000	0.000000	0.496069	0.000000	0.000000	0.503931	0.000000	0.000000	0.000000	0.000000	0.000000	0.000000
69	tsk_69	(x)	1	:	0.000000	0.000000	0.131285	0.389810	0.000000	0.052628	0.000000	0.322223	0.000000	0.000000	0.000000	0.104054
70	tsk_70	(x)	1	:	0.000000	0.000000	0.000000	0.548716	0.000000	0.000000	0.000000	0.000000	0.451284	0.000000	0.000000	0.000000
71	tsk_71	(x)	1	:	0.000000	0.000000	0.072786	0.000000	0.000000	0.036298	0.000000	0.000000	0.499998	0.000000	0.390916	0.000003
72	tsk_72	(x)	1	:	0.000000	0.000000	0.210466	0.000000	0.000000	0.289533	0.000000	0.000000	0.500000	0.000000	0.000000	0.000001
73	tsk_73	(x)	1	:	0.000000	0.000000	0.371218	0.000000	0.000000	0.306561	0.000000	0.322221	0.000000	0.000000	0.000000	0.000000
74	tsk_74	(x)	1	:	0.000000	0.000000	0.307689	0.000000	0.000000	0.192311	0.000000	0.000000	0.499998	0.000000	0.000000	0.000002
75	tsk_75	(x)	1	:	0.000000	0.000000	0.000000	0.548716	0.000000	0.000000	0.000000	0.000000	0.451284	0.000000	0.000000	0.000000
76	tsk_76	(x)	1	:	0.000000	0.000000	0.101261	0.000000	0.000000	0.076513	0.000000	0.322221	0.500002	0.000000	0.000000	0.000003
77	tsk_77	(x)	1	:	0.000000	0.000000	0.101733	0.000000	0.000000	0.076041	0.000000	0.322221	0.500002	0.000000	0.000000	0.000003
78	tsk_78	(x)	1	:	0.000000	0.000000	0.341278	0.000000	0.000000	0.158722	0.000000	0.000000	0.500000	0.000000	0.000000	0.000000
79	tsk_79	(x)	1	:	0.000000	0.000000	0.204597	0.000000	0.000000	0.279853	0.000000	0.000000	0.000000	0.515550	0.000000	0.000000
80	tsk_80	(x)	1	:	0.000000	0.000000	0.000000	0.000000	1.000000	0.000000	0.000000	0.000000	0.000000	0.000000	0.000000	0.000000
81	tsk_81	(x)	1	:	0.486232	0.000000	0.154178	0.000000	0.000000	0.359591	0.000000	0.000000	0.000000	0.000000	0.000000	0.000000
82	tsk_82	(x)	1	:	0.000000	0.000000	0.334943	0.000000	0.438322	0.171183	0.000000	0.000000	0.000000	0.000000	0.000000	0.055552
83	tsk_83	(x)	1	:	0.000000	0.000000	0.354709	0.000000	0.438322	0.151417	0.000000	0.000000	0.000000	0.000000	0.000000	0.055552
84	tsk_84	(x)	1	:	0.000000	0.000000	0.000000	0.000000	0.439663	0.000000	0.000000	0.000000	0.000000	0.000000	0.000000	0.560336
85	tsk_85	(x)	1	:	0.000000	0.000000	0.000000	0.000000	0.000000	0.000000	0.000000	0.000000	0.000000	0.000000	0.000000	1.000000
86	tsk_86	(x)	1	:	0.000000	0.000000	0.000000	0.000000	0.000000	0.000000	0.000000	0.000000	0.000000	0.000000	0.000000	1.000000
87	tsk_87	(x)	1	:	0.480877	0.000000	0.000000	0.000000	0.000000	0.000000	0.000000	0.000000	0.000000	0.000000	0.000000	0.519123
88	tsk_88	(x)	1	:	0.000000	0.000000	0.171684	0.000000	0.000000	0.259308	0.000000	0.569007	0.000000	0.000000	0.000000	0.000000
89	tsk_89	(x)	1	:	0.000000	0.000000	0.429064	0.000000	0.000000	0.077263	0.000000	0.000000	0.000000	0.000000	0.000000	0.493673
90	tsk_90	(x)	1	:	0.511726	0.000000	0.187423	0.000000	0.000000	0.300850	0.000000	0.000000	0.000000	0.000000	0.000000	0.000000
91	tsk_91	(x)	1	:	0.000000	0.614846	0.194158	0.000000	0.000000	0.190995	0.000000	0.000000	0.000000	0.000000	0.000000	0.000000
92	tsk_92	(x)	1	:	0.000000	0.614920	0.199038	0.000000	0.000000	0.186041	0.000000	0.000000	0.000000	0.000000	0.000000	0.000000
93	tsk_93	(x)	1	:	0.000000	0.615059	0.208010	0.000000	0.000000	0.176931	0.000000	0.000000	0.000000	0.000000	0.000000	0.000000
94	tsk_94	(x)	1	:	0.511726	0.000000	0.120813	0.000000	0.000000	0.367460	0.000000	0.000000	0.000000	0.000000	0.000000	0.000000
95	tsk_95	(x)	1	:	0.000000	0.000000	0.349412	0.000000	0.000000	0.150588	0.000000	0.000000	0.499998	0.000000	0.000000	0.000002
96	tsk_96	(x)	1	:	0.537249	0.000000	0.195747	0.000000	0.000000	0.267004	0.000000	0.000000	0.000000	0.000000	0.000000	0.000000
97	tsk_97	(x)	1	:	1.000000	0.000000	0.000000	0.000000	0.000000	0.000000	0.000000	0.000000	0.000000	0.000000	0.000000	0.000000
98	tsk_98	(x)	1	:	0.000000	0.000000	0.565883	0.000000	0.000000	0.434117	0.000000	0.000000	0.000000	0.000000	0.000000	0.000000
99	tsk_99	(x)	1	:	0.000000	0.000000	0.770806	0.000000	0.000000	0.229193	0.000000	0.000000	0.000000	0.000000	0.000000	0.000000
100	tsk_100	(x)	1	:	0.000000	0.000000	0.486321	0.000000	0.000000	0.513679	0.000000	0.000000	0.000000	0.000000	0.000000	0.000000
101	tsk_101	(x)	1	:	0.000000	0.000000	0.000000	0.000000	0.000000	0.000000	0.000000	0.000000	1.000000	0.000000	0.000000	0.000000
102	tsk_102	(x)	1	:	0.000000	0.000000	0.000000	0.000000	0.000000	0.000000	0.000000	0.000000	1.000000	0.000000	0.000000	0.000000
103	tsk_103	(x)	1	:	0.000000	0.000000	0.000000	0.000000	0.000000	0.000000	0.000000	0.000000	1.000000	0.000000	0.000000	0.000000
104	tsk_104	(x)	1	:	0.000000	0.000000	0.295183	0.000000	0.000000	0.204817	0.000000	0.000000	0.499998	0.000000	0.000000	0.000002
105	tsk_105	(x)	1	:	0.000000	0.000000	0.496458	0.000000	0.000000	0.503542	0.000000	0.000000	0.000000	0.000000	0.000000	0.000000
106	tsk_106	(x)	1	:	0.000000	0.000000	0.000000	0.000000	0.000000	0.000000	0.000000	0.000000	1.000000	0.000000	0.000000	0.000000
107	tsk_107	(x)	1	:	0.000000	0.000000	0.295924	0.000000	0.000000	0.204075	0.000000	0.000000	0.499998	0.000000	0.000000	0.000002
108	tsk_108	(x)	1	:	0.000000	0.000000	0.192037	0.000000	0.000000	0.307962	0.000000	0.000000	0.499999	0.000000	0.000000	0.000001
109	tsk_109	(x)	1	:	0.000000	0.000000	0.470980	0.000000	0.000000	0.529020	0.000000	0.000000	0.000000	0.000000	0.000000	0.000000
110	tsk_110	(x)	1	:	0.000000	0.000000	0.000000	0.000000	0.000000	0.000000	0.000000	0.000000	0.000000	0.000000	0.000000	1.000000
111	tsk_111	(x)	1	:	0.000000	0.000000	0.000000	0.000000	0.000000	0.000000	0.000000	0.000000	1.000000	0.000000	0.000000	0.000000
112	tsk_112	(x)	1	:	0.000000	0.000000	0.000000	0.000000	0.000000	0.000000	0.000000	0.000000	1.000000	0.000000	0.000000	0.000000
113	tsk_113	(x)	1	:	0.000000	0.000000	0.000000	0.000000	0.000000	0.000000	0.000000	0.000000	1.000000	0.000000	0.000000	0.000000
114	tsk_114	(x)	1	:	0.000000	0.000000	0.000000	0.000000	0.000000	0.000000	0.000000	0.000000	1.000000	0.000000	0.000000	0.000000
115	tsk_115	(x)	1	:	0.000000	0.000000	0.000000	0.000000	0.000000	0.000000	0.000000	0.000000	0.536480	0.436273	0.000000	0.027247
116	tsk_116	(x)	1	:	0.491554	0.000000	0.000000	0.000000	0.000000	0.000000	0.000000	0.000000	0.000000	0.508446	0.000000	0.000000
117	tsk_117	(x)	1	:	0.516412	0.000000	0.000000	0.000000	0.000000	0.000000	0.000000	0.000000	0.483588	0.000000	0.000000	0.000000
118	tsk_118	(x)	1	:	0.000000	0.000000	0.000000	0.000000	0.000000	0.000000	0.000000	0.000000	0.000000	0.000000	0.000000	1.000000
119	tsk_119	(x)	1	:	0.480356	0.000000	0.000000	0.000000	0.000000	0.000000	0.000000	0.000000	0.519601	0.000000	0.000000	0.000043
120	tsk_120	(x)	1	:	0.486232	0.000000	0.075478	0.000000	0.000000	0.438290	0.000000	0.000000	0.000000	0.000000	0.000000	0.000000
121	tsk_121	(x)	1	:	0.482762	0.000000	0.000000	0.000000	0.437981	0.000000	0.000000	0.000000	0.000000	0.000000	0.000000	0.079257
122	tsk_122	(x)	1	:	0.000000	0.000000	0.409102	0.000000	0.000000	0.590898	0.000000	0.000000	0.000000	0.000000	0.000000	0.000000
123	tsk_123	(x)	1	:	0.486232	0.000000	0.069813	0.000000	0.000000	0.443955	0.000000	0.000000	0.000000	0.000000	0.000000	0.000000
124	tsk_124	(x)	1	:	0.000000	0.000000	0.379808	0.000000	0.000000	0.620192	0.000000	0.000000	0.000000	0.000000	0.000000	0.000000
125	tsk_125	(x)	1	:	1.000000	0.000000	0.000000	0.000000	0.000000	0.000000	0.000000	0.000000	0.000000	0.000000	0.000000	0.000000
126	tsk_126	(x)	1	:	1.000000	0.000000	0.000000	0.000000	0.000000	0.000000	0.000000	0.000000	0.000000	0.000000	0.000000	0.000000
127	tsk_127	(x)	1	:	0.486232	0.000000	0.100947	0.000000	0.000000	0.412821	0.000000	0.000000	0.000000	0.000000	0.000000	0.000000
128	tsk_128	(x)	1	:	0.000000	0.000000	0.312880	0.000000	0.438322	0.193245	0.000000	0.000000	0.000000	0.000000	0.000000	0.055552
129	tsk_129	(x)	1	:	1.000000	0.000000	0.000000	0.000000	0.000000	0.000000	0.000000	0.000000	0.000000	0.000000	0.000000	0.000000
130	tsk_130	(x)	1	:	0.000000	0.000000	0.375149	0.000000	0.438322	0.130976	0.000000	0.000000	0.000000	0.000000	0.000000	0.055552
131	tsk_131	(x)	1	:	0.537249	0.000000	0.237472	0.000000	0.000000	0.225278	0.000000	0.000000	0.000000	0.000000	0.000000	0.000000
132	tsk_132	(x)	1	:	0.537249	0.000000	0.309002	0.000000	0.000000	0.153749	0.000000	0.000000	0.000000	0.000000	0.000000	0.000000
133	tsk_133	(x)	1	:	0.000000	0.000000	0.000000	0.000000	1.000000	0.000000	0.000000	0.000000	0.000000	0.000000	0.000000	0.000000
134	tsk_134	(x)	1	:	0.537249	0.000000	0.250186	0.000000	0.000000	0.212565	0.000000	0.000000	0.000000	0.000000	0.000000	0.000000
135	tsk_135	(x)	1	:	0.000000	0.000000	0.404300	0.000000	0.000000	0.595700	0.000000	0.000000	0.000000	0.000000	0.000000	0.000000
136	tsk_136	(x)	1	:	0.000000	0.000000	0.373001	0.000000	0.000000	0.160225	0.000000	0.466774	0.000000	0.000000	0.000000	0.000000
137	tsk_137	(x)	1	:	0.537244	0.000000	0.003546	0.000000	0.000000	0.002877	0.000000	0.000000	0.000000	0.000000	0.456333	0.000000
138	tsk_138	(x)	1	:	0.486232	0.000000	0.085561	0.000000	0.000000	0.428207	0.000000	0.000000	0.000000	0.000000	0.000000	0.000000
139	tsk_139	(x)	1	:	0.000000	0.000000	0.245486	0.000000	0.438322	0.260640	0.000000	0.000000	0.000000	0.000000	0.000000	0.055552
140	tsk_140	(x)	1	:	0.000000	0.000000	0.000000	0.000000	0.439663	0.000000	0.000000	0.000000	0.000000	0.000000	0.000000	0.560336
141	tsk_141	(x)	1	:	0.462901	0.000000	0.000000	0.000000	0.000000	0.000000	0.000000	0.000000	0.000000	0.537099	0.000000	0.000000
142	tsk_142	(x)	1	:	0.000000	0.000000	0.000000	0.000000	0.439663	0.000000	0.000000	0.000000	0.000000	0.000000	0.000000	0.560336
143	tsk_143	(x)	1	:	1.000000	0.000000	0.000000	0.000000	0.000000	0.000000	0.000000	0.000000	0.000000	0.000000	0.000000	0.000000
144	tsk_144	(x)	1	:	0.000000	0.000000	0.355603	0.000000	0.346757	0.128612	0.169028	0.000000	0.000000	0.000000	0.000000	0.000000
145	tsk_145	(x)	1	:	1.000000	0.000000	0.000000	0.000000	0.000000	0.000000	0.000000	0.000000	0.000000	0.000000	0.000000	0.000000
146	tsk_146	(x)	1	:	0.492585	0.000000	0.259146	0.000000	0.000000	0.152796	0.095473	0.000000	0.000000	0.000000	0.000000	0.000000
147	tsk_147	(x)	1	:	0.000000	0.000000	0.000000	0.000000	0.000000	0.000000	0.000000	0.000000	0.000000	0.000000	0.000000	1.000000
148	tsk_148	(x)	1	:	0.000000	1.000000	0.000000	0.000000	0.000000	0.000000	0.000000	0.000000	0.000000	0.000000	0.000000	0.000000
149	tsk_149	(x)	1	:	0.000000	0.000000	0.628242	0.000000	0.000000	0.371758	0.000000	0.000000	0.000000	0.000000	0.000000	0.000000
