logL = -625.131034 (converged)
AIC = 4910.262068
BIC = 10419.724656

count.K
31 4 2 9 8 13 15 24 27 6 11 

