0	tsk_0	(x)	1	:	0.000000	0.000000	0.000000	0.000000	0.000000	0.000000	0.000000	0.000000	0.000000	0.000000	0.500621	0.000000	0.499378
1	tsk_1	(x)	1	:	0.000000	0.000000	0.000000	0.000000	0.000000	0.000000	0.000000	0.000000	0.000000	0.000000	0.500621	0.000000	0.499379
2	tsk_2	(x)	1	:	0.000000	0.000000	0.000000	0.000000	0.000000	0.000000	0.000000	0.000000	0.000000	0.000000	0.000000	0.000000	1.000000
3	tsk_3	(x)	1	:	0.000000	0.000000	0.000000	0.000000	0.000000	0.000000	0.191679	0.000000	0.000000	0.000000	0.808320	0.000000	0.000000
4	tsk_4	(x)	1	:	0.000000	0.000000	0.000000	0.000000	0.000000	0.000000	0.000000	0.000000	0.000000	0.000000	0.500621	0.000000	0.499379
5	tsk_5	(x)	1	:	0.000000	0.000000	0.000000	0.000000	1.000000	0.000000	0.000000	0.000000	0.000000	0.000000	0.000000	0.000000	0.000000
6	tsk_6	(x)	1	:	0.000000	0.000000	0.000000	0.000000	0.000000	0.000000	0.000000	0.000000	0.000000	0.000000	0.000000	0.000000	1.000000
7	tsk_7	(x)	1	:	0.000000	0.000000	0.000000	0.000000	0.000000	0.000000	0.000000	0.000000	0.000000	0.000000	0.500622	0.000000	0.499378
8	tsk_8	(x)	1	:	0.000000	0.000000	0.000000	0.000000	0.000000	0.000000	0.000000	0.000000	0.000000	0.000000	1.000000	0.000000	0.000000
9	tsk_9	(x)	1	:	0.000000	0.000000	0.000000	0.000000	0.000000	0.000000	0.000000	0.000000	0.000000	0.000000	0.000000	0.000000	1.000000
10	tsk_10	(x)	1	:	0.000000	0.000000	0.145096	0.000000	0.000000	0.498505	0.303558	0.052842	0.000000	0.000000	0.000000	0.000000	0.000000
11	tsk_11	(x)	1	:	0.000000	0.000000	0.000000	0.000000	0.000000	1.000000	0.000000	0.000000	0.000000	0.000000	0.000000	0.000000	0.000000
12	tsk_12	(x)	1	:	0.000000	0.000000	0.008704	0.499339	0.000000	0.000000	0.000000	0.005228	0.000000	0.485472	0.000302	0.000000	0.000955
13	tsk_13	(x)	1	:	0.000000	0.000000	0.000000	0.000000	0.502889	0.497110	0.000000	0.000000	0.000000	0.000000	0.000000	0.000000	0.000000
14	tsk_14	(x)	1	:	0.000000	0.000000	0.001224	0.000000	0.506111	0.000000	0.000000	0.008022	0.000000	0.484643	0.000000	0.000000	0.000000
15	tsk_15	(x)	1	:	0.000000	0.000000	0.410904	0.499258	0.000000	0.000000	0.000000	0.087284	0.000000	0.000000	0.001655	0.000000	0.000898
16	tsk_16	(x)	1	:	0.000000	0.000000	0.000000	0.499479	0.000000	0.499513	0.000000	0.000000	0.000000	0.000000	0.000000	0.000000	0.001008
17	tsk_17	(x)	1	:	0.000000	0.000000	0.186041	0.000000	0.506207	0.000000	0.000000	0.307641	0.000000	0.000000	0.000111	0.000000	0.000000
18	tsk_18	(x)	1	:	0.000000	0.000000	0.000000	0.000000	0.000000	0.000000	0.000000	0.000000	0.000000	1.000000	0.000000	0.000000	0.000000
19	tsk_19	(x)	1	:	0.000000	0.000000	0.169658	0.000000	0.000000	0.498505	0.303558	0.028279	0.000000	0.000000	0.000000	0.000000	0.000000
20	tsk_20	(x)	1	:	0.000000	0.000000	0.000000	0.500271	0.000000	0.000000	0.000000	0.000000	0.000000	0.000000	0.499729	0.000000	0.000000
21	tsk_21	(x)	1	:	0.000000	0.000000	0.000000	0.000000	0.000000	0.000000	0.000000	0.000000	0.000000	0.000000	0.500621	0.000000	0.499379
22	tsk_22	(x)	1	:	0.000000	0.000000	0.000000	0.000000	0.000000	0.000000	0.000000	0.000000	0.000000	0.000000	0.500622	0.000000	0.499378
23	tsk_23	(x)	1	:	0.000000	0.000000	0.000000	0.000000	0.000000	0.000000	0.000000	0.000000	0.000000	0.000000	0.500621	0.000000	0.499379
24	tsk_24	(x)	1	:	0.000000	0.000000	0.000000	0.500270	0.000000	0.000000	0.000000	0.000000	0.000000	0.000000	0.499730	0.000000	0.000000
25	tsk_25	(x)	1	:	0.000000	0.000000	0.000000	0.000000	0.000000	0.000000	0.549002	0.000000	0.000000	0.000000	0.450998	0.000000	0.000000
26	tsk_26	(x)	1	:	0.500000	0.000000	0.000000	0.000000	0.000000	0.000000	0.000000	0.000000	0.000000	0.000000	0.500000	0.000000	0.000000
27	tsk_27	(x)	1	:	0.498435	0.000000	0.001487	0.346635	0.000000	0.000000	0.000000	0.000557	0.000000	0.000000	0.000282	0.000000	0.152603
28	tsk_28	(x)	1	:	0.000000	0.000000	0.000000	0.000000	0.000000	0.000000	0.000000	0.000000	0.000000	0.000000	1.000000	0.000000	0.000000
29	tsk_29	(x)	1	:	0.000000	0.000000	0.000000	0.500271	0.000000	0.000000	0.000000	0.000000	0.000000	0.000000	0.499729	0.000000	0.000000
30	tsk_30	(x)	1	:	0.000000	0.000000	0.000000	0.000000	0.494806	0.000000	0.000000	0.000000	0.000000	0.000000	0.505194	0.000000	0.000000
31	tsk_31	(x)	1	:	0.000000	0.000000	0.000000	0.000000	0.000000	0.000000	0.000000	0.000000	0.515051	0.000000	0.484949	0.000000	0.000000
32	tsk_32	(x)	1	:	0.000000	0.000000	0.001827	0.000000	0.495411	0.000000	0.000000	0.017552	0.000000	0.485099	0.000110	0.000000	0.000000
33	tsk_33	(x)	1	:	0.500000	0.000000	0.115415	0.000000	0.000000	0.000000	0.000000	0.384585	0.000000	0.000000	0.000000	0.000000	0.000000
34	tsk_34	(x)	1	:	0.000000	0.000000	0.000000	0.000000	1.000000	0.000000	0.000000	0.000000	0.000000	0.000000	0.000000	0.000000	0.000000
35	tsk_35	(x)	1	:	0.000000	0.000000	0.000000	0.000000	0.000000	0.000000	0.000000	0.000000	0.000000	0.000000	0.000000	0.000000	1.000000
36	tsk_36	(x)	1	:	0.000000	0.000000	0.000000	0.000000	0.000000	0.000000	0.000000	0.007194	0.000000	0.489140	0.503666	0.000000	0.000000
37	tsk_37	(x)	1	:	0.000000	0.000000	0.000000	0.000000	0.000000	0.000000	0.000000	0.000000	0.515051	0.000000	0.484949	0.000000	0.000000
38	tsk_38	(x)	1	:	0.000000	0.000000	0.000000	0.000000	0.482645	0.000000	0.517355	0.000000	0.000000	0.000000	0.000000	0.000000	0.000000
39	tsk_39	(x)	1	:	0.498105	0.000000	0.000573	0.000000	0.000000	0.499811	0.000000	0.001320	0.000000	0.000000	0.000192	0.000000	0.000000
40	tsk_40	(x)	1	:	0.000000	0.000000	0.000000	0.000000	0.000000	0.000000	0.000000	0.004970	0.000000	0.490251	0.504779	0.000000	0.000000
41	tsk_41	(x)	1	:	0.498297	0.000000	0.001670	0.000000	0.000000	0.000000	0.000000	0.000551	0.000000	0.000000	0.000249	0.000000	0.499232
42	tsk_42	(x)	1	:	0.500000	0.000000	0.000000	0.000000	0.000000	0.000000	0.000000	0.000000	0.000000	0.000000	0.500000	0.000000	0.000000
43	tsk_43	(x)	1	:	0.498405	0.000000	0.001204	0.000000	0.000000	0.000000	0.000000	0.000971	0.000000	0.000000	0.000166	0.000000	0.499253
44	tsk_44	(x)	1	:	0.000000	0.000000	0.000000	0.496674	0.502906	0.000000	0.000000	0.000000	0.000000	0.000000	0.000000	0.000000	0.000420
45	tsk_45	(x)	1	:	0.498092	0.000000	0.001745	0.000000	0.000000	0.000000	0.000000	0.002202	0.470848	0.000000	0.027113	0.000000	0.000000
46	tsk_46	(x)	1	:	0.498313	0.000000	0.001866	0.000000	0.000000	0.000000	0.000000	0.000477	0.000000	0.000000	0.000094	0.000000	0.499251
47	tsk_47	(x)	1	:	0.000000	0.000000	0.000000	0.000000	0.000000	0.000000	0.000000	0.000000	0.000000	0.000000	0.000000	0.000000	1.000000
48	tsk_48	(x)	1	:	0.000000	0.000000	0.000000	0.000000	0.000000	0.000000	0.000000	0.000000	0.000000	0.000000	0.000000	0.000000	1.000000
49	tsk_49	(x)	1	:	0.498078	0.000000	0.003144	0.000000	0.000000	0.000000	0.000000	0.000832	0.470849	0.000000	0.027097	0.000000	0.000000
50	tsk_50	(x)	1	:	0.000000	0.000000	0.000000	0.000000	0.000000	0.000000	0.000000	0.000000	0.000000	0.000000	0.000000	0.000000	1.000000
51	tsk_51	(x)	1	:	0.000000	0.000000	0.000000	0.000000	0.000000	0.000000	0.000000	0.005610	0.000000	0.489931	0.504458	0.000000	0.000000
52	tsk_52	(x)	1	:	0.500000	0.000000	0.000000	0.000000	0.000000	0.000000	0.000000	0.000000	0.000000	0.000000	0.500000	0.000000	0.000000
53	tsk_53	(x)	1	:	0.000000	0.000000	0.244041	0.000000	0.000000	0.000000	0.000000	0.255800	0.000000	0.000000	0.500159	0.000000	0.000000
54	tsk_54	(x)	1	:	0.498298	0.000000	0.001934	0.000000	0.000000	0.000000	0.000000	0.000404	0.000000	0.000000	0.000117	0.000000	0.499247
55	tsk_55	(x)	1	:	0.000000	0.000000	0.000000	0.000000	0.000000	0.000000	0.000000	0.000000	0.507012	0.000000	0.000000	0.000000	0.492988
56	tsk_56	(x)	1	:	0.498261	0.000000	0.001798	0.000000	0.000000	0.000000	0.000000	0.000434	0.000000	0.000000	0.000283	0.000000	0.499225
57	tsk_57	(x)	1	:	0.498338	0.000000	0.000971	0.000000	0.000000	0.000000	0.000000	0.001251	0.000000	0.000000	0.000197	0.000000	0.499243
58	tsk_58	(x)	1	:	0.000000	0.000000	0.000000	0.000000	0.000000	0.000000	0.000000	0.000000	0.000000	0.000000	0.000000	0.000000	1.000000
59	tsk_59	(x)	1	:	0.498335	0.000000	0.001212	0.000000	0.000000	0.000000	0.000000	0.001031	0.000000	0.000000	0.000176	0.000000	0.499245
60	tsk_60	(x)	1	:	0.000000	0.000000	0.113145	0.000000	0.000000	0.000000	0.303986	0.097380	0.000000	0.485489	0.000000	0.000000	0.000000
61	tsk_61	(x)	1	:	0.000000	0.000000	0.000000	0.000000	0.000000	0.000000	0.000000	0.001463	0.000000	0.492003	0.506534	0.000000	0.000000
62	tsk_62	(x)	1	:	0.499799	0.000000	0.003408	0.000000	0.000000	0.000000	0.000000	0.011509	0.000000	0.485284	0.000000	0.000000	0.000000
63	tsk_63	(x)	1	:	0.000000	0.000000	0.005419	0.000000	0.000000	0.000000	0.000000	0.002332	0.000000	0.488862	0.503387	0.000000	0.000000
64	tsk_64	(x)	1	:	0.499797	0.000000	0.006905	0.000000	0.000000	0.000000	0.000000	0.008016	0.000000	0.485281	0.000000	0.000000	0.000000
65	tsk_65	(x)	1	:	0.498159	0.000000	0.000585	0.000000	0.000000	0.000000	0.000000	0.003097	0.000000	0.000000	0.498159	0.000000	0.000000
66	tsk_66	(x)	1	:	0.000000	0.000000	0.005499	0.000000	0.000000	0.000000	0.000000	0.015082	0.000000	0.482586	0.496583	0.000250	0.000000
67	tsk_67	(x)	1	:	1.000000	0.000000	0.000000	0.000000	0.000000	0.000000	0.000000	0.000000	0.000000	0.000000	0.000000	0.000000	0.000000
68	tsk_68	(x)	1	:	0.000000	0.000000	0.003158	0.000000	0.000000	0.000000	0.000000	0.004539	0.000000	0.488889	0.503414	0.000000	0.000000
69	tsk_69	(x)	1	:	0.000000	0.000000	0.000000	0.000000	0.000000	0.000000	0.000000	0.000000	0.000000	1.000000	0.000000	0.000000	0.000000
70	tsk_70	(x)	1	:	0.000000	0.000000	0.000000	0.000000	0.503615	0.000000	0.000000	0.000000	0.000000	0.000000	0.000000	0.000000	0.496385
71	tsk_71	(x)	1	:	0.000000	0.000000	0.000000	0.000000	0.449396	0.000000	0.000000	0.000000	0.000000	0.000000	0.051301	0.000000	0.499302
72	tsk_72	(x)	1	:	0.000000	0.000000	0.001323	0.000000	0.506113	0.000000	0.000000	0.007903	0.000000	0.484660	0.000000	0.000000	0.000000
73	tsk_73	(x)	1	:	0.000000	0.000000	0.006861	0.000000	0.450256	0.000000	0.000000	0.024120	0.000000	0.480178	0.038532	0.000053	0.000000
74	tsk_74	(x)	1	:	0.000000	0.000000	0.000000	0.000000	0.000000	0.000000	0.000000	0.000000	0.000000	0.000000	0.500622	0.000000	0.499378
75	tsk_75	(x)	1	:	0.000000	0.000000	0.083731	0.000000	0.504045	0.000000	0.303367	0.108857	0.000000	0.000000	0.000000	0.000000	0.000000
76	tsk_76	(x)	1	:	0.000000	0.000000	0.077752	0.000000	0.000000	0.000000	0.303986	0.132773	0.000000	0.485489	0.000000	0.000000	0.000000
77	tsk_77	(x)	1	:	0.000000	0.000000	0.000000	0.000000	1.000000	0.000000	0.000000	0.000000	0.000000	0.000000	0.000000	0.000000	0.000000
78	tsk_78	(x)	1	:	0.000000	0.000000	0.010193	0.000000	0.000000	0.000000	0.000000	0.004623	0.000000	0.485493	0.000272	0.000000	0.499419
79	tsk_79	(x)	1	:	0.000000	0.000000	0.000000	0.000000	0.494642	0.000000	0.000000	0.000000	0.000000	0.000000	0.006198	0.000000	0.499159
80	tsk_80	(x)	1	:	0.000000	0.000000	0.000000	0.000000	0.000000	0.000000	0.000000	0.000000	0.000000	0.000000	0.000000	0.000000	1.000000
81	tsk_81	(x)	1	:	0.000000	0.000000	0.000000	0.508109	0.000000	0.000000	0.000000	0.000000	0.000000	0.000000	0.000000	0.000000	0.491891
82	tsk_82	(x)	1	:	0.000000	0.000000	0.000000	0.508109	0.000000	0.000000	0.000000	0.000000	0.000000	0.000000	0.000000	0.000000	0.491891
83	tsk_83	(x)	1	:	0.000000	0.000000	0.391933	0.000000	0.000000	0.000000	0.000000	0.107917	0.000000	0.000000	0.500150	0.000000	0.000000
84	tsk_84	(x)	1	:	0.000000	0.000000	0.297404	0.000000	0.000000	0.000000	0.000000	0.201798	0.000000	0.000000	0.001519	0.000000	0.499280
85	tsk_85	(x)	1	:	0.000000	0.000000	0.000000	0.508109	0.000000	0.000000	0.000000	0.000000	0.000000	0.000000	0.000000	0.000000	0.491891
86	tsk_86	(x)	1	:	0.000000	0.000000	0.208157	0.000000	0.000000	0.000000	0.000000	0.306360	0.000000	0.485483	0.000000	0.000000	0.000000
87	tsk_87	(x)	1	:	0.000000	0.000000	0.569678	0.000000	0.000000	0.000000	0.000000	0.430322	0.000000	0.000000	0.000000	0.000000	0.000000
88	tsk_88	(x)	1	:	0.000000	0.000000	0.212089	0.000000	0.000000	0.000000	0.000000	0.302428	0.000000	0.485483	0.000000	0.000000	0.000000
89	tsk_89	(x)	1	:	0.000000	0.000000	0.000000	0.508109	0.000000	0.000000	0.000000	0.000000	0.000000	0.000000	0.000000	0.000000	0.491891
90	tsk_90	(x)	1	:	0.000000	0.579719	0.000000	0.000000	0.420281	0.000000	0.000000	0.000000	0.000000	0.000000	0.000000	0.000000	0.000000
91	tsk_91	(x)	1	:	0.000000	0.296031	0.499999	0.000000	0.000000	0.000000	0.000000	0.000000	0.000000	0.000000	0.203970	0.000000	0.000000
92	tsk_92	(x)	1	:	0.000000	0.296030	0.000000	0.000000	0.000000	0.000000	0.000000	0.000000	0.000000	0.000000	0.703970	0.000000	0.000000
93	tsk_93	(x)	1	:	0.000000	1.000000	0.000000	0.000000	0.000000	0.000000	0.000000	0.000000	0.000000	0.000000	0.000000	0.000000	0.000000
94	tsk_94	(x)	1	:	0.000000	0.000000	0.000000	0.000000	0.000000	0.000000	0.000000	0.000000	1.000000	0.000000	0.000000	0.000000	0.000000
95	tsk_95	(x)	1	:	0.000000	0.000000	0.000000	0.000000	0.542609	0.000000	0.000000	0.000000	0.000000	0.000000	0.457391	0.000000	0.000000
96	tsk_96	(x)	1	:	0.000000	1.000000	0.000000	0.000000	0.000000	0.000000	0.000000	0.000000	0.000000	0.000000	0.000000	0.000000	0.000000
97	tsk_97	(x)	1	:	0.000000	0.533563	0.000000	0.000000	0.000000	0.000000	0.000000	0.000000	0.466437	0.000000	0.000000	0.000000	0.000000
98	tsk_98	(x)	1	:	0.000000	0.556236	0.000000	0.000000	0.000000	0.000000	0.000000	0.000000	0.000000	0.000000	0.443763	0.000000	0.000000
99	tsk_99	(x)	1	:	0.000000	0.556236	0.000000	0.000000	0.000000	0.000000	0.000000	0.000000	0.000000	0.000000	0.443763	0.000000	0.000000
100	tsk_100	(x)	1	:	0.000000	0.000000	0.373425	0.000000	0.000000	0.000000	0.000000	0.113089	0.513486	0.000000	0.000000	0.000000	0.000000
101	tsk_101	(x)	1	:	0.000000	0.000000	0.002084	0.000000	0.000000	0.000000	0.000000	0.000239	0.513369	0.484307	0.000000	0.000000	0.000000
102	tsk_102	(x)	1	:	0.000000	0.000000	0.000000	0.000000	0.507085	0.000000	0.000000	0.000000	0.000000	0.000000	0.492915	0.000000	0.000000
103	tsk_103	(x)	1	:	0.000000	0.000000	0.000000	0.000000	0.507213	0.000000	0.000000	0.000000	0.000000	0.000000	0.492185	0.000601	0.000000
104	tsk_104	(x)	1	:	0.000000	0.000000	0.253362	0.000000	0.000000	0.000000	0.000000	0.246457	0.000000	0.000000	0.500181	0.000000	0.000000
105	tsk_105	(x)	1	:	0.000000	0.000000	0.000000	0.000000	0.000000	0.000000	0.000000	0.000000	0.000000	0.000000	1.000000	0.000000	0.000000
106	tsk_106	(x)	1	:	0.000000	0.000000	0.000000	0.000000	0.000000	0.000000	0.000000	0.000000	0.515051	0.000000	0.484949	0.000000	0.000000
107	tsk_107	(x)	1	:	0.000000	0.000000	0.000000	0.000000	0.507162	0.000000	0.000000	0.000000	0.000000	0.000000	0.492838	0.000000	0.000000
108	tsk_108	(x)	1	:	0.000000	0.000000	0.000000	0.000000	0.000000	0.000000	0.000000	0.000000	0.515051	0.000000	0.484949	0.000000	0.000000
109	tsk_109	(x)	1	:	0.000000	0.000000	0.000000	0.000000	0.506842	0.000000	0.000000	0.000000	0.000000	0.000000	0.000000	0.493158	0.000000
110	tsk_110	(x)	1	:	0.000000	0.000000	0.000000	0.000000	0.000000	0.489879	0.510121	0.000000	0.000000	0.000000	0.000000	0.000000	0.000000
111	tsk_111	(x)	1	:	0.000000	0.000000	0.007581	0.000000	0.000000	0.499995	0.000000	0.006924	0.000000	0.485467	0.000033	0.000000	0.000000
112	tsk_112	(x)	1	:	0.000000	0.000000	0.000000	0.500270	0.000000	0.000000	0.000000	0.000000	0.000000	0.000000	0.499730	0.000000	0.000000
113	tsk_113	(x)	1	:	0.000000	0.000000	0.000000	0.000000	0.000000	0.000000	0.000000	0.000000	0.000000	0.000000	1.000000	0.000000	0.000000
114	tsk_114	(x)	1	:	0.000000	0.000000	0.000000	0.000000	0.000000	0.000000	0.549002	0.000000	0.000000	0.000000	0.450998	0.000000	0.000000
115	tsk_115	(x)	1	:	0.000000	0.000000	0.000000	0.000000	0.000000	0.499965	0.000000	0.000000	0.000000	0.000000	0.500035	0.000000	0.000000
116	tsk_116	(x)	1	:	0.000000	0.000000	0.000000	0.000000	0.490579	0.000000	0.000000	0.000000	0.000000	0.000000	0.509421	0.000000	0.000000
117	tsk_117	(x)	1	:	0.000000	0.000000	0.000000	0.000000	0.000000	0.000000	0.000000	0.001435	0.000000	0.492017	0.506548	0.000000	0.000000
118	tsk_118	(x)	1	:	0.000000	0.000000	0.000000	0.000000	0.000000	0.489879	0.510121	0.000000	0.000000	0.000000	0.000000	0.000000	0.000000
119	tsk_119	(x)	1	:	0.000000	0.000000	0.000001	0.000000	0.000000	0.000000	0.544318	0.000001	0.000000	0.455680	0.000000	0.000000	0.000000
120	tsk_120	(x)	1	:	0.000000	0.000000	0.451570	0.000000	0.000000	0.000000	0.000000	0.548429	0.000000	0.000000	0.000000	0.000000	0.000000
121	tsk_121	(x)	1	:	0.000000	0.000000	0.000000	0.000000	0.000000	0.000000	0.000000	0.000000	0.000000	0.000000	1.000000	0.000000	0.000000
122	tsk_122	(x)	1	:	0.000000	0.000000	0.000000	0.000000	0.000000	0.000000	0.000000	0.000000	0.000000	0.000000	0.500621	0.000000	0.499379
123	tsk_123	(x)	1	:	0.500000	0.000000	0.211953	0.000000	0.000000	0.000000	0.000000	0.288047	0.000000	0.000000	0.000000	0.000000	0.000000
124	tsk_124	(x)	1	:	0.000000	0.000000	0.379510	0.000000	0.000000	0.000000	0.000000	0.119083	0.000000	0.000000	0.002203	0.000000	0.499204
125	tsk_125	(x)	1	:	0.000000	0.000000	0.243680	0.000000	0.000000	0.000000	0.000000	0.257629	0.000000	0.000000	0.000000	0.498691	0.000000
126	tsk_126	(x)	1	:	0.000000	0.000000	0.225025	0.000000	0.000000	0.000000	0.000000	0.274794	0.000000	0.000000	0.500181	0.000000	0.000000
127	tsk_127	(x)	1	:	0.000000	0.000000	0.423044	0.000000	0.000000	0.000000	0.000000	0.576955	0.000000	0.000000	0.000000	0.000000	0.000000
128	tsk_128	(x)	1	:	0.000000	0.000000	0.000000	0.000000	0.000000	0.000000	0.000000	0.000000	0.000000	0.000000	0.500622	0.000000	0.499378
129	tsk_129	(x)	1	:	0.000000	0.000000	0.211169	0.000000	0.000000	0.000000	0.000000	0.788831	0.000000	0.000000	0.000000	0.000000	0.000000
130	tsk_130	(x)	1	:	0.000000	0.000000	0.139475	0.000000	0.000000	0.000000	0.000000	0.360430	0.000000	0.000000	0.500094	0.000000	0.000000
131	tsk_131	(x)	1	:	0.000000	0.000000	0.000000	0.000000	0.000000	0.000000	0.000000	0.000000	0.000000	1.000000	0.000000	0.000000	0.000000
132	tsk_132	(x)	1	:	0.000000	0.000000	0.529088	0.000000	0.000000	0.000000	0.000000	0.470912	0.000000	0.000000	0.000000	0.000000	0.000000
133	tsk_133	(x)	1	:	0.000000	0.000000	0.000000	0.000000	0.000000	0.000000	0.000000	0.000000	0.000000	0.597186	0.402814	0.000000	0.000000
134	tsk_134	(x)	1	:	0.000000	0.000000	0.000000	0.000000	0.000000	0.000000	0.000000	0.000000	0.000000	1.000000	0.000000	0.000000	0.000000
135	tsk_135	(x)	1	:	0.000000	0.000000	0.000335	0.000000	0.000000	0.000000	0.000000	0.000389	0.000000	0.492373	0.506904	0.000000	0.000000
136	tsk_136	(x)	1	:	0.000000	0.000000	0.238708	0.000000	0.000000	0.000000	0.000000	0.260035	0.000000	0.000000	0.002033	0.000000	0.499223
137	tsk_137	(x)	1	:	0.000000	0.000000	0.004693	0.000000	0.000000	0.000000	0.000000	0.010236	0.000000	0.485507	0.000128	0.000000	0.499437
138	tsk_138	(x)	1	:	0.000000	0.000000	0.142039	0.000000	0.000000	0.000000	0.000000	0.372478	0.000000	0.485483	0.000000	0.000000	0.000000
139	tsk_139	(x)	1	:	0.000000	0.000000	0.126263	0.000000	0.000000	0.000000	0.000000	0.044651	0.000000	0.329092	0.499994	0.000000	0.000000
140	tsk_140	(x)	1	:	0.000000	0.000000	0.186928	0.000000	0.000000	0.000000	0.000000	0.313270	0.000000	0.000000	0.000398	0.000000	0.499404
141	tsk_141	(x)	1	:	0.000000	0.000000	0.571186	0.000000	0.000000	0.000000	0.000000	0.428814	0.000000	0.000000	0.000000	0.000000	0.000000
142	tsk_142	(x)	1	:	0.000000	0.296031	0.000000	0.000000	0.000000	0.000000	0.000000	0.000000	0.000000	0.000000	0.703969	0.000000	0.000000
143	tsk_143	(x)	1	:	0.000000	0.000000	0.000000	0.000000	0.000000	0.000000	0.000000	0.000000	0.000000	0.000000	1.000000	0.000000	0.000000
144	tsk_144	(x)	1	:	0.000000	0.000000	0.266087	0.000000	0.000000	0.000000	0.000000	0.733913	0.000000	0.000000	0.000000	0.000000	0.000000
145	tsk_145	(x)	1	:	0.000000	0.000000	0.000000	0.000000	0.000000	0.000000	0.000000	0.000000	0.000000	0.000000	0.500622	0.000000	0.499378
146	tsk_146	(x)	1	:	0.000000	0.000000	0.000000	0.000000	0.000000	0.499986	0.000000	0.000000	0.000000	0.000000	0.500014	0.000000	0.000000
147	tsk_147	(x)	1	:	0.000000	0.000000	0.262192	0.000000	0.000000	0.000000	0.000000	0.237624	0.000000	0.000000	0.500184	0.000000	0.000000
148	tsk_148	(x)	1	:	0.000000	0.296031	0.214674	0.000000	0.000000	0.000000	0.000000	0.285325	0.000000	0.000000	0.203970	0.000000	0.000000
149	tsk_149	(x)	1	:	0.498327	0.000000	0.001148	0.000000	0.000000	0.000000	0.000000	0.001082	0.000000	0.000000	0.000203	0.000000	0.499241
