logL = -1424.795124 (converged)
AIC = 6329.590249
BIC = 11568.095660

count.K
18 3 11 6 18 47 8 37 2 

