logL = -2284.309535 (converged)
AIC = 5444.619069
BIC = 6763.277328

count.K
13 92 45 

