logL = -1745.137508 (converged)
AIC = 6790.275017
BIC = 11757.823252

count.K
8 20 13 8 1 12 3 67 18 

