logL = -1449.939142 (converged)
AIC = 5959.878284
BIC = 10566.150284

count.K
6 2 28 37 8 20 7 42 

