logL = -3124.433735 (converged)
AIC = 8888.867470
BIC = 12862.906058

count.K
33 20 34 8 1 2 52 

