logL = -2092.063761 (converged)
AIC = 5556.127523
BIC = 7621.423334

count.K
48 18 56 28 

