logL = -1290.759194 (converged)
AIC = 6161.518388
BIC = 11550.555564

count.K
12 11 2 2 33 9 2 7 19 53 

