logL = -1089.598244 (converged)
AIC = 6015.196488
BIC = 11789.594982

count.K
0 15 8 4 16 14 5 22 28 19 19 

