logL = -1398.562756 (converged)
AIC = 5199.125513
BIC = 8814.898501

count.K
24 19 29 11 4 56 7 

