0	tsk_0	(x)	1	:	0.000000	0.405619	0.000000	0.397036	0.000000	0.197339	0.000000	0.000000	0.000000	0.000006	0.000000	0.000000
1	tsk_1	(x)	1	:	0.000000	0.000000	0.492054	0.000001	0.000000	0.284803	0.000000	0.000000	0.223135	0.000006	0.000000	0.000000
2	tsk_2	(x)	1	:	0.000000	0.000000	0.491599	0.000000	0.508400	0.000000	0.000000	0.000000	0.000000	0.000000	0.000000	0.000000
3	tsk_3	(x)	1	:	0.000000	0.405617	0.000000	0.397035	0.000000	0.197342	0.000000	0.000000	0.000000	0.000006	0.000000	0.000000
4	tsk_4	(x)	1	:	0.000000	0.876771	0.000000	0.000000	0.000000	0.000000	0.000000	0.123229	0.000000	0.000000	0.000000	0.000000
5	tsk_5	(x)	1	:	0.000000	0.000000	0.000000	0.000000	0.462400	0.000000	0.537600	0.000000	0.000000	0.000000	0.000000	0.000000
6	tsk_6	(x)	1	:	0.000000	0.395100	0.000000	0.603987	0.000000	0.000913	0.000000	0.000000	0.000000	0.000000	0.000000	0.000000
7	tsk_7	(x)	1	:	0.000000	0.405618	0.000000	0.397036	0.000000	0.197339	0.000000	0.000000	0.000000	0.000007	0.000000	0.000000
8	tsk_8	(x)	1	:	0.000000	0.405618	0.000000	0.397035	0.000000	0.197342	0.000000	0.000000	0.000000	0.000005	0.000000	0.000000
9	tsk_9	(x)	1	:	0.000000	0.000000	0.000000	1.000000	0.000000	0.000000	0.000000	0.000000	0.000000	0.000000	0.000000	0.000000
10	tsk_10	(x)	1	:	0.000000	1.000000	0.000000	0.000000	0.000000	0.000000	0.000000	0.000000	0.000000	0.000000	0.000000	0.000000
11	tsk_11	(x)	1	:	0.000000	0.405306	0.000000	0.000000	0.000000	0.100933	0.000000	0.493761	0.000000	0.000000	0.000000	0.000000
12	tsk_12	(x)	1	:	0.000000	1.000000	0.000000	0.000000	0.000000	0.000000	0.000000	0.000000	0.000000	0.000000	0.000000	0.000000
13	tsk_13	(x)	1	:	0.000000	0.436756	0.000000	0.000000	0.563244	0.000000	0.000000	0.000000	0.000000	0.000000	0.000000	0.000000
14	tsk_14	(x)	1	:	0.000000	1.000000	0.000000	0.000000	0.000000	0.000000	0.000000	0.000000	0.000000	0.000000	0.000000	0.000000
15	tsk_15	(x)	1	:	0.000000	0.436746	0.000000	0.000000	0.563254	0.000000	0.000000	0.000000	0.000000	0.000000	0.000000	0.000000
16	tsk_16	(x)	1	:	0.000000	0.000000	0.000000	0.000000	1.000000	0.000000	0.000000	0.000000	0.000000	0.000000	0.000000	0.000000
17	tsk_17	(x)	1	:	0.000000	0.000000	0.000000	0.392052	0.000000	0.115613	0.000000	0.492335	0.000000	0.000000	0.000000	0.000000
18	tsk_18	(x)	1	:	0.000000	0.405831	0.000000	0.000000	0.000000	0.594169	0.000000	0.000000	0.000000	0.000000	0.000000	0.000000
19	tsk_19	(x)	1	:	0.000000	0.405436	0.000000	0.565532	0.000000	0.029032	0.000000	0.000000	0.000000	0.000000	0.000000	0.000000
20	tsk_20	(x)	1	:	0.000000	0.000000	0.000000	0.000000	0.000000	0.645540	0.000000	0.000000	0.354460	0.000000	0.000000	0.000000
21	tsk_21	(x)	1	:	0.000000	0.000000	0.000000	0.612372	0.000000	0.387594	0.000000	0.000000	0.000000	0.000033	0.000000	0.000000
22	tsk_22	(x)	1	:	0.000000	0.000000	0.492040	0.000001	0.000000	0.507955	0.000000	0.000000	0.000000	0.000005	0.000000	0.000000
23	tsk_23	(x)	1	:	0.000000	0.000000	0.492009	0.000001	0.000000	0.507980	0.000000	0.000000	0.000000	0.000010	0.000000	0.000000
24	tsk_24	(x)	1	:	0.000000	0.000000	0.488949	0.000000	0.000000	0.003182	0.000000	0.000000	0.000000	0.000000	0.000000	0.507868
25	tsk_25	(x)	1	:	0.000000	0.000000	0.000000	0.000000	0.508735	0.491262	0.000000	0.000000	0.000000	0.000002	0.000000	0.000000
26	tsk_26	(x)	1	:	0.000000	0.636895	0.000000	0.000000	0.000000	0.363102	0.000000	0.000000	0.000000	0.000003	0.000000	0.000000
27	tsk_27	(x)	1	:	0.000000	0.576366	0.000000	0.000000	0.000000	0.000000	0.000000	0.000000	0.000000	0.000000	0.000000	0.423634
28	tsk_28	(x)	1	:	0.000000	0.000000	0.000000	0.000000	0.000000	0.645541	0.000000	0.000000	0.354459	0.000000	0.000000	0.000000
29	tsk_29	(x)	1	:	0.000000	0.000000	0.377237	0.622763	0.000000	0.000000	0.000000	0.000000	0.000000	0.000000	0.000000	0.000000
30	tsk_30	(x)	1	:	0.000000	1.000000	0.000000	0.000000	0.000000	0.000000	0.000000	0.000000	0.000000	0.000000	0.000000	0.000000
31	tsk_31	(x)	1	:	0.000000	0.000000	0.000000	0.000000	0.000000	0.484540	0.000000	0.000000	0.515456	0.000003	0.000000	0.000000
32	tsk_32	(x)	1	:	0.000000	0.259590	0.000000	0.000000	0.000000	0.575419	0.000000	0.000000	0.164990	0.000000	0.000000	0.000000
33	tsk_33	(x)	1	:	0.000000	1.000000	0.000000	0.000000	0.000000	0.000000	0.000000	0.000000	0.000000	0.000000	0.000000	0.000000
34	tsk_34	(x)	1	:	0.000000	0.636918	0.000000	0.000000	0.000000	0.139953	0.000000	0.000000	0.223129	0.000000	0.000000	0.000000
35	tsk_35	(x)	1	:	0.000000	0.259590	0.000000	0.000000	0.000000	0.575419	0.000000	0.000000	0.164990	0.000000	0.000000	0.000000
36	tsk_36	(x)	1	:	0.000000	0.405775	0.000000	0.000000	0.000000	0.371084	0.000000	0.000000	0.223140	0.000002	0.000000	0.000000
37	tsk_37	(x)	1	:	0.000000	0.000000	0.492060	0.000001	0.000000	0.305353	0.000000	0.000000	0.202587	0.000000	0.000000	0.000000
38	tsk_38	(x)	1	:	0.000000	0.600797	0.000000	0.000000	0.000000	0.000000	0.000000	0.000000	0.399203	0.000000	0.000000	0.000000
39	tsk_39	(x)	1	:	0.000000	0.770888	0.000000	0.000000	0.156191	0.000000	0.000000	0.000000	0.000000	0.000000	0.072921	0.000000
40	tsk_40	(x)	1	:	0.000000	0.576366	0.000000	0.000000	0.000000	0.000000	0.000000	0.000000	0.000000	0.000000	0.000000	0.423634
41	tsk_41	(x)	1	:	0.000000	0.636901	0.000000	0.000000	0.000000	0.363099	0.000000	0.000000	0.000000	0.000000	0.000000	0.000000
42	tsk_42	(x)	1	:	0.000000	0.636901	0.000000	0.000000	0.000000	0.363099	0.000000	0.000000	0.000000	0.000000	0.000000	0.000000
43	tsk_43	(x)	1	:	0.000000	0.636903	0.000000	0.000000	0.000000	0.363096	0.000000	0.000000	0.000000	0.000000	0.000000	0.000000
44	tsk_44	(x)	1	:	0.000000	0.000000	0.483674	0.000000	0.000000	0.000047	0.516278	0.000000	0.000000	0.000000	0.000000	0.000000
45	tsk_45	(x)	1	:	0.000000	0.636902	0.000000	0.000000	0.000000	0.363098	0.000000	0.000000	0.000000	0.000000	0.000000	0.000000
46	tsk_46	(x)	1	:	0.000000	0.549481	0.000000	0.000000	0.000000	0.000000	0.000000	0.450519	0.000000	0.000000	0.000000	0.000000
47	tsk_47	(x)	1	:	0.000000	0.405430	0.000000	0.000000	0.000000	0.176410	0.418158	0.000000	0.000000	0.000002	0.000000	0.000000
48	tsk_48	(x)	1	:	0.000000	0.000000	0.000000	0.000000	0.000000	0.000013	0.999987	0.000000	0.000000	0.000000	0.000000	0.000000
49	tsk_49	(x)	1	:	0.000000	0.000000	0.000000	0.000000	0.000000	0.457021	0.542974	0.000000	0.000000	0.000005	0.000000	0.000000
50	tsk_50	(x)	1	:	0.000000	0.000000	0.000000	0.396766	0.000000	0.089622	0.000000	0.000000	0.000000	0.000000	0.000000	0.513612
51	tsk_51	(x)	1	:	0.000000	0.000000	0.488717	0.000000	0.000000	0.003906	0.000000	0.000000	0.000000	0.000000	0.000000	0.507377
52	tsk_52	(x)	1	:	0.000000	0.000000	0.000000	0.000000	0.000000	0.000000	0.000000	0.000000	0.000000	0.000000	0.000000	1.000000
53	tsk_53	(x)	1	:	0.000000	0.000000	0.488928	0.000000	0.000000	0.000000	0.000000	0.000000	0.000000	0.496732	0.000000	0.014339
54	tsk_54	(x)	1	:	0.000000	0.000000	0.488943	0.000000	0.000000	0.000000	0.000000	0.000000	0.000000	0.496777	0.000000	0.014280
55	tsk_55	(x)	1	:	0.000000	0.000000	0.000000	0.000000	0.000000	0.000000	0.000000	0.000000	0.000000	0.500000	0.000000	0.500000
56	tsk_56	(x)	1	:	0.000000	0.000000	1.000000	0.000000	0.000000	0.000000	0.000000	0.000000	0.000000	0.000000	0.000000	0.000000
57	tsk_57	(x)	1	:	0.000000	0.000000	0.488998	0.000000	0.000000	0.003047	0.000000	0.000000	0.000000	0.000000	0.000000	0.507955
58	tsk_58	(x)	1	:	0.000000	0.000000	0.000000	0.000000	0.000000	0.000000	0.000000	0.000000	0.000000	0.500000	0.000000	0.500000
59	tsk_59	(x)	1	:	0.000000	0.000000	0.488932	0.000000	0.000000	0.003237	0.000000	0.000000	0.000000	0.000000	0.000000	0.507831
60	tsk_60	(x)	1	:	0.000000	0.000000	0.000000	0.000000	0.502915	0.000101	0.000000	0.000000	0.000000	0.000000	0.000000	0.496984
61	tsk_61	(x)	1	:	0.000000	0.000000	0.000000	0.000000	0.000000	0.485874	0.000000	0.000000	0.000000	0.000000	0.000000	0.514126
62	tsk_62	(x)	1	:	0.000000	0.000000	0.000000	0.000000	0.000000	0.000162	0.508027	0.000000	0.000000	0.000000	0.000000	0.491810
63	tsk_63	(x)	1	:	0.000000	0.098184	0.000000	0.000000	0.198916	0.038146	0.543022	0.000000	0.000000	0.000000	0.121732	0.000000
64	tsk_64	(x)	1	:	0.000000	0.000000	0.000000	0.000000	0.000000	0.485874	0.000000	0.000000	0.000000	0.000000	0.000000	0.514126
65	tsk_65	(x)	1	:	0.000000	0.100565	0.000000	0.000000	0.198890	0.036778	0.543033	0.000000	0.000000	0.000000	0.120734	0.000000
66	tsk_66	(x)	1	:	0.000000	0.000000	0.000000	0.000000	0.000000	0.000190	0.508010	0.000000	0.000000	0.000000	0.000000	0.491799
67	tsk_67	(x)	1	:	0.000000	0.405474	0.000000	0.000000	0.000000	0.051907	0.542620	0.000000	0.000000	0.000000	0.000000	0.000000
68	tsk_68	(x)	1	:	0.000000	0.000000	0.000000	0.000000	0.000000	0.457022	0.542978	0.000000	0.000000	0.000000	0.000000	0.000000
69	tsk_69	(x)	1	:	0.000000	0.000000	0.000000	0.000000	0.000000	0.427343	0.000000	0.000000	0.000000	0.000000	0.572657	0.000000
70	tsk_70	(x)	1	:	0.000000	0.405723	0.492026	0.000001	0.000000	0.102250	0.000000	0.000000	0.000000	0.000000	0.000000	0.000000
71	tsk_71	(x)	1	:	0.000000	0.000000	0.492060	0.000001	0.000000	0.305353	0.000000	0.000000	0.202586	0.000000	0.000000	0.000000
72	tsk_72	(x)	1	:	0.000000	0.000000	0.000000	0.000000	0.000000	0.000054	0.508895	0.000000	0.000000	0.000000	0.491051	0.000000
73	tsk_73	(x)	1	:	0.000000	0.000000	0.000000	0.000000	0.000000	0.000000	0.000000	0.000000	0.000000	0.000000	1.000000	0.000000
74	tsk_74	(x)	1	:	0.000000	0.000000	0.000000	0.000000	0.000000	0.000000	0.000000	0.000000	0.000000	0.000000	1.000000	0.000000
75	tsk_75	(x)	1	:	0.000000	0.000000	0.491934	0.000001	0.000000	0.508045	0.000000	0.000000	0.000000	0.000020	0.000000	0.000000
76	tsk_76	(x)	1	:	0.000000	0.622331	0.000000	0.377667	0.000000	0.000002	0.000000	0.000000	0.000000	0.000000	0.000000	0.000000
77	tsk_77	(x)	1	:	0.000000	0.453013	0.000000	0.000000	0.000000	0.000000	0.000000	0.000000	0.000000	0.000000	0.546987	0.000000
78	tsk_78	(x)	1	:	0.000000	1.000000	0.000000	0.000000	0.000000	0.000000	0.000000	0.000000	0.000000	0.000000	0.000000	0.000000
79	tsk_79	(x)	1	:	0.000000	0.097675	0.492099	0.000001	0.198604	0.089253	0.000000	0.000000	0.000000	0.000000	0.122368	0.000000
80	tsk_80	(x)	1	:	0.478089	0.000000	0.521911	0.000000	0.000000	0.000000	0.000000	0.000000	0.000000	0.000000	0.000000	0.000000
81	tsk_81	(x)	1	:	0.486568	0.000000	0.000026	0.000000	0.000000	0.001605	0.000000	0.000000	0.000000	0.000000	0.000000	0.511800
82	tsk_82	(x)	1	:	0.672766	0.000000	0.000000	0.000000	0.000000	0.000000	0.000000	0.000000	0.327234	0.000000	0.000000	0.000000
83	tsk_83	(x)	1	:	0.000000	0.000000	0.000000	0.000000	0.000000	0.000000	0.000000	0.000000	0.000000	0.000000	0.000000	1.000000
84	tsk_84	(x)	1	:	0.000000	0.000000	0.000000	0.000000	0.000000	0.283372	0.000000	0.000000	0.202572	0.000000	0.000000	0.514055
85	tsk_85	(x)	1	:	0.000000	0.405663	0.000000	0.000000	0.000000	0.080404	0.000000	0.000000	0.000000	0.000000	0.000000	0.513933
86	tsk_86	(x)	1	:	0.487354	0.405817	0.000000	0.000000	0.000000	0.106829	0.000000	0.000000	0.000000	0.000000	0.000000	0.000000
87	tsk_87	(x)	1	:	0.487221	0.000000	0.000088	0.000000	0.000000	0.512679	0.000000	0.000000	0.000000	0.000011	0.000000	0.000000
88	tsk_88	(x)	1	:	0.487220	0.000000	0.000089	0.000000	0.000000	0.512684	0.000000	0.000000	0.000000	0.000007	0.000000	0.000000
89	tsk_89	(x)	1	:	1.000000	0.000000	0.000000	0.000000	0.000000	0.000000	0.000000	0.000000	0.000000	0.000000	0.000000	0.000000
90	tsk_90	(x)	1	:	0.000000	0.000000	0.523631	0.000000	0.000000	0.000000	0.000000	0.000000	0.476369	0.000000	0.000000	0.000000
91	tsk_91	(x)	1	:	0.000000	0.000000	0.000000	0.000000	0.000000	0.000000	0.000000	0.000000	0.536227	0.000000	0.000000	0.463773
92	tsk_92	(x)	1	:	0.000000	0.000000	0.488957	0.000000	0.000000	0.003170	0.000000	0.000000	0.000000	0.000000	0.000000	0.507873
93	tsk_93	(x)	1	:	0.000000	0.000000	0.465281	0.000000	0.000000	0.000000	0.000000	0.000000	0.534718	0.000000	0.000000	0.000000
94	tsk_94	(x)	1	:	0.000000	0.000000	0.000000	0.601076	0.000000	0.398917	0.000000	0.000000	0.000000	0.000007	0.000000	0.000000
95	tsk_95	(x)	1	:	0.000000	0.000000	1.000000	0.000000	0.000000	0.000000	0.000000	0.000000	0.000000	0.000000	0.000000	0.000000
96	tsk_96	(x)	1	:	0.000000	0.000000	1.000000	0.000000	0.000000	0.000000	0.000000	0.000000	0.000000	0.000000	0.000000	0.000000
97	tsk_97	(x)	1	:	0.000000	0.000000	1.000000	0.000000	0.000000	0.000000	0.000000	0.000000	0.000000	0.000000	0.000000	0.000000
98	tsk_98	(x)	1	:	0.000000	0.000000	0.000000	0.000000	0.000000	0.000000	0.000000	0.000000	0.000000	0.000000	0.000000	1.000000
99	tsk_99	(x)	1	:	0.000000	0.000000	1.000000	0.000000	0.000000	0.000000	0.000000	0.000000	0.000000	0.000000	0.000000	0.000000
100	tsk_100	(x)	1	:	0.000000	0.000000	0.000000	0.396816	0.000000	0.089528	0.000000	0.000000	0.000000	0.000000	0.000000	0.513657
101	tsk_101	(x)	1	:	0.000000	0.000000	0.000000	0.000000	0.000000	0.485874	0.000000	0.000000	0.000000	0.000000	0.000000	0.514126
102	tsk_102	(x)	1	:	0.000000	0.000000	0.000000	0.000000	0.000000	0.610794	0.000000	0.000000	0.389203	0.000003	0.000000	0.000000
103	tsk_103	(x)	1	:	0.000000	0.405783	0.000000	0.000000	0.000000	0.391634	0.000000	0.000000	0.202583	0.000000	0.000000	0.000000
104	tsk_104	(x)	1	:	0.000000	0.090005	0.000000	0.590584	0.198723	0.001211	0.000000	0.000000	0.000000	0.000000	0.119477	0.000000
105	tsk_105	(x)	1	:	0.000000	0.636881	0.000000	0.000000	0.000000	0.160558	0.000000	0.000000	0.202561	0.000000	0.000000	0.000000
106	tsk_106	(x)	1	:	0.000000	0.000000	0.492017	0.000000	0.000000	0.155909	0.000000	0.000000	0.352074	0.000000	0.000000	0.000000
107	tsk_107	(x)	1	:	0.000000	0.405783	0.000000	0.000000	0.000000	0.391634	0.000000	0.000000	0.202583	0.000000	0.000000	0.000000
108	tsk_108	(x)	1	:	0.487258	0.000000	0.000067	0.000000	0.000000	0.310131	0.000000	0.000000	0.202537	0.000007	0.000000	0.000000
109	tsk_109	(x)	1	:	0.000000	0.000000	0.000000	0.000000	0.000000	0.610792	0.000000	0.000000	0.389208	0.000000	0.000000	0.000000
110	tsk_110	(x)	1	:	0.000000	0.405703	0.492021	0.000000	0.000000	0.102275	0.000000	0.000000	0.000000	0.000000	0.000000	0.000000
111	tsk_111	(x)	1	:	0.000000	1.000000	0.000000	0.000000	0.000000	0.000000	0.000000	0.000000	0.000000	0.000000	0.000000	0.000000
112	tsk_112	(x)	1	:	0.000000	1.000000	0.000000	0.000000	0.000000	0.000000	0.000000	0.000000	0.000000	0.000000	0.000000	0.000000
113	tsk_113	(x)	1	:	0.000000	0.549481	0.000000	0.000000	0.000000	0.000000	0.000000	0.450519	0.000000	0.000000	0.000000	0.000000
114	tsk_114	(x)	1	:	0.000000	0.562931	0.437069	0.000000	0.000000	0.000000	0.000000	0.000000	0.000000	0.000000	0.000000	0.000000
115	tsk_115	(x)	1	:	0.000000	0.562931	0.437069	0.000000	0.000000	0.000000	0.000000	0.000000	0.000000	0.000000	0.000000	0.000000
116	tsk_116	(x)	1	:	0.000000	0.549481	0.000000	0.000000	0.000000	0.000000	0.000000	0.450519	0.000000	0.000000	0.000000	0.000000
117	tsk_117	(x)	1	:	0.000000	0.405691	0.000000	0.000000	0.000000	0.051272	0.543037	0.000000	0.000000	0.000000	0.000000	0.000000
118	tsk_118	(x)	1	:	0.000000	1.000000	0.000000	0.000000	0.000000	0.000000	0.000000	0.000000	0.000000	0.000000	0.000000	0.000000
119	tsk_119	(x)	1	:	0.000000	0.636885	0.000000	0.000000	0.000000	0.363108	0.000000	0.000000	0.000000	0.000007	0.000000	0.000000
120	tsk_120	(x)	1	:	0.000000	0.000000	0.000000	0.000000	0.000000	0.999996	0.000000	0.000000	0.000000	0.000004	0.000000	0.000000
121	tsk_121	(x)	1	:	0.000000	0.000000	0.000000	0.000000	0.000000	0.506008	0.000038	0.493941	0.000000	0.000014	0.000000	0.000000
122	tsk_122	(x)	1	:	0.000000	0.000000	0.000000	0.000000	0.000000	0.506042	0.000015	0.493940	0.000000	0.000003	0.000000	0.000000
123	tsk_123	(x)	1	:	0.000000	0.000000	0.000000	0.000000	0.000000	1.000000	0.000000	0.000000	0.000000	0.000000	0.000000	0.000000
124	tsk_124	(x)	1	:	0.000000	0.000000	0.000000	0.000000	0.000000	1.000000	0.000000	0.000000	0.000000	0.000000	0.000000	0.000000
125	tsk_125	(x)	1	:	0.000000	0.000000	0.000000	0.000000	0.000000	0.457021	0.542976	0.000000	0.000000	0.000003	0.000000	0.000000
126	tsk_126	(x)	1	:	0.000000	0.000000	0.000000	0.000000	0.000000	0.506040	0.000019	0.493939	0.000000	0.000002	0.000000	0.000000
127	tsk_127	(x)	1	:	0.000000	0.000000	0.000000	0.000000	0.000000	1.000000	0.000000	0.000000	0.000000	0.000000	0.000000	0.000000
128	tsk_128	(x)	1	:	0.000000	0.000000	0.000000	0.000000	0.000000	0.457020	0.542973	0.000000	0.000000	0.000006	0.000000	0.000000
129	tsk_129	(x)	1	:	0.000000	0.000000	0.497857	0.000000	0.000000	0.000000	0.000000	0.000000	0.000000	0.000000	0.502143	0.000000
130	tsk_130	(x)	1	:	0.000000	0.600797	0.000000	0.000000	0.000000	0.000000	0.000000	0.000000	0.399203	0.000000	0.000000	0.000000
131	tsk_131	(x)	1	:	0.000000	1.000000	0.000000	0.000000	0.000000	0.000000	0.000000	0.000000	0.000000	0.000000	0.000000	0.000000
132	tsk_132	(x)	1	:	0.000000	0.000000	0.000000	0.397168	0.000000	0.176973	0.000000	0.000000	0.425858	0.000000	0.000000	0.000000
133	tsk_133	(x)	1	:	0.000000	0.000000	0.000000	0.000000	0.000000	0.074866	0.000000	0.000000	0.426549	0.000000	0.498584	0.000000
134	tsk_134	(x)	1	:	0.000000	0.405918	0.000000	0.000000	0.000000	0.168091	0.000000	0.000000	0.425992	0.000000	0.000000	0.000000
135	tsk_135	(x)	1	:	0.000000	0.000000	0.000000	0.000000	0.000000	0.084320	0.417671	0.000000	0.000000	0.000000	0.498010	0.000000
136	tsk_136	(x)	1	:	0.000000	0.000000	0.000000	0.000000	0.000000	0.007322	0.561278	0.000000	0.431398	0.000002	0.000000	0.000000
137	tsk_137	(x)	1	:	0.000000	0.000000	0.000000	0.474253	0.000000	0.000000	0.000000	0.000000	0.000000	0.000000	0.525747	0.000000
138	tsk_138	(x)	1	:	0.000000	0.405430	0.000000	0.000000	0.000000	0.176409	0.418158	0.000000	0.000000	0.000004	0.000000	0.000000
139	tsk_139	(x)	1	:	0.000000	0.000000	0.000000	0.000000	0.000000	0.234159	0.000000	0.000000	0.765841	0.000000	0.000000	0.000000
140	tsk_140	(x)	1	:	0.000000	0.000000	0.000000	0.000000	0.502915	0.000101	0.000000	0.000000	0.000000	0.000000	0.000000	0.496984
141	tsk_141	(x)	1	:	0.000000	0.000000	0.000000	0.000000	0.502908	0.000132	0.000000	0.000000	0.000000	0.000000	0.000000	0.496961
142	tsk_142	(x)	1	:	0.000000	0.000000	0.000000	0.000000	0.502910	0.000120	0.000000	0.000000	0.000000	0.000000	0.000000	0.496969
143	tsk_143	(x)	1	:	0.000000	0.000000	0.000000	0.000000	0.508735	0.491265	0.000000	0.000000	0.000000	0.000000	0.000000	0.000000
144	tsk_144	(x)	1	:	0.000000	0.000000	0.000000	0.000000	0.502908	0.000131	0.000000	0.000000	0.000000	0.000000	0.000000	0.496961
145	tsk_145	(x)	1	:	0.000000	0.572842	0.000000	0.000000	0.427158	0.000000	0.000000	0.000000	0.000000	0.000000	0.000000	0.000000
146	tsk_146	(x)	1	:	0.000000	0.436745	0.000000	0.000000	0.563255	0.000000	0.000000	0.000000	0.000000	0.000000	0.000000	0.000000
147	tsk_147	(x)	1	:	0.000000	0.572842	0.000000	0.000000	0.427158	0.000000	0.000000	0.000000	0.000000	0.000000	0.000000	0.000000
148	tsk_148	(x)	1	:	0.000000	0.000000	0.000000	0.000000	0.000000	0.501716	0.000000	0.000000	0.000000	0.000006	0.498278	0.000000
149	tsk_149	(x)	1	:	0.486437	0.000000	0.000028	0.000000	0.000000	0.002127	0.000000	0.000000	0.000000	0.000000	0.000000	0.511407
