logL = -982.892867 (converged)
AIC = 4625.785733
BIC = 8629.930675

count.K
14 15 34 29 14 13 9 22 

