logL = -1554.272070 (converged)
AIC = 6768.544140
BIC = 12278.006729

count.K
7 9 13 27 1 8 55 17 13 0 

