logL = -1074.344308 (converged)
AIC = 7338.688616
BIC = 15151.287205

count.K
2 7 1 1 2 12 43 17 2 9 1 2 3 7 41 

