logL = -1939.877090 (converged)
AIC = 6827.754179
BIC = 11265.430603

count.K
0 16 8 34 22 42 15 13 

