logL = -1980.684343 (converged)
AIC = 7781.368685
BIC = 13531.682097

count.K
22 10 49 9 0 3 18 3 33 3 

