logL = -1171.266296 (converged)
AIC = 6178.532592
BIC = 11952.931087

count.K
26 26 16 12 7 16 21 6 14 2 4 

