0	tsk_0	(x)	1	:	0.000000	0.000000	0.480935	0.000000	0.000000	0.493295	0.000000	0.000003	0.000000	0.025767	0.000000	0.000000	0.000000	0.000000
1	tsk_1	(x)	1	:	0.000000	0.000000	0.000000	0.000000	0.000000	0.173023	0.000000	0.000000	0.000000	0.000000	0.478808	0.348169	0.000000	0.000000
2	tsk_2	(x)	1	:	0.000000	0.000000	0.000000	0.498479	0.000000	0.494087	0.000000	0.000000	0.000000	0.005518	0.000000	0.000000	0.001917	0.000000
3	tsk_3	(x)	1	:	0.000000	0.000000	0.000000	0.000000	0.000000	0.000000	0.000000	0.000000	0.000000	0.000000	0.000000	0.000000	1.000000	0.000000
4	tsk_4	(x)	1	:	0.000000	0.000000	0.000000	0.000000	0.511936	0.000000	0.000000	0.000000	0.000000	0.000000	0.488064	0.000000	0.000000	0.000000
5	tsk_5	(x)	1	:	0.000000	0.000000	0.000000	0.000000	0.000000	0.173023	0.000000	0.000000	0.000000	0.000000	0.478808	0.348169	0.000000	0.000000
6	tsk_6	(x)	1	:	0.000000	0.000000	0.000000	0.000000	0.000000	0.000000	0.000000	0.000000	0.000000	0.000000	0.000000	0.000000	1.000000	0.000000
7	tsk_7	(x)	1	:	0.000000	0.000000	0.000000	0.000000	0.000000	0.000000	0.477553	0.000000	0.000000	0.000000	0.000000	0.000000	0.522447	0.000000
8	tsk_8	(x)	1	:	0.000000	0.000000	0.000000	0.498556	0.000000	0.000000	0.236823	0.000022	0.000000	0.262978	0.000000	0.000000	0.001621	0.000000
9	tsk_9	(x)	1	:	0.000000	0.000000	0.000000	0.000000	0.500189	0.000000	0.000000	0.000000	0.000000	0.000000	0.000000	0.000000	0.499810	0.000000
10	tsk_10	(x)	1	:	0.000000	0.000000	0.000000	0.000000	0.000000	0.000000	0.000000	0.000216	0.000000	0.999784	0.000000	0.000000	0.000000	0.000000
11	tsk_11	(x)	1	:	0.000000	0.000000	0.000000	0.000000	0.000000	0.000000	0.000000	0.000072	0.000000	0.499925	0.000000	0.000000	0.500003	0.000000
12	tsk_12	(x)	1	:	0.000000	0.000000	0.000000	0.500002	0.000000	0.000000	0.000000	0.000059	0.000000	0.499939	0.000000	0.000000	0.000000	0.000000
13	tsk_13	(x)	1	:	0.000000	0.000000	0.000000	0.000000	0.000000	0.144301	0.000000	0.000000	0.000000	0.506844	0.000000	0.348855	0.000000	0.000000
14	tsk_14	(x)	1	:	0.000000	0.000000	0.000000	0.000000	0.000000	0.000000	0.000000	0.000239	0.000000	0.999761	0.000000	0.000000	0.000000	0.000000
15	tsk_15	(x)	1	:	0.000000	0.000000	0.000000	0.000000	0.000000	0.000000	0.000000	0.000112	0.000000	0.999888	0.000000	0.000000	0.000000	0.000000
16	tsk_16	(x)	1	:	0.000000	0.000000	0.000000	0.000000	0.000000	0.000000	0.000000	0.000045	0.000000	0.499953	0.000000	0.000000	0.500002	0.000000
17	tsk_17	(x)	1	:	0.000000	0.000000	0.000000	0.000000	0.000000	1.000000	0.000000	0.000000	0.000000	0.000000	0.000000	0.000000	0.000000	0.000000
18	tsk_18	(x)	1	:	0.000000	0.000000	0.000000	0.000000	0.000000	0.000000	0.000000	0.000000	0.000000	1.000000	0.000000	0.000000	0.000000	0.000000
19	tsk_19	(x)	1	:	0.000000	0.000000	0.000000	0.000000	0.000000	0.481330	0.518670	0.000000	0.000000	0.000000	0.000000	0.000000	0.000000	0.000000
20	tsk_20	(x)	1	:	0.000000	0.000000	0.000000	0.498064	0.000000	0.146551	0.000000	0.000000	0.000000	0.004776	0.000000	0.348101	0.002508	0.000000
21	tsk_21	(x)	1	:	0.000000	0.000000	0.000000	0.000000	0.500800	0.000000	0.000000	0.000000	0.000000	0.499200	0.000000	0.000000	0.000000	0.000000
22	tsk_22	(x)	1	:	0.000000	0.000000	0.000000	0.000000	0.000000	0.493165	0.216376	0.000000	0.000000	0.290459	0.000000	0.000000	0.000000	0.000000
23	tsk_23	(x)	1	:	0.000000	0.000000	0.000000	0.000000	0.000000	0.493456	0.000000	0.000008	0.000000	0.506536	0.000000	0.000000	0.000000	0.000000
24	tsk_24	(x)	1	:	0.000000	0.000000	0.000000	0.000000	0.000000	0.492793	0.396326	0.000000	0.000000	0.110881	0.000000	0.000000	0.000000	0.000000
25	tsk_25	(x)	1	:	0.000000	0.000000	0.000000	0.000000	0.000000	1.000000	0.000000	0.000000	0.000000	0.000000	0.000000	0.000000	0.000000	0.000000
26	tsk_26	(x)	1	:	0.000000	0.000000	0.547606	0.000000	0.000000	0.000000	0.000000	0.000012	0.000000	0.452382	0.000000	0.000000	0.000000	0.000000
27	tsk_27	(x)	1	:	0.000000	0.000000	0.000000	0.000000	0.000000	0.341033	0.000000	0.000000	0.000000	0.000000	0.658967	0.000000	0.000000	0.000000
28	tsk_28	(x)	1	:	0.000000	0.000000	0.000000	0.000000	0.000000	0.493470	0.000000	0.000089	0.000000	0.506441	0.000000	0.000000	0.000000	0.000000
29	tsk_29	(x)	1	:	0.000000	0.000000	0.444160	0.000000	0.000000	0.000000	0.000000	0.000000	0.555840	0.000000	0.000000	0.000000	0.000000	0.000000
30	tsk_30	(x)	1	:	0.000000	0.000000	0.000000	0.000000	0.000000	0.885293	0.114706	0.000000	0.000000	0.000000	0.000000	0.000000	0.000000	0.000000
31	tsk_31	(x)	1	:	0.000000	0.000000	0.000000	0.000000	0.000000	0.494158	0.469321	0.000000	0.000000	0.036521	0.000000	0.000000	0.000000	0.000000
32	tsk_32	(x)	1	:	0.000000	0.000000	0.000000	0.500000	0.000000	0.000000	0.000000	0.000005	0.000000	0.499995	0.000000	0.000000	0.000000	0.000000
33	tsk_33	(x)	1	:	0.000000	0.000000	0.000000	0.000000	0.000000	0.493172	0.216381	0.000000	0.000000	0.290447	0.000000	0.000000	0.000000	0.000000
34	tsk_34	(x)	1	:	0.000000	0.000000	0.000000	0.000000	0.000000	0.000000	0.000000	0.000159	0.000000	0.999840	0.000000	0.000000	0.000000	0.000000
35	tsk_35	(x)	1	:	0.000000	0.000000	0.000000	0.499974	0.000000	0.000000	0.236822	0.000011	0.000000	0.263192	0.000000	0.000000	0.000000	0.000000
36	tsk_36	(x)	1	:	0.000000	0.000000	1.000000	0.000000	0.000000	0.000000	0.000000	0.000000	0.000000	0.000000	0.000000	0.000000	0.000000	0.000000
37	tsk_37	(x)	1	:	0.000000	0.000000	1.000000	0.000000	0.000000	0.000000	0.000000	0.000000	0.000000	0.000000	0.000000	0.000000	0.000000	0.000000
38	tsk_38	(x)	1	:	0.000000	0.000000	0.444831	0.000000	0.000000	0.392467	0.162701	0.000000	0.000000	0.000000	0.000000	0.000000	0.000000	0.000000
39	tsk_39	(x)	1	:	0.000000	0.000000	0.480991	0.000000	0.000000	0.000000	0.000000	0.000044	0.000000	0.518965	0.000000	0.000000	0.000000	0.000000
40	tsk_40	(x)	1	:	0.000000	0.000000	0.000000	0.000000	0.000000	0.000000	0.000000	0.000000	0.000000	0.000000	0.000000	0.000000	1.000000	0.000000
41	tsk_41	(x)	1	:	0.000000	0.000000	0.000000	0.000000	0.000000	0.000000	0.000000	0.000000	0.000000	0.000000	0.000000	0.000000	1.000000	0.000000
42	tsk_42	(x)	1	:	0.000000	0.000000	0.000000	0.000000	0.000000	0.000000	0.000000	0.000028	0.000000	0.499971	0.000000	0.000000	0.500001	0.000000
43	tsk_43	(x)	1	:	0.000000	0.000000	0.000000	0.000000	0.000000	0.000000	0.000000	0.000104	0.000000	0.999896	0.000000	0.000000	0.000000	0.000000
44	tsk_44	(x)	1	:	0.000000	0.000000	0.000000	0.000000	0.000000	0.000000	0.000000	0.000000	0.000000	0.000000	0.000000	0.000000	1.000000	0.000000
45	tsk_45	(x)	1	:	0.000000	0.000000	0.000000	0.000000	0.000000	0.000000	0.236893	0.000157	0.000000	0.762950	0.000000	0.000000	0.000000	0.000000
46	tsk_46	(x)	1	:	0.000000	0.000000	0.000000	0.000000	0.000000	0.000000	0.000000	0.000000	0.000000	0.000000	0.000000	0.000000	1.000000	0.000000
47	tsk_47	(x)	1	:	0.000000	0.000000	0.000000	0.000000	0.000000	0.000000	0.236821	0.000042	0.000000	0.263165	0.000000	0.000000	0.499971	0.000000
48	tsk_48	(x)	1	:	0.000000	0.000000	0.000000	0.000000	0.000000	0.493315	0.236792	0.000043	0.000000	0.269850	0.000000	0.000000	0.000000	0.000000
49	tsk_49	(x)	1	:	0.000000	0.000000	0.000000	0.000000	0.000000	0.000000	0.236823	0.000034	0.000000	0.263171	0.000000	0.000000	0.499972	0.000000
50	tsk_50	(x)	1	:	0.000000	0.000000	0.000000	0.000000	0.000000	0.493458	0.000000	0.000023	0.000000	0.506518	0.000000	0.000000	0.000000	0.000000
51	tsk_51	(x)	1	:	0.000000	0.000000	0.000000	0.000000	0.000000	0.000000	0.000000	0.000234	0.000000	0.999766	0.000000	0.000000	0.000000	0.000000
52	tsk_52	(x)	1	:	0.000000	0.000000	0.000000	0.000000	0.000000	0.000000	0.000000	0.000234	0.000000	0.999766	0.000000	0.000000	0.000000	0.000000
53	tsk_53	(x)	1	:	0.000000	0.000000	0.000000	0.000000	0.000000	0.493471	0.000000	0.000097	0.000000	0.506432	0.000000	0.000000	0.000000	0.000000
54	tsk_54	(x)	1	:	0.000000	0.000000	0.000000	0.000000	0.000000	0.000000	0.000000	0.000052	0.000000	0.499945	0.000000	0.000000	0.500002	0.000000
55	tsk_55	(x)	1	:	0.000000	0.000000	0.000000	0.000000	0.000000	0.000000	0.000000	0.000094	0.000000	0.511257	0.488649	0.000000	0.000000	0.000000
56	tsk_56	(x)	1	:	0.000000	0.000000	0.000000	0.000000	0.000000	0.000000	0.000000	0.000242	0.000000	0.999758	0.000000	0.000000	0.000000	0.000000
57	tsk_57	(x)	1	:	0.000000	0.000000	0.000000	0.000000	0.000000	0.493471	0.000000	0.000097	0.000000	0.506432	0.000000	0.000000	0.000000	0.000000
58	tsk_58	(x)	1	:	0.000000	0.000000	0.000000	0.000000	0.000000	0.498545	0.000000	0.000000	0.000000	0.000000	0.000000	0.000000	0.501455	0.000000
59	tsk_59	(x)	1	:	0.000000	0.000000	0.000000	0.000000	0.000000	0.000000	0.000000	0.000234	0.000000	0.999766	0.000000	0.000000	0.000000	0.000000
60	tsk_60	(x)	1	:	0.000000	0.000000	0.000000	0.000000	0.000000	0.493466	0.000000	0.000062	0.000000	0.506471	0.000000	0.000000	0.000000	0.000000
61	tsk_61	(x)	1	:	0.000000	0.000000	0.000000	0.000000	0.000000	0.000000	0.000000	1.000000	0.000000	0.000000	0.000000	0.000000	0.000000	0.000000
62	tsk_62	(x)	1	:	0.000000	0.000000	0.000000	0.000000	0.000000	0.000000	0.000000	0.000242	0.000000	0.999758	0.000000	0.000000	0.000000	0.000000
63	tsk_63	(x)	1	:	0.000000	0.000000	0.000000	0.000000	0.000000	0.000000	0.000000	0.000154	0.000000	0.999846	0.000000	0.000000	0.000000	0.000000
64	tsk_64	(x)	1	:	0.000000	0.000000	0.000000	0.000000	0.000000	0.000000	0.000000	0.000071	0.000000	0.999929	0.000000	0.000000	0.000000	0.000000
65	tsk_65	(x)	1	:	0.000000	0.000000	0.000000	0.000000	0.000000	0.000000	0.000000	0.000231	0.000000	0.999768	0.000000	0.000000	0.000000	0.000000
66	tsk_66	(x)	1	:	0.000000	0.000000	0.000000	0.000000	0.000000	0.000000	0.000000	0.000242	0.000000	0.999757	0.000000	0.000000	0.000000	0.000000
67	tsk_67	(x)	1	:	0.000000	0.000000	0.000000	0.000000	0.000000	0.493460	0.000000	0.000032	0.000000	0.506508	0.000000	0.000000	0.000000	0.000000
68	tsk_68	(x)	1	:	0.000000	0.000000	0.000000	0.000000	0.000000	0.000000	0.000000	0.000210	0.000000	0.999790	0.000000	0.000000	0.000000	0.000000
69	tsk_69	(x)	1	:	0.000000	0.000000	0.000000	0.000000	0.000000	0.000000	0.000000	0.000173	0.000000	0.999827	0.000000	0.000000	0.000000	0.000000
70	tsk_70	(x)	1	:	0.000000	0.000000	0.480994	0.000000	0.000000	0.000000	0.000000	0.000103	0.000000	0.518903	0.000000	0.000000	0.000000	0.000000
71	tsk_71	(x)	1	:	0.000000	0.000000	0.000000	0.000000	0.000000	0.000000	0.000000	0.000209	0.000000	0.999791	0.000000	0.000000	0.000000	0.000000
72	tsk_72	(x)	1	:	0.000000	0.000000	0.000000	0.000000	0.000000	0.000000	0.000000	0.000142	0.000000	0.999857	0.000000	0.000000	0.000000	0.000000
73	tsk_73	(x)	1	:	0.000000	0.000000	0.000000	0.000000	0.000000	0.000000	0.000000	0.000233	0.000000	0.999767	0.000000	0.000000	0.000000	0.000000
74	tsk_74	(x)	1	:	0.000000	0.000000	0.480989	0.000000	0.000000	0.000000	0.000000	0.000000	0.000000	0.519011	0.000000	0.000000	0.000000	0.000000
75	tsk_75	(x)	1	:	0.000000	0.000000	0.000000	0.000000	0.000000	0.000000	0.000000	0.000216	0.000000	0.999784	0.000000	0.000000	0.000000	0.000000
76	tsk_76	(x)	1	:	0.000000	0.000000	0.000000	0.000000	0.000000	0.000000	0.236889	0.000110	0.000000	0.763000	0.000000	0.000000	0.000000	0.000000
77	tsk_77	(x)	1	:	0.000000	0.000000	0.000000	0.000000	0.000000	0.000000	0.000000	0.000142	0.000000	0.999858	0.000000	0.000000	0.000000	0.000000
78	tsk_78	(x)	1	:	0.000000	0.000000	0.000000	0.000000	0.000000	0.000000	0.000000	0.000234	0.000000	0.999766	0.000000	0.000000	0.000000	0.000000
79	tsk_79	(x)	1	:	0.000000	0.000000	0.000000	0.000000	0.000000	0.000000	0.000000	0.000161	0.000000	0.999839	0.000000	0.000000	0.000000	0.000000
80	tsk_80	(x)	1	:	0.000000	0.000000	0.000000	0.000000	0.000000	0.145206	0.000000	0.000098	0.000000	0.506393	0.000000	0.348303	0.000000	0.000000
81	tsk_81	(x)	1	:	0.000000	0.000000	0.000000	0.000000	0.000000	0.000000	0.000000	0.000000	0.000000	0.108184	0.000000	0.677530	0.214286	0.000000
82	tsk_82	(x)	1	:	0.000000	0.000000	0.459203	0.000000	0.000000	0.000000	0.000000	0.000000	0.000000	0.000000	0.000000	0.000000	0.000000	0.540797
83	tsk_83	(x)	1	:	0.000000	0.000000	0.000000	0.000000	0.000000	0.145158	0.000000	0.000098	0.000000	0.506412	0.000000	0.348333	0.000000	0.000000
84	tsk_84	(x)	1	:	0.000000	0.000000	0.000000	0.000000	0.000000	0.000000	0.000000	0.000170	0.000000	0.999830	0.000000	0.000000	0.000000	0.000000
85	tsk_85	(x)	1	:	0.000000	0.000000	0.487503	0.000000	0.000000	0.000000	0.000000	0.000000	0.000000	0.000000	0.000000	0.000000	0.512497	0.000000
86	tsk_86	(x)	1	:	0.000000	0.000000	0.000000	0.000000	0.000000	0.000000	0.000000	0.000095	0.000000	0.499901	0.000000	0.000000	0.500004	0.000000
87	tsk_87	(x)	1	:	0.000000	0.000000	0.000000	0.000000	0.000000	0.145351	0.000000	0.000013	0.000000	0.118063	0.000000	0.348147	0.000000	0.388426
88	tsk_88	(x)	1	:	0.000000	0.000000	0.000000	0.000000	0.000000	0.492699	0.000000	0.000000	0.000000	0.120084	0.000000	0.000000	0.000000	0.387217
89	tsk_89	(x)	1	:	0.000000	0.000000	0.000000	0.000000	0.000000	0.145255	0.000000	0.000092	0.000000	0.506381	0.000000	0.348272	0.000000	0.000000
90	tsk_90	(x)	1	:	0.000000	0.000000	0.480994	0.000000	0.000000	0.000000	0.000000	0.000094	0.000000	0.518912	0.000000	0.000000	0.000000	0.000000
91	tsk_91	(x)	1	:	0.000000	0.000000	0.477698	0.000000	0.000000	0.000000	0.000000	0.000000	0.000000	0.000006	0.000000	0.522295	0.000000	0.000000
92	tsk_92	(x)	1	:	0.000000	0.000000	1.000000	0.000000	0.000000	0.000000	0.000000	0.000000	0.000000	0.000000	0.000000	0.000000	0.000000	0.000000
93	tsk_93	(x)	1	:	0.000000	0.000000	0.000000	0.000000	0.000000	0.597457	0.000000	0.000000	0.000000	0.402543	0.000000	0.000000	0.000000	0.000000
94	tsk_94	(x)	1	:	0.000000	0.000000	0.480994	0.000000	0.000000	0.000000	0.000000	0.000096	0.000000	0.518910	0.000000	0.000000	0.000000	0.000000
95	tsk_95	(x)	1	:	0.000000	0.000000	0.480989	0.000000	0.000000	0.000000	0.000000	0.000000	0.000000	0.519011	0.000000	0.000000	0.000000	0.000000
96	tsk_96	(x)	1	:	0.000000	0.000000	0.480989	0.000000	0.000000	0.000000	0.000000	0.000000	0.000000	0.519011	0.000000	0.000000	0.000000	0.000000
97	tsk_97	(x)	1	:	0.000000	0.000000	0.457354	0.000000	0.000000	0.542646	0.000000	0.000000	0.000000	0.000000	0.000000	0.000000	0.000000	0.000000
98	tsk_98	(x)	1	:	0.000000	0.000000	0.480989	0.000000	0.000000	0.000000	0.000000	0.000000	0.000000	0.519011	0.000000	0.000000	0.000000	0.000000
99	tsk_99	(x)	1	:	0.000000	0.000000	0.000000	0.000000	0.000000	0.000000	0.000000	0.000005	0.000000	0.472264	0.000000	0.527731	0.000000	0.000000
100	tsk_100	(x)	1	:	0.000000	0.000000	0.000000	0.000000	0.000000	0.000000	0.000000	0.000159	0.000000	0.999841	0.000000	0.000000	0.000000	0.000000
101	tsk_101	(x)	1	:	0.000000	0.000000	0.000000	0.000000	0.000000	0.000000	0.000000	0.000073	0.000000	0.511280	0.488647	0.000000	0.000000	0.000000
102	tsk_102	(x)	1	:	0.500000	0.000000	0.000000	0.000000	0.000000	0.000000	0.000000	0.000000	0.000000	0.500000	0.000000	0.000000	0.000000	0.000000
103	tsk_103	(x)	1	:	0.000000	0.000000	0.000000	0.000000	0.000000	0.000000	0.000000	0.000159	0.000000	0.999841	0.000000	0.000000	0.000000	0.000000
104	tsk_104	(x)	1	:	0.000000	0.000000	0.000000	0.000000	0.000000	0.000000	0.000000	0.000000	0.000000	0.000000	1.000000	0.000000	0.000000	0.000000
105	tsk_105	(x)	1	:	0.000000	0.000000	0.000000	0.000000	0.000000	0.378423	0.156469	0.000000	0.000000	0.000000	0.000000	0.000000	0.465107	0.000000
106	tsk_106	(x)	1	:	0.000000	0.000000	0.000000	0.000000	0.000000	0.000000	0.000000	0.000096	0.000000	0.499900	0.000000	0.000000	0.500004	0.000000
107	tsk_107	(x)	1	:	0.000000	0.000000	0.000000	0.000000	0.000000	0.000000	0.000000	0.000062	0.000000	0.499936	0.000000	0.000000	0.500002	0.000000
108	tsk_108	(x)	1	:	0.000000	0.000000	0.000000	0.000000	0.000000	0.000000	0.000000	0.000097	0.000000	0.511254	0.488649	0.000000	0.000000	0.000000
109	tsk_109	(x)	1	:	0.000000	0.000000	0.000000	0.000000	0.000000	0.000000	0.000000	0.000000	0.000000	0.500000	0.000000	0.000000	0.500000	0.000000
110	tsk_110	(x)	1	:	0.000000	0.000000	0.563976	0.000000	0.000000	0.436024	0.000000	0.000000	0.000000	0.000000	0.000000	0.000000	0.000000	0.000000
111	tsk_111	(x)	1	:	0.000000	0.000000	0.000000	0.000000	0.000000	0.000000	0.000000	0.000000	0.000000	0.000000	1.000000	0.000000	0.000000	0.000000
112	tsk_112	(x)	1	:	0.000000	0.000000	0.000000	0.497853	0.000000	0.494396	0.000000	0.000000	0.000000	0.005032	0.000000	0.000000	0.002719	0.000000
113	tsk_113	(x)	1	:	0.000000	0.000000	0.000000	0.000000	0.000000	1.000000	0.000000	0.000000	0.000000	0.000000	0.000000	0.000000	0.000000	0.000000
114	tsk_114	(x)	1	:	0.000000	0.000000	0.563976	0.000000	0.000000	0.436024	0.000000	0.000000	0.000000	0.000000	0.000000	0.000000	0.000000	0.000000
115	tsk_115	(x)	1	:	0.000000	0.000000	0.520156	0.000000	0.000000	0.479844	0.000000	0.000000	0.000000	0.000000	0.000000	0.000000	0.000000	0.000000
116	tsk_116	(x)	1	:	0.000000	0.000000	0.000000	0.500003	0.000000	0.000000	0.000000	0.000085	0.000000	0.499912	0.000000	0.000000	0.000000	0.000000
117	tsk_117	(x)	1	:	0.000000	0.000000	0.000000	0.000000	0.000000	0.520927	0.000000	0.000000	0.000000	0.000000	0.479073	0.000000	0.000000	0.000000
118	tsk_118	(x)	1	:	0.000000	0.000000	0.463980	0.000000	0.000000	0.000000	0.000000	0.000000	0.000000	0.000000	0.536020	0.000000	0.000000	0.000000
119	tsk_119	(x)	1	:	0.000000	0.000000	0.000000	0.498194	0.000000	0.494000	0.000000	0.000000	0.000000	0.005589	0.000000	0.000000	0.002217	0.000000
120	tsk_120	(x)	1	:	0.000000	0.000000	0.000000	0.000000	0.000000	0.000000	0.000000	0.000000	0.465568	0.000000	0.000000	0.000000	0.534432	0.000000
121	tsk_121	(x)	1	:	0.000000	0.000000	0.000000	0.000000	0.000000	0.000000	0.000000	0.000000	0.465568	0.000000	0.000000	0.000000	0.534432	0.000000
122	tsk_122	(x)	1	:	0.000000	0.000000	0.000000	0.000000	0.500805	0.000000	0.000000	0.000000	0.000000	0.499194	0.000000	0.000000	0.000000	0.000000
123	tsk_123	(x)	1	:	0.000000	0.000000	0.000000	0.500000	0.000000	0.000000	0.000000	0.000000	0.000000	0.000000	0.000000	0.000000	0.500000	0.000000
124	tsk_124	(x)	1	:	0.000000	0.000000	0.000000	0.000000	0.000000	0.000000	0.000000	0.000139	0.285020	0.714840	0.000000	0.000000	0.000000	0.000000
125	tsk_125	(x)	1	:	0.000000	0.000000	0.408808	0.000000	0.000000	0.000000	0.000000	0.000000	0.591192	0.000000	0.000000	0.000000	0.000000	0.000000
126	tsk_126	(x)	1	:	0.000000	0.000000	0.478312	0.000000	0.000000	0.000000	0.000000	0.000000	0.271482	0.250206	0.000000	0.000000	0.000000	0.000000
127	tsk_127	(x)	1	:	0.000000	0.000000	0.000000	0.498387	0.000000	0.000000	0.236822	0.000008	0.000000	0.262970	0.000000	0.000000	0.001813	0.000000
128	tsk_128	(x)	1	:	0.000000	0.000000	1.000000	0.000000	0.000000	0.000000	0.000000	0.000000	0.000000	0.000000	0.000000	0.000000	0.000000	0.000000
129	tsk_129	(x)	1	:	0.000000	0.000000	0.000000	0.000000	0.000000	0.000000	0.477553	0.000000	0.000000	0.000000	0.000000	0.000000	0.522447	0.000000
130	tsk_130	(x)	1	:	0.000000	0.000000	0.000000	0.500000	0.000000	0.000000	0.000000	0.000000	0.000000	0.000000	0.000000	0.000000	0.500000	0.000000
131	tsk_131	(x)	1	:	0.000000	0.000000	0.487503	0.000000	0.000000	0.000000	0.000000	0.000000	0.000000	0.000000	0.000000	0.000000	0.512497	0.000000
132	tsk_132	(x)	1	:	0.000000	0.000000	0.480989	0.000000	0.000000	0.000000	0.000000	0.000000	0.000000	0.519011	0.000000	0.000000	0.000000	0.000000
133	tsk_133	(x)	1	:	0.000000	0.000000	0.487503	0.000000	0.000000	0.000000	0.000000	0.000000	0.000000	0.000000	0.000000	0.000000	0.512497	0.000000
134	tsk_134	(x)	1	:	0.000000	0.000000	0.000000	0.497939	0.000000	0.494228	0.000000	0.000000	0.000000	0.005260	0.000000	0.000000	0.002573	0.000000
135	tsk_135	(x)	1	:	0.000000	0.000000	0.524581	0.000000	0.000000	0.000000	0.000000	0.000068	0.000000	0.475351	0.000000	0.000000	0.000000	0.000000
136	tsk_136	(x)	1	:	0.000000	0.000000	0.000000	0.500000	0.000000	0.000000	0.000000	0.000000	0.000000	0.000000	0.000000	0.000000	0.500000	0.000000
137	tsk_137	(x)	1	:	0.000000	0.000000	0.000000	0.499939	0.000000	0.000000	0.000000	0.000018	0.000000	0.499972	0.000000	0.000000	0.000070	0.000000
138	tsk_138	(x)	1	:	0.000000	0.000000	0.480796	0.000000	0.000000	0.492886	0.000000	0.000000	0.000000	0.026317	0.000000	0.000000	0.000000	0.000000
139	tsk_139	(x)	1	:	0.000000	0.000000	0.487716	0.501894	0.000000	0.000000	0.000000	0.000000	0.000000	0.000000	0.000000	0.000000	0.010390	0.000000
140	tsk_140	(x)	1	:	0.000000	0.000000	0.000000	0.000000	0.000000	0.000000	0.000000	0.000176	0.000000	0.999823	0.000000	0.000000	0.000000	0.000000
141	tsk_141	(x)	1	:	0.000000	0.000000	0.000000	0.000000	0.000000	0.000000	0.000000	0.000095	0.000000	0.511257	0.488649	0.000000	0.000000	0.000000
142	tsk_142	(x)	1	:	0.000000	1.000000	0.000000	0.000000	0.000000	0.000000	0.000000	0.000000	0.000000	0.000000	0.000000	0.000000	0.000000	0.000000
143	tsk_143	(x)	1	:	0.000000	0.499986	0.000000	0.000000	0.000000	0.000000	0.000000	0.000072	0.000000	0.499942	0.000000	0.000000	0.000000	0.000000
144	tsk_144	(x)	1	:	0.000000	0.499424	0.000000	0.000000	0.000000	0.014397	0.000000	0.000004	0.000000	0.007307	0.478868	0.000000	0.000000	0.000000
145	tsk_145	(x)	1	:	0.000000	0.499448	0.000000	0.000000	0.500552	0.000000	0.000000	0.000000	0.000000	0.000000	0.000000	0.000000	0.000000	0.000000
146	tsk_146	(x)	1	:	0.000000	0.499448	0.000000	0.000000	0.500552	0.000000	0.000000	0.000000	0.000000	0.000000	0.000000	0.000000	0.000000	0.000000
147	tsk_147	(x)	1	:	0.000000	0.000000	0.000000	0.000000	0.000000	0.000000	0.236820	0.000043	0.000000	0.263166	0.000000	0.000000	0.499971	0.000000
148	tsk_148	(x)	1	:	0.000000	1.000000	0.000000	0.000000	0.000000	0.000000	0.000000	0.000000	0.000000	0.000000	0.000000	0.000000	0.000000	0.000000
149	tsk_149	(x)	1	:	0.000000	0.000000	0.000000	0.000000	0.000000	0.000000	0.000000	0.000074	0.000000	0.499923	0.000000	0.000000	0.500003	0.000000
