logL = -3273.995938 (converged)
AIC = 7031.991875
BIC = 7760.565616

count.K
78 72 

