logL = -1299.131919 (converged)
AIC = 4614.263839
BIC = 7648.984215

count.K
22 16 45 10 18 39 

