0	tsk_0	(x)	1	:	0.000000	0.000000	0.000000	0.000000	0.000000	0.046833	0.000000	0.493785	0.000000	0.000074	0.459308
1	tsk_1	(x)	1	:	0.000000	0.000000	0.484366	0.000000	0.000000	0.000000	0.000000	0.515634	0.000000	0.000000	0.000000
2	tsk_2	(x)	1	:	0.000000	0.000000	0.000000	0.527000	0.000000	0.015227	0.000000	0.000000	0.000000	0.000057	0.457716
3	tsk_3	(x)	1	:	0.000000	0.000000	0.001509	0.000000	0.000000	0.005191	0.000000	0.494493	0.498805	0.000001	0.000000
4	tsk_4	(x)	1	:	0.000000	0.000000	0.000000	0.000000	0.000000	0.540396	0.000000	0.000000	0.000000	0.000207	0.459396
5	tsk_5	(x)	1	:	0.000000	0.000000	0.000000	0.326818	0.000000	0.213545	0.000000	0.000000	0.000000	0.000201	0.459436
6	tsk_6	(x)	1	:	0.000000	0.000000	0.000000	0.000000	0.000000	0.000000	0.000000	1.000000	0.000000	0.000000	0.000000
7	tsk_7	(x)	1	:	0.000000	0.000000	0.001437	0.000000	0.000000	0.005292	0.000000	0.494418	0.498853	0.000001	0.000000
8	tsk_8	(x)	1	:	0.000000	0.000000	0.000000	0.000000	0.000000	0.540395	0.000000	0.000000	0.000000	0.000210	0.459395
9	tsk_9	(x)	1	:	0.049525	0.354811	0.073463	0.000000	0.000000	0.000000	0.000000	0.000000	0.000000	0.048071	0.474129
10	tsk_10	(x)	1	:	0.000000	0.000000	0.000000	0.419027	0.000000	0.121087	0.459886	0.000000	0.000000	0.000000	0.000000
11	tsk_11	(x)	1	:	0.000000	0.000000	0.000000	0.668333	0.000000	0.331667	0.000000	0.000000	0.000000	0.000000	0.000000
12	tsk_12	(x)	1	:	0.000000	0.000000	0.000000	1.000000	0.000000	0.000000	0.000000	0.000000	0.000000	0.000000	0.000000
13	tsk_13	(x)	1	:	0.000000	0.000000	0.000000	0.000000	0.413542	0.117695	0.000000	0.000000	0.000000	0.468763	0.000000
14	tsk_14	(x)	1	:	0.000000	0.000000	0.000000	0.555606	0.000000	0.003608	0.440786	0.000000	0.000000	0.000000	0.000000
15	tsk_15	(x)	1	:	0.000000	0.000000	0.000000	0.555575	0.000000	0.003684	0.440741	0.000000	0.000000	0.000000	0.000000
16	tsk_16	(x)	1	:	0.000000	0.000000	0.000000	0.326779	0.000000	0.213641	0.000000	0.000000	0.000000	0.000127	0.459452
17	tsk_17	(x)	1	:	0.000000	0.000000	0.000000	0.000000	0.000000	0.000000	1.000000	0.000000	0.000000	0.000000	0.000000
18	tsk_18	(x)	1	:	0.000000	0.000000	0.000000	0.000000	0.380085	0.000000	0.301499	0.000000	0.000000	0.318415	0.000000
19	tsk_19	(x)	1	:	0.000000	0.000000	0.000000	0.326752	0.000000	0.509845	0.000000	0.163404	0.000000	0.000000	0.000000
20	tsk_20	(x)	1	:	0.000000	0.000000	0.000000	0.000000	0.000000	0.000000	0.000000	0.000000	0.000000	0.000000	1.000000
21	tsk_21	(x)	1	:	0.000000	0.000000	0.000000	0.000000	0.000000	0.000029	0.588170	0.000000	0.000000	0.000014	0.411788
22	tsk_22	(x)	1	:	0.000000	0.000000	0.000000	0.000000	0.000000	0.000035	0.588167	0.000000	0.000000	0.000012	0.411786
23	tsk_23	(x)	1	:	0.000000	0.000000	0.000000	0.000000	0.000000	0.080567	0.459907	0.000000	0.000000	0.000140	0.459386
24	tsk_24	(x)	1	:	0.000000	0.000000	0.000000	0.000000	0.000000	0.000000	0.000000	0.000000	0.000000	0.730155	0.269844
25	tsk_25	(x)	1	:	0.000000	0.000000	0.000000	0.000000	0.000000	0.000003	0.555077	0.444920	0.000000	0.000000	0.000000
26	tsk_26	(x)	1	:	0.500140	0.000000	0.000000	0.000000	0.000000	0.000000	0.499860	0.000000	0.000000	0.000000	0.000000
27	tsk_27	(x)	1	:	0.000000	0.000000	0.000000	0.000000	0.000000	0.046723	0.000000	0.493827	0.000000	0.000089	0.459362
28	tsk_28	(x)	1	:	0.000000	0.000000	0.000000	0.000000	0.000000	0.000032	0.588168	0.000000	0.000000	0.000012	0.411787
29	tsk_29	(x)	1	:	0.498177	0.000000	0.000000	0.000000	0.000000	0.041293	0.460530	0.000000	0.000000	0.000000	0.000000
30	tsk_30	(x)	1	:	0.000000	0.000000	0.000000	0.568946	0.000000	0.059352	0.000000	0.000000	0.000000	0.371702	0.000000
31	tsk_31	(x)	1	:	0.000000	0.000000	0.000000	0.568948	0.000000	0.431052	0.000000	0.000000	0.000000	0.000000	0.000000
32	tsk_32	(x)	1	:	0.045814	0.353983	0.067457	0.000000	0.000000	0.000001	0.000000	0.000000	0.000000	0.532744	0.000000
33	tsk_33	(x)	1	:	0.000000	0.000000	0.000000	0.326802	0.000000	0.301424	0.000000	0.000000	0.000000	0.371774	0.000000
34	tsk_34	(x)	1	:	0.000000	0.000000	0.000000	0.000000	0.000000	1.000000	0.000000	0.000000	0.000000	0.000000	0.000000
35	tsk_35	(x)	1	:	0.000000	0.000000	0.000000	0.568948	0.000000	0.431052	0.000000	0.000000	0.000000	0.000000	0.000000
36	tsk_36	(x)	1	:	0.000000	0.000000	0.498674	0.000000	0.000000	0.501280	0.000000	0.000000	0.000000	0.000046	0.000000
37	tsk_37	(x)	1	:	0.000000	0.000000	0.000000	1.000000	0.000000	0.000000	0.000000	0.000000	0.000000	0.000000	0.000000
38	tsk_38	(x)	1	:	0.000000	0.000000	0.000000	0.326749	0.000000	0.673251	0.000000	0.000000	0.000000	0.000000	0.000000
39	tsk_39	(x)	1	:	0.000000	0.000000	0.000000	1.000000	0.000000	0.000000	0.000000	0.000000	0.000000	0.000000	0.000000
40	tsk_40	(x)	1	:	0.000000	0.000000	0.000000	0.000000	0.000000	0.000009	0.000000	0.000000	0.000000	0.444436	0.555555
41	tsk_41	(x)	1	:	0.000000	0.000000	0.000000	0.248849	0.000000	0.177708	0.000000	0.000000	0.000000	0.000001	0.573442
42	tsk_42	(x)	1	:	0.000000	0.000000	0.000000	0.000000	0.000000	0.000019	0.000000	0.000000	0.000000	0.999981	0.000000
43	tsk_43	(x)	1	:	0.000000	0.000000	0.000000	0.000000	0.000000	0.000000	0.000000	0.000000	0.000000	0.000000	1.000000
44	tsk_44	(x)	1	:	0.000000	0.000000	0.000000	0.000000	0.000000	0.000004	0.000000	0.000000	0.000000	0.296069	0.703927
45	tsk_45	(x)	1	:	0.000000	0.000000	0.000453	0.000000	0.000000	0.000001	0.000000	0.000000	0.495101	0.504444	0.000000
46	tsk_46	(x)	1	:	0.000000	0.000000	0.000065	0.000000	0.000000	0.000000	0.000000	0.000000	0.488166	0.000000	0.511769
47	tsk_47	(x)	1	:	0.000000	0.000000	0.000000	0.000000	0.000000	0.000003	0.000000	0.000000	0.000000	0.296070	0.703927
48	tsk_48	(x)	1	:	0.000000	0.000000	0.000000	0.000000	0.000000	0.000000	0.000000	0.000000	0.000000	0.000000	1.000000
49	tsk_49	(x)	1	:	0.000000	0.000000	0.000000	0.248853	0.000000	0.177701	0.000000	0.000000	0.000000	0.000001	0.573445
50	tsk_50	(x)	1	:	0.000000	0.000000	0.471882	0.000000	0.000000	0.000000	0.000000	0.000000	0.000000	0.528118	0.000000
51	tsk_51	(x)	1	:	0.000000	0.000000	0.498672	0.000000	0.000000	0.501266	0.000000	0.000000	0.000000	0.000061	0.000000
52	tsk_52	(x)	1	:	0.000000	0.000000	0.000000	0.326705	0.000000	0.213367	0.459927	0.000000	0.000000	0.000000	0.000000
53	tsk_53	(x)	1	:	0.000000	0.000000	0.493223	0.000000	0.000000	0.000001	0.000000	0.000000	0.000000	0.506776	0.000000
54	tsk_54	(x)	1	:	0.492616	0.000000	0.000000	0.000000	0.000000	0.000003	0.000000	0.000000	0.000000	0.507381	0.000000
55	tsk_55	(x)	1	:	0.492616	0.000000	0.000000	0.000000	0.000000	0.000000	0.000000	0.000000	0.000000	0.507383	0.000000
56	tsk_56	(x)	1	:	0.000000	0.000000	0.493223	0.000000	0.000000	0.000001	0.000000	0.000000	0.000000	0.506776	0.000000
57	tsk_57	(x)	1	:	0.544672	0.000000	0.000000	0.000000	0.000000	0.000000	0.000000	0.000000	0.000000	0.455328	0.000000
58	tsk_58	(x)	1	:	0.000000	0.000000	0.000489	0.000000	0.000000	0.000002	0.000000	0.000000	0.495071	0.504438	0.000000
59	tsk_59	(x)	1	:	0.498139	0.000000	0.000000	0.326772	0.000000	0.175079	0.000000	0.000000	0.000000	0.000010	0.000000
60	tsk_60	(x)	1	:	0.000000	0.000000	0.000000	0.000000	0.000000	0.000020	0.000000	0.000000	0.000000	0.999980	0.000000
61	tsk_61	(x)	1	:	0.000000	0.000000	0.493223	0.000000	0.000000	0.000001	0.000000	0.000000	0.000000	0.506776	0.000000
62	tsk_62	(x)	1	:	0.000000	0.000000	0.493223	0.000000	0.000000	0.000001	0.000000	0.000000	0.000000	0.506776	0.000000
63	tsk_63	(x)	1	:	0.000000	0.000000	0.495504	0.000001	0.119115	0.385380	0.000000	0.000000	0.000000	0.000000	0.000000
64	tsk_64	(x)	1	:	0.000000	0.000000	0.498693	0.000000	0.000000	0.041072	0.460222	0.000000	0.000000	0.000012	0.000000
65	tsk_65	(x)	1	:	0.000000	0.000000	0.000000	0.000039	0.236292	0.763669	0.000000	0.000000	0.000000	0.000000	0.000000
66	tsk_66	(x)	1	:	0.000000	0.000000	0.000000	0.000000	0.000000	0.540388	0.000000	0.000000	0.000000	0.000223	0.459388
67	tsk_67	(x)	1	:	0.000000	0.000000	0.000416	0.000000	0.000000	0.000002	0.000000	0.000000	0.495133	0.504449	0.000000
68	tsk_68	(x)	1	:	0.000000	0.000000	0.000000	0.000000	0.000000	0.000000	0.000000	0.000000	0.000000	1.000000	0.000000
69	tsk_69	(x)	1	:	0.000000	0.000000	0.000000	0.000000	0.000000	0.000000	1.000000	0.000000	0.000000	0.000000	0.000000
70	tsk_70	(x)	1	:	0.000000	0.000000	0.000000	0.000000	0.000000	0.080566	0.459908	0.000000	0.000000	0.000140	0.459386
71	tsk_71	(x)	1	:	0.000000	0.000000	0.000000	0.326749	0.000000	0.673251	0.000000	0.000000	0.000000	0.000000	0.000000
72	tsk_72	(x)	1	:	0.000000	0.000000	0.000000	0.000000	0.000000	0.168195	0.460050	0.000000	0.000000	0.371755	0.000000
73	tsk_73	(x)	1	:	0.000000	0.000000	0.000000	0.000000	0.000000	0.628287	0.000000	0.000000	0.000000	0.371708	0.000005
74	tsk_74	(x)	1	:	0.498139	0.000000	0.000000	0.326769	0.000000	0.175085	0.000000	0.000000	0.000000	0.000007	0.000000
75	tsk_75	(x)	1	:	0.000000	0.000000	0.000000	0.326814	0.000000	0.099768	0.000000	0.000000	0.000000	0.000000	0.573418
76	tsk_76	(x)	1	:	1.000000	0.000000	0.000000	0.000000	0.000000	0.000000	0.000000	0.000000	0.000000	0.000000	0.000000
77	tsk_77	(x)	1	:	0.000000	0.000000	0.000000	0.000000	0.000000	0.426615	0.000000	0.000000	0.000000	0.000000	0.573385
78	tsk_78	(x)	1	:	0.484692	0.000000	0.000000	0.000000	0.000000	0.000000	0.000000	0.000000	0.000000	0.000000	0.515308
79	tsk_79	(x)	1	:	0.000000	0.000000	0.000000	0.326712	0.000000	0.213351	0.459937	0.000000	0.000000	0.000000	0.000000
80	tsk_80	(x)	1	:	0.000000	0.000000	0.000000	0.000000	0.000000	0.836596	0.000000	0.163404	0.000000	0.000000	0.000000
81	tsk_81	(x)	1	:	0.000000	0.000000	0.000000	0.000000	0.000000	1.000000	0.000000	0.000000	0.000000	0.000000	0.000000
82	tsk_82	(x)	1	:	0.000000	0.314740	0.000000	0.000001	0.155588	0.366355	0.000000	0.000000	0.163316	0.000000	0.000000
83	tsk_83	(x)	1	:	0.045212	0.354853	0.076025	0.000000	0.000000	0.359820	0.000000	0.163414	0.000000	0.000676	0.000000
84	tsk_84	(x)	1	:	0.000000	0.000000	0.001008	0.000000	0.000000	0.499819	0.000000	0.000000	0.499120	0.000052	0.000000
85	tsk_85	(x)	1	:	0.517170	0.000000	0.000000	0.000000	0.000000	0.482774	0.000000	0.000000	0.000000	0.000057	0.000000
86	tsk_86	(x)	1	:	0.039096	0.355290	0.081691	0.000000	0.000000	0.063629	0.460073	0.000000	0.000000	0.000220	0.000000
87	tsk_87	(x)	1	:	0.000000	0.000000	0.000000	0.000000	0.000000	0.000000	0.000000	0.000000	1.000000	0.000000	0.000000
88	tsk_88	(x)	1	:	0.000000	0.000000	0.000000	0.000004	0.155170	0.318571	0.000000	0.000000	0.526250	0.000005	0.000000
89	tsk_89	(x)	1	:	0.000000	0.000000	0.000665	0.000000	0.000000	0.040190	0.459726	0.000000	0.499404	0.000015	0.000000
90	tsk_90	(x)	1	:	0.000000	0.515917	0.000000	0.000000	0.000000	0.025451	0.458602	0.000000	0.000000	0.000029	0.000000
91	tsk_91	(x)	1	:	0.000000	0.515906	0.000000	0.000000	0.000000	0.025638	0.458433	0.000000	0.000000	0.000023	0.000000
92	tsk_92	(x)	1	:	0.000000	0.498749	0.000000	0.000000	0.000000	0.000000	0.000000	0.000000	0.000000	0.021617	0.479634
93	tsk_93	(x)	1	:	0.000000	0.513045	0.000000	0.000000	0.000000	0.000003	0.000000	0.000000	0.000000	0.486952	0.000000
94	tsk_94	(x)	1	:	0.000000	1.000000	0.000000	0.000000	0.000000	0.000000	0.000000	0.000000	0.000000	0.000000	0.000000
95	tsk_95	(x)	1	:	0.000000	0.515915	0.000000	0.000000	0.000000	0.025497	0.458564	0.000000	0.000000	0.000024	0.000000
96	tsk_96	(x)	1	:	0.000000	0.489323	0.000000	0.000000	0.223593	0.267538	0.000000	0.019546	0.000000	0.000000	0.000000
97	tsk_97	(x)	1	:	0.000000	1.000000	0.000000	0.000000	0.000000	0.000000	0.000000	0.000000	0.000000	0.000000	0.000000
98	tsk_98	(x)	1	:	0.000000	0.000000	0.000000	0.000000	0.000000	1.000000	0.000000	0.000000	0.000000	0.000000	0.000000
99	tsk_99	(x)	1	:	0.000000	0.489323	0.000000	0.000000	0.223592	0.267538	0.000000	0.019546	0.000000	0.000000	0.000000
100	tsk_100	(x)	1	:	0.000000	0.000000	0.000000	0.000000	0.000000	0.000004	0.000000	0.000000	0.000000	0.296099	0.703897
101	tsk_101	(x)	1	:	0.000000	0.000000	0.000000	0.000000	0.000000	0.000020	0.000000	0.000000	0.000000	0.999980	0.000000
102	tsk_102	(x)	1	:	0.000000	0.000000	0.000000	0.000000	0.000000	0.000000	0.000000	0.000000	0.000000	1.000000	0.000000
103	tsk_103	(x)	1	:	0.000000	0.000000	0.000000	0.326823	0.000000	0.301377	0.000000	0.000000	0.000000	0.371800	0.000000
104	tsk_104	(x)	1	:	0.000000	0.000000	0.000000	0.262088	0.000000	0.000072	0.000000	0.000000	0.000000	0.737840	0.000000
105	tsk_105	(x)	1	:	0.498139	0.000000	0.000000	0.326771	0.000000	0.175086	0.000000	0.000000	0.000000	0.000004	0.000000
106	tsk_106	(x)	1	:	0.000000	0.000000	0.503098	0.000000	0.000000	0.000000	0.000000	0.000000	0.000000	0.018874	0.478027
107	tsk_107	(x)	1	:	0.000000	0.000000	0.000000	0.326803	0.000000	0.301423	0.000000	0.000000	0.000000	0.371774	0.000000
108	tsk_108	(x)	1	:	0.000000	0.000000	0.498676	0.326755	0.000000	0.174550	0.000000	0.000000	0.000000	0.000019	0.000000
109	tsk_109	(x)	1	:	0.000000	0.000000	0.498672	0.000000	0.000000	0.501261	0.000000	0.000000	0.000000	0.000067	0.000000
110	tsk_110	(x)	1	:	0.000000	0.000000	0.000000	0.418930	0.000000	0.087112	0.000000	0.493958	0.000000	0.000000	0.000000
111	tsk_111	(x)	1	:	0.000000	0.000000	0.498680	0.000000	0.000000	0.041253	0.460046	0.000000	0.000000	0.000021	0.000000
112	tsk_112	(x)	1	:	0.000000	0.000000	0.000000	0.000000	0.000000	0.000000	1.000000	0.000000	0.000000	0.000000	0.000000
113	tsk_113	(x)	1	:	0.000000	0.000000	1.000000	0.000000	0.000000	0.000000	0.000000	0.000000	0.000000	0.000000	0.000000
114	tsk_114	(x)	1	:	0.000000	0.000000	0.491411	0.000000	0.000000	0.000000	0.000000	0.000000	0.508589	0.000000	0.000000
115	tsk_115	(x)	1	:	0.000000	0.000000	0.491411	0.000000	0.000000	0.000000	0.000000	0.000000	0.508589	0.000000	0.000000
116	tsk_116	(x)	1	:	0.000000	0.000000	0.498721	0.000000	0.000000	0.007207	0.000000	0.494071	0.000000	0.000001	0.000000
117	tsk_117	(x)	1	:	0.000000	0.000000	0.000000	0.000000	0.000000	0.000000	0.000000	1.000000	0.000000	0.000000	0.000000
118	tsk_118	(x)	1	:	0.000000	0.000000	0.001532	0.000000	0.000000	0.005314	0.000000	0.494389	0.498764	0.000000	0.000000
119	tsk_119	(x)	1	:	0.000000	0.000000	0.498663	0.000000	0.000000	0.041508	0.459812	0.000000	0.000000	0.000017	0.000000
120	tsk_120	(x)	1	:	0.498180	0.000000	0.000000	0.000000	0.000000	0.041258	0.460562	0.000000	0.000000	0.000000	0.000000
121	tsk_121	(x)	1	:	0.498139	0.000000	0.000000	0.326789	0.000000	0.175051	0.000000	0.000000	0.000000	0.000021	0.000000
122	tsk_122	(x)	1	:	0.409590	0.000000	0.000000	0.000002	0.171783	0.327351	0.000000	0.000000	0.091273	0.000000	0.000000
123	tsk_123	(x)	1	:	0.498155	0.000000	0.000000	0.000000	0.000000	0.041618	0.460227	0.000000	0.000000	0.000000	0.000000
124	tsk_124	(x)	1	:	0.000000	0.000000	0.000000	0.000000	0.000000	0.000000	0.000000	0.000000	0.000000	0.000000	1.000000
125	tsk_125	(x)	1	:	0.000000	0.000000	0.000000	0.326715	0.000000	0.100891	0.000000	0.000000	0.000000	0.000000	0.572394
126	tsk_126	(x)	1	:	0.502764	0.000000	0.000000	0.000000	0.000000	0.000000	0.000000	0.000000	0.000000	0.016755	0.480480
127	tsk_127	(x)	1	:	0.484871	0.000000	0.000000	0.000000	0.000000	0.000000	0.000000	0.000000	0.000000	0.000000	0.515129
128	tsk_128	(x)	1	:	1.000000	0.000000	0.000000	0.000000	0.000000	0.000000	0.000000	0.000000	0.000000	0.000000	0.000000
129	tsk_129	(x)	1	:	0.000000	0.000000	0.000000	0.000000	0.000000	0.001561	0.435969	0.000000	0.000000	0.000000	0.562470
130	tsk_130	(x)	1	:	0.000000	0.000000	0.002401	0.000000	0.000000	0.000000	0.000000	0.000000	0.501879	0.017326	0.478393
131	tsk_131	(x)	1	:	0.000000	0.000000	0.000000	0.000000	0.000000	0.000000	0.000000	0.000000	0.000000	0.000000	1.000000
132	tsk_132	(x)	1	:	0.000000	0.000000	0.000000	0.000000	0.000000	0.000000	0.000000	0.000000	0.000000	0.000000	1.000000
133	tsk_133	(x)	1	:	0.000000	0.000000	1.000000	0.000000	0.000000	0.000000	0.000000	0.000000	0.000000	0.000000	0.000000
134	tsk_134	(x)	1	:	0.000000	0.000000	0.000064	0.000000	0.000000	0.000000	0.000000	0.000000	0.488170	0.000000	0.511766
135	tsk_135	(x)	1	:	0.000000	0.000000	0.000000	0.000000	0.000000	0.000000	0.000000	0.000000	0.000000	0.000000	1.000000
136	tsk_136	(x)	1	:	0.000000	0.000000	0.564137	0.000000	0.000000	0.000000	0.000000	0.000000	0.000000	0.435863	0.000000
137	tsk_137	(x)	1	:	0.000000	0.000000	0.492717	0.000000	0.223285	0.264290	0.000000	0.019708	0.000000	0.000000	0.000000
138	tsk_138	(x)	1	:	0.000000	0.000000	0.000000	0.000000	0.000000	0.000000	0.000000	0.000000	0.000000	0.000000	1.000000
139	tsk_139	(x)	1	:	0.000000	0.000000	0.000000	0.000000	0.000000	0.000000	0.000000	0.000000	0.000000	1.000000	0.000000
140	tsk_140	(x)	1	:	0.000000	0.000000	0.000000	0.000000	0.206144	0.304671	0.000000	0.029215	0.000000	0.000136	0.459833
141	tsk_141	(x)	1	:	0.000000	0.000000	0.523219	0.000000	0.000000	0.000000	0.000000	0.000000	0.000000	0.004048	0.472733
142	tsk_142	(x)	1	:	0.000000	0.000000	0.000000	0.000000	0.000000	0.080655	0.459838	0.000000	0.000000	0.000168	0.459338
143	tsk_143	(x)	1	:	0.000000	0.000000	0.503066	0.000000	0.000000	0.000000	0.000000	0.000000	0.000000	0.019209	0.477725
144	tsk_144	(x)	1	:	0.000000	0.000000	0.000000	0.000000	0.000000	0.080562	0.459913	0.000000	0.000000	0.000130	0.459394
145	tsk_145	(x)	1	:	0.000000	0.000000	0.000000	0.000000	0.457074	0.542895	0.000000	0.000031	0.000000	0.000000	0.000000
146	tsk_146	(x)	1	:	0.000000	0.000000	0.503094	0.000000	0.000000	0.000000	0.000000	0.000000	0.000000	0.018918	0.477988
147	tsk_147	(x)	1	:	0.000000	0.000000	0.492717	0.000000	0.223286	0.264291	0.000000	0.019706	0.000000	0.000000	0.000000
148	tsk_148	(x)	1	:	0.443326	0.000000	0.000000	0.000000	0.296515	0.209298	0.000000	0.000000	0.050860	0.000000	0.000000
149	tsk_149	(x)	1	:	0.000000	0.000000	0.498665	0.000000	0.000000	0.041463	0.459850	0.000000	0.000000	0.000022	0.000000
