logL = -1616.088947 (converged)
AIC = 4452.177895
BIC = 6288.665424

count.K
49 11 8 82 

