logL = -1144.426206 (converged)
AIC = 4304.852412
BIC = 7339.572789

count.K
14 37 71 14 3 11 

