logL = -1745.171311 (converged)
AIC = 4330.342622
BIC = 5594.809445

count.K
44 59 47 

