logL = -1842.409782 (converged)
AIC = 7056.819565
BIC = 12132.750670

count.K
23 3 9 6 66 10 15 7 11 

