logL = -931.067455 (converged)
AIC = 7202.134910
BIC = 15240.531145

count.K
9 23 2 2 24 18 4 11 7 1 7 22 0 4 16 

