logL = -1166.370539 (converged)
AIC = 6400.741077
BIC = 12524.373265

count.K
9 5 5 2 17 21 43 12 5 8 10 13 

