logL = -917.584140 (converged)
AIC = 4527.168281
BIC = 8579.483387

count.K
20 8 16 25 31 30 11 9 

