0	tsk_0	(x)	1	:	0.000000	0.000000	0.000000	0.000000	0.000000	0.000000	1.000000	0.000000	0.000000	0.000000	0.000000
1	tsk_1	(x)	1	:	0.211287	0.000000	0.000000	0.000000	0.500000	0.000000	0.000000	0.288713	0.000000	0.000000	0.000000
2	tsk_2	(x)	1	:	0.104575	0.000000	0.000000	0.000000	0.000000	0.000000	0.790849	0.104575	0.000000	0.000000	0.000000
3	tsk_3	(x)	1	:	0.278548	0.000000	0.000000	0.000000	0.500000	0.000000	0.000000	0.221452	0.000000	0.000000	0.000000
4	tsk_4	(x)	1	:	0.601441	0.000000	0.000000	0.000000	0.000000	0.000000	0.000000	0.398559	0.000000	0.000000	0.000000
5	tsk_5	(x)	1	:	0.365738	0.000000	0.000000	0.000000	0.000000	0.000000	0.000000	0.634262	0.000000	0.000000	0.000000
6	tsk_6	(x)	1	:	0.502392	0.000000	0.000000	0.000000	0.000000	0.000000	0.000000	0.497608	0.000000	0.000000	0.000000
7	tsk_7	(x)	1	:	0.503095	0.000000	0.000000	0.000000	0.000000	0.000000	0.000000	0.496905	0.000000	0.000000	0.000000
8	tsk_8	(x)	1	:	0.236768	0.000000	0.000000	0.000000	0.000000	0.000000	0.464780	0.298452	0.000000	0.000000	0.000000
9	tsk_9	(x)	1	:	0.160649	0.000000	0.000000	0.000000	0.000000	0.000000	0.000000	0.368717	0.000000	0.000000	0.470634
10	tsk_10	(x)	1	:	0.123155	0.168267	0.000000	0.000000	0.000000	0.000000	0.000000	0.237946	0.000000	0.000000	0.470633
11	tsk_11	(x)	1	:	0.469349	0.000000	0.000000	0.000000	0.000000	0.000000	0.000000	0.530651	0.000000	0.000000	0.000000
12	tsk_12	(x)	1	:	0.000000	0.000000	0.000000	0.000000	0.000000	0.000000	1.000000	0.000000	0.000000	0.000000	0.000000
13	tsk_13	(x)	1	:	0.375963	0.000000	0.000000	0.000000	0.000000	0.000000	0.464780	0.159257	0.000000	0.000000	0.000000
14	tsk_14	(x)	1	:	0.000000	0.088504	0.000000	0.000000	0.000000	0.000000	0.000000	0.000000	0.000000	0.000000	0.911496
15	tsk_15	(x)	1	:	0.045217	0.000000	0.000000	0.000000	0.000000	0.000000	0.463698	0.020778	0.000000	0.000000	0.470307
16	tsk_16	(x)	1	:	0.284365	0.000000	0.500000	0.000000	0.000000	0.000000	0.000000	0.215635	0.000000	0.000000	0.000000
17	tsk_17	(x)	1	:	0.353665	0.000000	0.500000	0.000000	0.000000	0.000000	0.000000	0.146335	0.000000	0.000000	0.000000
18	tsk_18	(x)	1	:	0.159648	0.000000	0.000000	0.000000	0.000000	0.000000	0.464780	0.375572	0.000000	0.000000	0.000000
19	tsk_19	(x)	1	:	0.000000	0.000000	0.000000	0.000000	0.000000	0.000000	1.000000	0.000000	0.000000	0.000000	0.000000
20	tsk_20	(x)	1	:	0.000000	0.000000	0.000000	0.000000	0.000000	0.000000	0.000000	0.000000	1.000000	0.000000	0.000000
21	tsk_21	(x)	1	:	0.077801	0.000000	0.000000	0.000000	0.000000	0.000000	0.000000	0.422076	0.499588	0.000000	0.000534
22	tsk_22	(x)	1	:	0.315005	0.000000	0.000000	0.000000	0.000000	0.483085	0.000000	0.201910	0.000000	0.000000	0.000000
23	tsk_23	(x)	1	:	0.547063	0.000000	0.000000	0.000000	0.000000	0.000000	0.000000	0.452937	0.000000	0.000000	0.000000
24	tsk_24	(x)	1	:	0.335269	0.000000	0.000000	0.000000	0.000000	0.000000	0.000000	0.664731	0.000000	0.000000	0.000000
25	tsk_25	(x)	1	:	0.228440	0.000000	0.000000	0.000000	0.000000	0.000000	0.000000	0.271485	0.499747	0.000000	0.000328
26	tsk_26	(x)	1	:	0.447524	0.000000	0.000000	0.000000	0.000000	0.000000	0.000000	0.552476	0.000000	0.000000	0.000000
27	tsk_27	(x)	1	:	0.172255	0.000000	0.000000	0.000000	0.000000	0.000000	0.000000	0.327637	0.499634	0.000000	0.000474
28	tsk_28	(x)	1	:	0.234707	0.168265	0.000000	0.000000	0.000000	0.000000	0.464732	0.132296	0.000000	0.000000	0.000000
29	tsk_29	(x)	1	:	0.800563	0.000000	0.000000	0.000000	0.000000	0.000000	0.000000	0.199437	0.000000	0.000000	0.000000
30	tsk_30	(x)	1	:	0.006612	0.000000	0.000000	0.000000	0.000000	0.514825	0.458215	0.020348	0.000000	0.000000	0.000000
31	tsk_31	(x)	1	:	0.000000	0.000000	0.000000	0.000000	0.479634	0.520366	0.000000	0.000000	0.000000	0.000000	0.000000
32	tsk_32	(x)	1	:	0.010412	0.000000	0.000000	0.000000	0.499777	0.000000	0.000000	0.016638	0.000000	0.473173	0.000000
33	tsk_33	(x)	1	:	0.000000	0.000000	0.000000	0.000000	1.000000	0.000000	0.000000	0.000000	0.000000	0.000000	0.000000
34	tsk_34	(x)	1	:	0.000000	0.000000	0.000000	0.000000	1.000000	0.000000	0.000000	0.000000	0.000000	0.000000	0.000000
35	tsk_35	(x)	1	:	0.000000	0.000000	0.000000	0.000000	0.478587	0.521413	0.000000	0.000000	0.000000	0.000000	0.000000
36	tsk_36	(x)	1	:	0.310069	0.000000	0.000000	0.000000	0.000000	0.515573	0.000000	0.174357	0.000000	0.000000	0.000000
37	tsk_37	(x)	1	:	0.254418	0.000000	0.000000	0.000000	0.000000	0.516373	0.000000	0.229209	0.000000	0.000000	0.000000
38	tsk_38	(x)	1	:	0.149524	0.000000	0.000000	0.000000	0.500000	0.000000	0.000000	0.350476	0.000000	0.000000	0.000000
39	tsk_39	(x)	1	:	0.000000	0.000000	0.000000	0.000000	1.000000	0.000000	0.000000	0.000000	0.000000	0.000000	0.000000
40	tsk_40	(x)	1	:	0.000000	0.000000	0.000000	0.000000	0.000000	0.000000	0.000000	0.000000	0.000000	1.000000	0.000000
41	tsk_41	(x)	1	:	0.016242	0.000000	0.498708	0.000000	0.000000	0.000000	0.000000	0.013341	0.000000	0.471709	0.000000
42	tsk_42	(x)	1	:	0.007668	0.000000	0.000000	0.496408	0.000000	0.000000	0.000000	0.025156	0.000000	0.470768	0.000000
43	tsk_43	(x)	1	:	0.000000	0.000000	0.000000	0.000000	0.000000	0.000000	0.000000	0.000000	0.000000	1.000000	0.000000
44	tsk_44	(x)	1	:	0.000000	0.000000	0.000000	0.000000	0.000000	0.000000	0.000000	0.000000	0.000000	1.000000	0.000000
45	tsk_45	(x)	1	:	0.000000	0.247900	0.000000	0.368442	0.000000	0.000000	0.000000	0.000000	0.000000	0.000000	0.383658
46	tsk_46	(x)	1	:	0.000000	0.000000	0.000000	0.000000	0.000000	0.000000	0.000000	0.000000	0.000000	1.000000	0.000000
47	tsk_47	(x)	1	:	0.000000	0.000000	0.000000	0.000000	0.000000	0.000000	0.000000	0.000000	0.000000	1.000000	0.000000
48	tsk_48	(x)	1	:	0.011273	0.000000	0.000000	0.000000	0.000000	0.000000	0.000000	0.045157	0.000000	0.473475	0.470095
49	tsk_49	(x)	1	:	0.000000	0.000000	0.000000	0.000000	0.000000	0.000000	0.000000	0.000000	0.000000	1.000000	0.000000
50	tsk_50	(x)	1	:	0.293572	0.000000	0.000000	0.000000	0.000000	0.483085	0.000000	0.223343	0.000000	0.000000	0.000000
51	tsk_51	(x)	1	:	0.333721	0.000000	0.000000	0.000000	0.000000	0.000000	0.000000	0.433790	0.000000	0.232489	0.000000
52	tsk_52	(x)	1	:	0.202446	0.000000	0.000000	0.000000	0.000000	0.000000	0.000000	0.323242	0.000000	0.474312	0.000000
53	tsk_53	(x)	1	:	0.222721	0.000000	0.000000	0.000000	0.000000	0.000000	0.000000	0.302968	0.000000	0.474312	0.000000
54	tsk_54	(x)	1	:	0.000000	0.000000	0.000000	0.000000	0.000000	0.486424	0.000000	0.000000	0.513224	0.000000	0.000352
55	tsk_55	(x)	1	:	0.240897	0.000000	0.500000	0.000000	0.000000	0.000000	0.000000	0.259102	0.000000	0.000000	0.000000
56	tsk_56	(x)	1	:	0.147567	0.000000	0.499999	0.000000	0.000000	0.000000	0.000000	0.119946	0.000000	0.232488	0.000000
57	tsk_57	(x)	1	:	0.183807	0.000000	0.000000	0.000000	0.000000	0.000000	0.000000	0.341881	0.000000	0.474312	0.000000
58	tsk_58	(x)	1	:	0.363140	0.000000	0.000000	0.000000	0.000000	0.483085	0.000000	0.153775	0.000000	0.000000	0.000000
59	tsk_59	(x)	1	:	0.240176	0.000000	0.000000	0.000000	0.000000	0.000000	0.000000	0.285512	0.000000	0.474312	0.000000
60	tsk_60	(x)	1	:	0.000000	0.000000	0.000000	0.000000	0.000000	0.000000	0.000000	0.000000	0.000000	0.000000	1.000000
61	tsk_61	(x)	1	:	0.015596	0.000000	0.000000	0.000000	0.000000	0.515845	0.460215	0.008345	0.000000	0.000000	0.000000
62	tsk_62	(x)	1	:	0.001081	0.000000	0.000000	0.484748	0.000000	0.512789	0.000000	0.001382	0.000000	0.000000	0.000000
63	tsk_63	(x)	1	:	0.131588	0.000000	0.000000	0.000000	0.000000	0.000000	0.000000	0.311308	0.000000	0.000000	0.557104
64	tsk_64	(x)	1	:	0.080146	0.000000	0.000000	0.000000	0.000000	0.000000	0.000000	0.305762	0.000000	0.000000	0.614091
65	tsk_65	(x)	1	:	0.000000	0.000000	0.000000	0.000000	0.000000	0.513249	0.000000	0.000000	0.486736	0.000000	0.000016
66	tsk_66	(x)	1	:	0.194830	0.000000	0.000000	0.000000	0.000000	0.000000	0.000000	0.305077	0.499688	0.000000	0.000404
67	tsk_67	(x)	1	:	0.006865	0.000000	0.000000	0.497629	0.000000	0.000000	0.000000	0.026399	0.000000	0.000000	0.469106
68	tsk_68	(x)	1	:	0.002157	0.000000	0.000000	0.494773	0.000000	0.000000	0.000000	0.005612	0.497197	0.000000	0.000261
69	tsk_69	(x)	1	:	0.142298	0.000000	0.000000	0.000000	0.000000	0.000000	0.000000	0.300598	0.000000	0.000000	0.557104
70	tsk_70	(x)	1	:	0.016319	0.000000	0.000000	0.000000	0.000000	0.000000	0.000000	0.039852	0.000000	0.473633	0.470197
71	tsk_71	(x)	1	:	0.236389	0.000000	0.000000	0.000000	0.000000	0.000000	0.000000	0.292977	0.000000	0.000000	0.470634
72	tsk_72	(x)	1	:	0.297694	0.000000	0.000000	0.000000	0.000000	0.000000	0.000000	0.227994	0.000000	0.474312	0.000000
73	tsk_73	(x)	1	:	0.028723	0.000000	0.000000	0.000000	0.000000	0.000000	0.000000	0.027471	0.000000	0.473618	0.470187
74	tsk_74	(x)	1	:	0.016136	0.000000	0.000000	0.000000	0.000000	0.000000	0.000000	0.040267	0.000000	0.473491	0.470105
75	tsk_75	(x)	1	:	0.187489	0.000000	0.000000	0.000000	0.000000	0.000000	0.000000	0.338199	0.000000	0.474312	0.000000
76	tsk_76	(x)	1	:	0.231683	0.000000	0.000000	0.000000	0.000000	0.000000	0.000000	0.294005	0.000000	0.474312	0.000000
77	tsk_77	(x)	1	:	0.246162	0.000000	0.000000	0.000000	0.000000	0.000000	0.000000	0.279527	0.000000	0.474312	0.000000
78	tsk_78	(x)	1	:	0.036500	0.000000	0.000000	0.000000	0.000000	0.000000	0.000000	0.489188	0.000000	0.474312	0.000000
79	tsk_79	(x)	1	:	0.008007	0.000000	0.000000	0.000000	0.000000	0.000000	0.000000	0.048667	0.000000	0.473327	0.469999
80	tsk_80	(x)	1	:	0.024197	0.000000	0.498730	0.000000	0.000000	0.000000	0.000000	0.005319	0.000000	0.471754	0.000000
81	tsk_81	(x)	1	:	0.375036	0.000000	0.500000	0.000000	0.000000	0.000000	0.000000	0.124964	0.000000	0.000000	0.000000
82	tsk_82	(x)	1	:	0.749306	0.000000	0.000000	0.000000	0.000000	0.000000	0.000000	0.250694	0.000000	0.000000	0.000000
83	tsk_83	(x)	1	:	0.377949	0.000000	0.500000	0.000000	0.000000	0.000000	0.000000	0.122051	0.000000	0.000000	0.000000
84	tsk_84	(x)	1	:	0.289275	0.000000	0.000000	0.000000	0.000000	0.000000	0.464780	0.245945	0.000000	0.000000	0.000000
85	tsk_85	(x)	1	:	0.029846	0.000000	0.498549	0.000000	0.000000	0.000000	0.458740	0.012865	0.000000	0.000000	0.000000
86	tsk_86	(x)	1	:	0.451217	0.000000	0.500000	0.000000	0.000000	0.000000	0.000000	0.048783	0.000000	0.000000	0.000000
87	tsk_87	(x)	1	:	0.169182	0.000000	0.000000	0.000000	0.000000	0.000000	0.464796	0.133520	0.000000	0.232501	0.000000
88	tsk_88	(x)	1	:	0.000000	0.129226	0.000000	0.000000	0.000000	0.000000	0.870773	0.000000	0.000000	0.000000	0.000000
89	tsk_89	(x)	1	:	0.320550	0.000000	0.500000	0.000000	0.000000	0.000000	0.000000	0.179450	0.000000	0.000000	0.000000
90	tsk_90	(x)	1	:	0.177560	0.000000	0.000000	0.000000	0.000000	0.000000	0.000000	0.348128	0.000000	0.474312	0.000000
91	tsk_91	(x)	1	:	0.407641	0.000000	0.500000	0.000000	0.000000	0.000000	0.000000	0.092359	0.000000	0.000000	0.000000
92	tsk_92	(x)	1	:	0.000000	0.000000	0.517713	0.000000	0.000000	0.000000	0.000000	0.000000	0.000000	0.000000	0.482287
93	tsk_93	(x)	1	:	0.264539	0.000000	0.000000	0.000000	0.500000	0.000000	0.000000	0.235461	0.000000	0.000000	0.000000
94	tsk_94	(x)	1	:	0.124738	0.000000	0.000000	0.500000	0.000000	0.000000	0.000000	0.375262	0.000000	0.000000	0.000000
95	tsk_95	(x)	1	:	0.715627	0.000000	0.000000	0.000000	0.000000	0.000000	0.000000	0.284373	0.000000	0.000000	0.000000
96	tsk_96	(x)	1	:	0.261885	0.000000	0.000000	0.000000	0.500000	0.000000	0.000000	0.238114	0.000000	0.000000	0.000000
97	tsk_97	(x)	1	:	0.000000	0.000000	0.000000	0.000000	1.000000	0.000000	0.000000	0.000000	0.000000	0.000000	0.000000
98	tsk_98	(x)	1	:	0.000000	0.000000	0.000000	0.000000	0.478587	0.521413	0.000000	0.000000	0.000000	0.000000	0.000000
99	tsk_99	(x)	1	:	0.413521	0.000000	0.500000	0.000000	0.000000	0.000000	0.000000	0.086479	0.000000	0.000000	0.000000
100	tsk_100	(x)	1	:	0.167078	0.000000	0.000000	0.000000	0.000000	0.000000	0.000000	0.362288	0.000000	0.000000	0.470634
101	tsk_101	(x)	1	:	0.194802	0.000000	0.000000	0.000000	0.500000	0.000000	0.000000	0.305198	0.000000	0.000000	0.000000
102	tsk_102	(x)	1	:	0.312947	0.000000	0.000000	0.000000	0.000000	0.000000	0.464780	0.222273	0.000000	0.000000	0.000000
103	tsk_103	(x)	1	:	0.538150	0.000000	0.000000	0.000000	0.000000	0.000000	0.000000	0.461850	0.000000	0.000000	0.000000
104	tsk_104	(x)	1	:	0.000000	0.000000	0.000000	0.000000	0.499986	0.000000	0.464610	0.035404	0.000000	0.000000	0.000000
105	tsk_105	(x)	1	:	0.307045	0.000000	0.500000	0.000000	0.000000	0.000000	0.000000	0.192955	0.000000	0.000000	0.000000
106	tsk_106	(x)	1	:	0.259221	0.000000	0.000000	0.000000	0.000000	0.000000	0.000000	0.270145	0.000000	0.000000	0.470634
107	tsk_107	(x)	1	:	0.143603	0.000000	0.000000	0.000000	0.000000	0.000000	0.000000	0.385763	0.000000	0.000000	0.470634
108	tsk_108	(x)	1	:	0.000000	0.000000	0.000000	0.000000	0.000000	0.494836	0.000000	0.000000	0.000000	0.000000	0.505164
109	tsk_109	(x)	1	:	0.000000	0.000000	0.000000	0.000000	0.000000	0.000000	1.000000	0.000000	0.000000	0.000000	0.000000
110	tsk_110	(x)	1	:	0.033992	0.000000	0.498503	0.000000	0.000000	0.000000	0.458549	0.008956	0.000000	0.000000	0.000000
111	tsk_111	(x)	1	:	0.026313	0.000000	0.498406	0.000000	0.000000	0.000000	0.458139	0.017142	0.000000	0.000000	0.000000
112	tsk_112	(x)	1	:	0.311881	0.000000	0.000000	0.000000	0.000000	0.000000	0.464780	0.223339	0.000000	0.000000	0.000000
113	tsk_113	(x)	1	:	0.371539	0.000000	0.500000	0.000000	0.000000	0.000000	0.000000	0.128461	0.000000	0.000000	0.000000
114	tsk_114	(x)	1	:	0.000000	0.000000	1.000000	0.000000	0.000000	0.000000	0.000000	0.000000	0.000000	0.000000	0.000000
115	tsk_115	(x)	1	:	0.462959	0.154206	0.000000	0.000000	0.000000	0.000000	0.000000	0.382835	0.000000	0.000000	0.000000
116	tsk_116	(x)	1	:	0.380291	0.000000	0.000000	0.000000	0.000000	0.000000	0.464780	0.154928	0.000000	0.000000	0.000000
117	tsk_117	(x)	1	:	0.000000	0.000000	1.000000	0.000000	0.000000	0.000000	0.000000	0.000000	0.000000	0.000000	0.000000
118	tsk_118	(x)	1	:	0.347617	0.000000	0.500000	0.000000	0.000000	0.000000	0.000000	0.152383	0.000000	0.000000	0.000000
119	tsk_119	(x)	1	:	0.000000	0.000000	0.500000	0.000000	0.500000	0.000000	0.000000	0.000000	0.000000	0.000000	0.000000
120	tsk_120	(x)	1	:	0.212036	0.000000	0.000000	0.500000	0.000000	0.000000	0.000000	0.287964	0.000000	0.000000	0.000000
121	tsk_121	(x)	1	:	0.000000	0.000000	0.000000	1.000000	0.000000	0.000000	0.000000	0.000000	0.000000	0.000000	0.000000
122	tsk_122	(x)	1	:	0.003033	0.000000	0.000000	0.494012	0.498814	0.000000	0.000000	0.004141	0.000000	0.000000	0.000000
123	tsk_123	(x)	1	:	0.000000	0.000000	0.000000	1.000000	0.000000	0.000000	0.000000	0.000000	0.000000	0.000000	0.000000
124	tsk_124	(x)	1	:	0.204627	0.000000	0.000000	0.500000	0.000000	0.000000	0.000000	0.295373	0.000000	0.000000	0.000000
125	tsk_125	(x)	1	:	0.158562	0.000000	0.000000	0.500000	0.000000	0.000000	0.000000	0.341438	0.000000	0.000000	0.000000
126	tsk_126	(x)	1	:	0.194021	0.000000	0.000000	0.500000	0.000000	0.000000	0.000000	0.305979	0.000000	0.000000	0.000000
127	tsk_127	(x)	1	:	0.000032	0.000000	0.000000	0.450117	0.000000	0.000000	0.000000	0.000118	0.000000	0.549733	0.000000
128	tsk_128	(x)	1	:	0.005936	0.000000	0.496134	0.492207	0.000000	0.000000	0.000000	0.005723	0.000000	0.000000	0.000000
129	tsk_129	(x)	1	:	0.209617	0.000000	0.000000	0.000000	0.500000	0.000000	0.000000	0.290383	0.000000	0.000000	0.000000
130	tsk_130	(x)	1	:	0.006306	0.000000	0.000000	0.492844	0.000000	0.000000	0.458303	0.042546	0.000000	0.000000	0.000000
131	tsk_131	(x)	1	:	0.353371	0.000000	0.000000	0.000000	0.000000	0.483085	0.000000	0.163544	0.000000	0.000000	0.000000
132	tsk_132	(x)	1	:	0.291809	0.000000	0.000000	0.000000	0.000000	0.483085	0.000000	0.225105	0.000000	0.000000	0.000000
133	tsk_133	(x)	1	:	0.259631	0.000000	0.000000	0.000000	0.000000	0.000000	0.000000	0.266057	0.000000	0.474312	0.000000
134	tsk_134	(x)	1	:	0.377138	0.000000	0.000000	0.000000	0.000000	0.000000	0.000000	0.622862	0.000000	0.000000	0.000000
135	tsk_135	(x)	1	:	0.420477	0.000000	0.000000	0.000000	0.000000	0.000000	0.000000	0.579523	0.000000	0.000000	0.000000
136	tsk_136	(x)	1	:	0.180696	0.000000	0.000000	0.499998	0.000000	0.000000	0.000000	0.086818	0.000000	0.232488	0.000000
137	tsk_137	(x)	1	:	0.298666	0.000000	0.000000	0.000000	0.000000	0.000000	0.464780	0.236554	0.000000	0.000000	0.000000
138	tsk_138	(x)	1	:	0.538510	0.000000	0.000000	0.000000	0.000000	0.000000	0.000000	0.461490	0.000000	0.000000	0.000000
139	tsk_139	(x)	1	:	0.341386	0.000000	0.000000	0.000000	0.000000	0.000000	0.464780	0.193833	0.000000	0.000000	0.000000
140	tsk_140	(x)	1	:	0.359768	0.000000	0.500000	0.000000	0.000000	0.000000	0.000000	0.140231	0.000000	0.000000	0.000000
141	tsk_141	(x)	1	:	0.465661	0.000000	0.500000	0.000000	0.000000	0.000000	0.000000	0.034339	0.000000	0.000000	0.000000
142	tsk_142	(x)	1	:	0.000000	0.000000	0.000000	0.000000	0.000000	0.493947	0.000000	0.000000	0.000000	0.000000	0.506053
143	tsk_143	(x)	1	:	0.000000	0.000000	0.516915	0.000000	0.000000	0.483085	0.000000	0.000000	0.000000	0.000000	0.000000
144	tsk_144	(x)	1	:	0.342767	0.000000	0.500000	0.000000	0.000000	0.000000	0.000000	0.157233	0.000000	0.000000	0.000000
145	tsk_145	(x)	1	:	0.000000	0.000000	0.516915	0.000000	0.000000	0.483085	0.000000	0.000000	0.000000	0.000000	0.000000
146	tsk_146	(x)	1	:	0.000000	0.000000	0.516915	0.000000	0.000000	0.483085	0.000000	0.000000	0.000000	0.000000	0.000000
147	tsk_147	(x)	1	:	0.278614	0.000000	0.500000	0.000000	0.000000	0.000000	0.000000	0.221386	0.000000	0.000000	0.000000
148	tsk_148	(x)	1	:	0.000000	0.000000	0.516915	0.000000	0.000000	0.483085	0.000000	0.000000	0.000000	0.000000	0.000000
149	tsk_149	(x)	1	:	0.000000	0.000000	0.483627	0.000000	0.000000	0.516373	0.000000	0.000000	0.000000	0.000000	0.000000
