logL = -918.961723 (converged)
AIC = 4513.923446
BIC = 8542.153470

count.K
32 23 18 4 5 22 18 28 

