0	tsk_0	(x)	1	:	0.000000	0.465312	0.014835	0.000000	0.000000	0.000000	0.000000	0.000000	0.010263	0.499689	0.000000	0.000000	0.000000	0.009902
1	tsk_1	(x)	1	:	0.000000	0.000000	0.000000	0.000001	0.000000	0.492207	0.000000	0.000000	0.000000	0.507792	0.000000	0.000000	0.000000	0.000000
2	tsk_2	(x)	1	:	0.000000	0.000000	0.640229	0.000000	0.000000	0.000000	0.000000	0.000000	0.304990	0.000000	0.000000	0.000000	0.000000	0.054781
3	tsk_3	(x)	1	:	0.000000	0.000000	0.002850	0.000001	0.000000	0.493342	0.000000	0.000000	0.002481	0.499475	0.000000	0.000000	0.000000	0.001851
4	tsk_4	(x)	1	:	0.000000	0.000000	0.000000	0.000000	0.000000	0.000000	0.000000	0.509088	0.000000	0.490912	0.000000	0.000000	0.000000	0.000000
5	tsk_5	(x)	1	:	0.000000	0.593145	0.000000	0.000000	0.000000	0.406854	0.000000	0.000000	0.000000	0.000000	0.000000	0.000000	0.000000	0.000000
6	tsk_6	(x)	1	:	0.000000	0.464454	0.019869	0.000000	0.000000	0.498897	0.000000	0.000000	0.012567	0.000000	0.000000	0.000000	0.000000	0.004212
7	tsk_7	(x)	1	:	0.000000	0.000000	0.000000	0.000000	0.000000	0.000000	0.000000	0.509088	0.000000	0.490912	0.000000	0.000000	0.000000	0.000000
8	tsk_8	(x)	1	:	0.000000	0.507672	0.000000	0.000000	0.000000	0.000000	0.000000	0.000000	0.000000	0.492327	0.000000	0.000000	0.000000	0.000000
9	tsk_9	(x)	1	:	0.000000	0.000000	0.000000	0.000003	0.000000	0.999997	0.000000	0.000000	0.000000	0.000000	0.000000	0.000000	0.000000	0.000000
10	tsk_10	(x)	1	:	0.526011	0.000000	0.072104	0.000000	0.000000	0.000000	0.000000	0.000000	0.221433	0.000000	0.000000	0.000000	0.000000	0.180451
11	tsk_11	(x)	1	:	0.000000	0.000000	0.346419	0.000000	0.000000	0.000000	0.000000	0.000000	0.469243	0.000000	0.000000	0.000000	0.000000	0.184338
12	tsk_12	(x)	1	:	0.000000	0.000000	0.000000	0.000000	0.000000	0.000000	0.000000	0.000000	0.000000	0.000000	0.000000	1.000000	0.000000	0.000000
13	tsk_13	(x)	1	:	0.000000	0.000000	0.439310	0.000000	0.000000	0.000000	0.000000	0.000000	0.401861	0.000000	0.000000	0.000000	0.000000	0.158829
14	tsk_14	(x)	1	:	0.000000	0.000000	0.420957	0.000000	0.000000	0.000000	0.000000	0.000000	0.425996	0.000000	0.000000	0.000000	0.000000	0.153047
15	tsk_15	(x)	1	:	0.500165	0.000000	0.015549	0.000000	0.000000	0.000000	0.000007	0.000000	0.011518	0.000000	0.000000	0.463700	0.000000	0.009061
16	tsk_16	(x)	1	:	0.500802	0.000000	0.305296	0.000000	0.000000	0.000000	0.000002	0.000000	0.009910	0.000000	0.000000	0.000000	0.000000	0.183990
17	tsk_17	(x)	1	:	0.500166	0.000000	0.014184	0.000000	0.000000	0.000000	0.000005	0.000000	0.010900	0.000000	0.000000	0.463699	0.000000	0.011045
18	tsk_18	(x)	1	:	1.000000	0.000000	0.000000	0.000000	0.000000	0.000000	0.000000	0.000000	0.000000	0.000000	0.000000	0.000000	0.000000	0.000000
19	tsk_19	(x)	1	:	1.000000	0.000000	0.000000	0.000000	0.000000	0.000000	0.000000	0.000000	0.000000	0.000000	0.000000	0.000000	0.000000	0.000000
20	tsk_20	(x)	1	:	0.000000	0.000000	0.176846	0.000000	0.495579	0.000000	0.000000	0.000000	0.226422	0.003336	0.000000	0.000000	0.000000	0.097817
21	tsk_21	(x)	1	:	0.500484	0.000000	0.160070	0.000000	0.000000	0.000000	0.000004	0.000000	0.055648	0.000000	0.000000	0.234587	0.000000	0.049208
22	tsk_22	(x)	1	:	0.000000	0.000000	0.217205	0.000000	0.000000	0.000000	0.000000	0.497100	0.129666	0.002996	0.000000	0.000000	0.000000	0.153033
23	tsk_23	(x)	1	:	0.000000	0.000000	0.103920	0.000000	0.496463	0.000000	0.000000	0.000000	0.105067	0.002360	0.000000	0.234146	0.000000	0.058044
24	tsk_24	(x)	1	:	0.000000	0.000000	0.604223	0.000000	0.000000	0.000000	0.000000	0.000000	0.244493	0.000000	0.000000	0.000000	0.000000	0.151284
25	tsk_25	(x)	1	:	0.000000	0.000000	0.319597	0.000000	0.000000	0.000000	0.000000	0.000000	0.343947	0.000000	0.000000	0.234154	0.000000	0.102301
26	tsk_26	(x)	1	:	0.494119	0.000000	0.000000	0.000000	0.505881	0.000000	0.000000	0.000000	0.000000	0.000000	0.000000	0.000000	0.000000	0.000000
27	tsk_27	(x)	1	:	0.357685	0.000000	0.257166	0.000000	0.000000	0.000000	0.000000	0.000000	0.125107	0.000000	0.000000	0.000000	0.158079	0.101963
28	tsk_28	(x)	1	:	0.348387	0.000000	0.000000	0.000000	0.000000	0.000000	0.000000	0.493830	0.000000	0.001718	0.000000	0.000000	0.156065	0.000000
29	tsk_29	(x)	1	:	0.000000	0.000000	0.124352	0.000001	0.000000	0.499993	0.000000	0.000000	0.277951	0.000000	0.000000	0.000000	0.000000	0.097704
30	tsk_30	(x)	1	:	0.000000	0.000000	0.345342	0.000000	0.000000	0.000000	0.000000	0.000000	0.437096	0.000000	0.000000	0.000000	0.000000	0.217561
31	tsk_31	(x)	1	:	0.000000	0.000000	0.285367	0.000000	0.000000	0.000000	0.000000	0.000000	0.492188	0.000000	0.000000	0.000000	0.000000	0.222445
32	tsk_32	(x)	1	:	0.000000	0.000000	0.440495	0.000000	0.000000	0.000000	0.000000	0.000000	0.450024	0.000000	0.000000	0.000000	0.000000	0.109481
33	tsk_33	(x)	1	:	0.000000	0.000000	0.001338	0.000001	0.000000	0.493395	0.000000	0.000000	0.001735	0.499477	0.000000	0.000000	0.000000	0.004054
34	tsk_34	(x)	1	:	0.000000	0.000000	0.140555	0.000000	0.000000	0.000000	0.000000	0.497117	0.173616	0.002979	0.000000	0.000000	0.000000	0.185734
35	tsk_35	(x)	1	:	0.000000	0.000000	0.171451	0.000001	0.000000	0.499996	0.000000	0.000000	0.156313	0.000000	0.000000	0.000000	0.000000	0.172239
36	tsk_36	(x)	1	:	0.000000	0.000000	0.000000	0.000000	0.000000	0.000000	0.000000	0.509088	0.000000	0.490912	0.000000	0.000000	0.000000	0.000000
37	tsk_37	(x)	1	:	0.000000	0.000000	0.279355	0.000001	0.000000	0.499994	0.000000	0.000000	0.072470	0.000000	0.000000	0.000000	0.000000	0.148179
38	tsk_38	(x)	1	:	0.000000	0.000000	0.000000	0.000000	0.000000	0.000000	0.000000	0.509088	0.000000	0.490912	0.000000	0.000000	0.000000	0.000000
39	tsk_39	(x)	1	:	0.000000	0.000000	0.192541	0.000001	0.000000	0.499992	0.000000	0.000000	0.257761	0.000000	0.000000	0.000000	0.000000	0.049704
40	tsk_40	(x)	1	:	0.000000	0.000000	0.000000	0.000000	0.000000	0.000000	0.498556	0.498004	0.000000	0.003440	0.000000	0.000000	0.000000	0.000000
41	tsk_41	(x)	1	:	0.000000	0.000000	0.000000	0.000000	0.000000	0.000000	1.000000	0.000000	0.000000	0.000000	0.000000	0.000000	0.000000	0.000000
42	tsk_42	(x)	1	:	0.271148	0.000000	0.000000	0.000000	0.000000	0.000000	0.227795	0.000000	0.000000	0.501057	0.000000	0.000000	0.000000	0.000000
43	tsk_43	(x)	1	:	0.000000	0.000000	0.000000	0.000000	0.487382	0.000000	0.000000	0.508097	0.000000	0.004521	0.000000	0.000000	0.000000	0.000000
44	tsk_44	(x)	1	:	0.000000	0.000000	0.000000	0.000000	0.000000	0.000000	0.498901	0.000000	0.000000	0.501098	0.000000	0.000000	0.000000	0.000000
45	tsk_45	(x)	1	:	0.000000	0.000000	0.000000	0.000000	0.000000	0.000000	1.000000	0.000000	0.000000	0.000000	0.000000	0.000000	0.000000	0.000000
46	tsk_46	(x)	1	:	0.000000	0.000000	0.000000	0.000000	0.487557	0.000000	0.000000	0.508626	0.000000	0.003816	0.000000	0.000000	0.000000	0.000000
47	tsk_47	(x)	1	:	0.000000	0.000000	0.000000	0.000000	0.000000	0.000000	0.000000	0.509088	0.000000	0.490912	0.000000	0.000000	0.000000	0.000000
48	tsk_48	(x)	1	:	0.000000	0.000000	0.002900	0.000001	0.000000	0.495120	0.493872	0.000000	0.005602	0.000000	0.000000	0.000000	0.000000	0.002505
49	tsk_49	(x)	1	:	0.000000	0.000000	0.003410	0.000001	0.000000	0.493272	0.000000	0.497020	0.001416	0.002855	0.000000	0.000000	0.000000	0.002026
50	tsk_50	(x)	1	:	0.000000	0.000000	0.112393	0.000000	0.000000	0.000000	0.000000	0.000000	0.267871	0.499697	0.000000	0.000000	0.000000	0.120040
51	tsk_51	(x)	1	:	0.000000	0.000000	0.292388	0.000000	0.000000	0.000000	0.000000	0.000000	0.508845	0.000000	0.000000	0.000000	0.000000	0.198767
52	tsk_52	(x)	1	:	0.000000	0.000000	0.000000	0.000000	0.000000	0.000000	0.000000	1.000000	0.000000	0.000000	0.000000	0.000000	0.000000	0.000000
53	tsk_53	(x)	1	:	0.000000	0.000000	0.000000	0.000000	0.000000	0.000000	0.000000	1.000000	0.000000	0.000000	0.000000	0.000000	0.000000	0.000000
54	tsk_54	(x)	1	:	0.000000	0.000000	0.181175	0.000000	0.000000	0.000000	0.000000	0.497169	0.164423	0.002925	0.000000	0.000000	0.000000	0.154308
55	tsk_55	(x)	1	:	0.000000	0.000000	0.539266	0.000000	0.000000	0.000000	0.000000	0.000000	0.262748	0.000000	0.000000	0.000000	0.000000	0.197987
56	tsk_56	(x)	1	:	0.000000	0.000000	0.236822	0.000000	0.000000	0.000000	0.000000	0.497083	0.133240	0.003013	0.000000	0.000000	0.000000	0.129841
57	tsk_57	(x)	1	:	0.000000	0.000000	0.084627	0.000000	0.000000	0.000000	0.000000	0.497199	0.232943	0.002893	0.000000	0.000000	0.000000	0.182337
58	tsk_58	(x)	1	:	0.000000	0.465347	0.014432	0.000000	0.000000	0.000000	0.000000	0.497189	0.012775	0.002898	0.000000	0.000000	0.000000	0.007360
59	tsk_59	(x)	1	:	0.000000	0.000000	0.459503	0.000000	0.000000	0.000000	0.000000	0.000000	0.427053	0.000000	0.000000	0.000000	0.000000	0.113445
60	tsk_60	(x)	1	:	0.000000	0.000000	0.000000	0.000003	0.000000	0.999997	0.000000	0.000000	0.000000	0.000000	0.000000	0.000000	0.000000	0.000000
61	tsk_61	(x)	1	:	0.000000	0.000000	0.268817	0.000000	0.000000	0.000000	0.000000	0.000000	0.339326	0.000000	0.347710	0.000000	0.000000	0.044147
62	tsk_62	(x)	1	:	0.000000	0.000000	0.021124	0.000000	0.000000	0.000000	0.000000	0.496492	0.054707	0.002918	0.343980	0.000000	0.000000	0.080779
63	tsk_63	(x)	1	:	0.000000	0.000000	0.083142	0.000003	0.000000	0.497289	0.000000	0.000000	0.066828	0.000000	0.344585	0.000000	0.000000	0.008154
64	tsk_64	(x)	1	:	0.000000	0.000000	0.380580	0.000000	0.000000	0.000000	0.000000	0.000000	0.185051	0.000000	0.347710	0.000000	0.000000	0.086658
65	tsk_65	(x)	1	:	0.500013	0.000000	0.003464	0.000001	0.000000	0.492174	0.000001	0.000000	0.002730	0.000000	0.000000	0.000000	0.000000	0.001618
66	tsk_66	(x)	1	:	0.000000	0.000000	0.268557	0.000000	0.000000	0.000000	0.000000	0.000000	0.146971	0.000000	0.000000	0.463057	0.000000	0.121415
67	tsk_67	(x)	1	:	0.000000	0.000000	0.306384	0.000001	0.000000	0.499993	0.000000	0.000000	0.180550	0.000000	0.000000	0.000000	0.000000	0.013072
68	tsk_68	(x)	1	:	0.000000	0.000000	0.028731	0.000000	0.000000	0.499981	0.000000	0.000000	0.035768	0.000000	0.000000	0.423646	0.000000	0.011873
69	tsk_69	(x)	1	:	0.500387	0.000000	0.089471	0.000000	0.000000	0.000000	0.000002	0.000000	0.053960	0.000000	0.343437	0.000000	0.000000	0.012744
70	tsk_70	(x)	1	:	0.000000	0.000000	0.001760	0.000001	0.000000	0.493457	0.000000	0.000000	0.001270	0.499479	0.000000	0.000000	0.000000	0.004033
71	tsk_71	(x)	1	:	0.000000	0.000000	0.000000	0.000000	0.000000	0.000000	0.000000	0.509088	0.000000	0.490912	0.000000	0.000000	0.000000	0.000000
72	tsk_72	(x)	1	:	0.000000	0.000000	0.001474	0.000001	0.000000	0.492616	0.000000	0.000000	0.003620	0.499451	0.000000	0.000000	0.000000	0.002837
73	tsk_73	(x)	1	:	0.000000	0.000000	0.002893	0.000001	0.495253	0.493894	0.000000	0.000000	0.001765	0.003492	0.000000	0.000000	0.000000	0.002701
74	tsk_74	(x)	1	:	0.000000	0.000000	0.000000	0.500284	0.000000	0.000000	0.000000	0.000000	0.000000	0.499716	0.000000	0.000000	0.000000	0.000000
75	tsk_75	(x)	1	:	0.000000	0.000000	0.000000	0.000000	0.000000	0.000000	0.000000	0.509088	0.000000	0.490912	0.000000	0.000000	0.000000	0.000000
76	tsk_76	(x)	1	:	0.000000	0.000000	0.000000	0.000000	0.000000	0.000000	0.000000	0.000000	0.000000	1.000000	0.000000	0.000000	0.000000	0.000000
77	tsk_77	(x)	1	:	0.000000	0.000000	0.002180	0.000001	0.000000	0.493450	0.000000	0.497307	0.002060	0.002564	0.000000	0.000000	0.000000	0.002439
78	tsk_78	(x)	1	:	0.000000	0.000000	0.000000	1.000000	0.000000	0.000000	0.000000	0.000000	0.000000	0.000000	0.000000	0.000000	0.000000	0.000000
79	tsk_79	(x)	1	:	0.000000	0.000000	0.000000	0.000000	0.000000	0.000000	0.000000	1.000000	0.000000	0.000000	0.000000	0.000000	0.000000	0.000000
80	tsk_80	(x)	1	:	0.000000	0.000000	0.230871	0.000000	0.000000	0.000000	0.000000	0.000000	0.168804	0.499697	0.000000	0.000000	0.000000	0.100628
81	tsk_81	(x)	1	:	0.000000	0.000000	0.190216	0.000000	0.000000	0.000000	0.000000	0.000000	0.163201	0.000000	0.000000	0.612386	0.000000	0.034197
82	tsk_82	(x)	1	:	0.000000	0.000000	0.001223	0.000001	0.000000	0.493361	0.000000	0.497143	0.002870	0.002731	0.000000	0.000000	0.000000	0.002670
83	tsk_83	(x)	1	:	0.576392	0.000000	0.000000	0.000000	0.000000	0.000000	0.423608	0.000000	0.000000	0.000000	0.000000	0.000000	0.000000	0.000000
84	tsk_84	(x)	1	:	0.500802	0.000000	0.233584	0.000000	0.000000	0.000000	0.000001	0.000000	0.153078	0.000000	0.000000	0.000000	0.000000	0.112535
85	tsk_85	(x)	1	:	0.166366	0.000000	0.199265	0.000000	0.000000	0.000000	0.370781	0.000000	0.185345	0.000000	0.000000	0.000000	0.000000	0.078243
86	tsk_86	(x)	1	:	0.271149	0.000000	0.000000	0.000000	0.000000	0.000000	0.227448	0.497988	0.000000	0.003415	0.000000	0.000000	0.000000	0.000000
87	tsk_87	(x)	1	:	0.480787	0.000000	0.000000	0.000000	0.000000	0.000000	0.000000	0.000000	0.000000	0.000000	0.000000	0.519212	0.000000	0.000000
88	tsk_88	(x)	1	:	0.000000	0.000000	0.000000	0.000000	0.000000	0.425592	0.000000	0.000000	0.000000	0.000000	0.000000	0.574408	0.000000	0.000000
89	tsk_89	(x)	1	:	0.000000	0.000000	0.000000	0.000000	0.000000	0.000000	0.000000	0.000000	0.000000	0.000000	0.000000	1.000000	0.000000	0.000000
90	tsk_90	(x)	1	:	0.000000	0.000000	0.157458	0.000000	0.000000	0.000000	0.000000	0.497307	0.152886	0.002801	0.000000	0.000000	0.000000	0.189548
91	tsk_91	(x)	1	:	0.500789	0.465401	0.020616	0.000000	0.000000	0.000000	0.000001	0.000000	0.005502	0.000000	0.000000	0.000000	0.000000	0.007690
92	tsk_92	(x)	1	:	0.000000	0.000000	0.424209	0.000000	0.000000	0.000000	0.000000	0.000000	0.506226	0.000000	0.000000	0.000000	0.000000	0.069565
93	tsk_93	(x)	1	:	0.000000	0.000000	0.125726	0.000000	0.000000	0.000000	0.000000	0.497287	0.140299	0.002803	0.000000	0.000000	0.000000	0.233885
94	tsk_94	(x)	1	:	0.000000	0.000000	0.401939	0.000000	0.000000	0.000000	0.000000	0.000000	0.415316	0.000000	0.000000	0.000000	0.000000	0.182745
95	tsk_95	(x)	1	:	0.000000	0.000000	0.183684	0.000000	0.000000	0.000000	0.000000	0.000000	0.207747	0.000000	0.000000	0.556791	0.000000	0.051778
96	tsk_96	(x)	1	:	0.271154	0.000000	0.206936	0.000000	0.000000	0.000000	0.223501	0.000000	0.237799	0.000000	0.000000	0.000000	0.000000	0.060610
97	tsk_97	(x)	1	:	0.000000	0.000000	0.194903	0.000000	0.000000	0.000000	0.000000	0.000000	0.168718	0.499697	0.000000	0.000000	0.000000	0.136682
98	tsk_98	(x)	1	:	0.000000	0.000000	0.108833	0.000004	0.000000	0.499278	0.000000	0.000000	0.111296	0.000000	0.272488	0.000000	0.000000	0.008101
99	tsk_99	(x)	1	:	0.000000	0.465536	0.141937	0.000000	0.000000	0.000000	0.000000	0.000000	0.111724	0.000000	0.000000	0.234154	0.000000	0.046649
100	tsk_100	(x)	1	:	0.000000	0.000000	0.000000	0.000000	0.000000	0.000000	0.000000	0.509088	0.000000	0.490912	0.000000	0.000000	0.000000	0.000000
101	tsk_101	(x)	1	:	0.443663	0.000000	0.003456	0.000001	0.000000	0.495075	0.050482	0.000000	0.004509	0.000000	0.000000	0.000000	0.000000	0.002814
102	tsk_102	(x)	1	:	0.000000	0.465537	0.277714	0.000000	0.000000	0.000000	0.000000	0.000000	0.186355	0.000000	0.000000	0.000000	0.000000	0.070393
103	tsk_103	(x)	1	:	0.041682	0.000000	0.000000	0.000000	0.000000	0.000000	0.149481	0.497653	0.000000	0.003242	0.000000	0.000000	0.307941	0.000000
104	tsk_104	(x)	1	:	0.000000	0.000000	0.000000	0.000003	0.000000	0.999997	0.000000	0.000000	0.000000	0.000000	0.000000	0.000000	0.000000	0.000000
105	tsk_105	(x)	1	:	0.000000	0.464167	0.023825	0.000001	0.000000	0.498606	0.000000	0.000000	0.008342	0.000000	0.000000	0.000000	0.000000	0.005058
106	tsk_106	(x)	1	:	0.000000	0.000000	0.002441	0.000000	0.000000	0.493767	0.000000	0.000000	0.001895	0.499490	0.000000	0.000000	0.000000	0.002407
107	tsk_107	(x)	1	:	0.000000	1.000000	0.000000	0.000000	0.000000	0.000000	0.000000	0.000000	0.000000	0.000000	0.000000	0.000000	0.000000	0.000000
108	tsk_108	(x)	1	:	0.041671	0.000000	0.000000	0.000000	0.000000	0.000000	0.149839	0.000000	0.000000	0.500538	0.000000	0.000000	0.307953	0.000000
109	tsk_109	(x)	1	:	0.000000	0.465299	0.010680	0.000000	0.000000	0.000000	0.000000	0.000000	0.009024	0.499689	0.000000	0.000000	0.000000	0.015308
110	tsk_110	(x)	1	:	0.000000	0.000000	0.000000	0.000002	0.000000	0.999998	0.000000	0.000000	0.000000	0.000000	0.000000	0.000000	0.000000	0.000000
111	tsk_111	(x)	1	:	0.000000	0.000000	0.002480	0.000000	0.000000	0.495318	0.003498	0.000000	0.005062	0.000000	0.000000	0.000000	0.489645	0.003997
112	tsk_112	(x)	1	:	0.000015	0.000000	0.000059	0.000001	0.000000	0.481774	0.000000	0.000000	0.001557	0.000000	0.000000	0.000000	0.516567	0.000029
113	tsk_113	(x)	1	:	0.500802	0.000000	0.208431	0.000000	0.000000	0.000000	0.000002	0.000000	0.190886	0.000000	0.000000	0.000000	0.000000	0.099879
114	tsk_114	(x)	1	:	0.000000	0.000000	0.000000	0.000001	0.000000	0.999999	0.000000	0.000000	0.000000	0.000000	0.000000	0.000000	0.000000	0.000000
115	tsk_115	(x)	1	:	1.000000	0.000000	0.000000	0.000000	0.000000	0.000000	0.000000	0.000000	0.000000	0.000000	0.000000	0.000000	0.000000	0.000000
116	tsk_116	(x)	1	:	0.000000	0.000000	0.000000	0.000000	0.000000	0.000000	0.000000	0.493018	0.000000	0.001431	0.000000	0.000000	0.505551	0.000000
117	tsk_117	(x)	1	:	0.500031	0.000000	0.003430	0.000001	0.000000	0.492358	0.000001	0.000000	0.001791	0.000000	0.000000	0.000000	0.000000	0.002388
118	tsk_118	(x)	1	:	0.000000	0.000000	0.629812	0.000000	0.000000	0.000000	0.000000	0.000000	0.263165	0.000000	0.000000	0.000000	0.000000	0.107023
119	tsk_119	(x)	1	:	0.000000	0.000000	0.330581	0.000001	0.000000	0.499993	0.000000	0.000000	0.121089	0.000000	0.000000	0.000000	0.000000	0.048337
120	tsk_120	(x)	1	:	0.443672	0.000000	0.005169	0.000001	0.000000	0.494671	0.050422	0.000000	0.002786	0.000000	0.000000	0.000000	0.000000	0.003279
121	tsk_121	(x)	1	:	0.000000	0.000000	0.020559	0.000000	0.000000	0.000000	0.000000	0.497250	0.024916	0.002842	0.000000	0.423663	0.000000	0.030770
122	tsk_122	(x)	1	:	0.443899	0.000000	0.073100	0.000000	0.000000	0.000000	0.050912	0.000000	0.071485	0.000000	0.262729	0.000000	0.000000	0.097876
123	tsk_123	(x)	1	:	0.000000	0.000000	0.000000	0.000000	0.000000	0.000000	0.000000	0.000000	0.000000	0.484890	0.000000	0.515110	0.000000	0.000000
124	tsk_124	(x)	1	:	0.000000	0.465531	0.062724	0.000000	0.000000	0.000000	0.000000	0.000000	0.036429	0.000000	0.000000	0.423653	0.000000	0.011662
125	tsk_125	(x)	1	:	0.000000	0.465352	0.012076	0.000000	0.000000	0.000000	0.000000	0.497207	0.007586	0.002879	0.000000	0.000000	0.000000	0.014900
126	tsk_126	(x)	1	:	0.000000	0.465531	0.062992	0.000000	0.000000	0.000000	0.000000	0.000000	0.019779	0.000000	0.000000	0.423653	0.000000	0.028044
127	tsk_127	(x)	1	:	0.000000	0.000000	0.000002	0.000000	0.000000	0.000000	0.000000	0.000000	0.000004	0.000000	0.000000	0.999993	0.000000	0.000001
128	tsk_128	(x)	1	:	0.000000	0.465531	0.030950	0.000000	0.000000	0.000000	0.000000	0.000000	0.045085	0.000000	0.000000	0.423653	0.000000	0.034781
129	tsk_129	(x)	1	:	0.443606	0.000000	0.187196	0.000000	0.000000	0.000000	0.051158	0.000000	0.198573	0.000000	0.000000	0.000000	0.000000	0.119467
130	tsk_130	(x)	1	:	0.271138	0.000000	0.000000	0.000001	0.000000	0.328162	0.199171	0.000000	0.000000	0.000000	0.201528	0.000000	0.000000	0.000000
131	tsk_131	(x)	1	:	0.000000	0.000000	0.000000	0.000000	0.000000	0.000000	0.000000	0.509088	0.000000	0.490912	0.000000	0.000000	0.000000	0.000000
132	tsk_132	(x)	1	:	0.271149	0.000000	0.000000	0.000000	0.000000	0.000000	0.227449	0.498014	0.000000	0.003388	0.000000	0.000000	0.000000	0.000000
133	tsk_133	(x)	1	:	0.000000	0.000000	0.269336	0.000000	0.000000	0.000000	0.000000	0.000000	0.458400	0.000000	0.000000	0.234154	0.000000	0.038110
134	tsk_134	(x)	1	:	0.000000	0.000000	0.358213	0.000000	0.000000	0.000000	0.000000	0.000000	0.129017	0.000000	0.000000	0.463057	0.000000	0.049714
135	tsk_135	(x)	1	:	0.000000	0.000000	0.298631	0.000000	0.000000	0.000000	0.000000	0.000000	0.204725	0.000000	0.000000	0.463057	0.000000	0.033587
136	tsk_136	(x)	1	:	0.000000	0.000000	0.000000	0.000000	0.000000	0.000000	0.000000	1.000000	0.000000	0.000000	0.000000	0.000000	0.000000	0.000000
137	tsk_137	(x)	1	:	0.000000	0.000000	0.126456	0.000000	0.000000	0.000000	0.000000	0.497506	0.176432	0.002576	0.000000	0.000000	0.000000	0.197030
138	tsk_138	(x)	1	:	0.000000	0.000000	0.191890	0.000000	0.000000	0.000000	0.000000	0.497154	0.095455	0.002940	0.000000	0.000000	0.000000	0.212561
139	tsk_139	(x)	1	:	0.000000	0.000000	0.271372	0.000000	0.000000	0.000000	0.000000	0.000000	0.206160	0.000000	0.000000	0.463057	0.000000	0.059411
140	tsk_140	(x)	1	:	0.000000	0.000000	0.000000	0.000000	0.000000	0.000000	1.000000	0.000000	0.000000	0.000000	0.000000	0.000000	0.000000	0.000000
141	tsk_141	(x)	1	:	0.000000	0.000000	0.000000	0.000000	0.000000	0.000000	1.000000	0.000000	0.000000	0.000000	0.000000	0.000000	0.000000	0.000000
142	tsk_142	(x)	1	:	0.000000	0.000000	0.249789	0.000000	0.000000	0.000000	0.000000	0.000000	0.182563	0.000000	0.000000	0.463057	0.000000	0.104591
143	tsk_143	(x)	1	:	0.000000	0.000000	0.003047	0.000000	0.000000	0.495346	0.493900	0.000000	0.006021	0.000000	0.000000	0.000000	0.000000	0.001685
144	tsk_144	(x)	1	:	0.000000	0.000000	0.141455	0.000000	0.000000	0.000000	0.526186	0.000000	0.291100	0.000000	0.000000	0.000000	0.000000	0.041258
145	tsk_145	(x)	1	:	0.000000	0.000000	0.163048	0.000000	0.000000	0.000000	0.494472	0.000000	0.301564	0.000000	0.000000	0.000000	0.000000	0.040916
146	tsk_146	(x)	1	:	0.000000	0.000000	0.263368	0.000000	0.000000	0.000000	0.494472	0.000000	0.130329	0.000000	0.000000	0.000000	0.000000	0.111831
147	tsk_147	(x)	1	:	0.000000	0.000000	0.000000	0.000000	0.000000	0.000000	0.502875	0.000000	0.000000	0.000000	0.000000	0.497125	0.000000	0.000000
148	tsk_148	(x)	1	:	0.000000	0.000000	0.000000	0.000000	0.000000	0.000000	1.000000	0.000000	0.000000	0.000000	0.000000	0.000000	0.000000	0.000000
149	tsk_149	(x)	1	:	0.000000	0.000000	0.184605	0.000000	0.000000	0.000000	0.494472	0.000000	0.234875	0.000000	0.000000	0.000000	0.000000	0.086049
