logL = -1900.083541 (converged)
AIC = 7500.167081
BIC = 13069.842375

count.K
17 0 25 16 13 38 9 9 14 9 

