logL = -2599.604654 (converged)
AIC = 9939.209307
BIC = 17074.414954

count.K
20 24 17 7 1 1 12 17 0 23 20 8 

