logL = -1257.327372 (converged)
AIC = 4902.654744
BIC = 8497.353285

count.K
32 10 9 43 45 5 6 

