logL = -1474.220453 (converged)
AIC = 8164.440905
BIC = 16016.177752

count.K
0 19 35 9 14 0 0 15 39 1 2 12 1 3 

