logL = -2409.662068 (converged)
AIC = 5279.324135
BIC = 5971.770253

count.K
27 123 

