0	tsk_0	(x)	1	:	0.000000	0.000000	0.000000	0.000000	0.000000	0.000000	0.000000	0.645423	0.000000	0.354577
1	tsk_1	(x)	1	:	0.000000	0.000000	0.000000	0.000000	0.000018	0.156940	0.000000	0.500000	0.343042	0.000000
2	tsk_2	(x)	1	:	0.000000	0.000000	0.000000	0.000000	0.000030	0.168874	0.000000	0.145502	0.331090	0.354504
3	tsk_3	(x)	1	:	0.000000	0.000000	0.000000	0.000000	0.000021	0.113841	0.000000	0.500000	0.386138	0.000000
4	tsk_4	(x)	1	:	0.000000	0.000000	0.000000	0.000000	0.000000	0.000000	0.000000	0.000000	0.000000	1.000000
5	tsk_5	(x)	1	:	0.000000	0.000000	0.000000	0.000000	0.000013	0.118741	0.000000	0.000000	0.369423	0.511823
6	tsk_6	(x)	1	:	0.163056	0.000000	0.000000	0.000000	0.000000	0.000000	0.520018	0.000055	0.000000	0.316872
7	tsk_7	(x)	1	:	0.000000	0.000000	0.000000	0.000000	0.000019	0.142721	0.000000	0.145502	0.357254	0.354504
8	tsk_8	(x)	1	:	0.000000	0.000000	0.000000	0.000000	0.000029	0.206505	0.000000	0.500000	0.293466	0.000000
9	tsk_9	(x)	1	:	0.000000	0.000000	0.000000	0.306612	0.000000	0.000000	0.497416	0.195972	0.000000	0.000000
10	tsk_10	(x)	1	:	0.000000	0.000000	0.000000	0.000000	0.000000	0.000000	0.000000	1.000000	0.000000	0.000000
11	tsk_11	(x)	1	:	0.000000	0.000000	0.500002	0.000000	0.000003	0.247960	0.000000	0.000000	0.252035	0.000000
12	tsk_12	(x)	1	:	0.000000	0.000000	0.000000	0.000000	0.000034	0.231556	0.000000	0.500000	0.268409	0.000000
13	tsk_13	(x)	1	:	0.000000	0.000000	0.500006	0.000000	0.000012	0.315805	0.000000	0.000000	0.184177	0.000000
14	tsk_14	(x)	1	:	0.000000	0.000000	1.000000	0.000000	0.000000	0.000000	0.000000	0.000000	0.000000	0.000000
15	tsk_15	(x)	1	:	0.000000	0.000000	0.497009	0.306643	0.000000	0.002663	0.000000	0.192897	0.000787	0.000000
16	tsk_16	(x)	1	:	0.000000	0.000000	0.500000	0.000000	0.000000	0.000000	0.000000	0.500000	0.000000	0.000000
17	tsk_17	(x)	1	:	0.000000	0.000000	0.496759	0.306644	0.000000	0.002556	0.000000	0.192874	0.001167	0.000000
18	tsk_18	(x)	1	:	0.000000	0.000000	0.500004	0.000000	0.000007	0.191869	0.000000	0.000000	0.308120	0.000000
19	tsk_19	(x)	1	:	0.000000	0.000000	1.000000	0.000000	0.000000	0.000000	0.000000	0.000000	0.000000	0.000000
20	tsk_20	(x)	1	:	0.000000	0.000000	0.000000	0.000000	0.000000	0.000000	0.000000	1.000000	0.000000	0.000000
21	tsk_21	(x)	1	:	0.000000	0.000000	0.000000	0.000000	0.000000	0.000000	0.468996	0.531004	0.000000	0.000000
22	tsk_22	(x)	1	:	0.000000	0.000000	0.000000	0.000000	0.000000	0.000000	0.000000	1.000000	0.000000	0.000000
23	tsk_23	(x)	1	:	0.000000	0.000000	0.000000	0.000000	0.000027	0.150410	0.000000	0.500000	0.349563	0.000000
24	tsk_24	(x)	1	:	0.000000	0.000000	0.000000	0.000000	0.000016	0.361856	0.000000	0.000000	0.638129	0.000000
25	tsk_25	(x)	1	:	0.000000	0.000000	0.000000	0.000000	0.000023	0.267161	0.000000	0.500000	0.232816	0.000000
26	tsk_26	(x)	1	:	0.000000	0.000000	0.000000	0.000000	1.000000	0.000000	0.000000	0.000000	0.000000	0.000000
27	tsk_27	(x)	1	:	0.000000	0.000000	0.000000	0.000000	0.000000	0.000000	0.000000	1.000000	0.000000	0.000000
28	tsk_28	(x)	1	:	0.000000	0.000000	0.000000	0.000000	0.000000	0.000000	0.000000	1.000000	0.000000	0.000000
29	tsk_29	(x)	1	:	0.000000	0.000000	0.000000	0.000000	0.000011	0.262879	0.000000	0.000000	0.737110	0.000000
30	tsk_30	(x)	1	:	0.000000	0.000000	0.000000	0.000000	0.000045	0.138693	0.000000	0.500000	0.361262	0.000000
31	tsk_31	(x)	1	:	0.000000	0.495654	0.000000	0.000000	0.000000	0.000000	0.000000	0.504346	0.000000	0.000000
32	tsk_32	(x)	1	:	0.000000	0.000000	0.000000	0.000000	0.000017	0.081032	0.000000	0.500000	0.418951	0.000000
33	tsk_33	(x)	1	:	0.000000	0.000000	0.000000	0.000000	0.000028	0.072845	0.000000	0.500000	0.427126	0.000000
34	tsk_34	(x)	1	:	0.000000	0.494212	0.000000	0.000000	0.000058	0.170939	0.000000	0.000000	0.334790	0.000000
35	tsk_35	(x)	1	:	0.000000	0.495654	0.000000	0.000000	0.000000	0.000000	0.000000	0.504346	0.000000	0.000000
36	tsk_36	(x)	1	:	0.000000	0.000000	0.000000	0.000000	0.000042	0.109786	0.000000	0.500000	0.390172	0.000000
37	tsk_37	(x)	1	:	0.000000	0.494208	0.000000	0.000000	0.000032	0.187023	0.000000	0.000000	0.318737	0.000000
38	tsk_38	(x)	1	:	0.000000	0.000000	0.000000	0.000000	0.000000	0.000000	0.000000	1.000000	0.000000	0.000000
39	tsk_39	(x)	1	:	0.000000	0.000000	0.000000	0.000000	0.000003	0.271831	0.000000	0.000000	0.728166	0.000000
40	tsk_40	(x)	1	:	0.000000	0.000000	0.000000	0.000000	0.000036	0.221145	0.486399	0.000000	0.292420	0.000000
41	tsk_41	(x)	1	:	0.000000	0.494207	0.000000	0.000000	0.000021	0.287338	0.000000	0.000000	0.218435	0.000000
42	tsk_42	(x)	1	:	0.000000	0.494205	0.000000	0.000000	0.000008	0.155701	0.000000	0.000000	0.350086	0.000000
43	tsk_43	(x)	1	:	0.000000	0.000000	0.000000	0.000000	0.000024	0.112110	0.000000	0.145502	0.387861	0.354504
44	tsk_44	(x)	1	:	0.000000	0.521520	0.000000	0.000000	0.000040	0.214203	0.000000	0.000000	0.264237	0.000000
45	tsk_45	(x)	1	:	0.000000	0.000000	0.000000	0.000000	0.000023	0.357724	0.000000	0.000000	0.642253	0.000000
46	tsk_46	(x)	1	:	0.000000	0.000000	0.000000	0.000000	0.000005	0.215629	0.449128	0.000000	0.335237	0.000000
47	tsk_47	(x)	1	:	0.000000	0.000000	0.000000	0.000000	0.000011	0.446154	0.000000	0.000000	0.553835	0.000000
48	tsk_48	(x)	1	:	0.000000	0.494207	0.000000	0.000000	0.000021	0.262380	0.000000	0.000000	0.243393	0.000000
49	tsk_49	(x)	1	:	0.000000	0.000000	0.000000	0.000000	0.000026	0.317447	0.000000	0.000000	0.175240	0.507287
50	tsk_50	(x)	1	:	0.000000	0.000000	0.000000	0.000000	0.000000	0.000000	0.000000	1.000000	0.000000	0.000000
51	tsk_51	(x)	1	:	0.000000	0.000000	0.000000	0.000000	0.000024	0.190841	0.000000	0.500000	0.309134	0.000000
52	tsk_52	(x)	1	:	0.000000	0.000000	0.000000	0.000000	0.000000	0.000000	0.468996	0.531004	0.000000	0.000000
53	tsk_53	(x)	1	:	0.000000	0.000000	0.000000	0.000000	0.000000	0.000000	0.000000	1.000000	0.000000	0.000000
54	tsk_54	(x)	1	:	0.000000	0.000000	0.000000	0.000000	0.000036	0.150493	0.000000	0.500000	0.349471	0.000000
55	tsk_55	(x)	1	:	0.000000	0.000000	0.000000	0.000000	0.000000	0.000000	0.000000	1.000000	0.000000	0.000000
56	tsk_56	(x)	1	:	0.000000	0.000000	0.000000	0.000000	0.000021	0.188319	0.000000	0.500000	0.311659	0.000000
57	tsk_57	(x)	1	:	0.000000	0.000000	0.000000	0.000000	0.000078	0.394045	0.000000	0.500001	0.105876	0.000000
58	tsk_58	(x)	1	:	0.000000	0.000000	0.000000	0.000000	0.000000	0.000000	0.000000	1.000000	0.000000	0.000000
59	tsk_59	(x)	1	:	0.000000	0.495654	0.000000	0.000000	0.000000	0.000000	0.000000	0.504346	0.000000	0.000000
60	tsk_60	(x)	1	:	0.000000	0.000000	0.000000	0.000000	0.000011	0.446875	0.000000	0.000000	0.553114	0.000000
61	tsk_61	(x)	1	:	0.000000	0.000000	0.000000	0.000000	0.000000	0.000000	0.447133	0.055596	0.000000	0.497271
62	tsk_62	(x)	1	:	0.000000	0.000000	0.000000	0.482748	0.000000	0.000000	0.517252	0.000000	0.000000	0.000000
63	tsk_63	(x)	1	:	0.000000	0.000000	0.000000	0.000000	0.000009	0.144745	0.529282	0.000000	0.325964	0.000000
64	tsk_64	(x)	1	:	0.000000	0.000000	0.000000	0.000000	0.000006	0.237497	0.529282	0.000000	0.233215	0.000000
65	tsk_65	(x)	1	:	0.000000	0.494209	0.000000	0.000000	0.000040	0.136196	0.000000	0.000000	0.369555	0.000000
66	tsk_66	(x)	1	:	0.000000	0.000000	0.000000	0.000000	0.000000	0.000000	1.000000	0.000000	0.000000	0.000000
67	tsk_67	(x)	1	:	0.000000	1.000000	0.000000	0.000000	0.000000	0.000000	0.000000	0.000000	0.000000	0.000000
68	tsk_68	(x)	1	:	0.000000	0.000000	0.000000	0.000000	0.000017	0.198708	0.000000	0.000000	0.801275	0.000000
69	tsk_69	(x)	1	:	0.000000	0.494211	0.000000	0.000000	0.000052	0.152517	0.000000	0.000000	0.353220	0.000000
70	tsk_70	(x)	1	:	0.000000	0.000000	0.000000	0.000000	0.000020	0.497017	0.000000	0.000000	0.502964	0.000000
71	tsk_71	(x)	1	:	0.000000	0.000000	0.000000	0.000000	0.000007	0.179768	0.000000	0.000000	0.820225	0.000000
72	tsk_72	(x)	1	:	0.000000	0.000000	0.000000	0.000000	0.000021	0.497182	0.000000	0.000000	0.502798	0.000000
73	tsk_73	(x)	1	:	0.000000	0.000000	0.000000	0.000000	0.000000	0.000000	0.489674	0.510326	0.000000	0.000000
74	tsk_74	(x)	1	:	0.061685	0.000000	0.000000	0.000000	0.000050	0.432095	0.388195	0.000000	0.117975	0.000000
75	tsk_75	(x)	1	:	0.000000	0.000000	0.000000	0.000000	0.000011	0.222898	0.486397	0.000000	0.290694	0.000000
76	tsk_76	(x)	1	:	0.000000	0.000000	0.000000	0.000000	0.000023	0.121989	0.486398	0.000000	0.391590	0.000000
77	tsk_77	(x)	1	:	0.248826	0.000000	0.000000	0.000000	0.000000	0.000000	0.430974	0.320200	0.000000	0.000000
78	tsk_78	(x)	1	:	0.000000	0.000000	0.000000	0.000000	0.000018	0.606827	0.000000	0.000000	0.393155	0.000000
79	tsk_79	(x)	1	:	0.000000	0.212435	0.000000	0.000000	0.000015	0.221806	0.315348	0.000000	0.250395	0.000000
80	tsk_80	(x)	1	:	0.000000	0.000000	0.000000	0.000000	0.000000	0.000000	1.000000	0.000000	0.000000	0.000000
81	tsk_81	(x)	1	:	0.000000	0.000000	0.000000	0.000000	0.000067	0.101213	0.486403	0.000000	0.412318	0.000000
82	tsk_82	(x)	1	:	0.494249	0.000000	0.000000	0.000000	0.000000	0.000000	0.505750	0.000000	0.000000	0.000000
83	tsk_83	(x)	1	:	0.000000	0.000000	0.000000	0.000000	0.000000	0.000000	1.000000	0.000000	0.000000	0.000000
84	tsk_84	(x)	1	:	0.000000	0.000000	0.000000	0.000000	0.000013	0.153494	0.553424	0.000000	0.293069	0.000000
85	tsk_85	(x)	1	:	0.322939	0.000000	0.000000	0.000000	0.000000	0.000000	0.511535	0.165527	0.000000	0.000000
86	tsk_86	(x)	1	:	0.000000	0.000000	0.000000	0.000000	0.000000	0.000000	1.000000	0.000000	0.000000	0.000000
87	tsk_87	(x)	1	:	0.000000	0.000000	0.000000	0.000000	0.000014	0.189138	0.529283	0.000000	0.281566	0.000000
88	tsk_88	(x)	1	:	0.000000	0.000000	0.000000	0.000000	0.000010	0.572191	0.000000	0.000000	0.427799	0.000000
89	tsk_89	(x)	1	:	0.000000	0.000000	0.000000	0.000000	0.000000	0.000000	1.000000	0.000000	0.000000	0.000000
90	tsk_90	(x)	1	:	0.000000	0.000000	0.000000	0.000000	0.000050	0.140944	0.000000	0.500001	0.359006	0.000000
91	tsk_91	(x)	1	:	0.000000	0.521523	0.000000	0.000000	0.000073	0.169294	0.000000	0.000000	0.309110	0.000000
92	tsk_92	(x)	1	:	0.000000	0.000000	0.000000	0.000000	0.000018	0.217006	0.000000	0.000000	0.271153	0.511823
93	tsk_93	(x)	1	:	0.000000	0.000000	0.000000	0.000000	0.000039	0.171679	0.000000	0.500000	0.328281	0.000000
94	tsk_94	(x)	1	:	0.000000	0.494210	0.000000	0.000000	0.000042	0.097540	0.000000	0.000000	0.408208	0.000000
95	tsk_95	(x)	1	:	0.000000	0.000000	0.000000	0.000000	0.000013	0.281711	0.000000	0.000000	0.206453	0.511823
96	tsk_96	(x)	1	:	0.000000	0.000000	0.000000	0.000000	0.000054	0.224541	0.000000	0.500001	0.275405	0.000000
97	tsk_97	(x)	1	:	0.000000	0.000000	0.000000	0.000000	0.000033	0.174889	0.000000	0.500000	0.325077	0.000000
98	tsk_98	(x)	1	:	0.000000	0.494212	0.000000	0.000000	0.000056	0.237966	0.000000	0.000000	0.267767	0.000000
99	tsk_99	(x)	1	:	0.000000	0.000000	0.000000	0.000000	0.000023	0.129037	0.000000	0.000000	0.359116	0.511823
100	tsk_100	(x)	1	:	0.295727	0.000000	0.000000	0.000000	0.000001	0.470260	0.000000	0.212666	0.021346	0.000000
101	tsk_101	(x)	1	:	0.000000	0.000000	0.000000	0.000000	0.000000	0.000000	0.000000	1.000000	0.000000	0.000000
102	tsk_102	(x)	1	:	0.000000	0.000000	0.000000	0.000000	0.000000	0.000000	0.000000	1.000000	0.000000	0.000000
103	tsk_103	(x)	1	:	0.000000	0.000000	0.000000	0.000000	0.000023	0.449159	0.000000	0.000000	0.550818	0.000000
104	tsk_104	(x)	1	:	0.000000	0.000000	0.500000	0.000000	0.000000	0.000000	0.000000	0.500000	0.000000	0.000000
105	tsk_105	(x)	1	:	0.295594	0.000000	0.489581	0.000000	0.000000	0.002933	0.000000	0.211893	0.000000	0.000000
106	tsk_106	(x)	1	:	0.000000	0.000000	0.000000	0.000000	0.000000	0.000000	0.522323	0.477677	0.000000	0.000000
107	tsk_107	(x)	1	:	0.000000	0.000000	0.000000	0.000000	0.000047	0.228693	0.000000	0.500001	0.271260	0.000000
108	tsk_108	(x)	1	:	0.000000	0.000000	0.000000	0.000000	0.000030	0.124399	0.000000	0.500000	0.375570	0.000000
109	tsk_109	(x)	1	:	0.295727	0.000000	0.000000	0.000000	0.000001	0.486846	0.000000	0.212666	0.004760	0.000000
110	tsk_110	(x)	1	:	0.000000	0.494206	0.000000	0.000000	0.000016	0.189518	0.000000	0.000000	0.316260	0.000000
111	tsk_111	(x)	1	:	0.000000	0.000000	0.000000	0.000000	0.000000	0.000000	0.000000	1.000000	0.000000	0.000000
112	tsk_112	(x)	1	:	0.000000	0.000000	0.000000	0.000000	0.000031	0.256054	0.000000	0.500000	0.243914	0.000000
113	tsk_113	(x)	1	:	0.000000	0.000000	0.000000	0.000000	0.000000	0.000000	1.000000	0.000000	0.000000	0.000000
114	tsk_114	(x)	1	:	0.000000	0.000000	0.000000	0.000000	0.000037	0.235789	0.000000	0.500000	0.264174	0.000000
115	tsk_115	(x)	1	:	0.000000	0.495654	0.000000	0.000000	0.000000	0.000000	0.000000	0.504346	0.000000	0.000000
116	tsk_116	(x)	1	:	0.000000	0.000000	0.000000	0.000000	0.000000	0.000000	0.522323	0.477677	0.000000	0.000000
117	tsk_117	(x)	1	:	0.000000	0.000000	0.000000	0.000000	0.000018	0.188068	0.000000	0.500000	0.311913	0.000000
118	tsk_118	(x)	1	:	0.000000	0.000000	0.000000	0.297929	0.000028	0.119944	0.000000	0.201890	0.380209	0.000000
119	tsk_119	(x)	1	:	0.000000	0.000000	0.000000	0.000000	0.000031	0.056028	0.000000	0.500000	0.443940	0.000000
120	tsk_120	(x)	1	:	0.000000	0.000000	0.000000	0.000000	0.000016	0.426113	0.000000	0.000000	0.573871	0.000000
121	tsk_121	(x)	1	:	0.000000	0.000000	0.000000	0.000000	0.000016	0.365278	0.000000	0.000000	0.634705	0.000000
122	tsk_122	(x)	1	:	0.000000	0.000000	0.000000	0.000000	0.000036	0.097982	0.000000	0.500000	0.401982	0.000000
123	tsk_123	(x)	1	:	0.000000	0.000000	0.000000	0.000000	0.000017	0.083083	0.000000	0.000000	0.916900	0.000000
124	tsk_124	(x)	1	:	0.000000	0.000000	0.000000	0.000000	0.000015	0.216256	0.000000	0.000000	0.783729	0.000000
125	tsk_125	(x)	1	:	0.000000	0.000000	0.000000	0.000000	0.000013	0.487344	0.000000	0.000000	0.512643	0.000000
126	tsk_126	(x)	1	:	0.000000	0.000000	0.000000	0.000000	0.000014	0.363925	0.000000	0.000000	0.636061	0.000000
127	tsk_127	(x)	1	:	0.000000	0.083832	0.000000	0.000000	0.000027	0.236875	0.375640	0.000000	0.303627	0.000000
128	tsk_128	(x)	1	:	0.000000	0.000000	0.000000	0.000000	0.000000	0.000000	0.000000	1.000000	0.000000	0.000000
129	tsk_129	(x)	1	:	0.000000	0.000000	0.000000	0.000000	0.000009	0.426434	0.000000	0.000000	0.573557	0.000000
130	tsk_130	(x)	1	:	0.000000	0.000000	0.000000	0.000000	0.000011	0.251423	0.000000	0.000000	0.748565	0.000000
131	tsk_131	(x)	1	:	0.000000	0.000000	0.500008	0.000000	0.000016	0.352381	0.000000	0.000000	0.147594	0.000000
132	tsk_132	(x)	1	:	0.000000	0.000000	0.000000	0.000000	0.000018	0.468465	0.000000	0.000000	0.531517	0.000000
133	tsk_133	(x)	1	:	0.000000	0.000000	0.000000	0.349034	0.000018	0.189078	0.000000	0.150658	0.311211	0.000000
134	tsk_134	(x)	1	:	0.000000	0.000000	0.000000	0.000000	0.000014	0.363715	0.000000	0.000000	0.636272	0.000000
135	tsk_135	(x)	1	:	0.000000	0.000000	0.000000	0.000000	0.000002	0.242888	0.000000	0.000000	0.757111	0.000000
136	tsk_136	(x)	1	:	0.000000	0.000000	0.000000	0.863205	0.000000	0.000000	0.000000	0.136795	0.000000	0.000000
137	tsk_137	(x)	1	:	0.000000	0.000000	0.000000	0.000000	0.000034	0.322993	0.000000	0.145502	0.176967	0.354504
138	tsk_138	(x)	1	:	0.000000	0.521521	0.000000	0.000000	0.000050	0.107260	0.000000	0.000000	0.371170	0.000000
139	tsk_139	(x)	1	:	0.000000	0.000000	0.000000	0.349034	0.000023	0.244004	0.000000	0.150658	0.256281	0.000000
140	tsk_140	(x)	1	:	0.000000	0.000000	0.000000	0.307832	0.000000	0.000000	0.462293	0.229875	0.000000	0.000000
141	tsk_141	(x)	1	:	0.000000	0.000000	0.000000	0.672941	0.000000	0.000000	0.000000	0.327059	0.000000	0.000000
142	tsk_142	(x)	1	:	0.000000	0.000000	0.000000	0.000000	0.000054	0.435195	0.496378	0.000000	0.068373	0.000000
143	tsk_143	(x)	1	:	0.000000	0.000000	0.000000	0.000000	0.000051	0.168826	0.000000	0.500001	0.331122	0.000000
144	tsk_144	(x)	1	:	0.000000	0.000000	0.000000	0.000000	0.000000	0.000000	0.489674	0.510326	0.000000	0.000000
145	tsk_145	(x)	1	:	0.000000	0.000000	0.000000	0.000000	0.000000	0.000000	1.000000	0.000000	0.000000	0.000000
146	tsk_146	(x)	1	:	0.000000	0.000000	0.500000	0.000000	0.000000	0.000000	0.000000	0.500000	0.000000	0.000000
147	tsk_147	(x)	1	:	0.000000	0.000000	0.000000	0.000000	0.000029	0.213481	0.000000	0.500000	0.286489	0.000000
148	tsk_148	(x)	1	:	0.000000	0.000000	0.000000	0.000000	0.000045	0.196096	0.486400	0.000000	0.317459	0.000000
149	tsk_149	(x)	1	:	0.000000	0.000000	0.000000	0.307121	0.000000	0.000000	0.000000	0.692879	0.000000	0.000000
