0	tsk_0	(x)	1	:	0.000000	0.000766	0.488916	0.507657	0.000000	0.000000	0.000000	0.002422	0.000000	0.000000	0.000240
1	tsk_1	(x)	1	:	0.000000	0.000000	0.000000	0.000000	0.000000	0.000000	0.000000	0.508533	0.000000	0.000000	0.491467
2	tsk_2	(x)	1	:	0.000000	0.011758	0.488518	0.000000	0.000000	0.000000	0.000000	0.000000	0.000000	0.000000	0.499724
3	tsk_3	(x)	1	:	0.000000	0.000000	0.000000	0.000000	0.000000	0.000000	0.000000	0.000000	0.000000	0.000000	1.000000
4	tsk_4	(x)	1	:	0.000000	0.010240	0.488966	0.000000	0.096222	0.000000	0.000000	0.000000	0.400466	0.000000	0.004106
5	tsk_5	(x)	1	:	0.000000	0.498388	0.000000	0.000000	0.000000	0.000000	0.000000	0.501612	0.000000	0.000000	0.000000
6	tsk_6	(x)	1	:	0.000000	0.000000	0.000000	0.000000	0.000024	0.999968	0.000000	0.000000	0.000008	0.000000	0.000000
7	tsk_7	(x)	1	:	0.000000	0.010294	0.488965	0.000000	0.067562	0.000000	0.000000	0.000000	0.429309	0.000000	0.003870
8	tsk_8	(x)	1	:	0.476543	0.000000	0.000000	0.000000	0.000000	0.000000	0.000000	0.520366	0.000000	0.000000	0.003091
9	tsk_9	(x)	1	:	0.000000	0.500000	0.000000	0.000000	0.000000	0.000000	0.000000	0.000000	0.000000	0.000000	0.500000
10	tsk_10	(x)	1	:	0.000000	0.510536	0.489464	0.000000	0.000000	0.000000	0.000000	0.000000	0.000000	0.000000	0.000000
11	tsk_11	(x)	1	:	0.000000	0.000000	0.000000	0.000000	0.675741	0.000000	0.000000	0.000000	0.324259	0.000000	0.000000
12	tsk_12	(x)	1	:	0.000000	0.500000	0.000000	0.000000	0.166270	0.000000	0.000000	0.000000	0.333730	0.000000	0.000000
13	tsk_13	(x)	1	:	0.000000	0.000000	0.000000	0.000000	0.707477	0.000005	0.000000	0.000000	0.292518	0.000000	0.000000
14	tsk_14	(x)	1	:	0.000000	0.532148	0.000000	0.000000	0.000000	0.000000	0.467852	0.000000	0.000000	0.000000	0.000000
15	tsk_15	(x)	1	:	0.496488	0.000000	0.000000	0.000000	0.171500	0.000000	0.000000	0.000000	0.326219	0.000000	0.005793
16	tsk_16	(x)	1	:	0.000000	0.510526	0.489474	0.000000	0.000000	0.000000	0.000000	0.000000	0.000000	0.000000	0.000000
17	tsk_17	(x)	1	:	0.496503	0.000000	0.000000	0.000000	0.114681	0.000000	0.000000	0.000000	0.383113	0.000000	0.005703
18	tsk_18	(x)	1	:	0.000000	0.000000	0.000000	0.000000	0.728722	0.000000	0.000000	0.000000	0.271277	0.000000	0.000000
19	tsk_19	(x)	1	:	0.000000	0.000000	0.000000	0.000000	0.541093	0.000000	0.000000	0.233334	0.210972	0.000000	0.014601
20	tsk_20	(x)	1	:	0.000000	0.000002	0.999998	0.000000	0.000000	0.000000	0.000000	0.000000	0.000000	0.000000	0.000000
21	tsk_21	(x)	1	:	0.000000	0.000000	0.000000	0.000000	0.215280	0.000000	0.000000	0.667875	0.034335	0.000000	0.082511
22	tsk_22	(x)	1	:	0.000000	0.010349	0.488914	0.000000	0.120475	0.000000	0.000000	0.000000	0.376356	0.000000	0.003906
23	tsk_23	(x)	1	:	0.000000	0.011996	0.488702	0.000000	0.072874	0.000000	0.000000	0.232539	0.178408	0.000000	0.015480
24	tsk_24	(x)	1	:	0.474861	0.000000	0.000000	0.000000	0.124366	0.000000	0.000000	0.000000	0.376279	0.000000	0.024495
25	tsk_25	(x)	1	:	0.000000	0.000000	0.000000	0.000000	0.387027	0.000000	0.000000	0.566418	0.046555	0.000000	0.000000
26	tsk_26	(x)	1	:	0.000000	0.000007	0.999993	0.000000	0.000000	0.000000	0.000000	0.000000	0.000000	0.000000	0.000000
27	tsk_27	(x)	1	:	0.000000	0.012053	0.488622	0.000000	0.102236	0.000000	0.000000	0.232426	0.148926	0.000000	0.015737
28	tsk_28	(x)	1	:	0.000000	0.000002	0.999998	0.000000	0.000000	0.000000	0.000000	0.000000	0.000000	0.000000	0.000000
29	tsk_29	(x)	1	:	0.000000	0.010423	0.488815	0.000000	0.140862	0.000000	0.000000	0.000000	0.355785	0.000000	0.004115
30	tsk_30	(x)	1	:	0.000000	0.000000	0.000000	0.000000	0.000000	0.000000	0.515618	0.000000	0.000000	0.000000	0.484382
31	tsk_31	(x)	1	:	0.000000	0.000000	0.000000	0.000000	0.000000	0.000000	1.000000	0.000000	0.000000	0.000000	0.000000
32	tsk_32	(x)	1	:	0.000000	0.000000	0.000000	0.000000	0.000000	0.000000	1.000000	0.000000	0.000000	0.000000	0.000000
33	tsk_33	(x)	1	:	0.000000	0.000000	0.000000	0.000000	0.000000	0.000000	1.000000	0.000000	0.000000	0.000000	0.000000
34	tsk_34	(x)	1	:	0.000000	0.002958	0.484653	0.000000	0.000000	0.000000	0.512389	0.000000	0.000000	0.000000	0.000000
35	tsk_35	(x)	1	:	0.000000	0.013748	0.489063	0.000000	0.000000	0.000000	0.497187	0.000000	0.000000	0.000000	0.000002
36	tsk_36	(x)	1	:	0.000000	0.000000	0.000000	0.000000	0.254210	0.000000	0.498332	0.239858	0.004891	0.000000	0.002709
37	tsk_37	(x)	1	:	0.000000	0.000000	0.000000	0.000000	0.000000	0.000000	1.000000	0.000000	0.000000	0.000000	0.000000
38	tsk_38	(x)	1	:	0.000000	0.000000	0.000000	0.000000	0.000000	0.000000	1.000000	0.000000	0.000000	0.000000	0.000000
39	tsk_39	(x)	1	:	0.000000	0.013702	0.489105	0.000000	0.000000	0.000000	0.497193	0.000000	0.000000	0.000000	0.000000
40	tsk_40	(x)	1	:	0.000000	0.008607	0.490196	0.000000	0.125300	0.000000	0.000000	0.000000	0.371187	0.000000	0.004710
41	tsk_41	(x)	1	:	0.000000	0.000000	0.000000	0.000000	0.639644	0.000000	0.000000	0.000000	0.360356	0.000000	0.000000
42	tsk_42	(x)	1	:	0.000000	0.000000	0.000000	0.000000	0.709280	0.000019	0.000000	0.000000	0.290701	0.000000	0.000000
43	tsk_43	(x)	1	:	0.000000	0.000000	0.000000	0.000000	0.644728	0.000000	0.000000	0.000000	0.355272	0.000000	0.000000
44	tsk_44	(x)	1	:	0.000000	0.000000	0.000000	0.000000	0.675171	0.000000	0.000000	0.000000	0.324829	0.000000	0.000000
45	tsk_45	(x)	1	:	0.000000	0.010299	0.488942	0.000000	0.187067	0.000000	0.000000	0.000000	0.309715	0.000000	0.003978
46	tsk_46	(x)	1	:	0.000000	0.000000	0.000000	0.000000	0.771097	0.000000	0.000000	0.000000	0.228903	0.000000	0.000000
47	tsk_47	(x)	1	:	0.000000	0.000000	0.000000	0.000000	0.534288	0.000012	0.000000	0.000000	0.465700	0.000000	0.000000
48	tsk_48	(x)	1	:	0.000000	0.010354	0.488874	0.000000	0.127870	0.000000	0.000000	0.000000	0.368801	0.000000	0.004101
49	tsk_49	(x)	1	:	0.000000	0.000000	0.000000	0.000000	0.664916	0.000000	0.000000	0.000000	0.335084	0.000000	0.000000
50	tsk_50	(x)	1	:	0.000000	0.500000	0.000000	0.000000	0.085292	0.000000	0.000000	0.000000	0.414708	0.000000	0.000000
51	tsk_51	(x)	1	:	0.000000	1.000000	0.000000	0.000000	0.000000	0.000000	0.000000	0.000000	0.000000	0.000000	0.000000
52	tsk_52	(x)	1	:	0.000000	0.010248	0.488987	0.000000	0.254580	0.000000	0.000000	0.000000	0.242227	0.000000	0.003958
53	tsk_53	(x)	1	:	0.000000	0.000000	0.000000	0.000000	0.712589	0.000000	0.000000	0.000000	0.287411	0.000000	0.000000
54	tsk_54	(x)	1	:	0.000000	0.000000	0.000000	0.000000	0.713735	0.000000	0.000000	0.000000	0.286265	0.000000	0.000000
55	tsk_55	(x)	1	:	0.000000	1.000000	0.000000	0.000000	0.000000	0.000000	0.000000	0.000000	0.000000	0.000000	0.000000
56	tsk_56	(x)	1	:	0.000000	0.500000	0.000000	0.000000	0.044931	0.000000	0.000000	0.000000	0.455069	0.000000	0.000000
57	tsk_57	(x)	1	:	0.000000	0.000000	0.000000	0.000000	0.415113	0.000000	0.000000	0.503550	0.080817	0.000000	0.000520
58	tsk_58	(x)	1	:	0.000000	0.500000	0.000000	0.000000	0.142288	0.000000	0.000000	0.000000	0.357712	0.000000	0.000000
59	tsk_59	(x)	1	:	0.000000	0.500000	0.000000	0.000000	0.077794	0.000000	0.000000	0.000000	0.422206	0.000000	0.000000
60	tsk_60	(x)	1	:	0.000000	0.510526	0.489474	0.000000	0.000000	0.000000	0.000000	0.000000	0.000000	0.000000	0.000000
61	tsk_61	(x)	1	:	0.000000	0.000000	0.000000	0.000000	0.702905	0.000008	0.000000	0.000000	0.297087	0.000000	0.000000
62	tsk_62	(x)	1	:	0.000000	0.000000	0.000000	0.000000	0.390274	0.000000	0.000000	0.000000	0.109692	0.000000	0.500034
63	tsk_63	(x)	1	:	0.000000	0.000000	0.000000	0.000000	0.459640	0.000000	0.513725	0.000000	0.026634	0.000000	0.000000
64	tsk_64	(x)	1	:	0.000000	0.499620	0.000000	0.000000	0.073275	0.000000	0.000000	0.000000	0.425392	0.000000	0.001713
65	tsk_65	(x)	1	:	0.000000	1.000000	0.000000	0.000000	0.000000	0.000000	0.000000	0.000000	0.000000	0.000000	0.000000
66	tsk_66	(x)	1	:	0.000000	0.000000	0.000000	0.000000	0.430706	0.000001	0.000000	0.275150	0.069286	0.000000	0.224857
67	tsk_67	(x)	1	:	0.000000	0.000000	0.000000	0.000000	0.511301	0.000000	0.000000	0.000000	0.488699	0.000000	0.000000
68	tsk_68	(x)	1	:	0.496548	0.000000	0.000000	0.000000	0.240276	0.000000	0.000000	0.000000	0.257746	0.000000	0.005430
69	tsk_69	(x)	1	:	0.000000	0.000000	0.000000	0.000000	0.000000	0.000000	0.000000	0.275113	0.000000	0.000000	0.724887
70	tsk_70	(x)	1	:	0.000000	0.499999	0.000000	0.000000	0.098082	0.000000	0.000000	0.000000	0.151915	0.000000	0.250003
71	tsk_71	(x)	1	:	0.000000	0.000000	0.000000	0.000000	0.578307	0.000000	0.000000	0.000000	0.171701	0.000000	0.249992
72	tsk_72	(x)	1	:	0.000000	0.510521	0.489479	0.000000	0.000000	0.000000	0.000000	0.000000	0.000000	0.000000	0.000000
73	tsk_73	(x)	1	:	0.000000	0.000000	0.000000	0.000000	0.245684	0.000000	0.000000	0.000000	0.004254	0.000000	0.750061
74	tsk_74	(x)	1	:	0.000000	0.510519	0.489481	0.000000	0.000000	0.000000	0.000000	0.000000	0.000000	0.000000	0.000000
75	tsk_75	(x)	1	:	0.000000	0.011299	0.488876	0.000000	0.106920	0.000000	0.000000	0.000000	0.143084	0.000000	0.249821
76	tsk_76	(x)	1	:	0.000000	0.000000	0.000000	0.000000	0.402922	0.000000	0.000000	0.000000	0.097032	0.000000	0.500046
77	tsk_77	(x)	1	:	0.000000	0.500000	0.000000	0.000000	0.087940	0.000000	0.000000	0.000000	0.162058	0.000000	0.250002
78	tsk_78	(x)	1	:	0.000000	0.500000	0.000000	0.000000	0.061847	0.000000	0.000000	0.000000	0.188151	0.000000	0.250002
79	tsk_79	(x)	1	:	0.496494	0.000000	0.000000	0.000000	0.201822	0.000000	0.000000	0.000000	0.295926	0.000000	0.005757
80	tsk_80	(x)	1	:	0.000000	0.000000	0.000000	0.000000	0.367172	0.000003	0.000000	0.275149	0.132816	0.000000	0.224860
81	tsk_81	(x)	1	:	0.496940	0.000000	0.000000	0.000000	0.040494	0.000000	0.000000	0.000000	0.209505	0.000000	0.253061
82	tsk_82	(x)	1	:	0.496940	0.000000	0.000000	0.000000	0.054105	0.000000	0.000000	0.000000	0.195894	0.000000	0.253061
83	tsk_83	(x)	1	:	0.000000	0.000000	0.000000	0.000000	0.000000	0.000000	0.000000	0.693158	0.000000	0.000000	0.306842
84	tsk_84	(x)	1	:	0.497336	0.000000	0.000000	0.000000	0.064762	0.000000	0.000000	0.232772	0.186772	0.000000	0.018357
85	tsk_85	(x)	1	:	0.497217	0.000000	0.000000	0.000000	0.042392	0.000000	0.000000	0.232345	0.208683	0.000000	0.019363
86	tsk_86	(x)	1	:	0.000000	0.011472	0.488741	0.000000	0.116528	0.000000	0.000000	0.000000	0.133477	0.000000	0.249781
87	tsk_87	(x)	1	:	0.000000	0.000000	0.000000	0.000000	0.000000	0.000000	0.000000	0.275113	0.000000	0.000000	0.724887
88	tsk_88	(x)	1	:	1.000000	0.000000	0.000000	0.000000	0.000000	0.000000	0.000000	0.000000	0.000000	0.000000	0.000000
89	tsk_89	(x)	1	:	1.000000	0.000000	0.000000	0.000000	0.000000	0.000000	0.000000	0.000000	0.000000	0.000000	0.000000
90	tsk_90	(x)	1	:	0.000000	0.011770	0.488508	0.000000	0.000000	0.000000	0.000000	0.000000	0.000000	0.000000	0.499722
91	tsk_91	(x)	1	:	0.000000	0.000000	0.000000	0.000000	0.427750	0.000000	0.000000	0.000000	0.072214	0.000000	0.500036
92	tsk_92	(x)	1	:	0.000000	0.000000	0.000000	0.000000	0.356814	0.000000	0.000000	0.000000	0.143150	0.000000	0.500036
93	tsk_93	(x)	1	:	0.000000	0.000000	0.000000	0.000000	0.732789	0.000000	0.000000	0.000000	0.267211	0.000000	0.000000
94	tsk_94	(x)	1	:	0.000000	0.000000	0.000000	0.000000	0.000000	0.540884	0.000000	0.000000	0.000000	0.000000	0.459116
95	tsk_95	(x)	1	:	0.000000	0.000000	0.000000	0.000000	0.365628	0.000000	0.000000	0.000000	0.134325	0.000000	0.500047
96	tsk_96	(x)	1	:	0.000000	0.000000	0.000000	0.000000	0.439314	0.000000	0.000000	0.000000	0.060652	0.000000	0.500034
97	tsk_97	(x)	1	:	0.000000	0.000000	0.000000	0.000000	0.000000	0.000000	0.000000	0.508526	0.000000	0.000000	0.491474
98	tsk_98	(x)	1	:	0.474743	0.000000	0.000000	0.000000	0.000000	0.000000	0.000000	0.000000	0.000000	0.000000	0.525257
99	tsk_99	(x)	1	:	0.000000	0.000000	0.000000	0.000000	0.396289	0.000000	0.000000	0.502935	0.099137	0.000000	0.001639
100	tsk_100	(x)	1	:	0.000000	0.000000	1.000000	0.000000	0.000000	0.000000	0.000000	0.000000	0.000000	0.000000	0.000000
101	tsk_101	(x)	1	:	0.496513	0.000000	0.000000	0.000000	0.156102	0.000000	0.000000	0.000000	0.341743	0.000000	0.005642
102	tsk_102	(x)	1	:	0.492354	0.507645	0.000000	0.000000	0.000000	0.000000	0.000000	0.000000	0.000000	0.000000	0.000000
103	tsk_103	(x)	1	:	0.000000	0.000000	0.000000	0.000000	0.325065	0.000000	0.000000	0.000000	0.674935	0.000000	0.000000
104	tsk_104	(x)	1	:	0.000000	0.000000	0.000000	0.000000	0.638090	0.000004	0.000000	0.000000	0.361905	0.000000	0.000000
105	tsk_105	(x)	1	:	0.000000	0.000000	0.520601	0.000000	0.018464	0.000000	0.000000	0.000000	0.460935	0.000000	0.000000
106	tsk_106	(x)	1	:	0.000000	0.010044	0.489081	0.000000	0.251707	0.000000	0.000000	0.000000	0.244803	0.000000	0.004366
107	tsk_107	(x)	1	:	0.492651	0.017261	0.490087	0.000000	0.000000	0.000000	0.000000	0.000000	0.000000	0.000000	0.000000
108	tsk_108	(x)	1	:	0.000000	0.010310	0.488939	0.000000	0.121120	0.000000	0.000000	0.000000	0.375692	0.000000	0.003939
109	tsk_109	(x)	1	:	0.496557	0.000000	0.000000	0.000000	0.119009	0.000000	0.000000	0.000000	0.379060	0.000000	0.005375
110	tsk_110	(x)	1	:	0.492647	0.017275	0.490078	0.000000	0.000000	0.000000	0.000000	0.000000	0.000000	0.000000	0.000000
111	tsk_111	(x)	1	:	0.492354	0.507645	0.000000	0.000000	0.000000	0.000000	0.000000	0.000000	0.000000	0.000000	0.000000
112	tsk_112	(x)	1	:	0.000000	0.011705	0.488560	0.000000	0.090435	0.000000	0.000000	0.000000	0.159572	0.000000	0.249728
113	tsk_113	(x)	1	:	0.000000	0.013780	0.489035	0.000000	0.000000	0.000000	0.497185	0.000000	0.000000	0.000000	0.000000
114	tsk_114	(x)	1	:	0.000000	0.000002	0.999998	0.000000	0.000000	0.000000	0.000000	0.000000	0.000000	0.000000	0.000000
115	tsk_115	(x)	1	:	0.000000	0.000002	0.999998	0.000000	0.000000	0.000000	0.000000	0.000000	0.000000	0.000000	0.000000
116	tsk_116	(x)	1	:	0.496342	0.000000	0.000000	0.000000	0.086280	0.000000	0.000000	0.000000	0.410698	0.000000	0.006680
117	tsk_117	(x)	1	:	0.000000	0.000000	0.000000	0.000000	0.371828	0.000000	0.000000	0.000000	0.128128	0.000000	0.500044
118	tsk_118	(x)	1	:	0.000000	0.009946	0.489170	0.000000	0.102140	0.000000	0.000000	0.000000	0.394428	0.000000	0.004316
119	tsk_119	(x)	1	:	0.000000	0.000001	0.999998	0.000000	0.000000	0.000000	0.000000	0.000000	0.000000	0.000000	0.000000
120	tsk_120	(x)	1	:	0.000000	0.000000	0.000000	0.000000	0.000000	0.000000	0.000000	0.000000	0.000000	0.000000	1.000000
121	tsk_121	(x)	1	:	0.000000	0.000000	0.000000	0.000000	0.000000	0.000000	0.000000	0.000000	0.000000	0.000000	1.000000
122	tsk_122	(x)	1	:	0.000000	0.000000	0.000000	0.000000	0.000000	0.000000	0.000000	0.000000	0.000000	0.000000	1.000000
123	tsk_123	(x)	1	:	0.000000	0.000000	0.000000	0.000000	0.376345	0.000000	0.000000	0.000000	0.123616	0.000000	0.500038
124	tsk_124	(x)	1	:	0.000000	0.011737	0.488534	0.000000	0.000000	0.000000	0.000000	0.000000	0.000000	0.000000	0.499729
125	tsk_125	(x)	1	:	0.000000	0.000000	0.000000	0.000000	0.000000	0.000000	0.460977	0.275145	0.000000	0.000000	0.263879
126	tsk_126	(x)	1	:	0.000000	0.000000	0.000000	0.000000	0.000000	0.000000	0.000000	0.000000	0.000000	0.000000	1.000000
127	tsk_127	(x)	1	:	0.000000	0.000000	0.000000	0.000000	0.000000	0.000000	0.000000	0.275113	0.000000	0.000000	0.724887
128	tsk_128	(x)	1	:	0.000000	0.000000	0.000000	0.000000	0.000000	0.000000	0.000000	0.275101	0.000000	0.000000	0.724899
129	tsk_129	(x)	1	:	0.000000	0.000000	0.000000	0.000000	0.000000	0.000000	0.000000	0.275119	0.000000	0.000000	0.724881
130	tsk_130	(x)	1	:	0.000000	0.000000	0.000000	0.000000	0.692739	0.000000	0.000000	0.000000	0.307261	0.000000	0.000000
131	tsk_131	(x)	1	:	0.000000	0.503017	0.000000	0.000000	0.000000	0.000000	0.000000	0.238896	0.258086	0.000000	0.000000
132	tsk_132	(x)	1	:	0.000000	0.013745	0.489066	0.000000	0.000000	0.000000	0.497188	0.000000	0.000000	0.000000	0.000001
133	tsk_133	(x)	1	:	0.000000	0.013724	0.489085	0.000000	0.000000	0.000000	0.497190	0.000000	0.000000	0.000000	0.000000
134	tsk_134	(x)	1	:	0.000000	0.000000	0.000000	0.000000	0.650864	0.000000	0.000000	0.000000	0.349136	0.000000	0.000000
135	tsk_135	(x)	1	:	0.000000	0.499967	0.000000	0.000000	0.158350	0.000000	0.000000	0.000000	0.341536	0.000000	0.000147
136	tsk_136	(x)	1	:	0.000000	0.000000	0.000000	0.000000	0.530324	0.000000	0.000000	0.000000	0.469676	0.000000	0.000000
137	tsk_137	(x)	1	:	0.000000	0.000000	0.000000	0.000000	0.476473	0.000001	0.497065	0.000000	0.026461	0.000000	0.000000
138	tsk_138	(x)	1	:	0.000000	0.000000	1.000000	0.000000	0.000000	0.000000	0.000000	0.000000	0.000000	0.000000	0.000000
139	tsk_139	(x)	1	:	0.000000	0.000000	0.000000	0.000000	0.253415	0.000018	0.498102	0.238699	0.004427	0.000000	0.005339
140	tsk_140	(x)	1	:	0.000000	0.498388	0.000000	0.000000	0.000000	0.000000	0.000000	0.501612	0.000000	0.000000	0.000000
141	tsk_141	(x)	1	:	0.000000	0.000000	0.000072	0.000000	0.184572	0.000000	0.000000	0.000000	0.065438	0.494279	0.255639
142	tsk_142	(x)	1	:	0.492354	0.507645	0.000000	0.000000	0.000000	0.000000	0.000000	0.000000	0.000000	0.000000	0.000000
143	tsk_143	(x)	1	:	0.496518	0.000000	0.000000	0.000000	0.201070	0.000000	0.000000	0.000000	0.296800	0.000000	0.005612
144	tsk_144	(x)	1	:	0.496529	0.000000	0.000000	0.000000	0.242980	0.000000	0.000000	0.000000	0.254946	0.000000	0.005544
145	tsk_145	(x)	1	:	0.000000	0.000000	0.000000	0.000000	0.261265	0.000000	0.000000	0.000000	0.235388	0.500328	0.003019
146	tsk_146	(x)	1	:	0.000000	0.000000	0.000064	0.000000	0.000000	0.000000	0.000000	0.000000	0.000000	0.999936	0.000000
147	tsk_147	(x)	1	:	0.000000	0.000000	0.000068	0.000000	0.130291	0.000000	0.000000	0.000000	0.369344	0.494189	0.006108
148	tsk_148	(x)	1	:	0.492354	0.507645	0.000000	0.000000	0.000000	0.000000	0.000000	0.000000	0.000000	0.000000	0.000000
149	tsk_149	(x)	1	:	0.000000	0.000000	0.000000	0.000000	0.000000	0.000000	0.000000	0.000000	0.000000	1.000000	0.000000
