logL = -1702.549355 (converged)
AIC = 8775.098711
BIC = 16858.654475

count.K
63 16 0 1 3 2 20 1 1 7 10 3 8 8 7 

