logL = -1214.736838 (converged)
AIC = 7277.473676
BIC = 14575.253629

count.K
21 30 7 5 32 8 8 13 9 4 9 1 3 

