logL = -1654.015275 (converged)
AIC = 4584.030550
BIC = 6504.815867

count.K
82 13 12 43 

