0	tsk_0	(x)	1	:	0.000000	0.000000	0.999997	0.000000	0.000000	0.000000	0.000003	0.000000	0.000000
1	tsk_1	(x)	1	:	0.459168	0.000000	0.000000	0.000000	0.540832	0.000000	0.000000	0.000000	0.000000
2	tsk_2	(x)	1	:	0.000000	0.000000	0.491259	0.000000	0.508737	0.000000	0.000004	0.000000	0.000000
3	tsk_3	(x)	1	:	0.000000	0.000000	0.000000	0.000000	1.000000	0.000000	0.000000	0.000000	0.000000
4	tsk_4	(x)	1	:	0.000000	0.000000	0.000000	0.491851	0.508149	0.000000	0.000000	0.000000	0.000000
5	tsk_5	(x)	1	:	0.000000	0.000000	0.000000	0.000000	1.000000	0.000000	0.000000	0.000000	0.000000
6	tsk_6	(x)	1	:	0.459168	0.000000	0.000000	0.000000	0.540832	0.000000	0.000000	0.000000	0.000000
7	tsk_7	(x)	1	:	0.000000	0.501719	0.498278	0.000000	0.000000	0.000000	0.000002	0.000001	0.000000
8	tsk_8	(x)	1	:	0.459168	0.000000	0.000000	0.000000	0.540832	0.000000	0.000000	0.000000	0.000000
9	tsk_9	(x)	1	:	0.000000	0.000000	0.000175	0.000000	0.000000	0.000000	0.491340	0.000000	0.508485
10	tsk_10	(x)	1	:	0.494326	0.000000	0.000000	0.000000	0.505674	0.000000	0.000000	0.000000	0.000000
11	tsk_11	(x)	1	:	0.000000	0.000000	0.000000	0.000000	0.000000	0.000000	0.000000	0.000000	1.000000
12	tsk_12	(x)	1	:	0.000000	0.000004	0.000000	0.000000	0.000000	0.546107	0.000000	0.014127	0.439762
13	tsk_13	(x)	1	:	0.481318	0.000000	0.518677	0.000000	0.000000	0.000000	0.000004	0.000000	0.000000
14	tsk_14	(x)	1	:	0.000000	0.000004	0.504006	0.000000	0.000000	0.000000	0.000002	0.049510	0.446479
15	tsk_15	(x)	1	:	0.000000	0.000000	0.000000	0.000000	0.000000	0.000000	0.000000	0.000000	1.000000
16	tsk_16	(x)	1	:	0.489477	0.000002	0.000000	0.000000	0.000000	0.000000	0.000000	0.065593	0.444928
17	tsk_17	(x)	1	:	0.000000	0.000000	0.000000	0.000000	0.000000	0.000000	0.000000	0.000000	1.000000
18	tsk_18	(x)	1	:	0.489476	0.000002	0.000000	0.000000	0.000000	0.000000	0.000000	0.065603	0.444919
19	tsk_19	(x)	1	:	0.000000	0.000000	0.000000	0.000000	0.000000	0.414864	0.000000	0.000005	0.585131
20	tsk_20	(x)	1	:	0.000000	0.586503	0.000000	0.000000	0.000000	0.000000	0.000000	0.000041	0.413456
21	tsk_21	(x)	1	:	0.000000	0.648665	0.000000	0.000000	0.000000	0.000000	0.000000	0.351335	0.000000
22	tsk_22	(x)	1	:	0.000000	0.648673	0.000000	0.000000	0.000000	0.000000	0.000000	0.351327	0.000000
23	tsk_23	(x)	1	:	0.000000	0.000016	0.000000	0.000000	0.000000	0.000000	0.000000	0.330031	0.669954
24	tsk_24	(x)	1	:	0.000000	0.000000	0.000000	0.000000	0.494205	0.000000	0.000000	0.000000	0.505794
25	tsk_25	(x)	1	:	0.000000	0.000129	0.000000	0.000000	0.593596	0.000001	0.000000	0.406274	0.000000
26	tsk_26	(x)	1	:	0.000000	0.648641	0.000000	0.000000	0.000000	0.000000	0.000000	0.351359	0.000000
27	tsk_27	(x)	1	:	0.000000	0.000073	0.000000	0.000000	0.593583	0.000000	0.000000	0.406344	0.000000
28	tsk_28	(x)	1	:	0.000000	0.000076	0.000000	0.000000	0.593584	0.000000	0.000000	0.406340	0.000000
29	tsk_29	(x)	1	:	0.000000	0.000000	0.491259	0.000000	0.508737	0.000000	0.000004	0.000000	0.000000
30	tsk_30	(x)	1	:	1.000000	0.000000	0.000000	0.000000	0.000000	0.000000	0.000000	0.000000	0.000000
31	tsk_31	(x)	1	:	0.000000	0.000074	0.000000	0.000000	0.452637	0.000000	0.000000	0.547289	0.000000
32	tsk_32	(x)	1	:	0.000000	0.000000	0.000000	0.000000	0.400668	0.000000	0.000000	0.000010	0.599322
33	tsk_33	(x)	1	:	0.461483	0.000000	0.538517	0.000000	0.000000	0.000000	0.000000	0.000000	0.000000
34	tsk_34	(x)	1	:	0.489477	0.000002	0.000000	0.000000	0.000000	0.000000	0.000000	0.065590	0.444930
35	tsk_35	(x)	1	:	0.498268	0.000000	0.000000	0.000000	0.000000	0.501732	0.000000	0.000000	0.000000
36	tsk_36	(x)	1	:	0.000000	0.000091	0.518811	0.000000	0.000000	0.000001	0.000000	0.481096	0.000000
37	tsk_37	(x)	1	:	0.486973	0.000000	0.000000	0.000000	0.000000	0.512404	0.000000	0.000624	0.000000
38	tsk_38	(x)	1	:	0.490460	0.000002	0.000000	0.000000	0.436444	0.000000	0.000000	0.073094	0.000000
39	tsk_39	(x)	1	:	0.490460	0.000002	0.000000	0.000000	0.436444	0.000000	0.000000	0.073095	0.000000
40	tsk_40	(x)	1	:	0.000000	0.000000	0.000000	0.500613	0.000000	0.499292	0.000000	0.000094	0.000000
41	tsk_41	(x)	1	:	0.000000	0.000001	0.503783	0.000000	0.449023	0.000000	0.000005	0.047188	0.000000
42	tsk_42	(x)	1	:	0.000000	0.000002	0.000000	0.000000	0.445824	0.542339	0.000000	0.011835	0.000000
43	tsk_43	(x)	1	:	0.000000	0.000006	0.000000	0.000000	0.449965	0.000000	0.000000	0.105228	0.444801
44	tsk_44	(x)	1	:	0.000000	0.570712	0.000000	0.000000	0.429262	0.000000	0.000000	0.000026	0.000000
45	tsk_45	(x)	1	:	0.000000	0.000002	0.000000	0.000000	0.445841	0.542377	0.000000	0.011780	0.000000
46	tsk_46	(x)	1	:	0.000000	0.000000	0.000000	0.000000	0.000000	1.000000	0.000000	0.000000	0.000000
47	tsk_47	(x)	1	:	0.000000	0.000000	0.000000	0.000000	0.400669	0.000000	0.000000	0.000007	0.599323
48	tsk_48	(x)	1	:	0.000000	0.000003	0.000000	0.000000	0.000000	0.544491	0.000000	0.017123	0.438383
49	tsk_49	(x)	1	:	0.000000	0.000002	0.000000	0.000000	0.445719	0.542092	0.000000	0.012187	0.000000
50	tsk_50	(x)	1	:	0.491638	0.000000	0.508357	0.000000	0.000000	0.000000	0.000005	0.000000	0.000000
51	tsk_51	(x)	1	:	0.482040	0.000000	0.000000	0.000000	0.000000	0.000000	0.000000	0.000000	0.517960
52	tsk_52	(x)	1	:	1.000000	0.000000	0.000000	0.000000	0.000000	0.000000	0.000000	0.000000	0.000000
53	tsk_53	(x)	1	:	0.486756	0.000000	0.000000	0.000000	0.513244	0.000000	0.000000	0.000000	0.000000
54	tsk_54	(x)	1	:	0.000000	0.000000	0.489479	0.000000	0.000000	0.000000	0.000012	0.000000	0.510509
55	tsk_55	(x)	1	:	1.000000	0.000000	0.000000	0.000000	0.000000	0.000000	0.000000	0.000000	0.000000
56	tsk_56	(x)	1	:	0.491638	0.000000	0.508360	0.000000	0.000000	0.000000	0.000002	0.000000	0.000000
57	tsk_57	(x)	1	:	0.482040	0.000000	0.000000	0.000000	0.000000	0.000000	0.000000	0.000000	0.517960
58	tsk_58	(x)	1	:	1.000000	0.000000	0.000000	0.000000	0.000000	0.000000	0.000000	0.000000	0.000000
59	tsk_59	(x)	1	:	0.482040	0.000000	0.000000	0.000000	0.000000	0.000000	0.000000	0.000000	0.517960
60	tsk_60	(x)	1	:	0.000000	0.000000	0.000000	1.000000	0.000000	0.000000	0.000000	0.000000	0.000000
61	tsk_61	(x)	1	:	0.474673	0.000000	0.000000	0.000000	0.000000	0.000000	0.000000	0.000000	0.525327
62	tsk_62	(x)	1	:	0.000000	0.000000	0.489484	0.000000	0.000000	0.000000	0.000007	0.000000	0.510509
63	tsk_63	(x)	1	:	0.000000	0.000000	0.000000	1.000000	0.000000	0.000000	0.000000	0.000000	0.000000
64	tsk_64	(x)	1	:	0.000000	0.000000	0.501599	0.498401	0.000000	0.000000	0.000000	0.000000	0.000000
65	tsk_65	(x)	1	:	0.474673	0.000000	0.000000	0.000000	0.000000	0.000000	0.000000	0.000000	0.525327
66	tsk_66	(x)	1	:	0.000000	0.000000	0.000000	0.000000	0.151115	0.384387	0.000000	0.000000	0.464498
67	tsk_67	(x)	1	:	0.000000	0.000000	0.489486	0.000000	0.000000	0.000000	0.000005	0.000000	0.510509
68	tsk_68	(x)	1	:	0.000000	0.000000	0.500941	0.000000	0.000000	0.498939	0.000007	0.000112	0.000000
69	tsk_69	(x)	1	:	0.000000	0.000000	0.000000	0.513349	0.000000	0.486625	0.000000	0.000025	0.000000
70	tsk_70	(x)	1	:	0.000000	0.000000	0.501598	0.498401	0.000000	0.000000	0.000000	0.000000	0.000000
71	tsk_71	(x)	1	:	0.489477	0.000002	0.000000	0.000000	0.000000	0.000000	0.000000	0.065596	0.444926
72	tsk_72	(x)	1	:	0.000000	0.000000	0.000000	0.000000	0.581166	0.000000	0.000000	0.000223	0.418610
73	tsk_73	(x)	1	:	0.000000	0.000000	1.000000	0.000000	0.000000	0.000000	0.000000	0.000000	0.000000
74	tsk_74	(x)	1	:	0.000000	0.000000	0.501599	0.498401	0.000000	0.000000	0.000000	0.000000	0.000000
75	tsk_75	(x)	1	:	0.514984	0.000000	0.000000	0.485016	0.000000	0.000000	0.000000	0.000000	0.000000
76	tsk_76	(x)	1	:	0.000000	0.000000	0.504351	0.000000	0.495649	0.000000	0.000000	0.000000	0.000000
77	tsk_77	(x)	1	:	0.519013	0.000002	0.000000	0.000000	0.435692	0.000000	0.000000	0.045292	0.000000
78	tsk_78	(x)	1	:	0.500820	0.000000	0.000000	0.000000	0.000000	0.000000	0.000000	0.000000	0.499180
79	tsk_79	(x)	1	:	0.513938	0.000000	0.000000	0.000000	0.000000	0.486042	0.000000	0.000019	0.000000
80	tsk_80	(x)	1	:	0.000000	0.000000	0.000000	0.000000	0.553464	0.446533	0.000000	0.000003	0.000000
81	tsk_81	(x)	1	:	0.000000	0.000000	0.000000	0.000000	0.553464	0.446532	0.000000	0.000004	0.000000
82	tsk_82	(x)	1	:	0.000000	0.528875	0.000000	0.000000	0.000000	0.471107	0.000000	0.000018	0.000000
83	tsk_83	(x)	1	:	0.000000	0.499819	0.007586	0.000000	0.000000	0.000000	0.492595	0.000000	0.000000
84	tsk_84	(x)	1	:	0.000000	0.501719	0.498277	0.000000	0.000000	0.000000	0.000004	0.000001	0.000000
85	tsk_85	(x)	1	:	0.000000	0.641532	0.000000	0.000000	0.000000	0.000000	0.000000	0.358468	0.000000
86	tsk_86	(x)	1	:	0.000000	0.000033	0.000000	0.000000	0.000000	0.000001	0.000000	0.999966	0.000000
87	tsk_87	(x)	1	:	0.000000	0.000000	0.491259	0.000000	0.508737	0.000000	0.000004	0.000000	0.000000
88	tsk_88	(x)	1	:	0.513938	0.000000	0.000000	0.000000	0.000000	0.486033	0.000000	0.000029	0.000000
89	tsk_89	(x)	1	:	0.000000	0.000000	0.000000	0.000000	0.000000	0.414863	0.000000	0.000006	0.585131
90	tsk_90	(x)	1	:	0.000000	0.000000	0.500942	0.000000	0.000000	0.498945	0.000006	0.000106	0.000000
91	tsk_91	(x)	1	:	0.000000	0.000000	0.999997	0.000000	0.000000	0.000000	0.000003	0.000000	0.000000
92	tsk_92	(x)	1	:	0.000000	0.000000	0.999997	0.000000	0.000000	0.000000	0.000002	0.000000	0.000000
93	tsk_93	(x)	1	:	0.000000	0.000000	0.500946	0.000000	0.000000	0.498970	0.000004	0.000080	0.000000
94	tsk_94	(x)	1	:	0.000000	0.000000	0.999998	0.000000	0.000000	0.000000	0.000002	0.000000	0.000000
95	tsk_95	(x)	1	:	0.000000	0.000000	0.999998	0.000000	0.000000	0.000000	0.000002	0.000000	0.000000
96	tsk_96	(x)	1	:	0.517043	0.000000	0.482955	0.000000	0.000000	0.000000	0.000002	0.000000	0.000000
97	tsk_97	(x)	1	:	0.000000	0.501719	0.498278	0.000000	0.000000	0.000000	0.000002	0.000001	0.000000
98	tsk_98	(x)	1	:	0.000000	0.000000	0.500943	0.000000	0.000000	0.498962	0.000006	0.000089	0.000000
99	tsk_99	(x)	1	:	0.000000	0.000000	0.003506	0.000000	0.000000	0.000000	0.500055	0.000000	0.496439
100	tsk_100	(x)	1	:	0.000000	0.000000	0.000001	0.000000	0.503914	0.000000	0.496085	0.000000	0.000000
101	tsk_101	(x)	1	:	0.000000	0.000000	0.000000	0.000000	1.000000	0.000000	0.000000	0.000000	0.000000
102	tsk_102	(x)	1	:	0.000000	0.000000	0.999999	0.000000	0.000000	0.000000	0.000001	0.000000	0.000000
103	tsk_103	(x)	1	:	0.000000	0.000000	0.000001	0.000000	0.449280	0.000000	0.508940	0.041778	0.000000
104	tsk_104	(x)	1	:	0.000000	0.000000	0.000000	0.000000	1.000000	0.000000	0.000000	0.000000	0.000000
105	tsk_105	(x)	1	:	0.000000	0.000107	0.000000	0.000000	0.593591	0.000000	0.000000	0.406302	0.000000
106	tsk_106	(x)	1	:	0.512135	0.000000	0.000000	0.000000	0.000000	0.000000	0.487865	0.000000	0.000000
107	tsk_107	(x)	1	:	0.504432	0.000000	0.000000	0.000000	0.495568	0.000000	0.000000	0.000000	0.000000
108	tsk_108	(x)	1	:	0.000000	0.000000	0.000000	0.000000	1.000000	0.000000	0.000000	0.000000	0.000000
109	tsk_109	(x)	1	:	0.000000	0.000000	0.000000	0.000000	1.000000	0.000000	0.000000	0.000000	0.000000
110	tsk_110	(x)	1	:	0.000000	0.000000	0.487960	0.000000	0.000000	0.000000	0.000000	0.512040	0.000000
111	tsk_111	(x)	1	:	0.000000	0.000000	0.999998	0.000000	0.000000	0.000000	0.000002	0.000000	0.000000
112	tsk_112	(x)	1	:	0.517043	0.000000	0.482955	0.000000	0.000000	0.000000	0.000001	0.000000	0.000000
113	tsk_113	(x)	1	:	0.000000	0.000000	0.999996	0.000000	0.000000	0.000000	0.000004	0.000000	0.000000
114	tsk_114	(x)	1	:	0.463899	0.000000	0.000000	0.000000	0.000000	0.000000	0.000000	0.536101	0.000000
115	tsk_115	(x)	1	:	0.000000	0.000000	0.487959	0.000000	0.000000	0.000000	0.000000	0.512040	0.000000
116	tsk_116	(x)	1	:	0.000000	0.000000	0.500934	0.000000	0.000000	0.498983	0.000017	0.000067	0.000000
117	tsk_117	(x)	1	:	0.513938	0.000000	0.000000	0.000000	0.000000	0.486037	0.000000	0.000025	0.000000
118	tsk_118	(x)	1	:	0.000000	0.000000	0.473750	0.000000	0.000000	0.000000	0.000000	0.526250	0.000000
119	tsk_119	(x)	1	:	0.000000	0.000000	0.487959	0.000000	0.000000	0.000000	0.000000	0.512040	0.000000
120	tsk_120	(x)	1	:	0.000000	0.000000	0.999996	0.000000	0.000000	0.000000	0.000004	0.000000	0.000000
121	tsk_121	(x)	1	:	0.000000	0.000000	0.999998	0.000000	0.000000	0.000000	0.000002	0.000000	0.000000
122	tsk_122	(x)	1	:	0.000000	0.000000	0.000000	0.000000	1.000000	0.000000	0.000000	0.000000	0.000000
123	tsk_123	(x)	1	:	0.000000	0.000000	0.000000	0.000000	1.000000	0.000000	0.000000	0.000000	0.000000
124	tsk_124	(x)	1	:	0.512930	0.000000	0.487069	0.000000	0.000000	0.000000	0.000001	0.000000	0.000000
125	tsk_125	(x)	1	:	0.000000	0.000000	0.000000	0.000000	1.000000	0.000000	0.000000	0.000000	0.000000
126	tsk_126	(x)	1	:	0.000000	0.000000	0.000000	0.000000	1.000000	0.000000	0.000000	0.000000	0.000000
127	tsk_127	(x)	1	:	0.512930	0.000000	0.487070	0.000000	0.000000	0.000000	0.000001	0.000000	0.000000
128	tsk_128	(x)	1	:	0.000000	0.000000	0.000000	0.000000	1.000000	0.000000	0.000000	0.000000	0.000000
129	tsk_129	(x)	1	:	0.000000	0.000000	0.000000	0.000000	1.000000	0.000000	0.000000	0.000000	0.000000
130	tsk_130	(x)	1	:	0.000000	0.000048	0.504175	0.000000	0.000000	0.000000	0.000014	0.495763	0.000000
131	tsk_131	(x)	1	:	0.518342	0.000057	0.000000	0.000000	0.000000	0.000000	0.000000	0.481601	0.000000
132	tsk_132	(x)	1	:	0.000000	0.000001	0.000000	0.000000	0.215205	0.781687	0.000000	0.003108	0.000000
133	tsk_133	(x)	1	:	0.000000	0.648672	0.000000	0.000000	0.000000	0.000000	0.000000	0.351328	0.000000
134	tsk_134	(x)	1	:	0.000000	0.000076	0.000000	0.000000	0.000000	0.555759	0.000000	0.444165	0.000000
135	tsk_135	(x)	1	:	0.000000	0.501719	0.498270	0.000000	0.000000	0.000000	0.000010	0.000000	0.000000
136	tsk_136	(x)	1	:	0.000000	1.000000	0.000000	0.000000	0.000000	0.000000	0.000000	0.000000	0.000000
137	tsk_137	(x)	1	:	0.518342	0.000071	0.000000	0.000000	0.000000	0.000000	0.000000	0.481586	0.000000
138	tsk_138	(x)	1	:	0.000000	0.637746	0.000000	0.000000	0.362254	0.000000	0.000000	0.000000	0.000000
139	tsk_139	(x)	1	:	0.495114	0.212619	0.000000	0.000000	0.292268	0.000000	0.000000	0.000000	0.000000
140	tsk_140	(x)	1	:	0.517043	0.000000	0.482954	0.000000	0.000000	0.000000	0.000003	0.000000	0.000000
141	tsk_141	(x)	1	:	0.504432	0.000000	0.000000	0.000000	0.495568	0.000000	0.000000	0.000000	0.000000
142	tsk_142	(x)	1	:	0.518190	0.000003	0.000000	0.000000	0.000000	0.000000	0.000000	0.034941	0.446866
143	tsk_143	(x)	1	:	0.000000	0.000000	0.491241	0.000000	0.508737	0.000000	0.000022	0.000000	0.000000
144	tsk_144	(x)	1	:	0.518244	0.000004	0.000000	0.000000	0.000000	0.000000	0.000000	0.034104	0.447648
145	tsk_145	(x)	1	:	0.000000	0.000000	0.000000	0.000000	0.000000	0.000000	0.000000	0.000001	0.999999
146	tsk_146	(x)	1	:	0.000000	0.000000	0.000000	0.000000	1.000000	0.000000	0.000000	0.000000	0.000000
147	tsk_147	(x)	1	:	0.517043	0.000000	0.482956	0.000000	0.000000	0.000000	0.000001	0.000000	0.000000
148	tsk_148	(x)	1	:	0.517043	0.000000	0.482954	0.000000	0.000000	0.000000	0.000003	0.000000	0.000000
149	tsk_149	(x)	1	:	0.000000	0.000000	0.501597	0.498401	0.000000	0.000000	0.000001	0.000000	0.000000
