logL = -766.364428 (converged)
AIC = 6300.728855
BIC = 13478.083397

count.K
5 7 10 1 2 32 0 20 15 45 1 2 1 9 

