logL = -547.519247 (converged)
AIC = 3329.038494
BIC = 6691.918118

count.K
55 9 4 32 11 2 37 

