logL = -1465.221676 (converged)
AIC = 5654.443351
BIC = 9754.928622

count.K
41 4 7 38 9 2 27 22 

