logL = -1831.682786 (converged)
AIC = 5631.365573
BIC = 8593.830702

count.K
29 54 9 30 10 18 

