logL = -1143.628379 (converged)
AIC = 6979.256758
BIC = 14042.207158

count.K
26 6 13 6 28 1 7 14 23 0 11 15 

