logL = -2107.569028 (converged)
AIC = 5965.138056
BIC = 8599.443938

count.K
24 39 31 35 21 

