logL = -1687.947814 (converged)
AIC = 4731.895628
BIC = 6773.106357

count.K
9 10 96 35 

