logL = -1425.999473 (converged)
AIC = 4087.998947
BIC = 5948.571559

count.K
44 20 52 34 

