logL = -1015.798820 (converged)
AIC = 5591.597639
BIC = 10950.528463

count.K
1 26 1 33 3 0 13 1 5 67 

