logL = -1099.427825 (converged)
AIC = 5698.855649
BIC = 10967.467414

count.K
15 3 14 16 33 18 29 6 5 11 

