0	tsk_0	(x)	1	:	0.000000	0.000000	0.000000	0.000000	0.000000	0.000000	0.000000	0.000000	0.000000	0.000000	0.541960	0.000000	0.000000	0.458040
1	tsk_1	(x)	1	:	0.000100	0.508905	0.000000	0.000000	0.000000	0.000000	0.000000	0.000000	0.000000	0.000000	0.000000	0.000000	0.000000	0.490996
2	tsk_2	(x)	1	:	0.000000	0.000000	0.000000	0.000000	0.501843	0.000000	0.000000	0.003035	0.000000	0.000000	0.494682	0.000000	0.000000	0.000439
3	tsk_3	(x)	1	:	0.000000	0.000000	0.000000	0.000000	0.000000	0.000000	0.000000	0.000000	0.000000	0.000000	0.696713	0.000000	0.000000	0.303287
4	tsk_4	(x)	1	:	0.000000	0.000000	0.000000	0.000000	0.501982	0.000000	0.000000	0.002835	0.000000	0.000000	0.494708	0.000000	0.000000	0.000475
5	tsk_5	(x)	1	:	0.000000	0.000000	0.000000	0.000000	0.000000	0.000000	0.000000	0.000000	0.000000	0.520344	0.364652	0.000000	0.000000	0.115004
6	tsk_6	(x)	1	:	0.000001	0.499249	0.134898	0.000000	0.000000	0.000000	0.000000	0.003029	0.000000	0.000000	0.000000	0.000000	0.362823	0.000000
7	tsk_7	(x)	1	:	0.000000	0.000000	0.000000	0.000000	0.000000	0.000000	0.000000	0.000000	0.000000	0.000000	1.000000	0.000000	0.000000	0.000000
8	tsk_8	(x)	1	:	0.000000	0.000000	0.000000	0.000000	0.000000	0.000000	0.000000	0.000000	0.000000	0.000000	1.000000	0.000000	0.000000	0.000000
9	tsk_9	(x)	1	:	0.000000	0.000000	0.039884	0.451905	0.000000	0.000000	0.000000	0.000000	0.000000	0.000000	0.000000	0.000000	0.508212	0.000000
10	tsk_10	(x)	1	:	0.000004	0.503165	0.000000	0.000000	0.000000	0.000000	0.000000	0.000000	0.000000	0.000000	0.496452	0.000000	0.000000	0.000380
11	tsk_11	(x)	1	:	0.000000	0.000000	0.000000	0.000000	0.000000	0.000000	0.000000	0.000000	0.000000	0.000000	1.000000	0.000000	0.000000	0.000000
12	tsk_12	(x)	1	:	0.000000	0.000000	0.407023	0.000000	0.000000	0.000000	0.000000	0.000000	0.000000	0.000000	0.000000	0.000000	0.592977	0.000000
13	tsk_13	(x)	1	:	0.000000	0.000000	0.436048	0.000000	0.000000	0.000000	0.000000	0.000000	0.000000	0.000000	0.000000	0.000000	0.563952	0.000000
14	tsk_14	(x)	1	:	0.000000	0.000000	0.627019	0.000000	0.000000	0.000000	0.000000	0.000000	0.000000	0.000000	0.000000	0.000000	0.372980	0.000000
15	tsk_15	(x)	1	:	0.000000	0.000000	0.266424	0.000000	0.498378	0.000000	0.000000	0.003244	0.000000	0.000000	0.000000	0.000000	0.231954	0.000000
16	tsk_16	(x)	1	:	0.000000	0.000000	0.478980	0.000000	0.000000	0.000000	0.000000	0.000000	0.000000	0.000000	0.000000	0.000000	0.521020	0.000000
17	tsk_17	(x)	1	:	0.473310	0.000000	0.159936	0.000000	0.000000	0.000000	0.000000	0.020294	0.000000	0.000000	0.000000	0.000000	0.346460	0.000000
18	tsk_18	(x)	1	:	0.000000	0.000000	0.446949	0.000000	0.000000	0.000000	0.000000	0.000000	0.000000	0.000000	0.000000	0.000000	0.553050	0.000000
19	tsk_19	(x)	1	:	0.000000	0.000000	0.000000	0.000000	0.467081	0.000000	0.000000	0.000004	0.000000	0.000000	0.000000	0.000000	0.000000	0.532915
20	tsk_20	(x)	1	:	0.000000	0.000000	0.000000	0.000000	0.000000	0.000000	0.000000	0.000000	0.506219	0.000003	0.000000	0.000000	0.000000	0.493778
21	tsk_21	(x)	1	:	0.000000	0.000000	0.000000	0.588095	0.000000	0.000000	0.000000	0.411905	0.000000	0.000000	0.000000	0.000000	0.000000	0.000000
22	tsk_22	(x)	1	:	0.000000	0.000000	0.000000	0.000000	0.000000	0.000000	0.000000	0.000000	0.000000	0.000000	0.000000	0.000000	0.000000	1.000000
23	tsk_23	(x)	1	:	0.000000	0.000000	0.000000	0.000000	0.000000	0.000000	0.000000	0.000000	0.506219	0.000004	0.000000	0.000000	0.000000	0.493778
24	tsk_24	(x)	1	:	0.000000	0.000000	0.000000	0.000000	0.000000	0.000000	0.000000	0.000000	0.000000	0.000000	0.000000	0.000000	0.000000	1.000000
25	tsk_25	(x)	1	:	0.000000	0.000000	0.000000	0.000000	0.000000	0.000000	0.000000	0.000000	0.000000	0.000000	0.000000	0.000000	0.000000	1.000000
26	tsk_26	(x)	1	:	0.000000	0.000000	0.000000	0.000000	0.000000	0.000000	0.000000	0.000000	0.000000	0.000000	0.000000	0.000000	0.000000	1.000000
27	tsk_27	(x)	1	:	0.000000	0.000000	0.000000	0.000000	0.000000	0.000000	0.000000	0.000000	0.000000	0.496782	0.000000	0.000000	0.000000	0.503218
28	tsk_28	(x)	1	:	0.000000	0.000000	0.000000	0.000000	0.000000	0.000000	0.000000	0.000000	0.000000	0.000000	0.000000	0.000000	0.000000	1.000000
29	tsk_29	(x)	1	:	0.000000	0.000000	0.000000	0.000000	0.000000	0.000000	0.000000	0.000000	0.999169	0.000831	0.000000	0.000000	0.000000	0.000000
30	tsk_30	(x)	1	:	0.000000	0.000000	0.520845	0.000000	0.000000	0.000000	0.000000	0.000000	0.000000	0.000000	0.000000	0.000000	0.479155	0.000000
31	tsk_31	(x)	1	:	0.000000	0.000000	0.276154	0.000000	0.000000	0.000000	0.000000	0.010647	0.000000	0.000000	0.000000	0.000000	0.228639	0.484560
32	tsk_32	(x)	1	:	0.000000	0.000000	0.372357	0.000000	0.000000	0.000000	0.000000	0.002229	0.500212	0.000002	0.000000	0.000000	0.125200	0.000000
33	tsk_33	(x)	1	:	0.000000	0.000000	0.404665	0.000000	0.000000	0.000000	0.000000	0.000000	0.000000	0.000000	0.000000	0.000000	0.595335	0.000000
34	tsk_34	(x)	1	:	0.000000	0.000000	0.147552	0.000000	0.000000	0.000000	0.000000	0.010392	0.000000	0.000000	0.000000	0.000000	0.357412	0.484644
35	tsk_35	(x)	1	:	0.000000	0.000000	0.406882	0.000000	0.000000	0.000000	0.000000	0.000454	0.503188	0.000000	0.000000	0.000000	0.089476	0.000000
36	tsk_36	(x)	1	:	0.000000	0.000000	0.538442	0.000000	0.000000	0.000000	0.000000	0.000000	0.000000	0.000000	0.000000	0.000000	0.461557	0.000000
37	tsk_37	(x)	1	:	0.000000	0.000000	0.650786	0.000000	0.000000	0.000000	0.000000	0.000000	0.000000	0.000000	0.000000	0.000000	0.349214	0.000000
38	tsk_38	(x)	1	:	0.000000	0.000000	0.249797	0.000000	0.000000	0.000000	0.000000	0.010005	0.000000	0.000000	0.000000	0.000000	0.255426	0.484772
39	tsk_39	(x)	1	:	0.000000	0.000000	0.000000	0.000000	0.000000	0.000000	0.000000	0.000000	0.000000	0.000000	0.541960	0.000000	0.000000	0.458040
40	tsk_40	(x)	1	:	0.000000	0.000000	0.000000	0.000000	0.000000	1.000000	0.000000	0.000000	0.000000	0.000000	0.000000	0.000000	0.000000	0.000000
41	tsk_41	(x)	1	:	0.000000	0.000000	0.000000	0.000000	0.000000	0.000000	0.000000	0.000000	0.000000	0.000000	0.000000	1.000000	0.000000	0.000000
42	tsk_42	(x)	1	:	0.000000	0.000000	0.000000	0.000000	0.503996	0.000000	0.000000	0.006194	0.000000	0.489810	0.000000	0.000000	0.000000	0.000000
43	tsk_43	(x)	1	:	0.000000	0.000000	0.372301	0.000000	0.000000	0.000000	0.000000	0.006322	0.000000	0.489788	0.000000	0.000000	0.131589	0.000000
44	tsk_44	(x)	1	:	0.000000	0.000000	0.000000	0.000000	0.000000	0.000000	0.000000	0.000000	0.803148	0.196852	0.000000	0.000000	0.000000	0.000000
45	tsk_45	(x)	1	:	0.000000	0.000000	0.544903	0.000000	0.000000	0.000000	0.000000	0.000000	0.000000	0.000000	0.000000	0.000000	0.455097	0.000000
46	tsk_46	(x)	1	:	0.000000	0.496276	0.000000	0.000000	0.000000	0.000000	0.000000	0.000261	0.000000	0.000000	0.000000	0.503463	0.000000	0.000000
47	tsk_47	(x)	1	:	0.000000	0.000000	0.166625	0.000000	0.000000	0.000000	0.000000	0.000000	0.000000	0.000000	0.000000	0.512017	0.321358	0.000000
48	tsk_48	(x)	1	:	0.000000	0.000000	0.000000	0.000000	0.000000	0.000000	0.000000	0.000400	0.000000	0.488715	0.000000	0.510885	0.000000	0.000000
49	tsk_49	(x)	1	:	0.000000	0.000000	0.262037	0.000000	0.000000	0.000000	0.000000	0.000144	0.000000	0.515158	0.000000	0.000000	0.222661	0.000000
50	tsk_50	(x)	1	:	0.000000	0.000000	0.000000	0.000000	0.000000	0.000000	0.000000	0.000000	0.000000	0.000000	0.000000	0.000000	0.000000	1.000000
51	tsk_51	(x)	1	:	0.000000	0.000000	0.000000	0.000000	0.000000	0.000000	0.000000	0.000000	0.000000	0.000000	0.000000	0.000000	0.000000	1.000000
52	tsk_52	(x)	1	:	0.000000	0.000000	0.000000	0.000000	0.505477	0.000000	0.000000	0.009629	0.000000	0.000000	0.000000	0.000000	0.000000	0.484894
53	tsk_53	(x)	1	:	0.000000	0.000000	0.000000	0.000000	0.467078	0.000000	0.000000	0.000007	0.000000	0.000000	0.000000	0.000000	0.000000	0.532914
54	tsk_54	(x)	1	:	0.000000	0.000000	0.373485	0.000000	0.499465	0.000000	0.000000	0.001069	0.000000	0.000000	0.000000	0.000000	0.125980	0.000000
55	tsk_55	(x)	1	:	0.000000	0.000000	0.000000	0.000000	0.000000	0.000000	0.000000	0.000000	0.000000	0.000000	0.000000	0.000000	0.000000	1.000000
56	tsk_56	(x)	1	:	0.000000	0.000000	0.122039	0.000000	0.000000	0.000000	0.000000	0.011160	0.000000	0.000000	0.000000	0.000000	0.382410	0.484391
57	tsk_57	(x)	1	:	0.000000	0.000000	0.000000	0.000000	0.000000	0.000000	0.000000	0.000000	0.000000	0.000000	0.000000	0.000000	0.000000	1.000000
58	tsk_58	(x)	1	:	0.000000	0.000000	0.000000	0.000000	0.000000	0.000000	0.000000	0.000000	0.000000	0.000000	0.000000	0.000000	0.000000	1.000000
59	tsk_59	(x)	1	:	0.000000	0.499285	0.000000	0.000000	0.497841	0.000000	0.000000	0.002874	0.000000	0.000000	0.000000	0.000000	0.000000	0.000000
60	tsk_60	(x)	1	:	0.000000	0.000000	0.000000	0.000000	0.000000	0.000000	0.000000	0.000000	0.000000	0.520873	0.000000	0.000000	0.000000	0.479127
61	tsk_61	(x)	1	:	0.000000	0.520226	0.000000	0.000000	0.000000	0.000000	0.000000	0.000000	0.479774	0.000000	0.000000	0.000000	0.000000	0.000000
62	tsk_62	(x)	1	:	0.000000	0.000000	0.000000	0.000000	0.000000	0.501514	0.000000	0.000000	0.000000	0.000000	0.000000	0.000000	0.000000	0.498486
63	tsk_63	(x)	1	:	0.000000	1.000000	0.000000	0.000000	0.000000	0.000000	0.000000	0.000000	0.000000	0.000000	0.000000	0.000000	0.000000	0.000000
64	tsk_64	(x)	1	:	0.000000	0.520225	0.000000	0.000000	0.000000	0.000000	0.000000	0.000000	0.479775	0.000000	0.000000	0.000000	0.000000	0.000000
65	tsk_65	(x)	1	:	0.000000	0.000000	0.000000	0.000000	0.000000	0.000000	0.000000	0.000000	0.000000	0.000000	0.000000	0.000000	0.000000	1.000000
66	tsk_66	(x)	1	:	0.000000	0.000000	0.000000	0.000000	0.000000	0.501514	0.000000	0.000000	0.000000	0.000000	0.000000	0.000000	0.000000	0.498486
67	tsk_67	(x)	1	:	0.000000	0.000000	0.000000	0.000000	0.000000	0.000000	0.000000	0.000000	0.000000	0.000000	0.000000	0.000000	0.000000	1.000000
68	tsk_68	(x)	1	:	0.000000	0.486915	0.000000	0.000000	0.000000	0.000000	0.000000	0.000000	0.000000	0.513085	0.000000	0.000000	0.000000	0.000000
69	tsk_69	(x)	1	:	0.000000	0.463079	0.000000	0.000000	0.000000	0.536921	0.000000	0.000000	0.000000	0.000000	0.000000	0.000000	0.000000	0.000000
70	tsk_70	(x)	1	:	0.000000	0.000000	0.000000	0.000000	0.000000	0.000000	0.000000	0.000000	0.000000	0.496793	0.000000	0.000000	0.000000	0.503207
71	tsk_71	(x)	1	:	0.000000	0.000000	0.000001	0.000000	0.000000	0.000000	0.000000	0.625314	0.000000	0.000000	0.000000	0.374685	0.000000	0.000000
72	tsk_72	(x)	1	:	0.000000	0.000000	0.000000	0.000000	0.000000	0.000000	0.000000	0.000000	0.803110	0.196890	0.000000	0.000000	0.000000	0.000000
73	tsk_73	(x)	1	:	0.000000	0.000000	0.000000	0.000000	0.000000	0.000000	0.000000	0.000000	0.000000	0.000000	0.000000	1.000000	0.000000	0.000000
74	tsk_74	(x)	1	:	0.000000	0.000000	0.000000	0.000000	0.000000	0.000000	0.000000	0.000000	1.000000	0.000000	0.000000	0.000000	0.000000	0.000000
75	tsk_75	(x)	1	:	0.000000	0.000000	0.000000	0.000000	0.000000	0.000000	0.000000	0.000000	0.508933	0.000000	0.000000	0.000000	0.000000	0.491067
76	tsk_76	(x)	1	:	0.000000	0.000000	0.000000	0.000000	0.495915	0.000000	0.000000	0.000978	0.503106	0.000000	0.000000	0.000000	0.000000	0.000000
77	tsk_77	(x)	1	:	0.000000	0.499376	0.000000	0.000000	0.498118	0.000000	0.000000	0.002506	0.000000	0.000000	0.000000	0.000000	0.000000	0.000000
78	tsk_78	(x)	1	:	0.000000	0.000000	0.000000	0.000000	0.000000	0.000000	0.000000	0.003388	0.000000	0.489609	0.000000	0.507003	0.000000	0.000000
79	tsk_79	(x)	1	:	0.000000	0.000000	0.000000	0.000000	0.000000	0.000000	0.000000	0.489726	0.000000	0.000000	0.000000	0.510274	0.000000	0.000000
80	tsk_80	(x)	1	:	0.000000	1.000000	0.000000	0.000000	0.000000	0.000000	0.000000	0.000000	0.000000	0.000000	0.000000	0.000000	0.000000	0.000000
81	tsk_81	(x)	1	:	0.000020	0.502440	0.000000	0.000000	0.000000	0.000000	0.000000	0.497540	0.000000	0.000000	0.000000	0.000000	0.000000	0.000000
82	tsk_82	(x)	1	:	0.000000	1.000000	0.000000	0.000000	0.000000	0.000000	0.000000	0.000000	0.000000	0.000000	0.000000	0.000000	0.000000	0.000000
83	tsk_83	(x)	1	:	0.000000	1.000000	0.000000	0.000000	0.000000	0.000000	0.000000	0.000000	0.000000	0.000000	0.000000	0.000000	0.000000	0.000000
84	tsk_84	(x)	1	:	0.000028	0.502437	0.000000	0.000000	0.000000	0.000000	0.000000	0.497535	0.000000	0.000000	0.000000	0.000000	0.000000	0.000000
85	tsk_85	(x)	1	:	0.000000	1.000000	0.000000	0.000000	0.000000	0.000000	0.000000	0.000000	0.000000	0.000000	0.000000	0.000000	0.000000	0.000000
86	tsk_86	(x)	1	:	0.000000	0.000000	0.000000	0.000000	0.000000	0.000000	0.000000	0.449263	0.000000	0.000000	0.000000	0.000000	0.000000	0.550737
87	tsk_87	(x)	1	:	0.000000	0.474845	0.000000	0.000000	0.000000	0.000000	0.000000	0.000000	0.000000	0.000000	0.000000	0.000000	0.000000	0.525154
88	tsk_88	(x)	1	:	0.000000	0.499347	0.000000	0.000000	0.498029	0.000000	0.000000	0.002625	0.000000	0.000000	0.000000	0.000000	0.000000	0.000000
89	tsk_89	(x)	1	:	0.000000	0.000000	0.000000	0.000000	0.505642	0.000000	0.000000	0.009381	0.000000	0.000000	0.000000	0.000000	0.000000	0.484976
90	tsk_90	(x)	1	:	0.000000	0.000000	0.153246	0.451905	0.000000	0.000000	0.000000	0.000000	0.000000	0.000000	0.000000	0.000000	0.394850	0.000000
91	tsk_91	(x)	1	:	0.000000	0.000000	0.000000	0.000000	0.504547	0.000000	0.000000	0.005534	0.000000	0.489919	0.000000	0.000000	0.000000	0.000000
92	tsk_92	(x)	1	:	0.473637	0.000000	0.000000	0.000000	0.506901	0.000000	0.000000	0.019462	0.000000	0.000000	0.000000	0.000000	0.000000	0.000000
93	tsk_93	(x)	1	:	0.000000	0.000000	0.327600	0.000000	0.000000	0.000000	0.000000	0.008964	0.000000	0.000000	0.000000	0.000000	0.178320	0.485116
94	tsk_94	(x)	1	:	0.001822	0.504078	0.000000	0.000000	0.000000	0.000000	0.000000	0.000000	0.058291	0.435809	0.000000	0.000000	0.000000	0.000000
95	tsk_95	(x)	1	:	0.000000	0.000000	0.000000	0.000000	0.505517	0.000000	0.000000	0.009569	0.000000	0.000000	0.000000	0.000000	0.000000	0.484914
96	tsk_96	(x)	1	:	0.473090	0.000000	0.000000	0.000000	0.506058	0.000000	0.000000	0.020851	0.000000	0.000000	0.000000	0.000000	0.000000	0.000000
97	tsk_97	(x)	1	:	0.000000	0.000000	0.276005	0.000000	0.498977	0.000000	0.000000	0.002047	0.000000	0.000000	0.000000	0.000000	0.222971	0.000000
98	tsk_98	(x)	1	:	0.000000	0.000000	0.000000	0.000000	1.000000	0.000000	0.000000	0.000000	0.000000	0.000000	0.000000	0.000000	0.000000	0.000000
99	tsk_99	(x)	1	:	0.000000	0.000000	0.000000	0.000000	0.507322	0.000000	0.000000	0.492678	0.000000	0.000000	0.000000	0.000000	0.000000	0.000000
100	tsk_100	(x)	1	:	0.000000	0.000000	0.000000	0.000000	0.402836	0.000000	0.000000	0.597164	0.000000	0.000000	0.000000	0.000000	0.000000	0.000000
101	tsk_101	(x)	1	:	0.000128	0.508887	0.000000	0.000000	0.000000	0.000000	0.000000	0.000000	0.000000	0.000000	0.000000	0.000000	0.000000	0.490986
102	tsk_102	(x)	1	:	0.000000	0.499493	0.000000	0.000000	0.498474	0.000000	0.000000	0.002033	0.000000	0.000000	0.000000	0.000000	0.000000	0.000000
103	tsk_103	(x)	1	:	0.000000	1.000000	0.000000	0.000000	0.000000	0.000000	0.000000	0.000000	0.000000	0.000000	0.000000	0.000000	0.000000	0.000000
104	tsk_104	(x)	1	:	0.000000	0.000000	0.000000	0.000000	0.502399	0.000000	0.000000	0.002244	0.000000	0.000000	0.494837	0.000000	0.000000	0.000520
105	tsk_105	(x)	1	:	0.000000	0.499340	0.000000	0.000000	0.498009	0.000000	0.000000	0.002651	0.000000	0.000000	0.000000	0.000000	0.000000	0.000000
106	tsk_106	(x)	1	:	0.000009	0.503152	0.000000	0.000000	0.000000	0.000000	0.000000	0.000000	0.000000	0.000000	0.496367	0.000000	0.000000	0.000472
107	tsk_107	(x)	1	:	0.000000	1.000000	0.000000	0.000000	0.000000	0.000000	0.000000	0.000000	0.000000	0.000000	0.000000	0.000000	0.000000	0.000000
108	tsk_108	(x)	1	:	0.000020	0.502440	0.000000	0.000000	0.000000	0.000000	0.000000	0.497539	0.000000	0.000000	0.000000	0.000000	0.000000	0.000000
109	tsk_109	(x)	1	:	0.000023	0.502440	0.000000	0.000000	0.000000	0.000000	0.000000	0.497537	0.000000	0.000000	0.000000	0.000000	0.000000	0.000000
110	tsk_110	(x)	1	:	0.000000	0.498746	0.000000	0.000000	0.000000	0.000000	0.501254	0.000000	0.000000	0.000000	0.000000	0.000000	0.000000	0.000000
111	tsk_111	(x)	1	:	0.000000	0.499316	0.000000	0.000000	0.497935	0.000000	0.000000	0.002749	0.000000	0.000000	0.000000	0.000000	0.000000	0.000000
112	tsk_112	(x)	1	:	0.000000	0.000000	0.000000	0.000000	0.000000	0.000000	0.524020	0.475980	0.000000	0.000000	0.000000	0.000000	0.000000	0.000000
113	tsk_113	(x)	1	:	0.473921	0.000000	0.000000	0.000000	0.000000	0.000000	0.000000	0.526079	0.000000	0.000000	0.000000	0.000000	0.000000	0.000000
114	tsk_114	(x)	1	:	0.000000	0.000000	0.000000	0.000000	0.000000	0.000000	0.000000	0.000000	0.505085	0.000000	0.494479	0.000000	0.000000	0.000436
115	tsk_115	(x)	1	:	0.469129	0.530871	0.000000	0.000000	0.000000	0.000000	0.000000	0.000000	0.000000	0.000000	0.000000	0.000000	0.000000	0.000000
116	tsk_116	(x)	1	:	0.000000	0.000000	0.000000	0.000000	0.000000	0.000000	0.506106	0.000000	0.000000	0.000000	0.493894	0.000000	0.000000	0.000000
117	tsk_117	(x)	1	:	0.472937	0.000000	0.000000	0.000000	0.505821	0.000000	0.000000	0.021242	0.000000	0.000000	0.000000	0.000000	0.000000	0.000000
118	tsk_118	(x)	1	:	0.000000	0.000000	0.000000	0.000000	0.497167	0.000000	0.502833	0.000000	0.000000	0.000000	0.000000	0.000000	0.000000	0.000000
119	tsk_119	(x)	1	:	0.000000	0.000000	0.000000	0.000000	0.495650	0.000000	0.000000	0.001293	0.503057	0.000000	0.000000	0.000000	0.000000	0.000000
120	tsk_120	(x)	1	:	0.000000	0.000000	0.232688	0.000000	0.000000	0.000000	0.000000	0.492678	0.000000	0.000000	0.000000	0.000000	0.274633	0.000000
121	tsk_121	(x)	1	:	0.557878	0.442122	0.000000	0.000000	0.000000	0.000000	0.000000	0.000000	0.000000	0.000000	0.000000	0.000000	0.000000	0.000000
122	tsk_122	(x)	1	:	0.000000	1.000000	0.000000	0.000000	0.000000	0.000000	0.000000	0.000000	0.000000	0.000000	0.000000	0.000000	0.000000	0.000000
123	tsk_123	(x)	1	:	1.000000	0.000000	0.000000	0.000000	0.000000	0.000000	0.000000	0.000000	0.000000	0.000000	0.000000	0.000000	0.000000	0.000000
124	tsk_124	(x)	1	:	0.000000	0.000000	0.000000	0.000000	0.000000	0.000000	0.000000	0.000000	0.000000	0.520872	0.000000	0.000000	0.000000	0.479128
125	tsk_125	(x)	1	:	0.000000	0.000000	0.228742	0.000000	0.000000	0.000000	0.000000	0.005579	0.000000	0.000000	0.000000	0.000000	0.279443	0.486236
126	tsk_126	(x)	1	:	0.000000	0.000000	0.215477	0.000000	0.499280	0.000000	0.000000	0.001440	0.000000	0.000000	0.000000	0.000000	0.283802	0.000000
127	tsk_127	(x)	1	:	0.527100	0.000000	0.000000	0.000000	0.000000	0.000000	0.000000	0.000000	0.000000	0.472900	0.000000	0.000000	0.000000	0.000000
128	tsk_128	(x)	1	:	0.000000	0.000000	0.000000	0.000000	0.000000	0.000000	0.000000	0.000000	0.000002	0.999998	0.000000	0.000000	0.000000	0.000000
129	tsk_129	(x)	1	:	0.000000	0.000000	0.335978	0.000000	0.000000	0.000000	0.000000	0.005067	0.000000	0.489994	0.000000	0.000000	0.168961	0.000000
130	tsk_130	(x)	1	:	0.000000	0.000000	0.000000	0.000000	0.501565	0.000000	0.000000	0.003425	0.000000	0.000000	0.494578	0.000000	0.000000	0.000432
131	tsk_131	(x)	1	:	0.000002	0.499462	0.216672	0.000000	0.000000	0.000000	0.000000	0.002165	0.000000	0.000000	0.000000	0.000000	0.281698	0.000000
132	tsk_132	(x)	1	:	0.501481	0.000000	0.000000	0.000000	0.000000	0.000000	0.000000	0.000000	0.000000	0.498519	0.000000	0.000000	0.000000	0.000000
133	tsk_133	(x)	1	:	0.000128	0.508887	0.000000	0.000000	0.000000	0.000000	0.000000	0.000000	0.000000	0.000000	0.000000	0.000000	0.000000	0.490985
134	tsk_134	(x)	1	:	0.469129	0.530871	0.000000	0.000000	0.000000	0.000000	0.000000	0.000000	0.000000	0.000000	0.000000	0.000000	0.000000	0.000000
135	tsk_135	(x)	1	:	0.000000	0.000000	0.000000	0.000000	0.000000	0.000000	0.000000	0.000000	0.999198	0.000802	0.000000	0.000000	0.000000	0.000000
136	tsk_136	(x)	1	:	0.001413	0.504514	0.000000	0.000000	0.000000	0.000000	0.000000	0.000000	0.055289	0.438783	0.000000	0.000000	0.000000	0.000000
137	tsk_137	(x)	1	:	0.495642	0.000000	0.000000	0.000000	0.000000	0.000000	0.000000	0.000000	0.000000	0.000000	0.000000	0.000000	0.000000	0.504358
138	tsk_138	(x)	1	:	0.495642	0.000000	0.000000	0.000000	0.000000	0.000000	0.000000	0.000000	0.000000	0.000000	0.000000	0.000000	0.000000	0.504358
139	tsk_139	(x)	1	:	0.000000	0.000000	0.000000	0.000000	0.505157	0.000000	0.000000	0.010106	0.000000	0.000000	0.000000	0.000000	0.000000	0.484737
140	tsk_140	(x)	1	:	0.000000	0.000000	0.000000	0.000000	0.504924	0.000000	0.000000	0.005082	0.000000	0.489994	0.000000	0.000000	0.000000	0.000000
141	tsk_141	(x)	1	:	0.000000	0.000000	0.000000	0.000000	0.484642	0.000000	0.000000	0.000210	0.000000	0.515148	0.000000	0.000000	0.000000	0.000000
142	tsk_142	(x)	1	:	0.000000	0.000000	0.000000	0.000000	0.000000	0.000000	0.000000	1.000000	0.000000	0.000000	0.000000	0.000000	0.000000	0.000000
143	tsk_143	(x)	1	:	0.000000	0.000000	0.000000	0.000000	0.507322	0.000000	0.000000	0.492678	0.000000	0.000000	0.000000	0.000000	0.000000	0.000000
144	tsk_144	(x)	1	:	0.000000	0.000000	0.000000	0.000000	0.465813	0.000000	0.000000	0.000007	0.000000	0.534180	0.000000	0.000000	0.000000	0.000000
145	tsk_145	(x)	1	:	0.000000	0.000000	0.000000	0.000000	0.484618	0.000000	0.000000	0.000238	0.000000	0.515143	0.000000	0.000000	0.000000	0.000000
146	tsk_146	(x)	1	:	0.000000	0.000000	0.000000	0.000000	0.504564	0.000000	0.000000	0.005513	0.000000	0.489923	0.000000	0.000000	0.000000	0.000000
147	tsk_147	(x)	1	:	0.000000	0.000000	0.204967	0.000000	0.000000	0.000000	0.000000	0.492678	0.000000	0.000000	0.000000	0.000000	0.302355	0.000000
148	tsk_148	(x)	1	:	0.000000	0.000000	0.000000	0.000000	0.503790	0.000000	0.000000	0.006439	0.000000	0.489770	0.000000	0.000000	0.000000	0.000000
149	tsk_149	(x)	1	:	0.000000	0.000000	0.000000	0.000000	0.484608	0.000000	0.000000	0.000251	0.000000	0.515141	0.000000	0.000000	0.000000	0.000000
