logL = -756.431224 (converged)
AIC = 2604.862447
BIC = 4248.669318

count.K
68 30 41 11 

