logL = -431.995370 (converged)
AIC = 3267.990740
BIC = 6886.774364

count.K
0 3 52 4 58 6 3 24 

