logL = -831.902220 (converged)
AIC = 4211.804439
BIC = 8047.353804

count.K
10 24 1 5 41 67 2 0 

