logL = -1399.316803 (converged)
AIC = 7646.633606
BIC = 14944.413559

count.K
11 12 14 14 3 29 1 24 20 3 1 4 14 

