logL = -436.953356 (converged)
AIC = 4093.906712
BIC = 8941.029536

count.K
6 37 46 3 8 9 5 15 5 16 

