logL = -1531.897898 (converged)
AIC = 5091.795795
BIC = 8144.579983

count.K
26 23 21 32 24 24 

