logL = -3647.219338 (converged)
AIC = 13624.438676
BIC = 23153.099381

count.K
5 5 18 41 1 5 9 14 2 4 33 1 8 4 0 

