logL = -1396.093060 (converged)
AIC = 3948.186120
BIC = 5688.333320

count.K
15 68 36 31 

