logL = -1298.094791 (converged)
AIC = 4552.189582
BIC = 7496.590900

count.K
33 23 20 17 14 43 

