logL = -2318.899942 (converged)
AIC = 7489.799883
BIC = 11782.965813

count.K
13 23 4 7 17 39 0 47 

