logL = -916.909231 (converged)
AIC = 6499.818462
BIC = 13523.630603

count.K
1 21 31 11 3 5 9 23 9 25 4 0 8 

