logL = -1014.495321 (converged)
AIC = 5408.990643
BIC = 10496.964290

count.K
8 45 7 14 14 28 16 8 4 6 

