logL = -2527.456748 (converged)
AIC = 7954.913496
BIC = 12320.334673

count.K
7 24 15 28 4 17 24 31 

