logL = -889.676637 (converged)
AIC = 2547.353273
BIC = 3703.437226

count.K
53 49 48 

