logL = -1418.379649 (converged)
AIC = 6870.759298
BIC = 12943.210686

count.K
1 5 17 14 3 14 6 2 6 13 69 

