logL = -4631.793072 (converged)
AIC = 9847.586144
BIC = 10726.691650

count.K
92 58 

