logL = -1645.213199 (converged)
AIC = 4970.426399
BIC = 7499.360046

count.K
48 32 27 23 20 

