logL = -922.384607 (converged)
AIC = 5636.769213
BIC = 11344.933731

count.K
3 26 21 14 9 13 10 2 2 36 14 

