logL = -1197.447605 (converged)
AIC = 3678.895211
BIC = 5611.723069

count.K
79 27 18 26 

