logL = -1639.045922 (converged)
AIC = 5954.091845
BIC = 9982.321868

count.K
19 7 93 7 6 7 8 3 

