logL = -748.662077 (converged)
AIC = 6321.324154
BIC = 13582.976483

count.K
8 17 2 0 2 17 21 1 21 7 3 1 26 24 

