logL = -1493.024321 (converged)
AIC = 5444.048641
BIC = 9144.119418

count.K
10 11 1 13 60 42 13 

