logL = -1784.730991 (converged)
AIC = 6111.461983
BIC = 9937.979442

count.K
43 3 8 29 30 29 8 

