logL = -3699.216258 (converged)
AIC = 12844.432516
BIC = 21042.392422

count.K
1 5 32 10 38 7 12 12 9 4 0 18 2 

