logL = -1036.426597 (converged)
AIC = 5102.853193
BIC = 9663.965664

count.K
19 69 2 6 4 23 10 8 9 

