logL = -1266.982152 (converged)
AIC = 7177.964303
BIC = 14168.659456

count.K
2 12 19 6 4 52 8 4 8 26 2 7 

