logL = -1238.421537 (converged)
AIC = 7220.843075
BIC = 14362.069993

count.K
2 0 11 23 5 62 5 13 3 7 16 1 2 

