logL = -1696.454575 (converged)
AIC = 5372.909149
BIC = 8353.438090

count.K
81 7 19 34 4 5 

