logL = -2468.983495 (converged)
AIC = 9677.966990
BIC = 16813.172637

count.K
1 7 11 27 17 16 15 5 17 14 15 5 

