logL = -496.040475 (converged)
AIC = 5822.080951
BIC = 13092.765186

count.K
0 2 13 11 1 44 4 6 27 7 6 14 0 1 14 

