logL = -1725.998360 (converged)
AIC = 9331.996721
BIC = 18183.264485

count.K
5 1 3 29 3 18 13 4 23 17 16 4 1 7 6 

