logL = -583.033859 (converged)
AIC = 1880.067719
BIC = 2954.864519

count.K
45 23 82 

