logL = -768.676321 (converged)
AIC = 6445.352642
BIC = 13833.451653

count.K
13 3 4 12 28 2 1 10 39 23 4 4 2 5 

