logL = -829.674375 (converged)
AIC = 7059.348750
BIC = 15188.064044

count.K
43 23 11 2 1 2 15 8 25 5 0 3 10 2 0 

