logL = -667.832608 (converged)
AIC = 5819.665217
BIC = 12569.509546

count.K
3 4 7 1 2 13 30 41 30 11 4 2 2 

