logL = -1018.632912 (converged)
AIC = 4761.265824
BIC = 8861.751095

count.K
8 5 50 3 33 23 1 27 

