logL = -3851.434869 (converged)
AIC = 8214.869737
BIC = 8985.592372

count.K
105 45 

