logL = -1139.098522 (converged)
AIC = 4610.197044
BIC = 8120.597797

count.K
14 9 32 28 10 25 32 

