logL = -2656.253853 (converged)
AIC = 8792.507706
BIC = 14031.013118

count.K
17 6 31 11 24 11 12 33 5 

