logL = -1128.200770 (converged)
AIC = 7360.401539
BIC = 15043.542810

count.K
10 6 25 3 1 10 6 6 2 18 9 18 22 14 

