logL = -1167.556869 (converged)
AIC = 5043.113739
BIC = 9119.513927

count.K
9 25 17 33 23 5 27 11 

