logL = -1391.666173 (converged)
AIC = 7103.332345
BIC = 13606.304580

count.K
1 7 6 34 21 2 3 35 2 35 4 

