logL = -997.572851 (converged)
AIC = 3119.145702
BIC = 4811.122738

count.K
46 33 27 44 

