logL = -1261.830521 (converged)
AIC = 3703.661042
BIC = 5479.935865

count.K
33 47 7 63 

