logL = -899.374770 (converged)
AIC = 3338.749540
BIC = 5656.938717

count.K
9 47 41 33 20 

