logL = -746.345013 (converged)
AIC = 4792.690026
BIC = 9760.238261

count.K
0 44 6 23 11 35 19 5 5 2 

