logL = -1574.401529 (converged)
AIC = 5592.803058
BIC = 9271.799387

count.K
6 44 20 19 8 42 11 

