logL = -1480.225783 (converged)
AIC = 5620.451567
BIC = 9624.596508

count.K
42 5 16 17 8 24 6 32 

