0	tsk_0	(x)	1	:	0.000000	0.000000	0.000000	0.000000	0.575546	0.424453	0.000000	0.000000	0.000000	0.000000	0.000000	0.000000	0.000000	0.000000
1	tsk_1	(x)	1	:	0.000000	0.000000	0.501330	0.000000	0.000000	0.000000	0.000000	0.000000	0.000000	0.498670	0.000000	0.000000	0.000000	0.000000
2	tsk_2	(x)	1	:	0.000000	0.000000	0.000000	0.000000	0.000000	0.500000	0.000000	0.000000	0.000000	0.000000	0.000000	0.000000	0.000000	0.500000
3	tsk_3	(x)	1	:	0.000000	0.000000	0.000000	0.000000	0.419880	0.000000	0.037022	0.000000	0.000000	0.510682	0.000000	0.000001	0.000000	0.032415
4	tsk_4	(x)	1	:	0.000000	0.500000	0.000000	0.000000	0.000000	0.500000	0.000000	0.000000	0.000000	0.000000	0.000000	0.000000	0.000000	0.000000
5	tsk_5	(x)	1	:	0.000000	0.000000	0.000000	0.000000	0.575546	0.424453	0.000000	0.000000	0.000000	0.000000	0.000000	0.000000	0.000000	0.000000
6	tsk_6	(x)	1	:	0.000000	0.500000	0.000000	0.000000	0.000000	0.500000	0.000000	0.000000	0.000000	0.000000	0.000000	0.000000	0.000000	0.000000
7	tsk_7	(x)	1	:	0.000000	0.500000	0.000000	0.000000	0.000000	0.000000	0.000000	0.000000	0.000000	0.000000	0.000000	0.000000	0.000000	0.500000
8	tsk_8	(x)	1	:	0.000000	0.000000	0.000000	0.000000	0.000000	0.000000	0.000000	0.000000	0.000000	0.497226	0.000000	0.000000	0.000000	0.502774
9	tsk_9	(x)	1	:	0.000000	0.500000	0.000000	0.000000	0.000000	0.000000	0.000000	0.000000	0.000000	0.000000	0.155201	0.000000	0.344798	0.000000
10	tsk_10	(x)	1	:	0.000000	0.000000	0.000000	0.000000	0.000000	1.000000	0.000000	0.000000	0.000000	0.000000	0.000000	0.000000	0.000000	0.000000
11	tsk_11	(x)	1	:	0.000000	0.000000	0.491713	0.000000	0.508286	0.000000	0.000000	0.000000	0.000000	0.000000	0.000000	0.000000	0.000000	0.000000
12	tsk_12	(x)	1	:	0.000000	0.000000	0.000000	0.000000	0.000000	0.499689	0.000000	0.000000	0.483611	0.000000	0.000000	0.000000	0.000000	0.016700
13	tsk_13	(x)	1	:	0.000000	0.000000	0.000000	0.000000	0.000000	0.502642	0.000000	0.000000	0.000000	0.497358	0.000000	0.000000	0.000000	0.000000
14	tsk_14	(x)	1	:	0.000000	0.000000	0.496865	0.000000	0.000000	0.000000	0.000000	0.000000	0.000000	0.000000	0.000000	0.000000	0.000000	0.503135
15	tsk_15	(x)	1	:	0.000000	0.000000	0.521339	0.000000	0.000000	0.000000	0.478661	0.000000	0.000000	0.000000	0.000000	0.000000	0.000000	0.000000
16	tsk_16	(x)	1	:	0.000000	0.000000	1.000000	0.000000	0.000000	0.000000	0.000000	0.000000	0.000000	0.000000	0.000000	0.000000	0.000000	0.000000
17	tsk_17	(x)	1	:	0.000000	0.000000	1.000000	0.000000	0.000000	0.000000	0.000000	0.000000	0.000000	0.000000	0.000000	0.000000	0.000000	0.000000
18	tsk_18	(x)	1	:	0.000000	0.000000	0.517001	0.000000	0.000000	0.000000	0.000000	0.000000	0.000000	0.000000	0.000000	0.000000	0.000000	0.482999
19	tsk_19	(x)	1	:	0.000000	0.000000	0.000000	0.000000	0.550792	0.000000	0.000000	0.000000	0.000000	0.000000	0.000000	0.000000	0.000000	0.449208
20	tsk_20	(x)	1	:	0.000000	0.000000	0.497049	0.000000	0.000000	0.502916	0.000000	0.000035	0.000000	0.000000	0.000000	0.000000	0.000000	0.000000
21	tsk_21	(x)	1	:	0.000000	0.000000	0.000000	0.000000	0.000000	0.000000	0.479739	0.000000	0.000000	0.000000	0.294471	0.000000	0.225790	0.000000
22	tsk_22	(x)	1	:	0.000000	0.000000	0.000000	0.000000	0.000000	0.000000	0.000000	0.000000	0.000000	1.000000	0.000000	0.000000	0.000000	0.000000
23	tsk_23	(x)	1	:	0.000000	0.000000	0.000000	0.000000	0.000000	0.000000	0.479739	0.000000	0.000000	0.000000	0.179984	0.000000	0.340277	0.000000
24	tsk_24	(x)	1	:	0.000000	0.000000	0.000000	0.000000	0.000000	0.500000	0.000000	0.000000	0.000000	0.000000	0.337239	0.000000	0.162761	0.000000
25	tsk_25	(x)	1	:	0.000000	0.000000	0.000000	0.000000	0.000000	0.000000	0.497876	0.000000	0.000000	0.502124	0.000000	0.000000	0.000000	0.000000
26	tsk_26	(x)	1	:	0.000000	0.000000	0.497049	0.000000	0.000000	0.502916	0.000000	0.000035	0.000000	0.000000	0.000000	0.000000	0.000000	0.000000
27	tsk_27	(x)	1	:	0.000000	0.000000	0.501316	0.000000	0.000000	0.000000	0.000000	0.000000	0.000000	0.498684	0.000000	0.000000	0.000000	0.000000
28	tsk_28	(x)	1	:	0.000000	0.000000	0.497050	0.000000	0.000000	0.502916	0.000000	0.000034	0.000000	0.000000	0.000000	0.000000	0.000000	0.000000
29	tsk_29	(x)	1	:	0.000000	0.000000	0.000000	0.000000	0.000000	0.000000	0.000000	0.000000	0.000000	0.000000	0.420779	0.000000	0.579221	0.000000
30	tsk_30	(x)	1	:	0.000000	0.000000	0.496835	0.000000	0.000000	0.000000	0.000000	0.000024	0.000000	0.000000	0.000000	0.000000	0.000000	0.503140
31	tsk_31	(x)	1	:	0.000000	0.000000	0.000000	0.000000	0.000000	0.000000	0.000000	0.000000	1.000000	0.000000	0.000000	0.000000	0.000000	0.000000
32	tsk_32	(x)	1	:	0.000000	0.000000	0.496820	0.000000	0.000000	0.000000	0.000000	0.000039	0.000000	0.000000	0.000000	0.000000	0.000000	0.503141
33	tsk_33	(x)	1	:	0.000000	0.000000	0.496813	0.000000	0.000000	0.000000	0.000000	0.000039	0.484032	0.000000	0.000000	0.000000	0.000000	0.019116
34	tsk_34	(x)	1	:	0.000000	0.000000	0.000000	0.000000	0.000000	0.000000	0.000000	0.000000	0.484079	0.000000	0.000000	0.000000	0.000000	0.515921
35	tsk_35	(x)	1	:	0.000000	0.000000	0.000000	0.000000	0.000000	0.000000	0.000000	0.000000	0.000000	0.000000	0.000000	0.000000	0.000000	1.000000
36	tsk_36	(x)	1	:	0.000000	0.000000	0.000000	0.000000	0.000000	0.000000	0.000000	0.000000	0.000000	0.000000	0.402692	0.000000	0.097308	0.500000
37	tsk_37	(x)	1	:	0.000000	0.000000	0.000000	0.000000	0.000000	0.000000	0.000000	0.000000	0.000000	0.000000	0.000000	0.000000	0.000000	1.000000
38	tsk_38	(x)	1	:	0.000000	0.000000	0.999999	0.000000	0.000000	0.000000	0.000000	0.000000	0.000000	0.000000	0.000000	0.000000	0.000000	0.000000
39	tsk_39	(x)	1	:	0.000000	0.000000	0.000000	0.000000	0.000000	0.000000	0.000000	0.000000	0.484079	0.000000	0.000000	0.000000	0.000000	0.515921
40	tsk_40	(x)	1	:	0.000000	0.000000	0.497043	0.000000	0.000000	0.502916	0.000000	0.000041	0.000000	0.000000	0.000000	0.000000	0.000000	0.000000
41	tsk_41	(x)	1	:	0.000000	0.000000	1.000000	0.000000	0.000000	0.000000	0.000000	0.000000	0.000000	0.000000	0.000000	0.000000	0.000000	0.000000
42	tsk_42	(x)	1	:	0.000000	0.000000	0.497069	0.000000	0.000000	0.000000	0.000000	0.000015	0.000000	0.000000	0.169040	0.000000	0.333876	0.000000
43	tsk_43	(x)	1	:	0.000000	0.000000	0.497039	0.000000	0.000000	0.000000	0.000000	0.000045	0.000000	0.000000	0.251235	0.000000	0.251681	0.000000
44	tsk_44	(x)	1	:	0.000000	0.000000	0.000000	0.000000	0.000000	0.500000	0.000000	0.000000	0.000000	0.000000	0.308078	0.000000	0.191922	0.000000
45	tsk_45	(x)	1	:	0.000000	0.000000	0.497053	0.000000	0.000000	0.000000	0.000000	0.000032	0.000000	0.000000	0.178192	0.000000	0.324724	0.000000
46	tsk_46	(x)	1	:	0.000000	0.000000	0.497040	0.000000	0.000000	0.000000	0.000000	0.000043	0.000000	0.000000	0.214185	0.000000	0.288731	0.000000
47	tsk_47	(x)	1	:	0.000000	0.000000	0.000000	0.000000	0.000000	0.520261	0.479739	0.000000	0.000000	0.000000	0.000000	0.000000	0.000000	0.000000
48	tsk_48	(x)	1	:	0.000000	0.000000	0.478656	0.000000	0.000000	0.000000	0.000000	0.000000	0.000000	0.521344	0.000000	0.000000	0.000000	0.000000
49	tsk_49	(x)	1	:	0.000000	0.500000	0.000000	0.000000	0.000000	0.500000	0.000000	0.000000	0.000000	0.000000	0.000000	0.000000	0.000000	0.000000
50	tsk_50	(x)	1	:	0.000000	1.000000	0.000000	0.000000	0.000000	0.000000	0.000000	0.000000	0.000000	0.000000	0.000000	0.000000	0.000000	0.000000
51	tsk_51	(x)	1	:	0.000000	0.500000	0.000000	0.000000	0.000000	0.500000	0.000000	0.000000	0.000000	0.000000	0.000000	0.000000	0.000000	0.000000
52	tsk_52	(x)	1	:	0.000000	0.507633	0.000000	0.000000	0.000000	0.000000	0.000000	0.492367	0.000000	0.000000	0.000000	0.000000	0.000000	0.000000
53	tsk_53	(x)	1	:	0.000000	0.499652	0.000000	0.000000	0.000000	0.000000	0.000000	0.000000	0.483555	0.000000	0.000000	0.000000	0.000000	0.016793
54	tsk_54	(x)	1	:	0.000000	0.000000	0.000000	0.000000	0.000000	0.507633	0.000000	0.492367	0.000000	0.000000	0.000000	0.000000	0.000000	0.000000
55	tsk_55	(x)	1	:	0.000000	0.500000	0.000000	0.000000	0.000000	0.500000	0.000000	0.000000	0.000000	0.000000	0.000000	0.000000	0.000000	0.000000
56	tsk_56	(x)	1	:	0.000000	0.000000	0.000000	0.000000	0.000000	1.000000	0.000000	0.000000	0.000000	0.000000	0.000000	0.000000	0.000000	0.000000
57	tsk_57	(x)	1	:	0.000000	0.500000	0.000000	0.000000	0.000000	0.000000	0.000000	0.000000	0.000000	0.000000	0.348622	0.000000	0.151378	0.000000
58	tsk_58	(x)	1	:	0.000000	0.507633	0.000000	0.000000	0.000000	0.000000	0.000000	0.492367	0.000000	0.000000	0.000000	0.000000	0.000000	0.000000
59	tsk_59	(x)	1	:	0.000000	1.000000	0.000000	0.000000	0.000000	0.000000	0.000000	0.000000	0.000000	0.000000	0.000000	0.000000	0.000000	0.000000
60	tsk_60	(x)	1	:	0.000000	0.000000	0.000000	0.000000	0.000000	0.499989	0.000000	0.000164	0.000000	0.000000	0.000000	0.499847	0.000000	0.000000
61	tsk_61	(x)	1	:	0.433270	0.000000	0.491448	0.000000	0.000000	0.075282	0.000000	0.000000	0.000000	0.000000	0.000000	0.000000	0.000000	0.000000
62	tsk_62	(x)	1	:	0.000000	0.000000	0.000000	0.000000	0.535930	0.000000	0.000000	0.000065	0.000000	0.000000	0.000000	0.464005	0.000000	0.000000
63	tsk_63	(x)	1	:	0.000000	0.000000	0.000000	0.000000	0.000000	0.500000	0.000000	0.000000	0.000000	0.000000	0.215661	0.000000	0.284339	0.000000
64	tsk_64	(x)	1	:	0.000000	0.000000	0.000000	0.000000	0.000000	0.000000	0.000000	0.000164	0.000000	0.000000	0.168184	0.499847	0.331805	0.000000
65	tsk_65	(x)	1	:	0.000000	0.000000	0.000000	0.000000	0.544880	0.000000	0.000000	0.000000	0.000000	0.000000	0.249610	0.000000	0.205510	0.000000
66	tsk_66	(x)	1	:	0.000000	0.000000	0.000000	0.000000	0.000000	0.000000	0.000000	0.000164	0.000000	0.000000	0.222997	0.499847	0.276992	0.000000
67	tsk_67	(x)	1	:	0.000000	0.000000	0.000000	0.000000	0.000000	0.500000	0.000000	0.000000	0.000000	0.000000	0.299458	0.000000	0.200542	0.000000
68	tsk_68	(x)	1	:	0.000000	0.000000	0.556191	0.000000	0.000000	0.000000	0.000000	0.443809	0.000000	0.000000	0.000000	0.000000	0.000000	0.000000
69	tsk_69	(x)	1	:	0.000000	0.000000	0.000000	0.000000	0.000000	0.500000	0.000000	0.000000	0.000000	0.000000	0.000000	0.000000	0.000000	0.500000
70	tsk_70	(x)	1	:	0.000000	0.499651	0.000000	0.000000	0.000000	0.000000	0.000000	0.000000	0.483554	0.000000	0.000000	0.000000	0.000000	0.016795
71	tsk_71	(x)	1	:	0.000000	0.179806	0.000000	0.000000	0.000000	0.179806	0.000000	0.000000	0.484079	0.000000	0.000000	0.000000	0.000000	0.156308
72	tsk_72	(x)	1	:	0.000000	0.499999	0.000000	0.500001	0.000000	0.000000	0.000000	0.000000	0.000000	0.000000	0.000000	0.000000	0.000000	0.000000
73	tsk_73	(x)	1	:	0.000000	0.199991	0.000000	0.000000	0.000000	0.199991	0.000000	0.000000	0.000000	0.000000	0.406139	0.000000	0.193851	0.000027
74	tsk_74	(x)	1	:	0.000000	0.000000	0.000000	0.000000	0.000000	0.000000	0.000000	0.000000	1.000000	0.000000	0.000000	0.000000	0.000000	0.000000
75	tsk_75	(x)	1	:	0.000000	0.499706	0.000000	0.000000	0.000000	0.000000	0.000000	0.000000	0.483636	0.000000	0.000000	0.000000	0.000000	0.016658
76	tsk_76	(x)	1	:	0.000000	0.179806	0.000000	0.000000	0.000000	0.179806	0.000000	0.000000	0.484079	0.000000	0.000000	0.000000	0.000000	0.156308
77	tsk_77	(x)	1	:	0.000000	0.502916	0.497068	0.000000	0.000000	0.000000	0.000000	0.000016	0.000000	0.000000	0.000000	0.000000	0.000000	0.000000
78	tsk_78	(x)	1	:	0.000000	0.000000	0.497068	0.000000	0.000000	0.502916	0.000000	0.000016	0.000000	0.000000	0.000000	0.000000	0.000000	0.000000
79	tsk_79	(x)	1	:	0.000000	0.000000	0.000000	0.000000	0.000000	0.500000	0.000000	0.000000	0.000000	0.000000	0.249570	0.000000	0.250430	0.000000
80	tsk_80	(x)	1	:	0.000000	0.000000	0.000000	0.000000	0.405647	0.000000	0.000017	0.000000	0.484083	0.000000	0.000000	0.000000	0.000000	0.110253
81	tsk_81	(x)	1	:	0.000000	0.500000	0.000000	0.000000	0.000000	0.000000	0.000000	0.000000	0.000000	0.000000	0.319483	0.000000	0.180517	0.000000
82	tsk_82	(x)	1	:	0.000000	0.000000	0.000000	0.000000	1.000000	0.000000	0.000000	0.000000	0.000000	0.000000	0.000000	0.000000	0.000000	0.000000
83	tsk_83	(x)	1	:	0.000000	0.000000	0.000000	0.000000	0.000000	0.502642	0.000000	0.000000	0.000000	0.497358	0.000000	0.000000	0.000000	0.000000
84	tsk_84	(x)	1	:	0.000000	0.000000	0.000000	0.000000	0.419897	0.000000	0.036946	0.000000	0.000000	0.510679	0.000000	0.000001	0.000000	0.032477
85	tsk_85	(x)	1	:	0.000000	0.000000	0.000000	0.000000	0.405641	0.000000	0.000027	0.000000	0.000000	0.000000	0.000000	0.000000	0.000000	0.594332
86	tsk_86	(x)	1	:	0.000000	0.000000	0.000000	0.000000	0.000000	0.500000	0.000000	0.000000	0.000000	0.000000	0.214097	0.000000	0.285903	0.000000
87	tsk_87	(x)	1	:	0.000000	0.000000	0.000000	0.000000	0.000000	0.502642	0.000000	0.000000	0.000000	0.497358	0.000000	0.000000	0.000000	0.000000
88	tsk_88	(x)	1	:	0.000000	0.000000	0.000000	0.000000	0.000000	0.502642	0.000000	0.000000	0.000000	0.497358	0.000000	0.000000	0.000000	0.000000
89	tsk_89	(x)	1	:	0.000000	0.000000	0.000000	0.000000	0.419845	0.000000	0.036710	0.514352	0.000000	0.000000	0.000000	0.000001	0.000000	0.029092
90	tsk_90	(x)	1	:	0.000000	1.000000	0.000000	0.000000	0.000000	0.000000	0.000000	0.000000	0.000000	0.000000	0.000000	0.000000	0.000000	0.000000
91	tsk_91	(x)	1	:	0.000000	0.000000	0.497053	0.000000	0.000000	0.502916	0.000000	0.000031	0.000000	0.000000	0.000000	0.000000	0.000000	0.000000
92	tsk_92	(x)	1	:	0.000000	0.000000	0.497027	0.000000	0.000000	0.000000	0.000000	0.000057	0.000000	0.000000	0.260638	0.000000	0.242278	0.000000
93	tsk_93	(x)	1	:	0.000000	0.000000	0.497027	0.000000	0.000000	0.000000	0.000000	0.000057	0.000000	0.000000	0.159614	0.000000	0.343302	0.000000
94	tsk_94	(x)	1	:	0.000000	0.484171	0.515829	0.000000	0.000000	0.000000	0.000000	0.000000	0.000000	0.000000	0.000000	0.000000	0.000000	0.000000
95	tsk_95	(x)	1	:	0.000000	0.500000	0.000000	0.000000	0.000000	0.000000	0.000000	0.000000	0.000000	0.000000	0.233835	0.000000	0.266165	0.000000
96	tsk_96	(x)	1	:	0.000000	0.500000	0.000000	0.000000	0.000000	0.000000	0.000000	0.000000	0.000000	0.000000	0.262389	0.000000	0.237611	0.000000
97	tsk_97	(x)	1	:	0.000000	0.502916	0.497050	0.000000	0.000000	0.000000	0.000000	0.000034	0.000000	0.000000	0.000000	0.000000	0.000000	0.000000
98	tsk_98	(x)	1	:	0.000000	0.500000	0.000000	0.000000	0.000000	0.000000	0.000000	0.000000	0.000000	0.000000	0.272307	0.000000	0.227693	0.000000
99	tsk_99	(x)	1	:	0.000000	0.502916	0.497041	0.000000	0.000000	0.000000	0.000000	0.000043	0.000000	0.000000	0.000000	0.000000	0.000000	0.000000
100	tsk_100	(x)	1	:	0.000000	0.000000	0.496861	0.000000	0.000000	0.000000	0.000000	0.000000	0.000000	0.000000	0.000000	0.000000	0.000000	0.503139
101	tsk_101	(x)	1	:	0.000000	0.000000	0.497045	0.000000	0.000000	0.000000	0.000000	0.000039	0.000000	0.000000	0.133050	0.000000	0.369865	0.000000
102	tsk_102	(x)	1	:	0.000000	0.000000	0.000000	0.000000	0.000000	0.000000	0.000000	0.000000	0.000000	0.000000	0.361653	0.000000	0.138347	0.500000
103	tsk_103	(x)	1	:	0.000000	0.000000	0.497053	0.000000	0.000000	0.000000	0.000000	0.000031	0.000000	0.000000	0.180803	0.000000	0.322113	0.000000
104	tsk_104	(x)	1	:	0.000000	0.000000	1.000000	0.000000	0.000000	0.000000	0.000000	0.000000	0.000000	0.000000	0.000000	0.000000	0.000000	0.000000
105	tsk_105	(x)	1	:	0.000000	0.000000	0.350172	0.000000	0.000000	0.000000	0.000000	0.649827	0.000000	0.000000	0.000000	0.000000	0.000000	0.000000
106	tsk_106	(x)	1	:	0.000000	0.000000	0.000000	0.000000	0.000000	0.000000	0.000000	0.000000	0.000000	0.000000	0.000000	0.000000	0.000000	1.000000
107	tsk_107	(x)	1	:	0.000000	0.000000	0.350372	0.000000	0.000000	0.000000	0.000000	0.649628	0.000000	0.000000	0.000000	0.000000	0.000000	0.000000
108	tsk_108	(x)	1	:	0.000000	0.000000	0.497043	0.000000	0.000000	0.000000	0.000000	0.000041	0.000000	0.000000	0.184282	0.000000	0.318634	0.000000
109	tsk_109	(x)	1	:	0.000000	0.000000	1.000000	0.000000	0.000000	0.000000	0.000000	0.000000	0.000000	0.000000	0.000000	0.000000	0.000000	0.000000
110	tsk_110	(x)	1	:	0.000000	0.000000	0.000000	0.000000	0.000000	0.499631	0.000000	0.000000	0.483524	0.000000	0.000000	0.000000	0.000000	0.016845
111	tsk_111	(x)	1	:	0.414425	0.000000	0.000000	0.493299	0.000000	0.092276	0.000000	0.000000	0.000000	0.000000	0.000000	0.000000	0.000000	0.000000
112	tsk_112	(x)	1	:	0.000000	0.000000	0.000000	0.547894	0.000000	0.000000	0.000000	0.452105	0.000000	0.000000	0.000000	0.000000	0.000000	0.000000
113	tsk_113	(x)	1	:	0.000000	0.000000	0.000000	0.500671	0.000000	0.000000	0.000000	0.000000	0.488689	0.000000	0.000000	0.000000	0.000000	0.010639
114	tsk_114	(x)	1	:	0.000000	0.000000	0.556182	0.000000	0.000000	0.000000	0.000000	0.443818	0.000000	0.000000	0.000000	0.000000	0.000000	0.000000
115	tsk_115	(x)	1	:	0.000000	0.000000	0.000000	0.000000	0.000000	0.000000	0.000000	0.000000	1.000000	0.000000	0.000000	0.000000	0.000000	0.000000
116	tsk_116	(x)	1	:	0.000000	0.000000	0.000000	0.000000	0.000000	0.000000	0.000000	0.491737	0.484110	0.000000	0.000000	0.000000	0.000000	0.024152
117	tsk_117	(x)	1	:	0.000000	0.000000	0.000000	0.000000	0.000000	0.000000	0.000000	0.000000	0.490611	0.498793	0.000000	0.000000	0.000000	0.010596
118	tsk_118	(x)	1	:	0.512169	0.000000	0.000000	0.000000	0.000000	0.000000	0.000000	0.000000	0.000000	0.487831	0.000000	0.000000	0.000000	0.000000
119	tsk_119	(x)	1	:	0.000000	0.000000	0.000000	0.000000	0.000000	0.000000	0.000000	0.492367	0.000000	0.000000	0.226339	0.000000	0.281294	0.000000
120	tsk_120	(x)	1	:	0.000000	0.000000	0.000000	0.000000	0.000000	1.000000	0.000000	0.000000	0.000000	0.000000	0.000000	0.000000	0.000000	0.000000
121	tsk_121	(x)	1	:	0.000000	0.000000	0.000000	0.000000	0.000000	0.000000	0.000000	1.000000	0.000000	0.000000	0.000000	0.000000	0.000000	0.000000
122	tsk_122	(x)	1	:	0.000000	0.000000	0.000000	0.000000	0.000000	0.000000	0.536063	0.000000	0.000000	0.000000	0.124080	0.000000	0.339857	0.000000
123	tsk_123	(x)	1	:	0.000000	0.000000	0.000000	0.000000	0.000000	0.000000	1.000000	0.000000	0.000000	0.000000	0.000000	0.000000	0.000000	0.000000
124	tsk_124	(x)	1	:	0.000000	0.000000	0.497087	0.000000	0.000000	0.502913	0.000000	0.000000	0.000000	0.000000	0.000000	0.000000	0.000000	0.000000
125	tsk_125	(x)	1	:	0.000000	0.000000	0.000000	0.000000	0.000000	0.000000	0.536063	0.000000	0.000000	0.000000	0.248011	0.000000	0.215926	0.000000
126	tsk_126	(x)	1	:	0.000000	0.000000	0.000000	0.500001	0.000000	0.000000	0.000000	0.000000	0.000000	0.000000	0.314381	0.000000	0.185618	0.000000
127	tsk_127	(x)	1	:	0.000000	0.000000	0.000000	0.000000	0.000000	0.500000	0.000000	0.000000	0.000000	0.000000	0.300667	0.000000	0.199333	0.000000
128	tsk_128	(x)	1	:	0.000000	0.000000	0.000000	0.000000	0.000000	0.500000	0.000000	0.000000	0.000000	0.000000	0.394011	0.000000	0.105989	0.000000
129	tsk_129	(x)	1	:	0.000000	0.000000	0.000000	0.000000	0.000000	1.000000	0.000000	0.000000	0.000000	0.000000	0.000000	0.000000	0.000000	0.000000
130	tsk_130	(x)	1	:	0.000000	0.000000	0.000000	0.000000	0.000000	0.000000	0.000000	0.477054	0.522946	0.000000	0.000000	0.000000	0.000000	0.000000
131	tsk_131	(x)	1	:	0.000000	0.000000	0.000000	0.000000	0.000000	0.000000	0.000000	0.000000	0.000000	0.000000	0.843452	0.000000	0.156548	0.000000
132	tsk_132	(x)	1	:	0.000000	0.457444	0.000000	0.000000	0.000000	0.000000	0.000000	0.000000	0.542556	0.000000	0.000000	0.000000	0.000000	0.000000
133	tsk_133	(x)	1	:	0.000000	0.000000	0.000000	0.000000	0.000000	0.000000	0.000000	0.492367	0.000000	0.000000	0.110266	0.000000	0.397367	0.000000
134	tsk_134	(x)	1	:	0.000000	0.000000	0.000000	0.000000	0.000000	0.000000	0.000000	0.491739	0.484118	0.000000	0.000000	0.000000	0.000000	0.024144
135	tsk_135	(x)	1	:	0.000000	0.000000	0.000000	0.000000	0.000000	1.000000	0.000000	0.000000	0.000000	0.000000	0.000000	0.000000	0.000000	0.000000
136	tsk_136	(x)	1	:	0.000000	0.000000	0.000000	0.000000	0.000000	0.000000	0.000000	0.477054	0.522946	0.000000	0.000000	0.000000	0.000000	0.000000
137	tsk_137	(x)	1	:	0.000000	0.000000	0.000000	0.000000	0.000000	0.499824	0.000000	0.000000	0.483814	0.000000	0.000000	0.000000	0.000000	0.016362
138	tsk_138	(x)	1	:	0.000000	0.000000	0.000000	0.000000	0.000000	0.507633	0.000000	0.492367	0.000000	0.000000	0.000000	0.000000	0.000000	0.000000
139	tsk_139	(x)	1	:	0.000000	0.500000	0.000000	0.000000	0.000000	0.000000	0.000000	0.000000	0.000000	0.000000	0.288142	0.000000	0.211858	0.000000
140	tsk_140	(x)	1	:	0.000000	0.000000	0.000000	0.000000	0.527929	0.000000	0.000000	0.472071	0.000000	0.000000	0.000000	0.000000	0.000000	0.000000
141	tsk_141	(x)	1	:	0.000000	0.000000	0.000000	0.000000	0.000000	0.000000	0.000000	0.512301	0.000000	0.000000	0.177589	0.000000	0.310109	0.000000
142	tsk_142	(x)	1	:	0.000000	0.000000	1.000000	0.000000	0.000000	0.000000	0.000000	0.000000	0.000000	0.000000	0.000000	0.000000	0.000000	0.000000
143	tsk_143	(x)	1	:	0.000000	0.000000	0.000000	0.000000	0.526961	0.000000	0.000000	0.473039	0.000000	0.000000	0.000000	0.000000	0.000000	0.000000
144	tsk_144	(x)	1	:	0.000000	0.000000	1.000000	0.000000	0.000000	0.000000	0.000000	0.000000	0.000000	0.000000	0.000000	0.000000	0.000000	0.000000
145	tsk_145	(x)	1	:	0.000000	0.000000	0.350113	0.000000	0.000000	0.000000	0.000000	0.649887	0.000000	0.000000	0.000000	0.000000	0.000000	0.000000
146	tsk_146	(x)	1	:	0.000000	0.000000	0.350133	0.000000	0.000000	0.000000	0.000000	0.649867	0.000000	0.000000	0.000000	0.000000	0.000000	0.000000
147	tsk_147	(x)	1	:	0.000000	0.500000	0.000000	0.000000	0.000000	0.000000	0.000000	0.000000	0.000000	0.000000	0.385343	0.000000	0.114657	0.000000
148	tsk_148	(x)	1	:	0.000000	0.502916	0.497057	0.000000	0.000000	0.000000	0.000000	0.000027	0.000000	0.000000	0.000000	0.000000	0.000000	0.000000
149	tsk_149	(x)	1	:	0.000000	0.000000	0.000000	0.000000	0.000000	0.000000	0.000000	1.000000	0.000000	0.000000	0.000000	0.000000	0.000000	0.000000
