logL = -1205.959284 (converged)
AIC = 7931.918567
BIC = 16241.271979

count.K
17 3 6 3 12 19 29 11 2 11 8 4 12 3 10 

