logL = -1124.175798 (converged)
AIC = 3838.351596
BIC = 6231.806655

count.K
53 27 22 9 39 

