logL = -3291.821757 (converged)
AIC = 7963.643513
BIC = 10040.981866

count.K
34 33 10 73 

