logL = -1289.910776 (converged)
AIC = 6099.821552
BIC = 11398.539669

count.K
17 2 12 2 17 36 18 27 18 1 

