logL = -2362.457519 (converged)
AIC = 5184.915039
BIC = 5877.361156

count.K
78 72 

