logL = -2064.982867 (converged)
AIC = 6229.965734
BIC = 9391.132793

count.K
30 50 7 12 24 27 

