logL = -1105.125917 (converged)
AIC = 3890.251835
BIC = 6419.185482

count.K
69 17 20 20 24 

