logL = -1716.968099 (converged)
AIC = 4291.936198
BIC = 5583.498739

count.K
35 42 73 

