logL = -1293.195027 (converged)
AIC = 6598.390055
BIC = 12637.724454

count.K
57 12 7 5 5 0 11 9 19 19 6 

