logL = -867.136938 (converged)
AIC = 6894.273877
BIC = 14661.712935

count.K
10 5 2 11 1 10 3 7 1 9 16 24 44 3 4 

