logL = -846.041161 (converged)
AIC = 5736.082322
BIC = 11823.586887

count.K
1 5 14 24 5 1 13 2 9 6 70 0 

