logL = -2057.588750 (converged)
AIC = 7695.177499
BIC = 13084.214676

count.K
50 1 0 10 11 9 35 9 13 12 

