logL = -2716.366384 (converged)
AIC = 11012.732768
BIC = 19412.405238

count.K
12 12 1 21 6 9 2 19 8 9 9 1 32 9 

