logL = -1335.438065 (converged)
AIC = 5790.876131
BIC = 10487.467190

count.K
11 6 13 12 1 1 18 24 64 

