logL = -2499.351141 (converged)
AIC = 9318.702281
BIC = 15821.674517

count.K
19 5 22 14 25 13 23 2 3 19 5 

