logL = -1296.840683 (converged)
AIC = 6407.681365
BIC = 12148.962871

count.K
7 3 6 18 7 57 11 21 0 20 0 

