logL = -1161.540843 (converged)
AIC = 3543.081686
BIC = 5379.569215

count.K
29 28 44 49 

