logL = -3668.840607 (converged)
AIC = 12229.681215
BIC = 19593.695144

count.K
3 29 32 20 3 5 38 3 17 0 0 

