logL = -1322.041611 (converged)
AIC = 5782.083221
BIC = 10505.769997

count.K
14 3 12 4 7 25 24 30 31 

