logL = -1399.262057 (converged)
AIC = 5826.524113
BIC = 10384.625948

count.K
3 13 41 13 8 24 34 14 

