logL = -2485.273783 (converged)
AIC = 7070.547566
BIC = 10231.714624

count.K
14 36 13 12 37 38 

