logL = -1892.573335 (converged)
AIC = 6341.146669
BIC = 10188.738575

count.K
16 71 7 7 15 7 27 

