0	tsk_0	(x)	1	:	0.021184	0.000000	0.098169	0.000000	0.000000	0.486598	0.000000	0.280838	0.000000	0.000000	0.000000	0.007499	0.000000	0.000000	0.105712
1	tsk_1	(x)	1	:	0.058781	0.000000	0.081181	0.000000	0.000000	0.486598	0.000000	0.208923	0.000000	0.000000	0.000000	0.021496	0.000000	0.000000	0.143021
2	tsk_2	(x)	1	:	0.055901	0.000000	0.170419	0.000000	0.000000	0.000000	0.000000	0.100192	0.492453	0.000000	0.000000	0.020515	0.000000	0.000000	0.160520
3	tsk_3	(x)	1	:	0.069190	0.000000	0.225501	0.000000	0.000000	0.000000	0.000000	0.120148	0.492452	0.000000	0.000000	0.016665	0.000000	0.000000	0.076043
4	tsk_4	(x)	1	:	0.138791	0.000000	0.101029	0.000000	0.000000	0.000000	0.000000	0.092115	0.492453	0.000000	0.000000	0.047364	0.000000	0.000000	0.128249
5	tsk_5	(x)	1	:	0.000000	0.000000	0.000000	0.000000	0.000000	1.000000	0.000000	0.000000	0.000000	0.000000	0.000000	0.000000	0.000000	0.000000	0.000000
6	tsk_6	(x)	1	:	0.011876	0.000000	0.044584	0.000000	0.000000	0.592197	0.000000	0.246641	0.000000	0.000000	0.000000	0.006175	0.000000	0.000000	0.098527
7	tsk_7	(x)	1	:	0.084919	0.000000	0.243475	0.000000	0.000000	0.000000	0.000000	0.109463	0.492452	0.000000	0.000000	0.001171	0.000000	0.000000	0.068520
8	tsk_8	(x)	1	:	0.004003	0.000000	0.010744	0.000000	0.000000	0.486002	0.000000	0.000000	0.491253	0.000000	0.000000	0.001515	0.000000	0.000000	0.006483
9	tsk_9	(x)	1	:	0.031852	0.000000	0.328642	0.000000	0.000000	0.486598	0.000000	0.094449	0.000000	0.000000	0.000000	0.018269	0.000000	0.000000	0.040191
10	tsk_10	(x)	1	:	0.000000	0.000000	0.000000	0.000000	0.000000	0.000000	0.000000	0.000000	1.000000	0.000000	0.000000	0.000000	0.000000	0.000000	0.000000
11	tsk_11	(x)	1	:	0.000000	0.000000	0.000000	0.000000	0.000000	0.000000	0.437589	0.000000	0.061410	0.000000	0.000000	0.000000	0.501001	0.000000	0.000000
12	tsk_12	(x)	1	:	0.002258	0.000000	0.000518	0.000000	0.000000	0.486625	0.000000	0.000442	0.000000	0.000000	0.000000	0.005964	0.001728	0.498522	0.003942
13	tsk_13	(x)	1	:	0.110996	0.000000	0.259451	0.000000	0.000000	0.000000	0.000000	0.073057	0.492452	0.000000	0.000000	0.007280	0.000000	0.000000	0.056764
14	tsk_14	(x)	1	:	0.000000	0.000000	0.000000	0.000000	0.500443	0.000000	0.000000	0.000000	0.499557	0.000000	0.000000	0.000000	0.000000	0.000000	0.000000
15	tsk_15	(x)	1	:	0.000000	0.000000	0.000000	0.000000	0.500443	0.000000	0.000000	0.000000	0.499557	0.000000	0.000000	0.000000	0.000000	0.000000	0.000000
16	tsk_16	(x)	1	:	0.000000	0.000000	0.000000	0.000000	0.501491	0.498509	0.000000	0.000000	0.000000	0.000000	0.000000	0.000000	0.000000	0.000000	0.000000
17	tsk_17	(x)	1	:	0.061316	0.000000	0.073075	0.000000	0.000000	0.000000	0.000000	0.010784	0.000000	0.000000	0.000000	0.208845	0.001771	0.498482	0.145728
18	tsk_18	(x)	1	:	0.000000	0.000000	0.000000	0.000000	0.500443	0.000000	0.000000	0.000000	0.499557	0.000000	0.000000	0.000000	0.000000	0.000000	0.000000
19	tsk_19	(x)	1	:	0.151369	0.000000	0.433777	0.000000	0.000000	0.000000	0.000000	0.252576	0.000000	0.000000	0.000000	0.022769	0.000000	0.000000	0.139508
20	tsk_20	(x)	1	:	0.155993	0.000000	0.008807	0.000000	0.000000	0.000000	0.000000	0.002163	0.000000	0.000000	0.000000	0.233369	0.001767	0.498485	0.099416
21	tsk_21	(x)	1	:	0.000355	0.000000	0.000482	0.000000	0.000000	0.486625	0.000000	0.001011	0.000000	0.000000	0.000000	0.000953	0.001734	0.498517	0.010323
22	tsk_22	(x)	1	:	0.078174	0.000000	0.184891	0.000000	0.000000	0.000000	0.000000	0.134290	0.492452	0.000000	0.000000	0.033281	0.000000	0.000000	0.076912
23	tsk_23	(x)	1	:	0.047353	0.000000	0.237282	0.000000	0.000000	0.000000	0.000000	0.082385	0.492453	0.000000	0.000000	0.042247	0.000000	0.000000	0.098280
24	tsk_24	(x)	1	:	0.000000	0.000000	0.000000	0.000000	0.000000	0.000000	0.000000	0.000000	0.000000	0.000000	0.000000	0.000000	0.000000	1.000000	0.000000
25	tsk_25	(x)	1	:	0.049758	0.000000	0.063774	0.000000	0.000000	0.000000	0.000000	0.023344	0.000000	0.000000	0.000000	0.242395	0.001740	0.498508	0.120480
26	tsk_26	(x)	1	:	0.089577	0.000000	0.034868	0.000000	0.000000	0.000000	0.000000	0.003164	0.000000	0.000000	0.000000	0.164900	0.001768	0.498484	0.207240
27	tsk_27	(x)	1	:	0.000688	0.000000	0.000192	0.000000	0.000000	0.486627	0.000000	0.000870	0.000000	0.000000	0.000000	0.005134	0.001734	0.498517	0.006239
28	tsk_28	(x)	1	:	0.140705	0.000001	0.465109	0.000000	0.000000	0.000000	0.000000	0.236429	0.000000	0.000000	0.000000	0.072007	0.000000	0.000000	0.085749
29	tsk_29	(x)	1	:	0.046069	0.000000	0.198507	0.000000	0.000000	0.000000	0.000000	0.180633	0.492452	0.000000	0.000000	0.000000	0.000000	0.000000	0.082338
30	tsk_30	(x)	1	:	0.020058	0.000000	0.117755	0.000000	0.000000	0.000000	0.000000	0.310243	0.000000	0.000000	0.500000	0.027407	0.000000	0.000000	0.024536
31	tsk_31	(x)	1	:	0.109253	0.000001	0.270401	0.000000	0.000000	0.000000	0.000000	0.464196	0.000000	0.000000	0.000000	0.055339	0.000000	0.000000	0.100810
32	tsk_32	(x)	1	:	0.035361	0.000000	0.004027	0.000000	0.000000	0.392355	0.000000	0.008679	0.000000	0.000000	0.000000	0.018775	0.001777	0.498477	0.040549
33	tsk_33	(x)	1	:	0.185264	0.000000	0.147799	0.000000	0.000000	0.000000	0.000000	0.541250	0.000000	0.000000	0.000000	0.012255	0.000000	0.000000	0.113432
34	tsk_34	(x)	1	:	0.029034	0.000000	0.008522	0.000000	0.000000	0.000000	0.000000	0.002152	0.000000	0.000000	0.294588	0.129613	0.001776	0.498481	0.035832
35	tsk_35	(x)	1	:	0.057220	0.000000	0.107104	0.000000	0.000000	0.486598	0.000000	0.209520	0.000000	0.000000	0.000000	0.016702	0.000000	0.000000	0.122855
36	tsk_36	(x)	1	:	0.065112	0.000000	0.034216	0.000000	0.000000	0.240333	0.000000	0.562277	0.000000	0.000000	0.000000	0.041994	0.000000	0.000000	0.056068
37	tsk_37	(x)	1	:	0.144782	0.000000	0.324081	0.000000	0.000000	0.000000	0.000000	0.092673	0.000000	0.000000	0.294553	0.027813	0.000000	0.000000	0.116099
38	tsk_38	(x)	1	:	0.118609	0.000000	0.026360	0.000000	0.000000	0.000000	0.430010	0.000000	0.065169	0.000000	0.295044	0.035612	0.000000	0.000000	0.029197
39	tsk_39	(x)	1	:	0.131107	0.000000	0.143685	0.000000	0.000000	0.000000	0.000000	0.341261	0.000000	0.000000	0.294553	0.040269	0.000000	0.000000	0.049125
40	tsk_40	(x)	1	:	0.094665	0.000000	0.105251	0.000000	0.000000	0.000000	0.000000	0.018139	0.000000	0.000000	0.000000	0.155099	0.001749	0.498500	0.126596
41	tsk_41	(x)	1	:	0.078340	0.000000	0.027522	0.000000	0.000000	0.000000	0.000000	0.003345	0.000000	0.000000	0.000000	0.222348	0.001750	0.498499	0.168195
42	tsk_42	(x)	1	:	0.104027	0.000000	0.019733	0.000000	0.000000	0.000000	0.000000	0.013884	0.000000	0.000000	0.000000	0.189574	0.001767	0.498485	0.172531
43	tsk_43	(x)	1	:	0.250572	0.000001	0.157924	0.000000	0.000000	0.000000	0.000000	0.500840	0.000000	0.000000	0.000000	0.065587	0.000000	0.000000	0.025076
44	tsk_44	(x)	1	:	0.362381	0.000001	0.142407	0.000000	0.000000	0.000000	0.000000	0.301200	0.000000	0.000000	0.000000	0.025695	0.000000	0.000000	0.168316
45	tsk_45	(x)	1	:	0.257890	0.000001	0.313333	0.000000	0.000000	0.000000	0.000000	0.213181	0.000000	0.000000	0.000000	0.015779	0.000000	0.000000	0.199816
46	tsk_46	(x)	1	:	0.183770	0.000000	0.374488	0.000000	0.000000	0.000000	0.000000	0.228861	0.000000	0.000000	0.000000	0.043193	0.000000	0.000000	0.169688
47	tsk_47	(x)	1	:	0.118871	0.000000	0.127280	0.000000	0.000000	0.000000	0.000000	0.608548	0.000000	0.000000	0.000000	0.023197	0.000000	0.000000	0.122105
48	tsk_48	(x)	1	:	0.080677	0.000000	0.198774	0.000000	0.000000	0.000000	0.000000	0.551070	0.000000	0.000000	0.000000	0.069750	0.000000	0.000000	0.099729
49	tsk_49	(x)	1	:	0.315457	0.000000	0.217005	0.000000	0.000000	0.000000	0.000000	0.298984	0.000000	0.000000	0.000000	0.059534	0.000000	0.000000	0.109019
50	tsk_50	(x)	1	:	0.104080	0.000000	0.460398	0.000000	0.000000	0.000000	0.000000	0.352281	0.000000	0.000000	0.000000	0.020698	0.000000	0.000000	0.062543
51	tsk_51	(x)	1	:	0.096622	0.000000	0.366100	0.000000	0.000000	0.000000	0.000000	0.374143	0.000000	0.000000	0.000000	0.044132	0.000000	0.000000	0.119003
52	tsk_52	(x)	1	:	0.163876	0.000001	0.467775	0.000000	0.000000	0.000000	0.000000	0.202733	0.000000	0.000000	0.000000	0.040162	0.000000	0.000000	0.125453
53	tsk_53	(x)	1	:	0.000000	1.000000	0.000000	0.000000	0.000000	0.000000	0.000000	0.000000	0.000000	0.000000	0.000000	0.000000	0.000000	0.000000	0.000000
54	tsk_54	(x)	1	:	0.125201	0.000000	0.269966	0.000000	0.000000	0.000000	0.000000	0.486244	0.000000	0.000000	0.000000	0.042180	0.000000	0.000000	0.076409
55	tsk_55	(x)	1	:	0.142888	0.000000	0.392860	0.000000	0.000000	0.000000	0.000000	0.239410	0.000000	0.000000	0.000000	0.046392	0.000000	0.000000	0.178449
56	tsk_56	(x)	1	:	0.034065	0.000000	0.127757	0.000000	0.000000	0.486598	0.000000	0.292874	0.000000	0.000000	0.000000	0.012599	0.000000	0.000000	0.046107
57	tsk_57	(x)	1	:	0.362172	0.000001	0.092759	0.000000	0.000000	0.000000	0.000000	0.398974	0.000000	0.000000	0.000000	0.037566	0.000000	0.000000	0.108528
58	tsk_58	(x)	1	:	0.156429	0.000002	0.516927	0.000000	0.000000	0.000000	0.000000	0.173011	0.000000	0.000000	0.000000	0.126307	0.000000	0.000000	0.027325
59	tsk_59	(x)	1	:	0.026256	0.000000	0.111139	0.000000	0.000000	0.486598	0.000000	0.313657	0.000000	0.000000	0.000000	0.013550	0.000000	0.000000	0.048801
60	tsk_60	(x)	1	:	0.088724	0.000000	0.142536	0.000000	0.000000	0.000000	0.000000	0.075328	0.664413	0.000000	0.000000	0.003951	0.000000	0.000000	0.025048
61	tsk_61	(x)	1	:	0.023022	0.000000	0.097012	0.000000	0.000000	0.000000	0.584389	0.254753	0.000000	0.000000	0.000000	0.016723	0.000000	0.000000	0.024102
62	tsk_62	(x)	1	:	0.128382	0.000000	0.039896	0.000000	0.000000	0.000000	0.000000	0.010015	0.000000	0.000000	0.000000	0.200629	0.001769	0.498483	0.120826
63	tsk_63	(x)	1	:	0.000000	0.000000	0.000000	0.000000	0.000000	0.000000	0.434145	0.000000	0.565855	0.000000	0.000000	0.000000	0.000000	0.000000	0.000000
64	tsk_64	(x)	1	:	0.165265	0.000000	0.359148	0.000000	0.000000	0.000000	0.000000	0.275070	0.000000	0.000000	0.000000	0.135040	0.000000	0.000000	0.065476
65	tsk_65	(x)	1	:	0.086675	0.000000	0.171783	0.000000	0.000000	0.000000	0.461446	0.260167	0.000000	0.000000	0.000000	0.019928	0.000000	0.000000	0.000000
66	tsk_66	(x)	1	:	0.136076	0.000001	0.369399	0.000000	0.000000	0.000000	0.000000	0.301888	0.000000	0.000000	0.000000	0.109871	0.000000	0.000000	0.082766
67	tsk_67	(x)	1	:	0.079941	0.000000	0.032493	0.000000	0.000000	0.000000	0.000000	0.006429	0.000000	0.000000	0.000000	0.228052	0.001763	0.498488	0.152834
68	tsk_68	(x)	1	:	0.114277	0.000000	0.179916	0.000000	0.000000	0.000000	0.000000	0.161980	0.492452	0.000000	0.000000	0.005203	0.000000	0.000000	0.046172
69	tsk_69	(x)	1	:	0.300671	0.000000	0.159068	0.000000	0.000000	0.000000	0.000000	0.331779	0.000000	0.000000	0.000000	0.085567	0.000000	0.000000	0.122915
70	tsk_70	(x)	1	:	0.004926	0.000000	0.001944	0.000000	0.000000	0.000000	0.000000	0.000739	0.489454	0.000000	0.000000	0.001981	0.499753	0.000000	0.001203
71	tsk_71	(x)	1	:	0.131295	0.000001	0.214856	0.000000	0.000000	0.000000	0.000000	0.447655	0.000000	0.000000	0.000000	0.041547	0.000000	0.000000	0.164646
72	tsk_72	(x)	1	:	0.093391	0.000000	0.009872	0.000000	0.500000	0.000000	0.000000	0.000000	0.000000	0.000000	0.000000	0.284194	0.000000	0.000000	0.112543
73	tsk_73	(x)	1	:	0.070276	0.000000	0.058754	0.000000	0.000000	0.000000	0.000000	0.004211	0.000000	0.000000	0.000000	0.117661	0.001756	0.498494	0.248847
74	tsk_74	(x)	1	:	0.083687	0.000000	0.406863	0.000000	0.000000	0.000000	0.000000	0.347306	0.000000	0.000000	0.000000	0.058405	0.000000	0.000000	0.103738
75	tsk_75	(x)	1	:	0.144546	0.000000	0.062639	0.000000	0.500000	0.000000	0.000000	0.001181	0.000000	0.000000	0.000000	0.000000	0.000000	0.000000	0.291634
76	tsk_76	(x)	1	:	0.038456	0.000000	0.054178	0.000000	0.000000	0.000000	0.000000	0.014864	0.000000	0.000000	0.000000	0.318033	0.500000	0.000000	0.074469
77	tsk_77	(x)	1	:	0.074055	0.000001	0.254463	0.000000	0.000000	0.000000	0.000000	0.396808	0.000000	0.000000	0.000000	0.079494	0.000000	0.000000	0.195179
78	tsk_78	(x)	1	:	0.389210	0.000001	0.209005	0.000000	0.000000	0.000000	0.000000	0.214831	0.000000	0.000000	0.000000	0.066409	0.000000	0.000000	0.120544
79	tsk_79	(x)	1	:	0.134116	0.000001	0.514916	0.000000	0.000000	0.000000	0.000000	0.147326	0.000000	0.000000	0.000000	0.123568	0.000000	0.000000	0.080073
80	tsk_80	(x)	1	:	0.193123	0.000000	0.312579	0.000000	0.000000	0.000000	0.000000	0.239482	0.000000	0.000000	0.000000	0.046883	0.000000	0.000000	0.207932
81	tsk_81	(x)	1	:	0.266061	0.000002	0.321957	0.000000	0.000000	0.000000	0.000000	0.218352	0.000000	0.000000	0.000000	0.159055	0.000000	0.000000	0.034574
82	tsk_82	(x)	1	:	0.311325	0.000002	0.376531	0.000000	0.000000	0.000000	0.000000	0.123334	0.000000	0.000000	0.000000	0.047964	0.000000	0.000000	0.140845
83	tsk_83	(x)	1	:	0.184820	0.000001	0.147043	0.000000	0.000000	0.000000	0.000000	0.151230	0.000000	0.000000	0.000000	0.228990	0.000000	0.000000	0.287916
84	tsk_84	(x)	1	:	0.265800	0.000001	0.181428	0.000000	0.000000	0.000000	0.000000	0.439547	0.000000	0.000000	0.000000	0.022495	0.000000	0.000000	0.090730
85	tsk_85	(x)	1	:	0.249780	0.000000	0.301812	0.000000	0.000000	0.000000	0.000000	0.360619	0.000000	0.000000	0.000000	0.052085	0.000000	0.000000	0.035704
86	tsk_86	(x)	1	:	0.000000	0.000000	0.000000	1.000000	0.000000	0.000000	0.000000	0.000000	0.000000	0.000000	0.000000	0.000000	0.000000	0.000000	0.000000
87	tsk_87	(x)	1	:	0.341620	0.000001	0.180923	0.000000	0.000000	0.000000	0.000000	0.282426	0.000000	0.000000	0.000000	0.056242	0.000000	0.000000	0.138789
88	tsk_88	(x)	1	:	0.142149	0.000000	0.516166	0.000000	0.000000	0.000000	0.000000	0.234900	0.000000	0.000000	0.000000	0.085747	0.000000	0.000000	0.021037
89	tsk_89	(x)	1	:	0.200146	0.000000	0.193806	0.000000	0.000000	0.000000	0.000000	0.470603	0.000000	0.000000	0.000000	0.038223	0.000000	0.000000	0.097222
90	tsk_90	(x)	1	:	0.122657	0.000000	0.154137	0.000000	0.000000	0.000000	0.000000	0.175175	0.492452	0.000000	0.000000	0.005590	0.000000	0.000000	0.049989
91	tsk_91	(x)	1	:	0.055156	0.000000	0.194815	0.000000	0.000000	0.000000	0.000000	0.515001	0.000000	0.000000	0.000000	0.124971	0.000000	0.000000	0.110056
92	tsk_92	(x)	1	:	0.334234	0.000001	0.000000	0.000000	0.000000	0.000000	0.000000	0.275058	0.000000	0.000000	0.000000	0.082558	0.000000	0.000000	0.308149
93	tsk_93	(x)	1	:	0.346622	0.000000	0.122498	0.000000	0.000000	0.000000	0.000000	0.447441	0.000000	0.000000	0.000000	0.038140	0.000000	0.000000	0.045298
94	tsk_94	(x)	1	:	0.329999	0.000002	0.399897	0.000000	0.000000	0.000000	0.000000	0.135291	0.000000	0.000000	0.000000	0.085584	0.000000	0.000000	0.049227
95	tsk_95	(x)	1	:	0.244074	0.000000	0.129190	0.000000	0.000000	0.000000	0.000000	0.537875	0.000000	0.000000	0.000000	0.040599	0.000000	0.000000	0.048261
96	tsk_96	(x)	1	:	0.114112	0.000001	0.186013	0.000000	0.000000	0.000000	0.000000	0.389341	0.000000	0.000000	0.000000	0.057227	0.000000	0.000000	0.253306
97	tsk_97	(x)	1	:	0.214443	0.000000	0.288546	0.000000	0.000000	0.000000	0.000000	0.356118	0.000000	0.000000	0.000000	0.033524	0.000000	0.000000	0.107369
98	tsk_98	(x)	1	:	0.133339	0.000001	0.507631	0.000000	0.000000	0.000000	0.000000	0.221868	0.000000	0.000000	0.000000	0.028204	0.000000	0.000000	0.108958
99	tsk_99	(x)	1	:	0.051838	0.000000	0.071544	0.000000	0.000000	0.000000	0.584409	0.240857	0.000000	0.000000	0.000000	0.022130	0.000000	0.000000	0.029221
100	tsk_100	(x)	1	:	0.214286	0.000000	0.086154	0.000000	0.000000	0.000000	0.000000	0.000000	0.000000	0.000000	0.000000	0.063307	0.500000	0.000000	0.136253
101	tsk_101	(x)	1	:	0.104909	0.000000	0.253640	0.000000	0.000000	0.000000	0.000000	0.231908	0.000000	0.000000	0.364981	0.014794	0.000000	0.000000	0.029767
102	tsk_102	(x)	1	:	0.037413	0.000000	0.012656	0.000000	0.000000	0.000000	0.000000	0.024925	0.000000	0.000000	0.364958	0.053985	0.500007	0.000000	0.006057
103	tsk_103	(x)	1	:	0.023594	0.000000	0.010467	0.000000	0.000000	0.000000	0.000000	0.013292	0.000000	0.000000	0.364964	0.058072	0.001770	0.498488	0.029353
104	tsk_104	(x)	1	:	0.023409	0.000000	0.010958	0.000000	0.000000	0.000000	0.000000	0.010010	0.000000	0.000000	0.364964	0.058291	0.001771	0.498488	0.032109
105	tsk_105	(x)	1	:	0.031671	0.000000	0.014070	0.000000	0.000000	0.000000	0.000000	0.065236	0.492552	0.000000	0.364967	0.015810	0.000000	0.000000	0.015694
106	tsk_106	(x)	1	:	0.088798	0.000000	0.036653	0.000000	0.000000	0.000000	0.000000	0.006924	0.000000	0.000000	0.000000	0.340944	0.001740	0.498508	0.026433
107	tsk_107	(x)	1	:	0.115756	0.000000	0.069831	0.000000	0.000000	0.000000	0.000000	0.004107	0.000000	0.000000	0.000000	0.195026	0.001782	0.498472	0.115026
108	tsk_108	(x)	1	:	0.185013	0.000001	0.223668	0.000000	0.000000	0.000000	0.000000	0.461836	0.000000	0.000000	0.000000	0.045631	0.000000	0.000000	0.083852
109	tsk_109	(x)	1	:	0.000000	0.000000	0.000000	0.000000	0.000000	0.000000	0.000000	0.000000	1.000000	0.000000	0.000000	0.000000	0.000000	0.000000	0.000000
110	tsk_110	(x)	1	:	0.121414	0.000001	0.207772	0.000000	0.000000	0.000000	0.000000	0.137013	0.000000	0.494284	0.000000	0.027429	0.000000	0.000000	0.012086
111	tsk_111	(x)	1	:	0.000000	0.000000	0.000000	0.000000	0.000000	0.491087	0.000000	0.000000	0.000000	0.508913	0.000000	0.000000	0.000000	0.000000	0.000000
112	tsk_112	(x)	1	:	0.046407	0.000000	0.076382	0.000000	0.000000	0.486598	0.000000	0.321834	0.000000	0.000000	0.000000	0.030570	0.000000	0.000000	0.038209
113	tsk_113	(x)	1	:	0.002116	0.000000	0.000956	0.000000	0.000000	0.000000	0.000000	0.000000	0.489440	0.000000	0.000000	0.005801	0.001501	0.498501	0.001686
114	tsk_114	(x)	1	:	0.112449	0.000001	0.156610	0.000000	0.000000	0.000000	0.000000	0.192514	0.492453	0.000000	0.000000	0.012516	0.000000	0.000000	0.033458
115	tsk_115	(x)	1	:	0.039709	0.000000	0.151167	0.000000	0.000000	0.486598	0.000000	0.257053	0.000000	0.000000	0.000000	0.010888	0.000000	0.000000	0.054585
116	tsk_116	(x)	1	:	0.258610	0.000001	0.250716	0.000000	0.000000	0.000000	0.000000	0.257288	0.000000	0.000000	0.000000	0.072051	0.000000	0.000000	0.161335
117	tsk_117	(x)	1	:	0.062493	0.000000	0.076735	0.000000	0.000000	0.486598	0.000000	0.282105	0.000000	0.000000	0.000000	0.005553	0.000000	0.000000	0.086516
118	tsk_118	(x)	1	:	0.206924	0.000000	0.539808	0.000000	0.000000	0.000000	0.000000	0.205483	0.000000	0.000000	0.000000	0.025684	0.000000	0.000000	0.022101
119	tsk_119	(x)	1	:	0.030436	0.000000	0.235479	0.000000	0.000000	0.000000	0.000000	0.170560	0.492453	0.000000	0.000000	0.012242	0.000000	0.000000	0.058830
120	tsk_120	(x)	1	:	0.005021	0.000000	0.000622	0.000000	0.000000	0.000000	0.000000	0.000000	0.489458	0.000000	0.000000	0.002849	0.499754	0.000000	0.002296
121	tsk_121	(x)	1	:	0.166201	0.000000	0.055329	0.000000	0.000000	0.000000	0.000000	0.013716	0.000000	0.000000	0.000000	0.223423	0.500000	0.000000	0.041331
122	tsk_122	(x)	1	:	0.000000	0.000000	0.000000	0.000000	0.000000	0.000000	0.000000	0.000000	0.000000	0.000000	0.000000	0.000000	1.000000	0.000000	0.000000
123	tsk_123	(x)	1	:	0.200695	0.000000	0.053494	0.000000	0.000000	0.000000	0.000000	0.070822	0.000000	0.000000	0.000000	0.072523	0.500000	0.000000	0.102466
124	tsk_124	(x)	1	:	0.307984	0.000003	0.494955	0.000000	0.000000	0.000000	0.000000	0.000000	0.000000	0.000000	0.000000	0.105047	0.000000	0.000000	0.092012
125	tsk_125	(x)	1	:	0.080858	0.000000	0.025128	0.000000	0.000000	0.000000	0.000000	0.020513	0.000000	0.000000	0.000000	0.335546	0.500000	0.000000	0.037956
126	tsk_126	(x)	1	:	0.121951	0.000000	0.072771	0.000000	0.000000	0.000000	0.000000	0.029664	0.000000	0.000000	0.000000	0.063220	0.500000	0.000000	0.212394
127	tsk_127	(x)	1	:	0.000000	0.000000	0.000000	0.000000	0.000000	0.000000	0.000000	0.000000	1.000000	0.000000	0.000000	0.000000	0.000000	0.000000	0.000000
128	tsk_128	(x)	1	:	0.058802	0.000000	0.058410	0.000000	0.000000	0.000000	0.000000	0.019191	0.000000	0.000000	0.000000	0.264777	0.001765	0.498486	0.098568
129	tsk_129	(x)	1	:	0.213599	0.000000	0.060912	0.000000	0.000000	0.000000	0.000000	0.014875	0.000000	0.000000	0.000000	0.146958	0.500000	0.000000	0.063655
130	tsk_130	(x)	1	:	0.314193	0.000000	0.303670	0.000000	0.000000	0.000000	0.000000	0.099231	0.000000	0.000000	0.000000	0.129129	0.000000	0.000000	0.153777
131	tsk_131	(x)	1	:	0.000000	0.000000	0.000000	0.000000	0.500744	0.000000	0.437225	0.000000	0.062030	0.000000	0.000000	0.000000	0.000000	0.000000	0.000000
132	tsk_132	(x)	1	:	0.000011	0.000000	0.000013	0.000000	0.000000	0.000000	0.000000	0.000134	0.000000	0.000000	0.999830	0.000005	0.000000	0.000000	0.000007
133	tsk_133	(x)	1	:	0.097223	0.000001	0.191185	0.000000	0.000000	0.000000	0.000000	0.110456	0.492453	0.000000	0.000000	0.000000	0.000000	0.000000	0.108683
134	tsk_134	(x)	1	:	0.001233	0.000000	0.003430	0.000000	0.000000	0.000000	0.429472	0.007840	0.133888	0.000000	0.421585	0.000259	0.000000	0.000000	0.002293
135	tsk_135	(x)	1	:	0.225882	0.000001	0.513272	0.000000	0.000000	0.000000	0.000000	0.147571	0.000000	0.000000	0.000000	0.060402	0.000000	0.000000	0.052872
136	tsk_136	(x)	1	:	0.062737	0.000000	0.189934	0.000000	0.000000	0.000000	0.000000	0.333972	0.000000	0.000000	0.364981	0.020804	0.000000	0.000000	0.027571
137	tsk_137	(x)	1	:	0.000000	0.000005	0.465946	0.000000	0.000000	0.000000	0.000000	0.232377	0.000000	0.000000	0.000000	0.036801	0.000000	0.000000	0.264872
138	tsk_138	(x)	1	:	0.000000	0.000002	0.237048	0.000000	0.000000	0.000000	0.000000	0.493916	0.000000	0.000000	0.000000	0.179814	0.000000	0.000000	0.089221
139	tsk_139	(x)	1	:	0.019814	0.000000	0.015086	0.000000	0.000000	0.000000	0.000000	0.014559	0.000000	0.000000	0.364964	0.033905	0.001761	0.498496	0.051415
140	tsk_140	(x)	1	:	0.092466	0.000000	0.309834	0.000000	0.000000	0.000000	0.000000	0.036399	0.492452	0.000000	0.000000	0.024986	0.000000	0.000000	0.043863
141	tsk_141	(x)	1	:	0.260242	0.000001	0.080533	0.000000	0.000000	0.000000	0.000000	0.429539	0.000000	0.000000	0.000000	0.070356	0.000000	0.000000	0.159328
142	tsk_142	(x)	1	:	0.096446	0.000000	0.321187	0.000000	0.000000	0.000000	0.000000	0.412181	0.000000	0.000000	0.000000	0.048838	0.000000	0.000000	0.121348
143	tsk_143	(x)	1	:	0.090006	0.000000	0.016576	0.000000	0.000000	0.000000	0.000000	0.011016	0.000000	0.000000	0.000000	0.248626	0.001766	0.498485	0.133525
144	tsk_144	(x)	1	:	0.000000	0.000000	0.000000	0.000000	0.000000	0.000000	0.000000	0.000000	0.000000	0.000000	0.000000	0.000000	0.000000	1.000000	0.000000
145	tsk_145	(x)	1	:	0.083940	0.000000	0.029619	0.000000	0.000000	0.000000	0.000000	0.008171	0.000000	0.000000	0.000000	0.179479	0.001772	0.498481	0.198539
146	tsk_146	(x)	1	:	0.162510	0.000000	0.262550	0.000000	0.000000	0.000000	0.000000	0.471450	0.000000	0.000000	0.000000	0.055346	0.000000	0.000000	0.048145
147	tsk_147	(x)	1	:	0.152830	0.000000	0.141664	0.000000	0.000000	0.000000	0.000000	0.094592	0.492452	0.000000	0.000000	0.019535	0.000000	0.000000	0.098927
148	tsk_148	(x)	1	:	0.134481	0.000000	0.055793	0.000000	0.000000	0.000000	0.000000	0.172998	0.492452	0.000000	0.000000	0.010333	0.000000	0.000000	0.133942
149	tsk_149	(x)	1	:	0.035013	0.000000	0.134938	0.000000	0.000000	0.000000	0.000000	0.245548	0.492452	0.000000	0.000000	0.020540	0.000000	0.000000	0.071509
