logL = -1366.231215 (converged)
AIC = 3976.462430
BIC = 5849.077583

count.K
78 47 20 5 

