logL = -1004.878414 (converged)
AIC = 7085.756827
BIC = 14726.749204

count.K
21 17 11 9 17 0 1 13 26 1 9 2 5 18 

