logL = -1212.717180 (converged)
AIC = 3597.434359
BIC = 5361.666642

count.K
48 33 33 36 

