logL = -1320.902375 (converged)
AIC = 4973.804750
BIC = 8484.205503

count.K
12 26 27 26 29 11 19 

