0	tsk_0	(x)	1	:	0.000042	0.000000	0.547566	0.000060	0.000000	0.000000	0.000000	0.000000	0.000000	0.452332	0.000000	0.000000	0.000000	0.000000
1	tsk_1	(x)	1	:	0.000000	0.488085	0.000000	0.000000	0.511915	0.000000	0.000000	0.000000	0.000000	0.000000	0.000000	0.000000	0.000000	0.000000
2	tsk_2	(x)	1	:	0.000000	0.000000	0.000000	0.000000	0.000000	0.000000	0.443363	0.000000	0.000000	0.000000	0.000000	0.556629	0.000007	0.000000
3	tsk_3	(x)	1	:	0.047486	0.000000	0.429334	0.029149	0.000000	0.000000	0.000000	0.000000	0.000005	0.493900	0.000000	0.000000	0.000127	0.000000
4	tsk_4	(x)	1	:	0.000000	0.000000	0.000000	0.000000	0.000000	0.000000	0.000000	0.000000	0.000000	1.000000	0.000000	0.000000	0.000000	0.000000
5	tsk_5	(x)	1	:	0.000000	0.000000	0.000000	0.000000	0.000000	0.000000	0.000000	0.000000	0.000000	0.493806	0.000000	0.000050	0.000046	0.506098
6	tsk_6	(x)	1	:	0.000036	0.000000	0.547596	0.000023	0.000000	0.000000	0.000000	0.000000	0.000000	0.452346	0.000000	0.000000	0.000000	0.000000
7	tsk_7	(x)	1	:	0.069914	0.000000	0.422475	0.507611	0.000000	0.000000	0.000000	0.000000	0.000000	0.000000	0.000000	0.000000	0.000000	0.000000
8	tsk_8	(x)	1	:	0.000000	0.488085	0.000000	0.000000	0.511915	0.000000	0.000000	0.000000	0.000000	0.000000	0.000000	0.000000	0.000000	0.000000
9	tsk_9	(x)	1	:	0.000000	0.000000	0.000000	0.000000	0.000000	0.000000	0.000000	0.000000	0.000000	0.000000	0.000000	0.552203	0.000000	0.447797
10	tsk_10	(x)	1	:	0.000000	0.498282	0.000000	0.000000	0.000000	0.000000	0.000000	0.000000	0.000000	0.000000	0.000000	0.000013	0.000003	0.501702
11	tsk_11	(x)	1	:	0.187449	0.000000	0.422475	0.390076	0.000000	0.000000	0.000000	0.000000	0.000000	0.000000	0.000000	0.000000	0.000000	0.000000
12	tsk_12	(x)	1	:	0.133689	0.497916	0.000000	0.368394	0.000000	0.000000	0.000000	0.000000	0.000000	0.000000	0.000000	0.000000	0.000000	0.000000
13	tsk_13	(x)	1	:	0.021352	0.498823	0.435738	0.044082	0.000000	0.000000	0.000000	0.000000	0.000005	0.000000	0.000000	0.000000	0.000000	0.000000
14	tsk_14	(x)	1	:	0.000000	0.000000	0.000000	0.000000	0.449917	0.000000	0.000000	0.000000	0.030256	0.000000	0.000000	0.000031	0.000000	0.519796
15	tsk_15	(x)	1	:	0.000000	0.000000	0.000000	0.000000	0.450114	0.000000	0.000000	0.000000	0.029963	0.000000	0.000000	0.000014	0.000000	0.519909
16	tsk_16	(x)	1	:	0.000000	0.499681	0.000000	0.000000	0.000000	0.000000	0.000000	0.000000	0.000002	0.500162	0.000000	0.000000	0.000155	0.000000
17	tsk_17	(x)	1	:	0.000000	0.000000	0.000000	0.000000	0.000000	0.000000	0.000000	0.000000	0.000000	0.000000	0.000000	0.000000	0.000000	1.000000
18	tsk_18	(x)	1	:	0.210115	0.000000	0.000000	0.789884	0.000000	0.000000	0.000000	0.000000	0.000000	0.000000	0.000000	0.000000	0.000000	0.000000
19	tsk_19	(x)	1	:	0.075045	0.497916	0.000000	0.427039	0.000000	0.000000	0.000000	0.000000	0.000000	0.000000	0.000000	0.000000	0.000000	0.000000
20	tsk_20	(x)	1	:	0.000000	0.488085	0.000000	0.000000	0.511915	0.000000	0.000000	0.000000	0.000000	0.000000	0.000000	0.000000	0.000000	0.000000
21	tsk_21	(x)	1	:	0.000000	0.000000	0.000000	0.000000	0.820522	0.000000	0.000000	0.000000	0.179478	0.000000	0.000000	0.000000	0.000000	0.000000
22	tsk_22	(x)	1	:	0.000000	0.000000	0.000000	0.000000	1.000000	0.000000	0.000000	0.000000	0.000000	0.000000	0.000000	0.000000	0.000000	0.000000
23	tsk_23	(x)	1	:	0.206150	0.000000	0.000000	0.249878	0.543972	0.000000	0.000000	0.000000	0.000000	0.000000	0.000000	0.000000	0.000000	0.000000
24	tsk_24	(x)	1	:	0.000000	0.000000	0.000000	0.000000	1.000000	0.000000	0.000000	0.000000	0.000000	0.000000	0.000000	0.000000	0.000000	0.000000
25	tsk_25	(x)	1	:	0.000000	0.000000	0.000000	0.000000	0.501912	0.000000	0.000000	0.000000	0.000000	0.000000	0.000000	0.498088	0.000000	0.000000
26	tsk_26	(x)	1	:	0.000000	0.488085	0.000000	0.000000	0.511915	0.000000	0.000000	0.000000	0.000000	0.000000	0.000000	0.000000	0.000000	0.000000
27	tsk_27	(x)	1	:	0.000000	0.000000	0.000000	0.000000	0.452805	0.000000	0.515825	0.000000	0.031370	0.000000	0.000000	0.000000	0.000000	0.000000
28	tsk_28	(x)	1	:	0.000000	0.000000	0.000000	0.000000	0.285626	0.000000	0.000000	0.000000	0.295477	0.000000	0.000000	0.418897	0.000000	0.000000
29	tsk_29	(x)	1	:	0.000000	0.000000	0.000000	0.000000	0.501912	0.000000	0.000000	0.000000	0.000000	0.000000	0.000000	0.498088	0.000000	0.000000
30	tsk_30	(x)	1	:	0.256920	0.000000	0.000078	0.198275	0.000000	0.544726	0.000000	0.000000	0.000000	0.000000	0.000000	0.000000	0.000000	0.000000
31	tsk_31	(x)	1	:	0.000000	0.000000	1.000000	0.000000	0.000000	0.000000	0.000000	0.000000	0.000000	0.000000	0.000000	0.000000	0.000000	0.000000
32	tsk_32	(x)	1	:	0.000000	0.000000	0.000000	0.000000	0.000000	1.000000	0.000000	0.000000	0.000000	0.000000	0.000000	0.000000	0.000000	0.000000
33	tsk_33	(x)	1	:	0.000000	0.000000	0.377540	0.000000	0.000000	0.000000	0.000000	0.000000	0.000000	0.000000	0.000000	0.000000	0.622460	0.000000
34	tsk_34	(x)	1	:	0.038618	0.000000	0.431258	0.028391	0.000000	0.000000	0.000000	0.000000	0.000001	0.000000	0.000000	0.000024	0.000005	0.501704
35	tsk_35	(x)	1	:	0.000000	0.000000	0.000000	0.000000	0.449660	0.000000	0.000000	0.000000	0.030638	0.000000	0.000000	0.000055	0.000000	0.519646
36	tsk_36	(x)	1	:	0.000000	0.000000	0.000000	0.000000	0.449597	0.000000	0.000000	0.000000	0.030741	0.000000	0.000000	0.000044	0.000000	0.519618
37	tsk_37	(x)	1	:	0.132507	0.000000	0.000000	0.367480	0.000000	0.000000	0.000000	0.000000	0.000001	0.000000	0.000000	0.000030	0.000002	0.499981
38	tsk_38	(x)	1	:	0.182000	0.000000	0.000073	0.273202	0.000000	0.544725	0.000000	0.000000	0.000000	0.000000	0.000000	0.000000	0.000000	0.000000
39	tsk_39	(x)	1	:	0.000000	0.000000	0.000000	0.000000	0.000000	0.000000	0.000000	0.000000	0.000000	0.000000	0.000000	0.000162	0.467800	0.532039
40	tsk_40	(x)	1	:	0.178295	0.000000	0.000000	0.405394	0.000000	0.000000	0.000001	0.000003	0.416307	0.000000	0.000000	0.000000	0.000000	0.000000
41	tsk_41	(x)	1	:	0.000000	0.000000	0.000000	0.000000	0.000000	0.000000	0.000000	0.000000	0.000000	0.000000	0.000000	0.000000	1.000000	0.000000
42	tsk_42	(x)	1	:	0.000000	0.000000	0.000000	0.000000	0.450913	0.000000	0.000000	0.000000	0.064517	0.000000	0.000000	0.000000	0.484570	0.000000
43	tsk_43	(x)	1	:	0.000000	0.000000	0.000000	0.000000	0.000000	0.000000	0.000000	0.000000	0.000000	0.000000	0.000000	0.000132	0.467819	0.532048
44	tsk_44	(x)	1	:	0.182795	0.000000	0.000000	0.325361	0.000000	0.000000	0.000000	0.000000	0.000003	0.491784	0.000000	0.000000	0.000058	0.000000
45	tsk_45	(x)	1	:	0.000000	0.000000	0.000000	0.000000	0.000000	0.000000	0.000000	0.000000	0.325275	0.000000	0.000000	0.000000	0.674725	0.000000
46	tsk_46	(x)	1	:	0.243380	0.000000	0.000000	0.340312	0.000000	0.000000	0.000002	0.000005	0.416301	0.000000	0.000000	0.000000	0.000000	0.000000
47	tsk_47	(x)	1	:	0.124980	0.000000	0.000000	0.375006	0.000000	0.000000	0.000000	0.000000	0.000000	0.000000	0.000000	0.000034	0.000001	0.499978
48	tsk_48	(x)	1	:	0.000000	0.000000	0.000000	0.000000	0.000000	0.000000	0.000000	0.000000	0.000000	0.000000	0.000000	0.000000	1.000000	0.000000
49	tsk_49	(x)	1	:	0.259424	0.000000	0.000000	0.288309	0.000000	0.000000	0.000000	0.000000	0.000021	0.000000	0.000000	0.000000	0.452247	0.000000
50	tsk_50	(x)	1	:	0.000020	0.000000	0.000000	0.000002	0.000000	0.000000	0.000001	0.000002	0.501157	0.000000	0.000000	0.443756	0.055062	0.000000
51	tsk_51	(x)	1	:	0.000000	0.000000	0.000000	0.000000	0.000000	0.000000	0.000000	0.000000	0.000000	0.000000	0.000000	0.999987	0.000013	0.000000
52	tsk_52	(x)	1	:	0.000000	0.000000	0.000000	0.000000	0.000000	0.000000	0.000000	0.000000	0.000000	0.000000	0.000000	0.295598	0.704402	0.000000
53	tsk_53	(x)	1	:	0.000000	0.000000	0.000000	0.000000	0.000000	0.000000	0.000000	1.000000	0.000000	0.000000	0.000000	0.000000	0.000000	0.000000
54	tsk_54	(x)	1	:	0.000005	0.000000	0.000000	0.000001	0.000000	0.000000	0.000000	0.583689	0.416305	0.000000	0.000000	0.000000	0.000000	0.000000
55	tsk_55	(x)	1	:	0.000000	0.000000	0.000000	0.000000	0.000000	0.000000	0.000000	1.000000	0.000000	0.000000	0.000000	0.000000	0.000000	0.000000
56	tsk_56	(x)	1	:	0.219316	0.000000	0.000000	0.323603	0.000000	0.000000	0.000000	0.000000	0.000016	0.000000	0.000000	0.441782	0.015283	0.000000
57	tsk_57	(x)	1	:	0.000000	0.000000	0.000000	0.000000	0.000000	0.000000	0.000000	1.000000	0.000000	0.000000	0.000000	0.000000	0.000000	0.000000
58	tsk_58	(x)	1	:	0.000004	0.000000	0.000000	0.000000	0.000000	0.000000	0.000000	0.583688	0.416308	0.000000	0.000000	0.000000	0.000000	0.000000
59	tsk_59	(x)	1	:	0.304761	0.000000	0.000000	0.278936	0.000000	0.000000	0.000003	0.000009	0.416291	0.000000	0.000000	0.000000	0.000000	0.000000
60	tsk_60	(x)	1	:	0.000000	0.000000	0.000000	0.000000	0.523825	0.000000	0.000000	0.000000	0.000000	0.000000	0.000000	0.000003	0.000000	0.476172
61	tsk_61	(x)	1	:	0.000000	0.000000	0.000000	0.000000	0.000000	0.000000	0.000000	0.000000	0.000000	0.000000	0.491811	0.000033	0.000000	0.508155
62	tsk_62	(x)	1	:	0.197758	0.000000	0.000000	0.802242	0.000000	0.000000	0.000000	0.000000	0.000000	0.000000	0.000000	0.000000	0.000000	0.000000
63	tsk_63	(x)	1	:	0.345477	0.000000	0.000000	0.188839	0.000000	0.000000	0.465675	0.000000	0.000009	0.000000	0.000000	0.000000	0.000000	0.000000
64	tsk_64	(x)	1	:	0.144721	0.000000	0.000000	0.132778	0.000000	0.000000	0.000000	0.000000	0.361714	0.360787	0.000000	0.000000	0.000000	0.000000
65	tsk_65	(x)	1	:	0.048134	0.000000	0.000000	0.464936	0.000000	0.000000	0.000000	0.000000	0.000001	0.000000	0.486929	0.000000	0.000000	0.000000
66	tsk_66	(x)	1	:	0.000000	0.000000	0.000000	0.000000	0.539648	0.000000	0.000000	0.000000	0.000001	0.460338	0.000000	0.000000	0.000013	0.000000
67	tsk_67	(x)	1	:	0.000000	0.000000	0.000000	0.000000	0.000000	0.000000	0.253239	0.000000	0.379441	0.367320	0.000000	0.000000	0.000000	0.000000
68	tsk_68	(x)	1	:	0.096173	0.000000	0.000000	0.416897	0.000000	0.000000	0.000000	0.000000	0.000000	0.000000	0.486929	0.000000	0.000000	0.000000
69	tsk_69	(x)	1	:	0.000009	0.000000	0.000000	0.000001	0.000000	0.000000	0.000001	0.000001	0.478051	0.000000	0.000000	0.000078	0.000236	0.521623
70	tsk_70	(x)	1	:	0.263894	0.000000	0.000000	0.736105	0.000000	0.000000	0.000000	0.000000	0.000000	0.000000	0.000000	0.000000	0.000000	0.000000
71	tsk_71	(x)	1	:	0.144301	0.000000	0.000000	0.855699	0.000000	0.000000	0.000000	0.000000	0.000000	0.000000	0.000000	0.000000	0.000000	0.000000
72	tsk_72	(x)	1	:	0.364546	0.000000	0.000000	0.635454	0.000000	0.000000	0.000000	0.000000	0.000000	0.000000	0.000000	0.000000	0.000000	0.000000
73	tsk_73	(x)	1	:	0.189215	0.000000	0.000000	0.310767	0.000000	0.000000	0.000000	0.000000	0.000000	0.000000	0.000000	0.000046	0.000000	0.499972
74	tsk_74	(x)	1	:	0.243224	0.000000	0.000000	0.315628	0.440988	0.000000	0.000000	0.000000	0.000160	0.000000	0.000000	0.000000	0.000000	0.000000
75	tsk_75	(x)	1	:	0.255017	0.000000	0.000000	0.328674	0.000000	0.000000	0.000002	0.000004	0.416303	0.000000	0.000000	0.000000	0.000000	0.000000
76	tsk_76	(x)	1	:	0.224086	0.000000	0.000000	0.275902	0.000000	0.000000	0.000000	0.000000	0.000001	0.000000	0.000000	0.000026	0.000001	0.499983
77	tsk_77	(x)	1	:	0.129642	0.000000	0.000000	0.870358	0.000000	0.000000	0.000000	0.000000	0.000000	0.000000	0.000000	0.000000	0.000000	0.000000
78	tsk_78	(x)	1	:	0.358685	0.000000	0.000000	0.225007	0.000000	0.000000	0.000002	0.000005	0.416302	0.000000	0.000000	0.000000	0.000000	0.000000
79	tsk_79	(x)	1	:	0.279026	0.000000	0.000000	0.720974	0.000000	0.000000	0.000000	0.000000	0.000000	0.000000	0.000000	0.000000	0.000000	0.000000
80	tsk_80	(x)	1	:	0.000000	0.000000	0.000000	0.534311	0.000000	0.000000	0.465670	0.000000	0.000019	0.000000	0.000000	0.000000	0.000000	0.000000
81	tsk_81	(x)	1	:	0.000016	0.000000	0.000000	0.000002	0.000000	0.000000	0.000001	0.000000	0.999980	0.000000	0.000000	0.000000	0.000000	0.000000
82	tsk_82	(x)	1	:	0.000000	0.000000	0.000000	0.000000	0.452331	0.000000	0.514795	0.000000	0.032874	0.000000	0.000000	0.000000	0.000000	0.000000
83	tsk_83	(x)	1	:	0.336022	0.000000	0.000000	0.198287	0.000000	0.000000	0.465668	0.000000	0.000024	0.000000	0.000000	0.000000	0.000000	0.000000
84	tsk_84	(x)	1	:	0.000000	0.000000	0.000000	0.000000	0.000000	0.000000	0.000000	0.000000	0.000000	0.000000	1.000000	0.000000	0.000000	0.000000
85	tsk_85	(x)	1	:	0.130697	0.000000	0.000000	0.869303	0.000000	0.000000	0.000000	0.000000	0.000000	0.000000	0.000000	0.000000	0.000000	0.000000
86	tsk_86	(x)	1	:	0.000000	0.000000	0.000000	0.000000	0.000000	0.000000	0.499131	0.000000	0.000061	0.000000	0.500808	0.000000	0.000000	0.000000
87	tsk_87	(x)	1	:	0.007380	0.000000	0.000000	0.414602	0.000000	0.000000	0.000000	0.000000	0.000000	0.000000	0.578019	0.000000	0.000000	0.000000
88	tsk_88	(x)	1	:	0.138694	0.000000	0.000000	0.861305	0.000000	0.000000	0.000000	0.000000	0.000000	0.000000	0.000000	0.000000	0.000000	0.000000
89	tsk_89	(x)	1	:	0.054282	0.000000	0.300137	0.153917	0.000000	0.000000	0.000000	0.000000	0.000000	0.491664	0.000000	0.000000	0.000000	0.000000
90	tsk_90	(x)	1	:	0.147649	0.000000	0.000000	0.360514	0.000000	0.000000	0.000000	0.000000	0.000003	0.491800	0.000000	0.000000	0.000034	0.000000
91	tsk_91	(x)	1	:	0.187969	0.000000	0.000000	0.370895	0.440993	0.000000	0.000000	0.000000	0.000143	0.000000	0.000000	0.000000	0.000000	0.000000
92	tsk_92	(x)	1	:	0.213788	0.000000	0.000000	0.786212	0.000000	0.000000	0.000000	0.000000	0.000000	0.000000	0.000000	0.000000	0.000000	0.000000
93	tsk_93	(x)	1	:	0.109645	0.000000	0.000000	0.890354	0.000000	0.000000	0.000000	0.000000	0.000000	0.000000	0.000000	0.000000	0.000000	0.000000
94	tsk_94	(x)	1	:	0.109729	0.000000	0.000000	0.390256	0.000000	0.000000	0.000000	0.000000	0.000000	0.000000	0.000000	0.000039	0.000001	0.499976
95	tsk_95	(x)	1	:	0.087435	0.000000	0.000000	0.412546	0.000000	0.000000	0.000000	0.000000	0.000000	0.000000	0.000000	0.000044	0.000002	0.499973
96	tsk_96	(x)	1	:	0.236828	0.000000	0.000000	0.763172	0.000000	0.000000	0.000000	0.000000	0.000000	0.000000	0.000000	0.000000	0.000000	0.000000
97	tsk_97	(x)	1	:	0.298881	0.000000	0.000000	0.201103	0.000000	0.000000	0.000000	0.000000	0.000000	0.000000	0.000000	0.000038	0.000001	0.499976
98	tsk_98	(x)	1	:	0.323344	0.000000	0.000000	0.676656	0.000000	0.000000	0.000000	0.000000	0.000000	0.000000	0.000000	0.000000	0.000000	0.000000
99	tsk_99	(x)	1	:	0.000000	0.000000	0.000000	0.000000	0.451648	0.000000	0.000000	0.000000	0.027323	0.000000	0.000000	0.000050	0.000360	0.520619
100	tsk_100	(x)	1	:	0.172931	0.000000	0.000000	0.335225	0.000000	0.000000	0.000000	0.000000	0.000003	0.491783	0.000000	0.000000	0.000059	0.000000
101	tsk_101	(x)	1	:	0.000000	0.000000	0.000000	0.000000	0.449959	0.000000	0.000000	0.000000	0.030175	0.000000	0.000000	0.000052	0.000009	0.519805
102	tsk_102	(x)	1	:	0.118922	0.000000	0.000000	0.389241	0.000000	0.000000	0.000000	0.000000	0.000004	0.491799	0.000000	0.000000	0.000034	0.000000
103	tsk_103	(x)	1	:	0.108794	0.000000	0.000000	0.399367	0.000000	0.000000	0.000000	0.000000	0.000005	0.491796	0.000000	0.000000	0.000038	0.000000
104	tsk_104	(x)	1	:	0.000000	0.000000	0.000000	0.000000	0.000000	0.000000	0.000000	0.000000	0.000000	1.000000	0.000000	0.000000	0.000000	0.000000
105	tsk_105	(x)	1	:	0.058411	0.000000	0.428482	0.019385	0.000000	0.000000	0.000000	0.000000	0.000009	0.493685	0.000000	0.000000	0.000028	0.000000
106	tsk_106	(x)	1	:	0.163344	0.000000	0.000000	0.420349	0.000000	0.000000	0.000002	0.000007	0.416298	0.000000	0.000000	0.000000	0.000000	0.000000
107	tsk_107	(x)	1	:	0.353965	0.000000	0.000000	0.169822	0.000363	0.475849	0.000000	0.000000	0.000001	0.000000	0.000000	0.000000	0.000000	0.000000
108	tsk_108	(x)	1	:	0.203615	0.000000	0.000000	0.296368	0.000000	0.000000	0.000000	0.000000	0.000000	0.000000	0.000000	0.000042	0.000001	0.499974
109	tsk_109	(x)	1	:	0.069407	0.000000	0.429862	0.006510	0.000000	0.000000	0.000000	0.000000	0.000006	0.494048	0.000000	0.000000	0.000166	0.000000
110	tsk_110	(x)	1	:	0.000000	0.488085	0.000000	0.000000	0.511915	0.000000	0.000000	0.000000	0.000000	0.000000	0.000000	0.000000	0.000000	0.000000
111	tsk_111	(x)	1	:	0.000000	0.000000	0.000000	0.000000	0.539647	0.000000	0.000000	0.000000	0.000000	0.460333	0.000000	0.000000	0.000020	0.000000
112	tsk_112	(x)	1	:	0.000000	1.000000	0.000000	0.000000	0.000000	0.000000	0.000000	0.000000	0.000000	0.000000	0.000000	0.000000	0.000000	0.000000
113	tsk_113	(x)	1	:	0.000000	0.000000	0.000000	0.000000	0.657585	0.342415	0.000000	0.000000	0.000000	0.000000	0.000000	0.000000	0.000000	0.000000
114	tsk_114	(x)	1	:	0.105139	0.497916	0.000000	0.396944	0.000000	0.000000	0.000000	0.000000	0.000001	0.000000	0.000000	0.000000	0.000000	0.000000
115	tsk_115	(x)	1	:	0.164565	0.516234	0.000000	0.319201	0.000000	0.000000	0.000000	0.000000	0.000000	0.000000	0.000000	0.000000	0.000000	0.000000
116	tsk_116	(x)	1	:	0.000000	0.000000	0.000000	0.000000	1.000000	0.000000	0.000000	0.000000	0.000000	0.000000	0.000000	0.000000	0.000000	0.000000
117	tsk_117	(x)	1	:	0.000000	1.000000	0.000000	0.000000	0.000000	0.000000	0.000000	0.000000	0.000000	0.000000	0.000000	0.000000	0.000000	0.000000
118	tsk_118	(x)	1	:	0.000000	0.000000	0.000000	0.000000	0.000000	0.000000	0.000000	0.000000	0.000000	0.000000	0.491811	0.000036	0.000001	0.508153
119	tsk_119	(x)	1	:	0.085892	0.516234	0.000000	0.397874	0.000000	0.000000	0.000000	0.000000	0.000000	0.000000	0.000000	0.000000	0.000000	0.000000
120	tsk_120	(x)	1	:	0.000000	0.000000	0.000000	0.000000	0.000000	0.000000	0.000000	0.000000	0.000000	0.000000	0.000000	0.000156	0.467803	0.532040
121	tsk_121	(x)	1	:	0.141226	0.000000	0.000000	0.858774	0.000000	0.000000	0.000000	0.000000	0.000000	0.000000	0.000000	0.000000	0.000000	0.000000
122	tsk_122	(x)	1	:	0.094154	0.000000	0.421654	0.043390	0.440702	0.000000	0.000000	0.000000	0.000101	0.000000	0.000000	0.000000	0.000000	0.000000
123	tsk_123	(x)	1	:	0.116927	0.000000	0.000000	0.383058	0.000000	0.000000	0.000000	0.000000	0.000000	0.000000	0.000000	0.000038	0.000000	0.499977
124	tsk_124	(x)	1	:	0.000000	0.000000	0.000000	0.000000	0.451720	0.000000	0.513465	0.000000	0.034815	0.000000	0.000000	0.000000	0.000000	0.000000
125	tsk_125	(x)	1	:	0.073587	0.000000	0.000000	0.426399	0.000000	0.000000	0.000000	0.000000	0.000001	0.000000	0.000000	0.000031	0.000001	0.499980
126	tsk_126	(x)	1	:	0.109229	0.000000	0.000000	0.890770	0.000000	0.000000	0.000000	0.000000	0.000000	0.000000	0.000000	0.000000	0.000000	0.000000
127	tsk_127	(x)	1	:	0.125120	0.000000	0.000000	0.374861	0.000000	0.000000	0.000000	0.000000	0.000000	0.000000	0.000000	0.000048	0.000001	0.499970
128	tsk_128	(x)	1	:	0.000000	0.000000	0.000000	0.000000	0.449953	0.000000	0.000000	0.000000	0.030206	0.000000	0.000000	0.000022	0.000000	0.519819
129	tsk_129	(x)	1	:	0.077811	0.000000	0.421738	0.059589	0.440709	0.000000	0.000000	0.000000	0.000152	0.000000	0.000000	0.000000	0.000000	0.000000
130	tsk_130	(x)	1	:	0.180925	0.000000	0.000000	0.249870	0.000000	0.000000	0.000000	0.000000	0.000000	0.000000	0.000000	0.000000	0.569205	0.000000
131	tsk_131	(x)	1	:	0.121736	0.000000	0.000000	0.425977	0.000000	0.000000	0.000000	0.000000	0.000060	0.000000	0.000000	0.000000	0.452227	0.000000
132	tsk_132	(x)	1	:	0.000000	0.000000	0.000000	0.000000	0.000000	0.000000	0.000000	0.000000	0.000000	0.000000	0.000000	0.000098	0.467843	0.532059
133	tsk_133	(x)	1	:	0.430794	0.000000	0.000000	0.000000	0.000000	0.000000	0.000000	0.000000	0.000000	0.000000	0.000000	0.000000	0.569205	0.000000
134	tsk_134	(x)	1	:	0.163634	0.000000	0.000000	0.836366	0.000000	0.000000	0.000000	0.000000	0.000000	0.000000	0.000000	0.000000	0.000000	0.000000
135	tsk_135	(x)	1	:	0.120214	0.000000	0.000000	0.879786	0.000000	0.000000	0.000000	0.000000	0.000000	0.000000	0.000000	0.000000	0.000000	0.000000
136	tsk_136	(x)	1	:	0.000000	0.000000	0.000000	0.000000	0.000000	0.000000	0.000000	0.000000	0.000000	0.000000	0.000000	0.000000	1.000000	0.000000
137	tsk_137	(x)	1	:	0.000000	0.000000	0.000000	0.000000	0.291235	0.000000	0.000000	0.000000	0.310208	0.000000	0.000000	0.000000	0.398557	0.000000
138	tsk_138	(x)	1	:	0.214831	0.000000	0.000000	0.785169	0.000000	0.000000	0.000000	0.000000	0.000000	0.000000	0.000000	0.000000	0.000000	0.000000
139	tsk_139	(x)	1	:	0.199625	0.000000	0.000000	0.800374	0.000000	0.000000	0.000000	0.000000	0.000000	0.000000	0.000000	0.000000	0.000000	0.000000
140	tsk_140	(x)	1	:	0.000000	0.000000	0.000000	0.000000	0.000000	0.000000	0.539076	0.000000	0.000000	0.000000	0.000000	0.000051	0.000000	0.460872
141	tsk_141	(x)	1	:	0.179392	0.000000	0.000000	0.354914	0.000000	0.000000	0.465665	0.000000	0.000029	0.000000	0.000000	0.000000	0.000000	0.000000
142	tsk_142	(x)	1	:	0.000000	0.000000	0.000000	0.000000	0.000000	0.000000	0.000000	0.000000	0.000000	0.000000	0.000000	0.000000	0.000000	1.000000
143	tsk_143	(x)	1	:	0.000000	0.498281	0.000000	0.000000	0.000000	0.000000	0.000000	0.000000	0.000000	0.000000	0.000000	0.000020	0.000002	0.501696
144	tsk_144	(x)	1	:	0.000000	0.000000	0.000000	0.000000	0.000000	0.000000	0.539076	0.000000	0.000000	0.000000	0.000000	0.000051	0.000000	0.460872
145	tsk_145	(x)	1	:	0.000000	0.000000	0.000000	0.433776	0.000000	0.000000	0.000000	0.000000	0.000000	0.566224	0.000000	0.000000	0.000000	0.000000
146	tsk_146	(x)	1	:	0.000000	0.000000	0.000000	0.000000	0.000000	0.000000	0.539076	0.000000	0.000000	0.000000	0.000000	0.000052	0.000000	0.460872
147	tsk_147	(x)	1	:	0.000000	0.000000	0.000000	0.000000	0.450818	0.000000	0.000000	0.000000	0.028744	0.000000	0.000000	0.000040	0.000169	0.520229
148	tsk_148	(x)	1	:	0.049165	0.000000	0.000000	0.450818	0.000000	0.000000	0.000000	0.000000	0.000000	0.000000	0.000000	0.000042	0.000001	0.499974
149	tsk_149	(x)	1	:	0.000000	0.000000	0.000000	0.000000	0.000000	0.000000	0.000000	0.000000	0.000000	0.000000	0.000000	0.000000	0.000000	1.000000
