logL = -677.715953 (converged)
AIC = 5081.431906
BIC = 10690.245459

count.K
3 10 2 22 9 10 27 7 14 3 43 

