logL = -645.352933 (converged)
AIC = 6142.705867
BIC = 13446.507090

count.K
5 6 14 2 37 11 39 1 19 7 4 1 4 0 

