logL = -883.536194 (converged)
AIC = 6731.072389
BIC = 14203.469188

count.K
9 4 8 10 28 2 1 2 5 3 8 24 7 39 

