logL = -1755.403865 (converged)
AIC = 5562.807731
BIC = 8651.719542

count.K
48 11 12 11 34 34 

