0	tsk_0	(x)	1	:	0.000000	0.509660	0.000000	0.000000	0.000000	0.000000	0.000000	0.010682	0.000000	0.000000	0.000000	0.479657
1	tsk_1	(x)	1	:	0.000000	0.000000	0.000000	0.000000	0.000000	0.000000	0.000000	0.000000	0.000000	0.000000	0.000000	1.000000
2	tsk_2	(x)	1	:	0.000000	0.695089	0.000000	0.000000	0.304911	0.000000	0.000000	0.000000	0.000000	0.000000	0.000000	0.000000
3	tsk_3	(x)	1	:	0.000000	0.000000	0.000000	0.000000	0.000000	0.000000	0.000000	0.432936	0.000000	0.000000	0.000000	0.567064
4	tsk_4	(x)	1	:	0.000000	0.000000	0.000000	0.509030	0.000000	0.000000	0.000000	0.490970	0.000000	0.000000	0.000000	0.000000
5	tsk_5	(x)	1	:	0.000000	0.473858	0.526131	0.000000	0.000000	0.000000	0.000000	0.000011	0.000000	0.000000	0.000000	0.000000
6	tsk_6	(x)	1	:	0.000000	0.000000	0.000000	0.000000	0.000000	0.000000	0.000000	0.000000	0.000000	0.000000	0.000000	1.000000
7	tsk_7	(x)	1	:	0.000000	0.000000	0.000000	0.023848	0.000000	0.000000	0.395424	0.000000	0.000000	0.000000	0.000000	0.580728
8	tsk_8	(x)	1	:	0.000000	0.214543	0.000000	0.000000	0.304664	0.000000	0.000000	0.480793	0.000000	0.000000	0.000000	0.000000
9	tsk_9	(x)	1	:	0.500433	0.000000	0.000000	0.000000	0.000000	0.000000	0.000000	0.014420	0.000000	0.000000	0.000000	0.485146
10	tsk_10	(x)	1	:	0.000000	0.000001	0.000000	0.000000	0.481407	0.000000	0.000000	0.000000	0.000000	0.000000	0.000000	0.518592
11	tsk_11	(x)	1	:	0.000000	0.000000	0.498998	0.000000	0.501002	0.000000	0.000000	0.000000	0.000000	0.000000	0.000000	0.000000
12	tsk_12	(x)	1	:	0.000000	0.435973	0.000000	0.000000	0.564027	0.000000	0.000000	0.000000	0.000000	0.000000	0.000000	0.000000
13	tsk_13	(x)	1	:	0.000000	0.497992	0.000000	0.000000	0.000000	0.000000	0.000000	0.002668	0.000000	0.000000	0.499340	0.000000
14	tsk_14	(x)	1	:	0.000000	0.000000	0.000000	0.000000	0.481407	0.000000	0.000000	0.000001	0.000000	0.000000	0.000000	0.518592
15	tsk_15	(x)	1	:	0.000000	0.000000	0.000000	1.000000	0.000000	0.000000	0.000000	0.000000	0.000000	0.000000	0.000000	0.000000
16	tsk_16	(x)	1	:	0.000000	0.000000	0.000000	0.000000	1.000000	0.000000	0.000000	0.000000	0.000000	0.000000	0.000000	0.000000
17	tsk_17	(x)	1	:	0.000000	0.000000	0.000000	0.000000	0.000000	0.489194	0.000000	0.000000	0.000000	0.000000	0.000000	0.510806
18	tsk_18	(x)	1	:	0.000000	0.000000	0.000000	0.442908	0.000000	0.000000	0.000000	0.000000	0.000000	0.000000	0.000000	0.557092
19	tsk_19	(x)	1	:	0.000000	0.000276	0.000000	0.383100	0.545784	0.000000	0.000000	0.070833	0.000000	0.000000	0.000000	0.000007
20	tsk_20	(x)	1	:	0.000000	0.000000	0.000000	0.502655	0.000000	0.000000	0.000000	0.000252	0.000000	0.000000	0.497092	0.000000
21	tsk_21	(x)	1	:	0.000000	0.000000	0.000000	0.000000	0.000000	0.000000	0.495136	0.000000	0.000000	0.000000	0.504864	0.000000
22	tsk_22	(x)	1	:	0.000000	0.000000	0.000000	0.000000	0.000000	0.000000	0.000000	0.000000	0.000000	0.000000	1.000000	0.000000
23	tsk_23	(x)	1	:	0.000000	0.000000	0.000000	0.000000	0.000000	0.000000	0.531187	0.468813	0.000000	0.000000	0.000000	0.000000
24	tsk_24	(x)	1	:	0.000000	0.000000	0.000000	0.000000	0.000000	0.000000	0.518935	0.000000	0.481065	0.000000	0.000000	0.000000
25	tsk_25	(x)	1	:	0.000000	0.000000	0.529293	0.000000	0.000000	0.000000	0.000000	0.000045	0.000000	0.000000	0.000000	0.470662
26	tsk_26	(x)	1	:	0.000000	0.000000	0.000000	0.000000	0.000000	0.000000	0.526410	0.000001	0.000000	0.000000	0.473590	0.000000
27	tsk_27	(x)	1	:	0.000000	0.000000	0.000000	0.000000	0.000000	0.000000	0.555550	0.000000	0.000000	0.000000	0.000000	0.444449
28	tsk_28	(x)	1	:	0.000000	0.000000	0.000000	0.000000	0.000000	0.000000	0.518935	0.000000	0.481065	0.000000	0.000000	0.000000
29	tsk_29	(x)	1	:	0.000000	0.000000	0.000000	0.000000	0.000000	0.000000	0.000000	0.490154	0.000000	0.000000	0.509846	0.000000
30	tsk_30	(x)	1	:	0.000000	0.000000	0.000000	0.000000	0.000000	0.000000	0.000000	0.000000	0.000000	0.000000	1.000000	0.000000
31	tsk_31	(x)	1	:	0.000000	0.518992	0.000000	0.000000	0.000000	0.000000	0.000000	0.481007	0.000000	0.000000	0.000000	0.000000
32	tsk_32	(x)	1	:	0.000000	0.000000	0.000000	0.000000	0.000000	0.000000	0.000000	0.000000	0.000000	0.000000	0.466672	0.533328
33	tsk_33	(x)	1	:	0.000000	0.473854	0.526130	0.000000	0.000000	0.000000	0.000000	0.000016	0.000000	0.000000	0.000000	0.000000
34	tsk_34	(x)	1	:	0.000000	0.000000	0.000000	0.000000	0.000000	0.000000	0.000000	0.000000	0.000000	0.000000	1.000000	0.000000
35	tsk_35	(x)	1	:	0.000000	0.000000	0.000000	0.000000	0.000000	0.000000	0.000000	0.000000	0.000000	0.000000	1.000000	0.000000
36	tsk_36	(x)	1	:	0.000000	0.000000	0.520456	0.000000	0.000000	0.000000	0.000000	0.000000	0.000000	0.000000	0.479543	0.000000
37	tsk_37	(x)	1	:	0.000000	0.000000	0.000000	0.000000	0.000000	0.000000	0.000000	0.000000	0.000000	0.000000	1.000000	0.000000
38	tsk_38	(x)	1	:	0.000000	0.000000	0.520456	0.000000	0.000000	0.000000	0.000000	0.000000	0.000000	0.000000	0.479544	0.000000
39	tsk_39	(x)	1	:	0.000000	0.000000	0.000000	0.502671	0.000000	0.000000	0.000000	0.000205	0.000000	0.000000	0.497124	0.000000
40	tsk_40	(x)	1	:	0.000000	0.000000	0.453295	0.000000	0.000000	0.000000	0.000000	0.546705	0.000000	0.000000	0.000000	0.000000
41	tsk_41	(x)	1	:	0.493867	0.000000	0.000000	0.506043	0.000000	0.000000	0.000000	0.000091	0.000000	0.000000	0.000000	0.000000
42	tsk_42	(x)	1	:	0.000000	0.000000	0.511894	0.488106	0.000000	0.000000	0.000000	0.000000	0.000000	0.000000	0.000000	0.000000
43	tsk_43	(x)	1	:	0.000000	0.495408	0.000000	0.503133	0.000000	0.000000	0.000000	0.001458	0.000000	0.000000	0.000000	0.000000
44	tsk_44	(x)	1	:	0.492581	0.200344	0.000000	0.000000	0.303880	0.000000	0.000000	0.003194	0.000000	0.000000	0.000000	0.000000
45	tsk_45	(x)	1	:	0.492457	0.199976	0.000000	0.000000	0.303877	0.000000	0.000000	0.003690	0.000000	0.000000	0.000000	0.000000
46	tsk_46	(x)	1	:	1.000000	0.000000	0.000000	0.000000	0.000000	0.000000	0.000000	0.000000	0.000000	0.000000	0.000000	0.000000
47	tsk_47	(x)	1	:	0.493847	0.000000	0.000000	0.506028	0.000000	0.000000	0.000000	0.000124	0.000000	0.000000	0.000000	0.000000
48	tsk_48	(x)	1	:	0.000000	0.170292	0.525762	0.000000	0.303923	0.000000	0.000000	0.000023	0.000000	0.000000	0.000000	0.000000
49	tsk_49	(x)	1	:	0.000000	0.509688	0.000000	0.000000	0.000000	0.000000	0.000000	0.010645	0.000000	0.000000	0.000000	0.479666
50	tsk_50	(x)	1	:	0.000000	1.000000	0.000000	0.000000	0.000000	0.000000	0.000000	0.000000	0.000000	0.000000	0.000000	0.000000
51	tsk_51	(x)	1	:	0.000000	0.000000	0.511894	0.488106	0.000000	0.000000	0.000000	0.000000	0.000000	0.000000	0.000000	0.000000
52	tsk_52	(x)	1	:	0.000000	0.000000	0.000000	0.448452	0.000000	0.000000	0.000000	0.551548	0.000000	0.000000	0.000000	0.000000
53	tsk_53	(x)	1	:	0.000000	1.000000	0.000000	0.000000	0.000000	0.000000	0.000000	0.000000	0.000000	0.000000	0.000000	0.000000
54	tsk_54	(x)	1	:	0.000000	1.000000	0.000000	0.000000	0.000000	0.000000	0.000000	0.000000	0.000000	0.000000	0.000000	0.000000
55	tsk_55	(x)	1	:	0.492862	0.503710	0.000000	0.000000	0.000000	0.000000	0.000000	0.003428	0.000000	0.000000	0.000000	0.000000
56	tsk_56	(x)	1	:	0.000000	0.000000	0.000000	1.000000	0.000000	0.000000	0.000000	0.000000	0.000000	0.000000	0.000000	0.000000
57	tsk_57	(x)	1	:	0.492886	0.503786	0.000000	0.000000	0.000000	0.000000	0.000000	0.003328	0.000000	0.000000	0.000000	0.000000
58	tsk_58	(x)	1	:	0.492991	0.504105	0.000000	0.000000	0.000000	0.000000	0.000000	0.002905	0.000000	0.000000	0.000000	0.000000
59	tsk_59	(x)	1	:	0.000000	0.000000	0.000000	1.000000	0.000000	0.000000	0.000000	0.000000	0.000000	0.000000	0.000000	0.000000
60	tsk_60	(x)	1	:	0.000000	0.000000	0.542654	0.000000	0.000000	0.000000	0.000000	0.457346	0.000000	0.000000	0.000000	0.000000
61	tsk_61	(x)	1	:	0.000000	0.000000	0.000000	0.509030	0.000000	0.000000	0.000000	0.490970	0.000000	0.000000	0.000000	0.000000
62	tsk_62	(x)	1	:	0.000000	0.514702	0.000000	0.000001	0.000000	0.000000	0.463417	0.021880	0.000000	0.000000	0.000000	0.000000
63	tsk_63	(x)	1	:	0.000000	0.000000	0.000000	0.000000	0.000000	0.000000	1.000000	0.000000	0.000000	0.000000	0.000000	0.000000
64	tsk_64	(x)	1	:	0.000000	0.473856	0.526131	0.000000	0.000000	0.000000	0.000000	0.000013	0.000000	0.000000	0.000000	0.000000
65	tsk_65	(x)	1	:	0.000000	0.000000	0.000000	0.000000	0.000000	0.000000	0.000000	0.599221	0.000000	0.000000	0.400779	0.000000
66	tsk_66	(x)	1	:	0.000000	0.000000	0.520456	0.000000	0.000000	0.000000	0.000000	0.000000	0.000000	0.000000	0.479543	0.000000
67	tsk_67	(x)	1	:	0.000000	0.000000	0.000000	0.000000	0.000000	0.000000	0.000000	0.490154	0.000000	0.000000	0.509846	0.000000
68	tsk_68	(x)	1	:	0.000000	0.518992	0.000000	0.000000	0.000000	0.000000	0.000000	0.481007	0.000000	0.000000	0.000000	0.000000
69	tsk_69	(x)	1	:	0.000000	0.469799	0.000000	0.000000	0.000000	0.000000	0.530195	0.000005	0.000000	0.000000	0.000000	0.000000
70	tsk_70	(x)	1	:	0.023891	0.517034	0.357605	0.000000	0.000000	0.000000	0.000000	0.101466	0.000000	0.000005	0.000000	0.000000
71	tsk_71	(x)	1	:	0.493594	0.506406	0.000000	0.000000	0.000000	0.000000	0.000000	0.000000	0.000000	0.000000	0.000000	0.000000
72	tsk_72	(x)	1	:	0.052217	0.000000	0.947783	0.000000	0.000000	0.000000	0.000000	0.000000	0.000000	0.000000	0.000000	0.000000
73	tsk_73	(x)	1	:	0.024828	0.000000	0.357747	0.000000	0.000000	0.000000	0.000000	0.617422	0.000000	0.000003	0.000000	0.000000
74	tsk_74	(x)	1	:	0.000000	0.000000	0.542654	0.000000	0.000000	0.000000	0.000000	0.457346	0.000000	0.000000	0.000000	0.000000
75	tsk_75	(x)	1	:	0.573575	0.000000	0.000000	0.000000	0.000000	0.000000	0.000000	0.000000	0.000000	0.000000	0.000000	0.426425
76	tsk_76	(x)	1	:	0.000000	0.000000	0.000000	0.509030	0.000000	0.000000	0.000000	0.490970	0.000000	0.000000	0.000000	0.000000
77	tsk_77	(x)	1	:	0.000000	0.518992	0.000000	0.000000	0.000000	0.000000	0.000000	0.481007	0.000000	0.000000	0.000000	0.000000
78	tsk_78	(x)	1	:	0.497992	0.000000	0.000000	0.000000	0.000000	0.000000	0.000000	0.502008	0.000000	0.000000	0.000000	0.000000
79	tsk_79	(x)	1	:	0.000000	0.518992	0.000000	0.000000	0.000000	0.000000	0.000000	0.481007	0.000000	0.000000	0.000000	0.000000
80	tsk_80	(x)	1	:	0.000000	0.488370	0.000000	0.000000	0.000000	0.000000	0.000000	0.000000	0.000000	0.511630	0.000000	0.000000
81	tsk_81	(x)	1	:	0.000000	0.000000	0.000000	0.000000	0.554181	0.000000	0.000000	0.000000	0.000000	0.445819	0.000000	0.000000
82	tsk_82	(x)	1	:	0.000000	0.000000	0.540345	0.000000	0.000000	0.000000	0.000000	0.000000	0.000000	0.459655	0.000000	0.000000
83	tsk_83	(x)	1	:	0.000000	0.317628	0.000000	0.000000	0.682372	0.000000	0.000000	0.000000	0.000000	0.000000	0.000000	0.000000
84	tsk_84	(x)	1	:	0.000000	0.000000	0.000000	0.000000	0.000000	0.000000	0.000000	0.498411	0.000000	0.501589	0.000000	0.000000
85	tsk_85	(x)	1	:	0.000000	0.543908	0.000000	0.456092	0.000000	0.000000	0.000000	0.000000	0.000000	0.000000	0.000000	0.000000
86	tsk_86	(x)	1	:	0.000000	0.197368	0.000000	0.000000	0.304856	0.000000	0.000000	0.000470	0.000000	0.497306	0.000000	0.000000
87	tsk_87	(x)	1	:	0.000000	0.456286	0.000000	0.000000	0.543714	0.000000	0.000000	0.000000	0.000000	0.000000	0.000000	0.000000
88	tsk_88	(x)	1	:	0.000000	0.634909	0.000000	0.365090	0.000000	0.000000	0.000000	0.000000	0.000000	0.000000	0.000000	0.000001
89	tsk_89	(x)	1	:	0.000000	0.317628	0.000000	0.000000	0.682372	0.000000	0.000000	0.000000	0.000000	0.000000	0.000000	0.000000
90	tsk_90	(x)	1	:	0.000000	0.000000	0.000000	0.000000	0.000000	0.000000	0.000000	0.000000	0.000000	0.000000	0.000000	1.000000
91	tsk_91	(x)	1	:	0.000000	0.000000	0.000000	0.000000	0.000000	0.000000	0.000000	0.000000	0.000000	0.000000	0.000000	1.000000
92	tsk_92	(x)	1	:	0.000000	0.000000	0.000000	0.383699	0.000000	0.000000	0.000000	0.616296	0.000000	0.000000	0.000000	0.000005
93	tsk_93	(x)	1	:	0.000000	0.000000	0.000000	0.000000	0.000000	0.000000	0.000000	0.000000	1.000000	0.000000	0.000000	0.000000
94	tsk_94	(x)	1	:	0.000000	0.000000	0.521548	0.000000	0.000000	0.000000	0.000000	0.000000	0.478452	0.000000	0.000000	0.000000
95	tsk_95	(x)	1	:	0.000000	0.000000	0.000000	0.000000	0.000000	0.000000	0.000000	0.590231	0.000000	0.000000	0.000000	0.409769
96	tsk_96	(x)	1	:	0.000000	0.509724	0.000000	0.000000	0.000000	0.000000	0.000000	0.010598	0.000000	0.000000	0.000000	0.479678
97	tsk_97	(x)	1	:	0.000000	0.509655	0.000000	0.000000	0.000000	0.000000	0.000000	0.010689	0.000000	0.000000	0.000000	0.479656
98	tsk_98	(x)	1	:	0.000000	0.000000	0.000000	0.000000	0.000000	0.000000	0.000000	0.000000	1.000000	0.000000	0.000000	0.000000
99	tsk_99	(x)	1	:	0.000000	0.000000	0.000000	0.000000	0.000000	0.000000	0.000000	0.000000	0.000000	0.000000	0.000000	1.000000
100	tsk_100	(x)	1	:	0.000000	0.000000	0.000000	0.000000	0.000000	0.000000	0.000000	0.517242	0.000000	0.000000	0.000000	0.482758
101	tsk_101	(x)	1	:	0.000000	0.000000	0.000000	0.529158	0.000000	0.000000	0.000000	0.000000	0.000000	0.000000	0.000000	0.470842
102	tsk_102	(x)	1	:	0.000000	0.000289	0.000000	0.000000	0.546382	0.000000	0.000000	0.453329	0.000000	0.000000	0.000000	0.000000
103	tsk_103	(x)	1	:	0.000000	0.000000	0.000000	0.000004	0.000000	0.000000	0.465273	0.534723	0.000000	0.000000	0.000000	0.000000
104	tsk_104	(x)	1	:	0.000000	0.000288	0.000000	0.000000	0.546383	0.000000	0.000000	0.453329	0.000000	0.000000	0.000000	0.000000
105	tsk_105	(x)	1	:	0.000000	0.518992	0.000000	0.000000	0.000000	0.000000	0.000000	0.481007	0.000000	0.000000	0.000000	0.000000
106	tsk_106	(x)	1	:	0.000000	0.000000	0.000000	0.000000	1.000000	0.000000	0.000000	0.000000	0.000000	0.000000	0.000000	0.000000
107	tsk_107	(x)	1	:	0.000000	0.000000	0.000000	0.000000	0.000000	0.000000	0.000000	0.000000	0.000000	0.000000	1.000000	0.000000
108	tsk_108	(x)	1	:	0.000000	1.000000	0.000000	0.000000	0.000000	0.000000	0.000000	0.000000	0.000000	0.000000	0.000000	0.000000
109	tsk_109	(x)	1	:	0.000000	1.000000	0.000000	0.000000	0.000000	0.000000	0.000000	0.000000	0.000000	0.000000	0.000000	0.000000
110	tsk_110	(x)	1	:	0.000000	0.278078	0.000000	0.000000	0.721922	0.000000	0.000000	0.000000	0.000000	0.000000	0.000000	0.000000
111	tsk_111	(x)	1	:	0.000000	0.205174	0.000000	0.000000	0.304335	0.000000	0.481787	0.008703	0.000000	0.000000	0.000000	0.000000
112	tsk_112	(x)	1	:	0.000000	0.509287	0.000000	0.000000	0.000000	0.000000	0.481880	0.008833	0.000000	0.000000	0.000000	0.000000
113	tsk_113	(x)	1	:	0.000000	0.176242	0.000000	0.000000	0.304173	0.000000	0.519530	0.000055	0.000000	0.000000	0.000000	0.000000
114	tsk_114	(x)	1	:	0.000000	0.000000	0.524852	0.000000	0.000000	0.000000	0.475148	0.000000	0.000000	0.000000	0.000000	0.000000
115	tsk_115	(x)	1	:	0.000000	0.695089	0.000000	0.000000	0.304911	0.000000	0.000000	0.000000	0.000000	0.000000	0.000000	0.000000
116	tsk_116	(x)	1	:	0.000000	0.695089	0.000000	0.000000	0.304911	0.000000	0.000000	0.000000	0.000000	0.000000	0.000000	0.000000
117	tsk_117	(x)	1	:	0.000000	0.000000	0.498998	0.000000	0.501002	0.000000	0.000000	0.000000	0.000000	0.000000	0.000000	0.000000
118	tsk_118	(x)	1	:	0.000000	0.170285	0.525752	0.000000	0.303914	0.000000	0.000000	0.000049	0.000000	0.000000	0.000000	0.000000
119	tsk_119	(x)	1	:	0.000000	0.509330	0.000000	0.000000	0.000000	0.000000	0.481887	0.008783	0.000000	0.000000	0.000000	0.000000
120	tsk_120	(x)	1	:	0.000000	0.000000	0.000000	0.000000	0.000000	0.000000	1.000000	0.000000	0.000000	0.000000	0.000000	0.000000
121	tsk_121	(x)	1	:	0.022180	0.000000	0.359555	0.000000	0.000000	0.000000	0.000000	0.108810	0.000000	0.000012	0.509443	0.000000
122	tsk_122	(x)	1	:	0.000000	0.000000	0.000000	0.000000	0.000000	0.477842	0.522158	0.000000	0.000000	0.000000	0.000000	0.000000
123	tsk_123	(x)	1	:	0.000000	0.508297	0.000000	0.000000	0.000000	0.000000	0.000000	0.000000	0.000000	0.000000	0.000000	0.491703
124	tsk_124	(x)	1	:	0.000000	0.518992	0.000000	0.000000	0.000000	0.000000	0.000000	0.481007	0.000000	0.000000	0.000000	0.000000
125	tsk_125	(x)	1	:	0.023298	0.212756	0.357940	0.000000	0.304455	0.000000	0.000000	0.101544	0.000000	0.000006	0.000000	0.000000
126	tsk_126	(x)	1	:	0.000000	1.000000	0.000000	0.000000	0.000000	0.000000	0.000000	0.000000	0.000000	0.000000	0.000000	0.000000
127	tsk_127	(x)	1	:	0.023863	0.517037	0.357634	0.000000	0.000000	0.000000	0.000000	0.101464	0.000000	0.000002	0.000000	0.000000
128	tsk_128	(x)	1	:	0.000000	0.695089	0.000000	0.000000	0.304911	0.000000	0.000000	0.000000	0.000000	0.000000	0.000000	0.000000
129	tsk_129	(x)	1	:	0.000000	0.514526	0.000000	0.000001	0.000000	0.000000	0.464501	0.020972	0.000000	0.000000	0.000000	0.000000
130	tsk_130	(x)	1	:	0.000000	0.499833	0.000000	0.000000	0.000000	0.497725	0.000000	0.002442	0.000000	0.000000	0.000000	0.000000
131	tsk_131	(x)	1	:	0.428327	0.000000	0.571673	0.000000	0.000000	0.000000	0.000000	0.000000	0.000000	0.000000	0.000000	0.000000
132	tsk_132	(x)	1	:	0.000000	0.000000	0.000000	0.000000	0.000000	0.000000	0.000000	0.011349	0.000000	0.000000	0.507491	0.481160
133	tsk_133	(x)	1	:	0.000000	0.000000	0.000000	0.000000	0.000000	0.000000	0.000000	1.000000	0.000000	0.000000	0.000000	0.000000
134	tsk_134	(x)	1	:	0.000000	0.000000	0.520456	0.000000	0.000000	0.000000	0.000000	0.000000	0.000000	0.000000	0.479543	0.000000
135	tsk_135	(x)	1	:	0.000000	0.000000	0.000000	0.000000	0.000000	0.000000	0.000000	0.432819	0.000000	0.000000	0.000000	0.567181
136	tsk_136	(x)	1	:	0.000000	0.000000	0.000000	0.000000	0.000000	0.000000	0.000000	0.490154	0.000000	0.000000	0.509846	0.000000
137	tsk_137	(x)	1	:	0.498013	0.000000	0.000000	0.000000	0.000000	0.000000	0.000000	0.019239	0.000000	0.000000	0.000000	0.482749
138	tsk_138	(x)	1	:	0.000000	0.000000	0.529286	0.000000	0.000000	0.000000	0.000000	0.000058	0.000000	0.000000	0.000000	0.470656
139	tsk_139	(x)	1	:	0.000000	0.191087	0.000000	0.502894	0.304279	0.000000	0.000000	0.001740	0.000000	0.000000	0.000000	0.000000
140	tsk_140	(x)	1	:	0.000000	1.000000	0.000000	0.000000	0.000000	0.000000	0.000000	0.000000	0.000000	0.000000	0.000000	0.000000
141	tsk_141	(x)	1	:	0.000000	0.498072	0.000000	0.000000	0.000000	0.000000	0.000000	0.002549	0.000000	0.000000	0.499379	0.000000
142	tsk_142	(x)	1	:	0.000000	0.518992	0.000000	0.000000	0.000000	0.000000	0.000000	0.481007	0.000000	0.000000	0.000000	0.000000
143	tsk_143	(x)	1	:	0.000000	0.498025	0.000000	0.000000	0.000000	0.000000	0.000000	0.002618	0.000000	0.000000	0.499357	0.000000
144	tsk_144	(x)	1	:	0.000000	0.000000	0.520456	0.000000	0.000000	0.000000	0.000000	0.000000	0.000000	0.000000	0.479543	0.000000
145	tsk_145	(x)	1	:	0.000000	0.518992	0.000000	0.000000	0.000000	0.000000	0.000000	0.481007	0.000000	0.000000	0.000000	0.000000
146	tsk_146	(x)	1	:	0.000000	0.498093	0.000000	0.000000	0.000000	0.000000	0.000000	0.002517	0.000000	0.000000	0.499390	0.000000
147	tsk_147	(x)	1	:	0.000000	0.501451	0.000000	0.000000	0.000000	0.000000	0.000000	0.001363	0.000000	0.497186	0.000000	0.000000
148	tsk_148	(x)	1	:	0.000000	0.518992	0.000000	0.000000	0.000000	0.000000	0.000000	0.481007	0.000000	0.000000	0.000000	0.000000
149	tsk_149	(x)	1	:	0.000000	0.000000	0.542654	0.000000	0.000000	0.000000	0.000000	0.457346	0.000000	0.000000	0.000000	0.000000
