logL = -1704.154777 (converged)
AIC = 5866.309553
BIC = 9566.380330

count.K
28 32 17 2 43 21 7 

