logL = -823.335471 (converged)
AIC = 3866.670941
BIC = 7208.476118

count.K
5 25 18 21 20 37 24 

