logL = -1525.264858 (converged)
AIC = 4680.529716
BIC = 7134.197481

count.K
7 32 30 47 34 

