logL = -1214.331423 (converged)
AIC = 7560.662846
BIC = 15285.953011

count.K
4 4 64 2 8 20 5 2 4 6 11 5 3 12 

