logL = -687.623767 (converged)
AIC = 4655.247535
BIC = 9592.689417

count.K
1 21 10 27 16 9 12 25 11 18 

