logL = -1218.171387 (converged)
AIC = 7904.342773
BIC = 16135.419667

count.K
0 6 16 24 1 17 27 20 11 3 10 5 5 5 

