logL = -2619.980815 (converged)
AIC = 5735.961630
BIC = 6482.599183

count.K
81 69 

