logL = -1504.746173 (converged)
AIC = 3855.492345
BIC = 5128.991075

count.K
48 27 75 

