logL = -912.838798 (converged)
AIC = 2241.677596
BIC = 2867.889737

count.K
86 64 

