logL = -1532.309653 (converged)
AIC = 6464.619306
BIC = 11582.699306

count.K
16 3 6 2 15 13 3 41 1 50 

