logL = -429.829647 (converged)
AIC = 2587.659293
BIC = 5188.848187

count.K
40 9 68 3 26 4 

