logL = -574.306852 (converged)
AIC = 2698.613704
BIC = 5031.856057

count.K
10 13 109 2 16 

