logL = -1823.534024 (converged)
AIC = 5771.068047
BIC = 8968.362729

count.K
36 50 11 1 27 25 

