logL = -1558.238792 (converged)
AIC = 3540.477583
BIC = 4178.732266

count.K
74 76 

