logL = -1423.821683 (converged)
AIC = 6987.643365
BIC = 13219.658424

count.K
0 2 1 32 1 10 0 4 23 48 24 5 

