logL = -1013.888153 (converged)
AIC = 2439.776306
BIC = 3059.967177

count.K
79 71 

