logL = -3401.516451 (converged)
AIC = 12353.032902
BIC = 20707.545843

count.K
21 6 5 6 27 11 4 22 13 4 8 7 16 

