logL = -2006.354958 (converged)
AIC = 6848.709915
BIC = 11117.790762

count.K
16 12 17 8 1 33 60 3 

