logL = -1742.161482 (converged)
AIC = 7084.322963
BIC = 12503.466493

count.K
9 7 31 19 1 47 2 18 4 12 

