logL = -2433.745869 (converged)
AIC = 10027.491738
BIC = 17794.930797

count.K
2 5 19 12 5 11 12 14 13 8 10 21 18 

