0	tsk_0	(x)	1	:	0.000000	0.200646	0.000000	0.000000	0.000000	0.390610	0.000000	0.000000	0.000000	0.408743	0.000000
1	tsk_1	(x)	1	:	0.496006	0.339651	0.000000	0.000000	0.000000	0.060279	0.000000	0.000000	0.000000	0.104064	0.000000
2	tsk_2	(x)	1	:	0.000000	0.054887	0.000000	0.000000	0.000000	0.684807	0.000000	0.000000	0.000000	0.260306	0.000000
3	tsk_3	(x)	1	:	0.496006	0.299537	0.000000	0.000000	0.000000	0.020094	0.000000	0.000000	0.000000	0.184363	0.000000
4	tsk_4	(x)	1	:	0.000000	0.361479	0.000000	0.000000	0.000000	0.312553	0.000000	0.000000	0.000000	0.325969	0.000000
5	tsk_5	(x)	1	:	0.000000	0.298114	0.000000	0.000000	0.000000	0.483467	0.000000	0.000000	0.000000	0.218418	0.000000
6	tsk_6	(x)	1	:	1.000000	0.000000	0.000000	0.000000	0.000000	0.000000	0.000000	0.000000	0.000000	0.000000	0.000000
7	tsk_7	(x)	1	:	0.496006	0.128021	0.000000	0.000000	0.000000	0.130640	0.000000	0.000000	0.000000	0.245333	0.000000
8	tsk_8	(x)	1	:	0.000000	0.224967	0.000000	0.000000	0.000000	0.244234	0.000000	0.000000	0.000000	0.530799	0.000000
9	tsk_9	(x)	1	:	0.000000	0.190338	0.000000	0.000000	0.000000	0.442681	0.000000	0.000000	0.000000	0.366982	0.000000
10	tsk_10	(x)	1	:	0.000000	0.158170	0.000000	0.000000	0.000000	0.452303	0.000000	0.000000	0.000000	0.389526	0.000000
11	tsk_11	(x)	1	:	0.521095	0.355109	0.000000	0.000000	0.000000	0.044265	0.000000	0.000000	0.000000	0.079530	0.000000
12	tsk_12	(x)	1	:	0.496006	0.314416	0.000000	0.000000	0.000000	0.087204	0.000000	0.000000	0.000000	0.102373	0.000000
13	tsk_13	(x)	1	:	0.000000	0.097498	0.000000	0.000000	0.000000	0.575561	0.000000	0.000000	0.000000	0.326941	0.000000
14	tsk_14	(x)	1	:	0.000000	0.020747	0.000000	0.000000	0.000000	0.582629	0.000000	0.000000	0.000000	0.396624	0.000000
15	tsk_15	(x)	1	:	0.000000	0.276806	0.000000	0.000000	0.000000	0.172699	0.000000	0.000000	0.000000	0.550495	0.000000
16	tsk_16	(x)	1	:	0.000000	0.173874	0.000000	0.000000	0.000000	0.491136	0.000000	0.000000	0.000000	0.334990	0.000000
17	tsk_17	(x)	1	:	0.496006	0.297998	0.000000	0.000000	0.000000	0.035201	0.000000	0.000000	0.000000	0.170795	0.000000
18	tsk_18	(x)	1	:	0.496006	0.310204	0.000000	0.000000	0.000000	0.032551	0.000000	0.000000	0.000000	0.161239	0.000000
19	tsk_19	(x)	1	:	0.521095	0.308397	0.000000	0.000000	0.000000	0.074482	0.000000	0.000000	0.000000	0.096025	0.000000
20	tsk_20	(x)	1	:	0.000000	0.219802	0.000000	0.000000	0.000000	0.625448	0.000000	0.000000	0.000000	0.154749	0.000000
21	tsk_21	(x)	1	:	0.000000	0.213913	0.000000	0.000000	0.000000	0.328025	0.000000	0.000000	0.000000	0.458061	0.000000
22	tsk_22	(x)	1	:	0.000000	0.089151	0.000000	0.436236	0.000000	0.257065	0.000000	0.000000	0.000000	0.217549	0.000000
23	tsk_23	(x)	1	:	0.000000	0.182011	0.000000	0.000000	0.000000	0.614287	0.000000	0.000000	0.000000	0.203702	0.000000
24	tsk_24	(x)	1	:	0.000000	0.251427	0.000000	0.000000	0.000000	0.268988	0.000000	0.000000	0.000000	0.479585	0.000000
25	tsk_25	(x)	1	:	0.000000	0.151278	0.000000	0.000000	0.000000	0.636582	0.000000	0.000000	0.000000	0.212140	0.000000
26	tsk_26	(x)	1	:	0.000000	0.094297	0.000000	0.000000	0.000000	0.603947	0.000000	0.000000	0.000000	0.301755	0.000000
27	tsk_27	(x)	1	:	0.000000	0.042409	0.494992	0.000000	0.000000	0.333300	0.000000	0.000000	0.000000	0.129299	0.000000
28	tsk_28	(x)	1	:	0.000000	0.126116	0.000000	0.000000	0.000000	0.558332	0.000000	0.000000	0.000000	0.315552	0.000000
29	tsk_29	(x)	1	:	0.000000	0.112631	0.494992	0.000000	0.000000	0.289016	0.000000	0.000000	0.000000	0.103361	0.000000
30	tsk_30	(x)	1	:	0.000000	0.167229	0.000000	0.000000	0.000000	0.346911	0.000000	0.000000	0.000000	0.485860	0.000000
31	tsk_31	(x)	1	:	0.000000	0.190597	0.000000	0.000000	0.000000	0.210247	0.000000	0.000000	0.000000	0.143851	0.455306
32	tsk_32	(x)	1	:	0.000000	0.155540	0.000000	0.000000	0.000000	0.170876	0.000000	0.000000	0.000000	0.218265	0.455319
33	tsk_33	(x)	1	:	0.000000	0.079361	0.000000	0.000000	0.000000	0.111057	0.000000	0.000000	0.000000	0.809581	0.000000
34	tsk_34	(x)	1	:	0.000000	0.043446	0.000000	0.000000	0.000000	0.397715	0.000000	0.000000	0.000000	0.103507	0.455331
35	tsk_35	(x)	1	:	0.000000	0.809114	0.000000	0.000000	0.000000	0.190886	0.000000	0.000000	0.000000	0.000000	0.000000
36	tsk_36	(x)	1	:	0.000000	0.114301	0.000000	0.000000	0.000000	0.433647	0.000000	0.000000	0.000000	0.452052	0.000000
37	tsk_37	(x)	1	:	0.000000	0.312028	0.000000	0.000000	0.000000	0.354027	0.000000	0.000000	0.264950	0.068995	0.000000
38	tsk_38	(x)	1	:	0.000000	0.071701	0.000000	0.000000	0.000000	0.300106	0.000000	0.000000	0.000000	0.172842	0.455351
39	tsk_39	(x)	1	:	0.000000	0.041893	0.000000	0.000000	0.000000	0.318841	0.000000	0.000000	0.000000	0.183918	0.455349
40	tsk_40	(x)	1	:	0.496006	0.383734	0.000000	0.000000	0.000000	0.066178	0.000000	0.000000	0.000000	0.054082	0.000000
41	tsk_41	(x)	1	:	0.000000	0.298166	0.000000	0.000000	0.000000	0.000000	0.000000	0.000000	0.000000	0.701834	0.000000
42	tsk_42	(x)	1	:	0.000000	0.247286	0.000000	0.000000	0.000000	0.488417	0.000000	0.000000	0.000000	0.264297	0.000000
43	tsk_43	(x)	1	:	0.000000	0.105934	0.000000	0.000000	0.000000	0.528940	0.000000	0.000000	0.000000	0.365125	0.000000
44	tsk_44	(x)	1	:	1.000000	0.000000	0.000000	0.000000	0.000000	0.000000	0.000000	0.000000	0.000000	0.000000	0.000000
45	tsk_45	(x)	1	:	0.000000	0.288918	0.000000	0.000000	0.000000	0.279399	0.000000	0.000000	0.264950	0.166733	0.000000
46	tsk_46	(x)	1	:	0.000000	0.103338	0.000000	0.436236	0.000000	0.284449	0.000000	0.000000	0.000000	0.175977	0.000000
47	tsk_47	(x)	1	:	0.496006	0.323747	0.000000	0.000000	0.000000	0.080679	0.000000	0.000000	0.000000	0.099568	0.000000
48	tsk_48	(x)	1	:	0.496006	0.375382	0.000000	0.000000	0.000000	0.066054	0.000000	0.000000	0.000000	0.062557	0.000000
49	tsk_49	(x)	1	:	0.496006	0.290864	0.000000	0.000000	0.000000	0.074229	0.000000	0.000000	0.000000	0.138900	0.000000
50	tsk_50	(x)	1	:	0.520816	0.389638	0.000000	0.000000	0.000000	0.026619	0.000000	0.000000	0.000000	0.062927	0.000000
51	tsk_51	(x)	1	:	0.000000	0.111073	0.000000	0.000000	0.000000	0.847089	0.000000	0.000000	0.000000	0.041838	0.000000
52	tsk_52	(x)	1	:	0.496006	0.373797	0.000000	0.000000	0.000000	0.064386	0.000000	0.000000	0.000000	0.065811	0.000000
53	tsk_53	(x)	1	:	0.000000	0.305565	0.000000	0.000000	0.000000	0.415776	0.000000	0.000000	0.000000	0.278659	0.000000
54	tsk_54	(x)	1	:	0.000000	0.257760	0.000000	0.000000	0.000000	0.398942	0.000000	0.000000	0.000000	0.343298	0.000000
55	tsk_55	(x)	1	:	0.496006	0.354487	0.000000	0.000000	0.000000	0.080811	0.000000	0.000000	0.000000	0.068696	0.000000
56	tsk_56	(x)	1	:	0.000000	0.160919	0.494992	0.000000	0.000000	0.248797	0.000000	0.000000	0.000000	0.095292	0.000000
57	tsk_57	(x)	1	:	0.000000	0.123978	0.000000	0.000000	0.000000	0.470048	0.000000	0.000000	0.000000	0.405974	0.000000
58	tsk_58	(x)	1	:	0.000000	0.000000	0.000000	0.000000	0.000000	0.353555	0.000000	0.000000	0.000000	0.646445	0.000000
59	tsk_59	(x)	1	:	0.000000	0.358995	0.000000	0.000000	0.000000	0.264657	0.000000	0.000000	0.000000	0.376348	0.000000
60	tsk_60	(x)	1	:	0.000000	0.073895	0.494992	0.000000	0.000000	0.285638	0.000000	0.000000	0.000000	0.145475	0.000000
61	tsk_61	(x)	1	:	0.003277	0.268597	0.000000	0.000000	0.000000	0.096317	0.500919	0.000000	0.000000	0.130891	0.000000
62	tsk_62	(x)	1	:	0.000000	0.101026	0.000000	0.000000	0.000000	0.621432	0.000000	0.000000	0.000000	0.277542	0.000000
63	tsk_63	(x)	1	:	0.000000	0.387302	0.000000	0.000000	0.000000	0.254261	0.000000	0.000000	0.000000	0.358436	0.000000
64	tsk_64	(x)	1	:	0.000000	0.097406	0.553344	0.000000	0.000000	0.217991	0.000000	0.000000	0.000000	0.131258	0.000000
65	tsk_65	(x)	1	:	0.496006	0.311012	0.000000	0.000000	0.000000	0.091235	0.000000	0.000000	0.000000	0.101747	0.000000
66	tsk_66	(x)	1	:	0.000000	0.109952	0.000000	0.309759	0.000000	0.415704	0.000000	0.000000	0.000000	0.164585	0.000000
67	tsk_67	(x)	1	:	0.000000	0.128859	0.000000	0.000000	0.000000	0.554973	0.000000	0.000000	0.000000	0.316169	0.000000
68	tsk_68	(x)	1	:	0.000000	0.027070	0.553344	0.000000	0.000000	0.286510	0.000000	0.000000	0.000000	0.133075	0.000000
69	tsk_69	(x)	1	:	0.496006	0.315176	0.000000	0.000000	0.000000	0.087553	0.000000	0.000000	0.000000	0.101264	0.000000
70	tsk_70	(x)	1	:	0.000000	0.000000	0.000000	0.000000	0.000000	0.000000	0.000000	0.000000	1.000000	0.000000	0.000000
71	tsk_71	(x)	1	:	0.000000	0.000000	0.000000	0.000000	0.000000	0.000000	0.000000	0.000000	1.000000	0.000000	0.000000
72	tsk_72	(x)	1	:	0.000000	0.111263	0.494992	0.000000	0.000000	0.171826	0.000000	0.000000	0.000000	0.221918	0.000000
73	tsk_73	(x)	1	:	0.000000	0.027519	0.000000	0.000000	0.000000	0.272747	0.000000	0.000000	0.521296	0.178439	0.000000
74	tsk_74	(x)	1	:	0.000000	0.105983	0.494992	0.000000	0.000000	0.195581	0.000000	0.000000	0.000000	0.203443	0.000000
75	tsk_75	(x)	1	:	0.000000	0.062514	0.494992	0.000000	0.000000	0.309833	0.000000	0.000000	0.000000	0.132661	0.000000
76	tsk_76	(x)	1	:	0.000000	0.252326	0.000000	0.000000	0.000000	0.267683	0.000000	0.000000	0.000000	0.479991	0.000000
77	tsk_77	(x)	1	:	0.000000	0.000000	0.489850	0.000000	0.000000	0.000000	0.000000	0.000000	0.510150	0.000000	0.000000
78	tsk_78	(x)	1	:	0.000000	0.000000	0.489850	0.000000	0.000000	0.000000	0.000000	0.000000	0.510150	0.000000	0.000000
79	tsk_79	(x)	1	:	0.493309	0.000000	0.000000	0.000000	0.000000	0.000000	0.000000	0.000000	0.506691	0.000000	0.000000
80	tsk_80	(x)	1	:	0.496006	0.329290	0.000000	0.000000	0.000000	0.068038	0.000000	0.000000	0.000000	0.106665	0.000000
81	tsk_81	(x)	1	:	0.000000	0.048386	0.000000	0.000000	0.000000	0.531046	0.000000	0.000000	0.000000	0.420568	0.000000
82	tsk_82	(x)	1	:	0.000000	0.120682	0.000000	0.658790	0.000000	0.179305	0.000000	0.000000	0.000000	0.041224	0.000000
83	tsk_83	(x)	1	:	0.000000	0.155735	0.000000	0.000000	0.000000	0.547006	0.000000	0.000000	0.000000	0.297259	0.000000
84	tsk_84	(x)	1	:	0.000000	0.029255	0.000000	0.000000	0.000000	0.259442	0.000000	0.500000	0.000000	0.211303	0.000000
85	tsk_85	(x)	1	:	0.000000	0.000000	0.000000	0.000000	0.000000	0.000000	0.000000	1.000000	0.000000	0.000000	0.000000
86	tsk_86	(x)	1	:	0.000000	0.057230	0.000000	0.000000	0.000000	0.123089	0.000000	0.500000	0.000000	0.319680	0.000000
87	tsk_87	(x)	1	:	0.000000	0.058460	0.000000	0.000000	0.000000	0.217666	0.000000	0.500000	0.000000	0.223874	0.000000
88	tsk_88	(x)	1	:	0.000000	0.000195	0.000000	0.468531	0.000000	0.000720	0.000000	0.530145	0.000000	0.000410	0.000000
89	tsk_89	(x)	1	:	0.000000	0.183549	0.000000	0.000000	0.000000	0.724759	0.000000	0.000000	0.000000	0.091692	0.000000
90	tsk_90	(x)	1	:	1.000000	0.000000	0.000000	0.000000	0.000000	0.000000	0.000000	0.000000	0.000000	0.000000	0.000000
91	tsk_91	(x)	1	:	0.496006	0.242194	0.000000	0.000000	0.000000	0.069362	0.000000	0.000000	0.000000	0.192438	0.000000
92	tsk_92	(x)	1	:	1.000000	0.000000	0.000000	0.000000	0.000000	0.000000	0.000000	0.000000	0.000000	0.000000	0.000000
93	tsk_93	(x)	1	:	0.000000	0.089400	0.000000	0.000000	0.000000	0.612671	0.000000	0.000000	0.000000	0.297929	0.000000
94	tsk_94	(x)	1	:	0.496006	0.088567	0.000000	0.000000	0.000000	0.017953	0.000000	0.000000	0.264950	0.132525	0.000000
95	tsk_95	(x)	1	:	1.000000	0.000000	0.000000	0.000000	0.000000	0.000000	0.000000	0.000000	0.000000	0.000000	0.000000
96	tsk_96	(x)	1	:	1.000000	0.000000	0.000000	0.000000	0.000000	0.000000	0.000000	0.000000	0.000000	0.000000	0.000000
97	tsk_97	(x)	1	:	1.000000	0.000000	0.000000	0.000000	0.000000	0.000000	0.000000	0.000000	0.000000	0.000000	0.000000
98	tsk_98	(x)	1	:	1.000000	0.000000	0.000000	0.000000	0.000000	0.000000	0.000000	0.000000	0.000000	0.000000	0.000000
99	tsk_99	(x)	1	:	1.000000	0.000000	0.000000	0.000000	0.000000	0.000000	0.000000	0.000000	0.000000	0.000000	0.000000
100	tsk_100	(x)	1	:	0.496006	0.334499	0.000000	0.000000	0.000000	0.079464	0.000000	0.000000	0.000000	0.090031	0.000000
101	tsk_101	(x)	1	:	0.000000	0.027523	0.000000	0.436102	0.000000	0.158960	0.000000	0.000000	0.264840	0.112575	0.000000
102	tsk_102	(x)	1	:	0.000000	0.186647	0.494992	0.000000	0.000000	0.082755	0.000000	0.000000	0.000000	0.235607	0.000000
103	tsk_103	(x)	1	:	0.000000	0.060237	0.000000	0.000000	0.000000	0.475969	0.000000	0.000000	0.000000	0.463794	0.000000
104	tsk_104	(x)	1	:	0.496006	0.362715	0.000000	0.000000	0.000000	0.063129	0.000000	0.000000	0.000000	0.078150	0.000000
105	tsk_105	(x)	1	:	0.496006	0.372293	0.000000	0.000000	0.000000	0.027909	0.000000	0.000000	0.000000	0.103792	0.000000
106	tsk_106	(x)	1	:	0.000000	0.058898	0.494992	0.000000	0.000000	0.238904	0.000000	0.000000	0.000000	0.207206	0.000000
107	tsk_107	(x)	1	:	0.000000	0.183226	0.000000	0.000000	0.000000	0.589849	0.000000	0.000000	0.000000	0.226925	0.000000
108	tsk_108	(x)	1	:	0.000000	0.080531	0.000000	0.000000	0.000000	0.579831	0.000000	0.000000	0.000000	0.339638	0.000000
109	tsk_109	(x)	1	:	0.496476	0.005913	0.496175	0.000000	0.000000	0.000101	0.000000	0.000000	0.000000	0.001335	0.000000
110	tsk_110	(x)	1	:	0.000000	0.045661	0.000000	0.666349	0.000000	0.172622	0.000000	0.000000	0.000000	0.115367	0.000000
111	tsk_111	(x)	1	:	0.000000	0.263491	0.000000	0.000000	0.000000	0.306751	0.000000	0.000000	0.000000	0.429758	0.000000
112	tsk_112	(x)	1	:	0.002060	0.000007	0.000000	0.495813	0.000000	0.000004	0.502113	0.000000	0.000000	0.000004	0.000000
113	tsk_113	(x)	1	:	0.000000	0.334052	0.000000	0.000000	0.000000	0.110075	0.000000	0.000000	0.000000	0.555873	0.000000
114	tsk_114	(x)	1	:	0.496006	0.341710	0.000000	0.000000	0.000000	0.084175	0.000000	0.000000	0.000000	0.078109	0.000000
115	tsk_115	(x)	1	:	0.496006	0.359450	0.000000	0.000000	0.000000	0.035754	0.000000	0.000000	0.000000	0.108790	0.000000
116	tsk_116	(x)	1	:	0.000000	0.178879	0.000000	0.000000	0.000000	0.402679	0.000000	0.000000	0.000000	0.418442	0.000000
117	tsk_117	(x)	1	:	0.002057	0.000027	0.000000	0.495799	0.000000	0.000001	0.502115	0.000000	0.000000	0.000001	0.000000
118	tsk_118	(x)	1	:	0.000000	0.000000	0.000000	0.000000	0.000000	0.000000	0.000000	0.000000	0.000000	0.000000	1.000000
119	tsk_119	(x)	1	:	0.002060	0.000009	0.000000	0.495812	0.000000	0.000004	0.502113	0.000000	0.000000	0.000004	0.000000
120	tsk_120	(x)	1	:	0.000000	0.045348	0.494992	0.000000	0.000000	0.341863	0.000000	0.000000	0.000000	0.117796	0.000000
121	tsk_121	(x)	1	:	0.000000	0.098913	0.000000	0.000000	0.000000	0.376504	0.000000	0.000000	0.000000	0.524583	0.000000
122	tsk_122	(x)	1	:	0.000000	0.083634	0.000000	0.000000	0.000000	0.654468	0.000000	0.000000	0.000000	0.261898	0.000000
123	tsk_123	(x)	1	:	0.000000	0.001579	0.494577	0.000000	0.498326	0.003001	0.000000	0.000000	0.000000	0.002517	0.000000
124	tsk_124	(x)	1	:	0.000000	0.000000	0.000000	0.000000	1.000000	0.000000	0.000000	0.000000	0.000000	0.000000	0.000000
125	tsk_125	(x)	1	:	0.000000	0.077587	0.494992	0.000000	0.000000	0.283383	0.000000	0.000000	0.000000	0.144038	0.000000
126	tsk_126	(x)	1	:	0.000000	0.000000	0.000000	0.000000	1.000000	0.000000	0.000000	0.000000	0.000000	0.000000	0.000000
127	tsk_127	(x)	1	:	0.000000	0.088337	0.000000	0.000000	0.500000	0.281602	0.000000	0.000000	0.000000	0.130061	0.000000
128	tsk_128	(x)	1	:	0.000000	0.001243	0.494558	0.000000	0.498246	0.003048	0.000000	0.000000	0.000000	0.002906	0.000000
129	tsk_129	(x)	1	:	0.000000	0.521192	0.000000	0.000000	0.000000	0.000000	0.000000	0.000000	0.000000	0.478808	0.000000
130	tsk_130	(x)	1	:	0.000000	0.080630	0.000000	0.436236	0.000000	0.322837	0.000000	0.000000	0.000000	0.160297	0.000000
131	tsk_131	(x)	1	:	0.000000	0.146208	0.000000	0.000000	0.000000	0.403612	0.000000	0.000000	0.000000	0.450180	0.000000
132	tsk_132	(x)	1	:	0.000000	0.221479	0.000000	0.000000	0.000000	0.621559	0.000000	0.000000	0.000000	0.156962	0.000000
133	tsk_133	(x)	1	:	0.000000	0.409411	0.000000	0.000000	0.000000	0.352983	0.000000	0.000000	0.000000	0.237605	0.000000
134	tsk_134	(x)	1	:	0.000000	0.418429	0.000000	0.000000	0.000000	0.240762	0.000000	0.000000	0.000000	0.340809	0.000000
135	tsk_135	(x)	1	:	0.000000	0.172735	0.000000	0.000000	0.000000	0.615345	0.000000	0.000000	0.000000	0.211920	0.000000
136	tsk_136	(x)	1	:	0.000000	0.049687	0.000000	0.000000	0.000000	0.850793	0.000000	0.000000	0.000000	0.099520	0.000000
137	tsk_137	(x)	1	:	0.000000	0.110862	0.494992	0.000000	0.000000	0.221986	0.000000	0.000000	0.000000	0.172160	0.000000
138	tsk_138	(x)	1	:	0.000000	0.228607	0.000000	0.000000	0.000000	0.460365	0.000000	0.000000	0.000000	0.311028	0.000000
139	tsk_139	(x)	1	:	0.000000	0.165480	0.000000	0.000000	0.000000	0.347019	0.000000	0.000000	0.000000	0.487501	0.000000
140	tsk_140	(x)	1	:	0.000000	0.189005	0.000000	0.000000	0.000000	0.541035	0.000000	0.000000	0.000000	0.269960	0.000000
141	tsk_141	(x)	1	:	0.000000	0.030784	0.494992	0.000000	0.000000	0.366904	0.000000	0.000000	0.000000	0.107321	0.000000
142	tsk_142	(x)	1	:	0.000000	0.086062	0.000000	0.000000	0.000000	0.411251	0.000000	0.000000	0.264950	0.237738	0.000000
143	tsk_143	(x)	1	:	0.000000	0.000000	1.000000	0.000000	0.000000	0.000000	0.000000	0.000000	0.000000	0.000000	0.000000
144	tsk_144	(x)	1	:	0.000000	0.186390	0.000000	0.000000	0.000000	0.287308	0.000000	0.000000	0.264950	0.261352	0.000000
145	tsk_145	(x)	1	:	0.000000	0.059708	0.494992	0.000000	0.000000	0.367460	0.000000	0.000000	0.000000	0.077840	0.000000
146	tsk_146	(x)	1	:	0.000000	0.064097	0.494992	0.000000	0.000000	0.361112	0.000000	0.000000	0.000000	0.079799	0.000000
147	tsk_147	(x)	1	:	0.496288	0.008010	0.495702	0.000000	0.000000	0.000000	0.000000	0.000000	0.000000	0.000000	0.000000
148	tsk_148	(x)	1	:	0.000000	0.014276	0.494992	0.000000	0.000000	0.454733	0.000000	0.000000	0.000000	0.035999	0.000000
149	tsk_149	(x)	1	:	0.000000	0.159678	0.000000	0.000000	0.000000	0.378953	0.000000	0.000000	0.264950	0.196420	0.000000
