logL = -2085.572124 (converged)
AIC = 6367.144247
BIC = 9672.821800

count.K
44 37 39 0 24 6 

