logL = -1245.998868 (converged)
AIC = 4111.997737
BIC = 6550.612325

count.K
18 25 18 43 46 

