logL = -1894.335555 (converged)
AIC = 7232.671110
BIC = 12416.985086

count.K
47 10 11 20 2 20 2 5 33 

