logL = -842.385012 (converged)
AIC = 6090.770023
BIC = 12723.199576

count.K
3 68 1 14 8 2 14 6 10 2 15 2 5 

