logL = -1835.882897 (converged)
AIC = 8701.765794
BIC = 16273.513559

count.K
12 7 8 12 18 1 16 12 4 9 9 17 25 

