logL = -897.564210 (converged)
AIC = 6759.128420
BIC = 14231.525220

count.K
40 3 3 11 0 6 1 19 1 2 18 8 22 16 

