logL = -1966.376624 (converged)
AIC = 9452.753248
BIC = 17762.106660

count.K
8 2 11 28 0 9 8 2 16 4 4 15 9 29 5 

