logL = -1493.940739 (converged)
AIC = 6107.881478
BIC = 10804.472537

count.K
19 20 14 6 37 10 11 26 7 

