logL = -1483.388306 (converged)
AIC = 6158.776612
BIC = 10963.750541

count.K
7 6 10 21 3 6 81 9 7 

