logL = -1803.976935 (converged)
AIC = 9159.953869
BIC = 17517.477446

count.K
10 16 5 14 7 3 4 1 40 27 6 2 2 13 

