logL = -1434.086558 (converged)
AIC = 7352.173116
BIC = 14102.017445

count.K
1 11 5 9 24 1 34 9 8 4 16 6 22 

