logL = -2425.040227 (converged)
AIC = 5382.080455
BIC = 6182.909443

count.K
82 68 

