0	tsk_0	(x)	1	:	0.000000	0.000000	0.299800	0.088817	0.000000	0.000000	0.154757	0.269915	0.000000	0.000000	0.186658	0.000052	0.000000	0.000000
1	tsk_1	(x)	1	:	0.000000	0.000000	0.089919	0.051838	0.000000	0.000000	0.195614	0.152352	0.000000	0.000000	0.180942	0.000099	0.000000	0.329237
2	tsk_2	(x)	1	:	0.000000	0.000000	0.050388	0.000596	0.000000	0.000000	0.026256	0.016988	0.000000	0.000000	0.113800	0.000011	0.462784	0.329177
3	tsk_3	(x)	1	:	0.000000	0.000000	0.407889	0.038142	0.000000	0.000000	0.205343	0.154233	0.000000	0.000000	0.194278	0.000114	0.000000	0.000000
4	tsk_4	(x)	1	:	0.000000	0.000000	0.199877	0.040157	0.000000	0.000000	0.111367	0.195943	0.000000	0.000000	0.123379	0.000049	0.000000	0.329228
5	tsk_5	(x)	1	:	0.000000	0.000000	0.309226	0.033054	0.000000	0.000000	0.292448	0.215594	0.000000	0.000000	0.149595	0.000083	0.000000	0.000000
6	tsk_6	(x)	1	:	0.000000	0.000000	0.099253	0.043718	0.000000	0.000000	0.184417	0.102703	0.000000	0.000000	0.240606	0.000071	0.000000	0.329232
7	tsk_7	(x)	1	:	0.000000	0.000000	0.012041	0.007938	0.000000	0.000000	0.046693	0.013939	0.000000	0.000000	0.127407	0.000008	0.462793	0.329183
8	tsk_8	(x)	1	:	0.000000	0.000000	0.254808	0.005258	0.000000	0.000000	0.054927	0.155126	0.000000	0.000000	0.200554	0.000091	0.000000	0.329236
9	tsk_9	(x)	1	:	0.000000	0.000000	0.040069	0.005670	0.000000	0.000000	0.035167	0.063088	0.000000	0.000000	0.064079	0.000018	0.462752	0.329157
10	tsk_10	(x)	1	:	0.000000	0.000000	0.356621	0.049123	0.000000	0.000000	0.071913	0.362563	0.000000	0.000000	0.159714	0.000067	0.000000	0.000000
11	tsk_11	(x)	1	:	0.000000	0.000000	0.107655	0.026568	0.000000	0.500011	0.031105	0.301788	0.000000	0.000000	0.032850	0.000022	0.000000	0.000000
12	tsk_12	(x)	1	:	0.000000	0.000000	0.075541	0.062486	0.000000	0.000000	0.251511	0.237433	0.000000	0.000000	0.372948	0.000081	0.000000	0.000000
13	tsk_13	(x)	1	:	0.000000	0.000000	0.283843	0.077694	0.000000	0.000000	0.220502	0.210397	0.000000	0.000000	0.207491	0.000072	0.000000	0.000000
14	tsk_14	(x)	1	:	0.000000	0.000000	0.114267	0.048242	0.000000	0.000000	0.309461	0.255637	0.000000	0.000000	0.272296	0.000096	0.000000	0.000000
15	tsk_15	(x)	1	:	0.000000	0.000000	0.221835	0.042733	0.000000	0.000000	0.284973	0.200047	0.000000	0.000000	0.250331	0.000080	0.000000	0.000000
16	tsk_16	(x)	1	:	0.000000	0.000000	0.060422	0.011616	0.000000	0.500011	0.077100	0.311651	0.000000	0.000000	0.039178	0.000022	0.000000	0.000000
17	tsk_17	(x)	1	:	0.000000	0.000000	0.266318	0.036663	0.000000	0.000000	0.251552	0.301986	0.000000	0.000000	0.143419	0.000062	0.000000	0.000000
18	tsk_18	(x)	1	:	0.000000	0.000000	0.289863	0.045202	0.000000	0.000000	0.273938	0.080527	0.000000	0.000000	0.310440	0.000030	0.000000	0.000000
19	tsk_19	(x)	1	:	0.000000	0.000000	0.244618	0.034784	0.000000	0.000000	0.231432	0.191865	0.000000	0.000000	0.297253	0.000048	0.000000	0.000000
20	tsk_20	(x)	1	:	0.000000	0.000000	0.176929	0.048222	0.000000	0.000000	0.239899	0.262548	0.000000	0.000000	0.272306	0.000097	0.000000	0.000000
21	tsk_21	(x)	1	:	0.000000	0.000000	0.098338	0.025712	0.000000	0.000000	0.089349	0.075964	0.000000	0.000000	0.122023	0.000024	0.000000	0.588591
22	tsk_22	(x)	1	:	0.000000	0.000000	0.474145	0.068763	0.000000	0.000000	0.271690	0.056966	0.000000	0.000000	0.128379	0.000056	0.000000	0.000000
23	tsk_23	(x)	1	:	0.000000	0.000000	0.000000	0.000000	0.000000	0.000000	0.000000	0.000000	0.000000	0.000000	0.000000	0.000000	0.000000	1.000000
24	tsk_24	(x)	1	:	0.000000	0.000000	0.185923	0.013308	0.464845	0.000000	0.024482	0.161057	0.000000	0.029113	0.121216	0.000055	0.000000	0.000000
25	tsk_25	(x)	1	:	0.000000	0.000000	0.270680	0.061472	0.000000	0.000000	0.255242	0.215679	0.000000	0.000000	0.196889	0.000038	0.000000	0.000000
26	tsk_26	(x)	1	:	0.000000	0.000000	0.000000	0.000000	0.000000	0.000000	0.000000	0.000000	0.000000	0.000000	0.000000	0.000000	0.000000	1.000000
27	tsk_27	(x)	1	:	0.000000	0.000000	0.145631	0.002162	0.000000	0.000000	0.166152	0.039458	0.000000	0.000000	0.057958	0.000043	0.000000	0.588596
28	tsk_28	(x)	1	:	0.000000	0.000000	0.450149	0.065408	0.000000	0.000000	0.270503	0.198381	0.000000	0.000000	0.015472	0.000086	0.000000	0.000000
29	tsk_29	(x)	1	:	0.000000	0.000000	0.346259	0.060440	0.000000	0.000000	0.289386	0.168022	0.000000	0.000000	0.135783	0.000110	0.000000	0.000000
30	tsk_30	(x)	1	:	0.000000	0.505404	0.000000	0.000000	0.000000	0.000000	0.000000	0.000000	0.494596	0.000000	0.000000	0.000000	0.000000	0.000000
31	tsk_31	(x)	1	:	0.000000	0.000000	0.000000	0.000000	0.000000	0.000000	0.000000	0.000000	1.000000	0.000000	0.000000	0.000000	0.000000	0.000000
32	tsk_32	(x)	1	:	0.000000	0.000000	0.000000	0.000000	0.000000	0.000000	0.000000	0.000000	0.000000	1.000000	0.000000	0.000000	0.000000	0.000000
33	tsk_33	(x)	1	:	0.000000	0.000000	0.000000	0.000000	0.000000	0.000000	0.000000	0.000000	0.000000	0.444448	0.000000	0.000000	0.555552	0.000000
34	tsk_34	(x)	1	:	0.000000	0.000000	0.000000	0.000000	0.000000	0.000000	0.000000	0.000000	1.000000	0.000000	0.000000	0.000000	0.000000	0.000000
35	tsk_35	(x)	1	:	0.000000	0.000000	0.070391	0.002134	0.000000	0.000000	0.175544	0.100497	0.000000	0.493677	0.157706	0.000051	0.000000	0.000000
36	tsk_36	(x)	1	:	0.000000	0.500276	0.000000	0.030011	0.000000	0.000000	0.005502	0.000062	0.000000	0.000000	0.001316	0.000001	0.462832	0.000000
37	tsk_37	(x)	1	:	0.000000	0.000000	0.000000	0.037537	0.000000	0.000000	0.000000	0.000000	0.499640	0.000000	0.000000	0.000001	0.462822	0.000000
38	tsk_38	(x)	1	:	0.000000	0.500276	0.000493	0.025861	0.000000	0.000000	0.005131	0.002268	0.000000	0.000000	0.003137	0.000001	0.462832	0.000000
39	tsk_39	(x)	1	:	0.000000	0.000000	0.178102	0.012576	0.546649	0.000000	0.091304	0.126676	0.000000	0.000000	0.044630	0.000064	0.000000	0.000000
40	tsk_40	(x)	1	:	0.000000	0.000000	0.240249	0.057610	0.000000	0.000000	0.261323	0.183520	0.000000	0.000000	0.257233	0.000065	0.000000	0.000000
41	tsk_41	(x)	1	:	0.000000	0.000000	0.135595	0.017150	0.000000	0.000000	0.088414	0.130607	0.000000	0.493677	0.134507	0.000048	0.000000	0.000000
42	tsk_42	(x)	1	:	0.000000	0.000000	0.137583	0.073282	0.000000	0.000000	0.201332	0.292203	0.000000	0.000000	0.295534	0.000067	0.000000	0.000000
43	tsk_43	(x)	1	:	0.000000	0.000000	0.000000	0.000000	0.000000	0.000000	0.000000	0.000000	0.000000	1.000000	0.000000	0.000000	0.000000	0.000000
44	tsk_44	(x)	1	:	0.000000	0.000000	0.148693	0.035721	0.000000	0.000000	0.055682	0.221754	0.000000	0.493678	0.044414	0.000057	0.000000	0.000000
45	tsk_45	(x)	1	:	0.000000	0.000000	0.256130	0.018098	0.000000	0.000000	0.093300	0.082909	0.000000	0.493677	0.055837	0.000048	0.000000	0.000000
46	tsk_46	(x)	1	:	0.000000	0.000000	0.000000	0.000000	0.000000	0.000000	0.000000	0.000000	0.000000	0.000000	0.000000	0.000000	0.000000	1.000000
47	tsk_47	(x)	1	:	0.000000	0.000000	0.091090	0.019276	0.000000	0.000000	0.141186	0.094715	0.000000	0.000000	0.065097	0.000041	0.000000	0.588595
48	tsk_48	(x)	1	:	0.000000	0.000000	0.000000	0.000000	0.000000	0.000000	0.000000	0.000000	0.000000	1.000000	0.000000	0.000000	0.000000	0.000000
49	tsk_49	(x)	1	:	0.000000	0.000000	0.117841	0.019232	0.000000	0.000000	0.077964	0.172511	0.000000	0.493678	0.118717	0.000058	0.000000	0.000000
50	tsk_50	(x)	1	:	0.000000	0.000000	0.177226	0.058724	0.000000	0.000000	0.345670	0.260567	0.000000	0.000000	0.157767	0.000045	0.000000	0.000000
51	tsk_51	(x)	1	:	0.000000	0.000000	0.000000	0.000000	0.000000	0.000000	0.000000	0.000000	0.495650	0.000000	0.000000	0.000000	0.000000	0.504350
52	tsk_52	(x)	1	:	0.000000	0.000000	0.000000	0.000000	0.000000	0.000000	0.000000	0.000000	0.000000	1.000000	0.000000	0.000000	0.000000	0.000000
53	tsk_53	(x)	1	:	0.000000	0.000000	0.205579	0.012537	0.000000	0.000000	0.147203	0.078399	0.000000	0.493677	0.062561	0.000045	0.000000	0.000000
54	tsk_54	(x)	1	:	0.000000	0.000000	0.000000	0.000000	0.000000	0.000000	0.000000	0.000000	0.000000	0.000000	0.000000	0.000000	0.431950	0.568050
55	tsk_55	(x)	1	:	0.000000	0.000000	0.036355	0.097809	0.000000	0.000000	0.181535	0.313329	0.000000	0.000000	0.370823	0.000150	0.000000	0.000000
56	tsk_56	(x)	1	:	0.000000	0.000000	0.003460	0.001046	0.000000	0.000000	0.006107	0.008297	0.000000	0.493668	0.024569	0.000001	0.462851	0.000000
57	tsk_57	(x)	1	:	0.000000	0.000000	0.130666	0.031722	0.000000	0.000000	0.136738	0.122126	0.000000	0.493676	0.085039	0.000034	0.000000	0.000000
58	tsk_58	(x)	1	:	0.000000	0.000000	0.000000	0.000000	0.000000	0.000000	0.000000	0.000000	0.000000	0.000000	0.000000	1.000000	0.000000	0.000000
59	tsk_59	(x)	1	:	0.000000	0.000000	0.000000	0.000000	0.000000	0.000000	0.000000	0.000000	0.495650	0.000000	0.000000	0.000000	0.000000	0.504350
60	tsk_60	(x)	1	:	0.000000	0.000000	0.000407	0.122858	0.546624	0.000000	0.000140	0.000396	0.000000	0.000000	0.000409	0.000000	0.000000	0.329165
61	tsk_61	(x)	1	:	0.000000	0.000000	0.000000	0.000000	1.000000	0.000000	0.000000	0.000000	0.000000	0.000000	0.000000	0.000000	0.000000	0.000000
62	tsk_62	(x)	1	:	0.000000	0.000000	0.056735	0.006377	0.000000	0.000000	0.077122	0.019623	0.000000	0.000000	0.029431	0.000019	0.000000	0.810693
63	tsk_63	(x)	1	:	0.000000	0.000000	0.028931	0.003007	0.000000	0.000000	0.058460	0.039398	0.000000	0.000000	0.059504	0.000019	0.000000	0.810681
64	tsk_64	(x)	1	:	0.000000	0.500275	0.010050	0.073608	0.000000	0.000000	0.065146	0.006780	0.000000	0.000000	0.014947	0.000005	0.000000	0.329189
65	tsk_65	(x)	1	:	0.000000	0.500275	0.001317	0.135963	0.000000	0.000000	0.030316	0.001722	0.000000	0.000000	0.001208	0.000007	0.000000	0.329191
66	tsk_66	(x)	1	:	0.000000	0.500277	0.000000	0.036436	0.000000	0.000000	0.000437	0.000000	0.000000	0.000000	0.000000	0.000000	0.462850	0.000000
67	tsk_67	(x)	1	:	0.000000	0.000000	0.199101	0.012331	0.464841	0.000000	0.123952	0.101339	0.000000	0.029118	0.069269	0.000048	0.000000	0.000000
68	tsk_68	(x)	1	:	0.000000	0.000000	0.162657	0.027355	0.464848	0.000000	0.170659	0.036314	0.000000	0.029111	0.108983	0.000073	0.000000	0.000000
69	tsk_69	(x)	1	:	0.000000	0.000000	0.062814	0.009590	0.465390	0.000000	0.030313	0.021754	0.000000	0.028364	0.052575	0.000019	0.000000	0.329182
70	tsk_70	(x)	1	:	0.000000	0.000000	0.306942	0.020039	0.000000	0.000000	0.259293	0.189890	0.000000	0.000000	0.223769	0.000067	0.000000	0.000000
71	tsk_71	(x)	1	:	0.000000	0.000000	0.141462	0.021982	0.000000	0.000000	0.076376	0.052013	0.000000	0.000000	0.119548	0.000027	0.000000	0.588592
72	tsk_72	(x)	1	:	0.000000	0.000000	0.199108	0.070634	0.000000	0.000000	0.321469	0.210185	0.000000	0.000000	0.198513	0.000091	0.000000	0.000000
73	tsk_73	(x)	1	:	0.000000	0.000000	0.374197	0.083135	0.000000	0.000000	0.306283	0.000000	0.000000	0.000000	0.236315	0.000069	0.000000	0.000000
74	tsk_74	(x)	1	:	0.000000	0.000000	0.024062	0.005683	0.000000	0.000000	0.067940	0.036843	0.000000	0.000000	0.054744	0.000018	0.000000	0.810709
75	tsk_75	(x)	1	:	0.000000	0.000000	0.044068	0.008553	0.000000	0.000000	0.061099	0.027851	0.000000	0.000000	0.047729	0.000019	0.000000	0.810681
76	tsk_76	(x)	1	:	0.000000	0.000000	0.000000	0.000000	0.000000	0.000000	0.000000	0.000000	0.000000	0.000000	0.000000	0.000000	0.431950	0.568050
77	tsk_77	(x)	1	:	0.000000	0.000000	0.158921	0.019459	0.000000	0.000000	0.083879	0.043722	0.000000	0.000000	0.231139	0.000011	0.462869	0.000000
78	tsk_78	(x)	1	:	0.000000	0.500275	0.002525	0.122431	0.000000	0.000000	0.038862	0.003328	0.000000	0.000000	0.003384	0.000005	0.000000	0.329189
79	tsk_79	(x)	1	:	0.000000	0.508958	0.000000	0.000000	0.000000	0.000000	0.000000	0.000000	0.000000	0.000000	0.000000	0.000000	0.491042	0.000000
80	tsk_80	(x)	1	:	0.000000	0.000000	0.158267	0.019842	0.000000	0.000000	0.117698	0.061826	0.000000	0.000000	0.053743	0.000030	0.000000	0.588593
81	tsk_81	(x)	1	:	0.000000	0.000000	0.213282	0.039450	0.000000	0.000000	0.237946	0.295056	0.000000	0.000000	0.214179	0.000087	0.000000	0.000000
82	tsk_82	(x)	1	:	0.000000	0.000000	0.252959	0.004064	0.000000	0.000000	0.196320	0.428045	0.000000	0.000000	0.118513	0.000100	0.000000	0.000000
83	tsk_83	(x)	1	:	0.000000	0.000000	0.317938	0.052720	0.000000	0.000000	0.141866	0.284962	0.000000	0.000000	0.202393	0.000122	0.000000	0.000000
84	tsk_84	(x)	1	:	0.000000	0.500277	0.000000	0.361239	0.000000	0.000000	0.131603	0.006871	0.000000	0.000000	0.000000	0.000010	0.000000	0.000000
85	tsk_85	(x)	1	:	0.000000	0.000000	0.238267	0.008699	0.464842	0.000000	0.036828	0.161488	0.000000	0.029119	0.060687	0.000071	0.000000	0.000000
86	tsk_86	(x)	1	:	0.000000	0.000000	0.212759	0.134329	0.000000	0.000000	0.313354	0.139278	0.000000	0.000000	0.200136	0.000144	0.000000	0.000000
87	tsk_87	(x)	1	:	0.000000	0.000000	0.334185	0.026585	0.000000	0.000000	0.227043	0.187827	0.000000	0.000000	0.224333	0.000027	0.000000	0.000000
88	tsk_88	(x)	1	:	0.000000	0.000000	0.165680	0.102103	0.000000	0.000000	0.285430	0.190071	0.000000	0.000000	0.256603	0.000111	0.000000	0.000000
89	tsk_89	(x)	1	:	0.000000	0.000000	0.355749	0.030037	0.000000	0.000000	0.210608	0.288961	0.000000	0.000000	0.114615	0.000030	0.000000	0.000000
90	tsk_90	(x)	1	:	0.000000	0.000000	0.356926	0.022009	0.000000	0.000000	0.211810	0.318596	0.000000	0.000000	0.090640	0.000018	0.000000	0.000000
91	tsk_91	(x)	1	:	0.000000	0.000000	0.193361	0.007035	0.000000	0.000000	0.342639	0.265155	0.000000	0.000000	0.191740	0.000070	0.000000	0.000000
92	tsk_92	(x)	1	:	0.000000	0.000000	0.235801	0.020747	0.000000	0.000000	0.087250	0.432640	0.000000	0.000000	0.223521	0.000042	0.000000	0.000000
93	tsk_93	(x)	1	:	0.000000	0.000000	0.103126	0.042301	0.000000	0.500011	0.075026	0.209238	0.000000	0.000000	0.070276	0.000021	0.000000	0.000000
94	tsk_94	(x)	1	:	0.000000	0.000000	0.000000	0.000000	0.000000	0.446246	0.000000	0.000000	0.000000	0.000000	0.000000	0.000000	0.000000	0.553754
95	tsk_95	(x)	1	:	0.000000	0.000000	0.110437	0.016460	0.000000	0.500003	0.054779	0.239425	0.000000	0.000000	0.078892	0.000005	0.000000	0.000000
96	tsk_96	(x)	1	:	0.000000	0.000000	0.147653	0.007439	0.000000	0.000000	0.115974	0.073954	0.000000	0.000000	0.066331	0.000051	0.000000	0.588599
97	tsk_97	(x)	1	:	0.000000	0.000000	0.366623	0.012206	0.000000	0.000000	0.256966	0.187643	0.000000	0.000000	0.176505	0.000057	0.000000	0.000000
98	tsk_98	(x)	1	:	0.000000	0.000000	0.033602	0.026760	0.000000	0.500008	0.091022	0.256924	0.000000	0.000000	0.091668	0.000015	0.000000	0.000000
99	tsk_99	(x)	1	:	0.000000	0.000000	0.037438	0.340722	0.000000	0.000000	0.028011	0.077660	0.499642	0.000000	0.016491	0.000037	0.000000	0.000000
100	tsk_100	(x)	1	:	0.000000	0.000000	0.401313	0.032505	0.000000	0.000000	0.164914	0.190492	0.000000	0.000000	0.210720	0.000056	0.000000	0.000000
101	tsk_101	(x)	1	:	0.000000	0.000000	0.000000	0.000000	0.000000	0.000000	0.000000	0.000000	0.000000	0.465661	0.000000	0.000000	0.000000	0.534339
102	tsk_102	(x)	1	:	0.000000	0.000000	0.000000	0.000000	0.000000	0.000000	0.000000	0.000000	0.000000	0.444448	0.000000	0.000000	0.555552	0.000000
103	tsk_103	(x)	1	:	0.000000	0.000000	0.197015	0.045312	0.000000	0.000000	0.285264	0.300651	0.000000	0.000000	0.171696	0.000062	0.000000	0.000000
104	tsk_104	(x)	1	:	0.000000	0.250011	0.014763	0.462232	0.000000	0.000000	0.021536	0.012632	0.228738	0.000000	0.010071	0.000016	0.000000	0.000000
105	tsk_105	(x)	1	:	0.000000	0.000000	0.254227	0.148983	0.000000	0.000000	0.081938	0.328871	0.000000	0.000000	0.185853	0.000128	0.000000	0.000000
106	tsk_106	(x)	1	:	0.000000	0.000000	0.304328	0.063118	0.000000	0.000000	0.139623	0.239610	0.000000	0.000000	0.253223	0.000100	0.000000	0.000000
107	tsk_107	(x)	1	:	0.000000	0.000000	0.144823	0.023247	0.000000	0.000000	0.113887	0.054050	0.000000	0.000000	0.075341	0.000053	0.000000	0.588599
108	tsk_108	(x)	1	:	0.000000	0.000000	0.001425	0.004072	0.000000	0.000000	0.000000	0.000823	0.499671	0.494008	0.000000	0.000001	0.000000	0.000000
109	tsk_109	(x)	1	:	0.000000	0.000000	0.223434	0.029951	0.000000	0.000000	0.118714	0.068861	0.000000	0.493675	0.065335	0.000029	0.000000	0.000000
110	tsk_110	(x)	1	:	0.000000	0.000000	0.000000	0.000000	0.000000	0.000000	0.000000	0.000000	1.000000	0.000000	0.000000	0.000000	0.000000	0.000000
111	tsk_111	(x)	1	:	0.000000	0.000000	0.000000	0.000000	0.463236	0.000000	0.000000	0.000000	0.000000	0.002957	0.000000	0.000000	0.000000	0.533807
112	tsk_112	(x)	1	:	0.000000	0.000000	0.000000	0.000000	0.000000	0.000000	0.000000	0.000000	0.495650	0.000000	0.000000	0.000000	0.000000	0.504350
113	tsk_113	(x)	1	:	0.000000	0.000000	0.000000	0.000000	0.000000	0.000000	0.000000	0.000000	0.000000	0.000000	0.000000	0.000000	1.000000	0.000000
114	tsk_114	(x)	1	:	0.000000	0.000000	0.000000	0.000000	0.000000	0.000000	0.000000	0.000000	0.503003	0.000000	0.000000	0.000000	0.000000	0.496997
115	tsk_115	(x)	1	:	0.000000	0.000000	0.000000	0.000000	0.000000	0.000000	0.000000	0.000000	1.000000	0.000000	0.000000	0.000000	0.000000	0.000000
116	tsk_116	(x)	1	:	0.000000	0.000000	0.000000	0.000000	0.000000	0.000000	0.000000	0.000000	0.000000	0.000000	0.000000	0.000000	0.431950	0.568050
117	tsk_117	(x)	1	:	0.000000	0.000000	0.003227	0.015050	0.000000	0.000000	0.001913	0.003536	0.499639	0.000000	0.013822	0.000001	0.462811	0.000000
118	tsk_118	(x)	1	:	0.000000	0.000000	0.000000	0.000000	0.000000	0.000000	0.000000	0.000000	0.495650	0.000000	0.000000	0.000000	0.000000	0.504350
119	tsk_119	(x)	1	:	0.000000	0.000000	0.000000	0.000000	0.000000	0.000000	0.000000	0.000000	0.000000	0.000000	0.000000	0.000000	0.431950	0.568050
120	tsk_120	(x)	1	:	0.000000	0.000000	0.360095	0.024904	0.000000	0.000000	0.290042	0.179661	0.000000	0.000000	0.145183	0.000115	0.000000	0.000000
121	tsk_121	(x)	1	:	0.000000	0.000000	0.243831	0.050453	0.000000	0.000000	0.333935	0.218844	0.000000	0.000000	0.152870	0.000066	0.000000	0.000000
122	tsk_122	(x)	1	:	0.000000	0.000000	0.280406	0.066055	0.000000	0.000000	0.265160	0.155099	0.000000	0.000000	0.233185	0.000094	0.000000	0.000000
123	tsk_123	(x)	1	:	0.000000	0.500276	0.000000	0.111133	0.000000	0.000000	0.059375	0.000000	0.000000	0.000000	0.000000	0.000017	0.000000	0.329199
124	tsk_124	(x)	1	:	0.000000	0.000000	0.000000	0.003910	0.000000	0.496552	0.000000	0.000000	0.499537	0.000000	0.000000	0.000000	0.000000	0.000000
125	tsk_125	(x)	1	:	0.000000	0.000000	0.247557	0.048439	0.000000	0.000000	0.032439	0.410029	0.000000	0.000000	0.261400	0.000135	0.000000	0.000000
126	tsk_126	(x)	1	:	0.000000	0.000000	0.244259	0.035824	0.000000	0.000000	0.171233	0.276953	0.000000	0.000000	0.271656	0.000075	0.000000	0.000000
127	tsk_127	(x)	1	:	0.000000	0.500277	0.000000	0.499712	0.000000	0.000000	0.000000	0.000000	0.000000	0.000000	0.000000	0.000011	0.000000	0.000000
128	tsk_128	(x)	1	:	0.000000	0.000000	0.273638	0.053690	0.000000	0.000000	0.292925	0.150311	0.000000	0.000000	0.229345	0.000091	0.000000	0.000000
129	tsk_129	(x)	1	:	0.000000	0.000000	0.000000	0.481621	0.000000	0.000000	0.000000	0.018714	0.499642	0.000000	0.000000	0.000024	0.000000	0.000000
130	tsk_130	(x)	1	:	0.000000	0.000000	0.142059	0.025322	0.000000	0.000000	0.157170	0.088385	0.000000	0.493677	0.093336	0.000050	0.000000	0.000000
131	tsk_131	(x)	1	:	0.000000	0.000000	0.001937	0.000269	0.000000	0.498785	0.000857	0.004052	0.000000	0.493271	0.000828	0.000001	0.000000	0.000000
132	tsk_132	(x)	1	:	0.000000	0.000000	0.006128	0.000526	0.000000	0.499954	0.001774	0.014767	0.000000	0.000000	0.014030	0.000001	0.462819	0.000000
133	tsk_133	(x)	1	:	0.000000	0.000000	0.025283	0.009725	0.000000	0.000000	0.146095	0.138166	0.000000	0.000000	0.217815	0.000036	0.462879	0.000000
134	tsk_134	(x)	1	:	0.987219	0.000000	0.000000	0.000000	0.000000	0.000000	0.000000	0.000000	0.000000	0.012781	0.000000	0.000000	0.000000	0.000000
135	tsk_135	(x)	1	:	0.000000	0.000000	0.040221	0.000000	0.000000	0.000000	0.050498	0.047966	0.000000	0.493652	0.038459	0.000018	0.000000	0.329185
136	tsk_136	(x)	1	:	0.000000	0.000000	0.058351	0.015616	0.000000	0.500003	0.034880	0.345754	0.000000	0.000000	0.045391	0.000005	0.000000	0.000000
137	tsk_137	(x)	1	:	0.606145	0.000000	0.000000	0.000000	0.000000	0.000000	0.000000	0.000000	0.000000	0.099176	0.000000	0.000000	0.294679	0.000000
138	tsk_138	(x)	1	:	0.000000	0.000000	0.000735	0.000207	0.000000	0.498832	0.000590	0.005436	0.000000	0.493286	0.000913	0.000000	0.000000	0.000000
139	tsk_139	(x)	1	:	0.000000	0.000000	0.352433	0.024020	0.000000	0.000000	0.194766	0.251804	0.000000	0.000000	0.176902	0.000075	0.000000	0.000000
140	tsk_140	(x)	1	:	0.000000	0.000000	0.042732	0.013075	0.000000	0.000000	0.043035	0.034685	0.000000	0.000000	0.211374	0.000010	0.655088	0.000000
141	tsk_141	(x)	1	:	0.000000	0.000000	0.154488	0.008396	0.000000	0.500005	0.066098	0.231290	0.000000	0.000000	0.039715	0.000009	0.000000	0.000000
142	tsk_142	(x)	1	:	0.000000	0.000000	0.000000	0.000000	0.000000	0.000000	0.000000	0.000000	0.000000	1.000000	0.000000	0.000000	0.000000	0.000000
143	tsk_143	(x)	1	:	0.000000	0.000000	0.333810	0.061136	0.000000	0.000000	0.152175	0.208012	0.000000	0.000000	0.244805	0.000062	0.000000	0.000000
144	tsk_144	(x)	1	:	0.000000	0.000000	0.069658	0.010255	0.000000	0.500009	0.091263	0.233682	0.000000	0.000000	0.095117	0.000017	0.000000	0.000000
145	tsk_145	(x)	1	:	0.000000	0.000000	0.069028	0.022039	0.000000	0.500013	0.035843	0.285256	0.000000	0.000000	0.087795	0.000025	0.000000	0.000000
146	tsk_146	(x)	1	:	0.000000	0.000000	0.073716	0.047571	0.000000	0.000000	0.279074	0.382734	0.000000	0.000000	0.216770	0.000135	0.000000	0.000000
147	tsk_147	(x)	1	:	0.000000	0.000000	0.060393	0.057590	0.000000	0.500027	0.141637	0.133930	0.000000	0.000000	0.106367	0.000055	0.000000	0.000000
148	tsk_148	(x)	1	:	0.000000	0.000000	0.093520	0.171006	0.000000	0.000000	0.071322	0.108034	0.499642	0.000000	0.056450	0.000026	0.000000	0.000000
149	tsk_149	(x)	1	:	0.000000	0.000000	0.228216	0.021534	0.000000	0.000000	0.083031	0.116568	0.000000	0.493676	0.056934	0.000041	0.000000	0.000000
