logL = -1417.093443 (converged)
AIC = 5638.186886
BIC = 9859.097569

count.K
37 18 23 27 12 19 9 5 

