logL = -1778.761936 (converged)
AIC = 4793.523872
BIC = 6654.096483

count.K
53 36 44 17 

