logL = -1585.478678 (converged)
AIC = 7810.957356
BIC = 14795.631239

count.K
3 57 21 0 0 3 0 8 8 11 1 12 26 

