logL = -984.529885 (converged)
AIC = 3529.059770
BIC = 5877.355299

count.K
14 29 24 59 24 

