logL = -838.181298 (converged)
AIC = 3500.362596
BIC = 6246.061984

count.K
35 7 40 5 14 49 

