logL = -1683.607801 (converged)
AIC = 7771.215601
BIC = 14400.634519

count.K
19 30 5 11 15 9 22 0 2 11 14 12 

