logL = -1089.819754 (converged)
AIC = 3037.639508
BIC = 4329.202049

count.K
9 126 15 

