logL = -1654.601158 (converged)
AIC = 7049.202316
BIC = 12679.090316

count.K
7 0 22 44 4 37 13 6 6 11 

