logL = -969.720261 (converged)
AIC = 4271.440521
BIC = 7781.841274

count.K
3 46 28 29 12 29 3 

