logL = -2037.603283 (converged)
AIC = 6617.206566
BIC = 10443.724024

count.K
31 6 61 1 12 14 25 

