logL = -1377.911907 (converged)
AIC = 5875.823814
BIC = 10572.414873

count.K
3 15 2 2 13 24 39 12 40 

