logL = -1244.311701 (converged)
AIC = 6772.623401
BIC = 13221.404201

count.K
14 29 41 6 2 17 9 5 3 2 3 19 

