logL = -1067.044031 (converged)
AIC = 7070.088063
BIC = 14500.335968

count.K
8 0 7 19 0 1 65 2 14 0 16 3 13 2 

