logL = -1470.915406 (converged)
AIC = 4521.830812
BIC = 6900.232694

count.K
20 26 29 34 41 

