logL = -1570.173439 (converged)
AIC = 4280.346878
BIC = 5996.408995

count.K
34 74 7 35 

