logL = -1118.354684 (converged)
AIC = 7110.709368
BIC = 14447.627580

count.K
0 30 2 17 8 2 14 15 17 16 1 20 8 

