logL = -842.944622 (converged)
AIC = 6091.889243
BIC = 12724.318796

count.K
3 49 6 2 2 0 14 37 7 9 5 2 14 

