logL = -1272.978227 (converged)
AIC = 3709.956453
BIC = 5462.146194

count.K
31 31 51 37 

