logL = -1380.675543 (converged)
AIC = 5757.351085
BIC = 10267.282756

count.K
9 49 17 6 33 6 22 8 

