logL = -509.521576 (converged)
AIC = 5243.043152
BIC = 11601.504893

count.K
16 4 7 33 20 6 7 1 5 1 41 8 1 

