logL = -1486.119445 (converged)
AIC = 3782.238889
BIC = 5001.546183

count.K
79 17 54 

