logL = -709.955149 (converged)
AIC = 3967.910297
BIC = 7803.459662

count.K
3 6 4 7 4 106 5 15 

