logL = -1021.814298 (converged)
AIC = 7443.628596
BIC = 15572.343890

count.K
18 25 1 0 13 4 12 8 4 11 3 0 18 15 18 

