logL = -1265.355290 (converged)
AIC = 5110.710581
BIC = 8994.430110

count.K
4 9 32 7 36 9 44 9 

