logL = -1902.078437 (converged)
AIC = 4240.156874
BIC = 4896.475369

count.K
78 72 

