logL = -1938.494739 (converged)
AIC = 7576.989479
BIC = 13146.664773

count.K
5 5 16 8 30 8 6 46 18 8 

