logL = -1505.754860 (converged)
AIC = 5287.509719
BIC = 8713.612684

count.K
10 36 14 7 40 4 39 

