logL = -885.065500 (converged)
AIC = 7050.131001
BIC = 14998.208177

count.K
18 13 5 10 1 3 2 4 2 38 17 18 5 12 2 

