logL = -864.282089 (converged)
AIC = 5188.564179
BIC = 10396.963238

count.K
4 1 20 35 26 19 11 6 25 3 

