logL = -577.954761 (converged)
AIC = 3249.909522
BIC = 6402.044675

count.K
1 4 75 8 3 17 42 

