logL = -884.258513 (converged)
AIC = 2536.517026
BIC = 3692.600978

count.K
105 27 18 

