logL = -1258.893898 (converged)
AIC = 3673.787796
BIC = 5413.934996

count.K
29 51 52 18 

