logL = -1117.394904 (converged)
AIC = 5408.789807
BIC = 10186.668019

count.K
14 19 12 34 7 8 45 8 3 

