logL = -1806.865586 (converged)
AIC = 8997.731171
BIC = 17102.361383

count.K
2 4 18 2 7 4 11 30 2 5 8 19 2 36 

