0	tsk_0	(x)	1	:	0.000000	0.000000	0.000000	0.000000	0.560638	0.000000	0.000007	0.000000	0.439354
1	tsk_1	(x)	1	:	0.000000	0.000000	0.496241	0.503758	0.000000	0.000000	0.000000	0.000000	0.000000
2	tsk_2	(x)	1	:	0.000000	0.501490	0.000000	0.000000	0.000000	0.000000	0.000000	0.000000	0.498510
3	tsk_3	(x)	1	:	0.000000	0.000000	0.495004	0.000000	0.174058	0.000000	0.000008	0.000000	0.330929
4	tsk_4	(x)	1	:	0.000000	0.000000	0.000000	0.000000	0.521319	0.000000	0.000005	0.000000	0.478676
5	tsk_5	(x)	1	:	0.000000	0.000000	0.495017	0.000000	0.244084	0.000000	0.000005	0.000000	0.260894
6	tsk_6	(x)	1	:	0.000000	0.529273	0.000000	0.000000	0.149139	0.000000	0.000010	0.000000	0.321578
7	tsk_7	(x)	1	:	0.000000	0.474031	0.000000	0.000000	0.125315	0.180041	0.000002	0.000000	0.220611
8	tsk_8	(x)	1	:	0.000000	0.000000	0.000000	0.000000	0.422522	0.000000	0.000006	0.000000	0.577472
9	tsk_9	(x)	1	:	0.000000	0.540575	0.459425	0.000000	0.000000	0.000000	0.000000	0.000000	0.000000
10	tsk_10	(x)	1	:	0.000000	0.529273	0.000000	0.000000	0.148849	0.000000	0.000012	0.000000	0.321866
11	tsk_11	(x)	1	:	0.000000	0.000000	0.000000	0.000000	0.591131	0.000000	0.000006	0.000000	0.408863
12	tsk_12	(x)	1	:	0.000000	0.000000	0.000000	0.000000	0.605789	0.000000	0.000010	0.000000	0.394201
13	tsk_13	(x)	1	:	0.000000	0.000000	0.000000	0.000000	0.466909	0.000000	0.000008	0.000000	0.533084
14	tsk_14	(x)	1	:	0.000000	0.000000	0.000000	0.000000	0.000000	0.000000	0.000000	1.000000	0.000000
15	tsk_15	(x)	1	:	0.000000	0.529272	0.000000	0.000000	0.144855	0.000000	0.000008	0.000000	0.325865
16	tsk_16	(x)	1	:	0.000000	0.000000	0.000000	0.000000	0.000000	0.000000	0.000000	1.000000	0.000000
17	tsk_17	(x)	1	:	0.000000	0.000000	0.000000	0.000000	0.451364	0.000000	0.000009	0.000000	0.548627
18	tsk_18	(x)	1	:	0.000000	0.499740	0.000000	0.000000	0.000000	0.000000	0.000000	0.500260	0.000000
19	tsk_19	(x)	1	:	0.000000	0.000000	0.000000	0.000000	0.599003	0.000000	0.000004	0.000000	0.400992
20	tsk_20	(x)	1	:	0.000000	0.000000	0.000000	0.000000	0.000000	0.000000	0.000000	0.000000	1.000000
21	tsk_21	(x)	1	:	0.000000	0.000000	0.000000	0.000000	0.593365	0.000000	0.000010	0.000000	0.406625
22	tsk_22	(x)	1	:	0.000000	0.000000	0.000000	0.000000	0.371950	0.000000	0.000003	0.000000	0.628046
23	tsk_23	(x)	1	:	0.000000	0.000000	0.000000	0.000000	0.497414	0.000000	0.000003	0.000000	0.502583
24	tsk_24	(x)	1	:	0.000000	0.000000	0.000000	0.000000	0.779021	0.000000	0.000009	0.000000	0.220970
25	tsk_25	(x)	1	:	0.000000	0.000000	0.495025	0.000000	0.285871	0.000000	0.000005	0.000000	0.219098
26	tsk_26	(x)	1	:	0.000000	0.000000	0.495020	0.000000	0.257814	0.000000	0.000005	0.000000	0.247161
27	tsk_27	(x)	1	:	0.000000	0.000000	0.000000	0.000000	0.663307	0.000000	0.000007	0.000000	0.336686
28	tsk_28	(x)	1	:	0.000000	0.000000	0.000000	0.000000	0.422084	0.000000	0.000007	0.000000	0.577909
29	tsk_29	(x)	1	:	0.000000	0.000000	0.000000	0.000000	0.105887	0.000000	0.000003	0.487281	0.406829
30	tsk_30	(x)	1	:	0.000000	0.490514	0.000000	0.000000	0.334598	0.000000	0.000010	0.000000	0.174878
31	tsk_31	(x)	1	:	0.000000	0.000000	0.000000	0.499117	0.266091	0.000000	0.000010	0.000000	0.234783
32	tsk_32	(x)	1	:	0.000000	0.000000	0.519430	0.000000	0.333107	0.000000	0.000003	0.000000	0.147459
33	tsk_33	(x)	1	:	0.000000	0.490506	0.000000	0.000000	0.292998	0.000000	0.000007	0.000000	0.216489
34	tsk_34	(x)	1	:	0.000000	0.000000	0.000000	0.499123	0.287054	0.000000	0.000027	0.000000	0.213796
35	tsk_35	(x)	1	:	0.000000	0.000000	1.000000	0.000000	0.000000	0.000000	0.000000	0.000000	0.000000
36	tsk_36	(x)	1	:	0.000000	1.000000	0.000000	0.000000	0.000000	0.000000	0.000000	0.000000	0.000000
37	tsk_37	(x)	1	:	0.000000	0.490506	0.000000	0.000000	0.289974	0.000000	0.000020	0.000000	0.219499
38	tsk_38	(x)	1	:	0.000000	0.000000	0.519433	0.000000	0.343027	0.000000	0.000005	0.000000	0.137536
39	tsk_39	(x)	1	:	0.000000	0.000000	0.000000	0.545693	0.218796	0.000000	0.000004	0.000000	0.235506
40	tsk_40	(x)	1	:	0.000000	0.000000	0.000000	0.000000	0.999999	0.000000	0.000000	0.000000	0.000001
41	tsk_41	(x)	1	:	0.000000	0.000000	0.000000	0.000000	0.410057	0.000000	0.000003	0.000000	0.589940
42	tsk_42	(x)	1	:	0.000000	0.000000	0.505297	0.000000	0.000000	0.000000	0.000000	0.494702	0.000000
43	tsk_43	(x)	1	:	0.000000	0.000000	0.000000	0.499117	0.265659	0.000000	0.000014	0.000000	0.235211
44	tsk_44	(x)	1	:	0.501721	0.000000	0.000000	0.009471	0.000000	0.000000	0.000000	0.488808	0.000000
45	tsk_45	(x)	1	:	0.000000	0.000000	0.000000	0.000000	0.576854	0.000000	0.000008	0.000000	0.423138
46	tsk_46	(x)	1	:	0.000000	0.000000	0.000000	0.499101	0.201945	0.000000	0.000025	0.000000	0.298930
47	tsk_47	(x)	1	:	0.000000	0.000000	0.495011	0.000000	0.209575	0.000000	0.000002	0.000000	0.295412
48	tsk_48	(x)	1	:	0.000000	0.000000	0.000000	0.000000	0.282959	0.000000	0.000009	0.000000	0.717032
49	tsk_49	(x)	1	:	0.000000	0.000000	0.000000	0.000000	0.522159	0.000000	0.000008	0.000000	0.477834
50	tsk_50	(x)	1	:	0.000000	0.490320	0.000000	0.000000	0.000182	0.000000	0.509257	0.000000	0.000241
51	tsk_51	(x)	1	:	0.000000	0.490485	0.000000	0.000000	0.176621	0.000000	0.000008	0.000000	0.332885
52	tsk_52	(x)	1	:	0.000000	0.490512	0.000000	0.000000	0.321343	0.000000	0.000011	0.000000	0.188134
53	tsk_53	(x)	1	:	0.000000	0.490484	0.000000	0.000000	0.164714	0.000000	0.000011	0.000000	0.344792
54	tsk_54	(x)	1	:	0.000000	1.000000	0.000000	0.000000	0.000000	0.000000	0.000000	0.000000	0.000000
55	tsk_55	(x)	1	:	0.000000	0.490501	0.000000	0.000000	0.265292	0.000000	0.000008	0.000000	0.244199
56	tsk_56	(x)	1	:	0.000000	1.000000	0.000000	0.000000	0.000000	0.000000	0.000000	0.000000	0.000000
57	tsk_57	(x)	1	:	0.000000	0.492236	0.000000	0.507764	0.000000	0.000000	0.000000	0.000000	0.000000
58	tsk_58	(x)	1	:	0.000000	0.490498	0.000000	0.000000	0.251242	0.000000	0.000007	0.000000	0.258252
59	tsk_59	(x)	1	:	0.000000	0.490323	0.000000	0.000000	0.000069	0.000000	0.509285	0.000000	0.000324
60	tsk_60	(x)	1	:	0.000000	1.000000	0.000000	0.000000	0.000000	0.000000	0.000000	0.000000	0.000000
61	tsk_61	(x)	1	:	1.000000	0.000000	0.000000	0.000000	0.000000	0.000000	0.000000	0.000000	0.000000
62	tsk_62	(x)	1	:	0.497386	0.000000	0.000000	0.005091	0.306496	0.000000	0.000012	0.000000	0.191015
63	tsk_63	(x)	1	:	0.501712	0.000000	0.000000	0.009483	0.000000	0.000000	0.000000	0.488805	0.000000
64	tsk_64	(x)	1	:	0.000000	0.000000	0.495020	0.000000	0.260033	0.000000	0.000008	0.000000	0.244939
65	tsk_65	(x)	1	:	1.000000	0.000000	0.000000	0.000000	0.000000	0.000000	0.000000	0.000000	0.000000
66	tsk_66	(x)	1	:	0.000000	0.000000	0.000000	0.000000	0.169349	0.000000	0.000005	0.487295	0.343351
67	tsk_67	(x)	1	:	0.000000	0.000000	0.505297	0.000000	0.000000	0.000000	0.000000	0.494702	0.000000
68	tsk_68	(x)	1	:	0.499362	0.000000	0.494580	0.006058	0.000000	0.000000	0.000000	0.000000	0.000000
69	tsk_69	(x)	1	:	0.497396	0.000000	0.000000	0.005092	0.359219	0.000000	0.000017	0.000000	0.138275
70	tsk_70	(x)	1	:	0.000000	0.000000	0.000000	0.000000	0.195537	0.000000	0.000005	0.487301	0.317157
71	tsk_71	(x)	1	:	0.000000	0.000000	0.494439	0.000000	0.000118	0.000000	0.505114	0.000000	0.000329
72	tsk_72	(x)	1	:	0.000000	0.000000	0.495030	0.000000	0.308765	0.000000	0.000002	0.000000	0.196202
73	tsk_73	(x)	1	:	0.000000	0.000000	0.495029	0.000000	0.302200	0.000000	0.000003	0.000000	0.202768
74	tsk_74	(x)	1	:	0.000000	0.000000	0.000000	0.000000	0.386027	0.000000	0.000015	0.000000	0.613958
75	tsk_75	(x)	1	:	0.000000	0.000000	0.495015	0.000000	0.229681	0.000000	0.000005	0.000000	0.275300
76	tsk_76	(x)	1	:	0.000000	0.000000	0.000000	0.000000	0.354551	0.000000	0.000005	0.000000	0.645443
77	tsk_77	(x)	1	:	0.000000	0.000000	0.000000	0.000000	0.054502	0.000000	0.000003	0.487271	0.458223
78	tsk_78	(x)	1	:	0.000000	0.000000	1.000000	0.000000	0.000000	0.000000	0.000000	0.000000	0.000000
79	tsk_79	(x)	1	:	0.000000	0.000000	0.000000	0.000000	0.621180	0.000000	0.000005	0.000000	0.378814
80	tsk_80	(x)	1	:	0.000000	0.000000	0.000000	0.000000	0.112633	0.000000	0.000003	0.487283	0.400081
81	tsk_81	(x)	1	:	0.000000	0.000000	0.000000	0.000000	0.000000	0.000000	0.000000	1.000000	0.000000
82	tsk_82	(x)	1	:	0.000000	0.000000	0.505297	0.000000	0.000000	0.000000	0.000000	0.494702	0.000000
83	tsk_83	(x)	1	:	0.000000	0.000000	0.000000	0.000000	0.000000	0.000000	0.000000	1.000000	0.000000
84	tsk_84	(x)	1	:	0.000000	0.000000	0.000000	0.000000	0.000181	0.000000	0.511562	0.487396	0.000860
85	tsk_85	(x)	1	:	0.000000	0.499492	0.000000	0.000000	0.000000	0.000000	0.000000	0.500508	0.000000
86	tsk_86	(x)	1	:	0.000000	0.000000	1.000000	0.000000	0.000000	0.000000	0.000000	0.000000	0.000000
87	tsk_87	(x)	1	:	0.000000	0.000000	0.496241	0.503758	0.000000	0.000000	0.000000	0.000000	0.000000
88	tsk_88	(x)	1	:	0.000000	0.000000	0.000000	0.000000	0.000000	0.000000	0.000000	1.000000	0.000000
89	tsk_89	(x)	1	:	0.000000	0.000000	0.000000	0.000000	0.355477	0.000000	0.000014	0.000000	0.644509
90	tsk_90	(x)	1	:	0.000000	0.490491	0.000000	0.000000	0.211349	0.000000	0.000009	0.000000	0.298150
91	tsk_91	(x)	1	:	0.000000	0.000000	0.000000	0.466376	0.000000	0.000000	0.533624	0.000000	0.000000
92	tsk_92	(x)	1	:	0.000000	0.000000	0.000000	0.000000	0.378062	0.000000	0.000005	0.000000	0.621933
93	tsk_93	(x)	1	:	0.000000	0.000000	0.000000	0.000000	0.170892	0.000000	0.510875	0.000000	0.318233
94	tsk_94	(x)	1	:	0.000000	0.000000	0.000000	0.000000	0.002596	0.000000	0.994744	0.000000	0.002660
95	tsk_95	(x)	1	:	0.000000	0.000000	0.000000	0.000000	0.644698	0.000000	0.000007	0.000000	0.355295
96	tsk_96	(x)	1	:	0.000000	0.000000	0.000000	0.000000	0.583589	0.000000	0.000008	0.000000	0.416403
97	tsk_97	(x)	1	:	0.000000	0.000000	0.000000	0.000000	0.411045	0.000000	0.427283	0.000000	0.161672
98	tsk_98	(x)	1	:	0.000000	0.000000	0.000000	0.000000	0.149253	0.000000	0.000002	0.540256	0.310490
99	tsk_99	(x)	1	:	0.000000	0.000000	0.000000	0.000000	0.484796	0.000000	0.000011	0.000000	0.515193
100	tsk_100	(x)	1	:	0.000000	0.000000	1.000000	0.000000	0.000000	0.000000	0.000000	0.000000	0.000000
101	tsk_101	(x)	1	:	0.000000	0.000000	0.000000	0.499117	0.265219	0.000000	0.000023	0.000000	0.235641
102	tsk_102	(x)	1	:	0.000000	0.000000	0.000000	0.000000	0.545475	0.000000	0.000007	0.000000	0.454518
103	tsk_103	(x)	1	:	0.000000	0.000000	0.505297	0.000000	0.000000	0.000000	0.000000	0.494702	0.000000
104	tsk_104	(x)	1	:	0.000000	0.000000	0.495023	0.000000	0.273596	0.000000	0.000009	0.000000	0.231372
105	tsk_105	(x)	1	:	0.000000	0.000000	0.000000	0.499113	0.250969	0.000000	0.000013	0.000000	0.249906
106	tsk_106	(x)	1	:	0.000000	0.000000	0.000000	0.000000	0.000000	0.000000	0.000000	1.000000	0.000000
107	tsk_107	(x)	1	:	0.000000	0.529275	0.000000	0.000000	0.164161	0.000000	0.000008	0.000000	0.306556
108	tsk_108	(x)	1	:	0.000000	0.000000	0.000000	0.000000	0.130255	0.000000	0.000003	0.487286	0.382456
109	tsk_109	(x)	1	:	0.000000	0.000000	0.000000	1.000000	0.000000	0.000000	0.000000	0.000000	0.000000
110	tsk_110	(x)	1	:	0.000000	0.000000	0.000000	0.000000	0.411227	0.000000	0.000005	0.000000	0.588768
111	tsk_111	(x)	1	:	0.000000	0.000000	0.000000	0.000000	0.327331	0.000000	0.000004	0.000000	0.672665
112	tsk_112	(x)	1	:	0.000000	0.000000	0.000000	0.000000	1.000000	0.000000	0.000000	0.000000	0.000000
113	tsk_113	(x)	1	:	0.000000	0.000000	0.000000	0.000000	0.456110	0.071384	0.000006	0.000000	0.472500
114	tsk_114	(x)	1	:	0.000000	0.000000	0.000000	0.000000	0.373317	0.000000	0.000004	0.000000	0.626679
115	tsk_115	(x)	1	:	0.000000	0.000000	0.000000	0.000000	0.593686	0.000000	0.000004	0.000000	0.406310
116	tsk_116	(x)	1	:	0.000000	0.000000	0.000000	0.000000	0.498015	0.000000	0.000007	0.000000	0.501979
117	tsk_117	(x)	1	:	0.000000	0.000000	0.000000	0.000000	0.116959	0.000000	0.000003	0.487284	0.395754
118	tsk_118	(x)	1	:	0.000000	0.000000	0.000000	0.000000	0.606432	0.000000	0.000010	0.000000	0.393558
119	tsk_119	(x)	1	:	0.000000	0.000000	0.000000	0.000000	0.522416	0.000000	0.000009	0.000000	0.477575
120	tsk_120	(x)	1	:	0.000000	0.000000	0.000000	0.499097	0.183673	0.000000	0.000036	0.000000	0.317194
121	tsk_121	(x)	1	:	0.000000	0.000000	0.000000	0.000000	0.608740	0.000000	0.000005	0.000000	0.391255
122	tsk_122	(x)	1	:	0.000000	0.000000	0.000000	0.000000	0.108125	0.000000	0.000003	0.487282	0.404590
123	tsk_123	(x)	1	:	0.000000	0.000000	0.000000	0.000000	0.748922	0.000000	0.000008	0.000000	0.251070
124	tsk_124	(x)	1	:	0.000000	0.490484	0.000000	0.000000	0.167926	0.000000	0.000014	0.000000	0.341576
125	tsk_125	(x)	1	:	0.000000	0.000000	0.000000	0.000000	0.489730	0.000000	0.000009	0.000000	0.510261
126	tsk_126	(x)	1	:	0.000000	0.000000	0.000000	0.000000	0.355262	0.000000	0.000018	0.000000	0.644720
127	tsk_127	(x)	1	:	0.000000	0.000000	0.000000	0.000000	0.466483	0.000000	0.000004	0.000000	0.533513
128	tsk_128	(x)	1	:	0.000000	0.490508	0.000000	0.000000	0.301444	0.000000	0.000009	0.000000	0.208039
129	tsk_129	(x)	1	:	0.000000	0.499492	0.000000	0.000000	0.000000	0.000000	0.000000	0.500508	0.000000
130	tsk_130	(x)	1	:	0.000000	0.000000	0.000000	0.000000	0.000000	1.000000	0.000000	0.000000	0.000000
131	tsk_131	(x)	1	:	0.000000	0.000000	0.496241	0.503758	0.000000	0.000000	0.000000	0.000000	0.000000
132	tsk_132	(x)	1	:	0.000000	0.000000	0.517607	0.482393	0.000000	0.000000	0.000000	0.000000	0.000000
133	tsk_133	(x)	1	:	0.000000	0.000000	0.517607	0.482393	0.000000	0.000000	0.000000	0.000000	0.000000
134	tsk_134	(x)	1	:	0.000000	0.000000	0.000000	0.509833	0.000000	0.000000	0.000000	0.490167	0.000000
135	tsk_135	(x)	1	:	0.000000	0.000000	0.000000	0.499109	0.236860	0.000000	0.000006	0.000000	0.264025
136	tsk_136	(x)	1	:	0.000000	0.000000	0.000000	0.000000	0.000000	0.593122	0.000000	0.406878	0.000000
137	tsk_137	(x)	1	:	0.000000	0.000000	0.000000	0.000000	0.000000	1.000000	0.000000	0.000000	0.000000
138	tsk_138	(x)	1	:	0.000000	0.000000	0.517607	0.482393	0.000000	0.000000	0.000000	0.000000	0.000000
139	tsk_139	(x)	1	:	0.000000	0.000000	0.496241	0.503758	0.000000	0.000000	0.000000	0.000000	0.000000
140	tsk_140	(x)	1	:	1.000000	0.000000	0.000000	0.000000	0.000000	0.000000	0.000000	0.000000	0.000000
141	tsk_141	(x)	1	:	0.000000	0.494166	0.505834	0.000000	0.000000	0.000000	0.000000	0.000000	0.000000
142	tsk_142	(x)	1	:	1.000000	0.000000	0.000000	0.000000	0.000000	0.000000	0.000000	0.000000	0.000000
143	tsk_143	(x)	1	:	0.000000	0.000000	0.000000	0.499123	0.290534	0.000000	0.000007	0.000000	0.210336
144	tsk_144	(x)	1	:	0.486376	0.000000	0.000000	0.001047	0.250237	0.083318	0.000016	0.000000	0.179006
145	tsk_145	(x)	1	:	0.501718	0.000000	0.000000	0.009476	0.000000	0.000000	0.000000	0.488807	0.000000
146	tsk_146	(x)	1	:	0.499347	0.000000	0.494576	0.006077	0.000000	0.000000	0.000000	0.000000	0.000000
147	tsk_147	(x)	1	:	0.000000	0.000000	1.000000	0.000000	0.000000	0.000000	0.000000	0.000000	0.000000
148	tsk_148	(x)	1	:	0.479601	0.520209	0.000000	0.000190	0.000000	0.000000	0.000000	0.000000	0.000000
149	tsk_149	(x)	1	:	0.000000	0.000000	0.495022	0.000000	0.266968	0.000000	0.000004	0.000000	0.238006
