0	tsk_0	(x)	1	:	0.000000	0.000000	0.000000	0.000000	0.501135	0.498865	0.000000	0.000000	0.000000
1	tsk_1	(x)	1	:	0.000000	0.000000	0.115652	0.000000	0.000000	0.000000	0.083958	0.015912	0.784478
2	tsk_2	(x)	1	:	0.000000	0.000000	0.664368	0.000000	0.000000	0.000000	0.000000	0.335632	0.000000
3	tsk_3	(x)	1	:	0.000000	0.000000	0.000000	0.000000	0.497136	0.000000	0.502864	0.000000	0.000000
4	tsk_4	(x)	1	:	0.000000	0.000000	0.351579	0.000000	0.000000	0.487408	0.000000	0.161013	0.000000
5	tsk_5	(x)	1	:	0.000000	0.000000	0.000000	0.000000	0.000000	1.000000	0.000000	0.000000	0.000000
6	tsk_6	(x)	1	:	0.000000	0.000000	0.000000	0.000000	0.501135	0.498865	0.000000	0.000000	0.000000
7	tsk_7	(x)	1	:	0.000000	0.000000	0.000000	0.000000	1.000000	0.000000	0.000000	0.000000	0.000000
8	tsk_8	(x)	1	:	0.000000	0.000000	0.024729	0.000000	0.515905	0.443351	0.000000	0.016016	0.000000
9	tsk_9	(x)	1	:	0.000000	0.000000	0.070870	0.000000	0.000000	0.000000	0.083956	0.060690	0.784484
10	tsk_10	(x)	1	:	0.000000	0.000000	0.230489	0.000000	0.000000	0.487408	0.000000	0.282103	0.000000
11	tsk_11	(x)	1	:	0.000000	0.000000	0.000000	0.000000	0.000000	0.000000	1.000000	0.000000	0.000000
12	tsk_12	(x)	1	:	0.000000	0.000000	0.331402	0.000000	0.000000	0.487408	0.000000	0.181191	0.000000
13	tsk_13	(x)	1	:	0.000000	0.000000	0.340638	0.000000	0.496181	0.000000	0.000000	0.163181	0.000000
14	tsk_14	(x)	1	:	0.000000	0.000000	0.000000	0.122251	0.877749	0.000000	0.000000	0.000000	0.000000
15	tsk_15	(x)	1	:	0.000000	0.000000	0.000000	0.000000	0.000000	0.537552	0.462448	0.000000	0.000000
16	tsk_16	(x)	1	:	0.000000	0.000000	0.073722	0.358694	0.490419	0.000000	0.000000	0.077164	0.000000
17	tsk_17	(x)	1	:	0.000000	0.000000	0.000000	0.195779	0.458379	0.000000	0.345842	0.000000	0.000000
18	tsk_18	(x)	1	:	0.000000	0.000000	0.000000	0.000000	0.486813	0.513187	0.000000	0.000000	0.000000
19	tsk_19	(x)	1	:	0.000000	0.000000	0.218827	0.000000	0.000000	0.487408	0.000000	0.293765	0.000000
20	tsk_20	(x)	1	:	0.000000	0.000000	0.732123	0.000000	0.000000	0.000000	0.000000	0.267877	0.000000
21	tsk_21	(x)	1	:	0.000000	0.000000	0.000000	0.000000	1.000000	0.000000	0.000000	0.000000	0.000000
22	tsk_22	(x)	1	:	0.000000	0.000000	0.334044	0.000000	0.496181	0.000000	0.000000	0.169775	0.000000
23	tsk_23	(x)	1	:	0.000000	0.000000	0.325356	0.000000	0.496181	0.000000	0.000000	0.178463	0.000000
24	tsk_24	(x)	1	:	0.000000	0.000000	0.300866	0.000000	0.496181	0.000000	0.000000	0.202953	0.000000
25	tsk_25	(x)	1	:	0.000000	0.000000	0.348596	0.000000	0.496181	0.000000	0.000000	0.155223	0.000000
26	tsk_26	(x)	1	:	0.000000	0.000000	0.822789	0.000000	0.000000	0.000000	0.000000	0.177211	0.000000
27	tsk_27	(x)	1	:	0.000000	0.000000	0.000000	0.000000	1.000000	0.000000	0.000000	0.000000	0.000000
28	tsk_28	(x)	1	:	0.000000	0.000000	0.000000	0.000000	1.000000	0.000000	0.000000	0.000000	0.000000
29	tsk_29	(x)	1	:	0.000000	0.999999	0.000000	0.000000	0.000000	0.000001	0.000000	0.000000	0.000000
30	tsk_30	(x)	1	:	0.000000	0.000000	0.339198	0.000000	0.000000	0.487408	0.000000	0.173394	0.000000
31	tsk_31	(x)	1	:	0.000000	0.000000	0.260086	0.000000	0.000000	0.487408	0.000000	0.252506	0.000000
32	tsk_32	(x)	1	:	0.000000	0.000000	0.000000	0.000000	0.485916	0.514084	0.000000	0.000000	0.000000
33	tsk_33	(x)	1	:	0.000000	0.000000	0.107495	0.358694	0.490419	0.000000	0.000000	0.043391	0.000000
34	tsk_34	(x)	1	:	0.000000	0.000000	0.000000	0.000000	0.485916	0.514084	0.000000	0.000000	0.000000
35	tsk_35	(x)	1	:	0.000000	0.000000	0.284324	0.000000	0.000000	0.487408	0.000000	0.228268	0.000000
36	tsk_36	(x)	1	:	0.000000	0.000000	0.000000	0.000000	0.000000	1.000000	0.000000	0.000000	0.000000
37	tsk_37	(x)	1	:	0.000000	0.000000	0.000000	0.148774	0.425868	0.425358	0.000000	0.000000	0.000000
38	tsk_38	(x)	1	:	0.000000	0.000000	0.296006	0.000000	0.000000	0.487408	0.000000	0.216586	0.000000
39	tsk_39	(x)	1	:	0.000000	0.000000	0.000000	0.061099	0.938901	0.000000	0.000000	0.000000	0.000000
40	tsk_40	(x)	1	:	0.500061	0.000000	0.000000	0.000000	0.000346	0.499592	0.000000	0.000000	0.000000
41	tsk_41	(x)	1	:	0.000000	0.000000	0.000000	0.000000	0.000000	1.000000	0.000000	0.000000	0.000000
42	tsk_42	(x)	1	:	0.000000	0.000000	0.327050	0.000000	0.000000	0.408825	0.000000	0.264125	0.000000
43	tsk_43	(x)	1	:	0.000000	0.000000	0.000000	0.000000	0.501135	0.498865	0.000000	0.000000	0.000000
44	tsk_44	(x)	1	:	0.000000	0.000000	0.734917	0.000000	0.000000	0.000000	0.000000	0.265082	0.000000
45	tsk_45	(x)	1	:	0.000000	0.000000	0.021823	0.000000	0.515905	0.443351	0.000000	0.018921	0.000000
46	tsk_46	(x)	1	:	0.000000	0.000000	0.167939	0.000000	0.000000	0.569661	0.000000	0.262400	0.000000
47	tsk_47	(x)	1	:	0.000000	0.000000	0.000000	0.000000	0.501135	0.498865	0.000000	0.000000	0.000000
48	tsk_48	(x)	1	:	0.000000	0.000000	0.000000	0.000000	0.000000	1.000000	0.000000	0.000000	0.000000
49	tsk_49	(x)	1	:	0.000000	0.000000	0.175915	0.000000	0.000000	0.569661	0.000000	0.254423	0.000000
50	tsk_50	(x)	1	:	0.487393	0.000000	0.000000	0.000000	0.512607	0.000000	0.000000	0.000000	0.000000
51	tsk_51	(x)	1	:	0.499997	0.000000	0.000000	0.000000	0.000415	0.499588	0.000000	0.000000	0.000000
52	tsk_52	(x)	1	:	0.486799	0.000000	0.000000	0.000000	0.000037	0.513164	0.000000	0.000000	0.000000
53	tsk_53	(x)	1	:	0.000000	0.000000	0.000000	0.000000	0.000000	1.000000	0.000000	0.000000	0.000000
54	tsk_54	(x)	1	:	0.000000	0.000000	0.006448	0.000000	0.515211	0.000000	0.473340	0.005001	0.000000
55	tsk_55	(x)	1	:	0.000000	0.000000	0.004636	0.000000	0.515211	0.000000	0.473340	0.006814	0.000000
56	tsk_56	(x)	1	:	0.000000	0.000000	0.000000	0.000000	0.000000	1.000000	0.000000	0.000000	0.000000
57	tsk_57	(x)	1	:	0.000000	0.000000	0.000000	0.000000	0.500542	0.499458	0.000000	0.000000	0.000000
58	tsk_58	(x)	1	:	0.000000	0.000000	0.000000	0.000000	0.000000	1.000000	0.000000	0.000000	0.000000
59	tsk_59	(x)	1	:	0.500011	0.000000	0.000000	0.000000	0.000400	0.499589	0.000000	0.000000	0.000000
60	tsk_60	(x)	1	:	0.000000	0.000000	0.345653	0.000000	0.000000	0.408825	0.000000	0.245522	0.000000
61	tsk_61	(x)	1	:	0.000000	0.000000	0.000000	0.000000	0.482907	0.000000	0.517093	0.000000	0.000000
62	tsk_62	(x)	1	:	0.000000	0.000000	0.000000	0.000000	0.501135	0.498865	0.000000	0.000000	0.000000
63	tsk_63	(x)	1	:	0.000000	0.000000	0.016109	0.000000	0.515905	0.443351	0.000000	0.024636	0.000000
64	tsk_64	(x)	1	:	0.000000	0.000000	0.302405	0.000000	0.496181	0.000000	0.000000	0.201414	0.000000
65	tsk_65	(x)	1	:	0.000000	0.000000	0.000000	0.000000	1.000000	0.000000	0.000000	0.000000	0.000000
66	tsk_66	(x)	1	:	0.000000	0.000000	0.000000	0.211452	0.466553	0.321995	0.000000	0.000000	0.000000
67	tsk_67	(x)	1	:	0.000000	0.000000	0.000000	0.000000	1.000000	0.000000	0.000000	0.000000	0.000000
68	tsk_68	(x)	1	:	0.000000	0.000000	0.246627	0.000000	0.496181	0.000000	0.000000	0.257192	0.000000
69	tsk_69	(x)	1	:	0.000000	0.000000	0.300773	0.000000	0.496181	0.000000	0.000000	0.203046	0.000000
70	tsk_70	(x)	1	:	0.000000	0.000000	0.229443	0.000000	0.000000	0.487408	0.000000	0.283150	0.000000
71	tsk_71	(x)	1	:	0.000000	0.000000	0.461875	0.161821	0.000000	0.000000	0.000000	0.376304	0.000000
72	tsk_72	(x)	1	:	0.487401	0.000000	0.000000	0.000000	0.000000	0.512599	0.000000	0.000000	0.000000
73	tsk_73	(x)	1	:	0.000000	0.000000	0.541832	0.161821	0.000000	0.000000	0.000000	0.296347	0.000000
74	tsk_74	(x)	1	:	0.513980	0.000000	0.404424	0.000000	0.000000	0.000000	0.000000	0.081596	0.000000
75	tsk_75	(x)	1	:	0.511516	0.000000	0.220931	0.170467	0.000000	0.000000	0.000000	0.097086	0.000000
76	tsk_76	(x)	1	:	0.000000	0.000000	0.512476	0.161821	0.000000	0.000000	0.000000	0.325703	0.000000
77	tsk_77	(x)	1	:	0.000000	0.000000	0.382924	0.000000	0.000000	0.000000	0.000000	0.617076	0.000000
78	tsk_78	(x)	1	:	0.513980	0.000000	0.315368	0.000000	0.000000	0.000000	0.000000	0.170652	0.000000
79	tsk_79	(x)	1	:	0.000000	0.000000	0.348286	0.000000	0.000000	0.487408	0.000000	0.164306	0.000000
80	tsk_80	(x)	1	:	0.511414	0.000000	0.017028	0.000000	0.002655	0.443431	0.000000	0.025472	0.000000
81	tsk_81	(x)	1	:	0.499926	0.000000	0.000000	0.000000	0.000489	0.499584	0.000000	0.000000	0.000000
82	tsk_82	(x)	1	:	0.499926	0.000000	0.000000	0.000000	0.000489	0.499584	0.000000	0.000000	0.000000
83	tsk_83	(x)	1	:	0.000000	0.000000	0.000000	0.000000	0.000000	1.000000	0.000000	0.000000	0.000000
84	tsk_84	(x)	1	:	0.510470	0.000000	0.015936	0.000000	0.003672	0.443420	0.000000	0.026502	0.000000
85	tsk_85	(x)	1	:	1.000000	0.000000	0.000000	0.000000	0.000000	0.000000	0.000000	0.000000	0.000000
86	tsk_86	(x)	1	:	0.000000	0.000000	0.000000	0.000000	0.000000	1.000000	0.000000	0.000000	0.000000
87	tsk_87	(x)	1	:	0.000000	0.000000	0.247215	0.000000	0.000000	0.408825	0.000000	0.343960	0.000000
88	tsk_88	(x)	1	:	0.510933	0.000000	0.022375	0.000000	0.003174	0.443425	0.000000	0.020094	0.000000
89	tsk_89	(x)	1	:	0.000000	0.000000	0.000000	0.000000	0.000000	1.000000	0.000000	0.000000	0.000000
90	tsk_90	(x)	1	:	0.000000	0.000000	0.587764	0.000000	0.000000	0.000000	0.000000	0.412236	0.000000
91	tsk_91	(x)	1	:	0.000000	0.000000	0.181316	0.000000	0.000000	0.569661	0.000000	0.249022	0.000000
92	tsk_92	(x)	1	:	0.000000	0.000000	0.284358	0.000000	0.000000	0.487408	0.000000	0.228234	0.000000
93	tsk_93	(x)	1	:	0.000000	0.000000	0.284937	0.000000	0.000000	0.408825	0.000000	0.306238	0.000000
94	tsk_94	(x)	1	:	0.000000	0.000000	0.074572	0.358694	0.490419	0.000000	0.000000	0.076314	0.000000
95	tsk_95	(x)	1	:	0.000000	0.000000	0.000000	0.000000	0.000000	0.000000	0.000000	0.000000	1.000000
96	tsk_96	(x)	1	:	0.000000	0.000000	0.289880	0.000000	0.000000	0.569661	0.000000	0.140459	0.000000
97	tsk_97	(x)	1	:	0.000000	0.000000	0.431102	0.000000	0.000000	0.408825	0.000000	0.160073	0.000000
98	tsk_98	(x)	1	:	0.000000	0.000000	0.227876	0.000000	0.000000	0.569661	0.000000	0.202463	0.000000
99	tsk_99	(x)	1	:	0.000000	0.000000	0.496428	0.000000	0.000000	0.000000	0.437957	0.065615	0.000000
100	tsk_100	(x)	1	:	0.000000	0.000000	0.000000	0.000000	1.000000	0.000000	0.000000	0.000000	0.000000
101	tsk_101	(x)	1	:	0.000000	0.580186	0.000000	0.000000	0.000000	0.000000	0.419814	0.000000	0.000000
102	tsk_102	(x)	1	:	0.000000	0.000000	0.407127	0.000000	0.000000	0.487408	0.000000	0.105465	0.000000
103	tsk_103	(x)	1	:	0.000000	0.000000	0.735660	0.000000	0.000000	0.000000	0.000000	0.264340	0.000000
104	tsk_104	(x)	1	:	0.000000	0.000000	0.000000	0.000000	0.000000	0.468347	0.531653	0.000000	0.000000
105	tsk_105	(x)	1	:	0.000000	0.000000	0.000000	0.000000	0.000000	0.531481	0.468519	0.000000	0.000000
106	tsk_106	(x)	1	:	0.000000	0.000000	0.000000	0.000000	1.000000	0.000000	0.000000	0.000000	0.000000
107	tsk_107	(x)	1	:	0.000000	0.000000	0.000000	0.000000	0.482907	0.000000	0.517093	0.000000	0.000000
108	tsk_108	(x)	1	:	0.000000	0.000000	0.000000	0.000000	0.000000	0.531481	0.468519	0.000000	0.000000
109	tsk_109	(x)	1	:	0.000000	0.000000	0.262468	0.000000	0.000000	0.000000	0.437957	0.299575	0.000000
110	tsk_110	(x)	1	:	0.000000	0.531767	0.191499	0.000000	0.000000	0.000000	0.000000	0.276734	0.000000
111	tsk_111	(x)	1	:	0.000000	0.000000	0.181100	0.000000	0.514962	0.000000	0.000000	0.303938	0.000000
112	tsk_112	(x)	1	:	0.495577	0.000000	0.246416	0.000000	0.000000	0.000000	0.000000	0.258007	0.000000
113	tsk_113	(x)	1	:	0.500032	0.000000	0.000000	0.000000	0.000378	0.499590	0.000000	0.000000	0.000000
114	tsk_114	(x)	1	:	0.000000	0.000000	0.000000	0.000000	0.000000	0.577770	0.422230	0.000000	0.000000
115	tsk_115	(x)	1	:	0.000000	0.497682	0.000000	0.000000	0.502318	0.000000	0.000000	0.000000	0.000000
116	tsk_116	(x)	1	:	0.000000	0.673500	0.000000	0.000000	0.000000	0.326500	0.000000	0.000000	0.000000
117	tsk_117	(x)	1	:	0.000000	0.000000	0.000000	0.000000	0.515837	0.484163	0.000000	0.000000	0.000000
118	tsk_118	(x)	1	:	0.000000	0.000000	0.000000	0.000000	0.000000	0.000000	1.000000	0.000000	0.000000
119	tsk_119	(x)	1	:	0.000000	0.000000	0.259843	0.000000	0.514962	0.000000	0.000000	0.225195	0.000000
120	tsk_120	(x)	1	:	0.000000	0.000000	0.067793	0.000000	0.000000	0.000000	0.083958	0.063771	0.784478
121	tsk_121	(x)	1	:	0.000000	0.000000	0.791298	0.000000	0.000000	0.000000	0.000000	0.208702	0.000000
122	tsk_122	(x)	1	:	0.000000	0.000000	0.039356	0.000000	0.000000	0.445566	0.477022	0.038057	0.000000
123	tsk_123	(x)	1	:	0.000000	0.000000	0.000000	0.000000	0.482907	0.000000	0.517093	0.000000	0.000000
124	tsk_124	(x)	1	:	0.000000	0.000000	0.700593	0.000000	0.000000	0.000000	0.000000	0.299407	0.000000
125	tsk_125	(x)	1	:	0.000000	0.000000	0.101627	0.000000	0.000000	0.000000	0.480320	0.418053	0.000000
126	tsk_126	(x)	1	:	0.000000	0.000000	0.334667	0.000000	0.000000	0.000000	0.437957	0.227376	0.000000
127	tsk_127	(x)	1	:	0.000000	0.000000	0.767986	0.000000	0.000000	0.000000	0.000000	0.232014	0.000000
128	tsk_128	(x)	1	:	0.000000	0.000000	0.367687	0.000000	0.000000	0.408825	0.000000	0.223488	0.000000
129	tsk_129	(x)	1	:	0.000000	0.000000	0.000000	0.000000	0.504221	0.000000	0.495779	0.000000	0.000000
130	tsk_130	(x)	1	:	0.000000	0.000000	0.198559	0.171732	0.000000	0.480894	0.000000	0.148815	0.000000
131	tsk_131	(x)	1	:	0.500100	0.000000	0.000000	0.000000	0.000306	0.499594	0.000000	0.000000	0.000000
132	tsk_132	(x)	1	:	0.000000	1.000000	0.000000	0.000000	0.000000	0.000000	0.000000	0.000000	0.000000
133	tsk_133	(x)	1	:	0.000000	0.000000	0.010261	0.000000	0.515905	0.443351	0.000000	0.030484	0.000000
134	tsk_134	(x)	1	:	0.495577	0.000000	0.244233	0.000000	0.000000	0.000000	0.000000	0.260190	0.000000
135	tsk_135	(x)	1	:	0.000000	0.000000	0.000000	0.000000	0.000000	1.000000	0.000000	0.000000	0.000000
136	tsk_136	(x)	1	:	0.000000	0.000000	0.000000	0.000000	0.000000	1.000000	0.000000	0.000000	0.000000
137	tsk_137	(x)	1	:	0.000000	0.000000	0.179534	0.168009	0.000000	0.563725	0.000000	0.088732	0.000000
138	tsk_138	(x)	1	:	0.000000	0.000000	0.091501	0.358694	0.490419	0.000000	0.000000	0.059386	0.000000
139	tsk_139	(x)	1	:	0.000000	1.000000	0.000000	0.000000	0.000000	0.000000	0.000000	0.000000	0.000000
140	tsk_140	(x)	1	:	0.000000	0.000000	0.548378	0.000000	0.000000	0.000000	0.000000	0.451622	0.000000
141	tsk_141	(x)	1	:	0.000000	0.000000	0.000000	0.000000	0.000000	0.000000	1.000000	0.000000	0.000000
142	tsk_142	(x)	1	:	0.484868	0.000000	0.000000	0.000000	0.000000	0.000000	0.515131	0.000000	0.000000
143	tsk_143	(x)	1	:	0.000000	0.000000	0.000000	0.000000	0.000000	1.000000	0.000000	0.000000	0.000000
144	tsk_144	(x)	1	:	0.000000	0.000000	0.000000	0.000000	0.000000	0.446753	0.553247	0.000000	0.000000
145	tsk_145	(x)	1	:	0.000000	0.000000	0.000000	0.000000	0.000000	0.000000	1.000000	0.000000	0.000000
146	tsk_146	(x)	1	:	0.000000	0.000000	0.000000	0.000000	0.000000	0.447142	0.552857	0.000000	0.000000
147	tsk_147	(x)	1	:	0.000000	0.000000	0.000000	0.156277	0.432111	0.000000	0.411612	0.000000	0.000000
148	tsk_148	(x)	1	:	0.000000	0.000000	0.000000	0.000000	0.000000	1.000000	0.000000	0.000000	0.000000
149	tsk_149	(x)	1	:	0.000000	0.000000	0.084350	0.000000	0.000000	0.000000	0.083956	0.047209	0.784485
