logL = -1221.572402 (converged)
AIC = 3973.144803
BIC = 6276.280803

count.K
60 32 36 9 13 

