logL = -2289.693451 (converged)
AIC = 5035.386902
BIC = 5721.811749

count.K
69 81 

