logL = -1420.359175 (converged)
AIC = 4084.718351
BIC = 5957.333504

count.K
63 10 56 21 

