logL = -1844.315252 (converged)
AIC = 8188.630504
BIC = 14962.559916

count.K
0 26 4 30 12 3 36 8 15 0 9 7 

