logL = -1197.050715 (converged)
AIC = 5478.101430
BIC = 10120.501053

count.K
19 4 9 23 26 14 16 14 25 

