logL = -915.189399 (converged)
AIC = 5710.378798
BIC = 11551.011269

count.K
77 25 4 3 2 0 12 2 8 1 16 

