logL = -1653.762579 (converged)
AIC = 8363.525158
BIC = 15974.411182

count.K
0 32 1 2 0 12 1 2 26 6 35 30 3 

