logL = -1451.514619 (converged)
AIC = 6651.029239
BIC = 12292.959780

count.K
10 16 31 3 1 32 7 7 30 0 13 

