logL = -1263.895941 (converged)
AIC = 3331.791882
BIC = 4542.067270

count.K
90 20 40 

