logL = -1656.518600 (converged)
AIC = 6813.037200
BIC = 12081.648965

count.K
0 14 12 4 1 5 29 51 25 9 

