logL = -1894.068800 (converged)
AIC = 8584.137600
BIC = 15803.641035

count.K
24 10 5 23 17 8 12 1 25 1 4 2 18 

