logL = -1665.536491 (converged)
AIC = 8283.072981
BIC = 15737.405970

count.K
12 6 2 6 6 5 0 6 23 2 48 34 0 

