logL = -1092.712599 (converged)
AIC = 5143.425199
BIC = 9596.154799

count.K
0 25 18 34 22 21 2 2 26 

