0	tsk_0	(x)	1	:	0.343410	0.484382	0.000000	0.000000	0.000000	0.000000	0.000000	0.000000	0.000000	0.000000	0.000000	0.000000	0.000000	0.172208	0.000000
1	tsk_1	(x)	1	:	0.568242	0.000000	0.000000	0.000000	0.000000	0.000000	0.000000	0.000000	0.000000	0.000000	0.000000	0.000000	0.000000	0.431758	0.000000
2	tsk_2	(x)	1	:	0.696938	0.000000	0.000000	0.000000	0.000000	0.000000	0.000000	0.000000	0.000000	0.000000	0.000000	0.000000	0.000000	0.303062	0.000000
3	tsk_3	(x)	1	:	0.622037	0.000000	0.000000	0.000000	0.000000	0.000000	0.000000	0.000000	0.000000	0.000000	0.000000	0.000000	0.000000	0.377963	0.000000
4	tsk_4	(x)	1	:	0.523425	0.000000	0.000000	0.000000	0.000000	0.000000	0.000000	0.000000	0.000000	0.000000	0.000000	0.000000	0.000000	0.476575	0.000000
5	tsk_5	(x)	1	:	0.289388	0.000000	0.000000	0.000000	0.000000	0.000000	0.000000	0.000000	0.000000	0.509569	0.000000	0.000000	0.000000	0.201043	0.000000
6	tsk_6	(x)	1	:	0.381547	0.000000	0.000000	0.000000	0.000000	0.000000	0.000000	0.000000	0.000000	0.000000	0.000000	0.000000	0.000000	0.618453	0.000000
7	tsk_7	(x)	1	:	0.766005	0.000000	0.000000	0.000000	0.000000	0.000000	0.000000	0.000000	0.000000	0.000000	0.000000	0.000000	0.000000	0.233995	0.000000
8	tsk_8	(x)	1	:	0.224873	0.000000	0.000000	0.000000	0.000000	0.000000	0.000000	0.000000	0.000000	0.509569	0.000000	0.000000	0.000000	0.265558	0.000000
9	tsk_9	(x)	1	:	0.206107	0.000000	0.000000	0.000000	0.000000	0.000000	0.000000	0.000000	0.000000	0.509569	0.000000	0.000000	0.000000	0.284324	0.000000
10	tsk_10	(x)	1	:	0.000000	0.000000	1.000000	0.000000	0.000000	0.000000	0.000000	0.000000	0.000000	0.000000	0.000000	0.000000	0.000000	0.000000	0.000000
11	tsk_11	(x)	1	:	0.000000	0.000000	1.000000	0.000000	0.000000	0.000000	0.000000	0.000000	0.000000	0.000000	0.000000	0.000000	0.000000	0.000000	0.000000
12	tsk_12	(x)	1	:	0.594945	0.000000	0.000000	0.000000	0.000000	0.000000	0.000000	0.000000	0.000000	0.000000	0.000000	0.000000	0.000000	0.405055	0.000000
13	tsk_13	(x)	1	:	0.200578	0.000000	0.000000	0.000000	0.000000	0.000000	0.000000	0.000000	0.000000	0.000000	0.759788	0.000000	0.000000	0.039634	0.000000
14	tsk_14	(x)	1	:	0.000000	0.000000	1.000000	0.000000	0.000000	0.000000	0.000000	0.000000	0.000000	0.000000	0.000000	0.000000	0.000000	0.000000	0.000000
15	tsk_15	(x)	1	:	0.000000	0.000000	1.000000	0.000000	0.000000	0.000000	0.000000	0.000000	0.000000	0.000000	0.000000	0.000000	0.000000	0.000000	0.000000
16	tsk_16	(x)	1	:	0.578002	0.000000	0.000000	0.000000	0.000000	0.000000	0.000000	0.000000	0.000000	0.000000	0.000000	0.000000	0.000000	0.421998	0.000000
17	tsk_17	(x)	1	:	0.058074	0.000000	0.486120	0.000000	0.000000	0.000000	0.000000	0.000000	0.000000	0.000000	0.364866	0.000000	0.000000	0.090940	0.000000
18	tsk_18	(x)	1	:	0.002961	0.000000	0.484680	0.000000	0.000000	0.000000	0.000000	0.000000	0.000000	0.000000	0.000000	0.499883	0.000000	0.012475	0.000000
19	tsk_19	(x)	1	:	0.056858	0.000000	0.486120	0.000000	0.000000	0.000000	0.000000	0.000000	0.000000	0.000000	0.364866	0.000000	0.000000	0.092156	0.000000
20	tsk_20	(x)	1	:	0.000000	1.000000	0.000000	0.000000	0.000000	0.000000	0.000000	0.000000	0.000000	0.000000	0.000000	0.000000	0.000000	0.000000	0.000000
21	tsk_21	(x)	1	:	0.302415	0.000000	0.000000	0.000000	0.000000	0.000000	0.000000	0.000000	0.000000	0.012338	0.000000	0.000000	0.000000	0.227799	0.457447
22	tsk_22	(x)	1	:	0.261802	0.000000	0.000000	0.000000	0.000000	0.000000	0.000000	0.000000	0.000000	0.012294	0.000000	0.000000	0.000000	0.268419	0.457485
23	tsk_23	(x)	1	:	0.335338	0.000000	0.000000	0.000000	0.000000	0.000000	0.000000	0.000000	0.000000	0.012329	0.000000	0.000000	0.000000	0.194877	0.457455
24	tsk_24	(x)	1	:	0.197471	0.000000	0.000000	0.000000	0.000000	0.000000	0.000000	0.000000	0.000000	0.509569	0.000000	0.000000	0.000000	0.292960	0.000000
25	tsk_25	(x)	1	:	0.392042	0.000000	0.000000	0.000000	0.000000	0.000000	0.000000	0.000000	0.424538	0.000000	0.000000	0.000000	0.000000	0.183420	0.000000
26	tsk_26	(x)	1	:	0.102409	0.000000	0.000000	0.000000	0.000000	0.000000	0.000000	0.000000	0.000000	0.509569	0.000000	0.000000	0.000000	0.388021	0.000000
27	tsk_27	(x)	1	:	0.128656	0.000000	0.000000	0.000000	0.000000	0.000000	0.000000	0.000000	0.000000	0.509569	0.000000	0.000000	0.000000	0.361775	0.000000
28	tsk_28	(x)	1	:	0.333093	0.000000	0.000000	0.000000	0.000000	0.000000	0.000000	0.000000	0.000000	0.012347	0.000000	0.000000	0.000000	0.197120	0.457440
29	tsk_29	(x)	1	:	0.156673	0.000000	0.000000	0.000000	0.000000	0.000000	0.000000	0.000000	0.000000	0.012356	0.000000	0.000000	0.000000	0.373539	0.457433
30	tsk_30	(x)	1	:	0.000000	0.000000	0.000000	0.000000	0.000000	0.000000	0.555992	0.000000	0.444008	0.000000	0.000000	0.000000	0.000000	0.000000	0.000000
31	tsk_31	(x)	1	:	0.238234	0.000000	0.000000	0.000000	0.000000	0.000000	0.624408	0.000000	0.000000	0.000000	0.000000	0.000000	0.000000	0.137358	0.000000
32	tsk_32	(x)	1	:	0.260587	0.000000	0.000000	0.000000	0.000000	0.000000	0.000000	0.000000	0.000000	0.000000	0.000000	0.000000	0.000000	0.203428	0.535985
33	tsk_33	(x)	1	:	0.098044	0.000000	0.000000	0.000000	0.000000	0.000000	0.000000	0.000000	0.835441	0.000000	0.000000	0.000000	0.000000	0.066515	0.000000
34	tsk_34	(x)	1	:	0.353617	0.000000	0.000000	0.000000	0.000000	0.000000	0.000000	0.000000	0.000000	0.000000	0.364859	0.000000	0.000000	0.281524	0.000000
35	tsk_35	(x)	1	:	0.334759	0.000000	0.000000	0.000000	0.000000	0.000000	0.000000	0.000000	0.497553	0.000000	0.000000	0.000000	0.000000	0.167688	0.000000
36	tsk_36	(x)	1	:	0.106213	0.000000	0.000000	0.000000	0.000000	0.000000	0.000000	0.000000	0.000000	0.000000	0.000000	0.000000	0.000000	0.357802	0.535985
37	tsk_37	(x)	1	:	0.365102	0.000000	0.000000	0.000000	0.000000	0.000000	0.000000	0.000000	0.497553	0.000000	0.000000	0.000000	0.000000	0.137345	0.000000
38	tsk_38	(x)	1	:	0.204365	0.000000	0.000000	0.000000	0.000000	0.000000	0.624482	0.000000	0.000000	0.000000	0.000000	0.000000	0.000000	0.171153	0.000000
39	tsk_39	(x)	1	:	0.351438	0.000000	0.000000	0.000000	0.000000	0.000000	0.000000	0.000000	0.497553	0.000000	0.000000	0.000000	0.000000	0.151009	0.000000
40	tsk_40	(x)	1	:	0.208596	0.000000	0.000000	0.000000	0.000000	0.000000	0.000000	0.000000	0.000000	0.000000	0.759788	0.000000	0.000000	0.031615	0.000000
41	tsk_41	(x)	1	:	0.254240	0.000000	0.000000	0.000000	0.000000	0.000000	0.000000	0.506224	0.000000	0.000000	0.000000	0.000000	0.000000	0.239536	0.000000
42	tsk_42	(x)	1	:	0.206602	0.000000	0.000000	0.000000	0.000000	0.000000	0.000000	0.506224	0.000000	0.000000	0.000000	0.000000	0.000000	0.287174	0.000000
43	tsk_43	(x)	1	:	0.522442	0.000000	0.000000	0.000000	0.000000	0.000000	0.000000	0.000000	0.000000	0.000000	0.000000	0.000000	0.000000	0.477558	0.000000
44	tsk_44	(x)	1	:	0.208958	0.000000	0.000000	0.000000	0.000000	0.000000	0.000000	0.506224	0.000000	0.000000	0.000000	0.000000	0.000000	0.284818	0.000000
45	tsk_45	(x)	1	:	0.295198	0.000000	0.000000	0.000000	0.000000	0.000000	0.000000	0.506224	0.000000	0.000000	0.000000	0.000000	0.000000	0.198578	0.000000
46	tsk_46	(x)	1	:	0.229357	0.000000	0.000000	0.000000	0.000000	0.000000	0.000000	0.506224	0.000000	0.000000	0.000000	0.000000	0.000000	0.264419	0.000000
47	tsk_47	(x)	1	:	0.000000	0.000000	0.000000	0.000000	0.000000	0.000000	0.000000	1.000000	0.000000	0.000000	0.000000	0.000000	0.000000	0.000000	0.000000
48	tsk_48	(x)	1	:	0.033873	0.000000	0.000000	0.000000	0.500000	0.000000	0.000000	0.000000	0.000000	0.000000	0.000000	0.000000	0.000000	0.466127	0.000000
49	tsk_49	(x)	1	:	0.000000	0.000000	0.000000	0.000000	1.000000	0.000000	0.000000	0.000000	0.000000	0.000000	0.000000	0.000000	0.000000	0.000000	0.000000
50	tsk_50	(x)	1	:	0.000000	1.000000	0.000000	0.000000	0.000000	0.000000	0.000000	0.000000	0.000000	0.000000	0.000000	0.000000	0.000000	0.000000	0.000000
51	tsk_51	(x)	1	:	0.064586	0.000000	0.000000	0.000000	0.000000	0.427651	0.000000	0.000000	0.000000	0.387739	0.000000	0.000000	0.000000	0.120024	0.000000
52	tsk_52	(x)	1	:	0.000000	0.289504	0.000000	0.000000	0.000000	0.306302	0.000000	0.000000	0.000000	0.404193	0.000000	0.000000	0.000000	0.000000	0.000000
53	tsk_53	(x)	1	:	0.813162	0.000000	0.000000	0.000000	0.000000	0.000000	0.000000	0.000000	0.000000	0.000000	0.000000	0.000000	0.000000	0.186838	0.000000
54	tsk_54	(x)	1	:	0.552030	0.000000	0.000000	0.000000	0.000000	0.000000	0.000000	0.000000	0.000000	0.000000	0.000000	0.000000	0.000000	0.447970	0.000000
55	tsk_55	(x)	1	:	0.000000	0.000000	0.000000	0.000000	0.000000	0.673640	0.000000	0.000000	0.000000	0.326360	0.000000	0.000000	0.000000	0.000000	0.000000
56	tsk_56	(x)	1	:	0.844500	0.000000	0.000000	0.000000	0.000000	0.000000	0.000000	0.000000	0.000000	0.000000	0.000000	0.000000	0.000000	0.155499	0.000000
57	tsk_57	(x)	1	:	0.679282	0.000000	0.000000	0.000000	0.000000	0.000000	0.000000	0.000000	0.000000	0.000000	0.000000	0.000000	0.000000	0.320718	0.000000
58	tsk_58	(x)	1	:	0.685773	0.000000	0.000000	0.000000	0.000000	0.000000	0.000000	0.000000	0.000000	0.000000	0.000000	0.000000	0.000000	0.314227	0.000000
59	tsk_59	(x)	1	:	0.071689	0.000000	0.000000	0.000000	0.000000	0.427651	0.000000	0.000000	0.000000	0.387739	0.000000	0.000000	0.000000	0.112922	0.000000
60	tsk_60	(x)	1	:	0.328468	0.000000	0.000000	0.000000	0.000000	0.000000	0.000000	0.000000	0.424538	0.000000	0.000000	0.000000	0.000000	0.246994	0.000000
61	tsk_61	(x)	1	:	0.294896	0.000000	0.000000	0.492625	0.000000	0.000000	0.000000	0.000000	0.000000	0.000000	0.000000	0.000000	0.000000	0.212478	0.000000
62	tsk_62	(x)	1	:	0.264066	0.000000	0.000000	0.492625	0.000000	0.000000	0.000000	0.000000	0.000000	0.000000	0.000000	0.000000	0.000000	0.243309	0.000000
63	tsk_63	(x)	1	:	0.000000	0.000000	0.000000	0.451119	0.000000	0.000000	0.000000	0.000000	0.000000	0.000000	0.000000	0.000000	0.000000	0.000000	0.548880
64	tsk_64	(x)	1	:	0.000000	0.000000	0.000000	0.451119	0.000000	0.000000	0.000000	0.000000	0.000000	0.000000	0.000000	0.000000	0.000000	0.000000	0.548880
65	tsk_65	(x)	1	:	0.000000	0.000000	0.000000	0.000000	0.458610	0.000000	0.000000	0.000000	0.000000	0.000000	0.000000	0.000000	0.000000	0.000000	0.541390
66	tsk_66	(x)	1	:	0.016204	0.000000	0.000000	0.000000	0.503177	0.000000	0.000000	0.000000	0.455746	0.000000	0.000000	0.000000	0.000000	0.024873	0.000000
67	tsk_67	(x)	1	:	0.677989	0.000000	0.000000	0.000000	0.000000	0.000000	0.000000	0.000000	0.000000	0.000000	0.000000	0.000000	0.000000	0.322011	0.000000
68	tsk_68	(x)	1	:	0.137513	0.000000	0.000000	0.000000	0.500000	0.000000	0.000000	0.000000	0.000000	0.000000	0.000000	0.000000	0.000000	0.362487	0.000000
69	tsk_69	(x)	1	:	0.000000	0.465267	0.000000	0.000000	0.000000	0.000000	0.000000	0.000000	0.000000	0.000000	0.000000	0.000000	0.000000	0.000000	0.534733
70	tsk_70	(x)	1	:	0.000000	0.000000	1.000000	0.000000	0.000000	0.000000	0.000000	0.000000	0.000000	0.000000	0.000000	0.000000	0.000000	0.000000	0.000000
71	tsk_71	(x)	1	:	0.786566	0.000000	0.000000	0.000000	0.000000	0.000000	0.000000	0.000000	0.000000	0.000000	0.000000	0.000000	0.000000	0.213434	0.000000
72	tsk_72	(x)	1	:	0.368090	0.484382	0.000000	0.000000	0.000000	0.000000	0.000000	0.000000	0.000000	0.000000	0.000000	0.000000	0.000000	0.147528	0.000000
73	tsk_73	(x)	1	:	0.177108	0.000000	0.000000	0.000000	0.000000	0.000000	0.000000	0.000000	0.000000	0.509569	0.000000	0.000000	0.000000	0.313323	0.000000
74	tsk_74	(x)	1	:	0.621259	0.000000	0.000000	0.000000	0.000000	0.000000	0.000000	0.000000	0.000000	0.000000	0.000000	0.000000	0.000000	0.378741	0.000000
75	tsk_75	(x)	1	:	0.301462	0.000000	0.486114	0.000000	0.000000	0.000000	0.000000	0.000000	0.000000	0.000000	0.000000	0.000000	0.000000	0.212424	0.000000
76	tsk_76	(x)	1	:	0.002982	0.000000	0.482269	0.000000	0.000000	0.000000	0.000000	0.000000	0.000000	0.509290	0.000000	0.000000	0.000000	0.005459	0.000000
77	tsk_77	(x)	1	:	0.321121	0.000000	0.000000	0.000000	0.000000	0.000000	0.000000	0.000000	0.000000	0.481914	0.000000	0.000000	0.000000	0.196965	0.000000
78	tsk_78	(x)	1	:	0.316825	0.484382	0.000000	0.000000	0.000000	0.000000	0.000000	0.000000	0.000000	0.000000	0.000000	0.000000	0.000000	0.198793	0.000000
79	tsk_79	(x)	1	:	0.362877	0.484382	0.000000	0.000000	0.000000	0.000000	0.000000	0.000000	0.000000	0.000000	0.000000	0.000000	0.000000	0.152740	0.000000
80	tsk_80	(x)	1	:	0.314577	0.000000	0.000000	0.000000	0.000000	0.000000	0.000000	0.000000	0.000000	0.481914	0.000000	0.000000	0.000000	0.203509	0.000000
81	tsk_81	(x)	1	:	0.288931	0.484382	0.000000	0.000000	0.000000	0.000000	0.000000	0.000000	0.000000	0.000000	0.000000	0.000000	0.000000	0.226687	0.000000
82	tsk_82	(x)	1	:	0.375131	0.484382	0.000000	0.000000	0.000000	0.000000	0.000000	0.000000	0.000000	0.000000	0.000000	0.000000	0.000000	0.140487	0.000000
83	tsk_83	(x)	1	:	0.246754	0.661950	0.000000	0.000000	0.000000	0.000000	0.000000	0.000000	0.000000	0.000000	0.000000	0.000000	0.000000	0.091296	0.000000
84	tsk_84	(x)	1	:	0.000000	0.000000	0.000000	1.000000	0.000000	0.000000	0.000000	0.000000	0.000000	0.000000	0.000000	0.000000	0.000000	0.000000	0.000000
85	tsk_85	(x)	1	:	0.343651	0.484382	0.000000	0.000000	0.000000	0.000000	0.000000	0.000000	0.000000	0.000000	0.000000	0.000000	0.000000	0.171966	0.000000
86	tsk_86	(x)	1	:	0.212993	0.000000	0.000000	0.000000	0.000000	0.000000	0.000000	0.000000	0.000000	0.509569	0.000000	0.000000	0.000000	0.277438	0.000000
87	tsk_87	(x)	1	:	0.000079	0.000000	0.000000	0.000000	0.000000	0.000000	0.000000	0.000000	0.000000	0.000000	0.000000	0.000000	0.999863	0.000058	0.000000
88	tsk_88	(x)	1	:	0.621320	0.000000	0.000000	0.000000	0.000000	0.000000	0.000000	0.000000	0.000000	0.000000	0.000000	0.000000	0.000000	0.378680	0.000000
89	tsk_89	(x)	1	:	0.205970	0.000000	0.000000	0.000000	0.000000	0.000000	0.000000	0.000000	0.000000	0.509569	0.000000	0.000000	0.000000	0.284461	0.000000
90	tsk_90	(x)	1	:	0.003875	0.000000	0.485469	0.492536	0.000000	0.000000	0.000000	0.000000	0.000000	0.000000	0.000000	0.000000	0.000000	0.018120	0.000000
91	tsk_91	(x)	1	:	0.000000	0.000000	0.000000	0.000000	0.000000	0.000000	0.000000	0.000000	0.000000	1.000000	0.000000	0.000000	0.000000	0.000000	0.000000
92	tsk_92	(x)	1	:	0.182165	0.000000	0.000000	0.000000	0.000000	0.000000	0.000000	0.000000	0.000000	0.481914	0.000000	0.000000	0.000000	0.335921	0.000000
93	tsk_93	(x)	1	:	0.426227	0.484382	0.000000	0.000000	0.000000	0.000000	0.000000	0.000000	0.000000	0.000000	0.000000	0.000000	0.000000	0.089391	0.000000
94	tsk_94	(x)	1	:	0.277433	0.000000	0.000000	0.492625	0.000000	0.000000	0.000000	0.000000	0.000000	0.000000	0.000000	0.000000	0.000000	0.229942	0.000000
95	tsk_95	(x)	1	:	0.320150	0.000000	0.000000	0.492625	0.000000	0.000000	0.000000	0.000000	0.000000	0.000000	0.000000	0.000000	0.000000	0.187225	0.000000
96	tsk_96	(x)	1	:	0.331665	0.000000	0.000000	0.492625	0.000000	0.000000	0.000000	0.000000	0.000000	0.000000	0.000000	0.000000	0.000000	0.175709	0.000000
97	tsk_97	(x)	1	:	0.000000	0.000000	0.000000	0.518321	0.000000	0.000000	0.000000	0.000000	0.000000	0.481679	0.000000	0.000000	0.000000	0.000000	0.000000
98	tsk_98	(x)	1	:	0.139259	0.000000	0.000000	0.492625	0.000000	0.000000	0.000000	0.000000	0.000000	0.000000	0.000000	0.000000	0.000000	0.368116	0.000000
99	tsk_99	(x)	1	:	0.349898	0.484382	0.000000	0.000000	0.000000	0.000000	0.000000	0.000000	0.000000	0.000000	0.000000	0.000000	0.000000	0.165720	0.000000
100	tsk_100	(x)	1	:	0.000091	0.000000	0.000000	0.000000	0.000000	0.000000	0.000000	0.000000	0.000000	0.000000	0.999875	0.000000	0.000000	0.000034	0.000000
101	tsk_101	(x)	1	:	0.000000	0.000000	0.000000	0.000000	0.000000	0.000000	0.000000	0.514672	0.000000	0.000000	0.485328	0.000000	0.000000	0.000000	0.000000
102	tsk_102	(x)	1	:	0.506370	0.000000	0.000000	0.000000	0.000000	0.000000	0.000000	0.000000	0.000000	0.000000	0.439872	0.000000	0.000000	0.053759	0.000000
103	tsk_103	(x)	1	:	0.405327	0.000000	0.000000	0.000000	0.000000	0.000000	0.000000	0.000000	0.000000	0.000000	0.439872	0.000000	0.000000	0.154801	0.000000
104	tsk_104	(x)	1	:	0.000094	0.000000	0.000000	0.000000	0.000000	0.000000	0.000000	0.000000	0.000000	0.000000	0.999875	0.000000	0.000000	0.000031	0.000000
105	tsk_105	(x)	1	:	0.411915	0.000000	0.000000	0.000000	0.000000	0.000000	0.000000	0.000000	0.000000	0.000000	0.439872	0.000000	0.000000	0.148213	0.000000
106	tsk_106	(x)	1	:	0.000000	0.000000	0.000000	0.000000	0.000000	0.000000	0.000000	1.000000	0.000000	0.000000	0.000000	0.000000	0.000000	0.000000	0.000000
107	tsk_107	(x)	1	:	0.303197	0.000000	0.000000	0.000000	0.000000	0.000000	0.000000	0.000000	0.000000	0.000000	0.439872	0.000000	0.000000	0.256931	0.000000
108	tsk_108	(x)	1	:	0.400410	0.000000	0.000000	0.000000	0.000000	0.000000	0.000000	0.000000	0.000000	0.000000	0.439872	0.000000	0.000000	0.159718	0.000000
109	tsk_109	(x)	1	:	0.414244	0.000000	0.000000	0.000000	0.000000	0.000000	0.000000	0.000000	0.000000	0.000000	0.439872	0.000000	0.000000	0.145884	0.000000
110	tsk_110	(x)	1	:	0.782598	0.000000	0.000000	0.000000	0.000000	0.000000	0.000000	0.000000	0.000000	0.000000	0.000000	0.000000	0.000000	0.217402	0.000000
111	tsk_111	(x)	1	:	0.320391	0.000000	0.000000	0.529877	0.000000	0.000000	0.000000	0.000000	0.000000	0.000000	0.000000	0.000000	0.000000	0.149732	0.000000
112	tsk_112	(x)	1	:	0.229401	0.484382	0.000000	0.000000	0.000000	0.000000	0.000000	0.000000	0.000000	0.000000	0.000000	0.000000	0.000000	0.286217	0.000000
113	tsk_113	(x)	1	:	0.590097	0.000000	0.000000	0.000000	0.000000	0.000000	0.000000	0.000000	0.000000	0.000000	0.000000	0.000000	0.000000	0.409902	0.000000
114	tsk_114	(x)	1	:	0.652682	0.000000	0.000000	0.000000	0.000000	0.000000	0.000000	0.000000	0.000000	0.000000	0.000000	0.000000	0.000000	0.347318	0.000000
115	tsk_115	(x)	1	:	0.000132	0.000000	0.000000	0.000000	0.000000	0.000000	0.000000	0.000000	0.000000	0.000000	0.000000	0.000000	0.999823	0.000045	0.000000
116	tsk_116	(x)	1	:	0.450375	0.000000	0.000000	0.000000	0.000000	0.000000	0.000000	0.000000	0.000000	0.000000	0.000000	0.000000	0.000000	0.549625	0.000000
117	tsk_117	(x)	1	:	0.000000	0.000000	0.000000	0.508442	0.000000	0.000000	0.000000	0.000000	0.000000	0.491558	0.000000	0.000000	0.000000	0.000000	0.000000
118	tsk_118	(x)	1	:	0.266088	0.000000	0.000000	0.529877	0.000000	0.000000	0.000000	0.000000	0.000000	0.000000	0.000000	0.000000	0.000000	0.204035	0.000000
119	tsk_119	(x)	1	:	0.323136	0.000000	0.000000	0.000000	0.000000	0.000000	0.000000	0.000000	0.000000	0.509569	0.000000	0.000000	0.000000	0.167294	0.000000
120	tsk_120	(x)	1	:	0.000000	0.000000	0.000000	0.000000	0.000000	0.000000	0.000000	0.000000	0.000000	0.518987	0.481012	0.000000	0.000000	0.000000	0.000000
121	tsk_121	(x)	1	:	0.088722	0.000000	0.000000	0.000000	0.000000	0.000000	0.000000	0.000000	0.000000	0.509569	0.000000	0.000000	0.000000	0.401708	0.000000
122	tsk_122	(x)	1	:	0.741679	0.000000	0.000000	0.000000	0.000000	0.000000	0.000000	0.000000	0.000000	0.000000	0.000000	0.000000	0.000000	0.258320	0.000000
123	tsk_123	(x)	1	:	0.004596	0.000000	0.484052	0.000000	0.000000	0.000000	0.000000	0.308902	0.000000	0.194250	0.000000	0.000000	0.000000	0.008199	0.000000
124	tsk_124	(x)	1	:	0.724898	0.000000	0.000000	0.000000	0.000000	0.000000	0.000000	0.000000	0.000000	0.000000	0.000000	0.000000	0.000000	0.275102	0.000000
125	tsk_125	(x)	1	:	0.697305	0.000000	0.000000	0.000000	0.000000	0.000000	0.000000	0.000000	0.000000	0.000000	0.000000	0.000000	0.000000	0.302695	0.000000
126	tsk_126	(x)	1	:	0.005345	0.000000	0.482269	0.000000	0.000000	0.000000	0.000000	0.000000	0.000000	0.509290	0.000000	0.000000	0.000000	0.003095	0.000000
127	tsk_127	(x)	1	:	0.391448	0.000000	0.486114	0.000000	0.000000	0.000000	0.000000	0.000000	0.000000	0.000000	0.000000	0.000000	0.000000	0.122438	0.000000
128	tsk_128	(x)	1	:	0.000000	0.000000	0.000000	0.000000	0.000000	0.000000	0.000000	0.363318	0.000000	0.636682	0.000000	0.000000	0.000000	0.000000	0.000000
129	tsk_129	(x)	1	:	0.000000	0.000000	0.000000	0.000000	0.000000	0.000000	0.000000	0.363318	0.000000	0.636682	0.000000	0.000000	0.000000	0.000000	0.000000
130	tsk_130	(x)	1	:	0.290325	0.000000	0.000000	0.000000	0.000000	0.000000	0.000000	0.000000	0.000000	0.000000	0.000000	0.500000	0.000000	0.209674	0.000000
131	tsk_131	(x)	1	:	0.217379	0.000000	0.000000	0.000000	0.000000	0.000000	0.000000	0.000000	0.000000	0.000000	0.000000	0.500000	0.000000	0.282621	0.000000
132	tsk_132	(x)	1	:	0.149725	0.000000	0.000000	0.000000	0.500000	0.000000	0.000000	0.000000	0.000000	0.000000	0.000000	0.000000	0.000000	0.350275	0.000000
133	tsk_133	(x)	1	:	0.199272	0.000000	0.000000	0.000000	0.500000	0.000000	0.000000	0.000000	0.000000	0.000000	0.000000	0.000000	0.000000	0.300728	0.000000
134	tsk_134	(x)	1	:	0.662191	0.000000	0.000000	0.000000	0.000000	0.000000	0.000000	0.000000	0.000000	0.000000	0.000000	0.000000	0.000000	0.337809	0.000000
135	tsk_135	(x)	1	:	0.301927	0.000000	0.000000	0.000000	0.000000	0.000000	0.000000	0.000000	0.000000	0.012354	0.000000	0.000000	0.000000	0.228285	0.457434
136	tsk_136	(x)	1	:	0.325436	0.000000	0.000000	0.000000	0.000000	0.000000	0.000000	0.000000	0.000000	0.000000	0.364859	0.000000	0.000000	0.309705	0.000000
137	tsk_137	(x)	1	:	0.710217	0.000000	0.000000	0.000000	0.000000	0.000000	0.000000	0.000000	0.000000	0.000000	0.000000	0.000000	0.000000	0.289783	0.000000
138	tsk_138	(x)	1	:	0.000000	0.000000	0.000000	0.000000	0.500000	0.000000	0.000000	0.000000	0.000000	0.000000	0.000000	0.500000	0.000000	0.000000	0.000000
139	tsk_139	(x)	1	:	0.296156	0.000000	0.000000	0.000000	0.000000	0.000000	0.000000	0.000000	0.000000	0.000000	0.000000	0.500000	0.000000	0.203843	0.000000
140	tsk_140	(x)	1	:	0.723675	0.000000	0.000000	0.000000	0.000000	0.000000	0.000000	0.000000	0.000000	0.000000	0.000000	0.000000	0.000000	0.276325	0.000000
141	tsk_141	(x)	1	:	0.191079	0.000000	0.000000	0.000000	0.000000	0.000000	0.000000	0.000000	0.000000	0.000000	0.000000	0.500000	0.000000	0.308921	0.000000
142	tsk_142	(x)	1	:	0.192607	0.000000	0.000000	0.000000	0.000000	0.000000	0.000000	0.000000	0.000000	0.481914	0.000000	0.000000	0.000000	0.325478	0.000000
143	tsk_143	(x)	1	:	0.110695	0.000000	0.000000	0.000000	0.000000	0.000000	0.000000	0.000000	0.000000	0.000000	0.000000	0.500000	0.000000	0.389305	0.000000
144	tsk_144	(x)	1	:	0.260926	0.000000	0.000000	0.000000	0.000000	0.000000	0.000000	0.000000	0.000000	0.509569	0.000000	0.000000	0.000000	0.229504	0.000000
145	tsk_145	(x)	1	:	0.132890	0.000000	0.000000	0.000000	0.000000	0.000000	0.000000	0.000000	0.000000	0.509569	0.000000	0.000000	0.000000	0.357541	0.000000
146	tsk_146	(x)	1	:	0.171636	0.000000	0.000000	0.492625	0.000000	0.000000	0.000000	0.000000	0.000000	0.000000	0.000000	0.000000	0.000000	0.335738	0.000000
147	tsk_147	(x)	1	:	0.155117	0.000000	0.000000	0.000000	0.000000	0.000000	0.000000	0.000000	0.000000	0.509569	0.000000	0.000000	0.000000	0.335313	0.000000
148	tsk_148	(x)	1	:	0.000000	0.000000	0.000000	0.000000	0.000000	0.000000	0.000000	0.000000	0.000000	0.513554	0.000000	0.486446	0.000000	0.000000	0.000000
149	tsk_149	(x)	1	:	0.000000	0.000000	0.000000	0.000000	0.000000	0.000000	0.000000	0.000000	0.000000	1.000000	0.000000	0.000000	0.000000	0.000000	0.000000
