logL = -1049.919337 (converged)
AIC = 5479.838674
BIC = 10567.812321

count.K
10 14 0 3 76 1 21 9 0 16 

