logL = -1657.708627 (converged)
AIC = 8503.417254
BIC = 16313.005206

count.K
12 22 7 0 0 12 22 4 13 13 20 1 13 11 

