logL = -1089.359798 (converged)
AIC = 3294.719596
BIC = 4974.654090

count.K
41 47 52 10 

