logL = -870.358018 (converged)
AIC = 6592.716036
BIC = 13896.517260

count.K
2 21 5 3 22 29 8 17 12 2 1 15 4 9 

