logL = -2648.175545 (converged)
AIC = 6184.351089
BIC = 7521.073160

count.K
24 83 43 

