logL = -1392.407712 (converged)
AIC = 7308.815424
BIC = 14118.872460

count.K
13 12 9 4 24 4 28 0 19 1 28 8 

