logL = -685.383766 (converged)
AIC = 5118.767532
BIC = 10760.698073

count.K
4 5 0 27 1 32 14 7 3 4 53 

