logL = -1288.128261 (converged)
AIC = 2992.256521
BIC = 3618.468662

count.K
121 29 

