logL = -2136.982129 (converged)
AIC = 6689.964258
BIC = 10326.811693

count.K
18 5 6 41 42 37 1 

