logL = -549.741657 (converged)
AIC = 4627.483315
BIC = 9938.243974

count.K
4 1 9 6 1 9 13 7 50 0 50 

