logL = -2532.777801 (converged)
AIC = 5525.555601
BIC = 6218.001719

count.K
106 44 

