logL = -1264.630989 (converged)
AIC = 2957.261978
BIC = 3601.537931

count.K
73 77 

