logL = -681.796640 (converged)
AIC = 4393.593280
BIC = 8954.705750

count.K
11 17 16 1 5 8 53 34 5 

