logL = -1232.341936 (converged)
AIC = 7894.683871
BIC = 16068.558695

count.K
4 2 10 20 19 4 8 13 4 4 25 26 0 0 11 

