logL = -549.397843 (converged)
AIC = 5214.795686
BIC = 11410.683121

count.K
1 21 2 29 20 15 14 17 4 3 7 17 

