logL = -1098.756393 (converged)
AIC = 5209.512787
BIC = 9743.529540

count.K
14 4 4 16 17 48 6 10 31 

