logL = -2041.603933 (converged)
AIC = 9383.207866
BIC = 17361.391395

count.K
3 3 5 1 5 38 2 45 23 1 4 15 1 4 

