logL = -2143.417194 (converged)
AIC = 5490.834388
BIC = 7303.236835

count.K
41 31 59 19 

