logL = -1172.150996 (converged)
AIC = 6604.301992
BIC = 13016.955169

count.K
2 15 12 25 13 12 3 1 4 3 43 17 

