logL = -466.147440 (converged)
AIC = 5156.294880
BIC = 11514.756621

count.K
4 8 3 2 1 2 10 15 10 18 47 9 21 

