logL = -1005.104825 (converged)
AIC = 3966.209650
BIC = 6910.610968

count.K
21 45 44 3 10 27 

