logL = -883.126482 (converged)
AIC = 5186.252963
BIC = 10334.439316

count.K
52 30 6 8 15 12 13 2 11 1 

