logL = -1753.028680 (converged)
AIC = 6406.057361
BIC = 10771.478537

count.K
14 7 13 13 1 65 16 21 

