logL = -1579.406611 (converged)
AIC = 5018.813222
BIC = 7818.704046

count.K
8 42 23 59 8 10 

