logL = -594.554327 (converged)
AIC = 3641.108655
BIC = 7332.147525

count.K
3 9 4 13 78 26 5 12 

