logL = -1457.176772 (converged)
AIC = 5654.353544
BIC = 9778.923897

count.K
14 48 13 4 35 2 23 11 

