logL = -2345.084825 (converged)
AIC = 9190.169650
BIC = 15964.099062

count.K
18 18 20 3 27 0 7 2 2 12 13 28 

