logL = -1783.892057 (converged)
AIC = 6669.784114
BIC = 11339.279455

count.K
49 6 22 2 2 7 3 0 59 

