logL = -885.611792 (converged)
AIC = 4783.223585
BIC = 9317.240338

count.K
2 31 12 24 45 15 13 2 6 

