logL = -1951.728731 (converged)
AIC = 4773.457461
BIC = 6083.083814

count.K
19 66 65 

