0	tsk_0	(x)	1	:	0.000000	0.000001	0.000001	0.000002	0.000000	0.431044	0.000000	0.000159	0.000002	0.000000	0.477564	0.090970	0.000002	0.000253	0.000002
1	tsk_1	(x)	1	:	0.000000	0.000000	0.000000	0.000000	0.000000	0.430934	0.000000	0.000000	0.000000	0.000000	0.000000	0.090552	0.478503	0.000011	0.000000
2	tsk_2	(x)	1	:	0.000000	0.000000	0.000000	0.000000	0.492448	0.000000	0.000000	0.507552	0.000000	0.000000	0.000000	0.000000	0.000000	0.000000	0.000000
3	tsk_3	(x)	1	:	0.000000	0.000000	0.000000	0.000000	0.000000	0.430935	0.000000	0.000000	0.000000	0.000000	0.000000	0.090549	0.478501	0.000015	0.000000
4	tsk_4	(x)	1	:	0.000000	0.000000	0.000000	0.000000	0.560889	0.000000	0.000000	0.000000	0.000000	0.000000	0.000000	0.000000	0.000000	0.439111	0.000000
5	tsk_5	(x)	1	:	0.000000	0.000000	0.000000	0.000000	0.000000	0.430971	0.000000	0.000000	0.000000	0.000000	0.000000	0.090331	0.478364	0.000334	0.000000
6	tsk_6	(x)	1	:	0.000000	0.000000	0.000000	0.000000	0.000000	0.000000	0.000000	0.499743	0.000000	0.000000	0.000000	0.000000	0.496896	0.003361	0.000000
7	tsk_7	(x)	1	:	0.000000	0.000000	0.000000	0.000000	0.000000	0.613579	0.000000	0.000000	0.000000	0.000000	0.000000	0.000000	0.000000	0.386421	0.000000
8	tsk_8	(x)	1	:	0.000000	0.000000	0.000000	0.000000	0.000000	0.613726	0.000000	0.000000	0.000000	0.000000	0.000000	0.000000	0.000000	0.386274	0.000000
9	tsk_9	(x)	1	:	0.000000	0.000000	0.000000	0.000000	0.000000	0.430951	0.000000	0.000000	0.000000	0.000000	0.000000	0.090463	0.478451	0.000135	0.000000
10	tsk_10	(x)	1	:	0.495564	0.000000	0.000000	0.000000	0.000000	0.000000	0.000000	0.000000	0.000000	0.000000	0.504436	0.000000	0.000000	0.000000	0.000000
11	tsk_11	(x)	1	:	0.000000	0.000000	0.000000	0.000000	0.000000	0.000000	0.000000	0.000000	0.000000	0.000000	0.000000	0.000000	0.000000	0.000000	1.000000
12	tsk_12	(x)	1	:	0.000000	0.000000	0.000000	0.000000	0.000000	0.000000	0.000000	0.000000	0.000000	0.000000	0.504631	0.000000	0.000000	0.001875	0.493494
13	tsk_13	(x)	1	:	0.000000	0.000000	0.000000	0.000000	0.000000	0.000000	0.000000	0.000000	0.000000	0.000000	0.505171	0.000000	0.000000	0.494829	0.000000
14	tsk_14	(x)	1	:	0.000000	0.000000	0.000000	0.000000	0.000000	0.000000	0.000000	0.000000	0.000000	0.000000	0.505155	0.000000	0.000000	0.494845	0.000000
15	tsk_15	(x)	1	:	0.000000	0.000000	0.000000	0.000000	0.000000	0.000000	0.000000	0.000000	0.000000	0.000000	0.505155	0.000000	0.000000	0.494844	0.000000
16	tsk_16	(x)	1	:	0.000000	0.000000	0.492065	0.000000	0.000000	0.000000	0.000000	0.000000	0.000000	0.000000	0.000000	0.000000	0.000000	0.507935	0.000000
17	tsk_17	(x)	1	:	0.000000	0.000000	0.000000	0.000000	0.000000	0.000000	0.000000	0.000000	0.000000	0.000000	0.504692	0.000000	0.494275	0.001033	0.000000
18	tsk_18	(x)	1	:	0.000000	0.000000	0.000000	0.000000	0.000000	0.000000	0.000000	0.000000	0.000000	0.000000	0.000000	0.000000	0.497695	0.004610	0.497695
19	tsk_19	(x)	1	:	0.495564	0.000000	0.000000	0.000000	0.000000	0.000000	0.000000	0.000000	0.000000	0.000000	0.504436	0.000000	0.000000	0.000000	0.000000
20	tsk_20	(x)	1	:	0.000000	0.000000	0.490605	0.000000	0.000000	0.000000	0.000000	0.000000	0.000000	0.000000	0.504678	0.000000	0.000000	0.004717	0.000000
21	tsk_21	(x)	1	:	0.000000	0.497920	0.000000	0.000000	0.000000	0.000000	0.000000	0.000000	0.498625	0.000000	0.000000	0.000000	0.000000	0.003455	0.000000
22	tsk_22	(x)	1	:	0.000000	0.000000	0.000000	0.000000	0.182969	0.000000	0.000000	0.000000	0.000000	0.000000	0.488480	0.000000	0.000000	0.328551	0.000000
23	tsk_23	(x)	1	:	0.000000	0.000000	0.000000	0.000000	0.000000	0.000000	0.000000	0.500007	0.000000	0.000000	0.000000	0.000000	0.000000	0.499993	0.000000
24	tsk_24	(x)	1	:	0.000000	0.498026	0.000000	0.000000	0.000000	0.000000	0.000000	0.000000	0.000000	0.000000	0.000000	0.000000	0.000000	0.501974	0.000000
25	tsk_25	(x)	1	:	0.000000	0.000000	0.000000	0.000000	0.000000	0.000000	0.000000	0.000000	0.000000	0.000000	1.000000	0.000000	0.000000	0.000000	0.000000
26	tsk_26	(x)	1	:	0.000000	0.000000	0.000000	0.000000	0.000000	0.000000	0.000000	0.000000	0.000000	0.000000	1.000000	0.000000	0.000000	0.000000	0.000000
27	tsk_27	(x)	1	:	0.000000	0.498039	0.000000	0.000000	0.000000	0.000000	0.000000	0.000000	0.000000	0.000000	0.000000	0.000000	0.000000	0.501961	0.000000
28	tsk_28	(x)	1	:	0.000000	0.483357	0.000000	0.000000	0.184304	0.000000	0.000000	0.000000	0.000000	0.000000	0.000000	0.000000	0.000000	0.332339	0.000000
29	tsk_29	(x)	1	:	0.000000	0.483362	0.000000	0.000000	0.184297	0.000000	0.000000	0.000000	0.000000	0.000000	0.000000	0.000000	0.000000	0.332341	0.000000
30	tsk_30	(x)	1	:	0.000000	0.498168	0.494310	0.000000	0.000000	0.000000	0.000000	0.000000	0.000000	0.000000	0.000000	0.000000	0.000000	0.007522	0.000000
31	tsk_31	(x)	1	:	0.000000	0.000000	0.000000	0.000000	0.000000	0.000000	0.000000	0.000000	0.000000	0.000000	0.000000	0.000000	0.000000	1.000000	0.000000
32	tsk_32	(x)	1	:	0.000000	0.000000	0.000000	0.000000	0.000000	0.000000	0.000000	0.000000	0.000000	0.000000	0.000000	0.000000	0.000000	1.000000	0.000000
33	tsk_33	(x)	1	:	0.000000	0.497919	0.490732	0.000000	0.000000	0.000000	0.000000	0.000000	0.000000	0.000000	0.000000	0.000000	0.000000	0.011349	0.000000
34	tsk_34	(x)	1	:	0.000000	0.000000	0.000000	0.000000	0.160402	0.000000	0.000000	0.000000	0.000000	0.000000	0.000000	0.000000	0.000000	0.839598	0.000000
35	tsk_35	(x)	1	:	0.500015	0.000000	0.000000	0.000000	0.000000	0.000000	0.000000	0.000000	0.000000	0.000000	0.000000	0.000000	0.000000	0.499985	0.000000
36	tsk_36	(x)	1	:	0.000000	0.498041	0.000000	0.000000	0.000000	0.000000	0.000000	0.000000	0.000000	0.000000	0.000000	0.000000	0.000000	0.501958	0.000000
37	tsk_37	(x)	1	:	0.000000	0.000000	0.492071	0.000000	0.000000	0.000000	0.000000	0.000000	0.000000	0.000000	0.000000	0.000000	0.000000	0.507929	0.000000
38	tsk_38	(x)	1	:	0.000000	0.498024	0.000000	0.000000	0.000000	0.000000	0.000000	0.000000	0.000000	0.000000	0.000000	0.000000	0.000000	0.501976	0.000000
39	tsk_39	(x)	1	:	0.000000	0.000000	0.000000	0.000000	0.184429	0.000000	0.000000	0.482893	0.000000	0.000000	0.000000	0.000000	0.000000	0.332679	0.000000
40	tsk_40	(x)	1	:	0.000000	0.000000	0.492496	0.000000	0.000000	0.000000	0.000000	0.500028	0.000000	0.000000	0.000000	0.000000	0.000000	0.007476	0.000000
41	tsk_41	(x)	1	:	0.000000	0.000000	0.000000	0.000000	0.000000	0.000000	0.000000	1.000000	0.000000	0.000000	0.000000	0.000000	0.000000	0.000000	0.000000
42	tsk_42	(x)	1	:	0.000000	0.000000	0.000000	0.000000	0.000000	0.000000	0.000000	1.000000	0.000000	0.000000	0.000000	0.000000	0.000000	0.000000	0.000000
43	tsk_43	(x)	1	:	0.000000	0.000000	0.000000	0.000000	0.000000	0.000000	0.552260	0.000000	0.000000	0.000000	0.447740	0.000000	0.000000	0.000000	0.000000
44	tsk_44	(x)	1	:	0.000000	0.000000	0.000000	0.000000	0.000000	0.000000	0.000000	0.500029	0.000000	0.000000	0.000000	0.000000	0.000000	0.499970	0.000000
45	tsk_45	(x)	1	:	0.000000	0.000000	0.000000	0.000000	0.000000	0.000000	0.000000	1.000000	0.000000	0.000000	0.000000	0.000000	0.000000	0.000000	0.000000
46	tsk_46	(x)	1	:	0.000000	0.000000	0.000000	0.000000	0.000000	0.000000	0.183799	0.816201	0.000000	0.000000	0.000000	0.000000	0.000000	0.000000	0.000000
47	tsk_47	(x)	1	:	0.000000	0.000000	0.000000	0.000000	0.000000	0.000000	0.000000	0.500013	0.000000	0.000000	0.000000	0.000000	0.000000	0.499986	0.000000
48	tsk_48	(x)	1	:	0.000000	0.000000	0.000000	0.000000	0.000000	0.000000	0.000000	1.000000	0.000000	0.000000	0.000000	0.000000	0.000000	0.000000	0.000000
49	tsk_49	(x)	1	:	0.000000	0.000000	0.492052	0.000000	0.000000	0.000000	0.000000	0.000000	0.000000	0.000000	0.000000	0.000000	0.000000	0.507948	0.000000
50	tsk_50	(x)	1	:	0.000000	0.527333	0.000000	0.000000	0.472667	0.000000	0.000000	0.000000	0.000000	0.000000	0.000000	0.000000	0.000000	0.000000	0.000000
51	tsk_51	(x)	1	:	0.000000	0.498060	0.000000	0.000000	0.000000	0.000000	0.000000	0.000000	0.000000	0.000000	0.000000	0.000000	0.000000	0.501940	0.000000
52	tsk_52	(x)	1	:	0.000000	0.000000	0.000000	0.000000	0.000000	0.000000	0.000000	0.000000	1.000000	0.000000	0.000000	0.000000	0.000000	0.000000	0.000000
53	tsk_53	(x)	1	:	0.000000	0.000000	0.491120	0.000000	0.000000	0.000000	0.000000	0.000000	0.498968	0.000000	0.000000	0.000000	0.000000	0.009912	0.000000
54	tsk_54	(x)	1	:	0.000000	0.497973	0.000000	0.000000	0.000000	0.000000	0.000000	0.000000	0.499375	0.000000	0.000000	0.000000	0.000000	0.002651	0.000000
55	tsk_55	(x)	1	:	0.000000	0.000000	0.000000	0.000000	0.000000	0.000000	0.000000	0.000000	0.499984	0.000000	0.000000	0.000000	0.000000	0.500016	0.000000
56	tsk_56	(x)	1	:	0.000000	0.000000	0.000000	0.000000	0.000000	0.000000	0.000000	0.000000	0.495271	0.000000	0.504423	0.000000	0.000000	0.000306	0.000000
57	tsk_57	(x)	1	:	0.000000	0.000000	0.000000	0.000000	0.000000	0.000000	0.000000	0.000000	0.000000	0.000000	0.000000	0.000000	0.500000	0.500000	0.000000
58	tsk_58	(x)	1	:	0.000000	0.000000	0.000000	0.000000	0.000000	0.000000	0.000000	0.000000	0.499955	0.000000	0.000000	0.000000	0.000000	0.500045	0.000000
59	tsk_59	(x)	1	:	0.000000	0.000000	0.000000	0.000000	0.000000	0.000000	0.000000	0.000000	0.499906	0.000000	0.000000	0.000000	0.000000	0.500094	0.000000
60	tsk_60	(x)	1	:	0.000000	0.497911	0.000000	0.000000	0.000000	0.000000	0.000000	0.000000	0.000000	0.000000	0.000000	0.000000	0.498496	0.003593	0.000000
61	tsk_61	(x)	1	:	0.000000	0.498024	0.000000	0.000000	0.000000	0.000000	0.000000	0.000000	0.000000	0.000000	0.000000	0.000000	0.000000	0.501976	0.000000
62	tsk_62	(x)	1	:	0.000000	0.498008	0.492018	0.000000	0.000000	0.000000	0.000000	0.000000	0.000000	0.000000	0.000000	0.000000	0.000000	0.009973	0.000000
63	tsk_63	(x)	1	:	0.000000	0.000000	0.491067	0.000000	0.000000	0.000000	0.000000	0.000000	0.498917	0.000000	0.000000	0.000000	0.000000	0.010016	0.000000
64	tsk_64	(x)	1	:	0.000000	0.000000	0.000000	0.000000	0.000000	0.000000	0.000000	0.000000	0.000000	0.000000	0.000000	0.000000	0.000000	1.000000	0.000000
65	tsk_65	(x)	1	:	0.000000	0.000000	0.000000	0.000000	0.000000	0.000000	0.000000	0.000000	0.000000	0.000000	0.000000	0.498791	0.000000	0.501209	0.000000
66	tsk_66	(x)	1	:	0.000000	0.498043	0.000000	0.000000	0.000000	0.000000	0.000000	0.000000	0.000000	0.000000	0.000000	0.000000	0.000000	0.501957	0.000000
67	tsk_67	(x)	1	:	0.000000	0.498059	0.000000	0.000000	0.000000	0.000000	0.000000	0.000000	0.500576	0.000000	0.000000	0.000000	0.000000	0.001365	0.000000
68	tsk_68	(x)	1	:	0.000000	0.000000	0.000000	0.000000	0.000000	0.000000	0.000000	0.000000	0.000000	0.000000	0.000000	0.000000	0.000000	1.000000	0.000000
69	tsk_69	(x)	1	:	0.000000	0.000000	0.000000	0.000000	0.000000	0.000000	0.000000	0.000000	0.000000	0.000000	0.000000	0.000000	0.000000	1.000000	0.000000
70	tsk_70	(x)	1	:	0.000000	0.000000	0.000000	0.000000	0.000000	0.000000	0.000000	0.000000	0.000000	0.000000	0.000000	0.000000	0.000000	1.000000	0.000000
71	tsk_71	(x)	1	:	0.000000	0.498035	0.000000	0.000000	0.000000	0.000000	0.000000	0.000000	0.000000	0.000000	0.000000	0.000000	0.000000	0.501965	0.000000
72	tsk_72	(x)	1	:	0.000000	0.000000	0.000000	0.000000	0.000000	0.000000	0.000000	0.500014	0.000000	0.000000	0.000000	0.000000	0.000000	0.499986	0.000000
73	tsk_73	(x)	1	:	0.000000	0.000000	0.000000	0.000000	0.000000	0.000000	0.000000	0.499788	0.000000	0.000000	0.000000	0.497443	0.000000	0.002769	0.000000
74	tsk_74	(x)	1	:	0.000000	0.000000	0.000000	0.000000	0.000000	0.000000	0.000000	0.000000	0.000000	0.000000	0.000000	0.000000	0.000000	1.000000	0.000000
75	tsk_75	(x)	1	:	0.000000	0.498026	0.000000	0.000000	0.000000	0.000000	0.000000	0.000000	0.000000	0.000000	0.000000	0.000000	0.000000	0.501974	0.000000
76	tsk_76	(x)	1	:	0.000000	0.000000	0.000000	0.000000	0.000000	0.000000	0.000000	0.000000	0.000000	0.000000	0.000000	0.000000	0.000000	1.000000	0.000000
77	tsk_77	(x)	1	:	0.000000	0.000000	0.000000	0.000000	0.000000	0.000000	0.000000	0.500000	0.000000	0.000000	0.000000	0.000000	0.000000	0.500000	0.000000
78	tsk_78	(x)	1	:	0.000000	0.000000	0.000000	0.000000	0.000000	0.000000	0.000000	0.000000	0.000000	0.000000	0.504675	0.494054	0.000000	0.001271	0.000000
79	tsk_79	(x)	1	:	0.000000	0.000000	0.000000	0.000000	0.000000	0.000000	0.000000	0.000000	0.000000	0.000000	0.000000	0.000000	0.000000	1.000000	0.000000
80	tsk_80	(x)	1	:	0.000000	0.000000	0.000000	0.000000	0.000000	0.000000	0.000000	0.000000	0.498696	0.000000	0.000000	0.498695	0.000000	0.002609	0.000000
81	tsk_81	(x)	1	:	0.000000	0.000000	0.000000	0.494179	0.000000	0.000000	0.000000	0.015175	0.490646	0.000000	0.000000	0.000000	0.000000	0.000000	0.000000
82	tsk_82	(x)	1	:	0.000000	0.000000	0.000000	0.494168	0.000000	0.000000	0.000000	0.015186	0.000000	0.000000	0.000000	0.490645	0.000000	0.000000	0.000000
83	tsk_83	(x)	1	:	0.000000	0.000000	0.000000	0.000000	0.000000	0.000000	0.000000	0.000000	0.000000	0.000000	0.504403	0.495011	0.000000	0.000586	0.000000
84	tsk_84	(x)	1	:	0.000000	0.516074	0.000000	0.000000	0.000000	0.000000	0.000000	0.000000	0.000000	0.000000	0.000000	0.000000	0.000000	0.483926	0.000000
85	tsk_85	(x)	1	:	0.000000	0.000000	0.000000	0.494452	0.000000	0.000000	0.000000	0.015684	0.000000	0.000000	0.000000	0.000000	0.000000	0.489864	0.000000
86	tsk_86	(x)	1	:	0.000000	0.000000	0.000000	0.494179	0.000000	0.000000	0.000000	0.015175	0.490646	0.000000	0.000000	0.000000	0.000000	0.000000	0.000000
87	tsk_87	(x)	1	:	0.000000	0.000000	0.000000	0.494168	0.000000	0.000000	0.000000	0.015186	0.000000	0.000000	0.000000	0.490645	0.000000	0.000000	0.000000
88	tsk_88	(x)	1	:	0.000000	0.000000	0.000000	0.494179	0.000000	0.000000	0.000000	0.015175	0.490646	0.000000	0.000000	0.000000	0.000000	0.000000	0.000000
89	tsk_89	(x)	1	:	0.000000	1.000000	0.000000	0.000000	0.000000	0.000000	0.000000	0.000000	0.000000	0.000000	0.000000	0.000000	0.000000	0.000000	0.000000
90	tsk_90	(x)	1	:	0.000000	0.000000	0.000000	0.000000	0.000000	0.000000	0.000000	0.000000	0.000000	0.000000	0.505146	0.000000	0.000000	0.494853	0.000000
91	tsk_91	(x)	1	:	0.000000	0.000000	0.000000	0.000000	0.000000	0.000000	0.000000	0.000000	0.000000	0.000000	0.000000	0.000000	1.000000	0.000000	0.000000
92	tsk_92	(x)	1	:	0.000000	0.000000	0.000000	0.000000	0.000000	0.000000	0.000000	0.000000	0.000000	1.000000	0.000000	0.000000	0.000000	0.000000	0.000000
93	tsk_93	(x)	1	:	0.000000	0.000000	0.000000	0.000000	0.000000	0.000000	0.000000	0.000000	0.000000	0.000000	0.000000	0.000000	0.499950	0.500050	0.000000
94	tsk_94	(x)	1	:	0.000000	0.000000	0.000000	0.000000	0.000000	0.000000	0.000000	0.000000	0.000000	0.000000	0.000000	0.500000	0.500000	0.000000	0.000000
95	tsk_95	(x)	1	:	0.000000	0.000000	0.000000	0.000000	0.000000	0.000000	0.000000	0.000000	0.000000	0.000000	0.000000	0.000000	0.499693	0.500307	0.000000
96	tsk_96	(x)	1	:	0.000000	0.000000	0.000000	0.000000	0.000000	0.430938	0.000000	0.000000	0.478468	0.000000	0.000000	0.090506	0.000000	0.000087	0.000000
97	tsk_97	(x)	1	:	0.000000	0.000000	0.000000	0.000000	0.000000	0.000000	0.000000	0.000000	0.000000	0.000000	0.000000	0.000000	1.000000	0.000000	0.000000
98	tsk_98	(x)	1	:	0.000000	0.000000	0.000000	0.000000	0.000000	0.430954	0.000000	0.000000	0.000000	0.000000	0.000000	0.090430	0.478426	0.000189	0.000000
99	tsk_99	(x)	1	:	0.000000	0.000000	0.000000	0.000000	0.000000	0.000000	0.000000	0.000000	0.500000	0.000000	0.000000	0.000000	0.500000	0.000000	0.000000
100	tsk_100	(x)	1	:	0.000000	0.000000	0.668476	0.000000	0.000000	0.000000	0.000000	0.000000	0.000000	0.000000	0.000000	0.000000	0.000000	0.331524	0.000000
101	tsk_101	(x)	1	:	0.000000	0.000000	0.000000	0.000000	0.000000	0.000000	0.000000	0.000000	0.000000	0.000000	0.000000	0.000000	0.499966	0.500034	0.000000
102	tsk_102	(x)	1	:	0.000000	0.000000	0.000000	0.000000	0.000000	0.000000	0.000000	0.000000	0.000000	0.000000	0.000000	0.000000	0.499962	0.500038	0.000000
103	tsk_103	(x)	1	:	0.000000	0.000000	0.000000	0.000000	0.000000	0.000000	0.000000	0.000000	0.000000	0.000000	0.000000	0.000000	0.000000	1.000000	0.000000
104	tsk_104	(x)	1	:	0.000000	0.000000	0.491216	0.000000	0.000000	0.000000	0.000000	0.000000	0.000000	0.000000	0.000000	0.000000	0.000000	0.009721	0.499063
105	tsk_105	(x)	1	:	0.000000	0.498023	0.000000	0.000000	0.000000	0.000000	0.000000	0.000000	0.000000	0.000000	0.000000	0.000000	0.000000	0.501977	0.000000
106	tsk_106	(x)	1	:	0.000000	0.498033	0.000000	0.000000	0.000000	0.000000	0.000000	0.000000	0.000000	0.000000	0.000000	0.000000	0.000000	0.501967	0.000000
107	tsk_107	(x)	1	:	0.000000	0.497983	0.491649	0.000000	0.000000	0.000000	0.000000	0.000000	0.000000	0.000000	0.000000	0.000000	0.000000	0.010369	0.000000
108	tsk_108	(x)	1	:	0.000000	0.498170	0.494345	0.000000	0.000000	0.000000	0.000000	0.000000	0.000000	0.000000	0.000000	0.000000	0.000000	0.007485	0.000000
109	tsk_109	(x)	1	:	0.000000	0.000000	0.000000	0.000000	0.000000	0.000000	0.000000	0.000000	0.000000	0.000000	0.000000	0.000000	0.500000	0.500000	0.000000
110	tsk_110	(x)	1	:	0.000000	0.000000	0.000000	0.000000	0.000000	0.000000	0.000000	0.000000	0.497775	0.000000	0.000000	0.497775	0.000000	0.004450	0.000000
111	tsk_111	(x)	1	:	0.501738	0.498262	0.000000	0.000000	0.000000	0.000000	0.000000	0.000000	0.000000	0.000000	0.000000	0.000000	0.000000	0.000000	0.000000
112	tsk_112	(x)	1	:	0.000000	0.000000	0.000000	0.000000	0.000000	0.000000	0.000000	0.000000	0.000000	0.000000	0.000000	1.000000	0.000000	0.000000	0.000000
113	tsk_113	(x)	1	:	0.000000	0.497930	0.000000	0.000000	0.000000	0.000000	0.000000	0.000000	0.000000	0.000000	0.000000	0.498764	0.000000	0.003306	0.000000
114	tsk_114	(x)	1	:	0.000000	0.000000	0.000000	0.000000	0.000000	0.000000	0.000000	0.000000	0.497325	0.000000	0.000000	0.497324	0.000000	0.005351	0.000000
115	tsk_115	(x)	1	:	0.000000	0.497915	0.000000	0.000000	0.000000	0.000000	0.000000	0.000000	0.000000	0.000000	0.000000	0.498552	0.000000	0.003533	0.000000
116	tsk_116	(x)	1	:	0.000000	0.000000	0.000000	0.000000	0.000000	0.000000	0.000000	0.000000	0.000000	0.000000	0.000000	1.000000	0.000000	0.000000	0.000000
117	tsk_117	(x)	1	:	0.000000	0.498046	0.000000	0.000000	0.000000	0.000000	0.000000	0.000000	0.000000	0.000000	0.000000	0.500390	0.000000	0.001565	0.000000
118	tsk_118	(x)	1	:	0.000000	0.497936	0.000000	0.000000	0.000000	0.000000	0.000000	0.000000	0.000000	0.000000	0.000000	0.498842	0.000000	0.003222	0.000000
119	tsk_119	(x)	1	:	0.000000	0.497992	0.000000	0.000000	0.000000	0.000000	0.000000	0.000000	0.000000	0.000000	0.000000	0.499632	0.000000	0.002376	0.000000
120	tsk_120	(x)	1	:	0.000000	0.000000	0.000000	0.000000	0.000000	0.000000	0.000000	0.000000	0.000000	0.000000	0.000000	0.000000	0.000000	0.500004	0.499996
121	tsk_121	(x)	1	:	0.000000	0.000000	0.000000	0.000000	0.000000	0.000000	0.000000	0.000000	0.000000	0.000000	0.000000	0.000000	0.000000	0.500006	0.499994
122	tsk_122	(x)	1	:	0.000000	0.000000	0.490683	0.000000	0.000000	0.000000	0.000000	0.000000	0.000000	0.000000	0.000000	0.000000	0.000000	0.010780	0.498537
123	tsk_123	(x)	1	:	0.000000	0.497888	0.000000	0.000000	0.000000	0.000000	0.000000	0.000000	0.000000	0.000000	0.000000	0.498168	0.000000	0.003944	0.000000
124	tsk_124	(x)	1	:	0.000000	0.000000	0.000000	0.000000	0.000000	0.000000	0.000000	0.000000	0.000000	0.000000	0.000000	0.497333	0.000000	0.005333	0.497333
125	tsk_125	(x)	1	:	0.000000	0.493044	0.000000	0.000000	0.000000	0.000000	0.000000	0.506956	0.000000	0.000000	0.000000	0.000000	0.000000	0.000000	0.000000
126	tsk_126	(x)	1	:	0.000000	0.498032	0.000000	0.000000	0.000000	0.000000	0.000000	0.000000	0.000000	0.000000	0.000000	0.000000	0.000000	0.501968	0.000000
127	tsk_127	(x)	1	:	0.000000	0.000000	0.000000	0.000000	0.000000	0.000000	0.000000	1.000000	0.000000	0.000000	0.000000	0.000000	0.000000	0.000000	0.000000
128	tsk_128	(x)	1	:	0.502483	0.000000	0.497129	0.000000	0.000000	0.000000	0.000000	0.000000	0.000000	0.000000	0.000000	0.000000	0.000000	0.000387	0.000000
129	tsk_129	(x)	1	:	0.500005	0.000000	0.000000	0.000000	0.000000	0.000000	0.000000	0.499995	0.000000	0.000000	0.000000	0.000000	0.000000	0.000000	0.000000
130	tsk_130	(x)	1	:	0.000000	0.000000	0.000000	0.000000	0.000000	0.000000	0.000000	0.000000	0.000000	0.000000	0.000000	0.499936	0.000000	0.500064	0.000000
131	tsk_131	(x)	1	:	0.000000	0.000000	0.000000	0.000000	0.000000	0.000000	0.000000	0.000000	0.000000	0.000000	0.000000	0.499855	0.000000	0.500145	0.000000
132	tsk_132	(x)	1	:	0.000000	0.000000	0.000000	0.000000	0.000000	0.000000	0.000000	0.000000	0.000000	0.000000	0.000000	0.499999	0.000000	0.500000	0.000000
133	tsk_133	(x)	1	:	0.000000	0.000000	0.000000	0.000000	0.000000	0.000000	0.000000	0.000000	0.000000	0.000000	0.000000	0.499996	0.000000	0.500004	0.000000
134	tsk_134	(x)	1	:	0.000000	0.000000	0.000000	0.000000	0.000000	0.000000	0.000000	0.000000	0.000000	0.000000	0.000000	0.499941	0.000000	0.500059	0.000000
135	tsk_135	(x)	1	:	0.000000	0.000000	0.000000	0.000000	0.000000	0.000000	0.000000	0.000000	0.000000	0.000000	0.000000	0.499972	0.000000	0.500028	0.000000
136	tsk_136	(x)	1	:	0.000000	0.000000	0.000000	0.000000	0.000000	0.000000	0.000000	0.000000	0.000000	0.000000	0.000000	0.499970	0.000000	0.500030	0.000000
137	tsk_137	(x)	1	:	0.000000	0.000000	0.000000	0.000000	0.000000	0.000000	0.000000	0.000000	0.000000	0.000000	0.000000	1.000000	0.000000	0.000000	0.000000
138	tsk_138	(x)	1	:	0.000000	0.000000	0.492469	0.000000	0.000000	0.000000	0.000000	0.000000	0.000000	0.000000	0.000000	0.500298	0.000000	0.007232	0.000000
139	tsk_139	(x)	1	:	0.000000	0.000000	0.000000	0.000000	0.000000	0.000000	0.000000	0.000000	0.000000	0.000000	0.000000	0.499982	0.000000	0.500017	0.000000
140	tsk_140	(x)	1	:	0.000000	0.000000	0.000000	0.000000	0.000000	0.000000	0.000000	0.000000	0.000000	0.000000	0.000000	0.000000	0.000000	1.000000	0.000000
141	tsk_141	(x)	1	:	0.000000	0.000000	0.000000	0.000000	0.000000	0.000000	0.000000	0.000000	0.000000	0.000000	0.000000	0.000000	0.000000	1.000000	0.000000
142	tsk_142	(x)	1	:	0.000000	0.774190	0.000000	0.000000	0.000000	0.000000	0.000000	0.225810	0.000000	0.000000	0.000000	0.000000	0.000000	0.000000	0.000000
143	tsk_143	(x)	1	:	0.000000	0.000000	0.492049	0.000000	0.000000	0.000000	0.000000	0.000000	0.000000	0.000000	0.000000	0.000000	0.000000	0.507950	0.000000
144	tsk_144	(x)	1	:	0.000000	0.000000	0.492130	0.000000	0.000000	0.000000	0.000000	0.000000	0.000000	0.000000	0.000000	0.000000	0.000000	0.507870	0.000000
145	tsk_145	(x)	1	:	0.000000	0.000000	0.492038	0.000000	0.000000	0.000000	0.000000	0.000000	0.000000	0.000000	0.000000	0.000000	0.000000	0.507962	0.000000
146	tsk_146	(x)	1	:	0.000000	0.498030	0.492332	0.000000	0.000000	0.000000	0.000000	0.000000	0.000000	0.000000	0.000000	0.000000	0.000000	0.009638	0.000000
147	tsk_147	(x)	1	:	0.000000	0.000000	0.000000	0.000000	0.000000	0.000000	0.000000	0.000000	0.000000	0.000000	0.000000	0.000000	0.000000	1.000000	0.000000
148	tsk_148	(x)	1	:	0.000000	0.000000	0.000000	0.000000	0.000000	0.000000	0.182495	0.000000	0.000000	0.000000	0.334686	0.000000	0.000000	0.482819	0.000000
149	tsk_149	(x)	1	:	0.000000	0.000000	0.490381	0.000000	0.000000	0.000000	0.000000	0.000000	0.000000	0.000000	0.504661	0.000000	0.000000	0.004958	0.000000
