0	tsk_0	(x)	1	:	0.000000	0.642569	0.223776	0.000000	0.000000	0.000000	0.000000	0.000000	0.000000	0.000000	0.000000	0.000000	0.133655
1	tsk_1	(x)	1	:	0.000000	1.000000	0.000000	0.000000	0.000000	0.000000	0.000000	0.000000	0.000000	0.000000	0.000000	0.000000	0.000000
2	tsk_2	(x)	1	:	0.000000	0.459848	0.018317	0.000000	0.000000	0.000000	0.000000	0.464371	0.000000	0.000000	0.000000	0.000000	0.057464
3	tsk_3	(x)	1	:	0.000000	0.458520	0.363408	0.000000	0.000000	0.000000	0.000000	0.000000	0.000000	0.000000	0.000000	0.000000	0.178071
4	tsk_4	(x)	1	:	0.000000	1.000000	0.000000	0.000000	0.000000	0.000000	0.000000	0.000000	0.000000	0.000000	0.000000	0.000000	0.000000
5	tsk_5	(x)	1	:	0.000000	1.000000	0.000000	0.000000	0.000000	0.000000	0.000000	0.000000	0.000000	0.000000	0.000000	0.000000	0.000000
6	tsk_6	(x)	1	:	0.500047	0.000000	0.043024	0.000000	0.439973	0.000000	0.000000	0.000000	0.000000	0.000000	0.000000	0.000000	0.016956
7	tsk_7	(x)	1	:	0.000000	0.000000	0.300509	0.000000	0.439783	0.000000	0.000000	0.000000	0.000000	0.000000	0.000000	0.000000	0.259708
8	tsk_8	(x)	1	:	1.000000	0.000000	0.000000	0.000000	0.000000	0.000000	0.000000	0.000000	0.000000	0.000000	0.000000	0.000000	0.000000
9	tsk_9	(x)	1	:	0.000000	0.458519	0.326058	0.000000	0.000000	0.000000	0.000000	0.000000	0.000000	0.000000	0.000000	0.000000	0.215423
10	tsk_10	(x)	1	:	0.000000	0.000000	0.384982	0.000000	0.000000	0.366805	0.000000	0.000000	0.000000	0.000000	0.000000	0.000000	0.248213
11	tsk_11	(x)	1	:	0.000000	0.000000	0.394777	0.000000	0.000000	0.000000	0.000000	0.000000	0.000000	0.000000	0.000000	0.000000	0.605222
12	tsk_12	(x)	1	:	0.000000	0.000000	0.338393	0.000000	0.000000	0.613886	0.000000	0.000000	0.000000	0.000000	0.000000	0.000000	0.047720
13	tsk_13	(x)	1	:	1.000000	0.000000	0.000000	0.000000	0.000000	0.000000	0.000000	0.000000	0.000000	0.000000	0.000000	0.000000	0.000000
14	tsk_14	(x)	1	:	0.000000	0.000000	0.518646	0.000000	0.000000	0.000000	0.000000	0.000000	0.000000	0.000000	0.000000	0.287957	0.193397
15	tsk_15	(x)	1	:	0.500000	0.000000	0.352441	0.000000	0.000000	0.000000	0.000000	0.000000	0.000000	0.000000	0.000000	0.000000	0.147559
16	tsk_16	(x)	1	:	0.499999	0.000000	0.187768	0.000000	0.000000	0.000000	0.000000	0.000000	0.000000	0.000000	0.000000	0.000000	0.312233
17	tsk_17	(x)	1	:	0.000000	0.000000	0.744652	0.000000	0.000000	0.000000	0.000000	0.000000	0.000000	0.000000	0.000000	0.000000	0.255348
18	tsk_18	(x)	1	:	0.000000	0.458521	0.197469	0.000000	0.000000	0.000000	0.000000	0.000000	0.000000	0.000000	0.000000	0.000000	0.344010
19	tsk_19	(x)	1	:	0.000000	0.000000	0.487822	0.000000	0.000000	0.000000	0.000000	0.000000	0.000000	0.000000	0.000000	0.000000	0.512178
20	tsk_20	(x)	1	:	0.458966	0.541033	0.000000	0.000000	0.000000	0.000000	0.000000	0.000000	0.000000	0.000000	0.000000	0.000000	0.000000
21	tsk_21	(x)	1	:	1.000000	0.000000	0.000000	0.000000	0.000000	0.000000	0.000000	0.000000	0.000000	0.000000	0.000000	0.000000	0.000000
22	tsk_22	(x)	1	:	0.000000	1.000000	0.000000	0.000000	0.000000	0.000000	0.000000	0.000000	0.000000	0.000000	0.000000	0.000000	0.000000
23	tsk_23	(x)	1	:	0.000000	0.458520	0.340723	0.000000	0.000000	0.000000	0.000000	0.000000	0.000000	0.000000	0.000000	0.000000	0.200757
24	tsk_24	(x)	1	:	0.000000	0.000000	0.521475	0.000000	0.000000	0.000000	0.000000	0.000000	0.000000	0.000000	0.000000	0.000000	0.478525
25	tsk_25	(x)	1	:	0.000000	1.000000	0.000000	0.000000	0.000000	0.000000	0.000000	0.000000	0.000000	0.000000	0.000000	0.000000	0.000000
26	tsk_26	(x)	1	:	0.499824	0.000000	0.000000	0.000000	0.000000	0.000000	0.000000	0.000000	0.000000	0.000000	0.500176	0.000000	0.000000
27	tsk_27	(x)	1	:	0.000000	0.458521	0.325472	0.000000	0.000000	0.000000	0.000000	0.000000	0.000000	0.000000	0.000000	0.000000	0.216007
28	tsk_28	(x)	1	:	0.456929	0.314811	0.000000	0.000000	0.228261	0.000000	0.000000	0.000000	0.000000	0.000000	0.000000	0.000000	0.000000
29	tsk_29	(x)	1	:	0.000000	0.651667	0.158536	0.000000	0.000000	0.000000	0.000000	0.000000	0.000000	0.000000	0.000000	0.000000	0.189797
30	tsk_30	(x)	1	:	0.000000	0.000000	0.000000	0.000000	0.000000	0.000000	0.000000	1.000000	0.000000	0.000000	0.000000	0.000000	0.000000
31	tsk_31	(x)	1	:	0.000000	0.000000	0.000290	0.999598	0.000000	0.000000	0.000000	0.000000	0.000000	0.000000	0.000000	0.000000	0.000112
32	tsk_32	(x)	1	:	0.500000	0.000000	0.352714	0.000000	0.000000	0.000000	0.000000	0.000000	0.000000	0.000000	0.000000	0.000000	0.147286
33	tsk_33	(x)	1	:	0.000000	0.000000	0.311359	0.000000	0.000000	0.366805	0.000000	0.000000	0.000000	0.000000	0.000000	0.000000	0.321835
34	tsk_34	(x)	1	:	0.000000	0.000000	0.000086	0.999754	0.000000	0.000000	0.000000	0.000000	0.000000	0.000000	0.000000	0.000000	0.000160
35	tsk_35	(x)	1	:	0.000000	0.000000	0.011441	0.000000	0.000000	0.000000	0.000000	0.500000	0.000000	0.000000	0.000000	0.000000	0.488559
36	tsk_36	(x)	1	:	0.000000	0.000000	0.311067	0.000000	0.000000	0.366805	0.000000	0.000000	0.000000	0.000000	0.000000	0.000000	0.322128
37	tsk_37	(x)	1	:	0.000000	0.000000	0.228078	0.000000	0.000000	0.000000	0.000000	0.000000	0.000000	0.000000	0.000000	0.349475	0.422446
38	tsk_38	(x)	1	:	0.000000	0.000000	0.000029	0.000000	0.000000	0.999956	0.000000	0.000000	0.000000	0.000000	0.000000	0.000000	0.000016
39	tsk_39	(x)	1	:	0.499989	0.000000	0.078213	0.000000	0.000000	0.366834	0.000000	0.000000	0.000000	0.000000	0.000000	0.000000	0.054965
40	tsk_40	(x)	1	:	0.000000	0.000000	0.116512	0.000000	0.000000	0.000000	0.000000	0.000000	0.000000	0.000000	0.000000	0.000000	0.883488
41	tsk_41	(x)	1	:	0.000000	0.000000	0.465210	0.000000	0.000000	0.000000	0.000000	0.000000	0.000000	0.000000	0.000000	0.000000	0.534790
42	tsk_42	(x)	1	:	0.500000	0.000000	0.291329	0.000000	0.000000	0.000000	0.000000	0.000000	0.000000	0.000000	0.000000	0.000000	0.208672
43	tsk_43	(x)	1	:	0.000000	0.000000	0.710496	0.000000	0.000000	0.000000	0.000000	0.000000	0.000000	0.000000	0.000000	0.000000	0.289503
44	tsk_44	(x)	1	:	0.000000	0.000000	0.576640	0.000000	0.000000	0.000000	0.000000	0.000000	0.000000	0.000000	0.000000	0.000000	0.423360
45	tsk_45	(x)	1	:	0.000000	0.000000	0.265106	0.000000	0.000000	0.000000	0.000000	0.000000	0.000000	0.000000	0.000000	0.000000	0.734894
46	tsk_46	(x)	1	:	0.500005	0.000000	0.106507	0.000000	0.304895	0.000000	0.000000	0.000000	0.000000	0.000000	0.000000	0.000000	0.088593
47	tsk_47	(x)	1	:	0.000000	0.000000	0.383334	0.000000	0.000000	0.366805	0.000000	0.000000	0.000000	0.000000	0.000000	0.000000	0.249861
48	tsk_48	(x)	1	:	0.500000	0.000000	0.313137	0.000000	0.000000	0.000000	0.000000	0.000000	0.000000	0.000000	0.000000	0.000000	0.186863
49	tsk_49	(x)	1	:	0.000000	0.000000	0.566600	0.000000	0.000000	0.000000	0.000000	0.000000	0.000000	0.000000	0.000000	0.000000	0.433400
50	tsk_50	(x)	1	:	0.000000	0.000000	0.794037	0.000000	0.000000	0.000000	0.000000	0.000000	0.000000	0.000000	0.000000	0.000000	0.205963
51	tsk_51	(x)	1	:	0.000000	0.000000	0.378135	0.000000	0.439783	0.000000	0.000000	0.000000	0.000000	0.000000	0.000000	0.000000	0.182082
52	tsk_52	(x)	1	:	0.000000	0.458520	0.271266	0.000000	0.000000	0.000000	0.000000	0.000000	0.000000	0.000000	0.000000	0.000000	0.270214
53	tsk_53	(x)	1	:	0.000000	0.000000	0.153559	0.000000	0.000000	0.613886	0.000000	0.000000	0.000000	0.000000	0.000000	0.000000	0.232554
54	tsk_54	(x)	1	:	0.000000	0.000000	0.207156	0.000000	0.000000	0.366805	0.000000	0.000000	0.000000	0.000000	0.000000	0.000000	0.426039
55	tsk_55	(x)	1	:	0.000000	0.000000	0.334707	0.000000	0.000000	0.366805	0.000000	0.000000	0.000000	0.000000	0.000000	0.000000	0.298488
56	tsk_56	(x)	1	:	0.000000	0.458519	0.334165	0.000000	0.000000	0.000000	0.000000	0.000000	0.000000	0.000000	0.000000	0.000000	0.207315
57	tsk_57	(x)	1	:	0.000000	0.000000	0.482584	0.000000	0.000000	0.000000	0.000000	0.000000	0.000000	0.000000	0.000000	0.000000	0.517416
58	tsk_58	(x)	1	:	0.000000	0.000000	0.576922	0.000000	0.000000	0.000000	0.000000	0.000000	0.000000	0.000000	0.000000	0.000000	0.423078
59	tsk_59	(x)	1	:	0.000000	0.000000	0.250436	0.000000	0.000000	0.366805	0.000000	0.000000	0.000000	0.000000	0.000000	0.000000	0.382759
60	tsk_60	(x)	1	:	0.000000	0.000000	0.105925	0.000000	0.000000	0.000000	0.000000	0.000000	0.000000	0.000000	0.000000	0.000000	0.894075
61	tsk_61	(x)	1	:	0.000000	0.000000	0.718359	0.000000	0.000000	0.000000	0.000000	0.000000	0.000000	0.000000	0.000000	0.000000	0.281641
62	tsk_62	(x)	1	:	0.000000	0.458520	0.247235	0.000000	0.000000	0.000000	0.000000	0.000000	0.000000	0.000000	0.000000	0.000000	0.294244
63	tsk_63	(x)	1	:	0.000000	0.458520	0.292661	0.000000	0.000000	0.000000	0.000000	0.000000	0.000000	0.000000	0.000000	0.000000	0.248819
64	tsk_64	(x)	1	:	0.000000	0.000000	0.420007	0.000000	0.000000	0.000000	0.000000	0.000000	0.000000	0.000000	0.000000	0.000000	0.579992
65	tsk_65	(x)	1	:	0.500000	0.000000	0.220771	0.000000	0.000000	0.000000	0.000000	0.000000	0.000000	0.000000	0.000000	0.000000	0.279229
66	tsk_66	(x)	1	:	0.500000	0.000000	0.292508	0.000000	0.000000	0.000000	0.000000	0.000000	0.000000	0.000000	0.000000	0.000000	0.207493
67	tsk_67	(x)	1	:	0.500000	0.000000	0.188170	0.000000	0.000000	0.000000	0.000000	0.000000	0.000000	0.000000	0.000000	0.000000	0.311830
68	tsk_68	(x)	1	:	0.000000	0.000000	0.576640	0.000000	0.000000	0.000000	0.000000	0.000000	0.000000	0.000000	0.000000	0.000000	0.423360
69	tsk_69	(x)	1	:	0.499999	0.000000	0.169000	0.000000	0.000000	0.000000	0.000000	0.000000	0.000000	0.000000	0.000000	0.000000	0.331000
70	tsk_70	(x)	1	:	0.000000	0.000000	0.603556	0.000000	0.000000	0.000000	0.000000	0.000000	0.000000	0.000000	0.000000	0.000000	0.396444
71	tsk_71	(x)	1	:	0.000000	0.020531	0.317009	0.000000	0.000000	0.000000	0.490653	0.000000	0.000000	0.000000	0.000313	0.000000	0.171494
72	tsk_72	(x)	1	:	0.000000	0.651667	0.037928	0.000000	0.000000	0.000000	0.000000	0.000000	0.000000	0.000000	0.000000	0.000000	0.310405
73	tsk_73	(x)	1	:	0.458966	0.541033	0.000000	0.000000	0.000000	0.000000	0.000000	0.000000	0.000000	0.000000	0.000000	0.000000	0.000000
74	tsk_74	(x)	1	:	0.000000	0.000000	0.615858	0.000000	0.000000	0.000000	0.000000	0.000000	0.000000	0.000000	0.000000	0.287957	0.096185
75	tsk_75	(x)	1	:	0.487667	0.000000	0.000000	0.000000	0.000000	0.000000	0.000000	0.000000	0.000000	0.512333	0.000000	0.000000	0.000000
76	tsk_76	(x)	1	:	0.000000	0.000000	0.489929	0.000000	0.000000	0.000000	0.000000	0.000000	0.000000	0.000000	0.000000	0.287957	0.222114
77	tsk_77	(x)	1	:	0.000000	0.651667	0.348333	0.000000	0.000000	0.000000	0.000000	0.000000	0.000000	0.000000	0.000000	0.000000	0.000000
78	tsk_78	(x)	1	:	0.000000	0.000000	0.377415	0.000000	0.000000	0.000000	0.000000	0.000000	0.000000	0.000000	0.000000	0.000000	0.622585
79	tsk_79	(x)	1	:	0.000000	0.000000	0.000000	0.000000	1.000000	0.000000	0.000000	0.000000	0.000000	0.000000	0.000000	0.000000	0.000000
80	tsk_80	(x)	1	:	0.000000	0.458905	0.154370	0.000000	0.000000	0.000000	0.000000	0.000000	0.000000	0.000000	0.000000	0.274008	0.112717
81	tsk_81	(x)	1	:	0.000000	0.000000	0.111219	0.000000	0.000000	0.000000	0.000000	0.000000	0.000000	0.589122	0.000000	0.000000	0.299659
82	tsk_82	(x)	1	:	0.000000	0.000000	0.000009	0.000000	0.000000	0.000000	0.000000	0.000000	0.000000	0.000000	0.000000	0.999941	0.000050
83	tsk_83	(x)	1	:	0.000000	0.000000	0.733275	0.000000	0.000000	0.000000	0.000000	0.000000	0.000000	0.000000	0.000000	0.000000	0.266725
84	tsk_84	(x)	1	:	0.500000	0.000000	0.230940	0.000000	0.000000	0.000000	0.000000	0.000000	0.000000	0.000000	0.000000	0.000000	0.269060
85	tsk_85	(x)	1	:	0.000000	0.000000	0.374917	0.000000	0.000000	0.000000	0.000000	0.000000	0.000000	0.000000	0.000000	0.349475	0.275608
86	tsk_86	(x)	1	:	0.000000	0.000000	0.437275	0.000000	0.000000	0.000000	0.000000	0.000000	0.000000	0.000000	0.000000	0.000000	0.562725
87	tsk_87	(x)	1	:	0.000000	0.431659	0.000000	0.000000	0.000000	0.000000	0.000000	0.000000	0.000000	0.000000	0.000000	0.568341	0.000000
88	tsk_88	(x)	1	:	0.000000	0.000000	0.448983	0.000000	0.000000	0.000000	0.000000	0.000000	0.000000	0.000000	0.000000	0.000000	0.551017
89	tsk_89	(x)	1	:	0.000000	0.000000	0.616314	0.000000	0.000000	0.000000	0.000000	0.000000	0.000000	0.000000	0.000000	0.287957	0.095729
90	tsk_90	(x)	1	:	0.000000	0.000000	0.793860	0.000000	0.000000	0.000000	0.000000	0.000000	0.000000	0.000000	0.000000	0.000000	0.206140
91	tsk_91	(x)	1	:	0.000000	0.000000	0.080027	0.000000	0.000000	0.000000	0.000000	0.500000	0.000000	0.000000	0.000000	0.000000	0.419973
92	tsk_92	(x)	1	:	0.000000	0.000000	0.521447	0.000000	0.000000	0.000000	0.000000	0.000000	0.000000	0.000000	0.000000	0.000000	0.478553
93	tsk_93	(x)	1	:	0.490853	0.000000	0.077339	0.000000	0.000000	0.000000	0.000000	0.000000	0.388527	0.000000	0.000000	0.000000	0.043282
94	tsk_94	(x)	1	:	0.000000	0.000000	0.620880	0.000000	0.000000	0.000000	0.000000	0.000000	0.000000	0.000000	0.000000	0.000000	0.379120
95	tsk_95	(x)	1	:	0.000000	0.000000	0.520890	0.000000	0.000000	0.000000	0.000000	0.000000	0.000000	0.000000	0.000000	0.000000	0.479110
96	tsk_96	(x)	1	:	0.000000	0.000000	0.007208	0.000000	0.000000	0.000000	0.000000	0.497403	0.388281	0.000000	0.000000	0.000000	0.107109
97	tsk_97	(x)	1	:	0.000000	0.000000	0.091568	0.000000	0.000000	0.000000	0.000000	0.500000	0.000000	0.000000	0.000000	0.000000	0.408432
98	tsk_98	(x)	1	:	0.456161	0.000000	0.000000	0.000000	0.000000	0.000000	0.000000	0.000000	0.543839	0.000000	0.000000	0.000000	0.000000
99	tsk_99	(x)	1	:	0.000000	0.000000	0.817239	0.000000	0.000000	0.000000	0.000000	0.000000	0.000000	0.000000	0.000000	0.000000	0.182761
100	tsk_100	(x)	1	:	0.000000	0.000000	0.000000	0.000000	0.000000	1.000000	0.000000	0.000000	0.000000	0.000000	0.000000	0.000000	0.000000
101	tsk_101	(x)	1	:	0.000000	0.000000	0.313697	0.000000	0.000000	0.366806	0.000000	0.000000	0.000000	0.000000	0.000000	0.000000	0.319497
102	tsk_102	(x)	1	:	0.000000	0.000000	0.705830	0.000000	0.000000	0.000000	0.000000	0.000000	0.000000	0.000000	0.000000	0.000000	0.294170
103	tsk_103	(x)	1	:	0.000000	0.000000	0.351041	0.000000	0.439783	0.000000	0.000000	0.000000	0.000000	0.000000	0.000000	0.000000	0.209176
104	tsk_104	(x)	1	:	0.000000	0.000000	0.685163	0.000000	0.000000	0.000000	0.000000	0.000000	0.000000	0.000000	0.000000	0.000000	0.314837
105	tsk_105	(x)	1	:	0.000000	0.458964	0.057794	0.000000	0.440221	0.000000	0.000000	0.000000	0.000000	0.000000	0.000000	0.000000	0.043021
106	tsk_106	(x)	1	:	0.000000	0.000000	0.372947	0.000000	0.439783	0.000000	0.000000	0.000000	0.000000	0.000000	0.000000	0.000000	0.187270
107	tsk_107	(x)	1	:	0.500021	0.000000	0.084315	0.000000	0.000000	0.366953	0.000000	0.000000	0.000000	0.000000	0.000000	0.000000	0.048711
108	tsk_108	(x)	1	:	0.000000	0.000000	0.369474	0.000000	0.439783	0.000000	0.000000	0.000000	0.000000	0.000000	0.000000	0.000000	0.190742
109	tsk_109	(x)	1	:	0.000000	0.000000	0.187726	0.000000	0.440519	0.000000	0.000000	0.000000	0.000000	0.000000	0.000000	0.349962	0.021792
110	tsk_110	(x)	1	:	0.000000	0.000000	0.475855	0.000000	0.000000	0.000000	0.000000	0.000000	0.000000	0.000000	0.000000	0.000000	0.524145
111	tsk_111	(x)	1	:	0.000000	0.000000	0.383356	0.000000	0.000000	0.000000	0.000000	0.000000	0.000000	0.000000	0.000000	0.000000	0.616644
112	tsk_112	(x)	1	:	0.500000	0.000000	0.298738	0.000000	0.000000	0.000000	0.000000	0.000000	0.000000	0.000000	0.000000	0.000000	0.201263
113	tsk_113	(x)	1	:	0.000000	0.000000	0.566677	0.000000	0.000000	0.000000	0.000000	0.000000	0.000000	0.000000	0.000000	0.000000	0.433323
114	tsk_114	(x)	1	:	0.500002	0.000000	0.106657	0.000000	0.304885	0.000000	0.000000	0.000000	0.000000	0.000000	0.000000	0.000000	0.088456
115	tsk_115	(x)	1	:	0.468868	0.000000	0.000000	0.000000	0.000000	0.531132	0.000000	0.000000	0.000000	0.000000	0.000000	0.000000	0.000000
116	tsk_116	(x)	1	:	0.000000	0.000000	0.656551	0.000000	0.000000	0.000000	0.000000	0.000000	0.000000	0.000000	0.000000	0.000000	0.343449
117	tsk_117	(x)	1	:	0.500000	0.000000	0.321537	0.000000	0.000000	0.000000	0.000000	0.000000	0.000000	0.000000	0.000000	0.000000	0.178463
118	tsk_118	(x)	1	:	0.500000	0.000000	0.302083	0.000000	0.000000	0.000000	0.000000	0.000000	0.000000	0.000000	0.000000	0.000000	0.197917
119	tsk_119	(x)	1	:	0.500000	0.000000	0.271724	0.000000	0.000000	0.000000	0.000000	0.000000	0.000000	0.000000	0.000000	0.000000	0.228276
120	tsk_120	(x)	1	:	0.000000	0.000000	0.326703	0.000000	0.439783	0.000000	0.000000	0.000000	0.000000	0.000000	0.000000	0.000000	0.233514
121	tsk_121	(x)	1	:	0.000000	0.000000	0.142728	0.000000	0.000000	0.613886	0.000000	0.000000	0.000000	0.000000	0.000000	0.000000	0.243386
122	tsk_122	(x)	1	:	0.499999	0.000000	0.275434	0.000000	0.000000	0.000000	0.000000	0.000000	0.000000	0.000000	0.000000	0.000000	0.224566
123	tsk_123	(x)	1	:	0.500110	0.458962	0.021626	0.000000	0.000000	0.000000	0.000000	0.000000	0.000000	0.000000	0.000000	0.000000	0.019301
124	tsk_124	(x)	1	:	0.000000	0.000000	0.383114	0.000000	0.000000	0.000000	0.000000	0.000000	0.000000	0.000000	0.000000	0.000000	0.616886
125	tsk_125	(x)	1	:	0.000000	0.458520	0.297769	0.000000	0.000000	0.000000	0.000000	0.000000	0.000000	0.000000	0.000000	0.000000	0.243711
126	tsk_126	(x)	1	:	0.000000	0.000000	0.475967	0.000000	0.000000	0.000000	0.000000	0.000000	0.000000	0.000000	0.000000	0.000000	0.524033
127	tsk_127	(x)	1	:	1.000000	0.000000	0.000000	0.000000	0.000000	0.000000	0.000000	0.000000	0.000000	0.000000	0.000000	0.000000	0.000000
128	tsk_128	(x)	1	:	0.000000	0.458520	0.292548	0.000000	0.000000	0.000000	0.000000	0.000000	0.000000	0.000000	0.000000	0.000000	0.248932
129	tsk_129	(x)	1	:	0.000000	0.000000	0.383059	0.000000	0.000000	0.000000	0.000000	0.000000	0.000000	0.000000	0.000000	0.000000	0.616941
130	tsk_130	(x)	1	:	0.000000	0.000000	0.710397	0.000000	0.000000	0.000000	0.000000	0.000000	0.000000	0.000000	0.000000	0.000000	0.289603
131	tsk_131	(x)	1	:	0.000000	0.000000	0.566619	0.000000	0.000000	0.000000	0.000000	0.000000	0.000000	0.000000	0.000000	0.000000	0.433381
132	tsk_132	(x)	1	:	0.000000	0.000000	0.056608	0.000000	0.000000	0.000000	0.000000	0.000000	0.000000	0.589065	0.000000	0.000000	0.354327
133	tsk_133	(x)	1	:	0.499999	0.000000	0.143385	0.000000	0.000000	0.000000	0.000000	0.000000	0.000000	0.000000	0.000000	0.000000	0.356616
134	tsk_134	(x)	1	:	0.000000	0.000000	0.394302	0.000000	0.000000	0.000000	0.000000	0.000000	0.000000	0.000000	0.000000	0.000000	0.605697
135	tsk_135	(x)	1	:	0.000000	0.000000	0.306630	0.000000	0.439783	0.000000	0.000000	0.000000	0.000000	0.000000	0.000000	0.000000	0.253586
136	tsk_136	(x)	1	:	0.000000	0.000000	0.001109	0.000000	0.000000	0.379496	0.000000	0.000000	0.000000	0.614409	0.000000	0.000000	0.004985
137	tsk_137	(x)	1	:	0.000000	0.000000	0.019490	0.000000	0.000000	0.000000	0.000000	0.000000	0.000000	0.589091	0.000000	0.000000	0.391419
138	tsk_138	(x)	1	:	0.000000	0.000000	0.067945	0.000000	0.000000	0.000000	0.000000	0.000000	0.000000	0.838475	0.000000	0.000000	0.093580
139	tsk_139	(x)	1	:	0.000000	0.000000	0.001923	0.000000	0.000000	0.379829	0.000000	0.000000	0.000000	0.615090	0.000000	0.000000	0.003157
140	tsk_140	(x)	1	:	0.000000	0.000000	0.465314	0.000000	0.000000	0.000000	0.000000	0.000000	0.000000	0.000000	0.000000	0.000000	0.534685
141	tsk_141	(x)	1	:	0.000000	0.000000	0.266316	0.000000	0.000000	0.000000	0.000000	0.000000	0.000000	0.000000	0.000000	0.000000	0.733684
142	tsk_142	(x)	1	:	0.000000	0.000000	0.180286	0.000000	0.000000	0.613886	0.000000	0.000000	0.000000	0.000000	0.000000	0.000000	0.205827
143	tsk_143	(x)	1	:	0.000000	0.000000	0.393696	0.000000	0.000000	0.000000	0.000000	0.000000	0.000000	0.000000	0.000000	0.000000	0.606304
144	tsk_144	(x)	1	:	0.000000	0.000000	0.000000	0.000000	0.000000	0.549404	0.450595	0.000000	0.000000	0.000000	0.000000	0.000000	0.000000
145	tsk_145	(x)	1	:	0.000000	0.000000	0.192783	0.000000	0.000000	0.613886	0.000000	0.000000	0.000000	0.000000	0.000000	0.000000	0.193331
146	tsk_146	(x)	1	:	0.000000	1.000000	0.000000	0.000000	0.000000	0.000000	0.000000	0.000000	0.000000	0.000000	0.000000	0.000000	0.000000
147	tsk_147	(x)	1	:	0.000000	0.415662	0.000000	0.000000	0.000000	0.584338	0.000000	0.000000	0.000000	0.000000	0.000000	0.000000	0.000000
148	tsk_148	(x)	1	:	0.000000	0.000000	0.475962	0.000000	0.000000	0.000000	0.000000	0.000000	0.000000	0.000000	0.000000	0.000000	0.524038
149	tsk_149	(x)	1	:	0.000000	1.000000	0.000000	0.000000	0.000000	0.000000	0.000000	0.000000	0.000000	0.000000	0.000000	0.000000	0.000000
