logL = -823.621662 (converged)
AIC = 5835.243324
BIC = 12139.513630

count.K
1 5 4 54 2 2 7 24 0 10 18 23 

