logL = -2613.327353 (converged)
AIC = 5686.654706
BIC = 6379.100823

count.K
43 107 

