logL = -1097.182431 (converged)
AIC = 6140.364862
BIC = 12080.348297

count.K
13 4 5 10 33 42 2 0 8 18 15 

