logL = -952.996063 (converged)
AIC = 4917.992126
BIC = 9452.008879

count.K
3 45 19 14 31 8 16 1 13 

