logL = -1212.724134 (converged)
AIC = 4771.448269
BIC = 8302.923469

count.K
35 4 12 5 25 14 55 

