0	tsk_0	(x)	1	:	0.000000	0.000000	0.000000	0.000000	0.000000	0.000000	0.000000	0.000000	0.000000	0.000000	0.000000	0.000000	0.000000	0.500000	0.500000
1	tsk_1	(x)	1	:	0.000000	0.000000	0.000000	0.000000	0.000808	0.000000	0.000000	0.000000	0.000000	0.000000	0.000000	0.000000	0.000000	0.499326	0.499865
2	tsk_2	(x)	1	:	0.000000	0.000000	0.000000	0.000000	0.320817	0.000000	0.000000	0.000000	0.000000	0.000000	0.179183	0.000000	0.000000	0.000000	0.500000
3	tsk_3	(x)	1	:	0.000000	0.000000	0.000000	0.000000	0.337204	0.000000	0.000000	0.000000	0.491894	0.000000	0.170902	0.000000	0.000000	0.000000	0.000000
4	tsk_4	(x)	1	:	0.000000	0.000000	0.000000	0.000000	0.321574	0.000000	0.000000	0.000000	0.000000	0.000000	0.178426	0.000000	0.000000	0.000000	0.500000
5	tsk_5	(x)	1	:	0.000000	0.000000	0.000000	0.000000	0.000000	0.000000	0.000000	0.000000	0.000000	0.000000	0.000000	0.000000	0.498938	0.000000	0.501062
6	tsk_6	(x)	1	:	0.000000	0.000000	0.000000	0.000000	0.520567	0.000000	0.000000	0.000000	0.000000	0.000000	0.479433	0.000000	0.000000	0.000000	0.000000
7	tsk_7	(x)	1	:	0.000000	0.000000	0.000000	0.000000	0.000000	0.000000	0.000000	0.000000	0.000000	0.000000	0.000000	0.000000	0.498938	0.000000	0.501062
8	tsk_8	(x)	1	:	0.000000	0.000000	0.000000	0.000000	0.409132	0.000000	0.000000	0.000000	0.000000	0.000000	0.090868	0.000000	0.000000	0.000000	0.500000
9	tsk_9	(x)	1	:	0.000000	0.000000	0.000000	0.000000	0.000000	0.000000	0.000000	0.000000	0.000000	0.000000	0.000000	0.000000	0.498938	0.000000	0.501062
10	tsk_10	(x)	1	:	0.000000	0.500000	0.000000	0.000000	0.000000	0.000000	0.000000	0.000000	0.000000	0.000000	0.000000	0.000000	0.000000	0.500000	0.000000
11	tsk_11	(x)	1	:	0.000000	0.500000	0.000000	0.000000	0.000000	0.000000	0.000000	0.000000	0.000000	0.000000	0.000000	0.000000	0.000000	0.000000	0.500000
12	tsk_12	(x)	1	:	0.000000	1.000000	0.000000	0.000000	0.000000	0.000000	0.000000	0.000000	0.000000	0.000000	0.000000	0.000000	0.000000	0.000000	0.000000
13	tsk_13	(x)	1	:	0.000000	0.492995	0.000000	0.000000	0.000000	0.000000	0.000000	0.000000	0.000000	0.000000	0.000000	0.000000	0.498246	0.000000	0.008759
14	tsk_14	(x)	1	:	0.000000	0.500000	0.000000	0.000000	0.400547	0.000000	0.000000	0.000000	0.000000	0.000000	0.099453	0.000000	0.000000	0.000000	0.000000
15	tsk_15	(x)	1	:	0.000000	0.000000	0.000000	0.000000	0.000000	0.000000	0.000000	0.000000	0.000000	0.000000	0.000000	0.000000	0.498938	0.000000	0.501062
16	tsk_16	(x)	1	:	0.000000	0.492400	0.000000	0.000000	0.000000	0.499061	0.000000	0.000000	0.000000	0.000000	0.000000	0.000000	0.000000	0.000000	0.008539
17	tsk_17	(x)	1	:	0.000000	1.000000	0.000000	0.000000	0.000000	0.000000	0.000000	0.000000	0.000000	0.000000	0.000000	0.000000	0.000000	0.000000	0.000000
18	tsk_18	(x)	1	:	0.000000	0.492033	0.000000	0.000000	0.003414	0.000000	0.000000	0.000000	0.000000	0.000000	0.000833	0.000000	0.000000	0.495144	0.008577
19	tsk_19	(x)	1	:	0.000000	0.000000	0.000000	0.000000	0.129244	0.498401	0.000000	0.000000	0.000000	0.000000	0.365927	0.000000	0.000000	0.006428	0.000000
20	tsk_20	(x)	1	:	0.499647	0.000000	0.000000	0.000000	0.000000	0.000000	0.000000	0.000000	0.500343	0.000009	0.000000	0.000000	0.000000	0.000000	0.000000
21	tsk_21	(x)	1	:	0.490078	0.000000	0.000000	0.000000	0.004756	0.000000	0.000000	0.000000	0.007164	0.000000	0.002210	0.000000	0.000000	0.495792	0.000000
22	tsk_22	(x)	1	:	0.000000	0.000000	0.000000	0.000000	0.371189	0.000000	0.000000	0.000000	0.491894	0.000000	0.136917	0.000000	0.000000	0.000000	0.000000
23	tsk_23	(x)	1	:	0.499655	0.000000	0.000000	0.000000	0.000000	0.000000	0.000000	0.000000	0.500340	0.000005	0.000000	0.000000	0.000000	0.000000	0.000000
24	tsk_24	(x)	1	:	0.000000	0.000000	0.000000	0.000000	0.302648	0.000000	0.000000	0.000000	0.491894	0.000000	0.205458	0.000000	0.000000	0.000000	0.000000
25	tsk_25	(x)	1	:	0.000000	0.000000	0.000000	0.000000	0.551991	0.000000	0.000000	0.000000	0.000000	0.000000	0.448009	0.000000	0.000000	0.000000	0.000000
26	tsk_26	(x)	1	:	0.499637	0.000000	0.000000	0.000000	0.000000	0.000000	0.000000	0.000000	0.500349	0.000014	0.000000	0.000000	0.000000	0.000000	0.000000
27	tsk_27	(x)	1	:	0.000000	0.000000	0.000000	0.000000	0.516356	0.000000	0.000000	0.000000	0.000000	0.000000	0.483644	0.000000	0.000000	0.000000	0.000000
28	tsk_28	(x)	1	:	0.000000	0.492241	0.000000	0.000000	0.004448	0.000000	0.000000	0.418226	0.000000	0.000000	0.001989	0.000000	0.000000	0.075018	0.008078
29	tsk_29	(x)	1	:	0.000000	0.000000	0.000000	0.000000	0.000000	0.000000	0.000000	0.000000	1.000000	0.000000	0.000000	0.000000	0.000000	0.000000	0.000000
30	tsk_30	(x)	1	:	0.000000	0.000000	0.000000	0.000000	0.000000	1.000000	0.000000	0.000000	0.000000	0.000000	0.000000	0.000000	0.000000	0.000000	0.000000
31	tsk_31	(x)	1	:	0.000000	0.000000	0.000000	0.000000	0.000496	0.498217	0.000000	0.000000	0.000000	0.000000	0.002110	0.000000	0.497680	0.001496	0.000000
32	tsk_32	(x)	1	:	0.495773	0.000000	0.000000	0.000000	0.307618	0.000000	0.000000	0.000000	0.000000	0.000000	0.196609	0.000000	0.000000	0.000000	0.000000
33	tsk_33	(x)	1	:	0.000000	0.000000	0.000000	0.000000	0.000000	0.500000	0.000000	0.000000	0.000000	0.000000	0.000000	0.000000	0.000000	0.000000	0.500000
34	tsk_34	(x)	1	:	0.000000	0.000000	0.000000	0.000000	0.000000	0.500000	0.000000	0.000000	0.000000	0.000000	0.000000	0.000000	0.000000	0.000000	0.500000
35	tsk_35	(x)	1	:	0.491231	0.000000	0.000000	0.000000	0.005147	0.000000	0.000000	0.000000	0.004522	0.000000	0.003671	0.000000	0.000000	0.495429	0.000000
36	tsk_36	(x)	1	:	0.492969	0.000000	0.000000	0.000000	0.001629	0.000000	0.000000	0.000000	0.002794	0.000000	0.004520	0.000000	0.498088	0.000000	0.000000
37	tsk_37	(x)	1	:	0.000000	0.000000	0.000000	0.000000	0.000425	0.498053	0.000000	0.000000	0.000000	0.000000	0.001704	0.000000	0.497679	0.002139	0.000000
38	tsk_38	(x)	1	:	0.000000	0.000000	0.000000	0.000000	0.000000	0.499999	0.000000	0.000002	0.000000	0.000000	0.000000	0.000000	0.000000	0.499999	0.000000
39	tsk_39	(x)	1	:	0.000000	0.000000	0.000000	0.000000	0.422540	0.000000	0.000000	0.000000	0.000000	0.000000	0.078977	0.000000	0.498483	0.000000	0.000000
40	tsk_40	(x)	1	:	0.000000	0.000000	0.000000	0.500000	0.000000	0.000000	0.000000	0.000000	0.000000	0.000000	0.000000	0.000000	0.000000	0.000000	0.500000
41	tsk_41	(x)	1	:	0.000000	0.000000	0.000000	0.000000	0.007235	0.000000	0.000000	0.000000	0.000000	0.000000	0.000000	0.000000	0.000000	0.493961	0.498804
42	tsk_42	(x)	1	:	0.000000	0.000000	0.000000	0.000000	0.427546	0.000000	0.000000	0.000000	0.000000	0.000000	0.072454	0.000000	0.000000	0.000000	0.500000
43	tsk_43	(x)	1	:	0.000000	0.000000	0.000000	0.000000	0.000000	0.000000	0.000000	0.000000	0.000000	0.000000	0.000000	0.000000	0.000000	0.000000	1.000000
44	tsk_44	(x)	1	:	0.000000	0.000000	0.000000	0.499414	0.000353	0.000000	0.000000	0.000000	0.000000	0.000000	0.000000	0.000000	0.000000	0.000390	0.499843
45	tsk_45	(x)	1	:	0.000000	0.000000	0.000000	0.000000	0.000000	0.000000	0.000000	0.000000	0.000000	0.000000	0.000000	0.000000	0.000000	0.000000	1.000000
46	tsk_46	(x)	1	:	0.000000	0.000000	0.000000	0.000000	0.000000	0.000000	0.000000	0.000000	0.000000	0.000000	0.000000	0.000000	0.000000	0.000000	1.000000
47	tsk_47	(x)	1	:	0.000000	0.000000	0.000000	0.000000	0.000000	0.000000	0.000000	0.000000	0.000000	0.000000	0.000000	0.000000	0.000000	0.000000	1.000000
48	tsk_48	(x)	1	:	0.000000	0.000000	0.000000	0.000000	0.000000	0.000000	0.000000	0.000000	0.000000	0.000000	0.000000	0.000000	0.000000	0.000000	1.000000
49	tsk_49	(x)	1	:	0.490462	0.000000	0.000000	0.494005	0.000000	0.000000	0.000000	0.000000	0.005235	0.000000	0.003697	0.000000	0.000000	0.006601	0.000000
50	tsk_50	(x)	1	:	0.000000	0.000000	0.000000	0.000000	0.002936	0.000000	0.000000	0.310036	0.000000	0.000000	0.000000	0.000000	0.000000	0.187512	0.499516
51	tsk_51	(x)	1	:	0.000000	0.000000	0.000000	0.000000	0.425739	0.000000	0.000000	0.000000	0.000000	0.000000	0.074261	0.000000	0.000000	0.000000	0.500000
52	tsk_52	(x)	1	:	0.000000	0.000000	0.000000	0.000000	0.342393	0.000000	0.000000	0.000000	0.000000	0.000000	0.157607	0.000000	0.000000	0.000000	0.500000
53	tsk_53	(x)	1	:	0.000000	0.000000	0.000000	0.000000	0.468820	0.000000	0.000000	0.000000	0.000000	0.000000	0.031180	0.000000	0.000000	0.000000	0.500000
54	tsk_54	(x)	1	:	0.000000	0.000000	0.000000	0.000000	0.000000	0.000000	0.000000	0.000000	0.000000	0.000000	0.000000	0.000000	0.000000	0.000000	1.000000
55	tsk_55	(x)	1	:	0.000000	0.000000	0.000000	0.000000	0.712833	0.000000	0.000000	0.000000	0.000000	0.000000	0.287167	0.000000	0.000000	0.000000	0.000000
56	tsk_56	(x)	1	:	0.000000	0.000000	0.000000	0.000000	0.333336	0.000000	0.000000	0.000000	0.000000	0.166655	0.000000	0.000000	0.000000	0.000000	0.500010
57	tsk_57	(x)	1	:	0.000000	0.000000	0.000000	0.000000	0.330465	0.000000	0.000000	0.000000	0.000000	0.000000	0.169535	0.000000	0.000000	0.000000	0.500000
58	tsk_58	(x)	1	:	0.000000	0.000000	0.000000	0.000000	0.217855	0.000000	0.000000	0.000000	0.000000	0.000000	0.782145	0.000000	0.000000	0.000000	0.000000
59	tsk_59	(x)	1	:	0.000000	0.000000	0.000000	0.000000	0.371614	0.000000	0.000000	0.000000	0.000000	0.000000	0.628386	0.000000	0.000000	0.000000	0.000000
60	tsk_60	(x)	1	:	0.000000	0.000000	0.000000	0.000000	0.001312	0.000001	0.000000	0.417948	0.000000	0.000000	0.005703	0.000000	0.497846	0.077190	0.000000
61	tsk_61	(x)	1	:	0.000000	0.000000	0.000000	0.000000	0.004781	0.000000	0.000000	0.000000	0.487050	0.000000	0.010363	0.000000	0.497805	0.000000	0.000000
62	tsk_62	(x)	1	:	0.000000	0.000000	0.000000	0.000000	0.002798	0.000000	0.000000	0.000000	0.000000	0.000000	0.498719	0.000000	0.498483	0.000000	0.000000
63	tsk_63	(x)	1	:	0.000000	0.000000	0.000000	0.000000	0.000000	0.000000	0.000000	0.000000	0.000000	0.000000	0.000000	0.000000	1.000000	0.000000	0.000000
64	tsk_64	(x)	1	:	0.000000	0.000000	0.000000	0.000000	0.000116	0.000000	0.000000	0.000000	0.000000	0.000000	0.000000	0.000000	0.528775	0.471109	0.000000
65	tsk_65	(x)	1	:	0.000000	0.000000	0.000000	0.000000	0.001501	0.000001	0.000000	0.418298	0.000000	0.000000	0.007567	0.000000	0.497635	0.074999	0.000000
66	tsk_66	(x)	1	:	0.000000	0.000000	0.000000	0.000000	0.002040	0.000000	0.000000	0.418098	0.000000	0.000000	0.005922	0.000000	0.497747	0.076191	0.000000
67	tsk_67	(x)	1	:	0.000000	0.000000	0.000000	0.000000	0.003808	0.000000	0.000000	0.000000	0.000000	0.000000	0.005653	0.000000	0.497502	0.493037	0.000000
68	tsk_68	(x)	1	:	0.000000	0.000000	0.000000	0.000000	0.004602	0.000000	0.000000	0.417880	0.000000	0.000000	0.001257	0.000000	0.000000	0.077182	0.499078
69	tsk_69	(x)	1	:	0.000000	0.000000	0.000000	0.000000	0.000000	0.000000	0.000000	0.000000	0.598435	0.000000	0.000000	0.000000	0.000000	0.401564	0.000000
70	tsk_70	(x)	1	:	0.000000	0.000000	0.000000	0.000000	0.000000	0.000000	0.000000	0.638480	0.000000	0.000000	0.000000	0.000000	0.000000	0.361520	0.000000
71	tsk_71	(x)	1	:	0.000000	0.492170	0.000000	0.000000	0.004480	0.000000	0.000000	0.418115	0.000000	0.000000	0.001224	0.000000	0.000000	0.075748	0.008264
72	tsk_72	(x)	1	:	0.000000	0.493395	0.000000	0.000000	0.000212	0.000000	0.000000	0.000000	0.000000	0.000000	0.000125	0.498825	0.000000	0.000000	0.007443
73	tsk_73	(x)	1	:	0.000000	0.000000	0.000000	0.000000	0.000000	0.000001	0.000000	0.999998	0.000000	0.000000	0.000000	0.000000	0.000000	0.000000	0.000000
74	tsk_74	(x)	1	:	0.000000	0.492857	0.000000	0.000000	0.021049	0.000001	0.000000	0.457532	0.000000	0.000000	0.019942	0.000000	0.000000	0.000000	0.008619
75	tsk_75	(x)	1	:	0.000000	0.000000	0.000000	0.000000	0.007146	0.000000	0.000000	0.310127	0.000000	0.000000	0.000000	0.000000	0.000000	0.183887	0.498839
76	tsk_76	(x)	1	:	0.000000	0.481429	0.000000	0.000000	0.013816	0.157736	0.000000	0.000000	0.000000	0.000000	0.005035	0.000000	0.000000	0.341071	0.000913
77	tsk_77	(x)	1	:	0.000000	0.000000	0.000000	0.000000	0.000000	0.000000	0.000000	0.310018	0.000000	0.000000	0.000000	0.000000	0.000000	0.689982	0.000000
78	tsk_78	(x)	1	:	0.000000	0.000000	0.000000	0.000000	0.000000	0.000000	0.000000	0.000000	0.000000	0.000000	0.000000	0.500000	0.000000	0.000000	0.500000
79	tsk_79	(x)	1	:	0.000000	0.000000	0.000000	0.000000	0.000000	0.000000	0.000000	0.638478	0.000000	0.000000	0.000000	0.000000	0.000000	0.361522	0.000000
80	tsk_80	(x)	1	:	0.000000	0.000000	0.000000	0.000000	0.000000	0.000000	0.000000	0.000000	0.000000	0.000000	0.000000	0.000000	1.000000	0.000000	0.000000
81	tsk_81	(x)	1	:	0.000003	0.000000	0.000000	0.000000	0.005980	0.000001	0.000000	0.417696	0.489128	0.000000	0.007759	0.000000	0.000000	0.079433	0.000000
82	tsk_82	(x)	1	:	0.000000	0.000000	0.000000	0.000000	0.000929	0.000000	0.000000	0.418086	0.000000	0.000000	0.006982	0.000000	0.497752	0.076250	0.000000
83	tsk_83	(x)	1	:	0.000000	0.000000	0.000000	0.000000	0.193969	0.000000	0.000000	0.000000	0.000000	0.000000	0.307548	0.000000	0.498483	0.000000	0.000000
84	tsk_84	(x)	1	:	0.000000	0.000000	0.000000	0.000000	0.380099	0.000000	0.000000	0.417719	0.000000	0.000000	0.120067	0.000000	0.000000	0.082114	0.000000
85	tsk_85	(x)	1	:	0.000000	0.000000	0.000000	0.000000	0.011049	0.000000	0.000000	0.000000	0.488102	0.000000	0.002897	0.000000	0.497952	0.000000	0.000000
86	tsk_86	(x)	1	:	0.000000	0.000000	0.000000	0.000000	0.391939	0.000000	0.000000	0.000000	0.000000	0.000000	0.108061	0.000000	0.000000	0.000000	0.500000
87	tsk_87	(x)	1	:	0.000000	0.000000	0.000000	0.000000	0.000635	0.000000	0.000000	0.418062	0.000000	0.000000	0.007118	0.000000	0.497769	0.076416	0.000000
88	tsk_88	(x)	1	:	0.000000	0.000000	0.000000	0.000000	0.423210	0.000000	0.000000	0.000000	0.491894	0.000000	0.084896	0.000000	0.000000	0.000000	0.000000
89	tsk_89	(x)	1	:	0.000000	0.000000	0.000000	0.000000	0.011106	0.000000	0.000000	0.418327	0.486815	0.000000	0.007892	0.000000	0.000000	0.075861	0.000000
90	tsk_90	(x)	1	:	0.000000	0.000000	0.000000	0.000000	0.006812	0.000000	0.000000	0.000000	0.489206	0.000000	0.004512	0.000000	0.000000	0.000000	0.499470
91	tsk_91	(x)	1	:	0.000000	0.491914	0.000000	0.000000	0.010397	0.000000	0.000000	0.000000	0.486463	0.000001	0.002608	0.000000	0.000000	0.000000	0.008617
92	tsk_92	(x)	1	:	0.000000	0.000000	0.000000	0.000000	0.000000	0.000000	0.000000	0.000000	1.000000	0.000000	0.000000	0.000000	0.000000	0.000000	0.000000
93	tsk_93	(x)	1	:	0.000000	0.000000	0.000000	0.000000	0.013882	0.000000	0.000000	0.000000	0.486297	0.000001	0.000919	0.000000	0.000000	0.000000	0.498901
94	tsk_94	(x)	1	:	0.490967	0.000000	0.000000	0.000000	0.275663	0.000000	0.000000	0.000000	0.009617	0.000000	0.223753	0.000000	0.000000	0.000000	0.000000
95	tsk_95	(x)	1	:	0.491861	0.000000	0.000000	0.000000	0.000738	0.498120	0.000000	0.000000	0.003662	0.000000	0.002225	0.000000	0.000000	0.003395	0.000000
96	tsk_96	(x)	1	:	0.495469	0.000000	0.000000	0.000000	0.004653	0.000000	0.000000	0.000000	0.000000	0.000000	0.000000	0.000000	0.000000	0.000000	0.499878
97	tsk_97	(x)	1	:	0.490348	0.000000	0.000000	0.000000	0.002085	0.000000	0.000000	0.418154	0.007297	0.000000	0.004362	0.000000	0.000000	0.077755	0.000000
98	tsk_98	(x)	1	:	0.000000	0.000000	0.000000	0.000000	0.002922	0.000001	0.000000	0.417597	0.490264	0.000000	0.008459	0.000000	0.000000	0.080757	0.000000
99	tsk_99	(x)	1	:	0.000000	0.000000	0.000000	0.000000	0.007949	0.000000	0.000000	0.000000	0.486566	0.000000	0.010813	0.000000	0.000000	0.494672	0.000000
100	tsk_100	(x)	1	:	0.499651	0.000000	0.000000	0.000000	0.000000	0.000000	0.000000	0.000000	0.500342	0.000007	0.000000	0.000000	0.000000	0.000000	0.000000
101	tsk_101	(x)	1	:	1.000000	0.000000	0.000000	0.000000	0.000000	0.000000	0.000000	0.000000	0.000000	0.000000	0.000000	0.000000	0.000000	0.000000	0.000000
102	tsk_102	(x)	1	:	1.000000	0.000000	0.000000	0.000000	0.000000	0.000000	0.000000	0.000000	0.000000	0.000000	0.000000	0.000000	0.000000	0.000000	0.000000
103	tsk_103	(x)	1	:	0.490058	0.000000	0.000000	0.000000	0.005021	0.000000	0.000000	0.000000	0.007048	0.000000	0.002240	0.000000	0.000000	0.495632	0.000000
104	tsk_104	(x)	1	:	0.499640	0.000000	0.000000	0.000000	0.000000	0.000000	0.000000	0.000000	0.500347	0.000013	0.000000	0.000000	0.000000	0.000000	0.000000
105	tsk_105	(x)	1	:	0.598370	0.000000	0.000000	0.000000	0.258952	0.000000	0.000000	0.000000	0.000000	0.000000	0.142678	0.000000	0.000000	0.000000	0.000000
106	tsk_106	(x)	1	:	0.499657	0.000000	0.000000	0.000000	0.000000	0.000000	0.000000	0.000000	0.500340	0.000003	0.000000	0.000000	0.000000	0.000000	0.000000
107	tsk_107	(x)	1	:	1.000000	0.000000	0.000000	0.000000	0.000000	0.000000	0.000000	0.000000	0.000000	0.000000	0.000000	0.000000	0.000000	0.000000	0.000000
108	tsk_108	(x)	1	:	1.000000	0.000000	0.000000	0.000000	0.000000	0.000000	0.000000	0.000000	0.000000	0.000000	0.000000	0.000000	0.000000	0.000000	0.000000
109	tsk_109	(x)	1	:	1.000000	0.000000	0.000000	0.000000	0.000000	0.000000	0.000000	0.000000	0.000000	0.000000	0.000000	0.000000	0.000000	0.000000	0.000000
110	tsk_110	(x)	1	:	0.000000	1.000000	0.000000	0.000000	0.000000	0.000000	0.000000	0.000000	0.000000	0.000000	0.000000	0.000000	0.000000	0.000000	0.000000
111	tsk_111	(x)	1	:	0.000000	0.000000	0.404853	0.000000	0.005698	0.000000	0.000000	0.000000	0.000000	0.000000	0.000000	0.000000	0.000000	0.495738	0.093711
112	tsk_112	(x)	1	:	0.000000	0.493219	0.000000	0.000000	0.000000	0.000000	0.000000	0.000000	0.000000	0.000000	0.000000	0.000000	0.000000	0.498882	0.007899
113	tsk_113	(x)	1	:	0.000000	0.491857	0.000000	0.000000	0.006157	0.000000	0.000000	0.000000	0.000000	0.000000	0.001011	0.000000	0.000000	0.492672	0.008303
114	tsk_114	(x)	1	:	0.000000	0.492340	0.000000	0.000000	0.004883	0.000000	0.000000	0.000000	0.000000	0.000000	0.000708	0.000000	0.000000	0.494070	0.007999
115	tsk_115	(x)	1	:	0.000000	0.492392	0.000000	0.000000	0.004694	0.000000	0.000000	0.418225	0.000000	0.000000	0.001791	0.000000	0.000000	0.075004	0.007894
116	tsk_116	(x)	1	:	0.000000	0.494796	0.000000	0.000000	0.000000	0.000000	0.000000	0.000000	0.000000	0.000000	0.000000	0.000000	0.000000	0.499140	0.006063
117	tsk_117	(x)	1	:	0.000000	0.000000	0.000000	0.000000	0.427728	0.000000	0.000000	0.000000	0.000000	0.000000	0.072272	0.000000	0.000000	0.500000	0.000000
118	tsk_118	(x)	1	:	0.000000	1.000000	0.000000	0.000000	0.000000	0.000000	0.000000	0.000000	0.000000	0.000000	0.000000	0.000000	0.000000	0.000000	0.000000
119	tsk_119	(x)	1	:	0.000000	0.000000	0.000000	0.000000	0.006107	0.000000	0.000000	0.000000	0.000000	0.000000	0.000522	0.000000	0.000000	0.494467	0.498903
120	tsk_120	(x)	1	:	0.000000	0.000000	0.000000	0.000000	0.000000	1.000000	0.000000	0.000000	0.000000	0.000000	0.000000	0.000000	0.000000	0.000000	0.000000
121	tsk_121	(x)	1	:	0.000000	0.000000	0.000000	0.000000	0.005010	0.497565	0.000000	0.000000	0.487380	0.000000	0.004755	0.000000	0.000000	0.005290	0.000000
122	tsk_122	(x)	1	:	0.000000	0.000000	0.000000	0.000000	0.000000	0.000000	0.488324	0.000000	0.511676	0.000000	0.000000	0.000000	0.000000	0.000000	0.000000
123	tsk_123	(x)	1	:	0.000000	0.000000	0.000000	0.494473	0.000000	0.498171	0.000000	0.000001	0.000000	0.000000	0.000000	0.000000	0.000000	0.007355	0.000000
124	tsk_124	(x)	1	:	0.000000	0.000000	0.000000	0.492914	0.008007	0.000000	0.000000	0.000000	0.486078	0.000000	0.004641	0.000000	0.000000	0.008360	0.000000
125	tsk_125	(x)	1	:	0.000000	0.000000	0.000000	0.000000	0.000000	0.500000	0.000000	0.000000	0.000000	0.000000	0.000000	0.000000	0.000000	0.000000	0.500000
126	tsk_126	(x)	1	:	0.000000	0.000000	0.497344	0.000000	0.000000	0.499811	0.000000	0.000000	0.000000	0.000000	0.000000	0.000000	0.000000	0.000000	0.002845
127	tsk_127	(x)	1	:	0.000000	0.000000	0.000000	0.000000	0.000000	0.500000	0.000000	0.000000	0.000000	0.000000	0.000000	0.000000	0.000000	0.000000	0.500000
128	tsk_128	(x)	1	:	0.000000	0.000000	0.000000	0.492925	0.000000	0.497664	0.000000	0.000000	0.000000	0.000000	0.000000	0.000000	0.000000	0.009411	0.000000
129	tsk_129	(x)	1	:	0.000000	0.000000	0.497657	0.495161	0.001228	0.000000	0.000000	0.000000	0.000000	0.000000	0.000286	0.000000	0.000000	0.004163	0.001504
130	tsk_130	(x)	1	:	0.499025	0.000000	0.000000	0.000000	0.000000	0.000000	0.000000	0.000000	0.248181	0.252794	0.000000	0.000000	0.000000	0.000000	0.000000
131	tsk_131	(x)	1	:	0.000000	0.000000	0.000000	0.000000	0.008945	0.000000	0.000000	0.000000	0.491193	0.000000	0.000000	0.000000	0.000000	0.000000	0.499862
132	tsk_132	(x)	1	:	0.000000	0.000000	0.000000	0.000000	0.000000	0.000000	0.000000	0.000000	0.000000	0.000000	0.000000	0.000000	0.000000	0.000000	1.000000
133	tsk_133	(x)	1	:	0.000000	0.000000	0.000000	0.000000	0.383017	0.000000	0.000000	0.000000	0.000000	0.000000	0.116983	0.000000	0.000000	0.000000	0.500000
134	tsk_134	(x)	1	:	0.000000	0.000000	0.000000	0.000000	0.000000	0.000000	0.000000	0.000000	0.000000	0.000000	0.000000	0.000000	0.000000	0.000000	1.000000
135	tsk_135	(x)	1	:	0.000000	0.000000	0.000000	0.000000	0.011023	0.000000	0.000000	0.310175	0.486674	0.000000	0.007716	0.000000	0.000000	0.184412	0.000000
136	tsk_136	(x)	1	:	0.495980	0.000000	0.000000	0.000000	0.000000	0.000000	0.000000	0.000000	0.003279	0.000000	0.000000	0.000000	0.000000	0.000000	0.500741
137	tsk_137	(x)	1	:	0.000000	0.000000	0.000000	0.000000	0.000000	0.000000	0.000000	0.000000	0.000000	0.000000	0.000000	0.000000	0.000000	0.500000	0.500000
138	tsk_138	(x)	1	:	0.000000	0.000000	0.000000	0.000000	0.294015	0.000000	0.000000	0.000000	0.491894	0.000000	0.214091	0.000000	0.000000	0.000000	0.000000
139	tsk_139	(x)	1	:	0.495773	0.000000	0.000000	0.000000	0.377685	0.000000	0.000000	0.000000	0.000000	0.000000	0.126542	0.000000	0.000000	0.000000	0.000000
140	tsk_140	(x)	1	:	0.000000	0.000000	0.000000	0.000000	0.000000	0.500000	0.000000	0.000000	0.000000	0.000000	0.000000	0.000000	0.000000	0.000000	0.500000
141	tsk_141	(x)	1	:	0.000000	0.000000	0.000000	0.000000	0.000684	0.000000	0.051128	0.000000	0.469637	0.000000	0.000875	0.000000	0.000000	0.477675	0.000000
142	tsk_142	(x)	1	:	0.000000	0.000000	0.000000	0.000000	0.000000	0.500000	0.000000	0.000000	0.000000	0.000000	0.000000	0.000000	0.000000	0.000000	0.500000
143	tsk_143	(x)	1	:	0.000000	0.000000	0.000000	0.000000	0.319344	0.000000	0.000000	0.000000	0.000000	0.000000	0.180656	0.000000	0.000000	0.000000	0.500000
144	tsk_144	(x)	1	:	0.000000	0.000000	0.000000	0.000000	0.000000	0.500000	0.000000	0.000000	0.000000	0.000000	0.000000	0.000000	0.000000	0.000000	0.500000
145	tsk_145	(x)	1	:	0.000000	0.000000	0.000000	0.000000	0.000000	0.509617	0.490383	0.000000	0.000000	0.000000	0.000000	0.000000	0.000000	0.000000	0.000000
146	tsk_146	(x)	1	:	0.000000	0.000000	0.000000	0.000000	0.000000	0.500000	0.000000	0.000000	0.000000	0.000000	0.000000	0.000000	0.000000	0.000000	0.500000
147	tsk_147	(x)	1	:	0.000000	0.000000	0.000000	0.000000	0.000000	0.000000	0.000000	0.000000	0.000000	0.000000	0.000000	0.000000	0.000000	1.000000	0.000000
148	tsk_148	(x)	1	:	0.000000	0.000000	0.000000	0.000000	0.000000	0.000000	0.000000	0.000000	0.000000	0.000000	0.000000	0.000000	0.000000	0.500000	0.500000
149	tsk_149	(x)	1	:	0.000000	0.000000	0.000000	0.000000	0.000000	1.000000	0.000000	0.000000	0.000000	0.000000	0.000000	0.000000	0.000000	0.000000	0.000000
