0	tsk_0	(x)	1	:	0.113853	0.000000	0.000000	0.383101	0.000000	0.000000	0.000000	0.009176	0.000000	0.493870
1	tsk_1	(x)	1	:	0.396145	0.000000	0.000000	0.603855	0.000000	0.000000	0.000000	0.000000	0.000000	0.000000
2	tsk_2	(x)	1	:	0.196522	0.000000	0.000000	0.803478	0.000000	0.000000	0.000000	0.000000	0.000000	0.000000
3	tsk_3	(x)	1	:	0.362263	0.000000	0.000000	0.137737	0.000000	0.000000	0.000000	0.000000	0.500000	0.000000
4	tsk_4	(x)	1	:	0.445844	0.000000	0.000000	0.554156	0.000000	0.000000	0.000000	0.000000	0.000000	0.000000
5	tsk_5	(x)	1	:	0.318268	0.446014	0.000000	0.235718	0.000000	0.000000	0.000000	0.000000	0.000000	0.000000
6	tsk_6	(x)	1	:	0.258173	0.000000	0.000000	0.241827	0.000000	0.000000	0.000000	0.000000	0.500000	0.000000
7	tsk_7	(x)	1	:	0.000002	0.479826	0.000000	0.000000	0.000000	0.000000	0.000048	0.000000	0.520124	0.000000
8	tsk_8	(x)	1	:	0.295177	0.000000	0.000000	0.704823	0.000000	0.000000	0.000000	0.000000	0.000000	0.000000
9	tsk_9	(x)	1	:	0.000000	0.000000	0.150715	0.000000	0.000000	0.000000	0.336249	0.513037	0.000000	0.000000
10	tsk_10	(x)	1	:	0.000478	0.000000	0.000000	0.001295	0.000000	0.497642	0.000000	0.005985	0.000000	0.494600
11	tsk_11	(x)	1	:	0.000000	0.000000	0.000000	0.000000	0.000000	0.000000	0.000000	0.000000	0.000000	1.000000
12	tsk_12	(x)	1	:	0.019592	0.446026	0.000000	0.031437	0.000000	0.000000	0.000000	0.008834	0.000000	0.494111
13	tsk_13	(x)	1	:	0.000000	0.000000	0.000000	0.000000	0.000000	0.000000	0.000000	0.000000	0.000000	1.000000
14	tsk_14	(x)	1	:	0.000000	0.000000	0.000000	0.000000	0.000000	0.000000	0.000000	0.000000	0.000000	1.000000
15	tsk_15	(x)	1	:	0.000841	0.000000	0.000000	0.000953	0.000000	0.497653	0.000000	0.005743	0.000000	0.494810
16	tsk_16	(x)	1	:	0.001520	0.000000	0.000000	0.002968	0.000000	0.497638	0.000000	0.497873	0.000000	0.000000
17	tsk_17	(x)	1	:	0.000000	0.000000	0.000000	0.000000	0.000000	0.000000	0.000000	0.000000	0.000000	1.000000
18	tsk_18	(x)	1	:	0.077475	0.000000	0.000000	0.419526	0.000000	0.000000	0.000000	0.009032	0.000000	0.493966
19	tsk_19	(x)	1	:	0.000000	0.000000	0.000000	0.000000	0.000000	0.000000	0.000000	0.499997	0.000000	0.500003
20	tsk_20	(x)	1	:	0.256292	0.000000	0.000000	0.245746	0.000000	0.497962	0.000000	0.000000	0.000000	0.000000
21	tsk_21	(x)	1	:	0.007176	0.000000	0.000000	0.009612	0.000000	0.000000	0.480889	0.007114	0.000000	0.495208
22	tsk_22	(x)	1	:	0.001229	0.000000	0.000000	0.002077	0.000000	0.000000	0.000002	0.497200	0.499492	0.000000
23	tsk_23	(x)	1	:	0.408553	0.000000	0.000000	0.591447	0.000000	0.000000	0.000000	0.000000	0.000000	0.000000
24	tsk_24	(x)	1	:	0.121113	0.000000	0.000000	0.378888	0.000000	0.000000	0.000000	0.499998	0.000000	0.000000
25	tsk_25	(x)	1	:	0.240553	0.000000	0.000000	0.259447	0.000000	0.000000	0.000001	0.000000	0.499999	0.000000
26	tsk_26	(x)	1	:	0.301981	0.000000	0.000000	0.245922	0.452097	0.000000	0.000000	0.000000	0.000000	0.000000
27	tsk_27	(x)	1	:	0.404241	0.000000	0.000000	0.143662	0.452097	0.000000	0.000000	0.000000	0.000000	0.000000
28	tsk_28	(x)	1	:	0.358083	0.000000	0.000000	0.141917	0.000000	0.000000	0.000000	0.000000	0.500000	0.000000
29	tsk_29	(x)	1	:	0.415437	0.000000	0.000000	0.084562	0.000000	0.000000	0.000003	0.000000	0.499997	0.000000
30	tsk_30	(x)	1	:	0.014448	0.000000	0.000000	0.005353	0.000000	0.000000	0.480776	0.499422	0.000000	0.000000
31	tsk_31	(x)	1	:	0.000244	0.000000	0.000000	0.000275	0.000000	0.000000	0.513140	0.486239	0.000102	0.000000
32	tsk_32	(x)	1	:	0.001837	0.493600	0.000000	0.006458	0.000000	0.000000	0.000000	0.498104	0.000000	0.000000
33	tsk_33	(x)	1	:	0.000349	0.000000	0.000000	0.000178	0.000000	0.000000	0.513142	0.486232	0.000099	0.000000
34	tsk_34	(x)	1	:	0.000000	0.000000	0.000000	0.000000	0.000000	0.000000	0.000000	1.000000	0.000000	0.000000
35	tsk_35	(x)	1	:	0.001911	0.000000	0.000000	0.001130	0.000000	0.000000	0.000000	0.497425	0.499534	0.000000
36	tsk_36	(x)	1	:	0.007774	0.000000	0.000000	0.012017	0.000000	0.000000	0.480778	0.499430	0.000000	0.000000
37	tsk_37	(x)	1	:	0.296389	0.000000	0.000000	0.203611	0.000000	0.000000	0.000001	0.000000	0.499999	0.000000
38	tsk_38	(x)	1	:	0.000000	0.000000	0.000000	0.000000	0.000000	0.000000	0.340505	0.000000	0.659495	0.000000
39	tsk_39	(x)	1	:	0.000000	0.000000	0.000000	0.000000	0.000000	0.000000	0.000000	0.000000	1.000000	0.000000
40	tsk_40	(x)	1	:	0.097266	0.000000	0.000000	0.402736	0.000000	0.000000	0.000000	0.499998	0.000000	0.000000
41	tsk_41	(x)	1	:	0.376816	0.000000	0.000000	0.123184	0.000000	0.000000	0.000001	0.000000	0.499999	0.000000
42	tsk_42	(x)	1	:	0.189092	0.446014	0.000000	0.364894	0.000000	0.000000	0.000000	0.000000	0.000000	0.000000
43	tsk_43	(x)	1	:	0.233739	0.446014	0.000000	0.320247	0.000000	0.000000	0.000000	0.000000	0.000000	0.000000
44	tsk_44	(x)	1	:	0.164357	0.000000	0.000000	0.335645	0.000000	0.000000	0.000000	0.499998	0.000000	0.000000
45	tsk_45	(x)	1	:	0.407816	0.000000	0.463589	0.075947	0.000000	0.000000	0.052648	0.000000	0.000000	0.000000
46	tsk_46	(x)	1	:	0.339433	0.000000	0.000000	0.660567	0.000000	0.000000	0.000000	0.000000	0.000000	0.000000
47	tsk_47	(x)	1	:	0.203166	0.446014	0.000000	0.350820	0.000000	0.000000	0.000000	0.000000	0.000000	0.000000
48	tsk_48	(x)	1	:	0.216379	0.000000	0.000000	0.283621	0.000000	0.000000	0.000001	0.000000	0.499999	0.000000
49	tsk_49	(x)	1	:	0.000000	0.465596	0.467327	0.000000	0.000000	0.000000	0.067076	0.000000	0.000000	0.000000
50	tsk_50	(x)	1	:	0.285602	0.000000	0.000000	0.214398	0.000000	0.000000	0.000002	0.000000	0.499998	0.000000
51	tsk_51	(x)	1	:	0.002518	0.000000	0.000000	0.001838	0.000000	0.497656	0.000000	0.497989	0.000000	0.000000
52	tsk_52	(x)	1	:	0.663678	0.000000	0.000000	0.336322	0.000000	0.000000	0.000000	0.000000	0.000000	0.000000
53	tsk_53	(x)	1	:	0.479099	0.000000	0.000000	0.520901	0.000000	0.000000	0.000000	0.000000	0.000000	0.000000
54	tsk_54	(x)	1	:	0.261815	0.000000	0.000000	0.738185	0.000000	0.000000	0.000000	0.000000	0.000000	0.000000
55	tsk_55	(x)	1	:	0.000000	0.000000	0.000000	0.000000	0.000000	1.000000	0.000000	0.000000	0.000000	0.000000
56	tsk_56	(x)	1	:	0.242418	0.000000	0.000000	0.259620	0.000000	0.497962	0.000000	0.000000	0.000000	0.000000
57	tsk_57	(x)	1	:	0.377068	0.000000	0.000000	0.622932	0.000000	0.000000	0.000000	0.000000	0.000000	0.000000
58	tsk_58	(x)	1	:	0.251264	0.000000	0.000000	0.248736	0.000000	0.000000	0.000001	0.000000	0.499999	0.000000
59	tsk_59	(x)	1	:	0.169428	0.000000	0.000000	0.327420	0.000000	0.000000	0.000000	0.009498	0.000000	0.493655
60	tsk_60	(x)	1	:	0.170920	0.000000	0.000000	0.326001	0.000000	0.000000	0.000000	0.009274	0.000000	0.493805
61	tsk_61	(x)	1	:	0.000000	0.000000	0.000000	0.000000	0.000000	0.000000	0.000000	0.000000	0.000000	1.000000
62	tsk_62	(x)	1	:	0.283809	0.000000	0.000000	0.716191	0.000000	0.000000	0.000000	0.000000	0.000000	0.000000
63	tsk_63	(x)	1	:	0.140409	0.000000	0.000000	0.859591	0.000000	0.000000	0.000000	0.000000	0.000000	0.000000
64	tsk_64	(x)	1	:	0.000012	0.000000	0.000000	0.000066	0.000000	0.000000	0.511952	0.002395	0.000109	0.485465
65	tsk_65	(x)	1	:	0.000000	0.000000	0.000000	0.000000	0.000000	0.000000	0.340505	0.000000	0.659495	0.000000
66	tsk_66	(x)	1	:	0.000000	0.506832	0.000000	0.000000	0.000000	0.000000	0.000000	0.000000	0.493168	0.000000
67	tsk_67	(x)	1	:	0.488496	0.000000	0.000000	0.511504	0.000000	0.000000	0.000000	0.000000	0.000000	0.000000
68	tsk_68	(x)	1	:	0.270487	0.000000	0.000000	0.226472	0.000000	0.000000	0.000000	0.009160	0.000000	0.493881
69	tsk_69	(x)	1	:	0.085789	0.000000	0.000000	0.411156	0.000000	0.000000	0.000000	0.009201	0.000000	0.493853
70	tsk_70	(x)	1	:	0.000000	0.000000	0.000000	0.000000	0.000000	0.000000	0.000000	0.000000	1.000000	0.000000
71	tsk_71	(x)	1	:	0.000000	0.506832	0.000000	0.000000	0.000000	0.000000	0.000000	0.000000	0.493168	0.000000
72	tsk_72	(x)	1	:	0.000000	0.000000	0.000000	0.000000	0.000000	0.000000	0.000000	0.000000	1.000000	0.000000
73	tsk_73	(x)	1	:	0.001362	0.000000	0.000000	0.001822	0.000000	0.000000	0.000004	0.497303	0.499509	0.000000
74	tsk_74	(x)	1	:	0.000000	0.506832	0.000000	0.000000	0.000000	0.000000	0.000000	0.000000	0.493168	0.000000
75	tsk_75	(x)	1	:	0.000000	0.000000	0.000000	0.000000	0.000000	0.511737	0.488263	0.000000	0.000000	0.000000
76	tsk_76	(x)	1	:	0.000000	0.000000	0.000000	0.000000	0.000000	0.000000	0.536594	0.000000	0.463406	0.000000
77	tsk_77	(x)	1	:	0.000000	0.000000	0.000000	0.000000	0.000000	0.000000	0.000000	0.000000	1.000000	0.000000
78	tsk_78	(x)	1	:	0.254128	0.000000	0.000000	0.245872	0.000000	0.000000	0.000001	0.000000	0.499999	0.000000
79	tsk_79	(x)	1	:	0.000717	0.000000	0.000000	0.000576	0.000000	0.000000	0.000002	0.004951	0.499371	0.494382
80	tsk_80	(x)	1	:	0.000626	0.000000	0.000000	0.001025	0.000000	0.497654	0.000000	0.006167	0.000000	0.494529
81	tsk_81	(x)	1	:	0.000727	0.000000	0.000000	0.000792	0.000000	0.497671	0.000000	0.006289	0.000000	0.494522
82	tsk_82	(x)	1	:	0.219013	0.000000	0.000000	0.328891	0.452097	0.000000	0.000000	0.000000	0.000000	0.000000
83	tsk_83	(x)	1	:	0.017379	0.000000	0.000000	0.027725	0.452085	0.000000	0.000000	0.008514	0.000000	0.494297
84	tsk_84	(x)	1	:	0.000000	0.000000	0.000000	0.000000	0.000000	0.505760	0.000413	0.000000	0.493828	0.000000
85	tsk_85	(x)	1	:	0.000000	0.000000	0.000000	0.000000	0.000000	0.000000	0.000000	0.000000	0.000000	1.000000
86	tsk_86	(x)	1	:	0.044975	0.000000	0.000000	0.005486	0.451611	0.497928	0.000000	0.000000	0.000000	0.000000
87	tsk_87	(x)	1	:	0.302983	0.000000	0.000000	0.199055	0.000000	0.497962	0.000000	0.000000	0.000000	0.000000
88	tsk_88	(x)	1	:	0.000535	0.000000	0.000000	0.000611	0.000000	0.000000	0.000002	0.005436	0.499369	0.494047
89	tsk_89	(x)	1	:	0.019646	0.446019	0.000000	0.031561	0.000000	0.000000	0.000000	0.008353	0.000000	0.494421
90	tsk_90	(x)	1	:	0.000000	0.000000	0.000000	0.000000	0.000000	0.000000	1.000000	0.000000	0.000000	0.000000
91	tsk_91	(x)	1	:	0.000000	1.000000	0.000000	0.000000	0.000000	0.000000	0.000000	0.000000	0.000000	0.000000
92	tsk_92	(x)	1	:	0.000000	0.000000	0.000000	0.000000	0.000000	0.000000	1.000000	0.000000	0.000000	0.000000
93	tsk_93	(x)	1	:	0.000000	0.000000	0.464337	0.000000	0.480760	0.000000	0.054902	0.000000	0.000000	0.000000
94	tsk_94	(x)	1	:	0.336371	0.000000	0.000000	0.147503	0.000000	0.000000	0.516043	0.000000	0.000083	0.000000
95	tsk_95	(x)	1	:	0.046155	0.000000	0.000000	0.021403	0.451593	0.000000	0.480850	0.000000	0.000000	0.000000
96	tsk_96	(x)	1	:	0.000000	0.521487	0.000000	0.000000	0.000000	0.000000	0.478513	0.000000	0.000000	0.000000
97	tsk_97	(x)	1	:	0.043879	0.000000	0.000000	0.004546	0.451615	0.000000	0.000002	0.000000	0.499958	0.000000
98	tsk_98	(x)	1	:	0.000000	0.484144	0.000000	0.000000	0.515856	0.000000	0.000000	0.000000	0.000000	0.000000
99	tsk_99	(x)	1	:	0.042959	0.000000	0.000000	0.024602	0.451590	0.000000	0.480849	0.000000	0.000000	0.000000
100	tsk_100	(x)	1	:	0.350243	0.000000	0.000000	0.336956	0.312801	0.000000	0.000000	0.000000	0.000000	0.000000
101	tsk_101	(x)	1	:	0.185024	0.000000	0.000000	0.311822	0.000000	0.000000	0.000000	0.009500	0.000000	0.493653
102	tsk_102	(x)	1	:	0.335716	0.000000	0.000000	0.166321	0.000000	0.497962	0.000000	0.000000	0.000000	0.000000
103	tsk_103	(x)	1	:	0.000000	0.000000	0.000000	0.000000	0.000000	0.505533	0.001615	0.000000	0.492852	0.000000
104	tsk_104	(x)	1	:	0.304658	0.000000	0.000000	0.214443	0.000000	0.000000	0.480899	0.000000	0.000000	0.000000
105	tsk_105	(x)	1	:	0.197702	0.000000	0.000000	0.304336	0.000000	0.497962	0.000000	0.000000	0.000000	0.000000
106	tsk_106	(x)	1	:	0.264850	0.000000	0.000000	0.254251	0.000000	0.000000	0.480899	0.000000	0.000000	0.000000
107	tsk_107	(x)	1	:	0.258555	0.000000	0.000000	0.260546	0.000000	0.000000	0.480899	0.000000	0.000000	0.000000
108	tsk_108	(x)	1	:	0.006278	0.000000	0.000000	0.009973	0.000000	0.000000	0.480926	0.008299	0.000000	0.494525
109	tsk_109	(x)	1	:	0.029738	0.000000	0.000000	0.014506	0.452531	0.000000	0.000000	0.009331	0.000000	0.493896
110	tsk_110	(x)	1	:	0.000000	1.000000	0.000000	0.000000	0.000000	0.000000	0.000000	0.000000	0.000000	0.000000
111	tsk_111	(x)	1	:	0.344961	0.000000	0.000000	0.655039	0.000000	0.000000	0.000000	0.000000	0.000000	0.000000
112	tsk_112	(x)	1	:	0.000000	0.000000	0.000000	0.000000	0.000000	0.000000	0.000000	0.000000	1.000000	0.000000
113	tsk_113	(x)	1	:	0.187856	0.000000	0.000000	0.312144	0.000000	0.000000	0.000000	0.000000	0.500000	0.000000
114	tsk_114	(x)	1	:	0.233644	0.000000	0.000000	0.266356	0.000000	0.000000	0.000000	0.000000	0.500000	0.000000
115	tsk_115	(x)	1	:	0.304190	0.000000	0.000000	0.695809	0.000000	0.000000	0.000000	0.000000	0.000000	0.000000
116	tsk_116	(x)	1	:	0.221741	0.517727	0.000000	0.260531	0.000000	0.000000	0.000000	0.000000	0.000000	0.000000
117	tsk_117	(x)	1	:	0.084702	0.517727	0.000000	0.397571	0.000000	0.000000	0.000000	0.000000	0.000000	0.000000
118	tsk_118	(x)	1	:	0.094624	0.000000	0.000000	0.405375	0.000000	0.000000	0.000003	0.000000	0.499998	0.000000
119	tsk_119	(x)	1	:	0.561985	0.000000	0.000000	0.438015	0.000000	0.000000	0.000000	0.000000	0.000000	0.000000
120	tsk_120	(x)	1	:	0.000000	0.000000	0.000000	0.000000	0.000000	0.505535	0.001606	0.000000	0.492859	0.000000
121	tsk_121	(x)	1	:	0.000000	0.000000	0.000000	0.000000	0.000000	0.511737	0.488263	0.000000	0.000000	0.000000
122	tsk_122	(x)	1	:	0.000000	0.000000	0.000000	0.000000	0.000000	1.000000	0.000000	0.000000	0.000000	0.000000
123	tsk_123	(x)	1	:	0.000375	0.000000	0.000000	0.001239	0.000000	0.497663	0.000000	0.006135	0.000000	0.494588
124	tsk_124	(x)	1	:	0.000000	0.000000	0.000000	0.000000	0.000000	0.000000	0.000000	0.000000	1.000000	0.000000
125	tsk_125	(x)	1	:	0.000000	0.000000	0.000000	0.000000	0.000000	0.000000	0.000000	0.000000	1.000000	0.000000
126	tsk_126	(x)	1	:	0.377674	0.000000	0.000000	0.622326	0.000000	0.000000	0.000000	0.000000	0.000000	0.000000
127	tsk_127	(x)	1	:	0.000000	0.000000	0.000000	0.000000	0.000000	0.000000	0.000000	0.000000	1.000000	0.000000
128	tsk_128	(x)	1	:	0.332753	0.000000	0.000000	0.186348	0.000000	0.000000	0.480899	0.000000	0.000000	0.000000
129	tsk_129	(x)	1	:	0.000000	0.000000	0.000000	0.000000	0.000000	0.505703	0.000713	0.000000	0.493584	0.000000
130	tsk_130	(x)	1	:	0.086734	0.000000	0.000000	0.413268	0.000000	0.000000	0.000000	0.499998	0.000000	0.000000
131	tsk_131	(x)	1	:	0.241389	0.000000	0.000000	0.258613	0.000000	0.000000	0.000000	0.499998	0.000000	0.000000
132	tsk_132	(x)	1	:	0.000000	0.000000	0.000000	0.000000	0.000000	0.000000	0.927655	0.000000	0.072345	0.000000
133	tsk_133	(x)	1	:	0.281127	0.000000	0.000000	0.218873	0.000000	0.000000	0.000001	0.000000	0.499999	0.000000
134	tsk_134	(x)	1	:	0.000143	0.000000	0.000000	0.000329	0.000000	0.000000	0.513151	0.486278	0.000100	0.000000
135	tsk_135	(x)	1	:	0.000000	0.000000	0.000000	0.000000	0.000000	0.000000	0.000000	1.000000	0.000000	0.000000
136	tsk_136	(x)	1	:	0.104907	0.000000	0.000000	0.395095	0.000000	0.000000	0.000000	0.499998	0.000000	0.000000
137	tsk_137	(x)	1	:	0.000503	0.000000	0.000000	0.000040	0.000000	0.000000	0.513139	0.486219	0.000099	0.000000
138	tsk_138	(x)	1	:	0.000000	0.000000	0.000000	0.000000	0.000000	0.000000	0.000000	1.000000	0.000000	0.000000
139	tsk_139	(x)	1	:	0.130022	0.000000	0.000000	0.369980	0.000000	0.000000	0.000000	0.499998	0.000000	0.000000
140	tsk_140	(x)	1	:	0.000000	0.506832	0.000000	0.000000	0.000000	0.000000	0.000000	0.000000	0.493168	0.000000
141	tsk_141	(x)	1	:	0.000000	0.000000	0.463814	0.000000	0.000000	0.000000	0.049447	0.486739	0.000000	0.000000
142	tsk_142	(x)	1	:	0.000000	0.000000	0.463814	0.000000	0.000000	0.000000	0.049447	0.486739	0.000000	0.000000
143	tsk_143	(x)	1	:	0.162377	0.000000	0.000000	0.337625	0.000000	0.000000	0.000000	0.499998	0.000000	0.000000
144	tsk_144	(x)	1	:	0.000000	0.496212	0.463449	0.000000	0.000000	0.000000	0.040339	0.000000	0.000000	0.000000
145	tsk_145	(x)	1	:	0.235213	0.000000	0.529575	0.235213	0.000000	0.000000	0.000000	0.000000	0.000000	0.000000
146	tsk_146	(x)	1	:	0.106180	0.000000	0.000000	0.893820	0.000000	0.000000	0.000000	0.000000	0.000000	0.000000
147	tsk_147	(x)	1	:	0.298968	0.517727	0.000000	0.183304	0.000000	0.000000	0.000000	0.000000	0.000000	0.000000
148	tsk_148	(x)	1	:	0.000000	0.496212	0.463449	0.000000	0.000000	0.000000	0.040339	0.000000	0.000000	0.000000
149	tsk_149	(x)	1	:	0.235213	0.000000	0.529575	0.235213	0.000000	0.000000	0.000000	0.000000	0.000000	0.000000
