logL = -1043.102706 (converged)
AIC = 4558.205412
BIC = 8279.350635

count.K
21 72 11 3 4 19 20 

