logL = -2794.670435 (converged)
AIC = 8649.340870
BIC = 13255.612870

count.K
6 17 65 17 8 23 8 6 

