logL = -1421.601924 (converged)
AIC = 7863.203848
BIC = 15419.898436

count.K
8 10 11 32 5 13 28 26 0 2 6 0 8 1 

