0	tsk_0	(x)	1	:	0.000000	0.000000	0.000000	0.000000	0.000000	0.000000	0.000000	0.000000	0.000000	0.000000	1.000000
1	tsk_1	(x)	1	:	0.000000	0.000000	0.000000	0.000000	0.000000	0.000000	0.000000	0.000000	0.000000	0.000000	1.000000
2	tsk_2	(x)	1	:	0.000000	0.000000	0.000000	0.000000	0.000000	0.000000	0.000000	0.000000	0.000000	0.000000	1.000000
3	tsk_3	(x)	1	:	0.000000	0.000003	0.000000	0.495994	0.000000	0.000000	0.000000	0.000000	0.000000	0.504003	0.000000
4	tsk_4	(x)	1	:	0.000000	0.000003	0.000000	0.999997	0.000000	0.000000	0.000000	0.000000	0.000000	0.000000	0.000000
5	tsk_5	(x)	1	:	0.000000	0.000000	0.000000	0.000000	0.458208	0.000000	0.000000	0.000000	0.000000	0.000000	0.541792
6	tsk_6	(x)	1	:	0.000000	0.000000	0.000000	0.000000	0.000000	0.000000	0.000000	0.000000	0.000000	0.000000	1.000000
7	tsk_7	(x)	1	:	0.000000	0.000000	0.000000	0.000000	0.000000	0.000000	0.000000	0.000000	0.000000	0.000000	1.000000
8	tsk_8	(x)	1	:	0.000000	0.000000	0.000000	0.000000	0.458208	0.000000	0.000000	0.000000	0.000000	0.000000	0.541792
9	tsk_9	(x)	1	:	0.000000	0.000000	0.000000	0.000000	0.000000	0.000000	0.000000	0.000000	0.000000	0.000000	1.000000
10	tsk_10	(x)	1	:	0.000000	0.000000	0.000000	0.000000	0.000000	0.000000	0.000000	0.449810	0.000000	0.550190	0.000000
11	tsk_11	(x)	1	:	0.000000	0.000000	0.000000	0.000000	1.000000	0.000000	0.000000	0.000000	0.000000	0.000000	0.000000
12	tsk_12	(x)	1	:	0.000000	0.000000	0.000000	0.000000	1.000000	0.000000	0.000000	0.000000	0.000000	0.000000	0.000000
13	tsk_13	(x)	1	:	0.000000	0.000000	0.000000	0.002591	0.494150	0.000007	0.329773	0.000000	0.000000	0.173480	0.000000
14	tsk_14	(x)	1	:	0.000000	0.000001	0.000000	0.495900	0.000000	0.000000	0.000000	0.449618	0.000000	0.054480	0.000000
15	tsk_15	(x)	1	:	0.000000	0.000000	0.000000	0.000902	0.494900	0.000000	0.000000	0.000000	0.000000	0.504198	0.000000
16	tsk_16	(x)	1	:	0.000000	0.000000	0.000000	0.000000	0.000000	0.000000	0.000000	0.000000	0.000000	1.000000	0.000000
17	tsk_17	(x)	1	:	0.000000	0.000001	0.000000	0.495873	0.000000	0.000000	0.000000	0.449564	0.000000	0.054561	0.000000
18	tsk_18	(x)	1	:	0.000000	0.000000	0.000000	0.000000	0.000000	0.000012	0.329760	0.000000	0.000000	0.670228	0.000000
19	tsk_19	(x)	1	:	0.000000	0.000000	0.000000	0.000000	1.000000	0.000000	0.000000	0.000000	0.000000	0.000000	0.000000
20	tsk_20	(x)	1	:	0.000000	0.000002	0.000000	0.474679	0.000000	0.000000	0.525319	0.000000	0.000000	0.000000	0.000000
21	tsk_21	(x)	1	:	0.000000	0.000000	0.000000	0.002020	0.494828	0.501914	0.000000	0.000000	0.000000	0.001238	0.000000
22	tsk_22	(x)	1	:	0.000000	0.000000	0.518555	0.000000	0.481445	0.000000	0.000000	0.000000	0.000000	0.000000	0.000000
23	tsk_23	(x)	1	:	0.000000	0.000000	1.000000	0.000000	0.000000	0.000000	0.000000	0.000000	0.000000	0.000000	0.000000
24	tsk_24	(x)	1	:	0.000000	0.000000	0.000000	0.000000	0.000000	1.000000	0.000000	0.000000	0.000000	0.000000	0.000000
25	tsk_25	(x)	1	:	0.000000	0.000000	0.495809	0.000499	0.001808	0.000000	0.000000	0.000000	0.000000	0.501884	0.000000
26	tsk_26	(x)	1	:	0.000000	0.000001	0.000000	0.495983	0.000000	0.000010	0.329729	0.000000	0.000000	0.174277	0.000000
27	tsk_27	(x)	1	:	0.000000	0.000000	0.000000	0.000000	0.000000	0.000000	0.581776	0.000000	0.000000	0.418224	0.000000
28	tsk_28	(x)	1	:	0.000000	0.000000	0.522686	0.000000	0.000000	0.000000	0.000000	0.000000	0.000000	0.477314	0.000000
29	tsk_29	(x)	1	:	0.000000	0.000000	0.000000	0.001445	0.495072	0.501864	0.000000	0.000000	0.000000	0.001619	0.000000
30	tsk_30	(x)	1	:	0.000000	0.000000	0.000000	0.000005	0.534826	0.000000	0.000000	0.000000	0.465169	0.000000	0.000000
31	tsk_31	(x)	1	:	0.000000	0.000000	0.495401	0.001471	0.001189	0.000000	0.000000	0.000000	0.501939	0.000000	0.000000
32	tsk_32	(x)	1	:	0.000000	0.000000	0.000000	0.000000	0.000000	0.000000	0.000000	0.000000	0.000000	1.000000	0.000000
33	tsk_33	(x)	1	:	0.000000	0.000000	0.000000	0.000000	0.000000	0.000000	0.697592	0.000000	0.000000	0.302408	0.000000
34	tsk_34	(x)	1	:	0.000000	0.000000	0.000000	0.000000	0.000000	0.000000	0.697592	0.000000	0.000000	0.302408	0.000000
35	tsk_35	(x)	1	:	0.000000	0.000000	0.495233	0.001447	0.001389	0.000000	0.000000	0.000000	0.501931	0.000000	0.000000
36	tsk_36	(x)	1	:	0.000000	0.000000	0.000000	0.000000	0.000000	0.000000	0.585624	0.000000	0.414376	0.000000	0.000000
37	tsk_37	(x)	1	:	0.000000	0.000000	0.000000	0.553790	0.000000	0.000000	0.000000	0.000000	0.000000	0.446210	0.000000
38	tsk_38	(x)	1	:	0.000000	0.000000	0.000000	0.000819	0.000000	0.000000	0.000000	0.000000	0.499341	0.499839	0.000000
39	tsk_39	(x)	1	:	0.000000	0.000000	0.000000	0.000000	0.000000	0.000000	0.000000	0.000000	1.000000	0.000000	0.000000
40	tsk_40	(x)	1	:	0.000000	0.000000	0.000000	0.000000	0.000000	0.000000	0.000000	0.000000	0.000000	1.000000	0.000000
41	tsk_41	(x)	1	:	0.000000	0.000000	0.000000	0.000000	0.000000	0.000000	0.000000	0.000000	0.000000	1.000000	0.000000
42	tsk_42	(x)	1	:	0.000000	0.000000	0.000000	0.000782	0.000000	0.000005	0.329770	0.000000	0.499370	0.170073	0.000000
43	tsk_43	(x)	1	:	0.000000	0.000000	0.000000	0.000351	0.000105	0.000000	0.000000	0.000000	0.000000	0.499780	0.499764
44	tsk_44	(x)	1	:	0.480985	0.000000	0.000000	0.000006	0.000000	0.000000	0.519009	0.000000	0.000000	0.000000	0.000000
45	tsk_45	(x)	1	:	0.000000	0.000001	0.000000	0.483997	0.000000	0.000000	0.000000	0.000000	0.516002	0.000000	0.000000
46	tsk_46	(x)	1	:	0.000000	0.000001	0.000000	0.495984	0.000000	0.000013	0.329727	0.000000	0.000000	0.174276	0.000000
47	tsk_47	(x)	1	:	0.000000	0.000000	0.000000	0.001030	0.000000	0.000004	0.329775	0.000000	0.499171	0.170020	0.000000
48	tsk_48	(x)	1	:	0.000000	0.000001	0.000000	0.495995	0.000000	0.000000	0.000000	0.181834	0.000000	0.322170	0.000000
49	tsk_49	(x)	1	:	0.000000	0.000000	0.000000	0.000000	0.000000	0.000000	0.329768	0.000000	0.000000	0.670232	0.000000
50	tsk_50	(x)	1	:	0.000000	0.000000	0.000000	0.000000	0.523825	0.000000	0.000000	0.000000	0.000000	0.476175	0.000000
51	tsk_51	(x)	1	:	0.000000	0.000002	0.000000	0.999998	0.000000	0.000000	0.000000	0.000000	0.000000	0.000000	0.000000
52	tsk_52	(x)	1	:	0.000000	0.000003	0.000000	0.495994	0.000000	0.000000	0.000000	0.000000	0.000000	0.504003	0.000000
53	tsk_53	(x)	1	:	0.000000	0.000001	0.000000	0.505252	0.494747	0.000000	0.000000	0.000000	0.000000	0.000000	0.000000
54	tsk_54	(x)	1	:	0.000000	0.000001	0.000000	0.495996	0.000000	0.000000	0.000000	0.000000	0.000000	0.504003	0.000000
55	tsk_55	(x)	1	:	0.000000	0.000000	0.000000	0.000000	0.484199	0.000000	0.515801	0.000000	0.000000	0.000000	0.000000
56	tsk_56	(x)	1	:	0.000000	0.000000	0.000000	0.495996	0.000000	0.000000	0.000000	0.000000	0.000000	0.504003	0.000000
57	tsk_57	(x)	1	:	0.000000	0.000000	0.000000	0.000000	0.000000	0.000000	0.581776	0.000000	0.000000	0.418224	0.000000
58	tsk_58	(x)	1	:	0.000000	0.000001	0.000000	0.495981	0.000000	0.000007	0.329726	0.000000	0.000000	0.174286	0.000000
59	tsk_59	(x)	1	:	0.000000	0.000000	0.000000	0.474681	0.000000	0.000000	0.525319	0.000000	0.000000	0.000000	0.000000
60	tsk_60	(x)	1	:	0.000000	0.000000	0.000000	0.471708	0.000000	0.000000	0.000000	0.528292	0.000000	0.000000	0.000000
61	tsk_61	(x)	1	:	0.000000	0.000000	0.000000	0.553781	0.000000	0.000029	0.329717	0.000000	0.000000	0.116473	0.000000
62	tsk_62	(x)	1	:	0.000000	0.000000	0.000000	0.000845	0.000000	0.000006	0.329770	0.000000	0.499319	0.170060	0.000000
63	tsk_63	(x)	1	:	0.000000	0.000000	0.000000	0.000000	0.000000	0.073817	0.859566	0.000000	0.000000	0.066617	0.000000
64	tsk_64	(x)	1	:	0.000000	0.000000	0.000000	0.000000	0.000000	0.000000	0.000000	0.000000	0.000000	1.000000	0.000000
65	tsk_65	(x)	1	:	0.000000	0.000000	0.000000	0.000000	0.000000	0.511854	0.000000	0.461293	0.000000	0.026853	0.000000
66	tsk_66	(x)	1	:	0.499885	0.000000	0.000000	0.000139	0.000000	0.000012	0.329753	0.000000	0.000000	0.170211	0.000000
67	tsk_67	(x)	1	:	0.000000	0.000000	0.000000	0.000000	0.000000	0.000000	0.000000	1.000000	0.000000	0.000000	0.000000
68	tsk_68	(x)	1	:	0.000000	0.000000	0.000000	0.000000	0.000000	0.000011	0.329762	0.000000	0.000000	0.670227	0.000000
69	tsk_69	(x)	1	:	0.000000	0.000000	0.000000	0.000000	0.000000	0.000000	0.000000	0.449811	0.000000	0.550189	0.000000
70	tsk_70	(x)	1	:	0.000000	0.000000	0.000000	0.551570	0.448430	0.000000	0.000000	0.000000	0.000000	0.000000	0.000000
71	tsk_71	(x)	1	:	0.000000	0.000000	0.000000	0.000000	0.523823	0.000009	0.329753	0.000000	0.000000	0.146415	0.000000
72	tsk_72	(x)	1	:	0.000000	0.000000	0.000000	0.000001	0.484199	0.000000	0.515800	0.000000	0.000000	0.000000	0.000000
73	tsk_73	(x)	1	:	0.000071	0.455250	0.000000	0.000000	0.544679	0.000000	0.000000	0.000000	0.000000	0.000000	0.000000
74	tsk_74	(x)	1	:	0.000000	0.000000	0.000000	0.000000	0.000000	0.000000	0.000000	0.000000	1.000000	0.000000	0.000000
75	tsk_75	(x)	1	:	0.000000	0.000000	0.000000	0.000000	1.000000	0.000000	0.000000	0.000000	0.000000	0.000000	0.000000
76	tsk_76	(x)	1	:	0.000000	0.000001	0.000000	0.484005	0.000000	0.000000	0.000000	0.000000	0.515994	0.000000	0.000000
77	tsk_77	(x)	1	:	0.000000	0.000000	0.000000	0.502604	0.497396	0.000000	0.000000	0.000000	0.000000	0.000000	0.000000
78	tsk_78	(x)	1	:	0.000000	0.000000	0.000000	0.000000	1.000000	0.000000	0.000000	0.000000	0.000000	0.000000	0.000000
79	tsk_79	(x)	1	:	0.000000	0.000000	0.000000	0.000000	0.000000	0.000000	1.000000	0.000000	0.000000	0.000000	0.000000
80	tsk_80	(x)	1	:	0.000000	0.000000	0.000000	0.000000	0.000000	0.000000	0.000000	0.183749	0.000000	0.816251	0.000000
81	tsk_81	(x)	1	:	0.000000	0.000001	0.000000	0.495996	0.000000	0.000000	0.000000	0.000000	0.000000	0.504003	0.000000
82	tsk_82	(x)	1	:	0.000000	0.000001	0.000000	0.495995	0.000000	0.000000	0.000000	0.000000	0.000000	0.504003	0.000000
83	tsk_83	(x)	1	:	0.000000	0.000000	0.000000	0.002705	0.494099	0.000000	0.000000	0.000000	0.000000	0.503195	0.000000
84	tsk_84	(x)	1	:	0.000000	0.000000	0.000000	0.000000	0.000000	0.000000	0.000000	0.000000	0.000000	1.000000	0.000000
85	tsk_85	(x)	1	:	0.000000	0.000000	0.000000	0.000000	0.000000	0.000000	0.000002	0.183748	0.000000	0.816250	0.000000
86	tsk_86	(x)	1	:	0.000000	0.000000	0.000000	0.000000	0.000000	0.500000	0.000000	0.000000	0.000000	0.500000	0.000000
87	tsk_87	(x)	1	:	0.499916	0.000000	0.000000	0.000103	0.000000	0.000000	0.000000	0.000000	0.000002	0.499979	0.000000
88	tsk_88	(x)	1	:	0.000000	0.000000	0.000000	0.000000	0.000000	0.000000	0.000000	0.183749	0.000000	0.816251	0.000000
89	tsk_89	(x)	1	:	0.000000	0.000000	0.000000	0.002506	0.494188	0.000000	0.000000	0.000000	0.000000	0.503306	0.000000
90	tsk_90	(x)	1	:	0.499916	0.000000	0.000000	0.000104	0.000000	0.000000	0.000000	0.000000	0.000000	0.499980	0.000000
91	tsk_91	(x)	1	:	0.516024	0.000001	0.000000	0.483976	0.000000	0.000000	0.000000	0.000000	0.000000	0.000000	0.000000
92	tsk_92	(x)	1	:	0.506915	0.000000	0.000000	0.000156	0.492928	0.000000	0.000000	0.000000	0.000000	0.000000	0.000000
93	tsk_93	(x)	1	:	0.499910	0.000000	0.000000	0.000111	0.000000	0.000000	0.000000	0.000000	0.000000	0.499978	0.000000
94	tsk_94	(x)	1	:	0.514583	0.000000	0.000000	0.000000	0.000000	0.000000	0.000000	0.485417	0.000000	0.000000	0.000000
95	tsk_95	(x)	1	:	0.000000	0.000000	0.000000	0.000000	0.000000	0.000000	0.581776	0.000000	0.000000	0.418224	0.000000
96	tsk_96	(x)	1	:	0.000000	0.000001	0.000000	0.497302	0.000177	0.000000	0.000000	0.000000	0.000000	0.000000	0.502520
97	tsk_97	(x)	1	:	0.515996	0.000001	0.000000	0.484003	0.000000	0.000000	0.000000	0.000000	0.000000	0.000000	0.000000
98	tsk_98	(x)	1	:	0.000000	0.000002	0.000000	0.999998	0.000000	0.000000	0.000000	0.000000	0.000000	0.000000	0.000000
99	tsk_99	(x)	1	:	0.000002	0.000001	0.000000	0.495994	0.000000	0.000000	0.000000	0.000000	0.000000	0.504003	0.000000
100	tsk_100	(x)	1	:	0.000002	0.999998	0.000000	0.000000	0.000000	0.000000	0.000000	0.000000	0.000000	0.000000	0.000000
101	tsk_101	(x)	1	:	0.000000	0.000001	0.000000	0.458896	0.541103	0.000000	0.000000	0.000000	0.000000	0.000000	0.000000
102	tsk_102	(x)	1	:	0.000000	0.000000	0.000000	0.000000	0.000000	0.000000	0.000000	0.000000	1.000000	0.000000	0.000000
103	tsk_103	(x)	1	:	0.000000	0.000000	0.000000	0.002048	0.492618	0.000000	0.000000	0.000000	0.505334	0.000000	0.000000
104	tsk_104	(x)	1	:	0.000002	0.999998	0.000000	0.000000	0.000000	0.000000	0.000000	0.000000	0.000000	0.000000	0.000000
105	tsk_105	(x)	1	:	0.000000	0.000000	0.000000	0.000000	0.000000	0.000000	0.000000	0.000000	0.000000	1.000000	0.000000
106	tsk_106	(x)	1	:	0.000000	0.000000	0.000000	0.001332	0.000000	0.000000	0.000000	0.000000	0.498929	0.499739	0.000000
107	tsk_107	(x)	1	:	0.000000	0.000007	0.000000	0.999993	0.000000	0.000000	0.000000	0.000000	0.000000	0.000000	0.000000
108	tsk_108	(x)	1	:	0.000000	0.000000	0.000000	0.484009	0.000000	0.000000	0.000000	0.000000	0.515991	0.000000	0.000000
109	tsk_109	(x)	1	:	0.499947	0.000000	0.000000	0.000065	0.000000	0.000000	0.000000	0.000000	0.000000	0.499987	0.000000
110	tsk_110	(x)	1	:	0.000000	0.000000	0.000000	0.505260	0.494740	0.000000	0.000000	0.000000	0.000000	0.000000	0.000000
111	tsk_111	(x)	1	:	0.000000	0.000003	0.000000	0.505250	0.494747	0.000000	0.000000	0.000000	0.000000	0.000000	0.000000
112	tsk_112	(x)	1	:	0.000000	0.000001	0.000000	0.505252	0.494747	0.000000	0.000000	0.000000	0.000000	0.000000	0.000000
113	tsk_113	(x)	1	:	0.000000	0.000005	0.000000	0.999995	0.000000	0.000000	0.000000	0.000000	0.000000	0.000000	0.000000
114	tsk_114	(x)	1	:	0.499891	0.000000	0.000000	0.000135	0.000000	0.000000	0.000000	0.000000	0.000000	0.499974	0.000000
115	tsk_115	(x)	1	:	0.516002	0.000001	0.000000	0.483996	0.000000	0.000000	0.000000	0.000000	0.000000	0.000000	0.000000
116	tsk_116	(x)	1	:	0.000000	0.000002	0.000000	0.505251	0.494747	0.000000	0.000000	0.000000	0.000000	0.000000	0.000000
117	tsk_117	(x)	1	:	0.000000	0.000000	0.000000	0.483903	0.000000	0.000000	0.000000	0.000000	0.516097	0.000000	0.000000
118	tsk_118	(x)	1	:	0.000000	0.000001	0.000000	0.999999	0.000000	0.000000	0.000000	0.000000	0.000000	0.000000	0.000000
119	tsk_119	(x)	1	:	0.000000	0.000001	0.000000	0.505252	0.494747	0.000000	0.000000	0.000000	0.000000	0.000000	0.000000
120	tsk_120	(x)	1	:	0.000000	0.000000	0.000000	0.002139	0.492603	0.000000	0.000000	0.000000	0.505258	0.000000	0.000000
121	tsk_121	(x)	1	:	0.000000	0.000000	0.000000	0.000000	1.000000	0.000000	0.000000	0.000000	0.000000	0.000000	0.000000
122	tsk_122	(x)	1	:	0.000000	0.000000	0.000000	0.000000	1.000000	0.000000	0.000000	0.000000	0.000000	0.000000	0.000000
123	tsk_123	(x)	1	:	0.000000	0.000001	0.000000	0.505252	0.494747	0.000000	0.000000	0.000000	0.000000	0.000000	0.000000
124	tsk_124	(x)	1	:	0.000000	0.000002	0.000000	0.505251	0.494747	0.000000	0.000000	0.000000	0.000000	0.000000	0.000000
125	tsk_125	(x)	1	:	0.000000	0.000000	0.000000	0.000000	1.000000	0.000000	0.000000	0.000000	0.000000	0.000000	0.000000
126	tsk_126	(x)	1	:	0.000000	0.000000	0.000000	0.000000	1.000000	0.000000	0.000000	0.000000	0.000000	0.000000	0.000000
127	tsk_127	(x)	1	:	0.000000	0.000001	0.000000	0.495861	0.000000	0.000000	0.000000	0.449541	0.000000	0.054597	0.000000
128	tsk_128	(x)	1	:	0.000000	0.000000	0.000000	0.001849	0.492650	0.000000	0.000000	0.000000	0.505500	0.000000	0.000000
129	tsk_129	(x)	1	:	0.000000	0.000000	0.000000	0.001830	0.492654	0.000000	0.000000	0.000000	0.505516	0.000000	0.000000
130	tsk_130	(x)	1	:	0.000000	0.000000	0.495772	0.000543	0.001829	0.000000	0.000000	0.000000	0.000000	0.501855	0.000000
131	tsk_131	(x)	1	:	0.503088	0.000000	0.495375	0.000094	0.001444	0.000000	0.000000	0.000000	0.000000	0.000000	0.000000
132	tsk_132	(x)	1	:	0.000000	0.000000	0.000000	0.000000	0.000000	0.000000	0.000000	0.000000	0.000000	1.000000	0.000000
133	tsk_133	(x)	1	:	0.000000	0.000000	0.000000	0.000000	0.000000	0.000000	0.000000	0.000000	0.000000	1.000000	0.000000
134	tsk_134	(x)	1	:	0.000000	0.000000	0.000000	0.000000	0.000000	0.000000	0.000000	0.000000	0.000000	1.000000	0.000000
135	tsk_135	(x)	1	:	0.000000	0.000000	0.000000	0.000000	0.000000	0.000000	0.000000	0.000000	0.000000	1.000000	0.000000
136	tsk_136	(x)	1	:	0.000000	0.000000	0.495760	0.000556	0.001838	0.000000	0.000000	0.000000	0.000000	0.501846	0.000000
137	tsk_137	(x)	1	:	0.000000	0.000000	0.000000	0.000000	0.000000	0.072274	0.858927	0.000000	0.000000	0.068800	0.000000
138	tsk_138	(x)	1	:	0.000000	0.000000	0.495978	0.000607	0.001573	0.000000	0.000000	0.000000	0.000000	0.501841	0.000000
139	tsk_139	(x)	1	:	0.499906	0.000000	0.000000	0.000116	0.000000	0.000000	0.000000	0.000000	0.000000	0.499977	0.000000
140	tsk_140	(x)	1	:	0.000000	0.000001	0.000000	0.999998	0.000000	0.000000	0.000000	0.000000	0.000000	0.000000	0.000000
141	tsk_141	(x)	1	:	0.000000	0.000007	0.000000	0.999993	0.000000	0.000000	0.000000	0.000000	0.000000	0.000000	0.000000
142	tsk_142	(x)	1	:	0.000000	0.000002	0.000000	0.505251	0.494747	0.000000	0.000000	0.000000	0.000000	0.000000	0.000000
143	tsk_143	(x)	1	:	0.000000	0.000000	0.000000	0.003006	0.492461	0.000000	0.000000	0.000000	0.504533	0.000000	0.000000
144	tsk_144	(x)	1	:	0.000000	0.000003	0.000000	0.495800	0.000000	0.000000	0.000000	0.449420	0.000000	0.054777	0.000000
145	tsk_145	(x)	1	:	0.000000	0.000001	0.000000	0.999999	0.000000	0.000000	0.000000	0.000000	0.000000	0.000000	0.000000
146	tsk_146	(x)	1	:	0.000000	0.000005	0.000000	0.999995	0.000000	0.000000	0.000000	0.000000	0.000000	0.000000	0.000000
147	tsk_147	(x)	1	:	0.000000	0.000001	0.000000	0.495995	0.000000	0.000000	0.000000	0.000000	0.000000	0.504003	0.000000
148	tsk_148	(x)	1	:	0.000000	0.000003	0.000000	0.495743	0.000000	0.000000	0.000000	0.449306	0.000000	0.054948	0.000000
149	tsk_149	(x)	1	:	0.000000	0.000003	0.000000	0.999997	0.000000	0.000000	0.000000	0.000000	0.000000	0.000000	0.000000
