logL = -1623.027382 (converged)
AIC = 6646.054764
BIC = 11764.134764

count.K
7 2 12 3 8 48 27 9 34 0 

