logL = -1615.700713 (converged)
AIC = 6513.401426
BIC = 11453.853944

count.K
15 66 5 3 17 6 2 26 10 

