logL = -1854.897753 (converged)
AIC = 4549.795505
BIC = 5814.262329

count.K
30 77 43 

