logL = -1591.953569 (converged)
AIC = 4387.907137
BIC = 6200.309584

count.K
28 15 75 32 

