0	tsk_0	(x)	1	:	0.000000	0.000000	0.498626	0.493060	0.000000	0.000000	0.000000	0.000000	0.004474	0.000000	0.000000	0.000000	0.000000	0.003840
1	tsk_1	(x)	1	:	0.000000	0.000000	0.498599	0.492920	0.000000	0.000000	0.000000	0.000000	0.004215	0.000000	0.000000	0.000000	0.000000	0.004266
2	tsk_2	(x)	1	:	0.000000	0.000000	0.500000	0.000000	0.000000	0.000000	0.000000	0.000000	0.290449	0.000000	0.000000	0.000000	0.000000	0.209551
3	tsk_3	(x)	1	:	0.000000	0.000000	0.000000	0.000000	0.000000	0.000000	0.000000	0.000000	0.161224	0.000000	0.499999	0.000000	0.000000	0.338777
4	tsk_4	(x)	1	:	0.000000	0.000000	0.500000	0.000000	0.000000	0.000000	0.000000	0.000000	0.158630	0.000000	0.000000	0.000000	0.000000	0.341370
5	tsk_5	(x)	1	:	0.000000	0.000000	0.501062	0.000000	0.000000	0.000000	0.000000	0.000000	0.000000	0.498938	0.000000	0.000000	0.000000	0.000000
6	tsk_6	(x)	1	:	0.000000	0.000000	0.000000	0.000000	0.000000	0.000000	0.000000	0.000000	0.602950	0.000000	0.000000	0.000000	0.000000	0.397050
7	tsk_7	(x)	1	:	0.000000	0.000000	0.501062	0.000000	0.000000	0.000000	0.000000	0.000000	0.000000	0.498938	0.000000	0.000000	0.000000	0.000000
8	tsk_8	(x)	1	:	0.000000	0.000000	0.500000	0.000000	0.000000	0.000000	0.000000	0.000000	0.078927	0.000000	0.000000	0.000000	0.000000	0.421073
9	tsk_9	(x)	1	:	0.000000	0.000000	0.501061	0.000000	0.000000	0.000000	0.000000	0.000000	0.000000	0.498939	0.000000	0.000000	0.000000	0.000000
10	tsk_10	(x)	1	:	0.000000	0.000000	0.006271	0.492649	0.493552	0.000000	0.000000	0.000000	0.002098	0.000000	0.000000	0.000000	0.000000	0.005429
11	tsk_11	(x)	1	:	0.000000	0.000000	0.499999	0.000000	0.500000	0.000000	0.000000	0.000000	0.000000	0.000000	0.000000	0.000000	0.000000	0.000000
12	tsk_12	(x)	1	:	0.000000	0.000000	0.000000	0.000000	1.000000	0.000000	0.000000	0.000000	0.000000	0.000000	0.000000	0.000000	0.000000	0.000000
13	tsk_13	(x)	1	:	0.000000	0.000000	0.007739	0.000000	0.493923	0.000000	0.000000	0.000000	0.000000	0.498338	0.000000	0.000000	0.000000	0.000000
14	tsk_14	(x)	1	:	0.000000	0.000000	0.000000	0.000000	0.500000	0.000000	0.000000	0.000000	0.089887	0.000000	0.000000	0.000000	0.000000	0.410113
15	tsk_15	(x)	1	:	0.000000	0.000000	0.501062	0.000000	0.000000	0.000000	0.000000	0.000000	0.000000	0.498938	0.000000	0.000000	0.000000	0.000000
16	tsk_16	(x)	1	:	0.499245	0.000000	0.006857	0.000000	0.493898	0.000000	0.000000	0.000000	0.000000	0.000000	0.000000	0.000000	0.000000	0.000000
17	tsk_17	(x)	1	:	0.000000	0.000000	0.000000	0.000000	1.000000	0.000000	0.000000	0.000000	0.000000	0.000000	0.000000	0.000000	0.000000	0.000000
18	tsk_18	(x)	1	:	0.000000	0.000000	0.006569	0.492612	0.493297	0.000000	0.000000	0.000000	0.001587	0.000000	0.000000	0.000000	0.000000	0.005935
19	tsk_19	(x)	1	:	0.498256	0.000000	0.000000	0.004433	0.000000	0.001281	0.000000	0.000000	0.364996	0.000000	0.000000	0.000000	0.000000	0.131035
20	tsk_20	(x)	1	:	0.000000	0.000000	0.000000	0.000000	0.000000	0.000000	0.491511	0.000000	0.000000	0.000000	0.508489	0.000000	0.000000	0.000000
21	tsk_21	(x)	1	:	0.000000	0.000000	0.000000	0.493556	0.000000	0.000000	0.487721	0.000000	0.006531	0.000000	0.009643	0.000000	0.000000	0.002550
22	tsk_22	(x)	1	:	0.000000	0.000000	0.000000	0.000000	0.000000	0.000000	0.000000	0.000000	0.203689	0.000000	0.500000	0.000000	0.000000	0.296311
23	tsk_23	(x)	1	:	0.000000	0.000000	0.000000	0.000000	0.000000	0.000000	0.491511	0.000000	0.000000	0.000000	0.508489	0.000000	0.000000	0.000000
24	tsk_24	(x)	1	:	0.000000	0.000000	0.000000	0.000000	0.000000	0.000000	0.000000	0.000000	0.160636	0.000000	0.500000	0.000000	0.000000	0.339364
25	tsk_25	(x)	1	:	0.000000	0.000000	0.000000	0.000000	0.000000	0.000000	0.000000	0.000000	0.486045	0.000000	0.000000	0.000000	0.000000	0.513955
26	tsk_26	(x)	1	:	0.000000	0.000000	0.000000	0.000000	0.000000	0.000000	0.491511	0.000000	0.000000	0.000000	0.508489	0.000000	0.000000	0.000000
27	tsk_27	(x)	1	:	0.000000	0.000000	0.000000	0.000000	0.000000	0.000000	0.000000	0.000000	0.118692	0.000000	0.000000	0.000000	0.000000	0.881308
28	tsk_28	(x)	1	:	0.000000	0.000000	0.006701	0.007683	0.493620	0.487524	0.000000	0.000000	0.001442	0.000000	0.000000	0.000000	0.000000	0.003030
29	tsk_29	(x)	1	:	0.000000	0.000000	0.000000	0.000000	0.000000	0.000000	0.000000	0.000000	0.000000	0.000000	1.000000	0.000000	0.000000	0.000000
30	tsk_30	(x)	1	:	1.000000	0.000000	0.000000	0.000000	0.000000	0.000000	0.000000	0.000000	0.000000	0.000000	0.000000	0.000000	0.000000	0.000000
31	tsk_31	(x)	1	:	0.499094	0.000000	0.000000	0.000741	0.000000	0.000093	0.000000	0.000000	0.001970	0.498102	0.000000	0.000000	0.000000	0.000000
32	tsk_32	(x)	1	:	0.000000	0.000000	0.000000	0.000000	0.000000	0.000000	0.488644	0.000000	0.000000	0.000000	0.014226	0.000000	0.000000	0.497130
33	tsk_33	(x)	1	:	0.500000	0.000000	0.500000	0.000000	0.000000	0.000000	0.000000	0.000000	0.000000	0.000000	0.000000	0.000000	0.000000	0.000000
34	tsk_34	(x)	1	:	0.500000	0.000000	0.500000	0.000000	0.000000	0.000000	0.000000	0.000000	0.000000	0.000000	0.000000	0.000000	0.000000	0.000000
35	tsk_35	(x)	1	:	0.000000	0.000000	0.000000	0.493378	0.000000	0.000000	0.487618	0.000000	0.005297	0.000000	0.009672	0.000000	0.000000	0.004035
36	tsk_36	(x)	1	:	0.000000	0.000000	0.000000	0.000000	0.000000	0.000000	0.491727	0.000000	0.002045	0.498146	0.005675	0.000000	0.000000	0.002407
37	tsk_37	(x)	1	:	0.499310	0.000000	0.000000	0.000000	0.000000	0.000000	0.000000	0.000000	0.002598	0.498091	0.000000	0.000000	0.000000	0.000000
38	tsk_38	(x)	1	:	0.498654	0.000000	0.000000	0.497270	0.000000	0.004076	0.000000	0.000000	0.000000	0.000000	0.000000	0.000000	0.000000	0.000000
39	tsk_39	(x)	1	:	0.000000	0.000000	0.000000	0.000000	0.000000	0.000000	0.000000	0.000000	0.177241	0.498484	0.000000	0.000000	0.000000	0.324275
40	tsk_40	(x)	1	:	0.000000	0.000000	0.498250	0.113759	0.000000	0.000000	0.000000	0.000000	0.011189	0.000000	0.000000	0.000000	0.376802	0.000000
41	tsk_41	(x)	1	:	0.000000	0.000000	0.498574	0.492792	0.000000	0.000000	0.000000	0.000000	0.004096	0.000000	0.000000	0.000000	0.000000	0.004538
42	tsk_42	(x)	1	:	0.000000	0.000000	0.500000	0.000000	0.000000	0.000000	0.000000	0.000000	0.005695	0.000000	0.000000	0.000000	0.000000	0.494305
43	tsk_43	(x)	1	:	0.000000	0.000000	1.000000	0.000000	0.000000	0.000000	0.000000	0.000000	0.000000	0.000000	0.000000	0.000000	0.000000	0.000000
44	tsk_44	(x)	1	:	0.000000	0.000000	0.498119	0.113106	0.000000	0.000000	0.000000	0.000000	0.007643	0.000000	0.000000	0.000000	0.376797	0.004334
45	tsk_45	(x)	1	:	0.000000	0.000000	1.000000	0.000000	0.000000	0.000000	0.000000	0.000000	0.000000	0.000000	0.000000	0.000000	0.000000	0.000000
46	tsk_46	(x)	1	:	0.000000	0.000000	1.000000	0.000000	0.000000	0.000000	0.000000	0.000000	0.000000	0.000000	0.000000	0.000000	0.000000	0.000000
47	tsk_47	(x)	1	:	0.000000	0.000000	1.000000	0.000000	0.000000	0.000000	0.000000	0.000000	0.000000	0.000000	0.000000	0.000000	0.000000	0.000000
48	tsk_48	(x)	1	:	0.000000	0.000000	1.000000	0.000000	0.000000	0.000000	0.000000	0.000000	0.000000	0.000000	0.000000	0.000000	0.000000	0.000000
49	tsk_49	(x)	1	:	0.000000	0.000000	0.000000	0.115370	0.000000	0.000000	0.487919	0.000000	0.011298	0.000000	0.008163	0.000000	0.376656	0.000594
50	tsk_50	(x)	1	:	0.000000	0.000000	0.499596	0.000752	0.000000	0.000000	0.000000	0.000000	0.000431	0.000000	0.000000	0.497872	0.000000	0.001349
51	tsk_51	(x)	1	:	0.000000	0.000000	0.500000	0.000000	0.000000	0.000000	0.000000	0.000000	0.118307	0.000000	0.000000	0.000000	0.000000	0.381693
52	tsk_52	(x)	1	:	0.000000	0.000000	0.500000	0.000000	0.000000	0.000000	0.000000	0.000000	0.069655	0.000000	0.000000	0.000000	0.000000	0.430345
53	tsk_53	(x)	1	:	0.000000	0.000000	0.500000	0.000000	0.000000	0.000000	0.000000	0.000000	0.127190	0.000000	0.000000	0.000000	0.000000	0.372811
54	tsk_54	(x)	1	:	0.000000	0.000000	1.000000	0.000000	0.000000	0.000000	0.000000	0.000000	0.000000	0.000000	0.000000	0.000000	0.000000	0.000000
55	tsk_55	(x)	1	:	0.000000	0.000000	0.000000	0.000000	0.000000	0.000000	0.000000	0.000000	0.308006	0.000000	0.000000	0.000000	0.000000	0.691994
56	tsk_56	(x)	1	:	0.000000	0.213240	0.500081	0.000000	0.000000	0.000000	0.000000	0.000000	0.127266	0.000000	0.000000	0.000000	0.000000	0.159413
57	tsk_57	(x)	1	:	0.000000	0.000000	0.500000	0.000000	0.000000	0.000000	0.000000	0.000000	0.103380	0.000000	0.000000	0.000000	0.000000	0.396620
58	tsk_58	(x)	1	:	0.000000	0.000000	0.000000	0.000000	0.000000	0.000000	0.000000	0.000000	0.280871	0.000000	0.000000	0.000000	0.000000	0.719129
59	tsk_59	(x)	1	:	0.000000	0.000000	0.000000	0.000000	0.000000	0.000000	0.000000	0.000000	0.469733	0.000000	0.000000	0.000000	0.000000	0.530267
60	tsk_60	(x)	1	:	0.000000	0.000000	0.000000	0.015246	0.000000	0.485393	0.000000	0.000000	0.000000	0.498287	0.000000	0.000000	0.000000	0.001073
61	tsk_61	(x)	1	:	0.000000	0.000000	0.000000	0.000000	0.000000	0.000000	0.000000	0.000000	0.001477	0.497614	0.493834	0.000000	0.000000	0.007075
62	tsk_62	(x)	1	:	0.000000	0.000000	0.000000	0.000000	0.000000	0.000000	0.000000	0.000000	0.131171	0.498484	0.000000	0.000000	0.000000	0.370346
63	tsk_63	(x)	1	:	0.000000	0.000000	0.000000	0.000000	0.000000	0.000000	0.000000	0.000000	0.000000	1.000000	0.000000	0.000000	0.000000	0.000000
64	tsk_64	(x)	1	:	0.000000	0.000000	0.000000	0.470978	0.000000	0.000000	0.000000	0.000000	0.000174	0.528759	0.000000	0.000000	0.000000	0.000089
65	tsk_65	(x)	1	:	0.000000	0.000000	0.000000	0.011470	0.000000	0.485966	0.000000	0.000000	0.001753	0.497910	0.000000	0.000000	0.000000	0.002902
66	tsk_66	(x)	1	:	0.000000	0.000000	0.000000	0.013375	0.000000	0.485892	0.000000	0.000000	0.000000	0.498161	0.000000	0.000000	0.000000	0.002571
67	tsk_67	(x)	1	:	0.000000	0.000000	0.000000	0.494256	0.000000	0.000000	0.000000	0.000000	0.003345	0.497673	0.000000	0.000000	0.000000	0.004726
68	tsk_68	(x)	1	:	0.000000	0.000000	0.499119	0.007896	0.000000	0.487573	0.000000	0.000000	0.001693	0.000000	0.000000	0.000000	0.000000	0.003720
69	tsk_69	(x)	1	:	0.000000	0.000000	0.000000	0.136072	0.000000	0.000000	0.000000	0.000000	0.004653	0.000000	0.491812	0.356269	0.000000	0.011193
70	tsk_70	(x)	1	:	0.000000	0.000000	0.000000	0.009647	0.000000	0.489338	0.000000	0.000000	0.000000	0.000000	0.000000	0.501014	0.000000	0.000000
71	tsk_71	(x)	1	:	0.000000	0.000000	0.006661	0.009281	0.493627	0.486643	0.000000	0.000000	0.000950	0.000000	0.000000	0.000000	0.000000	0.002837
72	tsk_72	(x)	1	:	0.000000	0.498570	0.004357	0.000000	0.497073	0.000000	0.000000	0.000000	0.000000	0.000000	0.000000	0.000000	0.000000	0.000000
73	tsk_73	(x)	1	:	0.000000	0.000000	0.000000	0.000000	0.000000	1.000000	0.000000	0.000000	0.000000	0.000000	0.000000	0.000000	0.000000	0.000000
74	tsk_74	(x)	1	:	0.000000	0.000000	0.006942	0.008116	0.493423	0.487321	0.000000	0.000000	0.000579	0.000000	0.000000	0.000000	0.000000	0.003619
75	tsk_75	(x)	1	:	0.000000	0.000000	0.499666	0.000986	0.000000	0.000000	0.000000	0.000000	0.000499	0.000000	0.000000	0.497937	0.000000	0.000912
76	tsk_76	(x)	1	:	0.000000	0.000000	0.006574	0.009417	0.493737	0.486685	0.000000	0.000000	0.001243	0.000000	0.000000	0.000000	0.000000	0.002344
77	tsk_77	(x)	1	:	0.000000	0.000000	0.000000	0.501925	0.000000	0.000000	0.000000	0.000000	0.000000	0.000000	0.000000	0.498075	0.000000	0.000000
78	tsk_78	(x)	1	:	0.000000	0.499289	0.500711	0.000000	0.000000	0.000000	0.000000	0.000000	0.000000	0.000000	0.000000	0.000000	0.000000	0.000000
79	tsk_79	(x)	1	:	0.000000	0.000000	0.000000	0.009717	0.000000	0.489308	0.000000	0.000000	0.000000	0.000000	0.000000	0.500975	0.000000	0.000000
80	tsk_80	(x)	1	:	0.000000	0.000000	0.000000	0.000000	0.000000	0.000000	0.000000	0.000000	0.000000	1.000000	0.000000	0.000000	0.000000	0.000000
81	tsk_81	(x)	1	:	0.000000	0.000000	0.000000	0.008927	0.000000	0.486354	0.000000	0.000000	0.004057	0.000000	0.494138	0.000000	0.000000	0.006524
82	tsk_82	(x)	1	:	0.000000	0.000000	0.000000	0.014299	0.000000	0.485725	0.000000	0.000000	0.001731	0.498245	0.000000	0.000000	0.000000	0.000000
83	tsk_83	(x)	1	:	0.000000	0.000000	0.000000	0.000000	0.000000	0.000000	0.000000	0.000000	0.054077	0.498484	0.000000	0.000000	0.000000	0.447439
84	tsk_84	(x)	1	:	0.000000	0.000000	0.000000	0.019328	0.000000	0.484072	0.000000	0.000000	0.299554	0.000000	0.000000	0.000000	0.000000	0.197046
85	tsk_85	(x)	1	:	0.000000	0.000000	0.000000	0.000000	0.000000	0.000000	0.000000	0.000000	0.002673	0.497643	0.494044	0.000000	0.000000	0.005641
86	tsk_86	(x)	1	:	0.000000	0.000000	0.500000	0.000000	0.000000	0.000000	0.000000	0.000000	0.024323	0.000000	0.000000	0.000000	0.000000	0.475677
87	tsk_87	(x)	1	:	0.000000	0.000000	0.000000	0.012485	0.000000	0.485719	0.000000	0.000000	0.002445	0.497985	0.000000	0.000000	0.000000	0.001366
88	tsk_88	(x)	1	:	0.000000	0.000000	0.000000	0.000000	0.000000	0.000000	0.000000	0.000000	0.204990	0.000000	0.500000	0.000000	0.000000	0.295010
89	tsk_89	(x)	1	:	0.000000	0.000000	0.000000	0.009885	0.000000	0.486299	0.000000	0.000000	0.008819	0.000000	0.494996	0.000000	0.000000	0.000000
90	tsk_90	(x)	1	:	0.000000	0.000000	0.498746	0.000000	0.000000	0.000000	0.000000	0.000000	0.002482	0.000000	0.493669	0.000000	0.000000	0.005103
91	tsk_91	(x)	1	:	0.000000	0.000000	0.000000	0.000000	0.498918	0.000000	0.000000	0.000000	0.001962	0.000000	0.493437	0.000000	0.000000	0.005683
92	tsk_92	(x)	1	:	0.000000	0.000000	0.000000	0.000000	0.000000	0.000000	0.000000	0.000000	0.000000	0.000000	1.000000	0.000000	0.000000	0.000000
93	tsk_93	(x)	1	:	0.000000	0.000000	0.498701	0.000000	0.000000	0.000000	0.000000	0.000000	0.002608	0.000000	0.493439	0.000000	0.000000	0.005252
94	tsk_94	(x)	1	:	0.000000	0.000000	0.000000	0.000000	0.000000	0.000000	0.488817	0.000000	0.192207	0.000000	0.013881	0.000000	0.000000	0.305095
95	tsk_95	(x)	1	:	0.498231	0.000000	0.000000	0.000396	0.000000	0.000782	0.489213	0.000000	0.003017	0.000000	0.007943	0.000000	0.000000	0.000417
96	tsk_96	(x)	1	:	0.000000	0.000000	0.499083	0.000000	0.000000	0.000000	0.489213	0.000000	0.001460	0.000000	0.008462	0.000000	0.000000	0.001782
97	tsk_97	(x)	1	:	0.000000	0.000000	0.000000	0.011001	0.000000	0.486303	0.488548	0.000000	0.000000	0.000000	0.010542	0.000000	0.000000	0.003606
98	tsk_98	(x)	1	:	0.000000	0.000000	0.000000	0.010989	0.000000	0.485202	0.000000	0.000000	0.007146	0.000000	0.493902	0.000000	0.000000	0.002762
99	tsk_99	(x)	1	:	0.000000	0.000000	0.000000	0.493163	0.000000	0.000000	0.000000	0.000000	0.010179	0.000000	0.493163	0.000000	0.000000	0.003494
100	tsk_100	(x)	1	:	0.000000	0.000000	0.000000	0.000000	0.000000	0.000000	0.491511	0.000000	0.000000	0.000000	0.508489	0.000000	0.000000	0.000000
101	tsk_101	(x)	1	:	0.000000	0.000000	0.000000	0.000000	0.000000	0.000000	1.000000	0.000000	0.000000	0.000000	0.000000	0.000000	0.000000	0.000000
102	tsk_102	(x)	1	:	0.000000	0.000000	0.000000	0.000000	0.000000	0.000000	1.000000	0.000000	0.000000	0.000000	0.000000	0.000000	0.000000	0.000000
103	tsk_103	(x)	1	:	0.000000	0.000000	0.000000	0.493351	0.000000	0.000000	0.487768	0.000000	0.006419	0.000000	0.009348	0.000000	0.000000	0.003114
104	tsk_104	(x)	1	:	0.000000	0.000000	0.000000	0.000000	0.000000	0.000000	0.491511	0.000000	0.000000	0.000000	0.508489	0.000000	0.000000	0.000000
105	tsk_105	(x)	1	:	0.000000	0.000000	0.000000	0.000000	0.000000	0.000000	0.486813	0.000000	0.240384	0.000000	0.017934	0.000000	0.175829	0.079040
106	tsk_106	(x)	1	:	0.000000	0.000000	0.000000	0.000000	0.000000	0.000000	0.491511	0.000000	0.000000	0.000000	0.508489	0.000000	0.000000	0.000000
107	tsk_107	(x)	1	:	0.000000	0.000000	0.000000	0.000000	0.000000	0.000000	1.000000	0.000000	0.000000	0.000000	0.000000	0.000000	0.000000	0.000000
108	tsk_108	(x)	1	:	0.000000	0.000000	0.000000	0.000000	0.000000	0.000000	1.000000	0.000000	0.000000	0.000000	0.000000	0.000000	0.000000	0.000000
109	tsk_109	(x)	1	:	0.000000	0.000000	0.000000	0.000000	0.000000	0.000000	1.000000	0.000000	0.000000	0.000000	0.000000	0.000000	0.000000	0.000000
110	tsk_110	(x)	1	:	0.000000	0.000000	0.000000	0.000000	1.000000	0.000000	0.000000	0.000000	0.000000	0.000000	0.000000	0.000000	0.000000	0.000000
111	tsk_111	(x)	1	:	0.000000	0.000000	0.498137	0.132991	0.000000	0.000000	0.000000	0.000000	0.003726	0.000000	0.000000	0.357132	0.000000	0.008013
112	tsk_112	(x)	1	:	0.000000	0.000000	0.006159	0.492462	0.493616	0.000000	0.000000	0.000000	0.003691	0.000000	0.000000	0.000000	0.000000	0.004073
113	tsk_113	(x)	1	:	0.000000	0.000000	0.005505	0.492676	0.494197	0.000000	0.000000	0.000000	0.003130	0.000000	0.000000	0.000000	0.000000	0.004491
114	tsk_114	(x)	1	:	0.000000	0.000000	0.006344	0.492700	0.493499	0.000000	0.000000	0.000000	0.002256	0.000000	0.000000	0.000000	0.000000	0.005200
115	tsk_115	(x)	1	:	0.000000	0.000000	0.006952	0.007033	0.493444	0.487953	0.000000	0.000000	0.003359	0.000000	0.000000	0.000000	0.000000	0.001259
116	tsk_116	(x)	1	:	0.000000	0.000000	0.006716	0.492541	0.493162	0.000000	0.000000	0.000000	0.001511	0.000000	0.000000	0.000000	0.000000	0.006070
117	tsk_117	(x)	1	:	0.000000	0.000000	0.000000	0.500000	0.000000	0.000000	0.000000	0.000000	0.429766	0.000000	0.000000	0.000000	0.000000	0.070234
118	tsk_118	(x)	1	:	0.000000	0.000000	0.000000	0.000000	1.000000	0.000000	0.000000	0.000000	0.000000	0.000000	0.000000	0.000000	0.000000	0.000000
119	tsk_119	(x)	1	:	0.000000	0.000000	0.498707	0.493473	0.000000	0.000000	0.000000	0.000000	0.004077	0.000000	0.000000	0.000000	0.000000	0.003742
120	tsk_120	(x)	1	:	1.000000	0.000000	0.000000	0.000000	0.000000	0.000000	0.000000	0.000000	0.000000	0.000000	0.000000	0.000000	0.000000	0.000000
121	tsk_121	(x)	1	:	0.497700	0.000000	0.000000	0.001124	0.000000	0.000837	0.000000	0.000000	0.005443	0.000000	0.493553	0.000000	0.000000	0.001343
122	tsk_122	(x)	1	:	0.000000	0.000000	0.000000	0.000000	0.000000	0.000000	0.000000	0.500009	0.000247	0.000004	0.499109	0.000000	0.000000	0.000632
123	tsk_123	(x)	1	:	0.498596	0.000000	0.000000	0.120315	0.000000	0.004558	0.000000	0.000000	0.000000	0.000000	0.000000	0.000000	0.376531	0.000000
124	tsk_124	(x)	1	:	0.000000	0.000000	0.000000	0.115676	0.000000	0.000000	0.000000	0.000000	0.010422	0.000000	0.492496	0.000000	0.376528	0.004878
125	tsk_125	(x)	1	:	0.500000	0.000000	0.500000	0.000000	0.000000	0.000000	0.000000	0.000000	0.000000	0.000000	0.000000	0.000000	0.000000	0.000000
126	tsk_126	(x)	1	:	0.404238	0.000000	0.453870	0.000000	0.000000	0.000000	0.000000	0.000000	0.000000	0.000000	0.000000	0.000000	0.141891	0.000000
127	tsk_127	(x)	1	:	0.500000	0.000000	0.500000	0.000000	0.000000	0.000000	0.000000	0.000000	0.000000	0.000000	0.000000	0.000000	0.000000	0.000000
128	tsk_128	(x)	1	:	0.498528	0.000000	0.000000	0.120027	0.000000	0.004843	0.000000	0.000000	0.000000	0.000000	0.000000	0.000000	0.376603	0.000000
129	tsk_129	(x)	1	:	0.000000	0.000000	0.478669	0.000000	0.000000	0.000000	0.000000	0.000000	0.000000	0.000000	0.000000	0.000000	0.521330	0.000000
130	tsk_130	(x)	1	:	0.000000	0.000000	0.000000	0.000000	0.000000	0.000000	0.664126	0.000000	0.000000	0.000000	0.335874	0.000000	0.000000	0.000000
131	tsk_131	(x)	1	:	0.000000	0.000000	0.498713	0.000000	0.000000	0.000000	0.000000	0.000000	0.000978	0.000000	0.493503	0.000000	0.000000	0.006806
132	tsk_132	(x)	1	:	0.000000	0.000000	1.000000	0.000000	0.000000	0.000000	0.000000	0.000000	0.000000	0.000000	0.000000	0.000000	0.000000	0.000000
133	tsk_133	(x)	1	:	0.000000	0.000000	0.500000	0.000000	0.000000	0.000000	0.000000	0.000000	0.500000	0.000000	0.000000	0.000000	0.000000	0.000000
134	tsk_134	(x)	1	:	0.000000	0.000000	1.000000	0.000000	0.000000	0.000000	0.000000	0.000000	0.000000	0.000000	0.000000	0.000000	0.000000	0.000000
135	tsk_135	(x)	1	:	0.000000	0.000000	0.000000	0.000000	0.000000	0.000000	0.000000	0.000000	0.002995	0.000000	0.495425	0.496844	0.000000	0.004736
136	tsk_136	(x)	1	:	0.000000	0.000000	0.499107	0.000000	0.000000	0.000000	0.488866	0.000000	0.002060	0.000000	0.009274	0.000000	0.000000	0.000693
137	tsk_137	(x)	1	:	0.000000	0.000000	0.498624	0.493048	0.000000	0.000000	0.000000	0.000000	0.006217	0.000000	0.000000	0.000000	0.000000	0.002111
138	tsk_138	(x)	1	:	0.000000	0.000000	0.000000	0.000000	0.000000	0.000000	0.000000	0.000000	0.000000	0.000000	0.499999	0.000000	0.000000	0.500001
139	tsk_139	(x)	1	:	0.000000	0.000000	0.000000	0.000000	0.000000	0.000000	0.488339	0.000000	0.370011	0.000000	0.014837	0.000000	0.000000	0.126813
140	tsk_140	(x)	1	:	0.500000	0.000000	0.500000	0.000000	0.000000	0.000000	0.000000	0.000000	0.000000	0.000000	0.000000	0.000000	0.000000	0.000000
141	tsk_141	(x)	1	:	0.000000	0.000000	0.000000	0.162562	0.000000	0.329837	0.000000	0.000000	0.006895	0.000000	0.492590	0.000000	0.000000	0.008115
142	tsk_142	(x)	1	:	0.500000	0.000000	0.500000	0.000000	0.000000	0.000000	0.000000	0.000000	0.000000	0.000000	0.000000	0.000000	0.000000	0.000000
143	tsk_143	(x)	1	:	0.000000	0.000000	0.500000	0.000000	0.000000	0.000000	0.000000	0.000000	0.206435	0.000000	0.000000	0.000000	0.000000	0.293565
144	tsk_144	(x)	1	:	0.500000	0.000000	0.500000	0.000000	0.000000	0.000000	0.000000	0.000000	0.000000	0.000000	0.000000	0.000000	0.000000	0.000000
145	tsk_145	(x)	1	:	0.499925	0.000000	0.000000	0.000000	0.000000	0.000000	0.000000	0.500074	0.000000	0.000000	0.000000	0.000000	0.000000	0.000000
146	tsk_146	(x)	1	:	0.500001	0.000000	0.499999	0.000000	0.000000	0.000000	0.000000	0.000000	0.000000	0.000000	0.000000	0.000000	0.000000	0.000000
147	tsk_147	(x)	1	:	0.000000	0.000000	0.000000	1.000000	0.000000	0.000000	0.000000	0.000000	0.000000	0.000000	0.000000	0.000000	0.000000	0.000000
148	tsk_148	(x)	1	:	0.000000	0.000000	0.498602	0.492936	0.000000	0.000000	0.000000	0.000000	0.002093	0.000000	0.000000	0.000000	0.000000	0.006369
149	tsk_149	(x)	1	:	1.000000	0.000000	0.000000	0.000000	0.000000	0.000000	0.000000	0.000000	0.000000	0.000000	0.000000	0.000000	0.000000	0.000000
