logL = -1283.570832 (converged)
AIC = 5669.141665
BIC = 10338.637006

count.K
37 6 56 5 5 28 2 1 10 

