logL = -1741.954332 (converged)
AIC = 5559.908664
BIC = 8684.948099

count.K
37 26 8 16 49 14 

