logL = -1701.876490 (converged)
AIC = 5763.752980
BIC = 9316.302627

count.K
4 29 10 17 18 60 12 

