logL = -2156.642366 (converged)
AIC = 4813.284731
BIC = 5565.943555

count.K
91 59 

