0	tsk_0	(x)	1	:	0.000000	0.000003	0.000000	0.000000	0.000000	0.000000	0.342286	0.000035	0.000000	0.000000	0.182242	0.000000	0.475434	0.000000	0.000000
1	tsk_1	(x)	1	:	0.000002	0.499678	0.000000	0.000000	0.000000	0.000000	0.000000	0.000000	0.001069	0.000000	0.000001	0.000000	0.000001	0.000000	0.499249
2	tsk_2	(x)	1	:	0.499999	0.000003	0.000000	0.000000	0.000000	0.000000	0.000020	0.000000	0.000000	0.000000	0.359610	0.000000	0.140369	0.000000	0.000000
3	tsk_3	(x)	1	:	0.000000	0.000001	0.000000	0.580324	0.000000	0.000000	0.000006	0.000000	0.000000	0.000000	0.224048	0.000000	0.195622	0.000000	0.000000
4	tsk_4	(x)	1	:	0.000000	0.000003	0.000000	0.000000	0.000000	0.000000	0.000000	0.000000	0.000000	0.000000	0.768759	0.000000	0.231237	0.000000	0.000000
5	tsk_5	(x)	1	:	0.000002	0.000003	0.000000	0.000000	0.000000	0.000000	0.000027	0.000000	0.004917	0.000000	0.326276	0.000000	0.172061	0.000000	0.496714
6	tsk_6	(x)	1	:	0.000006	0.000001	0.000000	0.000000	0.000000	0.000000	0.000022	0.000000	0.004936	0.000000	0.288117	0.000000	0.210220	0.000000	0.496698
7	tsk_7	(x)	1	:	0.000000	0.000008	0.000000	0.000000	0.000000	0.000000	0.000026	0.000000	0.499997	0.000000	0.291341	0.000000	0.208627	0.000000	0.000000
8	tsk_8	(x)	1	:	0.000002	0.000002	0.000000	0.000000	0.000000	0.000000	0.000028	0.000000	0.004764	0.000000	0.327724	0.000000	0.170664	0.000000	0.496816
9	tsk_9	(x)	1	:	0.000005	0.000001	0.000000	0.000000	0.000000	0.000000	0.000024	0.000000	0.005179	0.000000	0.283700	0.000000	0.214556	0.000000	0.496536
10	tsk_10	(x)	1	:	0.000000	0.000002	0.000000	0.459082	0.000000	0.000000	0.000028	0.000000	0.000000	0.000000	0.000000	0.000000	0.540888	0.000000	0.000000
11	tsk_11	(x)	1	:	0.000000	0.000000	0.000000	0.000000	0.000000	0.000000	0.000000	0.499999	0.000000	0.000000	0.173104	0.000000	0.326897	0.000000	0.000000
12	tsk_12	(x)	1	:	0.000000	0.000000	0.365740	0.000000	0.000000	0.000000	0.204793	0.000000	0.429467	0.000000	0.000000	0.000000	0.000000	0.000000	0.000000
13	tsk_13	(x)	1	:	0.000000	0.000015	0.278727	0.000000	0.000000	0.000000	0.078860	0.000001	0.000000	0.000000	0.344926	0.000000	0.297470	0.000000	0.000000
14	tsk_14	(x)	1	:	0.000000	0.000002	0.000000	0.000000	0.000000	0.499989	0.000040	0.000000	0.000000	0.000000	0.352001	0.000000	0.147969	0.000000	0.000000
15	tsk_15	(x)	1	:	0.000000	0.000000	0.000000	0.459094	0.000000	0.000000	0.000003	0.000000	0.000000	0.000000	0.211592	0.000000	0.329311	0.000000	0.000000
16	tsk_16	(x)	1	:	0.457948	0.000000	0.351938	0.000000	0.000000	0.000000	0.190114	0.000000	0.000000	0.000000	0.000000	0.000000	0.000000	0.000000	0.000000
17	tsk_17	(x)	1	:	0.000000	0.000000	0.000000	1.000000	0.000000	0.000000	0.000000	0.000000	0.000000	0.000000	0.000000	0.000000	0.000000	0.000000	0.000000
18	tsk_18	(x)	1	:	0.000000	0.000001	0.000000	0.000000	0.000000	0.408756	0.000028	0.000000	0.000000	0.138013	0.222625	0.000000	0.230575	0.000000	0.000000
19	tsk_19	(x)	1	:	0.000000	0.000000	0.000000	1.000000	0.000000	0.000000	0.000000	0.000000	0.000000	0.000000	0.000000	0.000000	0.000000	0.000000	0.000000
20	tsk_20	(x)	1	:	0.000000	0.447298	0.000000	0.000000	0.000000	0.000000	0.552702	0.000000	0.000000	0.000000	0.000000	0.000000	0.000000	0.000000	0.000000
21	tsk_21	(x)	1	:	0.000000	0.000000	0.000000	0.000030	0.000000	0.000000	0.999932	0.000019	0.000000	0.000000	0.000012	0.000000	0.000008	0.000000	0.000000
22	tsk_22	(x)	1	:	0.000000	0.000000	0.000000	0.000000	0.000000	0.000000	1.000000	0.000000	0.000000	0.000000	0.000000	0.000000	0.000000	0.000000	0.000000
23	tsk_23	(x)	1	:	0.000000	0.000000	0.000000	0.000000	0.000000	0.000000	1.000000	0.000000	0.000000	0.000000	0.000000	0.000000	0.000000	0.000000	0.000000
24	tsk_24	(x)	1	:	0.000000	0.000000	0.000000	0.000000	0.000000	0.000001	0.524026	0.000000	0.475973	0.000000	0.000000	0.000000	0.000000	0.000000	0.000000
25	tsk_25	(x)	1	:	0.000000	0.000000	0.000000	0.000000	0.000000	0.000000	0.000000	0.000000	0.000000	0.000000	0.000000	1.000000	0.000000	0.000000	0.000000
26	tsk_26	(x)	1	:	0.000000	0.000000	0.000000	0.000000	0.383083	0.000000	0.000000	0.000000	0.500057	0.000000	0.073560	0.000000	0.043300	0.000000	0.000000
27	tsk_27	(x)	1	:	0.000000	0.000000	0.000000	0.000000	0.383227	0.000000	0.000000	0.000000	0.007795	0.000000	0.089533	0.490932	0.028513	0.000000	0.000000
28	tsk_28	(x)	1	:	0.000000	0.000000	0.000000	0.000000	0.000000	0.000000	1.000000	0.000000	0.000000	0.000000	0.000000	0.000000	0.000000	0.000000	0.000000
29	tsk_29	(x)	1	:	0.000000	0.000000	0.000000	0.000000	0.000000	0.000000	0.588243	0.000000	0.000000	0.000000	0.130341	0.000000	0.281416	0.000000	0.000000
30	tsk_30	(x)	1	:	0.000000	0.000001	0.000000	0.459069	0.000000	0.000000	0.000053	0.000000	0.000000	0.000000	0.064810	0.000000	0.476067	0.000000	0.000000
31	tsk_31	(x)	1	:	0.000000	0.000005	0.000000	0.000000	0.000000	0.000000	0.000000	0.000000	0.000000	0.000000	0.852377	0.000000	0.147617	0.000000	0.000000
32	tsk_32	(x)	1	:	0.000000	0.000000	0.000000	1.000000	0.000000	0.000000	0.000000	0.000000	0.000000	0.000000	0.000000	0.000000	0.000000	0.000000	0.000000
33	tsk_33	(x)	1	:	0.000000	0.000000	0.000000	0.472541	0.000000	0.527452	0.000006	0.000000	0.000000	0.000000	0.000000	0.000000	0.000000	0.000000	0.000000
34	tsk_34	(x)	1	:	0.000000	0.000001	0.000000	0.459074	0.000000	0.000000	0.000043	0.000000	0.000000	0.000000	0.193900	0.000000	0.346982	0.000000	0.000000
35	tsk_35	(x)	1	:	0.000000	0.000000	0.000000	0.472544	0.000000	0.527453	0.000003	0.000000	0.000000	0.000000	0.000000	0.000000	0.000000	0.000000	0.000000
36	tsk_36	(x)	1	:	0.000000	0.000000	0.000000	1.000000	0.000000	0.000000	0.000000	0.000000	0.000000	0.000000	0.000000	0.000000	0.000000	0.000000	0.000000
37	tsk_37	(x)	1	:	0.000000	0.000004	0.000000	0.000000	0.000000	0.000000	0.000000	0.000000	0.000000	0.000000	0.764320	0.000000	0.235676	0.000000	0.000000
38	tsk_38	(x)	1	:	0.000000	0.000000	0.000000	1.000000	0.000000	0.000000	0.000000	0.000000	0.000000	0.000000	0.000000	0.000000	0.000000	0.000000	0.000000
39	tsk_39	(x)	1	:	0.000000	0.000003	0.000000	0.000000	0.000000	0.000000	0.000000	0.000000	0.000000	0.000000	0.743191	0.000000	0.256806	0.000000	0.000000
40	tsk_40	(x)	1	:	0.000000	0.527875	0.472075	0.000000	0.000000	0.000000	0.000004	0.000000	0.000000	0.000000	0.000026	0.000000	0.000019	0.000000	0.000000
41	tsk_41	(x)	1	:	0.510916	0.000000	0.484637	0.000000	0.000000	0.000000	0.000000	0.000000	0.004419	0.000000	0.000000	0.000000	0.000000	0.000000	0.000028
42	tsk_42	(x)	1	:	0.000000	0.000003	0.464609	0.000000	0.000000	0.000000	0.000029	0.000000	0.000000	0.000000	0.386800	0.000000	0.148559	0.000000	0.000000
43	tsk_43	(x)	1	:	0.000000	0.000000	0.464615	0.000000	0.000000	0.000000	0.000000	0.535385	0.000000	0.000000	0.000000	0.000000	0.000000	0.000000	0.000000
44	tsk_44	(x)	1	:	0.000007	0.000000	0.000000	0.000000	0.000000	0.000000	0.000000	0.000000	0.000000	0.000000	0.000000	0.000000	0.000000	0.000000	0.999993
45	tsk_45	(x)	1	:	0.000004	0.000000	0.477006	0.000000	0.000000	0.000000	0.000000	0.000000	0.022925	0.000000	0.000000	0.000000	0.000000	0.000000	0.500066
46	tsk_46	(x)	1	:	0.000000	0.000000	0.000000	0.000000	0.000000	0.462186	0.000000	0.000000	0.000000	0.000000	0.251031	0.000000	0.174681	0.112102	0.000000
47	tsk_47	(x)	1	:	0.000000	0.000003	0.464609	0.000000	0.000000	0.000000	0.000028	0.000000	0.000000	0.000000	0.265014	0.000000	0.270346	0.000000	0.000000
48	tsk_48	(x)	1	:	0.000003	0.000001	0.000000	0.000000	0.000000	0.000000	0.000000	0.000000	0.000821	0.000000	0.310107	0.000000	0.092452	0.109809	0.486808
49	tsk_49	(x)	1	:	0.000008	0.000000	0.000000	0.000000	0.000000	0.000000	0.000000	0.000000	0.000000	0.000000	0.000000	0.000000	0.000000	0.000000	0.999992
50	tsk_50	(x)	1	:	0.000000	0.000000	0.000000	0.000000	0.000000	0.427432	0.000000	0.363061	0.000000	0.000000	0.000000	0.000000	0.000000	0.209507	0.000000
51	tsk_51	(x)	1	:	0.000000	0.000002	0.000000	0.000000	0.000000	0.499987	0.000045	0.000000	0.000000	0.000000	0.262933	0.000000	0.237032	0.000000	0.000000
52	tsk_52	(x)	1	:	0.000000	0.000000	0.000000	0.000000	0.000000	1.000000	0.000000	0.000000	0.000000	0.000000	0.000000	0.000000	0.000000	0.000000	0.000000
53	tsk_53	(x)	1	:	0.000000	0.000002	0.000000	0.000000	0.000000	0.000000	0.000000	0.000000	0.000000	0.000000	0.727030	0.000000	0.272968	0.000000	0.000000
54	tsk_54	(x)	1	:	0.000000	0.000000	0.000000	0.000000	0.000000	0.500000	0.000000	0.000000	0.500000	0.000000	0.000000	0.000000	0.000000	0.000000	0.000000
55	tsk_55	(x)	1	:	0.000000	0.000000	0.000000	0.000000	0.000000	0.000000	0.000000	0.392496	0.000000	0.000000	0.214857	0.000000	0.177699	0.214948	0.000000
56	tsk_56	(x)	1	:	0.000002	0.000002	0.000000	0.000000	0.000000	0.000000	0.000018	0.000000	0.004947	0.000000	0.287849	0.000000	0.210487	0.000000	0.496695
57	tsk_57	(x)	1	:	0.000000	0.000002	0.000000	0.000000	0.000000	0.499989	0.000038	0.000000	0.000000	0.000000	0.351137	0.000000	0.148833	0.000000	0.000000
58	tsk_58	(x)	1	:	0.000000	0.000001	0.000000	0.000000	0.000000	0.499987	0.000046	0.000000	0.000000	0.000000	0.246839	0.000000	0.253127	0.000000	0.000000
59	tsk_59	(x)	1	:	0.000000	0.000004	0.000000	0.000000	0.000000	0.499988	0.000043	0.000000	0.000000	0.000000	0.287620	0.000000	0.212345	0.000000	0.000000
60	tsk_60	(x)	1	:	0.000005	0.000000	0.000000	0.000000	0.000000	0.000000	0.000000	0.000000	0.500001	0.000000	0.000000	0.000000	0.000000	0.000000	0.499994
61	tsk_61	(x)	1	:	0.000011	0.000000	0.000000	0.000000	0.383261	0.000000	0.000000	0.000000	0.005790	0.000000	0.084240	0.000000	0.030519	0.000000	0.496179
62	tsk_62	(x)	1	:	0.000009	0.000000	0.000000	0.000000	0.383435	0.000000	0.000000	0.000000	0.006523	0.000000	0.040758	0.000000	0.073565	0.000000	0.495710
63	tsk_63	(x)	1	:	0.000009	0.000000	0.000000	0.000000	0.000000	0.000000	0.000000	0.000000	0.000000	0.000000	0.000000	0.000000	0.000000	0.000000	0.999991
64	tsk_64	(x)	1	:	0.000000	0.000001	0.000000	0.000000	0.000000	0.000000	0.000000	0.499999	0.000000	0.000000	0.218246	0.000000	0.281754	0.000000	0.000000
65	tsk_65	(x)	1	:	0.488437	0.000000	0.000000	0.000000	0.000000	0.000000	0.000000	0.400290	0.000001	0.000000	0.000000	0.000000	0.000000	0.111263	0.000009
66	tsk_66	(x)	1	:	0.000000	0.000003	0.000000	0.000000	0.382697	0.000000	0.000000	0.000000	0.000000	0.000000	0.336913	0.000000	0.280388	0.000000	0.000000
67	tsk_67	(x)	1	:	0.499567	0.000000	0.000000	0.000000	0.000000	0.000000	0.000000	0.000000	0.000000	0.000000	0.000000	0.000000	0.000000	0.000000	0.500433
68	tsk_68	(x)	1	:	0.000017	0.000000	0.000000	0.000000	0.000000	0.000000	0.000000	0.000000	0.000000	0.000000	0.000000	0.000000	0.000000	0.000000	0.999982
69	tsk_69	(x)	1	:	0.000003	0.000003	0.000000	0.000000	0.000000	0.000000	0.000024	0.000000	0.004878	0.000000	0.324283	0.000000	0.174069	0.000000	0.496739
70	tsk_70	(x)	1	:	0.000000	0.000000	0.000000	0.557260	0.000000	0.442740	0.000000	0.000000	0.000000	0.000000	0.000000	0.000000	0.000000	0.000000	0.000000
71	tsk_71	(x)	1	:	0.000000	0.000000	0.000000	0.000000	0.000000	0.500000	0.000000	0.000000	0.500000	0.000000	0.000000	0.000000	0.000000	0.000000	0.000000
72	tsk_72	(x)	1	:	0.000000	0.000000	0.000000	0.000000	0.000000	1.000000	0.000000	0.000000	0.000000	0.000000	0.000000	0.000000	0.000000	0.000000	0.000000
73	tsk_73	(x)	1	:	0.000000	0.000000	0.000000	0.580334	0.289071	0.000000	0.000003	0.000000	0.000000	0.000000	0.080725	0.000000	0.049868	0.000000	0.000000
74	tsk_74	(x)	1	:	0.000000	0.000001	0.000000	0.000000	0.289045	0.000000	0.000000	0.000000	0.000000	0.000000	0.546000	0.000000	0.164954	0.000000	0.000000
75	tsk_75	(x)	1	:	0.000000	0.000000	0.000000	0.000000	0.462851	0.000000	0.000006	0.000000	0.499822	0.000000	0.018250	0.000000	0.019071	0.000000	0.000000
76	tsk_76	(x)	1	:	0.000000	0.000004	0.000000	0.000000	0.000000	0.000000	0.000026	0.000000	0.499997	0.000000	0.324007	0.000000	0.175966	0.000000	0.000000
77	tsk_77	(x)	1	:	0.000000	0.000006	0.000000	0.000000	0.000000	0.000000	0.000026	0.000000	0.499997	0.000000	0.204066	0.000000	0.295904	0.000000	0.000000
78	tsk_78	(x)	1	:	0.000000	0.000000	0.000000	0.000000	0.286603	0.000000	0.001335	0.000000	0.499247	0.000000	0.093501	0.000011	0.119303	0.000000	0.000000
79	tsk_79	(x)	1	:	0.500000	0.000000	0.000000	0.000000	0.000000	0.000000	0.000000	0.000000	0.500000	0.000000	0.000000	0.000000	0.000000	0.000000	0.000000
80	tsk_80	(x)	1	:	0.000006	0.000002	0.000000	0.000000	0.000000	0.000000	0.000014	0.000000	0.005970	0.000000	0.379067	0.000000	0.118933	0.000000	0.496007
81	tsk_81	(x)	1	:	0.000000	0.000003	0.000000	0.000000	0.000000	0.000000	0.000006	0.000000	0.000000	0.491669	0.131043	0.000000	0.377279	0.000000	0.000000
82	tsk_82	(x)	1	:	0.000000	0.000001	0.000000	0.000000	0.000000	0.000000	0.000000	0.000000	0.000000	0.491670	0.376786	0.000000	0.131543	0.000000	0.000000
83	tsk_83	(x)	1	:	0.000000	0.000004	0.000000	0.000000	0.000000	0.000000	0.000000	0.000000	0.000000	0.000000	0.590145	0.000000	0.409851	0.000000	0.000000
84	tsk_84	(x)	1	:	0.000000	0.000005	0.000000	0.000000	0.000000	0.000000	0.000000	0.000000	0.000000	0.000000	0.487865	0.000000	0.512130	0.000000	0.000000
85	tsk_85	(x)	1	:	0.000000	0.000002	0.000000	0.000000	0.382695	0.000000	0.000000	0.000000	0.000000	0.000000	0.390197	0.000000	0.227107	0.000000	0.000000
86	tsk_86	(x)	1	:	0.000000	0.000004	0.000000	0.000000	0.000000	0.000000	0.000022	0.000000	0.499998	0.000000	0.260699	0.000000	0.239278	0.000000	0.000000
87	tsk_87	(x)	1	:	0.000000	0.000001	0.000000	0.000000	0.382694	0.000000	0.000000	0.000000	0.000000	0.000000	0.363435	0.000000	0.253870	0.000000	0.000000
88	tsk_88	(x)	1	:	0.000000	0.000002	0.000000	0.000000	0.000000	0.000000	0.000000	0.000000	0.000000	0.000000	0.621425	0.000000	0.378573	0.000000	0.000000
89	tsk_89	(x)	1	:	0.000000	0.000000	0.000000	1.000000	0.000000	0.000000	0.000000	0.000000	0.000000	0.000000	0.000000	0.000000	0.000000	0.000000	0.000000
90	tsk_90	(x)	1	:	0.000000	0.000006	0.000000	0.000000	0.000000	0.000000	0.000000	0.000000	0.000000	0.000000	0.850503	0.000000	0.149491	0.000000	0.000000
91	tsk_91	(x)	1	:	0.000000	0.000010	0.000000	0.000000	0.000000	0.000000	0.000000	0.000000	0.000000	0.000000	0.350941	0.000000	0.649049	0.000000	0.000000
92	tsk_92	(x)	1	:	0.000000	0.000000	0.000000	0.000000	0.000000	0.000000	0.000000	0.472138	0.000000	0.000000	0.000000	0.527862	0.000000	0.000000	0.000000
93	tsk_93	(x)	1	:	0.000007	0.000000	0.000000	0.000000	0.000000	0.000000	0.000000	0.000000	0.500002	0.000000	0.000000	0.000000	0.000000	0.000000	0.499991
94	tsk_94	(x)	1	:	0.000000	0.000000	0.000000	0.000000	0.000000	0.425797	0.468153	0.000000	0.000000	0.000000	0.000000	0.000000	0.000000	0.106050	0.000000
95	tsk_95	(x)	1	:	0.000000	0.000000	0.000000	0.487006	0.000000	0.000000	0.000053	0.000000	0.023466	0.000000	0.000000	0.489475	0.000000	0.000000	0.000000
96	tsk_96	(x)	1	:	0.000000	0.000001	0.000000	0.459087	0.000000	0.000000	0.000018	0.000000	0.000000	0.000000	0.205260	0.000000	0.335635	0.000000	0.000000
97	tsk_97	(x)	1	:	0.000000	0.000001	0.000000	0.580324	0.000000	0.000000	0.000007	0.000000	0.000000	0.000000	0.281594	0.000000	0.138074	0.000000	0.000000
98	tsk_98	(x)	1	:	0.000005	0.000006	0.000000	0.000000	0.000000	0.000000	0.000030	0.000000	0.005045	0.000000	0.289419	0.000000	0.208869	0.000000	0.496625
99	tsk_99	(x)	1	:	0.000000	0.000003	0.000000	0.000000	0.000000	0.000000	0.000032	0.000000	0.007342	0.000000	0.339991	0.491209	0.161424	0.000000	0.000000
100	tsk_100	(x)	1	:	0.000000	0.000009	0.000000	0.000000	0.000000	0.000000	0.000000	0.000000	0.000000	0.000000	0.533292	0.000000	0.466699	0.000000	0.000000
101	tsk_101	(x)	1	:	0.000003	0.000002	0.000000	0.000000	0.000000	0.000000	0.000023	0.000000	0.005097	0.000000	0.391012	0.000000	0.107270	0.000000	0.496593
102	tsk_102	(x)	1	:	0.000003	0.000002	0.000000	0.000000	0.000000	0.000000	0.000015	0.000000	0.005074	0.000000	0.251373	0.000000	0.246924	0.000000	0.496609
103	tsk_103	(x)	1	:	0.000000	0.000003	0.000000	0.000000	0.000000	0.000000	0.000000	0.000000	0.000000	0.000000	0.588549	0.000000	0.411448	0.000000	0.000000
104	tsk_104	(x)	1	:	0.000000	0.000003	0.000000	0.000000	0.000000	0.000000	0.000000	0.000000	0.000000	0.000000	0.578779	0.000000	0.421218	0.000000	0.000000
105	tsk_105	(x)	1	:	0.000002	0.000002	0.000000	0.000000	0.000000	0.000000	0.000025	0.000000	0.004884	0.000000	0.219924	0.000000	0.278426	0.000000	0.496737
106	tsk_106	(x)	1	:	0.499577	0.000000	0.000000	0.000000	0.000000	0.000000	0.000000	0.000000	0.000000	0.000000	0.000000	0.000000	0.000000	0.000000	0.500423
107	tsk_107	(x)	1	:	0.000000	0.000001	0.000000	0.580324	0.000000	0.000000	0.000006	0.000000	0.000000	0.000000	0.169132	0.000000	0.250538	0.000000	0.000000
108	tsk_108	(x)	1	:	0.000001	0.000002	0.000000	0.000000	0.000000	0.000000	0.000022	0.000000	0.004813	0.000000	0.240615	0.000000	0.257762	0.000000	0.496785
109	tsk_109	(x)	1	:	0.000000	0.000000	0.000000	0.000000	0.000000	0.428188	0.000000	0.000000	0.000000	0.000000	0.200524	0.000000	0.163783	0.207505	0.000000
110	tsk_110	(x)	1	:	0.000000	0.000000	0.000000	0.557260	0.000000	0.442740	0.000000	0.000000	0.000000	0.000000	0.000000	0.000000	0.000000	0.000000	0.000000
111	tsk_111	(x)	1	:	0.000000	0.497005	0.000000	0.000000	0.000000	0.000000	0.000000	0.000000	0.000000	0.000000	0.375433	0.000000	0.127562	0.000000	0.000000
112	tsk_112	(x)	1	:	0.000000	0.499986	0.000000	0.000000	0.000000	0.499995	0.000001	0.000000	0.000000	0.000000	0.000011	0.000000	0.000007	0.000000	0.000000
113	tsk_113	(x)	1	:	0.000000	0.000002	0.000000	0.000000	0.000000	0.000000	0.342322	0.000004	0.000000	0.000000	0.373541	0.000000	0.284130	0.000000	0.000000
114	tsk_114	(x)	1	:	0.000000	0.000001	0.000000	0.000000	0.000000	0.000000	0.000000	0.000000	0.000000	0.000000	0.309575	0.000000	0.690424	0.000000	0.000000
115	tsk_115	(x)	1	:	0.000000	0.000000	0.000000	0.472544	0.000000	0.527453	0.000002	0.000000	0.000000	0.000000	0.000000	0.000000	0.000000	0.000000	0.000000
116	tsk_116	(x)	1	:	0.000000	0.000000	0.000000	0.592120	0.000000	0.000000	0.407578	0.000060	0.000000	0.000000	0.000079	0.000000	0.000162	0.000000	0.000000
117	tsk_117	(x)	1	:	0.000000	0.000002	0.000000	0.000000	0.000000	0.000000	0.342326	0.000000	0.000000	0.000000	0.391333	0.000000	0.266338	0.000000	0.000000
118	tsk_118	(x)	1	:	0.000000	0.000001	0.000000	0.000000	0.000000	0.499991	0.000032	0.000000	0.000000	0.000000	0.188769	0.000000	0.311207	0.000000	0.000000
119	tsk_119	(x)	1	:	0.000010	0.000000	0.000000	0.521034	0.000000	0.000000	0.000000	0.000000	0.000130	0.000000	0.000000	0.000000	0.000000	0.000000	0.478825
120	tsk_120	(x)	1	:	0.000000	0.000000	0.000000	0.000000	0.000000	0.000000	0.000000	0.000000	0.505792	0.494208	0.000000	0.000000	0.000000	0.000000	0.000000
121	tsk_121	(x)	1	:	0.000000	0.000000	0.000000	0.000000	0.000000	0.500000	0.000000	0.000000	0.500000	0.000000	0.000000	0.000000	0.000000	0.000000	0.000000
122	tsk_122	(x)	1	:	0.000000	0.000000	0.000000	0.000000	0.000000	0.000000	0.000000	0.000000	1.000000	0.000000	0.000000	0.000000	0.000000	0.000000	0.000000
123	tsk_123	(x)	1	:	0.000005	0.000000	0.000000	0.000000	0.000000	0.000000	0.000000	0.000000	0.500001	0.000000	0.000000	0.000000	0.000000	0.000000	0.499994
124	tsk_124	(x)	1	:	0.500000	0.000000	0.000000	0.000000	0.000000	0.000000	0.000000	0.000000	0.500000	0.000000	0.000000	0.000000	0.000000	0.000000	0.000000
125	tsk_125	(x)	1	:	0.000005	0.000000	0.000000	0.521041	0.000000	0.000000	0.000000	0.000000	0.000109	0.000000	0.000000	0.000000	0.000000	0.000000	0.478846
126	tsk_126	(x)	1	:	0.499852	0.000000	0.000000	0.000000	0.000000	0.000000	0.000000	0.499911	0.000217	0.000000	0.000000	0.000000	0.000000	0.000000	0.000019
127	tsk_127	(x)	1	:	0.000000	0.000000	0.000000	0.000000	0.000000	0.000000	0.000000	0.000000	1.000000	0.000000	0.000000	0.000000	0.000000	0.000000	0.000000
128	tsk_128	(x)	1	:	0.499951	0.000002	0.000000	0.000000	0.000000	0.000000	0.000023	0.000000	0.000061	0.000000	0.438206	0.000000	0.061746	0.000000	0.000013
129	tsk_129	(x)	1	:	0.000000	0.000000	0.476970	0.000000	0.000000	0.000000	0.000000	0.000000	0.523030	0.000000	0.000000	0.000000	0.000000	0.000000	0.000000
130	tsk_130	(x)	1	:	0.000000	0.000000	0.000000	0.000002	0.000000	0.000000	0.342158	0.657593	0.000000	0.000000	0.000047	0.000000	0.000201	0.000000	0.000000
131	tsk_131	(x)	1	:	0.000000	0.000002	0.000000	0.000000	0.000000	0.000000	0.000000	0.000000	0.000000	0.000000	0.694997	0.000000	0.305000	0.000000	0.000000
132	tsk_132	(x)	1	:	0.000000	0.000002	0.000000	0.000000	0.000000	0.499990	0.000038	0.000000	0.000000	0.000000	0.288640	0.000000	0.211331	0.000000	0.000000
133	tsk_133	(x)	1	:	0.000000	0.000000	0.000000	0.000000	0.000000	0.000000	0.000000	1.000000	0.000000	0.000000	0.000000	0.000000	0.000000	0.000000	0.000000
134	tsk_134	(x)	1	:	0.000000	0.000000	0.000000	0.000000	0.381157	0.000000	0.000000	0.499141	0.000000	0.000000	0.068860	0.000000	0.050842	0.000000	0.000000
135	tsk_135	(x)	1	:	0.000000	0.000002	0.000000	0.000000	0.000000	0.000000	0.342326	0.000000	0.000000	0.000000	0.249124	0.000000	0.408547	0.000000	0.000000
136	tsk_136	(x)	1	:	0.000000	0.000001	0.000000	0.000000	0.000000	0.000000	0.000000	0.499999	0.000000	0.000000	0.131470	0.000000	0.368530	0.000000	0.000000
137	tsk_137	(x)	1	:	0.000000	0.000000	0.000000	0.000000	0.999999	0.000000	0.000000	0.000000	0.000000	0.000000	0.000001	0.000000	0.000000	0.000000	0.000000
138	tsk_138	(x)	1	:	0.000000	0.000003	0.000000	0.000000	0.588806	0.000000	0.000000	0.000000	0.000000	0.000000	0.280100	0.000000	0.131091	0.000000	0.000000
139	tsk_139	(x)	1	:	0.000000	0.000000	0.000000	0.000000	0.381154	0.000000	0.000000	0.499139	0.000000	0.000000	0.079523	0.000000	0.040183	0.000000	0.000000
140	tsk_140	(x)	1	:	0.000001	0.000000	0.000000	0.000000	0.000000	0.000000	0.000000	0.000000	0.012317	0.000000	0.000000	0.487351	0.000000	0.000000	0.500331
141	tsk_141	(x)	1	:	0.000000	0.000001	0.000000	0.000000	0.000000	0.000000	0.000024	0.000000	0.499997	0.000000	0.268621	0.000000	0.231357	0.000000	0.000000
142	tsk_142	(x)	1	:	0.000000	0.000000	0.000000	0.000000	0.000000	0.503045	0.344307	0.000026	0.000000	0.152538	0.000042	0.000000	0.000042	0.000000	0.000000
143	tsk_143	(x)	1	:	0.000000	0.000000	0.000000	0.000000	0.000000	0.000000	0.000000	0.000000	0.011005	0.000000	0.000000	0.488138	0.000000	0.000000	0.500856
144	tsk_144	(x)	1	:	0.000000	0.000000	0.000000	0.487341	0.000000	0.000000	0.000086	0.000000	0.021982	0.000000	0.000000	0.490590	0.000000	0.000000	0.000000
145	tsk_145	(x)	1	:	0.000000	0.000000	0.000000	0.000000	0.000000	0.500000	0.000000	0.000000	0.500000	0.000000	0.000000	0.000000	0.000000	0.000000	0.000000
146	tsk_146	(x)	1	:	0.000000	0.000000	0.000000	0.000000	0.000000	0.000000	0.463088	0.000040	0.536792	0.000000	0.000041	0.000000	0.000040	0.000000	0.000000
147	tsk_147	(x)	1	:	0.000000	0.000000	0.000000	0.486199	0.000000	0.000000	0.000000	0.000000	0.513801	0.000000	0.000000	0.000000	0.000000	0.000000	0.000000
148	tsk_148	(x)	1	:	0.000000	0.000000	0.000000	0.000000	0.000000	0.000000	0.000000	0.000000	0.009296	0.000000	0.000000	0.489164	0.000000	0.000000	0.501539
149	tsk_149	(x)	1	:	0.000000	0.000000	0.000000	0.000000	0.000000	0.392527	0.000000	0.000000	0.471919	0.135554	0.000000	0.000000	0.000000	0.000000	0.000000
