logL = -811.420236 (converged)
AIC = 6530.840471
BIC = 13918.939483

count.K
3 24 33 8 1 9 1 20 9 2 11 7 16 6 

