logL = -1439.198738 (converged)
AIC = 6934.397476
BIC = 13039.965852

count.K
19 2 15 22 6 35 1 10 12 28 0 

