0	tsk_0	(x)	1	:	0.000000	0.000000	0.000000	0.000000	0.000000	0.000000	0.000034	0.547645	0.000000	0.000000	0.000000	0.000000	0.452321
1	tsk_1	(x)	1	:	0.000000	0.000000	0.000000	0.509782	0.000000	0.490216	0.000002	0.000000	0.000000	0.000000	0.000000	0.000000	0.000000
2	tsk_2	(x)	1	:	0.000000	0.000000	0.640667	0.000000	0.000000	0.000000	0.000000	0.000000	0.000000	0.000000	0.000000	0.359333	0.000000
3	tsk_3	(x)	1	:	0.000000	0.050747	0.000000	0.000000	0.071805	0.000000	0.033954	0.373394	0.010348	0.000000	0.000000	0.000000	0.459753
4	tsk_4	(x)	1	:	0.000000	0.000000	0.000000	0.000000	0.000000	0.000000	0.000000	0.000000	0.000000	0.000000	0.000000	0.000000	1.000000
5	tsk_5	(x)	1	:	0.000000	0.000000	0.000147	0.000000	0.000000	0.000000	0.000000	0.000000	0.000000	0.000000	0.521549	0.000000	0.478304
6	tsk_6	(x)	1	:	0.000000	0.000000	0.000000	0.000000	0.000000	0.000000	0.000093	0.547618	0.000000	0.000000	0.000000	0.000000	0.452289
7	tsk_7	(x)	1	:	0.000000	0.164484	0.000000	0.000000	0.226225	0.000000	0.000000	0.374298	0.234993	0.000000	0.000000	0.000000	0.000000
8	tsk_8	(x)	1	:	0.000000	0.000000	0.000000	0.509781	0.000000	0.490216	0.000002	0.000000	0.000000	0.000000	0.000000	0.000000	0.000000
9	tsk_9	(x)	1	:	0.000000	0.000000	0.484017	0.000000	0.000000	0.000000	0.000000	0.000000	0.000000	0.000000	0.515983	0.000000	0.000000
10	tsk_10	(x)	1	:	0.000000	0.000000	0.000007	0.000000	0.000000	0.497784	0.002125	0.000000	0.000000	0.000000	0.500085	0.000000	0.000000
11	tsk_11	(x)	1	:	0.000000	0.193257	0.000000	0.000000	0.250599	0.000000	0.000000	0.374298	0.181845	0.000000	0.000000	0.000000	0.000000
12	tsk_12	(x)	1	:	0.000000	0.060099	0.000000	0.000000	0.289828	0.497324	0.008390	0.000000	0.144360	0.000000	0.000000	0.000000	0.000000
13	tsk_13	(x)	1	:	0.000000	0.019043	0.000000	0.000000	0.068942	0.497317	0.008898	0.374697	0.031103	0.000000	0.000000	0.000000	0.000000
14	tsk_14	(x)	1	:	0.000000	0.000000	0.000000	0.404964	0.000000	0.000000	0.095737	0.000000	0.000000	0.000000	0.499299	0.000000	0.000000
15	tsk_15	(x)	1	:	0.000000	0.000000	0.000000	0.406139	0.000000	0.000000	0.093925	0.000000	0.000000	0.000000	0.499936	0.000000	0.000000
16	tsk_16	(x)	1	:	0.000000	0.000000	0.000000	0.000000	0.000000	0.497499	0.047110	0.000000	0.000000	0.000000	0.000000	0.000000	0.455390
17	tsk_17	(x)	1	:	0.000000	0.000000	0.000000	0.000000	0.000000	0.000000	0.000000	0.000000	0.000000	0.000000	1.000000	0.000000	0.000000
18	tsk_18	(x)	1	:	0.000000	0.417742	0.000000	0.000000	0.368159	0.000000	0.000000	0.000000	0.214099	0.000000	0.000000	0.000000	0.000000
19	tsk_19	(x)	1	:	0.000000	0.236628	0.000000	0.000000	0.143379	0.497318	0.008469	0.000000	0.114206	0.000000	0.000000	0.000000	0.000000
20	tsk_20	(x)	1	:	0.000000	0.000000	0.000000	0.509781	0.000000	0.490216	0.000002	0.000000	0.000000	0.000000	0.000000	0.000000	0.000000
21	tsk_21	(x)	1	:	0.000000	0.000000	0.000000	1.000000	0.000000	0.000000	0.000000	0.000000	0.000000	0.000000	0.000000	0.000000	0.000000
22	tsk_22	(x)	1	:	0.000000	0.000000	0.000000	1.000000	0.000000	0.000000	0.000000	0.000000	0.000000	0.000000	0.000000	0.000000	0.000000
23	tsk_23	(x)	1	:	0.000000	0.060563	0.000000	0.534805	0.226101	0.000000	0.000039	0.000000	0.178492	0.000000	0.000000	0.000000	0.000000
24	tsk_24	(x)	1	:	0.000000	0.000000	0.000000	1.000000	0.000000	0.000000	0.000000	0.000000	0.000000	0.000000	0.000000	0.000000	0.000000
25	tsk_25	(x)	1	:	0.000000	0.000000	0.550372	0.449628	0.000000	0.000000	0.000000	0.000000	0.000000	0.000000	0.000000	0.000000	0.000000
26	tsk_26	(x)	1	:	0.000000	0.000000	0.000000	0.509781	0.000000	0.490216	0.000003	0.000000	0.000000	0.000000	0.000000	0.000000	0.000000
27	tsk_27	(x)	1	:	0.000014	0.000000	0.000000	0.405631	0.000000	0.000000	0.169284	0.000000	0.000000	0.000000	0.000000	0.425071	0.000000
28	tsk_28	(x)	1	:	0.000000	0.000000	0.640991	0.359009	0.000000	0.000000	0.000000	0.000000	0.000000	0.000000	0.000000	0.000000	0.000000
29	tsk_29	(x)	1	:	0.000000	0.000000	0.550372	0.449628	0.000000	0.000000	0.000000	0.000000	0.000000	0.000000	0.000000	0.000000	0.000000
30	tsk_30	(x)	1	:	0.000000	0.041692	0.000000	0.518657	0.095702	0.000000	0.000663	0.287116	0.056170	0.000000	0.000000	0.000000	0.000000
31	tsk_31	(x)	1	:	0.000000	0.000000	0.000000	0.000000	0.000001	0.000000	0.000000	0.999997	0.000001	0.000000	0.000000	0.000000	0.000000
32	tsk_32	(x)	1	:	0.000000	0.000000	0.000000	1.000000	0.000000	0.000000	0.000000	0.000000	0.000000	0.000000	0.000000	0.000000	0.000000
33	tsk_33	(x)	1	:	0.000000	0.040183	0.000000	0.000000	0.118062	0.000000	0.124190	0.287032	0.054719	0.000000	0.000000	0.000000	0.375813
34	tsk_34	(x)	1	:	0.000000	0.071524	0.000009	0.000000	0.041344	0.000000	0.003290	0.374346	0.010130	0.000000	0.499357	0.000000	0.000000
35	tsk_35	(x)	1	:	0.000000	0.000000	0.000000	0.406122	0.000000	0.000000	0.093951	0.000000	0.000000	0.000000	0.499927	0.000000	0.000000
36	tsk_36	(x)	1	:	0.000000	0.000000	0.000000	0.406136	0.000000	0.000000	0.093930	0.000000	0.000000	0.000000	0.499935	0.000000	0.000000
37	tsk_37	(x)	1	:	0.000000	0.239529	0.000011	0.000000	0.222299	0.000000	0.003583	0.000000	0.035298	0.000000	0.499281	0.000000	0.000000
38	tsk_38	(x)	1	:	0.000001	0.028604	0.000000	0.518625	0.110693	0.000000	0.000770	0.287113	0.054195	0.000000	0.000000	0.000000	0.000000
39	tsk_39	(x)	1	:	0.000000	0.000000	0.519500	0.000000	0.000000	0.000000	0.000000	0.000000	0.000000	0.000000	0.480500	0.000000	0.000000
40	tsk_40	(x)	1	:	0.000000	0.143576	0.000000	0.000000	0.212257	0.000000	0.500000	0.000000	0.144167	0.000000	0.000000	0.000000	0.000000
41	tsk_41	(x)	1	:	0.000000	0.000000	0.925353	0.000000	0.000000	0.000000	0.074647	0.000000	0.000000	0.000000	0.000000	0.000000	0.000000
42	tsk_42	(x)	1	:	0.000000	0.000000	0.318358	0.407913	0.000000	0.000000	0.273729	0.000000	0.000000	0.000000	0.000000	0.000000	0.000000
43	tsk_43	(x)	1	:	0.000000	0.000000	0.519500	0.000000	0.000000	0.000000	0.000000	0.000000	0.000000	0.000000	0.480500	0.000000	0.000000
44	tsk_44	(x)	1	:	0.000000	0.148594	0.000000	0.000000	0.183562	0.000000	0.033091	0.000000	0.174457	0.000000	0.000000	0.000000	0.460296
45	tsk_45	(x)	1	:	0.000000	0.000000	0.000000	0.000000	0.000000	0.000000	0.624072	0.000000	0.000000	0.000000	0.000000	0.000000	0.375928
46	tsk_46	(x)	1	:	0.000000	0.149663	0.000000	0.000000	0.223269	0.000000	0.499999	0.000000	0.127069	0.000000	0.000000	0.000000	0.000000
47	tsk_47	(x)	1	:	0.000000	0.350414	0.000014	0.000000	0.105116	0.000000	0.005603	0.000000	0.039974	0.000000	0.498878	0.000000	0.000000
48	tsk_48	(x)	1	:	0.000000	0.000000	0.545703	0.000000	0.000000	0.000000	0.012315	0.000000	0.000000	0.000000	0.000000	0.000000	0.441982
49	tsk_49	(x)	1	:	0.000000	0.227110	0.315782	0.000000	0.126474	0.000000	0.184139	0.000000	0.146494	0.000000	0.000000	0.000000	0.000000
50	tsk_50	(x)	1	:	0.000000	0.000000	0.559466	0.000000	0.000000	0.000000	0.440534	0.000000	0.000000	0.000000	0.000000	0.000000	0.000000
51	tsk_51	(x)	1	:	0.000000	0.000000	1.000000	0.000000	0.000000	0.000000	0.000000	0.000000	0.000000	0.000000	0.000000	0.000000	0.000000
52	tsk_52	(x)	1	:	0.000000	0.000000	0.705278	0.000000	0.000000	0.000000	0.000000	0.000000	0.000000	0.000000	0.000000	0.000000	0.294722
53	tsk_53	(x)	1	:	1.000000	0.000000	0.000000	0.000000	0.000000	0.000000	0.000000	0.000000	0.000000	0.000000	0.000000	0.000000	0.000000
54	tsk_54	(x)	1	:	0.500001	0.000000	0.000000	0.000000	0.000000	0.000000	0.499999	0.000000	0.000000	0.000000	0.000000	0.000000	0.000000
55	tsk_55	(x)	1	:	1.000000	0.000000	0.000000	0.000000	0.000000	0.000000	0.000000	0.000000	0.000000	0.000000	0.000000	0.000000	0.000000
56	tsk_56	(x)	1	:	0.000000	0.107219	0.535148	0.000000	0.154395	0.000000	0.000091	0.000000	0.203147	0.000000	0.000000	0.000000	0.000000
57	tsk_57	(x)	1	:	1.000000	0.000000	0.000000	0.000000	0.000000	0.000000	0.000000	0.000000	0.000000	0.000000	0.000000	0.000000	0.000000
58	tsk_58	(x)	1	:	0.500001	0.000000	0.000000	0.000000	0.000000	0.000000	0.499999	0.000000	0.000000	0.000000	0.000000	0.000000	0.000000
59	tsk_59	(x)	1	:	0.000000	0.093156	0.000000	0.000000	0.255930	0.000000	0.500000	0.000000	0.150914	0.000000	0.000000	0.000000	0.000000
60	tsk_60	(x)	1	:	0.000000	0.000000	0.000034	0.518507	0.000000	0.000000	0.000000	0.000000	0.000000	0.000000	0.481458	0.000000	0.000000
61	tsk_61	(x)	1	:	0.000000	0.000000	0.000008	0.000000	0.000000	0.000000	0.008944	0.000000	0.000000	0.491418	0.499630	0.000000	0.000000
62	tsk_62	(x)	1	:	0.000000	0.356550	0.000000	0.000000	0.432579	0.000000	0.000000	0.000000	0.210871	0.000000	0.000000	0.000000	0.000000
63	tsk_63	(x)	1	:	0.000000	0.263712	0.000000	0.000000	0.219947	0.000000	0.070573	0.000000	0.017535	0.000000	0.000000	0.428232	0.000000
64	tsk_64	(x)	1	:	0.000000	0.000055	0.000000	0.000000	0.000627	0.000000	0.000000	0.000000	0.449509	0.000000	0.000000	0.000000	0.549808
65	tsk_65	(x)	1	:	0.000000	0.057076	0.000000	0.000000	0.276735	0.000000	0.015757	0.000000	0.160139	0.490293	0.000000	0.000000	0.000000
66	tsk_66	(x)	1	:	0.000000	0.000000	0.000000	0.545960	0.000000	0.000000	0.000211	0.000000	0.000000	0.000000	0.000000	0.000000	0.453829
67	tsk_67	(x)	1	:	0.000000	0.000000	0.000000	0.000000	0.000000	0.000000	0.000066	0.000000	0.000000	0.000000	0.000000	0.429126	0.570809
68	tsk_68	(x)	1	:	0.000000	0.101867	0.000000	0.000000	0.253130	0.000000	0.015800	0.000000	0.138919	0.490285	0.000000	0.000000	0.000000
69	tsk_69	(x)	1	:	0.000000	0.000000	0.000017	0.000000	0.000000	0.000000	0.499989	0.000000	0.000000	0.000000	0.499994	0.000000	0.000000
70	tsk_70	(x)	1	:	0.000000	0.461668	0.000000	0.000000	0.375554	0.000000	0.000000	0.000000	0.162778	0.000000	0.000000	0.000000	0.000000
71	tsk_71	(x)	1	:	0.000000	0.105477	0.000000	0.000000	0.541462	0.000000	0.000000	0.000000	0.353061	0.000000	0.000000	0.000000	0.000000
72	tsk_72	(x)	1	:	0.000000	0.283805	0.000000	0.000000	0.350152	0.000000	0.000000	0.000000	0.366043	0.000000	0.000000	0.000000	0.000000
73	tsk_73	(x)	1	:	0.000000	0.330794	0.000015	0.000000	0.114005	0.000000	0.005583	0.000000	0.050721	0.000000	0.498882	0.000000	0.000000
74	tsk_74	(x)	1	:	0.000002	0.080750	0.000000	0.406468	0.164427	0.000000	0.093512	0.000000	0.254841	0.000000	0.000000	0.000000	0.000000
75	tsk_75	(x)	1	:	0.000000	0.153837	0.000000	0.000000	0.225701	0.000000	0.499999	0.000000	0.120463	0.000000	0.000000	0.000000	0.000000
76	tsk_76	(x)	1	:	0.000000	0.280734	0.000012	0.000000	0.131455	0.000000	0.006741	0.000000	0.082404	0.000000	0.498655	0.000000	0.000000
77	tsk_77	(x)	1	:	0.000000	0.230287	0.000000	0.000000	0.568988	0.000000	0.000000	0.000000	0.200724	0.000000	0.000000	0.000000	0.000000
78	tsk_78	(x)	1	:	0.000000	0.185415	0.000000	0.000000	0.133728	0.000000	0.499998	0.000000	0.180859	0.000000	0.000000	0.000000	0.000000
79	tsk_79	(x)	1	:	0.000000	0.144590	0.000000	0.000000	0.575646	0.000000	0.000000	0.000000	0.279764	0.000000	0.000000	0.000000	0.000000
80	tsk_80	(x)	1	:	0.000000	0.098584	0.000000	0.000000	0.215554	0.000000	0.071012	0.000000	0.186828	0.000000	0.000000	0.428021	0.000000
81	tsk_81	(x)	1	:	0.000000	0.000000	0.000000	0.000000	0.000000	0.000000	1.000000	0.000000	0.000000	0.000000	0.000000	0.000000	0.000000
82	tsk_82	(x)	1	:	0.000008	0.000000	0.000000	0.406437	0.000000	0.000000	0.166462	0.000000	0.000000	0.000000	0.000000	0.427093	0.000000
83	tsk_83	(x)	1	:	0.000000	0.253170	0.000000	0.000000	0.100515	0.000000	0.069939	0.000000	0.147841	0.000000	0.000000	0.428536	0.000000
84	tsk_84	(x)	1	:	0.000000	0.000000	0.000000	0.000000	0.000000	0.000000	0.000000	0.000000	0.000000	1.000000	0.000000	0.000000	0.000000
85	tsk_85	(x)	1	:	0.000000	0.162737	0.000000	0.000000	0.439710	0.000000	0.000000	0.000000	0.397552	0.000000	0.000000	0.000000	0.000000
86	tsk_86	(x)	1	:	0.000000	0.000000	0.000000	0.000000	0.000000	0.000000	0.081199	0.000000	0.000000	0.491754	0.000000	0.427047	0.000000
87	tsk_87	(x)	1	:	0.000000	0.002697	0.000000	0.000000	0.018767	0.000000	0.000006	0.286432	0.149833	0.542264	0.000000	0.000000	0.000000
88	tsk_88	(x)	1	:	0.000000	0.269193	0.000000	0.000000	0.463707	0.000000	0.000000	0.000000	0.267100	0.000000	0.000000	0.000000	0.000000
89	tsk_89	(x)	1	:	0.000000	0.049748	0.000000	0.000000	0.109062	0.000000	0.034457	0.286726	0.060372	0.000000	0.000000	0.000000	0.459635
90	tsk_90	(x)	1	:	0.000000	0.109837	0.000000	0.000000	0.231725	0.000000	0.036052	0.000000	0.163049	0.000000	0.000000	0.000000	0.459337
91	tsk_91	(x)	1	:	0.000002	0.083256	0.000000	0.406469	0.135317	0.000000	0.093508	0.000000	0.281448	0.000000	0.000000	0.000000	0.000000
92	tsk_92	(x)	1	:	0.000000	0.198632	0.000000	0.000000	0.394422	0.000000	0.000000	0.000000	0.406946	0.000000	0.000000	0.000000	0.000000
93	tsk_93	(x)	1	:	0.000000	0.211687	0.000000	0.000000	0.412157	0.000000	0.000000	0.000000	0.376155	0.000000	0.000000	0.000000	0.000000
94	tsk_94	(x)	1	:	0.000000	0.316666	0.000014	0.000000	0.163929	0.000000	0.005210	0.000000	0.015224	0.000000	0.498957	0.000000	0.000000
95	tsk_95	(x)	1	:	0.000000	0.311763	0.000015	0.000000	0.138499	0.000000	0.005065	0.000000	0.045673	0.000000	0.498985	0.000000	0.000000
96	tsk_96	(x)	1	:	0.000000	0.277436	0.000000	0.000000	0.480952	0.000000	0.000000	0.000000	0.241612	0.000000	0.000000	0.000000	0.000000
97	tsk_97	(x)	1	:	0.000000	0.214145	0.000015	0.000000	0.225324	0.000000	0.004788	0.000000	0.056689	0.000000	0.499040	0.000000	0.000000
98	tsk_98	(x)	1	:	0.000000	0.322799	0.000000	0.000000	0.427941	0.000000	0.000000	0.000000	0.249260	0.000000	0.000000	0.000000	0.000000
99	tsk_99	(x)	1	:	0.000000	0.000000	0.000000	0.406125	0.000000	0.000000	0.093946	0.000000	0.000000	0.000000	0.499929	0.000000	0.000000
100	tsk_100	(x)	1	:	0.000000	0.155444	0.000000	0.000000	0.190882	0.000000	0.034972	0.000000	0.159015	0.000000	0.000000	0.000000	0.459686
101	tsk_101	(x)	1	:	0.000000	0.000000	0.000000	0.405381	0.000000	0.000000	0.095095	0.000000	0.000000	0.000000	0.499525	0.000000	0.000000
102	tsk_102	(x)	1	:	0.000000	0.203230	0.000000	0.000000	0.144215	0.000000	0.035443	0.000000	0.157578	0.000000	0.000000	0.000000	0.459534
103	tsk_103	(x)	1	:	0.000000	0.104227	0.000000	0.000000	0.270265	0.000000	0.035388	0.000000	0.130569	0.000000	0.000000	0.000000	0.459552
104	tsk_104	(x)	1	:	0.000000	0.000000	0.000000	0.000000	0.000000	0.000000	0.000000	0.000000	0.000000	0.000000	0.000000	0.000000	1.000000
105	tsk_105	(x)	1	:	0.000000	0.041177	0.000000	0.000000	0.046063	0.000000	0.033354	0.373359	0.046110	0.000000	0.000000	0.000000	0.459937
106	tsk_106	(x)	1	:	0.000000	0.119055	0.000000	0.000000	0.243628	0.000000	0.499999	0.000000	0.137318	0.000000	0.000000	0.000000	0.000000
107	tsk_107	(x)	1	:	0.000000	0.131587	0.000000	0.518666	0.112835	0.000000	0.000853	0.000000	0.236060	0.000000	0.000000	0.000000	0.000000
108	tsk_108	(x)	1	:	0.000000	0.260655	0.000009	0.000000	0.200309	0.000000	0.005566	0.000000	0.034573	0.000000	0.498888	0.000000	0.000000
109	tsk_109	(x)	1	:	0.000000	0.006083	0.000000	0.000000	0.036547	0.000000	0.033791	0.373386	0.090390	0.000000	0.000000	0.000000	0.459804
110	tsk_110	(x)	1	:	0.000000	0.000000	0.000000	0.509781	0.000000	0.490216	0.000003	0.000000	0.000000	0.000000	0.000000	0.000000	0.000000
111	tsk_111	(x)	1	:	0.000000	0.000000	0.000000	0.545973	0.000000	0.000000	0.000181	0.000000	0.000000	0.000000	0.000000	0.000000	0.453846
112	tsk_112	(x)	1	:	0.000000	0.000000	0.000000	0.000000	0.000000	1.000000	0.000000	0.000000	0.000000	0.000000	0.000000	0.000000	0.000000
113	tsk_113	(x)	1	:	0.000000	0.000000	0.000000	1.000000	0.000000	0.000000	0.000000	0.000000	0.000000	0.000000	0.000000	0.000000	0.000000
114	tsk_114	(x)	1	:	0.000000	0.146949	0.000000	0.000000	0.289408	0.497318	0.008477	0.000000	0.057848	0.000000	0.000000	0.000000	0.000000
115	tsk_115	(x)	1	:	0.000000	0.133543	0.000000	0.000000	0.190941	0.516114	0.001809	0.000000	0.157594	0.000000	0.000000	0.000000	0.000000
116	tsk_116	(x)	1	:	0.000000	0.000000	0.000000	1.000000	0.000000	0.000000	0.000000	0.000000	0.000000	0.000000	0.000000	0.000000	0.000000
117	tsk_117	(x)	1	:	0.000000	0.000000	0.000000	0.000000	0.000000	1.000000	0.000000	0.000000	0.000000	0.000000	0.000000	0.000000	0.000000
118	tsk_118	(x)	1	:	0.000000	0.000000	0.000005	0.000000	0.000000	0.000000	0.009758	0.000000	0.000000	0.491012	0.499225	0.000000	0.000000
119	tsk_119	(x)	1	:	0.000000	0.097427	0.000000	0.000000	0.364509	0.516115	0.001784	0.000000	0.020165	0.000000	0.000000	0.000000	0.000000
120	tsk_120	(x)	1	:	0.000000	0.000000	0.519500	0.000000	0.000000	0.000000	0.000000	0.000000	0.000000	0.000000	0.480500	0.000000	0.000000
121	tsk_121	(x)	1	:	0.000000	0.301553	0.000000	0.000000	0.503735	0.000000	0.000000	0.000000	0.194712	0.000000	0.000000	0.000000	0.000000
122	tsk_122	(x)	1	:	0.000001	0.011231	0.000000	0.406461	0.049656	0.000000	0.093528	0.374240	0.064883	0.000000	0.000000	0.000000	0.000000
123	tsk_123	(x)	1	:	0.000000	0.304122	0.000013	0.000000	0.181056	0.000000	0.006053	0.000000	0.009965	0.000000	0.498790	0.000000	0.000000
124	tsk_124	(x)	1	:	0.000009	0.000000	0.000000	0.406359	0.000000	0.000000	0.166729	0.000000	0.000000	0.000000	0.000000	0.426902	0.000000
125	tsk_125	(x)	1	:	0.000000	0.276660	0.000013	0.000000	0.184257	0.000000	0.004918	0.000000	0.035137	0.000000	0.499014	0.000000	0.000000
126	tsk_126	(x)	1	:	0.000000	0.350853	0.000000	0.000000	0.197156	0.000000	0.000000	0.000000	0.451991	0.000000	0.000000	0.000000	0.000000
127	tsk_127	(x)	1	:	0.000000	0.298223	0.000014	0.000000	0.148446	0.000000	0.005490	0.000000	0.048926	0.000000	0.498901	0.000000	0.000000
128	tsk_128	(x)	1	:	0.000000	0.000000	0.000000	0.406104	0.000000	0.000000	0.093979	0.000000	0.000000	0.000000	0.499917	0.000000	0.000000
129	tsk_129	(x)	1	:	0.000002	0.022199	0.000000	0.406475	0.064254	0.000000	0.093513	0.374270	0.039288	0.000000	0.000000	0.000000	0.000000
130	tsk_130	(x)	1	:	0.000000	0.061262	0.510025	0.000000	0.179427	0.000000	0.013369	0.000000	0.235916	0.000000	0.000000	0.000000	0.000000
131	tsk_131	(x)	1	:	0.000000	0.126441	0.315783	0.000000	0.294864	0.000000	0.184138	0.000000	0.078774	0.000000	0.000000	0.000000	0.000000
132	tsk_132	(x)	1	:	0.000000	0.000000	0.519500	0.000000	0.000000	0.000000	0.000000	0.000000	0.000000	0.000000	0.480500	0.000000	0.000000
133	tsk_133	(x)	1	:	0.000000	0.036296	0.510041	0.000000	0.136101	0.000000	0.013326	0.000000	0.304235	0.000000	0.000000	0.000000	0.000000
134	tsk_134	(x)	1	:	0.000000	0.262679	0.000000	0.000000	0.513119	0.000000	0.000000	0.000000	0.224202	0.000000	0.000000	0.000000	0.000000
135	tsk_135	(x)	1	:	0.000000	0.207852	0.000000	0.000000	0.615493	0.000000	0.000000	0.000000	0.176656	0.000000	0.000000	0.000000	0.000000
136	tsk_136	(x)	1	:	0.000000	0.000000	0.925437	0.000000	0.000000	0.000000	0.074563	0.000000	0.000000	0.000000	0.000000	0.000000	0.000000
137	tsk_137	(x)	1	:	0.000000	0.000000	0.574861	0.425139	0.000000	0.000000	0.000000	0.000000	0.000000	0.000000	0.000000	0.000000	0.000000
138	tsk_138	(x)	1	:	0.000000	0.278248	0.000000	0.000000	0.495958	0.000000	0.000000	0.000000	0.225793	0.000000	0.000000	0.000000	0.000000
139	tsk_139	(x)	1	:	0.000000	0.227287	0.000000	0.000000	0.517459	0.000000	0.000000	0.000000	0.255254	0.000000	0.000000	0.000000	0.000000
140	tsk_140	(x)	1	:	0.000000	0.000000	0.000048	0.000000	0.000000	0.000000	0.000000	0.000000	0.000000	0.000000	0.461478	0.538474	0.000000
141	tsk_141	(x)	1	:	0.000000	0.086839	0.000000	0.000000	0.215448	0.000000	0.068595	0.000000	0.199937	0.000000	0.000000	0.429181	0.000000
142	tsk_142	(x)	1	:	0.000000	0.000000	0.000000	0.000000	0.000000	0.000000	0.000000	0.000000	0.000000	0.000000	1.000000	0.000000	0.000000
143	tsk_143	(x)	1	:	0.000000	0.000000	0.000006	0.000000	0.000000	0.497890	0.001671	0.000000	0.000000	0.000000	0.500432	0.000000	0.000000
144	tsk_144	(x)	1	:	0.000000	0.000000	0.000048	0.000000	0.000000	0.000000	0.000000	0.000000	0.000000	0.000000	0.461478	0.538474	0.000000
145	tsk_145	(x)	1	:	0.000000	0.051628	0.000000	0.000000	0.259736	0.000000	0.000004	0.000000	0.140411	0.000000	0.000000	0.000000	0.548221
146	tsk_146	(x)	1	:	0.000000	0.000000	0.000033	0.000000	0.000000	0.000000	0.000045	0.000000	0.000000	0.000000	0.461468	0.538454	0.000000
147	tsk_147	(x)	1	:	0.000000	0.000000	0.000000	0.405367	0.000000	0.000000	0.095115	0.000000	0.000000	0.000000	0.499517	0.000000	0.000000
148	tsk_148	(x)	1	:	0.000000	0.269378	0.000012	0.000000	0.120500	0.000000	0.005547	0.000000	0.105672	0.000000	0.498890	0.000000	0.000000
149	tsk_149	(x)	1	:	0.000000	0.000000	0.000000	0.000000	0.000000	0.000000	0.000000	0.000000	0.000000	0.000000	1.000000	0.000000	0.000000
