logL = -1345.782633 (converged)
AIC = 5383.565267
BIC = 9435.880372

count.K
15 14 68 16 4 23 7 3 

