logL = -1855.745697 (converged)
AIC = 4171.491395
BIC = 4863.937512

count.K
106 44 

