logL = -850.869006 (converged)
AIC = 6777.738012
BIC = 14418.730388

count.K
7 4 9 13 5 2 4 0 11 9 10 42 22 12 

