logL = -878.792731 (converged)
AIC = 5177.585461
BIC = 10325.771814

count.K
7 7 0 19 32 16 7 27 18 17 

