logL = -564.443147 (converged)
AIC = 3960.886293
BIC = 8223.945870

count.K
12 25 8 28 50 6 9 10 2 

