logL = -1284.426478 (converged)
AIC = 6852.852956
BIC = 13301.633756

count.K
1 6 13 1 29 33 22 5 13 3 23 1 

