0	tsk_0	(x)	1	:	0.000000	0.999994	0.000000	0.000000	0.000000	0.000000	0.000000	0.000000	0.000000	0.000000	0.000006	0.000000	0.000000	0.000000
1	tsk_1	(x)	1	:	0.000000	0.999991	0.000000	0.000000	0.000000	0.000000	0.000000	0.000000	0.000000	0.000000	0.000009	0.000000	0.000000	0.000000
2	tsk_2	(x)	1	:	0.000000	0.478461	0.000000	0.000000	0.521533	0.000000	0.000000	0.000000	0.000000	0.000000	0.000006	0.000000	0.000000	0.000000
3	tsk_3	(x)	1	:	0.000000	0.498033	0.000000	0.000000	0.000000	0.000000	0.000321	0.000000	0.000000	0.000000	0.000013	0.501633	0.000000	0.000000
4	tsk_4	(x)	1	:	0.000000	0.000000	0.000000	0.000000	0.520758	0.000000	0.019040	0.000000	0.000000	0.000000	0.000000	0.000000	0.000000	0.460202
5	tsk_5	(x)	1	:	0.000000	0.000000	0.000000	0.000000	0.000000	0.000000	0.000000	0.000000	0.000000	0.000000	0.000000	0.000000	0.000000	1.000000
6	tsk_6	(x)	1	:	0.000000	0.497624	0.000000	0.000000	0.000000	0.000000	0.042574	0.000000	0.000000	0.000000	0.000005	0.000000	0.000000	0.459797
7	tsk_7	(x)	1	:	0.000000	0.000000	0.000000	0.000000	0.454615	0.000000	0.085112	0.000000	0.000000	0.000000	0.000000	0.000000	0.000000	0.460273
8	tsk_8	(x)	1	:	0.000000	0.478464	0.000000	0.000000	0.521533	0.000000	0.000000	0.000000	0.000000	0.000000	0.000003	0.000000	0.000000	0.000000
9	tsk_9	(x)	1	:	0.000000	0.498152	0.000000	0.000000	0.000000	0.000000	0.000133	0.000000	0.000000	0.000000	0.000005	0.501711	0.000000	0.000000
10	tsk_10	(x)	1	:	0.000000	0.000000	0.000000	0.000000	0.000000	0.000000	0.022757	0.000000	0.516910	0.000000	0.000000	0.000000	0.000000	0.460334
11	tsk_11	(x)	1	:	1.000000	0.000000	0.000000	0.000000	0.000000	0.000000	0.000000	0.000000	0.000000	0.000000	0.000000	0.000000	0.000000	0.000000
12	tsk_12	(x)	1	:	0.513054	0.000000	0.000000	0.000000	0.000000	0.486946	0.000000	0.000000	0.000000	0.000000	0.000000	0.000000	0.000000	0.000000
13	tsk_13	(x)	1	:	0.426776	0.000000	0.000000	0.000000	0.520770	0.000000	0.052453	0.000000	0.000000	0.000000	0.000000	0.000000	0.000000	0.000000
14	tsk_14	(x)	1	:	0.000000	0.000000	0.000000	0.000000	0.000000	0.500000	0.000000	0.000000	0.000000	0.000000	0.000000	0.000000	0.500000	0.000000
15	tsk_15	(x)	1	:	0.513054	0.000000	0.000000	0.000000	0.000000	0.486946	0.000000	0.000000	0.000000	0.000000	0.000000	0.000000	0.000000	0.000000
16	tsk_16	(x)	1	:	0.522394	0.000000	0.000000	0.000000	0.000000	0.000000	0.000000	0.000000	0.000000	0.000000	0.000000	0.000000	0.477606	0.000000
17	tsk_17	(x)	1	:	0.000000	0.000000	0.000000	0.000000	0.000000	0.000000	0.000000	0.000000	0.511753	0.000000	0.000000	0.000000	0.488247	0.000000
18	tsk_18	(x)	1	:	0.505835	0.000000	0.000000	0.000000	0.000000	0.000000	0.000000	0.000000	0.494165	0.000000	0.000000	0.000000	0.000000	0.000000
19	tsk_19	(x)	1	:	1.000000	0.000000	0.000000	0.000000	0.000000	0.000000	0.000000	0.000000	0.000000	0.000000	0.000000	0.000000	0.000000	0.000000
20	tsk_20	(x)	1	:	0.000000	0.000000	0.000000	0.000000	0.000000	0.000000	0.000000	0.000000	0.000000	0.000000	0.528631	0.000000	0.000000	0.471369
21	tsk_21	(x)	1	:	0.000000	0.000000	0.508041	0.000000	0.000000	0.000000	0.000000	0.000000	0.000000	0.000000	0.491694	0.000000	0.000265	0.000000
22	tsk_22	(x)	1	:	0.426793	0.000000	0.496245	0.000000	0.000000	0.000000	0.071292	0.000000	0.000000	0.000000	0.000000	0.000000	0.005670	0.000000
23	tsk_23	(x)	1	:	0.000000	0.000000	0.000000	0.000000	0.000000	0.000000	0.006416	0.000000	0.000000	0.000000	0.495055	0.000000	0.000000	0.498529
24	tsk_24	(x)	1	:	0.000000	0.530028	0.000000	0.000000	0.000000	0.000000	0.000000	0.000000	0.000000	0.000000	0.469972	0.000000	0.000000	0.000000
25	tsk_25	(x)	1	:	0.000000	0.000000	0.451726	0.000000	0.000000	0.000000	0.000000	0.000000	0.000000	0.000000	0.000000	0.000000	0.000000	0.548274
26	tsk_26	(x)	1	:	0.000000	0.494755	0.494730	0.000000	0.000000	0.000000	0.005688	0.000000	0.000000	0.000000	0.000010	0.000000	0.004817	0.000000
27	tsk_27	(x)	1	:	0.000000	0.000000	0.000000	0.000000	0.000000	0.000000	0.000000	0.000000	0.000000	0.000000	0.000000	0.000000	0.000000	1.000000
28	tsk_28	(x)	1	:	0.000000	0.000000	0.494642	0.000000	0.000000	0.000000	0.036366	0.000000	0.000000	0.000000	0.000000	0.000000	0.008261	0.460731
29	tsk_29	(x)	1	:	0.000000	0.000000	0.494473	0.000000	0.000000	0.000000	0.036058	0.000000	0.000000	0.000000	0.000000	0.000000	0.008587	0.460881
30	tsk_30	(x)	1	:	0.000000	0.000000	0.000000	0.000000	0.000000	0.000000	0.035485	0.000000	0.000000	0.000000	0.000000	0.000000	0.501421	0.463094
31	tsk_31	(x)	1	:	0.000000	0.000000	0.000000	0.000000	0.000000	0.500000	0.000000	0.000000	0.000000	0.000000	0.000000	0.000000	0.500000	0.000000
32	tsk_32	(x)	1	:	0.000000	0.000000	0.000000	0.000000	0.000000	0.500000	0.000000	0.000000	0.000000	0.000000	0.000000	0.000000	0.500000	0.000000
33	tsk_33	(x)	1	:	0.000000	0.000000	0.000000	0.000000	0.000000	0.000000	0.038230	0.000000	0.000000	0.000000	0.000000	0.000000	0.500510	0.461260
34	tsk_34	(x)	1	:	0.000000	0.000000	0.000000	0.000000	0.000000	0.000000	0.000000	0.000000	0.000000	0.000000	0.000000	0.000000	1.000000	0.000000
35	tsk_35	(x)	1	:	0.000000	0.000000	0.000000	0.000000	0.000000	0.500013	0.039682	0.000000	0.000000	0.000000	0.000000	0.000000	0.000000	0.460305
36	tsk_36	(x)	1	:	0.000000	0.000000	0.000000	0.000000	0.000000	0.500000	0.000000	0.000000	0.000000	0.000000	0.000000	0.000000	0.500000	0.000000
37	tsk_37	(x)	1	:	0.000000	0.000000	0.000000	0.000000	0.000000	1.000000	0.000000	0.000000	0.000000	0.000000	0.000000	0.000000	0.000000	0.000000
38	tsk_38	(x)	1	:	0.000000	0.000000	0.000000	0.000000	0.000000	0.000000	0.038969	0.000000	0.000000	0.000000	0.000000	0.000000	0.500265	0.460766
39	tsk_39	(x)	1	:	0.000000	0.000000	0.000000	0.000000	0.000000	0.000000	0.000000	0.000000	0.000000	0.000000	0.000000	0.000000	1.000000	0.000000
40	tsk_40	(x)	1	:	0.000000	0.000000	0.000000	0.000000	0.467167	0.000000	0.000000	0.000000	0.000000	0.000000	0.000000	0.000000	0.532833	0.000000
41	tsk_41	(x)	1	:	0.000000	0.000000	0.000000	0.000000	0.000000	0.000000	0.063375	0.000000	0.436620	0.000000	0.000000	0.000000	0.500004	0.000000
42	tsk_42	(x)	1	:	0.000000	0.000000	0.000000	0.000000	0.000000	0.000000	0.000000	0.000000	0.000000	0.000000	0.000000	0.000000	1.000000	0.000000
43	tsk_43	(x)	1	:	0.000000	0.000000	0.000000	0.000000	0.000000	0.000000	0.000000	0.542432	0.000000	0.000000	0.000000	0.000000	0.457568	0.000000
44	tsk_44	(x)	1	:	0.000000	0.000000	0.000000	0.000000	0.467167	0.000000	0.000000	0.000000	0.000000	0.000000	0.000000	0.000000	0.532833	0.000000
45	tsk_45	(x)	1	:	0.000000	0.000000	0.000000	0.000000	0.000000	0.000000	0.034560	0.000000	0.000000	0.000000	0.000000	0.000000	0.501728	0.463712
46	tsk_46	(x)	1	:	0.000000	0.000000	0.000000	0.000000	0.000000	0.000000	0.000000	0.000000	0.000000	0.000000	0.000000	0.414768	0.585232	0.000000
47	tsk_47	(x)	1	:	0.000000	0.000000	0.000000	0.000000	0.000000	0.000000	0.038618	0.000000	0.000000	0.000000	0.000000	0.000000	0.500381	0.461001
48	tsk_48	(x)	1	:	0.000000	0.000000	0.000000	0.000000	0.000000	0.000000	0.038613	0.000000	0.000000	0.000000	0.000000	0.000000	0.500383	0.461004
49	tsk_49	(x)	1	:	0.000000	0.000000	0.000000	0.000000	0.546372	0.000000	0.000000	0.000000	0.000000	0.000000	0.000000	0.000000	0.453628	0.000000
50	tsk_50	(x)	1	:	0.000000	0.000000	0.000000	0.000000	0.000000	0.000000	0.021513	0.000000	0.517131	0.000000	0.000000	0.000000	0.000000	0.461356
51	tsk_51	(x)	1	:	0.000000	0.463309	0.000000	0.000000	0.000000	0.000000	0.000000	0.000000	0.000000	0.536688	0.000003	0.000000	0.000000	0.000000
52	tsk_52	(x)	1	:	0.000000	0.497658	0.000000	0.000000	0.000000	0.000000	0.042489	0.000000	0.000000	0.000000	0.000003	0.000000	0.000000	0.459851
53	tsk_53	(x)	1	:	0.000000	0.000000	0.000000	0.000000	0.000000	0.469954	0.000000	0.000000	0.530046	0.000000	0.000000	0.000000	0.000000	0.000000
54	tsk_54	(x)	1	:	0.000000	0.000000	0.000000	0.000000	0.558570	0.000000	0.000002	0.000000	0.000000	0.000000	0.000000	0.000000	0.000000	0.441428
55	tsk_55	(x)	1	:	0.000000	0.000000	0.000000	0.000000	0.000000	0.000000	0.012055	0.000000	0.000000	0.529900	0.000000	0.000000	0.000000	0.458045
56	tsk_56	(x)	1	:	0.000000	0.000000	0.000000	0.000000	0.000000	0.000000	0.000000	0.000000	0.476735	0.000000	0.000000	0.000000	0.000000	0.523265
57	tsk_57	(x)	1	:	0.000000	0.487802	0.000000	0.511472	0.000000	0.000000	0.000723	0.000000	0.000000	0.000000	0.000002	0.000000	0.000000	0.000000
58	tsk_58	(x)	1	:	0.000000	0.000000	0.000000	0.000000	0.000000	0.000000	0.073103	0.000000	0.000000	0.466574	0.000000	0.000000	0.000000	0.460323
59	tsk_59	(x)	1	:	0.000000	0.447229	0.000000	0.185039	0.000000	0.000000	0.000001	0.000000	0.000000	0.000000	0.000002	0.000000	0.000000	0.367730
60	tsk_60	(x)	1	:	0.000000	0.000000	0.000000	0.000000	0.000000	0.000000	0.000000	0.000000	0.000000	0.000000	0.000000	0.000000	1.000000	0.000000
61	tsk_61	(x)	1	:	0.426768	0.000000	0.000000	0.000000	0.000000	0.000000	0.073223	0.000000	0.000000	0.000000	0.000000	0.000000	0.500009	0.000000
62	tsk_62	(x)	1	:	0.000000	0.895284	0.000000	0.000000	0.000000	0.000000	0.000000	0.000000	0.000000	0.104711	0.000005	0.000000	0.000000	0.000000
63	tsk_63	(x)	1	:	1.000000	0.000000	0.000000	0.000000	0.000000	0.000000	0.000000	0.000000	0.000000	0.000000	0.000000	0.000000	0.000000	0.000000
64	tsk_64	(x)	1	:	1.000000	0.000000	0.000000	0.000000	0.000000	0.000000	0.000000	0.000000	0.000000	0.000000	0.000000	0.000000	0.000000	0.000000
65	tsk_65	(x)	1	:	0.000000	0.497660	0.000000	0.000000	0.000000	0.000000	0.042488	0.000000	0.000000	0.000000	0.000002	0.000000	0.000000	0.459850
66	tsk_66	(x)	1	:	0.000000	0.000000	0.000000	0.000000	0.446082	0.000000	0.000000	0.553918	0.000000	0.000000	0.000000	0.000000	0.000000	0.000000
67	tsk_67	(x)	1	:	0.426776	0.000000	0.000000	0.000000	0.520770	0.000000	0.052454	0.000000	0.000000	0.000000	0.000000	0.000000	0.000000	0.000000
68	tsk_68	(x)	1	:	0.426768	0.000000	0.000000	0.000000	0.454611	0.000000	0.118622	0.000000	0.000000	0.000000	0.000000	0.000000	0.000000	0.000000
69	tsk_69	(x)	1	:	0.426776	0.000000	0.000000	0.000000	0.520770	0.000000	0.052454	0.000000	0.000000	0.000000	0.000000	0.000000	0.000000	0.000000
70	tsk_70	(x)	1	:	0.000000	0.000000	0.000000	0.000000	0.000000	0.000000	0.000000	0.000000	0.000000	0.000000	0.000000	0.000000	1.000000	0.000000
71	tsk_71	(x)	1	:	0.000000	0.497848	0.000000	0.000000	0.000000	0.000000	0.065532	0.000000	0.436617	0.000000	0.000002	0.000000	0.000000	0.000000
72	tsk_72	(x)	1	:	0.000000	0.500145	0.000000	0.000000	0.000000	0.000000	0.000183	0.000000	0.000000	0.000000	0.000000	0.457569	0.042103	0.000000
73	tsk_73	(x)	1	:	0.000000	0.498928	0.000000	0.000000	0.000000	0.000000	0.000000	0.000000	0.000000	0.000000	0.000000	0.000000	0.501072	0.000000
74	tsk_74	(x)	1	:	0.523157	0.476805	0.000000	0.000000	0.000000	0.000000	0.000022	0.000000	0.000000	0.000000	0.000015	0.000000	0.000000	0.000000
75	tsk_75	(x)	1	:	0.000000	0.000000	0.000000	0.000000	0.000000	0.000000	0.063377	0.000000	0.436620	0.000000	0.000000	0.000000	0.500003	0.000000
76	tsk_76	(x)	1	:	0.000000	0.000000	0.000000	0.000000	0.000000	0.000000	0.000000	0.503394	0.000000	0.000000	0.000000	0.000000	0.000000	0.496606
77	tsk_77	(x)	1	:	0.000000	0.000000	0.000000	0.000000	0.000000	0.000000	0.063375	0.000000	0.436620	0.000000	0.000000	0.000000	0.500005	0.000000
78	tsk_78	(x)	1	:	0.000000	0.000000	0.000000	0.266765	0.000000	0.000000	0.233234	0.000000	0.000000	0.000000	0.000000	0.000000	0.500001	0.000000
79	tsk_79	(x)	1	:	0.534078	0.000000	0.000000	0.000000	0.000000	0.000000	0.000095	0.000000	0.000000	0.465827	0.000000	0.000000	0.000000	0.000000
80	tsk_80	(x)	1	:	0.000000	0.999992	0.000000	0.000000	0.000000	0.000000	0.000000	0.000000	0.000000	0.000000	0.000008	0.000000	0.000000	0.000000
81	tsk_81	(x)	1	:	0.000000	0.000000	0.488045	0.000000	0.000000	0.000000	0.000005	0.000000	0.509941	0.000000	0.000000	0.000000	0.002009	0.000000
82	tsk_82	(x)	1	:	0.000000	0.497855	0.000000	0.266767	0.000000	0.000000	0.235377	0.000000	0.000000	0.000000	0.000001	0.000000	0.000000	0.000000
83	tsk_83	(x)	1	:	0.000000	0.999982	0.000000	0.000000	0.000000	0.000000	0.000000	0.000000	0.000000	0.000000	0.000018	0.000000	0.000000	0.000000
84	tsk_84	(x)	1	:	0.000000	0.497850	0.000000	0.266770	0.000000	0.000000	0.235376	0.000000	0.000000	0.000000	0.000004	0.000000	0.000000	0.000000
85	tsk_85	(x)	1	:	0.000000	0.999993	0.000000	0.000000	0.000000	0.000000	0.000000	0.000000	0.000000	0.000000	0.000007	0.000000	0.000000	0.000000
86	tsk_86	(x)	1	:	0.523157	0.476809	0.000000	0.000000	0.000000	0.000000	0.000020	0.000000	0.000000	0.000000	0.000013	0.000000	0.000000	0.000000
87	tsk_87	(x)	1	:	0.523156	0.476813	0.000000	0.000000	0.000000	0.000000	0.000020	0.000000	0.000000	0.000000	0.000010	0.000000	0.000000	0.000000
88	tsk_88	(x)	1	:	0.000000	0.497855	0.000000	0.266767	0.000000	0.000000	0.235377	0.000000	0.000000	0.000000	0.000001	0.000000	0.000000	0.000000
89	tsk_89	(x)	1	:	0.000000	0.487303	0.000000	0.000000	0.000000	0.000000	0.000418	0.000000	0.512278	0.000000	0.000001	0.000000	0.000000	0.000000
90	tsk_90	(x)	1	:	0.000000	0.000000	0.000000	0.502195	0.000000	0.000000	0.000000	0.000000	0.497805	0.000000	0.000000	0.000000	0.000000	0.000000
91	tsk_91	(x)	1	:	0.000000	0.000000	0.000000	0.000000	0.000000	0.000000	0.023475	0.000000	0.516782	0.000000	0.000000	0.000000	0.000000	0.459743
92	tsk_92	(x)	1	:	0.000000	0.000000	0.494558	0.000000	0.000000	0.000000	0.060497	0.000000	0.436679	0.000000	0.000000	0.000000	0.008265	0.000000
93	tsk_93	(x)	1	:	0.000000	0.000000	0.000000	0.000000	0.000000	0.000000	0.000000	0.000000	1.000000	0.000000	0.000000	0.000000	0.000000	0.000000
94	tsk_94	(x)	1	:	0.000000	0.487354	0.000000	0.000000	0.000000	0.000000	0.000330	0.000000	0.512306	0.000000	0.000009	0.000000	0.000000	0.000000
95	tsk_95	(x)	1	:	0.000000	0.494986	0.494677	0.000000	0.000000	0.000000	0.005222	0.000000	0.000000	0.000000	0.000003	0.000000	0.005112	0.000000
96	tsk_96	(x)	1	:	0.000000	0.000000	0.000000	0.000000	0.000000	0.000000	0.000000	0.000000	1.000000	0.000000	0.000000	0.000000	0.000000	0.000000
97	tsk_97	(x)	1	:	0.000000	0.999993	0.000000	0.000000	0.000000	0.000000	0.000000	0.000000	0.000000	0.000000	0.000007	0.000000	0.000000	0.000000
98	tsk_98	(x)	1	:	0.000000	0.000000	0.000000	0.502195	0.000000	0.000000	0.000000	0.000000	0.497805	0.000000	0.000000	0.000000	0.000000	0.000000
99	tsk_99	(x)	1	:	0.000000	0.487337	0.000000	0.000000	0.000000	0.000000	0.000369	0.000000	0.512293	0.000000	0.000001	0.000000	0.000000	0.000000
100	tsk_100	(x)	1	:	0.000000	0.501030	0.000000	0.000000	0.000000	0.000000	0.000167	0.000000	0.000000	0.000000	0.000000	0.462545	0.036257	0.000000
101	tsk_101	(x)	1	:	0.000000	0.000000	0.495635	0.000000	0.000000	0.000000	0.006105	0.489985	0.000000	0.000000	0.000000	0.000000	0.008175	0.000099
102	tsk_102	(x)	1	:	0.000000	0.497295	0.000000	0.000000	0.000000	0.000000	0.014117	0.488533	0.000000	0.000000	0.000001	0.000000	0.000000	0.000054
103	tsk_103	(x)	1	:	0.000000	0.999990	0.000000	0.000000	0.000000	0.000000	0.000000	0.000000	0.000000	0.000000	0.000010	0.000000	0.000000	0.000000
104	tsk_104	(x)	1	:	0.000000	0.000000	0.000000	0.000000	0.000000	0.000000	0.000000	0.000000	0.000000	0.000000	0.000000	0.000000	0.000000	1.000000
105	tsk_105	(x)	1	:	0.000000	0.000000	0.000000	0.000000	0.000000	0.000000	0.000000	0.000000	0.000000	0.000000	0.000000	0.000000	1.000000	0.000000
106	tsk_106	(x)	1	:	0.000000	0.000000	0.000000	0.000000	0.000000	0.000000	0.000000	0.000000	0.000000	0.000000	0.000000	0.000000	0.000000	1.000000
107	tsk_107	(x)	1	:	0.426776	0.000000	0.000000	0.000000	0.000000	0.000000	0.106662	0.000000	0.000000	0.466562	0.000000	0.000000	0.000000	0.000000
108	tsk_108	(x)	1	:	0.000000	0.000000	0.000000	0.000000	0.000000	0.000000	0.033150	0.000000	0.000000	0.466648	0.000000	0.000000	0.500202	0.000000
109	tsk_109	(x)	1	:	0.000000	0.000000	0.000000	0.000000	0.000000	0.000000	0.000000	0.000000	0.000000	0.000000	0.000000	0.000000	1.000000	0.000000
110	tsk_110	(x)	1	:	0.000000	0.000000	0.000000	0.000000	0.000000	0.000000	0.000000	0.000000	1.000000	0.000000	0.000000	0.000000	0.000000	0.000000
111	tsk_111	(x)	1	:	0.000000	0.493827	0.000000	0.000000	0.000000	0.000000	0.003465	0.000000	0.502707	0.000000	0.000001	0.000000	0.000000	0.000000
112	tsk_112	(x)	1	:	0.000000	0.493887	0.000000	0.000000	0.000000	0.000000	0.003379	0.000000	0.502733	0.000000	0.000001	0.000000	0.000000	0.000000
113	tsk_113	(x)	1	:	0.000000	0.000000	0.000000	0.000000	0.000000	0.000000	0.000000	0.000000	1.000000	0.000000	0.000000	0.000000	0.000000	0.000000
114	tsk_114	(x)	1	:	0.000000	0.999990	0.000000	0.000000	0.000000	0.000000	0.000000	0.000000	0.000000	0.000000	0.000010	0.000000	0.000000	0.000000
115	tsk_115	(x)	1	:	0.000000	0.000000	0.000000	0.000000	0.000000	0.000000	0.000088	0.493268	0.000000	0.000000	0.000000	0.506626	0.000000	0.000018
116	tsk_116	(x)	1	:	0.000000	0.000000	0.000000	0.000000	0.000000	0.000000	0.000000	0.000000	1.000000	0.000000	0.000000	0.000000	0.000000	0.000000
117	tsk_117	(x)	1	:	0.000000	0.487794	0.000000	0.511464	0.000000	0.000000	0.000740	0.000000	0.000000	0.000000	0.000002	0.000000	0.000000	0.000000
118	tsk_118	(x)	1	:	0.000000	0.497673	0.000000	0.000000	0.000000	0.000000	0.042457	0.000000	0.000000	0.000000	0.000001	0.000000	0.000000	0.459869
119	tsk_119	(x)	1	:	0.000000	0.000000	0.000000	0.000000	0.000000	0.000000	0.000000	0.000000	1.000000	0.000000	0.000000	0.000000	0.000000	0.000000
120	tsk_120	(x)	1	:	0.000000	0.497664	0.000000	0.000000	0.000000	0.000000	0.042455	0.000000	0.000000	0.000000	0.000005	0.000000	0.000000	0.459876
121	tsk_121	(x)	1	:	0.000000	0.487336	0.000000	0.000000	0.000000	0.000000	0.000372	0.000000	0.512292	0.000000	0.000000	0.000000	0.000000	0.000000
122	tsk_122	(x)	1	:	0.000000	0.497646	0.000000	0.000000	0.000000	0.000000	0.042526	0.000000	0.000000	0.000000	0.000002	0.000000	0.000000	0.459825
123	tsk_123	(x)	1	:	0.000000	0.497184	0.000000	0.000000	0.000000	0.000000	0.014275	0.488457	0.000000	0.000000	0.000005	0.000000	0.000000	0.000078
124	tsk_124	(x)	1	:	0.000000	0.487319	0.000000	0.000000	0.000000	0.000000	0.000396	0.000000	0.512285	0.000000	0.000000	0.000000	0.000000	0.000000
125	tsk_125	(x)	1	:	0.000000	0.498928	0.000000	0.000000	0.000000	0.000000	0.000000	0.000000	0.000000	0.000000	0.000000	0.000000	0.501072	0.000000
126	tsk_126	(x)	1	:	0.000000	0.000000	0.000000	0.000000	0.454632	0.000000	0.056246	0.488882	0.000000	0.000000	0.000000	0.000000	0.000000	0.000239
127	tsk_127	(x)	1	:	0.000000	0.497639	0.000000	0.000000	0.000000	0.000000	0.042535	0.000000	0.000000	0.000000	0.000004	0.000000	0.000000	0.459822
128	tsk_128	(x)	1	:	0.000000	0.497662	0.000000	0.000000	0.000000	0.000000	0.042484	0.000000	0.000000	0.000000	0.000001	0.000000	0.000000	0.459852
129	tsk_129	(x)	1	:	0.000000	0.000000	0.000000	0.000000	0.000000	0.000000	0.000000	0.000000	0.511753	0.000000	0.000000	0.000000	0.488247	0.000000
130	tsk_130	(x)	1	:	0.000000	0.000000	0.000000	0.502195	0.000000	0.000000	0.000000	0.000000	0.497805	0.000000	0.000000	0.000000	0.000000	0.000000
131	tsk_131	(x)	1	:	0.000000	0.000000	0.000000	0.000000	0.515275	0.000000	0.000000	0.000000	0.000000	0.000000	0.000000	0.000000	0.484725	0.000000
132	tsk_132	(x)	1	:	0.000000	0.000000	0.000000	0.502195	0.000000	0.000000	0.000000	0.000000	0.497805	0.000000	0.000000	0.000000	0.000000	0.000000
133	tsk_133	(x)	1	:	0.426763	0.000000	0.000000	0.000000	0.000000	0.000000	0.056349	0.000000	0.516887	0.000000	0.000000	0.000000	0.000000	0.000000
134	tsk_134	(x)	1	:	0.000000	0.000000	0.000000	0.502195	0.000000	0.000000	0.000000	0.000000	0.497805	0.000000	0.000000	0.000000	0.000000	0.000000
135	tsk_135	(x)	1	:	0.000000	0.000000	0.000000	0.502195	0.000000	0.000000	0.000000	0.000000	0.497805	0.000000	0.000000	0.000000	0.000000	0.000000
136	tsk_136	(x)	1	:	0.000000	1.000000	0.000000	0.000000	0.000000	0.000000	0.000000	0.000000	0.000000	0.000000	0.000000	0.000000	0.000000	0.000000
137	tsk_137	(x)	1	:	0.000000	0.000000	0.000000	0.510712	0.000000	0.000000	0.000000	0.000000	0.000000	0.000000	0.000000	0.000000	0.489288	0.000000
138	tsk_138	(x)	1	:	0.000000	0.487338	0.000000	0.000000	0.000000	0.000000	0.000370	0.000000	0.512293	0.000000	0.000000	0.000000	0.000000	0.000000
139	tsk_139	(x)	1	:	0.000000	0.000000	0.000000	0.000000	0.000000	0.499996	0.039806	0.000000	0.000000	0.000000	0.000000	0.000000	0.000000	0.460199
140	tsk_140	(x)	1	:	0.000000	0.000000	0.000000	0.000000	0.000000	0.000000	0.000000	0.399123	0.000000	0.000000	0.000000	0.000000	0.000000	0.600876
141	tsk_141	(x)	1	:	0.000000	0.000000	0.000000	0.000000	0.000000	0.000000	0.000000	1.000000	0.000000	0.000000	0.000000	0.000000	0.000000	0.000000
142	tsk_142	(x)	1	:	0.000000	0.000000	0.495306	0.000000	0.454671	0.000000	0.042838	0.000000	0.000000	0.000000	0.000000	0.000000	0.007186	0.000000
143	tsk_143	(x)	1	:	0.000000	0.000000	0.496060	0.000000	0.000000	0.000000	0.006056	0.490090	0.000000	0.000000	0.000000	0.000000	0.007698	0.000097
144	tsk_144	(x)	1	:	0.000000	0.000000	0.496472	0.000000	0.000000	0.000000	0.006676	0.489923	0.000000	0.000000	0.000000	0.000000	0.006832	0.000096
145	tsk_145	(x)	1	:	0.000000	0.000000	0.000000	0.000000	0.000000	0.000000	0.000000	1.000000	0.000000	0.000000	0.000000	0.000000	0.000000	0.000000
146	tsk_146	(x)	1	:	0.000000	0.000000	0.499987	0.000000	0.000000	0.000000	0.000000	0.000000	0.000000	0.000000	0.000000	0.000000	0.500012	0.000000
147	tsk_147	(x)	1	:	0.502868	0.000000	0.000000	0.000000	0.000000	0.000000	0.000000	0.000000	0.000000	0.000000	0.000000	0.000000	0.497132	0.000000
148	tsk_148	(x)	1	:	0.000000	0.000000	0.451155	0.000000	0.000000	0.000000	0.000000	0.000000	0.000000	0.000000	0.000000	0.000000	0.000001	0.548843
149	tsk_149	(x)	1	:	0.000000	0.000000	0.496864	0.000000	0.000000	0.000000	0.004361	0.490889	0.000000	0.000000	0.000000	0.000000	0.007728	0.000158
