0	tsk_0	(x)	1	:	0.000068	0.000000	0.000000	0.513400	0.000000	0.486133	0.000000	0.000000	0.000000	0.000000	0.000000	0.000317	0.000081
1	tsk_1	(x)	1	:	0.000000	0.000000	0.000000	0.000000	0.000000	0.000000	0.000000	0.000000	0.000000	0.000000	0.000000	0.320505	0.679495
2	tsk_2	(x)	1	:	0.001301	0.000000	0.000000	0.000000	0.000000	0.500006	0.000000	0.000000	0.000000	0.000000	0.000000	0.063899	0.434794
3	tsk_3	(x)	1	:	0.000000	0.000000	0.000000	0.613062	0.000000	0.000000	0.000000	0.386938	0.000000	0.000000	0.000000	0.000000	0.000000
4	tsk_4	(x)	1	:	0.000000	0.000000	0.000000	0.000000	0.000000	0.000000	0.000000	0.000000	0.000000	0.000000	0.000000	0.437967	0.562033
5	tsk_5	(x)	1	:	0.118276	0.000000	0.000000	0.000000	0.000000	0.000000	0.000000	0.500000	0.000000	0.000000	0.000000	0.157070	0.224653
6	tsk_6	(x)	1	:	0.045056	0.000000	0.000000	0.000000	0.000000	0.000000	0.000000	0.500000	0.000000	0.000000	0.000000	0.237033	0.217911
7	tsk_7	(x)	1	:	0.210443	0.000000	0.000000	0.000000	0.000000	0.000000	0.000000	0.500000	0.000000	0.000000	0.000000	0.166573	0.122984
8	tsk_8	(x)	1	:	0.000000	0.000000	0.000000	0.378986	0.000000	0.000000	0.000000	0.121007	0.000000	0.000000	0.000000	0.322119	0.177888
9	tsk_9	(x)	1	:	0.000000	0.000000	0.000000	0.613062	0.000000	0.000000	0.000000	0.386938	0.000000	0.000000	0.000000	0.000000	0.000000
10	tsk_10	(x)	1	:	0.000000	0.000000	0.000000	0.567205	0.000000	0.000000	0.000000	0.000000	0.432795	0.000000	0.000000	0.000000	0.000000
11	tsk_11	(x)	1	:	0.000685	0.000000	0.000000	0.000000	0.000000	0.496128	0.000000	0.000713	0.499002	0.000000	0.000000	0.002355	0.001117
12	tsk_12	(x)	1	:	0.154296	0.000000	0.493486	0.000000	0.000000	0.000000	0.000000	0.006461	0.000000	0.000000	0.000000	0.171205	0.174551
13	tsk_13	(x)	1	:	0.000196	0.000000	0.000000	0.510357	0.000000	0.488896	0.000000	0.000000	0.000000	0.000000	0.000000	0.000441	0.000111
14	tsk_14	(x)	1	:	0.000000	0.000000	0.494653	0.000000	0.000000	0.000000	0.000000	0.002475	0.502872	0.000000	0.000000	0.000000	0.000000
15	tsk_15	(x)	1	:	0.198390	0.000000	0.493870	0.000000	0.000000	0.000000	0.000000	0.006001	0.000000	0.000000	0.000000	0.071534	0.230205
16	tsk_16	(x)	1	:	0.184626	0.000000	0.000000	0.000000	0.000000	0.000000	0.000000	0.500000	0.000000	0.000000	0.000000	0.203340	0.112034
17	tsk_17	(x)	1	:	0.119552	0.000000	0.495259	0.000000	0.000000	0.000000	0.000000	0.004335	0.000000	0.000000	0.000000	0.119791	0.261063
18	tsk_18	(x)	1	:	0.000000	0.000000	0.000000	0.000000	0.000000	0.000000	0.000000	0.500072	0.499928	0.000000	0.000000	0.000000	0.000000
19	tsk_19	(x)	1	:	0.000000	0.000000	0.000000	0.000000	0.000000	0.000000	0.000000	1.000000	0.000000	0.000000	0.000000	0.000000	0.000000
20	tsk_20	(x)	1	:	0.000000	0.000000	0.000000	0.000000	0.000000	0.000000	0.000000	0.500076	0.499924	0.000000	0.000000	0.000000	0.000000
21	tsk_21	(x)	1	:	0.113301	0.000000	0.000000	0.000000	0.000000	0.000000	0.000000	0.000000	0.500000	0.000000	0.000000	0.078626	0.308073
22	tsk_22	(x)	1	:	0.175569	0.000000	0.000000	0.000000	0.000000	0.000000	0.000000	0.500000	0.000000	0.000000	0.000000	0.098446	0.225985
23	tsk_23	(x)	1	:	0.000000	0.000000	0.000000	0.497302	0.000000	0.000000	0.000000	0.000000	0.000000	0.000000	0.502698	0.000000	0.000000
24	tsk_24	(x)	1	:	0.000000	0.000000	0.000000	0.000000	0.000000	0.000000	0.000000	0.000000	0.000000	0.000000	0.000000	0.365341	0.634659
25	tsk_25	(x)	1	:	0.155282	0.000000	0.000000	0.000000	0.000000	0.000000	0.000000	0.000000	0.500000	0.000000	0.000000	0.248687	0.096031
26	tsk_26	(x)	1	:	0.000000	0.000000	0.000000	0.000000	0.000000	0.000000	0.000000	0.000000	0.000000	0.000000	0.000000	0.222291	0.777709
27	tsk_27	(x)	1	:	0.057652	0.000000	0.000000	0.000000	0.000000	0.000000	0.000000	0.500000	0.000000	0.000000	0.000000	0.249123	0.193225
28	tsk_28	(x)	1	:	0.000000	0.000000	0.000000	0.000000	0.000000	0.000000	0.000000	1.000000	0.000000	0.000000	0.000000	0.000000	0.000000
29	tsk_29	(x)	1	:	0.000000	0.000000	0.000000	1.000000	0.000000	0.000000	0.000000	0.000000	0.000000	0.000000	0.000000	0.000000	0.000000
30	tsk_30	(x)	1	:	0.000000	0.000000	0.000000	0.000000	0.000000	0.000000	0.000000	0.000000	0.000000	0.000000	0.000000	0.279794	0.720206
31	tsk_31	(x)	1	:	0.000000	0.000000	0.000000	0.000000	0.000000	0.000000	0.000000	0.000000	0.000000	0.000000	0.000000	0.320025	0.679975
32	tsk_32	(x)	1	:	0.138233	0.000000	0.000000	0.378985	0.000000	0.000000	0.000000	0.121008	0.000000	0.000000	0.000000	0.158607	0.203167
33	tsk_33	(x)	1	:	0.000000	0.000000	0.000000	0.000000	0.000000	0.000000	0.000000	0.000000	0.000000	0.000000	0.000000	0.224761	0.775239
34	tsk_34	(x)	1	:	0.049975	0.000000	0.000000	0.514603	0.000000	0.000000	0.000000	0.000000	0.000000	0.000000	0.000000	0.267424	0.167998
35	tsk_35	(x)	1	:	0.000000	0.000000	0.000000	1.000000	0.000000	0.000000	0.000000	0.000000	0.000000	0.000000	0.000000	0.000000	0.000000
36	tsk_36	(x)	1	:	0.000000	0.000000	0.000000	1.000000	0.000000	0.000000	0.000000	0.000000	0.000000	0.000000	0.000000	0.000000	0.000000
37	tsk_37	(x)	1	:	0.055345	0.000000	0.000000	0.378985	0.000000	0.000000	0.000000	0.121008	0.000000	0.000000	0.000000	0.377443	0.067219
38	tsk_38	(x)	1	:	0.108359	0.000000	0.000000	0.378986	0.000000	0.000000	0.000000	0.121007	0.000000	0.000000	0.000000	0.225679	0.165969
39	tsk_39	(x)	1	:	0.000000	0.000000	0.000000	1.000000	0.000000	0.000000	0.000000	0.000000	0.000000	0.000000	0.000000	0.000000	0.000000
40	tsk_40	(x)	1	:	0.252083	0.000000	0.000000	0.000000	0.000000	0.000000	0.000000	0.500000	0.000000	0.000000	0.000000	0.145900	0.102016
41	tsk_41	(x)	1	:	0.000000	0.000000	0.000000	0.000000	0.000000	0.000000	0.000000	0.000000	0.000000	0.000000	0.000000	0.610836	0.389164
42	tsk_42	(x)	1	:	0.233943	0.000000	0.000000	0.514603	0.000000	0.000000	0.000000	0.000000	0.000000	0.000000	0.000000	0.122651	0.128803
43	tsk_43	(x)	1	:	0.000000	0.000000	0.000000	0.000000	0.000000	0.000000	0.000000	0.000000	0.000000	1.000000	0.000000	0.000000	0.000000
44	tsk_44	(x)	1	:	0.152310	0.000000	0.000000	0.514603	0.000000	0.000000	0.000000	0.000000	0.000000	0.000000	0.000000	0.080529	0.252558
45	tsk_45	(x)	1	:	0.000000	0.000000	0.000000	0.000000	0.000000	0.000000	0.000000	0.000000	0.000000	0.000000	0.000000	0.423926	0.576074
46	tsk_46	(x)	1	:	0.047633	0.000000	0.000000	0.000000	0.000000	0.000000	0.000000	0.027417	0.000000	0.472576	0.000000	0.257724	0.194650
47	tsk_47	(x)	1	:	0.056043	0.000000	0.000000	0.514603	0.000000	0.000000	0.000000	0.000000	0.000000	0.000000	0.000000	0.302943	0.126411
48	tsk_48	(x)	1	:	0.389175	0.000000	0.000000	0.000000	0.000000	0.000000	0.452646	0.047354	0.000000	0.000000	0.000000	0.035621	0.075204
49	tsk_49	(x)	1	:	0.097584	0.000000	0.000000	0.000000	0.000000	0.000000	0.000000	0.027451	0.000000	0.472544	0.000000	0.242159	0.160262
50	tsk_50	(x)	1	:	0.000000	0.000000	0.000000	0.000000	0.000000	0.000000	0.000000	1.000000	0.000000	0.000000	0.000000	0.000000	0.000000
51	tsk_51	(x)	1	:	0.065434	0.000000	0.000000	0.000000	0.000000	0.000000	0.000000	0.500000	0.000000	0.000000	0.000000	0.090938	0.343628
52	tsk_52	(x)	1	:	0.000000	0.000000	0.000000	0.000000	0.000000	0.000000	0.000000	1.000000	0.000000	0.000000	0.000000	0.000000	0.000000
53	tsk_53	(x)	1	:	0.000000	0.000000	0.000000	0.000000	1.000000	0.000000	0.000000	0.000000	0.000000	0.000000	0.000000	0.000000	0.000000
54	tsk_54	(x)	1	:	0.000000	0.000000	0.000000	0.000000	0.000000	0.000000	0.000000	1.000000	0.000000	0.000000	0.000000	0.000000	0.000000
55	tsk_55	(x)	1	:	0.196190	0.000000	0.000000	0.000000	0.000000	0.000000	0.000000	0.500000	0.000000	0.000000	0.000000	0.110813	0.192998
56	tsk_56	(x)	1	:	0.000000	0.000000	0.000000	0.000000	0.999955	0.000000	0.000000	0.000045	0.000000	0.000000	0.000000	0.000000	0.000000
57	tsk_57	(x)	1	:	0.177241	0.000000	0.000000	0.000000	0.000000	0.000000	0.000000	0.500000	0.000000	0.000000	0.000000	0.204639	0.118121
58	tsk_58	(x)	1	:	0.000000	0.000000	0.000000	0.000000	0.000000	0.000000	0.000000	1.000000	0.000000	0.000000	0.000000	0.000000	0.000000
59	tsk_59	(x)	1	:	0.000000	0.000000	0.000000	0.000000	0.000000	0.000000	0.000000	1.000000	0.000000	0.000000	0.000000	0.000000	0.000000
60	tsk_60	(x)	1	:	0.000000	0.000000	0.000000	0.000000	0.000000	0.000000	0.000000	0.000000	0.000000	0.000000	0.000000	0.421614	0.578385
61	tsk_61	(x)	1	:	0.000127	0.000000	0.000000	0.378988	0.000000	0.497601	0.000000	0.120766	0.000000	0.000000	0.000000	0.001888	0.000631
62	tsk_62	(x)	1	:	0.047557	0.000000	0.000000	0.000000	0.000000	0.000000	0.000000	0.025438	0.000000	0.474380	0.000000	0.186704	0.265921
63	tsk_63	(x)	1	:	0.000000	0.000000	0.000000	0.499608	0.000000	0.000000	0.500392	0.000000	0.000000	0.000000	0.000000	0.000000	0.000000
64	tsk_64	(x)	1	:	0.039218	0.000000	0.000000	0.514603	0.000000	0.000000	0.000000	0.000000	0.000000	0.000000	0.000000	0.223921	0.222257
65	tsk_65	(x)	1	:	0.035497	0.000000	0.000000	0.000000	0.000000	0.000000	0.513585	0.000000	0.000000	0.000000	0.000000	0.000000	0.450918
66	tsk_66	(x)	1	:	0.000000	0.000000	0.000000	0.000000	0.000000	0.000000	0.000000	0.000000	0.000000	0.000000	0.000000	0.367823	0.632177
67	tsk_67	(x)	1	:	0.105252	0.000000	0.000000	0.514603	0.000000	0.000000	0.000000	0.000000	0.000000	0.000000	0.000000	0.122464	0.257681
68	tsk_68	(x)	1	:	0.000000	0.000000	0.000000	0.574653	0.000000	0.000000	0.425346	0.000000	0.000000	0.000000	0.000000	0.000000	0.000000
69	tsk_69	(x)	1	:	0.129156	0.000000	0.000000	0.000000	0.000000	0.000000	0.000000	0.500000	0.000000	0.000000	0.000000	0.162720	0.208124
70	tsk_70	(x)	1	:	0.000000	0.000000	0.000000	0.000000	0.000000	0.000000	0.000000	0.000000	0.000000	0.000000	0.000000	0.279851	0.720149
71	tsk_71	(x)	1	:	0.071638	0.000000	0.000000	0.000000	0.000000	0.000000	0.000000	0.500000	0.000000	0.000000	0.000000	0.202712	0.225650
72	tsk_72	(x)	1	:	0.000000	0.000000	0.000000	0.000000	0.000000	0.000000	0.000000	0.000000	0.000000	0.000000	0.000000	0.100149	0.899851
73	tsk_73	(x)	1	:	0.000463	0.000000	0.000000	0.000000	0.000000	0.500001	0.000000	0.000000	0.000000	0.000000	0.000000	0.190857	0.308679
74	tsk_74	(x)	1	:	0.000000	0.000000	0.000000	0.000000	0.000000	0.000000	0.000000	0.000000	0.000000	0.000000	0.000000	0.426543	0.573457
75	tsk_75	(x)	1	:	0.000723	0.000000	0.000000	0.000000	0.000000	0.500006	0.000000	0.000000	0.000000	0.000000	0.000000	0.187190	0.312081
76	tsk_76	(x)	1	:	0.000000	0.000000	0.000000	0.000000	0.000000	0.000000	0.000000	0.000000	0.000000	0.000000	0.000000	0.085157	0.914843
77	tsk_77	(x)	1	:	0.000000	0.000000	0.000000	0.000000	0.000000	0.000000	0.000000	0.000000	0.000000	0.000000	0.000000	0.507819	0.492181
78	tsk_78	(x)	1	:	0.000000	0.000000	0.000000	0.000000	0.000000	0.500007	0.000000	0.000000	0.000000	0.000000	0.000000	0.249983	0.250010
79	tsk_79	(x)	1	:	0.000000	0.000000	0.000000	0.000000	0.000000	0.000000	0.000000	0.000000	0.000000	0.000000	0.000000	0.339405	0.660595
80	tsk_80	(x)	1	:	0.000000	0.000000	0.000000	0.000000	0.000000	0.000000	0.000000	0.000000	0.000000	0.000000	0.000000	0.163153	0.836847
81	tsk_81	(x)	1	:	0.000000	0.000000	0.493223	0.000000	0.000000	0.000000	0.000000	0.181385	0.000000	0.325392	0.000000	0.000000	0.000000
82	tsk_82	(x)	1	:	0.000000	0.000000	0.493210	0.000000	0.000000	0.000000	0.000000	0.506790	0.000000	0.000000	0.000000	0.000000	0.000000
83	tsk_83	(x)	1	:	0.000000	0.000000	0.000000	0.000000	0.000000	0.000000	0.000000	1.000000	0.000000	0.000000	0.000000	0.000000	0.000000
84	tsk_84	(x)	1	:	0.311153	0.000000	0.000000	0.000000	0.000000	0.000000	0.000000	0.500000	0.000000	0.000000	0.000000	0.111349	0.077498
85	tsk_85	(x)	1	:	0.106760	0.000000	0.000000	0.000000	0.000000	0.000000	0.000000	0.500000	0.000000	0.000000	0.000000	0.169314	0.223926
86	tsk_86	(x)	1	:	0.017996	0.000000	0.000000	0.000000	0.000000	0.000000	0.000000	0.500000	0.000000	0.000000	0.000000	0.160361	0.321643
87	tsk_87	(x)	1	:	0.000000	0.000000	0.000000	0.000000	0.000000	0.000000	0.000000	1.000000	0.000000	0.000000	0.000000	0.000000	0.000000
88	tsk_88	(x)	1	:	0.092561	0.000000	0.000000	0.000000	0.000000	0.000000	0.000000	0.500000	0.000000	0.000000	0.000000	0.210744	0.196696
89	tsk_89	(x)	1	:	0.000000	0.000000	0.000000	0.000000	0.000000	0.000000	0.000000	1.000000	0.000000	0.000000	0.000000	0.000000	0.000000
90	tsk_90	(x)	1	:	0.079332	0.000000	0.000000	0.000000	0.000000	0.000000	0.000000	0.500000	0.000000	0.000000	0.000000	0.298434	0.122235
91	tsk_91	(x)	1	:	0.000000	0.000000	0.000000	0.000000	0.000000	0.000000	0.000000	0.527523	0.000000	0.472477	0.000000	0.000000	0.000000
92	tsk_92	(x)	1	:	0.000000	0.000000	0.000000	0.000000	0.000000	0.000000	0.000000	0.000000	0.000000	0.000000	0.000000	0.268430	0.731570
93	tsk_93	(x)	1	:	0.000000	0.000000	0.000000	0.000000	0.000000	0.000000	0.000000	0.527496	0.000000	0.472504	0.000000	0.000000	0.000000
94	tsk_94	(x)	1	:	0.186300	0.000000	0.494159	0.000000	0.000000	0.000000	0.000000	0.005654	0.000000	0.000000	0.000000	0.164320	0.149566
95	tsk_95	(x)	1	:	0.015121	0.000000	0.000000	0.000000	0.000000	0.000000	0.000000	0.027449	0.000000	0.472547	0.000000	0.274200	0.210683
96	tsk_96	(x)	1	:	0.126451	0.000000	0.198302	0.000000	0.000000	0.000000	0.000000	0.301698	0.000000	0.000000	0.000000	0.150633	0.222916
97	tsk_97	(x)	1	:	0.077104	0.000000	0.000000	0.000000	0.000000	0.000000	0.000000	0.000000	0.500000	0.000000	0.000000	0.133814	0.289082
98	tsk_98	(x)	1	:	0.160145	0.000000	0.000000	0.000000	0.000000	0.000000	0.000000	0.000000	0.500000	0.000000	0.000000	0.197098	0.142757
99	tsk_99	(x)	1	:	0.024624	0.000000	0.000000	0.000000	0.000000	0.000000	0.000000	0.500000	0.000000	0.000000	0.000000	0.189507	0.285869
100	tsk_100	(x)	1	:	0.000000	0.000000	0.000000	1.000000	0.000000	0.000000	0.000000	0.000000	0.000000	0.000000	0.000000	0.000000	0.000000
101	tsk_101	(x)	1	:	0.000000	0.000000	0.000000	0.378976	0.000000	0.000000	0.452676	0.168348	0.000000	0.000000	0.000000	0.000000	0.000000
102	tsk_102	(x)	1	:	0.000000	0.000000	0.000000	1.000000	0.000000	0.000000	0.000000	0.000000	0.000000	0.000000	0.000000	0.000000	0.000000
103	tsk_103	(x)	1	:	0.000000	0.000000	0.538560	0.459207	0.002233	0.000000	0.000000	0.000000	0.000000	0.000000	0.000000	0.000000	0.000000
104	tsk_104	(x)	1	:	0.000000	0.000000	0.000000	0.000000	0.000000	0.000000	0.000000	0.000000	0.000000	0.000000	0.000000	0.281663	0.718336
105	tsk_105	(x)	1	:	0.000000	0.000000	0.000000	0.000000	0.000000	0.000000	0.000000	0.000000	0.000000	0.000000	0.000000	0.368905	0.631095
106	tsk_106	(x)	1	:	0.000000	0.000000	0.000000	1.000000	0.000000	0.000000	0.000000	0.000000	0.000000	0.000000	0.000000	0.000000	0.000000
107	tsk_107	(x)	1	:	0.250563	0.000000	0.000000	0.378987	0.000000	0.000000	0.000000	0.121005	0.000000	0.000000	0.000000	0.202496	0.046948
108	tsk_108	(x)	1	:	0.000604	0.000000	0.000000	0.000000	0.000000	0.486755	0.512526	0.000000	0.000000	0.000000	0.000000	0.000065	0.000050
109	tsk_109	(x)	1	:	0.000000	0.000000	0.000000	0.000000	0.000000	0.000000	0.452614	0.074960	0.000000	0.472425	0.000000	0.000000	0.000000
110	tsk_110	(x)	1	:	0.074222	0.000000	0.000000	0.000000	0.000000	0.000000	0.000000	0.500000	0.000000	0.000000	0.000000	0.232802	0.192976
111	tsk_111	(x)	1	:	0.129073	0.000000	0.000000	0.000000	0.000000	0.000000	0.000000	0.500000	0.000000	0.000000	0.000000	0.304630	0.066297
112	tsk_112	(x)	1	:	0.039626	0.000000	0.000000	0.000000	0.000000	0.000000	0.000000	0.000225	0.499796	0.000000	0.000000	0.096024	0.364330
113	tsk_113	(x)	1	:	0.040909	0.000000	0.000000	0.000000	0.000000	0.000000	0.000000	0.000639	0.499419	0.000000	0.000000	0.101368	0.357665
114	tsk_114	(x)	1	:	0.078990	0.000000	0.000000	0.511318	0.000000	0.000000	0.000000	0.000000	0.000000	0.000000	0.000000	0.228981	0.180712
115	tsk_115	(x)	1	:	0.158314	0.000000	0.000000	0.000000	0.000000	0.000000	0.000000	0.500000	0.000000	0.000000	0.000000	0.305459	0.036227
116	tsk_116	(x)	1	:	0.000000	0.000000	0.000000	0.000000	0.000000	0.000000	0.000000	0.000000	0.000000	0.000000	0.000000	0.494601	0.505399
117	tsk_117	(x)	1	:	0.000000	0.000000	0.000000	0.000000	0.000000	0.000000	0.000000	0.500077	0.499923	0.000000	0.000000	0.000000	0.000000
118	tsk_118	(x)	1	:	0.000000	0.000000	0.000000	1.000000	0.000000	0.000000	0.000000	0.000000	0.000000	0.000000	0.000000	0.000000	0.000000
119	tsk_119	(x)	1	:	0.000000	0.040974	0.000000	0.586848	0.000000	0.000000	0.000000	0.372175	0.000002	0.000000	0.000000	0.000000	0.000000
120	tsk_120	(x)	1	:	0.000000	0.000000	1.000000	0.000000	0.000000	0.000000	0.000000	0.000000	0.000000	0.000000	0.000000	0.000000	0.000000
121	tsk_121	(x)	1	:	0.000000	0.000000	0.000000	0.378932	0.000000	0.000000	0.000000	0.621068	0.000000	0.000000	0.000000	0.000000	0.000000
122	tsk_122	(x)	1	:	0.000000	0.000000	1.000000	0.000000	0.000000	0.000000	0.000000	0.000000	0.000000	0.000000	0.000000	0.000000	0.000000
123	tsk_123	(x)	1	:	0.000000	0.000000	0.000000	0.378933	0.000000	0.000000	0.000000	0.621067	0.000000	0.000000	0.000000	0.000000	0.000000
124	tsk_124	(x)	1	:	0.000000	0.000000	0.493206	0.000000	0.000000	0.000000	0.000000	0.506793	0.000000	0.000000	0.000000	0.000000	0.000000
125	tsk_125	(x)	1	:	0.000000	0.000000	1.000000	0.000000	0.000000	0.000000	0.000000	0.000000	0.000000	0.000000	0.000000	0.000000	0.000000
126	tsk_126	(x)	1	:	0.000000	0.000000	0.000000	0.000000	0.373876	0.000000	0.000000	0.000000	0.626124	0.000000	0.000000	0.000000	0.000000
127	tsk_127	(x)	1	:	0.063707	0.000000	0.000000	0.000000	0.000000	0.000000	0.000000	0.500000	0.000000	0.000000	0.000000	0.256737	0.179557
128	tsk_128	(x)	1	:	0.000000	0.000000	0.506773	0.403270	0.000000	0.000000	0.000000	0.089957	0.000000	0.000000	0.000000	0.000000	0.000000
129	tsk_129	(x)	1	:	0.000000	0.000000	0.000000	0.000000	0.596055	0.000000	0.403945	0.000000	0.000000	0.000000	0.000000	0.000000	0.000000
130	tsk_130	(x)	1	:	0.000000	0.495927	0.000000	0.000000	0.000000	0.000000	0.000000	0.504073	0.000000	0.000000	0.000000	0.000000	0.000000
131	tsk_131	(x)	1	:	0.156339	0.000000	0.493292	0.000000	0.000000	0.000000	0.000000	0.006693	0.000000	0.000000	0.000000	0.044618	0.299058
132	tsk_132	(x)	1	:	0.000000	0.495927	0.000000	0.000000	0.000000	0.000000	0.000000	0.504073	0.000000	0.000000	0.000000	0.000000	0.000000
133	tsk_133	(x)	1	:	0.000000	0.495927	0.000000	0.000000	0.000000	0.000000	0.000000	0.504073	0.000000	0.000000	0.000000	0.000000	0.000000
134	tsk_134	(x)	1	:	0.000000	0.000000	0.000000	0.000000	0.000000	0.000000	0.000000	0.000000	0.000000	0.000000	0.000000	0.316485	0.683515
135	tsk_135	(x)	1	:	0.000000	0.495927	0.000000	0.000000	0.000000	0.000000	0.000000	0.504073	0.000000	0.000000	0.000000	0.000000	0.000000
136	tsk_136	(x)	1	:	0.000000	0.495927	0.000000	0.000000	0.000000	0.000000	0.000000	0.504073	0.000000	0.000000	0.000000	0.000000	0.000000
137	tsk_137	(x)	1	:	0.062997	0.000000	0.000000	0.514603	0.000000	0.000000	0.000000	0.000000	0.000000	0.000000	0.000000	0.137663	0.284736
138	tsk_138	(x)	1	:	0.011391	0.000000	0.000000	0.514603	0.000000	0.000000	0.000000	0.000000	0.000000	0.000000	0.000000	0.214106	0.259900
139	tsk_139	(x)	1	:	0.000000	0.000000	0.540752	0.000000	0.000000	0.000000	0.459248	0.000000	0.000000	0.000000	0.000000	0.000000	0.000000
140	tsk_140	(x)	1	:	0.000000	0.000000	0.000000	0.000000	1.000000	0.000000	0.000000	0.000000	0.000000	0.000000	0.000000	0.000000	0.000000
141	tsk_141	(x)	1	:	0.000000	0.000000	0.000000	0.000000	0.000000	0.500004	0.000000	0.000000	0.000000	0.000000	0.000000	0.275740	0.224256
142	tsk_142	(x)	1	:	0.000000	0.000000	0.000000	0.378933	0.000000	0.000000	0.000000	0.621066	0.000000	0.000000	0.000000	0.000000	0.000000
143	tsk_143	(x)	1	:	0.000000	0.198818	0.000000	0.000000	0.000000	0.000000	0.000000	0.000000	0.000000	0.000000	0.000000	0.459596	0.341586
144	tsk_144	(x)	1	:	0.000000	0.000000	0.000000	0.000000	0.000000	0.000000	0.000000	1.000000	0.000000	0.000000	0.000000	0.000000	0.000000
145	tsk_145	(x)	1	:	0.147761	0.000000	0.000000	0.000000	0.000000	0.000000	0.000000	0.500000	0.000000	0.000000	0.000000	0.138031	0.214208
146	tsk_146	(x)	1	:	0.000000	0.000000	0.000000	0.378930	0.000000	0.000000	0.000000	0.621070	0.000000	0.000000	0.000000	0.000000	0.000000
147	tsk_147	(x)	1	:	0.000000	0.000000	0.000000	0.000000	0.000000	0.000000	0.000000	0.000000	1.000000	0.000000	0.000000	0.000000	0.000000
148	tsk_148	(x)	1	:	0.000469	0.198818	0.000000	0.000000	0.000000	0.000000	0.000000	0.000000	0.000000	0.000000	0.000000	0.177267	0.623447
149	tsk_149	(x)	1	:	0.000000	0.000000	0.000000	0.000000	0.000000	1.000000	0.000000	0.000000	0.000000	0.000000	0.000000	0.000000	0.000000
