logL = -731.592868 (converged)
AIC = 4139.185736
BIC = 8167.415760

count.K
6 29 11 10 30 13 41 10 

