logL = -534.850538 (converged)
AIC = 4045.701075
BIC = 8525.526393

count.K
1 12 18 18 0 28 12 2 59 

