0	tsk_0	(x)	1	:	0.000000	0.034176	0.000000	0.000000	0.000000	0.018020	0.477003	0.000000	0.000000	0.000000	0.000000	0.470800	0.000000
1	tsk_1	(x)	1	:	0.000000	0.000000	0.000000	1.000000	0.000000	0.000000	0.000000	0.000000	0.000000	0.000000	0.000000	0.000000	0.000000
2	tsk_2	(x)	1	:	0.000000	0.033831	0.000000	0.460077	0.000000	0.034184	0.000000	0.000000	0.000000	0.000000	0.000000	0.471909	0.000000
3	tsk_3	(x)	1	:	0.000000	0.020583	0.496632	0.000000	0.000000	0.482785	0.000000	0.000000	0.000000	0.000000	0.000000	0.000000	0.000000
4	tsk_4	(x)	1	:	0.000000	0.027050	0.499305	0.473644	0.000000	0.000000	0.000000	0.000000	0.000000	0.000000	0.000000	0.000000	0.000000
5	tsk_5	(x)	1	:	0.000000	0.000000	1.000000	0.000000	0.000000	0.000000	0.000000	0.000000	0.000000	0.000000	0.000000	0.000000	0.000000
6	tsk_6	(x)	1	:	0.000000	0.043124	0.498020	0.458856	0.000000	0.000000	0.000000	0.000000	0.000000	0.000000	0.000000	0.000000	0.000000
7	tsk_7	(x)	1	:	0.000000	0.042713	0.498052	0.459235	0.000000	0.000000	0.000000	0.000000	0.000000	0.000000	0.000000	0.000000	0.000000
8	tsk_8	(x)	1	:	0.000000	0.039151	0.498333	0.462516	0.000000	0.000000	0.000000	0.000000	0.000000	0.000000	0.000000	0.000000	0.000000
9	tsk_9	(x)	1	:	0.000000	0.558140	0.000000	0.441860	0.000000	0.000000	0.000000	0.000000	0.000000	0.000000	0.000000	0.000000	0.000000
10	tsk_10	(x)	1	:	0.481968	0.063687	0.000000	0.000000	0.000000	0.000000	0.000000	0.000000	0.000000	0.454344	0.000000	0.000000	0.000000
11	tsk_11	(x)	1	:	0.000000	0.000000	0.000000	0.000000	0.643696	0.000000	0.000000	0.000000	0.356304	0.000000	0.000000	0.000000	0.000000
12	tsk_12	(x)	1	:	0.000000	0.222357	0.000000	0.000000	0.219213	0.000000	0.000000	0.000000	0.280839	0.277591	0.000000	0.000000	0.000000
13	tsk_13	(x)	1	:	0.000000	0.000000	0.000000	0.000000	0.520616	0.000000	0.000000	0.000000	0.479384	0.000000	0.000000	0.000000	0.000000
14	tsk_14	(x)	1	:	0.000000	0.000000	0.000000	0.000000	0.654015	0.000000	0.000000	0.000000	0.345985	0.000000	0.000000	0.000000	0.000000
15	tsk_15	(x)	1	:	0.000000	0.500000	0.000000	0.000000	0.310643	0.000000	0.000000	0.000000	0.189357	0.000000	0.000000	0.000000	0.000000
16	tsk_16	(x)	1	:	0.000000	0.500000	0.000000	0.000000	0.355766	0.000000	0.000000	0.000000	0.144234	0.000000	0.000000	0.000000	0.000000
17	tsk_17	(x)	1	:	0.000000	1.000000	0.000000	0.000000	0.000000	0.000000	0.000000	0.000000	0.000000	0.000000	0.000000	0.000000	0.000000
18	tsk_18	(x)	1	:	0.000000	1.000000	0.000000	0.000000	0.000000	0.000000	0.000000	0.000000	0.000000	0.000000	0.000000	0.000000	0.000000
19	tsk_19	(x)	1	:	0.000000	1.000000	0.000000	0.000000	0.000000	0.000000	0.000000	0.000000	0.000000	0.000000	0.000000	0.000000	0.000000
20	tsk_20	(x)	1	:	0.000000	0.000000	1.000000	0.000000	0.000000	0.000000	0.000000	0.000000	0.000000	0.000000	0.000000	0.000000	0.000000
21	tsk_21	(x)	1	:	0.000000	0.351072	0.000000	0.000000	0.000000	0.000000	0.000000	0.000000	0.000000	0.648928	0.000000	0.000000	0.000000
22	tsk_22	(x)	1	:	0.000000	0.722679	0.000000	0.000000	0.000000	0.000000	0.000000	0.000000	0.000000	0.277321	0.000000	0.000000	0.000000
23	tsk_23	(x)	1	:	0.478664	0.057761	0.463575	0.000000	0.000000	0.000000	0.000000	0.000000	0.000000	0.000000	0.000000	0.000000	0.000000
24	tsk_24	(x)	1	:	0.479814	0.020044	0.000000	0.000000	0.223725	0.000000	0.000000	0.000000	0.276417	0.000000	0.000000	0.000000	0.000000
25	tsk_25	(x)	1	:	0.478323	0.244118	0.000000	0.000000	0.000000	0.000000	0.000000	0.000000	0.000000	0.277559	0.000000	0.000000	0.000000
26	tsk_26	(x)	1	:	0.000000	0.351072	0.000000	0.000000	0.000000	0.000000	0.000000	0.000000	0.000000	0.648928	0.000000	0.000000	0.000000
27	tsk_27	(x)	1	:	0.477753	0.039730	0.000000	0.000000	0.000000	0.482517	0.000000	0.000000	0.000000	0.000000	0.000000	0.000000	0.000000
28	tsk_28	(x)	1	:	0.000000	0.222357	0.000000	0.000000	0.195570	0.000000	0.000000	0.000000	0.304482	0.277591	0.000000	0.000000	0.000000
29	tsk_29	(x)	1	:	0.000000	0.239314	0.000000	0.000000	0.000000	0.483114	0.000000	0.000000	0.000000	0.277572	0.000000	0.000000	0.000000
30	tsk_30	(x)	1	:	0.000000	1.000000	0.000000	0.000000	0.000000	0.000000	0.000000	0.000000	0.000000	0.000000	0.000000	0.000000	0.000000
31	tsk_31	(x)	1	:	0.000000	0.530951	0.000000	0.000000	0.000000	0.000000	0.000000	0.469049	0.000000	0.000000	0.000000	0.000000	0.000000
32	tsk_32	(x)	1	:	0.341805	0.000000	0.000000	0.000000	0.000000	0.000000	0.253431	0.000000	0.000000	0.000000	0.000000	0.404764	0.000000
33	tsk_33	(x)	1	:	0.477621	0.522379	0.000000	0.000000	0.000000	0.000000	0.000000	0.000000	0.000000	0.000000	0.000000	0.000000	0.000000
34	tsk_34	(x)	1	:	0.481499	0.022965	0.000000	0.000000	0.000000	0.014292	0.000000	0.000000	0.000000	0.000000	0.000000	0.481244	0.000000
35	tsk_35	(x)	1	:	1.000000	0.000000	0.000000	0.000000	0.000000	0.000000	0.000000	0.000000	0.000000	0.000000	0.000000	0.000000	0.000000
36	tsk_36	(x)	1	:	0.477621	0.522379	0.000000	0.000000	0.000000	0.000000	0.000000	0.000000	0.000000	0.000000	0.000000	0.000000	0.000000
37	tsk_37	(x)	1	:	0.477687	0.185557	0.000000	0.000000	0.000000	0.000000	0.336756	0.000000	0.000000	0.000000	0.000000	0.000000	0.000000
38	tsk_38	(x)	1	:	0.000000	0.027674	0.000000	0.000000	0.129048	0.000000	0.000000	0.472127	0.371150	0.000000	0.000000	0.000000	0.000000
39	tsk_39	(x)	1	:	0.000000	1.000000	0.000000	0.000000	0.000000	0.000000	0.000000	0.000000	0.000000	0.000000	0.000000	0.000000	0.000000
40	tsk_40	(x)	1	:	0.000000	0.500000	0.000000	0.000000	0.375949	0.000000	0.000000	0.000000	0.124051	0.000000	0.000000	0.000000	0.000000
41	tsk_41	(x)	1	:	0.000000	1.000000	0.000000	0.000000	0.000000	0.000000	0.000000	0.000000	0.000000	0.000000	0.000000	0.000000	0.000000
42	tsk_42	(x)	1	:	0.000000	0.510451	0.000000	0.000000	0.000000	0.020443	0.000000	0.000000	0.000000	0.000000	0.000000	0.469106	0.000000
43	tsk_43	(x)	1	:	0.000000	0.530951	0.000000	0.000000	0.000000	0.000000	0.000000	0.469049	0.000000	0.000000	0.000000	0.000000	0.000000
44	tsk_44	(x)	1	:	0.479506	0.023740	0.496755	0.000000	0.000000	0.000000	0.000000	0.000000	0.000000	0.000000	0.000000	0.000000	0.000000
45	tsk_45	(x)	1	:	0.000000	1.000000	0.000000	0.000000	0.000000	0.000000	0.000000	0.000000	0.000000	0.000000	0.000000	0.000000	0.000000
46	tsk_46	(x)	1	:	0.477621	0.522379	0.000000	0.000000	0.000000	0.000000	0.000000	0.000000	0.000000	0.000000	0.000000	0.000000	0.000000
47	tsk_47	(x)	1	:	0.000000	0.000000	0.000000	0.000000	0.575661	0.000000	0.000000	0.000000	0.424339	0.000000	0.000000	0.000000	0.000000
48	tsk_48	(x)	1	:	0.477621	0.522379	0.000000	0.000000	0.000000	0.000000	0.000000	0.000000	0.000000	0.000000	0.000000	0.000000	0.000000
49	tsk_49	(x)	1	:	0.000000	0.000000	0.597286	0.000000	0.195538	0.000000	0.000000	0.000000	0.207176	0.000000	0.000000	0.000000	0.000000
50	tsk_50	(x)	1	:	0.000000	0.500000	0.000000	0.000000	0.312358	0.000000	0.000000	0.000000	0.187642	0.000000	0.000000	0.000000	0.000000
51	tsk_51	(x)	1	:	0.000000	0.523608	0.000000	0.000000	0.000000	0.000000	0.476392	0.000000	0.000000	0.000000	0.000000	0.000000	0.000000
52	tsk_52	(x)	1	:	0.000000	0.338668	0.000000	0.000000	0.000000	0.661332	0.000000	0.000000	0.000000	0.000000	0.000000	0.000000	0.000000
53	tsk_53	(x)	1	:	0.000000	0.500000	0.000000	0.000000	0.242476	0.000000	0.000000	0.000000	0.257524	0.000000	0.000000	0.000000	0.000000
54	tsk_54	(x)	1	:	0.000000	0.000000	0.000000	0.000000	0.610510	0.000000	0.000000	0.000000	0.389490	0.000000	0.000000	0.000000	0.000000
55	tsk_55	(x)	1	:	0.000000	0.338668	0.000000	0.000000	0.000000	0.661332	0.000000	0.000000	0.000000	0.000000	0.000000	0.000000	0.000000
56	tsk_56	(x)	1	:	0.000000	0.000000	0.000000	0.000000	0.561712	0.000000	0.000000	0.000000	0.438288	0.000000	0.000000	0.000000	0.000000
57	tsk_57	(x)	1	:	0.000000	0.500000	0.000000	0.000000	0.207730	0.000000	0.000000	0.000000	0.292270	0.000000	0.000000	0.000000	0.000000
58	tsk_58	(x)	1	:	0.000000	0.500000	0.000000	0.000000	0.291033	0.000000	0.000000	0.000000	0.208967	0.000000	0.000000	0.000000	0.000000
59	tsk_59	(x)	1	:	0.000000	0.000000	0.000000	0.000000	0.579432	0.000000	0.000000	0.000000	0.420567	0.000000	0.000000	0.000000	0.000000
60	tsk_60	(x)	1	:	0.477621	0.522379	0.000000	0.000000	0.000000	0.000000	0.000000	0.000000	0.000000	0.000000	0.000000	0.000000	0.000000
61	tsk_61	(x)	1	:	0.000000	0.043666	0.000000	0.000000	0.271538	0.000000	0.000000	0.000000	0.228943	0.455853	0.000000	0.000000	0.000000
62	tsk_62	(x)	1	:	0.000000	0.266082	0.000000	0.000000	0.000000	0.000000	0.000000	0.000000	0.000000	0.733918	0.000000	0.000000	0.000000
63	tsk_63	(x)	1	:	0.000000	0.286438	0.000000	0.000000	0.000000	0.000000	0.000000	0.000000	0.000000	0.713562	0.000000	0.000000	0.000000
64	tsk_64	(x)	1	:	0.000000	0.351072	0.000000	0.000000	0.000000	0.000000	0.000000	0.000000	0.000000	0.648928	0.000000	0.000000	0.000000
65	tsk_65	(x)	1	:	0.000000	0.351072	0.000000	0.000000	0.000000	0.000000	0.000000	0.000000	0.000000	0.648928	0.000000	0.000000	0.000000
66	tsk_66	(x)	1	:	0.000000	0.286438	0.000000	0.000000	0.000000	0.000000	0.000000	0.000000	0.000000	0.713562	0.000000	0.000000	0.000000
67	tsk_67	(x)	1	:	0.478117	0.021850	0.000000	0.000000	0.452723	0.000000	0.000000	0.000000	0.047309	0.000000	0.000000	0.000000	0.000000
68	tsk_68	(x)	1	:	0.000000	0.286438	0.000000	0.000000	0.000000	0.000000	0.000000	0.000000	0.000000	0.713562	0.000000	0.000000	0.000000
69	tsk_69	(x)	1	:	0.000000	0.351071	0.000000	0.000000	0.000000	0.000000	0.000000	0.000000	0.000000	0.648928	0.000000	0.000000	0.000000
70	tsk_70	(x)	1	:	0.579717	0.000000	0.000000	0.000000	0.000000	0.000000	0.000000	0.000000	0.000000	0.000000	0.000000	0.420283	0.000000
71	tsk_71	(x)	1	:	0.000000	0.530951	0.000000	0.000000	0.000000	0.000000	0.000000	0.469049	0.000000	0.000000	0.000000	0.000000	0.000000
72	tsk_72	(x)	1	:	0.000000	0.000000	0.000000	0.000000	0.000000	0.015163	0.000000	0.000000	0.000000	0.000000	0.000000	0.984837	0.000000
73	tsk_73	(x)	1	:	0.000000	0.037601	0.000000	0.000000	0.000000	0.009939	0.000000	0.470225	0.000000	0.000000	0.000000	0.482234	0.000000
74	tsk_74	(x)	1	:	0.000000	0.006141	0.000000	0.000000	0.300607	0.011498	0.000000	0.000000	0.199570	0.000000	0.000000	0.482184	0.000000
75	tsk_75	(x)	1	:	0.659844	0.340156	0.000000	0.000000	0.000000	0.000000	0.000000	0.000000	0.000000	0.000000	0.000000	0.000000	0.000000
76	tsk_76	(x)	1	:	0.000000	0.507027	0.000000	0.000000	0.000000	0.013459	0.000000	0.000000	0.000000	0.000000	0.000000	0.479514	0.000000
77	tsk_77	(x)	1	:	0.000000	0.431214	0.239198	0.000000	0.207085	0.000000	0.000000	0.000000	0.122502	0.000000	0.000000	0.000000	0.000000
78	tsk_78	(x)	1	:	0.000000	0.000000	0.235690	0.000000	0.167001	0.000039	0.000000	0.000000	0.159771	0.000000	0.000000	0.437498	0.000000
79	tsk_79	(x)	1	:	0.579717	0.000000	0.000000	0.000000	0.000000	0.000000	0.000000	0.000000	0.000000	0.000000	0.000000	0.420283	0.000000
80	tsk_80	(x)	1	:	0.000000	0.033630	0.000000	0.000000	0.000000	0.485909	0.480460	0.000000	0.000000	0.000000	0.000000	0.000000	0.000000
81	tsk_81	(x)	1	:	0.000000	0.231900	0.000000	0.000000	0.000000	0.021470	0.000000	0.000000	0.000000	0.277644	0.000000	0.468987	0.000000
82	tsk_82	(x)	1	:	0.000000	1.000000	0.000000	0.000000	0.000000	0.000000	0.000000	0.000000	0.000000	0.000000	0.000000	0.000000	0.000000
83	tsk_83	(x)	1	:	0.000000	0.009054	0.000000	0.000000	0.363350	0.019399	0.000000	0.000000	0.136844	0.000000	0.000000	0.471353	0.000000
84	tsk_84	(x)	1	:	0.000000	0.032956	0.000000	0.000000	0.000000	0.018777	0.477609	0.000000	0.000000	0.000000	0.000000	0.470659	0.000000
85	tsk_85	(x)	1	:	0.000000	0.000000	0.000000	0.000000	0.000000	0.090381	0.000000	0.000000	0.000000	0.000000	0.000000	0.909619	0.000000
86	tsk_86	(x)	1	:	0.000000	0.509990	0.000000	0.000000	0.000000	0.021509	0.000000	0.000000	0.000000	0.000000	0.000000	0.468501	0.000000
87	tsk_87	(x)	1	:	0.000000	0.547665	0.000000	0.000000	0.000000	0.000000	0.000000	0.000000	0.000000	0.452335	0.000000	0.000000	0.000000
88	tsk_88	(x)	1	:	0.000000	0.041390	0.000000	0.000000	0.000000	0.482330	0.476279	0.000000	0.000000	0.000000	0.000000	0.000000	0.000000
89	tsk_89	(x)	1	:	0.478259	0.032583	0.000000	0.000000	0.000000	0.018730	0.000000	0.000000	0.000000	0.000000	0.000000	0.470427	0.000000
90	tsk_90	(x)	1	:	0.000000	0.000000	0.000000	0.000000	0.000000	0.015478	0.000000	0.000000	0.000000	0.000000	0.000000	0.984522	0.000000
91	tsk_91	(x)	1	:	0.000000	0.021067	0.000000	0.000000	0.239098	0.000000	0.478795	0.000000	0.261041	0.000000	0.000000	0.000000	0.000000
92	tsk_92	(x)	1	:	0.000000	0.507312	0.000000	0.000000	0.000000	0.012780	0.000000	0.000000	0.000000	0.000000	0.000000	0.479908	0.000000
93	tsk_93	(x)	1	:	0.000000	1.000000	0.000000	0.000000	0.000000	0.000000	0.000000	0.000000	0.000000	0.000000	0.000000	0.000000	0.000000
94	tsk_94	(x)	1	:	0.000000	0.041088	0.000000	0.000000	0.000000	0.482470	0.476442	0.000000	0.000000	0.000000	0.000000	0.000000	0.000000
95	tsk_95	(x)	1	:	0.000000	0.000000	0.000000	0.000000	0.000000	0.000000	0.575490	0.000000	0.000000	0.000000	0.000000	0.000000	0.424510
96	tsk_96	(x)	1	:	0.000000	0.020299	0.000000	0.000000	0.346995	0.000000	0.479521	0.000000	0.153185	0.000000	0.000000	0.000000	0.000000
97	tsk_97	(x)	1	:	0.000000	0.503401	0.496599	0.000000	0.000000	0.000000	0.000000	0.000000	0.000000	0.000000	0.000000	0.000000	0.000000
98	tsk_98	(x)	1	:	0.000000	0.000000	0.000000	0.000000	0.000000	0.505957	0.000000	0.000000	0.000000	0.000000	0.000000	0.494043	0.000000
99	tsk_99	(x)	1	:	0.000000	0.523608	0.000000	0.000000	0.000000	0.000000	0.476392	0.000000	0.000000	0.000000	0.000000	0.000000	0.000000
100	tsk_100	(x)	1	:	0.000000	0.206623	0.000000	0.316866	0.000000	0.000000	0.476511	0.000000	0.000000	0.000000	0.000000	0.000000	0.000000
101	tsk_101	(x)	1	:	0.000000	0.547665	0.000000	0.000000	0.000000	0.000000	0.000000	0.000000	0.000000	0.452335	0.000000	0.000000	0.000000
102	tsk_102	(x)	1	:	0.000000	0.053186	0.000000	0.000000	0.000000	0.000000	0.698318	0.000000	0.000000	0.248496	0.000000	0.000000	0.000000
103	tsk_103	(x)	1	:	0.000000	0.000000	0.236054	0.000000	0.217093	0.000232	0.000000	0.000000	0.109973	0.000000	0.000000	0.436647	0.000000
104	tsk_104	(x)	1	:	0.000000	0.043609	0.000000	0.000000	0.329889	0.000000	0.000000	0.000000	0.170599	0.455903	0.000000	0.000000	0.000000
105	tsk_105	(x)	1	:	0.000000	0.000008	0.237698	0.000000	0.183887	0.000000	0.433905	0.000000	0.144502	0.000000	0.000000	0.000000	0.000000
106	tsk_106	(x)	1	:	0.000000	0.047312	0.497164	0.000000	0.000000	0.000000	0.000000	0.000000	0.000000	0.455525	0.000000	0.000000	0.000000
107	tsk_107	(x)	1	:	0.000000	0.000000	0.000000	0.000000	0.000000	0.000000	0.000000	0.000000	0.000000	0.410582	0.226939	0.362479	0.000000
108	tsk_108	(x)	1	:	0.000000	0.032850	0.000000	0.000000	0.000000	0.018900	0.477645	0.000000	0.000000	0.000000	0.000000	0.470606	0.000000
109	tsk_109	(x)	1	:	0.000000	0.510264	0.000000	0.000000	0.000000	0.020875	0.000000	0.000000	0.000000	0.000000	0.000000	0.468861	0.000000
110	tsk_110	(x)	1	:	0.000000	0.015220	0.000000	0.000000	0.303947	0.484633	0.000000	0.000000	0.196200	0.000000	0.000000	0.000000	0.000000
111	tsk_111	(x)	1	:	0.000000	0.000000	0.000000	0.000000	0.000000	0.423757	0.000000	0.000000	0.000000	0.000000	0.000000	0.000000	0.576243
112	tsk_112	(x)	1	:	0.000000	0.282967	0.000000	0.000000	0.000000	0.000000	0.000000	0.469585	0.000000	0.247448	0.000000	0.000000	0.000000
113	tsk_113	(x)	1	:	0.000000	0.016440	0.000000	0.000000	0.330553	0.483487	0.000000	0.000000	0.169519	0.000000	0.000000	0.000000	0.000000
114	tsk_114	(x)	1	:	0.000000	0.025583	0.000000	0.000000	0.258620	0.000000	0.000000	0.474091	0.241706	0.000000	0.000000	0.000000	0.000000
115	tsk_115	(x)	1	:	0.000000	0.014970	0.000000	0.000000	0.222811	0.484868	0.000000	0.000000	0.277352	0.000000	0.000000	0.000000	0.000000
116	tsk_116	(x)	1	:	0.000000	0.000000	0.000000	0.000000	0.000000	1.000000	0.000000	0.000000	0.000000	0.000000	0.000000	0.000000	0.000000
117	tsk_117	(x)	1	:	0.000000	0.752690	0.000000	0.000000	0.000000	0.000000	0.000000	0.000000	0.000000	0.247310	0.000000	0.000000	0.000000
118	tsk_118	(x)	1	:	0.000000	0.500000	0.000000	0.000000	0.260216	0.000000	0.000000	0.000000	0.239784	0.000000	0.000000	0.000000	0.000000
119	tsk_119	(x)	1	:	0.000000	0.014017	0.000000	0.000000	0.303961	0.485762	0.000000	0.000000	0.196260	0.000000	0.000000	0.000000	0.000000
120	tsk_120	(x)	1	:	0.437026	0.000000	0.000000	0.000000	0.000000	0.238393	0.000000	0.000000	0.000000	0.000000	0.324581	0.000000	0.000000
121	tsk_121	(x)	1	:	0.000000	0.016391	0.000000	0.000000	0.375436	0.483533	0.000000	0.000000	0.124640	0.000000	0.000000	0.000000	0.000000
122	tsk_122	(x)	1	:	0.000000	0.000000	0.000000	0.000000	0.000000	1.000000	0.000000	0.000000	0.000000	0.000000	0.000000	0.000000	0.000000
123	tsk_123	(x)	1	:	0.000000	0.722679	0.000000	0.000000	0.000000	0.000000	0.000000	0.000000	0.000000	0.277321	0.000000	0.000000	0.000000
124	tsk_124	(x)	1	:	0.437026	0.000000	0.000000	0.000000	0.000000	0.238393	0.000000	0.000000	0.000000	0.000000	0.324581	0.000000	0.000000
125	tsk_125	(x)	1	:	0.000000	0.000000	0.000000	0.000000	0.000000	1.000000	0.000000	0.000000	0.000000	0.000000	0.000000	0.000000	0.000000
126	tsk_126	(x)	1	:	0.000000	0.000000	0.000000	0.000000	0.000000	1.000000	0.000000	0.000000	0.000000	0.000000	0.000000	0.000000	0.000000
127	tsk_127	(x)	1	:	0.437026	0.000000	0.000000	0.000000	0.000000	0.238393	0.000000	0.000000	0.000000	0.000000	0.324581	0.000000	0.000000
128	tsk_128	(x)	1	:	0.000000	0.000000	0.000000	0.000000	0.000000	1.000000	0.000000	0.000000	0.000000	0.000000	0.000000	0.000000	0.000000
129	tsk_129	(x)	1	:	0.477911	0.039415	0.000000	0.000000	0.000000	0.482674	0.000000	0.000000	0.000000	0.000000	0.000000	0.000000	0.000000
130	tsk_130	(x)	1	:	0.477621	0.522379	0.000000	0.000000	0.000000	0.000000	0.000000	0.000000	0.000000	0.000000	0.000000	0.000000	0.000000
131	tsk_131	(x)	1	:	0.477621	0.522379	0.000000	0.000000	0.000000	0.000000	0.000000	0.000000	0.000000	0.000000	0.000000	0.000000	0.000000
132	tsk_132	(x)	1	:	0.000000	0.668553	0.000000	0.000000	0.000000	0.000000	0.331447	0.000000	0.000000	0.000000	0.000000	0.000000	0.000000
133	tsk_133	(x)	1	:	0.477621	0.522379	0.000000	0.000000	0.000000	0.000000	0.000000	0.000000	0.000000	0.000000	0.000000	0.000000	0.000000
134	tsk_134	(x)	1	:	1.000000	0.000000	0.000000	0.000000	0.000000	0.000000	0.000000	0.000000	0.000000	0.000000	0.000000	0.000000	0.000000
135	tsk_135	(x)	1	:	0.477621	0.522379	0.000000	0.000000	0.000000	0.000000	0.000000	0.000000	0.000000	0.000000	0.000000	0.000000	0.000000
136	tsk_136	(x)	1	:	0.000000	0.000000	0.000000	0.000000	0.519289	0.000000	0.000000	0.000000	0.480711	0.000000	0.000000	0.000000	0.000000
137	tsk_137	(x)	1	:	1.000000	0.000000	0.000000	0.000000	0.000000	0.000000	0.000000	0.000000	0.000000	0.000000	0.000000	0.000000	0.000000
138	tsk_138	(x)	1	:	0.000000	0.801764	0.000000	0.000000	0.000000	0.000000	0.000000	0.000000	0.000000	0.000000	0.198235	0.000000	0.000000
139	tsk_139	(x)	1	:	0.477621	0.522379	0.000000	0.000000	0.000000	0.000000	0.000000	0.000000	0.000000	0.000000	0.000000	0.000000	0.000000
140	tsk_140	(x)	1	:	0.481247	0.018517	0.000000	0.000000	0.344839	0.000000	0.000000	0.000000	0.155397	0.000000	0.000000	0.000000	0.000000
141	tsk_141	(x)	1	:	0.481233	0.018532	0.000000	0.000000	0.369160	0.000000	0.000000	0.000000	0.131075	0.000000	0.000000	0.000000	0.000000
142	tsk_142	(x)	1	:	0.000000	0.500000	0.000000	0.000000	0.380821	0.000000	0.000000	0.000000	0.119179	0.000000	0.000000	0.000000	0.000000
143	tsk_143	(x)	1	:	0.000000	0.500000	0.000000	0.000000	0.256906	0.000000	0.000000	0.000000	0.243094	0.000000	0.000000	0.000000	0.000000
144	tsk_144	(x)	1	:	0.000000	0.000000	0.000000	0.000000	0.007252	0.000000	0.000000	0.514205	0.478542	0.000000	0.000000	0.000000	0.000000
145	tsk_145	(x)	1	:	0.000000	0.011742	0.000000	0.000000	0.400988	0.487896	0.000000	0.000000	0.099373	0.000000	0.000000	0.000000	0.000000
146	tsk_146	(x)	1	:	0.000000	0.183171	0.000000	0.316825	0.018052	0.000000	0.000000	0.000000	0.481953	0.000000	0.000000	0.000000	0.000000
147	tsk_147	(x)	1	:	0.000000	0.351072	0.000000	0.000000	0.000000	0.000000	0.000000	0.000000	0.000000	0.648928	0.000000	0.000000	0.000000
148	tsk_148	(x)	1	:	0.000000	0.222357	0.000000	0.000000	0.288384	0.000000	0.000000	0.000000	0.211667	0.277591	0.000000	0.000000	0.000000
149	tsk_149	(x)	1	:	0.000000	0.252724	0.000000	0.000000	0.000000	0.000000	0.000000	0.469726	0.000000	0.277550	0.000000	0.000000	0.000000
