logL = -763.549467 (converged)
AIC = 6807.098935
BIC = 14755.176111

count.K
2 2 11 21 3 11 3 20 0 8 24 8 24 0 13 

