logL = -1373.729723 (converged)
AIC = 5535.459445
BIC = 9732.285045

count.K
15 24 1 16 6 28 50 10 

