logL = -881.438045 (converged)
AIC = 5926.876089
BIC = 12195.018771

count.K
30 3 15 16 16 0 8 17 12 9 23 1 

