logL = -1257.671878 (converged)
AIC = 7647.343757
BIC = 15372.633921

count.K
6 2 21 1 2 5 7 4 4 32 12 7 20 27 

