logL = -1589.155391 (converged)
AIC = 4818.310781
BIC = 7287.031723

count.K
16 29 24 31 50 

