logL = -792.808057 (converged)
AIC = 4181.616115
BIC = 8089.420727

count.K
9 2 12 10 13 16 55 33 

