logL = -667.286077 (converged)
AIC = 6186.572153
BIC = 13490.373377

count.K
15 7 2 8 2 4 7 38 2 49 0 0 16 0 

