logL = -1603.353488 (converged)
AIC = 4028.706976
BIC = 5266.078082

count.K
60 65 25 

