logL = -1061.051673 (converged)
AIC = 4524.103346
BIC = 8139.876334

count.K
10 72 6 30 6 22 4 

