logL = -1805.803816 (converged)
AIC = 8199.607632
BIC = 15106.004996

count.K
22 15 12 17 0 9 9 3 5 30 11 9 8 

