logL = -634.482290 (converged)
AIC = 6458.964579
BIC = 14271.563167

count.K
9 11 12 0 14 5 4 23 21 7 5 3 6 24 6 

