0	tsk_0	(x)	1	:	0.000000	0.000000	0.000000	0.000000	0.000000	0.000000	0.000000	0.000000	0.000000	0.500000	0.500000	0.000000	0.000000	0.000000
1	tsk_1	(x)	1	:	0.520972	0.000580	0.000000	0.000000	0.000000	0.000000	0.000000	0.000000	0.000000	0.000000	0.000000	0.476652	0.000000	0.001796
2	tsk_2	(x)	1	:	0.000000	0.000000	0.000000	0.000000	0.000000	0.500000	0.000000	0.000000	0.000000	0.500000	0.000000	0.000000	0.000000	0.000000
3	tsk_3	(x)	1	:	0.000000	0.279764	0.000000	0.000000	0.000000	0.499903	0.000000	0.000000	0.000000	0.000000	0.000000	0.000000	0.000000	0.220333
4	tsk_4	(x)	1	:	0.000000	0.000000	0.000000	0.000000	0.000000	0.000000	0.000000	0.556964	0.000000	0.443036	0.000000	0.000000	0.000000	0.000000
5	tsk_5	(x)	1	:	0.000000	0.257874	0.000000	0.000000	0.000000	0.499925	0.000000	0.000000	0.000000	0.000000	0.000000	0.000000	0.000000	0.242201
6	tsk_6	(x)	1	:	0.000000	0.000203	0.000000	0.000000	0.000000	0.499613	0.000000	0.000000	0.000000	0.000000	0.499613	0.000000	0.000000	0.000571
7	tsk_7	(x)	1	:	0.000000	0.395223	0.000000	0.000000	0.000000	0.000000	0.000000	0.000000	0.000000	0.499829	0.000000	0.000000	0.000000	0.104948
8	tsk_8	(x)	1	:	0.000000	0.165585	0.000000	0.000000	0.000000	0.499958	0.000000	0.000000	0.000000	0.000000	0.000000	0.000000	0.000000	0.334458
9	tsk_9	(x)	1	:	0.000000	0.075471	0.000000	0.000000	0.000000	0.249997	0.000000	0.000000	0.000000	0.000000	0.499998	0.000000	0.000000	0.174534
10	tsk_10	(x)	1	:	0.000000	0.243547	0.000000	0.000000	0.552674	0.000000	0.000000	0.000000	0.000000	0.000000	0.000000	0.000000	0.000000	0.203779
11	tsk_11	(x)	1	:	0.000000	0.248651	0.000000	0.000000	0.000000	0.000000	0.000000	0.000000	0.000000	0.000000	0.000000	0.000000	0.000000	0.751349
12	tsk_12	(x)	1	:	0.000000	0.000000	0.000000	0.000000	0.000000	0.000000	0.000000	0.000000	0.000000	0.000000	0.000000	1.000000	0.000000	0.000000
13	tsk_13	(x)	1	:	0.000000	0.422966	0.000000	0.000000	0.000000	0.000000	0.000000	0.445095	0.000000	0.000000	0.000000	0.000000	0.000000	0.131939
14	tsk_14	(x)	1	:	0.000000	0.448768	0.000000	0.000000	0.000000	0.000000	0.516974	0.000000	0.000000	0.000000	0.000000	0.000000	0.000000	0.034258
15	tsk_15	(x)	1	:	0.000000	0.158820	0.000000	0.000000	0.000000	0.000000	0.000000	0.000000	0.000000	0.000000	0.000000	0.469543	0.000000	0.371637
16	tsk_16	(x)	1	:	0.000000	0.671598	0.000000	0.000000	0.000000	0.000000	0.000000	0.000000	0.000000	0.000000	0.000000	0.000000	0.000000	0.328402
17	tsk_17	(x)	1	:	0.000000	0.387387	0.000000	0.000000	0.552682	0.000000	0.000000	0.000000	0.000000	0.000000	0.000000	0.000000	0.000000	0.059931
18	tsk_18	(x)	1	:	0.000000	0.432966	0.000000	0.000000	0.000000	0.000000	0.000000	0.445093	0.000000	0.000000	0.000000	0.000000	0.000000	0.121941
19	tsk_19	(x)	1	:	0.000000	0.030525	0.000000	0.000000	0.000000	0.000000	0.000000	0.447053	0.000000	0.000000	0.500966	0.000000	0.000000	0.021456
20	tsk_20	(x)	1	:	0.000000	0.000000	0.000000	0.000000	0.000000	1.000000	0.000000	0.000000	0.000000	0.000000	0.000000	0.000000	0.000000	0.000000
21	tsk_21	(x)	1	:	0.000000	0.000000	0.000000	0.000000	0.000000	1.000000	0.000000	0.000000	0.000000	0.000000	0.000000	0.000000	0.000000	0.000000
22	tsk_22	(x)	1	:	0.000000	0.067812	0.000000	0.000000	0.000000	0.000000	0.000000	0.000000	0.000000	0.000000	0.000000	0.556986	0.000000	0.375202
23	tsk_23	(x)	1	:	0.000000	0.000000	0.000000	0.000000	0.000000	0.000000	0.000000	0.000000	0.000000	0.000000	1.000000	0.000000	0.000000	0.000000
24	tsk_24	(x)	1	:	0.000000	0.000000	0.000000	0.000000	0.000000	0.438017	0.000000	0.561983	0.000000	0.000000	0.000000	0.000000	0.000000	0.000000
25	tsk_25	(x)	1	:	0.000000	0.000000	0.000000	0.000000	0.000000	0.000000	0.000000	0.000000	0.000000	0.000000	0.463755	0.536245	0.000000	0.000000
26	tsk_26	(x)	1	:	0.000000	0.000000	0.000000	0.000000	0.000000	0.463755	0.000000	0.000000	0.000000	0.000000	0.000000	0.536245	0.000000	0.000000
27	tsk_27	(x)	1	:	0.000000	0.049728	0.000000	0.000000	0.000000	0.499948	0.000000	0.000000	0.000000	0.000000	0.000000	0.000000	0.000000	0.450324
28	tsk_28	(x)	1	:	0.000000	0.000000	0.000000	0.000000	0.000000	0.000000	0.000000	0.561983	0.000000	0.000000	0.438017	0.000000	0.000000	0.000000
29	tsk_29	(x)	1	:	0.000000	0.000000	0.000000	0.000000	0.000000	0.463755	0.000000	0.000000	0.000000	0.000000	0.000000	0.536245	0.000000	0.000000
30	tsk_30	(x)	1	:	0.000000	0.181639	0.000000	0.000000	0.384838	0.000000	0.000000	0.000000	0.000000	0.114907	0.000000	0.000000	0.000000	0.318616
31	tsk_31	(x)	1	:	0.000000	0.406645	0.000000	0.000000	0.000000	0.499921	0.000000	0.000000	0.000000	0.000000	0.000000	0.000000	0.000000	0.093434
32	tsk_32	(x)	1	:	0.000000	0.162208	0.000000	0.000000	0.000000	0.499959	0.000000	0.000000	0.000000	0.000000	0.000000	0.000000	0.000000	0.337833
33	tsk_33	(x)	1	:	0.000000	0.178205	0.000000	0.000000	0.384847	0.000000	0.000000	0.000000	0.000000	0.114885	0.000000	0.000000	0.000000	0.322064
34	tsk_34	(x)	1	:	0.000000	0.186553	0.000000	0.000000	0.384745	0.000000	0.000000	0.000000	0.000000	0.115151	0.000000	0.000000	0.000000	0.313551
35	tsk_35	(x)	1	:	0.000000	0.005236	0.000000	0.000000	0.000000	0.500014	0.000000	0.000000	0.000000	0.000000	0.000000	0.469603	0.000000	0.025147
36	tsk_36	(x)	1	:	0.000000	0.001616	0.000000	0.000000	0.000000	0.000000	0.000000	0.000000	0.000000	0.000000	0.499997	0.469592	0.000000	0.028796
37	tsk_37	(x)	1	:	0.000000	0.000093	0.000000	0.000000	0.000000	0.499671	0.000000	0.000000	0.000000	0.000000	0.499671	0.000000	0.000000	0.000564
38	tsk_38	(x)	1	:	0.000000	0.170540	0.000000	0.000000	0.384733	0.000000	0.000000	0.000000	0.000000	0.115182	0.000000	0.000000	0.000000	0.329545
39	tsk_39	(x)	1	:	0.000000	0.099407	0.000000	0.000000	0.000000	0.000000	0.000000	0.000000	0.000000	0.000000	0.000000	0.556986	0.000000	0.343607
40	tsk_40	(x)	1	:	0.000000	0.196543	0.000000	0.000000	0.000000	0.249886	0.000000	0.000000	0.000000	0.000000	0.500044	0.000000	0.000000	0.053527
41	tsk_41	(x)	1	:	0.000000	0.000000	0.000000	0.000000	0.384688	0.000000	0.000000	0.000000	0.000000	0.115308	0.500004	0.000000	0.000000	0.000000
42	tsk_42	(x)	1	:	0.000000	0.313843	0.000000	0.000000	0.000000	0.000000	0.000000	0.000000	0.000000	0.499879	0.000000	0.000000	0.000000	0.186278
43	tsk_43	(x)	1	:	0.000000	0.000000	0.000000	0.000000	0.000000	0.000000	0.000000	0.000000	0.000000	1.000000	0.000000	0.000000	0.000000	0.000000
44	tsk_44	(x)	1	:	0.000000	0.000000	0.000000	0.000000	0.000000	0.000000	0.000000	0.000000	0.000000	0.500000	0.500000	0.000000	0.000000	0.000000
45	tsk_45	(x)	1	:	0.000000	0.000000	0.000000	0.000000	0.000000	0.000000	0.000000	0.000000	0.000000	0.500000	0.500000	0.000000	0.000000	0.000000
46	tsk_46	(x)	1	:	0.000000	0.000000	0.000000	0.000000	0.000000	0.000000	0.000000	0.000000	0.000000	0.500000	0.500000	0.000000	0.000000	0.000000
47	tsk_47	(x)	1	:	0.000000	0.000000	0.000000	0.000000	0.000000	0.000000	0.000000	0.000000	0.000000	1.000000	0.000000	0.000000	0.000000	0.000000
48	tsk_48	(x)	1	:	0.000000	0.054369	0.000000	0.000000	0.000000	0.000000	0.000000	0.445450	0.000000	0.500181	0.000000	0.000000	0.000000	0.000000
49	tsk_49	(x)	1	:	0.498156	0.000000	0.000000	0.000000	0.000014	0.000000	0.000000	0.000000	0.000000	0.501830	0.000000	0.000000	0.000000	0.000000
50	tsk_50	(x)	1	:	0.000000	0.000000	0.000000	0.000000	1.000000	0.000000	0.000000	0.000000	0.000000	0.000000	0.000000	0.000000	0.000000	0.000000
51	tsk_51	(x)	1	:	0.000000	0.000000	0.000000	0.000000	0.384677	0.000000	0.000000	0.000000	0.000000	0.115360	0.000000	0.469618	0.000000	0.030345
52	tsk_52	(x)	1	:	0.000000	0.000000	0.000000	0.000000	0.000000	0.000000	0.000000	0.000000	0.000000	0.000000	0.000000	1.000000	0.000000	0.000000
53	tsk_53	(x)	1	:	0.000000	0.000000	0.500314	0.000000	0.384691	0.000000	0.000000	0.000000	0.000000	0.114995	0.000000	0.000000	0.000000	0.000000
54	tsk_54	(x)	1	:	0.000000	0.000000	0.000000	0.000000	0.000000	0.000000	0.000000	0.567968	0.000000	0.000000	0.000000	0.432032	0.000000	0.000000
55	tsk_55	(x)	1	:	0.000000	0.000000	0.000000	0.000000	0.000000	0.000000	0.000000	0.000000	0.000000	0.518354	0.000000	0.481646	0.000000	0.000000
56	tsk_56	(x)	1	:	0.000000	0.006396	0.000000	0.000000	0.384677	0.000000	0.000000	0.000000	0.000000	0.115361	0.000000	0.469618	0.000000	0.023947
57	tsk_57	(x)	1	:	0.000000	0.000000	0.500291	0.000000	0.000000	0.000000	0.000000	0.000000	0.000000	0.499709	0.000000	0.000000	0.000000	0.000000
58	tsk_58	(x)	1	:	0.000000	0.000000	0.000000	0.000000	0.384683	0.000000	0.000000	0.000000	0.000000	0.079071	0.000000	0.536246	0.000000	0.000000
59	tsk_59	(x)	1	:	0.000000	0.157129	0.000000	0.000000	0.000000	0.000000	0.000000	0.000000	0.000000	0.000000	0.000000	0.556986	0.000000	0.285885
60	tsk_60	(x)	1	:	0.000000	0.368490	0.000000	0.000000	0.000000	0.000000	0.000000	0.000000	0.000000	0.000000	0.000000	0.000000	0.000000	0.631510
61	tsk_61	(x)	1	:	0.000000	0.353801	0.000000	0.000000	0.000000	0.000000	0.000000	0.445095	0.000000	0.000000	0.000000	0.000000	0.000000	0.201104
62	tsk_62	(x)	1	:	0.000000	0.157116	0.000000	0.000000	0.000000	0.499969	0.000000	0.000000	0.000000	0.000000	0.000000	0.000000	0.000000	0.342915
63	tsk_63	(x)	1	:	0.000000	0.000000	0.000000	0.000000	0.000000	0.000000	0.000000	0.000000	0.000000	0.500000	0.500000	0.000000	0.000000	0.000000
64	tsk_64	(x)	1	:	0.000000	0.009404	0.000000	0.000000	0.000000	0.500102	0.000000	0.445298	0.000000	0.000000	0.000000	0.000000	0.000000	0.045197
65	tsk_65	(x)	1	:	0.000000	0.000000	0.000000	0.000000	0.000000	0.500000	0.000000	0.000000	0.000000	0.500000	0.000000	0.000000	0.000000	0.000000
66	tsk_66	(x)	1	:	0.000000	0.103382	0.000000	0.000000	0.000000	0.499971	0.000000	0.000000	0.000000	0.000000	0.000000	0.000000	0.000000	0.396646
67	tsk_67	(x)	1	:	0.000000	0.039818	0.000000	0.000000	0.000000	0.000000	0.000000	0.446776	0.000000	0.000000	0.000000	0.000000	0.503180	0.010226
68	tsk_68	(x)	1	:	0.000000	0.190492	0.000000	0.000000	0.000000	0.499884	0.000000	0.000000	0.000000	0.000000	0.000000	0.000000	0.000000	0.309623
69	tsk_69	(x)	1	:	0.000000	0.034935	0.000000	0.000000	0.000000	0.000000	0.000000	0.445359	0.000000	0.500132	0.000000	0.000000	0.000000	0.019574
70	tsk_70	(x)	1	:	0.000000	0.781582	0.000000	0.000000	0.000000	0.000000	0.000000	0.000000	0.000000	0.000000	0.000000	0.000000	0.000000	0.218418
71	tsk_71	(x)	1	:	0.000000	0.000000	0.000000	0.000000	0.000000	0.000000	0.000000	0.000000	0.000000	0.000000	0.000000	1.000000	0.000000	0.000000
72	tsk_72	(x)	1	:	0.000000	0.018160	0.000000	0.000000	0.000000	0.000000	0.000000	0.445087	0.000000	0.000000	0.000000	0.469600	0.000000	0.067153
73	tsk_73	(x)	1	:	0.000000	0.000000	0.000000	0.000000	0.000000	0.000000	0.000000	0.000000	0.000000	0.000000	0.000000	1.000000	0.000000	0.000000
74	tsk_74	(x)	1	:	0.000000	0.431384	0.000000	0.000000	0.000000	0.000000	0.000000	0.000000	0.000000	0.000000	0.499279	0.000000	0.000000	0.069337
75	tsk_75	(x)	1	:	0.000000	0.156449	0.000000	0.000000	0.000000	0.000000	0.000000	0.000000	0.000000	0.000000	0.000000	0.469587	0.000000	0.373964
76	tsk_76	(x)	1	:	0.000000	0.000000	0.000000	0.000000	0.000000	0.000000	0.000000	0.000000	0.000000	0.518354	0.000000	0.481646	0.000000	0.000000
77	tsk_77	(x)	1	:	0.000000	0.000000	0.000000	0.000000	0.000000	0.500000	0.000000	0.000000	0.000000	0.500000	0.000000	0.000000	0.000000	0.000000
78	tsk_78	(x)	1	:	0.000000	0.014513	0.000000	0.000000	0.000000	0.000000	0.000000	0.445085	0.000000	0.000000	0.000000	0.469599	0.000000	0.070803
79	tsk_79	(x)	1	:	0.000000	0.000000	0.000000	0.000000	0.000000	0.000000	0.000000	0.000000	0.000000	1.000000	0.000000	0.000000	0.000000	0.000000
80	tsk_80	(x)	1	:	0.000000	0.106245	0.000000	0.000000	0.000000	0.000000	0.000000	0.000000	0.000000	0.000000	0.499778	0.000000	0.000000	0.393978
81	tsk_81	(x)	1	:	0.000000	0.430302	0.000000	0.000000	0.000000	0.000000	0.000000	0.000000	0.000000	0.000000	0.499277	0.000000	0.000000	0.070420
82	tsk_82	(x)	1	:	0.000000	0.592343	0.000000	0.000000	0.000000	0.000000	0.000000	0.000000	0.000000	0.000000	0.000000	0.000000	0.000000	0.407657
83	tsk_83	(x)	1	:	0.000000	0.132701	0.000000	0.000000	0.000000	0.000000	0.000000	0.000000	0.000000	0.000000	0.499344	0.000000	0.000000	0.367955
84	tsk_84	(x)	1	:	0.000000	0.344961	0.000000	0.000000	0.000000	0.000000	0.000000	0.000000	0.000000	0.000000	0.499828	0.000000	0.000000	0.155211
85	tsk_85	(x)	1	:	0.000000	0.000000	0.000000	0.000000	0.000000	0.000000	0.000000	0.000000	0.000000	0.500000	0.500000	0.000000	0.000000	0.000000
86	tsk_86	(x)	1	:	0.000000	0.364147	0.000000	0.000000	0.000000	0.000000	0.000000	0.000000	0.000000	0.000000	0.499613	0.000000	0.000000	0.136239
87	tsk_87	(x)	1	:	0.000000	0.000000	0.000000	0.000000	0.384688	0.000000	0.000000	0.000000	0.000000	0.115308	0.500004	0.000000	0.000000	0.000000
88	tsk_88	(x)	1	:	0.000000	0.127843	0.000000	0.000000	0.000000	0.000000	0.000000	0.000000	0.000000	0.000000	0.499770	0.000000	0.000000	0.372387
89	tsk_89	(x)	1	:	0.000000	0.689763	0.000000	0.000000	0.000000	0.000000	0.000000	0.000000	0.000000	0.000000	0.000000	0.000000	0.000000	0.310237
90	tsk_90	(x)	1	:	0.000000	0.311171	0.000000	0.000000	0.000000	0.499944	0.000000	0.000000	0.000000	0.000000	0.000000	0.000000	0.000000	0.188885
91	tsk_91	(x)	1	:	0.000000	0.292677	0.000000	0.000000	0.000000	0.000000	0.000000	0.445095	0.000000	0.000000	0.000000	0.000000	0.000000	0.262228
92	tsk_92	(x)	1	:	0.000000	0.409788	0.000000	0.000000	0.000000	0.000000	0.000000	0.445089	0.000000	0.000000	0.000000	0.000000	0.000000	0.145123
93	tsk_93	(x)	1	:	0.000000	0.590550	0.000000	0.000000	0.000000	0.000000	0.000000	0.000000	0.000000	0.000000	0.000000	0.000000	0.000000	0.409450
94	tsk_94	(x)	1	:	0.000000	0.634940	0.000000	0.000000	0.000000	0.000000	0.000000	0.000000	0.000000	0.000000	0.000000	0.000000	0.000000	0.365060
95	tsk_95	(x)	1	:	0.000000	0.023477	0.000000	0.000000	0.000000	0.500206	0.000000	0.445514	0.000000	0.000000	0.000000	0.000000	0.000000	0.030802
96	tsk_96	(x)	1	:	0.000000	0.000000	0.000000	0.000000	0.000000	0.438017	0.000000	0.561983	0.000000	0.000000	0.000000	0.000000	0.000000	0.000000
97	tsk_97	(x)	1	:	0.000000	0.000000	0.000000	0.000000	0.000000	0.500000	0.000000	0.000000	0.000000	0.500000	0.000000	0.000000	0.000000	0.000000
98	tsk_98	(x)	1	:	0.000000	0.592959	0.000000	0.000000	0.000000	0.000000	0.000000	0.000000	0.000000	0.000000	0.000000	0.000000	0.000000	0.407040
99	tsk_99	(x)	1	:	0.000000	0.239698	0.000000	0.000000	0.000000	0.000000	0.000000	0.000000	0.000000	0.499980	0.000000	0.000000	0.000000	0.260322
100	tsk_100	(x)	1	:	0.000000	0.108590	0.000000	0.000000	0.000000	0.000000	0.000000	0.000000	0.357758	0.499936	0.000000	0.000000	0.000000	0.033716
101	tsk_101	(x)	1	:	0.000000	0.089511	0.000000	0.000000	0.000000	0.000000	0.000000	0.000000	0.000000	0.000000	0.000000	0.469580	0.000000	0.440909
102	tsk_102	(x)	1	:	0.000000	0.328609	0.000000	0.000000	0.000000	0.000000	0.491236	0.000000	0.000000	0.000000	0.000000	0.000000	0.000000	0.180155
103	tsk_103	(x)	1	:	0.000000	0.005948	0.000000	0.000000	0.000000	0.000000	0.000000	0.000000	0.000000	0.000000	0.501283	0.470424	0.000000	0.022345
104	tsk_104	(x)	1	:	0.000000	0.000000	0.000000	0.000000	0.000000	0.000000	0.000000	0.000000	0.000000	0.000000	1.000000	0.000000	0.000000	0.000000
105	tsk_105	(x)	1	:	0.000000	0.000000	0.000000	0.000000	0.000000	0.000000	0.000000	0.000000	0.357595	0.000000	0.499741	0.000000	0.000000	0.142664
106	tsk_106	(x)	1	:	0.000000	0.500693	0.000000	0.000000	0.000000	0.000000	0.000000	0.000000	0.000000	0.000000	0.499306	0.000000	0.000000	0.000000
107	tsk_107	(x)	1	:	0.000000	0.152911	0.000000	0.000000	0.000000	0.000000	0.000000	0.445024	0.357851	0.000000	0.000000	0.000000	0.000000	0.044214
108	tsk_108	(x)	1	:	0.000000	0.112392	0.000000	0.000000	0.000000	0.000000	0.000000	0.000000	0.000000	0.000000	0.000000	0.469603	0.000000	0.418005
109	tsk_109	(x)	1	:	0.000000	0.000000	0.000000	0.000000	0.000000	0.000000	0.000000	0.000000	0.000000	0.000000	1.000000	0.000000	0.000000	0.000000
110	tsk_110	(x)	1	:	0.000000	0.041735	0.500437	0.000000	0.000000	0.000000	0.000000	0.000000	0.000000	0.000000	0.000000	0.000000	0.000000	0.457828
111	tsk_111	(x)	1	:	0.000000	0.000000	0.000000	0.000000	0.000000	0.000000	0.000000	0.000000	0.000000	1.000000	0.000000	0.000000	0.000000	0.000000
112	tsk_112	(x)	1	:	0.000000	0.323098	0.000000	0.000000	0.000000	0.000000	0.000000	0.000000	0.000000	0.000000	0.499951	0.000000	0.000000	0.176951
113	tsk_113	(x)	1	:	0.000000	0.000000	0.000000	0.499996	0.000000	0.000000	0.000000	0.000000	0.000000	0.000005	0.499999	0.000000	0.000000	0.000000
114	tsk_114	(x)	1	:	0.000000	0.000000	0.000000	0.000000	0.000000	0.000000	0.000000	0.000000	0.183652	0.816348	0.000000	0.000000	0.000000	0.000000
115	tsk_115	(x)	1	:	0.000000	0.000000	0.000000	0.000000	0.000000	0.000000	0.000000	0.000000	0.098268	0.901732	0.000000	0.000000	0.000000	0.000000
116	tsk_116	(x)	1	:	0.000000	0.000000	0.000000	0.000000	0.000000	0.000000	0.000000	0.000000	0.000000	1.000000	0.000000	0.000000	0.000000	0.000000
117	tsk_117	(x)	1	:	0.000000	0.022586	0.500404	0.000000	0.000000	0.000000	0.000000	0.000000	0.357720	0.000000	0.000000	0.000000	0.000000	0.119289
118	tsk_118	(x)	1	:	0.000000	0.000000	0.000000	0.000000	0.000000	0.000000	0.000000	0.000000	0.098268	0.901732	0.000000	0.000000	0.000000	0.000000
119	tsk_119	(x)	1	:	0.000000	0.686721	0.000000	0.000000	0.000000	0.000000	0.000000	0.000000	0.000000	0.000000	0.000000	0.000000	0.000000	0.313279
120	tsk_120	(x)	1	:	0.000000	0.209929	0.000000	0.000000	0.000000	0.000000	0.000000	0.000000	0.000000	0.000000	0.499865	0.000000	0.000000	0.290206
121	tsk_121	(x)	1	:	0.000000	0.032790	0.000000	0.000000	0.000000	0.000000	0.000000	0.448130	0.000000	0.000000	0.501502	0.000000	0.000000	0.017577
122	tsk_122	(x)	1	:	0.000000	0.000000	0.000000	0.000000	0.000000	0.000000	0.604872	0.000000	0.000000	0.000000	0.395128	0.000000	0.000000	0.000000
123	tsk_123	(x)	1	:	0.000000	0.000000	0.000000	0.000000	0.000000	0.000000	0.000000	0.000000	0.000000	0.000000	1.000000	0.000000	0.000000	0.000000
124	tsk_124	(x)	1	:	0.000000	0.030507	0.000000	0.000000	0.000000	0.000000	0.000000	0.447249	0.000000	0.000000	0.501063	0.000000	0.000000	0.021182
125	tsk_125	(x)	1	:	0.000000	0.000000	0.000000	0.000000	0.000000	0.000000	0.000000	0.000000	0.000000	0.000000	1.000000	0.000000	0.000000	0.000000
126	tsk_126	(x)	1	:	0.000000	0.037733	0.000000	0.000000	0.000000	0.000000	0.000000	0.446579	0.000000	0.000000	0.500731	0.000000	0.000000	0.014957
127	tsk_127	(x)	1	:	0.000000	0.121926	0.000000	0.000000	0.000000	0.249987	0.000000	0.445096	0.000000	0.000000	0.000000	0.000000	0.000000	0.182991
128	tsk_128	(x)	1	:	0.000000	0.000000	0.000000	0.000000	0.000000	0.000000	0.000000	0.000000	0.000000	0.000000	1.000000	0.000000	0.000000	0.000000
129	tsk_129	(x)	1	:	0.000000	0.024050	0.000000	0.000000	0.000000	0.000000	0.000000	0.450510	0.000000	0.000000	0.502692	0.000000	0.000000	0.022747
130	tsk_130	(x)	1	:	0.000000	0.207238	0.000000	0.000000	0.000000	0.000000	0.000000	0.000000	0.000000	0.000000	0.499654	0.000000	0.000000	0.293107
131	tsk_131	(x)	1	:	0.000000	0.000279	0.000000	0.000000	0.000000	0.499723	0.000000	0.000000	0.000000	0.000000	0.499723	0.000000	0.000000	0.000276
132	tsk_132	(x)	1	:	0.000000	0.000084	0.000000	0.000000	0.000000	0.000000	0.000000	0.000000	0.000000	0.000000	0.499490	0.000000	0.500387	0.000040
133	tsk_133	(x)	1	:	0.000000	0.000026	0.000000	0.000000	0.000000	0.499514	0.000000	0.000000	0.000000	0.000000	0.000000	0.000000	0.500436	0.000024
134	tsk_134	(x)	1	:	0.000000	0.000000	0.000000	0.000000	0.384761	0.000000	0.000000	0.000000	0.000000	0.114738	0.000000	0.000000	0.500501	0.000000
135	tsk_135	(x)	1	:	0.000000	0.000000	0.000000	0.000000	0.000000	0.000000	0.000000	0.000000	0.000000	0.499531	0.000000	0.000000	0.500469	0.000000
136	tsk_136	(x)	1	:	0.000000	0.308612	0.000000	0.000000	0.000000	0.000000	0.000000	0.000000	0.000000	0.000000	0.000000	0.000000	0.501436	0.189952
137	tsk_137	(x)	1	:	0.000000	0.000000	0.000000	0.000000	0.000000	0.000000	0.000000	0.000000	0.000000	0.000000	0.463755	0.536245	0.000000	0.000000
138	tsk_138	(x)	1	:	0.000000	0.371373	0.000000	0.000000	0.000000	0.000000	0.000000	0.000000	0.000000	0.000000	0.000000	0.000000	0.501436	0.127191
139	tsk_139	(x)	1	:	0.000000	0.042801	0.000000	0.000000	0.000000	0.000000	0.000000	0.447164	0.000000	0.000000	0.501021	0.000000	0.000000	0.009014
140	tsk_140	(x)	1	:	0.000000	0.260684	0.000000	0.000000	0.000000	0.000000	0.000000	0.000000	0.000000	0.000000	0.499073	0.000000	0.000000	0.240244
141	tsk_141	(x)	1	:	0.000000	0.000000	0.500291	0.000000	0.000000	0.000000	0.000000	0.000000	0.000000	0.499709	0.000000	0.000000	0.000000	0.000000
142	tsk_142	(x)	1	:	0.000000	0.000000	0.000000	0.000000	0.533569	0.000000	0.000000	0.000000	0.000000	0.000000	0.466431	0.000000	0.000000	0.000000
143	tsk_143	(x)	1	:	0.000000	0.409065	0.000000	0.000000	0.552677	0.000000	0.000000	0.000000	0.000000	0.000000	0.000000	0.000000	0.000000	0.038258
144	tsk_144	(x)	1	:	0.000000	0.243461	0.000000	0.000000	0.000000	0.000000	0.000000	0.000000	0.000000	0.000000	0.000000	0.000000	0.501424	0.255114
145	tsk_145	(x)	1	:	0.000000	0.000000	0.000000	0.000000	0.623531	0.000000	0.000000	0.000000	0.000000	0.376469	0.000000	0.000000	0.000000	0.000000
146	tsk_146	(x)	1	:	0.000000	0.342380	0.000000	0.000000	0.552672	0.000000	0.000000	0.000000	0.000000	0.000000	0.000000	0.000000	0.000000	0.104948
147	tsk_147	(x)	1	:	0.000000	0.000000	0.000000	0.000000	0.623531	0.000000	0.000000	0.000000	0.000000	0.376469	0.000000	0.000000	0.000000	0.000000
148	tsk_148	(x)	1	:	0.000000	0.271973	0.000000	0.000000	0.000000	0.000000	0.000000	0.445094	0.000000	0.000000	0.000000	0.000000	0.000000	0.282932
149	tsk_149	(x)	1	:	0.000000	0.000000	0.000000	0.000000	0.623531	0.000000	0.000000	0.000000	0.000000	0.376469	0.000000	0.000000	0.000000	0.000000
