logL = -1575.457631 (converged)
AIC = 5334.915261
BIC = 8622.529002

count.K
71 9 25 9 19 17 

