logL = -666.534119 (converged)
AIC = 4201.068239
BIC = 8518.319250

count.K
19 2 25 28 27 39 0 8 2 

