logL = -1078.138826 (converged)
AIC = 5476.277651
BIC = 10473.932240

count.K
31 15 0 18 25 25 3 14 18 1 

