logL = -1284.499722 (converged)
AIC = 7588.999443
BIC = 15145.694031

count.K
12 0 10 4 2 11 6 36 10 2 7 7 3 40 

