logL = -2215.610656 (converged)
AIC = 4919.221313
BIC = 5653.816324

count.K
106 44 

