logL = -1572.548586 (converged)
AIC = 3593.097172
BIC = 4267.479478

count.K
84 66 

