logL = -1552.734548 (converged)
AIC = 4325.469097
BIC = 6161.956626

count.K
23 27 65 35 

