logL = -700.720161 (converged)
AIC = 4449.440322
BIC = 9037.648510

count.K
25 9 12 27 11 2 10 41 13 

