logL = -3363.045201 (converged)
AIC = 7686.090402
BIC = 9131.195344

count.K
78 16 56 

