logL = -2193.358353 (converged)
AIC = 5262.716705
BIC = 6581.374964

count.K
53 59 38 

