0	tsk_0	(x)	1	:	0.000000	0.000000	0.000000	0.000000	0.173858	0.419539	0.406603
1	tsk_1	(x)	1	:	0.000000	0.000000	0.000000	0.000000	0.286784	0.419605	0.293611
2	tsk_2	(x)	1	:	0.000000	0.000000	0.000000	0.494638	0.343898	0.000000	0.161463
3	tsk_3	(x)	1	:	0.000000	0.000000	0.000000	0.494541	0.277941	0.000000	0.227518
4	tsk_4	(x)	1	:	0.000000	0.000000	0.000000	0.494607	0.322510	0.000000	0.182883
5	tsk_5	(x)	1	:	0.000000	0.000000	0.000000	0.000000	0.000000	1.000000	0.000000
6	tsk_6	(x)	1	:	0.000000	0.000000	0.000000	0.000000	0.247769	0.533319	0.218911
7	tsk_7	(x)	1	:	0.000000	0.000000	0.000000	0.494486	0.240126	0.000000	0.265388
8	tsk_8	(x)	1	:	0.000000	0.000000	0.000000	0.494459	0.059298	0.419577	0.026667
9	tsk_9	(x)	1	:	0.000000	0.000000	0.000000	0.000000	0.165070	0.419534	0.415396
10	tsk_10	(x)	1	:	0.000000	0.000000	0.000000	1.000000	0.000000	0.000000	0.000000
11	tsk_11	(x)	1	:	0.250682	0.442117	0.000000	0.307202	0.000000	0.000000	0.000000
12	tsk_12	(x)	1	:	0.000000	0.516089	0.000000	0.000000	0.046443	0.419677	0.017791
13	tsk_13	(x)	1	:	0.000000	0.000000	0.000000	0.494477	0.234421	0.000000	0.271102
14	tsk_14	(x)	1	:	0.000000	0.485632	0.295734	0.218635	0.000000	0.000000	0.000000
15	tsk_15	(x)	1	:	0.000000	0.485632	0.295734	0.218635	0.000000	0.000000	0.000000
16	tsk_16	(x)	1	:	0.000000	0.478566	0.268774	0.000000	0.000000	0.252660	0.000000
17	tsk_17	(x)	1	:	0.000000	0.516079	0.000000	0.000000	0.305186	0.000000	0.178736
18	tsk_18	(x)	1	:	0.000000	0.485632	0.295734	0.218635	0.000000	0.000000	0.000000
19	tsk_19	(x)	1	:	0.000000	0.000000	0.000000	0.000000	0.361061	0.000000	0.638939
20	tsk_20	(x)	1	:	0.000000	0.516083	0.000000	0.000000	0.339532	0.000000	0.144386
21	tsk_21	(x)	1	:	0.000000	0.516085	0.000000	0.000000	0.041977	0.419656	0.022281
22	tsk_22	(x)	1	:	0.000000	0.000000	0.000000	0.494394	0.176472	0.000000	0.329134
23	tsk_23	(x)	1	:	0.000000	0.000000	0.000000	0.494524	0.266698	0.000000	0.238777
24	tsk_24	(x)	1	:	0.000000	1.000000	0.000000	0.000000	0.000000	0.000000	0.000000
25	tsk_25	(x)	1	:	0.000000	0.516072	0.000000	0.000000	0.250649	0.000000	0.233279
26	tsk_26	(x)	1	:	0.000000	0.516068	0.000000	0.000000	0.218348	0.000000	0.265584
27	tsk_27	(x)	1	:	0.000000	0.516080	0.000000	0.000000	0.035005	0.419623	0.029292
28	tsk_28	(x)	1	:	0.000000	0.000000	0.000000	0.000000	0.329066	0.000000	0.670934
29	tsk_29	(x)	1	:	0.000000	0.000000	0.000000	0.494505	0.253239	0.000000	0.252256
30	tsk_30	(x)	1	:	0.000000	0.000000	1.000000	0.000000	0.000000	0.000000	0.000000
31	tsk_31	(x)	1	:	0.000000	0.000000	0.000000	0.000000	0.363871	0.000000	0.636129
32	tsk_32	(x)	1	:	0.258436	0.520921	0.000000	0.000000	0.000000	0.220642	0.000000
33	tsk_33	(x)	1	:	0.000000	0.000000	0.000000	0.000000	0.262041	0.000000	0.737959
34	tsk_34	(x)	1	:	0.000000	0.516075	0.252939	0.000000	0.109663	0.000000	0.121323
35	tsk_35	(x)	1	:	0.000000	0.000000	0.000000	0.000000	0.220410	0.419566	0.360024
36	tsk_36	(x)	1	:	0.000000	0.000000	0.000000	0.000000	0.377580	0.201468	0.420952
37	tsk_37	(x)	1	:	0.000000	0.000000	0.252905	0.000000	0.187187	0.000000	0.559907
38	tsk_38	(x)	1	:	0.315765	0.000000	0.248174	0.431047	0.002362	0.000000	0.002652
39	tsk_39	(x)	1	:	0.000000	0.000000	0.252910	0.000000	0.199787	0.000000	0.547303
40	tsk_40	(x)	1	:	0.000000	0.516077	0.000000	0.000000	0.294504	0.000000	0.189419
41	tsk_41	(x)	1	:	0.000000	0.516081	0.000000	0.000000	0.328347	0.000000	0.155572
42	tsk_42	(x)	1	:	0.000000	0.516083	0.000000	0.000000	0.339611	0.000000	0.144307
43	tsk_43	(x)	1	:	0.000000	0.000000	0.000000	0.000000	0.612871	0.000000	0.387129
44	tsk_44	(x)	1	:	0.000000	0.000000	0.000000	0.000000	0.225883	0.000000	0.774117
45	tsk_45	(x)	1	:	0.000000	0.000000	0.000000	0.000000	0.275890	0.000000	0.724110
46	tsk_46	(x)	1	:	0.000000	0.000000	0.000000	0.000000	0.397999	0.000000	0.602001
47	tsk_47	(x)	1	:	0.000000	0.000000	0.000000	0.000000	0.210720	0.000000	0.789280
48	tsk_48	(x)	1	:	0.000000	0.000000	0.000000	0.000000	0.383009	0.000000	0.616991
49	tsk_49	(x)	1	:	0.000000	0.000000	0.000000	0.000000	0.331437	0.000000	0.668563
50	tsk_50	(x)	1	:	0.000000	0.000000	0.000000	0.000000	0.305049	0.000000	0.694951
51	tsk_51	(x)	1	:	0.000000	0.000000	0.000000	0.000000	0.209382	0.000000	0.790617
52	tsk_52	(x)	1	:	0.000000	0.000000	0.000000	0.000000	0.475054	0.000000	0.524946
53	tsk_53	(x)	1	:	0.000000	0.000000	0.000000	0.000000	0.258239	0.168038	0.573724
54	tsk_54	(x)	1	:	0.000000	0.000000	0.000000	0.000000	0.514811	0.000000	0.485189
55	tsk_55	(x)	1	:	0.000000	0.000000	0.000000	0.000000	0.264042	0.000000	0.735958
56	tsk_56	(x)	1	:	0.000000	0.000000	0.000000	0.000000	0.151458	0.419526	0.429016
57	tsk_57	(x)	1	:	0.000000	0.000000	0.000000	0.000000	0.355610	0.000000	0.644390
58	tsk_58	(x)	1	:	0.000000	0.000000	0.000000	0.000000	0.293924	0.000000	0.706076
59	tsk_59	(x)	1	:	0.000000	0.000000	0.000000	0.000000	0.218544	0.419565	0.361891
60	tsk_60	(x)	1	:	0.251658	0.000000	0.000000	0.436113	0.312046	0.000000	0.000183
61	tsk_61	(x)	1	:	0.585405	0.000000	0.000000	0.414594	0.000000	0.000000	0.000000
62	tsk_62	(x)	1	:	0.000000	0.516081	0.000000	0.000000	0.329602	0.000000	0.154317
63	tsk_63	(x)	1	:	0.000000	0.000000	0.000000	1.000000	0.000000	0.000000	0.000000
64	tsk_64	(x)	1	:	0.000000	0.000000	0.000000	0.000000	0.268548	0.000000	0.731452
65	tsk_65	(x)	1	:	0.319972	0.000000	0.000000	0.438698	0.069468	0.000000	0.171862
66	tsk_66	(x)	1	:	0.000000	0.000000	0.000000	0.000000	0.366585	0.000000	0.633415
67	tsk_67	(x)	1	:	0.000000	0.516069	0.000000	0.000000	0.222684	0.000000	0.261247
68	tsk_68	(x)	1	:	0.000000	0.000000	0.000000	0.494614	0.327718	0.000000	0.177668
69	tsk_69	(x)	1	:	0.000000	0.000000	0.000000	0.000000	0.228325	0.000000	0.771675
70	tsk_70	(x)	1	:	0.000000	0.454824	0.000000	0.494204	0.044705	0.000000	0.006267
71	tsk_71	(x)	1	:	0.000000	0.000000	0.000000	0.000000	0.196536	0.000000	0.803464
72	tsk_72	(x)	1	:	0.000000	0.516895	0.482938	0.000000	0.000098	0.000000	0.000069
73	tsk_73	(x)	1	:	0.000000	0.516077	0.000000	0.000000	0.290661	0.000000	0.193262
74	tsk_74	(x)	1	:	0.000000	0.000000	0.000000	0.000000	0.242869	0.000000	0.757131
75	tsk_75	(x)	1	:	0.000000	0.516887	0.482872	0.000000	0.000064	0.000000	0.000177
76	tsk_76	(x)	1	:	0.000000	0.454846	0.000000	0.000000	0.312280	0.000000	0.232874
77	tsk_77	(x)	1	:	0.000000	0.000000	0.000000	0.000000	0.655678	0.000000	0.344322
78	tsk_78	(x)	1	:	0.000000	0.000000	0.000000	0.000000	0.478507	0.000000	0.521493
79	tsk_79	(x)	1	:	0.000000	0.000000	0.000000	0.000000	0.187443	0.000000	0.812557
80	tsk_80	(x)	1	:	0.000000	0.000000	0.000000	0.000000	0.442262	0.000000	0.557738
81	tsk_81	(x)	1	:	0.000000	0.000000	0.000000	0.000000	0.454680	0.000000	0.545320
82	tsk_82	(x)	1	:	0.000000	0.000000	0.000000	0.000000	0.653111	0.000000	0.346889
83	tsk_83	(x)	1	:	0.000000	0.000000	0.000000	0.000000	0.158868	0.000000	0.841132
84	tsk_84	(x)	1	:	0.000000	0.000000	0.000000	0.000000	0.354346	0.000000	0.645654
85	tsk_85	(x)	1	:	0.000000	0.000000	0.000000	0.000000	0.414520	0.000000	0.585480
86	tsk_86	(x)	1	:	0.000000	0.000000	0.000000	0.000000	1.000000	0.000000	0.000000
87	tsk_87	(x)	1	:	0.000000	0.000000	0.000000	0.000000	0.303387	0.000000	0.696613
88	tsk_88	(x)	1	:	0.000000	0.000000	0.000000	0.000000	0.332457	0.000000	0.667543
89	tsk_89	(x)	1	:	0.000000	0.000000	0.000000	0.000000	0.244910	0.000000	0.755089
90	tsk_90	(x)	1	:	0.000000	0.000000	0.000000	0.494374	0.162484	0.000000	0.343142
91	tsk_91	(x)	1	:	0.000000	0.000000	0.000000	0.000000	0.210740	0.000000	0.789260
92	tsk_92	(x)	1	:	0.000000	0.000000	0.000000	0.000000	0.162098	0.000000	0.837902
93	tsk_93	(x)	1	:	0.000000	0.000000	0.000000	0.000000	0.331361	0.000000	0.668639
94	tsk_94	(x)	1	:	0.000000	0.000000	0.000000	0.000000	0.354872	0.000000	0.645128
95	tsk_95	(x)	1	:	0.000000	0.000000	0.000000	0.000000	0.213573	0.000000	0.786427
96	tsk_96	(x)	1	:	0.000000	0.000000	0.000000	0.000000	0.244077	0.000000	0.755923
97	tsk_97	(x)	1	:	0.000000	0.000000	0.000000	0.000000	0.382399	0.000000	0.617601
98	tsk_98	(x)	1	:	0.000000	0.000000	0.000000	0.000000	0.558564	0.000000	0.441436
99	tsk_99	(x)	1	:	0.585405	0.000000	0.000000	0.414594	0.000000	0.000000	0.000000
100	tsk_100	(x)	1	:	0.000000	0.454847	0.000000	0.000000	0.321580	0.000000	0.223573
101	tsk_101	(x)	1	:	0.000000	0.000000	0.000000	0.000000	0.176605	0.178719	0.644676
102	tsk_102	(x)	1	:	0.000000	0.454832	0.000000	0.000000	0.105035	0.178736	0.261397
103	tsk_103	(x)	1	:	0.000000	0.516066	0.000000	0.000000	0.107521	0.178749	0.197665
104	tsk_104	(x)	1	:	0.000000	0.516056	0.000000	0.000000	0.049972	0.178719	0.255253
105	tsk_105	(x)	1	:	0.000000	0.000000	0.000000	0.494551	0.172910	0.178782	0.153756
106	tsk_106	(x)	1	:	0.000000	0.516079	0.000000	0.000000	0.309071	0.000000	0.174850
107	tsk_107	(x)	1	:	0.000000	0.516072	0.000000	0.000000	0.248699	0.000000	0.235229
108	tsk_108	(x)	1	:	0.000000	0.000000	0.000000	0.000000	0.331493	0.000000	0.668507
109	tsk_109	(x)	1	:	0.000000	0.000000	0.000000	1.000000	0.000000	0.000000	0.000000
110	tsk_110	(x)	1	:	0.000000	0.000000	0.000000	0.000000	0.000000	0.000000	1.000000
111	tsk_111	(x)	1	:	0.000000	0.000000	0.000000	0.000000	0.000000	0.484781	0.515219
112	tsk_112	(x)	1	:	0.000000	0.000000	0.000000	0.000000	0.235445	0.419575	0.344980
113	tsk_113	(x)	1	:	0.000000	0.515018	0.000000	0.480350	0.004051	0.000000	0.000580
114	tsk_114	(x)	1	:	0.000000	0.000000	0.000000	0.494509	0.256042	0.000000	0.249449
115	tsk_115	(x)	1	:	0.000000	0.000000	0.000000	0.000000	0.153993	0.419528	0.426479
116	tsk_116	(x)	1	:	0.000000	0.000000	0.000000	0.000000	0.246683	0.000000	0.753317
117	tsk_117	(x)	1	:	0.000000	0.000000	0.000000	0.000000	0.161529	0.419532	0.418939
118	tsk_118	(x)	1	:	0.000000	0.000000	0.000000	0.000000	0.331000	0.000000	0.668999
119	tsk_119	(x)	1	:	0.000000	0.000000	0.000000	0.494618	0.330326	0.000000	0.175056
120	tsk_120	(x)	1	:	0.000000	0.454825	0.000000	0.494223	0.046109	0.000000	0.004843
121	tsk_121	(x)	1	:	0.000000	0.454847	0.000000	0.000000	0.320112	0.000000	0.225041
122	tsk_122	(x)	1	:	0.000000	1.000000	0.000000	0.000000	0.000000	0.000000	0.000000
123	tsk_123	(x)	1	:	0.000000	0.454845	0.000000	0.000000	0.305287	0.000000	0.239868
124	tsk_124	(x)	1	:	0.000000	0.000000	0.000000	0.000000	0.192661	0.000000	0.807339
125	tsk_125	(x)	1	:	0.000000	0.454850	0.000000	0.000000	0.352249	0.000000	0.192901
126	tsk_126	(x)	1	:	0.000000	0.454851	0.000000	0.000000	0.358607	0.000000	0.186542
127	tsk_127	(x)	1	:	0.000000	0.000000	0.000000	1.000000	0.000000	0.000000	0.000000
128	tsk_128	(x)	1	:	0.000000	0.516083	0.000000	0.000000	0.341786	0.000000	0.142131
129	tsk_129	(x)	1	:	0.000000	0.454841	0.000000	0.000000	0.268579	0.000000	0.276580
130	tsk_130	(x)	1	:	0.000000	0.000000	0.000000	0.000000	0.331739	0.000000	0.668261
131	tsk_131	(x)	1	:	0.149952	0.470244	0.242098	0.137706	0.000000	0.000000	0.000000
132	tsk_132	(x)	1	:	0.000000	0.000000	0.000000	0.000000	0.077110	0.324049	0.598841
133	tsk_133	(x)	1	:	0.000000	0.000000	0.000000	0.494589	0.310611	0.000000	0.194800
134	tsk_134	(x)	1	:	0.328559	0.000000	0.000000	0.452388	0.024540	0.181946	0.012568
135	tsk_135	(x)	1	:	0.000000	0.000000	0.000000	0.000000	0.275639	0.000000	0.724361
136	tsk_136	(x)	1	:	0.000000	0.000000	0.000000	0.000000	0.164958	0.178717	0.656326
137	tsk_137	(x)	1	:	0.000000	0.000000	0.000000	0.000000	0.240336	0.000000	0.759664
138	tsk_138	(x)	1	:	0.000000	0.000000	0.000000	0.000000	0.330782	0.000000	0.669218
139	tsk_139	(x)	1	:	0.000000	0.516057	0.000000	0.000000	0.059735	0.178724	0.245484
140	tsk_140	(x)	1	:	0.000000	0.000000	0.000000	0.494489	0.242144	0.000000	0.263367
141	tsk_141	(x)	1	:	0.000000	0.000000	0.000000	0.000000	0.300512	0.000000	0.699488
142	tsk_142	(x)	1	:	0.000000	0.000000	0.000000	0.000000	0.523527	0.000000	0.476473
143	tsk_143	(x)	1	:	0.000000	0.516084	0.000000	0.000000	0.352609	0.000000	0.131307
144	tsk_144	(x)	1	:	0.000000	1.000000	0.000000	0.000000	0.000000	0.000000	0.000000
145	tsk_145	(x)	1	:	0.000000	0.516075	0.000000	0.000000	0.277137	0.000000	0.206787
146	tsk_146	(x)	1	:	0.000000	0.000000	0.000000	0.000000	0.611995	0.000000	0.388005
147	tsk_147	(x)	1	:	0.000000	0.000000	0.000000	0.494583	0.306687	0.000000	0.198730
148	tsk_148	(x)	1	:	0.000000	0.000000	0.000000	0.494379	0.166499	0.000000	0.339121
149	tsk_149	(x)	1	:	0.000000	0.000000	0.000000	0.494497	0.247980	0.000000	0.257523
