logL = -1341.325732 (converged)
AIC = 5550.651464
BIC = 9867.902476

count.K
12 46 19 21 30 10 5 7 

