logL = -669.575114 (converged)
AIC = 4699.150228
BIC = 9757.017523

count.K
63 1 10 7 29 3 7 5 22 3 

