logL = -1837.373111 (converged)
AIC = 9254.746222
BIC = 17654.418693

count.K
2 3 18 13 3 9 15 13 8 23 8 8 7 0 20 

