logL = -1114.447917 (converged)
AIC = 4112.895834
BIC = 6948.914281

count.K
41 30 28 17 17 17 

