logL = -1760.995769 (converged)
AIC = 8135.991538
BIC = 15081.527162

count.K
10 2 33 12 16 23 2 3 1 18 6 1 23 

