logL = -2118.352066 (converged)
AIC = 6408.704132
BIC = 9678.254061

count.K
11 43 12 4 45 35 

