logL = -1307.364445 (converged)
AIC = 5402.728890
BIC = 9599.554490

count.K
21 8 17 3 25 44 22 10 

