logL = -1450.801052 (converged)
AIC = 6301.602103
BIC = 11419.682103

count.K
6 2 7 9 44 19 33 19 5 6 

