logL = -2258.251381 (converged)
AIC = 4996.502762
BIC = 5719.055233

count.K
105 45 

