0	tsk_0	(x)	1	:	0.000047	0.000000	0.000000	0.241607	0.458876	0.000000	0.000000	0.205385	0.000000	0.000000	0.000000	0.094085	0.000000
1	tsk_1	(x)	1	:	0.000000	0.000000	0.000000	0.000000	0.190333	0.000000	0.000000	0.000000	0.000000	0.000000	0.000000	0.809667	0.000000
2	tsk_2	(x)	1	:	0.000000	0.000000	0.012883	0.000000	0.245401	0.000000	0.000000	0.000000	0.478976	0.000000	0.000000	0.262740	0.000000
3	tsk_3	(x)	1	:	0.000256	0.000000	0.000000	0.255539	0.000000	0.000000	0.000000	0.236615	0.000000	0.000000	0.507589	0.000000	0.000000
4	tsk_4	(x)	1	:	0.000000	0.000000	0.005410	0.000000	0.245483	0.000000	0.000000	0.000000	0.485385	0.000000	0.000000	0.263721	0.000000
5	tsk_5	(x)	1	:	0.000000	0.500870	0.000000	0.000000	0.244604	0.000000	0.000000	0.000000	0.000000	0.000000	0.000000	0.254526	0.000000
6	tsk_6	(x)	1	:	0.000000	0.000000	0.011666	0.000000	0.000000	0.000000	0.000000	0.000000	0.487454	0.000000	0.000000	0.500880	0.000000
7	tsk_7	(x)	1	:	0.000029	0.000000	0.000000	0.241612	0.458876	0.000000	0.000000	0.205399	0.000000	0.000000	0.000000	0.094085	0.000000
8	tsk_8	(x)	1	:	0.000000	0.000000	0.014508	0.000000	0.000000	0.000000	0.000000	0.000000	0.485015	0.000000	0.000000	0.500477	0.000000
9	tsk_9	(x)	1	:	0.000000	0.000000	0.000000	0.500000	0.000000	0.000000	0.000000	0.000000	0.000000	0.000000	0.000000	0.500000	0.000000
10	tsk_10	(x)	1	:	0.000000	0.503912	0.000000	0.000000	0.000000	0.000000	0.000000	0.001279	0.000000	0.000000	0.494809	0.000000	0.000000
11	tsk_11	(x)	1	:	0.000000	0.508356	0.003726	0.000000	0.000000	0.000000	0.000000	0.000000	0.000000	0.000000	0.000000	0.000000	0.487918
12	tsk_12	(x)	1	:	0.000000	0.503879	0.000000	0.000000	0.000000	0.000000	0.000000	0.001532	0.000000	0.000000	0.494589	0.000000	0.000000
13	tsk_13	(x)	1	:	0.000000	0.000000	0.011992	0.498821	0.000000	0.000000	0.000000	0.000000	0.000000	0.000000	0.000000	0.000000	0.489187
14	tsk_14	(x)	1	:	0.000000	0.000000	0.008973	0.000000	0.000000	0.000000	0.000000	0.000000	0.000000	0.000000	0.000000	0.498732	0.492295
15	tsk_15	(x)	1	:	0.000000	0.000000	0.000000	0.000000	0.000000	0.000000	0.000000	0.000000	0.000000	0.000000	0.000000	0.000000	1.000000
16	tsk_16	(x)	1	:	0.000000	0.469884	0.000000	0.530116	0.000000	0.000000	0.000000	0.000000	0.000000	0.000000	0.000000	0.000000	0.000000
17	tsk_17	(x)	1	:	0.000000	0.000000	0.000000	0.000000	0.000000	0.000000	0.000000	0.003094	0.000000	0.000000	0.497461	0.499445	0.000000
18	tsk_18	(x)	1	:	0.000000	0.000000	0.000000	0.000000	0.000000	0.000000	0.000000	0.000000	0.000000	0.000000	0.000000	0.000000	1.000000
19	tsk_19	(x)	1	:	0.000000	0.503893	0.000000	0.000000	0.000000	0.000000	0.000000	0.001424	0.000000	0.000000	0.494682	0.000000	0.000000
20	tsk_20	(x)	1	:	0.000000	0.000000	0.000000	0.000000	0.000000	0.000000	0.000000	0.000000	0.000000	0.000000	0.000000	0.000000	1.000000
21	tsk_21	(x)	1	:	0.000000	0.000000	0.010970	0.000000	0.000000	0.000000	0.000000	0.002301	0.000000	0.000000	0.497179	0.000000	0.489550
22	tsk_22	(x)	1	:	0.513788	0.000000	0.003252	0.000000	0.000000	0.000000	0.000000	0.000000	0.000000	0.000000	0.000000	0.000000	0.482960
23	tsk_23	(x)	1	:	0.507976	0.000000	0.000000	0.000000	0.000000	0.000000	0.000000	0.000492	0.000000	0.000000	0.491532	0.000000	0.000000
24	tsk_24	(x)	1	:	0.000000	0.000000	0.000000	0.000000	0.000000	0.000000	0.000000	0.492284	0.000000	0.000000	0.507716	0.000000	0.000000
25	tsk_25	(x)	1	:	0.574834	0.000000	0.000000	0.000000	0.000000	0.000000	0.000000	0.425166	0.000000	0.000000	0.000000	0.000000	0.000000
26	tsk_26	(x)	1	:	0.000000	0.000000	0.000000	0.000000	0.000000	0.000000	0.000000	0.003370	0.000000	0.000000	0.497234	0.499395	0.000000
27	tsk_27	(x)	1	:	0.000000	0.000000	0.000000	0.000000	0.000000	0.000000	0.000000	0.797952	0.000000	0.000000	0.202048	0.000000	0.000000
28	tsk_28	(x)	1	:	0.000000	0.000000	0.000000	0.507717	0.000000	0.000000	0.000000	0.492283	0.000000	0.000000	0.000000	0.000000	0.000000
29	tsk_29	(x)	1	:	0.000000	0.000000	0.000000	0.000000	0.245331	0.000000	0.000000	0.492517	0.000000	0.000000	0.000000	0.262153	0.000000
30	tsk_30	(x)	1	:	0.000000	0.000000	0.000000	0.000646	0.000000	0.000000	0.000000	0.000350	0.000000	0.999004	0.000000	0.000000	0.000000
31	tsk_31	(x)	1	:	0.473857	0.000000	0.029358	0.000000	0.000000	0.000000	0.000000	0.000000	0.000000	0.000000	0.000000	0.000000	0.496785
32	tsk_32	(x)	1	:	0.000000	0.000000	0.000000	0.241893	0.000000	0.000000	0.000000	0.000000	0.000000	0.758107	0.000000	0.000000	0.000000
33	tsk_33	(x)	1	:	0.000000	0.000000	0.000000	0.000000	0.000000	0.000000	0.000000	0.492284	0.000000	0.000000	0.507716	0.000000	0.000000
34	tsk_34	(x)	1	:	0.000000	0.000000	0.000000	0.507716	0.000000	0.000000	0.000000	0.492284	0.000000	0.000000	0.000000	0.000000	0.000000
35	tsk_35	(x)	1	:	0.000060	0.000000	0.000000	0.247221	0.000000	0.000000	0.000000	0.211481	0.000000	0.000000	0.000000	0.541238	0.000000
36	tsk_36	(x)	1	:	0.000000	0.000000	0.000000	0.000000	0.000000	0.000000	0.000000	0.000000	0.000000	0.000000	0.000000	0.000000	1.000000
37	tsk_37	(x)	1	:	0.000000	0.000000	0.000000	0.500000	0.000000	0.000000	0.000000	0.000000	0.000000	0.000000	0.000000	0.500000	0.000000
38	tsk_38	(x)	1	:	0.474160	0.000000	0.000000	0.000035	0.000000	0.000000	0.000000	0.000009	0.000000	0.000000	0.000000	0.525795	0.000000
39	tsk_39	(x)	1	:	0.000068	0.000000	0.000000	0.247229	0.000000	0.000000	0.000000	0.211465	0.000000	0.000000	0.000000	0.541238	0.000000
40	tsk_40	(x)	1	:	0.000050	0.000000	0.005290	0.230517	0.090269	0.000000	0.000000	0.193615	0.000000	0.000000	0.000000	0.000000	0.480260
41	tsk_41	(x)	1	:	0.000000	0.000000	0.011257	0.498892	0.000000	0.000000	0.000000	0.000000	0.000000	0.000000	0.000000	0.000000	0.489850
42	tsk_42	(x)	1	:	0.000000	0.000000	0.000000	1.000000	0.000000	0.000000	0.000000	0.000000	0.000000	0.000000	0.000000	0.000000	0.000000
43	tsk_43	(x)	1	:	0.000063	0.000000	0.006130	0.230451	0.090244	0.000000	0.000000	0.193594	0.000000	0.000000	0.000000	0.000000	0.479519
44	tsk_44	(x)	1	:	0.000000	0.000000	0.000000	0.000000	0.000000	0.000000	0.000000	0.000000	0.000000	0.000000	0.000000	0.000000	1.000000
45	tsk_45	(x)	1	:	0.000000	0.000000	0.010970	0.000000	0.000000	0.000000	0.000000	0.002945	0.000000	0.000000	0.496640	0.000000	0.489445
46	tsk_46	(x)	1	:	0.000000	0.000000	0.000000	0.000000	0.204203	0.000000	0.000000	0.001820	0.000000	0.000000	0.494575	0.299402	0.000000
47	tsk_47	(x)	1	:	0.000000	0.000000	0.000000	0.495706	0.000000	0.000000	0.000000	0.008586	0.000000	0.000000	0.495707	0.000000	0.000000
48	tsk_48	(x)	1	:	0.000000	0.000000	0.000000	0.495996	0.000000	0.000000	0.000000	0.008007	0.000000	0.000000	0.495997	0.000000	0.000000
49	tsk_49	(x)	1	:	0.000000	0.000000	0.011684	0.000000	0.000000	0.000000	0.000000	0.000000	0.000000	0.000000	0.000000	0.498354	0.489961
50	tsk_50	(x)	1	:	0.000000	0.000000	0.000000	0.000000	0.000000	0.000000	0.000000	1.000000	0.000000	0.000000	0.000000	0.000000	0.000000
51	tsk_51	(x)	1	:	0.000000	0.000000	0.000000	0.000000	0.000000	0.000000	0.000000	0.498287	0.000000	0.000000	0.000000	0.501713	0.000000
52	tsk_52	(x)	1	:	0.000000	0.000000	0.012877	0.000000	0.000000	0.000000	0.000000	0.497191	0.000000	0.000000	0.000000	0.000000	0.489932
53	tsk_53	(x)	1	:	0.000000	0.000000	0.011933	0.000000	0.000000	0.000000	0.000000	0.497282	0.000000	0.000000	0.000000	0.000000	0.490785
54	tsk_54	(x)	1	:	0.000000	0.000000	0.012555	0.000000	0.000000	0.000000	0.000000	0.497222	0.000000	0.000000	0.000000	0.000000	0.490223
55	tsk_55	(x)	1	:	0.000000	0.000000	0.010985	0.000000	0.000000	0.000000	0.000000	0.497374	0.000000	0.000000	0.000000	0.000000	0.491640
56	tsk_56	(x)	1	:	0.000000	0.000000	0.012793	0.000000	0.000000	0.000000	0.000000	0.497199	0.000000	0.000000	0.000000	0.000000	0.490008
57	tsk_57	(x)	1	:	0.000000	0.000000	0.000000	0.000000	0.000000	0.000000	0.000000	0.498287	0.000000	0.000000	0.000000	0.501713	0.000000
58	tsk_58	(x)	1	:	0.000000	0.000000	0.010880	0.000000	0.000000	0.000000	0.000000	0.000000	0.000000	0.000000	0.000000	0.498466	0.490654
59	tsk_59	(x)	1	:	0.000000	0.000000	0.011145	0.000000	0.000000	0.000000	0.000000	0.497359	0.000000	0.000000	0.000000	0.000000	0.491496
60	tsk_60	(x)	1	:	0.000000	0.000000	0.500000	0.000000	0.000000	0.000000	0.000000	0.000000	0.000000	0.000000	0.000000	0.000000	0.500000
61	tsk_61	(x)	1	:	0.000000	0.000000	0.000000	0.000000	0.000000	0.000000	0.509723	0.000037	0.000000	0.000000	0.490240	0.000000	0.000000
62	tsk_62	(x)	1	:	0.000000	0.000000	0.000000	0.000000	0.000000	0.000000	0.000000	0.000000	0.000000	0.000000	0.000000	0.000000	1.000000
63	tsk_63	(x)	1	:	0.000000	0.000000	0.000000	0.000000	0.000000	0.000000	0.320947	0.000000	0.000000	0.000000	0.000000	0.000000	0.679053
64	tsk_64	(x)	1	:	0.000000	0.000000	0.000000	0.496477	0.000000	0.000000	0.000000	0.007045	0.000000	0.000000	0.496478	0.000000	0.000000
65	tsk_65	(x)	1	:	0.000000	0.000000	0.012607	0.498762	0.000000	0.000000	0.000000	0.000000	0.000000	0.000000	0.000000	0.000000	0.488631
66	tsk_66	(x)	1	:	0.000000	0.000000	0.000000	0.000000	0.000000	0.000000	0.000000	0.000000	0.000000	0.000000	0.000000	0.000000	1.000000
67	tsk_67	(x)	1	:	0.000000	0.000000	0.012941	0.000000	0.000000	0.000000	0.000000	0.000000	0.484606	0.000000	0.000000	0.000000	0.502453
68	tsk_68	(x)	1	:	0.000000	0.000000	0.500000	0.000000	0.000000	0.000000	0.000000	0.000000	0.000000	0.000000	0.000000	0.000000	0.500000
69	tsk_69	(x)	1	:	0.000000	0.000000	0.010838	0.000000	0.000000	0.000000	0.000000	0.001568	0.000000	0.000000	0.497801	0.000000	0.489792
70	tsk_70	(x)	1	:	0.000000	0.000000	0.499510	0.000000	0.000000	0.000000	0.000000	0.002730	0.000000	0.000000	0.497760	0.000000	0.000000
71	tsk_71	(x)	1	:	0.000000	0.000000	0.000000	0.000000	0.000000	0.000000	0.000000	0.000000	0.595885	0.000000	0.000000	0.000000	0.404115
72	tsk_72	(x)	1	:	0.000000	0.000000	0.000000	0.000000	0.204231	0.000000	0.000000	0.001807	0.000000	0.000000	0.494585	0.299377	0.000000
73	tsk_73	(x)	1	:	0.000000	0.000000	0.000000	0.000000	0.000000	0.000000	0.000000	0.000000	0.000000	0.000000	0.000000	1.000000	0.000000
74	tsk_74	(x)	1	:	0.000000	0.000000	0.499369	0.000000	0.000000	0.000000	0.000000	0.003517	0.000000	0.000000	0.497114	0.000000	0.000000
75	tsk_75	(x)	1	:	0.000000	0.000000	0.500000	0.500000	0.000000	0.000000	0.000000	0.000000	0.000000	0.000000	0.000000	0.000000	0.000000
76	tsk_76	(x)	1	:	0.000000	0.000000	0.013750	0.000000	0.000000	0.000000	0.000000	0.497107	0.000000	0.000000	0.000000	0.000000	0.489143
77	tsk_77	(x)	1	:	0.000000	0.000000	0.499370	0.000000	0.000000	0.000000	0.000000	0.003513	0.000000	0.000000	0.497117	0.000000	0.000000
78	tsk_78	(x)	1	:	0.000000	0.000000	0.011505	0.000000	0.000000	0.000000	0.000000	0.002618	0.000000	0.000000	0.496871	0.000000	0.489007
79	tsk_79	(x)	1	:	0.000000	0.000000	0.010235	0.000000	0.204311	0.000000	0.000000	0.000000	0.000000	0.000000	0.000000	0.300433	0.485022
80	tsk_80	(x)	1	:	0.000000	0.000000	0.000000	0.000000	0.000000	0.000000	0.000000	0.000000	1.000000	0.000000	0.000000	0.000000	0.000000
81	tsk_81	(x)	1	:	0.000000	0.000000	0.000000	0.000000	0.000000	0.458892	0.000000	0.311696	0.000000	0.000000	0.229412	0.000000	0.000000
82	tsk_82	(x)	1	:	0.000000	0.504721	0.000000	0.495279	0.000000	0.000000	0.000000	0.000000	0.000000	0.000000	0.000000	0.000000	0.000000
83	tsk_83	(x)	1	:	0.515634	0.000000	0.000000	0.000000	0.000000	0.000000	0.000000	0.000000	0.000000	0.000000	0.000000	0.484366	0.000000
84	tsk_84	(x)	1	:	0.000000	0.000000	0.000000	0.000000	0.000000	0.000000	0.000000	0.000000	1.000000	0.000000	0.000000	0.000000	0.000000
85	tsk_85	(x)	1	:	0.000000	0.000000	0.517848	0.000000	0.000000	0.000000	0.000000	0.000000	0.482152	0.000000	0.000000	0.000000	0.000000
86	tsk_86	(x)	1	:	0.000000	0.000000	0.000036	0.000000	0.000000	0.000000	0.000000	0.348401	0.478038	0.000000	0.173524	0.000000	0.000000
87	tsk_87	(x)	1	:	0.000000	0.510814	0.004875	0.000000	0.000000	0.000000	0.000000	0.000000	0.484311	0.000000	0.000000	0.000000	0.000000
88	tsk_88	(x)	1	:	0.515222	0.000000	0.006466	0.000000	0.000000	0.000000	0.000000	0.000000	0.478313	0.000000	0.000000	0.000000	0.000000
89	tsk_89	(x)	1	:	0.000000	0.000000	0.015617	0.000000	0.000000	0.000000	0.000000	0.498677	0.485706	0.000000	0.000000	0.000000	0.000000
90	tsk_90	(x)	1	:	0.000000	0.000000	0.000000	0.496184	0.000000	0.000000	0.000000	0.007632	0.000000	0.000000	0.496184	0.000000	0.000000
91	tsk_91	(x)	1	:	0.000000	0.000000	0.000000	0.000000	0.000000	0.000000	0.000000	0.492284	0.000000	0.000000	0.507716	0.000000	0.000000
92	tsk_92	(x)	1	:	0.000000	0.000000	0.000000	0.000000	0.000000	1.000000	0.000000	0.000000	0.000000	0.000000	0.000000	0.000000	0.000000
93	tsk_93	(x)	1	:	0.000000	0.000000	0.000000	0.000000	0.000000	0.000000	0.000000	0.000000	0.000000	0.000000	1.000000	0.000000	0.000000
94	tsk_94	(x)	1	:	0.000000	0.000000	0.000000	0.000006	0.000000	0.474808	0.000000	0.001478	0.000000	0.000000	0.523708	0.000000	0.000000
95	tsk_95	(x)	1	:	0.000000	0.000000	0.000000	0.500000	0.000000	0.000000	0.000000	0.000000	0.000000	0.000000	0.000000	0.500000	0.000000
96	tsk_96	(x)	1	:	0.000000	0.000000	0.000000	0.000000	0.000000	0.000000	0.000000	0.498287	0.000000	0.000000	0.000000	0.501713	0.000000
97	tsk_97	(x)	1	:	0.000000	0.000000	0.000000	0.000000	0.000000	0.000000	0.000000	0.003545	0.000000	0.000000	0.497091	0.499364	0.000000
98	tsk_98	(x)	1	:	0.000000	0.000000	0.500000	0.500000	0.000000	0.000000	0.000000	0.000000	0.000000	0.000000	0.000000	0.000000	0.000000
99	tsk_99	(x)	1	:	0.000000	0.000000	0.000000	0.000000	0.245331	0.000000	0.000000	0.492517	0.000000	0.000000	0.000000	0.262153	0.000000
100	tsk_100	(x)	1	:	0.000000	0.000000	0.011397	0.000000	0.000000	0.000000	0.000000	0.002158	0.000000	0.000000	0.497264	0.000000	0.489181
101	tsk_101	(x)	1	:	0.000000	0.000000	0.000000	0.000000	0.000000	0.000000	0.000000	0.000000	0.000000	0.000000	1.000000	0.000000	0.000000
102	tsk_102	(x)	1	:	0.000000	0.000000	0.010496	0.000000	0.000000	0.000000	0.000000	0.002729	0.000000	0.000000	0.496859	0.000000	0.489916
103	tsk_103	(x)	1	:	0.000609	0.000000	0.000000	0.255409	0.000000	0.000000	0.000000	0.743982	0.000000	0.000000	0.000000	0.000000	0.000000
104	tsk_104	(x)	1	:	0.000000	0.000000	0.014065	0.000000	0.000000	0.000000	0.000000	0.003332	0.485074	0.000000	0.497529	0.000000	0.000000
105	tsk_105	(x)	1	:	0.000000	0.000000	0.018030	0.499986	0.000000	0.000000	0.000000	0.000000	0.481984	0.000000	0.000000	0.000000	0.000000
106	tsk_106	(x)	1	:	0.000000	0.000000	0.000000	0.000000	0.000000	0.000000	0.000000	0.492284	0.000000	0.000000	0.507716	0.000000	0.000000
107	tsk_107	(x)	1	:	0.000000	0.000000	0.000000	0.000000	0.000000	0.000000	0.000000	0.000000	0.000000	0.000000	1.000000	0.000000	0.000000
108	tsk_108	(x)	1	:	0.000000	0.000000	0.000000	0.000000	0.000000	0.000000	0.000000	1.000000	0.000000	0.000000	0.000000	0.000000	0.000000
109	tsk_109	(x)	1	:	0.000000	0.000000	0.000000	0.000000	0.000000	0.000000	0.000000	0.000000	0.000000	0.000000	1.000000	0.000000	0.000000
110	tsk_110	(x)	1	:	0.000000	0.000000	0.010783	0.498938	0.000000	0.000000	0.000000	0.000000	0.000000	0.000000	0.000000	0.000000	0.490279
111	tsk_111	(x)	1	:	0.000000	0.000000	0.012284	0.498793	0.000000	0.000000	0.000000	0.000000	0.000000	0.000000	0.000000	0.000000	0.488923
112	tsk_112	(x)	1	:	0.000000	0.000000	0.500000	0.000000	0.000000	0.000000	0.000000	0.000000	0.000000	0.000000	0.000000	0.000000	0.500000
113	tsk_113	(x)	1	:	0.000000	0.000000	0.000000	0.496239	0.000000	0.000000	0.000000	0.007522	0.000000	0.000000	0.496239	0.000000	0.000000
114	tsk_114	(x)	1	:	0.000000	0.000000	0.500000	0.500000	0.000000	0.000000	0.000000	0.000000	0.000000	0.000000	0.000000	0.000000	0.000000
115	tsk_115	(x)	1	:	0.000000	0.000000	0.500000	0.500000	0.000000	0.000000	0.000000	0.000000	0.000000	0.000000	0.000000	0.000000	0.000000
116	tsk_116	(x)	1	:	0.000000	0.000000	0.010811	0.498935	0.000000	0.000000	0.000000	0.000000	0.000000	0.000000	0.000000	0.000000	0.490253
117	tsk_117	(x)	1	:	0.000000	0.000000	0.005794	0.499425	0.000000	0.000000	0.000000	0.000000	0.000000	0.000000	0.000000	0.000000	0.494781
118	tsk_118	(x)	1	:	0.000000	0.000000	0.500000	0.000000	0.000000	0.000000	0.000000	0.000000	0.000000	0.000000	0.000000	0.000000	0.500000
119	tsk_119	(x)	1	:	0.000000	0.506168	0.000000	0.000000	0.000000	0.000000	0.000000	0.000000	0.000000	0.000000	0.000000	0.493832	0.000000
120	tsk_120	(x)	1	:	0.000000	0.000000	0.000000	0.496231	0.000000	0.000000	0.000000	0.007537	0.000000	0.000000	0.496232	0.000000	0.000000
121	tsk_121	(x)	1	:	0.000000	0.000000	0.000000	0.000000	0.000000	0.000000	0.000000	0.000000	0.000000	0.000000	1.000000	0.000000	0.000000
122	tsk_122	(x)	1	:	0.000000	0.000000	0.009355	0.000000	0.000000	0.000000	0.000000	0.000000	0.000000	0.000000	0.000000	0.498679	0.491966
123	tsk_123	(x)	1	:	0.000000	0.000000	0.010968	0.498920	0.000000	0.000000	0.000000	0.000000	0.000000	0.000000	0.000000	0.000000	0.490112
124	tsk_124	(x)	1	:	0.000000	0.000000	0.000000	0.000000	0.000000	0.000000	0.000000	0.003373	0.000000	0.000000	0.497232	0.499395	0.000000
125	tsk_125	(x)	1	:	0.000233	0.000000	0.000000	0.255561	0.000000	0.000000	0.000000	0.236617	0.000000	0.000000	0.507589	0.000000	0.000000
126	tsk_126	(x)	1	:	0.540966	0.459033	0.000000	0.000000	0.000000	0.000000	0.000000	0.000000	0.000000	0.000000	0.000000	0.000000	0.000000
127	tsk_127	(x)	1	:	0.000000	0.000000	0.011175	0.000000	0.000000	0.000000	0.000000	0.002978	0.000000	0.000000	0.496596	0.000000	0.489251
128	tsk_128	(x)	1	:	0.000128	0.000000	0.541237	0.247168	0.000000	0.000000	0.000000	0.211466	0.000000	0.000000	0.000000	0.000000	0.000000
129	tsk_129	(x)	1	:	0.000000	0.000000	0.000000	0.000000	0.000000	0.000000	0.000000	0.000000	0.000000	0.000000	1.000000	0.000000	0.000000
130	tsk_130	(x)	1	:	0.000000	0.000000	0.000000	0.000000	0.000000	0.000000	0.000000	0.000000	0.000000	0.000000	0.000000	0.000000	1.000000
131	tsk_131	(x)	1	:	0.000000	0.000000	0.011553	0.498864	0.000000	0.000000	0.000000	0.000000	0.000000	0.000000	0.000000	0.000000	0.489583
132	tsk_132	(x)	1	:	0.000000	0.000000	0.012143	0.498807	0.000000	0.000000	0.000000	0.000000	0.000000	0.000000	0.000000	0.000000	0.489050
133	tsk_133	(x)	1	:	0.000000	0.000000	0.000000	1.000000	0.000000	0.000000	0.000000	0.000000	0.000000	0.000000	0.000000	0.000000	0.000000
134	tsk_134	(x)	1	:	0.000000	0.000000	0.000000	1.000000	0.000000	0.000000	0.000000	0.000000	0.000000	0.000000	0.000000	0.000000	0.000000
135	tsk_135	(x)	1	:	0.000000	0.000000	0.012896	0.498734	0.000000	0.000000	0.000000	0.000000	0.000000	0.000000	0.000000	0.000000	0.488370
136	tsk_136	(x)	1	:	0.000000	0.000000	0.000000	1.000000	0.000000	0.000000	0.000000	0.000000	0.000000	0.000000	0.000000	0.000000	0.000000
137	tsk_137	(x)	1	:	0.000000	0.000000	0.000000	1.000000	0.000000	0.000000	0.000000	0.000000	0.000000	0.000000	0.000000	0.000000	0.000000
138	tsk_138	(x)	1	:	0.000000	0.000000	0.000000	0.000000	0.000000	0.000000	0.000000	0.000000	0.000000	0.000000	0.000000	0.000000	1.000000
139	tsk_139	(x)	1	:	0.473908	0.000000	0.028790	0.000004	0.000000	0.000000	0.000000	0.000000	0.000000	0.000000	0.000000	0.000000	0.497298
140	tsk_140	(x)	1	:	0.000000	0.508503	0.002709	0.000000	0.000000	0.000000	0.000000	0.000000	0.000000	0.000000	0.000000	0.000000	0.488789
141	tsk_141	(x)	1	:	0.000000	0.510435	0.489565	0.000000	0.000000	0.000000	0.000000	0.000000	0.000000	0.000000	0.000000	0.000000	0.000000
142	tsk_142	(x)	1	:	0.000344	0.000000	0.000000	0.755590	0.000000	0.000000	0.000000	0.244066	0.000000	0.000000	0.000000	0.000000	0.000000
143	tsk_143	(x)	1	:	0.000000	0.000000	0.014678	0.000000	0.000000	0.000000	0.000000	0.000000	0.484870	0.000000	0.000000	0.500453	0.000000
144	tsk_144	(x)	1	:	0.000000	0.510435	0.489565	0.000000	0.000000	0.000000	0.000000	0.000000	0.000000	0.000000	0.000000	0.000000	0.000000
145	tsk_145	(x)	1	:	0.000000	0.510435	0.489565	0.000000	0.000000	0.000000	0.000000	0.000000	0.000000	0.000000	0.000000	0.000000	0.000000
146	tsk_146	(x)	1	:	0.000000	0.000000	0.011067	0.498911	0.000000	0.000000	0.000000	0.000000	0.000000	0.000000	0.000000	0.000000	0.490022
147	tsk_147	(x)	1	:	0.000000	0.000000	0.000000	1.000000	0.000000	0.000000	0.000000	0.000000	0.000000	0.000000	0.000000	0.000000	0.000000
148	tsk_148	(x)	1	:	0.000000	0.000000	0.500000	0.000000	0.000000	0.000000	0.000000	0.000000	0.000000	0.000000	0.000000	0.500000	0.000000
149	tsk_149	(x)	1	:	0.000000	0.000000	0.000000	1.000000	0.000000	0.000000	0.000000	0.000000	0.000000	0.000000	0.000000	0.000000	0.000000
