logL = -1341.556888 (converged)
AIC = 7423.113775
BIC = 14558.319422

count.K
4 2 4 54 7 7 20 19 10 2 20 1 

