logL = -555.683673 (converged)
AIC = 4291.367345
BIC = 9078.277463

count.K
9 8 1 7 44 2 13 7 58 1 

