logL = -1813.990646 (converged)
AIC = 9597.981292
BIC = 18584.727645

count.K
37 3 2 1 0 19 14 22 3 15 6 3 4 19 2 

