logL = -744.991252 (converged)
AIC = 3765.982504
BIC = 7192.085468

count.K
9 3 15 8 9 69 37 

