logL = -1023.021868 (converged)
AIC = 4610.043736
BIC = 8469.678183

count.K
23 11 4 4 95 0 9 4 

