logL = -2503.197197 (converged)
AIC = 5478.394394
BIC = 6188.904324

count.K
24 126 

