logL = -899.996208 (converged)
AIC = 5547.992415
BIC = 11189.922957

count.K
21 9 2 16 11 12 38 18 9 3 11 

