logL = -961.983187 (converged)
AIC = 6719.966375
BIC = 13939.469810

count.K
15 1 47 6 18 2 11 2 2 16 19 3 1 7 

