logL = -873.635376 (converged)
AIC = 3655.270751
BIC = 6527.416822

count.K
5 22 44 43 6 30 

