0	tsk_0	(x)	1	:	0.000000	0.000000	0.000000	0.480672	0.000000	0.000000	0.000000	0.000000	0.293538	0.019319	0.000000	0.000000	0.000023	0.206448	0.000000
1	tsk_1	(x)	1	:	0.000000	0.000000	0.000000	0.000000	0.000000	0.000000	0.000000	0.000000	0.000000	0.000000	0.000000	0.000000	0.000000	0.000000	1.000000
2	tsk_2	(x)	1	:	0.499847	0.000000	0.000000	0.480063	0.000000	0.000000	0.000000	0.000000	0.000000	0.020090	0.000000	0.000000	0.000000	0.000000	0.000000
3	tsk_3	(x)	1	:	0.000000	0.000000	0.000000	1.000000	0.000000	0.000000	0.000000	0.000000	0.000000	0.000000	0.000000	0.000000	0.000000	0.000000	0.000000
4	tsk_4	(x)	1	:	1.000000	0.000000	0.000000	0.000000	0.000000	0.000000	0.000000	0.000000	0.000000	0.000000	0.000000	0.000000	0.000000	0.000000	0.000000
5	tsk_5	(x)	1	:	0.000000	0.000000	0.000000	0.480730	0.000000	0.000000	0.000000	0.000000	0.300263	0.019251	0.000000	0.000000	0.000022	0.199733	0.000000
6	tsk_6	(x)	1	:	1.000000	0.000000	0.000000	0.000000	0.000000	0.000000	0.000000	0.000000	0.000000	0.000000	0.000000	0.000000	0.000000	0.000000	0.000000
7	tsk_7	(x)	1	:	0.000000	0.000000	0.000000	0.480686	0.000000	0.000000	0.000000	0.000000	0.000000	0.519314	0.000000	0.000000	0.000000	0.000000	0.000000
8	tsk_8	(x)	1	:	0.000000	0.000000	0.000000	0.480486	0.000000	0.000000	0.000000	0.000000	0.000000	0.026256	0.000000	0.000000	0.000000	0.000000	0.493258
9	tsk_9	(x)	1	:	0.505767	0.000000	0.000000	0.000000	0.000000	0.000000	0.000000	0.000000	0.000000	0.000000	0.000000	0.000000	0.000000	0.000000	0.494233
10	tsk_10	(x)	1	:	0.000000	0.000000	0.000000	0.000000	0.000000	0.000000	0.000000	0.000000	0.000000	0.483250	0.000000	0.000000	0.000000	0.000000	0.516750
11	tsk_11	(x)	1	:	0.000000	0.000000	0.000000	0.799388	0.000000	0.200612	0.000000	0.000000	0.000000	0.000000	0.000000	0.000000	0.000000	0.000000	0.000000
12	tsk_12	(x)	1	:	0.002608	0.000000	0.498263	0.000000	0.000000	0.464505	0.000000	0.000000	0.000000	0.034623	0.000000	0.000000	0.000000	0.000000	0.000000
13	tsk_13	(x)	1	:	0.000000	0.487346	0.000000	0.000000	0.000000	0.000000	0.000000	0.000001	0.000000	0.000000	0.000000	0.000000	0.000001	0.000000	0.512652
14	tsk_14	(x)	1	:	0.000000	0.000000	0.000000	0.000000	0.000000	0.000000	0.000000	0.000000	0.000000	0.483250	0.000000	0.000000	0.000000	0.000000	0.516750
15	tsk_15	(x)	1	:	0.000000	0.500028	0.000000	0.000000	0.000000	0.464715	0.000000	0.000006	0.000000	0.035218	0.000000	0.000000	0.000033	0.000000	0.000000
16	tsk_16	(x)	1	:	0.000000	0.499776	0.000000	0.000064	0.495822	0.000000	0.000000	0.000013	0.000000	0.004289	0.000000	0.000000	0.000036	0.000000	0.000000
17	tsk_17	(x)	1	:	0.000000	0.505029	0.000000	0.000000	0.000000	0.000000	0.000000	0.000000	0.000000	0.000000	0.000000	0.000000	0.000043	0.000000	0.494927
18	tsk_18	(x)	1	:	0.000019	0.000000	0.487290	0.000000	0.000000	0.000000	0.000000	0.000000	0.000000	0.000000	0.000000	0.000000	0.000000	0.000000	0.512691
19	tsk_19	(x)	1	:	0.000000	0.000000	0.000000	0.000000	0.000000	0.000000	0.000000	0.000000	0.000000	0.000000	0.000000	0.000000	0.000000	0.000000	1.000000
20	tsk_20	(x)	1	:	0.000000	0.000000	0.000000	0.000000	0.000000	0.000000	0.626491	0.000000	0.000000	0.000000	0.000000	0.000000	0.000000	0.000000	0.373509
21	tsk_21	(x)	1	:	0.000000	0.000000	0.000000	0.000000	1.000000	0.000000	0.000000	0.000000	0.000000	0.000000	0.000000	0.000000	0.000000	0.000000	0.000000
22	tsk_22	(x)	1	:	0.000000	0.000000	0.000000	0.000545	0.496161	0.000000	0.000000	0.000000	0.000000	0.503294	0.000000	0.000000	0.000000	0.000000	0.000000
23	tsk_23	(x)	1	:	0.000000	0.000000	0.000000	0.000000	0.000000	0.464460	0.000000	0.000000	0.000000	0.042268	0.000000	0.000000	0.000000	0.000000	0.493271
24	tsk_24	(x)	1	:	0.000000	0.000000	0.000000	0.000318	0.496275	0.000000	0.000000	0.000000	0.000000	0.503407	0.000000	0.000000	0.000000	0.000000	0.000000
25	tsk_25	(x)	1	:	0.000000	0.000000	0.000000	0.000903	0.495982	0.000000	0.000000	0.000000	0.000000	0.503115	0.000000	0.000000	0.000000	0.000000	0.000000
26	tsk_26	(x)	1	:	0.247313	0.000000	0.000000	0.000000	0.000000	0.000000	0.000000	0.000000	0.000000	0.230599	0.000000	0.000000	0.000000	0.000000	0.522087
27	tsk_27	(x)	1	:	0.000000	0.000000	0.000000	0.000000	1.000000	0.000000	0.000000	0.000000	0.000000	0.000000	0.000000	0.000000	0.000000	0.000000	0.000000
28	tsk_28	(x)	1	:	0.000000	0.000000	0.000000	0.480686	0.000000	0.000000	0.000000	0.000000	0.000000	0.519314	0.000000	0.000000	0.000000	0.000000	0.000000
29	tsk_29	(x)	1	:	0.000000	0.000000	0.000000	0.000000	1.000000	0.000000	0.000000	0.000000	0.000000	0.000000	0.000000	0.000000	0.000000	0.000000	0.000000
30	tsk_30	(x)	1	:	0.000000	0.499988	0.000000	0.000000	0.000000	0.000000	0.000000	0.000008	0.108853	0.000000	0.000000	0.000000	0.000000	0.391151	0.000000
31	tsk_31	(x)	1	:	0.000000	0.000000	0.000000	0.000000	0.000000	0.000000	0.000000	0.000000	0.185606	0.000000	0.000000	0.452978	0.000000	0.361416	0.000000
32	tsk_32	(x)	1	:	0.000000	0.499863	0.000000	0.000131	0.496016	0.000000	0.000000	0.000006	0.000000	0.003955	0.000000	0.000000	0.000029	0.000000	0.000000
33	tsk_33	(x)	1	:	0.000000	0.000000	0.000000	0.000000	0.000000	0.000000	0.000000	0.000000	0.254001	0.000000	0.000000	0.000000	0.000000	0.745999	0.000000
34	tsk_34	(x)	1	:	0.000000	0.499978	0.000000	0.000000	0.000000	0.000000	0.000000	0.000015	0.236909	0.000000	0.000000	0.000000	0.000000	0.263098	0.000000
35	tsk_35	(x)	1	:	0.000000	0.000000	0.000000	0.480491	0.000000	0.000000	0.000000	0.000000	0.000000	0.026251	0.000000	0.000000	0.000000	0.000000	0.493258
36	tsk_36	(x)	1	:	0.000000	0.000000	0.000000	0.000000	0.000000	0.000000	0.000000	0.000000	0.000000	0.000000	0.000000	0.000000	0.000000	0.000000	1.000000
37	tsk_37	(x)	1	:	0.000000	0.000000	0.000000	0.000000	0.000000	0.000000	0.000000	0.000000	0.000000	0.000000	0.000000	0.000000	0.000000	0.000000	1.000000
38	tsk_38	(x)	1	:	0.000000	0.000000	0.000000	0.000000	0.000000	0.000000	0.000000	0.000000	0.103006	0.000000	0.000000	0.000000	0.000042	0.402006	0.494946
39	tsk_39	(x)	1	:	0.000000	0.000000	0.000000	0.000000	0.000000	0.000000	0.000000	0.000000	0.016699	0.000000	0.000000	0.453048	0.000014	0.035305	0.494933
40	tsk_40	(x)	1	:	0.000000	0.000000	0.000000	0.000000	0.000000	0.000000	0.000000	0.000000	0.275265	0.000000	0.000000	0.452978	0.000000	0.271756	0.000000
41	tsk_41	(x)	1	:	0.000000	0.000000	0.000000	0.480287	0.000000	0.000000	0.000000	0.000000	0.020289	0.019794	0.000000	0.453106	0.000011	0.026512	0.000000
42	tsk_42	(x)	1	:	0.000000	0.000000	0.000000	0.000000	0.000000	1.000000	0.000000	0.000000	0.000000	0.000000	0.000000	0.000000	0.000000	0.000000	0.000000
43	tsk_43	(x)	1	:	0.000000	0.000000	0.000000	0.000000	0.000000	0.000000	0.000000	0.000000	0.116617	0.000000	0.000000	0.000000	0.000000	0.883383	0.000000
44	tsk_44	(x)	1	:	0.000000	0.000000	0.000000	0.000000	0.496322	0.464263	0.000000	0.000000	0.000000	0.039414	0.000000	0.000000	0.000000	0.000000	0.000000
45	tsk_45	(x)	1	:	0.000035	0.000000	0.000000	0.479636	0.000000	0.000000	0.000000	0.000000	0.000000	0.014943	0.505386	0.000000	0.000000	0.000000	0.000000
46	tsk_46	(x)	1	:	0.000000	0.000000	0.000000	0.448345	0.000000	0.000000	0.000000	0.000000	0.000000	0.000007	0.551648	0.000000	0.000000	0.000000	0.000000
47	tsk_47	(x)	1	:	0.000000	0.000000	0.000000	0.000138	0.496515	0.000000	0.000000	0.000000	0.363922	0.003285	0.000000	0.000000	0.000023	0.136117	0.000000
48	tsk_48	(x)	1	:	0.000020	0.000000	0.000000	0.000000	0.000000	0.000000	0.000000	0.000000	0.210908	0.000000	0.502245	0.000000	0.001817	0.285011	0.000000
49	tsk_49	(x)	1	:	0.000000	0.000000	0.000000	0.000000	0.000000	0.464713	0.000000	0.000000	0.073269	0.035238	0.000000	0.000000	0.000024	0.426756	0.000000
50	tsk_50	(x)	1	:	0.000000	0.499929	0.000000	0.000129	0.496235	0.000000	0.000000	0.000008	0.000000	0.003662	0.000000	0.000000	0.000036	0.000000	0.000000
51	tsk_51	(x)	1	:	0.000000	0.000000	0.000000	0.479205	0.000000	0.000000	0.509126	0.000000	0.000000	0.011669	0.000000	0.000000	0.000000	0.000000	0.000000
52	tsk_52	(x)	1	:	0.000000	0.000000	0.000000	0.487795	0.512205	0.000000	0.000000	0.000000	0.000000	0.000000	0.000000	0.000000	0.000000	0.000000	0.000000
53	tsk_53	(x)	1	:	0.000000	0.000000	0.000000	0.487795	0.512205	0.000000	0.000000	0.000000	0.000000	0.000000	0.000000	0.000000	0.000000	0.000000	0.000000
54	tsk_54	(x)	1	:	0.000000	0.000000	0.000000	0.000004	0.485031	0.000000	0.000000	0.000000	0.000000	0.000038	0.000000	0.000000	0.000000	0.000000	0.514927
55	tsk_55	(x)	1	:	0.000000	0.000000	0.000000	0.487795	0.512205	0.000000	0.000000	0.000000	0.000000	0.000000	0.000000	0.000000	0.000000	0.000000	0.000000
56	tsk_56	(x)	1	:	0.000000	0.000000	0.000000	0.000011	0.485036	0.000000	0.000000	0.000000	0.000000	0.000025	0.000000	0.000000	0.000000	0.000000	0.514928
57	tsk_57	(x)	1	:	0.000000	0.000000	0.000000	0.000035	0.491167	0.000000	0.508462	0.000000	0.000000	0.000336	0.000000	0.000000	0.000000	0.000000	0.000000
58	tsk_58	(x)	1	:	0.505767	0.000000	0.000000	0.000000	0.000000	0.000000	0.000000	0.000000	0.000000	0.000000	0.000000	0.000000	0.000000	0.000000	0.494233
59	tsk_59	(x)	1	:	0.000000	0.000000	0.000000	0.000005	0.485032	0.000000	0.000000	0.000000	0.000000	0.000035	0.000000	0.000000	0.000000	0.000000	0.514927
60	tsk_60	(x)	1	:	0.000000	0.000000	0.000000	0.000000	0.000000	0.000000	0.000000	0.000000	0.000000	0.000000	0.000000	0.000000	0.000000	0.000000	1.000000
61	tsk_61	(x)	1	:	0.247313	0.000000	0.000000	0.000000	0.000000	0.000000	0.000000	0.000000	0.000000	0.230599	0.000000	0.000000	0.000000	0.000000	0.522087
62	tsk_62	(x)	1	:	0.000000	0.505055	0.000000	0.000000	0.000000	0.000000	0.000000	0.000001	0.000000	0.000000	0.000000	0.000000	0.000048	0.000000	0.494896
63	tsk_63	(x)	1	:	0.000000	0.000000	0.000000	0.000000	0.000000	0.000000	0.000000	0.000000	0.000000	0.506726	0.000000	0.000000	0.000000	0.000000	0.493274
64	tsk_64	(x)	1	:	0.000000	0.000000	0.000000	0.000000	0.000000	0.000000	0.000000	0.000000	0.000000	0.000000	0.000000	0.000000	0.000000	0.000000	1.000000
65	tsk_65	(x)	1	:	0.000000	0.499849	0.000000	0.000093	0.495978	0.000000	0.000000	0.000003	0.000000	0.004052	0.000000	0.000000	0.000026	0.000000	0.000000
66	tsk_66	(x)	1	:	0.000000	0.000000	0.000000	0.000000	1.000000	0.000000	0.000000	0.000000	0.000000	0.000000	0.000000	0.000000	0.000000	0.000000	0.000000
67	tsk_67	(x)	1	:	0.000000	0.000000	0.000000	0.000000	0.000000	0.000000	1.000000	0.000000	0.000000	0.000000	0.000000	0.000000	0.000000	0.000000	0.000000
68	tsk_68	(x)	1	:	0.250000	0.000000	0.000000	0.000000	0.000000	0.000000	0.000000	0.000000	0.000000	0.750000	0.000000	0.000000	0.000000	0.000000	0.000000
69	tsk_69	(x)	1	:	0.000000	0.000000	0.000000	0.480480	0.000000	0.000000	0.000000	0.000000	0.000000	0.026263	0.000000	0.000000	0.000000	0.000000	0.493257
70	tsk_70	(x)	1	:	0.000000	0.000000	0.000000	0.000000	0.000000	0.000000	0.000000	0.000000	0.219100	0.499986	0.000000	0.000000	0.000027	0.280887	0.000000
71	tsk_71	(x)	1	:	0.000000	0.999967	0.000000	0.000000	0.000000	0.000000	0.000000	0.000033	0.000000	0.000000	0.000000	0.000000	0.000000	0.000000	0.000000
72	tsk_72	(x)	1	:	0.497698	0.000000	0.000000	0.000000	0.000000	0.000000	0.000000	0.000000	0.334023	0.000000	0.000000	0.000000	0.005263	0.163015	0.000000
73	tsk_73	(x)	1	:	0.500031	0.000000	0.000000	0.000000	0.000000	0.000000	0.000000	0.499969	0.000000	0.000000	0.000000	0.000000	0.000000	0.000000	0.000000
74	tsk_74	(x)	1	:	0.000000	0.499963	0.000000	0.480512	0.000000	0.000000	0.000000	0.000004	0.000000	0.019496	0.000000	0.000000	0.000025	0.000000	0.000000
75	tsk_75	(x)	1	:	0.000000	0.999976	0.000000	0.000000	0.000000	0.000000	0.000000	0.000024	0.000000	0.000000	0.000000	0.000000	0.000000	0.000000	0.000000
76	tsk_76	(x)	1	:	0.000000	0.500040	0.000000	0.000000	0.000000	0.000000	0.000000	0.000007	0.000000	0.499913	0.000000	0.000000	0.000040	0.000000	0.000000
77	tsk_77	(x)	1	:	0.000000	0.505075	0.000000	0.000000	0.000000	0.000000	0.000000	0.000002	0.000000	0.000000	0.000000	0.000000	0.000052	0.000000	0.494872
78	tsk_78	(x)	1	:	0.247313	0.000000	0.000000	0.000000	0.000000	0.000000	0.000000	0.000000	0.000000	0.230599	0.000000	0.000000	0.000000	0.000000	0.522087
79	tsk_79	(x)	1	:	0.497152	0.496332	0.000000	0.000000	0.000000	0.000000	0.000000	0.000003	0.000000	0.000000	0.000000	0.000000	0.006512	0.000000	0.000000
80	tsk_80	(x)	1	:	0.499850	0.000000	0.000000	0.480075	0.000000	0.000000	0.000000	0.000000	0.000000	0.020075	0.000000	0.000000	0.000000	0.000000	0.000000
81	tsk_81	(x)	1	:	0.000000	0.499970	0.000000	0.480557	0.000000	0.000000	0.000000	0.000006	0.000000	0.019438	0.000000	0.000000	0.000030	0.000000	0.000000
82	tsk_82	(x)	1	:	0.499847	0.000000	0.000000	0.480063	0.000000	0.000000	0.000000	0.000000	0.000000	0.020090	0.000000	0.000000	0.000000	0.000000	0.000000
83	tsk_83	(x)	1	:	0.000000	0.000000	0.000000	0.480686	0.000000	0.000000	0.000000	0.000000	0.000000	0.519314	0.000000	0.000000	0.000000	0.000000	0.000000
84	tsk_84	(x)	1	:	0.000000	0.000000	0.000000	1.000000	0.000000	0.000000	0.000000	0.000000	0.000000	0.000000	0.000000	0.000000	0.000000	0.000000	0.000000
85	tsk_85	(x)	1	:	0.000000	0.499973	0.000000	0.480589	0.000000	0.000000	0.000000	0.000005	0.000000	0.019402	0.000000	0.000000	0.000031	0.000000	0.000000
86	tsk_86	(x)	1	:	0.000000	0.000000	0.000000	1.000000	0.000000	0.000000	0.000000	0.000000	0.000000	0.000000	0.000000	0.000000	0.000000	0.000000	0.000000
87	tsk_87	(x)	1	:	0.499853	0.000000	0.000000	0.480087	0.000000	0.000000	0.000000	0.000000	0.000000	0.020060	0.000000	0.000000	0.000000	0.000000	0.000000
88	tsk_88	(x)	1	:	0.000000	0.499980	0.000000	0.000000	0.000000	0.000000	0.000000	0.000013	0.111222	0.000000	0.000000	0.000000	0.000000	0.388784	0.000000
89	tsk_89	(x)	1	:	0.000000	0.499993	0.000000	0.480713	0.000000	0.000000	0.000000	0.000005	0.000000	0.019257	0.000000	0.000000	0.000033	0.000000	0.000000
90	tsk_90	(x)	1	:	0.000000	0.000000	0.000000	0.479087	0.000000	0.000000	0.509117	0.000000	0.000000	0.011796	0.000000	0.000000	0.000000	0.000000	0.000000
91	tsk_91	(x)	1	:	0.497644	0.000000	0.000000	0.000000	0.000000	0.000000	0.000000	0.000000	0.267550	0.000000	0.000000	0.000000	0.005388	0.229418	0.000000
92	tsk_92	(x)	1	:	0.000000	0.000000	0.000000	0.480633	0.000000	0.000000	0.000000	0.000000	0.358775	0.019365	0.000000	0.000000	0.000020	0.141207	0.000000
93	tsk_93	(x)	1	:	0.000000	0.499987	0.000000	0.000000	0.000000	0.000000	0.000000	0.000009	0.163975	0.000000	0.000000	0.000000	0.000000	0.336029	0.000000
94	tsk_94	(x)	1	:	0.000000	0.000000	0.000000	0.480783	0.000000	0.000000	0.000000	0.000000	0.310563	0.019189	0.000000	0.000000	0.000024	0.189441	0.000000
95	tsk_95	(x)	1	:	0.000212	0.000000	0.492247	0.000000	0.000000	0.000000	0.507541	0.000000	0.000000	0.000000	0.000000	0.000000	0.000000	0.000000	0.000000
96	tsk_96	(x)	1	:	1.000000	0.000000	0.000000	0.000000	0.000000	0.000000	0.000000	0.000000	0.000000	0.000000	0.000000	0.000000	0.000000	0.000000	0.000000
97	tsk_97	(x)	1	:	0.003178	0.000000	0.497889	0.480741	0.000000	0.000000	0.000000	0.000000	0.000000	0.018193	0.000000	0.000000	0.000000	0.000000	0.000000
98	tsk_98	(x)	1	:	0.000000	0.000000	0.000000	0.487795	0.512205	0.000000	0.000000	0.000000	0.000000	0.000000	0.000000	0.000000	0.000000	0.000000	0.000000
99	tsk_99	(x)	1	:	0.000000	0.000000	0.000000	1.000000	0.000000	0.000000	0.000000	0.000000	0.000000	0.000000	0.000000	0.000000	0.000000	0.000000	0.000000
100	tsk_100	(x)	1	:	0.000788	0.000000	0.000000	0.480065	0.000000	0.000000	0.000000	0.000000	0.000000	0.017826	0.501320	0.000000	0.000000	0.000000	0.000000
101	tsk_101	(x)	1	:	0.000000	0.000000	0.000000	0.480375	0.000000	0.000000	0.000000	0.000000	0.212502	0.019668	0.000000	0.000000	0.000016	0.287440	0.000000
102	tsk_102	(x)	1	:	0.000000	0.000000	0.000000	0.000000	0.000000	0.000000	0.000000	0.000000	0.000000	0.000000	1.000000	0.000000	0.000000	0.000000	0.000000
103	tsk_103	(x)	1	:	0.000000	0.000000	0.000000	0.480705	0.000000	0.000000	0.000000	0.000000	0.231836	0.019281	0.000000	0.000000	0.000022	0.268157	0.000000
104	tsk_104	(x)	1	:	0.491399	0.000000	0.000000	0.000000	0.000000	0.000000	0.508601	0.000000	0.000000	0.000000	0.000000	0.000000	0.000000	0.000000	0.000000
105	tsk_105	(x)	1	:	0.487961	0.000000	0.000000	0.000000	0.000000	0.000000	0.000000	0.000000	0.000000	0.000000	0.512039	0.000000	0.000000	0.000000	0.000000
106	tsk_106	(x)	1	:	0.000000	0.000000	0.000000	0.479135	0.000000	0.000000	0.509121	0.000000	0.000000	0.011744	0.000000	0.000000	0.000000	0.000000	0.000000
107	tsk_107	(x)	1	:	0.499841	0.000000	0.000000	0.000236	0.495994	0.000000	0.000000	0.000000	0.000000	0.003929	0.000000	0.000000	0.000000	0.000000	0.000000
108	tsk_108	(x)	1	:	0.000000	0.000000	0.000000	0.000000	0.000000	0.000000	1.000000	0.000000	0.000000	0.000000	0.000000	0.000000	0.000000	0.000000	0.000000
109	tsk_109	(x)	1	:	0.487961	0.000000	0.000000	0.000000	0.000000	0.000000	0.000000	0.000000	0.000000	0.000000	0.512039	0.000000	0.000000	0.000000	0.000000
110	tsk_110	(x)	1	:	0.000000	0.000000	0.000000	1.000000	0.000000	0.000000	0.000000	0.000000	0.000000	0.000000	0.000000	0.000000	0.000000	0.000000	0.000000
111	tsk_111	(x)	1	:	0.000000	0.000000	0.000000	0.496861	0.000030	0.000000	0.000000	0.000000	0.352895	0.000000	0.000000	0.000000	0.000851	0.149362	0.000000
112	tsk_112	(x)	1	:	0.000000	0.000000	0.000000	0.000030	0.496388	0.000000	0.000000	0.000000	0.000000	0.010312	0.000000	0.000000	0.000000	0.000000	0.493270
113	tsk_113	(x)	1	:	0.125000	0.000000	0.000000	0.480686	0.000000	0.000000	0.000000	0.000000	0.000000	0.394314	0.000000	0.000000	0.000000	0.000000	0.000000
114	tsk_114	(x)	1	:	0.000000	0.499951	0.000000	0.480416	0.000000	0.000000	0.000000	0.000009	0.000000	0.019593	0.000000	0.000000	0.000031	0.000000	0.000000
115	tsk_115	(x)	1	:	0.000000	0.000000	0.000000	1.000000	0.000000	0.000000	0.000000	0.000000	0.000000	0.000000	0.000000	0.000000	0.000000	0.000000	0.000000
116	tsk_116	(x)	1	:	0.000000	0.000000	0.000000	0.000000	0.000000	0.000000	0.000000	0.000000	0.121729	0.000000	0.000000	0.000000	0.000043	0.383282	0.494945
117	tsk_117	(x)	1	:	0.000000	0.505068	0.000000	0.000000	0.000000	0.000000	0.000000	0.000002	0.000000	0.000000	0.000000	0.000000	0.000051	0.000000	0.494879
118	tsk_118	(x)	1	:	0.000000	0.499983	0.000000	0.480635	0.000000	0.000000	0.000000	0.000009	0.000000	0.019334	0.000000	0.000000	0.000038	0.000000	0.000000
119	tsk_119	(x)	1	:	0.000000	0.000000	0.000000	0.000000	0.000000	0.000000	0.000000	0.000000	0.420469	0.000000	0.000000	0.000000	0.000000	0.579531	0.000000
120	tsk_120	(x)	1	:	0.000000	0.000000	0.000000	0.000060	0.496456	0.000000	0.000000	0.000000	0.161948	0.003454	0.000000	0.000000	0.000023	0.338058	0.000000
121	tsk_121	(x)	1	:	0.497664	0.000000	0.000000	0.000000	0.000000	0.000000	0.000000	0.000000	0.165465	0.000000	0.000000	0.000000	0.005342	0.331529	0.000000
122	tsk_122	(x)	1	:	0.000000	0.000000	0.000000	0.000000	0.000000	0.000000	0.000000	0.000000	0.185506	0.000000	0.000000	0.000000	0.000000	0.814494	0.000000
123	tsk_123	(x)	1	:	1.000000	0.000000	0.000000	0.000000	0.000000	0.000000	0.000000	0.000000	0.000000	0.000000	0.000000	0.000000	0.000000	0.000000	0.000000
124	tsk_124	(x)	1	:	0.000000	0.000000	0.000000	0.000000	1.000000	0.000000	0.000000	0.000000	0.000000	0.000000	0.000000	0.000000	0.000000	0.000000	0.000000
125	tsk_125	(x)	1	:	0.000000	0.000000	0.000000	0.000000	1.000000	0.000000	0.000000	0.000000	0.000000	0.000000	0.000000	0.000000	0.000000	0.000000	0.000000
126	tsk_126	(x)	1	:	0.000000	0.000000	0.000000	0.000000	0.000000	0.000000	0.000000	0.000000	0.209873	0.000000	0.000000	0.000000	0.000000	0.790127	0.000000
127	tsk_127	(x)	1	:	0.000000	0.000000	0.000000	0.000000	0.000000	0.000000	0.364177	0.000000	0.138503	0.000000	0.000000	0.000000	0.000016	0.365998	0.131306
128	tsk_128	(x)	1	:	0.000000	0.000000	0.000000	0.000000	0.000000	0.000000	0.364177	0.000000	0.096429	0.000000	0.000000	0.000000	0.000017	0.408071	0.131306
129	tsk_129	(x)	1	:	0.497710	0.000000	0.000000	0.000000	0.000000	0.000000	0.000000	0.000000	0.157773	0.000000	0.000000	0.000000	0.005236	0.339281	0.000000
130	tsk_130	(x)	1	:	0.000000	0.000000	0.000000	0.000000	0.000000	0.000000	0.000000	0.000000	0.053315	0.000000	0.000000	0.319937	0.000037	0.131771	0.494941
131	tsk_131	(x)	1	:	0.499842	0.000000	0.000000	0.480043	0.000000	0.000000	0.000000	0.000000	0.000000	0.020115	0.000000	0.000000	0.000000	0.000000	0.000000
132	tsk_132	(x)	1	:	0.000000	0.000000	0.000000	0.000000	0.000000	0.000000	0.000000	0.000000	0.000000	0.000000	0.000000	0.000000	1.000000	0.000000	0.000000
133	tsk_133	(x)	1	:	0.249682	0.000000	0.000000	0.745650	0.000000	0.000000	0.000000	0.000000	0.000000	0.004668	0.000000	0.000000	0.000000	0.000000	0.000000
134	tsk_134	(x)	1	:	0.000000	0.000000	0.000000	0.480483	0.000000	0.000000	0.000000	0.000000	0.000000	0.026259	0.000000	0.000000	0.000000	0.000000	0.493257
135	tsk_135	(x)	1	:	0.000000	0.000000	0.000000	0.000000	0.000000	0.000000	0.000000	0.000000	0.037465	0.000000	0.000000	0.319937	0.000037	0.147620	0.494941
136	tsk_136	(x)	1	:	0.000000	0.000000	0.000000	0.540692	0.000000	0.000000	0.000000	0.000000	0.000000	0.000000	0.000000	0.000000	0.000000	0.000000	0.459308
137	tsk_137	(x)	1	:	0.000000	0.505117	0.000000	0.000000	0.000000	0.000000	0.000000	0.000003	0.000000	0.000000	0.000000	0.000000	0.000053	0.000000	0.494827
138	tsk_138	(x)	1	:	0.505767	0.000000	0.000000	0.000000	0.000000	0.000000	0.000000	0.000000	0.000000	0.000000	0.000000	0.000000	0.000000	0.000000	0.494233
139	tsk_139	(x)	1	:	0.505767	0.000000	0.000000	0.000000	0.000000	0.000000	0.000000	0.000000	0.000000	0.000000	0.000000	0.000000	0.000000	0.000000	0.494233
140	tsk_140	(x)	1	:	0.499580	0.000000	0.000000	0.000141	0.495519	0.000000	0.000000	0.000000	0.000000	0.004761	0.000000	0.000000	0.000000	0.000000	0.000000
141	tsk_141	(x)	1	:	0.000000	0.000000	0.000000	0.000000	1.000000	0.000000	0.000000	0.000000	0.000000	0.000000	0.000000	0.000000	0.000000	0.000000	0.000000
142	tsk_142	(x)	1	:	0.000000	0.000000	0.000000	0.000000	0.000000	0.000000	0.000000	0.000000	0.000000	0.000000	0.000000	1.000000	0.000000	0.000000	0.000000
143	tsk_143	(x)	1	:	0.750000	0.000000	0.000000	0.000000	0.000000	0.000000	0.000000	0.000000	0.000000	0.250000	0.000000	0.000000	0.000000	0.000000	0.000000
144	tsk_144	(x)	1	:	1.000000	0.000000	0.000000	0.000000	0.000000	0.000000	0.000000	0.000000	0.000000	0.000000	0.000000	0.000000	0.000000	0.000000	0.000000
145	tsk_145	(x)	1	:	0.000000	0.000000	0.000000	0.000007	0.485034	0.000000	0.000000	0.000000	0.000000	0.000030	0.000000	0.000000	0.000000	0.000000	0.514928
146	tsk_146	(x)	1	:	1.000000	0.000000	0.000000	0.000000	0.000000	0.000000	0.000000	0.000000	0.000000	0.000000	0.000000	0.000000	0.000000	0.000000	0.000000
147	tsk_147	(x)	1	:	0.000000	0.503333	0.000000	0.000000	0.000000	0.000000	0.000000	0.000000	0.027810	0.000000	0.000000	0.459339	0.000000	0.009519	0.000000
148	tsk_148	(x)	1	:	0.000000	0.000000	0.000000	0.000000	0.000000	0.000000	0.000000	0.000000	0.004292	0.000000	0.000000	0.453107	0.000001	0.029931	0.512670
149	tsk_149	(x)	1	:	0.000000	0.000000	0.000000	0.000000	0.000000	0.000000	0.000000	0.000000	0.000000	0.000000	0.000000	1.000000	0.000000	0.000000	0.000000
