0	tsk_0	(x)	1	:	0.000000	0.000000	0.000000	0.000000	0.497352	0.000000	0.000000	0.000000	0.000000	0.000000	0.502648	0.000000	0.000000
1	tsk_1	(x)	1	:	0.000000	0.000000	0.000000	0.000000	0.497352	0.000000	0.000000	0.000000	0.000000	0.000000	0.502648	0.000000	0.000000
2	tsk_2	(x)	1	:	0.000000	0.000000	0.000000	0.254929	0.000000	0.000000	0.000000	0.000000	0.000000	0.245070	0.500001	0.000000	0.000000
3	tsk_3	(x)	1	:	0.000000	0.000000	0.000000	0.000000	0.000000	0.000000	0.000000	0.499998	0.000000	0.000000	0.500001	0.000000	0.000000
4	tsk_4	(x)	1	:	0.000000	0.000000	0.000000	0.000000	0.000000	0.000000	0.000000	0.499997	0.000000	0.000000	0.500002	0.000000	0.000000
5	tsk_5	(x)	1	:	0.000000	0.000000	0.000000	0.000000	0.000000	0.000000	0.000000	0.499999	0.000000	0.000000	0.500001	0.000000	0.000000
6	tsk_6	(x)	1	:	0.000000	0.000000	0.000000	0.000000	0.000000	0.000000	0.000000	0.000000	0.000000	0.000000	0.605038	0.000000	0.394962
7	tsk_7	(x)	1	:	0.000000	0.000000	0.000000	0.000000	0.000000	0.000000	0.000000	0.499998	0.000000	0.000000	0.500002	0.000000	0.000000
8	tsk_8	(x)	1	:	0.000000	0.000000	0.000000	0.340186	0.000000	0.000000	0.000000	0.000000	0.000000	0.159814	0.500000	0.000000	0.000000
9	tsk_9	(x)	1	:	0.000000	0.000000	0.000000	0.000000	0.000000	0.000000	0.000000	0.000000	0.000000	0.000000	1.000000	0.000000	0.000000
10	tsk_10	(x)	1	:	0.000000	0.000000	0.000000	0.000000	0.000000	0.000000	0.000000	0.500127	0.000000	0.000000	0.100395	0.000000	0.399478
11	tsk_11	(x)	1	:	0.000000	0.000000	0.000000	0.000000	0.000000	0.000000	0.000000	1.000000	0.000000	0.000000	0.000000	0.000000	0.000000
12	tsk_12	(x)	1	:	0.000000	0.000000	0.000000	0.000000	0.000000	0.000000	0.000000	0.500309	0.000000	0.000000	0.098566	0.000000	0.401124
13	tsk_13	(x)	1	:	0.000000	0.000000	0.000000	0.000000	1.000000	0.000000	0.000000	0.000000	0.000000	0.000000	0.000000	0.000000	0.000000
14	tsk_14	(x)	1	:	0.000000	0.000000	0.000000	0.000000	0.000000	0.000000	0.000000	0.499999	0.000000	0.000000	0.500001	0.000000	0.000000
15	tsk_15	(x)	1	:	0.000000	0.000000	0.000000	0.000000	0.476256	0.000000	0.000000	0.523744	0.000000	0.000000	0.000000	0.000000	0.000000
16	tsk_16	(x)	1	:	0.000000	0.000000	0.000000	0.522784	0.000000	0.000000	0.000000	0.000000	0.000000	0.477216	0.000000	0.000000	0.000000
17	tsk_17	(x)	1	:	0.000000	0.000000	0.000000	0.368206	0.000000	0.000000	0.000000	0.500000	0.000000	0.131794	0.000000	0.000000	0.000000
18	tsk_18	(x)	1	:	0.000000	0.000000	0.000000	0.000000	0.000000	0.000000	0.000000	1.000000	0.000000	0.000000	0.000000	0.000000	0.000000
19	tsk_19	(x)	1	:	0.000000	0.000000	0.000000	0.247996	0.497352	0.000000	0.000000	0.000000	0.000000	0.254652	0.000000	0.000000	0.000000
20	tsk_20	(x)	1	:	0.000000	0.000000	0.000000	0.000000	0.000000	0.000000	0.498299	0.000000	0.000000	0.000000	0.501701	0.000000	0.000000
21	tsk_21	(x)	1	:	0.000000	0.000000	0.000000	0.000000	0.000000	0.000000	0.000000	0.000000	0.000000	0.000000	1.000000	0.000000	0.000000
22	tsk_22	(x)	1	:	0.000000	0.000000	0.000000	0.000000	0.000000	0.000000	0.000000	0.000000	0.000000	0.000000	1.000000	0.000000	0.000000
23	tsk_23	(x)	1	:	0.508545	0.000000	0.000000	0.000000	0.000000	0.491455	0.000000	0.000000	0.000000	0.000000	0.000000	0.000000	0.000000
24	tsk_24	(x)	1	:	0.000000	0.000000	0.000000	0.000000	0.000000	1.000000	0.000000	0.000000	0.000000	0.000000	0.000000	0.000000	0.000000
25	tsk_25	(x)	1	:	0.000000	0.000000	0.000000	0.000000	0.000000	0.000000	0.500092	0.499908	0.000000	0.000000	0.000000	0.000000	0.000000
26	tsk_26	(x)	1	:	0.000000	0.000000	0.000000	0.000000	0.000000	1.000000	0.000000	0.000000	0.000000	0.000000	0.000000	0.000000	0.000000
27	tsk_27	(x)	1	:	0.000000	0.000000	0.000000	0.279238	0.000000	0.000000	0.000000	0.000000	0.463386	0.257375	0.000000	0.000000	0.000000
28	tsk_28	(x)	1	:	0.501273	0.000000	0.000000	0.000000	0.000000	0.000000	0.000000	0.000000	0.000000	0.000000	0.498727	0.000000	0.000000
29	tsk_29	(x)	1	:	0.000000	0.000000	0.000000	0.000000	0.000000	0.495191	0.000000	0.000000	0.000000	0.000000	0.504809	0.000000	0.000000
30	tsk_30	(x)	1	:	0.501914	0.000000	0.000000	0.000000	0.000000	0.000000	0.000000	0.000000	0.000000	0.000000	0.000000	0.498086	0.000000
31	tsk_31	(x)	1	:	0.000000	0.000000	0.000000	0.202971	0.000000	0.000000	0.000000	0.000000	0.000000	0.297028	0.000000	0.500000	0.000000
32	tsk_32	(x)	1	:	0.000000	0.000000	0.000000	0.270957	0.000000	0.000000	0.000000	0.000000	0.000000	0.229043	0.000000	0.500000	0.000000
33	tsk_33	(x)	1	:	0.000000	0.000000	0.000000	0.306175	0.000000	0.000000	0.000000	0.500000	0.000000	0.193825	0.000000	0.000000	0.000000
34	tsk_34	(x)	1	:	0.000000	0.000000	0.000000	0.000000	0.000000	0.000000	0.000000	0.000000	0.000000	0.000000	0.000000	1.000000	0.000000
35	tsk_35	(x)	1	:	0.000000	0.000000	0.000000	0.203367	0.000000	0.000000	0.000000	0.500000	0.000000	0.296633	0.000000	0.000000	0.000000
36	tsk_36	(x)	1	:	0.000000	0.000000	0.000000	0.000000	0.000000	0.000000	0.000000	0.000000	0.000000	0.000000	0.500110	0.499890	0.000000
37	tsk_37	(x)	1	:	0.000000	0.000000	0.000000	0.554859	0.000000	0.000000	0.000000	0.000000	0.000000	0.445140	0.000000	0.000000	0.000000
38	tsk_38	(x)	1	:	0.000000	0.000000	0.000000	0.745214	0.000000	0.000000	0.000000	0.000000	0.000000	0.254786	0.000000	0.000000	0.000000
39	tsk_39	(x)	1	:	0.000000	0.000000	0.000000	0.335783	0.000000	0.000000	0.000000	0.000000	0.000000	0.164217	0.000000	0.500000	0.000000
40	tsk_40	(x)	1	:	0.000000	0.000000	0.000000	0.000000	0.501204	0.000000	0.000000	0.000000	0.000000	0.000000	0.000000	0.000000	0.498796
41	tsk_41	(x)	1	:	0.000000	0.000000	0.000000	0.000000	0.000000	0.000000	0.000000	0.500000	0.000000	0.000000	0.000000	0.500000	0.000000
42	tsk_42	(x)	1	:	0.000000	0.000000	0.000000	0.232831	0.497352	0.000000	0.000000	0.000000	0.000000	0.269817	0.000000	0.000000	0.000000
43	tsk_43	(x)	1	:	0.000000	0.000000	0.000000	0.329163	0.000000	0.000000	0.000000	0.000000	0.000000	0.171430	0.038887	0.000000	0.460519
44	tsk_44	(x)	1	:	0.000000	0.000000	0.000000	0.000000	0.496028	0.000000	0.000000	0.000000	0.000000	0.000000	0.000000	0.503972	0.000000
45	tsk_45	(x)	1	:	0.000000	0.000000	0.000000	0.271237	0.000000	0.000000	0.000000	0.500000	0.000000	0.228763	0.000000	0.000000	0.000000
46	tsk_46	(x)	1	:	0.000000	0.000000	0.000000	0.000000	0.000000	0.000000	0.000000	0.000000	0.000000	0.000000	0.000000	1.000000	0.000000
47	tsk_47	(x)	1	:	0.000000	0.000000	0.000000	0.000000	0.000000	0.000000	0.000000	0.000000	0.000000	0.000000	0.000000	1.000000	0.000000
48	tsk_48	(x)	1	:	0.000000	0.000000	0.000000	0.000000	0.000000	0.000000	0.000000	0.000000	0.000000	0.000000	0.000000	1.000000	0.000000
49	tsk_49	(x)	1	:	0.000000	0.000000	0.000000	0.396880	0.000000	0.000000	0.000000	0.000000	0.000000	0.103120	0.000000	0.500000	0.000000
50	tsk_50	(x)	1	:	0.000000	0.000000	0.000000	0.000000	0.000000	0.000000	0.000000	0.500000	0.000000	0.000000	0.000000	0.500000	0.000000
51	tsk_51	(x)	1	:	0.000000	0.000000	0.000000	0.000000	0.000000	0.000000	0.000000	0.000000	0.000000	0.000000	0.606325	0.000000	0.393675
52	tsk_52	(x)	1	:	0.000000	0.000000	0.000000	0.000000	0.000000	0.000000	0.000000	1.000000	0.000000	0.000000	0.000000	0.000000	0.000000
53	tsk_53	(x)	1	:	0.000000	0.000000	0.000000	0.000000	0.000000	0.000000	0.000000	0.499998	0.000000	0.000000	0.500002	0.000000	0.000000
54	tsk_54	(x)	1	:	0.000000	0.000000	0.000000	0.427309	0.000000	0.000000	0.000000	0.000000	0.000000	0.572691	0.000000	0.000000	0.000000
55	tsk_55	(x)	1	:	0.000000	0.000000	0.000000	0.000000	0.000000	0.000000	0.000000	0.000000	0.000000	0.000000	0.000000	1.000000	0.000000
56	tsk_56	(x)	1	:	0.000000	0.000000	0.000000	0.000000	0.000000	0.000000	0.000000	0.000000	0.000000	0.000000	0.163565	0.000000	0.836435
57	tsk_57	(x)	1	:	0.000000	0.000000	0.000000	0.000000	0.000000	0.000000	0.000000	0.000000	0.000000	0.000000	0.097667	0.500576	0.401757
58	tsk_58	(x)	1	:	0.000000	0.000000	0.000000	0.000000	0.000000	0.000000	0.000000	0.500216	0.000000	0.000000	0.099498	0.000000	0.400286
59	tsk_59	(x)	1	:	0.000000	0.000000	0.000000	0.224980	0.000000	0.000000	0.000000	0.000000	0.000000	0.775020	0.000000	0.000000	0.000000
60	tsk_60	(x)	1	:	0.000000	0.000000	0.000000	0.000000	0.000000	0.000000	0.000000	0.000000	1.000000	0.000000	0.000000	0.000000	0.000000
61	tsk_61	(x)	1	:	0.000000	0.000000	0.000000	0.000000	0.000000	0.000000	0.000000	1.000000	0.000000	0.000000	0.000000	0.000000	0.000000
62	tsk_62	(x)	1	:	0.000000	0.000000	0.000000	0.000000	0.000000	0.000000	0.000000	0.499998	0.000000	0.000000	0.500002	0.000000	0.000000
63	tsk_63	(x)	1	:	0.000000	0.000000	0.000000	0.000000	0.000000	0.000000	0.000000	0.499999	0.000000	0.000000	0.500001	0.000000	0.000000
64	tsk_64	(x)	1	:	0.000000	0.500000	0.000000	0.000000	0.000000	0.000000	0.000000	0.500000	0.000000	0.000000	0.000000	0.000000	0.000000
65	tsk_65	(x)	1	:	0.000000	0.000000	0.000000	0.000000	0.000000	0.000000	0.000000	0.000000	0.487604	0.000000	0.512396	0.000000	0.000000
66	tsk_66	(x)	1	:	0.000000	0.000000	0.000000	0.000000	0.000000	0.000000	0.000000	1.000000	0.000000	0.000000	0.000000	0.000000	0.000000
67	tsk_67	(x)	1	:	0.000000	0.000000	0.000000	0.000000	0.000000	0.000000	0.000000	0.500000	0.000000	0.000000	0.000000	0.500000	0.000000
68	tsk_68	(x)	1	:	0.000000	0.000000	0.000000	0.000000	0.000000	0.000000	0.000000	0.512396	0.487604	0.000000	0.000000	0.000000	0.000000
69	tsk_69	(x)	1	:	0.000000	0.000000	0.000000	0.000000	0.000000	0.000000	0.000000	0.512396	0.487604	0.000000	0.000000	0.000000	0.000000
70	tsk_70	(x)	1	:	0.000000	0.000000	0.000000	0.000000	0.000000	0.521513	0.000000	0.478487	0.000000	0.000000	0.000000	0.000000	0.000000
71	tsk_71	(x)	1	:	0.000000	0.000000	0.000000	0.361198	0.000000	0.000000	0.000000	0.000000	0.000000	0.139263	0.097039	0.000000	0.402499
72	tsk_72	(x)	1	:	0.000000	0.000000	0.000000	0.222835	0.000000	0.000000	0.000000	0.500000	0.000000	0.277164	0.000000	0.000000	0.000000
73	tsk_73	(x)	1	:	0.000000	0.000000	0.000000	0.000000	0.000000	0.000000	0.000000	0.000000	0.000000	0.000000	1.000000	0.000000	0.000000
74	tsk_74	(x)	1	:	0.000000	0.000000	0.000000	0.000000	0.000000	0.000000	0.000000	0.499998	0.000000	0.000000	0.500002	0.000000	0.000000
75	tsk_75	(x)	1	:	0.000000	0.000000	0.000000	0.000000	0.000000	0.521508	0.000000	0.000000	0.000000	0.000000	0.478492	0.000000	0.000000
76	tsk_76	(x)	1	:	0.000000	0.000000	0.000000	0.252775	0.000000	0.000000	0.000000	0.000000	0.000000	0.247225	0.500000	0.000000	0.000000
77	tsk_77	(x)	1	:	0.000000	0.000000	0.000000	0.492770	0.000000	0.000000	0.000000	0.000000	0.000000	0.507230	0.000000	0.000000	0.000000
78	tsk_78	(x)	1	:	0.000000	0.000000	0.000000	0.000000	0.000000	0.000000	0.000000	1.000000	0.000000	0.000000	0.000000	0.000000	0.000000
79	tsk_79	(x)	1	:	0.000000	0.000000	0.000000	0.249875	0.000000	0.000000	0.000000	0.500000	0.000000	0.250125	0.000000	0.000000	0.000000
80	tsk_80	(x)	1	:	0.000000	0.000000	0.000000	0.000000	0.000000	0.000000	0.000000	0.500000	0.000000	0.000000	0.000000	0.500000	0.000000
81	tsk_81	(x)	1	:	0.000000	0.000000	0.000000	0.473638	0.000000	0.000000	0.000000	0.000000	0.000000	0.026361	0.000000	0.500000	0.000000
82	tsk_82	(x)	1	:	0.000000	0.000000	0.000000	0.000000	0.000000	0.000000	0.000000	0.500000	0.000000	0.000000	0.000000	0.500000	0.000000
83	tsk_83	(x)	1	:	0.000000	0.000000	0.000000	0.264314	0.000000	0.000000	0.000000	0.000000	0.000000	0.235686	0.000000	0.500000	0.000000
84	tsk_84	(x)	1	:	0.000000	0.000000	0.000000	0.095452	0.000000	0.000000	0.000000	0.500000	0.000000	0.404548	0.000000	0.000000	0.000000
85	tsk_85	(x)	1	:	0.000000	0.000000	0.000000	0.362469	0.000000	0.000000	0.000000	0.000000	0.000000	0.637531	0.000000	0.000000	0.000000
86	tsk_86	(x)	1	:	0.000000	0.000000	0.000000	0.270041	0.000000	0.000000	0.000000	0.000000	0.000000	0.229958	0.500001	0.000000	0.000000
87	tsk_87	(x)	1	:	0.000000	0.000000	0.000000	0.395683	0.000000	0.000000	0.000000	0.000000	0.000000	0.604317	0.000000	0.000000	0.000000
88	tsk_88	(x)	1	:	0.000000	0.000000	0.000000	0.000000	0.000000	0.000000	0.000000	0.500000	0.000000	0.000000	0.000000	0.500000	0.000000
89	tsk_89	(x)	1	:	0.000000	0.000000	0.000000	0.252224	0.000000	0.000000	0.000000	0.000000	0.000000	0.247775	0.500001	0.000000	0.000000
90	tsk_90	(x)	1	:	0.000000	0.000000	0.000000	0.000000	0.000000	0.000000	0.000000	0.000000	0.000000	0.000000	1.000000	0.000000	0.000000
91	tsk_91	(x)	1	:	0.000000	0.000000	0.000000	0.000000	0.000000	0.000000	0.000000	0.000000	0.000000	0.000000	0.000000	1.000000	0.000000
92	tsk_92	(x)	1	:	0.000000	0.000000	0.000000	0.000000	0.000000	0.000000	0.000000	0.500000	0.000000	0.000000	0.000000	0.500000	0.000000
93	tsk_93	(x)	1	:	0.000000	0.000000	0.000000	0.383116	0.000000	0.000000	0.000000	0.500000	0.000000	0.116884	0.000000	0.000000	0.000000
94	tsk_94	(x)	1	:	0.000000	0.000000	0.000000	0.372321	0.000000	0.000000	0.000000	0.000000	0.000000	0.127677	0.500002	0.000000	0.000000
95	tsk_95	(x)	1	:	0.000000	0.000000	0.000000	0.395229	0.000000	0.000000	0.000000	0.000000	0.000000	0.104771	0.000000	0.500000	0.000000
96	tsk_96	(x)	1	:	0.000000	0.000000	0.000000	0.000000	0.000000	0.000000	0.000000	0.000000	0.000000	0.000000	1.000000	0.000000	0.000000
97	tsk_97	(x)	1	:	0.000000	0.000000	0.000000	0.000000	0.000000	0.000000	0.000000	0.499999	0.000000	0.000000	0.500001	0.000000	0.000000
98	tsk_98	(x)	1	:	0.000000	0.000000	0.000000	0.300766	0.000000	0.000000	0.000000	0.000000	0.000000	0.199233	0.500001	0.000000	0.000000
99	tsk_99	(x)	1	:	0.000000	0.000000	0.000000	0.276830	0.000000	0.000000	0.000000	0.000000	0.000000	0.223170	0.000000	0.500000	0.000000
100	tsk_100	(x)	1	:	0.000000	0.000000	0.000000	0.000000	0.000000	0.000000	0.000000	0.000000	0.084393	0.000000	0.482942	0.432665	0.000000
101	tsk_101	(x)	1	:	0.000000	0.000000	0.000000	0.000000	0.000000	0.000000	0.000000	0.000000	0.000000	0.000000	1.000000	0.000000	0.000000
102	tsk_102	(x)	1	:	0.000000	0.000000	0.000000	0.192703	0.000000	0.000000	0.000000	0.000000	0.000000	0.307295	0.500001	0.000000	0.000000
103	tsk_103	(x)	1	:	0.000000	0.000000	0.000000	0.154382	0.000000	0.000000	0.000000	0.000000	0.160351	0.218952	0.000000	0.466316	0.000000
104	tsk_104	(x)	1	:	0.000000	0.000000	0.000000	0.000000	0.000000	0.000000	0.000000	0.000000	0.084397	0.000000	0.482907	0.432695	0.000000
105	tsk_105	(x)	1	:	0.000000	0.000000	0.000000	0.130322	0.000000	0.000000	0.000000	0.000000	0.000000	0.369677	0.500001	0.000000	0.000000
106	tsk_106	(x)	1	:	0.000000	0.000000	0.000000	0.000000	0.000000	0.000000	0.000000	0.000000	0.000000	0.000000	1.000000	0.000000	0.000000
107	tsk_107	(x)	1	:	0.000000	0.000000	0.000000	0.000000	0.000000	0.000000	0.000000	0.000000	0.000000	0.000000	0.602892	0.000000	0.397108
108	tsk_108	(x)	1	:	0.000000	0.000000	0.000000	0.267880	0.000000	0.000000	0.000000	0.000000	0.000000	0.232097	0.101902	0.000000	0.398122
109	tsk_109	(x)	1	:	0.000000	0.000000	0.000000	0.312305	0.000000	0.000000	0.000000	0.000000	0.000000	0.187694	0.500001	0.000000	0.000000
110	tsk_110	(x)	1	:	0.000000	0.000000	0.000000	0.000000	0.000000	0.000000	0.000000	0.000000	0.000000	0.000000	0.500376	0.499624	0.000000
111	tsk_111	(x)	1	:	0.000000	0.000000	0.000000	0.445645	0.000000	0.000000	0.000000	0.000000	0.000000	0.554355	0.000000	0.000000	0.000000
112	tsk_112	(x)	1	:	0.000000	0.000000	0.000000	0.215330	0.000000	0.000000	0.000000	0.000000	0.000000	0.284666	0.500003	0.000000	0.000000
113	tsk_113	(x)	1	:	0.000000	0.000000	0.000000	0.000000	0.000000	0.000000	0.000000	0.000000	0.000000	0.000000	1.000000	0.000000	0.000000
114	tsk_114	(x)	1	:	0.000000	0.000000	0.000000	0.626125	0.000000	0.000000	0.000000	0.000000	0.000000	0.373875	0.000000	0.000000	0.000000
115	tsk_115	(x)	1	:	0.000000	0.000000	0.000000	0.000000	0.000000	0.000000	0.000000	0.000000	0.000000	0.000000	0.548346	0.000000	0.451654
116	tsk_116	(x)	1	:	0.000000	0.000000	0.000000	0.100990	0.000000	0.000000	0.000000	0.000000	0.000000	0.399009	0.500001	0.000000	0.000000
117	tsk_117	(x)	1	:	0.000000	0.000000	0.000000	0.212463	0.000000	0.000000	0.000000	0.000000	0.000000	0.287536	0.500001	0.000000	0.000000
118	tsk_118	(x)	1	:	0.000000	0.000000	0.000000	0.000000	0.000000	0.000000	0.000000	0.000000	0.000000	0.000000	1.000000	0.000000	0.000000
119	tsk_119	(x)	1	:	0.000000	0.000000	0.000000	0.283355	0.000000	0.000000	0.000000	0.000000	0.000000	0.216643	0.500002	0.000000	0.000000
120	tsk_120	(x)	1	:	0.000000	0.000000	0.000000	0.000000	0.000000	0.000000	0.000000	0.000000	0.000000	0.000000	0.164595	0.000000	0.835405
121	tsk_121	(x)	1	:	0.000000	0.000000	0.000000	0.293583	0.000000	0.491995	0.000000	0.000000	0.000000	0.214422	0.000000	0.000000	0.000000
122	tsk_122	(x)	1	:	0.000000	0.000000	0.000000	0.244314	0.000000	0.000000	0.000000	0.000000	0.000000	0.256280	0.038880	0.000000	0.460525
123	tsk_123	(x)	1	:	0.000000	0.000000	0.000000	0.292376	0.000000	0.000000	0.000000	0.000000	0.000000	0.208248	0.038540	0.000000	0.460836
124	tsk_124	(x)	1	:	0.000000	0.000000	0.987537	0.000000	0.000000	0.000000	0.000000	0.000000	0.000000	0.012463	0.000000	0.000000	0.000000
125	tsk_125	(x)	1	:	0.000000	0.000000	0.000000	0.354348	0.000000	0.000000	0.000000	0.000000	0.000000	0.146278	0.038520	0.000000	0.460854
126	tsk_126	(x)	1	:	0.000000	0.000000	0.000000	0.198027	0.000000	0.491995	0.000000	0.000000	0.000000	0.309978	0.000000	0.000000	0.000000
127	tsk_127	(x)	1	:	0.000000	0.000000	0.000000	0.000000	0.000000	0.000000	0.000000	0.000000	0.000000	0.000000	0.000000	0.000000	1.000000
128	tsk_128	(x)	1	:	0.000000	0.000000	0.000000	0.197540	0.000000	0.491995	0.000000	0.000000	0.000000	0.310465	0.000000	0.000000	0.000000
129	tsk_129	(x)	1	:	0.000000	0.000000	0.000000	0.182169	0.000000	0.000000	0.000000	0.000000	0.000000	0.318532	0.037657	0.000000	0.461642
130	tsk_130	(x)	1	:	0.000000	0.000000	0.000000	0.000000	0.000000	0.000000	0.000000	0.499999	0.000000	0.000000	0.500001	0.000000	0.000000
131	tsk_131	(x)	1	:	0.000000	0.000000	0.000000	0.000000	0.000000	0.000000	0.000000	0.000000	0.000000	0.000000	0.552965	0.000000	0.447035
132	tsk_132	(x)	1	:	0.000000	0.000000	0.000000	0.000000	0.000000	0.000000	0.000000	0.000000	0.000000	0.000000	0.551014	0.000000	0.448986
133	tsk_133	(x)	1	:	0.000000	0.000000	0.000000	0.000000	0.000000	0.000000	0.000000	0.000000	0.000000	0.000000	0.500061	0.499939	0.000000
134	tsk_134	(x)	1	:	0.000000	0.000000	0.000000	0.000000	0.000000	0.000000	0.000000	0.000000	0.000000	0.000000	0.549894	0.000000	0.450106
135	tsk_135	(x)	1	:	0.000000	0.000000	0.000000	0.000000	0.497352	0.000000	0.000000	0.000000	0.000000	0.000000	0.502648	0.000000	0.000000
136	tsk_136	(x)	1	:	0.000000	0.000000	0.000000	0.194791	0.000000	0.000000	0.000000	0.000000	0.000000	0.305813	0.038762	0.000000	0.460634
137	tsk_137	(x)	1	:	0.000000	0.000000	0.000000	0.000000	0.000000	0.000000	0.000000	0.000000	0.000000	0.000000	0.000000	1.000000	0.000000
138	tsk_138	(x)	1	:	0.000000	0.000000	0.000000	0.000000	0.000000	0.000000	0.000000	0.499997	0.000000	0.000000	0.500003	0.000000	0.000000
139	tsk_139	(x)	1	:	0.000000	0.000000	0.000000	0.314890	0.000000	0.000000	0.000000	0.000000	0.000000	0.185110	0.500000	0.000000	0.000000
140	tsk_140	(x)	1	:	0.000000	0.000000	0.000000	0.221379	0.000000	0.000000	0.000000	0.500000	0.000000	0.278621	0.000000	0.000000	0.000000
141	tsk_141	(x)	1	:	0.000000	0.000000	0.000000	0.000000	0.000000	0.000000	0.000000	0.000000	0.000000	0.000000	0.500016	0.499984	0.000000
142	tsk_142	(x)	1	:	0.000000	0.000000	0.000000	0.343629	0.472437	0.000000	0.000000	0.000000	0.000000	0.183934	0.000000	0.000000	0.000000
143	tsk_143	(x)	1	:	0.000000	0.000000	0.000000	0.000000	0.000000	0.000000	0.000000	0.499998	0.000000	0.000000	0.500001	0.000000	0.000000
144	tsk_144	(x)	1	:	0.000000	0.000000	0.000000	0.220466	0.000000	0.000000	0.000000	0.000000	0.000000	0.779534	0.000000	0.000000	0.000000
145	tsk_145	(x)	1	:	0.000000	0.000000	0.000000	0.000000	0.000000	0.000000	0.000000	0.500000	0.000000	0.000000	0.000000	0.500000	0.000000
146	tsk_146	(x)	1	:	0.000000	0.000000	0.000000	0.188772	0.000000	0.000000	0.000000	0.000000	0.000000	0.311228	0.000000	0.500000	0.000000
147	tsk_147	(x)	1	:	0.000000	0.000000	0.000000	0.000000	0.000000	0.000000	0.000000	0.000000	0.000000	0.000000	0.500077	0.499922	0.000000
148	tsk_148	(x)	1	:	0.000000	0.000000	0.000000	0.000000	0.000000	0.000000	0.000000	0.000000	0.000000	0.000000	0.500040	0.499960	0.000000
149	tsk_149	(x)	1	:	0.000000	0.000000	0.000000	0.000000	0.000000	0.000000	0.000000	0.000000	0.000000	0.000000	0.500152	0.499848	0.000000
