logL = -1888.254159 (converged)
AIC = 4640.508318
BIC = 5941.102765

count.K
63 19 68 

