0	tsk_0	(x)	1	:	0.000000	0.000000	0.335517	0.000000	0.000000	0.000000	0.099019	0.000000	0.000000	0.000000	0.337099	0.000000	0.000000	0.000000	0.228365
1	tsk_1	(x)	1	:	0.000000	0.000000	0.202200	0.000000	0.000000	0.000000	0.178598	0.000000	0.000000	0.000000	0.000000	0.000000	0.000000	0.000000	0.619202
2	tsk_2	(x)	1	:	0.000000	0.000000	0.169862	0.000000	0.000000	0.000000	0.225867	0.000000	0.000000	0.000000	0.170794	0.000000	0.000000	0.000000	0.433477
3	tsk_3	(x)	1	:	0.000000	0.000000	0.137281	0.000000	0.000000	0.000000	0.304530	0.000000	0.000000	0.000000	0.207915	0.000000	0.000000	0.000000	0.350274
4	tsk_4	(x)	1	:	0.000000	0.000000	0.369240	0.000000	0.000000	0.000000	0.163891	0.000000	0.000000	0.000000	0.279405	0.000000	0.000000	0.000000	0.187464
5	tsk_5	(x)	1	:	0.000000	0.000000	0.115146	0.000000	0.000000	0.000000	0.033305	0.000000	0.500000	0.000000	0.060137	0.000000	0.000000	0.000000	0.291412
6	tsk_6	(x)	1	:	0.000000	0.000000	0.045150	0.000000	0.000000	0.500000	0.152161	0.000000	0.000000	0.000000	0.121875	0.000000	0.000000	0.000000	0.180814
7	tsk_7	(x)	1	:	0.000000	0.000000	0.147509	0.000000	0.000000	0.000000	0.209233	0.000000	0.000000	0.135936	0.109893	0.000000	0.000000	0.135350	0.262078
8	tsk_8	(x)	1	:	0.000000	0.000000	0.286201	0.000000	0.000000	0.000000	0.063156	0.000000	0.000000	0.000000	0.286479	0.000000	0.000000	0.000000	0.364165
9	tsk_9	(x)	1	:	0.000000	0.000000	0.000000	0.000000	0.000000	0.000000	0.304232	0.000000	0.000000	0.000000	0.230334	0.000000	0.000000	0.000000	0.465434
10	tsk_10	(x)	1	:	0.000000	0.000000	0.003502	0.494445	0.000000	0.000000	0.001804	0.000000	0.494445	0.000000	0.001267	0.000000	0.000000	0.000000	0.004537
11	tsk_11	(x)	1	:	0.000000	0.000000	0.002701	0.000000	0.000000	0.498643	0.000714	0.000000	0.494528	0.000000	0.001353	0.000000	0.000000	0.000000	0.002060
12	tsk_12	(x)	1	:	0.000000	0.000000	0.000000	0.000000	0.000000	0.000000	0.000000	0.000000	1.000000	0.000000	0.000000	0.000000	0.000000	0.000000	0.000000
13	tsk_13	(x)	1	:	0.000000	0.000000	0.232342	0.000000	0.000000	0.000000	0.101330	0.000000	0.500000	0.000000	0.094376	0.000000	0.000000	0.000000	0.071951
14	tsk_14	(x)	1	:	0.237123	0.000000	0.000000	0.000000	0.000000	0.351763	0.000000	0.000000	0.411114	0.000000	0.000000	0.000000	0.000000	0.000000	0.000000
15	tsk_15	(x)	1	:	0.000000	0.000000	0.000000	0.000000	0.000000	0.000000	0.000000	0.000000	0.833335	0.000000	0.000000	0.000000	0.166665	0.000000	0.000000
16	tsk_16	(x)	1	:	0.000000	0.000000	0.000000	0.000000	0.000000	0.000000	0.000000	0.000000	1.000000	0.000000	0.000000	0.000000	0.000000	0.000000	0.000000
17	tsk_17	(x)	1	:	0.000000	0.000000	0.000000	0.000000	0.000000	0.000000	0.208912	0.000000	0.500000	0.000000	0.189976	0.000000	0.000000	0.000000	0.101111
18	tsk_18	(x)	1	:	0.000000	0.000000	0.002341	0.000000	0.000000	0.498822	0.001519	0.000000	0.495257	0.000000	0.000568	0.000000	0.000000	0.000000	0.001493
19	tsk_19	(x)	1	:	0.000000	0.327889	0.067993	0.000000	0.000000	0.000884	0.059263	0.000000	0.000000	0.000000	0.000000	0.494472	0.000000	0.000000	0.049500
20	tsk_20	(x)	1	:	0.000000	0.000000	0.174057	0.000000	0.000000	0.500000	0.185339	0.000000	0.000000	0.000000	0.000000	0.000000	0.000000	0.000000	0.140604
21	tsk_21	(x)	1	:	0.000000	0.141866	0.065250	0.000000	0.000000	0.500023	0.150640	0.000000	0.000000	0.000000	0.142221	0.000000	0.000000	0.000000	0.000000
22	tsk_22	(x)	1	:	0.000000	0.000000	0.259066	0.000000	0.000000	0.000000	0.307216	0.000000	0.000000	0.000000	0.345977	0.000000	0.000000	0.000000	0.087740
23	tsk_23	(x)	1	:	0.000000	0.000000	0.100953	0.000000	0.000000	0.000000	0.179072	0.000000	0.000000	0.000000	0.305439	0.000000	0.000000	0.000000	0.414535
24	tsk_24	(x)	1	:	0.000000	0.000000	0.177314	0.000000	0.000000	0.500000	0.116236	0.000000	0.000000	0.000000	0.094705	0.000000	0.000000	0.000000	0.111746
25	tsk_25	(x)	1	:	0.000000	0.000000	0.000000	0.000000	0.000000	0.000000	0.000000	0.000000	1.000000	0.000000	0.000000	0.000000	0.000000	0.000000	0.000000
26	tsk_26	(x)	1	:	0.000000	0.000000	0.000000	0.000000	0.000000	0.000000	0.000000	0.000000	0.000000	0.000000	0.000000	0.000000	0.000000	1.000000	0.000000
27	tsk_27	(x)	1	:	0.000000	0.000000	0.384075	0.000000	0.000000	0.000000	0.227465	0.000000	0.000000	0.000000	0.128438	0.000000	0.000000	0.000000	0.260022
28	tsk_28	(x)	1	:	0.000000	0.000000	0.000000	0.000000	0.000000	0.524464	0.000000	0.000000	0.000000	0.000000	0.000000	0.475536	0.000000	0.000000	0.000000
29	tsk_29	(x)	1	:	0.000000	0.000000	0.134480	0.000000	0.000000	0.000000	0.120254	0.000000	0.000000	0.000000	0.270519	0.000000	0.000000	0.000000	0.474746
30	tsk_30	(x)	1	:	0.000000	0.000000	0.000000	0.000000	0.000000	1.000000	0.000000	0.000000	0.000000	0.000000	0.000000	0.000000	0.000000	0.000000	0.000000
31	tsk_31	(x)	1	:	0.000000	0.000000	0.240893	0.000000	0.000000	0.500000	0.099522	0.000000	0.000000	0.000000	0.000000	0.000000	0.000000	0.000000	0.159585
32	tsk_32	(x)	1	:	0.000000	0.491769	0.002474	0.000000	0.000000	0.499189	0.000744	0.000000	0.000000	0.000001	0.003722	0.000000	0.000000	0.000001	0.002101
33	tsk_33	(x)	1	:	0.000000	0.495857	0.001757	0.000000	0.000000	0.003600	0.000957	0.000000	0.000000	0.000000	0.002898	0.493991	0.000000	0.000000	0.000940
34	tsk_34	(x)	1	:	0.000000	0.000000	0.000000	0.000000	0.000000	1.000000	0.000000	0.000000	0.000000	0.000000	0.000000	0.000000	0.000000	0.000000	0.000000
35	tsk_35	(x)	1	:	0.000000	0.000000	0.000000	0.000000	0.000000	1.000000	0.000000	0.000000	0.000000	0.000000	0.000000	0.000000	0.000000	0.000000	0.000000
36	tsk_36	(x)	1	:	0.000000	0.491820	0.001874	0.000000	0.000000	0.499234	0.000842	0.000000	0.000000	0.000000	0.003170	0.000000	0.000000	0.000000	0.003060
37	tsk_37	(x)	1	:	0.000000	1.000000	0.000000	0.000000	0.000000	0.000000	0.000000	0.000000	0.000000	0.000000	0.000000	0.000000	0.000000	0.000000	0.000000
38	tsk_38	(x)	1	:	0.000000	0.491871	0.001480	0.000000	0.000000	0.499272	0.004133	0.000000	0.000000	0.000000	0.002430	0.000000	0.000000	0.000000	0.000814
39	tsk_39	(x)	1	:	0.000000	0.000000	0.000000	0.000000	0.000000	1.000000	0.000000	0.000000	0.000000	0.000000	0.000000	0.000000	0.000000	0.000000	0.000000
40	tsk_40	(x)	1	:	0.000000	0.000000	0.090845	0.000000	0.000000	0.500000	0.148103	0.000000	0.000000	0.000000	0.080769	0.000000	0.000000	0.000000	0.180284
41	tsk_41	(x)	1	:	0.000000	0.000000	0.424142	0.000000	0.000000	0.000000	0.149712	0.000000	0.000000	0.000000	0.339570	0.000000	0.000000	0.000000	0.086575
42	tsk_42	(x)	1	:	0.000000	0.000000	0.078186	0.000000	0.000000	0.003577	0.124992	0.000000	0.000000	0.000000	0.229506	0.492232	0.000000	0.000000	0.071507
43	tsk_43	(x)	1	:	0.000000	0.000000	0.065383	0.000000	0.000000	0.004389	0.107340	0.000000	0.000000	0.000000	0.242241	0.491586	0.000000	0.000000	0.089061
44	tsk_44	(x)	1	:	0.000000	0.000000	0.125168	0.000000	0.000000	0.000000	0.110625	0.000000	0.000000	0.000000	0.377635	0.000000	0.000000	0.000000	0.386572
45	tsk_45	(x)	1	:	0.000000	0.000000	0.114606	0.000000	0.000000	0.000000	0.301710	0.000000	0.000000	0.000000	0.348236	0.000000	0.000000	0.000000	0.235449
46	tsk_46	(x)	1	:	0.000000	0.000000	0.202760	0.000000	0.000000	0.000000	0.180178	0.000000	0.000000	0.000000	0.203875	0.000000	0.000000	0.000000	0.413186
47	tsk_47	(x)	1	:	0.000000	0.000000	0.255595	0.000000	0.000000	0.000000	0.226455	0.000000	0.000000	0.000000	0.255330	0.000000	0.000000	0.000000	0.262620
48	tsk_48	(x)	1	:	0.000000	0.000000	0.062742	0.000000	0.000000	0.003727	0.135937	0.000000	0.000000	0.000000	0.249509	0.492113	0.000000	0.000000	0.055973
49	tsk_49	(x)	1	:	0.000000	0.000000	0.085457	0.000000	0.000000	0.000000	0.074563	0.000000	0.500000	0.000000	0.089943	0.000000	0.000000	0.000000	0.250037
50	tsk_50	(x)	1	:	0.000000	0.000000	0.001864	0.000000	0.000000	0.000000	0.002321	0.477143	0.000520	0.507120	0.005601	0.000000	0.000000	0.000000	0.005430
51	tsk_51	(x)	1	:	0.000000	0.000000	0.000000	0.000000	0.000000	1.000000	0.000000	0.000000	0.000000	0.000000	0.000000	0.000000	0.000000	0.000000	0.000000
52	tsk_52	(x)	1	:	0.000000	0.000000	0.000000	0.000000	0.000000	0.000000	0.000000	0.000000	0.000000	1.000000	0.000000	0.000000	0.000000	0.000000	0.000000
53	tsk_53	(x)	1	:	0.000000	0.000000	0.000000	0.000000	0.000000	1.000000	0.000000	0.000000	0.000000	0.000000	0.000000	0.000000	0.000000	0.000000	0.000000
54	tsk_54	(x)	1	:	0.000000	0.000000	0.080515	0.000000	0.000000	0.500000	0.174201	0.000000	0.000000	0.000000	0.180271	0.000000	0.000000	0.000000	0.065013
55	tsk_55	(x)	1	:	0.000000	0.000000	0.140685	0.000000	0.000000	0.000000	0.202286	0.000000	0.000761	0.499620	0.156648	0.000000	0.000000	0.000000	0.000000
56	tsk_56	(x)	1	:	0.000000	0.000000	0.001921	0.000000	0.000000	0.498722	0.001355	0.000000	0.494850	0.000000	0.000405	0.000000	0.000000	0.000000	0.002746
57	tsk_57	(x)	1	:	0.000000	0.000000	0.000000	0.000000	0.000000	0.256945	0.000000	0.320701	0.422354	0.000000	0.000000	0.000000	0.000000	0.000000	0.000000
58	tsk_58	(x)	1	:	0.000000	0.000000	0.059527	0.000000	0.000000	0.500000	0.193195	0.000000	0.000000	0.000000	0.053305	0.000000	0.000000	0.000000	0.193973
59	tsk_59	(x)	1	:	0.000000	0.000000	0.000000	0.000000	0.000000	0.000000	0.000000	0.000000	0.500000	0.500000	0.000000	0.000000	0.000000	0.000000	0.000000
60	tsk_60	(x)	1	:	0.000000	0.000000	0.142366	0.000000	0.000000	0.500000	0.046108	0.000000	0.000000	0.000000	0.212592	0.000000	0.000000	0.000000	0.098935
61	tsk_61	(x)	1	:	0.000000	0.000000	0.129067	0.000000	0.000000	0.000000	0.345564	0.000000	0.000000	0.000000	0.260023	0.000000	0.000000	0.000000	0.265345
62	tsk_62	(x)	1	:	0.000000	0.000000	0.001037	0.000000	0.000000	0.498774	0.002958	0.000000	0.495060	0.000000	0.000701	0.000000	0.000000	0.000000	0.001470
63	tsk_63	(x)	1	:	0.000000	0.000000	0.312254	0.000000	0.000000	0.000000	0.370289	0.000000	0.000000	0.000000	0.000000	0.000000	0.000000	0.000000	0.317458
64	tsk_64	(x)	1	:	0.000000	0.000000	0.222100	0.000000	0.000000	0.000000	0.327784	0.000000	0.000000	0.000000	0.074370	0.000000	0.000000	0.000000	0.375745
65	tsk_65	(x)	1	:	0.000000	0.000000	0.046661	0.000000	0.000000	0.000000	0.202699	0.000000	0.500000	0.000000	0.074273	0.000000	0.000000	0.000000	0.176366
66	tsk_66	(x)	1	:	0.000000	0.000000	0.155297	0.000000	0.000000	0.500000	0.117762	0.000000	0.000000	0.000000	0.076264	0.000000	0.000000	0.000000	0.150677
67	tsk_67	(x)	1	:	0.000000	0.000000	0.127832	0.000000	0.000000	0.000000	0.112033	0.000000	0.500000	0.000000	0.105369	0.000000	0.000000	0.000000	0.154765
68	tsk_68	(x)	1	:	0.000000	0.000000	0.060264	0.000000	0.000000	0.500000	0.131149	0.000000	0.000000	0.000000	0.162947	0.000000	0.000000	0.000000	0.145640
69	tsk_69	(x)	1	:	0.000000	0.000000	0.452347	0.000000	0.000000	0.000000	0.285785	0.000000	0.000000	0.000000	0.064366	0.000000	0.000000	0.000000	0.197502
70	tsk_70	(x)	1	:	0.000000	0.000000	0.008035	0.000000	0.000000	0.000000	0.002385	0.472270	0.499814	0.000000	0.004667	0.000000	0.000000	0.000000	0.012829
71	tsk_71	(x)	1	:	0.000000	0.000000	0.002272	0.000000	0.000000	0.498687	0.001175	0.000000	0.494709	0.000000	0.000705	0.000000	0.000000	0.000000	0.002452
72	tsk_72	(x)	1	:	0.000000	0.000000	0.002740	0.000000	0.000000	0.498695	0.000971	0.000000	0.494741	0.000000	0.001344	0.000000	0.000000	0.000000	0.001509
73	tsk_73	(x)	1	:	0.000000	0.000000	0.001421	0.000000	0.000000	0.003638	0.000000	0.000000	0.497972	0.000000	0.005185	0.491783	0.000000	0.000000	0.000000
74	tsk_74	(x)	1	:	0.000000	0.000000	0.408284	0.000000	0.000000	0.000000	0.180726	0.000000	0.000000	0.000000	0.307951	0.000000	0.000000	0.000000	0.103040
75	tsk_75	(x)	1	:	0.000000	0.000000	0.001766	0.000000	0.000000	0.498793	0.001224	0.000000	0.495140	0.000000	0.001059	0.000000	0.000000	0.000000	0.002019
76	tsk_76	(x)	1	:	0.000000	0.000000	0.000000	0.000000	0.000000	1.000000	0.000000	0.000000	0.000000	0.000000	0.000000	0.000000	0.000000	0.000000	0.000000
77	tsk_77	(x)	1	:	0.000000	0.000000	0.138623	0.000000	0.000000	0.000000	0.120743	0.000000	0.500000	0.000000	0.110830	0.000000	0.000000	0.000000	0.129803
78	tsk_78	(x)	1	:	0.000000	0.000000	0.008681	0.000000	0.000000	0.000000	0.014047	0.472323	0.499982	0.000000	0.001509	0.000000	0.000000	0.000000	0.003458
79	tsk_79	(x)	1	:	0.000000	0.000000	0.067414	0.000000	0.000000	0.000000	0.294458	0.000000	0.500000	0.000000	0.055273	0.000000	0.000000	0.000000	0.082855
80	tsk_80	(x)	1	:	0.000000	0.000000	0.228983	0.000000	0.000000	0.000000	0.120024	0.000000	0.500000	0.000000	0.037097	0.000000	0.000000	0.000000	0.113896
81	tsk_81	(x)	1	:	0.000000	0.000000	0.230793	0.000000	0.000000	0.000000	0.305575	0.000000	0.000000	0.000000	0.463632	0.000000	0.000000	0.000000	0.000000
82	tsk_82	(x)	1	:	0.000000	0.000000	0.000000	0.000000	0.000000	0.000000	0.000000	1.000000	0.000000	0.000000	0.000000	0.000000	0.000000	0.000000	0.000000
83	tsk_83	(x)	1	:	0.000000	0.000000	0.000027	0.000000	0.999906	0.000000	0.000044	0.000000	0.000000	0.000000	0.000010	0.000000	0.000000	0.000000	0.000012
84	tsk_84	(x)	1	:	0.000000	0.000000	0.115088	0.000000	0.000000	0.500000	0.189710	0.000000	0.000000	0.000000	0.102929	0.000000	0.000000	0.000000	0.092273
85	tsk_85	(x)	1	:	0.000000	0.000000	0.061016	0.000000	0.000000	0.000000	0.164713	0.556855	0.000000	0.000000	0.158250	0.000000	0.000000	0.000000	0.059165
86	tsk_86	(x)	1	:	0.000000	0.000000	0.195149	0.000000	0.000000	0.500000	0.043185	0.000000	0.000000	0.000000	0.170675	0.000000	0.000000	0.000000	0.090991
87	tsk_87	(x)	1	:	0.000000	0.000000	0.391453	0.000000	0.000000	0.000000	0.343896	0.000000	0.000000	0.000000	0.131039	0.000000	0.000000	0.000000	0.133612
88	tsk_88	(x)	1	:	0.000000	0.000000	0.313317	0.000000	0.000000	0.000000	0.369187	0.000000	0.000000	0.000000	0.211472	0.000000	0.000000	0.000000	0.106024
89	tsk_89	(x)	1	:	0.000000	0.000000	0.229249	0.000000	0.000000	0.500000	0.122596	0.000000	0.000000	0.000000	0.102357	0.000000	0.000000	0.000000	0.045798
90	tsk_90	(x)	1	:	0.000000	0.000000	0.000000	0.000000	0.000000	0.340824	0.000000	0.000000	0.000000	0.000000	0.000000	0.659176	0.000000	0.000000	0.000000
91	tsk_91	(x)	1	:	0.000000	0.000000	0.088690	0.000000	0.000000	0.002240	0.097177	0.000000	0.000000	0.000000	0.292847	0.493296	0.000000	0.000000	0.025751
92	tsk_92	(x)	1	:	0.000000	0.000000	0.006783	0.000000	0.000000	0.494156	0.007065	0.000000	0.478739	0.000111	0.005800	0.000000	0.000000	0.000115	0.007229
93	tsk_93	(x)	1	:	0.000000	0.000000	0.079766	0.000000	0.000000	0.004424	0.043445	0.000000	0.000000	0.000000	0.238886	0.491558	0.000000	0.000000	0.141922
94	tsk_94	(x)	1	:	0.000000	0.000000	0.129422	0.000000	0.000000	0.499999	0.188015	0.000000	0.000000	0.000000	0.114181	0.000000	0.000000	0.000000	0.068382
95	tsk_95	(x)	1	:	0.000000	0.000000	0.001303	0.000000	0.000000	0.002989	0.000000	0.000000	0.500505	0.000000	0.000000	0.492802	0.000000	0.000000	0.002400
96	tsk_96	(x)	1	:	0.000000	0.000000	0.000000	0.000000	0.000000	0.000000	0.000000	0.000000	0.000000	0.000000	0.000000	1.000000	0.000000	0.000000	0.000000
97	tsk_97	(x)	1	:	0.000000	0.000000	0.001915	0.000000	0.000000	0.172248	0.002023	0.000000	0.494563	0.000000	0.001473	0.326369	0.000000	0.000000	0.001410
98	tsk_98	(x)	1	:	0.000000	0.000000	0.126540	0.000000	0.000000	0.500000	0.271122	0.000000	0.000000	0.000000	0.000000	0.000000	0.000000	0.000000	0.102338
99	tsk_99	(x)	1	:	0.000000	0.000000	0.114226	0.000000	0.000000	0.004672	0.160829	0.000000	0.000000	0.000001	0.160726	0.491336	0.000000	0.000001	0.068209
100	tsk_100	(x)	1	:	0.000000	0.000000	0.052449	0.500000	0.000000	0.000000	0.046095	0.000000	0.000000	0.000000	0.129847	0.000000	0.000000	0.000000	0.271609
101	tsk_101	(x)	1	:	0.000000	0.000000	0.073541	0.500000	0.000000	0.000000	0.032424	0.000000	0.000000	0.000000	0.169805	0.000000	0.000000	0.000000	0.224230
102	tsk_102	(x)	1	:	0.000000	0.000000	0.005715	0.494458	0.000000	0.000000	0.000000	0.000000	0.494458	0.000000	0.002227	0.000000	0.000000	0.000000	0.003143
103	tsk_103	(x)	1	:	0.000000	0.000000	0.069244	0.500000	0.000000	0.000000	0.000000	0.000000	0.000000	0.000000	0.080387	0.000000	0.000000	0.000000	0.350369
104	tsk_104	(x)	1	:	0.000000	0.000000	0.239142	0.000000	0.000000	0.000000	0.124866	0.000000	0.500000	0.000000	0.075602	0.000000	0.000000	0.000000	0.060390
105	tsk_105	(x)	1	:	0.000000	0.000000	0.121691	0.500000	0.000000	0.000000	0.071193	0.000000	0.000000	0.000000	0.140173	0.000000	0.000000	0.000000	0.166942
106	tsk_106	(x)	1	:	0.000000	0.000000	0.000000	0.494544	0.000000	0.000000	0.002078	0.000000	0.494544	0.000000	0.004233	0.000000	0.000000	0.000000	0.004601
107	tsk_107	(x)	1	:	0.000000	0.000000	0.080403	0.000000	0.000000	0.000000	0.140294	0.000000	0.500000	0.000000	0.128091	0.000000	0.000000	0.000000	0.151212
108	tsk_108	(x)	1	:	0.000000	0.000000	0.003181	0.494246	0.000000	0.000000	0.000000	0.000000	0.494246	0.000000	0.004305	0.000000	0.000000	0.000000	0.004023
109	tsk_109	(x)	1	:	0.000000	0.000000	0.344850	0.000000	0.000000	0.000000	0.304679	0.000000	0.000000	0.000000	0.116880	0.000000	0.000000	0.000000	0.233591
110	tsk_110	(x)	1	:	0.000000	0.000000	0.341559	0.000000	0.000000	0.000000	0.242411	0.000000	0.000000	0.000000	0.137744	0.000000	0.000000	0.000000	0.278286
111	tsk_111	(x)	1	:	0.000000	0.000000	0.000000	0.000000	0.000000	0.000000	0.000000	0.000000	0.500000	0.500000	0.000000	0.000000	0.000000	0.000000	0.000000
112	tsk_112	(x)	1	:	0.000000	0.000000	0.148674	0.000000	0.000000	0.000000	0.258950	0.000000	0.000346	0.499827	0.000000	0.000000	0.000000	0.000000	0.092203
113	tsk_113	(x)	1	:	0.000000	0.000000	0.119522	0.000000	0.000000	0.000000	0.174170	0.000000	0.500000	0.000000	0.155915	0.000000	0.000000	0.000000	0.050392
114	tsk_114	(x)	1	:	0.000000	0.000000	0.062146	0.000000	0.000000	0.000000	0.054090	0.000000	0.500000	0.000000	0.148794	0.000000	0.000000	0.000000	0.234970
115	tsk_115	(x)	1	:	0.000000	0.000000	0.000829	0.000000	0.000000	0.498650	0.000885	0.000000	0.494557	0.000000	0.001726	0.000000	0.000000	0.000000	0.003353
116	tsk_116	(x)	1	:	0.000000	0.000000	0.001888	0.000000	0.000000	0.498642	0.001978	0.000000	0.494527	0.000000	0.000000	0.000000	0.000000	0.000000	0.002966
117	tsk_117	(x)	1	:	0.000000	0.000000	0.115963	0.000000	0.000000	0.000000	0.134421	0.000000	0.500000	0.000000	0.152586	0.000000	0.000000	0.000000	0.097030
118	tsk_118	(x)	1	:	0.000000	0.000000	0.000000	0.000000	0.000000	0.524464	0.000000	0.000000	0.000000	0.000000	0.000000	0.475536	0.000000	0.000000	0.000000
119	tsk_119	(x)	1	:	0.000000	0.000000	0.119244	0.000000	0.000000	0.000000	0.209893	0.000000	0.500000	0.000000	0.098794	0.000000	0.000000	0.000000	0.072068
120	tsk_120	(x)	1	:	0.000000	0.000000	0.005853	0.000000	0.000000	0.000000	0.007374	0.472265	0.499799	0.000000	0.003536	0.000000	0.000000	0.000000	0.011172
121	tsk_121	(x)	1	:	0.000000	0.000000	0.000000	0.000000	0.000000	0.000000	0.000000	0.724421	0.000000	0.000000	0.000000	0.275579	0.000000	0.000000	0.000000
122	tsk_122	(x)	1	:	0.000000	0.000000	0.195844	0.000000	0.000000	0.000000	0.000000	0.000000	0.000000	0.500000	0.238490	0.000000	0.000000	0.000000	0.065666
123	tsk_123	(x)	1	:	0.000000	0.000000	0.087165	0.000000	0.000000	0.000000	0.277198	0.472329	0.000000	0.000000	0.034743	0.000000	0.000000	0.000000	0.128565
124	tsk_124	(x)	1	:	0.000000	0.000000	0.255729	0.000000	0.000000	0.500000	0.136029	0.000000	0.000000	0.000000	0.057346	0.000000	0.000000	0.000000	0.050896
125	tsk_125	(x)	1	:	0.000000	0.000000	0.000000	0.000000	0.000000	0.580200	0.000000	0.419800	0.000000	0.000000	0.000000	0.000000	0.000000	0.000000	0.000000
126	tsk_126	(x)	1	:	0.000000	0.000000	0.000000	0.000000	0.000000	0.000000	0.000000	1.000000	0.000000	0.000000	0.000000	0.000000	0.000000	0.000000	0.000000
127	tsk_127	(x)	1	:	0.000000	0.000000	0.000000	0.000000	0.000000	0.000000	0.093993	0.000000	0.000000	0.000000	0.325817	0.000000	0.249999	0.000000	0.330190
128	tsk_128	(x)	1	:	0.000000	0.000000	0.000000	0.000000	0.000000	0.000000	0.172251	0.472329	0.000000	0.000000	0.181744	0.000000	0.000000	0.000000	0.173675
129	tsk_129	(x)	1	:	0.271500	0.352222	0.000000	0.000000	0.000000	0.376277	0.000000	0.000000	0.000000	0.000000	0.000000	0.000000	0.000000	0.000000	0.000000
130	tsk_130	(x)	1	:	0.000000	0.000000	0.001530	0.496861	0.000000	0.499219	0.000845	0.000000	0.000000	0.000000	0.001545	0.000000	0.000000	0.000000	0.000000
131	tsk_131	(x)	1	:	0.000000	0.000000	0.000000	1.000000	0.000000	0.000000	0.000000	0.000000	0.000000	0.000000	0.000000	0.000000	0.000000	0.000000	0.000000
132	tsk_132	(x)	1	:	0.000000	0.000000	0.000000	1.000000	0.000000	0.000000	0.000000	0.000000	0.000000	0.000000	0.000000	0.000000	0.000000	0.000000	0.000000
133	tsk_133	(x)	1	:	0.000000	0.000000	0.084700	0.000000	0.000000	0.000000	0.225413	0.000000	0.000000	0.000000	0.341596	0.000000	0.000000	0.000000	0.348291
134	tsk_134	(x)	1	:	0.000000	0.000000	0.314383	0.000000	0.000000	0.000000	0.209525	0.000000	0.000000	0.000000	0.237401	0.000000	0.000000	0.000000	0.238691
135	tsk_135	(x)	1	:	0.000000	0.000000	0.199242	0.500000	0.000000	0.000000	0.087901	0.000000	0.000000	0.000000	0.111596	0.000000	0.000000	0.000000	0.101260
136	tsk_136	(x)	1	:	0.000000	0.000000	0.212982	0.000000	0.000000	0.500000	0.117600	0.000000	0.000000	0.000000	0.000000	0.000000	0.000000	0.000000	0.169418
137	tsk_137	(x)	1	:	0.000000	0.000000	0.001369	0.495148	0.000000	0.498796	0.002863	0.000000	0.000000	0.000000	0.000699	0.000000	0.000000	0.000000	0.001125
138	tsk_138	(x)	1	:	0.000000	0.000000	0.170086	0.000000	0.000000	0.000000	0.228583	0.000000	0.000000	0.000000	0.341970	0.000000	0.000000	0.000000	0.259361
139	tsk_139	(x)	1	:	0.000000	0.000000	0.415224	0.000000	0.000000	0.000000	0.105736	0.000000	0.000000	0.000000	0.178740	0.000000	0.000000	0.000000	0.300300
140	tsk_140	(x)	1	:	0.000000	0.000000	0.174612	0.000000	0.000000	0.000000	0.386762	0.000000	0.000000	0.000000	0.349549	0.000000	0.000000	0.000000	0.089077
141	tsk_141	(x)	1	:	0.000000	0.000000	0.391751	0.000000	0.000000	0.000000	0.345133	0.000000	0.000000	0.000000	0.263116	0.000000	0.000000	0.000000	0.000000
142	tsk_142	(x)	1	:	0.000000	0.000000	0.043712	0.000000	0.000000	0.002031	0.025603	0.000000	0.000000	0.000000	0.344209	0.493462	0.000000	0.000000	0.090983
143	tsk_143	(x)	1	:	0.000000	0.000000	0.338068	0.000000	0.000000	0.000000	0.099386	0.000000	0.000000	0.000000	0.562546	0.000000	0.000000	0.000000	0.000000
144	tsk_144	(x)	1	:	0.000000	0.000000	0.111938	0.000000	0.000000	0.002320	0.243170	0.000000	0.000000	0.000000	0.000000	0.493232	0.000000	0.000000	0.149341
145	tsk_145	(x)	1	:	0.000000	0.000000	0.041282	0.000000	0.000000	0.004944	0.179335	0.000000	0.000000	0.000000	0.206083	0.491144	0.000000	0.000000	0.077212
146	tsk_146	(x)	1	:	0.000000	0.000000	0.373742	0.000000	0.000000	0.000000	0.248964	0.000000	0.000000	0.000000	0.188468	0.000000	0.000000	0.000000	0.188826
147	tsk_147	(x)	1	:	0.000000	0.000000	0.373297	0.000000	0.000000	0.000000	0.248384	0.000000	0.000000	0.000000	0.188391	0.000000	0.000000	0.000000	0.189929
148	tsk_148	(x)	1	:	0.000000	0.000000	0.230679	0.000000	0.000000	0.001683	0.101133	0.000000	0.000000	0.000000	0.091620	0.493739	0.000000	0.000000	0.081147
149	tsk_149	(x)	1	:	0.000000	0.000000	0.121507	0.000000	0.000000	0.002879	0.130867	0.000000	0.000000	0.000000	0.141068	0.492787	0.000000	0.000000	0.110891
