logL = -4157.188959 (converged)
AIC = 9430.377918
BIC = 11110.312412

count.K
77 47 26 

