logL = -1211.145494 (converged)
AIC = 6102.290988
BIC = 11641.859929

count.K
30 33 20 2 16 20 10 9 9 1 

