logL = -2055.198079 (converged)
AIC = 4562.396158
BIC = 5242.799735

count.K
45 105 

