logL = -2011.003789 (converged)
AIC = 8022.007578
BIC = 14043.278166

count.K
19 12 30 3 36 20 3 1 14 12 

