logL = -1574.456918 (converged)
AIC = 4392.913836
BIC = 6265.528989

count.K
32 26 58 34 

