logL = -2804.505132 (converged)
AIC = 6109.010264
BIC = 6861.669087

count.K
25 125 

