logL = -2230.067130 (converged)
AIC = 5294.134260
BIC = 6549.569177

count.K
64 62 24 

