logL = -1032.234444 (converged)
AIC = 5076.468888
BIC = 9610.485641

count.K
8 53 23 2 10 26 1 24 3 

