logL = -1342.848008 (converged)
AIC = 4593.696016
BIC = 7465.842086

count.K
28 24 54 8 10 26 

