logL = -3071.257058 (converged)
AIC = 7942.514116
BIC = 10652.085880

count.K
32 10 67 28 13 

