logL = -1201.748312 (converged)
AIC = 3575.496625
BIC = 5339.728907

count.K
72 22 23 33 

