logL = -2867.813765 (converged)
AIC = 7139.627530
BIC = 9253.093506

count.K
36 21 50 43 

