logL = -903.996401 (converged)
AIC = 5851.992802
BIC = 11939.497367

count.K
4 12 3 3 21 24 27 0 6 0 21 29 

