logL = -1541.587040 (converged)
AIC = 8723.174080
BIC = 17213.165609

count.K
15 6 16 4 1 2 13 16 8 15 9 4 11 12 18 

