logL = -725.681679 (converged)
AIC = 3699.363358
BIC = 7083.317428

count.K
31 21 11 67 10 4 6 

