0	tsk_0	(x)	1	:	0.142319	0.010744	0.000000	0.000000	0.000000	0.342582	0.000000	0.000000	0.000000	0.000000	0.000000	0.000000	0.504355	0.000000	0.000000
1	tsk_1	(x)	1	:	0.000000	0.596343	0.000000	0.000000	0.000000	0.000000	0.000000	0.000000	0.000000	0.000000	0.000000	0.225268	0.000000	0.080181	0.098208
2	tsk_2	(x)	1	:	0.010754	0.000000	0.000000	0.000000	0.000000	0.489287	0.000000	0.000000	0.000000	0.000000	0.000000	0.145119	0.000000	0.124694	0.230147
3	tsk_3	(x)	1	:	0.000000	0.000000	0.000000	0.000000	0.000000	0.000000	0.000000	0.000000	0.000000	0.000000	0.000000	0.640215	0.000000	0.178949	0.180835
4	tsk_4	(x)	1	:	0.009223	0.000000	0.000000	0.000000	0.000000	0.489791	0.495261	0.000000	0.003255	0.000000	0.000000	0.000571	0.000000	0.001011	0.000890
5	tsk_5	(x)	1	:	0.482756	0.516884	0.000000	0.000000	0.000000	0.000000	0.000000	0.000000	0.000000	0.000008	0.000000	0.000090	0.000000	0.000083	0.000179
6	tsk_6	(x)	1	:	0.000000	0.000000	0.998056	0.000000	0.000000	0.000000	0.001943	0.000000	0.000000	0.000000	0.000000	0.000000	0.000000	0.000000	0.000000
7	tsk_7	(x)	1	:	0.009052	0.000000	0.000000	0.000000	0.000000	0.489971	0.495239	0.000000	0.003732	0.000000	0.000000	0.000549	0.000000	0.001456	0.000000
8	tsk_8	(x)	1	:	0.000000	0.512636	0.000000	0.487261	0.000000	0.000000	0.000000	0.000000	0.000000	0.000000	0.000013	0.000039	0.000000	0.000013	0.000038
9	tsk_9	(x)	1	:	0.499996	0.000000	0.000000	0.000000	0.000000	0.000000	0.000000	0.000000	0.000000	0.000004	0.000000	0.248024	0.000000	0.144209	0.107768
10	tsk_10	(x)	1	:	0.510548	0.000000	0.000000	0.000000	0.000000	0.489438	0.000000	0.000000	0.000000	0.000014	0.000000	0.000000	0.000000	0.000000	0.000000
11	tsk_11	(x)	1	:	0.000000	0.000000	0.000000	0.000000	0.000000	0.000000	1.000000	0.000000	0.000000	0.000000	0.000000	0.000000	0.000000	0.000000	0.000000
12	tsk_12	(x)	1	:	0.498866	0.000000	0.000000	0.000000	0.000000	0.000000	0.493317	0.000000	0.005500	0.000020	0.000000	0.000654	0.000000	0.000891	0.000753
13	tsk_13	(x)	1	:	0.000000	0.000000	0.000000	0.000000	0.000000	0.000000	1.000000	0.000000	0.000000	0.000000	0.000000	0.000000	0.000000	0.000000	0.000000
14	tsk_14	(x)	1	:	0.532137	0.000000	0.000000	0.000000	0.467851	0.000000	0.000000	0.000000	0.000000	0.000012	0.000000	0.000000	0.000000	0.000000	0.000000
15	tsk_15	(x)	1	:	0.000000	0.000000	0.000000	0.000000	0.000000	0.000000	0.493933	0.000000	0.005523	0.000000	0.499345	0.000449	0.000000	0.000190	0.000559
16	tsk_16	(x)	1	:	0.510521	0.000000	0.000000	0.000000	0.000000	0.489446	0.000000	0.000000	0.000000	0.000033	0.000000	0.000000	0.000000	0.000000	0.000000
17	tsk_17	(x)	1	:	0.000000	0.000000	0.000000	0.000000	0.000000	0.000000	0.497363	0.000000	0.002921	0.000000	0.499716	0.000000	0.000000	0.000000	0.000000
18	tsk_18	(x)	1	:	0.000000	0.000000	0.000000	0.000000	0.000000	0.000000	1.000000	0.000000	0.000000	0.000000	0.000000	0.000000	0.000000	0.000000	0.000000
19	tsk_19	(x)	1	:	0.000000	0.000000	0.000000	0.000000	0.000000	0.000000	0.499803	0.471145	0.029052	0.000000	0.000000	0.000000	0.000000	0.000000	0.000000
20	tsk_20	(x)	1	:	0.000000	0.000000	0.000000	0.000000	0.000000	1.000000	0.000000	0.000000	0.000000	0.000000	0.000000	0.000000	0.000000	0.000000	0.000000
21	tsk_21	(x)	1	:	0.000000	0.549023	0.000000	0.000000	0.000000	0.000000	0.000000	0.450069	0.000212	0.000000	0.000000	0.000298	0.000000	0.000313	0.000085
22	tsk_22	(x)	1	:	0.009227	0.000000	0.000000	0.000000	0.000000	0.489710	0.494211	0.000000	0.004636	0.000000	0.000000	0.000709	0.000000	0.001286	0.000221
23	tsk_23	(x)	1	:	0.009959	0.000000	0.000000	0.000000	0.000000	0.489474	0.000000	0.471897	0.023653	0.000000	0.000000	0.001371	0.000000	0.001958	0.001688
24	tsk_24	(x)	1	:	0.000000	0.000000	0.000000	0.499457	0.000000	0.000000	0.495846	0.000000	0.003144	0.000000	0.000031	0.000189	0.000000	0.001066	0.000267
25	tsk_25	(x)	1	:	0.000000	0.600430	0.000000	0.000000	0.000000	0.000000	0.399455	0.000000	0.000115	0.000000	0.000000	0.000000	0.000000	0.000000	0.000000
26	tsk_26	(x)	1	:	0.000000	0.000000	0.000000	0.000000	0.000000	1.000000	0.000000	0.000000	0.000000	0.000000	0.000000	0.000000	0.000000	0.000000	0.000000
27	tsk_27	(x)	1	:	0.009989	0.000000	0.000000	0.000000	0.000000	0.489455	0.000000	0.471834	0.023819	0.000000	0.000000	0.001988	0.000000	0.001315	0.001601
28	tsk_28	(x)	1	:	0.000000	0.000000	0.000000	0.000000	0.000000	1.000000	0.000000	0.000000	0.000000	0.000000	0.000000	0.000000	0.000000	0.000000	0.000000
29	tsk_29	(x)	1	:	0.009359	0.000000	0.000000	0.000000	0.000000	0.489604	0.494836	0.000000	0.003385	0.000004	0.000000	0.000777	0.000000	0.001812	0.000224
30	tsk_30	(x)	1	:	0.000000	0.000000	0.000000	0.000000	0.515617	0.000000	0.000000	0.000000	0.000000	0.000000	0.000000	0.036101	0.000000	0.311771	0.136510
31	tsk_31	(x)	1	:	0.000000	0.000000	0.000000	0.000000	1.000000	0.000000	0.000000	0.000000	0.000000	0.000000	0.000000	0.000000	0.000000	0.000000	0.000000
32	tsk_32	(x)	1	:	0.000000	0.000000	0.000000	0.000000	1.000000	0.000000	0.000000	0.000000	0.000000	0.000000	0.000000	0.000000	0.000000	0.000000	0.000000
33	tsk_33	(x)	1	:	0.000000	0.000000	0.000000	0.000000	1.000000	0.000000	0.000000	0.000000	0.000000	0.000000	0.000000	0.000000	0.000000	0.000000	0.000000
34	tsk_34	(x)	1	:	0.000306	0.000000	0.000000	0.000000	0.512683	0.487011	0.000000	0.000000	0.000000	0.000000	0.000000	0.000000	0.000000	0.000000	0.000000
35	tsk_35	(x)	1	:	0.013437	0.000000	0.000000	0.000000	0.497237	0.489326	0.000000	0.000000	0.000000	0.000000	0.000000	0.000000	0.000000	0.000000	0.000000
36	tsk_36	(x)	1	:	0.000000	0.000000	0.000000	0.000000	0.496495	0.000000	0.000000	0.471813	0.025621	0.000000	0.000000	0.002443	0.000000	0.002639	0.000989
37	tsk_37	(x)	1	:	0.000000	0.000000	0.000000	0.000000	1.000000	0.000000	0.000000	0.000000	0.000000	0.000000	0.000000	0.000000	0.000000	0.000000	0.000000
38	tsk_38	(x)	1	:	0.000000	0.000000	0.000000	0.000000	1.000000	0.000000	0.000000	0.000000	0.000000	0.000000	0.000000	0.000000	0.000000	0.000000	0.000000
39	tsk_39	(x)	1	:	0.013540	0.000000	0.000000	0.000000	0.497227	0.489233	0.000000	0.000000	0.000000	0.000000	0.000000	0.000000	0.000000	0.000000	0.000000
40	tsk_40	(x)	1	:	0.009492	0.000000	0.000000	0.000000	0.000000	0.489496	0.494104	0.000000	0.004780	0.000000	0.000000	0.000831	0.000000	0.000712	0.000585
41	tsk_41	(x)	1	:	0.000000	0.000000	0.000000	0.000000	0.000000	0.000000	1.000000	0.000000	0.000000	0.000000	0.000000	0.000000	0.000000	0.000000	0.000000
42	tsk_42	(x)	1	:	0.000000	0.000000	0.000000	0.000000	0.000000	0.000000	1.000000	0.000000	0.000000	0.000000	0.000000	0.000000	0.000000	0.000000	0.000000
43	tsk_43	(x)	1	:	0.000000	0.000000	0.000000	0.000000	0.000000	0.000000	1.000000	0.000000	0.000000	0.000000	0.000000	0.000000	0.000000	0.000000	0.000000
44	tsk_44	(x)	1	:	0.000000	0.000000	0.000000	0.000000	0.000000	0.000000	1.000000	0.000000	0.000000	0.000000	0.000000	0.000000	0.000000	0.000000	0.000000
45	tsk_45	(x)	1	:	0.009544	0.000000	0.000000	0.000000	0.000000	0.489523	0.494751	0.000000	0.004091	0.000000	0.000000	0.000999	0.000000	0.000265	0.000828
46	tsk_46	(x)	1	:	0.000000	0.000000	0.000000	0.000000	0.000000	0.000000	1.000000	0.000000	0.000000	0.000000	0.000000	0.000000	0.000000	0.000000	0.000000
47	tsk_47	(x)	1	:	0.000000	0.000000	0.000000	0.000000	0.000000	0.000000	1.000000	0.000000	0.000000	0.000000	0.000000	0.000000	0.000000	0.000000	0.000000
48	tsk_48	(x)	1	:	0.009299	0.000000	0.000000	0.000000	0.000000	0.489656	0.494452	0.000000	0.004168	0.000000	0.000000	0.000790	0.000000	0.001560	0.000075
49	tsk_49	(x)	1	:	0.000000	0.000000	0.000000	0.000000	0.000000	0.000000	1.000000	0.000000	0.000000	0.000000	0.000000	0.000000	0.000000	0.000000	0.000000
50	tsk_50	(x)	1	:	0.498920	0.000000	0.000000	0.000000	0.000000	0.000000	0.494230	0.000000	0.003969	0.000006	0.000000	0.001521	0.000000	0.000750	0.000603
51	tsk_51	(x)	1	:	0.999996	0.000000	0.000000	0.000000	0.000000	0.000000	0.000000	0.000000	0.000000	0.000004	0.000000	0.000000	0.000000	0.000000	0.000000
52	tsk_52	(x)	1	:	0.009407	0.000000	0.000000	0.000000	0.000000	0.489599	0.495069	0.000000	0.003186	0.000000	0.000000	0.000502	0.000000	0.001532	0.000705
53	tsk_53	(x)	1	:	0.000000	0.000000	0.000000	0.000000	0.000000	0.000000	1.000000	0.000000	0.000000	0.000000	0.000000	0.000000	0.000000	0.000000	0.000000
54	tsk_54	(x)	1	:	0.000000	0.000000	0.000000	0.000000	0.000000	0.000000	1.000000	0.000000	0.000000	0.000000	0.000000	0.000000	0.000000	0.000000	0.000000
55	tsk_55	(x)	1	:	0.999930	0.000000	0.000000	0.000000	0.000000	0.000000	0.000000	0.000000	0.000000	0.000070	0.000000	0.000000	0.000000	0.000000	0.000000
56	tsk_56	(x)	1	:	0.498934	0.000000	0.000000	0.000000	0.000000	0.000000	0.494232	0.000000	0.004124	0.000014	0.000000	0.001111	0.000000	0.001031	0.000553
57	tsk_57	(x)	1	:	0.000000	0.541005	0.000000	0.000000	0.000000	0.000000	0.458219	0.000000	0.000058	0.000000	0.000000	0.000400	0.000000	0.000277	0.000041
58	tsk_58	(x)	1	:	0.498864	0.000000	0.000000	0.000000	0.000000	0.000000	0.494096	0.000000	0.003915	0.000016	0.000000	0.001245	0.000000	0.001500	0.000364
59	tsk_59	(x)	1	:	0.498984	0.000000	0.000000	0.000000	0.000000	0.000000	0.493914	0.000000	0.005053	0.000007	0.000000	0.001303	0.000000	0.000200	0.000538
60	tsk_60	(x)	1	:	0.510540	0.000000	0.000000	0.000000	0.000000	0.489441	0.000000	0.000000	0.000000	0.000019	0.000000	0.000000	0.000000	0.000000	0.000000
61	tsk_61	(x)	1	:	0.000000	0.000000	0.000000	0.000000	0.000000	0.000000	1.000000	0.000000	0.000000	0.000000	0.000000	0.000000	0.000000	0.000000	0.000000
62	tsk_62	(x)	1	:	0.000000	0.000000	0.000000	0.000000	0.000000	0.000000	0.494260	0.000000	0.011481	0.000000	0.000000	0.350999	0.000000	0.064742	0.078519
63	tsk_63	(x)	1	:	0.000000	0.000000	0.000000	0.000000	0.513704	0.000000	0.485955	0.000000	0.000342	0.000000	0.000000	0.000000	0.000000	0.000000	0.000000
64	tsk_64	(x)	1	:	0.498860	0.000000	0.000000	0.000000	0.000000	0.000000	0.493877	0.000000	0.004320	0.000016	0.000000	0.001132	0.000000	0.001364	0.000430
65	tsk_65	(x)	1	:	0.999974	0.000000	0.000000	0.000000	0.000000	0.000000	0.000000	0.000000	0.000000	0.000026	0.000000	0.000000	0.000000	0.000000	0.000000
66	tsk_66	(x)	1	:	0.000000	0.342852	0.000000	0.000000	0.000000	0.000000	0.497289	0.000000	0.004560	0.000000	0.000000	0.049887	0.000000	0.095814	0.009599
67	tsk_67	(x)	1	:	0.000000	0.000000	0.000000	0.000000	0.000000	0.000000	1.000000	0.000000	0.000000	0.000000	0.000000	0.000000	0.000000	0.000000	0.000000
68	tsk_68	(x)	1	:	0.000000	0.000000	0.000000	0.000000	0.000000	0.000000	0.493862	0.000000	0.005880	0.000000	0.499367	0.000555	0.000000	0.000100	0.000235
69	tsk_69	(x)	1	:	0.000000	0.343478	0.000000	0.000000	0.000000	0.000000	0.000000	0.000000	0.000000	0.000000	0.000000	0.307480	0.000000	0.292479	0.056563
70	tsk_70	(x)	1	:	0.499022	0.000000	0.000000	0.000000	0.000000	0.000000	0.000000	0.000000	0.493152	0.000010	0.000000	0.002869	0.000000	0.003972	0.000974
71	tsk_71	(x)	1	:	0.000000	0.000000	0.000000	0.000000	0.000000	0.000000	0.500006	0.000000	0.499994	0.000000	0.000000	0.000000	0.000000	0.000000	0.000000
72	tsk_72	(x)	1	:	0.510548	0.000000	0.000000	0.000000	0.000000	0.489438	0.000000	0.000000	0.000000	0.000013	0.000000	0.000000	0.000000	0.000000	0.000000
73	tsk_73	(x)	1	:	0.000000	0.000000	0.000000	0.000000	0.000000	0.000000	0.000000	0.000000	0.500000	0.000000	0.000000	0.325178	0.000000	0.131940	0.042882
74	tsk_74	(x)	1	:	0.510524	0.000000	0.000000	0.000000	0.000000	0.489445	0.000000	0.000000	0.000000	0.000030	0.000000	0.000000	0.000000	0.000000	0.000000
75	tsk_75	(x)	1	:	0.009861	0.000000	0.000000	0.000000	0.000000	0.489152	0.000000	0.000000	0.492439	0.000000	0.000000	0.003818	0.000000	0.002009	0.002722
76	tsk_76	(x)	1	:	0.000000	0.000000	0.000000	0.000000	0.000000	0.000000	0.496938	0.000000	0.006124	0.000000	0.000000	0.173672	0.000000	0.295301	0.027965
77	tsk_77	(x)	1	:	0.498989	0.000000	0.000000	0.000000	0.000000	0.000000	0.000000	0.000000	0.492977	0.000018	0.000000	0.004637	0.000000	0.001673	0.001706
78	tsk_78	(x)	1	:	0.498972	0.000000	0.000000	0.000000	0.000000	0.000000	0.000000	0.000000	0.492791	0.000010	0.000000	0.004718	0.000000	0.001991	0.001517
79	tsk_79	(x)	1	:	0.000000	0.000000	0.000000	0.000000	0.000000	0.000000	0.495395	0.000000	0.004570	0.000000	0.499528	0.000507	0.000000	0.000000	0.000000
80	tsk_80	(x)	1	:	0.000000	0.343504	0.000000	0.000000	0.000000	0.000000	0.499989	0.000000	0.000000	0.000000	0.000000	0.073317	0.000000	0.064884	0.018306
81	tsk_81	(x)	1	:	0.000000	0.000000	0.000000	0.000000	0.000000	0.000000	0.000000	0.000000	0.494982	0.000000	0.499503	0.002403	0.000000	0.001600	0.001512
82	tsk_82	(x)	1	:	0.000000	0.000000	0.000000	0.000000	0.000000	0.000000	0.000000	0.000000	0.494413	0.000000	0.499447	0.003512	0.000000	0.001508	0.001120
83	tsk_83	(x)	1	:	0.000000	0.927685	0.000000	0.000000	0.000000	0.000000	0.000000	0.000000	0.000000	0.000000	0.000000	0.039355	0.000000	0.025111	0.007849
84	tsk_84	(x)	1	:	0.000000	0.000000	0.000000	0.000000	0.000000	0.000000	0.000000	0.471590	0.025645	0.000000	0.499749	0.001251	0.000000	0.001074	0.000692
85	tsk_85	(x)	1	:	0.000000	0.000000	0.000000	0.000000	0.000000	0.000000	0.000000	0.471396	0.027345	0.000000	0.499880	0.000812	0.000000	0.000295	0.000273
86	tsk_86	(x)	1	:	0.009662	0.000000	0.000000	0.000000	0.000000	0.489386	0.000000	0.000000	0.493164	0.000000	0.000000	0.002332	0.000000	0.003459	0.001996
87	tsk_87	(x)	1	:	0.000000	0.343478	0.000000	0.000000	0.000000	0.000000	0.000000	0.000000	0.000000	0.000000	0.000000	0.240368	0.000000	0.236893	0.179262
88	tsk_88	(x)	1	:	0.000000	0.000000	0.000000	0.000000	0.000000	0.000000	0.000000	0.000000	0.000000	0.000000	1.000000	0.000000	0.000000	0.000000	0.000000
89	tsk_89	(x)	1	:	0.000000	0.000000	0.000000	0.000000	0.000000	0.000000	0.000000	0.000000	0.000000	0.000000	1.000000	0.000000	0.000000	0.000000	0.000000
90	tsk_90	(x)	1	:	0.011181	0.000000	0.000000	0.000000	0.000000	0.488953	0.000000	0.000000	0.000000	0.000000	0.000000	0.245882	0.000000	0.103815	0.150168
91	tsk_91	(x)	1	:	0.000000	0.000000	0.000000	0.000000	0.000000	0.000000	0.495007	0.000000	0.009986	0.000000	0.000000	0.290300	0.000000	0.181474	0.023233
92	tsk_92	(x)	1	:	0.000000	0.000000	0.000000	0.000000	0.000000	0.000000	0.494202	0.000000	0.011596	0.000000	0.000000	0.240956	0.000000	0.208657	0.044589
93	tsk_93	(x)	1	:	0.000000	0.000000	0.000000	0.000000	0.000000	0.000000	1.000000	0.000000	0.000000	0.000000	0.000000	0.000000	0.000000	0.000000	0.000000
94	tsk_94	(x)	1	:	0.000000	0.000000	0.000000	0.000000	0.000000	0.000000	0.371778	0.256417	0.000028	0.000000	0.000000	0.096062	0.000000	0.215127	0.060588
95	tsk_95	(x)	1	:	0.000000	0.000000	0.000000	0.000000	0.000000	0.000000	0.496146	0.000000	0.007709	0.000000	0.000000	0.248317	0.000000	0.219330	0.028498
96	tsk_96	(x)	1	:	0.000000	0.000000	0.000000	0.000000	0.000000	0.000000	0.495523	0.000000	0.008956	0.000000	0.000000	0.218843	0.000000	0.230813	0.045866
97	tsk_97	(x)	1	:	0.000000	0.596343	0.000000	0.000000	0.000000	0.000000	0.000000	0.000000	0.000000	0.000000	0.000000	0.253565	0.000000	0.121810	0.028281
98	tsk_98	(x)	1	:	0.000000	0.000000	0.000000	0.499974	0.000000	0.000000	0.000000	0.000000	0.000000	0.000000	0.000028	0.210004	0.000000	0.134734	0.155261
99	tsk_99	(x)	1	:	0.000000	0.541017	0.000000	0.000000	0.000000	0.000000	0.458234	0.000000	0.000047	0.000000	0.000000	0.000142	0.000000	0.000345	0.000215
100	tsk_100	(x)	1	:	0.000000	0.000000	0.000000	0.000000	0.000000	1.000000	0.000000	0.000000	0.000000	0.000000	0.000000	0.000000	0.000000	0.000000	0.000000
101	tsk_101	(x)	1	:	0.000000	0.000000	0.000000	0.000000	0.000000	0.000000	0.494934	0.000000	0.004564	0.000000	0.499445	0.000255	0.000000	0.000701	0.000101
102	tsk_102	(x)	1	:	0.000000	0.000000	0.000000	0.000000	0.000000	0.000000	0.000000	0.000000	0.000000	0.426696	0.573304	0.000000	0.000000	0.000000	0.000000
103	tsk_103	(x)	1	:	0.000000	0.000000	0.000000	0.000000	0.000000	0.000000	1.000000	0.000000	0.000000	0.000000	0.000000	0.000000	0.000000	0.000000	0.000000
104	tsk_104	(x)	1	:	0.000000	0.000000	0.000000	0.000000	0.000000	0.000000	1.000000	0.000000	0.000000	0.000000	0.000000	0.000000	0.000000	0.000000	0.000000
105	tsk_105	(x)	1	:	0.000000	0.000000	0.000000	0.000000	0.000000	0.520567	0.479135	0.000000	0.000267	0.000000	0.000000	0.000015	0.000000	0.000008	0.000007
106	tsk_106	(x)	1	:	0.009281	0.000000	0.000000	0.000000	0.000000	0.489675	0.494913	0.000000	0.003296	0.000000	0.000000	0.001165	0.000000	0.001059	0.000611
107	tsk_107	(x)	1	:	0.012089	0.000000	0.000000	0.000000	0.000000	0.488416	0.000000	0.000000	0.000000	0.000000	0.499495	0.000000	0.000000	0.000000	0.000000
108	tsk_108	(x)	1	:	0.009438	0.000000	0.000000	0.000000	0.000000	0.489549	0.494547	0.000000	0.003998	0.000000	0.000000	0.001312	0.000000	0.000605	0.000551
109	tsk_109	(x)	1	:	0.000000	0.000000	0.000000	0.000000	0.000000	0.000000	0.495997	0.000000	0.004383	0.000000	0.499620	0.000000	0.000000	0.000000	0.000000
110	tsk_110	(x)	1	:	0.011861	0.000000	0.000000	0.000000	0.000000	0.488568	0.000000	0.000000	0.000000	0.000000	0.499571	0.000000	0.000000	0.000000	0.000000
111	tsk_111	(x)	1	:	0.500000	0.000000	0.000000	0.000000	0.000000	0.000000	0.000000	0.000000	0.000000	0.000000	0.500000	0.000000	0.000000	0.000000	0.000000
112	tsk_112	(x)	1	:	0.009520	0.000000	0.000000	0.000000	0.000000	0.489435	0.000000	0.000000	0.492592	0.000000	0.000000	0.003598	0.000000	0.002308	0.002547
113	tsk_113	(x)	1	:	0.013398	0.000000	0.000000	0.000000	0.497241	0.489361	0.000000	0.000000	0.000000	0.000000	0.000000	0.000000	0.000000	0.000000	0.000000
114	tsk_114	(x)	1	:	0.000000	0.000000	0.000000	0.000000	0.000000	1.000000	0.000000	0.000000	0.000000	0.000000	0.000000	0.000000	0.000000	0.000000	0.000000
115	tsk_115	(x)	1	:	0.000000	0.000000	0.000000	0.000000	0.000000	1.000000	0.000000	0.000000	0.000000	0.000000	0.000000	0.000000	0.000000	0.000000	0.000000
116	tsk_116	(x)	1	:	0.000000	0.000000	0.000000	0.000000	0.000000	0.000000	0.494162	0.000000	0.005481	0.000000	0.499384	0.000229	0.000000	0.000618	0.000127
117	tsk_117	(x)	1	:	0.000000	0.000000	0.000000	0.000000	0.000000	0.000000	0.000000	0.000000	1.000000	0.000000	0.000000	0.000000	0.000000	0.000000	0.000000
118	tsk_118	(x)	1	:	0.009565	0.000000	0.000000	0.000000	0.000000	0.489531	0.495486	0.000000	0.002862	0.000000	0.000000	0.000527	0.000000	0.001063	0.000967
119	tsk_119	(x)	1	:	0.000000	0.000000	0.000000	0.000000	0.000000	1.000000	0.000000	0.000000	0.000000	0.000000	0.000000	0.000000	0.000000	0.000000	0.000000
120	tsk_120	(x)	1	:	0.000000	0.000000	0.000000	0.000000	0.000000	0.000000	0.000000	0.000000	0.000000	0.000000	0.000000	0.528952	0.000000	0.332904	0.138144
121	tsk_121	(x)	1	:	0.000000	0.000000	0.000000	0.000000	0.000000	0.000000	0.000000	0.000000	0.000000	0.000000	0.000000	0.557546	0.000000	0.353223	0.089231
122	tsk_122	(x)	1	:	0.000000	0.000000	0.000000	0.000000	0.000000	0.000000	0.000000	0.000000	0.000000	0.000000	0.000000	0.454479	0.000000	0.432379	0.113142
123	tsk_123	(x)	1	:	0.000000	0.000000	0.000000	0.000000	0.000000	0.000000	0.496248	0.000000	0.007506	0.000000	0.000000	0.388241	0.000000	0.078774	0.029230
124	tsk_124	(x)	1	:	0.011343	0.000000	0.000000	0.000000	0.000000	0.488827	0.000000	0.000000	0.000000	0.000000	0.000000	0.243000	0.000000	0.145292	0.111537
125	tsk_125	(x)	1	:	0.000000	0.343119	0.000000	0.000000	0.460947	0.000000	0.000000	0.000000	0.000000	0.000000	0.000000	0.052985	0.000000	0.088363	0.054587
126	tsk_126	(x)	1	:	0.000000	0.000000	0.000000	0.000000	0.000000	0.000000	0.000000	0.000000	0.000000	0.000000	0.000000	0.572635	0.000000	0.359748	0.067617
127	tsk_127	(x)	1	:	0.000000	0.343478	0.000000	0.000000	0.000000	0.000000	0.000000	0.000000	0.000000	0.000000	0.000000	0.324925	0.000000	0.227264	0.104333
128	tsk_128	(x)	1	:	0.000000	0.343478	0.000000	0.000000	0.000000	0.000000	0.000000	0.000000	0.000000	0.000000	0.000000	0.239656	0.000000	0.264680	0.152187
129	tsk_129	(x)	1	:	0.000000	0.343478	0.000000	0.000000	0.000000	0.000000	0.000000	0.000000	0.000000	0.000000	0.000000	0.315368	0.000000	0.247098	0.094057
130	tsk_130	(x)	1	:	0.000000	0.000000	0.000000	0.000000	0.000000	0.000000	1.000000	0.000000	0.000000	0.000000	0.000000	0.000000	0.000000	0.000000	0.000000
131	tsk_131	(x)	1	:	0.499321	0.000000	0.000000	0.000000	0.000000	0.000000	0.000000	0.471480	0.023817	0.000028	0.000000	0.001635	0.000000	0.002244	0.001475
132	tsk_132	(x)	1	:	0.013535	0.000000	0.000000	0.000000	0.497227	0.489238	0.000000	0.000000	0.000000	0.000000	0.000000	0.000000	0.000000	0.000000	0.000000
133	tsk_133	(x)	1	:	0.013465	0.000000	0.000000	0.000000	0.497234	0.489301	0.000000	0.000000	0.000000	0.000000	0.000000	0.000000	0.000000	0.000000	0.000000
134	tsk_134	(x)	1	:	0.000000	0.000000	0.000000	0.000000	0.000000	0.000000	1.000000	0.000000	0.000000	0.000000	0.000000	0.000000	0.000000	0.000000	0.000000
135	tsk_135	(x)	1	:	0.498800	0.000000	0.000000	0.000000	0.000000	0.000000	0.493726	0.000000	0.004295	0.000029	0.000000	0.001421	0.000000	0.001211	0.000519
136	tsk_136	(x)	1	:	0.000000	0.000000	0.000000	0.000000	0.000000	0.000000	1.000000	0.000000	0.000000	0.000000	0.000000	0.000000	0.000000	0.000000	0.000000
137	tsk_137	(x)	1	:	0.000000	0.000000	0.000000	0.000000	0.496441	0.000000	0.496832	0.000000	0.003467	0.000000	0.000000	0.001106	0.000000	0.001955	0.000200
138	tsk_138	(x)	1	:	0.000000	0.000000	0.000000	0.000000	0.000000	1.000000	0.000000	0.000000	0.000000	0.000000	0.000000	0.000000	0.000000	0.000000	0.000000
139	tsk_139	(x)	1	:	0.000000	0.000000	0.000000	0.000000	0.496474	0.000000	0.000000	0.471927	0.025105	0.000000	0.000000	0.001217	0.000000	0.004485	0.000792
140	tsk_140	(x)	1	:	0.482760	0.516896	0.000000	0.000000	0.000000	0.000000	0.000000	0.000000	0.000000	0.000006	0.000000	0.000161	0.000000	0.000057	0.000120
141	tsk_141	(x)	1	:	0.007708	0.000000	0.000000	0.000000	0.000000	0.000000	0.000000	0.000000	0.493474	0.491057	0.000000	0.000268	0.000000	0.000226	0.007267
142	tsk_142	(x)	1	:	0.500000	0.000000	0.000000	0.000000	0.000000	0.000000	0.000000	0.000000	0.000000	0.000000	0.500000	0.000000	0.000000	0.000000	0.000000
143	tsk_143	(x)	1	:	0.000000	0.000000	0.000000	0.000000	0.000000	0.000000	0.494576	0.000000	0.005156	0.000000	0.499432	0.000506	0.000000	0.000204	0.000125
144	tsk_144	(x)	1	:	0.000000	0.000000	0.000000	0.000000	0.000000	0.000000	0.494599	0.000000	0.004567	0.000000	0.499382	0.000665	0.000000	0.000489	0.000298
145	tsk_145	(x)	1	:	0.000000	0.000000	0.000000	0.000000	0.000000	0.000000	0.493001	0.000000	0.002915	0.503349	0.000000	0.000081	0.000000	0.000475	0.000177
146	tsk_146	(x)	1	:	0.000000	0.000000	0.000000	0.000000	0.000000	0.000000	0.000000	0.000000	0.000000	1.000000	0.000000	0.000000	0.000000	0.000000	0.000000
147	tsk_147	(x)	1	:	0.007265	0.000000	0.000000	0.000000	0.000000	0.000000	0.495744	0.000000	0.002752	0.491554	0.000000	0.000126	0.000000	0.000035	0.002524
148	tsk_148	(x)	1	:	0.499998	0.000000	0.000000	0.000000	0.000000	0.000000	0.000000	0.000000	0.000000	0.000002	0.500000	0.000000	0.000000	0.000000	0.000000
149	tsk_149	(x)	1	:	0.000000	0.000000	0.000000	0.000000	0.000000	0.000000	0.000000	0.000000	0.000000	1.000000	0.000000	0.000000	0.000000	0.000000	0.000000
