logL = -818.528143 (converged)
AIC = 5965.056286
BIC = 12480.071063

count.K
17 32 5 40 0 2 14 10 15 6 6 1 2 

