logL = -1992.129148 (converged)
AIC = 5724.258296
BIC = 8343.511002

count.K
17 24 55 43 11 

