0	tsk_0	(x)	1	:	0.000000	0.000000	0.000000	0.492717	0.000000	0.000000	0.075536	0.000000	0.000000	0.000000	0.000000	0.000000	0.431748
1	tsk_1	(x)	1	:	0.000000	0.000000	0.000000	0.000000	0.000000	0.496593	0.131817	0.000000	0.000000	0.000000	0.000000	0.000000	0.371590
2	tsk_2	(x)	1	:	0.000000	0.000000	0.438548	0.054834	0.000000	0.000000	0.181752	0.000000	0.000000	0.000000	0.000000	0.000000	0.324866
3	tsk_3	(x)	1	:	0.000000	0.000000	0.437679	0.055975	0.000000	0.000000	0.375259	0.000000	0.000000	0.000000	0.000000	0.000000	0.131088
4	tsk_4	(x)	1	:	0.000000	0.000000	0.000000	0.000000	0.000000	0.000000	0.000000	0.000000	0.000000	0.000000	0.000000	0.000000	1.000000
5	tsk_5	(x)	1	:	0.000000	0.000000	0.000000	0.000000	0.000000	0.000000	0.000000	0.000000	0.000000	0.000000	0.000000	0.000000	1.000000
6	tsk_6	(x)	1	:	0.000000	0.000000	0.499257	0.000000	0.000000	0.000000	0.148548	0.000000	0.000000	0.000000	0.000000	0.000000	0.352194
7	tsk_7	(x)	1	:	0.000000	0.000000	0.506517	0.000003	0.000000	0.493476	0.000004	0.000000	0.000000	0.000000	0.000000	0.000000	0.000000
8	tsk_8	(x)	1	:	0.000000	0.000000	0.000000	0.000000	0.000000	0.000000	0.000000	0.000000	0.000000	0.000000	0.000000	0.000000	1.000000
9	tsk_9	(x)	1	:	0.000000	0.000000	0.525350	0.000000	0.000000	0.000000	0.214629	0.000000	0.000000	0.000000	0.000000	0.000000	0.260021
10	tsk_10	(x)	1	:	0.499736	0.000000	0.000000	0.000003	0.499910	0.000023	0.000266	0.000000	0.000000	0.000000	0.000000	0.000000	0.000061
11	tsk_11	(x)	1	:	0.000000	0.000000	0.000000	0.000000	0.000000	0.000000	0.479058	0.000000	0.000000	0.000000	0.000000	0.000000	0.520942
12	tsk_12	(x)	1	:	0.000000	0.000000	0.000000	0.000001	0.000000	0.495439	0.002517	0.000000	0.000000	0.000000	0.499399	0.000000	0.002645
13	tsk_13	(x)	1	:	0.000000	0.000000	0.000000	0.000000	0.000000	0.000000	0.059339	0.000000	0.000000	0.000000	0.000000	0.000000	0.940661
14	tsk_14	(x)	1	:	0.000000	0.000000	0.000000	0.495766	0.000000	0.504234	0.000000	0.000000	0.000000	0.000000	0.000000	0.000000	0.000000
15	tsk_15	(x)	1	:	0.000000	0.000000	0.000000	0.000000	0.500386	0.000000	0.000000	0.000000	0.000000	0.000000	0.499614	0.000000	0.000000
16	tsk_16	(x)	1	:	0.000000	0.000000	0.000000	0.000000	1.000000	0.000000	0.000000	0.000000	0.000000	0.000000	0.000000	0.000000	0.000000
17	tsk_17	(x)	1	:	0.000000	0.000000	0.000000	0.000000	0.500000	0.000000	0.162297	0.000000	0.000000	0.000000	0.000000	0.000000	0.337702
18	tsk_18	(x)	1	:	0.499384	0.000000	0.000000	0.000006	0.000000	0.000013	0.000552	0.000000	0.000000	0.000000	0.499540	0.000000	0.000505
19	tsk_19	(x)	1	:	0.000000	0.000000	0.000000	0.000007	0.499993	0.496586	0.002144	0.000000	0.000000	0.000000	0.000000	0.000000	0.001270
20	tsk_20	(x)	1	:	0.500000	0.000000	0.000000	0.000000	0.000000	0.000000	0.266818	0.000000	0.000000	0.000000	0.000000	0.000000	0.233182
21	tsk_21	(x)	1	:	0.500000	0.000000	0.000000	0.000000	0.000000	0.000000	0.356216	0.000000	0.000000	0.000000	0.000000	0.000000	0.143784
22	tsk_22	(x)	1	:	0.000000	0.000000	0.000000	0.000000	0.000000	0.000000	0.053286	0.000000	0.000000	0.000000	0.491474	0.000000	0.455240
23	tsk_23	(x)	1	:	0.000000	0.000000	0.000000	0.037519	0.000000	0.000000	0.090746	0.000000	0.000000	0.000000	0.456974	0.000000	0.414761
24	tsk_24	(x)	1	:	0.000000	0.000000	0.000000	0.000000	0.000000	0.000000	0.084999	0.000000	0.000000	0.000000	0.000000	0.000000	0.915001
25	tsk_25	(x)	1	:	0.000000	0.000000	0.000000	0.492717	0.000000	0.000000	0.054775	0.000000	0.000000	0.000000	0.000000	0.000000	0.452508
26	tsk_26	(x)	1	:	0.000000	0.000000	0.000000	0.492717	0.000000	0.000000	0.137884	0.000000	0.000000	0.000000	0.000000	0.000000	0.369399
27	tsk_27	(x)	1	:	0.000000	0.000000	0.000000	0.000000	0.000000	0.000000	0.041495	0.000000	0.000000	0.000000	0.491474	0.000000	0.467031
28	tsk_28	(x)	1	:	0.000000	0.186586	0.000000	0.000000	0.499993	0.000000	0.142787	0.000000	0.000000	0.000000	0.000000	0.000000	0.170634
29	tsk_29	(x)	1	:	0.000000	0.000000	0.000000	0.000000	0.000000	0.000000	0.061408	0.000000	0.000000	0.000000	0.000000	0.000000	0.938592
30	tsk_30	(x)	1	:	0.000000	0.000000	0.506516	0.000004	0.000000	0.493475	0.000003	0.000000	0.000000	0.000000	0.000000	0.000000	0.000000
31	tsk_31	(x)	1	:	0.000000	0.000000	0.000000	0.000000	0.000000	1.000000	0.000000	0.000000	0.000000	0.000000	0.000000	0.000000	0.000000
32	tsk_32	(x)	1	:	0.000000	0.000000	0.000000	0.000000	0.000000	0.000000	0.000227	0.000000	0.998637	0.000000	0.000000	0.000000	0.001136
33	tsk_33	(x)	1	:	0.000000	0.000000	0.000000	0.000000	0.000000	0.000000	0.537020	0.000000	0.000000	0.000000	0.000000	0.000000	0.462980
34	tsk_34	(x)	1	:	0.000000	0.000000	0.000000	0.000000	0.000000	0.000000	0.463934	0.000000	0.000000	0.000000	0.000000	0.000000	0.536066
35	tsk_35	(x)	1	:	0.000000	0.000000	0.000000	0.000000	0.000000	0.496593	0.111754	0.000000	0.000000	0.000000	0.000000	0.000000	0.391653
36	tsk_36	(x)	1	:	0.000000	0.000000	0.525126	0.000000	0.000000	0.000000	0.173181	0.000000	0.000000	0.000000	0.000000	0.000000	0.301692
37	tsk_37	(x)	1	:	0.000000	0.000000	0.000000	0.000000	0.500000	0.000000	0.201761	0.000000	0.000000	0.000000	0.000000	0.000000	0.298239
38	tsk_38	(x)	1	:	0.000000	0.000000	0.000000	0.000000	1.000000	0.000000	0.000000	0.000000	0.000000	0.000000	0.000000	0.000000	0.000000
39	tsk_39	(x)	1	:	0.000000	0.000000	0.000000	0.000000	0.000000	1.000000	0.000000	0.000000	0.000000	0.000000	0.000000	0.000000	0.000000
40	tsk_40	(x)	1	:	0.000000	0.000000	0.000000	0.000000	0.000000	0.000000	0.216958	0.000000	0.000000	0.000000	0.000000	0.000000	0.783042
41	tsk_41	(x)	1	:	0.000000	0.000000	0.507436	0.000000	0.000000	0.000000	0.195769	0.000000	0.000000	0.000000	0.000000	0.000000	0.296794
42	tsk_42	(x)	1	:	0.000000	0.000000	0.000000	0.000000	0.000000	0.000000	0.213199	0.000000	0.000000	0.000000	0.000000	0.000000	0.786800
43	tsk_43	(x)	1	:	0.000000	0.000000	0.507436	0.000000	0.000000	0.000000	0.152210	0.000000	0.000000	0.000000	0.000000	0.000000	0.340354
44	tsk_44	(x)	1	:	0.500000	0.000000	0.000000	0.000000	0.000000	0.000000	0.279060	0.000000	0.000000	0.000000	0.000000	0.000000	0.220940
45	tsk_45	(x)	1	:	0.000000	0.000000	0.000000	0.000000	0.000000	0.000000	0.530824	0.000000	0.000000	0.000000	0.000000	0.000000	0.469176
46	tsk_46	(x)	1	:	0.000000	0.000000	0.507436	0.000000	0.000000	0.000000	0.219814	0.000000	0.000000	0.000000	0.000000	0.000000	0.272749
47	tsk_47	(x)	1	:	0.000000	0.000000	0.000000	0.000000	0.000000	0.000000	0.000000	0.000000	0.000000	0.000000	0.000000	0.000000	1.000000
48	tsk_48	(x)	1	:	0.000000	0.000000	0.000000	0.000000	0.000000	0.000000	0.162586	0.000000	0.000000	0.000000	0.000000	0.000000	0.837414
49	tsk_49	(x)	1	:	0.000000	0.462269	0.000000	0.000000	0.000000	0.000000	0.053768	0.000000	0.000000	0.000000	0.000000	0.000000	0.483962
50	tsk_50	(x)	1	:	0.000000	0.000000	0.000000	0.492717	0.000000	0.000000	0.063129	0.000000	0.000000	0.000000	0.000000	0.000000	0.444154
51	tsk_51	(x)	1	:	0.000000	0.000000	0.000000	0.492717	0.000000	0.000000	0.112748	0.000000	0.000000	0.000000	0.000000	0.000000	0.394536
52	tsk_52	(x)	1	:	0.000000	0.000000	0.000000	0.000000	0.000000	0.000000	0.104344	0.000000	0.000000	0.000000	0.000000	0.000000	0.895656
53	tsk_53	(x)	1	:	0.000000	0.000000	0.000000	0.000000	0.000000	0.000000	0.132141	0.000000	0.000000	0.000000	0.000000	0.000000	0.867859
54	tsk_54	(x)	1	:	0.000000	0.000000	0.000000	0.000000	0.000000	0.000000	0.309899	0.000000	0.000000	0.000000	0.000000	0.000000	0.690101
55	tsk_55	(x)	1	:	0.000000	0.000000	0.000000	0.000000	0.329016	0.000000	0.111036	0.000000	0.000000	0.246661	0.000000	0.000000	0.313287
56	tsk_56	(x)	1	:	0.000000	0.000000	0.000000	0.495766	0.000000	0.504234	0.000000	0.000000	0.000000	0.000000	0.000000	0.000000	0.000000
57	tsk_57	(x)	1	:	0.000000	0.000000	0.000000	0.492717	0.000000	0.000000	0.098473	0.000000	0.000000	0.000000	0.000000	0.000000	0.408811
58	tsk_58	(x)	1	:	0.000000	0.000000	0.507436	0.000000	0.000000	0.000000	0.184733	0.000000	0.000000	0.000000	0.000000	0.000000	0.307831
59	tsk_59	(x)	1	:	0.000000	0.000000	0.000000	0.000000	0.000000	0.000000	0.144927	0.000000	0.000000	0.000000	0.000000	0.000000	0.855073
60	tsk_60	(x)	1	:	0.000000	0.000000	0.000000	0.000000	0.000000	0.496593	0.164534	0.000000	0.000000	0.000000	0.000000	0.000000	0.338873
61	tsk_61	(x)	1	:	0.000000	0.000000	0.511246	0.000000	0.000000	0.000000	0.000000	0.000000	0.000000	0.488754	0.000000	0.000000	0.000000
62	tsk_62	(x)	1	:	0.000000	0.462002	0.000000	0.000000	0.000000	0.496439	0.013314	0.000000	0.000000	0.000000	0.000000	0.000000	0.028245
63	tsk_63	(x)	1	:	0.000000	0.461913	0.000000	0.000000	0.000000	0.496395	0.015360	0.000000	0.000000	0.000000	0.000000	0.000000	0.026332
64	tsk_64	(x)	1	:	0.000000	0.000000	0.000000	0.000005	0.499995	0.496588	0.002867	0.000000	0.000000	0.000000	0.000000	0.000000	0.000546
65	tsk_65	(x)	1	:	0.000000	0.000000	0.000000	0.000000	0.000000	1.000000	0.000000	0.000000	0.000000	0.000000	0.000000	0.000000	0.000000
66	tsk_66	(x)	1	:	0.000000	0.000000	0.000000	0.000000	0.500000	0.000000	0.211972	0.000000	0.000000	0.000000	0.000000	0.000000	0.288027
67	tsk_67	(x)	1	:	0.000000	0.000000	0.000000	0.000000	0.000000	1.000000	0.000000	0.000000	0.000000	0.000000	0.000000	0.000000	0.000000
68	tsk_68	(x)	1	:	0.000000	0.000000	0.414025	0.000000	0.000000	0.000000	0.000000	0.000000	0.000000	0.585975	0.000000	0.000000	0.000000
69	tsk_69	(x)	1	:	0.000000	0.000000	0.000000	0.000000	0.500000	0.000000	0.425260	0.000000	0.000000	0.000000	0.000000	0.000000	0.074740
70	tsk_70	(x)	1	:	0.000000	0.000000	0.507436	0.000000	0.000000	0.000000	0.136373	0.000000	0.000000	0.000000	0.000000	0.000000	0.356190
71	tsk_71	(x)	1	:	0.000000	0.000000	0.528125	0.000000	0.471875	0.000000	0.000000	0.000000	0.000000	0.000000	0.000000	0.000000	0.000000
72	tsk_72	(x)	1	:	0.000000	0.000000	0.000000	0.000000	0.000000	0.000000	0.139756	0.000000	0.000000	0.000000	0.000000	0.000000	0.860244
73	tsk_73	(x)	1	:	0.000000	0.000000	0.507436	0.000000	0.000000	0.000000	0.204349	0.000000	0.000000	0.000000	0.000000	0.000000	0.288214
74	tsk_74	(x)	1	:	0.000000	0.000000	0.507436	0.000000	0.000000	0.000000	0.398781	0.000000	0.000000	0.000000	0.000000	0.000000	0.093783
75	tsk_75	(x)	1	:	0.000000	0.000000	0.000000	0.000000	0.000000	0.000000	0.049296	0.000000	0.000000	0.000000	0.000000	0.000000	0.950704
76	tsk_76	(x)	1	:	0.000000	0.000000	0.507436	0.000000	0.000000	0.000000	0.278269	0.000000	0.000000	0.000000	0.000000	0.000000	0.214295
77	tsk_77	(x)	1	:	0.000000	0.000000	0.650436	0.000000	0.000000	0.000000	0.000000	0.000000	0.000000	0.349564	0.000000	0.000000	0.000000
78	tsk_78	(x)	1	:	0.000000	0.000000	0.507436	0.000000	0.000000	0.000000	0.135556	0.000000	0.000000	0.000000	0.000000	0.000000	0.357007
79	tsk_79	(x)	1	:	0.000000	0.000000	0.650436	0.000000	0.000000	0.000000	0.000000	0.000000	0.000000	0.349564	0.000000	0.000000	0.000000
80	tsk_80	(x)	1	:	0.000000	0.000000	0.000000	0.000000	0.000000	0.000000	0.178877	0.000000	0.000000	0.506138	0.000000	0.000000	0.314985
81	tsk_81	(x)	1	:	0.000000	0.000000	0.000000	0.000000	0.000000	0.547099	0.000000	0.452901	0.000000	0.000000	0.000000	0.000000	0.000000
82	tsk_82	(x)	1	:	0.000000	0.000000	0.000000	0.492694	0.000000	0.496603	0.006098	0.000000	0.000000	0.000011	0.000015	0.000000	0.004579
83	tsk_83	(x)	1	:	0.000000	0.000000	0.000000	0.495766	0.000000	0.504234	0.000000	0.000000	0.000000	0.000000	0.000000	0.000000	0.000000
84	tsk_84	(x)	1	:	0.000000	0.000000	0.000000	0.000000	0.000000	0.000000	0.000000	0.000000	0.000000	0.995827	0.004173	0.000000	0.000000
85	tsk_85	(x)	1	:	0.000000	0.000000	0.000000	0.492717	0.000000	0.000000	0.067504	0.000000	0.000000	0.000000	0.000000	0.000000	0.439780
86	tsk_86	(x)	1	:	0.000000	0.000000	0.000000	0.000219	0.000000	0.494588	0.000006	0.000000	0.000001	0.505172	0.000000	0.000000	0.000015
87	tsk_87	(x)	1	:	0.000000	0.000000	0.000000	0.000000	0.000000	0.000000	0.000000	0.000000	0.000000	0.995679	0.004321	0.000000	0.000000
88	tsk_88	(x)	1	:	0.000000	0.000000	0.000000	0.495766	0.000000	0.504234	0.000000	0.000000	0.000000	0.000000	0.000000	0.000000	0.000000
89	tsk_89	(x)	1	:	0.000000	0.000000	0.000000	0.000000	0.000000	0.000000	0.000000	0.000000	0.000000	1.000000	0.000000	0.000000	0.000000
90	tsk_90	(x)	1	:	0.000000	0.521253	0.000000	0.478747	0.000000	0.000000	0.000000	0.000000	0.000000	0.000000	0.000000	0.000000	0.000000
91	tsk_91	(x)	1	:	0.000000	0.461787	0.000000	0.000000	0.000000	0.496333	0.026784	0.000000	0.000000	0.000000	0.000000	0.000000	0.015096
92	tsk_92	(x)	1	:	0.000000	0.000000	0.511246	0.000000	0.000000	0.000000	0.000000	0.000000	0.000000	0.488754	0.000000	0.000000	0.000000
93	tsk_93	(x)	1	:	0.000000	0.462044	0.507398	0.000000	0.000000	0.000000	0.008797	0.000000	0.000000	0.000000	0.000000	0.000000	0.021761
94	tsk_94	(x)	1	:	0.000000	0.000000	0.000000	0.478877	0.000000	0.000000	0.000011	0.000000	0.000022	0.000000	0.000010	0.521080	0.000000
95	tsk_95	(x)	1	:	0.000000	0.000000	0.000000	0.000000	0.000000	0.000000	0.068489	0.000000	0.000000	0.518947	0.000000	0.000000	0.412565
96	tsk_96	(x)	1	:	0.000000	0.000000	0.000000	0.000000	0.000000	0.000000	0.000000	0.000000	0.000000	1.000000	0.000000	0.000000	0.000000
97	tsk_97	(x)	1	:	0.000000	0.000000	0.000000	0.000000	0.000000	0.598686	0.252255	0.000000	0.000000	0.000000	0.000000	0.000000	0.149058
98	tsk_98	(x)	1	:	0.000000	0.000000	0.442952	0.000000	0.000000	0.000000	0.000000	0.000000	0.000000	0.557048	0.000000	0.000000	0.000000
99	tsk_99	(x)	1	:	0.000000	0.461780	0.437759	0.055767	0.000000	0.000000	0.019070	0.000000	0.000000	0.000000	0.000000	0.000000	0.025624
100	tsk_100	(x)	1	:	0.000000	0.000000	0.000000	0.000000	0.000000	0.000000	0.000000	1.000000	0.000000	0.000000	0.000000	0.000000	0.000000
101	tsk_101	(x)	1	:	0.500000	0.000000	0.000000	0.000000	0.000000	0.000000	0.342088	0.000000	0.000000	0.000000	0.000000	0.000000	0.157912
102	tsk_102	(x)	1	:	0.504189	0.000000	0.437541	0.058254	0.000000	0.000017	0.000000	0.000000	0.000000	0.000000	0.000000	0.000000	0.000000
103	tsk_103	(x)	1	:	0.513616	0.000000	0.000000	0.000000	0.000000	0.486384	0.000000	0.000000	0.000000	0.000000	0.000000	0.000000	0.000000
104	tsk_104	(x)	1	:	0.000000	0.000000	0.437485	0.060975	0.000000	0.000000	0.000000	0.501540	0.000000	0.000000	0.000000	0.000000	0.000000
105	tsk_105	(x)	1	:	0.000000	0.000000	0.000000	0.000000	0.000000	0.000000	0.000000	0.000000	0.000000	0.000000	1.000000	0.000000	0.000000
106	tsk_106	(x)	1	:	0.499598	0.000000	0.437541	0.055953	0.000000	0.000000	0.006908	0.000000	0.000000	0.000000	0.000000	0.000000	0.000000
107	tsk_107	(x)	1	:	0.000000	0.000000	0.000000	0.000000	0.000000	0.495828	0.016297	0.451637	0.000000	0.000000	0.000000	0.000000	0.036238
108	tsk_108	(x)	1	:	0.000000	0.000000	0.437533	0.055744	0.000000	0.000000	0.016156	0.450308	0.000000	0.000000	0.000000	0.000000	0.040258
109	tsk_109	(x)	1	:	0.000000	0.000000	1.000000	0.000000	0.000000	0.000000	0.000000	0.000000	0.000000	0.000000	0.000000	0.000000	0.000000
110	tsk_110	(x)	1	:	0.000000	0.000000	0.000000	0.000000	0.000000	0.000000	0.000000	0.000000	0.000000	1.000000	0.000000	0.000000	0.000000
111	tsk_111	(x)	1	:	0.000000	0.000000	0.000000	0.000000	0.000000	0.000000	0.073238	0.000000	0.000000	0.506138	0.000000	0.000000	0.420624
112	tsk_112	(x)	1	:	0.000000	0.000000	0.000000	0.000000	0.000000	0.000000	0.174598	0.000000	0.000000	0.506138	0.000000	0.000000	0.319263
113	tsk_113	(x)	1	:	0.495798	0.000000	0.000000	0.000237	0.000000	0.000025	0.000000	0.000000	0.000000	0.503940	0.000000	0.000000	0.000000
114	tsk_114	(x)	1	:	0.495797	0.000000	0.000000	0.000348	0.000000	0.000023	0.000000	0.000000	0.000000	0.503832	0.000000	0.000000	0.000000
115	tsk_115	(x)	1	:	0.000000	0.000000	0.000000	0.000412	0.000000	0.494584	0.000012	0.000000	0.000000	0.504983	0.000000	0.000000	0.000008
116	tsk_116	(x)	1	:	0.000000	0.000000	0.506520	0.000000	0.000000	0.493476	0.000004	0.000000	0.000000	0.000000	0.000000	0.000000	0.000001
117	tsk_117	(x)	1	:	0.000000	0.000000	0.000000	0.000000	0.000000	0.496593	0.334552	0.000000	0.000000	0.000000	0.000000	0.000000	0.168854
118	tsk_118	(x)	1	:	0.000000	0.000000	0.000000	0.000000	0.000000	0.000000	0.000000	0.000000	0.000000	1.000000	0.000000	0.000000	0.000000
119	tsk_119	(x)	1	:	0.000000	0.000000	0.000000	0.000000	0.000000	0.000000	0.090964	0.000000	0.000000	0.506138	0.000000	0.000000	0.402897
120	tsk_120	(x)	1	:	0.000000	0.000000	0.000000	0.000000	0.000000	0.000000	0.128535	0.000000	0.000000	0.000000	0.000000	0.000000	0.871465
121	tsk_121	(x)	1	:	0.000000	0.000000	0.000000	0.000000	0.000000	0.493740	0.010291	0.000000	0.000000	0.000000	0.000000	0.471557	0.024411
122	tsk_122	(x)	1	:	0.000000	0.000000	0.000000	0.520318	0.000000	0.000000	0.000000	0.000000	0.000000	0.000000	0.000000	0.000000	0.479682
123	tsk_123	(x)	1	:	0.000000	0.000000	0.000000	0.000000	0.000000	0.000000	0.085315	0.000000	0.000000	0.000000	0.000000	0.000000	0.914685
124	tsk_124	(x)	1	:	0.000000	0.000000	0.000000	0.520318	0.000000	0.000000	0.000000	0.000000	0.000000	0.000000	0.000000	0.000000	0.479682
125	tsk_125	(x)	1	:	0.000000	0.000000	0.000000	0.521253	0.000000	0.000000	0.000000	0.000000	0.000000	0.000000	0.000000	0.478584	0.000163
126	tsk_126	(x)	1	:	0.000000	0.000000	0.000000	0.520318	0.000000	0.000000	0.034926	0.000000	0.000000	0.000000	0.000000	0.000000	0.444756
127	tsk_127	(x)	1	:	0.000000	0.000000	0.000000	0.520318	0.000000	0.000000	0.010463	0.000000	0.000000	0.000000	0.000000	0.000000	0.469219
128	tsk_128	(x)	1	:	0.000000	0.000000	0.000000	0.000000	0.000000	0.494457	0.018728	0.000000	0.000000	0.000000	0.000000	0.472510	0.014305
129	tsk_129	(x)	1	:	0.000000	0.000000	0.000000	0.000000	0.000000	0.000000	0.085423	0.000000	0.000000	0.000000	0.000000	0.000000	0.914577
130	tsk_130	(x)	1	:	0.494542	0.000000	0.505437	0.000000	0.000000	0.000021	0.000000	0.000000	0.000000	0.000000	0.000000	0.000000	0.000000
131	tsk_131	(x)	1	:	0.500000	0.000000	0.000000	0.000000	0.000000	0.000000	0.455574	0.000000	0.000000	0.000000	0.000000	0.000000	0.044426
132	tsk_132	(x)	1	:	0.000000	0.000000	0.528125	0.000000	0.471875	0.000000	0.000000	0.000000	0.000000	0.000000	0.000000	0.000000	0.000000
133	tsk_133	(x)	1	:	0.494544	0.000000	0.505437	0.000000	0.000000	0.000019	0.000000	0.000000	0.000000	0.000000	0.000000	0.000000	0.000000
134	tsk_134	(x)	1	:	0.499716	0.000000	0.000000	0.000005	0.499902	0.000024	0.000299	0.000000	0.000000	0.000000	0.000000	0.000000	0.000055
135	tsk_135	(x)	1	:	0.000000	0.000000	0.000000	0.000000	1.000000	0.000000	0.000000	0.000000	0.000000	0.000000	0.000000	0.000000	0.000000
136	tsk_136	(x)	1	:	0.500000	0.000000	0.000000	0.000000	0.000000	0.000000	0.440044	0.000000	0.000000	0.000000	0.000000	0.000000	0.059956
137	tsk_137	(x)	1	:	0.494542	0.000000	0.505437	0.000000	0.000000	0.000021	0.000000	0.000000	0.000000	0.000000	0.000000	0.000000	0.000000
138	tsk_138	(x)	1	:	0.499714	0.000000	0.000000	0.000003	0.499902	0.000021	0.000285	0.000000	0.000000	0.000000	0.000000	0.000000	0.000075
139	tsk_139	(x)	1	:	1.000000	0.000000	0.000000	0.000000	0.000000	0.000000	0.000000	0.000000	0.000000	0.000000	0.000000	0.000000	0.000000
140	tsk_140	(x)	1	:	0.000000	0.000000	0.000000	0.000000	0.000000	0.000000	0.172512	0.000000	0.000000	0.506138	0.000000	0.000000	0.321349
141	tsk_141	(x)	1	:	0.000000	0.000000	0.000000	0.000000	0.000000	0.000000	0.060480	0.000000	0.000000	0.000000	0.000000	0.000000	0.939520
142	tsk_142	(x)	1	:	0.000000	0.000000	0.000000	0.000000	0.000000	0.496593	0.245666	0.000000	0.000000	0.000000	0.000000	0.000000	0.257741
143	tsk_143	(x)	1	:	0.000000	0.000000	0.507436	0.000000	0.000000	0.000000	0.184340	0.000000	0.000000	0.000000	0.000000	0.000000	0.308223
144	tsk_144	(x)	1	:	0.000000	0.000000	0.506516	0.000004	0.000000	0.493474	0.000004	0.000000	0.000000	0.000000	0.000000	0.000000	0.000001
145	tsk_145	(x)	1	:	0.000000	0.000000	0.528125	0.000000	0.471875	0.000000	0.000000	0.000000	0.000000	0.000000	0.000000	0.000000	0.000000
146	tsk_146	(x)	1	:	0.000000	0.000000	0.507436	0.000000	0.000000	0.000000	0.272901	0.000000	0.000000	0.000000	0.000000	0.000000	0.219662
147	tsk_147	(x)	1	:	0.000000	0.000000	0.528125	0.000000	0.471875	0.000000	0.000000	0.000000	0.000000	0.000000	0.000000	0.000000	0.000000
148	tsk_148	(x)	1	:	0.000000	0.000000	0.000000	0.000000	1.000000	0.000000	0.000000	0.000000	0.000000	0.000000	0.000000	0.000000	0.000000
149	tsk_149	(x)	1	:	0.000000	0.000000	0.000000	0.000000	0.000000	0.496593	0.237676	0.000000	0.000000	0.000000	0.000000	0.000000	0.265731
