logL = -1839.145806 (converged)
AIC = 8274.291613
BIC = 15192.731519

count.K
0 26 65 7 3 4 4 4 2 0 15 20 

