logL = -1214.774839 (converged)
AIC = 4761.549677
BIC = 8271.950430

count.K
21 6 20 24 36 12 31 

