logL = -774.953993 (converged)
AIC = 4889.907985
BIC = 9917.668927

count.K
75 2 2 1 15 4 2 21 0 28 

