logL = -1728.926793 (converged)
AIC = 6325.853586
BIC = 10643.104598

count.K
15 13 19 19 11 30 3 40 

