logL = -1178.139101 (converged)
AIC = 6970.278203
BIC = 13915.813826

count.K
3 3 6 42 1 3 23 18 1 34 5 4 7 

