logL = -5128.291802 (converged)
AIC = 15476.583603
BIC = 23334.341721

count.K
18 2 22 4 12 5 12 23 14 0 23 15 

