logL = -887.785811 (converged)
AIC = 3953.571623
BIC = 7232.153458

count.K
32 22 7 14 10 30 35 

