0	tsk_0	(x)	1	:	0.000000	0.406584	0.000000	0.133037	0.000000	0.000000	0.000000	0.000000	0.000000	0.000000	0.167339	0.050669	0.000000	0.000000	0.242371
1	tsk_1	(x)	1	:	0.000000	0.075346	0.500000	0.097847	0.000000	0.000000	0.000000	0.000000	0.000000	0.000000	0.016415	0.089176	0.000000	0.000000	0.221216
2	tsk_2	(x)	1	:	0.000000	0.207483	0.000000	0.183797	0.000000	0.000000	0.000000	0.000000	0.000000	0.000000	0.153976	0.187341	0.000000	0.000000	0.267403
3	tsk_3	(x)	1	:	0.000000	0.083872	0.500000	0.094624	0.000000	0.000000	0.000000	0.000000	0.000000	0.000000	0.102067	0.100718	0.000000	0.000000	0.118719
4	tsk_4	(x)	1	:	0.000000	0.209485	0.000000	0.185360	0.000000	0.000000	0.000000	0.000000	0.000000	0.000000	0.103492	0.141828	0.000000	0.000000	0.359834
5	tsk_5	(x)	1	:	0.000000	0.038785	0.000000	0.288982	0.000000	0.000000	0.000000	0.000000	0.000000	0.000000	0.241675	0.220987	0.000000	0.000000	0.209572
6	tsk_6	(x)	1	:	0.000000	0.000000	1.000000	0.000000	0.000000	0.000000	0.000000	0.000000	0.000000	0.000000	0.000000	0.000000	0.000000	0.000000	0.000000
7	tsk_7	(x)	1	:	0.000000	0.046320	0.500000	0.166502	0.000000	0.000000	0.000000	0.000000	0.000000	0.000000	0.061396	0.038805	0.000000	0.000000	0.186977
8	tsk_8	(x)	1	:	0.000000	0.146093	0.000000	0.143194	0.000000	0.000000	0.000000	0.000000	0.000000	0.000000	0.180488	0.164813	0.000000	0.000000	0.365412
9	tsk_9	(x)	1	:	0.000000	0.170795	0.000000	0.166928	0.000000	0.000000	0.000000	0.000000	0.000000	0.000000	0.280553	0.321337	0.000000	0.000000	0.060386
10	tsk_10	(x)	1	:	0.000000	0.121556	0.000000	0.449782	0.000000	0.000000	0.000000	0.000000	0.000000	0.000000	0.226383	0.137272	0.000000	0.000000	0.065008
11	tsk_11	(x)	1	:	0.000000	0.405361	0.004194	0.001535	0.000000	0.000000	0.000000	0.000000	0.501713	0.000408	0.000000	0.086790	0.000000	0.000000	0.000000
12	tsk_12	(x)	1	:	0.000000	0.049878	0.500000	0.150264	0.000000	0.000000	0.000000	0.000000	0.000000	0.000000	0.066507	0.043000	0.000000	0.000000	0.190352
13	tsk_13	(x)	1	:	0.000000	0.100814	0.000000	0.372502	0.000000	0.000000	0.000000	0.000000	0.000000	0.000000	0.187688	0.285008	0.000000	0.000000	0.053989
14	tsk_14	(x)	1	:	0.000000	0.129448	0.000000	0.286564	0.000000	0.000000	0.000000	0.000000	0.000000	0.000000	0.159691	0.146180	0.000000	0.000000	0.278117
15	tsk_15	(x)	1	:	0.000000	0.103033	0.000000	0.380897	0.000000	0.000000	0.000000	0.000000	0.000000	0.000000	0.000000	0.350194	0.000000	0.000000	0.165877
16	tsk_16	(x)	1	:	0.000000	0.312464	0.000000	0.263646	0.000000	0.000000	0.000000	0.000000	0.000000	0.000000	0.275795	0.100664	0.000000	0.000000	0.047431
17	tsk_17	(x)	1	:	0.000000	0.108529	0.500000	0.143790	0.000000	0.000000	0.000000	0.000000	0.000000	0.000000	0.123147	0.022501	0.000000	0.000000	0.102034
18	tsk_18	(x)	1	:	0.000000	0.058680	0.500000	0.016195	0.000000	0.000000	0.000000	0.000000	0.000000	0.000000	0.111029	0.080951	0.000000	0.000000	0.233145
19	tsk_19	(x)	1	:	0.000000	0.113861	0.003529	0.000000	0.000000	0.000000	0.000000	0.000000	0.502329	0.000104	0.040480	0.118855	0.000000	0.000000	0.220841
20	tsk_20	(x)	1	:	0.000000	0.206622	0.000000	0.152286	0.000000	0.000000	0.000000	0.000000	0.000000	0.000000	0.191642	0.116288	0.000000	0.000000	0.333162
21	tsk_21	(x)	1	:	0.000000	0.142185	0.000000	0.208492	0.000000	0.000000	0.000000	0.000000	0.000000	0.000000	0.233247	0.213641	0.000000	0.000000	0.202434
22	tsk_22	(x)	1	:	0.273149	0.089853	0.000000	0.131527	0.000000	0.000000	0.000000	0.000000	0.000000	0.000000	0.219041	0.066303	0.000000	0.000000	0.220127
23	tsk_23	(x)	1	:	0.000000	0.127940	0.000000	0.377835	0.000000	0.000000	0.000000	0.000000	0.000000	0.000000	0.078713	0.071815	0.000000	0.000000	0.343696
24	tsk_24	(x)	1	:	0.000000	0.120790	0.000000	0.000000	0.000000	0.000000	0.000000	0.000000	0.000000	0.000000	0.074265	0.545817	0.000000	0.000000	0.259128
25	tsk_25	(x)	1	:	0.000000	0.229231	0.000000	0.290392	0.000000	0.000000	0.000000	0.000000	0.000000	0.000000	0.121529	0.147910	0.000000	0.000000	0.210938
26	tsk_26	(x)	1	:	0.000000	0.128808	0.000000	0.190555	0.000000	0.000000	0.000000	0.000000	0.000000	0.000000	0.159898	0.243087	0.000000	0.000000	0.277653
27	tsk_27	(x)	1	:	0.000000	0.162915	0.000000	0.087077	0.000000	0.494994	0.000000	0.000000	0.000000	0.000000	0.075483	0.100691	0.000000	0.000000	0.078840
28	tsk_28	(x)	1	:	0.000000	0.170424	0.000000	0.252082	0.000000	0.000000	0.000000	0.000000	0.000000	0.000000	0.158275	0.144275	0.000000	0.000000	0.274944
29	tsk_29	(x)	1	:	0.000000	0.109089	0.000000	0.085050	0.000000	0.494994	0.000000	0.000000	0.000000	0.000000	0.074754	0.178015	0.000000	0.000000	0.058098
30	tsk_30	(x)	1	:	0.000000	0.147276	0.000000	0.217273	0.000000	0.000000	0.000000	0.000000	0.000000	0.000000	0.364196	0.166102	0.000000	0.000000	0.105153
31	tsk_31	(x)	1	:	0.000000	0.110847	0.000000	0.162301	0.000000	0.000000	0.000000	0.456234	0.000000	0.000000	0.080984	0.024431	0.000000	0.000000	0.165202
32	tsk_32	(x)	1	:	0.000000	0.089805	0.000000	0.170642	0.000000	0.000000	0.000000	0.456234	0.000000	0.000000	0.170512	0.077518	0.000000	0.000000	0.035290
33	tsk_33	(x)	1	:	0.000000	0.149534	0.000000	0.220633	0.000000	0.000000	0.000000	0.000000	0.000000	0.000000	0.247013	0.168650	0.000000	0.000000	0.214170
34	tsk_34	(x)	1	:	0.000000	0.111372	0.000000	0.194478	0.000000	0.000000	0.000000	0.456234	0.000000	0.000000	0.080867	0.024410	0.000000	0.000000	0.132639
35	tsk_35	(x)	1	:	0.000000	0.066287	0.000000	0.395044	0.000000	0.000000	0.000000	0.000000	0.000000	0.000000	0.248424	0.074957	0.000000	0.000000	0.215289
36	tsk_36	(x)	1	:	0.000000	0.234381	0.000000	0.068631	0.000000	0.000000	0.000000	0.000000	0.000000	0.000000	0.231311	0.264858	0.000000	0.000000	0.200819
37	tsk_37	(x)	1	:	0.000000	0.119121	0.000000	0.000000	0.000000	0.000000	0.000000	0.000000	0.000000	0.000000	0.284793	0.229039	0.000000	0.264707	0.102340
38	tsk_38	(x)	1	:	0.000000	0.082852	0.000000	0.094070	0.000000	0.000000	0.000000	0.456234	0.000000	0.000000	0.117320	0.071185	0.000000	0.000000	0.178339
39	tsk_39	(x)	1	:	0.000000	0.097126	0.000000	0.116192	0.000000	0.000000	0.000000	0.456234	0.000000	0.000000	0.064480	0.117388	0.000000	0.000000	0.148579
40	tsk_40	(x)	1	:	0.000000	0.080931	0.500000	0.086234	0.000000	0.000000	0.000000	0.000000	0.000000	0.000000	0.093993	0.122555	0.000000	0.000000	0.116287
41	tsk_41	(x)	1	:	0.000000	0.085811	0.000000	0.317589	0.000000	0.000000	0.000000	0.000000	0.000000	0.000000	0.212815	0.291622	0.000000	0.000000	0.092163
42	tsk_42	(x)	1	:	0.000000	0.169641	0.000000	0.166692	0.000000	0.000000	0.000000	0.000000	0.000000	0.000000	0.350813	0.191501	0.000000	0.000000	0.121353
43	tsk_43	(x)	1	:	0.000000	0.285220	0.000000	0.252682	0.000000	0.000000	0.000000	0.000000	0.000000	0.000000	0.211373	0.128511	0.000000	0.000000	0.122214
44	tsk_44	(x)	1	:	0.000000	0.000000	1.000000	0.000000	0.000000	0.000000	0.000000	0.000000	0.000000	0.000000	0.000000	0.000000	0.000000	0.000000	0.000000
45	tsk_45	(x)	1	:	0.000000	0.131690	0.000000	0.137294	0.000000	0.000000	0.000000	0.000000	0.000000	0.000000	0.118871	0.206239	0.000000	0.264707	0.141199
46	tsk_46	(x)	1	:	0.273149	0.213737	0.000000	0.229217	0.000000	0.000000	0.000000	0.000000	0.000000	0.000000	0.114308	0.104222	0.000000	0.000000	0.065367
47	tsk_47	(x)	1	:	0.000000	0.153243	0.500000	0.065221	0.000000	0.000000	0.000000	0.000000	0.000000	0.000000	0.099811	0.050707	0.000000	0.000000	0.131018
48	tsk_48	(x)	1	:	0.000000	0.034889	0.500000	0.107092	0.000000	0.000000	0.000000	0.000000	0.000000	0.000000	0.112974	0.000000	0.000000	0.000000	0.245046
49	tsk_49	(x)	1	:	0.000000	0.124123	0.500000	0.074117	0.000000	0.000000	0.000000	0.000000	0.000000	0.000000	0.000000	0.078398	0.000000	0.000000	0.223362
50	tsk_50	(x)	1	:	0.000000	0.123452	0.000000	0.075736	0.000000	0.000000	0.000000	0.000000	0.503078	0.000000	0.025129	0.053311	0.000000	0.000000	0.219295
51	tsk_51	(x)	1	:	0.000000	0.100632	0.000000	0.148105	0.000000	0.000000	0.000000	0.000000	0.000000	0.000000	0.310828	0.170720	0.000000	0.000000	0.269715
52	tsk_52	(x)	1	:	0.000000	0.000000	0.500000	0.069414	0.000000	0.000000	0.000000	0.000000	0.000000	0.000000	0.118336	0.121183	0.000000	0.000000	0.191067
53	tsk_53	(x)	1	:	0.000000	0.047467	0.000000	0.353249	0.000000	0.000000	0.000000	0.000000	0.000000	0.000000	0.177496	0.216617	0.000000	0.000000	0.205170
54	tsk_54	(x)	1	:	0.000000	0.191894	0.000000	0.283003	0.000000	0.000000	0.000000	0.000000	0.000000	0.000000	0.189695	0.129987	0.000000	0.000000	0.205421
55	tsk_55	(x)	1	:	0.000000	0.079615	0.500000	0.088545	0.000000	0.000000	0.000000	0.000000	0.000000	0.000000	0.069662	0.069803	0.000000	0.000000	0.192375
56	tsk_56	(x)	1	:	0.000000	0.128384	0.000000	0.076851	0.000000	0.494994	0.000000	0.000000	0.000000	0.000000	0.139346	0.090021	0.000000	0.000000	0.070405
57	tsk_57	(x)	1	:	0.000000	0.150622	0.000000	0.147262	0.000000	0.000000	0.000000	0.000000	0.000000	0.000000	0.309532	0.339211	0.000000	0.000000	0.053373
58	tsk_58	(x)	1	:	0.000000	0.158242	0.000000	0.233089	0.000000	0.000000	0.000000	0.000000	0.000000	0.000000	0.260575	0.178579	0.000000	0.000000	0.169514
59	tsk_59	(x)	1	:	0.000000	0.242464	0.000000	0.214166	0.000000	0.000000	0.000000	0.000000	0.000000	0.000000	0.119476	0.163962	0.000000	0.000000	0.259932
60	tsk_60	(x)	1	:	0.000000	0.121423	0.000000	0.058173	0.000000	0.494994	0.000000	0.000000	0.000000	0.000000	0.132204	0.110612	0.000000	0.000000	0.082594
61	tsk_61	(x)	1	:	0.000000	0.000000	0.499957	0.000000	0.000000	0.000000	0.000000	0.000000	0.000000	0.000000	0.000000	0.000000	0.500043	0.000000	0.000000
62	tsk_62	(x)	1	:	0.000000	0.400801	0.000000	0.147403	0.000000	0.000000	0.000000	0.000000	0.000000	0.000000	0.061626	0.282898	0.000000	0.000000	0.107272
63	tsk_63	(x)	1	:	0.000000	0.163407	0.000000	0.321082	0.000000	0.000000	0.000000	0.000000	0.000000	0.000000	0.269410	0.246100	0.000000	0.000000	0.000000
64	tsk_64	(x)	1	:	0.000000	0.061976	0.000000	0.140082	0.000000	0.553346	0.000000	0.000000	0.000000	0.000000	0.063957	0.115405	0.000000	0.000000	0.065234
65	tsk_65	(x)	1	:	0.000000	0.196090	0.500000	0.043111	0.000000	0.000000	0.000000	0.000000	0.000000	0.000000	0.046727	0.080459	0.000000	0.000000	0.133614
66	tsk_66	(x)	1	:	0.000000	0.000000	0.000000	0.000000	0.999995	0.000000	0.000000	0.000000	0.000000	0.000000	0.000002	0.000003	0.000000	0.000000	0.000000
67	tsk_67	(x)	1	:	0.000000	0.214854	0.000000	0.189968	0.000000	0.000000	0.000000	0.000000	0.000000	0.000000	0.265542	0.145443	0.000000	0.000000	0.184193
68	tsk_68	(x)	1	:	0.000000	0.083089	0.000000	0.146341	0.000000	0.553346	0.000000	0.000000	0.000000	0.000000	0.064570	0.120758	0.000000	0.000000	0.031897
69	tsk_69	(x)	1	:	0.000000	0.062651	0.500000	0.132883	0.000000	0.000000	0.000000	0.000000	0.000000	0.000000	0.084811	0.178143	0.000000	0.000000	0.041512
70	tsk_70	(x)	1	:	0.000000	0.000000	0.000000	0.000000	0.000000	0.000000	0.000000	0.000000	0.000000	0.000000	0.000000	0.000000	0.000000	1.000000	0.000000
71	tsk_71	(x)	1	:	0.000000	0.000000	0.000000	0.000000	0.000000	0.000000	0.000000	0.000000	0.000000	0.000000	0.000000	0.000000	0.000000	1.000000	0.000000
72	tsk_72	(x)	1	:	0.000000	0.083185	0.000000	0.089888	0.000000	0.494994	0.000000	0.000000	0.000000	0.000000	0.099971	0.130668	0.000000	0.000000	0.101293
73	tsk_73	(x)	1	:	0.000000	0.093918	0.000000	0.098011	0.000000	0.000000	0.000000	0.000000	0.000000	0.000000	0.131592	0.097033	0.000000	0.520968	0.058478
74	tsk_74	(x)	1	:	0.000000	0.140768	0.000000	0.082517	0.000000	0.494994	0.000000	0.000000	0.000000	0.000000	0.049136	0.132475	0.000000	0.000000	0.100111
75	tsk_75	(x)	1	:	0.000000	0.076560	0.000000	0.094049	0.000000	0.494994	0.000000	0.000000	0.000000	0.000000	0.140332	0.108607	0.000000	0.000000	0.085457
76	tsk_76	(x)	1	:	0.000000	0.351088	0.000000	0.258380	0.000000	0.000000	0.000000	0.000000	0.000000	0.000000	0.107794	0.000000	0.000000	0.000000	0.282738
77	tsk_77	(x)	1	:	0.000000	0.000014	0.000000	0.000011	0.000000	0.489916	0.000000	0.000000	0.000000	0.000000	0.000024	0.000051	0.000000	0.509973	0.000012
78	tsk_78	(x)	1	:	0.000000	0.000034	0.000000	0.000006	0.000000	0.489915	0.000000	0.000000	0.000000	0.000000	0.000022	0.000020	0.000000	0.509971	0.000032
79	tsk_79	(x)	1	:	0.000000	0.000000	0.496725	0.000000	0.000000	0.000000	0.000000	0.000000	0.000000	0.000000	0.000000	0.000000	0.000000	0.503274	0.000000
80	tsk_80	(x)	1	:	0.000000	0.062426	0.500000	0.128834	0.000000	0.000000	0.000000	0.000000	0.000000	0.000000	0.023184	0.053915	0.000000	0.000000	0.231640
81	tsk_81	(x)	1	:	0.000000	0.197029	0.000000	0.290337	0.000000	0.000000	0.000000	0.000000	0.000000	0.000000	0.243503	0.110937	0.000000	0.000000	0.158193
82	tsk_82	(x)	1	:	0.000000	0.000000	0.000000	0.000000	0.000000	0.000000	0.000000	0.000000	0.000000	1.000000	0.000000	0.000000	0.000000	0.000000	0.000000
83	tsk_83	(x)	1	:	0.000000	0.158325	0.000000	0.292778	0.000000	0.000000	0.000000	0.000000	0.000000	0.000000	0.244949	0.133972	0.000000	0.000000	0.169976
84	tsk_84	(x)	1	:	0.000000	0.054647	0.000000	0.162766	0.000000	0.000000	0.500000	0.000000	0.000000	0.000000	0.101588	0.092510	0.000000	0.000000	0.088490
85	tsk_85	(x)	1	:	0.000000	0.000000	0.000000	0.000000	0.000000	0.000000	1.000000	0.000000	0.000000	0.000000	0.000000	0.000000	0.000000	0.000000	0.000000
86	tsk_86	(x)	1	:	0.000000	0.027578	0.000000	0.164797	0.000000	0.000000	0.500000	0.000000	0.000000	0.000000	0.034152	0.093892	0.000000	0.000000	0.179581
87	tsk_87	(x)	1	:	0.000000	0.185632	0.000000	0.103553	0.000000	0.000000	0.500000	0.000000	0.000000	0.000000	0.028641	0.157281	0.000000	0.000000	0.024893
88	tsk_88	(x)	1	:	0.273148	0.059120	0.000000	0.056811	0.000000	0.000000	0.500000	0.000000	0.000000	0.000000	0.058701	0.031971	0.000000	0.000000	0.020249
89	tsk_89	(x)	1	:	0.000000	0.137655	0.000000	0.135323	0.000000	0.000000	0.000000	0.000000	0.000000	0.000000	0.170462	0.310053	0.000000	0.000000	0.246506
90	tsk_90	(x)	1	:	0.000000	0.000000	1.000000	0.000000	0.000000	0.000000	0.000000	0.000000	0.000000	0.000000	0.000000	0.000000	0.000000	0.000000	0.000000
91	tsk_91	(x)	1	:	0.000000	0.036450	0.500000	0.000000	0.000000	0.000000	0.000000	0.000000	0.000000	0.000000	0.247602	0.107644	0.000000	0.000000	0.108304
92	tsk_92	(x)	1	:	0.000000	0.000000	1.000000	0.000000	0.000000	0.000000	0.000000	0.000000	0.000000	0.000000	0.000000	0.000000	0.000000	0.000000	0.000000
93	tsk_93	(x)	1	:	0.000000	0.265375	0.000000	0.313198	0.000000	0.000000	0.000000	0.000000	0.000000	0.000000	0.131032	0.119530	0.000000	0.000000	0.170866
94	tsk_94	(x)	1	:	0.000000	0.031292	0.500000	0.030169	0.000000	0.000000	0.000000	0.000000	0.000000	0.000000	0.075412	0.070044	0.000000	0.264706	0.028376
95	tsk_95	(x)	1	:	0.000000	0.000000	1.000000	0.000000	0.000000	0.000000	0.000000	0.000000	0.000000	0.000000	0.000000	0.000000	0.000000	0.000000	0.000000
96	tsk_96	(x)	1	:	0.000000	0.000000	0.443893	0.000000	0.000000	0.000000	0.000000	0.000000	0.556107	0.000000	0.000000	0.000000	0.000000	0.000000	0.000000
97	tsk_97	(x)	1	:	0.000000	0.000000	1.000000	0.000000	0.000000	0.000000	0.000000	0.000000	0.000000	0.000000	0.000000	0.000000	0.000000	0.000000	0.000000
98	tsk_98	(x)	1	:	0.000000	0.000000	0.000000	0.000000	0.000000	0.000000	0.000000	0.000000	1.000000	0.000000	0.000000	0.000000	0.000000	0.000000	0.000000
99	tsk_99	(x)	1	:	0.000000	0.000000	0.000000	0.000000	0.000000	0.000000	0.000000	0.000000	1.000000	0.000000	0.000000	0.000000	0.000000	0.000000	0.000000
100	tsk_100	(x)	1	:	0.000000	0.150321	0.500000	0.082239	0.000000	0.000000	0.000000	0.000000	0.000000	0.000000	0.125832	0.095399	0.000000	0.000000	0.046209
101	tsk_101	(x)	1	:	0.273149	0.202923	0.000000	0.113865	0.000000	0.000000	0.000000	0.000000	0.000000	0.000000	0.070615	0.074740	0.000000	0.264708	0.000000
102	tsk_102	(x)	1	:	0.000000	0.111337	0.000000	0.163051	0.000000	0.494994	0.000000	0.000000	0.000000	0.000000	0.075106	0.104499	0.000000	0.000000	0.051012
103	tsk_103	(x)	1	:	0.000000	0.120332	0.000000	0.237186	0.000000	0.000000	0.000000	0.000000	0.000000	0.000000	0.248157	0.135762	0.000000	0.000000	0.258563
104	tsk_104	(x)	1	:	0.000000	0.025477	0.500000	0.099784	0.000000	0.000000	0.000000	0.000000	0.000000	0.000000	0.106967	0.051252	0.000000	0.000000	0.216520
105	tsk_105	(x)	1	:	0.000000	0.094015	0.500000	0.165903	0.000000	0.000000	0.000000	0.000000	0.000000	0.000000	0.037279	0.036894	0.000000	0.000000	0.165908
106	tsk_106	(x)	1	:	0.000000	0.080784	0.000000	0.128958	0.000000	0.494994	0.000000	0.000000	0.000000	0.000000	0.000000	0.265733	0.000000	0.000000	0.029530
107	tsk_107	(x)	1	:	0.000000	0.115705	0.000000	0.399231	0.000000	0.000000	0.000000	0.000000	0.000000	0.000000	0.191090	0.086976	0.000000	0.000000	0.206998
108	tsk_108	(x)	1	:	0.000000	0.140628	0.000000	0.275272	0.000000	0.000000	0.000000	0.000000	0.000000	0.000000	0.231011	0.052532	0.000000	0.000000	0.300557
109	tsk_109	(x)	1	:	0.000000	0.000000	0.501431	0.000000	0.000000	0.498569	0.000000	0.000000	0.000000	0.000000	0.000000	0.000000	0.000000	0.000000	0.000000
110	tsk_110	(x)	1	:	0.499995	0.066403	0.000000	0.030220	0.000000	0.000000	0.000000	0.000000	0.000000	0.000000	0.201544	0.091479	0.000000	0.000000	0.110359
111	tsk_111	(x)	1	:	0.000000	0.193329	0.000000	0.343251	0.000000	0.000000	0.000000	0.000000	0.000000	0.000000	0.334937	0.087177	0.000000	0.000000	0.041306
112	tsk_112	(x)	1	:	0.499987	0.000000	0.500013	0.000000	0.000000	0.000000	0.000000	0.000000	0.000000	0.000000	0.000000	0.000000	0.000000	0.000000	0.000000
113	tsk_113	(x)	1	:	0.000000	0.228102	0.000000	0.201543	0.000000	0.000000	0.000000	0.000000	0.000000	0.000000	0.169031	0.205726	0.000000	0.000000	0.195598
114	tsk_114	(x)	1	:	0.000000	0.116371	0.500000	0.115349	0.000000	0.000000	0.000000	0.000000	0.000000	0.000000	0.073853	0.156679	0.000000	0.000000	0.037747
115	tsk_115	(x)	1	:	0.000000	0.074065	0.500000	0.061472	0.000000	0.000000	0.000000	0.000000	0.000000	0.000000	0.066610	0.138547	0.000000	0.000000	0.159306
116	tsk_116	(x)	1	:	0.000000	0.229937	0.000000	0.408835	0.000000	0.000000	0.000000	0.000000	0.000000	0.000000	0.056739	0.156027	0.000000	0.000000	0.148462
117	tsk_117	(x)	1	:	0.499987	0.000000	0.500013	0.000000	0.000000	0.000000	0.000000	0.000000	0.000000	0.000000	0.000000	0.000000	0.000000	0.000000	0.000000
118	tsk_118	(x)	1	:	0.000000	0.000000	0.000000	0.000000	0.000000	0.000000	0.000000	1.000000	0.000000	0.000000	0.000000	0.000000	0.000000	0.000000	0.000000
119	tsk_119	(x)	1	:	0.499987	0.000000	0.500013	0.000000	0.000000	0.000000	0.000000	0.000000	0.000000	0.000000	0.000000	0.000000	0.000000	0.000000	0.000000
120	tsk_120	(x)	1	:	0.000000	0.074158	0.000000	0.120170	0.000000	0.494994	0.000000	0.000000	0.000000	0.000000	0.026545	0.175342	0.000000	0.000000	0.108790
121	tsk_121	(x)	1	:	0.000000	0.216093	0.000000	0.105926	0.000000	0.000000	0.000000	0.000000	0.000000	0.000000	0.357088	0.243790	0.000000	0.000000	0.077104
122	tsk_122	(x)	1	:	0.000000	0.256319	0.000000	0.150995	0.000000	0.000000	0.000000	0.000000	0.000000	0.000000	0.253955	0.173566	0.000000	0.000000	0.165166
123	tsk_123	(x)	1	:	0.258523	0.085391	0.000000	0.022584	0.000000	0.494995	0.000000	0.000000	0.000000	0.000000	0.058715	0.059703	0.000000	0.000000	0.020090
124	tsk_124	(x)	1	:	0.507480	0.053713	0.000000	0.163269	0.000000	0.000000	0.000000	0.000000	0.000000	0.000000	0.165074	0.072056	0.000000	0.000000	0.038408
125	tsk_125	(x)	1	:	0.000000	0.193480	0.000000	0.036432	0.000000	0.494994	0.000000	0.000000	0.000000	0.000000	0.031791	0.044400	0.000000	0.000000	0.198903
126	tsk_126	(x)	1	:	0.507480	0.101772	0.000000	0.115227	0.000000	0.000000	0.000000	0.000000	0.000000	0.000000	0.154728	0.066411	0.000000	0.000000	0.054382
127	tsk_127	(x)	1	:	0.258522	0.051796	0.000000	0.077224	0.000000	0.000000	0.000000	0.000000	0.000000	0.000000	0.422996	0.189461	0.000000	0.000000	0.000000
128	tsk_128	(x)	1	:	0.258523	0.071875	0.000000	0.047155	0.000000	0.494995	0.000000	0.000000	0.000000	0.000000	0.025918	0.050813	0.000000	0.000000	0.050721
129	tsk_129	(x)	1	:	0.000000	0.099284	0.000000	0.220094	0.000000	0.000000	0.000000	0.000000	0.000000	0.000000	0.245395	0.168504	0.000000	0.000000	0.266722
130	tsk_130	(x)	1	:	0.273149	0.105492	0.000000	0.056173	0.000000	0.000000	0.000000	0.000000	0.000000	0.000000	0.141784	0.301473	0.000000	0.000000	0.121928
131	tsk_131	(x)	1	:	0.000000	0.141670	0.000000	0.208876	0.000000	0.000000	0.000000	0.000000	0.000000	0.000000	0.233450	0.213408	0.000000	0.000000	0.202596
132	tsk_132	(x)	1	:	0.000000	0.261735	0.000000	0.289406	0.000000	0.000000	0.000000	0.000000	0.000000	0.000000	0.161320	0.147422	0.000000	0.000000	0.140117
133	tsk_133	(x)	1	:	0.000000	0.287306	0.000000	0.210915	0.000000	0.000000	0.000000	0.000000	0.000000	0.000000	0.265369	0.121191	0.000000	0.000000	0.115219
134	tsk_134	(x)	1	:	0.000000	0.167375	0.000000	0.308664	0.000000	0.000000	0.000000	0.000000	0.000000	0.000000	0.103389	0.331111	0.000000	0.000000	0.089460
135	tsk_135	(x)	1	:	0.000000	0.427177	0.000000	0.157467	0.000000	0.000000	0.000000	0.000000	0.000000	0.000000	0.065479	0.120332	0.000000	0.000000	0.229545
136	tsk_136	(x)	1	:	0.000000	0.208186	0.000000	0.152514	0.000000	0.000000	0.000000	0.000000	0.000000	0.000000	0.191828	0.058177	0.000000	0.000000	0.389294
137	tsk_137	(x)	1	:	0.000000	0.189991	0.000000	0.026189	0.000000	0.494994	0.000000	0.000000	0.000000	0.000000	0.068272	0.150715	0.000000	0.000000	0.069838
138	tsk_138	(x)	1	:	0.000000	0.223775	0.000000	0.000000	0.000000	0.000000	0.000000	0.000000	0.000000	0.000000	0.344761	0.252400	0.000000	0.000000	0.179064
139	tsk_139	(x)	1	:	0.000000	0.237318	0.000000	0.086939	0.000000	0.000000	0.000000	0.000000	0.000000	0.000000	0.220114	0.200699	0.000000	0.000000	0.254931
140	tsk_140	(x)	1	:	0.000000	0.227956	0.000000	0.337071	0.000000	0.000000	0.000000	0.000000	0.000000	0.000000	0.140971	0.171835	0.000000	0.000000	0.122167
141	tsk_141	(x)	1	:	0.000000	0.129776	0.000000	0.135658	0.000000	0.494994	0.000000	0.000000	0.000000	0.000000	0.122049	0.093255	0.000000	0.000000	0.024267
142	tsk_142	(x)	1	:	0.000000	0.028156	0.000000	0.237851	0.000000	0.000000	0.000000	0.000000	0.000000	0.000000	0.203643	0.142304	0.000000	0.264707	0.123339
143	tsk_143	(x)	1	:	0.000000	0.000000	0.000000	0.000000	0.000000	1.000000	0.000000	0.000000	0.000000	0.000000	0.000000	0.000000	0.000000	0.000000	0.000000
144	tsk_144	(x)	1	:	0.000000	0.086869	0.000000	0.160281	0.000000	0.000000	0.000000	0.000000	0.000000	0.000000	0.317403	0.072348	0.000000	0.264707	0.098392
145	tsk_145	(x)	1	:	0.000000	0.155639	0.000000	0.120820	0.000000	0.494994	0.000000	0.000000	0.000000	0.000000	0.066496	0.117583	0.000000	0.000000	0.044468
146	tsk_146	(x)	1	:	0.000000	0.246899	0.000000	0.000000	0.000000	0.494994	0.000000	0.000000	0.000000	0.000000	0.000000	0.117765	0.000000	0.000000	0.140342
147	tsk_147	(x)	1	:	0.000000	0.000000	0.501431	0.000000	0.000000	0.498569	0.000000	0.000000	0.000000	0.000000	0.000000	0.000000	0.000000	0.000000	0.000000
148	tsk_148	(x)	1	:	0.000000	0.128032	0.000000	0.094843	0.000000	0.494994	0.000000	0.000000	0.000000	0.000000	0.041443	0.174857	0.000000	0.000000	0.065830
149	tsk_149	(x)	1	:	0.000000	0.250435	0.000000	0.173099	0.000000	0.000000	0.000000	0.000000	0.000000	0.000000	0.115243	0.117788	0.000000	0.264707	0.078728
