logL = -1487.480431 (converged)
AIC = 6094.960861
BIC = 10791.551920

count.K
21 5 9 37 19 14 25 0 20 

