logL = -1623.095730 (converged)
AIC = 4104.191460
BIC = 5395.754001

count.K
27 56 67 

