logL = -767.792301 (converged)
AIC = 5261.584602
BIC = 10870.398155

count.K
35 35 11 1 19 15 0 23 4 4 3 

