logL = -2249.483025 (converged)
AIC = 7744.966050
BIC = 12631.227132

count.K
6 20 14 1 38 29 13 12 17 

