0	tsk_0	(x)	1	:	0.000000	0.000000	0.000000	0.397006	0.000000	0.000000	0.000000	0.000000	0.000000	0.602994	0.000000	0.000000	0.000000	0.000000
1	tsk_1	(x)	1	:	0.000000	0.000000	0.000000	0.000000	0.000000	0.000000	0.000000	0.000000	0.499799	0.000000	0.000000	0.500201	0.000000	0.000000
2	tsk_2	(x)	1	:	0.000000	0.000000	0.000000	0.453803	0.000000	0.000000	0.000000	0.000000	0.000000	0.546197	0.000000	0.000000	0.000000	0.000000
3	tsk_3	(x)	1	:	0.000000	0.000000	0.000000	0.044123	0.000000	0.000000	0.500000	0.000000	0.000000	0.455877	0.000000	0.000000	0.000000	0.000000
4	tsk_4	(x)	1	:	0.000000	0.000000	0.000000	0.300516	0.000000	0.000000	0.000000	0.000000	0.000000	0.699484	0.000000	0.000000	0.000000	0.000000
5	tsk_5	(x)	1	:	0.000000	0.000000	0.000000	0.136839	0.000000	0.000000	0.000000	0.000000	0.000000	0.863161	0.000000	0.000000	0.000000	0.000000
6	tsk_6	(x)	1	:	0.000000	0.000000	0.000000	0.401761	0.000000	0.000000	0.000000	0.000000	0.000000	0.598239	0.000000	0.000000	0.000000	0.000000
7	tsk_7	(x)	1	:	0.000000	0.000000	0.000000	0.000000	0.000000	0.000000	0.499980	0.000000	0.500003	0.000000	0.000000	0.000000	0.000000	0.000016
8	tsk_8	(x)	1	:	0.000000	0.000000	0.000000	0.268142	0.000000	0.000000	0.000000	0.000000	0.000000	0.227794	0.000000	0.000000	0.000000	0.504063
9	tsk_9	(x)	1	:	0.000000	0.000000	0.000000	0.245584	0.000000	0.000000	0.000000	0.500000	0.000000	0.254416	0.000000	0.000000	0.000000	0.000000
10	tsk_10	(x)	1	:	0.000000	0.000000	0.000000	0.000000	0.000000	0.000000	0.000000	0.000000	0.000000	0.000000	0.459570	0.497536	0.042894	0.000000
11	tsk_11	(x)	1	:	0.000000	0.000000	0.000000	0.000000	0.497144	0.000000	0.000000	0.000000	0.000000	0.000000	0.000000	0.502856	0.000000	0.000000
12	tsk_12	(x)	1	:	0.000000	0.000000	0.000000	0.000000	0.000000	0.000000	1.000000	0.000000	0.000000	0.000000	0.000000	0.000000	0.000000	0.000000
13	tsk_13	(x)	1	:	0.000000	0.000000	0.000000	0.000000	0.000000	0.000000	0.000000	0.000000	0.000000	0.000000	0.000000	1.000000	0.000000	0.000000
14	tsk_14	(x)	1	:	0.000000	0.000000	0.000000	0.000000	0.000000	0.000000	0.499416	0.000000	0.000000	0.006389	0.000000	0.494188	0.000000	0.000007
15	tsk_15	(x)	1	:	0.000000	0.000000	0.000000	0.000341	0.000000	0.000000	0.499207	0.000000	0.000000	0.008207	0.000000	0.492219	0.000000	0.000026
16	tsk_16	(x)	1	:	0.000000	0.000000	0.499402	0.000000	0.000000	0.000000	0.000000	0.000000	0.000000	0.000000	0.000000	0.500597	0.000000	0.000000
17	tsk_17	(x)	1	:	0.000000	0.000000	0.000000	0.000000	0.000000	0.000000	0.000000	0.000000	0.000000	0.000000	0.000000	1.000000	0.000000	0.000000
18	tsk_18	(x)	1	:	0.000000	0.000000	0.000000	0.000000	0.000000	0.000000	0.499421	0.000000	0.000000	0.006406	0.000000	0.494173	0.000000	0.000000
19	tsk_19	(x)	1	:	0.000000	0.000000	0.000000	0.000000	0.000000	0.000000	0.499280	0.000000	0.000000	0.007896	0.000000	0.492815	0.000000	0.000009
20	tsk_20	(x)	1	:	0.000000	0.000000	0.000000	0.250829	0.000000	0.000000	0.499990	0.000000	0.000000	0.249170	0.000000	0.000000	0.000000	0.000010
21	tsk_21	(x)	1	:	0.000000	0.000000	0.000000	0.089876	0.000000	0.000000	0.500000	0.000000	0.000000	0.410124	0.000000	0.000000	0.000000	0.000000
22	tsk_22	(x)	1	:	0.000000	0.000000	0.000000	0.404402	0.000000	0.000000	0.000000	0.000000	0.000000	0.595598	0.000000	0.000000	0.000000	0.000000
23	tsk_23	(x)	1	:	0.000000	0.000000	0.000000	0.000812	0.000000	0.000000	0.387251	0.000000	0.000000	0.002820	0.124235	0.484883	0.000000	0.000000
24	tsk_24	(x)	1	:	0.000000	0.000000	0.000000	0.000000	0.000000	0.000000	0.000000	0.000000	0.000000	0.499931	0.000000	0.500069	0.000000	0.000000
25	tsk_25	(x)	1	:	0.000000	0.000000	0.000000	0.000000	0.000000	0.000000	0.499960	0.000000	0.000000	0.000386	0.000000	0.499654	0.000000	0.000000
26	tsk_26	(x)	1	:	0.000000	0.000000	0.000000	0.173772	0.092528	0.000000	0.453724	0.000000	0.000000	0.279975	0.000000	0.000000	0.000000	0.000000
27	tsk_27	(x)	1	:	0.000000	0.000000	0.000000	0.000000	0.000000	0.000000	0.499997	0.000000	0.000000	0.000000	0.000000	0.500003	0.000000	0.000000
28	tsk_28	(x)	1	:	0.000000	0.000000	0.000000	0.000000	0.000000	0.000000	1.000000	0.000000	0.000000	0.000000	0.000000	0.000000	0.000000	0.000000
29	tsk_29	(x)	1	:	0.000000	0.000000	0.000000	0.093871	0.000000	0.000000	0.000000	0.000000	0.000000	0.405937	0.000000	0.500191	0.000000	0.000000
30	tsk_30	(x)	1	:	0.000000	0.000000	0.000000	0.003712	0.000000	0.000000	0.499288	0.000000	0.000000	0.004086	0.000000	0.492903	0.000000	0.000011
31	tsk_31	(x)	1	:	0.000000	0.000000	0.000000	0.122741	0.000000	0.000000	0.500000	0.000000	0.000000	0.377259	0.000000	0.000000	0.000000	0.000000
32	tsk_32	(x)	1	:	0.000000	0.000000	0.499349	0.390844	0.000000	0.000000	0.000000	0.000000	0.000000	0.109808	0.000000	0.000000	0.000000	0.000000
33	tsk_33	(x)	1	:	0.000000	0.000000	0.499351	0.000000	0.000000	0.000000	0.500638	0.000000	0.000000	0.000000	0.000000	0.000000	0.000000	0.000011
34	tsk_34	(x)	1	:	0.000000	0.000000	0.000000	0.000000	0.000000	0.000000	1.000000	0.000000	0.000000	0.000000	0.000000	0.000000	0.000000	0.000000
35	tsk_35	(x)	1	:	0.000000	0.000000	0.499351	0.000000	0.000000	0.000000	0.500643	0.000000	0.000000	0.000000	0.000000	0.000000	0.000000	0.000006
36	tsk_36	(x)	1	:	0.000000	0.000000	0.499351	0.000000	0.000000	0.000000	0.500645	0.000000	0.000000	0.000000	0.000000	0.000000	0.000000	0.000004
37	tsk_37	(x)	1	:	0.000000	0.000000	0.000000	0.500000	0.000000	0.000000	0.500000	0.000000	0.000000	0.000000	0.000000	0.000000	0.000000	0.000000
38	tsk_38	(x)	1	:	0.000000	0.000000	0.000000	0.096222	0.000000	0.000000	0.500000	0.000000	0.000000	0.403778	0.000000	0.000000	0.000000	0.000000
39	tsk_39	(x)	1	:	0.000000	0.000000	0.000000	0.000000	0.000000	0.000000	0.785562	0.000000	0.000000	0.000000	0.000000	0.000000	0.000000	0.214438
40	tsk_40	(x)	1	:	0.000000	0.000000	0.000000	0.000000	0.000000	0.000000	0.000000	0.499992	0.000000	0.000000	0.000000	0.500008	0.000000	0.000000
41	tsk_41	(x)	1	:	0.000000	0.000000	0.000000	0.306926	0.000000	0.000000	0.000000	0.000000	0.000000	0.189010	0.000000	0.000000	0.000000	0.504064
42	tsk_42	(x)	1	:	0.000000	0.000000	0.000000	0.193407	0.000088	0.000000	0.000000	0.499920	0.000000	0.306585	0.000000	0.000000	0.000000	0.000000
43	tsk_43	(x)	1	:	0.000000	0.000000	0.498374	0.000000	0.001021	0.000000	0.000000	0.500605	0.000000	0.000000	0.000000	0.000000	0.000000	0.000000
44	tsk_44	(x)	1	:	0.000000	0.000000	0.499348	0.344936	0.000000	0.000000	0.000000	0.000000	0.000000	0.155716	0.000000	0.000000	0.000000	0.000000
45	tsk_45	(x)	1	:	0.000000	0.000000	0.495637	0.000000	0.000000	0.000000	0.000000	0.000000	0.000000	0.000000	0.000000	0.000000	0.000000	0.504363
46	tsk_46	(x)	1	:	0.000000	0.000000	0.000000	0.000000	0.000000	0.000000	0.000000	0.499977	0.000000	0.000000	0.000000	0.500022	0.000000	0.000000
47	tsk_47	(x)	1	:	0.000000	0.000000	0.499446	0.000016	0.000000	0.500518	0.000000	0.000000	0.000000	0.000008	0.000000	0.000011	0.000000	0.000000
48	tsk_48	(x)	1	:	0.000000	0.000000	0.000000	0.285319	0.000000	0.000000	0.000000	0.000000	0.000000	0.210618	0.000000	0.000000	0.000000	0.504064
49	tsk_49	(x)	1	:	0.000000	0.000000	0.000000	0.000000	0.497145	0.000000	0.000000	0.000000	0.000000	0.000000	0.000000	0.502855	0.000000	0.000000
50	tsk_50	(x)	1	:	0.000000	0.000000	0.000000	0.638187	0.000000	0.000000	0.000000	0.000000	0.000000	0.361813	0.000000	0.000000	0.000000	0.000000
51	tsk_51	(x)	1	:	0.000000	0.000000	0.000000	0.016387	0.000000	0.000000	0.000000	0.000000	0.000000	0.483623	0.000000	0.499989	0.000000	0.000000
52	tsk_52	(x)	1	:	0.000000	0.000000	0.000000	0.000000	0.000000	0.000000	0.000000	0.000000	0.000000	0.499919	0.000000	0.500081	0.000000	0.000000
53	tsk_53	(x)	1	:	0.000000	0.000000	0.499350	0.463450	0.000000	0.000000	0.000000	0.000000	0.000000	0.037199	0.000000	0.000000	0.000000	0.000000
54	tsk_54	(x)	1	:	0.000000	0.000000	0.499350	0.404666	0.000000	0.000000	0.000000	0.000000	0.000000	0.095984	0.000000	0.000000	0.000000	0.000000
55	tsk_55	(x)	1	:	0.000000	0.000000	0.000000	0.369206	0.000000	0.000000	0.000000	0.000000	0.000000	0.630794	0.000000	0.000000	0.000000	0.000000
56	tsk_56	(x)	1	:	0.000000	0.000000	0.000000	0.126062	0.000000	0.000000	0.000000	0.000000	0.000000	0.373885	0.000000	0.500053	0.000000	0.000000
57	tsk_57	(x)	1	:	0.000000	0.000000	0.499347	0.387585	0.000000	0.000000	0.000000	0.000000	0.000000	0.113068	0.000000	0.000000	0.000000	0.000000
58	tsk_58	(x)	1	:	0.000000	0.000000	0.000000	0.048216	0.000000	0.000000	0.000000	0.000000	0.000000	0.451655	0.000000	0.500128	0.000000	0.000000
59	tsk_59	(x)	1	:	0.000000	0.000000	0.499405	0.000000	0.000000	0.000000	0.000000	0.000000	0.000000	0.000000	0.000000	0.500595	0.000000	0.000000
60	tsk_60	(x)	1	:	0.000000	0.000000	0.000000	0.000000	0.000000	0.000000	1.000000	0.000000	0.000000	0.000000	0.000000	0.000000	0.000000	0.000000
61	tsk_61	(x)	1	:	0.000000	0.000000	0.000000	0.000000	0.000000	0.000000	1.000000	0.000000	0.000000	0.000000	0.000000	0.000000	0.000000	0.000000
62	tsk_62	(x)	1	:	0.000000	0.000000	0.000000	0.000000	0.000000	0.000000	1.000000	0.000000	0.000000	0.000000	0.000000	0.000000	0.000000	0.000000
63	tsk_63	(x)	1	:	0.000000	0.000000	0.496836	0.000000	0.000000	0.000000	0.000000	0.000000	0.000000	0.000000	0.459287	0.000000	0.043877	0.000000
64	tsk_64	(x)	1	:	0.000000	0.000000	0.000000	0.000000	0.000000	1.000000	0.000000	0.000000	0.000000	0.000000	0.000000	0.000000	0.000000	0.000000
65	tsk_65	(x)	1	:	0.000000	0.000000	0.000000	0.000000	0.000000	0.000000	1.000000	0.000000	0.000000	0.000000	0.000000	0.000000	0.000000	0.000000
66	tsk_66	(x)	1	:	0.000000	0.000000	0.000000	0.000000	0.000000	0.499960	0.499986	0.000000	0.000000	0.000012	0.000000	0.000033	0.000000	0.000009
67	tsk_67	(x)	1	:	0.000000	0.000000	0.000000	0.000000	0.000000	0.000000	0.484497	0.000000	0.000000	0.000000	0.458916	0.000000	0.056586	0.000000
68	tsk_68	(x)	1	:	0.000000	0.000000	0.000000	0.000000	0.000000	0.000000	0.484506	0.000000	0.000000	0.000000	0.458923	0.000000	0.056571	0.000000
69	tsk_69	(x)	1	:	0.000000	0.000000	0.000000	0.089293	0.000000	0.000000	0.499999	0.000000	0.000000	0.410707	0.000000	0.000000	0.000000	0.000001
70	tsk_70	(x)	1	:	0.000000	0.000000	0.000000	0.210250	0.000466	0.000000	0.000000	0.499579	0.000000	0.289705	0.000000	0.000000	0.000000	0.000000
71	tsk_71	(x)	1	:	0.000000	0.000000	0.000000	0.341806	0.000000	0.000000	0.000000	0.500000	0.000000	0.158194	0.000000	0.000000	0.000000	0.000000
72	tsk_72	(x)	1	:	0.000000	0.000000	0.000000	0.000000	0.000000	0.000000	0.499756	0.000000	0.000000	0.002660	0.000000	0.497585	0.000000	0.000000
73	tsk_73	(x)	1	:	0.000000	0.000000	0.499351	0.000000	0.000000	0.000000	0.500643	0.000000	0.000000	0.000000	0.000000	0.000000	0.000000	0.000006
74	tsk_74	(x)	1	:	0.000000	0.000000	0.000000	0.000000	0.329821	0.000000	0.669572	0.000000	0.000000	0.000000	0.000000	0.000000	0.000000	0.000607
75	tsk_75	(x)	1	:	0.000000	0.000000	0.000000	0.000000	0.000000	0.000000	1.000000	0.000000	0.000000	0.000000	0.000000	0.000000	0.000000	0.000000
76	tsk_76	(x)	1	:	0.000000	0.000000	0.000000	0.000000	0.001156	0.000000	0.499886	0.498954	0.000000	0.000000	0.000000	0.000000	0.000000	0.000003
77	tsk_77	(x)	1	:	0.000000	0.000000	0.000000	0.000000	0.001121	0.000000	0.499891	0.498985	0.000000	0.000000	0.000000	0.000000	0.000000	0.000002
78	tsk_78	(x)	1	:	0.000000	0.000000	0.000000	0.000474	0.000000	0.000000	0.499219	0.000000	0.000000	0.008206	0.000000	0.492099	0.000000	0.000001
79	tsk_79	(x)	1	:	0.000000	0.000000	0.000000	0.000000	0.000000	0.000000	1.000000	0.000000	0.000000	0.000000	0.000000	0.000000	0.000000	0.000000
80	tsk_80	(x)	1	:	0.000000	0.000000	0.000000	0.000000	0.000000	0.000000	0.499997	0.000000	0.000000	0.000000	0.000000	0.000000	0.499997	0.000005
81	tsk_81	(x)	1	:	0.499985	0.000000	0.000000	0.000003	0.000000	0.499987	0.000000	0.000000	0.000000	0.000006	0.000000	0.000019	0.000000	0.000000
82	tsk_82	(x)	1	:	0.000000	0.000000	0.000000	0.000000	0.000000	0.000000	1.000000	0.000000	0.000000	0.000000	0.000000	0.000000	0.000000	0.000000
83	tsk_83	(x)	1	:	0.000000	0.000000	0.499351	0.000000	0.000000	0.000000	0.500644	0.000000	0.000000	0.000000	0.000000	0.000000	0.000000	0.000005
84	tsk_84	(x)	1	:	0.000000	0.000000	0.000000	0.000000	0.000000	0.501142	0.000000	0.000000	0.000000	0.000000	0.000000	0.498858	0.000000	0.000000
85	tsk_85	(x)	1	:	0.000000	0.000000	0.499351	0.000000	0.000000	0.000000	0.000000	0.000000	0.000000	0.000000	0.000000	0.000000	0.500649	0.000000
86	tsk_86	(x)	1	:	0.000000	0.000000	0.000000	0.000000	0.000937	0.000000	0.499906	0.499152	0.000000	0.000000	0.000000	0.000000	0.000000	0.000005
87	tsk_87	(x)	1	:	0.000000	0.000000	0.000000	0.002420	0.000000	0.000000	0.000000	0.000000	0.000000	0.001085	0.000000	0.496813	0.499682	0.000000
88	tsk_88	(x)	1	:	0.500000	0.000000	0.000000	0.000000	0.000000	0.000000	0.000000	0.000000	0.000000	0.000000	0.000000	0.000000	0.500000	0.000000
89	tsk_89	(x)	1	:	0.000000	0.000000	0.499404	0.000000	0.000000	0.000000	0.000000	0.000000	0.000000	0.000000	0.000000	0.500596	0.000000	0.000000
90	tsk_90	(x)	1	:	0.000000	0.000000	0.000000	0.000000	0.496829	0.000000	0.503163	0.000000	0.000000	0.000000	0.000000	0.000000	0.000000	0.000008
91	tsk_91	(x)	1	:	0.000000	0.000000	0.000000	0.002571	0.000000	0.000000	0.499292	0.000000	0.000000	0.005183	0.000000	0.492943	0.000000	0.000010
92	tsk_92	(x)	1	:	0.000000	0.000000	0.499351	0.000000	0.000000	0.000000	0.500644	0.000000	0.000000	0.000000	0.000000	0.000000	0.000000	0.000005
93	tsk_93	(x)	1	:	0.000000	0.000000	0.000000	0.000000	0.000000	0.000000	0.721705	0.000000	0.000000	0.000000	0.000000	0.000000	0.100477	0.177818
94	tsk_94	(x)	1	:	0.000000	0.000000	0.000000	0.000000	0.496829	0.000000	0.503164	0.000000	0.000000	0.000000	0.000000	0.000000	0.000000	0.000007
95	tsk_95	(x)	1	:	0.500549	0.000000	0.499451	0.000000	0.000000	0.000000	0.000000	0.000000	0.000000	0.000000	0.000000	0.000000	0.000000	0.000000
96	tsk_96	(x)	1	:	0.000000	0.000000	0.000000	0.000000	0.000000	0.000000	0.721769	0.000000	0.000000	0.000000	0.000000	0.000000	0.097632	0.180599
97	tsk_97	(x)	1	:	0.500549	0.000000	0.499451	0.000000	0.000000	0.000000	0.000000	0.000000	0.000000	0.000000	0.000000	0.000000	0.000000	0.000000
98	tsk_98	(x)	1	:	0.000000	0.000000	0.000000	0.002920	0.000000	0.000000	0.125395	0.000000	0.000000	0.028165	0.000000	0.500428	0.125661	0.217432
99	tsk_99	(x)	1	:	0.000000	0.000000	0.000000	0.000000	0.000000	0.000000	1.000000	0.000000	0.000000	0.000000	0.000000	0.000000	0.000000	0.000000
100	tsk_100	(x)	1	:	0.000000	0.000000	0.000000	0.000000	0.000000	0.000000	1.000000	0.000000	0.000000	0.000000	0.000000	0.000000	0.000000	0.000000
101	tsk_101	(x)	1	:	0.000000	0.000000	0.000000	0.000000	0.000000	0.000000	0.484451	0.000000	0.000000	0.000000	0.458876	0.000000	0.056674	0.000000
102	tsk_102	(x)	1	:	0.000000	0.000000	0.000000	0.242615	0.000000	0.000000	0.000000	0.000000	0.000000	0.254643	0.459395	0.000000	0.043347	0.000000
103	tsk_103	(x)	1	:	0.500112	0.499888	0.000000	0.000000	0.000000	0.000000	0.000000	0.000000	0.000000	0.000000	0.000000	0.000000	0.000000	0.000000
104	tsk_104	(x)	1	:	0.000000	0.000000	0.000000	0.000005	0.000000	0.000000	0.000000	0.000000	0.497487	0.000001	0.459319	0.000000	0.043188	0.000000
105	tsk_105	(x)	1	:	0.000000	0.000000	0.000000	0.002667	0.000000	0.000000	0.499348	0.000000	0.000000	0.004570	0.000000	0.493415	0.000000	0.000000
106	tsk_106	(x)	1	:	0.000000	0.000000	0.000000	0.000000	0.000000	0.000000	0.499985	0.000000	0.500003	0.000000	0.000000	0.000000	0.000000	0.000012
107	tsk_107	(x)	1	:	0.492733	0.000000	0.000000	0.000000	0.000000	0.000000	0.000000	0.000000	0.000000	0.000000	0.459216	0.000000	0.048052	0.000000
108	tsk_108	(x)	1	:	0.000000	0.000000	0.000000	0.000000	0.000000	0.000000	1.000000	0.000000	0.000000	0.000000	0.000000	0.000000	0.000000	0.000000
109	tsk_109	(x)	1	:	0.000000	0.000000	0.000000	0.001652	0.000000	0.000000	0.000000	0.000000	0.000000	0.001979	0.459275	0.494183	0.042911	0.000000
110	tsk_110	(x)	1	:	0.000000	0.000000	0.499405	0.000000	0.000000	0.000000	0.000000	0.000000	0.000000	0.000000	0.000000	0.500595	0.000000	0.000000
111	tsk_111	(x)	1	:	0.000000	0.000000	0.000000	0.088688	0.000000	0.000000	0.000000	0.000000	0.000000	0.411188	0.000000	0.500124	0.000000	0.000000
112	tsk_112	(x)	1	:	0.000000	0.000000	0.499404	0.000000	0.000000	0.000000	0.000000	0.000000	0.000000	0.000000	0.000000	0.500596	0.000000	0.000000
113	tsk_113	(x)	1	:	0.000000	0.000000	0.499346	0.368491	0.000000	0.000000	0.000000	0.000000	0.000000	0.132163	0.000000	0.000000	0.000000	0.000000
114	tsk_114	(x)	1	:	0.000000	0.000000	1.000000	0.000000	0.000000	0.000000	0.000000	0.000000	0.000000	0.000000	0.000000	0.000000	0.000000	0.000000
115	tsk_115	(x)	1	:	0.000000	0.000000	0.000000	0.000000	0.000000	0.000000	0.499529	0.000000	0.000000	0.005152	0.000000	0.495316	0.000000	0.000004
116	tsk_116	(x)	1	:	0.000000	0.000000	0.499351	0.000000	0.000000	0.000000	0.500645	0.000000	0.000000	0.000000	0.000000	0.000000	0.000000	0.000004
117	tsk_117	(x)	1	:	0.000000	0.000000	0.499404	0.000000	0.000000	0.000000	0.000000	0.000000	0.000000	0.000000	0.000000	0.500596	0.000000	0.000000
118	tsk_118	(x)	1	:	0.000000	0.000000	0.000000	0.204450	0.000000	0.000000	0.500000	0.000000	0.000000	0.295550	0.000000	0.000000	0.000000	0.000000
119	tsk_119	(x)	1	:	0.000000	0.000000	0.000000	0.041644	0.000000	0.000000	0.000000	0.000000	0.000000	0.458309	0.000000	0.500047	0.000000	0.000000
120	tsk_120	(x)	1	:	0.000000	0.000000	0.000000	0.000000	0.000000	0.000000	0.499575	0.000000	0.000000	0.004665	0.000000	0.495759	0.000000	0.000000
121	tsk_121	(x)	1	:	0.000000	0.000000	0.499404	0.000000	0.000000	0.000000	0.000000	0.000000	0.000000	0.000000	0.000000	0.500596	0.000000	0.000000
122	tsk_122	(x)	1	:	0.000000	0.000000	0.000000	0.000000	0.000000	0.000000	0.000000	0.000000	0.000000	0.000000	0.000000	1.000000	0.000000	0.000000
123	tsk_123	(x)	1	:	0.000000	0.000000	0.499351	0.000000	0.000000	0.000000	0.500647	0.000000	0.000000	0.000000	0.000000	0.000000	0.000000	0.000002
124	tsk_124	(x)	1	:	0.000000	0.000000	0.000000	0.000000	0.000000	0.000000	0.499153	0.000000	0.000000	0.009253	0.000000	0.491577	0.000000	0.000017
125	tsk_125	(x)	1	:	0.000000	0.000000	0.000000	0.000000	0.000000	0.000000	0.000000	0.000000	0.000000	0.000000	0.000000	1.000000	0.000000	0.000000
126	tsk_126	(x)	1	:	0.000000	0.000000	0.000000	0.000000	0.000000	0.000000	0.000000	0.000000	0.000000	0.000000	0.000000	1.000000	0.000000	0.000000
127	tsk_127	(x)	1	:	0.000000	0.500006	0.000000	0.000000	0.000000	0.000000	0.000000	0.000000	0.000000	0.000000	0.000000	0.499994	0.000000	0.000000
128	tsk_128	(x)	1	:	0.000000	0.000000	0.000000	0.000000	0.000000	0.000000	0.000000	0.000000	0.000000	0.000000	0.000000	1.000000	0.000000	0.000000
129	tsk_129	(x)	1	:	0.000000	0.000000	0.000000	0.000198	0.000000	0.000000	0.499318	0.000000	0.000000	0.007344	0.000000	0.493138	0.000000	0.000002
130	tsk_130	(x)	1	:	0.000000	0.000000	0.000000	0.160630	0.000000	0.000000	0.000000	0.500000	0.000000	0.339370	0.000000	0.000000	0.000000	0.000000
131	tsk_131	(x)	1	:	0.000000	0.000000	1.000000	0.000000	0.000000	0.000000	0.000000	0.000000	0.000000	0.000000	0.000000	0.000000	0.000000	0.000000
132	tsk_132	(x)	1	:	0.000000	0.000000	0.000000	0.000000	0.471699	0.000000	0.000000	0.528301	0.000000	0.000000	0.000000	0.000000	0.000000	0.000000
133	tsk_133	(x)	1	:	0.000000	0.000000	1.000000	0.000000	0.000000	0.000000	0.000000	0.000000	0.000000	0.000000	0.000000	0.000000	0.000000	0.000000
134	tsk_134	(x)	1	:	0.000000	0.000000	0.000000	0.000000	0.000000	0.000000	0.891583	0.000000	0.000000	0.000000	0.108417	0.000000	0.000000	0.000000
135	tsk_135	(x)	1	:	0.000000	0.000000	0.000000	0.333501	0.000810	0.000000	0.000000	0.499267	0.000000	0.166421	0.000000	0.000000	0.000000	0.000000
136	tsk_136	(x)	1	:	0.000000	0.000000	0.000000	0.000000	0.000000	0.000000	0.449802	0.000000	0.000000	0.000000	0.547019	0.000000	0.003179	0.000000
137	tsk_137	(x)	1	:	0.000000	0.000000	0.000000	0.000000	1.000000	0.000000	0.000000	0.000000	0.000000	0.000000	0.000000	0.000000	0.000000	0.000000
138	tsk_138	(x)	1	:	0.000000	0.000000	0.505336	0.000000	0.494664	0.000000	0.000000	0.000000	0.000000	0.000000	0.000000	0.000000	0.000000	0.000000
139	tsk_139	(x)	1	:	0.000000	0.000000	0.000000	0.000000	0.000521	0.000000	0.000000	0.495465	0.000000	0.000000	0.000000	0.000000	0.000000	0.504014
140	tsk_140	(x)	1	:	0.000000	0.000000	0.000000	0.000000	0.000000	0.000000	0.000000	0.000000	0.000000	0.000000	0.000000	0.000000	1.000000	0.000000
141	tsk_141	(x)	1	:	0.000000	0.000000	0.000000	0.000000	0.000000	0.000000	0.000000	0.000000	0.000000	0.000000	0.000000	0.000000	1.000000	0.000000
142	tsk_142	(x)	1	:	0.499999	0.000000	0.000000	0.203603	0.000000	0.000000	0.000000	0.000000	0.000000	0.296397	0.000000	0.000000	0.000000	0.000000
143	tsk_143	(x)	1	:	0.000000	0.000000	0.000000	0.000000	0.000000	0.000000	0.000000	0.000000	0.000000	0.000000	0.000000	0.500003	0.499997	0.000000
144	tsk_144	(x)	1	:	0.000000	0.000000	0.000000	0.239257	0.000000	0.000000	0.000000	0.000000	0.000000	0.260743	0.000000	0.000000	0.500000	0.000000
145	tsk_145	(x)	1	:	0.000000	0.000000	0.000000	0.000000	0.000000	0.000000	0.000000	0.000000	0.000000	0.000000	0.000000	0.000000	1.000000	0.000000
146	tsk_146	(x)	1	:	0.000000	0.000000	0.000000	0.000000	0.000000	0.000000	0.499993	0.000000	0.000000	0.000000	0.000000	0.000000	0.499993	0.000014
147	tsk_147	(x)	1	:	0.000000	0.000000	0.000000	0.001125	0.000000	0.000000	0.499214	0.000000	0.000000	0.007498	0.000000	0.492150	0.000000	0.000011
148	tsk_148	(x)	1	:	0.000000	0.000000	0.000000	0.000000	0.000000	0.000000	0.000000	0.000000	0.000000	0.000000	0.000000	0.000000	1.000000	0.000000
149	tsk_149	(x)	1	:	0.000000	0.000000	0.499351	0.000000	0.000000	0.000000	0.000000	0.000000	0.000000	0.000000	0.000000	0.000000	0.500649	0.000000
