logL = -2025.474743 (converged)
AIC = 4890.949485
BIC = 6155.416309

count.K
20 61 69 

