logL = -1832.526852 (converged)
AIC = 4157.053703
BIC = 4897.669986

count.K
11 139 

