logL = -1865.304516 (converged)
AIC = 8422.609031
BIC = 15485.559431

count.K
5 23 6 0 7 43 8 26 13 9 3 7 

