logL = -1783.097717 (converged)
AIC = 3986.195435
BIC = 4618.428847

count.K
86 64 

