logL = -1794.916783 (converged)
AIC = 7409.833566
BIC = 13160.146977

count.K
15 17 17 28 16 8 11 19 10 9 

