logL = -2056.819198 (converged)
AIC = 5903.638396
BIC = 8598.156984

count.K
20 43 18 30 39 

