logL = -1573.237164 (converged)
AIC = 4004.474328
BIC = 5296.036869

count.K
27 111 12 

