logL = -949.876508 (converged)
AIC = 5055.753017
BIC = 9806.535511

count.K
9 23 10 11 13 12 15 15 42 

