logL = -1012.728613 (converged)
AIC = 4343.457225
BIC = 7832.783531

count.K
13 24 9 36 12 31 25 

