logL = -1777.170732 (converged)
AIC = 7786.341464
BIC = 14156.845746

count.K
29 19 8 3 19 9 0 18 27 18 0 

