0	tsk_0	(x)	1	:	0.000000	0.478812	0.000000	0.000000	0.000000	0.000000	0.000000	0.000000	0.000000	0.000000	0.000000	0.521188	0.000000	0.000000	0.000000
1	tsk_1	(x)	1	:	1.000000	0.000000	0.000000	0.000000	0.000000	0.000000	0.000000	0.000000	0.000000	0.000000	0.000000	0.000000	0.000000	0.000000	0.000000
2	tsk_2	(x)	1	:	1.000000	0.000000	0.000000	0.000000	0.000000	0.000000	0.000000	0.000000	0.000000	0.000000	0.000000	0.000000	0.000000	0.000000	0.000000
3	tsk_3	(x)	1	:	0.500000	0.000000	0.000000	0.000000	0.000000	0.000000	0.000000	0.000000	0.000000	0.000000	0.000000	0.500000	0.000000	0.000000	0.000000
4	tsk_4	(x)	1	:	0.521188	0.478812	0.000000	0.000000	0.000000	0.000000	0.000000	0.000000	0.000000	0.000000	0.000000	0.000000	0.000000	0.000000	0.000000
5	tsk_5	(x)	1	:	1.000000	0.000000	0.000000	0.000000	0.000000	0.000000	0.000000	0.000000	0.000000	0.000000	0.000000	0.000000	0.000000	0.000000	0.000000
6	tsk_6	(x)	1	:	0.500000	0.000000	0.000000	0.000000	0.000000	0.000000	0.000000	0.000000	0.000000	0.000000	0.000000	0.000000	0.000000	0.000000	0.500000
7	tsk_7	(x)	1	:	0.000000	0.000000	0.000000	0.000000	0.000000	0.000000	0.000000	0.000000	0.000000	0.000000	0.000000	1.000000	0.000000	0.000000	0.000000
8	tsk_8	(x)	1	:	1.000000	0.000000	0.000000	0.000000	0.000000	0.000000	0.000000	0.000000	0.000000	0.000000	0.000000	0.000000	0.000000	0.000000	0.000000
9	tsk_9	(x)	1	:	0.000000	0.000000	0.000000	0.000000	0.000000	0.000000	0.000000	0.000000	0.000000	0.000000	0.000000	0.500000	0.000000	0.000000	0.500000
10	tsk_10	(x)	1	:	0.000000	0.000000	0.000000	0.500000	0.000000	0.000000	0.500000	0.000000	0.000000	0.000000	0.000000	0.000000	0.000000	0.000000	0.000000
11	tsk_11	(x)	1	:	0.000000	0.000000	0.000000	0.506224	0.000000	0.000000	0.000000	0.000000	0.493776	0.000000	0.000000	0.000000	0.000000	0.000000	0.000000
12	tsk_12	(x)	1	:	0.000000	0.000000	0.000000	0.000000	0.000000	0.000000	0.496758	0.000000	0.000000	0.000000	0.000000	0.004048	0.000000	0.000000	0.499194
13	tsk_13	(x)	1	:	0.000000	0.000000	0.000000	0.000000	0.000000	0.000000	0.000000	0.000000	0.000000	0.000000	0.000000	0.500000	0.000000	0.000000	0.500000
14	tsk_14	(x)	1	:	0.000000	0.000000	0.000000	0.496976	0.000000	0.000000	0.003608	0.000000	0.000000	0.000000	0.000000	0.000023	0.000000	0.000000	0.499393
15	tsk_15	(x)	1	:	0.000000	0.000000	0.000000	0.000000	0.000000	0.000000	0.000000	0.000000	0.000000	0.000000	0.000000	0.500000	0.000000	0.000000	0.500000
16	tsk_16	(x)	1	:	0.000000	0.000000	0.000000	0.500000	0.000000	0.000000	0.000000	0.000000	0.000000	0.000000	0.000000	0.500000	0.000000	0.000000	0.000000
17	tsk_17	(x)	1	:	0.000000	0.000000	0.000000	0.000000	0.490868	0.000000	0.000000	0.000000	0.509132	0.000000	0.000000	0.000000	0.000000	0.000000	0.000000
18	tsk_18	(x)	1	:	0.000000	0.000000	0.000000	0.000000	0.000000	0.000000	0.000000	0.000000	0.000000	0.000000	0.000000	0.000000	0.000000	0.000000	1.000000
19	tsk_19	(x)	1	:	0.000000	0.000000	0.000000	0.500000	0.000000	0.000000	0.000000	0.000000	0.000000	0.000000	0.000000	0.500000	0.000000	0.000000	0.000000
20	tsk_20	(x)	1	:	0.000000	0.000000	0.000000	0.000000	0.312520	0.252075	0.000000	0.000000	0.000000	0.000000	0.000000	0.000000	0.000037	0.000000	0.435368
21	tsk_21	(x)	1	:	0.000000	0.000000	0.000000	0.000000	0.000000	0.498239	0.000000	0.000000	0.000000	0.000000	0.000000	0.002501	0.000088	0.000000	0.499171
22	tsk_22	(x)	1	:	0.000000	0.000000	0.000000	0.000000	0.000000	0.000000	0.000000	0.000000	0.000000	0.000000	0.000000	0.000000	0.000000	0.000000	1.000000
23	tsk_23	(x)	1	:	0.000000	0.000000	0.000000	0.000000	0.000000	0.999839	0.000000	0.000000	0.000000	0.000000	0.000000	0.000000	0.000161	0.000000	0.000000
24	tsk_24	(x)	1	:	0.000000	0.000000	0.237286	0.000000	0.000000	0.307487	0.000000	0.000000	0.000000	0.000000	0.000000	0.000000	0.000047	0.000000	0.455179
25	tsk_25	(x)	1	:	0.000000	0.000000	0.000000	0.000000	0.000000	0.498151	0.000000	0.000000	0.000000	0.000000	0.000000	0.002640	0.000084	0.000000	0.499125
26	tsk_26	(x)	1	:	0.000000	0.000000	0.000000	0.000000	0.000000	0.000000	0.000000	0.000000	0.000000	0.000000	0.462140	0.037858	0.000000	0.000000	0.500002
27	tsk_27	(x)	1	:	0.000000	0.000000	0.000000	0.000000	0.000000	0.498094	0.000000	0.000000	0.000000	0.000000	0.000000	0.002727	0.000084	0.000000	0.499096
28	tsk_28	(x)	1	:	0.000000	0.000000	0.000000	0.000000	0.000000	0.498124	0.000000	0.000000	0.000000	0.000000	0.000000	0.002673	0.000089	0.000000	0.499114
29	tsk_29	(x)	1	:	0.000000	0.000000	0.000000	0.000000	0.000000	0.498432	0.000000	0.000000	0.000000	0.000000	0.000000	0.002275	0.000049	0.000000	0.499245
30	tsk_30	(x)	1	:	0.000000	0.000000	0.000000	0.000000	0.419750	0.000000	0.000000	0.000000	0.000000	0.000000	0.462136	0.118114	0.000000	0.000000	0.000000
31	tsk_31	(x)	1	:	0.500000	0.000000	0.000000	0.000000	0.000000	0.500000	0.000000	0.000000	0.000000	0.000000	0.000000	0.000000	0.000000	0.000000	0.000000
32	tsk_32	(x)	1	:	0.000000	0.000000	0.000000	0.000000	0.000000	0.498391	0.000000	0.000000	0.000000	0.000000	0.000000	0.002331	0.000052	0.000000	0.499226
33	tsk_33	(x)	1	:	0.000000	0.000000	0.000000	0.000000	0.000000	0.000000	0.000000	0.000000	0.000000	0.000000	0.000000	0.000000	1.000000	0.000000	0.000000
34	tsk_34	(x)	1	:	0.000000	0.000000	0.000000	0.000000	0.419750	0.000000	0.000000	0.000000	0.000000	0.000000	0.462136	0.118113	0.000000	0.000000	0.000000
35	tsk_35	(x)	1	:	0.499793	0.000000	0.000000	0.499379	0.000000	0.000000	0.000828	0.000000	0.000000	0.000000	0.000000	0.000000	0.000000	0.000000	0.000000
36	tsk_36	(x)	1	:	0.000000	0.000000	0.000000	0.496745	0.000000	0.498840	0.004336	0.000000	0.000000	0.000000	0.000000	0.000009	0.000070	0.000000	0.000000
37	tsk_37	(x)	1	:	0.580246	0.000000	0.000000	0.000000	0.419754	0.000000	0.000000	0.000000	0.000000	0.000000	0.000000	0.000000	0.000000	0.000000	0.000000
38	tsk_38	(x)	1	:	1.000000	0.000000	0.000000	0.000000	0.000000	0.000000	0.000000	0.000000	0.000000	0.000000	0.000000	0.000000	0.000000	0.000000	0.000000
39	tsk_39	(x)	1	:	0.000000	0.000000	0.000000	0.000000	0.000000	1.000000	0.000000	0.000000	0.000000	0.000000	0.000000	0.000000	0.000000	0.000000	0.000000
40	tsk_40	(x)	1	:	0.000000	0.000000	0.000000	0.000000	0.000000	0.999803	0.000000	0.000000	0.000000	0.000000	0.000000	0.000000	0.000197	0.000000	0.000000
41	tsk_41	(x)	1	:	0.500000	0.000000	0.000000	0.000000	0.000000	0.000000	0.000000	0.500000	0.000000	0.000000	0.000000	0.000000	0.000000	0.000000	0.000000
42	tsk_42	(x)	1	:	0.499451	0.000000	0.000000	0.000000	0.000000	0.000000	0.000000	0.000000	0.000000	0.000000	0.000000	0.000823	0.000000	0.000000	0.499726
43	tsk_43	(x)	1	:	0.500000	0.000000	0.000000	0.000000	0.000000	0.000000	0.000000	0.500000	0.000000	0.000000	0.000000	0.000000	0.000000	0.000000	0.000000
44	tsk_44	(x)	1	:	0.500003	0.000000	0.000000	0.000000	0.000000	0.499975	0.000000	0.000000	0.000000	0.000000	0.000000	0.000000	0.000021	0.000000	0.000000
45	tsk_45	(x)	1	:	0.000000	0.000000	0.000000	0.000000	0.398766	0.000000	0.000000	0.000000	0.000000	0.000000	0.000000	0.000000	0.000000	0.601233	0.000000
46	tsk_46	(x)	1	:	0.000000	0.000000	0.000000	0.000000	0.000000	0.999806	0.000000	0.000000	0.000000	0.000000	0.000000	0.000000	0.000193	0.000000	0.000000
47	tsk_47	(x)	1	:	0.500000	0.000000	0.000000	0.000000	0.000000	0.000000	0.000000	0.500000	0.000000	0.000000	0.000000	0.000000	0.000000	0.000000	0.000000
48	tsk_48	(x)	1	:	0.794226	0.205774	0.000000	0.000000	0.000000	0.000000	0.000000	0.000000	0.000000	0.000000	0.000000	0.000000	0.000000	0.000000	0.000000
49	tsk_49	(x)	1	:	0.500620	0.000000	0.000000	0.000000	0.000000	0.000000	0.000000	0.000000	0.000000	0.000000	0.462744	0.036636	0.000000	0.000000	0.000000
50	tsk_50	(x)	1	:	0.000000	0.000000	0.000000	0.000000	0.000000	0.000000	0.000000	0.498526	0.000000	0.000000	0.000000	0.002209	0.000000	0.000000	0.499264
51	tsk_51	(x)	1	:	0.000000	0.000000	0.000000	0.000000	0.000000	0.498222	0.000000	0.000000	0.000000	0.000000	0.000000	0.002562	0.000066	0.000000	0.499150
52	tsk_52	(x)	1	:	0.000000	0.000000	0.000000	0.000000	0.000000	0.000000	0.000000	1.000000	0.000000	0.000000	0.000000	0.000000	0.000000	0.000000	0.000000
53	tsk_53	(x)	1	:	0.000000	0.000000	0.000000	0.000000	0.000000	0.000000	0.441705	0.000000	0.000000	0.000000	0.558295	0.000000	0.000000	0.000000	0.000000
54	tsk_54	(x)	1	:	0.000000	0.000000	0.000000	0.000000	0.000000	0.000000	0.000000	0.500004	0.000000	0.000000	0.000000	0.128710	0.000000	0.371286	0.000000
55	tsk_55	(x)	1	:	0.000000	0.000000	0.000000	0.000000	0.000000	0.498148	0.000000	0.000000	0.000000	0.000000	0.000000	0.002639	0.000087	0.000000	0.499125
56	tsk_56	(x)	1	:	0.000000	0.478812	0.000000	0.000000	0.000000	0.000000	0.000000	0.521188	0.000000	0.000000	0.000000	0.000000	0.000000	0.000000	0.000000
57	tsk_57	(x)	1	:	0.000000	0.000000	0.000000	0.000000	0.000000	0.499953	0.000000	0.000000	0.000000	0.000000	0.000000	0.500007	0.000040	0.000000	0.000000
58	tsk_58	(x)	1	:	0.000000	0.000000	0.000000	0.000000	0.000000	0.498162	0.000000	0.000000	0.000000	0.000000	0.000000	0.002637	0.000075	0.000000	0.499125
59	tsk_59	(x)	1	:	0.000000	0.000000	0.000000	0.000000	0.000000	0.498180	0.000000	0.000000	0.000000	0.000000	0.000000	0.002611	0.000074	0.000000	0.499134
60	tsk_60	(x)	1	:	0.000000	0.000000	0.000000	0.000000	0.000000	0.000000	0.000000	0.000000	0.000000	0.000000	0.000000	0.128712	0.000000	0.371286	0.500002
61	tsk_61	(x)	1	:	0.000000	0.000000	0.000000	0.000000	0.000000	0.000000	0.000000	0.500000	0.000000	0.000000	0.000000	0.500000	0.000000	0.000000	0.000000
62	tsk_62	(x)	1	:	0.000000	0.000000	0.000000	0.000000	0.000000	0.498347	0.496881	0.000000	0.000000	0.000000	0.000000	0.004686	0.000085	0.000000	0.000000
63	tsk_63	(x)	1	:	0.000000	0.000000	0.000000	0.000000	0.000000	0.000000	0.500007	0.000000	0.000000	0.000000	0.000000	0.128707	0.000000	0.371285	0.000000
64	tsk_64	(x)	1	:	0.000000	0.000000	0.000000	0.000000	0.000000	0.000000	0.000000	0.000000	0.000000	0.000000	0.000000	0.500000	0.000000	0.000000	0.500000
65	tsk_65	(x)	1	:	0.000000	0.000000	0.000000	0.000000	0.000000	0.000000	0.500000	0.000000	0.000000	0.000000	0.000000	0.500000	0.000000	0.000000	0.000000
66	tsk_66	(x)	1	:	0.000000	0.000000	0.000000	0.000000	0.000000	0.000000	0.496764	0.000000	0.000000	0.000000	0.000000	0.004041	0.000000	0.000000	0.499195
67	tsk_67	(x)	1	:	0.000000	0.000000	0.000000	0.000000	0.000000	0.498348	0.496878	0.000000	0.000000	0.000000	0.000000	0.004691	0.000083	0.000000	0.000000
68	tsk_68	(x)	1	:	0.499740	0.000000	0.000000	0.000000	0.000000	0.000000	0.499480	0.000000	0.000000	0.000000	0.000000	0.000780	0.000000	0.000000	0.000000
69	tsk_69	(x)	1	:	0.000000	0.000000	0.000000	0.000000	0.000000	0.000000	0.497238	0.498623	0.000000	0.000000	0.000000	0.004140	0.000000	0.000000	0.000000
70	tsk_70	(x)	1	:	0.363743	0.000000	0.272515	0.000000	0.000000	0.000000	0.000000	0.363743	0.000000	0.000000	0.000000	0.000000	0.000000	0.000000	0.000000
71	tsk_71	(x)	1	:	0.500000	0.000000	0.000000	0.000000	0.000000	0.500000	0.000000	0.000000	0.000000	0.000000	0.000000	0.000000	0.000000	0.000000	0.000000
72	tsk_72	(x)	1	:	1.000000	0.000000	0.000000	0.000000	0.000000	0.000000	0.000000	0.000000	0.000000	0.000000	0.000000	0.000000	0.000000	0.000000	0.000000
73	tsk_73	(x)	1	:	0.000000	0.000000	0.000000	0.000000	0.000000	0.000000	0.000000	0.000000	0.495458	0.000000	0.504542	0.000000	0.000000	0.000000	0.000000
74	tsk_74	(x)	1	:	0.000000	0.000000	0.272520	0.000000	0.000000	0.363672	0.000000	0.363751	0.000000	0.000000	0.000000	0.000000	0.000057	0.000000	0.000000
75	tsk_75	(x)	1	:	0.000000	0.000000	0.000000	0.000000	0.000000	0.000000	0.000000	0.000000	0.000000	0.000000	0.608488	0.000000	0.000000	0.000000	0.391512
76	tsk_76	(x)	1	:	0.500000	0.000000	0.000000	0.000000	0.000000	0.000000	0.000000	0.000000	0.000000	0.000000	0.000000	0.000000	0.000000	0.000000	0.500000
77	tsk_77	(x)	1	:	0.000000	0.000000	0.000000	0.000000	0.000000	0.000000	0.000000	0.384307	0.000000	0.000000	0.615693	0.000000	0.000000	0.000000	0.000000
78	tsk_78	(x)	1	:	0.000000	0.000000	0.000000	0.000000	0.000000	0.498122	0.000000	0.000000	0.000000	0.000000	0.000000	0.002677	0.000089	0.000000	0.499113
79	tsk_79	(x)	1	:	0.000000	0.000000	0.000000	0.000000	0.000000	0.498153	0.000000	0.000000	0.000000	0.000000	0.000000	0.002650	0.000076	0.000000	0.499121
80	tsk_80	(x)	1	:	1.000000	0.000000	0.000000	0.000000	0.000000	0.000000	0.000000	0.000000	0.000000	0.000000	0.000000	0.000000	0.000000	0.000000	0.000000
81	tsk_81	(x)	1	:	0.000000	0.000000	0.000000	0.000000	0.000000	0.999816	0.000000	0.000000	0.000000	0.000000	0.000000	0.000000	0.000184	0.000000	0.000000
82	tsk_82	(x)	1	:	1.000000	0.000000	0.000000	0.000000	0.000000	0.000000	0.000000	0.000000	0.000000	0.000000	0.000000	0.000000	0.000000	0.000000	0.000000
83	tsk_83	(x)	1	:	0.450199	0.000000	0.000000	0.000000	0.000000	0.000000	0.000000	0.000000	0.000000	0.000000	0.000000	0.000000	0.000000	0.549801	0.000000
84	tsk_84	(x)	1	:	0.500000	0.000000	0.000000	0.000000	0.000000	0.000000	0.000000	0.500000	0.000000	0.000000	0.000000	0.000000	0.000000	0.000000	0.000000
85	tsk_85	(x)	1	:	1.000000	0.000000	0.000000	0.000000	0.000000	0.000000	0.000000	0.000000	0.000000	0.000000	0.000000	0.000000	0.000000	0.000000	0.000000
86	tsk_86	(x)	1	:	0.000000	0.000000	0.000000	0.000000	0.000000	0.000000	0.500000	0.000000	0.000000	0.000000	0.000000	0.500000	0.000000	0.000000	0.000000
87	tsk_87	(x)	1	:	0.500486	0.000000	0.000000	0.000000	0.000000	0.000000	0.000000	0.000000	0.000000	0.000000	0.462613	0.036901	0.000000	0.000000	0.000000
88	tsk_88	(x)	1	:	0.500000	0.000000	0.000000	0.000000	0.000000	0.000000	0.000000	0.500000	0.000000	0.000000	0.000000	0.000000	0.000000	0.000000	0.000000
89	tsk_89	(x)	1	:	0.450199	0.000000	0.000000	0.000000	0.000000	0.000000	0.000000	0.000000	0.000000	0.000000	0.000000	0.000000	0.000000	0.549801	0.000000
90	tsk_90	(x)	1	:	0.295947	0.000000	0.000000	0.000000	0.408106	0.000000	0.000000	0.295947	0.000000	0.000000	0.000000	0.000000	0.000000	0.000000	0.000000
91	tsk_91	(x)	1	:	0.000000	0.000000	0.000000	0.000000	0.000000	0.000000	1.000000	0.000000	0.000000	0.000000	0.000000	0.000000	0.000000	0.000000	0.000000
92	tsk_92	(x)	1	:	0.000000	0.000000	0.000000	0.000000	0.419750	0.000000	0.499996	0.000000	0.000000	0.000000	0.000000	0.080254	0.000000	0.000000	0.000000
93	tsk_93	(x)	1	:	0.000000	0.000000	0.000000	0.000000	0.000000	0.000000	1.000000	0.000000	0.000000	0.000000	0.000000	0.000000	0.000000	0.000000	0.000000
94	tsk_94	(x)	1	:	0.272926	0.000000	0.000000	0.000000	0.360003	0.000000	0.367071	0.000000	0.000000	0.000000	0.000000	0.000000	0.000000	0.000000	0.000000
95	tsk_95	(x)	1	:	0.000000	0.000000	0.000000	0.000000	0.000000	0.000000	0.497447	0.498727	0.000000	0.000000	0.000000	0.003827	0.000000	0.000000	0.000000
96	tsk_96	(x)	1	:	0.000000	0.000000	0.000000	0.000000	0.000000	0.000000	0.497568	0.498787	0.000000	0.000000	0.000000	0.003645	0.000000	0.000000	0.000000
97	tsk_97	(x)	1	:	0.500000	0.000000	0.000000	0.000000	0.000000	0.000000	0.000000	0.500000	0.000000	0.000000	0.000000	0.000000	0.000000	0.000000	0.000000
98	tsk_98	(x)	1	:	0.500000	0.000000	0.000000	0.000000	0.000000	0.000000	0.500000	0.000000	0.000000	0.000000	0.000000	0.000000	0.000000	0.000000	0.000000
99	tsk_99	(x)	1	:	0.000000	0.000000	0.000000	0.000000	0.000000	0.000000	0.000000	1.000000	0.000000	0.000000	0.000000	0.000000	0.000000	0.000000	0.000000
100	tsk_100	(x)	1	:	0.000000	0.000000	0.000000	0.000000	0.419754	0.000000	0.000000	0.000000	0.000000	0.000000	0.000000	0.580246	0.000000	0.000000	0.000000
101	tsk_101	(x)	1	:	0.000000	0.000000	0.000000	0.000000	0.000000	0.000000	0.000000	0.000000	0.000000	0.000000	0.000000	0.128712	0.000000	0.371286	0.500002
102	tsk_102	(x)	1	:	0.500000	0.000000	0.000000	0.000000	0.000000	0.000000	0.000000	0.000000	0.000000	0.000000	0.000000	0.000000	0.000000	0.000000	0.500000
103	tsk_103	(x)	1	:	0.000000	0.000000	0.000000	0.000000	0.419754	0.000000	0.000000	0.000000	0.000000	0.000000	0.000000	0.208965	0.000000	0.371281	0.000000
104	tsk_104	(x)	1	:	0.000000	0.000000	0.000000	0.000000	0.419791	0.580108	0.000000	0.000000	0.000000	0.000000	0.000000	0.000000	0.000101	0.000000	0.000000
105	tsk_105	(x)	1	:	0.500000	0.000000	0.000000	0.000000	0.000000	0.000000	0.000000	0.000000	0.000000	0.000000	0.000000	0.500000	0.000000	0.000000	0.000000
106	tsk_106	(x)	1	:	0.000000	0.000000	0.000000	0.000000	0.620186	0.000000	0.000000	0.000000	0.000000	0.000000	0.000000	0.379814	0.000000	0.000000	0.000000
107	tsk_107	(x)	1	:	0.500005	0.000000	0.000000	0.000000	0.000000	0.499964	0.000000	0.000000	0.000000	0.000000	0.000000	0.000000	0.000031	0.000000	0.000000
108	tsk_108	(x)	1	:	0.500005	0.000000	0.000000	0.000000	0.000000	0.000000	0.000000	0.000000	0.000000	0.000000	0.000000	0.124992	0.000000	0.000000	0.375002
109	tsk_109	(x)	1	:	0.000000	0.000000	0.000000	0.000000	0.000000	0.000000	0.497568	0.498787	0.000000	0.000000	0.000000	0.003645	0.000000	0.000000	0.000000
110	tsk_110	(x)	1	:	0.000000	0.000000	0.000000	0.000000	0.000000	0.000000	0.000000	0.000000	0.000000	0.000000	1.000000	0.000000	0.000000	0.000000	0.000000
111	tsk_111	(x)	1	:	0.501268	0.000000	0.000000	0.000000	0.000000	0.000000	0.000000	0.000000	0.000000	0.000000	0.463377	0.035354	0.000000	0.000000	0.000000
112	tsk_112	(x)	1	:	1.000000	0.000000	0.000000	0.000000	0.000000	0.000000	0.000000	0.000000	0.000000	0.000000	0.000000	0.000000	0.000000	0.000000	0.000000
113	tsk_113	(x)	1	:	0.000000	0.000000	0.000000	0.000000	0.000000	0.000000	0.000000	0.000000	0.000000	0.000000	0.462143	0.166567	0.000000	0.371290	0.000000
114	tsk_114	(x)	1	:	1.000000	0.000000	0.000000	0.000000	0.000000	0.000000	0.000000	0.000000	0.000000	0.000000	0.000000	0.000000	0.000000	0.000000	0.000000
115	tsk_115	(x)	1	:	0.500863	0.000000	0.000000	0.000000	0.000000	0.000000	0.000000	0.000000	0.000000	0.000000	0.462981	0.036155	0.000000	0.000000	0.000000
116	tsk_116	(x)	1	:	0.000000	0.000000	0.000000	0.000000	0.000000	0.999795	0.000000	0.000000	0.000000	0.000000	0.000000	0.000000	0.000205	0.000000	0.000000
117	tsk_117	(x)	1	:	0.499961	0.000000	0.000000	0.000000	0.000000	0.000000	0.000000	0.000000	0.000000	0.000000	0.000000	0.000058	0.000000	0.000000	0.499981
118	tsk_118	(x)	1	:	1.000000	0.000000	0.000000	0.000000	0.000000	0.000000	0.000000	0.000000	0.000000	0.000000	0.000000	0.000000	0.000000	0.000000	0.000000
119	tsk_119	(x)	1	:	1.000000	0.000000	0.000000	0.000000	0.000000	0.000000	0.000000	0.000000	0.000000	0.000000	0.000000	0.000000	0.000000	0.000000	0.000000
120	tsk_120	(x)	1	:	0.499453	0.000000	0.000000	0.000000	0.000000	0.000000	0.498905	0.000000	0.000000	0.000000	0.000000	0.001642	0.000000	0.000000	0.000000
121	tsk_121	(x)	1	:	0.000000	0.000000	0.000000	0.000000	0.000000	0.000000	0.000000	0.000000	0.000000	0.000000	0.000000	0.000000	0.000000	1.000000	0.000000
122	tsk_122	(x)	1	:	0.000000	0.000000	0.000000	0.000000	0.000000	0.000000	1.000000	0.000000	0.000000	0.000000	0.000000	0.000000	0.000000	0.000000	0.000000
123	tsk_123	(x)	1	:	0.000000	0.000000	0.000000	0.000000	0.000000	0.000000	0.000000	0.000000	0.000000	0.000000	0.000000	0.000000	0.000000	1.000000	0.000000
124	tsk_124	(x)	1	:	0.000000	0.000000	0.000000	0.000000	0.000000	0.000000	0.000000	0.000000	0.000000	0.000000	0.000000	0.383587	0.000000	0.616413	0.000000
125	tsk_125	(x)	1	:	0.500108	0.000000	0.000000	0.000000	0.000000	0.000000	0.000000	0.000000	0.000000	0.000000	0.000000	0.128428	0.000000	0.371464	0.000000
126	tsk_126	(x)	1	:	0.000000	0.484914	0.000000	0.000000	0.000000	0.000000	0.510163	0.000000	0.000000	0.000000	0.000000	0.004923	0.000000	0.000000	0.000000
127	tsk_127	(x)	1	:	0.000000	0.483917	0.000000	0.000000	0.000000	0.000000	0.508479	0.000000	0.000000	0.000000	0.000000	0.007604	0.000000	0.000000	0.000000
128	tsk_128	(x)	1	:	1.000000	0.000000	0.000000	0.000000	0.000000	0.000000	0.000000	0.000000	0.000000	0.000000	0.000000	0.000000	0.000000	0.000000	0.000000
129	tsk_129	(x)	1	:	0.380622	0.000000	0.238755	0.000000	0.000000	0.000000	0.000000	0.380622	0.000000	0.000000	0.000000	0.000000	0.000000	0.000000	0.000000
130	tsk_130	(x)	1	:	0.500003	0.000000	0.000000	0.000000	0.000000	0.499980	0.000000	0.000000	0.000000	0.000000	0.000000	0.000000	0.000017	0.000000	0.000000
131	tsk_131	(x)	1	:	0.000000	0.000000	0.000000	0.000000	0.000000	0.000000	0.000000	0.000000	0.000000	0.000000	0.000000	1.000000	0.000000	0.000000	0.000000
132	tsk_132	(x)	1	:	0.500013	0.000000	0.000000	0.000000	0.000000	0.499910	0.000000	0.000000	0.000000	0.000000	0.000000	0.000000	0.000077	0.000000	0.000000
133	tsk_133	(x)	1	:	0.000000	0.000000	0.000000	0.000000	0.000000	0.000000	0.000000	0.500000	0.000000	0.000000	0.000000	0.500000	0.000000	0.000000	0.000000
134	tsk_134	(x)	1	:	0.000000	0.000000	0.000000	0.000000	0.000000	0.499959	0.000000	0.000000	0.000000	0.000000	0.000000	0.500006	0.000035	0.000000	0.000000
135	tsk_135	(x)	1	:	0.000000	0.000000	0.000000	0.000000	0.000000	0.000000	0.000000	0.000000	0.000000	0.000000	0.000000	1.000000	0.000000	0.000000	0.000000
136	tsk_136	(x)	1	:	0.000000	0.000000	0.000000	0.000000	0.000000	0.000000	0.000000	0.000000	0.000000	0.000000	0.000000	1.000000	0.000000	0.000000	0.000000
137	tsk_137	(x)	1	:	0.000000	0.000000	0.000000	0.000000	0.000000	0.000000	0.000000	0.000000	0.000000	0.444444	0.000000	0.555555	0.000000	0.000000	0.000000
138	tsk_138	(x)	1	:	0.000000	0.000000	0.000000	0.000000	0.419754	0.000000	0.000000	0.000000	0.000000	0.000000	0.000000	0.580246	0.000000	0.000000	0.000000
139	tsk_139	(x)	1	:	0.000000	0.000000	0.000000	0.000000	0.000000	0.000000	0.000000	0.000000	0.000000	1.000000	0.000000	0.000000	0.000000	0.000000	0.000000
140	tsk_140	(x)	1	:	1.000000	0.000000	0.000000	0.000000	0.000000	0.000000	0.000000	0.000000	0.000000	0.000000	0.000000	0.000000	0.000000	0.000000	0.000000
141	tsk_141	(x)	1	:	0.000000	0.478981	0.000000	0.000000	0.000000	0.520931	0.000000	0.000000	0.000000	0.000000	0.000000	0.000000	0.000088	0.000000	0.000000
142	tsk_142	(x)	1	:	0.000000	0.000000	0.000000	0.000000	0.419743	0.000000	0.000000	0.000000	0.000000	0.000000	0.000000	0.080260	0.000000	0.000000	0.499997
143	tsk_143	(x)	1	:	0.000000	0.000000	0.000000	0.000000	0.000000	0.498147	0.000000	0.000000	0.000000	0.000000	0.000000	0.002704	0.000047	0.000000	0.499102
144	tsk_144	(x)	1	:	0.000000	0.000000	0.000000	0.000000	0.000000	0.500329	0.000000	0.000000	0.000000	0.000000	0.462551	0.037038	0.000082	0.000000	0.000000
145	tsk_145	(x)	1	:	0.000000	0.000000	0.000000	0.000000	0.000000	0.498120	0.000000	0.000000	0.000000	0.000000	0.000000	0.002680	0.000088	0.000000	0.499112
146	tsk_146	(x)	1	:	0.000000	0.000000	0.000000	0.000000	0.000000	0.500220	0.000000	0.000000	0.000000	0.000000	0.462451	0.037240	0.000088	0.000000	0.000000
147	tsk_147	(x)	1	:	0.000000	0.000000	0.000000	0.000000	0.000000	0.000000	0.499993	0.000000	0.000000	0.000000	0.462134	0.037872	0.000000	0.000000	0.000000
148	tsk_148	(x)	1	:	0.000000	0.000000	0.000000	0.000000	0.000000	0.498204	0.000000	0.000000	0.000000	0.000000	0.000000	0.002567	0.000080	0.000000	0.499149
149	tsk_149	(x)	1	:	0.000000	0.000000	0.000000	0.000000	0.000000	0.000000	0.000000	0.000000	0.000000	0.000000	0.000000	0.000000	0.000000	0.000000	1.000000
