logL = -1682.926263 (converged)
AIC = 4721.852527
BIC = 6763.063256

count.K
115 7 11 17 

