logL = -2255.252820 (converged)
AIC = 5810.505640
BIC = 7767.418581

count.K
21 79 4 46 

