logL = -953.485495 (converged)
AIC = 6358.970991
BIC = 13060.645155

count.K
1 2 21 19 3 28 17 1 1 6 2 49 

