logL = -1353.264319 (converged)
AIC = 6918.528638
BIC = 13258.926567

count.K
15 1 3 8 11 4 44 3 54 4 1 2 

