logL = -1205.287669 (converged)
AIC = 6114.575337
BIC = 11690.271902

count.K
7 3 46 7 31 16 5 8 24 2 1 

