logL = -921.289239 (converged)
AIC = 5202.578478
BIC = 10260.445772

count.K
10 12 11 15 16 14 22 14 4 32 

