logL = -1535.511269 (converged)
AIC = 6019.022538
BIC = 10456.698962

count.K
3 25 60 31 17 3 4 7 

