logL = -1088.347617 (converged)
AIC = 5736.695233
BIC = 11095.626057

count.K
20 30 5 30 11 8 8 19 5 14 

