logL = -1298.690665 (converged)
AIC = 4107.381329
BIC = 6380.410976

count.K
35 24 12 61 18 

