logL = -1534.213756 (converged)
AIC = 3512.427512
BIC = 4180.788548

count.K
27 123 

