logL = -660.774471 (converged)
AIC = 5977.548942
BIC = 12986.307907

count.K
6 9 2 26 9 44 0 2 36 4 8 1 1 2 

