logL = -2279.718525 (converged)
AIC = 9131.437051
BIC = 16013.749333

count.K
4 7 24 29 7 1 15 18 18 9 0 18 

