0	tsk_0	(x)	1	:	0.000000	0.000000	0.000000	0.000000	0.524488	0.475510	0.000000	0.000002	0.000000	0.000000	0.000000	0.000000	0.000000
1	tsk_1	(x)	1	:	0.493321	0.000000	0.000000	0.000000	0.506679	0.000000	0.000000	0.000000	0.000000	0.000000	0.000000	0.000000	0.000000
2	tsk_2	(x)	1	:	0.493320	0.000000	0.000000	0.000000	0.506680	0.000000	0.000000	0.000000	0.000000	0.000000	0.000000	0.000000	0.000000
3	tsk_3	(x)	1	:	0.000000	0.000000	0.000000	0.000000	0.470603	0.000000	0.000000	0.031048	0.000000	0.000000	0.000001	0.000000	0.498347
4	tsk_4	(x)	1	:	0.000000	0.000000	0.000000	0.000000	1.000000	0.000000	0.000000	0.000000	0.000000	0.000000	0.000000	0.000000	0.000000
5	tsk_5	(x)	1	:	0.493330	0.000000	0.000000	0.000000	0.506670	0.000000	0.000000	0.000000	0.000000	0.000000	0.000000	0.000000	0.000000
6	tsk_6	(x)	1	:	0.040515	0.000000	0.500135	0.000000	0.000000	0.000000	0.000000	0.197812	0.261536	0.000000	0.000001	0.000000	0.000000
7	tsk_7	(x)	1	:	0.000000	0.000000	0.000000	0.000000	0.524488	0.475510	0.000000	0.000002	0.000000	0.000000	0.000000	0.000000	0.000000
8	tsk_8	(x)	1	:	0.000000	0.000000	0.000000	0.000000	0.524488	0.475510	0.000000	0.000002	0.000000	0.000000	0.000000	0.000000	0.000000
9	tsk_9	(x)	1	:	0.235768	0.000000	0.000000	0.000000	0.506688	0.000000	0.000000	0.000000	0.257544	0.000000	0.000000	0.000000	0.000000
10	tsk_10	(x)	1	:	0.000000	0.000000	0.000000	0.000000	0.000000	0.498903	0.000000	0.007444	0.000000	0.000000	0.493653	0.000000	0.000000
11	tsk_11	(x)	1	:	1.000000	0.000000	0.000000	0.000000	0.000000	0.000000	0.000000	0.000000	0.000000	0.000000	0.000000	0.000000	0.000000
12	tsk_12	(x)	1	:	0.499602	0.000000	0.000000	0.000000	0.000000	0.000000	0.000000	0.006360	0.000000	0.000000	0.000000	0.000000	0.494038
13	tsk_13	(x)	1	:	0.499808	0.000000	0.000000	0.000000	0.000000	0.500191	0.000000	0.000000	0.000000	0.000000	0.000000	0.000000	0.000000
14	tsk_14	(x)	1	:	1.000000	0.000000	0.000000	0.000000	0.000000	0.000000	0.000000	0.000000	0.000000	0.000000	0.000000	0.000000	0.000000
15	tsk_15	(x)	1	:	1.000000	0.000000	0.000000	0.000000	0.000000	0.000000	0.000000	0.000000	0.000000	0.000000	0.000000	0.000000	0.000000
16	tsk_16	(x)	1	:	0.493071	0.000000	0.000000	0.000000	0.000000	0.000000	0.000000	0.000000	0.506929	0.000000	0.000000	0.000000	0.000000
17	tsk_17	(x)	1	:	1.000000	0.000000	0.000000	0.000000	0.000000	0.000000	0.000000	0.000000	0.000000	0.000000	0.000000	0.000000	0.000000
18	tsk_18	(x)	1	:	1.000000	0.000000	0.000000	0.000000	0.000000	0.000000	0.000000	0.000000	0.000000	0.000000	0.000000	0.000000	0.000000
19	tsk_19	(x)	1	:	1.000000	0.000000	0.000000	0.000000	0.000000	0.000000	0.000000	0.000000	0.000000	0.000000	0.000000	0.000000	0.000000
20	tsk_20	(x)	1	:	1.000000	0.000000	0.000000	0.000000	0.000000	0.000000	0.000000	0.000000	0.000000	0.000000	0.000000	0.000000	0.000000
21	tsk_21	(x)	1	:	0.499826	0.000000	0.000000	0.000000	0.000000	0.000000	0.000000	0.040166	0.000000	0.000000	0.000000	0.460007	0.000000
22	tsk_22	(x)	1	:	0.499574	0.000000	0.000000	0.000000	0.000000	0.000000	0.000000	0.007368	0.000000	0.000000	0.000000	0.000000	0.493058
23	tsk_23	(x)	1	:	0.499821	0.000000	0.000000	0.000000	0.000000	0.000000	0.000000	0.040180	0.000000	0.000000	0.000000	0.459999	0.000000
24	tsk_24	(x)	1	:	0.499799	0.000022	0.000000	0.000000	0.000000	0.000000	0.000000	0.500178	0.000000	0.000000	0.000000	0.000000	0.000000
25	tsk_25	(x)	1	:	1.000000	0.000000	0.000000	0.000000	0.000000	0.000000	0.000000	0.000000	0.000000	0.000000	0.000000	0.000000	0.000000
26	tsk_26	(x)	1	:	0.000000	0.000000	0.000000	0.000000	0.471173	0.000000	0.000000	0.068802	0.000000	0.000000	0.000002	0.460023	0.000000
27	tsk_27	(x)	1	:	0.499843	0.000004	0.000000	0.000000	0.000000	0.000000	0.000000	0.500153	0.000000	0.000000	0.000000	0.000000	0.000000
28	tsk_28	(x)	1	:	0.499827	0.000007	0.000000	0.000000	0.000000	0.000000	0.000000	0.500166	0.000000	0.000000	0.000000	0.000000	0.000000
29	tsk_29	(x)	1	:	1.000000	0.000000	0.000000	0.000000	0.000000	0.000000	0.000000	0.000000	0.000000	0.000000	0.000000	0.000000	0.000000
30	tsk_30	(x)	1	:	0.501881	0.498119	0.000000	0.000000	0.000000	0.000000	0.000000	0.000000	0.000000	0.000000	0.000000	0.000000	0.000000
31	tsk_31	(x)	1	:	0.000000	0.467192	0.000000	0.000000	0.000000	0.000000	0.000000	0.035953	0.000000	0.000000	0.000002	0.000000	0.496853
32	tsk_32	(x)	1	:	0.501882	0.498117	0.000000	0.000000	0.000000	0.000000	0.000000	0.000000	0.000000	0.000000	0.000000	0.000000	0.000000
33	tsk_33	(x)	1	:	1.000000	0.000000	0.000000	0.000000	0.000000	0.000000	0.000000	0.000000	0.000000	0.000000	0.000000	0.000000	0.000000
34	tsk_34	(x)	1	:	1.000000	0.000000	0.000000	0.000000	0.000000	0.000000	0.000000	0.000000	0.000000	0.000000	0.000000	0.000000	0.000000
35	tsk_35	(x)	1	:	0.499572	0.000000	0.000000	0.000000	0.000000	0.000000	0.000000	0.007520	0.000000	0.000000	0.000000	0.000000	0.492908
36	tsk_36	(x)	1	:	0.501896	0.498104	0.000000	0.000000	0.000000	0.000000	0.000000	0.000000	0.000000	0.000000	0.000000	0.000000	0.000000
37	tsk_37	(x)	1	:	0.501882	0.498118	0.000000	0.000000	0.000000	0.000000	0.000000	0.000000	0.000000	0.000000	0.000000	0.000000	0.000000
38	tsk_38	(x)	1	:	0.000000	1.000000	0.000000	0.000000	0.000000	0.000000	0.000000	0.000000	0.000000	0.000000	0.000000	0.000000	0.000000
39	tsk_39	(x)	1	:	0.287760	0.000000	0.000000	0.000000	0.000000	0.000000	0.000000	0.000000	0.712239	0.000000	0.000000	0.000000	0.000000
40	tsk_40	(x)	1	:	0.000000	0.000000	0.000000	0.000000	0.000000	0.000000	0.000000	0.041033	0.000000	0.000000	0.000003	0.459614	0.499350
41	tsk_41	(x)	1	:	0.000000	0.000000	0.000000	0.000000	0.503436	0.000000	0.000000	0.000000	0.000000	0.000000	0.000000	0.496564	0.000000
42	tsk_42	(x)	1	:	0.000000	0.000000	0.000000	0.000000	0.000000	0.000000	0.000000	0.000000	0.000000	0.000000	0.000000	0.568063	0.431937
43	tsk_43	(x)	1	:	0.000000	0.000000	0.000000	0.000000	0.503436	0.000000	0.000000	0.000000	0.000000	0.000000	0.000000	0.496564	0.000000
44	tsk_44	(x)	1	:	0.493641	0.000000	0.000000	0.000000	0.000000	0.000000	0.000000	0.000000	0.000000	0.000000	0.000000	0.506358	0.000000
45	tsk_45	(x)	1	:	0.493320	0.000000	0.000000	0.000000	0.506680	0.000000	0.000000	0.000000	0.000000	0.000000	0.000000	0.000000	0.000000
46	tsk_46	(x)	1	:	0.291164	0.000002	0.000000	0.000000	0.000000	0.000000	0.000000	0.007479	0.208399	0.000000	0.000000	0.000000	0.492956
47	tsk_47	(x)	1	:	0.499836	0.000000	0.000000	0.000000	0.000000	0.000000	0.000000	0.040103	0.000000	0.000000	0.000000	0.460061	0.000000
48	tsk_48	(x)	1	:	0.000000	0.000000	0.000000	0.000000	0.000000	0.000000	0.000000	0.000000	0.000000	0.000000	0.000000	0.568063	0.431937
49	tsk_49	(x)	1	:	0.559148	0.000000	0.000000	0.000000	0.000000	0.000000	0.000000	0.000000	0.440851	0.000000	0.000000	0.000000	0.000000
50	tsk_50	(x)	1	:	0.493317	0.000000	0.000000	0.000000	0.506683	0.000000	0.000000	0.000000	0.000000	0.000000	0.000000	0.000000	0.000000
51	tsk_51	(x)	1	:	0.000000	0.466874	0.000000	0.000000	0.000000	0.000000	0.000000	0.036939	0.000000	0.000000	0.000001	0.000000	0.496186
52	tsk_52	(x)	1	:	0.212055	0.000000	0.728668	0.000000	0.000000	0.000000	0.000000	0.059276	0.000000	0.000000	0.000000	0.000000	0.000000
53	tsk_53	(x)	1	:	0.212087	0.000000	0.728573	0.000000	0.000000	0.000000	0.000000	0.059340	0.000000	0.000000	0.000000	0.000000	0.000000
54	tsk_54	(x)	1	:	0.002822	0.497712	0.000000	0.000000	0.000000	0.000000	0.000000	0.000000	0.499466	0.000000	0.000000	0.000000	0.000000
55	tsk_55	(x)	1	:	0.501886	0.498114	0.000000	0.000000	0.000000	0.000000	0.000000	0.000000	0.000000	0.000000	0.000000	0.000000	0.000000
56	tsk_56	(x)	1	:	0.501882	0.498118	0.000000	0.000000	0.000000	0.000000	0.000000	0.000000	0.000000	0.000000	0.000000	0.000000	0.000000
57	tsk_57	(x)	1	:	0.000000	0.000000	0.273269	0.000000	0.282395	0.000000	0.000000	0.046152	0.398184	0.000000	0.000000	0.000000	0.000000
58	tsk_58	(x)	1	:	0.493071	0.000000	0.000000	0.000000	0.000000	0.000000	0.000000	0.000000	0.506929	0.000000	0.000000	0.000000	0.000000
59	tsk_59	(x)	1	:	0.493071	0.000000	0.000000	0.000000	0.000000	0.000000	0.000000	0.000000	0.506929	0.000000	0.000000	0.000000	0.000000
60	tsk_60	(x)	1	:	0.501903	0.498096	0.000000	0.000000	0.000000	0.000000	0.000000	0.000000	0.000000	0.000000	0.000000	0.000000	0.000000
61	tsk_61	(x)	1	:	0.284427	0.000002	0.000000	0.000000	0.000000	0.000000	0.000000	0.007966	0.000000	0.215124	0.000000	0.000000	0.492480
62	tsk_62	(x)	1	:	0.000000	0.000000	0.000000	0.000000	0.000000	0.000000	0.492740	0.014519	0.000000	0.000000	0.000002	0.000000	0.492740
63	tsk_63	(x)	1	:	0.000000	0.000000	0.000000	0.000000	0.000000	0.000000	0.492686	0.014626	0.000000	0.000000	0.000002	0.000000	0.492686
64	tsk_64	(x)	1	:	0.000000	0.000000	0.000000	0.000000	0.470592	0.000000	0.498313	0.031095	0.000000	0.000000	0.000000	0.000000	0.000000
65	tsk_65	(x)	1	:	0.499561	0.000000	0.000000	0.000000	0.000000	0.000000	0.000000	0.007874	0.000000	0.000000	0.000000	0.000000	0.492565
66	tsk_66	(x)	1	:	0.000000	0.466884	0.000000	0.000000	0.000000	0.000000	0.496209	0.036907	0.000000	0.000000	0.000000	0.000000	0.000000
67	tsk_67	(x)	1	:	0.499837	0.000000	0.000000	0.000000	0.000000	0.000000	0.000000	0.040152	0.000000	0.000000	0.000000	0.460011	0.000000
68	tsk_68	(x)	1	:	0.000000	0.000000	0.000000	0.000000	0.470856	0.000000	0.000000	0.030023	0.000000	0.000000	0.000003	0.000000	0.499118
69	tsk_69	(x)	1	:	0.000000	0.000000	0.000000	0.000000	0.470719	0.000000	0.000000	0.030578	0.000000	0.000000	0.000002	0.000000	0.498701
70	tsk_70	(x)	1	:	0.000000	0.555587	0.000000	0.000000	0.444413	0.000000	0.000000	0.000000	0.000000	0.000000	0.000000	0.000000	0.000000
71	tsk_71	(x)	1	:	0.000000	0.587449	0.000000	0.000000	0.000000	0.000000	0.000003	0.412527	0.000000	0.000000	0.000011	0.000000	0.000009
72	tsk_72	(x)	1	:	0.000000	0.000000	0.000000	0.000000	0.000000	0.000000	0.000000	0.258888	0.000000	0.000000	0.000007	0.241090	0.500014
73	tsk_73	(x)	1	:	0.000000	0.000000	0.000000	0.000000	0.472031	0.000000	0.000000	0.024952	0.000000	0.000000	0.503017	0.000000	0.000000
74	tsk_74	(x)	1	:	0.000000	0.000000	0.000000	0.000000	0.000000	0.000000	0.000000	0.258886	0.000000	0.000000	0.000008	0.241090	0.500015
75	tsk_75	(x)	1	:	0.000000	0.562375	0.000000	0.000000	0.000000	0.000000	0.000000	0.000004	0.000000	0.000000	0.000000	0.000000	0.437621
76	tsk_76	(x)	1	:	0.000000	0.000000	0.000000	0.000000	0.000000	0.000000	0.000000	0.038255	0.000000	0.000000	0.501262	0.460483	0.000000
77	tsk_77	(x)	1	:	0.000000	0.000000	0.000000	0.000000	0.000000	0.000000	0.000000	0.074484	0.000000	0.000000	0.000002	0.925514	0.000000
78	tsk_78	(x)	1	:	0.000000	0.562375	0.000000	0.000000	0.000000	0.000000	0.000000	0.000005	0.000000	0.000000	0.000000	0.000000	0.437620
79	tsk_79	(x)	1	:	0.000000	0.467395	0.000000	0.000000	0.470269	0.000000	0.000000	0.062335	0.000000	0.000000	0.000001	0.000000	0.000000
80	tsk_80	(x)	1	:	0.000000	0.000000	0.000000	0.000000	0.000000	0.498604	0.000000	0.009892	0.000000	0.000000	0.000000	0.000000	0.491503
81	tsk_81	(x)	1	:	0.242325	0.000001	0.000000	0.000000	0.000000	0.500200	0.000000	0.000000	0.257475	0.000000	0.000000	0.000000	0.000000
82	tsk_82	(x)	1	:	0.000000	0.000000	0.000000	0.000000	0.000000	1.000000	0.000000	0.000000	0.000000	0.000000	0.000000	0.000000	0.000000
83	tsk_83	(x)	1	:	0.000000	0.000000	0.000000	0.000000	0.000000	0.498624	0.000000	0.009751	0.000000	0.000000	0.000000	0.000000	0.491625
84	tsk_84	(x)	1	:	0.000000	0.000000	0.000000	0.000000	0.000000	1.000000	0.000000	0.000000	0.000000	0.000000	0.000000	0.000000	0.000000
85	tsk_85	(x)	1	:	0.000000	0.000000	0.000000	0.000000	0.000000	0.498596	0.491459	0.009945	0.000000	0.000000	0.000000	0.000000	0.000000
86	tsk_86	(x)	1	:	0.000000	0.000000	0.000000	0.000000	0.313677	0.000000	0.000001	0.226307	0.000000	0.000000	0.000006	0.460009	0.000000
87	tsk_87	(x)	1	:	0.000000	0.000000	0.000000	0.000000	0.000000	0.000000	0.000000	0.000000	0.000000	0.000000	0.000000	0.000000	1.000000
88	tsk_88	(x)	1	:	0.000000	0.000000	0.000000	0.000000	0.000000	0.498637	0.000000	0.009654	0.000000	0.000000	0.000001	0.000000	0.491708
89	tsk_89	(x)	1	:	0.000000	0.000000	0.000000	0.000000	0.000000	0.000000	0.000000	0.000000	0.000000	0.000000	0.000000	0.000000	1.000000
90	tsk_90	(x)	1	:	0.000000	0.000000	0.000000	0.000000	0.000000	0.000000	0.000000	0.000000	0.000000	0.000000	0.000000	0.000000	1.000000
91	tsk_91	(x)	1	:	0.000000	0.000000	0.000000	0.000000	0.472154	0.000000	0.000000	0.024456	0.000000	0.000000	0.503390	0.000000	0.000000
92	tsk_92	(x)	1	:	0.493071	0.000000	0.000000	0.000000	0.000000	0.000000	0.000000	0.000000	0.506929	0.000000	0.000000	0.000000	0.000000
93	tsk_93	(x)	1	:	0.000000	0.000000	0.000000	0.000000	0.470726	0.000000	0.000000	0.030549	0.000000	0.000000	0.000002	0.000000	0.498723
94	tsk_94	(x)	1	:	0.000000	0.000000	0.000000	0.000000	0.000000	0.000000	0.000000	0.041443	0.000000	0.000000	0.000002	0.459468	0.499087
95	tsk_95	(x)	1	:	0.000000	0.000000	0.000000	0.000000	0.472826	0.000000	0.000000	0.021763	0.000000	0.000000	0.505411	0.000000	0.000000
96	tsk_96	(x)	1	:	0.000000	0.000000	0.000000	0.000000	0.470730	0.000000	0.000000	0.030532	0.000000	0.000000	0.000002	0.000000	0.498735
97	tsk_97	(x)	1	:	0.118243	0.000028	0.000000	0.000000	0.000000	0.000000	0.000000	0.003246	0.000000	0.381432	0.000000	0.000000	0.497052
98	tsk_98	(x)	1	:	0.000000	0.000000	0.000000	0.000000	0.000000	0.000000	0.000000	0.011616	0.000000	0.000000	0.494374	0.000000	0.494011
99	tsk_99	(x)	1	:	0.000000	0.000000	0.000000	0.000000	0.000000	0.000000	0.000000	0.010940	0.000000	0.000000	0.494712	0.000000	0.494348
100	tsk_100	(x)	1	:	0.002533	0.000021	0.000000	0.000000	0.000000	0.000000	0.000001	0.499936	0.000000	0.497501	0.000008	0.000000	0.000002
101	tsk_101	(x)	1	:	1.000000	0.000000	0.000000	0.000000	0.000000	0.000000	0.000000	0.000000	0.000000	0.000000	0.000000	0.000000	0.000000
102	tsk_102	(x)	1	:	1.000000	0.000000	0.000000	0.000000	0.000000	0.000000	0.000000	0.000000	0.000000	0.000000	0.000000	0.000000	0.000000
103	tsk_103	(x)	1	:	0.499804	0.000027	0.000000	0.000000	0.000000	0.000000	0.000000	0.500168	0.000000	0.000000	0.000000	0.000000	0.000000
104	tsk_104	(x)	1	:	0.493317	0.000000	0.000000	0.000000	0.506683	0.000000	0.000000	0.000000	0.000000	0.000000	0.000000	0.000000	0.000000
105	tsk_105	(x)	1	:	0.000000	0.000000	0.000000	0.000000	0.552731	0.000000	0.000000	0.000054	0.000000	0.000000	0.000000	0.000000	0.447215
106	tsk_106	(x)	1	:	0.501881	0.498119	0.000000	0.000000	0.000000	0.000000	0.000000	0.000000	0.000000	0.000000	0.000000	0.000000	0.000000
107	tsk_107	(x)	1	:	1.000000	0.000000	0.000000	0.000000	0.000000	0.000000	0.000000	0.000000	0.000000	0.000000	0.000000	0.000000	0.000000
108	tsk_108	(x)	1	:	0.501882	0.498117	0.000000	0.000000	0.000000	0.000000	0.000000	0.000000	0.000000	0.000000	0.000000	0.000000	0.000000
109	tsk_109	(x)	1	:	0.493637	0.000000	0.000000	0.000000	0.000000	0.000000	0.000000	0.000000	0.000000	0.000000	0.000000	0.506363	0.000000
110	tsk_110	(x)	1	:	0.000000	0.000000	0.000000	0.000000	0.000000	0.000000	0.000003	0.539988	0.000000	0.000000	0.000017	0.459990	0.000001
111	tsk_111	(x)	1	:	0.000000	0.000000	0.000000	0.000000	0.000000	0.000000	0.000000	0.000002	0.000000	0.000000	0.000000	0.568062	0.431936
112	tsk_112	(x)	1	:	0.000001	0.496601	0.000000	0.503398	0.000000	0.000000	0.000000	0.000000	0.000000	0.000000	0.000000	0.000000	0.000000
113	tsk_113	(x)	1	:	0.000000	0.000000	0.000000	0.000000	0.558542	0.000000	0.000000	0.000410	0.000000	0.000000	0.000000	0.441047	0.000000
114	tsk_114	(x)	1	:	0.499587	0.000001	0.000000	0.000000	0.000000	0.000000	0.000000	0.006818	0.000000	0.000000	0.000000	0.000000	0.493594
115	tsk_115	(x)	1	:	0.000000	0.000000	0.000000	0.000000	0.000000	0.000000	0.000000	0.000000	0.000000	0.000000	0.000000	1.000000	0.000000
116	tsk_116	(x)	1	:	0.000000	0.000000	0.000000	0.000000	0.000000	0.000000	0.000000	0.040550	0.000000	0.000000	0.000003	0.459786	0.499660
117	tsk_117	(x)	1	:	0.000000	0.000000	0.000000	0.000000	0.000000	0.000000	0.491918	0.016163	0.000000	0.000000	0.000001	0.000000	0.491918
118	tsk_118	(x)	1	:	0.000000	0.000000	0.000000	0.000000	0.000000	0.000000	0.000000	0.080750	0.000000	0.000000	0.000003	0.419224	0.500023
119	tsk_119	(x)	1	:	0.000000	0.000000	0.000000	0.000000	0.000000	0.000000	0.492331	0.015336	0.000000	0.000000	0.000002	0.000000	0.492331
120	tsk_120	(x)	1	:	0.000000	0.000000	0.000000	0.000000	0.000000	0.474159	0.000000	0.000003	0.000000	0.000000	0.000000	0.525837	0.000000
121	tsk_121	(x)	1	:	0.000000	0.000000	0.000000	0.000000	0.470641	0.000000	0.498465	0.030894	0.000000	0.000000	0.000000	0.000000	0.000000
122	tsk_122	(x)	1	:	0.000000	0.467394	0.000000	0.000000	0.470269	0.000000	0.000000	0.062335	0.000000	0.000000	0.000001	0.000000	0.000000
123	tsk_123	(x)	1	:	0.000000	0.000000	0.000000	0.000000	1.000000	0.000000	0.000000	0.000000	0.000000	0.000000	0.000000	0.000000	0.000000
124	tsk_124	(x)	1	:	0.212086	0.000000	0.728571	0.000000	0.000000	0.000000	0.000000	0.059343	0.000000	0.000000	0.000000	0.000000	0.000000
125	tsk_125	(x)	1	:	0.000000	0.000000	0.000000	0.000000	0.441619	0.000000	0.000000	0.000000	0.000000	0.000000	0.000000	0.558381	0.000000
126	tsk_126	(x)	1	:	0.212071	0.000000	0.728618	0.000000	0.000000	0.000000	0.000000	0.059310	0.000000	0.000000	0.000000	0.000000	0.000000
127	tsk_127	(x)	1	:	0.212075	0.000000	0.728605	0.000000	0.000000	0.000000	0.000000	0.059320	0.000000	0.000000	0.000000	0.000000	0.000000
128	tsk_128	(x)	1	:	1.000000	0.000000	0.000000	0.000000	0.000000	0.000000	0.000000	0.000000	0.000000	0.000000	0.000000	0.000000	0.000000
129	tsk_129	(x)	1	:	0.000000	0.000000	0.000000	0.000000	1.000000	0.000000	0.000000	0.000000	0.000000	0.000000	0.000000	0.000000	0.000000
130	tsk_130	(x)	1	:	0.000000	0.000000	0.000000	0.000000	0.000000	0.000000	0.000000	0.000000	0.000000	0.000000	0.000000	0.000000	1.000000
131	tsk_131	(x)	1	:	0.000000	0.000000	0.000000	0.000000	0.313668	0.000000	0.000001	0.445219	0.000000	0.000000	0.000014	0.241097	0.000000
132	tsk_132	(x)	1	:	0.000000	0.000000	0.000000	0.000000	0.931233	0.000000	0.000000	0.068762	0.000000	0.000000	0.000005	0.000000	0.000000
133	tsk_133	(x)	1	:	0.000000	0.000000	0.000000	0.000000	0.552735	0.000000	0.000000	0.000037	0.000000	0.000000	0.000000	0.000000	0.447229
134	tsk_134	(x)	1	:	0.000000	0.000000	0.000000	0.000000	0.000000	0.000000	0.000000	0.258889	0.000000	0.000000	0.000008	0.241090	0.500013
135	tsk_135	(x)	1	:	0.000000	0.000000	0.000000	0.000000	0.313664	0.000000	0.000002	0.686309	0.000000	0.000000	0.000023	0.000000	0.000002
136	tsk_136	(x)	1	:	0.000000	0.000000	0.000000	0.000000	0.313667	0.000000	0.000002	0.445222	0.000000	0.000000	0.000012	0.241096	0.000001
137	tsk_137	(x)	1	:	0.000000	0.000000	0.000000	0.000000	0.313662	0.000000	0.000000	0.186328	0.000000	0.000000	0.000005	0.000000	0.500005
138	tsk_138	(x)	1	:	0.000000	0.000000	0.000000	0.000000	0.000000	0.000000	0.000002	0.499886	0.000000	0.000000	0.000021	0.000000	0.500091
139	tsk_139	(x)	1	:	0.000000	0.000000	0.000000	0.000000	0.313658	0.000000	0.000000	0.186339	0.000000	0.000000	0.000016	0.000000	0.499986
140	tsk_140	(x)	1	:	0.000000	0.000000	0.000000	0.000000	0.000000	0.000000	1.000000	0.000000	0.000000	0.000000	0.000000	0.000000	0.000000
141	tsk_141	(x)	1	:	0.002123	0.000001	0.000000	0.000000	0.000000	0.000000	0.000000	0.003596	0.000000	0.497781	0.496500	0.000000	0.000000
142	tsk_142	(x)	1	:	0.000000	0.000000	0.000000	0.000000	0.470752	0.000000	0.498801	0.030446	0.000000	0.000000	0.000001	0.000000	0.000000
143	tsk_143	(x)	1	:	0.002461	0.000001	0.000000	0.000000	0.000000	0.000000	0.492859	0.007319	0.000000	0.497360	0.000000	0.000000	0.000000
144	tsk_144	(x)	1	:	0.006324	0.000000	0.000000	0.000000	0.000000	0.000000	0.000000	0.000000	0.499215	0.494461	0.000000	0.000000	0.000000
145	tsk_145	(x)	1	:	0.000000	0.533569	0.000000	0.000000	0.000000	0.466431	0.000000	0.000000	0.000000	0.000000	0.000000	0.000000	0.000000
146	tsk_146	(x)	1	:	0.000000	0.000000	0.000000	0.000000	0.878216	0.000000	0.000000	0.121773	0.000000	0.000000	0.000010	0.000000	0.000000
147	tsk_147	(x)	1	:	0.000000	0.000000	0.000000	0.000000	0.000000	0.000000	0.495054	0.009528	0.000000	0.000000	0.495418	0.000000	0.000000
148	tsk_148	(x)	1	:	0.000000	0.000000	0.000000	0.000000	0.000000	0.000000	0.500038	0.499953	0.000000	0.000000	0.000008	0.000000	0.000000
149	tsk_149	(x)	1	:	0.000000	0.000000	0.000000	0.000000	0.000000	0.000000	1.000000	0.000000	0.000000	0.000000	0.000000	0.000000	0.000000
