logL = -1096.727438 (converged)
AIC = 2997.454876
BIC = 4207.730264

count.K
61 26 63 

