logL = -1478.024964 (converged)
AIC = 6456.049928
BIC = 11724.661693

count.K
23 23 4 27 17 7 9 1 21 18 

