logL = -1044.092856 (converged)
AIC = 6300.185712
BIC = 12640.583641

count.K
36 14 15 4 17 3 0 7 15 4 22 13 

