logL = -2636.742833 (converged)
AIC = 6143.485666
BIC = 7453.112019

count.K
50 65 35 

