logL = -2395.532620 (converged)
AIC = 8491.065240
BIC = 14060.740534

count.K
1 4 20 10 30 13 18 28 14 12 

