logL = -1842.730098 (converged)
AIC = 4905.460197
BIC = 6741.947726

count.K
41 52 15 42 

