logL = -1201.533780 (converged)
AIC = 4311.067560
BIC = 7183.213630

count.K
26 19 17 52 7 29 

