logL = -639.596288 (converged)
AIC = 4939.192576
BIC = 10448.655164

count.K
42 6 7 13 8 9 0 12 16 1 36 

