logL = -1176.538631 (converged)
AIC = 6299.077263
BIC = 12239.060698

count.K
15 18 9 31 19 1 11 5 10 20 11 

