logL = -2387.716953 (converged)
AIC = 7755.433907
BIC = 12241.280495

count.K
20 24 28 39 26 4 1 8 

