logL = -1748.482292 (converged)
AIC = 4860.964584
BIC = 6914.217855

count.K
60 21 42 27 

