logL = -833.374876 (converged)
AIC = 6254.749753
BIC = 13161.147117

count.K
3 23 8 3 25 43 8 21 5 6 4 0 1 

