0	tsk_0	(x)	1	:	0.000000	0.483578	0.000000	0.000000	0.000000	0.000000	0.000000	0.000000	0.516422
1	tsk_1	(x)	1	:	0.000000	1.000000	0.000000	0.000000	0.000000	0.000000	0.000000	0.000000	0.000000
2	tsk_2	(x)	1	:	0.501154	0.000000	0.000000	0.000771	0.498074	0.000000	0.000000	0.000000	0.000000
3	tsk_3	(x)	1	:	0.000000	0.000000	0.000000	0.000000	0.504490	0.000000	0.000000	0.000000	0.495510
4	tsk_4	(x)	1	:	0.504401	0.000000	0.000025	0.000445	0.000000	0.000000	0.000000	0.000000	0.495130
5	tsk_5	(x)	1	:	0.536699	0.000000	0.000000	0.463301	0.000000	0.000000	0.000000	0.000000	0.000000
6	tsk_6	(x)	1	:	0.000000	0.000000	0.397574	0.000000	0.000000	0.000000	0.000000	0.000000	0.602426
7	tsk_7	(x)	1	:	0.502942	0.496624	0.000000	0.000434	0.000000	0.000000	0.000000	0.000000	0.000000
8	tsk_8	(x)	1	:	0.502906	0.496622	0.000000	0.000472	0.000000	0.000000	0.000000	0.000000	0.000000
9	tsk_9	(x)	1	:	0.000000	0.497005	0.000000	0.000000	0.502995	0.000000	0.000000	0.000000	0.000000
10	tsk_10	(x)	1	:	0.504497	0.000000	0.495248	0.000255	0.000000	0.000000	0.000000	0.000000	0.000000
11	tsk_11	(x)	1	:	0.000000	0.498613	0.501387	0.000000	0.000000	0.000000	0.000000	0.000000	0.000000
12	tsk_12	(x)	1	:	0.000000	0.072335	0.000000	0.165000	0.000000	0.000000	0.441851	0.320814	0.000000
13	tsk_13	(x)	1	:	0.502645	0.055736	0.000000	0.000430	0.000000	0.000000	0.441189	0.000000	0.000000
14	tsk_14	(x)	1	:	0.000000	0.000000	0.000000	0.522942	0.000000	0.000000	0.000000	0.000000	0.477058
15	tsk_15	(x)	1	:	0.536699	0.000000	0.000000	0.463301	0.000000	0.000000	0.000000	0.000000	0.000000
16	tsk_16	(x)	1	:	0.000000	0.498452	0.000000	0.501548	0.000000	0.000000	0.000000	0.000000	0.000000
17	tsk_17	(x)	1	:	0.502650	0.055737	0.000000	0.000426	0.000000	0.000000	0.441188	0.000000	0.000000
18	tsk_18	(x)	1	:	0.000000	0.000000	1.000000	0.000000	0.000000	0.000000	0.000000	0.000000	0.000000
19	tsk_19	(x)	1	:	0.000000	0.498331	0.000000	0.501669	0.000000	0.000000	0.000000	0.000000	0.000000
20	tsk_20	(x)	1	:	0.000000	0.000000	0.000000	0.000221	0.497222	0.502557	0.000000	0.000000	0.000000
21	tsk_21	(x)	1	:	0.000000	0.000000	0.517931	0.000000	0.000000	0.000000	0.482069	0.000000	0.000000
22	tsk_22	(x)	1	:	0.000000	0.497926	0.000000	0.000000	0.000000	0.502074	0.000000	0.000000	0.000000
23	tsk_23	(x)	1	:	0.000000	0.000000	0.000000	0.000000	0.504490	0.000000	0.000000	0.000000	0.495510
24	tsk_24	(x)	1	:	0.501229	0.000000	0.000000	0.000687	0.498084	0.000000	0.000000	0.000000	0.000000
25	tsk_25	(x)	1	:	0.000000	0.483380	0.000000	0.000000	0.000000	0.516620	0.000000	0.000000	0.000000
26	tsk_26	(x)	1	:	0.000000	0.498710	0.000076	0.000000	0.000000	0.000000	0.000000	0.000000	0.501214
27	tsk_27	(x)	1	:	0.000000	0.000000	0.000027	0.001797	0.000000	0.500365	0.000000	0.000000	0.497811
28	tsk_28	(x)	1	:	0.000000	0.056173	0.000000	0.000000	0.502632	0.000000	0.441196	0.000000	0.000000
29	tsk_29	(x)	1	:	0.000000	0.056171	0.000000	0.000000	0.502632	0.000000	0.441197	0.000000	0.000000
30	tsk_30	(x)	1	:	0.000000	0.057810	0.000010	0.000000	0.000000	0.000000	0.441268	0.000000	0.500912
31	tsk_31	(x)	1	:	0.000000	0.057813	0.000071	0.000000	0.000000	0.000000	0.441265	0.000000	0.500851
32	tsk_32	(x)	1	:	0.000000	0.513195	0.000045	0.000000	0.000000	0.000000	0.000000	0.000000	0.486760
33	tsk_33	(x)	1	:	0.000000	0.000000	0.000032	0.501166	0.000000	0.000000	0.000000	0.000000	0.498801
34	tsk_34	(x)	1	:	0.000000	0.000000	1.000000	0.000000	0.000000	0.000000	0.000000	0.000000	0.000000
35	tsk_35	(x)	1	:	0.000000	0.000000	0.000000	0.214499	0.000000	0.286845	0.000000	0.000000	0.498657
36	tsk_36	(x)	1	:	0.000000	0.000000	0.000000	0.000000	0.504490	0.000000	0.000000	0.000000	0.495510
37	tsk_37	(x)	1	:	0.504540	0.000000	0.000000	0.000291	0.000000	0.000000	0.000000	0.000000	0.495168
38	tsk_38	(x)	1	:	0.000000	0.000000	0.000000	0.000000	0.532062	0.000000	0.000000	0.000000	0.467938
39	tsk_39	(x)	1	:	0.000000	0.513195	0.000045	0.000000	0.000000	0.000000	0.000000	0.000000	0.486760
40	tsk_40	(x)	1	:	0.000000	0.000000	0.000000	0.000237	0.497219	0.502544	0.000000	0.000000	0.000000
41	tsk_41	(x)	1	:	0.000000	0.000000	0.000000	0.470635	0.000000	0.529365	0.000000	0.000000	0.000000
42	tsk_42	(x)	1	:	0.000000	0.496106	0.000000	0.000000	0.000000	0.503894	0.000000	0.000000	0.000000
43	tsk_43	(x)	1	:	0.000000	0.000000	0.000000	0.177566	0.000000	0.528286	0.000000	0.294148	0.000000
44	tsk_44	(x)	1	:	0.000000	0.000000	0.000000	0.000000	0.470569	0.529431	0.000000	0.000000	0.000000
45	tsk_45	(x)	1	:	0.000000	0.000000	0.000000	0.048302	0.000000	0.657861	0.000000	0.293837	0.000000
46	tsk_46	(x)	1	:	0.000000	0.000000	0.000000	0.341098	0.000000	0.658902	0.000000	0.000000	0.000000
47	tsk_47	(x)	1	:	0.000000	0.000000	0.000000	0.000046	0.000000	0.505417	0.000000	0.000000	0.494537
48	tsk_48	(x)	1	:	0.000000	0.000000	0.000000	0.000000	0.000000	1.000000	0.000000	0.000000	0.000000
49	tsk_49	(x)	1	:	0.000000	0.508781	0.000000	0.000000	0.000000	0.491219	0.000000	0.000000	0.000000
50	tsk_50	(x)	1	:	0.000000	1.000000	0.000000	0.000000	0.000000	0.000000	0.000000	0.000000	0.000000
51	tsk_51	(x)	1	:	0.000000	0.000000	0.000000	0.000000	0.000000	1.000000	0.000000	0.000000	0.000000
52	tsk_52	(x)	1	:	0.000000	0.497926	0.000000	0.000000	0.000000	0.502074	0.000000	0.000000	0.000000
53	tsk_53	(x)	1	:	0.000000	0.497926	0.000000	0.000000	0.000000	0.502074	0.000000	0.000000	0.000000
54	tsk_54	(x)	1	:	0.000000	0.510702	0.000000	0.000000	0.000000	0.489298	0.000000	0.000000	0.000000
55	tsk_55	(x)	1	:	0.000000	0.497926	0.000000	0.000000	0.000000	0.502074	0.000000	0.000000	0.000000
56	tsk_56	(x)	1	:	0.000000	0.000000	1.000000	0.000000	0.000000	0.000000	0.000000	0.000000	0.000000
57	tsk_57	(x)	1	:	0.000000	0.000000	0.000000	0.000000	0.000000	1.000000	0.000000	0.000000	0.000000
58	tsk_58	(x)	1	:	0.000000	0.000000	0.000000	0.201134	0.000000	0.504682	0.000000	0.294184	0.000000
59	tsk_59	(x)	1	:	0.000000	0.497926	0.000000	0.000000	0.000000	0.502074	0.000000	0.000000	0.000000
60	tsk_60	(x)	1	:	0.218919	0.489671	0.000000	0.291410	0.000000	0.000000	0.000000	0.000000	0.000000
61	tsk_61	(x)	1	:	0.000000	0.000000	0.000000	1.000000	0.000000	0.000000	0.000000	0.000000	0.000000
62	tsk_62	(x)	1	:	0.536699	0.000000	0.000000	0.463301	0.000000	0.000000	0.000000	0.000000	0.000000
63	tsk_63	(x)	1	:	0.000000	0.510962	0.000000	0.049948	0.000000	0.439090	0.000000	0.000000	0.000000
64	tsk_64	(x)	1	:	0.000000	0.510962	0.000000	0.049937	0.000000	0.439100	0.000000	0.000000	0.000000
65	tsk_65	(x)	1	:	0.000000	0.498452	0.000000	0.501548	0.000000	0.000000	0.000000	0.000000	0.000000
66	tsk_66	(x)	1	:	0.000000	0.057387	0.000000	0.501351	0.000000	0.000000	0.441261	0.000000	0.000000
67	tsk_67	(x)	1	:	0.000000	0.000000	0.000000	0.494289	0.000000	0.505711	0.000000	0.000000	0.000000
68	tsk_68	(x)	1	:	0.535210	0.000000	0.000000	0.178023	0.000000	0.286767	0.000000	0.000000	0.000000
69	tsk_69	(x)	1	:	0.000000	0.000000	0.000000	1.000000	0.000000	0.000000	0.000000	0.000000	0.000000
70	tsk_70	(x)	1	:	0.000000	0.000022	0.517930	0.000000	0.000000	0.000000	0.482048	0.000000	0.000000
71	tsk_71	(x)	1	:	0.000000	0.000000	0.000000	0.000000	0.000000	0.000000	1.000000	0.000000	0.000000
72	tsk_72	(x)	1	:	0.000000	0.000000	0.489069	0.000000	0.000000	0.000000	0.510931	0.000000	0.000000
73	tsk_73	(x)	1	:	0.000000	0.000000	0.489069	0.000000	0.000000	0.000000	0.510931	0.000000	0.000000
74	tsk_74	(x)	1	:	0.000000	0.000000	0.000000	0.000000	0.000000	0.546685	0.000000	0.000000	0.453315
75	tsk_75	(x)	1	:	0.000000	0.000000	0.485387	0.000000	0.000000	0.000000	0.514613	0.000000	0.000000
76	tsk_76	(x)	1	:	0.000000	0.000000	0.000000	0.000000	0.000000	0.000000	1.000000	0.000000	0.000000
77	tsk_77	(x)	1	:	0.000000	0.000000	0.000000	0.000000	0.000000	0.000000	1.000000	0.000000	0.000000
78	tsk_78	(x)	1	:	0.000000	0.000000	1.000000	0.000000	0.000000	0.000000	0.000000	0.000000	0.000000
79	tsk_79	(x)	1	:	0.000000	0.000000	1.000000	0.000000	0.000000	0.000000	0.000000	0.000000	0.000000
80	tsk_80	(x)	1	:	0.000000	0.000000	0.486261	0.000000	0.000000	0.000000	0.513739	0.000000	0.000000
81	tsk_81	(x)	1	:	0.000000	0.057818	0.000083	0.000000	0.000000	0.000000	0.441261	0.000000	0.500839
82	tsk_82	(x)	1	:	0.000000	0.000000	0.000000	0.000000	0.000000	0.000000	1.000000	0.000000	0.000000
83	tsk_83	(x)	1	:	0.000000	0.057820	0.000081	0.000000	0.000000	0.000000	0.441258	0.000000	0.500840
84	tsk_84	(x)	1	:	0.000000	0.000000	0.517738	0.000000	0.000000	0.000000	0.482262	0.000000	0.000000
85	tsk_85	(x)	1	:	0.000000	0.000000	1.000000	0.000000	0.000000	0.000000	0.000000	0.000000	0.000000
86	tsk_86	(x)	1	:	0.000000	0.000000	0.000000	0.000000	0.504490	0.000000	0.000000	0.000000	0.495510
87	tsk_87	(x)	1	:	0.000000	0.000000	0.000000	0.000000	1.000000	0.000000	0.000000	0.000000	0.000000
88	tsk_88	(x)	1	:	0.000000	0.043423	0.000000	0.000000	0.000000	0.516286	0.440292	0.000000	0.000000
89	tsk_89	(x)	1	:	0.000000	0.000000	0.000000	0.000000	0.504490	0.000000	0.000000	0.000000	0.495510
90	tsk_90	(x)	1	:	0.502667	0.055737	0.000000	0.000407	0.000000	0.000000	0.441188	0.000000	0.000000
91	tsk_91	(x)	1	:	0.502950	0.496624	0.000000	0.000426	0.000000	0.000000	0.000000	0.000000	0.000000
92	tsk_92	(x)	1	:	0.481127	0.000000	0.000000	0.000022	0.000000	0.000000	0.518851	0.000000	0.000000
93	tsk_93	(x)	1	:	0.000000	0.000000	0.498901	0.000000	0.000000	0.000000	0.501099	0.000000	0.000000
94	tsk_94	(x)	1	:	0.000000	0.553323	0.000000	0.000000	0.000000	0.000000	0.446677	0.000000	0.000000
95	tsk_95	(x)	1	:	0.000000	0.251258	0.000000	0.000000	0.000000	0.000000	0.748742	0.000000	0.000000
96	tsk_96	(x)	1	:	0.000000	0.051805	0.511738	0.000000	0.000000	0.000000	0.436457	0.000000	0.000000
97	tsk_97	(x)	1	:	0.000000	0.051803	0.511739	0.000000	0.000000	0.000000	0.436458	0.000000	0.000000
98	tsk_98	(x)	1	:	0.502685	0.055739	0.000000	0.000388	0.000000	0.000000	0.441187	0.000000	0.000000
99	tsk_99	(x)	1	:	0.000000	0.000000	0.000000	0.000000	0.000000	0.481272	0.518728	0.000000	0.000000
100	tsk_100	(x)	1	:	0.000000	0.057825	0.000074	0.000000	0.000000	0.000000	0.441255	0.000000	0.500846
101	tsk_101	(x)	1	:	0.000000	0.511330	0.000000	0.488670	0.000000	0.000000	0.000000	0.000000	0.000000
102	tsk_102	(x)	1	:	0.000000	0.057818	0.000083	0.000000	0.000000	0.000000	0.441260	0.000000	0.500839
103	tsk_103	(x)	1	:	0.000000	0.000000	1.000000	0.000000	0.000000	0.000000	0.000000	0.000000	0.000000
104	tsk_104	(x)	1	:	0.000000	0.000000	0.000000	0.000000	0.000000	0.000000	1.000000	0.000000	0.000000
105	tsk_105	(x)	1	:	0.000000	0.000000	0.000000	0.501168	0.000000	0.000000	0.000000	0.000000	0.498832
106	tsk_106	(x)	1	:	0.000000	0.057818	0.000083	0.000000	0.000000	0.000000	0.441260	0.000000	0.500839
107	tsk_107	(x)	1	:	0.000000	0.513195	0.000045	0.000000	0.000000	0.000000	0.000000	0.000000	0.486760
108	tsk_108	(x)	1	:	0.000000	0.040521	0.000000	0.000000	0.000000	0.515686	0.443793	0.000000	0.000000
109	tsk_109	(x)	1	:	0.000000	0.000000	0.000000	0.501168	0.000000	0.000000	0.000000	0.000000	0.498832
110	tsk_110	(x)	1	:	0.000000	0.000000	0.000000	0.053256	0.000000	0.000000	0.000000	0.946744	0.000000
111	tsk_111	(x)	1	:	0.000000	0.000000	0.000000	0.000000	0.000000	0.000000	0.000000	0.545475	0.454525
112	tsk_112	(x)	1	:	0.000000	0.000000	0.000000	0.000000	0.000000	0.000000	0.000000	1.000000	0.000000
113	tsk_113	(x)	1	:	0.000000	0.000000	0.000000	0.053256	0.000000	0.000000	0.000000	0.946744	0.000000
114	tsk_114	(x)	1	:	0.000000	0.513882	0.000000	0.165225	0.000000	0.000000	0.000000	0.320892	0.000000
115	tsk_115	(x)	1	:	0.000000	0.000000	0.000000	0.053256	0.000000	0.000000	0.000000	0.946744	0.000000
116	tsk_116	(x)	1	:	0.000000	0.000000	0.000000	0.000000	0.000000	0.000000	0.000000	1.000000	0.000000
117	tsk_117	(x)	1	:	0.445056	0.000000	0.000000	0.000000	0.000000	0.000000	0.000000	0.554944	0.000000
118	tsk_118	(x)	1	:	0.000000	0.000000	0.510262	0.000000	0.000000	0.000000	0.000000	0.489738	0.000000
119	tsk_119	(x)	1	:	1.000000	0.000000	0.000000	0.000000	0.000000	0.000000	0.000000	0.000000	0.000000
120	tsk_120	(x)	1	:	0.000000	0.000000	0.000031	0.501166	0.000000	0.000000	0.000000	0.000000	0.498802
121	tsk_121	(x)	1	:	0.000000	0.000000	0.000030	0.501167	0.000000	0.000000	0.000000	0.000000	0.498804
122	tsk_122	(x)	1	:	0.000000	0.000000	0.000000	0.470635	0.000000	0.529365	0.000000	0.000000	0.000000
123	tsk_123	(x)	1	:	0.000000	1.000000	0.000000	0.000000	0.000000	0.000000	0.000000	0.000000	0.000000
124	tsk_124	(x)	1	:	0.000000	0.057821	0.000080	0.000000	0.000000	0.000000	0.441258	0.000000	0.500841
125	tsk_125	(x)	1	:	0.000000	0.057816	0.000082	0.000000	0.000000	0.000000	0.441262	0.000000	0.500840
126	tsk_126	(x)	1	:	0.000000	0.000000	0.000000	0.490355	0.000000	0.000000	0.509645	0.000000	0.000000
127	tsk_127	(x)	1	:	0.000000	0.057819	0.000083	0.000000	0.000000	0.000000	0.441260	0.000000	0.500839
128	tsk_128	(x)	1	:	0.000000	0.513882	0.000000	0.165225	0.000000	0.000000	0.000000	0.320892	0.000000
129	tsk_129	(x)	1	:	0.000000	0.498331	0.000000	0.501669	0.000000	0.000000	0.000000	0.000000	0.000000
130	tsk_130	(x)	1	:	0.477680	0.000000	0.000000	0.000000	0.000000	0.000000	0.000000	0.000000	0.522320
131	tsk_131	(x)	1	:	0.445056	0.000000	0.000000	0.000000	0.000000	0.000000	0.000000	0.554944	0.000000
132	tsk_132	(x)	1	:	0.502636	0.055732	0.000000	0.000440	0.000000	0.000000	0.441192	0.000000	0.000000
133	tsk_133	(x)	1	:	0.000000	0.000000	0.000000	0.000000	0.000000	0.000000	0.496939	0.000000	0.503060
134	tsk_134	(x)	1	:	0.000000	0.000000	0.000000	0.184767	0.000000	0.286756	0.000000	0.000000	0.528477
135	tsk_135	(x)	1	:	0.000000	0.000000	0.000000	0.184767	0.000000	0.286756	0.000000	0.000000	0.528477
136	tsk_136	(x)	1	:	0.000000	0.000000	0.000000	0.000000	0.000000	0.479852	0.000000	0.000000	0.520148
137	tsk_137	(x)	1	:	0.000000	0.503174	0.000000	0.309798	0.000000	0.187028	0.000000	0.000000	0.000000
138	tsk_138	(x)	1	:	0.000000	0.055275	0.000000	0.000000	0.000000	0.503583	0.441142	0.000000	0.000000
139	tsk_139	(x)	1	:	0.000000	0.000000	0.000000	0.000000	0.000000	0.479854	0.000000	0.000000	0.520146
140	tsk_140	(x)	1	:	0.000000	0.061988	0.501145	0.000000	0.000000	0.000000	0.436867	0.000000	0.000000
141	tsk_141	(x)	1	:	0.000000	0.000000	1.000000	0.000000	0.000000	0.000000	0.000000	0.000000	0.000000
142	tsk_142	(x)	1	:	0.000000	0.057820	0.000080	0.000000	0.000000	0.000000	0.441259	0.000000	0.500841
143	tsk_143	(x)	1	:	0.000000	0.000000	1.000000	0.000000	0.000000	0.000000	0.000000	0.000000	0.000000
144	tsk_144	(x)	1	:	0.000000	0.498613	0.501387	0.000000	0.000000	0.000000	0.000000	0.000000	0.000000
145	tsk_145	(x)	1	:	0.000000	0.000000	1.000000	0.000000	0.000000	0.000000	0.000000	0.000000	0.000000
146	tsk_146	(x)	1	:	0.000000	0.061989	0.501145	0.000000	0.000000	0.000000	0.436866	0.000000	0.000000
147	tsk_147	(x)	1	:	0.504282	0.000000	0.495224	0.000494	0.000000	0.000000	0.000000	0.000000	0.000000
148	tsk_148	(x)	1	:	0.000000	0.061988	0.501145	0.000000	0.000000	0.000000	0.436867	0.000000	0.000000
149	tsk_149	(x)	1	:	0.000000	0.000000	0.000000	0.000000	0.000000	0.000000	0.000000	0.000000	1.000000
