logL = -1603.869205 (converged)
AIC = 3667.738410
BIC = 4360.184528

count.K
42 108 

