logL = -1790.395869 (converged)
AIC = 4052.791738
BIC = 4763.301668

count.K
49 101 

