logL = -1571.896910 (converged)
AIC = 6389.793820
BIC = 11276.054902

count.K
34 14 4 45 8 5 33 7 0 

