logL = -865.892185 (converged)
AIC = 3361.784369
BIC = 5815.452134

count.K
10 85 23 15 17 

