logL = -919.917933 (converged)
AIC = 4387.835867
BIC = 8223.385231

count.K
15 38 3 2 33 18 7 34 

