logL = -1430.855370 (converged)
AIC = 4889.710740
BIC = 7942.494929

count.K
13 25 9 62 18 23 

