logL = -1854.859235 (converged)
AIC = 5057.718469
BIC = 7086.886657

count.K
50 20 11 69 

