logL = -3398.910803 (converged)
AIC = 13247.821605
BIC = 22957.120429

count.K
4 4 7 23 9 3 4 16 5 5 1 13 26 6 24 

