logL = -1846.801867 (converged)
AIC = 7683.603733
BIC = 13689.821145

count.K
25 24 1 12 0 11 10 16 1 24 26 

