logL = -1225.778487 (converged)
AIC = 4431.556974
BIC = 7412.085915

count.K
23 36 43 10 26 12 

