0	tsk_0	(x)	1	:	0.000000	0.000000	0.000000	0.000000	0.000000	0.000000	0.000000	1.000000	0.000000	0.000000	0.000000	0.000000	0.000000
1	tsk_1	(x)	1	:	0.000000	0.000000	0.000000	0.000000	0.000000	0.500011	0.000000	0.000000	0.000000	0.341946	0.000000	0.000000	0.158042
2	tsk_2	(x)	1	:	0.000000	0.000000	0.430818	0.000000	0.000000	0.500873	0.000000	0.000000	0.000000	0.014151	0.039366	0.000000	0.014791
3	tsk_3	(x)	1	:	0.000000	0.414935	0.000000	0.000000	0.000000	0.000000	0.000000	0.499987	0.000000	0.035862	0.000000	0.000000	0.049215
4	tsk_4	(x)	1	:	0.000000	0.000000	0.000000	0.000000	0.000000	0.000000	0.000000	1.000000	0.000000	0.000000	0.000000	0.000000	0.000000
5	tsk_5	(x)	1	:	0.000000	0.000000	0.520061	0.000000	0.000000	0.000000	0.000000	0.479939	0.000000	0.000000	0.000000	0.000000	0.000000
6	tsk_6	(x)	1	:	0.000000	0.000000	0.413957	0.000000	0.000000	0.000000	0.000000	0.500849	0.000000	0.004526	0.077662	0.000000	0.003005
7	tsk_7	(x)	1	:	0.000000	0.000000	0.414395	0.000000	0.000000	0.000000	0.000000	0.000000	0.000000	0.000000	0.585605	0.000000	0.000000
8	tsk_8	(x)	1	:	0.000000	0.000000	1.000000	0.000000	0.000000	0.000000	0.000000	0.000000	0.000000	0.000000	0.000000	0.000000	0.000000
9	tsk_9	(x)	1	:	0.000000	0.000000	0.413030	0.000000	0.000000	0.000000	0.000000	0.000000	0.388328	0.083475	0.075826	0.000000	0.039341
10	tsk_10	(x)	1	:	0.000000	0.000000	0.000000	0.000000	0.000000	0.000000	0.000000	0.000000	0.000000	0.715115	0.000000	0.000000	0.284885
11	tsk_11	(x)	1	:	0.000000	0.550895	0.000000	0.000000	0.000000	0.449013	0.000000	0.000000	0.000000	0.000045	0.000000	0.000000	0.000047
12	tsk_12	(x)	1	:	0.000000	1.000000	0.000000	0.000000	0.000000	0.000000	0.000000	0.000000	0.000000	0.000000	0.000000	0.000000	0.000000
13	tsk_13	(x)	1	:	0.000000	0.000000	0.414130	0.000000	0.000000	0.000000	0.000000	0.000000	0.501951	0.003776	0.074335	0.000000	0.005808
14	tsk_14	(x)	1	:	0.000000	0.000000	0.000000	0.000000	0.459575	0.000000	0.000000	0.000000	0.000000	0.387112	0.000000	0.000000	0.153313
15	tsk_15	(x)	1	:	0.499980	0.414932	0.000000	0.000000	0.000000	0.000000	0.000000	0.000000	0.000000	0.039014	0.000000	0.000000	0.046074
16	tsk_16	(x)	1	:	0.000000	0.000000	0.000000	0.000000	0.000000	0.000000	0.000000	0.000000	0.000000	0.442696	0.000000	0.000000	0.557303
17	tsk_17	(x)	1	:	0.000000	0.000000	0.000000	0.000000	0.000000	0.000000	0.000000	0.000000	0.000000	0.101385	0.747516	0.000000	0.151099
18	tsk_18	(x)	1	:	0.501068	0.000000	0.414052	0.000000	0.000000	0.000000	0.000000	0.000000	0.000000	0.004847	0.075338	0.000000	0.004695
19	tsk_19	(x)	1	:	0.000000	1.000000	0.000000	0.000000	0.000000	0.000000	0.000000	0.000000	0.000000	0.000000	0.000000	0.000000	0.000000
20	tsk_20	(x)	1	:	0.000000	0.000000	0.000000	0.000000	0.000000	0.000000	1.000000	0.000000	0.000000	0.000000	0.000000	0.000000	0.000000
21	tsk_21	(x)	1	:	0.000000	0.000000	0.000000	0.000000	0.000000	0.000000	1.000000	0.000000	0.000000	0.000000	0.000000	0.000000	0.000000
22	tsk_22	(x)	1	:	0.000000	0.000000	0.000000	0.596307	0.000000	0.000000	0.000000	0.000000	0.000000	0.158205	0.000000	0.000000	0.245488
23	tsk_23	(x)	1	:	0.500057	0.000000	0.000000	0.000000	0.000000	0.000000	0.374571	0.000000	0.000000	0.061100	0.000000	0.000000	0.064272
24	tsk_24	(x)	1	:	0.000000	0.000000	0.000000	0.000000	0.000000	0.000000	0.374621	0.000000	0.388200	0.118463	0.000000	0.000000	0.118716
25	tsk_25	(x)	1	:	0.000000	0.000000	0.309839	0.000000	0.000000	0.000000	0.374612	0.000000	0.000000	0.066780	0.177384	0.000000	0.071385
26	tsk_26	(x)	1	:	0.000000	0.494785	0.000000	0.000000	0.000000	0.000000	0.000000	0.000000	0.501562	0.002249	0.000000	0.000000	0.001403
27	tsk_27	(x)	1	:	0.500056	0.000000	0.000000	0.000000	0.000000	0.000000	0.374571	0.000000	0.000000	0.078462	0.000000	0.000000	0.046911
28	tsk_28	(x)	1	:	0.011769	0.000000	0.000000	0.333316	0.000000	0.000000	0.376091	0.000000	0.000000	0.130377	0.000000	0.000000	0.148447
29	tsk_29	(x)	1	:	0.000000	0.494810	0.000000	0.000000	0.000000	0.000000	0.000000	0.000000	0.000000	0.154695	0.000000	0.000000	0.350495
30	tsk_30	(x)	1	:	0.000000	0.000000	0.378483	0.000000	0.621517	0.000000	0.000000	0.000000	0.000000	0.000000	0.000000	0.000000	0.000000
31	tsk_31	(x)	1	:	0.000000	0.000000	0.000000	0.000000	0.000000	0.000000	0.000000	0.500717	0.000000	0.006103	0.490562	0.000000	0.002618
32	tsk_32	(x)	1	:	0.497026	0.000000	0.000000	0.000000	0.000000	0.000000	0.000000	0.498815	0.000000	0.004148	0.000000	0.000000	0.000011
33	tsk_33	(x)	1	:	0.000000	0.000000	0.378483	0.000000	0.621517	0.000000	0.000000	0.000000	0.000000	0.000000	0.000000	0.000000	0.000000
34	tsk_34	(x)	1	:	0.000000	0.000000	0.000000	0.000000	1.000000	0.000000	0.000000	0.000000	0.000000	0.000000	0.000000	0.000000	0.000000
35	tsk_35	(x)	1	:	0.000000	0.000000	0.000000	0.000000	0.600241	0.000000	0.000000	0.000000	0.399759	0.000000	0.000000	0.000000	0.000000
36	tsk_36	(x)	1	:	0.499994	0.000000	0.000000	0.000000	0.000000	0.000000	0.000000	0.000000	0.388185	0.090928	0.000000	0.000000	0.020893
37	tsk_37	(x)	1	:	0.000000	0.000000	0.000000	0.000000	0.000000	0.000000	0.000000	0.000000	1.000000	0.000000	0.000000	0.000000	0.000000
38	tsk_38	(x)	1	:	0.000000	0.000000	0.000000	0.000000	0.527802	0.000000	0.000000	0.472198	0.000000	0.000000	0.000000	0.000000	0.000000
39	tsk_39	(x)	1	:	0.000000	0.000000	0.000000	0.000000	0.000000	0.000000	0.000000	0.000000	0.970816	0.017839	0.000000	0.000000	0.011345
40	tsk_40	(x)	1	:	0.000000	0.000000	0.413998	0.000000	0.000000	0.000000	0.000000	0.500529	0.000000	0.004843	0.075973	0.000000	0.004657
41	tsk_41	(x)	1	:	0.000000	0.000000	0.413195	0.000000	0.000000	0.000000	0.000000	0.000000	0.560880	0.000000	0.025924	0.000000	0.000001
42	tsk_42	(x)	1	:	0.000000	0.000000	0.309818	0.000000	0.000000	0.000000	0.000000	0.000000	0.501682	0.007622	0.177518	0.000000	0.003360
43	tsk_43	(x)	1	:	0.000000	0.000000	0.000000	0.000000	0.000000	0.000000	0.000000	0.000000	1.000000	0.000000	0.000000	0.000000	0.000000
44	tsk_44	(x)	1	:	0.000000	0.000000	0.637724	0.000000	0.000000	0.000000	0.000000	0.000000	0.000000	0.000000	0.362276	0.000000	0.000000
45	tsk_45	(x)	1	:	0.000000	0.000000	0.000000	0.000000	0.000000	0.000000	0.000000	0.498666	0.499811	0.000724	0.000000	0.000000	0.000799
46	tsk_46	(x)	1	:	0.000000	0.415120	0.000000	0.000000	0.000000	0.000000	0.000000	0.000000	0.573071	0.004994	0.000000	0.000000	0.006814
47	tsk_47	(x)	1	:	0.000000	0.000000	0.000000	0.000000	0.437966	0.000000	0.000000	0.000000	0.562034	0.000000	0.000000	0.000000	0.000000
48	tsk_48	(x)	1	:	0.499603	0.000000	0.414294	0.000000	0.000000	0.000000	0.000000	0.000000	0.000000	0.013182	0.071919	0.000000	0.001002
49	tsk_49	(x)	1	:	0.000000	0.000000	0.000000	0.000000	0.000000	0.000000	0.000000	0.498688	0.499841	0.000811	0.000000	0.000000	0.000660
50	tsk_50	(x)	1	:	0.000000	0.000000	0.000000	0.000000	0.000000	0.000000	0.374890	0.000000	0.572696	0.006623	0.000000	0.000000	0.045791
51	tsk_51	(x)	1	:	0.000000	0.414825	0.000000	0.000000	0.000000	0.000000	0.374720	0.000000	0.000000	0.045661	0.000000	0.000000	0.164794
52	tsk_52	(x)	1	:	0.000000	0.414927	0.000000	0.000000	0.000000	0.000000	0.000000	0.000000	0.388174	0.087899	0.000000	0.000000	0.109000
53	tsk_53	(x)	1	:	0.000000	0.000000	0.309805	0.000000	0.000000	0.000000	0.374641	0.000000	0.000000	0.024463	0.177543	0.000000	0.113548
54	tsk_54	(x)	1	:	0.000000	0.000000	0.000000	0.000000	0.000000	0.000000	0.000000	0.000000	0.388194	0.087295	0.486981	0.000000	0.037530
55	tsk_55	(x)	1	:	0.000000	0.000000	0.000000	0.000000	0.000000	0.000000	0.374631	0.000000	0.000000	0.026230	0.487060	0.000000	0.112079
56	tsk_56	(x)	1	:	0.000000	0.000000	0.000000	0.000000	0.000000	0.000000	0.452348	0.000000	0.547652	0.000000	0.000000	0.000000	0.000000
57	tsk_57	(x)	1	:	0.000000	0.000000	0.309920	0.000000	0.000000	0.000000	0.000000	0.000000	0.000000	0.000000	0.690080	0.000000	0.000000
58	tsk_58	(x)	1	:	0.000000	0.000000	0.000000	0.000000	0.000000	0.000000	0.374609	0.000000	0.000000	0.061353	0.486998	0.000000	0.077040
59	tsk_59	(x)	1	:	0.000000	0.000000	0.000000	0.000000	0.000000	0.000000	0.374629	0.000000	0.000000	0.049368	0.487055	0.000000	0.088948
60	tsk_60	(x)	1	:	0.000000	0.000000	0.000000	0.000000	0.459575	0.000000	0.000000	0.000000	0.000000	0.253246	0.000000	0.000000	0.287179
61	tsk_61	(x)	1	:	0.000000	0.000000	0.000000	0.000000	0.000000	0.000000	0.294057	0.000000	0.000000	0.486396	0.000000	0.000000	0.219547
62	tsk_62	(x)	1	:	0.000000	0.414863	0.000000	0.000000	0.000000	0.000000	0.294127	0.000000	0.000000	0.204576	0.000000	0.000000	0.086434
63	tsk_63	(x)	1	:	0.000000	0.000000	0.000000	0.000000	0.000000	0.000000	0.294049	0.000000	0.000000	0.169027	0.486954	0.000000	0.049969
64	tsk_64	(x)	1	:	0.000000	0.414730	0.000000	0.000000	0.451889	0.000000	0.000000	0.000000	0.000000	0.019643	0.015031	0.000000	0.098708
65	tsk_65	(x)	1	:	0.000000	0.414827	0.000000	0.000000	0.455624	0.000000	0.000000	0.000000	0.000000	0.032009	0.007736	0.000000	0.089804
66	tsk_66	(x)	1	:	0.000000	0.000000	0.000000	0.000000	1.000000	0.000000	0.000000	0.000000	0.000000	0.000000	0.000000	0.000000	0.000000
67	tsk_67	(x)	1	:	0.000000	0.000000	0.000000	0.000000	1.000000	0.000000	0.000000	0.000000	0.000000	0.000000	0.000000	0.000000	0.000000
68	tsk_68	(x)	1	:	0.500023	0.000000	0.000000	0.000000	0.000000	0.000000	0.294055	0.000000	0.000000	0.167001	0.000000	0.000000	0.038921
69	tsk_69	(x)	1	:	0.000000	0.000000	0.000000	0.000000	1.000000	0.000000	0.000000	0.000000	0.000000	0.000000	0.000000	0.000000	0.000000
70	tsk_70	(x)	1	:	0.000000	0.560978	0.000000	0.000000	0.000000	0.000000	0.000000	0.000000	0.000000	0.109337	0.000000	0.000000	0.329686
71	tsk_71	(x)	1	:	0.000000	0.560974	0.000000	0.000000	0.000000	0.000000	0.000000	0.000000	0.388184	0.028688	0.000000	0.000000	0.022154
72	tsk_72	(x)	1	:	0.000000	0.000000	0.000000	0.000000	0.000000	0.000000	0.000000	0.000000	0.970756	0.021199	0.000000	0.000000	0.008045
73	tsk_73	(x)	1	:	0.000000	0.000000	0.000000	0.000000	0.000000	0.000000	0.000000	1.000000	0.000000	0.000000	0.000000	0.000000	0.000000
74	tsk_74	(x)	1	:	0.000000	0.530704	0.000000	0.000000	0.000000	0.000000	0.000000	0.469296	0.000000	0.000000	0.000000	0.000000	0.000000
75	tsk_75	(x)	1	:	0.000000	0.414929	0.000000	0.000000	0.000000	0.000000	0.000000	0.000000	0.000000	0.290063	0.000000	0.000000	0.295008
76	tsk_76	(x)	1	:	0.000000	0.000000	0.414035	0.000000	0.000000	0.000000	0.000000	0.500404	0.000000	0.005443	0.075270	0.000000	0.004849
77	tsk_77	(x)	1	:	0.000000	0.000000	0.414167	0.000000	0.000000	0.000000	0.000000	0.000000	0.000000	0.146754	0.072980	0.000000	0.366099
78	tsk_78	(x)	1	:	0.000000	0.414929	0.000000	0.000000	0.000000	0.000000	0.000000	0.000000	0.000000	0.324169	0.000000	0.000000	0.260902
79	tsk_79	(x)	1	:	0.000000	0.414825	0.000000	0.000000	0.000000	0.000000	0.374720	0.000000	0.000000	0.018611	0.000000	0.000000	0.191843
80	tsk_80	(x)	1	:	0.000000	0.000000	0.000000	0.000000	0.000000	0.000000	0.000000	0.500000	0.000000	0.313948	0.000000	0.000000	0.186052
81	tsk_81	(x)	1	:	0.000000	0.000000	0.000000	0.000000	0.000000	0.000000	0.000000	0.000000	0.000000	0.667315	0.000000	0.000000	0.332684
82	tsk_82	(x)	1	:	0.000000	0.000000	0.000000	0.000000	0.000000	0.000000	0.000000	0.500000	0.000000	0.463149	0.000000	0.000000	0.036851
83	tsk_83	(x)	1	:	0.000000	0.000000	0.000000	0.000000	0.000000	0.000000	0.000000	1.000000	0.000000	0.000000	0.000000	0.000000	0.000000
84	tsk_84	(x)	1	:	0.000000	0.000000	0.000000	0.000000	0.000000	0.000000	0.000000	0.000000	0.501598	0.212575	0.000000	0.000000	0.285827
85	tsk_85	(x)	1	:	0.000000	0.000000	0.000000	0.000000	0.000000	0.000000	0.000000	1.000000	0.000000	0.000000	0.000000	0.000000	0.000000
86	tsk_86	(x)	1	:	0.000000	0.000000	0.000000	0.000000	0.000000	0.000000	0.000000	0.000000	0.000000	0.444435	0.000000	0.000000	0.555564
87	tsk_87	(x)	1	:	0.000000	0.000000	0.000000	0.000000	0.000000	0.000000	0.000000	0.500000	0.000000	0.386931	0.000000	0.000000	0.113069
88	tsk_88	(x)	1	:	0.000000	0.000000	0.000000	0.000000	0.000000	0.000000	0.000000	0.498635	0.499769	0.001313	0.000000	0.000000	0.000283
89	tsk_89	(x)	1	:	0.000000	0.000000	0.000000	0.000000	0.000000	0.000000	0.000000	0.000000	0.501598	0.323804	0.000000	0.000000	0.174598
90	tsk_90	(x)	1	:	0.500768	0.000000	0.000000	0.000000	0.000000	0.000000	0.000000	0.000000	0.000000	0.008765	0.488480	0.000000	0.001987
91	tsk_91	(x)	1	:	0.000000	0.000000	0.000000	0.000000	0.000000	0.000000	0.000000	0.500054	0.000000	0.011579	0.487213	0.000000	0.001153
92	tsk_92	(x)	1	:	0.000000	0.415029	0.413497	0.000000	0.000000	0.000000	0.000000	0.000000	0.000000	0.021850	0.074759	0.000000	0.074866
93	tsk_93	(x)	1	:	0.000000	0.000000	0.000000	0.000000	0.000000	0.000000	0.000000	0.000000	0.000000	0.000000	1.000000	0.000000	0.000000
94	tsk_94	(x)	1	:	0.000000	0.414935	0.000000	0.000000	0.000000	0.000000	0.000000	0.499987	0.000000	0.037613	0.000000	0.000000	0.047464
95	tsk_95	(x)	1	:	0.000000	0.000000	0.000000	0.000000	0.000000	0.000000	0.000000	0.000000	0.000000	0.000000	1.000000	0.000000	0.000000
96	tsk_96	(x)	1	:	0.499851	0.000000	0.000000	0.000000	0.000000	0.000000	0.000000	0.000000	0.000000	0.011377	0.486636	0.000000	0.002136
97	tsk_97	(x)	1	:	0.499429	0.000000	0.000000	0.000000	0.000000	0.000000	0.000000	0.000000	0.000000	0.011884	0.485786	0.000000	0.002901
98	tsk_98	(x)	1	:	0.000000	0.000000	0.000000	0.000000	0.000000	0.000000	0.000000	0.000000	0.000000	0.000000	1.000000	0.000000	0.000000
99	tsk_99	(x)	1	:	0.000000	0.414943	0.000000	0.000000	0.000000	0.000000	0.000000	0.000000	0.000000	0.034599	0.486986	0.000000	0.063472
100	tsk_100	(x)	1	:	0.000000	0.000000	0.309826	0.000000	0.000000	0.000000	0.000000	0.000000	0.501606	0.005368	0.177215	0.000000	0.005986
101	tsk_101	(x)	1	:	0.000000	0.560976	0.000000	0.000000	0.000000	0.000000	0.000000	0.000000	0.388187	0.022576	0.000000	0.000000	0.028261
102	tsk_102	(x)	1	:	0.000000	0.000000	0.309650	0.000000	0.000000	0.000000	0.000000	0.000000	0.388290	0.071544	0.178046	0.000000	0.052470
103	tsk_103	(x)	1	:	0.000000	1.000000	0.000000	0.000000	0.000000	0.000000	0.000000	0.000000	0.000000	0.000000	0.000000	0.000000	0.000000
104	tsk_104	(x)	1	:	0.000000	0.000000	0.000000	0.000000	0.000000	0.000000	0.000000	1.000000	0.000000	0.000000	0.000000	0.000000	0.000000
105	tsk_105	(x)	1	:	0.000000	0.560974	0.000000	0.000000	0.000000	0.000000	0.000000	0.000000	0.388184	0.029278	0.000000	0.000000	0.021563
106	tsk_106	(x)	1	:	0.000000	0.534443	0.000000	0.000000	0.000000	0.000000	0.000000	0.000000	0.465557	0.000000	0.000000	0.000000	0.000000
107	tsk_107	(x)	1	:	0.000000	0.530704	0.000000	0.000000	0.000000	0.000000	0.000000	0.469296	0.000000	0.000000	0.000000	0.000000	0.000000
108	tsk_108	(x)	1	:	0.000000	0.414935	0.000000	0.000000	0.000000	0.000000	0.000000	0.499987	0.000000	0.028649	0.000000	0.000000	0.056428
109	tsk_109	(x)	1	:	0.000000	0.000000	0.310095	0.000000	0.433964	0.000000	0.000000	0.000000	0.000000	0.000000	0.255941	0.000000	0.000000
110	tsk_110	(x)	1	:	0.000000	1.000000	0.000000	0.000000	0.000000	0.000000	0.000000	0.000000	0.000000	0.000000	0.000000	0.000000	0.000000
111	tsk_111	(x)	1	:	0.000000	0.000000	0.000000	0.000000	0.000000	0.000000	0.294057	0.000000	0.000000	0.532966	0.000000	0.000000	0.172977
112	tsk_112	(x)	1	:	0.000000	0.530704	0.000000	0.000000	0.000000	0.000000	0.000000	0.469296	0.000000	0.000000	0.000000	0.000000	0.000000
113	tsk_113	(x)	1	:	0.000000	0.530704	0.000000	0.000000	0.000000	0.000000	0.000000	0.469296	0.000000	0.000000	0.000000	0.000000	0.000000
114	tsk_114	(x)	1	:	0.000000	0.534443	0.000000	0.000000	0.000000	0.000000	0.000000	0.000000	0.465557	0.000000	0.000000	0.000000	0.000000
115	tsk_115	(x)	1	:	0.000000	0.000000	0.414357	0.000000	0.000000	0.000000	0.000000	0.000000	0.000000	0.383027	0.072578	0.000000	0.130038
116	tsk_116	(x)	1	:	0.000000	0.000000	0.000000	0.000000	0.000000	0.000000	0.000000	0.500000	0.000000	0.344745	0.000000	0.000000	0.155255
117	tsk_117	(x)	1	:	0.000000	0.000000	0.000000	0.000000	0.000000	0.000000	0.493609	0.000000	0.000000	0.338781	0.000000	0.000000	0.167610
118	tsk_118	(x)	1	:	0.000000	0.000000	0.000000	0.000000	0.000000	0.000000	0.493609	0.000000	0.000000	0.326136	0.000000	0.000000	0.180255
119	tsk_119	(x)	1	:	0.000000	0.560978	0.000000	0.000000	0.000000	0.000000	0.000000	0.000000	0.000000	0.101723	0.000000	0.000000	0.337299
120	tsk_120	(x)	1	:	0.000000	0.000000	0.000000	0.000000	0.000000	0.000000	0.000000	0.000000	0.000000	0.339065	0.000000	0.417235	0.243700
121	tsk_121	(x)	1	:	0.000000	0.000000	0.000000	0.000000	0.000000	0.000000	0.000000	0.000000	0.000000	0.000000	0.000000	1.000000	0.000000
122	tsk_122	(x)	1	:	0.000000	0.000000	0.414395	0.000000	0.000000	0.000000	0.000000	0.000000	0.000000	0.000000	0.585605	0.000000	0.000000
123	tsk_123	(x)	1	:	0.000000	0.000000	0.000000	0.000000	0.000000	0.000000	0.000000	0.000000	0.000000	0.249593	0.486935	0.000000	0.263472
124	tsk_124	(x)	1	:	0.000000	0.000000	0.000000	0.000000	0.000000	0.000000	0.374623	0.000000	0.000000	0.233370	0.000000	0.000000	0.392006
125	tsk_125	(x)	1	:	0.000000	0.000000	0.000000	0.000000	0.000000	0.000000	0.000000	0.000000	0.000000	0.000000	1.000000	0.000000	0.000000
126	tsk_126	(x)	1	:	0.000000	0.000000	0.419966	0.000000	0.000000	0.000000	0.000000	0.000000	0.000000	0.087226	0.059173	0.415438	0.018197
127	tsk_127	(x)	1	:	0.500056	0.000000	0.000000	0.000000	0.000000	0.000000	0.374571	0.000000	0.000000	0.066188	0.000000	0.000000	0.059184
128	tsk_128	(x)	1	:	0.000000	0.000000	0.000000	0.000000	0.000000	0.000000	0.000000	0.000000	0.521722	0.000000	0.000000	0.478278	0.000000
129	tsk_129	(x)	1	:	0.000000	0.000000	0.000000	0.000000	0.000000	0.000000	0.000000	0.000000	0.521722	0.000000	0.000000	0.478278	0.000000
130	tsk_130	(x)	1	:	0.000000	0.000000	0.000000	0.000000	0.433600	0.000000	0.000000	0.000000	0.000000	0.000000	0.566400	0.000000	0.000000
131	tsk_131	(x)	1	:	0.000000	0.000000	0.000000	0.000000	0.000000	0.000000	0.000000	0.000000	0.000000	0.000000	1.000000	0.000000	0.000000
132	tsk_132	(x)	1	:	0.000000	0.000000	0.000000	0.000000	0.000000	0.000000	0.000000	0.000000	0.000000	0.056251	0.488130	0.418330	0.037288
133	tsk_133	(x)	1	:	0.000000	0.000000	0.000000	0.000000	0.000000	0.000000	0.000000	0.000000	0.000000	0.000000	1.000000	0.000000	0.000000
134	tsk_134	(x)	1	:	0.000000	0.000000	0.000000	0.000000	0.000000	0.000000	0.000000	0.472546	0.000000	0.000000	0.000000	0.527454	0.000000
135	tsk_135	(x)	1	:	0.000000	0.000000	0.000000	0.000000	0.000000	0.000000	0.000000	0.500564	0.000000	0.003708	0.489790	0.000000	0.005938
136	tsk_136	(x)	1	:	0.000000	0.000000	0.000000	0.000000	0.000000	0.000000	0.000000	0.000000	0.000000	0.587520	0.000000	0.000000	0.412480
137	tsk_137	(x)	1	:	0.000000	0.000000	0.000000	0.000000	0.000000	0.000000	0.000000	0.000000	0.000000	0.054113	0.488051	0.418257	0.039578
138	tsk_138	(x)	1	:	0.000000	0.000000	0.000000	0.000000	0.000000	0.000000	0.000000	0.000000	0.000000	0.058551	0.487988	0.418199	0.035263
139	tsk_139	(x)	1	:	0.000000	0.000000	0.000000	0.000000	1.000000	0.000000	0.000000	0.000000	0.000000	0.000000	0.000000	0.000000	0.000000
140	tsk_140	(x)	1	:	0.496137	0.000000	0.000000	0.000000	0.000000	0.000000	0.000000	0.000000	0.499526	0.003498	0.000000	0.000000	0.000839
141	tsk_141	(x)	1	:	0.000000	0.000000	0.000000	0.000000	0.000000	0.000000	0.000000	0.000000	1.000000	0.000000	0.000000	0.000000	0.000000
142	tsk_142	(x)	1	:	0.450969	0.000000	0.000000	0.000000	0.000000	0.000000	0.000000	0.000000	0.549031	0.000000	0.000000	0.000000	0.000000
143	tsk_143	(x)	1	:	0.000000	0.000000	0.413169	0.000000	0.000000	0.000000	0.000000	0.000000	0.560875	0.000001	0.025954	0.000000	0.000001
144	tsk_144	(x)	1	:	0.000000	0.000000	0.413150	0.000000	0.000000	0.000000	0.000000	0.000000	0.560871	0.000001	0.025978	0.000000	0.000000
145	tsk_145	(x)	1	:	0.000000	0.000000	0.000000	0.000000	0.000000	0.000000	0.000000	0.000000	1.000000	0.000000	0.000000	0.000000	0.000000
146	tsk_146	(x)	1	:	0.000000	0.000000	0.000000	0.000000	0.000000	0.000000	0.000000	0.000000	1.000000	0.000000	0.000000	0.000000	0.000000
147	tsk_147	(x)	1	:	0.000000	0.000000	0.000000	0.000000	0.000000	0.000000	0.000000	0.000000	1.000000	0.000000	0.000000	0.000000	0.000000
148	tsk_148	(x)	1	:	0.000000	0.000000	0.000000	0.000000	0.000000	0.000000	0.000000	0.000000	1.000000	0.000000	0.000000	0.000000	0.000000
149	tsk_149	(x)	1	:	1.000000	0.000000	0.000000	0.000000	0.000000	0.000000	0.000000	0.000000	0.000000	0.000000	0.000000	0.000000	0.000000
