logL = -954.296445 (converged)
AIC = 6626.592889
BIC = 13728.681548

count.K
5 2 20 23 14 9 8 5 3 5 31 10 15 

