logL = -1643.117104 (converged)
AIC = 8656.234208
BIC = 16739.789973

count.K
0 17 11 26 5 5 2 2 6 0 20 17 17 21 1 

