logL = -637.024629 (converged)
AIC = 5390.049258
BIC = 11585.936694

count.K
3 4 5 2 23 38 11 13 32 2 6 11 

