logL = -1832.348506 (converged)
AIC = 6484.697011
BIC = 10729.692776

count.K
27 8 4 46 17 9 39 0 

