logL = -1860.834119 (converged)
AIC = 4573.668238
BIC = 5856.198873

count.K
55 72 23 

