logL = -1181.283788 (converged)
AIC = 4366.567576
BIC = 7383.224141

count.K
4 16 15 65 19 31 

