logL = -1112.814086 (converged)
AIC = 3011.628172
BIC = 4194.807843

count.K
65 49 36 

