logL = -836.066042 (converged)
AIC = 5508.132083
BIC = 11282.530577

count.K
51 15 13 13 11 3 12 27 1 3 1 

