logL = -964.582942 (converged)
AIC = 6517.165885
BIC = 13423.563250

count.K
8 23 8 8 15 2 10 7 14 0 24 11 20 

