logL = -436.612648 (converged)
AIC = 4153.225295
BIC = 9090.667177

count.K
58 15 8 7 21 2 9 11 4 15 

