logL = -476.499620 (converged)
AIC = 3784.999240
BIC = 8048.058817

count.K
1 2 68 8 5 8 47 6 5 

