logL = -1369.486780 (converged)
AIC = 7730.973560
BIC = 15245.519254

count.K
4 3 33 19 5 11 2 4 2 32 4 8 8 15 

