logL = -1096.516676 (converged)
AIC = 3753.033351
BIC = 6101.328881

count.K
10 24 10 18 88 

