logL = -658.343554 (converged)
AIC = 4256.687108
BIC = 8682.320991

count.K
1 9 26 7 12 6 60 4 25 

