logL = -1667.746511 (converged)
AIC = 8235.493021
BIC = 15611.549492

count.K
27 4 21 0 1 7 51 7 3 2 1 13 13 

