logL = -2238.615909 (converged)
AIC = 4945.231818
BIC = 5649.720476

count.K
46 104 

