0	tsk_0	(x)	1	:	0.000000	0.000000	1.000000	0.000000	0.000000	0.000000	0.000000	0.000000	0.000000	0.000000	0.000000	0.000000
1	tsk_1	(x)	1	:	0.000000	0.000000	0.607075	0.000000	0.000000	0.000000	0.000000	0.000000	0.000003	0.000000	0.000000	0.392923
2	tsk_2	(x)	1	:	0.000000	0.000000	0.000000	0.000000	0.000000	0.000000	0.000000	0.497212	0.000000	0.000000	0.501847	0.000941
3	tsk_3	(x)	1	:	0.000000	0.000000	0.647125	0.000000	0.000000	0.000000	0.000000	0.000000	0.352875	0.000000	0.000000	0.000000
4	tsk_4	(x)	1	:	0.000000	0.000000	0.662586	0.000000	0.000000	0.000000	0.000000	0.000000	0.337414	0.000000	0.000000	0.000000
5	tsk_5	(x)	1	:	0.000000	0.000000	0.662586	0.000000	0.000000	0.000000	0.000000	0.000000	0.337414	0.000000	0.000000	0.000000
6	tsk_6	(x)	1	:	0.000000	0.000000	0.266553	0.000000	0.000000	0.000000	0.000000	0.499574	0.231299	0.000000	0.000000	0.002574
7	tsk_7	(x)	1	:	0.000000	0.000000	1.000000	0.000000	0.000000	0.000000	0.000000	0.000000	0.000000	0.000000	0.000000	0.000000
8	tsk_8	(x)	1	:	0.000000	0.000000	0.266550	0.000000	0.000000	0.000000	0.000000	0.000000	0.233438	0.000000	0.000000	0.500012
9	tsk_9	(x)	1	:	0.000000	0.000000	0.000000	0.000000	0.000000	0.000000	0.000000	0.000000	0.499971	0.000000	0.358392	0.141636
10	tsk_10	(x)	1	:	0.000000	0.000000	0.000000	0.417068	0.000000	0.502370	0.000000	0.000000	0.078346	0.000205	0.000000	0.002011
11	tsk_11	(x)	1	:	0.000000	0.000000	0.000000	0.000000	0.000000	0.257505	0.000000	0.000000	0.000000	0.242500	0.000000	0.499995
12	tsk_12	(x)	1	:	0.000000	0.000000	0.000000	0.000000	0.000000	0.257517	0.000000	0.000000	0.494143	0.241325	0.000000	0.007016
13	tsk_13	(x)	1	:	0.000000	0.000000	0.000000	0.416109	0.000000	0.000000	0.000000	0.000000	0.583891	0.000000	0.000000	0.000000
14	tsk_14	(x)	1	:	0.000000	0.000000	0.000000	0.000000	0.000000	0.000000	0.000000	0.000000	0.000000	1.000000	0.000000	0.000000
15	tsk_15	(x)	1	:	0.000000	0.000000	0.000000	0.000000	0.000000	0.257514	0.000000	0.000000	0.000000	0.742486	0.000000	0.000000
16	tsk_16	(x)	1	:	0.000000	0.000000	0.000000	0.000000	0.000000	0.502801	0.000000	0.000000	0.000000	0.000335	0.358395	0.138468
17	tsk_17	(x)	1	:	0.000000	0.493101	0.000000	0.000000	0.000000	0.257521	0.000000	0.000000	0.000000	0.241115	0.000000	0.008262
18	tsk_18	(x)	1	:	0.000000	0.000000	0.000000	0.000000	0.000000	0.784501	0.000000	0.000000	0.000000	0.215499	0.000000	0.000000
19	tsk_19	(x)	1	:	0.000000	0.000000	0.000000	0.000000	0.000000	0.523005	0.000000	0.000000	0.000000	0.476995	0.000000	0.000000
20	tsk_20	(x)	1	:	0.000000	0.000000	0.000000	0.000000	0.407076	0.000000	0.091949	0.000000	0.494091	0.000000	0.000000	0.006884
21	tsk_21	(x)	1	:	0.000000	0.000000	0.000000	0.000000	0.000000	0.000000	0.000000	0.000000	1.000000	0.000000	0.000000	0.000000
22	tsk_22	(x)	1	:	0.000000	0.493242	0.000000	0.000000	0.404073	0.000000	0.094813	0.000000	0.000000	0.000000	0.000000	0.007872
23	tsk_23	(x)	1	:	0.000000	0.000000	0.000000	0.000000	0.403760	0.000000	0.095454	0.000000	0.495248	0.000000	0.000000	0.005538
24	tsk_24	(x)	1	:	0.000000	0.000000	0.000000	0.000000	0.960827	0.000000	0.039173	0.000000	0.000000	0.000000	0.000000	0.000000
25	tsk_25	(x)	1	:	0.000000	0.493106	0.000000	0.000000	0.405746	0.000000	0.093118	0.000000	0.000000	0.000000	0.000000	0.008030
26	tsk_26	(x)	1	:	0.000000	0.000000	0.000000	0.000000	0.960228	0.000000	0.039772	0.000000	0.000000	0.000000	0.000000	0.000000
27	tsk_27	(x)	1	:	0.000000	0.000000	0.000000	0.000000	0.389698	0.000000	0.110302	0.000000	0.000000	0.000000	0.000000	0.500000
28	tsk_28	(x)	1	:	0.000000	0.000000	0.000000	0.000000	0.257680	0.502193	0.239911	0.000000	0.000000	0.000216	0.000000	0.000000
29	tsk_29	(x)	1	:	0.000000	0.000000	0.000000	0.000000	0.000000	0.000000	0.000000	0.498956	0.494736	0.000000	0.000000	0.006308
30	tsk_30	(x)	1	:	0.000000	0.000000	0.000000	0.000000	0.000000	0.000000	0.000000	0.000000	0.000000	1.000000	0.000000	0.000000
31	tsk_31	(x)	1	:	0.000000	0.000000	0.540340	0.000000	0.000000	0.000000	0.000000	0.000000	0.000000	0.459659	0.000000	0.000000
32	tsk_32	(x)	1	:	0.000000	0.000000	0.540337	0.000000	0.000000	0.257502	0.000000	0.000000	0.000000	0.202161	0.000000	0.000000
33	tsk_33	(x)	1	:	0.000000	0.000000	0.000000	0.000000	0.000000	0.000000	0.000000	0.000000	0.000000	1.000000	0.000000	0.000000
34	tsk_34	(x)	1	:	0.000000	0.000000	0.000000	0.000000	0.000000	0.000000	0.000000	0.000000	0.000000	0.000000	0.000000	1.000000
35	tsk_35	(x)	1	:	0.000000	0.000000	0.000000	0.000000	0.961457	0.000000	0.038543	0.000000	0.000000	0.000000	0.000000	0.000000
36	tsk_36	(x)	1	:	0.000000	0.000000	0.000000	0.000000	0.121956	0.000000	0.378044	0.000000	0.000000	0.500000	0.000000	0.000000
37	tsk_37	(x)	1	:	0.000000	0.000000	0.000000	0.000000	0.114406	0.000000	0.385594	0.000000	0.000000	0.500000	0.000000	0.000000
38	tsk_38	(x)	1	:	0.000000	0.000000	0.000000	0.000000	0.000000	0.510986	0.000000	0.000000	0.000000	0.489013	0.000000	0.000000
39	tsk_39	(x)	1	:	0.000000	0.000000	0.540340	0.000000	0.000000	0.000000	0.000000	0.000000	0.000000	0.459659	0.000000	0.000000
40	tsk_40	(x)	1	:	0.000000	0.490367	0.000000	0.000000	0.000000	0.000000	0.000000	0.000000	0.000000	0.000000	0.503521	0.006112
41	tsk_41	(x)	1	:	0.000000	0.490155	0.000000	0.000000	0.000000	0.000000	0.000000	0.000000	0.000000	0.000000	0.503441	0.006404
42	tsk_42	(x)	1	:	0.000000	0.000000	0.000000	0.000000	0.000000	0.000000	0.000000	0.000000	1.000000	0.000000	0.000000	0.000000
43	tsk_43	(x)	1	:	0.000000	0.499996	0.000000	0.000000	0.000000	0.000000	0.000000	0.000000	0.000000	0.000000	0.000000	0.500004
44	tsk_44	(x)	1	:	0.000000	0.000000	0.266544	0.000000	0.000000	0.000000	0.000000	0.000000	0.733456	0.000000	0.000000	0.000000
45	tsk_45	(x)	1	:	0.000000	0.000000	0.266608	0.000000	0.000000	0.000000	0.000000	0.000000	0.187600	0.000000	0.545258	0.000534
46	tsk_46	(x)	1	:	0.000000	0.000000	0.000000	0.000000	0.000000	0.000000	0.000000	0.000000	0.000000	0.500000	0.000000	0.500000
47	tsk_47	(x)	1	:	0.000000	0.000000	0.266605	0.000000	0.000000	0.000000	0.000000	0.000000	0.227960	0.498936	0.000000	0.006499
48	tsk_48	(x)	1	:	0.000000	0.000000	0.000000	0.000000	0.000000	0.000000	0.000000	0.000000	0.000000	0.497205	0.501833	0.000962
49	tsk_49	(x)	1	:	0.000000	0.000000	0.000000	0.000000	0.000000	0.000000	0.000000	0.000000	0.494357	0.498881	0.000000	0.006762
50	tsk_50	(x)	1	:	0.000000	0.000000	0.000000	0.000000	0.000000	0.510986	0.000000	0.000000	0.000000	0.489013	0.000000	0.000000
51	tsk_51	(x)	1	:	0.000000	0.000000	0.000000	0.000000	0.260767	0.502215	0.236829	0.000000	0.000000	0.000189	0.000000	0.000000
52	tsk_52	(x)	1	:	0.371784	0.110646	0.265836	0.000000	0.000000	0.000000	0.000000	0.000000	0.227517	0.000000	0.000000	0.024216
53	tsk_53	(x)	1	:	0.000000	0.000000	0.000000	0.000000	0.960687	0.000000	0.039312	0.000000	0.000000	0.000000	0.000000	0.000000
54	tsk_54	(x)	1	:	0.507791	0.004069	0.000000	0.000000	0.000000	0.488140	0.000000	0.000000	0.000000	0.000000	0.000000	0.000000
55	tsk_55	(x)	1	:	0.362119	0.132925	0.000000	0.000000	0.000000	0.000000	0.000000	0.498967	0.000000	0.000000	0.000000	0.005989
56	tsk_56	(x)	1	:	0.362727	0.131794	0.000000	0.000000	0.000000	0.000000	0.000000	0.498981	0.000000	0.000000	0.000000	0.006498
57	tsk_57	(x)	1	:	0.000000	0.000000	0.000000	0.000000	0.120088	0.000000	0.379912	0.000000	0.000000	0.500000	0.000000	0.000000
58	tsk_58	(x)	1	:	0.537487	0.000000	0.000000	0.000000	0.000000	0.000000	0.000000	0.000000	0.462508	0.000000	0.000000	0.000005
59	tsk_59	(x)	1	:	0.362938	0.133122	0.000000	0.000000	0.000000	0.000000	0.000000	0.000000	0.000000	0.499326	0.000000	0.004614
60	tsk_60	(x)	1	:	0.000000	0.000000	0.000000	0.000000	0.000000	0.000000	0.000000	0.000000	0.000000	0.497232	0.501886	0.000882
61	tsk_61	(x)	1	:	0.000000	0.490135	0.000000	0.000000	0.000000	0.000000	0.000000	0.000000	0.000000	0.000000	0.503433	0.006431
62	tsk_62	(x)	1	:	0.280289	0.213403	0.000000	0.000000	0.000000	0.000000	0.000000	0.000000	0.494833	0.000000	0.000000	0.011475
63	tsk_63	(x)	1	:	0.000000	0.000000	0.000000	0.000000	0.000000	0.000000	0.000000	0.497256	0.000000	0.000000	0.501932	0.000812
64	tsk_64	(x)	1	:	0.000000	0.000000	0.000000	0.000000	0.000000	0.000000	0.000000	0.000000	0.490882	0.000000	0.503715	0.005403
65	tsk_65	(x)	1	:	0.000000	0.000000	0.000000	0.000000	0.000000	0.000000	0.000000	1.000000	0.000000	0.000000	0.000000	0.000000
66	tsk_66	(x)	1	:	0.000000	0.000000	0.000000	0.000000	0.000000	0.000000	0.000000	0.000000	0.000000	0.000000	1.000000	0.000000
67	tsk_67	(x)	1	:	0.000000	0.000000	0.000000	0.000000	0.000000	0.502769	0.000000	0.000000	0.000000	0.000385	0.000000	0.496846
68	tsk_68	(x)	1	:	0.000000	0.000000	0.000000	0.000000	0.000000	0.500101	0.000000	0.000000	0.000000	0.000111	0.499598	0.000189
69	tsk_69	(x)	1	:	0.272364	0.225359	0.000000	0.000000	0.000000	0.000000	0.000000	0.000000	0.000000	0.000000	0.000000	0.502276
70	tsk_70	(x)	1	:	0.000000	0.000000	0.000000	0.000000	0.000000	0.501912	0.000000	0.000000	0.493077	0.000197	0.000000	0.004814
71	tsk_71	(x)	1	:	0.000000	0.000000	0.000000	0.000000	0.000000	1.000000	0.000000	0.000000	0.000000	0.000000	0.000000	0.000000
72	tsk_72	(x)	1	:	0.000000	0.000000	0.000000	0.183193	0.000000	0.502902	0.000000	0.000000	0.000000	0.000202	0.000000	0.313704
73	tsk_73	(x)	1	:	0.000000	0.000000	0.000000	0.000000	0.000000	0.000000	0.000000	0.000000	0.500000	0.000000	0.000000	0.500000
74	tsk_74	(x)	1	:	0.362764	0.133465	0.000000	0.000000	0.000000	0.502239	0.000000	0.000000	0.000000	0.000417	0.000000	0.001114
75	tsk_75	(x)	1	:	0.000000	0.000000	0.000000	0.000000	0.000000	0.000000	0.000000	0.000000	0.454521	0.000000	0.545325	0.000154
76	tsk_76	(x)	1	:	0.000000	0.000000	0.000000	0.000000	0.000000	0.510986	0.000000	0.000000	0.000000	0.489013	0.000000	0.000000
77	tsk_77	(x)	1	:	0.000000	0.000000	0.000000	0.000000	0.000000	1.000000	0.000000	0.000000	0.000000	0.000000	0.000000	0.000000
78	tsk_78	(x)	1	:	0.000000	0.000000	0.000000	0.000000	0.000000	0.000000	0.000000	0.000000	0.494444	0.498899	0.000000	0.006658
79	tsk_79	(x)	1	:	0.000000	0.000000	0.000000	0.000000	0.000000	0.510986	0.000000	0.000000	0.000000	0.489013	0.000000	0.000000
80	tsk_80	(x)	1	:	0.000000	0.000000	0.000000	0.000000	0.000000	0.000000	0.000000	0.000000	0.000000	0.000000	0.000000	1.000000
81	tsk_81	(x)	1	:	0.000000	0.000000	0.000000	0.000000	0.000000	0.000000	0.000000	0.000000	0.000000	0.000000	0.507201	0.492799
82	tsk_82	(x)	1	:	0.000000	0.000000	0.000000	0.000000	0.000000	0.000000	0.000000	0.000000	0.000000	0.000000	0.000000	1.000000
83	tsk_83	(x)	1	:	0.000000	0.499996	0.000000	0.000000	0.000000	0.000000	0.000000	0.000000	0.000000	0.000000	0.000000	0.500004
84	tsk_84	(x)	1	:	0.000000	0.499996	0.000000	0.000000	0.000000	0.000000	0.000000	0.000000	0.000000	0.000000	0.000000	0.500004
85	tsk_85	(x)	1	:	0.000000	0.000000	0.000000	0.000000	0.000000	0.000000	0.000000	0.000000	0.000000	0.000000	0.475295	0.524705
86	tsk_86	(x)	1	:	0.000000	0.000000	0.000000	0.000000	0.000000	0.000000	0.000000	0.000000	0.497830	0.000000	0.483015	0.019155
87	tsk_87	(x)	1	:	0.000000	0.000000	0.000000	0.000000	0.000000	0.000000	0.000000	0.000000	0.000000	0.000000	0.507201	0.492799
88	tsk_88	(x)	1	:	0.280346	0.212383	0.000000	0.000000	0.000000	0.000000	0.000000	0.000000	0.493956	0.000000	0.000000	0.013314
89	tsk_89	(x)	1	:	0.000000	0.000000	0.000000	0.000000	0.000000	0.000000	0.000000	0.000000	0.500000	0.000000	0.000000	0.500000
90	tsk_90	(x)	1	:	0.000000	0.000000	0.000000	0.000000	0.000000	0.000000	0.000000	0.500000	0.000000	0.000000	0.000000	0.500000
91	tsk_91	(x)	1	:	0.000000	0.000000	0.000000	0.000000	0.000000	0.000000	0.000000	1.000000	0.000000	0.000000	0.000000	0.000000
92	tsk_92	(x)	1	:	0.000000	0.000000	0.000000	0.000000	0.000000	0.000000	0.000000	0.000000	0.500000	0.000000	0.000000	0.500000
93	tsk_93	(x)	1	:	0.000000	0.000000	0.000000	0.000000	0.000000	0.000000	0.000000	0.499974	0.000000	0.000000	0.483752	0.016274
94	tsk_94	(x)	1	:	0.000000	0.000000	0.000000	0.000000	0.000000	0.000000	0.000000	0.000000	0.000000	0.000000	0.483798	0.516202
95	tsk_95	(x)	1	:	0.000000	0.000000	0.000000	0.000000	0.000000	0.000000	0.000000	0.499974	0.000000	0.000000	0.483752	0.016273
96	tsk_96	(x)	1	:	0.000000	0.000000	0.000000	0.000000	0.000000	0.000000	0.000000	0.498916	0.494533	0.000000	0.000000	0.006550
97	tsk_97	(x)	1	:	0.000000	0.000000	0.000000	0.000000	0.000000	0.000000	0.000000	0.499966	0.000000	0.000000	0.483737	0.016296
98	tsk_98	(x)	1	:	0.000000	0.000000	0.266605	0.000000	0.000000	0.000000	0.000000	0.000000	0.231173	0.000000	0.483023	0.019200
99	tsk_99	(x)	1	:	0.000000	0.000000	0.000000	0.000000	0.000000	0.000000	0.000000	0.499973	0.000000	0.000000	0.483751	0.016276
100	tsk_100	(x)	1	:	0.000000	0.492780	0.000000	0.000000	0.000000	0.501784	0.000000	0.000000	0.000000	0.000315	0.000000	0.005122
101	tsk_101	(x)	1	:	0.000000	0.492669	0.000000	0.000000	0.000000	0.501794	0.000000	0.000000	0.000000	0.000278	0.000000	0.005258
102	tsk_102	(x)	1	:	0.000000	0.493070	0.000000	0.000000	0.000000	0.501866	0.000000	0.000000	0.000000	0.000259	0.000000	0.004806
103	tsk_103	(x)	1	:	0.000000	0.000000	0.000000	0.000000	0.000000	0.502012	0.000000	0.000000	0.493715	0.000184	0.000000	0.004090
104	tsk_104	(x)	1	:	0.000000	0.493546	0.000000	0.000000	0.000000	0.501864	0.000000	0.000000	0.000000	0.000354	0.000000	0.004236
105	tsk_105	(x)	1	:	0.000000	0.492494	0.000000	0.000000	0.000000	0.501786	0.000000	0.000000	0.000000	0.000255	0.000000	0.005464
106	tsk_106	(x)	1	:	0.000000	0.000000	0.000000	0.000000	0.000000	0.502661	0.000000	0.000000	0.000000	0.000534	0.000000	0.496805
107	tsk_107	(x)	1	:	0.000000	0.000000	0.000000	0.000000	0.000000	0.000000	0.000000	0.000000	0.500000	0.000000	0.000000	0.500000
108	tsk_108	(x)	1	:	0.000000	0.000000	0.000000	0.000000	0.000000	1.000000	0.000000	0.000000	0.000000	0.000000	0.000000	0.000000
109	tsk_109	(x)	1	:	0.000000	0.000000	0.000000	0.000000	0.000000	0.502682	0.000000	0.000000	0.000000	0.000504	0.000000	0.496813
110	tsk_110	(x)	1	:	0.000000	0.000000	0.000000	0.000000	0.000000	0.000000	0.000000	0.498988	0.494899	0.000000	0.000000	0.006113
111	tsk_111	(x)	1	:	0.000000	0.000000	0.000000	0.000000	0.000000	0.000000	0.000000	1.000000	0.000000	0.000000	0.000000	0.000000
112	tsk_112	(x)	1	:	0.000000	0.000000	0.000000	0.000000	0.000000	0.000000	0.000000	0.499010	0.495008	0.000000	0.000000	0.005982
113	tsk_113	(x)	1	:	0.000000	0.000000	0.000000	0.000000	0.114959	0.000000	0.385041	0.000000	0.000000	0.500000	0.000000	0.000000
114	tsk_114	(x)	1	:	0.000000	0.000000	0.000000	0.000000	0.000000	0.000000	0.000000	0.000000	0.000000	0.000000	0.000000	1.000000
115	tsk_115	(x)	1	:	0.000000	0.000000	0.000000	0.000000	0.000000	0.504474	0.000000	0.493755	0.000000	0.001771	0.000000	0.000000
116	tsk_116	(x)	1	:	0.000000	0.000000	0.000000	0.000000	0.000000	0.000000	0.000000	0.000000	0.494111	0.498833	0.000000	0.007056
117	tsk_117	(x)	1	:	0.000000	0.000000	0.000000	0.000000	0.000000	0.504460	0.000000	0.493741	0.000000	0.001800	0.000000	0.000000
118	tsk_118	(x)	1	:	0.000000	0.000000	0.000000	0.000000	0.000000	0.000000	0.000000	0.000000	0.500000	0.000000	0.000000	0.500000
119	tsk_119	(x)	1	:	0.000000	0.000000	0.000000	0.000000	0.000000	0.000000	0.000000	0.498947	0.494690	0.000000	0.000000	0.006362
120	tsk_120	(x)	1	:	0.000000	0.000000	0.000000	0.000000	0.000000	0.510986	0.000000	0.000000	0.000000	0.489013	0.000000	0.000000
121	tsk_121	(x)	1	:	0.000000	0.000000	0.000000	0.000000	0.000000	0.000000	0.000000	0.000000	0.000000	0.000000	0.000000	1.000000
122	tsk_122	(x)	1	:	0.000000	0.000000	0.000000	0.000000	0.000000	0.000000	0.000000	0.000000	0.000000	0.000000	0.000000	1.000000
123	tsk_123	(x)	1	:	0.000000	0.000000	0.000000	0.000000	0.000000	0.000000	0.000000	0.000000	0.000000	0.000000	0.000000	1.000000
124	tsk_124	(x)	1	:	0.000000	0.000000	0.000000	0.000000	0.000000	0.000000	0.000000	0.000000	0.000000	1.000000	0.000000	0.000000
125	tsk_125	(x)	1	:	0.000000	0.000000	0.000000	0.000000	0.000000	0.000000	0.000000	0.000000	0.000000	0.500000	0.000000	0.500000
126	tsk_126	(x)	1	:	0.000000	0.000000	0.000000	0.000000	0.000000	0.000000	0.000000	0.000000	0.000000	1.000000	0.000000	0.000000
127	tsk_127	(x)	1	:	0.000000	0.000000	0.000000	0.000000	0.000000	0.510986	0.000000	0.000000	0.000000	0.489013	0.000000	0.000000
128	tsk_128	(x)	1	:	0.000000	0.000000	0.000000	0.000000	0.000000	0.000000	0.000000	0.000000	0.000000	1.000000	0.000000	0.000000
129	tsk_129	(x)	1	:	0.000000	0.000000	0.000000	0.000000	0.000000	0.502599	0.000000	0.000000	0.000000	0.000619	0.000000	0.496782
130	tsk_130	(x)	1	:	0.000000	0.000000	0.000000	0.000000	0.961429	0.000000	0.038571	0.000000	0.000000	0.000000	0.000000	0.000000
131	tsk_131	(x)	1	:	0.000000	0.000000	0.000000	0.416057	0.000000	0.000000	0.000000	0.000000	0.083995	0.000000	0.000000	0.499948
132	tsk_132	(x)	1	:	0.000000	0.000000	0.000000	0.416758	0.419622	0.000000	0.079929	0.000000	0.079910	0.000000	0.000000	0.003782
133	tsk_133	(x)	1	:	0.000000	0.000000	0.000000	0.000000	0.000000	0.000000	0.000000	0.000000	0.000000	0.000000	0.000000	1.000000
134	tsk_134	(x)	1	:	0.000000	0.000000	0.000000	0.416066	0.000000	0.000000	0.000000	0.000000	0.083976	0.000000	0.000000	0.499958
135	tsk_135	(x)	1	:	0.000000	0.000000	0.000000	0.416109	0.000000	0.000000	0.000000	0.000000	0.583891	0.000000	0.000000	0.000000
136	tsk_136	(x)	1	:	0.000000	0.000000	0.000000	0.000000	0.000000	0.000000	0.000000	0.000000	0.000000	0.000000	0.000000	1.000000
137	tsk_137	(x)	1	:	0.000000	0.000000	0.000000	0.416069	0.000000	0.000000	0.000000	0.000000	0.083968	0.000000	0.000000	0.499962
138	tsk_138	(x)	1	:	0.000000	0.000000	0.000000	1.000000	0.000000	0.000000	0.000000	0.000000	0.000000	0.000000	0.000000	0.000000
139	tsk_139	(x)	1	:	0.000000	0.000000	0.000000	0.316950	0.000000	0.000000	0.000000	0.500001	0.000000	0.000000	0.000000	0.183050
140	tsk_140	(x)	1	:	0.000000	0.000000	0.000000	0.000000	0.000000	0.000000	0.000000	0.500000	0.000000	0.000000	0.000000	0.500000
141	tsk_141	(x)	1	:	0.000000	0.000000	0.000000	0.000000	0.000000	0.000000	0.000000	0.500000	0.000000	0.500000	0.000000	0.000000
142	tsk_142	(x)	1	:	0.000000	0.000000	0.000000	0.000000	0.000000	0.000000	0.000000	0.000000	0.000000	0.000000	0.000000	1.000000
143	tsk_143	(x)	1	:	0.205283	0.000000	0.000000	0.000000	0.000000	0.000000	0.000000	0.500071	0.000000	0.000000	0.000000	0.294646
144	tsk_144	(x)	1	:	0.000000	0.000000	0.000000	0.000000	0.000000	0.000000	0.000000	0.000000	0.000000	0.000000	0.507201	0.492799
145	tsk_145	(x)	1	:	0.000000	0.493569	0.000000	0.000000	0.000000	0.000000	0.000000	0.498727	0.000000	0.000000	0.000000	0.007704
146	tsk_146	(x)	1	:	0.000000	0.000000	0.000000	0.000000	0.000000	0.000000	0.000000	0.000000	0.000000	0.000000	0.000000	1.000000
147	tsk_147	(x)	1	:	0.000000	0.000000	0.000000	0.000000	0.000000	0.257505	0.000000	0.000000	0.000000	0.242500	0.000000	0.499995
148	tsk_148	(x)	1	:	0.000000	0.000000	0.000000	0.000000	0.000000	0.000000	0.000000	0.000000	0.000000	0.000000	0.000000	1.000000
149	tsk_149	(x)	1	:	0.000000	0.000000	0.000000	0.000000	0.000000	0.000000	0.000000	0.000000	0.000000	0.000000	0.000000	1.000000
