logL = -506.648515 (converged)
AIC = 3577.297030
BIC = 7436.931477

count.K
64 10 3 21 10 8 25 9 

