logL = -951.924653 (converged)
AIC = 3847.849306
BIC = 6774.186812

count.K
24 31 14 12 18 51 

