logL = -638.849068 (converged)
AIC = 4577.698136
BIC = 9545.246371

count.K
2 2 1 86 10 6 5 8 12 18 

