logL = -1214.546225 (converged)
AIC = 3601.092451
BIC = 5365.324733

count.K
64 21 39 26 

