logL = -1958.938208 (converged)
AIC = 8149.876415
BIC = 14520.380697

count.K
7 5 1 5 22 17 2 14 37 19 21 

