logL = -1079.987217 (converged)
AIC = 4067.974434
BIC = 6940.120505

count.K
14 28 29 48 24 7 

