logL = -944.698477 (converged)
AIC = 4123.396954
BIC = 7486.276577

count.K
31 15 14 59 10 11 10 

