logL = -1348.044005 (converged)
AIC = 5452.088009
BIC = 9600.743445

count.K
18 9 25 30 2 34 25 7 

