logL = -2180.568242 (converged)
AIC = 4829.136485
BIC = 5533.625144

count.K
68 82 

