logL = -1690.070670 (converged)
AIC = 5110.141340
BIC = 7714.340870

count.K
5 43 11 44 47 

