0	tsk_0	(x)	1	:	0.000000	0.254663	0.000000	0.000000	0.000000	0.000000	0.000000	0.000000	0.000000	0.745336	0.000000	0.000000	0.000000
1	tsk_1	(x)	1	:	0.000000	0.000000	0.420159	0.001356	0.000000	0.000000	0.000000	0.000000	0.048734	0.499666	0.000000	0.000000	0.030084
2	tsk_2	(x)	1	:	0.000000	0.000000	0.000000	0.500000	0.000000	0.000000	0.000000	0.000000	0.217379	0.000000	0.000000	0.000000	0.282621
3	tsk_3	(x)	1	:	0.000000	0.000000	0.000000	0.000000	0.000000	0.000000	0.000000	0.000000	0.591043	0.000000	0.000000	0.000000	0.408957
4	tsk_4	(x)	1	:	0.000000	0.000000	0.000000	0.500000	0.000000	0.000000	0.000000	0.000000	0.000000	0.500000	0.000000	0.000000	0.000000
5	tsk_5	(x)	1	:	0.000000	0.000000	0.000000	0.001154	0.000000	0.000000	0.000000	0.000000	0.326111	0.116816	0.382892	0.000000	0.173027
6	tsk_6	(x)	1	:	0.000000	0.000000	0.000000	0.000000	0.000000	0.000000	0.000000	0.000000	0.000000	1.000000	0.000000	0.000000	0.000000
7	tsk_7	(x)	1	:	0.000000	0.254755	0.000000	0.001512	0.000000	0.000000	0.000000	0.000000	0.443868	0.244947	0.000000	0.000000	0.054919
8	tsk_8	(x)	1	:	0.000000	0.000000	0.000000	0.000002	0.000000	0.000000	0.000000	0.500123	0.000000	0.499874	0.000000	0.000001	0.000000
9	tsk_9	(x)	1	:	0.000000	0.000002	0.000000	0.001464	0.498581	0.000000	0.000000	0.000000	0.000000	0.499952	0.000000	0.000000	0.000000
10	tsk_10	(x)	1	:	0.000000	0.282595	0.000000	0.499929	0.000000	0.000000	0.000000	0.000000	0.000000	0.217476	0.000000	0.000000	0.000000
11	tsk_11	(x)	1	:	0.320783	0.000000	0.000000	0.000000	0.000000	0.000000	0.000000	0.000000	0.535824	0.000000	0.000000	0.000000	0.143393
12	tsk_12	(x)	1	:	0.000000	0.000000	0.000000	0.248962	0.000000	0.000000	0.000000	0.000000	0.283658	0.000000	0.000000	0.251014	0.216365
13	tsk_13	(x)	1	:	0.000000	0.000000	0.000000	0.000000	0.000000	0.000000	0.000000	1.000000	0.000000	0.000000	0.000000	0.000000	0.000000
14	tsk_14	(x)	1	:	0.000000	0.000000	0.000000	0.499528	0.000000	0.000000	0.000000	0.500472	0.000000	0.000000	0.000000	0.000000	0.000000
15	tsk_15	(x)	1	:	0.000000	0.000000	0.000000	0.000000	0.000000	0.000000	0.000000	0.520158	0.000000	0.479842	0.000000	0.000000	0.000000
16	tsk_16	(x)	1	:	0.000000	0.229227	0.000000	0.499884	0.000000	0.000000	0.000000	0.000000	0.000000	0.270889	0.000000	0.000000	0.000000
17	tsk_17	(x)	1	:	0.000000	0.000000	0.000000	0.000000	0.000000	0.000000	0.364098	0.000000	0.299238	0.000000	0.000000	0.000000	0.336664
18	tsk_18	(x)	1	:	0.000000	0.229198	0.000000	0.001430	0.000000	0.000000	0.000000	0.000000	0.169468	0.270518	0.000000	0.000000	0.329387
19	tsk_19	(x)	1	:	0.000000	0.000000	0.000000	0.000000	0.000000	0.000000	0.364107	0.000000	0.137341	0.000000	0.000000	0.099211	0.399340
20	tsk_20	(x)	1	:	0.000000	0.000000	1.000000	0.000000	0.000000	0.000000	0.000000	0.000000	0.000000	0.000000	0.000000	0.000000	0.000000
21	tsk_21	(x)	1	:	0.000000	0.000000	0.000000	0.001230	0.000000	0.000000	0.364089	0.000000	0.083459	0.116800	0.382889	0.000000	0.051533
22	tsk_22	(x)	1	:	0.000000	0.000000	0.420119	0.000000	0.000000	0.500016	0.000000	0.000000	0.052106	0.000000	0.000000	0.000000	0.027759
23	tsk_23	(x)	1	:	0.000000	0.000000	0.000000	0.000000	0.000000	0.000000	0.000000	0.000000	0.818135	0.000000	0.000000	0.000000	0.181865
24	tsk_24	(x)	1	:	0.000000	0.254752	0.000000	0.001559	0.000000	0.000000	0.000000	0.000000	0.341294	0.244939	0.000000	0.000000	0.157456
25	tsk_25	(x)	1	:	0.000000	0.000000	0.436364	0.000000	0.000000	0.000000	0.000000	0.527812	0.021156	0.000000	0.000000	0.000000	0.014667
26	tsk_26	(x)	1	:	0.000000	0.000000	0.420100	0.000000	0.000000	0.000000	0.364100	0.000000	0.145498	0.000000	0.000000	0.000000	0.070302
27	tsk_27	(x)	1	:	0.000000	0.000000	0.000000	0.001220	0.000000	0.000000	0.000000	0.000000	0.385623	0.499695	0.000000	0.000000	0.113462
28	tsk_28	(x)	1	:	0.000000	0.000000	0.618171	0.000000	0.000000	0.000000	0.000000	0.000000	0.326157	0.000000	0.000000	0.000000	0.055672
29	tsk_29	(x)	1	:	0.000000	0.000000	0.420100	0.000000	0.000000	0.000000	0.364100	0.000000	0.146538	0.000000	0.000000	0.000000	0.069262
30	tsk_30	(x)	1	:	1.000000	0.000000	0.000000	0.000000	0.000000	0.000000	0.000000	0.000000	0.000000	0.000000	0.000000	0.000000	0.000000
31	tsk_31	(x)	1	:	0.471132	0.000000	0.000000	0.000000	0.000000	0.000000	0.000000	0.000000	0.394261	0.000000	0.000000	0.000000	0.134608
32	tsk_32	(x)	1	:	1.000000	0.000000	0.000000	0.000000	0.000000	0.000000	0.000000	0.000000	0.000000	0.000000	0.000000	0.000000	0.000000
33	tsk_33	(x)	1	:	0.471131	0.000000	0.000000	0.000000	0.000000	0.000000	0.000000	0.000000	0.487717	0.000000	0.000000	0.000000	0.041152
34	tsk_34	(x)	1	:	0.000000	0.000000	0.000000	0.000000	0.000000	0.499993	0.000000	0.000000	0.408580	0.000000	0.000000	0.000000	0.091427
35	tsk_35	(x)	1	:	0.653482	0.000000	0.000000	0.000000	0.000000	0.000000	0.000000	0.000000	0.186911	0.000000	0.000000	0.000000	0.159607
36	tsk_36	(x)	1	:	1.000000	0.000000	0.000000	0.000000	0.000000	0.000000	0.000000	0.000000	0.000000	0.000000	0.000000	0.000000	0.000000
37	tsk_37	(x)	1	:	0.471313	0.000000	0.000000	0.001470	0.000000	0.000000	0.000000	0.000000	0.021452	0.116750	0.382894	0.000002	0.006120
38	tsk_38	(x)	1	:	0.000000	0.000000	0.000000	0.000000	0.000000	0.000000	0.000000	0.000000	0.778734	0.000000	0.000000	0.000000	0.221266
39	tsk_39	(x)	1	:	1.000000	0.000000	0.000000	0.000000	0.000000	0.000000	0.000000	0.000000	0.000000	0.000000	0.000000	0.000000	0.000000
40	tsk_40	(x)	1	:	0.000000	0.000000	0.000000	0.500004	0.000000	0.000000	0.000000	0.000000	0.000000	0.117109	0.382887	0.000000	0.000000
41	tsk_41	(x)	1	:	0.000000	0.000000	0.000000	0.500000	0.000000	0.000000	0.000000	0.000000	0.000000	0.500000	0.000000	0.000000	0.000000
42	tsk_42	(x)	1	:	0.000000	0.000000	0.000000	1.000000	0.000000	0.000000	0.000000	0.000000	0.000000	0.000000	0.000000	0.000000	0.000000
43	tsk_43	(x)	1	:	0.000000	0.254664	0.000000	0.000000	0.000000	0.000000	0.000000	0.000000	0.000000	0.745336	0.000000	0.000000	0.000000
44	tsk_44	(x)	1	:	0.000000	0.000000	0.000000	0.500000	0.000000	0.000000	0.000000	0.000000	0.000000	0.500000	0.000000	0.000000	0.000000
45	tsk_45	(x)	1	:	0.000000	0.254663	0.000000	0.000000	0.000000	0.000000	0.000000	0.000000	0.000000	0.745337	0.000000	0.000000	0.000000
46	tsk_46	(x)	1	:	0.000000	0.000000	0.000000	0.248962	0.000000	0.000000	0.000000	0.000000	0.272385	0.000000	0.000000	0.251014	0.227639
47	tsk_47	(x)	1	:	0.000000	0.000000	0.000000	1.000000	0.000000	0.000000	0.000000	0.000000	0.000000	0.000000	0.000000	0.000000	0.000000
48	tsk_48	(x)	1	:	0.000000	0.000000	0.000000	0.000000	0.000000	0.000000	0.000000	0.000000	0.000000	1.000000	0.000000	0.000000	0.000000
49	tsk_49	(x)	1	:	0.000000	0.000000	0.000000	1.000000	0.000000	0.000000	0.000000	0.000000	0.000000	0.000000	0.000000	0.000000	0.000000
50	tsk_50	(x)	1	:	0.000000	0.000000	0.000000	0.001270	0.000000	0.000000	0.000000	0.000000	0.320653	0.116787	0.382893	0.000000	0.178398
51	tsk_51	(x)	1	:	0.000000	0.000000	0.000000	0.000000	0.000000	0.000000	0.000000	0.000000	0.000000	0.290586	0.709413	0.000000	0.000000
52	tsk_52	(x)	1	:	0.000000	0.000000	0.000000	0.000000	0.000000	0.000000	0.612299	0.000000	0.161618	0.000000	0.000000	0.000000	0.226083
53	tsk_53	(x)	1	:	0.000000	0.000000	0.000000	0.000000	0.000000	0.000000	0.364080	0.000000	0.061685	0.000000	0.511038	0.000000	0.063197
54	tsk_54	(x)	1	:	0.000000	0.000000	0.000000	0.000000	0.000000	0.000000	1.000000	0.000000	0.000000	0.000000	0.000000	0.000000	0.000000
55	tsk_55	(x)	1	:	0.000000	0.000000	0.000000	0.000000	0.000000	0.000000	0.000000	0.000000	0.285211	0.000000	0.511039	0.000000	0.203751
56	tsk_56	(x)	1	:	0.000000	0.000000	0.000000	0.000000	0.000000	0.000000	0.364096	0.000000	0.279075	0.000000	0.000000	0.000000	0.356829
57	tsk_57	(x)	1	:	0.000000	0.000000	0.000000	0.000018	0.000000	0.000000	0.000000	0.000000	0.377612	0.000000	0.528922	0.000000	0.093448
58	tsk_58	(x)	1	:	0.000000	0.000000	0.000000	0.000000	0.000000	0.000000	0.512571	0.000000	0.000000	0.104537	0.382891	0.000000	0.000000
59	tsk_59	(x)	1	:	0.000000	0.000000	0.000000	0.000000	0.000000	0.000000	0.000000	0.000000	0.789291	0.000000	0.000000	0.000000	0.210708
60	tsk_60	(x)	1	:	0.000000	0.000000	0.000000	0.000000	0.000000	0.000000	0.000000	0.000000	0.000000	1.000000	0.000000	0.000000	0.000000
61	tsk_61	(x)	1	:	0.000000	0.000000	0.000000	0.001258	0.000000	0.000000	0.000000	0.000000	0.386484	0.499686	0.000000	0.000000	0.112572
62	tsk_62	(x)	1	:	0.000000	0.282548	0.000000	0.000000	0.000000	0.000000	0.000000	0.000000	0.000000	0.717452	0.000000	0.000000	0.000000
63	tsk_63	(x)	1	:	0.000000	0.000000	0.000000	0.000000	0.000000	0.000000	0.000000	0.000000	0.000000	0.398963	0.601037	0.000000	0.000000
64	tsk_64	(x)	1	:	0.000000	0.000000	0.000000	0.000000	0.000000	0.000000	0.000000	0.000000	0.432869	0.000000	0.511035	0.000000	0.056096
65	tsk_65	(x)	1	:	0.000000	0.000000	0.000000	0.000000	0.000000	0.000000	0.000000	0.000000	0.000000	1.000000	0.000000	0.000000	0.000000
66	tsk_66	(x)	1	:	0.000000	0.000000	0.000000	0.000000	0.499954	0.000000	0.000000	0.000000	0.000000	0.500045	0.000000	0.000000	0.000000
67	tsk_67	(x)	1	:	0.000000	0.000000	0.420100	0.000000	0.000000	0.000000	0.000000	0.000000	0.300539	0.000000	0.000000	0.000000	0.279361
68	tsk_68	(x)	1	:	0.000000	0.000000	0.000000	0.000000	0.000000	0.000000	0.000000	0.000000	0.000000	1.000000	0.000000	0.000000	0.000000
69	tsk_69	(x)	1	:	0.000000	0.000000	0.000001	0.499999	0.000000	0.000000	0.000000	0.000000	0.131062	0.000000	0.000000	0.000000	0.368937
70	tsk_70	(x)	1	:	0.000000	0.000000	0.000000	0.000000	0.000000	0.489664	0.000000	0.000000	0.000055	0.000000	0.510269	0.000000	0.000011
71	tsk_71	(x)	1	:	0.000000	0.000000	0.000000	0.000000	0.000000	0.000000	0.000000	0.000000	0.000000	0.617148	0.382852	0.000000	0.000000
72	tsk_72	(x)	1	:	0.000000	0.000000	0.000000	0.000000	0.000000	0.000000	0.000000	0.000004	0.323105	0.460112	0.000000	0.154044	0.062735
73	tsk_73	(x)	1	:	0.000000	0.282633	0.000000	0.000000	0.000000	0.000000	0.000000	0.000000	0.211496	0.177521	0.000000	0.154036	0.174314
74	tsk_74	(x)	1	:	0.000000	0.283692	0.000000	0.000000	0.000000	0.000000	0.000000	0.000000	0.000000	0.113810	0.602498	0.000000	0.000000
75	tsk_75	(x)	1	:	0.000000	0.000000	0.000000	0.001235	0.000000	0.000000	0.000000	0.000000	0.311436	0.499692	0.000000	0.000000	0.187638
76	tsk_76	(x)	1	:	0.000000	0.282583	0.000000	0.001364	0.000000	0.000000	0.000000	0.000000	0.197533	0.217121	0.000000	0.000000	0.301400
77	tsk_77	(x)	1	:	0.471131	0.000000	0.000000	0.000000	0.000000	0.000000	0.000000	0.000000	0.326086	0.000000	0.000000	0.000000	0.202783
78	tsk_78	(x)	1	:	0.000000	0.000000	0.000000	0.000000	0.000000	0.000000	0.000000	0.000000	0.896400	0.000000	0.000000	0.000000	0.103600
79	tsk_79	(x)	1	:	0.000000	0.000001	0.000001	0.001142	0.000000	0.000000	0.000001	0.000000	0.299147	0.116818	0.382893	0.000000	0.199998
80	tsk_80	(x)	1	:	0.000000	0.229191	0.513887	0.000000	0.000000	0.000000	0.000000	0.000000	0.000000	0.256922	0.000000	0.000000	0.000000
81	tsk_81	(x)	1	:	0.000002	0.000002	0.513941	0.000000	0.000000	0.000002	0.000000	0.000002	0.000000	0.486052	0.000000	0.000000	0.000000
82	tsk_82	(x)	1	:	0.000000	0.000000	0.513946	0.000000	0.000000	0.000000	0.000000	0.000000	0.000000	0.486054	0.000000	0.000000	0.000000
83	tsk_83	(x)	1	:	0.000000	0.000000	0.420152	0.001227	0.000000	0.000000	0.000000	0.000000	0.049620	0.116803	0.382892	0.000000	0.029307
84	tsk_84	(x)	1	:	0.000000	0.000000	0.000000	0.001275	0.000000	0.000000	0.364091	0.000000	0.045378	0.499681	0.000000	0.000000	0.089574
85	tsk_85	(x)	1	:	0.000000	0.000000	0.000000	0.000000	0.000000	0.000000	0.000000	0.000000	0.000000	0.000000	1.000000	0.000000	0.000000
86	tsk_86	(x)	1	:	0.000000	0.000000	0.420100	0.000000	0.000000	0.000000	0.000000	0.000000	0.568727	0.000000	0.000000	0.000000	0.011172
87	tsk_87	(x)	1	:	0.000000	0.000000	0.000000	0.000000	0.000000	0.000000	0.000000	0.000000	0.000000	0.000000	1.000000	0.000000	0.000000
88	tsk_88	(x)	1	:	0.000000	0.000000	0.000000	0.000000	0.000000	0.000000	0.000000	0.000000	0.000000	0.617147	0.382853	0.000000	0.000000
89	tsk_89	(x)	1	:	0.000000	0.000000	0.000000	0.225222	0.000000	0.000000	0.364258	0.000000	0.042700	0.000000	0.000000	0.274785	0.093035
90	tsk_90	(x)	1	:	0.000000	0.000000	0.000000	0.000000	0.000000	0.000000	0.000000	0.000000	0.681295	0.000000	0.000000	0.000000	0.318704
91	tsk_91	(x)	1	:	0.471179	0.000000	0.000000	0.225158	0.000000	0.000000	0.000000	0.000000	0.011803	0.000000	0.000000	0.274802	0.017058
92	tsk_92	(x)	1	:	0.471131	0.000000	0.000000	0.000000	0.000000	0.000000	0.000000	0.000000	0.528869	0.000000	0.000000	0.000000	0.000000
93	tsk_93	(x)	1	:	0.000000	0.000000	0.000000	0.000000	0.000000	0.000000	0.000000	0.000000	0.634869	0.000000	0.000000	0.099211	0.265920
94	tsk_94	(x)	1	:	0.000000	0.000000	0.000000	0.000000	0.000000	0.000000	0.000000	0.000000	0.798997	0.000000	0.000000	0.099211	0.101792
95	tsk_95	(x)	1	:	0.000000	0.000000	0.000000	0.000000	0.000000	0.000000	0.000000	0.000000	0.789235	0.000000	0.000000	0.000000	0.210764
96	tsk_96	(x)	1	:	0.000000	0.000000	0.000000	0.225282	0.000000	0.000000	0.000000	0.000000	0.178045	0.000000	0.000000	0.274709	0.321964
97	tsk_97	(x)	1	:	0.000000	0.000000	0.000000	0.000000	0.000000	0.000000	0.000000	0.000000	0.566414	0.000000	0.000000	0.000000	0.433586
98	tsk_98	(x)	1	:	0.471131	0.000000	0.000000	0.000000	0.000000	0.000000	0.000000	0.000000	0.462191	0.000000	0.000000	0.000000	0.066677
99	tsk_99	(x)	1	:	0.000000	0.000000	0.000000	0.000000	0.000000	0.000000	0.000000	0.000000	0.686616	0.000000	0.000000	0.099211	0.214174
100	tsk_100	(x)	1	:	0.000000	0.000000	0.000000	0.500000	0.000000	0.000000	0.000000	0.000000	0.296467	0.000000	0.000000	0.000000	0.203533
101	tsk_101	(x)	1	:	0.000000	0.000000	0.420128	0.500010	0.000000	0.000000	0.000000	0.000000	0.034390	0.000000	0.000000	0.000000	0.045471
102	tsk_102	(x)	1	:	0.000000	0.000000	1.000000	0.000000	0.000000	0.000000	0.000000	0.000000	0.000000	0.000000	0.000000	0.000000	0.000000
103	tsk_103	(x)	1	:	0.000000	0.000000	0.000000	0.499618	0.000000	0.498853	0.000000	0.000000	0.000423	0.000000	0.000000	0.000000	0.001107
104	tsk_104	(x)	1	:	0.000000	0.000000	0.000000	0.000000	0.000000	0.499993	0.000000	0.000000	0.333722	0.000000	0.000000	0.000000	0.166286
105	tsk_105	(x)	1	:	0.000000	0.000000	0.000000	0.500000	0.000000	0.000000	0.000000	0.000000	0.134889	0.000000	0.000000	0.000000	0.365111
106	tsk_106	(x)	1	:	0.000000	0.000000	0.721421	0.000000	0.000000	0.000000	0.000000	0.000000	0.207898	0.000000	0.000000	0.000000	0.070680
107	tsk_107	(x)	1	:	0.000000	0.000000	0.420099	0.000000	0.000000	0.000000	0.000000	0.000000	0.131819	0.000000	0.000000	0.000000	0.448081
108	tsk_108	(x)	1	:	0.000000	0.000000	0.420116	0.500006	0.000000	0.000000	0.000000	0.000000	0.023261	0.000000	0.000000	0.000000	0.056617
109	tsk_109	(x)	1	:	0.000000	0.000000	0.000000	0.000000	0.000000	0.499993	0.000000	0.000000	0.379912	0.000000	0.000000	0.000000	0.120095
110	tsk_110	(x)	1	:	0.000000	0.000000	0.000000	0.000000	0.000000	0.499993	0.000000	0.000000	0.268423	0.000000	0.000000	0.000000	0.231584
111	tsk_111	(x)	1	:	0.000000	0.000000	0.000000	0.499528	0.000000	0.000000	0.000000	0.500472	0.000000	0.000000	0.000000	0.000000	0.000000
112	tsk_112	(x)	1	:	0.000000	0.000000	0.000000	0.000000	0.000000	0.000000	0.000000	0.000000	0.000000	1.000000	0.000000	0.000000	0.000000
113	tsk_113	(x)	1	:	0.000000	0.000000	0.000000	0.000000	0.000000	0.000000	0.000000	0.000000	0.505904	0.000000	0.000000	0.000000	0.494096
114	tsk_114	(x)	1	:	0.000000	0.000000	0.000000	0.000000	0.000000	0.499042	0.000000	0.500958	0.000000	0.000000	0.000000	0.000000	0.000000
115	tsk_115	(x)	1	:	0.000000	0.000000	0.000000	0.000000	0.000000	0.499040	0.000000	0.500955	0.000004	0.000000	0.000000	0.000000	0.000002
116	tsk_116	(x)	1	:	0.000000	0.000000	0.000000	0.000000	0.000000	0.499993	0.000000	0.000000	0.251843	0.000000	0.000000	0.000000	0.248165
117	tsk_117	(x)	1	:	0.000000	0.000000	0.000000	0.000000	0.000000	0.499993	0.000000	0.000000	0.279894	0.000000	0.000000	0.000000	0.220113
118	tsk_118	(x)	1	:	0.000000	0.000000	0.000000	0.000000	0.000000	0.499993	0.000000	0.000000	0.362262	0.000000	0.000000	0.000000	0.137746
119	tsk_119	(x)	1	:	0.000000	0.282598	0.000000	0.499929	0.000000	0.000000	0.000000	0.000000	0.000000	0.217473	0.000000	0.000000	0.000000
120	tsk_120	(x)	1	:	0.000000	0.282560	0.000000	0.225186	0.000000	0.000000	0.000000	0.000000	0.000000	0.217527	0.000000	0.274727	0.000000
121	tsk_121	(x)	1	:	0.000000	0.000000	0.000000	0.000000	0.000000	0.000000	0.000000	0.000000	0.296455	0.117110	0.382887	0.000000	0.203548
122	tsk_122	(x)	1	:	0.000000	0.669304	0.000000	0.000000	0.000000	0.000000	0.000000	0.000000	0.000000	0.330696	0.000000	0.000000	0.000000
123	tsk_123	(x)	1	:	0.000000	0.000000	0.000000	0.000000	0.000000	0.000000	0.000000	0.000000	0.154743	0.460112	0.000000	0.154044	0.231101
124	tsk_124	(x)	1	:	0.000000	0.000000	0.000000	0.224691	0.000000	0.498607	0.000000	0.000000	0.000473	0.000000	0.000000	0.274795	0.001433
125	tsk_125	(x)	1	:	0.000000	0.000000	0.000000	0.371186	0.000000	0.000000	0.000000	0.000000	0.000000	0.000000	0.000000	0.628814	0.000000
126	tsk_126	(x)	1	:	0.000000	0.000000	0.000000	0.000000	0.000000	0.000000	0.000000	0.000000	0.770189	0.000000	0.000000	0.000000	0.229811
127	tsk_127	(x)	1	:	0.000000	0.000000	0.000000	0.001225	0.000000	0.000000	0.000000	0.000000	0.319111	0.499694	0.000000	0.000000	0.179969
128	tsk_128	(x)	1	:	0.000000	0.282574	0.000000	0.000576	0.000000	0.499102	0.000001	0.000000	0.000066	0.217248	0.000001	0.000000	0.000432
129	tsk_129	(x)	1	:	0.000000	0.282555	0.000000	0.225184	0.000000	0.000000	0.000000	0.000000	0.000000	0.217532	0.000000	0.274728	0.000000
130	tsk_130	(x)	1	:	0.000000	0.000000	0.000000	0.000000	0.000000	0.000000	0.612298	0.000000	0.184367	0.000000	0.000000	0.000000	0.203335
131	tsk_131	(x)	1	:	0.000000	0.000000	0.000000	0.000000	0.000000	0.000000	0.512568	0.000000	0.000000	0.487432	0.000000	0.000000	0.000000
132	tsk_132	(x)	1	:	0.000000	0.000000	0.000000	0.000000	0.000000	0.000000	0.364093	0.000000	0.303286	0.000000	0.000000	0.000000	0.332621
133	tsk_133	(x)	1	:	0.000000	0.000000	0.000000	0.043594	0.000000	0.000000	0.000000	0.000000	0.085312	0.000000	0.000000	0.456448	0.414646
134	tsk_134	(x)	1	:	0.000000	0.000000	0.000000	0.000000	0.000000	0.000000	0.364094	0.000000	0.279660	0.000000	0.000000	0.000000	0.356246
135	tsk_135	(x)	1	:	0.000000	0.000000	0.000000	0.000000	0.000000	0.000000	0.999956	0.000000	0.000024	0.000000	0.000000	0.000000	0.000020
136	tsk_136	(x)	1	:	0.000000	0.000000	0.000000	0.225263	0.000000	0.000000	0.000000	0.000000	0.333392	0.000000	0.000000	0.274721	0.166624
137	tsk_137	(x)	1	:	0.473321	0.000000	0.000000	0.045225	0.000000	0.000000	0.000000	0.000000	0.002719	0.000000	0.000000	0.455881	0.022855
138	tsk_138	(x)	1	:	0.000000	0.000000	0.000000	0.225262	0.000000	0.000000	0.000000	0.000000	0.292467	0.000000	0.000000	0.274722	0.207549
139	tsk_139	(x)	1	:	0.000000	0.000000	0.000000	0.000000	0.000000	0.000000	1.000000	0.000000	0.000000	0.000000	0.000000	0.000000	0.000000
140	tsk_140	(x)	1	:	0.000000	0.254757	0.000000	0.000000	0.000000	0.000000	0.512506	0.000000	0.000000	0.232737	0.000000	0.000000	0.000000
141	tsk_141	(x)	1	:	0.000000	0.499200	0.000000	0.000003	0.000000	0.000000	0.000000	0.000000	0.013159	0.000000	0.000000	0.000000	0.487639
142	tsk_142	(x)	1	:	0.000000	0.488016	0.000000	0.000000	0.000000	0.000000	0.511984	0.000000	0.000000	0.000000	0.000000	0.000000	0.000000
143	tsk_143	(x)	1	:	0.000000	0.000000	0.000000	0.000000	0.000000	0.000000	0.000000	0.000000	0.790546	0.000000	0.000000	0.000000	0.209454
144	tsk_144	(x)	1	:	0.000002	0.254757	0.000001	0.000000	0.000000	0.000001	0.512500	0.000002	0.000000	0.232737	0.000000	0.000000	0.000000
145	tsk_145	(x)	1	:	0.000000	0.000000	0.000000	0.000000	0.000000	0.000000	0.000000	0.000000	0.552095	0.000000	0.000000	0.000000	0.447905
146	tsk_146	(x)	1	:	0.000000	0.000000	0.000000	0.000000	0.000000	0.000000	0.000000	0.000000	0.726531	0.000000	0.000000	0.000000	0.273469
147	tsk_147	(x)	1	:	0.000000	0.483704	0.000000	0.000000	0.000000	0.000000	0.000000	0.000000	0.000000	0.516296	0.000000	0.000000	0.000000
148	tsk_148	(x)	1	:	0.000000	0.000000	0.000000	0.000000	0.000000	0.000000	0.000000	0.000000	0.583411	0.000000	0.000000	0.000000	0.416589
149	tsk_149	(x)	1	:	0.000000	0.700817	0.000000	0.000000	0.000000	0.000000	0.000000	0.000000	0.000000	0.299182	0.000000	0.000000	0.000000
