logL = -1567.341435 (converged)
AIC = 4338.682870
BIC = 6151.085317

count.K
11 65 7 67 

