logL = -1028.419935 (converged)
AIC = 6462.839869
BIC = 13095.269422

count.K
17 15 15 1 16 11 5 23 2 5 17 10 13 

