logL = -825.047682 (converged)
AIC = 2774.095365
BIC = 4466.072400

count.K
8 120 17 5 

