logL = -2082.092653 (converged)
AIC = 5864.185306
BIC = 8423.225306

count.K
47 17 48 21 17 

