logL = -831.335259 (converged)
AIC = 5042.670518
BIC = 10130.644165

count.K
4 15 31 23 5 26 3 3 37 3 

