logL = -1434.420809 (converged)
AIC = 5312.841618
BIC = 8991.837947

count.K
13 4 19 5 45 56 8 

