logL = -1506.474690 (converged)
AIC = 4722.949381
BIC = 7297.042557

count.K
79 20 15 24 12 

