logL = -2106.456405 (converged)
AIC = 5094.912810
BIC = 6422.602974

count.K
46 35 69 

