logL = -696.651821 (converged)
AIC = 4653.303641
BIC = 9560.639171

count.K
5 19 13 48 8 6 5 6 34 6 

