logL = -1086.657888 (converged)
AIC = 7663.315776
BIC = 15927.509659

count.K
7 19 12 17 13 12 3 0 11 3 8 31 6 2 6 

