logL = -983.682972 (converged)
AIC = 3839.365945
BIC = 6657.320580

count.K
16 23 14 9 14 74 

