logL = -1442.950505 (converged)
AIC = 4097.901010
BIC = 5922.345998

count.K
42 24 50 34 

