logL = -1437.490853 (converged)
AIC = 7852.981707
BIC = 15346.452954

count.K
14 40 10 9 3 4 1 5 48 4 9 3 0 

