logL = -1736.517692 (converged)
AIC = 5405.035383
BIC = 8313.309077

count.K
65 0 33 2 2 48 

