logL = -1415.171094 (converged)
AIC = 6952.342188
BIC = 13157.261529

count.K
4 34 11 1 20 8 2 29 6 28 7 

