logL = -2043.381201 (converged)
AIC = 7082.762402
BIC = 11592.694073

count.K
26 10 15 38 11 3 7 40 

