logL = -2551.183875 (converged)
AIC = 10682.367750
BIC = 19082.040220

count.K
6 31 24 13 9 2 25 3 2 2 12 3 1 17 

