logL = -1061.017856 (converged)
AIC = 5662.035712
BIC = 10990.860183

count.K
21 24 17 4 19 12 22 9 2 20 

