logL = -980.566184 (converged)
AIC = 5241.132368
BIC = 10178.574250

count.K
12 2 2 3 3 11 27 30 29 31 

