logL = -498.568602 (converged)
AIC = 4969.137203
BIC = 10948.258897

count.K
16 15 2 15 16 1 16 20 32 1 5 11 

