logL = -1021.495521 (converged)
AIC = 6630.991043
BIC = 13537.388407

count.K
16 3 4 3 3 15 39 10 7 0 18 17 15 

