logL = -778.011742 (converged)
AIC = 3832.023484
BIC = 7258.126449

count.K
35 8 1 6 47 16 37 

