logL = -2135.528630 (converged)
AIC = 7171.057260
BIC = 11536.478437

count.K
13 5 26 8 4 8 48 38 

