logL = -628.955484 (converged)
AIC = 4477.910969
BIC = 9325.033792

count.K
6 23 15 2 2 9 2 21 28 42 

