logL = -911.475014 (converged)
AIC = 5142.950028
BIC = 10140.604616

count.K
19 9 27 21 16 8 7 5 8 30 

