0	tsk_0	(x)	1	:	0.000000	0.000000	1.000000	0.000000	0.000000	0.000000	0.000000	0.000000	0.000000	0.000000	0.000000	0.000000
1	tsk_1	(x)	1	:	0.000000	1.000000	0.000000	0.000000	0.000000	0.000000	0.000000	0.000000	0.000000	0.000000	0.000000	0.000000
2	tsk_2	(x)	1	:	0.000000	0.000000	0.000000	0.000000	0.000000	0.000000	0.000000	0.000000	0.000000	0.000000	0.000000	1.000000
3	tsk_3	(x)	1	:	0.000000	0.000000	0.000000	0.166668	0.000000	0.358916	0.000000	0.000000	0.000000	0.065864	0.000000	0.408553
4	tsk_4	(x)	1	:	0.486988	0.000000	0.000000	0.000000	0.000000	0.093895	0.000000	0.000000	0.000000	0.008299	0.000000	0.410818
5	tsk_5	(x)	1	:	0.000000	0.000000	0.000255	0.000000	0.000000	0.138355	0.495452	0.000000	0.000000	0.024579	0.000000	0.341358
6	tsk_6	(x)	1	:	0.000000	0.000000	0.000000	0.000000	0.000000	0.505106	0.000000	0.000000	0.000000	0.086342	0.000000	0.408551
7	tsk_7	(x)	1	:	0.000000	0.000000	0.483400	0.000000	0.000000	0.000000	0.000000	0.000000	0.000000	0.000000	0.000000	0.516600
8	tsk_8	(x)	1	:	0.000000	0.000000	0.000000	0.000000	0.000000	0.000000	0.000000	0.000000	0.000000	0.000000	0.000000	1.000000
9	tsk_9	(x)	1	:	0.000000	0.000000	1.000000	0.000000	0.000000	0.000000	0.000000	0.000000	0.000000	0.000000	0.000000	0.000000
10	tsk_10	(x)	1	:	0.000000	0.531292	0.468708	0.000000	0.000000	0.000000	0.000000	0.000000	0.000000	0.000000	0.000000	0.000000
11	tsk_11	(x)	1	:	0.000000	0.000000	0.000000	0.166667	0.000000	0.563252	0.000000	0.000000	0.000000	0.270081	0.000000	0.000000
12	tsk_12	(x)	1	:	0.486506	0.000000	0.000000	0.166866	0.000000	0.275424	0.000000	0.000000	0.000000	0.071204	0.000000	0.000000
13	tsk_13	(x)	1	:	0.000000	0.000000	0.000000	0.000000	0.472446	0.047823	0.000000	0.460561	0.000000	0.019169	0.000000	0.000000
14	tsk_14	(x)	1	:	0.000000	0.000000	0.000000	0.000000	0.000000	0.472239	0.000000	0.451847	0.000000	0.075913	0.000000	0.000000
15	tsk_15	(x)	1	:	0.000000	0.536812	0.000000	0.000000	0.461891	0.000564	0.000000	0.000000	0.000000	0.000733	0.000000	0.000000
16	tsk_16	(x)	1	:	0.000000	0.000000	0.000000	0.000000	0.000000	0.456884	0.000000	0.451847	0.000000	0.091268	0.000000	0.000000
17	tsk_17	(x)	1	:	0.000000	0.336658	0.000000	0.166633	0.000000	0.305161	0.000000	0.000000	0.000000	0.191548	0.000000	0.000000
18	tsk_18	(x)	1	:	0.000000	0.000000	0.000000	0.333333	0.000000	0.432584	0.000000	0.000000	0.000000	0.234083	0.000000	0.000000
19	tsk_19	(x)	1	:	0.000000	0.000000	0.000000	0.166691	0.000000	0.309751	0.000000	0.451901	0.000000	0.071656	0.000000	0.000000
20	tsk_20	(x)	1	:	0.000000	0.000000	0.558139	0.000000	0.000000	0.000000	0.441861	0.000000	0.000000	0.000000	0.000000	0.000000
21	tsk_21	(x)	1	:	0.000000	0.513567	0.486428	0.000000	0.000000	0.000000	0.000000	0.000000	0.000000	0.000000	0.000005	0.000000
22	tsk_22	(x)	1	:	0.000000	0.000000	1.000000	0.000000	0.000000	0.000000	0.000000	0.000000	0.000000	0.000000	0.000000	0.000000
23	tsk_23	(x)	1	:	0.000000	0.000000	0.000000	0.000000	0.000000	0.116233	0.493951	0.000000	0.000000	0.389816	0.000000	0.000000
24	tsk_24	(x)	1	:	0.000000	0.000000	0.527313	0.200000	0.000000	0.078842	0.000000	0.000000	0.000000	0.193845	0.000001	0.000000
25	tsk_25	(x)	1	:	0.488667	0.000000	0.002540	0.000000	0.000000	0.008533	0.489540	0.000000	0.000000	0.010720	0.000000	0.000000
26	tsk_26	(x)	1	:	0.000000	0.000000	0.558138	0.000000	0.000000	0.000000	0.441861	0.000000	0.000000	0.000000	0.000000	0.000000
27	tsk_27	(x)	1	:	0.000000	0.000000	0.498021	0.000000	0.000000	0.093375	0.000000	0.000000	0.000000	0.000000	0.000001	0.408603
28	tsk_28	(x)	1	:	0.000000	0.000000	0.000000	0.000000	0.000000	0.588072	0.000000	0.000000	0.000000	0.411928	0.000000	0.000000
29	tsk_29	(x)	1	:	0.000000	0.000000	0.498016	0.000000	0.000000	0.068217	0.000000	0.000000	0.000000	0.433767	0.000000	0.000000
30	tsk_30	(x)	1	:	0.000000	0.000000	0.000000	1.000000	0.000000	0.000000	0.000000	0.000000	0.000000	0.000000	0.000000	0.000000
31	tsk_31	(x)	1	:	0.000000	0.539160	0.000000	0.000000	0.000000	0.000354	0.000000	0.460063	0.000000	0.000423	0.000000	0.000000
32	tsk_32	(x)	1	:	0.000000	0.000000	0.000000	0.000000	0.000000	0.000000	0.000000	0.000000	0.000000	0.000000	1.000000	0.000000
33	tsk_33	(x)	1	:	0.472319	0.527681	0.000000	0.000000	0.000000	0.000000	0.000000	0.000000	0.000000	0.000000	0.000000	0.000000
34	tsk_34	(x)	1	:	0.000000	0.000000	1.000000	0.000000	0.000000	0.000000	0.000000	0.000000	0.000000	0.000000	0.000000	0.000000
35	tsk_35	(x)	1	:	1.000000	0.000000	0.000000	0.000000	0.000000	0.000000	0.000000	0.000000	0.000000	0.000000	0.000000	0.000000
36	tsk_36	(x)	1	:	0.000000	0.000000	0.502882	0.000000	0.000000	0.000000	0.000000	0.497117	0.000000	0.000000	0.000001	0.000000
37	tsk_37	(x)	1	:	0.000000	0.513568	0.486429	0.000000	0.000000	0.000000	0.000000	0.000000	0.000000	0.000000	0.000003	0.000000
38	tsk_38	(x)	1	:	0.000000	0.000000	1.000000	0.000000	0.000000	0.000000	0.000000	0.000000	0.000000	0.000000	0.000000	0.000000
39	tsk_39	(x)	1	:	0.000000	0.000000	0.498016	0.000000	0.000000	0.116785	0.000000	0.000000	0.000000	0.385198	0.000000	0.000000
40	tsk_40	(x)	1	:	0.000000	0.000000	0.498019	0.000000	0.000000	0.003770	0.000000	0.000000	0.477922	0.020289	0.000000	0.000000
41	tsk_41	(x)	1	:	0.000000	0.000000	0.000000	0.000000	0.000000	0.000000	0.000000	0.000000	0.000000	0.000000	1.000000	0.000000
42	tsk_42	(x)	1	:	0.000000	0.484678	0.000000	0.000000	0.000000	0.000000	0.000000	0.000000	0.000000	0.000000	0.515322	0.000000
43	tsk_43	(x)	1	:	0.000000	0.000000	0.000000	0.000000	0.000000	0.007637	0.494070	0.000000	0.478269	0.020024	0.000000	0.000000
44	tsk_44	(x)	1	:	0.506438	0.493562	0.000000	0.000000	0.000000	0.000000	0.000000	0.000000	0.000000	0.000000	0.000000	0.000000
45	tsk_45	(x)	1	:	0.000000	0.000000	0.000000	0.000000	0.000000	0.007983	0.000000	0.000000	0.477921	0.038952	0.475144	0.000000
46	tsk_46	(x)	1	:	0.486281	0.000000	0.000000	0.000000	0.000000	0.393959	0.000000	0.000000	0.000000	0.119760	0.000000	0.000000
47	tsk_47	(x)	1	:	0.000000	0.499391	0.000000	0.000000	0.000000	0.000000	0.000000	0.000000	0.500609	0.000000	0.000000	0.000000
48	tsk_48	(x)	1	:	1.000000	0.000000	0.000000	0.000000	0.000000	0.000000	0.000000	0.000000	0.000000	0.000000	0.000000	0.000000
49	tsk_49	(x)	1	:	0.500390	0.000000	0.499610	0.000000	0.000000	0.000000	0.000000	0.000000	0.000000	0.000000	0.000000	0.000000
50	tsk_50	(x)	1	:	0.000000	0.000000	0.000000	0.000000	0.000000	0.553617	0.000000	0.000000	0.000000	0.446383	0.000000	0.000000
51	tsk_51	(x)	1	:	0.000000	0.000000	0.023008	0.000000	0.000000	0.062120	0.469841	0.000000	0.000000	0.445031	0.000000	0.000000
52	tsk_52	(x)	1	:	0.000000	0.000000	0.498016	0.000000	0.000000	0.118328	0.000000	0.000000	0.000000	0.383655	0.000000	0.000000
53	tsk_53	(x)	1	:	0.000000	0.000000	0.001744	0.000000	0.000000	0.118002	0.492383	0.000000	0.000000	0.387869	0.000002	0.000000
54	tsk_54	(x)	1	:	0.000000	0.000000	0.000000	0.000000	0.000000	0.092511	0.522514	0.000000	0.000000	0.384975	0.000000	0.000000
55	tsk_55	(x)	1	:	0.000000	0.000000	0.498016	0.000000	0.000000	0.100593	0.000000	0.000000	0.000000	0.401390	0.000000	0.000000
56	tsk_56	(x)	1	:	0.000000	0.000000	0.498016	0.000000	0.000000	0.148542	0.000000	0.000000	0.000000	0.353441	0.000000	0.000000
57	tsk_57	(x)	1	:	0.000000	0.000000	0.498015	0.000000	0.000000	0.209326	0.000000	0.000000	0.000000	0.292658	0.000001	0.000000
58	tsk_58	(x)	1	:	0.000000	0.537302	0.000000	0.000000	0.000000	0.309673	0.000000	0.000000	0.000000	0.153025	0.000000	0.000000
59	tsk_59	(x)	1	:	0.000000	0.000000	0.000000	0.000000	0.000000	0.115372	0.522514	0.000000	0.000000	0.362114	0.000000	0.000000
60	tsk_60	(x)	1	:	0.000000	0.000000	0.498022	0.000000	0.000000	0.093369	0.000000	0.000000	0.000000	0.000000	0.000000	0.408608
61	tsk_61	(x)	1	:	0.000000	0.000000	0.000000	0.000000	0.000000	0.000000	0.000000	0.000000	0.000000	0.000000	0.000000	1.000000
62	tsk_62	(x)	1	:	0.486281	0.000000	0.000000	0.000000	0.000000	0.424332	0.000000	0.000000	0.000000	0.089388	0.000000	0.000000
63	tsk_63	(x)	1	:	0.000000	0.000000	0.000000	0.000000	0.000000	0.000000	0.000000	0.000000	0.000000	0.000000	0.000000	1.000000
64	tsk_64	(x)	1	:	0.000000	0.000000	0.000000	0.000000	0.000000	0.000000	0.000000	0.000000	0.000000	0.000000	0.000000	1.000000
65	tsk_65	(x)	1	:	0.000000	0.000000	0.498023	0.000000	0.000000	0.089977	0.000000	0.000000	0.000000	0.003388	0.000000	0.408612
66	tsk_66	(x)	1	:	0.000000	0.000000	0.000000	0.000000	0.000000	0.000000	0.000000	0.000000	0.000000	0.000000	0.000000	1.000000
67	tsk_67	(x)	1	:	0.000000	0.000000	0.000000	0.000000	0.000000	0.309315	0.000000	0.000000	0.000000	0.064892	0.000000	0.625792
68	tsk_68	(x)	1	:	0.000000	0.000000	0.000000	0.000000	0.000000	0.309910	0.000000	0.000000	0.000000	0.064298	0.000000	0.625792
69	tsk_69	(x)	1	:	0.000000	0.537302	0.000000	0.000000	0.000000	0.318208	0.000000	0.000000	0.000000	0.144490	0.000000	0.000000
70	tsk_70	(x)	1	:	0.000000	0.000000	1.000000	0.000000	0.000000	0.000000	0.000000	0.000000	0.000000	0.000000	0.000000	0.000000
71	tsk_71	(x)	1	:	0.000000	0.000000	0.000000	0.000000	0.463974	0.000000	0.000000	0.000000	0.000000	0.536026	0.000000	0.000000
72	tsk_72	(x)	1	:	0.000000	0.000000	0.502882	0.000000	0.000000	0.000000	0.000000	0.497117	0.000000	0.000000	0.000001	0.000000
73	tsk_73	(x)	1	:	0.000000	0.000000	0.502881	0.000000	0.000000	0.000000	0.000000	0.497117	0.000000	0.000000	0.000002	0.000000
74	tsk_74	(x)	1	:	0.000000	0.000000	0.498014	0.000000	0.000000	0.075086	0.000000	0.000000	0.000000	0.426897	0.000002	0.000000
75	tsk_75	(x)	1	:	0.000000	0.000000	0.000000	0.000000	0.000000	0.722370	0.000000	0.000000	0.000000	0.277630	0.000000	0.000000
76	tsk_76	(x)	1	:	0.486281	0.000000	0.000000	0.000000	0.000000	0.396119	0.000000	0.000000	0.000000	0.117600	0.000000	0.000000
77	tsk_77	(x)	1	:	0.000000	0.000000	0.000000	0.000000	0.000000	0.689392	0.000000	0.000000	0.000000	0.310608	0.000000	0.000000
78	tsk_78	(x)	1	:	0.000000	0.000000	0.000000	0.000000	0.000000	0.494190	0.000000	0.000000	0.000000	0.505810	0.000000	0.000000
79	tsk_79	(x)	1	:	0.000000	0.000000	0.274637	0.000000	0.000000	0.000000	0.725363	0.000000	0.000000	0.000000	0.000000	0.000000
80	tsk_80	(x)	1	:	0.000000	0.000000	0.498015	0.000000	0.000000	0.121433	0.000000	0.000000	0.000000	0.380551	0.000001	0.000000
81	tsk_81	(x)	1	:	0.000000	0.496342	0.000000	0.000000	0.000000	0.000000	0.000000	0.000000	0.000000	0.000000	0.000000	0.503658
82	tsk_82	(x)	1	:	0.000000	0.000000	0.498016	0.000000	0.000000	0.086837	0.000000	0.000000	0.000000	0.415146	0.000000	0.000000
83	tsk_83	(x)	1	:	0.000000	1.000000	0.000000	0.000000	0.000000	0.000000	0.000000	0.000000	0.000000	0.000000	0.000000	0.000000
84	tsk_84	(x)	1	:	0.000000	0.000000	0.000000	0.000000	0.000000	0.600903	0.000000	0.000000	0.000000	0.399097	0.000000	0.000000
85	tsk_85	(x)	1	:	0.000000	0.537302	0.000000	0.000000	0.000000	0.166805	0.000000	0.000000	0.000000	0.295893	0.000000	0.000000
86	tsk_86	(x)	1	:	0.000000	0.000000	0.498016	0.000000	0.000000	0.202773	0.000000	0.000000	0.000000	0.299211	0.000000	0.000000
87	tsk_87	(x)	1	:	0.000000	0.000000	0.000000	0.000000	0.000000	0.281747	0.000000	0.451847	0.000000	0.266405	0.000000	0.000000
88	tsk_88	(x)	1	:	0.472319	0.527681	0.000000	0.000000	0.000000	0.000000	0.000000	0.000000	0.000000	0.000000	0.000000	0.000000
89	tsk_89	(x)	1	:	0.000000	0.537302	0.000000	0.000000	0.000000	0.185955	0.000000	0.000000	0.000000	0.276742	0.000000	0.000000
90	tsk_90	(x)	1	:	0.000000	1.000000	0.000000	0.000000	0.000000	0.000000	0.000000	0.000000	0.000000	0.000000	0.000000	0.000000
91	tsk_91	(x)	1	:	0.000000	0.000000	0.000000	0.000000	0.000000	0.524995	0.000000	0.000000	0.000000	0.066454	0.000000	0.408551
92	tsk_92	(x)	1	:	0.000000	0.513568	0.486428	0.000000	0.000000	0.000000	0.000000	0.000000	0.000000	0.000000	0.000004	0.000000
93	tsk_93	(x)	1	:	0.000000	0.000000	0.498016	0.000000	0.000000	0.137724	0.000000	0.000000	0.000000	0.364259	0.000000	0.000000
94	tsk_94	(x)	1	:	0.000000	0.336503	0.497935	0.000000	0.000000	0.001931	0.000000	0.000000	0.000000	0.163628	0.000002	0.000000
95	tsk_95	(x)	1	:	0.000000	0.000000	0.498016	0.000000	0.000000	0.155366	0.000000	0.000000	0.000000	0.346618	0.000000	0.000000
96	tsk_96	(x)	1	:	0.000000	0.513568	0.486428	0.000000	0.000000	0.000000	0.000000	0.000000	0.000000	0.000000	0.000004	0.000000
97	tsk_97	(x)	1	:	0.000000	0.753214	0.000000	0.000000	0.000000	0.092045	0.000000	0.000000	0.000000	0.154741	0.000000	0.000000
98	tsk_98	(x)	1	:	0.000000	0.753214	0.000000	0.000000	0.000000	0.182009	0.000000	0.000000	0.000000	0.064776	0.000000	0.000000
99	tsk_99	(x)	1	:	0.000000	0.336503	0.497927	0.000000	0.000000	0.007249	0.000000	0.000000	0.000000	0.158310	0.000010	0.000000
100	tsk_100	(x)	1	:	0.000000	0.000000	0.000000	0.000000	0.000000	0.700401	0.000000	0.000000	0.000000	0.299599	0.000000	0.000000
101	tsk_101	(x)	1	:	0.000000	0.537302	0.000000	0.000000	0.000000	0.309489	0.000000	0.000000	0.000000	0.153209	0.000000	0.000000
102	tsk_102	(x)	1	:	0.000000	0.000000	0.000000	0.000000	0.000000	0.349250	0.000000	0.000000	0.000000	0.242199	0.000000	0.408551
103	tsk_103	(x)	1	:	0.486988	0.000000	0.000000	0.000000	0.000000	0.100420	0.000000	0.000000	0.000000	0.001774	0.000000	0.410818
104	tsk_104	(x)	1	:	0.000000	0.537239	0.000000	0.000000	0.000000	0.049610	0.000000	0.000000	0.000000	0.004837	0.000000	0.408313
105	tsk_105	(x)	1	:	0.000000	0.537240	0.000000	0.000000	0.000000	0.050239	0.000000	0.000000	0.000000	0.004203	0.000000	0.408318
106	tsk_106	(x)	1	:	0.000000	0.000000	0.000000	0.166667	0.000000	0.633601	0.000000	0.000000	0.000000	0.199732	0.000000	0.000000
107	tsk_107	(x)	1	:	0.000000	0.537240	0.000000	0.000000	0.000000	0.051562	0.000000	0.000000	0.000000	0.002883	0.000000	0.408315
108	tsk_108	(x)	1	:	0.000000	0.513567	0.486428	0.000000	0.000000	0.000000	0.000000	0.000000	0.000000	0.000000	0.000005	0.000000
109	tsk_109	(x)	1	:	0.000000	0.537241	0.000000	0.000000	0.000000	0.049297	0.000000	0.000000	0.000000	0.005143	0.000000	0.408319
110	tsk_110	(x)	1	:	0.000000	0.000000	0.000000	0.000000	0.000000	0.122017	0.000000	0.452440	0.000000	0.016391	0.000000	0.409151
111	tsk_111	(x)	1	:	0.000000	0.000000	0.482477	0.000000	0.000000	0.000000	0.000000	0.000000	0.000000	0.000000	0.000000	0.517523
112	tsk_112	(x)	1	:	0.000000	0.336524	0.000000	0.000000	0.000000	0.039889	0.000000	0.000000	0.000000	0.011655	0.000000	0.611931
113	tsk_113	(x)	1	:	0.000000	0.000000	0.478468	0.000000	0.239245	0.000000	0.000000	0.000000	0.000000	0.000000	0.000000	0.282287
114	tsk_114	(x)	1	:	0.000000	0.000000	0.000000	0.463071	0.000000	0.000000	0.000000	0.000000	0.000000	0.000000	0.000000	0.536929
115	tsk_115	(x)	1	:	0.000000	0.000000	0.498023	0.000000	0.000000	0.076680	0.000000	0.000000	0.000000	0.016687	0.000000	0.408610
116	tsk_116	(x)	1	:	0.000000	0.000000	0.000000	0.000000	0.000000	0.000000	0.000000	0.000000	0.000000	0.000000	0.000000	1.000000
117	tsk_117	(x)	1	:	0.442510	0.000000	0.000000	0.000000	0.000000	0.000000	0.000000	0.557490	0.000000	0.000000	0.000000	0.000000
118	tsk_118	(x)	1	:	0.486988	0.000000	0.000000	0.000000	0.000000	0.099787	0.000000	0.000000	0.000000	0.002407	0.000000	0.410818
119	tsk_119	(x)	1	:	0.000000	0.000000	0.000000	0.000000	0.000000	0.000000	0.000000	0.000000	0.000000	0.000000	0.000000	1.000000
120	tsk_120	(x)	1	:	0.000000	0.000000	0.000000	1.000000	0.000000	0.000000	0.000000	0.000000	0.000000	0.000000	0.000000	0.000000
121	tsk_121	(x)	1	:	0.000000	0.000000	0.000000	0.500000	0.000000	0.253004	0.000000	0.000000	0.000000	0.246995	0.000000	0.000000
122	tsk_122	(x)	1	:	0.000000	0.000000	0.000000	0.000000	0.000000	0.629762	0.000000	0.000000	0.000000	0.370238	0.000000	0.000000
123	tsk_123	(x)	1	:	0.000000	0.000000	0.000000	1.000000	0.000000	0.000000	0.000000	0.000000	0.000000	0.000000	0.000000	0.000000
124	tsk_124	(x)	1	:	0.000000	0.522140	0.000000	0.477860	0.000000	0.000000	0.000000	0.000000	0.000000	0.000000	0.000000	0.000000
125	tsk_125	(x)	1	:	0.000000	0.503351	0.000000	0.000000	0.000000	0.000000	0.000000	0.000000	0.000000	0.000000	0.496649	0.000000
126	tsk_126	(x)	1	:	0.000000	0.000000	0.000971	0.504907	0.000000	0.000000	0.494122	0.000000	0.000000	0.000000	0.000000	0.000000
127	tsk_127	(x)	1	:	0.000000	0.537302	0.000000	0.000000	0.000000	0.202603	0.000000	0.000000	0.000000	0.260095	0.000000	0.000000
128	tsk_128	(x)	1	:	0.000000	0.000000	1.000000	0.000000	0.000000	0.000000	0.000000	0.000000	0.000000	0.000000	0.000000	0.000000
129	tsk_129	(x)	1	:	0.000000	0.000000	0.000000	0.500000	0.000000	0.282634	0.000000	0.000000	0.000000	0.217366	0.000000	0.000000
130	tsk_130	(x)	1	:	0.000000	0.000000	1.000000	0.000000	0.000000	0.000000	0.000000	0.000000	0.000000	0.000000	0.000000	0.000000
131	tsk_131	(x)	1	:	0.000000	0.000000	0.000000	0.000000	0.000000	0.742864	0.000000	0.000000	0.000000	0.257136	0.000000	0.000000
132	tsk_132	(x)	1	:	0.000000	0.537302	0.000000	0.000000	0.000000	0.187453	0.000000	0.000000	0.000000	0.275245	0.000000	0.000000
133	tsk_133	(x)	1	:	0.486506	0.000000	0.000000	0.166866	0.000000	0.318606	0.000000	0.000000	0.000000	0.028022	0.000000	0.000000
134	tsk_134	(x)	1	:	0.000000	0.000000	0.498016	0.000000	0.000000	0.047025	0.000000	0.000000	0.000000	0.454959	0.000001	0.000000
135	tsk_135	(x)	1	:	0.000000	0.000000	0.000000	0.166691	0.000000	0.330943	0.000000	0.451901	0.000000	0.050464	0.000000	0.000000
136	tsk_136	(x)	1	:	0.000000	0.000000	0.000000	0.000000	0.000000	0.776945	0.000000	0.000000	0.000000	0.223055	0.000000	0.000000
137	tsk_137	(x)	1	:	0.000000	0.000000	0.527313	0.200000	0.000000	0.036808	0.000000	0.000000	0.000000	0.235878	0.000001	0.000000
138	tsk_138	(x)	1	:	0.000000	0.000000	0.498015	0.000000	0.000000	0.156459	0.000000	0.000000	0.000000	0.345524	0.000001	0.000000
139	tsk_139	(x)	1	:	0.500390	0.000000	0.499609	0.000000	0.000000	0.000000	0.000000	0.000000	0.000000	0.000000	0.000001	0.000000
140	tsk_140	(x)	1	:	0.000000	0.000000	0.501854	0.000000	0.498146	0.000000	0.000000	0.000000	0.000000	0.000000	0.000000	0.000000
141	tsk_141	(x)	1	:	0.000000	0.000000	0.000000	0.000000	0.463974	0.339814	0.000000	0.000000	0.000000	0.196212	0.000000	0.000000
142	tsk_142	(x)	1	:	0.000000	0.000000	0.501853	0.000000	0.498146	0.000000	0.000000	0.000000	0.000000	0.000000	0.000001	0.000000
143	tsk_143	(x)	1	:	0.000000	0.000000	0.000000	0.000000	0.000000	0.247158	0.000000	0.320066	0.000000	0.024081	0.000000	0.408694
144	tsk_144	(x)	1	:	0.000000	0.000000	0.000000	0.000000	0.000000	0.817800	0.000000	0.000000	0.000000	0.182200	0.000000	0.000000
145	tsk_145	(x)	1	:	0.000000	0.000001	0.000000	0.000000	0.000000	0.220079	0.000000	0.000000	0.530099	0.249820	0.000000	0.000000
146	tsk_146	(x)	1	:	0.488074	0.000000	0.000000	0.000000	0.469644	0.018870	0.000000	0.000000	0.000000	0.023412	0.000000	0.000000
147	tsk_147	(x)	1	:	0.000000	0.000000	0.498016	0.000000	0.000000	0.085982	0.000000	0.000000	0.000000	0.416001	0.000000	0.000000
148	tsk_148	(x)	1	:	0.000000	0.000000	0.498036	0.000000	0.000000	0.017167	0.000000	0.320096	0.000000	0.164700	0.000000	0.000000
149	tsk_149	(x)	1	:	0.000000	0.000000	0.000000	0.000000	0.000000	0.000000	0.000000	0.000000	0.000000	0.000000	0.000000	1.000000
