logL = -3727.187257 (converged)
AIC = 11574.374514
BIC = 17776.283220

count.K
34 15 4 33 7 6 10 34 5 2 

