logL = -2110.878308 (converged)
AIC = 6001.756617
BIC = 8681.222028

count.K
29 2 42 25 52 

