logL = -498.641872 (converged)
AIC = 6157.283744
BIC = 13924.722803

count.K
8 1 44 5 2 7 1 0 13 16 3 27 14 9 0 

