logL = -1293.837705 (converged)
AIC = 6167.675409
BIC = 11556.712586

count.K
19 6 18 16 21 27 13 17 7 6 

