logL = -1547.799858 (converged)
AIC = 4291.599715
BIC = 6091.959621

count.K
10 63 16 61 

