logL = -2414.494513 (converged)
AIC = 8128.989027
BIC = 13096.537262

count.K
3 23 43 12 37 3 11 0 18 

