logL = -781.156227 (converged)
AIC = 3092.312454
BIC = 5395.448454

count.K
46 21 6 69 8 

