logL = -737.760283 (converged)
AIC = 2995.520565
BIC = 5283.603389

count.K
32 38 14 17 49 

