logL = -2591.835383 (converged)
AIC = 9569.670766
BIC = 16171.993966

count.K
3 11 9 41 36 8 1 4 16 8 13 

