logL = -2232.209629 (converged)
AIC = 9156.419258
BIC = 16219.369658

count.K
2 11 30 5 7 14 2 13 15 5 32 14 

