0	tsk_0	(x)	1	:	0.000000	0.000000	0.000000	0.000000	0.000000	0.000000	0.000000	0.000000	0.000000	0.464492	0.000000	0.535507	0.000000	0.000000
1	tsk_1	(x)	1	:	0.000000	0.000000	0.000000	0.000000	0.000000	0.000000	0.000000	0.412142	0.000000	0.000000	0.000000	0.587858	0.000000	0.000000
2	tsk_2	(x)	1	:	0.000000	0.000000	0.000000	0.000000	0.000000	0.000000	0.000000	0.500000	0.000000	0.500000	0.000000	0.000000	0.000000	0.000000
3	tsk_3	(x)	1	:	0.000000	0.000000	0.000000	0.000000	0.000000	0.000000	0.000000	1.000000	0.000000	0.000000	0.000000	0.000000	0.000000	0.000000
4	tsk_4	(x)	1	:	0.000000	0.235384	0.000000	0.000000	0.000000	0.088344	0.000000	0.000839	0.000000	0.499782	0.000747	0.000000	0.000000	0.174903
5	tsk_5	(x)	1	:	0.000000	0.000000	0.000000	0.000000	0.000000	0.000000	0.478211	0.000000	0.000000	0.000000	0.000000	0.521789	0.000000	0.000000
6	tsk_6	(x)	1	:	0.000000	0.000446	0.000000	0.000000	0.000000	0.000002	0.000000	0.000000	0.999351	0.000000	0.000000	0.000000	0.000000	0.000201
7	tsk_7	(x)	1	:	0.000000	0.091407	0.000000	0.000000	0.000000	0.093955	0.000000	0.000105	0.000000	0.499982	0.000000	0.000000	0.000000	0.314551
8	tsk_8	(x)	1	:	0.468975	0.000000	0.000000	0.000000	0.000000	0.000000	0.000000	0.000000	0.000000	0.000000	0.000000	0.531025	0.000000	0.000000
9	tsk_9	(x)	1	:	0.000000	0.000000	0.000000	0.000000	0.000000	0.000000	0.492673	0.507327	0.000000	0.000000	0.000000	0.000000	0.000000	0.000000
10	tsk_10	(x)	1	:	0.000000	0.000000	0.000000	0.000000	0.000000	0.000000	0.473796	0.000000	0.000000	0.526204	0.000000	0.000000	0.000000	0.000000
11	tsk_11	(x)	1	:	0.000000	0.880320	0.000000	0.000000	0.000000	0.000413	0.000000	0.000000	0.000000	0.000000	0.000000	0.000000	0.000000	0.119266
12	tsk_12	(x)	1	:	0.000000	0.263060	0.000000	0.000000	0.000000	0.096724	0.492746	0.006630	0.000001	0.000000	0.000761	0.000000	0.000000	0.140079
13	tsk_13	(x)	1	:	0.000000	0.720229	0.000000	0.000000	0.000000	0.004593	0.000000	0.000000	0.000000	0.000000	0.000000	0.000000	0.000000	0.275178
14	tsk_14	(x)	1	:	0.000000	0.000000	0.000000	0.000000	0.000000	0.000000	0.529131	0.000000	0.000000	0.000000	0.000000	0.000000	0.470869	0.000000
15	tsk_15	(x)	1	:	0.498173	0.081273	0.000000	0.000000	0.000000	0.187438	0.000000	0.003005	0.000012	0.000000	0.000320	0.000000	0.000000	0.229780
16	tsk_16	(x)	1	:	0.000000	0.000000	0.000000	0.000000	0.000000	0.000000	0.473104	0.000000	0.000000	0.526895	0.000000	0.000000	0.000000	0.000000
17	tsk_17	(x)	1	:	0.498136	0.174283	0.000000	0.000000	0.000000	0.160531	0.000000	0.003146	0.000012	0.000000	0.000483	0.000000	0.000000	0.163409
18	tsk_18	(x)	1	:	0.000000	0.583273	0.000000	0.000000	0.000000	0.010045	0.000000	0.000000	0.000001	0.000000	0.000000	0.000000	0.000000	0.406681
19	tsk_19	(x)	1	:	0.000000	0.380492	0.499082	0.000000	0.000000	0.019116	0.000000	0.000000	0.000000	0.000000	0.001837	0.000000	0.000000	0.099473
20	tsk_20	(x)	1	:	0.000000	0.000000	0.000000	0.000000	0.000000	0.000000	0.000000	0.000000	0.000000	1.000000	0.000000	0.000000	0.000000	0.000000
21	tsk_21	(x)	1	:	0.000000	0.000000	0.461950	0.000000	0.000000	0.000000	0.000000	0.000000	0.000000	0.000000	0.000000	0.538050	0.000000	0.000000
22	tsk_22	(x)	1	:	0.000000	0.201382	0.000000	0.000000	0.000000	0.131199	0.000000	0.001665	0.000000	0.499698	0.000000	0.000000	0.000000	0.166055
23	tsk_23	(x)	1	:	0.000000	0.000000	0.499792	0.000000	0.000000	0.000000	0.000000	0.000253	0.000000	0.499955	0.000000	0.000000	0.000000	0.000000
24	tsk_24	(x)	1	:	0.477664	0.001804	0.000000	0.000000	0.000000	0.004779	0.000000	0.020113	0.000001	0.000000	0.001018	0.000000	0.000000	0.494622
25	tsk_25	(x)	1	:	0.000000	0.188465	0.000000	0.000000	0.000000	0.007670	0.000000	0.000000	0.000000	0.000000	0.341286	0.418892	0.000000	0.043687
26	tsk_26	(x)	1	:	0.000000	0.000000	0.000000	0.000000	0.000000	0.000000	0.000000	0.000000	0.000000	1.000000	0.000000	0.000000	0.000000	0.000000
27	tsk_27	(x)	1	:	0.000000	0.000000	0.499998	0.000000	0.000000	0.000000	0.000000	0.000000	0.000000	0.500002	0.000000	0.000000	0.000000	0.000000
28	tsk_28	(x)	1	:	0.000000	0.000000	0.000000	0.000000	0.000000	0.000000	0.000000	0.000000	0.000000	1.000000	0.000000	0.000000	0.000000	0.000000
29	tsk_29	(x)	1	:	0.000000	0.346023	0.000000	0.000000	0.000000	0.032016	0.000000	0.000000	0.000000	0.500001	0.000000	0.000000	0.000000	0.121960
30	tsk_30	(x)	1	:	0.000000	0.000000	0.000000	0.000000	0.000000	0.000000	0.000000	0.484382	0.000000	0.000000	0.000000	0.000000	0.515618	0.000000
31	tsk_31	(x)	1	:	0.000000	0.000000	0.000000	0.000000	0.000000	0.000000	0.000000	0.000000	0.000000	0.000000	0.000000	0.000000	1.000000	0.000000
32	tsk_32	(x)	1	:	0.000000	0.000000	0.000000	0.000000	0.000000	0.000000	0.000000	0.000000	0.000000	0.000000	0.000000	0.000000	1.000000	0.000000
33	tsk_33	(x)	1	:	0.000000	0.000000	0.000000	0.000000	0.000000	0.000000	0.000000	0.000000	0.000000	0.000000	0.000000	0.000000	1.000000	0.000000
34	tsk_34	(x)	1	:	0.000000	0.000000	0.000000	0.000000	0.000000	0.000000	0.000000	0.000000	0.000000	0.488410	0.000000	0.000000	0.511589	0.000000
35	tsk_35	(x)	1	:	0.000000	0.000000	0.000000	0.000000	0.000000	0.000000	0.000000	0.000000	0.000000	0.502493	0.000000	0.000000	0.497507	0.000000
36	tsk_36	(x)	1	:	0.000000	0.000000	0.499053	0.000000	0.000000	0.000000	0.000000	0.004414	0.000000	0.000000	0.000018	0.000000	0.496515	0.000000
37	tsk_37	(x)	1	:	0.000000	0.000000	0.000000	0.000000	0.000000	0.000000	0.000000	0.000000	0.000000	0.000000	0.000000	0.000000	1.000000	0.000000
38	tsk_38	(x)	1	:	0.000000	0.000000	0.000000	0.000000	0.000000	0.000000	0.000000	0.000000	0.000000	0.000000	0.000000	0.000000	1.000000	0.000000
39	tsk_39	(x)	1	:	0.000000	0.000000	0.000000	0.000000	0.000000	0.000000	0.000000	0.000000	0.000000	0.502533	0.000000	0.000000	0.497467	0.000000
40	tsk_40	(x)	1	:	0.000000	0.180063	0.000000	0.000000	0.000000	0.078377	0.000000	0.000640	0.000000	0.499819	0.000736	0.000000	0.000000	0.240365
41	tsk_41	(x)	1	:	0.000000	0.791946	0.000000	0.000000	0.000000	0.007088	0.000000	0.000000	0.000000	0.000000	0.000000	0.000000	0.000000	0.200966
42	tsk_42	(x)	1	:	0.000000	0.896841	0.000000	0.000000	0.000000	0.007696	0.000000	0.000000	0.000000	0.000000	0.000000	0.000000	0.000000	0.095463
43	tsk_43	(x)	1	:	0.000000	0.429650	0.000000	0.000000	0.000000	0.026420	0.000000	0.000000	0.000002	0.000000	0.000000	0.000000	0.000000	0.543928
44	tsk_44	(x)	1	:	0.000000	0.761525	0.000000	0.000000	0.000000	0.007191	0.000000	0.000000	0.000001	0.000000	0.000000	0.000000	0.000000	0.231283
45	tsk_45	(x)	1	:	0.000000	0.285261	0.000000	0.000000	0.000000	0.061893	0.000000	0.000000	0.000000	0.500002	0.000000	0.000000	0.000000	0.152844
46	tsk_46	(x)	1	:	0.000000	0.850993	0.000000	0.000000	0.000000	0.006189	0.000000	0.000000	0.000000	0.000000	0.000000	0.000000	0.000000	0.142818
47	tsk_47	(x)	1	:	0.000000	0.742487	0.000000	0.000000	0.000000	0.015110	0.000000	0.000000	0.000001	0.000000	0.000000	0.000000	0.000000	0.242402
48	tsk_48	(x)	1	:	0.000000	0.236208	0.000000	0.000000	0.000000	0.050715	0.000000	0.000000	0.000000	0.500002	0.000000	0.000000	0.000000	0.213075
49	tsk_49	(x)	1	:	0.000000	0.708784	0.000000	0.000000	0.000000	0.025443	0.000000	0.000000	0.000001	0.000000	0.000000	0.000000	0.000000	0.265772
50	tsk_50	(x)	1	:	0.000000	0.217662	0.000000	0.000000	0.000000	0.112805	0.492768	0.006517	0.000001	0.000000	0.000788	0.000000	0.000000	0.169459
51	tsk_51	(x)	1	:	0.000000	0.000000	0.000000	0.000000	0.000000	0.000000	1.000000	0.000000	0.000000	0.000000	0.000000	0.000000	0.000000	0.000000
52	tsk_52	(x)	1	:	0.000000	0.128494	0.000000	0.000000	0.000000	0.127584	0.000000	0.000808	0.000000	0.499795	0.000664	0.000000	0.000000	0.242655
53	tsk_53	(x)	1	:	0.000000	0.483398	0.000000	0.000000	0.000000	0.008222	0.000000	0.000000	0.000001	0.000000	0.000000	0.000000	0.000000	0.508379
54	tsk_54	(x)	1	:	0.000000	0.861038	0.000000	0.000000	0.000000	0.003761	0.000000	0.000000	0.000000	0.000000	0.000000	0.000000	0.000000	0.135201
55	tsk_55	(x)	1	:	0.000000	0.000000	0.000000	0.000000	0.000000	0.000000	1.000000	0.000000	0.000000	0.000000	0.000000	0.000000	0.000000	0.000000
56	tsk_56	(x)	1	:	0.000000	0.209836	0.000000	0.000000	0.000000	0.124495	0.492962	0.005386	0.000001	0.000000	0.001307	0.000000	0.000000	0.166014
57	tsk_57	(x)	1	:	0.000000	0.391966	0.000000	0.000000	0.000000	0.029190	0.000000	0.000000	0.000000	0.000000	0.000000	0.538050	0.000000	0.040794
58	tsk_58	(x)	1	:	0.000000	0.191556	0.000000	0.000000	0.000000	0.120420	0.492784	0.006517	0.000000	0.000000	0.000632	0.000000	0.000000	0.188090
59	tsk_59	(x)	1	:	0.000000	0.129173	0.000000	0.000000	0.000000	0.148316	0.492820	0.006199	0.000000	0.000000	0.000956	0.000000	0.000000	0.222535
60	tsk_60	(x)	1	:	0.000000	0.000000	0.000000	0.000000	0.000000	0.000000	0.472838	0.000000	0.000000	0.527162	0.000000	0.000000	0.000000	0.000000
61	tsk_61	(x)	1	:	0.000000	0.880465	0.000000	0.000000	0.000000	0.015488	0.000000	0.000000	0.000001	0.000000	0.000000	0.000000	0.000000	0.104046
62	tsk_62	(x)	1	:	0.000000	0.396211	0.000000	0.000000	0.000000	0.031457	0.000000	0.499041	0.000000	0.000000	0.001925	0.000000	0.000000	0.071365
63	tsk_63	(x)	1	:	0.000000	0.365134	0.000000	0.000000	0.000000	0.009666	0.000000	0.000113	0.000008	0.000000	0.000020	0.000000	0.513711	0.111348
64	tsk_64	(x)	1	:	0.000000	0.144228	0.000000	0.000000	0.000000	0.162220	0.492918	0.005697	0.000001	0.000000	0.001070	0.000000	0.000000	0.193864
65	tsk_65	(x)	1	:	0.000000	0.000000	0.000000	0.000000	0.000000	0.000000	1.000000	0.000000	0.000000	0.000000	0.000000	0.000000	0.000000	0.000000
66	tsk_66	(x)	1	:	0.000000	0.386562	0.000000	0.000000	0.000000	0.032819	0.000000	0.167525	0.000001	0.000000	0.002191	0.331378	0.000000	0.079524
67	tsk_67	(x)	1	:	0.000000	0.703798	0.000000	0.000000	0.000000	0.002598	0.000000	0.000000	0.000001	0.000000	0.000000	0.000000	0.000000	0.293604
68	tsk_68	(x)	1	:	0.498235	0.194761	0.000000	0.000000	0.000000	0.125369	0.000000	0.002381	0.000012	0.000000	0.000836	0.000000	0.000000	0.178406
69	tsk_69	(x)	1	:	0.000000	0.000000	0.000000	0.000000	0.000000	0.000000	0.000000	0.668656	0.000000	0.000000	0.000000	0.331343	0.000000	0.000000
70	tsk_70	(x)	1	:	0.000000	0.000000	0.000000	0.000000	0.000000	0.000000	0.492719	0.026069	0.000000	0.000000	0.481211	0.000000	0.000000	0.000000
71	tsk_71	(x)	1	:	0.000000	0.440679	0.000000	0.000000	0.000000	0.058841	0.000000	0.000000	0.000000	0.000000	0.480876	0.000000	0.000000	0.019603
72	tsk_72	(x)	1	:	0.000000	0.000000	0.000000	0.000000	0.000000	0.000000	0.470855	0.000000	0.000000	0.529144	0.000000	0.000000	0.000000	0.000000
73	tsk_73	(x)	1	:	0.000000	0.000000	0.000000	0.000000	0.000000	0.000000	0.000000	0.519133	0.000000	0.000000	0.480867	0.000000	0.000000	0.000000
74	tsk_74	(x)	1	:	0.000000	0.000000	0.000000	0.000000	0.000000	0.000000	0.473282	0.000000	0.000000	0.526718	0.000000	0.000000	0.000000	0.000000
75	tsk_75	(x)	1	:	0.000000	0.000000	0.000000	0.000000	0.000000	0.000000	0.000000	0.016529	0.000000	0.500254	0.483216	0.000000	0.000000	0.000000
76	tsk_76	(x)	1	:	0.000000	0.366300	0.000000	0.000000	0.000000	0.042640	0.000000	0.499169	0.000001	0.000000	0.001667	0.000000	0.000000	0.090223
77	tsk_77	(x)	1	:	0.000000	0.000000	0.000000	0.000000	0.000000	0.000000	0.492613	0.026948	0.000000	0.000000	0.480439	0.000000	0.000000	0.000000
78	tsk_78	(x)	1	:	0.000000	0.000000	0.000000	0.000000	0.000000	0.000000	0.492644	0.026690	0.000000	0.000000	0.480666	0.000000	0.000000	0.000000
79	tsk_79	(x)	1	:	0.498119	0.231351	0.000000	0.000000	0.000000	0.103445	0.000000	0.003148	0.000015	0.000000	0.000687	0.000000	0.000000	0.163233
80	tsk_80	(x)	1	:	0.000000	0.363944	0.000000	0.000000	0.000000	0.034559	0.000000	0.167680	0.000001	0.000000	0.001768	0.331410	0.000000	0.100639
81	tsk_81	(x)	1	:	0.498405	0.000000	0.000000	0.000000	0.000000	0.000000	0.000000	0.021068	0.000000	0.000000	0.480527	0.000000	0.000000	0.000000
82	tsk_82	(x)	1	:	0.498353	0.000000	0.000000	0.000000	0.000000	0.000000	0.000000	0.021646	0.000000	0.000000	0.480000	0.000000	0.000000	0.000000
83	tsk_83	(x)	1	:	0.000000	0.000000	0.000000	0.000000	0.000000	0.000000	0.000000	0.146252	0.000000	0.000000	0.000000	0.853747	0.000000	0.000000
84	tsk_84	(x)	1	:	0.498135	0.000000	0.498466	0.000000	0.000000	0.000000	0.000000	0.003376	0.000000	0.000000	0.000024	0.000000	0.000000	0.000000
85	tsk_85	(x)	1	:	0.498285	0.000000	0.499218	0.000000	0.000000	0.000000	0.000000	0.002475	0.000000	0.000000	0.000022	0.000000	0.000000	0.000000
86	tsk_86	(x)	1	:	0.000000	0.000000	0.000000	0.000000	0.000000	0.000000	0.000000	0.017314	0.000000	0.500177	0.482509	0.000000	0.000000	0.000000
87	tsk_87	(x)	1	:	0.000000	0.000000	0.000000	0.000000	0.000000	0.000000	0.000000	0.668661	0.000000	0.000000	0.000000	0.331339	0.000000	0.000000
88	tsk_88	(x)	1	:	1.000000	0.000000	0.000000	0.000000	0.000000	0.000000	0.000000	0.000000	0.000000	0.000000	0.000000	0.000000	0.000000	0.000000
89	tsk_89	(x)	1	:	1.000000	0.000000	0.000000	0.000000	0.000000	0.000000	0.000000	0.000000	0.000000	0.000000	0.000000	0.000000	0.000000	0.000000
90	tsk_90	(x)	1	:	0.000000	0.000000	0.000000	0.000000	0.000000	0.000000	0.000000	0.500000	0.000000	0.500000	0.000000	0.000000	0.000000	0.000000
91	tsk_91	(x)	1	:	0.000000	0.423141	0.000000	0.000000	0.000001	0.030223	0.000000	0.498889	0.000002	0.000000	0.002244	0.000000	0.000000	0.045500
92	tsk_92	(x)	1	:	0.000000	0.410613	0.000000	0.000000	0.000000	0.033542	0.000000	0.499020	0.000001	0.000000	0.001964	0.000000	0.000000	0.054860
93	tsk_93	(x)	1	:	0.000000	0.830437	0.000000	0.000000	0.000000	0.013214	0.000000	0.000000	0.000001	0.000000	0.000000	0.000000	0.000000	0.156348
94	tsk_94	(x)	1	:	0.000000	0.449591	0.000000	0.000000	0.499995	0.019749	0.000000	0.000000	0.000000	0.000000	0.000002	0.000000	0.000000	0.030665
95	tsk_95	(x)	1	:	0.000000	0.427076	0.000000	0.000000	0.000000	0.041829	0.000000	0.498966	0.000001	0.000000	0.002081	0.000000	0.000000	0.030048
96	tsk_96	(x)	1	:	0.000000	0.316030	0.000000	0.000000	0.000001	0.078391	0.000000	0.498862	0.000003	0.000000	0.002334	0.000000	0.000000	0.104379
97	tsk_97	(x)	1	:	0.000000	0.000000	0.000000	0.000000	0.000000	0.000000	0.000000	0.412144	0.000000	0.000000	0.000000	0.587856	0.000000	0.000000
98	tsk_98	(x)	1	:	0.477340	0.000000	0.000000	0.000000	0.000001	0.000000	0.000000	0.522659	0.000000	0.000000	0.000000	0.000000	0.000000	0.000000
99	tsk_99	(x)	1	:	0.000000	0.418038	0.000000	0.000000	0.000000	0.030903	0.000000	0.000000	0.000001	0.000000	0.000000	0.538050	0.000000	0.013007
100	tsk_100	(x)	1	:	0.000000	0.000000	0.000000	0.982381	0.000000	0.000000	0.000000	0.000000	0.000000	0.017619	0.000000	0.000000	0.000000	0.000000
101	tsk_101	(x)	1	:	0.498362	0.204227	0.000000	0.000000	0.000000	0.157780	0.000000	0.001724	0.000007	0.000000	0.000614	0.000000	0.000000	0.137284
102	tsk_102	(x)	1	:	0.509040	0.000000	0.000000	0.000000	0.000000	0.000000	0.490960	0.000000	0.000000	0.000000	0.000000	0.000000	0.000000	0.000000
103	tsk_103	(x)	1	:	0.000000	0.695924	0.000000	0.000000	0.000000	0.016581	0.000000	0.000000	0.000000	0.000000	0.000000	0.000000	0.000000	0.287495
104	tsk_104	(x)	1	:	0.000000	0.802564	0.000000	0.000000	0.000000	0.009458	0.000000	0.000000	0.000000	0.000000	0.000000	0.000000	0.000000	0.187978
105	tsk_105	(x)	1	:	0.000000	0.321358	0.000000	0.508043	0.000000	0.102681	0.000000	0.000012	0.000001	0.000000	0.000112	0.000000	0.000000	0.067792
106	tsk_106	(x)	1	:	0.000000	0.288071	0.000000	0.000000	0.000000	0.121622	0.000000	0.000000	0.000000	0.500003	0.000000	0.000000	0.000000	0.090304
107	tsk_107	(x)	1	:	0.497381	0.000000	0.000000	0.000000	0.000000	0.000000	0.000000	0.000000	0.000000	0.502619	0.000000	0.000000	0.000000	0.000000
108	tsk_108	(x)	1	:	0.000000	0.281557	0.000000	0.000000	0.000000	0.142885	0.000000	0.001130	0.000000	0.499795	0.000000	0.000000	0.000000	0.074632
109	tsk_109	(x)	1	:	0.498118	0.148946	0.000000	0.000000	0.000000	0.212389	0.000000	0.003236	0.000010	0.000000	0.000516	0.000000	0.000000	0.136785
110	tsk_110	(x)	1	:	0.497369	0.000000	0.000000	0.000000	0.000000	0.000000	0.000000	0.000000	0.000000	0.502631	0.000000	0.000000	0.000000	0.000000
111	tsk_111	(x)	1	:	0.509040	0.000000	0.000000	0.000000	0.000000	0.000000	0.490960	0.000000	0.000000	0.000000	0.000000	0.000000	0.000000	0.000000
112	tsk_112	(x)	1	:	0.000000	0.000000	0.000000	0.000000	0.000000	0.000000	0.000000	0.018925	0.000000	0.500019	0.481055	0.000000	0.000000	0.000000
113	tsk_113	(x)	1	:	0.000000	0.000000	0.000000	0.000000	0.000000	0.000000	0.000000	0.000000	0.000000	0.502502	0.000000	0.000000	0.497497	0.000000
114	tsk_114	(x)	1	:	0.000000	0.000000	0.000000	0.000000	0.000000	0.000000	0.000000	0.000000	0.000000	1.000000	0.000000	0.000000	0.000000	0.000000
115	tsk_115	(x)	1	:	0.000000	0.000000	0.000000	0.000000	0.000000	0.000000	0.000000	0.000000	0.000000	1.000000	0.000000	0.000000	0.000000	0.000000
116	tsk_116	(x)	1	:	0.498084	0.204595	0.000000	0.000000	0.000000	0.206007	0.000000	0.003481	0.000012	0.000000	0.000433	0.000000	0.000000	0.087386
117	tsk_117	(x)	1	:	0.000000	0.000000	0.000000	0.000000	0.000000	0.000000	0.000000	0.000000	0.000000	0.000000	1.000000	0.000000	0.000000	0.000000
118	tsk_118	(x)	1	:	0.000000	0.321287	0.000000	0.000000	0.000000	0.094970	0.000000	0.001367	0.000000	0.499720	0.000364	0.000000	0.000000	0.082291
119	tsk_119	(x)	1	:	0.000000	0.000000	0.000000	0.000000	0.000000	0.000000	0.000000	0.000000	0.000000	1.000000	0.000000	0.000000	0.000000	0.000000
120	tsk_120	(x)	1	:	0.000000	0.000000	0.000000	0.000000	0.000000	0.000000	0.000000	1.000000	0.000000	0.000000	0.000000	0.000000	0.000000	0.000000
121	tsk_121	(x)	1	:	0.000000	0.000000	0.000000	0.000000	0.000000	0.000000	0.000000	1.000000	0.000000	0.000000	0.000000	0.000000	0.000000	0.000000
122	tsk_122	(x)	1	:	0.000000	0.000000	0.000000	0.000000	0.000001	0.000000	0.000000	0.999999	0.000000	0.000000	0.000000	0.000000	0.000000	0.000000
123	tsk_123	(x)	1	:	0.000000	0.267064	0.000000	0.000000	0.000001	0.086614	0.000000	0.498880	0.000002	0.000000	0.002272	0.000000	0.000000	0.145167
124	tsk_124	(x)	1	:	0.000000	0.000000	0.000000	0.000000	0.000000	0.000000	0.000000	0.500000	0.000000	0.500000	0.000000	0.000000	0.000000	0.000000
125	tsk_125	(x)	1	:	0.000000	0.000000	0.000000	0.000000	0.000000	0.000000	0.000000	0.207676	0.000000	0.000000	0.000000	0.331349	0.460975	0.000000
126	tsk_126	(x)	1	:	0.000000	0.000000	0.000000	0.000000	0.000000	0.000000	0.000000	1.000000	0.000000	0.000000	0.000000	0.000000	0.000000	0.000000
127	tsk_127	(x)	1	:	0.000000	0.000000	0.000000	0.000000	0.000000	0.000000	0.000000	0.668648	0.000000	0.000000	0.000000	0.331352	0.000000	0.000000
128	tsk_128	(x)	1	:	0.000000	0.000000	0.000000	0.000000	0.000000	0.000000	0.000000	0.668657	0.000000	0.000000	0.000000	0.331343	0.000000	0.000000
129	tsk_129	(x)	1	:	0.000000	0.000000	0.000000	0.000000	0.000000	0.000000	0.000000	0.668657	0.000000	0.000000	0.000000	0.331343	0.000000	0.000000
130	tsk_130	(x)	1	:	0.000000	0.766807	0.000000	0.000000	0.000000	0.004599	0.000000	0.000000	0.000000	0.000000	0.000000	0.000000	0.000000	0.228593
131	tsk_131	(x)	1	:	0.000000	0.000000	0.499677	0.000000	0.000000	0.000000	0.492593	0.007656	0.000000	0.000000	0.000074	0.000000	0.000000	0.000000
132	tsk_132	(x)	1	:	0.000000	0.000000	0.000000	0.000000	0.000000	0.000000	0.000000	0.000000	0.000000	0.502478	0.000000	0.000000	0.497522	0.000000
133	tsk_133	(x)	1	:	0.000000	0.000000	0.000000	0.000000	0.000000	0.000000	0.000000	0.000000	0.000000	0.502896	0.000000	0.000000	0.497104	0.000000
134	tsk_134	(x)	1	:	0.000000	0.574604	0.000000	0.000000	0.000000	0.009788	0.000000	0.000000	0.000001	0.000000	0.000000	0.000000	0.000000	0.415608
135	tsk_135	(x)	1	:	0.000000	0.150674	0.000000	0.000000	0.000000	0.161617	0.492829	0.006164	0.000001	0.000000	0.000946	0.000000	0.000000	0.187769
136	tsk_136	(x)	1	:	0.000000	0.808960	0.000000	0.000000	0.000000	0.005318	0.000000	0.000000	0.000000	0.000000	0.000000	0.000000	0.000000	0.185722
137	tsk_137	(x)	1	:	0.000000	0.298590	0.000000	0.000000	0.000000	0.004645	0.000000	0.004358	0.000001	0.000000	0.000440	0.000000	0.496496	0.195469
138	tsk_138	(x)	1	:	0.000000	0.000000	0.000000	1.000000	0.000000	0.000000	0.000000	0.000000	0.000000	0.000000	0.000000	0.000000	0.000000	0.000000
139	tsk_139	(x)	1	:	0.000000	0.000000	0.498833	0.000000	0.000000	0.000000	0.000000	0.004639	0.000000	0.000000	0.000043	0.000000	0.496485	0.000000
140	tsk_140	(x)	1	:	0.000000	0.000000	0.000000	0.000000	0.000000	0.000000	0.478211	0.000000	0.000000	0.000000	0.000000	0.521789	0.000000	0.000000
141	tsk_141	(x)	1	:	0.000000	0.000000	0.000000	0.000000	0.000000	0.000000	0.526476	0.003473	0.000000	0.000000	0.470051	0.000000	0.000000	0.000000
142	tsk_142	(x)	1	:	0.509040	0.000000	0.000000	0.000000	0.000000	0.000000	0.490960	0.000000	0.000000	0.000000	0.000000	0.000000	0.000000	0.000000
143	tsk_143	(x)	1	:	0.498246	0.193822	0.000000	0.000000	0.000000	0.194411	0.000000	0.002302	0.000013	0.000000	0.000869	0.000000	0.000000	0.110336
144	tsk_144	(x)	1	:	0.498069	0.205004	0.000000	0.000000	0.000000	0.162113	0.000000	0.003486	0.000015	0.000000	0.000620	0.000000	0.000000	0.130693
145	tsk_145	(x)	1	:	0.000000	0.019943	0.000000	0.000000	0.000000	0.026497	0.522482	0.000001	0.000000	0.000000	0.000005	0.000000	0.000000	0.431071
146	tsk_146	(x)	1	:	0.000000	0.000000	0.000000	0.000000	0.000000	0.000000	1.000000	0.000000	0.000000	0.000000	0.000000	0.000000	0.000000	0.000000
147	tsk_147	(x)	1	:	0.000000	0.159096	0.000000	0.000000	0.000000	0.086100	0.522038	0.000000	0.000001	0.000000	0.000023	0.000000	0.000000	0.232742
148	tsk_148	(x)	1	:	0.509040	0.000000	0.000000	0.000000	0.000000	0.000000	0.490960	0.000000	0.000000	0.000000	0.000000	0.000000	0.000000	0.000000
149	tsk_149	(x)	1	:	0.000000	0.000000	0.000000	0.000000	0.000000	0.000000	1.000000	0.000000	0.000000	0.000000	0.000000	0.000000	0.000000	0.000000
