logL = -1495.454133 (converged)
AIC = 5042.908267
BIC = 8131.820078

count.K
18 5 45 4 20 58 

