logL = -935.404751 (converged)
AIC = 4990.809503
BIC = 9687.400562

count.K
2 2 7 12 36 66 16 4 5 

