logL = -1083.531639 (converged)
AIC = 4123.063277
BIC = 7067.464595

count.K
20 17 85 14 2 12 

