logL = -1331.050884 (converged)
AIC = 3826.101768
BIC = 5578.291509

count.K
15 43 71 21 

