logL = -1032.898319 (converged)
AIC = 3625.796639
BIC = 5974.092168

count.K
19 29 40 23 39 

