logL = -1113.960993 (converged)
AIC = 3423.921987
BIC = 5224.281893

count.K
15 98 14 23 

