logL = -836.829836 (converged)
AIC = 5885.659672
BIC = 12226.057602

count.K
35 35 10 3 13 14 16 3 15 2 3 1 

