logL = -1586.432827 (converged)
AIC = 3970.865655
BIC = 5172.109137

count.K
60 51 39 

