logL = -1385.295053 (converged)
AIC = 4738.590105
BIC = 7701.055235

count.K
9 23 6 37 48 27 

