logL = -1546.886109 (converged)
AIC = 3533.772218
BIC = 4196.111983

count.K
110 40 

