logL = -1375.202337 (converged)
AIC = 5506.404673
BIC = 9655.060109

count.K
14 6 9 6 13 57 43 2 

