logL = -1443.135030 (converged)
AIC = 7526.270060
BIC = 14510.943942

count.K
26 0 18 6 4 2 39 20 1 9 7 17 1 

