logL = -1867.243850 (converged)
AIC = 5454.487700
BIC = 8043.634052

count.K
36 25 49 10 30 

