logL = -1340.070784 (converged)
AIC = 4300.141568
BIC = 6738.756157

count.K
27 18 15 23 67 

