logL = -1200.372902 (converged)
AIC = 4802.745804
BIC = 8418.518792

count.K
41 5 8 26 30 30 10 

