logL = -761.150046 (converged)
AIC = 5270.300092
BIC = 10912.230633

count.K
3 24 1 2 20 7 31 4 40 0 18 

