logL = -635.238365 (converged)
AIC = 6066.476731
BIC = 13285.980166

count.K
69 8 9 10 21 1 5 5 3 1 6 2 1 9 

