logL = -715.521316 (converged)
AIC = 4691.042631
BIC = 9598.378160

count.K
32 14 2 30 23 0 7 0 42 0 

