logL = -1003.715283 (converged)
AIC = 4779.430565
BIC = 8952.171083

count.K
13 9 15 43 30 15 9 16 

