logL = -1607.817687 (converged)
AIC = 5015.635373
BIC = 7725.207138

count.K
63 5 9 34 39 

