logL = -2045.003208 (converged)
AIC = 8834.006417
BIC = 15975.233334

count.K
9 8 18 2 42 9 43 0 4 2 4 7 2 

