logL = -1796.517607 (converged)
AIC = 4773.035214
BIC = 6549.310038

count.K
22 56 29 43 

