logL = -1801.218507 (converged)
AIC = 6566.437014
BIC = 11028.198520

count.K
23 12 21 5 9 45 12 23 

