logL = -1905.341283 (converged)
AIC = 7200.682566
BIC = 12303.709389

count.K
37 10 9 11 23 18 16 19 7 

