logL = -1430.618497 (converged)
AIC = 4431.236994
BIC = 6794.585700

count.K
16 11 49 54 20 

