logL = -1841.354162 (converged)
AIC = 7958.708324
BIC = 14395.446583

count.K
2 7 3 10 29 20 1 7 51 4 16 

