logL = -816.649203 (converged)
AIC = 3541.298406
BIC = 6413.444477

count.K
36 20 10 12 55 17 

