logL = -2092.086126 (converged)
AIC = 4616.172253
BIC = 5266.469476

count.K
36 114 

