logL = -1416.802026 (converged)
AIC = 5417.604052
BIC = 9307.344852

count.K
17 5 40 5 7 54 22 

