logL = -1253.197132 (converged)
AIC = 6742.394263
BIC = 13118.919816

count.K
1 3 3 6 3 26 3 58 4 2 3 38 

