logL = -1007.247598 (converged)
AIC = 5354.495196
BIC = 10382.256137

count.K
15 11 9 27 46 10 13 17 2 0 

