logL = -712.380889 (converged)
AIC = 2150.761778
BIC = 3243.622390

count.K
33 60 57 

