0	tsk_0	(x)	1	:	0.543358	0.000000	0.000000	0.000000	0.000000	0.000000	0.000000	0.000000	0.000000	0.000000	0.000000	0.000000	0.000000	0.456642	0.000000
1	tsk_1	(x)	1	:	0.000000	0.000000	0.000000	0.000000	0.000000	0.000000	0.000000	0.000000	0.000000	0.000000	0.000000	0.475795	0.000000	0.524204	0.000000
2	tsk_2	(x)	1	:	0.000000	0.000000	0.000000	0.000000	0.000000	0.000000	0.000000	0.485865	0.000000	0.000000	0.000000	0.000000	0.000000	0.514135	0.000000
3	tsk_3	(x)	1	:	0.000000	0.000000	0.000000	0.000000	0.000000	0.500001	0.000000	0.000000	0.000000	0.000000	0.000000	0.000000	0.000000	0.499999	0.000000
4	tsk_4	(x)	1	:	0.000000	0.000000	0.000000	0.000000	0.000000	0.000000	0.000000	0.000043	0.000000	0.000000	0.499971	0.000000	0.000000	0.499986	0.000000
5	tsk_5	(x)	1	:	0.000000	0.000000	0.000000	0.000000	0.000000	0.000000	0.000000	0.000000	0.000000	0.000000	0.000000	0.000000	0.000000	1.000000	0.000000
6	tsk_6	(x)	1	:	0.000000	0.000000	0.000000	0.000000	0.000000	0.000000	0.000000	0.000000	0.000000	0.000000	0.000000	1.000000	0.000000	0.000000	0.000000
7	tsk_7	(x)	1	:	0.000000	0.000000	0.000000	0.000000	0.000000	0.000000	0.000000	0.000000	0.000000	0.000000	0.000000	0.000000	0.000000	1.000000	0.000000
8	tsk_8	(x)	1	:	0.000000	0.000000	0.000000	0.000000	0.000000	0.000000	0.000000	0.000000	0.000000	0.000000	0.000000	0.475795	0.000000	0.524204	0.000000
9	tsk_9	(x)	1	:	0.000000	0.000000	0.000000	0.000000	0.481100	0.000000	0.000000	0.000000	0.000000	0.000000	0.000000	0.000000	0.000000	0.518900	0.000000
10	tsk_10	(x)	1	:	0.000000	0.000000	0.438469	0.000000	0.000000	0.000000	0.000000	0.000000	0.000000	0.561531	0.000000	0.000000	0.000000	0.000000	0.000000
11	tsk_11	(x)	1	:	0.000001	0.000000	0.499983	0.000000	0.000000	0.000000	0.000000	0.000088	0.000000	0.000000	0.499929	0.000000	0.000000	0.000000	0.000000
12	tsk_12	(x)	1	:	0.000000	0.000000	0.000000	0.000000	0.000000	0.000000	0.000000	0.000000	0.000000	0.000000	1.000000	0.000000	0.000000	0.000000	0.000000
13	tsk_13	(x)	1	:	0.000000	0.000000	0.000000	0.000000	0.000000	0.000000	0.000000	0.471846	0.000000	0.000000	0.528154	0.000000	0.000000	0.000000	0.000000
14	tsk_14	(x)	1	:	0.000000	0.000000	0.438469	0.000000	0.000000	0.000000	0.000000	0.000000	0.000000	0.561531	0.000000	0.000000	0.000000	0.000000	0.000000
15	tsk_15	(x)	1	:	0.000000	0.000000	0.000000	0.000000	0.000000	0.000000	0.000000	0.000000	0.000000	0.520668	0.479332	0.000000	0.000000	0.000000	0.000000
16	tsk_16	(x)	1	:	0.000000	0.000000	0.462582	0.000000	0.000000	0.000000	0.000000	0.000000	0.000000	0.000000	0.000000	0.537418	0.000000	0.000000	0.000000
17	tsk_17	(x)	1	:	0.000000	0.000000	0.000000	0.000000	0.528797	0.000000	0.000000	0.000000	0.000000	0.471203	0.000000	0.000000	0.000000	0.000000	0.000000
18	tsk_18	(x)	1	:	0.000000	0.000000	0.000000	0.000000	0.000000	0.000000	0.000000	0.000000	0.106501	0.000000	0.893499	0.000000	0.000000	0.000000	0.000000
19	tsk_19	(x)	1	:	0.000000	0.000000	0.000000	1.000000	0.000000	0.000000	0.000000	0.000000	0.000000	0.000000	0.000000	0.000000	0.000000	0.000000	0.000000
20	tsk_20	(x)	1	:	0.000000	0.000000	0.000000	0.000000	0.000000	0.000000	0.000000	0.471846	0.000000	0.000000	0.528154	0.000000	0.000000	0.000000	0.000000
21	tsk_21	(x)	1	:	0.000000	0.000000	0.000000	0.000000	0.000000	0.000000	0.000000	0.489371	0.000000	0.000000	0.000000	0.000000	0.493788	0.000000	0.016842
22	tsk_22	(x)	1	:	0.000000	0.000000	0.000000	0.000000	0.000000	0.000000	0.000000	0.001342	0.000000	0.000000	0.517178	0.481481	0.000000	0.000000	0.000000
23	tsk_23	(x)	1	:	0.000000	0.000000	0.000000	0.000000	0.000000	0.000000	0.000000	0.489357	0.000000	0.000000	0.000000	0.000000	0.493733	0.000000	0.016910
24	tsk_24	(x)	1	:	0.000000	0.000000	0.000000	0.000000	0.000000	0.000000	0.000000	1.000000	0.000000	0.000000	0.000000	0.000000	0.000000	0.000000	0.000000
25	tsk_25	(x)	1	:	0.000000	0.000000	0.000000	0.000000	0.000000	0.000000	0.000000	0.000000	0.000000	0.000000	0.498186	0.000000	0.488320	0.000000	0.013495
26	tsk_26	(x)	1	:	0.000000	0.000000	0.000000	0.000000	0.000000	0.000000	0.000000	0.428813	0.000000	0.000000	0.000000	0.000000	0.571187	0.000000	0.000000
27	tsk_27	(x)	1	:	0.000000	0.000000	0.000000	0.000000	0.000000	0.000000	0.000000	1.000000	0.000000	0.000000	0.000000	0.000000	0.000000	0.000000	0.000000
28	tsk_28	(x)	1	:	0.000000	0.000000	0.000000	0.000000	0.000000	0.504932	0.000000	0.488312	0.000000	0.000000	0.000000	0.000000	0.000000	0.006757	0.000000
29	tsk_29	(x)	1	:	0.000000	0.000000	0.000000	0.000000	0.000000	0.000000	0.000000	0.489355	0.000000	0.000000	0.000000	0.000000	0.493727	0.000000	0.016917
30	tsk_30	(x)	1	:	0.007403	0.000000	0.000000	0.000000	0.000000	0.000000	0.000000	0.000000	0.000000	0.425176	0.000000	0.000000	0.000000	0.567421	0.000000
31	tsk_31	(x)	1	:	0.007818	0.000000	0.000000	0.000000	0.000000	0.000000	0.000000	0.000000	0.000000	0.424907	0.000000	0.000000	0.000000	0.567275	0.000000
32	tsk_32	(x)	1	:	0.000000	0.000000	0.678466	0.000000	0.000000	0.000000	0.000000	0.000000	0.000000	0.321534	0.000000	0.000000	0.000000	0.000000	0.000000
33	tsk_33	(x)	1	:	0.000050	0.000000	0.081972	0.000000	0.000000	0.000000	0.000000	0.000000	0.000000	0.917978	0.000000	0.000000	0.000000	0.000000	0.000000
34	tsk_34	(x)	1	:	0.000000	0.000000	0.000000	0.000000	0.000000	0.000000	0.000000	0.000000	0.000000	0.000000	0.000000	0.000000	0.000000	0.517301	0.482699
35	tsk_35	(x)	1	:	0.000000	0.000000	0.000000	0.000000	0.000000	0.000000	0.000000	0.000000	0.000000	0.000000	0.000000	0.558860	0.000000	0.441140	0.000000
36	tsk_36	(x)	1	:	0.000000	0.000000	0.000000	0.000000	0.486694	0.000000	0.000000	0.000000	0.000000	0.000000	0.000000	0.477592	0.000000	0.035714	0.000000
37	tsk_37	(x)	1	:	0.000053	0.000000	0.082195	0.000000	0.000000	0.000000	0.000000	0.000000	0.000000	0.917752	0.000000	0.000000	0.000000	0.000000	0.000000
38	tsk_38	(x)	1	:	0.033118	0.000000	0.000000	0.000000	0.000000	0.000000	0.000000	0.000000	0.000000	0.434911	0.000000	0.000000	0.000000	0.000000	0.531971
39	tsk_39	(x)	1	:	0.000000	0.000000	0.000000	0.000000	0.481100	0.000000	0.000000	0.000000	0.000000	0.000000	0.000000	0.000000	0.000000	0.518900	0.000000
40	tsk_40	(x)	1	:	0.436562	0.000000	0.000000	0.000000	0.000000	0.000000	0.000000	0.563438	0.000000	0.000000	0.000000	0.000000	0.000000	0.000000	0.000000
41	tsk_41	(x)	1	:	1.000000	0.000000	0.000000	0.000000	0.000000	0.000000	0.000000	0.000000	0.000000	0.000000	0.000000	0.000000	0.000000	0.000000	0.000000
42	tsk_42	(x)	1	:	0.423275	0.000000	0.000000	0.000000	0.000000	0.000000	0.000000	0.000000	0.000000	0.000000	0.000000	0.000000	0.000000	0.576725	0.000000
43	tsk_43	(x)	1	:	0.000004	0.000000	0.542588	0.000000	0.000000	0.000000	0.000000	0.000000	0.457407	0.000000	0.000000	0.000000	0.000000	0.000000	0.000000
44	tsk_44	(x)	1	:	0.000000	0.000000	0.000000	0.000000	0.000000	0.000000	0.000000	0.471846	0.000000	0.000000	0.528154	0.000000	0.000000	0.000000	0.000000
45	tsk_45	(x)	1	:	0.423275	0.000000	0.000000	0.000000	0.000000	0.000000	0.000000	0.000000	0.000000	0.000000	0.000000	0.000000	0.000000	0.576725	0.000000
46	tsk_46	(x)	1	:	0.000000	0.000000	0.000000	0.000000	0.000000	0.000000	0.000000	0.000000	0.000000	0.526509	0.000000	0.000000	0.000000	0.473491	0.000000
47	tsk_47	(x)	1	:	0.423275	0.000000	0.576725	0.000000	0.000000	0.000000	0.000000	0.000000	0.000000	0.000000	0.000000	0.000000	0.000000	0.000000	0.000000
48	tsk_48	(x)	1	:	0.000001	0.000000	0.499514	0.000000	0.000000	0.498053	0.000000	0.000000	0.000000	0.000000	0.000000	0.000000	0.000000	0.002432	0.000000
49	tsk_49	(x)	1	:	0.000015	0.000000	0.000000	0.000000	0.000000	0.000000	0.000000	0.533466	0.466519	0.000000	0.000000	0.000000	0.000000	0.000000	0.000000
50	tsk_50	(x)	1	:	0.000007	0.000000	0.514564	0.000000	0.000000	0.000000	0.000000	0.000000	0.000000	0.000000	0.000000	0.485429	0.000000	0.000000	0.000000
51	tsk_51	(x)	1	:	0.000007	0.000000	0.514564	0.000000	0.000000	0.000000	0.000000	0.000000	0.000000	0.000000	0.000000	0.485429	0.000000	0.000000	0.000000
52	tsk_52	(x)	1	:	0.000000	0.000000	0.000000	0.000000	1.000000	0.000000	0.000000	0.000000	0.000000	0.000000	0.000000	0.000000	0.000000	0.000000	0.000000
53	tsk_53	(x)	1	:	0.000000	0.000000	0.503078	0.000000	0.493412	0.000000	0.000000	0.000000	0.000000	0.000000	0.000000	0.000000	0.000000	0.003510	0.000000
54	tsk_54	(x)	1	:	0.000000	0.000000	0.000000	0.000000	0.000000	0.000000	0.000000	0.000000	0.000000	0.000000	0.000000	0.475795	0.000000	0.524204	0.000000
55	tsk_55	(x)	1	:	0.545688	0.000000	0.000000	0.000000	0.000000	0.000000	0.000000	0.000000	0.000000	0.000000	0.000000	0.000000	0.000000	0.000000	0.454312
56	tsk_56	(x)	1	:	0.000000	0.000000	0.000000	0.000000	0.403551	0.000000	0.000000	0.000000	0.000000	0.000000	0.000000	0.596449	0.000000	0.000000	0.000000
57	tsk_57	(x)	1	:	0.000000	0.000000	0.000000	0.000000	0.478982	0.000000	0.000000	0.000000	0.000000	0.520187	0.000000	0.000000	0.000000	0.000831	0.000000
58	tsk_58	(x)	1	:	0.000000	0.000000	0.000000	0.000000	0.000000	0.000000	0.000000	0.000000	0.000000	0.000000	0.000000	1.000000	0.000000	0.000000	0.000000
59	tsk_59	(x)	1	:	0.000000	0.000000	0.000000	0.000000	0.000000	0.000000	0.000000	0.000000	0.000000	0.000000	0.000000	0.439042	0.000000	0.000000	0.560958
60	tsk_60	(x)	1	:	0.000001	0.000000	0.499995	0.000000	0.000000	0.000000	0.000000	0.000024	0.000000	0.000000	0.499981	0.000000	0.000000	0.000000	0.000000
61	tsk_61	(x)	1	:	0.000000	0.000000	0.000000	0.494581	0.497143	0.000000	0.000000	0.000000	0.000000	0.000000	0.000000	0.000000	0.000000	0.008277	0.000000
62	tsk_62	(x)	1	:	0.000000	0.000000	0.000000	0.479953	0.000000	0.000000	0.000000	0.000000	0.000000	0.520047	0.000000	0.000000	0.000000	0.000000	0.000000
63	tsk_63	(x)	1	:	0.000000	0.000000	0.000000	0.000000	0.000000	0.000000	0.000000	0.001412	0.000000	0.000000	0.517125	0.481463	0.000000	0.000000	0.000000
64	tsk_64	(x)	1	:	0.000000	0.000000	0.000000	0.000000	0.000000	0.000000	0.000000	0.000000	0.000000	1.000000	0.000000	0.000000	0.000000	0.000000	0.000000
65	tsk_65	(x)	1	:	0.000000	0.000000	0.000000	0.000000	0.000000	0.000000	0.000000	0.000000	0.000000	0.000000	0.000000	0.475795	0.000000	0.524204	0.000000
66	tsk_66	(x)	1	:	0.000000	0.000000	0.000000	0.000000	0.000000	0.000000	0.000000	0.000000	0.000000	0.000000	0.000000	0.000000	0.487404	0.497314	0.015282
67	tsk_67	(x)	1	:	0.000000	0.505997	0.000000	0.000000	0.000000	0.000000	0.000000	0.000000	0.000000	0.000000	0.000000	0.485003	0.000000	0.000000	0.009000
68	tsk_68	(x)	1	:	0.000000	0.000000	0.000000	0.000000	0.000000	0.000000	0.000000	0.000000	0.000000	1.000000	0.000000	0.000000	0.000000	0.000000	0.000000
69	tsk_69	(x)	1	:	0.000000	0.000000	0.000000	0.000000	0.000000	0.000000	0.000000	0.000000	0.000000	0.000000	0.000000	1.000000	0.000000	0.000000	0.000000
70	tsk_70	(x)	1	:	0.000001	0.000000	0.499999	0.000000	0.000000	0.000000	0.000000	0.000000	0.000000	0.000000	0.000000	0.000000	0.000000	0.499999	0.000000
71	tsk_71	(x)	1	:	0.000000	0.000000	0.000000	0.000000	0.000000	0.000000	0.000000	0.000000	0.000000	0.527592	0.000000	0.000000	0.000000	0.000000	0.472407
72	tsk_72	(x)	1	:	0.000000	0.000000	0.000000	0.000000	0.000000	0.000000	0.187883	0.000000	0.000000	0.516172	0.000000	0.000000	0.000000	0.295945	0.000000
73	tsk_73	(x)	1	:	0.000000	0.000000	0.502924	0.000000	0.492805	0.000000	0.000000	0.000000	0.000000	0.000000	0.000000	0.000000	0.000000	0.004271	0.000000
74	tsk_74	(x)	1	:	0.000000	0.000000	0.000000	0.000000	0.000000	0.000000	0.000000	0.000000	0.000000	0.516224	0.483776	0.000000	0.000000	0.000000	0.000000
75	tsk_75	(x)	1	:	0.000000	0.000000	0.000000	0.000000	0.000000	0.000000	0.000000	0.000126	0.000000	0.000000	0.512896	0.000000	0.000000	0.000000	0.486977
76	tsk_76	(x)	1	:	0.000000	0.000000	0.000000	0.000000	0.000000	0.000000	0.000000	0.000000	0.000000	0.000000	0.000000	0.000000	0.000000	0.517301	0.482699
77	tsk_77	(x)	1	:	0.000000	0.000000	0.000000	0.000000	0.000000	0.000000	0.000000	0.000000	0.000000	0.000000	0.000000	0.000000	0.358525	0.506988	0.134486
78	tsk_78	(x)	1	:	0.000000	0.000000	0.000000	0.000000	0.000000	0.000000	0.000000	0.000000	0.000000	0.000000	0.000000	0.494761	0.000000	0.000000	0.505239
79	tsk_79	(x)	1	:	0.000000	0.000000	0.000000	0.000000	0.000000	0.508635	0.000000	0.000000	0.000000	0.000000	0.000000	0.000000	0.000000	0.005822	0.485543
80	tsk_80	(x)	1	:	0.000000	0.000000	0.000000	0.000000	0.000000	0.185954	0.355729	0.000000	0.000000	0.000000	0.000000	0.458286	0.000000	0.000031	0.000000
81	tsk_81	(x)	1	:	0.000000	0.000000	1.000000	0.000000	0.000000	0.000000	0.000000	0.000000	0.000000	0.000000	0.000000	0.000000	0.000000	0.000000	0.000000
82	tsk_82	(x)	1	:	0.000001	0.000000	0.499999	0.000000	0.000000	0.000000	0.000000	0.000000	0.000000	0.000000	0.000000	0.000000	0.000000	0.499999	0.000000
83	tsk_83	(x)	1	:	0.000000	0.000000	0.000000	0.000000	0.000000	0.000000	0.000000	0.000000	0.000000	0.000000	0.000000	0.437964	0.000000	0.000000	0.562036
84	tsk_84	(x)	1	:	0.000000	0.000000	0.000000	0.000000	0.000000	0.185939	0.355729	0.000000	0.000000	0.000000	0.000000	0.458281	0.000000	0.000051	0.000000
85	tsk_85	(x)	1	:	0.000000	0.000000	0.459351	0.000000	0.000000	0.000022	0.540627	0.000000	0.000000	0.000000	0.000000	0.000000	0.000000	0.000000	0.000000
86	tsk_86	(x)	1	:	0.000000	0.000000	0.000000	0.000000	0.000000	0.000000	0.000000	0.000000	0.000000	0.000000	0.000000	0.437964	0.000000	0.000000	0.562036
87	tsk_87	(x)	1	:	0.000000	0.000000	0.000000	0.000000	0.000000	0.000000	0.000000	0.000000	0.000000	0.000000	0.000000	0.494761	0.000000	0.000000	0.505239
88	tsk_88	(x)	1	:	0.000000	0.000000	0.000000	0.000000	0.000000	0.180458	0.355864	0.000000	0.000000	0.000000	0.000000	0.000000	0.000000	0.000000	0.463677
89	tsk_89	(x)	1	:	0.000001	0.000000	0.499995	0.000000	0.000000	0.000000	0.000000	0.000025	0.000000	0.000000	0.499980	0.000000	0.000000	0.000000	0.000000
90	tsk_90	(x)	1	:	0.000000	0.000000	0.000000	0.000000	0.000000	0.000000	0.000000	0.000000	0.000000	0.000000	0.000000	0.000000	0.000000	0.000000	1.000000
91	tsk_91	(x)	1	:	0.000000	0.000000	0.000000	0.000000	0.000000	0.000000	0.000000	0.000239	0.000000	0.000000	0.512812	0.000000	0.000000	0.000000	0.486949
92	tsk_92	(x)	1	:	0.000000	0.498619	0.000000	0.000000	0.000000	0.000000	0.000000	0.000000	0.000000	0.000000	0.499358	0.000000	0.000000	0.000000	0.002024
93	tsk_93	(x)	1	:	0.000000	0.000000	0.000000	0.000000	0.481100	0.000000	0.000000	0.000000	0.000000	0.000000	0.000000	0.000000	0.000000	0.518900	0.000000
94	tsk_94	(x)	1	:	0.000000	0.000000	0.000000	0.000000	0.502610	0.000000	0.000000	0.000000	0.000000	0.000000	0.000000	0.000000	0.000000	0.007584	0.489806
95	tsk_95	(x)	1	:	0.547263	0.000000	0.000000	0.000000	0.000000	0.000000	0.000000	0.000000	0.000000	0.000000	0.000000	0.000000	0.000000	0.452737	0.000000
96	tsk_96	(x)	1	:	0.000000	0.501020	0.000000	0.000000	0.495785	0.000000	0.000000	0.000000	0.000000	0.000000	0.000000	0.000000	0.000000	0.000083	0.003112
97	tsk_97	(x)	1	:	0.521405	0.478594	0.000000	0.000000	0.000000	0.000000	0.000000	0.000000	0.000000	0.000000	0.000000	0.000000	0.000000	0.000000	0.000000
98	tsk_98	(x)	1	:	0.548452	0.000000	0.000000	0.000000	0.000000	0.000000	0.000000	0.000000	0.000000	0.000000	0.000000	0.000000	0.000000	0.000000	0.451548
99	tsk_99	(x)	1	:	0.000000	0.498583	0.499472	0.000000	0.000000	0.000000	0.000000	0.000000	0.000000	0.000000	0.000000	0.000000	0.000000	0.000000	0.001945
100	tsk_100	(x)	1	:	0.000000	0.000000	0.000000	0.000000	0.000000	0.000000	0.000000	0.000000	0.000000	0.000000	0.454251	0.545749	0.000000	0.000000	0.000000
101	tsk_101	(x)	1	:	0.000000	0.000000	0.499458	0.000000	0.000000	0.497827	0.000000	0.000000	0.000000	0.000000	0.000000	0.000000	0.000000	0.002715	0.000000
102	tsk_102	(x)	1	:	0.000000	0.000000	0.000000	0.000000	0.000000	0.000000	0.000000	0.000036	0.000000	0.000000	0.499976	0.000000	0.000000	0.499988	0.000000
103	tsk_103	(x)	1	:	0.000006	0.000000	0.514565	0.000000	0.000000	0.000000	0.000000	0.000000	0.000000	0.000000	0.000000	0.485429	0.000000	0.000000	0.000000
104	tsk_104	(x)	1	:	0.000000	0.000000	0.000000	0.000000	0.000000	0.000000	0.000000	0.000043	0.000000	0.000000	0.499971	0.000000	0.000000	0.499986	0.000000
105	tsk_105	(x)	1	:	0.000000	0.000000	0.462582	0.000000	0.000000	0.000000	0.000000	0.000000	0.000000	0.000000	0.000000	0.537418	0.000000	0.000000	0.000000
106	tsk_106	(x)	1	:	0.000002	0.000000	0.506267	0.493730	0.000000	0.000000	0.000000	0.000000	0.000000	0.000000	0.000000	0.000000	0.000000	0.000000	0.000000
107	tsk_107	(x)	1	:	0.000001	0.000000	0.499997	0.000000	0.000000	0.000000	0.000000	0.000016	0.000000	0.000000	0.499987	0.000000	0.000000	0.000000	0.000000
108	tsk_108	(x)	1	:	0.000000	0.000000	0.000000	0.000000	0.000000	0.000000	0.000000	0.000000	0.000000	0.000000	0.000000	1.000000	0.000000	0.000000	0.000000
109	tsk_109	(x)	1	:	0.000000	0.000000	0.464436	0.535564	0.000000	0.000000	0.000000	0.000000	0.000000	0.000000	0.000000	0.000000	0.000000	0.000000	0.000000
110	tsk_110	(x)	1	:	0.000000	0.000000	0.000000	0.000000	0.000000	0.000000	0.000000	0.000059	0.000000	0.000000	0.512947	0.000000	0.000000	0.000000	0.486994
111	tsk_111	(x)	1	:	0.000000	0.000000	0.000000	0.000000	0.000000	0.000000	0.000000	0.000000	0.000000	0.000000	0.000000	0.475795	0.000000	0.524204	0.000000
112	tsk_112	(x)	1	:	0.000000	0.000000	1.000000	0.000000	0.000000	0.000000	0.000000	0.000000	0.000000	0.000000	0.000000	0.000000	0.000000	0.000000	0.000000
113	tsk_113	(x)	1	:	0.000000	0.000000	0.678469	0.000000	0.000000	0.000000	0.000000	0.000000	0.000000	0.321531	0.000000	0.000000	0.000000	0.000000	0.000000
114	tsk_114	(x)	1	:	0.000000	0.000000	0.499995	0.000000	0.000000	0.000000	0.000000	0.000024	0.000000	0.000000	0.499981	0.000000	0.000000	0.000000	0.000000
115	tsk_115	(x)	1	:	0.000000	0.000000	0.000000	0.000000	0.000000	0.000000	0.000000	0.471846	0.000000	0.000000	0.528154	0.000000	0.000000	0.000000	0.000000
116	tsk_116	(x)	1	:	0.543361	0.000000	0.456638	0.000000	0.000000	0.000000	0.000000	0.000000	0.000000	0.000000	0.000000	0.000000	0.000000	0.000000	0.000000
117	tsk_117	(x)	1	:	0.000000	0.000000	0.000000	0.502871	0.000000	0.000000	0.000000	0.000000	0.000000	0.000000	0.000000	0.000002	0.000000	0.000000	0.497127
118	tsk_118	(x)	1	:	0.000000	0.000000	1.000000	0.000000	0.000000	0.000000	0.000000	0.000000	0.000000	0.000000	0.000000	0.000000	0.000000	0.000000	0.000000
119	tsk_119	(x)	1	:	0.000000	0.000000	0.000000	0.000000	0.000000	0.000000	0.000000	0.000000	0.000000	0.000000	0.000000	0.000000	0.000000	0.000000	1.000000
120	tsk_120	(x)	1	:	0.000000	0.000000	0.414855	0.000000	0.000000	0.000000	0.000000	0.342774	0.000000	0.000000	0.242371	0.000000	0.000000	0.000000	0.000000
121	tsk_121	(x)	1	:	0.000000	0.000000	0.000000	0.000000	0.000000	0.000000	0.000000	0.000000	0.000000	0.000000	1.000000	0.000000	0.000000	0.000000	0.000000
122	tsk_122	(x)	1	:	0.000000	0.000000	0.000000	0.000000	0.000000	0.000000	0.000000	0.000000	0.000000	0.000000	0.000000	0.000000	0.000000	1.000000	0.000000
123	tsk_123	(x)	1	:	0.000000	0.000000	0.499995	0.000000	0.000000	0.000000	0.000000	0.000025	0.000000	0.000000	0.499979	0.000000	0.000000	0.000000	0.000000
124	tsk_124	(x)	1	:	0.551506	0.000000	0.000000	0.000000	0.000000	0.000000	0.000000	0.000000	0.000000	0.000000	0.000000	0.448494	0.000000	0.000000	0.000000
125	tsk_125	(x)	1	:	0.000000	0.000000	0.000000	0.000000	0.000000	0.000000	0.000000	0.000036	0.000000	0.000000	0.499976	0.000000	0.000000	0.499988	0.000000
126	tsk_126	(x)	1	:	0.000000	0.000000	0.000000	0.000000	0.000000	0.000000	0.000000	0.000000	0.000000	0.000000	0.518188	0.481812	0.000000	0.000000	0.000000
127	tsk_127	(x)	1	:	0.000000	0.000000	0.000000	0.000000	0.000000	0.000000	0.000000	0.383351	0.000000	0.000000	0.259886	0.000000	0.000000	0.356762	0.000000
128	tsk_128	(x)	1	:	0.000000	0.000000	0.000000	0.000000	0.000000	0.000000	0.000000	0.000000	0.000000	0.000000	0.000000	0.000000	0.000000	1.000000	0.000000
129	tsk_129	(x)	1	:	0.000000	0.000000	0.000000	0.000000	0.000000	0.000000	0.000000	0.000000	0.000000	0.000000	1.000000	0.000000	0.000000	0.000000	0.000000
130	tsk_130	(x)	1	:	0.000000	0.000000	0.000000	0.000000	0.000000	0.000000	0.000000	0.000249	0.000000	0.000000	0.512804	0.000000	0.000000	0.000000	0.486947
131	tsk_131	(x)	1	:	0.000003	0.000000	0.507076	0.000000	0.000000	0.000000	0.000000	0.492921	0.000000	0.000000	0.000000	0.000000	0.000000	0.000000	0.000000
132	tsk_132	(x)	1	:	0.000001	0.000000	0.499372	0.000000	0.000000	0.497482	0.000000	0.000000	0.000000	0.000000	0.000000	0.000000	0.000000	0.003145	0.000000
133	tsk_133	(x)	1	:	0.000000	0.000000	0.000000	0.000000	0.000000	0.507529	0.000000	0.000000	0.000000	0.000000	0.000000	0.000000	0.000000	0.007296	0.485174
134	tsk_134	(x)	1	:	0.000000	0.186195	0.000000	0.000000	0.000000	0.000000	0.000000	0.000000	0.000000	0.000000	0.000000	0.000000	0.000000	0.000000	0.813805
135	tsk_135	(x)	1	:	0.000000	0.000000	0.438469	0.000000	0.000000	0.000000	0.000000	0.000000	0.000000	0.561531	0.000000	0.000000	0.000000	0.000000	0.000000
136	tsk_136	(x)	1	:	0.000000	0.000000	0.000000	0.000000	0.000000	0.479224	0.000000	0.000000	0.000000	0.520638	0.000000	0.000000	0.000000	0.000138	0.000000
137	tsk_137	(x)	1	:	0.000000	0.000000	0.499359	0.000000	0.000000	0.497427	0.000000	0.000000	0.000000	0.000000	0.000000	0.000000	0.000000	0.003214	0.000000
138	tsk_138	(x)	1	:	0.000000	0.000000	0.000000	0.000000	0.000000	0.000000	0.000000	0.000000	0.000000	0.520668	0.479332	0.000000	0.000000	0.000000	0.000000
139	tsk_139	(x)	1	:	0.000000	0.000000	0.000000	0.000000	0.000000	0.000000	0.000000	0.000000	0.000000	1.000000	0.000000	0.000000	0.000000	0.000000	0.000000
140	tsk_140	(x)	1	:	0.000000	0.000000	0.000000	0.000000	0.000000	0.500001	0.000000	0.000000	0.000000	0.000000	0.000000	0.000000	0.000000	0.499999	0.000000
141	tsk_141	(x)	1	:	0.000000	0.000000	0.000000	0.000000	0.000000	0.000000	0.000000	0.000000	0.000000	0.526509	0.000000	0.000000	0.000000	0.473491	0.000000
142	tsk_142	(x)	1	:	0.000000	0.000000	0.000000	0.000000	0.000000	0.500001	0.000000	0.000000	0.000000	0.000000	0.000000	0.000000	0.000000	0.499999	0.000000
143	tsk_143	(x)	1	:	0.000000	0.498614	0.000000	0.000000	0.000000	0.499311	0.000000	0.000000	0.000000	0.000000	0.000000	0.000000	0.000000	0.000059	0.002017
144	tsk_144	(x)	1	:	0.000000	0.498617	0.000000	0.000000	0.000000	0.499333	0.000000	0.000000	0.000000	0.000000	0.000000	0.000000	0.000000	0.000032	0.002018
145	tsk_145	(x)	1	:	0.000000	0.498674	0.000000	0.000000	0.000000	0.000000	0.000000	0.000000	0.000000	0.000000	0.000000	0.000000	0.000000	0.499180	0.002147
146	tsk_146	(x)	1	:	0.000000	0.000000	0.000000	0.000000	0.000000	0.000000	0.000000	0.000000	0.000000	0.536597	0.000000	0.463402	0.000000	0.000000	0.000000
147	tsk_147	(x)	1	:	0.506783	0.000000	0.000000	0.000000	0.000000	0.000000	0.000000	0.000000	0.000000	0.493217	0.000000	0.000000	0.000000	0.000000	0.000000
148	tsk_148	(x)	1	:	0.543338	0.000000	0.000000	0.000000	0.000000	0.000000	0.000000	0.000000	0.000000	0.000000	0.000000	0.000000	0.000000	0.456662	0.000000
149	tsk_149	(x)	1	:	0.000000	0.000000	0.000000	0.000000	0.000000	0.000000	0.000000	0.000000	0.000000	0.000000	0.000000	0.000000	0.000000	0.517301	0.482699
