logL = -2092.507702 (converged)
AIC = 6225.015404
BIC = 9295.863404

count.K
11 19 27 31 27 35 

