logL = -2035.387902 (converged)
AIC = 4874.775803
BIC = 6085.051192

count.K
13 53 84 

