logL = -1280.269412 (converged)
AIC = 3364.538825
BIC = 4574.814213

count.K
32 51 67 

