logL = -3717.573293 (converged)
AIC = 11997.146585
BIC = 18864.405691

count.K
5 8 36 32 9 3 4 4 30 9 10 

