logL = -2936.260494 (converged)
AIC = 6388.520987
BIC = 7165.264893

count.K
70 80 

