0	tsk_0	(x)	1	:	0.000000	0.000000	0.000000	0.502556	0.008197	0.012039	0.477207	0.000000	0.000000	0.000000	0.000000	0.000000
1	tsk_1	(x)	1	:	0.383212	0.000000	0.000000	0.312991	0.000000	0.000000	0.000000	0.000000	0.000000	0.000000	0.000000	0.303797
2	tsk_2	(x)	1	:	0.000000	0.000000	0.000000	0.478064	0.000038	0.000029	0.000000	0.000000	0.000000	0.000000	0.521869	0.000000
3	tsk_3	(x)	1	:	0.000000	0.000000	0.000000	0.000000	0.000000	0.000000	0.000000	0.000000	0.000000	0.000000	1.000000	0.000000
4	tsk_4	(x)	1	:	0.384473	0.000000	0.502809	0.112719	0.000000	0.000000	0.000000	0.000000	0.000000	0.000000	0.000000	0.000000
5	tsk_5	(x)	1	:	0.383212	0.000000	0.000000	0.312991	0.000000	0.000000	0.000000	0.000000	0.000000	0.000000	0.000000	0.303797
6	tsk_6	(x)	1	:	0.000000	0.000000	0.000000	0.000000	0.000000	0.000000	0.000000	0.000000	0.000000	0.000000	1.000000	0.000000
7	tsk_7	(x)	1	:	0.000000	0.000000	0.000000	0.000000	0.034141	0.020493	0.000000	0.000000	0.458410	0.000000	0.486956	0.000000
8	tsk_8	(x)	1	:	0.000000	0.372371	0.000000	0.000000	0.067622	0.031600	0.000000	0.000000	0.000000	0.000000	0.528406	0.000000
9	tsk_9	(x)	1	:	0.000000	0.000000	0.509753	0.000000	0.000000	0.000000	0.000000	0.000000	0.000000	0.000000	0.490247	0.000000
10	tsk_10	(x)	1	:	0.000000	0.000000	0.000000	0.000000	0.675818	0.324182	0.000000	0.000000	0.000000	0.000000	0.000000	0.000000
11	tsk_11	(x)	1	:	0.000000	0.000000	0.000000	0.000000	0.260317	0.250927	0.000000	0.000000	0.000000	0.000000	0.488756	0.000000
12	tsk_12	(x)	1	:	0.000000	0.000000	0.000000	0.000000	0.291992	0.179703	0.000000	0.000000	0.000000	0.000000	0.528305	0.000000
13	tsk_13	(x)	1	:	0.000000	0.000000	0.000000	0.198669	0.225536	0.272029	0.000000	0.000000	0.000000	0.000000	0.000000	0.303766
14	tsk_14	(x)	1	:	0.000000	0.000000	0.000000	0.000000	0.321303	0.678697	0.000000	0.000000	0.000000	0.000000	0.000000	0.000000
15	tsk_15	(x)	1	:	0.000000	0.000000	0.000000	0.000000	0.413707	0.586293	0.000000	0.000000	0.000000	0.000000	0.000000	0.000000
16	tsk_16	(x)	1	:	0.000000	0.000000	0.000000	0.000000	0.319832	0.191451	0.000000	0.000000	0.000000	0.000000	0.488717	0.000000
17	tsk_17	(x)	1	:	0.000000	0.000000	0.000000	1.000000	0.000000	0.000000	0.000000	0.000000	0.000000	0.000000	0.000000	0.000000
18	tsk_18	(x)	1	:	0.000000	0.000000	0.000000	0.000000	0.773875	0.226125	0.000000	0.000000	0.000000	0.000000	0.000000	0.000000
19	tsk_19	(x)	1	:	0.000000	0.000000	0.000000	0.452897	0.000000	0.000000	0.000000	0.000000	0.547103	0.000000	0.000000	0.000000
20	tsk_20	(x)	1	:	0.000000	0.000000	0.000000	0.174315	0.000016	0.000005	0.000000	0.000000	0.000000	0.000000	0.521879	0.303785
21	tsk_21	(x)	1	:	0.000000	0.000000	0.504379	0.000000	0.298954	0.196666	0.000000	0.000000	0.000000	0.000000	0.000000	0.000000
22	tsk_22	(x)	1	:	0.291753	0.000000	0.000000	0.210301	0.381009	0.116937	0.000000	0.000000	0.000000	0.000000	0.000000	0.000000
23	tsk_23	(x)	1	:	0.000000	0.000000	0.000000	0.502497	0.194744	0.302759	0.000000	0.000000	0.000000	0.000000	0.000000	0.000000
24	tsk_24	(x)	1	:	0.000000	0.000000	0.000000	0.500741	0.008272	0.027642	0.000000	0.000000	0.463345	0.000000	0.000000	0.000000
25	tsk_25	(x)	1	:	0.000000	0.000000	0.000000	1.000000	0.000000	0.000000	0.000000	0.000000	0.000000	0.000000	0.000000	0.000000
26	tsk_26	(x)	1	:	0.000000	0.000000	0.000000	0.000000	0.376668	0.076395	0.546936	0.000000	0.000000	0.000000	0.000000	0.000000
27	tsk_27	(x)	1	:	0.586691	0.000000	0.000000	0.413309	0.000000	0.000000	0.000000	0.000000	0.000000	0.000000	0.000000	0.000000
28	tsk_28	(x)	1	:	0.000000	0.000000	0.000000	0.502347	0.258017	0.239636	0.000000	0.000000	0.000000	0.000000	0.000000	0.000000
29	tsk_29	(x)	1	:	0.000000	0.318015	0.000000	0.000000	0.115396	0.019399	0.547191	0.000000	0.000000	0.000000	0.000000	0.000000
30	tsk_30	(x)	1	:	0.291749	0.000000	0.000000	0.708251	0.000000	0.000000	0.000000	0.000000	0.000000	0.000000	0.000000	0.000000
31	tsk_31	(x)	1	:	0.291723	0.374203	0.000000	0.211821	0.062651	0.059602	0.000000	0.000000	0.000000	0.000000	0.000000	0.000000
32	tsk_32	(x)	1	:	0.000000	0.000000	0.000000	0.000000	0.373829	0.097920	0.000000	0.000000	0.000000	0.000000	0.528251	0.000000
33	tsk_33	(x)	1	:	0.291754	0.000000	0.000000	0.210431	0.324079	0.173736	0.000000	0.000000	0.000000	0.000000	0.000000	0.000000
34	tsk_34	(x)	1	:	0.000000	0.000000	0.000000	0.000000	0.713712	0.286288	0.000000	0.000000	0.000000	0.000000	0.000000	0.000000
35	tsk_35	(x)	1	:	0.000000	0.373817	0.000000	0.000000	0.063464	0.034118	0.000000	0.000000	0.000000	0.000000	0.528601	0.000000
36	tsk_36	(x)	1	:	0.000000	0.000000	0.000000	0.000000	0.000000	0.000000	1.000000	0.000000	0.000000	0.000000	0.000000	0.000000
37	tsk_37	(x)	1	:	0.000000	0.000000	0.000000	0.000000	0.000000	0.000000	1.000000	0.000000	0.000000	0.000000	0.000000	0.000000
38	tsk_38	(x)	1	:	0.291766	0.000000	0.000000	0.210248	0.013812	0.007149	0.477026	0.000000	0.000000	0.000000	0.000000	0.000000
39	tsk_39	(x)	1	:	0.000000	0.000000	0.000000	0.000000	0.402363	0.120602	0.477034	0.000000	0.000000	0.000000	0.000000	0.000000
40	tsk_40	(x)	1	:	0.000000	0.000000	0.000000	0.000000	0.000000	0.000000	0.000000	0.000000	0.000000	0.000000	1.000000	0.000000
41	tsk_41	(x)	1	:	0.000000	0.000000	0.000000	0.000000	0.000000	0.000000	0.000000	0.000000	0.000000	0.000000	1.000000	0.000000
42	tsk_42	(x)	1	:	0.000000	0.000000	0.000000	0.000000	0.392684	0.118646	0.000000	0.000000	0.000000	0.000000	0.488670	0.000000
43	tsk_43	(x)	1	:	0.000000	0.000000	0.000000	0.000000	0.555829	0.444171	0.000000	0.000000	0.000000	0.000000	0.000000	0.000000
44	tsk_44	(x)	1	:	0.000000	0.000000	0.000000	0.000000	0.000000	0.000000	0.000000	0.000000	0.000000	0.000000	1.000000	0.000000
45	tsk_45	(x)	1	:	0.000000	0.372257	0.000000	0.000000	0.418402	0.209340	0.000000	0.000000	0.000000	0.000000	0.000000	0.000000
46	tsk_46	(x)	1	:	0.000000	0.000000	0.000000	0.000000	0.000000	0.000000	0.000000	0.000000	0.000000	0.000000	1.000000	0.000000
47	tsk_47	(x)	1	:	0.000000	0.374373	0.000000	0.000000	0.081838	0.054696	0.000000	0.000000	0.000000	0.000000	0.489093	0.000000
48	tsk_48	(x)	1	:	0.000000	0.374062	0.000000	0.503451	0.069414	0.053073	0.000000	0.000000	0.000000	0.000000	0.000000	0.000000
49	tsk_49	(x)	1	:	0.000000	0.373922	0.000000	0.000000	0.094305	0.042747	0.000000	0.000000	0.000000	0.000000	0.489026	0.000000
50	tsk_50	(x)	1	:	0.000000	0.000000	0.000000	0.502562	0.167622	0.329816	0.000000	0.000000	0.000000	0.000000	0.000000	0.000000
51	tsk_51	(x)	1	:	0.000000	0.000000	0.000000	0.000000	0.700433	0.299567	0.000000	0.000000	0.000000	0.000000	0.000000	0.000000
52	tsk_52	(x)	1	:	0.000000	0.000000	0.000000	0.000000	0.650744	0.349256	0.000000	0.000000	0.000000	0.000000	0.000000	0.000000
53	tsk_53	(x)	1	:	0.000000	0.000000	0.000000	0.502651	0.130704	0.366645	0.000000	0.000000	0.000000	0.000000	0.000000	0.000000
54	tsk_54	(x)	1	:	0.000000	0.000000	0.000000	0.000000	0.334369	0.176923	0.000000	0.000000	0.000000	0.000000	0.488708	0.000000
55	tsk_55	(x)	1	:	0.383589	0.000000	0.000000	0.118540	0.261087	0.236784	0.000000	0.000000	0.000000	0.000000	0.000000	0.000000
56	tsk_56	(x)	1	:	0.000000	0.000000	0.000000	0.000000	0.295569	0.704431	0.000000	0.000000	0.000000	0.000000	0.000000	0.000000
57	tsk_57	(x)	1	:	0.000000	0.000000	0.000000	0.502642	0.134377	0.362981	0.000000	0.000000	0.000000	0.000000	0.000000	0.000000
58	tsk_58	(x)	1	:	0.000000	0.000000	0.000000	0.502593	0.001564	0.007020	0.000000	0.000000	0.000000	0.000000	0.488823	0.000000
59	tsk_59	(x)	1	:	0.000000	0.000000	0.000000	0.000000	0.583974	0.416026	0.000000	0.000000	0.000000	0.000000	0.000000	0.000000
60	tsk_60	(x)	1	:	0.000000	0.000000	0.000000	0.502371	0.247872	0.249757	0.000000	0.000000	0.000000	0.000000	0.000000	0.000000
61	tsk_61	(x)	1	:	0.000000	0.000000	0.000000	0.000000	1.000000	0.000000	0.000000	0.000000	0.000000	0.000000	0.000000	0.000000
62	tsk_62	(x)	1	:	0.000000	0.000000	0.000000	0.000000	0.756133	0.243867	0.000000	0.000000	0.000000	0.000000	0.000000	0.000000
63	tsk_63	(x)	1	:	0.000000	0.000000	0.000000	0.000000	0.884081	0.115919	0.000000	0.000000	0.000000	0.000000	0.000000	0.000000
64	tsk_64	(x)	1	:	0.000000	0.000000	0.000000	0.000000	0.882706	0.117294	0.000000	0.000000	0.000000	0.000000	0.000000	0.000000
65	tsk_65	(x)	1	:	0.000000	0.000000	0.000000	0.000000	0.548798	0.451202	0.000000	0.000000	0.000000	0.000000	0.000000	0.000000
66	tsk_66	(x)	1	:	0.000000	0.000000	0.000000	0.000000	0.653824	0.346176	0.000000	0.000000	0.000000	0.000000	0.000000	0.000000
67	tsk_67	(x)	1	:	0.000000	0.000000	0.000000	0.502435	0.220668	0.276897	0.000000	0.000000	0.000000	0.000000	0.000000	0.000000
68	tsk_68	(x)	1	:	0.000000	0.000000	0.000000	0.000000	0.699868	0.300132	0.000000	0.000000	0.000000	0.000000	0.000000	0.000000
69	tsk_69	(x)	1	:	0.000000	0.000000	0.000000	0.000000	0.727166	0.272834	0.000000	0.000000	0.000000	0.000000	0.000000	0.000000
70	tsk_70	(x)	1	:	0.000000	0.000000	0.000000	0.000000	0.378650	0.144297	0.477053	0.000000	0.000000	0.000000	0.000000	0.000000
71	tsk_71	(x)	1	:	0.000000	0.000000	0.000000	0.000000	0.428801	0.571198	0.000000	0.000000	0.000000	0.000000	0.000000	0.000000
72	tsk_72	(x)	1	:	0.000000	0.000000	0.000000	0.000000	0.516752	0.483248	0.000000	0.000000	0.000000	0.000000	0.000000	0.000000
73	tsk_73	(x)	1	:	0.000000	0.000000	0.000000	0.000000	0.685631	0.314369	0.000000	0.000000	0.000000	0.000000	0.000000	0.000000
74	tsk_74	(x)	1	:	0.000000	0.000000	0.000000	0.000000	0.316710	0.206189	0.477100	0.000000	0.000000	0.000000	0.000000	0.000000
75	tsk_75	(x)	1	:	0.000000	0.000000	0.000000	0.000000	0.651683	0.348317	0.000000	0.000000	0.000000	0.000000	0.000000	0.000000
76	tsk_76	(x)	1	:	0.000000	0.372442	0.000000	0.000000	0.358215	0.269342	0.000000	0.000000	0.000000	0.000000	0.000000	0.000000
77	tsk_77	(x)	1	:	0.000000	0.000000	0.000000	0.000000	0.759228	0.240772	0.000000	0.000000	0.000000	0.000000	0.000000	0.000000
78	tsk_78	(x)	1	:	0.000000	0.000000	0.000000	0.000000	0.621501	0.378499	0.000000	0.000000	0.000000	0.000000	0.000000	0.000000
79	tsk_79	(x)	1	:	0.000000	0.000000	0.000000	0.000000	0.758174	0.241826	0.000000	0.000000	0.000000	0.000000	0.000000	0.000000
80	tsk_80	(x)	1	:	0.000000	0.000000	0.000000	0.198738	0.195859	0.301636	0.000000	0.000000	0.000000	0.000000	0.000000	0.303767
81	tsk_81	(x)	1	:	0.000000	0.000000	0.000000	0.000000	0.124810	0.000325	0.000000	0.000000	0.000000	0.000000	0.207455	0.667410
82	tsk_82	(x)	1	:	0.000000	0.000000	0.000000	0.000000	0.000000	0.000000	0.455697	0.000000	0.000000	0.544303	0.000000	0.000000
83	tsk_83	(x)	1	:	0.000000	0.000000	0.000000	0.198368	0.356118	0.141752	0.000000	0.000000	0.000000	0.000000	0.000000	0.303762
84	tsk_84	(x)	1	:	0.000000	0.000000	0.000000	0.000000	0.699691	0.300309	0.000000	0.000000	0.000000	0.000000	0.000000	0.000000
85	tsk_85	(x)	1	:	0.000000	0.000000	0.000000	0.000000	0.000000	0.000000	0.494006	0.000000	0.000000	0.000000	0.505994	0.000000
86	tsk_86	(x)	1	:	0.000000	0.000000	0.000000	0.000000	0.334358	0.176934	0.000000	0.000000	0.000000	0.000000	0.488708	0.000000
87	tsk_87	(x)	1	:	0.000000	0.000000	0.000000	0.188399	0.083660	0.041805	0.000000	0.000000	0.000000	0.379828	0.000000	0.306308
88	tsk_88	(x)	1	:	0.000000	0.000000	0.000000	0.497830	0.053261	0.065982	0.000000	0.000000	0.000000	0.382927	0.000000	0.000000
89	tsk_89	(x)	1	:	0.000000	0.000000	0.000000	0.198608	0.251983	0.245645	0.000000	0.000000	0.000000	0.000000	0.000000	0.303765
90	tsk_90	(x)	1	:	0.000000	0.000000	0.000000	0.000000	0.302582	0.220306	0.477111	0.000000	0.000000	0.000000	0.000000	0.000000
91	tsk_91	(x)	1	:	0.000000	0.000000	0.000000	0.000082	0.001686	0.001665	0.479567	0.000000	0.000000	0.000000	0.000000	0.517001
92	tsk_92	(x)	1	:	0.000000	0.000000	0.000000	0.000000	0.000000	0.000000	1.000000	0.000000	0.000000	0.000000	0.000000	0.000000
93	tsk_93	(x)	1	:	0.000000	0.000000	0.000000	0.266088	0.247569	0.250068	0.000000	0.000000	0.000000	0.000000	0.000000	0.236275
94	tsk_94	(x)	1	:	0.000000	0.000000	0.000000	0.000000	0.278617	0.244253	0.477130	0.000000	0.000000	0.000000	0.000000	0.000000
95	tsk_95	(x)	1	:	0.000000	0.000000	0.000000	0.000000	0.412169	0.110804	0.477027	0.000000	0.000000	0.000000	0.000000	0.000000
96	tsk_96	(x)	1	:	0.000000	0.000000	0.000000	0.000000	0.400505	0.122459	0.477036	0.000000	0.000000	0.000000	0.000000	0.000000
97	tsk_97	(x)	1	:	0.000000	0.000000	0.000000	0.266183	0.010132	0.010229	0.477178	0.000000	0.000000	0.000000	0.000000	0.236277
98	tsk_98	(x)	1	:	0.000000	0.000000	0.000000	0.000000	0.408284	0.114686	0.477030	0.000000	0.000000	0.000000	0.000000	0.000000
99	tsk_99	(x)	1	:	0.000000	0.000000	0.000000	0.000777	0.268980	0.217671	0.000000	0.000000	0.000000	0.000000	0.000000	0.512573
100	tsk_100	(x)	1	:	0.000000	0.000000	0.000000	0.000000	0.701428	0.298572	0.000000	0.000000	0.000000	0.000000	0.000000	0.000000
101	tsk_101	(x)	1	:	0.383598	0.000000	0.000000	0.118507	0.268797	0.229098	0.000000	0.000000	0.000000	0.000000	0.000000	0.000000
102	tsk_102	(x)	1	:	0.000000	0.000000	0.000000	0.000000	0.000000	0.543863	0.000000	0.000000	0.000000	0.000000	0.456137	0.000000
103	tsk_103	(x)	1	:	0.000000	0.000000	0.000000	0.000000	0.706859	0.293141	0.000000	0.000000	0.000000	0.000000	0.000000	0.000000
104	tsk_104	(x)	1	:	1.000000	0.000000	0.000000	0.000000	0.000000	0.000000	0.000000	0.000000	0.000000	0.000000	0.000000	0.000000
105	tsk_105	(x)	1	:	0.291768	0.000000	0.000000	0.210104	0.005435	0.004070	0.000000	0.000000	0.000000	0.000000	0.488623	0.000000
106	tsk_106	(x)	1	:	0.000000	0.000000	0.000000	0.000000	0.172758	0.338428	0.000000	0.000000	0.000000	0.000000	0.488814	0.000000
107	tsk_107	(x)	1	:	0.000000	0.000000	0.000000	0.000000	0.451958	0.059410	0.000000	0.000000	0.000000	0.000000	0.488632	0.000000
108	tsk_108	(x)	1	:	0.383806	0.000000	0.000000	0.118204	0.260557	0.237432	0.000000	0.000000	0.000000	0.000000	0.000000	0.000000
109	tsk_109	(x)	1	:	0.000000	0.000000	0.000000	0.000000	0.296840	0.214428	0.000000	0.000000	0.000000	0.000000	0.488732	0.000000
110	tsk_110	(x)	1	:	0.000000	0.000000	0.000000	0.438325	0.000000	0.000000	0.561675	0.000000	0.000000	0.000000	0.000000	0.000000
111	tsk_111	(x)	1	:	1.000000	0.000000	0.000000	0.000000	0.000000	0.000000	0.000000	0.000000	0.000000	0.000000	0.000000	0.000000
112	tsk_112	(x)	1	:	0.000000	0.000000	0.000000	0.478093	0.000025	0.000007	0.000000	0.000000	0.000000	0.000000	0.521876	0.000000
113	tsk_113	(x)	1	:	0.000000	0.000000	0.000000	1.000000	0.000000	0.000000	0.000000	0.000000	0.000000	0.000000	0.000000	0.000000
114	tsk_114	(x)	1	:	0.000000	0.000000	0.000000	0.438325	0.000000	0.000000	0.561675	0.000000	0.000000	0.000000	0.000000	0.000000
115	tsk_115	(x)	1	:	0.000000	0.000000	0.000000	0.484640	0.000050	0.000151	0.515159	0.000000	0.000000	0.000000	0.000000	0.000000
116	tsk_116	(x)	1	:	0.000000	0.000000	0.000000	0.000000	0.254738	0.216932	0.000000	0.000000	0.000000	0.000000	0.528330	0.000000
117	tsk_117	(x)	1	:	0.383215	0.000000	0.000000	0.616785	0.000000	0.000000	0.000000	0.000000	0.000000	0.000000	0.000000	0.000000
118	tsk_118	(x)	1	:	0.528608	0.000000	0.000000	0.000017	0.000013	0.000020	0.471342	0.000000	0.000000	0.000000	0.000000	0.000000
119	tsk_119	(x)	1	:	0.000000	0.000000	0.000000	0.478075	0.000025	0.000029	0.000000	0.000000	0.000000	0.000000	0.521871	0.000000
120	tsk_120	(x)	1	:	0.000000	0.317750	0.000000	0.000000	0.143417	0.049994	0.000000	0.000000	0.000000	0.000000	0.488839	0.000000
121	tsk_121	(x)	1	:	0.000000	0.317986	0.000000	0.000000	0.110779	0.082341	0.000000	0.000000	0.000000	0.000000	0.488895	0.000000
122	tsk_122	(x)	1	:	0.000000	0.000000	0.504387	0.000000	0.295677	0.199936	0.000000	0.000000	0.000000	0.000000	0.000000	0.000000
123	tsk_123	(x)	1	:	0.000000	0.000000	0.000000	0.000000	0.000000	0.000000	0.000000	0.000000	0.000000	0.000000	1.000000	0.000000
124	tsk_124	(x)	1	:	0.000000	0.317416	0.000000	0.000000	0.419541	0.263043	0.000000	0.000000	0.000000	0.000000	0.000000	0.000000
125	tsk_125	(x)	1	:	0.000000	0.465018	0.000000	0.000000	0.000004	0.000000	0.534978	0.000000	0.000000	0.000000	0.000000	0.000000
126	tsk_126	(x)	1	:	0.000000	0.317615	0.000000	0.000000	0.165906	0.039277	0.477202	0.000000	0.000000	0.000000	0.000000	0.000000
127	tsk_127	(x)	1	:	0.000000	0.373230	0.000000	0.000000	0.071694	0.026557	0.000000	0.000000	0.000000	0.000000	0.528518	0.000000
128	tsk_128	(x)	1	:	0.000000	0.000000	0.000000	0.000000	0.000000	0.000000	1.000000	0.000000	0.000000	0.000000	0.000000	0.000000
129	tsk_129	(x)	1	:	0.000000	0.000000	0.000000	0.000000	0.045572	0.008656	0.000000	0.000000	0.458733	0.000000	0.487039	0.000000
130	tsk_130	(x)	1	:	0.000000	0.000000	0.000000	0.000000	0.000000	0.000000	0.000000	0.000000	0.000000	0.000000	1.000000	0.000000
131	tsk_131	(x)	1	:	0.000000	0.000000	0.000000	0.000000	0.000000	0.000000	0.494006	0.000000	0.000000	0.000000	0.505994	0.000000
132	tsk_132	(x)	1	:	0.000000	0.000000	0.000000	0.000000	0.382419	0.140532	0.477050	0.000000	0.000000	0.000000	0.000000	0.000000
133	tsk_133	(x)	1	:	0.000000	0.000000	0.000000	0.000000	0.000000	0.000000	0.494006	0.000000	0.000000	0.000000	0.505994	0.000000
134	tsk_134	(x)	1	:	0.000000	0.000000	0.000000	0.478071	0.000019	0.000040	0.000000	0.000000	0.000000	0.000000	0.521870	0.000000
135	tsk_135	(x)	1	:	0.000000	0.000000	0.000000	0.000000	0.357248	0.121949	0.520803	0.000000	0.000000	0.000000	0.000000	0.000000
136	tsk_136	(x)	1	:	0.000000	0.000000	0.000000	0.000000	0.000000	0.000000	0.000000	0.000000	0.000000	0.000000	1.000000	0.000000
137	tsk_137	(x)	1	:	0.000000	0.000000	0.000000	0.000000	0.345928	0.125802	0.000000	0.000000	0.000000	0.000000	0.528269	0.000000
138	tsk_138	(x)	1	:	0.000000	0.000000	0.000000	0.502353	0.012662	0.007849	0.477137	0.000000	0.000000	0.000000	0.000000	0.000000
139	tsk_139	(x)	1	:	0.000000	0.000000	0.000000	0.000000	0.000000	0.000000	0.462897	0.000000	0.000000	0.000000	0.537103	0.000000
140	tsk_140	(x)	1	:	0.000000	0.000000	0.000000	0.000000	0.676201	0.323799	0.000000	0.000000	0.000000	0.000000	0.000000	0.000000
141	tsk_141	(x)	1	:	0.383637	0.000000	0.000000	0.118592	0.208128	0.289644	0.000000	0.000000	0.000000	0.000000	0.000000	0.000000
142	tsk_142	(x)	1	:	0.000000	0.000000	0.000000	0.000000	0.000000	0.000000	0.000000	1.000000	0.000000	0.000000	0.000000	0.000000
143	tsk_143	(x)	1	:	0.000000	0.000000	0.000000	0.000000	0.355589	0.140180	0.000000	0.504230	0.000000	0.000000	0.000000	0.000000
144	tsk_144	(x)	1	:	0.383762	0.000000	0.000000	0.115445	0.000696	0.001102	0.000000	0.498995	0.000000	0.000000	0.000000	0.000000
145	tsk_145	(x)	1	:	0.000000	0.000000	0.501387	0.000000	0.000023	0.000008	0.000000	0.498582	0.000000	0.000000	0.000000	0.000000
146	tsk_146	(x)	1	:	0.000000	0.000000	0.501384	0.000000	0.000021	0.000017	0.000000	0.498577	0.000000	0.000000	0.000000	0.000000
147	tsk_147	(x)	1	:	0.000000	0.374012	0.000000	0.000000	0.100882	0.036071	0.000000	0.000000	0.000000	0.000000	0.489035	0.000000
148	tsk_148	(x)	1	:	0.000000	0.000000	0.000000	0.000000	0.000000	0.000000	0.000000	1.000000	0.000000	0.000000	0.000000	0.000000
149	tsk_149	(x)	1	:	0.000000	0.000000	0.000000	0.000000	0.289267	0.221996	0.000000	0.000000	0.000000	0.000000	0.488737	0.000000
