logL = -891.724248 (converged)
AIC = 7063.448496
BIC = 15011.525673

count.K
2 17 5 2 17 12 0 23 0 18 7 1 30 1 15 

