logL = -671.953225 (converged)
AIC = 4337.906450
BIC = 8844.827485

count.K
9 27 4 76 8 3 5 17 1 

