logL = -1000.899060 (converged)
AIC = 7911.798120
BIC = 16808.225414

count.K
12 20 1 6 0 6 6 3 16 19 14 15 18 5 9 

