logL = -528.796219 (converged)
AIC = 4397.592438
BIC = 9425.353379

count.K
12 43 2 1 1 0 19 45 10 17 

