logL = -1699.018689 (converged)
AIC = 6266.037378
BIC = 10583.288389

count.K
14 50 3 26 32 8 1 16 

