logL = -1523.696958 (converged)
AIC = 5787.393915
BIC = 9911.964268

count.K
25 19 8 20 23 29 16 10 

