logL = -967.479270 (converged)
AIC = 5930.958539
BIC = 11946.207857

count.K
5 2 12 15 6 4 2 5 91 1 6 1 

