logL = -1721.717301 (converged)
AIC = 8993.434603
BIC = 17347.947544

count.K
9 6 5 6 2 35 0 20 1 2 12 6 12 9 25 

