logL = -1198.768358 (converged)
AIC = 3937.536717
BIC = 6255.725893

count.K
18 42 57 9 24 

