logL = -1280.788452 (converged)
AIC = 6121.576904
BIC = 11480.507728

count.K
33 13 20 4 27 11 4 34 1 3 

