logL = -967.143377 (converged)
AIC = 3404.286754
BIC = 5617.103695

count.K
47 31 23 9 40 

