logL = -986.071421 (converged)
AIC = 6664.142842
BIC = 13727.093242

count.K
12 24 7 1 14 2 7 20 31 5 21 3 3 

