logL = -1757.760196 (converged)
AIC = 7751.520391
BIC = 14128.045944

count.K
3 10 30 11 13 11 1 26 2 21 15 7 

