logL = -852.060292 (converged)
AIC = 6924.120583
BIC = 14781.878701

count.K
13 11 25 7 9 2 3 2 18 9 0 3 41 4 3 

