logL = -1027.926113 (converged)
AIC = 5891.852226
BIC = 11666.250720

count.K
9 23 13 13 33 2 5 9 9 4 30 

