logL = -1254.424208 (converged)
AIC = 4048.848417
BIC = 6367.037593

count.K
3 45 1 47 54 

