logL = -789.530143 (converged)
AIC = 4999.060285
BIC = 10147.246638

count.K
20 23 5 2 11 6 3 24 46 10 

