logL = -1712.019885 (converged)
AIC = 5868.039770
BIC = 9547.036100

count.K
4 22 37 49 13 14 11 

