logL = -2044.437081 (converged)
AIC = 5848.874163
BIC = 8498.233222

count.K
13 16 57 16 48 

