logL = -1543.129588 (converged)
AIC = 6726.259177
BIC = 12205.615412

count.K
28 3 23 8 4 17 11 6 43 7 

