logL = -2562.176384 (converged)
AIC = 5600.352767
BIC = 6316.883967

count.K
79 71 

