logL = -932.840353 (converged)
AIC = 3037.680706
BIC = 4801.912989

count.K
51 44 46 9 

