logL = -951.161535 (converged)
AIC = 6114.323071
BIC = 12454.721000

count.K
17 26 4 18 1 3 22 2 39 12 0 6 

