0	tsk_0	(x)	1	:	0.000000	0.000000	0.000000	0.000000	0.000000	0.000000	0.000000	0.000000	0.000000	0.000000	1.000000	0.000000	0.000000	0.000000	0.000000
1	tsk_1	(x)	1	:	0.000000	0.482745	0.000000	0.000000	0.027021	0.000000	0.000000	0.000000	0.000000	0.056720	0.000000	0.000000	0.000000	0.065410	0.368103
2	tsk_2	(x)	1	:	0.000000	0.000000	0.000000	0.000000	0.002380	0.000000	0.499882	0.000000	0.000000	0.009179	0.481338	0.000000	0.000000	0.007221	0.000000
3	tsk_3	(x)	1	:	0.000000	0.481533	0.000000	0.000000	0.002322	0.000000	0.499400	0.000000	0.000000	0.008520	0.000000	0.000000	0.000000	0.008225	0.000000
4	tsk_4	(x)	1	:	0.000000	0.000000	0.000000	0.400542	0.037029	0.000000	0.499999	0.000000	0.000000	0.034244	0.000000	0.000000	0.000000	0.028186	0.000000
5	tsk_5	(x)	1	:	0.000000	0.000000	0.000000	0.400544	0.023617	0.000000	0.500000	0.000000	0.000000	0.038553	0.000000	0.000000	0.000000	0.037287	0.000000
6	tsk_6	(x)	1	:	0.000000	0.000000	0.000000	0.000000	0.000000	0.000000	1.000000	0.000000	0.000000	0.000000	0.000000	0.000000	0.000000	0.000000	0.000000
7	tsk_7	(x)	1	:	0.000000	0.000000	0.000000	0.000000	0.143360	0.000000	0.000000	0.000000	0.000000	0.064740	0.481577	0.000000	0.000000	0.310323	0.000000
8	tsk_8	(x)	1	:	0.000000	0.000000	0.000000	0.000000	0.025526	0.000000	0.500001	0.000000	0.000000	0.050947	0.000000	0.000000	0.000000	0.055424	0.368103
9	tsk_9	(x)	1	:	0.000000	0.000000	0.000000	0.000000	0.000000	0.000000	1.000000	0.000000	0.000000	0.000000	0.000000	0.000000	0.000000	0.000000	0.000000
10	tsk_10	(x)	1	:	0.000000	0.000000	0.000000	0.000000	0.195797	0.000000	0.003137	0.000000	0.000000	0.247085	0.000000	0.000000	0.309173	0.244808	0.000000
11	tsk_11	(x)	1	:	0.499755	0.000000	0.000000	0.000000	0.030236	0.000000	0.003069	0.000000	0.000000	0.031070	0.000000	0.000000	0.309126	0.126743	0.000000
12	tsk_12	(x)	1	:	0.000000	0.000000	0.000000	0.000000	0.000350	0.000000	0.687686	0.000000	0.000000	0.002842	0.000000	0.000000	0.309122	0.000000	0.000000
13	tsk_13	(x)	1	:	0.000000	0.000000	0.000000	0.000000	0.000000	0.000000	1.000000	0.000000	0.000000	0.000000	0.000000	0.000000	0.000000	0.000000	0.000000
14	tsk_14	(x)	1	:	0.000000	0.000000	0.000000	0.000000	0.205728	0.000000	0.000000	0.000000	0.000000	0.057906	0.481577	0.000000	0.000000	0.254789	0.000000
15	tsk_15	(x)	1	:	0.000000	0.000000	0.000000	0.000000	0.052151	0.000000	0.500000	0.000000	0.000000	0.201883	0.000000	0.000000	0.000000	0.245966	0.000000
16	tsk_16	(x)	1	:	0.000000	0.000000	0.000000	0.000000	0.000000	0.000000	1.000000	0.000000	0.000000	0.000000	0.000000	0.000000	0.000000	0.000000	0.000000
17	tsk_17	(x)	1	:	0.000000	0.000000	0.000000	0.000000	0.005737	0.479280	0.502020	0.000000	0.000000	0.006007	0.000000	0.000000	0.000000	0.006956	0.000000
18	tsk_18	(x)	1	:	0.000000	0.000000	0.000000	0.000000	0.000217	0.000000	0.687690	0.000000	0.000000	0.001626	0.000000	0.000000	0.309176	0.001291	0.000000
19	tsk_19	(x)	1	:	0.000000	0.000000	0.000000	0.000000	0.002934	0.479149	0.501967	0.000000	0.000000	0.008678	0.000000	0.000000	0.000000	0.007272	0.000000
20	tsk_20	(x)	1	:	0.000000	0.000000	0.000000	0.000000	0.221638	0.000000	0.000000	0.000000	0.000000	0.283350	0.000000	0.000000	0.000000	0.495012	0.000000
21	tsk_21	(x)	1	:	0.000000	0.000000	0.000000	0.000000	0.102856	0.000000	0.000000	0.000000	0.000000	0.077314	0.481577	0.000000	0.000000	0.338253	0.000000
22	tsk_22	(x)	1	:	0.000000	0.482742	0.000000	0.000000	0.117459	0.000000	0.000000	0.000000	0.000000	0.042647	0.000000	0.000000	0.000000	0.357152	0.000000
23	tsk_23	(x)	1	:	0.000000	0.000000	0.000000	0.000000	0.109001	0.000000	0.000000	0.000000	0.000000	0.316821	0.000000	0.000000	0.574178	0.000000	0.000000
24	tsk_24	(x)	1	:	0.000000	0.000000	0.000000	0.000000	0.398351	0.000000	0.000000	0.000000	0.000000	0.216995	0.000000	0.000000	0.000000	0.384653	0.000000
25	tsk_25	(x)	1	:	0.000000	0.000000	0.000000	0.000000	0.234067	0.000000	0.000000	0.000000	0.000000	0.165006	0.481577	0.000000	0.000000	0.119350	0.000000
26	tsk_26	(x)	1	:	0.000000	0.000000	0.000000	0.000000	0.062951	0.000000	0.000000	0.000000	0.000000	0.034467	0.481577	0.000000	0.000000	0.421006	0.000000
27	tsk_27	(x)	1	:	0.000000	0.000000	0.000000	0.000000	0.573417	0.000000	0.000000	0.000000	0.000000	0.000000	0.000000	0.000000	0.000000	0.426583	0.000000
28	tsk_28	(x)	1	:	0.000000	0.000000	0.000000	0.000000	0.041100	0.000000	0.000000	0.000000	0.000000	0.197425	0.000000	0.000000	0.000000	0.761475	0.000000
29	tsk_29	(x)	1	:	0.000000	0.000000	0.000000	0.000000	0.137281	0.474520	0.000000	0.000000	0.000000	0.148054	0.000000	0.000000	0.000000	0.240146	0.000000
30	tsk_30	(x)	1	:	0.000000	0.000000	0.000000	0.000000	0.004541	0.000000	0.499721	0.000000	0.000000	0.005393	0.481013	0.000000	0.000000	0.009332	0.000000
31	tsk_31	(x)	1	:	0.000000	0.000000	1.000000	0.000000	0.000000	0.000000	0.000000	0.000000	0.000000	0.000000	0.000000	0.000000	0.000000	0.000000	0.000000
32	tsk_32	(x)	1	:	0.000000	0.000000	0.539310	0.000000	0.000620	0.000000	0.000000	0.000000	0.000000	0.000008	0.460060	0.000000	0.000000	0.000003	0.000000
33	tsk_33	(x)	1	:	0.000000	0.000000	0.547819	0.000000	0.387775	0.000000	0.000000	0.000000	0.000000	0.008449	0.000000	0.000000	0.000000	0.055957	0.000000
34	tsk_34	(x)	1	:	0.000000	0.000000	0.000000	0.000000	0.032363	0.000000	0.500097	0.000000	0.430849	0.036690	0.000000	0.000000	0.000000	0.000000	0.000000
35	tsk_35	(x)	1	:	0.000000	0.000000	0.547820	0.000000	0.452180	0.000000	0.000000	0.000000	0.000000	0.000000	0.000000	0.000000	0.000000	0.000000	0.000000
36	tsk_36	(x)	1	:	0.000000	0.000000	0.000000	0.000000	0.000000	0.000000	0.000000	0.000000	0.000000	0.000000	1.000000	0.000000	0.000000	0.000000	0.000000
37	tsk_37	(x)	1	:	0.000000	0.000000	0.000000	0.000000	0.032779	0.000000	0.500001	0.000000	0.000000	0.056008	0.000000	0.000000	0.000000	0.043108	0.368103
38	tsk_38	(x)	1	:	0.000000	0.000000	0.000000	0.000000	0.279478	0.000000	0.500000	0.000000	0.000000	0.000000	0.000000	0.000000	0.000000	0.220521	0.000000
39	tsk_39	(x)	1	:	0.000000	0.000000	0.000000	0.000000	0.185643	0.000000	0.000000	0.000000	0.000000	0.150718	0.000000	0.000000	0.000000	0.295538	0.368102
40	tsk_40	(x)	1	:	0.000000	0.000000	0.000000	0.000000	0.000000	0.000000	0.498838	0.501136	0.000026	0.000000	0.000000	0.000000	0.000000	0.000000	0.000000
41	tsk_41	(x)	1	:	0.000000	0.000000	0.000000	0.000000	0.000000	0.000000	0.000000	0.507659	0.000078	0.000000	0.492263	0.000000	0.000000	0.000000	0.000000
42	tsk_42	(x)	1	:	0.000000	0.000000	0.000000	0.000000	0.160662	0.474520	0.000000	0.000000	0.000000	0.160355	0.000000	0.000000	0.000000	0.204463	0.000000
43	tsk_43	(x)	1	:	0.000000	0.000000	0.000000	0.000000	0.000000	0.000000	0.000000	0.000000	0.000000	0.000000	1.000000	0.000000	0.000000	0.000000	0.000000
44	tsk_44	(x)	1	:	0.000000	0.000000	0.000000	0.000000	0.000000	0.000000	0.000000	0.000000	0.000000	0.000000	1.000000	0.000000	0.000000	0.000000	0.000000
45	tsk_45	(x)	1	:	0.000000	0.000000	0.000000	0.470336	0.005527	0.000000	0.500001	0.000000	0.000000	0.003381	0.000000	0.000000	0.000000	0.020756	0.000000
46	tsk_46	(x)	1	:	0.000000	0.000000	0.000000	0.000000	0.004525	0.478955	0.501888	0.000000	0.000000	0.008398	0.000000	0.000000	0.000000	0.006234	0.000000
47	tsk_47	(x)	1	:	0.000000	0.000000	0.000000	0.000000	0.210696	0.000000	0.000000	0.000000	0.000000	0.023014	0.481577	0.000000	0.000000	0.284713	0.000000
48	tsk_48	(x)	1	:	0.000000	0.000000	0.000000	0.000000	0.365854	0.000000	0.000000	0.000000	0.000000	0.152569	0.481577	0.000000	0.000000	0.000000	0.000000
49	tsk_49	(x)	1	:	0.000000	0.000000	0.000000	0.000000	0.000000	0.000000	0.000000	0.000000	0.000000	0.000000	1.000000	0.000000	0.000000	0.000000	0.000000
50	tsk_50	(x)	1	:	0.000000	0.000000	0.000000	0.000000	0.053750	0.000000	0.000000	0.000000	0.000000	0.169748	0.000000	0.000000	0.574178	0.202324	0.000000
51	tsk_51	(x)	1	:	0.000000	0.000000	0.000000	0.000000	0.023155	0.000000	0.500048	0.000000	0.430751	0.016479	0.000000	0.000000	0.000000	0.029567	0.000000
52	tsk_52	(x)	1	:	0.000000	0.000000	0.000000	0.000000	0.023544	0.000000	0.000000	0.000000	0.000000	0.183811	0.000000	0.000000	0.574178	0.218467	0.000000
53	tsk_53	(x)	1	:	0.000000	0.000000	0.000000	0.400543	0.314636	0.000000	0.000000	0.000000	0.000000	0.078956	0.000000	0.000000	0.000000	0.205865	0.000000
54	tsk_54	(x)	1	:	0.000000	0.000000	0.000000	0.000000	0.081596	0.000000	0.000000	0.000000	0.000000	0.206344	0.000000	0.000000	0.574178	0.137882	0.000000
55	tsk_55	(x)	1	:	0.000000	0.000000	0.000000	0.000000	0.239102	0.000000	0.000000	0.000000	0.625751	0.109213	0.000000	0.000000	0.000000	0.025933	0.000000
56	tsk_56	(x)	1	:	0.000000	0.000000	0.000000	0.000000	0.172038	0.000000	0.000000	0.000000	0.000000	0.243742	0.000000	0.000000	0.000000	0.584220	0.000000
57	tsk_57	(x)	1	:	0.000000	0.000000	0.000000	0.000000	0.036384	0.000000	0.500000	0.000000	0.000000	0.082161	0.000000	0.000000	0.000000	0.381455	0.000000
58	tsk_58	(x)	1	:	0.000000	0.000000	0.000000	0.000000	0.044083	0.000000	0.500000	0.000000	0.000000	0.000000	0.000000	0.000000	0.000000	0.455917	0.000000
59	tsk_59	(x)	1	:	0.000000	0.000000	0.000000	0.000000	0.064039	0.000000	0.000000	0.000000	0.000000	0.493525	0.000000	0.000000	0.000000	0.442436	0.000000
60	tsk_60	(x)	1	:	0.000000	0.482757	0.000000	0.400557	0.052639	0.000000	0.000000	0.000000	0.000000	0.013548	0.000000	0.000000	0.000000	0.050500	0.000000
61	tsk_61	(x)	1	:	0.000000	0.661443	0.000000	0.000000	0.134515	0.000000	0.000000	0.000000	0.000000	0.026347	0.000000	0.000000	0.000000	0.177694	0.000000
62	tsk_62	(x)	1	:	0.000000	0.000000	0.000000	0.725321	0.023175	0.000000	0.000000	0.000000	0.000000	0.043459	0.000000	0.000000	0.000000	0.208044	0.000000
63	tsk_63	(x)	1	:	0.000000	0.000000	0.000000	0.000000	0.140118	0.000000	0.500000	0.000000	0.000000	0.219900	0.000000	0.000000	0.000000	0.139983	0.000000
64	tsk_64	(x)	1	:	0.000000	1.000000	0.000000	0.000000	0.000000	0.000000	0.000000	0.000000	0.000000	0.000000	0.000000	0.000000	0.000000	0.000000	0.000000
65	tsk_65	(x)	1	:	0.000000	0.481795	0.000000	0.000000	0.003401	0.000000	0.499529	0.000000	0.000000	0.004514	0.000000	0.000000	0.000000	0.010761	0.000000
66	tsk_66	(x)	1	:	0.000000	0.482141	0.000000	0.000000	0.000947	0.000000	0.499701	0.000000	0.000000	0.008659	0.000000	0.000000	0.000000	0.008552	0.000000
67	tsk_67	(x)	1	:	0.000000	0.000000	0.000000	0.000000	0.000000	0.000000	0.442655	0.000000	0.557344	0.000000	0.000000	0.000000	0.000000	0.000000	0.000000
68	tsk_68	(x)	1	:	0.000000	0.000000	0.000000	0.000000	0.130585	0.000000	0.500000	0.000000	0.000000	0.369415	0.000000	0.000000	0.000000	0.000000	0.000000
69	tsk_69	(x)	1	:	0.000000	0.483633	0.000000	0.000000	0.006341	0.000000	0.000000	0.000000	0.000000	0.015749	0.482467	0.000000	0.000000	0.011810	0.000000
70	tsk_70	(x)	1	:	0.000000	0.000000	0.000000	0.000000	0.043634	0.000000	0.500000	0.000000	0.000000	0.094304	0.000000	0.000000	0.000000	0.362062	0.000000
71	tsk_71	(x)	1	:	0.000000	0.000000	0.000000	0.000000	0.001280	0.479406	0.502071	0.000000	0.000000	0.010913	0.000000	0.000000	0.000000	0.006330	0.000000
72	tsk_72	(x)	1	:	0.000000	0.000000	0.000000	0.000000	0.079487	0.000000	0.000000	0.000000	0.430667	0.120766	0.000000	0.000000	0.000000	0.369080	0.000000
73	tsk_73	(x)	1	:	0.000000	0.000000	0.000000	0.000000	0.000000	0.000000	0.000000	0.000000	0.000000	0.000001	0.000000	0.999998	0.000000	0.000001	0.000000
74	tsk_74	(x)	1	:	0.000000	0.000000	0.000000	0.000000	0.000000	0.000000	0.500000	0.000000	0.000000	0.171478	0.000000	0.000000	0.000000	0.328522	0.000000
75	tsk_75	(x)	1	:	0.000000	0.000000	0.000000	0.000000	0.000000	0.000000	0.000000	0.000000	1.000000	0.000000	0.000000	0.000000	0.000000	0.000000	0.000000
76	tsk_76	(x)	1	:	0.000000	0.000000	0.000000	0.000000	0.000000	0.000000	1.000000	0.000000	0.000000	0.000000	0.000000	0.000000	0.000000	0.000000	0.000000
77	tsk_77	(x)	1	:	0.000000	0.000000	0.000000	0.000000	0.000000	0.000000	0.000000	0.000000	0.000000	0.000000	0.000000	0.999997	0.000000	0.000003	0.000000
78	tsk_78	(x)	1	:	0.000000	0.000000	0.000000	0.000000	0.000000	0.000000	1.000000	0.000000	0.000000	0.000000	0.000000	0.000000	0.000000	0.000000	0.000000
79	tsk_79	(x)	1	:	0.000000	0.000000	0.000000	0.000000	0.004199	0.478866	0.501852	0.000000	0.000000	0.011362	0.000000	0.000000	0.000000	0.003722	0.000000
80	tsk_80	(x)	1	:	0.000000	0.000000	0.000000	0.000000	0.000000	0.000000	0.000000	0.000000	0.000000	0.000000	0.000000	0.000000	0.000000	0.000000	1.000000
81	tsk_81	(x)	1	:	0.000000	0.000000	0.000000	0.000000	0.068111	0.000000	0.000000	0.000000	0.000000	0.050083	0.000000	0.000000	0.000000	0.164563	0.717242
82	tsk_82	(x)	1	:	0.000000	0.000000	0.000000	0.000000	0.000000	0.000000	0.000000	0.000000	0.000000	0.000000	0.000000	0.000000	0.000000	0.000000	1.000000
83	tsk_83	(x)	1	:	0.000000	0.000000	0.000000	0.000000	0.054449	0.000000	0.000000	0.000000	0.000000	0.185628	0.000000	0.000000	0.000000	0.391821	0.368102
84	tsk_84	(x)	1	:	0.000000	0.000000	0.000000	0.000000	0.230071	0.000000	0.000000	0.000000	0.000000	0.121987	0.000000	0.000000	0.000000	0.279840	0.368102
85	tsk_85	(x)	1	:	0.000000	0.000000	0.000000	0.000000	0.076883	0.000000	0.000000	0.000000	0.000000	0.112780	0.000000	0.000000	0.574178	0.236159	0.000000
86	tsk_86	(x)	1	:	0.000000	0.000000	0.000000	0.000000	0.202253	0.474520	0.000000	0.000000	0.000000	0.105542	0.000000	0.000000	0.000000	0.217686	0.000000
87	tsk_87	(x)	1	:	0.000000	0.000000	0.000000	0.000000	0.003433	0.367426	0.000000	0.000000	0.000000	0.009367	0.000000	0.000000	0.000000	0.012665	0.607109
88	tsk_88	(x)	1	:	0.000000	0.482742	0.000000	0.000000	0.055368	0.000000	0.000000	0.000000	0.000000	0.461890	0.000000	0.000000	0.000000	0.000000	0.000000
89	tsk_89	(x)	1	:	0.000000	0.000000	0.000000	0.000000	0.000000	0.000000	0.000000	0.000000	0.000000	0.000000	0.000000	0.000000	0.000000	0.000000	1.000000
90	tsk_90	(x)	1	:	0.000000	0.000000	0.000000	0.000000	0.157944	0.000000	0.000000	0.000000	0.000000	0.148852	0.000000	0.000000	0.574178	0.119025	0.000000
91	tsk_91	(x)	1	:	0.000000	0.000000	0.501421	0.000000	0.000000	0.000000	0.000000	0.000000	0.000000	0.000000	0.000000	0.000000	0.498579	0.000000	0.000000
92	tsk_92	(x)	1	:	0.500000	0.000000	0.000000	0.000000	0.039973	0.000000	0.000000	0.000000	0.000000	0.035994	0.000000	0.000000	0.000000	0.424033	0.000000
93	tsk_93	(x)	1	:	0.454467	0.000000	0.000000	0.000000	0.000001	0.000000	0.000000	0.000000	0.000000	0.000017	0.000000	0.000000	0.545511	0.000004	0.000000
94	tsk_94	(x)	1	:	0.000000	0.000000	0.000000	0.000000	0.072077	0.000000	0.000000	0.000000	0.000000	0.273549	0.000000	0.000000	0.574178	0.080196	0.000000
95	tsk_95	(x)	1	:	0.000000	0.000000	0.000000	0.000000	0.000000	0.000000	0.000000	0.000000	0.000000	0.000000	0.000000	0.000000	1.000000	0.000000	0.000000
96	tsk_96	(x)	1	:	1.000000	0.000000	0.000000	0.000000	0.000000	0.000000	0.000000	0.000000	0.000000	0.000000	0.000000	0.000000	0.000000	0.000000	0.000000
97	tsk_97	(x)	1	:	0.454466	0.000000	0.000000	0.000000	0.000002	0.000000	0.000000	0.000000	0.000000	0.000008	0.000000	0.000000	0.545511	0.000013	0.000000
98	tsk_98	(x)	1	:	0.000000	0.000000	0.501421	0.000000	0.000000	0.000000	0.000000	0.000000	0.000000	0.000000	0.000000	0.000000	0.498579	0.000000	0.000000
99	tsk_99	(x)	1	:	0.000000	0.000000	0.000000	0.000000	0.000079	0.442415	0.000000	0.000000	0.000000	0.000082	0.000000	0.000000	0.557204	0.000220	0.000000
100	tsk_100	(x)	1	:	0.000000	0.000000	0.000000	0.000000	0.129710	0.000000	0.000000	0.000000	0.430667	0.104161	0.000000	0.000000	0.000000	0.335462	0.000000
101	tsk_101	(x)	1	:	0.000000	0.000000	0.000000	0.000000	0.247793	0.000000	0.000000	0.000000	0.000000	0.057824	0.000000	0.000000	0.000000	0.694382	0.000000
102	tsk_102	(x)	1	:	0.000000	0.000000	0.000000	0.000000	0.288658	0.000000	0.000000	0.000000	0.000000	0.165727	0.481577	0.000000	0.000000	0.064039	0.000000
103	tsk_103	(x)	1	:	0.000000	0.000000	0.000000	0.000000	0.000000	0.000000	0.000000	0.000000	0.000000	0.000000	1.000000	0.000000	0.000000	0.000000	0.000000
104	tsk_104	(x)	1	:	0.000000	0.000000	0.000000	0.000000	0.141148	0.000000	0.000000	0.000000	0.000000	0.066022	0.000000	0.000000	0.000000	0.792829	0.000000
105	tsk_105	(x)	1	:	0.000000	0.000000	0.000000	0.000000	0.120599	0.000000	0.000000	0.000000	0.000000	0.075960	0.481577	0.000000	0.000000	0.321865	0.000000
106	tsk_106	(x)	1	:	0.000000	0.000000	0.000000	0.000000	0.489941	0.000000	0.000000	0.000000	0.000000	0.197816	0.000000	0.000000	0.000000	0.312243	0.000000
107	tsk_107	(x)	1	:	0.000000	0.000000	0.000000	0.000000	0.307421	0.000000	0.000000	0.000000	0.000000	0.000000	0.000000	0.000000	0.000000	0.692578	0.000000
108	tsk_108	(x)	1	:	0.000000	0.000000	0.000000	0.000000	0.349083	0.000000	0.000000	0.000000	0.000000	0.650917	0.000000	0.000000	0.000000	0.000000	0.000000
109	tsk_109	(x)	1	:	0.000000	0.000000	0.000000	0.000000	0.093345	0.000000	0.000000	0.000000	0.000000	0.269272	0.000000	0.000000	0.000000	0.637383	0.000000
110	tsk_110	(x)	1	:	0.000000	0.482760	0.000000	0.400559	0.070205	0.000000	0.000000	0.000000	0.000000	0.000570	0.000000	0.000000	0.000000	0.045907	0.000000
111	tsk_111	(x)	1	:	0.000000	0.000000	0.000000	0.400541	0.026083	0.000000	0.499998	0.000000	0.000000	0.043197	0.000000	0.000000	0.000000	0.030180	0.000000
112	tsk_112	(x)	1	:	0.000000	0.000000	0.000000	0.000000	0.068365	0.000000	0.500000	0.000000	0.000000	0.289810	0.000000	0.000000	0.000000	0.141825	0.000000
113	tsk_113	(x)	1	:	0.000000	0.482742	0.000000	0.000000	0.161770	0.000000	0.000000	0.000000	0.000000	0.114847	0.000000	0.000000	0.000000	0.240641	0.000000
114	tsk_114	(x)	1	:	0.000000	0.000000	0.000000	0.000000	0.187426	0.000000	0.000000	0.000000	0.000000	0.177248	0.000000	0.000000	0.000000	0.635325	0.000000
115	tsk_115	(x)	1	:	0.000000	0.000000	1.000000	0.000000	0.000000	0.000000	0.000000	0.000000	0.000000	0.000000	0.000000	0.000000	0.000000	0.000000	0.000000
116	tsk_116	(x)	1	:	0.000000	1.000000	0.000000	0.000000	0.000000	0.000000	0.000000	0.000000	0.000000	0.000000	0.000000	0.000000	0.000000	0.000000	0.000000
117	tsk_117	(x)	1	:	0.000000	0.000000	0.000000	0.543411	0.000000	0.000000	0.456589	0.000000	0.000000	0.000000	0.000000	0.000000	0.000000	0.000000	0.000000
118	tsk_118	(x)	1	:	0.000000	0.000000	0.000000	0.000000	0.047960	0.000000	0.500000	0.000000	0.000000	0.255607	0.000000	0.000000	0.000000	0.196433	0.000000
119	tsk_119	(x)	1	:	0.000000	0.000000	0.000000	0.000000	0.259047	0.000000	0.000000	0.000000	0.000000	0.304899	0.000000	0.000000	0.000000	0.436054	0.000000
120	tsk_120	(x)	1	:	0.000000	0.000000	0.000000	0.000000	0.173697	0.000000	0.500000	0.000000	0.000000	0.276298	0.000000	0.000000	0.000000	0.050004	0.000000
121	tsk_121	(x)	1	:	0.000000	0.000000	0.000000	0.426028	0.000000	0.000000	0.000000	0.000000	0.573972	0.000000	0.000000	0.000000	0.000000	0.000000	0.000000
122	tsk_122	(x)	1	:	0.000000	0.000000	0.000000	0.000000	0.054049	0.364936	0.000000	0.000000	0.000000	0.088511	0.000000	0.000000	0.000000	0.492505	0.000000
123	tsk_123	(x)	1	:	0.000000	0.000000	0.000000	0.000000	0.086360	0.364936	0.000000	0.000000	0.000000	0.351970	0.000000	0.000000	0.000000	0.196734	0.000000
124	tsk_124	(x)	1	:	0.000000	0.000000	0.000000	0.000000	0.074388	0.000000	0.000000	0.000000	0.635547	0.081803	0.000000	0.000000	0.000000	0.208261	0.000000
125	tsk_125	(x)	1	:	0.000000	0.000000	0.000000	0.000000	0.085203	0.364936	0.000000	0.000000	0.000000	0.291176	0.000000	0.000000	0.000000	0.258686	0.000000
126	tsk_126	(x)	1	:	0.000000	0.000000	0.000000	0.000000	0.165369	0.000000	0.000000	0.000000	0.000000	0.063144	0.481577	0.000000	0.000000	0.289911	0.000000
127	tsk_127	(x)	1	:	0.000000	0.000000	0.000000	0.000000	0.155159	0.000000	0.000000	0.000000	0.000000	0.146590	0.000000	0.000000	0.000000	0.698250	0.000000
128	tsk_128	(x)	1	:	0.000000	0.000000	0.000000	0.000000	0.250660	0.000000	0.000000	0.000000	0.000000	0.470854	0.000000	0.000000	0.000000	0.278486	0.000000
129	tsk_129	(x)	1	:	0.000000	0.000000	0.000000	0.000000	0.215673	0.000000	0.000000	0.000000	0.000000	0.303919	0.000000	0.000000	0.000000	0.480408	0.000000
130	tsk_130	(x)	1	:	0.000000	0.000000	0.000000	0.000000	0.054260	0.000000	0.003061	0.000000	0.430513	0.085995	0.000000	0.000000	0.309184	0.116985	0.000000
131	tsk_131	(x)	1	:	0.000000	0.000000	0.000000	0.000000	0.000000	0.000000	0.000000	0.000000	1.000000	0.000000	0.000000	0.000000	0.000000	0.000000	0.000000
132	tsk_132	(x)	1	:	0.000000	0.000000	0.000000	0.000000	0.052663	0.000000	0.002982	0.000000	0.430513	0.098193	0.000000	0.000000	0.309259	0.106390	0.000000
133	tsk_133	(x)	1	:	0.000000	0.000000	0.000000	0.000000	0.088776	0.000000	0.003136	0.000000	0.430513	0.098648	0.000000	0.000000	0.309114	0.069812	0.000000
134	tsk_134	(x)	1	:	0.000000	0.000000	0.000000	0.000000	0.000445	0.000000	0.687689	0.000000	0.000000	0.001537	0.000000	0.000000	0.309167	0.001161	0.000000
135	tsk_135	(x)	1	:	0.000000	0.000000	0.000000	0.000000	0.134405	0.000000	0.000000	0.000000	0.000000	0.067096	0.000000	0.000000	0.000000	0.193572	0.604926
136	tsk_136	(x)	1	:	0.000000	0.000000	0.000000	0.000000	0.026931	0.000000	0.500051	0.000000	0.430756	0.018825	0.000000	0.000000	0.000000	0.023438	0.000000
137	tsk_137	(x)	1	:	0.000000	0.000000	0.000000	0.000000	0.043614	0.000000	0.182405	0.000000	0.000000	0.096590	0.000000	0.000000	0.635190	0.042201	0.000000
138	tsk_138	(x)	1	:	0.000000	0.000000	0.000000	0.000000	0.045893	0.000000	0.003189	0.000000	0.430513	0.103453	0.000000	0.000000	0.309065	0.107886	0.000000
139	tsk_139	(x)	1	:	0.000000	0.000000	0.000000	0.000000	0.000000	0.000000	0.000000	0.000000	1.000000	0.000000	0.000000	0.000000	0.000000	0.000000	0.000000
140	tsk_140	(x)	1	:	0.000000	0.000000	0.000000	1.000000	0.000000	0.000000	0.000000	0.000000	0.000000	0.000000	0.000000	0.000000	0.000000	0.000000	0.000000
141	tsk_141	(x)	1	:	0.000000	0.000000	0.000000	0.397326	0.015421	0.000000	0.000000	0.000000	0.000000	0.006692	0.000000	0.000000	0.571960	0.008601	0.000000
142	tsk_142	(x)	1	:	0.000000	0.000000	0.000000	0.366899	0.000003	0.000000	0.000000	0.000000	0.000000	0.000002	0.633090	0.000000	0.000000	0.000006	0.000000
143	tsk_143	(x)	1	:	0.000000	0.000000	0.000000	0.000000	0.083373	0.474520	0.000000	0.000000	0.000000	0.166119	0.000000	0.000000	0.000000	0.275988	0.000000
144	tsk_144	(x)	1	:	0.000000	0.000000	0.000000	0.000000	0.238478	0.000000	0.000000	0.000000	0.000000	0.224884	0.000000	0.000000	0.000000	0.536638	0.000000
145	tsk_145	(x)	1	:	0.000000	0.000000	0.000000	1.000000	0.000000	0.000000	0.000000	0.000000	0.000000	0.000000	0.000000	0.000000	0.000000	0.000000	0.000000
146	tsk_146	(x)	1	:	0.000000	0.000000	0.000000	0.400543	0.188771	0.000000	0.000000	0.000000	0.000000	0.116327	0.000000	0.000000	0.000000	0.294359	0.000000
147	tsk_147	(x)	1	:	0.000000	0.000000	0.000000	0.400543	0.285878	0.000000	0.000000	0.000000	0.000000	0.000000	0.000000	0.000000	0.000000	0.313579	0.000000
148	tsk_148	(x)	1	:	0.000000	0.000000	0.000000	0.400543	0.195448	0.000000	0.000000	0.000000	0.000000	0.083371	0.000000	0.000000	0.000000	0.320638	0.000000
149	tsk_149	(x)	1	:	0.000000	0.000000	0.000000	0.400419	0.126591	0.000000	0.003215	0.000000	0.000000	0.094880	0.000000	0.000000	0.309049	0.065846	0.000000
