logL = -1596.113614 (converged)
AIC = 4732.227228
BIC = 7050.416405

count.K
9 57 28 49 7 

