logL = -765.693898 (converged)
AIC = 3427.387795
BIC = 6281.470054

count.K
45 8 73 3 16 5 

