logL = -857.569413 (converged)
AIC = 5397.138827
BIC = 10939.718403

count.K
25 6 2 59 6 2 14 5 27 3 1 

