logL = -1192.680122 (converged)
AIC = 3147.360243
BIC = 4294.412290

count.K
9 40 101 

