logL = -1734.248234 (converged)
AIC = 4314.496468
BIC = 5587.995198

count.K
35 44 71 

