logL = -1551.093764 (converged)
AIC = 6132.187527
BIC = 10693.299998

count.K
27 0 19 10 57 0 2 15 20 

