logL = -867.326520 (converged)
AIC = 4474.653040
BIC = 8599.223393

count.K
18 6 48 13 17 2 32 14 

