logL = -931.771083 (converged)
AIC = 4857.542166
BIC = 9364.463202

count.K
13 16 9 11 26 14 16 28 17 

