logL = -1098.906174 (converged)
AIC = 2977.812348
BIC = 4151.960113

count.K
21 27 102 

