logL = -1589.190339 (converged)
AIC = 7438.380678
BIC = 13851.033854

count.K
24 6 4 3 2 10 1 3 8 25 11 53 

