logL = -1132.529835 (converged)
AIC = 4499.059671
BIC = 7861.939294

count.K
26 38 28 20 4 13 21 

