logL = -1212.889903 (converged)
AIC = 5545.779806
BIC = 10242.370865

count.K
15 12 12 3 14 19 45 23 7 

