logL = -434.395190 (converged)
AIC = 4864.790380
BIC = 10880.039697

count.K
15 24 6 16 14 9 1 22 5 16 7 15 

