logL = -1030.591964 (converged)
AIC = 5521.183929
BIC = 10729.582987

count.K
2 1 31 25 6 2 25 19 18 21 

