logL = -1402.921636 (converged)
AIC = 4395.843273
BIC = 6789.298332

count.K
17 31 51 26 25 

