logL = -1047.695362 (converged)
AIC = 4039.390724
BIC = 6965.728230

count.K
17 47 23 14 27 22 

