logL = -2652.794175 (converged)
AIC = 8839.588349
BIC = 14159.380914

count.K
3 5 42 6 29 7 6 9 43 

