logL = -1368.987559 (converged)
AIC = 4693.975118
BIC = 7638.376436

count.K
12 47 12 42 23 14 

