logL = -1367.017866 (converged)
AIC = 5136.035731
BIC = 8751.808719

count.K
7 9 17 12 46 26 33 

