logL = -1207.636567 (converged)
AIC = 6339.273133
BIC = 12246.139580

count.K
0 16 7 3 11 10 25 39 9 17 13 

