logL = -1532.147632 (converged)
AIC = 5056.295263
BIC = 8054.888016

count.K
16 11 6 29 76 12 

