logL = -2527.653191 (converged)
AIC = 10293.306383
BIC = 18178.160218

count.K
6 3 12 42 8 10 1 8 14 11 2 32 1 

