logL = -1661.033993 (converged)
AIC = 5302.067985
BIC = 8282.596927

count.K
30 4 8 17 43 48 

