logL = -1360.114156 (converged)
AIC = 7646.228313
BIC = 15061.423042

count.K
11 1 8 23 11 1 10 3 16 15 12 15 24 

