logL = -2135.825705 (converged)
AIC = 7871.651410
BIC = 13290.794939

count.K
12 11 4 10 16 4 24 3 33 33 

