logL = -1936.742604 (converged)
AIC = 4325.485208
BIC = 5005.888784

count.K
71 79 

