logL = -1716.580736 (converged)
AIC = 4653.161471
BIC = 6489.649000

count.K
43 58 23 26 

