logL = -1197.994066 (converged)
AIC = 2831.988132
BIC = 3488.306626

count.K
66 84 

