logL = -1404.006732 (converged)
AIC = 7092.013463
BIC = 13540.794263

count.K
30 0 1 55 1 3 5 11 3 6 26 9 

