logL = -1334.588584 (converged)
AIC = 4987.177168
BIC = 8476.503474

count.K
13 31 35 30 6 14 21 

