logL = -2275.533448 (converged)
AIC = 9935.066897
BIC = 18039.697109

count.K
15 14 23 4 6 4 22 21 7 1 2 2 21 8 

