logL = -852.116105 (converged)
AIC = 5452.232211
BIC = 11094.162752

count.K
7 12 17 9 12 41 3 0 31 17 1 

