logL = -1766.971940 (converged)
AIC = 8033.943880
BIC = 14807.873291

count.K
33 6 9 12 3 16 12 4 35 2 11 7 

