logL = -1067.789967 (converged)
AIC = 4211.579935
BIC = 7336.619370

count.K
25 19 20 17 63 6 

