logL = -1646.640883 (converged)
AIC = 4893.281766
BIC = 7301.790002

count.K
22 24 22 23 59 

