logL = -1773.743971 (converged)
AIC = 6399.487942
BIC = 10692.653872

count.K
19 14 35 16 2 31 16 17 

