logL = -1811.446947 (converged)
AIC = 9322.893893
BIC = 17903.204481

count.K
11 1 0 41 0 27 1 8 14 10 9 6 17 4 1 

