logL = -500.877370 (converged)
AIC = 2053.754741
BIC = 3637.348906

count.K
62 3 61 24 

