logL = -1312.816601 (converged)
AIC = 3411.633201
BIC = 4594.812872

count.K
50 83 17 

