logL = -754.518201 (converged)
AIC = 6389.036402
BIC = 13734.986519

count.K
19 9 4 4 28 1 12 15 5 2 10 12 15 14 

