logL = -1026.650857 (converged)
AIC = 4665.301715
BIC = 8597.191409

count.K
11 12 24 39 10 23 18 13 

