logL = -1606.665806 (converged)
AIC = 3649.331612
BIC = 4305.650106

count.K
118 32 

