0	tsk_0	(x)	1	:	0.471879	0.000000	0.000000	0.000000	0.000000	0.000000	0.000000	0.528121	0.000000	0.000000	0.000000	0.000000	0.000000
1	tsk_1	(x)	1	:	0.006394	0.418915	0.000000	0.000000	0.496386	0.000000	0.000000	0.078305	0.000000	0.000000	0.000000	0.000000	0.000000
2	tsk_2	(x)	1	:	0.335863	0.000000	0.000000	0.000000	0.000000	0.000000	0.000000	0.162882	0.000000	0.000000	0.334613	0.166643	0.000000
3	tsk_3	(x)	1	:	0.000031	0.000000	0.000000	0.000000	0.484342	0.000000	0.000000	0.000000	0.515627	0.000000	0.000000	0.000000	0.000000
4	tsk_4	(x)	1	:	0.000032	0.000000	0.000000	0.000000	0.489804	0.007171	0.000000	0.015868	0.000000	0.000000	0.480832	0.006295	0.000000
5	tsk_5	(x)	1	:	0.095261	0.418894	0.406799	0.000000	0.000000	0.000598	0.000000	0.078448	0.000000	0.000000	0.000000	0.000000	0.000000
6	tsk_6	(x)	1	:	0.028155	0.418749	0.000000	0.474485	0.000000	0.000000	0.000000	0.078610	0.000000	0.000000	0.000000	0.000000	0.000000
7	tsk_7	(x)	1	:	0.000160	0.000000	0.000000	0.451624	0.000000	0.043601	0.000000	0.045951	0.000000	0.000000	0.450668	0.007996	0.000000
8	tsk_8	(x)	1	:	0.000000	1.000000	0.000000	0.000000	0.000000	0.000000	0.000000	0.000000	0.000000	0.000000	0.000000	0.000000	0.000000
9	tsk_9	(x)	1	:	0.006114	0.418891	0.000000	0.000000	0.496571	0.000000	0.000000	0.078424	0.000000	0.000000	0.000000	0.000000	0.000000
10	tsk_10	(x)	1	:	0.000755	0.000000	0.000000	0.000000	0.490140	0.008501	0.000000	0.013048	0.000000	0.000000	0.483942	0.003613	0.000000
11	tsk_11	(x)	1	:	0.000420	0.000000	0.000000	0.451784	0.000000	0.043392	0.000000	0.045292	0.000000	0.000000	0.451327	0.007785	0.000000
12	tsk_12	(x)	1	:	0.000132	0.000000	0.000000	0.000000	0.490441	0.006498	0.000000	0.014590	0.000000	0.000000	0.482196	0.006143	0.000000
13	tsk_13	(x)	1	:	0.040227	0.000000	0.000000	0.000000	0.000000	0.000000	0.377385	0.080793	0.000000	0.000000	0.416766	0.084828	0.000000
14	tsk_14	(x)	1	:	0.000000	0.000000	0.000000	0.000000	0.000000	0.000000	0.000000	0.000000	0.000000	0.000000	1.000000	0.000000	0.000000
15	tsk_15	(x)	1	:	0.000000	0.000000	0.000000	0.477804	0.522196	0.000000	0.000000	0.000000	0.000000	0.000000	0.000000	0.000000	0.000000
16	tsk_16	(x)	1	:	0.525523	0.000000	0.000000	0.474477	0.000000	0.000000	0.000000	0.000000	0.000000	0.000000	0.000000	0.000000	0.000000
17	tsk_17	(x)	1	:	0.000000	0.000000	0.318146	0.360431	0.000000	0.321423	0.000000	0.000000	0.000000	0.000000	0.000000	0.000000	0.000000
18	tsk_18	(x)	1	:	0.503381	0.000000	0.000000	0.000000	0.496619	0.000000	0.000000	0.000000	0.000000	0.000000	0.000000	0.000000	0.000000
19	tsk_19	(x)	1	:	0.034534	0.000000	0.000000	0.000000	0.000000	0.000000	0.377596	0.086104	0.000000	0.000000	0.411467	0.090299	0.000000
20	tsk_20	(x)	1	:	0.090718	0.000000	0.000000	0.000000	0.000000	0.000000	0.278832	0.128905	0.000000	0.000000	0.368634	0.132911	0.000000
21	tsk_21	(x)	1	:	0.000000	0.000000	0.000000	0.000000	0.000000	0.000000	0.000000	0.000000	1.000000	0.000000	0.000000	0.000000	0.000000
22	tsk_22	(x)	1	:	0.053941	0.000000	0.000000	0.000000	0.000000	0.000000	0.377180	0.067435	0.000000	0.000000	0.430109	0.071335	0.000000
23	tsk_23	(x)	1	:	0.000000	0.000000	0.000000	0.455190	0.000000	0.000000	0.544809	0.000000	0.000000	0.000000	0.000000	0.000000	0.000000
24	tsk_24	(x)	1	:	0.000000	0.000000	0.000000	0.000000	0.000000	0.000000	0.999999	0.000000	0.000000	0.000001	0.000000	0.000000	0.000000
25	tsk_25	(x)	1	:	0.000000	0.000000	0.000000	0.477804	0.522195	0.000000	0.000000	0.000000	0.000000	0.000000	0.000000	0.000000	0.000000
26	tsk_26	(x)	1	:	0.000000	0.000000	0.000000	0.000000	0.000000	0.000000	0.000000	0.012683	0.492593	0.000000	0.494724	0.000000	0.000000
27	tsk_27	(x)	1	:	0.000000	0.000000	0.000000	0.000000	0.000000	0.000000	0.000000	0.000000	1.000000	0.000000	0.000000	0.000000	0.000000
28	tsk_28	(x)	1	:	0.000000	0.000000	0.000000	0.000000	0.000000	0.000000	0.494389	0.000000	0.505611	0.000000	0.000000	0.000000	0.000000
29	tsk_29	(x)	1	:	0.130798	0.000000	0.000000	0.000000	0.000000	0.000000	0.376514	0.000000	0.492687	0.000000	0.000000	0.000000	0.000000
30	tsk_30	(x)	1	:	0.000000	0.000000	0.000000	0.000000	0.000000	0.000000	0.000000	0.000000	0.000000	0.000000	1.000000	0.000000	0.000000
31	tsk_31	(x)	1	:	0.047696	0.000000	0.000000	0.000000	0.000000	0.000000	0.377270	0.073524	0.000000	0.000000	0.424026	0.077484	0.000000
32	tsk_32	(x)	1	:	0.000000	0.000000	0.000000	1.000000	0.000000	0.000000	0.000000	0.000000	0.000000	0.000000	0.000000	0.000000	0.000000
33	tsk_33	(x)	1	:	0.000000	0.000000	0.000000	0.000000	0.495482	0.504518	0.000000	0.000000	0.000000	0.000000	0.000000	0.000000	0.000000
34	tsk_34	(x)	1	:	0.000000	0.000000	0.000000	0.000000	0.000000	0.000000	0.000000	0.536609	0.463391	0.000000	0.000000	0.000000	0.000000
35	tsk_35	(x)	1	:	0.149006	0.000000	0.000000	0.474478	0.000000	0.000000	0.376515	0.000000	0.000000	0.000000	0.000000	0.000000	0.000000
36	tsk_36	(x)	1	:	0.019032	0.000000	0.000000	0.000000	0.000000	0.000000	0.377817	0.101239	0.000000	0.000000	0.396353	0.105559	0.000000
37	tsk_37	(x)	1	:	0.000000	0.000000	0.164169	0.356817	0.000000	0.000000	0.000000	0.002078	0.000000	0.000000	0.476935	0.000000	0.000000
38	tsk_38	(x)	1	:	0.247132	0.000000	0.000000	0.474476	0.000000	0.000000	0.278392	0.000000	0.000000	0.000000	0.000000	0.000000	0.000000
39	tsk_39	(x)	1	:	0.247132	0.000000	0.000000	0.474476	0.000000	0.000000	0.278392	0.000000	0.000000	0.000000	0.000000	0.000000	0.000000
40	tsk_40	(x)	1	:	0.000251	0.000000	0.000000	0.000000	0.490022	0.006890	0.000000	0.015343	0.000000	0.000000	0.481383	0.006111	0.000000
41	tsk_41	(x)	1	:	0.000000	0.000000	0.000000	0.000000	0.000000	0.000000	0.000000	0.497084	0.000000	0.000000	0.502916	0.000000	0.000000
42	tsk_42	(x)	1	:	0.000000	0.000000	0.000000	0.000000	0.000000	0.000000	0.000000	0.472353	0.527647	0.000000	0.000000	0.000000	0.000000
43	tsk_43	(x)	1	:	0.028245	0.000000	0.000000	0.474492	0.000000	0.000000	0.000000	0.497263	0.000000	0.000000	0.000000	0.000000	0.000000
44	tsk_44	(x)	1	:	0.000001	0.000000	0.000000	0.349628	0.000000	0.000000	0.000000	0.428288	0.000000	0.222083	0.000000	0.000000	0.000000
45	tsk_45	(x)	1	:	0.000000	0.000000	0.410883	0.000000	0.588274	0.000842	0.000000	0.000000	0.000000	0.000000	0.000000	0.000000	0.000000
46	tsk_46	(x)	1	:	0.000000	0.000000	0.000000	0.000000	0.000000	0.000000	0.000000	0.506398	0.493602	0.000000	0.000000	0.000000	0.000000
47	tsk_47	(x)	1	:	0.010487	0.000000	0.000000	0.000000	0.496768	0.000000	0.000000	0.000000	0.492745	0.000000	0.000000	0.000000	0.000000
48	tsk_48	(x)	1	:	0.000146	0.000000	0.000000	0.000000	0.489564	0.008036	0.000000	0.015647	0.000000	0.000000	0.481108	0.005499	0.000000
49	tsk_49	(x)	1	:	0.000000	0.000000	0.000000	0.517589	0.000000	0.000000	0.000000	0.482411	0.000000	0.000000	0.000000	0.000000	0.000000
50	tsk_50	(x)	1	:	0.502744	0.000000	0.000000	0.000000	0.000000	0.000000	0.000000	0.497256	0.000000	0.000000	0.000000	0.000000	0.000000
51	tsk_51	(x)	1	:	0.000000	0.000000	0.000000	0.000000	0.000000	0.000000	0.000000	0.000000	0.000000	0.000000	1.000000	0.000000	0.000000
52	tsk_52	(x)	1	:	0.000000	0.186499	0.000000	0.000000	0.000000	0.000000	0.000000	0.000000	0.000000	0.000000	0.813500	0.000000	0.000000
53	tsk_53	(x)	1	:	0.000000	0.000000	0.000000	0.515879	0.000000	0.000000	0.000000	0.002689	0.000000	0.000000	0.481432	0.000000	0.000000
54	tsk_54	(x)	1	:	0.000000	0.000000	0.000000	0.000000	0.000000	0.000000	0.000000	0.000000	0.000000	0.000000	1.000000	0.000000	0.000000
55	tsk_55	(x)	1	:	0.013538	0.000000	0.000000	0.000000	0.000000	0.489968	0.000000	0.474083	0.000000	0.000000	0.022189	0.000221	0.000000
56	tsk_56	(x)	1	:	0.329179	0.000000	0.000000	0.000000	0.000000	0.000000	0.000000	0.169555	0.000000	0.000000	0.327940	0.173327	0.000000
57	tsk_57	(x)	1	:	0.000000	0.000000	0.000000	0.000000	0.000000	0.495671	0.000000	0.000000	0.000000	0.000000	0.496551	0.007777	0.000000
58	tsk_58	(x)	1	:	0.000000	0.000000	0.000000	0.000000	0.000000	0.497699	0.000000	0.486236	0.000000	0.000000	0.012146	0.003918	0.000000
59	tsk_59	(x)	1	:	0.000000	0.186500	0.000000	0.000000	0.000000	0.000000	0.000000	0.000000	0.000000	0.000000	0.813500	0.000000	0.000000
60	tsk_60	(x)	1	:	0.000000	0.000000	0.000000	0.000000	1.000000	0.000000	0.000000	0.000000	0.000000	0.000000	0.000000	0.000000	0.000000
61	tsk_61	(x)	1	:	0.000000	0.000000	0.000000	0.000000	0.495482	0.504518	0.000000	0.000000	0.000000	0.000000	0.000000	0.000000	0.000000
62	tsk_62	(x)	1	:	0.000000	0.000000	0.393860	0.000000	0.145699	0.000000	0.000000	0.000000	0.460441	0.000000	0.000000	0.000000	0.000000
63	tsk_63	(x)	1	:	0.000000	0.000000	0.000000	0.000000	0.000000	0.000000	0.000000	0.497084	0.000000	0.000000	0.502916	0.000000	0.000000
64	tsk_64	(x)	1	:	0.000000	0.000000	0.000000	0.000000	0.495483	0.504517	0.000000	0.000000	0.000000	0.000000	0.000000	0.000000	0.000000
65	tsk_65	(x)	1	:	0.000000	0.000000	0.000000	0.000000	1.000000	0.000000	0.000000	0.000000	0.000000	0.000000	0.000000	0.000000	0.000000
66	tsk_66	(x)	1	:	0.000000	0.000000	0.000000	0.000000	0.495482	0.504518	0.000000	0.000000	0.000000	0.000000	0.000000	0.000000	0.000000
67	tsk_67	(x)	1	:	0.000000	0.000000	0.482809	0.000000	0.187271	0.329920	0.000000	0.000000	0.000000	0.000000	0.000000	0.000000	0.000000
68	tsk_68	(x)	1	:	0.006211	0.000000	0.000000	0.000000	0.496561	0.000000	0.000000	0.497227	0.000000	0.000000	0.000000	0.000000	0.000000
69	tsk_69	(x)	1	:	0.000000	0.000000	0.000000	0.000000	0.000000	0.000000	0.000000	0.497084	0.000000	0.000000	0.502916	0.000000	0.000000
70	tsk_70	(x)	1	:	0.000000	0.000000	0.000000	0.000000	0.000000	0.000000	0.000000	0.000000	0.000000	0.000000	1.000000	0.000000	0.000000
71	tsk_71	(x)	1	:	0.001763	0.000000	0.000000	0.452368	0.000000	0.043603	0.000000	0.042063	0.000000	0.000000	0.454756	0.005446	0.000000
72	tsk_72	(x)	1	:	0.000358	0.000000	0.000000	0.451848	0.000000	0.043278	0.000000	0.045218	0.000000	0.000000	0.451397	0.007901	0.000000
73	tsk_73	(x)	1	:	0.292671	0.000000	0.000000	0.000000	0.000000	0.000000	0.000000	0.206001	0.000000	0.000000	0.291492	0.209836	0.000000
74	tsk_74	(x)	1	:	0.000000	0.000000	0.000000	0.000000	0.000000	0.000000	0.000000	0.000000	0.000000	0.000000	1.000000	0.000000	0.000000
75	tsk_75	(x)	1	:	0.000000	0.000000	0.000000	0.466144	0.000000	0.533856	0.000000	0.000000	0.000000	0.000000	0.000000	0.000000	0.000000
76	tsk_76	(x)	1	:	0.000000	0.000000	0.000000	1.000000	0.000000	0.000000	0.000000	0.000000	0.000000	0.000000	0.000000	0.000000	0.000000
77	tsk_77	(x)	1	:	0.000000	0.000000	0.000000	0.000000	0.000000	0.000000	0.000000	0.000000	0.000000	0.000000	1.000000	0.000000	0.000000
78	tsk_78	(x)	1	:	0.000436	0.000000	0.000000	0.451451	0.000000	0.044446	0.000000	0.045846	0.000000	0.000000	0.450896	0.006926	0.000000
79	tsk_79	(x)	1	:	0.000227	0.000000	0.000000	0.451761	0.000000	0.043177	0.000000	0.045652	0.000000	0.000001	0.450919	0.008264	0.000000
80	tsk_80	(x)	1	:	1.000000	0.000000	0.000000	0.000000	0.000000	0.000000	0.000000	0.000000	0.000000	0.000000	0.000000	0.000000	0.000000
81	tsk_81	(x)	1	:	0.592601	0.000000	0.406857	0.000000	0.000000	0.000542	0.000000	0.000000	0.000000	0.000000	0.000000	0.000000	0.000000
82	tsk_82	(x)	1	:	0.502674	0.419001	0.000000	0.000000	0.000000	0.000000	0.000000	0.078324	0.000000	0.000000	0.000000	0.000000	0.000000
83	tsk_83	(x)	1	:	0.503381	0.000000	0.000000	0.000000	0.496619	0.000000	0.000000	0.000000	0.000000	0.000000	0.000000	0.000000	0.000000
84	tsk_84	(x)	1	:	0.502667	0.418941	0.000000	0.000000	0.000000	0.000000	0.000000	0.078392	0.000000	0.000000	0.000000	0.000000	0.000000
85	tsk_85	(x)	1	:	0.525523	0.000000	0.000000	0.474477	0.000000	0.000000	0.000000	0.000000	0.000000	0.000000	0.000000	0.000000	0.000000
86	tsk_86	(x)	1	:	1.000000	0.000000	0.000000	0.000000	0.000000	0.000000	0.000000	0.000000	0.000000	0.000000	0.000000	0.000000	0.000000
87	tsk_87	(x)	1	:	0.502664	0.418912	0.000000	0.000000	0.000000	0.000000	0.000000	0.078424	0.000000	0.000000	0.000000	0.000000	0.000000
88	tsk_88	(x)	1	:	0.592600	0.000000	0.406857	0.000000	0.000000	0.000543	0.000000	0.000000	0.000000	0.000000	0.000000	0.000000	0.000000
89	tsk_89	(x)	1	:	0.507313	0.000000	0.000000	0.000000	0.000000	0.000000	0.000000	0.000000	0.492687	0.000000	0.000000	0.000000	0.000000
90	tsk_90	(x)	1	:	0.000000	0.000000	0.000000	0.000000	1.000000	0.000000	0.000000	0.000000	0.000000	0.000000	0.000000	0.000000	0.000000
91	tsk_91	(x)	1	:	0.000000	0.000000	0.410883	0.000000	0.588274	0.000842	0.000000	0.000000	0.000000	0.000000	0.000000	0.000000	0.000000
92	tsk_92	(x)	1	:	0.000000	0.000000	0.000000	0.000000	0.000000	0.000000	0.000000	0.497084	0.000000	0.000000	0.502916	0.000000	0.000000
93	tsk_93	(x)	1	:	0.000000	0.000000	0.000000	0.000000	0.999997	0.000000	0.000000	0.000000	0.000000	0.000000	0.000000	0.000000	0.000003
94	tsk_94	(x)	1	:	0.006394	0.000000	0.000000	0.000000	0.496440	0.000000	0.000000	0.497166	0.000000	0.000000	0.000000	0.000000	0.000000
95	tsk_95	(x)	1	:	0.000000	0.000000	0.000000	0.000000	0.000000	0.000000	0.000000	0.472353	0.527647	0.000000	0.000000	0.000000	0.000000
96	tsk_96	(x)	1	:	0.095342	0.000000	0.406809	0.000000	0.000000	0.000589	0.000000	0.497260	0.000000	0.000000	0.000000	0.000000	0.000000
97	tsk_97	(x)	1	:	0.503381	0.000000	0.000000	0.000000	0.496619	0.000000	0.000000	0.000000	0.000000	0.000000	0.000000	0.000000	0.000000
98	tsk_98	(x)	1	:	0.502744	0.000000	0.000000	0.000000	0.000000	0.000000	0.000000	0.497256	0.000000	0.000000	0.000000	0.000000	0.000000
99	tsk_99	(x)	1	:	0.095343	0.000000	0.406811	0.000000	0.000000	0.000585	0.000000	0.497260	0.000000	0.000000	0.000000	0.000000	0.000000
100	tsk_100	(x)	1	:	0.623486	0.000000	0.000000	0.000000	0.000000	0.000000	0.376514	0.000000	0.000000	0.000000	0.000000	0.000000	0.000000
101	tsk_101	(x)	1	:	0.000000	0.000000	0.000000	0.515870	0.000000	0.000000	0.000000	0.002813	0.000000	0.000000	0.481317	0.000000	0.000000
102	tsk_102	(x)	1	:	0.476695	0.000000	0.000000	0.000000	0.000000	0.000000	0.000000	0.000000	0.000000	0.000000	0.000000	0.000000	0.523305
103	tsk_103	(x)	1	:	0.000000	0.000000	0.000000	0.458198	0.000086	0.000000	0.000000	0.000000	0.000000	0.000000	0.000000	0.000000	0.541716
104	tsk_104	(x)	1	:	0.525523	0.000000	0.000000	0.474477	0.000000	0.000000	0.000000	0.000000	0.000000	0.000000	0.000000	0.000000	0.000000
105	tsk_105	(x)	1	:	0.149005	0.000000	0.000000	0.474479	0.000000	0.000000	0.376517	0.000000	0.000000	0.000000	0.000000	0.000000	0.000000
106	tsk_106	(x)	1	:	0.079525	0.000000	0.000000	0.543945	0.000000	0.000000	0.376530	0.000000	0.000000	0.000000	0.000000	0.000000	0.000000
107	tsk_107	(x)	1	:	0.000003	0.000000	0.000000	0.459124	0.000000	0.000000	0.540873	0.000000	0.000000	0.000000	0.000000	0.000000	0.000000
108	tsk_108	(x)	1	:	0.000000	0.000000	0.000000	1.000000	0.000000	0.000000	0.000000	0.000000	0.000000	0.000000	0.000000	0.000000	0.000000
109	tsk_109	(x)	1	:	0.000000	0.000000	0.000000	1.000000	0.000000	0.000000	0.000000	0.000000	0.000000	0.000000	0.000000	0.000000	0.000000
110	tsk_110	(x)	1	:	0.000000	0.000000	0.000000	0.000000	0.000000	0.483561	0.000000	0.000000	0.515685	0.000000	0.000000	0.000754	0.000000
111	tsk_111	(x)	1	:	0.000000	0.000000	0.000000	0.000000	0.000000	0.000000	0.000000	1.000000	0.000000	0.000000	0.000000	0.000000	0.000000
112	tsk_112	(x)	1	:	0.000000	0.000000	0.000000	0.546910	0.453090	0.000000	0.000000	0.000000	0.000000	0.000000	0.000000	0.000000	0.000000
113	tsk_113	(x)	1	:	0.000000	0.000000	0.000000	0.000000	0.000000	0.000000	0.000000	1.000000	0.000000	0.000000	0.000000	0.000000	0.000000
114	tsk_114	(x)	1	:	0.000000	0.000000	0.000000	1.000000	0.000000	0.000000	0.000000	0.000000	0.000000	0.000000	0.000000	0.000000	0.000000
115	tsk_115	(x)	1	:	0.000000	0.000000	0.000000	0.000000	0.000000	0.000000	0.000000	1.000000	0.000000	0.000000	0.000000	0.000000	0.000000
116	tsk_116	(x)	1	:	0.000000	0.000000	0.000000	0.000000	0.000000	0.000000	0.000000	0.497084	0.000000	0.000000	0.502916	0.000000	0.000000
117	tsk_117	(x)	1	:	0.525523	0.000000	0.000000	0.474477	0.000000	0.000000	0.000000	0.000000	0.000000	0.000000	0.000000	0.000000	0.000000
118	tsk_118	(x)	1	:	1.000000	0.000000	0.000000	0.000000	0.000000	0.000000	0.000000	0.000000	0.000000	0.000000	0.000000	0.000000	0.000000
119	tsk_119	(x)	1	:	0.000030	0.000000	0.000000	0.000000	0.484342	0.000000	0.000000	0.000000	0.515627	0.000000	0.000000	0.000000	0.000000
120	tsk_120	(x)	1	:	0.000000	0.000000	0.000000	0.515869	0.000000	0.000000	0.000000	0.002820	0.000000	0.000000	0.481310	0.000000	0.000000
121	tsk_121	(x)	1	:	0.000077	0.000000	0.000000	0.000000	0.000000	0.000000	0.000000	0.010069	0.000000	0.499479	0.485811	0.004563	0.000000
122	tsk_122	(x)	1	:	0.000000	0.000000	0.000000	0.515860	0.000000	0.000000	0.000000	0.002952	0.000000	0.000000	0.481188	0.000000	0.000000
123	tsk_123	(x)	1	:	0.000000	0.000000	0.000000	1.000000	0.000000	0.000000	0.000000	0.000000	0.000000	0.000000	0.000000	0.000000	0.000000
124	tsk_124	(x)	1	:	0.000128	0.000000	0.000000	0.000000	0.000000	0.000000	0.000000	0.008131	0.000000	0.500477	0.487846	0.003418	0.000000
125	tsk_125	(x)	1	:	0.000000	0.000000	0.000000	0.000000	0.000000	0.000000	0.000000	0.000000	0.000000	0.000000	1.000000	0.000000	0.000000
126	tsk_126	(x)	1	:	0.000001	0.000000	0.000000	0.000000	0.481109	0.000099	0.000000	0.000000	0.000000	0.000000	0.518792	0.000000	0.000000
127	tsk_127	(x)	1	:	0.363187	0.000000	0.000000	0.000000	0.000000	0.000000	0.000000	0.135605	0.000000	0.000000	0.361891	0.139317	0.000000
128	tsk_128	(x)	1	:	0.000000	0.000000	0.000000	0.528442	0.000000	0.000000	0.000000	0.000000	0.000000	0.471558	0.000000	0.000000	0.000000
129	tsk_129	(x)	1	:	0.000000	0.000000	0.000000	0.496990	0.000000	0.000000	0.000000	0.000000	0.000000	0.000000	0.503010	0.000000	0.000000
130	tsk_130	(x)	1	:	0.000000	0.302450	0.000000	0.000000	0.000000	0.000000	0.000000	0.204019	0.493531	0.000000	0.000000	0.000000	0.000000
131	tsk_131	(x)	1	:	0.355558	0.000000	0.116310	0.000000	0.000000	0.000000	0.000000	0.528132	0.000000	0.000000	0.000000	0.000000	0.000000
132	tsk_132	(x)	1	:	0.000000	0.000000	0.000000	0.000000	0.000000	1.000000	0.000000	0.000000	0.000000	0.000000	0.000000	0.000000	0.000000
133	tsk_133	(x)	1	:	0.386349	0.302451	0.116313	0.000000	0.000000	0.000000	0.000000	0.194887	0.000000	0.000000	0.000000	0.000000	0.000000
134	tsk_134	(x)	1	:	0.507313	0.000000	0.000000	0.000000	0.000000	0.000000	0.000000	0.000000	0.492687	0.000000	0.000000	0.000000	0.000000
135	tsk_135	(x)	1	:	0.489600	0.000000	0.000000	0.000000	0.000000	0.494817	0.000000	0.000000	0.000000	0.000000	0.000000	0.015583	0.000000
136	tsk_136	(x)	1	:	0.000000	0.000000	0.000000	0.000000	0.000000	0.000000	0.000000	0.506398	0.493602	0.000000	0.000000	0.000000	0.000000
137	tsk_137	(x)	1	:	0.000000	0.000000	0.000000	0.000000	0.000000	0.000000	0.000000	0.506398	0.493602	0.000000	0.000000	0.000000	0.000000
138	tsk_138	(x)	1	:	0.000000	0.000000	0.000000	0.000000	0.000000	0.497192	0.000000	0.000000	0.492849	0.000000	0.000000	0.009958	0.000000
139	tsk_139	(x)	1	:	0.390987	0.000000	0.116314	0.000000	0.000000	0.000000	0.000000	0.000000	0.492698	0.000000	0.000000	0.000000	0.000000
140	tsk_140	(x)	1	:	0.445934	0.000000	0.000000	0.000000	0.554066	0.000000	0.000000	0.000000	0.000000	0.000000	0.000000	0.000000	0.000000
141	tsk_141	(x)	1	:	0.733440	0.000000	0.000000	0.000000	0.000000	0.000000	0.000000	0.000000	0.000000	0.266560	0.000000	0.000000	0.000000
142	tsk_142	(x)	1	:	0.001334	0.000000	0.000000	0.451330	0.000000	0.045359	0.000000	0.044953	0.000000	0.000000	0.451943	0.005079	0.000000
143	tsk_143	(x)	1	:	0.503381	0.000000	0.000000	0.000000	0.496619	0.000000	0.000000	0.000000	0.000000	0.000000	0.000000	0.000000	0.000000
144	tsk_144	(x)	1	:	0.075160	0.000000	0.000000	0.000000	0.000000	0.000000	0.000000	0.156123	0.000000	0.267065	0.341423	0.160229	0.000000
145	tsk_145	(x)	1	:	0.525523	0.000000	0.000000	0.474477	0.000000	0.000000	0.000000	0.000000	0.000000	0.000000	0.000000	0.000000	0.000000
146	tsk_146	(x)	1	:	0.258989	0.000000	0.000000	0.474467	0.000000	0.000000	0.000000	0.000000	0.000000	0.266543	0.000000	0.000000	0.000000
147	tsk_147	(x)	1	:	0.000000	0.000000	0.000000	0.424145	0.575855	0.000000	0.000000	0.000000	0.000000	0.000000	0.000000	0.000000	0.000000
148	tsk_148	(x)	1	:	0.306929	0.000000	0.000000	0.000000	0.000000	0.000000	0.000000	0.191767	0.000000	0.000000	0.305727	0.195578	0.000000
149	tsk_149	(x)	1	:	0.000000	0.000000	0.000000	0.546910	0.453090	0.000000	0.000000	0.000000	0.000000	0.000000	0.000000	0.000000	0.000000
