logL = -699.210553 (converged)
AIC = 6888.421106
BIC = 15152.614988

count.K
0 28 23 8 2 9 7 11 3 15 10 18 1 6 9 

