logL = -873.590724 (converged)
AIC = 5429.181448
BIC = 10971.761025

count.K
11 19 4 9 30 13 15 23 19 2 5 

