logL = -1191.173646 (converged)
AIC = 3912.347291
BIC = 6215.483291

count.K
43 53 23 19 12 

