logL = -1170.716149 (converged)
AIC = 4237.432298
BIC = 7091.514557

count.K
32 1 37 49 5 26 

