logL = -683.539153 (converged)
AIC = 5483.078305
BIC = 11678.965741

count.K
15 37 3 3 1 7 4 6 41 0 5 28 

