logL = -1033.215289 (converged)
AIC = 6566.430577
BIC = 13340.359989

count.K
19 0 10 7 26 11 11 11 4 15 15 21 

