logL = -449.093094 (converged)
AIC = 4470.186189
BIC = 9847.180824

count.K
8 13 46 15 4 19 3 12 15 8 7 

