0	tsk_0	(x)	1	:	0.000000	0.204055	0.135632	0.135663	0.000000	0.492961	0.000000	0.000000	0.000000	0.000000	0.021039	0.000000	0.010556	0.000000	0.000095
1	tsk_1	(x)	1	:	0.000000	0.278156	0.396132	0.276806	0.000000	0.000000	0.000000	0.000000	0.000000	0.000000	0.048748	0.000000	0.000000	0.000000	0.000157
2	tsk_2	(x)	1	:	0.000000	0.275651	0.394616	0.229587	0.000000	0.000000	0.000000	0.000000	0.000000	0.000000	0.100020	0.000000	0.000000	0.000000	0.000127
3	tsk_3	(x)	1	:	0.000000	0.182770	0.071786	0.074418	0.000000	0.000000	0.004547	0.000000	0.495859	0.000000	0.170551	0.000005	0.000000	0.000000	0.000064
4	tsk_4	(x)	1	:	0.000000	0.175112	0.416077	0.281699	0.000000	0.000000	0.000000	0.000000	0.000000	0.000000	0.126980	0.000000	0.000000	0.000000	0.000132
5	tsk_5	(x)	1	:	0.000000	0.238797	0.153426	0.131029	0.000000	0.000000	0.000000	0.000000	0.000000	0.000000	0.032023	0.000000	0.000000	0.444572	0.000153
6	tsk_6	(x)	1	:	0.000000	0.117147	0.174044	0.079511	0.000000	0.000000	0.001450	0.000000	0.498689	0.000000	0.129099	0.000000	0.000000	0.000000	0.000060
7	tsk_7	(x)	1	:	0.000000	0.000000	0.000000	0.000000	0.000000	0.000000	0.000000	0.000000	0.520830	0.000000	0.000000	0.000000	0.000000	0.479170	0.000000
8	tsk_8	(x)	1	:	0.000000	0.143438	0.409102	0.341163	0.000000	0.000000	0.000000	0.000000	0.000000	0.000000	0.106253	0.000000	0.000000	0.000000	0.000045
9	tsk_9	(x)	1	:	0.000000	0.000000	0.000115	0.000000	0.000000	0.000000	0.000000	0.000000	0.000000	0.000000	0.000000	0.519521	0.480365	0.000000	0.000000
10	tsk_10	(x)	1	:	0.499402	0.000098	0.000208	0.001050	0.000000	0.493819	0.000000	0.000000	0.000000	0.000000	0.000072	0.000000	0.005350	0.000000	0.000000
11	tsk_11	(x)	1	:	0.000000	0.000000	0.000000	0.000000	0.000000	1.000000	0.000000	0.000000	0.000000	0.000000	0.000000	0.000000	0.000000	0.000000	0.000000
12	tsk_12	(x)	1	:	0.000000	0.010484	0.014177	0.027651	0.000000	0.494843	0.000000	0.000000	0.000000	0.000000	0.000000	0.000000	0.008152	0.444684	0.000009
13	tsk_13	(x)	1	:	0.000000	0.000000	0.000000	0.000000	0.000000	1.000000	0.000000	0.000000	0.000000	0.000000	0.000000	0.000000	0.000000	0.000000	0.000000
14	tsk_14	(x)	1	:	0.000000	0.000000	0.000000	0.000000	0.000000	1.000000	0.000000	0.000000	0.000000	0.000000	0.000000	0.000000	0.000000	0.000000	0.000000
15	tsk_15	(x)	1	:	0.499449	0.000284	0.000193	0.000180	0.000000	0.493219	0.000000	0.000000	0.000000	0.000000	0.000124	0.000000	0.006550	0.000000	0.000000
16	tsk_16	(x)	1	:	0.500000	0.000000	0.000000	0.000000	0.000000	0.000000	0.000000	0.000000	0.000000	0.000000	0.000000	0.000000	0.500000	0.000000	0.000000
17	tsk_17	(x)	1	:	0.000000	0.000000	0.000000	0.000000	0.000000	1.000000	0.000000	0.000000	0.000000	0.000000	0.000000	0.000000	0.000000	0.000000	0.000000
18	tsk_18	(x)	1	:	0.000000	0.072954	0.183688	0.200816	0.000000	0.492853	0.000000	0.000000	0.000000	0.000000	0.038701	0.000000	0.010750	0.000000	0.000238
19	tsk_19	(x)	1	:	0.000000	0.000000	0.000000	0.000000	0.000000	0.500000	0.000000	0.000000	0.000000	0.000000	0.000000	0.000000	0.500000	0.000000	0.000000
20	tsk_20	(x)	1	:	0.500008	0.183490	0.144206	0.098865	0.000000	0.000000	0.000000	0.000000	0.000000	0.000000	0.073392	0.000000	0.000000	0.000000	0.000038
21	tsk_21	(x)	1	:	0.000000	0.000405	0.000299	0.001183	0.000000	0.494205	0.000000	0.000000	0.000000	0.000000	0.000848	0.495923	0.007137	0.000000	0.000000
22	tsk_22	(x)	1	:	0.000000	0.000000	0.000000	0.000000	0.000000	0.000000	0.000000	0.000000	0.500000	0.000000	0.000000	0.000000	0.500000	0.000000	0.000000
23	tsk_23	(x)	1	:	0.000000	0.356797	0.203589	0.282713	0.000000	0.000000	0.000000	0.000000	0.000000	0.000000	0.156810	0.000000	0.000000	0.000000	0.000091
24	tsk_24	(x)	1	:	0.000000	0.097550	0.098289	0.268594	0.000000	0.000000	0.000000	0.000000	0.000000	0.000000	0.035511	0.000000	0.500009	0.000000	0.000047
25	tsk_25	(x)	1	:	0.000000	0.091609	0.095554	0.051602	0.000000	0.000000	0.004002	0.000000	0.496348	0.000000	0.260873	0.000002	0.000000	0.000000	0.000009
26	tsk_26	(x)	1	:	0.000000	0.098701	0.250397	0.108517	0.000000	0.000000	0.000000	0.475185	0.000000	0.000000	0.067148	0.000000	0.000000	0.000000	0.000053
27	tsk_27	(x)	1	:	0.000000	0.132358	0.128123	0.208833	0.000000	0.000000	0.000000	0.475200	0.000000	0.000000	0.055404	0.000000	0.000000	0.000000	0.000082
28	tsk_28	(x)	1	:	0.000000	0.144836	0.056807	0.033810	0.000000	0.000000	0.000000	0.000000	0.500005	0.000000	0.264515	0.000000	0.000000	0.000000	0.000026
29	tsk_29	(x)	1	:	0.000000	0.148751	0.076181	0.003380	0.000000	0.000000	0.000000	0.000000	0.500000	0.000000	0.271687	0.000000	0.000000	0.000000	0.000000
30	tsk_30	(x)	1	:	0.000000	0.000000	0.000000	0.001986	0.000000	0.000000	0.000000	0.000000	0.000000	0.000000	0.001511	0.496304	0.500198	0.000000	0.000000
31	tsk_31	(x)	1	:	0.000000	0.000000	0.000000	0.000000	0.000000	0.000000	0.498169	0.000000	0.000000	0.000000	0.000000	0.000000	0.501831	0.000000	0.000000
32	tsk_32	(x)	1	:	0.000000	0.000000	0.000000	0.000000	0.000000	0.000000	0.000000	0.000000	0.000000	1.000000	0.000000	0.000000	0.000000	0.000000	0.000000
33	tsk_33	(x)	1	:	0.000000	0.000000	0.000000	0.000000	0.000000	0.000000	0.498169	0.000000	0.000000	0.000000	0.000000	0.000000	0.501831	0.000000	0.000000
34	tsk_34	(x)	1	:	0.000000	0.000000	0.000000	0.000000	0.000000	0.000000	0.000000	0.000000	0.000000	0.000000	0.000000	0.000000	1.000000	0.000000	0.000000
35	tsk_35	(x)	1	:	0.000000	0.000000	0.000000	0.000000	0.000000	0.000000	0.000000	0.000000	0.500000	0.000000	0.000000	0.000000	0.500000	0.000000	0.000000
36	tsk_36	(x)	1	:	0.000000	0.000842	0.000183	0.003081	0.000000	0.000000	0.000000	0.000000	0.000000	0.000000	0.001560	0.495912	0.498421	0.000000	0.000000
37	tsk_37	(x)	1	:	0.000000	0.213541	0.058385	0.072923	0.000000	0.000000	0.000000	0.000000	0.500002	0.000000	0.155136	0.000000	0.000000	0.000000	0.000012
38	tsk_38	(x)	1	:	0.000000	0.000000	0.000000	0.000000	0.000000	0.000000	0.478096	0.000000	0.521904	0.000000	0.000000	0.000000	0.000000	0.000000	0.000000
39	tsk_39	(x)	1	:	0.000000	0.000000	0.000000	0.000000	0.000000	0.000000	0.000000	0.000000	1.000000	0.000000	0.000000	0.000000	0.000000	0.000000	0.000000
40	tsk_40	(x)	1	:	0.000000	0.088984	0.114912	0.274389	0.000000	0.000000	0.000000	0.000000	0.000000	0.000000	0.021645	0.000000	0.500011	0.000000	0.000059
41	tsk_41	(x)	1	:	0.000000	0.088016	0.121530	0.036828	0.000000	0.000000	0.000000	0.000000	0.500006	0.000000	0.253590	0.000000	0.000000	0.000000	0.000030
42	tsk_42	(x)	1	:	0.000000	0.049934	0.350325	0.134313	0.000000	0.000000	0.000000	0.000000	0.000000	0.000000	0.020800	0.000000	0.000000	0.444562	0.000065
43	tsk_43	(x)	1	:	0.000000	0.224979	0.234370	0.080311	0.000000	0.000000	0.000000	0.000000	0.000000	0.000000	0.015719	0.000000	0.000000	0.444561	0.000059
44	tsk_44	(x)	1	:	0.000000	0.076524	0.186483	0.205968	0.000000	0.000000	0.000000	0.000000	0.000000	0.000000	0.030950	0.000000	0.500012	0.000000	0.000064
45	tsk_45	(x)	1	:	0.000000	0.149406	0.089546	0.033785	0.489958	0.000000	0.000001	0.000000	0.000000	0.000000	0.230646	0.006653	0.000000	0.000000	0.000004
46	tsk_46	(x)	1	:	0.000000	0.244138	0.442228	0.207244	0.000000	0.000000	0.000000	0.000000	0.000000	0.000000	0.106288	0.000000	0.000000	0.000000	0.000101
47	tsk_47	(x)	1	:	0.000000	0.226247	0.250117	0.059072	0.000000	0.000000	0.000000	0.000000	0.000000	0.000000	0.019927	0.000000	0.000000	0.444563	0.000074
48	tsk_48	(x)	1	:	0.000000	0.150033	0.127725	0.060939	0.000000	0.000000	0.000000	0.000000	0.500000	0.000000	0.161302	0.000000	0.000000	0.000000	0.000000
49	tsk_49	(x)	1	:	0.000000	0.000006	0.000001	0.000000	0.490158	0.000000	0.000004	0.000000	0.000000	0.000000	0.000000	0.031538	0.000000	0.478294	0.000000
50	tsk_50	(x)	1	:	0.000000	0.087770	0.116525	0.059637	0.000000	0.000000	0.000000	0.000000	0.500000	0.000000	0.236068	0.000000	0.000000	0.000000	0.000000
51	tsk_51	(x)	1	:	0.499619	0.000000	0.000000	0.002865	0.000000	0.000000	0.000000	0.000000	0.000000	0.000000	0.000000	0.000000	0.497515	0.000000	0.000000
52	tsk_52	(x)	1	:	0.000000	0.399192	0.385202	0.054049	0.000000	0.000000	0.000000	0.000000	0.000000	0.000000	0.161469	0.000000	0.000000	0.000000	0.000087
53	tsk_53	(x)	1	:	0.000000	0.273802	0.470017	0.137825	0.000000	0.000000	0.000000	0.000000	0.000000	0.000000	0.118285	0.000000	0.000000	0.000000	0.000071
54	tsk_54	(x)	1	:	0.000000	0.179839	0.430005	0.325732	0.000000	0.000000	0.000000	0.000000	0.000000	0.000000	0.064406	0.000000	0.000000	0.000000	0.000018
55	tsk_55	(x)	1	:	1.000000	0.000000	0.000000	0.000000	0.000000	0.000000	0.000000	0.000000	0.000000	0.000000	0.000000	0.000000	0.000000	0.000000	0.000000
56	tsk_56	(x)	1	:	0.500005	0.128704	0.149294	0.119998	0.000000	0.000000	0.000000	0.000000	0.000000	0.000000	0.101978	0.000000	0.000000	0.000000	0.000022
57	tsk_57	(x)	1	:	0.000000	0.246507	0.351572	0.244673	0.000000	0.000000	0.000000	0.000000	0.000000	0.000000	0.157150	0.000000	0.000000	0.000000	0.000098
58	tsk_58	(x)	1	:	0.000000	0.173049	0.110242	0.051513	0.000000	0.000000	0.000000	0.000000	0.500000	0.000000	0.165196	0.000000	0.000000	0.000000	0.000000
59	tsk_59	(x)	1	:	0.000000	0.129162	0.142476	0.174624	0.000000	0.492521	0.000000	0.000000	0.000000	0.000000	0.049892	0.000000	0.011217	0.000000	0.000108
60	tsk_60	(x)	1	:	0.000000	0.082931	0.193411	0.196820	0.000000	0.494032	0.000000	0.000000	0.000000	0.000000	0.023787	0.000000	0.008951	0.000000	0.000068
61	tsk_61	(x)	1	:	0.000000	0.000000	0.000000	0.000000	0.000000	1.000000	0.000000	0.000000	0.000000	0.000000	0.000000	0.000000	0.000000	0.000000	0.000000
62	tsk_62	(x)	1	:	0.000000	0.438661	0.250653	0.148934	0.000000	0.000000	0.000000	0.000000	0.000000	0.000000	0.161454	0.000000	0.000000	0.000000	0.000298
63	tsk_63	(x)	1	:	0.000000	0.198602	0.566303	0.163370	0.000000	0.000000	0.000000	0.000000	0.000000	0.000000	0.071661	0.000000	0.000000	0.000000	0.000063
64	tsk_64	(x)	1	:	0.000000	0.000000	0.000000	0.000000	0.000000	0.501690	0.498310	0.000000	0.000000	0.000000	0.000000	0.000000	0.000000	0.000000	0.000000
65	tsk_65	(x)	1	:	0.000000	0.000000	0.000000	0.000000	0.000000	0.000000	0.478051	0.000000	0.521949	0.000000	0.000000	0.000000	0.000000	0.000000	0.000000
66	tsk_66	(x)	1	:	0.000000	0.000000	0.000000	0.000000	0.000000	0.000000	0.000000	0.000000	0.493167	0.000000	0.000000	0.000000	0.000000	0.506833	0.000000
67	tsk_67	(x)	1	:	0.000000	0.269941	0.578298	0.053545	0.000000	0.000000	0.000000	0.000000	0.000000	0.000000	0.098173	0.000000	0.000000	0.000000	0.000042
68	tsk_68	(x)	1	:	0.000000	0.033746	0.242431	0.200617	0.000000	0.494207	0.000000	0.000000	0.000000	0.000000	0.020181	0.000000	0.008701	0.000000	0.000117
69	tsk_69	(x)	1	:	0.000000	0.170367	0.103469	0.219502	0.000000	0.494936	0.000000	0.000000	0.000000	0.000000	0.004107	0.000000	0.007590	0.000000	0.000029
70	tsk_70	(x)	1	:	0.000000	0.000000	0.000000	0.000000	0.000000	0.000000	0.000000	0.000000	1.000000	0.000000	0.000000	0.000000	0.000000	0.000000	0.000000
71	tsk_71	(x)	1	:	0.000000	0.000000	0.000000	0.000000	0.000000	0.000000	0.000000	0.000000	0.493167	0.000000	0.000000	0.000000	0.000000	0.506833	0.000000
72	tsk_72	(x)	1	:	0.000000	0.000000	0.000000	0.000000	0.000000	0.000000	0.000000	0.000000	1.000000	0.000000	0.000000	0.000000	0.000000	0.000000	0.000000
73	tsk_73	(x)	1	:	0.000000	0.000000	0.000000	0.000000	0.000000	0.000000	0.000000	0.000000	0.500000	0.000000	0.000000	0.000000	0.500000	0.000000	0.000000
74	tsk_74	(x)	1	:	0.000000	0.000000	0.000000	0.000000	0.000000	0.000000	0.000000	0.000000	0.493167	0.000000	0.000000	0.000000	0.000000	0.506833	0.000000
75	tsk_75	(x)	1	:	0.499293	0.000000	0.000000	0.000000	0.000000	0.000000	0.005739	0.000000	0.494906	0.000000	0.000000	0.000061	0.000000	0.000000	0.000000
76	tsk_76	(x)	1	:	0.000000	0.000000	0.000000	0.000000	0.000000	0.000000	0.659498	0.000000	0.340502	0.000000	0.000000	0.000000	0.000000	0.000000	0.000000
77	tsk_77	(x)	1	:	0.000000	0.000000	0.000000	0.000000	0.000000	0.000000	0.000000	0.000000	1.000000	0.000000	0.000000	0.000000	0.000000	0.000000	0.000000
78	tsk_78	(x)	1	:	0.000000	0.188556	0.032516	0.082496	0.000000	0.000000	0.003775	0.000000	0.496560	0.000000	0.196062	0.000002	0.000000	0.000000	0.000032
79	tsk_79	(x)	1	:	0.000000	0.000000	0.000000	0.000000	0.000000	0.500000	0.000000	0.000000	0.500000	0.000000	0.000000	0.000000	0.000000	0.000000	0.000000
80	tsk_80	(x)	1	:	0.499381	0.000217	0.000135	0.000572	0.000000	0.492701	0.000000	0.000000	0.000000	0.000000	0.000115	0.000000	0.006878	0.000000	0.000000
81	tsk_81	(x)	1	:	0.499392	0.000053	0.000044	0.000842	0.000000	0.492834	0.000000	0.000000	0.000000	0.000000	0.000081	0.000000	0.006753	0.000000	0.000000
82	tsk_82	(x)	1	:	0.000000	0.122085	0.291165	0.051204	0.000000	0.000000	0.000000	0.475204	0.000000	0.000000	0.060251	0.000000	0.000000	0.000000	0.000090
83	tsk_83	(x)	1	:	0.000000	0.000846	0.007092	0.014468	0.000000	0.496732	0.000000	0.475282	0.000000	0.000000	0.000622	0.000000	0.004957	0.000000	0.000002
84	tsk_84	(x)	1	:	0.499594	0.000000	0.000000	0.000000	0.000000	0.000000	0.003354	0.000000	0.497048	0.000000	0.000000	0.000004	0.000000	0.000000	0.000000
85	tsk_85	(x)	1	:	0.000000	0.000000	0.000000	0.000000	0.000000	1.000000	0.000000	0.000000	0.000000	0.000000	0.000000	0.000000	0.000000	0.000000	0.000000
86	tsk_86	(x)	1	:	0.499978	0.004804	0.010884	0.005282	0.000000	0.000000	0.000000	0.474860	0.000000	0.000000	0.004191	0.000000	0.000000	0.000000	0.000001
87	tsk_87	(x)	1	:	0.500007	0.048235	0.232105	0.045476	0.000000	0.000000	0.000000	0.000000	0.000000	0.000000	0.174143	0.000000	0.000000	0.000000	0.000034
88	tsk_88	(x)	1	:	0.000000	0.000000	0.000000	0.000000	0.000000	0.500000	0.000000	0.000000	0.500000	0.000000	0.000000	0.000000	0.000000	0.000000	0.000000
89	tsk_89	(x)	1	:	0.000000	0.014753	0.012538	0.024788	0.000000	0.494739	0.000000	0.000000	0.000000	0.000000	0.000058	0.000000	0.008395	0.444715	0.000014
90	tsk_90	(x)	1	:	0.000000	0.000000	0.000000	0.000000	0.000000	0.000000	0.000000	0.000000	0.000000	0.000000	0.000000	1.000000	0.000000	0.000000	0.000000
91	tsk_91	(x)	1	:	0.000000	0.000000	0.000000	0.000000	0.000000	0.000000	0.000000	0.000000	0.000000	0.000000	0.000000	0.000000	0.000000	1.000000	0.000000
92	tsk_92	(x)	1	:	0.000000	0.000000	0.000000	0.000000	0.000000	0.000000	0.335780	0.000000	0.000000	0.000000	0.000000	0.664220	0.000000	0.000000	0.000000
93	tsk_93	(x)	1	:	0.000000	0.007767	0.009577	0.001860	0.491026	0.000000	0.000004	0.474915	0.000000	0.000000	0.009652	0.005199	0.000000	0.000000	0.000001
94	tsk_94	(x)	1	:	0.000000	0.121423	0.151255	0.023819	0.000000	0.000000	0.497803	0.000000	0.000000	0.000000	0.205701	0.000000	0.000000	0.000000	0.000000
95	tsk_95	(x)	1	:	0.000000	0.007420	0.008060	0.006334	0.000000	0.000000	0.000000	0.475685	0.000000	0.000000	0.006180	0.496317	0.000000	0.000000	0.000003
96	tsk_96	(x)	1	:	0.000000	0.000000	0.000000	0.000000	0.000000	0.000000	0.000000	0.000000	0.000000	0.000000	0.000000	0.489432	0.000000	0.510568	0.000000
97	tsk_97	(x)	1	:	0.000000	0.008064	0.003023	0.000000	0.000000	0.000000	0.000000	0.479281	0.500365	0.000000	0.009268	0.000000	0.000000	0.000000	0.000000
98	tsk_98	(x)	1	:	0.000000	0.000000	0.000000	0.000000	0.000000	0.000000	0.000000	0.519101	0.000000	0.000000	0.000000	0.000000	0.000000	0.480899	0.000000
99	tsk_99	(x)	1	:	0.000000	0.011522	0.007414	0.002240	0.000000	0.000000	0.000000	0.475903	0.000000	0.000000	0.006571	0.496345	0.000000	0.000000	0.000004
100	tsk_100	(x)	1	:	0.000000	0.000000	0.000000	0.000000	0.000000	0.000000	0.000000	0.000000	0.000000	0.000000	0.000000	0.000000	0.000000	0.000000	1.000000
101	tsk_101	(x)	1	:	0.000000	0.049379	0.339593	0.081239	0.000000	0.493665	0.000000	0.000000	0.000000	0.000000	0.026575	0.000000	0.009495	0.000000	0.000054
102	tsk_102	(x)	1	:	0.500008	0.157927	0.093103	0.145091	0.000000	0.000000	0.000000	0.000000	0.000000	0.000000	0.103831	0.000000	0.000000	0.000000	0.000040
103	tsk_103	(x)	1	:	0.500000	0.000000	0.000000	0.000000	0.000000	0.000000	0.000000	0.000000	0.500000	0.000000	0.000000	0.000000	0.000000	0.000000	0.000000
104	tsk_104	(x)	1	:	0.000000	0.147797	0.117972	0.057297	0.000000	0.000000	0.000000	0.000000	0.000000	0.000000	0.180633	0.496266	0.000000	0.000000	0.000035
105	tsk_105	(x)	1	:	0.500006	0.243121	0.057027	0.118414	0.000000	0.000000	0.000000	0.000000	0.000000	0.000000	0.081401	0.000000	0.000000	0.000000	0.000030
106	tsk_106	(x)	1	:	0.000000	0.166760	0.103113	0.083293	0.000000	0.000000	0.000000	0.000000	0.000000	0.000000	0.150552	0.496264	0.000000	0.000000	0.000018
107	tsk_107	(x)	1	:	0.000000	0.299516	0.077264	0.083036	0.000000	0.000000	0.000000	0.000000	0.000000	0.000000	0.043888	0.496266	0.000000	0.000000	0.000031
108	tsk_108	(x)	1	:	0.000000	0.000424	0.000407	0.000386	0.000000	0.493555	0.000000	0.000000	0.000000	0.000000	0.000972	0.495966	0.008290	0.000000	0.000000
109	tsk_109	(x)	1	:	0.000000	0.006740	0.011633	0.002725	0.000000	0.497555	0.000000	0.476298	0.000000	0.000000	0.000819	0.000000	0.004227	0.000000	0.000004
110	tsk_110	(x)	1	:	0.000000	0.000000	0.000000	0.000000	0.000000	0.000000	0.000000	0.000000	0.000000	0.000000	0.000000	0.000000	0.000000	1.000000	0.000000
111	tsk_111	(x)	1	:	0.000000	0.342132	0.325322	0.271362	0.000000	0.000000	0.000000	0.000000	0.000000	0.000000	0.061112	0.000000	0.000000	0.000000	0.000072
112	tsk_112	(x)	1	:	0.000000	0.000000	0.000000	0.000000	0.000000	0.000000	0.000000	0.000000	1.000000	0.000000	0.000000	0.000000	0.000000	0.000000	0.000000
113	tsk_113	(x)	1	:	0.000000	0.168681	0.021360	0.080329	0.000000	0.000000	0.002245	0.000000	0.497958	0.000000	0.229392	0.000000	0.000000	0.000000	0.000035
114	tsk_114	(x)	1	:	0.000000	0.103459	0.081247	0.049722	0.000000	0.000000	0.000000	0.000000	0.500004	0.000000	0.265546	0.000000	0.000000	0.000000	0.000022
115	tsk_115	(x)	1	:	0.000000	0.314211	0.451227	0.187149	0.000000	0.000000	0.000000	0.000000	0.000000	0.000000	0.047370	0.000000	0.000000	0.000000	0.000043
116	tsk_116	(x)	1	:	0.000000	0.209628	0.244000	0.017255	0.000000	0.000000	0.000000	0.000000	0.000000	0.000000	0.011385	0.000000	0.000000	0.517692	0.000040
117	tsk_117	(x)	1	:	0.000000	0.203295	0.097667	0.168315	0.000000	0.000000	0.000000	0.000000	0.000000	0.000000	0.012958	0.000000	0.000000	0.517696	0.000069
118	tsk_118	(x)	1	:	0.000000	0.212044	0.052618	0.039922	0.000000	0.000000	0.000000	0.000000	0.500000	0.000000	0.195417	0.000000	0.000000	0.000000	0.000000
119	tsk_119	(x)	1	:	0.000000	0.239372	0.603520	0.050271	0.000000	0.000000	0.000000	0.000000	0.000000	0.000000	0.106717	0.000000	0.000000	0.000000	0.000119
120	tsk_120	(x)	1	:	0.499315	0.000000	0.000000	0.000000	0.000000	0.000000	0.005648	0.000000	0.495021	0.000000	0.000000	0.000017	0.000000	0.000000	0.000000
121	tsk_121	(x)	1	:	0.500000	0.000000	0.000000	0.000000	0.000000	0.000000	0.000000	0.000000	0.500000	0.000000	0.000000	0.000000	0.000000	0.000000	0.000000
122	tsk_122	(x)	1	:	1.000000	0.000000	0.000000	0.000000	0.000000	0.000000	0.000000	0.000000	0.000000	0.000000	0.000000	0.000000	0.000000	0.000000	0.000000
123	tsk_123	(x)	1	:	0.499421	0.000108	0.000064	0.000460	0.000000	0.492764	0.000000	0.000000	0.000000	0.000000	0.000139	0.000000	0.007044	0.000000	0.000000
124	tsk_124	(x)	1	:	0.000000	0.000000	0.000000	0.000000	0.000000	0.000000	0.000000	0.000000	1.000000	0.000000	0.000000	0.000000	0.000000	0.000000	0.000000
125	tsk_125	(x)	1	:	0.000000	0.000000	0.000000	0.000000	0.000000	0.000000	0.000000	0.000000	1.000000	0.000000	0.000000	0.000000	0.000000	0.000000	0.000000
126	tsk_126	(x)	1	:	0.000000	0.276495	0.261604	0.359575	0.000000	0.000000	0.000000	0.000000	0.000000	0.000000	0.102117	0.000000	0.000000	0.000000	0.000209
127	tsk_127	(x)	1	:	0.000000	0.000000	0.000000	0.000000	0.000000	0.000000	0.000000	0.000000	1.000000	0.000000	0.000000	0.000000	0.000000	0.000000	0.000000
128	tsk_128	(x)	1	:	0.000000	0.189675	0.105919	0.000000	0.000000	0.000000	0.000000	0.000000	0.000000	0.000000	0.208080	0.496270	0.000000	0.000000	0.000056
129	tsk_129	(x)	1	:	0.500000	0.000000	0.000000	0.000000	0.000000	0.000000	0.000000	0.000000	0.500000	0.000000	0.000000	0.000000	0.000000	0.000000	0.000000
130	tsk_130	(x)	1	:	0.000000	0.072554	0.194988	0.210633	0.000000	0.000000	0.000000	0.000000	0.000000	0.000000	0.021811	0.000000	0.500002	0.000000	0.000011
131	tsk_131	(x)	1	:	0.000000	0.086396	0.194469	0.201331	0.000000	0.000000	0.000000	0.000000	0.000000	0.000000	0.017724	0.000000	0.500013	0.000000	0.000066
132	tsk_132	(x)	1	:	0.000000	0.000000	0.000000	0.000000	0.000000	0.000000	1.000000	0.000000	0.000000	0.000000	0.000000	0.000000	0.000000	0.000000	0.000000
133	tsk_133	(x)	1	:	0.000000	0.216816	0.035843	0.034537	0.000000	0.000000	0.004762	0.000000	0.495654	0.000000	0.212358	0.000006	0.000000	0.000000	0.000024
134	tsk_134	(x)	1	:	0.000000	0.000000	0.000000	0.000000	0.000000	0.000000	0.498169	0.000000	0.000000	0.000000	0.000000	0.000000	0.501831	0.000000	0.000000
135	tsk_135	(x)	1	:	0.000000	0.000000	0.000000	0.000000	0.000000	0.000000	0.000000	0.000000	0.000000	0.000000	0.000000	0.000000	1.000000	0.000000	0.000000
136	tsk_136	(x)	1	:	0.000000	0.160836	0.133815	0.197484	0.000000	0.000000	0.000000	0.000000	0.000000	0.000000	0.007780	0.000000	0.500013	0.000000	0.000071
137	tsk_137	(x)	1	:	0.000000	0.000000	0.000000	0.000000	0.000000	0.000000	0.498169	0.000000	0.000000	0.000000	0.000000	0.000000	0.501831	0.000000	0.000000
138	tsk_138	(x)	1	:	0.000000	0.000000	0.000000	0.000000	0.000000	0.000000	0.000000	0.000000	0.000000	0.000000	0.000000	0.000000	1.000000	0.000000	0.000000
139	tsk_139	(x)	1	:	0.000000	0.073786	0.094044	0.312124	0.000000	0.000000	0.000000	0.000000	0.000000	0.000000	0.019976	0.000000	0.500011	0.000000	0.000059
140	tsk_140	(x)	1	:	0.000000	0.000000	0.000000	0.000000	0.000000	0.000000	0.000000	0.000000	0.493167	0.000000	0.000000	0.000000	0.000000	0.506833	0.000000
141	tsk_141	(x)	1	:	0.000000	0.000000	0.000000	0.000000	0.495664	0.000000	0.000000	0.000000	0.000000	0.000000	0.000000	0.000000	0.504336	0.000000	0.000000
142	tsk_142	(x)	1	:	0.000000	0.000000	0.000000	0.001946	0.491751	0.000000	0.000000	0.000000	0.000000	0.000000	0.001339	0.004390	0.500575	0.000000	0.000000
143	tsk_143	(x)	1	:	0.000000	0.058602	0.082305	0.349401	0.000000	0.000000	0.000000	0.000000	0.000000	0.000000	0.009684	0.000000	0.500001	0.000000	0.000007
144	tsk_144	(x)	1	:	0.000000	0.000000	0.000000	0.000000	0.488418	0.000000	0.000002	0.000000	0.000000	0.000000	0.000000	0.001626	0.000000	0.509954	0.000000
145	tsk_145	(x)	1	:	0.000000	0.205360	0.152892	0.031717	0.517689	0.000000	0.000000	0.000000	0.000000	0.000000	0.092308	0.000000	0.000000	0.000000	0.000034
146	tsk_146	(x)	1	:	0.000000	0.173653	0.334328	0.430336	0.000000	0.000000	0.000000	0.000000	0.000000	0.000000	0.061549	0.000000	0.000000	0.000000	0.000134
147	tsk_147	(x)	1	:	0.000000	0.100800	0.344298	0.019654	0.000000	0.000000	0.000000	0.000000	0.000000	0.000000	0.017423	0.000000	0.000000	0.517703	0.000123
148	tsk_148	(x)	1	:	0.000000	0.000000	0.000000	0.000000	0.488504	0.000000	0.000000	0.000000	0.000000	0.000000	0.000000	0.001521	0.000000	0.509975	0.000000
149	tsk_149	(x)	1	:	0.000000	0.204188	0.051201	0.041908	0.517685	0.000000	0.000000	0.000000	0.000000	0.000000	0.185000	0.000000	0.000000	0.000000	0.000018
