logL = -950.425551 (converged)
AIC = 6892.851102
BIC = 14407.396796

count.K
18 8 24 18 11 6 13 15 1 7 0 8 10 11 

