logL = -1579.990194 (converged)
AIC = 6579.980389
BIC = 11728.166742

count.K
7 0 4 76 19 25 1 7 5 6 

