logL = -770.956225 (converged)
AIC = 5947.912450
BIC = 12580.342002

count.K
1 9 16 7 1 25 5 1 8 25 28 10 14 

