logL = -890.129223 (converged)
AIC = 5848.258446
BIC = 11971.890634

count.K
5 27 11 13 9 5 26 0 20 6 16 12 

