logL = -940.074369 (converged)
AIC = 2624.148739
BIC = 3744.105068

count.K
72 45 33 

