logL = -1408.740566 (converged)
AIC = 6717.481132
BIC = 12588.219955

count.K
2 7 20 1 24 12 45 35 3 1 

