logL = -1516.795477 (converged)
AIC = 7701.590954
BIC = 14728.413731

count.K
16 24 17 20 2 2 23 11 14 18 1 2 

