0	tsk_0	(x)	1	:	0.000000	0.000000	0.000000	0.000000	0.000000	0.000000	0.000000	0.000000	0.000000	0.000000	0.000000	1.000000
1	tsk_1	(x)	1	:	0.000000	0.000000	0.000000	0.000000	0.000000	0.000000	0.000000	0.000000	0.500000	0.000000	0.000000	0.500000
2	tsk_2	(x)	1	:	0.500975	0.000029	0.000000	0.000000	0.000000	0.498996	0.000000	0.000000	0.000000	0.000000	0.000000	0.000000
3	tsk_3	(x)	1	:	0.000000	0.000000	0.000000	0.000000	0.000000	0.000000	0.000000	1.000000	0.000000	0.000000	0.000000	0.000000
4	tsk_4	(x)	1	:	0.000000	0.000000	0.000000	0.000000	0.486312	0.000000	0.000000	0.000000	0.014327	0.000000	0.000000	0.499361
5	tsk_5	(x)	1	:	0.000000	0.000000	0.000000	0.000000	0.000000	0.000000	0.000000	0.000000	0.000000	0.000000	0.000000	1.000000
6	tsk_6	(x)	1	:	0.029515	0.000001	0.496821	0.000000	0.000000	0.000000	0.000000	0.469181	0.004482	0.000000	0.000000	0.000000
7	tsk_7	(x)	1	:	0.500952	0.000051	0.000000	0.000000	0.000000	0.498996	0.000000	0.000000	0.000000	0.000000	0.000000	0.000000
8	tsk_8	(x)	1	:	0.498765	0.000012	0.000000	0.000000	0.000000	0.000000	0.000000	0.000000	0.004813	0.000000	0.000000	0.496410
9	tsk_9	(x)	1	:	0.000000	0.000000	0.000000	0.000000	0.000000	0.000000	0.000000	0.000000	0.000000	0.000000	0.000000	1.000000
10	tsk_10	(x)	1	:	0.499279	0.000007	0.000000	0.000000	0.000000	0.000000	0.000001	0.000000	0.500713	0.000000	0.000000	0.000000
11	tsk_11	(x)	1	:	0.000000	0.000000	0.249981	0.501942	0.000000	0.000000	0.000000	0.000000	0.248077	0.000000	0.000000	0.000000
12	tsk_12	(x)	1	:	0.000000	0.000000	0.000000	0.501951	0.000000	0.000000	0.000000	0.000000	0.498049	0.000000	0.000000	0.000000
13	tsk_13	(x)	1	:	0.071718	0.000000	0.000000	0.000000	0.461196	0.000000	0.000000	0.467086	0.000000	0.000000	0.000000	0.000000
14	tsk_14	(x)	1	:	0.000000	0.000000	0.000000	0.000000	0.000000	0.000000	0.000000	0.000000	0.479820	0.520180	0.000000	0.000000
15	tsk_15	(x)	1	:	0.000000	0.000000	0.000000	0.000000	0.475192	0.000000	0.000000	0.000000	0.000000	0.524808	0.000000	0.000000
16	tsk_16	(x)	1	:	0.000000	0.000000	0.000000	0.000000	0.000000	0.000000	0.000000	0.000000	1.000000	0.000000	0.000000	0.000000
17	tsk_17	(x)	1	:	0.000000	0.000000	0.249999	0.000000	0.000000	0.000000	0.000000	0.000000	0.229821	0.520180	0.000000	0.000000
18	tsk_18	(x)	1	:	0.000000	0.000000	0.000000	0.000000	0.000000	0.000000	0.000000	0.000000	0.479820	0.520180	0.000000	0.000000
19	tsk_19	(x)	1	:	0.000000	0.000000	0.000000	0.492943	0.000015	0.000000	0.000000	0.000000	0.000000	0.507042	0.000000	0.000000
20	tsk_20	(x)	1	:	0.031191	0.000001	0.000000	0.000000	0.000000	0.499145	0.000000	0.469663	0.000000	0.000000	0.000000	0.000000
21	tsk_21	(x)	1	:	0.031994	0.000001	0.000000	0.000000	0.000000	0.000000	0.000000	0.467284	0.500721	0.000000	0.000000	0.000000
22	tsk_22	(x)	1	:	0.000000	0.000000	0.000000	0.000000	0.000000	0.000000	0.000000	0.000000	0.000333	0.515409	0.000000	0.484258
23	tsk_23	(x)	1	:	0.000000	0.000000	0.249999	0.000000	0.000000	0.000000	0.000000	0.000000	0.229821	0.520180	0.000000	0.000000
24	tsk_24	(x)	1	:	0.499256	0.000030	0.000000	0.000000	0.000000	0.000000	0.000000	0.000000	0.500714	0.000000	0.000000	0.000000
25	tsk_25	(x)	1	:	0.498735	0.000018	0.496238	0.000000	0.000000	0.000000	0.000000	0.000000	0.005009	0.000000	0.000000	0.000000
26	tsk_26	(x)	1	:	0.999983	0.000016	0.000000	0.000000	0.000000	0.000000	0.000000	0.000000	0.000000	0.000000	0.000000	0.000000
27	tsk_27	(x)	1	:	0.000000	0.000000	0.486553	0.000000	0.000000	0.000000	0.000000	0.512999	0.000448	0.000000	0.000000	0.000000
28	tsk_28	(x)	1	:	0.000000	0.000000	0.000000	0.000000	0.000000	0.485465	0.000000	0.514535	0.000000	0.000000	0.000000	0.000000
29	tsk_29	(x)	1	:	0.499277	0.000009	0.000000	0.000000	0.000000	0.000000	0.000000	0.000000	0.500713	0.000000	0.000000	0.000000
30	tsk_30	(x)	1	:	0.000000	0.000000	0.000000	0.000000	0.495612	0.000000	0.000000	0.000000	0.006872	0.000000	0.000000	0.497515
31	tsk_31	(x)	1	:	0.499270	0.000016	0.000000	0.000000	0.000000	0.000000	0.000000	0.000000	0.500713	0.000000	0.000000	0.000000
32	tsk_32	(x)	1	:	0.999982	0.000018	0.000000	0.000000	0.000000	0.000000	0.000000	0.000000	0.000000	0.000000	0.000000	0.000000
33	tsk_33	(x)	1	:	0.000000	0.000000	1.000000	0.000000	0.000000	0.000000	0.000000	0.000000	0.000000	0.000000	0.000000	0.000000
34	tsk_34	(x)	1	:	0.999972	0.000028	0.000000	0.000000	0.000000	0.000000	0.000000	0.000000	0.000000	0.000000	0.000000	0.000000
35	tsk_35	(x)	1	:	0.601187	0.000056	0.000000	0.000000	0.398756	0.000000	0.000000	0.000000	0.000000	0.000000	0.000000	0.000000
36	tsk_36	(x)	1	:	0.134295	0.000014	0.000000	0.000000	0.398707	0.000000	0.000000	0.466983	0.000000	0.000000	0.000000	0.000000
37	tsk_37	(x)	1	:	0.999970	0.000030	0.000000	0.000000	0.000000	0.000000	0.000000	0.000000	0.000000	0.000000	0.000000	0.000000
38	tsk_38	(x)	1	:	0.601021	0.000206	0.000000	0.000000	0.398772	0.000000	0.000000	0.000000	0.000000	0.000000	0.000000	0.000000
39	tsk_39	(x)	1	:	0.499276	0.000010	0.000000	0.000000	0.000000	0.000000	0.000000	0.000000	0.500713	0.000000	0.000000	0.000000
40	tsk_40	(x)	1	:	0.144244	0.000002	0.000000	0.000000	0.000000	0.000000	0.000000	0.000000	0.004994	0.000000	0.354511	0.496248
41	tsk_41	(x)	1	:	0.000000	0.000000	0.000000	0.000000	0.000000	1.000000	0.000000	0.000000	0.000000	0.000000	0.000000	0.000000
42	tsk_42	(x)	1	:	0.000000	0.000000	0.000000	0.730217	0.269783	0.000000	0.000000	0.000000	0.000000	0.000000	0.000000	0.000000
43	tsk_43	(x)	1	:	0.000000	0.000000	0.000000	0.501371	0.000000	0.000000	0.000000	0.000000	0.003076	0.000000	0.000000	0.495553
44	tsk_44	(x)	1	:	0.000000	0.000000	0.000000	0.000000	0.000000	0.000000	0.000000	0.000000	0.000000	0.000000	0.000000	1.000000
45	tsk_45	(x)	1	:	0.000000	0.000000	0.000000	0.501361	0.000000	0.000000	0.000000	0.000000	0.003171	0.000000	0.000000	0.495468
46	tsk_46	(x)	1	:	0.000000	0.000000	0.000000	0.501377	0.000000	0.000000	0.000000	0.000000	0.003023	0.000000	0.000000	0.495599
47	tsk_47	(x)	1	:	0.000000	0.000000	0.000000	0.000000	0.497988	0.502012	0.000000	0.000000	0.000000	0.000000	0.000000	0.000000
48	tsk_48	(x)	1	:	0.000000	0.000000	0.000000	0.000000	0.000000	0.000000	0.000000	0.000000	0.000000	0.000000	1.000000	0.000000
49	tsk_49	(x)	1	:	0.000000	0.000000	0.000000	0.503170	0.000000	0.496830	0.000000	0.000000	0.000000	0.000000	0.000000	0.000000
50	tsk_50	(x)	1	:	0.178575	0.000005	0.000000	0.000000	0.000000	0.000000	0.000000	0.467005	0.000000	0.000000	0.354415	0.000000
51	tsk_51	(x)	1	:	0.020277	0.000001	0.000000	0.000000	0.000000	0.000000	0.000000	0.468275	0.000000	0.511447	0.000000	0.000000
52	tsk_52	(x)	1	:	0.051055	0.000001	0.000000	0.000000	0.000000	0.000000	0.000000	0.467221	0.000000	0.481723	0.000000	0.000000
53	tsk_53	(x)	1	:	0.538783	0.000002	0.000000	0.000000	0.461215	0.000000	0.000000	0.000000	0.000000	0.000000	0.000000	0.000000
54	tsk_54	(x)	1	:	0.031551	0.000001	0.000000	0.000000	0.000000	0.000000	0.000000	0.467698	0.500750	0.000000	0.000000	0.000000
55	tsk_55	(x)	1	:	0.131637	0.000001	0.000000	0.000000	0.000000	0.000000	0.000000	0.000000	0.000000	0.511044	0.357317	0.000000
56	tsk_56	(x)	1	:	0.131684	0.000001	0.000000	0.000000	0.000000	0.000000	0.000000	0.000000	0.000000	0.511041	0.357274	0.000000
57	tsk_57	(x)	1	:	0.022741	0.000000	0.000000	0.000000	0.000000	0.000000	0.000000	0.465990	0.000000	0.511269	0.000000	0.000000
58	tsk_58	(x)	1	:	0.532783	0.000011	0.000000	0.000000	0.000000	0.000000	0.000000	0.467206	0.000000	0.000000	0.000000	0.000000
59	tsk_59	(x)	1	:	0.000000	0.000000	0.000000	0.000000	1.000000	0.000000	0.000000	0.000000	0.000000	0.000000	0.000000	0.000000
60	tsk_60	(x)	1	:	0.999985	0.000015	0.000000	0.000000	0.000000	0.000000	0.000000	0.000000	0.000000	0.000000	0.000000	0.000000
61	tsk_61	(x)	1	:	0.000000	0.000000	0.000000	0.000000	0.513422	0.000000	0.000000	0.000000	0.000000	0.486577	0.000000	0.000000
62	tsk_62	(x)	1	:	0.499280	0.000007	0.000000	0.000000	0.000000	0.000000	0.000000	0.000000	0.500713	0.000000	0.000000	0.000000
63	tsk_63	(x)	1	:	0.510343	0.000128	0.000000	0.000000	0.489529	0.000000	0.000000	0.000000	0.000000	0.000000	0.000000	0.000000
64	tsk_64	(x)	1	:	0.000000	0.000000	0.499995	0.000000	0.467384	0.000000	0.000000	0.000000	0.032621	0.000000	0.000000	0.000000
65	tsk_65	(x)	1	:	0.999987	0.000013	0.000000	0.000000	0.000000	0.000000	0.000000	0.000000	0.000000	0.000000	0.000000	0.000000
66	tsk_66	(x)	1	:	0.412557	0.000121	0.000000	0.000000	0.587322	0.000000	0.000000	0.000000	0.000000	0.000000	0.000000	0.000000
67	tsk_67	(x)	1	:	0.518263	0.000016	0.000000	0.000000	0.000000	0.000000	0.000000	0.000000	0.000000	0.481721	0.000000	0.000000
68	tsk_68	(x)	1	:	0.000000	0.000000	0.000000	0.000000	0.495946	0.000000	0.000000	0.000000	0.504054	0.000000	0.000000	0.000000
69	tsk_69	(x)	1	:	0.000000	0.000000	0.000000	0.000000	0.000000	0.000000	0.000000	0.000000	0.000000	1.000000	0.000000	0.000000
70	tsk_70	(x)	1	:	0.000000	0.000000	0.000000	0.000000	0.000000	0.000000	0.000000	1.000000	0.000000	0.000000	0.000000	0.000000
71	tsk_71	(x)	1	:	0.000000	0.000000	0.000000	0.000000	0.527334	0.000000	0.000000	0.000000	0.000013	0.000000	0.000000	0.472652
72	tsk_72	(x)	1	:	0.000000	0.000000	0.480986	0.000000	0.000000	0.518946	0.000000	0.000000	0.000069	0.000000	0.000000	0.000000
73	tsk_73	(x)	1	:	0.000000	0.000000	0.000000	0.000000	0.524486	0.000000	0.000000	0.000000	0.000000	0.475514	0.000000	0.000000
74	tsk_74	(x)	1	:	0.500972	0.000032	0.000000	0.000000	0.000000	0.498996	0.000000	0.000000	0.000000	0.000000	0.000000	0.000000
75	tsk_75	(x)	1	:	0.000000	0.000000	0.000000	0.000000	0.000000	0.000000	0.000000	0.000000	0.537403	0.462597	0.000000	0.000000
76	tsk_76	(x)	1	:	0.000000	0.000000	0.000000	0.000000	0.000000	0.000000	0.000000	0.000000	0.000353	0.515405	0.000000	0.484242
77	tsk_77	(x)	1	:	0.022662	0.000000	0.000000	0.000000	0.000000	0.000000	0.000000	0.466063	0.000000	0.511274	0.000000	0.000000
78	tsk_78	(x)	1	:	0.000000	0.000000	0.000000	0.000000	0.486304	0.000000	0.000000	0.000000	0.014394	0.000000	0.000000	0.499302
79	tsk_79	(x)	1	:	0.000000	0.000000	0.000000	0.000000	0.504893	0.000000	0.000000	0.000000	0.000000	0.495107	0.000000	0.000000
80	tsk_80	(x)	1	:	0.498975	0.000014	0.000000	0.000000	0.000000	0.000000	0.495805	0.000000	0.005206	0.000000	0.000000	0.000000
81	tsk_81	(x)	1	:	0.498764	0.000005	0.496354	0.000000	0.000000	0.000000	0.000000	0.000000	0.004877	0.000000	0.000000	0.000000
82	tsk_82	(x)	1	:	0.000000	0.000000	0.000000	0.000000	0.000000	0.000000	0.000000	0.000000	0.500000	0.000000	0.000000	0.500000
83	tsk_83	(x)	1	:	0.498972	0.000023	0.000000	0.000000	0.000000	0.000000	0.495898	0.000000	0.005106	0.000000	0.000000	0.000000
84	tsk_84	(x)	1	:	0.499259	0.000026	0.000000	0.000000	0.000000	0.000000	0.000000	0.000000	0.500714	0.000000	0.000000	0.000000
85	tsk_85	(x)	1	:	0.028265	0.000000	0.000000	0.000000	0.000000	0.000000	0.496438	0.470536	0.004761	0.000000	0.000000	0.000000
86	tsk_86	(x)	1	:	0.029279	0.000000	0.000000	0.000000	0.000000	0.000000	0.496926	0.469620	0.004174	0.000000	0.000000	0.000000
87	tsk_87	(x)	1	:	0.999980	0.000020	0.000000	0.000000	0.000000	0.000000	0.000000	0.000000	0.000000	0.000000	0.000000	0.000000
88	tsk_88	(x)	1	:	0.030931	0.000001	0.496649	0.000000	0.000000	0.000000	0.000000	0.467834	0.004586	0.000000	0.000000	0.000000
89	tsk_89	(x)	1	:	0.000000	0.000000	0.497689	0.000000	0.000000	0.000000	0.495357	0.000000	0.006954	0.000000	0.000000	0.000000
90	tsk_90	(x)	1	:	0.000000	0.000000	0.000000	0.000000	0.000000	0.000000	0.000000	0.000000	0.500000	0.000000	0.000000	0.500000
91	tsk_91	(x)	1	:	0.000000	0.000000	0.496248	0.000000	0.000000	0.000000	0.000000	0.000000	0.007504	0.000000	0.000000	0.496248
92	tsk_92	(x)	1	:	0.000000	0.000000	0.000000	0.000000	0.495626	0.000000	0.000000	0.000000	0.006759	0.000000	0.000000	0.497615
93	tsk_93	(x)	1	:	0.000000	0.000000	1.000000	0.000000	0.000000	0.000000	0.000000	0.000000	0.000000	0.000000	0.000000	0.000000
94	tsk_94	(x)	1	:	0.000000	0.000000	0.495970	0.000000	0.000000	0.000000	0.000000	0.000000	0.008060	0.000000	0.000000	0.495970
95	tsk_95	(x)	1	:	0.000000	0.000000	0.495815	0.000000	0.000000	0.000000	0.000000	0.000000	0.008369	0.000000	0.000000	0.495815
96	tsk_96	(x)	1	:	0.000000	0.000000	0.472651	0.000000	0.527334	0.000000	0.000000	0.000000	0.000015	0.000000	0.000000	0.000000
97	tsk_97	(x)	1	:	0.000000	0.000000	1.000000	0.000000	0.000000	0.000000	0.000000	0.000000	0.000000	0.000000	0.000000	0.000000
98	tsk_98	(x)	1	:	0.000000	0.000000	0.000000	0.000000	0.000000	0.000000	0.000000	0.000000	0.002240	0.000000	0.504328	0.493432
99	tsk_99	(x)	1	:	0.144263	0.000004	0.000000	0.000000	0.000000	0.000000	0.000000	0.000000	0.004988	0.000000	0.354492	0.496253
100	tsk_100	(x)	1	:	0.532767	0.000017	0.000000	0.000000	0.000000	0.000000	0.000000	0.467216	0.000000	0.000000	0.000000	0.000000
101	tsk_101	(x)	1	:	0.407196	0.000006	0.000000	0.000000	0.000000	0.000000	0.000000	0.000000	0.000000	0.000000	0.592798	0.000000
102	tsk_102	(x)	1	:	0.000000	0.000000	0.000000	0.000000	0.000000	0.000000	0.000000	0.000000	0.474810	0.000000	0.525190	0.000000
103	tsk_103	(x)	1	:	0.999989	0.000011	0.000000	0.000000	0.000000	0.000000	0.000000	0.000000	0.000000	0.000000	0.000000	0.000000
104	tsk_104	(x)	1	:	0.000000	0.000000	0.000000	0.000000	0.000000	0.000000	0.000000	0.000000	0.000000	0.000000	1.000000	0.000000
105	tsk_105	(x)	1	:	0.499260	0.000026	0.000000	0.000000	0.000000	0.000000	0.000000	0.000000	0.500714	0.000000	0.000000	0.000000
106	tsk_106	(x)	1	:	0.000222	0.000000	0.000000	0.000000	0.000000	0.000000	0.000000	0.431709	0.000000	0.000000	0.568069	0.000000
107	tsk_107	(x)	1	:	0.031407	0.000000	0.497003	0.000000	0.000000	0.000000	0.000000	0.467435	0.004154	0.000000	0.000000	0.000000
108	tsk_108	(x)	1	:	0.288437	0.000004	0.000000	0.000000	0.000000	0.000000	0.000000	0.000000	0.000000	0.000000	0.711558	0.000000
109	tsk_109	(x)	1	:	0.000000	0.000000	0.500000	0.000000	0.000000	0.000000	0.000000	0.000000	0.500000	0.000000	0.000000	0.000000
110	tsk_110	(x)	1	:	0.000000	0.000000	0.000000	0.000000	1.000000	0.000000	0.000000	0.000000	0.000000	0.000000	0.000000	0.000000
111	tsk_111	(x)	1	:	0.000000	0.000000	0.000000	0.000000	0.551478	0.000000	0.000000	0.000000	0.000000	0.448522	0.000000	0.000000
112	tsk_112	(x)	1	:	0.000000	0.000000	0.000000	0.000000	0.000000	0.000000	0.000000	0.000000	0.037407	0.462598	0.000000	0.499994
113	tsk_113	(x)	1	:	0.000000	0.000000	0.000000	0.501369	0.000000	0.000000	0.000000	0.000000	0.003102	0.000000	0.000000	0.495530
114	tsk_114	(x)	1	:	0.000000	0.000000	0.000000	0.000000	1.000000	0.000000	0.000000	0.000000	0.000000	0.000000	0.000000	0.000000
115	tsk_115	(x)	1	:	0.000000	0.000000	0.000000	0.000000	0.513422	0.000000	0.000000	0.000000	0.000000	0.486577	0.000000	0.000000
116	tsk_116	(x)	1	:	0.000000	0.000000	0.000000	0.000000	0.000000	0.000000	0.000000	0.000000	0.037410	0.462598	0.000000	0.499993
117	tsk_117	(x)	1	:	0.000000	0.000000	0.000000	0.000000	0.551478	0.000000	0.000000	0.000000	0.000000	0.448522	0.000000	0.000000
118	tsk_118	(x)	1	:	0.000000	0.000000	0.000000	0.501361	0.000000	0.000000	0.000000	0.000000	0.003170	0.000000	0.000000	0.495469
119	tsk_119	(x)	1	:	0.000000	0.000000	0.000000	0.518762	0.000000	0.000000	0.000000	0.000000	0.000000	0.481237	0.000000	0.000000
120	tsk_120	(x)	1	:	0.510441	0.000041	0.000000	0.000000	0.489518	0.000000	0.000000	0.000000	0.000000	0.000000	0.000000	0.000000
121	tsk_121	(x)	1	:	0.000000	0.000000	0.000000	0.000000	1.000000	0.000000	0.000000	0.000000	0.000000	0.000000	0.000000	0.000000
122	tsk_122	(x)	1	:	0.000000	0.000000	0.000000	0.000000	1.000000	0.000000	0.000000	0.000000	0.000000	0.000000	0.000000	0.000000
123	tsk_123	(x)	1	:	0.039505	0.000004	0.000000	0.000000	0.490155	0.000000	0.000000	0.470336	0.000000	0.000000	0.000000	0.000000
124	tsk_124	(x)	1	:	0.040698	0.000003	0.000000	0.000000	0.489953	0.000000	0.000000	0.469345	0.000000	0.000000	0.000000	0.000000
125	tsk_125	(x)	1	:	0.037608	0.000004	0.000000	0.000000	0.490477	0.000000	0.000000	0.471911	0.000000	0.000000	0.000000	0.000000
126	tsk_126	(x)	1	:	0.000000	0.000000	0.000000	0.000000	1.000000	0.000000	0.000000	0.000000	0.000000	0.000000	0.000000	0.000000
127	tsk_127	(x)	1	:	0.040219	0.000003	0.000000	0.000000	0.490034	0.000000	0.000000	0.469743	0.000000	0.000000	0.000000	0.000000
128	tsk_128	(x)	1	:	0.000000	0.000000	0.000000	0.000000	0.495946	0.000000	0.000000	0.000000	0.504054	0.000000	0.000000	0.000000
129	tsk_129	(x)	1	:	0.000000	0.000000	0.000000	0.000000	1.000000	0.000000	0.000000	0.000000	0.000000	0.000000	0.000000	0.000000
130	tsk_130	(x)	1	:	0.000000	0.000000	0.000000	0.000000	0.000000	0.000000	0.000000	0.000000	0.000000	0.000000	1.000000	0.000000
131	tsk_131	(x)	1	:	0.000000	0.000000	0.499998	0.000000	0.000000	0.000000	0.000000	0.000000	0.037403	0.462599	0.000000	0.000000
132	tsk_132	(x)	1	:	0.000000	0.000000	0.486589	0.000000	0.000000	0.000000	0.000000	0.513003	0.000408	0.000000	0.000000	0.000000
133	tsk_133	(x)	1	:	0.144225	0.000002	0.000000	0.000000	0.000000	0.000000	0.000000	0.000000	0.005109	0.000000	0.354516	0.496148
134	tsk_134	(x)	1	:	0.000000	0.000000	0.487687	0.000000	0.511583	0.000000	0.000000	0.000000	0.000730	0.000000	0.000000	0.000000
135	tsk_135	(x)	1	:	0.000000	0.000000	0.000000	0.000000	0.000000	0.000000	0.000000	0.533615	0.000000	0.466385	0.000000	0.000000
136	tsk_136	(x)	1	:	0.000000	0.000000	0.000000	0.000000	1.000000	0.000000	0.000000	0.000000	0.000000	0.000000	0.000000	0.000000
137	tsk_137	(x)	1	:	0.000000	0.000000	0.000000	0.000000	0.000000	0.000000	0.000000	0.513009	0.000361	0.000000	0.000000	0.486631
138	tsk_138	(x)	1	:	0.040731	0.000000	0.000000	0.000000	0.590361	0.000000	0.000000	0.000000	0.000000	0.000000	0.368908	0.000000
139	tsk_139	(x)	1	:	0.000000	0.000000	1.000000	0.000000	0.000000	0.000000	0.000000	0.000000	0.000000	0.000000	0.000000	0.000000
140	tsk_140	(x)	1	:	0.514829	0.000000	0.000000	0.000000	0.000000	0.000000	0.000000	0.000000	0.000171	0.000000	0.000000	0.485000
141	tsk_141	(x)	1	:	0.000000	0.511907	0.000000	0.000000	0.488093	0.000000	0.000000	0.000000	0.000000	0.000000	0.000000	0.000000
142	tsk_142	(x)	1	:	0.000000	0.000000	0.000000	0.000000	0.485548	0.000000	0.000000	0.000000	0.000000	0.514452	0.000000	0.000000
143	tsk_143	(x)	1	:	0.000001	0.500026	0.497625	0.000000	0.000000	0.000000	0.000000	0.000000	0.002349	0.000000	0.000000	0.000000
144	tsk_144	(x)	1	:	0.030186	0.000001	0.000000	0.000000	0.000000	0.000000	0.000000	0.468572	0.004269	0.000000	0.000000	0.496971
145	tsk_145	(x)	1	:	0.584808	0.415192	0.000000	0.000000	0.000000	0.000000	0.000000	0.000000	0.000000	0.000000	0.000000	0.000000
146	tsk_146	(x)	1	:	0.000000	0.500088	0.000000	0.000000	0.000000	0.000000	0.000000	0.000000	0.001835	0.000000	0.000000	0.498078
147	tsk_147	(x)	1	:	0.687752	0.000000	0.000000	0.000000	0.000000	0.000000	0.000000	0.312247	0.000000	0.000000	0.000000	0.000000
148	tsk_148	(x)	1	:	0.584470	0.415530	0.000000	0.000000	0.000000	0.000000	0.000000	0.000000	0.000000	0.000000	0.000000	0.000000
149	tsk_149	(x)	1	:	0.000000	0.500050	0.000000	0.000000	0.000000	0.000000	0.000000	0.000000	0.002152	0.000000	0.000000	0.497799
