0	tsk_0	(x)	1	:	0.000000	0.000000	0.000000	0.500000	0.000000	0.000000	0.185286	0.000000	0.000000	0.000000	0.000000	0.000000	0.314714	0.000000	0.000000
1	tsk_1	(x)	1	:	0.000000	0.000000	0.000000	0.000000	0.000000	0.000000	0.888561	0.000000	0.000000	0.000000	0.000000	0.000000	0.111439	0.000000	0.000000
2	tsk_2	(x)	1	:	0.000000	0.000000	0.000000	0.541492	0.000000	0.000000	0.000000	0.000000	0.000000	0.000000	0.000000	0.000000	0.000000	0.458508	0.000000
3	tsk_3	(x)	1	:	0.000000	0.000000	0.000000	0.000000	0.000000	0.000000	0.875920	0.000000	0.000000	0.000000	0.000000	0.000000	0.124080	0.000000	0.000000
4	tsk_4	(x)	1	:	0.000000	0.000000	0.000000	0.500000	0.000000	0.000000	0.257567	0.000000	0.000000	0.000000	0.000000	0.000000	0.242433	0.000000	0.000000
5	tsk_5	(x)	1	:	0.000000	0.500000	0.000000	0.000000	0.000000	0.000000	0.211879	0.000000	0.000000	0.000000	0.000000	0.000000	0.288121	0.000000	0.000000
6	tsk_6	(x)	1	:	0.000000	0.000000	0.000000	1.000000	0.000000	0.000000	0.000000	0.000000	0.000000	0.000000	0.000000	0.000000	0.000000	0.000000	0.000000
7	tsk_7	(x)	1	:	0.000000	0.000000	0.000000	0.500000	0.000000	0.000000	0.252781	0.000000	0.000000	0.000000	0.000000	0.000000	0.247219	0.000000	0.000000
8	tsk_8	(x)	1	:	0.000000	1.000000	0.000000	0.000000	0.000000	0.000000	0.000000	0.000000	0.000000	0.000000	0.000000	0.000000	0.000000	0.000000	0.000000
9	tsk_9	(x)	1	:	0.000000	0.000000	0.000000	0.000000	0.000000	0.000000	0.223351	0.000000	0.000000	0.000000	0.000000	0.000000	0.282644	0.494005	0.000000
10	tsk_10	(x)	1	:	0.000000	0.000000	0.000000	0.000000	0.000000	0.485251	0.451490	0.000000	0.000000	0.000000	0.000000	0.000000	0.063260	0.000000	0.000000
11	tsk_11	(x)	1	:	0.000000	0.000000	0.465971	0.000000	0.000000	0.485255	0.036517	0.000000	0.000000	0.000000	0.000000	0.000000	0.012257	0.000000	0.000000
12	tsk_12	(x)	1	:	0.000000	0.000000	0.465968	0.000000	0.000000	0.000000	0.395532	0.000000	0.000000	0.000000	0.000000	0.000000	0.138500	0.000000	0.000000
13	tsk_13	(x)	1	:	0.000000	0.000000	0.552029	0.000000	0.000000	0.000000	0.352723	0.000000	0.000000	0.000000	0.000000	0.000000	0.095248	0.000000	0.000000
14	tsk_14	(x)	1	:	0.000000	0.000000	0.000000	0.000000	0.000000	0.000000	0.564965	0.000000	0.000000	0.000000	0.000000	0.000000	0.435034	0.000000	0.000000
15	tsk_15	(x)	1	:	0.000000	0.000000	0.000000	0.000000	0.000000	0.000000	0.746086	0.000000	0.000000	0.000000	0.000000	0.000000	0.253914	0.000000	0.000000
16	tsk_16	(x)	1	:	0.000000	0.000000	0.000000	0.000000	0.488073	0.000000	0.000000	0.000000	0.000000	0.000000	0.000000	0.000000	0.000000	0.511927	0.000000
17	tsk_17	(x)	1	:	0.000000	0.000000	0.000000	0.000000	0.000000	0.485251	0.379649	0.000000	0.000000	0.000000	0.000000	0.000000	0.135100	0.000000	0.000000
18	tsk_18	(x)	1	:	0.000000	0.000000	0.492199	0.000000	0.279691	0.000000	0.000000	0.000000	0.000000	0.000000	0.000000	0.000000	0.000000	0.228110	0.000000
19	tsk_19	(x)	1	:	0.000000	0.000000	0.000000	0.000000	0.279663	0.485253	0.008979	0.000000	0.000000	0.000000	0.000000	0.000000	0.011575	0.214531	0.000000
20	tsk_20	(x)	1	:	0.000000	0.000000	0.552029	0.000000	0.000000	0.000000	0.381018	0.000000	0.000000	0.000000	0.000000	0.000000	0.066953	0.000000	0.000000
21	tsk_21	(x)	1	:	0.000000	0.000000	0.552029	0.000000	0.000000	0.000000	0.386460	0.000000	0.000000	0.000000	0.000000	0.000000	0.061511	0.000000	0.000000
22	tsk_22	(x)	1	:	0.000000	0.500000	0.000000	0.000000	0.000000	0.000000	0.231327	0.000000	0.000000	0.000000	0.000000	0.000000	0.268673	0.000000	0.000000
23	tsk_23	(x)	1	:	0.000000	0.000000	0.000000	0.000000	0.335330	0.000000	0.298122	0.000000	0.000000	0.000000	0.000000	0.000000	0.207656	0.158892	0.000000
24	tsk_24	(x)	1	:	0.000000	0.482679	0.517321	0.000000	0.000000	0.000000	0.000000	0.000000	0.000000	0.000000	0.000000	0.000000	0.000000	0.000000	0.000000
25	tsk_25	(x)	1	:	0.000000	0.000000	0.000000	0.000000	0.000000	0.000000	0.000000	0.000000	0.368771	0.631229	0.000000	0.000000	0.000000	0.000000	0.000000
26	tsk_26	(x)	1	:	0.000000	0.000000	0.000000	0.000000	0.334890	0.000000	0.000000	0.000000	0.000000	0.629270	0.000000	0.000000	0.000000	0.035840	0.000000
27	tsk_27	(x)	1	:	0.000000	0.500000	0.000000	0.000000	0.000000	0.000000	0.208990	0.000000	0.000000	0.000000	0.000000	0.000000	0.291010	0.000000	0.000000
28	tsk_28	(x)	1	:	0.000000	0.000000	0.465968	0.000000	0.000000	0.000000	0.471473	0.000000	0.000000	0.000000	0.000000	0.000000	0.062559	0.000000	0.000000
29	tsk_29	(x)	1	:	0.000000	0.000000	0.000000	0.000000	0.000000	0.000000	0.349270	0.000000	0.000000	0.000000	0.000000	0.514797	0.135933	0.000000	0.000000
30	tsk_30	(x)	1	:	0.000000	0.000000	0.000000	0.000000	0.000000	0.485251	0.014178	0.000000	0.495454	0.000000	0.000000	0.000000	0.005117	0.000000	0.000000
31	tsk_31	(x)	1	:	0.000000	0.000000	0.000000	0.000000	0.000000	0.000000	0.000000	0.000000	0.538965	0.000000	0.000000	0.000000	0.000000	0.461035	0.000000
32	tsk_32	(x)	1	:	0.000000	0.000000	0.000000	0.000000	0.000000	0.000000	0.288392	0.000000	0.000000	0.000000	0.000000	0.000000	0.217603	0.494005	0.000000
33	tsk_33	(x)	1	:	0.000000	0.000000	0.000000	0.000000	0.000000	0.000000	0.000000	0.000000	0.171957	0.228369	0.000000	0.000000	0.000000	0.599674	0.000000
34	tsk_34	(x)	1	:	0.000000	0.000000	0.000000	0.503510	0.000000	0.000000	0.000000	0.000000	0.496490	0.000000	0.000000	0.000000	0.000000	0.000000	0.000000
35	tsk_35	(x)	1	:	0.000000	0.000000	0.000000	0.000000	0.000000	0.485239	0.000000	0.000000	0.000000	0.000000	0.000000	0.514761	0.000000	0.000000	0.000000
36	tsk_36	(x)	1	:	0.000000	0.000000	0.000000	0.000000	0.000000	0.000000	0.000000	0.000000	0.538965	0.000000	0.000000	0.000000	0.000000	0.461035	0.000000
37	tsk_37	(x)	1	:	0.000000	0.000000	0.544146	0.000000	0.000000	0.000000	0.423023	0.000000	0.000000	0.000000	0.000000	0.000000	0.032831	0.000000	0.000000
38	tsk_38	(x)	1	:	0.000000	0.000000	0.000000	0.000000	0.000000	0.000000	0.220186	0.000000	0.000000	0.648329	0.000000	0.000000	0.131485	0.000000	0.000000
39	tsk_39	(x)	1	:	0.000000	0.000000	0.000000	0.000000	0.000000	0.000000	0.000000	0.000000	0.000000	0.000000	0.000000	0.000000	0.000000	1.000000	0.000000
40	tsk_40	(x)	1	:	0.000000	0.000000	0.000000	0.000000	0.000000	0.000000	0.339033	0.500000	0.000000	0.000000	0.000000	0.000000	0.160967	0.000000	0.000000
41	tsk_41	(x)	1	:	0.000000	0.000000	0.000000	0.000000	0.335330	0.000000	0.383261	0.000000	0.000000	0.000000	0.000000	0.000000	0.122517	0.158892	0.000000
42	tsk_42	(x)	1	:	0.000000	0.000000	0.000000	0.000000	0.336877	0.000000	0.000000	0.000000	0.000000	0.000000	0.000000	0.000000	0.000000	0.663123	0.000000
43	tsk_43	(x)	1	:	0.000000	0.000000	0.492172	0.000000	0.335365	0.000000	0.000000	0.000000	0.000000	0.000000	0.000000	0.000000	0.000000	0.172462	0.000000
44	tsk_44	(x)	1	:	0.000000	0.000000	0.000000	0.000000	0.000000	0.000000	0.255783	0.000000	0.432402	0.000000	0.000000	0.000000	0.311815	0.000000	0.000000
45	tsk_45	(x)	1	:	0.000000	0.000000	0.000000	0.000000	0.335330	0.000000	0.299372	0.000000	0.000000	0.000000	0.000000	0.000000	0.206406	0.158892	0.000000
46	tsk_46	(x)	1	:	0.000000	0.000000	0.000000	0.000000	0.336877	0.000000	0.000000	0.000000	0.000000	0.000000	0.000000	0.000000	0.000000	0.663123	0.000000
47	tsk_47	(x)	1	:	0.000000	0.000000	0.465968	0.000000	0.000000	0.000000	0.338513	0.000000	0.000000	0.000000	0.000000	0.000000	0.195519	0.000000	0.000000
48	tsk_48	(x)	1	:	0.000000	0.000000	0.000000	0.000000	0.000000	0.000000	0.903389	0.000000	0.000000	0.000000	0.000000	0.000000	0.096611	0.000000	0.000000
49	tsk_49	(x)	1	:	0.000000	0.000000	0.000000	0.000000	0.000000	0.000000	0.000000	0.503732	0.000000	0.000000	0.000000	0.000000	0.000000	0.496268	0.000000
50	tsk_50	(x)	1	:	0.000000	1.000000	0.000000	0.000000	0.000000	0.000000	0.000000	0.000000	0.000000	0.000000	0.000000	0.000000	0.000000	0.000000	0.000000
51	tsk_51	(x)	1	:	0.000000	0.000000	0.000000	0.539970	0.335179	0.000000	0.000000	0.000000	0.000000	0.000000	0.000000	0.000000	0.000000	0.124851	0.000000
52	tsk_52	(x)	1	:	0.000000	0.000000	1.000000	0.000000	0.000000	0.000000	0.000000	0.000000	0.000000	0.000000	0.000000	0.000000	0.000000	0.000000	0.000000
53	tsk_53	(x)	1	:	0.000000	0.000000	0.000000	1.000000	0.000000	0.000000	0.000000	0.000000	0.000000	0.000000	0.000000	0.000000	0.000000	0.000000	0.000000
54	tsk_54	(x)	1	:	0.000000	0.000000	0.488554	0.511446	0.000000	0.000000	0.000000	0.000000	0.000000	0.000000	0.000000	0.000000	0.000000	0.000000	0.000000
55	tsk_55	(x)	1	:	0.000000	0.504196	0.000000	0.000000	0.000000	0.000000	0.000000	0.000000	0.000000	0.000000	0.000000	0.000000	0.000000	0.495804	0.000000
56	tsk_56	(x)	1	:	0.000000	0.500000	0.000000	0.500000	0.000000	0.000000	0.000000	0.000000	0.000000	0.000000	0.000000	0.000000	0.000000	0.000000	0.000000
57	tsk_57	(x)	1	:	0.500000	0.000000	0.000000	0.000000	0.000000	0.000000	0.219794	0.000000	0.000000	0.000000	0.000000	0.000000	0.280206	0.000000	0.000000
58	tsk_58	(x)	1	:	0.000000	0.500000	0.000000	0.500000	0.000000	0.000000	0.000000	0.000000	0.000000	0.000000	0.000000	0.000000	0.000000	0.000000	0.000000
59	tsk_59	(x)	1	:	0.000000	0.000000	0.488554	0.511446	0.000000	0.000000	0.000000	0.000000	0.000000	0.000000	0.000000	0.000000	0.000000	0.000000	0.000000
60	tsk_60	(x)	1	:	0.000000	0.000000	0.000000	0.000000	0.000000	1.000000	0.000000	0.000000	0.000000	0.000000	0.000000	0.000000	0.000000	0.000000	0.000000
61	tsk_61	(x)	1	:	0.000000	0.000000	0.000000	0.541492	0.000000	0.000000	0.000000	0.000000	0.000000	0.000000	0.000000	0.000000	0.000000	0.458508	0.000000
62	tsk_62	(x)	1	:	0.000000	0.000000	0.000000	0.000000	0.000000	0.000000	0.000000	0.000000	0.368771	0.631229	0.000000	0.000000	0.000000	0.000000	0.000000
63	tsk_63	(x)	1	:	0.000000	0.000000	0.000000	0.000000	0.000000	0.000000	0.218849	0.000000	0.000000	0.000000	0.000000	0.000000	0.287147	0.494005	0.000000
64	tsk_64	(x)	1	:	0.000000	0.000000	0.000000	0.000000	0.000000	0.390852	0.000000	0.000000	0.000000	0.609148	0.000000	0.000000	0.000000	0.000000	0.000000
65	tsk_65	(x)	1	:	0.000000	0.000000	0.000000	0.000000	0.000000	0.485254	0.005755	0.000000	0.000000	0.000000	0.000000	0.000000	0.014985	0.494006	0.000000
66	tsk_66	(x)	1	:	0.000000	0.000000	0.000000	0.000000	0.000000	0.485251	0.385257	0.000000	0.000000	0.000000	0.000000	0.000000	0.129492	0.000000	0.000000
67	tsk_67	(x)	1	:	0.000000	0.000000	0.000000	0.000000	0.394147	0.000000	0.000000	0.000000	0.000000	0.605853	0.000000	0.000000	0.000000	0.000000	0.000000
68	tsk_68	(x)	1	:	0.000000	0.000000	0.000000	0.000000	0.000000	0.485254	0.011773	0.000000	0.000000	0.000000	0.000000	0.000000	0.008967	0.494006	0.000000
69	tsk_69	(x)	1	:	0.000000	0.000000	0.000000	0.000000	0.000000	1.000000	0.000000	0.000000	0.000000	0.000000	0.000000	0.000000	0.000000	0.000000	0.000000
70	tsk_70	(x)	1	:	0.000000	0.000000	0.000000	0.539738	0.000000	0.000000	0.000000	0.000000	0.000000	0.391673	0.000000	0.000000	0.000000	0.068589	0.000000
71	tsk_71	(x)	1	:	0.000000	0.000000	0.000000	1.000000	0.000000	0.000000	0.000000	0.000000	0.000000	0.000000	0.000000	0.000000	0.000000	0.000000	0.000000
72	tsk_72	(x)	1	:	0.000000	0.000000	0.000000	0.539738	0.000000	0.000000	0.000000	0.000000	0.000000	0.391673	0.000000	0.000000	0.000000	0.068589	0.000000
73	tsk_73	(x)	1	:	0.000000	0.000000	0.000000	0.000000	0.000000	0.000000	0.000000	0.000000	0.000000	1.000000	0.000000	0.000000	0.000000	0.000000	0.000000
74	tsk_74	(x)	1	:	0.000000	0.000000	0.000000	0.539738	0.000000	0.000000	0.000000	0.000000	0.000000	0.391673	0.000000	0.000000	0.000000	0.068589	0.000000
75	tsk_75	(x)	1	:	0.000000	0.000000	0.000000	0.000000	0.000000	0.000000	0.000000	0.000000	0.000000	1.000000	0.000000	0.000000	0.000000	0.000000	0.000000
76	tsk_76	(x)	1	:	0.000000	0.000000	0.000000	0.000000	0.000000	0.000000	0.000000	0.000000	0.000000	1.000000	0.000000	0.000000	0.000000	0.000000	0.000000
77	tsk_77	(x)	1	:	0.000000	0.000000	0.000000	0.000000	0.000000	0.000000	0.000000	0.000000	0.000000	1.000000	0.000000	0.000000	0.000000	0.000000	0.000000
78	tsk_78	(x)	1	:	0.000000	0.581344	0.000000	0.000000	0.000000	0.000000	0.000000	0.000000	0.000000	0.418656	0.000000	0.000000	0.000000	0.000000	0.000000
79	tsk_79	(x)	1	:	0.000000	0.000000	0.000000	0.000000	0.000000	0.000000	0.000000	0.000000	0.000000	1.000000	0.000000	0.000000	0.000000	0.000000	0.000000
80	tsk_80	(x)	1	:	0.000000	0.000000	0.000000	0.000000	0.000000	0.000000	0.711697	0.000000	0.000000	0.000000	0.000000	0.000000	0.288303	0.000000	0.000000
81	tsk_81	(x)	1	:	0.000000	0.000000	0.000000	0.000000	0.000000	0.000000	0.771003	0.000000	0.000000	0.000000	0.000000	0.000000	0.228996	0.000000	0.000000
82	tsk_82	(x)	1	:	0.000000	0.000000	0.000000	0.000000	0.335330	0.000000	0.325263	0.000000	0.000000	0.000000	0.000000	0.000000	0.180515	0.158892	0.000000
83	tsk_83	(x)	1	:	0.000000	0.000000	0.000000	0.500000	0.000000	0.000000	0.302653	0.000000	0.000000	0.000000	0.000000	0.000000	0.197347	0.000000	0.000000
84	tsk_84	(x)	1	:	0.000000	0.000000	0.000000	0.000000	0.335330	0.000000	0.177709	0.000000	0.000000	0.000000	0.000000	0.000000	0.328069	0.158892	0.000000
85	tsk_85	(x)	1	:	0.000000	0.000000	0.000000	0.000000	0.335330	0.000000	0.239730	0.000000	0.000000	0.000000	0.000000	0.000000	0.266048	0.158892	0.000000
86	tsk_86	(x)	1	:	0.000000	0.000000	0.000000	0.000000	0.000000	0.000000	0.310960	0.000000	0.000000	0.000000	0.000000	0.000000	0.195035	0.494005	0.000000
87	tsk_87	(x)	1	:	0.000000	0.000000	0.000000	0.000000	0.335330	0.000000	0.306263	0.000000	0.000000	0.000000	0.000000	0.000000	0.199515	0.158892	0.000000
88	tsk_88	(x)	1	:	0.000000	0.000000	0.000000	0.000000	0.000000	0.000000	0.528940	0.000000	0.000000	0.000000	0.000000	0.000000	0.471060	0.000000	0.000000
89	tsk_89	(x)	1	:	0.000000	0.000000	0.000000	0.000000	0.000000	0.000000	0.238831	0.000000	0.000000	0.000000	0.000000	0.000000	0.267164	0.494005	0.000000
90	tsk_90	(x)	1	:	0.000000	0.000000	0.000000	0.000000	0.000000	0.000000	0.807139	0.000000	0.000000	0.000000	0.000000	0.000000	0.192861	0.000000	0.000000
91	tsk_91	(x)	1	:	0.000000	0.000000	0.000000	0.000000	0.000000	0.000000	0.173098	0.000000	0.000000	0.648329	0.000000	0.000000	0.178573	0.000000	0.000000
92	tsk_92	(x)	1	:	0.000000	0.000000	0.465968	0.000000	0.000000	0.000000	0.440606	0.000000	0.000000	0.000000	0.000000	0.000000	0.093426	0.000000	0.000000
93	tsk_93	(x)	1	:	0.000000	0.000000	0.000000	0.000000	0.459815	0.000000	0.300450	0.000000	0.000000	0.000000	0.000000	0.000000	0.205237	0.034498	0.000000
94	tsk_94	(x)	1	:	0.000000	0.000000	0.000000	0.000000	0.394147	0.000000	0.000000	0.000000	0.000000	0.605853	0.000000	0.000000	0.000000	0.000000	0.000000
95	tsk_95	(x)	1	:	0.000000	0.000000	0.000000	0.000000	0.000000	0.000000	0.809394	0.000000	0.000000	0.000000	0.000000	0.000000	0.190606	0.000000	0.000000
96	tsk_96	(x)	1	:	0.000000	0.000000	0.000000	0.000000	0.000000	0.000000	0.000000	0.000000	0.000000	0.000000	0.000000	0.000000	0.000000	0.000000	1.000000
97	tsk_97	(x)	1	:	0.000000	0.000000	0.000000	0.000000	0.000000	0.000000	0.187767	0.000000	0.000000	0.648329	0.000000	0.000000	0.163904	0.000000	0.000000
98	tsk_98	(x)	1	:	0.000000	0.000000	0.000000	0.000000	0.394147	0.000000	0.000000	0.000000	0.000000	0.605853	0.000000	0.000000	0.000000	0.000000	0.000000
99	tsk_99	(x)	1	:	0.000000	0.000000	0.000000	0.000000	0.000000	0.000000	0.742386	0.000000	0.000000	0.000000	0.000000	0.000000	0.257614	0.000000	0.000000
100	tsk_100	(x)	1	:	0.000000	0.000000	0.000000	0.500000	0.000000	0.000000	0.268151	0.000000	0.000000	0.000000	0.000000	0.000000	0.231849	0.000000	0.000000
101	tsk_101	(x)	1	:	0.000000	0.000000	0.000000	0.000000	0.000000	0.000000	0.000000	0.000000	0.000000	0.000000	0.000000	0.000000	1.000000	0.000000	0.000000
102	tsk_102	(x)	1	:	0.000000	0.000000	0.000000	0.000000	0.335330	0.000000	0.365626	0.000000	0.000000	0.000000	0.000000	0.000000	0.140152	0.158892	0.000000
103	tsk_103	(x)	1	:	0.000000	0.000000	0.000000	0.500000	0.000000	0.000000	0.351273	0.000000	0.000000	0.000000	0.000000	0.000000	0.148727	0.000000	0.000000
104	tsk_104	(x)	1	:	0.000000	0.000000	0.000000	0.000000	0.000000	0.000000	0.844925	0.000000	0.000000	0.000000	0.000000	0.000000	0.155075	0.000000	0.000000
105	tsk_105	(x)	1	:	0.000000	0.000000	0.000000	0.000000	0.000000	0.000000	0.744069	0.000000	0.000000	0.000000	0.000000	0.000000	0.255930	0.000000	0.000000
106	tsk_106	(x)	1	:	0.000000	0.000000	0.000000	0.500000	0.000000	0.000000	0.000000	0.000000	0.000000	0.000000	0.500000	0.000000	0.000000	0.000000	0.000000
107	tsk_107	(x)	1	:	0.000000	0.000000	0.000000	0.000000	0.000000	0.000000	0.752564	0.000000	0.000000	0.000000	0.000000	0.000000	0.247435	0.000000	0.000000
108	tsk_108	(x)	1	:	0.000000	0.000000	0.000000	0.000000	0.000000	0.000000	0.899027	0.000000	0.000000	0.000000	0.000000	0.000000	0.100973	0.000000	0.000000
109	tsk_109	(x)	1	:	0.000000	0.000000	0.000000	0.000000	0.000000	0.000000	0.751950	0.000000	0.000000	0.000000	0.000000	0.000000	0.248050	0.000000	0.000000
110	tsk_110	(x)	1	:	0.000000	0.000000	0.000000	0.500000	0.000000	0.000000	0.271990	0.000000	0.000000	0.000000	0.000000	0.000000	0.228010	0.000000	0.000000
111	tsk_111	(x)	1	:	0.500000	0.000000	0.000000	0.000000	0.000000	0.000000	0.129208	0.000000	0.000000	0.000000	0.000000	0.000000	0.370792	0.000000	0.000000
112	tsk_112	(x)	1	:	0.000000	0.000000	0.000000	0.000000	0.000000	0.000000	0.681376	0.000000	0.000000	0.000000	0.000000	0.000000	0.318624	0.000000	0.000000
113	tsk_113	(x)	1	:	0.500000	0.000000	0.000000	0.000000	0.000000	0.000000	0.235307	0.000000	0.000000	0.000000	0.000000	0.000000	0.264693	0.000000	0.000000
114	tsk_114	(x)	1	:	0.000000	0.000000	0.000000	0.000000	0.000000	0.000000	0.356776	0.000000	0.000000	0.000000	0.500000	0.000000	0.143223	0.000000	0.000000
115	tsk_115	(x)	1	:	0.500000	0.000000	0.000000	0.000000	0.000000	0.000000	0.073102	0.000000	0.000000	0.000000	0.000000	0.000000	0.426898	0.000000	0.000000
116	tsk_116	(x)	1	:	0.000000	0.000000	0.000000	0.000000	0.000000	0.000000	0.895343	0.000000	0.000000	0.000000	0.000000	0.000000	0.104657	0.000000	0.000000
117	tsk_117	(x)	1	:	0.500000	0.000000	0.000000	0.000000	0.000000	0.000000	0.155154	0.000000	0.000000	0.000000	0.000000	0.000000	0.344846	0.000000	0.000000
118	tsk_118	(x)	1	:	0.000000	0.000000	0.000000	0.000000	0.000000	0.000000	0.375751	0.000000	0.000000	0.000000	0.000000	0.514797	0.109452	0.000000	0.000000
119	tsk_119	(x)	1	:	0.500000	0.000000	0.000000	0.500000	0.000000	0.000000	0.000000	0.000000	0.000000	0.000000	0.000000	0.000000	0.000000	0.000000	0.000000
120	tsk_120	(x)	1	:	0.000000	0.000000	0.000000	0.478310	0.000000	0.521690	0.000000	0.000000	0.000000	0.000000	0.000000	0.000000	0.000000	0.000000	0.000000
121	tsk_121	(x)	1	:	0.000000	0.000000	0.000000	0.000000	0.279663	0.000000	0.142827	0.000000	0.000000	0.000000	0.000000	0.000000	0.362981	0.214529	0.000000
122	tsk_122	(x)	1	:	0.000000	0.000000	0.000000	0.000000	0.335488	0.000000	0.000000	0.000000	0.446571	0.000000	0.000000	0.000000	0.000000	0.217941	0.000000
123	tsk_123	(x)	1	:	0.000000	0.000000	0.000000	0.394899	0.000000	0.000000	0.000000	0.000000	0.000000	0.605101	0.000000	0.000000	0.000000	0.000000	0.000000
124	tsk_124	(x)	1	:	0.000000	0.000000	0.000000	0.539970	0.335179	0.000000	0.000000	0.000000	0.000000	0.000000	0.000000	0.000000	0.000000	0.124851	0.000000
125	tsk_125	(x)	1	:	0.000000	0.000000	0.000000	0.541492	0.000000	0.000000	0.000000	0.000000	0.000000	0.000000	0.000000	0.000000	0.000000	0.458508	0.000000
126	tsk_126	(x)	1	:	0.000000	0.000000	0.000000	0.541492	0.000000	0.000000	0.000000	0.000000	0.000000	0.000000	0.000000	0.000000	0.000000	0.458508	0.000000
127	tsk_127	(x)	1	:	0.000000	0.444444	0.000000	0.000000	0.000000	0.000000	0.208441	0.000000	0.000000	0.000000	0.000000	0.000000	0.347115	0.000000	0.000000
128	tsk_128	(x)	1	:	0.000000	0.000000	0.000000	0.500000	0.000000	0.000000	0.237440	0.000000	0.000000	0.000000	0.000000	0.000000	0.262560	0.000000	0.000000
129	tsk_129	(x)	1	:	0.000000	0.000000	0.000000	0.500000	0.000000	0.000000	0.201794	0.000000	0.000000	0.000000	0.000000	0.000000	0.298206	0.000000	0.000000
130	tsk_130	(x)	1	:	0.000000	0.000000	0.000000	0.000000	0.138990	0.000000	0.218377	0.000000	0.000000	0.000000	0.000000	0.000000	0.204870	0.437763	0.000000
131	tsk_131	(x)	1	:	0.000000	0.000000	0.000000	0.500000	0.000000	0.000000	0.198332	0.000000	0.000000	0.000000	0.000000	0.000000	0.301668	0.000000	0.000000
132	tsk_132	(x)	1	:	0.000000	0.000000	0.000000	0.000000	0.000000	0.000000	0.726989	0.000000	0.000000	0.000000	0.000000	0.000000	0.273011	0.000000	0.000000
133	tsk_133	(x)	1	:	0.000000	0.000000	0.000000	0.000000	0.000000	1.000000	0.000000	0.000000	0.000000	0.000000	0.000000	0.000000	0.000000	0.000000	0.000000
134	tsk_134	(x)	1	:	0.000000	0.000000	0.000000	0.304144	0.208287	0.000000	0.000000	0.000000	0.000000	0.000000	0.000000	0.000000	0.000000	0.487569	0.000000
135	tsk_135	(x)	1	:	0.000000	0.000000	0.000000	0.000000	0.183313	0.000000	0.333888	0.000000	0.000000	0.000000	0.000000	0.000000	0.120703	0.362095	0.000000
136	tsk_136	(x)	1	:	0.000000	0.000000	0.000000	0.000000	0.183313	0.000000	0.256639	0.000000	0.000000	0.000000	0.000000	0.000000	0.197953	0.362095	0.000000
137	tsk_137	(x)	1	:	0.000000	0.000000	0.000000	0.000000	0.000000	0.000000	0.751501	0.000000	0.000000	0.000000	0.000000	0.000000	0.248499	0.000000	0.000000
138	tsk_138	(x)	1	:	0.000000	0.000000	0.000000	0.000000	0.000000	0.000000	0.811939	0.000000	0.000000	0.000000	0.000000	0.000000	0.188061	0.000000	0.000000
139	tsk_139	(x)	1	:	0.000000	0.000000	0.000000	0.000000	0.000000	0.485254	0.006360	0.000000	0.000000	0.000000	0.000000	0.000000	0.014380	0.494006	0.000000
140	tsk_140	(x)	1	:	0.000000	0.500000	0.000000	0.000000	0.000000	0.000000	0.211707	0.000000	0.000000	0.000000	0.000000	0.000000	0.288293	0.000000	0.000000
141	tsk_141	(x)	1	:	0.000000	0.500000	0.000000	0.000000	0.000000	0.000000	0.156426	0.000000	0.000000	0.000000	0.000000	0.000000	0.343574	0.000000	0.000000
142	tsk_142	(x)	1	:	0.000000	1.000000	0.000000	0.000000	0.000000	0.000000	0.000000	0.000000	0.000000	0.000000	0.000000	0.000000	0.000000	0.000000	0.000000
143	tsk_143	(x)	1	:	0.000000	0.500000	0.000000	0.000000	0.000000	0.000000	0.186141	0.000000	0.000000	0.000000	0.000000	0.000000	0.313859	0.000000	0.000000
144	tsk_144	(x)	1	:	0.000000	0.500000	0.000000	0.000000	0.000000	0.000000	0.179599	0.000000	0.000000	0.000000	0.000000	0.000000	0.320401	0.000000	0.000000
145	tsk_145	(x)	1	:	0.000000	0.500000	0.000000	0.000000	0.000000	0.000000	0.253822	0.000000	0.000000	0.000000	0.000000	0.000000	0.246178	0.000000	0.000000
146	tsk_146	(x)	1	:	0.000000	1.000000	0.000000	0.000000	0.000000	0.000000	0.000000	0.000000	0.000000	0.000000	0.000000	0.000000	0.000000	0.000000	0.000000
147	tsk_147	(x)	1	:	0.000000	0.500000	0.000000	0.000000	0.000000	0.000000	0.287332	0.000000	0.000000	0.000000	0.000000	0.000000	0.212668	0.000000	0.000000
148	tsk_148	(x)	1	:	0.000000	0.500000	0.000000	0.000000	0.000000	0.000000	0.220483	0.000000	0.000000	0.000000	0.000000	0.000000	0.279516	0.000000	0.000000
149	tsk_149	(x)	1	:	0.000000	0.500000	0.000000	0.000000	0.000000	0.000000	0.283756	0.000000	0.000000	0.000000	0.000000	0.000000	0.216243	0.000000	0.000000
