logL = -1854.628455 (converged)
AIC = 8713.256911
BIC = 16245.866416

count.K
19 1 14 34 16 4 0 0 3 27 3 1 28 

