logL = -769.495813 (converged)
AIC = 5944.991626
BIC = 12577.421179

count.K
2 11 7 7 5 5 6 1 35 29 10 32 0 

