logL = -1434.532223 (converged)
AIC = 5201.064446
BIC = 8711.465199

count.K
57 57 7 0 18 9 2 

