logL = -1582.115425 (converged)
AIC = 7640.230851
BIC = 14378.032639

count.K
2 7 17 4 66 1 1 1 7 25 10 9 

