logL = -803.487370 (converged)
AIC = 4654.974740
BIC = 9243.182929

count.K
25 13 7 50 4 17 24 2 8 

