logL = -1066.523240 (converged)
AIC = 6225.046479
BIC = 12384.806291

count.K
14 1 14 0 43 3 42 7 3 21 2 0 

