logL = -1359.214148 (converged)
AIC = 4806.428296
BIC = 7949.531543

count.K
6 39 16 38 44 7 

