0	tsk_0	(x)	1	:	0.000000	0.000000	0.000000	0.000000	0.000000	0.019499	0.000000	0.487050	0.003507	0.000000	0.489943	0.000000
1	tsk_1	(x)	1	:	0.000000	0.000000	0.000221	0.000000	0.000000	0.000000	0.000000	0.000000	0.210148	0.499777	0.289854	0.000000
2	tsk_2	(x)	1	:	0.000000	0.000000	0.000000	0.000000	0.000000	0.000000	0.000000	0.496095	0.002790	0.501115	0.000000	0.000000
3	tsk_3	(x)	1	:	0.000000	0.000000	0.000087	0.000000	0.000000	0.495487	0.000000	0.000000	0.004888	0.499538	0.000000	0.000000
4	tsk_4	(x)	1	:	0.000000	0.000000	0.000191	0.000000	0.000000	0.000002	0.000000	0.000000	0.000000	0.501509	0.498298	0.000000
5	tsk_5	(x)	1	:	0.000000	0.000000	0.000024	0.000000	0.304721	0.000000	0.000000	0.000000	0.013448	0.195280	0.486527	0.000000
6	tsk_6	(x)	1	:	0.000000	0.000000	0.000000	0.501999	0.000000	0.008554	0.000000	0.489447	0.000000	0.000000	0.000000	0.000000
7	tsk_7	(x)	1	:	0.000000	0.000000	0.000227	0.000000	0.000000	0.000498	0.000000	0.491342	0.008195	0.499738	0.000000	0.000000
8	tsk_8	(x)	1	:	0.000000	0.000000	0.000231	0.000000	0.000000	0.001564	0.000000	0.490879	0.007620	0.499706	0.000000	0.000000
9	tsk_9	(x)	1	:	0.000000	0.000000	0.000000	0.000000	0.000000	0.000000	0.133453	0.000000	0.366547	0.500000	0.000000	0.000000
10	tsk_10	(x)	1	:	0.000000	0.000000	0.000000	0.500072	0.000000	0.282616	0.217312	0.000000	0.000000	0.000000	0.000000	0.000000
11	tsk_11	(x)	1	:	0.000000	0.000000	0.000000	0.000000	0.000000	0.500000	0.000000	0.000000	0.500000	0.000000	0.000000	0.000000
12	tsk_12	(x)	1	:	0.000000	0.000000	0.000000	0.500042	0.000000	0.282667	0.217291	0.000000	0.000000	0.000000	0.000000	0.000000
13	tsk_13	(x)	1	:	0.000000	0.000000	0.000000	0.767242	0.000000	0.000000	0.232758	0.000000	0.000000	0.000000	0.000000	0.000000
14	tsk_14	(x)	1	:	0.000000	0.000000	0.000000	0.499983	0.000000	0.282768	0.217249	0.000000	0.000000	0.000000	0.000000	0.000000
15	tsk_15	(x)	1	:	0.000000	0.000000	0.000000	0.000000	0.000000	1.000000	0.000000	0.000000	0.000000	0.000000	0.000000	0.000000
16	tsk_16	(x)	1	:	0.000000	0.000000	0.000000	0.499986	0.000000	0.282763	0.217251	0.000000	0.000000	0.000000	0.000000	0.000000
17	tsk_17	(x)	1	:	0.000000	0.000000	0.000000	0.000000	0.000000	1.000000	0.000000	0.000000	0.000000	0.000000	0.000000	0.000000
18	tsk_18	(x)	1	:	0.000000	0.000000	0.000000	0.000000	0.000000	0.000000	0.000000	0.000000	1.000000	0.000000	0.000000	0.000000
19	tsk_19	(x)	1	:	0.000000	0.000000	0.000000	0.500041	0.000000	0.282668	0.217290	0.000000	0.000000	0.000000	0.000000	0.000000
20	tsk_20	(x)	1	:	0.000000	0.000000	0.000000	0.000000	0.000000	0.496827	0.000000	0.000000	0.003435	0.499737	0.000000	0.000000
21	tsk_21	(x)	1	:	0.000000	0.000000	0.000000	0.000000	0.000000	0.282830	0.217242	0.000000	0.499928	0.000000	0.000000	0.000000
22	tsk_22	(x)	1	:	0.000000	0.000000	0.000000	0.000000	0.000000	0.282710	0.217267	0.000000	0.500023	0.000000	0.000000	0.000000
23	tsk_23	(x)	1	:	0.000000	0.000000	0.000075	0.000000	0.000000	0.461945	0.000000	0.000000	0.000000	0.317435	0.000000	0.220545
24	tsk_24	(x)	1	:	0.000000	0.000000	0.000000	0.000000	0.000000	0.495159	0.000000	0.000000	0.005241	0.499600	0.000000	0.000000
25	tsk_25	(x)	1	:	0.000000	0.000000	0.000230	0.000000	0.000000	0.000000	0.000000	0.000000	0.210152	0.499767	0.289850	0.000000
26	tsk_26	(x)	1	:	0.000000	0.000000	0.000016	0.000000	0.000000	0.000000	0.150470	0.000000	0.349530	0.499984	0.000000	0.000000
27	tsk_27	(x)	1	:	0.000000	0.000000	0.000000	0.000000	0.000000	0.471903	0.000000	0.000000	0.000034	0.000000	0.528063	0.000000
28	tsk_28	(x)	1	:	0.000000	0.000000	0.000000	0.000000	0.000000	0.000000	0.305625	0.000000	0.694375	0.000000	0.000000	0.000000
29	tsk_29	(x)	1	:	0.000000	0.000000	0.000000	0.500000	0.000000	0.500000	0.000000	0.000000	0.000000	0.000000	0.000000	0.000000
30	tsk_30	(x)	1	:	0.485044	0.000000	0.000000	0.000000	0.000000	0.000000	0.000000	0.000000	0.514956	0.000000	0.000000	0.000000
31	tsk_31	(x)	1	:	0.000000	0.000000	0.000000	0.000000	0.000000	0.000000	0.000000	0.000000	0.500000	0.500000	0.000000	0.000000
32	tsk_32	(x)	1	:	0.000000	0.000000	0.000000	0.000000	1.000000	0.000000	0.000000	0.000000	0.000000	0.000000	0.000000	0.000000
33	tsk_33	(x)	1	:	0.000000	0.000000	0.000000	0.000000	0.000000	0.496468	0.000000	0.000000	0.003824	0.499708	0.000000	0.000000
34	tsk_34	(x)	1	:	0.000000	0.000000	0.000000	0.000000	0.000000	0.512547	0.000000	0.487453	0.000000	0.000000	0.000000	0.000000
35	tsk_35	(x)	1	:	0.000000	0.000000	0.000000	0.000000	0.398786	0.494564	0.000000	0.000000	0.005734	0.100915	0.000000	0.000000
36	tsk_36	(x)	1	:	0.000000	0.000000	0.000000	0.000000	0.000000	0.000000	0.000000	0.000000	0.500000	0.500000	0.000000	0.000000
37	tsk_37	(x)	1	:	0.000000	0.000000	0.000000	0.000000	0.000000	1.000000	0.000000	0.000000	0.000000	0.000000	0.000000	0.000000
38	tsk_38	(x)	1	:	0.000000	0.000000	0.000000	0.498452	0.396702	0.000000	0.000000	0.000000	0.001619	0.103227	0.000000	0.000000
39	tsk_39	(x)	1	:	0.000000	0.000000	0.000000	0.000000	0.000000	0.500000	0.000000	0.000000	0.500000	0.000000	0.000000	0.000000
40	tsk_40	(x)	1	:	0.000000	0.000000	0.000000	0.500000	0.000000	0.500000	0.000000	0.000000	0.000000	0.000000	0.000000	0.000000
41	tsk_41	(x)	1	:	0.000000	0.000000	0.000041	0.498886	0.000000	0.000066	0.000000	0.000000	0.001321	0.499685	0.000000	0.000000
42	tsk_42	(x)	1	:	0.000000	0.000000	0.000000	0.000000	0.000000	0.000000	0.000000	0.531832	0.000000	0.000000	0.468167	0.000000
43	tsk_43	(x)	1	:	0.000000	0.000000	0.000180	0.000000	0.000000	0.000000	0.000000	0.000000	0.000000	0.494427	0.505393	0.000000
44	tsk_44	(x)	1	:	0.000000	0.000000	0.000000	0.000000	0.000000	0.471904	0.000000	0.000000	0.000033	0.000000	0.528063	0.000000
45	tsk_45	(x)	1	:	0.000000	0.000000	0.000265	0.000000	0.000000	0.000000	0.000000	0.000000	0.000000	0.587845	0.000000	0.411890
46	tsk_46	(x)	1	:	0.000000	0.000000	0.000150	0.000000	0.000000	0.000000	0.000000	0.000000	0.000000	0.587966	0.000000	0.411884
47	tsk_47	(x)	1	:	0.000000	0.000000	0.000000	0.000000	0.000000	0.000000	0.000000	0.531368	0.000000	0.000000	0.000000	0.468632
48	tsk_48	(x)	1	:	0.000000	0.000000	0.000000	0.000000	0.000000	0.000000	0.000000	0.000000	0.000000	0.000000	0.522430	0.477570
49	tsk_49	(x)	1	:	0.000000	0.000000	0.000084	0.498782	0.000000	0.000024	0.000000	0.000000	0.001498	0.499612	0.000000	0.000000
50	tsk_50	(x)	1	:	0.000000	0.000000	0.000000	0.499500	0.000000	0.001500	0.000000	0.000000	0.498999	0.000000	0.000000	0.000000
51	tsk_51	(x)	1	:	0.000000	0.000000	0.000000	0.000000	0.000000	0.000000	0.000000	0.000000	1.000000	0.000000	0.000000	0.000000
52	tsk_52	(x)	1	:	0.000000	0.000000	0.000000	0.000000	0.000000	0.000000	0.000000	0.000000	0.500000	0.500000	0.000000	0.000000
53	tsk_53	(x)	1	:	0.000000	0.000000	0.000256	0.000000	0.000000	0.000000	0.000000	0.000000	0.000000	0.999743	0.000000	0.000000
54	tsk_54	(x)	1	:	0.000000	0.000000	0.000000	0.500000	0.000000	0.500000	0.000000	0.000000	0.000000	0.000000	0.000000	0.000000
55	tsk_55	(x)	1	:	0.000000	0.000000	0.000000	0.000000	0.000000	0.000000	0.000000	0.000000	1.000000	0.000000	0.000000	0.000000
56	tsk_56	(x)	1	:	0.000000	0.000000	0.000134	0.000000	0.000000	0.000813	0.000000	0.491192	0.008039	0.499821	0.000000	0.000000
57	tsk_57	(x)	1	:	0.000000	0.000000	0.000000	0.000000	0.000000	0.000000	0.000000	0.000000	0.500000	0.500000	0.000000	0.000000
58	tsk_58	(x)	1	:	0.000000	0.000000	0.000000	0.000000	0.000000	0.000000	0.000000	0.000000	0.458641	0.319057	0.000000	0.222301
59	tsk_59	(x)	1	:	0.000000	0.000000	0.000230	0.000000	0.000000	0.000002	0.000000	0.000000	0.000000	0.501470	0.498299	0.000000
60	tsk_60	(x)	1	:	0.000000	0.000000	0.000000	0.000000	0.000000	0.000000	0.000000	0.000000	0.500000	0.500000	0.000000	0.000000
61	tsk_61	(x)	1	:	0.000000	0.000000	0.000000	0.498659	0.000000	0.009431	0.000000	0.000000	0.002155	0.000000	0.489755	0.000000
62	tsk_62	(x)	1	:	0.000000	0.000000	0.000204	0.499004	0.000000	0.000073	0.000000	0.000000	0.001169	0.499550	0.000000	0.000000
63	tsk_63	(x)	1	:	0.000000	0.000000	0.000000	0.000000	0.000000	0.000018	0.000000	0.000000	0.000000	0.000000	0.999981	0.000000
64	tsk_64	(x)	1	:	0.000000	0.000000	0.000000	1.000000	0.000000	0.000000	0.000000	0.000000	0.000000	0.000000	0.000000	0.000000
65	tsk_65	(x)	1	:	0.000000	0.000000	0.000000	1.000000	0.000000	0.000000	0.000000	0.000000	0.000000	0.000000	0.000000	0.000000
66	tsk_66	(x)	1	:	0.000000	0.000000	0.000069	0.498519	0.304912	0.000065	0.000000	0.000000	0.001752	0.194683	0.000000	0.000000
67	tsk_67	(x)	1	:	0.000000	0.000000	0.000219	0.498725	0.000000	0.000035	0.000000	0.000000	0.001561	0.499461	0.000000	0.000000
68	tsk_68	(x)	1	:	0.000000	0.000000	0.000000	0.499428	0.000000	0.001718	0.000000	0.000000	0.498854	0.000000	0.000000	0.000000
69	tsk_69	(x)	1	:	0.000000	0.000000	0.000000	1.000000	0.000000	0.000000	0.000000	0.000000	0.000000	0.000000	0.000000	0.000000
70	tsk_70	(x)	1	:	0.000000	0.000000	0.000210	0.000000	0.000000	0.001452	0.000000	0.490911	0.007701	0.499727	0.000000	0.000000
71	tsk_71	(x)	1	:	0.000000	0.000000	0.000000	1.000000	0.000000	0.000000	0.000000	0.000000	0.000000	0.000000	0.000000	0.000000
72	tsk_72	(x)	1	:	0.000000	0.000000	0.000000	0.000000	0.000000	0.000000	0.000000	0.000000	1.000000	0.000000	0.000000	0.000000
73	tsk_73	(x)	1	:	0.000000	0.000000	0.000000	0.499158	0.000000	0.002529	0.000000	0.000000	0.498313	0.000000	0.000000	0.000000
74	tsk_74	(x)	1	:	0.000000	0.000000	0.000000	0.502111	0.000000	0.008331	0.000000	0.489558	0.000000	0.000000	0.000000	0.000000
75	tsk_75	(x)	1	:	0.487010	0.000000	0.000000	0.501310	0.000000	0.000018	0.000000	0.000000	0.011662	0.000000	0.000000	0.000000
76	tsk_76	(x)	1	:	0.487053	0.000000	0.000000	0.000000	0.000000	0.000000	0.000000	0.000000	0.000000	0.000000	0.000000	0.512947
77	tsk_77	(x)	1	:	0.000000	0.000000	0.000000	0.000000	0.000000	0.000000	0.000000	0.488223	0.000187	0.000000	0.000000	0.511590
78	tsk_78	(x)	1	:	0.000000	0.000000	0.000000	0.000000	0.000000	0.000000	0.000000	0.000000	0.487440	0.000000	0.000000	0.512560
79	tsk_79	(x)	1	:	0.000000	0.000000	0.000213	0.498649	0.000000	0.000054	0.000000	0.000000	0.001634	0.499450	0.000000	0.000000
80	tsk_80	(x)	1	:	0.484618	0.000000	0.000000	0.000000	0.000000	0.499177	0.000000	0.000000	0.016205	0.000000	0.000000	0.000000
81	tsk_81	(x)	1	:	0.000000	0.000000	0.000000	0.000000	0.000000	0.500000	0.000000	0.000000	0.500000	0.000000	0.000000	0.000000
82	tsk_82	(x)	1	:	0.000000	0.000000	0.000000	0.000000	0.000000	0.471903	0.000000	0.000000	0.000034	0.000000	0.528063	0.000000
83	tsk_83	(x)	1	:	0.471358	0.000000	0.000000	0.000000	0.000000	0.000000	0.000000	0.000000	0.000000	0.000000	0.528642	0.000000
84	tsk_84	(x)	1	:	0.000000	0.000000	0.000000	0.500000	0.000000	0.500000	0.000000	0.000000	0.000000	0.000000	0.000000	0.000000
85	tsk_85	(x)	1	:	0.000000	0.000000	0.000000	0.500000	0.000000	0.500000	0.000000	0.000000	0.000000	0.000000	0.000000	0.000000
86	tsk_86	(x)	1	:	0.492595	0.000000	0.000097	0.000000	0.000000	0.000000	0.000000	0.000000	0.006162	0.501146	0.000000	0.000000
87	tsk_87	(x)	1	:	0.000000	0.000000	0.000000	0.000000	0.000000	0.471902	0.000000	0.000000	0.000036	0.000000	0.528062	0.000000
88	tsk_88	(x)	1	:	0.000000	0.000000	0.000000	0.500000	0.000000	0.500000	0.000000	0.000000	0.000000	0.000000	0.000000	0.000000
89	tsk_89	(x)	1	:	0.000000	0.000000	0.000202	0.000000	0.000000	0.495071	0.000000	0.000000	0.005341	0.499387	0.000000	0.000000
90	tsk_90	(x)	1	:	0.000000	0.000000	0.000000	0.000000	0.000000	0.310225	0.182920	0.000000	0.007414	0.499441	0.000000	0.000000
91	tsk_91	(x)	1	:	0.000000	0.000000	0.000000	0.000000	0.000000	0.000000	0.000000	0.000000	0.197619	0.000000	0.289821	0.512560
92	tsk_92	(x)	1	:	0.000000	0.000000	0.000149	0.000000	0.000000	0.000000	0.000000	0.000000	0.210134	0.499851	0.289865	0.000000
93	tsk_93	(x)	1	:	0.000000	0.000000	0.000000	0.000000	0.000000	0.000000	0.000000	0.000000	0.000000	0.000000	1.000000	0.000000
94	tsk_94	(x)	1	:	0.000000	0.000000	0.000191	0.000000	0.000000	0.000000	0.000000	0.000000	0.210141	0.499808	0.289860	0.000000
95	tsk_95	(x)	1	:	0.000000	0.455935	0.000000	0.000000	0.000000	0.000000	0.000000	0.000000	0.002113	0.000000	0.541952	0.000000
96	tsk_96	(x)	1	:	0.000000	0.000000	0.000000	0.000000	0.000000	0.000000	0.000000	0.000000	0.000000	0.000000	1.000000	0.000000
97	tsk_97	(x)	1	:	0.000000	0.000000	0.000226	0.000000	0.000000	0.000000	0.000000	0.000000	0.000000	0.494380	0.505394	0.000000
98	tsk_98	(x)	1	:	0.000000	0.000000	0.000000	0.000000	0.000000	0.000000	0.000000	0.000000	0.000002	0.000000	0.999998	0.000000
99	tsk_99	(x)	1	:	0.000000	0.000000	0.000135	0.000000	0.000000	0.000000	0.000000	0.000000	0.210171	0.499862	0.289832	0.000000
100	tsk_100	(x)	1	:	0.000000	0.000000	0.000000	0.000000	0.000000	0.497736	0.000000	0.000000	0.002452	0.499812	0.000000	0.000000
101	tsk_101	(x)	1	:	0.000000	0.000000	0.000000	0.000000	0.000000	0.500000	0.000000	0.000000	0.500000	0.000000	0.000000	0.000000
102	tsk_102	(x)	1	:	0.000000	0.000000	0.000000	0.000000	0.000000	0.499778	0.000000	0.000000	0.019005	0.000000	0.000000	0.481217
103	tsk_103	(x)	1	:	0.000000	0.000000	0.000000	0.000000	0.000000	1.000000	0.000000	0.000000	0.000000	0.000000	0.000000	0.000000
104	tsk_104	(x)	1	:	0.000000	0.000000	0.000000	0.000000	0.000000	0.000000	0.000000	0.000000	1.000000	0.000000	0.000000	0.000000
105	tsk_105	(x)	1	:	0.000000	0.000000	0.000000	0.000000	0.000000	0.500000	0.000000	0.000000	0.500000	0.000000	0.000000	0.000000
106	tsk_106	(x)	1	:	0.196888	0.000000	0.000000	0.000000	0.000000	0.000000	0.000000	0.000000	0.303108	0.500004	0.000000	0.000000
107	tsk_107	(x)	1	:	0.000000	0.000000	0.000000	0.000000	0.000000	0.000000	0.000000	0.000000	0.500000	0.500000	0.000000	0.000000
108	tsk_108	(x)	1	:	0.000000	0.000000	0.000000	0.000000	0.000000	0.000000	0.000000	0.000000	0.518762	0.000000	0.000000	0.481238
109	tsk_109	(x)	1	:	0.000000	0.000000	0.000000	0.000000	0.000000	0.000000	0.150468	0.000000	0.303783	0.000000	0.545749	0.000000
110	tsk_110	(x)	1	:	0.000000	0.000000	0.000257	0.000000	0.000000	0.000000	0.000000	0.000000	0.000000	0.999742	0.000000	0.000000
111	tsk_111	(x)	1	:	0.000000	0.000000	1.000000	0.000000	0.000000	0.000000	0.000000	0.000000	0.000000	0.000000	0.000000	0.000000
112	tsk_112	(x)	1	:	0.000000	0.000000	0.000252	0.000000	0.000000	0.000000	0.000000	0.000000	0.000000	0.999748	0.000000	0.000000
113	tsk_113	(x)	1	:	0.000000	0.000000	0.000000	0.499405	0.000000	0.001788	0.000000	0.000000	0.498808	0.000000	0.000000	0.000000
114	tsk_114	(x)	1	:	0.000000	0.000000	0.000000	0.000000	0.000000	0.000000	0.000000	0.000000	1.000000	0.000000	0.000000	0.000000
115	tsk_115	(x)	1	:	0.000000	0.000000	0.000255	0.000000	0.000000	0.000000	0.000000	0.000000	0.000000	0.999745	0.000000	0.000000
116	tsk_116	(x)	1	:	0.000000	0.000000	0.000000	0.498783	0.000000	0.000067	0.000000	0.000000	0.001448	0.499702	0.000000	0.000000
117	tsk_117	(x)	1	:	0.000000	0.000000	0.000236	0.000000	0.000000	0.000000	0.000000	0.000000	0.000000	0.999764	0.000000	0.000000
118	tsk_118	(x)	1	:	0.000000	0.000000	0.000000	0.000000	0.000000	0.496859	0.000000	0.000000	0.003401	0.499740	0.000000	0.000000
119	tsk_119	(x)	1	:	0.000000	0.000000	0.000000	0.500000	0.000000	0.500000	0.000000	0.000000	0.000000	0.000000	0.000000	0.000000
120	tsk_120	(x)	1	:	0.000000	1.000000	0.000000	0.000000	0.000000	0.000000	0.000000	0.000000	0.000000	0.000000	0.000000	0.000000
121	tsk_121	(x)	1	:	0.000000	0.000000	0.000000	0.484113	0.000000	0.000000	0.000000	0.000000	0.000000	0.000000	0.515887	0.000000
122	tsk_122	(x)	1	:	0.000000	0.000000	0.000200	0.000000	0.000000	0.000000	0.000000	0.000000	0.000000	0.999800	0.000000	0.000000
123	tsk_123	(x)	1	:	0.000000	0.000000	0.000225	0.000000	0.000000	0.000000	0.000000	0.000000	0.000000	0.494382	0.505394	0.000000
124	tsk_124	(x)	1	:	0.000000	0.000000	0.000000	0.499427	0.000000	0.001720	0.000000	0.000000	0.498853	0.000000	0.000000	0.000000
125	tsk_125	(x)	1	:	0.000000	0.455898	0.000000	0.000000	0.000000	0.000000	0.000000	0.000000	0.002174	0.000000	0.541928	0.000000
126	tsk_126	(x)	1	:	0.000000	0.654709	0.000000	0.000000	0.000000	0.000000	0.000000	0.000000	0.055493	0.000000	0.289797	0.000000
127	tsk_127	(x)	1	:	0.000000	0.456132	0.000000	0.000000	0.000000	0.000000	0.000000	0.000000	0.001789	0.000000	0.542078	0.000000
128	tsk_128	(x)	1	:	0.000000	0.000000	0.000176	0.000000	0.000000	0.000000	0.000000	0.000000	0.000000	0.494431	0.505393	0.000000
129	tsk_129	(x)	1	:	0.000000	0.461850	0.000103	0.000000	0.000000	0.000000	0.000000	0.000000	0.038151	0.499896	0.000000	0.000000
130	tsk_130	(x)	1	:	0.000000	0.000000	0.000000	0.000000	0.000000	0.000000	0.000000	0.000000	1.000000	0.000000	0.000000	0.000000
131	tsk_131	(x)	1	:	0.000000	0.000000	0.000000	0.499292	0.000000	0.002127	0.000000	0.000000	0.498581	0.000000	0.000000	0.000000
132	tsk_132	(x)	1	:	0.000000	0.000000	0.000000	0.000000	0.000000	0.000000	0.000000	0.000000	1.000000	0.000000	0.000000	0.000000
133	tsk_133	(x)	1	:	0.485044	0.000000	0.000000	0.000000	0.000000	0.000000	0.000000	0.000000	0.514956	0.000000	0.000000	0.000000
134	tsk_134	(x)	1	:	0.000000	0.000000	0.000000	0.000000	0.000000	0.495233	0.000000	0.000000	0.005161	0.499606	0.000000	0.000000
135	tsk_135	(x)	1	:	0.000000	0.000000	0.000000	0.000000	0.000000	0.500000	0.000000	0.000000	0.500000	0.000000	0.000000	0.000000
136	tsk_136	(x)	1	:	0.000000	0.000000	0.000000	0.000000	0.000000	0.495331	0.000000	0.000000	0.005055	0.499614	0.000000	0.000000
137	tsk_137	(x)	1	:	0.000000	0.000000	0.000000	0.000000	0.000000	0.500000	0.000000	0.000000	0.000000	0.500000	0.000000	0.000000
138	tsk_138	(x)	1	:	0.000000	0.000000	0.000000	0.000000	0.000000	0.000000	0.000000	0.000000	1.000000	0.000000	0.000000	0.000000
139	tsk_139	(x)	1	:	0.000000	0.000000	0.000165	0.000000	0.000000	0.000000	0.000000	0.000000	0.500004	0.499832	0.000000	0.000000
140	tsk_140	(x)	1	:	0.000000	0.000000	0.000000	0.500000	0.000000	0.500000	0.000000	0.000000	0.000000	0.000000	0.000000	0.000000
141	tsk_141	(x)	1	:	0.000000	0.000000	0.000000	0.000000	0.000000	0.000031	0.000000	0.478664	0.000000	0.000000	0.521305	0.000000
142	tsk_142	(x)	1	:	0.000000	0.000000	0.000000	0.000000	0.000000	0.000031	0.000000	0.478664	0.000000	0.000000	0.521305	0.000000
143	tsk_143	(x)	1	:	0.000000	0.000000	0.000000	0.000000	0.000000	0.512547	0.000000	0.487453	0.000000	0.000000	0.000000	0.000000
144	tsk_144	(x)	1	:	0.000000	0.000000	0.000000	0.000000	0.000000	0.000000	0.000000	0.488266	0.000132	0.000000	0.000000	0.511602
145	tsk_145	(x)	1	:	0.000000	0.000000	0.000000	0.000000	0.000000	0.000028	0.000000	0.478666	0.000000	0.000000	0.521306	0.000000
146	tsk_146	(x)	1	:	0.000000	0.000000	0.000000	0.499443	0.000000	0.001673	0.000000	0.000000	0.498884	0.000000	0.000000	0.000000
147	tsk_147	(x)	1	:	0.000000	0.000000	0.000000	0.000000	0.000000	0.000000	0.000000	1.000000	0.000000	0.000000	0.000000	0.000000
148	tsk_148	(x)	1	:	0.000000	0.000000	0.000000	0.000000	0.000000	0.000000	0.000000	1.000000	0.000000	0.000000	0.000000	0.000000
149	tsk_149	(x)	1	:	0.000000	0.000000	0.000000	0.500000	0.000000	0.500000	0.000000	0.000000	0.000000	0.000000	0.000000	0.000000
