logL = -1673.116805 (converged)
AIC = 4946.233609
BIC = 7354.741844

count.K
30 45 8 51 16 

