0	tsk_0	(x)	1	:	0.000000	0.000000	0.000000	0.530802	0.000000	0.000000	0.000000	0.000000	0.000000	0.469198
1	tsk_1	(x)	1	:	0.000000	0.000000	0.000000	0.000000	1.000000	0.000000	0.000000	0.000000	0.000000	0.000000
2	tsk_2	(x)	1	:	0.000000	0.000000	0.000000	0.000000	0.000000	0.000000	0.000000	0.000000	0.000000	1.000000
3	tsk_3	(x)	1	:	0.000000	0.000000	0.000000	0.000000	0.000000	0.000000	0.000000	0.000000	0.000000	1.000000
4	tsk_4	(x)	1	:	0.000000	0.000000	0.000000	0.000000	0.000000	0.000000	0.000000	0.000000	0.000000	1.000000
5	tsk_5	(x)	1	:	0.000000	0.000000	0.000000	0.530802	0.000000	0.000000	0.000000	0.000000	0.000000	0.469198
6	tsk_6	(x)	1	:	0.000000	0.000000	0.000000	0.000000	0.621026	0.000000	0.000000	0.000000	0.000000	0.378974
7	tsk_7	(x)	1	:	0.000000	0.000000	0.000000	0.000000	0.000000	0.000000	0.000151	0.000000	0.515418	0.484431
8	tsk_8	(x)	1	:	0.000000	0.000000	0.000000	0.000000	1.000000	0.000000	0.000000	0.000000	0.000000	0.000000
9	tsk_9	(x)	1	:	0.462178	0.000000	0.000000	0.537822	0.000000	0.000000	0.000000	0.000000	0.000000	0.000000
10	tsk_10	(x)	1	:	0.000000	0.000000	0.000000	0.000000	0.000000	0.511953	0.000000	0.000000	0.000000	0.488047
11	tsk_11	(x)	1	:	0.000000	0.000000	0.000000	0.000000	0.000000	0.509214	0.000490	0.490295	0.000000	0.000000
12	tsk_12	(x)	1	:	0.999650	0.000000	0.000000	0.000000	0.000000	0.000350	0.000000	0.000000	0.000000	0.000000
13	tsk_13	(x)	1	:	0.000000	0.000000	0.000000	0.000000	0.000000	0.000000	0.522106	0.477894	0.000000	0.000000
14	tsk_14	(x)	1	:	0.355533	0.000000	0.000000	0.000000	0.000000	0.188859	0.000095	0.455513	0.000000	0.000000
15	tsk_15	(x)	1	:	0.000000	0.000000	0.000000	0.000000	0.000000	0.000000	0.002680	0.492035	0.000000	0.505285
16	tsk_16	(x)	1	:	0.000000	0.000000	0.000000	0.000000	0.000000	0.000000	0.000000	0.000000	0.000000	1.000000
17	tsk_17	(x)	1	:	0.357006	0.000000	0.000000	0.000000	0.000000	0.189504	0.453490	0.000000	0.000000	0.000000
18	tsk_18	(x)	1	:	0.356995	0.000000	0.000000	0.000000	0.000000	0.189515	0.453490	0.000000	0.000000	0.000000
19	tsk_19	(x)	1	:	0.620811	0.000000	0.000000	0.000000	0.000000	0.379189	0.000000	0.000000	0.000000	0.000000
20	tsk_20	(x)	1	:	0.000000	0.000000	0.000000	0.000000	0.000000	0.000003	0.000000	0.000000	0.485749	0.514248
21	tsk_21	(x)	1	:	0.000000	0.511349	0.000000	0.488650	0.000000	0.000000	0.000000	0.000000	0.000000	0.000001
22	tsk_22	(x)	1	:	0.000000	0.000000	0.000000	0.000000	0.000000	0.000000	0.000000	0.000000	0.000000	1.000000
23	tsk_23	(x)	1	:	0.000000	0.000000	0.480492	0.519508	0.000000	0.000000	0.000000	0.000000	0.000000	0.000000
24	tsk_24	(x)	1	:	0.000000	0.000000	0.000000	0.000000	0.000000	0.000001	0.000000	0.000000	0.000000	0.999999
25	tsk_25	(x)	1	:	0.000000	0.000000	0.000000	0.000000	0.000000	0.000001	0.000000	0.000000	0.000000	0.999999
26	tsk_26	(x)	1	:	0.000000	0.000000	0.487227	0.000000	0.000000	0.000000	0.000007	0.000000	0.512766	0.000000
27	tsk_27	(x)	1	:	0.000000	0.000000	0.000000	0.000000	0.475612	0.000000	0.000000	0.000000	0.000000	0.524388
28	tsk_28	(x)	1	:	0.487325	0.000000	0.000000	0.000000	0.000000	0.000000	0.512675	0.000000	0.000000	0.000000
29	tsk_29	(x)	1	:	0.000000	0.000000	1.000000	0.000000	0.000000	0.000000	0.000000	0.000000	0.000000	0.000000
30	tsk_30	(x)	1	:	0.000000	0.000000	0.000000	0.000000	0.000000	0.000000	0.495830	0.000000	0.000000	0.504169
31	tsk_31	(x)	1	:	0.000000	0.000000	0.494472	0.505528	0.000000	0.000000	0.000000	0.000000	0.000000	0.000000
32	tsk_32	(x)	1	:	0.000000	0.000000	0.000000	0.000000	0.424572	0.000000	0.495700	0.000000	0.000000	0.079727
33	tsk_33	(x)	1	:	0.000000	0.000000	0.000000	0.000000	0.000000	0.000000	0.495830	0.000000	0.000000	0.504169
34	tsk_34	(x)	1	:	0.000000	0.000000	0.000000	0.000000	0.424502	0.000000	0.495690	0.000000	0.000000	0.079807
35	tsk_35	(x)	1	:	0.000000	0.000000	0.000000	0.000000	0.000000	0.000000	0.521058	0.478942	0.000000	0.000000
36	tsk_36	(x)	1	:	0.000000	0.000000	0.000000	0.000000	0.424521	0.000000	0.495693	0.000000	0.000000	0.079786
37	tsk_37	(x)	1	:	0.539748	0.000000	0.000000	0.000000	0.428577	0.000000	0.000000	0.000000	0.000000	0.031675
38	tsk_38	(x)	1	:	0.000000	0.000000	0.000000	0.000000	0.000000	0.000000	0.003537	0.491259	0.000000	0.505203
39	tsk_39	(x)	1	:	0.000000	0.000000	0.000000	0.000000	0.000000	0.000000	0.000155	0.000000	0.515414	0.484430
40	tsk_40	(x)	1	:	0.000000	0.000000	0.000000	0.000000	0.426267	0.495149	0.000000	0.000000	0.000000	0.078584
41	tsk_41	(x)	1	:	0.000000	0.000000	0.000000	0.000000	0.424684	0.000000	0.000063	0.000000	0.515402	0.059851
42	tsk_42	(x)	1	:	0.000000	0.000000	0.000000	0.000000	0.424509	0.000000	0.495691	0.000000	0.000000	0.079799
43	tsk_43	(x)	1	:	0.000000	0.500222	0.000000	0.000000	0.000000	0.000000	0.499778	0.000000	0.000000	0.000000
44	tsk_44	(x)	1	:	0.000000	0.000000	0.501113	0.000000	0.424464	0.000000	0.000000	0.000000	0.000000	0.074423
45	tsk_45	(x)	1	:	0.000000	0.495812	0.000000	0.000000	0.424344	0.000000	0.000000	0.000000	0.000000	0.079844
46	tsk_46	(x)	1	:	0.000000	0.000000	0.000000	0.000000	1.000000	0.000000	0.000000	0.000000	0.000000	0.000000
47	tsk_47	(x)	1	:	0.000000	0.495812	0.000000	0.000000	0.424345	0.000000	0.000000	0.000000	0.000000	0.079843
48	tsk_48	(x)	1	:	0.000000	0.000000	0.000000	0.000000	0.424497	0.000000	0.495690	0.000000	0.000000	0.079813
49	tsk_49	(x)	1	:	0.000000	1.000000	0.000000	0.000000	0.000000	0.000000	0.000000	0.000000	0.000000	0.000000
50	tsk_50	(x)	1	:	0.000000	0.457131	0.000000	0.000000	0.000000	0.000000	0.542869	0.000000	0.000000	0.000000
51	tsk_51	(x)	1	:	0.000000	0.018369	0.430771	0.000000	0.000000	0.000000	0.550860	0.000000	0.000000	0.000000
52	tsk_52	(x)	1	:	0.000000	0.500222	0.000000	0.000000	0.000000	0.000000	0.499778	0.000000	0.000000	0.000000
53	tsk_53	(x)	1	:	0.000000	0.000000	0.000000	0.000000	0.524671	0.000000	0.475329	0.000000	0.000000	0.000000
54	tsk_54	(x)	1	:	0.000000	0.000000	0.000000	0.000000	0.000000	0.000000	1.000000	0.000000	0.000000	0.000000
55	tsk_55	(x)	1	:	0.000000	0.478554	0.000000	0.000000	0.000000	0.000000	0.000023	0.000000	0.521424	0.000000
56	tsk_56	(x)	1	:	0.000000	0.000000	0.000000	0.000000	0.000000	0.000000	1.000000	0.000000	0.000000	0.000000
57	tsk_57	(x)	1	:	0.000000	0.000000	0.000000	0.000000	0.000000	0.000000	0.533138	0.000000	0.000000	0.466862
58	tsk_58	(x)	1	:	0.000000	0.000000	0.000000	0.000000	0.000000	0.000000	1.000000	0.000000	0.000000	0.000000
59	tsk_59	(x)	1	:	0.000000	0.475277	0.000000	0.000000	0.524720	0.000000	0.000000	0.000000	0.000000	0.000003
60	tsk_60	(x)	1	:	0.000000	0.000000	1.000000	0.000000	0.000000	0.000000	0.000000	0.000000	0.000000	0.000000
61	tsk_61	(x)	1	:	0.000000	0.000000	0.000000	0.000000	0.000000	0.494843	0.000000	0.000000	0.000000	0.505156
62	tsk_62	(x)	1	:	0.000000	0.490116	0.509884	0.000000	0.000000	0.000000	0.000000	0.000000	0.000000	0.000000
63	tsk_63	(x)	1	:	0.000000	0.000000	0.506153	0.000000	0.000000	0.000000	0.000234	0.493613	0.000000	0.000000
64	tsk_64	(x)	1	:	0.000000	0.000000	0.501115	0.000000	0.424477	0.000000	0.000000	0.000000	0.000000	0.074408
65	tsk_65	(x)	1	:	0.000000	0.000000	1.000000	0.000000	0.000000	0.000000	0.000000	0.000000	0.000000	0.000000
66	tsk_66	(x)	1	:	0.000000	0.000000	0.501113	0.000000	0.424457	0.000000	0.000000	0.000000	0.000000	0.074430
67	tsk_67	(x)	1	:	0.000000	0.000000	0.501225	0.000000	0.000000	0.000000	0.000000	0.000000	0.000000	0.498775
68	tsk_68	(x)	1	:	0.000000	0.000000	1.000000	0.000000	0.000000	0.000000	0.000000	0.000000	0.000000	0.000000
69	tsk_69	(x)	1	:	0.000000	0.000000	1.000000	0.000000	0.000000	0.000000	0.000000	0.000000	0.000000	0.000000
70	tsk_70	(x)	1	:	0.000015	0.000000	0.000000	0.000000	0.000000	0.999985	0.000000	0.000000	0.000000	0.000000
71	tsk_71	(x)	1	:	0.264616	0.000000	0.000000	0.000000	0.000000	0.735384	0.000000	0.000000	0.000000	0.000000
72	tsk_72	(x)	1	:	0.000000	0.000000	0.520129	0.000000	0.000000	0.479871	0.000000	0.000000	0.000000	0.000000
73	tsk_73	(x)	1	:	0.000000	0.000000	0.496913	0.000000	0.000000	0.503087	0.000000	0.000000	0.000000	0.000000
74	tsk_74	(x)	1	:	0.487325	0.000000	0.000000	0.000000	0.000000	0.000000	0.512675	0.000000	0.000000	0.000000
75	tsk_75	(x)	1	:	0.000000	0.000000	0.000000	0.000000	0.000000	0.508447	0.491553	0.000000	0.000000	0.000000
76	tsk_76	(x)	1	:	0.472333	0.000000	0.000000	0.000000	0.000000	0.000000	0.000983	0.000000	0.526683	0.000000
77	tsk_77	(x)	1	:	0.000000	0.000000	0.000000	0.000000	0.000000	0.508447	0.491553	0.000000	0.000000	0.000000
78	tsk_78	(x)	1	:	0.000000	0.000000	0.496914	0.000000	0.000000	0.503086	0.000000	0.000000	0.000000	0.000000
79	tsk_79	(x)	1	:	0.000000	0.000000	0.496913	0.000000	0.000000	0.503087	0.000000	0.000000	0.000000	0.000000
80	tsk_80	(x)	1	:	0.000000	0.000000	0.000000	0.000000	0.000000	0.000000	0.000174	0.000000	0.515399	0.484427
81	tsk_81	(x)	1	:	0.000000	0.495812	0.000000	0.000000	0.424344	0.000000	0.000000	0.000000	0.000000	0.079843
82	tsk_82	(x)	1	:	0.000000	0.000000	0.000000	0.000000	0.643000	0.000000	0.000000	0.000000	0.000000	0.357000
83	tsk_83	(x)	1	:	0.000000	0.000000	0.000000	0.487920	0.000000	0.000000	0.000005	0.000000	0.512074	0.000000
84	tsk_84	(x)	1	:	0.000000	0.000000	0.000000	0.000000	0.000000	0.000000	0.000165	0.000000	0.515407	0.484429
85	tsk_85	(x)	1	:	0.000000	0.000000	0.000000	0.487920	0.000000	0.000000	0.000005	0.000000	0.512074	0.000000
86	tsk_86	(x)	1	:	0.000000	0.246066	0.285189	0.000000	0.000000	0.000000	0.000000	0.000000	0.000000	0.468744
87	tsk_87	(x)	1	:	0.000000	0.000000	0.000000	0.000000	0.643000	0.000000	0.000000	0.000000	0.000000	0.357000
88	tsk_88	(x)	1	:	0.000000	0.000000	0.000000	0.000000	0.425567	0.000000	0.000000	0.000000	0.000000	0.574433
89	tsk_89	(x)	1	:	0.000000	0.000000	0.000000	0.487921	0.000000	0.000000	0.000004	0.000000	0.512076	0.000000
90	tsk_90	(x)	1	:	0.000000	0.000000	0.000000	0.000000	0.000000	0.000000	0.386883	0.613117	0.000000	0.000000
91	tsk_91	(x)	1	:	0.000000	0.000000	0.000000	0.499393	0.000000	0.000000	0.500607	0.000000	0.000000	0.000000
92	tsk_92	(x)	1	:	0.000000	0.000000	0.000000	0.000000	0.000000	0.501187	0.498813	0.000000	0.000000	0.000000
93	tsk_93	(x)	1	:	0.002829	0.000000	0.000000	0.000000	0.000000	0.997171	0.000000	0.000000	0.000000	0.000000
94	tsk_94	(x)	1	:	0.000000	0.000000	0.000000	0.000000	0.000000	0.476289	0.000000	0.523711	0.000000	0.000000
95	tsk_95	(x)	1	:	0.000000	0.000000	0.502796	0.000000	0.000000	0.497204	0.000000	0.000000	0.000000	0.000000
96	tsk_96	(x)	1	:	0.000000	0.491598	0.000000	0.508402	0.000000	0.000000	0.000000	0.000000	0.000000	0.000000
97	tsk_97	(x)	1	:	0.000000	0.000000	0.000000	0.509477	0.000000	0.000000	0.000000	0.000000	0.000000	0.490523
98	tsk_98	(x)	1	:	0.000000	0.000000	0.502796	0.000000	0.000000	0.497204	0.000000	0.000000	0.000000	0.000000
99	tsk_99	(x)	1	:	0.000000	0.000000	0.000000	0.000000	0.000000	0.494843	0.000000	0.000000	0.000000	0.505156
100	tsk_100	(x)	1	:	0.000000	0.409689	0.590311	0.000000	0.000000	0.000000	0.000000	0.000000	0.000000	0.000000
101	tsk_101	(x)	1	:	0.488859	0.233642	0.277498	0.000000	0.000000	0.000000	0.000000	0.000000	0.000000	0.000000
102	tsk_102	(x)	1	:	0.000000	0.239636	0.281225	0.000000	0.000000	0.479138	0.000000	0.000000	0.000000	0.000000
103	tsk_103	(x)	1	:	0.000000	0.000000	0.000000	0.000000	0.425567	0.000000	0.000000	0.000000	0.000000	0.574433
104	tsk_104	(x)	1	:	0.000000	0.000000	0.000000	0.000000	0.000000	0.000000	0.003282	0.491490	0.000000	0.505228
105	tsk_105	(x)	1	:	0.000000	0.000000	0.000000	0.000000	0.000000	0.000000	0.002849	0.491881	0.000000	0.505269
106	tsk_106	(x)	1	:	0.000000	0.000000	0.000000	0.000000	0.424524	0.000000	0.495693	0.000000	0.000000	0.079783
107	tsk_107	(x)	1	:	0.501191	0.000000	0.000000	0.498809	0.000000	0.000000	0.000000	0.000000	0.000000	0.000000
108	tsk_108	(x)	1	:	0.457305	0.253200	0.289496	0.000000	0.000000	0.000000	0.000000	0.000000	0.000000	0.000000
109	tsk_109	(x)	1	:	0.000000	0.000000	0.000000	0.000000	0.000000	0.000000	0.521072	0.478928	0.000000	0.000000
110	tsk_110	(x)	1	:	0.000000	0.000000	0.000000	0.000000	0.000000	0.000000	0.512171	0.487829	0.000000	0.000000
111	tsk_111	(x)	1	:	0.000000	0.000000	0.000000	0.000000	1.000000	0.000000	0.000000	0.000000	0.000000	0.000000
112	tsk_112	(x)	1	:	0.000000	0.000000	0.000000	0.000000	0.424974	0.000000	0.533087	0.000000	0.000000	0.041939
113	tsk_113	(x)	1	:	0.000000	0.000000	0.000000	0.000000	0.000000	0.000000	0.000000	0.527897	0.000000	0.472103
114	tsk_114	(x)	1	:	0.000000	0.000000	0.000000	0.000000	0.643000	0.000000	0.000000	0.000000	0.000000	0.357000
115	tsk_115	(x)	1	:	0.000000	0.000000	0.000000	0.000000	1.000000	0.000000	0.000000	0.000000	0.000000	0.000000
116	tsk_116	(x)	1	:	0.000000	0.495975	0.000000	0.000000	0.000000	0.000000	0.000000	0.000000	0.000000	0.504025
117	tsk_117	(x)	1	:	0.000000	0.000000	0.000000	0.000000	0.643000	0.000000	0.000000	0.000000	0.000000	0.357000
118	tsk_118	(x)	1	:	0.455595	0.000000	0.000000	0.000000	0.000000	0.000000	0.544405	0.000000	0.000000	0.000000
119	tsk_119	(x)	1	:	0.000000	0.000000	0.000000	0.000000	0.425299	0.000000	0.000000	0.527888	0.000000	0.046813
120	tsk_120	(x)	1	:	0.000000	0.000000	0.000000	0.000000	1.000000	0.000000	0.000000	0.000000	0.000000	0.000000
121	tsk_121	(x)	1	:	0.522592	0.045436	0.431972	0.000000	0.000000	0.000000	0.000000	0.000000	0.000000	0.000000
122	tsk_122	(x)	1	:	0.000000	0.000000	0.000000	0.000000	0.532730	0.467270	0.000000	0.000000	0.000000	0.000000
123	tsk_123	(x)	1	:	0.000000	0.000000	0.000000	0.000000	1.000000	0.000000	0.000000	0.000000	0.000000	0.000000
124	tsk_124	(x)	1	:	0.000000	0.000000	0.000000	0.512909	0.487090	0.000000	0.000000	0.000000	0.000000	0.000000
125	tsk_125	(x)	1	:	0.000000	0.000000	0.504975	0.000000	0.495025	0.000000	0.000000	0.000000	0.000000	0.000000
126	tsk_126	(x)	1	:	0.000000	0.000000	0.000000	0.493269	0.506731	0.000000	0.000000	0.000000	0.000000	0.000000
127	tsk_127	(x)	1	:	0.000000	0.000000	0.000000	1.000000	0.000000	0.000000	0.000000	0.000000	0.000000	0.000000
128	tsk_128	(x)	1	:	0.000000	0.000000	0.000000	0.000000	0.499686	0.000000	0.000000	0.500314	0.000000	0.000000
129	tsk_129	(x)	1	:	0.456711	0.000000	0.000000	0.000000	0.424085	0.000000	0.000000	0.000000	0.000000	0.119204
130	tsk_130	(x)	1	:	0.000000	0.000000	0.000000	0.000000	0.000000	0.000000	0.000000	1.000000	0.000000	0.000000
131	tsk_131	(x)	1	:	0.000000	0.511349	0.000000	0.488650	0.000000	0.000000	0.000000	0.000000	0.000000	0.000001
132	tsk_132	(x)	1	:	0.000000	0.000000	0.000000	0.000000	0.000000	0.000000	0.000000	1.000000	0.000000	0.000000
133	tsk_133	(x)	1	:	0.000000	0.000000	0.000000	0.000000	0.000000	0.493051	0.000000	0.506949	0.000000	0.000000
134	tsk_134	(x)	1	:	0.000000	0.495975	0.000000	0.000000	0.000000	0.000000	0.000000	0.000000	0.000000	0.504025
135	tsk_135	(x)	1	:	0.000000	0.000000	0.000000	0.000000	0.000000	0.507923	0.124039	0.367998	0.000040	0.000000
136	tsk_136	(x)	1	:	0.000000	0.000000	0.000000	0.000000	0.000000	0.000000	0.000000	1.000000	0.000000	0.000000
137	tsk_137	(x)	1	:	0.000000	0.000000	0.000000	0.496887	0.000000	0.000000	0.002555	0.492828	0.000000	0.007730
138	tsk_138	(x)	1	:	0.000000	0.495975	0.000000	0.000000	0.000000	0.000000	0.000000	0.000000	0.000000	0.504025
139	tsk_139	(x)	1	:	0.487030	0.512969	0.000000	0.000000	0.000000	0.000000	0.000000	0.000000	0.000000	0.000002
140	tsk_140	(x)	1	:	0.000000	0.000000	0.000000	0.481637	0.423962	0.000000	0.000000	0.000000	0.000000	0.094401
141	tsk_141	(x)	1	:	0.000000	0.000000	0.501111	0.000000	0.424440	0.000000	0.000000	0.000000	0.000000	0.074449
142	tsk_142	(x)	1	:	0.340894	0.000000	0.000000	0.000000	0.000000	0.659106	0.000000	0.000000	0.000000	0.000000
143	tsk_143	(x)	1	:	0.456707	0.000000	0.000000	0.000000	0.424071	0.000000	0.000000	0.000000	0.000000	0.119222
144	tsk_144	(x)	1	:	0.457298	0.000000	0.000000	0.000000	0.000000	0.000000	0.000000	0.000000	0.000000	0.542702
145	tsk_145	(x)	1	:	0.000000	0.000000	0.000000	0.000000	1.000000	0.000000	0.000000	0.000000	0.000000	0.000000
146	tsk_146	(x)	1	:	0.000000	0.000000	0.000000	0.000000	1.000000	0.000000	0.000000	0.000000	0.000000	0.000000
147	tsk_147	(x)	1	:	0.000000	0.000000	0.000000	0.491618	0.000000	0.000000	0.000000	0.508382	0.000000	0.000000
148	tsk_148	(x)	1	:	1.000000	0.000000	0.000000	0.000000	0.000000	0.000000	0.000000	0.000000	0.000000	0.000000
149	tsk_149	(x)	1	:	0.457299	0.000000	0.000000	0.000000	0.000000	0.000000	0.000000	0.000000	0.000000	0.542701
