logL = -804.735057 (converged)
AIC = 5009.470114
BIC = 10127.550114

count.K
33 7 2 8 15 2 50 21 2 10 

