0	tsk_0	(x)	1	:	0.000000	0.000000	0.445882	0.000000	0.000000	0.000000	0.192187	0.000000	0.023002	0.003772	0.098679	0.030808	0.000000	0.205670	0.000000
1	tsk_1	(x)	1	:	0.000000	0.000000	1.000000	0.000000	0.000000	0.000000	0.000000	0.000000	0.000000	0.000000	0.000000	0.000000	0.000000	0.000000	0.000000
2	tsk_2	(x)	1	:	0.000000	0.000592	0.000000	0.499155	0.000000	0.000007	0.224847	0.000000	0.000000	0.004410	0.167379	0.000000	0.000070	0.103541	0.000000
3	tsk_3	(x)	1	:	0.000000	0.000000	1.000000	0.000000	0.000000	0.000000	0.000000	0.000000	0.000000	0.000000	0.000000	0.000000	0.000000	0.000000	0.000000
4	tsk_4	(x)	1	:	0.000000	0.000557	0.000000	0.499149	0.000000	0.000006	0.146090	0.000000	0.000000	0.004284	0.235312	0.000000	0.000115	0.114487	0.000000
5	tsk_5	(x)	1	:	0.000002	0.000000	0.445890	0.000000	0.000000	0.000000	0.279616	0.000000	0.009011	0.003722	0.093048	0.044794	0.000000	0.123918	0.000000
6	tsk_6	(x)	1	:	0.000000	0.000000	0.445852	0.000000	0.000000	0.000000	0.000000	0.000000	0.045261	0.000000	0.000000	0.008893	0.499993	0.000000	0.000000
7	tsk_7	(x)	1	:	0.000000	0.007623	0.000000	0.000000	0.000000	0.000069	0.198791	0.000000	0.000000	0.007504	0.186929	0.000000	0.492942	0.106142	0.000000
8	tsk_8	(x)	1	:	0.000000	0.000000	0.445883	0.000000	0.000000	0.000000	0.291339	0.000000	0.009862	0.003775	0.097584	0.043946	0.000000	0.107611	0.000000
9	tsk_9	(x)	1	:	0.000000	0.000000	0.000000	0.500000	0.000000	0.000000	0.000000	0.000000	0.000000	0.000000	0.000000	0.000000	0.500000	0.000000	0.000000
10	tsk_10	(x)	1	:	0.000000	0.002134	0.000000	0.000000	0.000000	0.000000	0.000000	0.000000	0.000000	0.499645	0.000000	0.000000	0.498221	0.000000	0.000000
11	tsk_11	(x)	1	:	0.000000	0.008452	0.000000	0.000000	0.000000	0.000000	0.207505	0.000000	0.000000	0.008829	0.113691	0.000000	0.492166	0.169358	0.000000
12	tsk_12	(x)	1	:	0.000000	0.000000	0.445857	0.000000	0.000000	0.000000	0.000000	0.000000	0.012526	0.499994	0.000000	0.041623	0.000000	0.000000	0.000000
13	tsk_13	(x)	1	:	0.000000	0.001840	0.000000	0.000000	0.000000	0.000000	0.000000	0.000000	0.000000	0.499694	0.000000	0.000000	0.498466	0.000000	0.000000
14	tsk_14	(x)	1	:	0.000000	0.006381	0.000000	0.000000	0.000000	0.000109	0.291491	0.000000	0.000000	0.006131	0.081616	0.000000	0.494083	0.120188	0.000000
15	tsk_15	(x)	1	:	0.000000	0.000000	0.000000	0.000000	0.000000	0.000000	0.000000	0.000000	0.000000	0.000000	0.000000	0.000000	1.000000	0.000000	0.000000
16	tsk_16	(x)	1	:	0.000000	0.001797	0.445911	0.000000	0.000000	0.000000	0.000000	0.000000	0.046285	0.000000	0.000000	0.007480	0.498527	0.000000	0.000000
17	tsk_17	(x)	1	:	0.000000	0.000000	0.000000	0.000000	0.000000	0.000000	0.000000	0.000000	0.000000	0.500000	0.000000	0.000000	0.500000	0.000000	0.000000
18	tsk_18	(x)	1	:	0.000000	0.000000	0.445877	0.000000	0.000000	0.000000	0.171480	0.000000	0.020253	0.003700	0.051206	0.033568	0.000000	0.273915	0.000000
19	tsk_19	(x)	1	:	0.000000	0.000000	1.000000	0.000000	0.000000	0.000000	0.000000	0.000000	0.000000	0.000000	0.000000	0.000000	0.000000	0.000000	0.000000
20	tsk_20	(x)	1	:	0.000000	0.000000	0.000000	0.000000	0.000000	0.000000	0.636046	0.000000	0.000000	0.000000	0.119076	0.000000	0.000000	0.244879	0.000000
21	tsk_21	(x)	1	:	0.000000	0.499667	0.000000	0.000000	0.000000	0.000000	0.266361	0.000000	0.000000	0.003682	0.093395	0.000000	0.000000	0.136895	0.000000
22	tsk_22	(x)	1	:	0.000000	0.000000	0.000000	0.000000	0.000000	0.000000	0.076472	0.000000	0.000000	0.003051	0.236959	0.000000	0.000000	0.183740	0.499778
23	tsk_23	(x)	1	:	0.000000	0.000000	0.000000	0.000000	0.000000	0.000000	0.000000	0.000000	0.000000	0.000000	0.000000	0.000000	0.615353	0.000000	0.384647
24	tsk_24	(x)	1	:	0.000000	0.001751	0.445906	0.000000	0.000000	0.000000	0.000000	0.000000	0.049880	0.000000	0.000000	0.003898	0.498565	0.000000	0.000000
25	tsk_25	(x)	1	:	0.514010	0.000000	0.445715	0.000000	0.000000	0.000000	0.000000	0.000000	0.003764	0.000000	0.000000	0.036511	0.000000	0.000000	0.000000
26	tsk_26	(x)	1	:	0.000000	0.500000	0.000000	0.000000	0.000000	0.000000	0.000000	0.000000	0.000000	0.000000	0.000000	0.000000	0.500000	0.000000	0.000000
27	tsk_27	(x)	1	:	0.000000	0.000000	0.000000	0.000000	0.000000	0.000000	0.379812	0.000000	0.000000	0.000000	0.101049	0.000000	0.000000	0.519138	0.000000
28	tsk_28	(x)	1	:	0.000000	0.000000	0.000000	0.000000	0.000000	0.000000	0.000000	0.000000	0.000000	0.000000	0.000000	0.000000	0.615353	0.000000	0.384647
29	tsk_29	(x)	1	:	0.000000	0.006231	0.000000	0.000000	0.000000	0.000107	0.115664	0.000000	0.000000	0.005998	0.259605	0.000000	0.494221	0.118174	0.000000
30	tsk_30	(x)	1	:	0.000000	0.000000	0.000000	0.000000	0.468491	0.000000	0.278409	0.000000	0.000000	0.000000	0.055638	0.000000	0.000000	0.197463	0.000000
31	tsk_31	(x)	1	:	0.000000	0.000000	0.000000	0.000000	0.000000	0.000000	0.198220	0.000000	0.000000	0.000000	0.159754	0.000000	0.000000	0.642026	0.000000
32	tsk_32	(x)	1	:	0.000000	0.000000	0.000000	0.000000	0.000000	0.000000	0.573663	0.000000	0.000000	0.000000	0.087929	0.000000	0.000000	0.338408	0.000000
33	tsk_33	(x)	1	:	0.000000	0.000000	0.000000	0.000000	0.000000	0.000000	0.719512	0.000000	0.000000	0.000000	0.094283	0.000000	0.000000	0.186205	0.000000
34	tsk_34	(x)	1	:	0.000000	0.000000	0.000000	0.000000	0.000000	0.000000	0.225441	0.000000	0.133902	0.003755	0.133184	0.365786	0.000000	0.137931	0.000000
35	tsk_35	(x)	1	:	0.000000	0.000000	0.000000	0.000000	0.000000	0.000000	0.307252	0.000000	0.000000	0.000000	0.199214	0.000000	0.000000	0.493533	0.000000
36	tsk_36	(x)	1	:	0.000000	0.000000	0.000000	0.000000	0.000000	0.000000	0.618882	0.000000	0.000000	0.000000	0.093141	0.000000	0.000000	0.287977	0.000000
37	tsk_37	(x)	1	:	0.000000	0.000000	0.000000	0.000000	0.000000	0.000000	0.605646	0.000000	0.000000	0.000000	0.053895	0.000000	0.000000	0.340459	0.000000
38	tsk_38	(x)	1	:	0.000000	0.000000	0.000000	0.000000	0.500000	0.000000	0.264466	0.000000	0.000000	0.000000	0.026037	0.000000	0.000000	0.209497	0.000000
39	tsk_39	(x)	1	:	0.000000	0.000000	0.000000	0.000000	0.324257	0.000000	0.247837	0.000000	0.000000	0.000000	0.042586	0.000000	0.000000	0.385320	0.000000
40	tsk_40	(x)	1	:	0.000000	0.000000	0.000000	0.000000	0.000000	0.000000	0.393244	0.350584	0.000000	0.000000	0.009831	0.000000	0.000000	0.246341	0.000000
41	tsk_41	(x)	1	:	0.475841	0.000000	0.000000	0.000000	0.000000	0.000000	0.000000	0.000000	0.190072	0.004216	0.000000	0.329871	0.000000	0.000000	0.000000
42	tsk_42	(x)	1	:	0.000000	0.000000	0.000000	0.000000	0.000000	0.000000	0.000000	0.000000	0.703868	0.000000	0.000000	0.296132	0.000000	0.000000	0.000000
43	tsk_43	(x)	1	:	0.000000	0.000000	0.000000	0.000000	0.000000	0.000000	0.530699	0.000000	0.000000	0.000000	0.052685	0.000000	0.000000	0.416616	0.000000
44	tsk_44	(x)	1	:	0.338641	0.000000	0.000000	0.000000	0.000000	0.000000	0.311670	0.000000	0.000000	0.161779	0.000000	0.000000	0.000000	0.187911	0.000000
45	tsk_45	(x)	1	:	0.000000	0.000000	0.000000	0.000000	0.000000	0.000000	0.409776	0.350584	0.000000	0.000000	0.027586	0.000000	0.000000	0.212054	0.000000
46	tsk_46	(x)	1	:	0.000000	0.000000	0.000000	0.000000	0.000000	0.000000	0.670547	0.000000	0.000000	0.000000	0.067364	0.000000	0.000000	0.262089	0.000000
47	tsk_47	(x)	1	:	0.000000	0.000000	0.000000	0.000000	0.000000	0.000000	0.272422	0.000000	0.000000	0.500000	0.055698	0.000000	0.000000	0.171879	0.000000
48	tsk_48	(x)	1	:	0.338641	0.000000	0.000000	0.000000	0.000000	0.000000	0.294047	0.000000	0.000000	0.161779	0.069804	0.000000	0.000000	0.135729	0.000000
49	tsk_49	(x)	1	:	0.000000	0.000000	0.000000	0.000000	0.000000	0.000000	0.038386	0.350834	0.216517	0.004098	0.045464	0.283161	0.000000	0.061540	0.000000
50	tsk_50	(x)	1	:	0.000000	0.000000	0.445863	0.000000	0.000000	0.000000	0.168311	0.000000	0.014200	0.000000	0.085358	0.039942	0.000000	0.246326	0.000000
51	tsk_51	(x)	1	:	0.000000	0.007526	0.000000	0.000000	0.000000	0.000070	0.000000	0.000000	0.000000	0.007848	0.380065	0.000000	0.492997	0.111494	0.000000
52	tsk_52	(x)	1	:	0.000000	0.000000	0.000000	0.000000	0.000001	0.000000	0.504955	0.000000	0.000000	0.000005	0.097591	0.000000	0.000000	0.397448	0.000000
53	tsk_53	(x)	1	:	0.000000	0.000000	0.000000	0.000000	0.468491	0.000000	0.292871	0.000000	0.000000	0.000000	0.033941	0.000000	0.000000	0.204697	0.000000
54	tsk_54	(x)	1	:	0.000000	0.000000	0.000000	0.000000	0.000000	0.000000	0.691261	0.000000	0.000000	0.000000	0.074996	0.000000	0.000000	0.233744	0.000000
55	tsk_55	(x)	1	:	0.000000	0.000000	0.000000	0.000000	0.000000	0.000000	0.603802	0.000000	0.000000	0.000000	0.015879	0.000000	0.000000	0.380318	0.000000
56	tsk_56	(x)	1	:	0.000000	0.000000	0.000000	0.000000	0.000000	0.000000	0.479307	0.000000	0.000000	0.000000	0.054169	0.000000	0.000000	0.466523	0.000000
57	tsk_57	(x)	1	:	0.000000	0.001965	0.000000	0.000000	0.000000	0.000000	0.000000	0.000000	0.000000	0.499673	0.000000	0.000000	0.498362	0.000000	0.000000
58	tsk_58	(x)	1	:	0.000000	0.005784	0.000000	0.000000	0.000000	0.000097	0.315475	0.000000	0.000000	0.005810	0.104713	0.000000	0.494618	0.073502	0.000000
59	tsk_59	(x)	1	:	0.000000	0.000000	0.000000	0.000000	0.000000	0.000000	0.847370	0.000000	0.000000	0.000000	0.152630	0.000000	0.000000	0.000000	0.000000
60	tsk_60	(x)	1	:	0.000000	0.007328	0.000000	0.000000	0.000000	0.000094	0.084000	0.000000	0.000000	0.007119	0.301821	0.000000	0.493211	0.106427	0.000000
61	tsk_61	(x)	1	:	0.000000	0.499683	0.000000	0.000000	0.000000	0.000000	0.207164	0.000000	0.000000	0.003503	0.120954	0.000000	0.000000	0.168696	0.000000
62	tsk_62	(x)	1	:	0.000000	0.000000	0.000000	0.000000	0.000000	0.000000	0.367064	0.000000	0.000000	0.000000	0.056961	0.000000	0.000000	0.575975	0.000000
63	tsk_63	(x)	1	:	0.000000	0.000000	0.000000	0.000000	0.000000	0.000000	0.345555	0.350584	0.000000	0.000000	0.035025	0.000000	0.000000	0.268835	0.000000
64	tsk_64	(x)	1	:	0.000000	0.499679	0.000000	0.000000	0.000000	0.000000	0.089103	0.000000	0.000000	0.003554	0.271202	0.000000	0.000000	0.136462	0.000000
65	tsk_65	(x)	1	:	0.000000	0.000000	0.000000	0.000000	0.000000	0.000000	0.502597	0.000000	0.000000	0.000000	0.104462	0.000000	0.000000	0.392941	0.000000
66	tsk_66	(x)	1	:	0.000000	0.499690	0.000000	0.000000	0.000000	0.000000	0.199154	0.000000	0.000000	0.003424	0.161589	0.000000	0.000000	0.136142	0.000000
67	tsk_67	(x)	1	:	0.000000	0.000000	0.000000	0.000000	0.000000	0.000000	0.250845	0.000000	0.182753	0.003519	0.122243	0.316955	0.000000	0.123685	0.000000
68	tsk_68	(x)	1	:	0.000000	0.006953	0.000000	0.000000	0.000000	0.000107	0.194105	0.000000	0.000000	0.006806	0.138257	0.000000	0.493547	0.160223	0.000000
69	tsk_69	(x)	1	:	0.000000	0.001658	0.000000	0.000000	0.000000	0.000000	0.000000	0.000000	0.403669	0.000000	0.000000	0.096030	0.498643	0.000000	0.000000
70	tsk_70	(x)	1	:	0.000000	0.000000	0.000000	0.000000	0.000000	0.000000	0.000000	0.000000	0.000000	0.500000	0.000000	0.000000	0.500000	0.000000	0.000000
71	tsk_71	(x)	1	:	0.000000	0.000000	0.000000	0.000000	0.000000	0.000000	0.000000	0.000000	0.000000	0.500000	0.000000	0.000000	0.500000	0.000000	0.000000
72	tsk_72	(x)	1	:	0.000000	0.000000	0.000000	0.000000	0.000000	0.000000	0.000000	0.000000	0.000000	1.000000	0.000000	0.000000	0.000000	0.000000	0.000000
73	tsk_73	(x)	1	:	0.000000	0.000000	0.000000	0.000000	0.000000	0.000000	0.000000	0.000000	0.000000	1.000000	0.000000	0.000000	0.000000	0.000000	0.000000
74	tsk_74	(x)	1	:	0.000000	0.499700	0.000000	0.000000	0.000000	0.000000	0.113480	0.000000	0.000000	0.003313	0.233185	0.000000	0.000000	0.150322	0.000000
75	tsk_75	(x)	1	:	0.000000	1.000000	0.000000	0.000000	0.000000	0.000000	0.000000	0.000000	0.000000	0.000000	0.000000	0.000000	0.000000	0.000000	0.000000
76	tsk_76	(x)	1	:	0.000000	0.000000	0.000000	0.000000	0.000000	0.000000	0.000000	0.000000	0.000000	1.000000	0.000000	0.000000	0.000000	0.000000	0.000000
77	tsk_77	(x)	1	:	0.000000	0.500000	0.000000	0.000000	0.000000	0.000000	0.000000	0.000000	0.000000	0.500000	0.000000	0.000000	0.000000	0.000000	0.000000
78	tsk_78	(x)	1	:	0.000000	0.006512	0.000000	0.000000	0.000000	0.000000	0.154229	0.312431	0.000000	0.009991	0.000000	0.000000	0.493762	0.023075	0.000000
79	tsk_79	(x)	1	:	0.000000	0.001846	0.000000	0.000000	0.000000	0.000000	0.000000	0.000000	0.000000	0.499693	0.000000	0.000000	0.498461	0.000000	0.000000
80	tsk_80	(x)	1	:	0.000000	0.000000	0.000000	0.000000	0.000000	0.000000	0.304081	0.000000	0.000000	0.000000	0.095414	0.000000	0.000000	0.600504	0.000000
81	tsk_81	(x)	1	:	0.000000	0.000000	0.000000	0.000000	0.000000	0.000000	0.100314	0.350889	0.282482	0.003925	0.045175	0.217215	0.000000	0.000000	0.000000
82	tsk_82	(x)	1	:	0.000000	0.000665	0.000000	0.498985	0.000000	0.000007	0.179065	0.000000	0.000000	0.004442	0.265923	0.000000	0.000189	0.050725	0.000000
83	tsk_83	(x)	1	:	0.000000	0.000000	0.000000	0.000000	0.000000	0.000000	0.269477	0.000000	0.115010	0.003833	0.063616	0.384673	0.000000	0.163392	0.000000
84	tsk_84	(x)	1	:	0.000206	0.279534	0.000000	0.000000	0.000000	0.646637	0.026109	0.000000	0.000000	0.000010	0.016783	0.000000	0.002902	0.027819	0.000000
85	tsk_85	(x)	1	:	0.000000	0.000000	0.000000	0.000000	0.000000	0.000000	0.079295	0.000000	0.087297	0.003853	0.155745	0.412384	0.000000	0.261426	0.000000
86	tsk_86	(x)	1	:	0.000000	0.000000	0.000000	0.000000	0.468491	0.000000	0.248560	0.000000	0.000000	0.000000	0.041349	0.000000	0.000000	0.241600	0.000000
87	tsk_87	(x)	1	:	0.000000	0.280143	0.000000	0.000000	0.000000	0.649840	0.020713	0.000000	0.000000	0.014325	0.014587	0.000000	0.000000	0.020392	0.000000
88	tsk_88	(x)	1	:	0.000000	0.001825	0.000000	0.000000	0.000000	0.000000	0.000000	0.000000	0.424580	0.000000	0.000000	0.075088	0.498506	0.000000	0.000000
89	tsk_89	(x)	1	:	0.000000	0.000000	0.000000	0.000000	0.000000	0.000000	0.000000	0.000000	0.000000	0.000000	0.000000	0.000000	1.000000	0.000000	0.000000
90	tsk_90	(x)	1	:	0.000000	0.000000	0.000000	0.000000	0.468491	0.000000	0.191147	0.000000	0.000000	0.000000	0.072251	0.000000	0.000000	0.268111	0.000000
91	tsk_91	(x)	1	:	0.000000	0.000000	0.000000	0.000000	0.468491	0.000000	0.079764	0.000000	0.000000	0.000000	0.039837	0.000000	0.000000	0.411908	0.000000
92	tsk_92	(x)	1	:	0.000000	0.499936	0.000000	0.000000	0.468499	0.000000	0.005783	0.000000	0.000000	0.000705	0.019967	0.000000	0.000000	0.005109	0.000000
93	tsk_93	(x)	1	:	0.000000	0.000000	0.000000	0.000000	0.468491	0.000000	0.275571	0.000000	0.000000	0.000000	0.109585	0.000000	0.000000	0.146353	0.000000
94	tsk_94	(x)	1	:	0.000000	0.006858	0.000000	0.000000	0.000000	0.000109	0.197421	0.000000	0.000000	0.006682	0.177080	0.000000	0.493637	0.118213	0.000000
95	tsk_95	(x)	1	:	0.000000	0.006066	0.000000	0.000000	0.496835	0.000061	0.000000	0.000000	0.000000	0.000000	0.000000	0.000000	0.497037	0.000000	0.000000
96	tsk_96	(x)	1	:	0.000000	0.499837	0.000000	0.000000	0.468577	0.000000	0.010273	0.000000	0.000000	0.001881	0.012195	0.000000	0.000000	0.007237	0.000000
97	tsk_97	(x)	1	:	0.000000	0.499672	0.000000	0.000000	0.000000	0.000000	0.097971	0.000000	0.000000	0.003626	0.265448	0.000000	0.000000	0.133283	0.000000
98	tsk_98	(x)	1	:	0.000000	0.000502	0.000000	0.497944	0.492065	0.000009	0.001288	0.000000	0.000000	0.000391	0.003881	0.000000	0.003566	0.000354	0.000000
99	tsk_99	(x)	1	:	0.515495	0.484505	0.000000	0.000000	0.000000	0.000000	0.000000	0.000000	0.000000	0.000000	0.000000	0.000000	0.000000	0.000000	0.000000
100	tsk_100	(x)	1	:	0.000000	0.000000	0.000000	0.000000	0.000000	0.000000	0.476431	0.000000	0.000000	0.000000	0.151609	0.000000	0.000000	0.371960	0.000000
101	tsk_101	(x)	1	:	0.000000	0.000000	0.000000	0.000000	0.000000	0.000000	0.220290	0.000000	0.164359	0.003804	0.053634	0.335326	0.000000	0.222588	0.000000
102	tsk_102	(x)	1	:	0.000000	0.000000	0.000000	0.000000	0.000000	0.000000	0.000000	0.000000	0.000000	0.000000	0.000000	0.000000	1.000000	0.000000	0.000000
103	tsk_103	(x)	1	:	0.000000	0.000000	0.445931	0.000000	0.000000	0.000000	0.000000	0.000000	0.272182	0.000000	0.000000	0.281887	0.000000	0.000000	0.000000
104	tsk_104	(x)	1	:	0.000000	0.000000	0.445889	0.000000	0.468700	0.000000	0.012871	0.000000	0.000000	0.002996	0.007647	0.053882	0.000000	0.008016	0.000000
105	tsk_105	(x)	1	:	0.000000	0.000000	0.000000	0.000000	0.468400	0.000000	0.011105	0.000000	0.267074	0.000000	0.014535	0.232919	0.000000	0.005968	0.000000
106	tsk_106	(x)	1	:	0.000000	0.007025	0.000000	0.000000	0.000000	0.000108	0.217054	0.000000	0.000000	0.006597	0.121000	0.000000	0.493502	0.154714	0.000000
107	tsk_107	(x)	1	:	0.000000	0.000000	0.445881	0.000000	0.468726	0.000000	0.000000	0.000000	0.010878	0.003184	0.022815	0.042999	0.000000	0.005516	0.000000
108	tsk_108	(x)	1	:	0.000000	0.000000	0.000000	0.000000	0.468491	0.000000	0.328138	0.000000	0.000000	0.000000	0.013541	0.000000	0.000000	0.189829	0.000000
109	tsk_109	(x)	1	:	0.000000	0.000000	0.000000	0.000000	1.000000	0.000000	0.000000	0.000000	0.000000	0.000000	0.000000	0.000000	0.000000	0.000000	0.000000
110	tsk_110	(x)	1	:	0.000000	0.478834	0.521165	0.000000	0.000000	0.000000	0.000000	0.000000	0.000000	0.000000	0.000000	0.000000	0.000000	0.000000	0.000000
111	tsk_111	(x)	1	:	0.000000	0.001765	0.445914	0.000000	0.000000	0.000000	0.000000	0.000000	0.046068	0.000000	0.000000	0.007699	0.498554	0.000000	0.000000
112	tsk_112	(x)	1	:	0.000000	1.000000	0.000000	0.000000	0.000000	0.000000	0.000000	0.000000	0.000000	0.000000	0.000000	0.000000	0.000000	0.000000	0.000000
113	tsk_113	(x)	1	:	0.000000	0.478834	0.521165	0.000000	0.000000	0.000000	0.000000	0.000000	0.000000	0.000000	0.000000	0.000000	0.000000	0.000000	0.000000
114	tsk_114	(x)	1	:	0.000000	0.000016	0.517777	0.000000	0.000000	0.000000	0.000000	0.000000	0.000000	0.000000	0.000000	0.000000	0.482207	0.000000	0.000000
115	tsk_115	(x)	1	:	0.000000	0.000000	0.000000	0.000000	0.000000	0.000000	0.000000	0.000000	0.000000	0.000000	0.000000	0.000000	1.000000	0.000000	0.000000
116	tsk_116	(x)	1	:	0.000000	0.000000	0.000000	0.000000	0.000000	0.000000	0.000000	0.000000	0.000000	0.000000	0.000000	0.000000	1.000000	0.000000	0.000000
117	tsk_117	(x)	1	:	0.000000	0.500000	0.000000	0.000000	0.000000	0.000000	0.000000	0.000000	0.000000	0.000000	0.000000	0.000000	0.500000	0.000000	0.000000
118	tsk_118	(x)	1	:	0.000000	0.478834	0.521165	0.000000	0.000000	0.000000	0.000000	0.000000	0.000000	0.000000	0.000000	0.000000	0.000000	0.000000	0.000000
119	tsk_119	(x)	1	:	0.000000	0.000012	0.517778	0.000000	0.000000	0.000000	0.000000	0.000000	0.000000	0.000000	0.000000	0.000000	0.482210	0.000000	0.000000
120	tsk_120	(x)	1	:	0.000000	0.000000	0.000000	0.000000	1.000000	0.000000	0.000000	0.000000	0.000000	0.000000	0.000000	0.000000	0.000000	0.000000	0.000000
121	tsk_121	(x)	1	:	0.000000	0.000000	0.000000	0.000000	0.465872	0.000000	0.064836	0.400514	0.000000	0.000004	0.009368	0.000000	0.000000	0.059406	0.000000
122	tsk_122	(x)	1	:	0.000000	0.006315	0.000000	0.000000	0.000000	0.000108	0.380283	0.000000	0.000000	0.005936	0.038623	0.000000	0.494154	0.074580	0.000000
123	tsk_123	(x)	1	:	0.000000	0.000000	0.000000	0.000000	0.000000	0.000000	0.208152	0.403265	0.000000	0.000000	0.028206	0.000000	0.000000	0.360376	0.000000
124	tsk_124	(x)	1	:	0.000000	0.000000	0.000000	0.000000	0.465877	0.000000	0.000000	0.400519	0.000000	0.000000	0.030650	0.000000	0.000000	0.102953	0.000000
125	tsk_125	(x)	1	:	0.000000	0.000000	0.000000	0.000000	0.000000	0.000000	0.000000	0.000000	0.000000	0.000000	0.000000	0.000000	1.000000	0.000000	0.000000
126	tsk_126	(x)	1	:	0.000000	0.002001	0.000000	0.000000	0.000000	0.000000	0.000000	0.000000	0.000000	0.499667	0.000000	0.000000	0.498331	0.000000	0.000000
127	tsk_127	(x)	1	:	0.000000	0.000000	0.000000	0.000000	0.465956	0.000000	0.036311	0.400601	0.000000	0.000000	0.025384	0.000000	0.000000	0.071747	0.000000
128	tsk_128	(x)	1	:	0.000000	0.000000	0.000000	0.000000	0.000000	0.000000	0.000023	0.999862	0.000000	0.000000	0.000000	0.000000	0.000000	0.000115	0.000000
129	tsk_129	(x)	1	:	0.000000	0.000000	0.000000	0.000000	1.000000	0.000000	0.000000	0.000000	0.000000	0.000000	0.000000	0.000000	0.000000	0.000000	0.000000
130	tsk_130	(x)	1	:	0.000000	0.000000	0.000000	0.000000	0.000000	0.000000	0.000000	0.000000	0.178688	0.500000	0.000000	0.321312	0.000000	0.000000	0.000000
131	tsk_131	(x)	1	:	0.000000	0.000000	0.000000	0.000000	0.000000	0.000000	0.241194	0.000000	0.000000	0.003169	0.056452	0.000000	0.000000	0.199416	0.499769
132	tsk_132	(x)	1	:	0.000000	0.000000	0.000000	0.000000	0.000000	0.000000	0.254922	0.000000	0.216436	0.003694	0.092976	0.283258	0.000000	0.148714	0.000000
133	tsk_133	(x)	1	:	0.000000	0.000000	0.000000	0.000000	0.000000	0.000000	0.193398	0.000000	0.000000	0.500000	0.035961	0.000000	0.000000	0.270641	0.000000
134	tsk_134	(x)	1	:	0.000000	0.000000	0.000000	0.000000	0.000000	0.000000	0.000000	0.000000	0.558621	0.000000	0.000000	0.441379	0.000000	0.000000	0.000000
135	tsk_135	(x)	1	:	0.000000	0.000000	0.000000	0.000000	0.000000	0.000000	0.000000	0.000000	0.459370	0.000000	0.000000	0.040631	0.000000	0.000000	0.499999
136	tsk_136	(x)	1	:	0.000000	0.000000	0.000000	0.000000	0.000000	0.000000	0.000000	0.000000	0.649396	0.000000	0.000000	0.350604	0.000000	0.000000	0.000000
137	tsk_137	(x)	1	:	0.000000	0.000000	0.446902	0.000000	0.000000	0.000000	0.000000	0.000000	0.031472	0.000000	0.000000	0.021548	0.000000	0.000000	0.500077
138	tsk_138	(x)	1	:	0.000000	0.000000	0.000000	0.000000	0.000000	0.000000	0.000000	0.000000	0.664642	0.000000	0.000000	0.335357	0.000000	0.000000	0.000000
139	tsk_139	(x)	1	:	0.000000	0.000000	0.000000	0.000000	0.468736	0.000000	0.008698	0.000000	0.000000	0.000464	0.017555	0.000000	0.000000	0.004565	0.499982
140	tsk_140	(x)	1	:	0.000000	0.000000	0.000000	0.000000	0.000000	0.000000	0.000000	0.000000	0.000000	0.000000	0.000000	0.000000	1.000000	0.000000	0.000000
141	tsk_141	(x)	1	:	0.000000	0.000000	0.000000	0.000000	0.000000	0.000000	0.000000	0.000000	0.000000	0.000000	0.000000	0.000000	1.000000	0.000000	0.000000
142	tsk_142	(x)	1	:	0.000000	0.001531	0.000000	0.000000	0.000000	0.000000	0.000000	0.000000	0.440460	0.000000	0.000000	0.059262	0.498747	0.000000	0.000000
143	tsk_143	(x)	1	:	0.000000	0.000000	0.000000	0.000000	0.000000	0.000000	0.000000	0.000000	0.000000	0.000000	0.000000	0.000000	1.000000	0.000000	0.000000
144	tsk_144	(x)	1	:	0.000000	0.006869	0.000000	0.000000	0.000000	0.000110	0.057267	0.000000	0.000000	0.006486	0.130630	0.000000	0.493642	0.304996	0.000000
145	tsk_145	(x)	1	:	0.000001	0.006504	0.000000	0.000000	0.000000	0.000111	0.286111	0.000000	0.000000	0.005949	0.207331	0.000000	0.493992	0.000001	0.000000
146	tsk_146	(x)	1	:	0.000000	0.000000	0.000000	0.000000	0.000000	0.000000	0.475627	0.000000	0.000000	0.000000	0.074883	0.000000	0.000000	0.449490	0.000000
147	tsk_147	(x)	1	:	0.000000	0.000000	0.000000	0.000000	0.000000	0.000000	0.184381	0.000000	0.232064	0.003796	0.111755	0.267621	0.000000	0.200383	0.000000
148	tsk_148	(x)	1	:	0.000000	0.000000	0.000000	0.000000	0.000000	0.000000	0.000000	0.000000	0.000000	0.000000	0.000000	0.000000	1.000000	0.000000	0.000000
149	tsk_149	(x)	1	:	0.512817	0.000000	0.000000	0.000000	0.000000	0.000000	0.000000	0.000000	0.000000	0.000000	0.000000	0.000000	0.487183	0.000000	0.000000
