0	tsk_0	(x)	1	:	0.000000	0.000000	0.001865	0.000000	0.228055	0.000000	0.585279	0.000000	0.000000	0.000000	0.184802
1	tsk_1	(x)	1	:	0.000000	0.000000	0.000000	0.000000	0.000000	0.000000	1.000000	0.000000	0.000000	0.000000	0.000000
2	tsk_2	(x)	1	:	0.000000	0.000000	0.000000	0.000000	0.000000	0.000000	0.525694	0.471985	0.002321	0.000000	0.000000
3	tsk_3	(x)	1	:	0.000000	0.516056	0.006448	0.000000	0.251178	0.000000	0.000000	0.000000	0.000000	0.000000	0.226317
4	tsk_4	(x)	1	:	0.000000	0.000000	0.000000	0.000000	0.000000	0.000000	0.525700	0.472028	0.002272	0.000000	0.000000
5	tsk_5	(x)	1	:	0.000000	0.000000	0.000000	0.000000	0.000000	0.000000	0.512058	0.000000	0.000000	0.487941	0.000000
6	tsk_6	(x)	1	:	0.000000	0.000000	0.000000	0.030763	0.000000	0.000000	0.468316	0.482933	0.017987	0.000000	0.000000
7	tsk_7	(x)	1	:	0.000000	0.000000	0.001975	0.000000	0.228004	0.000000	0.585278	0.000000	0.000000	0.000000	0.184743
8	tsk_8	(x)	1	:	0.000000	0.000000	0.000000	0.030904	0.000000	0.000000	0.468292	0.483219	0.017585	0.000000	0.000000
9	tsk_9	(x)	1	:	0.000000	0.000000	0.000000	0.034206	0.497575	0.000000	0.468220	0.000000	0.000000	0.000000	0.000000
10	tsk_10	(x)	1	:	0.000000	0.495536	0.000000	0.000002	0.000000	0.000000	0.000000	0.000000	0.000000	0.503697	0.000765
11	tsk_11	(x)	1	:	0.000000	0.000000	0.000000	0.000000	0.000000	0.489810	0.000000	0.000000	0.002246	0.507944	0.000000
12	tsk_12	(x)	1	:	0.000000	0.495536	0.000000	0.000009	0.000000	0.000000	0.000000	0.000000	0.000000	0.503694	0.000761
13	tsk_13	(x)	1	:	0.000000	0.000000	0.000000	0.002534	0.497012	0.495196	0.000000	0.000000	0.005258	0.000000	0.000000
14	tsk_14	(x)	1	:	0.000000	0.000000	0.000000	0.030019	0.000000	0.495282	0.468323	0.000000	0.006376	0.000000	0.000000
15	tsk_15	(x)	1	:	0.000000	0.000000	0.000000	0.000000	0.000000	1.000000	0.000000	0.000000	0.000000	0.000000	0.000000
16	tsk_16	(x)	1	:	0.000000	0.000000	0.000000	0.060846	0.497576	0.000000	0.000000	0.000000	0.000000	0.441577	0.000000
17	tsk_17	(x)	1	:	0.000000	0.498792	0.000000	0.031023	0.000000	0.000000	0.468467	0.000000	0.000000	0.000000	0.001718
18	tsk_18	(x)	1	:	0.000000	0.000000	0.000000	0.000000	0.000000	1.000000	0.000000	0.000000	0.000000	0.000000	0.000000
19	tsk_19	(x)	1	:	0.000000	0.495559	0.000000	0.000009	0.000000	0.000000	0.000000	0.000000	0.000000	0.503697	0.000734
20	tsk_20	(x)	1	:	0.000000	0.000000	0.000000	0.000000	0.000000	1.000000	0.000000	0.000000	0.000000	0.000000	0.000000
21	tsk_21	(x)	1	:	0.000000	0.498258	0.000000	0.001348	0.000000	0.495524	0.000000	0.000000	0.003690	0.000000	0.001180
22	tsk_22	(x)	1	:	0.000000	0.000000	0.517093	0.000000	0.000000	0.482550	0.000000	0.000000	0.000356	0.000000	0.000000
23	tsk_23	(x)	1	:	0.000000	0.478054	0.521946	0.000000	0.000000	0.000000	0.000000	0.000000	0.000000	0.000000	0.000000
24	tsk_24	(x)	1	:	0.000000	0.516327	0.000000	0.000000	0.000000	0.000000	0.000000	0.000000	0.000000	0.000000	0.483673
25	tsk_25	(x)	1	:	0.000000	0.000000	0.601690	0.000000	0.000000	0.000000	0.000000	0.000000	0.000000	0.000000	0.398310
26	tsk_26	(x)	1	:	0.000000	0.498792	0.000000	0.031023	0.000000	0.000000	0.468467	0.000000	0.000000	0.000000	0.001718
27	tsk_27	(x)	1	:	0.000000	0.205432	0.000000	0.000000	0.000000	0.000000	0.000000	0.000000	0.000000	0.000000	0.794568
28	tsk_28	(x)	1	:	0.000000	0.000000	0.000000	0.000000	0.509077	0.000000	0.000000	0.000000	0.000000	0.000000	0.490923
29	tsk_29	(x)	1	:	0.000000	0.000000	0.000000	0.000000	0.000000	0.000000	0.522431	0.000000	0.000000	0.000000	0.477569
30	tsk_30	(x)	1	:	0.411892	0.000000	0.000000	0.400890	0.109723	0.000000	0.000000	0.000000	0.000000	0.000000	0.077495
31	tsk_31	(x)	1	:	0.000000	0.000000	0.470975	0.026426	0.000000	0.495402	0.000000	0.000000	0.007197	0.000000	0.000000
32	tsk_32	(x)	1	:	0.339354	0.000000	0.000000	0.333652	0.326994	0.000000	0.000000	0.000000	0.000000	0.000000	0.000000
33	tsk_33	(x)	1	:	0.000000	0.516327	0.000000	0.000000	0.000000	0.000000	0.000000	0.000000	0.000000	0.000000	0.483673
34	tsk_34	(x)	1	:	0.000000	0.000000	0.000000	0.000000	0.509077	0.000000	0.000000	0.000000	0.000000	0.000000	0.490923
35	tsk_35	(x)	1	:	0.000000	0.000000	0.002647	0.098939	0.236437	0.000000	0.468238	0.000000	0.000000	0.000000	0.193739
36	tsk_36	(x)	1	:	0.000000	0.000000	0.000000	0.000000	0.000000	1.000000	0.000000	0.000000	0.000000	0.000000	0.000000
37	tsk_37	(x)	1	:	0.000000	0.000000	0.000000	0.034203	0.497576	0.000000	0.468221	0.000000	0.000000	0.000000	0.000000
38	tsk_38	(x)	1	:	0.000000	0.000000	0.470519	0.061066	0.000000	0.000000	0.468415	0.000000	0.000000	0.000000	0.000000
39	tsk_39	(x)	1	:	0.000000	0.000000	0.002626	0.098939	0.236447	0.000000	0.468238	0.000000	0.000000	0.000000	0.193750
40	tsk_40	(x)	1	:	0.000000	0.000000	0.465748	0.033712	0.000000	0.499911	0.000000	0.000000	0.000628	0.000000	0.000000
41	tsk_41	(x)	1	:	0.000000	0.000000	0.000000	0.002604	0.496994	0.495250	0.000000	0.000000	0.005152	0.000000	0.000000
42	tsk_42	(x)	1	:	0.000000	0.000000	0.000000	0.000000	1.000000	0.000000	0.000000	0.000000	0.000000	0.000000	0.000000
43	tsk_43	(x)	1	:	0.000000	0.000000	0.465746	0.033772	0.000000	0.500075	0.000000	0.000000	0.000407	0.000000	0.000000
44	tsk_44	(x)	1	:	0.000000	0.000000	0.000000	0.000000	0.000000	1.000000	0.000000	0.000000	0.000000	0.000000	0.000000
45	tsk_45	(x)	1	:	0.000000	0.498276	0.000000	0.001254	0.000000	0.494659	0.000000	0.000000	0.004716	0.000000	0.001095
46	tsk_46	(x)	1	:	0.000000	0.485924	0.000000	0.000000	0.000000	0.000000	0.513977	0.000000	0.000000	0.000000	0.000100
47	tsk_47	(x)	1	:	0.000000	0.501788	0.000000	0.000000	0.494521	0.000000	0.000000	0.000000	0.000000	0.000000	0.003691
48	tsk_48	(x)	1	:	0.000000	0.501820	0.000000	0.000000	0.494552	0.000000	0.000000	0.000000	0.000000	0.000000	0.003628
49	tsk_49	(x)	1	:	0.000000	0.000000	0.000000	0.030229	0.000000	0.495779	0.468300	0.000000	0.005692	0.000000	0.000000
50	tsk_50	(x)	1	:	0.000000	0.000000	0.000000	0.000000	0.000000	0.000000	0.000000	0.000000	0.000000	0.000000	1.000000
51	tsk_51	(x)	1	:	0.000000	0.000000	0.000000	0.037077	0.000000	0.000000	0.468326	0.000000	0.000000	0.000000	0.494597
52	tsk_52	(x)	1	:	0.000000	0.000000	0.000000	0.002578	0.000000	0.496940	0.000000	0.000000	0.005314	0.000000	0.495167
53	tsk_53	(x)	1	:	0.000000	0.000000	0.000000	0.002056	0.000000	0.496835	0.000000	0.000000	0.005779	0.000000	0.495330
54	tsk_54	(x)	1	:	0.000000	0.000000	0.000000	0.002517	0.000000	0.496951	0.000000	0.000000	0.005344	0.000000	0.495189
55	tsk_55	(x)	1	:	0.000000	0.000000	0.000000	0.002257	0.000000	0.497058	0.000000	0.000000	0.005398	0.000000	0.495287
56	tsk_56	(x)	1	:	0.000000	0.000000	0.000000	0.002200	0.000000	0.497565	0.000000	0.000000	0.004873	0.000000	0.495362
57	tsk_57	(x)	1	:	0.000000	0.000000	0.000000	0.037077	0.000000	0.000000	0.468326	0.000000	0.000000	0.000000	0.494597
58	tsk_58	(x)	1	:	0.000000	0.000000	0.000000	0.030174	0.000000	0.495646	0.468305	0.000000	0.005874	0.000000	0.000000
59	tsk_59	(x)	1	:	0.000000	0.000000	0.000000	0.002253	0.000000	0.497012	0.000000	0.000000	0.005451	0.000000	0.495284
60	tsk_60	(x)	1	:	0.000000	0.000000	0.000000	0.000000	0.000000	0.500000	0.000000	0.000000	0.500000	0.000000	0.000000
61	tsk_61	(x)	1	:	0.177111	0.396099	0.000000	0.000000	0.000000	0.426790	0.000000	0.000000	0.000000	0.000000	0.000000
62	tsk_62	(x)	1	:	0.000000	0.000000	0.000000	0.000000	0.000000	1.000000	0.000000	0.000000	0.000000	0.000000	0.000000
63	tsk_63	(x)	1	:	0.043866	0.000000	0.000000	0.000000	0.000000	0.956134	0.000000	0.000000	0.000000	0.000000	0.000000
64	tsk_64	(x)	1	:	0.000000	0.502466	0.000000	0.000000	0.495198	0.000000	0.000000	0.000000	0.000000	0.000000	0.002336
65	tsk_65	(x)	1	:	0.000000	0.000000	0.000000	0.002634	0.496982	0.495231	0.000000	0.000000	0.005153	0.000000	0.000000
66	tsk_66	(x)	1	:	0.000000	0.000000	0.000000	0.000000	0.000000	1.000000	0.000000	0.000000	0.000000	0.000000	0.000000
67	tsk_67	(x)	1	:	0.000000	0.000000	0.000000	0.000000	0.000000	0.496696	0.000000	0.482182	0.021121	0.000000	0.000000
68	tsk_68	(x)	1	:	0.000000	0.000000	0.000000	0.000000	0.000000	0.500000	0.000000	0.000000	0.500000	0.000000	0.000000
69	tsk_69	(x)	1	:	0.000000	0.498418	0.000000	0.001463	0.000000	0.494577	0.000000	0.000000	0.004697	0.000000	0.000845
70	tsk_70	(x)	1	:	0.000000	0.499060	0.000000	0.003456	0.000000	0.000000	0.000000	0.000000	0.497485	0.000000	0.000000
71	tsk_71	(x)	1	:	0.000000	0.000000	0.000000	0.000000	0.000000	0.402816	0.000000	0.597184	0.000000	0.000000	0.000000
72	tsk_72	(x)	1	:	0.000000	0.485941	0.000000	0.000000	0.000000	0.000000	0.513970	0.000000	0.000000	0.000000	0.000089
73	tsk_73	(x)	1	:	0.000000	0.000000	0.000000	0.000000	0.000000	0.000000	1.000000	0.000000	0.000000	0.000000	0.000000
74	tsk_74	(x)	1	:	0.000000	0.498350	0.000000	0.002808	0.000000	0.000000	0.000000	0.000000	0.497764	0.000000	0.001077
75	tsk_75	(x)	1	:	0.000000	0.000000	0.000000	0.004418	0.496914	0.000000	0.000000	0.000000	0.498668	0.000000	0.000000
76	tsk_76	(x)	1	:	0.000000	0.000000	0.000000	0.002608	0.000000	0.497110	0.000000	0.000000	0.005107	0.000000	0.495176
77	tsk_77	(x)	1	:	0.000000	0.498574	0.000000	0.003143	0.000000	0.000000	0.000000	0.000000	0.497589	0.000000	0.000694
78	tsk_78	(x)	1	:	0.000000	0.498331	0.000000	0.001218	0.000000	0.494485	0.000000	0.000000	0.004944	0.000000	0.001021
79	tsk_79	(x)	1	:	0.000000	0.000000	0.000000	0.000000	0.000000	0.478227	0.521393	0.000000	0.000380	0.000000	0.000000
80	tsk_80	(x)	1	:	0.000000	0.000000	0.000000	0.000000	0.000000	0.000000	0.000000	1.000000	0.000000	0.000000	0.000000
81	tsk_81	(x)	1	:	0.000000	0.142755	0.000000	0.000000	0.307323	0.000000	0.000000	0.000000	0.000000	0.000000	0.549922
82	tsk_82	(x)	1	:	0.000000	0.000000	0.000000	0.000121	0.494408	0.000000	0.000000	0.000000	0.000000	0.505471	0.000000
83	tsk_83	(x)	1	:	0.000000	0.000000	0.529249	0.000795	0.000000	0.000000	0.469956	0.000000	0.000000	0.000000	0.000000
84	tsk_84	(x)	1	:	0.000000	0.000000	0.000000	0.000000	0.000000	0.000000	0.000000	1.000000	0.000000	0.000000	0.000000
85	tsk_85	(x)	1	:	0.000000	0.000000	0.000000	0.000000	0.000000	0.000000	0.000000	0.485473	0.514527	0.000000	0.000000
86	tsk_86	(x)	1	:	0.000000	0.163203	0.000000	0.000000	0.000000	0.000000	0.000000	0.466915	0.000000	0.000000	0.369882
87	tsk_87	(x)	1	:	0.000000	0.000000	0.000000	0.000000	0.000000	0.000000	0.000000	0.481041	0.010020	0.508940	0.000000
88	tsk_88	(x)	1	:	0.000000	0.000000	0.518185	0.000000	0.000000	0.000000	0.000000	0.477948	0.003866	0.000000	0.000000
89	tsk_89	(x)	1	:	0.000000	0.000000	0.000000	0.004514	0.000000	0.000000	0.000000	0.485002	0.015676	0.000000	0.494808
90	tsk_90	(x)	1	:	0.000000	0.501812	0.000000	0.000000	0.494544	0.000000	0.000000	0.000000	0.000000	0.000000	0.003644
91	tsk_91	(x)	1	:	0.000000	0.516327	0.000000	0.000000	0.000000	0.000000	0.000000	0.000000	0.000000	0.000000	0.483673
92	tsk_92	(x)	1	:	0.000000	0.000000	0.000000	0.000000	1.000000	0.000000	0.000000	0.000000	0.000000	0.000000	0.000000
93	tsk_93	(x)	1	:	0.000000	1.000000	0.000000	0.000000	0.000000	0.000000	0.000000	0.000000	0.000000	0.000000	0.000000
94	tsk_94	(x)	1	:	0.000000	0.446046	0.000000	0.000000	0.553954	0.000000	0.000000	0.000000	0.000000	0.000000	0.000000
95	tsk_95	(x)	1	:	0.000000	0.000000	0.000000	0.034203	0.497576	0.000000	0.468221	0.000000	0.000000	0.000000	0.000000
96	tsk_96	(x)	1	:	0.000000	0.000000	0.000000	0.037080	0.000000	0.000000	0.468324	0.000000	0.000000	0.000000	0.494596
97	tsk_97	(x)	1	:	0.000000	0.498786	0.000000	0.031019	0.000000	0.000000	0.468468	0.000000	0.000000	0.000000	0.001726
98	tsk_98	(x)	1	:	0.000000	0.000000	0.000000	0.004528	0.496877	0.000000	0.000000	0.000000	0.498595	0.000000	0.000000
99	tsk_99	(x)	1	:	0.000000	0.000000	0.000000	0.000000	0.000000	0.000000	0.522431	0.000000	0.000000	0.000000	0.477569
100	tsk_100	(x)	1	:	0.000000	0.498240	0.000000	0.001160	0.000000	0.494606	0.000000	0.000000	0.004829	0.000000	0.001164
101	tsk_101	(x)	1	:	0.000000	1.000000	0.000000	0.000000	0.000000	0.000000	0.000000	0.000000	0.000000	0.000000	0.000000
102	tsk_102	(x)	1	:	0.000000	0.498556	0.000000	0.001435	0.000000	0.494381	0.000000	0.000000	0.004963	0.000000	0.000664
103	tsk_103	(x)	1	:	0.000000	0.000000	0.008659	0.000000	0.249753	0.000000	0.000000	0.000000	0.000000	0.000000	0.741588
104	tsk_104	(x)	1	:	0.000000	0.498333	0.000000	0.001916	0.000000	0.000000	0.000000	0.483007	0.015618	0.000000	0.001126
105	tsk_105	(x)	1	:	0.000000	0.000000	0.000000	0.003995	0.496872	0.000000	0.000000	0.483797	0.015336	0.000000	0.000000
106	tsk_106	(x)	1	:	0.000000	0.516327	0.000000	0.000000	0.000000	0.000000	0.000000	0.000000	0.000000	0.000000	0.483673
107	tsk_107	(x)	1	:	0.000000	1.000000	0.000000	0.000000	0.000000	0.000000	0.000000	0.000000	0.000000	0.000000	0.000000
108	tsk_108	(x)	1	:	0.000000	0.000000	0.000000	0.000000	0.000000	0.000000	0.000000	0.000000	0.000000	0.000000	1.000000
109	tsk_109	(x)	1	:	0.000000	1.000000	0.000000	0.000000	0.000000	0.000000	0.000000	0.000000	0.000000	0.000000	0.000000
110	tsk_110	(x)	1	:	0.000000	0.000000	0.000000	0.002807	0.496971	0.495657	0.000000	0.000000	0.004566	0.000000	0.000000
111	tsk_111	(x)	1	:	0.000000	0.000000	0.000000	0.002463	0.497018	0.495045	0.000000	0.000000	0.005473	0.000000	0.000000
112	tsk_112	(x)	1	:	0.000000	0.000000	0.000000	0.000000	0.000000	0.500000	0.000000	0.000000	0.500000	0.000000	0.000000
113	tsk_113	(x)	1	:	0.000000	0.501841	0.000000	0.000000	0.494573	0.000000	0.000000	0.000000	0.000000	0.000000	0.003586
114	tsk_114	(x)	1	:	0.000000	0.000000	0.000000	0.004557	0.496867	0.000000	0.000000	0.000000	0.498575	0.000000	0.000000
115	tsk_115	(x)	1	:	0.000000	0.000000	0.000000	0.004646	0.496838	0.000000	0.000000	0.000000	0.498516	0.000000	0.000000
116	tsk_116	(x)	1	:	0.000000	0.000000	0.000000	0.002518	0.497002	0.495059	0.000000	0.000000	0.005421	0.000000	0.000000
117	tsk_117	(x)	1	:	0.000000	0.000000	0.000000	0.002603	0.496983	0.495148	0.000000	0.000000	0.005265	0.000000	0.000000
118	tsk_118	(x)	1	:	0.000000	0.000000	0.000000	0.000000	0.000000	0.500000	0.000000	0.000000	0.500000	0.000000	0.000000
119	tsk_119	(x)	1	:	0.000000	0.000000	0.000000	0.023507	0.000000	0.000000	0.468224	0.000000	0.000000	0.508269	0.000000
120	tsk_120	(x)	1	:	0.000000	0.501864	0.000000	0.000000	0.494596	0.000000	0.000000	0.000000	0.000000	0.000000	0.003540
121	tsk_121	(x)	1	:	0.000000	1.000000	0.000000	0.000000	0.000000	0.000000	0.000000	0.000000	0.000000	0.000000	0.000000
122	tsk_122	(x)	1	:	0.000000	0.000000	0.000000	0.030063	0.000000	0.495388	0.468318	0.000000	0.006230	0.000000	0.000000
123	tsk_123	(x)	1	:	0.000000	0.000000	0.000000	0.002844	0.496955	0.495622	0.000000	0.000000	0.004579	0.000000	0.000000
124	tsk_124	(x)	1	:	0.000000	0.498796	0.000000	0.031027	0.000000	0.000000	0.468465	0.000000	0.000000	0.000000	0.001712
125	tsk_125	(x)	1	:	0.000000	0.516059	0.006746	0.000000	0.250920	0.000000	0.000000	0.000000	0.000000	0.000000	0.226275
126	tsk_126	(x)	1	:	0.000000	0.000000	0.528550	0.029718	0.000000	0.000000	0.000000	0.000000	0.000000	0.441732	0.000000
127	tsk_127	(x)	1	:	0.000000	0.498245	0.000000	0.001091	0.000000	0.494914	0.000000	0.000000	0.004535	0.000000	0.001215
128	tsk_128	(x)	1	:	0.000000	0.000000	0.002928	0.067138	0.236310	0.000000	0.000000	0.000000	0.500027	0.000000	0.193598
129	tsk_129	(x)	1	:	0.000000	1.000000	0.000000	0.000000	0.000000	0.000000	0.000000	0.000000	0.000000	0.000000	0.000000
130	tsk_130	(x)	1	:	0.000000	0.000000	0.000000	0.000000	0.000000	1.000000	0.000000	0.000000	0.000000	0.000000	0.000000
131	tsk_131	(x)	1	:	0.000000	0.000000	0.000000	0.002515	0.497007	0.495098	0.000000	0.000000	0.005380	0.000000	0.000000
132	tsk_132	(x)	1	:	0.000000	0.000000	0.000000	0.002406	0.497050	0.495161	0.000000	0.000000	0.005383	0.000000	0.000000
133	tsk_133	(x)	1	:	0.000000	0.000000	0.000000	0.000000	1.000000	0.000000	0.000000	0.000000	0.000000	0.000000	0.000000
134	tsk_134	(x)	1	:	0.000000	0.000000	0.000000	0.000000	1.000000	0.000000	0.000000	0.000000	0.000000	0.000000	0.000000
135	tsk_135	(x)	1	:	0.000000	0.000000	0.000000	0.002714	0.496959	0.495264	0.000000	0.000000	0.005063	0.000000	0.000000
136	tsk_136	(x)	1	:	0.000000	0.000000	0.000000	0.000000	1.000000	0.000000	0.000000	0.000000	0.000000	0.000000	0.000000
137	tsk_137	(x)	1	:	0.000000	0.000000	0.000000	0.000000	1.000000	0.000000	0.000000	0.000000	0.000000	0.000000	0.000000
138	tsk_138	(x)	1	:	0.000000	0.000000	0.000000	0.000000	0.000000	1.000000	0.000000	0.000000	0.000000	0.000000	0.000000
139	tsk_139	(x)	1	:	0.000000	0.000000	0.471118	0.025843	0.000000	0.494907	0.000000	0.000000	0.008131	0.000000	0.000000
140	tsk_140	(x)	1	:	0.000000	0.000000	0.000000	0.000000	0.000000	0.489904	0.000000	0.000000	0.002136	0.507960	0.000000
141	tsk_141	(x)	1	:	0.000000	0.000000	0.000000	0.000000	0.000000	0.000000	0.000000	0.000000	0.490303	0.509697	0.000000
142	tsk_142	(x)	1	:	0.000000	0.000000	0.006678	0.000000	0.755510	0.000000	0.000000	0.000000	0.000000	0.000000	0.237812
143	tsk_143	(x)	1	:	0.000000	0.000000	0.000000	0.031002	0.000000	0.000000	0.468276	0.483422	0.017299	0.000000	0.000000
144	tsk_144	(x)	1	:	0.000000	0.000000	0.000000	0.000000	0.000000	0.000000	0.000000	0.000000	0.490303	0.509697	0.000000
145	tsk_145	(x)	1	:	0.000000	0.000000	0.000000	0.000000	0.000000	0.000000	0.000000	0.000000	0.490303	0.509697	0.000000
146	tsk_146	(x)	1	:	0.000000	0.000000	0.000000	0.002535	0.496999	0.495087	0.000000	0.000000	0.005379	0.000000	0.000000
147	tsk_147	(x)	1	:	0.000000	0.000000	0.000000	0.000000	1.000000	0.000000	0.000000	0.000000	0.000000	0.000000	0.000000
148	tsk_148	(x)	1	:	0.000000	0.000000	0.000000	0.031801	0.000000	0.000000	0.468212	0.000000	0.499987	0.000000	0.000000
149	tsk_149	(x)	1	:	0.000000	0.000000	0.000000	0.000000	1.000000	0.000000	0.000000	0.000000	0.000000	0.000000	0.000000
