logL = -3018.288733 (converged)
AIC = 8160.577466
BIC = 11357.872149

count.K
39 14 17 19 8 53 

