logL = -443.761159 (converged)
AIC = 5807.522318
BIC = 13213.685141

count.K
3 6 17 1 2 10 19 16 11 3 7 2 21 24 8 

