logL = -2274.351389 (converged)
AIC = 5800.702778
BIC = 7685.360472

count.K
54 34 44 18 

