logL = -1283.235912 (converged)
AIC = 6754.471825
BIC = 13058.742130

count.K
3 46 34 4 1 9 22 7 5 3 1 15 

