logL = -2219.761051 (converged)
AIC = 9261.522102
BIC = 16520.163796

count.K
14 0 2 3 4 14 11 8 31 16 6 4 37 

