0	tsk_0	(x)	1	:	0.000000	0.336824	0.000000	0.462871	0.000000	0.000000	0.000000	0.000000	0.000000	0.000000	0.000000	0.000000	0.200305	0.000000	0.000000
1	tsk_1	(x)	1	:	0.000000	0.329222	0.000000	0.000000	0.000000	0.000000	0.000000	0.000000	0.000000	0.000000	0.000000	0.497689	0.173089	0.000000	0.000000
2	tsk_2	(x)	1	:	0.000000	0.453609	0.000000	0.000000	0.000000	0.000000	0.000000	0.000000	0.000000	0.000000	0.000000	0.000000	0.546391	0.000000	0.000000
3	tsk_3	(x)	1	:	0.000000	0.000000	0.000000	1.000000	0.000000	0.000000	0.000000	0.000000	0.000000	0.000000	0.000000	0.000000	0.000000	0.000000	0.000000
4	tsk_4	(x)	1	:	0.000000	0.275345	0.000000	0.000000	0.515969	0.000000	0.000000	0.000000	0.000000	0.000000	0.000000	0.000000	0.208686	0.000000	0.000000
5	tsk_5	(x)	1	:	0.000000	0.000000	0.000000	0.000000	0.000000	0.000000	0.004637	0.000363	0.000000	0.000000	0.000000	0.498105	0.000000	0.496895	0.000000
6	tsk_6	(x)	1	:	0.000000	0.000000	0.000000	0.000000	1.000000	0.000000	0.000000	0.000000	0.000000	0.000000	0.000000	0.000000	0.000000	0.000000	0.000000
7	tsk_7	(x)	1	:	0.000000	0.398829	0.000000	0.461517	0.000000	0.000000	0.000000	0.000000	0.000000	0.000000	0.000000	0.000000	0.139654	0.000000	0.000000
8	tsk_8	(x)	1	:	0.000000	0.000000	0.000000	0.000000	0.000000	0.000000	0.000000	0.000000	0.000000	0.000000	0.000000	0.000000	0.000000	1.000000	0.000000
9	tsk_9	(x)	1	:	0.000000	0.178105	0.000000	0.000000	0.000000	0.000000	0.002588	0.001561	0.000000	0.000000	0.000000	0.000000	0.321621	0.496125	0.000000
10	tsk_10	(x)	1	:	0.000000	0.000000	0.000000	0.000000	0.493323	0.000000	0.000651	0.008567	0.000000	0.000000	0.000000	0.000000	0.000000	0.497458	0.000000
11	tsk_11	(x)	1	:	0.000000	0.399472	0.000000	0.000000	0.000000	0.000000	0.002382	0.000724	0.000000	0.000000	0.000000	0.000000	0.100345	0.497077	0.000000
12	tsk_12	(x)	1	:	0.000000	0.000000	0.000000	0.000000	0.000000	0.499797	0.003491	0.000604	0.000000	0.000000	0.000000	0.000000	0.000000	0.496109	0.000000
13	tsk_13	(x)	1	:	0.000000	0.000000	0.000000	0.000000	0.000000	0.499797	0.002394	0.001689	0.000000	0.000000	0.000000	0.000000	0.000000	0.496120	0.000000
14	tsk_14	(x)	1	:	0.000000	0.000000	0.000000	0.000000	0.000000	0.000000	0.000000	0.000000	0.000000	0.000000	0.000000	0.000000	0.000000	1.000000	0.000000
15	tsk_15	(x)	1	:	0.000000	0.195712	0.000000	0.000000	0.000000	0.000000	0.002423	0.001567	0.000000	0.000000	0.000000	0.000000	0.304033	0.496265	0.000000
16	tsk_16	(x)	1	:	0.000000	0.205623	0.000000	0.000000	0.493607	0.000000	0.002719	0.003825	0.000000	0.000000	0.000000	0.000000	0.294225	0.000000	0.000000
17	tsk_17	(x)	1	:	0.000000	0.503463	0.000000	0.000000	0.000000	0.000000	0.000000	0.000000	0.000000	0.000000	0.000000	0.000000	0.496537	0.000000	0.000000
18	tsk_18	(x)	1	:	0.000000	0.317956	0.259177	0.000000	0.243216	0.000000	0.000000	0.000000	0.000000	0.000000	0.000000	0.000000	0.179651	0.000000	0.000000
19	tsk_19	(x)	1	:	0.000000	0.048824	0.000000	0.000000	0.000000	0.000000	0.001159	0.003084	0.000000	0.391258	0.000000	0.000000	0.059686	0.495989	0.000000
20	tsk_20	(x)	1	:	0.000000	0.000000	0.000000	0.000000	0.492965	0.000000	0.002060	0.007874	0.000000	0.000000	0.000000	0.000000	0.000000	0.497100	0.000000
21	tsk_21	(x)	1	:	0.000000	0.000000	0.000000	0.000000	0.000000	0.000000	0.423213	0.078511	0.000000	0.000000	0.000000	0.498276	0.000000	0.000000	0.000000
22	tsk_22	(x)	1	:	0.000000	0.000000	0.000000	0.000000	0.000000	0.000000	0.003547	0.001579	0.000000	0.000000	0.000000	0.498098	0.000000	0.496776	0.000000
23	tsk_23	(x)	1	:	0.000000	0.000000	0.000000	0.000000	0.000000	0.000000	0.004553	0.000488	0.000000	0.000000	0.000000	0.498103	0.000000	0.496856	0.000000
24	tsk_24	(x)	1	:	0.000000	0.000000	0.000000	0.000000	0.000000	0.000000	0.308068	0.191932	0.000000	0.000000	0.000000	0.000000	0.000000	0.500000	0.000000
25	tsk_25	(x)	1	:	0.000000	0.179960	0.000000	0.000000	0.000000	0.000000	0.000000	0.000000	0.000000	0.623916	0.000000	0.000000	0.196124	0.000000	0.000000
26	tsk_26	(x)	1	:	0.000000	0.000000	0.000000	0.000000	0.000000	0.000000	0.205095	0.294905	0.000000	0.000000	0.000000	0.000000	0.000000	0.500000	0.000000
27	tsk_27	(x)	1	:	0.000000	0.000000	0.000000	0.000000	0.000000	0.000000	0.802366	0.197634	0.000000	0.000000	0.000000	0.000000	0.000000	0.000000	0.000000
28	tsk_28	(x)	1	:	0.000000	0.057151	0.000000	0.000000	0.000000	0.000000	0.291816	0.207978	0.000000	0.389123	0.000000	0.000000	0.053931	0.000000	0.000000
29	tsk_29	(x)	1	:	0.000000	0.000000	0.000000	0.000000	0.492832	0.000000	0.001081	0.009120	0.000000	0.000000	0.000000	0.000000	0.000000	0.496967	0.000000
30	tsk_30	(x)	1	:	0.000000	0.288838	0.201032	0.000000	0.000000	0.000000	0.165620	0.133323	0.000000	0.000000	0.000000	0.000000	0.211187	0.000000	0.000000
31	tsk_31	(x)	1	:	0.000000	0.363303	0.201029	0.000000	0.000000	0.000000	0.134139	0.164810	0.000000	0.000000	0.000000	0.000000	0.136718	0.000000	0.000000
32	tsk_32	(x)	1	:	0.000000	0.340569	0.000000	0.000000	0.493802	0.000000	0.000496	0.005832	0.000000	0.000000	0.000000	0.000000	0.159301	0.000000	0.000000
33	tsk_33	(x)	1	:	0.000000	0.219943	0.000000	0.000000	0.000000	0.000000	0.002243	0.001807	0.000000	0.000000	0.000000	0.000000	0.279797	0.496210	0.000000
34	tsk_34	(x)	1	:	0.000000	0.441174	0.000000	0.464113	0.000000	0.000000	0.000000	0.000000	0.000000	0.000000	0.000000	0.000000	0.094713	0.000000	0.000000
35	tsk_35	(x)	1	:	0.000000	0.000000	0.410872	0.000000	0.000000	0.000000	0.214415	0.374713	0.000000	0.000000	0.000000	0.000000	0.000000	0.000000	0.000000
36	tsk_36	(x)	1	:	0.000000	0.014624	0.000000	0.465311	0.000000	0.000000	0.379199	0.120820	0.000000	0.000000	0.000000	0.000000	0.020045	0.000000	0.000000
37	tsk_37	(x)	1	:	0.000000	0.439478	0.000000	0.461935	0.000000	0.000000	0.000000	0.000000	0.000000	0.000000	0.000000	0.000000	0.098588	0.000000	0.000000
38	tsk_38	(x)	1	:	0.000000	0.000000	0.000000	0.000000	0.000000	0.000000	0.000000	0.000000	1.000000	0.000000	0.000000	0.000000	0.000000	0.000000	0.000000
39	tsk_39	(x)	1	:	0.000000	0.273566	0.000000	0.464129	0.000000	0.000000	0.000000	0.000000	0.000000	0.000000	0.000000	0.000000	0.262305	0.000000	0.000000
40	tsk_40	(x)	1	:	0.000000	0.212162	0.000000	0.000000	0.000000	0.499889	0.000000	0.000000	0.000000	0.000000	0.000000	0.000000	0.287949	0.000000	0.000000
41	tsk_41	(x)	1	:	0.000000	0.224774	0.000000	0.000000	0.000000	0.000000	0.001516	0.002496	0.000000	0.000000	0.000000	0.000000	0.274965	0.496250	0.000000
42	tsk_42	(x)	1	:	0.000000	0.481472	0.000000	0.000000	0.000000	0.000000	0.000000	0.000000	0.000000	0.000000	0.000000	0.000000	0.518528	0.000000	0.000000
43	tsk_43	(x)	1	:	0.000000	0.180886	0.000000	0.000000	0.000000	0.499910	0.000000	0.000000	0.000000	0.000000	0.000000	0.000000	0.319204	0.000000	0.000000
44	tsk_44	(x)	1	:	0.000000	0.000000	0.000000	0.000000	0.000000	1.000000	0.000000	0.000000	0.000000	0.000000	0.000000	0.000000	0.000000	0.000000	0.000000
45	tsk_45	(x)	1	:	0.000000	0.595704	0.000000	0.000000	0.000000	0.000000	0.000000	0.000000	0.000000	0.000000	0.000000	0.000000	0.404296	0.000000	0.000000
46	tsk_46	(x)	1	:	0.000000	0.695957	0.000000	0.000000	0.000000	0.000000	0.000000	0.000000	0.000000	0.000000	0.000000	0.000000	0.304043	0.000000	0.000000
47	tsk_47	(x)	1	:	0.000000	0.284229	0.000000	0.463040	0.000000	0.000000	0.000000	0.000000	0.000000	0.000000	0.000000	0.000000	0.252731	0.000000	0.000000
48	tsk_48	(x)	1	:	0.000000	0.000000	0.000000	0.000000	0.000000	1.000000	0.000000	0.000000	0.000000	0.000000	0.000000	0.000000	0.000000	0.000000	0.000000
49	tsk_49	(x)	1	:	0.000000	0.290866	0.000000	0.000000	0.000000	0.499964	0.000000	0.000000	0.000000	0.000000	0.000000	0.000000	0.209170	0.000000	0.000000
50	tsk_50	(x)	1	:	0.000000	0.000000	0.000000	0.000000	0.495864	0.000000	0.089566	0.414570	0.000000	0.000000	0.000000	0.000000	0.000000	0.000000	0.000000
51	tsk_51	(x)	1	:	0.000000	0.000000	0.000000	0.000000	0.000000	0.000000	0.500943	0.499057	0.000000	0.000000	0.000000	0.000000	0.000000	0.000000	0.000000
52	tsk_52	(x)	1	:	0.394113	0.000000	0.000000	0.000000	0.605887	0.000000	0.000000	0.000000	0.000000	0.000000	0.000000	0.000000	0.000000	0.000000	0.000000
53	tsk_53	(x)	1	:	0.000000	0.000000	0.000000	0.000000	1.000000	0.000000	0.000000	0.000000	0.000000	0.000000	0.000000	0.000000	0.000000	0.000000	0.000000
54	tsk_54	(x)	1	:	0.000000	0.000000	0.000000	0.000000	1.000000	0.000000	0.000000	0.000000	0.000000	0.000000	0.000000	0.000000	0.000000	0.000000	0.000000
55	tsk_55	(x)	1	:	0.000000	0.049474	0.000000	0.000000	0.493234	0.000000	0.001942	0.004926	0.000000	0.390826	0.000000	0.000000	0.059599	0.000000	0.000000
56	tsk_56	(x)	1	:	0.000000	0.049409	0.000000	0.000000	0.000000	0.000000	0.001800	0.002314	0.000000	0.391458	0.000000	0.000000	0.058896	0.496123	0.000000
57	tsk_57	(x)	1	:	0.000000	0.000000	0.000000	0.000000	0.495864	0.000000	0.018977	0.485159	0.000000	0.000000	0.000000	0.000000	0.000000	0.000000	0.000000
58	tsk_58	(x)	1	:	0.000000	0.000000	0.000000	0.000000	1.000000	0.000000	0.000000	0.000000	0.000000	0.000000	0.000000	0.000000	0.000000	0.000000	0.000000
59	tsk_59	(x)	1	:	0.000000	0.336637	0.000000	0.000000	0.494103	0.000000	0.001539	0.004459	0.000000	0.000000	0.000000	0.000000	0.163262	0.000000	0.000000
60	tsk_60	(x)	1	:	0.476933	0.000000	0.291499	0.000000	0.000008	0.000000	0.107180	0.124379	0.000000	0.000000	0.000000	0.000000	0.000000	0.000000	0.000000
61	tsk_61	(x)	1	:	0.000000	0.000000	0.000000	0.000000	0.000000	0.000000	0.513380	0.350083	0.136537	0.000000	0.000000	0.000000	0.000000	0.000000	0.000000
62	tsk_62	(x)	1	:	0.000000	0.000000	0.000000	0.000000	0.000000	0.000000	0.276725	0.723275	0.000000	0.000000	0.000000	0.000000	0.000000	0.000000	0.000000
63	tsk_63	(x)	1	:	0.000000	0.000000	0.000000	0.000000	0.000000	0.000000	0.000000	0.000000	0.782009	0.000000	0.000000	0.000000	0.000000	0.217990	0.000000
64	tsk_64	(x)	1	:	0.502516	0.000000	0.000000	0.000000	0.189047	0.000000	0.101966	0.206471	0.000000	0.000000	0.000000	0.000000	0.000000	0.000000	0.000000
65	tsk_65	(x)	1	:	0.394113	0.000000	0.000000	0.000000	0.605887	0.000000	0.000000	0.000000	0.000000	0.000000	0.000000	0.000000	0.000000	0.000000	0.000000
66	tsk_66	(x)	1	:	0.000000	0.000000	0.000000	0.000000	0.000000	0.000000	0.784592	0.215408	0.000000	0.000000	0.000000	0.000000	0.000000	0.000000	0.000000
67	tsk_67	(x)	1	:	0.000000	0.000000	0.201010	0.000000	0.000000	0.000000	0.317746	0.481244	0.000000	0.000000	0.000000	0.000000	0.000000	0.000000	0.000000
68	tsk_68	(x)	1	:	0.000000	0.000000	0.000000	0.000000	0.000000	0.500000	0.253388	0.246612	0.000000	0.000000	0.000000	0.000000	0.000000	0.000000	0.000000
69	tsk_69	(x)	1	:	0.629121	0.000000	0.000000	0.000000	0.370878	0.000000	0.000000	0.000000	0.000000	0.000000	0.000000	0.000000	0.000000	0.000000	0.000000
70	tsk_70	(x)	1	:	0.000000	0.051547	0.000000	0.000000	0.000000	0.000000	0.149765	0.350170	0.000000	0.391070	0.000000	0.000000	0.057448	0.000000	0.000000
71	tsk_71	(x)	1	:	0.000000	0.000000	0.000000	0.000000	1.000000	0.000000	0.000000	0.000000	0.000000	0.000000	0.000000	0.000000	0.000000	0.000000	0.000000
72	tsk_72	(x)	1	:	0.000000	0.512918	0.000000	0.000000	0.000000	0.000000	0.000000	0.000000	0.000000	0.000000	0.000000	0.000000	0.487082	0.000000	0.000000
73	tsk_73	(x)	1	:	0.000000	0.000000	0.000000	0.000000	1.000000	0.000000	0.000000	0.000000	0.000000	0.000000	0.000000	0.000000	0.000000	0.000000	0.000000
74	tsk_74	(x)	1	:	0.000000	0.000000	0.000000	0.000000	0.495864	0.000000	0.109969	0.394167	0.000000	0.000000	0.000000	0.000000	0.000000	0.000000	0.000000
75	tsk_75	(x)	1	:	0.000000	0.422997	0.000000	0.000000	0.000000	0.000000	0.366968	0.133030	0.000000	0.000000	0.000000	0.000000	0.077005	0.000000	0.000000
76	tsk_76	(x)	1	:	0.000000	0.000000	0.000000	0.000000	0.495864	0.000000	0.138262	0.229338	0.136537	0.000000	0.000000	0.000000	0.000000	0.000000	0.000000
77	tsk_77	(x)	1	:	0.000000	0.000000	0.000000	0.000000	0.000000	0.000000	0.280647	0.582816	0.136537	0.000000	0.000000	0.000000	0.000000	0.000000	0.000000
78	tsk_78	(x)	1	:	0.000000	0.000000	0.000000	0.000000	0.000000	0.000000	0.542780	0.320683	0.136537	0.000000	0.000000	0.000000	0.000000	0.000000	0.000000
79	tsk_79	(x)	1	:	0.000000	0.000000	0.000000	0.000000	0.000000	0.000000	0.110498	0.389501	0.000000	0.000000	0.000000	0.000000	0.000000	0.500000	0.000000
80	tsk_80	(x)	1	:	0.000000	0.254998	0.000000	0.000000	0.493772	0.000000	0.001661	0.004699	0.000000	0.000000	0.000000	0.000000	0.244871	0.000000	0.000000
81	tsk_81	(x)	1	:	0.000000	0.000000	0.000000	0.000000	1.000000	0.000000	0.000000	0.000000	0.000000	0.000000	0.000000	0.000000	0.000000	0.000000	0.000000
82	tsk_82	(x)	1	:	0.000000	0.283130	0.000000	0.000000	0.000000	0.000000	0.377168	0.122828	0.000000	0.000000	0.000000	0.000000	0.216874	0.000000	0.000000
83	tsk_83	(x)	1	:	0.000000	0.000000	0.000000	0.000000	0.000000	0.000000	0.000000	0.000000	0.000000	0.000000	0.000000	1.000000	0.000000	0.000000	0.000000
84	tsk_84	(x)	1	:	0.000000	0.000000	0.000000	0.000000	0.493386	0.000000	0.000978	0.008115	0.000000	0.000000	0.000000	0.000000	0.000000	0.497521	0.000000
85	tsk_85	(x)	1	:	0.000000	0.000000	0.000000	0.000000	0.492839	0.000000	0.000943	0.009244	0.000000	0.000000	0.000000	0.000000	0.000000	0.496974	0.000000
86	tsk_86	(x)	1	:	0.000000	0.198729	0.000000	0.000000	0.493711	0.000000	0.001983	0.004444	0.000000	0.000000	0.000000	0.000000	0.301133	0.000000	0.000000
87	tsk_87	(x)	1	:	0.000000	0.136384	0.000000	0.000000	0.000000	0.000000	0.000000	0.000000	0.000000	0.000000	0.000000	0.497737	0.365879	0.000000	0.000000
88	tsk_88	(x)	1	:	0.000000	0.000000	0.000000	0.000000	0.492987	0.000000	0.000561	0.009330	0.000000	0.000000	0.000000	0.000000	0.000000	0.497122	0.000000
89	tsk_89	(x)	1	:	0.000000	0.390961	0.000000	0.000000	0.000000	0.000000	0.000000	0.000000	0.000000	0.000000	0.000000	0.000000	0.609039	0.000000	0.000000
90	tsk_90	(x)	1	:	0.000000	0.235641	0.000000	0.000000	0.000000	0.000000	0.250311	0.249683	0.000000	0.000000	0.000000	0.000000	0.264365	0.000000	0.000000
91	tsk_91	(x)	1	:	0.000000	0.389881	0.000000	0.000000	0.000000	0.000000	0.000000	0.000000	0.000000	0.000000	0.000000	0.000000	0.610119	0.000000	0.000000
92	tsk_92	(x)	1	:	0.000000	0.718231	0.000000	0.000000	0.000000	0.000000	0.000000	0.000000	0.000000	0.000000	0.000000	0.000000	0.281769	0.000000	0.000000
93	tsk_93	(x)	1	:	0.000000	0.028744	0.000000	0.000000	0.495648	0.000000	0.000000	0.004152	0.000000	0.389045	0.000000	0.000000	0.082410	0.000000	0.000000
94	tsk_94	(x)	1	:	0.000000	0.000000	0.000000	0.000000	0.000000	0.000000	0.798055	0.201944	0.000000	0.000000	0.000000	0.000000	0.000000	0.000000	0.000000
95	tsk_95	(x)	1	:	0.000000	0.227822	0.000000	0.000000	0.000000	0.000000	0.000000	0.000000	0.000000	0.000000	0.000000	0.000000	0.772177	0.000000	0.000000
96	tsk_96	(x)	1	:	0.000000	0.000000	0.424089	0.000000	0.575911	0.000000	0.000000	0.000000	0.000000	0.000000	0.000000	0.000000	0.000000	0.000000	0.000000
97	tsk_97	(x)	1	:	0.000000	0.337967	0.000000	0.000000	0.493729	0.000000	0.001950	0.004458	0.000000	0.000000	0.000000	0.000000	0.161896	0.000000	0.000000
98	tsk_98	(x)	1	:	0.000000	0.000000	0.000000	0.000000	0.495864	0.000000	0.230907	0.273230	0.000000	0.000000	0.000000	0.000000	0.000000	0.000000	0.000000
99	tsk_99	(x)	1	:	0.000000	0.000000	0.000000	0.000000	0.495864	0.000000	0.211847	0.292289	0.000000	0.000000	0.000000	0.000000	0.000000	0.000000	0.000000
100	tsk_100	(x)	1	:	0.000000	0.000000	0.000000	0.000000	0.000000	0.000000	0.159063	0.256246	0.000000	0.000000	0.584691	0.000000	0.000000	0.000000	0.000000
101	tsk_101	(x)	1	:	0.000000	0.000000	0.000000	0.000000	0.495863	0.000000	0.061166	0.192519	0.250451	0.000000	0.000000	0.000000	0.000000	0.000000	0.000000
102	tsk_102	(x)	1	:	0.000000	0.481618	0.000000	0.000000	0.000000	0.000000	0.137037	0.089589	0.000000	0.000000	0.273384	0.000000	0.018359	0.000000	0.000013
103	tsk_103	(x)	1	:	0.000000	0.000000	0.000000	0.000000	0.495864	0.000000	0.167017	0.337119	0.000000	0.000000	0.000000	0.000000	0.000000	0.000000	0.000000
104	tsk_104	(x)	1	:	0.000000	0.000000	0.000000	0.000000	0.000000	0.000000	0.665749	0.334251	0.000000	0.000000	0.000000	0.000000	0.000000	0.000000	0.000000
105	tsk_105	(x)	1	:	0.000000	0.000000	0.000000	0.000000	0.000000	0.000000	0.841513	0.158487	0.000000	0.000000	0.000000	0.000000	0.000000	0.000000	0.000000
106	tsk_106	(x)	1	:	0.000000	0.349217	0.000000	0.000000	0.000000	0.000000	0.409857	0.090136	0.000000	0.000000	0.000000	0.000000	0.150790	0.000000	0.000000
107	tsk_107	(x)	1	:	0.000000	0.000000	0.000000	0.000000	0.000000	0.000000	0.391780	0.608220	0.000000	0.000000	0.000000	0.000000	0.000000	0.000000	0.000000
108	tsk_108	(x)	1	:	0.000000	0.322472	0.000000	0.000000	0.000000	0.000000	0.452161	0.047835	0.000000	0.000000	0.000000	0.000000	0.177532	0.000000	0.000000
109	tsk_109	(x)	1	:	0.000000	0.222179	0.000000	0.000000	0.000000	0.000000	0.347772	0.152217	0.000000	0.000000	0.000000	0.000000	0.277832	0.000000	0.000000
110	tsk_110	(x)	1	:	0.000000	0.206349	0.000000	0.000000	0.493625	0.000000	0.002157	0.004366	0.000000	0.000000	0.000000	0.000000	0.293503	0.000000	0.000000
111	tsk_111	(x)	1	:	0.000000	0.256581	0.000000	0.000000	0.000000	0.000000	0.000000	0.000000	0.000000	0.000000	0.000000	0.516103	0.227316	0.000000	0.000000
112	tsk_112	(x)	1	:	0.000000	0.266172	0.000000	0.000000	0.000000	0.000000	0.376428	0.123567	0.000000	0.000000	0.000000	0.000000	0.233834	0.000000	0.000000
113	tsk_113	(x)	1	:	0.000000	0.000000	0.000000	0.000000	0.000000	0.000000	0.310396	0.191328	0.000000	0.000000	0.000000	0.498276	0.000000	0.000000	0.000000
114	tsk_114	(x)	1	:	0.000000	0.000000	0.000000	0.000000	0.000000	0.000000	0.000090	0.000373	0.000000	0.000000	0.000000	0.512001	0.000000	0.487537	0.000000
115	tsk_115	(x)	1	:	0.000000	0.308905	0.000000	0.000000	0.000000	0.000000	0.349937	0.150053	0.000000	0.000000	0.000000	0.000000	0.191104	0.000000	0.000000
116	tsk_116	(x)	1	:	0.000000	0.000000	0.000000	0.000000	0.494533	0.000000	0.003589	0.003675	0.000000	0.000000	0.000000	0.498203	0.000000	0.000000	0.000000
117	tsk_117	(x)	1	:	0.000000	0.000000	0.000000	0.000000	0.000000	0.000000	0.005113	0.001666	0.000000	0.000000	0.993221	0.000000	0.000000	0.000000	0.000000
118	tsk_118	(x)	1	:	0.000000	0.000000	0.000000	0.000000	0.000000	0.000000	0.228594	0.271406	0.000000	0.000000	0.000000	0.000000	0.000000	0.500000	0.000000
119	tsk_119	(x)	1	:	0.000000	0.000000	0.000000	0.000000	1.000000	0.000000	0.000000	0.000000	0.000000	0.000000	0.000000	0.000000	0.000000	0.000000	0.000000
120	tsk_120	(x)	1	:	0.000000	0.000000	0.000000	0.000000	1.000000	0.000000	0.000000	0.000000	0.000000	0.000000	0.000000	0.000000	0.000000	0.000000	0.000000
121	tsk_121	(x)	1	:	0.000000	0.000000	0.000000	0.000000	0.492812	0.000000	0.002579	0.007661	0.000000	0.000000	0.000000	0.000000	0.000000	0.496947	0.000000
122	tsk_122	(x)	1	:	0.000000	0.198845	0.000000	0.000000	0.493762	0.000000	0.001837	0.004535	0.000000	0.000000	0.000000	0.000000	0.301021	0.000000	0.000000
123	tsk_123	(x)	1	:	0.000000	0.584486	0.000000	0.000000	0.000000	0.000000	0.000000	0.000000	0.000000	0.000000	0.000000	0.000000	0.415514	0.000000	0.000000
124	tsk_124	(x)	1	:	0.000000	0.000000	0.000000	0.000000	1.000000	0.000000	0.000000	0.000000	0.000000	0.000000	0.000000	0.000000	0.000000	0.000000	0.000000
125	tsk_125	(x)	1	:	0.000000	0.211211	0.000000	0.000000	0.000000	0.000000	0.191594	0.163971	0.150083	0.000000	0.000000	0.000000	0.283141	0.000000	0.000000
126	tsk_126	(x)	1	:	0.000000	0.163734	0.000000	0.000000	0.493671	0.000000	0.002715	0.003759	0.000000	0.000000	0.000000	0.000000	0.336121	0.000000	0.000000
127	tsk_127	(x)	1	:	0.000000	0.162745	0.000000	0.000000	0.000000	0.000000	0.000000	0.000000	0.000000	0.626074	0.000000	0.000000	0.211181	0.000000	0.000000
128	tsk_128	(x)	1	:	0.000000	0.104870	0.000000	0.000000	0.493855	0.000000	0.002609	0.003664	0.000000	0.000000	0.000000	0.000000	0.395002	0.000000	0.000000
129	tsk_129	(x)	1	:	0.000000	0.000000	0.000000	0.000000	0.486955	0.000000	0.000354	0.000998	0.000000	0.511693	0.000000	0.000000	0.000000	0.000000	0.000000
130	tsk_130	(x)	1	:	0.000000	0.354290	0.000000	0.000000	0.000000	0.000000	0.136833	0.102186	0.000000	0.000000	0.260984	0.000000	0.145707	0.000000	0.000000
131	tsk_131	(x)	1	:	0.000000	0.000000	0.000000	0.000000	0.493575	0.499881	0.004584	0.001960	0.000000	0.000000	0.000000	0.000000	0.000000	0.000000	0.000000
132	tsk_132	(x)	1	:	0.000000	0.000000	0.000000	0.000000	0.000000	0.000000	0.000000	0.000000	0.000000	0.000000	0.000000	0.000000	0.000000	0.000000	1.000000
133	tsk_133	(x)	1	:	0.000000	0.000000	0.000000	0.000000	0.000000	0.000000	0.000000	0.000000	0.000000	0.000000	0.000807	0.000000	0.000000	0.490344	0.508849
134	tsk_134	(x)	1	:	0.000000	0.000000	0.000000	1.000000	0.000000	0.000000	0.000000	0.000000	0.000000	0.000000	0.000000	0.000000	0.000000	0.000000	0.000000
135	tsk_135	(x)	1	:	0.000000	0.365262	0.000000	0.462365	0.000000	0.000000	0.000000	0.000000	0.000000	0.000000	0.000000	0.000000	0.172372	0.000000	0.000000
136	tsk_136	(x)	1	:	0.000000	0.296359	0.000000	0.462054	0.000000	0.000000	0.000000	0.000000	0.000000	0.000000	0.000000	0.000000	0.241587	0.000000	0.000000
137	tsk_137	(x)	1	:	0.000000	0.021774	0.000000	0.471234	0.000000	0.500391	0.000000	0.000000	0.000000	0.000000	0.000000	0.000000	0.006601	0.000000	0.000000
138	tsk_138	(x)	1	:	0.000000	0.285354	0.000000	0.000000	0.493683	0.000000	0.000272	0.006189	0.000000	0.000000	0.000000	0.000000	0.214503	0.000000	0.000000
139	tsk_139	(x)	1	:	0.000000	0.342982	0.000000	0.000000	0.000000	0.000000	0.003576	0.000170	0.000000	0.000000	0.000000	0.000000	0.156778	0.496494	0.000000
140	tsk_140	(x)	1	:	0.000000	0.503421	0.000000	0.000000	0.000000	0.000000	0.000000	0.000000	0.000000	0.000000	0.000000	0.000000	0.496579	0.000000	0.000000
141	tsk_141	(x)	1	:	0.000000	0.165283	0.000000	0.000000	0.000000	0.000000	0.000000	0.000000	0.000000	0.000000	0.000000	0.497736	0.336981	0.000000	0.000000
142	tsk_142	(x)	1	:	0.000000	0.255641	0.000000	0.000000	0.493770	0.000000	0.001466	0.004898	0.000000	0.000000	0.000000	0.000000	0.244225	0.000000	0.000000
143	tsk_143	(x)	1	:	0.000000	0.362004	0.000000	0.000000	0.000000	0.000000	0.000000	0.000000	0.000000	0.000000	0.000000	0.000000	0.637996	0.000000	0.000000
144	tsk_144	(x)	1	:	0.000000	0.163157	0.000000	0.000000	0.000000	0.000000	0.000000	0.000000	0.000000	0.000000	0.000000	0.497699	0.339144	0.000000	0.000000
145	tsk_145	(x)	1	:	0.000000	0.153775	0.000000	0.000000	0.493543	0.000000	0.001636	0.004976	0.000000	0.000000	0.000000	0.000000	0.346069	0.000000	0.000000
146	tsk_146	(x)	1	:	0.000000	0.000000	0.000000	0.000000	0.494491	0.000000	0.003104	0.004204	0.000000	0.000000	0.000000	0.498201	0.000000	0.000000	0.000000
147	tsk_147	(x)	1	:	0.000000	0.070119	0.000000	0.321272	0.000000	0.000000	0.000000	0.000000	0.000000	0.000000	0.000000	0.497606	0.111003	0.000000	0.000000
148	tsk_148	(x)	1	:	0.000000	0.000000	0.000000	0.000000	0.494069	0.000000	0.004927	0.002827	0.000000	0.000000	0.000000	0.498178	0.000000	0.000000	0.000000
149	tsk_149	(x)	1	:	0.000000	0.340351	0.000000	0.321055	0.000000	0.000000	0.000000	0.000000	0.000000	0.000000	0.000000	0.000000	0.338594	0.000000	0.000000
