logL = -2699.588841 (converged)
AIC = 10351.177682
BIC = 17805.510670

count.K
8 3 2 5 2 15 21 4 11 14 21 22 22 

