logL = -1449.600454 (converged)
AIC = 6559.200908
BIC = 12068.663496

count.K
21 11 0 56 4 16 5 3 11 5 18 

