logL = -3585.797771 (converged)
AIC = 10471.595542
BIC = 15439.143778

count.K
9 32 3 32 13 0 40 21 

