logL = -946.267137 (converged)
AIC = 4632.534274
BIC = 8757.104627

count.K
34 3 4 19 2 69 4 15 

