logL = -2718.960407 (converged)
AIC = 11437.920815
BIC = 20469.826697

count.K
15 14 9 1 8 24 2 4 8 19 10 12 10 9 5 

