logL = -1443.625681 (converged)
AIC = 5401.251362
BIC = 9185.619927

count.K
66 20 17 8 24 13 2 

