logL = -738.723515 (converged)
AIC = 3313.447030
BIC = 6077.210230

count.K
7 113 14 6 5 5 

