logL = -1991.537139 (converged)
AIC = 8413.074278
BIC = 15081.631454

count.K
32 31 9 12 5 21 23 15 0 2 0 

