logL = -1091.517331 (converged)
AIC = 4151.034661
BIC = 7113.499791

count.K
31 1 59 33 4 22 

