logL = -1531.196169 (converged)
AIC = 5030.392337
BIC = 7992.857467

count.K
42 31 15 10 44 8 

