0	tsk_0	(x)	1	:	0.214351	0.000000	0.000000	0.000000	0.000000	0.285649	0.000000	0.000000	0.000000	0.000000	0.000000	0.000000	0.500000	0.000000
1	tsk_1	(x)	1	:	0.433159	0.000000	0.000000	0.000000	0.000000	0.063483	0.503358	0.000000	0.000000	0.000000	0.000000	0.000000	0.000000	0.000000
2	tsk_2	(x)	1	:	0.000000	0.000000	0.000000	0.000000	0.000000	0.000000	0.000000	0.000000	0.000000	0.000000	1.000000	0.000000	0.000000	0.000000
3	tsk_3	(x)	1	:	0.000000	0.000000	0.000000	0.000000	0.000000	0.000000	0.520577	0.000000	0.000000	0.000000	0.479423	0.000000	0.000000	0.000000
4	tsk_4	(x)	1	:	0.371237	0.000000	0.000000	0.000000	0.000000	0.125406	0.503358	0.000000	0.000000	0.000000	0.000000	0.000000	0.000000	0.000000
5	tsk_5	(x)	1	:	0.536283	0.325119	0.000000	0.000000	0.000000	0.138597	0.000000	0.000000	0.000000	0.000000	0.000000	0.000000	0.000000	0.000000
6	tsk_6	(x)	1	:	0.428881	0.000000	0.000000	0.000000	0.000000	0.074315	0.000000	0.000000	0.000000	0.000000	0.496804	0.000000	0.000000	0.000000
7	tsk_7	(x)	1	:	0.171843	0.000000	0.000000	0.000000	0.000000	0.324799	0.503358	0.000000	0.000000	0.000000	0.000000	0.000000	0.000000	0.000000
8	tsk_8	(x)	1	:	0.273435	0.000000	0.000000	0.000000	0.000000	0.229761	0.000000	0.000000	0.000000	0.000000	0.496804	0.000000	0.000000	0.000000
9	tsk_9	(x)	1	:	0.237812	0.000000	0.000000	0.000000	0.000000	0.262188	0.000000	0.000000	0.000000	0.000000	0.000000	0.000000	0.500000	0.000000
10	tsk_10	(x)	1	:	0.000000	0.000000	0.000000	0.000000	0.442106	0.000000	0.000000	0.000000	0.000000	0.000000	0.557894	0.000000	0.000000	0.000000
11	tsk_11	(x)	1	:	0.000000	0.495228	0.000000	0.000000	0.000000	0.000000	0.000000	0.000000	0.000000	0.000000	0.000000	0.000000	0.504772	0.000000
12	tsk_12	(x)	1	:	0.000000	0.000000	0.000000	0.000000	0.421991	0.000000	0.000000	0.000000	0.000000	0.000000	0.000000	0.000000	0.077925	0.500085
13	tsk_13	(x)	1	:	0.341949	0.000000	0.000000	0.000000	0.000000	0.158051	0.000000	0.000000	0.000000	0.000000	0.000000	0.000000	0.500000	0.000000
14	tsk_14	(x)	1	:	0.000000	0.000000	0.000000	0.000000	0.421898	0.000000	0.000000	0.000000	0.000000	0.000000	0.000000	0.000000	0.078032	0.500070
15	tsk_15	(x)	1	:	0.500000	0.000000	0.000000	0.000000	0.000000	0.000000	0.000000	0.000000	0.000000	0.000000	0.000000	0.000000	0.000000	0.500000
16	tsk_16	(x)	1	:	0.200834	0.000000	0.000000	0.000000	0.420735	0.299022	0.000000	0.000000	0.000000	0.000000	0.000000	0.000000	0.079409	0.000000
17	tsk_17	(x)	1	:	0.427329	0.000000	0.000000	0.493864	0.000000	0.072806	0.000000	0.000000	0.000000	0.000000	0.000000	0.000000	0.006001	0.000000
18	tsk_18	(x)	1	:	0.481200	0.000000	0.000000	0.000000	0.000000	0.518800	0.000000	0.000000	0.000000	0.000000	0.000000	0.000000	0.000000	0.000000
19	tsk_19	(x)	1	:	0.000000	0.000000	0.000000	0.000000	0.000000	0.000000	0.000000	0.000000	0.000000	0.000000	1.000000	0.000000	0.000000	0.000000
20	tsk_20	(x)	1	:	0.310527	0.000000	0.000000	0.000000	0.000000	0.689472	0.000000	0.000000	0.000000	0.000000	0.000000	0.000000	0.000000	0.000000
21	tsk_21	(x)	1	:	0.000000	0.000000	0.000000	0.000000	0.000000	0.000000	0.000000	0.000000	0.000000	0.000000	0.000000	0.000000	1.000000	0.000000
22	tsk_22	(x)	1	:	0.001207	0.000000	0.000000	0.000000	0.000000	0.467438	0.000000	0.000000	0.000000	0.000000	0.531355	0.000000	0.000000	0.000000
23	tsk_23	(x)	1	:	0.000000	0.000000	0.000000	1.000000	0.000000	0.000000	0.000000	0.000000	0.000000	0.000000	0.000000	0.000000	0.000000	0.000000
24	tsk_24	(x)	1	:	0.351877	0.000000	0.000000	0.494391	0.000000	0.148679	0.000000	0.000000	0.000000	0.000000	0.000000	0.000000	0.005053	0.000000
25	tsk_25	(x)	1	:	0.000000	0.000000	0.000000	0.000000	0.000000	0.000000	0.000000	0.000000	0.000000	0.000000	0.594236	0.000000	0.405764	0.000000
26	tsk_26	(x)	1	:	0.395985	0.000000	0.000000	0.000000	0.000000	0.106073	0.000000	0.000000	0.000000	0.000000	0.493978	0.000000	0.003964	0.000000
27	tsk_27	(x)	1	:	0.383034	0.000000	0.000000	0.000000	0.000000	0.116437	0.000000	0.500529	0.000000	0.000000	0.000000	0.000000	0.000000	0.000000
28	tsk_28	(x)	1	:	0.000000	0.000000	0.000000	0.000000	0.000000	0.000000	0.000000	0.000000	0.000000	0.000000	0.488824	0.000000	0.511176	0.000000
29	tsk_29	(x)	1	:	0.555431	0.000000	0.000000	0.000000	0.000000	0.444569	0.000000	0.000000	0.000000	0.000000	0.000000	0.000000	0.000000	0.000000
30	tsk_30	(x)	1	:	0.503196	0.000000	0.000000	0.000000	0.000000	0.000000	0.000000	0.000000	0.000000	0.000000	0.496804	0.000000	0.000000	0.000000
31	tsk_31	(x)	1	:	0.133012	0.000000	0.000000	0.000000	0.000000	0.369417	0.000000	0.000000	0.000000	0.000000	0.494903	0.000000	0.002668	0.000000
32	tsk_32	(x)	1	:	0.000000	0.000000	0.000000	0.000000	0.442106	0.000000	0.000000	0.000000	0.000000	0.000000	0.557894	0.000000	0.000000	0.000000
33	tsk_33	(x)	1	:	0.404906	0.000000	0.000000	0.000000	0.000000	0.098290	0.000000	0.000000	0.000000	0.000000	0.496804	0.000000	0.000000	0.000000
34	tsk_34	(x)	1	:	0.603004	0.000000	0.000000	0.000000	0.000000	0.396996	0.000000	0.000000	0.000000	0.000000	0.000000	0.000000	0.000000	0.000000
35	tsk_35	(x)	1	:	0.850652	0.000000	0.000000	0.000000	0.000000	0.149348	0.000000	0.000000	0.000000	0.000000	0.000000	0.000000	0.000000	0.000000
36	tsk_36	(x)	1	:	0.570818	0.000000	0.000000	0.000000	0.000000	0.429182	0.000000	0.000000	0.000000	0.000000	0.000000	0.000000	0.000000	0.000000
37	tsk_37	(x)	1	:	0.663959	0.000000	0.000000	0.000000	0.000000	0.336041	0.000000	0.000000	0.000000	0.000000	0.000000	0.000000	0.000000	0.000000
38	tsk_38	(x)	1	:	0.435453	0.000000	0.000000	0.000000	0.000000	0.065689	0.000000	0.000000	0.000000	0.000000	0.491693	0.000000	0.007165	0.000000
39	tsk_39	(x)	1	:	0.752651	0.000000	0.000000	0.000000	0.000000	0.247349	0.000000	0.000000	0.000000	0.000000	0.000000	0.000000	0.000000	0.000000
40	tsk_40	(x)	1	:	0.000000	0.000000	0.000000	0.000000	0.000000	0.000000	0.000000	0.000000	0.000000	0.500163	0.000000	0.000000	0.499837	0.000000
41	tsk_41	(x)	1	:	0.000000	0.000000	0.000000	1.000000	0.000000	0.000000	0.000000	0.000000	0.000000	0.000000	0.000000	0.000000	0.000000	0.000000
42	tsk_42	(x)	1	:	0.319397	0.000000	0.000000	0.493842	0.000000	0.180720	0.000000	0.000000	0.000000	0.000000	0.000000	0.000000	0.006040	0.000000
43	tsk_43	(x)	1	:	0.000000	0.000000	0.000000	1.000000	0.000000	0.000000	0.000000	0.000000	0.000000	0.000000	0.000000	0.000000	0.000000	0.000000
44	tsk_44	(x)	1	:	0.000000	0.000000	0.000000	0.000000	0.441147	0.000000	0.520210	0.000000	0.000000	0.000000	0.038643	0.000000	0.000000	0.000000
45	tsk_45	(x)	1	:	0.000000	0.000000	0.000000	0.000000	0.000000	0.000000	0.000000	0.509800	0.000000	0.000000	0.490200	0.000000	0.000000	0.000000
46	tsk_46	(x)	1	:	0.264015	0.000000	0.000000	0.000000	0.000000	0.235984	0.000000	0.000000	0.000000	0.000000	0.000000	0.000000	0.000000	0.500000
47	tsk_47	(x)	1	:	0.000000	0.000000	0.000000	1.000000	0.000000	0.000000	0.000000	0.000000	0.000000	0.000000	0.000000	0.000000	0.000000	0.000000
48	tsk_48	(x)	1	:	0.000000	0.000000	0.000000	1.000000	0.000000	0.000000	0.000000	0.000000	0.000000	0.000000	0.000000	0.000000	0.000000	0.000000
49	tsk_49	(x)	1	:	0.000000	0.000000	0.000000	0.551384	0.000000	0.000000	0.000000	0.000000	0.000000	0.000000	0.000000	0.000000	0.448616	0.000000
50	tsk_50	(x)	1	:	0.000000	0.000000	0.000000	0.000000	0.000000	0.000000	0.000000	0.000000	0.000000	0.000000	0.000000	1.000000	0.000000	0.000000
51	tsk_51	(x)	1	:	0.197165	0.000000	0.000000	0.000000	0.000000	0.302449	0.000000	0.000000	0.000000	0.000000	0.000000	0.499034	0.001352	0.000000
52	tsk_52	(x)	1	:	0.000000	0.000000	0.000000	0.000000	0.000000	0.000000	0.000000	0.000000	0.000000	0.000000	0.000000	0.500000	0.500000	0.000000
53	tsk_53	(x)	1	:	0.000000	0.000000	0.000000	0.000000	0.000000	0.000000	0.000000	0.000000	0.000000	0.000000	0.000000	1.000000	0.000000	0.000000
54	tsk_54	(x)	1	:	0.185850	0.000000	0.000000	0.000000	0.000000	0.314150	0.000000	0.000000	0.000000	0.000000	0.000000	0.000000	0.500000	0.000000
55	tsk_55	(x)	1	:	0.000000	0.000000	0.000000	0.000000	0.000000	0.000000	0.000000	0.000000	0.000000	0.000000	0.000000	0.500000	0.500000	0.000000
56	tsk_56	(x)	1	:	0.341571	0.000000	0.000000	0.000000	0.000000	0.158428	0.000000	0.000000	0.000000	0.000000	0.000000	0.500000	0.000000	0.000000
57	tsk_57	(x)	1	:	0.310513	0.000000	0.000000	0.000000	0.000000	0.189487	0.000000	0.000000	0.000000	0.000000	0.000000	0.500000	0.000000	0.000000
58	tsk_58	(x)	1	:	0.000000	0.000000	0.000000	0.000000	0.000000	0.000000	0.000000	0.000000	0.000000	0.000000	0.000000	1.000000	0.000000	0.000000
59	tsk_59	(x)	1	:	0.000000	0.000000	0.000000	0.000000	0.000000	0.000000	0.000000	0.000000	0.000000	0.000000	0.488824	0.000000	0.511176	0.000000
60	tsk_60	(x)	1	:	0.326550	0.000000	0.000000	0.494316	0.000000	0.173946	0.000000	0.000000	0.000000	0.000000	0.000000	0.000000	0.005188	0.000000
61	tsk_61	(x)	1	:	0.000000	0.000000	0.000000	0.551384	0.000000	0.000000	0.000000	0.000000	0.000000	0.000000	0.000000	0.000000	0.448616	0.000000
62	tsk_62	(x)	1	:	0.000000	0.000000	0.000000	0.493186	0.000000	0.000000	0.000000	0.000000	0.000000	0.000000	0.000000	0.498975	0.007839	0.000000
63	tsk_63	(x)	1	:	0.341831	0.000000	0.000000	0.000000	0.000000	0.158169	0.000000	0.000000	0.000000	0.000000	0.000000	0.000000	0.000000	0.500000
64	tsk_64	(x)	1	:	0.000000	0.000000	0.000000	0.000000	0.000000	0.000000	0.000000	0.000000	0.000000	0.000000	0.000000	0.000000	1.000000	0.000000
65	tsk_65	(x)	1	:	0.332527	0.000000	0.000000	0.000000	0.000000	0.167473	0.000000	0.000000	0.000000	0.000000	0.000000	0.000000	0.000000	0.500000
66	tsk_66	(x)	1	:	0.097454	0.000000	0.000000	0.000000	0.000000	0.189046	0.000000	0.000000	0.224145	0.000000	0.000000	0.000000	0.489356	0.000000
67	tsk_67	(x)	1	:	0.000000	0.000000	0.000000	0.493695	0.000000	0.000000	0.000000	0.000000	0.000000	0.000000	0.000000	0.000000	0.506305	0.000000
68	tsk_68	(x)	1	:	0.000000	0.000000	0.000000	0.493695	0.000000	0.000000	0.000000	0.000000	0.000000	0.000000	0.000000	0.000000	0.506305	0.000000
69	tsk_69	(x)	1	:	0.660215	0.000000	0.000000	0.000000	0.000000	0.339785	0.000000	0.000000	0.000000	0.000000	0.000000	0.000000	0.000000	0.000000
70	tsk_70	(x)	1	:	0.416285	0.000000	0.000000	0.000000	0.420722	0.083568	0.000000	0.000000	0.000000	0.000000	0.000000	0.000000	0.079424	0.000000
71	tsk_71	(x)	1	:	0.400970	0.000000	0.000000	0.000000	0.000000	0.099030	0.000000	0.000000	0.000000	0.000000	0.000000	0.000000	0.500000	0.000000
72	tsk_72	(x)	1	:	0.366250	0.000000	0.000000	0.000000	0.420192	0.133500	0.000000	0.000000	0.000000	0.000000	0.000000	0.000000	0.080058	0.000000
73	tsk_73	(x)	1	:	0.000000	0.000000	0.567901	0.000000	0.432099	0.000000	0.000000	0.000000	0.000000	0.000000	0.000000	0.000000	0.000000	0.000000
74	tsk_74	(x)	1	:	0.170537	0.000000	0.507066	0.000000	0.000000	0.322398	0.000000	0.000000	0.000000	0.000000	0.000000	0.000000	0.000000	0.000000
75	tsk_75	(x)	1	:	0.274617	0.000000	0.000000	0.000000	0.000000	0.225383	0.000000	0.000000	0.000000	0.000000	0.000000	0.000000	0.500000	0.000000
76	tsk_76	(x)	1	:	0.833869	0.000000	0.000000	0.000000	0.000000	0.166131	0.000000	0.000000	0.000000	0.000000	0.000000	0.000000	0.000000	0.000000
77	tsk_77	(x)	1	:	0.000000	0.000000	0.563407	0.000000	0.000000	0.000000	0.000000	0.000000	0.000000	0.000000	0.000000	0.000000	0.436593	0.000000
78	tsk_78	(x)	1	:	0.000000	0.000000	0.000000	0.000000	0.421413	0.000000	0.000000	0.000000	0.000000	0.000000	0.000000	0.000000	0.578587	0.000000
79	tsk_79	(x)	1	:	0.287181	0.471547	0.000000	0.000000	0.000000	0.241272	0.000000	0.000000	0.000000	0.000000	0.000000	0.000000	0.000000	0.000000
80	tsk_80	(x)	1	:	0.285823	0.000000	0.000000	0.000000	0.000000	0.215438	0.000000	0.000000	0.000000	0.000000	0.491989	0.000000	0.006751	0.000000
81	tsk_81	(x)	1	:	0.000000	0.495228	0.000000	0.000000	0.000000	0.000000	0.000000	0.000000	0.000000	0.000000	0.000000	0.000000	0.504772	0.000000
82	tsk_82	(x)	1	:	0.002086	0.492211	0.000000	0.000000	0.000000	0.000198	0.505504	0.000000	0.000000	0.000000	0.000000	0.000000	0.000001	0.000000
83	tsk_83	(x)	1	:	0.000000	0.330046	0.000000	0.000000	0.000000	0.000000	0.000000	0.000000	0.203395	0.000000	0.466558	0.000000	0.000000	0.000000
84	tsk_84	(x)	1	:	0.243881	0.471547	0.000000	0.000000	0.000000	0.284572	0.000000	0.000000	0.000000	0.000000	0.000000	0.000000	0.000000	0.000000
85	tsk_85	(x)	1	:	0.000000	0.000000	0.000000	0.000000	0.000000	0.000000	0.000000	0.000000	0.515037	0.000000	0.484963	0.000000	0.000000	0.000000
86	tsk_86	(x)	1	:	0.000000	0.495228	0.000000	0.000000	0.000000	0.000000	0.000000	0.000000	0.000000	0.000000	0.000000	0.000000	0.504772	0.000000
87	tsk_87	(x)	1	:	0.388892	0.471547	0.000000	0.000000	0.000000	0.139561	0.000000	0.000000	0.000000	0.000000	0.000000	0.000000	0.000000	0.000000
88	tsk_88	(x)	1	:	0.000000	0.000000	0.000000	0.000000	0.000000	0.000000	0.520577	0.000000	0.000000	0.000000	0.479423	0.000000	0.000000	0.000000
89	tsk_89	(x)	1	:	0.000000	0.000000	0.000000	0.000000	0.000000	0.000000	0.506952	0.000000	0.000000	0.000000	0.000000	0.000000	0.493048	0.000000
90	tsk_90	(x)	1	:	0.698202	0.000000	0.000000	0.000000	0.000000	0.301798	0.000000	0.000000	0.000000	0.000000	0.000000	0.000000	0.000000	0.000000
91	tsk_91	(x)	1	:	0.432614	0.000000	0.000000	0.000000	0.000000	0.070582	0.000000	0.000000	0.000000	0.000000	0.496804	0.000000	0.000000	0.000000
92	tsk_92	(x)	1	:	0.230113	0.000000	0.000000	0.000000	0.000000	0.273083	0.000000	0.000000	0.000000	0.000000	0.496804	0.000000	0.000000	0.000000
93	tsk_93	(x)	1	:	0.215383	0.000000	0.000000	0.000000	0.000000	0.287813	0.000000	0.000000	0.000000	0.000000	0.496804	0.000000	0.000000	0.000000
94	tsk_94	(x)	1	:	0.000000	0.000000	0.000000	0.000000	0.000000	0.000000	0.000000	0.000000	0.000000	0.502876	0.496402	0.000000	0.000722	0.000000
95	tsk_95	(x)	1	:	0.694692	0.000000	0.000000	0.000000	0.000000	0.305308	0.000000	0.000000	0.000000	0.000000	0.000000	0.000000	0.000000	0.000000
96	tsk_96	(x)	1	:	0.000000	0.000000	0.000000	0.000000	0.000000	1.000000	0.000000	0.000000	0.000000	0.000000	0.000000	0.000000	0.000000	0.000000
97	tsk_97	(x)	1	:	0.220595	0.000000	0.000000	0.000000	0.000000	0.779404	0.000000	0.000000	0.000000	0.000000	0.000000	0.000000	0.000000	0.000000
98	tsk_98	(x)	1	:	0.763368	0.000000	0.000000	0.000000	0.000000	0.236632	0.000000	0.000000	0.000000	0.000000	0.000000	0.000000	0.000000	0.000000
99	tsk_99	(x)	1	:	0.354002	0.000000	0.000000	0.000000	0.000000	0.147477	0.000000	0.000000	0.000000	0.000000	0.492534	0.000000	0.005987	0.000000
100	tsk_100	(x)	1	:	0.275677	0.000000	0.000000	0.000000	0.000000	0.224323	0.000000	0.000000	0.000000	0.000000	0.000000	0.000000	0.500000	0.000000
101	tsk_101	(x)	1	:	0.000000	0.000000	0.000000	0.000000	0.421413	0.000000	0.000000	0.000000	0.000000	0.000000	0.000000	0.000000	0.578587	0.000000
102	tsk_102	(x)	1	:	0.000000	0.000000	0.000000	0.000000	0.000000	0.000000	0.000000	0.000000	0.000000	0.000000	0.488824	0.000000	0.511176	0.000000
103	tsk_103	(x)	1	:	0.714534	0.000000	0.000000	0.000000	0.000000	0.285466	0.000000	0.000000	0.000000	0.000000	0.000000	0.000000	0.000000	0.000000
104	tsk_104	(x)	1	:	0.000000	0.000000	0.000000	0.000000	0.000000	0.000000	0.000000	0.000000	0.000000	0.000000	0.000000	0.000000	1.000000	0.000000
105	tsk_105	(x)	1	:	0.344036	0.000000	0.000000	0.000000	0.000000	0.155964	0.000000	0.000000	0.000000	0.000000	0.000000	0.000000	0.500000	0.000000
106	tsk_106	(x)	1	:	0.000000	0.000000	0.000000	0.000000	0.000000	0.000000	0.000000	0.000000	0.000000	0.000000	0.000000	0.000000	1.000000	0.000000
107	tsk_107	(x)	1	:	0.000000	0.000000	0.000000	0.000000	0.000000	0.000000	0.000000	0.000000	0.000000	0.000000	0.000000	0.000000	1.000000	0.000000
108	tsk_108	(x)	1	:	0.585848	0.000000	0.000000	0.000000	0.000000	0.414152	0.000000	0.000000	0.000000	0.000000	0.000000	0.000000	0.000000	0.000000
109	tsk_109	(x)	1	:	0.000000	0.000000	0.000000	0.000000	0.000000	0.000000	0.506952	0.000000	0.000000	0.000000	0.000000	0.000000	0.493048	0.000000
110	tsk_110	(x)	1	:	0.199570	0.000000	0.000000	0.000000	0.000000	0.300430	0.000000	0.000000	0.000000	0.000000	0.000000	0.000000	0.500000	0.000000
111	tsk_111	(x)	1	:	0.000000	0.000000	0.000000	0.000000	0.653792	0.000000	0.000000	0.000000	0.000000	0.000000	0.346208	0.000000	0.000000	0.000000
112	tsk_112	(x)	1	:	0.000000	0.000000	0.000000	0.000000	0.000000	0.000000	0.000000	0.000000	0.000000	0.000000	0.000000	0.000000	1.000000	0.000000
113	tsk_113	(x)	1	:	0.000000	0.000000	0.000000	0.000000	0.000000	0.000000	0.000000	0.000000	0.000000	0.000000	0.000000	0.000000	1.000000	0.000000
114	tsk_114	(x)	1	:	0.000000	0.000000	0.000000	0.000000	0.428363	0.000000	0.000000	0.000000	0.000000	0.000000	0.279587	0.000000	0.292049	0.000000
115	tsk_115	(x)	1	:	0.000000	0.000000	0.000000	0.000000	0.000000	0.000000	0.506952	0.000000	0.000000	0.000000	0.000000	0.000000	0.493048	0.000000
116	tsk_116	(x)	1	:	0.000000	0.000000	0.000000	0.000000	0.653792	0.000000	0.000000	0.000000	0.000000	0.000000	0.346208	0.000000	0.000000	0.000000
117	tsk_117	(x)	1	:	0.000000	0.000000	0.000000	0.000000	0.511176	0.000000	0.000000	0.000000	0.000000	0.000000	0.488824	0.000000	0.000000	0.000000
118	tsk_118	(x)	1	:	0.000000	0.000000	0.000000	0.000000	0.000000	0.000000	0.000000	0.000000	0.000000	0.000000	0.000000	0.000000	1.000000	0.000000
119	tsk_119	(x)	1	:	0.000000	0.000000	0.000000	0.000000	0.000000	0.000000	0.506952	0.000000	0.000000	0.000000	0.000000	0.000000	0.493048	0.000000
120	tsk_120	(x)	1	:	0.283930	0.000000	0.000000	0.000000	0.000000	0.219140	0.480565	0.000000	0.000000	0.000000	0.016364	0.000000	0.000000	0.000000
121	tsk_121	(x)	1	:	0.427137	0.000000	0.000000	0.000000	0.000000	0.069505	0.503358	0.000000	0.000000	0.000000	0.000000	0.000000	0.000000	0.000000
122	tsk_122	(x)	1	:	0.701890	0.000000	0.000000	0.000000	0.000000	0.298110	0.000000	0.000000	0.000000	0.000000	0.000000	0.000000	0.000000	0.000000
123	tsk_123	(x)	1	:	0.156381	0.000000	0.000000	0.000000	0.420350	0.343399	0.000000	0.000000	0.000000	0.000000	0.000000	0.000000	0.079869	0.000000
124	tsk_124	(x)	1	:	0.413165	0.000000	0.000000	0.000000	0.000000	0.087997	0.479943	0.000000	0.000000	0.000000	0.013102	0.000000	0.005793	0.000000
125	tsk_125	(x)	1	:	0.000000	0.000000	0.000000	0.000000	0.441148	0.000000	0.520210	0.000000	0.000000	0.000000	0.038642	0.000000	0.000000	0.000000
126	tsk_126	(x)	1	:	0.413320	0.000000	0.000000	0.000000	0.000000	0.089752	0.480570	0.000000	0.000000	0.000000	0.016357	0.000000	0.000000	0.000000
127	tsk_127	(x)	1	:	0.000000	0.495091	0.000000	0.000000	0.420617	0.000000	0.000000	0.000000	0.000000	0.000000	0.000000	0.000000	0.084292	0.000000
128	tsk_128	(x)	1	:	0.000000	0.000000	0.000000	0.000000	0.000000	0.000000	0.481181	0.000000	0.000000	0.000000	0.007194	0.000000	0.511626	0.000000
129	tsk_129	(x)	1	:	0.344548	0.000000	0.000000	0.000000	0.000000	0.158523	0.480567	0.000000	0.000000	0.000000	0.016362	0.000000	0.000000	0.000000
130	tsk_130	(x)	1	:	0.345786	0.000000	0.000000	0.000000	0.000000	0.154214	0.000000	0.000000	0.000000	0.000000	0.000000	0.000000	0.500000	0.000000
131	tsk_131	(x)	1	:	0.000000	0.000000	0.000000	0.000000	0.000000	0.000000	0.000000	0.000000	0.000000	0.000000	0.000000	0.000000	1.000000	0.000000
132	tsk_132	(x)	1	:	0.298169	0.000000	0.000000	0.000000	0.000000	0.201831	0.000000	0.000000	0.000000	0.000000	0.000000	0.000000	0.500000	0.000000
133	tsk_133	(x)	1	:	0.000000	0.000000	0.000000	0.000000	0.000000	0.000000	0.000000	0.000000	0.000000	0.000000	0.000000	0.000000	1.000000	0.000000
134	tsk_134	(x)	1	:	0.226968	0.000000	0.000000	0.000000	0.000000	0.242184	0.000000	0.000000	0.000000	0.000000	0.530848	0.000000	0.000000	0.000000
135	tsk_135	(x)	1	:	0.242741	0.000000	0.000000	0.000000	0.000000	0.257259	0.000000	0.000000	0.000000	0.000000	0.000000	0.000000	0.500000	0.000000
136	tsk_136	(x)	1	:	0.000000	0.000000	0.000000	0.000000	0.000000	0.000000	0.000000	0.000000	0.000000	0.000000	0.000000	0.000000	1.000000	0.000000
137	tsk_137	(x)	1	:	0.000000	0.000000	0.000000	0.000000	0.000000	0.000000	0.000000	0.000000	0.000000	0.000000	0.000000	0.000000	1.000000	0.000000
138	tsk_138	(x)	1	:	0.000000	0.000000	0.000000	0.000000	0.421413	0.000000	0.000000	0.000000	0.000000	0.000000	0.000000	0.000000	0.578587	0.000000
139	tsk_139	(x)	1	:	0.000000	0.000000	0.000000	0.000000	0.421413	0.000000	0.000000	0.000000	0.000000	0.000000	0.000000	0.000000	0.578587	0.000000
140	tsk_140	(x)	1	:	0.317760	0.000000	0.000000	0.000000	0.000000	0.185435	0.000000	0.000000	0.000000	0.000000	0.496804	0.000000	0.000000	0.000000
141	tsk_141	(x)	1	:	0.316347	0.000000	0.000000	0.493711	0.000000	0.183666	0.000000	0.000000	0.000000	0.000000	0.000000	0.000000	0.006277	0.000000
142	tsk_142	(x)	1	:	0.387641	0.000000	0.000000	0.000000	0.000000	0.109001	0.503358	0.000000	0.000000	0.000000	0.000000	0.000000	0.000000	0.000000
143	tsk_143	(x)	1	:	0.217395	0.000000	0.000000	0.000000	0.000000	0.282605	0.000000	0.000000	0.000000	0.000000	0.000000	0.000000	0.500000	0.000000
144	tsk_144	(x)	1	:	0.650527	0.000000	0.000000	0.000000	0.000000	0.349473	0.000000	0.000000	0.000000	0.000000	0.000000	0.000000	0.000000	0.000000
145	tsk_145	(x)	1	:	0.175918	0.000000	0.000000	0.000000	0.000000	0.324082	0.000000	0.000000	0.000000	0.000000	0.000000	0.000000	0.500000	0.000000
146	tsk_146	(x)	1	:	0.829324	0.000000	0.000000	0.000000	0.000000	0.170676	0.000000	0.000000	0.000000	0.000000	0.000000	0.000000	0.000000	0.000000
147	tsk_147	(x)	1	:	0.363546	0.000000	0.000000	0.000000	0.000000	0.136454	0.000000	0.000000	0.000000	0.000000	0.000000	0.500000	0.000000	0.000000
148	tsk_148	(x)	1	:	0.480340	0.000000	0.000000	0.000000	0.000000	0.519660	0.000000	0.000000	0.000000	0.000000	0.000000	0.000000	0.000000	0.000000
149	tsk_149	(x)	1	:	0.744878	0.000000	0.000000	0.000000	0.000000	0.255122	0.000000	0.000000	0.000000	0.000000	0.000000	0.000000	0.000000	0.000000
