0	tsk_0	(x)	1	:	0.510982	0.000000	0.000000	0.003087	0.000000	0.485931	0.000000
1	tsk_1	(x)	1	:	0.589083	0.000000	0.000000	0.000000	0.000000	0.000000	0.410917
2	tsk_2	(x)	1	:	0.589083	0.000000	0.000000	0.000000	0.000000	0.000000	0.410917
3	tsk_3	(x)	1	:	0.000000	0.000000	0.000000	0.000000	0.499362	0.000000	0.500638
4	tsk_4	(x)	1	:	0.310527	0.000000	0.000000	0.000000	0.445401	0.000000	0.244072
5	tsk_5	(x)	1	:	0.589083	0.000000	0.000000	0.000000	0.000000	0.000000	0.410917
6	tsk_6	(x)	1	:	0.000000	0.000000	0.000000	0.012942	0.490299	0.496758	0.000000
7	tsk_7	(x)	1	:	1.000000	0.000000	0.000000	0.000000	0.000000	0.000000	0.000000
8	tsk_8	(x)	1	:	0.000000	0.000000	0.000022	0.999978	0.000000	0.000000	0.000000
9	tsk_9	(x)	1	:	0.561905	0.000000	0.000000	0.000000	0.000000	0.000000	0.438095
10	tsk_10	(x)	1	:	0.000000	0.000000	0.000009	0.498242	0.000000	0.501749	0.000000
11	tsk_11	(x)	1	:	0.534579	0.000000	0.000000	0.000000	0.465421	0.000000	0.000000
12	tsk_12	(x)	1	:	0.000000	0.000000	0.000000	0.012844	0.490308	0.496848	0.000000
13	tsk_13	(x)	1	:	0.000000	0.000000	0.000004	0.330506	0.000000	0.669489	0.000000
14	tsk_14	(x)	1	:	0.000000	0.000000	0.000000	0.000000	0.473199	0.000000	0.526801
15	tsk_15	(x)	1	:	0.000000	0.475030	0.000000	0.021452	0.000000	0.503517	0.000000
16	tsk_16	(x)	1	:	0.000000	0.000000	0.000035	0.427355	0.000000	0.000000	0.572610
17	tsk_17	(x)	1	:	0.000000	0.000000	0.000000	0.000000	0.000000	1.000000	0.000000
18	tsk_18	(x)	1	:	0.000000	0.000000	0.000000	0.013024	0.490292	0.496685	0.000000
19	tsk_19	(x)	1	:	0.000000	0.000000	0.000008	0.999992	0.000000	0.000000	0.000000
20	tsk_20	(x)	1	:	0.552569	0.000000	0.000000	0.000000	0.000000	0.000000	0.447431
21	tsk_21	(x)	1	:	0.512856	0.000000	0.000000	0.000000	0.487132	0.000000	0.000012
22	tsk_22	(x)	1	:	0.000000	0.000000	0.000000	0.000000	0.631057	0.000000	0.368943
23	tsk_23	(x)	1	:	0.000000	0.000000	0.000000	0.000000	1.000000	0.000000	0.000000
24	tsk_24	(x)	1	:	0.000000	0.000000	0.000000	0.000000	1.000000	0.000000	0.000000
25	tsk_25	(x)	1	:	0.502752	0.000000	0.000000	0.000000	0.497243	0.000000	0.000005
26	tsk_26	(x)	1	:	0.000000	0.000000	0.000000	0.010835	0.490496	0.498669	0.000000
27	tsk_27	(x)	1	:	0.000000	0.000000	0.000000	0.000000	1.000000	0.000000	0.000000
28	tsk_28	(x)	1	:	0.512857	0.000000	0.000000	0.000000	0.487132	0.000000	0.000011
29	tsk_29	(x)	1	:	0.000000	0.000000	0.000000	0.000000	1.000000	0.000000	0.000000
30	tsk_30	(x)	1	:	0.443035	0.000000	0.000000	0.556965	0.000000	0.000000	0.000000
31	tsk_31	(x)	1	:	0.563419	0.000000	0.000000	0.000000	0.000000	0.000000	0.436581
32	tsk_32	(x)	1	:	0.000000	0.000000	0.000000	0.000000	1.000000	0.000000	0.000000
33	tsk_33	(x)	1	:	0.504767	0.000000	0.000009	0.495215	0.000000	0.000000	0.000009
34	tsk_34	(x)	1	:	0.000000	0.000000	0.000000	0.000000	1.000000	0.000000	0.000000
35	tsk_35	(x)	1	:	0.000000	0.000000	0.000004	0.999996	0.000000	0.000000	0.000000
36	tsk_36	(x)	1	:	0.504761	0.000000	0.000014	0.495214	0.000000	0.000000	0.000011
37	tsk_37	(x)	1	:	0.000000	0.000000	0.000020	0.999980	0.000000	0.000000	0.000000
38	tsk_38	(x)	1	:	0.000000	0.000000	0.000001	0.509184	0.490815	0.000000	0.000000
39	tsk_39	(x)	1	:	0.545662	0.000000	0.000000	0.000000	0.452840	0.000000	0.001499
40	tsk_40	(x)	1	:	0.589083	0.000000	0.000000	0.000000	0.000000	0.000000	0.410917
41	tsk_41	(x)	1	:	0.000000	0.000000	0.000000	0.000000	0.000000	1.000000	0.000000
42	tsk_42	(x)	1	:	0.000000	0.000000	0.000000	0.000009	0.582807	0.417184	0.000000
43	tsk_43	(x)	1	:	1.000000	0.000000	0.000000	0.000000	0.000000	0.000000	0.000000
44	tsk_44	(x)	1	:	0.000000	0.000000	0.000000	0.000009	0.582807	0.417183	0.000000
45	tsk_45	(x)	1	:	0.509004	0.000000	0.000000	0.000000	0.490972	0.000000	0.000024
46	tsk_46	(x)	1	:	0.000000	0.000000	0.000000	0.000000	1.000000	0.000000	0.000000
47	tsk_47	(x)	1	:	0.000000	0.000000	0.000000	0.000000	0.000000	1.000000	0.000000
48	tsk_48	(x)	1	:	0.357152	0.000000	0.000000	0.038933	0.000000	0.500634	0.103280
49	tsk_49	(x)	1	:	0.589083	0.000000	0.000000	0.000000	0.000000	0.000000	0.410917
50	tsk_50	(x)	1	:	0.000000	0.000000	0.000005	0.498246	0.000000	0.501750	0.000000
51	tsk_51	(x)	1	:	0.000000	0.000000	0.499975	0.000345	0.000000	0.499680	0.000000
52	tsk_52	(x)	1	:	0.000000	0.000000	0.000000	0.000000	0.000000	1.000000	0.000000
53	tsk_53	(x)	1	:	0.000000	0.000000	0.000000	0.012963	0.490297	0.496740	0.000000
54	tsk_54	(x)	1	:	0.000000	0.000000	0.508686	0.000105	0.491208	0.000000	0.000000
55	tsk_55	(x)	1	:	0.356881	0.000000	0.000000	0.000000	0.594824	0.000000	0.048295
56	tsk_56	(x)	1	:	0.000000	0.000000	0.508716	0.000073	0.491211	0.000000	0.000000
57	tsk_57	(x)	1	:	0.000000	0.000000	0.000000	0.000000	1.000000	0.000000	0.000000
58	tsk_58	(x)	1	:	0.000000	0.000000	0.000000	0.000000	1.000000	0.000000	0.000000
59	tsk_59	(x)	1	:	0.357150	0.000000	0.000000	0.000000	0.499145	0.000000	0.143706
60	tsk_60	(x)	1	:	0.000000	0.496742	0.000000	0.000000	0.503258	0.000000	0.000000
61	tsk_61	(x)	1	:	0.000000	0.474689	0.000006	0.525305	0.000000	0.000000	0.000000
62	tsk_62	(x)	1	:	0.514013	0.000000	0.000002	0.485982	0.000000	0.000000	0.000003
63	tsk_63	(x)	1	:	0.000000	0.000000	0.000001	0.509184	0.490815	0.000000	0.000000
64	tsk_64	(x)	1	:	0.000000	0.539882	0.000000	0.000000	0.460118	0.000000	0.000000
65	tsk_65	(x)	1	:	0.000000	0.475226	0.000000	0.020248	0.000000	0.504526	0.000000
66	tsk_66	(x)	1	:	0.000000	0.449178	0.000000	0.000000	0.550822	0.000000	0.000000
67	tsk_67	(x)	1	:	0.000000	0.496742	0.000000	0.000001	0.503257	0.000000	0.000000
68	tsk_68	(x)	1	:	0.000000	0.496742	0.000000	0.000000	0.503258	0.000000	0.000000
69	tsk_69	(x)	1	:	0.000000	0.539882	0.000000	0.000000	0.460118	0.000000	0.000000
70	tsk_70	(x)	1	:	1.000000	0.000000	0.000000	0.000000	0.000000	0.000000	0.000000
71	tsk_71	(x)	1	:	0.000000	0.000000	0.000000	0.000000	1.000000	0.000000	0.000000
72	tsk_72	(x)	1	:	0.512399	0.000000	0.000000	0.000000	0.487589	0.000000	0.000012
73	tsk_73	(x)	1	:	0.357150	0.000000	0.000000	0.000000	0.499145	0.000000	0.143705
74	tsk_74	(x)	1	:	0.000000	0.000000	0.000001	0.509183	0.490815	0.000000	0.000000
75	tsk_75	(x)	1	:	0.357150	0.000000	0.000000	0.000000	0.499145	0.000000	0.143705
76	tsk_76	(x)	1	:	0.000000	0.000000	0.000001	0.509183	0.490815	0.000000	0.000000
77	tsk_77	(x)	1	:	0.000000	0.000000	0.233503	0.000000	0.465797	0.300700	0.000000
78	tsk_78	(x)	1	:	0.000000	0.000000	0.000000	0.000000	1.000000	0.000000	0.000000
79	tsk_79	(x)	1	:	0.000000	0.000000	0.000000	0.000000	1.000000	0.000000	0.000000
80	tsk_80	(x)	1	:	0.000000	0.000000	0.000000	0.012440	0.490346	0.497214	0.000000
81	tsk_81	(x)	1	:	0.000000	0.000000	0.000000	0.000012	0.000000	0.450426	0.549562
82	tsk_82	(x)	1	:	0.000000	0.000000	0.000000	0.000000	0.000000	0.448814	0.551186
83	tsk_83	(x)	1	:	0.000000	0.000000	0.000015	0.999985	0.000000	0.000000	0.000000
84	tsk_84	(x)	1	:	0.000000	0.000000	0.000007	0.498244	0.000000	0.501749	0.000000
85	tsk_85	(x)	1	:	0.000000	0.000000	0.000021	0.999979	0.000000	0.000000	0.000000
86	tsk_86	(x)	1	:	0.000000	0.000000	0.000011	0.498241	0.000000	0.501748	0.000000
87	tsk_87	(x)	1	:	0.000000	0.000000	0.000000	0.000000	0.000000	1.000000	0.000000
88	tsk_88	(x)	1	:	0.000000	0.000000	0.000000	0.427391	0.000000	0.000000	0.572609
89	tsk_89	(x)	1	:	0.000000	0.000000	0.000000	0.000000	0.000000	1.000000	0.000000
90	tsk_90	(x)	1	:	0.000000	0.000000	0.433684	0.118418	0.447898	0.000000	0.000000
91	tsk_91	(x)	1	:	0.000000	0.000000	1.000000	0.000000	0.000000	0.000000	0.000000
92	tsk_92	(x)	1	:	0.699212	0.000000	0.000000	0.000000	0.000000	0.000000	0.300788
93	tsk_93	(x)	1	:	0.000000	0.000000	0.000003	0.509182	0.490815	0.000000	0.000000
94	tsk_94	(x)	1	:	0.549962	0.000000	0.000000	0.000000	0.449972	0.000000	0.000066
95	tsk_95	(x)	1	:	0.000000	0.000000	0.000002	0.509183	0.490815	0.000000	0.000000
96	tsk_96	(x)	1	:	0.534579	0.000000	0.000000	0.000000	0.465421	0.000000	0.000000
97	tsk_97	(x)	1	:	0.512401	0.000000	0.000000	0.000000	0.487589	0.000000	0.000010
98	tsk_98	(x)	1	:	0.000000	0.000000	0.463060	0.042884	0.494056	0.000000	0.000000
99	tsk_99	(x)	1	:	0.000000	0.000000	0.997078	0.002922	0.000000	0.000000	0.000000
100	tsk_100	(x)	1	:	0.000000	0.000000	0.000003	0.539932	0.000000	0.000000	0.460065
101	tsk_101	(x)	1	:	0.357030	0.000000	0.000006	0.538955	0.000000	0.000000	0.104009
102	tsk_102	(x)	1	:	0.000000	0.000000	0.000008	0.999992	0.000000	0.000000	0.000000
103	tsk_103	(x)	1	:	0.000000	0.000000	0.000009	0.498242	0.000000	0.501749	0.000000
104	tsk_104	(x)	1	:	0.514013	0.000000	0.000002	0.485982	0.000000	0.000000	0.000003
105	tsk_105	(x)	1	:	0.000000	0.000000	0.000005	0.498246	0.000000	0.501750	0.000000
106	tsk_106	(x)	1	:	0.514014	0.000000	0.000002	0.485982	0.000000	0.000000	0.000002
107	tsk_107	(x)	1	:	0.504112	0.000000	0.000025	0.495855	0.000000	0.000000	0.000008
108	tsk_108	(x)	1	:	0.514014	0.000000	0.000001	0.485982	0.000000	0.000000	0.000003
109	tsk_109	(x)	1	:	0.000000	0.000000	0.000000	0.533930	0.466070	0.000000	0.000000
110	tsk_110	(x)	1	:	0.000000	0.475379	0.000000	0.019302	0.000000	0.505318	0.000000
111	tsk_111	(x)	1	:	0.000000	0.000000	0.000000	0.012768	0.490315	0.496916	0.000000
112	tsk_112	(x)	1	:	0.000000	0.000000	0.000008	0.539926	0.000000	0.000000	0.460067
113	tsk_113	(x)	1	:	0.000000	0.000000	0.000000	0.000000	0.000000	0.000000	1.000000
114	tsk_114	(x)	1	:	0.000000	0.000000	0.000000	0.012861	0.490307	0.496832	0.000000
115	tsk_115	(x)	1	:	0.512401	0.000000	0.000000	0.000000	0.487589	0.000000	0.000010
116	tsk_116	(x)	1	:	0.000000	0.000000	0.000000	0.011909	0.490396	0.497695	0.000000
117	tsk_117	(x)	1	:	0.000000	0.000000	0.000000	0.038788	0.000000	0.501345	0.459866
118	tsk_118	(x)	1	:	0.000000	0.000000	0.000000	0.000000	0.499362	0.000000	0.500638
119	tsk_119	(x)	1	:	0.000000	0.000000	0.000001	0.323101	0.466041	0.000000	0.210857
120	tsk_120	(x)	1	:	0.512400	0.000000	0.000000	0.000000	0.487589	0.000000	0.000010
121	tsk_121	(x)	1	:	0.000000	0.000000	0.000001	0.509183	0.490815	0.000000	0.000000
122	tsk_122	(x)	1	:	0.999943	0.000000	0.000000	0.000000	0.000000	0.000000	0.000057
123	tsk_123	(x)	1	:	1.000000	0.000000	0.000000	0.000000	0.000000	0.000000	0.000000
124	tsk_124	(x)	1	:	0.000000	0.000000	0.502076	0.497924	0.000000	0.000000	0.000000
125	tsk_125	(x)	1	:	0.512399	0.000000	0.000000	0.000000	0.487589	0.000000	0.000012
126	tsk_126	(x)	1	:	0.515430	0.000000	0.000011	0.484554	0.000000	0.000000	0.000006
127	tsk_127	(x)	1	:	0.000000	0.000000	0.508704	0.000086	0.491210	0.000000	0.000000
128	tsk_128	(x)	1	:	0.355625	0.000000	0.529017	0.001058	0.000000	0.000000	0.114300
129	tsk_129	(x)	1	:	1.000000	0.000000	0.000000	0.000000	0.000000	0.000000	0.000000
130	tsk_130	(x)	1	:	0.515428	0.000000	0.000014	0.484554	0.000000	0.000000	0.000004
131	tsk_131	(x)	1	:	0.000000	0.000000	0.000010	0.498241	0.000000	0.501748	0.000000
132	tsk_132	(x)	1	:	0.000000	0.526805	0.000014	0.473181	0.000000	0.000000	0.000000
133	tsk_133	(x)	1	:	0.000000	0.000000	0.000012	0.999988	0.000000	0.000000	0.000000
134	tsk_134	(x)	1	:	0.515428	0.000000	0.000013	0.484554	0.000000	0.000000	0.000005
135	tsk_135	(x)	1	:	0.000000	0.000000	0.000002	0.509183	0.490815	0.000000	0.000000
136	tsk_136	(x)	1	:	0.000000	0.000000	0.000003	0.509182	0.490815	0.000000	0.000000
137	tsk_137	(x)	1	:	0.000000	0.085280	0.000014	0.412985	0.000000	0.501722	0.000000
138	tsk_138	(x)	1	:	0.000000	0.000000	0.000014	0.999986	0.000000	0.000000	0.000000
139	tsk_139	(x)	1	:	0.000000	0.000000	0.000001	0.509184	0.490815	0.000000	0.000000
140	tsk_140	(x)	1	:	0.000000	0.000000	0.000001	0.509184	0.490815	0.000000	0.000000
141	tsk_141	(x)	1	:	0.000000	0.000000	0.000002	0.410847	0.589151	0.000000	0.000000
142	tsk_142	(x)	1	:	0.000000	0.000000	0.000002	0.509183	0.490815	0.000000	0.000000
143	tsk_143	(x)	1	:	0.000000	0.000000	0.000001	0.509184	0.490815	0.000000	0.000000
144	tsk_144	(x)	1	:	0.000000	0.000000	0.000016	0.539912	0.000000	0.000000	0.460071
145	tsk_145	(x)	1	:	0.504115	0.000000	0.000022	0.495855	0.000000	0.000000	0.000008
146	tsk_146	(x)	1	:	0.512399	0.000000	0.000000	0.000000	0.487589	0.000000	0.000011
147	tsk_147	(x)	1	:	0.512398	0.000000	0.000000	0.000000	0.487589	0.000000	0.000013
148	tsk_148	(x)	1	:	0.000000	0.000000	0.000000	0.000000	1.000000	0.000000	0.000000
149	tsk_149	(x)	1	:	0.509200	0.000000	0.000000	0.000000	0.490777	0.000000	0.000022
