logL = -1109.007124 (converged)
AIC = 7888.014247
BIC = 16423.165306

count.K
21 14 1 10 9 13 7 3 2 1 18 9 21 13 8 

