logL = -1079.487685 (converged)
AIC = 3758.975370
BIC = 6167.483606

count.K
29 4 15 83 19 

