logL = -828.867259 (converged)
AIC = 5821.734519
BIC = 12089.877201

count.K
14 2 7 4 12 5 30 13 4 24 17 18 

