logL = -2115.933650 (converged)
AIC = 8287.867301
BIC = 14393.435677

count.K
8 20 10 39 4 3 34 6 13 7 6 

