logL = -3609.516209 (converged)
AIC = 13999.032419
BIC = 24205.086066

count.K
6 4 6 3 26 6 2 6 2 0 27 13 19 7 23 

