logL = -1002.487322 (converged)
AIC = 5178.974644
BIC = 9956.852856

count.K
5 19 19 34 4 3 24 37 5 

