logL = -1330.875724 (converged)
AIC = 4271.751448
BIC = 6695.312860

count.K
31 52 28 31 8 

