logL = -852.590511 (converged)
AIC = 3195.181022
BIC = 5438.104316

count.K
14 24 55 35 22 

