logL = -1092.866695 (converged)
AIC = 3765.733389
BIC = 6144.135272

count.K
45 7 38 35 25 

