logL = -552.024625 (converged)
AIC = 3540.049249
BIC = 7207.003038

count.K
7 19 72 36 1 1 1 13 

