logL = -1208.766612 (converged)
AIC = 4791.533225
BIC = 8365.157319

count.K
10 2 32 31 29 12 34 

