logL = -1214.208523 (converged)
AIC = 7094.417045
BIC = 14118.229186

count.K
4 53 7 8 8 2 22 19 9 7 8 3 0 

