logL = -782.931004 (converged)
AIC = 5537.862007
BIC = 11516.983701

count.K
0 2 5 18 22 18 2 7 10 57 8 1 

