logL = -1832.713589 (converged)
AIC = 4475.427178
BIC = 5694.734472

count.K
48 52 50 

