logL = -1293.648913 (converged)
AIC = 5599.297827
BIC = 10133.314580

count.K
7 21 3 11 5 18 10 1 74 

