logL = -1038.441339 (converged)
AIC = 7348.882678
BIC = 15284.917314

count.K
11 10 11 22 15 12 11 12 13 21 4 1 6 1 

