logL = -786.225059 (converged)
AIC = 6852.450118
BIC = 14800.527294

count.K
10 2 28 3 5 8 1 5 0 19 17 11 4 27 10 

