logL = -1818.532530 (converged)
AIC = 7045.065060
BIC = 12175.187601

count.K
1 15 11 12 13 20 37 28 13 

