0	tsk_0	(x)	1	:	0.498391	0.000000	0.297778	0.000000	0.000000	0.000000	0.000000	0.000000	0.000000	0.000000	0.000000	0.099679	0.104151	0.000000
1	tsk_1	(x)	1	:	0.000000	0.000000	0.000000	0.000000	0.000000	0.000000	0.000000	0.000000	0.000000	0.000000	1.000000	0.000000	0.000000	0.000000
2	tsk_2	(x)	1	:	0.508218	0.000000	0.000000	0.000000	0.000000	0.000000	0.000000	0.000000	0.000000	0.000000	0.491782	0.000000	0.000000	0.000000
3	tsk_3	(x)	1	:	0.000000	0.000000	0.144988	0.000000	0.000000	0.000000	0.000000	0.000000	0.000000	0.000000	0.493600	0.094367	0.267045	0.000000
4	tsk_4	(x)	1	:	0.000000	0.000000	0.000000	0.000000	0.000000	0.000000	0.487993	0.000000	0.000000	0.000000	0.512007	0.000000	0.000000	0.000000
5	tsk_5	(x)	1	:	0.000000	0.000000	0.081080	0.000000	0.000000	0.000000	0.000000	0.000000	0.000000	0.000000	0.493603	0.012673	0.412645	0.000000
6	tsk_6	(x)	1	:	0.000000	0.000000	0.189958	0.000000	0.000000	0.000000	0.500000	0.000000	0.000000	0.000000	0.000000	0.301439	0.008603	0.000000
7	tsk_7	(x)	1	:	0.000000	0.000000	0.000000	0.000000	0.000000	0.000000	0.000000	0.000000	0.000000	0.000000	1.000000	0.000000	0.000000	0.000000
8	tsk_8	(x)	1	:	0.000000	0.000000	0.000000	0.000000	0.000000	0.000000	0.000000	0.000000	0.000000	0.000000	1.000000	0.000000	0.000000	0.000000
9	tsk_9	(x)	1	:	0.000000	0.000000	0.000000	0.000000	0.000000	0.000000	0.000000	0.000000	0.000000	0.000000	1.000000	0.000000	0.000000	0.000000
10	tsk_10	(x)	1	:	0.000000	0.000000	0.312550	0.000000	0.000000	0.000000	0.000000	0.000000	0.000000	0.000000	0.481256	0.054388	0.151805	0.000000
11	tsk_11	(x)	1	:	0.000000	0.000000	0.000000	0.000000	0.000000	0.000000	0.000000	0.000000	0.538458	0.000000	0.461541	0.000000	0.000000	0.000000
12	tsk_12	(x)	1	:	0.000000	0.499948	0.147155	0.000000	0.000000	0.000000	0.000000	0.000000	0.000000	0.000000	0.000000	0.193163	0.159734	0.000000
13	tsk_13	(x)	1	:	0.000000	0.000000	0.154093	0.000000	0.000000	0.000000	0.000000	0.000000	0.504572	0.000000	0.000000	0.249655	0.091679	0.000000
14	tsk_14	(x)	1	:	0.000000	0.000000	0.093735	0.000000	0.000000	0.000000	0.000000	0.000000	0.504573	0.000000	0.000000	0.283244	0.118448	0.000000
15	tsk_15	(x)	1	:	0.000000	0.000000	0.075011	0.000000	0.000000	0.000000	0.000000	0.499998	0.000000	0.000000	0.000000	0.074281	0.350710	0.000000
16	tsk_16	(x)	1	:	0.000000	0.000000	0.084837	0.000000	0.000000	0.000000	0.000000	0.000000	0.000000	0.000000	0.000000	0.640660	0.274503	0.000000
17	tsk_17	(x)	1	:	0.000000	0.000000	0.064591	0.000000	0.000000	0.000000	0.000000	0.499998	0.000000	0.000000	0.000000	0.110299	0.325112	0.000000
18	tsk_18	(x)	1	:	0.000000	0.000000	0.071002	0.000000	0.000000	0.000000	0.000000	0.000000	0.000000	0.000000	0.493604	0.146093	0.289301	0.000000
19	tsk_19	(x)	1	:	0.000000	0.000000	0.002710	0.490135	0.000000	0.000000	0.000000	0.499308	0.000000	0.000000	0.000000	0.002117	0.005730	0.000000
20	tsk_20	(x)	1	:	0.000000	0.000000	0.257193	0.000000	0.000000	0.000000	0.000000	0.000000	0.000000	0.000000	0.000000	0.350087	0.392721	0.000000
21	tsk_21	(x)	1	:	0.000000	0.000000	0.359861	0.000000	0.000000	0.000000	0.000000	0.000000	0.000000	0.000000	0.000000	0.363484	0.276655	0.000000
22	tsk_22	(x)	1	:	0.498230	0.501769	0.000000	0.000000	0.000000	0.000000	0.000000	0.000000	0.000000	0.000000	0.000000	0.000000	0.000000	0.000000
23	tsk_23	(x)	1	:	0.000000	0.000000	0.186371	0.000000	0.000000	0.510788	0.000000	0.000000	0.000000	0.000000	0.000000	0.302841	0.000000	0.000000
24	tsk_24	(x)	1	:	0.000000	0.000000	0.312412	0.000000	0.000000	0.000000	0.000000	0.000000	0.000000	0.000000	0.000000	0.276998	0.410590	0.000000
25	tsk_25	(x)	1	:	0.000000	0.000000	0.366144	0.000000	0.000000	0.000000	0.000000	0.000000	0.000000	0.000000	0.000000	0.272637	0.361219	0.000000
26	tsk_26	(x)	1	:	0.000000	0.000000	0.164480	0.500103	0.000000	0.000000	0.000000	0.000000	0.000000	0.000000	0.000000	0.208621	0.126795	0.000000
27	tsk_27	(x)	1	:	0.000000	0.000000	0.201388	0.000000	0.000000	0.000000	0.000000	0.000000	0.000000	0.000000	0.000000	0.550752	0.247860	0.000000
28	tsk_28	(x)	1	:	0.000000	0.000000	0.188821	0.000000	0.000000	0.000000	0.000000	0.000000	0.000000	0.000000	0.000000	0.386679	0.424500	0.000000
29	tsk_29	(x)	1	:	0.000000	0.499952	0.156382	0.000000	0.000000	0.000000	0.000000	0.000000	0.000000	0.000000	0.000000	0.071593	0.272073	0.000000
30	tsk_30	(x)	1	:	0.474613	0.000000	0.000000	0.000000	0.000000	0.000000	0.000000	0.000000	0.000000	0.000000	0.525387	0.000000	0.000000	0.000000
31	tsk_31	(x)	1	:	0.498391	0.000000	0.243536	0.000000	0.000000	0.000000	0.000000	0.000000	0.000000	0.000000	0.000000	0.201624	0.056450	0.000000
32	tsk_32	(x)	1	:	0.000000	0.000000	0.324884	0.000000	0.000000	0.000000	0.000000	0.000000	0.000000	0.000000	0.000000	0.405019	0.270097	0.000000
33	tsk_33	(x)	1	:	0.498391	0.000000	0.189358	0.000000	0.000000	0.000000	0.000000	0.000000	0.000000	0.000000	0.000000	0.240967	0.071283	0.000000
34	tsk_34	(x)	1	:	0.505020	0.000000	0.000000	0.000000	0.000000	0.000000	0.000000	0.000000	0.000000	0.000000	0.494980	0.000000	0.000000	0.000000
35	tsk_35	(x)	1	:	0.000000	0.000000	0.001427	0.000000	0.000000	0.000000	0.500670	0.000000	0.000000	0.000000	0.000000	0.003816	0.000539	0.493548
36	tsk_36	(x)	1	:	0.474613	0.000000	0.000000	0.000000	0.000000	0.000000	0.000000	0.000000	0.000000	0.000000	0.525387	0.000000	0.000000	0.000000
37	tsk_37	(x)	1	:	0.498736	0.000000	0.000000	0.000000	0.000000	0.000000	0.501264	0.000000	0.000000	0.000000	0.000000	0.000000	0.000000	0.000000
38	tsk_38	(x)	1	:	0.000000	0.000000	0.000206	0.000000	0.000000	0.000000	0.000000	0.000000	0.000000	0.000000	0.507069	0.000200	0.000546	0.491979
39	tsk_39	(x)	1	:	0.498736	0.000000	0.000000	0.000000	0.000000	0.000000	0.501264	0.000000	0.000000	0.000000	0.000000	0.000000	0.000000	0.000000
40	tsk_40	(x)	1	:	0.000000	0.000000	0.123406	0.000000	0.000000	0.000000	0.000000	0.000000	0.476230	0.000000	0.000000	0.254002	0.146362	0.000000
41	tsk_41	(x)	1	:	0.000000	0.000000	0.099283	0.500081	0.000000	0.000000	0.000000	0.000000	0.000000	0.000000	0.000000	0.246322	0.154315	0.000000
42	tsk_42	(x)	1	:	0.000000	0.000000	0.090266	0.000000	0.000000	0.000000	0.000000	0.000000	0.000000	0.000000	0.000000	0.428838	0.480896	0.000000
43	tsk_43	(x)	1	:	0.000000	0.000000	0.000000	0.000000	0.000000	0.000000	0.000000	0.000000	0.517260	0.000000	0.482740	0.000000	0.000000	0.000000
44	tsk_44	(x)	1	:	0.000000	0.000000	0.140837	0.000000	0.000000	0.000000	0.000000	0.000000	0.000000	0.000000	0.000000	0.496214	0.362949	0.000000
45	tsk_45	(x)	1	:	0.000000	0.499958	0.074676	0.000000	0.000000	0.000000	0.000000	0.000000	0.000000	0.000000	0.000000	0.266901	0.158464	0.000000
46	tsk_46	(x)	1	:	0.000000	0.000000	0.124715	0.000000	0.000000	0.000000	0.000000	0.000000	0.000000	0.000000	0.000000	0.529860	0.345424	0.000000
47	tsk_47	(x)	1	:	0.000000	0.000000	0.206062	0.000000	0.000000	0.000000	0.000000	0.000000	0.476231	0.000000	0.000000	0.214869	0.102838	0.000000
48	tsk_48	(x)	1	:	0.000000	0.000000	0.122180	0.000000	0.000000	0.000000	0.000000	0.000000	0.000000	0.000000	0.514485	0.112085	0.251250	0.000000
49	tsk_49	(x)	1	:	0.000000	0.000000	0.148311	0.000000	0.000000	0.000000	0.000000	0.000000	0.000000	0.000000	0.000000	0.477981	0.373709	0.000000
50	tsk_50	(x)	1	:	0.498736	0.000000	0.000000	0.000000	0.000000	0.000000	0.501264	0.000000	0.000000	0.000000	0.000000	0.000000	0.000000	0.000000
51	tsk_51	(x)	1	:	1.000000	0.000000	0.000000	0.000000	0.000000	0.000000	0.000000	0.000000	0.000000	0.000000	0.000000	0.000000	0.000000	0.000000
52	tsk_52	(x)	1	:	0.000000	0.000000	0.234663	0.000000	0.000000	0.000000	0.000000	0.000000	0.000000	0.000000	0.000000	0.459741	0.305596	0.000000
53	tsk_53	(x)	1	:	1.000000	0.000000	0.000000	0.000000	0.000000	0.000000	0.000000	0.000000	0.000000	0.000000	0.000000	0.000000	0.000000	0.000000
54	tsk_54	(x)	1	:	0.498736	0.000000	0.000000	0.000000	0.000000	0.000000	0.501264	0.000000	0.000000	0.000000	0.000000	0.000000	0.000000	0.000000
55	tsk_55	(x)	1	:	0.498391	0.000000	0.185831	0.000000	0.000000	0.000000	0.000000	0.000000	0.000000	0.000000	0.000000	0.239428	0.076351	0.000000
56	tsk_56	(x)	1	:	0.498736	0.000000	0.000000	0.000000	0.000000	0.000000	0.501264	0.000000	0.000000	0.000000	0.000000	0.000000	0.000000	0.000000
57	tsk_57	(x)	1	:	0.000000	0.000000	0.217936	0.000000	0.000000	0.497099	0.000000	0.000000	0.000000	0.000000	0.000000	0.200446	0.084519	0.000000
58	tsk_58	(x)	1	:	1.000000	0.000000	0.000000	0.000000	0.000000	0.000000	0.000000	0.000000	0.000000	0.000000	0.000000	0.000000	0.000000	0.000000
59	tsk_59	(x)	1	:	0.498736	0.000000	0.000000	0.000000	0.000000	0.000000	0.501264	0.000000	0.000000	0.000000	0.000000	0.000000	0.000000	0.000000
60	tsk_60	(x)	1	:	0.498391	0.000000	0.282041	0.000000	0.000000	0.000000	0.000000	0.000000	0.000000	0.000000	0.000000	0.201733	0.017834	0.000000
61	tsk_61	(x)	1	:	0.000000	0.000000	0.317772	0.000000	0.000000	0.000000	0.500000	0.000000	0.000000	0.000000	0.000000	0.099940	0.082288	0.000000
62	tsk_62	(x)	1	:	0.000000	0.000000	0.022650	0.000000	0.000000	0.000000	0.000000	0.000000	0.000000	0.000000	0.000000	0.600891	0.376459	0.000000
63	tsk_63	(x)	1	:	0.498736	0.000000	0.000000	0.000000	0.000000	0.000000	0.501264	0.000000	0.000000	0.000000	0.000000	0.000000	0.000000	0.000000
64	tsk_64	(x)	1	:	0.498391	0.000000	0.195144	0.000000	0.000000	0.000000	0.000000	0.000000	0.000000	0.000000	0.000000	0.211434	0.095032	0.000000
65	tsk_65	(x)	1	:	0.000000	0.000000	0.226989	0.000000	0.000000	0.000000	0.500000	0.000000	0.000000	0.000000	0.000000	0.248061	0.024951	0.000000
66	tsk_66	(x)	1	:	0.000000	0.500000	0.000000	0.000000	0.000000	0.000000	0.500000	0.000000	0.000000	0.000000	0.000000	0.000000	0.000000	0.000000
67	tsk_67	(x)	1	:	0.000000	0.499967	0.118176	0.000000	0.000000	0.000000	0.000000	0.000000	0.000000	0.000000	0.000000	0.177601	0.204256	0.000000
68	tsk_68	(x)	1	:	0.000000	0.000000	0.000000	0.000000	0.000000	0.000000	1.000000	0.000000	0.000000	0.000000	0.000000	0.000000	0.000000	0.000000
69	tsk_69	(x)	1	:	0.000000	0.499972	0.071194	0.000000	0.000000	0.000000	0.000000	0.000000	0.000000	0.000000	0.000000	0.321148	0.107686	0.000000
70	tsk_70	(x)	1	:	0.000000	0.000000	0.183681	0.000000	0.000000	0.000000	0.000000	0.000000	0.000000	0.000000	0.000000	0.501954	0.314365	0.000000
71	tsk_71	(x)	1	:	0.000021	0.000000	0.000000	0.000000	0.000000	0.000000	0.000000	0.529628	0.470352	0.000000	0.000000	0.000000	0.000000	0.000000
72	tsk_72	(x)	1	:	0.000017	0.000000	0.000000	0.000000	0.000000	0.000000	0.000000	0.529628	0.470356	0.000000	0.000000	0.000000	0.000000	0.000000
73	tsk_73	(x)	1	:	0.000000	0.000000	0.313559	0.000000	0.000000	0.000000	0.000000	0.000000	0.476231	0.000000	0.000000	0.119273	0.090937	0.000000
74	tsk_74	(x)	1	:	0.000000	0.000000	0.109212	0.000000	0.000000	0.000000	0.000000	0.499997	0.000000	0.000000	0.000000	0.076671	0.314120	0.000000
75	tsk_75	(x)	1	:	0.000000	0.000000	0.185408	0.000000	0.000000	0.000000	0.000000	0.000000	0.000000	0.000000	0.000000	0.407473	0.407119	0.000000
76	tsk_76	(x)	1	:	0.000021	0.000000	0.000000	0.000000	0.000000	0.000000	0.000000	0.529628	0.470351	0.000000	0.000000	0.000000	0.000000	0.000000
77	tsk_77	(x)	1	:	0.000000	0.000000	0.114867	0.000000	0.000000	0.000000	0.000000	0.000000	0.000000	0.000000	0.000000	0.574781	0.310352	0.000000
78	tsk_78	(x)	1	:	0.000040	0.000000	0.000000	0.000000	0.000000	0.000000	0.000000	0.529628	0.470332	0.000000	0.000000	0.000000	0.000000	0.000000
79	tsk_79	(x)	1	:	0.000000	0.000000	0.277712	0.000000	0.000000	0.000000	0.500000	0.000000	0.000000	0.000000	0.000000	0.167612	0.054676	0.000000
80	tsk_80	(x)	1	:	0.000000	0.000000	0.229936	0.000000	0.000000	0.000000	0.000000	0.000000	0.476231	0.000000	0.000000	0.185952	0.107881	0.000000
81	tsk_81	(x)	1	:	0.000000	0.499955	0.107350	0.000000	0.000000	0.000000	0.000000	0.000000	0.000000	0.000000	0.000000	0.221125	0.171569	0.000000
82	tsk_82	(x)	1	:	0.000000	1.000000	0.000000	0.000000	0.000000	0.000000	0.000000	0.000000	0.000000	0.000000	0.000000	0.000000	0.000000	0.000000
83	tsk_83	(x)	1	:	0.000000	0.499407	0.000000	0.000000	0.500593	0.000000	0.000000	0.000000	0.000000	0.000000	0.000000	0.000000	0.000000	0.000000
84	tsk_84	(x)	1	:	0.000000	0.000000	0.058855	0.000000	0.000000	0.000000	0.000000	0.000000	0.000000	0.000000	0.493598	0.207082	0.240465	0.000000
85	tsk_85	(x)	1	:	0.000000	1.000000	0.000000	0.000000	0.000000	0.000000	0.000000	0.000000	0.000000	0.000000	0.000000	0.000000	0.000000	0.000000
86	tsk_86	(x)	1	:	0.000000	0.589070	0.000000	0.000000	0.000000	0.000000	0.000000	0.000000	0.000000	0.000000	0.410930	0.000000	0.000000	0.000000
87	tsk_87	(x)	1	:	0.000000	0.000000	0.340041	0.000000	0.000000	0.000000	0.000000	0.000000	0.000000	0.000000	0.481257	0.067719	0.110984	0.000000
88	tsk_88	(x)	1	:	0.000000	0.500000	0.000000	0.000000	0.000000	0.000000	0.500000	0.000000	0.000000	0.000000	0.000000	0.000000	0.000000	0.000000
89	tsk_89	(x)	1	:	0.000000	0.499958	0.092466	0.000000	0.000000	0.000000	0.000000	0.000000	0.000000	0.000000	0.000000	0.225916	0.181660	0.000000
90	tsk_90	(x)	1	:	0.000000	0.000000	0.099177	0.500072	0.000000	0.000000	0.000000	0.000000	0.000000	0.000000	0.000000	0.283997	0.116754	0.000000
91	tsk_91	(x)	1	:	0.000000	0.000000	0.337946	0.000000	0.000000	0.000000	0.000000	0.000000	0.000000	0.000000	0.000000	0.335812	0.326242	0.000000
92	tsk_92	(x)	1	:	0.000000	0.000000	0.177462	0.000000	0.000000	0.000000	0.000000	0.000000	0.000000	0.000000	0.000000	0.644942	0.177595	0.000000
93	tsk_93	(x)	1	:	0.000000	0.000000	0.005744	0.493394	0.000000	0.000000	0.000000	0.000000	0.000000	0.000000	0.493103	0.006130	0.001629	0.000000
94	tsk_94	(x)	1	:	0.000000	0.000000	0.196958	0.000000	0.000000	0.000000	0.000000	0.000000	0.000000	0.000000	0.000000	0.612870	0.190172	0.000000
95	tsk_95	(x)	1	:	0.498391	0.000000	0.208495	0.000000	0.000000	0.000000	0.000000	0.000000	0.000000	0.000000	0.000000	0.179036	0.114078	0.000000
96	tsk_96	(x)	1	:	0.000000	0.000000	0.071776	0.000000	0.000000	0.000000	0.000000	0.499998	0.000000	0.000000	0.000000	0.057194	0.371032	0.000000
97	tsk_97	(x)	1	:	0.000000	0.000000	0.099995	0.000000	0.000000	0.000000	0.000000	0.000000	0.000000	0.000000	0.000000	0.707487	0.192518	0.000000
98	tsk_98	(x)	1	:	0.498006	0.000000	0.003300	0.495714	0.000000	0.000000	0.000000	0.000000	0.000000	0.000000	0.000000	0.002457	0.000524	0.000000
99	tsk_99	(x)	1	:	0.000000	0.000000	0.001696	0.483433	0.000000	0.000000	0.000000	0.000000	0.000000	0.000000	0.513247	0.000459	0.001165	0.000000
100	tsk_100	(x)	1	:	0.000000	0.000000	0.107287	0.000000	0.000000	0.000000	0.000000	0.499997	0.000000	0.000000	0.000000	0.195296	0.197420	0.000000
101	tsk_101	(x)	1	:	0.000000	0.000000	0.000000	0.000000	0.000000	0.000000	0.500000	0.500000	0.000000	0.000000	0.000000	0.000000	0.000000	0.000000
102	tsk_102	(x)	1	:	0.000000	0.000000	0.000000	0.000000	0.000000	0.000000	0.000000	1.000000	0.000000	0.000000	0.000000	0.000000	0.000000	0.000000
103	tsk_103	(x)	1	:	0.000000	0.000000	0.162954	0.000000	0.000000	0.000000	0.000000	0.000000	0.000000	0.000000	0.000000	0.535671	0.301375	0.000000
104	tsk_104	(x)	1	:	0.000000	0.000000	0.002156	0.489634	0.000000	0.000000	0.000000	0.499274	0.000000	0.000000	0.000000	0.001370	0.007566	0.000000
105	tsk_105	(x)	1	:	0.000000	0.000000	0.000000	0.000000	0.000000	0.000000	0.000000	0.528955	0.000000	0.000000	0.471045	0.000000	0.000000	0.000000
106	tsk_106	(x)	1	:	0.000000	0.000000	0.000000	0.000000	0.000000	0.000000	0.000000	1.000000	0.000000	0.000000	0.000000	0.000000	0.000000	0.000000
107	tsk_107	(x)	1	:	0.000000	0.000000	0.087302	0.000000	0.000000	0.000000	0.000000	0.499998	0.000000	0.000000	0.000000	0.070728	0.341973	0.000000
108	tsk_108	(x)	1	:	0.000000	0.000000	0.085420	0.000000	0.000000	0.000000	0.000000	0.499999	0.000000	0.000000	0.000000	0.046798	0.367783	0.000000
109	tsk_109	(x)	1	:	0.000000	0.000000	0.002822	0.489962	0.000000	0.000000	0.000000	0.499296	0.000000	0.000000	0.000000	0.001877	0.006042	0.000000
110	tsk_110	(x)	1	:	0.000000	0.000000	0.305130	0.000000	0.000000	0.000000	0.000000	0.000000	0.000000	0.000000	0.000000	0.417975	0.276895	0.000000
111	tsk_111	(x)	1	:	0.000000	0.000000	0.090493	0.000000	0.000000	0.000000	0.000000	0.000000	0.000000	0.000000	0.000000	0.390793	0.518713	0.000000
112	tsk_112	(x)	1	:	0.000000	0.000000	0.080141	0.000000	0.000000	0.000000	0.000000	0.000000	0.000000	0.000000	0.493603	0.120008	0.306248	0.000000
113	tsk_113	(x)	1	:	0.000000	0.000000	0.231698	0.000000	0.000000	0.000000	0.000000	0.000000	0.000000	0.000000	0.000000	0.415777	0.352525	0.000000
114	tsk_114	(x)	1	:	0.000000	0.000000	0.194271	0.000000	0.000000	0.000000	0.000000	0.000000	0.000000	0.000000	0.000000	0.540009	0.265721	0.000000
115	tsk_115	(x)	1	:	0.000000	0.000000	0.049463	0.000000	0.000000	0.000000	0.000000	0.000000	0.000000	0.000000	0.493599	0.122666	0.334272	0.000000
116	tsk_116	(x)	1	:	0.000000	0.000000	0.024389	0.000000	0.000000	0.000000	0.501400	0.000000	0.000000	0.000000	0.000000	0.020253	0.006652	0.447307
117	tsk_117	(x)	1	:	0.000000	0.000000	0.131320	0.500107	0.000000	0.000000	0.000000	0.000000	0.000000	0.000000	0.000000	0.256330	0.112243	0.000000
118	tsk_118	(x)	1	:	0.000000	0.000000	0.072999	0.500107	0.000000	0.000000	0.000000	0.000000	0.000000	0.000000	0.000000	0.325929	0.100965	0.000000
119	tsk_119	(x)	1	:	0.000000	0.000000	0.098895	0.000000	0.000000	0.000000	0.000000	0.000000	0.000000	0.000000	0.000000	0.628986	0.272118	0.000000
120	tsk_120	(x)	1	:	0.000000	0.000000	0.000000	0.000000	0.000000	0.000000	0.000000	0.000211	0.000000	0.000000	0.999789	0.000000	0.000000	0.000000
121	tsk_121	(x)	1	:	0.000000	0.000000	0.170351	0.000000	0.000000	0.000000	0.500000	0.000000	0.000000	0.000000	0.000000	0.265131	0.064518	0.000000
122	tsk_122	(x)	1	:	0.000000	0.000000	0.177250	0.000000	0.000000	0.000000	0.500000	0.000000	0.000000	0.000000	0.000000	0.307191	0.015559	0.000000
123	tsk_123	(x)	1	:	0.000000	0.000000	0.000000	0.000000	0.000000	0.501030	0.000419	0.000000	0.000000	0.000000	0.498550	0.000000	0.000000	0.000000
124	tsk_124	(x)	1	:	0.000000	0.000000	0.000000	0.000000	0.000000	0.000000	1.000000	0.000000	0.000000	0.000000	0.000000	0.000000	0.000000	0.000000
125	tsk_125	(x)	1	:	0.000000	0.000000	0.000000	0.000000	0.000000	0.446450	0.553550	0.000000	0.000000	0.000000	0.000000	0.000000	0.000000	0.000000
126	tsk_126	(x)	1	:	0.000000	0.000000	0.000000	0.000000	0.000000	0.000000	0.000000	0.000000	0.538458	0.000000	0.461541	0.000000	0.000000	0.000000
127	tsk_127	(x)	1	:	0.000000	0.000000	0.224775	0.000000	0.000000	0.000000	0.000000	0.000000	0.504573	0.000000	0.000000	0.155041	0.115611	0.000000
128	tsk_128	(x)	1	:	0.000000	0.000000	0.000000	0.000000	0.000000	0.000000	0.000000	0.000000	0.513430	0.000000	0.486570	0.000000	0.000000	0.000000
129	tsk_129	(x)	1	:	0.000000	0.000000	0.000000	0.000000	0.000000	0.446745	0.553255	0.000000	0.000000	0.000000	0.000000	0.000000	0.000000	0.000000
130	tsk_130	(x)	1	:	0.000000	0.000000	0.212564	0.000000	0.000000	0.000000	0.000000	0.000000	0.530534	0.000000	0.000000	0.155564	0.101338	0.000000
131	tsk_131	(x)	1	:	0.000000	0.000000	0.038801	0.000000	0.000000	0.000000	0.000000	0.000000	0.000000	0.884459	0.000000	0.054487	0.022253	0.000000
132	tsk_132	(x)	1	:	0.000000	0.000000	0.216719	0.000000	0.000000	0.000000	0.000000	0.000000	0.530534	0.000000	0.000000	0.184776	0.067971	0.000000
133	tsk_133	(x)	1	:	0.000000	0.000000	0.064810	0.000000	0.000000	0.000000	0.000000	0.000000	0.000000	0.885063	0.000000	0.035475	0.014651	0.000000
134	tsk_134	(x)	1	:	0.000000	0.000000	0.264376	0.000000	0.000000	0.000000	0.000000	0.000000	0.530534	0.000000	0.000000	0.136051	0.069039	0.000000
135	tsk_135	(x)	1	:	0.000000	0.000000	0.286756	0.000000	0.000000	0.000000	0.000000	0.000000	0.000000	0.000000	0.000000	0.333088	0.380155	0.000000
136	tsk_136	(x)	1	:	0.000000	0.000000	0.115752	0.000000	0.000000	0.000000	0.000000	0.007474	0.000000	0.000000	0.451857	0.119233	0.305684	0.000000
137	tsk_137	(x)	1	:	0.000000	0.000000	0.177418	0.000000	0.000000	0.000000	0.000000	0.000000	0.530534	0.000000	0.000000	0.175870	0.116179	0.000000
138	tsk_138	(x)	1	:	0.000000	0.000000	0.081880	0.000000	0.000000	0.000000	0.000000	0.007652	0.000000	0.000000	0.451692	0.162574	0.296203	0.000000
139	tsk_139	(x)	1	:	0.000000	0.000000	0.042124	0.000000	0.000000	0.000000	0.000000	0.000000	0.000000	0.884983	0.000000	0.072202	0.000691	0.000000
140	tsk_140	(x)	1	:	1.000000	0.000000	0.000000	0.000000	0.000000	0.000000	0.000000	0.000000	0.000000	0.000000	0.000000	0.000000	0.000000	0.000000
141	tsk_141	(x)	1	:	0.000000	0.000000	0.088553	0.000000	0.000000	0.000000	0.000000	0.000000	0.000000	0.000000	0.000000	0.299026	0.195113	0.417308
142	tsk_142	(x)	1	:	0.498804	0.000000	0.008134	0.000000	0.000000	0.000000	0.000000	0.000000	0.000000	0.000000	0.000000	0.009586	0.001348	0.482129
143	tsk_143	(x)	1	:	0.000000	0.000000	0.287926	0.000000	0.000000	0.000000	0.000000	0.000000	0.000000	0.000000	0.481256	0.085785	0.145033	0.000000
144	tsk_144	(x)	1	:	0.000000	0.000000	0.139339	0.500035	0.000000	0.000000	0.000000	0.000000	0.000000	0.000000	0.000000	0.264239	0.096388	0.000000
145	tsk_145	(x)	1	:	0.000000	0.000000	0.040434	0.000000	0.000000	0.000000	0.000000	0.000000	0.000000	0.884520	0.000000	0.075046	0.000000	0.000000
146	tsk_146	(x)	1	:	0.000000	0.000000	0.165507	0.500058	0.000000	0.000000	0.000000	0.000000	0.000000	0.000000	0.000000	0.200845	0.133589	0.000000
147	tsk_147	(x)	1	:	0.000000	0.000000	0.069211	0.000000	0.000000	0.000000	0.000000	0.000000	0.000000	0.000000	0.514708	0.146924	0.269158	0.000000
148	tsk_148	(x)	1	:	0.000000	0.000000	0.268306	0.000000	0.000000	0.000000	0.500000	0.000000	0.000000	0.000000	0.000000	0.142258	0.089436	0.000000
149	tsk_149	(x)	1	:	0.000000	0.000000	0.170229	0.000000	0.000000	0.000000	0.500000	0.000000	0.000000	0.000000	0.000000	0.283265	0.046506	0.000000
