0	tsk_0	(x)	1	:	0.000000	0.000000	0.000000	0.000000	0.000000	0.000000	0.000000	0.000000	1.000000	0.000000	0.000000	0.000000
1	tsk_1	(x)	1	:	0.000000	0.000000	0.000000	0.000000	0.011632	0.000000	0.000000	0.517256	0.000000	0.000000	0.471081	0.000031
2	tsk_2	(x)	1	:	0.000000	0.000000	0.000000	0.000000	0.000000	0.000000	0.000000	0.499995	0.500005	0.000000	0.000000	0.000000
3	tsk_3	(x)	1	:	0.000000	0.000000	0.000000	0.000000	0.000000	0.000000	0.000000	1.000000	0.000000	0.000000	0.000000	0.000000
4	tsk_4	(x)	1	:	0.499010	0.000000	0.000000	0.000000	0.000289	0.000000	0.000000	0.500701	0.000000	0.000000	0.000000	0.000000
5	tsk_5	(x)	1	:	0.000000	0.000000	0.000000	0.000000	0.482604	0.000000	0.000000	0.517396	0.000000	0.000000	0.000000	0.000000
6	tsk_6	(x)	1	:	0.000000	0.000000	0.000000	0.000000	0.006908	0.000000	0.000000	0.521714	0.000000	0.000000	0.471375	0.000002
7	tsk_7	(x)	1	:	0.000000	0.000000	0.000000	0.000000	0.000000	0.507176	0.000000	0.000000	0.492824	0.000000	0.000000	0.000000
8	tsk_8	(x)	1	:	0.000000	0.000000	0.000000	0.000000	0.009766	0.000000	0.000000	0.519017	0.000000	0.000000	0.471196	0.000020
9	tsk_9	(x)	1	:	0.000000	0.000000	0.000000	0.513442	0.000000	0.000000	0.000000	0.000000	0.486558	0.000000	0.000000	0.000000
10	tsk_10	(x)	1	:	0.000000	0.000000	0.000000	0.000000	0.000010	0.000000	0.000000	0.488510	0.000000	0.000000	0.511481	0.000000
11	tsk_11	(x)	1	:	0.000000	0.000000	0.000000	0.000000	0.000000	0.000000	1.000000	0.000000	0.000000	0.000000	0.000000	0.000000
12	tsk_12	(x)	1	:	0.000000	0.523433	0.000000	0.000000	0.000000	0.000000	0.476567	0.000000	0.000000	0.000000	0.000000	0.000000
13	tsk_13	(x)	1	:	0.000000	0.000000	0.000000	0.000000	0.000000	0.000000	0.000000	0.000000	0.503852	0.000000	0.496148	0.000000
14	tsk_14	(x)	1	:	0.000000	0.000000	0.000000	0.000000	0.000000	0.000000	0.497385	0.000000	0.502615	0.000000	0.000000	0.000000
15	tsk_15	(x)	1	:	0.000000	0.000000	0.000000	0.000000	0.000000	0.000000	1.000000	0.000000	0.000000	0.000000	0.000000	0.000000
16	tsk_16	(x)	1	:	0.000000	0.000000	0.000000	0.000000	0.000000	0.000000	0.499864	0.000000	0.000000	0.000000	0.500136	0.000000
17	tsk_17	(x)	1	:	0.000000	0.000000	0.000000	0.000000	0.000000	0.000000	1.000000	0.000000	0.000000	0.000000	0.000000	0.000000
18	tsk_18	(x)	1	:	0.000000	0.000000	0.000000	0.000000	0.000000	0.000000	0.499864	0.000000	0.000000	0.000000	0.500136	0.000000
19	tsk_19	(x)	1	:	0.000000	0.503518	0.000000	0.495610	0.000000	0.000000	0.000872	0.000000	0.000000	0.000000	0.000000	0.000000
20	tsk_20	(x)	1	:	0.000000	0.000000	0.000000	0.000000	0.000000	0.614857	0.385143	0.000000	0.000000	0.000000	0.000000	0.000000
21	tsk_21	(x)	1	:	0.000000	0.000000	0.000000	0.000000	0.000000	1.000000	0.000000	0.000000	0.000000	0.000000	0.000000	0.000000
22	tsk_22	(x)	1	:	0.000000	0.000000	0.000000	0.000000	0.000000	1.000000	0.000000	0.000000	0.000000	0.000000	0.000000	0.000000
23	tsk_23	(x)	1	:	0.000000	0.000001	0.000000	0.520654	0.000000	0.356006	0.123339	0.000000	0.000000	0.000000	0.000000	0.000000
24	tsk_24	(x)	1	:	0.000000	0.000000	0.000000	0.497036	0.000403	0.000000	0.000795	0.501766	0.000000	0.000000	0.000000	0.000000
25	tsk_25	(x)	1	:	0.000000	0.000004	0.000000	0.000000	0.063040	0.419900	0.000003	0.517052	0.000000	0.000000	0.000000	0.000000
26	tsk_26	(x)	1	:	0.000000	0.000000	0.000000	0.000000	0.000000	1.000000	0.000000	0.000000	0.000000	0.000000	0.000000	0.000000
27	tsk_27	(x)	1	:	0.000000	0.000001	0.000000	0.000000	0.063046	0.419903	0.000001	0.517048	0.000000	0.000000	0.000000	0.000000
28	tsk_28	(x)	1	:	0.000000	0.000003	0.000000	0.000000	0.063044	0.419900	0.000003	0.517050	0.000000	0.000000	0.000000	0.000000
29	tsk_29	(x)	1	:	0.000000	0.000000	0.000000	0.000000	0.000000	0.000000	0.000000	0.499998	0.500002	0.000000	0.000000	0.000000
30	tsk_30	(x)	1	:	0.000000	0.000000	0.000000	0.000000	0.000000	0.000000	0.000000	0.000000	0.000000	0.000000	1.000000	0.000000
31	tsk_31	(x)	1	:	0.000000	0.000000	0.000000	0.000000	0.579874	0.420124	0.000002	0.000000	0.000000	0.000000	0.000000	0.000000
32	tsk_32	(x)	1	:	0.000000	0.000000	0.000000	0.500213	0.497925	0.000000	0.001862	0.000000	0.000000	0.000000	0.000000	0.000000
33	tsk_33	(x)	1	:	0.000000	0.000000	0.491961	0.000000	0.000000	0.000000	0.000000	0.000000	0.011038	0.000000	0.497001	0.000000
34	tsk_34	(x)	1	:	0.000000	0.000000	0.000000	0.000000	0.000000	0.000000	0.499864	0.000000	0.000000	0.000000	0.500136	0.000000
35	tsk_35	(x)	1	:	0.000000	0.484969	0.000000	0.000000	0.000000	0.000000	0.000000	0.000000	0.000000	0.000000	0.000000	0.515031
36	tsk_36	(x)	1	:	0.000000	0.000000	0.499275	0.000000	0.000000	0.489917	0.000000	0.000000	0.010809	0.000000	0.000000	0.000000
37	tsk_37	(x)	1	:	0.000000	0.502856	0.000000	0.000000	0.000000	0.000000	0.000000	0.000000	0.000000	0.000000	0.497144	0.000000
38	tsk_38	(x)	1	:	0.000000	0.000000	0.000000	0.000000	0.501641	0.000000	0.000000	0.000000	0.000000	0.000000	0.498359	0.000000
39	tsk_39	(x)	1	:	0.000000	0.000000	0.000000	0.000000	0.501641	0.000000	0.000000	0.000000	0.000000	0.000000	0.498359	0.000000
40	tsk_40	(x)	1	:	0.498924	0.501076	0.000000	0.000000	0.000000	0.000000	0.000000	0.000000	0.000000	0.000000	0.000000	0.000000
41	tsk_41	(x)	1	:	0.000000	0.000000	0.000000	0.000000	0.499080	0.000000	0.000000	0.000000	0.500920	0.000000	0.000000	0.000000
42	tsk_42	(x)	1	:	0.000000	0.505820	0.000000	0.000000	0.494180	0.000000	0.000000	0.000000	0.000000	0.000000	0.000000	0.000000
43	tsk_43	(x)	1	:	0.000000	0.000000	0.000000	0.000000	0.509845	0.000000	0.490155	0.000000	0.000000	0.000000	0.000000	0.000000
44	tsk_44	(x)	1	:	0.000000	0.000000	0.000000	0.000000	0.442972	0.557028	0.000000	0.000000	0.000000	0.000000	0.000000	0.000000
45	tsk_45	(x)	1	:	0.000000	0.505820	0.000000	0.000000	0.494180	0.000000	0.000000	0.000000	0.000000	0.000000	0.000000	0.000000
46	tsk_46	(x)	1	:	0.000000	1.000000	0.000000	0.000000	0.000000	0.000000	0.000000	0.000000	0.000000	0.000000	0.000000	0.000000
47	tsk_47	(x)	1	:	0.000000	0.000000	0.000000	0.500403	0.497986	0.000000	0.001611	0.000000	0.000000	0.000000	0.000000	0.000000
48	tsk_48	(x)	1	:	0.000000	0.523433	0.000000	0.000000	0.000000	0.000000	0.476567	0.000000	0.000000	0.000000	0.000000	0.000000
49	tsk_49	(x)	1	:	0.000000	0.505820	0.000000	0.000000	0.494180	0.000000	0.000000	0.000000	0.000000	0.000000	0.000000	0.000000
50	tsk_50	(x)	1	:	0.000000	0.000000	0.000000	0.000000	0.000000	0.000000	0.000000	0.000000	0.499999	0.000000	0.500000	0.000000
51	tsk_51	(x)	1	:	0.000000	0.000000	0.000000	0.499302	0.000000	0.000000	0.000941	0.000000	0.000000	0.000000	0.499742	0.000014
52	tsk_52	(x)	1	:	0.000000	0.000000	0.000000	0.000000	0.000000	0.000000	0.000000	0.000000	0.000000	0.000000	0.816504	0.183496
53	tsk_53	(x)	1	:	0.000000	0.000000	0.000000	0.000000	0.000143	0.000000	0.000000	0.499829	0.000000	0.000000	0.500020	0.000008
54	tsk_54	(x)	1	:	0.000000	0.000000	0.000000	0.500201	0.000000	0.000000	0.000000	0.000000	0.499799	0.000000	0.000000	0.000000
55	tsk_55	(x)	1	:	0.000000	0.000000	0.000000	0.000000	0.000000	0.000000	0.000000	0.000000	0.000000	0.000000	0.813956	0.186044
56	tsk_56	(x)	1	:	0.000000	0.000000	0.000000	0.000000	0.000000	0.000000	0.000000	0.000000	0.499959	0.000000	0.500041	0.000000
57	tsk_57	(x)	1	:	0.000000	0.000000	0.000000	0.499315	0.000000	0.000000	0.000927	0.000000	0.000000	0.000000	0.499753	0.000005
58	tsk_58	(x)	1	:	0.000000	0.000000	0.000000	0.000000	0.000000	0.000000	0.000000	0.000000	0.000000	0.000000	0.816370	0.183630
59	tsk_59	(x)	1	:	0.000000	0.000000	0.000000	0.499296	0.000000	0.000000	0.000947	0.000000	0.000000	0.000000	0.499751	0.000006
60	tsk_60	(x)	1	:	1.000000	0.000000	0.000000	0.000000	0.000000	0.000000	0.000000	0.000000	0.000000	0.000000	0.000000	0.000000
61	tsk_61	(x)	1	:	0.000000	0.000000	0.000000	0.501408	0.000000	0.000000	0.001606	0.000000	0.000000	0.000000	0.496986	0.000000
62	tsk_62	(x)	1	:	0.000000	0.000000	0.000000	0.500201	0.000000	0.000000	0.000000	0.000000	0.499798	0.000000	0.000000	0.000000
63	tsk_63	(x)	1	:	1.000000	0.000000	0.000000	0.000000	0.000000	0.000000	0.000000	0.000000	0.000000	0.000000	0.000000	0.000000
64	tsk_64	(x)	1	:	0.492466	0.000000	0.000000	0.000000	0.000000	0.000000	0.000000	0.000000	0.507534	0.000000	0.000000	0.000000
65	tsk_65	(x)	1	:	0.000000	0.000000	0.000000	0.501364	0.000000	0.000000	0.001652	0.000000	0.000000	0.000000	0.496984	0.000000
66	tsk_66	(x)	1	:	0.000000	0.000000	0.000000	0.210580	0.226318	0.000000	0.563102	0.000000	0.000000	0.000000	0.000000	0.000000
67	tsk_67	(x)	1	:	0.000000	0.000000	0.000000	0.500201	0.000000	0.000000	0.000000	0.000000	0.499798	0.000000	0.000000	0.000000
68	tsk_68	(x)	1	:	0.000000	0.499998	0.000000	0.000000	0.000000	0.000000	0.000000	0.000000	0.500001	0.000000	0.000000	0.000000
69	tsk_69	(x)	1	:	0.511670	0.488330	0.000000	0.000000	0.000000	0.000000	0.000000	0.000000	0.000000	0.000000	0.000000	0.000000
70	tsk_70	(x)	1	:	0.492758	0.000000	0.000000	0.000000	0.000000	0.000000	0.000000	0.000000	0.507242	0.000000	0.000000	0.000000
71	tsk_71	(x)	1	:	0.000000	0.000000	0.000000	0.000000	0.000000	0.000000	0.499864	0.000000	0.000000	0.000000	0.500136	0.000000
72	tsk_72	(x)	1	:	0.000000	0.000000	0.000000	0.000000	0.003044	0.000000	0.487497	0.509459	0.000000	0.000000	0.000000	0.000000
73	tsk_73	(x)	1	:	0.000000	0.000000	0.452102	0.000000	0.000000	0.000000	0.000000	0.000000	0.547898	0.000000	0.000000	0.000000
74	tsk_74	(x)	1	:	0.492796	0.000000	0.000000	0.000000	0.000000	0.000000	0.000000	0.000000	0.507203	0.000000	0.000000	0.000000
75	tsk_75	(x)	1	:	0.498163	0.000000	0.000000	0.000000	0.000000	0.000000	0.000000	0.000000	0.000000	0.000000	0.000005	0.501832
76	tsk_76	(x)	1	:	0.000000	0.000000	0.510377	0.000000	0.000011	0.000109	0.000000	0.489496	0.000006	0.000001	0.000000	0.000000
77	tsk_77	(x)	1	:	0.000000	0.000000	0.000000	0.000000	0.498695	0.000000	0.000000	0.000000	0.000000	0.000000	0.000003	0.501301
78	tsk_78	(x)	1	:	0.000000	0.000000	0.000000	0.498947	0.000000	0.000000	0.000985	0.000000	0.000000	0.000000	0.000004	0.500064
79	tsk_79	(x)	1	:	0.000000	0.499650	0.000000	0.000000	0.000000	0.000000	0.000000	0.000000	0.000000	0.000000	0.000004	0.500346
80	tsk_80	(x)	1	:	0.000000	0.499869	0.000000	0.000000	0.000534	0.000000	0.000000	0.499597	0.000000	0.000000	0.000000	0.000000
81	tsk_81	(x)	1	:	0.000000	0.499857	0.000000	0.000000	0.000583	0.000000	0.000000	0.499560	0.000000	0.000000	0.000000	0.000000
82	tsk_82	(x)	1	:	0.000000	0.415824	0.000000	0.000000	0.000000	0.584176	0.000000	0.000000	0.000000	0.000000	0.000000	0.000000
83	tsk_83	(x)	1	:	0.000000	0.000000	0.378537	0.000000	0.000000	0.507410	0.000000	0.000000	0.114053	0.000000	0.000000	0.000000
84	tsk_84	(x)	1	:	0.000000	0.000000	0.000000	0.000000	0.000000	0.507177	0.000000	0.000000	0.492823	0.000000	0.000000	0.000000
85	tsk_85	(x)	1	:	0.000000	0.000000	0.000000	0.000000	0.000000	1.000000	0.000000	0.000000	0.000000	0.000000	0.000000	0.000000
86	tsk_86	(x)	1	:	0.000000	0.001187	0.000000	0.000000	0.000000	0.998806	0.000007	0.000000	0.000000	0.000000	0.000000	0.000000
87	tsk_87	(x)	1	:	0.000000	0.000000	0.000000	0.000000	0.000000	0.000000	0.000000	0.499996	0.500003	0.000000	0.000000	0.000000
88	tsk_88	(x)	1	:	0.000000	0.499650	0.000000	0.000000	0.000000	0.000000	0.000000	0.000000	0.000000	0.000000	0.000004	0.500346
89	tsk_89	(x)	1	:	0.000000	0.503525	0.000000	0.495624	0.000000	0.000000	0.000851	0.000000	0.000000	0.000000	0.000000	0.000000
90	tsk_90	(x)	1	:	0.000000	0.499998	0.000000	0.000000	0.000000	0.000000	0.000000	0.000000	0.500002	0.000000	0.000000	0.000000
91	tsk_91	(x)	1	:	0.000000	0.000000	0.000000	0.000000	0.000000	0.000000	0.000000	0.000000	1.000000	0.000000	0.000000	0.000000
92	tsk_92	(x)	1	:	0.000000	0.000000	0.000000	0.000000	0.000000	0.000000	0.000000	0.000000	1.000000	0.000000	0.000000	0.000000
93	tsk_93	(x)	1	:	0.000000	0.499998	0.000000	0.000000	0.000000	0.000000	0.000000	0.000000	0.500002	0.000000	0.000000	0.000000
94	tsk_94	(x)	1	:	0.000000	0.000000	0.000000	0.000000	0.000000	0.000000	0.000000	0.000000	1.000000	0.000000	0.000000	0.000000
95	tsk_95	(x)	1	:	0.000000	0.000000	0.000000	0.000000	0.000000	0.000000	0.000000	0.000000	1.000000	0.000000	0.000000	0.000000
96	tsk_96	(x)	1	:	0.000000	0.000000	0.000000	0.000000	0.000000	0.000000	0.000000	0.000000	0.499542	0.000000	0.000000	0.500458
97	tsk_97	(x)	1	:	0.000000	0.000000	0.000000	0.000000	0.000000	0.507180	0.000000	0.000000	0.492820	0.000000	0.000000	0.000000
98	tsk_98	(x)	1	:	0.000000	0.499997	0.000000	0.000000	0.000000	0.000000	0.000000	0.000000	0.500003	0.000000	0.000000	0.000000
99	tsk_99	(x)	1	:	0.000000	0.000000	0.000000	0.500201	0.000000	0.000000	0.000000	0.000000	0.499798	0.000000	0.000000	0.000000
100	tsk_100	(x)	1	:	0.000000	0.000000	0.000000	0.000000	0.000107	0.000000	0.000000	0.499915	0.000000	0.499978	0.000000	0.000000
101	tsk_101	(x)	1	:	0.000000	0.000000	0.000000	0.000000	1.000000	0.000000	0.000000	0.000000	0.000000	0.000000	0.000000	0.000000
102	tsk_102	(x)	1	:	0.000000	0.000000	0.000000	0.000000	0.000000	0.000000	0.000000	0.000000	1.000000	0.000000	0.000000	0.000000
103	tsk_103	(x)	1	:	0.000000	0.000000	0.000000	0.000000	0.500005	0.000000	0.000000	0.000000	0.000000	0.499995	0.000000	0.000000
104	tsk_104	(x)	1	:	0.000000	0.000000	0.000000	0.000000	1.000000	0.000000	0.000000	0.000000	0.000000	0.000000	0.000000	0.000000
105	tsk_105	(x)	1	:	0.000000	0.000000	0.000000	0.000000	0.063047	0.419905	0.000001	0.517048	0.000000	0.000000	0.000000	0.000000
106	tsk_106	(x)	1	:	0.000000	0.000000	0.000000	0.000000	0.000000	0.000000	0.000000	0.000000	0.000000	0.499564	0.000000	0.500436
107	tsk_107	(x)	1	:	0.000000	0.000000	0.000000	0.000000	0.000234	0.000000	0.000000	0.499465	0.000000	0.000000	0.000004	0.500297
108	tsk_108	(x)	1	:	0.000000	0.000000	0.000000	0.000000	1.000000	0.000000	0.000000	0.000000	0.000000	0.000000	0.000000	0.000000
109	tsk_109	(x)	1	:	0.000000	0.000000	0.000000	0.000000	1.000000	0.000000	0.000000	0.000000	0.000000	0.000000	0.000000	0.000000
110	tsk_110	(x)	1	:	0.000000	0.000000	0.000000	0.000000	0.000000	0.504566	0.000000	0.000000	0.495434	0.000000	0.000000	0.000000
111	tsk_111	(x)	1	:	0.000000	0.000000	0.000000	0.000000	0.000000	0.000000	0.000000	0.000000	1.000000	0.000000	0.000000	0.000000
112	tsk_112	(x)	1	:	0.000000	0.000000	0.000000	0.000000	0.000000	0.000000	0.000000	0.000000	0.499543	0.000000	0.000000	0.500457
113	tsk_113	(x)	1	:	0.000000	0.000000	0.000000	0.000000	0.000000	0.000000	0.000000	0.000000	1.000000	0.000000	0.000000	0.000000
114	tsk_114	(x)	1	:	0.000000	0.000000	0.000000	0.000000	0.000000	0.521370	0.000000	0.000000	0.000000	0.000000	0.478590	0.000040
115	tsk_115	(x)	1	:	0.000000	0.000000	0.000000	0.000000	0.000000	0.504568	0.000000	0.000000	0.495432	0.000000	0.000000	0.000000
116	tsk_116	(x)	1	:	0.000000	0.499997	0.000000	0.000000	0.000000	0.000000	0.000000	0.000000	0.500003	0.000000	0.000000	0.000000
117	tsk_117	(x)	1	:	0.000000	0.499650	0.000000	0.000000	0.000000	0.000000	0.000000	0.000000	0.000000	0.000000	0.000004	0.500346
118	tsk_118	(x)	1	:	0.000000	0.000000	0.000000	0.000000	0.000000	0.518660	0.000000	0.000000	0.481340	0.000000	0.000000	0.000000
119	tsk_119	(x)	1	:	0.000000	0.000000	0.000000	0.000000	0.000000	0.504555	0.000000	0.000000	0.495445	0.000000	0.000000	0.000000
120	tsk_120	(x)	1	:	0.000000	0.000000	0.000000	0.000000	0.000000	0.000000	0.000000	0.000000	1.000000	0.000000	0.000000	0.000000
121	tsk_121	(x)	1	:	0.000000	0.000000	0.000000	0.000000	0.000000	0.000000	0.000000	0.000000	1.000000	0.000000	0.000000	0.000000
122	tsk_122	(x)	1	:	0.000000	0.000000	0.000000	0.000000	0.482604	0.000000	0.000000	0.517396	0.000000	0.000000	0.000000	0.000000
123	tsk_123	(x)	1	:	0.000000	0.000000	0.000000	0.000000	0.000000	0.000000	0.000000	1.000000	0.000000	0.000000	0.000000	0.000000
124	tsk_124	(x)	1	:	0.000000	0.000000	0.404178	0.000000	0.000000	0.000000	0.000000	0.000000	0.095443	0.000000	0.500378	0.000000
125	tsk_125	(x)	1	:	0.000000	0.000000	0.000000	0.000000	0.000000	0.000000	0.000000	1.000000	0.000000	0.000000	0.000000	0.000000
126	tsk_126	(x)	1	:	0.000000	0.000000	0.000000	0.000000	0.482604	0.000000	0.000000	0.517396	0.000000	0.000000	0.000000	0.000000
127	tsk_127	(x)	1	:	0.000000	0.000000	0.405405	0.000000	0.000000	0.000000	0.000000	0.000000	0.094129	0.000000	0.500466	0.000000
128	tsk_128	(x)	1	:	0.000000	0.000000	0.000000	0.000000	0.482604	0.000000	0.000000	0.517396	0.000000	0.000000	0.000000	0.000000
129	tsk_129	(x)	1	:	0.000000	0.000000	0.000000	0.000000	0.482604	0.000000	0.000000	0.517396	0.000000	0.000000	0.000000	0.000000
130	tsk_130	(x)	1	:	0.000000	0.000000	0.000000	0.000000	0.000000	0.489053	0.000000	0.000000	0.510947	0.000000	0.000000	0.000000
131	tsk_131	(x)	1	:	0.000000	0.000003	0.000000	0.000000	0.000000	0.487947	0.000008	0.000000	0.000000	0.000000	0.000007	0.512035
132	tsk_132	(x)	1	:	0.000000	0.374969	0.000000	0.000000	0.201564	0.000000	0.423467	0.000000	0.000000	0.000000	0.000000	0.000000
133	tsk_133	(x)	1	:	0.000000	0.000000	0.000000	0.000000	0.000000	1.000000	0.000000	0.000000	0.000000	0.000000	0.000000	0.000000
134	tsk_134	(x)	1	:	0.000000	0.658793	0.000000	0.000000	0.000000	0.341205	0.000002	0.000000	0.000000	0.000000	0.000000	0.000000
135	tsk_135	(x)	1	:	0.000000	0.000000	0.000000	0.000000	0.000000	0.507167	0.000000	0.000000	0.492833	0.000000	0.000000	0.000000
136	tsk_136	(x)	1	:	0.000000	0.000000	0.000000	0.000000	0.000000	1.000000	0.000000	0.000000	0.000000	0.000000	0.000000	0.000000
137	tsk_137	(x)	1	:	0.000000	0.000000	0.000000	0.000000	0.000000	0.487946	0.000011	0.000000	0.000000	0.000000	0.000008	0.512034
138	tsk_138	(x)	1	:	0.000000	0.000000	0.000000	0.000000	0.537744	0.462256	0.000000	0.000000	0.000000	0.000000	0.000000	0.000000
139	tsk_139	(x)	1	:	0.000000	0.000000	0.000000	0.000000	0.512767	0.000000	0.000000	0.000000	0.000000	0.000000	0.000000	0.487233
140	tsk_140	(x)	1	:	0.000000	0.000000	0.000000	0.000000	0.000000	0.000000	0.000000	0.000000	0.499543	0.000000	0.000000	0.500457
141	tsk_141	(x)	1	:	0.000000	0.000000	0.000000	0.000000	0.000216	0.000000	0.000000	0.499482	0.000000	0.000000	0.000004	0.500298
142	tsk_142	(x)	1	:	0.000000	0.000000	0.000000	0.000000	0.000000	0.000000	0.496870	0.000000	0.000000	0.000000	0.000005	0.503125
143	tsk_143	(x)	1	:	0.000000	0.000000	0.000000	0.000000	0.000000	0.000000	0.000000	0.499970	0.500030	0.000000	0.000000	0.000000
144	tsk_144	(x)	1	:	0.000000	0.000000	0.000000	0.000000	0.000000	0.000000	0.496871	0.000000	0.000000	0.000000	0.000004	0.503125
145	tsk_145	(x)	1	:	0.000000	0.000000	0.000000	0.000000	0.000000	0.000000	1.000000	0.000000	0.000000	0.000000	0.000000	0.000000
146	tsk_146	(x)	1	:	0.000000	0.000000	0.000000	0.000000	0.000000	0.000000	0.000000	1.000000	0.000000	0.000000	0.000000	0.000000
147	tsk_147	(x)	1	:	0.000000	0.000000	0.000000	0.000000	0.000000	0.000000	0.000000	0.000000	0.499542	0.000000	0.000000	0.500457
148	tsk_148	(x)	1	:	0.000000	0.000000	0.000000	0.000000	0.000000	0.000000	0.000000	0.000000	0.499542	0.000000	0.000004	0.500454
149	tsk_149	(x)	1	:	0.492770	0.000000	0.000000	0.000000	0.000000	0.000000	0.000000	0.000000	0.507230	0.000000	0.000000	0.000000
