0	tsk_0	(x)	1	:	0.026271	0.000000	0.000000	0.275636	0.000000	0.000000	0.000000	0.000000	0.000000	0.472829	0.225264	0.000000	0.000000	0.000000
1	tsk_1	(x)	1	:	0.148347	0.000000	0.000000	0.000000	0.000000	0.000000	0.163429	0.000000	0.000000	0.688224	0.000000	0.000000	0.000000	0.000000
2	tsk_2	(x)	1	:	0.027781	0.000000	0.000000	0.275661	0.000000	0.000000	0.000000	0.000000	0.000000	0.471372	0.225186	0.000000	0.000000	0.000000
3	tsk_3	(x)	1	:	0.142621	0.000000	0.000000	0.364694	0.000030	0.000000	0.163433	0.000000	0.000000	0.329221	0.000000	0.000000	0.000000	0.000000
4	tsk_4	(x)	1	:	0.000000	0.000000	0.000000	0.708990	0.000000	0.000000	0.000000	0.000000	0.000000	0.000000	0.291010	0.000000	0.000000	0.000000
5	tsk_5	(x)	1	:	0.000000	0.000000	0.000000	0.000000	0.000000	0.000000	0.525769	0.000000	0.000000	0.474231	0.000000	0.000000	0.000000	0.000000
6	tsk_6	(x)	1	:	0.000000	0.000000	0.000000	0.000000	0.000000	0.000000	0.000000	0.590763	0.000000	0.409236	0.000000	0.000000	0.000000	0.000000
7	tsk_7	(x)	1	:	0.000851	0.000000	0.000000	0.000000	0.000000	0.000000	0.000000	0.478445	0.000000	0.506016	0.000000	0.000000	0.014689	0.000000
8	tsk_8	(x)	1	:	0.018044	0.000000	0.000000	0.000000	0.000000	0.000000	0.000000	0.000000	0.000000	0.481979	0.499977	0.000000	0.000000	0.000000
9	tsk_9	(x)	1	:	0.000000	0.000000	0.000000	0.000000	0.000000	0.000000	0.000000	0.000000	0.000000	1.000000	0.000000	0.000000	0.000000	0.000000
10	tsk_10	(x)	1	:	0.000000	0.000000	0.000000	0.481279	0.000000	0.000000	0.518721	0.000000	0.000000	0.000000	0.000000	0.000000	0.000000	0.000000
11	tsk_11	(x)	1	:	0.115775	0.000000	0.000000	0.000000	0.000000	0.000000	0.000000	0.000000	0.000000	0.884225	0.000000	0.000000	0.000000	0.000000
12	tsk_12	(x)	1	:	0.040716	0.000000	0.000000	0.000000	0.000000	0.000000	0.000000	0.000000	0.000000	0.459305	0.499979	0.000000	0.000000	0.000000
13	tsk_13	(x)	1	:	0.014279	0.000000	0.000000	0.000000	0.000000	0.000000	0.000000	0.000000	0.000000	0.485743	0.499978	0.000000	0.000000	0.000000
14	tsk_14	(x)	1	:	0.000000	0.000000	0.000000	0.496704	0.000000	0.000000	0.000000	0.000000	0.000000	0.000000	0.000000	0.503296	0.000000	0.000000
15	tsk_15	(x)	1	:	0.000612	0.000000	0.000000	0.000000	0.000000	0.000000	0.000000	0.469772	0.000000	0.005401	0.496065	0.000000	0.028151	0.000000
16	tsk_16	(x)	1	:	0.060908	0.000000	0.000000	0.489353	0.000000	0.000000	0.000000	0.000000	0.000000	0.449738	0.000000	0.000000	0.000000	0.000000
17	tsk_17	(x)	1	:	0.090661	0.000000	0.000000	0.237137	0.000000	0.000000	0.000000	0.000000	0.000000	0.409158	0.263044	0.000000	0.000000	0.000000
18	tsk_18	(x)	1	:	0.028158	0.000000	0.000000	0.000000	0.000000	0.000000	0.000000	0.000000	0.000000	0.971842	0.000000	0.000000	0.000000	0.000000
19	tsk_19	(x)	1	:	0.005614	0.000000	0.000000	0.000000	0.000000	0.000000	0.000000	0.000000	0.000000	0.994386	0.000000	0.000000	0.000000	0.000000
20	tsk_20	(x)	1	:	0.163598	0.000000	0.000000	0.000000	0.000000	0.000000	0.000000	0.000000	0.000000	0.335826	0.000000	0.000000	0.000000	0.500577
21	tsk_21	(x)	1	:	0.143644	0.000000	0.000000	0.000000	0.000000	0.494635	0.000000	0.000000	0.000000	0.361721	0.000000	0.000000	0.000000	0.000000
22	tsk_22	(x)	1	:	0.095946	0.499999	0.000000	0.000000	0.000000	0.000000	0.000000	0.000000	0.000000	0.404055	0.000000	0.000000	0.000000	0.000000
23	tsk_23	(x)	1	:	0.125160	0.000000	0.000000	0.000000	0.000000	0.000000	0.000000	0.000000	0.361245	0.513595	0.000000	0.000000	0.000000	0.000000
24	tsk_24	(x)	1	:	0.014005	0.000000	0.000000	0.000000	0.000000	0.000000	0.000000	0.000000	0.000000	0.985995	0.000000	0.000000	0.000000	0.000000
25	tsk_25	(x)	1	:	0.084366	0.000000	0.000000	0.000000	0.000000	0.000000	0.000000	0.000000	0.000000	0.915633	0.000000	0.000000	0.000000	0.000000
26	tsk_26	(x)	1	:	0.002904	0.500035	0.000000	0.000000	0.000000	0.494645	0.000000	0.000000	0.000000	0.002415	0.000000	0.000000	0.000000	0.000000
27	tsk_27	(x)	1	:	0.011181	0.000000	0.000000	0.000000	0.000000	0.000000	0.000000	0.000000	0.000000	0.488838	0.000000	0.000000	0.499981	0.000000
28	tsk_28	(x)	1	:	0.051851	0.000000	0.000000	0.000000	0.000000	0.000000	0.000000	0.473815	0.000000	0.450351	0.000000	0.000000	0.023983	0.000000
29	tsk_29	(x)	1	:	0.000000	0.000000	0.000000	0.000000	0.000000	0.464750	0.000000	0.000000	0.000000	0.000000	0.000000	0.000000	0.000000	0.535250
30	tsk_30	(x)	1	:	0.307835	0.000000	0.000000	0.000000	0.000000	0.000000	0.000000	0.000000	0.000000	0.193775	0.000000	0.498390	0.000000	0.000000
31	tsk_31	(x)	1	:	0.386899	0.000000	0.000000	0.000000	0.000000	0.000000	0.000000	0.000000	0.000000	0.114712	0.000000	0.498390	0.000000	0.000000
32	tsk_32	(x)	1	:	0.038860	0.000000	0.000000	0.000000	0.000000	0.000000	0.000000	0.000000	0.000000	0.961140	0.000000	0.000000	0.000000	0.000000
33	tsk_33	(x)	1	:	0.000000	0.000000	0.706005	0.000000	0.000000	0.000000	0.000000	0.000000	0.000000	0.293995	0.000000	0.000000	0.000000	0.000000
34	tsk_34	(x)	1	:	0.000000	0.000000	0.706005	0.000000	0.000000	0.000000	0.000000	0.000000	0.000000	0.293995	0.000000	0.000000	0.000000	0.000000
35	tsk_35	(x)	1	:	0.000000	0.000000	0.551095	0.277588	0.000000	0.000000	0.000000	0.000000	0.000000	0.000000	0.171317	0.000000	0.000000	0.000000
36	tsk_36	(x)	1	:	0.000740	0.500219	0.339419	0.000000	0.000000	0.000000	0.000000	0.000000	0.000000	0.159623	0.000000	0.000000	0.000000	0.000000
37	tsk_37	(x)	1	:	0.090050	0.000000	0.000000	0.275668	0.000000	0.000000	0.000000	0.000000	0.000000	0.409119	0.225163	0.000000	0.000000	0.000000
38	tsk_38	(x)	1	:	0.415981	0.000000	0.584019	0.000000	0.000000	0.000000	0.000000	0.000000	0.000000	0.000000	0.000000	0.000000	0.000000	0.000000
39	tsk_39	(x)	1	:	0.020960	0.000000	0.000000	0.000000	0.000000	0.000000	0.395519	0.000000	0.000000	0.583520	0.000000	0.000000	0.000000	0.000000
40	tsk_40	(x)	1	:	0.000000	0.000000	0.000000	0.000000	0.000000	0.000000	0.000000	0.000000	0.000000	0.000000	0.000000	1.000000	0.000000	0.000000
41	tsk_41	(x)	1	:	0.001413	0.000000	0.000000	0.000000	0.000000	0.000000	0.000000	0.470763	0.000000	0.000425	0.000000	0.498175	0.029223	0.000000
42	tsk_42	(x)	1	:	0.007254	0.000000	0.339341	0.000000	0.000000	0.000000	0.000000	0.473850	0.000000	0.155271	0.000000	0.000000	0.024284	0.000000
43	tsk_43	(x)	1	:	0.012869	0.000000	0.338757	0.000000	0.000000	0.000000	0.000000	0.000000	0.000000	0.148877	0.499497	0.000000	0.000000	0.000000
44	tsk_44	(x)	1	:	0.000000	0.000000	0.000000	0.000000	0.000000	0.000000	0.000000	0.000000	0.000000	0.000000	0.000000	1.000000	0.000000	0.000000
45	tsk_45	(x)	1	:	0.001984	0.000000	0.339324	0.000000	0.000000	0.000000	0.000000	0.473870	0.000000	0.160598	0.000000	0.000000	0.024223	0.000000
46	tsk_46	(x)	1	:	0.003485	0.000000	0.000000	0.000000	0.000000	0.000000	0.000000	0.000000	0.000000	0.003025	0.496074	0.497416	0.000000	0.000000
47	tsk_47	(x)	1	:	0.000535	0.000000	0.000000	0.000000	0.000000	0.000000	0.000000	0.470748	0.000000	0.000891	0.000000	0.498255	0.029570	0.000000
48	tsk_48	(x)	1	:	0.000000	0.000000	0.000000	0.000000	0.000000	0.000000	0.000000	0.000000	0.000000	0.000000	1.000000	0.000000	0.000000	0.000000
49	tsk_49	(x)	1	:	0.000000	0.000000	0.000000	0.000000	0.000000	0.000000	0.000000	0.564738	0.000000	0.000000	0.435262	0.000000	0.000000	0.000000
50	tsk_50	(x)	1	:	0.207661	0.000000	0.000000	0.000000	0.000000	0.000000	0.000000	0.000000	0.000000	0.293949	0.000000	0.498390	0.000000	0.000000
51	tsk_51	(x)	1	:	0.000000	0.000000	0.000000	0.000000	0.000000	0.000000	0.000000	0.000000	0.000000	0.000000	0.000000	1.000000	0.000000	0.000000
52	tsk_52	(x)	1	:	0.000000	0.000000	0.000000	0.000000	0.000000	0.000000	0.000000	0.000000	0.000000	0.000000	0.000000	1.000000	0.000000	0.000000
53	tsk_53	(x)	1	:	0.000000	0.000000	0.000000	0.000000	0.000000	0.495554	0.000000	0.000000	0.000000	0.000000	0.000000	0.504446	0.000000	0.000000
54	tsk_54	(x)	1	:	0.219864	0.000000	0.000000	0.000000	0.000000	0.000000	0.000000	0.000000	0.000000	0.281747	0.000000	0.498390	0.000000	0.000000
55	tsk_55	(x)	1	:	0.290619	0.000000	0.000000	0.000000	0.000000	0.000000	0.000000	0.000000	0.000000	0.210991	0.000000	0.498390	0.000000	0.000000
56	tsk_56	(x)	1	:	0.004560	0.000000	0.000000	0.000000	0.000000	0.000000	0.000000	0.000000	0.000000	0.002906	0.495307	0.497227	0.000000	0.000000
57	tsk_57	(x)	1	:	0.000000	0.000000	0.000000	0.000000	0.000000	0.495554	0.000000	0.000000	0.000000	0.000000	0.000000	0.504446	0.000000	0.000000
58	tsk_58	(x)	1	:	0.000000	0.000000	0.000000	0.000000	0.000000	0.000000	0.000000	0.000000	0.000000	0.000000	0.000000	1.000000	0.000000	0.000000
59	tsk_59	(x)	1	:	0.262138	0.000000	0.000000	0.000000	0.000000	0.000000	0.000000	0.000000	0.000000	0.239473	0.000000	0.498390	0.000000	0.000000
60	tsk_60	(x)	1	:	0.278895	0.000000	0.000000	0.000000	0.000000	0.000000	0.000000	0.000000	0.000000	0.222715	0.000000	0.498390	0.000000	0.000000
61	tsk_61	(x)	1	:	0.000000	0.000000	0.000000	0.000000	0.000000	0.000000	0.000000	0.000000	0.000000	0.000000	0.000000	0.498616	0.000000	0.501384
62	tsk_62	(x)	1	:	0.364459	0.000000	0.000000	0.000000	0.000000	0.000000	0.000000	0.000000	0.000000	0.137151	0.000000	0.498390	0.000000	0.000000
63	tsk_63	(x)	1	:	0.112091	0.000000	0.000000	0.000000	0.000000	0.000000	0.000000	0.000000	0.000000	0.887909	0.000000	0.000000	0.000000	0.000000
64	tsk_64	(x)	1	:	0.372428	0.000000	0.000000	0.000000	0.000000	0.000000	0.000000	0.000000	0.000000	0.129182	0.000000	0.498390	0.000000	0.000000
65	tsk_65	(x)	1	:	0.000018	0.000000	0.000000	0.000000	0.000000	0.000000	0.000000	0.469677	0.000000	0.004219	0.496910	0.000000	0.029176	0.000000
66	tsk_66	(x)	1	:	0.000000	0.000000	0.000000	0.000000	1.000000	0.000000	0.000000	0.000000	0.000000	0.000000	0.000000	0.000000	0.000000	0.000000
67	tsk_67	(x)	1	:	0.044701	0.000000	0.000000	0.000000	0.000000	0.000000	0.000000	0.000000	0.000000	0.455321	0.499978	0.000000	0.000000	0.000000
68	tsk_68	(x)	1	:	0.000000	0.000000	0.000000	0.000000	0.000000	0.000000	0.000000	0.000000	0.000000	0.000000	0.000000	1.000000	0.000000	0.000000
69	tsk_69	(x)	1	:	0.000321	0.000000	0.000000	0.000000	0.000000	0.000000	0.000000	0.000000	0.000000	0.001488	0.000000	0.000000	0.497879	0.500312
70	tsk_70	(x)	1	:	0.000000	0.000000	0.000000	0.000000	0.000000	0.000000	0.000000	0.000000	0.000000	0.000000	0.000000	0.000000	1.000000	0.000000
71	tsk_71	(x)	1	:	0.272190	0.000000	0.000000	0.000000	0.000000	0.000000	0.000000	0.000000	0.000000	0.229420	0.000000	0.498390	0.000000	0.000000
72	tsk_72	(x)	1	:	0.000000	0.000000	0.000000	0.000000	0.000000	0.000000	0.394935	0.468928	0.000000	0.103383	0.000000	0.000000	0.032754	0.000000
73	tsk_73	(x)	1	:	0.008354	0.000000	0.000000	0.000000	0.000000	0.000000	0.395744	0.000000	0.000000	0.095341	0.000000	0.000000	0.500561	0.000000
74	tsk_74	(x)	1	:	0.021455	0.000000	0.000000	0.000000	0.000000	0.000000	0.000000	0.000000	0.000000	0.478564	0.000000	0.000000	0.499981	0.000000
75	tsk_75	(x)	1	:	0.004029	0.000000	0.000000	0.000000	0.000000	0.000000	0.000000	0.000000	0.000000	0.495988	0.000000	0.000000	0.499983	0.000000
76	tsk_76	(x)	1	:	0.000000	0.000000	0.000000	0.000000	0.000000	0.000000	0.000000	0.000000	0.000000	0.000000	0.000000	1.000000	0.000000	0.000000
77	tsk_77	(x)	1	:	0.034580	0.000000	0.000000	0.000000	0.000000	0.000000	0.000000	0.000000	0.000000	0.465434	0.000000	0.000000	0.499986	0.000000
78	tsk_78	(x)	1	:	0.000859	0.000000	0.000000	0.000000	0.000000	0.000000	0.394953	0.468833	0.000000	0.102369	0.000000	0.000000	0.032986	0.000000
79	tsk_79	(x)	1	:	0.001633	0.000000	0.000000	0.000000	0.000000	0.000000	0.000000	0.470807	0.000000	0.000832	0.000000	0.498059	0.028669	0.000000
80	tsk_80	(x)	1	:	0.000000	0.000000	0.000000	0.276072	0.000000	0.000000	0.000000	0.000000	0.000000	0.000000	0.723927	0.000000	0.000000	0.000000
81	tsk_81	(x)	1	:	0.001715	0.499982	0.000000	0.000000	0.000000	0.000000	0.395505	0.000000	0.000000	0.102798	0.000000	0.000000	0.000000	0.000000
82	tsk_82	(x)	1	:	0.000000	0.000000	0.000000	0.000000	0.000000	0.000000	0.000000	0.000000	0.000000	1.000000	0.000000	0.000000	0.000000	0.000000
83	tsk_83	(x)	1	:	0.000660	0.000000	0.000000	0.000000	0.000000	0.000000	0.000000	0.470746	0.000000	0.000676	0.000000	0.498273	0.029646	0.000000
84	tsk_84	(x)	1	:	0.000000	0.000000	0.000000	0.000000	0.000000	0.000000	0.000000	0.000000	0.000000	0.000000	0.000000	1.000000	0.000000	0.000000
85	tsk_85	(x)	1	:	0.000000	0.000000	0.000000	0.000000	0.000000	0.000000	0.000000	0.000000	0.000000	0.501610	0.000000	0.498390	0.000000	0.000000
86	tsk_86	(x)	1	:	0.000000	0.000000	0.000000	0.000000	0.000000	0.000000	0.000000	0.000000	0.000000	0.000000	0.000000	1.000000	0.000000	0.000000
87	tsk_87	(x)	1	:	0.000497	0.497951	0.000000	0.000000	0.000000	0.000000	0.000000	0.000000	0.000000	0.005668	0.495884	0.000000	0.000000	0.000000
88	tsk_88	(x)	1	:	0.000000	1.000000	0.000000	0.000000	0.000000	0.000000	0.000000	0.000000	0.000000	0.000000	0.000000	0.000000	0.000000	0.000000
89	tsk_89	(x)	1	:	0.335534	0.000000	0.000000	0.000000	0.000000	0.000000	0.000000	0.000000	0.000000	0.166077	0.000000	0.498390	0.000000	0.000000
90	tsk_90	(x)	1	:	0.000000	0.000000	0.339170	0.000000	0.000000	0.000000	0.000000	0.000000	0.000000	0.660830	0.000000	0.000000	0.000000	0.000000
91	tsk_91	(x)	1	:	0.254733	0.000000	0.000000	0.000000	0.000000	0.494635	0.000000	0.000000	0.000000	0.250631	0.000000	0.000000	0.000000	0.000000
92	tsk_92	(x)	1	:	0.183866	0.000000	0.000000	0.000000	0.000000	0.000000	0.000000	0.000000	0.191189	0.126562	0.000000	0.498383	0.000000	0.000000
93	tsk_93	(x)	1	:	0.180218	0.000000	0.000000	0.000000	0.000000	0.000000	0.000000	0.000000	0.000000	0.319205	0.000000	0.000000	0.000000	0.500577
94	tsk_94	(x)	1	:	0.071527	0.000000	0.000000	0.275661	0.000000	0.000000	0.000000	0.000000	0.000000	0.427627	0.225184	0.000000	0.000000	0.000000
95	tsk_95	(x)	1	:	0.055932	0.000000	0.386933	0.000000	0.000000	0.000000	0.000000	0.000000	0.000000	0.078828	0.000000	0.000000	0.000000	0.478307
96	tsk_96	(x)	1	:	0.165937	0.000000	0.000000	0.000000	0.000000	0.000000	0.000000	0.000000	0.191189	0.144491	0.000000	0.498383	0.000000	0.000000
97	tsk_97	(x)	1	:	0.048875	0.000000	0.386943	0.000000	0.000000	0.000000	0.000000	0.000000	0.000000	0.085875	0.000000	0.000000	0.000000	0.478308
98	tsk_98	(x)	1	:	0.000000	0.000000	0.322502	0.000000	0.000000	0.000000	0.000000	0.000000	0.185306	0.000000	0.000000	0.492192	0.000000	0.000000
99	tsk_99	(x)	1	:	0.126375	0.000000	0.000000	0.000000	0.000000	0.000000	0.000000	0.000000	0.000000	0.873625	0.000000	0.000000	0.000000	0.000000
100	tsk_100	(x)	1	:	0.001495	0.000000	0.000000	0.000000	0.000000	0.000000	0.000000	0.470779	0.000000	0.000712	0.000000	0.498105	0.028909	0.000000
101	tsk_101	(x)	1	:	0.000000	0.000000	0.000000	0.000000	0.000000	0.000000	0.000000	1.000000	0.000000	0.000000	0.000000	0.000000	0.000000	0.000000
102	tsk_102	(x)	1	:	0.000000	0.000000	0.000000	0.000000	0.000000	0.495554	0.000000	0.000000	0.000000	0.000000	0.000000	0.504446	0.000000	0.000000
103	tsk_103	(x)	1	:	0.000000	0.000000	0.000000	0.000000	0.000000	0.000000	0.000000	0.479136	0.000000	0.507562	0.000000	0.000000	0.013302	0.000000
104	tsk_104	(x)	1	:	0.000000	0.000000	0.000000	0.000000	0.000000	0.000000	0.000000	0.000000	0.000000	0.000000	0.000000	1.000000	0.000000	0.000000
105	tsk_105	(x)	1	:	0.000000	0.000000	0.000000	0.000000	0.000000	0.000000	0.000000	0.000000	0.000000	0.000000	0.000000	1.000000	0.000000	0.000000
106	tsk_106	(x)	1	:	0.000934	0.000000	0.000000	0.000000	0.000000	0.000000	0.000000	0.470750	0.000000	0.000663	0.000000	0.498221	0.029432	0.000000
107	tsk_107	(x)	1	:	0.416160	0.000000	0.000000	0.000000	0.000000	0.000000	0.000000	0.000000	0.000000	0.085450	0.000000	0.498390	0.000000	0.000000
108	tsk_108	(x)	1	:	0.111704	0.000000	0.000000	0.000000	0.000000	0.000000	0.000000	0.000000	0.000000	0.888296	0.000000	0.000000	0.000000	0.000000
109	tsk_109	(x)	1	:	0.000724	0.000000	0.000000	0.000000	0.000000	0.000000	0.000000	0.469689	0.000000	0.003676	0.496834	0.000000	0.029078	0.000000
110	tsk_110	(x)	1	:	0.000000	0.000000	0.000000	0.000000	0.000000	0.000000	0.000000	0.000000	0.000000	0.000000	1.000000	0.000000	0.000000	0.000000
111	tsk_111	(x)	1	:	0.000000	0.000000	0.000000	0.237200	0.000000	0.000000	0.000000	0.000000	0.000000	0.000000	0.762800	0.000000	0.000000	0.000000
112	tsk_112	(x)	1	:	0.000000	0.000000	0.000000	0.000000	0.000000	0.000000	0.000000	0.469705	0.000000	0.005223	0.496428	0.000000	0.028644	0.000000
113	tsk_113	(x)	1	:	0.000000	0.000000	0.000000	0.237200	0.000000	0.000000	0.000000	0.000000	0.000000	0.000000	0.762800	0.000000	0.000000	0.000000
114	tsk_114	(x)	1	:	0.000120	0.000000	0.000000	0.000000	0.000000	0.000000	0.000000	0.469700	0.000000	0.004797	0.496580	0.000000	0.028804	0.000000
115	tsk_115	(x)	1	:	0.000000	0.000000	0.000000	0.436245	0.000000	0.000000	0.000000	0.000000	0.000000	0.000000	0.563755	0.000000	0.000000	0.000000
116	tsk_116	(x)	1	:	0.000000	0.000000	0.000000	0.000000	0.000000	0.000000	0.000000	0.000000	0.000000	0.000000	1.000000	0.000000	0.000000	0.000000
117	tsk_117	(x)	1	:	0.000000	0.000000	0.000000	0.000000	0.000000	0.000000	0.519562	0.000000	0.000000	0.000000	0.480438	0.000000	0.000000	0.000000
118	tsk_118	(x)	1	:	0.004146	0.000000	0.000000	0.000000	0.000000	0.494048	0.000000	0.000000	0.000000	0.005983	0.495823	0.000000	0.000000	0.000000
119	tsk_119	(x)	1	:	0.000000	0.000000	0.000000	0.436245	0.000000	0.000000	0.000000	0.000000	0.000000	0.000000	0.563755	0.000000	0.000000	0.000000
120	tsk_120	(x)	1	:	0.272521	0.000000	0.000000	0.000000	0.000000	0.000000	0.000000	0.000000	0.000000	0.229090	0.000000	0.498390	0.000000	0.000000
121	tsk_121	(x)	1	:	0.142714	0.000000	0.000000	0.000000	0.000000	0.000000	0.000000	0.000000	0.000000	0.302438	0.000000	0.554847	0.000000	0.000000
122	tsk_122	(x)	1	:	0.002996	0.000000	0.000000	0.000000	0.000000	0.494593	0.000000	0.470830	0.000000	0.001936	0.000000	0.000000	0.029646	0.000000
123	tsk_123	(x)	1	:	0.002199	0.000000	0.000000	0.000000	0.000000	0.000000	0.000000	0.470849	0.000000	0.000603	0.000000	0.498000	0.028350	0.000000
124	tsk_124	(x)	1	:	0.000000	0.000000	0.000000	0.000000	0.000000	0.499114	0.000000	0.000000	0.000000	0.000000	0.000000	0.500886	0.000000	0.000000
125	tsk_125	(x)	1	:	0.202405	0.000000	0.000000	0.000000	0.000000	0.494635	0.000000	0.000000	0.000000	0.302960	0.000000	0.000000	0.000000	0.000000
126	tsk_126	(x)	1	:	0.149481	0.000000	0.000000	0.000000	0.000000	0.000000	0.000000	0.000000	0.000000	0.349942	0.000000	0.000000	0.000000	0.500577
127	tsk_127	(x)	1	:	0.115488	0.000000	0.000000	0.000000	0.000000	0.000000	0.000000	0.000000	0.000000	0.884512	0.000000	0.000000	0.000000	0.000000
128	tsk_128	(x)	1	:	0.000000	0.000000	0.000000	0.000000	0.000000	0.000000	0.000000	0.472093	0.361181	0.139465	0.000000	0.000000	0.027260	0.000000
129	tsk_129	(x)	1	:	0.000196	0.000000	0.000000	0.000000	0.000000	0.000000	0.000000	0.469693	0.000000	0.004600	0.496637	0.000000	0.028874	0.000000
130	tsk_130	(x)	1	:	0.011035	0.000000	0.000000	0.000000	0.000000	0.000000	0.000000	0.000000	0.000000	0.488977	0.499988	0.000000	0.000000	0.000000
131	tsk_131	(x)	1	:	0.000190	0.000000	0.000000	0.000000	0.000000	0.526698	0.000000	0.000000	0.000000	0.000189	0.472923	0.000000	0.000000	0.000000
132	tsk_132	(x)	1	:	0.002055	0.000000	0.000000	0.000000	0.000000	0.494052	0.000000	0.000000	0.000000	0.008036	0.495857	0.000000	0.000000	0.000000
133	tsk_133	(x)	1	:	0.247107	0.000000	0.000000	0.000000	0.000000	0.494635	0.000000	0.000000	0.000000	0.258258	0.000000	0.000000	0.000000	0.000000
134	tsk_134	(x)	1	:	0.000000	0.000000	0.000000	0.000000	0.000000	0.000000	0.000000	0.000000	0.000000	0.000000	1.000000	0.000000	0.000000	0.000000
135	tsk_135	(x)	1	:	0.000017	0.000000	0.000000	0.000000	0.000000	0.526514	0.000000	0.469733	0.000000	0.000011	0.000000	0.000000	0.003725	0.000000
136	tsk_136	(x)	1	:	0.059164	0.000000	0.000000	0.000000	0.000000	0.000000	0.000000	0.000000	0.000000	0.440858	0.499978	0.000000	0.000000	0.000000
137	tsk_137	(x)	1	:	0.026640	0.000000	0.000000	0.000000	0.000000	0.000000	0.000000	0.000000	0.000000	0.473381	0.499978	0.000000	0.000000	0.000000
138	tsk_138	(x)	1	:	0.088795	0.000000	0.000000	0.000000	0.000000	0.000000	0.000000	0.478351	0.000000	0.417978	0.000000	0.000000	0.014876	0.000000
139	tsk_139	(x)	1	:	0.009987	0.000000	0.000000	0.000000	0.000000	0.000000	0.161258	0.000000	0.000000	0.828755	0.000000	0.000000	0.000000	0.000000
140	tsk_140	(x)	1	:	0.000000	0.000000	0.000000	0.000000	0.000000	0.000000	0.520075	0.000000	0.000000	0.479925	0.000000	0.000000	0.000000	0.000000
141	tsk_141	(x)	1	:	0.000000	0.000000	0.000000	0.000000	0.556014	0.000000	0.000000	0.000000	0.000000	0.016504	0.427482	0.000000	0.000000	0.000000
142	tsk_142	(x)	1	:	0.027629	0.000000	0.000000	0.221279	0.000000	0.000000	0.000000	0.000000	0.000000	0.472291	0.278801	0.000000	0.000000	0.000000
143	tsk_143	(x)	1	:	0.001930	0.000000	0.000000	0.000000	0.000000	0.000001	0.000000	0.000000	0.000000	0.003542	0.494620	0.000000	0.000000	0.499908
144	tsk_144	(x)	1	:	0.000000	0.000000	0.000000	0.000000	0.000000	0.495554	0.000000	0.000000	0.000000	0.000000	0.000000	0.504446	0.000000	0.000000
145	tsk_145	(x)	1	:	0.016779	0.000000	0.000000	0.000000	0.000000	0.000000	0.000000	0.000000	0.000000	0.483239	0.499982	0.000000	0.000000	0.000000
146	tsk_146	(x)	1	:	0.000000	0.000000	0.000000	0.000000	0.000000	0.488804	0.511195	0.000000	0.000000	0.000000	0.000000	0.000000	0.000000	0.000000
147	tsk_147	(x)	1	:	0.055592	0.000000	0.000000	0.151450	0.000000	0.000000	0.000000	0.000000	0.000000	0.792958	0.000000	0.000000	0.000000	0.000000
148	tsk_148	(x)	1	:	0.000000	0.000000	0.000000	0.000000	0.000000	0.495554	0.000000	0.000000	0.000000	0.000000	0.000000	0.504446	0.000000	0.000000
149	tsk_149	(x)	1	:	0.066860	0.000000	0.000000	0.221276	0.000000	0.000000	0.000000	0.000000	0.000000	0.433050	0.278813	0.000000	0.000000	0.000000
