0	tsk_0	(x)	1	:	0.000000	0.005329	0.000000	0.511976	0.482672	0.000000	0.000000	0.000023
1	tsk_1	(x)	1	:	0.000000	0.000000	0.000000	0.588261	0.000000	0.000000	0.000000	0.411739
2	tsk_2	(x)	1	:	0.000000	0.000000	0.000000	0.588261	0.000000	0.000000	0.000000	0.411739
3	tsk_3	(x)	1	:	0.000000	0.000000	0.514762	0.000000	0.000000	0.000000	0.000000	0.485238
4	tsk_4	(x)	1	:	0.132176	0.000000	0.469330	0.398492	0.000000	0.000000	0.000000	0.000001
5	tsk_5	(x)	1	:	0.000000	0.000000	0.000000	0.588261	0.000000	0.000000	0.000000	0.411739
6	tsk_6	(x)	1	:	0.000000	0.006891	0.506026	0.000000	0.487082	0.000000	0.000000	0.000000
7	tsk_7	(x)	1	:	0.000000	0.000000	0.000000	1.000000	0.000000	0.000000	0.000000	0.000000
8	tsk_8	(x)	1	:	0.000000	1.000000	0.000000	0.000000	0.000000	0.000000	0.000000	0.000000
9	tsk_9	(x)	1	:	0.000000	0.000000	0.000000	0.560548	0.000000	0.000000	0.000000	0.439452
10	tsk_10	(x)	1	:	0.000000	0.505457	0.000000	0.000000	0.494543	0.000000	0.000000	0.000000
11	tsk_11	(x)	1	:	0.000000	0.000000	0.479184	0.520816	0.000000	0.000000	0.000000	0.000000
12	tsk_12	(x)	1	:	0.000000	0.006374	0.506075	0.000000	0.487551	0.000000	0.000000	0.000000
13	tsk_13	(x)	1	:	0.000000	0.334116	0.000000	0.000000	0.665884	0.000000	0.000000	0.000000
14	tsk_14	(x)	1	:	0.000000	0.000000	0.488800	0.000000	0.000000	0.000000	0.000000	0.511200
15	tsk_15	(x)	1	:	0.000000	0.011478	0.000000	0.000000	0.494443	0.494079	0.000000	0.000000
16	tsk_16	(x)	1	:	0.000003	0.426936	0.000000	0.000000	0.000011	0.000000	0.000000	0.573050
17	tsk_17	(x)	1	:	0.000000	0.000001	0.000000	0.000000	0.999999	0.000000	0.000000	0.000000
18	tsk_18	(x)	1	:	0.000000	0.006576	0.506056	0.000000	0.487368	0.000000	0.000000	0.000000
19	tsk_19	(x)	1	:	0.000000	1.000000	0.000000	0.000000	0.000000	0.000000	0.000000	0.000000
20	tsk_20	(x)	1	:	0.000000	0.000000	0.000000	0.999814	0.000000	0.000000	0.000000	0.000186
21	tsk_21	(x)	1	:	0.000000	0.000000	0.501016	0.498983	0.000000	0.000000	0.000000	0.000001
22	tsk_22	(x)	1	:	0.000000	0.000002	0.000000	0.000000	0.000000	0.000000	0.535668	0.464330
23	tsk_23	(x)	1	:	0.000000	0.000000	1.000000	0.000000	0.000000	0.000000	0.000000	0.000000
24	tsk_24	(x)	1	:	0.000000	0.000000	1.000000	0.000000	0.000000	0.000000	0.000000	0.000000
25	tsk_25	(x)	1	:	0.000000	0.000000	0.508457	0.491523	0.000000	0.000000	0.000000	0.000020
26	tsk_26	(x)	1	:	0.000000	0.006247	0.506087	0.000000	0.487666	0.000000	0.000000	0.000000
27	tsk_27	(x)	1	:	0.000000	0.000000	1.000000	0.000000	0.000000	0.000000	0.000000	0.000000
28	tsk_28	(x)	1	:	0.000000	0.000000	0.501016	0.498978	0.000000	0.000000	0.000000	0.000006
29	tsk_29	(x)	1	:	0.000000	0.000000	0.463904	0.000000	0.000000	0.000000	0.536096	0.000000
30	tsk_30	(x)	1	:	0.000000	0.432890	0.000000	0.567082	0.000000	0.000000	0.000000	0.000027
31	tsk_31	(x)	1	:	0.000000	0.000000	0.000000	0.562102	0.000000	0.000000	0.000000	0.437898
32	tsk_32	(x)	1	:	0.000000	0.000000	1.000000	0.000000	0.000000	0.000000	0.000000	0.000000
33	tsk_33	(x)	1	:	0.000000	0.495141	0.000000	0.504690	0.000000	0.000000	0.000000	0.000170
34	tsk_34	(x)	1	:	0.000000	0.000000	1.000000	0.000000	0.000000	0.000000	0.000000	0.000000
35	tsk_35	(x)	1	:	0.000000	1.000000	0.000000	0.000000	0.000000	0.000000	0.000000	0.000000
36	tsk_36	(x)	1	:	0.000000	0.495145	0.000000	0.504696	0.000000	0.000000	0.000000	0.000159
37	tsk_37	(x)	1	:	0.000000	1.000000	0.000000	0.000000	0.000000	0.000000	0.000000	0.000000
38	tsk_38	(x)	1	:	0.000026	0.493083	0.506890	0.000000	0.000000	0.000000	0.000000	0.000000
39	tsk_39	(x)	1	:	0.000000	0.000000	0.466421	0.533383	0.000000	0.000000	0.000000	0.000195
40	tsk_40	(x)	1	:	0.000000	0.000000	0.000000	0.588261	0.000000	0.000000	0.000000	0.411739
41	tsk_41	(x)	1	:	0.000000	0.000001	0.000000	0.000000	0.999999	0.000000	0.000000	0.000000
42	tsk_42	(x)	1	:	0.000000	0.024869	0.000000	0.000000	0.494059	0.000000	0.481071	0.000000
43	tsk_43	(x)	1	:	0.000000	0.000000	0.000000	0.407676	0.000000	0.000000	0.000000	0.592324
44	tsk_44	(x)	1	:	0.000000	0.024779	0.000000	0.000000	0.494145	0.000000	0.481076	0.000000
45	tsk_45	(x)	1	:	0.000000	0.000000	0.475604	0.183552	0.000000	0.000000	0.000000	0.340844
46	tsk_46	(x)	1	:	0.000000	0.000000	0.530302	0.000000	0.000000	0.000000	0.469698	0.000000
47	tsk_47	(x)	1	:	0.000000	0.000001	0.000000	0.000000	0.999999	0.000000	0.000000	0.000000
48	tsk_48	(x)	1	:	0.000000	0.042367	0.000000	0.355044	0.495411	0.000000	0.000000	0.107178
49	tsk_49	(x)	1	:	0.000000	0.000000	0.000000	0.588263	0.000000	0.000000	0.000000	0.411737
50	tsk_50	(x)	1	:	0.000002	0.505409	0.000000	0.000000	0.494589	0.000000	0.000000	0.000000
51	tsk_51	(x)	1	:	0.466594	0.020707	0.000000	0.000000	0.512699	0.000000	0.000000	0.000000
52	tsk_52	(x)	1	:	0.000000	0.000000	0.000000	0.000000	0.999999	0.000000	0.000000	0.000000
53	tsk_53	(x)	1	:	0.000000	0.005408	0.506166	0.000000	0.488426	0.000000	0.000000	0.000000
54	tsk_54	(x)	1	:	0.478198	0.012386	0.509414	0.000000	0.000002	0.000000	0.000000	0.000000
55	tsk_55	(x)	1	:	0.000000	0.000004	0.000000	0.355300	0.000000	0.000000	0.485598	0.159097
56	tsk_56	(x)	1	:	0.482606	0.007648	0.509743	0.000000	0.000003	0.000000	0.000000	0.000000
57	tsk_57	(x)	1	:	0.000000	0.000000	1.000000	0.000000	0.000000	0.000000	0.000000	0.000000
58	tsk_58	(x)	1	:	0.000000	0.000000	1.000000	0.000000	0.000000	0.000000	0.000000	0.000000
59	tsk_59	(x)	1	:	0.000000	0.000001	0.514695	0.355237	0.000000	0.000000	0.000000	0.130067
60	tsk_60	(x)	1	:	0.000000	0.000000	0.507513	0.000000	0.000000	0.492487	0.000000	0.000000
61	tsk_61	(x)	1	:	0.000002	0.505653	0.000000	0.000000	0.000000	0.494345	0.000000	0.000000
62	tsk_62	(x)	1	:	0.000004	0.485782	0.000000	0.514169	0.000000	0.000000	0.000000	0.000044
63	tsk_63	(x)	1	:	0.000007	0.493104	0.506889	0.000000	0.000000	0.000000	0.000000	0.000000
64	tsk_64	(x)	1	:	0.000000	0.000000	0.465005	0.000000	0.000000	0.534995	0.000000	0.000000
65	tsk_65	(x)	1	:	0.000000	0.011440	0.000000	0.000000	0.494475	0.494085	0.000000	0.000000
66	tsk_66	(x)	1	:	0.000000	0.000000	0.000000	0.000000	0.000000	0.472558	0.527442	0.000000
67	tsk_67	(x)	1	:	0.000000	0.000000	0.507513	0.000000	0.000000	0.492487	0.000000	0.000000
68	tsk_68	(x)	1	:	0.000000	0.000000	0.507513	0.000000	0.000000	0.492487	0.000000	0.000000
69	tsk_69	(x)	1	:	0.000000	0.000000	0.465005	0.000000	0.000000	0.534995	0.000000	0.000000
70	tsk_70	(x)	1	:	0.000000	0.000000	0.000000	1.000000	0.000000	0.000000	0.000000	0.000000
71	tsk_71	(x)	1	:	0.000000	0.000000	1.000000	0.000000	0.000000	0.000000	0.000000	0.000000
72	tsk_72	(x)	1	:	0.000000	0.000000	0.501477	0.498523	0.000000	0.000000	0.000000	0.000000
73	tsk_73	(x)	1	:	0.000000	0.000001	0.514695	0.355235	0.000000	0.000000	0.000000	0.130069
74	tsk_74	(x)	1	:	0.000022	0.493088	0.506890	0.000000	0.000000	0.000000	0.000000	0.000000
75	tsk_75	(x)	1	:	0.000000	0.000002	0.514694	0.355230	0.000000	0.000000	0.000000	0.130075
76	tsk_76	(x)	1	:	0.000015	0.493095	0.506890	0.000000	0.000000	0.000000	0.000000	0.000000
77	tsk_77	(x)	1	:	0.000000	0.000001	0.483968	0.000000	0.516031	0.000000	0.000000	0.000000
78	tsk_78	(x)	1	:	0.000000	0.000000	1.000000	0.000000	0.000000	0.000000	0.000000	0.000000
79	tsk_79	(x)	1	:	0.000000	0.000000	1.000000	0.000000	0.000000	0.000000	0.000000	0.000000
80	tsk_80	(x)	1	:	0.000000	0.006338	0.506079	0.000000	0.487583	0.000000	0.000000	0.000000
81	tsk_81	(x)	1	:	0.000000	0.000002	0.000000	0.000000	0.448378	0.000000	0.000000	0.551619
82	tsk_82	(x)	1	:	0.000000	0.001462	0.000000	0.000000	0.445737	0.000000	0.000000	0.552800
83	tsk_83	(x)	1	:	0.000000	1.000000	0.000000	0.000000	0.000000	0.000000	0.000000	0.000000
84	tsk_84	(x)	1	:	0.000000	0.505454	0.000000	0.000000	0.494546	0.000000	0.000000	0.000000
85	tsk_85	(x)	1	:	0.000000	1.000000	0.000000	0.000000	0.000000	0.000000	0.000000	0.000000
86	tsk_86	(x)	1	:	0.000000	0.505464	0.000000	0.000000	0.494536	0.000000	0.000000	0.000000
87	tsk_87	(x)	1	:	0.000000	0.000000	0.000000	0.000000	1.000000	0.000000	0.000000	0.000000
88	tsk_88	(x)	1	:	0.000000	0.426948	0.000000	0.000000	0.000000	0.000000	0.000000	0.573052
89	tsk_89	(x)	1	:	0.000000	0.000001	0.000000	0.000000	0.999999	0.000000	0.000000	0.000000
90	tsk_90	(x)	1	:	0.376900	0.160381	0.462717	0.000000	0.000002	0.000000	0.000000	0.000000
91	tsk_91	(x)	1	:	0.999985	0.000014	0.000000	0.000000	0.000000	0.000000	0.000000	0.000000
92	tsk_92	(x)	1	:	0.000000	0.000000	0.000000	0.698540	0.000000	0.000000	0.000000	0.301460
93	tsk_93	(x)	1	:	0.000045	0.493063	0.506892	0.000000	0.000000	0.000000	0.000000	0.000000
94	tsk_94	(x)	1	:	0.000000	0.000000	0.463385	0.536502	0.000000	0.000000	0.000000	0.000113
95	tsk_95	(x)	1	:	0.000036	0.493073	0.506891	0.000000	0.000000	0.000000	0.000000	0.000000
96	tsk_96	(x)	1	:	0.000000	0.000000	0.479184	0.520816	0.000000	0.000000	0.000000	0.000000
97	tsk_97	(x)	1	:	0.000000	0.000000	0.501477	0.498523	0.000000	0.000000	0.000000	0.000000
98	tsk_98	(x)	1	:	0.380105	0.112828	0.507065	0.000000	0.000003	0.000000	0.000000	0.000000
99	tsk_99	(x)	1	:	0.844206	0.155791	0.000000	0.000000	0.000003	0.000000	0.000000	0.000000
100	tsk_100	(x)	1	:	0.000000	0.539136	0.000000	0.000000	0.000000	0.000000	0.000000	0.460864
101	tsk_101	(x)	1	:	0.000000	0.537592	0.000000	0.355058	0.000000	0.000000	0.000000	0.107351
102	tsk_102	(x)	1	:	0.000000	1.000000	0.000000	0.000000	0.000000	0.000000	0.000000	0.000000
103	tsk_103	(x)	1	:	0.000000	0.505462	0.000000	0.000000	0.494538	0.000000	0.000000	0.000000
104	tsk_104	(x)	1	:	0.000002	0.485786	0.000000	0.514171	0.000000	0.000000	0.000000	0.000041
105	tsk_105	(x)	1	:	0.000000	0.505449	0.000000	0.000000	0.494551	0.000000	0.000000	0.000000
106	tsk_106	(x)	1	:	0.000000	0.485789	0.000000	0.514172	0.000000	0.000000	0.000000	0.000038
107	tsk_107	(x)	1	:	0.000000	0.495803	0.000000	0.504031	0.000000	0.000000	0.000000	0.000166
108	tsk_108	(x)	1	:	0.000003	0.485784	0.000000	0.514169	0.000000	0.000000	0.000000	0.000044
109	tsk_109	(x)	1	:	0.000003	0.518023	0.481974	0.000000	0.000000	0.000000	0.000000	0.000000
110	tsk_110	(x)	1	:	0.000000	0.011239	0.000000	0.000000	0.494643	0.494118	0.000000	0.000000
111	tsk_111	(x)	1	:	0.000000	0.006339	0.506079	0.000000	0.487583	0.000000	0.000000	0.000000
112	tsk_112	(x)	1	:	0.000002	0.539134	0.000000	0.000000	0.000000	0.000000	0.000000	0.460865
113	tsk_113	(x)	1	:	0.000000	0.000000	0.000000	0.000000	0.000000	0.000000	0.000000	1.000000
114	tsk_114	(x)	1	:	0.000000	0.006484	0.506065	0.000000	0.487451	0.000000	0.000000	0.000000
115	tsk_115	(x)	1	:	0.000000	0.000000	0.501478	0.498521	0.000000	0.000000	0.000000	0.000000
116	tsk_116	(x)	1	:	0.000000	0.005771	0.506132	0.000000	0.488097	0.000000	0.000000	0.000000
117	tsk_117	(x)	1	:	0.000000	0.044077	0.000000	0.000000	0.495311	0.000000	0.000000	0.460611
118	tsk_118	(x)	1	:	0.000000	0.000000	0.514763	0.000000	0.000000	0.000000	0.000000	0.485237
119	tsk_119	(x)	1	:	0.000000	0.518078	0.481922	0.000000	0.000000	0.000000	0.000000	0.000000
120	tsk_120	(x)	1	:	0.000000	0.000000	0.501478	0.498522	0.000000	0.000000	0.000000	0.000000
121	tsk_121	(x)	1	:	0.000014	0.493097	0.506889	0.000000	0.000000	0.000000	0.000000	0.000000
122	tsk_122	(x)	1	:	0.000000	0.000000	0.000000	0.998236	0.000000	0.000000	0.000000	0.001764
123	tsk_123	(x)	1	:	0.000000	0.000000	0.000000	1.000000	0.000000	0.000000	0.000000	0.000000
124	tsk_124	(x)	1	:	0.443150	0.556838	0.000000	0.000000	0.000013	0.000000	0.000000	0.000000
125	tsk_125	(x)	1	:	0.000000	0.000000	0.501477	0.498523	0.000000	0.000000	0.000000	0.000000
126	tsk_126	(x)	1	:	0.000001	0.484298	0.000000	0.515662	0.000000	0.000000	0.000000	0.000039
127	tsk_127	(x)	1	:	0.481308	0.009043	0.509646	0.000000	0.000002	0.000000	0.000000	0.000000
128	tsk_128	(x)	1	:	0.468773	0.059895	0.000000	0.354464	0.000002	0.000000	0.000000	0.116867
129	tsk_129	(x)	1	:	0.000000	0.000000	0.000000	1.000000	0.000000	0.000000	0.000000	0.000000
130	tsk_130	(x)	1	:	0.000000	0.484303	0.000000	0.515667	0.000000	0.000000	0.000000	0.000029
131	tsk_131	(x)	1	:	0.000000	0.505457	0.000000	0.000000	0.494543	0.000000	0.000000	0.000000
132	tsk_132	(x)	1	:	0.345330	0.162238	0.000000	0.000000	0.000000	0.492432	0.000000	0.000000
133	tsk_133	(x)	1	:	0.000000	1.000000	0.000000	0.000000	0.000000	0.000000	0.000000	0.000000
134	tsk_134	(x)	1	:	0.000000	0.484304	0.000000	0.515667	0.000000	0.000000	0.000000	0.000029
135	tsk_135	(x)	1	:	0.000027	0.493082	0.506891	0.000000	0.000000	0.000000	0.000000	0.000000
136	tsk_136	(x)	1	:	0.000060	0.493047	0.506893	0.000000	0.000000	0.000000	0.000000	0.000000
137	tsk_137	(x)	1	:	0.357832	0.143997	0.000000	0.000000	0.498171	0.000000	0.000000	0.000000
138	tsk_138	(x)	1	:	0.000000	1.000000	0.000000	0.000000	0.000000	0.000000	0.000000	0.000000
139	tsk_139	(x)	1	:	0.000053	0.493055	0.506892	0.000000	0.000000	0.000000	0.000000	0.000000
140	tsk_140	(x)	1	:	0.000005	0.493107	0.506889	0.000000	0.000000	0.000000	0.000000	0.000000
141	tsk_141	(x)	1	:	0.000000	0.518831	0.000000	0.000000	0.000000	0.000000	0.481169	0.000000
142	tsk_142	(x)	1	:	0.000013	0.493097	0.506889	0.000000	0.000000	0.000000	0.000000	0.000000
143	tsk_143	(x)	1	:	0.000038	0.493071	0.506891	0.000000	0.000000	0.000000	0.000000	0.000000
144	tsk_144	(x)	1	:	0.000001	0.539134	0.000000	0.000000	0.000000	0.000000	0.000000	0.460864
145	tsk_145	(x)	1	:	0.000000	0.495801	0.000000	0.504030	0.000000	0.000000	0.000000	0.000170
146	tsk_146	(x)	1	:	0.000000	0.000000	0.501477	0.498522	0.000000	0.000000	0.000000	0.000000
147	tsk_147	(x)	1	:	0.000000	0.000000	0.501477	0.498523	0.000000	0.000000	0.000000	0.000000
148	tsk_148	(x)	1	:	0.000000	0.000000	1.000000	0.000000	0.000000	0.000000	0.000000	0.000000
149	tsk_149	(x)	1	:	0.000000	0.000000	0.504623	0.495353	0.000000	0.000000	0.000000	0.000024
