logL = -1043.971418 (converged)
AIC = 6203.942836
BIC = 12399.830271

count.K
12 18 24 7 3 7 25 5 23 2 7 17 

