logL = -991.012846 (converged)
AIC = 6518.025691
BIC = 13346.146538

count.K
2 16 11 1 2 18 26 21 2 16 7 2 26 

