logL = -2167.116374 (converged)
AIC = 7526.232748
BIC = 12331.206678

count.K
16 6 15 0 44 47 16 1 5 

