logL = -1226.565628 (converged)
AIC = 6133.131255
BIC = 11672.700197

count.K
2 45 13 3 7 16 5 3 44 12 

