logL = -1140.377636 (converged)
AIC = 7680.755272
BIC = 15809.470566

count.K
1 0 26 0 45 11 27 0 12 1 5 2 2 14 4 

