logL = -1557.698509 (converged)
AIC = 5713.397018
BIC = 9624.212265

count.K
8 14 14 9 7 81 17 

