0	tsk_0	(x)	1	:	0.000000	0.000000	0.292005	0.000000	0.000000	0.000000	0.707994	0.000000	0.000000	0.000000
1	tsk_1	(x)	1	:	0.000000	0.000000	0.000000	0.000000	0.000000	0.000000	0.000000	0.000000	1.000000	0.000000
2	tsk_2	(x)	1	:	0.000000	0.000000	0.000000	0.000000	0.000000	0.000000	0.000000	0.000000	1.000000	0.000000
3	tsk_3	(x)	1	:	0.000000	0.000001	0.000000	0.000000	0.000000	0.000000	0.487547	0.000000	0.512451	0.000000
4	tsk_4	(x)	1	:	0.000000	0.000000	0.043368	0.000000	0.000000	0.000000	0.376721	0.000000	0.579912	0.000000
5	tsk_5	(x)	1	:	0.000000	0.000000	0.000000	0.000000	0.000000	0.000000	0.000000	0.000000	1.000000	0.000000
6	tsk_6	(x)	1	:	0.000000	0.000000	0.000010	0.000000	0.501138	0.000000	0.000121	0.000000	0.498730	0.000000
7	tsk_7	(x)	1	:	0.000000	0.000000	0.000000	0.000000	0.000000	0.000000	0.999999	0.000000	0.000000	0.000000
8	tsk_8	(x)	1	:	0.000000	0.000000	0.000000	0.000000	0.000000	0.000000	0.000000	0.000000	1.000000	0.000000
9	tsk_9	(x)	1	:	0.000000	0.000000	0.000000	0.000000	0.507999	0.000000	0.492000	0.000000	0.000000	0.000000
10	tsk_10	(x)	1	:	0.000000	1.000000	0.000000	0.000000	0.000000	0.000000	0.000000	0.000000	0.000000	0.000000
11	tsk_11	(x)	1	:	0.000000	0.512151	0.000000	0.487848	0.000000	0.000000	0.000000	0.000000	0.000000	0.000000
12	tsk_12	(x)	1	:	0.000000	0.488012	0.000000	0.000000	0.510641	0.000000	0.001347	0.000000	0.000000	0.000000
13	tsk_13	(x)	1	:	0.000001	0.000003	0.000000	0.000000	0.508000	0.000000	0.491995	0.000000	0.000000	0.000000
14	tsk_14	(x)	1	:	0.000000	0.540466	0.000000	0.000000	0.459534	0.000000	0.000000	0.000000	0.000000	0.000000
15	tsk_15	(x)	1	:	0.000000	0.000001	0.000000	0.000000	0.508000	0.000000	0.491999	0.000000	0.000000	0.000000
16	tsk_16	(x)	1	:	0.000003	0.668555	0.000000	0.000000	0.000000	0.000000	0.331441	0.000000	0.000000	0.000000
17	tsk_17	(x)	1	:	0.000000	0.000001	0.473818	0.497119	0.000000	0.000000	0.029062	0.000000	0.000000	0.000001
18	tsk_18	(x)	1	:	0.000000	0.000000	0.000000	0.000000	1.000000	0.000000	0.000000	0.000000	0.000000	0.000000
19	tsk_19	(x)	1	:	0.000003	0.668553	0.000000	0.000000	0.000000	0.000000	0.331444	0.000000	0.000000	0.000000
20	tsk_20	(x)	1	:	0.000000	0.000000	0.000000	0.000000	0.462806	0.000000	0.000000	0.000000	0.000000	0.537194
21	tsk_21	(x)	1	:	0.000000	0.000000	0.000089	0.000000	0.501823	0.000000	0.000000	0.000000	0.000000	0.498088
22	tsk_22	(x)	1	:	0.000000	0.000000	0.000000	0.000000	1.000000	0.000000	0.000000	0.000000	0.000000	0.000000
23	tsk_23	(x)	1	:	0.000000	0.000000	0.000000	0.000000	0.000000	0.000000	0.000000	0.000000	0.000000	1.000000
24	tsk_24	(x)	1	:	0.000000	0.000000	0.314892	0.000000	0.436130	0.000000	0.000000	0.000000	0.000000	0.248978
25	tsk_25	(x)	1	:	0.000000	0.000000	0.000100	0.000000	0.501816	0.000000	0.000014	0.000000	0.000000	0.498069
26	tsk_26	(x)	1	:	0.000000	0.000000	0.000000	0.000000	0.512338	0.000000	0.000000	0.487662	0.000000	0.000000
27	tsk_27	(x)	1	:	0.000000	0.000000	0.000129	0.000000	0.501795	0.000000	0.000066	0.000000	0.000000	0.498010
28	tsk_28	(x)	1	:	0.000000	0.000000	0.000103	0.000000	0.501819	0.000000	0.000006	0.000000	0.000000	0.498072
29	tsk_29	(x)	1	:	0.000000	0.000000	0.000096	0.000000	0.501822	0.000000	0.000000	0.000000	0.000000	0.498082
30	tsk_30	(x)	1	:	0.000000	0.000000	0.434588	0.000000	0.000000	0.000000	0.086670	0.478739	0.000002	0.000000
31	tsk_31	(x)	1	:	0.000000	0.000000	0.000132	0.000000	0.000000	0.000000	0.000000	0.000000	0.501902	0.497966
32	tsk_32	(x)	1	:	0.000000	0.000000	0.000130	0.000000	0.501817	0.000000	0.000000	0.000000	0.000000	0.498053
33	tsk_33	(x)	1	:	0.000000	0.000000	0.000000	0.000000	0.000000	0.000000	0.000000	0.000000	0.000000	1.000000
34	tsk_34	(x)	1	:	0.000000	0.000000	0.434498	0.000000	0.000000	0.000000	0.086810	0.478693	0.000000	0.000000
35	tsk_35	(x)	1	:	0.000000	0.565617	0.000000	0.000000	0.000000	0.000000	0.000000	0.000000	0.434382	0.000000
36	tsk_36	(x)	1	:	0.000000	0.566717	0.000013	0.000000	0.000000	0.000000	0.000000	0.000000	0.000000	0.433269
37	tsk_37	(x)	1	:	0.000000	0.000000	0.412427	0.000000	0.000000	0.000000	0.000000	0.000000	0.587572	0.000000
38	tsk_38	(x)	1	:	0.000000	0.000000	0.000000	0.000000	0.000000	0.000000	0.000000	0.000000	1.000000	0.000000
39	tsk_39	(x)	1	:	0.000000	0.000000	0.000000	0.000000	0.000000	0.000000	0.000000	0.000000	0.000000	1.000000
40	tsk_40	(x)	1	:	0.000000	0.000000	0.000000	0.000000	0.000000	0.000000	0.000000	0.000000	0.000000	1.000000
41	tsk_41	(x)	1	:	0.000000	0.000000	0.000000	0.000000	0.000000	0.487322	0.000000	0.000000	0.512678	0.000000
42	tsk_42	(x)	1	:	0.000000	0.000000	0.000004	0.000000	0.501154	0.000000	0.000076	0.000000	0.498765	0.000000
43	tsk_43	(x)	1	:	0.000000	0.000000	0.000000	0.000000	0.000000	0.487322	0.000000	0.000000	0.512678	0.000000
44	tsk_44	(x)	1	:	0.000000	0.000000	0.000139	0.000000	0.000000	0.000000	0.000000	0.000000	0.501898	0.497963
45	tsk_45	(x)	1	:	0.608324	0.000000	0.390571	0.000000	0.000000	0.000000	0.001105	0.000000	0.000000	0.000000
46	tsk_46	(x)	1	:	0.000000	0.000000	0.000000	0.000000	0.000000	0.000000	0.000000	0.000000	0.000000	1.000000
47	tsk_47	(x)	1	:	0.000000	0.000000	0.000000	0.000000	0.000000	0.487322	0.000000	0.000000	0.512678	0.000000
48	tsk_48	(x)	1	:	0.000000	0.000000	0.000000	0.000000	0.000000	0.000000	0.000000	0.000000	1.000000	0.000000
49	tsk_49	(x)	1	:	0.000000	0.000000	0.000000	0.000000	0.000000	0.000000	0.009494	0.478562	0.511944	0.000000
50	tsk_50	(x)	1	:	0.000000	0.000000	0.000000	0.000000	0.505254	0.494273	0.000473	0.000000	0.000000	0.000000
51	tsk_51	(x)	1	:	0.000000	0.000000	0.000140	0.000000	0.501811	0.000000	0.000012	0.000000	0.000000	0.498037
52	tsk_52	(x)	1	:	0.000000	0.000000	0.000000	0.000000	0.000000	1.000000	0.000000	0.000000	0.000000	0.000000
53	tsk_53	(x)	1	:	0.000000	0.426151	0.000000	0.000000	0.000000	0.000000	0.000008	0.573841	0.000000	0.000000
54	tsk_54	(x)	1	:	0.402593	0.000000	0.000000	0.000000	0.000000	0.499117	0.098290	0.000000	0.000000	0.000000
55	tsk_55	(x)	1	:	0.000000	0.000000	0.000116	0.000000	0.501809	0.000000	0.000029	0.000000	0.000000	0.498046
56	tsk_56	(x)	1	:	0.000000	0.000000	0.064820	0.000000	0.000000	0.557368	0.377812	0.000000	0.000000	0.000000
57	tsk_57	(x)	1	:	0.000000	0.000001	0.000166	0.000000	0.000000	0.000000	0.489427	0.000000	0.000000	0.510406
58	tsk_58	(x)	1	:	0.000000	0.000000	0.000084	0.000000	0.501785	0.000000	0.000117	0.000000	0.000000	0.498014
59	tsk_59	(x)	1	:	0.000000	0.000000	0.000142	0.000000	0.501809	0.000000	0.000018	0.000000	0.000000	0.498031
60	tsk_60	(x)	1	:	0.409489	0.000000	0.000000	0.000000	0.509500	0.000000	0.081011	0.000000	0.000000	0.000000
61	tsk_61	(x)	1	:	0.000000	0.000000	0.000000	0.000000	0.000000	0.499774	0.500225	0.000000	0.000000	0.000000
62	tsk_62	(x)	1	:	0.000000	0.480790	0.000140	0.000000	0.000000	0.000000	0.007035	0.000000	0.000000	0.512036
63	tsk_63	(x)	1	:	0.403251	0.477047	0.000000	0.000000	0.000000	0.000000	0.119702	0.000000	0.000000	0.000000
64	tsk_64	(x)	1	:	0.000001	0.000003	0.000000	0.000000	0.508000	0.000000	0.491996	0.000000	0.000000	0.000000
65	tsk_65	(x)	1	:	0.000000	0.477589	0.000000	0.000000	0.000000	0.000000	0.522411	0.000000	0.000000	0.000000
66	tsk_66	(x)	1	:	0.000000	0.484107	0.000000	0.000000	0.509642	0.000000	0.006251	0.000000	0.000000	0.000000
67	tsk_67	(x)	1	:	0.000000	0.481089	0.000050	0.000000	0.000000	0.000000	0.006626	0.000000	0.000000	0.512234
68	tsk_68	(x)	1	:	0.000000	0.475854	0.000000	0.000000	0.000000	0.000000	0.012564	0.000000	0.511581	0.000000
69	tsk_69	(x)	1	:	0.000000	0.477431	0.000000	0.000000	0.000000	0.499679	0.022890	0.000000	0.000000	0.000000
70	tsk_70	(x)	1	:	0.000000	0.000000	0.412552	0.000000	0.000000	0.286394	0.000000	0.000000	0.301054	0.000000
71	tsk_71	(x)	1	:	0.000000	0.000000	0.000075	0.000000	0.000000	0.000000	0.000000	0.000000	0.501930	0.497995
72	tsk_72	(x)	1	:	0.000000	0.000000	0.000000	0.000000	0.000000	0.000000	0.000000	0.000000	1.000000	0.000000
73	tsk_73	(x)	1	:	0.000000	0.000000	0.000000	0.489452	0.000000	0.000000	0.000000	0.510548	0.000000	0.000000
74	tsk_74	(x)	1	:	0.000000	0.000000	0.413819	0.000000	0.000000	0.286929	0.000000	0.000000	0.000000	0.299252
75	tsk_75	(x)	1	:	0.000000	0.000000	0.000000	0.000000	0.391287	0.000000	0.000000	0.608713	0.000000	0.000000
76	tsk_76	(x)	1	:	0.000000	0.000000	0.000004	0.000000	0.501115	0.000000	0.000194	0.000000	0.498686	0.000000
77	tsk_77	(x)	1	:	0.000000	0.000000	0.000000	0.000000	0.000000	0.376381	0.000000	0.623619	0.000000	0.000000
78	tsk_78	(x)	1	:	0.000000	0.000000	0.000104	0.000000	0.501816	0.000000	0.000013	0.000000	0.000000	0.498067
79	tsk_79	(x)	1	:	0.000000	0.000000	0.000085	0.000000	0.501784	0.000000	0.000118	0.000000	0.000000	0.498012
80	tsk_80	(x)	1	:	0.000000	0.000000	0.000000	0.000000	0.000000	0.000000	0.000000	0.000000	1.000000	0.000000
81	tsk_81	(x)	1	:	0.000000	0.000000	0.000000	0.000000	0.000000	0.000000	0.000000	0.000000	0.000000	1.000000
82	tsk_82	(x)	1	:	0.000000	0.000000	0.000000	0.000000	0.000000	0.000000	0.000000	0.000000	1.000000	0.000000
83	tsk_83	(x)	1	:	0.553090	0.000000	0.000000	0.000000	0.000000	0.000000	0.000157	0.000000	0.446752	0.000000
84	tsk_84	(x)	1	:	0.000000	0.000000	0.000000	0.000000	0.000000	0.487322	0.000000	0.000000	0.512678	0.000000
85	tsk_85	(x)	1	:	0.000000	0.000000	0.000000	0.000000	0.000000	0.000000	0.000000	0.000000	1.000000	0.000000
86	tsk_86	(x)	1	:	0.000000	0.477589	0.000000	0.000000	0.000000	0.000000	0.522411	0.000000	0.000000	0.000000
87	tsk_87	(x)	1	:	0.000000	0.000000	0.000000	0.000000	0.000000	0.000000	0.008257	0.479178	0.512565	0.000000
88	tsk_88	(x)	1	:	0.000000	0.000000	0.000000	0.000000	0.000000	0.487322	0.000000	0.000000	0.512678	0.000000
89	tsk_89	(x)	1	:	0.553090	0.000000	0.000000	0.000000	0.000000	0.000000	0.000157	0.000000	0.446752	0.000000
90	tsk_90	(x)	1	:	0.000000	0.000000	0.000000	0.000000	0.000000	0.594332	0.000000	0.000000	0.405668	0.000000
91	tsk_91	(x)	1	:	0.000000	1.000000	0.000000	0.000000	0.000000	0.000000	0.000000	0.000000	0.000000	0.000000
92	tsk_92	(x)	1	:	0.000000	0.477346	0.434985	0.000000	0.000000	0.000000	0.087668	0.000000	0.000001	0.000000
93	tsk_93	(x)	1	:	0.000000	1.000000	0.000000	0.000000	0.000000	0.000000	0.000000	0.000000	0.000000	0.000000
94	tsk_94	(x)	1	:	0.000000	0.400412	0.000000	0.000000	0.000000	0.246584	0.000000	0.000000	0.353003	0.000000
95	tsk_95	(x)	1	:	0.000000	0.479141	0.000000	0.000000	0.000000	0.500537	0.020322	0.000000	0.000000	0.000000
96	tsk_96	(x)	1	:	0.000000	0.478939	0.000000	0.000000	0.000000	0.500435	0.020626	0.000000	0.000000	0.000000
97	tsk_97	(x)	1	:	0.000000	0.000000	0.000000	0.000000	0.000000	0.487322	0.000000	0.000000	0.512678	0.000000
98	tsk_98	(x)	1	:	0.000000	0.476330	0.000000	0.000000	0.000000	0.000000	0.011849	0.000000	0.511821	0.000000
99	tsk_99	(x)	1	:	0.000000	0.000000	0.000000	0.000000	0.000000	1.000000	0.000000	0.000000	0.000000	0.000000
100	tsk_100	(x)	1	:	0.000000	0.000001	0.435427	0.000000	0.000000	0.000000	0.564571	0.000000	0.000001	0.000000
101	tsk_101	(x)	1	:	0.472679	0.000000	0.000000	0.000000	0.527321	0.000000	0.000000	0.000000	0.000000	0.000000
102	tsk_102	(x)	1	:	0.000000	0.000000	0.000008	0.000000	0.501147	0.000000	0.000096	0.000000	0.498749	0.000000
103	tsk_103	(x)	1	:	0.402199	0.000000	0.433525	0.000000	0.000000	0.000000	0.164275	0.000000	0.000001	0.000000
104	tsk_104	(x)	1	:	0.000000	0.000000	0.415981	0.000000	0.000000	0.000000	0.000000	0.000000	0.000000	0.584019
105	tsk_105	(x)	1	:	0.000000	0.000002	0.000000	0.000000	0.000000	0.000000	0.487546	0.000000	0.512452	0.000000
106	tsk_106	(x)	1	:	0.000000	0.000000	0.296241	0.000000	0.000000	0.000000	0.703759	0.000000	0.000000	0.000000
107	tsk_107	(x)	1	:	0.000000	0.000000	0.000135	0.000000	0.000000	0.000000	0.000000	0.000000	0.501900	0.497965
108	tsk_108	(x)	1	:	0.000000	0.000000	0.000000	0.000000	0.382464	0.000000	0.105270	0.000000	0.512266	0.000000
109	tsk_109	(x)	1	:	0.000000	0.477876	0.000000	0.000000	0.000000	0.499902	0.022221	0.000000	0.000000	0.000000
110	tsk_110	(x)	1	:	0.000000	0.000000	0.000000	0.000000	0.000000	0.000000	0.000000	1.000000	0.000000	0.000000
111	tsk_111	(x)	1	:	0.000000	0.000000	0.000000	0.000000	0.000000	0.000000	0.007788	0.479411	0.512801	0.000000
112	tsk_112	(x)	1	:	0.000000	0.000000	0.000000	0.000000	0.000000	0.000000	0.000000	0.000000	1.000000	0.000000
113	tsk_113	(x)	1	:	0.402356	0.000000	0.000000	0.000000	0.000000	0.000000	0.119335	0.478308	0.000000	0.000000
114	tsk_114	(x)	1	:	0.000000	0.000000	0.000000	0.000000	0.000000	0.000000	0.000000	0.000000	1.000000	0.000000
115	tsk_115	(x)	1	:	0.000000	0.000000	0.000000	0.000000	0.000000	0.000000	0.006110	0.480246	0.513644	0.000000
116	tsk_116	(x)	1	:	0.000000	0.000000	0.000000	0.000000	0.000000	0.000000	0.000000	0.000000	0.000000	1.000000
117	tsk_117	(x)	1	:	0.000000	0.000000	0.000006	0.000000	0.501109	0.000000	0.000213	0.000000	0.498672	0.000000
118	tsk_118	(x)	1	:	0.000000	0.000000	0.000000	0.000000	0.000000	0.000000	0.000000	0.000000	1.000000	0.000000
119	tsk_119	(x)	1	:	0.000000	0.000000	0.000000	0.000000	0.000000	0.000000	0.000000	0.000000	1.000000	0.000000
120	tsk_120	(x)	1	:	0.000000	0.474066	0.000004	0.000000	0.000000	0.000000	0.015251	0.000000	0.510680	0.000000
121	tsk_121	(x)	1	:	0.999990	0.000000	0.000000	0.000000	0.000000	0.000000	0.000010	0.000000	0.000000	0.000000
122	tsk_122	(x)	1	:	0.000000	1.000000	0.000000	0.000000	0.000000	0.000000	0.000000	0.000000	0.000000	0.000000
123	tsk_123	(x)	1	:	0.999990	0.000000	0.000000	0.000000	0.000000	0.000000	0.000010	0.000000	0.000000	0.000000
124	tsk_124	(x)	1	:	0.639794	0.000000	0.000000	0.000000	0.000000	0.000000	0.360206	0.000000	0.000000	0.000000
125	tsk_125	(x)	1	:	0.403224	0.000000	0.000000	0.000000	0.000000	0.000000	0.084618	0.000000	0.512158	0.000000
126	tsk_126	(x)	1	:	0.000000	0.408290	0.591694	0.000000	0.000000	0.000000	0.000016	0.000000	0.000000	0.000000
127	tsk_127	(x)	1	:	0.000000	0.408286	0.591691	0.000000	0.000000	0.000000	0.000023	0.000000	0.000000	0.000000
128	tsk_128	(x)	1	:	0.000000	0.000000	0.000000	0.000000	0.000000	0.000000	0.000000	0.000000	1.000000	0.000000
129	tsk_129	(x)	1	:	0.000000	0.000000	0.000000	0.000000	0.000000	0.592187	0.000000	0.000000	0.407813	0.000000
130	tsk_130	(x)	1	:	0.000000	0.000000	0.000131	0.000000	0.000000	0.000000	0.000000	0.000000	0.501902	0.497967
131	tsk_131	(x)	1	:	0.000000	0.000000	0.000000	0.000000	0.000000	0.000000	0.999999	0.000000	0.000000	0.000000
132	tsk_132	(x)	1	:	0.000000	0.000000	0.000163	0.000000	0.000000	0.000000	0.000000	0.000000	0.501886	0.497951
133	tsk_133	(x)	1	:	0.000000	0.000002	0.000000	0.000000	0.000000	0.499775	0.500222	0.000000	0.000000	0.000000
134	tsk_134	(x)	1	:	0.000000	0.000001	0.000208	0.000000	0.000000	0.000000	0.489406	0.000000	0.000000	0.510384
135	tsk_135	(x)	1	:	0.000000	0.000001	0.000000	0.000000	0.000000	0.000000	0.999999	0.000000	0.000000	0.000000
136	tsk_136	(x)	1	:	0.000000	0.000004	0.000000	0.000000	0.000000	0.000000	0.999996	0.000000	0.000000	0.000000
137	tsk_137	(x)	1	:	0.000000	0.000001	0.000010	0.000000	0.000000	0.000000	0.487543	0.000000	0.512446	0.000000
138	tsk_138	(x)	1	:	0.000000	0.000001	0.435424	0.000000	0.000000	0.000000	0.564572	0.000000	0.000002	0.000000
139	tsk_139	(x)	1	:	0.000000	0.000000	0.000000	0.000000	0.000000	0.000000	0.000000	0.000000	1.000000	0.000000
140	tsk_140	(x)	1	:	0.000000	0.000000	0.000000	0.000000	0.000000	0.000000	0.000000	0.000000	1.000000	0.000000
141	tsk_141	(x)	1	:	0.000000	0.000000	0.626314	0.000000	0.000000	0.000000	0.000000	0.000000	0.000000	0.373686
142	tsk_142	(x)	1	:	0.000000	0.000000	0.435960	0.000000	0.508174	0.000000	0.055865	0.000000	0.000001	0.000000
143	tsk_143	(x)	1	:	0.000000	0.000000	0.000118	0.000000	0.501789	0.000000	0.000089	0.000000	0.000000	0.498004
144	tsk_144	(x)	1	:	0.000000	0.000000	0.000071	0.000000	0.000000	0.000000	0.006784	0.480872	0.000000	0.512273
145	tsk_145	(x)	1	:	0.000000	0.000000	0.000130	0.000000	0.501798	0.000000	0.000058	0.000000	0.000000	0.498014
146	tsk_146	(x)	1	:	0.000000	0.000000	0.000068	0.000000	0.000000	0.000000	0.004178	0.482170	0.000000	0.513585
147	tsk_147	(x)	1	:	0.000000	0.481783	0.000000	0.000000	0.000000	0.000000	0.037103	0.481114	0.000000	0.000000
148	tsk_148	(x)	1	:	0.000000	0.000000	0.000104	0.000000	0.501802	0.000000	0.000058	0.000000	0.000000	0.498037
149	tsk_149	(x)	1	:	0.000000	0.000000	0.000000	0.000000	1.000000	0.000000	0.000000	0.000000	0.000000	0.000000
