logL = -1728.593830 (converged)
AIC = 9157.187660
BIC = 17737.498248

count.K
4 33 4 1 16 16 21 5 10 10 9 10 3 0 8 

