logL = -564.539218 (converged)
AIC = 4613.078435
BIC = 9857.605117

count.K
7 22 25 0 48 5 4 15 17 2 5 

