logL = -1090.027740 (converged)
AIC = 3670.055480
BIC = 5912.978775

count.K
37 4 4 9 96 

