0	tsk_0	(x)	1	:	0.000000	0.000000	0.000000	0.000000	0.004972	0.522437	0.000000	0.000000	0.000000	0.000000	0.313479	0.102157	0.056955
1	tsk_1	(x)	1	:	0.000000	0.000000	0.000000	0.000000	0.065344	0.000000	0.000000	0.000000	0.000000	0.000000	0.509841	0.251242	0.173573
2	tsk_2	(x)	1	:	0.000000	0.000000	0.000000	0.000000	0.031833	0.000000	0.000000	0.000000	0.000000	0.000000	0.587092	0.330411	0.050664
3	tsk_3	(x)	1	:	0.000000	0.000000	0.000000	0.000000	0.287527	0.000000	0.000000	0.000000	0.004802	0.495675	0.045005	0.054986	0.112004
4	tsk_4	(x)	1	:	0.000000	0.446374	0.000000	0.550030	0.000000	0.000000	0.000000	0.000001	0.000000	0.000000	0.000716	0.002527	0.000352
5	tsk_5	(x)	1	:	0.000000	0.000000	0.000000	0.000000	0.000001	0.000000	0.000000	0.503183	0.000686	0.496130	0.000000	0.000000	0.000000
6	tsk_6	(x)	1	:	0.000000	0.461065	0.000000	0.000000	0.032169	0.000000	0.000000	0.000003	0.005389	0.498213	0.000214	0.001341	0.001606
7	tsk_7	(x)	1	:	0.000000	0.000000	0.000000	0.000000	0.019765	0.000000	0.000000	0.000000	0.000000	0.000000	0.290631	0.562236	0.127368
8	tsk_8	(x)	1	:	0.000000	0.000000	0.306592	0.000000	0.001695	0.000000	0.000000	0.675149	0.000000	0.000000	0.005558	0.009089	0.001917
9	tsk_9	(x)	1	:	0.426144	0.000000	0.000000	0.536975	0.002777	0.000000	0.000000	0.000000	0.000000	0.000000	0.019990	0.013517	0.000597
10	tsk_10	(x)	1	:	0.000000	0.000000	0.000000	0.000000	0.000000	1.000000	0.000000	0.000000	0.000000	0.000000	0.000000	0.000000	0.000000
11	tsk_11	(x)	1	:	0.000000	0.000000	0.000000	0.000000	0.270888	0.000000	0.000000	0.000000	0.522728	0.000000	0.060088	0.053509	0.092787
12	tsk_12	(x)	1	:	0.000000	0.000000	0.000000	0.000000	0.115081	0.000000	0.000000	0.000000	0.000000	0.000000	0.346080	0.494564	0.044275
13	tsk_13	(x)	1	:	0.000000	0.000000	0.000000	0.000000	0.010782	0.522437	0.000000	0.000000	0.000000	0.000000	0.321864	0.038917	0.105999
14	tsk_14	(x)	1	:	0.426186	0.000000	0.000000	0.000000	0.000000	0.522437	0.000000	0.000000	0.000000	0.000000	0.031183	0.005608	0.014586
15	tsk_15	(x)	1	:	0.000000	0.000000	0.000000	0.000000	0.000000	1.000000	0.000000	0.000000	0.000000	0.000000	0.000000	0.000000	0.000000
16	tsk_16	(x)	1	:	0.000000	0.000000	0.000000	0.000000	0.201691	0.000000	0.000000	0.000000	0.522728	0.000000	0.025951	0.030588	0.219041
17	tsk_17	(x)	1	:	0.000000	0.000000	0.000000	0.000000	0.000000	1.000000	0.000000	0.000000	0.000000	0.000000	0.000000	0.000000	0.000000
18	tsk_18	(x)	1	:	0.000000	0.000000	0.000000	0.000000	0.000560	0.522437	0.000000	0.000000	0.000000	0.000000	0.258500	0.124999	0.093504
19	tsk_19	(x)	1	:	0.426186	0.000000	0.000000	0.000000	0.000000	0.522437	0.000000	0.000000	0.000000	0.000000	0.030653	0.010494	0.010229
20	tsk_20	(x)	1	:	0.426188	0.000000	0.000000	0.000000	0.008176	0.000000	0.000000	0.000000	0.000000	0.000000	0.266790	0.244503	0.054343
21	tsk_21	(x)	1	:	0.000000	0.000000	0.000000	0.000000	0.037317	0.000000	0.000000	0.476713	0.000000	0.000000	0.237298	0.185170	0.063501
22	tsk_22	(x)	1	:	0.000000	0.430103	0.000000	0.000000	0.061080	0.000000	0.000000	0.000000	0.000000	0.000000	0.252728	0.200653	0.055435
23	tsk_23	(x)	1	:	0.000000	0.000000	0.000000	0.536995	0.026423	0.000000	0.000000	0.000000	0.000000	0.000000	0.171555	0.240871	0.024155
24	tsk_24	(x)	1	:	0.000000	0.000000	0.000000	0.000000	0.206202	0.000000	0.000000	0.000000	0.005462	0.495081	0.087257	0.043145	0.162853
25	tsk_25	(x)	1	:	0.000000	0.000000	0.000000	0.000000	0.098075	0.000000	0.000000	0.000000	0.000000	0.000000	0.227093	0.653539	0.021292
26	tsk_26	(x)	1	:	0.000000	0.000000	0.000000	0.000000	0.048450	0.000000	0.000000	0.000000	0.000000	0.000000	0.506215	0.351149	0.094185
27	tsk_27	(x)	1	:	0.300189	0.000000	0.000000	0.000000	0.031677	0.000000	0.000000	0.000000	0.000000	0.000000	0.443006	0.208498	0.016631
28	tsk_28	(x)	1	:	0.000000	0.201235	0.000000	0.000000	0.038902	0.000000	0.000000	0.000000	0.000000	0.000000	0.464484	0.273616	0.021763
29	tsk_29	(x)	1	:	0.000000	0.000000	0.000000	0.000000	0.093338	0.000000	0.000000	0.000000	0.000000	0.000000	0.425225	0.381204	0.100233
30	tsk_30	(x)	1	:	0.000000	0.000000	0.000000	0.347411	0.041077	0.000000	0.509744	0.000000	0.000000	0.000000	0.020164	0.017601	0.064003
31	tsk_31	(x)	1	:	0.000000	0.000000	0.000000	0.347409	0.034998	0.000000	0.000000	0.000000	0.000000	0.000000	0.280383	0.268137	0.069074
32	tsk_32	(x)	1	:	0.000000	0.000000	0.000000	0.347409	0.013012	0.000000	0.000000	0.000000	0.000000	0.000000	0.200911	0.406652	0.032017
33	tsk_33	(x)	1	:	0.000000	0.000000	0.000000	0.347409	0.000631	0.000000	0.000000	0.000000	0.000000	0.000000	0.169973	0.399687	0.082301
34	tsk_34	(x)	1	:	0.000000	0.000000	0.000000	0.000000	0.103322	0.000000	0.000000	0.000000	0.000000	0.000000	0.435116	0.389538	0.072024
35	tsk_35	(x)	1	:	0.000000	0.000000	0.000000	0.347409	0.054523	0.000000	0.000000	0.000000	0.000000	0.000000	0.214783	0.321360	0.061925
36	tsk_36	(x)	1	:	0.000000	0.000000	0.000000	0.347409	0.044751	0.000000	0.000000	0.000000	0.000000	0.000000	0.226358	0.330307	0.051175
37	tsk_37	(x)	1	:	0.000000	0.000000	0.000000	0.347401	0.129872	0.000000	0.000000	0.000000	0.522727	0.000000	0.000000	0.000000	0.000000
38	tsk_38	(x)	1	:	0.000000	0.000000	0.000000	0.000000	0.208949	0.000000	0.509744	0.000000	0.000000	0.000000	0.048012	0.036106	0.197189
39	tsk_39	(x)	1	:	0.000000	0.000000	0.000000	0.000000	0.168211	0.000000	0.000000	0.000000	0.005943	0.494648	0.026172	0.047645	0.257381
40	tsk_40	(x)	1	:	0.000000	0.000000	0.000000	0.000000	0.000000	0.000000	0.000000	0.000000	0.000000	1.000000	0.000000	0.000000	0.000000
41	tsk_41	(x)	1	:	0.000000	0.201264	0.000000	0.000000	0.145150	0.000000	0.000000	0.000000	0.004909	0.495588	0.029026	0.034992	0.089072
42	tsk_42	(x)	1	:	0.000000	0.000000	0.000000	0.000000	0.000000	0.000000	0.000000	0.000000	0.000000	1.000000	0.000000	0.000000	0.000000
43	tsk_43	(x)	1	:	0.000000	0.000000	0.000000	0.000000	0.000000	0.000000	0.999999	0.000000	0.000000	0.000001	0.000000	0.000000	0.000000
44	tsk_44	(x)	1	:	0.000000	0.000000	0.000000	0.000000	0.201453	0.000000	0.000000	0.000000	0.005749	0.494822	0.045321	0.036104	0.216550
45	tsk_45	(x)	1	:	0.000000	0.000000	0.000000	0.000000	0.205176	0.000000	0.000000	0.000000	0.005453	0.495089	0.024503	0.043782	0.225997
46	tsk_46	(x)	1	:	0.000000	0.000000	0.000000	0.000000	0.000000	0.000000	0.000000	0.000000	0.000000	1.000000	0.000000	0.000000	0.000000
47	tsk_47	(x)	1	:	0.000000	0.445887	0.000000	0.000000	0.035194	0.000000	0.000000	0.000000	0.003828	0.496630	0.001416	0.002938	0.014107
48	tsk_48	(x)	1	:	0.000000	0.000000	0.000000	0.000000	0.256041	0.000000	0.000000	0.000000	0.005715	0.494852	0.041757	0.058014	0.143621
49	tsk_49	(x)	1	:	0.000000	0.000000	0.000000	0.000000	0.000000	0.000000	0.000000	0.000000	0.000000	1.000000	0.000000	0.000000	0.000000
50	tsk_50	(x)	1	:	0.000000	0.000000	0.000000	0.000000	0.114476	0.000000	0.000000	0.000000	0.000000	0.000000	0.190766	0.511397	0.183360
51	tsk_51	(x)	1	:	0.000000	0.000000	0.000000	1.000000	0.000000	0.000000	0.000000	0.000000	0.000000	0.000000	0.000000	0.000000	0.000000
52	tsk_52	(x)	1	:	0.000000	0.000000	0.000000	0.000000	0.103072	0.000000	0.000000	0.000000	0.000000	0.000000	0.348540	0.445666	0.102723
53	tsk_53	(x)	1	:	0.000000	0.000000	0.000000	0.536995	0.005242	0.000000	0.000000	0.000000	0.000000	0.000000	0.217368	0.218921	0.021474
54	tsk_54	(x)	1	:	0.000000	0.000000	0.000000	0.000000	0.000531	0.522437	0.000000	0.000000	0.000000	0.000000	0.313192	0.061446	0.102395
55	tsk_55	(x)	1	:	0.000000	0.000000	0.000000	0.000000	0.126944	0.000000	0.000000	0.000000	0.000000	0.000000	0.292739	0.563879	0.016438
56	tsk_56	(x)	1	:	0.000000	0.000000	0.000000	0.536995	0.003416	0.000000	0.000000	0.000000	0.000000	0.000000	0.190229	0.245183	0.024177
57	tsk_57	(x)	1	:	0.000000	0.000000	0.000000	0.536995	0.022317	0.000000	0.000000	0.000000	0.000000	0.000000	0.187875	0.250145	0.002668
58	tsk_58	(x)	1	:	0.426188	0.000000	0.000000	0.000000	0.000000	0.522437	0.000000	0.000000	0.000000	0.000000	0.021049	0.008789	0.021536
59	tsk_59	(x)	1	:	0.000000	0.000000	0.000000	0.000000	0.134185	0.000000	0.000000	0.000000	0.000000	0.000000	0.303945	0.461836	0.100035
60	tsk_60	(x)	1	:	0.000000	0.000000	0.000000	0.000000	0.000000	0.000000	0.000000	0.000000	0.000000	1.000000	0.000000	0.000000	0.000000
61	tsk_61	(x)	1	:	0.000000	0.000000	0.000000	0.504321	0.000000	0.000000	0.000000	0.000000	0.001351	0.494327	0.000000	0.000000	0.000001
62	tsk_62	(x)	1	:	0.000000	0.000000	0.000000	0.000000	0.070434	0.000000	0.000000	0.000000	0.000000	0.000000	0.479468	0.400377	0.049721
63	tsk_63	(x)	1	:	0.000000	0.237896	0.000000	0.000000	0.015270	0.402969	0.000000	0.000000	0.000000	0.000000	0.173799	0.059798	0.110268
64	tsk_64	(x)	1	:	0.000000	0.000000	0.000000	0.347409	0.010187	0.000000	0.000000	0.000000	0.000000	0.000000	0.186451	0.375821	0.080132
65	tsk_65	(x)	1	:	0.000000	0.000000	0.000000	0.000000	0.004295	0.402945	0.000000	0.000000	0.000000	0.000000	0.339617	0.165673	0.087469
66	tsk_66	(x)	1	:	0.000000	0.237856	0.000000	0.000000	0.049074	0.000000	0.000000	0.000000	0.000000	0.000000	0.236033	0.333463	0.143574
67	tsk_67	(x)	1	:	0.000000	0.237922	0.000000	0.000000	0.161362	0.000000	0.000000	0.000000	0.004868	0.495632	0.019088	0.017223	0.063905
68	tsk_68	(x)	1	:	0.000000	0.237922	0.000000	0.000000	0.102520	0.000000	0.000000	0.000000	0.004895	0.495607	0.027661	0.016041	0.115353
69	tsk_69	(x)	1	:	0.000000	0.000000	0.000000	0.536995	0.000000	0.000000	0.000000	0.000000	0.000000	0.000000	0.110523	0.333310	0.019172
70	tsk_70	(x)	1	:	0.000000	0.000000	0.000000	0.536995	0.016717	0.000000	0.000000	0.000000	0.000000	0.000000	0.269638	0.142589	0.034061
71	tsk_71	(x)	1	:	0.000000	0.000000	0.286582	0.000000	0.038690	0.000000	0.000000	0.000000	0.000000	0.000000	0.234390	0.346327	0.094011
72	tsk_72	(x)	1	:	0.000000	0.430103	0.000000	0.000000	0.014365	0.000000	0.000000	0.000000	0.000000	0.000000	0.279547	0.236453	0.039531
73	tsk_73	(x)	1	:	0.000000	0.000000	0.000000	0.000000	0.044045	0.000000	0.000000	0.000000	0.000000	0.000000	0.566220	0.389735	0.000000
74	tsk_74	(x)	1	:	0.000000	0.237856	0.000000	0.000000	0.052562	0.000000	0.000000	0.000000	0.000000	0.000000	0.384149	0.236621	0.088813
75	tsk_75	(x)	1	:	0.000000	0.000000	0.000000	0.000000	0.055985	0.000000	0.000000	0.000000	0.000000	0.000000	0.445674	0.469840	0.028502
76	tsk_76	(x)	1	:	0.000000	0.000000	0.000000	0.347409	0.020925	0.000000	0.000000	0.000000	0.000000	0.000000	0.220396	0.346911	0.064359
77	tsk_77	(x)	1	:	0.000000	0.000000	0.546247	0.000000	0.034701	0.000000	0.000000	0.000000	0.000000	0.000000	0.074321	0.245948	0.098782
78	tsk_78	(x)	1	:	0.000000	0.000000	0.000000	1.000000	0.000000	0.000000	0.000000	0.000000	0.000000	0.000000	0.000000	0.000000	0.000000
79	tsk_79	(x)	1	:	0.000000	0.237942	0.546449	0.000000	0.001782	0.000000	0.000000	0.000000	0.000000	0.000000	0.070071	0.129137	0.014619
80	tsk_80	(x)	1	:	0.000000	0.000000	0.484296	0.000000	0.000000	0.000000	0.000000	0.000000	0.515704	0.000000	0.000000	0.000000	0.000000
81	tsk_81	(x)	1	:	0.000000	0.000000	0.000000	0.000000	0.245073	0.000000	0.000000	0.000000	0.005306	0.495221	0.109293	0.099632	0.045474
82	tsk_82	(x)	1	:	0.000000	0.000000	0.000000	0.000000	0.332809	0.000000	0.000000	0.000000	0.522728	0.000000	0.012663	0.011980	0.119820
83	tsk_83	(x)	1	:	0.000000	0.000000	0.489187	0.000000	0.000000	0.510813	0.000000	0.000000	0.000000	0.000000	0.000000	0.000000	0.000000
84	tsk_84	(x)	1	:	0.000000	0.000000	0.000000	0.000000	0.034207	0.000000	0.000000	0.000000	0.000000	0.000000	0.375426	0.497527	0.092839
85	tsk_85	(x)	1	:	0.000000	0.000000	0.000000	0.000000	0.000000	0.446028	0.000000	0.000000	0.553972	0.000000	0.000000	0.000000	0.000000
86	tsk_86	(x)	1	:	0.000000	0.000000	0.546247	0.000000	0.014595	0.000000	0.000000	0.000000	0.000000	0.000000	0.126102	0.305733	0.007323
87	tsk_87	(x)	1	:	0.000000	0.000000	0.000000	0.000000	0.000000	0.402945	0.000000	0.000000	0.000000	0.000000	0.374039	0.125404	0.097612
88	tsk_88	(x)	1	:	0.000000	0.000000	0.546247	0.000000	0.053398	0.000000	0.000000	0.000000	0.000000	0.000000	0.199888	0.155870	0.044597
89	tsk_89	(x)	1	:	0.000000	0.000000	0.662809	0.000000	0.020145	0.000000	0.000000	0.000000	0.000000	0.000000	0.118307	0.128206	0.070533
90	tsk_90	(x)	1	:	0.000000	0.201235	0.000000	0.000000	0.025589	0.000000	0.000000	0.000000	0.000000	0.000000	0.264254	0.425592	0.083331
91	tsk_91	(x)	1	:	0.000000	0.000000	0.000000	0.000000	0.226475	0.000000	0.509743	0.000000	0.000000	0.000000	0.052249	0.027877	0.183655
92	tsk_92	(x)	1	:	0.000000	0.000000	0.000000	0.000000	0.045777	0.000000	0.000000	0.000000	0.000000	0.000000	0.309241	0.499427	0.145556
93	tsk_93	(x)	1	:	0.000000	0.201235	0.000000	0.000000	0.018528	0.000000	0.000000	0.000000	0.000000	0.000000	0.433165	0.272269	0.074804
94	tsk_94	(x)	1	:	0.000000	0.000000	0.000000	0.000000	0.241373	0.000000	0.000000	0.000000	0.522728	0.000000	0.053885	0.089303	0.092711
95	tsk_95	(x)	1	:	0.000000	0.000000	0.000000	0.000000	0.000000	0.000000	0.999999	0.000000	0.000000	0.000001	0.000000	0.000000	0.000000
96	tsk_96	(x)	1	:	0.000000	0.000000	0.000000	0.000000	0.172974	0.000000	0.000000	0.000000	0.522728	0.000000	0.059222	0.067221	0.177855
97	tsk_97	(x)	1	:	0.000000	0.000000	0.000000	0.000000	0.282513	0.000000	0.000000	0.000000	0.522728	0.000000	0.017658	0.055313	0.121788
98	tsk_98	(x)	1	:	0.000000	0.000000	0.000000	0.485513	0.000000	0.000000	0.000000	0.000000	0.514486	0.000000	0.000000	0.000000	0.000000
99	tsk_99	(x)	1	:	0.000000	0.000000	0.000000	0.000000	0.000000	0.000000	0.999999	0.000000	0.000000	0.000001	0.000000	0.000000	0.000000
100	tsk_100	(x)	1	:	0.000000	0.000000	0.286591	0.000000	0.069251	0.000000	0.000000	0.000000	0.522731	0.000000	0.010115	0.027518	0.083793
101	tsk_101	(x)	1	:	1.000000	0.000000	0.000000	0.000000	0.000000	0.000000	0.000000	0.000000	0.000000	0.000000	0.000000	0.000000	0.000000
102	tsk_102	(x)	1	:	1.000000	0.000000	0.000000	0.000000	0.000000	0.000000	0.000000	0.000000	0.000000	0.000000	0.000000	0.000000	0.000000
103	tsk_103	(x)	1	:	0.426238	0.000000	0.286613	0.000000	0.019228	0.000000	0.000000	0.000000	0.000000	0.000000	0.115981	0.143091	0.008849
104	tsk_104	(x)	1	:	1.000000	0.000000	0.000000	0.000000	0.000000	0.000000	0.000000	0.000000	0.000000	0.000000	0.000000	0.000000	0.000000
105	tsk_105	(x)	1	:	0.000000	0.000000	0.000000	0.000000	0.038009	0.000000	0.000000	0.000000	0.000000	0.000000	0.224912	0.571045	0.166034
106	tsk_106	(x)	1	:	0.000000	0.000000	0.000000	0.000000	0.235083	0.000000	0.509743	0.000000	0.000000	0.000000	0.043979	0.066929	0.144265
107	tsk_107	(x)	1	:	0.426188	0.000000	0.000000	0.000000	0.084377	0.000000	0.000000	0.000000	0.000000	0.000000	0.067271	0.346731	0.075432
108	tsk_108	(x)	1	:	0.000000	0.000000	0.000000	0.536995	0.023942	0.000000	0.000000	0.000000	0.000000	0.000000	0.162325	0.244883	0.031855
109	tsk_109	(x)	1	:	0.426148	0.000000	0.000000	0.536978	0.000472	0.000000	0.000000	0.000000	0.000000	0.000000	0.023781	0.012620	0.000000
110	tsk_110	(x)	1	:	0.000000	0.000000	0.000000	0.000000	0.049018	0.000000	0.000000	0.000000	0.000000	0.000000	0.354102	0.455223	0.141657
111	tsk_111	(x)	1	:	0.000000	0.000000	0.000000	0.347409	0.056287	0.000000	0.000000	0.000000	0.000000	0.000000	0.087338	0.399955	0.109012
112	tsk_112	(x)	1	:	0.000000	0.000000	0.000000	0.000000	0.067363	0.000000	0.000000	0.000000	0.000000	0.000000	0.292005	0.577471	0.063161
113	tsk_113	(x)	1	:	0.000000	0.000000	0.000000	0.000000	0.017244	0.000000	0.000000	0.000000	0.000000	0.000000	0.682792	0.216815	0.083148
114	tsk_114	(x)	1	:	0.000000	0.000000	0.000000	0.347409	0.035925	0.000000	0.000000	0.000000	0.000000	0.000000	0.270727	0.293866	0.052074
115	tsk_115	(x)	1	:	0.000000	0.000000	0.000000	0.347409	0.019674	0.000000	0.000000	0.000000	0.000000	0.000000	0.257374	0.315521	0.060023
116	tsk_116	(x)	1	:	0.000000	0.000000	0.000000	0.000000	0.000000	0.000000	1.000000	0.000000	0.000000	0.000000	0.000000	0.000000	0.000000
117	tsk_117	(x)	1	:	0.000000	0.000000	0.000000	0.000000	0.097198	0.000000	0.000000	0.000000	0.000000	0.000000	0.639279	0.179717	0.083806
118	tsk_118	(x)	1	:	0.000000	0.000000	0.000000	0.347409	0.026376	0.000000	0.000000	0.000000	0.000000	0.000000	0.170175	0.340253	0.115787
119	tsk_119	(x)	1	:	0.000000	0.000000	0.000000	0.000000	0.071869	0.000000	0.000000	0.000000	0.000000	0.000000	0.239225	0.640428	0.048477
120	tsk_120	(x)	1	:	0.304072	0.000000	0.000000	0.000000	0.110671	0.000000	0.509744	0.000000	0.000000	0.000000	0.001795	0.002816	0.070902
121	tsk_121	(x)	1	:	0.304072	0.000000	0.000000	0.000000	0.067610	0.000000	0.000000	0.000000	0.000000	0.000000	0.261553	0.317018	0.049747
122	tsk_122	(x)	1	:	0.304072	0.000000	0.000000	0.000000	0.000000	0.522437	0.000000	0.000000	0.000000	0.000000	0.122515	0.032423	0.018553
123	tsk_123	(x)	1	:	0.473869	0.000000	0.000000	0.000000	0.000000	0.000000	0.000000	0.000000	0.526131	0.000000	0.000000	0.000000	0.000000
124	tsk_124	(x)	1	:	0.300195	0.000000	0.000000	0.000000	0.111075	0.000000	0.000000	0.000000	0.005012	0.495487	0.029423	0.013449	0.045359
125	tsk_125	(x)	1	:	0.000000	0.597918	0.000000	0.000000	0.019710	0.000000	0.000000	0.000000	0.000000	0.000000	0.171489	0.155565	0.055318
126	tsk_126	(x)	1	:	0.000000	0.000000	0.000000	0.000000	0.260418	0.000000	0.000000	0.000000	0.005287	0.495239	0.038821	0.075835	0.124401
127	tsk_127	(x)	1	:	0.000000	0.515313	0.000000	0.000000	0.000000	0.000000	0.484686	0.000000	0.000000	0.000000	0.000000	0.000000	0.000000
128	tsk_128	(x)	1	:	0.000000	0.000000	0.000000	0.715801	0.003763	0.000000	0.000000	0.000000	0.000000	0.000000	0.142614	0.111884	0.025938
129	tsk_129	(x)	1	:	0.000000	0.000000	0.000000	0.000000	0.034990	0.000000	0.000000	0.000000	0.000000	0.000000	0.389531	0.535943	0.039536
130	tsk_130	(x)	1	:	0.000000	0.000000	0.000000	0.000000	0.000000	0.000000	0.716676	0.000000	0.000000	0.283324	0.000000	0.000000	0.000000
131	tsk_131	(x)	1	:	0.000000	0.000000	0.000000	0.000000	0.300071	0.000000	0.000000	0.000000	0.522728	0.000000	0.002360	0.031599	0.143242
132	tsk_132	(x)	1	:	0.000000	0.000000	0.000000	0.000000	0.000000	0.000000	0.368189	0.000000	0.000000	0.631811	0.000000	0.000000	0.000000
133	tsk_133	(x)	1	:	0.000000	0.201274	0.000000	0.000000	0.257236	0.000000	0.000000	0.000000	0.522740	0.000000	0.000000	0.018750	0.000000
134	tsk_134	(x)	1	:	0.000000	0.000000	0.000000	0.000000	0.079462	0.000000	0.000000	0.000000	0.000000	0.000000	0.511294	0.290803	0.118441
135	tsk_135	(x)	1	:	0.000000	0.000000	0.000000	0.000000	0.000000	0.000000	0.368188	0.000000	0.000000	0.631811	0.000000	0.000000	0.000000
136	tsk_136	(x)	1	:	0.000000	0.000000	0.000000	0.000000	0.000000	0.000000	0.716676	0.000000	0.000000	0.283324	0.000000	0.000000	0.000000
137	tsk_137	(x)	1	:	0.000000	0.000000	0.000000	0.000000	0.000000	0.000000	0.000000	0.000000	0.000000	1.000000	0.000000	0.000000	0.000000
138	tsk_138	(x)	1	:	0.000000	0.000000	0.000000	0.000000	0.000000	0.000000	0.000000	0.000000	0.000000	1.000000	0.000000	0.000000	0.000000
139	tsk_139	(x)	1	:	0.000000	0.000000	0.000000	0.000000	0.241357	0.000000	0.000000	0.000000	0.522728	0.000000	0.080231	0.021755	0.133929
140	tsk_140	(x)	1	:	0.000000	0.000000	0.000000	0.000000	0.032109	0.000000	0.000000	0.000000	0.000000	0.000000	0.390871	0.503941	0.073079
141	tsk_141	(x)	1	:	0.000000	0.000000	0.000000	0.000000	0.057413	0.000000	0.000000	0.000000	0.000000	0.000000	0.290736	0.567820	0.084031
142	tsk_142	(x)	1	:	0.000000	0.000000	0.000000	0.000000	0.036882	0.000000	0.000000	0.000000	0.000000	0.000000	0.399167	0.469069	0.094882
143	tsk_143	(x)	1	:	0.000000	0.000000	0.000000	0.000000	0.105914	0.000000	0.000000	0.000000	0.000000	0.000000	0.462388	0.336860	0.094839
144	tsk_144	(x)	1	:	0.000000	0.524030	0.000000	0.475970	0.000000	0.000000	0.000000	0.000000	0.000000	0.000000	0.000000	0.000000	0.000000
145	tsk_145	(x)	1	:	0.000000	0.000000	0.000000	0.000000	0.024864	0.000000	0.000000	0.000000	0.000000	0.000000	0.301159	0.485863	0.188114
146	tsk_146	(x)	1	:	0.000000	0.000000	0.000000	0.000000	0.239197	0.000000	0.000000	0.000000	0.005479	0.495065	0.053409	0.072609	0.134240
147	tsk_147	(x)	1	:	0.000000	0.000000	0.000000	0.000000	0.000000	0.522437	0.000000	0.000000	0.000000	0.000000	0.268093	0.079525	0.129945
148	tsk_148	(x)	1	:	0.000000	0.000000	0.000000	0.504323	0.000000	0.000000	0.000000	0.000000	0.001322	0.494354	0.000000	0.000000	0.000000
149	tsk_149	(x)	1	:	0.000000	0.000000	0.000000	0.504322	0.000000	0.000000	0.000000	0.000000	0.001340	0.494338	0.000000	0.000000	0.000000
