logL = -11249.804248 (not converged)
AIC = 22659.608497
BIC = 22900.459320

count.K
150 

