logL = -953.571288 (converged)
AIC = 6731.142577
BIC = 13992.794906

count.K
1 1 38 29 0 21 2 11 9 28 2 4 3 1 

