logL = -865.495808 (converged)
AIC = 4262.991616
BIC = 8074.455899

count.K
14 15 20 12 44 2 40 3 

