logL = -1691.795179 (converged)
AIC = 8963.590358
BIC = 17363.262828

count.K
1 13 28 12 11 2 1 20 12 17 7 6 2 5 13 

