logL = -1630.451615 (converged)
AIC = 4472.903230
BIC = 6297.348218

count.K
42 48 30 30 

