logL = -3786.169242 (converged)
AIC = 11250.338484
BIC = 16786.896790

count.K
5 38 24 19 13 1 36 4 10 

