logL = -1731.538734 (converged)
AIC = 3875.077468
BIC = 4495.268339

count.K
62 88 

