logL = -1600.715938 (converged)
AIC = 8193.431876
BIC = 15707.977570

count.K
21 10 3 7 3 2 2 11 0 24 52 9 2 4 

