logL = -1110.509619 (converged)
AIC = 5661.019238
BIC = 10839.311944

count.K
2 28 9 12 61 8 17 10 2 1 

