logL = -970.674097 (converged)
AIC = 6653.348193
BIC = 13746.404946

count.K
5 0 62 1 1 1 2 3 19 6 11 16 16 7 

