logL = -789.121083 (converged)
AIC = 2654.242167
BIC = 4273.963955

count.K
63 20 7 60 

