logL = -2069.589589 (converged)
AIC = 8879.179179
BIC = 16014.384826

count.K
3 18 17 15 17 12 2 23 23 10 0 10 

