logL = -1687.146334 (converged)
AIC = 5818.292669
BIC = 9497.288998

count.K
26 4 39 33 13 18 17 

