logL = -1358.345930 (converged)
AIC = 3520.691860
BIC = 4730.967248

count.K
56 60 34 

