0	tsk_0	(x)	1	:	0.000001	0.000000	0.000000	0.543179	0.456821	0.000000	0.000000	0.000000	0.000000	0.000000
1	tsk_1	(x)	1	:	0.000000	0.000000	0.000000	0.000000	0.000000	0.000000	0.000000	0.000000	1.000000	0.000000
2	tsk_2	(x)	1	:	0.000000	0.000000	0.000000	0.000000	1.000000	0.000000	0.000000	0.000000	0.000000	0.000000
3	tsk_3	(x)	1	:	0.017771	0.000000	0.000000	0.000000	0.500312	0.000000	0.000000	0.000000	0.481917	0.000000
4	tsk_4	(x)	1	:	0.000000	0.133942	0.000000	0.000000	0.362388	0.000000	0.000000	0.000000	0.000000	0.503670
5	tsk_5	(x)	1	:	0.000000	0.000000	0.000000	0.000000	0.000000	0.000000	0.000000	1.000000	0.000000	0.000000
6	tsk_6	(x)	1	:	0.499192	0.000000	0.000000	0.000000	0.500808	0.000000	0.000000	0.000000	0.000000	0.000000
7	tsk_7	(x)	1	:	0.499191	0.000000	0.000000	0.000000	0.500809	0.000000	0.000000	0.000000	0.000000	0.000000
8	tsk_8	(x)	1	:	0.015402	0.000000	0.000000	0.000000	0.501253	0.000000	0.000000	0.483345	0.000000	0.000000
9	tsk_9	(x)	1	:	0.101667	0.000000	0.000000	0.000000	0.499845	0.000000	0.398488	0.000000	0.000000	0.000000
10	tsk_10	(x)	1	:	0.002499	0.000000	0.515943	0.000000	0.000000	0.000000	0.000000	0.481558	0.000000	0.000000
11	tsk_11	(x)	1	:	0.516875	0.000000	0.000000	0.000000	0.000000	0.000000	0.000000	0.483125	0.000000	0.000000
12	tsk_12	(x)	1	:	0.015775	0.000000	0.000000	0.000000	0.501003	0.000000	0.000000	0.483222	0.000000	0.000000
13	tsk_13	(x)	1	:	0.000057	0.000000	0.508150	0.491792	0.000000	0.000000	0.000000	0.000000	0.000000	0.000000
14	tsk_14	(x)	1	:	0.000000	0.000000	0.000000	1.000000	0.000000	0.000000	0.000000	0.000000	0.000000	0.000000
15	tsk_15	(x)	1	:	0.000179	0.000000	0.000000	0.522278	0.000000	0.000000	0.000000	0.477543	0.000000	0.000000
16	tsk_16	(x)	1	:	0.000000	0.000000	0.529604	0.000000	0.000000	0.000000	0.000000	0.000000	0.470396	0.000000
17	tsk_17	(x)	1	:	0.000058	0.000000	0.508150	0.491792	0.000000	0.000000	0.000000	0.000000	0.000000	0.000000
18	tsk_18	(x)	1	:	0.002646	0.000000	0.515882	0.000000	0.000000	0.000000	0.000000	0.481472	0.000000	0.000000
19	tsk_19	(x)	1	:	0.002195	0.000000	0.516069	0.000000	0.000000	0.000000	0.000000	0.481736	0.000000	0.000000
20	tsk_20	(x)	1	:	0.000060	0.000000	0.000000	0.000000	0.482482	0.000000	0.000000	0.000000	0.000000	0.517458
21	tsk_21	(x)	1	:	0.000000	0.000000	0.000000	0.000000	1.000000	0.000000	0.000000	0.000000	0.000000	0.000000
22	tsk_22	(x)	1	:	0.499191	0.000000	0.000000	0.000000	0.500809	0.000000	0.000000	0.000000	0.000000	0.000000
23	tsk_23	(x)	1	:	0.000103	0.000000	0.000000	0.000000	0.482443	0.000000	0.000000	0.000000	0.000000	0.517454
24	tsk_24	(x)	1	:	0.016266	0.000000	0.000000	0.000000	0.500674	0.000000	0.000000	0.483060	0.000000	0.000000
25	tsk_25	(x)	1	:	0.015698	0.000000	0.000000	0.000000	0.501055	0.000000	0.000000	0.483247	0.000000	0.000000
26	tsk_26	(x)	1	:	0.000000	0.000000	0.000000	0.000000	1.000000	0.000000	0.000000	0.000000	0.000000	0.000000
27	tsk_27	(x)	1	:	0.499191	0.000000	0.000000	0.000000	0.500809	0.000000	0.000000	0.000000	0.000000	0.000000
28	tsk_28	(x)	1	:	0.000000	0.000000	0.000000	0.000000	1.000000	0.000000	0.000000	0.000000	0.000000	0.000000
29	tsk_29	(x)	1	:	0.499192	0.000000	0.000000	0.000000	0.500808	0.000000	0.000000	0.000000	0.000000	0.000000
30	tsk_30	(x)	1	:	0.000000	0.000000	0.000000	0.181501	0.000000	0.000000	0.506327	0.303866	0.000000	0.008306
31	tsk_31	(x)	1	:	0.000258	0.000000	0.000000	0.000000	0.000000	0.000000	0.000000	0.480842	0.000000	0.518900
32	tsk_32	(x)	1	:	0.000064	0.000000	0.000000	0.522298	0.000000	0.000000	0.000000	0.477638	0.000000	0.000000
33	tsk_33	(x)	1	:	0.000072	0.000000	0.488938	0.000000	0.000000	0.000000	0.000000	0.000000	0.000000	0.510990
34	tsk_34	(x)	1	:	0.000000	0.000000	0.000000	0.180863	0.000000	0.000000	0.506320	0.303860	0.000000	0.008956
35	tsk_35	(x)	1	:	0.516874	0.000000	0.000000	0.000000	0.000000	0.000000	0.000000	0.483125	0.000000	0.000000
36	tsk_36	(x)	1	:	0.002353	0.000000	0.516003	0.000000	0.000000	0.000000	0.000000	0.481643	0.000000	0.000000
37	tsk_37	(x)	1	:	0.000000	0.000000	0.000000	0.000000	0.000000	0.000000	0.000000	1.000000	0.000000	0.000000
38	tsk_38	(x)	1	:	0.000000	0.000000	0.000000	0.512596	0.000000	0.000000	0.000000	0.000000	0.000000	0.487404
39	tsk_39	(x)	1	:	0.000000	0.000000	0.000000	0.000000	0.000000	0.000000	0.000000	1.000000	0.000000	0.000000
40	tsk_40	(x)	1	:	0.000311	0.000000	0.514565	0.000000	0.000000	0.000000	0.000000	0.000000	0.000000	0.485124
41	tsk_41	(x)	1	:	0.000151	0.000000	0.514687	0.000000	0.000000	0.000000	0.000000	0.000000	0.000000	0.485162
42	tsk_42	(x)	1	:	0.000000	0.000000	0.000000	0.538050	0.000000	0.000000	0.000000	0.000000	0.000000	0.461950
43	tsk_43	(x)	1	:	0.108986	0.000000	0.000000	0.000000	0.000000	0.000040	0.404536	0.000000	0.000000	0.486438
44	tsk_44	(x)	1	:	0.000000	0.000000	0.000000	0.000000	0.000000	0.000000	0.000000	0.000000	0.000000	1.000000
45	tsk_45	(x)	1	:	0.023766	0.000000	0.000000	0.494503	0.000000	0.000000	0.000000	0.000000	0.481731	0.000000
46	tsk_46	(x)	1	:	0.000000	0.142792	0.000000	0.000000	0.384754	0.000000	0.000000	0.000000	0.000000	0.472454
47	tsk_47	(x)	1	:	0.023883	0.000000	0.000000	0.494482	0.000000	0.000000	0.000000	0.000000	0.481635	0.000000
48	tsk_48	(x)	1	:	0.001658	0.000000	0.000000	0.000000	0.511289	0.000000	0.000000	0.000000	0.000000	0.487053
49	tsk_49	(x)	1	:	0.002264	0.503837	0.000000	0.000000	0.493899	0.000000	0.000000	0.000000	0.000000	0.000000
50	tsk_50	(x)	1	:	0.101816	0.000000	0.000000	0.000000	0.499766	0.000000	0.398419	0.000000	0.000000	0.000000
51	tsk_51	(x)	1	:	0.000000	0.142792	0.000000	0.000000	0.384754	0.000000	0.000000	0.000000	0.000000	0.472454
52	tsk_52	(x)	1	:	0.000000	0.000000	0.000000	0.000000	1.000000	0.000000	0.000000	0.000000	0.000000	0.000000
53	tsk_53	(x)	1	:	0.505269	0.000000	0.000000	0.494604	0.000000	0.000126	0.000000	0.000000	0.000000	0.000000
54	tsk_54	(x)	1	:	0.499192	0.000000	0.000000	0.000000	0.500808	0.000000	0.000000	0.000000	0.000000	0.000000
55	tsk_55	(x)	1	:	0.505404	0.000000	0.000000	0.494596	0.000000	0.000000	0.000000	0.000000	0.000000	0.000000
56	tsk_56	(x)	1	:	0.505327	0.000000	0.000000	0.494601	0.000000	0.000072	0.000000	0.000000	0.000000	0.000000
57	tsk_57	(x)	1	:	0.000308	0.000000	0.000000	0.495025	0.504667	0.000000	0.000000	0.000000	0.000000	0.000000
58	tsk_58	(x)	1	:	0.101405	0.000000	0.000000	0.000000	0.499984	0.000000	0.398611	0.000000	0.000000	0.000000
59	tsk_59	(x)	1	:	0.499193	0.000000	0.000000	0.000000	0.500807	0.000000	0.000000	0.000000	0.000000	0.000000
60	tsk_60	(x)	1	:	0.078986	0.000000	0.000000	0.000000	0.000000	0.000000	0.401416	0.000000	0.000000	0.519597
61	tsk_61	(x)	1	:	0.000002	0.000000	0.000000	0.000000	0.000000	0.000000	0.999998	0.000000	0.000000	0.000000
62	tsk_62	(x)	1	:	0.065588	0.000000	0.000000	0.000000	0.000000	0.000090	0.413460	0.000000	0.000000	0.520861
63	tsk_63	(x)	1	:	0.000001	0.000000	0.000000	0.192514	0.000000	0.000000	0.791008	0.000000	0.000000	0.016477
64	tsk_64	(x)	1	:	0.482949	0.000000	0.517051	0.000000	0.000000	0.000000	0.000000	0.000000	0.000000	0.000000
65	tsk_65	(x)	1	:	0.648911	0.000000	0.351089	0.000000	0.000000	0.000000	0.000000	0.000000	0.000000	0.000000
66	tsk_66	(x)	1	:	0.000002	0.000000	0.000000	0.000000	0.000000	0.000000	0.999998	0.000000	0.000000	0.000000
67	tsk_67	(x)	1	:	0.249647	0.000000	0.351069	0.000000	0.000000	0.000000	0.399283	0.000000	0.000000	0.000000
68	tsk_68	(x)	1	:	0.480518	0.000000	0.000000	0.000000	0.000000	0.000094	0.000000	0.000000	0.000000	0.519387
69	tsk_69	(x)	1	:	0.480571	0.000000	0.000000	0.000000	0.000000	0.000045	0.000000	0.000000	0.000000	0.519384
70	tsk_70	(x)	1	:	0.000000	0.000000	0.000000	0.538050	0.000000	0.000000	0.000000	0.000000	0.000000	0.461950
71	tsk_71	(x)	1	:	0.105772	0.000000	0.000000	0.494625	0.000000	0.000000	0.399602	0.000000	0.000000	0.000000
72	tsk_72	(x)	1	:	0.505405	0.000000	0.000000	0.494595	0.000000	0.000000	0.000000	0.000000	0.000000	0.000000
73	tsk_73	(x)	1	:	0.130026	0.384090	0.000000	0.000000	0.000000	0.000000	0.000000	0.000000	0.000000	0.485883
74	tsk_74	(x)	1	:	0.000000	0.000000	0.000000	0.000000	0.000000	0.000000	0.000000	0.000000	0.000000	1.000000
75	tsk_75	(x)	1	:	0.130014	0.384101	0.000000	0.000000	0.000000	0.000000	0.000000	0.000000	0.000000	0.485886
76	tsk_76	(x)	1	:	0.000768	0.000000	0.000000	0.494978	0.504254	0.000000	0.000000	0.000000	0.000000	0.000000
77	tsk_77	(x)	1	:	0.130022	0.384094	0.000000	0.000000	0.000000	0.000000	0.000000	0.000000	0.000000	0.485884
78	tsk_78	(x)	1	:	0.000095	0.000000	0.508122	0.491783	0.000000	0.000000	0.000000	0.000000	0.000000	0.000000
79	tsk_79	(x)	1	:	0.000000	0.000000	0.000000	1.000000	0.000000	0.000000	0.000000	0.000000	0.000000	0.000000
80	tsk_80	(x)	1	:	0.000004	0.000000	0.000000	0.000000	0.000000	0.000000	0.999996	0.000000	0.000000	0.000000
81	tsk_81	(x)	1	:	0.000001	0.000000	0.000000	0.000000	0.000000	0.000000	0.999999	0.000000	0.000000	0.000000
82	tsk_82	(x)	1	:	0.118852	0.000000	0.000000	0.000000	0.000000	0.000000	0.399105	0.000000	0.482043	0.000000
83	tsk_83	(x)	1	:	0.118786	0.000000	0.000000	0.000000	0.000000	0.000000	0.399148	0.000000	0.482066	0.000000
84	tsk_84	(x)	1	:	0.118918	0.000000	0.000000	0.000000	0.000000	0.000000	0.399061	0.000000	0.482021	0.000000
85	tsk_85	(x)	1	:	0.118615	0.000000	0.000000	0.000000	0.000000	0.000000	0.399261	0.000000	0.482124	0.000000
86	tsk_86	(x)	1	:	0.118703	0.000000	0.000000	0.000000	0.000000	0.000000	0.399203	0.000000	0.482094	0.000000
87	tsk_87	(x)	1	:	0.000003	0.000000	0.000000	0.000000	0.000000	0.000000	0.999997	0.000000	0.000000	0.000000
88	tsk_88	(x)	1	:	0.216876	0.384078	0.000000	0.000000	0.000000	0.000000	0.399046	0.000000	0.000000	0.000000
89	tsk_89	(x)	1	:	0.000002	0.000000	0.000000	0.000000	0.000000	0.000000	0.999997	0.000000	0.000000	0.000000
90	tsk_90	(x)	1	:	0.408087	0.000000	0.000000	0.000000	0.000000	0.000000	0.000000	0.000000	0.591912	0.000000
91	tsk_91	(x)	1	:	0.023438	0.000000	0.000000	0.494561	0.000000	0.000000	0.000000	0.000000	0.482000	0.000000
92	tsk_92	(x)	1	:	0.009565	0.000000	0.000000	0.000000	0.000000	0.000000	0.398763	0.000000	0.591672	0.000000
93	tsk_93	(x)	1	:	0.000000	0.000000	0.000000	1.000000	0.000000	0.000000	0.000000	0.000000	0.000000	0.000000
94	tsk_94	(x)	1	:	0.084136	0.000000	0.516916	0.000000	0.000000	0.000000	0.398948	0.000000	0.000000	0.000000
95	tsk_95	(x)	1	:	0.000000	0.000000	0.000000	0.000000	0.000000	0.000000	0.000000	0.000000	1.000000	0.000000
96	tsk_96	(x)	1	:	0.023034	0.000000	0.000000	0.494633	0.000000	0.000000	0.000000	0.000000	0.482333	0.000000
97	tsk_97	(x)	1	:	0.000000	0.000000	0.000000	0.000000	0.000000	0.000000	0.000000	0.000000	1.000000	0.000000
98	tsk_98	(x)	1	:	0.000000	0.000000	0.000000	0.000000	0.000000	0.000000	0.000000	0.000000	1.000000	0.000000
99	tsk_99	(x)	1	:	0.000557	0.000000	0.000000	0.520750	0.000000	0.000000	0.000000	0.000000	0.478692	0.000000
100	tsk_100	(x)	1	:	1.000000	0.000000	0.000000	0.000000	0.000000	0.000000	0.000000	0.000000	0.000000	0.000000
101	tsk_101	(x)	1	:	0.000000	0.000000	0.000000	0.000000	1.000000	0.000000	0.000000	0.000000	0.000000	0.000000
102	tsk_102	(x)	1	:	0.504890	0.000000	0.000000	0.494626	0.000000	0.000483	0.000000	0.000000	0.000000	0.000000
103	tsk_103	(x)	1	:	0.000090	0.000000	0.000000	0.521140	0.478769	0.000000	0.000000	0.000000	0.000000	0.000000
104	tsk_104	(x)	1	:	0.505384	0.000000	0.000000	0.494597	0.000000	0.000019	0.000000	0.000000	0.000000	0.000000
105	tsk_105	(x)	1	:	0.017012	0.000000	0.000000	0.000000	0.500821	0.000000	0.000000	0.000000	0.482167	0.000000
106	tsk_106	(x)	1	:	0.331373	0.000000	0.000000	0.000000	0.668627	0.000000	0.000000	0.000000	0.000000	0.000000
107	tsk_107	(x)	1	:	0.482948	0.000000	0.517052	0.000000	0.000000	0.000000	0.000000	0.000000	0.000000	0.000000
108	tsk_108	(x)	1	:	0.017486	0.000000	0.000000	0.000000	0.500503	0.000000	0.000000	0.000000	0.482011	0.000000
109	tsk_109	(x)	1	:	0.000856	0.000000	0.000000	0.494970	0.504175	0.000000	0.000000	0.000000	0.000000	0.000000
110	tsk_110	(x)	1	:	0.035616	0.000000	0.000000	0.000000	0.000000	0.000000	0.000000	0.482675	0.481709	0.000000
111	tsk_111	(x)	1	:	0.035573	0.000000	0.000000	0.000000	0.000000	0.000000	0.000000	0.482696	0.481731	0.000000
112	tsk_112	(x)	1	:	0.000000	0.000000	0.529604	0.000000	0.000000	0.000000	0.000000	0.000000	0.470396	0.000000
113	tsk_113	(x)	1	:	0.411789	0.000000	0.000000	0.000000	0.000000	0.000000	0.000000	0.000000	0.588211	0.000000
114	tsk_114	(x)	1	:	0.516874	0.000000	0.000000	0.000000	0.000000	0.000000	0.000000	0.483126	0.000000	0.000000
115	tsk_115	(x)	1	:	0.411790	0.000000	0.000000	0.000000	0.000000	0.000000	0.000000	0.000000	0.588210	0.000000
116	tsk_116	(x)	1	:	0.023052	0.000000	0.000000	0.494630	0.000000	0.000000	0.000000	0.000000	0.482318	0.000000
117	tsk_117	(x)	1	:	0.413713	0.203701	0.000000	0.000000	0.000000	0.000000	0.000000	0.000000	0.382586	0.000000
118	tsk_118	(x)	1	:	0.614504	0.000000	0.000000	0.000000	0.000000	0.000000	0.000000	0.000000	0.385495	0.000000
119	tsk_119	(x)	1	:	0.035656	0.000000	0.000000	0.000000	0.000000	0.000000	0.000000	0.482655	0.481689	0.000000
120	tsk_120	(x)	1	:	0.505379	0.000000	0.000000	0.494598	0.000000	0.000023	0.000000	0.000000	0.000000	0.000000
121	tsk_121	(x)	1	:	0.000000	0.000000	0.000000	0.000000	0.000000	0.000000	0.000000	1.000000	0.000000	0.000000
122	tsk_122	(x)	1	:	0.000002	0.000000	0.000000	0.000000	0.000000	0.000000	0.000000	0.560233	0.439765	0.000000
123	tsk_123	(x)	1	:	1.000000	0.000000	0.000000	0.000000	0.000000	0.000000	0.000000	0.000000	0.000000	0.000000
124	tsk_124	(x)	1	:	0.517840	0.000000	0.000000	0.000000	0.000000	0.000000	0.000000	0.000000	0.482160	0.000000
125	tsk_125	(x)	1	:	0.000018	0.000000	0.000000	0.493744	0.000000	0.506238	0.000000	0.000000	0.000000	0.000000
126	tsk_126	(x)	1	:	0.517839	0.000000	0.000000	0.000000	0.000000	0.000000	0.000000	0.000000	0.482161	0.000000
127	tsk_127	(x)	1	:	0.000000	0.000000	0.000000	0.475275	0.000000	0.000000	0.000000	0.524725	0.000000	0.000000
128	tsk_128	(x)	1	:	0.615809	0.384191	0.000000	0.000000	0.000000	0.000000	0.000000	0.000000	0.000000	0.000000
129	tsk_129	(x)	1	:	0.000000	0.000000	0.000000	0.000000	0.000000	0.000000	0.000000	0.000000	1.000000	0.000000
130	tsk_130	(x)	1	:	0.000000	0.000000	0.000000	0.339013	0.000000	0.000000	0.000000	0.000000	0.000000	0.660987
131	tsk_131	(x)	1	:	0.000025	0.000000	0.000000	0.000000	0.434636	0.000000	0.000000	0.000000	0.565338	0.000000
132	tsk_132	(x)	1	:	0.001038	0.000000	0.000000	0.494951	0.504011	0.000000	0.000000	0.000000	0.000000	0.000000
133	tsk_133	(x)	1	:	0.101845	0.000000	0.000000	0.000000	0.499750	0.000000	0.398405	0.000000	0.000000	0.000000
134	tsk_134	(x)	1	:	0.000000	0.000000	0.000000	0.000000	0.000000	0.000000	0.000000	0.000000	0.000000	1.000000
135	tsk_135	(x)	1	:	0.102909	0.000000	0.000000	0.494896	0.000000	0.000007	0.402187	0.000000	0.000000	0.000000
136	tsk_136	(x)	1	:	0.073606	0.000000	0.000000	0.523800	0.000000	0.000000	0.402593	0.000000	0.000000	0.000000
137	tsk_137	(x)	1	:	0.000000	0.000000	0.000000	0.000000	0.000000	0.000000	0.000000	0.000000	1.000000	0.000000
138	tsk_138	(x)	1	:	0.101813	0.000000	0.000000	0.000000	0.499767	0.000000	0.398420	0.000000	0.000000	0.000000
139	tsk_139	(x)	1	:	0.000000	0.000000	0.000000	0.000000	0.000000	0.000000	0.000000	0.000000	1.000000	0.000000
140	tsk_140	(x)	1	:	0.505020	0.000000	0.000000	0.494619	0.000000	0.000361	0.000000	0.000000	0.000000	0.000000
141	tsk_141	(x)	1	:	0.103061	0.000000	0.000000	0.494882	0.000000	0.000006	0.402051	0.000000	0.000000	0.000000
142	tsk_142	(x)	1	:	0.000000	0.000000	0.000000	0.185973	0.257886	0.000000	0.545156	0.000000	0.000000	0.010984
143	tsk_143	(x)	1	:	0.100119	0.000000	0.000000	0.495161	0.000000	0.000033	0.404687	0.000000	0.000000	0.000000
144	tsk_144	(x)	1	:	0.101762	0.000000	0.000000	0.000000	0.499794	0.000000	0.398444	0.000000	0.000000	0.000000
145	tsk_145	(x)	1	:	0.101182	0.000000	0.000000	0.000000	0.500102	0.000000	0.398716	0.000000	0.000000	0.000000
146	tsk_146	(x)	1	:	0.023748	0.000000	0.000000	0.494506	0.000000	0.000000	0.000000	0.000000	0.481746	0.000000
147	tsk_147	(x)	1	:	0.000000	0.142792	0.000000	0.000000	0.384754	0.000000	0.000000	0.000000	0.000000	0.472454
148	tsk_148	(x)	1	:	0.101337	0.000000	0.000000	0.000000	0.500020	0.000000	0.398643	0.000000	0.000000	0.000000
149	tsk_149	(x)	1	:	0.118701	0.000000	0.000000	0.000000	0.000000	0.000000	0.399205	0.000000	0.482095	0.000000
