logL = -1430.400165 (converged)
AIC = 6762.800331
BIC = 12636.549790

count.K
4 2 27 2 25 2 14 51 0 12 11 

