0	tsk_0	(x)	1	:	0.000000	0.483043	0.286143	0.000000	0.000000	0.000000	0.000000	0.000000	0.015243	0.214845	0.000000	0.000726
1	tsk_1	(x)	1	:	0.000000	0.482741	0.280589	0.000000	0.000000	0.000000	0.000000	0.000000	0.015493	0.220304	0.000000	0.000873
2	tsk_2	(x)	1	:	0.000000	0.000000	0.390633	0.000000	0.000000	0.000000	0.000000	0.509990	0.000000	0.099377	0.000000	0.000000
3	tsk_3	(x)	1	:	0.000000	0.000000	0.306121	0.000000	0.000000	0.000000	0.000000	0.425822	0.072959	0.195097	0.000000	0.000000
4	tsk_4	(x)	1	:	0.000000	0.000000	0.808809	0.000000	0.000000	0.000000	0.000000	0.000000	0.000000	0.191190	0.000000	0.000000
5	tsk_5	(x)	1	:	0.000000	0.000000	0.253421	0.000000	0.000000	0.000000	0.000000	0.535017	0.000000	0.211562	0.000000	0.000000
6	tsk_6	(x)	1	:	0.000000	0.000000	0.567129	0.000000	0.000000	0.000000	0.000000	0.000000	0.000000	0.432871	0.000000	0.000000
7	tsk_7	(x)	1	:	0.000000	0.000000	0.687914	0.000000	0.000000	0.000000	0.000000	0.000000	0.000000	0.312086	0.000000	0.000000
8	tsk_8	(x)	1	:	0.000000	0.000000	0.289399	0.000000	0.000000	0.000000	0.000000	0.535017	0.000000	0.175584	0.000000	0.000000
9	tsk_9	(x)	1	:	0.456632	0.000000	0.475117	0.000000	0.000000	0.000000	0.000000	0.000000	0.000000	0.068250	0.000000	0.000000
10	tsk_10	(x)	1	:	0.000000	0.000000	0.299571	0.000000	0.000000	0.000000	0.000000	0.425742	0.073059	0.201628	0.000000	0.000000
11	tsk_11	(x)	1	:	0.000000	0.000000	0.339826	0.000000	0.000000	0.000000	0.000000	0.425723	0.073083	0.161368	0.000000	0.000000
12	tsk_12	(x)	1	:	0.000000	0.000000	0.392314	0.000000	0.000000	0.000000	0.000000	0.000000	0.499019	0.108667	0.000000	0.000000
13	tsk_13	(x)	1	:	0.000000	0.000000	0.660146	0.000000	0.000000	0.000000	0.000000	0.000000	0.000000	0.339853	0.000000	0.000000
14	tsk_14	(x)	1	:	0.000000	0.492180	0.000000	0.505380	0.000000	0.000000	0.000000	0.000000	0.000932	0.000000	0.000000	0.001507
15	tsk_15	(x)	1	:	0.000000	0.000000	0.355614	0.000000	0.000000	0.000000	0.000000	0.425812	0.072972	0.145602	0.000000	0.000000
16	tsk_16	(x)	1	:	0.000000	0.000000	0.366978	0.498381	0.000000	0.000000	0.000000	0.000000	0.000000	0.134641	0.000000	0.000000
17	tsk_17	(x)	1	:	0.000000	0.000000	0.229478	0.498188	0.000000	0.000000	0.000000	0.000000	0.000000	0.272334	0.000000	0.000000
18	tsk_18	(x)	1	:	0.365213	0.000000	0.501784	0.000000	0.000000	0.000000	0.000000	0.000000	0.000000	0.133003	0.000000	0.000000
19	tsk_19	(x)	1	:	0.000000	0.000000	0.000000	0.501309	0.000000	0.000000	0.000000	0.426091	0.072600	0.000000	0.000000	0.000000
20	tsk_20	(x)	1	:	0.000000	0.000000	0.000000	0.000000	0.000000	0.000000	0.000000	1.000000	0.000000	0.000000	0.000000	0.000000
21	tsk_21	(x)	1	:	0.000000	0.000000	0.689154	0.000000	0.000000	0.000000	0.000000	0.000000	0.000000	0.310846	0.000000	0.000000
22	tsk_22	(x)	1	:	0.123856	0.000000	0.516502	0.000000	0.000000	0.000000	0.000000	0.000000	0.000000	0.359641	0.000000	0.000000
23	tsk_23	(x)	1	:	0.000000	0.000000	0.960624	0.000000	0.000000	0.000000	0.000000	0.000000	0.000000	0.039375	0.000000	0.000000
24	tsk_24	(x)	1	:	0.000000	0.000000	0.689254	0.000000	0.000000	0.000000	0.000000	0.000000	0.000000	0.310746	0.000000	0.000000
25	tsk_25	(x)	1	:	0.000000	0.000000	0.766517	0.000000	0.000000	0.000000	0.000000	0.000000	0.000000	0.233482	0.000000	0.000000
26	tsk_26	(x)	1	:	0.000000	0.000000	0.307011	0.000000	0.000000	0.000000	0.000000	0.425817	0.072966	0.194206	0.000000	0.000000
27	tsk_27	(x)	1	:	0.000000	0.482991	0.290066	0.000000	0.000000	0.000000	0.000000	0.000000	0.015493	0.210850	0.000000	0.000601
28	tsk_28	(x)	1	:	0.000000	0.000000	0.703787	0.000000	0.000000	0.000000	0.000000	0.000000	0.000000	0.296213	0.000000	0.000000
29	tsk_29	(x)	1	:	0.000000	0.481940	0.235691	0.000000	0.000000	0.000000	0.000000	0.000000	0.015475	0.265135	0.000000	0.001759
30	tsk_30	(x)	1	:	0.000000	0.000000	0.358336	0.000000	0.000000	0.000000	0.000000	0.000000	0.499019	0.142646	0.000000	0.000000
31	tsk_31	(x)	1	:	0.000000	1.000000	0.000000	0.000000	0.000000	0.000000	0.000000	0.000000	0.000000	0.000000	0.000000	0.000000
32	tsk_32	(x)	1	:	0.000000	0.482546	0.000000	0.000000	0.516803	0.000000	0.000000	0.000000	0.000052	0.000000	0.000000	0.000599
33	tsk_33	(x)	1	:	0.000000	0.000000	0.000000	0.000000	0.491858	0.000000	0.000000	0.508142	0.000000	0.000000	0.000000	0.000000
34	tsk_34	(x)	1	:	0.000000	0.000000	0.000000	0.000000	0.000000	0.000000	0.000000	0.541239	0.162298	0.000000	0.296464	0.000000
35	tsk_35	(x)	1	:	0.000000	0.000000	0.391203	0.000000	0.000000	0.000000	0.000000	0.000000	0.499019	0.109778	0.000000	0.000000
36	tsk_36	(x)	1	:	0.000000	0.471758	0.000000	0.000000	0.000000	0.000000	0.000000	0.527220	0.000002	0.000000	0.000000	0.001020
37	tsk_37	(x)	1	:	0.000000	0.471758	0.000000	0.000000	0.000000	0.000000	0.000000	0.527220	0.000002	0.000000	0.000000	0.001020
38	tsk_38	(x)	1	:	0.000000	0.000000	0.000000	0.000000	0.000000	0.000000	0.000000	0.545009	0.454991	0.000000	0.000000	0.000000
39	tsk_39	(x)	1	:	0.000000	0.000000	0.000000	0.000000	0.517454	0.000000	0.000000	0.000000	0.482545	0.000000	0.000000	0.000000
40	tsk_40	(x)	1	:	0.000000	0.000000	0.253660	0.000000	0.000000	0.000000	0.000000	0.000000	0.019675	0.247394	0.000000	0.479271
41	tsk_41	(x)	1	:	0.000000	0.000000	0.000000	0.000000	0.000000	0.000000	0.000000	0.448759	0.000000	0.000000	0.000000	0.551241
42	tsk_42	(x)	1	:	0.000000	0.000000	0.000000	0.000000	0.000000	0.000000	0.000000	0.000000	0.000000	0.000000	0.000000	1.000000
43	tsk_43	(x)	1	:	0.000000	0.000000	0.299486	0.000000	0.000000	0.000000	0.000000	0.000000	0.019694	0.201563	0.000000	0.479257
44	tsk_44	(x)	1	:	0.000000	0.000000	0.000000	0.000000	0.000000	0.000000	0.000000	0.448759	0.000000	0.000000	0.000000	0.551241
45	tsk_45	(x)	1	:	0.000000	0.000000	0.000000	0.000000	0.000000	0.000000	0.000000	0.000000	0.000000	0.000000	0.000000	1.000000
46	tsk_46	(x)	1	:	0.000000	0.000000	0.325069	0.000000	0.000000	0.000000	0.000000	0.000000	0.019714	0.175974	0.000000	0.479243
47	tsk_47	(x)	1	:	0.000000	0.497235	0.000000	0.000000	0.000000	0.000000	0.000000	0.000000	0.000000	0.000000	0.000000	0.502765
48	tsk_48	(x)	1	:	0.000000	0.000000	0.326052	0.000000	0.000000	0.000000	0.000000	0.000000	0.019795	0.174969	0.000000	0.479184
49	tsk_49	(x)	1	:	0.000000	0.000000	0.371745	0.000000	0.000000	0.000000	0.000000	0.000000	0.019753	0.129288	0.000000	0.479214
50	tsk_50	(x)	1	:	0.000000	0.000000	0.582314	0.000000	0.000000	0.000000	0.000000	0.000000	0.000000	0.417686	0.000000	0.000000
51	tsk_51	(x)	1	:	0.254812	0.000000	0.589753	0.000000	0.000000	0.000000	0.000000	0.000000	0.000000	0.155434	0.000000	0.000000
52	tsk_52	(x)	1	:	0.123856	0.000000	0.348754	0.000000	0.000000	0.000000	0.000000	0.000000	0.000000	0.527390	0.000000	0.000000
53	tsk_53	(x)	1	:	0.000000	0.000000	0.000000	0.000000	0.000000	0.429598	0.000000	0.000000	0.570402	0.000000	0.000000	0.000000
54	tsk_54	(x)	1	:	0.000000	0.514369	0.291442	0.000000	0.000000	0.000000	0.000000	0.000000	0.000000	0.194189	0.000000	0.000000
55	tsk_55	(x)	1	:	0.123856	0.000000	0.599580	0.000000	0.000000	0.000000	0.000000	0.000000	0.000000	0.276564	0.000000	0.000000
56	tsk_56	(x)	1	:	0.000000	0.507717	0.000000	0.000000	0.000000	0.000000	0.000000	0.000000	0.000028	0.000000	0.492254	0.000000
57	tsk_57	(x)	1	:	0.000000	0.000000	0.061361	0.000000	0.000000	0.490915	0.000000	0.000000	0.000000	0.447725	0.000000	0.000000
58	tsk_58	(x)	1	:	0.144765	0.000000	0.015923	0.000000	0.000000	0.474353	0.000000	0.000000	0.000000	0.364959	0.000000	0.000000
59	tsk_59	(x)	1	:	0.000000	0.000000	0.360577	0.000000	0.000000	0.000000	0.000000	0.425752	0.073047	0.140624	0.000000	0.000000
60	tsk_60	(x)	1	:	0.000000	1.000000	0.000000	0.000000	0.000000	0.000000	0.000000	0.000000	0.000000	0.000000	0.000000	0.000000
61	tsk_61	(x)	1	:	0.000000	0.000000	0.237775	0.000000	0.000000	0.000000	0.000000	0.425843	0.072934	0.263449	0.000000	0.000000
62	tsk_62	(x)	1	:	0.000000	1.000000	0.000000	0.000000	0.000000	0.000000	0.000000	0.000000	0.000000	0.000000	0.000000	0.000000
63	tsk_63	(x)	1	:	0.584640	0.000000	0.307658	0.000000	0.000000	0.000000	0.000000	0.000000	0.000000	0.107702	0.000000	0.000000
64	tsk_64	(x)	1	:	0.000000	0.482459	0.000000	0.000000	0.000000	0.000000	0.000000	0.000000	0.247172	0.000000	0.269561	0.000808
65	tsk_65	(x)	1	:	0.000000	1.000000	0.000000	0.000000	0.000000	0.000000	0.000000	0.000000	0.000000	0.000000	0.000000	0.000000
66	tsk_66	(x)	1	:	0.000000	0.482585	0.347471	0.000000	0.000000	0.000000	0.000000	0.000000	0.015925	0.153290	0.000000	0.000728
67	tsk_67	(x)	1	:	0.000000	1.000000	0.000000	0.000000	0.000000	0.000000	0.000000	0.000000	0.000000	0.000000	0.000000	0.000000
68	tsk_68	(x)	1	:	0.000000	0.468816	0.000000	0.000000	0.000000	0.000000	0.000000	0.531071	0.000000	0.000000	0.000000	0.000112
69	tsk_69	(x)	1	:	0.000000	0.482884	0.000000	0.000000	0.000000	0.000000	0.000000	0.425543	0.090188	0.000000	0.000000	0.001385
70	tsk_70	(x)	1	:	0.000000	1.000000	0.000000	0.000000	0.000000	0.000000	0.000000	0.000000	0.000000	0.000000	0.000000	0.000000
71	tsk_71	(x)	1	:	0.000000	0.483265	0.168715	0.000000	0.000000	0.000000	0.000000	0.000000	0.015180	0.332310	0.000000	0.000530
72	tsk_72	(x)	1	:	0.000000	0.483241	0.345240	0.000000	0.000000	0.000000	0.000000	0.000000	0.015217	0.155772	0.000000	0.000529
73	tsk_73	(x)	1	:	0.000000	0.515906	0.286737	0.000000	0.000000	0.000000	0.000000	0.000000	0.000000	0.197358	0.000000	0.000000
74	tsk_74	(x)	1	:	0.000000	0.000000	0.000000	0.000000	0.000000	0.000000	0.000000	1.000000	0.000000	0.000000	0.000000	0.000000
75	tsk_75	(x)	1	:	0.000000	0.000000	0.000000	0.000000	0.000000	0.000000	0.000000	1.000000	0.000000	0.000000	0.000000	0.000000
76	tsk_76	(x)	1	:	0.000000	0.000000	0.000000	0.000000	0.000000	0.000000	0.000000	1.000000	0.000000	0.000000	0.000000	0.000000
77	tsk_77	(x)	1	:	0.000000	0.000000	0.000000	0.000000	1.000000	0.000000	0.000000	0.000000	0.000000	0.000000	0.000000	0.000000
78	tsk_78	(x)	1	:	0.000000	0.000000	0.000000	0.000000	1.000000	0.000000	0.000000	0.000000	0.000000	0.000000	0.000000	0.000000
79	tsk_79	(x)	1	:	0.000000	0.515906	0.256860	0.000000	0.000000	0.000000	0.000000	0.000000	0.000000	0.227235	0.000000	0.000000
80	tsk_80	(x)	1	:	0.000000	0.000000	0.000000	0.000000	0.000000	0.000000	0.000000	0.000000	1.000000	0.000000	0.000000	0.000000
81	tsk_81	(x)	1	:	0.000000	0.515906	0.331886	0.000000	0.000000	0.000000	0.000000	0.000000	0.000000	0.152208	0.000000	0.000000
82	tsk_82	(x)	1	:	0.000000	0.000000	0.252651	0.000000	0.000000	0.000000	0.000000	0.000000	0.499019	0.248330	0.000000	0.000000
83	tsk_83	(x)	1	:	0.000000	0.000000	0.000000	0.000000	0.000000	0.000000	0.000000	0.000000	0.701918	0.000000	0.298081	0.000000
84	tsk_84	(x)	1	:	0.000000	0.000000	0.000000	0.000000	0.000000	0.000000	0.000000	0.000000	1.000000	0.000000	0.000000	0.000000
85	tsk_85	(x)	1	:	0.000000	0.000000	0.149953	0.000000	0.000000	0.000000	0.000000	0.000000	0.499019	0.351028	0.000000	0.000000
86	tsk_86	(x)	1	:	0.000000	0.545960	0.000000	0.000000	0.000000	0.000000	0.000000	0.000000	0.454040	0.000000	0.000000	0.000000
87	tsk_87	(x)	1	:	0.143864	0.000000	0.326344	0.000000	0.000000	0.000000	0.000000	0.000000	0.480282	0.049511	0.000000	0.000000
88	tsk_88	(x)	1	:	0.447717	0.000000	0.000000	0.000000	0.000000	0.000000	0.000000	0.552283	0.000000	0.000000	0.000000	0.000000
89	tsk_89	(x)	1	:	0.000000	0.000000	0.000000	0.000000	0.000000	0.000000	0.000000	0.000000	1.000000	0.000000	0.000000	0.000000
90	tsk_90	(x)	1	:	0.000000	0.000000	0.000000	0.000000	0.424777	0.171393	0.000000	0.403829	0.000000	0.000000	0.000000	0.000000
91	tsk_91	(x)	1	:	0.000000	0.000000	0.000000	0.000000	0.541383	0.456083	0.000000	0.000000	0.002534	0.000000	0.000000	0.000000
92	tsk_92	(x)	1	:	0.000000	0.000000	0.000000	0.000000	0.460382	0.000000	0.000000	0.000000	0.000000	0.000000	0.539618	0.000000
93	tsk_93	(x)	1	:	0.000000	0.000000	0.705163	0.000000	0.000000	0.000000	0.000000	0.000000	0.000000	0.294837	0.000000	0.000000
94	tsk_94	(x)	1	:	0.000000	0.000000	0.349754	0.000000	0.000000	0.000000	0.000000	0.508718	0.000000	0.141528	0.000000	0.000000
95	tsk_95	(x)	1	:	0.000000	0.000000	0.000000	0.000000	0.000000	0.401078	0.000000	0.000000	0.000073	0.000000	0.598849	0.000000
96	tsk_96	(x)	1	:	0.000000	0.000000	0.000000	0.000000	1.000000	0.000000	0.000000	0.000000	0.000000	0.000000	0.000000	0.000000
97	tsk_97	(x)	1	:	0.000000	0.000000	0.342425	0.000000	0.000000	0.000000	0.000000	0.508718	0.000000	0.148856	0.000000	0.000000
98	tsk_98	(x)	1	:	0.000000	0.000000	0.000000	0.000000	0.000000	0.519753	0.000000	0.480247	0.000000	0.000000	0.000000	0.000000
99	tsk_99	(x)	1	:	0.000000	0.000000	0.000000	0.000000	1.000000	0.000000	0.000000	0.000000	0.000000	0.000000	0.000000	0.000000
100	tsk_100	(x)	1	:	0.123856	0.000000	0.634942	0.000000	0.000000	0.000000	0.000000	0.000000	0.000000	0.241201	0.000000	0.000000
101	tsk_101	(x)	1	:	0.000000	0.000000	0.356384	0.000000	0.000000	0.000000	0.000000	0.000000	0.019838	0.144625	0.000000	0.479152
102	tsk_102	(x)	1	:	0.123856	0.000000	0.521891	0.000000	0.000000	0.000000	0.000000	0.000000	0.000000	0.354253	0.000000	0.000000
103	tsk_103	(x)	1	:	0.000000	0.000000	0.000000	0.000000	0.000000	0.000000	0.000000	0.000000	0.001026	0.000000	0.998974	0.000000
104	tsk_104	(x)	1	:	0.123856	0.000000	0.438746	0.000000	0.000000	0.000000	0.000000	0.000000	0.000000	0.437398	0.000000	0.000000
105	tsk_105	(x)	1	:	0.000000	0.000000	0.000000	0.000000	0.000000	0.000000	0.000000	0.424864	0.575136	0.000000	0.000000	0.000000
106	tsk_106	(x)	1	:	0.000000	0.000000	0.310950	0.000000	0.000000	0.000000	0.000000	0.425796	0.072993	0.190262	0.000000	0.000000
107	tsk_107	(x)	1	:	0.000000	0.000000	0.350710	0.498373	0.000000	0.000000	0.000000	0.000000	0.000000	0.150917	0.000000	0.000000
108	tsk_108	(x)	1	:	0.124767	0.000000	0.179904	0.498096	0.000000	0.000000	0.000000	0.000000	0.000000	0.197233	0.000000	0.000000
109	tsk_109	(x)	1	:	0.000000	0.000000	0.000000	0.000000	0.000000	0.000000	0.000000	0.000000	0.223875	0.000000	0.776125	0.000000
110	tsk_110	(x)	1	:	0.456632	0.000000	0.417470	0.000000	0.000000	0.000000	0.000000	0.000000	0.000000	0.125897	0.000000	0.000000
111	tsk_111	(x)	1	:	0.000000	0.000000	0.444424	0.000000	0.000000	0.000000	0.000000	0.000000	0.000000	0.555576	0.000000	0.000000
112	tsk_112	(x)	1	:	0.000000	0.000000	0.743415	0.000000	0.000000	0.000000	0.000000	0.000000	0.000000	0.256585	0.000000	0.000000
113	tsk_113	(x)	1	:	0.000000	0.000000	0.489399	0.000000	0.000000	0.000000	0.000000	0.000000	0.000000	0.510601	0.000000	0.000000
114	tsk_114	(x)	1	:	0.000000	0.000000	0.049771	0.000000	0.000000	0.490915	0.000000	0.000000	0.000000	0.459314	0.000000	0.000000
115	tsk_115	(x)	1	:	0.000000	0.000000	0.602543	0.000000	0.000000	0.000000	0.000000	0.000000	0.000000	0.397457	0.000000	0.000000
116	tsk_116	(x)	1	:	0.000000	0.000000	0.760719	0.000000	0.000000	0.000000	0.000000	0.000000	0.000000	0.239281	0.000000	0.000000
117	tsk_117	(x)	1	:	0.482609	0.000000	0.000000	0.000000	0.000000	0.000000	0.000000	0.000000	0.517391	0.000000	0.000000	0.000000
118	tsk_118	(x)	1	:	0.000000	0.000000	0.527124	0.000000	0.000000	0.000000	0.000000	0.000000	0.000000	0.472876	0.000000	0.000000
119	tsk_119	(x)	1	:	0.000000	0.000000	0.778035	0.000000	0.000000	0.000000	0.000000	0.000000	0.000000	0.221965	0.000000	0.000000
120	tsk_120	(x)	1	:	0.000000	1.000000	0.000000	0.000000	0.000000	0.000000	0.000000	0.000000	0.000000	0.000000	0.000000	0.000000
121	tsk_121	(x)	1	:	0.000000	0.518272	0.000229	0.000000	0.000000	0.000000	0.481404	0.000000	0.000000	0.000095	0.000000	0.000000
122	tsk_122	(x)	1	:	0.000000	0.000000	0.507306	0.000000	0.000000	0.000000	0.000000	0.000000	0.000000	0.492694	0.000000	0.000000
123	tsk_123	(x)	1	:	0.000000	0.509915	0.000000	0.000000	0.000000	0.000000	0.000000	0.490084	0.000000	0.000000	0.000000	0.000000
124	tsk_124	(x)	1	:	0.000000	1.000000	0.000000	0.000000	0.000000	0.000000	0.000000	0.000000	0.000000	0.000000	0.000000	0.000000
125	tsk_125	(x)	1	:	0.000000	0.479229	0.000725	0.000000	0.000000	0.000000	0.492958	0.000000	0.024986	0.000830	0.000000	0.001272
126	tsk_126	(x)	1	:	0.000000	0.000000	0.285837	0.000000	0.000000	0.000000	0.521410	0.000000	0.000000	0.192753	0.000000	0.000000
127	tsk_127	(x)	1	:	0.000000	0.482289	0.000000	0.000000	0.000000	0.000000	0.000000	0.000000	0.247117	0.000000	0.269560	0.001034
128	tsk_128	(x)	1	:	0.000000	0.000000	0.000000	0.000000	0.000000	0.000000	1.000000	0.000000	0.000000	0.000000	0.000000	0.000000
129	tsk_129	(x)	1	:	0.000000	0.000000	0.000212	0.000000	0.000000	0.000000	0.999640	0.000000	0.000000	0.000147	0.000000	0.000000
130	tsk_130	(x)	1	:	0.000000	0.482492	0.338156	0.000000	0.000000	0.000000	0.000000	0.000000	0.016426	0.162461	0.000000	0.000465
131	tsk_131	(x)	1	:	0.000000	0.000000	0.656586	0.000000	0.000000	0.000000	0.000000	0.000000	0.000000	0.343414	0.000000	0.000000
132	tsk_132	(x)	1	:	0.000000	0.482052	0.250774	0.000000	0.000000	0.000000	0.000000	0.000000	0.017099	0.249620	0.000000	0.000454
133	tsk_133	(x)	1	:	0.477010	0.000000	0.000000	0.000000	0.000000	0.000000	0.000000	0.424920	0.098069	0.000000	0.000000	0.000000
134	tsk_134	(x)	1	:	0.000000	0.000000	0.652423	0.000000	0.000000	0.000000	0.000000	0.000000	0.000000	0.347577	0.000000	0.000000
135	tsk_135	(x)	1	:	0.000000	0.000000	0.179176	0.000000	0.000000	0.000000	0.000000	0.000000	0.202334	0.321436	0.297053	0.000000
136	tsk_136	(x)	1	:	0.123856	0.000000	0.477871	0.000000	0.000000	0.000000	0.000000	0.000000	0.000000	0.398273	0.000000	0.000000
137	tsk_137	(x)	1	:	0.000000	0.000000	0.293393	0.000000	0.000000	0.000000	0.000000	0.425814	0.072970	0.207823	0.000000	0.000000
138	tsk_138	(x)	1	:	0.000000	0.482795	0.320903	0.000000	0.000000	0.000000	0.000000	0.000000	0.015505	0.179992	0.000000	0.000806
139	tsk_139	(x)	1	:	0.000000	0.000000	0.358610	0.000000	0.000000	0.000000	0.000000	0.000000	0.202327	0.142004	0.297060	0.000000
140	tsk_140	(x)	1	:	0.000000	0.000000	0.000000	0.000000	0.000000	0.000000	0.000000	0.000000	0.224730	0.000000	0.296966	0.478304
141	tsk_141	(x)	1	:	0.000000	0.000000	0.386060	0.000000	0.000000	0.000000	0.000000	0.000000	0.499019	0.114922	0.000000	0.000000
142	tsk_142	(x)	1	:	0.000000	0.542716	0.000000	0.000000	0.000000	0.000000	0.000000	0.000000	0.457284	0.000000	0.000000	0.000000
143	tsk_143	(x)	1	:	0.000000	0.000000	0.000000	0.000000	0.000000	0.000000	0.000000	0.424864	0.575136	0.000000	0.000000	0.000000
144	tsk_144	(x)	1	:	0.000000	0.542598	0.000000	0.000000	0.000000	0.000000	0.000000	0.424597	0.032805	0.000000	0.000000	0.000000
145	tsk_145	(x)	1	:	0.000000	1.000000	0.000000	0.000000	0.000000	0.000000	0.000000	0.000000	0.000000	0.000000	0.000000	0.000000
146	tsk_146	(x)	1	:	0.000000	0.000000	0.000000	0.000000	0.000000	0.000000	0.000000	0.344105	0.655895	0.000000	0.000000	0.000000
147	tsk_147	(x)	1	:	0.000000	0.000000	0.000000	0.000000	0.000000	0.000000	0.000000	1.000000	0.000000	0.000000	0.000000	0.000000
148	tsk_148	(x)	1	:	0.000000	0.000000	0.000000	0.000000	0.000000	0.000000	0.000000	0.000000	1.000000	0.000000	0.000000	0.000000
149	tsk_149	(x)	1	:	0.000000	0.000000	0.000000	0.000000	0.000000	0.000000	0.000000	0.000000	0.520921	0.000000	0.000000	0.479079
