logL = -1280.422997 (converged)
AIC = 4990.845994
BIC = 8648.767876

count.K
11 20 22 34 11 17 35 

