logL = -2258.583691 (converged)
AIC = 6157.167382
BIC = 8625.888323

count.K
45 0 43 45 17 

