logL = -449.447695 (converged)
AIC = 5582.895391
BIC = 12633.803249

count.K
6 8 10 0 17 51 21 2 7 4 11 9 2 2 

