logL = -1912.414682 (converged)
AIC = 6254.829365
BIC = 9912.751247

count.K
11 28 48 11 9 31 12 

