logL = -826.004472 (converged)
AIC = 4610.008945
BIC = 9062.738545

count.K
10 0 47 11 7 22 1 51 1 

