0	tsk_0	(x)	1	:	0.000000	0.000000	0.000000	0.000000	0.000000	0.000000	0.000000	0.000000	1.000000	0.000000	0.000000
1	tsk_1	(x)	1	:	0.000000	0.123525	0.000000	0.466173	0.380994	0.000000	0.000000	0.029308	0.000000	0.000000	0.000000
2	tsk_2	(x)	1	:	0.000000	0.000100	0.542563	0.000000	0.000743	0.000000	0.000000	0.000092	0.456498	0.000004	0.000000
3	tsk_3	(x)	1	:	0.000000	0.131185	0.000000	0.372094	0.370770	0.000000	0.000000	0.125951	0.000000	0.000000	0.000000
4	tsk_4	(x)	1	:	0.000000	0.257505	0.000000	0.000000	0.272512	0.000000	0.000000	0.000000	0.469982	0.000000	0.000000
5	tsk_5	(x)	1	:	0.000000	0.014705	0.441775	0.000002	0.015611	0.000000	0.000000	0.058061	0.469846	0.000000	0.000000
6	tsk_6	(x)	1	:	0.000000	0.000000	0.441750	0.000091	0.000000	0.000000	0.000000	0.558160	0.000000	0.000000	0.000000
7	tsk_7	(x)	1	:	0.000000	0.000000	0.196865	0.567593	0.000000	0.000000	0.000000	0.235542	0.000000	0.000000	0.000000
8	tsk_8	(x)	1	:	0.000000	0.381812	0.000000	0.000000	0.118246	0.000000	0.000000	0.499943	0.000000	0.000000	0.000000
9	tsk_9	(x)	1	:	0.000000	0.012102	0.000000	0.000000	0.018721	0.000000	0.000000	0.499583	0.469593	0.000000	0.000000
10	tsk_10	(x)	1	:	0.499744	0.276049	0.000000	0.000000	0.224206	0.000000	0.000000	0.000000	0.000000	0.000000	0.000000
11	tsk_11	(x)	1	:	0.000000	0.641351	0.000000	0.000000	0.358649	0.000000	0.000000	0.000000	0.000000	0.000000	0.000000
12	tsk_12	(x)	1	:	0.000000	0.000000	0.442762	0.000110	0.000000	0.000000	0.459263	0.097865	0.000000	0.000000	0.000000
13	tsk_13	(x)	1	:	0.000000	0.131970	0.442903	0.000000	0.371186	0.000000	0.000000	0.053940	0.000000	0.000000	0.000000
14	tsk_14	(x)	1	:	0.499746	0.050276	0.000000	0.000000	0.449978	0.000000	0.000000	0.000000	0.000000	0.000000	0.000000
15	tsk_15	(x)	1	:	0.000000	0.000000	0.000000	0.371629	0.000000	0.000000	0.458133	0.170238	0.000000	0.000000	0.000000
16	tsk_16	(x)	1	:	0.000000	0.000000	0.000000	0.000000	0.000000	0.000000	0.456972	0.543028	0.000000	0.000000	0.000000
17	tsk_17	(x)	1	:	0.000000	0.219588	0.000000	0.000000	0.280451	0.000000	0.000000	0.499960	0.000000	0.000000	0.000000
18	tsk_18	(x)	1	:	0.000000	0.326936	0.000000	0.373654	0.177200	0.000000	0.000000	0.122211	0.000000	0.000000	0.000000
19	tsk_19	(x)	1	:	0.000000	0.186805	0.000000	0.372187	0.315289	0.000000	0.000000	0.125718	0.000000	0.000000	0.000000
20	tsk_20	(x)	1	:	0.000000	0.265275	0.000000	0.000000	0.088255	0.208101	0.000000	0.000000	0.000000	0.000000	0.438370
21	tsk_21	(x)	1	:	0.000000	0.276354	0.000000	0.000000	0.233691	0.000000	0.465921	0.024034	0.000000	0.000000	0.000000
22	tsk_22	(x)	1	:	0.000000	0.679310	0.000000	0.000000	0.320690	0.000000	0.000000	0.000000	0.000000	0.000000	0.000000
23	tsk_23	(x)	1	:	0.000000	0.234081	0.000000	0.000000	0.269403	0.000000	0.459958	0.036559	0.000000	0.000000	0.000000
24	tsk_24	(x)	1	:	0.000000	0.252614	0.000000	0.000000	0.247423	0.000000	0.000000	0.499963	0.000000	0.000000	0.000000
25	tsk_25	(x)	1	:	0.000000	0.130376	0.000000	0.000000	0.063869	0.092637	0.456258	0.044629	0.000000	0.000000	0.212231
26	tsk_26	(x)	1	:	0.000000	0.000000	0.000000	0.000000	0.000000	0.191456	0.422078	0.000001	0.000000	0.000000	0.386465
27	tsk_27	(x)	1	:	0.000000	0.000000	0.442588	0.000108	0.000000	0.000000	0.458880	0.098424	0.000000	0.000000	0.000000
28	tsk_28	(x)	1	:	0.000000	0.298656	0.000000	0.000000	0.055015	0.208069	0.000000	0.000000	0.000000	0.000000	0.438260
29	tsk_29	(x)	1	:	0.000000	0.635962	0.000000	0.000000	0.364038	0.000000	0.000000	0.000000	0.000000	0.000000	0.000000
30	tsk_30	(x)	1	:	0.000000	0.000000	0.000000	0.000000	0.000000	0.000000	0.000000	0.000000	1.000000	0.000000	0.000000
31	tsk_31	(x)	1	:	0.000000	0.012109	0.000000	0.000000	0.020372	0.000000	0.455848	0.043466	0.468204	0.000000	0.000000
32	tsk_32	(x)	1	:	0.497430	0.017494	0.000000	0.000000	0.010199	0.000000	0.000000	0.004998	0.469880	0.000000	0.000000
33	tsk_33	(x)	1	:	0.498987	0.005219	0.000000	0.000000	0.023418	0.000000	0.000000	0.002187	0.470188	0.000000	0.000000
34	tsk_34	(x)	1	:	0.000000	0.069205	0.000000	0.000000	0.024852	0.000000	0.000000	0.000000	0.468564	0.000000	0.437379
35	tsk_35	(x)	1	:	0.000000	0.390151	0.000000	0.000000	0.139845	0.000000	0.000000	0.000000	0.470004	0.000000	0.000000
36	tsk_36	(x)	1	:	0.000000	0.000000	0.000000	0.000000	0.000000	0.000000	0.000000	0.000000	1.000000	0.000000	0.000000
37	tsk_37	(x)	1	:	0.498716	0.000000	0.000000	0.000000	0.000000	0.000000	0.455751	0.045533	0.000000	0.000000	0.000000
38	tsk_38	(x)	1	:	0.000000	0.000000	0.000000	0.000000	0.000000	0.000000	0.000000	0.000000	1.000000	0.000000	0.000000
39	tsk_39	(x)	1	:	0.497453	0.035817	0.000000	0.000000	0.026045	0.000000	0.000000	0.003468	0.000000	0.000000	0.437216
40	tsk_40	(x)	1	:	0.000000	0.361096	0.000000	0.000000	0.138932	0.000000	0.000000	0.499972	0.000000	0.000000	0.000000
41	tsk_41	(x)	1	:	0.000000	0.000000	0.000000	0.370687	0.000000	0.000000	0.000000	0.629313	0.000000	0.000000	0.000000
42	tsk_42	(x)	1	:	0.000000	0.360370	0.000000	0.000000	0.139660	0.000000	0.000000	0.499970	0.000000	0.000000	0.000000
43	tsk_43	(x)	1	:	0.000000	0.254940	0.000000	0.000000	0.211876	0.533183	0.000000	0.000000	0.000000	0.000000	0.000000
44	tsk_44	(x)	1	:	0.000000	0.633031	0.000000	0.000000	0.366969	0.000000	0.000000	0.000000	0.000000	0.000000	0.000000
45	tsk_45	(x)	1	:	0.000000	0.000000	0.000000	0.000000	0.000000	0.000000	0.000000	1.000000	0.000000	0.000000	0.000000
46	tsk_46	(x)	1	:	0.000000	0.000000	0.000000	0.370687	0.000000	0.000000	0.000000	0.629313	0.000000	0.000000	0.000000
47	tsk_47	(x)	1	:	0.000000	0.128054	0.000000	0.000000	0.371965	0.000000	0.000000	0.499980	0.000000	0.000000	0.000000
48	tsk_48	(x)	1	:	0.000000	0.000000	0.000000	0.000000	0.000000	0.000000	0.000000	1.000000	0.000000	0.000000	0.000000
49	tsk_49	(x)	1	:	0.000000	0.266403	0.000000	0.000000	0.200396	0.533201	0.000000	0.000000	0.000000	0.000000	0.000000
50	tsk_50	(x)	1	:	0.000000	0.131095	0.000000	0.000000	0.368936	0.000000	0.000000	0.499969	0.000000	0.000000	0.000000
51	tsk_51	(x)	1	:	0.000000	0.290366	0.000000	0.000000	0.209645	0.000000	0.000000	0.499989	0.000000	0.000000	0.000000
52	tsk_52	(x)	1	:	0.000000	0.000000	0.000000	0.000000	0.000012	0.000000	0.000000	0.000000	0.000000	0.999988	0.000000
53	tsk_53	(x)	1	:	0.000000	0.000000	0.000000	0.000000	0.000000	0.000000	0.000000	0.000000	0.000000	0.000000	1.000000
54	tsk_54	(x)	1	:	0.000000	0.351261	0.000000	0.000000	0.075759	0.000000	0.000000	0.000000	0.000000	0.000000	0.572979
55	tsk_55	(x)	1	:	0.000000	0.000000	1.000000	0.000000	0.000000	0.000000	0.000000	0.000000	0.000000	0.000000	0.000000
56	tsk_56	(x)	1	:	0.000000	0.000191	0.000000	0.371981	0.000000	0.000000	0.000000	0.074913	0.000000	0.000000	0.552915
57	tsk_57	(x)	1	:	0.000000	0.000000	0.000000	0.000000	0.000000	0.000000	0.000000	0.000000	0.000000	0.000000	1.000000
58	tsk_58	(x)	1	:	0.000000	0.000000	0.000000	0.000000	0.000000	0.000000	0.000000	0.614448	0.000000	0.133493	0.252059
59	tsk_59	(x)	1	:	0.499870	0.275166	0.000000	0.000000	0.224964	0.000000	0.000000	0.000000	0.000000	0.000000	0.000000
60	tsk_60	(x)	1	:	0.000000	0.433877	0.000000	0.000000	0.566123	0.000000	0.000000	0.000000	0.000000	0.000000	0.000000
61	tsk_61	(x)	1	:	0.000000	0.000000	0.000000	0.719016	0.000000	0.000000	0.000000	0.280984	0.000000	0.000000	0.000000
62	tsk_62	(x)	1	:	0.000000	0.299923	0.000000	0.000000	0.700077	0.000000	0.000000	0.000000	0.000000	0.000000	0.000000
63	tsk_63	(x)	1	:	0.000000	0.055693	0.000000	0.371031	0.007844	0.000000	0.000000	0.127792	0.000000	0.000000	0.437641
64	tsk_64	(x)	1	:	0.000000	0.000000	0.000000	0.999803	0.000000	0.000000	0.000000	0.000197	0.000000	0.000000	0.000000
65	tsk_65	(x)	1	:	0.000000	0.190158	0.000000	0.372355	0.312089	0.000000	0.000000	0.125398	0.000000	0.000000	0.000000
66	tsk_66	(x)	1	:	0.000000	0.167104	0.442224	0.000000	0.334285	0.000000	0.000000	0.056388	0.000000	0.000000	0.000000
67	tsk_67	(x)	1	:	0.000000	0.158985	0.000000	0.372088	0.343000	0.000000	0.000000	0.125927	0.000000	0.000000	0.000000
68	tsk_68	(x)	1	:	0.000000	0.145659	0.443627	0.000000	0.359348	0.000000	0.000000	0.051365	0.000000	0.000000	0.000000
69	tsk_69	(x)	1	:	0.000000	0.751661	0.000000	0.000000	0.248339	0.000000	0.000000	0.000000	0.000000	0.000000	0.000000
70	tsk_70	(x)	1	:	0.000000	0.061429	0.000000	0.000000	0.002331	0.000000	0.000000	0.498767	0.000000	0.000000	0.437473
71	tsk_71	(x)	1	:	0.000000	0.385025	0.000000	0.000000	0.041984	0.000000	0.000000	0.000000	0.000000	0.000000	0.572991
72	tsk_72	(x)	1	:	0.000000	0.056107	0.000000	0.000000	0.007119	0.000000	0.455845	0.043677	0.000000	0.000000	0.437251
73	tsk_73	(x)	1	:	0.000000	0.036048	0.000000	0.000000	0.026830	0.000000	0.000000	0.499389	0.000000	0.000000	0.437733
74	tsk_74	(x)	1	:	0.000000	0.000000	1.000000	0.000000	0.000000	0.000000	0.000000	0.000000	0.000000	0.000000	0.000000
75	tsk_75	(x)	1	:	0.000000	0.311731	0.000000	0.000000	0.250544	0.000000	0.000000	0.000000	0.000000	0.000000	0.437726
76	tsk_76	(x)	1	:	0.000000	0.112611	0.609573	0.000000	0.277816	0.000000	0.000000	0.000000	0.000000	0.000000	0.000000
77	tsk_77	(x)	1	:	0.000000	0.104745	0.000000	0.000000	0.397155	0.000000	0.458489	0.039612	0.000000	0.000000	0.000000
78	tsk_78	(x)	1	:	0.000000	0.456328	0.000000	0.000000	0.106091	0.000000	0.000000	0.000000	0.000000	0.000000	0.437580
79	tsk_79	(x)	1	:	0.000000	0.352618	0.000000	0.000000	0.147428	0.000000	0.000000	0.499954	0.000000	0.000000	0.000000
80	tsk_80	(x)	1	:	0.000000	0.000000	0.441741	0.000108	0.000000	0.000000	0.000000	0.558151	0.000000	0.000000	0.000000
81	tsk_81	(x)	1	:	0.000000	0.000000	0.000000	0.000000	0.000000	0.000000	0.653115	0.346885	0.000000	0.000000	0.000000
82	tsk_82	(x)	1	:	0.498052	0.216115	0.000000	0.000000	0.282014	0.000000	0.000000	0.003818	0.000000	0.000000	0.000000
83	tsk_83	(x)	1	:	0.000000	0.441205	0.000000	0.000000	0.254676	0.092530	0.000000	0.000000	0.000000	0.000000	0.211589
84	tsk_84	(x)	1	:	0.000000	0.112964	0.000000	0.000000	0.296350	0.000000	0.590687	0.000000	0.000000	0.000000	0.000000
85	tsk_85	(x)	1	:	0.000000	0.114611	0.442113	0.000000	0.386495	0.000000	0.000000	0.056780	0.000000	0.000000	0.000000
86	tsk_86	(x)	1	:	0.499674	0.196542	0.000000	0.000000	0.303783	0.000000	0.000000	0.000000	0.000000	0.000000	0.000000
87	tsk_87	(x)	1	:	0.000000	0.000000	0.483773	0.000000	0.000000	0.000000	0.516227	0.000000	0.000000	0.000000	0.000000
88	tsk_88	(x)	1	:	0.000000	0.468634	0.000000	0.000000	0.531366	0.000000	0.000000	0.000000	0.000000	0.000000	0.000000
89	tsk_89	(x)	1	:	0.000000	0.000000	1.000000	0.000000	0.000000	0.000000	0.000000	0.000000	0.000000	0.000000	0.000000
90	tsk_90	(x)	1	:	0.500000	0.000000	0.000000	0.000000	0.000000	0.000000	0.000000	0.500000	0.000000	0.000000	0.000000
91	tsk_91	(x)	1	:	0.497984	0.000000	0.000000	0.000000	0.000000	0.000000	0.455040	0.046976	0.000000	0.000000	0.000000
92	tsk_92	(x)	1	:	0.345772	0.000000	0.654228	0.000000	0.000000	0.000000	0.000000	0.000000	0.000000	0.000000	0.000000
93	tsk_93	(x)	1	:	1.000000	0.000000	0.000000	0.000000	0.000000	0.000000	0.000000	0.000000	0.000000	0.000000	0.000000
94	tsk_94	(x)	1	:	0.499602	0.305656	0.000000	0.000000	0.194742	0.000000	0.000000	0.000000	0.000000	0.000000	0.000000
95	tsk_95	(x)	1	:	1.000000	0.000000	0.000000	0.000000	0.000000	0.000000	0.000000	0.000000	0.000000	0.000000	0.000000
96	tsk_96	(x)	1	:	0.500000	0.000000	0.000000	0.000000	0.000000	0.000000	0.000000	0.500000	0.000000	0.000000	0.000000
97	tsk_97	(x)	1	:	0.000000	0.000000	1.000000	0.000000	0.000000	0.000000	0.000000	0.000000	0.000000	0.000000	0.000000
98	tsk_98	(x)	1	:	0.500000	0.000000	0.000000	0.000000	0.000000	0.000000	0.000000	0.500000	0.000000	0.000000	0.000000
99	tsk_99	(x)	1	:	0.000000	0.000000	0.522698	0.477156	0.000000	0.000000	0.000000	0.000146	0.000000	0.000000	0.000000
100	tsk_100	(x)	1	:	0.000000	0.000000	0.000000	0.000000	0.000000	0.000000	0.000000	1.000000	0.000000	0.000000	0.000000
101	tsk_101	(x)	1	:	0.000000	0.529603	0.000000	0.000000	0.470397	0.000000	0.000000	0.000000	0.000000	0.000000	0.000000
102	tsk_102	(x)	1	:	0.000000	0.000000	0.000000	0.719016	0.000000	0.000000	0.000000	0.280984	0.000000	0.000000	0.000000
103	tsk_103	(x)	1	:	0.000000	0.141059	0.000000	0.000000	0.858941	0.000000	0.000000	0.000000	0.000000	0.000000	0.000000
104	tsk_104	(x)	1	:	0.000000	0.000000	0.000000	0.719016	0.000000	0.000000	0.000000	0.280984	0.000000	0.000000	0.000000
105	tsk_105	(x)	1	:	0.000000	0.296467	0.000000	0.000000	0.203558	0.000000	0.000000	0.499975	0.000000	0.000000	0.000000
106	tsk_106	(x)	1	:	0.000000	0.190121	0.000000	0.000000	0.309926	0.000000	0.000000	0.499952	0.000000	0.000000	0.000000
107	tsk_107	(x)	1	:	0.000000	0.446359	0.000000	0.000000	0.553641	0.000000	0.000000	0.000000	0.000000	0.000000	0.000000
108	tsk_108	(x)	1	:	0.497384	0.044065	0.000000	0.000000	0.017685	0.000000	0.000000	0.003636	0.000000	0.000000	0.437230
109	tsk_109	(x)	1	:	0.000000	0.000000	0.441751	0.000089	0.000000	0.000000	0.000000	0.558161	0.000000	0.000000	0.000000
110	tsk_110	(x)	1	:	0.499908	0.100724	0.000000	0.000000	0.399368	0.000000	0.000000	0.000000	0.000000	0.000000	0.000000
111	tsk_111	(x)	1	:	0.000000	0.000000	0.000000	0.000000	0.000000	0.000000	0.000000	1.000000	0.000000	0.000000	0.000000
112	tsk_112	(x)	1	:	0.000000	0.000000	1.000000	0.000000	0.000000	0.000000	0.000000	0.000000	0.000000	0.000000	0.000000
113	tsk_113	(x)	1	:	0.000000	0.331792	0.000000	0.000000	0.021834	0.208079	0.000000	0.000000	0.000000	0.000000	0.438295
114	tsk_114	(x)	1	:	0.000000	0.000000	0.000000	0.000000	0.000000	0.194514	0.000000	0.409454	0.000000	0.000000	0.396032
115	tsk_115	(x)	1	:	0.000000	0.000000	1.000000	0.000000	0.000000	0.000000	0.000000	0.000000	0.000000	0.000000	0.000000
116	tsk_116	(x)	1	:	0.435715	0.000000	0.000000	0.000000	0.000000	0.000000	0.000000	0.000003	0.564282	0.000000	0.000000
117	tsk_117	(x)	1	:	0.000000	0.022006	0.441716	0.000000	0.007932	0.000000	0.000000	0.058371	0.469974	0.000000	0.000000
118	tsk_118	(x)	1	:	0.000000	0.010620	0.441770	0.000000	0.018623	0.000000	0.000000	0.058605	0.470383	0.000000	0.000000
119	tsk_119	(x)	1	:	0.498065	0.014117	0.000000	0.000000	0.014036	0.000000	0.000000	0.003816	0.469967	0.000000	0.000000
120	tsk_120	(x)	1	:	0.000000	0.000000	0.428727	0.000000	0.000000	0.192552	0.000000	0.000004	0.000000	0.000000	0.378718
121	tsk_121	(x)	1	:	0.000000	0.282011	0.000000	0.000000	0.717989	0.000000	0.000000	0.000000	0.000000	0.000000	0.000000
122	tsk_122	(x)	1	:	0.000000	0.256437	0.000000	0.000000	0.097235	0.208069	0.000000	0.000000	0.000000	0.000000	0.438259
123	tsk_123	(x)	1	:	0.000000	0.311735	0.000000	0.000000	0.188296	0.000000	0.000000	0.499968	0.000000	0.000000	0.000000
124	tsk_124	(x)	1	:	0.000000	0.464840	0.000000	0.000000	0.535160	0.000000	0.000000	0.000000	0.000000	0.000000	0.000000
125	tsk_125	(x)	1	:	0.000000	0.215374	0.443643	0.000000	0.289331	0.000000	0.000000	0.051652	0.000000	0.000000	0.000000
126	tsk_126	(x)	1	:	0.000000	0.012300	0.000000	0.000000	0.018549	0.000000	0.000000	0.499570	0.469581	0.000000	0.000000
127	tsk_127	(x)	1	:	0.000000	0.189999	0.000000	0.000000	0.340022	0.000000	0.000000	0.000000	0.469979	0.000000	0.000000
128	tsk_128	(x)	1	:	0.000000	0.181410	0.000000	0.000000	0.326487	0.000000	0.463935	0.028169	0.000000	0.000000	0.000000
129	tsk_129	(x)	1	:	0.000000	0.000000	0.441727	0.000135	0.000000	0.000000	0.000000	0.558137	0.000000	0.000000	0.000000
130	tsk_130	(x)	1	:	0.000000	0.000189	0.000000	0.000000	0.000000	0.000000	0.000000	0.447321	0.000000	0.000000	0.552490
131	tsk_131	(x)	1	:	0.000000	0.000052	0.000000	0.000000	0.000012	0.000000	0.449474	0.000128	0.000000	0.000000	0.550334
132	tsk_132	(x)	1	:	0.000000	0.000000	0.000000	0.000000	0.000000	0.000000	0.000000	0.000000	1.000000	0.000000	0.000000
133	tsk_133	(x)	1	:	0.000000	0.000000	0.441720	0.000149	0.000000	0.000000	0.000000	0.558130	0.000000	0.000000	0.000000
134	tsk_134	(x)	1	:	0.000000	0.000000	0.000000	0.000000	0.000000	0.000000	0.456972	0.543028	0.000000	0.000000	0.000000
135	tsk_135	(x)	1	:	0.000000	0.000000	0.000000	0.370687	0.000000	0.000000	0.000000	0.629313	0.000000	0.000000	0.000000
136	tsk_136	(x)	1	:	0.000000	0.000000	0.000000	0.000000	0.000000	0.000000	0.456972	0.543028	0.000000	0.000000	0.000000
137	tsk_137	(x)	1	:	0.000000	0.000000	0.000000	0.370687	0.000000	0.000000	0.000000	0.629313	0.000000	0.000000	0.000000
138	tsk_138	(x)	1	:	0.000000	0.324218	0.000000	0.372201	0.177937	0.000000	0.000000	0.125643	0.000000	0.000000	0.000000
139	tsk_139	(x)	1	:	0.000000	0.000000	0.000000	0.000000	0.000000	0.000000	0.000000	1.000000	0.000000	0.000000	0.000000
140	tsk_140	(x)	1	:	0.500280	0.000000	0.000000	0.370929	0.000000	0.000000	0.000000	0.128791	0.000000	0.000000	0.000000
141	tsk_141	(x)	1	:	0.000000	0.138827	0.000000	0.000000	0.391204	0.000000	0.000000	0.000000	0.469968	0.000000	0.000000
142	tsk_142	(x)	1	:	0.000000	0.434545	0.000000	0.000000	0.065519	0.000000	0.000000	0.499936	0.000000	0.000000	0.000000
143	tsk_143	(x)	1	:	0.000000	0.295587	0.000000	0.000000	0.204443	0.000000	0.000000	0.499970	0.000000	0.000000	0.000000
144	tsk_144	(x)	1	:	0.000000	0.014093	0.441677	0.000000	0.015567	0.000000	0.000000	0.058589	0.470073	0.000000	0.000000
145	tsk_145	(x)	1	:	0.000000	0.136834	0.442006	0.000000	0.363972	0.000000	0.000000	0.057189	0.000000	0.000000	0.000000
146	tsk_146	(x)	1	:	0.000000	0.119342	0.000000	0.371647	0.381932	0.000000	0.000000	0.127079	0.000000	0.000000	0.000000
147	tsk_147	(x)	1	:	0.000000	0.636047	0.000000	0.000000	0.363953	0.000000	0.000000	0.000000	0.000000	0.000000	0.000000
148	tsk_148	(x)	1	:	0.000000	0.000000	1.000000	0.000000	0.000000	0.000000	0.000000	0.000000	0.000000	0.000000	0.000000
149	tsk_149	(x)	1	:	0.000000	0.897513	0.000000	0.000000	0.102486	0.000000	0.000000	0.000000	0.000000	0.000000	0.000000
