logL = -1252.213095 (converged)
AIC = 6908.426190
BIC = 13537.845107

count.K
5 12 32 55 3 8 9 7 1 8 8 2 

