logL = -1680.411774 (converged)
AIC = 5846.823548
BIC = 9589.043218

count.K
36 11 34 6 27 27 9 

