logL = -1118.081295 (converged)
AIC = 3816.162591
BIC = 6194.564473

count.K
91 14 19 15 11 

