0	tsk_0	(x)	1	:	0.000000	0.000000	0.494431	0.000002	0.000000	0.000000	0.503875	0.001692	0.000000	0.000000	0.000000	0.000000	0.000000
1	tsk_1	(x)	1	:	0.000000	0.000000	0.000000	0.000000	0.000000	0.000000	1.000000	0.000000	0.000000	0.000000	0.000000	0.000000	0.000000
2	tsk_2	(x)	1	:	0.000000	0.479124	0.000000	0.000000	0.000000	0.000000	0.000000	0.000000	0.000000	0.000000	0.000000	0.520876	0.000000
3	tsk_3	(x)	1	:	0.000000	0.497590	0.000000	0.000000	0.000000	0.000000	0.000000	0.000000	0.000000	0.000000	0.000000	0.000000	0.502410
4	tsk_4	(x)	1	:	0.000000	0.000000	0.000000	0.000000	0.000000	0.000000	0.000000	0.000000	0.000000	0.000000	0.000000	0.516930	0.483070
5	tsk_5	(x)	1	:	0.000000	0.000000	0.000000	0.000000	0.000000	0.000000	0.000000	0.000000	0.000000	0.000000	0.000000	1.000000	0.000000
6	tsk_6	(x)	1	:	0.000000	0.000000	0.410266	0.000000	0.000000	0.000000	0.000000	0.000000	0.495903	0.000000	0.000000	0.000000	0.093831
7	tsk_7	(x)	1	:	0.000000	0.000000	0.000000	0.000000	0.000000	0.000000	0.491660	0.000000	0.000000	0.000000	0.000000	0.508339	0.000000
8	tsk_8	(x)	1	:	0.000000	0.000000	0.000000	0.000000	0.000000	0.000000	0.491660	0.000000	0.000000	0.000000	0.000000	0.508339	0.000000
9	tsk_9	(x)	1	:	0.000000	0.499600	0.000000	0.000000	0.000000	0.000000	0.500399	0.000000	0.000000	0.000000	0.000000	0.000000	0.000000
10	tsk_10	(x)	1	:	0.000000	0.000000	0.000000	0.000000	0.000000	0.000000	0.000000	0.000000	0.483070	0.000000	0.000000	0.516930	0.000000
11	tsk_11	(x)	1	:	0.000000	0.000000	0.000000	0.000001	0.000000	0.000000	0.499463	0.000000	0.500537	0.000000	0.000000	0.000000	0.000000
12	tsk_12	(x)	1	:	0.405530	0.000000	0.000000	0.000000	0.000000	0.494362	0.027828	0.000000	0.000000	0.000000	0.000000	0.072281	0.000000
13	tsk_13	(x)	1	:	0.000000	0.000000	0.000000	0.000000	0.000000	0.492959	0.000000	0.000000	0.000000	0.000000	0.000000	0.507041	0.000000
14	tsk_14	(x)	1	:	0.000000	0.000000	0.000000	0.000000	0.000000	0.000000	0.000000	0.000000	0.519307	0.000000	0.000000	0.480693	0.000000
15	tsk_15	(x)	1	:	0.000000	0.000000	0.000000	0.000000	0.000000	0.000000	0.000000	0.000000	0.000000	0.000000	0.000000	1.000000	0.000000
16	tsk_16	(x)	1	:	0.000000	0.000000	0.000000	0.000002	0.562520	0.000000	0.437479	0.000000	0.000000	0.000000	0.000000	0.000000	0.000000
17	tsk_17	(x)	1	:	0.000000	0.000000	0.000000	0.000000	0.000000	0.492959	0.000000	0.000000	0.000000	0.000000	0.000000	0.507041	0.000000
18	tsk_18	(x)	1	:	0.000000	0.000000	0.000000	0.000000	0.000000	0.000000	0.000000	0.000000	1.000000	0.000000	0.000000	0.000000	0.000000
19	tsk_19	(x)	1	:	0.000000	0.000000	0.000000	0.000001	0.000000	0.000000	0.508283	0.000000	0.000000	0.000000	0.000000	0.491717	0.000000
20	tsk_20	(x)	1	:	0.000000	0.495526	0.000000	0.000000	0.000000	0.000000	0.000000	0.000000	0.000000	0.000000	0.504467	0.000007	0.000000
21	tsk_21	(x)	1	:	0.000000	0.000000	0.248113	0.000000	0.000000	0.496511	0.000000	0.000000	0.255376	0.000000	0.000000	0.000000	0.000000
22	tsk_22	(x)	1	:	0.000000	0.000000	0.000000	0.000000	0.000000	0.000000	0.500026	0.000000	0.000000	0.000000	0.499974	0.000000	0.000000
23	tsk_23	(x)	1	:	0.000000	0.497590	0.000000	0.000000	0.000000	0.000000	0.000000	0.000000	0.000000	0.000000	0.000000	0.000000	0.502409
24	tsk_24	(x)	1	:	0.000000	0.479124	0.000000	0.000000	0.000000	0.000000	0.000000	0.000000	0.000000	0.000000	0.000000	0.520876	0.000000
25	tsk_25	(x)	1	:	0.000000	0.000000	0.000000	0.000001	0.000000	0.000000	0.485511	0.000000	0.000000	0.000000	0.514488	0.000000	0.000000
26	tsk_26	(x)	1	:	0.000000	0.000000	0.000004	0.000001	0.000000	0.000000	0.507709	0.492285	0.000001	0.000000	0.000000	0.000000	0.000000
27	tsk_27	(x)	1	:	0.000000	0.000000	0.000000	0.000000	0.000000	0.000000	0.000000	0.000000	0.000000	0.000000	0.499042	0.000000	0.500958
28	tsk_28	(x)	1	:	0.000000	0.498020	0.000000	0.000000	0.000000	0.491581	0.010398	0.000000	0.000000	0.000000	0.000000	0.000000	0.000000
29	tsk_29	(x)	1	:	0.000000	0.498068	0.000000	0.000000	0.000000	0.492498	0.009434	0.000000	0.000000	0.000000	0.000000	0.000000	0.000000
30	tsk_30	(x)	1	:	0.000000	0.000000	0.000000	0.000000	0.000000	0.500016	0.008856	0.491128	0.000000	0.000000	0.000000	0.000000	0.000000
31	tsk_31	(x)	1	:	0.000000	0.000000	0.000000	0.000000	0.000000	0.495012	0.014119	0.490869	0.000000	0.000000	0.000000	0.000000	0.000000
32	tsk_32	(x)	1	:	0.000000	0.000000	0.000000	0.504253	0.000000	0.000000	0.000000	0.000000	0.000000	0.000000	0.000000	0.000000	0.495747
33	tsk_33	(x)	1	:	0.000000	0.000000	0.000000	0.000000	0.000000	0.000000	0.000000	0.000000	0.000000	0.000000	0.000000	0.480692	0.519307
34	tsk_34	(x)	1	:	0.000000	0.000000	0.000000	0.000000	0.000000	0.000000	0.000000	0.000000	0.499982	0.000000	0.000000	0.000000	0.500018
35	tsk_35	(x)	1	:	0.000000	0.000000	0.000000	0.000000	0.000000	0.000000	0.000000	0.000000	0.000000	0.000000	0.361873	0.122669	0.515458
36	tsk_36	(x)	1	:	0.000000	0.497591	0.000000	0.000000	0.000000	0.000000	0.000000	0.000000	0.000000	0.000000	0.000000	0.000000	0.502408
37	tsk_37	(x)	1	:	0.000000	0.000000	0.000000	0.000000	0.000000	0.000000	0.000000	0.000000	0.000000	0.000000	0.000000	0.516930	0.483070
38	tsk_38	(x)	1	:	0.000000	0.497592	0.000000	0.000000	0.000000	0.000000	0.000000	0.000000	0.502408	0.000000	0.000000	0.000000	0.000000
39	tsk_39	(x)	1	:	0.000000	0.000000	0.000000	0.504253	0.000000	0.000000	0.000000	0.000000	0.000000	0.000000	0.000000	0.000000	0.495747
40	tsk_40	(x)	1	:	0.000000	0.495527	0.000000	0.000000	0.000000	0.000000	0.000000	0.000000	0.000000	0.000000	0.504472	0.000000	0.000000
41	tsk_41	(x)	1	:	0.000000	0.000000	0.000000	0.000000	0.000000	0.000000	0.000000	0.000000	0.000000	0.000000	0.619796	0.380204	0.000000
42	tsk_42	(x)	1	:	0.000000	0.000000	0.000000	0.000000	0.000000	0.000000	0.498265	0.000000	0.000000	0.000000	0.501735	0.000000	0.000000
43	tsk_43	(x)	1	:	0.341263	0.000000	0.000000	0.000000	0.000000	0.000000	0.000000	0.000000	0.000000	0.000000	0.602205	0.056533	0.000000
44	tsk_44	(x)	1	:	0.000000	0.468971	0.000000	0.000000	0.000000	0.000000	0.000000	0.000000	0.000000	0.000000	0.531029	0.000000	0.000000
45	tsk_45	(x)	1	:	0.319055	0.000000	0.000000	0.000000	0.000000	0.000000	0.000000	0.000000	0.000000	0.000000	0.680938	0.000007	0.000000
46	tsk_46	(x)	1	:	0.000000	0.000000	0.000000	0.000000	0.000000	0.000000	0.000000	0.000000	0.000000	0.000000	0.719101	0.280899	0.000000
47	tsk_47	(x)	1	:	0.000000	0.000000	0.000000	0.000000	0.000000	0.000000	0.000000	0.000000	0.000000	0.000000	0.502460	0.000000	0.497540
48	tsk_48	(x)	1	:	0.000000	0.000000	0.000000	0.000000	0.000000	0.000000	0.000000	0.000000	0.000000	0.000000	1.000000	0.000000	0.000000
49	tsk_49	(x)	1	:	0.000000	0.000000	0.000000	0.501785	0.000000	0.000000	0.000726	0.000000	0.000000	0.000000	0.497489	0.000000	0.000000
50	tsk_50	(x)	1	:	0.000000	0.000000	0.000000	0.000000	0.000000	0.000000	1.000000	0.000000	0.000000	0.000000	0.000000	0.000000	0.000000
51	tsk_51	(x)	1	:	0.000000	0.000000	0.000000	0.000000	0.000000	0.000000	0.000000	0.000000	0.000000	0.000000	1.000000	0.000000	0.000000
52	tsk_52	(x)	1	:	0.000000	0.000000	0.000000	0.000000	0.000000	0.000000	0.500026	0.000000	0.000000	0.000000	0.499973	0.000000	0.000000
53	tsk_53	(x)	1	:	0.000000	0.000000	0.000000	0.000000	0.000000	0.000000	0.500026	0.000000	0.000000	0.000000	0.499973	0.000000	0.000000
54	tsk_54	(x)	1	:	0.000000	0.000000	0.000000	0.000000	0.143995	0.000000	0.475088	0.000000	0.000000	0.000000	0.380917	0.000000	0.000000
55	tsk_55	(x)	1	:	0.000000	0.000000	0.000000	0.000000	0.000000	0.000000	0.500026	0.000000	0.000000	0.000000	0.499974	0.000000	0.000000
56	tsk_56	(x)	1	:	0.000000	0.000000	0.000000	0.000000	0.000000	0.000000	0.000000	0.000000	1.000000	0.000000	0.000000	0.000000	0.000000
57	tsk_57	(x)	1	:	0.000000	0.000000	0.000000	0.000000	0.000000	0.000000	0.000000	0.000000	0.000000	0.000000	1.000000	0.000000	0.000000
58	tsk_58	(x)	1	:	0.341850	0.000000	0.000000	0.000000	0.000000	0.000000	0.000000	0.000000	0.000000	0.000000	0.578239	0.079911	0.000000
59	tsk_59	(x)	1	:	0.000000	0.000000	0.000000	0.000000	0.000000	0.000000	0.500026	0.000000	0.000000	0.000000	0.499973	0.000000	0.000000
60	tsk_60	(x)	1	:	0.000000	0.000000	0.000000	0.000000	0.318120	0.000000	0.437953	0.000000	0.000000	0.000000	0.000000	0.243927	0.000000
61	tsk_61	(x)	1	:	0.000000	0.000000	0.000000	0.000000	0.000000	0.000000	0.000000	0.000000	0.000000	0.000000	0.000000	1.000000	0.000000
62	tsk_62	(x)	1	:	0.000000	0.000000	0.000000	0.000000	0.000000	0.000000	0.000000	0.000000	0.000000	0.000000	0.000000	1.000000	0.000000
63	tsk_63	(x)	1	:	0.000000	0.000000	0.000000	0.000000	0.000000	0.000000	0.514860	0.000000	0.000000	0.000000	0.485139	0.000000	0.000000
64	tsk_64	(x)	1	:	0.000000	0.000000	0.000000	0.000000	0.000000	0.000000	0.514860	0.000000	0.000000	0.000000	0.485139	0.000000	0.000000
65	tsk_65	(x)	1	:	0.000000	0.000000	0.000000	0.000001	0.562520	0.000000	0.437480	0.000000	0.000000	0.000000	0.000000	0.000000	0.000000
66	tsk_66	(x)	1	:	0.000000	0.000000	0.000000	0.000000	0.000000	0.492731	0.016933	0.000000	0.000000	0.000000	0.000000	0.490335	0.000000
67	tsk_67	(x)	1	:	0.000000	0.000000	0.000000	0.000000	0.000000	0.000000	0.000000	0.000000	0.000000	0.000000	0.596261	0.403739	0.000000
68	tsk_68	(x)	1	:	0.000000	0.000000	0.000000	0.000000	0.000000	0.000000	0.000000	0.000000	0.000000	0.000000	0.249858	0.750142	0.000000
69	tsk_69	(x)	1	:	0.000000	0.000000	0.000000	0.000000	0.000000	0.000000	0.000000	0.000000	0.000000	0.000000	0.000000	1.000000	0.000000
70	tsk_70	(x)	1	:	0.000000	0.000000	0.155380	0.000000	0.000000	0.480929	0.010756	0.000000	0.352935	0.000000	0.000000	0.000000	0.000000
71	tsk_71	(x)	1	:	0.000000	0.000000	0.000000	0.000000	0.000000	0.000000	0.000000	0.000000	0.000000	1.000000	0.000000	0.000000	0.000000
72	tsk_72	(x)	1	:	0.000000	0.000000	0.000000	0.000000	0.000000	0.000065	0.000000	0.000000	0.497267	0.502668	0.000000	0.000000	0.000000
73	tsk_73	(x)	1	:	0.000000	0.000000	0.000000	0.000000	0.000000	0.000003	0.000001	0.000000	0.497269	0.502727	0.000000	0.000000	0.000000
74	tsk_74	(x)	1	:	0.000000	0.000000	0.000000	0.000000	0.000000	0.000000	0.000000	0.000000	0.473293	0.000000	0.526706	0.000000	0.000000
75	tsk_75	(x)	1	:	0.000000	0.000000	0.000000	0.000000	0.000000	0.000000	0.000000	0.000000	0.000000	0.502730	0.000000	0.000000	0.497270
76	tsk_76	(x)	1	:	0.000000	0.000000	0.000000	0.000000	0.000000	0.000000	0.000000	0.000000	0.000000	1.000000	0.000000	0.000000	0.000000
77	tsk_77	(x)	1	:	0.000000	0.000000	0.000000	0.000000	0.000000	0.000000	0.000000	0.000000	0.000000	1.000000	0.000000	0.000000	0.000000
78	tsk_78	(x)	1	:	0.000000	0.000000	0.000000	0.000000	0.000000	0.000000	0.000000	0.000000	0.499734	0.000000	0.000000	0.000000	0.500266
79	tsk_79	(x)	1	:	0.000000	0.000000	0.000000	0.000000	0.000000	0.000000	0.000000	0.000000	0.499975	0.000000	0.000000	0.000000	0.500025
80	tsk_80	(x)	1	:	0.000000	0.000000	0.000000	0.000000	0.000000	0.000000	0.000000	0.491328	0.000000	0.508672	0.000000	0.000000	0.000000
81	tsk_81	(x)	1	:	0.000000	0.000000	0.000000	0.000000	0.000000	0.507109	0.001386	0.491505	0.000000	0.000000	0.000000	0.000000	0.000000
82	tsk_82	(x)	1	:	0.000000	0.000000	0.000000	0.000000	0.000000	0.000000	0.000000	0.000000	0.000000	1.000000	0.000000	0.000000	0.000000
83	tsk_83	(x)	1	:	0.000000	0.000000	0.000000	0.000000	0.000000	0.497934	0.011046	0.491020	0.000000	0.000000	0.000000	0.000000	0.000000
84	tsk_84	(x)	1	:	0.000000	0.000000	0.000000	0.000000	0.000000	0.513656	0.000000	0.000000	0.486344	0.000000	0.000000	0.000000	0.000000
85	tsk_85	(x)	1	:	0.000000	0.000000	0.000000	0.000000	0.000000	0.000000	0.000000	0.000000	0.499996	0.000000	0.000000	0.000000	0.500004
86	tsk_86	(x)	1	:	0.000000	0.497591	0.000000	0.000000	0.000000	0.000000	0.000000	0.000000	0.000000	0.000000	0.000000	0.000000	0.502409
87	tsk_87	(x)	1	:	0.000000	1.000000	0.000000	0.000000	0.000000	0.000000	0.000000	0.000000	0.000000	0.000000	0.000000	0.000000	0.000000
88	tsk_88	(x)	1	:	0.000000	0.000000	0.000000	0.000000	0.000000	0.482468	0.004764	0.000000	0.000000	0.000000	0.512768	0.000000	0.000000
89	tsk_89	(x)	1	:	0.000000	0.497590	0.000000	0.000000	0.000000	0.000000	0.000000	0.000000	0.000000	0.000000	0.000000	0.000000	0.502410
90	tsk_90	(x)	1	:	0.000000	0.000000	0.000000	0.000000	0.000000	0.492959	0.000000	0.000000	0.000000	0.000000	0.000000	0.507041	0.000000
91	tsk_91	(x)	1	:	0.000000	0.000000	0.000000	0.000000	0.000000	0.000000	0.491660	0.000000	0.000000	0.000000	0.000000	0.508339	0.000000
92	tsk_92	(x)	1	:	0.000000	0.000000	0.000000	0.000000	0.000000	0.000000	0.000000	0.000000	0.000000	0.507646	0.000000	0.492354	0.000000
93	tsk_93	(x)	1	:	0.000000	0.000000	0.000000	0.000000	0.000000	0.000000	0.000000	0.504269	0.000000	0.495731	0.000000	0.000000	0.000000
94	tsk_94	(x)	1	:	0.000000	0.000000	0.000000	0.000000	0.000000	0.000000	0.714327	0.000000	0.000000	0.285673	0.000000	0.000000	0.000000
95	tsk_95	(x)	1	:	0.000000	0.000000	0.000000	0.000000	0.000000	0.000000	0.329767	0.000000	0.000000	0.670233	0.000000	0.000000	0.000000
96	tsk_96	(x)	1	:	0.000000	0.000000	0.000000	0.000000	0.000000	0.492513	0.000000	0.507487	0.000000	0.000000	0.000000	0.000000	0.000000
97	tsk_97	(x)	1	:	0.000000	0.000000	0.000000	0.000000	0.000000	0.492513	0.000000	0.507487	0.000000	0.000000	0.000000	0.000000	0.000000
98	tsk_98	(x)	1	:	0.000000	0.000000	0.000000	0.000000	0.000000	0.492959	0.000000	0.000000	0.000000	0.000000	0.000000	0.507041	0.000000
99	tsk_99	(x)	1	:	0.000000	0.000000	0.000000	0.000000	0.000000	0.000000	0.000000	0.000000	0.000000	0.513600	0.486400	0.000000	0.000000
100	tsk_100	(x)	1	:	0.000000	0.000000	0.000000	0.000000	0.000000	0.500568	0.000000	0.000000	0.000000	0.000000	0.000000	0.000000	0.499432
101	tsk_101	(x)	1	:	0.000000	0.000000	0.000000	0.510330	0.000000	0.000000	0.002028	0.000000	0.000000	0.000000	0.000000	0.487642	0.000000
102	tsk_102	(x)	1	:	0.000000	0.000000	0.000000	0.000000	0.000000	0.493893	0.015295	0.490812	0.000000	0.000000	0.000000	0.000000	0.000000
103	tsk_103	(x)	1	:	0.000000	0.000000	0.000000	0.000000	0.000000	0.000000	0.000000	0.000000	0.499930	0.000000	0.000000	0.000000	0.500070
104	tsk_104	(x)	1	:	0.000000	0.000000	0.000000	0.000000	0.000000	0.000000	0.000000	0.000000	0.000000	1.000000	0.000000	0.000000	0.000000
105	tsk_105	(x)	1	:	0.000000	0.000000	0.000000	0.000000	0.000000	0.000000	0.000000	0.000000	0.000000	0.000000	0.000000	0.480692	0.519307
106	tsk_106	(x)	1	:	0.000000	0.000000	0.000000	0.000000	0.000000	0.497573	0.011426	0.491001	0.000000	0.000000	0.000000	0.000000	0.000000
107	tsk_107	(x)	1	:	0.000000	0.000000	0.000000	0.503437	0.000000	0.000000	0.000954	0.006838	0.000000	0.000000	0.000000	0.000000	0.488771
108	tsk_108	(x)	1	:	0.000000	0.000000	0.000000	0.000000	0.000000	0.510855	0.000000	0.000000	0.000000	0.000000	0.489145	0.000000	0.000000
109	tsk_109	(x)	1	:	0.000000	0.000000	0.000000	0.000000	0.000000	0.000000	0.000000	0.000000	0.000000	0.000000	0.000000	0.480692	0.519307
110	tsk_110	(x)	1	:	1.000000	0.000000	0.000000	0.000000	0.000000	0.000000	0.000000	0.000000	0.000000	0.000000	0.000000	0.000000	0.000000
111	tsk_111	(x)	1	:	0.526091	0.000000	0.000000	0.000000	0.000000	0.000000	0.000000	0.000000	0.473909	0.000000	0.000000	0.000000	0.000000
112	tsk_112	(x)	1	:	1.000000	0.000000	0.000000	0.000000	0.000000	0.000000	0.000000	0.000000	0.000000	0.000000	0.000000	0.000000	0.000000
113	tsk_113	(x)	1	:	1.000000	0.000000	0.000000	0.000000	0.000000	0.000000	0.000000	0.000000	0.000000	0.000000	0.000000	0.000000	0.000000
114	tsk_114	(x)	1	:	0.405826	0.000000	0.000000	0.000000	0.000000	0.000000	0.520790	0.000000	0.000000	0.000000	0.000000	0.073383	0.000000
115	tsk_115	(x)	1	:	1.000000	0.000000	0.000000	0.000000	0.000000	0.000000	0.000000	0.000000	0.000000	0.000000	0.000000	0.000000	0.000000
116	tsk_116	(x)	1	:	1.000000	0.000000	0.000000	0.000000	0.000000	0.000000	0.000000	0.000000	0.000000	0.000000	0.000000	0.000000	0.000000
117	tsk_117	(x)	1	:	0.527844	0.000000	0.000000	0.000000	0.000000	0.000000	0.000000	0.000000	0.000000	0.000000	0.000000	0.472156	0.000000
118	tsk_118	(x)	1	:	0.484654	0.000000	0.000000	0.000000	0.000000	0.000000	0.000000	0.515346	0.000000	0.000000	0.000000	0.000000	0.000000
119	tsk_119	(x)	1	:	0.000000	0.000000	0.000000	0.000000	0.000000	0.000000	0.000000	0.000000	0.000000	0.000000	0.000000	1.000000	0.000000
120	tsk_120	(x)	1	:	0.000000	0.000000	0.000000	0.000000	0.000000	0.000000	0.000000	0.000000	0.000000	0.000000	0.000000	0.480692	0.519307
121	tsk_121	(x)	1	:	0.000000	0.000000	0.000000	0.000000	0.000000	0.000000	0.000000	0.000000	0.000000	0.000000	0.000000	0.480692	0.519307
122	tsk_122	(x)	1	:	0.000000	0.000000	0.000000	0.000000	0.000000	0.000000	0.000000	0.000000	0.000000	0.000000	0.619795	0.380204	0.000000
123	tsk_123	(x)	1	:	0.000000	0.000000	0.000000	0.000000	0.000000	0.000000	1.000000	0.000000	0.000000	0.000000	0.000000	0.000000	0.000000
124	tsk_124	(x)	1	:	0.000000	0.000000	0.000000	0.000000	0.000000	0.490002	0.011140	0.001393	0.000000	0.000000	0.000000	0.000000	0.497465
125	tsk_125	(x)	1	:	0.000000	0.000000	0.000002	0.000000	0.000000	0.493787	0.015407	0.490805	0.000000	0.000000	0.000000	0.000000	0.000000
126	tsk_126	(x)	1	:	0.000000	0.000000	0.000000	0.000000	0.000000	0.000003	0.000001	0.000000	0.000000	0.510569	0.000000	0.489427	0.000000
127	tsk_127	(x)	1	:	0.000000	0.000000	0.000004	0.000000	0.000000	0.493853	0.015337	0.490805	0.000000	0.000000	0.000000	0.000000	0.000000
128	tsk_128	(x)	1	:	0.405826	0.000000	0.000000	0.000001	0.000000	0.000000	0.520790	0.000000	0.000000	0.000000	0.000000	0.073383	0.000000
129	tsk_129	(x)	1	:	0.000000	0.000000	0.000000	0.000000	0.000000	0.000000	0.508283	0.000000	0.000000	0.000000	0.000000	0.491716	0.000000
130	tsk_130	(x)	1	:	0.000000	0.000000	0.410060	0.000000	0.000000	0.000000	0.000000	0.000000	0.000000	0.000000	0.000000	0.516105	0.073835
131	tsk_131	(x)	1	:	0.527844	0.000000	0.000000	0.000000	0.000000	0.000000	0.000000	0.000000	0.000000	0.000000	0.000000	0.472156	0.000000
132	tsk_132	(x)	1	:	0.000000	0.000000	0.000000	0.000000	0.000000	0.492959	0.000000	0.000000	0.000000	0.000000	0.000000	0.507041	0.000000
133	tsk_133	(x)	1	:	0.000000	0.000000	0.493042	0.000000	0.000000	0.000001	0.000033	0.001828	0.000000	0.505097	0.000000	0.000000	0.000000
134	tsk_134	(x)	1	:	0.000000	0.000000	0.410694	0.000000	0.000000	0.000000	0.000000	0.000000	0.000000	0.000000	0.361844	0.121841	0.105621
135	tsk_135	(x)	1	:	0.000000	0.000000	0.410694	0.000000	0.000000	0.000000	0.000000	0.000000	0.000000	0.000000	0.361835	0.121851	0.105621
136	tsk_136	(x)	1	:	0.000000	0.000000	0.410349	0.000000	0.000000	0.000000	0.000000	0.000000	0.000000	0.000000	0.501723	0.000000	0.087928
137	tsk_137	(x)	1	:	0.000000	0.000000	0.000000	0.000001	0.354065	0.000000	0.450332	0.000000	0.000000	0.000000	0.195603	0.000000	0.000000
138	tsk_138	(x)	1	:	0.000000	0.000000	0.000000	0.000000	0.000000	0.499287	0.000000	0.000000	0.000000	0.000000	0.500713	0.000000	0.000000
139	tsk_139	(x)	1	:	0.000000	0.000000	0.410348	0.000000	0.000000	0.000000	0.000000	0.000000	0.000000	0.000000	0.501723	0.000000	0.087928
140	tsk_140	(x)	1	:	0.000000	0.000000	0.000000	0.000000	0.000000	0.490464	0.010634	0.000000	0.498902	0.000000	0.000000	0.000000	0.000000
141	tsk_141	(x)	1	:	0.000000	0.000000	0.000000	0.000000	0.000000	0.000000	0.000000	0.000000	1.000000	0.000000	0.000000	0.000000	0.000000
142	tsk_142	(x)	1	:	0.000000	0.000000	0.000000	0.000000	0.000000	0.492854	0.008121	0.000000	0.000000	0.000000	0.000000	0.000000	0.499026
143	tsk_143	(x)	1	:	0.000000	0.000000	0.000000	0.000000	0.000000	0.000000	0.000000	0.000000	0.499956	0.000000	0.000000	0.000000	0.500044
144	tsk_144	(x)	1	:	0.000000	0.000000	0.000000	0.000000	0.000000	0.000000	0.499463	0.000000	0.500537	0.000000	0.000000	0.000000	0.000000
145	tsk_145	(x)	1	:	0.000000	0.000000	0.000000	0.000000	0.000000	0.000000	0.000000	0.000000	0.499941	0.000000	0.000000	0.000000	0.500059
146	tsk_146	(x)	1	:	0.000000	0.000000	0.000000	0.000000	0.000000	0.489903	0.011223	0.000000	0.498873	0.000000	0.000000	0.000000	0.000000
147	tsk_147	(x)	1	:	0.000000	0.000000	0.000000	0.000000	0.000000	0.000000	0.000000	0.000000	0.483070	0.000000	0.000000	0.516930	0.000000
148	tsk_148	(x)	1	:	0.000000	0.000000	0.000000	0.000000	0.000000	0.490787	0.010295	0.000000	0.498918	0.000000	0.000000	0.000000	0.000000
149	tsk_149	(x)	1	:	0.000000	0.000000	0.406370	0.000000	0.000000	0.000000	0.000000	0.000000	0.000000	0.000000	0.000000	0.000000	0.593630
