logL = -1351.426554 (converged)
AIC = 4282.853108
BIC = 6661.254991

count.K
9 40 36 41 24 

