logL = -1195.807571 (converged)
AIC = 7383.615142
BIC = 14898.160836

count.K
6 9 13 8 0 10 59 1 2 10 16 4 9 3 

