logL = -1392.215455 (converged)
AIC = 4800.430909
BIC = 7835.151286

count.K
26 12 37 25 40 10 

