logL = -1806.528929 (converged)
AIC = 4849.057858
BIC = 6709.630470

count.K
18 20 36 76 

