logL = -1116.269449 (converged)
AIC = 2644.538897
BIC = 3264.729768

count.K
35 115 

