logL = -1483.315986 (converged)
AIC = 8238.631973
BIC = 16174.666608

count.K
23 6 3 1 7 6 2 41 15 26 13 2 4 1 

