logL = -836.699452 (converged)
AIC = 3223.398903
BIC = 5556.641256

count.K
10 79 31 9 21 

