0	tsk_0	(x)	1	:	0.000000	0.129939	0.000000	0.000000	0.000000	0.000000	0.370615	0.499446	0.000000	0.000000	0.000000	0.000000
1	tsk_1	(x)	1	:	0.000000	0.498981	0.498557	0.000000	0.000000	0.000000	0.000000	0.002460	0.000000	0.000003	0.000000	0.000000
2	tsk_2	(x)	1	:	0.000000	0.125311	0.000000	0.000000	0.000000	0.000000	0.374962	0.499727	0.000000	0.000000	0.000000	0.000000
3	tsk_3	(x)	1	:	0.000000	0.000000	0.498610	0.000000	0.000000	0.000000	0.000000	0.501390	0.000000	0.000000	0.000000	0.000000
4	tsk_4	(x)	1	:	0.000000	0.000000	0.000000	0.000000	0.000000	0.000000	0.000000	1.000000	0.000000	0.000000	0.000000	0.000000
5	tsk_5	(x)	1	:	0.000000	0.000000	0.000000	0.499682	0.000000	0.000000	0.000000	0.500318	0.000000	0.000000	0.000000	0.000000
6	tsk_6	(x)	1	:	0.000000	0.201541	0.000000	0.000000	0.000000	0.000000	0.798458	0.000000	0.000000	0.000001	0.000000	0.000000
7	tsk_7	(x)	1	:	0.000000	0.499754	0.000000	0.000000	0.000000	0.000000	0.000000	0.500246	0.000000	0.000000	0.000000	0.000000
8	tsk_8	(x)	1	:	0.000000	0.000000	0.000000	0.000000	0.000000	0.000000	0.000000	1.000000	0.000000	0.000000	0.000000	0.000000
9	tsk_9	(x)	1	:	0.000000	0.000000	0.000000	0.000000	0.000000	0.000000	0.000000	0.519062	0.000000	0.000000	0.480938	0.000000
10	tsk_10	(x)	1	:	0.000000	0.079995	0.498475	0.000000	0.000000	0.000000	0.417081	0.004447	0.000000	0.000000	0.000000	0.000000
11	tsk_11	(x)	1	:	0.000000	0.138829	0.000000	0.000000	0.000000	0.000000	0.861170	0.000000	0.000000	0.000000	0.000000	0.000000
12	tsk_12	(x)	1	:	0.000000	0.081201	0.498529	0.000000	0.000000	0.000000	0.416984	0.003284	0.000000	0.000000	0.000000	0.000000
13	tsk_13	(x)	1	:	0.000000	0.000000	0.498610	0.000000	0.000000	0.000000	0.000000	0.501390	0.000000	0.000000	0.000000	0.000000
14	tsk_14	(x)	1	:	0.000000	0.239068	0.000000	0.000000	0.000000	0.000000	0.760931	0.000000	0.000000	0.000001	0.000000	0.000000
15	tsk_15	(x)	1	:	0.000000	0.086016	0.000000	0.000000	0.000000	0.000000	0.416684	0.006819	0.000000	0.000000	0.000000	0.490480
16	tsk_16	(x)	1	:	0.000000	0.492210	0.000000	0.000000	0.000000	0.000000	0.000000	0.507790	0.000000	0.000000	0.000000	0.000000
17	tsk_17	(x)	1	:	0.000000	0.239068	0.000000	0.000000	0.000000	0.000000	0.760931	0.000000	0.000000	0.000001	0.000000	0.000000
18	tsk_18	(x)	1	:	0.000000	0.583233	0.000000	0.000000	0.000000	0.000000	0.416766	0.000000	0.000000	0.000001	0.000000	0.000000
19	tsk_19	(x)	1	:	0.000001	0.488438	0.511037	0.000000	0.000000	0.000000	0.000000	0.000522	0.000000	0.000003	0.000000	0.000000
20	tsk_20	(x)	1	:	0.000000	0.134238	0.000000	0.000000	0.000000	0.000000	0.000000	0.500706	0.000000	0.365055	0.000000	0.000000
21	tsk_21	(x)	1	:	0.000000	0.000000	0.516031	0.000000	0.000000	0.000000	0.000000	0.000000	0.000000	0.000000	0.483969	0.000000
22	tsk_22	(x)	1	:	0.000000	0.125267	0.000000	0.000000	0.000000	0.000000	0.376931	0.016562	0.000000	0.000000	0.481240	0.000000
23	tsk_23	(x)	1	:	0.000000	0.000000	0.000000	0.000000	0.000000	0.431222	0.000000	0.000000	0.000000	0.000000	0.568778	0.000000
24	tsk_24	(x)	1	:	0.000000	0.000000	1.000000	0.000000	0.000000	0.000000	0.000000	0.000000	0.000000	0.000000	0.000000	0.000000
25	tsk_25	(x)	1	:	0.000000	0.127984	0.000000	0.000000	0.000000	0.000000	0.376802	0.013484	0.000000	0.000000	0.481730	0.000000
26	tsk_26	(x)	1	:	0.000000	0.000000	0.498610	0.000000	0.000000	0.000000	0.000000	0.501390	0.000000	0.000000	0.000000	0.000000
27	tsk_27	(x)	1	:	0.000000	0.135010	0.000000	0.000000	0.000000	0.000000	0.000000	0.008984	0.000000	0.365807	0.000000	0.490200
28	tsk_28	(x)	1	:	0.000000	0.000000	0.000000	0.000000	0.000000	0.000000	0.000000	0.463326	0.000000	0.000000	0.536674	0.000000
29	tsk_29	(x)	1	:	0.000000	0.129214	0.498455	0.000000	0.000000	0.000000	0.000000	0.006232	0.000000	0.366098	0.000000	0.000000
30	tsk_30	(x)	1	:	0.000000	0.062880	0.000000	0.000000	0.000000	0.000000	0.937120	0.000000	0.000000	0.000000	0.000000	0.000000
31	tsk_31	(x)	1	:	0.000000	0.077813	0.000000	0.000000	0.000000	0.000000	0.429053	0.000590	0.000000	0.000000	0.000000	0.492545
32	tsk_32	(x)	1	:	0.000000	0.129676	0.000000	0.499540	0.000000	0.000000	0.369533	0.001251	0.000000	0.000000	0.000000	0.000000
33	tsk_33	(x)	1	:	0.000000	0.075636	0.000000	0.000000	0.000000	0.000000	0.428894	0.004147	0.000000	0.000000	0.000000	0.491322
34	tsk_34	(x)	1	:	0.000000	0.219547	0.000000	0.000000	0.000000	0.000000	0.780452	0.000000	0.000000	0.000001	0.000000	0.000000
35	tsk_35	(x)	1	:	0.000000	0.499196	0.000000	0.499195	0.000000	0.000000	0.000000	0.001608	0.000000	0.000001	0.000000	0.000000
36	tsk_36	(x)	1	:	0.000000	0.218955	0.000000	0.000000	0.000000	0.000000	0.781045	0.000000	0.000000	0.000000	0.000000	0.000000
37	tsk_37	(x)	1	:	0.000000	0.213389	0.000000	0.000000	0.000000	0.000000	0.786610	0.000000	0.000000	0.000002	0.000000	0.000000
38	tsk_38	(x)	1	:	0.000000	0.630752	0.000000	0.000000	0.000000	0.000000	0.369245	0.000000	0.000000	0.000003	0.000000	0.000000
39	tsk_39	(x)	1	:	0.000000	0.630752	0.000000	0.000000	0.000000	0.000000	0.369244	0.000000	0.000000	0.000003	0.000000	0.000000
40	tsk_40	(x)	1	:	0.534019	0.465981	0.000000	0.000000	0.000000	0.000000	0.000000	0.000000	0.000000	0.000000	0.000000	0.000000
41	tsk_41	(x)	1	:	0.000000	0.127258	0.000000	0.000000	0.000000	0.000000	0.378134	0.002616	0.000000	0.000000	0.000000	0.491992
42	tsk_42	(x)	1	:	0.000000	0.000000	0.488746	0.000000	0.511254	0.000000	0.000000	0.000000	0.000000	0.000000	0.000000	0.000000
43	tsk_43	(x)	1	:	0.000000	0.000000	0.490804	0.000000	0.000000	0.000000	0.000000	0.000000	0.000000	0.000000	0.509196	0.000000
44	tsk_44	(x)	1	:	0.000000	0.000000	0.000000	0.000000	0.498822	0.000000	0.000000	0.000000	0.000000	0.000000	0.501178	0.000000
45	tsk_45	(x)	1	:	0.000000	0.124462	0.000000	0.000000	0.000000	0.000000	0.378097	0.006878	0.000000	0.000000	0.000000	0.490563
46	tsk_46	(x)	1	:	0.000000	0.502418	0.000000	0.000000	0.000000	0.000000	0.000000	0.007284	0.000000	0.000003	0.000000	0.490295
47	tsk_47	(x)	1	:	0.000000	0.000000	0.000000	0.504751	0.000000	0.000000	0.000000	0.003793	0.000000	0.000000	0.000000	0.491457
48	tsk_48	(x)	1	:	0.000000	0.000000	0.000000	0.000000	0.489685	0.000000	0.000000	0.017808	0.000000	0.000000	0.000000	0.492507
49	tsk_49	(x)	1	:	0.000000	0.000000	0.000000	0.000000	0.490749	0.000000	0.000000	0.011475	0.000000	0.000000	0.000000	0.497776
50	tsk_50	(x)	1	:	0.000000	0.497377	0.000000	0.000000	0.000000	0.000000	0.000000	0.502623	0.000000	0.000000	0.000000	0.000000
51	tsk_51	(x)	1	:	0.000000	0.634986	0.000000	0.000000	0.000000	0.000000	0.000000	0.000000	0.000000	0.365013	0.000000	0.000000
52	tsk_52	(x)	1	:	0.000000	0.000000	0.000000	0.000000	0.000000	0.000000	0.000000	0.510912	0.000000	0.000000	0.000000	0.489088
53	tsk_53	(x)	1	:	0.000000	0.000000	0.000000	0.536594	0.000000	0.000000	0.000000	0.000187	0.463219	0.000000	0.000000	0.000000
54	tsk_54	(x)	1	:	0.000000	0.000000	0.000000	0.000000	0.000000	0.000000	0.000000	1.000000	0.000000	0.000000	0.000000	0.000000
55	tsk_55	(x)	1	:	0.000000	0.000000	0.000000	0.493639	0.000000	0.000000	0.000000	0.506361	0.000000	0.000000	0.000000	0.000000
56	tsk_56	(x)	1	:	0.000000	0.131512	0.000000	0.498916	0.000000	0.000000	0.000000	0.003668	0.000000	0.365903	0.000000	0.000000
57	tsk_57	(x)	1	:	0.000000	0.000000	0.000000	0.000000	0.000000	0.000000	0.000000	0.569987	0.000000	0.430013	0.000000	0.000000
58	tsk_58	(x)	1	:	0.000000	0.000000	0.000000	0.495580	0.000000	0.000000	0.000000	0.504420	0.000000	0.000000	0.000000	0.000000
59	tsk_59	(x)	1	:	0.000000	0.132359	0.000000	0.499735	0.000000	0.000000	0.000000	0.002015	0.000000	0.365890	0.000000	0.000000
60	tsk_60	(x)	1	:	0.000000	0.088911	0.000000	0.000000	0.446022	0.000000	0.414927	0.050140	0.000000	0.000000	0.000000	0.000000
61	tsk_61	(x)	1	:	0.000000	0.498423	0.498528	0.000000	0.000000	0.000000	0.000000	0.003046	0.000000	0.000003	0.000000	0.000000
62	tsk_62	(x)	1	:	0.000000	0.000000	0.498572	0.499272	0.000000	0.000000	0.000000	0.002156	0.000000	0.000000	0.000000	0.000000
63	tsk_63	(x)	1	:	0.000000	0.000000	0.000000	0.000000	0.445767	0.000000	0.000000	0.065138	0.000000	0.000000	0.000000	0.489095
64	tsk_64	(x)	1	:	0.000000	0.000000	1.000000	0.000000	0.000000	0.000000	0.000000	0.000000	0.000000	0.000000	0.000000	0.000000
65	tsk_65	(x)	1	:	0.000000	0.069483	0.498544	0.000000	0.000000	0.000000	0.429149	0.002824	0.000000	0.000000	0.000000	0.000000
66	tsk_66	(x)	1	:	0.000000	0.498289	0.000000	0.498286	0.000000	0.000000	0.000000	0.003425	0.000000	0.000000	0.000000	0.000000
67	tsk_67	(x)	1	:	0.000000	0.080773	0.498509	0.000000	0.000000	0.000000	0.417009	0.003708	0.000000	0.000000	0.000000	0.000000
68	tsk_68	(x)	1	:	0.000000	0.000000	0.498456	0.497041	0.000000	0.000000	0.000000	0.004503	0.000000	0.000000	0.000000	0.000000
69	tsk_69	(x)	1	:	0.000000	0.000000	0.519330	0.000000	0.000000	0.480669	0.000000	0.000001	0.000000	0.000000	0.000000	0.000000
70	tsk_70	(x)	1	:	0.000000	0.000000	0.000000	0.920894	0.000000	0.000000	0.000000	0.000000	0.000000	0.000000	0.079106	0.000000
71	tsk_71	(x)	1	:	0.000007	0.431644	0.000000	0.000000	0.000000	0.000000	0.000000	0.000000	0.000000	0.000001	0.000000	0.568348
72	tsk_72	(x)	1	:	0.000000	0.999989	0.000000	0.000000	0.000000	0.000000	0.000000	0.000000	0.000000	0.000011	0.000000	0.000000
73	tsk_73	(x)	1	:	0.000000	0.497723	0.000000	0.000000	0.000000	0.000000	0.000000	0.502276	0.000000	0.000000	0.000000	0.000000
74	tsk_74	(x)	1	:	0.000000	0.499681	0.000000	0.000000	0.000000	0.000000	0.000000	0.500319	0.000000	0.000000	0.000000	0.000000
75	tsk_75	(x)	1	:	0.000000	0.000000	0.000000	0.000000	0.000000	0.000000	0.000000	0.000000	0.000000	0.000000	0.000000	1.000000
76	tsk_76	(x)	1	:	0.000000	0.570770	0.000000	0.000000	0.000000	0.000000	0.429225	0.000000	0.000000	0.000005	0.000000	0.000000
77	tsk_77	(x)	1	:	0.000000	0.000000	0.000000	0.000000	1.000000	0.000000	0.000000	0.000000	0.000000	0.000000	0.000000	0.000000
78	tsk_78	(x)	1	:	0.000000	0.498923	0.000000	0.498923	0.000000	0.000000	0.000000	0.002154	0.000000	0.000000	0.000000	0.000000
79	tsk_79	(x)	1	:	0.000000	0.999998	0.000000	0.000000	0.000000	0.000000	0.000000	0.000000	0.000000	0.000002	0.000000	0.000000
80	tsk_80	(x)	1	:	0.000000	0.024948	0.000000	0.000000	0.520927	0.000000	0.000000	0.000176	0.000000	0.453949	0.000000	0.000000
81	tsk_81	(x)	1	:	0.000000	0.000000	0.000000	1.000000	0.000000	0.000000	0.000000	0.000000	0.000000	0.000000	0.000000	0.000000
82	tsk_82	(x)	1	:	0.000000	0.060510	0.000000	0.500976	0.000000	0.000000	0.000000	0.004353	0.000000	0.434161	0.000000	0.000000
83	tsk_83	(x)	1	:	0.000000	0.025632	0.000000	0.000000	0.520889	0.000000	0.000000	0.000114	0.000000	0.453365	0.000000	0.000000
84	tsk_84	(x)	1	:	0.000000	0.000012	0.000000	0.000000	0.000000	0.000000	0.000000	0.000000	0.000000	0.999988	0.000000	0.000000
85	tsk_85	(x)	1	:	0.000000	0.000016	0.000000	0.000000	0.000000	0.000000	0.000000	0.000000	0.000000	0.999984	0.000000	0.000000
86	tsk_86	(x)	1	:	0.000000	0.058615	0.000000	0.500601	0.000000	0.000000	0.000000	0.005796	0.000000	0.434988	0.000000	0.000000
87	tsk_87	(x)	1	:	0.000000	0.064381	0.000000	0.000000	0.000000	0.000000	0.000000	0.007924	0.000000	0.435244	0.000000	0.492451
88	tsk_88	(x)	1	:	0.000000	0.000000	0.000000	0.000000	0.490396	0.000000	0.000000	0.013566	0.000000	0.000000	0.000000	0.496037
89	tsk_89	(x)	1	:	0.000000	0.000000	0.000000	0.505347	0.000000	0.000000	0.000000	0.002898	0.000000	0.000000	0.000000	0.491755
90	tsk_90	(x)	1	:	0.000000	0.000000	0.000000	0.481006	0.518923	0.000000	0.000000	0.000071	0.000000	0.000000	0.000000	0.000000
91	tsk_91	(x)	1	:	0.000000	0.583233	0.000000	0.000000	0.000000	0.000000	0.416765	0.000000	0.000000	0.000002	0.000000	0.000000
92	tsk_92	(x)	1	:	0.000000	0.583233	0.000000	0.000000	0.000000	0.000000	0.416766	0.000000	0.000000	0.000002	0.000000	0.000000
93	tsk_93	(x)	1	:	0.000000	0.583233	0.000000	0.000000	0.000000	0.000000	0.416763	0.000000	0.000000	0.000004	0.000000	0.000000
94	tsk_94	(x)	1	:	0.000000	0.000000	0.000000	0.000000	0.519155	0.000000	0.000000	0.000048	0.000000	0.000000	0.000000	0.480797
95	tsk_95	(x)	1	:	0.000000	0.497335	0.000000	0.497335	0.000000	0.000000	0.000000	0.005330	0.000000	0.000000	0.000000	0.000000
96	tsk_96	(x)	1	:	0.000000	0.507380	0.000000	0.000000	0.000000	0.000000	0.000000	0.010240	0.000000	0.000001	0.482379	0.000000
97	tsk_97	(x)	1	:	0.000000	0.434739	0.000000	0.000000	0.000000	0.000000	0.000000	0.000000	0.000000	0.565261	0.000000	0.000000
98	tsk_98	(x)	1	:	0.000000	0.497533	0.000000	0.497528	0.000000	0.000000	0.000000	0.004939	0.000000	0.000000	0.000000	0.000000
99	tsk_99	(x)	1	:	0.000000	0.064090	0.000000	0.000000	0.518935	0.000000	0.416848	0.000126	0.000000	0.000001	0.000000	0.000000
100	tsk_100	(x)	1	:	0.000000	0.498657	0.000000	0.498658	0.000000	0.000000	0.000000	0.002685	0.000000	0.000001	0.000000	0.000000
101	tsk_101	(x)	1	:	0.000000	0.080744	0.498508	0.000000	0.000000	0.000000	0.417017	0.003731	0.000000	0.000000	0.000000	0.000000
102	tsk_102	(x)	1	:	0.000000	0.080189	0.498483	0.000000	0.000000	0.000000	0.417061	0.004266	0.000000	0.000000	0.000000	0.000000
103	tsk_103	(x)	1	:	0.000000	0.000000	0.498732	0.000000	0.501268	0.000000	0.000000	0.000000	0.000000	0.000000	0.000000	0.000000
104	tsk_104	(x)	1	:	0.000000	0.000000	0.000000	0.499925	0.500075	0.000000	0.000000	0.000000	0.000000	0.000000	0.000000	0.000000
105	tsk_105	(x)	1	:	0.000000	0.000000	0.498547	0.498802	0.000000	0.000000	0.000000	0.002651	0.000000	0.000000	0.000000	0.000000
106	tsk_106	(x)	1	:	0.000000	0.126033	0.498564	0.000000	0.000000	0.000000	0.372708	0.002694	0.000000	0.000001	0.000000	0.000000
107	tsk_107	(x)	1	:	0.000000	0.081861	0.000000	0.498722	0.000000	0.000000	0.416702	0.002714	0.000000	0.000000	0.000000	0.000000
108	tsk_108	(x)	1	:	0.000000	0.000000	0.498451	0.496954	0.000000	0.000000	0.000000	0.004594	0.000000	0.000000	0.000000	0.000000
109	tsk_109	(x)	1	:	0.285841	0.105062	0.000000	0.000000	0.000000	0.000000	0.399454	0.209643	0.000000	0.000000	0.000000	0.000000
110	tsk_110	(x)	1	:	0.000000	0.000000	0.498517	0.498213	0.000000	0.000000	0.000000	0.003270	0.000000	0.000000	0.000000	0.000000
111	tsk_111	(x)	1	:	0.000000	0.383765	0.476816	0.000000	0.000000	0.139419	0.000000	0.000000	0.000000	0.000000	0.000000	0.000000
112	tsk_112	(x)	1	:	0.000000	0.000000	0.000000	0.000000	0.527388	0.000000	0.000000	0.000000	0.000000	0.000000	0.472612	0.000000
113	tsk_113	(x)	1	:	0.000000	0.000000	0.000000	0.502878	0.489293	0.000000	0.000000	0.007829	0.000000	0.000000	0.000000	0.000000
114	tsk_114	(x)	1	:	0.000001	0.383764	0.476816	0.000000	0.000000	0.139419	0.000000	0.000000	0.000000	0.000000	0.000000	0.000000
115	tsk_115	(x)	1	:	0.000000	0.000000	0.488746	0.000000	0.511254	0.000000	0.000000	0.000000	0.000000	0.000000	0.000000	0.000000
116	tsk_116	(x)	1	:	0.000000	0.402544	0.000000	0.000000	0.447924	0.149532	0.000000	0.000000	0.000000	0.000000	0.000000	0.000000
117	tsk_117	(x)	1	:	0.000000	0.000000	0.488746	0.000000	0.511254	0.000000	0.000000	0.000000	0.000000	0.000000	0.000000	0.000000
118	tsk_118	(x)	1	:	0.000000	0.000000	1.000000	0.000000	0.000000	0.000000	0.000000	0.000000	0.000000	0.000000	0.000000	0.000000
119	tsk_119	(x)	1	:	0.000000	0.000000	0.488746	0.000000	0.511254	0.000000	0.000000	0.000000	0.000000	0.000000	0.000000	0.000000
120	tsk_120	(x)	1	:	0.000000	0.070595	0.498596	0.000000	0.000000	0.000000	0.429083	0.001726	0.000000	0.000000	0.000000	0.000000
121	tsk_121	(x)	1	:	0.000010	0.312915	0.000000	0.000000	0.000000	0.000000	0.687069	0.000000	0.000000	0.000006	0.000000	0.000000
122	tsk_122	(x)	1	:	0.000000	0.570770	0.000000	0.000000	0.000000	0.000000	0.429227	0.000000	0.000000	0.000003	0.000000	0.000000
123	tsk_123	(x)	1	:	0.000000	0.000000	0.000000	0.503903	0.000000	0.000000	0.000000	0.014407	0.000000	0.000000	0.481690	0.000000
124	tsk_124	(x)	1	:	0.000000	0.069416	0.000000	0.498391	0.000000	0.000000	0.428943	0.003251	0.000000	0.000000	0.000000	0.000000
125	tsk_125	(x)	1	:	0.000000	0.075720	0.000000	0.000000	0.000000	0.000000	0.427202	0.015825	0.000000	0.000000	0.481253	0.000000
126	tsk_126	(x)	1	:	0.000000	0.498448	0.000000	0.498446	0.000000	0.000000	0.000000	0.003107	0.000000	0.000000	0.000000	0.000000
127	tsk_127	(x)	1	:	0.000000	0.218953	0.000000	0.000000	0.000000	0.000000	0.781047	0.000000	0.000000	0.000001	0.000000	0.000000
128	tsk_128	(x)	1	:	0.000000	0.218951	0.000000	0.000000	0.000000	0.000000	0.781048	0.000000	0.000000	0.000001	0.000000	0.000000
129	tsk_129	(x)	1	:	0.000000	0.062933	0.000000	0.000000	0.000000	0.000000	0.937067	0.000000	0.000000	0.000000	0.000000	0.000000
130	tsk_130	(x)	1	:	0.000000	0.000000	0.000000	0.503460	0.446093	0.000000	0.000000	0.050446	0.000000	0.000000	0.000000	0.000000
131	tsk_131	(x)	1	:	0.000000	0.000000	0.000000	0.000000	0.412368	0.253165	0.000000	0.000000	0.000000	0.000000	0.000000	0.334467
132	tsk_132	(x)	1	:	0.000000	0.504098	0.000000	0.000000	0.000000	0.000000	0.000000	0.004768	0.000000	0.000002	0.000000	0.491132
133	tsk_133	(x)	1	:	0.000000	0.000000	0.000000	0.000000	0.000000	0.000000	0.000000	0.510920	0.000000	0.000000	0.000000	0.489080
134	tsk_134	(x)	1	:	0.000000	0.000000	0.000000	0.505011	0.000000	0.000000	0.000000	0.003402	0.000000	0.000000	0.000000	0.491587
135	tsk_135	(x)	1	:	0.000000	0.000000	0.000000	0.504596	0.446202	0.000000	0.000000	0.049202	0.000000	0.000000	0.000000	0.000000
136	tsk_136	(x)	1	:	0.000000	0.000000	0.000000	0.000000	0.445779	0.000000	0.000000	0.065064	0.000000	0.000000	0.000000	0.489158
137	tsk_137	(x)	1	:	0.000000	0.000000	0.000000	1.000000	0.000000	0.000000	0.000000	0.000000	0.000000	0.000000	0.000000	0.000000
138	tsk_138	(x)	1	:	0.296437	0.000000	0.000000	0.000000	0.000000	0.000000	0.000000	0.213333	0.000000	0.000000	0.000000	0.490230
139	tsk_139	(x)	1	:	0.000000	0.000000	0.000000	0.000000	0.000000	0.000000	0.000000	0.519062	0.000000	0.000000	0.480938	0.000000
140	tsk_140	(x)	1	:	0.000000	0.497373	0.498473	0.000000	0.000000	0.000000	0.000000	0.004149	0.000000	0.000005	0.000000	0.000000
141	tsk_141	(x)	1	:	0.000000	0.999995	0.000000	0.000000	0.000000	0.000000	0.000000	0.000000	0.000000	0.000005	0.000000	0.000000
142	tsk_142	(x)	1	:	0.000000	0.570770	0.000000	0.000000	0.000000	0.000000	0.429228	0.000000	0.000000	0.000002	0.000000	0.000000
143	tsk_143	(x)	1	:	0.000000	0.000000	0.488920	0.000000	0.000000	0.000000	0.000000	0.000000	0.000000	0.000000	0.511080	0.000000
144	tsk_144	(x)	1	:	0.000000	0.000000	0.488920	0.000000	0.000000	0.000000	0.000000	0.000000	0.000000	0.000000	0.511080	0.000000
145	tsk_145	(x)	1	:	0.000000	0.000000	0.000000	0.000000	0.000000	0.000000	0.000000	0.463326	0.000000	0.000000	0.536674	0.000000
146	tsk_146	(x)	1	:	0.000000	0.000000	0.000000	0.000000	0.000000	0.000000	0.000000	0.000030	0.498349	0.000000	0.501621	0.000000
147	tsk_147	(x)	1	:	0.000000	0.000000	0.488920	0.000000	0.000000	0.000000	0.000000	0.000000	0.000000	0.000000	0.511080	0.000000
148	tsk_148	(x)	1	:	0.000000	0.519803	0.000000	0.000000	0.000000	0.480197	0.000000	0.000000	0.000000	0.000000	0.000000	0.000000
149	tsk_149	(x)	1	:	0.173106	0.826894	0.000000	0.000000	0.000000	0.000000	0.000000	0.000000	0.000000	0.000000	0.000000	0.000000
