logL = -1026.987857 (converged)
AIC = 5593.975713
BIC = 10922.800184

count.K
19 21 28 5 12 33 17 1 3 11 

