logL = -829.671339 (converged)
AIC = 5631.342677
BIC = 11610.464372

count.K
2 23 1 11 2 20 0 25 10 44 10 2 

