0	tsk_0	(x)	1	:	0.033327	0.000000	0.509681	0.000000	0.000000	0.000000	0.020564	0.000000	0.000000	0.436427	0.000000	0.000000	0.000000	0.000000	0.000000
1	tsk_1	(x)	1	:	0.000000	0.000000	0.000000	0.349936	0.000000	0.000000	0.000000	0.123585	0.000000	0.526479	0.000000	0.000000	0.000000	0.000000	0.000000
2	tsk_2	(x)	1	:	0.000000	0.000000	0.000000	0.001322	0.000000	0.000000	0.000000	0.000203	0.000000	0.521922	0.000000	0.000000	0.000000	0.000000	0.476552
3	tsk_3	(x)	1	:	0.047476	0.000000	0.000000	0.016431	0.000000	0.000000	0.000000	0.003080	0.000000	0.436387	0.000000	0.000000	0.000000	0.000000	0.496625
4	tsk_4	(x)	1	:	0.000000	0.000000	0.496986	0.400767	0.000000	0.000000	0.003601	0.098646	0.000000	0.000000	0.000000	0.000000	0.000000	0.000000	0.000000
5	tsk_5	(x)	1	:	0.046739	0.000000	0.000000	0.017299	0.000000	0.000000	0.000000	0.002731	0.000000	0.436937	0.000000	0.000000	0.000012	0.000000	0.496282
6	tsk_6	(x)	1	:	0.000000	0.000000	0.000000	0.761673	0.000000	0.000000	0.000000	0.238327	0.000000	0.000000	0.000000	0.000000	0.000000	0.000000	0.000000
7	tsk_7	(x)	1	:	0.000000	0.000000	0.513494	0.000000	0.000000	0.000000	0.486505	0.000000	0.000000	0.000000	0.000000	0.000000	0.000000	0.000000	0.000000
8	tsk_8	(x)	1	:	0.000000	0.000000	0.000000	0.010400	0.000000	0.000000	0.494646	0.001442	0.000000	0.000000	0.000000	0.000000	0.000000	0.000000	0.493512
9	tsk_9	(x)	1	:	0.000000	0.455786	0.512258	0.000000	0.000000	0.000000	0.031956	0.000000	0.000000	0.000000	0.000000	0.000000	0.000000	0.000000	0.000000
10	tsk_10	(x)	1	:	0.000000	0.000000	0.000000	0.000000	0.000000	0.000000	0.000000	0.000000	0.000000	0.000000	0.000000	0.357566	0.000000	0.642434	0.000000
11	tsk_11	(x)	1	:	0.000000	0.000000	0.000000	0.000000	0.000000	0.000000	0.498771	0.000000	0.000000	0.000000	0.000000	0.501229	0.000000	0.000000	0.000000
12	tsk_12	(x)	1	:	0.000000	0.000000	0.000000	0.000000	0.000000	0.000000	0.000000	0.000000	0.500333	0.000000	0.000000	0.050819	0.000000	0.448847	0.000000
13	tsk_13	(x)	1	:	0.000000	0.000000	0.000000	0.000000	0.000000	0.000000	0.498840	0.000000	0.501160	0.000000	0.000000	0.000000	0.000000	0.000000	0.000000
14	tsk_14	(x)	1	:	0.000000	0.497922	0.000000	0.000000	0.000000	0.000000	0.000000	0.000000	0.000000	0.000000	0.000000	0.053055	0.000000	0.449023	0.000000
15	tsk_15	(x)	1	:	0.495357	0.000000	0.000000	0.000000	0.000000	0.000000	0.000000	0.000000	0.504643	0.000000	0.000000	0.000000	0.000000	0.000000	0.000000
16	tsk_16	(x)	1	:	0.000000	0.000000	0.000000	0.000000	0.000000	0.000000	0.000000	0.000000	0.500308	0.000000	0.000000	0.499692	0.000000	0.000000	0.000000
17	tsk_17	(x)	1	:	0.000000	0.000000	0.000000	0.000000	0.000000	0.000000	1.000000	0.000000	0.000000	0.000000	0.000000	0.000000	0.000000	0.000000	0.000000
18	tsk_18	(x)	1	:	0.037197	0.000000	0.000000	0.000000	0.000000	0.000000	0.527680	0.000000	0.000000	0.435123	0.000000	0.000000	0.000000	0.000000	0.000000
19	tsk_19	(x)	1	:	0.000000	0.000000	0.000000	0.000000	0.000000	0.000000	0.498771	0.000000	0.000000	0.000000	0.000000	0.501229	0.000000	0.000000	0.000000
20	tsk_20	(x)	1	:	0.000000	0.000000	0.496427	0.413700	0.000000	0.000000	0.004269	0.085605	0.000000	0.000000	0.000000	0.000000	0.000000	0.000000	0.000000
21	tsk_21	(x)	1	:	0.000000	0.000000	0.000000	0.669546	0.000000	0.000000	0.000000	0.330454	0.000000	0.000000	0.000000	0.000000	0.000000	0.000000	0.000000
22	tsk_22	(x)	1	:	0.000000	0.001110	0.000000	0.253895	0.000000	0.000000	0.000000	0.261933	0.483061	0.000000	0.000000	0.000000	0.000000	0.000000	0.000000
23	tsk_23	(x)	1	:	0.000000	0.000000	0.496628	0.353478	0.000000	0.000000	0.004028	0.145866	0.000000	0.000000	0.000000	0.000000	0.000000	0.000000	0.000000
24	tsk_24	(x)	1	:	0.000000	0.000979	0.505742	0.000000	0.000000	0.000000	0.010673	0.000000	0.482606	0.000000	0.000000	0.000000	0.000000	0.000000	0.000000
25	tsk_25	(x)	1	:	0.000000	0.001400	0.000000	0.000000	0.000000	0.000000	0.000000	0.000000	0.485650	0.000000	0.000000	0.064384	0.000000	0.448566	0.000000
26	tsk_26	(x)	1	:	0.000000	0.000000	0.000000	0.230548	0.000000	0.000000	0.000000	0.266287	0.503164	0.000000	0.000000	0.000000	0.000000	0.000000	0.000000
27	tsk_27	(x)	1	:	0.000000	0.000000	0.000000	0.144852	0.000000	0.000000	0.000000	0.355233	0.000000	0.000000	0.000000	0.050601	0.000000	0.449314	0.000000
28	tsk_28	(x)	1	:	0.000000	0.001109	0.000000	0.194317	0.000000	0.000000	0.000000	0.321511	0.483063	0.000000	0.000000	0.000000	0.000000	0.000000	0.000000
29	tsk_29	(x)	1	:	0.000000	0.497420	0.000000	0.194812	0.000000	0.000000	0.000000	0.307769	0.000000	0.000000	0.000000	0.000000	0.000000	0.000000	0.000000
30	tsk_30	(x)	1	:	0.000000	0.000000	0.000000	0.000000	0.000000	0.000000	0.000000	0.000000	0.500308	0.000000	0.000000	0.499692	0.000000	0.000000	0.000000
31	tsk_31	(x)	1	:	0.000000	0.000000	0.000000	0.209367	0.000000	0.000000	0.000000	0.290633	0.000000	0.000000	0.000000	0.500000	0.000000	0.000000	0.000000
32	tsk_32	(x)	1	:	0.000000	0.000000	0.000000	0.036969	0.000000	0.000000	0.000000	0.463031	0.000000	0.000000	0.000000	0.500000	0.000000	0.000000	0.000000
33	tsk_33	(x)	1	:	0.000000	0.000000	0.000000	0.000000	0.000000	0.000000	0.000000	0.000000	0.000000	0.000000	0.000000	1.000000	0.000000	0.000000	0.000000
34	tsk_34	(x)	1	:	0.000000	0.000000	0.000000	0.156529	0.000000	0.000000	0.000000	0.343471	0.000000	0.000000	0.000000	0.500000	0.000000	0.000000	0.000000
35	tsk_35	(x)	1	:	0.000000	0.000000	0.000000	0.000000	0.000000	0.000000	0.000000	0.000000	0.000000	0.000000	0.000000	1.000000	0.000000	0.000000	0.000000
36	tsk_36	(x)	1	:	0.000000	0.000000	0.000000	0.000000	0.000000	0.000000	0.000000	0.000000	0.000000	0.000000	0.000000	1.000000	0.000000	0.000000	0.000000
37	tsk_37	(x)	1	:	0.000000	0.000000	0.000000	0.000000	0.000000	0.000000	0.000000	0.000000	0.000000	0.000000	0.000000	1.000000	0.000000	0.000000	0.000000
38	tsk_38	(x)	1	:	0.493180	0.000000	0.000000	0.000000	0.000000	0.000000	0.000000	0.000000	0.000000	0.000000	0.000000	0.506820	0.000000	0.000000	0.000000
39	tsk_39	(x)	1	:	0.000000	0.497889	0.000000	0.000000	0.000000	0.000000	0.000000	0.000000	0.000000	0.000000	0.000000	0.502111	0.000000	0.000000	0.000000
40	tsk_40	(x)	1	:	0.000000	0.000000	0.496783	0.000000	0.000000	0.000000	0.003661	0.000000	0.000000	0.000000	0.000000	0.049450	0.000000	0.450106	0.000000
41	tsk_41	(x)	1	:	0.000000	0.000000	0.000000	0.000000	0.000000	0.000000	0.000000	0.000000	0.491370	0.508630	0.000000	0.000000	0.000000	0.000000	0.000000
42	tsk_42	(x)	1	:	0.001050	0.000000	0.000000	0.000000	0.000000	0.000000	0.000000	0.000000	0.000000	0.642185	0.000000	0.000000	0.356765	0.000000	0.000000
43	tsk_43	(x)	1	:	0.001145	0.000000	0.000000	0.000000	0.000000	0.000000	0.000000	0.000000	0.000000	0.642141	0.000000	0.000000	0.356714	0.000000	0.000000
44	tsk_44	(x)	1	:	0.000000	0.000000	0.513202	0.000000	0.000000	0.000000	0.149455	0.000000	0.000000	0.000000	0.000000	0.000000	0.337343	0.000000	0.000000
45	tsk_45	(x)	1	:	0.000000	0.000000	0.000000	0.000000	0.000000	0.000000	0.000000	0.000000	0.513661	0.000000	0.000000	0.000000	0.486339	0.000000	0.000000
46	tsk_46	(x)	1	:	0.000000	0.488171	0.000000	0.000000	0.000000	0.000000	0.000000	0.000000	0.000000	0.511829	0.000000	0.000000	0.000000	0.000000	0.000000
47	tsk_47	(x)	1	:	0.000000	0.000000	0.496756	0.000000	0.000000	0.000000	0.003740	0.000000	0.000000	0.000000	0.000000	0.048820	0.000000	0.450684	0.000000
48	tsk_48	(x)	1	:	0.000000	0.000000	0.496525	0.000000	0.000000	0.000000	0.003888	0.000000	0.000000	0.000000	0.000000	0.050099	0.000000	0.449487	0.000000
49	tsk_49	(x)	1	:	0.000000	0.000000	0.225079	0.000000	0.000000	0.000000	0.311920	0.000000	0.000000	0.000000	0.000000	0.000000	0.000000	0.463000	0.000000
50	tsk_50	(x)	1	:	0.001795	0.000000	0.000000	0.000000	0.593147	0.000000	0.000000	0.000000	0.000000	0.405057	0.000000	0.000000	0.000000	0.000000	0.000000
51	tsk_51	(x)	1	:	0.000000	0.000000	0.000000	0.679346	0.000000	0.000000	0.000000	0.320654	0.000000	0.000000	0.000000	0.000000	0.000000	0.000000	0.000000
52	tsk_52	(x)	1	:	0.000000	0.000000	0.000000	0.309096	0.000000	0.000000	0.000000	0.190531	0.500374	0.000000	0.000000	0.000000	0.000000	0.000000	0.000000
53	tsk_53	(x)	1	:	0.000000	0.000000	0.000000	0.687226	0.000000	0.000000	0.000000	0.312773	0.000000	0.000000	0.000000	0.000000	0.000000	0.000000	0.000000
54	tsk_54	(x)	1	:	0.000000	0.000000	0.000000	0.009745	0.000000	0.000000	0.000000	0.474994	0.000000	0.000000	0.000000	0.000000	0.000000	0.515260	0.000000
55	tsk_55	(x)	1	:	0.000000	0.000000	0.000000	0.000000	1.000000	0.000000	0.000000	0.000000	0.000000	0.000000	0.000000	0.000000	0.000000	0.000000	0.000000
56	tsk_56	(x)	1	:	0.000000	0.000000	0.000000	0.000000	0.492682	0.000000	0.000000	0.000000	0.507318	0.000000	0.000000	0.000000	0.000000	0.000000	0.000000
57	tsk_57	(x)	1	:	0.000000	0.000000	0.000000	0.255025	0.000000	0.000000	0.000000	0.244602	0.500374	0.000000	0.000000	0.000000	0.000000	0.000000	0.000000
58	tsk_58	(x)	1	:	0.000000	0.000000	0.000000	0.000000	0.000000	0.000000	0.000000	0.000000	0.491769	0.000000	0.000000	0.000000	0.000000	0.508231	0.000000
59	tsk_59	(x)	1	:	0.506679	0.000000	0.000000	0.000000	0.000000	0.000000	0.000000	0.000000	0.493321	0.000000	0.000000	0.000000	0.000000	0.000000	0.000000
60	tsk_60	(x)	1	:	0.000000	0.000000	0.000000	0.000000	0.000000	0.000000	0.498771	0.000000	0.000000	0.000000	0.000000	0.501229	0.000000	0.000000	0.000000
61	tsk_61	(x)	1	:	0.000000	0.000000	0.000000	0.000000	0.493724	0.000000	0.000000	0.000000	0.000000	0.000000	0.000000	0.057036	0.000000	0.449240	0.000000
62	tsk_62	(x)	1	:	0.493258	0.000000	0.000000	0.000000	0.000000	0.000000	0.000000	0.000000	0.000000	0.000000	0.000000	0.057587	0.000000	0.449155	0.000000
63	tsk_63	(x)	1	:	0.474997	0.000000	0.000000	0.000000	0.000000	0.519287	0.000000	0.000000	0.000000	0.000000	0.000000	0.000000	0.000000	0.005715	0.000000
64	tsk_64	(x)	1	:	0.000000	0.000000	0.000000	0.000000	0.493725	0.000000	0.000000	0.000000	0.000000	0.000000	0.000000	0.057024	0.000000	0.449250	0.000000
65	tsk_65	(x)	1	:	0.000000	0.000000	0.000000	0.000000	0.000000	0.000000	0.000000	0.000000	0.000000	0.000000	0.000000	0.000000	0.000000	1.000000	0.000000
66	tsk_66	(x)	1	:	0.000000	0.000000	0.000000	0.000000	0.475414	0.518950	0.000000	0.000000	0.000000	0.000000	0.000000	0.000000	0.000000	0.005636	0.000000
67	tsk_67	(x)	1	:	0.000000	0.000000	0.000000	0.000000	0.000000	0.000000	0.000000	0.000000	0.000000	0.000000	0.000000	0.551746	0.000000	0.448254	0.000000
68	tsk_68	(x)	1	:	0.000000	0.000000	0.000000	0.000000	0.000000	0.514051	0.000000	0.000000	0.000000	0.000000	0.481738	0.000004	0.000000	0.004207	0.000000
69	tsk_69	(x)	1	:	0.000000	0.000000	0.000000	0.000000	0.000000	0.000000	0.498906	0.000000	0.000000	0.000000	0.000000	0.051284	0.000000	0.449810	0.000000
70	tsk_70	(x)	1	:	0.561092	0.000000	0.000000	0.000000	0.000000	0.000000	0.000000	0.000000	0.000000	0.000000	0.000000	0.438908	0.000000	0.000000	0.000000
71	tsk_71	(x)	1	:	0.000000	0.000000	0.000000	0.015857	0.000000	0.000000	0.000000	0.002326	0.000000	0.000000	0.484955	0.000000	0.000000	0.000000	0.496862
72	tsk_72	(x)	1	:	0.000000	0.000000	0.000000	0.033561	0.000000	0.000000	0.000000	0.000000	0.000000	0.000000	0.000000	0.458333	0.000000	0.000000	0.508106
73	tsk_73	(x)	1	:	0.000000	0.000000	0.000000	0.338500	0.000000	0.000000	0.000000	0.174023	0.000000	0.000000	0.487477	0.000000	0.000000	0.000000	0.000000
74	tsk_74	(x)	1	:	0.057676	0.000000	0.000000	0.000000	0.000000	0.000000	0.000000	0.000000	0.000000	0.436016	0.000000	0.057407	0.000000	0.448901	0.000000
75	tsk_75	(x)	1	:	0.000000	0.000000	0.000000	0.261603	0.000000	0.000000	0.000000	0.291157	0.000000	0.000000	0.000000	0.000000	0.447239	0.000000	0.000000
76	tsk_76	(x)	1	:	0.000000	0.000000	0.000000	0.005242	0.000000	0.000000	0.000000	0.001668	0.502313	0.000000	0.000000	0.000000	0.000000	0.000000	0.490777
77	tsk_77	(x)	1	:	0.000000	0.000000	0.000000	0.354800	0.000000	0.000000	0.000000	0.157722	0.000000	0.000000	0.487477	0.000000	0.000000	0.000000	0.000000
78	tsk_78	(x)	1	:	0.000000	0.000000	0.000000	0.000000	0.000000	0.000000	0.000000	0.000000	0.000000	1.000000	0.000000	0.000000	0.000000	0.000000	0.000000
79	tsk_79	(x)	1	:	0.000000	0.000000	0.000000	0.000000	0.000000	0.000000	0.000000	0.541667	0.000000	0.000000	0.000000	0.458333	0.000000	0.000000	0.000000
80	tsk_80	(x)	1	:	0.493241	0.000000	0.000000	0.000000	0.000000	0.000000	0.000000	0.000000	0.000000	0.000000	0.000000	0.057795	0.000000	0.448963	0.000000
81	tsk_81	(x)	1	:	0.000000	0.000000	0.000000	0.000000	0.000000	0.000000	0.000000	0.000000	0.504719	0.000000	0.000000	0.000000	0.000000	0.495281	0.000000
82	tsk_82	(x)	1	:	0.000000	0.000000	0.000000	0.000000	0.000000	0.000000	0.000000	0.000000	0.000000	0.000000	0.000000	0.000000	0.000000	1.000000	0.000000
83	tsk_83	(x)	1	:	0.000000	0.000000	0.000000	0.648847	0.000000	0.000000	0.000000	0.351153	0.000000	0.000000	0.000000	0.000000	0.000000	0.000000	0.000000
84	tsk_84	(x)	1	:	0.000000	0.000000	0.483382	0.000000	0.000000	0.000000	0.001076	0.000000	0.000000	0.000000	0.000000	0.000000	0.000000	0.515542	0.000000
85	tsk_85	(x)	1	:	0.000000	0.000000	0.000000	0.076278	0.000000	0.000000	0.000000	0.423722	0.000000	0.000000	0.000000	0.500000	0.000000	0.000000	0.000000
86	tsk_86	(x)	1	:	0.493238	0.000000	0.000000	0.000000	0.000000	0.000000	0.000000	0.000000	0.000000	0.000000	0.000000	0.057846	0.000000	0.448916	0.000000
87	tsk_87	(x)	1	:	0.493180	0.000000	0.000000	0.000000	0.000000	0.000000	0.000000	0.000000	0.000000	0.000000	0.000000	0.506820	0.000000	0.000000	0.000000
88	tsk_88	(x)	1	:	0.000000	0.000000	0.000000	0.273900	0.000000	0.000000	0.000000	0.226158	0.000000	0.000000	0.000000	0.050977	0.000000	0.448965	0.000000
89	tsk_89	(x)	1	:	0.000000	0.000000	0.000000	0.000000	0.000000	0.000000	0.000000	0.000000	0.000000	0.509467	0.000000	0.490533	0.000000	0.000000	0.000000
90	tsk_90	(x)	1	:	0.000000	0.000000	0.000000	0.645999	0.000000	0.000000	0.000000	0.354001	0.000000	0.000000	0.000000	0.000000	0.000000	0.000000	0.000000
91	tsk_91	(x)	1	:	0.485027	0.000000	0.000000	0.242262	0.000000	0.000000	0.000000	0.272711	0.000000	0.000000	0.000000	0.000000	0.000000	0.000000	0.000000
92	tsk_92	(x)	1	:	1.000000	0.000000	0.000000	0.000000	0.000000	0.000000	0.000000	0.000000	0.000000	0.000000	0.000000	0.000000	0.000000	0.000000	0.000000
93	tsk_93	(x)	1	:	0.000000	0.000000	0.000000	0.658130	0.000000	0.000000	0.000000	0.341870	0.000000	0.000000	0.000000	0.000000	0.000000	0.000000	0.000000
94	tsk_94	(x)	1	:	0.000000	0.000000	0.000000	0.000000	0.000000	0.000000	0.000000	0.000000	0.494054	0.505946	0.000000	0.000000	0.000000	0.000000	0.000000
95	tsk_95	(x)	1	:	0.485027	0.000000	0.000000	0.351215	0.000000	0.000000	0.000000	0.163758	0.000000	0.000000	0.000000	0.000000	0.000000	0.000000	0.000000
96	tsk_96	(x)	1	:	0.000000	0.000000	0.000000	0.656309	0.000000	0.000000	0.000000	0.343691	0.000000	0.000000	0.000000	0.000000	0.000000	0.000000	0.000000
97	tsk_97	(x)	1	:	0.532700	0.000000	0.000000	0.263892	0.000000	0.000000	0.000000	0.203407	0.000000	0.000000	0.000000	0.000000	0.000000	0.000000	0.000000
98	tsk_98	(x)	1	:	1.000000	0.000000	0.000000	0.000000	0.000000	0.000000	0.000000	0.000000	0.000000	0.000000	0.000000	0.000000	0.000000	0.000000	0.000000
99	tsk_99	(x)	1	:	0.485027	0.000000	0.000000	0.309819	0.000000	0.000000	0.000000	0.205154	0.000000	0.000000	0.000000	0.000000	0.000000	0.000000	0.000000
100	tsk_100	(x)	1	:	0.000000	0.000000	0.494962	0.004671	0.000000	0.000000	0.003348	0.003675	0.000000	0.000000	0.000000	0.000000	0.000000	0.000000	0.493344
101	tsk_101	(x)	1	:	0.000000	0.000000	0.502561	0.000000	0.000000	0.000000	0.004230	0.000000	0.000000	0.000000	0.493209	0.000000	0.000000	0.000000	0.000000
102	tsk_102	(x)	1	:	0.000000	0.000000	0.493961	0.000000	0.000000	0.000000	0.003032	0.000000	0.503007	0.000000	0.000000	0.000000	0.000000	0.000000	0.000000
103	tsk_103	(x)	1	:	0.056647	0.000000	0.000000	0.000000	0.000000	0.000000	0.000000	0.000000	0.507322	0.436031	0.000000	0.000000	0.000000	0.000000	0.000000
104	tsk_104	(x)	1	:	0.000000	0.000000	0.000000	0.000000	0.000000	0.000000	0.000000	0.000000	0.000000	1.000000	0.000000	0.000000	0.000000	0.000000	0.000000
105	tsk_105	(x)	1	:	0.032600	0.000000	0.509227	0.000000	0.000000	0.000000	0.021414	0.000000	0.000000	0.436760	0.000000	0.000000	0.000000	0.000000	0.000000
106	tsk_106	(x)	1	:	0.000000	0.000000	0.494980	0.003694	0.000000	0.000000	0.003297	0.004842	0.000000	0.000000	0.000000	0.000000	0.000000	0.000000	0.493187
107	tsk_107	(x)	1	:	0.000000	0.000000	0.495022	0.007909	0.000000	0.000000	0.003166	0.001136	0.000000	0.000000	0.000000	0.000000	0.000000	0.000000	0.492766
108	tsk_108	(x)	1	:	0.000000	0.000000	0.000000	0.000000	0.000000	0.000000	0.000000	0.000000	0.000000	1.000000	0.000000	0.000000	0.000000	0.000000	0.000000
109	tsk_109	(x)	1	:	0.000000	0.000000	0.000000	0.005497	0.000000	0.000000	0.000000	0.001681	0.502300	0.000000	0.000000	0.000000	0.000000	0.000000	0.490523
110	tsk_110	(x)	1	:	0.000000	0.497924	0.000000	0.000000	0.000000	0.000000	0.000000	0.000000	0.000000	0.000000	0.000000	0.053003	0.000000	0.449073	0.000000
111	tsk_111	(x)	1	:	0.507911	0.000000	0.000000	0.000000	0.000000	0.000000	0.000000	0.000000	0.492089	0.000000	0.000000	0.000000	0.000000	0.000000	0.000000
112	tsk_112	(x)	1	:	0.000000	0.000000	0.000000	0.000000	0.000000	0.000000	0.000000	0.000000	0.502625	0.000000	0.000000	0.048645	0.000000	0.448730	0.000000
113	tsk_113	(x)	1	:	0.507911	0.000000	0.000000	0.000000	0.000000	0.000000	0.000000	0.000000	0.492089	0.000000	0.000000	0.000000	0.000000	0.000000	0.000000
114	tsk_114	(x)	1	:	0.000000	0.000000	0.000000	0.000000	0.000000	0.000000	0.000000	0.000000	0.502650	0.000000	0.000000	0.048029	0.000000	0.449321	0.000000
115	tsk_115	(x)	1	:	0.507911	0.000000	0.000000	0.000000	0.000000	0.000000	0.000000	0.000000	0.492089	0.000000	0.000000	0.000000	0.000000	0.000000	0.000000
116	tsk_116	(x)	1	:	0.000000	0.000000	0.000000	0.000000	0.000000	0.000000	0.000000	0.000000	0.502630	0.000000	0.000000	0.048529	0.000000	0.448841	0.000000
117	tsk_117	(x)	1	:	0.000000	0.000000	0.000000	0.267328	0.000000	0.000000	0.000000	0.232672	0.000000	0.000000	0.000000	0.500000	0.000000	0.000000	0.000000
118	tsk_118	(x)	1	:	0.000000	0.000000	0.000000	0.000000	0.000000	0.000000	0.000000	0.000000	0.502635	0.000000	0.000000	0.048396	0.000000	0.448969	0.000000
119	tsk_119	(x)	1	:	0.507911	0.000000	0.000000	0.000000	0.000000	0.000000	0.000000	0.000000	0.492089	0.000000	0.000000	0.000000	0.000000	0.000000	0.000000
120	tsk_120	(x)	1	:	0.240529	0.000000	0.000000	0.179229	0.000000	0.000000	0.000000	0.251351	0.000000	0.000000	0.000000	0.000000	0.328891	0.000000	0.000000
121	tsk_121	(x)	1	:	0.000000	0.000000	0.000000	0.032294	0.000000	0.000000	0.000000	0.347267	0.000000	0.000000	0.000000	0.457686	0.162754	0.000000	0.000000
122	tsk_122	(x)	1	:	0.493180	0.000000	0.000000	0.000000	0.000000	0.000000	0.000000	0.000000	0.000000	0.000000	0.000000	0.506820	0.000000	0.000000	0.000000
123	tsk_123	(x)	1	:	0.000000	0.000000	0.000000	0.616518	0.000000	0.000000	0.000000	0.383482	0.000000	0.000000	0.000000	0.000000	0.000000	0.000000	0.000000
124	tsk_124	(x)	1	:	0.000000	0.000000	0.000000	0.267229	0.000000	0.000000	0.258759	0.159130	0.000000	0.000000	0.000000	0.000000	0.314882	0.000000	0.000000
125	tsk_125	(x)	1	:	0.469522	0.000000	0.000000	0.000000	0.000000	0.000000	0.530478	0.000000	0.000000	0.000000	0.000000	0.000000	0.000000	0.000000	0.000000
126	tsk_126	(x)	1	:	0.000000	0.000000	0.000000	0.179529	0.000000	0.000000	0.000000	0.200032	0.000000	0.000000	0.000000	0.457686	0.162754	0.000000	0.000000
127	tsk_127	(x)	1	:	0.000000	0.000000	0.000000	0.000000	0.000000	0.000000	1.000000	0.000000	0.000000	0.000000	0.000000	0.000000	0.000000	0.000000	0.000000
128	tsk_128	(x)	1	:	0.469522	0.000000	0.000000	0.000000	0.000000	0.000000	0.530478	0.000000	0.000000	0.000000	0.000000	0.000000	0.000000	0.000000	0.000000
129	tsk_129	(x)	1	:	0.000000	0.000000	0.000000	0.124685	0.133394	0.000000	0.000000	0.276163	0.000000	0.000000	0.000000	0.465758	0.000000	0.000000	0.000000
130	tsk_130	(x)	1	:	0.000000	0.000000	0.461769	0.000000	0.000000	0.000000	0.000019	0.000000	0.000000	0.538212	0.000000	0.000000	0.000000	0.000000	0.000000
131	tsk_131	(x)	1	:	0.000000	0.000000	0.000000	0.118399	0.000000	0.000000	0.000000	0.267696	0.000000	0.000000	0.124929	0.039521	0.000000	0.449456	0.000000
132	tsk_132	(x)	1	:	0.000000	0.000000	0.000000	0.000000	0.000000	0.000000	0.447073	0.000000	0.000000	0.552927	0.000000	0.000000	0.000000	0.000000	0.000000
133	tsk_133	(x)	1	:	0.000000	0.000000	1.000000	0.000000	0.000000	0.000000	0.000000	0.000000	0.000000	0.000000	0.000000	0.000000	0.000000	0.000000	0.000000
134	tsk_134	(x)	1	:	0.000000	0.000000	0.000000	0.361526	0.000000	0.000000	0.497297	0.141177	0.000000	0.000000	0.000000	0.000000	0.000000	0.000000	0.000000
135	tsk_135	(x)	1	:	0.000000	0.488171	0.000000	0.000000	0.000000	0.000000	0.000000	0.000000	0.000000	0.511829	0.000000	0.000000	0.000000	0.000000	0.000000
136	tsk_136	(x)	1	:	0.000000	0.000000	0.000000	0.222088	0.000000	0.000000	0.000000	0.251433	0.000000	0.526479	0.000000	0.000000	0.000000	0.000000	0.000000
137	tsk_137	(x)	1	:	0.000000	0.000000	0.461771	0.000000	0.000000	0.000000	0.000017	0.000000	0.000000	0.538212	0.000000	0.000000	0.000000	0.000000	0.000000
138	tsk_138	(x)	1	:	0.000000	0.497170	0.498213	0.000000	0.000000	0.000000	0.004617	0.000000	0.000000	0.000000	0.000000	0.000000	0.000000	0.000000	0.000000
139	tsk_139	(x)	1	:	0.000000	0.000000	1.000000	0.000000	0.000000	0.000000	0.000000	0.000000	0.000000	0.000000	0.000000	0.000000	0.000000	0.000000	0.000000
140	tsk_140	(x)	1	:	0.000076	0.508803	0.000000	0.000000	0.000000	0.000000	0.000000	0.000000	0.000000	0.491121	0.000000	0.000000	0.000000	0.000000	0.000000
141	tsk_141	(x)	1	:	0.000000	0.000000	0.000000	0.000000	0.000000	0.000000	0.000000	0.000000	0.000000	0.000000	0.000000	1.000000	0.000000	0.000000	0.000000
142	tsk_142	(x)	1	:	0.000000	0.000000	0.000000	0.000000	0.000000	0.000000	0.000000	0.000000	0.000000	0.000000	0.000000	1.000000	0.000000	0.000000	0.000000
143	tsk_143	(x)	1	:	0.000000	1.000000	0.000000	0.000000	0.000000	0.000000	0.000000	0.000000	0.000000	0.000000	0.000000	0.000000	0.000000	0.000000	0.000000
144	tsk_144	(x)	1	:	0.000000	0.000000	0.000000	0.000000	0.000000	0.000000	0.000000	0.000000	0.000000	0.000000	0.000000	1.000000	0.000000	0.000000	0.000000
145	tsk_145	(x)	1	:	0.000000	0.000000	0.000000	0.150901	0.000000	0.000000	0.000000	0.349099	0.000000	0.000000	0.000000	0.500000	0.000000	0.000000	0.000000
146	tsk_146	(x)	1	:	0.000077	0.508803	0.000000	0.000000	0.000000	0.000000	0.000000	0.000000	0.000000	0.491120	0.000000	0.000000	0.000000	0.000000	0.000000
147	tsk_147	(x)	1	:	0.000000	0.000000	0.000000	0.122777	0.000000	0.000000	0.000000	0.377223	0.000000	0.000000	0.000000	0.500000	0.000000	0.000000	0.000000
148	tsk_148	(x)	1	:	0.000000	0.000000	0.000000	0.285764	0.000000	0.000000	0.497297	0.216939	0.000000	0.000000	0.000000	0.000000	0.000000	0.000000	0.000000
149	tsk_149	(x)	1	:	0.000000	0.459404	0.000000	0.000000	0.000000	0.000000	0.000000	0.000000	0.540596	0.000000	0.000000	0.000000	0.000000	0.000000	0.000000
