logL = -1249.456307 (converged)
AIC = 7216.912613
BIC = 14319.001272

count.K
4 30 15 4 12 1 4 2 29 4 0 18 27 

