logL = -1850.396707 (converged)
AIC = 4880.793414
BIC = 6657.068238

count.K
66 14 35 35 

