logL = -1443.343900 (converged)
AIC = 3672.687800
BIC = 4855.867471

count.K
49 66 35 

