logL = -702.178476 (converged)
AIC = 5424.356952
BIC = 11475.733893

count.K
2 9 47 7 14 6 2 2 14 3 13 31 

