logL = -1037.378264 (converged)
AIC = 6118.756527
BIC = 12206.261092

count.K
6 1 10 3 3 16 22 2 17 44 12 14 

