logL = -1795.017753 (converged)
AIC = 4858.035505
BIC = 6766.778282

count.K
58 43 43 6 

