logL = -825.880797 (converged)
AIC = 4295.761593
BIC = 8275.821452

count.K
9 12 54 4 25 10 23 13 

