logL = -537.976390 (converged)
AIC = 4537.952780
BIC = 9749.362474

count.K
4 2 2 1 1 11 88 27 4 9 1 

