logL = -644.420888 (converged)
AIC = 2468.841776
BIC = 4245.116599

count.K
30 26 5 89 

