logL = -832.739294 (converged)
AIC = 3969.478587
BIC = 7437.730446

count.K
36 26 28 23 28 7 2 

