logL = -2752.711069 (converged)
AIC = 6393.422138
BIC = 7730.144208

count.K
55 51 44 

