logL = -828.804288 (converged)
AIC = 6997.608576
BIC = 15036.004811

count.K
2 8 23 2 34 0 10 0 23 3 3 13 10 19 0 

