logL = -914.526458 (converged)
AIC = 6933.052915
BIC = 14616.194186

count.K
0 8 4 22 20 4 9 5 9 13 5 5 12 34 

