logL = -2172.535948 (converged)
AIC = 9869.071896
BIC = 18184.446578

count.K
1 10 4 41 8 0 8 24 2 8 17 7 16 4 

