logL = -637.405732 (converged)
AIC = 5732.811464
BIC = 12443.517534

count.K
4 30 2 0 7 6 3 7 2 3 5 79 2 

