logL = -1294.645544 (converged)
AIC = 3429.291088
BIC = 4693.757912

count.K
19 14 117 

