logL = -1823.056322 (converged)
AIC = 9058.112644
BIC = 17204.891750

count.K
27 1 23 15 2 0 1 3 14 1 1 8 21 33 

