logL = -2036.867480 (converged)
AIC = 8429.734960
BIC = 14986.898631

count.K
16 0 0 9 11 4 18 1 48 9 25 9 

