logL = -825.619654 (converged)
AIC = 4279.239308
BIC = 8235.214085

count.K
43 20 11 5 47 9 0 15 

