logL = -1534.771019 (converged)
AIC = 7579.542038
BIC = 14368.524626

count.K
23 3 20 18 2 20 1 1 18 10 6 27 1 

