logL = -2176.779094 (converged)
AIC = 7617.558189
BIC = 12530.914989

count.K
31 15 29 4 32 10 2 7 20 

