logL = -1295.170962 (converged)
AIC = 4936.341924
BIC = 8467.817124

count.K
21 40 3 12 10 43 21 

