logL = -3023.903802 (converged)
AIC = 6555.807605
BIC = 7320.508969

count.K
48 102 

