logL = -1696.418690 (converged)
AIC = 7492.837381
BIC = 13664.639734

count.K
22 3 5 27 6 12 23 26 9 8 9 

