logL = -1330.774713 (converged)
AIC = 6069.549427
BIC = 11199.671968

count.K
51 17 7 5 13 4 44 3 6 

