logL = -1649.940560 (converged)
AIC = 5069.881120
BIC = 7734.293355

count.K
20 21 8 7 94 

