logL = -1012.003455 (converged)
AIC = 5772.006909
BIC = 11413.937450

count.K
17 14 23 7 9 18 6 8 23 3 22 

