logL = -2034.475444 (converged)
AIC = 4902.950889
BIC = 6158.385806

count.K
94 37 19 

