logL = -863.098125 (converged)
AIC = 4402.196250
BIC = 8430.426274

count.K
4 3 42 24 25 26 15 11 

