logL = -457.414068 (converged)
AIC = 6164.828136
BIC = 14067.745783

count.K
19 30 1 5 0 1 1 22 5 1 17 4 1 18 25 

