0	tsk_0	(x)	1	:	0.000000	0.022992	0.000000	0.000000	0.499871	0.000000	0.000000	0.000000	0.000000	0.000000	0.000000	0.477137
1	tsk_1	(x)	1	:	0.000000	0.000000	0.000000	0.000000	0.000000	0.000000	0.000000	0.102351	0.897649	0.000000	0.000000	0.000000
2	tsk_2	(x)	1	:	0.000000	0.000000	0.000000	0.000000	1.000000	0.000000	0.000000	0.000000	0.000000	0.000000	0.000000	0.000000
3	tsk_3	(x)	1	:	0.000000	0.033578	0.000000	0.000000	0.000000	0.000000	0.468784	0.023511	0.474127	0.000000	0.000000	0.000000
4	tsk_4	(x)	1	:	0.000000	0.000000	0.000000	0.000000	0.000000	0.000000	0.000000	0.132998	0.867002	0.000000	0.000000	0.000000
5	tsk_5	(x)	1	:	0.000000	0.010732	0.000000	0.000000	0.497876	0.000000	0.000000	0.140451	0.350941	0.000000	0.000000	0.000000
6	tsk_6	(x)	1	:	0.000000	0.500000	0.000000	0.000000	0.000000	0.000000	0.000000	0.000000	0.000000	0.000000	0.000000	0.500000
7	tsk_7	(x)	1	:	0.000000	0.000000	0.000000	0.000000	1.000000	0.000000	0.000000	0.000000	0.000000	0.000000	0.000000	0.000000
8	tsk_8	(x)	1	:	0.000000	0.004896	0.000000	0.000000	0.499696	0.000000	0.000000	0.016762	0.006588	0.472057	0.000000	0.000000
9	tsk_9	(x)	1	:	0.000000	0.010871	0.000000	0.000000	0.497848	0.000000	0.000000	0.108219	0.383062	0.000000	0.000000	0.000000
10	tsk_10	(x)	1	:	0.000000	0.504984	0.495016	0.000000	0.000000	0.000000	0.000000	0.000000	0.000000	0.000000	0.000000	0.000000
11	tsk_11	(x)	1	:	0.000000	0.022784	0.000000	0.000000	0.499912	0.000000	0.000000	0.000000	0.000000	0.000000	0.000000	0.477304
12	tsk_12	(x)	1	:	0.000000	0.000000	0.000000	0.000000	1.000000	0.000000	0.000000	0.000000	0.000000	0.000000	0.000000	0.000000
13	tsk_13	(x)	1	:	0.000000	0.004513	0.495110	0.000000	0.000000	0.000000	0.000000	0.236011	0.264366	0.000000	0.000000	0.000000
14	tsk_14	(x)	1	:	0.000000	0.025111	0.495450	0.000000	0.000000	0.000000	0.000000	0.000000	0.000000	0.000000	0.000000	0.479439
15	tsk_15	(x)	1	:	0.000000	0.009344	0.000000	0.000000	0.498148	0.000000	0.000000	0.195205	0.297303	0.000000	0.000000	0.000000
16	tsk_16	(x)	1	:	0.000000	0.504984	0.495016	0.000000	0.000000	0.000000	0.000000	0.000000	0.000000	0.000000	0.000000	0.000000
17	tsk_17	(x)	1	:	0.000000	0.000000	0.000000	0.000000	0.000000	0.000000	0.000000	0.279137	0.720863	0.000000	0.000000	0.000000
18	tsk_18	(x)	1	:	0.000000	0.030212	0.000000	0.000000	0.000000	0.000000	0.000000	0.121897	0.374150	0.000000	0.000000	0.473742
19	tsk_19	(x)	1	:	0.000000	0.003093	0.495961	0.000000	0.500946	0.000000	0.000000	0.000000	0.000000	0.000000	0.000000	0.000000
20	tsk_20	(x)	1	:	0.000000	0.000000	0.000000	0.000000	0.000000	0.000000	0.000000	0.000000	0.000000	0.000000	0.000000	1.000000
21	tsk_21	(x)	1	:	0.000000	0.000048	0.000000	0.000000	0.000000	0.000000	0.545149	0.135638	0.319166	0.000000	0.000000	0.000000
22	tsk_22	(x)	1	:	0.000000	0.026536	0.495170	0.000000	0.000000	0.000000	0.000000	0.000000	0.000000	0.000000	0.000000	0.478294
23	tsk_23	(x)	1	:	0.000000	0.054680	0.000000	0.000000	0.000000	0.000000	0.469084	0.000000	0.000000	0.000000	0.000000	0.476236
24	tsk_24	(x)	1	:	0.000000	0.000000	0.000000	0.000000	0.000000	0.000000	0.000000	0.000000	0.000000	0.000000	0.000000	1.000000
25	tsk_25	(x)	1	:	0.000000	0.054922	0.000000	0.000000	0.000000	0.000000	0.469027	0.000000	0.000000	0.000000	0.000000	0.476051
26	tsk_26	(x)	1	:	0.000000	0.000000	0.524021	0.000000	0.000000	0.000000	0.475979	0.000000	0.000000	0.000000	0.000000	0.000000
27	tsk_27	(x)	1	:	0.000000	0.000118	0.000000	0.000000	0.000000	0.000000	0.442184	0.000316	0.003130	0.554252	0.000000	0.000000
28	tsk_28	(x)	1	:	0.000000	0.000000	0.000000	0.000000	0.000000	0.000000	0.000000	0.000000	0.000000	0.000000	0.000000	1.000000
29	tsk_29	(x)	1	:	0.000000	0.028162	0.000000	0.000000	0.000000	0.000000	0.000000	0.227735	0.269341	0.000000	0.000000	0.474762
30	tsk_30	(x)	1	:	0.000000	0.500000	0.000000	0.000000	0.500000	0.000000	0.000000	0.000000	0.000000	0.000000	0.000000	0.000000
31	tsk_31	(x)	1	:	0.000000	0.000000	0.000000	0.000000	0.000000	0.000000	1.000000	0.000000	0.000000	0.000000	0.000000	0.000000
32	tsk_32	(x)	1	:	0.000000	0.000000	0.000000	0.000000	0.000000	0.000000	1.000000	0.000000	0.000000	0.000000	0.000000	0.000000
33	tsk_33	(x)	1	:	0.000000	0.500000	0.000000	0.000000	0.500000	0.000000	0.000000	0.000000	0.000000	0.000000	0.000000	0.000000
34	tsk_34	(x)	1	:	0.000000	0.441970	0.000000	0.000000	0.000000	0.000000	0.558030	0.000000	0.000000	0.000000	0.000000	0.000000
35	tsk_35	(x)	1	:	0.000000	0.522334	0.000000	0.000000	0.000000	0.000000	0.000000	0.000000	0.000000	0.000000	0.000000	0.477666
36	tsk_36	(x)	1	:	0.000000	0.500000	0.000000	0.000000	0.500000	0.000000	0.000000	0.000000	0.000000	0.000000	0.000000	0.000000
37	tsk_37	(x)	1	:	0.000000	0.504984	0.495016	0.000000	0.000000	0.000000	0.000000	0.000000	0.000000	0.000000	0.000000	0.000000
38	tsk_38	(x)	1	:	0.000000	0.000000	0.000000	0.000000	0.000000	0.000000	0.000000	0.000000	0.000000	0.000000	0.000000	1.000000
39	tsk_39	(x)	1	:	0.000000	0.001173	0.000000	0.000000	0.000000	0.000000	0.549815	0.000000	0.000000	0.000000	0.000000	0.449012
40	tsk_40	(x)	1	:	0.000000	1.000000	0.000000	0.000000	0.000000	0.000000	0.000000	0.000000	0.000000	0.000000	0.000000	0.000000
41	tsk_41	(x)	1	:	0.000000	0.020824	0.000000	0.000000	0.500298	0.000000	0.000000	0.000000	0.000000	0.000000	0.000000	0.478877
42	tsk_42	(x)	1	:	0.000000	1.000000	0.000000	0.000000	0.000000	0.000000	0.000000	0.000000	0.000000	0.000000	0.000000	0.000000
43	tsk_43	(x)	1	:	0.000000	0.000000	0.000000	0.000000	0.000000	0.000000	0.000000	0.111722	0.416087	0.472191	0.000000	0.000000
44	tsk_44	(x)	1	:	0.000000	0.522334	0.000000	0.000000	0.000000	0.000000	0.000000	0.000000	0.000000	0.000000	0.000000	0.477666
45	tsk_45	(x)	1	:	0.000000	0.022308	0.000000	0.000000	0.000000	0.000000	0.000000	0.014886	0.013850	0.470535	0.000000	0.478421
46	tsk_46	(x)	1	:	0.000000	0.497940	0.000000	0.000000	0.000000	0.000000	0.000000	0.013502	0.020637	0.467921	0.000000	0.000000
47	tsk_47	(x)	1	:	0.000000	1.000000	0.000000	0.000000	0.000000	0.000000	0.000000	0.000000	0.000000	0.000000	0.000000	0.000000
48	tsk_48	(x)	1	:	0.000000	0.500000	0.000000	0.000000	0.000000	0.000000	0.000000	0.164035	0.335965	0.000000	0.000000	0.000000
49	tsk_49	(x)	1	:	0.000000	0.430703	0.000000	0.000000	0.000000	0.000000	0.000000	0.000000	0.000000	0.000000	0.569297	0.000000
50	tsk_50	(x)	1	:	0.000000	0.000000	0.524021	0.000000	0.000000	0.000000	0.475979	0.000000	0.000000	0.000000	0.000000	0.000000
51	tsk_51	(x)	1	:	0.000000	0.000000	0.524021	0.000000	0.000000	0.000000	0.475979	0.000000	0.000000	0.000000	0.000000	0.000000
52	tsk_52	(x)	1	:	0.000000	0.000000	1.000000	0.000000	0.000000	0.000000	0.000000	0.000000	0.000000	0.000000	0.000000	0.000000
53	tsk_53	(x)	1	:	0.000000	0.005536	0.000000	0.000000	0.499610	0.000000	0.000000	0.010180	0.012413	0.472262	0.000000	0.000000
54	tsk_54	(x)	1	:	0.000000	0.027970	0.494889	0.000000	0.000000	0.000000	0.000000	0.000000	0.000000	0.000000	0.000000	0.477141
55	tsk_55	(x)	1	:	0.000000	0.522334	0.000000	0.000000	0.000000	0.000000	0.000000	0.000000	0.000000	0.000000	0.000000	0.477666
56	tsk_56	(x)	1	:	0.000000	0.054904	0.000000	0.000000	0.000000	0.000000	0.469031	0.000000	0.000000	0.000000	0.000000	0.476064
57	tsk_57	(x)	1	:	0.000000	0.498064	0.000000	0.000000	0.000000	0.000000	0.000000	0.008189	0.025704	0.468043	0.000000	0.000000
58	tsk_58	(x)	1	:	0.000000	0.504984	0.495016	0.000000	0.000000	0.000000	0.000000	0.000000	0.000000	0.000000	0.000000	0.000000
59	tsk_59	(x)	1	:	0.000000	0.497684	0.000000	0.000000	0.000000	0.000000	0.000000	0.017563	0.017084	0.467669	0.000000	0.000000
60	tsk_60	(x)	1	:	0.000000	0.497396	0.000000	0.000000	0.000000	0.000000	0.000000	0.022008	0.013211	0.467386	0.000000	0.000000
61	tsk_61	(x)	1	:	0.000000	0.027052	0.495069	0.000000	0.000000	0.000000	0.000000	0.000000	0.000000	0.000000	0.000000	0.477879
62	tsk_62	(x)	1	:	0.000000	0.497753	0.000000	0.000000	0.000000	0.000000	0.000000	0.020179	0.014332	0.467736	0.000000	0.000000
63	tsk_63	(x)	1	:	0.000000	0.000000	0.000000	0.000000	0.000000	0.466808	0.000000	0.009970	0.035571	0.000000	0.000000	0.487650
64	tsk_64	(x)	1	:	0.000000	0.001088	0.000000	0.000000	0.000000	0.279177	0.000000	0.049027	0.182593	0.000000	0.000000	0.488115
65	tsk_65	(x)	1	:	0.000000	0.054409	0.000000	0.000000	0.000000	0.000000	0.469148	0.000000	0.000000	0.000000	0.000000	0.476442
66	tsk_66	(x)	1	:	0.501523	0.000062	0.498415	0.000000	0.000000	0.000000	0.000000	0.000000	0.000000	0.000000	0.000000	0.000000
67	tsk_67	(x)	1	:	0.000000	0.022339	0.495996	0.000000	0.000000	0.000000	0.000000	0.000000	0.000000	0.000000	0.000000	0.481665
68	tsk_68	(x)	1	:	0.000000	0.054891	0.000000	0.000000	0.000000	0.000000	0.469034	0.000000	0.000000	0.000000	0.000000	0.476075
69	tsk_69	(x)	1	:	0.000000	0.000000	0.000000	0.000000	0.000000	0.000000	0.000000	0.000000	0.000000	1.000000	0.000000	0.000000
70	tsk_70	(x)	1	:	0.000000	0.006492	0.000000	0.460622	0.037938	0.000000	0.000000	0.207245	0.287703	0.000000	0.000000	0.000000
71	tsk_71	(x)	1	:	0.000000	0.500173	0.000000	0.460561	0.039266	0.000000	0.000000	0.000000	0.000000	0.000000	0.000000	0.000000
72	tsk_72	(x)	1	:	0.000000	0.500000	0.000000	0.000000	0.000000	0.000000	0.000000	0.287822	0.212178	0.000000	0.000000	0.000000
73	tsk_73	(x)	1	:	0.000000	0.009571	0.000000	0.000000	0.498103	0.000000	0.000000	0.158958	0.333368	0.000000	0.000000	0.000000
74	tsk_74	(x)	1	:	0.000000	0.031372	0.000000	0.458028	0.041826	0.000000	0.468774	0.000000	0.000000	0.000000	0.000000	0.000000
75	tsk_75	(x)	1	:	0.000001	0.407799	0.000000	0.000000	0.000000	0.000000	0.000000	0.000003	0.000005	0.592192	0.000000	0.000000
76	tsk_76	(x)	1	:	0.000000	0.000000	0.000000	1.000000	0.000000	0.000000	0.000000	0.000000	0.000000	0.000000	0.000000	0.000000
77	tsk_77	(x)	1	:	0.000000	0.000000	0.000000	0.000000	0.000000	0.000000	0.000000	0.084829	0.915171	0.000000	0.000000	0.000000
78	tsk_78	(x)	1	:	0.000000	0.008824	0.000000	0.460972	0.037061	0.000000	0.000000	0.138682	0.354461	0.000000	0.000000	0.000000
79	tsk_79	(x)	1	:	0.000000	0.000000	0.000000	0.000000	0.000000	0.000000	0.000000	0.289863	0.710137	0.000000	0.000000	0.000000
80	tsk_80	(x)	1	:	0.000000	0.068476	0.000000	0.000000	0.000000	0.000000	0.000000	0.111567	0.389865	0.000000	0.430092	0.000000
81	tsk_81	(x)	1	:	0.000000	0.000000	1.000000	0.000000	0.000000	0.000000	0.000000	0.000000	0.000000	0.000000	0.000000	0.000000
82	tsk_82	(x)	1	:	0.000000	0.000044	0.000000	0.000000	0.000000	0.000000	0.000000	0.078333	0.372078	0.000000	0.549546	0.000000
83	tsk_83	(x)	1	:	0.000000	0.000000	0.000000	0.000000	0.000000	0.000000	0.000000	0.150989	0.849011	0.000000	0.000000	0.000000
84	tsk_84	(x)	1	:	0.000000	0.000000	1.000000	0.000000	0.000000	0.000000	0.000000	0.000000	0.000000	0.000000	0.000000	0.000000
85	tsk_85	(x)	1	:	0.000000	0.000000	0.000000	0.000000	0.000000	0.000000	0.000000	0.140926	0.859074	0.000000	0.000000	0.000000
86	tsk_86	(x)	1	:	0.000000	0.075313	0.495085	0.000000	0.000000	0.000000	0.000000	0.000000	0.000000	0.000000	0.429601	0.000000
87	tsk_87	(x)	1	:	0.000000	0.129556	0.370365	0.000000	0.000000	0.000000	0.000034	0.251453	0.248592	0.000000	0.000000	0.000000
88	tsk_88	(x)	1	:	0.000000	0.000000	0.470194	0.000000	0.000000	0.000000	0.000000	0.000000	0.000000	0.000000	0.529806	0.000000
89	tsk_89	(x)	1	:	0.000000	0.008829	0.494254	0.000000	0.000000	0.000000	0.000000	0.236267	0.260650	0.000000	0.000000	0.000000
90	tsk_90	(x)	1	:	0.000000	0.000000	0.000000	0.000000	0.472895	0.000000	0.527105	0.000000	0.000000	0.000000	0.000000	0.000000
91	tsk_91	(x)	1	:	0.000000	0.034377	0.000000	0.000000	0.000000	0.000000	0.468593	0.135834	0.361195	0.000000	0.000000	0.000000
92	tsk_92	(x)	1	:	0.000000	0.500000	0.000000	0.000000	0.000000	0.000000	0.000000	0.076581	0.423419	0.000000	0.000000	0.000000
93	tsk_93	(x)	1	:	0.000000	0.000000	0.000000	0.000000	0.000000	0.000000	1.000000	0.000000	0.000000	0.000000	0.000000	0.000000
94	tsk_94	(x)	1	:	0.000000	0.033946	0.000000	0.000000	0.000000	0.000000	0.468696	0.206265	0.291092	0.000000	0.000000	0.000000
95	tsk_95	(x)	1	:	0.000000	0.000000	0.000000	0.000000	0.000000	0.000000	1.000000	0.000000	0.000000	0.000000	0.000000	0.000000
96	tsk_96	(x)	1	:	0.000000	0.500000	0.000000	0.000000	0.500000	0.000000	0.000000	0.000000	0.000000	0.000000	0.000000	0.000000
97	tsk_97	(x)	1	:	0.000000	0.000000	0.000000	0.000000	0.000000	0.000000	0.000000	0.060537	0.939462	0.000000	0.000000	0.000000
98	tsk_98	(x)	1	:	0.000000	0.000000	0.000000	0.000000	0.000000	0.000000	0.000000	0.159326	0.840674	0.000000	0.000000	0.000000
99	tsk_99	(x)	1	:	0.000000	0.000181	0.000000	0.000000	0.000000	0.000000	0.545120	0.076101	0.378598	0.000000	0.000000	0.000000
100	tsk_100	(x)	1	:	0.000000	0.075222	0.495117	0.000000	0.000000	0.000000	0.000000	0.000000	0.000000	0.000000	0.429662	0.000000
101	tsk_101	(x)	1	:	0.000000	0.500001	0.000000	0.321832	0.178167	0.000000	0.000000	0.000000	0.000000	0.000000	0.000000	0.000000
102	tsk_102	(x)	1	:	0.000000	0.500000	0.000000	0.000000	0.500000	0.000000	0.000000	0.000000	0.000000	0.000000	0.000000	0.000000
103	tsk_103	(x)	1	:	0.000000	0.063032	0.440765	0.000000	0.000000	0.000000	0.000000	0.200233	0.295971	0.000000	0.000000	0.000000
104	tsk_104	(x)	1	:	0.000000	0.012198	0.493591	0.000000	0.000000	0.000000	0.000000	0.120430	0.373781	0.000000	0.000000	0.000000
105	tsk_105	(x)	1	:	0.000000	0.026723	0.000000	0.000000	0.000000	0.000000	0.000000	0.267633	0.230166	0.000000	0.000000	0.475479
106	tsk_106	(x)	1	:	0.000000	0.000000	0.000000	0.000000	0.000000	0.000000	0.000000	0.309675	0.690325	0.000000	0.000000	0.000000
107	tsk_107	(x)	1	:	0.000000	0.032106	0.000000	0.000000	0.499287	0.000000	0.468606	0.000000	0.000000	0.000000	0.000000	0.000000
108	tsk_108	(x)	1	:	0.000000	0.091743	0.000000	0.000000	0.000000	0.000000	0.000000	0.000000	0.000000	0.000000	0.429807	0.478449
109	tsk_109	(x)	1	:	0.000000	0.500000	0.000000	0.000000	0.000000	0.000000	0.000000	0.260225	0.239775	0.000000	0.000000	0.000000
110	tsk_110	(x)	1	:	0.000000	0.500000	0.000000	0.000000	0.500000	0.000000	0.000000	0.000000	0.000000	0.000000	0.000000	0.000000
111	tsk_111	(x)	1	:	0.000000	0.500000	0.000000	0.000000	0.500000	0.000000	0.000000	0.000000	0.000000	0.000000	0.000000	0.000000
112	tsk_112	(x)	1	:	0.000000	0.001613	0.000000	0.000000	0.500266	0.000000	0.000000	0.021066	0.005424	0.471631	0.000000	0.000000
113	tsk_113	(x)	1	:	0.000000	0.500000	0.000000	0.000000	0.500000	0.000000	0.000000	0.000000	0.000000	0.000000	0.000000	0.000000
114	tsk_114	(x)	1	:	0.000000	0.500000	0.000000	0.000000	0.500000	0.000000	0.000000	0.000000	0.000000	0.000000	0.000000	0.000000
115	tsk_115	(x)	1	:	0.000000	0.000000	0.000000	0.000000	1.000000	0.000000	0.000000	0.000000	0.000000	0.000000	0.000000	0.000000
116	tsk_116	(x)	1	:	0.000000	0.000000	0.000000	0.000000	1.000000	0.000000	0.000000	0.000000	0.000000	0.000000	0.000000	0.000000
117	tsk_117	(x)	1	:	0.000000	0.000000	0.000000	0.000000	1.000000	0.000000	0.000000	0.000000	0.000000	0.000000	0.000000	0.000000
118	tsk_118	(x)	1	:	0.000000	1.000000	0.000000	0.000000	0.000000	0.000000	0.000000	0.000000	0.000000	0.000000	0.000000	0.000000
119	tsk_119	(x)	1	:	0.000000	0.558466	0.441534	0.000000	0.000000	0.000000	0.000000	0.000000	0.000000	0.000000	0.000000	0.000000
120	tsk_120	(x)	1	:	0.500267	0.499733	0.000000	0.000000	0.000000	0.000000	0.000000	0.000000	0.000000	0.000000	0.000000	0.000000
121	tsk_121	(x)	1	:	0.000000	0.497532	0.000000	0.000000	0.000000	0.000000	0.000000	0.018352	0.016596	0.467520	0.000000	0.000000
122	tsk_122	(x)	1	:	0.000000	0.000000	0.000000	0.000000	0.000000	0.000000	0.000000	0.000000	0.000000	1.000000	0.000000	0.000000
123	tsk_123	(x)	1	:	0.497068	0.001804	0.000000	0.000000	0.000000	0.000000	0.000000	0.001999	0.007770	0.491358	0.000000	0.000000
124	tsk_124	(x)	1	:	0.500267	0.499733	0.000000	0.000000	0.000000	0.000000	0.000000	0.000000	0.000000	0.000000	0.000000	0.000000
125	tsk_125	(x)	1	:	0.000000	0.000000	0.000000	0.000000	0.000000	0.000000	0.000000	0.000000	0.000000	1.000000	0.000000	0.000000
126	tsk_126	(x)	1	:	0.000000	0.500000	0.000000	0.000000	0.000000	0.000000	0.000000	0.132841	0.367159	0.000000	0.000000	0.000000
127	tsk_127	(x)	1	:	0.000000	0.011403	0.493747	0.000000	0.000000	0.000000	0.000000	0.127452	0.367398	0.000000	0.000000	0.000000
128	tsk_128	(x)	1	:	0.500267	0.499733	0.000000	0.000000	0.000000	0.000000	0.000000	0.000000	0.000000	0.000000	0.000000	0.000000
129	tsk_129	(x)	1	:	0.000000	0.006603	0.495566	0.000000	0.000000	0.000000	0.000000	0.003019	0.021718	0.473093	0.000000	0.000000
130	tsk_130	(x)	1	:	0.000000	0.000000	0.000000	0.000000	1.000000	0.000000	0.000000	0.000000	0.000000	0.000000	0.000000	0.000000
131	tsk_131	(x)	1	:	0.000000	0.000000	0.496896	0.000000	0.000000	0.000000	0.000000	0.019883	0.010058	0.473163	0.000000	0.000000
132	tsk_132	(x)	1	:	0.000000	0.000000	1.000000	0.000000	0.000000	0.000000	0.000000	0.000000	0.000000	0.000000	0.000000	0.000000
133	tsk_133	(x)	1	:	0.000000	0.011385	0.493750	0.000000	0.000000	0.000000	0.000000	0.171809	0.323056	0.000000	0.000000	0.000000
134	tsk_134	(x)	1	:	0.000000	0.011870	0.493655	0.000000	0.000000	0.000000	0.000000	0.157540	0.336935	0.000000	0.000000	0.000000
135	tsk_135	(x)	1	:	0.501534	0.000021	0.498445	0.000000	0.000000	0.000000	0.000000	0.000000	0.000000	0.000000	0.000000	0.000000
136	tsk_136	(x)	1	:	0.000000	0.000000	0.000000	0.000000	0.000000	0.000000	0.000000	0.000000	0.000000	1.000000	0.000000	0.000000
137	tsk_137	(x)	1	:	0.000000	0.029921	0.000000	0.000000	0.000000	0.000000	0.000000	0.142095	0.354098	0.000000	0.000000	0.473886
138	tsk_138	(x)	1	:	0.502270	0.020684	0.000000	0.000000	0.000000	0.000000	0.477045	0.000000	0.000000	0.000000	0.000000	0.000000
139	tsk_139	(x)	1	:	0.000000	0.504984	0.495016	0.000000	0.000000	0.000000	0.000000	0.000000	0.000000	0.000000	0.000000	0.000000
140	tsk_140	(x)	1	:	0.000000	0.530542	0.000000	0.000000	0.000000	0.000000	0.469458	0.000000	0.000000	0.000000	0.000000	0.000000
141	tsk_141	(x)	1	:	0.000000	0.000000	0.000000	0.000000	0.000000	0.528851	0.000000	0.001384	0.012006	0.457758	0.000000	0.000000
142	tsk_142	(x)	1	:	0.499866	0.004578	0.000000	0.000000	0.000000	0.000000	0.000000	0.041669	0.453888	0.000000	0.000000	0.000000
143	tsk_143	(x)	1	:	0.000000	0.477701	0.000000	0.000000	0.000000	0.522299	0.000000	0.000000	0.000000	0.000000	0.000000	0.000000
144	tsk_144	(x)	1	:	0.000000	0.500000	0.000000	0.000000	0.500000	0.000000	0.000000	0.000000	0.000000	0.000000	0.000000	0.000000
145	tsk_145	(x)	1	:	0.486140	0.000000	0.000000	0.000000	0.000000	0.000000	0.513860	0.000000	0.000000	0.000000	0.000000	0.000000
146	tsk_146	(x)	1	:	0.000000	0.000000	0.000000	0.000000	0.000000	0.528887	0.000000	0.003402	0.009894	0.457817	0.000000	0.000000
147	tsk_147	(x)	1	:	0.500267	0.499733	0.000000	0.000000	0.000000	0.000000	0.000000	0.000000	0.000000	0.000000	0.000000	0.000000
148	tsk_148	(x)	1	:	0.000000	0.178127	0.495017	0.000000	0.000000	0.000000	0.000000	0.000000	0.000000	0.000000	0.000000	0.326856
149	tsk_149	(x)	1	:	0.000000	0.000000	0.000000	0.000000	0.000000	0.520261	0.000000	0.001365	0.002391	0.000000	0.000000	0.475984
