logL = -1953.420935 (converged)
AIC = 6350.841870
BIC = 10029.838199

count.K
18 21 28 27 1 27 28 

