logL = -1124.730379 (converged)
AIC = 6581.460758
BIC = 13102.496805

count.K
8 6 12 25 11 11 13 12 14 24 9 5 

