0	tsk_0	(x)	1	:	0.000000	0.062269	0.000000	0.000000	0.000000	0.000000	0.000000	0.000000	0.000000	0.000000	0.937730
1	tsk_1	(x)	1	:	0.000000	0.009416	0.000000	0.000000	0.000000	0.516218	0.000000	0.000000	0.000000	0.462454	0.011912
2	tsk_2	(x)	1	:	0.000000	0.104686	0.000000	0.000000	0.000000	0.000000	0.000000	0.000000	0.000000	0.000000	0.895314
3	tsk_3	(x)	1	:	0.000000	0.093669	0.000000	0.000000	0.000000	0.000000	0.000000	0.500000	0.000000	0.000000	0.406331
4	tsk_4	(x)	1	:	0.000000	0.245603	0.000000	0.000000	0.000000	0.000000	0.000000	0.000000	0.000000	0.000000	0.754397
5	tsk_5	(x)	1	:	0.000000	0.071370	0.000000	0.000000	0.000000	0.000000	0.000000	0.000000	0.000000	0.000000	0.928630
6	tsk_6	(x)	1	:	0.000000	0.093345	0.000000	0.000000	0.000000	0.000000	0.000000	0.000000	0.000000	0.000000	0.906655
7	tsk_7	(x)	1	:	0.000000	0.000000	0.000000	0.000000	0.000000	0.502289	0.000000	0.497711	0.000000	0.000000	0.000000
8	tsk_8	(x)	1	:	0.000000	0.177504	0.493570	0.000000	0.000000	0.000000	0.000000	0.000000	0.000000	0.000000	0.328926
9	tsk_9	(x)	1	:	0.000000	0.028641	0.000000	0.515402	0.000000	0.000000	0.000000	0.000000	0.000000	0.000000	0.455956
10	tsk_10	(x)	1	:	0.000000	0.001677	0.000000	0.000000	0.000000	0.000000	0.534640	0.000000	0.000000	0.463247	0.000435
11	tsk_11	(x)	1	:	0.000000	0.017625	0.000000	0.477310	0.000000	0.000000	0.000000	0.000000	0.000000	0.471087	0.033979
12	tsk_12	(x)	1	:	0.000000	0.000000	0.000000	0.000000	0.000000	0.000000	0.000000	1.000000	0.000000	0.000000	0.000000
13	tsk_13	(x)	1	:	0.000000	0.000000	0.000000	0.000000	0.000000	0.000000	0.000000	0.000000	0.000000	1.000000	0.000000
14	tsk_14	(x)	1	:	0.000000	0.023791	0.000000	0.000000	0.000000	0.000000	0.000000	0.500125	0.000000	0.476083	0.000000
15	tsk_15	(x)	1	:	0.000000	0.022687	0.000000	0.000000	0.000000	0.000000	0.000000	0.500223	0.000000	0.477090	0.000000
16	tsk_16	(x)	1	:	0.000000	0.018384	0.000000	0.000000	0.000000	0.000000	0.000000	0.000000	0.499230	0.473080	0.009305
17	tsk_17	(x)	1	:	0.000000	0.000000	0.000000	0.000000	0.000000	0.000000	0.000000	0.000000	0.000000	1.000000	0.000000
18	tsk_18	(x)	1	:	0.000000	0.022980	0.000000	0.000000	0.000000	0.000000	0.000000	0.499996	0.000000	0.474748	0.002276
19	tsk_19	(x)	1	:	0.000000	0.023175	0.000000	0.000000	0.000000	0.000000	0.000000	0.500157	0.000000	0.476411	0.000257
20	tsk_20	(x)	1	:	0.000009	0.055316	0.000000	0.000000	0.000000	0.000000	0.000000	0.499990	0.000000	0.000000	0.444685
21	tsk_21	(x)	1	:	0.000000	0.058475	0.000000	0.000000	0.000000	0.000000	0.000000	0.500000	0.000000	0.000000	0.441525
22	tsk_22	(x)	1	:	0.000000	0.136028	0.000000	0.000000	0.000000	0.000000	0.000000	0.000000	0.000000	0.000000	0.863972
23	tsk_23	(x)	1	:	0.000000	0.011361	0.000000	0.000000	0.122809	0.000000	0.000000	0.390128	0.000000	0.475702	0.000000
24	tsk_24	(x)	1	:	0.000000	0.441531	0.000000	0.000000	0.000000	0.000000	0.000000	0.000000	0.000000	0.474787	0.083681
25	tsk_25	(x)	1	:	0.000000	0.023482	0.000000	0.000000	0.000000	0.000000	0.000000	0.500108	0.000000	0.475911	0.000499
26	tsk_26	(x)	1	:	0.000000	0.000000	0.000000	0.000000	0.000000	0.489355	0.000000	0.510645	0.000000	0.000000	0.000000
27	tsk_27	(x)	1	:	0.000000	0.000000	0.000000	0.000000	0.000000	0.000000	0.000000	0.502303	0.000000	0.497697	0.000000
28	tsk_28	(x)	1	:	0.000000	0.000000	0.000000	0.000000	0.000000	0.000000	0.000000	1.000000	0.000000	0.000000	0.000000
29	tsk_29	(x)	1	:	0.000000	0.425938	0.000000	0.000000	0.000000	0.000000	0.000000	0.000000	0.000000	0.474787	0.099274
30	tsk_30	(x)	1	:	0.000000	0.025430	0.000000	0.000000	0.000000	0.000000	0.000000	0.499790	0.000000	0.472611	0.002169
31	tsk_31	(x)	1	:	0.000000	0.094266	0.000000	0.000000	0.000000	0.000000	0.000000	0.500000	0.000000	0.000000	0.405734
32	tsk_32	(x)	1	:	0.000000	0.037128	0.000000	0.000000	0.000000	0.000000	0.000000	0.000000	0.499380	0.000000	0.463492
33	tsk_33	(x)	1	:	0.000021	0.000000	0.000000	0.000000	0.000000	0.000000	0.000000	0.500586	0.499392	0.000000	0.000000
34	tsk_34	(x)	1	:	0.000000	0.000000	0.000000	0.000000	0.000000	0.000000	0.000000	1.000000	0.000000	0.000000	0.000000
35	tsk_35	(x)	1	:	0.000000	0.000000	0.000000	0.000000	0.000000	0.000000	0.000000	0.500620	0.499380	0.000000	0.000000
36	tsk_36	(x)	1	:	0.000000	0.000000	0.000000	0.000000	0.000000	0.000000	0.000000	0.500620	0.499380	0.000000	0.000000
37	tsk_37	(x)	1	:	0.000000	0.125299	0.000000	0.000000	0.000000	0.000000	0.000000	0.500000	0.000000	0.000000	0.374701
38	tsk_38	(x)	1	:	0.000000	0.150560	0.000000	0.000000	0.000000	0.000000	0.000000	0.500000	0.000000	0.000000	0.349440
39	tsk_39	(x)	1	:	1.000000	0.000000	0.000000	0.000000	0.000000	0.000000	0.000000	0.000000	0.000000	0.000000	0.000000
40	tsk_40	(x)	1	:	0.000000	0.006258	0.000000	0.514952	0.000000	0.000000	0.000000	0.000000	0.000000	0.470421	0.008368
41	tsk_41	(x)	1	:	0.000000	0.079144	0.493570	0.000000	0.000000	0.000000	0.000000	0.000000	0.000000	0.000000	0.427286
42	tsk_42	(x)	1	:	0.000000	0.025067	0.000000	0.515402	0.000000	0.000000	0.000000	0.000000	0.000000	0.000000	0.459531
43	tsk_43	(x)	1	:	0.000000	0.000000	0.000000	0.533752	0.000000	0.000000	0.000000	0.000000	0.466248	0.000000	0.000000
44	tsk_44	(x)	1	:	0.000000	0.022596	0.000000	0.000000	0.000000	0.000000	0.000000	0.000000	0.499380	0.000000	0.478025
45	tsk_45	(x)	1	:	0.000000	0.000000	0.494801	0.000000	0.000000	0.000000	0.000000	0.000000	0.505199	0.000000	0.000000
46	tsk_46	(x)	1	:	0.000000	0.007877	0.000000	0.515055	0.000000	0.000000	0.000000	0.000000	0.000000	0.471426	0.005642
47	tsk_47	(x)	1	:	0.000000	0.000000	0.000000	0.000000	0.000000	0.000000	0.000000	0.000000	0.480469	0.519531	0.000000
48	tsk_48	(x)	1	:	0.000000	0.072916	0.493570	0.000000	0.000000	0.000000	0.000000	0.000000	0.000000	0.000000	0.433514
49	tsk_49	(x)	1	:	0.000000	0.033420	0.000000	0.477594	0.000000	0.000000	0.000000	0.000000	0.000000	0.473909	0.015078
50	tsk_50	(x)	1	:	0.000000	0.182404	0.000000	0.000000	0.000000	0.000000	0.000000	0.000000	0.000000	0.000000	0.817596
51	tsk_51	(x)	1	:	0.000000	0.396720	0.000000	0.000000	0.000000	0.000000	0.000000	0.000000	0.000000	0.474787	0.128493
52	tsk_52	(x)	1	:	0.000000	0.255861	0.000000	0.000000	0.000000	0.000000	0.000000	0.000000	0.000000	0.474787	0.269351
53	tsk_53	(x)	1	:	0.000000	0.059307	0.000000	0.000000	0.000000	0.000000	0.000000	0.000000	0.499380	0.000000	0.441314
54	tsk_54	(x)	1	:	0.000000	0.041262	0.000000	0.000000	0.000000	0.000000	0.000000	0.000000	0.499380	0.000000	0.459358
55	tsk_55	(x)	1	:	0.000000	0.074341	0.000000	0.000000	0.000000	0.000000	0.000000	0.000000	0.000000	0.000000	0.925659
56	tsk_56	(x)	1	:	0.000000	0.280346	0.000000	0.000000	0.000000	0.000000	0.000000	0.000000	0.000000	0.474787	0.244866
57	tsk_57	(x)	1	:	0.000000	0.020055	0.000000	0.000000	0.000000	0.000000	0.000000	0.000000	0.499380	0.000000	0.480566
58	tsk_58	(x)	1	:	0.000000	0.391005	0.000000	0.000000	0.000000	0.000000	0.000000	0.000000	0.000000	0.474787	0.134207
59	tsk_59	(x)	1	:	0.000000	0.015768	0.000000	0.000000	0.000000	0.000000	0.000000	0.000000	0.499133	0.471965	0.013135
60	tsk_60	(x)	1	:	0.000000	0.000000	0.000000	0.000000	0.000000	0.000000	0.000000	1.000000	0.000000	0.000000	0.000000
61	tsk_61	(x)	1	:	0.000000	0.000000	0.000000	0.000000	0.000000	0.000000	0.000000	1.000000	0.000000	0.000000	0.000000
62	tsk_62	(x)	1	:	0.000000	0.000000	0.000000	0.000000	0.000000	0.000000	0.000000	1.000000	0.000000	0.000000	0.000000
63	tsk_63	(x)	1	:	0.000000	0.000000	0.000000	0.000000	0.000000	0.000000	0.533288	0.000000	0.466712	0.000000	0.000000
64	tsk_64	(x)	1	:	0.000000	0.000000	0.000000	0.000000	0.000000	0.000000	0.000000	0.000000	0.000000	1.000000	0.000000
65	tsk_65	(x)	1	:	0.000000	0.000000	0.000000	0.000000	0.000000	0.000000	0.000000	1.000000	0.000000	0.000000	0.000000
66	tsk_66	(x)	1	:	0.000000	0.000000	0.000000	0.000000	0.000000	0.000000	0.000000	0.479363	0.000000	0.520637	0.000000
67	tsk_67	(x)	1	:	0.000000	0.000000	0.000000	0.000000	0.000000	0.000000	0.631489	0.368511	0.000000	0.000000	0.000000
68	tsk_68	(x)	1	:	0.000000	0.000000	0.000000	0.000000	0.000000	0.000000	0.631489	0.368511	0.000000	0.000000	0.000000
69	tsk_69	(x)	1	:	0.000000	0.099860	0.000000	0.000000	0.000000	0.000000	0.000000	0.500000	0.000000	0.000000	0.400140
70	tsk_70	(x)	1	:	0.000000	0.005678	0.000000	0.515402	0.000000	0.000000	0.000000	0.000000	0.000000	0.000000	0.478920
71	tsk_71	(x)	1	:	0.000000	0.037330	0.000000	0.515402	0.000000	0.000000	0.000000	0.000000	0.000000	0.000000	0.447268
72	tsk_72	(x)	1	:	0.000000	0.024318	0.000000	0.000000	0.000000	0.000000	0.000000	0.500079	0.000000	0.475603	0.000000
73	tsk_73	(x)	1	:	0.000007	0.000000	0.000000	0.000000	0.000000	0.000000	0.000000	0.500610	0.499384	0.000000	0.000000
74	tsk_74	(x)	1	:	0.000000	0.000000	0.000421	0.316163	0.000000	0.000000	0.000000	0.683417	0.000000	0.000000	0.000000
75	tsk_75	(x)	1	:	0.000000	0.000000	0.000000	0.000000	0.000000	0.000000	0.000000	1.000000	0.000000	0.000000	0.000000
76	tsk_76	(x)	1	:	0.000000	0.000000	0.000000	0.515402	0.000000	0.000000	0.000000	0.484598	0.000000	0.000000	0.000000
77	tsk_77	(x)	1	:	0.000000	0.000000	0.000000	0.515402	0.000000	0.000000	0.000000	0.484598	0.000000	0.000000	0.000000
78	tsk_78	(x)	1	:	0.000000	0.024939	0.000000	0.000000	0.000000	0.000000	0.000000	0.499882	0.000000	0.473569	0.001610
79	tsk_79	(x)	1	:	0.000000	0.000000	0.000000	0.000000	0.000000	0.000000	0.000000	1.000000	0.000000	0.000000	0.000000
80	tsk_80	(x)	1	:	0.000000	0.000000	0.000000	0.000000	0.000000	0.000000	0.401345	0.598654	0.000000	0.000000	0.000000
81	tsk_81	(x)	1	:	0.000000	0.000025	0.000000	0.000000	0.488718	0.000000	0.000000	0.000000	0.000000	0.511253	0.000004
82	tsk_82	(x)	1	:	0.000000	0.000000	0.000000	0.000000	0.000000	0.000000	0.000000	1.000000	0.000000	0.000000	0.000000
83	tsk_83	(x)	1	:	0.000000	0.000000	0.000000	0.000000	0.000000	0.000000	0.000000	0.500620	0.499380	0.000000	0.000000
84	tsk_84	(x)	1	:	0.000000	0.000000	0.000000	0.000000	0.000000	0.000000	0.000000	0.000000	0.000000	1.000000	0.000000
85	tsk_85	(x)	1	:	0.000000	0.000000	0.000030	0.000000	0.000000	0.000000	0.480804	0.000628	0.518539	0.000000	0.000000
86	tsk_86	(x)	1	:	0.000027	0.000000	0.000000	0.515403	0.000000	0.000000	0.000000	0.484570	0.000000	0.000000	0.000000
87	tsk_87	(x)	1	:	0.000000	0.040098	0.000007	0.000000	0.000000	0.000000	0.478120	0.000725	0.000000	0.473674	0.007375
88	tsk_88	(x)	1	:	0.000000	0.000000	0.000047	0.000000	0.530299	0.000000	0.469624	0.000030	0.000000	0.000000	0.000000
89	tsk_89	(x)	1	:	0.000000	0.015866	0.000000	0.000000	0.000000	0.000000	0.000000	0.000000	0.499137	0.472012	0.012986
90	tsk_90	(x)	1	:	0.000000	0.000000	0.000000	0.477683	0.000000	0.000000	0.000000	0.522317	0.000000	0.000000	0.000000
91	tsk_91	(x)	1	:	0.000000	0.025112	0.000000	0.000000	0.000000	0.000000	0.000000	0.500008	0.000000	0.474880	0.000000
92	tsk_92	(x)	1	:	0.000000	0.000000	0.000000	0.000000	0.000000	0.000000	0.000000	0.500620	0.499380	0.000000	0.000000
93	tsk_93	(x)	1	:	0.000000	0.000000	0.219538	0.000000	0.000000	0.000000	0.011657	0.768805	0.000000	0.000000	0.000000
94	tsk_94	(x)	1	:	0.000000	0.000000	0.000000	0.477683	0.000000	0.000000	0.000000	0.522317	0.000000	0.000000	0.000000
95	tsk_95	(x)	1	:	0.000000	0.000000	0.000000	0.000000	0.493703	0.000000	0.000000	0.000000	0.506297	0.000000	0.000000
96	tsk_96	(x)	1	:	0.000000	0.000000	0.225904	0.000000	0.000000	0.000000	0.005261	0.768835	0.000000	0.000000	0.000000
97	tsk_97	(x)	1	:	0.000000	0.000000	0.000000	0.000000	0.493703	0.000000	0.000000	0.000000	0.506297	0.000000	0.000000
98	tsk_98	(x)	1	:	0.000000	0.063576	0.166198	0.000000	0.000000	0.000000	0.000936	0.293549	0.000000	0.475701	0.000040
99	tsk_99	(x)	1	:	0.000000	0.000000	0.000000	0.000000	0.000000	0.000000	0.000000	1.000000	0.000000	0.000000	0.000000
100	tsk_100	(x)	1	:	0.000000	0.000000	0.000000	0.000000	0.000000	0.000000	0.000000	1.000000	0.000000	0.000000	0.000000
101	tsk_101	(x)	1	:	0.000000	0.000000	0.000000	0.000000	0.000000	0.000000	0.631489	0.368511	0.000000	0.000000	0.000000
102	tsk_102	(x)	1	:	0.000000	0.183153	0.000000	0.000000	0.000000	0.000000	0.535682	0.000000	0.000000	0.000000	0.281165
103	tsk_103	(x)	1	:	0.000000	0.000000	0.286804	0.000000	0.316594	0.000000	0.000000	0.000000	0.396602	0.000000	0.000000
104	tsk_104	(x)	1	:	0.000000	0.000000	0.000000	0.000000	0.000000	0.468674	0.531305	0.000000	0.000000	0.000000	0.000021
105	tsk_105	(x)	1	:	0.000000	0.024917	0.000000	0.000000	0.000000	0.000000	0.000000	0.499993	0.000000	0.474719	0.000371
106	tsk_106	(x)	1	:	0.000000	0.000000	0.000000	0.000000	0.000000	0.502289	0.000000	0.497711	0.000000	0.000000	0.000000
107	tsk_107	(x)	1	:	0.000000	0.000000	0.000000	0.000000	0.404796	0.000000	0.595204	0.000000	0.000000	0.000000	0.000000
108	tsk_108	(x)	1	:	0.000000	0.000000	0.000000	0.000000	0.000000	0.000000	0.000000	1.000000	0.000000	0.000000	0.000000
109	tsk_109	(x)	1	:	0.000000	0.000951	0.000000	0.000000	0.000000	0.000000	0.534717	0.000000	0.000000	0.464106	0.000226
110	tsk_110	(x)	1	:	0.000000	0.013192	0.000000	0.000000	0.000000	0.000000	0.000000	0.000000	0.499052	0.471042	0.016713
111	tsk_111	(x)	1	:	0.000000	0.447987	0.000000	0.000000	0.000000	0.000000	0.000000	0.000000	0.000000	0.474787	0.077225
112	tsk_112	(x)	1	:	0.000000	0.016652	0.000000	0.000000	0.000000	0.000000	0.000000	0.000000	0.499224	0.473014	0.011110
113	tsk_113	(x)	1	:	0.000000	0.027480	0.000000	0.000000	0.000000	0.000000	0.000000	0.000000	0.499380	0.000000	0.473141
114	tsk_114	(x)	1	:	0.000000	0.000000	0.000000	0.000000	0.000000	0.000000	0.000000	0.000000	1.000000	0.000000	0.000000
115	tsk_115	(x)	1	:	0.000000	0.023352	0.000000	0.000000	0.000000	0.000000	0.000000	0.500164	0.000000	0.476484	0.000000
116	tsk_116	(x)	1	:	0.000000	0.000000	0.000000	0.000000	0.000000	0.000000	0.000000	0.500620	0.499380	0.000000	0.000000
117	tsk_117	(x)	1	:	0.000000	0.017963	0.000000	0.000000	0.000000	0.000000	0.000000	0.000000	0.499381	0.474810	0.007846
118	tsk_118	(x)	1	:	0.000000	0.068284	0.000000	0.000000	0.000000	0.000000	0.000000	0.500000	0.000000	0.000000	0.431716
119	tsk_119	(x)	1	:	0.000000	0.445691	0.000000	0.000000	0.000000	0.000000	0.000000	0.000000	0.000000	0.474787	0.079521
120	tsk_120	(x)	1	:	0.000000	0.024076	0.000000	0.000000	0.000000	0.000000	0.000000	0.500100	0.000000	0.475824	0.000000
121	tsk_121	(x)	1	:	0.000000	0.018933	0.000000	0.000000	0.000000	0.000000	0.000000	0.000000	0.499380	0.474789	0.006899
122	tsk_122	(x)	1	:	0.000000	0.000000	0.000000	0.000000	0.000000	0.000000	0.000000	0.000000	0.000000	1.000000	0.000000
123	tsk_123	(x)	1	:	0.000000	0.000000	0.000000	0.000000	0.000000	0.000000	0.000000	0.500620	0.499380	0.000000	0.000000
124	tsk_124	(x)	1	:	0.000000	0.023133	0.000000	0.000000	0.000000	0.000000	0.000000	0.500184	0.000000	0.476683	0.000000
125	tsk_125	(x)	1	:	0.000000	0.000000	0.000000	0.000000	0.000000	0.000000	0.000000	0.000000	0.000000	1.000000	0.000000
126	tsk_126	(x)	1	:	0.000000	0.000000	0.000000	0.000000	0.000000	0.000000	0.000000	0.000000	0.000000	1.000000	0.000000
127	tsk_127	(x)	1	:	0.000000	0.001371	0.150693	0.000000	0.000000	0.000000	0.000000	0.000000	0.385104	0.461698	0.001134
128	tsk_128	(x)	1	:	0.000000	0.000000	0.000000	0.000000	0.000000	0.000000	0.000000	0.000000	0.000000	1.000000	0.000000
129	tsk_129	(x)	1	:	0.000000	0.028170	0.000000	0.000000	0.000000	0.000000	0.000000	0.499740	0.000000	0.472090	0.000000
130	tsk_130	(x)	1	:	0.000000	0.022460	0.000000	0.515402	0.000000	0.000000	0.000000	0.000000	0.000000	0.000000	0.462137
131	tsk_131	(x)	1	:	0.000000	0.000000	0.000000	0.000000	0.000000	0.000000	0.000000	0.000000	1.000000	0.000000	0.000000
132	tsk_132	(x)	1	:	0.000000	0.000000	0.000000	1.000000	0.000000	0.000000	0.000000	0.000000	0.000000	0.000000	0.000000
133	tsk_133	(x)	1	:	0.000000	0.000000	0.000000	0.000000	0.000000	0.000000	0.000000	0.000000	1.000000	0.000000	0.000000
134	tsk_134	(x)	1	:	0.000000	0.000000	0.000000	0.000000	0.107147	0.000000	0.000000	0.892853	0.000000	0.000000	0.000000
135	tsk_135	(x)	1	:	0.000000	0.015972	0.000000	0.515402	0.000000	0.000000	0.000000	0.000000	0.000000	0.000000	0.468626
136	tsk_136	(x)	1	:	0.414805	0.000000	0.000000	0.000000	0.000000	0.000000	0.584401	0.000793	0.000000	0.000000	0.000000
137	tsk_137	(x)	1	:	0.000000	0.000000	0.000000	1.000000	0.000000	0.000000	0.000000	0.000000	0.000000	0.000000	0.000000
138	tsk_138	(x)	1	:	0.000000	0.000000	0.000000	0.452807	0.000000	0.000000	0.000000	0.000000	0.547193	0.000000	0.000000
139	tsk_139	(x)	1	:	0.000000	0.000000	0.477498	0.522501	0.000000	0.000000	0.000000	0.000000	0.000000	0.000000	0.000000
140	tsk_140	(x)	1	:	0.000000	0.000000	0.000000	0.000000	0.000000	0.000000	1.000000	0.000000	0.000000	0.000000	0.000000
141	tsk_141	(x)	1	:	0.000000	0.000000	0.000000	0.000000	0.000000	0.000000	1.000000	0.000000	0.000000	0.000000	0.000000
142	tsk_142	(x)	1	:	0.000000	0.089100	0.000000	0.000000	0.492613	0.000000	0.000000	0.000000	0.000000	0.000000	0.418287
143	tsk_143	(x)	1	:	0.000000	0.043806	0.000015	0.000000	0.000000	0.000000	0.478274	0.000601	0.000000	0.474192	0.003113
144	tsk_144	(x)	1	:	0.000000	0.162813	0.000010	0.000000	0.000000	0.000000	0.478287	0.000600	0.000000	0.000000	0.358289
145	tsk_145	(x)	1	:	0.000000	0.000000	0.000000	0.000000	0.000000	0.000000	1.000000	0.000000	0.000000	0.000000	0.000000
146	tsk_146	(x)	1	:	0.000000	0.000000	0.000000	0.000000	0.000000	0.000000	0.401345	0.598654	0.000000	0.000000	0.000000
147	tsk_147	(x)	1	:	0.000000	0.024719	0.000000	0.000000	0.000000	0.000000	0.000000	0.499920	0.000000	0.473966	0.001395
148	tsk_148	(x)	1	:	0.000000	0.000000	0.000000	0.000000	0.000000	0.000000	1.000000	0.000000	0.000000	0.000000	0.000000
149	tsk_149	(x)	1	:	0.000000	0.000000	0.000072	0.000000	0.000000	0.000000	0.480662	0.000741	0.518526	0.000000	0.000000
