logL = -1935.659138 (converged)
AIC = 6483.318277
BIC = 10415.207971

count.K
14 25 30 17 42 11 11 

