logL = -1337.879796 (converged)
AIC = 4643.759592
BIC = 7606.224721

count.K
27 29 21 29 16 28 

