logL = -641.160204 (converged)
AIC = 6352.320408
BIC = 13984.280879

count.K
2 1 6 2 14 12 33 2 6 0 20 15 29 7 1 

