logL = -70.692798 (converged)
AIC = 257.385597
BIC = 338.655045

count.K
9 21 

