logL = -51.213180 (converged)
AIC = 282.426361
BIC = 408.534125

count.K
4 18 8 

