logL = -71.084085 (converged)
AIC = 316.168170
BIC = 438.072342

count.K
20 4 6 

