logL = -39.369729 (converged)
AIC = 378.739458
BIC = 588.919066

count.K
7 6 1 10 6 

