logL = -134.050153 (converged)
AIC = 368.100306
BIC = 438.160175

count.K
13 17 

