logL = -64.635188 (converged)
AIC = 479.270375
BIC = 724.479917

count.K
3 6 3 12 6 

