logL = -96.491199 (converged)
AIC = 636.982398
BIC = 948.048217

count.K
3 13 3 7 1 3 

