logL = -30.950157 (converged)
AIC = 273.900313
BIC = 422.427236

count.K
11 2 14 3 

