logL = -43.631072 (converged)
AIC = 243.262144
BIC = 352.555540

count.K
23 4 3 

