0	tsk_0	(x)	1	:	0.423000	0.451437	0.125562	0.000000	0.000000
1	tsk_1	(x)	1	:	0.332314	0.451437	0.216249	0.000000	0.000000
2	tsk_2	(x)	1	:	0.231673	0.451437	0.316890	0.000000	0.000000
3	tsk_3	(x)	1	:	0.000000	1.000000	0.000000	0.000000	0.000000
4	tsk_4	(x)	1	:	0.453171	0.451438	0.095391	0.000000	0.000000
5	tsk_5	(x)	1	:	0.505732	0.000000	0.494268	0.000000	0.000000
6	tsk_6	(x)	1	:	0.317079	0.451437	0.231484	0.000000	0.000000
7	tsk_7	(x)	1	:	0.000000	1.000000	0.000000	0.000000	0.000000
8	tsk_8	(x)	1	:	0.446643	0.451437	0.101920	0.000000	0.000000
9	tsk_9	(x)	1	:	0.382909	0.000000	0.617091	0.000000	0.000000
10	tsk_10	(x)	1	:	0.000000	1.000000	0.000000	0.000000	0.000000
11	tsk_11	(x)	1	:	0.259780	0.740220	0.000000	0.000000	0.000000
12	tsk_12	(x)	1	:	0.000000	0.548788	0.000000	0.000004	0.451208
13	tsk_13	(x)	1	:	0.000000	1.000000	0.000000	0.000000	0.000000
14	tsk_14	(x)	1	:	0.548563	0.451437	0.000000	0.000000	0.000000
15	tsk_15	(x)	1	:	0.444681	0.451438	0.103881	0.000000	0.000000
16	tsk_16	(x)	1	:	0.000000	1.000000	0.000000	0.000000	0.000000
17	tsk_17	(x)	1	:	0.446624	0.451437	0.101938	0.000000	0.000000
18	tsk_18	(x)	1	:	0.472179	0.451437	0.076384	0.000000	0.000000
19	tsk_19	(x)	1	:	0.391218	0.000000	0.608782	0.000000	0.000000
20	tsk_20	(x)	1	:	0.000000	0.000000	0.000000	0.995007	0.004993
21	tsk_21	(x)	1	:	0.635491	0.000000	0.364509	0.000000	0.000000
22	tsk_22	(x)	1	:	0.008772	0.000000	0.491233	0.000004	0.499991
23	tsk_23	(x)	1	:	0.000000	0.000000	0.000000	0.000000	1.000000
24	tsk_24	(x)	1	:	0.505557	0.000000	0.494443	0.000000	0.000000
25	tsk_25	(x)	1	:	0.047438	0.000000	0.452567	0.000004	0.499991
26	tsk_26	(x)	1	:	0.632149	0.000000	0.367851	0.000000	0.000000
27	tsk_27	(x)	1	:	0.000000	0.000000	0.000000	0.992261	0.007739
28	tsk_28	(x)	1	:	0.000000	0.000000	0.000000	0.000000	1.000000
29	tsk_29	(x)	1	:	0.066514	0.000000	0.433489	0.000004	0.499993
