logL = -147.768682 (converged)
AIC = 475.537364
BIC = 601.645129

count.K
15 6 9 

