logL = -23.539494 (converged)
AIC = 123.078989
BIC = 176.324489

count.K
21 9 

