logL = -38.817692 (converged)
AIC = 449.635384
BIC = 710.258097

count.K
10 5 6 0 8 1 

