logL = -67.448993 (converged)
AIC = 206.897986
BIC = 257.341092

count.K
17 13 

