logL = -69.577518 (converged)
AIC = 223.155036
BIC = 282.005326

count.K
12 18 

