0	tsk_0	(x)	1	:	0.000000	0.000000	0.365934	0.000000	0.232991	0.401075
1	tsk_1	(x)	1	:	0.500015	0.000000	0.175726	0.000000	0.117636	0.206624
2	tsk_2	(x)	1	:	0.000000	0.000000	0.625777	0.000000	0.082615	0.291607
3	tsk_3	(x)	1	:	0.000004	0.000000	0.654024	0.000000	0.061546	0.284426
4	tsk_4	(x)	1	:	0.000003	0.000000	0.433596	0.000000	0.209965	0.356436
5	tsk_5	(x)	1	:	0.000000	0.000000	0.321771	0.000000	0.206246	0.471983
6	tsk_6	(x)	1	:	0.000002	0.000000	0.157444	0.000000	0.151880	0.690674
7	tsk_7	(x)	1	:	0.000000	0.000000	0.539236	0.000000	0.167976	0.292788
8	tsk_8	(x)	1	:	0.000000	0.000000	0.221802	0.000000	0.158803	0.619395
9	tsk_9	(x)	1	:	0.000003	0.000000	0.457332	0.000000	0.166299	0.376366
10	tsk_10	(x)	1	:	0.000001	0.000000	0.487754	0.000000	0.155624	0.356620
11	tsk_11	(x)	1	:	0.000002	0.000000	0.291720	0.000000	0.279756	0.428521
12	tsk_12	(x)	1	:	0.000002	0.000000	0.558900	0.000000	0.135274	0.305824
13	tsk_13	(x)	1	:	0.000003	0.000000	0.561982	0.000000	0.133097	0.304919
14	tsk_14	(x)	1	:	0.000000	0.000000	0.000000	0.850560	0.149440	0.000000
15	tsk_15	(x)	1	:	0.500000	0.000000	0.233626	0.000000	0.117436	0.148937
16	tsk_16	(x)	1	:	0.000000	0.000000	0.561626	0.000000	0.132504	0.305869
17	tsk_17	(x)	1	:	0.000000	0.000000	0.496102	0.000000	0.235652	0.268245
18	tsk_18	(x)	1	:	0.000006	0.000000	0.863452	0.000000	0.136542	0.000000
19	tsk_19	(x)	1	:	0.500007	0.000000	0.221074	0.000000	0.108763	0.170156
20	tsk_20	(x)	1	:	0.999993	0.000000	0.000005	0.000000	0.000001	0.000001
21	tsk_21	(x)	1	:	0.000001	0.000000	0.185222	0.000000	0.086802	0.727976
22	tsk_22	(x)	1	:	0.999996	0.000000	0.000001	0.000000	0.000001	0.000002
23	tsk_23	(x)	1	:	0.500010	0.000000	0.245036	0.000000	0.153213	0.101741
24	tsk_24	(x)	1	:	0.000003	0.000000	0.421376	0.000000	0.272499	0.306122
25	tsk_25	(x)	1	:	0.000000	0.000000	0.494580	0.000000	0.237366	0.268053
26	tsk_26	(x)	1	:	0.500012	0.000000	0.153275	0.000000	0.101779	0.244934
27	tsk_27	(x)	1	:	0.487758	0.474902	0.013844	0.000000	0.013732	0.009764
28	tsk_28	(x)	1	:	0.000000	0.000000	0.302075	0.000000	0.142972	0.554953
29	tsk_29	(x)	1	:	0.000000	0.000000	0.000000	0.850560	0.149440	0.000000
