0	tsk_0	(x)	1	:	0.000000	0.000000	0.000000	0.958317	0.041683	0.000000
1	tsk_1	(x)	1	:	0.500253	0.000000	0.000000	0.000000	0.499739	0.000007
2	tsk_2	(x)	1	:	0.000000	0.000000	0.000000	0.962917	0.037083	0.000000
3	tsk_3	(x)	1	:	0.500084	0.000000	0.000000	0.000000	0.499913	0.000003
4	tsk_4	(x)	1	:	0.000000	0.000000	0.000000	0.973169	0.026830	0.000001
5	tsk_5	(x)	1	:	0.000000	0.000000	0.000000	0.964450	0.035549	0.000000
6	tsk_6	(x)	1	:	0.000000	0.000000	0.000000	0.000000	0.999994	0.000006
7	tsk_7	(x)	1	:	0.000000	0.000000	0.000000	0.000000	0.999982	0.000018
8	tsk_8	(x)	1	:	0.000000	0.000000	0.000000	0.967051	0.032949	0.000000
9	tsk_9	(x)	1	:	0.000000	0.000000	0.000000	0.969633	0.030366	0.000001
10	tsk_10	(x)	1	:	0.000000	0.000000	0.000000	0.000000	0.999996	0.000004
11	tsk_11	(x)	1	:	0.000000	0.000000	0.000000	0.000000	0.999985	0.000015
12	tsk_12	(x)	1	:	0.000000	0.000000	0.184947	0.000000	0.815051	0.000002
13	tsk_13	(x)	1	:	0.000000	0.000000	0.000000	0.000000	0.000000	1.000000
14	tsk_14	(x)	1	:	0.000000	0.000000	0.000000	0.000000	0.999995	0.000005
15	tsk_15	(x)	1	:	0.000000	0.000000	0.379597	0.000000	0.620402	0.000000
16	tsk_16	(x)	1	:	0.000000	0.000000	0.000000	0.000000	0.999996	0.000004
17	tsk_17	(x)	1	:	0.000000	0.000000	0.000000	0.000000	0.999989	0.000011
18	tsk_18	(x)	1	:	0.000000	0.000000	0.000000	0.000000	0.999996	0.000004
19	tsk_19	(x)	1	:	0.000000	0.000000	0.560518	0.000000	0.439482	0.000000
20	tsk_20	(x)	1	:	0.131524	0.868476	0.000000	0.000000	0.000000	0.000000
21	tsk_21	(x)	1	:	1.000000	0.000000	0.000000	0.000000	0.000000	0.000000
22	tsk_22	(x)	1	:	0.131458	0.868542	0.000000	0.000000	0.000000	0.000000
23	tsk_23	(x)	1	:	0.131495	0.868505	0.000000	0.000000	0.000000	0.000000
24	tsk_24	(x)	1	:	1.000000	0.000000	0.000000	0.000000	0.000000	0.000000
25	tsk_25	(x)	1	:	1.000000	0.000000	0.000000	0.000000	0.000000	0.000000
26	tsk_26	(x)	1	:	0.131600	0.868400	0.000000	0.000000	0.000000	0.000000
27	tsk_27	(x)	1	:	0.000000	0.000000	0.000000	0.000000	1.000000	0.000000
28	tsk_28	(x)	1	:	0.131658	0.868342	0.000000	0.000000	0.000000	0.000000
29	tsk_29	(x)	1	:	1.000000	0.000000	0.000000	0.000000	0.000000	0.000000
