logL = -59.820323 (converged)
AIC = 503.640646
BIC = 772.670543

count.K
6 5 3 8 2 6 

