0	tsk_0	(x)	1	:	0.528855	0.000000	0.471142	0.000004	0.000000
1	tsk_1	(x)	1	:	0.533872	0.464044	0.002084	0.000000	0.000000
2	tsk_2	(x)	1	:	0.534500	0.464708	0.000792	0.000000	0.000000
3	tsk_3	(x)	1	:	0.528980	0.000000	0.471017	0.000003	0.000000
4	tsk_4	(x)	1	:	0.000000	0.458639	0.541361	0.000000	0.000000
5	tsk_5	(x)	1	:	0.528769	0.000000	0.471230	0.000001	0.000000
6	tsk_6	(x)	1	:	0.000000	1.000000	0.000000	0.000000	0.000000
7	tsk_7	(x)	1	:	1.000000	0.000000	0.000000	0.000000	0.000000
8	tsk_8	(x)	1	:	0.000000	0.458639	0.541361	0.000000	0.000000
9	tsk_9	(x)	1	:	0.000003	0.747408	0.252589	0.000000	0.000000
10	tsk_10	(x)	1	:	0.000000	0.000000	0.171210	0.000000	0.828790
11	tsk_11	(x)	1	:	0.000003	0.000000	0.013068	0.000000	0.986929
12	tsk_12	(x)	1	:	0.000000	0.000000	0.171311	0.000000	0.828689
13	tsk_13	(x)	1	:	0.000000	0.000000	0.263537	0.000000	0.736463
14	tsk_14	(x)	1	:	0.000000	0.000000	0.000000	0.000000	1.000000
15	tsk_15	(x)	1	:	0.000000	0.000000	0.263538	0.000000	0.736462
16	tsk_16	(x)	1	:	0.000000	0.000000	0.000000	0.000000	1.000000
17	tsk_17	(x)	1	:	0.000004	0.000000	0.171183	0.000000	0.828812
18	tsk_18	(x)	1	:	0.000000	0.000000	0.000000	0.000000	1.000000
19	tsk_19	(x)	1	:	0.000000	0.000000	0.000000	0.000000	1.000000
20	tsk_20	(x)	1	:	0.000000	0.000000	0.467262	0.532738	0.000000
21	tsk_21	(x)	1	:	0.000000	0.000000	0.565669	0.000000	0.434331
22	tsk_22	(x)	1	:	0.000002	0.000000	0.030628	0.533999	0.435370
23	tsk_23	(x)	1	:	0.000000	0.000000	1.000000	0.000000	0.000000
24	tsk_24	(x)	1	:	0.000003	0.000000	0.467254	0.532743	0.000000
25	tsk_25	(x)	1	:	0.000002	0.000000	0.035271	0.531885	0.432842
26	tsk_26	(x)	1	:	0.000000	0.000000	0.000000	1.000000	0.000000
27	tsk_27	(x)	1	:	0.000000	0.000000	1.000000	0.000000	0.000000
28	tsk_28	(x)	1	:	0.000003	0.000000	0.027250	0.535533	0.437214
29	tsk_29	(x)	1	:	0.000000	0.000000	1.000000	0.000000	0.000000
