logL = -58.594760 (converged)
AIC = 361.189521
BIC = 532.135601

count.K
10 5 14 1 

