logL = -74.978069 (converged)
AIC = 233.956137
BIC = 292.806427

count.K
15 15 

