0	tsk_0	(x)	1	:	0.000000	0.000000	1.000000	0.000000	0.000000
1	tsk_1	(x)	1	:	0.003324	0.556844	0.439832	0.000000	0.000000
2	tsk_2	(x)	1	:	0.000000	0.000000	0.000000	1.000000	0.000000
3	tsk_3	(x)	1	:	0.000000	0.491925	0.506997	0.000764	0.000313
4	tsk_4	(x)	1	:	0.000000	0.489588	0.506449	0.001346	0.002617
5	tsk_5	(x)	1	:	0.000000	0.000000	0.000000	1.000000	0.000000
6	tsk_6	(x)	1	:	0.000000	1.000000	0.000000	0.000000	0.000000
7	tsk_7	(x)	1	:	0.000004	0.999996	0.000000	0.000000	0.000000
8	tsk_8	(x)	1	:	0.000000	0.000000	0.000000	1.000000	0.000000
9	tsk_9	(x)	1	:	0.470423	0.529572	0.000002	0.000000	0.000003
10	tsk_10	(x)	1	:	0.500018	0.000000	0.000000	0.000000	0.499982
11	tsk_11	(x)	1	:	0.999933	0.000000	0.000067	0.000000	0.000000
12	tsk_12	(x)	1	:	0.000000	0.000000	0.000000	0.477432	0.522568
13	tsk_13	(x)	1	:	1.000000	0.000000	0.000000	0.000000	0.000000
14	tsk_14	(x)	1	:	0.000000	0.000000	0.000000	0.000000	1.000000
15	tsk_15	(x)	1	:	0.505592	0.000000	0.000000	0.494408	0.000000
16	tsk_16	(x)	1	:	0.500009	0.000000	0.000000	0.000000	0.499991
17	tsk_17	(x)	1	:	0.502036	0.000000	0.000000	0.483790	0.014174
18	tsk_18	(x)	1	:	0.500033	0.000000	0.000000	0.000000	0.499967
19	tsk_19	(x)	1	:	0.999534	0.000000	0.000466	0.000000	0.000000
20	tsk_20	(x)	1	:	0.502805	0.000000	0.000000	0.486114	0.011081
21	tsk_21	(x)	1	:	1.000000	0.000000	0.000000	0.000000	0.000000
22	tsk_22	(x)	1	:	0.501244	0.000000	0.000000	0.481400	0.017356
23	tsk_23	(x)	1	:	1.000000	0.000000	0.000000	0.000000	0.000000
24	tsk_24	(x)	1	:	0.000000	0.000000	1.000000	0.000000	0.000000
25	tsk_25	(x)	1	:	0.499609	0.000000	0.000000	0.475920	0.024471
26	tsk_26	(x)	1	:	0.000000	0.000000	1.000000	0.000000	0.000000
27	tsk_27	(x)	1	:	1.000000	0.000000	0.000000	0.000000	0.000000
28	tsk_28	(x)	1	:	0.999821	0.000000	0.000179	0.000000	0.000000
29	tsk_29	(x)	1	:	1.000000	0.000000	0.000000	0.000000	0.000000
