logL = -72.874942 (converged)
AIC = 429.749883
BIC = 628.719911

count.K
14 2 13 1 

