logL = -130.851660 (converged)
AIC = 477.703319
BIC = 629.032636

count.K
11 9 10 

