logL = -49.734095 (converged)
AIC = 267.468189
BIC = 385.168769

count.K
12 14 4 

