logL = -125.855788 (converged)
AIC = 755.711576
BIC = 1108.813316

count.K
3 1 3 10 10 3 

