logL = -32.673950 (converged)
AIC = 145.347900
BIC = 201.395796

count.K
6 24 

