0	tsk_0	(x)	1	:	0.000000	0.000000	0.672036	0.327963	0.000000	0.000000
1	tsk_1	(x)	1	:	0.000000	0.000000	0.553776	0.446224	0.000000	0.000000
2	tsk_2	(x)	1	:	0.000000	0.000000	0.260313	0.210050	0.000000	0.529638
3	tsk_3	(x)	1	:	0.000000	0.000000	0.649586	0.350414	0.000000	0.000000
4	tsk_4	(x)	1	:	0.000000	0.000000	0.328678	0.671322	0.000000	0.000000
5	tsk_5	(x)	1	:	0.000000	0.000000	0.002905	0.001630	0.000000	0.995465
6	tsk_6	(x)	1	:	0.000000	0.000000	0.624030	0.375969	0.000000	0.000000
7	tsk_7	(x)	1	:	0.000000	0.000000	0.611955	0.388045	0.000000	0.000000
8	tsk_8	(x)	1	:	0.000000	0.000000	0.605169	0.394831	0.000000	0.000000
9	tsk_9	(x)	1	:	0.000000	0.000000	0.408803	0.138827	0.000000	0.452369
10	tsk_10	(x)	1	:	1.000000	0.000000	0.000000	0.000000	0.000000	0.000000
11	tsk_11	(x)	1	:	0.000000	0.986549	0.000000	0.013451	0.000000	0.000000
12	tsk_12	(x)	1	:	1.000000	0.000000	0.000000	0.000000	0.000000	0.000000
13	tsk_13	(x)	1	:	1.000000	0.000000	0.000000	0.000000	0.000000	0.000000
14	tsk_14	(x)	1	:	1.000000	0.000000	0.000000	0.000000	0.000000	0.000000
15	tsk_15	(x)	1	:	0.361943	0.237956	0.320080	0.080020	0.000000	0.000001
16	tsk_16	(x)	1	:	0.999999	0.000000	0.000000	0.000000	0.000000	0.000000
17	tsk_17	(x)	1	:	1.000000	0.000000	0.000000	0.000000	0.000000	0.000000
18	tsk_18	(x)	1	:	0.483504	0.000000	0.373939	0.142557	0.000000	0.000000
19	tsk_19	(x)	1	:	1.000000	0.000000	0.000000	0.000000	0.000000	0.000000
20	tsk_20	(x)	1	:	0.000000	0.000000	0.000009	0.035271	0.964675	0.000046
21	tsk_21	(x)	1	:	0.000000	0.000000	0.637062	0.362938	0.000000	0.000000
22	tsk_22	(x)	1	:	0.000000	0.000000	0.613814	0.386186	0.000000	0.000000
23	tsk_23	(x)	1	:	0.000000	0.000000	0.181373	0.216301	0.602326	0.000000
24	tsk_24	(x)	1	:	0.000000	0.000000	0.513500	0.486500	0.000000	0.000000
25	tsk_25	(x)	1	:	0.000000	0.000000	0.648989	0.351011	0.000000	0.000000
26	tsk_26	(x)	1	:	0.000000	0.000000	0.450691	0.549309	0.000000	0.000000
27	tsk_27	(x)	1	:	0.000000	0.000000	0.554393	0.445607	0.000000	0.000000
28	tsk_28	(x)	1	:	0.000000	0.000000	0.511445	0.488555	0.000000	0.000000
29	tsk_29	(x)	1	:	0.000000	0.000000	0.371767	0.628233	0.000000	0.000000
