logL = -87.120062 (converged)
AIC = 570.240124
BIC = 847.677205

count.K
7 4 6 5 5 3 

