logL = -46.176169 (converged)
AIC = 168.352338
BIC = 221.597838

count.K
10 20 

