logL = -66.276600 (converged)
AIC = 212.553200
BIC = 268.601096

count.K
16 14 

