logL = -124.869760 (converged)
AIC = 525.739519
BIC = 719.104758

count.K
9 6 9 6 

