logL = -36.840062 (converged)
AIC = 393.680124
BIC = 617.871705

count.K
5 2 6 6 11 

