logL = -55.944574 (converged)
AIC = 421.889148
BIC = 639.074742

count.K
6 5 8 10 1 

