logL = -29.115769 (converged)
AIC = 406.231538
BIC = 650.039882

count.K
3 2 9 1 8 7 

