logL = -109.133907 (converged)
AIC = 314.267813
BIC = 381.525288

count.K
9 21 

