logL = -18.021830 (converged)
AIC = 296.043660
BIC = 478.199319

count.K
9 6 8 2 5 

