logL = -65.159550 (converged)
AIC = 538.319100
BIC = 824.163366

count.K
2 1 13 7 7 0 

