logL = -62.406817 (converged)
AIC = 208.813634
BIC = 267.663924

count.K
22 8 

