logL = -54.066296 (converged)
AIC = 388.132592
BIC = 584.300225

count.K
2 10 1 13 4 

