logL = -54.080291 (converged)
AIC = 408.160583
BIC = 618.340190

count.K
5 6 12 7 0 

