logL = -50.426095 (converged)
AIC = 420.852190
BIC = 645.043771

count.K
2 17 3 1 7 

