logL = -53.972062 (converged)
AIC = 191.944123
BIC = 250.794413

count.K
21 9 

