logL = -59.507516 (converged)
AIC = 211.015033
BIC = 275.470112

count.K
18 12 

