0	tsk_0	(x)	1	:	0.000000	0.000000	0.000000	0.000942	0.000000	0.999058
1	tsk_1	(x)	1	:	0.000000	0.000000	1.000000	0.000000	0.000000	0.000000
2	tsk_2	(x)	1	:	0.433069	0.065127	0.501804	0.000000	0.000000	0.000000
3	tsk_3	(x)	1	:	0.000000	0.969668	0.000000	0.000000	0.030332	0.000000
4	tsk_4	(x)	1	:	0.000000	0.480513	0.500016	0.000000	0.019472	0.000000
5	tsk_5	(x)	1	:	0.000000	0.000000	1.000000	0.000000	0.000000	0.000000
6	tsk_6	(x)	1	:	0.000000	0.500000	0.500000	0.000000	0.000000	0.000000
7	tsk_7	(x)	1	:	0.431346	0.065678	0.000000	0.000600	0.003037	0.499340
8	tsk_8	(x)	1	:	0.000000	0.000000	0.000000	0.000000	1.000000	0.000000
9	tsk_9	(x)	1	:	0.000000	0.951896	0.000000	0.000000	0.048104	0.000000
10	tsk_10	(x)	1	:	0.000000	0.014664	0.489943	0.000000	0.000372	0.495022
11	tsk_11	(x)	1	:	0.000000	0.000000	0.495403	0.000030	0.006887	0.497680
12	tsk_12	(x)	1	:	0.000000	0.011720	0.491597	0.000021	0.000851	0.495811
13	tsk_13	(x)	1	:	0.000000	0.012698	0.491280	0.000012	0.000346	0.495665
14	tsk_14	(x)	1	:	0.000000	0.010922	0.491862	0.000031	0.001254	0.495931
15	tsk_15	(x)	1	:	0.000000	0.012833	0.491210	0.000000	0.000314	0.495644
16	tsk_16	(x)	1	:	0.000000	0.000000	0.000000	1.000000	0.000000	0.000000
17	tsk_17	(x)	1	:	0.000000	0.000000	0.000000	0.000427	0.000000	0.999573
18	tsk_18	(x)	1	:	0.000000	0.000000	0.000000	0.000286	0.000000	0.999714
19	tsk_19	(x)	1	:	0.000000	0.000000	0.000000	0.999964	0.000000	0.000035
20	tsk_20	(x)	1	:	0.585812	0.000000	0.414188	0.000000	0.000000	0.000000
21	tsk_21	(x)	1	:	0.435569	0.054700	0.504474	0.000000	0.005258	0.000000
22	tsk_22	(x)	1	:	0.644102	0.000001	0.000000	0.000000	0.355896	0.000000
23	tsk_23	(x)	1	:	0.000000	0.482572	0.500014	0.000000	0.017414	0.000000
24	tsk_24	(x)	1	:	0.434147	0.061824	0.502957	0.000000	0.001071	0.000000
25	tsk_25	(x)	1	:	0.000000	0.491131	0.500007	0.000000	0.008862	0.000000
26	tsk_26	(x)	1	:	1.000000	0.000000	0.000000	0.000000	0.000000	0.000000
27	tsk_27	(x)	1	:	0.000000	0.500000	0.500000	0.000000	0.000000	0.000000
28	tsk_28	(x)	1	:	0.000000	0.445327	0.500043	0.000000	0.054630	0.000000
29	tsk_29	(x)	1	:	0.000000	0.480747	0.500015	0.000000	0.019238	0.000000
