logL = -17.362817 (converged)
AIC = 394.725633
BIC = 646.941162

count.K
7 7 3 5 6 2 

