0	tsk_0	(x)	1	:	0.000000	1.000000	0.000000	0.000000	0.000000	0.000000
1	tsk_1	(x)	1	:	0.000000	0.263728	0.333911	0.156331	0.246030	0.000000
2	tsk_2	(x)	1	:	0.000000	0.000000	0.000000	1.000000	0.000000	0.000000
3	tsk_3	(x)	1	:	0.171803	0.396740	0.431456	0.000000	0.000000	0.000000
4	tsk_4	(x)	1	:	0.000000	0.999217	0.000000	0.000783	0.000000	0.000000
5	tsk_5	(x)	1	:	0.000000	0.038097	0.657378	0.304524	0.000000	0.000000
6	tsk_6	(x)	1	:	0.088198	0.189683	0.447290	0.203232	0.071597	0.000000
7	tsk_7	(x)	1	:	0.000000	0.883963	0.000000	0.116037	0.000000	0.000000
8	tsk_8	(x)	1	:	0.154380	0.130573	0.276027	0.303253	0.135767	0.000000
9	tsk_9	(x)	1	:	0.000000	0.000000	0.000000	1.000000	0.000000	0.000000
10	tsk_10	(x)	1	:	0.999998	0.000000	0.000001	0.000000	0.000000	0.000000
11	tsk_11	(x)	1	:	0.667158	0.000000	0.000000	0.000000	0.332841	0.000000
12	tsk_12	(x)	1	:	0.099626	0.000000	0.000000	0.000000	0.346078	0.554297
13	tsk_13	(x)	1	:	0.487724	0.000000	0.000002	0.000000	0.512274	0.000000
14	tsk_14	(x)	1	:	0.000000	0.000000	0.000000	0.000000	1.000000	0.000000
15	tsk_15	(x)	1	:	0.000000	0.000000	0.000000	0.000000	0.445643	0.554357
16	tsk_16	(x)	1	:	0.485413	0.000000	0.000000	0.000000	0.514587	0.000000
17	tsk_17	(x)	1	:	0.000000	0.000000	0.000000	0.000000	0.000000	1.000000
18	tsk_18	(x)	1	:	0.320554	0.000000	0.000000	0.000000	0.679446	0.000000
19	tsk_19	(x)	1	:	0.000000	0.000000	0.000000	0.000000	0.000000	1.000000
20	tsk_20	(x)	1	:	0.000000	0.000000	0.000002	0.000000	0.999998	0.000000
21	tsk_21	(x)	1	:	0.322732	0.000000	0.000001	0.000000	0.677266	0.000000
22	tsk_22	(x)	1	:	0.000000	0.000000	0.000000	0.000000	1.000000	0.000000
23	tsk_23	(x)	1	:	0.999996	0.000000	0.000002	0.000000	0.000000	0.000002
24	tsk_24	(x)	1	:	1.000000	0.000000	0.000000	0.000000	0.000000	0.000000
25	tsk_25	(x)	1	:	0.000000	0.000000	0.000003	0.000000	0.999997	0.000000
26	tsk_26	(x)	1	:	0.651089	0.000000	0.000000	0.000000	0.348911	0.000000
27	tsk_27	(x)	1	:	0.491257	0.000000	0.000002	0.000000	0.508740	0.000000
28	tsk_28	(x)	1	:	0.322732	0.000000	0.000001	0.000000	0.677266	0.000000
29	tsk_29	(x)	1	:	0.487984	0.000000	0.000002	0.000000	0.512014	0.000000
