logL = -35.165470 (converged)
AIC = 370.330940
BIC = 580.510547

count.K
10 1 3 3 13 

