logL = -5.679773 (converged)
AIC = 143.359546
BIC = 235.838573

count.K
9 19 2 

