logL = -32.877684 (converged)
AIC = 375.755368
BIC = 592.940962

count.K
0 19 4 1 6 

