0	tsk_0	(x)	1	:	0.000000	0.000000	0.000000	0.000000	1.000000	0.000000
1	tsk_1	(x)	1	:	0.000000	0.000000	0.000000	0.000000	1.000000	0.000000
2	tsk_2	(x)	1	:	0.000000	0.000000	0.000000	0.000000	1.000000	0.000000
3	tsk_3	(x)	1	:	0.000000	0.000000	0.000000	0.000000	1.000000	0.000000
4	tsk_4	(x)	1	:	0.000000	0.000000	0.000000	0.000000	1.000000	0.000000
5	tsk_5	(x)	1	:	0.000000	0.000000	0.000000	0.000000	1.000000	0.000000
6	tsk_6	(x)	1	:	0.000000	0.000000	0.833801	0.000000	0.166199	0.000000
7	tsk_7	(x)	1	:	0.000000	0.000000	0.833809	0.000000	0.166191	0.000000
8	tsk_8	(x)	1	:	0.000000	0.000000	0.000000	0.000000	1.000000	0.000000
9	tsk_9	(x)	1	:	0.000000	0.000000	0.000000	0.000000	1.000000	0.000000
10	tsk_10	(x)	1	:	0.000000	0.000000	0.000000	0.000000	0.280233	0.719767
11	tsk_11	(x)	1	:	0.318711	0.000000	0.000004	0.000000	0.000000	0.681285
12	tsk_12	(x)	1	:	0.000000	0.000000	0.000000	1.000000	0.000000	0.000000
13	tsk_13	(x)	1	:	0.000000	0.000000	0.000000	0.520508	0.001398	0.478094
14	tsk_14	(x)	1	:	1.000000	0.000000	0.000000	0.000000	0.000000	0.000000
15	tsk_15	(x)	1	:	0.523048	0.000000	0.000000	0.000000	0.000141	0.476811
16	tsk_16	(x)	1	:	0.000000	0.000000	0.000000	0.501479	0.000388	0.498133
17	tsk_17	(x)	1	:	0.502657	0.000000	0.000000	0.497343	0.000000	0.000000
18	tsk_18	(x)	1	:	0.000000	0.000000	0.000000	0.000000	0.280185	0.719815
19	tsk_19	(x)	1	:	0.000000	0.000000	0.000000	0.501491	0.001103	0.497406
20	tsk_20	(x)	1	:	0.000000	0.486436	0.000000	0.000000	0.513564	0.000000
21	tsk_21	(x)	1	:	0.000000	0.521266	0.000000	0.000000	0.000000	0.478734
22	tsk_22	(x)	1	:	0.000000	0.521267	0.000000	0.000000	0.000000	0.478733
23	tsk_23	(x)	1	:	0.000000	0.521266	0.000000	0.000000	0.000000	0.478733
24	tsk_24	(x)	1	:	0.000000	0.000000	0.000000	0.000000	0.206188	0.793812
25	tsk_25	(x)	1	:	0.000000	0.690041	0.000000	0.309959	0.000000	0.000000
26	tsk_26	(x)	1	:	0.000000	0.521267	0.000000	0.000000	0.000000	0.478733
27	tsk_27	(x)	1	:	0.000000	1.000000	0.000000	0.000000	0.000000	0.000000
28	tsk_28	(x)	1	:	0.000001	0.485254	0.000000	0.000000	0.000000	0.514745
29	tsk_29	(x)	1	:	0.000000	0.486436	0.000000	0.000000	0.513564	0.000000
