logL = -44.764121 (converged)
AIC = 399.528242
BIC = 616.713836

count.K
5 6 1 1 17 

