logL = -91.075250 (converged)
AIC = 274.150500
BIC = 338.605579

count.K
12 18 

