logL = -44.068969 (converged)
AIC = 164.137937
BIC = 217.383438

count.K
25 5 

