logL = -92.147328 (converged)
AIC = 524.294655
BIC = 762.498210

count.K
11 6 5 1 7 

