logL = -57.646806 (converged)
AIC = 475.293613
BIC = 727.509141

count.K
5 10 6 4 3 2 

