logL = -42.645143 (converged)
AIC = 445.290285
BIC = 697.505814

count.K
2 15 7 1 1 4 

