logL = -209.581167 (converged)
AIC = 531.162334
BIC = 609.629388

count.K
12 18 

