logL = -42.900994 (converged)
AIC = 253.801987
BIC = 371.502567

count.K
9 9 12 

