logL = -5.427992 (converged)
AIC = 334.855985
BIC = 561.849960

count.K
8 9 2 2 5 4 

