logL = -24.849802 (converged)
AIC = 199.699604
BIC = 304.789407

count.K
1 5 24 

