logL = -29.916937 (converged)
AIC = 407.833874
BIC = 651.642218

count.K
1 3 6 5 12 3 

