logL = -40.459923 (converged)
AIC = 324.919846
BIC = 495.865927

count.K
0 6 12 12 

