logL = -24.202262 (converged)
AIC = 120.404524
BIC = 170.847630

count.K
19 11 

