logL = -58.653460 (converged)
AIC = 353.306921
BIC = 518.648212

count.K
7 8 10 5 

