0	tsk_0	(x)	1	:	0.000000	1.000000	0.000000	0.000000	0.000000	0.000000
1	tsk_1	(x)	1	:	0.000000	1.000000	0.000000	0.000000	0.000000	0.000000
2	tsk_2	(x)	1	:	0.000000	1.000000	0.000000	0.000000	0.000000	0.000000
3	tsk_3	(x)	1	:	0.000000	0.000001	0.621195	0.378804	0.000000	0.000000
4	tsk_4	(x)	1	:	0.000000	1.000000	0.000000	0.000000	0.000000	0.000000
5	tsk_5	(x)	1	:	0.000000	0.000004	0.000000	0.999996	0.000000	0.000000
6	tsk_6	(x)	1	:	0.000000	1.000000	0.000000	0.000000	0.000000	0.000000
7	tsk_7	(x)	1	:	0.000000	0.500000	0.500000	0.000000	0.000000	0.000000
8	tsk_8	(x)	1	:	0.292114	0.500000	0.207886	0.000000	0.000000	0.000000
9	tsk_9	(x)	1	:	0.000000	0.500000	0.500000	0.000000	0.000000	0.000000
10	tsk_10	(x)	1	:	0.000000	0.000000	1.000000	0.000000	0.000000	0.000000
11	tsk_11	(x)	1	:	1.000000	0.000000	0.000000	0.000000	0.000000	0.000000
12	tsk_12	(x)	1	:	0.559518	0.000000	0.440482	0.000000	0.000000	0.000000
13	tsk_13	(x)	1	:	0.717640	0.000000	0.282360	0.000000	0.000000	0.000000
14	tsk_14	(x)	1	:	0.572263	0.000000	0.427737	0.000000	0.000000	0.000000
15	tsk_15	(x)	1	:	0.841820	0.000000	0.158180	0.000000	0.000000	0.000000
16	tsk_16	(x)	1	:	1.000000	0.000000	0.000000	0.000000	0.000000	0.000000
17	tsk_17	(x)	1	:	0.000000	0.000000	1.000000	0.000000	0.000000	0.000000
18	tsk_18	(x)	1	:	0.565154	0.000000	0.434846	0.000000	0.000000	0.000000
19	tsk_19	(x)	1	:	0.000000	0.000000	1.000000	0.000000	0.000000	0.000000
20	tsk_20	(x)	1	:	0.000000	0.000000	0.000000	0.620491	0.153251	0.226259
21	tsk_21	(x)	1	:	0.000000	0.000000	0.000000	0.000000	0.482026	0.517974
22	tsk_22	(x)	1	:	0.000000	0.000000	0.000000	0.000000	0.215061	0.784939
23	tsk_23	(x)	1	:	0.000000	0.000000	0.000000	0.620491	0.094135	0.285374
24	tsk_24	(x)	1	:	0.000000	0.000000	0.000000	0.000000	0.294235	0.705765
25	tsk_25	(x)	1	:	0.000000	0.000000	0.000000	0.000000	0.487588	0.512412
26	tsk_26	(x)	1	:	0.000000	0.000000	0.000000	0.000000	0.309598	0.690402
27	tsk_27	(x)	1	:	0.000000	0.000004	0.000000	0.620487	0.379509	0.000000
28	tsk_28	(x)	1	:	0.000000	0.000000	0.000000	0.000000	0.659363	0.340637
29	tsk_29	(x)	1	:	0.000000	0.000000	0.000000	0.000000	0.480125	0.519875
