logL = -31.452366 (converged)
AIC = 410.904733
BIC = 654.713077

count.K
9 7 2 1 7 4 

