logL = -94.891966 (converged)
AIC = 619.783931
BIC = 921.041368

count.K
2 10 11 5 2 

