logL = -115.352283 (converged)
AIC = 674.704565
BIC = 985.770384

count.K
6 3 8 1 5 7 

