logL = -72.566043 (converged)
AIC = 229.132086
BIC = 287.982376

count.K
10 20 

