logL = -17.323816 (converged)
AIC = 418.647631
BIC = 687.677528

count.K
7 5 5 10 2 1 

