logL = -3.602460 (converged)
AIC = 133.204920
BIC = 221.480355

count.K
12 7 11 

