logL = -83.086042 (converged)
AIC = 486.172084
BIC = 710.363665

count.K
7 6 7 5 5 

