logL = -104.961552 (converged)
AIC = 609.923104
BIC = 890.162580

count.K
6 1 9 5 9 

