0	tsk_0	(x)	1	:	0.050967	0.448970	0.499788	0.000275	0.000000
1	tsk_1	(x)	1	:	0.985195	0.014804	0.000000	0.000000	0.000001
2	tsk_2	(x)	1	:	0.000000	0.499944	0.499812	0.000244	0.000000
3	tsk_3	(x)	1	:	0.052738	0.447198	0.499787	0.000276	0.000000
4	tsk_4	(x)	1	:	0.079387	0.420550	0.499790	0.000273	0.000000
5	tsk_5	(x)	1	:	0.000000	0.000000	1.000000	0.000000	0.000000
6	tsk_6	(x)	1	:	0.000000	0.000000	1.000000	0.000000	0.000000
7	tsk_7	(x)	1	:	0.090846	0.409152	0.500000	0.000000	0.000002
8	tsk_8	(x)	1	:	0.942781	0.057212	0.000000	0.000000	0.000007
9	tsk_9	(x)	1	:	0.000000	0.500001	0.499999	0.000000	0.000000
10	tsk_10	(x)	1	:	0.976795	0.023202	0.000000	0.000000	0.000003
11	tsk_11	(x)	1	:	0.561770	0.010342	0.000000	0.000000	0.427888
12	tsk_12	(x)	1	:	0.481942	0.003926	0.000000	0.000000	0.514131
13	tsk_13	(x)	1	:	0.107396	0.000000	0.000000	0.000000	0.892604
14	tsk_14	(x)	1	:	0.484581	0.001271	0.000000	0.000000	0.514147
15	tsk_15	(x)	1	:	0.988815	0.011185	0.000000	0.000000	0.000000
16	tsk_16	(x)	1	:	0.107416	0.000000	0.000000	0.000000	0.892584
17	tsk_17	(x)	1	:	0.107401	0.000000	0.000000	0.000000	0.892599
18	tsk_18	(x)	1	:	0.483618	0.002241	0.000000	0.000000	0.514142
19	tsk_19	(x)	1	:	0.482260	0.003607	0.000000	0.000000	0.514133
20	tsk_20	(x)	1	:	0.510640	0.015567	0.000002	0.473785	0.000006
21	tsk_21	(x)	1	:	0.025521	0.000028	0.000003	0.471532	0.502916
22	tsk_22	(x)	1	:	0.520389	0.005809	0.000002	0.473799	0.000001
23	tsk_23	(x)	1	:	0.000000	0.000000	0.000003	0.999997	0.000000
24	tsk_24	(x)	1	:	0.000000	1.000000	0.000000	0.000000	0.000000
25	tsk_25	(x)	1	:	0.000000	0.000000	0.000000	1.000000	0.000000
26	tsk_26	(x)	1	:	0.000000	0.000000	0.000000	1.000000	0.000000
27	tsk_27	(x)	1	:	0.000000	0.000000	0.000004	0.999996	0.000000
28	tsk_28	(x)	1	:	0.438284	0.004206	0.000000	0.557511	0.000000
29	tsk_29	(x)	1	:	0.000000	0.000000	0.000000	1.000000	0.000000
