logL = -36.044491 (converged)
AIC = 444.088982
BIC = 704.711695

count.K
1 2 1 4 2 20 

