logL = -50.410191 (converged)
AIC = 262.820382
BIC = 376.317370

count.K
10 10 10 

