logL = -112.319576 (converged)
AIC = 336.639151
BIC = 415.106205

count.K
28 2 

