0	tsk_0	(x)	1	:	1.000000	0.000000	0.000000	0.000000	0.000000
1	tsk_1	(x)	1	:	1.000000	0.000000	0.000000	0.000000	0.000000
2	tsk_2	(x)	1	:	1.000000	0.000000	0.000000	0.000000	0.000000
3	tsk_3	(x)	1	:	1.000000	0.000000	0.000000	0.000000	0.000000
4	tsk_4	(x)	1	:	1.000000	0.000000	0.000000	0.000000	0.000000
5	tsk_5	(x)	1	:	1.000000	0.000000	0.000000	0.000000	0.000000
6	tsk_6	(x)	1	:	0.057571	0.000002	0.000000	0.942427	0.000000
7	tsk_7	(x)	1	:	0.077581	0.000001	0.000000	0.922418	0.000000
8	tsk_8	(x)	1	:	1.000000	0.000000	0.000000	0.000000	0.000000
9	tsk_9	(x)	1	:	1.000000	0.000000	0.000000	0.000000	0.000000
10	tsk_10	(x)	1	:	0.502142	0.497858	0.000000	0.000000	0.000000
11	tsk_11	(x)	1	:	0.003362	0.996276	0.000000	0.000362	0.000000
12	tsk_12	(x)	1	:	0.000000	0.000000	1.000000	0.000000	0.000000
13	tsk_13	(x)	1	:	0.008054	0.496609	0.495098	0.000238	0.000000
14	tsk_14	(x)	1	:	0.000000	1.000000	0.000000	0.000000	0.000000
15	tsk_15	(x)	1	:	0.000101	0.999887	0.000000	0.000011	0.000000
16	tsk_16	(x)	1	:	0.280912	0.198458	0.520630	0.000000	0.000000
17	tsk_17	(x)	1	:	0.000001	0.509251	0.490747	0.000000	0.000000
18	tsk_18	(x)	1	:	0.502235	0.497765	0.000000	0.000000	0.000000
19	tsk_19	(x)	1	:	0.277723	0.201831	0.520447	0.000000	0.000000
20	tsk_20	(x)	1	:	0.495247	0.000000	0.504753	0.000000	0.000000
21	tsk_21	(x)	1	:	0.000002	0.000002	0.495283	0.000001	0.504713
22	tsk_22	(x)	1	:	0.000002	0.000003	0.495283	0.000000	0.504712
23	tsk_23	(x)	1	:	0.000002	0.000001	0.495283	0.000001	0.504714
24	tsk_24	(x)	1	:	0.514356	0.000000	0.000000	0.000000	0.485644
25	tsk_25	(x)	1	:	0.000000	0.000000	1.000000	0.000000	0.000000
26	tsk_26	(x)	1	:	0.000002	0.000001	0.495283	0.000000	0.504713
27	tsk_27	(x)	1	:	0.000000	0.000000	1.000000	0.000000	0.000000
28	tsk_28	(x)	1	:	0.000001	0.000006	0.487467	0.000003	0.512523
29	tsk_29	(x)	1	:	0.495248	0.000000	0.504752	0.000000	0.000000
