logL = -11.475840 (converged)
AIC = 218.951679
BIC = 356.269022

count.K
3 13 7 7 

