logL = -30.273555 (converged)
AIC = 272.547109
BIC = 421.074032

count.K
9 11 6 4 

