logL = -35.612096 (converged)
AIC = 291.224193
BIC = 445.355905

count.K
4 15 4 7 

