logL = -106.235698 (converged)
AIC = 304.471395
BIC = 368.926475

count.K
16 14 

