logL = -18.432372 (converged)
AIC = 408.864745
BIC = 669.487458

count.K
1 2 5 1 19 2 

