logL = -31.586351 (converged)
AIC = 143.172703
BIC = 199.220598

count.K
22 8 

