logL = -46.735051 (converged)
AIC = 165.470103
BIC = 215.913209

count.K
19 11 

