logL = -31.416344 (converged)
AIC = 274.832689
BIC = 423.359611

count.K
10 12 5 3 

