logL = -127.466130 (converged)
AIC = 366.932259
BIC = 445.399313

count.K
12 18 

