0	tsk_0	(x)	1	:	0.000000	0.582945	0.417055	0.000000	0.000000
1	tsk_1	(x)	1	:	0.000007	0.286509	0.201271	0.512212	0.000001
2	tsk_2	(x)	1	:	0.000000	0.602255	0.397745	0.000000	0.000000
3	tsk_3	(x)	1	:	0.000000	0.780138	0.219862	0.000000	0.000000
4	tsk_4	(x)	1	:	0.000000	0.947854	0.052146	0.000000	0.000000
5	tsk_5	(x)	1	:	0.000000	0.686818	0.313182	0.000000	0.000000
6	tsk_6	(x)	1	:	0.000004	0.290570	0.197209	0.512215	0.000002
7	tsk_7	(x)	1	:	0.000008	0.257712	0.230067	0.512211	0.000001
8	tsk_8	(x)	1	:	0.323183	0.225395	0.156790	0.000000	0.294632
9	tsk_9	(x)	1	:	0.000000	0.763378	0.236622	0.000000	0.000000
10	tsk_10	(x)	1	:	0.303226	0.157925	0.210962	0.000000	0.327887
11	tsk_11	(x)	1	:	0.300995	0.162010	0.205390	0.000000	0.331605
12	tsk_12	(x)	1	:	0.000000	0.768303	0.231697	0.000000	0.000000
13	tsk_13	(x)	1	:	0.000000	0.621594	0.378406	0.000000	0.000000
14	tsk_14	(x)	1	:	0.000000	0.344676	0.655324	0.000000	0.000000
15	tsk_15	(x)	1	:	0.000000	0.629574	0.370426	0.000000	0.000000
16	tsk_16	(x)	1	:	0.330074	0.143597	0.243179	0.000000	0.283150
17	tsk_17	(x)	1	:	0.334106	0.154804	0.234659	0.000000	0.276431
18	tsk_18	(x)	1	:	0.000000	0.000000	0.000000	1.000000	0.000000
19	tsk_19	(x)	1	:	0.201080	0.000000	0.300825	0.000000	0.498096
20	tsk_20	(x)	1	:	0.318044	0.180486	0.198274	0.000000	0.303196
21	tsk_21	(x)	1	:	1.000000	0.000000	0.000000	0.000000	0.000000
22	tsk_22	(x)	1	:	1.000000	0.000000	0.000000	0.000000	0.000000
23	tsk_23	(x)	1	:	1.000000	0.000000	0.000000	0.000000	0.000000
24	tsk_24	(x)	1	:	1.000000	0.000000	0.000000	0.000000	0.000000
25	tsk_25	(x)	1	:	1.000000	0.000000	0.000000	0.000000	0.000000
26	tsk_26	(x)	1	:	0.272373	0.190927	0.157402	0.000000	0.379298
27	tsk_27	(x)	1	:	0.000000	0.684501	0.315499	0.000000	0.000000
28	tsk_28	(x)	1	:	1.000000	0.000000	0.000000	0.000000	0.000000
29	tsk_29	(x)	1	:	1.000000	0.000000	0.000000	0.000000	0.000000
