logL = -47.142755 (converged)
AIC = 170.285511
BIC = 223.531011

count.K
6 24 

