logL = -77.854404 (converged)
AIC = 485.708808
BIC = 716.906376

count.K
4 8 8 5 5 

