logL = -79.029902 (converged)
AIC = 488.059804
BIC = 719.257372

count.K
2 8 4 10 6 

