0	tsk_0	(x)	1	:	0.471842	0.000000	0.467292	0.000000	0.060866
1	tsk_1	(x)	1	:	0.000000	0.000000	0.383795	0.000000	0.616205
2	tsk_2	(x)	1	:	0.000000	0.000000	0.660263	0.000000	0.339737
3	tsk_3	(x)	1	:	0.000000	0.000000	0.238727	0.000000	0.761273
4	tsk_4	(x)	1	:	0.000000	0.312006	0.343997	0.000000	0.343997
5	tsk_5	(x)	1	:	0.000000	0.000000	0.290870	0.000000	0.709130
6	tsk_6	(x)	1	:	0.000000	0.000000	0.495795	0.000000	0.504205
7	tsk_7	(x)	1	:	0.000000	0.000000	0.298976	0.000000	0.701024
8	tsk_8	(x)	1	:	0.000000	0.000000	0.388277	0.000000	0.611723
9	tsk_9	(x)	1	:	0.000000	0.000000	0.380753	0.000000	0.619247
10	tsk_10	(x)	1	:	0.000000	0.000000	0.559651	0.000000	0.440349
11	tsk_11	(x)	1	:	0.000000	0.000000	0.008181	0.958394	0.033425
12	tsk_12	(x)	1	:	0.000000	0.000000	0.000000	0.958392	0.041608
13	tsk_13	(x)	1	:	0.000000	0.000000	0.000000	0.000000	1.000000
14	tsk_14	(x)	1	:	0.000000	0.000000	0.004538	0.955923	0.039539
15	tsk_15	(x)	1	:	0.000000	0.000000	0.565593	0.000000	0.434407
16	tsk_16	(x)	1	:	0.000000	0.000000	0.000000	0.000000	1.000000
17	tsk_17	(x)	1	:	0.000000	0.000000	0.394057	0.000000	0.605943
18	tsk_18	(x)	1	:	0.000000	0.000000	0.125646	0.000000	0.874354
19	tsk_19	(x)	1	:	0.000000	0.000000	0.323267	0.000000	0.676733
20	tsk_20	(x)	1	:	0.468304	0.304451	0.188334	0.000000	0.038911
21	tsk_21	(x)	1	:	1.000000	0.000000	0.000000	0.000000	0.000000
22	tsk_22	(x)	1	:	1.000000	0.000000	0.000000	0.000000	0.000000
23	tsk_23	(x)	1	:	1.000000	0.000000	0.000000	0.000000	0.000000
24	tsk_24	(x)	1	:	1.000000	0.000000	0.000000	0.000000	0.000000
25	tsk_25	(x)	1	:	1.000000	0.000000	0.000000	0.000000	0.000000
26	tsk_26	(x)	1	:	1.000000	0.000000	0.000000	0.000000	0.000000
27	tsk_27	(x)	1	:	0.429861	0.570139	0.000000	0.000000	0.000000
28	tsk_28	(x)	1	:	1.000000	0.000000	0.000000	0.000000	0.000000
29	tsk_29	(x)	1	:	0.513666	0.486334	0.000000	0.000000	0.000000
