0	tsk_0	(x)	1	:	0.000000	0.593878	0.000000	0.406122
1	tsk_1	(x)	1	:	0.000000	0.427945	0.000000	0.572055
2	tsk_2	(x)	1	:	0.000000	0.527050	0.000000	0.472950
3	tsk_3	(x)	1	:	0.000000	0.530975	0.000000	0.469025
4	tsk_4	(x)	1	:	0.000000	0.688107	0.000000	0.311893
5	tsk_5	(x)	1	:	0.000000	0.869160	0.000000	0.130840
6	tsk_6	(x)	1	:	0.000000	0.691541	0.000000	0.308459
7	tsk_7	(x)	1	:	0.000000	0.819662	0.000000	0.180338
8	tsk_8	(x)	1	:	0.000000	0.869160	0.000000	0.130840
9	tsk_9	(x)	1	:	0.000000	0.534470	0.000000	0.465530
10	tsk_10	(x)	1	:	0.500000	0.000000	0.000000	0.500000
11	tsk_11	(x)	1	:	0.000000	0.000000	0.635874	0.364126
12	tsk_12	(x)	1	:	0.000000	0.000000	1.000000	0.000000
13	tsk_13	(x)	1	:	0.000000	0.444572	0.411483	0.143945
14	tsk_14	(x)	1	:	0.000000	0.000000	1.000000	0.000000
15	tsk_15	(x)	1	:	0.000000	0.731192	0.000000	0.268808
16	tsk_16	(x)	1	:	0.000000	0.759789	0.000000	0.240211
17	tsk_17	(x)	1	:	0.000000	0.421333	0.000000	0.578667
18	tsk_18	(x)	1	:	0.000000	0.000000	1.000000	0.000000
19	tsk_19	(x)	1	:	0.000000	0.119759	0.635874	0.244367
20	tsk_20	(x)	1	:	0.546216	0.000000	0.453784	0.000000
21	tsk_21	(x)	1	:	0.000000	0.000000	0.411483	0.588517
22	tsk_22	(x)	1	:	0.546389	0.000000	0.453611	0.000000
23	tsk_23	(x)	1	:	0.500000	0.051314	0.000001	0.448685
24	tsk_24	(x)	1	:	1.000000	0.000000	0.000000	0.000000
25	tsk_25	(x)	1	:	1.000000	0.000000	0.000000	0.000000
26	tsk_26	(x)	1	:	1.000000	0.000000	0.000000	0.000000
27	tsk_27	(x)	1	:	1.000000	0.000000	0.000000	0.000000
28	tsk_28	(x)	1	:	0.546216	0.000000	0.453784	0.000000
29	tsk_29	(x)	1	:	1.000000	0.000000	0.000000	0.000000
