0	tsk_0	(x)	1	:	0.000000	0.995391	0.004609	0.000000
1	tsk_1	(x)	1	:	0.101161	0.000000	0.898839	0.000000
2	tsk_2	(x)	1	:	0.025727	0.974273	0.000000	0.000000
3	tsk_3	(x)	1	:	0.999995	0.000005	0.000000	0.000000
4	tsk_4	(x)	1	:	0.000000	0.000000	1.000000	0.000000
5	tsk_5	(x)	1	:	0.000000	0.000000	1.000000	0.000000
6	tsk_6	(x)	1	:	0.204336	0.000001	0.795663	0.000000
7	tsk_7	(x)	1	:	0.337652	0.000000	0.662348	0.000000
8	tsk_8	(x)	1	:	0.000000	1.000000	0.000000	0.000000
9	tsk_9	(x)	1	:	0.334480	0.000000	0.665519	0.000000
10	tsk_10	(x)	1	:	0.999985	0.000015	0.000000	0.000000
11	tsk_11	(x)	1	:	0.204336	0.000001	0.795663	0.000000
12	tsk_12	(x)	1	:	0.067551	0.000000	0.932449	0.000000
13	tsk_13	(x)	1	:	0.191084	0.000000	0.808916	0.000000
14	tsk_14	(x)	1	:	0.192946	0.000000	0.807054	0.000000
15	tsk_15	(x)	1	:	1.000000	0.000000	0.000000	0.000000
16	tsk_16	(x)	1	:	0.000000	0.000000	1.000000	0.000000
17	tsk_17	(x)	1	:	0.000000	0.000001	0.041082	0.958918
18	tsk_18	(x)	1	:	0.999992	0.000008	0.000000	0.000000
19	tsk_19	(x)	1	:	0.204336	0.000001	0.795663	0.000000
20	tsk_20	(x)	1	:	0.035838	0.000004	0.000000	0.964158
21	tsk_21	(x)	1	:	0.999960	0.000040	0.000000	0.000000
22	tsk_22	(x)	1	:	0.000000	0.000000	1.000000	0.000000
23	tsk_23	(x)	1	:	0.040446	0.000001	0.000000	0.959553
24	tsk_24	(x)	1	:	0.011567	0.000000	0.029597	0.958836
25	tsk_25	(x)	1	:	0.337652	0.000000	0.662348	0.000000
26	tsk_26	(x)	1	:	0.198519	0.000000	0.801481	0.000000
27	tsk_27	(x)	1	:	0.334480	0.000000	0.665519	0.000000
28	tsk_28	(x)	1	:	0.260413	0.000000	0.739587	0.000000
29	tsk_29	(x)	1	:	0.038346	0.000003	0.000000	0.961651
