0	tsk_0	(x)	1	:	0.999999	0.000001	0.000000	0.000000	0.000000
1	tsk_1	(x)	1	:	0.999999	0.000001	0.000000	0.000000	0.000000
2	tsk_2	(x)	1	:	0.999997	0.000003	0.000000	0.000000	0.000000
3	tsk_3	(x)	1	:	0.999999	0.000001	0.000000	0.000000	0.000000
4	tsk_4	(x)	1	:	0.999999	0.000001	0.000000	0.000000	0.000000
5	tsk_5	(x)	1	:	0.999999	0.000001	0.000000	0.000000	0.000000
6	tsk_6	(x)	1	:	0.553648	0.000001	0.000000	0.000000	0.446350
7	tsk_7	(x)	1	:	0.999997	0.000003	0.000000	0.000000	0.000000
8	tsk_8	(x)	1	:	1.000000	0.000000	0.000000	0.000000	0.000000
9	tsk_9	(x)	1	:	0.553649	0.000001	0.000000	0.000000	0.446350
10	tsk_10	(x)	1	:	0.999999	0.000001	0.000000	0.000000	0.000000
11	tsk_11	(x)	1	:	0.000059	0.000000	0.000000	0.999941	0.000000
12	tsk_12	(x)	1	:	0.456804	0.000000	0.000000	0.543196	0.000000
13	tsk_13	(x)	1	:	0.553650	0.000001	0.000000	0.000000	0.446350
14	tsk_14	(x)	1	:	0.456800	0.000001	0.000020	0.543180	0.000000
15	tsk_15	(x)	1	:	0.013124	0.986876	0.000000	0.000000	0.000000
16	tsk_16	(x)	1	:	0.149401	0.000000	0.850599	0.000000	0.000000
17	tsk_17	(x)	1	:	0.149417	0.000000	0.850583	0.000000	0.000000
18	tsk_18	(x)	1	:	0.000000	0.625194	0.000000	0.000000	0.374806
19	tsk_19	(x)	1	:	0.000000	0.000000	1.000000	0.000000	0.000000
20	tsk_20	(x)	1	:	0.553650	0.000000	0.000000	0.000000	0.446350
21	tsk_21	(x)	1	:	0.000003	0.599626	0.000000	0.000000	0.400371
22	tsk_22	(x)	1	:	0.000000	0.392057	0.000000	0.000000	0.607943
23	tsk_23	(x)	1	:	0.350565	0.000000	0.000000	0.000000	0.649435
24	tsk_24	(x)	1	:	0.000000	0.000000	0.000000	0.000000	1.000000
25	tsk_25	(x)	1	:	0.350559	0.000002	0.000000	0.000000	0.649439
26	tsk_26	(x)	1	:	0.553650	0.000000	0.000000	0.000000	0.446349
27	tsk_27	(x)	1	:	0.063702	0.000000	0.000000	0.486035	0.450263
28	tsk_28	(x)	1	:	0.000000	0.000000	0.000000	0.000000	1.000000
29	tsk_29	(x)	1	:	0.553648	0.000001	0.000000	0.000000	0.446350
