logL = -59.858826 (converged)
AIC = 275.717652
BIC = 385.011048

count.K
7 6 17 

