0	tsk_0	(x)	1	:	0.000000	0.778203	0.000000	0.000000	0.150636	0.071162
1	tsk_1	(x)	1	:	0.000000	0.772265	0.000000	0.000000	0.227735	0.000000
2	tsk_2	(x)	1	:	0.000000	0.519960	0.000000	0.000000	0.319129	0.160911
3	tsk_3	(x)	1	:	0.000000	0.000000	0.000000	0.000000	0.654675	0.345325
4	tsk_4	(x)	1	:	0.000000	1.000000	0.000000	0.000000	0.000000	0.000000
5	tsk_5	(x)	1	:	0.000000	0.000000	0.000000	0.000000	0.000000	1.000000
6	tsk_6	(x)	1	:	0.000000	0.632855	0.000000	0.000000	0.367145	0.000000
7	tsk_7	(x)	1	:	0.000000	0.752959	0.000000	0.000000	0.000000	0.247041
8	tsk_8	(x)	1	:	0.000000	0.445368	0.000000	0.000000	0.274294	0.280338
9	tsk_9	(x)	1	:	0.000000	0.616336	0.000000	0.000000	0.383664	0.000000
10	tsk_10	(x)	1	:	0.000000	0.000000	1.000000	0.000000	0.000000	0.000000
11	tsk_11	(x)	1	:	1.000000	0.000000	0.000000	0.000000	0.000000	0.000000
12	tsk_12	(x)	1	:	0.000161	0.000000	0.999839	0.000000	0.000000	0.000000
13	tsk_13	(x)	1	:	0.999923	0.000000	0.000077	0.000000	0.000000	0.000000
14	tsk_14	(x)	1	:	0.064537	0.195007	0.442905	0.000000	0.000000	0.297551
15	tsk_15	(x)	1	:	0.999960	0.000000	0.000040	0.000000	0.000000	0.000000
16	tsk_16	(x)	1	:	0.000000	0.000000	0.000000	0.500000	0.385515	0.114485
17	tsk_17	(x)	1	:	0.000000	0.000000	0.500000	0.500000	0.000000	0.000000
18	tsk_18	(x)	1	:	0.000140	0.000000	0.999860	0.000000	0.000000	0.000000
19	tsk_19	(x)	1	:	0.000000	0.000000	1.000000	0.000000	0.000000	0.000000
20	tsk_20	(x)	1	:	0.000000	0.513471	0.000000	0.000000	0.318163	0.168367
21	tsk_21	(x)	1	:	0.000000	0.513471	0.000000	0.000000	0.318163	0.168367
22	tsk_22	(x)	1	:	1.000000	0.000000	0.000000	0.000000	0.000000	0.000000
23	tsk_23	(x)	1	:	0.000000	0.000000	0.000000	0.000000	0.490007	0.509993
24	tsk_24	(x)	1	:	0.550431	0.000000	0.000000	0.000000	0.130802	0.318766
25	tsk_25	(x)	1	:	0.000000	0.514312	0.000000	0.000000	0.319562	0.166126
26	tsk_26	(x)	1	:	0.000000	0.446051	0.000000	0.000000	0.276117	0.277831
27	tsk_27	(x)	1	:	0.000000	0.769228	0.000000	0.000000	0.230772	0.000000
28	tsk_28	(x)	1	:	0.093848	0.000000	0.416851	0.000000	0.301231	0.188071
29	tsk_29	(x)	1	:	0.000000	0.518177	0.000000	0.000000	0.317738	0.164085
