0	tsk_0	(x)	1	:	0.000000	0.000000	0.000000	0.520352	0.479648	0.000000
1	tsk_1	(x)	1	:	0.000000	0.000000	0.000000	0.000000	0.000000	1.000000
2	tsk_2	(x)	1	:	0.000000	0.000000	0.000000	0.728572	0.271428	0.000000
3	tsk_3	(x)	1	:	0.000000	0.000000	0.000000	0.731030	0.268970	0.000000
4	tsk_4	(x)	1	:	0.000000	0.000000	0.000000	0.943395	0.056605	0.000000
5	tsk_5	(x)	1	:	0.000000	0.000000	0.000000	0.640500	0.359500	0.000000
6	tsk_6	(x)	1	:	0.000000	0.000000	0.000000	0.275645	0.261276	0.463080
7	tsk_7	(x)	1	:	0.000000	0.000000	0.000000	0.818331	0.181669	0.000000
8	tsk_8	(x)	1	:	0.000000	0.000000	0.000000	0.699598	0.300402	0.000000
9	tsk_9	(x)	1	:	0.000000	0.000000	0.000000	0.729093	0.270907	0.000000
10	tsk_10	(x)	1	:	0.495963	0.000000	0.016346	0.114134	0.373557	0.000000
11	tsk_11	(x)	1	:	0.000000	0.000000	0.499707	0.133732	0.366561	0.000000
12	tsk_12	(x)	1	:	0.000000	0.000000	0.000000	0.735015	0.264985	0.000000
13	tsk_13	(x)	1	:	0.000000	0.000000	1.000000	0.000000	0.000000	0.000000
14	tsk_14	(x)	1	:	0.500000	0.000000	0.500000	0.000000	0.000000	0.000000
15	tsk_15	(x)	1	:	0.000000	0.000000	0.000000	0.447915	0.552085	0.000000
16	tsk_16	(x)	1	:	0.000000	0.000000	1.000000	0.000000	0.000000	0.000000
17	tsk_17	(x)	1	:	0.500000	0.000000	0.500000	0.000000	0.000000	0.000000
18	tsk_18	(x)	1	:	0.500000	0.000000	0.500000	0.000000	0.000000	0.000000
19	tsk_19	(x)	1	:	0.000000	0.000000	0.000000	0.810107	0.189893	0.000000
20	tsk_20	(x)	1	:	0.495365	0.000000	0.018801	0.485834	0.000000	0.000000
21	tsk_21	(x)	1	:	1.000000	0.000000	0.000000	0.000000	0.000000	0.000000
22	tsk_22	(x)	1	:	0.496227	0.495744	0.007802	0.000047	0.000180	0.000000
23	tsk_23	(x)	1	:	1.000000	0.000000	0.000000	0.000000	0.000000	0.000000
24	tsk_24	(x)	1	:	1.000000	0.000000	0.000000	0.000000	0.000000	0.000000
25	tsk_25	(x)	1	:	0.496329	0.000000	0.014847	0.269390	0.219434	0.000000
26	tsk_26	(x)	1	:	1.000000	0.000000	0.000000	0.000000	0.000000	0.000000
27	tsk_27	(x)	1	:	1.000000	0.000000	0.000000	0.000000	0.000000	0.000000
28	tsk_28	(x)	1	:	0.496230	0.000000	0.015254	0.332282	0.156235	0.000000
29	tsk_29	(x)	1	:	0.494101	0.000000	0.024020	0.481879	0.000000	0.000000
