logL = -48.966405 (converged)
AIC = 309.932811
BIC = 458.459733

count.K
11 3 13 3 

