logL = -10.985783 (converged)
AIC = 217.971566
BIC = 355.288909

count.K
2 16 7 5 

