logL = -43.527189 (converged)
AIC = 299.054378
BIC = 447.581300

count.K
5 12 3 10 

