0	tsk_0	(x)	1	:	0.000002	0.499094	0.002744	0.498160
1	tsk_1	(x)	1	:	0.000001	0.000000	0.486346	0.513653
2	tsk_2	(x)	1	:	0.000000	0.000000	0.000001	0.999999
3	tsk_3	(x)	1	:	0.000000	0.000000	0.000001	0.999999
4	tsk_4	(x)	1	:	0.000000	0.000000	0.000001	0.999999
5	tsk_5	(x)	1	:	0.000001	0.000000	0.486355	0.513644
6	tsk_6	(x)	1	:	0.000000	0.000000	0.662511	0.337489
7	tsk_7	(x)	1	:	0.000001	0.000000	0.486367	0.513632
8	tsk_8	(x)	1	:	0.000000	0.000000	0.486330	0.513670
9	tsk_9	(x)	1	:	0.000000	0.000000	1.000000	0.000000
10	tsk_10	(x)	1	:	0.000000	1.000000	0.000000	0.000000
11	tsk_11	(x)	1	:	0.000000	1.000000	0.000000	0.000000
12	tsk_12	(x)	1	:	0.000000	0.000000	1.000000	0.000000
13	tsk_13	(x)	1	:	0.000000	1.000000	0.000000	0.000000
14	tsk_14	(x)	1	:	0.000000	1.000000	0.000000	0.000000
15	tsk_15	(x)	1	:	0.000000	0.000000	1.000000	0.000000
16	tsk_16	(x)	1	:	0.000010	0.499329	0.002018	0.498643
17	tsk_17	(x)	1	:	0.000000	1.000000	0.000000	0.000000
18	tsk_18	(x)	1	:	0.000000	0.506841	0.493159	0.000000
19	tsk_19	(x)	1	:	0.000000	0.506839	0.493161	0.000000
20	tsk_20	(x)	1	:	0.707868	0.000000	0.292131	0.000001
21	tsk_21	(x)	1	:	0.707863	0.000000	0.292137	0.000000
22	tsk_22	(x)	1	:	0.707982	0.000000	0.292018	0.000000
23	tsk_23	(x)	1	:	0.350343	0.000000	0.649657	0.000000
24	tsk_24	(x)	1	:	0.687541	0.000000	0.312450	0.000008
25	tsk_25	(x)	1	:	0.350342	0.000000	0.649658	0.000000
26	tsk_26	(x)	1	:	0.999343	0.000000	0.000656	0.000000
27	tsk_27	(x)	1	:	0.999999	0.000000	0.000000	0.000001
28	tsk_28	(x)	1	:	0.707916	0.000000	0.292084	0.000000
29	tsk_29	(x)	1	:	0.999206	0.000000	0.000794	0.000000
