logL = -27.324552 (converged)
AIC = 216.649104
BIC = 330.146092

count.K
12 8 10 

