logL = -59.640595 (converged)
AIC = 419.281190
BIC = 629.460797

count.K
4 7 7 9 3 

