0	tsk_0	(x)	1	:	0.000000	0.000000	0.000000	0.000000	1.000000	0.000000
1	tsk_1	(x)	1	:	0.000000	0.000000	0.000000	0.000000	1.000000	0.000000
2	tsk_2	(x)	1	:	0.000000	0.000000	1.000000	0.000000	0.000000	0.000000
3	tsk_3	(x)	1	:	0.465736	0.000000	0.000000	0.000000	0.534264	0.000000
4	tsk_4	(x)	1	:	0.000000	0.484434	0.515566	0.000000	0.000000	0.000000
5	tsk_5	(x)	1	:	0.000000	0.000000	1.000000	0.000000	0.000000	0.000000
6	tsk_6	(x)	1	:	0.000000	0.000000	1.000000	0.000000	0.000000	0.000000
7	tsk_7	(x)	1	:	0.000000	0.000000	1.000000	0.000000	0.000000	0.000000
8	tsk_8	(x)	1	:	0.000000	0.484434	0.515566	0.000000	0.000000	0.000000
9	tsk_9	(x)	1	:	0.269363	0.000000	0.730637	0.000000	0.000000	0.000000
10	tsk_10	(x)	1	:	0.432250	0.000000	0.080402	0.000000	0.000000	0.487348
11	tsk_11	(x)	1	:	0.481080	0.000000	0.000000	0.518920	0.000000	0.000000
12	tsk_12	(x)	1	:	0.000000	0.000000	0.000000	1.000000	0.000000	0.000000
13	tsk_13	(x)	1	:	0.000000	0.000000	0.000000	0.000000	0.000000	1.000000
14	tsk_14	(x)	1	:	0.482190	0.000000	0.000052	0.517758	0.000000	0.000000
15	tsk_15	(x)	1	:	0.000000	0.000000	0.000000	1.000000	0.000000	0.000000
16	tsk_16	(x)	1	:	0.000000	0.515095	0.000986	0.000002	0.000019	0.483898
17	tsk_17	(x)	1	:	0.482208	0.000000	0.000037	0.517755	0.000000	0.000000
18	tsk_18	(x)	1	:	0.000017	0.515229	0.000534	0.000001	0.000036	0.484183
19	tsk_19	(x)	1	:	0.482202	0.000000	0.000042	0.517756	0.000000	0.000000
20	tsk_20	(x)	1	:	0.000000	0.000000	0.000000	0.000000	1.000000	0.000000
21	tsk_21	(x)	1	:	0.482252	0.000000	0.000000	0.000000	0.000000	0.517748
22	tsk_22	(x)	1	:	1.000000	0.000000	0.000000	0.000000	0.000000	0.000000
23	tsk_23	(x)	1	:	0.431981	0.000000	0.080555	0.000000	0.000348	0.487116
24	tsk_24	(x)	1	:	1.000000	0.000000	0.000000	0.000000	0.000000	0.000000
25	tsk_25	(x)	1	:	0.000000	0.000000	0.000000	0.000000	0.500002	0.499998
26	tsk_26	(x)	1	:	0.270045	0.000000	0.729955	0.000000	0.000000	0.000000
27	tsk_27	(x)	1	:	0.592992	0.000000	0.000000	0.407008	0.000000	0.000000
28	tsk_28	(x)	1	:	0.000000	0.257068	0.000861	0.250523	0.000578	0.490970
29	tsk_29	(x)	1	:	0.592992	0.000000	0.000000	0.407008	0.000000	0.000000
