logL = -73.696505 (converged)
AIC = 487.393011
BIC = 725.596566

count.K
5 5 4 5 11 

