logL = -56.427138 (converged)
AIC = 192.854277
BIC = 248.902172

count.K
17 13 

