logL = -43.322204 (converged)
AIC = 236.644408
BIC = 341.734211

count.K
13 8 9 

