logL = -46.886575 (converged)
AIC = 373.773149
BIC = 569.940783

count.K
17 2 2 3 6 

