logL = -22.661769 (converged)
AIC = 249.323538
BIC = 392.245671

count.K
2 13 5 10 

