logL = -101.523069 (converged)
AIC = 371.046138
BIC = 488.746718

count.K
12 11 7 

