0	tsk_0	(x)	1	:	0.252284	0.275251	0.213666	0.258798	0.000000
1	tsk_1	(x)	1	:	0.196939	0.435322	0.166337	0.201402	0.000000
2	tsk_2	(x)	1	:	0.142518	0.468944	0.242575	0.145963	0.000000
3	tsk_3	(x)	1	:	0.311656	0.000000	0.530061	0.158283	0.000000
4	tsk_4	(x)	1	:	0.000000	0.322297	0.375652	0.302051	0.000000
5	tsk_5	(x)	1	:	0.000000	0.271394	0.205820	0.522786	0.000000
6	tsk_6	(x)	1	:	0.273094	0.446268	0.000000	0.280638	0.000000
7	tsk_7	(x)	1	:	0.418177	0.227132	0.354691	0.000000	0.000000
8	tsk_8	(x)	1	:	0.331449	0.362290	0.138509	0.167752	0.000000
9	tsk_9	(x)	1	:	0.371850	0.000000	0.297358	0.190597	0.140195
10	tsk_10	(x)	1	:	0.000000	0.306320	0.117609	0.576072	0.000000
11	tsk_11	(x)	1	:	0.207072	0.226715	0.354675	0.211538	0.000000
12	tsk_12	(x)	1	:	0.320673	0.351572	0.000000	0.327755	0.000000
13	tsk_13	(x)	1	:	0.000000	0.391195	0.608804	0.000000	0.000000
14	tsk_14	(x)	1	:	0.477539	0.522461	0.000000	0.000000	0.000000
15	tsk_15	(x)	1	:	0.286814	0.470046	0.243140	0.000000	0.000000
16	tsk_16	(x)	1	:	0.147615	0.323745	0.377596	0.151044	0.000000
17	tsk_17	(x)	1	:	0.000000	0.431989	0.163963	0.404048	0.000000
18	tsk_18	(x)	1	:	0.494055	0.000000	0.000000	0.505945	0.000000
19	tsk_19	(x)	1	:	0.273094	0.446268	0.000000	0.280638	0.000000
20	tsk_20	(x)	1	:	0.324368	0.175234	0.000000	0.500398	0.000000
21	tsk_21	(x)	1	:	0.000000	0.000000	0.000000	0.000000	1.000000
22	tsk_22	(x)	1	:	0.059527	0.073038	0.329876	0.050974	0.486584
23	tsk_23	(x)	1	:	0.345570	0.187093	0.292640	0.174697	0.000000
24	tsk_24	(x)	1	:	0.160541	0.175663	0.000000	0.663796	0.000000
25	tsk_25	(x)	1	:	0.190108	0.417717	0.000000	0.392175	0.000000
26	tsk_26	(x)	1	:	0.000000	0.224165	0.351284	0.424551	0.000000
27	tsk_27	(x)	1	:	0.239312	0.000000	0.135567	0.138538	0.486583
28	tsk_28	(x)	1	:	0.239600	0.102214	0.171602	0.000000	0.486584
29	tsk_29	(x)	1	:	0.070160	0.052077	0.334426	0.056753	0.486584
