logL = -81.566858 (converged)
AIC = 483.133716
BIC = 707.325297

count.K
3 13 5 4 5 

