logL = -64.650107 (converged)
AIC = 291.300215
BIC = 404.797203

count.K
10 10 10 

