logL = -39.711270 (converged)
AIC = 151.422540
BIC = 201.865646

count.K
14 16 

