logL = -48.521744 (converged)
AIC = 457.043487
BIC = 709.259016

count.K
3 6 10 2 9 0 

