logL = -63.720722 (converged)
AIC = 379.441445
BIC = 555.992315

count.K
4 3 1 22 

