logL = -152.289436 (converged)
AIC = 538.578872
BIC = 702.518966

count.K
10 4 16 

