logL = -128.583909 (converged)
AIC = 557.167819
BIC = 767.347426

count.K
5 16 3 6 

