0	tsk_0	(x)	1	:	0.191701	0.808299	0.000000	0.000000	0.000000
1	tsk_1	(x)	1	:	0.000000	0.000000	0.000000	0.000000	1.000000
2	tsk_2	(x)	1	:	0.448725	0.551275	0.000000	0.000000	0.000000
3	tsk_3	(x)	1	:	0.000000	0.508558	0.000000	0.000000	0.491442
4	tsk_4	(x)	1	:	0.405533	0.102542	0.000000	0.000000	0.491926
5	tsk_5	(x)	1	:	0.372650	0.135403	0.000000	0.000000	0.491948
6	tsk_6	(x)	1	:	0.380278	0.127818	0.000000	0.000000	0.491904
7	tsk_7	(x)	1	:	0.000000	0.000000	0.000000	0.000000	1.000000
8	tsk_8	(x)	1	:	0.000000	0.508158	0.000000	0.000000	0.491842
9	tsk_9	(x)	1	:	0.251986	0.256137	0.000000	0.000000	0.491877
10	tsk_10	(x)	1	:	0.198589	0.801411	0.000000	0.000000	0.000000
11	tsk_11	(x)	1	:	0.207089	0.792911	0.000000	0.000000	0.000000
12	tsk_12	(x)	1	:	0.170754	0.829246	0.000000	0.000000	0.000000
13	tsk_13	(x)	1	:	0.074543	0.925456	0.000000	0.000000	0.000000
14	tsk_14	(x)	1	:	0.000000	0.000000	0.505992	0.000000	0.494008
15	tsk_15	(x)	1	:	0.378813	0.129243	0.000000	0.000000	0.491944
16	tsk_16	(x)	1	:	0.383103	0.124953	0.000000	0.000000	0.491944
17	tsk_17	(x)	1	:	0.073878	0.926122	0.000000	0.000000	0.000000
18	tsk_18	(x)	1	:	0.252622	0.747378	0.000000	0.000000	0.000000
19	tsk_19	(x)	1	:	0.275744	0.724256	0.000000	0.000000	0.000000
20	tsk_20	(x)	1	:	0.074152	0.425806	0.000000	0.500039	0.000003
21	tsk_21	(x)	1	:	0.109811	0.390165	0.000000	0.500024	0.000000
22	tsk_22	(x)	1	:	0.350359	0.052845	0.000000	0.000000	0.596796
23	tsk_23	(x)	1	:	0.385411	0.122842	0.000000	0.000000	0.491747
24	tsk_24	(x)	1	:	0.272727	0.727273	0.000000	0.000000	0.000000
25	tsk_25	(x)	1	:	0.302221	0.697779	0.000000	0.000000	0.000000
26	tsk_26	(x)	1	:	0.167594	0.832406	0.000000	0.000000	0.000000
27	tsk_27	(x)	1	:	0.000000	0.000000	0.000000	1.000000	0.000000
28	tsk_28	(x)	1	:	0.289546	0.218510	0.000000	0.000000	0.491944
29	tsk_29	(x)	1	:	0.469061	0.530939	0.000000	0.000000	0.000000
