logL = -83.909084 (converged)
AIC = 365.818169
BIC = 504.536710

count.K
2 14 14 

