0	tsk_0	(x)	1	:	0.000000	0.000000	0.000000	0.000000	0.509595	0.490405
1	tsk_1	(x)	1	:	0.383357	0.000000	0.000000	0.498086	0.060549	0.058008
2	tsk_2	(x)	1	:	0.000000	0.000000	0.867655	0.000000	0.071703	0.060642
3	tsk_3	(x)	1	:	0.000000	0.000000	0.000000	0.498069	0.192919	0.309012
4	tsk_4	(x)	1	:	0.000000	0.000000	0.000000	0.000000	0.472768	0.527232
5	tsk_5	(x)	1	:	0.379087	0.000000	0.000176	0.000000	0.305638	0.315099
6	tsk_6	(x)	1	:	0.000000	0.000000	0.000000	0.000000	0.506273	0.493727
7	tsk_7	(x)	1	:	0.000000	0.000000	0.000000	0.000000	0.552882	0.447117
8	tsk_8	(x)	1	:	0.000000	0.000000	0.000000	0.000000	0.508136	0.491864
9	tsk_9	(x)	1	:	0.000000	0.000000	0.000000	0.000000	0.247486	0.752513
10	tsk_10	(x)	1	:	0.000000	0.000000	0.000000	0.000000	0.609156	0.390844
11	tsk_11	(x)	1	:	0.000000	0.000000	0.000000	0.000000	0.726101	0.273899
12	tsk_12	(x)	1	:	0.000000	0.000000	0.867028	0.000000	0.072103	0.060869
13	tsk_13	(x)	1	:	0.000000	0.000000	0.868470	0.000000	0.016272	0.115258
14	tsk_14	(x)	1	:	0.000000	0.000000	0.000000	0.000000	0.306647	0.693353
15	tsk_15	(x)	1	:	0.000000	0.000000	0.000000	0.000000	0.674356	0.325644
16	tsk_16	(x)	1	:	0.000000	0.000000	0.000000	0.000000	0.508926	0.491074
17	tsk_17	(x)	1	:	0.000000	0.000000	0.000000	0.000000	0.566739	0.433261
18	tsk_18	(x)	1	:	0.000000	0.999607	0.000005	0.000000	0.000198	0.000189
19	tsk_19	(x)	1	:	0.000000	0.000000	0.000000	0.000000	0.507981	0.492019
20	tsk_20	(x)	1	:	0.000000	0.000000	0.000000	1.000000	0.000000	0.000000
21	tsk_21	(x)	1	:	0.000000	0.000000	0.000000	1.000000	0.000000	0.000000
22	tsk_22	(x)	1	:	0.508285	0.000002	0.000006	0.491634	0.000034	0.000039
23	tsk_23	(x)	1	:	0.000000	0.000000	0.000000	1.000000	0.000000	0.000000
24	tsk_24	(x)	1	:	0.000000	0.000000	0.000000	1.000000	0.000000	0.000000
25	tsk_25	(x)	1	:	0.000000	0.000000	0.000000	0.498069	0.226390	0.275542
26	tsk_26	(x)	1	:	0.000000	0.000000	0.000000	0.498068	0.404603	0.097330
27	tsk_27	(x)	1	:	0.000000	0.000000	0.000000	1.000000	0.000000	0.000000
28	tsk_28	(x)	1	:	0.519554	0.000000	0.000053	0.480394	0.000000	0.000000
29	tsk_29	(x)	1	:	0.000000	0.000000	0.000000	0.498069	0.236875	0.265056
