0	tsk_0	(x)	1	:	0.000000	0.962394	0.037606	0.000000
1	tsk_1	(x)	1	:	0.000000	0.122680	0.377320	0.500000
2	tsk_2	(x)	1	:	0.000000	0.920889	0.079111	0.000000
3	tsk_3	(x)	1	:	0.000000	0.754326	0.245674	0.000000
4	tsk_4	(x)	1	:	0.000595	0.102064	0.397770	0.499572
5	tsk_5	(x)	1	:	0.000000	1.000000	0.000000	0.000000
6	tsk_6	(x)	1	:	0.000000	0.953528	0.046472	0.000000
7	tsk_7	(x)	1	:	0.000000	1.000000	0.000000	0.000000
8	tsk_8	(x)	1	:	0.000000	1.000000	0.000000	0.000000
9	tsk_9	(x)	1	:	0.000000	0.661774	0.338226	0.000000
10	tsk_10	(x)	1	:	0.467026	0.000000	0.532974	0.000000
11	tsk_11	(x)	1	:	0.000000	0.000000	1.000000	0.000000
12	tsk_12	(x)	1	:	0.467126	0.000000	0.532874	0.000000
13	tsk_13	(x)	1	:	0.467026	0.414301	0.118673	0.000000
14	tsk_14	(x)	1	:	0.000000	1.000000	0.000000	0.000000
15	tsk_15	(x)	1	:	0.000619	0.499827	0.000000	0.499554
16	tsk_16	(x)	1	:	0.000000	1.000000	0.000000	0.000000
17	tsk_17	(x)	1	:	0.000000	0.913935	0.086065	0.000000
18	tsk_18	(x)	1	:	1.000000	0.000000	0.000000	0.000000
19	tsk_19	(x)	1	:	0.467026	0.314064	0.218910	0.000000
20	tsk_20	(x)	1	:	0.001120	0.225381	0.274306	0.499193
21	tsk_21	(x)	1	:	0.000000	0.000000	0.000000	1.000000
22	tsk_22	(x)	1	:	0.000000	0.000000	0.000000	1.000000
23	tsk_23	(x)	1	:	0.000000	0.000000	0.000000	1.000000
24	tsk_24	(x)	1	:	0.534465	0.000000	0.000000	0.465535
25	tsk_25	(x)	1	:	0.000891	0.128307	0.371443	0.499358
26	tsk_26	(x)	1	:	1.000000	0.000000	0.000000	0.000000
27	tsk_27	(x)	1	:	0.000000	0.000000	0.000000	1.000000
28	tsk_28	(x)	1	:	0.000000	0.000000	0.000000	1.000000
29	tsk_29	(x)	1	:	0.000853	0.240634	0.259127	0.499386
