logL = -19.750998 (converged)
AIC = 259.501996
BIC = 413.633708

count.K
1 2 5 22 

