logL = -100.152682 (converged)
AIC = 284.305363
BIC = 343.155653

count.K
23 7 

