logL = -162.307028 (converged)
AIC = 616.614056
BIC = 821.188874

count.K
4 9 9 8 

