logL = -21.657484 (converged)
AIC = 187.314967
BIC = 288.201179

count.K
10 18 2 

