logL = -66.106643 (converged)
AIC = 300.213286
BIC = 417.913866

count.K
6 14 10 

