logL = -16.382863 (converged)
AIC = 228.765726
BIC = 366.083069

count.K
4 4 20 2 

