logL = -42.198400 (converged)
AIC = 240.396799
BIC = 349.690195

count.K
7 3 20 

