0	tsk_0	(x)	1	:	0.000000	0.000000	0.000000	0.000000	0.000000	1.000000
1	tsk_1	(x)	1	:	0.000000	0.000000	0.000000	0.000000	0.000000	1.000000
2	tsk_2	(x)	1	:	0.000000	0.000000	0.000000	0.000000	0.000000	1.000000
3	tsk_3	(x)	1	:	0.000000	0.000000	0.000000	0.000000	0.000000	1.000000
4	tsk_4	(x)	1	:	0.000000	0.000000	0.000000	0.000000	0.000000	1.000000
5	tsk_5	(x)	1	:	0.000000	0.000000	0.000000	1.000000	0.000000	0.000000
6	tsk_6	(x)	1	:	0.000000	0.000000	0.000000	0.000000	0.000000	1.000000
7	tsk_7	(x)	1	:	0.000000	0.000000	0.000000	0.000000	0.000000	1.000000
8	tsk_8	(x)	1	:	0.000000	0.000000	0.000000	1.000000	0.000000	0.000000
9	tsk_9	(x)	1	:	0.000000	0.000000	0.000000	0.999779	0.000000	0.000221
10	tsk_10	(x)	1	:	0.000008	0.054243	0.445732	0.000000	0.500016	0.000000
11	tsk_11	(x)	1	:	0.000000	0.000000	0.000000	0.000000	1.000000	0.000000
12	tsk_12	(x)	1	:	0.000000	0.154634	0.345365	0.000000	0.000000	0.500001
13	tsk_13	(x)	1	:	0.000000	0.000000	0.500001	0.000000	0.499999	0.000000
14	tsk_14	(x)	1	:	0.000000	0.000754	0.008963	0.000000	0.492207	0.498076
15	tsk_15	(x)	1	:	0.000004	0.197421	0.302574	0.000000	0.000000	0.500001
16	tsk_16	(x)	1	:	0.000000	0.000000	0.500001	0.000000	0.499999	0.000000
17	tsk_17	(x)	1	:	0.000000	0.143841	0.356158	0.000000	0.000000	0.500000
18	tsk_18	(x)	1	:	0.000000	0.058765	0.441235	0.000000	0.500000	0.000000
19	tsk_19	(x)	1	:	0.000008	0.148602	0.351388	0.000000	0.000000	0.500001
20	tsk_20	(x)	1	:	0.657735	0.225296	0.116969	0.000000	0.000000	0.000000
21	tsk_21	(x)	1	:	0.657735	0.063575	0.278690	0.000000	0.000000	0.000000
22	tsk_22	(x)	1	:	0.000016	0.102215	0.897769	0.000000	0.000000	0.000000
23	tsk_23	(x)	1	:	0.657734	0.231620	0.110646	0.000000	0.000000	0.000000
24	tsk_24	(x)	1	:	0.000028	0.220164	0.779808	0.000000	0.000000	0.000000
25	tsk_25	(x)	1	:	0.000037	0.349850	0.650113	0.000000	0.000000	0.000000
26	tsk_26	(x)	1	:	0.657735	0.174593	0.167672	0.000000	0.000000	0.000000
27	tsk_27	(x)	1	:	0.935495	0.020906	0.043600	0.000000	0.000000	0.000000
28	tsk_28	(x)	1	:	0.657734	0.075449	0.266816	0.000000	0.000000	0.000000
29	tsk_29	(x)	1	:	0.657734	0.248037	0.094229	0.000000	0.000000	0.000000
