logL = -22.450113 (converged)
AIC = 188.900227
BIC = 289.786438

count.K
7 17 6 

