logL = -43.631496 (converged)
AIC = 387.262992
BIC = 597.442599

count.K
14 7 3 3 3 

