logL = -80.336553 (converged)
AIC = 404.673106
BIC = 575.619186

count.K
12 10 1 7 

