logL = -44.556805 (converged)
AIC = 379.113611
BIC = 582.287231

count.K
0 15 1 3 11 

