logL = -62.760891 (converged)
AIC = 545.521782
BIC = 839.773232

count.K
7 2 5 4 4 8 

