logL = -296.741240 (converged)
AIC = 709.482480
BIC = 790.751928

count.K
12 18 

