logL = -222.557589 (converged)
AIC = 573.115179
BIC = 662.791811

count.K
19 11 

