logL = -279.089297 (converged)
AIC = 1134.178595
BIC = 1537.723441

count.K
3 6 2 4 10 5 

