logL = -55.428549 (converged)
AIC = 194.857099
BIC = 253.707389

count.K
4 26 

