0	tsk_0	(x)	1	:	0.000000	0.210412	0.087610	0.498777	0.169334	0.033868
1	tsk_1	(x)	1	:	0.000000	0.000000	0.397726	0.000000	0.356228	0.246046
2	tsk_2	(x)	1	:	0.000000	0.000000	0.000000	1.000000	0.000000	0.000000
3	tsk_3	(x)	1	:	0.000000	0.000000	0.506641	0.000000	0.135530	0.357829
4	tsk_4	(x)	1	:	0.000000	0.000000	0.000000	1.000000	0.000000	0.000000
5	tsk_5	(x)	1	:	0.000000	0.502856	0.000011	0.497112	0.000011	0.000010
6	tsk_6	(x)	1	:	0.000000	0.000000	0.466627	0.000000	0.420912	0.112460
7	tsk_7	(x)	1	:	0.000000	0.000000	0.294564	0.000000	0.416720	0.288716
8	tsk_8	(x)	1	:	0.000000	0.000000	0.230568	0.000000	0.369387	0.400045
9	tsk_9	(x)	1	:	0.000000	0.271661	0.000001	0.498425	0.229912	0.000001
10	tsk_10	(x)	1	:	0.000000	0.000000	0.082409	0.000000	0.470103	0.447487
11	tsk_11	(x)	1	:	0.000000	0.000000	0.494587	0.000000	0.311869	0.193544
12	tsk_12	(x)	1	:	0.000000	0.000000	0.177626	0.000000	0.545054	0.277321
13	tsk_13	(x)	1	:	0.000000	0.502850	0.000012	0.497112	0.000013	0.000012
14	tsk_14	(x)	1	:	0.000000	0.000000	0.375821	0.000000	0.531692	0.092487
15	tsk_15	(x)	1	:	0.000000	0.000000	0.268509	0.000000	0.170619	0.560872
16	tsk_16	(x)	1	:	0.000000	0.000000	0.374779	0.000000	0.540338	0.084883
17	tsk_17	(x)	1	:	0.000000	0.000000	0.295508	0.000000	0.416479	0.288013
18	tsk_18	(x)	1	:	0.000000	0.000000	0.335751	0.000000	0.453311	0.210937
19	tsk_19	(x)	1	:	0.000000	0.000000	0.500684	0.000000	0.141052	0.358264
20	tsk_20	(x)	1	:	0.000000	0.000000	0.093329	0.000000	0.643785	0.262885
21	tsk_21	(x)	1	:	0.000000	0.000000	0.791975	0.000000	0.208025	0.000000
22	tsk_22	(x)	1	:	0.977578	0.000881	0.009146	0.000000	0.000490	0.011906
23	tsk_23	(x)	1	:	0.973087	0.000707	0.011670	0.000000	0.000000	0.014536
24	tsk_24	(x)	1	:	0.000000	0.000000	0.291371	0.000000	0.525720	0.182909
25	tsk_25	(x)	1	:	0.000000	0.000000	0.775467	0.000000	0.138978	0.085555
26	tsk_26	(x)	1	:	0.000000	0.000000	0.286352	0.000000	0.430391	0.283257
27	tsk_27	(x)	1	:	0.000000	0.000000	0.288322	0.000000	0.430863	0.280815
28	tsk_28	(x)	1	:	0.000000	0.000000	0.310402	0.000000	0.689598	0.000000
29	tsk_29	(x)	1	:	0.000000	0.502852	0.000012	0.497112	0.000012	0.000012
