logL = -46.022108 (converged)
AIC = 272.044215
BIC = 398.151980

count.K
18 9 3 

