logL = -70.503736 (converged)
AIC = 393.007471
BIC = 569.558341

count.K
10 8 2 10 

