logL = -21.614736 (converged)
AIC = 119.229473
BIC = 172.474973

count.K
25 5 

