logL = -81.706312 (converged)
AIC = 493.412623
BIC = 724.610191

count.K
9 7 2 10 2 

