logL = -27.686093 (converged)
AIC = 427.372186
BIC = 687.994899

count.K
7 2 8 8 2 3 

