logL = -45.355690 (converged)
AIC = 170.711379
BIC = 226.759275

count.K
22 8 

