logL = -20.841012 (converged)
AIC = 331.682024
BIC = 534.855644

count.K
2 1 1 21 5 

