logL = -147.031401 (converged)
AIC = 414.062801
BIC = 498.134644

count.K
19 11 

