0	tsk_0	(x)	1	:	0.655875	0.245882	0.000000	0.098242	0.000000
1	tsk_1	(x)	1	:	1.000000	0.000000	0.000000	0.000000	0.000000
2	tsk_2	(x)	1	:	1.000000	0.000000	0.000000	0.000000	0.000000
3	tsk_3	(x)	1	:	0.999814	0.000123	0.000000	0.000063	0.000000
4	tsk_4	(x)	1	:	0.000000	0.388782	0.000000	0.611218	0.000000
5	tsk_5	(x)	1	:	1.000000	0.000000	0.000000	0.000000	0.000000
6	tsk_6	(x)	1	:	1.000000	0.000000	0.000000	0.000000	0.000000
7	tsk_7	(x)	1	:	1.000000	0.000000	0.000000	0.000000	0.000000
8	tsk_8	(x)	1	:	0.000000	0.015240	0.000000	0.048297	0.936462
9	tsk_9	(x)	1	:	0.655875	0.263477	0.000000	0.080647	0.000000
10	tsk_10	(x)	1	:	0.000000	0.552774	0.000000	0.447226	0.000000
11	tsk_11	(x)	1	:	0.000000	1.000000	0.000000	0.000000	0.000000
12	tsk_12	(x)	1	:	0.000000	1.000000	0.000000	0.000000	0.000000
13	tsk_13	(x)	1	:	0.000000	0.205952	0.499751	0.294297	0.000000
14	tsk_14	(x)	1	:	0.000000	0.089587	0.499751	0.410662	0.000000
15	tsk_15	(x)	1	:	0.000000	0.653780	0.000000	0.346220	0.000000
16	tsk_16	(x)	1	:	0.000000	0.298365	0.000000	0.701635	0.000000
17	tsk_17	(x)	1	:	0.000000	0.285727	0.499751	0.214522	0.000000
18	tsk_18	(x)	1	:	0.000000	0.554341	0.000000	0.445659	0.000000
19	tsk_19	(x)	1	:	0.000000	0.241690	0.000000	0.758310	0.000000
20	tsk_20	(x)	1	:	0.000000	0.017805	0.000000	0.045888	0.936308
21	tsk_21	(x)	1	:	0.000000	0.296267	0.000000	0.703733	0.000000
22	tsk_22	(x)	1	:	0.000000	0.044226	0.000000	0.000000	0.955774
23	tsk_23	(x)	1	:	0.000000	0.555255	0.000000	0.444745	0.000000
24	tsk_24	(x)	1	:	0.000000	0.455502	0.000000	0.544498	0.000000
25	tsk_25	(x)	1	:	0.000000	0.036317	0.000000	0.026440	0.937243
26	tsk_26	(x)	1	:	0.000000	0.383600	0.000000	0.616400	0.000000
27	tsk_27	(x)	1	:	0.000000	0.653975	0.000000	0.346024	0.000000
28	tsk_28	(x)	1	:	0.000000	0.655673	0.000000	0.344327	0.000000
29	tsk_29	(x)	1	:	0.000000	0.388229	0.000000	0.611771	0.000000
