0	tsk_0	(x)	1	:	0.404315	0.000000	0.170618	0.425067	0.000000
1	tsk_1	(x)	1	:	0.000000	0.000000	1.000000	0.000000	0.000000
2	tsk_2	(x)	1	:	0.675834	0.000000	0.000000	0.324166	0.000000
3	tsk_3	(x)	1	:	0.000000	0.000000	0.635218	0.364782	0.000000
4	tsk_4	(x)	1	:	0.358661	0.000000	0.453283	0.188057	0.000000
5	tsk_5	(x)	1	:	0.000000	0.000000	0.752644	0.247356	0.000000
6	tsk_6	(x)	1	:	0.000000	0.000000	0.255678	0.744322	0.000000
7	tsk_7	(x)	1	:	0.000000	0.000000	0.423439	0.576561	0.000000
8	tsk_8	(x)	1	:	0.655160	0.000000	0.000000	0.344840	0.000000
9	tsk_9	(x)	1	:	0.344425	0.000000	0.291834	0.363741	0.000000
10	tsk_10	(x)	1	:	0.731443	0.000000	0.268557	0.000000	0.000000
11	tsk_11	(x)	1	:	0.347428	0.000000	0.281541	0.371031	0.000000
12	tsk_12	(x)	1	:	0.335578	0.000000	0.664422	0.000000	0.000000
13	tsk_13	(x)	1	:	0.200342	0.000000	0.168852	0.630806	0.000000
14	tsk_14	(x)	1	:	0.000000	0.000000	0.000000	1.000000	0.000000
15	tsk_15	(x)	1	:	0.007491	0.000000	0.013177	0.006954	0.972377
16	tsk_16	(x)	1	:	1.000000	0.000000	0.000000	0.000000	0.000000
17	tsk_17	(x)	1	:	0.000000	0.000000	0.634735	0.365265	0.000000
18	tsk_18	(x)	1	:	0.369335	0.000000	0.630665	0.000000	0.000000
19	tsk_19	(x)	1	:	1.000000	0.000000	0.000000	0.000000	0.000000
20	tsk_20	(x)	1	:	0.042267	0.474623	0.483109	0.000000	0.000000
21	tsk_21	(x)	1	:	0.002572	0.991737	0.005684	0.000000	0.000007
22	tsk_22	(x)	1	:	0.195224	0.545233	0.109797	0.149746	0.000000
23	tsk_23	(x)	1	:	0.000000	0.545360	0.294043	0.160597	0.000000
24	tsk_24	(x)	1	:	0.379581	0.000000	0.000000	0.620419	0.000000
25	tsk_25	(x)	1	:	0.007321	0.982567	0.000000	0.010101	0.000011
26	tsk_26	(x)	1	:	0.341549	0.545397	0.000000	0.113054	0.000000
27	tsk_27	(x)	1	:	0.485653	0.000000	0.000000	0.514347	0.000000
28	tsk_28	(x)	1	:	0.000000	0.000000	1.000000	0.000000	0.000000
29	tsk_29	(x)	1	:	0.345822	0.000000	0.286205	0.367973	0.000000
