logL = -38.431720 (converged)
AIC = 296.863441
BIC = 450.995153

count.K
13 7 7 3 

