logL = -40.202946 (converged)
AIC = 430.405892
BIC = 675.615434

count.K
16 2 8 4 0 

