0	tsk_0	(x)	1	:	0.000000	0.000000	0.000000	0.554993	0.000000	0.445007
1	tsk_1	(x)	1	:	0.000000	0.000000	0.000000	0.422208	0.000000	0.577792
2	tsk_2	(x)	1	:	0.000000	0.753545	0.000000	0.168498	0.000000	0.077957
3	tsk_3	(x)	1	:	0.000000	0.000000	0.000000	0.867664	0.000000	0.132336
4	tsk_4	(x)	1	:	0.000000	0.000000	0.000000	0.300434	0.000000	0.699566
5	tsk_5	(x)	1	:	0.000000	0.000000	0.000000	0.544540	0.000000	0.455460
6	tsk_6	(x)	1	:	0.000000	0.000000	0.000000	0.560752	0.000000	0.439248
7	tsk_7	(x)	1	:	0.000000	0.000000	0.000000	0.474942	0.000000	0.525058
8	tsk_8	(x)	1	:	0.000000	0.753880	0.000000	0.144562	0.000000	0.101559
9	tsk_9	(x)	1	:	0.000000	0.752501	0.000000	0.159822	0.000000	0.087677
10	tsk_10	(x)	1	:	0.904073	0.000000	0.095927	0.000000	0.000000	0.000000
11	tsk_11	(x)	1	:	0.000000	0.000000	1.000000	0.000000	0.000000	0.000000
12	tsk_12	(x)	1	:	0.932364	0.000000	0.067636	0.000000	0.000000	0.000000
13	tsk_13	(x)	1	:	0.000000	0.000000	1.000000	0.000000	0.000000	0.000000
14	tsk_14	(x)	1	:	0.000000	0.000000	1.000000	0.000000	0.000000	0.000000
15	tsk_15	(x)	1	:	0.934167	0.000000	0.065833	0.000000	0.000000	0.000000
16	tsk_16	(x)	1	:	0.000000	0.000000	1.000000	0.000000	0.000000	0.000000
17	tsk_17	(x)	1	:	0.000000	0.000000	1.000000	0.000000	0.000000	0.000000
18	tsk_18	(x)	1	:	0.000000	0.000000	0.499566	0.121395	0.242960	0.136079
19	tsk_19	(x)	1	:	0.000000	0.000000	1.000000	0.000000	0.000000	0.000000
20	tsk_20	(x)	1	:	0.000000	0.000000	0.499773	0.373318	0.126909	0.000000
21	tsk_21	(x)	1	:	0.000000	0.000000	0.000000	0.461775	0.000000	0.538225
22	tsk_22	(x)	1	:	0.000000	0.000000	0.000000	0.922992	0.000000	0.077008
23	tsk_23	(x)	1	:	0.000000	0.000000	0.000000	0.068722	0.000000	0.931278
24	tsk_24	(x)	1	:	0.000000	0.000000	0.000000	0.479248	0.000000	0.520752
25	tsk_25	(x)	1	:	0.000000	0.000000	0.000000	0.622974	0.000000	0.377026
26	tsk_26	(x)	1	:	0.000000	0.000000	0.000000	0.568333	0.000000	0.431667
27	tsk_27	(x)	1	:	0.000000	0.000000	0.499654	0.245845	0.192306	0.062195
28	tsk_28	(x)	1	:	0.000000	0.000000	0.000000	0.457668	0.000000	0.542332
29	tsk_29	(x)	1	:	0.000000	0.000000	0.000000	0.750735	0.000000	0.249265
