logL = -50.858818 (converged)
AIC = 251.717637
BIC = 356.807440

count.K
9 2 19 

