0	tsk_0	(x)	1	:	0.495802	0.000055	0.020266	0.460748	0.023129	0.000000
1	tsk_1	(x)	1	:	0.000000	0.000000	0.000000	0.460638	0.000392	0.538970
2	tsk_2	(x)	1	:	0.495706	0.000031	0.035136	0.460654	0.008473	0.000000
3	tsk_3	(x)	1	:	0.999958	0.000000	0.000034	0.000000	0.000009	0.000000
4	tsk_4	(x)	1	:	0.495759	0.000048	0.027319	0.460706	0.016168	0.000000
5	tsk_5	(x)	1	:	0.000073	0.000000	0.000000	0.000000	0.415001	0.584926
6	tsk_6	(x)	1	:	0.000000	0.000001	0.000073	0.999772	0.000154	0.000000
7	tsk_7	(x)	1	:	0.499948	0.000000	0.391646	0.000000	0.108407	0.000000
8	tsk_8	(x)	1	:	0.495763	0.000000	0.023818	0.460710	0.019709	0.000000
9	tsk_9	(x)	1	:	0.999949	0.000000	0.000032	0.000000	0.000019	0.000000
10	tsk_10	(x)	1	:	0.000019	0.000000	0.777984	0.000000	0.221997	0.000000
11	tsk_11	(x)	1	:	0.000000	0.000000	0.835131	0.000000	0.164869	0.000000
12	tsk_12	(x)	1	:	0.499967	0.000000	0.446941	0.000000	0.053092	0.000000
13	tsk_13	(x)	1	:	0.000004	0.000000	0.765358	0.000000	0.234638	0.000000
14	tsk_14	(x)	1	:	0.000000	0.000000	0.671858	0.000000	0.328142	0.000000
15	tsk_15	(x)	1	:	0.499971	0.000012	0.133515	0.323221	0.043280	0.000000
16	tsk_16	(x)	1	:	0.499981	0.000000	0.339722	0.000000	0.160297	0.000000
17	tsk_17	(x)	1	:	0.499956	0.000000	0.475607	0.000000	0.024436	0.000000
18	tsk_18	(x)	1	:	0.000000	0.000000	0.327743	0.000000	0.672257	0.000000
19	tsk_19	(x)	1	:	0.500022	0.000000	0.402061	0.000001	0.097916	0.000000
20	tsk_20	(x)	1	:	0.000000	0.000000	0.574950	0.000000	0.425050	0.000000
21	tsk_21	(x)	1	:	0.000004	0.852257	0.081283	0.000000	0.066456	0.000000
22	tsk_22	(x)	1	:	0.000014	0.857411	0.075021	0.000001	0.067554	0.000000
23	tsk_23	(x)	1	:	0.000005	0.854628	0.049285	0.000000	0.096082	0.000000
24	tsk_24	(x)	1	:	0.000000	0.000000	0.671046	0.000000	0.328954	0.000000
25	tsk_25	(x)	1	:	0.000011	0.852512	0.085171	0.000001	0.062306	0.000000
26	tsk_26	(x)	1	:	0.499966	0.000000	0.381803	0.000000	0.118231	0.000000
27	tsk_27	(x)	1	:	0.000008	0.855384	0.120033	0.000000	0.024574	0.000000
28	tsk_28	(x)	1	:	0.000000	0.000000	0.892982	0.000000	0.107018	0.000000
29	tsk_29	(x)	1	:	0.000009	0.852705	0.073363	0.000000	0.073923	0.000000
