0	tsk_0	(x)	1	:	0.488755	0.000000	0.000000	0.326170	0.000000	0.185075
1	tsk_1	(x)	1	:	0.000000	0.000000	0.000000	0.327632	0.000000	0.672368
2	tsk_2	(x)	1	:	0.000000	0.000000	0.000000	0.329311	0.000000	0.670689
3	tsk_3	(x)	1	:	0.000000	0.000000	0.000000	0.662838	0.000000	0.337162
4	tsk_4	(x)	1	:	0.000000	0.000000	0.500002	0.163837	0.000000	0.336161
5	tsk_5	(x)	1	:	0.000000	0.000000	0.000000	0.661431	0.000000	0.338569
6	tsk_6	(x)	1	:	0.000000	0.000000	0.000000	1.000000	0.000000	0.000000
7	tsk_7	(x)	1	:	0.000000	0.000000	0.000000	0.494815	0.000000	0.505185
8	tsk_8	(x)	1	:	0.000000	0.000000	0.000000	0.394824	0.000000	0.605176
9	tsk_9	(x)	1	:	0.000000	0.000000	0.000000	0.494636	0.000000	0.505364
10	tsk_10	(x)	1	:	0.000000	0.000000	0.000000	0.745743	0.000000	0.254257
11	tsk_11	(x)	1	:	0.000000	0.000000	0.000000	0.029442	0.889804	0.080754
12	tsk_12	(x)	1	:	0.000000	0.000000	0.000000	0.042279	0.889861	0.067860
13	tsk_13	(x)	1	:	0.000000	0.000000	0.000000	0.326982	0.000000	0.673018
14	tsk_14	(x)	1	:	0.000000	0.000000	0.000000	0.054357	0.891294	0.054349
15	tsk_15	(x)	1	:	0.000000	0.000000	0.000000	0.000000	0.000000	1.000000
16	tsk_16	(x)	1	:	0.000000	0.000000	0.000000	1.000000	0.000000	0.000000
17	tsk_17	(x)	1	:	0.000000	0.000000	0.000000	0.327621	0.000000	0.672379
18	tsk_18	(x)	1	:	0.000000	0.000000	0.000000	0.195856	0.000000	0.804144
19	tsk_19	(x)	1	:	0.000000	0.000000	0.000000	0.746853	0.000000	0.253147
20	tsk_20	(x)	1	:	0.487633	0.000023	0.497808	0.006777	0.000000	0.007758
21	tsk_21	(x)	1	:	1.000000	0.000000	0.000000	0.000000	0.000000	0.000000
22	tsk_22	(x)	1	:	1.000000	0.000000	0.000000	0.000000	0.000000	0.000000
23	tsk_23	(x)	1	:	0.000000	0.999989	0.000010	0.000000	0.000000	0.000000
24	tsk_24	(x)	1	:	0.439049	0.560951	0.000000	0.000000	0.000000	0.000000
25	tsk_25	(x)	1	:	1.000000	0.000000	0.000000	0.000000	0.000000	0.000000
26	tsk_26	(x)	1	:	1.000000	0.000000	0.000000	0.000000	0.000000	0.000000
27	tsk_27	(x)	1	:	0.000000	0.585006	0.414993	0.000000	0.000000	0.000001
28	tsk_28	(x)	1	:	1.000000	0.000000	0.000000	0.000000	0.000000	0.000000
29	tsk_29	(x)	1	:	0.000462	0.519594	0.479710	0.000125	0.000000	0.000109
