logL = -74.579995 (converged)
AIC = 417.159990
BIC = 604.920439

count.K
9 6 3 12 

