0	tsk_0	(x)	1	:	0.000000	0.191916	0.468113	0.339971
1	tsk_1	(x)	1	:	0.000000	0.138855	0.000000	0.861145
2	tsk_2	(x)	1	:	0.000000	0.303283	0.000000	0.696717
3	tsk_3	(x)	1	:	0.000000	0.591587	0.000000	0.408413
4	tsk_4	(x)	1	:	0.241838	0.397702	0.000000	0.360460
5	tsk_5	(x)	1	:	0.000000	0.586987	0.000000	0.413013
6	tsk_6	(x)	1	:	0.000000	0.180225	0.000000	0.819775
7	tsk_7	(x)	1	:	0.000000	0.000000	0.000000	1.000000
8	tsk_8	(x)	1	:	0.000000	0.303741	0.000000	0.696259
9	tsk_9	(x)	1	:	0.000000	0.746163	0.000000	0.253837
10	tsk_10	(x)	1	:	0.000000	0.404906	0.000000	0.595094
11	tsk_11	(x)	1	:	0.221264	0.306393	0.000000	0.472343
12	tsk_12	(x)	1	:	0.221264	0.227976	0.000000	0.550760
13	tsk_13	(x)	1	:	0.000000	0.416406	0.000000	0.583594
14	tsk_14	(x)	1	:	0.221264	0.077566	0.000000	0.701169
15	tsk_15	(x)	1	:	0.000000	0.413182	0.000000	0.586818
16	tsk_16	(x)	1	:	0.000000	0.321319	0.000000	0.678681
17	tsk_17	(x)	1	:	0.000000	1.000000	0.000000	0.000000
18	tsk_18	(x)	1	:	0.000000	0.257724	0.000000	0.742276
19	tsk_19	(x)	1	:	0.000000	0.321786	0.000000	0.678214
20	tsk_20	(x)	1	:	0.238480	0.119110	0.465746	0.176664
21	tsk_21	(x)	1	:	0.000000	0.000000	1.000000	0.000000
22	tsk_22	(x)	1	:	0.000000	0.000000	1.000000	0.000000
23	tsk_23	(x)	1	:	0.000000	0.000000	1.000000	0.000000
24	tsk_24	(x)	1	:	0.000000	0.000000	1.000000	0.000000
25	tsk_25	(x)	1	:	0.000000	0.000000	1.000000	0.000000
26	tsk_26	(x)	1	:	0.000000	0.000000	1.000000	0.000000
27	tsk_27	(x)	1	:	0.486745	0.000010	0.511519	0.001725
28	tsk_28	(x)	1	:	0.000000	0.000000	1.000000	0.000000
29	tsk_29	(x)	1	:	0.332065	0.117624	0.548916	0.001394
