logL = -35.370804 (converged)
AIC = 466.741608
BIC = 744.178690

count.K
2 4 4 19 1 0 

