logL = -38.506499 (converged)
AIC = 161.012999
BIC = 219.863289

count.K
7 23 

