logL = -61.293065 (converged)
AIC = 308.586130
BIC = 438.897486

count.K
6 7 17 

