logL = -38.001081 (converged)
AIC = 456.002162
BIC = 722.229665

count.K
2 1 2 17 8 

