logL = -73.547369 (converged)
AIC = 303.094737
BIC = 412.388133

count.K
10 7 13 

