logL = -20.794629 (converged)
AIC = 377.589257
BIC = 612.990417

count.K
1 8 10 3 1 7 

