logL = -90.826233 (converged)
AIC = 425.652466
BIC = 596.598547

count.K
14 1 7 8 

