logL = -80.293041 (converged)
AIC = 420.586081
BIC = 602.741741

count.K
1 16 9 4 

