0	tsk_0	(x)	1	:	0.000000	1.000000	0.000000	0.000000
1	tsk_1	(x)	1	:	0.000000	1.000000	0.000000	0.000000
2	tsk_2	(x)	1	:	0.000000	1.000000	0.000000	0.000000
3	tsk_3	(x)	1	:	0.000000	1.000000	0.000000	0.000000
4	tsk_4	(x)	1	:	0.000000	1.000000	0.000000	0.000000
5	tsk_5	(x)	1	:	0.000000	0.214777	0.000000	0.785223
6	tsk_6	(x)	1	:	0.000000	0.000000	0.000000	1.000000
7	tsk_7	(x)	1	:	0.000000	0.214473	0.000000	0.785527
8	tsk_8	(x)	1	:	0.000000	0.000197	0.000000	0.999803
9	tsk_9	(x)	1	:	0.000000	0.214435	0.000000	0.785565
10	tsk_10	(x)	1	:	0.487441	0.105211	0.407348	0.000000
11	tsk_11	(x)	1	:	0.487339	0.512661	0.000000	0.000000
12	tsk_12	(x)	1	:	0.999988	0.000000	0.000000	0.000012
13	tsk_13	(x)	1	:	0.000005	0.000000	0.999995	0.000000
14	tsk_14	(x)	1	:	0.000005	0.000000	0.999995	0.000000
15	tsk_15	(x)	1	:	0.999993	0.000000	0.000000	0.000006
16	tsk_16	(x)	1	:	0.487338	0.512662	0.000000	0.000000
17	tsk_17	(x)	1	:	0.000000	0.000000	1.000000	0.000000
18	tsk_18	(x)	1	:	1.000000	0.000000	0.000000	0.000000
19	tsk_19	(x)	1	:	0.487336	0.512664	0.000000	0.000000
20	tsk_20	(x)	1	:	0.455081	0.000406	0.544512	0.000000
21	tsk_21	(x)	1	:	0.999995	0.000000	0.000000	0.000005
22	tsk_22	(x)	1	:	0.000000	0.000000	1.000000	0.000000
23	tsk_23	(x)	1	:	0.455167	0.000234	0.544598	0.000001
24	tsk_24	(x)	1	:	0.455075	0.000427	0.544498	0.000000
25	tsk_25	(x)	1	:	0.000000	0.000000	1.000000	0.000000
26	tsk_26	(x)	1	:	0.999991	0.000000	0.000000	0.000008
27	tsk_27	(x)	1	:	0.455014	0.000504	0.544482	0.000000
28	tsk_28	(x)	1	:	1.000000	0.000000	0.000000	0.000000
29	tsk_29	(x)	1	:	0.455009	0.000516	0.544475	0.000000
