logL = -113.845667 (converged)
AIC = 419.691335
BIC = 554.206284

count.K
7 16 7 

