logL = -47.188669 (converged)
AIC = 442.377339
BIC = 686.185683

count.K
3 7 3 0 14 3 

