logL = -37.355195 (converged)
AIC = 294.710390
BIC = 448.842102

count.K
4 5 6 15 

