logL = -101.352819 (converged)
AIC = 290.705637
BIC = 352.358322

count.K
19 11 

