logL = -133.400595 (converged)
AIC = 542.801189
BIC = 736.166428

count.K
12 7 5 6 

