logL = -87.029965 (converged)
AIC = 262.059929
BIC = 323.712614

count.K
20 10 

