logL = -87.211733 (converged)
AIC = 278.423466
BIC = 351.285729

count.K
21 9 

