logL = -108.727854 (converged)
AIC = 309.455709
BIC = 373.910788

count.K
14 16 

