0	tsk_0	(x)	1	:	0.000000	0.380537	0.000222	0.499506	0.119735	0.000000
1	tsk_1	(x)	1	:	0.000000	0.383859	0.000000	0.000000	0.104891	0.511250
2	tsk_2	(x)	1	:	0.000000	1.000000	0.000000	0.000000	0.000000	0.000000
3	tsk_3	(x)	1	:	0.000000	0.000000	0.000000	1.000000	0.000000	0.000000
4	tsk_4	(x)	1	:	0.502130	0.384959	0.000005	0.000000	0.112906	0.000000
5	tsk_5	(x)	1	:	0.000000	0.000000	0.000000	0.000000	0.490673	0.509327
6	tsk_6	(x)	1	:	0.000000	0.552872	0.000000	0.000000	0.000076	0.447051
7	tsk_7	(x)	1	:	0.000000	0.000000	0.000277	0.499862	0.499862	0.000000
8	tsk_8	(x)	1	:	0.000000	1.000000	0.000000	0.000000	0.000000	0.000000
9	tsk_9	(x)	1	:	0.000000	0.999999	0.000000	0.000000	0.000001	0.000000
10	tsk_10	(x)	1	:	0.000000	0.000000	1.000000	0.000000	0.000000	0.000000
11	tsk_11	(x)	1	:	0.000000	0.000000	0.603041	0.000000	0.396959	0.000000
12	tsk_12	(x)	1	:	0.499997	0.000000	0.000006	0.000000	0.499997	0.000000
13	tsk_13	(x)	1	:	1.000000	0.000000	0.000000	0.000000	0.000000	0.000000
14	tsk_14	(x)	1	:	1.000000	0.000000	0.000000	0.000000	0.000000	0.000000
15	tsk_15	(x)	1	:	0.650728	0.000000	0.349257	0.000000	0.000015	0.000000
16	tsk_16	(x)	1	:	0.650726	0.000000	0.349271	0.000000	0.000003	0.000000
17	tsk_17	(x)	1	:	0.000000	0.000000	0.603041	0.000000	0.396959	0.000000
18	tsk_18	(x)	1	:	0.650728	0.000000	0.349252	0.000000	0.000020	0.000000
19	tsk_19	(x)	1	:	0.000000	0.000000	0.603041	0.000000	0.396959	0.000000
20	tsk_20	(x)	1	:	0.499996	0.000000	0.000008	0.000000	0.499996	0.000000
21	tsk_21	(x)	1	:	0.448015	0.551939	0.000000	0.000012	0.000033	0.000000
22	tsk_22	(x)	1	:	1.000000	0.000000	0.000000	0.000000	0.000000	0.000000
23	tsk_23	(x)	1	:	1.000000	0.000000	0.000000	0.000000	0.000000	0.000000
24	tsk_24	(x)	1	:	0.000000	0.000000	0.000000	0.000000	0.000000	1.000000
25	tsk_25	(x)	1	:	0.499997	0.000000	0.000006	0.000000	0.499997	0.000000
26	tsk_26	(x)	1	:	0.000000	0.000000	0.000000	0.000000	1.000000	0.000000
27	tsk_27	(x)	1	:	0.427396	0.000000	0.000000	0.000000	0.000000	0.572604
28	tsk_28	(x)	1	:	0.000000	0.000000	0.000000	0.000000	0.484445	0.515555
29	tsk_29	(x)	1	:	0.448019	0.551944	0.000000	0.000012	0.000024	0.000000
