logL = -21.728215 (converged)
AIC = 391.456431
BIC = 635.264775

count.K
5 3 4 3 11 4 

