logL = -95.514817 (converged)
AIC = 491.029635
BIC = 701.209242

count.K
6 13 9 2 

