logL = -328.000107 (converged)
AIC = 914.000214
BIC = 1094.754676

count.K
7 5 18 

