logL = -57.620640 (converged)
AIC = 487.241280
BIC = 747.863993

count.K
8 0 8 8 2 4 

