logL = -13.620453 (converged)
AIC = 387.240907
BIC = 639.456436

count.K
2 10 5 2 3 8 

