logL = -164.518364 (converged)
AIC = 515.036728
BIC = 645.348084

count.K
6 15 9 

