logL = -51.294068 (converged)
AIC = 558.588136
BIC = 878.061139

count.K
2 3 1 9 3 12 

