logL = -45.748422 (converged)
AIC = 475.496843
BIC = 744.526741

count.K
10 0 2 2 6 10 

