logL = -181.156580 (converged)
AIC = 466.313161
BIC = 539.175424

count.K
10 20 

