logL = -36.043935 (converged)
AIC = 308.087869
BIC = 473.429160

count.K
16 7 5 2 

