logL = -80.367800 (converged)
AIC = 480.735599
BIC = 704.927181

count.K
2 13 4 4 7 

