logL = -139.287956 (converged)
AIC = 710.575913
BIC = 1013.234547

count.K
2 1 1 18 4 4 

