logL = -41.838321 (converged)
AIC = 311.676643
BIC = 471.413144

count.K
1 4 4 21 

