logL = -31.884802 (converged)
AIC = 447.769604
BIC = 716.799501

count.K
6 1 6 16 0 1 

