logL = -80.509975 (converged)
AIC = 249.019950
BIC = 310.672635

count.K
12 18 

