logL = -53.739973 (converged)
AIC = 183.479947
BIC = 236.725447

count.K
8 22 

