0	tsk_0	(x)	1	:	0.000000	0.000000	0.644919	0.000000	0.000000	0.355081
1	tsk_1	(x)	1	:	0.000000	0.000000	0.568801	0.000000	0.000000	0.431199
2	tsk_2	(x)	1	:	0.102814	0.050884	0.000000	0.000000	0.836924	0.009379
3	tsk_3	(x)	1	:	0.000000	0.000000	0.539487	0.000000	0.000000	0.460513
4	tsk_4	(x)	1	:	0.000000	0.000000	0.572203	0.000000	0.000000	0.427797
5	tsk_5	(x)	1	:	0.000000	0.000000	1.000000	0.000000	0.000000	0.000000
6	tsk_6	(x)	1	:	0.000000	0.000000	0.732199	0.000000	0.000000	0.267801
7	tsk_7	(x)	1	:	0.000000	0.000000	0.465106	0.000000	0.000000	0.534894
8	tsk_8	(x)	1	:	0.000000	0.000000	0.363139	0.000000	0.000000	0.636861
9	tsk_9	(x)	1	:	0.000000	0.000000	0.131644	0.000000	0.000000	0.868356
10	tsk_10	(x)	1	:	0.000000	0.000000	0.006425	0.962971	0.000000	0.030604
11	tsk_11	(x)	1	:	0.000000	0.000000	0.639172	0.000000	0.000000	0.360828
12	tsk_12	(x)	1	:	0.417543	0.302154	0.122292	0.000000	0.000000	0.158011
13	tsk_13	(x)	1	:	0.000000	0.000000	0.018833	0.948100	0.000000	0.033067
14	tsk_14	(x)	1	:	0.105238	0.033370	0.020925	0.000000	0.835607	0.004859
15	tsk_15	(x)	1	:	0.000000	0.000000	0.295651	0.000000	0.000000	0.704349
16	tsk_16	(x)	1	:	0.110720	0.020279	0.021445	0.000000	0.837020	0.010537
17	tsk_17	(x)	1	:	0.421633	0.287101	0.160760	0.000000	0.000000	0.130505
18	tsk_18	(x)	1	:	0.050128	0.003765	0.004152	0.000006	0.940759	0.001189
19	tsk_19	(x)	1	:	0.000000	0.000000	0.539755	0.000000	0.000000	0.460245
20	tsk_20	(x)	1	:	1.000000	0.000000	0.000000	0.000000	0.000000	0.000000
21	tsk_21	(x)	1	:	0.420631	0.291149	0.288218	0.000000	0.000003	0.000000
22	tsk_22	(x)	1	:	0.000000	0.000000	0.463783	0.000000	0.000000	0.536217
23	tsk_23	(x)	1	:	0.370709	0.474288	0.072548	0.000000	0.000000	0.082455
24	tsk_24	(x)	1	:	0.456788	0.158434	0.240466	0.000000	0.000006	0.144305
25	tsk_25	(x)	1	:	0.395533	0.383268	0.197684	0.000000	0.000000	0.023515
26	tsk_26	(x)	1	:	0.000000	0.000000	0.465121	0.000000	0.000000	0.534879
27	tsk_27	(x)	1	:	0.000000	0.000000	0.466039	0.000000	0.000000	0.533961
28	tsk_28	(x)	1	:	0.414246	0.314780	0.270967	0.000000	0.000007	0.000000
29	tsk_29	(x)	1	:	0.377785	0.448346	0.173869	0.000000	0.000000	0.000000
