logL = -100.798940 (converged)
AIC = 681.597880
BIC = 1017.885251

count.K
7 4 1 9 6 3 

