logL = -44.124005 (converged)
AIC = 508.248010
BIC = 802.499460

count.K
8 1 4 8 8 1 

