logL = -179.094609 (converged)
AIC = 562.189217
BIC = 705.111350

count.K
7 17 6 

