logL = -92.400197 (converged)
AIC = 554.800394
BIC = 814.021910

count.K
6 8 1 1 14 

