logL = -83.491963 (converged)
AIC = 562.983926
BIC = 840.421008

count.K
11 2 1 10 3 3 

