0	tsk_0	(x)	1	:	0.000000	0.000000	0.000000	0.000000	1.000000	0.000000
1	tsk_1	(x)	1	:	0.000000	0.031228	0.968595	0.000000	0.000177	0.000000
2	tsk_2	(x)	1	:	0.000000	0.000000	0.000000	0.000000	1.000000	0.000000
3	tsk_3	(x)	1	:	0.000000	0.031448	0.968552	0.000000	0.000000	0.000000
4	tsk_4	(x)	1	:	0.000000	0.000000	0.000000	0.000000	1.000000	0.000000
5	tsk_5	(x)	1	:	0.000000	0.031143	0.968857	0.000000	0.000000	0.000000
6	tsk_6	(x)	1	:	0.000000	0.000000	0.000000	0.000000	1.000000	0.000000
7	tsk_7	(x)	1	:	0.000000	0.000000	0.000000	0.000000	1.000000	0.000000
8	tsk_8	(x)	1	:	0.000000	0.000000	0.000000	0.000000	1.000000	0.000000
9	tsk_9	(x)	1	:	0.000000	0.000000	1.000000	0.000000	0.000000	0.000000
10	tsk_10	(x)	1	:	0.239454	0.000000	0.000000	0.000000	0.000000	0.760546
11	tsk_11	(x)	1	:	0.493993	0.190460	0.014583	0.000000	0.300964	0.000000
12	tsk_12	(x)	1	:	0.198600	0.000000	0.000000	0.000000	0.000000	0.801400
13	tsk_13	(x)	1	:	0.138913	0.000000	0.022130	0.000000	0.485400	0.353556
14	tsk_14	(x)	1	:	0.000000	0.205901	0.015067	0.000000	0.285287	0.493744
15	tsk_15	(x)	1	:	0.000000	0.229740	0.000000	0.000000	0.271523	0.498737
16	tsk_16	(x)	1	:	0.148548	0.202272	0.000000	0.000000	0.298841	0.350340
17	tsk_17	(x)	1	:	0.000000	0.000000	0.000025	0.000000	0.000000	0.999975
18	tsk_18	(x)	1	:	0.059865	0.000000	0.000000	0.000000	0.000000	0.940135
19	tsk_19	(x)	1	:	0.054462	0.000000	0.000000	0.000000	0.000000	0.945538
20	tsk_20	(x)	1	:	0.000000	0.000000	0.000000	0.000000	1.000000	0.000000
21	tsk_21	(x)	1	:	0.187586	0.000000	0.021366	0.000000	0.485905	0.305143
22	tsk_22	(x)	1	:	0.000000	0.121329	0.000000	0.000000	0.379339	0.499333
23	tsk_23	(x)	1	:	0.057388	0.000000	0.000000	0.000000	0.000000	0.942612
24	tsk_24	(x)	1	:	0.491318	0.491034	0.017648	0.000000	0.000000	0.000000
25	tsk_25	(x)	1	:	0.000000	0.000000	0.000000	0.000000	1.000000	0.000000
26	tsk_26	(x)	1	:	0.000000	0.000000	0.000000	0.999821	0.000179	0.000000
27	tsk_27	(x)	1	:	0.115926	0.000000	0.021604	0.000000	0.485748	0.376722
28	tsk_28	(x)	1	:	0.000000	0.000000	0.000000	0.000000	1.000000	0.000000
29	tsk_29	(x)	1	:	0.186201	0.142664	0.017985	0.000000	0.346253	0.306898
