logL = -41.904755 (converged)
AIC = 159.809511
BIC = 213.055011

count.K
5 25 

