logL = -117.024752 (converged)
AIC = 664.049504
BIC = 965.306941

count.K
2 3 12 6 7 

