logL = -20.796420 (converged)
AIC = 321.592839
BIC = 517.760473

count.K
3 2 9 1 15 

