logL = -63.312675 (converged)
AIC = 436.625350
BIC = 653.810944

count.K
0 7 10 6 7 

