logL = -198.243520 (converged)
AIC = 936.487040
BIC = 1314.810333

count.K
0 2 16 4 0 8 

