0	tsk_0	(x)	1	:	0.163535	0.000000	0.000000	0.000000	0.000000	0.836465
1	tsk_1	(x)	1	:	0.112265	0.500000	0.000000	0.000000	0.000000	0.387735
2	tsk_2	(x)	1	:	0.296320	0.009189	0.000349	0.498343	0.000000	0.195799
3	tsk_3	(x)	1	:	0.544120	0.000000	0.000000	0.000000	0.000000	0.455880
4	tsk_4	(x)	1	:	0.017142	0.000000	0.000000	0.000000	0.000000	0.982858
5	tsk_5	(x)	1	:	0.087194	0.000000	0.000000	0.000000	0.000000	0.912806
6	tsk_6	(x)	1	:	0.037076	0.000000	0.000000	0.000000	0.000000	0.962924
7	tsk_7	(x)	1	:	0.127051	0.000000	0.000000	0.000000	0.000000	0.872949
8	tsk_8	(x)	1	:	0.003816	0.000000	0.000001	0.000000	0.988495	0.007688
9	tsk_9	(x)	1	:	0.006484	0.343533	0.635979	0.000000	0.000000	0.014004
10	tsk_10	(x)	1	:	0.240584	0.000000	0.000000	0.000000	0.000000	0.759416
11	tsk_11	(x)	1	:	0.401174	0.000000	0.000000	0.000000	0.000000	0.598826
12	tsk_12	(x)	1	:	0.207238	0.000000	0.000000	0.000000	0.000000	0.792762
13	tsk_13	(x)	1	:	0.450112	0.000000	0.000000	0.000000	0.000000	0.549888
14	tsk_14	(x)	1	:	0.001984	0.000000	0.000001	0.000000	0.991013	0.007002
15	tsk_15	(x)	1	:	1.000000	0.000000	0.000000	0.000000	0.000000	0.000000
16	tsk_16	(x)	1	:	0.284198	0.000000	0.000000	0.000000	0.000000	0.715802
17	tsk_17	(x)	1	:	0.164583	0.000000	0.000000	0.000000	0.000000	0.835416
18	tsk_18	(x)	1	:	0.002668	0.000000	0.000000	0.000000	0.987326	0.010006
19	tsk_19	(x)	1	:	0.335705	0.000000	0.000000	0.000000	0.000000	0.664295
20	tsk_20	(x)	1	:	0.000000	0.999997	0.000002	0.000000	0.000001	0.000000
21	tsk_21	(x)	1	:	0.000000	0.500000	0.000000	0.500000	0.000000	0.000000
22	tsk_22	(x)	1	:	0.000000	0.000000	0.000000	1.000000	0.000000	0.000000
23	tsk_23	(x)	1	:	0.000000	0.999998	0.000001	0.000000	0.000001	0.000000
24	tsk_24	(x)	1	:	0.000000	0.500000	0.000000	0.500000	0.000000	0.000000
25	tsk_25	(x)	1	:	0.000000	0.000000	0.000000	1.000000	0.000000	0.000000
26	tsk_26	(x)	1	:	0.000000	0.000000	0.000000	1.000000	0.000000	0.000000
27	tsk_27	(x)	1	:	0.000000	0.000000	0.000000	1.000000	0.000000	0.000000
28	tsk_28	(x)	1	:	0.000000	0.000000	0.000000	1.000000	0.000000	0.000000
29	tsk_29	(x)	1	:	0.000000	0.000000	0.000000	1.000000	0.000000	0.000000
