logL = -36.462429 (converged)
AIC = 222.924859
BIC = 328.014662

count.K
8 0 22 

