logL = -99.684648 (converged)
AIC = 367.369296
BIC = 485.069876

count.K
20 3 7 

