logL = -31.611935 (converged)
AIC = 435.223870
BIC = 695.846583

count.K
6 5 5 3 1 10 

