logL = -52.436529 (converged)
AIC = 204.873058
BIC = 274.932927

count.K
9 21 

