logL = -17.528155 (converged)
AIC = 335.056310
BIC = 545.235917

count.K
5 2 0 1 22 

