logL = -184.020707 (converged)
AIC = 652.041413
BIC = 851.011441

count.K
5 12 7 6 

