0	tsk_0	(x)	1	:	0.000000	0.729920	0.270080
1	tsk_1	(x)	1	:	0.574507	0.425493	0.000000
2	tsk_2	(x)	1	:	0.574507	0.425492	0.000000
3	tsk_3	(x)	1	:	0.000000	0.483199	0.516801
4	tsk_4	(x)	1	:	0.000000	0.486602	0.513398
5	tsk_5	(x)	1	:	0.366938	0.000000	0.633062
6	tsk_6	(x)	1	:	0.000000	1.000000	0.000000
7	tsk_7	(x)	1	:	0.000000	0.246117	0.753883
8	tsk_8	(x)	1	:	0.000000	0.389745	0.610255
9	tsk_9	(x)	1	:	0.366938	0.406462	0.226600
10	tsk_10	(x)	1	:	0.000000	0.000000	1.000000
11	tsk_11	(x)	1	:	0.000000	0.645846	0.354154
12	tsk_12	(x)	1	:	0.607032	0.000000	0.392968
13	tsk_13	(x)	1	:	0.000000	0.320485	0.679515
14	tsk_14	(x)	1	:	0.000000	0.243866	0.756134
15	tsk_15	(x)	1	:	0.607032	0.061812	0.331156
16	tsk_16	(x)	1	:	0.000000	0.645179	0.354821
17	tsk_17	(x)	1	:	0.000000	0.246117	0.753883
18	tsk_18	(x)	1	:	0.000000	0.484656	0.515344
19	tsk_19	(x)	1	:	0.607031	0.037256	0.355713
20	tsk_20	(x)	1	:	0.999493	0.000498	0.000010
21	tsk_21	(x)	1	:	0.607032	0.091025	0.301944
22	tsk_22	(x)	1	:	0.607031	0.026554	0.366415
23	tsk_23	(x)	1	:	0.366938	0.352389	0.280673
24	tsk_24	(x)	1	:	0.366938	0.390496	0.242566
25	tsk_25	(x)	1	:	1.000000	0.000000	0.000000
26	tsk_26	(x)	1	:	0.366938	0.455966	0.177096
27	tsk_27	(x)	1	:	0.000000	0.486602	0.513398
28	tsk_28	(x)	1	:	1.000000	0.000000	0.000000
29	tsk_29	(x)	1	:	0.000000	0.645846	0.354154
