logL = -41.589576 (converged)
AIC = 515.179152
BIC = 817.837786

count.K
5 0 13 3 0 9 

