logL = -30.113513 (converged)
AIC = 216.227025
BIC = 325.520421

count.K
18 7 5 

