logL = -44.177929 (converged)
AIC = 472.355859
BIC = 741.385756

count.K
2 7 1 4 14 2 

