logL = -28.010966 (converged)
AIC = 356.021932
BIC = 566.201539

count.K
15 2 2 9 2 

