logL = -82.352642 (converged)
AIC = 338.705285
BIC = 460.609457

count.K
20 5 5 

