logL = -20.065347 (converged)
AIC = 184.130693
BIC = 285.016905

count.K
1 9 20 

