0	tsk_0	(x)	1	:	0.000000	0.451975	0.000000	0.053128	0.321821	0.173077
1	tsk_1	(x)	1	:	0.000000	1.000000	0.000000	0.000000	0.000000	0.000000
2	tsk_2	(x)	1	:	0.000000	1.000000	0.000000	0.000000	0.000000	0.000000
3	tsk_3	(x)	1	:	0.000000	0.450051	0.000000	0.055250	0.069946	0.424753
4	tsk_4	(x)	1	:	0.000000	0.000000	0.000000	0.000000	0.692041	0.307959
5	tsk_5	(x)	1	:	0.000000	1.000000	0.000000	0.000000	0.000000	0.000000
6	tsk_6	(x)	1	:	0.000000	0.447326	0.000000	0.058255	0.328391	0.166028
7	tsk_7	(x)	1	:	0.000000	0.000003	0.000000	0.539468	0.136391	0.324137
8	tsk_8	(x)	1	:	0.000000	1.000000	0.000000	0.000000	0.000000	0.000000
9	tsk_9	(x)	1	:	0.000000	0.000000	0.000000	1.000000	0.000000	0.000000
10	tsk_10	(x)	1	:	0.000000	0.000000	0.000000	0.000000	0.623110	0.376890
11	tsk_11	(x)	1	:	0.000000	0.000000	0.502422	0.000000	0.264313	0.233265
12	tsk_12	(x)	1	:	0.000000	0.000000	0.000000	0.000000	0.743544	0.256456
13	tsk_13	(x)	1	:	0.000000	0.000000	0.000000	0.000000	0.455013	0.544987
14	tsk_14	(x)	1	:	0.000000	0.000000	0.000000	0.000000	0.872616	0.127384
15	tsk_15	(x)	1	:	0.000000	0.000000	0.000000	0.000000	0.370832	0.629168
16	tsk_16	(x)	1	:	0.000000	0.000000	0.000000	0.000000	0.876354	0.123646
17	tsk_17	(x)	1	:	0.000000	0.000000	0.502427	0.000000	0.271719	0.225853
18	tsk_18	(x)	1	:	0.000000	0.500000	0.000000	0.000000	0.269925	0.230075
19	tsk_19	(x)	1	:	0.000000	0.000000	0.000000	0.000000	0.432689	0.567311
20	tsk_20	(x)	1	:	0.999060	0.000940	0.000000	0.000000	0.000000	0.000000
21	tsk_21	(x)	1	:	0.000000	0.445352	0.000000	0.060431	0.494217	0.000000
22	tsk_22	(x)	1	:	0.731479	0.268521	0.000000	0.000000	0.000000	0.000000
23	tsk_23	(x)	1	:	0.999404	0.000596	0.000000	0.000000	0.000000	0.000000
24	tsk_24	(x)	1	:	0.000000	0.500000	0.000000	0.000000	0.292985	0.207015
25	tsk_25	(x)	1	:	0.000000	1.000000	0.000000	0.000000	0.000000	0.000000
26	tsk_26	(x)	1	:	0.000000	0.446753	0.000000	0.058886	0.147840	0.346520
27	tsk_27	(x)	1	:	0.998946	0.001054	0.000000	0.000000	0.000000	0.000000
28	tsk_28	(x)	1	:	0.000000	1.000000	0.000000	0.000000	0.000000	0.000000
29	tsk_29	(x)	1	:	0.000000	1.000000	0.000000	0.000000	0.000000	0.000000
