0	tsk_0	(x)	1	:	0.004912	0.494056	0.492849	0.008182	0.000000
1	tsk_1	(x)	1	:	0.001739	0.493898	0.492820	0.011543	0.000000
2	tsk_2	(x)	1	:	0.007751	0.494171	0.492871	0.005207	0.000000
3	tsk_3	(x)	1	:	0.000000	0.000000	1.000000	0.000000	0.000000
4	tsk_4	(x)	1	:	0.012745	0.494351	0.492905	0.000000	0.000000
5	tsk_5	(x)	1	:	0.002981	0.493999	0.492839	0.010181	0.000000
6	tsk_6	(x)	1	:	0.004547	0.494122	0.492862	0.008469	0.000000
7	tsk_7	(x)	1	:	0.000000	1.000000	0.000000	0.000000	0.000000
8	tsk_8	(x)	1	:	0.000000	0.491233	0.000000	0.000000	0.508767
9	tsk_9	(x)	1	:	0.005328	0.494121	0.492862	0.007689	0.000000
10	tsk_10	(x)	1	:	0.000000	0.000000	0.000000	0.000000	1.000000
11	tsk_11	(x)	1	:	0.000000	0.000000	0.000004	0.000000	0.999996
12	tsk_12	(x)	1	:	0.000000	0.000000	0.500487	0.000000	0.499513
13	tsk_13	(x)	1	:	0.000000	0.000000	0.000000	0.000000	1.000000
14	tsk_14	(x)	1	:	0.000000	0.000000	0.500487	0.000000	0.499513
15	tsk_15	(x)	1	:	0.000000	0.000000	1.000000	0.000000	0.000000
16	tsk_16	(x)	1	:	0.239649	0.000026	0.493796	0.266529	0.000000
17	tsk_17	(x)	1	:	0.000000	0.000000	1.000000	0.000000	0.000000
18	tsk_18	(x)	1	:	0.000000	0.000000	1.000000	0.000000	0.000000
19	tsk_19	(x)	1	:	0.000000	0.000000	0.580492	0.000000	0.419508
20	tsk_20	(x)	1	:	0.347336	0.000041	0.493797	0.158826	0.000000
21	tsk_21	(x)	1	:	0.000000	0.000000	1.000000	0.000000	0.000000
22	tsk_22	(x)	1	:	0.152818	0.000000	0.000000	0.847182	0.000000
23	tsk_23	(x)	1	:	0.262802	0.000030	0.493796	0.243372	0.000000
24	tsk_24	(x)	1	:	0.670778	0.000000	0.000000	0.329222	0.000000
25	tsk_25	(x)	1	:	0.349833	0.000040	0.493797	0.156330	0.000000
26	tsk_26	(x)	1	:	0.145276	0.000012	0.493794	0.360918	0.000000
27	tsk_27	(x)	1	:	0.565494	0.000000	0.000000	0.434506	0.000000
28	tsk_28	(x)	1	:	0.349389	0.000037	0.493797	0.156777	0.000000
29	tsk_29	(x)	1	:	0.473578	0.000000	0.000000	0.526422	0.000000
