logL = -63.307307 (converged)
AIC = 276.614614
BIC = 381.704417

count.K
11 6 13 

