logL = -32.132509 (converged)
AIC = 144.265017
BIC = 200.312912

count.K
9 21 

