logL = -22.047763 (converged)
AIC = 380.095525
BIC = 615.496686

count.K
5 14 7 1 1 2 

