logL = -67.189562 (converged)
AIC = 494.379125
BIC = 746.594653

count.K
4 2 8 6 5 5 

