logL = -162.749556 (converged)
AIC = 445.499112
BIC = 529.570955

count.K
9 21 

