logL = -42.407137 (converged)
AIC = 364.814275
BIC = 560.981908

count.K
3 9 1 5 12 

