logL = -70.578688 (converged)
AIC = 241.157375
BIC = 311.217244

count.K
21 9 

