0	tsk_0	(x)	1	:	0.429996	0.558584	0.000000	0.001499	0.009921
1	tsk_1	(x)	1	:	0.000000	0.995241	0.004759	0.000000	0.000000
2	tsk_2	(x)	1	:	0.355283	0.466106	0.000146	0.013992	0.164472
3	tsk_3	(x)	1	:	0.999050	0.000000	0.000000	0.000002	0.000948
4	tsk_4	(x)	1	:	0.000000	1.000000	0.000000	0.000000	0.000000
5	tsk_5	(x)	1	:	0.999194	0.000000	0.000000	0.000003	0.000803
6	tsk_6	(x)	1	:	0.000000	0.999993	0.000007	0.000000	0.000000
7	tsk_7	(x)	1	:	0.323804	0.466168	0.000105	0.009707	0.200216
8	tsk_8	(x)	1	:	0.999214	0.000000	0.000000	0.000005	0.000781
9	tsk_9	(x)	1	:	0.000000	0.998701	0.001299	0.000000	0.000000
10	tsk_10	(x)	1	:	0.454675	0.000023	0.498646	0.004568	0.042088
11	tsk_11	(x)	1	:	0.000000	1.000000	0.000000	0.000000	0.000000
12	tsk_12	(x)	1	:	0.000000	0.000000	0.000000	1.000000	0.000000
13	tsk_13	(x)	1	:	0.000002	0.526162	0.000000	0.473836	0.000000
14	tsk_14	(x)	1	:	0.000000	0.000000	1.000000	0.000000	0.000000
15	tsk_15	(x)	1	:	0.000006	0.000152	0.499869	0.499973	0.000000
16	tsk_16	(x)	1	:	0.433833	0.000080	0.498523	0.002420	0.065144
17	tsk_17	(x)	1	:	0.000007	0.000001	0.500000	0.499992	0.000000
18	tsk_18	(x)	1	:	0.000000	0.000000	1.000000	0.000000	0.000000
19	tsk_19	(x)	1	:	0.000003	0.000000	0.500000	0.499996	0.000000
20	tsk_20	(x)	1	:	0.110727	0.000000	0.000000	0.448043	0.441230
21	tsk_21	(x)	1	:	0.999547	0.000000	0.000000	0.000002	0.000450
22	tsk_22	(x)	1	:	0.000000	0.000000	0.000000	0.433167	0.566833
23	tsk_23	(x)	1	:	0.999200	0.000000	0.000000	0.000005	0.000795
24	tsk_24	(x)	1	:	0.447590	0.000050	0.498696	0.003052	0.050613
25	tsk_25	(x)	1	:	0.079108	0.000000	0.000000	0.443804	0.477088
26	tsk_26	(x)	1	:	0.085577	0.000000	0.000000	0.444668	0.469755
27	tsk_27	(x)	1	:	0.434139	0.000009	0.498625	0.002147	0.065080
28	tsk_28	(x)	1	:	0.136657	0.000000	0.000000	0.451522	0.411821
29	tsk_29	(x)	1	:	0.243515	0.000000	0.000000	0.465814	0.290671
