0	tsk_0	(x)	1	:	0.183960	0.000000	0.093506	0.722533	0.000000
1	tsk_1	(x)	1	:	0.000000	0.982502	0.017498	0.000000	0.000000
2	tsk_2	(x)	1	:	0.013760	0.983063	0.000000	0.003177	0.000000
3	tsk_3	(x)	1	:	0.000000	0.000000	0.335403	0.664597	0.000000
4	tsk_4	(x)	1	:	0.222040	0.000000	0.339013	0.438947	0.000000
5	tsk_5	(x)	1	:	0.000000	0.000000	0.504565	0.119191	0.376244
6	tsk_6	(x)	1	:	0.000000	0.000000	0.108695	0.891305	0.000000
7	tsk_7	(x)	1	:	0.000000	0.000000	0.198596	0.801404	0.000000
8	tsk_8	(x)	1	:	0.337807	0.000000	0.000000	0.662193	0.000000
9	tsk_9	(x)	1	:	0.167903	0.000000	0.361921	0.094101	0.376075
10	tsk_10	(x)	1	:	0.676118	0.000000	0.323882	0.000000	0.000000
11	tsk_11	(x)	1	:	0.166709	0.000000	0.168495	0.664796	0.000000
12	tsk_12	(x)	1	:	0.206388	0.000000	0.174481	0.000000	0.619131
13	tsk_13	(x)	1	:	0.071608	0.000000	0.074387	0.854005	0.000000
14	tsk_14	(x)	1	:	0.000000	0.000000	0.000000	1.000000	0.000000
15	tsk_15	(x)	1	:	0.197097	0.000000	0.149753	0.034019	0.619131
16	tsk_16	(x)	1	:	1.000000	0.000000	0.000000	0.000000	0.000000
17	tsk_17	(x)	1	:	0.000000	0.000000	0.338833	0.661167	0.000000
18	tsk_18	(x)	1	:	0.324485	0.000000	0.675515	0.000000	0.000000
19	tsk_19	(x)	1	:	0.380870	0.000000	0.000000	0.000000	0.619130
20	tsk_20	(x)	1	:	0.000000	0.000017	0.000000	0.000000	0.999982
21	tsk_21	(x)	1	:	0.216258	0.000000	0.164612	0.000000	0.619131
22	tsk_22	(x)	1	:	0.344258	0.000000	0.033154	0.003466	0.619121
23	tsk_23	(x)	1	:	0.000000	0.000000	0.333754	0.290003	0.376243
24	tsk_24	(x)	1	:	0.277421	0.000000	0.000000	0.346336	0.376242
25	tsk_25	(x)	1	:	0.000000	0.000000	0.000000	0.000000	1.000000
26	tsk_26	(x)	1	:	0.308070	0.000000	0.000000	0.315688	0.376242
27	tsk_27	(x)	1	:	0.202913	0.000000	0.000000	0.797087	0.000000
28	tsk_28	(x)	1	:	0.000000	0.000000	0.000000	0.000000	1.000000
29	tsk_29	(x)	1	:	0.164659	0.000000	0.165536	0.669805	0.000000
