0	tsk_0	(x)	1	:	0.000000	0.583140	0.416859	0.000000	0.000000
1	tsk_1	(x)	1	:	0.000000	0.739329	0.260671	0.000000	0.000000
2	tsk_2	(x)	1	:	0.000000	0.677419	0.322581	0.000000	0.000000
3	tsk_3	(x)	1	:	0.499985	0.000000	0.500015	0.000000	0.000000
4	tsk_4	(x)	1	:	0.000000	0.480891	0.519109	0.000000	0.000000
5	tsk_5	(x)	1	:	0.000000	0.587499	0.412501	0.000000	0.000000
6	tsk_6	(x)	1	:	0.500000	0.500000	0.000000	0.000000	0.000000
7	tsk_7	(x)	1	:	0.000000	0.409137	0.590863	0.000000	0.000000
8	tsk_8	(x)	1	:	0.000000	0.738711	0.261289	0.000000	0.000000
9	tsk_9	(x)	1	:	0.000000	0.000000	1.000000	0.000000	0.000000
10	tsk_10	(x)	1	:	0.000000	0.000000	0.000000	1.000000	0.000000
11	tsk_11	(x)	1	:	0.000000	0.154059	0.345919	0.500021	0.000000
12	tsk_12	(x)	1	:	0.000000	0.500000	0.000000	0.500000	0.000000
13	tsk_13	(x)	1	:	0.000000	0.011532	0.488396	0.500072	0.000000
14	tsk_14	(x)	1	:	0.499998	0.000000	0.000000	0.500002	0.000000
15	tsk_15	(x)	1	:	0.000000	0.000000	0.000000	1.000000	0.000000
16	tsk_16	(x)	1	:	0.000000	0.000000	0.000000	1.000000	0.000000
17	tsk_17	(x)	1	:	0.000000	0.323519	0.176470	0.500011	0.000000
18	tsk_18	(x)	1	:	0.000000	0.000000	0.000000	1.000000	0.000000
19	tsk_19	(x)	1	:	0.000000	0.500000	0.000000	0.500000	0.000000
20	tsk_20	(x)	1	:	0.000000	0.000000	0.000000	0.000000	1.000000
21	tsk_21	(x)	1	:	0.000000	0.740931	0.259069	0.000000	0.000000
22	tsk_22	(x)	1	:	0.499993	0.277813	0.222193	0.000000	0.000000
23	tsk_23	(x)	1	:	0.000000	0.175319	0.324143	0.033453	0.467085
24	tsk_24	(x)	1	:	1.000000	0.000000	0.000000	0.000000	0.000000
25	tsk_25	(x)	1	:	0.000000	0.497888	0.000000	0.036582	0.465530
26	tsk_26	(x)	1	:	0.000000	0.159707	0.246680	0.000000	0.593613
27	tsk_27	(x)	1	:	0.000000	0.000000	0.499968	0.500031	0.000000
28	tsk_28	(x)	1	:	0.000000	0.000000	0.000000	0.000000	1.000000
29	tsk_29	(x)	1	:	0.000000	0.000000	0.000000	0.534171	0.465829
