logL = -31.445019 (converged)
AIC = 282.890038
BIC = 437.021750

count.K
4 17 7 2 

