logL = -26.850308 (converged)
AIC = 121.700616
BIC = 169.341327

count.K
11 19 

