logL = -2.703373 (converged)
AIC = 193.406746
BIC = 325.119300

count.K
4 3 15 8 

