logL = -75.223784 (converged)
AIC = 230.447569
BIC = 286.495464

count.K
17 13 

