logL = -86.485669 (converged)
AIC = 416.971338
BIC = 587.917418

count.K
6 6 11 7 

