logL = -47.120327 (converged)
AIC = 244.240654
BIC = 349.330458

count.K
12 3 15 

