logL = -87.038411 (converged)
AIC = 262.076822
BIC = 323.729506

count.K
5 25 

