logL = -36.043852 (converged)
AIC = 372.087704
BIC = 582.267311

count.K
14 2 7 5 2 

