logL = -36.043662 (converged)
AIC = 382.087325
BIC = 599.272919

count.K
11 2 7 1 9 

