logL = -123.273244 (converged)
AIC = 346.546487
BIC = 416.606356

count.K
16 14 

