logL = -63.302068 (converged)
AIC = 456.604136
BIC = 687.801704

count.K
18 3 4 1 4 

