logL = -59.338092 (converged)
AIC = 490.676184
BIC = 751.298897

count.K
3 2 12 2 1 10 

