logL = -48.523772 (converged)
AIC = 493.047545
BIC = 770.484626

count.K
1 3 6 12 2 6 

