0	tsk_0	(x)	1	:	0.500000	0.000000	0.231192	0.268808	0.000000
1	tsk_1	(x)	1	:	0.000000	0.000000	0.529438	0.470562	0.000000
2	tsk_2	(x)	1	:	0.000000	0.000000	0.372706	0.000000	0.627294
3	tsk_3	(x)	1	:	1.000000	0.000000	0.000000	0.000000	0.000000
4	tsk_4	(x)	1	:	0.000000	0.639866	0.120045	0.120045	0.120045
5	tsk_5	(x)	1	:	0.000000	1.000000	0.000000	0.000000	0.000000
6	tsk_6	(x)	1	:	0.500000	0.000000	0.316818	0.183182	0.000000
7	tsk_7	(x)	1	:	0.500000	0.000000	0.353973	0.000000	0.146027
8	tsk_8	(x)	1	:	0.000000	0.000000	0.431736	0.196715	0.371549
9	tsk_9	(x)	1	:	0.000000	0.000000	0.526252	0.473748	0.000000
10	tsk_10	(x)	1	:	0.000000	0.000000	0.000000	0.211217	0.788783
11	tsk_11	(x)	1	:	0.000000	0.000000	0.186658	0.170484	0.642859
12	tsk_12	(x)	1	:	0.000000	0.000000	0.000000	1.000000	0.000000
13	tsk_13	(x)	1	:	0.000000	0.000000	0.000000	1.000000	0.000000
14	tsk_14	(x)	1	:	0.000000	0.000000	1.000000	0.000000	0.000000
15	tsk_15	(x)	1	:	0.000000	0.000000	0.354414	0.000000	0.645586
16	tsk_16	(x)	1	:	0.000000	0.000000	0.000000	0.000000	1.000000
17	tsk_17	(x)	1	:	0.000000	0.000000	0.271743	0.243013	0.485245
18	tsk_18	(x)	1	:	0.000000	0.000000	0.540357	0.000000	0.459643
19	tsk_19	(x)	1	:	0.000000	0.000000	0.000000	0.326601	0.673399
20	tsk_20	(x)	1	:	0.000000	0.000000	0.356486	0.643514	0.000000
21	tsk_21	(x)	1	:	0.000000	0.000000	0.000000	0.516479	0.483521
22	tsk_22	(x)	1	:	0.000000	0.000000	0.354414	0.000000	0.645586
23	tsk_23	(x)	1	:	0.000000	0.000000	0.277820	0.251954	0.470225
24	tsk_24	(x)	1	:	0.000000	0.000000	0.000000	0.000000	1.000000
25	tsk_25	(x)	1	:	0.000000	0.000000	0.000000	0.326601	0.673399
26	tsk_26	(x)	1	:	0.500115	0.000000	0.499885	0.000000	0.000000
27	tsk_27	(x)	1	:	0.000000	0.000000	1.000000	0.000000	0.000000
28	tsk_28	(x)	1	:	0.000000	0.000000	0.337293	0.337293	0.325414
29	tsk_29	(x)	1	:	0.500000	0.000000	0.000000	0.000000	0.500000
