0	tsk_0	(x)	1	:	0.000000	0.393577	0.000093	0.106419	0.499911
1	tsk_1	(x)	1	:	0.000000	0.000000	0.000000	1.000000	0.000000
2	tsk_2	(x)	1	:	0.000000	0.130585	0.000000	0.869415	0.000000
3	tsk_3	(x)	1	:	0.000000	0.000000	0.000000	1.000000	0.000000
4	tsk_4	(x)	1	:	0.000000	0.136587	0.000000	0.863413	0.000000
5	tsk_5	(x)	1	:	0.000000	1.000000	0.000000	0.000000	0.000000
6	tsk_6	(x)	1	:	0.000000	0.000000	0.000000	1.000000	0.000000
7	tsk_7	(x)	1	:	0.000000	0.338110	0.000016	0.161889	0.499985
8	tsk_8	(x)	1	:	0.000000	0.000000	0.000000	1.000000	0.000000
9	tsk_9	(x)	1	:	0.000000	0.256128	0.000028	0.243871	0.499973
10	tsk_10	(x)	1	:	0.000000	0.244552	0.000071	0.255444	0.499932
11	tsk_11	(x)	1	:	0.499999	0.247810	0.000000	0.252191	0.000000
12	tsk_12	(x)	1	:	0.499999	0.155712	0.000000	0.344289	0.000000
13	tsk_13	(x)	1	:	0.000000	0.305614	0.000000	0.694386	0.000000
14	tsk_14	(x)	1	:	0.000000	0.075138	0.000000	0.924862	0.000000
15	tsk_15	(x)	1	:	0.499999	0.218937	0.000000	0.281065	0.000000
16	tsk_16	(x)	1	:	1.000000	0.000000	0.000000	0.000000	0.000000
17	tsk_17	(x)	1	:	0.000000	0.129162	0.000000	0.870838	0.000000
18	tsk_18	(x)	1	:	0.000000	0.000000	0.000000	1.000000	0.000000
19	tsk_19	(x)	1	:	0.000000	0.000000	0.000000	1.000000	0.000000
20	tsk_20	(x)	1	:	0.499999	0.000000	0.000000	0.000000	0.500001
21	tsk_21	(x)	1	:	0.000000	0.000000	0.000000	0.000000	1.000000
22	tsk_22	(x)	1	:	0.000000	0.000000	0.298348	0.000000	0.701652
23	tsk_23	(x)	1	:	0.000000	0.000000	0.377350	0.000000	0.622650
24	tsk_24	(x)	1	:	0.000002	0.000000	0.999021	0.000000	0.000977
25	tsk_25	(x)	1	:	0.000000	0.000000	0.377323	0.000000	0.622677
26	tsk_26	(x)	1	:	0.499999	0.000000	0.000000	0.000000	0.500001
27	tsk_27	(x)	1	:	0.000000	0.000000	0.298348	0.000000	0.701652
28	tsk_28	(x)	1	:	0.000000	0.000000	0.619705	0.000000	0.380295
29	tsk_29	(x)	1	:	0.499999	0.000000	0.000000	0.000000	0.500001
