0	tsk_0	(x)	1	:	0.000000	0.000000	0.000000	1.000000	0.000000	0.000000
1	tsk_1	(x)	1	:	0.000000	0.482344	0.000851	0.482549	0.000498	0.033759
2	tsk_2	(x)	1	:	0.000000	0.000000	0.000000	1.000000	0.000000	0.000000
3	tsk_3	(x)	1	:	0.000000	0.000000	0.000000	1.000000	0.000000	0.000000
4	tsk_4	(x)	1	:	0.000000	0.000000	0.000000	0.999998	0.000000	0.000002
5	tsk_5	(x)	1	:	0.000000	0.481166	0.000726	0.481425	0.000744	0.035938
6	tsk_6	(x)	1	:	0.000000	0.000000	0.000000	1.000000	0.000000	0.000000
7	tsk_7	(x)	1	:	0.000000	0.000000	0.098213	0.273526	0.111675	0.516586
8	tsk_8	(x)	1	:	0.000000	0.000000	0.000000	0.999999	0.000000	0.000001
9	tsk_9	(x)	1	:	0.000001	0.501378	0.168104	0.000000	0.330512	0.000005
10	tsk_10	(x)	1	:	0.999993	0.000000	0.000007	0.000000	0.000000	0.000000
11	tsk_11	(x)	1	:	0.999981	0.000000	0.000019	0.000000	0.000000	0.000000
12	tsk_12	(x)	1	:	0.000000	0.000000	0.246717	0.000000	0.753283	0.000000
13	tsk_13	(x)	1	:	0.999986	0.000000	0.000014	0.000000	0.000000	0.000000
14	tsk_14	(x)	1	:	0.477362	0.000000	0.332025	0.000000	0.190613	0.000000
15	tsk_15	(x)	1	:	0.477261	0.000000	0.316127	0.000000	0.206613	0.000000
16	tsk_16	(x)	1	:	0.659604	0.000000	0.249912	0.000000	0.090485	0.000000
17	tsk_17	(x)	1	:	0.477361	0.000000	0.341539	0.000000	0.181101	0.000000
18	tsk_18	(x)	1	:	0.477343	0.000000	0.317417	0.000000	0.205239	0.000000
19	tsk_19	(x)	1	:	0.000000	0.000000	0.416451	0.000000	0.583549	0.000000
20	tsk_20	(x)	1	:	0.000000	0.000000	0.626291	0.000000	0.373709	0.000000
21	tsk_21	(x)	1	:	0.000000	0.000000	0.352696	0.000000	0.647303	0.000000
22	tsk_22	(x)	1	:	0.000000	0.000000	0.662673	0.000000	0.337327	0.000000
23	tsk_23	(x)	1	:	0.000000	0.000000	1.000000	0.000000	0.000000	0.000000
24	tsk_24	(x)	1	:	0.000000	0.000000	0.207841	0.000000	0.792159	0.000000
25	tsk_25	(x)	1	:	0.000000	0.000000	0.343768	0.000000	0.656232	0.000000
26	tsk_26	(x)	1	:	0.000000	0.000000	0.244223	0.000000	0.755777	0.000000
27	tsk_27	(x)	1	:	0.000000	0.000000	0.583915	0.000000	0.416085	0.000000
28	tsk_28	(x)	1	:	0.000000	0.000000	0.264293	0.000000	0.735706	0.000001
29	tsk_29	(x)	1	:	0.000000	0.000000	0.184229	0.000000	0.815771	0.000000
