logL = -88.528492 (converged)
AIC = 363.056984
BIC = 493.368340

count.K
9 9 12 

