logL = -86.650193 (converged)
AIC = 493.300385
BIC = 717.491967

count.K
16 4 5 3 2 

