logL = -55.980859 (converged)
AIC = 273.961717
BIC = 387.458705

count.K
17 0 13 

