0	tsk_0	(x)	1	:	0.000000	0.000000	0.000000	0.000000	0.530501	0.469499
1	tsk_1	(x)	1	:	0.000000	0.000000	0.000000	0.000000	0.351349	0.648651
2	tsk_2	(x)	1	:	0.220912	0.444693	0.000000	0.000000	0.000000	0.334395
3	tsk_3	(x)	1	:	0.000000	0.500000	0.000000	0.000000	0.296121	0.203879
4	tsk_4	(x)	1	:	0.000001	0.999999	0.000000	0.000000	0.000000	0.000000
5	tsk_5	(x)	1	:	0.000000	0.000000	0.000000	0.000000	0.217204	0.782796
6	tsk_6	(x)	1	:	1.000000	0.000000	0.000000	0.000000	0.000000	0.000000
7	tsk_7	(x)	1	:	0.259406	0.435058	0.000000	0.000000	0.122120	0.183416
8	tsk_8	(x)	1	:	0.000000	0.000000	0.594799	0.000000	0.286804	0.118397
9	tsk_9	(x)	1	:	0.000001	0.999999	0.000000	0.000000	0.000000	0.000000
10	tsk_10	(x)	1	:	0.000000	0.000000	0.000000	1.000000	0.000000	0.000000
11	tsk_11	(x)	1	:	1.000000	0.000000	0.000000	0.000000	0.000000	0.000000
12	tsk_12	(x)	1	:	0.000000	0.000000	0.000000	0.455310	0.140572	0.404118
13	tsk_13	(x)	1	:	0.000000	0.025370	0.474037	0.000000	0.358535	0.142058
14	tsk_14	(x)	1	:	0.000000	0.000000	0.000000	0.000000	0.451968	0.548032
15	tsk_15	(x)	1	:	0.000000	0.000000	0.000000	0.000000	0.209776	0.790224
16	tsk_16	(x)	1	:	0.000000	0.000000	0.000000	0.808644	0.191350	0.000006
17	tsk_17	(x)	1	:	0.000000	0.000000	0.000001	0.455310	0.186047	0.358642
18	tsk_18	(x)	1	:	0.000000	0.000000	0.000000	0.000000	0.212200	0.787800
19	tsk_19	(x)	1	:	0.000000	0.000000	0.000000	0.455310	0.281306	0.263384
20	tsk_20	(x)	1	:	0.041527	0.009411	0.476770	0.000000	0.376835	0.095457
21	tsk_21	(x)	1	:	0.058111	0.003190	0.477775	0.000000	0.349462	0.111463
22	tsk_22	(x)	1	:	0.000000	0.000000	0.000000	0.000000	0.350216	0.649784
23	tsk_23	(x)	1	:	0.000000	0.000000	0.000000	0.000000	0.268908	0.731092
24	tsk_24	(x)	1	:	0.043549	0.011148	0.475658	0.000000	0.311086	0.158559
25	tsk_25	(x)	1	:	0.056819	0.005731	0.476683	0.000000	0.311126	0.149641
26	tsk_26	(x)	1	:	0.000000	0.000000	0.000000	0.000000	0.358421	0.641579
27	tsk_27	(x)	1	:	0.029955	0.016636	0.474638	0.000000	0.000000	0.478771
28	tsk_28	(x)	1	:	0.053326	0.004803	0.477574	0.000000	0.349854	0.114442
29	tsk_29	(x)	1	:	0.000000	0.000000	0.999997	0.000000	0.000003	0.000000
