logL = -16.339414 (converged)
AIC = 380.678827
BIC = 624.487172

count.K
3 6 5 12 2 2 

