logL = -48.092579 (converged)
AIC = 386.185157
BIC = 589.358777

count.K
5 9 0 1 15 

