logL = -62.436269 (converged)
AIC = 496.872537
BIC = 757.495250

count.K
13 1 1 6 3 6 

