logL = -111.903937 (converged)
AIC = 315.807873
BIC = 380.262953

count.K
16 14 

