logL = -116.796954 (converged)
AIC = 593.593907
BIC = 845.809436

count.K
8 10 1 9 2 

