logL = -51.601899 (converged)
AIC = 499.203797
BIC = 776.640879

count.K
7 0 5 3 3 12 

