logL = -117.992742 (converged)
AIC = 415.985485
BIC = 542.093249

count.K
17 2 11 

