logL = -66.156802 (converged)
AIC = 352.313603
BIC = 506.445315

count.K
4 12 12 2 

