logL = -90.712307 (converged)
AIC = 425.424613
BIC = 596.370694

count.K
7 9 11 3 

