logL = -26.785509 (converged)
AIC = 273.571017
BIC = 427.702729

count.K
9 10 1 10 

