logL = -32.574970 (converged)
AIC = 345.149940
BIC = 541.317573

count.K
2 5 6 5 12 

