logL = -28.947760 (converged)
AIC = 417.895521
BIC = 670.111049

count.K
4 2 3 2 16 3 

