0	tsk_0	(x)	1	:	0.000000	1.000000	0.000000	0.000000	0.000000	0.000000
1	tsk_1	(x)	1	:	0.000000	0.499997	0.500002	0.000000	0.000000	0.000000
2	tsk_2	(x)	1	:	0.000000	0.000000	0.329024	0.340765	0.260325	0.069885
3	tsk_3	(x)	1	:	0.000000	0.499997	0.500003	0.000000	0.000000	0.000000
4	tsk_4	(x)	1	:	0.000000	0.000000	0.000000	0.972899	0.027101	0.000000
5	tsk_5	(x)	1	:	0.000000	0.000000	0.999996	0.000004	0.000000	0.000000
6	tsk_6	(x)	1	:	0.705366	0.000000	0.294633	0.000000	0.000000	0.000000
7	tsk_7	(x)	1	:	0.000000	0.000000	0.199703	0.598250	0.202047	0.000000
8	tsk_8	(x)	1	:	0.000000	0.499998	0.500002	0.000000	0.000000	0.000000
9	tsk_9	(x)	1	:	0.000000	0.499998	0.500002	0.000000	0.000000	0.000000
10	tsk_10	(x)	1	:	0.000000	0.000000	0.000000	0.000000	0.000000	1.000000
11	tsk_11	(x)	1	:	0.000000	0.000000	0.000000	0.000000	1.000000	0.000000
12	tsk_12	(x)	1	:	0.000000	0.000000	0.000000	0.000000	0.841540	0.158460
13	tsk_13	(x)	1	:	0.000000	0.000000	0.000000	0.000000	0.458305	0.541695
14	tsk_14	(x)	1	:	0.000000	0.000000	0.000000	0.000000	0.455779	0.544221
15	tsk_15	(x)	1	:	0.000000	0.000000	0.000000	0.000000	0.450427	0.549573
16	tsk_16	(x)	1	:	0.000000	0.000000	0.000000	1.000000	0.000000	0.000000
17	tsk_17	(x)	1	:	0.000000	0.000000	0.000000	0.000000	0.532143	0.467857
18	tsk_18	(x)	1	:	0.000000	0.000000	0.000000	0.000000	0.635390	0.364609
19	tsk_19	(x)	1	:	0.000000	0.000000	0.000000	0.000000	0.000000	1.000000
20	tsk_20	(x)	1	:	0.908334	0.000061	0.091605	0.000000	0.000000	0.000000
21	tsk_21	(x)	1	:	0.000000	0.000000	0.000000	0.000000	0.776581	0.223419
22	tsk_22	(x)	1	:	0.000000	0.000000	0.000000	0.000000	0.631683	0.368317
23	tsk_23	(x)	1	:	0.000000	0.000000	0.500000	0.000000	0.000000	0.500000
24	tsk_24	(x)	1	:	0.000000	0.000000	0.017622	0.982377	0.000000	0.000000
25	tsk_25	(x)	1	:	0.000000	0.000000	0.500000	0.000000	0.396015	0.103985
26	tsk_26	(x)	1	:	0.999991	0.000000	0.000000	0.000009	0.000000	0.000000
27	tsk_27	(x)	1	:	0.928637	0.000000	0.071363	0.000000	0.000000	0.000000
28	tsk_28	(x)	1	:	0.000000	0.000000	0.370350	0.258411	0.243855	0.127385
29	tsk_29	(x)	1	:	0.000000	0.000000	0.000000	0.000000	0.633534	0.366466
