logL = -59.940770 (converged)
AIC = 275.881539
BIC = 385.174935

count.K
11 8 11 

