logL = -46.022503 (converged)
AIC = 432.045006
BIC = 670.248561

count.K
0 3 12 3 12 

