logL = -35.489901 (converged)
AIC = 370.979801
BIC = 581.159409

count.K
1 6 9 12 2 

