logL = -108.273179 (converged)
AIC = 408.546358
BIC = 543.061306

count.K
7 8 15 

