logL = -88.250750 (converged)
AIC = 264.501501
BIC = 326.154186

count.K
9 21 

