logL = -118.196989 (converged)
AIC = 340.393978
BIC = 413.256242

count.K
16 14 

