logL = -68.779971 (converged)
AIC = 373.559941
BIC = 538.901232

count.K
7 6 1 16 

