logL = -25.717683 (converged)
AIC = 189.435366
BIC = 286.117986

count.K
12 17 1 

