logL = -11.021663 (converged)
AIC = 154.043325
BIC = 246.522352

count.K
3 7 20 

