0	tsk_0	(x)	1	:	0.000000	0.824663	0.000000	0.000000	0.175337	0.000000
1	tsk_1	(x)	1	:	0.000000	0.875468	0.000000	0.000000	0.124532	0.000000
2	tsk_2	(x)	1	:	0.000000	0.832343	0.000000	0.000000	0.167657	0.000000
3	tsk_3	(x)	1	:	0.000000	0.919883	0.000000	0.000000	0.080117	0.000000
4	tsk_4	(x)	1	:	0.000000	0.306515	0.000000	0.000000	0.237641	0.455844
5	tsk_5	(x)	1	:	0.000000	0.314461	0.000000	0.625068	0.060470	0.000000
6	tsk_6	(x)	1	:	0.000000	0.000000	0.000000	0.000000	1.000000	0.000000
7	tsk_7	(x)	1	:	0.000000	0.755718	0.000000	0.000000	0.244282	0.000000
8	tsk_8	(x)	1	:	0.000000	0.840487	0.000000	0.000000	0.159513	0.000000
9	tsk_9	(x)	1	:	0.000000	0.485289	0.000000	0.000000	0.514711	0.000000
10	tsk_10	(x)	1	:	0.000000	0.000000	1.000000	0.000000	0.000000	0.000000
11	tsk_11	(x)	1	:	0.306299	0.098171	0.115155	0.000000	0.200761	0.279614
12	tsk_12	(x)	1	:	0.999997	0.000000	0.000003	0.000000	0.000000	0.000000
13	tsk_13	(x)	1	:	0.635887	0.000024	0.000007	0.000000	0.364082	0.000000
14	tsk_14	(x)	1	:	0.000000	0.336341	0.636451	0.000000	0.027209	0.000000
15	tsk_15	(x)	1	:	0.441429	0.000000	0.558571	0.000000	0.000000	0.000000
16	tsk_16	(x)	1	:	0.000066	0.000000	0.999934	0.000000	0.000000	0.000000
17	tsk_17	(x)	1	:	0.000007	0.000001	0.999992	0.000000	0.000000	0.000000
18	tsk_18	(x)	1	:	0.420134	0.000000	0.000030	0.579835	0.000000	0.000000
19	tsk_19	(x)	1	:	0.441408	0.000000	0.558592	0.000000	0.000000	0.000000
20	tsk_20	(x)	1	:	0.000000	0.374213	0.000000	0.000000	0.088990	0.536797
21	tsk_21	(x)	1	:	0.000000	0.416640	0.000000	0.000000	0.046562	0.536798
22	tsk_22	(x)	1	:	0.000000	0.000000	0.000000	0.000000	0.463212	0.536788
23	tsk_23	(x)	1	:	0.000000	0.000000	0.000000	0.000000	0.722055	0.277945
24	tsk_24	(x)	1	:	0.000000	0.373667	0.000000	0.000000	0.089535	0.536798
25	tsk_25	(x)	1	:	0.000000	0.583079	0.000000	0.000000	0.159267	0.257654
26	tsk_26	(x)	1	:	0.000000	0.509252	0.000000	0.000000	0.003689	0.487059
27	tsk_27	(x)	1	:	0.000000	0.302909	0.000000	0.000000	0.082106	0.614985
28	tsk_28	(x)	1	:	0.000000	0.362125	0.000000	0.000000	0.101077	0.536798
29	tsk_29	(x)	1	:	0.174812	0.510716	0.000000	0.000000	0.314472	0.000000
