logL = -41.862898 (converged)
AIC = 433.725796
BIC = 678.935337

count.K
10 8 3 4 5 

