logL = -90.086547 (converged)
AIC = 348.173093
BIC = 465.873673

count.K
14 7 9 

