logL = -65.297317 (converged)
AIC = 514.594635
BIC = 783.624532

count.K
4 13 2 2 6 3 

