logL = -29.975869 (converged)
AIC = 431.951738
BIC = 692.574451

count.K
1 3 18 2 2 4 

