logL = -18.022548 (converged)
AIC = 168.045096
BIC = 260.524123

count.K
13 15 2 

