logL = -77.145218 (converged)
AIC = 414.290436
BIC = 596.446095

count.K
3 7 9 11 

