logL = -32.359607 (converged)
AIC = 354.719215
BIC = 557.892835

count.K
13 5 4 3 5 

