logL = -26.791578 (converged)
AIC = 413.583156
BIC = 665.798684

count.K
5 5 5 4 2 9 

