logL = -68.625277 (converged)
AIC = 487.250555
BIC = 732.460097

count.K
5 2 1 4 18 

