logL = -54.067870 (converged)
AIC = 320.135740
BIC = 468.662663

count.K
9 1 4 16 

