logL = -84.386610 (converged)
AIC = 558.773221
BIC = 832.006710

count.K
9 2 8 7 4 

