logL = -66.967742 (converged)
AIC = 565.935484
BIC = 868.594119

count.K
8 1 5 1 15 0 

