0	tsk_0	(x)	1	:	0.045731	0.454207	0.000000	0.000000	0.500036	0.000026
1	tsk_1	(x)	1	:	0.117389	0.144497	0.000025	0.000000	0.000001	0.738088
2	tsk_2	(x)	1	:	0.147212	0.852758	0.000000	0.000000	0.000000	0.000030
3	tsk_3	(x)	1	:	0.056018	0.205518	0.000000	0.000000	0.000001	0.738463
4	tsk_4	(x)	1	:	0.136594	0.124556	0.000000	0.000000	0.000000	0.738849
5	tsk_5	(x)	1	:	0.482848	0.517152	0.000000	0.000000	0.000000	0.000000
6	tsk_6	(x)	1	:	0.260903	0.000000	0.000000	0.000000	0.000001	0.739097
7	tsk_7	(x)	1	:	0.000000	0.261082	0.000000	0.000000	0.000000	0.738917
8	tsk_8	(x)	1	:	0.087692	0.172674	0.000000	0.000000	0.000000	0.739634
9	tsk_9	(x)	1	:	0.091330	0.169964	0.000000	0.000000	0.000001	0.738705
10	tsk_10	(x)	1	:	0.126362	0.373587	0.000000	0.000000	0.500029	0.000022
11	tsk_11	(x)	1	:	0.000000	0.000000	0.000000	0.000000	1.000000	0.000000
12	tsk_12	(x)	1	:	0.000000	0.000000	0.000000	0.000000	1.000000	0.000000
13	tsk_13	(x)	1	:	0.000000	0.000000	0.000000	0.000000	1.000000	0.000000
14	tsk_14	(x)	1	:	0.000000	0.000000	0.512609	0.000000	0.487391	0.000000
15	tsk_15	(x)	1	:	0.000000	0.000000	0.000000	0.000000	1.000000	0.000000
16	tsk_16	(x)	1	:	0.000000	0.000000	0.000000	0.000000	1.000000	0.000000
17	tsk_17	(x)	1	:	0.000000	0.000000	0.000000	0.000000	1.000000	0.000000
18	tsk_18	(x)	1	:	0.273749	0.226235	0.000000	0.000000	0.500009	0.000007
19	tsk_19	(x)	1	:	0.078421	0.000000	0.000000	0.921579	0.000000	0.000000
20	tsk_20	(x)	1	:	0.291688	0.708282	0.000000	0.000000	0.000000	0.000029
21	tsk_21	(x)	1	:	0.702869	0.297121	0.000000	0.000000	0.000000	0.000010
22	tsk_22	(x)	1	:	0.206381	0.793603	0.000000	0.000000	0.000000	0.000016
23	tsk_23	(x)	1	:	0.265791	0.734186	0.000000	0.000000	0.000000	0.000023
24	tsk_24	(x)	1	:	0.205615	0.794385	0.000000	0.000000	0.000000	0.000000
25	tsk_25	(x)	1	:	0.409693	0.590307	0.000000	0.000000	0.000000	0.000000
26	tsk_26	(x)	1	:	0.458033	0.541905	0.000000	0.000000	0.000000	0.000062
27	tsk_27	(x)	1	:	0.456949	0.543051	0.000000	0.000000	0.000000	0.000000
28	tsk_28	(x)	1	:	0.534629	0.465336	0.000000	0.000000	0.000000	0.000035
29	tsk_29	(x)	1	:	0.173681	0.826273	0.000000	0.000000	0.000000	0.000046
