logL = -65.157004 (converged)
AIC = 460.314009
BIC = 691.511577

count.K
10 2 2 4 12 

