logL = -15.264291 (converged)
AIC = 378.528582
BIC = 622.336926

count.K
4 12 5 5 1 3 

