logL = -70.820786 (converged)
AIC = 481.641573
BIC = 719.845128

count.K
5 3 4 1 17 

