logL = -67.919888 (converged)
AIC = 371.839775
BIC = 537.181067

count.K
13 8 3 6 

