0	tsk_0	(x)	1	:	0.000000	0.785497	0.000000	0.214503	0.000000	0.000000
1	tsk_1	(x)	1	:	0.000000	0.000000	1.000000	0.000000	0.000000	0.000000
2	tsk_2	(x)	1	:	0.000000	0.367353	0.500020	0.132627	0.000000	0.000000
3	tsk_3	(x)	1	:	0.000000	0.355745	0.500881	0.143374	0.000000	0.000000
4	tsk_4	(x)	1	:	0.000000	0.465708	0.000000	0.534292	0.000000	0.000000
5	tsk_5	(x)	1	:	0.000000	0.371256	0.500025	0.128717	0.000002	0.000000
6	tsk_6	(x)	1	:	0.000000	0.000000	1.000000	0.000000	0.000000	0.000000
7	tsk_7	(x)	1	:	0.000000	0.000000	0.000000	1.000000	0.000000	0.000000
8	tsk_8	(x)	1	:	0.000004	0.788887	0.000000	0.211108	0.000000	0.000000
9	tsk_9	(x)	1	:	0.000048	0.999952	0.000000	0.000000	0.000000	0.000000
10	tsk_10	(x)	1	:	0.000000	0.000000	0.000000	0.562501	0.000000	0.437499
11	tsk_11	(x)	1	:	0.000000	0.000000	0.000000	0.000000	0.000000	1.000000
12	tsk_12	(x)	1	:	0.000000	0.177856	0.000000	0.384647	0.000000	0.437496
13	tsk_13	(x)	1	:	0.000008	0.000000	0.000000	0.000000	0.000000	0.999992
14	tsk_14	(x)	1	:	0.000000	0.000000	0.000000	0.000000	0.000000	1.000000
15	tsk_15	(x)	1	:	0.000000	0.000000	0.000000	0.000000	0.000000	1.000000
16	tsk_16	(x)	1	:	0.000000	0.000000	0.000000	0.000000	0.000000	1.000000
17	tsk_17	(x)	1	:	0.000000	0.000000	0.000000	0.000000	0.000000	1.000000
18	tsk_18	(x)	1	:	0.000000	0.000000	0.000000	0.000000	0.000000	1.000000
19	tsk_19	(x)	1	:	0.000000	0.000000	0.000000	0.000000	0.000000	1.000000
20	tsk_20	(x)	1	:	0.000000	0.000000	0.000000	0.000000	1.000000	0.000000
21	tsk_21	(x)	1	:	0.899376	0.000000	0.000000	0.100624	0.000000	0.000000
22	tsk_22	(x)	1	:	0.343147	0.000056	0.000328	0.000056	0.656413	0.000000
23	tsk_23	(x)	1	:	0.887329	0.020169	0.000000	0.092502	0.000000	0.000000
24	tsk_24	(x)	1	:	0.599112	0.000000	0.000000	0.000000	0.400888	0.000000
25	tsk_25	(x)	1	:	0.000005	0.785226	0.000000	0.214768	0.000000	0.000000
26	tsk_26	(x)	1	:	0.000097	0.000000	0.000000	0.999903	0.000000	0.000000
27	tsk_27	(x)	1	:	0.895989	0.000000	0.000000	0.104011	0.000000	0.000000
28	tsk_28	(x)	1	:	0.000000	0.648490	0.000000	0.351510	0.000000	0.000000
29	tsk_29	(x)	1	:	0.889945	0.051037	0.000000	0.059018	0.000000	0.000000
