0	tsk_0	(x)	1	:	0.000000	0.190231	0.000000	0.809769	0.000000	0.000000
1	tsk_1	(x)	1	:	0.000000	0.244485	0.167094	0.088423	0.200184	0.299816
2	tsk_2	(x)	1	:	0.000000	0.000000	0.549644	0.450356	0.000000	0.000000
3	tsk_3	(x)	1	:	0.000000	0.058235	0.941765	0.000000	0.000000	0.000000
4	tsk_4	(x)	1	:	0.002933	0.335760	0.000000	0.163289	0.320453	0.177567
5	tsk_5	(x)	1	:	0.000000	0.016345	0.536387	0.447269	0.000000	0.000000
6	tsk_6	(x)	1	:	0.000000	0.020576	0.693578	0.285846	0.000000	0.000000
7	tsk_7	(x)	1	:	0.000000	0.016204	0.538008	0.445789	0.000000	0.000000
8	tsk_8	(x)	1	:	0.000000	0.021872	0.368777	0.609352	0.000000	0.000000
9	tsk_9	(x)	1	:	0.000000	0.000000	0.547388	0.452612	0.000000	0.000000
10	tsk_10	(x)	1	:	0.483628	0.019111	0.324207	0.173055	0.000000	0.000000
11	tsk_11	(x)	1	:	0.000000	0.057243	0.942757	0.000000	0.000000	0.000000
12	tsk_12	(x)	1	:	0.483628	0.000000	0.256207	0.260166	0.000000	0.000000
13	tsk_13	(x)	1	:	0.483628	0.000000	0.245967	0.270405	0.000000	0.000000
14	tsk_14	(x)	1	:	0.000000	0.041318	0.677315	0.281368	0.000000	0.000000
15	tsk_15	(x)	1	:	0.000000	0.103048	0.000000	0.396952	0.144570	0.355430
16	tsk_16	(x)	1	:	0.000000	0.023265	0.000000	0.976735	0.000000	0.000000
17	tsk_17	(x)	1	:	0.000000	0.000000	0.708431	0.291569	0.000000	0.000000
18	tsk_18	(x)	1	:	0.999998	0.000000	0.000000	0.000000	0.000001	0.000001
19	tsk_19	(x)	1	:	0.483627	0.038476	0.305980	0.171917	0.000000	0.000000
20	tsk_20	(x)	1	:	0.000000	0.196290	0.303711	0.000000	0.300069	0.199931
21	tsk_21	(x)	1	:	0.000000	0.000000	0.000000	0.000000	0.282375	0.717625
22	tsk_22	(x)	1	:	0.000000	0.000000	0.000000	0.000000	0.165796	0.834204
23	tsk_23	(x)	1	:	0.000000	0.000000	0.000000	0.000000	0.000000	1.000000
24	tsk_24	(x)	1	:	0.467215	0.000000	0.000000	0.000000	0.231021	0.301764
25	tsk_25	(x)	1	:	0.000000	0.196290	0.303711	0.000000	0.300069	0.199931
26	tsk_26	(x)	1	:	0.656652	0.000000	0.000000	0.000000	0.068929	0.274419
27	tsk_27	(x)	1	:	0.000000	0.000000	0.000000	0.000000	0.067315	0.932685
28	tsk_28	(x)	1	:	0.000000	0.000000	0.000000	0.000000	0.282375	0.717625
29	tsk_29	(x)	1	:	0.001271	0.126060	0.185920	0.187606	0.207883	0.291259
