logL = -18.021831 (converged)
AIC = 384.043663
BIC = 627.852007

count.K
4 11 1 8 1 5 

