0	tsk_0	(x)	1	:	0.000000	1.000000	0.000000	0.000000	0.000000	0.000000
1	tsk_1	(x)	1	:	0.000001	0.000000	0.499999	0.000000	0.364243	0.135757
2	tsk_2	(x)	1	:	0.000000	0.495291	0.009419	0.370589	0.000000	0.124701
3	tsk_3	(x)	1	:	0.000002	0.499999	0.000000	0.154368	0.169342	0.176289
4	tsk_4	(x)	1	:	0.000000	0.500000	0.500000	0.000000	0.000000	0.000000
5	tsk_5	(x)	1	:	0.000000	0.000000	0.000000	0.103813	0.717009	0.179178
6	tsk_6	(x)	1	:	0.000000	0.000000	0.500000	0.252909	0.070873	0.176219
7	tsk_7	(x)	1	:	0.000000	0.500064	0.000000	0.499936	0.000000	0.000000
8	tsk_8	(x)	1	:	0.000000	1.000000	0.000000	0.000000	0.000000	0.000000
9	tsk_9	(x)	1	:	0.000006	0.497039	0.005917	0.000000	0.355944	0.141095
10	tsk_10	(x)	1	:	0.000000	0.000000	0.000000	0.223424	0.522392	0.254184
11	tsk_11	(x)	1	:	0.000000	0.000000	0.000000	0.088352	0.610363	0.301284
12	tsk_12	(x)	1	:	0.000000	0.000000	0.000000	0.421420	0.287520	0.291060
13	tsk_13	(x)	1	:	0.000000	0.000000	0.000000	0.123084	0.448710	0.428206
14	tsk_14	(x)	1	:	0.000000	0.000000	0.000000	0.137975	0.501620	0.360404
15	tsk_15	(x)	1	:	0.000001	0.000000	0.499999	0.164145	0.107599	0.228256
16	tsk_16	(x)	1	:	0.000000	0.000000	0.000000	0.000000	0.858882	0.141118
17	tsk_17	(x)	1	:	0.000000	0.000000	0.000000	0.161790	0.563635	0.274575
18	tsk_18	(x)	1	:	0.000000	0.000000	0.000000	0.000000	0.581447	0.418553
19	tsk_19	(x)	1	:	0.000000	0.000000	0.000000	0.653465	0.000000	0.346535
20	tsk_20	(x)	1	:	0.000000	0.000000	0.500000	0.000000	0.378295	0.121705
21	tsk_21	(x)	1	:	0.000018	0.000000	0.999982	0.000000	0.000000	0.000000
22	tsk_22	(x)	1	:	0.000000	0.000000	0.000000	0.000000	0.683886	0.316114
23	tsk_23	(x)	1	:	0.488947	0.000000	0.017123	0.327995	0.082973	0.082961
24	tsk_24	(x)	1	:	0.000001	0.000000	0.499999	0.073515	0.233602	0.192883
25	tsk_25	(x)	1	:	0.000005	0.000000	0.499994	0.100676	0.265702	0.133622
26	tsk_26	(x)	1	:	0.501838	0.000000	0.498162	0.000000	0.000000	0.000000
27	tsk_27	(x)	1	:	0.000004	0.000000	0.999995	0.000000	0.000000	0.000000
28	tsk_28	(x)	1	:	0.000000	0.000000	1.000000	0.000000	0.000000	0.000000
29	tsk_29	(x)	1	:	0.501839	0.000000	0.498161	0.000000	0.000000	0.000000
