logL = -91.574278 (converged)
AIC = 267.148555
BIC = 325.998845

count.K
10 20 

