logL = -71.662865 (converged)
AIC = 317.325729
BIC = 439.229901

count.K
3 22 5 

