0	tsk_0	(x)	1	:	0.000066	0.000005	0.470998	0.007157	0.021818	0.499956
1	tsk_1	(x)	1	:	0.000000	0.000000	0.000000	0.242271	0.257731	0.499998
2	tsk_2	(x)	1	:	0.000001	0.000005	0.523215	0.000012	0.000006	0.476761
3	tsk_3	(x)	1	:	0.000000	0.000000	0.471073	0.085620	0.443307	0.000000
4	tsk_4	(x)	1	:	0.000000	0.000000	0.588441	0.166321	0.245238	0.000000
5	tsk_5	(x)	1	:	0.000000	0.000000	0.471073	0.104969	0.423958	0.000000
6	tsk_6	(x)	1	:	0.000023	0.000004	0.470971	0.008435	0.020602	0.499965
7	tsk_7	(x)	1	:	0.000043	0.000003	0.471013	0.011501	0.017473	0.499967
8	tsk_8	(x)	1	:	0.000077	0.000000	0.470896	0.007746	0.021348	0.499932
9	tsk_9	(x)	1	:	0.000000	0.000000	0.000000	0.177898	0.322103	0.499999
10	tsk_10	(x)	1	:	1.000000	0.000000	0.000000	0.000000	0.000000	0.000000
11	tsk_11	(x)	1	:	0.554750	0.000000	0.444774	0.000393	0.000082	0.000000
12	tsk_12	(x)	1	:	0.999997	0.000000	0.000000	0.000003	0.000000	0.000000
13	tsk_13	(x)	1	:	0.457638	0.000000	0.470893	0.013675	0.057794	0.000000
14	tsk_14	(x)	1	:	0.999994	0.000000	0.000000	0.000004	0.000001	0.000000
15	tsk_15	(x)	1	:	0.999998	0.000000	0.000000	0.000001	0.000001	0.000000
16	tsk_16	(x)	1	:	1.000000	0.000000	0.000000	0.000000	0.000000	0.000000
17	tsk_17	(x)	1	:	0.482949	0.000000	0.000000	0.000001	0.000000	0.517049
18	tsk_18	(x)	1	:	0.482949	0.000000	0.000000	0.000002	0.000000	0.517049
19	tsk_19	(x)	1	:	0.999999	0.000000	0.000000	0.000000	0.000000	0.000001
20	tsk_20	(x)	1	:	0.000000	0.000002	0.000000	0.119968	0.880029	0.000000
21	tsk_21	(x)	1	:	0.000180	0.489073	0.000000	0.006119	0.006185	0.498442
22	tsk_22	(x)	1	:	0.000000	0.000000	0.000000	0.305860	0.194142	0.499998
23	tsk_23	(x)	1	:	0.000000	0.000000	0.000000	0.233300	0.766699	0.000000
24	tsk_24	(x)	1	:	0.000000	0.000000	0.000000	0.000000	0.000000	1.000000
25	tsk_25	(x)	1	:	0.000000	0.000000	0.000000	0.432086	0.567914	0.000000
26	tsk_26	(x)	1	:	0.000193	0.489115	0.000000	0.006792	0.005456	0.498445
27	tsk_27	(x)	1	:	0.000000	0.000000	0.000000	0.000000	0.000000	1.000000
28	tsk_28	(x)	1	:	0.000000	0.000000	0.000000	0.402957	0.097046	0.499997
29	tsk_29	(x)	1	:	0.000000	0.499417	0.000000	0.110158	0.390425	0.000000
