logL = -17.952654 (converged)
AIC = 383.905308
BIC = 627.713653

count.K
1 2 17 3 6 1 

