0	tsk_0	(x)	1	:	0.000000	0.355713	0.333936	0.310352	0.000000
1	tsk_1	(x)	1	:	0.000000	0.355713	0.333936	0.310352	0.000000
2	tsk_2	(x)	1	:	0.000000	0.517108	0.482892	0.000000	0.000000
3	tsk_3	(x)	1	:	0.000000	0.538938	0.000000	0.461062	0.000000
4	tsk_4	(x)	1	:	0.000000	0.683648	0.316352	0.000000	0.000000
5	tsk_5	(x)	1	:	0.000000	0.357602	0.334166	0.308231	0.000000
6	tsk_6	(x)	1	:	0.000000	0.000000	0.686382	0.313618	0.000000
7	tsk_7	(x)	1	:	0.000000	0.000000	1.000000	0.000000	0.000000
8	tsk_8	(x)	1	:	0.000000	0.000000	0.685893	0.314107	0.000000
9	tsk_9	(x)	1	:	0.000000	0.523846	0.246228	0.229926	0.000000
10	tsk_10	(x)	1	:	0.000000	0.000000	0.000000	0.000000	0.999999
11	tsk_11	(x)	1	:	0.000000	0.000000	0.523389	0.476611	0.000000
12	tsk_12	(x)	1	:	0.000000	0.534749	0.000000	0.465251	0.000000
13	tsk_13	(x)	1	:	0.000000	0.699435	0.000000	0.300565	0.000000
14	tsk_14	(x)	1	:	0.000000	0.515855	0.484145	0.000000	0.000000
15	tsk_15	(x)	1	:	0.000000	0.000000	1.000000	0.000000	0.000000
16	tsk_16	(x)	1	:	0.000000	1.000000	0.000000	0.000000	0.000000
17	tsk_17	(x)	1	:	0.000000	0.000000	0.500114	0.000000	0.499886
18	tsk_18	(x)	1	:	0.000000	0.000000	1.000000	0.000000	0.000000
19	tsk_19	(x)	1	:	0.639880	0.000000	0.000000	0.000000	0.360120
20	tsk_20	(x)	1	:	0.000000	0.270733	0.254289	0.474978	0.000000
21	tsk_21	(x)	1	:	0.000000	0.365557	0.000000	0.634443	0.000000
22	tsk_22	(x)	1	:	0.000000	0.000000	1.000000	0.000000	0.000000
23	tsk_23	(x)	1	:	0.000000	0.357602	0.334166	0.308231	0.000000
24	tsk_24	(x)	1	:	0.000000	1.000000	0.000000	0.000000	0.000000
25	tsk_25	(x)	1	:	0.000000	0.000000	0.000000	1.000000	0.000000
26	tsk_26	(x)	1	:	0.000000	0.347295	0.652705	0.000000	0.000000
27	tsk_27	(x)	1	:	0.000000	0.347295	0.652705	0.000000	0.000000
28	tsk_28	(x)	1	:	0.000000	1.000000	0.000000	0.000000	0.000000
29	tsk_29	(x)	1	:	0.999999	0.000000	0.000000	0.000000	0.000000
