0	tsk_0	(x)	1	:	0.000000	0.000000	0.000000	1.000000	0.000000	0.000000
1	tsk_1	(x)	1	:	0.000000	0.000000	0.498904	0.494435	0.000000	0.006661
2	tsk_2	(x)	1	:	0.000000	0.000000	0.000000	0.500000	0.339618	0.160381
3	tsk_3	(x)	1	:	0.000000	0.000000	1.000000	0.000000	0.000000	0.000000
4	tsk_4	(x)	1	:	0.000000	0.000000	0.000000	1.000000	0.000000	0.000000
5	tsk_5	(x)	1	:	0.000000	0.000000	0.498922	0.494526	0.000000	0.006552
6	tsk_6	(x)	1	:	0.000000	0.000000	0.000000	1.000000	0.000000	0.000000
7	tsk_7	(x)	1	:	0.000000	0.000000	0.000000	1.000000	0.000000	0.000000
8	tsk_8	(x)	1	:	0.000000	0.000000	0.000000	0.500000	0.277768	0.222232
9	tsk_9	(x)	1	:	0.000000	0.000000	0.000000	0.500000	0.246479	0.253520
10	tsk_10	(x)	1	:	0.000000	0.000000	0.500009	0.000000	0.074346	0.425645
11	tsk_11	(x)	1	:	0.000000	0.000000	0.000000	0.000000	0.782540	0.217460
12	tsk_12	(x)	1	:	0.000000	0.000000	0.000000	0.000000	0.917538	0.082462
13	tsk_13	(x)	1	:	0.000000	0.000000	0.000000	0.000000	0.753848	0.246152
14	tsk_14	(x)	1	:	0.000000	0.000000	0.000000	0.000000	0.894608	0.105392
15	tsk_15	(x)	1	:	0.000000	0.000000	0.000000	0.000000	0.884886	0.115114
16	tsk_16	(x)	1	:	0.000000	0.000000	0.000000	0.000000	0.913226	0.086773
17	tsk_17	(x)	1	:	0.000000	0.000000	0.000000	0.000000	0.816115	0.183885
18	tsk_18	(x)	1	:	0.000000	0.000000	0.000000	0.000000	0.912806	0.087194
19	tsk_19	(x)	1	:	0.000000	0.000000	0.000000	0.000000	0.734888	0.265112
20	tsk_20	(x)	1	:	0.000000	0.000000	0.000000	0.500000	0.000000	0.500000
21	tsk_21	(x)	1	:	0.499999	0.000000	0.000000	0.000000	0.484660	0.015341
22	tsk_22	(x)	1	:	0.000000	0.000000	0.000000	0.500000	0.340172	0.159827
23	tsk_23	(x)	1	:	0.000000	0.534410	0.000000	0.000000	0.449199	0.016392
24	tsk_24	(x)	1	:	0.484691	0.515309	0.000000	0.000000	0.000000	0.000000
25	tsk_25	(x)	1	:	0.000000	0.000000	0.000000	1.000000	0.000000	0.000000
26	tsk_26	(x)	1	:	0.000000	0.000000	0.000000	1.000000	0.000000	0.000000
27	tsk_27	(x)	1	:	0.000000	0.000000	0.000000	0.500000	0.500000	0.000000
28	tsk_28	(x)	1	:	0.000000	0.000000	0.000000	0.000000	0.650569	0.349431
29	tsk_29	(x)	1	:	0.499988	0.000000	0.000000	0.000000	0.000000	0.500012
