logL = -57.411867 (converged)
AIC = 190.823733
BIC = 244.069234

count.K
8 22 

