logL = -51.293541 (converged)
AIC = 472.587082
BIC = 731.808597

count.K
8 0 16 3 3 

