logL = -91.827059 (not converged)
AIC = 191.654117
BIC = 197.258907

count.K
30 

