logL = -138.929026 (converged)
AIC = 487.858052
BIC = 634.983777

count.K
4 6 20 

