logL = -107.568268 (converged)
AIC = 523.136535
BIC = 738.920932

count.K
9 7 10 4 

