logL = -88.253095 (converged)
AIC = 420.506190
BIC = 591.452271

count.K
7 2 5 16 

