logL = -50.637275 (converged)
AIC = 471.274551
BIC = 730.496067

count.K
4 1 8 14 3 

