logL = -225.234975 (converged)
AIC = 850.469949
BIC = 1130.709426

count.K
11 10 1 4 4 

