logL = -54.328810 (converged)
AIC = 516.657621
BIC = 802.501887

count.K
10 1 2 1 8 8 

