logL = -33.993144 (converged)
AIC = 211.986287
BIC = 312.872498

count.K
18 5 7 

