logL = -24.899119 (converged)
AIC = 397.798239
BIC = 641.606583

count.K
4 1 8 5 7 5 

