logL = -43.865710 (converged)
AIC = 447.731420
BIC = 699.946948

count.K
3 7 5 6 8 1 

