logL = -32.218229 (converged)
AIC = 448.436459
BIC = 717.466356

count.K
1 4 7 9 3 6 

