logL = -21.808822 (converged)
AIC = 323.617643
BIC = 519.785277

count.K
14 2 8 2 4 

