logL = -52.767232 (converged)
AIC = 185.534463
BIC = 241.582359

count.K
11 19 

