logL = -117.687277 (converged)
AIC = 331.374553
BIC = 398.632028

count.K
16 14 

