logL = -196.062169 (converged)
AIC = 614.124338
BIC = 769.657248

count.K
2 11 17 

