0	tsk_0	(x)	1	:	0.000000	0.000000	0.000000	0.267035	0.732965
1	tsk_1	(x)	1	:	0.000000	0.000000	0.000000	0.136901	0.863099
2	tsk_2	(x)	1	:	0.000000	0.000000	0.000000	0.094629	0.905371
3	tsk_3	(x)	1	:	0.000000	0.000000	0.000000	0.097194	0.902806
4	tsk_4	(x)	1	:	0.000000	0.000000	0.000000	1.000000	0.000000
5	tsk_5	(x)	1	:	0.000000	0.000000	0.298001	0.180991	0.521008
6	tsk_6	(x)	1	:	0.000000	0.000000	0.000000	0.191071	0.808929
7	tsk_7	(x)	1	:	0.000000	0.000000	0.000000	0.129129	0.870871
8	tsk_8	(x)	1	:	0.000000	0.000000	0.298001	0.214204	0.487795
9	tsk_9	(x)	1	:	0.000000	0.000000	0.000000	0.000000	1.000000
10	tsk_10	(x)	1	:	0.000000	0.000000	0.000000	0.000000	1.000000
11	tsk_11	(x)	1	:	0.000000	0.000000	0.000000	0.196934	0.803065
12	tsk_12	(x)	1	:	0.000000	0.000000	0.000000	0.284834	0.715166
13	tsk_13	(x)	1	:	0.000000	0.000000	0.000000	0.197788	0.802212
14	tsk_14	(x)	1	:	0.000000	0.000000	0.000000	0.035352	0.964648
15	tsk_15	(x)	1	:	0.000000	0.000000	0.000000	0.125659	0.874341
16	tsk_16	(x)	1	:	0.000000	0.000000	0.000000	0.289612	0.710388
17	tsk_17	(x)	1	:	0.000000	0.000000	0.000000	0.193470	0.806530
18	tsk_18	(x)	1	:	0.000000	0.000000	0.000000	0.057388	0.942612
19	tsk_19	(x)	1	:	0.000000	0.000000	0.000000	0.016755	0.983245
20	tsk_20	(x)	1	:	0.000000	0.000000	0.000000	0.357659	0.642341
21	tsk_21	(x)	1	:	0.523922	0.459569	0.000000	0.002787	0.013722
22	tsk_22	(x)	1	:	1.000000	0.000000	0.000000	0.000000	0.000000
23	tsk_23	(x)	1	:	1.000000	0.000000	0.000000	0.000000	0.000000
24	tsk_24	(x)	1	:	0.000000	0.646214	0.000000	0.049031	0.304755
25	tsk_25	(x)	1	:	1.000000	0.000000	0.000000	0.000000	0.000000
26	tsk_26	(x)	1	:	0.000000	0.000000	0.000000	0.263855	0.736145
27	tsk_27	(x)	1	:	0.000000	0.000000	0.000000	0.043218	0.956782
28	tsk_28	(x)	1	:	0.000000	1.000000	0.000000	0.000000	0.000000
29	tsk_29	(x)	1	:	0.499864	0.000000	0.497445	0.002690	0.000000
