0	tsk_0	(x)	1	:	0.204197	0.000000	0.132435	0.000000	0.500000	0.163368
1	tsk_1	(x)	1	:	0.000000	0.000000	0.000000	0.000000	1.000000	0.000000
2	tsk_2	(x)	1	:	0.502432	0.000000	0.204486	0.000000	0.000000	0.293082
3	tsk_3	(x)	1	:	0.000000	0.480615	0.000000	0.000000	0.519385	0.000000
4	tsk_4	(x)	1	:	0.282206	0.000000	0.372212	0.000000	0.000000	0.345582
5	tsk_5	(x)	1	:	0.324500	0.000000	0.278625	0.000000	0.000000	0.396876
6	tsk_6	(x)	1	:	0.640200	0.000000	0.359800	0.000000	0.000000	0.000000
7	tsk_7	(x)	1	:	0.272623	0.000000	0.152780	0.000000	0.500000	0.074597
8	tsk_8	(x)	1	:	0.191243	0.000000	0.096306	0.000000	0.500000	0.212451
9	tsk_9	(x)	1	:	0.000000	0.000000	0.000000	0.000000	1.000000	0.000000
10	tsk_10	(x)	1	:	0.000000	0.000002	0.000000	0.410705	0.000001	0.589292
11	tsk_11	(x)	1	:	0.015259	0.480614	0.100691	0.000000	0.000002	0.403435
12	tsk_12	(x)	1	:	0.405344	0.000000	0.065564	0.181449	0.000000	0.347643
13	tsk_13	(x)	1	:	0.000000	0.000004	0.310116	0.410705	0.000001	0.279175
14	tsk_14	(x)	1	:	0.065031	0.480614	0.177363	0.000000	0.000001	0.276991
15	tsk_15	(x)	1	:	0.000000	1.000000	0.000000	0.000000	0.000000	0.000000
16	tsk_16	(x)	1	:	0.000000	0.655685	0.000003	0.344312	0.000000	0.000000
17	tsk_17	(x)	1	:	0.498818	0.000000	0.206831	0.000000	0.000000	0.294352
18	tsk_18	(x)	1	:	0.382445	0.000000	0.157970	0.000000	0.000000	0.459585
19	tsk_19	(x)	1	:	0.032513	0.363471	0.240324	0.241005	0.000000	0.122687
20	tsk_20	(x)	1	:	0.323817	0.000000	0.278206	0.000000	0.000000	0.397977
21	tsk_21	(x)	1	:	0.685154	0.000000	0.128660	0.000000	0.000000	0.186186
22	tsk_22	(x)	1	:	0.568809	0.000000	0.321056	0.000000	0.000000	0.110135
23	tsk_23	(x)	1	:	0.000000	0.000000	0.310717	0.000000	0.000000	0.689283
24	tsk_24	(x)	1	:	0.528758	0.000000	0.329779	0.000000	0.000000	0.141463
25	tsk_25	(x)	1	:	0.753700	0.000000	0.148714	0.000000	0.000000	0.097585
26	tsk_26	(x)	1	:	0.760686	0.000000	0.097991	0.000000	0.000000	0.141323
27	tsk_27	(x)	1	:	0.269060	0.000000	0.226983	0.000000	0.000000	0.503957
28	tsk_28	(x)	1	:	0.565052	0.000000	0.227421	0.000000	0.000000	0.207527
29	tsk_29	(x)	1	:	0.299488	0.000000	0.533061	0.000000	0.000000	0.167451
