logL = -64.498987 (converged)
AIC = 364.997974
BIC = 530.339265

count.K
6 4 12 8 

