0	tsk_0	(x)	1	:	0.000000	0.000000	1.000000	0.000000	0.000000
1	tsk_1	(x)	1	:	0.000000	0.000000	1.000000	0.000000	0.000000
2	tsk_2	(x)	1	:	0.000000	0.000000	1.000000	0.000000	0.000000
3	tsk_3	(x)	1	:	0.000000	0.000000	0.981662	0.000000	0.018338
4	tsk_4	(x)	1	:	0.000000	0.000000	0.604328	0.000000	0.395672
5	tsk_5	(x)	1	:	0.000000	0.977537	0.022463	0.000000	0.000000
6	tsk_6	(x)	1	:	0.000000	0.000000	1.000000	0.000000	0.000000
7	tsk_7	(x)	1	:	0.000000	0.000000	0.861067	0.000000	0.138933
8	tsk_8	(x)	1	:	0.000000	0.000000	0.629723	0.319847	0.050429
9	tsk_9	(x)	1	:	0.000000	0.000000	0.999418	0.000000	0.000582
10	tsk_10	(x)	1	:	0.000000	0.000000	0.999779	0.000000	0.000221
11	tsk_11	(x)	1	:	0.500000	0.000000	0.053661	0.000000	0.446339
12	tsk_12	(x)	1	:	0.500000	0.000000	0.201353	0.000000	0.298647
13	tsk_13	(x)	1	:	0.000000	0.000000	1.000000	0.000000	0.000000
14	tsk_14	(x)	1	:	0.000000	0.000000	0.803713	0.000000	0.196287
15	tsk_15	(x)	1	:	0.000000	0.000000	0.000000	0.000000	1.000000
16	tsk_16	(x)	1	:	1.000000	0.000000	0.000000	0.000000	0.000000
17	tsk_17	(x)	1	:	0.000000	0.000000	1.000000	0.000000	0.000000
18	tsk_18	(x)	1	:	0.500000	0.000000	0.296843	0.000000	0.203157
19	tsk_19	(x)	1	:	0.000000	0.000000	0.799136	0.000000	0.200864
20	tsk_20	(x)	1	:	0.498063	0.000000	0.000000	0.448877	0.053061
21	tsk_21	(x)	1	:	0.498145	0.000000	0.000000	0.449042	0.052813
22	tsk_22	(x)	1	:	0.500000	0.000000	0.086251	0.000000	0.413749
23	tsk_23	(x)	1	:	0.000000	0.000000	0.898645	0.000000	0.101355
24	tsk_24	(x)	1	:	0.500262	0.000000	0.000000	0.453286	0.046452
25	tsk_25	(x)	1	:	1.000000	0.000000	0.000000	0.000000	0.000000
26	tsk_26	(x)	1	:	0.500000	0.000000	0.152677	0.000000	0.347323
27	tsk_27	(x)	1	:	1.000000	0.000000	0.000000	0.000000	0.000000
28	tsk_28	(x)	1	:	1.000000	0.000000	0.000000	0.000000	0.000000
29	tsk_29	(x)	1	:	0.000000	0.000000	0.000000	1.000000	0.000000
