0	tsk_0	(x)	1	:	0.000000	0.089581	0.000000	0.000000	0.910419	0.000000
1	tsk_1	(x)	1	:	0.000000	0.423590	0.500000	0.000000	0.076410	0.000000
2	tsk_2	(x)	1	:	0.000000	0.000000	0.500000	0.000000	0.500000	0.000000
3	tsk_3	(x)	1	:	0.000000	0.500000	0.500000	0.000000	0.000000	0.000000
4	tsk_4	(x)	1	:	0.000000	0.499997	0.500001	0.000000	0.000002	0.000000
5	tsk_5	(x)	1	:	0.000000	0.000000	1.000000	0.000000	0.000000	0.000000
6	tsk_6	(x)	1	:	0.000000	0.311584	0.500000	0.000000	0.188416	0.000000
7	tsk_7	(x)	1	:	0.000000	0.280222	0.500000	0.000000	0.219778	0.000000
8	tsk_8	(x)	1	:	0.000000	0.337530	0.500000	0.000000	0.162470	0.000000
9	tsk_9	(x)	1	:	0.000000	0.000000	1.000000	0.000000	0.000000	0.000000
10	tsk_10	(x)	1	:	0.000000	0.000000	0.000000	0.000000	0.000000	1.000000
11	tsk_11	(x)	1	:	1.000000	0.000000	0.000000	0.000000	0.000000	0.000000
12	tsk_12	(x)	1	:	0.000000	0.000000	0.000000	0.000000	0.000000	1.000000
13	tsk_13	(x)	1	:	0.488415	0.000000	0.000000	0.000000	0.023130	0.488455
14	tsk_14	(x)	1	:	0.499972	0.000026	0.000000	0.000000	0.000051	0.499951
15	tsk_15	(x)	1	:	0.000000	0.021015	0.000000	0.000000	0.481029	0.497955
16	tsk_16	(x)	1	:	0.488694	0.000604	0.000000	0.000000	0.021969	0.488733
17	tsk_17	(x)	1	:	0.499972	0.000026	0.000000	0.000000	0.000051	0.499951
18	tsk_18	(x)	1	:	0.488054	0.000000	0.000000	0.000000	0.023850	0.488096
19	tsk_19	(x)	1	:	0.492741	0.014503	0.000000	0.000000	0.000000	0.492757
20	tsk_20	(x)	1	:	0.000000	0.059395	0.000000	0.000000	0.940605	0.000000
21	tsk_21	(x)	1	:	0.000000	0.000000	0.000000	0.000000	1.000000	0.000000
22	tsk_22	(x)	1	:	0.000000	0.021929	0.000000	0.000000	0.978071	0.000000
23	tsk_23	(x)	1	:	0.000000	1.000000	0.000000	0.000000	0.000000	0.000000
24	tsk_24	(x)	1	:	0.000000	0.999996	0.000000	0.000004	0.000000	0.000000
25	tsk_25	(x)	1	:	0.000000	0.030559	0.000000	0.000000	0.969441	0.000000
26	tsk_26	(x)	1	:	0.000000	0.000000	0.000000	0.000000	1.000000	0.000000
27	tsk_27	(x)	1	:	0.000000	0.000000	0.000000	0.000000	1.000000	0.000000
28	tsk_28	(x)	1	:	0.000000	0.000000	0.000000	0.999259	0.000741	0.000000
29	tsk_29	(x)	1	:	0.000000	0.065096	0.000000	0.000000	0.934904	0.000000
