logL = -66.609517 (converged)
AIC = 463.219034
BIC = 694.416602

count.K
15 3 3 4 5 

