0	tsk_0	(x)	1	:	0.000000	0.000000	0.707558	0.000000	0.000000	0.292442
1	tsk_1	(x)	1	:	0.000001	0.000180	0.012700	0.517317	0.461955	0.007848
2	tsk_2	(x)	1	:	0.000000	0.000000	0.907412	0.000000	0.000000	0.092588
3	tsk_3	(x)	1	:	0.000000	0.000000	0.587533	0.000000	0.000000	0.412466
4	tsk_4	(x)	1	:	0.000000	0.000000	0.476503	0.000000	0.000000	0.523497
5	tsk_5	(x)	1	:	0.000000	0.000000	0.593351	0.000000	0.000000	0.406649
6	tsk_6	(x)	1	:	0.000001	0.000124	0.007777	0.517473	0.464377	0.010248
7	tsk_7	(x)	1	:	0.000001	0.000118	0.000000	0.517764	0.469032	0.013085
8	tsk_8	(x)	1	:	0.483666	0.096133	0.212592	0.000001	0.000001	0.207607
9	tsk_9	(x)	1	:	0.000000	0.000000	0.845183	0.000000	0.000000	0.154817
10	tsk_10	(x)	1	:	0.476605	0.137697	0.185009	0.000000	0.000001	0.200687
11	tsk_11	(x)	1	:	0.467526	0.191132	0.137414	0.000001	0.000002	0.203925
12	tsk_12	(x)	1	:	0.000000	0.000000	0.990536	0.000000	0.000000	0.009464
13	tsk_13	(x)	1	:	0.000000	0.000000	0.801885	0.000000	0.000000	0.198115
14	tsk_14	(x)	1	:	0.000000	0.000000	0.667704	0.000000	0.000000	0.332296
15	tsk_15	(x)	1	:	0.000000	0.000000	0.450491	0.000000	0.000000	0.549509
16	tsk_16	(x)	1	:	0.478197	0.128326	0.203703	0.000000	0.000002	0.189772
17	tsk_17	(x)	1	:	0.471997	0.164814	0.144817	0.000001	0.000002	0.218369
18	tsk_18	(x)	1	:	1.000000	0.000000	0.000000	0.000000	0.000000	0.000000
19	tsk_19	(x)	1	:	0.462562	0.220351	0.097470	0.000001	0.000003	0.219613
20	tsk_20	(x)	1	:	0.478555	0.126216	0.175904	0.000001	0.000002	0.219322
21	tsk_21	(x)	1	:	1.000000	0.000000	0.000000	0.000000	0.000000	0.000000
22	tsk_22	(x)	1	:	1.000000	0.000000	0.000000	0.000000	0.000000	0.000000
23	tsk_23	(x)	1	:	1.000000	0.000000	0.000000	0.000000	0.000000	0.000000
24	tsk_24	(x)	1	:	1.000000	0.000000	0.000000	0.000000	0.000000	0.000000
25	tsk_25	(x)	1	:	1.000000	0.000000	0.000000	0.000000	0.000000	0.000000
26	tsk_26	(x)	1	:	0.472969	0.159093	0.120555	0.000001	0.000001	0.247381
27	tsk_27	(x)	1	:	0.000000	0.000000	0.641582	0.000000	0.000000	0.358418
28	tsk_28	(x)	1	:	1.000000	0.000000	0.000000	0.000000	0.000000	0.000000
29	tsk_29	(x)	1	:	1.000000	0.000000	0.000000	0.000000	0.000000	0.000000
