logL = -56.048267 (converged)
AIC = 188.096535
BIC = 241.342035

count.K
19 11 

