logL = -28.610653 (converged)
AIC = 337.221307
BIC = 533.388940

count.K
2 10 4 10 4 

