logL = -98.427765 (converged)
AIC = 526.855529
BIC = 758.053097

count.K
9 8 8 2 3 

