logL = -52.553898 (converged)
AIC = 405.107795
BIC = 615.287402

count.K
1 6 8 7 8 

