logL = -50.187012 (converged)
AIC = 320.374024
BIC = 474.505736

count.K
15 4 8 3 

