logL = -36.968861 (converged)
AIC = 229.937722
BIC = 339.231118

count.K
5 9 16 

