logL = -39.712864 (converged)
AIC = 151.425727
BIC = 201.868833

count.K
10 20 

