logL = -27.305349 (converged)
AIC = 414.610697
BIC = 666.826226

count.K
4 5 2 1 3 15 

