0	tsk_0	(x)	1	:	0.000000	0.486146	0.013137	0.500717	0.000000	0.000000
1	tsk_1	(x)	1	:	0.495098	0.140090	0.355009	0.000000	0.000000	0.009804
2	tsk_2	(x)	1	:	0.495632	0.000870	0.004079	0.495681	0.000000	0.003738
3	tsk_3	(x)	1	:	0.492700	0.135451	0.357249	0.000000	0.000000	0.014600
4	tsk_4	(x)	1	:	0.000000	0.420444	0.078839	0.500717	0.000000	0.000000
5	tsk_5	(x)	1	:	0.000000	0.874250	0.125750	0.000000	0.000000	0.000000
6	tsk_6	(x)	1	:	0.000000	0.342324	0.156959	0.500717	0.000000	0.000000
7	tsk_7	(x)	1	:	0.495349	0.173721	0.321628	0.000000	0.000000	0.009301
8	tsk_8	(x)	1	:	0.495002	0.000000	0.495002	0.000000	0.000000	0.009997
9	tsk_9	(x)	1	:	0.000000	0.421328	0.077955	0.500717	0.000000	0.000000
10	tsk_10	(x)	1	:	0.000000	0.000000	0.000000	0.000000	0.664481	0.335519
11	tsk_11	(x)	1	:	0.000000	0.000000	0.500000	0.000000	0.000000	0.500000
12	tsk_12	(x)	1	:	0.000000	0.006995	0.001404	0.496145	0.000000	0.495455
13	tsk_13	(x)	1	:	0.000000	0.000000	0.000000	0.000000	0.000000	1.000000
14	tsk_14	(x)	1	:	0.000000	0.000000	0.000000	0.000000	0.000000	1.000000
15	tsk_15	(x)	1	:	0.000000	0.476891	0.023109	0.000000	0.000000	0.500000
16	tsk_16	(x)	1	:	0.249607	0.103021	0.317912	0.000000	0.329460	0.000000
17	tsk_17	(x)	1	:	0.728012	0.000000	0.000000	0.000000	0.271988	0.000000
18	tsk_18	(x)	1	:	1.000000	0.000000	0.000000	0.000000	0.000000	0.000000
19	tsk_19	(x)	1	:	0.000001	0.069736	0.407920	0.000000	0.522343	0.000000
20	tsk_20	(x)	1	:	0.495044	0.119007	0.376037	0.000000	0.000000	0.009912
21	tsk_21	(x)	1	:	0.000000	0.405589	0.094411	0.000000	0.000000	0.500000
22	tsk_22	(x)	1	:	0.500000	0.000000	0.000000	0.000000	0.000000	0.500000
23	tsk_23	(x)	1	:	0.492720	0.094109	0.398612	0.000000	0.000000	0.014560
24	tsk_24	(x)	1	:	0.000000	0.411822	0.088178	0.000000	0.000000	0.500000
25	tsk_25	(x)	1	:	1.000000	0.000000	0.000000	0.000000	0.000000	0.000000
26	tsk_26	(x)	1	:	0.495242	0.155083	0.340159	0.000000	0.000000	0.009515
27	tsk_27	(x)	1	:	0.000000	0.446227	0.053773	0.000000	0.000000	0.500000
28	tsk_28	(x)	1	:	0.500000	0.000000	0.000000	0.000000	0.000000	0.500000
29	tsk_29	(x)	1	:	0.495291	0.086286	0.409005	0.000000	0.000000	0.009418
