logL = -45.471314 (converged)
AIC = 246.942629
BIC = 356.236025

count.K
5 9 16 

