0	tsk_0	(x)	1	:	0.000000	0.000000	0.000000	0.282925	0.497032	0.220043
1	tsk_1	(x)	1	:	0.011161	0.000000	0.000000	0.366166	0.000000	0.622673
2	tsk_2	(x)	1	:	0.000003	0.499280	0.000000	0.001243	0.499281	0.000193
3	tsk_3	(x)	1	:	0.030311	0.000000	0.000000	0.320480	0.498497	0.150712
4	tsk_4	(x)	1	:	0.000000	0.000000	0.000000	0.578534	0.000000	0.421466
5	tsk_5	(x)	1	:	0.000000	0.000000	0.000000	0.000001	0.999998	0.000001
6	tsk_6	(x)	1	:	0.000000	0.000000	0.000000	0.366173	0.000000	0.633827
7	tsk_7	(x)	1	:	0.002339	0.000000	0.000000	0.423177	0.000000	0.574484
8	tsk_8	(x)	1	:	0.037482	0.000000	0.000000	0.356277	0.000001	0.606240
9	tsk_9	(x)	1	:	0.009122	0.000000	0.000000	0.274199	0.499107	0.217572
10	tsk_10	(x)	1	:	0.000000	0.000000	1.000000	0.000000	0.000000	0.000000
11	tsk_11	(x)	1	:	0.051408	0.000000	0.000000	0.369851	0.000000	0.578741
12	tsk_12	(x)	1	:	0.500003	0.000000	0.499997	0.000000	0.000000	0.000000
13	tsk_13	(x)	1	:	0.395912	0.000000	0.499998	0.008970	0.000000	0.095120
14	tsk_14	(x)	1	:	0.000000	0.000000	1.000000	0.000000	0.000000	0.000000
15	tsk_15	(x)	1	:	0.500003	0.000000	0.499996	0.000000	0.000000	0.000000
16	tsk_16	(x)	1	:	0.500003	0.000000	0.499997	0.000000	0.000000	0.000000
17	tsk_17	(x)	1	:	0.282636	0.000000	0.499998	0.033913	0.000000	0.183452
18	tsk_18	(x)	1	:	0.014491	0.000000	0.000000	0.329526	0.000000	0.655983
19	tsk_19	(x)	1	:	0.033896	0.000000	0.000000	0.589349	0.000000	0.376754
20	tsk_20	(x)	1	:	0.074080	0.000000	0.000000	0.466055	0.000000	0.459865
21	tsk_21	(x)	1	:	0.007788	0.000000	0.000000	0.765028	0.000000	0.227184
22	tsk_22	(x)	1	:	0.022869	0.000000	0.000000	0.436403	0.000000	0.540729
23	tsk_23	(x)	1	:	0.000303	0.000000	0.000000	0.426750	0.000000	0.572947
24	tsk_24	(x)	1	:	0.019646	0.000000	0.000000	0.720425	0.000000	0.259929
25	tsk_25	(x)	1	:	0.019187	0.000000	0.000000	0.541272	0.000000	0.439542
26	tsk_26	(x)	1	:	0.015155	0.000000	0.000000	0.600277	0.000000	0.384568
27	tsk_27	(x)	1	:	0.018568	0.000000	0.000000	0.360994	0.000000	0.620438
28	tsk_28	(x)	1	:	0.012724	0.000000	0.000000	0.602765	0.000000	0.384511
29	tsk_29	(x)	1	:	0.050202	0.000000	0.000000	0.582649	0.000000	0.367148
