logL = -70.097941 (converged)
AIC = 548.195882
BIC = 834.040148

count.K
3 8 8 5 5 1 

