0	tsk_0	(x)	1	:	0.000000	0.877353	0.000000	0.122647	0.000000	0.000000
1	tsk_1	(x)	1	:	0.000000	0.729470	0.000000	0.270530	0.000000	0.000000
2	tsk_2	(x)	1	:	0.000000	0.794234	0.000000	0.205766	0.000000	0.000000
3	tsk_3	(x)	1	:	0.000000	0.728319	0.000000	0.271681	0.000000	0.000000
4	tsk_4	(x)	1	:	0.000000	0.631146	0.000003	0.368851	0.000000	0.000001
5	tsk_5	(x)	1	:	0.000000	0.379401	0.000000	0.620599	0.000000	0.000000
6	tsk_6	(x)	1	:	0.000000	0.844110	0.000000	0.155890	0.000000	0.000000
7	tsk_7	(x)	1	:	0.995904	0.000000	0.000000	0.004096	0.000000	0.000000
8	tsk_8	(x)	1	:	0.000000	0.659788	0.000001	0.340210	0.000000	0.000001
9	tsk_9	(x)	1	:	0.000000	0.411426	0.000000	0.588574	0.000000	0.000000
10	tsk_10	(x)	1	:	0.000000	0.000000	0.003846	0.500015	0.000000	0.496139
11	tsk_11	(x)	1	:	0.000000	0.000001	0.000847	0.000001	0.470049	0.529103
12	tsk_12	(x)	1	:	0.000000	0.000000	0.000000	0.000000	1.000000	0.000000
13	tsk_13	(x)	1	:	0.000000	0.000000	0.000000	0.000000	0.999999	0.000001
14	tsk_14	(x)	1	:	0.000000	0.000000	0.000355	0.000004	0.470050	0.529590
15	tsk_15	(x)	1	:	0.000000	0.000000	0.000000	0.000001	0.000000	0.999999
16	tsk_16	(x)	1	:	0.000000	0.000000	0.000000	0.000000	1.000000	0.000000
17	tsk_17	(x)	1	:	0.000000	0.000000	0.000261	0.000002	0.470049	0.529688
18	tsk_18	(x)	1	:	0.000000	0.483115	0.018150	0.000000	0.462105	0.036630
19	tsk_19	(x)	1	:	0.000000	0.000000	0.024193	0.499932	0.000000	0.475874
20	tsk_20	(x)	1	:	0.000000	0.713442	0.000000	0.286558	0.000000	0.000000
21	tsk_21	(x)	1	:	0.993659	0.005382	0.000000	0.000959	0.000000	0.000000
22	tsk_22	(x)	1	:	0.000000	0.564373	0.000000	0.435627	0.000000	0.000000
23	tsk_23	(x)	1	:	0.000000	0.918173	0.000000	0.081827	0.000000	0.000000
24	tsk_24	(x)	1	:	0.943698	0.056292	0.000005	0.000000	0.000002	0.000003
25	tsk_25	(x)	1	:	0.000000	0.282619	0.057129	0.217144	0.000000	0.443108
26	tsk_26	(x)	1	:	0.000000	0.155602	0.012952	0.344370	0.000000	0.487076
27	tsk_27	(x)	1	:	0.000000	0.356408	0.015141	0.143545	0.000000	0.484906
28	tsk_28	(x)	1	:	0.000000	1.000000	0.000000	0.000000	0.000000	0.000000
29	tsk_29	(x)	1	:	0.000000	0.832726	0.000000	0.167274	0.000000	0.000000
