logL = -47.539312 (converged)
AIC = 245.078623
BIC = 350.168427

count.K
3 23 4 

