logL = -66.008591 (converged)
AIC = 540.017181
BIC = 825.861447

count.K
4 3 2 10 9 2 

