logL = -23.654128 (converged)
AIC = 259.308257
BIC = 407.835179

count.K
15 1 10 4 

