logL = -33.334909 (converged)
AIC = 438.669817
BIC = 699.292530

count.K
6 4 2 6 3 9 

