logL = -81.601214 (converged)
AIC = 343.202429
BIC = 469.310193

count.K
19 3 8 

