logL = -141.019965 (converged)
AIC = 504.039930
BIC = 659.572840

count.K
8 22 0 

