logL = -52.681726 (converged)
AIC = 549.363452
BIC = 860.429270

count.K
5 2 19 1 2 1 

