0	tsk_0	(x)	1	:	0.000000	0.211985	0.000000	0.675438	0.112577	0.000000
1	tsk_1	(x)	1	:	0.000000	0.197166	0.568807	0.000000	0.234027	0.000000
2	tsk_2	(x)	1	:	0.000000	0.000000	0.135932	0.675465	0.188603	0.000000
3	tsk_3	(x)	1	:	0.000000	0.404490	0.261518	0.000000	0.000000	0.333992
4	tsk_4	(x)	1	:	0.000000	0.175638	0.000000	0.676182	0.148181	0.000000
5	tsk_5	(x)	1	:	0.000000	0.047619	0.952381	0.000000	0.000000	0.000000
6	tsk_6	(x)	1	:	0.000000	0.074250	0.185285	0.675971	0.064494	0.000000
7	tsk_7	(x)	1	:	0.000000	0.195902	0.094179	0.676191	0.033727	0.000000
8	tsk_8	(x)	1	:	0.000000	0.095143	0.139710	0.676272	0.088875	0.000000
9	tsk_9	(x)	1	:	0.000014	0.000000	0.323799	0.676187	0.000000	0.000000
10	tsk_10	(x)	1	:	0.000000	0.000000	0.000000	0.000000	0.000000	1.000000
11	tsk_11	(x)	1	:	1.000000	0.000000	0.000000	0.000000	0.000000	0.000000
12	tsk_12	(x)	1	:	0.999800	0.000000	0.000000	0.000000	0.000000	0.000200
13	tsk_13	(x)	1	:	0.000000	0.000000	0.325014	0.025503	0.162042	0.487441
14	tsk_14	(x)	1	:	0.000000	0.000000	0.000000	0.000000	0.000000	1.000000
15	tsk_15	(x)	1	:	0.000000	0.000000	0.000000	0.000000	0.000000	1.000000
16	tsk_16	(x)	1	:	0.000000	0.235910	0.000000	0.026522	0.250631	0.486937
17	tsk_17	(x)	1	:	0.000000	0.000000	0.000000	0.000000	0.000000	1.000000
18	tsk_18	(x)	1	:	0.000000	0.000000	0.000000	0.000000	0.000000	1.000000
19	tsk_19	(x)	1	:	0.000000	0.000000	0.000000	0.000000	0.000000	1.000000
20	tsk_20	(x)	1	:	0.000000	0.057397	0.494881	0.000000	0.447722	0.000000
21	tsk_21	(x)	1	:	0.000000	0.000000	0.540607	0.000000	0.459393	0.000000
22	tsk_22	(x)	1	:	0.000000	0.000000	0.000000	0.000000	1.000000	0.000000
23	tsk_23	(x)	1	:	0.000000	0.563643	0.436357	0.000000	0.000000	0.000000
24	tsk_24	(x)	1	:	0.000000	0.246256	0.753744	0.000000	0.000000	0.000000
25	tsk_25	(x)	1	:	0.000000	0.000000	0.625144	0.000000	0.374856	0.000000
26	tsk_26	(x)	1	:	0.000000	0.000000	0.000000	0.000000	1.000000	0.000000
27	tsk_27	(x)	1	:	0.000000	0.000000	0.850020	0.000000	0.149980	0.000000
28	tsk_28	(x)	1	:	0.000000	0.000000	0.540607	0.000000	0.459393	0.000000
29	tsk_29	(x)	1	:	0.000000	0.009518	0.726733	0.000000	0.263749	0.000000
