logL = -38.547834 (converged)
AIC = 461.095667
BIC = 730.125564

count.K
14 1 12 0 0 3 

