logL = -69.445531 (converged)
AIC = 406.891063
BIC = 594.651512

count.K
5 9 0 16 

