logL = -109.233814 (converged)
AIC = 318.467628
BIC = 388.527497

count.K
10 20 

