logL = -46.124630 (converged)
AIC = 176.249260
BIC = 235.099550

count.K
6 24 

