logL = -169.799780 (converged)
AIC = 447.599560
BIC = 523.264219

count.K
17 13 

