0	tsk_0	(x)	1	:	0.000000	0.901464	0.000000	0.098536	0.000000	0.000000
1	tsk_1	(x)	1	:	0.000000	0.897350	0.000000	0.102650	0.000000	0.000000
2	tsk_2	(x)	1	:	0.000000	0.000000	0.000000	1.000000	0.000000	0.000000
3	tsk_3	(x)	1	:	0.000000	0.041717	0.958283	0.000000	0.000000	0.000000
4	tsk_4	(x)	1	:	0.000000	0.860183	0.000000	0.139817	0.000000	0.000000
5	tsk_5	(x)	1	:	0.000000	0.596847	0.000000	0.403153	0.000000	0.000000
6	tsk_6	(x)	1	:	0.000000	0.753737	0.000000	0.246263	0.000000	0.000000
7	tsk_7	(x)	1	:	0.000000	0.023375	0.964822	0.011804	0.000000	0.000000
8	tsk_8	(x)	1	:	0.000000	0.607049	0.000000	0.392951	0.000000	0.000000
9	tsk_9	(x)	1	:	0.000000	0.000000	0.000000	1.000000	0.000000	0.000000
10	tsk_10	(x)	1	:	0.432944	0.236861	0.000000	0.263174	0.000000	0.067021
11	tsk_11	(x)	1	:	1.000000	0.000000	0.000000	0.000000	0.000000	0.000000
12	tsk_12	(x)	1	:	0.000000	0.000000	0.000000	0.000000	1.000000	0.000000
13	tsk_13	(x)	1	:	0.265267	0.000000	0.000002	0.500179	0.000000	0.234551
14	tsk_14	(x)	1	:	0.000000	0.000000	0.000000	0.000000	0.000000	1.000000
15	tsk_15	(x)	1	:	0.000000	0.000000	0.000000	0.000000	0.000000	1.000000
16	tsk_16	(x)	1	:	0.691139	0.000000	0.000000	0.000000	0.000000	0.308861
17	tsk_17	(x)	1	:	0.000000	0.000000	0.000000	0.000000	0.000000	1.000000
18	tsk_18	(x)	1	:	0.688402	0.000000	0.000000	0.000000	0.000000	0.311598
19	tsk_19	(x)	1	:	0.269105	0.273255	0.000000	0.226797	0.000000	0.230842
20	tsk_20	(x)	1	:	0.000000	1.000000	0.000000	0.000000	0.000000	0.000000
21	tsk_21	(x)	1	:	0.000000	0.000000	0.000000	1.000000	0.000000	0.000000
22	tsk_22	(x)	1	:	0.000000	0.762883	0.000000	0.237117	0.000000	0.000000
23	tsk_23	(x)	1	:	0.000000	1.000000	0.000000	0.000000	0.000000	0.000000
24	tsk_24	(x)	1	:	0.000000	0.508789	0.000000	0.491211	0.000000	0.000000
25	tsk_25	(x)	1	:	0.000000	1.000000	0.000000	0.000000	0.000000	0.000000
26	tsk_26	(x)	1	:	0.000000	0.000000	0.000000	1.000000	0.000000	0.000000
27	tsk_27	(x)	1	:	0.000000	0.000000	1.000000	0.000000	0.000000	0.000000
28	tsk_28	(x)	1	:	0.000000	0.000000	1.000000	0.000000	0.000000	0.000000
29	tsk_29	(x)	1	:	0.000000	0.000000	1.000000	0.000000	0.000000	0.000000
