logL = -93.452809 (converged)
AIC = 360.905618
BIC = 482.809790

count.K
11 11 8 

