logL = -251.313856 (converged)
AIC = 602.627711
BIC = 672.687580

count.K
24 6 

