0	tsk_0	(x)	1	:	1.000000	0.000000	0.000000	0.000000	0.000000	0.000000
1	tsk_1	(x)	1	:	0.000000	0.000000	0.254218	0.500000	0.000000	0.245782
2	tsk_2	(x)	1	:	0.000079	0.000000	0.000067	0.000000	0.999849	0.000005
3	tsk_3	(x)	1	:	0.358697	0.000000	0.607077	0.000000	0.000000	0.034226
4	tsk_4	(x)	1	:	0.000000	0.499547	0.000000	0.500453	0.000000	0.000000
5	tsk_5	(x)	1	:	0.000000	0.499551	0.000000	0.500449	0.000000	0.000000
6	tsk_6	(x)	1	:	0.021713	0.500000	0.077063	0.000000	0.000000	0.401225
7	tsk_7	(x)	1	:	0.000000	0.000000	0.500000	0.500000	0.000000	0.000000
8	tsk_8	(x)	1	:	0.105906	0.000000	0.101419	0.500000	0.000000	0.292675
9	tsk_9	(x)	1	:	0.128244	0.000000	0.371756	0.500000	0.000000	0.000000
10	tsk_10	(x)	1	:	0.626354	0.000000	0.356410	0.000000	0.000000	0.017236
11	tsk_11	(x)	1	:	0.208709	0.000000	0.291291	0.500000	0.000000	0.000000
12	tsk_12	(x)	1	:	0.198478	0.000000	0.089938	0.500000	0.000000	0.211584
13	tsk_13	(x)	1	:	0.083130	0.000000	0.163571	0.500000	0.000000	0.253298
14	tsk_14	(x)	1	:	0.000000	0.000000	0.953675	0.000000	0.000000	0.046325
15	tsk_15	(x)	1	:	0.000000	0.000000	0.000000	0.500000	0.000000	0.500000
16	tsk_16	(x)	1	:	0.000000	0.000000	0.000000	1.000000	0.000000	0.000000
17	tsk_17	(x)	1	:	0.000000	0.000000	0.108372	0.500000	0.000000	0.391628
18	tsk_18	(x)	1	:	0.000000	0.000000	0.000000	1.000000	0.000000	0.000000
19	tsk_19	(x)	1	:	0.069239	0.000000	0.132610	0.500000	0.000000	0.298151
20	tsk_20	(x)	1	:	0.000000	0.000000	1.000000	0.000000	0.000000	0.000000
21	tsk_21	(x)	1	:	0.349995	0.000000	0.650005	0.000000	0.000000	0.000000
22	tsk_22	(x)	1	:	0.000000	0.000000	0.000000	0.000000	0.000000	1.000000
23	tsk_23	(x)	1	:	0.485754	0.000000	0.408259	0.000000	0.000000	0.105987
24	tsk_24	(x)	1	:	0.536927	0.000000	0.463073	0.000000	0.000000	0.000000
25	tsk_25	(x)	1	:	0.000000	0.000000	1.000000	0.000000	0.000000	0.000000
26	tsk_26	(x)	1	:	1.000000	0.000000	0.000000	0.000000	0.000000	0.000000
27	tsk_27	(x)	1	:	0.338055	0.000000	0.602939	0.000000	0.000000	0.059005
28	tsk_28	(x)	1	:	0.349995	0.000000	0.650005	0.000000	0.000000	0.000000
29	tsk_29	(x)	1	:	0.359720	0.000000	0.640280	0.000000	0.000000	0.000000
