logL = -65.873850 (converged)
AIC = 461.747699
BIC = 692.945267

count.K
9 5 3 4 9 

