logL = -57.992191 (converged)
AIC = 191.984383
BIC = 245.229883

count.K
14 16 

