logL = -55.056061 (converged)
AIC = 260.112122
BIC = 365.201926

count.K
13 3 14 

