logL = -62.138320 (converged)
AIC = 216.276640
BIC = 280.731720

count.K
11 19 

