logL = -58.935225 (converged)
AIC = 279.870450
BIC = 393.367438

count.K
3 8 19 

