logL = -82.161794 (converged)
AIC = 314.323588
BIC = 419.413391

count.K
8 14 8 

