logL = -27.882237 (converged)
AIC = 123.764473
BIC = 171.405184

count.K
20 10 

