logL = -36.148879 (converged)
AIC = 292.297759
BIC = 446.429471

count.K
11 6 12 1 

