0	tsk_0	(x)	1	:	0.307376	0.499984	0.000000	0.192640	0.000000	0.000000
1	tsk_1	(x)	1	:	0.000000	0.000000	0.000000	1.000000	0.000000	0.000000
2	tsk_2	(x)	1	:	0.744422	0.000000	0.000000	0.255578	0.000000	0.000000
3	tsk_3	(x)	1	:	1.000000	0.000000	0.000000	0.000000	0.000000	0.000000
4	tsk_4	(x)	1	:	0.744824	0.000000	0.000000	0.255176	0.000000	0.000000
5	tsk_5	(x)	1	:	0.000000	0.000000	0.000000	1.000000	0.000000	0.000000
6	tsk_6	(x)	1	:	0.753969	0.000000	0.000000	0.246031	0.000000	0.000000
7	tsk_7	(x)	1	:	0.000000	0.000000	0.000000	1.000000	0.000000	0.000000
8	tsk_8	(x)	1	:	0.581642	0.000000	0.000000	0.418358	0.000000	0.000000
9	tsk_9	(x)	1	:	0.002167	0.500277	0.000000	0.497556	0.000000	0.000000
10	tsk_10	(x)	1	:	0.934204	0.000000	0.000000	0.065796	0.000000	0.000000
11	tsk_11	(x)	1	:	0.500017	0.499983	0.000000	0.000000	0.000000	0.000000
12	tsk_12	(x)	1	:	0.222935	0.000000	0.000000	0.228409	0.000000	0.548656
13	tsk_13	(x)	1	:	0.289781	0.000000	0.000000	0.316897	0.000000	0.393322
14	tsk_14	(x)	1	:	0.000000	0.420317	0.000000	0.000000	0.000000	0.579683
15	tsk_15	(x)	1	:	0.000000	0.000000	0.000000	0.451344	0.000000	0.548656
16	tsk_16	(x)	1	:	0.481290	0.000000	0.000000	0.518710	0.000000	0.000000
17	tsk_17	(x)	1	:	0.000000	0.000000	0.000000	1.000000	0.000000	0.000000
18	tsk_18	(x)	1	:	0.577017	0.000000	0.000000	0.422983	0.000000	0.000000
19	tsk_19	(x)	1	:	0.000000	0.681801	0.000000	0.000000	0.000000	0.318198
20	tsk_20	(x)	1	:	0.000000	0.000001	0.887547	0.000000	0.112452	0.000000
21	tsk_21	(x)	1	:	0.744148	0.000000	0.000000	0.255852	0.000000	0.000000
22	tsk_22	(x)	1	:	0.000000	0.000000	0.000000	1.000000	0.000000	0.000000
23	tsk_23	(x)	1	:	0.047921	0.000001	0.952078	0.000000	0.000000	0.000000
24	tsk_24	(x)	1	:	0.481609	0.000000	0.000000	0.518391	0.000000	0.000000
25	tsk_25	(x)	1	:	0.000000	0.000000	0.887976	0.000000	0.112024	0.000000
26	tsk_26	(x)	1	:	0.001249	0.000000	0.000343	0.003525	0.994883	0.000000
27	tsk_27	(x)	1	:	0.021210	0.000000	0.893770	0.019774	0.065245	0.000000
28	tsk_28	(x)	1	:	0.017118	0.000000	0.880150	0.017191	0.085542	0.000000
29	tsk_29	(x)	1	:	0.015577	0.000000	0.898630	0.030045	0.055748	0.000000
