logL = -41.129113 (converged)
AIC = 454.258226
BIC = 714.880939

count.K
5 4 4 4 3 10 

