logL = -14.043677 (converged)
AIC = 352.087354
BIC = 579.081330

count.K
9 8 4 5 1 3 

