logL = -29.497416 (converged)
AIC = 286.994831
BIC = 446.731333

count.K
23 4 2 1 

