logL = -20.372672 (converged)
AIC = 388.745345
BIC = 632.553689

count.K
3 6 1 7 8 5 

