logL = -41.944600 (converged)
AIC = 311.889201
BIC = 471.625702

count.K
10 5 2 13 

