0	tsk_0	(x)	1	:	0.206617	0.478278	0.000000	0.153264	0.161841
1	tsk_1	(x)	1	:	0.012843	0.545733	0.000000	0.414349	0.027075
2	tsk_2	(x)	1	:	0.214846	0.000000	0.493250	0.096895	0.195009
3	tsk_3	(x)	1	:	0.000000	0.545733	0.000000	0.414922	0.039345
4	tsk_4	(x)	1	:	0.000000	1.000000	0.000000	0.000000	0.000000
5	tsk_5	(x)	1	:	0.000000	1.000000	0.000000	0.000000	0.000000
6	tsk_6	(x)	1	:	0.110507	0.478278	0.000000	0.129813	0.281402
7	tsk_7	(x)	1	:	0.055759	0.478278	0.000000	0.127514	0.338449
8	tsk_8	(x)	1	:	0.000000	0.000000	1.000000	0.000000	0.000000
9	tsk_9	(x)	1	:	0.002023	0.480649	0.509727	0.000000	0.007601
10	tsk_10	(x)	1	:	0.604052	0.000000	0.000000	0.000000	0.395948
11	tsk_11	(x)	1	:	0.263703	0.000000	0.000000	0.385453	0.350844
12	tsk_12	(x)	1	:	0.521430	0.000000	0.000000	0.307777	0.170793
13	tsk_13	(x)	1	:	0.523685	0.000000	0.000000	0.249316	0.226999
14	tsk_14	(x)	1	:	0.286166	0.000000	0.000000	0.139213	0.574621
15	tsk_15	(x)	1	:	0.466092	0.000000	0.000000	0.227080	0.306829
16	tsk_16	(x)	1	:	0.213329	0.000000	0.000000	0.503921	0.282750
17	tsk_17	(x)	1	:	0.264775	0.000000	0.000000	0.384106	0.351119
18	tsk_18	(x)	1	:	0.581442	0.000000	0.000000	0.112493	0.306065
19	tsk_19	(x)	1	:	0.240691	0.000000	0.000000	0.117491	0.641817
20	tsk_20	(x)	1	:	0.590127	0.000000	0.000000	0.283662	0.126211
21	tsk_21	(x)	1	:	0.715645	0.000000	0.000000	0.171174	0.113181
22	tsk_22	(x)	1	:	0.390117	0.000000	0.000000	0.095083	0.514800
23	tsk_23	(x)	1	:	0.383538	0.000000	0.000000	0.366139	0.250323
24	tsk_24	(x)	1	:	0.405586	0.000000	0.000000	0.193840	0.400574
25	tsk_25	(x)	1	:	0.526745	0.000000	0.000000	0.126913	0.346342
26	tsk_26	(x)	1	:	0.379552	0.000000	0.000000	0.371270	0.249178
27	tsk_27	(x)	1	:	0.550863	0.000000	0.000000	0.087150	0.361987
28	tsk_28	(x)	1	:	0.490497	0.000000	0.000000	0.079066	0.430436
29	tsk_29	(x)	1	:	0.722564	0.000000	0.000000	0.118243	0.159193
