logL = -24.585119 (converged)
AIC = 421.170237
BIC = 681.792950

count.K
8 3 5 6 4 4 

