logL = -52.594053 (converged)
AIC = 373.188106
BIC = 560.948555

count.K
4 12 9 5 

