logL = -49.541156 (converged)
AIC = 243.082312
BIC = 343.968524

count.K
6 16 8 

