logL = -51.042721 (converged)
AIC = 474.085441
BIC = 734.708154

count.K
1 9 3 12 1 4 

