logL = -35.897322 (converged)
AIC = 159.794644
BIC = 221.447329

count.K
20 10 

