logL = -132.157922 (converged)
AIC = 580.315844
BIC = 801.705031

count.K
3 7 1 19 

