0	tsk_0	(x)	1	:	0.000001	0.000004	0.465002	0.534992	0.000000	0.000001
1	tsk_1	(x)	1	:	0.100809	0.000000	0.658502	0.000000	0.000000	0.240688
2	tsk_2	(x)	1	:	0.000000	0.000000	0.000000	1.000000	0.000000	0.000000
3	tsk_3	(x)	1	:	0.000000	0.000000	0.000000	1.000000	0.000000	0.000000
4	tsk_4	(x)	1	:	0.000000	0.000000	0.000000	1.000000	0.000000	0.000000
5	tsk_5	(x)	1	:	0.000000	0.000000	0.000000	1.000000	0.000000	0.000000
6	tsk_6	(x)	1	:	0.000000	0.000000	0.000000	1.000000	0.000000	0.000000
7	tsk_7	(x)	1	:	0.000000	0.000000	0.000000	1.000000	0.000000	0.000000
8	tsk_8	(x)	1	:	0.000000	0.000000	0.000000	0.690029	0.309971	0.000000
9	tsk_9	(x)	1	:	0.000002	0.000002	0.465002	0.534992	0.000000	0.000002
10	tsk_10	(x)	1	:	0.663104	0.000000	0.000000	0.000000	0.000000	0.336896
11	tsk_11	(x)	1	:	0.698791	0.133081	0.000000	0.000000	0.000000	0.168128
12	tsk_12	(x)	1	:	0.530805	0.125031	0.000000	0.000000	0.000000	0.344164
13	tsk_13	(x)	1	:	0.768829	0.099457	0.000000	0.000000	0.000000	0.131714
14	tsk_14	(x)	1	:	0.311852	0.319092	0.000000	0.000000	0.000000	0.369056
15	tsk_15	(x)	1	:	0.899941	0.100059	0.000000	0.000000	0.000000	0.000000
16	tsk_16	(x)	1	:	0.683682	0.052779	0.000000	0.000000	0.000000	0.263539
17	tsk_17	(x)	1	:	0.451267	0.133053	0.000000	0.000000	0.000000	0.415680
18	tsk_18	(x)	1	:	0.456190	0.072107	0.000000	0.000000	0.000000	0.471703
19	tsk_19	(x)	1	:	0.783565	0.000000	0.000000	0.000000	0.000000	0.216435
20	tsk_20	(x)	1	:	0.000000	0.000000	0.000000	0.020739	0.979261	0.000000
21	tsk_21	(x)	1	:	0.000000	0.000000	0.000000	0.000370	0.999630	0.000000
22	tsk_22	(x)	1	:	0.586594	0.119857	0.000000	0.000000	0.000000	0.293549
23	tsk_23	(x)	1	:	0.000000	0.000000	0.000000	0.020743	0.979257	0.000000
24	tsk_24	(x)	1	:	0.000000	0.000000	0.000000	0.000129	0.999871	0.000000
25	tsk_25	(x)	1	:	0.200420	0.121494	0.000000	0.018494	0.484349	0.175242
26	tsk_26	(x)	1	:	0.163913	0.113768	0.000000	0.069650	0.432276	0.220393
27	tsk_27	(x)	1	:	0.058601	0.323580	0.000000	0.019211	0.483710	0.114898
28	tsk_28	(x)	1	:	0.000000	0.000000	0.000000	0.020749	0.979251	0.000000
29	tsk_29	(x)	1	:	0.000000	0.000000	0.000000	0.020743	0.979257	0.000000
