logL = -112.695728 (converged)
AIC = 411.391456
BIC = 541.702813

count.K
1 14 15 

