logL = -39.757603 (converged)
AIC = 223.515207
BIC = 324.401418

count.K
11 14 5 

