logL = -17.777746 (converged)
AIC = 247.555492
BIC = 396.082414

count.K
9 16 1 4 

