logL = -91.605786 (converged)
AIC = 267.211572
BIC = 326.061862

count.K
21 9 

