0	tsk_0	(x)	1	:	0.000000	0.000000	0.000000	0.000006	0.999994
1	tsk_1	(x)	1	:	0.000000	0.000000	0.000000	0.000003	0.999997
2	tsk_2	(x)	1	:	0.000000	0.500020	0.000000	0.000000	0.499980
3	tsk_3	(x)	1	:	0.000000	0.500002	0.000000	0.000001	0.499997
4	tsk_4	(x)	1	:	0.000000	1.000000	0.000000	0.000000	0.000000
5	tsk_5	(x)	1	:	0.000000	0.000000	0.000000	0.000001	0.999999
6	tsk_6	(x)	1	:	0.000000	0.000000	0.000000	0.000004	0.999996
7	tsk_7	(x)	1	:	0.000000	0.500002	0.000000	0.000001	0.499996
8	tsk_8	(x)	1	:	0.486205	0.028145	0.313819	0.000000	0.171830
9	tsk_9	(x)	1	:	0.000000	1.000000	0.000000	0.000000	0.000000
10	tsk_10	(x)	1	:	0.000000	0.000000	1.000000	0.000000	0.000000
11	tsk_11	(x)	1	:	0.000000	0.500004	0.000000	0.000002	0.499994
12	tsk_12	(x)	1	:	0.000000	0.000000	0.000000	0.664169	0.335831
13	tsk_13	(x)	1	:	0.492654	0.014694	0.000000	0.000003	0.492649
14	tsk_14	(x)	1	:	0.000000	0.000000	0.000000	0.000001	0.999999
15	tsk_15	(x)	1	:	0.000000	0.000000	0.000000	0.000003	0.999997
16	tsk_16	(x)	1	:	0.000000	0.000000	0.000000	0.999991	0.000009
17	tsk_17	(x)	1	:	0.000000	0.000000	0.000000	0.664169	0.335831
18	tsk_18	(x)	1	:	0.000000	0.000000	0.000000	0.000001	0.999999
19	tsk_19	(x)	1	:	0.000000	0.000000	0.000000	0.664168	0.335832
20	tsk_20	(x)	1	:	0.492399	0.015203	0.000000	0.000005	0.492392
21	tsk_21	(x)	1	:	0.492497	0.015009	0.000000	0.000004	0.492490
22	tsk_22	(x)	1	:	0.000000	0.000000	0.000000	0.000001	0.999999
23	tsk_23	(x)	1	:	0.000000	0.000000	0.000000	0.000005	0.999995
24	tsk_24	(x)	1	:	0.492748	0.014508	0.000000	0.000001	0.492743
25	tsk_25	(x)	1	:	0.492565	0.014874	0.000000	0.000001	0.492560
26	tsk_26	(x)	1	:	0.000000	0.000000	0.000000	0.000005	0.999994
27	tsk_27	(x)	1	:	0.492740	0.014524	0.000000	0.000001	0.492735
28	tsk_28	(x)	1	:	0.492777	0.014451	0.000000	0.000000	0.492772
29	tsk_29	(x)	1	:	1.000000	0.000000	0.000000	0.000000	0.000000
