logL = -42.673800 (converged)
AIC = 377.347600
BIC = 581.922418

count.K
7 1 18 4 

