logL = -36.715023 (converged)
AIC = 469.430046
BIC = 746.867128

count.K
8 5 3 8 1 5 

