logL = -44.118827 (converged)
AIC = 308.237655
BIC = 462.369367

count.K
16 1 2 11 

