logL = -68.192607 (converged)
AIC = 380.385214
BIC = 551.331295

count.K
1 13 11 5 

