logL = -74.027247 (converged)
AIC = 538.054495
BIC = 811.287984

count.K
19 8 2 0 1 

