logL = -115.816489 (converged)
AIC = 323.632978
BIC = 388.088058

count.K
12 18 

