logL = -72.721641 (converged)
AIC = 445.443282
BIC = 655.622889

count.K
2 19 2 7 

