logL = -288.827164 (converged)
AIC = 941.654328
BIC = 1196.672252

count.K
13 8 4 5 

