0	tsk_0	(x)	1	:	0.000000	0.999995	0.000000	0.000000	0.000005	0.000000
1	tsk_1	(x)	1	:	0.000000	0.000000	0.492861	0.481451	0.025689	0.000000
2	tsk_2	(x)	1	:	0.000000	0.135851	0.728252	0.000000	0.000000	0.135897
3	tsk_3	(x)	1	:	0.000000	0.069919	0.000000	0.412236	0.517845	0.000000
4	tsk_4	(x)	1	:	0.000000	0.499717	0.500282	0.000000	0.000000	0.000000
5	tsk_5	(x)	1	:	0.000000	0.249998	0.750002	0.000000	0.000000	0.000000
6	tsk_6	(x)	1	:	0.000000	0.000948	0.497493	0.493631	0.007928	0.000000
7	tsk_7	(x)	1	:	0.500535	0.000000	0.000000	0.499465	0.000000	0.000000
8	tsk_8	(x)	1	:	0.000000	0.499588	0.500412	0.000000	0.000000	0.000000
9	tsk_9	(x)	1	:	0.000000	0.000000	0.000000	0.000000	1.000000	0.000000
10	tsk_10	(x)	1	:	0.000000	0.000000	0.000000	1.000000	0.000000	0.000000
11	tsk_11	(x)	1	:	0.000000	0.064972	0.000000	0.411289	0.523739	0.000000
12	tsk_12	(x)	1	:	0.000000	0.999995	0.000000	0.000000	0.000005	0.000000
13	tsk_13	(x)	1	:	0.000000	0.000000	0.000000	0.000000	1.000000	0.000000
14	tsk_14	(x)	1	:	0.000000	0.000000	0.000000	0.000000	1.000000	0.000000
15	tsk_15	(x)	1	:	0.000000	0.196468	0.000000	0.437179	0.366353	0.000000
16	tsk_16	(x)	1	:	0.000000	0.999987	0.000000	0.000000	0.000013	0.000000
17	tsk_17	(x)	1	:	0.000000	0.999982	0.000000	0.000000	0.000018	0.000000
18	tsk_18	(x)	1	:	0.000000	0.999988	0.000000	0.000000	0.000012	0.000000
19	tsk_19	(x)	1	:	0.000000	0.000000	1.000000	0.000000	0.000000	0.000000
20	tsk_20	(x)	1	:	0.000000	0.000000	0.499996	0.000000	0.000000	0.500004
21	tsk_21	(x)	1	:	0.000000	0.000000	1.000000	0.000000	0.000000	0.000000
22	tsk_22	(x)	1	:	0.000000	0.000000	0.500306	0.000000	0.000000	0.499694
23	tsk_23	(x)	1	:	0.000000	0.000000	1.000000	0.000000	0.000000	0.000000
24	tsk_24	(x)	1	:	0.000000	0.000000	1.000000	0.000000	0.000000	0.000000
25	tsk_25	(x)	1	:	0.000000	0.000000	0.500998	0.000000	0.000000	0.499002
26	tsk_26	(x)	1	:	0.000000	0.000000	1.000000	0.000000	0.000000	0.000000
27	tsk_27	(x)	1	:	0.000000	0.000000	0.500303	0.000000	0.000000	0.499697
28	tsk_28	(x)	1	:	0.000000	0.000000	0.000000	0.000000	0.000000	1.000000
29	tsk_29	(x)	1	:	0.000000	0.000000	0.499878	0.000000	0.000000	0.500122
