logL = -175.095382 (converged)
AIC = 760.190765
BIC = 1047.436228

count.K
7 7 10 3 3 

