logL = -36.185689 (converged)
AIC = 240.371378
BIC = 358.071958

count.K
1 22 7 

