logL = -73.033808 (converged)
AIC = 566.067615
BIC = 860.319065

count.K
6 4 6 6 5 3 

