0	tsk_0	(x)	1	:	0.168208	0.831792	0.000000	0.000000
1	tsk_1	(x)	1	:	0.189293	0.321996	0.488711	0.000000
2	tsk_2	(x)	1	:	0.135076	0.864924	0.000000	0.000000
3	tsk_3	(x)	1	:	0.195447	0.804553	0.000000	0.000000
4	tsk_4	(x)	1	:	0.161740	0.838260	0.000000	0.000000
5	tsk_5	(x)	1	:	0.076587	0.923413	0.000000	0.000000
6	tsk_6	(x)	1	:	0.211046	0.788954	0.000000	0.000000
7	tsk_7	(x)	1	:	0.178612	0.821388	0.000000	0.000000
8	tsk_8	(x)	1	:	0.105802	0.894198	0.000000	0.000000
9	tsk_9	(x)	1	:	0.196944	0.803056	0.000000	0.000000
10	tsk_10	(x)	1	:	0.177079	0.822921	0.000000	0.000000
11	tsk_11	(x)	1	:	0.141272	0.858728	0.000000	0.000000
12	tsk_12	(x)	1	:	0.178612	0.821388	0.000000	0.000000
13	tsk_13	(x)	1	:	0.204981	0.795019	0.000000	0.000000
14	tsk_14	(x)	1	:	0.107167	0.000000	0.000000	0.892833
15	tsk_15	(x)	1	:	0.461868	0.049551	0.488581	0.000000
16	tsk_16	(x)	1	:	0.148089	0.851911	0.000000	0.000000
17	tsk_17	(x)	1	:	0.119479	0.880521	0.000000	0.000000
18	tsk_18	(x)	1	:	0.157309	0.842691	0.000000	0.000000
19	tsk_19	(x)	1	:	0.403172	0.108250	0.488578	0.000000
20	tsk_20	(x)	1	:	0.000002	0.000000	0.999998	0.000000
21	tsk_21	(x)	1	:	0.133869	0.866131	0.000000	0.000000
22	tsk_22	(x)	1	:	0.000002	0.000000	0.999998	0.000000
23	tsk_23	(x)	1	:	0.379640	0.131741	0.488619	0.000000
24	tsk_24	(x)	1	:	0.198994	0.801006	0.000000	0.000000
25	tsk_25	(x)	1	:	0.083007	0.916993	0.000000	0.000000
26	tsk_26	(x)	1	:	0.265867	0.245489	0.488644	0.000000
27	tsk_27	(x)	1	:	0.250317	0.152711	0.596963	0.000009
28	tsk_28	(x)	1	:	0.060353	0.939647	0.000000	0.000000
29	tsk_29	(x)	1	:	0.107169	0.000000	0.000000	0.892831
