logL = -261.299293 (converged)
AIC = 634.598587
BIC = 713.065640

count.K
26 4 

