0	tsk_0	(x)	1	:	0.000002	0.000001	0.999998	0.000000	0.000000
1	tsk_1	(x)	1	:	0.000000	0.489520	0.510479	0.000000	0.000000
2	tsk_2	(x)	1	:	0.000000	0.489520	0.510479	0.000000	0.000000
3	tsk_3	(x)	1	:	0.000000	1.000000	0.000000	0.000000	0.000000
4	tsk_4	(x)	1	:	0.000004	0.000007	0.999989	0.000000	0.000000
5	tsk_5	(x)	1	:	0.000000	0.667801	0.332199	0.000000	0.000000
6	tsk_6	(x)	1	:	0.000000	0.000000	0.000000	0.000000	1.000000
7	tsk_7	(x)	1	:	0.000004	0.000004	0.999992	0.000000	0.000000
8	tsk_8	(x)	1	:	0.000000	0.999998	0.000002	0.000000	0.000000
9	tsk_9	(x)	1	:	0.000000	0.489509	0.510491	0.000000	0.000000
10	tsk_10	(x)	1	:	0.000000	0.000000	0.000000	1.000000	0.000000
11	tsk_11	(x)	1	:	0.486770	0.000000	0.007993	0.000000	0.505237
12	tsk_12	(x)	1	:	0.479497	0.000000	0.004443	0.516060	0.000000
13	tsk_13	(x)	1	:	0.000000	0.000000	0.000000	1.000000	0.000000
14	tsk_14	(x)	1	:	0.000002	0.000000	0.479699	0.520299	0.000000
15	tsk_15	(x)	1	:	0.000000	0.000000	0.000000	0.407318	0.592682
16	tsk_16	(x)	1	:	0.477482	0.000000	0.006745	0.515774	0.000000
17	tsk_17	(x)	1	:	1.000000	0.000000	0.000000	0.000000	0.000000
18	tsk_18	(x)	1	:	0.486930	0.000000	0.007803	0.000000	0.505267
19	tsk_19	(x)	1	:	0.000000	0.000000	0.000000	0.524016	0.475984
20	tsk_20	(x)	1	:	0.000001	0.000000	0.999998	0.000000	0.000000
21	tsk_21	(x)	1	:	0.000001	0.000001	0.999998	0.000000	0.000000
22	tsk_22	(x)	1	:	0.349379	0.000000	0.130556	0.520064	0.000000
23	tsk_23	(x)	1	:	0.000000	0.000000	1.000000	0.000000	0.000000
24	tsk_24	(x)	1	:	0.000005	0.000001	0.999994	0.000000	0.000000
25	tsk_25	(x)	1	:	0.000000	0.000000	1.000000	0.000000	0.000000
26	tsk_26	(x)	1	:	0.000000	0.000000	1.000000	0.000000	0.000000
27	tsk_27	(x)	1	:	0.000002	0.000001	0.999997	0.000000	0.000000
28	tsk_28	(x)	1	:	0.000002	0.000001	0.999997	0.000000	0.000000
29	tsk_29	(x)	1	:	0.000000	0.489521	0.510479	0.000000	0.000000
