0	tsk_0	(x)	1	:	0.000000	0.000000	0.334450	0.665550	0.000000
1	tsk_1	(x)	1	:	0.000170	0.480452	0.443272	0.076106	0.000000
2	tsk_2	(x)	1	:	0.000000	0.000000	0.491426	0.508574	0.000000
3	tsk_3	(x)	1	:	1.000000	0.000000	0.000000	0.000000	0.000000
4	tsk_4	(x)	1	:	0.000000	0.480644	0.481086	0.038270	0.000000
5	tsk_5	(x)	1	:	0.000000	1.000000	0.000000	0.000000	0.000000
6	tsk_6	(x)	1	:	0.000000	1.000000	0.000000	0.000000	0.000000
7	tsk_7	(x)	1	:	0.000367	0.480229	0.519404	0.000000	0.000000
8	tsk_8	(x)	1	:	0.000340	0.480259	0.443024	0.076377	0.000000
9	tsk_9	(x)	1	:	0.640349	0.000000	0.346234	0.013417	0.000000
10	tsk_10	(x)	1	:	0.000000	0.000000	0.131634	0.868366	0.000000
11	tsk_11	(x)	1	:	0.000113	0.480516	0.495043	0.024328	0.000000
12	tsk_12	(x)	1	:	0.000000	0.000000	0.000000	1.000000	0.000000
13	tsk_13	(x)	1	:	0.000000	0.000000	1.000000	0.000000	0.000000
14	tsk_14	(x)	1	:	0.000000	0.000000	0.176212	0.323788	0.500001
15	tsk_15	(x)	1	:	0.000124	0.479479	0.021615	0.000000	0.498781
16	tsk_16	(x)	1	:	0.000075	0.480559	0.497781	0.021585	0.000000
17	tsk_17	(x)	1	:	0.000000	0.000000	0.000000	0.000000	1.000000
18	tsk_18	(x)	1	:	0.000000	0.000000	0.000000	0.499999	0.500001
19	tsk_19	(x)	1	:	0.000000	1.000000	0.000000	0.000000	0.000000
20	tsk_20	(x)	1	:	0.000000	0.000000	0.000000	0.499999	0.500001
21	tsk_21	(x)	1	:	0.000000	0.000000	0.372986	0.627014	0.000000
22	tsk_22	(x)	1	:	0.000000	0.000000	0.127117	0.372882	0.500001
23	tsk_23	(x)	1	:	0.000000	0.000000	0.120827	0.379173	0.500001
24	tsk_24	(x)	1	:	0.000021	0.482448	0.000000	0.015961	0.501571
25	tsk_25	(x)	1	:	0.000000	0.000000	0.000000	0.499999	0.500001
26	tsk_26	(x)	1	:	0.000000	0.000000	0.064161	0.435838	0.500001
27	tsk_27	(x)	1	:	0.000000	0.000000	0.000000	0.000000	1.000000
28	tsk_28	(x)	1	:	0.000000	0.000000	0.500000	0.000000	0.500000
29	tsk_29	(x)	1	:	0.000000	0.000000	0.546731	0.453269	0.000000
