0	tsk_0	(x)	1	:	0.262824	0.235231	0.000000	0.007826	0.494119
1	tsk_1	(x)	1	:	0.000000	0.000000	0.000000	0.000000	1.000000
2	tsk_2	(x)	1	:	0.000000	0.000000	0.918983	0.081017	0.000000
3	tsk_3	(x)	1	:	0.000000	0.498063	0.000000	0.007794	0.494143
4	tsk_4	(x)	1	:	0.000000	0.000000	0.000000	0.000000	1.000000
5	tsk_5	(x)	1	:	0.245900	0.248862	0.000000	0.021293	0.483945
6	tsk_6	(x)	1	:	0.000000	0.000000	0.000000	0.000000	1.000000
7	tsk_7	(x)	1	:	0.000000	0.000000	0.000000	0.000000	1.000000
8	tsk_8	(x)	1	:	0.000000	0.498167	0.000000	0.007371	0.494461
9	tsk_9	(x)	1	:	0.155015	0.343128	0.000000	0.007471	0.494386
10	tsk_10	(x)	1	:	0.400955	0.599045	0.000000	0.000000	0.000000
11	tsk_11	(x)	1	:	0.280821	0.719179	0.000000	0.000000	0.000000
12	tsk_12	(x)	1	:	0.291796	0.708203	0.000000	0.000000	0.000000
13	tsk_13	(x)	1	:	0.154265	0.845735	0.000000	0.000000	0.000000
14	tsk_14	(x)	1	:	0.579348	0.420652	0.000000	0.000000	0.000000
15	tsk_15	(x)	1	:	0.450391	0.382943	0.000000	0.166667	0.000000
16	tsk_16	(x)	1	:	0.590761	0.409239	0.000000	0.000000	0.000000
17	tsk_17	(x)	1	:	0.230759	0.602575	0.000000	0.166667	0.000000
18	tsk_18	(x)	1	:	0.395812	0.604188	0.000000	0.000000	0.000000
19	tsk_19	(x)	1	:	0.401536	0.598464	0.000000	0.000000	0.000000
20	tsk_20	(x)	1	:	0.165914	0.334086	0.000000	0.500000	0.000000
21	tsk_21	(x)	1	:	0.000000	0.000000	0.000000	1.000000	0.000000
22	tsk_22	(x)	1	:	0.780340	0.219660	0.000000	0.000000	0.000000
23	tsk_23	(x)	1	:	0.254110	0.245890	0.000000	0.500000	0.000000
24	tsk_24	(x)	1	:	0.250373	0.249627	0.000000	0.500000	0.000000
25	tsk_25	(x)	1	:	0.382926	0.617073	0.000000	0.000000	0.000000
26	tsk_26	(x)	1	:	0.403547	0.596452	0.000000	0.000000	0.000000
27	tsk_27	(x)	1	:	0.360935	0.472399	0.000000	0.166667	0.000000
28	tsk_28	(x)	1	:	0.209897	0.290103	0.000000	0.500000	0.000000
29	tsk_29	(x)	1	:	0.588248	0.411752	0.000000	0.000000	0.000000
