logL = -42.970901 (converged)
AIC = 305.941803
BIC = 460.073515

count.K
12 8 5 5 

