logL = -94.344939 (converged)
AIC = 520.689879
BIC = 753.288644

count.K
6 11 11 2 

