0	tsk_0	(x)	1	:	0.000000	1.000000	0.000000	0.000000	0.000000
1	tsk_1	(x)	1	:	0.006764	0.497569	0.482599	0.013068	0.000000
2	tsk_2	(x)	1	:	0.000000	1.000000	0.000000	0.000000	0.000000
3	tsk_3	(x)	1	:	0.000000	1.000000	0.000000	0.000000	0.000000
4	tsk_4	(x)	1	:	0.000000	1.000000	0.000000	0.000000	0.000000
5	tsk_5	(x)	1	:	0.015330	0.497512	0.482175	0.004983	0.000000
6	tsk_6	(x)	1	:	0.000000	1.000000	0.000000	0.000000	0.000000
7	tsk_7	(x)	1	:	0.241388	0.499997	0.000000	0.258615	0.000000
8	tsk_8	(x)	1	:	0.000000	1.000000	0.000000	0.000000	0.000000
9	tsk_9	(x)	1	:	0.127653	0.000000	0.499117	0.373229	0.000000
10	tsk_10	(x)	1	:	0.000000	0.000000	0.000000	0.000001	0.999998
11	tsk_11	(x)	1	:	0.000001	0.000000	0.000000	0.000000	0.999999
12	tsk_12	(x)	1	:	0.577487	0.000000	0.000000	0.422513	0.000000
13	tsk_13	(x)	1	:	0.000001	0.000000	0.000000	0.000001	0.999998
14	tsk_14	(x)	1	:	0.288598	0.000000	0.000000	0.234555	0.476848
15	tsk_15	(x)	1	:	0.322316	0.000000	0.000000	0.200957	0.476727
16	tsk_16	(x)	1	:	0.031084	0.000000	0.000000	0.309170	0.659746
17	tsk_17	(x)	1	:	0.456381	0.000000	0.000000	0.066875	0.476744
18	tsk_18	(x)	1	:	0.379990	0.000000	0.000000	0.143199	0.476810
19	tsk_19	(x)	1	:	0.047646	0.000000	0.000000	0.952354	0.000000
20	tsk_20	(x)	1	:	0.055647	0.000000	0.000000	0.944353	0.000000
21	tsk_21	(x)	1	:	0.391340	0.000000	0.000000	0.608659	0.000000
22	tsk_22	(x)	1	:	0.360904	0.000000	0.000000	0.639096	0.000000
23	tsk_23	(x)	1	:	0.720882	0.000000	0.000000	0.279118	0.000000
24	tsk_24	(x)	1	:	0.544868	0.000000	0.000000	0.455132	0.000000
25	tsk_25	(x)	1	:	0.599510	0.000000	0.000000	0.400490	0.000000
26	tsk_26	(x)	1	:	0.615179	0.000000	0.000000	0.384821	0.000000
27	tsk_27	(x)	1	:	0.737004	0.000000	0.000000	0.262996	0.000000
28	tsk_28	(x)	1	:	0.392386	0.000000	0.000000	0.607614	0.000000
29	tsk_29	(x)	1	:	0.173401	0.000000	0.000000	0.826599	0.000000
