0	tsk_0	(x)	1	:	0.000000	0.000000	0.000000	1.000000	0.000000
1	tsk_1	(x)	1	:	0.000000	0.000000	0.000000	0.332827	0.667173
2	tsk_2	(x)	1	:	0.000000	0.000000	0.000000	0.505352	0.494648
3	tsk_3	(x)	1	:	0.000000	0.000000	0.999961	0.000019	0.000020
4	tsk_4	(x)	1	:	0.000000	0.000000	0.000000	0.674267	0.325733
5	tsk_5	(x)	1	:	0.000000	0.000000	0.000000	0.335117	0.664883
6	tsk_6	(x)	1	:	0.000000	0.000000	0.000000	1.000000	0.000000
7	tsk_7	(x)	1	:	0.000000	0.000000	0.999990	0.000000	0.000010
8	tsk_8	(x)	1	:	0.000000	0.000000	0.000000	0.331850	0.668150
9	tsk_9	(x)	1	:	0.000000	0.000000	0.000000	0.335514	0.664486
10	tsk_10	(x)	1	:	0.000000	0.500000	0.000000	0.420037	0.079963
11	tsk_11	(x)	1	:	0.000000	1.000000	0.000000	0.000000	0.000000
12	tsk_12	(x)	1	:	0.499999	0.500001	0.000000	0.000000	0.000000
13	tsk_13	(x)	1	:	0.000000	0.500000	0.000000	0.255273	0.244727
14	tsk_14	(x)	1	:	0.000000	1.000000	0.000000	0.000000	0.000000
15	tsk_15	(x)	1	:	0.000000	1.000000	0.000000	0.000000	0.000000
16	tsk_16	(x)	1	:	0.000000	1.000000	0.000000	0.000000	0.000000
17	tsk_17	(x)	1	:	0.000000	1.000000	0.000000	0.000000	0.000000
18	tsk_18	(x)	1	:	0.000000	1.000000	0.000000	0.000000	0.000000
19	tsk_19	(x)	1	:	0.000000	0.500000	0.000000	0.500000	0.000000
20	tsk_20	(x)	1	:	0.000000	0.000000	0.000000	0.606566	0.393434
21	tsk_21	(x)	1	:	0.000000	0.000000	0.000000	0.333546	0.666454
22	tsk_22	(x)	1	:	0.000000	0.000000	0.000000	0.504937	0.495063
23	tsk_23	(x)	1	:	0.000000	0.000000	0.000000	0.333048	0.666952
24	tsk_24	(x)	1	:	0.000000	0.000000	0.000000	0.809140	0.190860
25	tsk_25	(x)	1	:	0.000000	0.000000	0.000000	0.678940	0.321060
26	tsk_26	(x)	1	:	0.000000	0.000000	0.000000	0.504320	0.495680
27	tsk_27	(x)	1	:	0.167168	0.000000	0.000000	0.421888	0.410945
28	tsk_28	(x)	1	:	0.167169	0.000000	0.000000	0.000000	0.832831
29	tsk_29	(x)	1	:	0.167168	0.000000	0.000000	0.278721	0.554110
