logL = -62.543277 (converged)
AIC = 205.086554
BIC = 261.134449

count.K
12 18 

