0	tsk_0	(x)	1	:	0.000000	0.794899	0.000000	0.205101	0.000000	0.000000
1	tsk_1	(x)	1	:	0.000000	0.000000	1.000000	0.000000	0.000000	0.000000
2	tsk_2	(x)	1	:	0.000000	0.797255	0.000000	0.202745	0.000000	0.000000
3	tsk_3	(x)	1	:	0.000000	0.175973	0.000000	0.169958	0.654068	0.000000
4	tsk_4	(x)	1	:	0.000000	0.128773	0.483944	0.387283	0.000000	0.000000
5	tsk_5	(x)	1	:	0.000000	0.213385	0.000000	0.132723	0.653892	0.000000
6	tsk_6	(x)	1	:	0.000000	0.045422	0.000000	0.299708	0.654870	0.000000
7	tsk_7	(x)	1	:	0.000000	0.000000	1.000000	0.000000	0.000000	0.000000
8	tsk_8	(x)	1	:	0.000000	0.307461	0.483944	0.208595	0.000000	0.000000
9	tsk_9	(x)	1	:	0.000000	0.346464	0.000000	0.000000	0.653536	0.000000
10	tsk_10	(x)	1	:	0.000000	0.000000	0.000000	1.000000	0.000000	0.000000
11	tsk_11	(x)	1	:	0.000000	0.796372	0.000000	0.203628	0.000000	0.000000
12	tsk_12	(x)	1	:	0.000000	0.440176	0.000000	0.559824	0.000000	0.000000
13	tsk_13	(x)	1	:	0.000000	0.000000	0.000000	1.000000	0.000000	0.000000
14	tsk_14	(x)	1	:	0.000000	0.000000	0.593718	0.406282	0.000000	0.000000
15	tsk_15	(x)	1	:	0.000000	0.131423	0.000000	0.213744	0.654833	0.000000
16	tsk_16	(x)	1	:	0.000000	0.346601	0.000000	0.000000	0.653399	0.000000
17	tsk_17	(x)	1	:	0.000000	0.491648	0.000000	0.508352	0.000000	0.000000
18	tsk_18	(x)	1	:	0.000000	1.000000	0.000000	0.000000	0.000000	0.000000
19	tsk_19	(x)	1	:	0.000000	0.564846	0.000000	0.435154	0.000000	0.000000
20	tsk_20	(x)	1	:	0.500000	0.500000	0.000000	0.000000	0.000000	0.000000
21	tsk_21	(x)	1	:	0.500000	0.000000	0.000000	0.500000	0.000000	0.000000
22	tsk_22	(x)	1	:	0.000000	0.000000	0.485399	0.000000	0.000000	0.514601
23	tsk_23	(x)	1	:	0.000000	0.034252	0.000000	0.310901	0.654847	0.000000
24	tsk_24	(x)	1	:	0.000000	0.000000	0.000000	1.000000	0.000000	0.000000
25	tsk_25	(x)	1	:	0.000000	0.791568	0.000000	0.208432	0.000000	0.000000
26	tsk_26	(x)	1	:	0.000000	0.000000	0.000000	1.000000	0.000000	0.000000
27	tsk_27	(x)	1	:	1.000000	0.000000	0.000000	0.000000	0.000000	0.000000
28	tsk_28	(x)	1	:	0.000000	0.135519	0.000000	0.211001	0.653480	0.000000
29	tsk_29	(x)	1	:	0.000000	0.793901	0.000000	0.206099	0.000000	0.000000
