logL = -47.606706 (converged)
AIC = 263.213411
BIC = 380.913991

count.K
18 7 5 

