logL = -33.594841 (converged)
AIC = 377.189681
BIC = 594.375275

count.K
15 2 7 4 2 

