logL = -22.597770 (converged)
AIC = 249.195539
BIC = 392.117672

count.K
4 2 5 19 

