logL = -34.043243 (converged)
AIC = 144.086486
BIC = 197.331986

count.K
9 21 

