logL = -48.930005 (converged)
AIC = 325.860011
BIC = 485.596512

count.K
8 3 9 10 

