0	tsk_0	(x)	1	:	0.000000	0.130425	0.869575	0.000000	0.000000
1	tsk_1	(x)	1	:	0.000000	0.231153	0.768847	0.000000	0.000000
2	tsk_2	(x)	1	:	0.000000	0.181158	0.818842	0.000000	0.000000
3	tsk_3	(x)	1	:	0.000000	0.000000	1.000000	0.000000	0.000000
4	tsk_4	(x)	1	:	0.000000	0.090291	0.909709	0.000000	0.000000
5	tsk_5	(x)	1	:	0.000000	0.126265	0.873735	0.000000	0.000000
6	tsk_6	(x)	1	:	0.000000	1.000000	0.000000	0.000000	0.000000
7	tsk_7	(x)	1	:	0.000000	0.067692	0.932308	0.000000	0.000000
8	tsk_8	(x)	1	:	0.000000	0.231391	0.768609	0.000000	0.000000
9	tsk_9	(x)	1	:	0.000000	0.000000	1.000000	0.000000	0.000000
10	tsk_10	(x)	1	:	0.000000	0.242121	0.254192	0.499816	0.003870
11	tsk_11	(x)	1	:	0.507530	0.415866	0.076603	0.000000	0.000000
12	tsk_12	(x)	1	:	0.515050	0.000000	0.000000	0.000000	0.484950
13	tsk_13	(x)	1	:	0.000000	0.500000	0.000000	0.000000	0.500000
14	tsk_14	(x)	1	:	0.515074	0.000000	0.000000	0.000000	0.484926
15	tsk_15	(x)	1	:	0.000000	0.178884	0.821116	0.000000	0.000000
16	tsk_16	(x)	1	:	0.000000	0.089441	0.910559	0.000000	0.000000
17	tsk_17	(x)	1	:	0.000000	0.235674	0.764326	0.000000	0.000000
18	tsk_18	(x)	1	:	0.000000	0.000000	0.000000	0.000000	1.000000
19	tsk_19	(x)	1	:	0.507530	0.492470	0.000000	0.000000	0.000000
20	tsk_20	(x)	1	:	0.000000	0.000000	0.000000	0.500000	0.500000
21	tsk_21	(x)	1	:	0.000000	0.362858	0.137142	0.000000	0.500000
22	tsk_22	(x)	1	:	0.000000	0.000000	0.000000	0.500000	0.500000
23	tsk_23	(x)	1	:	0.000000	0.071903	0.423835	0.499940	0.004323
24	tsk_24	(x)	1	:	0.000000	0.000000	0.000000	1.000000	0.000000
25	tsk_25	(x)	1	:	0.000000	0.000000	0.000000	1.000000	0.000000
26	tsk_26	(x)	1	:	0.000000	0.000000	0.000000	1.000000	0.000000
27	tsk_27	(x)	1	:	0.000000	0.000000	0.000000	1.000000	0.000000
28	tsk_28	(x)	1	:	0.000000	0.000000	0.000000	0.500000	0.500000
29	tsk_29	(x)	1	:	0.000000	0.000000	0.000000	1.000000	0.000000
