0	tsk_0	(x)	1	:	0.000000	0.999843	0.000000	0.000000	0.000000	0.000156
1	tsk_1	(x)	1	:	0.000000	0.474170	0.000000	0.524784	0.000000	0.001046
2	tsk_2	(x)	1	:	0.000000	0.000000	0.484866	0.515134	0.000000	0.000000
3	tsk_3	(x)	1	:	0.003661	0.867293	0.000001	0.128952	0.000000	0.000093
4	tsk_4	(x)	1	:	0.000000	0.000000	0.000000	0.534141	0.000000	0.465859
5	tsk_5	(x)	1	:	0.000000	0.000000	0.000000	0.534141	0.000000	0.465859
6	tsk_6	(x)	1	:	0.000000	0.445831	0.000000	0.525320	0.000000	0.028849
7	tsk_7	(x)	1	:	0.000000	0.999405	0.000000	0.000000	0.000000	0.000595
8	tsk_8	(x)	1	:	0.000000	0.000000	0.484866	0.515134	0.000000	0.000000
9	tsk_9	(x)	1	:	0.000000	0.000000	0.484866	0.515134	0.000000	0.000000
10	tsk_10	(x)	1	:	0.610964	0.388754	0.000000	0.000000	0.000000	0.000282
11	tsk_11	(x)	1	:	0.000000	0.437144	0.562683	0.000000	0.000000	0.000173
12	tsk_12	(x)	1	:	1.000000	0.000000	0.000000	0.000000	0.000000	0.000000
13	tsk_13	(x)	1	:	0.000000	0.366886	0.633093	0.000000	0.000000	0.000020
14	tsk_14	(x)	1	:	0.000000	0.999629	0.000000	0.000000	0.000000	0.000371
15	tsk_15	(x)	1	:	0.589739	0.000000	0.410261	0.000000	0.000000	0.000000
16	tsk_16	(x)	1	:	0.000000	0.001222	0.491989	0.000000	0.506789	0.000000
17	tsk_17	(x)	1	:	0.119553	0.606935	0.273346	0.000000	0.000000	0.000166
18	tsk_18	(x)	1	:	0.000000	0.498260	0.501740	0.000000	0.000000	0.000000
19	tsk_19	(x)	1	:	0.000000	0.999323	0.000000	0.000000	0.000000	0.000677
20	tsk_20	(x)	1	:	0.000000	0.000000	0.000000	0.000000	0.000000	1.000000
21	tsk_21	(x)	1	:	0.000000	0.000000	0.000000	0.000000	0.000000	1.000000
22	tsk_22	(x)	1	:	0.000000	0.999880	0.000000	0.000000	0.000000	0.000120
23	tsk_23	(x)	1	:	0.000000	0.999161	0.000000	0.000000	0.000000	0.000839
24	tsk_24	(x)	1	:	0.000000	0.999803	0.000000	0.000000	0.000000	0.000197
25	tsk_25	(x)	1	:	0.000000	0.999778	0.000000	0.000000	0.000000	0.000222
26	tsk_26	(x)	1	:	0.000000	0.999647	0.000000	0.000000	0.000000	0.000353
27	tsk_27	(x)	1	:	0.000000	0.000000	0.000000	0.000000	0.000000	1.000000
28	tsk_28	(x)	1	:	0.000000	0.999645	0.000000	0.000000	0.000000	0.000355
29	tsk_29	(x)	1	:	0.000000	0.999618	0.000000	0.000000	0.000000	0.000382
