0	tsk_0	(x)	1	:	0.000738	0.002790	0.000000	0.000000	0.000000	0.996471
1	tsk_1	(x)	1	:	0.328861	0.671139	0.000000	0.000000	0.000000	0.000001
2	tsk_2	(x)	1	:	0.000000	0.999998	0.000000	0.000000	0.000000	0.000002
3	tsk_3	(x)	1	:	0.510921	0.489079	0.000000	0.000000	0.000000	0.000000
4	tsk_4	(x)	1	:	0.518324	0.481674	0.000000	0.000000	0.000000	0.000002
5	tsk_5	(x)	1	:	0.000000	0.999998	0.000000	0.000000	0.000000	0.000002
6	tsk_6	(x)	1	:	0.000000	0.999985	0.000000	0.000000	0.000000	0.000015
7	tsk_7	(x)	1	:	0.041607	0.000000	0.000001	0.958392	0.000000	0.000000
8	tsk_8	(x)	1	:	0.613193	0.386807	0.000000	0.000000	0.000000	0.000000
9	tsk_9	(x)	1	:	0.794581	0.205419	0.000000	0.000000	0.000000	0.000000
10	tsk_10	(x)	1	:	0.999993	0.000000	0.000000	0.000000	0.000000	0.000007
11	tsk_11	(x)	1	:	0.000000	0.999996	0.000000	0.000000	0.000000	0.000004
12	tsk_12	(x)	1	:	0.000000	0.048210	0.000000	0.951790	0.000000	0.000000
13	tsk_13	(x)	1	:	0.001174	0.000000	0.000000	0.000000	0.000000	0.998825
14	tsk_14	(x)	1	:	0.043194	0.000000	0.000001	0.956805	0.000000	0.000000
15	tsk_15	(x)	1	:	0.347688	0.652311	0.000000	0.000000	0.000000	0.000001
16	tsk_16	(x)	1	:	0.000000	0.000000	0.000000	1.000000	0.000000	0.000000
17	tsk_17	(x)	1	:	0.507207	0.492791	0.000000	0.000000	0.000000	0.000002
18	tsk_18	(x)	1	:	0.329568	0.670428	0.000000	0.000000	0.000000	0.000003
19	tsk_19	(x)	1	:	0.004620	0.044296	0.000000	0.951084	0.000000	0.000000
20	tsk_20	(x)	1	:	0.000000	0.000000	0.000075	0.000000	0.999925	0.000000
21	tsk_21	(x)	1	:	0.000000	0.000000	1.000000	0.000000	0.000000	0.000000
22	tsk_22	(x)	1	:	0.000000	0.000000	0.000055	0.000000	0.999945	0.000000
23	tsk_23	(x)	1	:	0.272212	0.076372	0.651408	0.000008	0.000000	0.000000
24	tsk_24	(x)	1	:	0.000000	0.000000	0.000055	0.000000	0.999945	0.000000
25	tsk_25	(x)	1	:	0.430864	0.069204	0.000039	0.000000	0.499894	0.000000
26	tsk_26	(x)	1	:	1.000000	0.000000	0.000000	0.000000	0.000000	0.000000
27	tsk_27	(x)	1	:	0.000000	0.000000	0.000097	0.000000	0.999903	0.000000
28	tsk_28	(x)	1	:	0.000000	0.000000	0.000031	0.000000	0.999969	0.000000
29	tsk_29	(x)	1	:	0.000000	0.000000	1.000000	0.000000	0.000000	0.000000
