logL = -74.650435 (converged)
AIC = 401.300871
BIC = 577.851741

count.K
3 13 13 1 

