logL = -78.873759 (converged)
AIC = 249.747517
BIC = 314.202597

count.K
16 14 

