logL = -62.285735 (converged)
AIC = 274.571471
BIC = 379.661274

count.K
5 5 20 

