logL = -8.317821 (converged)
AIC = 212.635643
BIC = 349.952986

count.K
7 13 3 7 

