logL = -70.598444 (converged)
AIC = 573.196888
BIC = 875.855523

count.K
6 0 11 9 1 3 

