logL = -18.023127 (converged)
AIC = 232.046255
BIC = 369.363598

count.K
4 14 5 7 

