logL = -53.081081 (converged)
AIC = 326.162162
BIC = 480.293874

count.K
11 2 10 7 

