logL = -29.837536 (converged)
AIC = 295.675073
BIC = 461.016364

count.K
10 11 1 8 

