logL = -23.012950 (converged)
AIC = 196.025899
BIC = 301.115703

count.K
5 17 8 

