logL = -4.160540 (converged)
AIC = 268.321081
BIC = 450.476740

count.K
5 8 2 15 0 

