logL = -98.426916 (converged)
AIC = 448.853832
BIC = 625.404702

count.K
9 8 2 11 

