logL = -112.787909 (converged)
AIC = 317.575817
BIC = 382.030897

count.K
16 14 

