logL = -16.112286 (converged)
AIC = 292.224572
BIC = 474.380231

count.K
1 12 2 6 9 

