logL = -118.145017 (converged)
AIC = 716.290034
BIC = 1052.577405

count.K
1 3 5 6 14 1 

