logL = -54.197394 (converged)
AIC = 336.394788
BIC = 496.131290

count.K
7 8 11 4 

