0	tsk_0	(x)	1	:	0.299456	0.196351	0.503424	0.000770
1	tsk_1	(x)	1	:	0.000000	0.000000	1.000000	0.000000
2	tsk_2	(x)	1	:	0.250360	0.001922	0.398186	0.349532
3	tsk_3	(x)	1	:	0.214303	0.281569	0.503444	0.000683
4	tsk_4	(x)	1	:	0.000000	0.000000	1.000000	0.000000
5	tsk_5	(x)	1	:	0.353495	0.142514	0.503487	0.000503
6	tsk_6	(x)	1	:	0.000000	0.000000	1.000000	0.000000
7	tsk_7	(x)	1	:	0.000000	0.000000	1.000000	0.000000
8	tsk_8	(x)	1	:	0.495821	0.000000	0.503428	0.000751
9	tsk_9	(x)	1	:	0.495901	0.000000	0.503453	0.000646
10	tsk_10	(x)	1	:	0.079368	0.920632	0.000000	0.000000
11	tsk_11	(x)	1	:	0.263121	0.736879	0.000000	0.000000
12	tsk_12	(x)	1	:	0.076461	0.923539	0.000000	0.000000
13	tsk_13	(x)	1	:	0.287577	0.712423	0.000000	0.000000
14	tsk_14	(x)	1	:	0.622368	0.377632	0.000000	0.000000
15	tsk_15	(x)	1	:	0.059684	0.498668	0.000000	0.441648
16	tsk_16	(x)	1	:	0.431902	0.568098	0.000000	0.000000
17	tsk_17	(x)	1	:	0.210436	0.347898	0.000000	0.441665
18	tsk_18	(x)	1	:	0.287577	0.712423	0.000000	0.000000
19	tsk_19	(x)	1	:	0.198846	0.801154	0.000000	0.000000
20	tsk_20	(x)	1	:	0.443204	0.109761	0.354990	0.092045
21	tsk_21	(x)	1	:	0.000000	0.000000	0.704210	0.295789
22	tsk_22	(x)	1	:	0.281711	0.718289	0.000000	0.000000
23	tsk_23	(x)	1	:	0.384462	0.168374	0.354950	0.092213
24	tsk_24	(x)	1	:	0.552842	0.000000	0.354952	0.092207
25	tsk_25	(x)	1	:	0.148586	0.851414	0.000000	0.000000
26	tsk_26	(x)	1	:	0.348954	0.651046	0.000000	0.000000
27	tsk_27	(x)	1	:	0.210436	0.347898	0.000000	0.441665
28	tsk_28	(x)	1	:	0.304464	0.248359	0.354946	0.092231
29	tsk_29	(x)	1	:	0.280533	0.719467	0.000000	0.000000
