0	tsk_0	(x)	1	:	1.000000	0.000000	0.000000	0.000000	0.000000
1	tsk_1	(x)	1	:	1.000000	0.000000	0.000000	0.000000	0.000000
2	tsk_2	(x)	1	:	0.000000	0.052961	0.932872	0.000000	0.014167
3	tsk_3	(x)	1	:	1.000000	0.000000	0.000000	0.000000	0.000000
4	tsk_4	(x)	1	:	0.000000	0.045841	0.935440	0.000000	0.018718
5	tsk_5	(x)	1	:	0.000000	0.000000	0.000000	1.000000	0.000000
6	tsk_6	(x)	1	:	0.790241	0.000053	0.000000	0.209707	0.000000
7	tsk_7	(x)	1	:	0.000000	0.035141	0.948059	0.000000	0.016799
8	tsk_8	(x)	1	:	1.000000	0.000000	0.000000	0.000000	0.000000
9	tsk_9	(x)	1	:	1.000000	0.000000	0.000000	0.000000	0.000000
10	tsk_10	(x)	1	:	0.000000	0.700022	0.000044	0.000000	0.299934
11	tsk_11	(x)	1	:	0.000000	0.345875	0.000068	0.000000	0.654057
12	tsk_12	(x)	1	:	0.000000	0.342019	0.000000	0.000000	0.657981
13	tsk_13	(x)	1	:	0.000000	1.000000	0.000000	0.000000	0.000000
14	tsk_14	(x)	1	:	0.000000	0.515636	0.000000	0.000000	0.484363
15	tsk_15	(x)	1	:	0.000000	0.761083	0.000059	0.000000	0.238858
16	tsk_16	(x)	1	:	0.000000	0.044408	0.937190	0.000000	0.018401
17	tsk_17	(x)	1	:	0.000000	0.514821	0.000042	0.000000	0.485138
18	tsk_18	(x)	1	:	0.000000	0.000000	0.000000	0.000000	1.000000
19	tsk_19	(x)	1	:	0.000000	1.000000	0.000000	0.000000	0.000000
20	tsk_20	(x)	1	:	0.000000	0.000000	0.000000	1.000000	0.000000
21	tsk_21	(x)	1	:	0.000000	0.513821	0.000046	0.000000	0.486133
22	tsk_22	(x)	1	:	0.000000	0.685865	0.000032	0.000000	0.314104
23	tsk_23	(x)	1	:	0.000000	0.017615	0.933635	0.000000	0.048750
24	tsk_24	(x)	1	:	0.000000	0.307662	0.000048	0.413130	0.279159
25	tsk_25	(x)	1	:	0.000006	0.393367	0.000136	0.413080	0.193411
26	tsk_26	(x)	1	:	0.000000	0.000000	0.000000	1.000000	0.000000
27	tsk_27	(x)	1	:	0.000000	0.000000	0.000000	1.000000	0.000000
28	tsk_28	(x)	1	:	0.000000	0.000000	1.000000	0.000000	0.000000
29	tsk_29	(x)	1	:	0.000000	0.345875	0.000068	0.000000	0.654057
