logL = -82.279774 (converged)
AIC = 350.559549
BIC = 480.870905

count.K
10 15 5 

