logL = -118.259122 (converged)
AIC = 764.518243
BIC = 1134.434352

count.K
9 1 2 6 9 3 

