0	tsk_0	(x)	1	:	0.000000	0.807148	0.000000	0.192852	0.000000	0.000000
1	tsk_1	(x)	1	:	0.000000	1.000000	0.000000	0.000000	0.000000	0.000000
2	tsk_2	(x)	1	:	0.000000	0.306482	0.593833	0.099685	0.000000	0.000000
3	tsk_3	(x)	1	:	0.000000	0.806635	0.000000	0.193365	0.000000	0.000000
4	tsk_4	(x)	1	:	0.000000	0.510700	0.000000	0.489300	0.000000	0.000000
5	tsk_5	(x)	1	:	0.000000	0.280921	0.000000	0.184971	0.534107	0.000000
6	tsk_6	(x)	1	:	0.000000	0.410169	0.000000	0.589831	0.000000	0.000000
7	tsk_7	(x)	1	:	0.000000	0.000000	0.000000	1.000000	0.000000	0.000000
8	tsk_8	(x)	1	:	0.000000	0.807087	0.000000	0.192913	0.000000	0.000000
9	tsk_9	(x)	1	:	0.442844	0.493042	0.003637	0.000000	0.060477	0.000000
10	tsk_10	(x)	1	:	0.000000	0.000000	0.593833	0.406167	0.000000	0.000000
11	tsk_11	(x)	1	:	0.000000	0.806770	0.000000	0.193230	0.000000	0.000000
12	tsk_12	(x)	1	:	0.000000	0.101864	0.594004	0.304132	0.000000	0.000000
13	tsk_13	(x)	1	:	0.000000	0.000000	0.000000	0.041728	0.000000	0.958272
14	tsk_14	(x)	1	:	0.000000	0.000000	0.000000	1.000000	0.000000	0.000000
15	tsk_15	(x)	1	:	0.000000	0.676066	0.000000	0.323934	0.000000	0.000000
16	tsk_16	(x)	1	:	0.000000	0.406167	0.593833	0.000000	0.000000	0.000000
17	tsk_17	(x)	1	:	0.000000	0.015180	0.000000	0.030985	0.000000	0.953835
18	tsk_18	(x)	1	:	0.416192	0.492884	0.000000	0.000000	0.090924	0.000000
19	tsk_19	(x)	1	:	0.000000	0.582529	0.000000	0.417471	0.000000	0.000000
20	tsk_20	(x)	1	:	0.000000	0.465893	0.000000	0.000000	0.534107	0.000000
21	tsk_21	(x)	1	:	1.000000	0.000000	0.000000	0.000000	0.000000	0.000000
22	tsk_22	(x)	1	:	0.000040	0.000000	0.000000	0.000000	0.999960	0.000000
23	tsk_23	(x)	1	:	0.999999	0.000000	0.000000	0.000000	0.000001	0.000000
24	tsk_24	(x)	1	:	0.398630	0.000000	0.000000	0.491476	0.109894	0.000000
25	tsk_25	(x)	1	:	0.999998	0.000000	0.000000	0.000000	0.000002	0.000000
26	tsk_26	(x)	1	:	0.000000	0.000000	0.734177	0.000000	0.265823	0.000000
27	tsk_27	(x)	1	:	0.999999	0.000000	0.000000	0.000000	0.000001	0.000000
28	tsk_28	(x)	1	:	0.000001	0.000342	0.526557	0.000832	0.472268	0.000000
29	tsk_29	(x)	1	:	0.496056	0.215746	0.009810	0.278388	0.000000	0.000000
