logL = -45.019576 (converged)
AIC = 474.039152
BIC = 743.069049

count.K
9 0 2 10 6 3 

