logL = -54.964812 (converged)
AIC = 337.929624
BIC = 497.666125

count.K
8 7 14 1 

