0	tsk_0	(x)	1	:	0.939392	0.000000	0.038792	0.021816	0.000000
1	tsk_1	(x)	1	:	0.000000	0.000000	0.448344	0.551656	0.000000
2	tsk_2	(x)	1	:	0.000000	0.000000	0.625414	0.374586	0.000000
3	tsk_3	(x)	1	:	0.000000	0.000000	0.766361	0.233639	0.000000
4	tsk_4	(x)	1	:	0.000000	0.000000	0.547580	0.452419	0.000001
5	tsk_5	(x)	1	:	0.000000	0.000000	0.288372	0.711628	0.000000
6	tsk_6	(x)	1	:	0.000000	0.000000	0.000000	1.000000	0.000000
7	tsk_7	(x)	1	:	0.000000	0.000000	1.000000	0.000000	0.000000
8	tsk_8	(x)	1	:	0.000000	0.000000	0.445421	0.554579	0.000000
9	tsk_9	(x)	1	:	0.976687	0.000001	0.020001	0.003311	0.000000
10	tsk_10	(x)	1	:	0.000000	0.000000	0.159039	0.840959	0.000002
11	tsk_11	(x)	1	:	1.000000	0.000000	0.000000	0.000000	0.000000
12	tsk_12	(x)	1	:	0.000000	0.663805	0.000000	0.336195	0.000000
13	tsk_13	(x)	1	:	0.000000	0.513460	0.486540	0.000000	0.000000
14	tsk_14	(x)	1	:	0.000000	1.000000	0.000000	0.000000	0.000000
15	tsk_15	(x)	1	:	0.000000	0.663963	0.336037	0.000000	0.000000
16	tsk_16	(x)	1	:	0.000000	0.000000	0.714271	0.285729	0.000000
17	tsk_17	(x)	1	:	0.000000	0.000000	0.283459	0.716541	0.000000
18	tsk_18	(x)	1	:	0.000000	0.000000	0.000000	1.000000	0.000000
19	tsk_19	(x)	1	:	0.000000	1.000000	0.000000	0.000000	0.000000
20	tsk_20	(x)	1	:	0.000000	0.000000	0.000000	0.144061	0.855939
21	tsk_21	(x)	1	:	0.000000	0.000000	0.450354	0.549646	0.000000
22	tsk_22	(x)	1	:	0.000000	0.000000	0.714271	0.285729	0.000000
23	tsk_23	(x)	1	:	0.000000	0.000000	0.082516	0.060084	0.857400
24	tsk_24	(x)	1	:	0.000000	0.000000	0.000000	1.000000	0.000000
25	tsk_25	(x)	1	:	0.000000	0.000000	0.000000	0.144761	0.855239
26	tsk_26	(x)	1	:	0.000000	0.000000	0.059112	0.085378	0.855510
27	tsk_27	(x)	1	:	0.000000	0.000000	0.034187	0.107187	0.858626
28	tsk_28	(x)	1	:	0.000000	0.000000	0.126788	0.000000	0.873212
29	tsk_29	(x)	1	:	0.000000	0.000000	0.083629	0.060470	0.855901
