0	tsk_0	(x)	1	:	0.000000	1.000000	0.000000	0.000000	0.000000	0.000000
1	tsk_1	(x)	1	:	1.000000	0.000000	0.000000	0.000000	0.000000	0.000000
2	tsk_2	(x)	1	:	0.000000	0.000056	0.440519	0.559426	0.000000	0.000000
3	tsk_3	(x)	1	:	0.000000	0.000000	0.000000	0.000000	0.000000	1.000000
4	tsk_4	(x)	1	:	0.000000	0.000001	0.000000	0.000000	0.640360	0.359639
5	tsk_5	(x)	1	:	0.000000	0.000000	0.000000	0.000000	0.000000	1.000000
6	tsk_6	(x)	1	:	0.000000	0.981976	0.018010	0.000000	0.000000	0.000014
7	tsk_7	(x)	1	:	0.243124	0.516940	0.000000	0.000000	0.000000	0.239936
8	tsk_8	(x)	1	:	0.334472	0.000000	0.000000	0.665527	0.000000	0.000000
9	tsk_9	(x)	1	:	0.000000	0.000000	0.000000	0.000000	1.000000	0.000000
10	tsk_10	(x)	1	:	0.000000	0.000000	0.000000	1.000000	0.000000	0.000000
11	tsk_11	(x)	1	:	0.000000	0.000031	0.999969	0.000000	0.000000	0.000000
12	tsk_12	(x)	1	:	1.000000	0.000000	0.000000	0.000000	0.000000	0.000000
13	tsk_13	(x)	1	:	0.000000	0.000017	0.607076	0.392907	0.000000	0.000000
14	tsk_14	(x)	1	:	0.000000	0.000000	1.000000	0.000000	0.000000	0.000000
15	tsk_15	(x)	1	:	0.000000	0.000000	0.270596	0.729404	0.000000	0.000000
16	tsk_16	(x)	1	:	0.000000	0.000000	0.434530	0.565470	0.000000	0.000000
17	tsk_17	(x)	1	:	0.339977	0.000032	0.000000	0.659991	0.000000	0.000000
18	tsk_18	(x)	1	:	0.138013	0.000000	0.237121	0.624865	0.000000	0.000000
19	tsk_19	(x)	1	:	0.000000	0.000000	0.601131	0.398869	0.000000	0.000000
20	tsk_20	(x)	1	:	0.553404	0.000029	0.446567	0.000000	0.000000	0.000000
21	tsk_21	(x)	1	:	0.217630	0.000000	0.339596	0.442773	0.000000	0.000000
22	tsk_22	(x)	1	:	0.383778	0.000040	0.616182	0.000000	0.000000	0.000000
23	tsk_23	(x)	1	:	0.379722	0.000008	0.620270	0.000000	0.000000	0.000000
24	tsk_24	(x)	1	:	1.000000	0.000000	0.000000	0.000000	0.000000	0.000000
25	tsk_25	(x)	1	:	0.000000	0.000000	0.438113	0.561887	0.000000	0.000000
26	tsk_26	(x)	1	:	0.000000	0.000000	0.305215	0.194785	0.000000	0.500000
27	tsk_27	(x)	1	:	0.206444	0.000000	0.347416	0.446140	0.000000	0.000000
28	tsk_28	(x)	1	:	0.000000	0.000066	0.999934	0.000000	0.000000	0.000000
29	tsk_29	(x)	1	:	0.000000	0.000000	0.000000	0.500000	0.000000	0.500000
