logL = -40.480687 (converged)
AIC = 230.961374
BIC = 336.051177

count.K
4 18 8 

