logL = -9.704063 (converged)
AIC = 279.408126
BIC = 461.563785

count.K
1 5 10 3 11 

