logL = -50.650235 (converged)
AIC = 401.300470
BIC = 611.480078

count.K
11 8 2 4 5 

