logL = -85.491329 (converged)
AIC = 520.982658
BIC = 766.192200

count.K
11 5 2 2 10 

