logL = -20.994300 (converged)
AIC = 253.988599
BIC = 402.515522

count.K
23 3 2 2 

