logL = -76.246713 (converged)
AIC = 572.493426
BIC = 866.744876

count.K
2 6 3 8 7 4 

