logL = -31.109936 (converged)
AIC = 218.219871
BIC = 327.513267

count.K
22 3 5 

