0	tsk_0	(x)	1	:	0.491565	0.495822	0.000000	0.005652	0.006959	0.000003
1	tsk_1	(x)	1	:	0.000000	1.000000	0.000000	0.000000	0.000000	0.000000
2	tsk_2	(x)	1	:	0.000000	0.500000	0.000000	0.232062	0.267938	0.000000
3	tsk_3	(x)	1	:	0.000000	0.000000	0.000000	0.578976	0.421024	0.000000
4	tsk_4	(x)	1	:	0.000000	0.500000	0.000000	0.500000	0.000000	0.000000
5	tsk_5	(x)	1	:	0.000000	1.000000	0.000000	0.000000	0.000000	0.000000
6	tsk_6	(x)	1	:	0.000000	1.000000	0.000000	0.000000	0.000000	0.000000
7	tsk_7	(x)	1	:	0.499343	0.000000	0.000000	0.229200	0.271457	0.000000
8	tsk_8	(x)	1	:	0.000000	0.500000	0.000000	0.310074	0.189926	0.000000
9	tsk_9	(x)	1	:	0.499706	0.000000	0.000000	0.100551	0.399743	0.000000
10	tsk_10	(x)	1	:	0.000002	0.000000	0.465431	0.067511	0.467056	0.000000
11	tsk_11	(x)	1	:	0.000005	0.000000	0.465432	0.047175	0.487388	0.000000
12	tsk_12	(x)	1	:	0.000000	0.000000	1.000000	0.000000	0.000000	0.000000
13	tsk_13	(x)	1	:	0.000000	0.000000	0.579505	0.418108	0.002386	0.000000
14	tsk_14	(x)	1	:	0.000000	0.000000	0.000000	0.180882	0.819118	0.000000
15	tsk_15	(x)	1	:	0.000000	0.000009	0.999991	0.000000	0.000000	0.000000
16	tsk_16	(x)	1	:	0.000000	0.000000	1.000000	0.000000	0.000000	0.000000
17	tsk_17	(x)	1	:	0.000000	0.000000	1.000000	0.000000	0.000000	0.000000
18	tsk_18	(x)	1	:	0.000000	0.000000	1.000000	0.000000	0.000000	0.000000
19	tsk_19	(x)	1	:	0.000000	0.000000	1.000000	0.000000	0.000000	0.000000
20	tsk_20	(x)	1	:	0.000000	0.000000	0.000000	0.470076	0.529924	0.000000
21	tsk_21	(x)	1	:	0.000000	0.500000	0.000000	0.120947	0.379053	0.000000
22	tsk_22	(x)	1	:	1.000000	0.000000	0.000000	0.000000	0.000000	0.000000
23	tsk_23	(x)	1	:	0.499734	0.000000	0.000000	0.172978	0.327287	0.000000
24	tsk_24	(x)	1	:	0.000000	0.000000	0.000000	0.476211	0.523789	0.000000
25	tsk_25	(x)	1	:	0.019638	0.000000	0.000000	0.271400	0.218781	0.490181
26	tsk_26	(x)	1	:	0.000000	0.000000	0.000000	0.000000	0.000000	1.000000
27	tsk_27	(x)	1	:	0.020622	0.000000	0.000000	0.245719	0.243970	0.489689
28	tsk_28	(x)	1	:	0.000000	0.000000	0.000000	0.590342	0.409658	0.000000
29	tsk_29	(x)	1	:	0.000000	0.000000	0.000000	0.110938	0.889062	0.000000
