logL = -4.843785 (converged)
AIC = 141.687570
BIC = 234.166597

count.K
1 3 26 

