0	tsk_0	(x)	1	:	0.000000	0.499584	0.000000	0.000000	0.500416
1	tsk_1	(x)	1	:	0.000000	0.498538	0.000000	0.492584	0.008878
2	tsk_2	(x)	1	:	0.000001	0.000000	0.000000	0.500009	0.499990
3	tsk_3	(x)	1	:	0.000004	0.000000	0.000000	0.999996	0.000000
4	tsk_4	(x)	1	:	0.000001	0.000000	0.000000	0.999999	0.000000
5	tsk_5	(x)	1	:	0.000001	0.000000	0.000000	0.500007	0.499991
6	tsk_6	(x)	1	:	0.279364	0.499987	0.000000	0.000133	0.220516
7	tsk_7	(x)	1	:	0.000001	0.000000	0.000000	0.500010	0.499990
8	tsk_8	(x)	1	:	0.501367	0.000000	0.000000	0.013128	0.485505
9	tsk_9	(x)	1	:	0.000002	0.000000	0.000000	0.999998	0.000000
10	tsk_10	(x)	1	:	0.000001	0.000000	0.000000	0.999999	0.000000
11	tsk_11	(x)	1	:	0.524341	0.000000	0.000000	0.475659	0.000000
12	tsk_12	(x)	1	:	0.504341	0.000000	0.000000	0.010394	0.485265
13	tsk_13	(x)	1	:	0.527959	0.000000	0.000000	0.472041	0.000000
14	tsk_14	(x)	1	:	0.503812	0.000000	0.000000	0.011226	0.484962
15	tsk_15	(x)	1	:	0.000002	0.000000	0.000000	0.999998	0.000000
16	tsk_16	(x)	1	:	0.527956	0.000000	0.000000	0.472044	0.000000
17	tsk_17	(x)	1	:	0.998583	0.000000	0.000000	0.001417	0.000000
18	tsk_18	(x)	1	:	0.996753	0.000000	0.000000	0.003247	0.000000
19	tsk_19	(x)	1	:	0.504917	0.000000	0.000000	0.009436	0.485647
20	tsk_20	(x)	1	:	0.000000	0.105636	0.894364	0.000000	0.000000
21	tsk_21	(x)	1	:	0.000000	0.499755	0.000000	0.000000	0.500244
22	tsk_22	(x)	1	:	0.000000	0.498798	0.000000	0.493914	0.007288
23	tsk_23	(x)	1	:	0.000000	1.000000	0.000000	0.000000	0.000000
24	tsk_24	(x)	1	:	0.000003	0.000000	0.000000	0.999997	0.000000
25	tsk_25	(x)	1	:	0.000000	1.000000	0.000000	0.000000	0.000000
26	tsk_26	(x)	1	:	0.000000	0.498312	0.000047	0.491652	0.009989
27	tsk_27	(x)	1	:	0.000000	1.000000	0.000000	0.000000	0.000000
28	tsk_28	(x)	1	:	0.000002	0.000000	0.000000	0.999998	0.000000
29	tsk_29	(x)	1	:	0.000000	0.106271	0.893729	0.000000	0.000000
