0	tsk_0	(x)	1	:	0.000000	0.855116	0.000000	0.000000	0.144884	0.000000
1	tsk_1	(x)	1	:	0.000000	0.513762	0.000000	0.000000	0.164357	0.321881
2	tsk_2	(x)	1	:	0.000000	1.000000	0.000000	0.000000	0.000000	0.000000
3	tsk_3	(x)	1	:	0.000000	0.511733	0.000000	0.000000	0.165122	0.323145
4	tsk_4	(x)	1	:	0.000000	0.000000	0.000000	0.000000	1.000000	0.000000
5	tsk_5	(x)	1	:	0.000000	0.000000	0.000000	0.000000	0.000000	1.000000
6	tsk_6	(x)	1	:	0.000000	1.000000	0.000000	0.000000	0.000000	0.000000
7	tsk_7	(x)	1	:	0.000000	0.612402	0.000000	0.000000	0.000000	0.387598
8	tsk_8	(x)	1	:	0.000000	0.000000	0.000000	0.000000	0.000000	1.000000
9	tsk_9	(x)	1	:	0.000000	0.745561	0.000000	0.000000	0.254439	0.000000
10	tsk_10	(x)	1	:	0.000000	0.000000	0.000000	0.000000	0.000000	1.000000
11	tsk_11	(x)	1	:	0.000000	1.000000	0.000000	0.000000	0.000000	0.000000
12	tsk_12	(x)	1	:	0.000000	0.000000	0.000000	0.000000	0.198762	0.801238
13	tsk_13	(x)	1	:	0.000000	0.000000	1.000000	0.000000	0.000000	0.000000
14	tsk_14	(x)	1	:	0.000000	0.756713	0.000000	0.000000	0.243287	0.000000
15	tsk_15	(x)	1	:	0.000000	0.356731	0.000000	0.000000	0.286538	0.356731
16	tsk_16	(x)	1	:	0.000000	0.000000	0.000000	0.000000	0.332636	0.667364
17	tsk_17	(x)	1	:	0.000000	0.252196	0.494459	0.010026	0.000000	0.243320
18	tsk_18	(x)	1	:	0.000000	0.195927	0.488120	0.023758	0.130212	0.161982
19	tsk_19	(x)	1	:	0.000000	0.000000	1.000000	0.000000	0.000000	0.000000
20	tsk_20	(x)	1	:	0.000000	0.000000	1.000000	0.000000	0.000000	0.000000
21	tsk_21	(x)	1	:	0.999998	0.000000	0.000000	0.000002	0.000000	0.000000
22	tsk_22	(x)	1	:	1.000000	0.000000	0.000000	0.000000	0.000000	0.000000
23	tsk_23	(x)	1	:	1.000000	0.000000	0.000000	0.000000	0.000000	0.000000
24	tsk_24	(x)	1	:	1.000000	0.000000	0.000000	0.000000	0.000000	0.000000
25	tsk_25	(x)	1	:	0.000000	0.000000	0.000000	1.000000	0.000000	0.000000
26	tsk_26	(x)	1	:	0.000033	0.000000	0.000000	0.999967	0.000000	0.000000
27	tsk_27	(x)	1	:	0.500000	0.000000	0.500000	0.000000	0.000000	0.000000
28	tsk_28	(x)	1	:	0.501914	0.000000	0.498086	0.000000	0.000000	0.000000
29	tsk_29	(x)	1	:	0.000035	0.000000	0.000000	0.999965	0.000000	0.000000
