logL = -23.508084 (converged)
AIC = 395.016168
BIC = 638.824512

count.K
3 4 2 3 8 10 

