logL = -97.728356 (converged)
AIC = 369.456712
BIC = 491.360884

count.K
17 8 5 

