logL = -8.318281 (converged)
AIC = 212.636562
BIC = 349.953905

count.K
8 3 5 14 

