0	tsk_0	(x)	1	:	0.000000	0.000000	0.714133	0.000000	0.285867
1	tsk_1	(x)	1	:	0.000000	0.000000	0.880195	0.000000	0.119805
2	tsk_2	(x)	1	:	0.444457	0.000421	0.000150	0.498149	0.056823
3	tsk_3	(x)	1	:	0.000000	0.000000	0.333191	0.000000	0.666809
4	tsk_4	(x)	1	:	0.000000	0.000000	0.714654	0.000000	0.285346
5	tsk_5	(x)	1	:	0.000000	0.000000	0.620105	0.000000	0.379895
6	tsk_6	(x)	1	:	0.000000	0.000000	0.516446	0.000000	0.483554
7	tsk_7	(x)	1	:	0.000000	0.000000	0.767046	0.000000	0.232954
8	tsk_8	(x)	1	:	0.000000	0.000000	0.519918	0.000000	0.480082
9	tsk_9	(x)	1	:	0.000000	0.000000	0.714242	0.000000	0.285758
10	tsk_10	(x)	1	:	0.104052	0.000000	0.290606	0.000000	0.605341
11	tsk_11	(x)	1	:	0.000000	0.000000	0.000000	0.000000	1.000000
12	tsk_12	(x)	1	:	0.000000	0.531671	0.140963	0.254976	0.072390
13	tsk_13	(x)	1	:	0.104052	0.000000	0.617274	0.000000	0.278674
14	tsk_14	(x)	1	:	0.444454	0.000477	0.000001	0.498117	0.056951
15	tsk_15	(x)	1	:	0.000000	0.000000	0.620105	0.000000	0.379895
16	tsk_16	(x)	1	:	0.443575	0.042515	0.018790	0.476707	0.018413
17	tsk_17	(x)	1	:	0.000000	0.527362	0.171989	0.256962	0.043688
18	tsk_18	(x)	1	:	0.520202	0.000000	0.000000	0.479798	0.000000
19	tsk_19	(x)	1	:	0.000000	0.000000	0.549855	0.000000	0.450145
20	tsk_20	(x)	1	:	0.000000	0.000000	0.000000	1.000000	0.000000
21	tsk_21	(x)	1	:	0.000000	0.926972	0.000000	0.073028	0.000000
22	tsk_22	(x)	1	:	0.000000	0.000000	0.710656	0.000000	0.289344
23	tsk_23	(x)	1	:	0.000000	0.456301	0.147641	0.289713	0.106344
24	tsk_24	(x)	1	:	0.000000	0.358759	0.189174	0.334668	0.117398
25	tsk_25	(x)	1	:	0.000000	0.000000	0.383512	0.500000	0.116488
26	tsk_26	(x)	1	:	0.000000	0.000000	0.279442	0.000000	0.720558
27	tsk_27	(x)	1	:	0.000000	0.000000	0.445608	0.000000	0.554392
28	tsk_28	(x)	1	:	0.000000	0.249864	0.265933	0.384853	0.099350
29	tsk_29	(x)	1	:	0.000000	0.386521	0.148711	0.321874	0.142894
