logL = -57.713792 (converged)
AIC = 435.427585
BIC = 659.619166

count.K
6 7 2 4 11 

