0	tsk_0	(x)	1	:	0.000000	0.390565	0.000000	0.609435
1	tsk_1	(x)	1	:	0.000000	0.461109	0.000000	0.538891
2	tsk_2	(x)	1	:	0.000000	0.718292	0.000000	0.281708
3	tsk_3	(x)	1	:	0.000000	0.614840	0.000000	0.385160
4	tsk_4	(x)	1	:	0.509734	0.000001	0.490264	0.000001
5	tsk_5	(x)	1	:	0.000000	0.718384	0.000000	0.281616
6	tsk_6	(x)	1	:	0.000000	0.562172	0.000001	0.437827
7	tsk_7	(x)	1	:	0.000000	0.460582	0.000000	0.539418
8	tsk_8	(x)	1	:	0.000000	0.433915	0.000000	0.566085
9	tsk_9	(x)	1	:	0.000000	0.561526	0.000000	0.438474
10	tsk_10	(x)	1	:	0.000000	0.560107	0.000000	0.439893
11	tsk_11	(x)	1	:	0.000000	0.505572	0.000000	0.494428
12	tsk_12	(x)	1	:	0.000000	0.655786	0.000000	0.344214
13	tsk_13	(x)	1	:	0.509734	0.000001	0.490264	0.000001
14	tsk_14	(x)	1	:	0.509734	0.000001	0.490265	0.000001
15	tsk_15	(x)	1	:	0.000000	0.337682	0.000000	0.662318
16	tsk_16	(x)	1	:	0.000000	0.561341	0.000000	0.438659
17	tsk_17	(x)	1	:	0.509734	0.000001	0.490265	0.000001
18	tsk_18	(x)	1	:	1.000000	0.000000	0.000000	0.000000
19	tsk_19	(x)	1	:	0.509734	0.000001	0.490265	0.000001
20	tsk_20	(x)	1	:	0.000000	0.760920	0.000000	0.239080
21	tsk_21	(x)	1	:	0.000000	0.002122	0.997176	0.000702
22	tsk_22	(x)	1	:	0.000000	0.389063	0.000000	0.610937
23	tsk_23	(x)	1	:	0.000000	0.000284	0.999388	0.000328
24	tsk_24	(x)	1	:	0.000000	0.560632	0.000000	0.439368
25	tsk_25	(x)	1	:	0.000000	0.000405	0.999506	0.000089
26	tsk_26	(x)	1	:	0.000000	0.560073	0.000000	0.439927
27	tsk_27	(x)	1	:	0.000000	0.561032	0.000000	0.438968
28	tsk_28	(x)	1	:	0.000000	0.816724	0.000000	0.183276
29	tsk_29	(x)	1	:	0.000000	0.690975	0.000000	0.309025
