logL = -95.352542 (converged)
AIC = 358.705084
BIC = 476.405664

count.K
15 14 1 

