logL = -47.974931 (converged)
AIC = 331.949862
BIC = 497.291153

count.K
15 4 4 7 

