logL = -39.712311 (converged)
AIC = 217.424621
BIC = 314.107240

count.K
11 8 11 

