logL = -88.183907 (converged)
AIC = 264.367814
BIC = 326.020499

count.K
13 17 

