logL = -42.700250 (converged)
AIC = 271.400499
BIC = 401.711856

count.K
3 2 25 

