logL = -81.650144 (converged)
AIC = 607.300287
BIC = 918.366106

count.K
10 2 4 9 5 0 

