logL = -33.378597 (converged)
AIC = 302.757194
BIC = 468.098485

count.K
4 19 3 4 

