logL = -37.142450 (converged)
AIC = 286.284900
BIC = 434.811822

count.K
2 3 13 12 

