logL = -31.577440 (converged)
AIC = 207.154880
BIC = 308.041091

count.K
10 11 9 

