logL = -59.081924 (converged)
AIC = 526.163848
BIC = 812.008114

count.K
2 8 1 13 3 3 

