logL = -66.484795 (converged)
AIC = 294.969590
BIC = 408.466578

count.K
1 12 17 

