logL = -62.306951 (converged)
AIC = 212.613902
BIC = 274.266587

count.K
18 12 

