logL = -56.203884 (converged)
AIC = 348.407767
BIC = 513.749058

count.K
4 13 4 9 

