logL = -70.503364 (converged)
AIC = 573.006727
BIC = 875.665362

count.K
3 9 6 2 3 7 

