logL = -198.241040 (converged)
AIC = 736.482079
BIC = 974.685634

count.K
4 8 16 2 

