logL = -40.838880 (converged)
AIC = 381.677760
BIC = 591.857367

count.K
10 6 4 3 7 

