logL = -21.842987 (converged)
AIC = 313.685973
BIC = 502.847620

count.K
3 14 4 6 3 

