logL = -64.295751 (converged)
AIC = 396.591501
BIC = 584.351951

count.K
4 14 1 11 

