0	tsk_0	(x)	1	:	0.917759	0.082241	0.000000
1	tsk_1	(x)	1	:	0.954448	0.045552	0.000000
2	tsk_2	(x)	1	:	0.969124	0.030876	0.000000
3	tsk_3	(x)	1	:	0.978508	0.021492	0.000000
4	tsk_4	(x)	1	:	0.965654	0.034346	0.000000
5	tsk_5	(x)	1	:	0.957100	0.042900	0.000000
6	tsk_6	(x)	1	:	0.959716	0.040284	0.000000
7	tsk_7	(x)	1	:	0.958008	0.041992	0.000000
8	tsk_8	(x)	1	:	0.936205	0.063795	0.000000
9	tsk_9	(x)	1	:	0.946625	0.053375	0.000000
10	tsk_10	(x)	1	:	0.000000	0.000000	1.000000
11	tsk_11	(x)	1	:	0.000000	0.000000	1.000000
12	tsk_12	(x)	1	:	0.137649	0.373738	0.488612
13	tsk_13	(x)	1	:	0.000000	0.000000	1.000000
14	tsk_14	(x)	1	:	0.000000	0.000000	1.000000
15	tsk_15	(x)	1	:	0.000000	0.000000	1.000000
16	tsk_16	(x)	1	:	0.164107	0.347280	0.488613
17	tsk_17	(x)	1	:	0.000000	0.000000	1.000000
18	tsk_18	(x)	1	:	0.216850	0.294537	0.488614
19	tsk_19	(x)	1	:	0.000000	0.000000	1.000000
20	tsk_20	(x)	1	:	0.950656	0.049344	0.000000
21	tsk_21	(x)	1	:	0.422174	0.173460	0.404366
22	tsk_22	(x)	1	:	0.963256	0.036744	0.000000
23	tsk_23	(x)	1	:	0.425889	0.169745	0.404366
24	tsk_24	(x)	1	:	0.472752	0.122881	0.404367
25	tsk_25	(x)	1	:	0.527423	0.068209	0.404369
26	tsk_26	(x)	1	:	0.941591	0.058409	0.000000
27	tsk_27	(x)	1	:	0.953477	0.046523	0.000000
28	tsk_28	(x)	1	:	0.947871	0.052129	0.000000
29	tsk_29	(x)	1	:	0.950656	0.049344	0.000000
