0	tsk_0	(x)	1	:	0.000000	0.000000	0.000000	0.999923	0.000075	0.000003
1	tsk_1	(x)	1	:	0.498223	0.032209	0.000000	0.000000	0.230476	0.239093
2	tsk_2	(x)	1	:	0.000000	0.000000	0.000000	0.498982	0.403957	0.097062
3	tsk_3	(x)	1	:	0.499926	0.018250	0.000000	0.481810	0.000014	0.000000
4	tsk_4	(x)	1	:	0.000000	0.000000	0.000000	0.498597	0.329806	0.171597
5	tsk_5	(x)	1	:	0.499790	0.018497	0.000000	0.481629	0.000083	0.000000
6	tsk_6	(x)	1	:	0.000000	0.000000	0.000000	0.999955	0.000045	0.000000
7	tsk_7	(x)	1	:	0.000000	0.000000	0.000000	0.000000	0.570263	0.429737
8	tsk_8	(x)	1	:	0.000000	0.000000	0.000000	0.499108	0.360029	0.140864
9	tsk_9	(x)	1	:	0.000000	0.000000	0.000000	0.000000	0.571948	0.428052
10	tsk_10	(x)	1	:	0.000000	0.000000	0.565274	0.000000	0.243213	0.191513
11	tsk_11	(x)	1	:	0.000000	0.000000	0.000000	0.000000	0.630081	0.369919
12	tsk_12	(x)	1	:	0.000000	0.000000	0.000000	0.000000	0.839000	0.161000
13	tsk_13	(x)	1	:	0.000000	0.000000	0.485604	0.000000	0.075830	0.438566
14	tsk_14	(x)	1	:	0.000000	0.000000	0.000000	0.000000	0.798702	0.201298
15	tsk_15	(x)	1	:	0.000000	0.000000	0.000000	0.000000	0.783241	0.216759
16	tsk_16	(x)	1	:	0.000000	0.000000	0.000000	0.000000	0.829780	0.170220
17	tsk_17	(x)	1	:	0.000000	0.000000	0.000000	0.000000	0.672684	0.327316
18	tsk_18	(x)	1	:	0.000000	0.000000	0.565274	0.000000	0.234121	0.200605
19	tsk_19	(x)	1	:	0.000000	0.000000	0.000000	0.000000	0.552938	0.447062
20	tsk_20	(x)	1	:	0.000000	0.542606	0.457394	0.000000	0.000000	0.000000
21	tsk_21	(x)	1	:	0.000000	1.000000	0.000000	0.000000	0.000000	0.000000
22	tsk_22	(x)	1	:	0.000000	0.000029	0.999971	0.000000	0.000000	0.000000
23	tsk_23	(x)	1	:	0.000000	0.047745	0.453930	0.000000	0.153149	0.345176
24	tsk_24	(x)	1	:	0.000000	0.047576	0.454043	0.000000	0.264470	0.233911
25	tsk_25	(x)	1	:	0.000000	0.542599	0.457400	0.000000	0.000000	0.000000
26	tsk_26	(x)	1	:	0.000000	0.542624	0.457376	0.000000	0.000000	0.000000
27	tsk_27	(x)	1	:	0.000000	0.044432	0.456144	0.000000	0.499424	0.000000
28	tsk_28	(x)	1	:	0.000000	0.542738	0.457261	0.000000	0.000000	0.000000
29	tsk_29	(x)	1	:	0.000000	0.048466	0.453448	0.000000	0.000000	0.498086
