logL = -62.547990 (converged)
AIC = 205.095981
BIC = 261.143876

count.K
8 22 

