logL = -198.241405 (converged)
AIC = 836.482810
BIC = 1144.746234

count.K
0 3 7 12 8 

