0	tsk_0	(x)	1	:	0.276257	0.723743	0.000000	0.000000	0.000000
1	tsk_1	(x)	1	:	0.246523	0.253477	0.000000	0.000000	0.500000
2	tsk_2	(x)	1	:	0.107723	0.892277	0.000000	0.000000	0.000000
3	tsk_3	(x)	1	:	0.500000	0.000000	0.000000	0.000000	0.500000
4	tsk_4	(x)	1	:	0.000000	1.000000	0.000000	0.000000	0.000000
5	tsk_5	(x)	1	:	0.000000	0.500000	0.000000	0.000000	0.500000
6	tsk_6	(x)	1	:	0.196237	0.803763	0.000000	0.000000	0.000000
7	tsk_7	(x)	1	:	0.433019	0.566981	0.000000	0.000000	0.000000
8	tsk_8	(x)	1	:	0.260334	0.739666	0.000000	0.000000	0.000000
9	tsk_9	(x)	1	:	0.500000	0.000000	0.000000	0.000000	0.500000
10	tsk_10	(x)	1	:	0.000000	0.000000	0.000000	1.000000	0.000000
11	tsk_11	(x)	1	:	0.234787	0.263334	0.000000	0.496226	0.005653
12	tsk_12	(x)	1	:	0.000000	0.000000	0.000000	1.000000	0.000000
13	tsk_13	(x)	1	:	0.250366	0.250366	0.000000	0.499268	0.000000
14	tsk_14	(x)	1	:	0.230002	0.267788	0.000000	0.495560	0.006650
15	tsk_15	(x)	1	:	0.497769	0.000000	0.000000	0.495519	0.006712
16	tsk_16	(x)	1	:	0.192857	0.305311	0.000000	0.496323	0.005508
17	tsk_17	(x)	1	:	0.000000	0.000000	0.000000	1.000000	0.000000
18	tsk_18	(x)	1	:	0.000000	0.000000	0.000000	1.000000	0.000000
19	tsk_19	(x)	1	:	0.000000	0.000000	0.000000	1.000000	0.000000
20	tsk_20	(x)	1	:	0.406048	0.593952	0.000000	0.000000	0.000000
21	tsk_21	(x)	1	:	0.000000	0.498092	0.000000	0.496169	0.005739
22	tsk_22	(x)	1	:	0.192857	0.305311	0.000000	0.496323	0.005508
23	tsk_23	(x)	1	:	0.000000	0.000000	0.000000	1.000000	0.000000
24	tsk_24	(x)	1	:	0.222407	0.275768	0.000000	0.496336	0.005489
25	tsk_25	(x)	1	:	0.128447	0.871553	0.000000	0.000000	0.000000
26	tsk_26	(x)	1	:	0.000000	0.000000	1.000000	0.000000	0.000000
27	tsk_27	(x)	1	:	0.498167	0.000000	0.000000	0.496321	0.005511
28	tsk_28	(x)	1	:	0.423029	0.576971	0.000000	0.000000	0.000000
29	tsk_29	(x)	1	:	0.249386	0.248755	0.000000	0.496268	0.005590
