0	tsk_0	(x)	1	:	0.054014	0.500006	0.445975	0.000004
1	tsk_1	(x)	1	:	0.439571	0.000000	0.560422	0.000006
2	tsk_2	(x)	1	:	0.000000	1.000000	0.000000	0.000000
3	tsk_3	(x)	1	:	0.595947	0.000000	0.404048	0.000004
4	tsk_4	(x)	1	:	0.000000	1.000000	0.000000	0.000000
5	tsk_5	(x)	1	:	0.177647	0.500004	0.322346	0.000003
6	tsk_6	(x)	1	:	0.672707	0.000000	0.327287	0.000005
7	tsk_7	(x)	1	:	0.341988	0.000000	0.658006	0.000005
8	tsk_8	(x)	1	:	0.815329	0.000000	0.184662	0.000009
9	tsk_9	(x)	1	:	0.155900	0.500010	0.344084	0.000007
10	tsk_10	(x)	1	:	0.875025	0.000000	0.124969	0.000006
11	tsk_11	(x)	1	:	0.522320	0.000000	0.477674	0.000005
12	tsk_12	(x)	1	:	0.725848	0.000000	0.274144	0.000008
13	tsk_13	(x)	1	:	0.120196	0.500004	0.379797	0.000003
14	tsk_14	(x)	1	:	0.588228	0.000000	0.411769	0.000003
15	tsk_15	(x)	1	:	0.692067	0.000000	0.307928	0.000005
16	tsk_16	(x)	1	:	0.443363	0.000000	0.556632	0.000005
17	tsk_17	(x)	1	:	0.511528	0.000000	0.488468	0.000004
18	tsk_18	(x)	1	:	0.386721	0.000000	0.613279	0.000000
19	tsk_19	(x)	1	:	0.731929	0.000000	0.268065	0.000006
20	tsk_20	(x)	1	:	0.635892	0.000000	0.364098	0.000009
21	tsk_21	(x)	1	:	0.566824	0.000000	0.433174	0.000002
22	tsk_22	(x)	1	:	0.000000	0.000000	0.000000	1.000000
23	tsk_23	(x)	1	:	0.000000	0.000000	0.000000	1.000000
24	tsk_24	(x)	1	:	0.570647	0.000000	0.429352	0.000001
25	tsk_25	(x)	1	:	0.343683	0.000000	0.656316	0.000001
26	tsk_26	(x)	1	:	0.691612	0.000000	0.308381	0.000007
27	tsk_27	(x)	1	:	0.522320	0.000000	0.477674	0.000005
28	tsk_28	(x)	1	:	0.572456	0.000000	0.427544	0.000000
29	tsk_29	(x)	1	:	0.259366	0.500003	0.240630	0.000002
