logL = -70.077701 (converged)
AIC = 224.155402
BIC = 283.005692

count.K
22 8 

