logL = -37.553855 (converged)
AIC = 225.107709
BIC = 330.197513

count.K
25 4 1 

