logL = -48.275376 (converged)
AIC = 396.550753
BIC = 606.730360

count.K
8 3 9 6 4 

