logL = -12.407451 (converged)
AIC = 156.814902
BIC = 249.293929

count.K
18 5 7 

