0	tsk_0	(x)	1	:	0.000000	0.665023	0.232900	0.000000	0.102078
1	tsk_1	(x)	1	:	0.243448	0.510389	0.163506	0.000000	0.082656
2	tsk_2	(x)	1	:	0.490003	0.091566	0.334430	0.000000	0.084001
3	tsk_3	(x)	1	:	0.490522	0.122424	0.252501	0.000000	0.134553
4	tsk_4	(x)	1	:	0.000000	0.201991	0.104635	0.000000	0.693374
5	tsk_5	(x)	1	:	0.242787	0.686128	0.071084	0.000000	0.000000
6	tsk_6	(x)	1	:	0.000000	0.044714	0.460093	0.448940	0.046252
7	tsk_7	(x)	1	:	0.000000	0.000000	0.321963	0.000000	0.678037
8	tsk_8	(x)	1	:	0.489710	0.217206	0.092727	0.000000	0.200357
9	tsk_9	(x)	1	:	0.000000	0.439233	0.256084	0.000000	0.304683
10	tsk_10	(x)	1	:	0.000000	0.272237	0.546607	0.000000	0.181156
11	tsk_11	(x)	1	:	0.490003	0.283820	0.071251	0.000000	0.154926
12	tsk_12	(x)	1	:	0.000000	0.492212	0.290810	0.000000	0.216978
13	tsk_13	(x)	1	:	0.000000	0.650431	0.236589	0.000000	0.112979
14	tsk_14	(x)	1	:	0.490003	0.138932	0.106313	0.000000	0.264752
15	tsk_15	(x)	1	:	0.490003	0.397246	0.000000	0.000000	0.112752
16	tsk_16	(x)	1	:	0.000000	0.246334	0.000000	0.000000	0.753666
17	tsk_17	(x)	1	:	0.490003	0.217643	0.138185	0.000000	0.154170
18	tsk_18	(x)	1	:	0.000000	0.460277	0.424221	0.000000	0.115502
19	tsk_19	(x)	1	:	0.000000	0.091387	0.212143	0.551233	0.145236
20	tsk_20	(x)	1	:	1.000000	0.000000	0.000000	0.000000	0.000000
21	tsk_21	(x)	1	:	1.000000	0.000000	0.000000	0.000000	0.000000
22	tsk_22	(x)	1	:	1.000000	0.000000	0.000000	0.000000	0.000000
23	tsk_23	(x)	1	:	1.000000	0.000000	0.000000	0.000000	0.000000
24	tsk_24	(x)	1	:	1.000000	0.000000	0.000000	0.000000	0.000000
25	tsk_25	(x)	1	:	1.000000	0.000000	0.000000	0.000000	0.000000
26	tsk_26	(x)	1	:	0.490003	0.064216	0.295139	0.000000	0.150642
27	tsk_27	(x)	1	:	1.000000	0.000000	0.000000	0.000000	0.000000
28	tsk_28	(x)	1	:	1.000000	0.000000	0.000000	0.000000	0.000000
29	tsk_29	(x)	1	:	0.596110	0.083548	0.000000	0.000000	0.320341
