logL = -106.588333 (converged)
AIC = 603.176666
BIC = 876.410155

count.K
1 3 15 7 4 

