0	tsk_0	(x)	1	:	0.000000	0.000003	0.000000	0.999997
1	tsk_1	(x)	1	:	0.000000	0.000006	0.000000	0.999994
2	tsk_2	(x)	1	:	0.000000	0.000012	0.000000	0.999988
3	tsk_3	(x)	1	:	0.000000	0.000004	0.000000	0.999996
4	tsk_4	(x)	1	:	0.000000	0.000000	0.653570	0.346430
5	tsk_5	(x)	1	:	0.000000	0.335182	0.000000	0.664818
6	tsk_6	(x)	1	:	0.000000	0.000004	0.000000	0.999996
7	tsk_7	(x)	1	:	0.000000	0.000005	0.000000	0.999995
8	tsk_8	(x)	1	:	0.000000	0.000004	0.000000	0.999996
9	tsk_9	(x)	1	:	0.000000	0.000009	0.000000	0.999991
10	tsk_10	(x)	1	:	1.000000	0.000000	0.000000	0.000000
11	tsk_11	(x)	1	:	0.341113	0.000000	0.649826	0.009062
12	tsk_12	(x)	1	:	1.000000	0.000000	0.000000	0.000000
13	tsk_13	(x)	1	:	0.617320	0.000000	0.000000	0.382680
14	tsk_14	(x)	1	:	0.562628	0.000003	0.000000	0.437370
15	tsk_15	(x)	1	:	1.000000	0.000000	0.000000	0.000000
16	tsk_16	(x)	1	:	0.995134	0.000000	0.000000	0.004866
17	tsk_17	(x)	1	:	0.995223	0.000000	0.000000	0.004777
18	tsk_18	(x)	1	:	0.697379	0.000000	0.000000	0.302621
19	tsk_19	(x)	1	:	1.000000	0.000000	0.000000	0.000000
20	tsk_20	(x)	1	:	0.000000	0.494961	0.473724	0.031316
21	tsk_21	(x)	1	:	0.000000	0.492864	0.471647	0.035489
22	tsk_22	(x)	1	:	0.000000	0.495116	0.473878	0.031007
23	tsk_23	(x)	1	:	0.000000	0.000014	0.467727	0.532259
24	tsk_24	(x)	1	:	0.000000	0.494027	0.472799	0.033173
25	tsk_25	(x)	1	:	0.000000	0.488773	0.000000	0.511227
26	tsk_26	(x)	1	:	0.000000	1.000000	0.000000	0.000000
27	tsk_27	(x)	1	:	0.000000	0.000000	1.000000	0.000000
28	tsk_28	(x)	1	:	0.000000	0.494027	0.472799	0.033174
29	tsk_29	(x)	1	:	0.000000	0.000000	0.000000	1.000000
