logL = -42.298593 (converged)
AIC = 320.597185
BIC = 485.938476

count.K
1 14 8 7 

