logL = -23.584479 (converged)
AIC = 191.168958
BIC = 292.055170

count.K
6 9 15 

