0	tsk_0	(x)	1	:	0.000000	0.000000	0.000000	0.000000	1.000000	0.000000
1	tsk_1	(x)	1	:	0.000000	0.000000	1.000000	0.000000	0.000000	0.000000
2	tsk_2	(x)	1	:	0.500000	0.000000	0.369264	0.000000	0.130736	0.000000
3	tsk_3	(x)	1	:	0.000000	0.000000	1.000000	0.000000	0.000000	0.000000
4	tsk_4	(x)	1	:	0.000000	0.000000	1.000000	0.000000	0.000000	0.000000
5	tsk_5	(x)	1	:	0.000000	0.000000	0.472102	0.000000	0.527898	0.000000
6	tsk_6	(x)	1	:	0.000000	0.000000	0.000000	0.500000	0.500000	0.000000
7	tsk_7	(x)	1	:	0.000000	0.000000	1.000000	0.000000	0.000000	0.000000
8	tsk_8	(x)	1	:	0.000000	0.000000	1.000000	0.000000	0.000000	0.000000
9	tsk_9	(x)	1	:	0.000000	0.000000	0.979874	0.000000	0.020126	0.000000
10	tsk_10	(x)	1	:	0.000000	0.000000	0.500000	0.500000	0.000000	0.000000
11	tsk_11	(x)	1	:	0.478738	0.000000	0.000000	0.021262	0.500000	0.000000
12	tsk_12	(x)	1	:	0.000000	0.291241	0.000000	0.500000	0.000000	0.208759
13	tsk_13	(x)	1	:	0.000000	0.000000	1.000000	0.000000	0.000000	0.000000
14	tsk_14	(x)	1	:	0.000000	0.000000	0.000000	1.000000	0.000000	0.000000
15	tsk_15	(x)	1	:	1.000000	0.000000	0.000000	0.000000	0.000000	0.000000
16	tsk_16	(x)	1	:	0.487711	0.000000	0.000000	0.012289	0.500000	0.000000
17	tsk_17	(x)	1	:	0.000000	0.000000	0.500000	0.500000	0.000000	0.000000
18	tsk_18	(x)	1	:	0.466947	0.000000	0.437954	0.033053	0.062045	0.000000
19	tsk_19	(x)	1	:	0.000000	0.500000	0.000000	0.500000	0.000000	0.000000
20	tsk_20	(x)	1	:	0.000000	0.479887	0.000000	0.500000	0.000000	0.020113
21	tsk_21	(x)	1	:	0.000000	0.106924	0.000000	0.000000	0.500000	0.393076
22	tsk_22	(x)	1	:	0.485954	0.000000	0.000000	0.014046	0.500000	0.000000
23	tsk_23	(x)	1	:	0.000000	0.000000	0.250346	0.000000	0.249654	0.500000
24	tsk_24	(x)	1	:	0.000000	0.000000	0.000000	0.000000	0.000000	1.000000
25	tsk_25	(x)	1	:	0.000000	1.000000	0.000000	0.000000	0.000000	0.000000
26	tsk_26	(x)	1	:	0.000000	0.961396	0.000000	0.000000	0.000000	0.038604
27	tsk_27	(x)	1	:	0.000000	1.000000	0.000000	0.000000	0.000000	0.000000
28	tsk_28	(x)	1	:	0.000000	0.000000	0.085823	0.000000	0.414177	0.500000
29	tsk_29	(x)	1	:	0.000000	1.000000	0.000000	0.000000	0.000000	0.000000
