logL = -77.709155 (converged)
AIC = 311.418309
BIC = 420.711705

count.K
14 4 12 

