logL = -61.184485 (converged)
AIC = 506.368971
BIC = 775.398868

count.K
7 2 8 2 4 7 

