logL = -67.352638 (converged)
AIC = 504.705276
BIC = 763.926792

count.K
14 12 1 2 1 

