logL = -157.404284 (converged)
AIC = 582.808569
BIC = 770.569018

count.K
6 1 14 9 

