logL = -45.624388 (converged)
AIC = 311.248776
BIC = 465.380488

count.K
6 2 11 11 

