logL = -57.431488 (converged)
AIC = 190.862976
BIC = 244.108477

count.K
14 16 

