logL = -28.395348 (converged)
AIC = 346.790695
BIC = 549.964315

count.K
4 1 16 3 6 

