logL = -53.096953 (converged)
AIC = 198.193907
BIC = 262.648986

count.K
12 18 

