logL = -96.719570 (converged)
AIC = 453.439139
BIC = 635.594799

count.K
5 4 12 9 

