logL = -40.318883 (converged)
AIC = 300.637767
BIC = 454.769478

count.K
12 7 8 3 

