logL = -57.634861 (converged)
AIC = 465.269721
BIC = 710.479263

count.K
9 2 13 4 2 

