logL = -28.734645 (converged)
AIC = 393.469289
BIC = 628.870450

count.K
2 2 14 3 1 8 

