logL = -72.319480 (converged)
AIC = 232.638961
BIC = 294.291646

count.K
7 23 

