logL = -58.014934 (converged)
AIC = 436.029867
BIC = 660.221448

count.K
6 10 1 7 6 

