logL = -107.873898 (converged)
AIC = 565.747796
BIC = 810.957338

count.K
4 1 2 11 12 

