logL = -5.427966 (converged)
AIC = 270.855931
BIC = 453.011591

count.K
2 14 10 3 1 

