logL = -53.226597 (converged)
AIC = 250.453195
BIC = 351.339406

count.K
16 11 3 

