0	tsk_0	(x)	1	:	0.000000	0.297018	0.127559	0.083586	0.488538	0.003300
1	tsk_1	(x)	1	:	0.862552	0.018650	0.040053	0.078745	0.000000	0.000000
2	tsk_2	(x)	1	:	0.000000	0.607743	0.000000	0.392257	0.000000	0.000000
3	tsk_3	(x)	1	:	0.000000	0.357952	0.294065	0.347983	0.000000	0.000000
4	tsk_4	(x)	1	:	0.000000	0.326079	0.193319	0.480602	0.000000	0.000000
5	tsk_5	(x)	1	:	0.000005	0.154642	0.258648	0.586705	0.000000	0.000000
6	tsk_6	(x)	1	:	0.862936	0.046649	0.048712	0.041704	0.000000	0.000000
7	tsk_7	(x)	1	:	0.000000	0.000000	0.295807	0.704193	0.000000	0.000000
8	tsk_8	(x)	1	:	0.000000	0.389700	0.101556	0.508744	0.000000	0.000000
9	tsk_9	(x)	1	:	0.000000	0.185741	0.074893	0.739365	0.000000	0.000000
10	tsk_10	(x)	1	:	0.000000	0.000000	0.000000	0.000000	0.000000	1.000000
11	tsk_11	(x)	1	:	0.000000	0.000000	0.000000	0.000000	1.000000	0.000000
12	tsk_12	(x)	1	:	0.000000	0.000000	0.000000	0.000000	0.000000	1.000000
13	tsk_13	(x)	1	:	0.000000	0.000000	0.000000	0.000000	1.000000	0.000000
14	tsk_14	(x)	1	:	0.000000	0.000000	0.000000	0.000000	1.000000	0.000000
15	tsk_15	(x)	1	:	0.000000	0.000000	0.000000	0.000000	1.000000	0.000000
16	tsk_16	(x)	1	:	0.000000	0.000000	0.000000	0.000000	0.367469	0.632531
17	tsk_17	(x)	1	:	0.000000	0.000000	0.000000	0.000000	0.367664	0.632336
18	tsk_18	(x)	1	:	0.000000	0.000000	0.000000	0.000000	1.000000	0.000000
19	tsk_19	(x)	1	:	0.000000	0.000000	0.000000	0.000000	1.000000	0.000000
20	tsk_20	(x)	1	:	0.000002	0.475484	0.059454	0.465061	0.000000	0.000000
21	tsk_21	(x)	1	:	0.000004	0.431595	0.363431	0.204970	0.000000	0.000000
22	tsk_22	(x)	1	:	0.535992	0.071915	0.210258	0.181835	0.000000	0.000000
23	tsk_23	(x)	1	:	0.000000	0.689018	0.144531	0.166451	0.000000	0.000000
24	tsk_24	(x)	1	:	0.000000	0.434224	0.565776	0.000000	0.000000	0.000000
25	tsk_25	(x)	1	:	0.535173	0.090319	0.317642	0.056865	0.000000	0.000000
26	tsk_26	(x)	1	:	0.535966	0.107073	0.134230	0.222731	0.000000	0.000000
27	tsk_27	(x)	1	:	0.000002	0.694631	0.138660	0.166707	0.000000	0.000000
28	tsk_28	(x)	1	:	0.837505	0.093521	0.068974	0.000000	0.000000	0.000000
29	tsk_29	(x)	1	:	0.535986	0.198081	0.144168	0.121765	0.000000	0.000000
