logL = -37.352313 (converged)
AIC = 224.704625
BIC = 329.794429

count.K
14 12 4 

