logL = -144.493166 (converged)
AIC = 744.986331
BIC = 1064.459334

count.K
3 10 3 0 9 5 

