logL = -17.814168 (converged)
AIC = 315.628336
BIC = 511.795969

count.K
0 10 2 10 8 

