logL = -65.895111 (converged)
AIC = 611.790223
BIC = 948.077594

count.K
1 2 3 19 1 4 

