logL = -47.764139 (converged)
AIC = 257.528278
BIC = 371.025266

count.K
2 22 6 

