logL = -29.412265 (converged)
AIC = 338.824531
BIC = 534.992164

count.K
2 4 8 5 11 

