logL = -101.810033 (converged)
AIC = 695.620067
BIC = 1040.314623

count.K
9 4 5 6 1 5 

