logL = -47.619761 (converged)
AIC = 385.239523
BIC = 588.413143

count.K
17 7 2 1 3 

