logL = -214.889195 (converged)
AIC = 533.778389
BIC = 606.640653

count.K
23 7 

