logL = -90.036155 (converged)
AIC = 276.072310
BIC = 343.329784

count.K
10 20 

