logL = -38.816247 (converged)
AIC = 289.632493
BIC = 438.159416

count.K
13 1 12 4 

