0	tsk_0	(x)	1	:	0.000000	0.751392	0.000000	0.248608	0.000000	0.000000
1	tsk_1	(x)	1	:	0.496798	0.242982	0.122072	0.126765	0.011383	0.000000
2	tsk_2	(x)	1	:	0.496785	0.267301	0.224505	0.000000	0.011408	0.000000
3	tsk_3	(x)	1	:	0.000000	0.000000	0.540495	0.459505	0.000000	0.000000
4	tsk_4	(x)	1	:	0.000000	0.460474	0.539526	0.000000	0.000000	0.000000
5	tsk_5	(x)	1	:	0.000000	0.000000	0.000000	0.499929	0.500071	0.000000
6	tsk_6	(x)	1	:	0.000000	0.658868	0.000000	0.341132	0.000000	0.000000
7	tsk_7	(x)	1	:	0.000000	0.221530	0.550475	0.227995	0.000000	0.000000
8	tsk_8	(x)	1	:	0.000000	0.443118	0.556882	0.000000	0.000000	0.000000
9	tsk_9	(x)	1	:	0.000000	0.138241	0.096241	0.265518	0.500000	0.000000
10	tsk_10	(x)	1	:	0.000000	0.000000	0.536331	0.463669	0.000000	0.000000
11	tsk_11	(x)	1	:	0.000000	0.309902	0.000000	0.690098	0.000000	0.000000
12	tsk_12	(x)	1	:	0.000003	0.000000	0.000000	0.420295	0.000000	0.579701
13	tsk_13	(x)	1	:	0.000000	0.220194	0.554868	0.224939	0.000000	0.000000
14	tsk_14	(x)	1	:	0.000000	0.217124	0.558060	0.224816	0.000000	0.000000
15	tsk_15	(x)	1	:	0.000000	0.203123	0.217155	0.000000	0.000058	0.579664
16	tsk_16	(x)	1	:	0.000000	0.000000	0.000000	1.000000	0.000000	0.000000
17	tsk_17	(x)	1	:	0.000000	0.000000	0.711309	0.288690	0.000000	0.000000
18	tsk_18	(x)	1	:	0.000000	0.224790	0.545753	0.229456	0.000000	0.000000
19	tsk_19	(x)	1	:	0.000000	0.000000	0.000000	0.420295	0.000000	0.579705
20	tsk_20	(x)	1	:	0.000000	0.000000	0.000000	0.000000	1.000000	0.000000
21	tsk_21	(x)	1	:	0.000000	0.048859	0.000000	0.371436	0.000000	0.579705
22	tsk_22	(x)	1	:	0.000000	0.000000	0.000000	0.420295	0.000000	0.579705
23	tsk_23	(x)	1	:	0.000000	0.000000	0.241063	0.258937	0.500000	0.000000
24	tsk_24	(x)	1	:	0.000000	0.000000	0.000000	0.500000	0.500000	0.000000
25	tsk_25	(x)	1	:	0.000000	0.000000	0.000000	0.000000	0.000000	1.000000
26	tsk_26	(x)	1	:	0.000000	0.176165	0.098534	0.225302	0.500000	0.000000
27	tsk_27	(x)	1	:	0.000000	0.455793	0.544207	0.000000	0.000000	0.000000
28	tsk_28	(x)	1	:	0.000000	0.000000	0.000000	0.000000	0.000000	1.000000
29	tsk_29	(x)	1	:	0.000000	0.316349	0.000000	0.683651	0.000000	0.000000
