logL = -42.975129 (converged)
AIC = 223.950259
BIC = 320.632878

count.K
23 6 1 

