logL = -42.760160 (converged)
AIC = 395.520319
BIC = 612.705913

count.K
4 1 5 18 2 

