logL = -74.635621 (converged)
AIC = 377.271242
BIC = 537.007744

count.K
5 6 10 9 

