logL = -25.086846 (converged)
AIC = 194.173692
BIC = 295.059903

count.K
4 15 11 

