0	tsk_0	(x)	1	:	0.000000	0.000000	0.000000	1.000000	0.000000
1	tsk_1	(x)	1	:	0.476843	0.336092	0.128458	0.000000	0.058607
2	tsk_2	(x)	1	:	0.000099	0.091262	0.235017	0.499950	0.173672
3	tsk_3	(x)	1	:	0.000000	0.124861	0.137227	0.500000	0.237913
4	tsk_4	(x)	1	:	0.476843	0.000000	0.000000	0.523156	0.000000
5	tsk_5	(x)	1	:	0.000000	0.586604	0.413396	0.000000	0.000000
6	tsk_6	(x)	1	:	0.476843	0.259290	0.120619	0.000000	0.143248
7	tsk_7	(x)	1	:	0.000110	0.000000	0.040614	0.499945	0.459331
8	tsk_8	(x)	1	:	0.000000	0.000000	0.000000	1.000000	0.000000
9	tsk_9	(x)	1	:	0.000038	0.124388	0.038500	0.499981	0.337093
10	tsk_10	(x)	1	:	0.000000	0.109152	0.785399	0.000000	0.105449
11	tsk_11	(x)	1	:	0.000000	0.382667	0.360568	0.000000	0.256764
12	tsk_12	(x)	1	:	0.000000	0.235249	0.611159	0.000000	0.153592
13	tsk_13	(x)	1	:	0.000000	0.326925	0.565409	0.000000	0.107665
14	tsk_14	(x)	1	:	0.000000	0.175152	0.470497	0.000000	0.354351
15	tsk_15	(x)	1	:	0.476843	0.437719	0.000000	0.000000	0.085438
16	tsk_16	(x)	1	:	0.000000	0.245301	0.000000	0.000000	0.754699
17	tsk_17	(x)	1	:	0.000000	0.294508	0.513561	0.000000	0.191931
18	tsk_18	(x)	1	:	0.000000	0.189082	0.717295	0.000000	0.093623
19	tsk_19	(x)	1	:	0.000000	0.178577	0.468887	0.000000	0.352536
20	tsk_20	(x)	1	:	0.476843	0.338639	0.000000	0.000000	0.184518
21	tsk_21	(x)	1	:	1.000000	0.000000	0.000000	0.000000	0.000000
22	tsk_22	(x)	1	:	0.000000	0.126357	0.359501	0.000000	0.514141
23	tsk_23	(x)	1	:	0.590829	0.033793	0.337913	0.000000	0.037465
24	tsk_24	(x)	1	:	0.476843	0.288422	0.154283	0.000000	0.080453
25	tsk_25	(x)	1	:	0.476843	0.457007	0.000000	0.000000	0.066150
26	tsk_26	(x)	1	:	1.000000	0.000000	0.000000	0.000000	0.000000
27	tsk_27	(x)	1	:	1.000000	0.000000	0.000000	0.000000	0.000000
28	tsk_28	(x)	1	:	1.000000	0.000000	0.000000	0.000000	0.000000
29	tsk_29	(x)	1	:	1.000000	0.000000	0.000000	0.000000	0.000000
