logL = -82.688684 (converged)
AIC = 645.377369
BIC = 981.664740

count.K
6 10 2 6 3 3 

