logL = -87.497587 (converged)
AIC = 450.995173
BIC = 644.360412

count.K
8 10 5 7 

