logL = -237.222955 (converged)
AIC = 598.445910
BIC = 685.320147

count.K
14 16 

