logL = -98.427456 (converged)
AIC = 604.854911
BIC = 890.699177

count.K
2 18 3 2 0 5 

