logL = -106.670624 (converged)
AIC = 321.341248
BIC = 397.005907

count.K
19 11 

