logL = -62.323514 (converged)
AIC = 292.647027
BIC = 410.347607

count.K
18 8 4 

