logL = -67.437634 (converged)
AIC = 222.875268
BIC = 284.527952

count.K
20 10 

