logL = -47.289260 (converged)
AIC = 424.578519
BIC = 655.776087

count.K
1 10 8 4 7 

