logL = -26.339643 (converged)
AIC = 332.679287
BIC = 528.846920

count.K
4 6 8 3 9 

