logL = -19.343448 (converged)
AIC = 176.686895
BIC = 273.369515

count.K
6 8 16 

