logL = -46.050713 (converged)
AIC = 320.101425
BIC = 479.837927

count.K
23 3 2 2 

