logL = -22.181675 (converged)
AIC = 248.363351
BIC = 391.285484

count.K
5 3 17 5 

