logL = -69.343164 (converged)
AIC = 312.686328
BIC = 434.590500

count.K
14 7 9 

