logL = -65.669718 (converged)
AIC = 461.339435
BIC = 692.537003

count.K
1 3 5 16 5 

