logL = -153.389976 (converged)
AIC = 492.779951
BIC = 623.091308

count.K
19 2 9 

