0	tsk_0	(x)	1	:	0.000000	0.518933	0.036539	0.444528	0.000000
1	tsk_1	(x)	1	:	0.000000	0.914050	0.073180	0.000000	0.012770
2	tsk_2	(x)	1	:	0.000000	0.731603	0.000000	0.211246	0.057151
3	tsk_3	(x)	1	:	0.000000	0.000015	0.645220	0.000000	0.354765
4	tsk_4	(x)	1	:	0.000000	0.000000	1.000000	0.000000	0.000000
5	tsk_5	(x)	1	:	0.000000	0.000000	0.020584	0.974930	0.004486
6	tsk_6	(x)	1	:	0.000000	0.650614	0.035081	0.293222	0.021082
7	tsk_7	(x)	1	:	0.000000	0.692337	0.027575	0.241166	0.038922
8	tsk_8	(x)	1	:	0.000000	0.574518	0.000000	0.425482	0.000000
9	tsk_9	(x)	1	:	0.000000	0.782392	0.069380	0.148228	0.000000
10	tsk_10	(x)	1	:	0.000000	0.000014	0.485241	0.000000	0.514745
11	tsk_11	(x)	1	:	0.000000	0.000008	0.315841	0.000000	0.684152
12	tsk_12	(x)	1	:	0.000000	0.000000	0.477677	0.000000	0.522323
13	tsk_13	(x)	1	:	0.000000	0.000000	1.000000	0.000000	0.000000
14	tsk_14	(x)	1	:	0.000000	0.000007	0.000000	0.000000	0.999992
15	tsk_15	(x)	1	:	0.000000	0.000008	0.648204	0.000000	0.351788
16	tsk_16	(x)	1	:	0.000000	0.000027	0.000000	0.000000	0.999973
17	tsk_17	(x)	1	:	0.000000	0.000008	0.644628	0.000000	0.355364
18	tsk_18	(x)	1	:	0.000000	0.000027	0.999973	0.000000	0.000000
19	tsk_19	(x)	1	:	0.000000	0.000012	0.000000	0.000000	0.999988
20	tsk_20	(x)	1	:	1.000000	0.000000	0.000000	0.000000	0.000000
21	tsk_21	(x)	1	:	1.000000	0.000000	0.000000	0.000000	0.000000
22	tsk_22	(x)	1	:	1.000000	0.000000	0.000000	0.000000	0.000000
23	tsk_23	(x)	1	:	0.000000	0.000007	0.312445	0.000000	0.687548
24	tsk_24	(x)	1	:	0.480811	0.000000	0.000000	0.000000	0.519189
25	tsk_25	(x)	1	:	1.000000	0.000000	0.000000	0.000000	0.000000
26	tsk_26	(x)	1	:	0.480824	0.000022	0.000000	0.000000	0.519154
27	tsk_27	(x)	1	:	0.660843	0.000000	0.000000	0.000000	0.339157
28	tsk_28	(x)	1	:	0.000000	0.000008	0.311414	0.000000	0.688579
29	tsk_29	(x)	1	:	1.000000	0.000000	0.000000	0.000000	0.000000
