logL = -60.421286 (converged)
AIC = 204.842573
BIC = 263.692863

count.K
18 12 

