logL = -87.338647 (converged)
AIC = 594.677295
BIC = 888.928745

count.K
6 4 9 1 6 4 

