logL = -150.128072 (converged)
AIC = 670.256144
BIC = 929.477659

count.K
2 8 14 2 4 

