0	tsk_0	(x)	1	:	0.236589	0.281889	0.263405	0.218117	0.000000
1	tsk_1	(x)	1	:	0.155319	0.369640	0.344963	0.130078	0.000000
2	tsk_2	(x)	1	:	0.151165	0.402826	0.348944	0.097065	0.000000
3	tsk_3	(x)	1	:	0.216624	0.000000	0.783376	0.000000	0.000000
4	tsk_4	(x)	1	:	0.000000	0.000000	1.000000	0.000000	0.000000
5	tsk_5	(x)	1	:	0.000000	0.246132	0.500523	0.253345	0.000000
6	tsk_6	(x)	1	:	0.499995	0.339622	0.000000	0.160383	0.000000
7	tsk_7	(x)	1	:	0.339698	0.000000	0.660302	0.000000	0.000000
8	tsk_8	(x)	1	:	0.314667	0.369871	0.185627	0.129835	0.000000
9	tsk_9	(x)	1	:	0.351272	0.000000	0.648728	0.000000	0.000000
10	tsk_10	(x)	1	:	0.000000	0.195703	0.000000	0.804297	0.000000
11	tsk_11	(x)	1	:	0.159363	0.296012	0.341139	0.203486	0.000000
12	tsk_12	(x)	1	:	0.000000	0.325700	0.000000	0.674300	0.000000
13	tsk_13	(x)	1	:	0.000000	1.000000	0.000000	0.000000	0.000000
14	tsk_14	(x)	1	:	0.000000	0.006346	0.000000	0.000000	0.993654
15	tsk_15	(x)	1	:	0.236178	0.499856	0.263966	0.000000	0.000000
16	tsk_16	(x)	1	:	0.000000	0.489415	0.000000	0.510585	0.000000
17	tsk_17	(x)	1	:	0.000000	0.326138	0.500339	0.173523	0.000000
18	tsk_18	(x)	1	:	1.000000	0.000000	0.000000	0.000000	0.000000
19	tsk_19	(x)	1	:	0.000000	0.412843	0.000000	0.587156	0.000000
20	tsk_20	(x)	1	:	0.000000	0.136181	0.000000	0.863819	0.000000
21	tsk_21	(x)	1	:	0.000000	0.494407	0.000000	0.505593	0.000000
22	tsk_22	(x)	1	:	0.000000	0.489415	0.000000	0.510585	0.000000
23	tsk_23	(x)	1	:	0.000000	0.319813	0.000000	0.680187	0.000000
24	tsk_24	(x)	1	:	0.000000	0.107310	0.000000	0.892690	0.000000
25	tsk_25	(x)	1	:	0.000000	0.323954	0.000000	0.676045	0.000000
26	tsk_26	(x)	1	:	0.000000	0.196281	0.000000	0.803719	0.000000
27	tsk_27	(x)	1	:	0.000000	0.000000	0.000000	1.000000	0.000000
28	tsk_28	(x)	1	:	0.000000	1.000000	0.000000	0.000000	0.000000
29	tsk_29	(x)	1	:	0.000000	0.323950	0.000000	0.676050	0.000000
