logL = -38.797233 (converged)
AIC = 387.594467
BIC = 604.780061

count.K
4 16 1 2 7 

