logL = -19.359039 (converged)
AIC = 266.718079
BIC = 426.454580

count.K
2 3 5 20 

