0	tsk_0	(x)	1	:	0.306758	0.197865	0.000160	0.000000	0.000019	0.495198
1	tsk_1	(x)	1	:	0.000000	0.000000	0.000000	0.518197	0.481803	0.000000
2	tsk_2	(x)	1	:	0.000000	0.000000	0.000000	0.543420	0.000003	0.456577
3	tsk_3	(x)	1	:	0.000000	0.000000	0.000000	0.000000	0.000000	1.000000
4	tsk_4	(x)	1	:	0.000000	0.000000	0.000000	0.000000	1.000000	0.000000
5	tsk_5	(x)	1	:	0.387179	0.101404	0.000013	0.000000	0.511405	0.000000
6	tsk_6	(x)	1	:	0.000000	0.000000	0.000000	0.000000	0.000000	1.000000
7	tsk_7	(x)	1	:	0.000000	0.000000	0.766898	0.000000	0.000000	0.233102
8	tsk_8	(x)	1	:	0.000000	0.000000	1.000000	0.000000	0.000000	0.000000
9	tsk_9	(x)	1	:	0.000000	0.000000	0.000000	0.000000	0.590767	0.409233
10	tsk_10	(x)	1	:	0.782917	0.217083	0.000000	0.000000	0.000000	0.000000
11	tsk_11	(x)	1	:	0.707973	0.292027	0.000000	0.000000	0.000000	0.000000
12	tsk_12	(x)	1	:	1.000000	0.000000	0.000000	0.000000	0.000000	0.000000
13	tsk_13	(x)	1	:	0.792079	0.207921	0.000000	0.000000	0.000000	0.000000
14	tsk_14	(x)	1	:	0.736811	0.263189	0.000000	0.000000	0.000000	0.000000
15	tsk_15	(x)	1	:	0.434110	0.565890	0.000000	0.000000	0.000000	0.000000
16	tsk_16	(x)	1	:	0.799674	0.200326	0.000000	0.000000	0.000000	0.000000
17	tsk_17	(x)	1	:	0.735697	0.264303	0.000000	0.000000	0.000000	0.000000
18	tsk_18	(x)	1	:	0.763784	0.236216	0.000000	0.000000	0.000000	0.000000
19	tsk_19	(x)	1	:	0.792079	0.207921	0.000000	0.000000	0.000000	0.000000
20	tsk_20	(x)	1	:	0.000000	0.000000	0.000000	0.000000	1.000000	0.000000
21	tsk_21	(x)	1	:	0.000000	0.000000	0.000000	0.518133	0.481867	0.000000
22	tsk_22	(x)	1	:	0.000000	0.000000	0.000000	1.000000	0.000000	0.000000
23	tsk_23	(x)	1	:	0.000000	0.000000	0.000000	0.514221	0.485776	0.000003
24	tsk_24	(x)	1	:	0.000000	0.000000	0.000000	0.000000	1.000000	0.000000
25	tsk_25	(x)	1	:	0.000000	0.000000	0.000000	0.000000	1.000000	0.000000
26	tsk_26	(x)	1	:	0.000000	0.000000	0.000000	0.000000	1.000000	0.000000
27	tsk_27	(x)	1	:	0.000000	0.000000	0.000000	0.595890	0.404110	0.000000
28	tsk_28	(x)	1	:	0.000000	0.000000	0.000000	0.000000	0.999995	0.000005
29	tsk_29	(x)	1	:	0.000000	0.000000	0.000000	0.000000	0.999995	0.000005
