0	tsk_0	(x)	1	:	0.000000	0.000000	0.291359	0.708641
1	tsk_1	(x)	1	:	0.335865	0.000000	0.299660	0.364475
2	tsk_2	(x)	1	:	0.000000	0.000000	0.451174	0.548826
3	tsk_3	(x)	1	:	0.000000	0.000000	0.451436	0.548564
4	tsk_4	(x)	1	:	0.690984	0.000000	0.309016	0.000000
5	tsk_5	(x)	1	:	0.315448	0.000000	0.000000	0.684552
6	tsk_6	(x)	1	:	0.000000	0.000000	0.622104	0.377896
7	tsk_7	(x)	1	:	0.000000	0.000000	0.451174	0.548826
8	tsk_8	(x)	1	:	0.000000	0.000000	0.451174	0.548826
9	tsk_9	(x)	1	:	0.335865	0.000000	0.299660	0.364475
10	tsk_10	(x)	1	:	0.000000	0.000000	0.000000	1.000000
11	tsk_11	(x)	1	:	0.691393	0.000000	0.308607	0.000000
12	tsk_12	(x)	1	:	0.000000	0.000000	0.621927	0.378073
13	tsk_13	(x)	1	:	0.648125	0.000000	0.000000	0.351875
14	tsk_14	(x)	1	:	0.528579	0.000000	0.471421	0.000000
15	tsk_15	(x)	1	:	0.000000	0.999914	0.000000	0.000086
16	tsk_16	(x)	1	:	0.000299	0.999701	0.000000	0.000000
17	tsk_17	(x)	1	:	0.479625	0.000000	0.000000	0.520375
18	tsk_18	(x)	1	:	0.000000	0.980074	0.018861	0.001065
19	tsk_19	(x)	1	:	0.258121	0.000000	0.461457	0.280422
20	tsk_20	(x)	1	:	0.502399	0.000000	0.224546	0.273055
21	tsk_21	(x)	1	:	0.479226	0.000000	0.000000	0.520774
22	tsk_22	(x)	1	:	0.335542	0.000000	0.299883	0.364575
23	tsk_23	(x)	1	:	0.647818	0.000000	0.000000	0.352182
24	tsk_24	(x)	1	:	0.000000	0.000000	0.622104	0.377896
25	tsk_25	(x)	1	:	0.000000	0.000000	0.622104	0.377896
26	tsk_26	(x)	1	:	0.000000	0.000000	0.450942	0.549058
27	tsk_27	(x)	1	:	1.000000	0.000000	0.000000	0.000000
28	tsk_28	(x)	1	:	0.529056	0.000000	0.470944	0.000000
29	tsk_29	(x)	1	:	0.479625	0.000000	0.000000	0.520375
