logL = -24.023661 (converged)
AIC = 268.047321
BIC = 422.179033

count.K
3 2 19 6 

