logL = -57.343124 (converged)
AIC = 264.686247
BIC = 369.776051

count.K
10 14 6 

