logL = -96.677289 (converged)
AIC = 649.354578
BIC = 968.827581

count.K
9 0 1 9 9 2 

