logL = -40.806611 (converged)
AIC = 225.613222
BIC = 326.499434

count.K
9 12 9 

