logL = -94.566483 (converged)
AIC = 529.132966
BIC = 767.336521

count.K
7 2 2 12 7 

