logL = -44.306657 (converged)
AIC = 348.613313
BIC = 530.768973

count.K
8 3 12 7 

