logL = -160.447762 (converged)
AIC = 448.895524
BIC = 538.572156

count.K
22 8 

