0	tsk_0	(x)	1	:	0.000000	0.959528	0.000000	0.000000	0.000000	0.040471
1	tsk_1	(x)	1	:	0.000000	0.719793	0.000000	0.000000	0.000000	0.280207
2	tsk_2	(x)	1	:	0.000000	0.811113	0.000000	0.000000	0.000000	0.188887
3	tsk_3	(x)	1	:	0.000000	0.918946	0.000000	0.000000	0.000000	0.081054
4	tsk_4	(x)	1	:	0.000000	0.829594	0.000000	0.000000	0.000000	0.170406
5	tsk_5	(x)	1	:	0.000000	0.718656	0.000000	0.000000	0.000000	0.281344
6	tsk_6	(x)	1	:	0.000000	1.000000	0.000000	0.000000	0.000000	0.000000
7	tsk_7	(x)	1	:	0.000000	0.920999	0.000000	0.000000	0.000000	0.079001
8	tsk_8	(x)	1	:	0.000000	0.000000	0.000000	0.000000	0.000000	1.000000
9	tsk_9	(x)	1	:	0.000000	0.830997	0.000000	0.000000	0.000000	0.169003
10	tsk_10	(x)	1	:	0.000000	0.000000	0.000000	1.000000	0.000000	0.000000
11	tsk_11	(x)	1	:	0.000000	0.000000	0.000000	0.479403	0.520597	0.000000
12	tsk_12	(x)	1	:	0.000000	0.000000	0.000000	0.479403	0.520597	0.000000
13	tsk_13	(x)	1	:	0.000000	0.000000	0.000000	0.516763	0.483237	0.000000
14	tsk_14	(x)	1	:	0.000000	0.000000	0.000000	1.000000	0.000000	0.000000
15	tsk_15	(x)	1	:	0.000000	0.000000	0.000000	0.000000	1.000000	0.000000
16	tsk_16	(x)	1	:	0.000000	0.000000	0.000000	1.000000	0.000000	0.000000
17	tsk_17	(x)	1	:	0.000000	0.000000	0.000000	0.000000	0.520597	0.479403
18	tsk_18	(x)	1	:	0.000000	0.000000	0.000000	0.499999	0.000000	0.500001
19	tsk_19	(x)	1	:	0.000000	0.000000	0.000000	1.000000	0.000000	0.000000
20	tsk_20	(x)	1	:	0.000000	0.000000	1.000000	0.000000	0.000000	0.000000
21	tsk_21	(x)	1	:	0.499994	0.000008	0.499997	0.000000	0.000000	0.000001
22	tsk_22	(x)	1	:	0.500000	0.000000	0.500000	0.000000	0.000000	0.000001
23	tsk_23	(x)	1	:	0.000000	0.298211	0.499999	0.000000	0.000000	0.201789
24	tsk_24	(x)	1	:	0.499984	0.000023	0.499992	0.000000	0.000000	0.000001
25	tsk_25	(x)	1	:	0.499989	0.000016	0.499994	0.000000	0.000000	0.000001
26	tsk_26	(x)	1	:	0.000000	0.827061	0.000000	0.000000	0.000000	0.172939
27	tsk_27	(x)	1	:	1.000000	0.000000	0.000000	0.000000	0.000000	0.000000
28	tsk_28	(x)	1	:	0.000000	0.686461	0.000000	0.000000	0.000000	0.313539
29	tsk_29	(x)	1	:	0.000000	0.388895	0.499999	0.000000	0.000000	0.111106
