logL = -64.644193 (converged)
AIC = 309.288386
BIC = 435.396151

count.K
2 22 6 

