logL = -217.649329 (converged)
AIC = 651.298658
BIC = 802.627975

count.K
16 3 11 

