logL = -35.897362 (converged)
AIC = 307.794725
BIC = 473.136016

count.K
20 5 0 5 

