logL = -106.355993 (converged)
AIC = 308.711987
BIC = 375.969461

count.K
23 7 

