logL = -73.536392 (converged)
AIC = 309.072783
BIC = 422.569771

count.K
12 0 18 

