logL = -178.806694 (converged)
AIC = 813.613388
BIC = 1133.086391

count.K
7 1 5 0 3 14 

