logL = -53.490712 (converged)
AIC = 194.981423
BIC = 256.634108

count.K
23 7 

