logL = -75.851141 (converged)
AIC = 595.702282
BIC = 906.768101

count.K
8 3 0 8 8 3 

