logL = -59.696709 (converged)
AIC = 199.393418
BIC = 255.441313

count.K
20 10 

