logL = -89.884969 (converged)
AIC = 371.769938
BIC = 506.284887

count.K
20 8 2 

