logL = -91.414013 (converged)
AIC = 356.828027
BIC = 478.732199

count.K
9 7 14 

