0	tsk_0	(x)	1	:	0.000009	0.017448	0.000000	0.498783	0.022779	0.460980
1	tsk_1	(x)	1	:	0.000000	0.000000	0.000455	0.999545	0.000000	0.000000
2	tsk_2	(x)	1	:	0.028564	0.334584	0.000076	0.471921	0.164854	0.000000
3	tsk_3	(x)	1	:	0.000000	0.196051	0.000000	0.000000	0.803949	0.000000
4	tsk_4	(x)	1	:	0.000000	0.000000	0.000000	1.000000	0.000000	0.000000
5	tsk_5	(x)	1	:	0.000000	0.052604	0.000000	0.000000	0.947396	0.000000
6	tsk_6	(x)	1	:	0.000000	0.000000	0.000000	1.000000	0.000000	0.000000
7	tsk_7	(x)	1	:	0.028542	0.157581	0.000057	0.471944	0.341876	0.000000
8	tsk_8	(x)	1	:	0.000000	0.131335	0.000000	0.000000	0.868665	0.000000
9	tsk_9	(x)	1	:	0.000000	0.000000	0.000455	0.999545	0.000000	0.000000
10	tsk_10	(x)	1	:	0.007904	0.356440	0.498879	0.000000	0.136777	0.000000
11	tsk_11	(x)	1	:	0.000000	0.000000	0.000000	1.000000	0.000000	0.000000
12	tsk_12	(x)	1	:	1.000000	0.000000	0.000000	0.000000	0.000000	0.000000
13	tsk_13	(x)	1	:	0.469371	0.000000	0.000000	0.530629	0.000000	0.000000
14	tsk_14	(x)	1	:	0.000000	0.000000	1.000000	0.000000	0.000000	0.000000
15	tsk_15	(x)	1	:	0.500000	0.000000	0.500000	0.000000	0.000000	0.000000
16	tsk_16	(x)	1	:	0.008737	0.330177	0.498760	0.000000	0.162326	0.000000
17	tsk_17	(x)	1	:	0.500000	0.000000	0.500000	0.000000	0.000000	0.000000
18	tsk_18	(x)	1	:	0.000000	0.000000	1.000000	0.000000	0.000000	0.000000
19	tsk_19	(x)	1	:	0.500000	0.000000	0.500000	0.000000	0.000000	0.000000
20	tsk_20	(x)	1	:	0.500000	0.137755	0.000000	0.000000	0.362245	0.000000
21	tsk_21	(x)	1	:	0.000000	0.183209	0.000000	0.000000	0.816791	0.000000
22	tsk_22	(x)	1	:	0.500000	0.304150	0.000000	0.000000	0.195850	0.000000
23	tsk_23	(x)	1	:	0.000000	0.178831	0.000000	0.000000	0.821169	0.000000
24	tsk_24	(x)	1	:	0.008780	0.272673	0.498754	0.000000	0.219793	0.000000
25	tsk_25	(x)	1	:	0.500000	0.202594	0.000000	0.000000	0.297405	0.000000
26	tsk_26	(x)	1	:	0.500000	0.202138	0.000000	0.000000	0.297862	0.000000
27	tsk_27	(x)	1	:	0.008888	0.000000	0.498739	0.000000	0.492373	0.000000
28	tsk_28	(x)	1	:	0.500000	0.000000	0.000000	0.000000	0.500000	0.000000
29	tsk_29	(x)	1	:	0.500000	0.070193	0.000000	0.000000	0.429807	0.000000
