logL = -55.620427 (converged)
AIC = 187.240854
BIC = 240.486354

count.K
25 5 

