logL = -96.798473 (converged)
AIC = 477.596947
BIC = 676.566975

count.K
14 1 6 9 

