logL = -55.509635 (converged)
AIC = 441.019271
BIC = 672.216839

count.K
8 8 2 10 2 

