logL = -53.154855 (converged)
AIC = 262.309710
BIC = 371.603106

count.K
22 7 1 

