logL = -178.815890 (converged)
AIC = 727.631779
BIC = 986.853295

count.K
14 7 5 1 3 

