logL = -119.253044 (converged)
AIC = 334.506088
BIC = 401.763562

count.K
24 6 

