logL = -97.395532 (converged)
AIC = 368.791065
BIC = 490.695237

count.K
7 15 8 

