logL = -26.783606 (converged)
AIC = 343.567212
BIC = 546.740832

count.K
7 2 11 1 9 

