0	tsk_0	(x)	1	:	0.801342	0.198658	0.000000	0.000000	0.000000
1	tsk_1	(x)	1	:	0.000000	0.000000	0.319722	0.000000	0.680278
2	tsk_2	(x)	1	:	0.575113	0.424887	0.000000	0.000000	0.000000
3	tsk_3	(x)	1	:	0.000000	0.000000	0.000000	0.000000	1.000000
4	tsk_4	(x)	1	:	0.000000	0.500003	0.000000	0.000000	0.499997
5	tsk_5	(x)	1	:	0.000000	0.500003	0.000000	0.000000	0.499997
6	tsk_6	(x)	1	:	0.736364	0.263636	0.000000	0.000000	0.000000
7	tsk_7	(x)	1	:	0.325251	0.174751	0.000000	0.000000	0.499998
8	tsk_8	(x)	1	:	0.305638	0.194364	0.000000	0.000000	0.499998
9	tsk_9	(x)	1	:	0.500000	0.000000	0.000000	0.000000	0.500000
10	tsk_10	(x)	1	:	0.000000	1.000000	0.000000	0.000000	0.000000
11	tsk_11	(x)	1	:	0.798129	0.201871	0.000000	0.000000	0.000000
12	tsk_12	(x)	1	:	0.000000	0.000000	0.450983	0.000000	0.549017
13	tsk_13	(x)	1	:	0.000000	0.000000	1.000000	0.000000	0.000000
14	tsk_14	(x)	1	:	0.808587	0.191413	0.000000	0.000000	0.000000
15	tsk_15	(x)	1	:	0.732866	0.267134	0.000000	0.000000	0.000000
16	tsk_16	(x)	1	:	0.000000	0.000000	0.451503	0.000000	0.548496
17	tsk_17	(x)	1	:	0.000000	0.524526	0.475425	0.000000	0.000049
18	tsk_18	(x)	1	:	0.500000	0.000000	0.000000	0.000000	0.500000
19	tsk_19	(x)	1	:	0.222365	0.277587	0.000000	0.000012	0.500036
20	tsk_20	(x)	1	:	0.891319	0.108681	0.000000	0.000000	0.000000
21	tsk_21	(x)	1	:	0.000000	1.000000	0.000000	0.000000	0.000000
22	tsk_22	(x)	1	:	0.665440	0.334560	0.000000	0.000000	0.000000
23	tsk_23	(x)	1	:	0.889260	0.110740	0.000000	0.000000	0.000000
24	tsk_24	(x)	1	:	0.800660	0.199340	0.000000	0.000000	0.000000
25	tsk_25	(x)	1	:	0.673360	0.326640	0.000000	0.000000	0.000000
26	tsk_26	(x)	1	:	0.000000	1.000000	0.000000	0.000000	0.000000
27	tsk_27	(x)	1	:	0.000572	0.000000	0.000000	0.999428	0.000000
28	tsk_28	(x)	1	:	0.890834	0.109166	0.000000	0.000000	0.000000
29	tsk_29	(x)	1	:	0.798129	0.201871	0.000000	0.000000	0.000000
