logL = -46.882482 (converged)
AIC = 305.764963
BIC = 454.291886

count.K
2 16 4 8 

