logL = -103.778932 (converged)
AIC = 567.557864
BIC = 819.773393

count.K
7 7 15 0 1 

