logL = -58.938598 (converged)
AIC = 321.877196
BIC = 464.799329

count.K
17 9 4 

