logL = -21.657465 (converged)
AIC = 313.314931
BIC = 502.476577

count.K
6 3 17 2 2 

