0	tsk_0	(x)	1	:	0.000000	1.000000	0.000000	0.000000	0.000000	0.000000
1	tsk_1	(x)	1	:	0.551445	0.000000	0.000000	0.136807	0.205237	0.106512
2	tsk_2	(x)	1	:	0.000000	1.000000	0.000000	0.000000	0.000000	0.000000
3	tsk_3	(x)	1	:	0.000000	0.000000	0.000000	0.432334	0.292338	0.275328
4	tsk_4	(x)	1	:	0.000000	0.500000	0.000000	0.259410	0.063410	0.177180
5	tsk_5	(x)	1	:	0.000000	0.500000	0.000000	0.147487	0.152362	0.200151
6	tsk_6	(x)	1	:	0.000000	0.000000	0.000000	0.301730	0.405791	0.292479
7	tsk_7	(x)	1	:	0.000000	0.000000	0.000000	0.458744	0.188372	0.352884
8	tsk_8	(x)	1	:	0.000000	0.000000	0.000000	0.336657	0.257373	0.405969
9	tsk_9	(x)	1	:	0.000000	0.000000	0.516148	0.193519	0.064371	0.225963
10	tsk_10	(x)	1	:	0.000000	0.000000	0.000000	0.144226	0.581146	0.274628
11	tsk_11	(x)	1	:	0.000000	0.000000	0.000000	0.113826	0.347466	0.538708
12	tsk_12	(x)	1	:	0.000000	0.000000	0.000000	0.501344	0.338792	0.159864
13	tsk_13	(x)	1	:	0.000000	0.000000	0.000000	0.253940	0.256362	0.489698
14	tsk_14	(x)	1	:	0.000000	0.000000	0.000000	0.377116	0.380884	0.242000
15	tsk_15	(x)	1	:	0.000000	0.000000	0.000000	0.223903	0.453044	0.323053
16	tsk_16	(x)	1	:	0.551445	0.000000	0.000000	0.097223	0.275477	0.075855
17	tsk_17	(x)	1	:	0.000000	0.000000	0.000000	0.367024	0.280824	0.352151
18	tsk_18	(x)	1	:	0.000000	0.000000	0.000000	0.252787	0.506543	0.240671
19	tsk_19	(x)	1	:	0.000000	0.000000	0.000000	0.405555	0.204627	0.389818
20	tsk_20	(x)	1	:	0.650196	0.000801	0.348910	0.000039	0.000000	0.000054
21	tsk_21	(x)	1	:	0.447727	0.000000	0.552273	0.000000	0.000000	0.000000
22	tsk_22	(x)	1	:	0.447727	0.000000	0.552273	0.000000	0.000000	0.000000
23	tsk_23	(x)	1	:	0.666882	0.000000	0.000000	0.043851	0.206692	0.082575
24	tsk_24	(x)	1	:	0.604140	0.000000	0.395859	0.000000	0.000000	0.000000
25	tsk_25	(x)	1	:	0.290265	0.107054	0.262340	0.177997	0.162343	0.000000
26	tsk_26	(x)	1	:	0.293177	0.000000	0.517599	0.056462	0.036071	0.096691
27	tsk_27	(x)	1	:	0.509129	0.000000	0.490401	0.000339	0.000131	0.000000
28	tsk_28	(x)	1	:	0.447727	0.000000	0.552273	0.000000	0.000000	0.000000
29	tsk_29	(x)	1	:	0.000000	0.000000	1.000000	0.000000	0.000000	0.000000
