logL = -91.684316 (converged)
AIC = 435.368632
BIC = 611.919502

count.K
16 3 9 2 

