logL = -29.511766 (converged)
AIC = 271.023533
BIC = 419.550455

count.K
10 3 12 5 

