logL = -65.751797 (converged)
AIC = 351.503594
BIC = 505.635306

count.K
4 4 11 11 

