logL = -33.480163 (converged)
AIC = 286.960325
BIC = 441.092037

count.K
17 3 8 2 

