logL = -45.680683 (converged)
AIC = 475.361366
BIC = 744.391264

count.K
4 2 13 4 2 5 

