logL = -60.915265 (converged)
AIC = 349.830529
BIC = 509.567031

count.K
18 3 3 6 

