logL = -86.285885 (converged)
AIC = 502.571770
BIC = 733.769338

count.K
5 1 3 8 13 

