logL = -119.666144 (converged)
AIC = 647.332287
BIC = 933.176553

count.K
7 0 9 9 5 0 

