logL = -102.232048 (converged)
AIC = 464.464096
BIC = 646.619756

count.K
10 3 6 11 

