logL = -29.741501 (converged)
AIC = 395.483002
BIC = 630.884162

count.K
2 2 10 3 6 7 

