logL = -65.438990 (converged)
AIC = 298.877980
BIC = 416.578560

count.K
14 10 6 

