logL = -80.535175 (converged)
AIC = 265.070351
BIC = 337.932614

count.K
28 2 

