logL = -27.853139 (converged)
AIC = 365.706278
BIC = 582.891873

count.K
3 1 9 6 11 

