logL = -27.756884 (converged)
AIC = 199.513767
BIC = 300.399979

count.K
1 22 7 

