logL = -86.148153 (converged)
AIC = 592.296306
BIC = 886.547756

count.K
0 6 13 8 2 1 

