logL = -54.833387 (converged)
AIC = 541.666774
BIC = 844.325408

count.K
2 4 2 1 9 12 

