logL = -70.353180 (converged)
AIC = 228.706360
BIC = 290.359044

count.K
14 16 

