logL = -39.953183 (converged)
AIC = 511.906366
BIC = 814.565001

count.K
3 3 15 6 2 1 

