logL = -52.597137 (converged)
AIC = 415.194274
BIC = 632.379868

count.K
3 15 8 3 1 

