0	tsk_0	(x)	1	:	0.000000	0.000000	0.000000	0.000000	0.676943	0.323057
1	tsk_1	(x)	1	:	0.000000	0.000000	0.000000	0.000000	0.505524	0.494476
2	tsk_2	(x)	1	:	0.000000	0.000000	0.000000	0.000000	0.507314	0.492686
3	tsk_3	(x)	1	:	0.000000	0.000000	0.000000	0.000000	0.000000	1.000000
4	tsk_4	(x)	1	:	0.000000	0.000000	0.000000	0.000000	0.676146	0.323854
5	tsk_5	(x)	1	:	0.000000	0.000000	0.000000	0.000000	0.000000	1.000000
6	tsk_6	(x)	1	:	0.000001	0.999806	0.000000	0.000000	0.000065	0.000128
7	tsk_7	(x)	1	:	0.000000	0.000000	0.000000	0.000000	1.000000	0.000000
8	tsk_8	(x)	1	:	0.000000	0.000000	0.000000	0.000000	0.338428	0.661572
9	tsk_9	(x)	1	:	1.000000	0.000000	0.000000	0.000000	0.000000	0.000000
10	tsk_10	(x)	1	:	0.000000	0.000000	0.000000	0.000000	0.000000	1.000000
11	tsk_11	(x)	1	:	0.999998	0.000000	0.000000	0.000000	0.000002	0.000000
12	tsk_12	(x)	1	:	0.000000	0.000000	0.000000	0.000000	0.759623	0.240377
13	tsk_13	(x)	1	:	0.000000	0.000000	0.000000	0.000000	0.337878	0.662122
14	tsk_14	(x)	1	:	0.000000	0.000000	0.000000	0.000000	0.339159	0.660841
15	tsk_15	(x)	1	:	0.000000	0.000000	0.000000	0.000000	0.340724	0.659276
16	tsk_16	(x)	1	:	0.000000	0.000000	0.000000	0.985690	0.006104	0.008206
17	tsk_17	(x)	1	:	0.000000	0.000000	0.000000	0.000001	0.407458	0.592541
18	tsk_18	(x)	1	:	0.000000	0.000000	0.000000	0.985896	0.010429	0.003674
19	tsk_19	(x)	1	:	0.000000	0.000000	0.000000	0.000000	0.000000	1.000000
20	tsk_20	(x)	1	:	0.000000	0.000000	0.000000	0.000000	0.671638	0.328362
21	tsk_21	(x)	1	:	0.000000	0.000000	0.350092	0.294871	0.231153	0.123883
22	tsk_22	(x)	1	:	0.000000	0.000000	0.000000	0.000000	0.509496	0.490504
23	tsk_23	(x)	1	:	0.000000	0.000000	1.000000	0.000000	0.000000	0.000000
24	tsk_24	(x)	1	:	0.000000	0.000000	1.000000	0.000000	0.000000	0.000000
25	tsk_25	(x)	1	:	0.000000	0.000000	1.000000	0.000000	0.000000	0.000000
26	tsk_26	(x)	1	:	0.000000	0.000000	0.000000	0.993316	0.006684	0.000000
27	tsk_27	(x)	1	:	0.000000	0.000000	0.422536	0.151271	0.104182	0.322010
28	tsk_28	(x)	1	:	0.000000	0.000000	0.000000	0.000000	0.673884	0.326116
29	tsk_29	(x)	1	:	0.000000	0.000000	1.000000	0.000000	0.000000	0.000000
