0	tsk_0	(x)	1	:	0.000000	0.719234	0.000000	0.280766	0.000000	0.000000
1	tsk_1	(x)	1	:	0.000000	0.716396	0.000000	0.283604	0.000000	0.000000
2	tsk_2	(x)	1	:	0.000000	0.000000	0.000000	1.000000	0.000000	0.000000
3	tsk_3	(x)	1	:	0.001685	0.499286	0.495827	0.000000	0.000000	0.003202
4	tsk_4	(x)	1	:	0.000000	0.635370	0.000000	0.364630	0.000000	0.000000
5	tsk_5	(x)	1	:	0.000000	0.307755	0.000000	0.692245	0.000000	0.000000
6	tsk_6	(x)	1	:	0.001174	0.148882	0.495263	0.349964	0.000000	0.004717
7	tsk_7	(x)	1	:	0.000000	0.324971	0.000000	0.175029	0.500000	0.000000
8	tsk_8	(x)	1	:	0.000768	0.074729	0.494805	0.423760	0.000000	0.005939
9	tsk_9	(x)	1	:	0.000000	0.000000	0.000000	1.000000	0.000000	0.000000
10	tsk_10	(x)	1	:	0.548382	0.000000	0.000000	0.000000	0.000000	0.451618
11	tsk_11	(x)	1	:	1.000000	0.000000	0.000000	0.000000	0.000000	0.000000
12	tsk_12	(x)	1	:	0.488127	0.000000	0.000000	0.000000	0.000000	0.511873
13	tsk_13	(x)	1	:	0.182172	0.000000	0.000000	0.000000	0.000000	0.817828
14	tsk_14	(x)	1	:	0.000000	0.000000	0.000000	0.000000	0.000000	1.000000
15	tsk_15	(x)	1	:	0.000000	0.000000	0.000000	0.000000	0.000000	1.000000
16	tsk_16	(x)	1	:	0.175886	0.000000	0.000000	0.000000	0.000000	0.824114
17	tsk_17	(x)	1	:	0.000000	0.000000	0.000000	0.000000	0.000000	1.000000
18	tsk_18	(x)	1	:	0.187724	0.000000	0.000000	0.000000	0.000000	0.812276
19	tsk_19	(x)	1	:	0.175824	0.000000	0.000000	0.000000	0.000000	0.824176
20	tsk_20	(x)	1	:	0.000000	0.000000	0.000000	0.000000	0.500000	0.500000
21	tsk_21	(x)	1	:	0.143988	0.000000	0.000000	0.000000	0.500000	0.356012
22	tsk_22	(x)	1	:	0.000000	0.000000	0.000000	0.000000	1.000000	0.000000
23	tsk_23	(x)	1	:	0.005119	0.000000	0.366998	0.000000	0.492074	0.135809
24	tsk_24	(x)	1	:	1.000000	0.000000	0.000000	0.000000	0.000000	0.000000
25	tsk_25	(x)	1	:	0.000000	0.000000	0.000000	0.000000	0.500000	0.500000
26	tsk_26	(x)	1	:	0.209966	0.000000	0.000000	0.000000	0.500000	0.290034
27	tsk_27	(x)	1	:	0.133963	0.000000	0.000000	0.000000	0.000000	0.866036
28	tsk_28	(x)	1	:	0.145819	0.000000	0.000000	0.000000	0.500000	0.354181
29	tsk_29	(x)	1	:	0.301212	0.000000	0.000000	0.000000	0.000000	0.698788
