logL = -26.486731 (converged)
AIC = 280.973463
BIC = 440.709964

count.K
4 4 3 19 

