logL = -87.819485 (converged)
AIC = 259.638969
BIC = 318.489259

count.K
20 10 

