logL = -54.069082 (converged)
AIC = 270.138164
BIC = 383.635152

count.K
15 2 13 

