logL = -69.067882 (converged)
AIC = 324.135764
BIC = 454.447120

count.K
9 5 16 

