logL = -28.780231 (converged)
AIC = 337.560461
BIC = 533.728095

count.K
6 8 6 6 4 

