0	tsk_0	(x)	1	:	0.175338	0.824662	0.000000	0.000000	0.000000	0.000000
1	tsk_1	(x)	1	:	0.000000	0.000000	0.000000	0.000000	0.000000	1.000000
2	tsk_2	(x)	1	:	0.567866	0.000000	0.432134	0.000000	0.000000	0.000000
3	tsk_3	(x)	1	:	0.000000	0.000000	0.000000	0.000000	0.000000	1.000000
4	tsk_4	(x)	1	:	0.131297	0.389927	0.000000	0.000000	0.000000	0.478775
5	tsk_5	(x)	1	:	0.000000	0.122743	0.398482	0.000000	0.000000	0.478775
6	tsk_6	(x)	1	:	0.247926	0.378696	0.373378	0.000000	0.000000	0.000000
7	tsk_7	(x)	1	:	0.000000	0.109331	0.411896	0.000000	0.000000	0.478773
8	tsk_8	(x)	1	:	0.112034	0.166957	0.242233	0.000000	0.000000	0.478775
9	tsk_9	(x)	1	:	0.058640	0.000000	0.462589	0.000000	0.000000	0.478771
10	tsk_10	(x)	1	:	0.490464	0.255977	0.253559	0.000000	0.000000	0.000000
11	tsk_11	(x)	1	:	0.295684	0.469059	0.235257	0.000000	0.000000	0.000000
12	tsk_12	(x)	1	:	0.000000	0.000000	0.000000	0.000000	0.521225	0.478775
13	tsk_13	(x)	1	:	0.000000	0.000000	0.000000	0.000000	1.000000	0.000000
14	tsk_14	(x)	1	:	0.000000	0.671419	0.328581	0.000000	0.000000	0.000000
15	tsk_15	(x)	1	:	0.000000	1.000000	0.000000	0.000000	0.000000	0.000000
16	tsk_16	(x)	1	:	0.000000	0.000000	0.000000	0.000000	0.521225	0.478775
17	tsk_17	(x)	1	:	0.000000	0.000000	0.499129	0.000000	0.499129	0.001741
18	tsk_18	(x)	1	:	0.521225	0.000000	0.000000	0.000000	0.000000	0.478775
19	tsk_19	(x)	1	:	0.058925	0.172219	0.290081	0.000000	0.000000	0.478775
20	tsk_20	(x)	1	:	0.000000	0.666486	0.333514	0.000000	0.000000	0.000000
21	tsk_21	(x)	1	:	0.394730	0.000000	0.605270	0.000000	0.000000	0.000000
22	tsk_22	(x)	1	:	0.000000	1.000000	0.000000	0.000000	0.000000	0.000000
23	tsk_23	(x)	1	:	0.154759	0.726569	0.118672	0.000000	0.000000	0.000000
24	tsk_24	(x)	1	:	0.305247	0.466472	0.228281	0.000000	0.000000	0.000000
25	tsk_25	(x)	1	:	0.000000	0.401215	0.598785	0.000000	0.000000	0.000000
26	tsk_26	(x)	1	:	1.000000	0.000000	0.000000	0.000000	0.000000	0.000000
27	tsk_27	(x)	1	:	0.008746	0.000000	0.010874	0.980380	0.000000	0.000000
28	tsk_28	(x)	1	:	0.394730	0.000000	0.605270	0.000000	0.000000	0.000000
29	tsk_29	(x)	1	:	0.247739	0.378495	0.373765	0.000000	0.000000	0.000000
