logL = -26.102007 (converged)
AIC = 352.204013
BIC = 562.383621

count.K
1 2 9 12 6 

