logL = -51.219766 (converged)
AIC = 474.439532
BIC = 735.062245

count.K
1 4 7 0 9 9 

