logL = -133.310715 (converged)
AIC = 358.621431
BIC = 423.076510

count.K
19 11 

