logL = -103.457187 (converged)
AIC = 380.914374
BIC = 502.818546

count.K
8 15 7 

