0	tsk_0	(x)	1	:	0.000000	0.675136	0.000000	0.000000	0.324864	0.000000
1	tsk_1	(x)	1	:	0.241330	0.263416	0.000000	0.000000	0.263416	0.231839
2	tsk_2	(x)	1	:	0.000000	0.720494	0.279506	0.000000	0.000000	0.000000
3	tsk_3	(x)	1	:	0.000000	0.268795	0.224913	0.000000	0.268795	0.237497
4	tsk_4	(x)	1	:	0.478201	0.000000	0.000000	0.000000	0.521799	0.000000
5	tsk_5	(x)	1	:	0.000000	0.000000	0.480774	0.000000	0.000000	0.519226
6	tsk_6	(x)	1	:	0.000000	0.375758	0.624242	0.000000	0.000000	0.000000
7	tsk_7	(x)	1	:	0.327570	0.357828	0.000000	0.000000	0.000000	0.314602
8	tsk_8	(x)	1	:	0.512224	0.000000	0.000000	0.000000	0.000000	0.487776
9	tsk_9	(x)	1	:	0.000000	0.500000	0.000000	0.000000	0.500000	0.000000
10	tsk_10	(x)	1	:	0.000000	0.000000	0.000000	0.000000	0.000000	1.000000
11	tsk_11	(x)	1	:	0.000000	0.375758	0.624242	0.000000	0.000000	0.000000
12	tsk_12	(x)	1	:	0.249163	0.000000	0.000000	0.000000	0.272332	0.478505
13	tsk_13	(x)	1	:	0.000000	0.371282	0.628718	0.000000	0.000000	0.000000
14	tsk_14	(x)	1	:	0.000000	0.352884	0.294232	0.000000	0.352884	0.000000
15	tsk_15	(x)	1	:	0.000000	0.000000	0.000000	1.000000	0.000000	0.000000
16	tsk_16	(x)	1	:	0.000000	0.000000	0.000000	0.971886	0.006275	0.021838
17	tsk_17	(x)	1	:	0.327713	0.359403	0.000000	0.000000	0.000000	0.312884
18	tsk_18	(x)	1	:	0.022575	0.000000	0.000000	0.977425	0.000000	0.000000
19	tsk_19	(x)	1	:	0.000000	0.000000	1.000000	0.000000	0.000000	0.000000
20	tsk_20	(x)	1	:	0.499795	0.272223	0.227983	0.000000	0.000000	0.000000
21	tsk_21	(x)	1	:	0.351071	0.000000	0.313553	0.000000	0.000000	0.335377
22	tsk_22	(x)	1	:	0.333636	0.362997	0.303367	0.000000	0.000000	0.000000
23	tsk_23	(x)	1	:	0.244716	0.266321	0.222642	0.000000	0.266321	0.000000
24	tsk_24	(x)	1	:	0.493467	0.000000	0.000000	0.000000	0.269587	0.236946
25	tsk_25	(x)	1	:	0.000000	0.000000	0.279506	0.000000	0.720494	0.000000
26	tsk_26	(x)	1	:	0.000000	0.000000	0.308335	0.000000	0.000000	0.691665
27	tsk_27	(x)	1	:	0.335196	0.000000	0.298282	0.000000	0.366522	0.000000
28	tsk_28	(x)	1	:	0.000000	0.545780	0.454220	0.000000	0.000000	0.000000
29	tsk_29	(x)	1	:	0.000000	0.000000	0.000000	0.000000	0.355568	0.644432
