logL = -95.052674 (converged)
AIC = 302.105347
BIC = 380.572400

count.K
21 9 

