logL = -85.829395 (converged)
AIC = 291.658790
BIC = 375.730633

count.K
7 23 

