logL = -45.890899 (converged)
AIC = 327.781798
BIC = 493.123089

count.K
9 4 15 2 

