logL = -39.005638 (converged)
AIC = 154.011275
BIC = 207.256776

count.K
20 10 

