logL = -154.768854 (converged)
AIC = 777.537708
BIC = 1105.417895

count.K
6 7 1 3 8 5 

