logL = -67.666114 (converged)
AIC = 219.332229
BIC = 278.182519

count.K
11 19 

