logL = -114.686204 (converged)
AIC = 409.372408
BIC = 535.480172

count.K
10 5 15 

