logL = -42.434554 (converged)
AIC = 312.869109
BIC = 472.605610

count.K
2 3 23 2 

