logL = -44.292216 (converged)
AIC = 292.584432
BIC = 435.506565

count.K
13 2 8 7 

