0	tsk_0	(x)	1	:	0.000000	0.160878	0.000000	0.334547	0.504574	0.000000
1	tsk_1	(x)	1	:	0.000000	0.102826	0.492565	0.000000	0.404609	0.000000
2	tsk_2	(x)	1	:	0.000000	0.213887	0.000000	0.000000	0.786112	0.000000
3	tsk_3	(x)	1	:	1.000000	0.000000	0.000000	0.000000	0.000000	0.000000
4	tsk_4	(x)	1	:	0.000000	0.000000	0.444224	0.555776	0.000000	0.000000
5	tsk_5	(x)	1	:	0.000000	0.000000	0.000000	0.000000	1.000000	0.000000
6	tsk_6	(x)	1	:	0.000000	0.116071	0.000000	0.000000	0.883929	0.000000
7	tsk_7	(x)	1	:	0.000000	0.301938	0.000000	0.000000	0.698062	0.000000
8	tsk_8	(x)	1	:	0.000000	0.000000	0.000000	0.000000	1.000000	0.000000
9	tsk_9	(x)	1	:	0.000000	0.035778	0.492564	0.000000	0.471658	0.000000
10	tsk_10	(x)	1	:	0.000000	0.000000	0.000000	0.000000	1.000000	0.000000
11	tsk_11	(x)	1	:	0.000000	0.494937	0.000000	0.000000	0.000000	0.505063
12	tsk_12	(x)	1	:	0.000000	0.494937	0.000000	0.000000	0.000000	0.505063
13	tsk_13	(x)	1	:	0.000000	0.088022	0.000000	0.000000	0.911978	0.000000
14	tsk_14	(x)	1	:	0.000000	0.288324	0.000000	0.000000	0.711675	0.000000
15	tsk_15	(x)	1	:	0.000000	0.315245	0.000000	0.000000	0.684755	0.000000
16	tsk_16	(x)	1	:	0.000000	0.132467	0.000000	0.000000	0.867533	0.000000
17	tsk_17	(x)	1	:	0.000000	0.161520	0.492571	0.000000	0.345909	0.000000
18	tsk_18	(x)	1	:	0.000000	0.494937	0.000000	0.000000	0.000000	0.505063
19	tsk_19	(x)	1	:	0.000000	0.000000	0.000000	0.000000	1.000000	0.000000
20	tsk_20	(x)	1	:	0.000000	0.132909	0.000000	0.000000	0.867091	0.000000
21	tsk_21	(x)	1	:	0.000000	0.078752	0.000000	0.000000	0.921248	0.000000
22	tsk_22	(x)	1	:	0.000000	0.436171	0.000000	0.000000	0.563829	0.000000
23	tsk_23	(x)	1	:	0.000000	0.303774	0.000000	0.000000	0.696226	0.000000
24	tsk_24	(x)	1	:	0.000000	0.067533	0.000000	0.000000	0.932467	0.000000
25	tsk_25	(x)	1	:	0.000000	0.079668	0.000000	0.000000	0.920332	0.000000
26	tsk_26	(x)	1	:	0.000000	0.002725	0.000000	0.000000	0.997275	0.000000
27	tsk_27	(x)	1	:	0.000000	0.641608	0.000000	0.000000	0.358392	0.000000
28	tsk_28	(x)	1	:	0.000000	0.705228	0.000000	0.000000	0.294772	0.000000
29	tsk_29	(x)	1	:	0.471500	0.042596	0.000000	0.000000	0.485904	0.000000
