logL = -31.163835 (converged)
AIC = 212.327670
BIC = 317.417474

count.K
10 9 11 

