logL = -52.234959 (converged)
AIC = 196.469919
BIC = 260.924998

count.K
12 18 

