logL = -141.612502 (converged)
AIC = 379.225004
BIC = 446.482479

count.K
4 26 

