0	tsk_0	(x)	1	:	0.000000	0.000000	0.458590	0.499727	0.000225	0.041458
1	tsk_1	(x)	1	:	0.245680	0.254321	0.000000	0.499999	0.000000	0.000000
2	tsk_2	(x)	1	:	0.190228	0.309772	0.000000	0.499999	0.000000	0.000000
3	tsk_3	(x)	1	:	0.000000	0.000000	0.474024	0.499885	0.000091	0.026001
4	tsk_4	(x)	1	:	0.000000	0.000000	0.701866	0.000000	0.000000	0.298134
5	tsk_5	(x)	1	:	0.000000	0.000000	0.000000	1.000000	0.000000	0.000000
6	tsk_6	(x)	1	:	0.000000	0.000000	0.500000	0.500000	0.000000	0.000000
7	tsk_7	(x)	1	:	0.000000	0.000000	0.500011	0.499958	0.000032	0.000000
8	tsk_8	(x)	1	:	0.500001	0.000000	0.000000	0.499999	0.000000	0.000000
9	tsk_9	(x)	1	:	0.000000	0.000000	0.000001	0.999999	0.000000	0.000000
10	tsk_10	(x)	1	:	0.000000	0.000000	0.000000	0.000000	0.000000	1.000000
11	tsk_11	(x)	1	:	0.000000	0.000000	0.397530	0.000000	0.000000	0.602470
12	tsk_12	(x)	1	:	0.000000	0.000000	0.311914	0.000000	0.000000	0.688086
13	tsk_13	(x)	1	:	0.000000	0.000000	0.692034	0.000000	0.000000	0.307966
14	tsk_14	(x)	1	:	0.000000	0.000000	0.457879	0.499808	0.000156	0.042157
15	tsk_15	(x)	1	:	0.000000	0.000000	0.380928	0.000000	0.414206	0.204866
16	tsk_16	(x)	1	:	0.000000	0.000000	0.500012	0.499953	0.000035	0.000000
17	tsk_17	(x)	1	:	0.000000	0.000000	0.618841	0.000000	0.000000	0.381159
18	tsk_18	(x)	1	:	0.000000	0.000000	0.455349	0.000000	0.000000	0.544651
19	tsk_19	(x)	1	:	0.000000	0.000000	0.495125	0.499938	0.000047	0.004889
20	tsk_20	(x)	1	:	0.897824	0.102176	0.000000	0.000000	0.000000	0.000000
21	tsk_21	(x)	1	:	0.460237	0.039763	0.162873	0.000000	0.000000	0.337127
22	tsk_22	(x)	1	:	0.000000	0.000000	0.883832	0.000000	0.000000	0.116168
23	tsk_23	(x)	1	:	0.000000	0.465822	0.000000	0.000000	0.534178	0.000000
24	tsk_24	(x)	1	:	0.899659	0.100341	0.000000	0.000000	0.000000	0.000000
25	tsk_25	(x)	1	:	0.965486	0.034514	0.000000	0.000000	0.000000	0.000000
26	tsk_26	(x)	1	:	1.000000	0.000000	0.000000	0.000000	0.000000	0.000000
27	tsk_27	(x)	1	:	0.612910	0.387090	0.000000	0.000000	0.000000	0.000000
28	tsk_28	(x)	1	:	0.453217	0.046783	0.175879	0.000000	0.000000	0.324121
29	tsk_29	(x)	1	:	0.000000	0.000000	0.875161	0.000000	0.000000	0.124839
