logL = -58.879045 (converged)
AIC = 285.758090
BIC = 403.458670

count.K
7 9 14 

