logL = -61.044688 (converged)
AIC = 506.089376
BIC = 775.119273

count.K
2 6 3 4 10 5 

