logL = -83.452650 (converged)
AIC = 418.905300
BIC = 595.456170

count.K
9 13 2 6 

