logL = -84.955895 (converged)
AIC = 253.911790
BIC = 312.762080

count.K
5 25 

