logL = -19.187951 (converged)
AIC = 374.375903
BIC = 609.777063

count.K
1 7 6 3 11 2 

