logL = -14.905242 (converged)
AIC = 97.810484
BIC = 145.451195

count.K
16 14 

