logL = -9.364555 (converged)
AIC = 278.729109
BIC = 460.884769

count.K
4 3 13 3 7 

