logL = -43.498890 (converged)
AIC = 330.997780
BIC = 501.943860

count.K
4 12 5 9 

