logL = -40.444112 (converged)
AIC = 224.888225
BIC = 325.774436

count.K
12 14 4 

