0	tsk_0	(x)	1	:	0.000000	0.399842	0.600158	0.000000	0.000000	0.000000
1	tsk_1	(x)	1	:	0.000000	0.000000	1.000000	0.000000	0.000000	0.000000
2	tsk_2	(x)	1	:	0.000000	0.000000	1.000000	0.000000	0.000000	0.000000
3	tsk_3	(x)	1	:	0.000000	0.953334	0.046666	0.000000	0.000000	0.000000
4	tsk_4	(x)	1	:	0.186088	0.781772	0.032135	0.000000	0.000000	0.000006
5	tsk_5	(x)	1	:	0.000000	0.000000	1.000000	0.000000	0.000000	0.000000
6	tsk_6	(x)	1	:	0.000000	0.000000	1.000000	0.000000	0.000000	0.000000
7	tsk_7	(x)	1	:	0.186092	0.781502	0.032401	0.000000	0.000000	0.000004
8	tsk_8	(x)	1	:	0.000000	0.000000	1.000000	0.000000	0.000000	0.000000
9	tsk_9	(x)	1	:	0.000000	0.000000	1.000000	0.000000	0.000000	0.000000
10	tsk_10	(x)	1	:	0.000000	0.000000	0.000000	0.817847	0.182153	0.000000
11	tsk_11	(x)	1	:	0.000000	0.000000	0.000000	0.625451	0.374549	0.000000
12	tsk_12	(x)	1	:	0.000000	0.000000	0.000000	0.633685	0.366315	0.000000
13	tsk_13	(x)	1	:	0.000000	0.000000	0.000000	0.460367	0.539633	0.000000
14	tsk_14	(x)	1	:	0.000000	0.000000	0.000000	0.525477	0.474523	0.000000
15	tsk_15	(x)	1	:	0.000000	0.000000	1.000000	0.000000	0.000000	0.000000
16	tsk_16	(x)	1	:	0.000000	0.000000	0.000000	0.814544	0.185456	0.000000
17	tsk_17	(x)	1	:	0.000000	0.000000	0.500891	0.239673	0.259436	0.000000
18	tsk_18	(x)	1	:	0.000000	0.000000	0.000000	0.444130	0.555870	0.000000
19	tsk_19	(x)	1	:	0.000000	0.000000	0.500142	0.283578	0.216280	0.000000
20	tsk_20	(x)	1	:	0.499485	0.000000	0.500515	0.000000	0.000000	0.000000
21	tsk_21	(x)	1	:	0.499224	0.000000	0.500776	0.000000	0.000000	0.000000
22	tsk_22	(x)	1	:	0.499865	0.000000	0.500135	0.000000	0.000000	0.000000
23	tsk_23	(x)	1	:	0.000000	0.000000	1.000000	0.000000	0.000000	0.000000
24	tsk_24	(x)	1	:	1.000000	0.000000	0.000000	0.000000	0.000000	0.000000
25	tsk_25	(x)	1	:	1.000000	0.000000	0.000000	0.000000	0.000000	0.000000
26	tsk_26	(x)	1	:	0.499203	0.000000	0.500797	0.000000	0.000000	0.000000
27	tsk_27	(x)	1	:	0.000000	0.000000	0.000180	0.000000	0.000000	0.999820
28	tsk_28	(x)	1	:	0.499566	0.000000	0.500434	0.000000	0.000000	0.000000
29	tsk_29	(x)	1	:	0.499921	0.000000	0.500079	0.000000	0.000000	0.000000
