logL = -60.089011 (converged)
AIC = 364.178022
BIC = 535.124103

count.K
4 2 8 16 

