logL = -65.529884 (converged)
AIC = 431.059767
BIC = 641.239375

count.K
6 3 3 6 12 

