logL = -42.700338 (converged)
AIC = 353.400676
BIC = 541.161125

count.K
0 20 8 2 

