logL = -81.328990 (converged)
AIC = 336.657979
BIC = 458.562152

count.K
8 5 17 

