logL = -25.717687 (converged)
AIC = 123.435374
BIC = 173.878479

count.K
12 18 

