0	tsk_0	(x)	1	:	0.258624	0.447077	0.000000	0.294299
1	tsk_1	(x)	1	:	0.000000	1.000000	0.000000	0.000000
2	tsk_2	(x)	1	:	0.796755	0.203245	0.000000	0.000000
3	tsk_3	(x)	1	:	0.000000	1.000000	0.000000	0.000000
4	tsk_4	(x)	1	:	0.358892	0.641108	0.000000	0.000000
5	tsk_5	(x)	1	:	0.434252	0.565748	0.000000	0.000000
6	tsk_6	(x)	1	:	0.541177	0.458823	0.000000	0.000000
7	tsk_7	(x)	1	:	0.538891	0.461109	0.000000	0.000000
8	tsk_8	(x)	1	:	0.434252	0.565748	0.000000	0.000000
9	tsk_9	(x)	1	:	0.379577	0.326124	0.000000	0.294299
10	tsk_10	(x)	1	:	1.000000	0.000000	0.000000	0.000000
11	tsk_11	(x)	1	:	0.705701	0.000000	0.000000	0.294299
12	tsk_12	(x)	1	:	0.157441	0.160682	0.000000	0.681877
13	tsk_13	(x)	1	:	0.226169	0.233743	0.000000	0.540088
14	tsk_14	(x)	1	:	0.000000	0.000000	0.000000	1.000000
15	tsk_15	(x)	1	:	0.058099	0.259962	0.000000	0.681939
16	tsk_16	(x)	1	:	0.264980	0.735020	0.000000	0.000000
17	tsk_17	(x)	1	:	0.804568	0.195432	0.000000	0.000000
18	tsk_18	(x)	1	:	0.796755	0.203245	0.000000	0.000000
19	tsk_19	(x)	1	:	0.000000	0.000000	0.000000	1.000000
20	tsk_20	(x)	1	:	0.054246	0.031993	0.913761	0.000000
21	tsk_21	(x)	1	:	1.000000	0.000000	0.000000	0.000000
22	tsk_22	(x)	1	:	0.657913	0.342087	0.000000	0.000000
23	tsk_23	(x)	1	:	0.000000	0.086207	0.913793	0.000000
24	tsk_24	(x)	1	:	0.542018	0.457982	0.000000	0.000000
25	tsk_25	(x)	1	:	0.061093	0.025139	0.913769	0.000000
26	tsk_26	(x)	1	:	0.044257	0.041985	0.913758	0.000000
27	tsk_27	(x)	1	:	0.065160	0.021054	0.913785	0.000000
28	tsk_28	(x)	1	:	0.030744	0.055472	0.913784	0.000000
29	tsk_29	(x)	1	:	0.073243	0.012984	0.913773	0.000000
