0	tsk_0	(x)	1	:	0.000001	0.599665	0.000000	0.400333	0.000000
1	tsk_1	(x)	1	:	0.000003	0.000000	0.999997	0.000000	0.000000
2	tsk_2	(x)	1	:	0.000000	0.448466	0.000000	0.551534	0.000000
3	tsk_3	(x)	1	:	0.000002	0.693414	0.000000	0.306584	0.000000
4	tsk_4	(x)	1	:	0.000003	0.519964	0.000001	0.480032	0.000000
5	tsk_5	(x)	1	:	0.000000	0.400034	0.000000	0.599965	0.000000
6	tsk_6	(x)	1	:	0.043489	0.413949	0.448351	0.094211	0.000000
7	tsk_7	(x)	1	:	0.000002	0.999997	0.000000	0.000000	0.000000
8	tsk_8	(x)	1	:	0.000000	0.598095	0.000001	0.401905	0.000000
9	tsk_9	(x)	1	:	0.000002	0.404476	0.000000	0.595522	0.000000
10	tsk_10	(x)	1	:	0.018860	0.189042	0.000001	0.300100	0.491996
11	tsk_11	(x)	1	:	0.500168	0.336891	0.000000	0.162940	0.000000
12	tsk_12	(x)	1	:	0.000001	0.363410	0.000000	0.636589	0.000000
13	tsk_13	(x)	1	:	1.000000	0.000000	0.000000	0.000000	0.000000
14	tsk_14	(x)	1	:	0.504470	0.000000	0.000000	0.000000	0.495530
15	tsk_15	(x)	1	:	0.000002	0.531200	0.000000	0.468798	0.000000
16	tsk_16	(x)	1	:	1.000000	0.000000	0.000000	0.000000	0.000000
17	tsk_17	(x)	1	:	0.504461	0.000000	0.000000	0.000000	0.495539
18	tsk_18	(x)	1	:	0.504454	0.000000	0.000000	0.000000	0.495546
19	tsk_19	(x)	1	:	0.000001	0.624103	0.000001	0.375895	0.000000
20	tsk_20	(x)	1	:	0.019557	0.327474	0.000002	0.161141	0.491826
21	tsk_21	(x)	1	:	0.000000	0.000000	0.000000	0.000000	1.000000
22	tsk_22	(x)	1	:	0.000000	0.162269	0.000000	0.283644	0.554087
23	tsk_23	(x)	1	:	0.000000	0.000000	0.000000	0.000000	1.000000
24	tsk_24	(x)	1	:	0.000000	0.000000	0.000000	0.000000	1.000000
25	tsk_25	(x)	1	:	0.017709	0.045025	0.000002	0.444986	0.492278
26	tsk_26	(x)	1	:	0.000000	0.000000	0.000000	0.000000	1.000000
27	tsk_27	(x)	1	:	0.000000	0.000000	0.000000	0.000000	1.000000
28	tsk_28	(x)	1	:	0.019018	0.141331	0.000005	0.347687	0.491959
29	tsk_29	(x)	1	:	0.020736	0.229895	0.000002	0.257830	0.491537
