logL = -57.796749 (converged)
AIC = 523.593499
BIC = 809.437765

count.K
4 1 3 3 10 9 

