0	tsk_0	(x)	1	:	0.000000	0.000000	0.000000	0.000000	1.000000	0.000000
1	tsk_1	(x)	1	:	0.000000	0.736925	0.000047	0.067675	0.126134	0.069220
2	tsk_2	(x)	1	:	0.000019	0.000000	0.000003	0.262780	0.499975	0.237223
3	tsk_3	(x)	1	:	0.000001	0.983242	0.000088	0.000000	0.000000	0.016668
4	tsk_4	(x)	1	:	0.000000	0.000000	0.000000	0.441864	0.000000	0.558136
5	tsk_5	(x)	1	:	0.000000	0.983329	0.000000	0.011433	0.000000	0.005238
6	tsk_6	(x)	1	:	0.000000	0.000000	0.000000	0.261447	0.000000	0.738553
7	tsk_7	(x)	1	:	0.000000	0.450985	0.000104	0.277798	0.271114	0.000000
8	tsk_8	(x)	1	:	0.000007	0.356685	0.000029	0.169670	0.319029	0.154580
9	tsk_9	(x)	1	:	0.000000	0.000000	0.000000	0.000000	1.000000	0.000000
10	tsk_10	(x)	1	:	0.000000	0.000000	0.577357	0.264359	0.000000	0.158284
11	tsk_11	(x)	1	:	0.000026	0.992452	0.000000	0.003747	0.000004	0.003770
12	tsk_12	(x)	1	:	0.000024	0.000000	0.000000	0.258508	0.499972	0.241496
13	tsk_13	(x)	1	:	0.000008	0.000000	0.000150	0.266267	0.499824	0.233751
14	tsk_14	(x)	1	:	0.000000	0.000000	0.000000	0.256133	0.000000	0.743867
15	tsk_15	(x)	1	:	0.000000	0.298707	0.000000	0.246059	0.348482	0.106752
16	tsk_16	(x)	1	:	0.000009	0.305151	0.000000	0.219433	0.345202	0.130206
17	tsk_17	(x)	1	:	0.000000	0.000000	1.000000	0.000000	0.000000	0.000000
18	tsk_18	(x)	1	:	0.000023	0.000000	0.000000	0.266107	0.499974	0.233897
19	tsk_19	(x)	1	:	0.000002	0.983224	0.000159	0.005690	0.000001	0.010924
20	tsk_20	(x)	1	:	0.000000	0.000000	0.000022	0.000000	0.999978	0.000000
21	tsk_21	(x)	1	:	0.000000	0.000000	0.000029	0.000000	0.999971	0.000000
22	tsk_22	(x)	1	:	0.000000	0.000000	0.000000	0.000000	1.000000	0.000000
23	tsk_23	(x)	1	:	0.000000	0.000000	1.000000	0.000000	0.000000	0.000000
24	tsk_24	(x)	1	:	1.000000	0.000000	0.000000	0.000000	0.000000	0.000000
25	tsk_25	(x)	1	:	0.000000	0.000000	0.000042	0.000000	0.999958	0.000000
26	tsk_26	(x)	1	:	0.000000	0.000000	0.000000	0.000000	1.000000	0.000000
27	tsk_27	(x)	1	:	0.000000	0.000000	0.000075	0.000000	0.999925	0.000000
28	tsk_28	(x)	1	:	0.978592	0.000000	0.000000	0.000000	0.021408	0.000000
29	tsk_29	(x)	1	:	0.978604	0.000000	0.000002	0.000000	0.021394	0.000000
