logL = -52.081793 (converged)
AIC = 180.163586
BIC = 233.409087

count.K
10 20 

