logL = -110.882691 (converged)
AIC = 325.765382
BIC = 398.627646

count.K
14 16 

