logL = -25.980526 (converged)
AIC = 271.961052
BIC = 426.092764

count.K
5 14 8 3 

