logL = -23.507924 (converged)
AIC = 259.015848
BIC = 407.542771

count.K
2 0 10 18 

