logL = -56.404386 (converged)
AIC = 310.808772
BIC = 449.527313

count.K
2 25 3 

