logL = -61.411988 (converged)
AIC = 198.823976
BIC = 252.069476

count.K
14 16 

