logL = -75.755428 (converged)
AIC = 313.510856
BIC = 427.007844

count.K
12 6 12 

