logL = -29.203393 (converged)
AIC = 348.406787
BIC = 551.580407

count.K
3 8 2 12 5 

