logL = -32.344366 (converged)
AIC = 354.688732
BIC = 557.862353

count.K
12 1 15 1 1 

