logL = -42.977535 (converged)
AIC = 421.955069
BIC = 657.356229

count.K
3 6 4 12 5 0 

