logL = -22.422285 (converged)
AIC = 182.844570
BIC = 279.527189

count.K
4 21 5 

