logL = -18.292012 (converged)
AIC = 396.584024
BIC = 648.799553

count.K
1 1 16 1 5 6 

