logL = -42.992733 (converged)
AIC = 161.985467
BIC = 215.230967

count.K
22 8 

