logL = -72.949103 (converged)
AIC = 257.898206
BIC = 336.365260

count.K
27 3 

