logL = -28.920786 (converged)
AIC = 441.841572
BIC = 710.871469

count.K
8 2 0 10 8 2 

