logL = -20.796459 (converged)
AIC = 389.592919
BIC = 633.401263

count.K
6 5 6 5 6 2 

