logL = -8.318668 (converged)
AIC = 340.637336
BIC = 567.631312

count.K
4 8 4 3 6 5 

