logL = -2.249339 (converged)
AIC = 316.498678
BIC = 535.085469

count.K
2 2 7 7 6 6 

