logL = -55.071503 (converged)
AIC = 354.143006
BIC = 525.089086

count.K
6 9 2 13 

