logL = -71.466639 (converged)
AIC = 538.933277
BIC = 816.370359

count.K
1 4 2 7 11 5 

