logL = -107.663419 (converged)
AIC = 491.326839
BIC = 684.692077

count.K
7 7 15 1 

