0	tsk_0	(x)	1	:	0.498282	0.000002	0.000000	0.500600	0.001117
1	tsk_1	(x)	1	:	1.000000	0.000000	0.000000	0.000000	0.000000
2	tsk_2	(x)	1	:	0.000000	0.999996	0.000000	0.000004	0.000000
3	tsk_3	(x)	1	:	1.000000	0.000000	0.000000	0.000000	0.000000
4	tsk_4	(x)	1	:	0.496922	0.000000	0.000000	0.499184	0.003894
5	tsk_5	(x)	1	:	0.342397	0.282310	0.000000	0.000001	0.375291
6	tsk_6	(x)	1	:	0.000000	1.000000	0.000000	0.000000	0.000000
7	tsk_7	(x)	1	:	0.338221	0.276595	0.000000	0.000001	0.385183
8	tsk_8	(x)	1	:	1.000000	0.000000	0.000000	0.000000	0.000000
9	tsk_9	(x)	1	:	1.000000	0.000000	0.000000	0.000000	0.000000
10	tsk_10	(x)	1	:	0.386717	0.343350	0.000000	0.000003	0.269930
11	tsk_11	(x)	1	:	0.000000	0.999992	0.000000	0.000008	0.000000
12	tsk_12	(x)	1	:	1.000000	0.000000	0.000000	0.000000	0.000000
13	tsk_13	(x)	1	:	0.000000	0.999995	0.000000	0.000005	0.000000
14	tsk_14	(x)	1	:	0.000000	0.999996	0.000000	0.000003	0.000000
15	tsk_15	(x)	1	:	0.382736	0.337966	0.000000	0.000002	0.279296
16	tsk_16	(x)	1	:	0.370959	0.321742	0.000000	0.000001	0.307297
17	tsk_17	(x)	1	:	0.000000	0.999995	0.000000	0.000005	0.000000
18	tsk_18	(x)	1	:	0.336591	0.274270	0.000000	0.000002	0.389137
19	tsk_19	(x)	1	:	0.365385	0.313965	0.000000	0.000002	0.320649
20	tsk_20	(x)	1	:	0.000000	0.999997	0.000000	0.000003	0.000000
21	tsk_21	(x)	1	:	0.000000	0.499981	0.500019	0.000001	0.000000
22	tsk_22	(x)	1	:	0.000000	0.499779	0.500215	0.000005	0.000000
23	tsk_23	(x)	1	:	0.000000	0.499878	0.500118	0.000004	0.000000
24	tsk_24	(x)	1	:	0.000000	0.499970	0.500029	0.000001	0.000000
25	tsk_25	(x)	1	:	0.000000	0.000000	1.000000	0.000000	0.000000
26	tsk_26	(x)	1	:	0.000000	0.999989	0.000000	0.000011	0.000000
27	tsk_27	(x)	1	:	0.000000	0.000000	1.000000	0.000000	0.000000
28	tsk_28	(x)	1	:	0.000000	0.499969	0.500030	0.000001	0.000000
29	tsk_29	(x)	1	:	0.000000	0.499990	0.500010	0.000000	0.000000
