logL = -48.722776 (converged)
AIC = 325.445552
BIC = 485.182054

count.K
2 24 2 2 

