logL = -126.693217 (converged)
AIC = 345.386435
BIC = 409.841514

count.K
22 8 

