logL = -53.456691 (converged)
AIC = 406.913383
BIC = 617.092990

count.K
3 3 8 10 6 

