logL = -122.552856 (converged)
AIC = 605.105712
BIC = 857.321241

count.K
10 3 4 11 2 

