logL = -81.267708 (converged)
AIC = 522.535415
BIC = 774.750944

count.K
8 5 9 6 2 

