0	tsk_0	(x)	1	:	0.248368	0.000000	0.000000	0.538175	0.000000	0.213456
1	tsk_1	(x)	1	:	0.261571	0.000000	0.000000	0.261571	0.000000	0.476857
2	tsk_2	(x)	1	:	0.036625	0.000033	0.873299	0.018312	0.000000	0.071731
3	tsk_3	(x)	1	:	0.000000	0.000000	0.000000	0.142124	0.796618	0.061258
4	tsk_4	(x)	1	:	0.021112	0.000024	0.880849	0.021112	0.000018	0.076885
5	tsk_5	(x)	1	:	0.143824	0.000000	0.000000	0.599057	0.000000	0.257119
6	tsk_6	(x)	1	:	0.500000	0.000000	0.000000	0.500000	0.000000	0.000000
7	tsk_7	(x)	1	:	0.060409	0.000022	0.880465	0.020136	0.000008	0.038960
8	tsk_8	(x)	1	:	0.066230	0.000000	0.000000	0.066230	0.782076	0.085464
9	tsk_9	(x)	1	:	0.017771	0.000022	0.878924	0.035542	0.000017	0.067723
10	tsk_10	(x)	1	:	0.000000	0.000048	0.000000	0.088242	0.886330	0.025380
11	tsk_11	(x)	1	:	0.132051	0.000000	0.000000	0.270672	0.000000	0.597277
12	tsk_12	(x)	1	:	0.034180	0.000023	0.000006	0.034180	0.887497	0.044114
13	tsk_13	(x)	1	:	0.000000	0.911417	0.000000	0.032660	0.000000	0.055923
14	tsk_14	(x)	1	:	0.201482	0.000000	0.000000	0.427450	0.000000	0.371068
15	tsk_15	(x)	1	:	0.022673	0.899390	0.000000	0.000000	0.000000	0.077936
16	tsk_16	(x)	1	:	0.232225	0.000000	0.000000	0.767775	0.000000	0.000000
17	tsk_17	(x)	1	:	0.424861	0.000000	0.000000	0.205940	0.000000	0.369199
18	tsk_18	(x)	1	:	0.307723	0.000000	0.000000	0.149858	0.000000	0.542419
19	tsk_19	(x)	1	:	0.020624	0.899796	0.000063	0.061872	0.000012	0.017633
20	tsk_20	(x)	1	:	0.201482	0.000000	0.000000	0.427450	0.000000	0.371068
21	tsk_21	(x)	1	:	0.706536	0.000000	0.000000	0.000000	0.000000	0.293464
22	tsk_22	(x)	1	:	0.517479	0.000000	0.000000	0.340958	0.000000	0.141563
23	tsk_23	(x)	1	:	0.000000	0.000000	0.000000	0.535483	0.000000	0.464517
24	tsk_24	(x)	1	:	0.187703	0.000000	0.638681	0.093832	0.000000	0.079783
25	tsk_25	(x)	1	:	0.695143	0.000000	0.000000	0.163510	0.000000	0.141347
26	tsk_26	(x)	1	:	0.513985	0.000000	0.000000	0.340532	0.000000	0.145483
27	tsk_27	(x)	1	:	0.210285	0.000000	0.000000	0.210285	0.000000	0.579430
28	tsk_28	(x)	1	:	0.643728	0.000000	0.000000	0.000000	0.000000	0.356272
29	tsk_29	(x)	1	:	0.350778	0.000000	0.000000	0.350778	0.000000	0.298443
