0	tsk_0	(x)	1	:	0.999953	0.000000	0.000000	0.000033	0.000014
1	tsk_1	(x)	1	:	0.421649	0.000000	0.489812	0.046978	0.041561
2	tsk_2	(x)	1	:	0.000000	0.000000	1.000000	0.000000	0.000000
3	tsk_3	(x)	1	:	0.405824	0.000000	0.586985	0.003543	0.003648
4	tsk_4	(x)	1	:	0.421801	0.000000	0.489886	0.088314	0.000000
5	tsk_5	(x)	1	:	0.000000	0.000000	1.000000	0.000000	0.000000
6	tsk_6	(x)	1	:	0.000000	0.000000	1.000000	0.000000	0.000000
7	tsk_7	(x)	1	:	0.421580	0.000000	0.489778	0.046251	0.042391
8	tsk_8	(x)	1	:	0.000000	0.000000	1.000000	0.000000	0.000000
9	tsk_9	(x)	1	:	0.421687	0.000000	0.489831	0.000000	0.088482
10	tsk_10	(x)	1	:	0.000000	0.000000	0.000000	0.000000	1.000000
11	tsk_11	(x)	1	:	0.000000	0.000000	0.000000	0.735477	0.264523
12	tsk_12	(x)	1	:	0.000000	0.000000	0.000000	0.825389	0.174611
13	tsk_13	(x)	1	:	0.000000	0.000000	0.000000	0.736914	0.263086
14	tsk_14	(x)	1	:	0.000000	0.000000	0.000000	0.380403	0.619597
15	tsk_15	(x)	1	:	0.000000	0.000000	0.000000	0.646014	0.353986
16	tsk_16	(x)	1	:	0.000000	0.000000	0.000000	0.825264	0.174736
17	tsk_17	(x)	1	:	0.000000	0.000000	0.000000	0.736476	0.263524
18	tsk_18	(x)	1	:	0.000000	0.000000	0.000000	0.486553	0.513447
19	tsk_19	(x)	1	:	0.000000	0.000000	0.000000	0.316188	0.683812
20	tsk_20	(x)	1	:	0.999955	0.000000	0.000000	0.000035	0.000010
21	tsk_21	(x)	1	:	0.640588	0.000000	0.000000	0.144999	0.214413
22	tsk_22	(x)	1	:	0.640588	0.000000	0.000000	0.025365	0.334047
23	tsk_23	(x)	1	:	0.000000	1.000000	0.000000	0.000000	0.000000
24	tsk_24	(x)	1	:	0.640588	0.000000	0.000000	0.063025	0.296386
25	tsk_25	(x)	1	:	0.640588	0.000000	0.000000	0.042028	0.317384
26	tsk_26	(x)	1	:	0.000000	1.000000	0.000000	0.000000	0.000000
27	tsk_27	(x)	1	:	0.640588	0.000000	0.000000	0.037222	0.322189
28	tsk_28	(x)	1	:	0.422232	0.499430	0.000000	0.023587	0.054752
29	tsk_29	(x)	1	:	0.999963	0.000000	0.000000	0.000021	0.000016
