0	tsk_0	(x)	1	:	0.000000	0.169518	0.000000	0.036395	0.166056	0.628030
1	tsk_1	(x)	1	:	0.110461	0.413115	0.210004	0.146777	0.119643	0.000000
2	tsk_2	(x)	1	:	0.320459	0.007692	0.002635	0.000000	0.040895	0.628319
3	tsk_3	(x)	1	:	0.000000	0.000000	0.436654	0.310440	0.252907	0.000000
4	tsk_4	(x)	1	:	0.000000	0.494788	0.505212	0.000000	0.000000	0.000000
5	tsk_5	(x)	1	:	0.597379	0.000000	0.000000	0.402621	0.000000	0.000000
6	tsk_6	(x)	1	:	0.000000	0.518234	0.000000	0.185834	0.295932	0.000000
7	tsk_7	(x)	1	:	0.000000	0.268368	0.542216	0.189415	0.000000	0.000000
8	tsk_8	(x)	1	:	0.284845	0.017566	0.007558	0.000000	0.061741	0.628289
9	tsk_9	(x)	1	:	0.000000	0.231593	0.471437	0.163327	0.133644	0.000000
10	tsk_10	(x)	1	:	0.000000	0.000000	0.587253	0.412747	0.000000	0.000000
11	tsk_11	(x)	1	:	0.151350	0.280301	0.000000	0.403617	0.164732	0.000000
12	tsk_12	(x)	1	:	0.134379	0.000000	0.510271	0.355351	0.000000	0.000000
13	tsk_13	(x)	1	:	0.219768	0.209233	0.423301	0.147697	0.000000	0.000000
14	tsk_14	(x)	1	:	0.125019	0.234776	0.473788	0.166417	0.000000	0.000000
15	tsk_15	(x)	1	:	0.288047	0.274667	0.278699	0.000000	0.158587	0.000000
16	tsk_16	(x)	1	:	0.361521	0.000000	0.000000	0.245027	0.393451	0.000000
17	tsk_17	(x)	1	:	0.000000	0.000000	0.066918	0.131014	0.129679	0.672389
18	tsk_18	(x)	1	:	0.109816	0.206151	0.418688	0.145941	0.119404	0.000000
19	tsk_19	(x)	1	:	0.000000	0.302305	0.304054	0.216756	0.176885	0.000000
20	tsk_20	(x)	1	:	0.000000	0.022761	0.000000	0.226839	0.078010	0.672390
21	tsk_21	(x)	1	:	0.000000	0.267245	0.000000	0.575435	0.157320	0.000000
22	tsk_22	(x)	1	:	0.293635	0.000000	0.000000	0.390505	0.315860	0.000000
23	tsk_23	(x)	1	:	0.000000	0.000000	0.066918	0.131014	0.129679	0.672389
24	tsk_24	(x)	1	:	0.046022	0.000000	0.000000	0.147532	0.134091	0.672356
25	tsk_25	(x)	1	:	0.139443	0.259953	0.262418	0.186178	0.152008	0.000000
26	tsk_26	(x)	1	:	0.000000	0.302305	0.304054	0.216756	0.176885	0.000000
27	tsk_27	(x)	1	:	0.000000	0.433333	0.442745	0.000000	0.123922	0.000000
28	tsk_28	(x)	1	:	0.143508	0.000000	0.545716	0.000000	0.310775	0.000000
29	tsk_29	(x)	1	:	0.000000	0.022761	0.000000	0.226839	0.078010	0.672390
