0	tsk_0	(x)	1	:	0.000000	0.999999	0.000000	0.000000	0.000000
1	tsk_1	(x)	1	:	0.089447	0.000000	0.448665	0.461887	0.000000
2	tsk_2	(x)	1	:	0.042912	0.000000	0.495201	0.461887	0.000000
3	tsk_3	(x)	1	:	0.000002	0.000000	0.000005	0.999992	0.000000
4	tsk_4	(x)	1	:	0.325899	0.499989	0.174112	0.000000	0.000000
5	tsk_5	(x)	1	:	0.000002	0.000000	0.000012	0.999986	0.000000
6	tsk_6	(x)	1	:	0.000000	1.000000	0.000000	0.000000	0.000000
7	tsk_7	(x)	1	:	0.000000	0.999999	0.000001	0.000000	0.000000
8	tsk_8	(x)	1	:	0.359614	0.499988	0.140398	0.000000	0.000000
9	tsk_9	(x)	1	:	0.000000	1.000000	0.000000	0.000000	0.000000
10	tsk_10	(x)	1	:	0.209862	0.499841	0.002291	0.000000	0.288006
11	tsk_11	(x)	1	:	0.503563	0.000000	0.000000	0.000000	0.496437
12	tsk_12	(x)	1	:	0.177367	0.499928	0.034653	0.000000	0.288052
13	tsk_13	(x)	1	:	0.000000	1.000000	0.000000	0.000000	0.000000
14	tsk_14	(x)	1	:	0.179595	0.498713	0.000000	0.321692	0.000000
15	tsk_15	(x)	1	:	0.000000	1.000000	0.000000	0.000000	0.000000
16	tsk_16	(x)	1	:	0.202341	0.499847	0.009802	0.000000	0.288010
17	tsk_17	(x)	1	:	0.000000	1.000000	0.000000	0.000000	0.000000
18	tsk_18	(x)	1	:	0.390169	0.499988	0.109843	0.000000	0.000000
19	tsk_19	(x)	1	:	0.016290	0.506702	0.005808	0.000000	0.471200
20	tsk_20	(x)	1	:	1.000000	0.000000	0.000000	0.000000	0.000000
21	tsk_21	(x)	1	:	0.157648	0.000000	0.497193	0.000000	0.345159
22	tsk_22	(x)	1	:	0.001044	0.000000	0.070039	0.000000	0.928917
23	tsk_23	(x)	1	:	0.597651	0.000000	0.402348	0.000000	0.000000
24	tsk_24	(x)	1	:	0.115491	0.000000	0.539350	0.000000	0.345159
25	tsk_25	(x)	1	:	0.134468	0.000000	0.520374	0.000000	0.345158
26	tsk_26	(x)	1	:	0.213304	0.000000	0.441540	0.000000	0.345156
27	tsk_27	(x)	1	:	0.119423	0.000000	0.535419	0.000000	0.345159
28	tsk_28	(x)	1	:	0.000000	0.000000	0.999999	0.000000	0.000000
29	tsk_29	(x)	1	:	0.497112	0.000000	0.502888	0.000000	0.000000
