logL = -40.409919 (converged)
AIC = 360.819839
BIC = 556.987472

count.K
12 4 8 2 4 

