logL = -54.213113 (converged)
AIC = 264.426226
BIC = 373.719622

count.K
2 11 17 

