logL = -117.597718 (converged)
AIC = 331.195436
BIC = 398.452910

count.K
18 12 

