logL = -38.816246 (converged)
AIC = 413.632493
BIC = 649.033653

count.K
3 4 7 6 7 3 

