0	tsk_0	(x)	1	:	0.000000	0.312130	0.133676	0.422406	0.131788	0.000000
1	tsk_1	(x)	1	:	0.000000	0.000001	0.000002	0.999997	0.000000	0.000000
2	tsk_2	(x)	1	:	0.500001	0.397017	0.047272	0.000000	0.055710	0.000000
3	tsk_3	(x)	1	:	0.000000	0.139724	0.154812	0.640413	0.065051	0.000000
4	tsk_4	(x)	1	:	0.496653	0.002218	0.006038	0.000000	0.000000	0.495091
5	tsk_5	(x)	1	:	0.416181	0.000141	0.000027	0.583623	0.000027	0.000000
6	tsk_6	(x)	1	:	0.000000	0.204051	0.207474	0.422406	0.166070	0.000000
7	tsk_7	(x)	1	:	0.000000	0.105316	0.212585	0.422406	0.259693	0.000000
8	tsk_8	(x)	1	:	0.500001	0.336896	0.059529	0.000000	0.103574	0.000000
9	tsk_9	(x)	1	:	0.000000	0.325066	0.311481	0.000000	0.363453	0.000000
10	tsk_10	(x)	1	:	0.000000	0.555260	0.206806	0.000000	0.237935	0.000000
11	tsk_11	(x)	1	:	0.000000	0.039397	0.192442	0.000000	0.272409	0.495752
12	tsk_12	(x)	1	:	0.000000	0.000000	0.297274	0.000000	0.206974	0.495752
13	tsk_13	(x)	1	:	0.000000	0.047921	0.178375	0.000000	0.277951	0.495752
14	tsk_14	(x)	1	:	0.000000	0.000000	0.000000	0.000000	0.000000	1.000000
15	tsk_15	(x)	1	:	0.000000	0.000000	0.000000	0.000000	0.000000	1.000000
16	tsk_16	(x)	1	:	0.000000	0.388483	0.389433	0.000000	0.222084	0.000000
17	tsk_17	(x)	1	:	0.000000	0.456599	0.351214	0.000000	0.192187	0.000000
18	tsk_18	(x)	1	:	0.000000	0.000000	0.000000	0.000000	0.000000	1.000000
19	tsk_19	(x)	1	:	0.000000	0.054300	0.281550	0.000000	0.168398	0.495752
20	tsk_20	(x)	1	:	0.000000	0.300776	0.444166	0.000000	0.255058	0.000000
21	tsk_21	(x)	1	:	0.000000	0.055726	0.141665	0.000000	0.259084	0.543526
22	tsk_22	(x)	1	:	0.000000	0.609268	0.285597	0.000000	0.105135	0.000000
23	tsk_23	(x)	1	:	0.000000	0.381544	0.289196	0.000000	0.329260	0.000000
24	tsk_24	(x)	1	:	0.000000	0.249753	0.540511	0.000000	0.209736	0.000000
25	tsk_25	(x)	1	:	0.000000	0.309147	0.563335	0.000000	0.127518	0.000000
26	tsk_26	(x)	1	:	0.000000	0.619399	0.114141	0.000000	0.266461	0.000000
27	tsk_27	(x)	1	:	0.000000	0.000000	0.466980	0.000000	0.533020	0.000000
28	tsk_28	(x)	1	:	0.000000	0.000000	0.567783	0.000000	0.432217	0.000000
29	tsk_29	(x)	1	:	0.000000	0.254275	0.192177	0.000000	0.553548	0.000000
