logL = -20.364610 (converged)
AIC = 400.729220
BIC = 652.944748

count.K
1 8 7 0 1 13 

