logL = -4.158886 (converged)
AIC = 204.317771
BIC = 341.635115

count.K
15 2 1 12 

