logL = -74.639361 (converged)
AIC = 311.278723
BIC = 424.775711

count.K
8 16 6 

