logL = -48.123387 (converged)
AIC = 264.246773
BIC = 381.947353

count.K
19 9 2 

