logL = -166.618943 (converged)
AIC = 469.237886
BIC = 564.519308

count.K
15 15 

