logL = -33.492507 (converged)
AIC = 210.985014
BIC = 311.871225

count.K
16 5 9 

