logL = -46.854941 (converged)
AIC = 465.709883
BIC = 726.332596

count.K
2 5 8 5 1 9 

