logL = -52.637138 (converged)
AIC = 189.274275
BIC = 248.124565

count.K
10 20 

