logL = -79.976879 (converged)
AIC = 419.953758
BIC = 602.109418

count.K
10 4 0 16 

