logL = -35.639836 (converged)
AIC = 221.279672
BIC = 326.369476

count.K
17 12 1 

