logL = -139.731973 (converged)
AIC = 629.463945
BIC = 874.673487

count.K
11 4 2 8 5 

