logL = -22.181265 (converged)
AIC = 364.362530
BIC = 588.554111

count.K
7 1 1 6 15 

