logL = -22.988254 (converged)
AIC = 335.976509
BIC = 539.150129

count.K
5 8 0 16 1 

