logL = -21.258330 (converged)
AIC = 322.516660
BIC = 518.684293

count.K
15 6 1 1 7 

