0	tsk_0	(x)	1	:	0.000000	0.000000	0.693510	0.306489	0.000000
1	tsk_1	(x)	1	:	0.000000	0.000000	1.000000	0.000000	0.000000
2	tsk_2	(x)	1	:	0.000000	0.813858	0.000000	0.089502	0.096639
3	tsk_3	(x)	1	:	0.000000	0.000000	0.903851	0.096149	0.000000
4	tsk_4	(x)	1	:	0.000000	0.000000	0.934420	0.065580	0.000000
5	tsk_5	(x)	1	:	0.000000	0.000000	0.932372	0.067627	0.000000
6	tsk_6	(x)	1	:	0.000000	0.593805	0.101918	0.097963	0.206314
7	tsk_7	(x)	1	:	0.000000	0.000000	0.822845	0.177155	0.000000
8	tsk_8	(x)	1	:	0.000000	0.000000	0.000000	1.000000	0.000000
9	tsk_9	(x)	1	:	0.000000	0.000000	0.804349	0.195651	0.000000
10	tsk_10	(x)	1	:	0.000001	0.547600	0.223228	0.000000	0.229171
11	tsk_11	(x)	1	:	0.000000	0.450055	0.212242	0.060296	0.277406
12	tsk_12	(x)	1	:	0.500000	0.000000	0.000000	0.000000	0.500000
13	tsk_13	(x)	1	:	0.000000	0.000000	0.592466	0.407534	0.000000
14	tsk_14	(x)	1	:	0.000000	0.000000	0.000000	0.000000	1.000000
15	tsk_15	(x)	1	:	0.000000	0.000000	0.000000	0.000000	1.000000
16	tsk_16	(x)	1	:	0.000000	0.966607	0.000000	0.000000	0.033393
17	tsk_17	(x)	1	:	0.000000	0.360397	0.273498	0.044356	0.321749
18	tsk_18	(x)	1	:	0.000000	1.000000	0.000000	0.000000	0.000000
19	tsk_19	(x)	1	:	0.500000	0.000000	0.000000	0.000000	0.500000
20	tsk_20	(x)	1	:	0.500000	0.000000	0.000000	0.000000	0.500000
21	tsk_21	(x)	1	:	0.499994	0.000037	0.499969	0.000000	0.000000
22	tsk_22	(x)	1	:	0.000000	1.000000	0.000000	0.000000	0.000000
23	tsk_23	(x)	1	:	0.500000	0.000000	0.063383	0.436617	0.000000
24	tsk_24	(x)	1	:	1.000000	0.000000	0.000000	0.000000	0.000000
25	tsk_25	(x)	1	:	1.000000	0.000000	0.000000	0.000000	0.000000
26	tsk_26	(x)	1	:	1.000000	0.000000	0.000000	0.000000	0.000000
27	tsk_27	(x)	1	:	1.000000	0.000000	0.000000	0.000000	0.000000
28	tsk_28	(x)	1	:	0.499984	0.000000	0.499984	0.000000	0.000032
29	tsk_29	(x)	1	:	1.000000	0.000000	0.000000	0.000000	0.000000
