logL = -17.763071 (converged)
AIC = 315.526142
BIC = 511.693776

count.K
2 13 3 3 9 

