0	tsk_0	(x)	1	:	0.352998	0.000000	0.319201	0.327801	0.000000
1	tsk_1	(x)	1	:	0.404312	0.000000	0.435887	0.159801	0.000000
2	tsk_2	(x)	1	:	0.000000	0.000001	0.641612	0.358386	0.000000
3	tsk_3	(x)	1	:	0.000000	0.999992	0.000008	0.000000	0.000000
4	tsk_4	(x)	1	:	1.000000	0.000000	0.000000	0.000000	0.000000
5	tsk_5	(x)	1	:	0.000000	0.000000	0.185007	0.814992	0.000000
6	tsk_6	(x)	1	:	0.000000	0.000002	0.323012	0.676986	0.000000
7	tsk_7	(x)	1	:	0.000000	0.000000	0.184153	0.815847	0.000000
8	tsk_8	(x)	1	:	0.000000	0.000000	0.453835	0.546165	0.000000
9	tsk_9	(x)	1	:	0.404312	0.000000	0.209658	0.386030	0.000000
10	tsk_10	(x)	1	:	0.000000	0.000000	0.347907	0.652092	0.000000
11	tsk_11	(x)	1	:	0.000000	0.000000	0.000000	0.000000	1.000000
12	tsk_12	(x)	1	:	0.000000	0.000000	0.000000	0.000000	1.000000
13	tsk_13	(x)	1	:	0.000000	0.000000	0.533577	0.466423	0.000000
14	tsk_14	(x)	1	:	0.000000	0.000002	0.394596	0.605402	0.000000
15	tsk_15	(x)	1	:	0.000000	0.000000	0.227293	0.772707	0.000000
16	tsk_16	(x)	1	:	0.000000	0.000000	0.393378	0.606622	0.000000
17	tsk_17	(x)	1	:	0.404312	0.000000	0.336053	0.259635	0.000000
18	tsk_18	(x)	1	:	0.000000	0.000000	0.000000	0.000000	1.000000
19	tsk_19	(x)	1	:	0.000000	0.000001	0.718943	0.281055	0.000000
20	tsk_20	(x)	1	:	0.000000	0.000002	0.529096	0.470902	0.000000
21	tsk_21	(x)	1	:	0.000000	0.000001	0.533162	0.466838	0.000000
22	tsk_22	(x)	1	:	0.000000	0.000000	0.250717	0.749283	0.000000
23	tsk_23	(x)	1	:	0.000000	0.000000	0.677113	0.322886	0.000000
24	tsk_24	(x)	1	:	0.000000	0.000001	0.530151	0.469847	0.000000
25	tsk_25	(x)	1	:	0.000000	0.000002	0.395256	0.604742	0.000000
26	tsk_26	(x)	1	:	0.000000	0.000000	0.273163	0.726837	0.000000
27	tsk_27	(x)	1	:	0.000000	0.000001	0.341779	0.658221	0.000000
28	tsk_28	(x)	1	:	0.000000	0.000001	0.234397	0.765601	0.000000
29	tsk_29	(x)	1	:	0.330125	0.000000	0.290891	0.378984	0.000000
