logL = -36.656141 (converged)
AIC = 393.312281
BIC = 617.503862

count.K
18 2 4 2 4 

