logL = -44.588204 (converged)
AIC = 449.176408
BIC = 701.391937

count.K
1 5 14 2 5 3 

