logL = -217.648604 (converged)
AIC = 927.297209
BIC = 1271.991765

count.K
16 0 9 3 0 2 

