logL = -100.167416 (converged)
AIC = 288.334832
BIC = 349.987517

count.K
19 11 

