logL = -83.812126 (converged)
AIC = 353.624252
BIC = 483.935609

count.K
10 10 10 

