logL = -51.388719 (converged)
AIC = 498.777437
BIC = 776.214519

count.K
3 2 9 1 14 1 

