logL = -123.951314 (converged)
AIC = 427.902628
BIC = 554.010393

count.K
15 5 10 

