logL = -140.092438 (converged)
AIC = 472.184876
BIC = 606.699825

count.K
10 8 12 

