logL = -53.988342 (converged)
AIC = 195.976684
BIC = 257.629369

count.K
11 19 

