logL = -72.381550 (converged)
AIC = 396.763101
BIC = 573.313971

count.K
3 3 6 18 

