0	tsk_0	(x)	1	:	0.080250	0.466058	0.453692	0.000000	0.000000
1	tsk_1	(x)	1	:	0.000000	0.170582	0.829418	0.000000	0.000000
2	tsk_2	(x)	1	:	0.019142	0.078138	0.042637	0.860083	0.000000
3	tsk_3	(x)	1	:	0.183278	0.184863	0.631859	0.000000	0.000000
4	tsk_4	(x)	1	:	0.000000	0.472800	0.527200	0.000000	0.000000
5	tsk_5	(x)	1	:	0.080636	0.373415	0.545949	0.000000	0.000000
6	tsk_6	(x)	1	:	0.047297	0.425710	0.526993	0.000000	0.000000
7	tsk_7	(x)	1	:	0.235898	0.619630	0.144473	0.000000	0.000000
8	tsk_8	(x)	1	:	0.019515	0.063564	0.042907	0.874014	0.000000
9	tsk_9	(x)	1	:	0.010157	0.032476	0.073509	0.883857	0.000000
10	tsk_10	(x)	1	:	0.000000	0.000000	0.000000	0.000000	1.000000
11	tsk_11	(x)	1	:	0.000000	0.000000	0.000000	0.000000	1.000000
12	tsk_12	(x)	1	:	0.000000	0.000000	0.000000	0.000000	1.000000
13	tsk_13	(x)	1	:	0.000000	0.000000	0.000000	0.000000	1.000000
14	tsk_14	(x)	1	:	0.000000	0.000000	0.000000	0.000000	1.000000
15	tsk_15	(x)	1	:	0.000000	0.000000	0.000000	0.000000	1.000000
16	tsk_16	(x)	1	:	0.000000	0.000000	0.000000	0.000000	1.000000
17	tsk_17	(x)	1	:	0.000000	0.000000	0.000000	0.000000	1.000000
18	tsk_18	(x)	1	:	0.259410	0.146514	0.098962	0.000000	0.495115
19	tsk_19	(x)	1	:	0.000000	0.000000	0.000000	0.000000	1.000000
20	tsk_20	(x)	1	:	0.152323	0.191108	0.161457	0.000000	0.495112
21	tsk_21	(x)	1	:	0.074726	0.247263	0.678011	0.000000	0.000000
22	tsk_22	(x)	1	:	0.052397	0.299121	0.648481	0.000000	0.000000
23	tsk_23	(x)	1	:	0.236295	0.222724	0.540981	0.000000	0.000000
24	tsk_24	(x)	1	:	0.087369	0.246391	0.666240	0.000000	0.000000
25	tsk_25	(x)	1	:	0.049050	0.382388	0.568562	0.000000	0.000000
26	tsk_26	(x)	1	:	0.117040	0.552712	0.330249	0.000000	0.000000
27	tsk_27	(x)	1	:	0.225290	0.075817	0.203775	0.000000	0.495118
28	tsk_28	(x)	1	:	0.092902	0.288416	0.618683	0.000000	0.000000
29	tsk_29	(x)	1	:	0.009713	0.262482	0.727804	0.000000	0.000000
