logL = -42.460780 (converged)
AIC = 384.921560
BIC = 595.101167

count.K
2 6 13 5 4 

