0	tsk_0	(x)	1	:	0.000000	0.000000	0.000000	1.000000	0.000000	0.000000
1	tsk_1	(x)	1	:	0.000000	0.000000	0.000000	1.000000	0.000000	0.000000
2	tsk_2	(x)	1	:	0.000000	0.000000	0.000000	1.000000	0.000000	0.000000
3	tsk_3	(x)	1	:	0.000000	0.000000	0.000000	1.000000	0.000000	0.000000
4	tsk_4	(x)	1	:	0.000000	0.000000	0.000000	1.000000	0.000000	0.000000
5	tsk_5	(x)	1	:	0.000000	0.000000	0.000000	1.000000	0.000000	0.000000
6	tsk_6	(x)	1	:	0.000000	0.000000	0.000000	1.000000	0.000000	0.000000
7	tsk_7	(x)	1	:	0.000000	0.000000	0.000000	1.000000	0.000000	0.000000
8	tsk_8	(x)	1	:	0.000000	0.000000	0.000000	1.000000	0.000000	0.000000
9	tsk_9	(x)	1	:	0.000000	0.000000	0.000000	1.000000	0.000000	0.000000
10	tsk_10	(x)	1	:	0.997198	0.000000	0.002726	0.000000	0.000076	0.000000
11	tsk_11	(x)	1	:	0.000000	0.086782	0.040281	0.000000	0.000035	0.872902
12	tsk_12	(x)	1	:	0.948150	0.051850	0.000000	0.000000	0.000000	0.000000
13	tsk_13	(x)	1	:	0.962651	0.037349	0.000000	0.000000	0.000000	0.000000
14	tsk_14	(x)	1	:	0.932922	0.065039	0.002038	0.000000	0.000000	0.000000
15	tsk_15	(x)	1	:	0.979127	0.000000	0.020859	0.000000	0.000014	0.000000
16	tsk_16	(x)	1	:	0.000000	0.352065	0.647935	0.000000	0.000000	0.000000
17	tsk_17	(x)	1	:	0.945759	0.047151	0.007089	0.000000	0.000000	0.000000
18	tsk_18	(x)	1	:	0.960627	0.027995	0.011362	0.000000	0.000016	0.000000
19	tsk_19	(x)	1	:	0.000038	0.000000	0.500042	0.000000	0.000000	0.499921
20	tsk_20	(x)	1	:	0.000000	0.904772	0.095228	0.000000	0.000000	0.000000
21	tsk_21	(x)	1	:	0.000000	0.459401	0.540599	0.000000	0.000000	0.000000
22	tsk_22	(x)	1	:	0.000080	0.002695	0.006441	0.000000	0.990784	0.000000
23	tsk_23	(x)	1	:	0.000000	0.785657	0.214343	0.000000	0.000000	0.000000
24	tsk_24	(x)	1	:	0.000000	0.347251	0.652749	0.000000	0.000000	0.000000
25	tsk_25	(x)	1	:	0.000000	0.369335	0.630665	0.000000	0.000000	0.000000
26	tsk_26	(x)	1	:	0.000000	0.668301	0.331699	0.000000	0.000000	0.000000
27	tsk_27	(x)	1	:	0.000000	0.800050	0.199950	0.000000	0.000000	0.000000
28	tsk_28	(x)	1	:	0.000073	0.003914	0.003006	0.000000	0.993007	0.000000
29	tsk_29	(x)	1	:	0.000000	0.714308	0.285692	0.000000	0.000000	0.000000
