0	tsk_0	(x)	1	:	0.000000	0.000000	0.000000	0.000000	1.000000	0.000000
1	tsk_1	(x)	1	:	0.266277	0.000000	0.175609	0.366602	0.000000	0.191512
2	tsk_2	(x)	1	:	0.000000	0.000000	0.000000	0.000000	1.000000	0.000000
3	tsk_3	(x)	1	:	0.000000	0.500008	0.000000	0.499991	0.000000	0.000000
4	tsk_4	(x)	1	:	0.000000	0.471083	0.000000	0.032822	0.496095	0.000000
5	tsk_5	(x)	1	:	0.000018	0.000000	0.000000	0.499984	0.499998	0.000000
6	tsk_6	(x)	1	:	0.000000	0.000000	0.672342	0.000000	0.000000	0.327658
7	tsk_7	(x)	1	:	0.000000	0.000000	0.000000	0.500000	0.500000	0.000000
8	tsk_8	(x)	1	:	0.000000	0.000000	0.000000	0.000000	1.000000	0.000000
9	tsk_9	(x)	1	:	0.000000	0.000000	0.484693	0.000000	0.500000	0.015307
10	tsk_10	(x)	1	:	0.000000	0.000000	0.505501	0.000000	0.000000	0.494499
11	tsk_11	(x)	1	:	0.000000	0.000000	0.765224	0.000000	0.000000	0.234776
12	tsk_12	(x)	1	:	0.000000	0.000000	0.737280	0.000000	0.000000	0.262720
13	tsk_13	(x)	1	:	0.000000	0.000000	0.672361	0.000000	0.000000	0.327639
14	tsk_14	(x)	1	:	0.000000	0.000000	0.856859	0.000000	0.000000	0.143141
15	tsk_15	(x)	1	:	0.000000	0.000000	0.609165	0.000000	0.000000	0.390835
16	tsk_16	(x)	1	:	0.000000	0.000000	0.902272	0.000000	0.000000	0.097728
17	tsk_17	(x)	1	:	0.000000	0.000000	0.688384	0.000000	0.000000	0.311616
18	tsk_18	(x)	1	:	0.000000	0.000000	0.615378	0.000000	0.000000	0.384622
19	tsk_19	(x)	1	:	0.000000	0.000000	0.869378	0.000000	0.000000	0.130622
20	tsk_20	(x)	1	:	0.000000	0.000000	0.000000	1.000000	0.000000	0.000000
21	tsk_21	(x)	1	:	0.000000	0.000000	0.000000	1.000000	0.000000	0.000000
22	tsk_22	(x)	1	:	0.727659	0.000000	0.136879	0.135463	0.000000	0.000000
23	tsk_23	(x)	1	:	0.000000	0.000000	0.519740	0.000000	0.000000	0.480260
24	tsk_24	(x)	1	:	0.314444	0.000000	0.343085	0.342472	0.000000	0.000000
25	tsk_25	(x)	1	:	0.213620	0.000000	0.182454	0.392982	0.000000	0.210945
26	tsk_26	(x)	1	:	0.000000	0.000000	0.000000	1.000000	0.000000	0.000000
27	tsk_27	(x)	1	:	0.395694	0.000000	0.129626	0.301767	0.000000	0.172913
28	tsk_28	(x)	1	:	0.277776	0.000000	0.185689	0.360841	0.000000	0.175693
29	tsk_29	(x)	1	:	0.000000	0.000000	0.000000	1.000000	0.000000	0.000000
