logL = -8.319048 (converged)
AIC = 340.638096
BIC = 567.632071

count.K
5 9 6 3 1 6 

