0	tsk_0	(x)	1	:	0.000000	0.000000	0.984774	0.000000	0.015226
1	tsk_1	(x)	1	:	0.000000	0.000000	0.946151	0.000000	0.053849
2	tsk_2	(x)	1	:	0.000000	0.000000	0.988616	0.000000	0.011384
3	tsk_3	(x)	1	:	0.000000	0.000000	0.895412	0.000000	0.104588
4	tsk_4	(x)	1	:	0.000000	0.000000	1.000000	0.000000	0.000000
5	tsk_5	(x)	1	:	0.000000	0.000000	0.921744	0.000000	0.078256
6	tsk_6	(x)	1	:	0.000000	0.000000	0.967971	0.000000	0.032029
7	tsk_7	(x)	1	:	0.000000	0.000000	0.920047	0.000000	0.079953
8	tsk_8	(x)	1	:	0.000000	0.000000	0.949161	0.000000	0.050839
9	tsk_9	(x)	1	:	0.000000	0.000000	0.947772	0.000000	0.052228
10	tsk_10	(x)	1	:	0.000000	1.000000	0.000000	0.000000	0.000000
11	tsk_11	(x)	1	:	0.000000	0.494445	0.000000	0.505555	0.000000
12	tsk_12	(x)	1	:	0.000000	0.494445	0.000000	0.505555	0.000000
13	tsk_13	(x)	1	:	0.000000	0.508188	0.000000	0.491812	0.000000
14	tsk_14	(x)	1	:	0.000000	1.000000	0.000000	0.000000	0.000000
15	tsk_15	(x)	1	:	0.000000	0.000000	0.000000	1.000000	0.000000
16	tsk_16	(x)	1	:	0.000000	1.000000	0.000000	0.000000	0.000000
17	tsk_17	(x)	1	:	0.000000	0.000000	0.468915	0.505555	0.025530
18	tsk_18	(x)	1	:	0.000000	0.499988	0.000022	0.000027	0.499963
19	tsk_19	(x)	1	:	0.000000	1.000000	0.000000	0.000000	0.000000
20	tsk_20	(x)	1	:	0.000000	0.000000	0.000000	1.000000	0.000000
21	tsk_21	(x)	1	:	0.535649	0.000000	0.016299	0.448052	0.000000
22	tsk_22	(x)	1	:	0.533978	0.000000	0.018978	0.446753	0.000291
23	tsk_23	(x)	1	:	0.000000	0.000000	0.000000	0.529281	0.470719
24	tsk_24	(x)	1	:	0.542148	0.000000	0.000000	0.453160	0.004692
25	tsk_25	(x)	1	:	0.534214	0.000000	0.018849	0.446937	0.000000
26	tsk_26	(x)	1	:	0.000000	0.000000	0.985845	0.000000	0.014154
27	tsk_27	(x)	1	:	1.000000	0.000000	0.000000	0.000000	0.000000
28	tsk_28	(x)	1	:	0.000000	0.000000	0.899240	0.000000	0.100760
29	tsk_29	(x)	1	:	0.000000	0.000000	0.464671	0.529282	0.006047
