logL = -33.879727 (converged)
AIC = 337.759453
BIC = 526.921100

count.K
2 2 2 12 12 

