0	tsk_0	(x)	1	:	0.004899	0.499513	0.000001	0.000000	0.495586	0.000000
1	tsk_1	(x)	1	:	0.000000	0.000000	0.000000	0.000000	0.444083	0.555917
2	tsk_2	(x)	1	:	0.500006	0.000000	0.000000	0.000000	0.499994	0.000000
3	tsk_3	(x)	1	:	0.000000	0.000000	0.000000	0.000000	0.444083	0.555917
4	tsk_4	(x)	1	:	0.031726	0.000000	0.000001	0.000000	0.513765	0.454508
5	tsk_5	(x)	1	:	0.551919	0.000000	0.000000	0.000000	0.000000	0.448081
6	tsk_6	(x)	1	:	0.054673	0.000000	0.000001	0.000000	0.498112	0.447214
7	tsk_7	(x)	1	:	0.551919	0.000000	0.000000	0.000000	0.000000	0.448081
8	tsk_8	(x)	1	:	0.000000	0.000000	0.000000	0.000000	1.000000	0.000000
9	tsk_9	(x)	1	:	0.500005	0.000000	0.000000	0.000000	0.499995	0.000000
10	tsk_10	(x)	1	:	0.499997	0.500000	0.000003	0.000000	0.000000	0.000000
11	tsk_11	(x)	1	:	0.499998	0.500000	0.000002	0.000000	0.000000	0.000000
12	tsk_12	(x)	1	:	0.000000	0.503866	0.496134	0.000000	0.000000	0.000000
13	tsk_13	(x)	1	:	0.000000	1.000000	0.000000	0.000000	0.000000	0.000000
14	tsk_14	(x)	1	:	0.499999	0.500000	0.000001	0.000000	0.000000	0.000000
15	tsk_15	(x)	1	:	1.000000	0.000000	0.000000	0.000000	0.000000	0.000000
16	tsk_16	(x)	1	:	0.000000	1.000000	0.000000	0.000000	0.000000	0.000000
17	tsk_17	(x)	1	:	0.000000	1.000000	0.000000	0.000000	0.000000	0.000000
18	tsk_18	(x)	1	:	0.000000	1.000000	0.000000	0.000000	0.000000	0.000000
19	tsk_19	(x)	1	:	0.499997	0.500000	0.000003	0.000000	0.000000	0.000000
20	tsk_20	(x)	1	:	0.500000	0.000000	0.000000	0.500000	0.000000	0.000000
21	tsk_21	(x)	1	:	0.000000	0.000000	0.000000	1.000000	0.000000	0.000000
22	tsk_22	(x)	1	:	1.000000	0.000000	0.000000	0.000000	0.000000	0.000000
23	tsk_23	(x)	1	:	0.499998	0.500000	0.000003	0.000000	0.000000	0.000000
24	tsk_24	(x)	1	:	0.499989	0.000000	0.000002	0.499983	0.000000	0.000025
25	tsk_25	(x)	1	:	0.476595	0.000000	0.523405	0.000000	0.000000	0.000000
26	tsk_26	(x)	1	:	0.001567	0.499608	0.000000	0.498811	0.000000	0.000014
27	tsk_27	(x)	1	:	0.499997	0.000000	0.000000	0.499992	0.000000	0.000011
28	tsk_28	(x)	1	:	0.548239	0.000000	0.451761	0.000000	0.000000	0.000000
29	tsk_29	(x)	1	:	0.000211	0.000000	0.505350	0.494420	0.000000	0.000019
