logL = -101.913512 (converged)
AIC = 463.827025
BIC = 645.982684

count.K
8 6 11 5 

