0	tsk_0	(x)	1	:	0.000002	0.266477	0.509724	0.223798
1	tsk_1	(x)	1	:	0.000000	0.177069	0.000000	0.822931
2	tsk_2	(x)	1	:	0.000000	0.317494	0.000000	0.682506
3	tsk_3	(x)	1	:	0.000000	0.120706	0.000000	0.879294
4	tsk_4	(x)	1	:	0.000000	0.119389	0.000000	0.880611
5	tsk_5	(x)	1	:	0.000000	0.221311	0.000000	0.778689
6	tsk_6	(x)	1	:	0.000000	0.133118	0.000000	0.866882
7	tsk_7	(x)	1	:	0.000002	0.290027	0.509723	0.200248
8	tsk_8	(x)	1	:	0.000000	0.135847	0.000000	0.864153
9	tsk_9	(x)	1	:	0.000003	0.360876	0.509722	0.129399
10	tsk_10	(x)	1	:	0.000002	0.296732	0.509723	0.193543
11	tsk_11	(x)	1	:	0.500000	0.218655	0.000000	0.281345
12	tsk_12	(x)	1	:	0.500000	0.149616	0.000000	0.350384
13	tsk_13	(x)	1	:	0.000000	0.157907	0.000000	0.842093
14	tsk_14	(x)	1	:	0.000000	0.157048	0.000000	0.842952
15	tsk_15	(x)	1	:	0.500000	0.151310	0.000000	0.348690
16	tsk_16	(x)	1	:	1.000000	0.000000	0.000000	0.000000
17	tsk_17	(x)	1	:	0.000000	0.223617	0.000000	0.776383
18	tsk_18	(x)	1	:	0.000000	0.376034	0.000000	0.623966
19	tsk_19	(x)	1	:	0.000000	0.370588	0.000000	0.629412
20	tsk_20	(x)	1	:	0.479582	0.000000	0.520418	0.000000
21	tsk_21	(x)	1	:	0.000000	0.000000	1.000000	0.000000
22	tsk_22	(x)	1	:	0.000000	0.000000	1.000000	0.000000
23	tsk_23	(x)	1	:	0.000000	0.000000	1.000000	0.000000
24	tsk_24	(x)	1	:	0.000225	0.000000	0.999775	0.000000
25	tsk_25	(x)	1	:	0.000000	0.000000	1.000000	0.000000
26	tsk_26	(x)	1	:	0.479582	0.000000	0.520418	0.000000
27	tsk_27	(x)	1	:	0.000000	0.000000	1.000000	0.000000
28	tsk_28	(x)	1	:	0.000000	0.000000	1.000000	0.000000
29	tsk_29	(x)	1	:	0.479582	0.000000	0.520418	0.000000
