logL = -10.973517 (converged)
AIC = 345.947034
BIC = 572.941010

count.K
4 3 7 10 2 4 

