logL = -56.212050 (converged)
AIC = 422.424100
BIC = 639.609694

count.K
4 3 8 2 13 

