logL = -130.243757 (converged)
AIC = 512.487513
BIC = 689.038383

count.K
7 5 18 0 

