0	tsk_0	(x)	1	:	0.036226	0.777168	0.000000	0.186605	0.000000	0.000000
1	tsk_1	(x)	1	:	0.082627	0.650843	0.000000	0.266530	0.000000	0.000000
2	tsk_2	(x)	1	:	0.000000	0.495626	0.000000	0.504374	0.000000	0.000000
3	tsk_3	(x)	1	:	0.041551	0.034074	0.000000	0.924375	0.000000	0.000000
4	tsk_4	(x)	1	:	0.542397	0.401688	0.000000	0.055916	0.000000	0.000000
5	tsk_5	(x)	1	:	0.000000	0.257745	0.000000	0.742255	0.000000	0.000000
6	tsk_6	(x)	1	:	0.000000	0.144660	0.000000	0.855340	0.000000	0.000000
7	tsk_7	(x)	1	:	0.079244	0.253396	0.000000	0.667360	0.000000	0.000000
8	tsk_8	(x)	1	:	0.000000	0.627838	0.000000	0.372162	0.000000	0.000000
9	tsk_9	(x)	1	:	0.062684	0.548233	0.000000	0.389082	0.000000	0.000000
10	tsk_10	(x)	1	:	0.000000	0.000000	0.000000	0.000000	1.000000	0.000000
11	tsk_11	(x)	1	:	0.000000	0.000000	0.817945	0.000000	0.182055	0.000000
12	tsk_12	(x)	1	:	0.274196	0.118008	0.000000	0.107716	0.499836	0.000244
13	tsk_13	(x)	1	:	0.000000	0.000000	0.828768	0.000000	0.171232	0.000000
14	tsk_14	(x)	1	:	0.000000	0.000000	0.818351	0.000000	0.181649	0.000000
15	tsk_15	(x)	1	:	0.000000	0.000000	0.000000	0.000000	1.000000	0.000000
16	tsk_16	(x)	1	:	0.499999	0.000000	0.000000	0.000000	0.500000	0.000000
17	tsk_17	(x)	1	:	0.000000	0.000000	0.000000	0.000000	1.000000	0.000000
18	tsk_18	(x)	1	:	0.227747	0.116736	0.000000	0.155516	0.500000	0.000000
19	tsk_19	(x)	1	:	0.000000	0.000000	0.000000	0.000000	1.000000	0.000000
20	tsk_20	(x)	1	:	0.292205	0.534876	0.000000	0.172919	0.000000	0.000000
21	tsk_21	(x)	1	:	0.094151	0.083417	0.000000	0.248057	0.000001	0.574373
22	tsk_22	(x)	1	:	0.211998	0.282430	0.000000	0.505572	0.000000	0.000000
23	tsk_23	(x)	1	:	0.126170	0.162716	0.000000	0.136743	0.000000	0.574371
24	tsk_24	(x)	1	:	0.099704	0.000000	0.000000	0.325923	0.000001	0.574372
25	tsk_25	(x)	1	:	0.139558	0.000000	0.000000	0.286067	0.000001	0.574374
26	tsk_26	(x)	1	:	0.450268	0.270309	0.000000	0.279423	0.000000	0.000000
27	tsk_27	(x)	1	:	0.049901	0.389750	0.000000	0.560348	0.000000	0.000000
28	tsk_28	(x)	1	:	0.081448	0.453456	0.000000	0.465095	0.000000	0.000000
29	tsk_29	(x)	1	:	0.220444	0.392858	0.000000	0.386698	0.000000	0.000000
