logL = -325.214650 (converged)
AIC = 890.429301
BIC = 1058.572986

count.K
16 3 11 

