logL = -16.759644 (converged)
AIC = 405.519288
BIC = 666.142001

count.K
2 8 4 13 1 2 

