logL = -76.812516 (converged)
AIC = 241.625031
BIC = 303.277716

count.K
14 16 

