logL = -66.437717 (converged)
AIC = 442.875433
BIC = 660.061028

count.K
1 6 12 6 5 

