0	tsk_0	(x)	1	:	0.000000	0.000000	0.000000	1.000000
1	tsk_1	(x)	1	:	0.000001	0.538042	0.000002	0.461955
2	tsk_2	(x)	1	:	0.000000	0.000000	0.000000	1.000000
3	tsk_3	(x)	1	:	0.000000	0.417428	0.000000	0.582572
4	tsk_4	(x)	1	:	0.000013	0.538028	0.000012	0.461947
5	tsk_5	(x)	1	:	0.286931	0.000001	0.000000	0.713068
6	tsk_6	(x)	1	:	0.353406	0.646593	0.000000	0.000002
7	tsk_7	(x)	1	:	0.000000	0.000000	0.000000	1.000000
8	tsk_8	(x)	1	:	0.000004	0.538041	0.000002	0.461954
9	tsk_9	(x)	1	:	0.000000	0.417428	0.000000	0.582572
10	tsk_10	(x)	1	:	0.000000	1.000000	0.000000	0.000000
11	tsk_11	(x)	1	:	0.000000	0.639257	0.360743	0.000000
12	tsk_12	(x)	1	:	0.000000	0.639264	0.360736	0.000000
13	tsk_13	(x)	1	:	0.000000	0.999999	0.000001	0.000000
14	tsk_14	(x)	1	:	0.000000	0.999999	0.000001	0.000000
15	tsk_15	(x)	1	:	0.000000	1.000000	0.000000	0.000000
16	tsk_16	(x)	1	:	0.004535	0.000000	0.995465	0.000000
17	tsk_17	(x)	1	:	0.000000	0.639258	0.360742	0.000000
18	tsk_18	(x)	1	:	0.575453	0.000000	0.424511	0.000036
19	tsk_19	(x)	1	:	0.004547	0.000000	0.995453	0.000000
20	tsk_20	(x)	1	:	1.000000	0.000000	0.000000	0.000000
21	tsk_21	(x)	1	:	1.000000	0.000000	0.000000	0.000000
22	tsk_22	(x)	1	:	0.353409	0.646591	0.000000	0.000000
23	tsk_23	(x)	1	:	0.594932	0.405067	0.000000	0.000000
24	tsk_24	(x)	1	:	0.594932	0.405067	0.000001	0.000000
25	tsk_25	(x)	1	:	0.568570	0.431404	0.000026	0.000000
26	tsk_26	(x)	1	:	1.000000	0.000000	0.000000	0.000000
27	tsk_27	(x)	1	:	0.253096	0.746902	0.000000	0.000002
28	tsk_28	(x)	1	:	0.568329	0.431671	0.000000	0.000000
29	tsk_29	(x)	1	:	0.594933	0.405064	0.000003	0.000000
