logL = -147.432328 (converged)
AIC = 562.864657
BIC = 750.625106

count.K
18 3 7 2 

