logL = -81.298135 (converged)
AIC = 594.596270
BIC = 897.254905

count.K
12 4 2 0 10 2 

