logL = -24.252739 (converged)
AIC = 204.505477
BIC = 313.798873

count.K
4 3 23 

