0	tsk_0	(x)	1	:	0.703692	0.000000	0.000000	0.296308	0.000000
1	tsk_1	(x)	1	:	0.065335	0.000000	0.000000	0.296308	0.638357
2	tsk_2	(x)	1	:	0.472670	0.000000	0.000000	0.000000	0.527330
3	tsk_3	(x)	1	:	0.649097	0.000000	0.000000	0.000000	0.350903
4	tsk_4	(x)	1	:	0.000000	0.000000	0.000000	0.000000	1.000000
5	tsk_5	(x)	1	:	0.000000	0.000000	0.000000	0.000000	1.000000
6	tsk_6	(x)	1	:	1.000000	0.000000	0.000000	0.000000	0.000000
7	tsk_7	(x)	1	:	0.362550	0.500000	0.000000	0.000000	0.137450
8	tsk_8	(x)	1	:	0.107986	0.000000	0.000000	0.296308	0.595706
9	tsk_9	(x)	1	:	0.475347	0.000000	0.000000	0.000000	0.524653
10	tsk_10	(x)	1	:	0.000000	1.000000	0.000000	0.000000	0.000000
11	tsk_11	(x)	1	:	0.000000	1.000000	0.000000	0.000000	0.000000
12	tsk_12	(x)	1	:	0.000000	1.000000	0.000000	0.000000	0.000000
13	tsk_13	(x)	1	:	0.248077	0.500000	0.000000	0.000000	0.251923
14	tsk_14	(x)	1	:	0.000000	1.000000	0.000000	0.000000	0.000000
15	tsk_15	(x)	1	:	0.000000	1.000000	0.000000	0.000000	0.000000
16	tsk_16	(x)	1	:	0.000000	1.000000	0.000000	0.000000	0.000000
17	tsk_17	(x)	1	:	0.000000	0.500000	0.500000	0.000000	0.000000
18	tsk_18	(x)	1	:	0.497755	0.500000	0.000000	0.000000	0.002245
19	tsk_19	(x)	1	:	0.500000	0.500000	0.000000	0.000000	0.000000
20	tsk_20	(x)	1	:	0.473719	0.000000	0.000000	0.000000	0.526281
21	tsk_21	(x)	1	:	0.000000	0.000000	0.000000	0.000000	1.000000
22	tsk_22	(x)	1	:	0.133631	0.000000	0.000000	0.370619	0.495750
23	tsk_23	(x)	1	:	0.473142	0.000000	0.000000	0.000000	0.526858
24	tsk_24	(x)	1	:	0.482671	0.000000	0.000000	0.000000	0.517329
25	tsk_25	(x)	1	:	0.473824	0.000000	0.000000	0.000000	0.526176
26	tsk_26	(x)	1	:	0.000000	0.000000	0.000000	1.000000	0.000000
27	tsk_27	(x)	1	:	0.216818	0.000000	0.000000	0.370619	0.412562
28	tsk_28	(x)	1	:	0.304261	0.000000	0.000000	0.000000	0.695739
29	tsk_29	(x)	1	:	0.309502	0.000000	0.000000	0.000000	0.690498
