0	tsk_0	(x)	1	:	0.016155	0.500000	0.000000	0.483845	0.000000
1	tsk_1	(x)	1	:	0.000000	0.500000	0.250000	0.000000	0.250000
2	tsk_2	(x)	1	:	0.000000	0.500000	0.276064	0.000000	0.223936
3	tsk_3	(x)	1	:	0.000000	1.000000	0.000000	0.000000	0.000000
4	tsk_4	(x)	1	:	0.500000	0.000000	0.500000	0.000000	0.000000
5	tsk_5	(x)	1	:	0.000000	0.500000	0.330732	0.000000	0.169268
6	tsk_6	(x)	1	:	0.000000	0.000000	1.000000	0.000000	0.000000
7	tsk_7	(x)	1	:	0.500000	0.500000	0.000000	0.000000	0.000000
8	tsk_8	(x)	1	:	0.020940	0.000000	0.000000	0.979060	0.000000
9	tsk_9	(x)	1	:	0.000000	1.000000	0.000000	0.000000	0.000000
10	tsk_10	(x)	1	:	0.000000	0.000000	0.000000	0.500000	0.500000
11	tsk_11	(x)	1	:	0.000016	0.000000	0.137837	0.499984	0.362163
12	tsk_12	(x)	1	:	0.885828	0.000000	0.000000	0.114172	0.000000
13	tsk_13	(x)	1	:	0.886119	0.000000	0.000000	0.113881	0.000000
14	tsk_14	(x)	1	:	1.000000	0.000000	0.000000	0.000000	0.000000
15	tsk_15	(x)	1	:	1.000000	0.000000	0.000000	0.000000	0.000000
16	tsk_16	(x)	1	:	1.000000	0.000000	0.000000	0.000000	0.000000
17	tsk_17	(x)	1	:	0.885199	0.000000	0.000000	0.114801	0.000000
18	tsk_18	(x)	1	:	0.500000	0.000000	0.317490	0.000000	0.182510
19	tsk_19	(x)	1	:	0.885819	0.000000	0.000000	0.114181	0.000000
20	tsk_20	(x)	1	:	0.000000	0.000000	1.000000	0.000000	0.000000
21	tsk_21	(x)	1	:	0.000000	0.000000	0.000000	0.000000	1.000000
22	tsk_22	(x)	1	:	0.000000	0.000000	0.639689	0.000000	0.360311
23	tsk_23	(x)	1	:	0.000000	0.000000	0.645863	0.000000	0.354137
24	tsk_24	(x)	1	:	0.000000	0.000000	0.000000	0.000000	1.000000
25	tsk_25	(x)	1	:	0.000000	0.000000	0.000000	0.000000	1.000000
26	tsk_26	(x)	1	:	0.000000	0.000000	1.000000	0.000000	0.000000
27	tsk_27	(x)	1	:	0.000000	0.000000	1.000000	0.000000	0.000000
28	tsk_28	(x)	1	:	0.000000	0.000000	0.500000	0.000000	0.500000
29	tsk_29	(x)	1	:	0.000000	0.000000	0.000000	0.000000	1.000000
