logL = -65.001249 (converged)
AIC = 586.002498
BIC = 905.475501

count.K
13 6 7 1 1 2 

