logL = -15.249251 (converged)
AIC = 354.498501
BIC = 581.492477

count.K
3 12 4 4 4 3 

