logL = -40.206336 (converged)
AIC = 512.412672
BIC = 815.071306

count.K
8 0 13 2 0 7 

