logL = -45.330974 (converged)
AIC = 390.661947
BIC = 600.841554

count.K
5 4 9 8 4 

