logL = -160.520699 (converged)
AIC = 429.041397
BIC = 504.706056

count.K
16 14 

