logL = -40.134624 (converged)
AIC = 428.269248
BIC = 672.077592

count.K
2 3 12 8 2 3 

