0	tsk_0	(x)	1	:	0.000000	0.000000	1.000000	0.000000	0.000000
1	tsk_1	(x)	1	:	0.000000	0.298896	0.499915	0.000000	0.201189
2	tsk_2	(x)	1	:	0.000000	0.000000	1.000000	0.000000	0.000000
3	tsk_3	(x)	1	:	0.000000	0.000000	0.500000	0.000000	0.500000
4	tsk_4	(x)	1	:	0.000000	0.000000	1.000000	0.000000	0.000000
5	tsk_5	(x)	1	:	0.000000	0.147845	0.499959	0.000000	0.352196
6	tsk_6	(x)	1	:	0.000000	0.500488	0.499512	0.000000	0.000000
7	tsk_7	(x)	1	:	0.000000	0.000000	1.000000	0.000000	0.000000
8	tsk_8	(x)	1	:	0.000000	0.298638	0.499915	0.000000	0.201447
9	tsk_9	(x)	1	:	0.000000	0.000000	1.000000	0.000000	0.000000
10	tsk_10	(x)	1	:	0.000000	0.330619	0.000000	0.000000	0.669380
11	tsk_11	(x)	1	:	0.000000	0.101833	0.000000	0.000000	0.898167
12	tsk_12	(x)	1	:	0.451688	0.047272	0.000000	0.063696	0.437344
13	tsk_13	(x)	1	:	0.000000	1.000000	0.000000	0.000000	0.000000
14	tsk_14	(x)	1	:	0.000000	0.191166	0.000000	0.000000	0.808834
15	tsk_15	(x)	1	:	0.500023	0.159907	0.000000	0.000000	0.340070
16	tsk_16	(x)	1	:	0.000000	0.321556	0.000000	0.000000	0.678444
17	tsk_17	(x)	1	:	0.000013	0.000000	0.000000	0.999987	0.000000
18	tsk_18	(x)	1	:	0.000000	0.000000	0.000000	0.000000	1.000000
19	tsk_19	(x)	1	:	1.000000	0.000000	0.000000	0.000000	0.000000
20	tsk_20	(x)	1	:	0.000000	0.107609	0.000000	0.000000	0.892391
21	tsk_21	(x)	1	:	0.000000	0.191767	0.000000	0.000000	0.808233
22	tsk_22	(x)	1	:	0.000000	0.321556	0.000000	0.000000	0.678444
23	tsk_23	(x)	1	:	0.000000	0.100656	0.000000	0.000000	0.899344
24	tsk_24	(x)	1	:	0.000000	0.199277	0.000000	0.000000	0.800723
25	tsk_25	(x)	1	:	0.000000	0.327843	0.000000	0.000000	0.672157
26	tsk_26	(x)	1	:	0.000000	0.104159	0.000000	0.000000	0.895841
27	tsk_27	(x)	1	:	0.000000	0.000000	0.000000	0.000000	1.000000
28	tsk_28	(x)	1	:	0.000000	0.052476	0.000000	0.000000	0.947524
29	tsk_29	(x)	1	:	0.000000	0.101833	0.000000	0.000000	0.898167
