logL = -62.839189 (converged)
AIC = 205.678378
BIC = 261.726274

count.K
5 25 

