logL = -43.632654 (converged)
AIC = 315.265307
BIC = 475.001809

count.K
7 5 3 15 

