0	tsk_0	(x)	1	:	0.093296	0.906703	0.000000	0.000000	0.000000	0.000000
1	tsk_1	(x)	1	:	0.175894	0.824106	0.000000	0.000000	0.000000	0.000000
2	tsk_2	(x)	1	:	0.000000	0.000000	0.000000	1.000000	0.000000	0.000000
3	tsk_3	(x)	1	:	0.326370	0.673630	0.000000	0.000000	0.000000	0.000000
4	tsk_4	(x)	1	:	0.316354	0.683645	0.000000	0.000000	0.000000	0.000000
5	tsk_5	(x)	1	:	0.000000	1.000000	0.000000	0.000000	0.000000	0.000000
6	tsk_6	(x)	1	:	0.000000	1.000000	0.000000	0.000000	0.000000	0.000000
7	tsk_7	(x)	1	:	0.517120	0.000000	0.000000	0.482880	0.000000	0.000000
8	tsk_8	(x)	1	:	0.411890	0.588110	0.000000	0.000000	0.000000	0.000000
9	tsk_9	(x)	1	:	0.660959	0.339041	0.000000	0.000000	0.000000	0.000000
10	tsk_10	(x)	1	:	0.000000	0.000000	0.000034	0.000000	0.999966	0.000000
11	tsk_11	(x)	1	:	0.000000	0.000000	0.000000	0.000000	0.000000	1.000000
12	tsk_12	(x)	1	:	0.000000	0.000000	0.000000	0.000000	0.000000	1.000000
13	tsk_13	(x)	1	:	0.000000	0.000000	0.000000	0.000000	0.000000	1.000000
14	tsk_14	(x)	1	:	0.000000	0.000000	0.000000	0.000000	0.000000	1.000000
15	tsk_15	(x)	1	:	0.000000	0.000000	0.000022	0.000000	0.552138	0.447840
16	tsk_16	(x)	1	:	0.000000	0.000000	0.000039	0.000000	0.552113	0.447848
17	tsk_17	(x)	1	:	0.000000	0.000000	0.000025	0.000000	0.999975	0.000000
18	tsk_18	(x)	1	:	0.000000	0.000000	0.000019	0.000000	0.552142	0.447839
19	tsk_19	(x)	1	:	0.000000	0.000000	0.000000	1.000000	0.000000	0.000000
20	tsk_20	(x)	1	:	0.000000	0.000000	0.994087	0.000000	0.005913	0.000000
21	tsk_21	(x)	1	:	0.517120	0.000000	0.000000	0.482880	0.000000	0.000000
22	tsk_22	(x)	1	:	0.000000	0.000000	0.992423	0.000000	0.007577	0.000000
23	tsk_23	(x)	1	:	0.000000	0.000000	0.000040	0.000000	0.999960	0.000000
24	tsk_24	(x)	1	:	0.499759	0.000000	0.000015	0.000000	0.499735	0.000491
25	tsk_25	(x)	1	:	0.312045	0.187889	0.000014	0.000000	0.499913	0.000140
26	tsk_26	(x)	1	:	0.500008	0.000000	0.000030	0.000000	0.499962	0.000000
27	tsk_27	(x)	1	:	0.499912	0.000000	0.000016	0.000000	0.499887	0.000185
28	tsk_28	(x)	1	:	0.000000	0.000000	0.000021	0.000000	0.999979	0.000000
29	tsk_29	(x)	1	:	0.000000	0.000000	0.000000	1.000000	0.000000	0.000000
