logL = -57.641567 (converged)
AIC = 259.283133
BIC = 360.169345

count.K
4 10 16 

