logL = -31.719948 (converged)
AIC = 423.439896
BIC = 675.655424

count.K
6 7 2 3 8 4 

