logL = -39.747894 (converged)
AIC = 307.495789
BIC = 467.232290

count.K
6 6 9 9 

