logL = -52.581241 (converged)
AIC = 181.162481
BIC = 234.407982

count.K
16 14 

