logL = -21.920053 (converged)
AIC = 187.840107
BIC = 288.726318

count.K
12 14 4 

