logL = -33.879710 (converged)
AIC = 271.759419
BIC = 414.681552

count.K
8 4 2 16 

