logL = -87.449554 (converged)
AIC = 450.899108
BIC = 644.264346

count.K
10 8 9 3 

