logL = -54.069196 (converged)
AIC = 456.138391
BIC = 699.946736

count.K
2 0 4 1 13 10 

