logL = -134.128900 (converged)
AIC = 364.257800
BIC = 431.515275

count.K
21 9 

