logL = -101.743703 (converged)
AIC = 283.487406
BIC = 339.535302

count.K
13 17 

