logL = -101.936799 (converged)
AIC = 307.873599
BIC = 380.735862

count.K
9 21 

