logL = -22.182007 (converged)
AIC = 314.364015
BIC = 503.525661

count.K
0 18 4 3 5 

