logL = -55.044719 (converged)
AIC = 190.089438
BIC = 246.137333

count.K
17 13 

