logL = -54.370130 (converged)
AIC = 344.740259
BIC = 510.081550

count.K
2 5 10 13 

