logL = -63.722709 (converged)
AIC = 535.445418
BIC = 821.289684

count.K
2 3 7 7 9 2 

