logL = -62.307872 (converged)
AIC = 280.615744
BIC = 389.909140

count.K
16 9 5 

