logL = -104.041048 (converged)
AIC = 304.082096
BIC = 371.339570

count.K
20 10 

