logL = -10.973143 (converged)
AIC = 281.946285
BIC = 464.101945

count.K
6 2 6 5 11 

