logL = -19.141319 (converged)
AIC = 298.282638
BIC = 480.438297

count.K
3 6 11 6 4 

