logL = -38.447752 (converged)
AIC = 320.895504
BIC = 491.841584

count.K
4 5 19 2 

