logL = -194.209914 (converged)
AIC = 512.419828
BIC = 599.294066

count.K
20 10 

