0	tsk_0	(x)	1	:	0.000000	0.379502	0.000000	0.063021	0.557477
1	tsk_1	(x)	1	:	0.000000	0.380973	0.509241	0.109786	0.000000
2	tsk_2	(x)	1	:	0.000000	1.000000	0.000000	0.000000	0.000000
3	tsk_3	(x)	1	:	0.000000	0.000000	0.000000	0.000000	1.000000
4	tsk_4	(x)	1	:	0.499871	0.380773	0.000000	0.119355	0.000001
5	tsk_5	(x)	1	:	0.000000	0.000000	0.509167	0.490833	0.000000
6	tsk_6	(x)	1	:	0.000000	0.552768	0.447005	0.000227	0.000000
7	tsk_7	(x)	1	:	0.000000	0.000000	0.000000	0.441304	0.558696
8	tsk_8	(x)	1	:	0.000000	1.000000	0.000000	0.000000	0.000000
9	tsk_9	(x)	1	:	0.000000	0.999806	0.000000	0.000194	0.000000
10	tsk_10	(x)	1	:	0.000000	0.000000	0.000000	0.000000	1.000000
11	tsk_11	(x)	1	:	0.000000	0.000000	0.000000	0.443932	0.556068
12	tsk_12	(x)	1	:	0.500000	0.000000	0.000000	0.500000	0.000001
13	tsk_13	(x)	1	:	1.000000	0.000000	0.000000	0.000000	0.000000
14	tsk_14	(x)	1	:	1.000000	0.000000	0.000000	0.000000	0.000000
15	tsk_15	(x)	1	:	0.675893	0.000000	0.000000	0.000144	0.323963
16	tsk_16	(x)	1	:	0.675894	0.000000	0.000000	0.000168	0.323938
17	tsk_17	(x)	1	:	0.000000	0.000000	0.000000	0.443932	0.556068
18	tsk_18	(x)	1	:	0.675891	0.000000	0.000000	0.000108	0.324001
19	tsk_19	(x)	1	:	0.000000	0.000000	0.000000	0.443932	0.556068
20	tsk_20	(x)	1	:	0.499999	0.000000	0.000000	0.499999	0.000001
21	tsk_21	(x)	1	:	0.448031	0.551904	0.000000	0.000065	0.000000
22	tsk_22	(x)	1	:	1.000000	0.000000	0.000000	0.000000	0.000000
23	tsk_23	(x)	1	:	1.000000	0.000000	0.000000	0.000000	0.000000
24	tsk_24	(x)	1	:	0.000000	0.000000	1.000000	0.000000	0.000000
25	tsk_25	(x)	1	:	0.499999	0.000000	0.000000	0.499999	0.000002
26	tsk_26	(x)	1	:	0.000000	0.000000	0.000000	1.000000	0.000000
27	tsk_27	(x)	1	:	0.427486	0.000000	0.572514	0.000000	0.000000
28	tsk_28	(x)	1	:	0.000000	0.000000	0.515497	0.484503	0.000000
29	tsk_29	(x)	1	:	0.448031	0.551903	0.000000	0.000065	0.000000
