logL = -50.961346 (converged)
AIC = 421.922692
BIC = 646.114273

count.K
6 13 1 0 10 

