logL = -63.720556 (converged)
AIC = 535.441111
BIC = 821.285377

count.K
3 5 5 6 3 8 

