logL = -113.191026 (converged)
AIC = 400.382051
BIC = 522.286223

count.K
20 3 7 

