0	tsk_0	(x)	1	:	0.000000	0.000000	1.000000	0.000000
1	tsk_1	(x)	1	:	0.011575	0.000000	0.988425	0.000000
2	tsk_2	(x)	1	:	0.011335	0.000000	0.988545	0.000119
3	tsk_3	(x)	1	:	0.982398	0.000000	0.000000	0.017602
4	tsk_4	(x)	1	:	0.000000	0.000000	0.000000	1.000000
5	tsk_5	(x)	1	:	0.000000	0.000000	1.000000	0.000000
6	tsk_6	(x)	1	:	0.012279	0.000000	0.987721	0.000000
7	tsk_7	(x)	1	:	0.013319	0.000000	0.986681	0.000000
8	tsk_8	(x)	1	:	0.011301	0.000000	0.988699	0.000000
9	tsk_9	(x)	1	:	0.013515	0.000000	0.986485	0.000000
10	tsk_10	(x)	1	:	0.991380	0.000000	0.000000	0.008620
11	tsk_11	(x)	1	:	0.980535	0.000000	0.000000	0.019465
12	tsk_12	(x)	1	:	0.979158	0.000000	0.000000	0.020842
13	tsk_13	(x)	1	:	0.980318	0.000000	0.000000	0.019682
14	tsk_14	(x)	1	:	0.961914	0.000000	0.000000	0.038086
15	tsk_15	(x)	1	:	0.993932	0.000000	0.000000	0.006068
16	tsk_16	(x)	1	:	0.000000	0.000000	0.000000	1.000000
17	tsk_17	(x)	1	:	0.000001	0.000000	0.000000	0.999999
18	tsk_18	(x)	1	:	1.000000	0.000000	0.000000	0.000000
19	tsk_19	(x)	1	:	0.980535	0.000000	0.000000	0.019465
20	tsk_20	(x)	1	:	0.000000	1.000000	0.000000	0.000000
21	tsk_21	(x)	1	:	0.000000	1.000000	0.000000	0.000000
22	tsk_22	(x)	1	:	0.000000	1.000000	0.000000	0.000000
23	tsk_23	(x)	1	:	0.988138	0.000000	0.000000	0.011862
24	tsk_24	(x)	1	:	0.000000	0.480802	0.000000	0.519198
25	tsk_25	(x)	1	:	0.000000	1.000000	0.000000	0.000000
26	tsk_26	(x)	1	:	0.058895	0.480801	0.000000	0.460304
27	tsk_27	(x)	1	:	0.340379	0.659621	0.000000	0.000000
28	tsk_28	(x)	1	:	0.993703	0.000000	0.000000	0.006297
29	tsk_29	(x)	1	:	0.000000	1.000000	0.000000	0.000000
