logL = -97.839145 (converged)
AIC = 363.678290
BIC = 481.378870

count.K
14 8 8 

