logL = -20.611736 (converged)
AIC = 173.223473
BIC = 265.702500

count.K
12 8 10 

