logL = -15.644259 (converged)
AIC = 301.288517
BIC = 490.450164

count.K
5 5 9 10 1 

