logL = -42.282794 (converged)
AIC = 394.565589
BIC = 611.751183

count.K
1 3 6 9 11 

