logL = -54.680847 (converged)
AIC = 337.361695
BIC = 497.098197

count.K
5 9 16 0 

