0	tsk_0	(x)	1	:	0.499997	0.000000	0.201207	0.298795	0.000000	0.000000
1	tsk_1	(x)	1	:	0.000121	0.499907	0.352412	0.147554	0.000006	0.000000
2	tsk_2	(x)	1	:	0.000000	1.000000	0.000000	0.000000	0.000000	0.000000
3	tsk_3	(x)	1	:	0.000000	0.000000	0.180109	0.819891	0.000000	0.000000
4	tsk_4	(x)	1	:	0.000000	0.000000	0.112298	0.887702	0.000000	0.000000
5	tsk_5	(x)	1	:	0.000000	0.000000	0.388306	0.611694	0.000000	0.000000
6	tsk_6	(x)	1	:	0.000000	0.000000	0.148357	0.851643	0.000000	0.000000
7	tsk_7	(x)	1	:	0.000000	0.000000	0.065687	0.934313	0.000000	0.000000
8	tsk_8	(x)	1	:	0.000000	0.000000	0.083933	0.916067	0.000000	0.000000
9	tsk_9	(x)	1	:	0.000216	0.499835	0.234759	0.265184	0.000006	0.000000
10	tsk_10	(x)	1	:	0.499497	0.000000	0.018617	0.003771	0.000000	0.478115
11	tsk_11	(x)	1	:	0.000000	0.000000	0.000000	0.000000	0.000000	1.000000
12	tsk_12	(x)	1	:	0.499342	0.000000	0.014974	0.008042	0.000000	0.477642
13	tsk_13	(x)	1	:	0.000000	0.000000	0.000000	0.000000	0.000000	1.000000
14	tsk_14	(x)	1	:	0.187229	0.000000	0.000000	0.000000	0.812771	0.000000
15	tsk_15	(x)	1	:	0.499247	0.000000	0.011976	0.011426	0.000000	0.477351
16	tsk_16	(x)	1	:	0.500000	0.000000	0.405516	0.094484	0.000000	0.000000
17	tsk_17	(x)	1	:	0.000000	0.000000	0.000000	0.000000	0.000000	1.000000
18	tsk_18	(x)	1	:	0.000000	0.000000	0.000000	0.000000	0.000000	1.000000
19	tsk_19	(x)	1	:	0.000000	0.000000	0.000000	0.000000	0.000000	1.000000
20	tsk_20	(x)	1	:	1.000000	0.000000	0.000000	0.000000	0.000000	0.000000
21	tsk_21	(x)	1	:	0.500000	0.000000	0.500000	0.000000	0.000000	0.000000
22	tsk_22	(x)	1	:	0.500000	0.000000	0.343365	0.156635	0.000000	0.000000
23	tsk_23	(x)	1	:	1.000000	0.000000	0.000000	0.000000	0.000000	0.000000
24	tsk_24	(x)	1	:	1.000000	0.000000	0.000000	0.000000	0.000000	0.000000
25	tsk_25	(x)	1	:	1.000000	0.000000	0.000000	0.000000	0.000000	0.000000
26	tsk_26	(x)	1	:	1.000000	0.000000	0.000000	0.000000	0.000000	0.000000
27	tsk_27	(x)	1	:	0.500001	0.000000	0.267714	0.232285	0.000000	0.000000
28	tsk_28	(x)	1	:	0.500001	0.000000	0.352445	0.147554	0.000000	0.000000
29	tsk_29	(x)	1	:	0.999992	0.000008	0.000000	0.000000	0.000000	0.000000
