logL = -151.098580 (converged)
AIC = 398.197160
BIC = 465.454635

count.K
18 12 

