logL = -44.360820 (converged)
AIC = 388.721639
BIC = 598.901247

count.K
9 6 1 4 10 

