0	tsk_0	(x)	1	:	0.000000	0.000000	0.000000	0.000000	0.000000	1.000000
1	tsk_1	(x)	1	:	0.000000	0.000000	0.767292	0.000000	0.000000	0.232708
2	tsk_2	(x)	1	:	0.000000	0.000000	0.834553	0.000000	0.000000	0.165447
3	tsk_3	(x)	1	:	0.000000	0.000000	0.000000	0.000000	0.000000	1.000000
4	tsk_4	(x)	1	:	0.000000	0.000000	0.625247	0.000000	0.000000	0.374753
5	tsk_5	(x)	1	:	0.000000	0.000000	0.834341	0.000000	0.000000	0.165659
6	tsk_6	(x)	1	:	0.000000	0.000000	0.627763	0.000000	0.000000	0.372237
7	tsk_7	(x)	1	:	0.000000	0.000000	1.000000	0.000000	0.000000	0.000000
8	tsk_8	(x)	1	:	0.000000	0.000000	0.831698	0.000000	0.000000	0.168302
9	tsk_9	(x)	1	:	0.000000	0.000000	0.615460	0.000000	0.000000	0.384540
10	tsk_10	(x)	1	:	0.000000	0.000000	0.626417	0.000000	0.000000	0.373583
11	tsk_11	(x)	1	:	0.000000	0.000000	0.715252	0.000000	0.000000	0.284748
12	tsk_12	(x)	1	:	0.000000	0.000000	0.000000	0.000000	0.000000	1.000000
13	tsk_13	(x)	1	:	0.000000	0.000000	0.000004	0.999980	0.000000	0.000016
14	tsk_14	(x)	1	:	0.000000	0.000000	0.355267	0.000000	0.000000	0.644733
15	tsk_15	(x)	1	:	0.000000	0.000000	0.625186	0.000000	0.000000	0.374814
16	tsk_16	(x)	1	:	0.000000	0.000000	0.832901	0.000000	0.000000	0.167099
17	tsk_17	(x)	1	:	0.000000	0.000000	0.452829	0.000000	0.000000	0.547171
18	tsk_18	(x)	1	:	0.000000	0.000000	0.357344	0.000000	0.000000	0.642656
19	tsk_19	(x)	1	:	0.000000	0.000000	0.628893	0.000000	0.000000	0.371107
20	tsk_20	(x)	1	:	0.000000	0.000000	0.087759	0.000000	0.856714	0.055526
21	tsk_21	(x)	1	:	0.000000	0.000000	0.000229	0.000000	0.999541	0.000229
22	tsk_22	(x)	1	:	0.000000	0.000000	0.029271	0.000000	0.856677	0.114051
23	tsk_23	(x)	1	:	0.000000	0.000000	0.837030	0.000000	0.000000	0.162970
24	tsk_24	(x)	1	:	0.000000	0.000000	0.048508	0.000000	0.856643	0.094848
25	tsk_25	(x)	1	:	0.000000	0.999989	0.000005	0.000000	0.000000	0.000005
26	tsk_26	(x)	1	:	1.000000	0.000000	0.000000	0.000000	0.000000	0.000000
27	tsk_27	(x)	1	:	0.000000	0.000000	0.526676	0.000000	0.000000	0.473324
28	tsk_28	(x)	1	:	0.357146	0.000000	0.000000	0.000000	0.642854	0.000000
29	tsk_29	(x)	1	:	0.000000	0.000000	1.000000	0.000000	0.000000	0.000000
