logL = -27.181616 (converged)
AIC = 384.363231
BIC = 615.560799

count.K
5 1 4 6 14 

