logL = -77.874239 (converged)
AIC = 599.748478
BIC = 910.814297

count.K
10 3 1 2 7 7 

