logL = -37.773933 (converged)
AIC = 543.547867
BIC = 871.428054

count.K
9 1 12 3 2 3 

