logL = -76.620681 (converged)
AIC = 421.241361
BIC = 609.001810

count.K
4 10 4 12 

