logL = -130.799151 (converged)
AIC = 693.598301
BIC = 996.256936

count.K
3 6 4 1 10 6 

