logL = -64.861758 (converged)
AIC = 459.723517
BIC = 690.921085

count.K
11 2 1 3 13 

