logL = -23.613889 (converged)
AIC = 337.227778
BIC = 540.401399

count.K
8 8 3 7 4 

