logL = -77.827997 (converged)
AIC = 551.655994
BIC = 829.093076

count.K
1 7 2 7 10 3 

