logL = -57.812608 (converged)
AIC = 435.625216
BIC = 659.816797

count.K
6 2 13 8 1 

