0	tsk_0	(x)	1	:	0.000000	0.000000	1.000000	0.000000	0.000000
1	tsk_1	(x)	1	:	0.000000	0.335303	0.500000	0.000000	0.164697
2	tsk_2	(x)	1	:	0.000000	0.189275	0.000000	0.744790	0.065935
3	tsk_3	(x)	1	:	0.000000	0.295506	0.378462	0.181034	0.144998
4	tsk_4	(x)	1	:	0.000000	0.000000	1.000000	0.000000	0.000000
5	tsk_5	(x)	1	:	0.000000	0.000000	0.000000	0.000000	1.000000
6	tsk_6	(x)	1	:	0.000000	0.250430	0.241144	0.385557	0.122869
7	tsk_7	(x)	1	:	0.000000	0.250280	0.000000	0.000000	0.749720
8	tsk_8	(x)	1	:	0.000000	0.255166	0.000000	0.744834	0.000000
9	tsk_9	(x)	1	:	0.000000	1.000000	0.000000	0.000000	0.000000
10	tsk_10	(x)	1	:	0.000000	0.000000	1.000000	0.000000	0.000000
11	tsk_11	(x)	1	:	0.000000	0.333624	0.000000	0.000000	0.666375
12	tsk_12	(x)	1	:	0.000021	0.000000	0.499977	0.000000	0.500002
13	tsk_13	(x)	1	:	0.000068	0.314922	0.121727	0.563283	0.000000
14	tsk_14	(x)	1	:	0.000000	0.064288	0.000000	0.744813	0.190899
15	tsk_15	(x)	1	:	0.000000	0.000000	1.000000	0.000000	0.000000
16	tsk_16	(x)	1	:	0.449337	0.368742	0.000052	0.000004	0.181866
17	tsk_17	(x)	1	:	0.000000	0.000000	1.000000	0.000000	0.000000
18	tsk_18	(x)	1	:	0.000021	0.500002	0.499976	0.000000	0.000000
19	tsk_19	(x)	1	:	0.449295	0.222380	0.000098	0.000005	0.328223
20	tsk_20	(x)	1	:	0.000000	0.677956	0.000000	0.000000	0.322044
21	tsk_21	(x)	1	:	0.000000	0.677956	0.000000	0.000000	0.322044
22	tsk_22	(x)	1	:	0.579343	0.420657	0.000000	0.000000	0.000000
23	tsk_23	(x)	1	:	0.000000	0.334733	0.000000	0.000000	0.665267
24	tsk_24	(x)	1	:	0.000201	0.000000	0.000000	0.744355	0.255444
25	tsk_25	(x)	1	:	0.000000	0.508922	0.000000	0.000000	0.491078
26	tsk_26	(x)	1	:	0.000000	0.676139	0.000000	0.000000	0.323860
27	tsk_27	(x)	1	:	0.000000	0.128199	0.000000	0.744831	0.126970
28	tsk_28	(x)	1	:	0.000000	0.332929	0.000000	0.000000	0.667071
29	tsk_29	(x)	1	:	0.000030	0.280933	0.334781	0.246047	0.138207
