logL = -20.723813 (converged)
AIC = 341.447625
BIC = 551.627233

count.K
3 2 4 18 3 

