logL = -79.765453 (converged)
AIC = 327.530907
BIC = 445.231487

count.K
12 13 5 

