logL = -58.661070 (converged)
AIC = 407.322139
BIC = 610.495760

count.K
11 1 2 10 6 

