logL = -28.190374 (converged)
AIC = 428.380749
BIC = 689.003462

count.K
2 3 17 5 2 1 

