logL = -79.977362 (converged)
AIC = 499.954725
BIC = 738.158280

count.K
4 2 0 14 10 

