logL = -95.304972 (converged)
AIC = 270.609943
BIC = 326.657838

count.K
20 10 

