logL = -96.464666 (converged)
AIC = 284.929332
BIC = 349.384411

count.K
9 21 

