logL = -15.591164 (converged)
AIC = 321.182329
BIC = 524.355949

count.K
8 16 0 1 5 

