logL = -42.759639 (converged)
AIC = 469.519279
BIC = 738.549176

count.K
2 10 8 3 3 4 

