0	tsk_0	(x)	1	:	0.000000	0.000010	0.000000	0.999990	0.000000	0.000000
1	tsk_1	(x)	1	:	0.000000	0.000004	0.000000	0.999996	0.000000	0.000000
2	tsk_2	(x)	1	:	0.000000	0.000007	0.000000	0.999993	0.000000	0.000000
3	tsk_3	(x)	1	:	0.000000	0.479337	0.000000	0.499996	0.000000	0.020667
4	tsk_4	(x)	1	:	0.000000	0.500004	0.000000	0.499996	0.000000	0.000000
5	tsk_5	(x)	1	:	0.000000	0.258056	0.000000	0.499996	0.000000	0.241948
6	tsk_6	(x)	1	:	0.000000	0.433624	0.000000	0.499996	0.000000	0.066380
7	tsk_7	(x)	1	:	0.000000	0.000000	0.000000	1.000000	0.000000	0.000000
8	tsk_8	(x)	1	:	0.000000	0.313944	0.000000	0.499995	0.000000	0.186060
9	tsk_9	(x)	1	:	0.000000	0.000006	0.000000	0.999994	0.000000	0.000000
10	tsk_10	(x)	1	:	0.595541	0.000000	0.365051	0.000000	0.039408	0.000000
11	tsk_11	(x)	1	:	0.000000	0.000000	0.618792	0.000000	0.381208	0.000000
12	tsk_12	(x)	1	:	0.595539	0.000000	0.371276	0.000000	0.033184	0.000000
13	tsk_13	(x)	1	:	0.260155	0.000000	0.463523	0.000000	0.276322	0.000000
14	tsk_14	(x)	1	:	0.595538	0.000000	0.368905	0.000000	0.035557	0.000000
15	tsk_15	(x)	1	:	0.595541	0.000000	0.345606	0.000000	0.058853	0.000000
16	tsk_16	(x)	1	:	0.595537	0.000000	0.398710	0.000000	0.005753	0.000000
17	tsk_17	(x)	1	:	0.997539	0.000000	0.002461	0.000000	0.000000	0.000000
18	tsk_18	(x)	1	:	0.000000	0.000000	0.715516	0.000000	0.284484	0.000000
19	tsk_19	(x)	1	:	0.000000	0.000000	0.806363	0.000000	0.193637	0.000000
20	tsk_20	(x)	1	:	0.000000	0.270946	0.000000	0.000007	0.000000	0.729048
21	tsk_21	(x)	1	:	0.000000	0.433428	0.000000	0.000002	0.000000	0.566569
22	tsk_22	(x)	1	:	0.000000	0.999997	0.000000	0.000003	0.000000	0.000000
23	tsk_23	(x)	1	:	0.000000	0.160401	0.000000	0.000003	0.000000	0.839595
24	tsk_24	(x)	1	:	0.000000	0.999985	0.000000	0.000015	0.000000	0.000000
25	tsk_25	(x)	1	:	0.000000	0.132417	0.000000	0.000003	0.000000	0.867581
26	tsk_26	(x)	1	:	0.000000	0.241894	0.000000	0.000003	0.000000	0.758103
27	tsk_27	(x)	1	:	0.000000	0.000000	0.000000	0.000005	0.000000	0.999995
28	tsk_28	(x)	1	:	0.000000	0.000000	0.000000	0.000009	0.000000	0.999991
29	tsk_29	(x)	1	:	0.000000	0.255134	0.000000	0.000002	0.000000	0.744864
