logL = -50.494029 (converged)
AIC = 410.988059
BIC = 628.173653

count.K
10 5 3 5 7 

