logL = -95.633713 (converged)
AIC = 383.267425
BIC = 517.782374

count.K
11 6 13 

