logL = -31.278075 (converged)
AIC = 352.556151
BIC = 555.729771

count.K
11 1 1 14 3 

