logL = -28.606072 (converged)
AIC = 201.212143
BIC = 302.098354

count.K
9 3 18 

