logL = -51.552776 (converged)
AIC = 433.105551
BIC = 664.303119

count.K
6 10 8 2 4 

