logL = -176.077224 (converged)
AIC = 456.154449
BIC = 529.016713

count.K
24 6 

