logL = -90.095421 (converged)
AIC = 360.190843
BIC = 486.298607

count.K
9 10 11 

