logL = -34.190412 (converged)
AIC = 440.380825
BIC = 701.003538

count.K
1 9 6 6 1 7 

