logL = -17.498667 (converged)
AIC = 382.997334
BIC = 626.805678

count.K
2 1 6 3 9 9 

