0	tsk_0	(x)	1	:	1.000000	0.000000	0.000000	0.000000	0.000000	0.000000
1	tsk_1	(x)	1	:	0.000000	0.483398	0.516601	0.000000	0.000000	0.000000
2	tsk_2	(x)	1	:	0.806371	0.000000	0.193629	0.000000	0.000000	0.000000
3	tsk_3	(x)	1	:	0.000000	1.000000	0.000000	0.000000	0.000000	0.000000
4	tsk_4	(x)	1	:	0.516601	0.483399	0.000000	0.000000	0.000000	0.000000
5	tsk_5	(x)	1	:	0.000000	1.000000	0.000000	0.000000	0.000000	0.000000
6	tsk_6	(x)	1	:	0.000000	1.000000	0.000000	0.000000	0.000000	0.000000
7	tsk_7	(x)	1	:	0.000000	0.483399	0.516601	0.000000	0.000000	0.000000
8	tsk_8	(x)	1	:	0.158671	0.483399	0.357931	0.000000	0.000000	0.000000
9	tsk_9	(x)	1	:	0.000404	0.000000	0.005383	0.994213	0.000000	0.000000
10	tsk_10	(x)	1	:	0.883323	0.000000	0.116677	0.000000	0.000000	0.000000
11	tsk_11	(x)	1	:	0.202115	0.483399	0.314486	0.000000	0.000000	0.000000
12	tsk_12	(x)	1	:	0.884627	0.000000	0.115373	0.000000	0.000000	0.000000
13	tsk_13	(x)	1	:	0.683041	0.000000	0.316959	0.000000	0.000000	0.000000
14	tsk_14	(x)	1	:	0.000000	0.000000	0.218588	0.000000	0.581283	0.200128
15	tsk_15	(x)	1	:	0.000000	0.470218	0.000000	0.000005	0.089749	0.440027
16	tsk_16	(x)	1	:	0.516601	0.483399	0.000000	0.000000	0.000000	0.000000
17	tsk_17	(x)	1	:	0.000000	0.000000	0.000000	0.000000	0.000000	1.000000
18	tsk_18	(x)	1	:	0.189970	0.000000	0.000000	0.000000	0.641050	0.168981
19	tsk_19	(x)	1	:	0.000000	1.000000	0.000000	0.000000	0.000000	0.000000
20	tsk_20	(x)	1	:	0.000000	0.000000	0.122795	0.000000	0.784351	0.092853
21	tsk_21	(x)	1	:	0.674544	0.000000	0.325456	0.000000	0.000000	0.000000
22	tsk_22	(x)	1	:	0.000000	0.000000	0.000000	0.000000	0.998585	0.001415
23	tsk_23	(x)	1	:	0.444063	0.000000	0.055937	0.000000	0.000000	0.500000
24	tsk_24	(x)	1	:	0.000000	0.491645	0.000000	0.000000	0.000000	0.508355
25	tsk_25	(x)	1	:	0.000000	0.000000	0.129983	0.000000	0.768580	0.101437
26	tsk_26	(x)	1	:	0.209731	0.000000	0.000000	0.000000	0.599745	0.190524
27	tsk_27	(x)	1	:	0.000000	0.000000	0.000000	0.000000	0.000000	1.000000
28	tsk_28	(x)	1	:	0.114898	0.000000	0.032164	0.000000	0.731713	0.121225
29	tsk_29	(x)	1	:	0.709708	0.000000	0.290292	0.000000	0.000000	0.000000
