logL = -35.583376 (converged)
AIC = 227.166751
BIC = 336.460147

count.K
9 19 2 

