logL = -94.878440 (converged)
AIC = 449.756879
BIC = 631.912539

count.K
6 6 9 9 

