logL = -60.194045 (converged)
AIC = 208.388090
BIC = 270.040775

count.K
15 15 

