logL = -96.285055 (converged)
AIC = 378.570109
BIC = 508.881466

count.K
6 10 14 

