logL = -54.763644 (converged)
AIC = 353.527288
BIC = 524.473368

count.K
9 14 0 7 

