logL = -84.887533 (converged)
AIC = 261.775066
BIC = 326.230145

count.K
10 20 

