logL = -127.930983 (converged)
AIC = 665.861967
BIC = 953.107430

count.K
1 4 3 8 14 

