logL = -196.827692 (not converged)
AIC = 413.655384
BIC = 427.667358

count.K
30 

