logL = -44.075221 (converged)
AIC = 250.150442
BIC = 363.647429

count.K
8 7 15 

