0	tsk_0	(x)	1	:	0.000000	0.000000	0.000000	0.000000	1.000000	0.000000
1	tsk_1	(x)	1	:	0.523531	0.000000	0.000000	0.000000	0.000000	0.476469
2	tsk_2	(x)	1	:	0.000000	0.000000	0.000000	0.000000	1.000000	0.000000
3	tsk_3	(x)	1	:	0.000002	0.000000	0.000000	0.999976	0.000016	0.000006
4	tsk_4	(x)	1	:	0.245760	0.000000	0.000000	0.000000	0.597577	0.156663
5	tsk_5	(x)	1	:	0.000000	0.000000	0.000000	0.000000	1.000000	0.000000
6	tsk_6	(x)	1	:	0.000000	0.000000	0.000000	0.000000	1.000000	0.000000
7	tsk_7	(x)	1	:	0.121744	0.000000	0.000000	0.000000	0.493680	0.384576
8	tsk_8	(x)	1	:	0.081761	0.000000	0.000000	0.000000	0.493680	0.424558
9	tsk_9	(x)	1	:	0.000000	0.000000	0.000000	0.000000	1.000000	0.000000
10	tsk_10	(x)	1	:	0.089429	0.000000	0.837716	0.000000	0.000000	0.072854
11	tsk_11	(x)	1	:	0.100954	0.000000	0.837716	0.000000	0.000000	0.061330
12	tsk_12	(x)	1	:	0.617364	0.000000	0.000000	0.000000	0.000000	0.382636
13	tsk_13	(x)	1	:	0.127545	0.000000	0.837716	0.000000	0.000000	0.034740
14	tsk_14	(x)	1	:	0.682133	0.000000	0.000000	0.000000	0.000000	0.317867
15	tsk_15	(x)	1	:	0.107454	0.000000	0.837716	0.000000	0.000000	0.054830
16	tsk_16	(x)	1	:	0.519796	0.000000	0.000000	0.000000	0.000000	0.480204
17	tsk_17	(x)	1	:	0.620122	0.000000	0.000000	0.000000	0.000000	0.379878
18	tsk_18	(x)	1	:	1.000000	0.000000	0.000000	0.000000	0.000000	0.000000
19	tsk_19	(x)	1	:	0.092035	0.000000	0.837716	0.000000	0.000000	0.070249
20	tsk_20	(x)	1	:	0.298870	0.000000	0.000000	0.000000	0.493677	0.207453
21	tsk_21	(x)	1	:	0.135839	0.000000	0.000000	0.000000	0.493679	0.370481
22	tsk_22	(x)	1	:	0.573743	0.000000	0.000000	0.000000	0.000000	0.426257
23	tsk_23	(x)	1	:	0.798563	0.000000	0.000000	0.000000	0.000000	0.201437
24	tsk_24	(x)	1	:	0.349841	0.000000	0.000000	0.000000	0.493680	0.156478
25	tsk_25	(x)	1	:	0.174826	0.000000	0.000000	0.000000	0.493680	0.331494
26	tsk_26	(x)	1	:	0.242492	0.000000	0.000000	0.000000	0.493678	0.263830
27	tsk_27	(x)	1	:	0.007705	0.989277	0.000000	0.000058	0.000000	0.002960
28	tsk_28	(x)	1	:	0.082887	0.000000	0.000000	0.000000	0.493678	0.423435
29	tsk_29	(x)	1	:	0.406433	0.000000	0.000000	0.000000	0.493676	0.099891
