logL = -41.301591 (converged)
AIC = 226.603183
BIC = 327.489394

count.K
14 15 1 

