0	tsk_0	(x)	1	:	0.000000	1.000000	0.000000	0.000000	0.000000
1	tsk_1	(x)	1	:	0.000000	0.000000	1.000000	0.000000	0.000000
2	tsk_2	(x)	1	:	0.000000	0.000000	0.500000	0.192356	0.307644
3	tsk_3	(x)	1	:	0.000000	0.000000	1.000000	0.000000	0.000000
4	tsk_4	(x)	1	:	0.000000	1.000000	0.000000	0.000000	0.000000
5	tsk_5	(x)	1	:	0.493254	0.000000	0.506746	0.000000	0.000000
6	tsk_6	(x)	1	:	0.000000	0.388634	0.499995	0.055608	0.055764
7	tsk_7	(x)	1	:	0.000000	0.000000	0.500000	0.206264	0.293736
8	tsk_8	(x)	1	:	0.000000	0.000000	0.500000	0.119563	0.380437
9	tsk_9	(x)	1	:	0.000000	0.000000	1.000000	0.000000	0.000000
10	tsk_10	(x)	1	:	0.000000	0.000000	0.000000	0.000000	1.000000
11	tsk_11	(x)	1	:	0.000000	0.000000	0.000000	0.733726	0.266274
12	tsk_12	(x)	1	:	0.000000	0.000000	0.000000	0.802642	0.197358
13	tsk_13	(x)	1	:	0.000000	0.000000	0.000000	0.711866	0.288134
14	tsk_14	(x)	1	:	0.000000	0.000000	0.000000	0.351764	0.648236
15	tsk_15	(x)	1	:	0.477472	0.000000	0.000000	0.203622	0.318906
16	tsk_16	(x)	1	:	0.000000	0.000000	0.000000	0.795692	0.204308
17	tsk_17	(x)	1	:	0.000000	0.000000	0.000000	0.731672	0.268328
18	tsk_18	(x)	1	:	0.000000	0.000000	0.000000	0.444360	0.555639
19	tsk_19	(x)	1	:	0.000000	0.000000	0.000000	0.281159	0.718841
20	tsk_20	(x)	1	:	0.000000	0.000000	0.000000	0.875395	0.124605
21	tsk_21	(x)	1	:	0.000000	0.000000	0.000000	0.819134	0.180866
22	tsk_22	(x)	1	:	0.000000	0.000000	0.000000	0.274285	0.725715
23	tsk_23	(x)	1	:	0.000000	0.000000	0.000000	0.764819	0.235181
24	tsk_24	(x)	1	:	0.000000	0.000000	0.000000	0.516024	0.483976
25	tsk_25	(x)	1	:	0.000000	0.291066	0.000000	0.413159	0.295774
26	tsk_26	(x)	1	:	0.000000	0.000000	0.000000	0.825833	0.174167
27	tsk_27	(x)	1	:	0.000000	0.000000	0.000000	0.339770	0.660230
28	tsk_28	(x)	1	:	0.000000	0.470180	0.499997	0.000000	0.029823
29	tsk_29	(x)	1	:	0.000000	0.000000	0.000000	0.726597	0.273403
