logL = -131.851464 (converged)
AIC = 367.702928
BIC = 440.565191

count.K
20 10 

