logL = -74.801042 (converged)
AIC = 545.602084
BIC = 823.039165

count.K
3 13 4 2 4 4 

