logL = -67.713996 (converged)
AIC = 475.427992
BIC = 713.631547

count.K
3 4 4 1 18 

