logL = -205.887452 (converged)
AIC = 609.774904
BIC = 748.493445

count.K
6 16 8 

