logL = -83.898302 (converged)
AIC = 587.796604
BIC = 882.048054

count.K
11 6 4 3 1 5 

