logL = -53.082679 (converged)
AIC = 256.165357
BIC = 361.255161

count.K
7 17 6 

