logL = -107.873312 (converged)
AIC = 647.746623
BIC = 950.405258

count.K
4 4 6 2 2 12 

