0	tsk_0	(x)	1	:	0.000000	0.577164	0.000000	0.224669	0.000000	0.198167
1	tsk_1	(x)	1	:	0.000000	0.425820	0.000000	0.246850	0.000000	0.327330
2	tsk_2	(x)	1	:	0.000000	0.314267	0.000000	0.363807	0.000000	0.321926
3	tsk_3	(x)	1	:	0.000000	0.088847	0.000000	0.727441	0.000000	0.183712
4	tsk_4	(x)	1	:	0.000000	0.167809	0.499264	0.166594	0.000000	0.166334
5	tsk_5	(x)	1	:	0.000000	0.185887	0.000000	0.431897	0.000000	0.382215
6	tsk_6	(x)	1	:	0.000000	0.123911	0.000000	0.497281	0.000000	0.378808
7	tsk_7	(x)	1	:	0.000000	0.170448	0.000000	0.393989	0.000000	0.435563
8	tsk_8	(x)	1	:	0.000000	0.357748	0.000000	0.275931	0.000000	0.366321
9	tsk_9	(x)	1	:	0.000000	0.345484	0.000000	0.300478	0.000000	0.354037
10	tsk_10	(x)	1	:	0.000000	0.155144	0.000000	0.363168	0.000000	0.481687
11	tsk_11	(x)	1	:	0.000000	0.114693	0.000000	0.406188	0.000000	0.479120
12	tsk_12	(x)	1	:	0.000000	0.271495	0.000000	0.313640	0.000000	0.414865
13	tsk_13	(x)	1	:	0.000000	0.000000	0.500000	0.500000	0.000000	0.000000
14	tsk_14	(x)	1	:	0.000000	0.000000	0.500000	0.500000	0.000000	0.000000
15	tsk_15	(x)	1	:	0.000000	0.315905	0.000000	0.364020	0.000000	0.320075
16	tsk_16	(x)	1	:	0.000000	0.384863	0.000000	0.222368	0.000000	0.392769
17	tsk_17	(x)	1	:	0.000000	0.000000	0.500000	0.500000	0.000000	0.000000
18	tsk_18	(x)	1	:	0.000000	0.000000	1.000000	0.000000	0.000000	0.000000
19	tsk_19	(x)	1	:	0.000000	0.167495	0.499839	0.166454	0.000000	0.166212
20	tsk_20	(x)	1	:	0.000000	0.684405	0.000000	0.315595	0.000000	0.000000
21	tsk_21	(x)	1	:	0.000000	0.000077	0.000000	0.000135	0.999630	0.000158
22	tsk_22	(x)	1	:	0.000000	0.308721	0.000000	0.539489	0.000000	0.151791
23	tsk_23	(x)	1	:	0.999987	0.000005	0.000000	0.000001	0.000000	0.000007
24	tsk_24	(x)	1	:	0.000000	0.000000	0.000000	0.475380	0.000000	0.524620
25	tsk_25	(x)	1	:	0.999988	0.000000	0.000000	0.000007	0.000000	0.000005
26	tsk_26	(x)	1	:	0.000000	0.315719	0.000000	0.364318	0.000000	0.319963
27	tsk_27	(x)	1	:	0.000000	0.347712	0.000000	0.536325	0.000000	0.115963
28	tsk_28	(x)	1	:	0.000000	0.284047	0.000000	0.328767	0.000000	0.387185
29	tsk_29	(x)	1	:	0.000000	0.375289	0.000000	0.433416	0.000000	0.191295
