0	tsk_0	(x)	1	:	0.000000	0.000000	0.713680	0.286320
1	tsk_1	(x)	1	:	0.000000	0.658400	0.000000	0.341600
2	tsk_2	(x)	1	:	0.000000	0.000000	0.000000	1.000000
3	tsk_3	(x)	1	:	0.000004	0.000000	0.999996	0.000000
4	tsk_4	(x)	1	:	0.543427	0.000000	0.000056	0.456517
5	tsk_5	(x)	1	:	0.000000	0.999435	0.000251	0.000314
6	tsk_6	(x)	1	:	0.000000	0.509184	0.000000	0.490816
7	tsk_7	(x)	1	:	0.000001	0.000002	0.999994	0.000003
8	tsk_8	(x)	1	:	0.000000	0.000000	0.000000	1.000000
9	tsk_9	(x)	1	:	0.000000	0.000000	0.000000	1.000000
10	tsk_10	(x)	1	:	0.000061	0.000000	0.999939	0.000000
11	tsk_11	(x)	1	:	0.000002	0.000002	0.999994	0.000002
12	tsk_12	(x)	1	:	0.457730	0.001624	0.540646	0.000000
13	tsk_13	(x)	1	:	1.000000	0.000000	0.000000	0.000000
14	tsk_14	(x)	1	:	1.000000	0.000000	0.000000	0.000000
15	tsk_15	(x)	1	:	0.697823	0.000000	0.302177	0.000000
16	tsk_16	(x)	1	:	0.697823	0.000000	0.302177	0.000000
17	tsk_17	(x)	1	:	0.000002	0.000004	0.999993	0.000001
18	tsk_18	(x)	1	:	0.697823	0.000000	0.302177	0.000000
19	tsk_19	(x)	1	:	0.000002	0.000003	0.999993	0.000002
20	tsk_20	(x)	1	:	0.457665	0.001476	0.540859	0.000000
21	tsk_21	(x)	1	:	0.447963	0.000000	0.000127	0.551910
22	tsk_22	(x)	1	:	1.000000	0.000000	0.000000	0.000000
23	tsk_23	(x)	1	:	1.000000	0.000000	0.000000	0.000000
24	tsk_24	(x)	1	:	0.000000	1.000000	0.000000	0.000000
25	tsk_25	(x)	1	:	0.457702	0.001561	0.540737	0.000000
26	tsk_26	(x)	1	:	0.000012	0.156430	0.776927	0.066631
27	tsk_27	(x)	1	:	0.366496	0.633504	0.000000	0.000000
28	tsk_28	(x)	1	:	0.000000	0.999615	0.000229	0.000156
29	tsk_29	(x)	1	:	0.447816	0.000000	0.000225	0.551960
