logL = -61.953244 (converged)
AIC = 463.906489
BIC = 702.110044

count.K
3 3 8 10 6 

