0	tsk_0	(x)	1	:	0.144936	0.590461	0.264603	0.000000
1	tsk_1	(x)	1	:	0.000000	0.000000	1.000000	0.000000
2	tsk_2	(x)	1	:	0.337745	0.591272	0.070983	0.000000
3	tsk_3	(x)	1	:	0.000000	0.591110	0.408890	0.000000
4	tsk_4	(x)	1	:	0.146885	0.590499	0.262617	0.000000
5	tsk_5	(x)	1	:	0.828626	0.000000	0.171374	0.000000
6	tsk_6	(x)	1	:	0.214726	0.590631	0.194643	0.000000
7	tsk_7	(x)	1	:	0.286979	0.590229	0.122760	0.000032
8	tsk_8	(x)	1	:	0.289702	0.590234	0.120038	0.000027
9	tsk_9	(x)	1	:	0.069935	0.591392	0.338673	0.000000
10	tsk_10	(x)	1	:	0.000000	0.000000	0.000000	1.000000
11	tsk_11	(x)	1	:	0.000000	0.000000	0.000000	1.000000
12	tsk_12	(x)	1	:	0.000000	0.000000	0.000002	0.999998
13	tsk_13	(x)	1	:	0.422924	0.034551	0.066790	0.475735
14	tsk_14	(x)	1	:	0.000000	0.000000	0.000000	1.000000
15	tsk_15	(x)	1	:	0.000000	0.000000	0.000000	1.000000
16	tsk_16	(x)	1	:	0.329994	0.036556	0.158837	0.474613
17	tsk_17	(x)	1	:	0.000000	0.000000	0.000000	1.000000
18	tsk_18	(x)	1	:	0.000000	0.000000	0.000000	1.000000
19	tsk_19	(x)	1	:	0.000000	0.000000	0.000000	1.000000
20	tsk_20	(x)	1	:	0.877164	0.000000	0.122836	0.000000
21	tsk_21	(x)	1	:	0.772516	0.000000	0.227484	0.000000
22	tsk_22	(x)	1	:	1.000000	0.000000	0.000000	0.000000
23	tsk_23	(x)	1	:	0.000000	0.000000	1.000000	0.000000
24	tsk_24	(x)	1	:	0.826002	0.000000	0.173998	0.000000
25	tsk_25	(x)	1	:	0.698930	0.000000	0.301070	0.000000
26	tsk_26	(x)	1	:	0.877964	0.000000	0.122036	0.000000
27	tsk_27	(x)	1	:	0.693896	0.000000	0.306104	0.000000
28	tsk_28	(x)	1	:	0.435886	0.000000	0.564114	0.000000
29	tsk_29	(x)	1	:	0.875051	0.000000	0.124949	0.000000
