logL = -35.816065 (converged)
AIC = 455.632129
BIC = 724.662026

count.K
1 13 1 3 4 8 

