logL = -86.460117 (converged)
AIC = 700.920234
BIC = 1070.836343

count.K
7 6 6 3 6 2 

