logL = -38.865943 (converged)
AIC = 449.731885
BIC = 710.354598

count.K
10 5 2 1 6 6 

