0	tsk_0	(x)	1	:	0.180976	0.819024	0.000000	0.000000	0.000000	0.000000
1	tsk_1	(x)	1	:	0.333066	0.666934	0.000000	0.000000	0.000000	0.000000
2	tsk_2	(x)	1	:	0.000000	1.000000	0.000000	0.000000	0.000000	0.000000
3	tsk_3	(x)	1	:	0.504091	0.495909	0.000000	0.000000	0.000000	0.000000
4	tsk_4	(x)	1	:	0.496798	0.503202	0.000000	0.000000	0.000000	0.000000
5	tsk_5	(x)	1	:	0.000000	1.000000	0.000000	0.000000	0.000000	0.000000
6	tsk_6	(x)	1	:	0.000000	0.495338	0.011441	0.002633	0.490588	0.000000
7	tsk_7	(x)	1	:	1.000000	0.000000	0.000000	0.000000	0.000000	0.000000
8	tsk_8	(x)	1	:	0.586908	0.413092	0.000000	0.000000	0.000000	0.000000
9	tsk_9	(x)	1	:	0.420704	0.075068	0.012755	0.000000	0.491473	0.000000
10	tsk_10	(x)	1	:	0.000000	0.000000	0.110737	0.101104	0.000000	0.788159
11	tsk_11	(x)	1	:	0.000000	0.000000	0.000000	1.000000	0.000000	0.000000
12	tsk_12	(x)	1	:	0.000000	0.000000	0.000000	0.195989	0.091497	0.712514
13	tsk_13	(x)	1	:	0.000000	0.000000	0.000012	0.999988	0.000000	0.000000
14	tsk_14	(x)	1	:	0.000000	0.000000	0.000000	0.000000	0.000024	0.999975
15	tsk_15	(x)	1	:	0.000000	0.000000	0.000000	1.000000	0.000000	0.000000
16	tsk_16	(x)	1	:	0.000000	0.000000	0.499996	0.000000	0.500004	0.000000
17	tsk_17	(x)	1	:	0.000000	0.000000	0.000011	0.999988	0.000000	0.000000
18	tsk_18	(x)	1	:	0.000000	0.000000	1.000000	0.000000	0.000000	0.000000
19	tsk_19	(x)	1	:	0.000000	0.000000	0.208513	0.002104	0.000000	0.789383
20	tsk_20	(x)	1	:	0.000000	0.000000	0.000000	0.000000	1.000000	0.000000
21	tsk_21	(x)	1	:	0.492498	0.000000	0.022740	0.000001	0.484761	0.000000
22	tsk_22	(x)	1	:	0.000000	0.000000	0.000000	0.000000	1.000000	0.000000
23	tsk_23	(x)	1	:	0.000000	0.000000	0.000000	0.000000	1.000000	0.000000
24	tsk_24	(x)	1	:	0.000000	0.000000	0.000000	0.000000	1.000000	0.000000
25	tsk_25	(x)	1	:	0.000000	0.000000	0.000000	0.000000	1.000000	0.000000
26	tsk_26	(x)	1	:	0.494698	0.000000	0.015603	0.000416	0.489282	0.000000
27	tsk_27	(x)	1	:	0.000000	0.000000	0.000000	0.000000	1.000000	0.000000
28	tsk_28	(x)	1	:	0.000000	0.000000	0.000000	0.000000	1.000000	0.000000
29	tsk_29	(x)	1	:	0.275146	0.217000	0.023821	0.000000	0.484033	0.000000
