logL = -30.431535 (converged)
AIC = 420.863070
BIC = 673.078599

count.K
13 1 4 3 5 4 

