logL = -21.051784 (converged)
AIC = 352.103569
BIC = 569.289163

count.K
1 10 0 8 11 

