logL = -185.749149 (converged)
AIC = 687.498297
BIC = 908.887483

count.K
14 6 6 4 

