logL = -28.735098 (converged)
AIC = 129.470196
BIC = 179.913302

count.K
22 8 

