0	tsk_0	(x)	1	:	0.000000	0.000001	0.999993	0.000006
1	tsk_1	(x)	1	:	0.000000	0.000000	0.999994	0.000006
2	tsk_2	(x)	1	:	0.000000	0.000000	0.999992	0.000007
3	tsk_3	(x)	1	:	0.000000	0.199112	0.486483	0.314405
4	tsk_4	(x)	1	:	0.000000	0.000001	0.999994	0.000005
5	tsk_5	(x)	1	:	0.000000	0.000001	0.999996	0.000003
6	tsk_6	(x)	1	:	0.000000	0.000000	1.000000	0.000000
7	tsk_7	(x)	1	:	0.000000	0.000000	0.999994	0.000006
8	tsk_8	(x)	1	:	0.000000	0.000000	0.999993	0.000007
9	tsk_9	(x)	1	:	0.000000	0.000000	0.999994	0.000006
10	tsk_10	(x)	1	:	0.000000	0.644828	0.000000	0.355172
11	tsk_11	(x)	1	:	0.000000	0.776129	0.000000	0.223871
12	tsk_12	(x)	1	:	0.000000	0.598640	0.000000	0.401360
13	tsk_13	(x)	1	:	0.000000	0.450225	0.000000	0.549775
14	tsk_14	(x)	1	:	0.000000	0.290654	0.000000	0.709346
15	tsk_15	(x)	1	:	0.000000	0.547627	0.000000	0.452373
16	tsk_16	(x)	1	:	0.000000	0.699245	0.000000	0.300755
17	tsk_17	(x)	1	:	0.000000	0.237487	0.000000	0.762513
18	tsk_18	(x)	1	:	0.000000	0.450225	0.000000	0.549775
19	tsk_19	(x)	1	:	0.000000	0.640004	0.000000	0.359996
20	tsk_20	(x)	1	:	1.000000	0.000000	0.000000	0.000000
21	tsk_21	(x)	1	:	0.533380	0.328989	0.000000	0.137631
22	tsk_22	(x)	1	:	0.533380	0.338712	0.000000	0.127908
23	tsk_23	(x)	1	:	1.000000	0.000000	0.000000	0.000000
24	tsk_24	(x)	1	:	0.533381	0.000000	0.000001	0.466618
25	tsk_25	(x)	1	:	0.533380	0.466620	0.000000	0.000000
26	tsk_26	(x)	1	:	1.000000	0.000000	0.000000	0.000000
27	tsk_27	(x)	1	:	1.000000	0.000000	0.000000	0.000000
28	tsk_28	(x)	1	:	1.000000	0.000000	0.000000	0.000000
29	tsk_29	(x)	1	:	1.000000	0.000000	0.000000	0.000000
