logL = -101.803179 (converged)
AIC = 291.606359
BIC = 353.259043

count.K
21 9 

