logL = -35.730547 (converged)
AIC = 391.461094
BIC = 615.652675

count.K
2 19 5 3 1 

