logL = -53.017494 (converged)
AIC = 268.034989
BIC = 381.531977

count.K
19 4 7 

