logL = -42.404584 (converged)
AIC = 228.809168
BIC = 329.695379

count.K
2 7 21 

