logL = -16.797052 (converged)
AIC = 245.594104
BIC = 394.121027

count.K
2 3 18 7 

