logL = -34.471783 (converged)
AIC = 368.943565
BIC = 579.123173

count.K
11 5 7 4 3 

