0	tsk_0	(x)	1	:	0.000000	0.000000	1.000000	0.000000
1	tsk_1	(x)	1	:	0.000000	0.013962	0.750000	0.236038
2	tsk_2	(x)	1	:	0.000000	0.000000	1.000000	0.000000
3	tsk_3	(x)	1	:	0.000000	0.000000	1.000000	0.000000
4	tsk_4	(x)	1	:	0.000000	0.000000	1.000000	0.000000
5	tsk_5	(x)	1	:	0.000000	0.000000	1.000000	0.000000
6	tsk_6	(x)	1	:	0.000000	0.000000	1.000000	0.000000
7	tsk_7	(x)	1	:	0.000000	0.000000	1.000000	0.000000
8	tsk_8	(x)	1	:	0.000000	0.000000	1.000000	0.000000
9	tsk_9	(x)	1	:	0.000000	0.176223	0.500000	0.323777
10	tsk_10	(x)	1	:	0.495661	0.000000	0.504339	0.000000
11	tsk_11	(x)	1	:	0.000000	0.000000	0.500000	0.500000
12	tsk_12	(x)	1	:	0.000000	0.000000	0.000000	1.000000
13	tsk_13	(x)	1	:	0.000000	0.886713	0.000000	0.113287
14	tsk_14	(x)	1	:	0.000000	0.886713	0.000000	0.113287
15	tsk_15	(x)	1	:	0.000000	0.754047	0.000000	0.245953
16	tsk_16	(x)	1	:	0.000000	0.781080	0.000000	0.218920
17	tsk_17	(x)	1	:	0.000000	0.419841	0.000000	0.580159
18	tsk_18	(x)	1	:	0.000000	0.526192	0.000000	0.473808
19	tsk_19	(x)	1	:	0.000000	0.604417	0.000000	0.395583
20	tsk_20	(x)	1	:	0.000000	0.838963	0.000000	0.161037
21	tsk_21	(x)	1	:	0.587647	0.000000	0.000000	0.412353
22	tsk_22	(x)	1	:	0.000000	0.602465	0.000000	0.397535
23	tsk_23	(x)	1	:	0.000000	0.711978	0.000000	0.288022
24	tsk_24	(x)	1	:	0.000000	0.700297	0.000000	0.299703
25	tsk_25	(x)	1	:	0.000000	0.718514	0.000000	0.281486
26	tsk_26	(x)	1	:	0.587329	0.412671	0.000000	0.000000
27	tsk_27	(x)	1	:	0.586363	0.112887	0.000000	0.300750
28	tsk_28	(x)	1	:	0.999975	0.000024	0.000000	0.000001
29	tsk_29	(x)	1	:	0.000000	0.419841	0.000000	0.580159
