logL = -21.702534 (converged)
AIC = 111.405069
BIC = 159.045780

count.K
14 16 

