logL = -69.462637 (converged)
AIC = 312.925275
BIC = 434.829447

count.K
6 5 19 

