logL = -63.940478 (converged)
AIC = 387.880955
BIC = 570.036615

count.K
6 15 3 6 

