logL = -57.068150 (converged)
AIC = 350.136299
BIC = 515.477590

count.K
11 9 3 7 

