logL = -63.126450 (converged)
AIC = 522.252899
BIC = 799.689981

count.K
15 3 0 6 1 5 

