logL = -19.346393 (converged)
AIC = 308.692785
BIC = 497.854432

count.K
6 7 6 1 10 

