0	tsk_0	(x)	1	:	0.000000	0.655922	0.000000	0.344078	0.000000	0.000000
1	tsk_1	(x)	1	:	0.000000	0.462742	0.000000	0.000000	0.000000	0.537258
2	tsk_2	(x)	1	:	0.000000	0.655396	0.000000	0.344604	0.000000	0.000000
3	tsk_3	(x)	1	:	0.000000	0.088720	0.159775	0.000000	0.673045	0.078460
4	tsk_4	(x)	1	:	0.000000	0.310042	0.000000	0.321312	0.000000	0.368646
5	tsk_5	(x)	1	:	0.000000	0.000000	0.000000	0.477117	0.000000	0.522883
6	tsk_6	(x)	1	:	0.000000	1.000000	0.000000	0.000000	0.000000	0.000000
7	tsk_7	(x)	1	:	0.000000	0.465516	0.000000	0.000000	0.000000	0.534484
8	tsk_8	(x)	1	:	0.000000	0.000000	0.000000	0.478268	0.000000	0.521732
9	tsk_9	(x)	1	:	0.000000	1.000000	0.000000	0.000000	0.000000	0.000000
10	tsk_10	(x)	1	:	0.000000	0.000000	0.000000	0.649579	0.000000	0.350421
11	tsk_11	(x)	1	:	0.000000	1.000000	0.000000	0.000000	0.000000	0.000000
12	tsk_12	(x)	1	:	0.000000	0.000000	0.000000	0.000000	0.000000	1.000000
13	tsk_13	(x)	1	:	0.000000	0.487709	0.000000	0.512291	0.000000	0.000000
14	tsk_14	(x)	1	:	0.000000	1.000000	0.000000	0.000000	0.000000	0.000000
15	tsk_15	(x)	1	:	0.000000	0.000000	0.000000	1.000000	0.000000	0.000000
16	tsk_16	(x)	1	:	0.000000	0.000000	0.000000	0.473881	0.000000	0.526119
17	tsk_17	(x)	1	:	0.000000	0.312367	0.000000	0.329283	0.000000	0.358351
18	tsk_18	(x)	1	:	0.000000	0.000000	0.000000	1.000000	0.000000	0.000000
19	tsk_19	(x)	1	:	0.000000	0.000000	0.000000	1.000000	0.000000	0.000000
20	tsk_20	(x)	1	:	0.000000	0.000000	1.000000	0.000000	0.000000	0.000000
21	tsk_21	(x)	1	:	0.000000	0.000000	0.000000	0.475638	0.000000	0.524361
22	tsk_22	(x)	1	:	1.000000	0.000000	0.000000	0.000000	0.000000	0.000000
23	tsk_23	(x)	1	:	0.000000	0.155379	0.147791	0.000000	0.696829	0.000000
24	tsk_24	(x)	1	:	0.000000	0.000000	0.000000	0.000000	0.985651	0.014349
25	tsk_25	(x)	1	:	0.000000	0.000000	0.138039	0.145756	0.716205	0.000000
26	tsk_26	(x)	1	:	0.000000	0.000000	0.000000	0.313855	0.000000	0.686145
27	tsk_27	(x)	1	:	0.000000	0.000000	0.143780	0.151424	0.704796	0.000000
28	tsk_28	(x)	1	:	0.000000	0.166665	0.499993	0.166662	0.000014	0.166666
29	tsk_29	(x)	1	:	0.000000	0.000000	0.000000	0.313303	0.000000	0.686697
