0	tsk_0	(x)	1	:	0.069345	0.060490	0.870164
1	tsk_1	(x)	1	:	0.277730	0.722269	0.000001
2	tsk_2	(x)	1	:	0.087648	0.042664	0.869688
3	tsk_3	(x)	1	:	0.366235	0.633763	0.000003
4	tsk_4	(x)	1	:	0.000000	0.999996	0.000004
5	tsk_5	(x)	1	:	0.999996	0.000000	0.000004
6	tsk_6	(x)	1	:	0.223632	0.776368	0.000000
7	tsk_7	(x)	1	:	0.367910	0.632084	0.000006
8	tsk_8	(x)	1	:	0.061112	0.074119	0.864769
9	tsk_9	(x)	1	:	0.367217	0.632778	0.000005
10	tsk_10	(x)	1	:	0.999994	0.000000	0.000006
11	tsk_11	(x)	1	:	0.365570	0.634429	0.000001
12	tsk_12	(x)	1	:	0.999994	0.000000	0.000006
13	tsk_13	(x)	1	:	0.633470	0.366527	0.000003
14	tsk_14	(x)	1	:	0.536826	0.463169	0.000005
15	tsk_15	(x)	1	:	0.535071	0.464927	0.000002
16	tsk_16	(x)	1	:	0.463043	0.536956	0.000001
17	tsk_17	(x)	1	:	0.056350	0.007392	0.936258
18	tsk_18	(x)	1	:	0.224759	0.775238	0.000003
19	tsk_19	(x)	1	:	0.225151	0.774845	0.000004
20	tsk_20	(x)	1	:	0.065574	0.002669	0.931757
21	tsk_21	(x)	1	:	0.463043	0.536956	0.000001
22	tsk_22	(x)	1	:	0.536826	0.463169	0.000005
23	tsk_23	(x)	1	:	0.056350	0.007392	0.936258
24	tsk_24	(x)	1	:	0.064825	0.002119	0.933056
25	tsk_25	(x)	1	:	0.366235	0.633763	0.000003
26	tsk_26	(x)	1	:	0.225151	0.774845	0.000004
27	tsk_27	(x)	1	:	0.000000	0.999996	0.000004
28	tsk_28	(x)	1	:	0.224759	0.775238	0.000003
29	tsk_29	(x)	1	:	0.065574	0.002669	0.931757
