logL = -33.081603 (converged)
AIC = 346.163205
BIC = 542.330838

count.K
19 6 1 2 2 

