logL = -83.177728 (converged)
AIC = 622.355456
BIC = 941.828459

count.K
3 0 4 9 5 9 

