logL = -59.604683 (converged)
AIC = 479.209365
BIC = 731.424894

count.K
4 6 2 4 9 5 

