logL = -42.583733 (converged)
AIC = 169.167466
BIC = 228.017756

count.K
18 12 

