logL = -159.351047 (converged)
AIC = 698.702094
BIC = 964.929597

count.K
8 3 9 7 3 

