logL = -35.882417 (converged)
AIC = 155.764833
BIC = 214.615123

count.K
5 25 

