logL = -38.817876 (converged)
AIC = 347.635752
BIC = 536.797399

count.K
11 8 8 1 2 

