0	tsk_0	(x)	1	:	0.000000	0.504226	0.000001	0.495773
1	tsk_1	(x)	1	:	0.000000	0.379863	0.000001	0.620137
2	tsk_2	(x)	1	:	0.000000	0.000118	0.000000	0.999882
3	tsk_3	(x)	1	:	0.000000	0.137192	0.480654	0.382154
4	tsk_4	(x)	1	:	0.000000	0.277413	0.000000	0.722587
5	tsk_5	(x)	1	:	0.000000	0.137795	0.480327	0.381879
6	tsk_6	(x)	1	:	0.000000	0.379864	0.000000	0.620136
7	tsk_7	(x)	1	:	0.000000	0.000099	0.000000	0.999901
8	tsk_8	(x)	1	:	0.000000	0.000070	0.000000	0.999930
9	tsk_9	(x)	1	:	0.000000	0.379863	0.000001	0.620137
10	tsk_10	(x)	1	:	0.502284	0.020506	0.477210	0.000000
11	tsk_11	(x)	1	:	0.502222	0.020757	0.477021	0.000000
12	tsk_12	(x)	1	:	0.503072	0.017314	0.479614	0.000000
13	tsk_13	(x)	1	:	1.000000	0.000000	0.000000	0.000000
14	tsk_14	(x)	1	:	0.502756	0.018593	0.478651	0.000000
15	tsk_15	(x)	1	:	1.000000	0.000000	0.000000	0.000000
16	tsk_16	(x)	1	:	0.000000	0.000001	0.999999	0.000000
17	tsk_17	(x)	1	:	1.000000	0.000000	0.000000	0.000000
18	tsk_18	(x)	1	:	0.447676	0.000134	0.552190	0.000000
19	tsk_19	(x)	1	:	1.000000	0.000000	0.000000	0.000000
20	tsk_20	(x)	1	:	0.000000	0.999997	0.000003	0.000000
21	tsk_21	(x)	1	:	0.000000	1.000000	0.000000	0.000000
22	tsk_22	(x)	1	:	0.000000	0.999999	0.000001	0.000000
23	tsk_23	(x)	1	:	0.000000	0.999999	0.000001	0.000000
24	tsk_24	(x)	1	:	0.000000	0.999998	0.000002	0.000000
25	tsk_25	(x)	1	:	0.000000	0.999995	0.000005	0.000000
26	tsk_26	(x)	1	:	0.000000	0.999999	0.000001	0.000000
27	tsk_27	(x)	1	:	0.000000	0.999998	0.000002	0.000000
28	tsk_28	(x)	1	:	0.000000	0.999998	0.000002	0.000000
29	tsk_29	(x)	1	:	0.000000	0.999995	0.000005	0.000000
