logL = -54.533010 (converged)
AIC = 505.066021
BIC = 782.503102

count.K
14 0 3 10 1 2 

