logL = -47.173094 (converged)
AIC = 502.346188
BIC = 788.190454

count.K
4 7 7 3 6 3 

