logL = -85.084997 (converged)
AIC = 454.169993
BIC = 653.140021

count.K
7 4 15 4 

