logL = -73.181923 (converged)
AIC = 250.363847
BIC = 323.226111

count.K
23 7 

