logL = -34.360743 (converged)
AIC = 212.721485
BIC = 313.607697

count.K
10 12 8 

