logL = -72.238138 (converged)
AIC = 318.476275
BIC = 440.380447

count.K
15 8 7 

