logL = -45.175755 (converged)
AIC = 240.351510
BIC = 345.441313

count.K
15 7 8 

