0	tsk_0	(x)	1	:	0.000000	0.000000	1.000000	0.000000	0.000000
1	tsk_1	(x)	1	:	0.000000	0.000000	1.000000	0.000000	0.000000
2	tsk_2	(x)	1	:	0.000000	0.000000	1.000000	0.000000	0.000000
3	tsk_3	(x)	1	:	0.000000	0.000000	1.000000	0.000000	0.000000
4	tsk_4	(x)	1	:	0.000000	0.000000	1.000000	0.000000	0.000000
5	tsk_5	(x)	1	:	0.000000	0.683940	0.316060	0.000000	0.000000
6	tsk_6	(x)	1	:	0.000000	0.683917	0.316083	0.000000	0.000000
7	tsk_7	(x)	1	:	0.000000	0.683937	0.316063	0.000000	0.000000
8	tsk_8	(x)	1	:	0.000000	0.999996	0.000004	0.000000	0.000000
9	tsk_9	(x)	1	:	0.000000	0.683921	0.316079	0.000000	0.000000
10	tsk_10	(x)	1	:	0.500001	0.000000	0.092755	0.407241	0.000004
11	tsk_11	(x)	1	:	0.499856	0.000000	0.500144	0.000000	0.000000
12	tsk_12	(x)	1	:	0.999988	0.000000	0.000000	0.000000	0.000012
13	tsk_13	(x)	1	:	0.000000	0.000000	0.000000	1.000000	0.000000
14	tsk_14	(x)	1	:	0.000000	0.000000	0.000000	1.000000	0.000000
15	tsk_15	(x)	1	:	0.999997	0.000000	0.000000	0.000000	0.000003
16	tsk_16	(x)	1	:	0.499998	0.000000	0.500001	0.000000	0.000001
17	tsk_17	(x)	1	:	0.000000	0.000000	0.000000	1.000000	0.000000
18	tsk_18	(x)	1	:	0.999999	0.000000	0.000000	0.000000	0.000001
19	tsk_19	(x)	1	:	0.499998	0.000000	0.500001	0.000000	0.000001
20	tsk_20	(x)	1	:	0.458811	0.000000	0.000000	0.541149	0.000041
21	tsk_21	(x)	1	:	0.999998	0.000000	0.000000	0.000000	0.000002
22	tsk_22	(x)	1	:	0.000000	0.000000	0.000000	1.000000	0.000000
23	tsk_23	(x)	1	:	0.458761	0.000000	0.000022	0.541169	0.000049
24	tsk_24	(x)	1	:	0.458525	0.000000	0.000037	0.541326	0.000112
25	tsk_25	(x)	1	:	0.000000	0.000000	0.000000	1.000000	0.000000
26	tsk_26	(x)	1	:	0.999994	0.000000	0.000000	0.000000	0.000006
27	tsk_27	(x)	1	:	0.458690	0.000000	0.000029	0.541215	0.000066
28	tsk_28	(x)	1	:	0.000000	0.000000	0.000000	0.000000	1.000000
29	tsk_29	(x)	1	:	0.458806	0.000000	0.000025	0.541135	0.000035
