logL = -19.825810 (converged)
AIC = 243.651620
BIC = 386.573753

count.K
4 11 8 7 

