logL = -138.147250 (converged)
AIC = 372.294500
BIC = 439.551975

count.K
16 14 

