logL = -54.133464 (converged)
AIC = 264.266929
BIC = 373.560325

count.K
3 3 24 

