logL = -18.884877 (converged)
AIC = 249.769754
BIC = 398.296676

count.K
8 15 2 5 

