logL = -135.918704 (converged)
AIC = 603.837408
BIC = 836.436173

count.K
12 6 10 2 

