logL = -36.043660 (converged)
AIC = 420.087320
BIC = 663.895664

count.K
5 1 8 14 1 1 

