logL = -49.613540 (converged)
AIC = 335.227080
BIC = 500.568371

count.K
4 1 6 19 

