logL = -11.840850 (converged)
AIC = 283.681700
BIC = 465.837359

count.K
4 5 10 2 9 

