logL = -129.911212 (converged)
AIC = 355.822425
BIC = 423.079899

count.K
7 23 

