logL = -16.318608 (converged)
AIC = 368.637215
BIC = 604.038375

count.K
7 6 6 4 1 6 

