logL = -66.725944 (converged)
AIC = 301.451888
BIC = 419.152468

count.K
17 4 9 

