logL = -70.974874 (converged)
AIC = 309.949748
BIC = 427.650328

count.K
12 4 14 

