logL = -78.377119 (converged)
AIC = 256.754238
BIC = 326.814107

count.K
6 24 

