0	tsk_0	(x)	1	:	0.061334	0.000000	0.500062	0.307015	0.131588
1	tsk_1	(x)	1	:	0.559837	0.000000	0.000000	0.310058	0.130105
2	tsk_2	(x)	1	:	0.000000	0.000000	1.000000	0.000000	0.000000
3	tsk_3	(x)	1	:	0.417610	0.000000	0.000000	0.221592	0.360798
4	tsk_4	(x)	1	:	0.000000	0.000000	1.000000	0.000000	0.000000
5	tsk_5	(x)	1	:	0.028437	0.000000	0.500193	0.313440	0.157930
6	tsk_6	(x)	1	:	0.252155	0.000000	0.000000	0.289161	0.458685
7	tsk_7	(x)	1	:	0.393956	0.000000	0.000000	0.125984	0.480060
8	tsk_8	(x)	1	:	0.640342	0.000000	0.000000	0.000000	0.359658
9	tsk_9	(x)	1	:	0.035212	0.000000	0.500032	0.291368	0.173387
10	tsk_10	(x)	1	:	0.462324	0.000000	0.000000	0.275025	0.262651
11	tsk_11	(x)	1	:	0.610050	0.000000	0.000000	0.214034	0.175916
12	tsk_12	(x)	1	:	0.315411	0.000000	0.000000	0.087487	0.597102
13	tsk_13	(x)	1	:	0.027895	0.000000	0.500196	0.402501	0.069408
14	tsk_14	(x)	1	:	0.220555	0.000000	0.000000	0.399483	0.379962
15	tsk_15	(x)	1	:	0.522036	0.000000	0.000000	0.183137	0.294827
16	tsk_16	(x)	1	:	0.464811	0.000000	0.000000	0.000000	0.535188
17	tsk_17	(x)	1	:	0.607115	0.000000	0.000000	0.292414	0.100471
18	tsk_18	(x)	1	:	0.724702	0.000000	0.000000	0.186579	0.088718
19	tsk_19	(x)	1	:	0.399341	0.000000	0.000000	0.131970	0.468689
20	tsk_20	(x)	1	:	0.351707	0.000000	0.000000	0.247529	0.400764
21	tsk_21	(x)	1	:	0.790676	0.000000	0.000000	0.000000	0.209324
22	tsk_22	(x)	1	:	0.000077	0.999863	0.000000	0.000000	0.000059
23	tsk_23	(x)	1	:	0.000200	0.999800	0.000000	0.000000	0.000000
24	tsk_24	(x)	1	:	0.541865	0.000000	0.000000	0.045223	0.412912
25	tsk_25	(x)	1	:	0.756188	0.000000	0.000000	0.087812	0.155999
26	tsk_26	(x)	1	:	0.434325	0.000000	0.000000	0.065342	0.500334
27	tsk_27	(x)	1	:	0.400592	0.000000	0.000000	0.133577	0.465831
28	tsk_28	(x)	1	:	0.000000	0.000000	0.000000	0.475921	0.524079
29	tsk_29	(x)	1	:	0.000000	0.000000	0.500205	0.459276	0.040519
