logL = -284.410621 (converged)
AIC = 1038.821242
BIC = 1368.102627

count.K
11 5 7 2 5 

