logL = -41.552350 (converged)
AIC = 227.104700
BIC = 327.990911

count.K
8 13 9 

