logL = -36.171661 (converged)
AIC = 432.343323
BIC = 684.558851

count.K
5 6 1 4 10 4 

