logL = -150.049218 (converged)
AIC = 584.098437
BIC = 783.068465

count.K
5 13 2 10 

