logL = -26.340005 (converged)
AIC = 400.680009
BIC = 644.488354

count.K
10 5 2 1 7 5 

