logL = -18.111772 (converged)
AIC = 248.223544
BIC = 396.750467

count.K
9 17 3 1 

