logL = -35.275270 (converged)
AIC = 306.550539
BIC = 471.891830

count.K
7 13 8 2 

