0	tsk_0	(x)	1	:	0.359452	0.000000	0.000002	0.640546	0.000000	0.000000
1	tsk_1	(x)	1	:	0.442680	0.469416	0.000002	0.087903	0.000000	0.000000
2	tsk_2	(x)	1	:	0.274654	0.000000	0.000002	0.725344	0.000000	0.000000
3	tsk_3	(x)	1	:	0.193905	0.469416	0.000003	0.336675	0.000000	0.000000
4	tsk_4	(x)	1	:	0.315830	0.000000	0.000002	0.684168	0.000000	0.000000
5	tsk_5	(x)	1	:	0.472521	0.469416	0.000001	0.058062	0.000000	0.000000
6	tsk_6	(x)	1	:	0.536484	0.000000	0.000001	0.463515	0.000000	0.000000
7	tsk_7	(x)	1	:	0.000000	0.000000	0.000001	0.999999	0.000000	0.000000
8	tsk_8	(x)	1	:	0.223345	0.000000	0.000001	0.776653	0.000000	0.000000
9	tsk_9	(x)	1	:	0.432965	0.000000	0.000001	0.567034	0.000000	0.000000
10	tsk_10	(x)	1	:	0.000024	0.000000	0.000000	0.000023	0.428241	0.571712
11	tsk_11	(x)	1	:	0.191762	0.000000	0.000000	0.184550	0.000000	0.623688
12	tsk_12	(x)	1	:	0.001861	0.000000	0.988255	0.009884	0.000000	0.000000
13	tsk_13	(x)	1	:	0.005790	0.000000	0.988188	0.006022	0.000000	0.000000
14	tsk_14	(x)	1	:	0.434838	0.000000	0.000002	0.565159	0.000000	0.000000
15	tsk_15	(x)	1	:	0.534329	0.000000	0.000002	0.465670	0.000000	0.000000
16	tsk_16	(x)	1	:	0.873709	0.000000	0.000002	0.126289	0.000000	0.000000
17	tsk_17	(x)	1	:	0.000000	0.000000	0.000001	0.376298	0.000000	0.623701
18	tsk_18	(x)	1	:	0.006978	0.000000	0.988781	0.004242	0.000000	0.000000
19	tsk_19	(x)	1	:	0.255208	0.000000	0.000000	0.121085	0.000000	0.623706
20	tsk_20	(x)	1	:	0.629027	0.000000	0.000001	0.370972	0.000000	0.000000
21	tsk_21	(x)	1	:	0.999997	0.000000	0.000003	0.000000	0.000000	0.000000
22	tsk_22	(x)	1	:	0.276895	0.000000	0.000004	0.723101	0.000000	0.000000
23	tsk_23	(x)	1	:	0.047777	0.474534	0.000000	0.015621	0.000000	0.462068
24	tsk_24	(x)	1	:	0.401097	0.469416	0.000003	0.129484	0.000000	0.000000
25	tsk_25	(x)	1	:	0.848422	0.000000	0.000001	0.151577	0.000000	0.000000
26	tsk_26	(x)	1	:	0.009930	0.000000	0.000000	0.004542	0.000000	0.985528
27	tsk_27	(x)	1	:	0.362030	0.324545	0.000001	0.313424	0.000000	0.000000
28	tsk_28	(x)	1	:	0.010573	0.490244	0.000000	0.005300	0.493882	0.000000
29	tsk_29	(x)	1	:	0.000000	1.000000	0.000000	0.000000	0.000000	0.000000
