logL = -32.444606 (converged)
AIC = 448.889213
BIC = 717.919110

count.K
3 13 0 4 3 7 

