logL = -38.816248 (converged)
AIC = 357.632496
BIC = 553.800130

count.K
2 7 7 13 1 

