logL = -19.691545 (converged)
AIC = 111.383090
BIC = 161.826195

count.K
23 7 

