0	tsk_0	(x)	1	:	0.013943	0.000000	0.851508	0.134549
1	tsk_1	(x)	1	:	0.361774	0.000000	0.336901	0.301325
2	tsk_2	(x)	1	:	0.000000	0.000000	1.000000	0.000000
3	tsk_3	(x)	1	:	0.480394	0.000000	0.000000	0.519606
4	tsk_4	(x)	1	:	0.184463	0.000000	0.503523	0.312014
5	tsk_5	(x)	1	:	0.327428	0.000000	0.503523	0.169049
6	tsk_6	(x)	1	:	0.000000	0.000000	1.000000	0.000000
7	tsk_7	(x)	1	:	0.000000	0.000000	1.000000	0.000000
8	tsk_8	(x)	1	:	0.150057	0.000000	0.503523	0.346420
9	tsk_9	(x)	1	:	0.270471	0.000000	0.503523	0.226006
10	tsk_10	(x)	1	:	0.480394	0.000000	0.000000	0.519606
11	tsk_11	(x)	1	:	0.858666	0.000000	0.000000	0.141334
12	tsk_12	(x)	1	:	0.007678	0.975145	0.000000	0.017177
13	tsk_13	(x)	1	:	0.014549	0.969026	0.000000	0.016426
14	tsk_14	(x)	1	:	0.713601	0.000000	0.000000	0.286399
15	tsk_15	(x)	1	:	0.554401	0.000000	0.000000	0.445599
16	tsk_16	(x)	1	:	0.891528	0.000000	0.000000	0.108472
17	tsk_17	(x)	1	:	0.581232	0.000000	0.000000	0.418768
18	tsk_18	(x)	1	:	0.553226	0.000000	0.000000	0.446774
19	tsk_19	(x)	1	:	0.655059	0.000000	0.000000	0.344941
20	tsk_20	(x)	1	:	0.520767	0.000000	0.336901	0.142333
21	tsk_21	(x)	1	:	0.741871	0.000000	0.000000	0.258129
22	tsk_22	(x)	1	:	0.653692	0.000000	0.000000	0.346308
23	tsk_23	(x)	1	:	0.162275	0.750597	0.000000	0.087128
24	tsk_24	(x)	1	:	0.734533	0.000000	0.000000	0.265467
25	tsk_25	(x)	1	:	1.000000	0.000000	0.000000	0.000000
26	tsk_26	(x)	1	:	1.000000	0.000000	0.000000	0.000000
27	tsk_27	(x)	1	:	0.581232	0.000000	0.000000	0.418768
28	tsk_28	(x)	1	:	0.554401	0.000000	0.000000	0.445599
29	tsk_29	(x)	1	:	0.653915	0.000000	0.000000	0.346085
