logL = -111.794671 (converged)
AIC = 613.589342
BIC = 886.822832

count.K
3 13 5 6 3 

