logL = -88.005604 (converged)
AIC = 260.011208
BIC = 318.861498

count.K
25 5 

