logL = -82.514489 (converged)
AIC = 485.028978
BIC = 709.220559

count.K
7 3 6 6 8 

