0	tsk_0	(x)	1	:	0.301204	0.562428	0.136367	0.000000	0.000000
1	tsk_1	(x)	1	:	0.135884	0.148598	0.214890	0.001925	0.498702
2	tsk_2	(x)	1	:	0.134779	0.743359	0.121863	0.000000	0.000000
3	tsk_3	(x)	1	:	0.528499	0.000000	0.471501	0.000000	0.000000
4	tsk_4	(x)	1	:	0.000000	0.167769	0.331579	0.001999	0.498652
5	tsk_5	(x)	1	:	0.000000	0.807468	0.192532	0.000000	0.000000
6	tsk_6	(x)	1	:	0.265180	0.734820	0.000000	0.000000	0.000000
7	tsk_7	(x)	1	:	0.423063	0.390987	0.185950	0.000000	0.000000
8	tsk_8	(x)	1	:	0.321919	0.604507	0.073574	0.000000	0.000000
9	tsk_9	(x)	1	:	0.682985	0.000000	0.317015	0.000000	0.000000
10	tsk_10	(x)	1	:	0.000000	0.300326	0.216013	0.483661	0.000000
11	tsk_11	(x)	1	:	0.258149	0.500459	0.241392	0.000000	0.000000
12	tsk_12	(x)	1	:	0.208154	0.308186	0.000000	0.483661	0.000000
13	tsk_13	(x)	1	:	0.000000	0.000173	0.516168	0.483654	0.000005
14	tsk_14	(x)	1	:	0.352368	0.647632	0.000000	0.000000	0.000000
15	tsk_15	(x)	1	:	0.213121	0.127175	0.159703	0.000000	0.500000
16	tsk_16	(x)	1	:	0.164518	0.613993	0.221489	0.000000	0.000000
17	tsk_17	(x)	1	:	0.000000	0.891846	0.108154	0.000000	0.000000
18	tsk_18	(x)	1	:	0.000000	0.000000	0.000000	1.000000	0.000000
19	tsk_19	(x)	1	:	0.266056	0.250283	0.000000	0.483661	0.000000
20	tsk_20	(x)	1	:	0.369220	0.129929	0.000000	0.002612	0.498239
21	tsk_21	(x)	1	:	0.000000	0.000000	0.000000	0.000000	1.000000
22	tsk_22	(x)	1	:	0.000000	0.000000	0.000000	0.000000	1.000000
23	tsk_23	(x)	1	:	0.000000	0.000000	0.000000	0.000000	1.000000
24	tsk_24	(x)	1	:	0.000000	0.000000	0.000000	0.467500	0.532500
25	tsk_25	(x)	1	:	0.214041	0.285057	0.000000	0.002769	0.498133
26	tsk_26	(x)	1	:	0.000000	0.000000	0.000000	0.656605	0.343395
27	tsk_27	(x)	1	:	0.000000	0.000000	0.000000	0.000000	1.000000
28	tsk_28	(x)	1	:	0.000000	0.000000	0.000000	0.000000	1.000000
29	tsk_29	(x)	1	:	0.130486	0.071510	0.297433	0.001751	0.498819
