logL = -150.026949 (converged)
AIC = 408.053897
BIC = 483.718556

count.K
13 17 

