logL = -41.589555 (converged)
AIC = 503.179109
BIC = 797.430559

count.K
3 3 9 8 0 7 

