logL = -162.012696 (converged)
AIC = 522.025393
BIC = 660.743934

count.K
14 13 3 

