logL = -27.726961 (converged)
AIC = 335.453922
BIC = 531.621555

count.K
4 1 12 10 3 

