logL = -33.209463 (converged)
AIC = 376.418927
BIC = 593.604521

count.K
2 13 7 6 2 

