logL = -50.231583 (converged)
AIC = 380.463166
BIC = 576.630800

count.K
6 3 7 11 3 

