logL = -113.260345 (converged)
AIC = 418.520690
BIC = 553.035639

count.K
3 7 20 

