logL = -46.675904 (converged)
AIC = 353.351808
BIC = 535.507467

count.K
9 14 3 4 

