0	tsk_0	(x)	1	:	0.557392	0.000000	0.000000	0.442604	0.000004
1	tsk_1	(x)	1	:	0.226607	0.000000	0.500002	0.273387	0.000004
2	tsk_2	(x)	1	:	0.676788	0.000000	0.000000	0.323207	0.000005
3	tsk_3	(x)	1	:	0.387556	0.000000	0.000000	0.612436	0.000008
4	tsk_4	(x)	1	:	0.554650	0.000000	0.000000	0.445336	0.000014
5	tsk_5	(x)	1	:	0.999987	0.000001	0.000000	0.000000	0.000013
6	tsk_6	(x)	1	:	0.421450	0.000000	0.000000	0.578545	0.000005
7	tsk_7	(x)	1	:	0.504469	0.000000	0.000000	0.495525	0.000006
8	tsk_8	(x)	1	:	0.501580	0.000000	0.000000	0.498415	0.000005
9	tsk_9	(x)	1	:	0.267624	0.000000	0.000000	0.732368	0.000008
10	tsk_10	(x)	1	:	0.756711	0.000000	0.000000	0.243276	0.000013
11	tsk_11	(x)	1	:	0.688318	0.000000	0.000000	0.311680	0.000003
12	tsk_12	(x)	1	:	0.502203	0.000000	0.000000	0.497789	0.000008
13	tsk_13	(x)	1	:	0.715534	0.000000	0.000000	0.284454	0.000011
14	tsk_14	(x)	1	:	0.000000	0.999698	0.000000	0.000283	0.000019
15	tsk_15	(x)	1	:	0.416079	0.000000	0.500001	0.083918	0.000002
16	tsk_16	(x)	1	:	0.757553	0.000000	0.000000	0.242436	0.000011
17	tsk_17	(x)	1	:	0.556640	0.000000	0.000000	0.443348	0.000012
18	tsk_18	(x)	1	:	0.138126	0.000000	0.000000	0.861869	0.000005
19	tsk_19	(x)	1	:	0.265603	0.000000	0.500001	0.234394	0.000001
20	tsk_20	(x)	1	:	0.000000	0.000000	1.000000	0.000000	0.000000
21	tsk_21	(x)	1	:	0.675847	0.000000	0.000000	0.324143	0.000010
22	tsk_22	(x)	1	:	0.000000	0.000000	1.000000	0.000000	0.000000
23	tsk_23	(x)	1	:	0.388839	0.000000	0.500002	0.111156	0.000003
24	tsk_24	(x)	1	:	0.756528	0.000000	0.000000	0.243466	0.000006
25	tsk_25	(x)	1	:	0.715072	0.000000	0.000000	0.284920	0.000007
26	tsk_26	(x)	1	:	0.182784	0.000000	0.500001	0.317213	0.000002
27	tsk_27	(x)	1	:	0.000000	0.000000	0.500013	0.000000	0.499987
28	tsk_28	(x)	1	:	0.832698	0.000000	0.000000	0.167293	0.000008
29	tsk_29	(x)	1	:	0.000000	0.999698	0.000000	0.000283	0.000019
