logL = -61.791898 (converged)
AIC = 285.583796
BIC = 399.080783

count.K
4 14 12 

