logL = -64.285853 (converged)
AIC = 284.571705
BIC = 393.865101

count.K
7 7 16 

