logL = -98.288555 (converged)
AIC = 296.577109
BIC = 366.636978

count.K
7 23 

