logL = -167.382886 (converged)
AIC = 442.765772
BIC = 518.430430

count.K
4 26 

