0	tsk_0	(x)	1	:	0.000000	0.000000	0.000000	0.999988	0.000000	0.000012
1	tsk_1	(x)	1	:	0.000000	0.000000	0.000000	0.000000	0.000000	1.000000
2	tsk_2	(x)	1	:	0.000000	0.000000	0.000000	0.499935	0.000000	0.500065
3	tsk_3	(x)	1	:	0.000000	0.000000	0.000000	0.999992	0.000000	0.000008
4	tsk_4	(x)	1	:	0.000000	0.000000	0.000000	0.499925	0.000000	0.500075
5	tsk_5	(x)	1	:	0.000000	0.000000	0.000000	0.499940	0.000000	0.500060
6	tsk_6	(x)	1	:	0.000000	0.000000	0.000000	0.999988	0.000000	0.000012
7	tsk_7	(x)	1	:	0.000000	0.000000	0.000000	0.999990	0.000000	0.000010
8	tsk_8	(x)	1	:	0.000000	0.000000	0.000000	0.999985	0.000000	0.000015
9	tsk_9	(x)	1	:	0.000000	0.000000	0.000000	0.999984	0.000000	0.000015
10	tsk_10	(x)	1	:	0.000000	0.000000	0.000000	0.000000	1.000000	0.000000
11	tsk_11	(x)	1	:	0.000000	0.000000	0.000000	0.000000	1.000000	0.000000
12	tsk_12	(x)	1	:	0.000003	0.010177	0.491839	0.000003	0.497978	0.000000
13	tsk_13	(x)	1	:	0.000001	0.000000	0.000000	0.000000	0.999999	0.000000
14	tsk_14	(x)	1	:	0.000001	0.008145	0.491962	0.492376	0.007502	0.000015
15	tsk_15	(x)	1	:	0.000000	0.000000	0.000000	0.499681	0.500319	0.000000
16	tsk_16	(x)	1	:	0.609975	0.000000	0.000000	0.390025	0.000000	0.000000
17	tsk_17	(x)	1	:	0.000000	0.000000	0.000000	0.000000	1.000000	0.000000
18	tsk_18	(x)	1	:	0.000026	0.010140	0.491870	0.000001	0.497963	0.000000
19	tsk_19	(x)	1	:	0.000003	0.000000	0.000000	0.000002	0.999996	0.000000
20	tsk_20	(x)	1	:	0.000000	1.000000	0.000000	0.000000	0.000000	0.000000
21	tsk_21	(x)	1	:	0.000107	0.007552	0.493458	0.000000	0.000112	0.498771
22	tsk_22	(x)	1	:	0.000000	0.500015	0.499985	0.000000	0.000000	0.000000
23	tsk_23	(x)	1	:	0.000003	0.010602	0.491496	0.000000	0.497898	0.000000
24	tsk_24	(x)	1	:	0.000000	0.000015	0.999985	0.000000	0.000000	0.000000
25	tsk_25	(x)	1	:	0.000000	1.000000	0.000000	0.000000	0.000000	0.000000
26	tsk_26	(x)	1	:	0.000027	0.010559	0.491533	0.000001	0.497880	0.000000
27	tsk_27	(x)	1	:	0.000020	0.010033	0.491955	0.000001	0.497990	0.000000
28	tsk_28	(x)	1	:	0.000000	0.500015	0.499985	0.000000	0.000000	0.000000
29	tsk_29	(x)	1	:	0.460210	0.040879	0.498379	0.000519	0.000013	0.000000
