logL = -31.490703 (converged)
AIC = 138.981406
BIC = 192.226907

count.K
7 23 

