logL = -32.091517 (converged)
AIC = 424.183033
BIC = 676.398562

count.K
3 2 2 6 10 7 

