0	tsk_0	(x)	1	:	0.000000	0.000000	0.000000	1.000000	0.000000
1	tsk_1	(x)	1	:	0.059280	0.000000	0.440720	0.000000	0.500000
2	tsk_2	(x)	1	:	0.000000	0.000000	0.000000	1.000000	0.000000
3	tsk_3	(x)	1	:	0.000000	0.519601	0.000000	0.000000	0.480399
4	tsk_4	(x)	1	:	0.000000	0.502498	0.000000	0.497502	0.000000
5	tsk_5	(x)	1	:	0.000000	0.000000	0.000000	0.499998	0.500002
6	tsk_6	(x)	1	:	0.516583	0.000000	0.483417	0.000000	0.000000
7	tsk_7	(x)	1	:	0.000000	0.000000	0.000000	0.499999	0.500001
8	tsk_8	(x)	1	:	0.000000	0.000000	0.000000	1.000000	0.000000
9	tsk_9	(x)	1	:	0.425078	0.000000	0.074922	0.500000	0.000000
10	tsk_10	(x)	1	:	0.502230	0.000000	0.497770	0.000000	0.000000
11	tsk_11	(x)	1	:	0.408840	0.000000	0.591160	0.000000	0.000000
12	tsk_12	(x)	1	:	0.698092	0.000000	0.301908	0.000000	0.000000
13	tsk_13	(x)	1	:	0.641935	0.000000	0.358065	0.000000	0.000000
14	tsk_14	(x)	1	:	0.577945	0.000000	0.422055	0.000000	0.000000
15	tsk_15	(x)	1	:	0.845452	0.000000	0.154548	0.000000	0.000000
16	tsk_16	(x)	1	:	0.677059	0.000000	0.322941	0.000000	0.000000
17	tsk_17	(x)	1	:	0.407892	0.000000	0.592108	0.000000	0.000000
18	tsk_18	(x)	1	:	0.774473	0.000000	0.225527	0.000000	0.000000
19	tsk_19	(x)	1	:	0.524319	0.000000	0.475681	0.000000	0.000000
20	tsk_20	(x)	1	:	0.000000	0.000000	0.000000	0.000000	1.000000
21	tsk_21	(x)	1	:	0.000000	0.000000	0.000000	0.000000	1.000000
22	tsk_22	(x)	1	:	0.000000	0.000000	0.500000	0.000000	0.500000
23	tsk_23	(x)	1	:	0.503133	0.000000	0.496866	0.000000	0.000000
24	tsk_24	(x)	1	:	0.247977	0.000000	0.252023	0.000000	0.500000
25	tsk_25	(x)	1	:	0.120092	0.000000	0.379908	0.000000	0.500000
26	tsk_26	(x)	1	:	0.000000	0.000001	0.000000	0.000000	0.999999
27	tsk_27	(x)	1	:	0.134072	0.000000	0.365927	0.000000	0.500000
28	tsk_28	(x)	1	:	0.193698	0.000000	0.306302	0.000000	0.500000
29	tsk_29	(x)	1	:	0.000000	0.000000	0.000000	0.000000	1.000000
