logL = -146.734544 (converged)
AIC = 401.469088
BIC = 477.133747

count.K
14 16 

