logL = -88.698498 (converged)
AIC = 445.396996
BIC = 633.157445

count.K
3 13 4 10 

