logL = -54.044541 (converged)
AIC = 264.089082
BIC = 373.382478

count.K
16 13 1 

