logL = -8.317785 (converged)
AIC = 276.635571
BIC = 458.791230

count.K
0 7 6 13 4 

