logL = -57.995749 (converged)
AIC = 265.991498
BIC = 371.081302

count.K
15 9 6 

