logL = -31.578363 (converged)
AIC = 275.156725
BIC = 423.683648

count.K
11 2 8 9 

