logL = -105.543779 (converged)
AIC = 307.087559
BIC = 374.345033

count.K
9 21 

