logL = -66.848828 (converged)
AIC = 209.697656
BIC = 262.943157

count.K
22 8 

