logL = -52.254378 (converged)
AIC = 356.508755
BIC = 533.059625

count.K
7 4 15 4 

