0	tsk_0	(x)	1	:	0.000000	0.000000	0.000000	1.000000
1	tsk_1	(x)	1	:	0.523304	0.000000	0.476696	0.000000
2	tsk_2	(x)	1	:	0.260963	0.238901	0.000235	0.499901
3	tsk_3	(x)	1	:	0.146810	0.353039	0.000259	0.499893
4	tsk_4	(x)	1	:	0.000000	0.000000	0.476291	0.523709
5	tsk_5	(x)	1	:	0.666059	0.333941	0.000000	0.000000
6	tsk_6	(x)	1	:	0.090802	0.432502	0.476696	0.000000
7	tsk_7	(x)	1	:	0.356113	0.143738	0.000254	0.499895
8	tsk_8	(x)	1	:	0.000000	0.000000	0.000000	1.000000
9	tsk_9	(x)	1	:	0.250931	0.250058	0.000437	0.498574
10	tsk_10	(x)	1	:	0.271787	0.728213	0.000000	0.000000
11	tsk_11	(x)	1	:	0.659829	0.340171	0.000000	0.000000
12	tsk_12	(x)	1	:	0.174049	0.825951	0.000000	0.000000
13	tsk_13	(x)	1	:	0.660836	0.339164	0.000000	0.000000
14	tsk_14	(x)	1	:	0.983798	0.016202	0.000000	0.000000
15	tsk_15	(x)	1	:	0.184826	0.338477	0.476696	0.000000
16	tsk_16	(x)	1	:	0.840623	0.159377	0.000000	0.000000
17	tsk_17	(x)	1	:	0.949601	0.050399	0.000000	0.000000
18	tsk_18	(x)	1	:	0.660836	0.339164	0.000000	0.000000
19	tsk_19	(x)	1	:	0.533516	0.466484	0.000000	0.000000
20	tsk_20	(x)	1	:	0.402012	0.121292	0.476696	0.000000
21	tsk_21	(x)	1	:	0.000000	0.000000	1.000000	0.000000
22	tsk_22	(x)	1	:	0.672661	0.327339	0.000000	0.000000
23	tsk_23	(x)	1	:	0.239960	0.169318	0.590722	0.000000
24	tsk_24	(x)	1	:	0.523304	0.000000	0.476696	0.000000
25	tsk_25	(x)	1	:	0.153335	0.369969	0.476696	0.000000
26	tsk_26	(x)	1	:	0.000000	0.000000	1.000000	0.000000
27	tsk_27	(x)	1	:	0.000000	0.000000	1.000000	0.000000
28	tsk_28	(x)	1	:	0.000000	0.000000	1.000000	0.000000
29	tsk_29	(x)	1	:	0.000000	0.000000	1.000000	0.000000
