logL = -44.548289 (converged)
AIC = 165.096579
BIC = 218.342079

count.K
25 5 

