0	tsk_0	(x)	1	:	0.209362	0.624867	0.000000	0.000139	0.000000	0.165633
1	tsk_1	(x)	1	:	0.000088	0.999841	0.000039	0.000022	0.000000	0.000011
2	tsk_2	(x)	1	:	0.000000	0.000000	0.000002	0.999997	0.000000	0.000000
3	tsk_3	(x)	1	:	0.000000	0.000000	0.000000	1.000000	0.000000	0.000000
4	tsk_4	(x)	1	:	0.192690	0.000000	0.000000	0.000002	0.000000	0.807308
5	tsk_5	(x)	1	:	0.000000	0.000000	0.000002	0.999998	0.000000	0.000000
6	tsk_6	(x)	1	:	0.000000	0.000000	0.000000	1.000000	0.000000	0.000000
7	tsk_7	(x)	1	:	0.000004	0.000000	0.000001	0.999995	0.000000	0.000000
8	tsk_8	(x)	1	:	0.016520	0.000000	0.970548	0.000000	0.000000	0.012932
9	tsk_9	(x)	1	:	0.324750	0.624986	0.000000	0.000000	0.000000	0.050264
10	tsk_10	(x)	1	:	0.195516	0.000000	0.000000	0.000000	0.000000	0.804484
11	tsk_11	(x)	1	:	0.000000	0.000000	0.000000	0.000000	0.000000	1.000000
12	tsk_12	(x)	1	:	0.000000	0.000000	0.000000	0.000000	0.000000	1.000000
13	tsk_13	(x)	1	:	0.017692	0.000000	0.000000	0.000000	0.912226	0.070081
14	tsk_14	(x)	1	:	0.030292	0.000000	0.000000	0.000000	0.912105	0.057602
15	tsk_15	(x)	1	:	0.196599	0.000000	0.000000	0.000000	0.000000	0.803401
16	tsk_16	(x)	1	:	0.000000	0.000000	0.000000	0.000000	0.000000	1.000000
17	tsk_17	(x)	1	:	0.024279	0.000000	0.000001	0.000000	0.912648	0.063073
18	tsk_18	(x)	1	:	0.149238	0.000000	0.000000	0.000000	0.000000	0.850762
19	tsk_19	(x)	1	:	0.327153	0.000000	0.000000	0.000019	0.000000	0.672829
20	tsk_20	(x)	1	:	0.000000	0.000000	0.982167	0.000000	0.000000	0.017833
21	tsk_21	(x)	1	:	0.434816	0.000000	0.000000	0.000009	0.000000	0.565175
22	tsk_22	(x)	1	:	0.004254	0.000000	0.961215	0.000000	0.000000	0.034531
23	tsk_23	(x)	1	:	0.321000	0.000000	0.000000	0.000000	0.000000	0.679000
24	tsk_24	(x)	1	:	0.200717	0.000000	0.000000	0.000000	0.000000	0.799283
25	tsk_25	(x)	1	:	0.020764	0.000000	0.964273	0.000000	0.000000	0.014963
26	tsk_26	(x)	1	:	0.623612	0.000000	0.000000	0.000000	0.000000	0.376388
27	tsk_27	(x)	1	:	0.142022	0.000000	0.000000	0.000000	0.000000	0.857978
28	tsk_28	(x)	1	:	0.000000	0.000000	0.000000	0.000000	0.000000	1.000000
29	tsk_29	(x)	1	:	1.000000	0.000000	0.000000	0.000000	0.000000	0.000000
