0	tsk_0	(x)	1	:	0.000000	0.000000	0.751559	0.248441	0.000000
1	tsk_1	(x)	1	:	0.000000	0.000000	0.857431	0.142569	0.000000
2	tsk_2	(x)	1	:	0.000000	0.000000	0.861481	0.138519	0.000000
3	tsk_3	(x)	1	:	0.000000	0.000000	0.864246	0.135754	0.000000
4	tsk_4	(x)	1	:	0.000000	0.000000	0.601515	0.398485	0.000000
5	tsk_5	(x)	1	:	0.000000	0.000000	0.594567	0.405433	0.000000
6	tsk_6	(x)	1	:	0.494152	0.008756	0.428728	0.068365	0.000000
7	tsk_7	(x)	1	:	0.000000	0.000000	0.856290	0.143710	0.000000
8	tsk_8	(x)	1	:	0.000000	0.000000	0.440899	0.559101	0.000000
9	tsk_9	(x)	1	:	0.490784	0.013786	0.442359	0.053071	0.000000
10	tsk_10	(x)	1	:	0.191043	0.348526	0.000000	0.000000	0.460431
11	tsk_11	(x)	1	:	0.000018	0.999982	0.000000	0.000000	0.000000
12	tsk_12	(x)	1	:	0.191073	0.348756	0.000000	0.000000	0.460171
13	tsk_13	(x)	1	:	0.000010	0.999990	0.000000	0.000000	0.000000
14	tsk_14	(x)	1	:	0.033059	0.271082	0.000000	0.000002	0.695856
15	tsk_15	(x)	1	:	0.000028	0.999972	0.000000	0.000000	0.000000
16	tsk_16	(x)	1	:	0.500058	0.499941	0.000000	0.000000	0.000000
17	tsk_17	(x)	1	:	0.000011	0.999989	0.000000	0.000000	0.000000
18	tsk_18	(x)	1	:	0.000045	0.999955	0.000000	0.000000	0.000000
19	tsk_19	(x)	1	:	0.191068	0.348711	0.000000	0.000000	0.460221
20	tsk_20	(x)	1	:	1.000000	0.000000	0.000000	0.000000	0.000000
21	tsk_21	(x)	1	:	0.493833	0.009232	0.295535	0.201400	0.000000
22	tsk_22	(x)	1	:	1.000000	0.000000	0.000000	0.000000	0.000000
23	tsk_23	(x)	1	:	1.000000	0.000000	0.000000	0.000000	0.000000
24	tsk_24	(x)	1	:	0.999994	0.000006	0.000000	0.000000	0.000000
25	tsk_25	(x)	1	:	0.999976	0.000024	0.000000	0.000000	0.000000
26	tsk_26	(x)	1	:	0.494306	0.008524	0.442850	0.054319	0.000000
27	tsk_27	(x)	1	:	1.000000	0.000000	0.000000	0.000000	0.000000
28	tsk_28	(x)	1	:	1.000000	0.000000	0.000000	0.000000	0.000000
29	tsk_29	(x)	1	:	0.493447	0.009809	0.000000	0.496744	0.000000
