logL = -66.003028 (converged)
AIC = 442.006056
BIC = 659.191650

count.K
0 2 17 3 8 

