logL = -33.390637 (converged)
AIC = 142.781274
BIC = 196.026774

count.K
11 19 

