logL = -40.365394 (converged)
AIC = 230.730789
BIC = 335.820592

count.K
6 6 18 

