logL = -30.700904 (converged)
AIC = 409.401807
BIC = 653.210151

count.K
9 3 6 7 1 4 

