logL = -190.813739 (converged)
AIC = 517.627478
BIC = 612.908899

count.K
10 20 

