logL = -53.814700 (converged)
AIC = 503.629400
BIC = 781.066482

count.K
2 7 6 10 4 1 

