logL = -21.920481 (converged)
AIC = 255.840962
BIC = 404.367885

count.K
4 11 12 3 

