logL = -60.712873 (converged)
AIC = 277.425746
BIC = 386.719142

count.K
9 13 8 

