logL = -79.411166 (converged)
AIC = 434.822332
BIC = 628.187571

count.K
11 10 2 7 

