0	tsk_0	(x)	1	:	0.000000	0.261688	0.102529	0.135783	0.000002	0.499998
1	tsk_1	(x)	1	:	0.000000	0.414032	0.270637	0.315330	0.000000	0.000000
2	tsk_2	(x)	1	:	0.000000	0.208594	0.624285	0.167121	0.000000	0.000000
3	tsk_3	(x)	1	:	0.000000	0.159017	0.502137	0.338846	0.000000	0.000000
4	tsk_4	(x)	1	:	0.000000	0.211100	0.533884	0.255016	0.000000	0.000000
5	tsk_5	(x)	1	:	0.000000	0.313863	0.304398	0.381739	0.000000	0.000000
6	tsk_6	(x)	1	:	0.000000	0.000000	0.440337	0.559663	0.000000	0.000000
7	tsk_7	(x)	1	:	0.000000	0.154247	0.185441	0.160311	0.000002	0.499998
8	tsk_8	(x)	1	:	0.000000	0.497352	0.259101	0.243547	0.000000	0.000000
9	tsk_9	(x)	1	:	0.000000	0.066718	0.180405	0.252876	0.000001	0.499998
10	tsk_10	(x)	1	:	0.000000	0.057819	0.224677	0.217504	0.000001	0.499999
11	tsk_11	(x)	1	:	0.500000	0.092784	0.319858	0.087358	0.000000	0.000000
12	tsk_12	(x)	1	:	0.500000	0.024758	0.367818	0.107423	0.000000	0.000000
13	tsk_13	(x)	1	:	0.000000	0.370029	0.475371	0.154599	0.000000	0.000000
14	tsk_14	(x)	1	:	0.000000	0.386205	0.379814	0.233981	0.000000	0.000000
15	tsk_15	(x)	1	:	0.500000	0.099050	0.400950	0.000000	0.000000	0.000000
16	tsk_16	(x)	1	:	1.000000	0.000000	0.000000	0.000000	0.000000	0.000000
17	tsk_17	(x)	1	:	0.000000	0.420954	0.438148	0.140898	0.000000	0.000000
18	tsk_18	(x)	1	:	0.000000	0.547471	0.369672	0.082857	0.000000	0.000000
19	tsk_19	(x)	1	:	0.000000	0.194620	0.502234	0.303146	0.000000	0.000000
20	tsk_20	(x)	1	:	0.499996	0.000000	0.000000	0.000000	0.000002	0.500001
21	tsk_21	(x)	1	:	0.000000	0.000000	0.000000	0.000000	0.000000	1.000000
22	tsk_22	(x)	1	:	0.000000	0.000000	0.000000	0.000000	0.297863	0.702137
23	tsk_23	(x)	1	:	0.000000	0.000000	0.000000	0.000000	0.376357	0.623643
24	tsk_24	(x)	1	:	0.000000	0.000000	0.000000	0.000000	1.000000	0.000000
25	tsk_25	(x)	1	:	0.000000	0.000000	0.000000	0.000000	0.376356	0.623644
26	tsk_26	(x)	1	:	0.499997	0.000000	0.000000	0.000000	0.000002	0.500001
27	tsk_27	(x)	1	:	0.000000	0.000000	0.000000	0.000000	0.297860	0.702140
28	tsk_28	(x)	1	:	0.000000	0.000000	0.000000	0.000000	0.619289	0.380711
29	tsk_29	(x)	1	:	0.499969	0.000000	0.000000	0.000000	0.000020	0.500011
