logL = -101.495254 (converged)
AIC = 294.990509
BIC = 359.445588

count.K
16 14 

