0	tsk_0	(x)	1	:	0.191222	0.000000	0.808778	0.000000	0.000000
1	tsk_1	(x)	1	:	0.000000	0.000000	1.000000	0.000000	0.000000
2	tsk_2	(x)	1	:	1.000000	0.000000	0.000000	0.000000	0.000000
3	tsk_3	(x)	1	:	0.000000	0.000000	1.000000	0.000000	0.000000
4	tsk_4	(x)	1	:	0.099350	0.000000	0.900650	0.000000	0.000000
5	tsk_5	(x)	1	:	0.000000	0.000000	1.000000	0.000000	0.000000
6	tsk_6	(x)	1	:	0.000000	0.000000	1.000000	0.000000	0.000000
7	tsk_7	(x)	1	:	0.000000	0.000000	1.000000	0.000000	0.000000
8	tsk_8	(x)	1	:	0.500000	0.325159	0.000000	0.174841	0.000000
9	tsk_9	(x)	1	:	0.042205	0.000000	0.957795	0.000000	0.000000
10	tsk_10	(x)	1	:	0.234016	0.000000	0.765984	0.000000	0.000000
11	tsk_11	(x)	1	:	0.088222	0.000000	0.911778	0.000000	0.000000
12	tsk_12	(x)	1	:	0.086730	0.000000	0.913270	0.000000	0.000000
13	tsk_13	(x)	1	:	0.020072	0.000000	0.979928	0.000000	0.000000
14	tsk_14	(x)	1	:	0.000000	0.000000	0.000000	0.000000	1.000000
15	tsk_15	(x)	1	:	0.050713	0.000000	0.949287	0.000000	0.000000
16	tsk_16	(x)	1	:	0.000000	0.000000	0.000000	0.000000	1.000000
17	tsk_17	(x)	1	:	0.000000	0.000000	1.000000	0.000000	0.000000
18	tsk_18	(x)	1	:	0.035430	0.000000	0.964570	0.000000	0.000000
19	tsk_19	(x)	1	:	1.000000	0.000000	0.000000	0.000000	0.000000
20	tsk_20	(x)	1	:	0.321247	0.500002	0.178751	0.000000	0.000000
21	tsk_21	(x)	1	:	0.000000	1.000000	0.000000	0.000000	0.000000
22	tsk_22	(x)	1	:	0.000000	0.395670	0.000000	0.604330	0.000000
23	tsk_23	(x)	1	:	0.000000	0.235882	0.500067	0.264051	0.000000
24	tsk_24	(x)	1	:	0.000000	0.000000	0.000000	1.000000	0.000000
25	tsk_25	(x)	1	:	0.499998	0.159024	0.000000	0.340978	0.000000
26	tsk_26	(x)	1	:	0.000000	0.601142	0.000000	0.398858	0.000000
27	tsk_27	(x)	1	:	0.499998	0.159024	0.000000	0.340978	0.000000
28	tsk_28	(x)	1	:	0.000000	0.499989	0.500011	0.000000	0.000000
29	tsk_29	(x)	1	:	0.353413	0.323265	0.146585	0.176737	0.000000
