0	tsk_0	(x)	1	:	0.000000	0.000000	0.000000	1.000000	0.000000	0.000000
1	tsk_1	(x)	1	:	0.000000	0.000000	0.000000	0.999999	0.000000	0.000001
2	tsk_2	(x)	1	:	0.000000	0.000000	0.000000	1.000000	0.000000	0.000000
3	tsk_3	(x)	1	:	0.000000	0.000000	0.000000	0.999999	0.000000	0.000001
4	tsk_4	(x)	1	:	0.000000	0.116980	0.390640	0.492379	0.000000	0.000000
5	tsk_5	(x)	1	:	0.505018	0.000004	0.000093	0.494885	0.000000	0.000000
6	tsk_6	(x)	1	:	0.000000	0.049456	0.458167	0.492377	0.000000	0.000000
7	tsk_7	(x)	1	:	0.000000	0.000000	0.000000	0.999999	0.000000	0.000001
8	tsk_8	(x)	1	:	0.000000	0.000000	0.000000	0.999999	0.000000	0.000001
9	tsk_9	(x)	1	:	0.000000	0.000000	0.000000	0.999999	0.000000	0.000001
10	tsk_10	(x)	1	:	0.000000	0.000000	0.000000	0.000000	0.000000	1.000000
11	tsk_11	(x)	1	:	0.000000	0.000000	0.000000	0.000000	0.000000	1.000000
12	tsk_12	(x)	1	:	0.000000	0.000000	0.000000	0.000000	1.000000	0.000000
13	tsk_13	(x)	1	:	0.000000	0.668976	0.331024	0.000000	0.000000	0.000000
14	tsk_14	(x)	1	:	0.000000	0.162867	0.334503	0.014528	0.360039	0.128063
15	tsk_15	(x)	1	:	0.000000	0.000000	0.500000	0.000000	0.000000	0.500000
16	tsk_16	(x)	1	:	0.000000	0.000000	0.000000	0.000000	0.606444	0.393556
17	tsk_17	(x)	1	:	0.000000	0.000000	0.000000	0.000000	0.000000	1.000000
18	tsk_18	(x)	1	:	0.000000	0.000000	1.000000	0.000000	0.000000	0.000000
19	tsk_19	(x)	1	:	0.000000	0.000000	0.000000	0.000000	0.000000	1.000000
20	tsk_20	(x)	1	:	0.000000	0.334613	0.165387	0.000000	0.000000	0.500000
21	tsk_21	(x)	1	:	0.000000	0.173160	0.826840	0.000000	0.000000	0.000000
22	tsk_22	(x)	1	:	0.000000	0.115396	0.884604	0.000000	0.000000	0.000000
23	tsk_23	(x)	1	:	0.000000	0.701235	0.298765	0.000000	0.000000	0.000000
24	tsk_24	(x)	1	:	0.000000	0.000000	1.000000	0.000000	0.000000	0.000000
25	tsk_25	(x)	1	:	0.000000	0.210998	0.789002	0.000000	0.000000	0.000000
26	tsk_26	(x)	1	:	0.000000	0.476663	0.523337	0.000000	0.000000	0.000000
27	tsk_27	(x)	1	:	0.000000	0.668348	0.331652	0.000000	0.000000	0.000000
28	tsk_28	(x)	1	:	0.000000	0.460168	0.539832	0.000000	0.000000	0.000000
29	tsk_29	(x)	1	:	0.000000	0.578162	0.421838	0.000000	0.000000	0.000000
