logL = -58.481400 (converged)
AIC = 416.962801
BIC = 627.142408

count.K
8 8 3 10 1 

