logL = -44.123404 (converged)
AIC = 428.246808
BIC = 666.450363

count.K
6 9 1 6 8 

