logL = -4.159620 (converged)
AIC = 332.319240
BIC = 559.313216

count.K
2 0 6 10 6 6 

