0	tsk_0	(x)	1	:	0.500000	0.500000	0.000000	0.000000	0.000000	0.000000
1	tsk_1	(x)	1	:	0.000000	0.000000	0.000000	0.988611	0.011389	0.000000
2	tsk_2	(x)	1	:	0.000000	0.000000	0.000000	0.958479	0.041521	0.000000
3	tsk_3	(x)	1	:	0.000000	0.500000	0.000000	0.321054	0.178946	0.000000
4	tsk_4	(x)	1	:	0.500000	0.000000	0.000000	0.380664	0.119336	0.000000
5	tsk_5	(x)	1	:	1.000000	0.000000	0.000000	0.000000	0.000000	0.000000
6	tsk_6	(x)	1	:	0.000000	0.000000	0.000000	0.692572	0.307428	0.000000
7	tsk_7	(x)	1	:	0.000000	0.500000	0.000000	0.347495	0.152505	0.000000
8	tsk_8	(x)	1	:	0.499999	0.500000	0.000000	0.000000	0.000001	0.000000
9	tsk_9	(x)	1	:	0.000000	0.000000	0.000000	0.913177	0.086823	0.000000
10	tsk_10	(x)	1	:	0.000000	0.000000	0.000000	0.190693	0.809307	0.000000
11	tsk_11	(x)	1	:	0.000000	0.000000	0.000000	0.384913	0.615087	0.000000
12	tsk_12	(x)	1	:	0.000000	0.500000	0.000000	0.348882	0.151118	0.000000
13	tsk_13	(x)	1	:	0.000000	0.000000	0.000000	0.785289	0.214711	0.000000
14	tsk_14	(x)	1	:	0.000000	0.000000	0.000000	0.798716	0.201284	0.000000
15	tsk_15	(x)	1	:	0.000000	0.000000	0.000000	0.557913	0.442087	0.000000
16	tsk_16	(x)	1	:	0.000000	0.000000	0.000000	0.454906	0.545094	0.000000
17	tsk_17	(x)	1	:	0.000000	0.000000	0.000000	0.938074	0.061926	0.000000
18	tsk_18	(x)	1	:	0.000000	0.000000	0.000000	0.473856	0.526144	0.000000
19	tsk_19	(x)	1	:	0.000000	0.000000	0.000000	0.991659	0.008341	0.000000
20	tsk_20	(x)	1	:	0.000000	0.000000	0.000000	0.008596	0.000000	0.991404
21	tsk_21	(x)	1	:	0.000000	0.000000	1.000000	0.000000	0.000000	0.000000
22	tsk_22	(x)	1	:	0.000000	0.000000	1.000000	0.000000	0.000000	0.000000
23	tsk_23	(x)	1	:	0.000000	1.000000	0.000000	0.000000	0.000000	0.000000
24	tsk_24	(x)	1	:	0.000000	0.171526	0.828474	0.000000	0.000000	0.000000
25	tsk_25	(x)	1	:	0.000000	1.000000	0.000000	0.000000	0.000000	0.000000
26	tsk_26	(x)	1	:	0.000000	0.172109	0.827891	0.000000	0.000000	0.000000
27	tsk_27	(x)	1	:	0.000000	0.000000	1.000000	0.000000	0.000000	0.000000
28	tsk_28	(x)	1	:	0.000000	0.000000	1.000000	0.000000	0.000000	0.000000
29	tsk_29	(x)	1	:	0.000000	0.499999	0.000000	0.500001	0.000000	0.000000
