logL = -76.243785 (converged)
AIC = 512.487570
BIC = 764.703099

count.K
2 2 10 3 13 

