logL = -18.292229 (converged)
AIC = 316.584459
BIC = 512.752092

count.K
6 2 5 11 6 

