logL = -83.230157 (converged)
AIC = 346.460314
BIC = 472.568079

count.K
17 4 9 

