logL = -50.872168 (converged)
AIC = 257.744335
BIC = 367.037731

count.K
9 6 15 

