logL = -145.459713 (converged)
AIC = 640.919426
BIC = 886.128967

count.K
17 8 2 1 2 

