logL = -31.163914 (converged)
AIC = 282.327827
BIC = 436.459539

count.K
10 6 10 4 

