logL = -36.142878 (converged)
AIC = 392.285757
BIC = 616.477338

count.K
4 14 4 8 0 

