logL = -29.265185 (converged)
AIC = 202.530369
BIC = 303.416581

count.K
20 5 5 

