0	tsk_0	(x)	1	:	0.000000	0.241159	0.000000	0.758841
1	tsk_1	(x)	1	:	0.000000	0.105016	0.000000	0.894984
2	tsk_2	(x)	1	:	0.000000	0.510163	0.489837	0.000000
3	tsk_3	(x)	1	:	0.000000	0.437195	0.000000	0.562805
4	tsk_4	(x)	1	:	0.000000	0.760828	0.000000	0.239172
5	tsk_5	(x)	1	:	0.000000	0.104995	0.000000	0.895005
6	tsk_6	(x)	1	:	0.000000	0.000000	0.000000	1.000000
7	tsk_7	(x)	1	:	0.000000	0.363199	0.000000	0.636801
8	tsk_8	(x)	1	:	0.000000	0.522879	0.000000	0.477121
9	tsk_9	(x)	1	:	0.000000	0.303244	0.000000	0.696756
10	tsk_10	(x)	1	:	0.193903	0.153162	0.000000	0.652935
11	tsk_11	(x)	1	:	0.000000	0.434356	0.000000	0.565644
12	tsk_12	(x)	1	:	0.474466	0.028815	0.000000	0.496719
13	tsk_13	(x)	1	:	0.193905	0.298431	0.000000	0.507664
14	tsk_14	(x)	1	:	0.000000	0.510163	0.489837	0.000000
15	tsk_15	(x)	1	:	0.000000	0.365145	0.000000	0.634855
16	tsk_16	(x)	1	:	0.000000	0.510163	0.489837	0.000000
17	tsk_17	(x)	1	:	0.474466	0.063684	0.000000	0.461850
18	tsk_18	(x)	1	:	0.070724	0.421287	0.507989	0.000000
19	tsk_19	(x)	1	:	0.000000	0.219803	0.000000	0.780197
20	tsk_20	(x)	1	:	1.000000	0.000000	0.000000	0.000000
21	tsk_21	(x)	1	:	0.474466	0.092574	0.000000	0.432959
22	tsk_22	(x)	1	:	0.000000	0.212840	0.000000	0.787160
23	tsk_23	(x)	1	:	0.474466	0.096097	0.000000	0.429436
24	tsk_24	(x)	1	:	0.474466	0.241918	0.000000	0.283616
25	tsk_25	(x)	1	:	0.474466	0.247152	0.000000	0.278381
26	tsk_26	(x)	1	:	0.000000	0.297114	0.000000	0.702886
27	tsk_27	(x)	1	:	0.000000	0.434356	0.000000	0.565644
28	tsk_28	(x)	1	:	0.474466	0.525534	0.000000	0.000000
29	tsk_29	(x)	1	:	0.474466	0.225218	0.000000	0.300315
