logL = -9.704072 (converged)
AIC = 343.408143
BIC = 570.402119

count.K
1 6 2 5 5 11 

