logL = -197.503341 (not converged)
AIC = 411.006681
BIC = 422.216260

count.K
30 

