logL = -99.618296 (converged)
AIC = 311.236592
BIC = 389.703645

count.K
7 23 

