logL = -42.280570 (converged)
AIC = 320.561139
BIC = 485.902430

count.K
11 6 10 3 

