logL = -79.831432 (converged)
AIC = 403.662865
BIC = 574.608945

count.K
3 6 8 13 

