logL = -52.386889 (converged)
AIC = 184.773777
BIC = 240.821673

count.K
1 29 

