logL = -368.738527 (converged)
AIC = 889.477053
BIC = 995.968054

count.K
21 9 

