logL = -31.538030 (converged)
AIC = 423.076059
BIC = 675.291588

count.K
5 3 3 7 3 9 

