logL = -58.542191 (converged)
AIC = 197.084382
BIC = 253.132277

count.K
9 21 

