logL = -20.190997 (converged)
AIC = 364.381994
BIC = 591.375970

count.K
5 8 3 9 0 5 

