logL = -82.920059 (converged)
AIC = 257.840118
BIC = 322.295198

count.K
1 29 

