logL = -70.584459 (converged)
AIC = 297.168918
BIC = 406.462313

count.K
4 5 21 

