0	tsk_0	(x)	1	:	0.000000	0.000000	0.000000	1.000000	0.000000	0.000000
1	tsk_1	(x)	1	:	0.000000	0.000000	0.000000	0.502079	0.000000	0.497921
2	tsk_2	(x)	1	:	0.169122	0.303469	0.000000	0.527325	0.000084	0.000000
3	tsk_3	(x)	1	:	0.000000	0.000000	0.000000	0.736481	0.000000	0.263519
4	tsk_4	(x)	1	:	0.000000	0.000000	0.000000	0.999997	0.000000	0.000003
5	tsk_5	(x)	1	:	0.000000	0.000000	0.000000	1.000000	0.000000	0.000000
6	tsk_6	(x)	1	:	0.000000	0.000000	0.000000	1.000000	0.000000	0.000000
7	tsk_7	(x)	1	:	0.000000	0.000000	0.000000	0.999995	0.000000	0.000005
8	tsk_8	(x)	1	:	0.000000	0.000000	0.000000	0.819304	0.000000	0.180696
9	tsk_9	(x)	1	:	0.000000	0.000000	0.000000	0.700204	0.000000	0.299796
10	tsk_10	(x)	1	:	0.000000	0.000000	0.247466	0.000000	0.752534	0.000000
11	tsk_11	(x)	1	:	0.000000	0.000000	0.347764	0.000104	0.244681	0.407451
12	tsk_12	(x)	1	:	0.000000	0.000000	0.332269	0.000000	0.667731	0.000000
13	tsk_13	(x)	1	:	0.000000	0.000000	0.325851	0.000078	0.266587	0.407483
14	tsk_14	(x)	1	:	0.000000	0.000000	0.496524	0.000000	0.503476	0.000000
15	tsk_15	(x)	1	:	0.000000	0.000000	0.656504	0.000000	0.343496	0.000000
16	tsk_16	(x)	1	:	0.000000	0.000000	0.494055	0.000000	0.505944	0.000000
17	tsk_17	(x)	1	:	0.000000	0.000000	0.496743	0.000000	0.503257	0.000000
18	tsk_18	(x)	1	:	0.000000	0.000000	0.483348	0.000000	0.516652	0.000000
19	tsk_19	(x)	1	:	0.000000	0.000000	0.794429	0.000000	0.205571	0.000000
20	tsk_20	(x)	1	:	0.136900	0.360930	0.018801	0.000000	0.077364	0.406005
21	tsk_21	(x)	1	:	0.940864	0.059136	0.000000	0.000000	0.000000	0.000000
22	tsk_22	(x)	1	:	0.955846	0.044154	0.000000	0.000000	0.000000	0.000000
23	tsk_23	(x)	1	:	0.821176	0.178824	0.000000	0.000000	0.000000	0.000000
24	tsk_24	(x)	1	:	0.968809	0.031191	0.000000	0.000000	0.000000	0.000000
25	tsk_25	(x)	1	:	0.815962	0.184038	0.000000	0.000000	0.000000	0.000000
26	tsk_26	(x)	1	:	0.886862	0.113138	0.000000	0.000000	0.000000	0.000000
27	tsk_27	(x)	1	:	0.716928	0.283072	0.000000	0.000000	0.000000	0.000000
28	tsk_28	(x)	1	:	0.942993	0.057007	0.000000	0.000000	0.000000	0.000000
29	tsk_29	(x)	1	:	0.865590	0.134410	0.000000	0.000000	0.000000	0.000000
