logL = -74.572066 (converged)
AIC = 409.144133
BIC = 591.299792

count.K
3 4 2 21 

