0	tsk_0	(x)	1	:	0.260598	0.457006	0.000000	0.000000	0.000000	0.282396
1	tsk_1	(x)	1	:	0.000000	0.502107	0.000000	0.497893	0.000000	0.000000
2	tsk_2	(x)	1	:	0.000000	0.000000	0.000000	1.000000	0.000000	0.000000
3	tsk_3	(x)	1	:	0.000000	0.496388	0.000000	0.503612	0.000000	0.000000
4	tsk_4	(x)	1	:	0.000000	0.496388	0.000000	0.503612	0.000000	0.000000
5	tsk_5	(x)	1	:	0.000000	0.000000	1.000000	0.000000	0.000000	0.000000
6	tsk_6	(x)	1	:	0.000000	0.000000	0.000000	1.000000	0.000000	0.000000
7	tsk_7	(x)	1	:	0.000000	0.000000	0.000000	1.000000	0.000000	0.000000
8	tsk_8	(x)	1	:	0.000000	0.000000	0.000000	1.000000	0.000000	0.000000
9	tsk_9	(x)	1	:	0.000000	0.496388	0.000000	0.503612	0.000000	0.000000
10	tsk_10	(x)	1	:	0.193937	0.000000	0.000000	0.000000	0.500000	0.306063
11	tsk_11	(x)	1	:	0.260341	0.000000	0.000000	0.000000	0.000000	0.739659
12	tsk_12	(x)	1	:	0.000000	0.000000	0.000000	0.481575	0.518425	0.000000
13	tsk_13	(x)	1	:	0.577280	0.000000	0.000000	0.000000	0.000000	0.422720
14	tsk_14	(x)	1	:	0.000000	0.000000	0.000000	0.000000	1.000000	0.000000
15	tsk_15	(x)	1	:	0.153484	0.000000	0.000000	0.494610	0.000000	0.351906
16	tsk_16	(x)	1	:	0.500000	0.000000	0.000000	0.000000	0.500000	0.000000
17	tsk_17	(x)	1	:	0.000000	0.000000	0.000000	0.472385	0.029610	0.498005
18	tsk_18	(x)	1	:	0.500000	0.000000	0.000000	0.000000	0.500000	0.000000
19	tsk_19	(x)	1	:	0.784143	0.000000	0.000000	0.000000	0.000000	0.215857
20	tsk_20	(x)	1	:	0.199891	0.000000	0.000000	0.494610	0.000000	0.305499
21	tsk_21	(x)	1	:	0.785457	0.000000	0.000000	0.000000	0.000000	0.214542
22	tsk_22	(x)	1	:	0.153012	0.000000	0.000000	0.472300	0.029723	0.344965
23	tsk_23	(x)	1	:	0.639620	0.000000	0.000000	0.000000	0.000000	0.360380
24	tsk_24	(x)	1	:	0.792543	0.000000	0.000000	0.000000	0.000000	0.207457
25	tsk_25	(x)	1	:	0.498364	0.000000	0.000000	0.473496	0.028140	0.000000
26	tsk_26	(x)	1	:	0.402846	0.327896	0.000000	0.000000	0.000000	0.269257
27	tsk_27	(x)	1	:	1.000000	0.000000	0.000000	0.000000	0.000000	0.000000
28	tsk_28	(x)	1	:	0.547013	0.000000	0.000000	0.000000	0.000000	0.452987
29	tsk_29	(x)	1	:	0.412318	0.000000	0.000000	0.000000	0.000000	0.587682
