logL = -41.963370 (converged)
AIC = 311.926739
BIC = 471.663241

count.K
0 5 11 14 

