logL = -221.592947 (converged)
AIC = 751.185893
BIC = 966.970290

count.K
19 0 8 3 

