logL = -81.929003 (converged)
AIC = 349.858005
BIC = 480.169362

count.K
14 12 4 

