logL = -45.572548 (converged)
AIC = 441.145096
BIC = 686.354638

count.K
5 3 1 15 6 

