0	tsk_0	(x)	1	:	0.000000	0.000000	0.136730	0.863270	0.000000	0.000000
1	tsk_1	(x)	1	:	0.000000	0.000000	0.183773	0.816227	0.000000	0.000000
2	tsk_2	(x)	1	:	0.000000	0.000000	0.188294	0.811706	0.000000	0.000000
3	tsk_3	(x)	1	:	0.000000	0.000000	0.104201	0.895799	0.000000	0.000000
4	tsk_4	(x)	1	:	0.000000	0.000000	0.174000	0.826000	0.000000	0.000000
5	tsk_5	(x)	1	:	0.000000	0.000000	0.188259	0.811741	0.000000	0.000000
6	tsk_6	(x)	1	:	0.000000	0.000000	0.051168	0.469052	0.479780	0.000000
7	tsk_7	(x)	1	:	0.000000	0.000000	0.057498	0.942502	0.000000	0.000000
8	tsk_8	(x)	1	:	0.000000	0.000000	0.094083	0.905917	0.000000	0.000000
9	tsk_9	(x)	1	:	0.000000	0.000000	0.145339	0.374881	0.479780	0.000000
10	tsk_10	(x)	1	:	0.000000	0.000000	0.135760	0.864240	0.000000	0.000000
11	tsk_11	(x)	1	:	0.626045	0.000000	0.114706	0.259250	0.000000	0.000000
12	tsk_12	(x)	1	:	0.376315	0.000000	0.418868	0.204817	0.000000	0.000000
13	tsk_13	(x)	1	:	0.000000	0.000000	0.065229	0.454991	0.479780	0.000000
14	tsk_14	(x)	1	:	0.376315	0.000000	0.460277	0.163408	0.000000	0.000000
15	tsk_15	(x)	1	:	0.000000	0.000000	0.009746	0.490254	0.000000	0.500000
16	tsk_16	(x)	1	:	0.530857	0.000000	0.312987	0.156157	0.000000	0.000000
17	tsk_17	(x)	1	:	0.530857	0.000000	0.159692	0.309452	0.000000	0.000000
18	tsk_18	(x)	1	:	0.000000	0.000018	0.000038	0.000155	0.490298	0.509491
19	tsk_19	(x)	1	:	0.521632	0.000000	0.000000	0.000000	0.000000	0.478368
20	tsk_20	(x)	1	:	0.000000	0.000000	0.101566	0.418654	0.479780	0.000000
21	tsk_21	(x)	1	:	0.000000	0.000000	0.111227	0.228251	0.660521	0.000000
22	tsk_22	(x)	1	:	0.000000	0.000005	0.183493	0.336748	0.479754	0.000000
23	tsk_23	(x)	1	:	0.000000	0.507372	0.492628	0.000000	0.000000	0.000000
24	tsk_24	(x)	1	:	0.000000	0.536064	0.000000	0.000000	0.463936	0.000000
25	tsk_25	(x)	1	:	0.000000	0.507373	0.491856	0.000771	0.000000	0.000000
26	tsk_26	(x)	1	:	0.000000	0.000000	0.027266	0.492955	0.479780	0.000000
27	tsk_27	(x)	1	:	0.294705	0.000000	0.011827	0.213081	0.480387	0.000000
28	tsk_28	(x)	1	:	0.000000	0.000000	0.000000	0.000000	1.000000	0.000000
29	tsk_29	(x)	1	:	0.000000	0.000000	0.145414	0.374807	0.479780	0.000000
