logL = -122.659029 (converged)
AIC = 545.318059
BIC = 755.497666

count.K
4 5 3 18 

