logL = -29.601278 (converged)
AIC = 131.202556
BIC = 181.645661

count.K
22 8 

