logL = -60.997362 (converged)
AIC = 411.994724
BIC = 615.168344

count.K
10 9 6 2 3 

