logL = -31.518240 (converged)
AIC = 275.036481
BIC = 423.563403

count.K
8 8 6 8 

