logL = -36.044964 (converged)
AIC = 456.089929
BIC = 725.119826

count.K
2 3 7 4 12 2 

