logL = -53.575365 (converged)
AIC = 391.150729
BIC = 590.120757

count.K
3 9 3 15 

