logL = -33.796405 (converged)
AIC = 415.592811
BIC = 659.401155

count.K
2 2 9 7 2 8 

