logL = -69.266516 (converged)
AIC = 458.533032
BIC = 682.724613

count.K
14 5 3 5 3 

