0	tsk_0	(x)	1	:	0.000000	0.512876	0.000000	0.486016	0.000000	0.001107
1	tsk_1	(x)	1	:	0.000000	0.512842	0.330302	0.000000	0.000027	0.156829
2	tsk_2	(x)	1	:	0.000000	0.512826	0.369651	0.000000	0.000000	0.117523
3	tsk_3	(x)	1	:	0.000000	0.000000	0.000000	0.000000	0.000100	0.999900
4	tsk_4	(x)	1	:	0.000000	0.512825	0.253181	0.000000	0.000000	0.233994
5	tsk_5	(x)	1	:	0.000000	0.512834	0.369890	0.000000	0.000014	0.117262
6	tsk_6	(x)	1	:	0.000000	0.511348	0.002442	0.484092	0.000000	0.002117
7	tsk_7	(x)	1	:	0.000000	0.000000	1.000000	0.000000	0.000000	0.000000
8	tsk_8	(x)	1	:	0.000000	0.512826	0.372150	0.000000	0.000000	0.115024
9	tsk_9	(x)	1	:	0.000018	0.512887	0.252818	0.000000	0.000087	0.234190
10	tsk_10	(x)	1	:	0.986385	0.000000	0.006647	0.000000	0.000005	0.006964
11	tsk_11	(x)	1	:	0.000000	0.000000	0.591485	0.000000	0.000022	0.408493
12	tsk_12	(x)	1	:	0.000000	0.000000	0.000000	0.000000	0.000011	0.999989
13	tsk_13	(x)	1	:	0.000000	0.000000	0.117450	0.390899	0.000078	0.491573
14	tsk_14	(x)	1	:	0.000000	0.000000	0.242569	0.000000	0.000031	0.757400
15	tsk_15	(x)	1	:	0.000000	0.000000	0.491189	0.000000	0.000011	0.508800
16	tsk_16	(x)	1	:	0.000000	0.000000	0.743203	0.000000	0.000057	0.256740
17	tsk_17	(x)	1	:	0.000000	0.000000	0.324977	0.000000	0.000048	0.674975
18	tsk_18	(x)	1	:	0.000000	0.000000	0.242335	0.000000	0.000035	0.757630
19	tsk_19	(x)	1	:	0.000000	0.000000	0.490769	0.000000	0.000000	0.509231
20	tsk_20	(x)	1	:	0.000000	0.000000	0.743387	0.000000	0.000057	0.256557
21	tsk_21	(x)	1	:	0.000000	0.000000	0.317474	0.000000	0.000000	0.682526
22	tsk_22	(x)	1	:	0.000002	0.000000	0.001692	0.000000	0.995645	0.002661
23	tsk_23	(x)	1	:	0.000000	0.000000	0.745229	0.000000	0.000010	0.254760
24	tsk_24	(x)	1	:	0.000000	0.000000	0.491675	0.000000	0.000058	0.508267
25	tsk_25	(x)	1	:	0.000000	0.000000	0.491083	0.000000	0.000115	0.508802
26	tsk_26	(x)	1	:	0.000000	0.000000	0.798978	0.000000	0.000009	0.201013
27	tsk_27	(x)	1	:	0.000000	0.000000	0.391526	0.000000	0.000008	0.608465
28	tsk_28	(x)	1	:	0.000000	0.000000	0.325643	0.000000	0.000075	0.674282
29	tsk_29	(x)	1	:	0.000000	0.000000	1.000000	0.000000	0.000000	0.000000
