logL = -56.000873 (converged)
AIC = 432.001746
BIC = 656.193327

count.K
7 1 12 4 6 

