0	tsk_0	(x)	1	:	0.000000	0.461214	0.433537	0.000000	0.105249
1	tsk_1	(x)	1	:	0.000000	1.000000	0.000000	0.000000	0.000000
2	tsk_2	(x)	1	:	0.000000	0.000000	0.915419	0.000000	0.084581
3	tsk_3	(x)	1	:	0.000000	0.479604	0.000000	0.520396	0.000000
4	tsk_4	(x)	1	:	0.000000	0.000000	1.000000	0.000000	0.000000
5	tsk_5	(x)	1	:	0.000000	0.000000	0.710528	0.000000	0.289472
6	tsk_6	(x)	1	:	0.000000	0.000000	0.847650	0.000000	0.152350
7	tsk_7	(x)	1	:	0.000000	0.461214	0.272568	0.000000	0.266219
8	tsk_8	(x)	1	:	0.000000	0.461214	0.276224	0.000000	0.262562
9	tsk_9	(x)	1	:	0.000000	1.000000	0.000000	0.000000	0.000000
10	tsk_10	(x)	1	:	0.000000	0.385558	0.343866	0.000000	0.270576
11	tsk_11	(x)	1	:	0.000000	0.000000	0.105596	0.481321	0.413083
12	tsk_12	(x)	1	:	0.999471	0.000000	0.000000	0.000000	0.000529
13	tsk_13	(x)	1	:	0.000000	0.385559	0.000000	0.000000	0.614441
14	tsk_14	(x)	1	:	0.000000	0.000000	0.043700	0.481321	0.474979
15	tsk_15	(x)	1	:	0.000000	0.000000	0.000000	1.000000	0.000000
16	tsk_16	(x)	1	:	0.000000	0.327962	0.000000	0.672038	0.000000
17	tsk_17	(x)	1	:	0.000000	0.000000	0.792942	0.000000	0.207058
18	tsk_18	(x)	1	:	0.000000	0.000000	0.479141	0.000000	0.520859
19	tsk_19	(x)	1	:	0.570066	0.000000	0.000076	0.429839	0.000018
20	tsk_20	(x)	1	:	0.000000	0.000000	0.879997	0.000000	0.120003
21	tsk_21	(x)	1	:	0.000000	0.000000	0.783938	0.000000	0.216062
22	tsk_22	(x)	1	:	0.000000	0.000000	0.787564	0.000000	0.212436
23	tsk_23	(x)	1	:	0.000000	0.000000	0.000000	0.000000	1.000000
24	tsk_24	(x)	1	:	0.000000	0.000000	0.000000	0.000000	1.000000
25	tsk_25	(x)	1	:	0.000000	0.000000	0.846091	0.000000	0.153909
26	tsk_26	(x)	1	:	0.000000	0.000000	0.917138	0.000000	0.082862
27	tsk_27	(x)	1	:	0.000000	0.000000	0.553798	0.000000	0.446202
28	tsk_28	(x)	1	:	0.000000	0.000000	0.650157	0.000000	0.349843
29	tsk_29	(x)	1	:	0.000000	0.000000	0.933828	0.000000	0.066172
