logL = -85.085315 (converged)
AIC = 368.170630
BIC = 506.889170

count.K
21 2 7 

