logL = -121.757359 (converged)
AIC = 687.514718
BIC = 998.580537

count.K
7 4 10 3 2 4 

