logL = -162.701211 (converged)
AIC = 829.402422
BIC = 1182.504163

count.K
9 12 2 2 3 2 

