0	tsk_0	(x)	1	:	0.000000	0.999995	0.000000	0.000000	0.000000	0.000005
1	tsk_1	(x)	1	:	0.459185	0.476547	0.000000	0.000000	0.000006	0.064261
2	tsk_2	(x)	1	:	0.000000	0.999989	0.000000	0.000000	0.000000	0.000011
3	tsk_3	(x)	1	:	0.000645	0.480656	0.000000	0.449307	0.000007	0.069385
4	tsk_4	(x)	1	:	0.459715	0.477087	0.000000	0.000000	0.000000	0.063197
5	tsk_5	(x)	1	:	0.000000	0.659993	0.000000	0.000000	0.000000	0.340007
6	tsk_6	(x)	1	:	0.460618	0.000000	0.000000	0.000000	0.000000	0.539382
7	tsk_7	(x)	1	:	0.000000	0.845382	0.000000	0.154457	0.000000	0.000161
8	tsk_8	(x)	1	:	0.458757	0.476111	0.000000	0.000000	0.000010	0.065122
9	tsk_9	(x)	1	:	0.000873	0.481323	0.000000	0.449503	0.000011	0.068290
10	tsk_10	(x)	1	:	1.000000	0.000000	0.000000	0.000000	0.000000	0.000000
11	tsk_11	(x)	1	:	1.000000	0.000000	0.000000	0.000000	0.000000	0.000000
12	tsk_12	(x)	1	:	1.000000	0.000000	0.000000	0.000000	0.000000	0.000000
13	tsk_13	(x)	1	:	1.000000	0.000000	0.000000	0.000000	0.000000	0.000000
14	tsk_14	(x)	1	:	1.000000	0.000000	0.000000	0.000000	0.000000	0.000000
15	tsk_15	(x)	1	:	1.000000	0.000000	0.000000	0.000000	0.000000	0.000000
16	tsk_16	(x)	1	:	0.549015	0.000009	0.450935	0.000000	0.000002	0.000039
17	tsk_17	(x)	1	:	1.000000	0.000000	0.000000	0.000000	0.000000	0.000000
18	tsk_18	(x)	1	:	0.000000	0.000000	0.285297	0.000000	0.000000	0.714703
19	tsk_19	(x)	1	:	0.549013	0.000007	0.450933	0.000000	0.000002	0.000045
20	tsk_20	(x)	1	:	0.000001	0.000003	0.279029	0.000000	0.678974	0.041994
21	tsk_21	(x)	1	:	0.000000	0.000003	0.000000	0.000000	0.670786	0.329211
22	tsk_22	(x)	1	:	0.678432	0.002556	0.000000	0.000000	0.319005	0.000007
23	tsk_23	(x)	1	:	0.415309	0.000000	0.000000	0.000000	0.584691	0.000000
24	tsk_24	(x)	1	:	0.415310	0.000000	0.000000	0.000000	0.584690	0.000000
25	tsk_25	(x)	1	:	0.457514	0.000000	0.273061	0.000000	0.000000	0.269425
26	tsk_26	(x)	1	:	0.000001	0.000002	0.000000	0.000000	0.670597	0.329399
27	tsk_27	(x)	1	:	0.138860	0.000000	0.000000	0.325290	0.000000	0.535849
28	tsk_28	(x)	1	:	0.456872	0.000000	0.272755	0.000000	0.000000	0.270373
29	tsk_29	(x)	1	:	0.415309	0.000000	0.000000	0.000000	0.584691	0.000000
