logL = -23.736904 (converged)
AIC = 259.473808
BIC = 408.000730

count.K
4 6 19 1 

