logL = -60.956345 (converged)
AIC = 283.912690
BIC = 397.409678

count.K
8 13 9 

