0	tsk_0	(x)	1	:	1.000000	0.000000	0.000000	0.000000	0.000000
1	tsk_1	(x)	1	:	0.624748	0.000000	0.000000	0.000000	0.375252
2	tsk_2	(x)	1	:	0.845968	0.000000	0.000000	0.000000	0.154032
3	tsk_3	(x)	1	:	1.000000	0.000000	0.000000	0.000000	0.000000
4	tsk_4	(x)	1	:	0.000000	0.000000	0.000000	0.000000	1.000000
5	tsk_5	(x)	1	:	0.000000	0.000000	0.000000	0.000000	1.000000
6	tsk_6	(x)	1	:	0.001288	0.998712	0.000000	0.000000	0.000000
7	tsk_7	(x)	1	:	0.941283	0.000000	0.000000	0.000000	0.058717
8	tsk_8	(x)	1	:	0.794379	0.000000	0.000000	0.000000	0.205621
9	tsk_9	(x)	1	:	0.881159	0.000000	0.000000	0.000000	0.118841
10	tsk_10	(x)	1	:	0.000000	0.000000	0.000000	0.000000	1.000000
11	tsk_11	(x)	1	:	0.130579	0.000000	0.869421	0.000000	0.000000
12	tsk_12	(x)	1	:	0.596217	0.000000	0.000000	0.000000	0.403783
13	tsk_13	(x)	1	:	0.000000	0.999918	0.000082	0.000000	0.000000
14	tsk_14	(x)	1	:	0.762143	0.000000	0.000000	0.000000	0.237857
15	tsk_15	(x)	1	:	0.920572	0.000000	0.000000	0.000000	0.079428
16	tsk_16	(x)	1	:	0.104583	0.000000	0.000000	0.499999	0.395418
17	tsk_17	(x)	1	:	0.000000	0.000000	0.000000	0.000000	1.000000
18	tsk_18	(x)	1	:	0.251355	0.000000	0.000000	0.500000	0.248645
19	tsk_19	(x)	1	:	1.000000	0.000000	0.000000	0.000000	0.000000
20	tsk_20	(x)	1	:	0.763857	0.000000	0.000000	0.000000	0.236143
21	tsk_21	(x)	1	:	0.000000	0.000000	0.000000	0.500000	0.500000
22	tsk_22	(x)	1	:	0.860871	0.000000	0.000000	0.000000	0.139129
23	tsk_23	(x)	1	:	0.000000	0.000000	0.000000	1.000000	0.000000
24	tsk_24	(x)	1	:	0.000000	0.000000	0.000000	1.000000	0.000000
25	tsk_25	(x)	1	:	0.000000	0.000000	0.000000	1.000000	0.000000
26	tsk_26	(x)	1	:	0.000000	0.000000	0.000000	0.500000	0.500000
27	tsk_27	(x)	1	:	0.210969	0.000000	0.000000	0.500000	0.289031
28	tsk_28	(x)	1	:	0.628902	0.000000	0.000000	0.000000	0.371098
29	tsk_29	(x)	1	:	0.000000	0.000000	0.000000	1.000000	0.000000
