logL = -48.258750 (converged)
AIC = 176.517501
BIC = 232.565396

count.K
7 23 

