logL = -2.249336 (converged)
AIC = 254.498671
BIC = 429.648344

count.K
7 14 2 4 3 

