logL = -77.501279 (converged)
AIC = 329.002558
BIC = 450.906730

count.K
3 14 13 

