0	tsk_0	(x)	1	:	0.000000	0.000000	0.000000	1.000000	0.000000	0.000000
1	tsk_1	(x)	1	:	0.000000	0.000000	0.000000	1.000000	0.000000	0.000000
2	tsk_2	(x)	1	:	0.000000	0.178513	0.190114	0.631373	0.000000	0.000000
3	tsk_3	(x)	1	:	0.000000	0.100263	0.268364	0.631373	0.000000	0.000000
4	tsk_4	(x)	1	:	0.622556	0.000000	0.000000	0.377444	0.000000	0.000000
5	tsk_5	(x)	1	:	0.000000	0.000000	0.000000	1.000000	0.000000	0.000000
6	tsk_6	(x)	1	:	0.000000	0.157496	0.211131	0.631374	0.000000	0.000000
7	tsk_7	(x)	1	:	0.000000	0.002399	0.011466	0.986135	0.000000	0.000000
8	tsk_8	(x)	1	:	0.000000	0.000000	0.000000	1.000000	0.000000	0.000000
9	tsk_9	(x)	1	:	0.000000	0.254661	0.245339	0.000000	0.301076	0.198924
10	tsk_10	(x)	1	:	0.000000	0.000000	0.000000	0.000000	0.349295	0.650705
11	tsk_11	(x)	1	:	0.000000	0.000000	0.000000	0.000000	0.603994	0.396006
12	tsk_12	(x)	1	:	0.000000	0.000000	0.000000	0.000000	0.432065	0.567935
13	tsk_13	(x)	1	:	0.000000	0.000000	0.000000	0.000000	0.583266	0.416734
14	tsk_14	(x)	1	:	0.000000	0.000000	0.000000	0.000000	0.599354	0.400646
15	tsk_15	(x)	1	:	0.000000	0.000000	0.000000	1.000000	0.000000	0.000000
16	tsk_16	(x)	1	:	0.000000	0.000000	0.000000	0.000000	0.676265	0.323735
17	tsk_17	(x)	1	:	0.000000	0.000000	0.000000	0.000000	0.310848	0.689151
18	tsk_18	(x)	1	:	0.000000	0.000000	0.000000	0.000000	0.337942	0.662058
19	tsk_19	(x)	1	:	0.000000	0.000000	0.000000	0.000000	0.610903	0.389097
20	tsk_20	(x)	1	:	0.000000	0.352203	0.647797	0.000000	0.000000	0.000000
21	tsk_21	(x)	1	:	0.000000	0.321320	0.178680	0.000000	0.326321	0.173679
22	tsk_22	(x)	1	:	0.000000	0.639296	0.360704	0.000000	0.000000	0.000000
23	tsk_23	(x)	1	:	0.000000	0.517593	0.482407	0.000000	0.000000	0.000000
24	tsk_24	(x)	1	:	0.000000	0.266769	0.733231	0.000000	0.000000	0.000000
25	tsk_25	(x)	1	:	0.000000	0.176465	0.323534	0.000000	0.062611	0.437389
26	tsk_26	(x)	1	:	0.000000	0.809210	0.190790	0.000000	0.000000	0.000000
27	tsk_27	(x)	1	:	0.000000	0.000000	0.500000	0.000000	0.111225	0.388775
28	tsk_28	(x)	1	:	0.000000	0.000000	1.000000	0.000000	0.000000	0.000000
29	tsk_29	(x)	1	:	0.000000	0.287235	0.212765	0.000000	0.310607	0.189393
