logL = -48.009172 (converged)
AIC = 492.018344
BIC = 769.455425

count.K
6 7 3 11 1 2 

