logL = -85.300671 (converged)
AIC = 510.601342
BIC = 748.804897

count.K
6 2 6 6 10 

