logL = -138.293387 (converged)
AIC = 468.586773
BIC = 603.101722

count.K
13 4 13 

