logL = -20.253280 (converged)
AIC = 236.506560
BIC = 373.823904

count.K
5 12 3 10 

