0	tsk_0	(x)	1	:	0.000000	0.096507	0.446668	0.456824
1	tsk_1	(x)	1	:	0.000000	0.410579	0.589421	0.000000
2	tsk_2	(x)	1	:	0.000000	0.346688	0.000613	0.652698
3	tsk_3	(x)	1	:	0.000000	0.000000	0.543216	0.456784
4	tsk_4	(x)	1	:	0.000000	0.805822	0.194178	0.000000
5	tsk_5	(x)	1	:	0.000000	0.000003	0.000006	0.999991
6	tsk_6	(x)	1	:	0.000000	0.417041	0.582959	0.000000
7	tsk_7	(x)	1	:	0.000000	0.457195	0.542805	0.000000
8	tsk_8	(x)	1	:	0.000000	0.327933	0.672067	0.000000
9	tsk_9	(x)	1	:	0.000000	0.092412	0.450738	0.456850
10	tsk_10	(x)	1	:	1.000000	0.000000	0.000000	0.000000
11	tsk_11	(x)	1	:	0.000000	0.358296	0.641704	0.000000
12	tsk_12	(x)	1	:	0.500004	0.270565	0.229430	0.000000
13	tsk_13	(x)	1	:	0.500019	0.146121	0.353860	0.000000
14	tsk_14	(x)	1	:	1.000000	0.000000	0.000000	0.000000
15	tsk_15	(x)	1	:	0.500019	0.156656	0.343325	0.000000
16	tsk_16	(x)	1	:	0.500036	0.316965	0.182998	0.000000
17	tsk_17	(x)	1	:	0.499985	0.132692	0.367323	0.000000
18	tsk_18	(x)	1	:	0.000000	0.702361	0.297639	0.000000
19	tsk_19	(x)	1	:	0.000000	0.439272	0.560728	0.000000
20	tsk_20	(x)	1	:	0.000000	0.232051	0.767949	0.000000
21	tsk_21	(x)	1	:	0.000000	0.448116	0.551884	0.000000
22	tsk_22	(x)	1	:	0.000000	0.535553	0.464447	0.000000
23	tsk_23	(x)	1	:	0.000000	0.414193	0.585807	0.000000
24	tsk_24	(x)	1	:	0.000000	0.408008	0.591992	0.000000
25	tsk_25	(x)	1	:	0.000000	0.416887	0.583113	0.000000
26	tsk_26	(x)	1	:	0.000000	0.382020	0.617980	0.000000
27	tsk_27	(x)	1	:	0.000000	0.449503	0.550497	0.000000
28	tsk_28	(x)	1	:	0.000000	0.662332	0.337668	0.000000
29	tsk_29	(x)	1	:	0.000000	0.140814	0.859186	0.000000
