logL = -93.412091 (converged)
AIC = 274.824182
BIC = 336.476866

count.K
10 20 

