logL = -69.587904 (converged)
AIC = 415.175808
BIC = 608.541047

count.K
1 21 1 7 

