logL = -119.673025 (converged)
AIC = 449.346050
BIC = 596.471775

count.K
16 9 5 

