logL = -61.045029 (converged)
AIC = 432.090058
BIC = 649.275652

count.K
4 4 6 3 13 

