logL = -42.036410 (converged)
AIC = 404.072820
BIC = 628.264401

count.K
15 4 4 3 4 

