logL = -73.092942 (converged)
AIC = 226.185884
BIC = 282.233779

count.K
16 14 

