logL = -91.571067 (converged)
AIC = 543.142134
BIC = 795.357662

count.K
8 2 7 8 5 

