logL = -43.270136 (converged)
AIC = 376.540273
BIC = 579.713893

count.K
5 9 6 10 0 

