logL = -11.090376 (converged)
AIC = 312.180752
BIC = 515.354372

count.K
7 10 9 3 1 

