0	tsk_0	(x)	1	:	0.000000	0.500000	0.500000	0.000000	0.000000	0.000000
1	tsk_1	(x)	1	:	0.000000	0.000000	0.000000	0.000000	0.000000	1.000000
2	tsk_2	(x)	1	:	0.000000	0.500000	0.500000	0.000000	0.000000	0.000000
3	tsk_3	(x)	1	:	0.000000	0.500000	0.500000	0.000000	0.000000	0.000000
4	tsk_4	(x)	1	:	0.000000	0.000000	0.000000	0.000000	0.000000	1.000000
5	tsk_5	(x)	1	:	0.000000	0.999948	0.000000	0.000000	0.000052	0.000000
6	tsk_6	(x)	1	:	0.000000	0.999924	0.000000	0.000000	0.000076	0.000000
7	tsk_7	(x)	1	:	0.469082	0.501069	0.029824	0.000000	0.000025	0.000000
8	tsk_8	(x)	1	:	0.000000	0.999984	0.000000	0.000000	0.000016	0.000000
9	tsk_9	(x)	1	:	0.000000	0.003616	0.490391	0.505993	0.000000	0.000000
10	tsk_10	(x)	1	:	0.476083	0.506363	0.017541	0.000000	0.000014	0.000000
11	tsk_11	(x)	1	:	0.987977	0.000000	0.012023	0.000000	0.000000	0.000000
12	tsk_12	(x)	1	:	0.465855	0.000000	0.534145	0.000000	0.000000	0.000000
13	tsk_13	(x)	1	:	0.517202	0.000000	0.482798	0.000000	0.000000	0.000000
14	tsk_14	(x)	1	:	0.517192	0.000000	0.482808	0.000000	0.000000	0.000000
15	tsk_15	(x)	1	:	0.517592	0.000000	0.482408	0.000000	0.000000	0.000000
16	tsk_16	(x)	1	:	0.517133	0.000000	0.482867	0.000000	0.000000	0.000000
17	tsk_17	(x)	1	:	0.465811	0.000000	0.534189	0.000000	0.000000	0.000000
18	tsk_18	(x)	1	:	0.517166	0.000000	0.482833	0.000000	0.000000	0.000000
19	tsk_19	(x)	1	:	0.517284	0.000000	0.482716	0.000000	0.000000	0.000000
20	tsk_20	(x)	1	:	0.000000	0.088420	0.000000	0.000000	0.911580	0.000000
21	tsk_21	(x)	1	:	0.000000	0.482382	0.000000	0.517607	0.000011	0.000000
22	tsk_22	(x)	1	:	0.000000	0.091537	0.000000	0.000000	0.908463	0.000000
23	tsk_23	(x)	1	:	0.000000	0.089423	0.000000	0.000000	0.910577	0.000000
24	tsk_24	(x)	1	:	0.000000	0.087665	0.000000	0.000000	0.912335	0.000000
25	tsk_25	(x)	1	:	0.000000	0.335721	0.000000	0.000000	0.664279	0.000000
26	tsk_26	(x)	1	:	0.000000	0.090101	0.000000	0.000000	0.909899	0.000000
27	tsk_27	(x)	1	:	0.000000	0.482384	0.000000	0.517607	0.000010	0.000000
28	tsk_28	(x)	1	:	0.000000	0.999971	0.000000	0.000000	0.000029	0.000000
29	tsk_29	(x)	1	:	0.000000	0.499999	0.500001	0.000000	0.000001	0.000000
