logL = -63.065575 (converged)
AIC = 210.131150
BIC = 268.981440

count.K
17 13 

