logL = -60.597859 (converged)
AIC = 341.195719
BIC = 495.327430

count.K
6 9 11 4 

