logL = -46.024376 (converged)
AIC = 548.048751
BIC = 867.521754

count.K
1 2 3 1 20 3 

