0	tsk_0	(x)	1	:	0.000000	0.001329	0.146311	0.351707	0.006092	0.494560
1	tsk_1	(x)	1	:	0.000000	0.000000	0.484284	0.515716	0.000000	0.000000
2	tsk_2	(x)	1	:	0.000000	0.000000	0.830062	0.169938	0.000000	0.000000
3	tsk_3	(x)	1	:	0.000000	0.000000	0.830063	0.169937	0.000000	0.000000
4	tsk_4	(x)	1	:	0.000000	0.000000	0.500001	0.000000	0.499999	0.000000
5	tsk_5	(x)	1	:	0.000000	0.000000	0.484284	0.515716	0.000000	0.000000
6	tsk_6	(x)	1	:	0.000000	0.000000	0.330001	0.169962	0.500038	0.000000
7	tsk_7	(x)	1	:	0.000000	0.000000	0.484284	0.515716	0.000000	0.000000
8	tsk_8	(x)	1	:	0.000000	0.000000	0.650003	0.349997	0.000000	0.000000
9	tsk_9	(x)	1	:	0.000000	0.000000	1.000000	0.000000	0.000000	0.000000
10	tsk_10	(x)	1	:	1.000000	0.000000	0.000000	0.000000	0.000000	0.000000
11	tsk_11	(x)	1	:	0.000000	0.000000	1.000000	0.000000	0.000000	0.000000
12	tsk_12	(x)	1	:	0.509234	0.000000	0.490457	0.000000	0.000309	0.000000
13	tsk_13	(x)	1	:	0.000000	0.000000	0.500006	0.000000	0.499994	0.000000
14	tsk_14	(x)	1	:	0.491820	0.344711	0.000000	0.000000	0.008163	0.155306
15	tsk_15	(x)	1	:	0.000000	0.000000	0.500001	0.000000	0.499999	0.000000
16	tsk_16	(x)	1	:	0.000000	0.000000	0.500003	0.000000	0.499997	0.000000
17	tsk_17	(x)	1	:	1.000000	0.000000	0.000000	0.000000	0.000000	0.000000
18	tsk_18	(x)	1	:	0.000000	0.000000	1.000000	0.000000	0.000000	0.000000
19	tsk_19	(x)	1	:	0.509514	0.000000	0.490486	0.000000	0.000000	0.000000
20	tsk_20	(x)	1	:	0.000000	0.000000	0.000000	0.000000	0.000000	1.000000
21	tsk_21	(x)	1	:	0.000000	0.000000	0.146407	0.351704	0.005539	0.496350
22	tsk_22	(x)	1	:	0.518032	0.481779	0.000000	0.000000	0.000188	0.000000
23	tsk_23	(x)	1	:	0.000000	0.486777	0.000000	0.000000	0.000000	0.513223
24	tsk_24	(x)	1	:	0.000000	0.822098	0.000000	0.000000	0.000000	0.177901
25	tsk_25	(x)	1	:	0.000000	0.735589	0.000000	0.000000	0.000000	0.264411
26	tsk_26	(x)	1	:	0.000000	0.678244	0.000000	0.000000	0.000000	0.321756
27	tsk_27	(x)	1	:	0.000000	0.208015	0.000000	0.000000	0.500000	0.291985
28	tsk_28	(x)	1	:	0.517806	0.413633	0.000000	0.000000	0.000540	0.068020
29	tsk_29	(x)	1	:	0.000000	0.729713	0.000000	0.000000	0.000000	0.270287
