logL = -22.364812 (converged)
AIC = 324.729623
BIC = 520.897257

count.K
3 11 5 6 5 

