logL = -74.844872 (converged)
AIC = 545.689744
BIC = 823.126825

count.K
1 7 3 13 3 3 

