logL = -31.678283 (converged)
AIC = 343.356567
BIC = 539.524200

count.K
3 5 6 9 7 

