logL = -38.818259 (converged)
AIC = 473.636519
BIC = 751.073601

count.K
1 2 4 12 10 1 

