logL = -17.499408 (converged)
AIC = 314.998815
BIC = 511.166449

count.K
14 2 1 9 4 

