0	tsk_0	(x)	1	:	0.155593	0.284984	0.000000	0.209930	0.349494	0.000000
1	tsk_1	(x)	1	:	0.000000	0.277401	0.262367	0.219085	0.241147	0.000000
2	tsk_2	(x)	1	:	0.178139	0.000000	0.072225	0.496303	0.253333	0.000000
3	tsk_3	(x)	1	:	0.000000	1.000000	0.000000	0.000000	0.000000	0.000000
4	tsk_4	(x)	1	:	0.000000	0.000000	0.000000	1.000000	0.000000	0.000000
5	tsk_5	(x)	1	:	0.000000	0.103248	0.499997	0.396755	0.000000	0.000000
6	tsk_6	(x)	1	:	0.128315	0.124952	0.132089	0.371502	0.243142	0.000000
7	tsk_7	(x)	1	:	0.000000	0.000000	0.000000	1.000000	0.000000	0.000000
8	tsk_8	(x)	1	:	0.167804	0.099933	0.140900	0.397234	0.194130	0.000000
9	tsk_9	(x)	1	:	0.000000	0.000000	0.000000	1.000000	0.000000	0.000000
10	tsk_10	(x)	1	:	0.400152	0.000000	0.599848	0.000000	0.000000	0.000000
11	tsk_11	(x)	1	:	0.238588	0.497183	0.070546	0.000000	0.193684	0.000000
12	tsk_12	(x)	1	:	0.506979	0.000000	0.493021	0.000000	0.000000	0.000000
13	tsk_13	(x)	1	:	0.000000	0.000000	1.000000	0.000000	0.000000	0.000000
14	tsk_14	(x)	1	:	0.000000	0.000000	0.000274	0.000000	0.000000	0.999726
15	tsk_15	(x)	1	:	0.000000	0.167588	0.000000	0.325039	0.507373	0.000000
16	tsk_16	(x)	1	:	0.000000	0.000000	0.000000	0.000000	0.000000	1.000000
17	tsk_17	(x)	1	:	0.000000	0.000000	0.092507	0.493979	0.413514	0.000000
18	tsk_18	(x)	1	:	0.000000	0.000000	0.000000	1.000000	0.000000	0.000000
19	tsk_19	(x)	1	:	0.000000	0.000000	1.000000	0.000000	0.000000	0.000000
20	tsk_20	(x)	1	:	0.000000	0.000000	1.000000	0.000000	0.000000	0.000000
21	tsk_21	(x)	1	:	0.103060	0.000000	0.896940	0.000000	0.000000	0.000000
22	tsk_22	(x)	1	:	0.000000	0.000000	0.000000	0.000000	0.000000	1.000000
23	tsk_23	(x)	1	:	0.086794	0.000000	0.913206	0.000000	0.000000	0.000000
24	tsk_24	(x)	1	:	0.319234	0.000000	0.680766	0.000000	0.000000	0.000000
25	tsk_25	(x)	1	:	0.000000	0.000000	1.000000	0.000000	0.000000	0.000000
26	tsk_26	(x)	1	:	1.000000	0.000000	0.000000	0.000000	0.000000	0.000000
27	tsk_27	(x)	1	:	0.058536	0.000000	0.941464	0.000000	0.000000	0.000000
28	tsk_28	(x)	1	:	0.103060	0.000000	0.896940	0.000000	0.000000	0.000000
29	tsk_29	(x)	1	:	0.016787	0.000000	0.983213	0.000000	0.000000	0.000000
