logL = -32.419496 (converged)
AIC = 226.838991
BIC = 340.335979

count.K
12 8 10 

