0	tsk_0	(x)	1	:	0.000000	0.000000	1.000000	0.000000	0.000000
1	tsk_1	(x)	1	:	0.000000	0.000000	1.000000	0.000000	0.000000
2	tsk_2	(x)	1	:	0.262578	0.080339	0.657082	0.000000	0.000000
3	tsk_3	(x)	1	:	0.000000	0.342916	0.657083	0.000000	0.000000
4	tsk_4	(x)	1	:	0.000000	0.000000	1.000000	0.000000	0.000000
5	tsk_5	(x)	1	:	0.206780	0.324200	0.469020	0.000000	0.000000
6	tsk_6	(x)	1	:	0.000000	0.000000	1.000000	0.000000	0.000000
7	tsk_7	(x)	1	:	0.000000	0.000000	1.000000	0.000000	0.000000
8	tsk_8	(x)	1	:	0.000000	0.216826	0.469599	0.000000	0.313575
9	tsk_9	(x)	1	:	0.000000	0.000000	1.000000	0.000000	0.000000
10	tsk_10	(x)	1	:	0.556795	0.129943	0.000000	0.000000	0.313263
11	tsk_11	(x)	1	:	0.185773	0.385066	0.000000	0.000000	0.429160
12	tsk_12	(x)	1	:	0.000000	0.000000	0.000000	0.000000	1.000000
13	tsk_13	(x)	1	:	0.506326	0.493674	0.000000	0.000000	0.000000
14	tsk_14	(x)	1	:	0.000000	0.000000	0.000000	0.000000	1.000000
15	tsk_15	(x)	1	:	0.198614	0.372226	0.000000	0.000000	0.429160
16	tsk_16	(x)	1	:	0.282904	0.074009	0.000000	0.000000	0.643087
17	tsk_17	(x)	1	:	0.130180	0.440660	0.000000	0.000000	0.429160
18	tsk_18	(x)	1	:	0.212241	0.358599	0.000000	0.000000	0.429160
19	tsk_19	(x)	1	:	0.263864	0.306975	0.000000	0.000000	0.429160
20	tsk_20	(x)	1	:	0.031523	0.039731	0.000000	0.928745	0.000000
21	tsk_21	(x)	1	:	0.747898	0.252102	0.000000	0.000000	0.000000
22	tsk_22	(x)	1	:	0.925035	0.074965	0.000000	0.000000	0.000000
23	tsk_23	(x)	1	:	0.044873	0.026404	0.001562	0.927160	0.000000
24	tsk_24	(x)	1	:	0.043833	0.028184	0.000698	0.927286	0.000000
25	tsk_25	(x)	1	:	0.759277	0.240723	0.000000	0.000000	0.000000
26	tsk_26	(x)	1	:	0.747296	0.252704	0.000000	0.000000	0.000000
27	tsk_27	(x)	1	:	0.673482	0.326518	0.000000	0.000000	0.000000
28	tsk_28	(x)	1	:	0.674652	0.325348	0.000000	0.000000	0.000000
29	tsk_29	(x)	1	:	0.859198	0.140802	0.000000	0.000000	0.000000
