0	tsk_0	(x)	1	:	0.000000	0.898880	0.000000	0.101119	0.000000	0.000000
1	tsk_1	(x)	1	:	0.000000	0.676127	0.213120	0.110753	0.000000	0.000000
2	tsk_2	(x)	1	:	0.000000	0.613880	0.386120	0.000000	0.000000	0.000000
3	tsk_3	(x)	1	:	0.000000	0.000000	0.620651	0.379348	0.000000	0.000000
4	tsk_4	(x)	1	:	0.000000	0.611208	0.388792	0.000000	0.000000	0.000000
5	tsk_5	(x)	1	:	0.000000	0.000000	0.000000	1.000000	0.000000	0.000000
6	tsk_6	(x)	1	:	0.000000	0.847875	0.000000	0.152125	0.000001	0.000000
7	tsk_7	(x)	1	:	0.000000	0.385886	0.486817	0.127297	0.000000	0.000000
8	tsk_8	(x)	1	:	0.000000	0.194476	0.266136	0.000000	0.191617	0.347771
9	tsk_9	(x)	1	:	0.000000	0.385692	0.484340	0.129968	0.000000	0.000000
10	tsk_10	(x)	1	:	0.000000	0.000000	0.640864	0.359136	0.000000	0.000000
11	tsk_11	(x)	1	:	0.000000	0.578313	0.000000	0.421687	0.000000	0.000000
12	tsk_12	(x)	1	:	0.000000	0.000000	0.657097	0.342903	0.000000	0.000000
13	tsk_13	(x)	1	:	0.000000	0.383670	0.492682	0.123649	0.000000	0.000000
14	tsk_14	(x)	1	:	0.000000	0.384617	0.490302	0.125081	0.000000	0.000000
15	tsk_15	(x)	1	:	0.000000	0.608286	0.391713	0.000000	0.000002	0.000000
16	tsk_16	(x)	1	:	0.998773	0.000000	0.000000	0.001227	0.000000	0.000000
17	tsk_17	(x)	1	:	0.000000	0.000000	0.766484	0.233515	0.000000	0.000000
18	tsk_18	(x)	1	:	0.000000	0.384355	0.488448	0.127197	0.000000	0.000000
19	tsk_19	(x)	1	:	0.000000	0.497466	0.314329	0.188205	0.000000	0.000000
20	tsk_20	(x)	1	:	0.000000	0.060700	0.000000	0.391830	0.230827	0.316642
21	tsk_21	(x)	1	:	0.000000	0.000000	0.000000	0.000000	0.000115	0.999884
22	tsk_22	(x)	1	:	0.000000	0.000000	0.000000	0.000000	0.000042	0.999958
23	tsk_23	(x)	1	:	0.000000	0.000000	0.273261	0.192296	0.167513	0.366929
24	tsk_24	(x)	1	:	0.000000	0.000000	0.000000	0.000000	0.000063	0.999937
25	tsk_25	(x)	1	:	0.000000	0.074626	0.128208	0.247072	0.243630	0.306464
26	tsk_26	(x)	1	:	0.000000	0.000000	0.000000	0.000000	0.000060	0.999940
27	tsk_27	(x)	1	:	0.000000	0.034939	0.335623	0.000000	0.629438	0.000000
28	tsk_28	(x)	1	:	0.000000	0.000000	0.426345	0.000000	0.358168	0.215486
29	tsk_29	(x)	1	:	0.000000	0.060700	0.000000	0.391830	0.230827	0.316642
