logL = -59.405056 (converged)
AIC = 408.810113
BIC = 611.983733

count.K
5 12 1 5 7 

