logL = -38.816252 (converged)
AIC = 215.632504
BIC = 312.315123

count.K
12 6 12 

