logL = -53.080769 (converged)
AIC = 396.161538
BIC = 599.335158

count.K
12 2 7 7 2 

