0	tsk_0	(x)	1	:	0.000000	0.000000	0.000000	0.000000	1.000000	0.000000
1	tsk_1	(x)	1	:	0.345953	0.000000	0.345953	0.000000	0.308094	0.000000
2	tsk_2	(x)	1	:	0.346215	0.000000	0.346215	0.000000	0.307571	0.000000
3	tsk_3	(x)	1	:	0.000000	0.000000	0.532398	0.000000	0.467602	0.000000
4	tsk_4	(x)	1	:	0.000000	0.000000	1.000000	0.000000	0.000000	0.000000
5	tsk_5	(x)	1	:	1.000000	0.000000	0.000000	0.000000	0.000000	0.000000
6	tsk_6	(x)	1	:	0.000000	0.000000	0.000000	0.000000	1.000000	0.000000
7	tsk_7	(x)	1	:	0.000000	0.000000	1.000000	0.000000	0.000000	0.000000
8	tsk_8	(x)	1	:	0.346526	0.000000	0.346526	0.000000	0.306948	0.000000
9	tsk_9	(x)	1	:	0.000000	0.000000	0.697099	0.000000	0.302901	0.000000
10	tsk_10	(x)	1	:	0.000000	0.000000	1.000000	0.000000	0.000000	0.000000
11	tsk_11	(x)	1	:	0.531831	0.000000	0.000000	0.000000	0.468169	0.000000
12	tsk_12	(x)	1	:	0.318027	0.000000	0.681973	0.000000	0.000000	0.000000
13	tsk_13	(x)	1	:	0.500000	0.000000	0.500000	0.000000	0.000000	0.000000
14	tsk_14	(x)	1	:	0.328476	0.000000	0.671524	0.000000	0.000000	0.000000
15	tsk_15	(x)	1	:	0.000534	0.998938	0.000267	0.000000	0.000261	0.000000
16	tsk_16	(x)	1	:	0.530507	0.000000	0.000000	0.000000	0.469493	0.000000
17	tsk_17	(x)	1	:	0.000000	0.000000	0.702609	0.000000	0.297391	0.000000
18	tsk_18	(x)	1	:	0.254855	0.000000	0.518272	0.000000	0.226874	0.000000
19	tsk_19	(x)	1	:	0.000000	0.000000	0.531741	0.000000	0.468259	0.000000
20	tsk_20	(x)	1	:	0.000000	0.000000	0.000000	0.509000	0.491000	0.000000
21	tsk_21	(x)	1	:	0.000000	0.000000	0.000000	0.496636	0.000000	0.503363
22	tsk_22	(x)	1	:	0.207692	0.000000	0.000000	0.000000	0.276148	0.516160
23	tsk_23	(x)	1	:	0.000000	0.000000	0.281462	0.000000	0.202376	0.516161
24	tsk_24	(x)	1	:	0.533852	0.000000	0.000000	0.000000	0.466148	0.000000
25	tsk_25	(x)	1	:	0.000000	0.000000	0.000000	0.496619	0.000000	0.503381
26	tsk_26	(x)	1	:	0.000000	0.000000	0.198415	0.000000	0.285427	0.516158
27	tsk_27	(x)	1	:	0.000000	0.000000	0.692517	0.000000	0.307483	0.000000
28	tsk_28	(x)	1	:	0.209419	0.000000	0.418838	0.000000	0.371742	0.000001
29	tsk_29	(x)	1	:	0.000000	0.000000	0.000000	0.000000	1.000000	0.000000
