0	tsk_0	(x)	1	:	0.000000	0.837121	0.000000	0.162879	0.000000	0.000000
1	tsk_1	(x)	1	:	0.000000	0.833745	0.000000	0.166255	0.000000	0.000000
2	tsk_2	(x)	1	:	0.000000	0.000000	0.000000	1.000000	0.000000	0.000000
3	tsk_3	(x)	1	:	0.000000	1.000000	0.000000	0.000000	0.000000	0.000000
4	tsk_4	(x)	1	:	0.000000	0.778726	0.000000	0.221274	0.000000	0.000000
5	tsk_5	(x)	1	:	0.000000	0.433758	0.000000	0.566242	0.000000	0.000000
6	tsk_6	(x)	1	:	0.000000	0.635960	0.000000	0.364040	0.000000	0.000000
7	tsk_7	(x)	1	:	0.000000	0.445289	0.000000	0.554711	0.000000	0.000000
8	tsk_8	(x)	1	:	0.000000	0.447747	0.000000	0.552253	0.000000	0.000000
9	tsk_9	(x)	1	:	0.000000	0.000000	0.000000	1.000000	0.000000	0.000000
10	tsk_10	(x)	1	:	0.356865	0.258497	0.000000	0.241503	0.000000	0.143135
11	tsk_11	(x)	1	:	0.000000	0.485405	0.489031	0.000000	0.025564	0.000000
12	tsk_12	(x)	1	:	0.000000	0.000000	0.507297	0.000000	0.492703	0.000000
13	tsk_13	(x)	1	:	0.000000	0.000000	0.000000	0.499885	0.500115	0.000000
14	tsk_14	(x)	1	:	0.000000	0.000000	0.506456	0.000000	0.493544	0.000000
15	tsk_15	(x)	1	:	0.000000	0.278449	0.000000	0.721551	0.000000	0.000000
16	tsk_16	(x)	1	:	0.000000	0.343759	0.000000	0.656241	0.000000	0.000000
17	tsk_17	(x)	1	:	0.000000	0.000000	0.000000	0.999997	0.000003	0.000000
18	tsk_18	(x)	1	:	0.000000	0.000000	0.000000	0.000000	1.000000	0.000000
19	tsk_19	(x)	1	:	0.000000	0.315036	0.502110	0.182854	0.000000	0.000000
20	tsk_20	(x)	1	:	0.000000	0.000000	0.000000	0.000000	0.499946	0.500054
21	tsk_21	(x)	1	:	0.000000	0.000000	0.000000	0.499891	0.500109	0.000000
22	tsk_22	(x)	1	:	0.000000	0.000000	0.000000	0.000000	0.499925	0.500075
23	tsk_23	(x)	1	:	0.226467	0.500000	0.000000	0.000000	0.000000	0.273533
24	tsk_24	(x)	1	:	1.000000	0.000000	0.000000	0.000000	0.000000	0.000000
25	tsk_25	(x)	1	:	0.000000	0.000000	0.000000	0.000000	0.000000	1.000000
26	tsk_26	(x)	1	:	1.000000	0.000000	0.000000	0.000000	0.000000	0.000000
27	tsk_27	(x)	1	:	0.926937	0.000000	0.000000	0.000000	0.000000	0.073063
28	tsk_28	(x)	1	:	0.258815	0.000000	0.000000	0.000000	0.499924	0.241260
29	tsk_29	(x)	1	:	1.000000	0.000000	0.000000	0.000000	0.000000	0.000000
