logL = -78.624383 (converged)
AIC = 565.248766
BIC = 851.093032

count.K
12 9 0 0 6 3 

