logL = -66.000844 (converged)
AIC = 368.001688
BIC = 533.342979

count.K
16 3 9 2 

