logL = -79.104751 (converged)
AIC = 410.209502
BIC = 586.760372

count.K
5 8 5 12 

