logL = -29.591524 (converged)
AIC = 349.183049
BIC = 552.356669

count.K
16 2 8 2 2 

