logL = -39.887970 (converged)
AIC = 359.775939
BIC = 555.943573

count.K
7 8 2 1 12 

