logL = -32.853309 (converged)
AIC = 461.706617
BIC = 739.143699

count.K
6 5 1 6 11 1 

