logL = -32.007127 (converged)
AIC = 214.014253
BIC = 319.104057

count.K
9 12 9 

