logL = -44.187891 (converged)
AIC = 358.375782
BIC = 547.537429

count.K
3 6 8 7 6 

