logL = -89.110055 (converged)
AIC = 422.220111
BIC = 593.166191

count.K
19 8 3 0 

