logL = -40.132300 (converged)
AIC = 160.264600
BIC = 216.312495

count.K
8 22 

