logL = -82.984033 (converged)
AIC = 525.968066
BIC = 778.183595

count.K
13 2 0 10 5 

