logL = -19.547246 (converged)
AIC = 177.094492
BIC = 273.777112

count.K
14 10 6 

