logL = -51.304235 (converged)
AIC = 474.608469
BIC = 735.231182

count.K
1 1 1 3 7 17 

