logL = -27.727728 (converged)
AIC = 403.455455
BIC = 647.263800

count.K
5 6 4 8 4 3 

