logL = -25.911840 (converged)
AIC = 195.823681
BIC = 296.709892

count.K
11 14 5 

