logL = -21.702540 (converged)
AIC = 175.405080
BIC = 267.884107

count.K
4 12 14 

