logL = -33.992035 (converged)
AIC = 279.984071
BIC = 428.510993

count.K
11 7 7 5 

