logL = -34.705826 (converged)
AIC = 453.411652
BIC = 722.441550

count.K
7 6 1 5 7 4 

