logL = -12.478694 (converged)
AIC = 360.957389
BIC = 596.358549

count.K
4 1 16 1 3 5 

