logL = -31.585916 (converged)
AIC = 131.171832
BIC = 178.812543

count.K
8 22 

