logL = -19.343464 (converged)
AIC = 242.686929
BIC = 385.609062

count.K
11 7 8 4 

