logL = -39.878530 (converged)
AIC = 323.757061
BIC = 494.703141

count.K
2 13 9 6 

