logL = -110.279121 (converged)
AIC = 320.558241
BIC = 390.618110

count.K
20 10 

