logL = -88.794588 (converged)
AIC = 345.589177
BIC = 463.289757

count.K
12 12 6 

