logL = -41.242790 (converged)
AIC = 244.485580
BIC = 357.982568

count.K
7 10 13 

