logL = -337.988627 (converged)
AIC = 815.977254
BIC = 914.061071

count.K
14 16 

