logL = -36.695297 (converged)
AIC = 325.390594
BIC = 501.941464

count.K
14 6 9 1 

