logL = -64.811293 (converged)
AIC = 549.622586
BIC = 843.874036

count.K
12 7 1 1 4 5 

