logL = -20.873430 (converged)
AIC = 261.746860
BIC = 415.878572

count.K
8 7 1 14 

