logL = -41.872465 (converged)
AIC = 455.744930
BIC = 716.367643

count.K
1 11 7 5 4 2 

