0	tsk_0	(x)	1	:	0.000000	0.705113	0.000000	0.294887	0.000000	0.000000
1	tsk_1	(x)	1	:	0.000000	0.473450	0.000000	0.526550	0.000000	0.000000
2	tsk_2	(x)	1	:	0.000000	0.646481	0.000000	0.353495	0.000000	0.000023
3	tsk_3	(x)	1	:	0.000000	0.584514	0.000000	0.415486	0.000000	0.000000
4	tsk_4	(x)	1	:	0.000000	0.664108	0.000000	0.335892	0.000000	0.000000
5	tsk_5	(x)	1	:	0.000000	0.000597	0.000001	0.002930	0.000000	0.996472
6	tsk_6	(x)	1	:	0.000000	0.230763	0.000000	0.769237	0.000000	0.000000
7	tsk_7	(x)	1	:	0.000000	0.653474	0.000000	0.346526	0.000000	0.000000
8	tsk_8	(x)	1	:	0.000000	0.000000	0.000001	0.001544	0.000000	0.998455
9	tsk_9	(x)	1	:	0.000000	0.476165	0.000000	0.523835	0.000000	0.000000
10	tsk_10	(x)	1	:	0.000000	0.226768	0.000000	0.773232	0.000000	0.000000
11	tsk_11	(x)	1	:	0.000000	0.000000	0.000000	1.000000	0.000000	0.000000
12	tsk_12	(x)	1	:	0.000000	0.292337	0.000000	0.707663	0.000000	0.000000
13	tsk_13	(x)	1	:	0.000000	0.752817	0.000000	0.247183	0.000000	0.000000
14	tsk_14	(x)	1	:	0.000000	0.281706	0.000000	0.718294	0.000000	0.000000
15	tsk_15	(x)	1	:	0.000000	1.000000	0.000000	0.000000	0.000000	0.000000
16	tsk_16	(x)	1	:	0.000000	0.375179	0.000000	0.624821	0.000000	0.000000
17	tsk_17	(x)	1	:	0.000000	0.000000	0.000000	1.000000	0.000000	0.000000
18	tsk_18	(x)	1	:	0.000000	0.000000	0.000000	1.000000	0.000000	0.000000
19	tsk_19	(x)	1	:	0.000000	0.211502	0.000000	0.788498	0.000000	0.000000
20	tsk_20	(x)	1	:	0.000000	0.281706	0.000000	0.718294	0.000000	0.000000
21	tsk_21	(x)	1	:	0.501584	0.057757	0.440658	0.000000	0.000000	0.000002
22	tsk_22	(x)	1	:	0.000000	0.000000	1.000000	0.000000	0.000000	0.000000
23	tsk_23	(x)	1	:	0.000000	0.000000	1.000000	0.000000	0.000000	0.000000
24	tsk_24	(x)	1	:	0.494279	0.000139	0.000000	0.000045	0.505537	0.000000
25	tsk_25	(x)	1	:	0.000000	0.000000	1.000000	0.000000	0.000000	0.000000
26	tsk_26	(x)	1	:	0.000000	0.304289	0.000000	0.695711	0.000000	0.000000
27	tsk_27	(x)	1	:	0.000000	0.733483	0.000000	0.266492	0.000000	0.000025
28	tsk_28	(x)	1	:	1.000000	0.000000	0.000000	0.000000	0.000000	0.000000
29	tsk_29	(x)	1	:	0.000000	0.182254	0.737586	0.080160	0.000000	0.000000
