logL = -56.294765 (converged)
AIC = 200.589529
BIC = 262.242214

count.K
28 2 

