logL = -48.717165 (converged)
AIC = 173.434331
BIC = 226.679831

count.K
19 11 

