0	tsk_0	(x)	1	:	0.000000	0.000000	0.000000	1.000000	0.000000	0.000000
1	tsk_1	(x)	1	:	0.370519	0.497468	0.000000	0.000000	0.132013	0.000000
2	tsk_2	(x)	1	:	0.000000	0.528261	0.000000	0.471739	0.000000	0.000000
3	tsk_3	(x)	1	:	0.000000	0.000000	0.000000	1.000000	0.000000	0.000000
4	tsk_4	(x)	1	:	0.000000	0.419625	0.580375	0.000000	0.000000	0.000000
5	tsk_5	(x)	1	:	0.000000	0.528262	0.000000	0.471738	0.000000	0.000000
6	tsk_6	(x)	1	:	0.000000	0.000082	0.553167	0.446752	0.000000	0.000000
7	tsk_7	(x)	1	:	0.000000	0.000000	0.000000	1.000000	0.000000	0.000000
8	tsk_8	(x)	1	:	0.000000	0.000000	0.000000	1.000000	0.000000	0.000000
9	tsk_9	(x)	1	:	0.000000	0.528262	0.000000	0.471738	0.000000	0.000000
10	tsk_10	(x)	1	:	0.186250	0.000000	0.000000	0.000000	0.813750	0.000000
11	tsk_11	(x)	1	:	0.000000	0.000000	0.000000	0.000000	1.000000	0.000000
12	tsk_12	(x)	1	:	0.073686	0.014047	0.000000	0.000000	0.419296	0.492970
13	tsk_13	(x)	1	:	0.171675	0.000000	0.000000	0.000000	0.828325	0.000000
14	tsk_14	(x)	1	:	0.074287	0.000000	0.000000	0.000000	0.925713	0.000000
15	tsk_15	(x)	1	:	0.000000	0.000000	0.000000	0.000000	0.000000	1.000000
16	tsk_16	(x)	1	:	0.158251	0.000000	0.000000	0.000000	0.841749	0.000000
17	tsk_17	(x)	1	:	0.092021	0.009978	0.000000	0.000000	0.403003	0.494998
18	tsk_18	(x)	1	:	0.283007	0.012994	0.000000	0.000000	0.210501	0.493498
19	tsk_19	(x)	1	:	0.317664	0.000000	0.000000	0.000000	0.182357	0.499979
20	tsk_20	(x)	1	:	0.079311	0.000000	0.000000	0.000000	0.920689	0.000000
21	tsk_21	(x)	1	:	0.491942	0.032574	0.000000	0.470060	0.005424	0.000000
22	tsk_22	(x)	1	:	0.470768	0.000000	0.000000	0.000000	0.529232	0.000000
23	tsk_23	(x)	1	:	0.506878	0.493122	0.000000	0.000000	0.000000	0.000000
24	tsk_24	(x)	1	:	0.248931	0.000000	0.000000	0.000000	0.751069	0.000000
25	tsk_25	(x)	1	:	0.000000	1.000000	0.000000	0.000000	0.000000	0.000000
26	tsk_26	(x)	1	:	0.000000	0.528387	0.000000	0.471613	0.000000	0.000000
27	tsk_27	(x)	1	:	0.098074	0.000000	0.000000	0.000000	0.901926	0.000000
28	tsk_28	(x)	1	:	0.291993	0.000000	0.000000	0.000000	0.708007	0.000000
29	tsk_29	(x)	1	:	0.000000	0.000000	1.000000	0.000000	0.000000	0.000000
