logL = -48.875693 (converged)
AIC = 457.751387
BIC = 709.966915

count.K
1 9 9 5 4 2 

