0	tsk_0	(x)	1	:	0.000000	1.000000	0.000000	0.000000	0.000000	0.000000
1	tsk_1	(x)	1	:	0.000000	0.459190	0.000000	0.000000	0.441160	0.099650
2	tsk_2	(x)	1	:	0.000000	0.000011	0.999989	0.000000	0.000000	0.000000
3	tsk_3	(x)	1	:	0.000000	0.000000	0.000000	0.000000	0.411898	0.588102
4	tsk_4	(x)	1	:	0.000000	0.026353	0.479840	0.000004	0.000000	0.493803
5	tsk_5	(x)	1	:	0.000000	0.025593	0.480423	0.000002	0.361369	0.132613
6	tsk_6	(x)	1	:	0.000000	0.000000	1.000000	0.000000	0.000000	0.000000
7	tsk_7	(x)	1	:	0.000000	0.000000	1.000000	0.000000	0.000000	0.000000
8	tsk_8	(x)	1	:	0.000000	0.029496	0.477423	0.000000	0.000000	0.493081
9	tsk_9	(x)	1	:	0.000000	0.026531	0.479702	0.000000	0.212378	0.281389
10	tsk_10	(x)	1	:	0.000000	0.000000	0.000000	0.000000	0.404146	0.595853
11	tsk_11	(x)	1	:	0.000000	0.000000	0.000000	0.000000	0.394769	0.605231
12	tsk_12	(x)	1	:	0.000000	0.000000	0.000000	0.500002	0.126429	0.373569
13	tsk_13	(x)	1	:	0.000000	0.000000	0.000000	0.500002	0.129427	0.370572
14	tsk_14	(x)	1	:	0.000000	0.000000	0.000000	0.000000	0.314437	0.685563
15	tsk_15	(x)	1	:	0.000000	0.000000	0.000000	0.000000	0.224968	0.775032
16	tsk_16	(x)	1	:	0.000000	0.000000	0.000000	0.000000	0.709370	0.290630
17	tsk_17	(x)	1	:	0.000000	0.000000	0.000000	0.000000	0.407292	0.592708
18	tsk_18	(x)	1	:	0.000000	0.000000	0.000000	0.000000	0.313901	0.686098
19	tsk_19	(x)	1	:	0.000000	0.000000	0.000000	0.000000	0.000000	1.000000
20	tsk_20	(x)	1	:	0.000000	0.459190	0.000000	0.000000	0.470823	0.069987
21	tsk_21	(x)	1	:	0.000000	0.000000	0.000000	0.000000	0.000000	1.000000
22	tsk_22	(x)	1	:	0.000000	0.000000	0.000000	0.000000	0.410751	0.589249
23	tsk_23	(x)	1	:	0.999999	0.000000	0.000000	0.000000	0.000001	0.000001
24	tsk_24	(x)	1	:	0.000000	0.000000	0.000000	0.000000	0.512668	0.487332
25	tsk_25	(x)	1	:	0.000000	0.000000	0.000000	0.000000	0.598679	0.401321
26	tsk_26	(x)	1	:	0.000000	0.000000	0.000000	0.000000	0.389696	0.610304
27	tsk_27	(x)	1	:	0.000000	0.000000	0.000000	0.000000	0.169673	0.830327
28	tsk_28	(x)	1	:	0.000000	0.000000	0.000000	0.000000	0.516501	0.483499
29	tsk_29	(x)	1	:	1.000000	0.000000	0.000000	0.000000	0.000000	0.000000
