logL = -96.971464 (converged)
AIC = 385.942929
BIC = 520.457878

count.K
10 9 11 

