logL = -22.181185 (converged)
AIC = 440.362370
BIC = 717.799451

count.K
2 10 1 1 9 7 

