0	tsk_0	(x)	1	:	0.275370	0.455272	0.269358	0.000000	0.000000
1	tsk_1	(x)	1	:	0.120893	0.000000	0.879107	0.000000	0.000000
2	tsk_2	(x)	1	:	0.217348	0.651962	0.130691	0.000000	0.000000
3	tsk_3	(x)	1	:	0.313218	0.455269	0.231514	0.000000	0.000000
4	tsk_4	(x)	1	:	0.224254	0.000000	0.775746	0.000000	0.000000
5	tsk_5	(x)	1	:	0.000055	0.999931	0.000013	0.000000	0.000000
6	tsk_6	(x)	1	:	0.443015	0.000000	0.556985	0.000000	0.000000
7	tsk_7	(x)	1	:	0.452718	0.000000	0.547282	0.000000	0.000000
8	tsk_8	(x)	1	:	0.388858	0.000000	0.611142	0.000000	0.000000
9	tsk_9	(x)	1	:	0.367207	0.455281	0.177511	0.000000	0.000000
10	tsk_10	(x)	1	:	0.000000	0.000000	0.000000	1.000000	0.000000
11	tsk_11	(x)	1	:	0.446863	0.000000	0.553137	0.000000	0.000000
12	tsk_12	(x)	1	:	0.332467	0.000000	0.159146	0.299254	0.209132
13	tsk_13	(x)	1	:	0.363031	0.000000	0.128620	0.300152	0.208197
14	tsk_14	(x)	1	:	0.000000	0.000000	0.000000	1.000000	0.000000
15	tsk_15	(x)	1	:	0.133495	0.000000	0.357789	0.291365	0.217351
16	tsk_16	(x)	1	:	0.292217	0.000000	0.199459	0.300752	0.207572
17	tsk_17	(x)	1	:	0.317755	0.000000	0.173789	0.297587	0.210869
18	tsk_18	(x)	1	:	0.435653	0.000000	0.564347	0.000000	0.000000
19	tsk_19	(x)	1	:	0.226470	0.000000	0.773530	0.000000	0.000000
20	tsk_20	(x)	1	:	0.410752	0.000000	0.589248	0.000000	0.000000
21	tsk_21	(x)	1	:	0.467192	0.000000	0.532808	0.000000	0.000000
22	tsk_22	(x)	1	:	0.267541	0.000000	0.732459	0.000000	0.000000
23	tsk_23	(x)	1	:	0.143814	0.000000	0.856186	0.000000	0.000000
24	tsk_24	(x)	1	:	0.417744	0.000000	0.582256	0.000000	0.000000
25	tsk_25	(x)	1	:	0.570105	0.000000	0.429895	0.000000	0.000000
26	tsk_26	(x)	1	:	0.268039	0.000000	0.731960	0.000000	0.000000
27	tsk_27	(x)	1	:	0.523568	0.000000	0.476432	0.000000	0.000000
28	tsk_28	(x)	1	:	0.717095	0.000000	0.282905	0.000000	0.000000
29	tsk_29	(x)	1	:	0.337279	0.000000	0.662721	0.000000	0.000000
