logL = -85.086591 (converged)
AIC = 540.173181
BIC = 799.394697

count.K
6 5 16 3 0 

