0	tsk_0	(x)	1	:	0.000000	0.000000	0.000000	0.500000	0.500000	0.000000
1	tsk_1	(x)	1	:	0.000000	0.000000	0.000000	0.000000	0.500000	0.500000
2	tsk_2	(x)	1	:	0.000000	0.000000	0.477769	0.522231	0.000000	0.000000
3	tsk_3	(x)	1	:	0.000000	0.000000	0.313394	0.000000	0.343303	0.343303
4	tsk_4	(x)	1	:	0.000000	0.000000	0.000000	0.000000	1.000000	0.000000
5	tsk_5	(x)	1	:	0.000000	0.000000	0.313204	0.343398	0.000000	0.343398
6	tsk_6	(x)	1	:	0.000000	0.000000	1.000000	0.000000	0.000000	0.000000
7	tsk_7	(x)	1	:	0.000000	0.000000	0.000000	0.000000	0.000000	1.000000
8	tsk_8	(x)	1	:	0.000000	0.000000	0.000000	0.500000	0.000000	0.500000
9	tsk_9	(x)	1	:	0.000000	0.000000	0.000000	0.000000	1.000000	0.000000
10	tsk_10	(x)	1	:	0.000000	0.000000	0.000000	0.666667	0.000000	0.333333
11	tsk_11	(x)	1	:	0.000000	0.000000	1.000000	0.000000	0.000000	0.000000
12	tsk_12	(x)	1	:	0.000000	0.000000	0.000000	0.000000	0.333327	0.666673
13	tsk_13	(x)	1	:	0.000000	0.000000	0.647344	0.352656	0.000000	0.000000
14	tsk_14	(x)	1	:	0.000000	0.000000	0.477306	0.000000	0.522694	0.000000
15	tsk_15	(x)	1	:	0.000000	0.000000	0.313204	0.686796	0.000000	0.000000
16	tsk_16	(x)	1	:	0.000000	0.000000	0.233196	0.255601	0.255601	0.255601
17	tsk_17	(x)	1	:	0.000000	0.000000	0.000000	0.500000	0.000000	0.500000
18	tsk_18	(x)	1	:	0.000000	0.000000	0.312954	0.687046	0.000000	0.000000
19	tsk_19	(x)	1	:	0.000000	0.000000	0.645638	0.354362	0.000000	0.000000
20	tsk_20	(x)	1	:	0.000000	0.000000	1.000000	0.000000	0.000000	0.000000
21	tsk_21	(x)	1	:	0.000000	0.000000	0.312961	0.343520	0.000000	0.343520
22	tsk_22	(x)	1	:	0.507541	0.492458	0.000002	0.000000	0.000000	0.000000
23	tsk_23	(x)	1	:	0.000000	0.000000	0.476729	0.000000	0.523271	0.000000
24	tsk_24	(x)	1	:	0.000000	0.000000	0.000000	0.000000	0.500000	0.500000
25	tsk_25	(x)	1	:	0.000000	0.000000	0.233196	0.255601	0.511203	0.000000
26	tsk_26	(x)	1	:	0.000000	0.000000	0.233196	0.255601	0.000000	0.511203
27	tsk_27	(x)	1	:	0.517560	0.000000	0.258267	0.112086	0.112086	0.000000
28	tsk_28	(x)	1	:	0.000000	0.000000	1.000000	0.000000	0.000000	0.000000
29	tsk_29	(x)	1	:	0.000000	0.000000	0.000000	0.250000	0.250000	0.500000
