logL = -40.447171 (converged)
AIC = 324.894343
BIC = 495.840424

count.K
5 5 2 18 

