logL = -67.317886 (converged)
AIC = 386.635771
BIC = 563.186641

count.K
2 6 7 15 

