logL = -69.289836 (converged)
AIC = 558.579673
BIC = 852.831123

count.K
3 7 10 1 1 8 

