logL = -18.022621 (converged)
AIC = 360.045242
BIC = 587.039218

count.K
7 5 6 7 3 2 

