0	tsk_0	(x)	1	:	0.000000	0.000000	0.000000	1.000000	0.000000
1	tsk_1	(x)	1	:	0.000000	0.153360	0.846639	0.000001	0.000000
2	tsk_2	(x)	1	:	0.000000	0.395624	0.137332	0.467044	0.000000
3	tsk_3	(x)	1	:	0.000000	0.000000	0.000000	1.000000	0.000000
4	tsk_4	(x)	1	:	0.000000	0.301009	0.231942	0.467049	0.000000
5	tsk_5	(x)	1	:	0.000000	0.268435	0.264483	0.467081	0.000000
6	tsk_6	(x)	1	:	0.000000	0.282160	0.250763	0.467077	0.000000
7	tsk_7	(x)	1	:	0.000000	0.691588	0.308411	0.000000	0.000000
8	tsk_8	(x)	1	:	0.000000	0.529599	0.470401	0.000000	0.000000
9	tsk_9	(x)	1	:	0.000000	0.000000	0.000000	1.000000	0.000000
10	tsk_10	(x)	1	:	0.385747	0.000000	0.000000	0.000000	0.614253
11	tsk_11	(x)	1	:	1.000000	0.000000	0.000000	0.000000	0.000000
12	tsk_12	(x)	1	:	0.000000	0.408216	0.063758	0.000000	0.528026
13	tsk_13	(x)	1	:	1.000000	0.000000	0.000000	0.000000	0.000000
14	tsk_14	(x)	1	:	0.385474	0.000000	0.000000	0.000000	0.614526
15	tsk_15	(x)	1	:	0.385462	0.000000	0.000000	0.000000	0.614538
16	tsk_16	(x)	1	:	0.385474	0.000000	0.000000	0.000000	0.614526
17	tsk_17	(x)	1	:	1.000000	0.000000	0.000000	0.000000	0.000000
18	tsk_18	(x)	1	:	0.000000	0.000000	0.000000	0.000000	1.000000
19	tsk_19	(x)	1	:	0.000001	0.000000	0.000000	0.000000	0.999999
20	tsk_20	(x)	1	:	0.000000	0.116795	0.296503	0.586702	0.000000
21	tsk_21	(x)	1	:	0.000000	0.000000	0.413293	0.586707	0.000000
22	tsk_22	(x)	1	:	0.500000	0.118046	0.381954	0.000000	0.000000
23	tsk_23	(x)	1	:	0.500000	0.121700	0.378300	0.000000	0.000000
24	tsk_24	(x)	1	:	0.466737	0.000004	0.000024	0.533235	0.000000
25	tsk_25	(x)	1	:	0.500000	0.141998	0.358002	0.000000	0.000000
26	tsk_26	(x)	1	:	0.499879	0.021227	0.012323	0.466551	0.000020
27	tsk_27	(x)	1	:	0.000000	0.000005	0.413280	0.586715	0.000000
28	tsk_28	(x)	1	:	0.000000	0.158107	0.374854	0.467039	0.000000
29	tsk_29	(x)	1	:	0.000000	0.250291	0.749709	0.000000	0.000000
