0	tsk_0	(x)	1	:	0.485969	0.037973	0.476058	0.000000	0.000000
1	tsk_1	(x)	1	:	0.000000	0.000000	1.000000	0.000000	0.000000
2	tsk_2	(x)	1	:	0.487365	0.035187	0.477448	0.000000	0.000000
3	tsk_3	(x)	1	:	0.490792	0.028344	0.480864	0.000000	0.000000
4	tsk_4	(x)	1	:	1.000000	0.000000	0.000000	0.000000	0.000000
5	tsk_5	(x)	1	:	0.489014	0.031895	0.479091	0.000000	0.000000
6	tsk_6	(x)	1	:	0.485013	0.039882	0.475106	0.000000	0.000000
7	tsk_7	(x)	1	:	0.000000	0.000000	1.000000	0.000000	0.000000
8	tsk_8	(x)	1	:	1.000000	0.000000	0.000000	0.000000	0.000000
9	tsk_9	(x)	1	:	0.000000	0.000000	1.000000	0.000000	0.000000
10	tsk_10	(x)	1	:	0.487207	0.512792	0.000000	0.000000	0.000000
11	tsk_11	(x)	1	:	0.493174	0.001017	0.000000	0.505809	0.000000
12	tsk_12	(x)	1	:	0.000000	1.000000	0.000000	0.000000	0.000000
13	tsk_13	(x)	1	:	0.000000	0.000000	0.000000	1.000000	0.000000
14	tsk_14	(x)	1	:	0.492742	0.001882	0.000000	0.505376	0.000000
15	tsk_15	(x)	1	:	0.000000	0.499966	0.000000	0.500034	0.000000
16	tsk_16	(x)	1	:	0.000000	1.000000	0.000000	0.000000	0.000000
17	tsk_17	(x)	1	:	0.000000	0.499969	0.000000	0.500031	0.000000
18	tsk_18	(x)	1	:	0.000000	1.000000	0.000000	0.000000	0.000000
19	tsk_19	(x)	1	:	0.000000	1.000000	0.000000	0.000000	0.000000
20	tsk_20	(x)	1	:	0.157134	0.000000	0.000000	0.000000	0.842866
21	tsk_21	(x)	1	:	0.424052	0.000000	0.000000	0.000000	0.575948
22	tsk_22	(x)	1	:	0.424032	0.000000	0.000000	0.000000	0.575968
23	tsk_23	(x)	1	:	0.000000	0.000000	0.000000	0.000000	1.000000
24	tsk_24	(x)	1	:	0.424041	0.000000	0.000000	0.000000	0.575959
25	tsk_25	(x)	1	:	1.000000	0.000000	0.000000	0.000000	0.000000
26	tsk_26	(x)	1	:	0.659371	0.000000	0.000000	0.000000	0.340629
27	tsk_27	(x)	1	:	1.000000	0.000000	0.000000	0.000000	0.000000
28	tsk_28	(x)	1	:	0.000000	0.000000	0.000000	0.000000	1.000000
29	tsk_29	(x)	1	:	0.000000	0.012181	0.470215	0.000000	0.517604
