0	tsk_0	(x)	1	:	0.000000	0.000051	0.999949	0.000000
1	tsk_1	(x)	1	:	0.000000	0.041668	0.958332	0.000000
2	tsk_2	(x)	1	:	0.331032	0.446256	0.000007	0.222705
3	tsk_3	(x)	1	:	0.000000	0.041668	0.958332	0.000000
4	tsk_4	(x)	1	:	0.189588	0.446287	0.000009	0.364116
5	tsk_5	(x)	1	:	0.000004	0.999987	0.000003	0.000006
6	tsk_6	(x)	1	:	0.000000	0.334703	0.665297	0.000000
7	tsk_7	(x)	1	:	0.363174	0.446289	0.000006	0.190531
8	tsk_8	(x)	1	:	0.000000	0.051506	0.948470	0.000024
9	tsk_9	(x)	1	:	0.000000	0.039100	0.960900	0.000000
10	tsk_10	(x)	1	:	0.723017	0.000000	0.000000	0.276983
11	tsk_11	(x)	1	:	0.723017	0.000000	0.000000	0.276983
12	tsk_12	(x)	1	:	0.000000	0.000000	0.000000	1.000000
13	tsk_13	(x)	1	:	0.785341	0.000000	0.000000	0.214659
14	tsk_14	(x)	1	:	0.785341	0.000000	0.000000	0.214659
15	tsk_15	(x)	1	:	0.367947	0.000000	0.000000	0.632053
16	tsk_16	(x)	1	:	0.189223	0.446282	0.000004	0.364492
17	tsk_17	(x)	1	:	0.636104	0.000000	0.000000	0.363896
18	tsk_18	(x)	1	:	0.724852	0.000000	0.000000	0.275148
19	tsk_19	(x)	1	:	0.368007	0.000000	0.000000	0.631993
20	tsk_20	(x)	1	:	0.000000	0.999986	0.000014	0.000000
21	tsk_21	(x)	1	:	0.726630	0.000000	0.000000	0.273370
22	tsk_22	(x)	1	:	0.634856	0.000000	0.000000	0.365144
23	tsk_23	(x)	1	:	0.000000	0.446301	0.000010	0.553689
24	tsk_24	(x)	1	:	0.265584	0.446268	0.000005	0.288143
25	tsk_25	(x)	1	:	0.265921	0.446289	0.000002	0.287789
26	tsk_26	(x)	1	:	0.000000	0.999983	0.000017	0.000000
27	tsk_27	(x)	1	:	0.000000	0.999962	0.000038	0.000000
28	tsk_28	(x)	1	:	0.292016	0.446342	0.000010	0.261633
29	tsk_29	(x)	1	:	0.636104	0.000000	0.000000	0.363896
