logL = -88.693592 (converged)
AIC = 345.387184
BIC = 463.087764

count.K
5 12 13 

