logL = -28.540091 (converged)
AIC = 207.080182
BIC = 312.169986

count.K
8 1 21 

