logL = -82.399828 (converged)
AIC = 256.799656
BIC = 321.254735

count.K
12 18 

