logL = -23.095027 (converged)
AIC = 258.190054
BIC = 406.716976

count.K
5 16 3 6 

