logL = -88.354160 (converged)
AIC = 272.708319
BIC = 339.965793

count.K
8 22 

