logL = -16.507205 (converged)
AIC = 171.014410
BIC = 267.697030

count.K
5 2 23 

