logL = -28.734847 (converged)
AIC = 195.469695
BIC = 292.152314

count.K
7 15 8 

