logL = -50.447103 (converged)
AIC = 410.894206
BIC = 628.079800

count.K
7 14 2 2 5 

