0	tsk_0	(x)	1	:	0.000000	0.000000	0.000000	0.991295	0.008705	0.000000
1	tsk_1	(x)	1	:	0.000026	0.004309	0.011357	0.019342	0.477490	0.487475
2	tsk_2	(x)	1	:	0.000000	0.676277	0.323723	0.000000	0.000000	0.000000
3	tsk_3	(x)	1	:	0.000000	0.316694	0.308306	0.299005	0.075995	0.000000
4	tsk_4	(x)	1	:	0.000000	0.000000	0.000000	0.981518	0.018482	0.000000
5	tsk_5	(x)	1	:	0.000000	0.201361	0.298092	0.000000	0.000000	0.500547
6	tsk_6	(x)	1	:	0.000000	0.089213	0.410787	0.500000	0.000000	0.000000
7	tsk_7	(x)	1	:	0.000000	0.578681	0.421319	0.000000	0.000000	0.000000
8	tsk_8	(x)	1	:	0.000033	0.000000	0.014507	0.029522	0.467534	0.488404
9	tsk_9	(x)	1	:	0.000000	0.191075	0.308925	0.452104	0.047896	0.000000
10	tsk_10	(x)	1	:	0.000000	0.000000	0.000000	0.993824	0.006176	0.000000
11	tsk_11	(x)	1	:	0.000000	0.000000	0.000000	0.990834	0.009166	0.000000
12	tsk_12	(x)	1	:	0.000000	0.000000	0.000000	0.989514	0.010486	0.000000
13	tsk_13	(x)	1	:	0.000000	0.181487	0.318513	0.415740	0.084260	0.000000
14	tsk_14	(x)	1	:	0.000018	0.004683	0.011831	0.026066	0.470604	0.486798
15	tsk_15	(x)	1	:	0.000000	0.338227	0.161774	0.000000	0.499999	0.000000
16	tsk_16	(x)	1	:	0.000000	0.000000	0.000000	0.996796	0.003204	0.000000
17	tsk_17	(x)	1	:	0.000000	0.000000	0.000000	0.977118	0.022882	0.000000
18	tsk_18	(x)	1	:	0.000000	0.000000	0.000000	0.972774	0.027226	0.000000
19	tsk_19	(x)	1	:	0.000000	0.000000	0.000000	0.996583	0.003417	0.000000
20	tsk_20	(x)	1	:	0.000000	0.506184	0.493816	0.000000	0.000000	0.000000
21	tsk_21	(x)	1	:	0.000000	0.496488	0.503512	0.000000	0.000000	0.000000
22	tsk_22	(x)	1	:	0.000000	0.000000	1.000000	0.000000	0.000000	0.000000
23	tsk_23	(x)	1	:	0.000000	0.689314	0.310685	0.000000	0.000000	0.000000
24	tsk_24	(x)	1	:	0.000000	0.580765	0.419235	0.000000	0.000000	0.000000
25	tsk_25	(x)	1	:	0.000000	0.676474	0.323526	0.000000	0.000000	0.000000
26	tsk_26	(x)	1	:	0.000000	0.684809	0.315191	0.000000	0.000000	0.000000
27	tsk_27	(x)	1	:	0.979491	0.015945	0.004564	0.000000	0.000000	0.000000
28	tsk_28	(x)	1	:	0.000000	0.381455	0.618545	0.000000	0.000000	0.000000
29	tsk_29	(x)	1	:	0.000000	0.511719	0.488281	0.000000	0.000000	0.000000
