logL = -150.805993 (converged)
AIC = 405.611986
BIC = 478.474250

count.K
15 15 

