logL = -16.769553 (converged)
AIC = 165.539106
BIC = 258.018133

count.K
6 10 14 

