logL = -33.481279 (converged)
AIC = 142.962557
BIC = 196.208058

count.K
12 18 

