logL = -29.486342 (converged)
AIC = 202.972684
BIC = 303.858895

count.K
18 6 6 

