logL = -78.090497 (converged)
AIC = 506.180995
BIC = 751.390537

count.K
0 13 8 9 0 

