logL = -20.130675 (converged)
AIC = 388.261350
BIC = 632.069694

count.K
4 10 3 1 4 8 

