0	tsk_0	(x)	1	:	0.000000	0.071533	0.000000	0.928467
1	tsk_1	(x)	1	:	0.000000	0.000078	0.999554	0.000368
2	tsk_2	(x)	1	:	0.000000	0.000000	0.999428	0.000572
3	tsk_3	(x)	1	:	0.000000	0.055504	0.000000	0.944496
4	tsk_4	(x)	1	:	0.000000	0.000000	0.000000	1.000000
5	tsk_5	(x)	1	:	0.376101	0.527027	0.000000	0.096872
6	tsk_6	(x)	1	:	0.000000	0.199104	0.000000	0.800896
7	tsk_7	(x)	1	:	0.000000	0.203474	0.000000	0.796526
8	tsk_8	(x)	1	:	0.000000	0.056104	0.000000	0.943896
9	tsk_9	(x)	1	:	0.376206	0.623794	0.000000	0.000000
10	tsk_10	(x)	1	:	0.000000	0.201491	0.000000	0.798509
11	tsk_11	(x)	1	:	0.000000	0.199104	0.000000	0.800896
12	tsk_12	(x)	1	:	0.619171	0.380829	0.000000	0.000000
13	tsk_13	(x)	1	:	0.000000	0.000000	0.000000	1.000000
14	tsk_14	(x)	1	:	0.000000	0.000000	0.000000	1.000000
15	tsk_15	(x)	1	:	0.619171	0.000000	0.000000	0.380829
16	tsk_16	(x)	1	:	0.000000	0.000000	0.000000	1.000000
17	tsk_17	(x)	1	:	0.000000	0.195075	0.000000	0.804925
18	tsk_18	(x)	1	:	0.000000	1.000000	0.000000	0.000000
19	tsk_19	(x)	1	:	0.619171	0.380829	0.000000	0.000000
20	tsk_20	(x)	1	:	0.999978	0.000006	0.000000	0.000016
21	tsk_21	(x)	1	:	0.619171	0.371522	0.000000	0.009306
22	tsk_22	(x)	1	:	0.619171	0.380829	0.000000	0.000000
23	tsk_23	(x)	1	:	0.376206	0.082131	0.000000	0.541663
24	tsk_24	(x)	1	:	0.376206	0.000000	0.000000	0.623794
25	tsk_25	(x)	1	:	1.000000	0.000000	0.000000	0.000000
26	tsk_26	(x)	1	:	0.376206	0.064381	0.000000	0.559414
27	tsk_27	(x)	1	:	0.000000	1.000000	0.000000	0.000000
28	tsk_28	(x)	1	:	1.000000	0.000000	0.000000	0.000000
29	tsk_29	(x)	1	:	0.000000	0.034852	0.000000	0.965148
