0	tsk_0	(x)	1	:	0.000499	0.499422	0.000000	0.000000	0.000000	0.500079
1	tsk_1	(x)	1	:	0.000000	0.262768	0.472864	0.000000	0.000000	0.264367
2	tsk_2	(x)	1	:	0.000000	0.000000	0.000000	0.000000	0.000000	1.000000
3	tsk_3	(x)	1	:	0.000000	1.000000	0.000000	0.000000	0.000000	0.000000
4	tsk_4	(x)	1	:	0.000000	1.000000	0.000000	0.000000	0.000000	0.000000
5	tsk_5	(x)	1	:	0.000000	0.240184	0.518403	0.000000	0.000000	0.241413
6	tsk_6	(x)	1	:	0.000000	0.301778	0.395938	0.000000	0.000000	0.302284
7	tsk_7	(x)	1	:	0.000000	0.000000	1.000000	0.000000	0.000000	0.000000
8	tsk_8	(x)	1	:	0.000000	0.377878	0.243614	0.000000	0.000000	0.378508
9	tsk_9	(x)	1	:	1.000000	0.000000	0.000000	0.000000	0.000000	0.000000
10	tsk_10	(x)	1	:	0.000000	0.251521	0.495781	0.000000	0.000000	0.252698
11	tsk_11	(x)	1	:	0.043133	0.040916	0.915951	0.000000	0.000000	0.000000
12	tsk_12	(x)	1	:	0.000000	0.000014	0.996339	0.000000	0.000003	0.003644
13	tsk_13	(x)	1	:	0.000000	0.000000	0.996161	0.000001	0.000001	0.003838
14	tsk_14	(x)	1	:	0.000000	0.311361	0.376459	0.000000	0.000000	0.312180
15	tsk_15	(x)	1	:	0.000000	0.000000	0.000000	0.828589	0.000004	0.171407
16	tsk_16	(x)	1	:	0.000000	0.000000	0.000000	0.000000	0.000000	1.000000
17	tsk_17	(x)	1	:	0.000000	0.000000	0.000001	0.826692	0.000011	0.173295
18	tsk_18	(x)	1	:	0.000000	0.000000	0.000000	0.829070	0.000005	0.170924
19	tsk_19	(x)	1	:	0.000000	0.000000	0.000000	0.000000	0.000000	1.000000
20	tsk_20	(x)	1	:	0.000000	0.000000	0.000000	0.000000	0.979597	0.020403
21	tsk_21	(x)	1	:	0.000000	0.000000	0.000000	0.000000	0.000000	1.000000
22	tsk_22	(x)	1	:	0.000000	0.000000	0.000000	0.000000	0.969315	0.030685
23	tsk_23	(x)	1	:	0.000000	0.374821	0.249777	0.000000	0.000000	0.375402
24	tsk_24	(x)	1	:	0.052986	0.000000	0.000000	0.000004	0.947011	0.000000
25	tsk_25	(x)	1	:	0.000000	1.000000	0.000000	0.000000	0.000000	0.000000
26	tsk_26	(x)	1	:	0.000000	0.000000	0.000000	0.000000	0.000000	1.000000
27	tsk_27	(x)	1	:	0.000000	0.000000	0.000000	0.000000	0.000000	1.000000
28	tsk_28	(x)	1	:	0.000000	0.000000	0.000000	0.000000	0.000000	1.000000
29	tsk_29	(x)	1	:	0.000000	0.255096	0.488418	0.000000	0.000000	0.256486
