0	tsk_0	(x)	1	:	0.000000	0.326179	0.198152	0.475668	0.000000
1	tsk_1	(x)	1	:	0.000000	0.104543	0.354736	0.540721	0.000000
2	tsk_2	(x)	1	:	0.000000	0.258441	0.047260	0.694299	0.000000
3	tsk_3	(x)	1	:	0.000000	0.132883	0.362686	0.504430	0.000000
4	tsk_4	(x)	1	:	0.000000	0.150558	0.095105	0.754337	0.000000
5	tsk_5	(x)	1	:	0.000000	0.392350	0.386556	0.221095	0.000000
6	tsk_6	(x)	1	:	0.000000	0.369735	0.299819	0.330446	0.000000
7	tsk_7	(x)	1	:	0.000000	0.130605	0.000000	0.869395	0.000000
8	tsk_8	(x)	1	:	0.000000	0.204292	0.042302	0.753407	0.000000
9	tsk_9	(x)	1	:	0.000000	0.083224	0.127114	0.789662	0.000000
10	tsk_10	(x)	1	:	0.000000	0.000000	0.000000	0.000000	1.000000
11	tsk_11	(x)	1	:	0.000000	0.000000	0.000000	0.000000	1.000000
12	tsk_12	(x)	1	:	0.000137	0.367078	0.114810	0.024230	0.493745
13	tsk_13	(x)	1	:	0.000000	0.000000	0.000000	0.000000	1.000000
14	tsk_14	(x)	1	:	0.000000	0.000000	0.000000	0.000000	1.000000
15	tsk_15	(x)	1	:	0.000000	0.000000	0.000000	0.000000	1.000000
16	tsk_16	(x)	1	:	0.000120	0.261753	0.157155	0.087217	0.493756
17	tsk_17	(x)	1	:	0.000000	0.000000	0.000000	0.000000	1.000000
18	tsk_18	(x)	1	:	0.000125	0.239324	0.141990	0.124808	0.493752
19	tsk_19	(x)	1	:	0.000000	0.000000	0.000000	0.000000	1.000000
20	tsk_20	(x)	1	:	0.000000	0.028604	0.027018	0.944378	0.000000
21	tsk_21	(x)	1	:	0.624369	0.059001	0.160775	0.155855	0.000000
22	tsk_22	(x)	1	:	0.000000	0.118413	0.183342	0.698245	0.000000
23	tsk_23	(x)	1	:	0.624361	0.076988	0.120166	0.178485	0.000000
24	tsk_24	(x)	1	:	0.624350	0.071871	0.144479	0.159300	0.000000
25	tsk_25	(x)	1	:	0.624347	0.117140	0.152635	0.105878	0.000000
26	tsk_26	(x)	1	:	0.000000	0.392173	0.132854	0.474973	0.000000
27	tsk_27	(x)	1	:	0.000000	0.119950	0.426918	0.453131	0.000000
28	tsk_28	(x)	1	:	0.000000	0.102098	0.152750	0.745152	0.000000
29	tsk_29	(x)	1	:	0.000000	0.020511	0.073316	0.906173	0.000000
