logL = -60.909796 (converged)
AIC = 529.819592
BIC = 815.663858

count.K
1 3 4 9 8 5 

