0	tsk_0	(x)	1	:	0.000004	0.003606	0.000001	0.996389	0.000000	0.000000
1	tsk_1	(x)	1	:	0.000000	0.000000	0.000000	0.583652	0.000000	0.416348
2	tsk_2	(x)	1	:	0.000000	0.000000	0.000000	0.583652	0.000000	0.416348
3	tsk_3	(x)	1	:	0.000000	0.000000	0.000002	0.999998	0.000000	0.000000
4	tsk_4	(x)	1	:	0.000000	0.403350	0.000000	0.000000	0.000000	0.596650
5	tsk_5	(x)	1	:	0.000000	0.000000	0.000002	0.999998	0.000000	0.000000
6	tsk_6	(x)	1	:	0.000000	0.000000	0.000000	0.000000	0.000000	1.000000
7	tsk_7	(x)	1	:	0.000000	0.000000	0.000000	1.000000	0.000000	0.000000
8	tsk_8	(x)	1	:	0.000000	0.403349	0.000000	0.000000	0.000000	0.596651
9	tsk_9	(x)	1	:	0.000000	0.717118	0.000000	0.000000	0.000000	0.282882
10	tsk_10	(x)	1	:	0.000000	0.000032	0.549882	0.000001	0.450085	0.000000
11	tsk_11	(x)	1	:	0.000000	0.000000	0.000000	0.000000	1.000000	0.000000
12	tsk_12	(x)	1	:	0.000000	0.000058	0.549869	0.000001	0.450072	0.000000
13	tsk_13	(x)	1	:	0.000000	0.000000	1.000000	0.000000	0.000000	0.000000
14	tsk_14	(x)	1	:	0.000000	0.000103	0.549846	0.000001	0.450049	0.000000
15	tsk_15	(x)	1	:	0.000000	0.000000	1.000000	0.000000	0.000000	0.000000
16	tsk_16	(x)	1	:	0.000000	0.000000	0.349282	0.000000	0.650718	0.000000
17	tsk_17	(x)	1	:	0.000000	0.000069	0.549864	0.000000	0.450067	0.000000
18	tsk_18	(x)	1	:	0.000000	0.000000	0.000000	0.000000	1.000000	0.000000
19	tsk_19	(x)	1	:	0.000000	0.000000	0.349282	0.000000	0.650718	0.000000
20	tsk_20	(x)	1	:	0.629994	0.370004	0.000002	0.000000	0.000000	0.000000
21	tsk_21	(x)	1	:	0.000000	0.499954	0.000000	0.000000	0.500046	0.000000
22	tsk_22	(x)	1	:	0.563799	0.000006	0.000000	0.000000	0.436194	0.000000
23	tsk_23	(x)	1	:	0.000000	1.000000	0.000000	0.000000	0.000000	0.000000
24	tsk_24	(x)	1	:	0.714246	0.000043	0.000000	0.285711	0.000000	0.000000
25	tsk_25	(x)	1	:	0.563803	0.000000	0.000000	0.000000	0.436197	0.000000
26	tsk_26	(x)	1	:	1.000000	0.000000	0.000000	0.000000	0.000000	0.000000
27	tsk_27	(x)	1	:	0.000000	1.000000	0.000000	0.000000	0.000000	0.000000
28	tsk_28	(x)	1	:	0.563799	0.000008	0.000000	0.000000	0.436194	0.000000
29	tsk_29	(x)	1	:	0.000000	1.000000	0.000000	0.000000	0.000000	0.000000
