0	tsk_0	(x)	1	:	0.000000	0.473656	0.000000	0.526344	0.000000
1	tsk_1	(x)	1	:	0.000000	1.000000	0.000000	0.000000	0.000000
2	tsk_2	(x)	1	:	0.000000	0.899416	0.000000	0.100584	0.000000
3	tsk_3	(x)	1	:	0.000000	0.899750	0.000000	0.100250	0.000000
4	tsk_4	(x)	1	:	0.000000	0.000000	0.000000	1.000000	0.000000
5	tsk_5	(x)	1	:	0.000000	0.000000	0.000000	1.000000	0.000000
6	tsk_6	(x)	1	:	0.000000	0.690018	0.000000	0.309982	0.000000
7	tsk_7	(x)	1	:	0.000000	0.723950	0.000000	0.276050	0.000000
8	tsk_8	(x)	1	:	0.000000	0.874127	0.000000	0.125872	0.000000
9	tsk_9	(x)	1	:	0.000000	0.873207	0.000000	0.126793	0.000000
10	tsk_10	(x)	1	:	0.696689	0.000000	0.000000	0.000000	0.303311
11	tsk_11	(x)	1	:	0.000000	0.000000	0.937940	0.000000	0.062060
12	tsk_12	(x)	1	:	0.345686	0.000000	0.000000	0.000000	0.654314
13	tsk_13	(x)	1	:	0.066524	0.000000	0.933476	0.000000	0.000000
14	tsk_14	(x)	1	:	0.000000	0.149518	0.000000	0.350476	0.500006
15	tsk_15	(x)	1	:	0.027738	0.000000	0.933227	0.000000	0.039035
16	tsk_16	(x)	1	:	0.161923	0.666660	0.000001	0.000000	0.171416
17	tsk_17	(x)	1	:	0.000000	0.000000	0.926655	0.000000	0.073345
18	tsk_18	(x)	1	:	1.000000	0.000000	0.000000	0.000000	0.000000
19	tsk_19	(x)	1	:	0.371594	0.000000	0.000000	0.000000	0.628406
20	tsk_20	(x)	1	:	0.000000	1.000000	0.000000	0.000000	0.000000
21	tsk_21	(x)	1	:	0.000000	1.000000	0.000000	0.000000	0.000000
22	tsk_22	(x)	1	:	1.000000	0.000000	0.000000	0.000000	0.000000
23	tsk_23	(x)	1	:	0.000000	0.719255	0.000000	0.280745	0.000000
24	tsk_24	(x)	1	:	0.312972	0.000000	0.000000	0.500001	0.187027
25	tsk_25	(x)	1	:	0.000000	0.470397	0.000000	0.529603	0.000000
26	tsk_26	(x)	1	:	0.000000	0.866667	0.000000	0.133333	0.000000
27	tsk_27	(x)	1	:	0.000000	0.470397	0.000000	0.529603	0.000000
28	tsk_28	(x)	1	:	0.000000	0.490991	0.051734	0.000000	0.457275
29	tsk_29	(x)	1	:	0.000000	0.899786	0.000000	0.100214	0.000000
