logL = -76.937694 (converged)
AIC = 363.875388
BIC = 511.001113

count.K
21 2 7 

