logL = -25.781897 (converged)
AIC = 279.563794
BIC = 439.300295

count.K
19 5 2 4 

