logL = -36.099139 (converged)
AIC = 362.198278
BIC = 565.371899

count.K
12 5 7 2 4 

