logL = -53.093037 (converged)
AIC = 390.186075
BIC = 589.156103

count.K
1 21 5 3 

