logL = -63.858660 (converged)
AIC = 535.717320
BIC = 821.561586

count.K
5 12 6 2 4 1 

