logL = -69.462819 (converged)
AIC = 390.925638
BIC = 567.476508

count.K
12 12 0 6 

