logL = -59.670155 (converged)
AIC = 479.340310
BIC = 731.555839

count.K
20 1 0 2 7 

