logL = -112.695243 (converged)
AIC = 493.390487
BIC = 681.150936

count.K
4 0 14 12 

