logL = -23.534112 (converged)
AIC = 327.068224
BIC = 523.235857

count.K
1 5 8 3 13 

