logL = -63.127440 (converged)
AIC = 446.254881
BIC = 670.446462

count.K
14 5 1 1 9 

