logL = -38.816268 (converged)
AIC = 281.632536
BIC = 424.554669

count.K
4 6 9 11 

