logL = -153.841611 (converged)
AIC = 427.683222
BIC = 511.755065

count.K
24 6 

