logL = -40.205479 (converged)
AIC = 452.410959
BIC = 713.033672

count.K
11 2 0 6 9 2 

