logL = -20.349438 (converged)
AIC = 320.698876
BIC = 516.866510

count.K
3 10 1 1 15 

