logL = -44.334850 (converged)
AIC = 256.669701
BIC = 374.370281

count.K
21 6 3 

