logL = -48.315037 (converged)
AIC = 364.630074
BIC = 552.390524

count.K
17 5 3 5 

