logL = -132.323915 (converged)
AIC = 438.647829
BIC = 560.552001

count.K
5 18 7 

