0	tsk_0	(x)	1	:	0.026989	0.000000	0.330795	0.500002	0.142215	0.000000
1	tsk_1	(x)	1	:	0.020933	0.484210	0.460836	0.019648	0.014374	0.000000
2	tsk_2	(x)	1	:	0.491847	0.000000	0.008153	0.000000	0.000000	0.500000
3	tsk_3	(x)	1	:	0.000000	0.484210	0.474075	0.019648	0.022068	0.000000
4	tsk_4	(x)	1	:	0.000000	0.499781	0.000000	0.500219	0.000000	0.000000
5	tsk_5	(x)	1	:	0.000000	0.000000	0.000000	1.000000	0.000000	0.000000
6	tsk_6	(x)	1	:	0.045436	0.000000	0.454562	0.500002	0.000000	0.000000
7	tsk_7	(x)	1	:	0.033025	0.000000	0.441647	0.500002	0.025326	0.000000
8	tsk_8	(x)	1	:	0.000000	0.000000	0.000000	0.000000	0.000000	1.000000
9	tsk_9	(x)	1	:	0.000417	0.000000	0.011386	0.497629	0.000189	0.490379
10	tsk_10	(x)	1	:	0.000000	0.000000	0.000000	0.000000	1.000000	0.000000
11	tsk_11	(x)	1	:	0.351481	0.000000	0.000000	0.000000	0.648519	0.000000
12	tsk_12	(x)	1	:	0.595361	0.000000	0.000000	0.000000	0.404639	0.000000
13	tsk_13	(x)	1	:	0.000000	0.000000	0.083076	0.000000	0.916923	0.000000
14	tsk_14	(x)	1	:	0.292691	0.000000	0.024653	0.000000	0.682656	0.000000
15	tsk_15	(x)	1	:	0.354227	0.000000	0.000000	0.000000	0.645773	0.000000
16	tsk_16	(x)	1	:	0.515164	0.000000	0.123530	0.000000	0.361307	0.000000
17	tsk_17	(x)	1	:	0.575261	0.000000	0.020876	0.000000	0.403863	0.000000
18	tsk_18	(x)	1	:	0.597038	0.000000	0.000000	0.000000	0.402962	0.000000
19	tsk_19	(x)	1	:	0.351573	0.000000	0.145668	0.000000	0.502760	0.000000
20	tsk_20	(x)	1	:	0.292691	0.000000	0.024653	0.000000	0.682656	0.000000
21	tsk_21	(x)	1	:	0.640036	0.000000	0.015953	0.000000	0.344011	0.000000
22	tsk_22	(x)	1	:	0.742756	0.000000	0.091674	0.000000	0.165570	0.000000
23	tsk_23	(x)	1	:	0.000000	0.000000	0.000000	0.000000	1.000000	0.000000
24	tsk_24	(x)	1	:	0.670769	0.000000	0.097087	0.000000	0.232144	0.000000
25	tsk_25	(x)	1	:	0.820589	0.000000	0.035966	0.000000	0.143445	0.000000
26	tsk_26	(x)	1	:	0.802628	0.000000	0.015268	0.000000	0.182104	0.000000
27	tsk_27	(x)	1	:	1.000000	0.000000	0.000000	0.000000	0.000000	0.000000
28	tsk_28	(x)	1	:	0.560594	0.000000	0.037202	0.000000	0.402203	0.000000
29	tsk_29	(x)	1	:	0.348979	0.000000	0.143327	0.000000	0.507694	0.000000
