logL = -23.852220 (converged)
AIC = 407.704441
BIC = 659.919970

count.K
5 5 2 7 2 9 

