logL = -111.851490 (converged)
AIC = 421.702979
BIC = 560.421520

count.K
9 8 13 

