logL = -81.424681 (converged)
AIC = 606.849362
BIC = 917.915181

count.K
1 0 9 10 9 1 

