0	tsk_0	(x)	1	:	0.000000	0.019056	0.000000	0.225325	0.468472	0.287148
1	tsk_1	(x)	1	:	0.000000	0.019448	0.000000	0.221206	0.468349	0.290998
2	tsk_2	(x)	1	:	0.000000	0.010593	0.000000	0.407341	0.466555	0.115512
3	tsk_3	(x)	1	:	0.000000	0.000000	0.000000	0.000000	0.000000	1.000000
4	tsk_4	(x)	1	:	0.000000	0.015002	0.000000	0.288167	0.468748	0.228083
5	tsk_5	(x)	1	:	0.000000	0.013041	0.000000	0.238636	0.472817	0.275506
6	tsk_6	(x)	1	:	0.000000	0.020544	0.000000	0.187399	0.469103	0.322954
7	tsk_7	(x)	1	:	0.000000	0.000006	0.000000	0.000000	0.999994	0.000000
8	tsk_8	(x)	1	:	0.446887	0.000000	0.000000	0.000102	0.535876	0.017134
9	tsk_9	(x)	1	:	0.000000	0.016822	0.000000	0.238591	0.469677	0.274910
10	tsk_10	(x)	1	:	1.000000	0.000000	0.000000	0.000000	0.000000	0.000000
11	tsk_11	(x)	1	:	0.999996	0.000000	0.000000	0.000000	0.000000	0.000004
12	tsk_12	(x)	1	:	0.496275	0.000000	0.000000	0.000000	0.000000	0.503725
13	tsk_13	(x)	1	:	1.000000	0.000000	0.000000	0.000000	0.000000	0.000000
14	tsk_14	(x)	1	:	0.496258	0.000000	0.000000	0.000000	0.000000	0.503742
15	tsk_15	(x)	1	:	0.000000	0.000000	1.000000	0.000000	0.000000	0.000000
16	tsk_16	(x)	1	:	0.000000	0.479027	0.000000	0.352966	0.000000	0.168006
17	tsk_17	(x)	1	:	0.000000	0.000000	0.933507	0.000000	0.000000	0.066492
18	tsk_18	(x)	1	:	0.000000	0.000000	0.000000	0.000000	0.000000	1.000000
19	tsk_19	(x)	1	:	0.452777	0.000000	0.547108	0.000000	0.000000	0.000115
20	tsk_20	(x)	1	:	0.000000	0.482411	0.000000	0.296029	0.000000	0.221561
21	tsk_21	(x)	1	:	0.000000	0.000000	0.000000	0.000000	0.000000	1.000000
22	tsk_22	(x)	1	:	0.000000	1.000000	0.000000	0.000000	0.000000	0.000000
23	tsk_23	(x)	1	:	0.000000	0.485846	0.000000	0.238227	0.000000	0.275927
24	tsk_24	(x)	1	:	0.000000	1.000000	0.000000	0.000000	0.000000	0.000000
25	tsk_25	(x)	1	:	0.000000	0.475124	0.000000	0.418628	0.000000	0.106249
26	tsk_26	(x)	1	:	0.000000	0.475908	0.000000	0.405442	0.000000	0.118650
27	tsk_27	(x)	1	:	0.000000	1.000000	0.000000	0.000000	0.000000	0.000000
28	tsk_28	(x)	1	:	0.000000	0.478167	0.000000	0.367441	0.000000	0.154392
29	tsk_29	(x)	1	:	0.000000	0.999999	0.000000	0.000000	0.000001	0.000000
