logL = -20.556786 (converged)
AIC = 173.113573
BIC = 265.592600

count.K
7 12 11 

