logL = -72.055592 (converged)
AIC = 224.111184
BIC = 280.159079

count.K
11 19 

