0	tsk_0	(x)	1	:	0.165173	0.552316	0.000000	0.102669	0.179842	0.000000
1	tsk_1	(x)	1	:	0.000000	0.745331	0.000000	0.137933	0.116735	0.000000
2	tsk_2	(x)	1	:	0.467372	0.000000	0.000000	0.289108	0.243520	0.000000
3	tsk_3	(x)	1	:	0.308934	0.691066	0.000000	0.000000	0.000000	0.000000
4	tsk_4	(x)	1	:	0.203085	0.450526	0.000000	0.126125	0.220264	0.000000
5	tsk_5	(x)	1	:	0.000000	0.459681	0.000000	0.540319	0.000000	0.000000
6	tsk_6	(x)	1	:	0.311436	0.339532	0.000000	0.189816	0.159216	0.000000
7	tsk_7	(x)	1	:	0.000000	0.373558	0.000000	0.439886	0.186556	0.000000
8	tsk_8	(x)	1	:	0.257698	0.281237	0.000000	0.328294	0.132772	0.000000
9	tsk_9	(x)	1	:	0.000051	0.000000	0.999852	0.000097	0.000000	0.000000
10	tsk_10	(x)	1	:	0.643139	0.227481	0.000000	0.129381	0.000000	0.000000
11	tsk_11	(x)	1	:	0.424382	0.460913	0.000000	0.000000	0.114705	0.000000
12	tsk_12	(x)	1	:	0.475292	0.000000	0.000000	0.144869	0.379839	0.000000
13	tsk_13	(x)	1	:	0.359104	0.000000	0.000000	0.460458	0.180437	0.000000
14	tsk_14	(x)	1	:	0.000000	0.671414	0.000000	0.179170	0.149416	0.000000
15	tsk_15	(x)	1	:	0.000000	0.257962	0.000000	0.624816	0.117222	0.000000
16	tsk_16	(x)	1	:	0.219750	0.240417	0.000000	0.427534	0.112300	0.000000
17	tsk_17	(x)	1	:	0.000000	0.000000	0.000000	0.348610	0.651390	0.000000
18	tsk_18	(x)	1	:	0.297952	0.000000	0.000000	0.382165	0.319883	0.000000
19	tsk_19	(x)	1	:	0.258872	0.584788	0.000000	0.156340	0.000000	0.000000
20	tsk_20	(x)	1	:	0.000000	0.675537	0.000000	0.000000	0.324463	0.000000
21	tsk_21	(x)	1	:	0.000000	0.000000	0.000000	0.000000	0.000000	1.000000
22	tsk_22	(x)	1	:	0.000000	0.024723	0.000000	0.114029	0.361248	0.500000
23	tsk_23	(x)	1	:	0.223652	0.776348	0.000000	0.000000	0.000000	0.000000
24	tsk_24	(x)	1	:	0.250585	0.272466	0.000000	0.476950	0.000000	0.000000
25	tsk_25	(x)	1	:	0.000000	0.503873	0.000000	0.000000	0.496127	0.000000
26	tsk_26	(x)	1	:	0.643327	0.000000	0.000000	0.193094	0.163579	0.000000
27	tsk_27	(x)	1	:	0.055840	0.000000	0.000000	0.198373	0.245921	0.499865
28	tsk_28	(x)	1	:	0.039644	0.000000	0.000000	0.164881	0.295554	0.499922
29	tsk_29	(x)	1	:	0.032536	0.017881	0.000000	0.327781	0.121873	0.499930
