logL = -58.186409 (converged)
AIC = 344.372817
BIC = 504.109319

count.K
19 2 7 2 

