logL = -74.098951 (converged)
AIC = 468.197902
BIC = 692.389483

count.K
12 10 1 2 5 

