logL = -9.866652 (converged)
AIC = 215.733304
BIC = 353.050647

count.K
9 2 4 15 

