logL = -72.693041 (converged)
AIC = 225.386082
BIC = 281.433977

count.K
13 17 

