0	tsk_0	(x)	1	:	0.084007	0.000000	0.915993	0.000000	0.000000
1	tsk_1	(x)	1	:	0.272659	0.000000	0.727341	0.000000	0.000000
2	tsk_2	(x)	1	:	0.080012	0.000000	0.919988	0.000000	0.000000
3	tsk_3	(x)	1	:	0.000000	1.000000	0.000000	0.000000	0.000000
4	tsk_4	(x)	1	:	0.008566	0.482871	0.009493	0.499064	0.000006
5	tsk_5	(x)	1	:	0.221225	0.000000	0.278869	0.499903	0.000004
6	tsk_6	(x)	1	:	0.128944	0.499997	0.371059	0.000000	0.000000
7	tsk_7	(x)	1	:	0.278054	0.000000	0.721946	0.000000	0.000000
8	tsk_8	(x)	1	:	0.000000	0.999999	0.000001	0.000000	0.000000
9	tsk_9	(x)	1	:	0.197849	0.000000	0.802151	0.000000	0.000000
10	tsk_10	(x)	1	:	0.000000	0.000000	0.000000	0.000000	1.000000
11	tsk_11	(x)	1	:	0.292227	0.000000	0.208069	0.000000	0.499704
12	tsk_12	(x)	1	:	0.262333	0.000000	0.237944	0.000000	0.499723
13	tsk_13	(x)	1	:	0.300122	0.000000	0.200141	0.000000	0.499736
14	tsk_14	(x)	1	:	0.000000	0.000000	0.000000	0.000000	1.000000
15	tsk_15	(x)	1	:	0.097631	0.000000	0.902369	0.000000	0.000000
16	tsk_16	(x)	1	:	0.000000	0.000000	0.000000	0.000000	1.000000
17	tsk_17	(x)	1	:	0.157123	0.000000	0.842877	0.000000	0.000000
18	tsk_18	(x)	1	:	0.392126	0.000000	0.108194	0.000000	0.499681
19	tsk_19	(x)	1	:	0.000000	0.000000	0.000000	0.000000	1.000000
20	tsk_20	(x)	1	:	0.000000	0.000000	0.000000	1.000000	0.000000
21	tsk_21	(x)	1	:	0.000000	0.000000	0.000000	1.000000	0.000000
22	tsk_22	(x)	1	:	0.222873	0.000000	0.277260	0.499864	0.000003
23	tsk_23	(x)	1	:	0.244081	0.000000	0.256049	0.499869	0.000001
24	tsk_24	(x)	1	:	0.183232	0.000000	0.316897	0.499869	0.000002
25	tsk_25	(x)	1	:	0.000000	0.000000	0.000000	1.000000	0.000000
26	tsk_26	(x)	1	:	0.000000	0.000000	0.000000	1.000000	0.000000
27	tsk_27	(x)	1	:	0.000000	0.000000	0.000000	1.000000	0.000000
28	tsk_28	(x)	1	:	0.000000	0.000000	0.000000	1.000000	0.000000
29	tsk_29	(x)	1	:	0.000000	0.000000	0.000000	1.000000	0.000000
