0	tsk_0	(x)	1	:	0.325334	0.478239	0.000000	0.196426
1	tsk_1	(x)	1	:	0.454285	0.545715	0.000000	0.000000
2	tsk_2	(x)	1	:	0.000000	0.000000	0.500004	0.499996
3	tsk_3	(x)	1	:	0.454285	0.545715	0.000000	0.000000
4	tsk_4	(x)	1	:	0.000000	1.000000	0.000000	0.000000
5	tsk_5	(x)	1	:	0.000000	1.000000	0.000000	0.000000
6	tsk_6	(x)	1	:	0.521761	0.478239	0.000000	0.000000
7	tsk_7	(x)	1	:	0.521092	0.478239	0.000000	0.000669
8	tsk_8	(x)	1	:	0.000000	0.000000	0.999953	0.000047
9	tsk_9	(x)	1	:	0.042656	0.473804	0.480983	0.002557
10	tsk_10	(x)	1	:	0.193421	0.000000	0.000000	0.806579
11	tsk_11	(x)	1	:	0.362311	0.000000	0.000000	0.637689
12	tsk_12	(x)	1	:	0.435004	0.000000	0.000000	0.564996
13	tsk_13	(x)	1	:	0.362311	0.000000	0.000000	0.637689
14	tsk_14	(x)	1	:	0.359451	0.000000	0.000000	0.640549
15	tsk_15	(x)	1	:	0.263887	0.000000	0.000000	0.736113
16	tsk_16	(x)	1	:	0.365315	0.000000	0.000000	0.634685
17	tsk_17	(x)	1	:	1.000000	0.000000	0.000000	0.000000
18	tsk_18	(x)	1	:	0.285365	0.000000	0.000000	0.714635
19	tsk_19	(x)	1	:	0.354210	0.000000	0.000000	0.645790
20	tsk_20	(x)	1	:	0.461025	0.000000	0.000000	0.538975
21	tsk_21	(x)	1	:	1.000000	0.000000	0.000000	0.000000
22	tsk_22	(x)	1	:	0.544878	0.000000	0.000000	0.455122
23	tsk_23	(x)	1	:	0.209752	0.000000	0.000000	0.790248
24	tsk_24	(x)	1	:	0.360006	0.000000	0.000000	0.639994
25	tsk_25	(x)	1	:	0.491969	0.000000	0.000000	0.508031
26	tsk_26	(x)	1	:	0.467653	0.000000	0.000000	0.532347
27	tsk_27	(x)	1	:	0.306120	0.000000	0.000000	0.693880
28	tsk_28	(x)	1	:	0.757663	0.000000	0.000000	0.242337
29	tsk_29	(x)	1	:	0.687618	0.000000	0.000000	0.312382
