logL = -42.405373 (converged)
AIC = 432.810747
BIC = 676.619091

count.K
7 1 11 4 0 7 

