0	tsk_0	(x)	1	:	0.000000	0.560126	0.439874	0.000000
1	tsk_1	(x)	1	:	0.255935	0.174289	0.569776	0.000000
2	tsk_2	(x)	1	:	0.220053	0.000000	0.779947	0.000000
3	tsk_3	(x)	1	:	0.769578	0.230422	0.000000	0.000000
4	tsk_4	(x)	1	:	0.000000	0.000000	1.000000	0.000000
5	tsk_5	(x)	1	:	0.000000	0.382293	0.617707	0.000000
6	tsk_6	(x)	1	:	0.286929	0.398011	0.315059	0.000000
7	tsk_7	(x)	1	:	0.450211	0.307518	0.242271	0.000000
8	tsk_8	(x)	1	:	0.253416	0.167725	0.578859	0.000000
9	tsk_9	(x)	1	:	0.446505	0.309939	0.243556	0.000000
10	tsk_10	(x)	1	:	0.597027	0.402973	0.000000	0.000000
11	tsk_11	(x)	1	:	0.286929	0.398011	0.315059	0.000000
12	tsk_12	(x)	1	:	0.198645	0.135898	0.665457	0.000000
13	tsk_13	(x)	1	:	0.476833	0.000000	0.523167	0.000000
14	tsk_14	(x)	1	:	0.474708	0.000000	0.525292	0.000000
15	tsk_15	(x)	1	:	0.506748	0.000000	0.000000	0.493252
16	tsk_16	(x)	1	:	0.000000	0.000000	1.000000	0.000000
17	tsk_17	(x)	1	:	0.000000	0.382293	0.617707	0.000000
18	tsk_18	(x)	1	:	0.684067	0.315933	0.000000	0.000000
19	tsk_19	(x)	1	:	0.286929	0.398011	0.315059	0.000000
20	tsk_20	(x)	1	:	0.166622	0.289187	0.000000	0.544191
21	tsk_21	(x)	1	:	0.000020	0.000550	0.000000	0.999431
22	tsk_22	(x)	1	:	0.000001	0.000001	0.000001	0.999998
23	tsk_23	(x)	1	:	0.251923	0.116698	0.000000	0.631379
24	tsk_24	(x)	1	:	0.657811	0.000000	0.342189	0.000000
25	tsk_25	(x)	1	:	0.000000	0.000590	0.000000	0.999410
26	tsk_26	(x)	1	:	0.102823	0.201695	0.064095	0.631387
27	tsk_27	(x)	1	:	0.446505	0.309939	0.243556	0.000000
28	tsk_28	(x)	1	:	0.580711	0.000000	0.419289	0.000000
29	tsk_29	(x)	1	:	0.619382	0.380618	0.000000	0.000000
