logL = -148.967756 (converged)
AIC = 397.935512
BIC = 467.995381

count.K
19 11 

