0	tsk_0	(x)	1	:	0.487900	0.010514	0.000000	0.000000	0.000000	0.501586
1	tsk_1	(x)	1	:	0.000000	0.462470	0.000000	0.000000	0.000000	0.537530
2	tsk_2	(x)	1	:	0.000000	1.000000	0.000000	0.000000	0.000000	0.000000
3	tsk_3	(x)	1	:	0.000000	0.462470	0.000000	0.000000	0.000000	0.537530
4	tsk_4	(x)	1	:	0.000000	0.462470	0.000000	0.000000	0.000000	0.537530
5	tsk_5	(x)	1	:	0.000000	0.000000	0.000000	0.000000	0.000000	1.000000
6	tsk_6	(x)	1	:	0.000000	0.000000	0.000000	0.000000	0.000000	1.000000
7	tsk_7	(x)	1	:	0.000000	0.000000	0.000000	0.000000	0.000000	1.000000
8	tsk_8	(x)	1	:	0.000000	0.654939	0.000000	0.000000	0.000000	0.345061
9	tsk_9	(x)	1	:	0.000000	0.000000	0.000000	0.000000	0.000000	1.000000
10	tsk_10	(x)	1	:	1.000000	0.000000	0.000000	0.000000	0.000000	0.000000
11	tsk_11	(x)	1	:	0.487062	0.000000	0.000000	0.000000	0.512938	0.000000
12	tsk_12	(x)	1	:	0.487855	0.000000	0.000000	0.000000	0.512145	0.000000
13	tsk_13	(x)	1	:	0.000960	0.000000	0.533499	0.000000	0.465541	0.000000
14	tsk_14	(x)	1	:	0.000000	0.000000	0.524691	0.000000	0.000000	0.475309
15	tsk_15	(x)	1	:	1.000000	0.000000	0.000000	0.000000	0.000000	0.000000
16	tsk_16	(x)	1	:	1.000000	0.000000	0.000000	0.000000	0.000000	0.000000
17	tsk_17	(x)	1	:	0.000000	0.481074	0.000000	0.000000	0.518926	0.000000
18	tsk_18	(x)	1	:	0.487944	0.000000	0.000000	0.000000	0.512056	0.000000
19	tsk_19	(x)	1	:	0.437665	0.000000	0.562321	0.000000	0.000013	0.000000
20	tsk_20	(x)	1	:	0.582144	0.000000	0.000000	0.417856	0.000000	0.000000
21	tsk_21	(x)	1	:	0.026031	0.000000	0.559903	0.414064	0.000002	0.000000
22	tsk_22	(x)	1	:	0.701590	0.000000	0.298410	0.000000	0.000000	0.000000
23	tsk_23	(x)	1	:	0.437689	0.000000	0.562311	0.000000	0.000000	0.000000
24	tsk_24	(x)	1	:	0.366917	0.000000	0.000000	0.633083	0.000000	0.000000
25	tsk_25	(x)	1	:	0.582145	0.000000	0.000000	0.417855	0.000000	0.000000
26	tsk_26	(x)	1	:	0.701590	0.000000	0.298410	0.000000	0.000000	0.000000
27	tsk_27	(x)	1	:	0.000073	0.000000	0.000000	0.999927	0.000000	0.000000
28	tsk_28	(x)	1	:	0.366917	0.000000	0.000000	0.633083	0.000000	0.000000
29	tsk_29	(x)	1	:	0.379115	0.000000	0.000000	0.620885	0.000000	0.000000
