logL = -97.252910 (converged)
AIC = 290.505821
BIC = 357.763295

count.K
6 24 

