logL = -26.969224 (converged)
AIC = 343.938448
BIC = 547.112069

count.K
3 8 5 4 10 

