0	tsk_0	(x)	1	:	0.000000	0.000000	0.502694	0.475850	0.021457	0.000000
1	tsk_1	(x)	1	:	0.000000	0.262223	0.000000	0.000000	0.544997	0.192780
2	tsk_2	(x)	1	:	0.153965	0.000000	0.000000	0.494487	0.351548	0.000000
3	tsk_3	(x)	1	:	0.000000	0.000000	0.000000	1.000000	0.000000	0.000000
4	tsk_4	(x)	1	:	0.525117	0.000000	0.000000	0.474883	0.000000	0.000000
5	tsk_5	(x)	1	:	0.000000	0.000000	0.000000	0.000000	1.000000	0.000000
6	tsk_6	(x)	1	:	0.000000	0.000000	0.000000	0.000000	1.000000	0.000000
7	tsk_7	(x)	1	:	0.000000	0.000000	0.000000	0.000000	1.000000	0.000000
8	tsk_8	(x)	1	:	0.000042	0.226703	0.000000	0.000000	0.392471	0.380784
9	tsk_9	(x)	1	:	0.000000	0.000000	0.000000	0.000000	1.000000	0.000000
10	tsk_10	(x)	1	:	0.000000	0.299700	0.000000	0.000000	0.000000	0.700300
11	tsk_11	(x)	1	:	0.000000	0.300031	0.000000	0.000000	0.000000	0.699969
12	tsk_12	(x)	1	:	0.000000	0.624552	0.000000	0.000000	0.000000	0.375448
13	tsk_13	(x)	1	:	0.000000	0.452996	0.000000	0.000000	0.000000	0.547004
14	tsk_14	(x)	1	:	0.000000	0.458826	0.000000	0.000000	0.000000	0.541174
15	tsk_15	(x)	1	:	0.331265	0.297301	0.000000	0.000000	0.000000	0.371435
16	tsk_16	(x)	1	:	0.000000	0.803719	0.000000	0.000000	0.000000	0.196281
17	tsk_17	(x)	1	:	0.000000	0.507840	0.000000	0.000000	0.000000	0.492159
18	tsk_18	(x)	1	:	0.000000	0.455003	0.000000	0.000000	0.544997	0.000000
19	tsk_19	(x)	1	:	0.000000	0.341465	0.000000	0.000000	0.000000	0.658535
20	tsk_20	(x)	1	:	1.000000	0.000000	0.000000	0.000000	0.000000	0.000000
21	tsk_21	(x)	1	:	1.000000	0.000000	0.000000	0.000000	0.000000	0.000000
22	tsk_22	(x)	1	:	1.000000	0.000000	0.000000	0.000000	0.000000	0.000000
23	tsk_23	(x)	1	:	1.000000	0.000000	0.000000	0.000000	0.000000	0.000000
24	tsk_24	(x)	1	:	0.590172	0.204590	0.000000	0.000000	0.000000	0.205238
25	tsk_25	(x)	1	:	1.000000	0.000000	0.000000	0.000000	0.000000	0.000000
26	tsk_26	(x)	1	:	0.822315	0.060631	0.000000	0.000000	0.000000	0.117055
27	tsk_27	(x)	1	:	1.000000	0.000000	0.000000	0.000000	0.000000	0.000000
28	tsk_28	(x)	1	:	0.331265	0.257659	0.000000	0.000000	0.000000	0.411077
29	tsk_29	(x)	1	:	1.000000	0.000000	0.000000	0.000000	0.000000	0.000000
