logL = -74.520775 (converged)
AIC = 557.041551
BIC = 842.885817

count.K
5 2 0 13 5 5 

