logL = -49.350437 (converged)
AIC = 482.700874
BIC = 751.730772

count.K
12 3 3 5 1 6 

