logL = -102.830777 (converged)
AIC = 313.661555
BIC = 389.326213

count.K
24 6 

