logL = -46.605617 (converged)
AIC = 313.211235
BIC = 467.342947

count.K
1 23 4 2 

