logL = -144.237285 (converged)
AIC = 498.474570
BIC = 645.600295

count.K
18 9 3 

