logL = -124.395921 (converged)
AIC = 348.791841
BIC = 418.851710

count.K
17 13 

