logL = -4.843737 (converged)
AIC = 205.687474
BIC = 343.004818

count.K
2 11 15 2 

