logL = -32.106785 (converged)
AIC = 276.213570
BIC = 424.740493

count.K
3 11 9 7 

