logL = -35.000774 (converged)
AIC = 214.001548
BIC = 314.887759

count.K
14 12 4 

