logL = -69.273583 (converged)
AIC = 534.547165
BIC = 811.984247

count.K
3 5 6 5 10 1 

