logL = -59.808587 (converged)
AIC = 317.617173
BIC = 456.335714

count.K
9 18 3 

