0	tsk_0	(x)	1	:	0.000000	0.000000	0.000000	0.000000	0.492519	0.507481
1	tsk_1	(x)	1	:	0.000000	0.000000	0.000000	0.490596	0.003870	0.505533
2	tsk_2	(x)	1	:	0.000000	0.000000	0.000000	0.500048	0.499952	0.000000
3	tsk_3	(x)	1	:	0.000000	0.000000	0.000000	1.000000	0.000000	0.000000
4	tsk_4	(x)	1	:	0.000000	0.000000	0.000000	1.000000	0.000000	0.000000
5	tsk_5	(x)	1	:	0.000000	0.000000	0.000000	0.500052	0.499948	0.000000
6	tsk_6	(x)	1	:	0.000000	0.000000	0.000000	0.493808	0.000000	0.506192
7	tsk_7	(x)	1	:	0.000000	0.000000	0.000000	0.499997	0.500003	0.000000
8	tsk_8	(x)	1	:	0.000000	0.490487	0.000000	0.019013	0.490500	0.000000
9	tsk_9	(x)	1	:	0.000000	0.000000	0.000000	1.000000	0.000000	0.000000
10	tsk_10	(x)	1	:	0.000000	0.000000	0.000000	1.000000	0.000000	0.000000
11	tsk_11	(x)	1	:	0.000000	0.499967	0.000000	0.500033	0.000000	0.000000
12	tsk_12	(x)	1	:	0.000000	0.000000	0.498071	0.003831	0.498099	0.000000
13	tsk_13	(x)	1	:	0.000000	0.000000	0.497842	0.502158	0.000000	0.000000
14	tsk_14	(x)	1	:	0.000000	0.000000	0.499068	0.001836	0.499096	0.000000
15	tsk_15	(x)	1	:	0.000000	0.000000	0.000000	1.000000	0.000000	0.000000
16	tsk_16	(x)	1	:	0.000000	0.000000	0.499066	0.500934	0.000000	0.000000
17	tsk_17	(x)	1	:	0.000000	0.497017	0.497002	0.005981	0.000000	0.000000
18	tsk_18	(x)	1	:	0.000000	1.000000	0.000000	0.000000	0.000000	0.000000
19	tsk_19	(x)	1	:	0.000000	0.000000	0.499297	0.001378	0.499325	0.000000
20	tsk_20	(x)	1	:	1.000000	0.000000	0.000000	0.000000	0.000000	0.000000
21	tsk_21	(x)	1	:	0.004279	0.000000	0.000000	0.000000	0.492668	0.503053
22	tsk_22	(x)	1	:	0.488132	0.000000	0.000000	0.490723	0.021145	0.000000
23	tsk_23	(x)	1	:	1.000000	0.000000	0.000000	0.000000	0.000000	0.000000
24	tsk_24	(x)	1	:	0.000000	0.000000	0.000000	1.000000	0.000000	0.000000
25	tsk_25	(x)	1	:	0.996989	0.000000	0.000000	0.000000	0.000000	0.003011
26	tsk_26	(x)	1	:	0.000000	0.000000	0.000000	0.493806	0.000000	0.506194
27	tsk_27	(x)	1	:	1.000000	0.000000	0.000000	0.000000	0.000000	0.000000
28	tsk_28	(x)	1	:	0.000000	0.000000	0.000000	1.000000	0.000000	0.000000
29	tsk_29	(x)	1	:	1.000000	0.000000	0.000000	0.000000	0.000000	0.000000
