logL = -21.134772 (converged)
AIC = 402.269545
BIC = 654.485074

count.K
2 3 4 5 3 13 

