logL = -62.214943 (converged)
AIC = 352.429887
BIC = 512.166388

count.K
8 9 6 7 

