logL = -24.592248 (converged)
AIC = 293.184497
BIC = 464.130577

count.K
1 7 7 15 

