logL = -83.221028 (converged)
AIC = 410.442056
BIC = 581.388137

count.K
3 5 17 5 

