logL = -94.877822 (converged)
AIC = 529.755644
BIC = 767.959199

count.K
10 3 9 8 0 

