logL = -46.085456 (converged)
AIC = 320.170912
BIC = 479.907413

count.K
10 5 5 10 

