logL = -59.610673 (converged)
AIC = 539.221345
BIC = 833.472795

count.K
2 3 6 9 1 9 

