logL = -8.317768 (converged)
AIC = 148.635536
BIC = 241.114563

count.K
3 13 14 

