logL = -34.358639 (converged)
AIC = 280.717277
BIC = 429.244200

count.K
9 8 3 10 

