logL = -19.461155 (converged)
AIC = 242.922311
BIC = 385.844444

count.K
10 4 10 6 

