logL = -102.709535 (converged)
AIC = 301.419071
BIC = 368.676545

count.K
19 11 

