logL = -121.582376 (converged)
AIC = 573.164752
BIC = 804.362320

count.K
5 9 8 5 3 

