logL = -166.210041 (converged)
AIC = 440.420083
BIC = 516.084741

count.K
26 4 

