logL = -31.026835 (converged)
AIC = 290.053671
BIC = 449.790172

count.K
8 4 9 9 

