logL = -69.344596 (converged)
AIC = 382.689192
BIC = 553.635272

count.K
12 1 7 10 

