logL = -69.945698 (converged)
AIC = 295.891397
BIC = 405.184793

count.K
2 15 13 

