logL = -66.177631 (converged)
AIC = 384.355261
BIC = 560.906131

count.K
8 11 4 7 

