logL = -64.002388 (converged)
AIC = 302.004776
BIC = 423.908948

count.K
10 11 9 

