logL = -15.336776 (converged)
AIC = 378.673551
BIC = 622.481896

count.K
7 3 11 2 4 3 

