logL = -102.475980 (converged)
AIC = 438.951959
BIC = 602.892053

count.K
11 17 2 

