logL = -50.523956 (converged)
AIC = 193.047913
BIC = 257.502992

count.K
8 22 

