logL = -42.129411 (converged)
AIC = 160.258822
BIC = 213.504322

count.K
14 16 

