logL = -44.362080 (converged)
AIC = 436.724160
BIC = 680.532504

count.K
1 3 10 3 3 10 

