logL = -67.425506 (converged)
AIC = 296.851012
BIC = 410.348000

count.K
8 12 10 

