logL = -97.270014 (converged)
AIC = 286.540027
BIC = 350.995107

count.K
9 21 

