logL = -59.745573 (converged)
AIC = 199.491147
BIC = 255.539042

count.K
10 20 

