logL = -29.977713 (converged)
AIC = 455.955426
BIC = 733.392508

count.K
1 0 1 2 11 15 

