logL = -36.043661 (converged)
AIC = 234.087322
BIC = 347.584310

count.K
7 21 2 

