0	tsk_0	(x)	1	:	0.000000	0.417906	0.502656	0.031541	0.047896
1	tsk_1	(x)	1	:	0.391021	0.606340	0.000000	0.000842	0.001796
2	tsk_2	(x)	1	:	0.000000	0.418501	0.000000	0.181341	0.400157
3	tsk_3	(x)	1	:	0.391161	0.606573	0.000000	0.000444	0.001821
4	tsk_4	(x)	1	:	0.405376	0.418139	0.000000	0.066940	0.109544
5	tsk_5	(x)	1	:	0.405362	0.000015	0.000000	0.370796	0.223826
6	tsk_6	(x)	1	:	0.405538	0.418484	0.000000	0.038554	0.137424
7	tsk_7	(x)	1	:	0.405301	0.000002	0.000000	0.416238	0.178460
8	tsk_8	(x)	1	:	0.000000	0.999748	0.000000	0.000022	0.000231
9	tsk_9	(x)	1	:	0.000000	0.418409	0.000000	0.168286	0.413305
10	tsk_10	(x)	1	:	0.000000	0.000008	0.502748	0.176341	0.320903
11	tsk_11	(x)	1	:	0.000000	0.000006	0.502645	0.361285	0.136064
12	tsk_12	(x)	1	:	0.000000	0.000000	0.474924	0.525076	0.000000
13	tsk_13	(x)	1	:	0.000000	0.000000	1.000000	0.000000	0.000000
14	tsk_14	(x)	1	:	0.000000	0.000009	0.502666	0.310449	0.186876
15	tsk_15	(x)	1	:	0.000000	0.000069	0.000000	0.489062	0.510869
16	tsk_16	(x)	1	:	0.000000	0.000000	1.000000	0.000000	0.000000
17	tsk_17	(x)	1	:	0.000000	0.000000	1.000000	0.000000	0.000000
18	tsk_18	(x)	1	:	0.000000	0.000000	1.000000	0.000000	0.000000
19	tsk_19	(x)	1	:	0.000000	0.000007	0.502677	0.288996	0.208321
20	tsk_20	(x)	1	:	0.559130	0.000008	0.000000	0.287322	0.153539
21	tsk_21	(x)	1	:	1.000000	0.000000	0.000000	0.000000	0.000000
22	tsk_22	(x)	1	:	0.000000	0.000046	0.000000	0.492612	0.507342
23	tsk_23	(x)	1	:	0.000000	0.000006	0.502640	0.377163	0.120192
24	tsk_24	(x)	1	:	0.559234	0.000009	0.000000	0.233573	0.207184
25	tsk_25	(x)	1	:	0.000000	0.301888	0.000000	0.426351	0.271761
26	tsk_26	(x)	1	:	0.511155	0.000000	0.488821	0.000021	0.000003
27	tsk_27	(x)	1	:	0.559067	0.000010	0.000000	0.329125	0.111798
28	tsk_28	(x)	1	:	0.000000	0.000008	0.000000	0.000223	0.999768
29	tsk_29	(x)	1	:	0.559053	0.301626	0.000000	0.072715	0.066606
