logL = -100.859196 (converged)
AIC = 477.718393
BIC = 671.083632

count.K
13 4 9 4 

