logL = -51.553296 (converged)
AIC = 511.106591
BIC = 796.950857

count.K
6 3 4 9 0 8 

