logL = -29.385182 (converged)
AIC = 418.770363
BIC = 670.985892

count.K
2 2 5 2 5 14 

