logL = -16.919991 (converged)
AIC = 303.839981
BIC = 493.001628

count.K
4 5 7 5 9 

