logL = -92.409681 (converged)
AIC = 268.819362
BIC = 327.669652

count.K
18 12 

