logL = -86.735698 (converged)
AIC = 425.471396
BIC = 602.022266

count.K
12 5 4 9 

