logL = -94.705452 (converged)
AIC = 441.410905
BIC = 617.961775

count.K
4 7 11 8 

