logL = -32.748349 (converged)
AIC = 285.496699
BIC = 439.628411

count.K
9 1 4 16 

