logL = -98.288677 (converged)
AIC = 376.577355
BIC = 502.685119

count.K
20 0 10 

