logL = -36.569319 (converged)
AIC = 309.138639
BIC = 474.479930

count.K
6 15 9 0 

