logL = -40.641096 (converged)
AIC = 371.282192
BIC = 574.455812

count.K
9 1 10 3 7 

