logL = -219.224699 (converged)
AIC = 590.449397
BIC = 735.763145

count.K
28 22 

