logL = -128.386988 (converged)
AIC = 522.773975
BIC = 777.073035

count.K
23 17 10 

