logL = -132.404697 (converged)
AIC = 734.809395
BIC = 1184.134801

count.K
25 3 0 7 15 

