0	tsk_0	(x)	1	:	0.000000	0.000000	0.000000	1.000000	0.000000	0.000000
1	tsk_1	(x)	1	:	0.000000	0.000000	0.499193	0.000010	0.000000	0.500797
2	tsk_2	(x)	1	:	0.000000	0.000000	0.500188	0.499812	0.000000	0.000000
3	tsk_3	(x)	1	:	0.000000	0.000000	0.000000	0.000000	0.000000	1.000000
4	tsk_4	(x)	1	:	0.000000	0.000000	0.499193	0.000007	0.000000	0.500800
5	tsk_5	(x)	1	:	0.000000	0.000000	0.499193	0.000007	0.000000	0.500801
6	tsk_6	(x)	1	:	0.499797	0.000000	0.500203	0.000000	0.000000	0.000000
7	tsk_7	(x)	1	:	0.000000	0.000000	0.000000	1.000000	0.000000	0.000000
8	tsk_8	(x)	1	:	0.000000	0.000000	0.500188	0.499812	0.000000	0.000000
9	tsk_9	(x)	1	:	0.000000	0.000000	0.500188	0.499812	0.000000	0.000000
10	tsk_10	(x)	1	:	0.000000	0.000000	0.000000	0.000007	0.000000	0.999993
11	tsk_11	(x)	1	:	0.000000	0.000000	0.000000	0.000051	0.000011	0.999939
12	tsk_12	(x)	1	:	0.000000	0.000000	0.000000	0.000079	0.000000	0.999921
13	tsk_13	(x)	1	:	0.150116	0.343960	0.000000	0.000001	0.000000	0.505923
14	tsk_14	(x)	1	:	0.329177	0.178926	0.000000	0.000003	0.000000	0.491894
15	tsk_15	(x)	1	:	0.349204	0.158898	0.000000	0.000004	0.000000	0.491894
16	tsk_16	(x)	1	:	0.000000	0.000000	0.000000	0.000088	0.000000	0.999912
17	tsk_17	(x)	1	:	0.000000	0.000000	0.503882	0.000021	0.496097	0.000000
18	tsk_18	(x)	1	:	0.000000	0.000000	0.000000	0.000087	0.000000	0.999913
19	tsk_19	(x)	1	:	0.000000	0.000000	0.000000	0.000045	0.000012	0.999943
20	tsk_20	(x)	1	:	0.759143	0.240857	0.000000	0.000000	0.000000	0.000000
21	tsk_21	(x)	1	:	0.646579	0.353421	0.000000	0.000000	0.000000	0.000000
22	tsk_22	(x)	1	:	0.621132	0.378868	0.000000	0.000000	0.000000	0.000000
23	tsk_23	(x)	1	:	0.767038	0.232962	0.000000	0.000000	0.000000	0.000000
24	tsk_24	(x)	1	:	0.863443	0.136557	0.000000	0.000000	0.000000	0.000000
25	tsk_25	(x)	1	:	0.694492	0.305508	0.000000	0.000000	0.000000	0.000000
26	tsk_26	(x)	1	:	0.768137	0.231863	0.000000	0.000000	0.000000	0.000000
27	tsk_27	(x)	1	:	0.707255	0.292745	0.000000	0.000000	0.000000	0.000000
28	tsk_28	(x)	1	:	0.770366	0.229634	0.000000	0.000000	0.000000	0.000000
29	tsk_29	(x)	1	:	0.752577	0.247423	0.000000	0.000000	0.000000	0.000000
30	tsk_30	(x)	1	:	0.000000	0.000000	0.000000	0.000021	0.485899	0.514079
31	tsk_31	(x)	1	:	0.097048	0.397028	0.000000	0.000001	0.000000	0.505923
32	tsk_32	(x)	1	:	0.000000	0.000000	0.000000	0.000018	0.485901	0.514081
33	tsk_33	(x)	1	:	0.000000	0.000000	0.000000	0.000028	0.485896	0.514076
34	tsk_34	(x)	1	:	0.000000	0.000000	0.000000	0.000018	0.485901	0.514081
35	tsk_35	(x)	1	:	0.000000	0.000000	0.000000	0.000003	0.550353	0.449645
36	tsk_36	(x)	1	:	0.000000	0.000000	0.000000	0.000136	0.503854	0.496010
37	tsk_37	(x)	1	:	0.210345	0.293054	0.000000	0.000005	0.496595	0.000001
38	tsk_38	(x)	1	:	0.000000	0.000000	0.000000	0.000000	1.000000	0.000000
39	tsk_39	(x)	1	:	0.132837	0.361238	0.000000	0.000001	0.000000	0.505924
40	tsk_40	(x)	1	:	0.088598	0.405477	0.000000	0.000001	0.000000	0.505924
41	tsk_41	(x)	1	:	0.000000	0.000000	0.000000	0.489587	0.000003	0.510410
42	tsk_42	(x)	1	:	0.129986	0.364089	0.000000	0.000001	0.000000	0.505923
43	tsk_43	(x)	1	:	0.224374	0.275625	0.000000	0.499995	0.000003	0.000002
44	tsk_44	(x)	1	:	0.805930	0.194070	0.000000	0.000000	0.000000	0.000000
45	tsk_45	(x)	1	:	0.819893	0.180107	0.000000	0.000000	0.000000	0.000000
46	tsk_46	(x)	1	:	0.295681	0.204319	0.000000	0.499995	0.000003	0.000003
47	tsk_47	(x)	1	:	0.000000	0.000000	0.000000	0.000000	0.000000	1.000000
48	tsk_48	(x)	1	:	0.000000	0.000000	0.000000	0.000028	0.485896	0.514076
49	tsk_49	(x)	1	:	0.103909	0.390167	0.000000	0.000001	0.000000	0.505923
