logL = -153.057153 (converged)
AIC = 986.114306
BIC = 1636.202128

count.K
10 6 11 12 8 3 

