logL = -683.135179 (converged)
AIC = 2166.270358
BIC = 2931.079561

count.K
9 16 4 6 10 5 

