0	tsk_0	(x)	1	:	0.000000	0.458792	0.045563	0.000000	0.495644
1	tsk_1	(x)	1	:	0.000000	0.226325	0.033596	0.738383	0.001696
2	tsk_2	(x)	1	:	0.000000	0.000000	0.000000	0.000000	1.000000
3	tsk_3	(x)	1	:	0.000000	0.000000	0.000000	0.999615	0.000385
4	tsk_4	(x)	1	:	1.000000	0.000000	0.000000	0.000000	0.000000
5	tsk_5	(x)	1	:	0.000000	0.001150	0.451509	0.546354	0.000988
6	tsk_6	(x)	1	:	0.000000	0.424222	0.047091	0.528611	0.000076
7	tsk_7	(x)	1	:	0.000000	0.000000	0.000000	0.999686	0.000314
8	tsk_8	(x)	1	:	0.566592	0.000000	0.000000	0.000000	0.433408
9	tsk_9	(x)	1	:	0.000000	0.000000	0.000000	0.000000	1.000000
10	tsk_10	(x)	1	:	0.000000	0.342404	0.162001	0.000000	0.495595
11	tsk_11	(x)	1	:	0.000000	0.716730	0.036513	0.000000	0.246756
12	tsk_12	(x)	1	:	0.000000	0.000000	0.000000	0.000000	1.000000
13	tsk_13	(x)	1	:	0.000000	0.480521	0.023878	0.000000	0.495601
14	tsk_14	(x)	1	:	0.000000	0.406402	0.097990	0.000000	0.495608
15	tsk_15	(x)	1	:	0.000000	0.259828	0.141874	0.000000	0.598298
16	tsk_16	(x)	1	:	0.000000	0.387743	0.116661	0.000000	0.495595
17	tsk_17	(x)	1	:	0.000000	0.000000	0.000000	0.000000	1.000000
18	tsk_18	(x)	1	:	0.000000	0.424647	0.079722	0.000000	0.495631
19	tsk_19	(x)	1	:	0.000000	0.632502	0.367498	0.000000	0.000000
20	tsk_20	(x)	1	:	0.000000	0.636210	0.117038	0.000000	0.246752
21	tsk_21	(x)	1	:	0.000000	0.573603	0.426397	0.000000	0.000000
22	tsk_22	(x)	1	:	0.000000	0.660454	0.339546	0.000000	0.000000
23	tsk_23	(x)	1	:	0.000000	0.808187	0.191813	0.000000	0.000000
24	tsk_24	(x)	1	:	0.000000	0.711740	0.288260	0.000000	0.000000
25	tsk_25	(x)	1	:	0.000000	0.783823	0.216177	0.000000	0.000000
26	tsk_26	(x)	1	:	0.000000	0.404070	0.595930	0.000000	0.000000
27	tsk_27	(x)	1	:	0.000000	0.557010	0.442990	0.000000	0.000000
28	tsk_28	(x)	1	:	0.000000	0.804469	0.195531	0.000000	0.000000
29	tsk_29	(x)	1	:	0.000000	0.738046	0.261954	0.000000	0.000000
30	tsk_30	(x)	1	:	1.000000	0.000000	0.000000	0.000000	0.000000
31	tsk_31	(x)	1	:	0.000000	0.000000	0.000000	0.000000	1.000000
32	tsk_32	(x)	1	:	1.000000	0.000000	0.000000	0.000000	0.000000
33	tsk_33	(x)	1	:	0.000000	0.000000	0.000000	0.000000	1.000000
34	tsk_34	(x)	1	:	0.528639	0.425325	0.046033	0.000000	0.000004
35	tsk_35	(x)	1	:	0.000000	0.000000	0.000000	0.000000	1.000000
36	tsk_36	(x)	1	:	0.556574	0.000000	0.000000	0.000000	0.443426
37	tsk_37	(x)	1	:	0.556571	0.000000	0.000000	0.000000	0.443429
38	tsk_38	(x)	1	:	0.000000	0.000000	0.000000	0.000000	1.000000
39	tsk_39	(x)	1	:	0.556584	0.000000	0.000000	0.000000	0.443416
40	tsk_40	(x)	1	:	0.999998	0.000000	0.000000	0.000001	0.000000
41	tsk_41	(x)	1	:	0.999999	0.000000	0.000000	0.000001	0.000000
42	tsk_42	(x)	1	:	0.999998	0.000000	0.000000	0.000002	0.000000
43	tsk_43	(x)	1	:	0.000000	0.739386	0.260613	0.000000	0.000000
44	tsk_44	(x)	1	:	0.430357	0.322668	0.182343	0.000000	0.064632
45	tsk_45	(x)	1	:	0.429489	0.283631	0.220664	0.000000	0.066216
46	tsk_46	(x)	1	:	0.429558	0.202362	0.051015	0.000000	0.317065
47	tsk_47	(x)	1	:	0.000000	0.805145	0.194855	0.000000	0.000000
48	tsk_48	(x)	1	:	0.429607	0.391910	0.112419	0.000000	0.066064
49	tsk_49	(x)	1	:	0.000000	0.724349	0.275651	0.000000	0.000000
