logL = -241.736017 (converged)
AIC = 635.472035
BIC = 780.785783

count.K
9 41 

