logL = -120.846042 (converged)
AIC = 741.692085
BIC = 1219.697836

count.K
10 10 15 11 4 

