logL = -92.980588 (converged)
AIC = 655.961176
BIC = 1105.286582

count.K
10 5 10 10 15 

