logL = -231.116472 (converged)
AIC = 1130.232943
BIC = 1768.848627

count.K
8 7 5 17 12 1 

