logL = -167.548954 (converged)
AIC = 835.097909
BIC = 1313.103660

count.K
7 10 31 0 2 

