logL = -99.879216 (converged)
AIC = 595.758432
BIC = 974.338987

count.K
39 3 5 3 

