logL = -217.827040 (converged)
AIC = 855.654081
BIC = 1257.178912

count.K
7 33 9 1 

