logL = -246.555997 (converged)
AIC = 645.111994
BIC = 790.425742

count.K
30 20 

