logL = -143.047682 (converged)
AIC = 906.095365
BIC = 1498.822496

count.K
15 7 2 11 7 8 

