0	tsk_0	(x)	1	:	0.000000	0.000000	0.000000	0.378124	0.000000	0.621876
1	tsk_1	(x)	1	:	0.000000	0.000000	0.000000	0.000000	0.000000	1.000000
2	tsk_2	(x)	1	:	0.000000	0.000000	0.000000	0.240854	0.000000	0.759146
3	tsk_3	(x)	1	:	0.000000	0.000000	0.000000	0.126714	0.000000	0.873286
4	tsk_4	(x)	1	:	0.000000	0.000000	0.000000	0.252421	0.000000	0.747579
5	tsk_5	(x)	1	:	0.000000	0.000000	0.000000	0.233001	0.000000	0.766999
6	tsk_6	(x)	1	:	0.000000	0.000000	0.000000	0.333630	0.000000	0.666370
7	tsk_7	(x)	1	:	0.000000	0.000000	0.000000	1.000000	0.000000	0.000000
8	tsk_8	(x)	1	:	0.000000	0.000000	0.000000	0.233069	0.000000	0.766931
9	tsk_9	(x)	1	:	0.000000	0.000000	0.000000	0.000000	0.000000	1.000000
10	tsk_10	(x)	1	:	0.000186	0.000000	0.000000	0.305359	0.499804	0.194651
11	tsk_11	(x)	1	:	0.000000	0.000000	0.000000	0.000000	1.000000	0.000000
12	tsk_12	(x)	1	:	0.000000	0.000000	0.000000	0.387901	0.500000	0.112099
13	tsk_13	(x)	1	:	0.000000	0.000000	0.000000	0.148047	0.000000	0.851953
14	tsk_14	(x)	1	:	0.000186	0.000000	0.000000	0.206189	0.499804	0.293821
15	tsk_15	(x)	1	:	0.000453	0.000000	0.000000	0.266378	0.499523	0.233646
16	tsk_16	(x)	1	:	0.000000	0.000000	0.000000	0.000000	1.000000	0.000000
17	tsk_17	(x)	1	:	0.000285	0.000000	0.000000	0.000000	0.999715	0.000000
18	tsk_18	(x)	1	:	0.000161	0.000000	0.000000	0.000000	0.499830	0.500009
19	tsk_19	(x)	1	:	0.474349	0.000000	0.000000	0.421788	0.000000	0.103863
20	tsk_20	(x)	1	:	0.000000	0.000000	0.000000	0.000000	1.000000	0.000000
21	tsk_21	(x)	1	:	0.474349	0.000000	0.000000	0.270559	0.000000	0.255093
22	tsk_22	(x)	1	:	0.000176	0.000000	0.000000	0.000000	0.999824	0.000000
23	tsk_23	(x)	1	:	0.000696	0.000000	0.000000	0.000000	0.999304	0.000000
24	tsk_24	(x)	1	:	0.000174	0.000000	0.000000	0.000000	0.999826	0.000000
25	tsk_25	(x)	1	:	0.001225	0.000000	0.000000	0.000000	0.998775	0.000000
26	tsk_26	(x)	1	:	0.003284	0.000000	0.000000	0.000000	0.996716	0.000000
27	tsk_27	(x)	1	:	0.000701	0.000000	0.000000	0.000000	0.999299	0.000000
28	tsk_28	(x)	1	:	0.000000	0.000000	0.000000	0.000000	1.000000	0.000000
29	tsk_29	(x)	1	:	1.000000	0.000000	0.000000	0.000000	0.000000	0.000000
30	tsk_30	(x)	1	:	0.003568	0.000000	0.000000	0.500193	0.496239	0.000000
31	tsk_31	(x)	1	:	0.000000	0.000000	0.000000	0.145571	0.000000	0.854429
32	tsk_32	(x)	1	:	0.487129	0.512871	0.000000	0.000000	0.000000	0.000000
33	tsk_33	(x)	1	:	0.000000	0.000000	0.000000	0.000000	0.000000	1.000000
34	tsk_34	(x)	1	:	0.000000	0.000000	0.000000	0.000000	0.500000	0.500000
35	tsk_35	(x)	1	:	0.000000	1.000000	0.000000	0.000000	0.000000	0.000000
36	tsk_36	(x)	1	:	0.000000	0.000000	0.000000	0.388982	0.000000	0.611018
37	tsk_37	(x)	1	:	0.000000	0.000000	0.000000	0.237279	0.000000	0.762721
38	tsk_38	(x)	1	:	0.000000	0.000000	0.248777	0.000000	0.000000	0.751223
39	tsk_39	(x)	1	:	0.000000	0.000000	0.000000	0.500000	0.500000	0.000000
40	tsk_40	(x)	1	:	0.004869	0.000000	0.000000	0.000000	0.995131	0.000000
41	tsk_41	(x)	1	:	1.000000	0.000000	0.000000	0.000000	0.000000	0.000000
42	tsk_42	(x)	1	:	0.001866	0.000000	0.000000	0.000000	0.998134	0.000000
43	tsk_43	(x)	1	:	0.000283	0.000000	0.000000	0.000000	0.999717	0.000000
44	tsk_44	(x)	1	:	0.001844	0.000000	0.000000	0.000000	0.998156	0.000000
45	tsk_45	(x)	1	:	0.514890	0.000000	0.485110	0.000000	0.000000	0.000000
46	tsk_46	(x)	1	:	1.000000	0.000000	0.000000	0.000000	0.000000	0.000000
47	tsk_47	(x)	1	:	1.000000	0.000000	0.000000	0.000000	0.000000	0.000000
48	tsk_48	(x)	1	:	0.000114	0.000000	0.000000	0.168676	0.499879	0.331330
49	tsk_49	(x)	1	:	0.001313	0.000000	0.000000	0.330737	0.498616	0.169334
