logL = -105.014552 (converged)
AIC = 710.029104
BIC = 1188.034855

count.K
20 6 7 13 4 

