logL = -59.193986 (converged)
AIC = 588.387972
BIC = 1037.713378

count.K
4 10 16 2 18 

