logL = -72.527376 (converged)
AIC = 525.054752
BIC = 888.339123

count.K
5 10 22 13 

