logL = -334.044710 (converged)
AIC = 824.089420
BIC = 973.227214

count.K
38 12 

