logL = -72.895627 (converged)
AIC = 501.791254
BIC = 842.131349

count.K
17 13 10 10 

