logL = -64.893286 (converged)
AIC = 501.786571
BIC = 857.422850

count.K
5 4 9 32 

