logL = -59.557804 (converged)
AIC = 599.115608
BIC = 1058.001129

count.K
33 6 2 6 3 

