logL = -184.604931 (converged)
AIC = 653.209863
BIC = 924.717129

count.K
17 23 10 

