logL = -174.003732 (converged)
AIC = 932.007463
BIC = 1490.318181

count.K
3 13 22 4 1 7 

