logL = -121.034356 (converged)
AIC = 484.068712
BIC = 715.423496

count.K
16 12 22 

