logL = -552.284739 (converged)
AIC = 1292.569478
BIC = 1472.299640

count.K
34 16 

