logL = -346.930219 (converged)
AIC = 1457.860438
BIC = 2188.253226

count.K
1 18 1 19 10 1 

