logL = -323.825346 (converged)
AIC = 943.650692
BIC = 1226.630097

count.K
27 11 12 

