logL = -282.885724 (converged)
AIC = 861.771448
BIC = 1144.750853

count.K
5 22 23 

