logL = -268.133496 (converged)
AIC = 1252.266991
BIC = 1936.771227

count.K
7 0 16 6 16 5 

