logL = -123.416935 (converged)
AIC = 378.833871
BIC = 505.027389

count.K
8 42 

