logL = -306.058059 (converged)
AIC = 1352.116119
BIC = 2059.564631

count.K
7 10 6 2 11 14 

