logL = -60.495960 (converged)
AIC = 374.991919
BIC = 617.818841

count.K
8 39 3 

