logL = -273.285178 (converged)
AIC = 722.570356
BIC = 890.828381

count.K
43 7 

