logL = -143.531943 (converged)
AIC = 419.063887
BIC = 545.257405

count.K
15 35 

