logL = -152.703176 (converged)
AIC = 571.406352
BIC = 825.705412

count.K
19 16 15 

