logL = -222.343878 (converged)
AIC = 596.687755
BIC = 742.001504

count.K
23 27 

