logL = -278.121222 (converged)
AIC = 1106.242444
BIC = 1632.048771

count.K
7 2 11 16 14 

