logL = -152.496378 (converged)
AIC = 972.992757
BIC = 1611.608441

count.K
8 8 5 5 24 0 

