logL = -275.311059 (converged)
AIC = 994.622119
BIC = 1419.091226

count.K
6 12 14 18 

