0	tsk_0	(x)	1	:	0.000000	0.492895	0.507105	0.000000
1	tsk_1	(x)	1	:	0.000000	0.000000	0.000000	1.000000
2	tsk_2	(x)	1	:	0.000000	0.483125	0.050016	0.466859
3	tsk_3	(x)	1	:	0.000000	0.000000	0.000000	1.000000
4	tsk_4	(x)	1	:	0.000000	0.525810	0.007330	0.466860
5	tsk_5	(x)	1	:	0.000000	0.212438	0.787562	0.000000
6	tsk_6	(x)	1	:	0.000000	0.000000	0.533171	0.466829
7	tsk_7	(x)	1	:	0.500000	0.090440	0.409560	0.000000
8	tsk_8	(x)	1	:	0.000000	0.000000	0.000000	1.000000
9	tsk_9	(x)	1	:	0.000000	0.000000	0.000000	1.000000
10	tsk_10	(x)	1	:	0.000000	0.449943	0.000000	0.550057
11	tsk_11	(x)	1	:	0.000000	0.000000	0.000000	1.000000
12	tsk_12	(x)	1	:	0.000000	0.419047	0.580953	0.000000
13	tsk_13	(x)	1	:	0.000000	0.501275	0.031865	0.466860
14	tsk_14	(x)	1	:	0.000000	0.496398	0.503602	0.000000
15	tsk_15	(x)	1	:	0.000000	0.689344	0.310656	0.000000
16	tsk_16	(x)	1	:	0.000000	0.474611	0.058531	0.466858
17	tsk_17	(x)	1	:	0.000000	0.258341	0.741659	0.000000
18	tsk_18	(x)	1	:	0.000000	0.461903	0.538097	0.000000
19	tsk_19	(x)	1	:	0.500000	0.124775	0.375226	0.000000
20	tsk_20	(x)	1	:	0.500000	0.205890	0.294111	0.000000
21	tsk_21	(x)	1	:	0.500000	0.037691	0.462309	0.000000
22	tsk_22	(x)	1	:	1.000000	0.000000	0.000000	0.000000
23	tsk_23	(x)	1	:	0.500000	0.500000	0.000000	0.000000
24	tsk_24	(x)	1	:	0.500000	0.069373	0.430627	0.000000
25	tsk_25	(x)	1	:	0.500000	0.039820	0.460180	0.000000
26	tsk_26	(x)	1	:	0.500000	0.158864	0.341136	0.000000
27	tsk_27	(x)	1	:	0.000000	0.648912	0.351088	0.000000
28	tsk_28	(x)	1	:	0.500000	0.070936	0.429064	0.000000
29	tsk_29	(x)	1	:	0.500000	0.190532	0.309468	0.000000
30	tsk_30	(x)	1	:	0.500000	0.180625	0.319375	0.000000
31	tsk_31	(x)	1	:	0.459331	0.001669	0.000590	0.538409
32	tsk_32	(x)	1	:	0.456094	0.003496	0.002875	0.537535
33	tsk_33	(x)	1	:	1.000000	0.000000	0.000000	0.000000
34	tsk_34	(x)	1	:	1.000000	0.000000	0.000000	0.000000
35	tsk_35	(x)	1	:	0.000000	0.393341	0.000000	0.606659
36	tsk_36	(x)	1	:	0.000000	0.690085	0.309915	0.000000
37	tsk_37	(x)	1	:	0.000000	0.326998	0.673002	0.000000
38	tsk_38	(x)	1	:	0.000000	0.000000	0.000000	1.000000
39	tsk_39	(x)	1	:	0.000000	0.655585	0.344415	0.000000
40	tsk_40	(x)	1	:	1.000000	0.000000	0.000000	0.000000
41	tsk_41	(x)	1	:	0.000000	0.708755	0.291245	0.000000
42	tsk_42	(x)	1	:	0.500000	0.113902	0.386098	0.000000
43	tsk_43	(x)	1	:	0.500000	0.092989	0.407011	0.000000
44	tsk_44	(x)	1	:	0.000000	0.715829	0.284171	0.000000
45	tsk_45	(x)	1	:	0.000000	0.522299	0.477701	0.000000
46	tsk_46	(x)	1	:	0.500000	0.199774	0.300226	0.000000
47	tsk_47	(x)	1	:	0.000000	0.573385	0.426615	0.000000
48	tsk_48	(x)	1	:	1.000000	0.000000	0.000000	0.000000
49	tsk_49	(x)	1	:	1.000000	0.000000	0.000000	0.000000
