logL = -330.345511 (converged)
AIC = 808.691022
BIC = 950.180724

count.K
15 35 

