logL = -293.255647 (converged)
AIC = 738.511294
BIC = 883.825042

count.K
19 31 

