logL = -213.599413 (converged)
AIC = 699.198827
BIC = 959.233956

count.K
13 12 25 

