logL = -349.904712 (converged)
AIC = 1499.809425
BIC = 2264.618627

count.K
4 5 1 9 12 19 

