logL = -260.042401 (converged)
AIC = 816.084803
BIC = 1099.064208

count.K
18 4 28 

