logL = -76.059160 (converged)
AIC = 400.118319
BIC = 637.209172

count.K
40 2 8 

