logL = -113.730229 (converged)
AIC = 615.460458
BIC = 986.392921

count.K
6 9 10 25 

