logL = -118.199214 (converged)
AIC = 868.398428
BIC = 1472.597698

count.K
8 8 12 10 11 1 

