logL = -305.662534 (converged)
AIC = 1181.325069
BIC = 1726.251625

count.K
5 20 0 17 8 

