logL = -397.754389 (converged)
AIC = 1247.508778
BIC = 1679.625977

count.K
8 11 11 20 

