logL = -181.134116 (converged)
AIC = 902.268231
BIC = 1418.514443

count.K
5 19 2 16 8 

