logL = -126.431949 (converged)
AIC = 396.863897
BIC = 534.529553

count.K
38 12 

