logL = -302.839003 (converged)
AIC = 1041.678005
BIC = 1458.499020

count.K
2 27 13 8 

