logL = -387.631823 (converged)
AIC = 1365.263647
BIC = 1929.310434

count.K
12 6 19 4 9 

