logL = -229.334271 (converged)
AIC = 870.668542
BIC = 1264.545281

count.K
19 9 19 3 

