logL = -267.910317 (converged)
AIC = 1251.820635
BIC = 1936.324870

count.K
10 21 2 10 4 3 

