logL = -235.896955 (converged)
AIC = 619.793909
BIC = 761.283612

count.K
31 19 

