logL = -215.596820 (converged)
AIC = 859.193639
BIC = 1268.366562

count.K
23 11 14 2 

