0	tsk_0	(x)	1	:	0.000000	0.500002	0.000000	0.331118	0.168880	0.000000
1	tsk_1	(x)	1	:	0.000000	0.000000	1.000000	0.000000	0.000000	0.000000
2	tsk_2	(x)	1	:	0.000000	0.000000	1.000000	0.000000	0.000000	0.000000
3	tsk_3	(x)	1	:	0.000000	0.000000	1.000000	0.000000	0.000000	0.000000
4	tsk_4	(x)	1	:	0.000000	0.000000	1.000000	0.000000	0.000000	0.000000
5	tsk_5	(x)	1	:	0.000000	0.000000	1.000000	0.000000	0.000000	0.000000
6	tsk_6	(x)	1	:	0.000000	0.000000	1.000000	0.000000	0.000000	0.000000
7	tsk_7	(x)	1	:	0.000000	0.000000	1.000000	0.000000	0.000000	0.000000
8	tsk_8	(x)	1	:	0.000000	0.000000	1.000000	0.000000	0.000000	0.000000
9	tsk_9	(x)	1	:	0.000000	0.000000	1.000000	0.000000	0.000000	0.000000
10	tsk_10	(x)	1	:	0.270487	0.000014	0.492134	0.039449	0.197916	0.000000
11	tsk_11	(x)	1	:	0.002784	0.485513	0.000007	0.007313	0.005671	0.498711
12	tsk_12	(x)	1	:	0.000000	0.000000	0.513127	0.000000	0.000000	0.486873
13	tsk_13	(x)	1	:	0.206130	0.000007	0.000000	0.519248	0.274616	0.000000
14	tsk_14	(x)	1	:	0.294290	0.000004	0.000013	0.140960	0.064743	0.499991
15	tsk_15	(x)	1	:	0.261985	0.000000	0.505542	0.121160	0.111313	0.000000
16	tsk_16	(x)	1	:	0.000000	0.000000	1.000000	0.000000	0.000000	0.000000
17	tsk_17	(x)	1	:	0.154086	0.000008	0.492134	0.119630	0.234143	0.000000
18	tsk_18	(x)	1	:	0.279282	0.000006	0.505543	0.055248	0.159921	0.000000
19	tsk_19	(x)	1	:	0.137259	0.000003	0.000013	0.108705	0.254029	0.499990
20	tsk_20	(x)	1	:	0.003594	0.480710	0.503370	0.009511	0.002815	0.000000
21	tsk_21	(x)	1	:	0.189067	0.000001	0.000014	0.152037	0.158891	0.499990
22	tsk_22	(x)	1	:	0.335694	0.000004	0.000012	0.066617	0.097682	0.499991
23	tsk_23	(x)	1	:	0.196492	0.000008	0.000000	0.624464	0.179035	0.000000
24	tsk_24	(x)	1	:	0.178546	0.000006	0.000000	0.485945	0.335503	0.000000
25	tsk_25	(x)	1	:	0.289138	0.000006	0.000000	0.535427	0.175428	0.000000
26	tsk_26	(x)	1	:	0.210756	0.000010	0.000000	0.504040	0.285195	0.000000
27	tsk_27	(x)	1	:	0.000000	0.000006	0.000000	0.693419	0.306575	0.000000
28	tsk_28	(x)	1	:	0.251246	0.000006	0.000000	0.400292	0.348456	0.000000
29	tsk_29	(x)	1	:	0.135319	0.000002	0.000000	0.610270	0.254409	0.000000
30	tsk_30	(x)	1	:	0.000000	0.999980	0.000000	0.000015	0.000004	0.000000
31	tsk_31	(x)	1	:	0.131822	0.000007	0.000000	0.399785	0.468386	0.000000
32	tsk_32	(x)	1	:	0.004897	0.481591	0.503466	0.008049	0.001997	0.000000
33	tsk_33	(x)	1	:	0.276937	0.000007	0.505543	0.061254	0.156259	0.000000
34	tsk_34	(x)	1	:	0.000000	0.499981	0.000000	0.379128	0.120891	0.000000
35	tsk_35	(x)	1	:	0.004639	0.481598	0.503466	0.005980	0.004316	0.000000
36	tsk_36	(x)	1	:	0.000000	0.999977	0.000000	0.000021	0.000002	0.000000
37	tsk_37	(x)	1	:	0.026370	0.499990	0.000000	0.394597	0.079042	0.000000
38	tsk_38	(x)	1	:	0.029791	0.499987	0.000000	0.397127	0.073095	0.000000
39	tsk_39	(x)	1	:	0.004740	0.481968	0.503507	0.005016	0.004769	0.000000
40	tsk_40	(x)	1	:	0.005195	0.486017	0.000008	0.008655	0.001371	0.498755
41	tsk_41	(x)	1	:	0.000000	0.000000	0.000000	0.000000	0.000000	1.000000
42	tsk_42	(x)	1	:	0.000000	0.999975	0.000000	0.000020	0.000005	0.000000
43	tsk_43	(x)	1	:	0.003931	0.484780	0.000006	0.005530	0.007104	0.498650
44	tsk_44	(x)	1	:	0.000000	0.999973	0.000000	0.000024	0.000003	0.000000
45	tsk_45	(x)	1	:	0.000000	0.499991	0.000000	0.500009	0.000000	0.000000
46	tsk_46	(x)	1	:	0.018842	0.499991	0.000000	0.314752	0.166415	0.000000
47	tsk_47	(x)	1	:	0.147324	0.000008	0.000000	0.592004	0.260663	0.000000
48	tsk_48	(x)	1	:	0.249424	0.000002	0.000012	0.063782	0.186790	0.499991
49	tsk_49	(x)	1	:	0.221242	0.000001	0.000015	0.049219	0.229534	0.499989
