logL = -154.519545 (converged)
AIC = 441.039089
BIC = 567.232608

count.K
19 31 

