logL = -280.045145 (converged)
AIC = 844.090291
BIC = 1115.597558

count.K
13 16 21 

