logL = -58.790092 (converged)
AIC = 689.580183
BIC = 1236.418763

count.K
22 2 7 2 3 14 

