logL = -352.714590 (converged)
AIC = 877.429180
BIC = 1041.863158

count.K
17 33 

