logL = -283.361817 (converged)
AIC = 1146.723633
BIC = 1701.210305

count.K
0 16 10 17 7 

