logL = -201.573538 (converged)
AIC = 551.147076
BIC = 692.636778

count.K
12 38 

