logL = -67.717805 (converged)
AIC = 755.435611
BIC = 1348.162742

count.K
32 7 2 2 3 4 

