logL = -129.025321 (converged)
AIC = 818.050641
BIC = 1353.417083

count.K
22 13 1 1 13 

