logL = -327.708067 (converged)
AIC = 819.416134
BIC = 976.202021

count.K
39 11 

