logL = -275.984117 (converged)
AIC = 979.968234
BIC = 1389.141157

count.K
6 13 3 28 

