0	tsk_0	(x)	1	:	0.000000	1.000000	0.000000	0.000000	0.000000
1	tsk_1	(x)	1	:	0.000000	0.000000	0.000000	0.999904	0.000096
2	tsk_2	(x)	1	:	0.000000	1.000000	0.000000	0.000000	0.000000
3	tsk_3	(x)	1	:	0.000000	0.498094	0.000000	0.501906	0.000000
4	tsk_4	(x)	1	:	0.000000	1.000000	0.000000	0.000000	0.000000
5	tsk_5	(x)	1	:	0.000000	1.000000	0.000000	0.000000	0.000000
6	tsk_6	(x)	1	:	0.000000	0.498095	0.000000	0.501905	0.000000
7	tsk_7	(x)	1	:	0.000000	0.498094	0.000000	0.501906	0.000000
8	tsk_8	(x)	1	:	0.000000	0.000000	0.000000	0.999934	0.000065
9	tsk_9	(x)	1	:	0.000000	0.498095	0.000000	0.501905	0.000000
10	tsk_10	(x)	1	:	0.000000	0.000000	0.000000	0.999859	0.000141
11	tsk_11	(x)	1	:	0.000000	0.000000	0.000000	0.000299	0.999701
12	tsk_12	(x)	1	:	0.000000	0.000000	0.000000	0.999846	0.000154
13	tsk_13	(x)	1	:	0.000000	0.403981	0.000000	0.000000	0.596019
14	tsk_14	(x)	1	:	0.000000	0.414832	0.000000	0.585167	0.000000
15	tsk_15	(x)	1	:	0.000000	0.000000	0.000000	0.999835	0.000164
16	tsk_16	(x)	1	:	0.000000	0.000000	0.000000	0.999887	0.000113
17	tsk_17	(x)	1	:	0.000000	0.000000	0.000000	1.000000	0.000000
18	tsk_18	(x)	1	:	0.000000	0.000000	0.470892	0.529047	0.000062
19	tsk_19	(x)	1	:	0.000000	0.000000	0.000000	0.999939	0.000061
20	tsk_20	(x)	1	:	0.000000	0.000000	0.470899	0.529029	0.000072
21	tsk_21	(x)	1	:	0.000000	0.000000	1.000000	0.000000	0.000000
22	tsk_22	(x)	1	:	0.000000	0.000000	1.000000	0.000000	0.000000
23	tsk_23	(x)	1	:	0.000000	0.000000	1.000000	0.000000	0.000000
24	tsk_24	(x)	1	:	0.000000	0.000000	1.000000	0.000000	0.000000
25	tsk_25	(x)	1	:	0.000000	0.000000	1.000000	0.000000	0.000000
26	tsk_26	(x)	1	:	0.000000	0.000000	0.470871	0.529097	0.000032
27	tsk_27	(x)	1	:	0.000000	0.000000	1.000000	0.000000	0.000000
28	tsk_28	(x)	1	:	0.000000	0.000000	1.000000	0.000000	0.000000
29	tsk_29	(x)	1	:	0.190089	0.321137	0.473848	0.014925	0.000001
30	tsk_30	(x)	1	:	0.494958	0.000000	0.000000	0.504971	0.000070
31	tsk_31	(x)	1	:	0.000000	0.000000	0.000000	0.999963	0.000037
32	tsk_32	(x)	1	:	0.000000	0.000000	0.000000	0.999923	0.000077
33	tsk_33	(x)	1	:	0.000000	0.000000	0.659152	0.340803	0.000045
34	tsk_34	(x)	1	:	0.000000	0.000000	0.659147	0.340834	0.000019
35	tsk_35	(x)	1	:	0.000000	0.000000	0.000000	0.999821	0.000179
36	tsk_36	(x)	1	:	0.000000	0.000000	0.470856	0.529135	0.000009
37	tsk_37	(x)	1	:	1.000000	0.000000	0.000000	0.000000	0.000000
38	tsk_38	(x)	1	:	0.000000	0.000000	0.659144	0.340849	0.000007
39	tsk_39	(x)	1	:	0.000000	0.414832	0.000000	0.585167	0.000000
40	tsk_40	(x)	1	:	0.000000	0.000000	0.000000	0.999871	0.000129
41	tsk_41	(x)	1	:	0.494906	0.000000	0.000000	0.505094	0.000000
42	tsk_42	(x)	1	:	0.494915	0.000000	0.000000	0.505085	0.000000
43	tsk_43	(x)	1	:	0.494938	0.000000	0.000000	0.505062	0.000000
44	tsk_44	(x)	1	:	0.000000	0.414832	0.000000	0.585167	0.000000
45	tsk_45	(x)	1	:	0.000000	0.000000	0.000000	0.999925	0.000075
46	tsk_46	(x)	1	:	0.494950	0.000000	0.000000	0.505050	0.000000
47	tsk_47	(x)	1	:	0.494947	0.000000	0.000000	0.505053	0.000000
48	tsk_48	(x)	1	:	0.000000	0.000000	0.000000	0.999865	0.000135
49	tsk_49	(x)	1	:	0.000000	0.000000	0.000000	0.999954	0.000046
