logL = -356.528840 (converged)
AIC = 881.057679
BIC = 1041.667612

count.K
31 19 

