logL = -225.142212 (converged)
AIC = 1142.284424
BIC = 1803.844384

count.K
18 1 10 8 5 8 

