logL = -72.754803 (converged)
AIC = 615.509606
BIC = 1064.835012

count.K
4 9 11 9 17 

