logL = -152.864599 (converged)
AIC = 565.729199
BIC = 814.292189

count.K
2 46 2 

