logL = -345.894737 (converged)
AIC = 1005.789474
BIC = 1305.977086

count.K
8 30 12 

