logL = -26.482427 (converged)
AIC = 512.964854
BIC = 952.730145

count.K
1 2 20 13 14 

