logL = -229.666785 (converged)
AIC = 719.333570
BIC = 967.896561

count.K
16 13 21 

