logL = -186.630385 (converged)
AIC = 777.260771
BIC = 1163.489418

count.K
11 13 17 9 

