logL = -300.238475 (converged)
AIC = 1304.476951
BIC = 1977.509049

count.K
8 2 27 3 8 2 

