logL = -25.702773 (converged)
AIC = 269.405545
BIC = 477.816053

count.K
29 20 1 

