logL = -84.326298 (converged)
AIC = 800.652596
BIC = 1404.851865

count.K
3 6 2 18 12 9 

