0	tsk_0	(x)	1	:	0.346304	0.162509	0.491187	0.000000
1	tsk_1	(x)	1	:	0.000000	0.409029	0.590971	0.000000
2	tsk_2	(x)	1	:	0.000000	0.000000	1.000000	0.000000
3	tsk_3	(x)	1	:	0.000000	0.000000	1.000000	0.000000
4	tsk_4	(x)	1	:	0.000000	0.000000	0.000000	1.000000
5	tsk_5	(x)	1	:	0.214774	0.187768	0.597458	0.000000
6	tsk_6	(x)	1	:	0.608864	0.000001	0.391135	0.000000
7	tsk_7	(x)	1	:	0.000000	0.000000	1.000000	0.000000
8	tsk_8	(x)	1	:	0.000000	0.000000	0.421983	0.578017
9	tsk_9	(x)	1	:	0.000000	0.000000	1.000000	0.000000
10	tsk_10	(x)	1	:	0.363892	0.144931	0.491177	0.000000
11	tsk_11	(x)	1	:	0.479248	0.277021	0.243731	0.000000
12	tsk_12	(x)	1	:	0.000000	0.000000	1.000000	0.000000
13	tsk_13	(x)	1	:	0.381317	0.127515	0.491167	0.000000
14	tsk_14	(x)	1	:	0.321860	0.186937	0.491202	0.000000
15	tsk_15	(x)	1	:	0.337299	0.068266	0.594435	0.000000
16	tsk_16	(x)	1	:	0.344028	0.164784	0.491188	0.000000
17	tsk_17	(x)	1	:	0.000000	0.000000	1.000000	0.000000
18	tsk_18	(x)	1	:	0.378117	0.130714	0.491169	0.000000
19	tsk_19	(x)	1	:	0.464472	0.535528	0.000000	0.000000
20	tsk_20	(x)	1	:	0.579144	0.177149	0.243707	0.000000
21	tsk_21	(x)	1	:	0.522505	0.477495	0.000000	0.000000
22	tsk_22	(x)	1	:	0.528556	0.471444	0.000000	0.000000
23	tsk_23	(x)	1	:	0.522056	0.477944	0.000000	0.000000
24	tsk_24	(x)	1	:	0.638001	0.361999	0.000000	0.000000
25	tsk_25	(x)	1	:	0.447184	0.552816	0.000000	0.000000
26	tsk_26	(x)	1	:	0.223220	0.776780	0.000000	0.000000
27	tsk_27	(x)	1	:	0.156911	0.843089	0.000000	0.000000
28	tsk_28	(x)	1	:	0.360782	0.639218	0.000000	0.000000
29	tsk_29	(x)	1	:	0.684855	0.315145	0.000000	0.000000
30	tsk_30	(x)	1	:	0.000000	0.000000	0.000000	1.000000
31	tsk_31	(x)	1	:	0.000000	0.000000	1.000000	0.000000
32	tsk_32	(x)	1	:	0.000000	0.000000	0.000000	1.000000
33	tsk_33	(x)	1	:	0.000000	0.000000	1.000000	0.000000
34	tsk_34	(x)	1	:	0.156548	0.312184	0.000667	0.530601
35	tsk_35	(x)	1	:	0.000000	0.000000	1.000000	0.000000
36	tsk_36	(x)	1	:	0.000000	0.000000	0.432187	0.567813
37	tsk_37	(x)	1	:	0.000000	0.000000	0.432187	0.567813
38	tsk_38	(x)	1	:	0.000000	0.000000	1.000000	0.000000
39	tsk_39	(x)	1	:	0.000000	0.000000	0.432187	0.567813
40	tsk_40	(x)	1	:	0.000000	0.000000	0.000094	0.999906
41	tsk_41	(x)	1	:	0.000000	0.000000	0.000097	0.999903
42	tsk_42	(x)	1	:	0.000000	0.000000	0.000097	0.999903
43	tsk_43	(x)	1	:	0.518893	0.481107	0.000000	0.000000
44	tsk_44	(x)	1	:	0.261262	0.242196	0.060463	0.436079
45	tsk_45	(x)	1	:	0.121978	0.381352	0.060585	0.436084
46	tsk_46	(x)	1	:	0.146448	0.110044	0.302086	0.441422
47	tsk_47	(x)	1	:	0.569039	0.430961	0.000000	0.000000
48	tsk_48	(x)	1	:	0.283500	0.219962	0.060472	0.436065
49	tsk_49	(x)	1	:	0.281960	0.718040	0.000000	0.000000
