logL = -92.505727 (converged)
AIC = 817.011454
BIC = 1421.210724

count.K
5 3 14 3 9 16 

