logL = -138.132847 (converged)
AIC = 786.265694
BIC = 1273.831560

count.K
10 8 17 2 13 

