logL = -204.608267 (converged)
AIC = 549.216534
BIC = 683.058144

count.K
32 18 

