logL = -418.022124 (converged)
AIC = 1168.044247
BIC = 1485.440066

count.K
16 21 13 

