logL = -236.915199 (converged)
AIC = 869.830398
BIC = 1248.410953

count.K
26 15 4 5 

