logL = -191.309777 (converged)
AIC = 1014.619554
BIC = 1618.818824

count.K
3 5 11 11 0 20 

