logL = -164.564544 (converged)
AIC = 1033.129089
BIC = 1706.161187

count.K
28 4 4 7 5 2 

