logL = -109.112559 (converged)
AIC = 768.225118
BIC = 1294.031445

count.K
5 27 1 10 7 

