logL = -38.954485 (converged)
AIC = 649.908970
BIC = 1196.747550

count.K
14 6 3 6 19 2 

