logL = -251.367035 (converged)
AIC = 786.734071
BIC = 1058.241337

count.K
4 17 29 

