0	tsk_0	(x)	1	:	0.000000	0.000000	0.448705	0.000000	0.551295
1	tsk_1	(x)	1	:	0.000000	1.000000	0.000000	0.000000	0.000000
2	tsk_2	(x)	1	:	0.000000	0.000000	1.000000	0.000000	0.000000
3	tsk_3	(x)	1	:	0.000000	0.000000	1.000000	0.000000	0.000000
4	tsk_4	(x)	1	:	0.000000	0.468731	0.000000	0.000000	0.531269
5	tsk_5	(x)	1	:	0.000000	0.000000	0.448709	0.000000	0.551291
6	tsk_6	(x)	1	:	0.000000	0.468731	0.000000	0.000000	0.531269
7	tsk_7	(x)	1	:	0.000000	0.000000	1.000000	0.000000	0.000000
8	tsk_8	(x)	1	:	0.000000	0.000000	0.448706	0.000000	0.551294
9	tsk_9	(x)	1	:	0.000000	0.999999	0.000000	0.000001	0.000000
10	tsk_10	(x)	1	:	0.000000	0.000000	0.000037	0.999963	0.000000
11	tsk_11	(x)	1	:	0.000000	0.657034	0.000001	0.342964	0.000000
12	tsk_12	(x)	1	:	0.000000	1.000000	0.000000	0.000000	0.000000
13	tsk_13	(x)	1	:	0.000000	0.499944	0.500056	0.000000	0.000000
14	tsk_14	(x)	1	:	0.000000	0.401136	0.000000	0.598864	0.000000
15	tsk_15	(x)	1	:	0.000000	0.000000	1.000000	0.000000	0.000000
16	tsk_16	(x)	1	:	0.000000	0.399858	0.000000	0.600142	0.000000
17	tsk_17	(x)	1	:	0.000000	0.000000	0.000080	0.999920	0.000000
18	tsk_18	(x)	1	:	0.000000	1.000000	0.000000	0.000000	0.000000
19	tsk_19	(x)	1	:	0.000000	0.500008	0.499992	0.000000	0.000000
20	tsk_20	(x)	1	:	0.000000	0.490970	0.000000	0.000000	0.509030
21	tsk_21	(x)	1	:	0.621238	0.000000	0.000000	0.000000	0.378762
22	tsk_22	(x)	1	:	0.621238	0.000000	0.000000	0.000000	0.378762
23	tsk_23	(x)	1	:	0.400177	0.000000	0.599823	0.000000	0.000000
24	tsk_24	(x)	1	:	0.000000	0.000000	1.000000	0.000000	0.000000
25	tsk_25	(x)	1	:	0.614052	0.000000	0.385948	0.000000	0.000000
26	tsk_26	(x)	1	:	0.261454	0.000000	0.000000	0.000000	0.738546
27	tsk_27	(x)	1	:	0.400168	0.000000	0.599832	0.000000	0.000000
28	tsk_28	(x)	1	:	0.000000	0.000000	0.700791	0.000000	0.299209
29	tsk_29	(x)	1	:	0.621238	0.000000	0.000000	0.000000	0.378762
30	tsk_30	(x)	1	:	0.399974	0.000000	0.600026	0.000000	0.000000
31	tsk_31	(x)	1	:	0.615034	0.000000	0.384966	0.000000	0.000000
32	tsk_32	(x)	1	:	0.400136	0.000000	0.599864	0.000000	0.000000
33	tsk_33	(x)	1	:	0.000000	0.000000	1.000000	0.000000	0.000000
34	tsk_34	(x)	1	:	0.400160	0.000000	0.599840	0.000000	0.000000
35	tsk_35	(x)	1	:	0.615328	0.000000	0.384672	0.000000	0.000000
36	tsk_36	(x)	1	:	0.615290	0.000000	0.384710	0.000000	0.000000
37	tsk_37	(x)	1	:	0.613781	0.000000	0.386219	0.000000	0.000000
38	tsk_38	(x)	1	:	1.000000	0.000000	0.000000	0.000000	0.000000
39	tsk_39	(x)	1	:	0.000000	0.000000	1.000000	0.000000	0.000000
40	tsk_40	(x)	1	:	0.000000	0.000000	0.448707	0.000000	0.551293
41	tsk_41	(x)	1	:	0.399631	0.000000	0.600369	0.000000	0.000000
42	tsk_42	(x)	1	:	0.000000	0.000000	1.000000	0.000000	0.000000
43	tsk_43	(x)	1	:	0.000000	0.000000	0.448709	0.000000	0.551291
44	tsk_44	(x)	1	:	0.400378	0.000000	0.599622	0.000000	0.000000
45	tsk_45	(x)	1	:	0.003925	0.000000	0.000000	0.000000	0.996075
46	tsk_46	(x)	1	:	0.000000	0.000000	0.448707	0.000000	0.551293
47	tsk_47	(x)	1	:	1.000000	0.000000	0.000000	0.000000	0.000000
48	tsk_48	(x)	1	:	0.400285	0.000000	0.599715	0.000000	0.000000
49	tsk_49	(x)	1	:	0.001544	0.000000	0.000000	0.000000	0.998456
