logL = -661.617053 (converged)
AIC = 1519.234106
BIC = 1706.612361

count.K
21 29 

