logL = -170.176826 (converged)
AIC = 870.353652
BIC = 1377.039748

count.K
4 11 15 1 19 

