logL = -162.629758 (converged)
AIC = 473.259516
BIC = 614.749218

count.K
36 14 

