logL = -300.488736 (converged)
AIC = 748.977472
BIC = 890.467175

count.K
34 16 

