logL = -77.150998 (converged)
AIC = 414.301996
BIC = 662.864986

count.K
10 38 2 

