logL = -30.188871 (converged)
AIC = 296.377743
BIC = 521.996457

count.K
2 45 3 

