logL = -139.462906 (converged)
AIC = 666.925811
BIC = 1037.858274

count.K
11 13 15 11 

