logL = -240.245951 (converged)
AIC = 892.491903
BIC = 1286.368642

count.K
18 13 5 14 

