logL = -21.464889 (converged)
AIC = 578.929777
BIC = 1091.351943

count.K
13 17 6 4 4 6 

