logL = -130.981026 (converged)
AIC = 929.962051
BIC = 1568.577735

count.K
8 1 5 28 4 4 

