logL = -271.757209 (converged)
AIC = 691.514417
BIC = 833.004120

count.K
14 36 

