0	tsk_0	(x)	1	:	0.292143	0.000001	0.498815	0.000000	0.000000	0.209041
1	tsk_1	(x)	1	:	0.086099	0.000000	0.498815	0.000000	0.000000	0.415086
2	tsk_2	(x)	1	:	0.008533	0.000000	0.000000	0.991058	0.000000	0.000409
3	tsk_3	(x)	1	:	0.001822	0.000000	0.000000	0.995077	0.000000	0.003102
4	tsk_4	(x)	1	:	0.369776	0.000000	0.000000	0.000000	0.000000	0.630224
5	tsk_5	(x)	1	:	0.555459	0.000000	0.000000	0.000000	0.000000	0.444541
6	tsk_6	(x)	1	:	0.226981	0.000000	0.498815	0.000000	0.000000	0.274204
7	tsk_7	(x)	1	:	0.009242	0.000000	0.000000	0.989174	0.000000	0.001584
8	tsk_8	(x)	1	:	0.670788	0.000000	0.000000	0.000000	0.000000	0.329212
9	tsk_9	(x)	1	:	0.763525	0.000000	0.000000	0.000000	0.000000	0.236475
10	tsk_10	(x)	1	:	0.000000	0.000000	1.000000	0.000000	0.000000	0.000000
11	tsk_11	(x)	1	:	0.000000	0.000000	1.000000	0.000000	0.000000	0.000000
12	tsk_12	(x)	1	:	0.307134	0.000001	0.498815	0.000000	0.000000	0.194051
13	tsk_13	(x)	1	:	0.000000	0.000000	1.000000	0.000000	0.000000	0.000000
14	tsk_14	(x)	1	:	0.000000	0.000000	1.000000	0.000000	0.000000	0.000000
15	tsk_15	(x)	1	:	0.334557	0.000000	0.498815	0.000000	0.000000	0.166628
16	tsk_16	(x)	1	:	0.229153	0.000000	0.498815	0.000000	0.000000	0.272032
17	tsk_17	(x)	1	:	0.241265	0.000000	0.498816	0.000000	0.000000	0.259920
18	tsk_18	(x)	1	:	0.235549	0.000000	0.498815	0.000000	0.000000	0.265636
19	tsk_19	(x)	1	:	0.216911	0.000000	0.498815	0.000000	0.000000	0.284274
20	tsk_20	(x)	1	:	0.174517	0.000000	0.498815	0.000000	0.000000	0.326668
21	tsk_21	(x)	1	:	0.729692	0.000000	0.000000	0.000000	0.000000	0.270308
22	tsk_22	(x)	1	:	0.183752	0.000000	0.000000	0.000000	0.744268	0.071980
23	tsk_23	(x)	1	:	0.803067	0.000000	0.000000	0.000000	0.000000	0.196932
24	tsk_24	(x)	1	:	0.000000	0.000000	1.000000	0.000000	0.000000	0.000000
25	tsk_25	(x)	1	:	0.445297	0.000000	0.000000	0.000000	0.000000	0.554703
26	tsk_26	(x)	1	:	0.384698	0.000000	0.498815	0.000000	0.000000	0.116486
27	tsk_27	(x)	1	:	0.759239	0.000000	0.000000	0.000000	0.000000	0.240761
28	tsk_28	(x)	1	:	0.145099	0.000000	0.000000	0.000000	0.744268	0.110633
29	tsk_29	(x)	1	:	0.137998	0.000001	0.498815	0.000000	0.000000	0.363186
30	tsk_30	(x)	1	:	0.197483	0.000000	0.498815	0.000000	0.000000	0.303702
31	tsk_31	(x)	1	:	0.762368	0.000000	0.000000	0.000000	0.000000	0.237632
32	tsk_32	(x)	1	:	0.000000	0.000000	1.000000	0.000000	0.000000	0.000000
33	tsk_33	(x)	1	:	0.000000	0.000000	1.000000	0.000000	0.000000	0.000000
34	tsk_34	(x)	1	:	0.683126	0.000000	0.000000	0.000000	0.000000	0.316874
35	tsk_35	(x)	1	:	0.233356	0.000001	0.498815	0.000000	0.000000	0.267829
36	tsk_36	(x)	1	:	0.135910	0.000000	0.498815	0.000000	0.000000	0.365275
37	tsk_37	(x)	1	:	0.198301	0.000001	0.498815	0.000000	0.000000	0.302883
38	tsk_38	(x)	1	:	0.000000	0.000000	1.000000	0.000000	0.000000	0.000000
39	tsk_39	(x)	1	:	0.149888	0.000000	0.498815	0.000000	0.000000	0.351297
40	tsk_40	(x)	1	:	0.129659	0.000000	0.498815	0.000000	0.000000	0.371526
41	tsk_41	(x)	1	:	0.000000	0.000004	0.000000	0.000000	0.999357	0.000638
42	tsk_42	(x)	1	:	0.000000	0.000001	0.000000	0.000000	0.999999	0.000000
43	tsk_43	(x)	1	:	0.000000	0.000000	0.000000	0.000000	1.000000	0.000000
44	tsk_44	(x)	1	:	0.265684	0.000000	0.498815	0.000000	0.000000	0.235501
45	tsk_45	(x)	1	:	0.302130	0.501122	0.000000	0.000000	0.000001	0.196748
46	tsk_46	(x)	1	:	0.174665	0.000000	0.000000	0.000000	0.744268	0.081067
47	tsk_47	(x)	1	:	0.153596	0.000000	0.000000	0.000000	0.744268	0.102136
48	tsk_48	(x)	1	:	0.000000	0.000004	0.000000	0.000000	0.999573	0.000423
49	tsk_49	(x)	1	:	0.000146	0.503171	0.496592	0.000000	0.000000	0.000092
