logL = -169.844802 (converged)
AIC = 959.689603
BIC = 1552.416735

count.K
2 7 10 7 6 18 

