logL = -63.402237 (converged)
AIC = 466.804473
BIC = 791.848384

count.K
20 1 20 9 

