logL = -219.360407 (converged)
AIC = 594.720814
BIC = 743.858608

count.K
7 43 

