logL = -192.694081 (converged)
AIC = 525.388162
BIC = 659.229772

count.K
14 36 

