logL = -127.703361 (converged)
AIC = 515.406721
BIC = 763.969712

count.K
30 3 17 

