logL = -348.340817 (converged)
AIC = 998.681635
BIC = 1287.397109

count.K
9 11 30 

