logL = -153.749845 (converged)
AIC = 609.499691
BIC = 898.215165

count.K
10 6 34 

