logL = -284.631354 (converged)
AIC = 865.262708
BIC = 1148.242113

count.K
19 15 16 

