logL = -137.219355 (converged)
AIC = 784.438711
BIC = 1272.004577

count.K
15 14 1 5 15 

