logL = -156.291408 (converged)
AIC = 578.582816
BIC = 832.881876

count.K
22 14 14 

