logL = -289.631051 (converged)
AIC = 1047.262101
BIC = 1494.675485

count.K
6 14 20 10 

