logL = -107.736232 (converged)
AIC = 715.472464
BIC = 1193.478215

count.K
1 1 9 32 7 

