logL = -416.320322 (converged)
AIC = 1000.640643
BIC = 1161.250576

count.K
33 17 

