logL = -109.158569 (converged)
AIC = 728.317138
BIC = 1215.883004

count.K
7 15 9 9 10 

