logL = -435.560286 (converged)
AIC = 1031.120571
BIC = 1184.082412

count.K
31 19 

