logL = -223.512477 (converged)
AIC = 1007.024954
BIC = 1542.391396

count.K
8 3 11 12 16 

