logL = -89.801393 (converged)
AIC = 567.602787
BIC = 938.535250

count.K
6 35 5 4 

