logL = -224.382120 (converged)
AIC = 1058.764239
BIC = 1641.931256

count.K
14 5 0 11 20 

