logL = -86.545836 (converged)
AIC = 433.091672
BIC = 681.654662

count.K
5 38 7 

