logL = -131.660885 (converged)
AIC = 651.321769
BIC = 1022.254232

count.K
3 23 16 8 

