logL = -50.900082 (converged)
AIC = 661.800163
BIC = 1197.166605

count.K
10 1 4 5 11 19 

