logL = -114.007426 (converged)
AIC = 368.014853
BIC = 501.856463

count.K
41 9 

