logL = -323.330443 (converged)
AIC = 802.660886
BIC = 951.798681

count.K
29 21 

