0	tsk_0	(x)	1	:	0.493374	0.489526	0.000000	0.016804	0.000296
1	tsk_1	(x)	1	:	0.999991	0.000000	0.000000	0.000000	0.000009
2	tsk_2	(x)	1	:	0.999991	0.000000	0.000000	0.000000	0.000009
3	tsk_3	(x)	1	:	0.000224	0.462665	0.000000	0.000007	0.537103
4	tsk_4	(x)	1	:	0.000000	1.000000	0.000000	0.000000	0.000000
5	tsk_5	(x)	1	:	0.000000	1.000000	0.000000	0.000000	0.000000
6	tsk_6	(x)	1	:	0.499996	0.000000	0.500001	0.000000	0.000004
7	tsk_7	(x)	1	:	0.000000	1.000000	0.000000	0.000000	0.000000
8	tsk_8	(x)	1	:	0.000188	0.462662	0.000000	0.000019	0.537131
9	tsk_9	(x)	1	:	0.999991	0.000000	0.000000	0.000000	0.000009
10	tsk_10	(x)	1	:	0.499996	0.000000	0.500001	0.000000	0.000003
11	tsk_11	(x)	1	:	0.000000	0.000000	1.000000	0.000000	0.000000
12	tsk_12	(x)	1	:	0.499996	0.000000	0.500004	0.000000	0.000000
13	tsk_13	(x)	1	:	0.001734	0.000000	0.493828	0.489521	0.014916
14	tsk_14	(x)	1	:	0.499998	0.000000	0.500000	0.000000	0.000002
15	tsk_15	(x)	1	:	0.000000	0.000000	1.000000	0.000000	0.000000
16	tsk_16	(x)	1	:	0.000000	0.000000	0.000000	1.000000	0.000000
17	tsk_17	(x)	1	:	0.000000	0.000000	0.000000	1.000000	0.000000
18	tsk_18	(x)	1	:	0.052259	0.000000	0.000000	0.321525	0.626217
19	tsk_19	(x)	1	:	0.000000	0.000000	1.000000	0.000000	0.000000
20	tsk_20	(x)	1	:	0.999996	0.000000	0.000000	0.000000	0.000004
21	tsk_21	(x)	1	:	0.999997	0.000000	0.000000	0.000000	0.000003
22	tsk_22	(x)	1	:	0.999987	0.000000	0.000000	0.000000	0.000013
23	tsk_23	(x)	1	:	0.000000	0.462655	0.000000	0.000000	0.537345
24	tsk_24	(x)	1	:	0.999989	0.000000	0.000000	0.000000	0.000011
25	tsk_25	(x)	1	:	0.999991	0.000000	0.000000	0.000000	0.000009
26	tsk_26	(x)	1	:	0.999991	0.000000	0.000000	0.000000	0.000009
27	tsk_27	(x)	1	:	0.499997	0.000000	0.500001	0.000000	0.000003
28	tsk_28	(x)	1	:	0.999990	0.000000	0.000000	0.000000	0.000010
29	tsk_29	(x)	1	:	0.001578	0.462667	0.000000	0.000462	0.535292
30	tsk_30	(x)	1	:	0.020016	0.000000	0.000000	0.308271	0.671713
31	tsk_31	(x)	1	:	0.058866	0.000000	0.000000	0.324156	0.616978
32	tsk_32	(x)	1	:	0.000000	0.000000	0.000000	0.299110	0.700890
33	tsk_33	(x)	1	:	0.000000	0.000000	0.000000	0.300948	0.699052
34	tsk_34	(x)	1	:	0.999987	0.000000	0.000000	0.000000	0.000013
35	tsk_35	(x)	1	:	0.999995	0.000000	0.000000	0.000000	0.000005
36	tsk_36	(x)	1	:	0.999993	0.000000	0.000000	0.000000	0.000007
37	tsk_37	(x)	1	:	0.064127	0.000000	0.000000	0.326245	0.609628
38	tsk_38	(x)	1	:	0.045939	0.000000	0.000000	0.319017	0.635044
39	tsk_39	(x)	1	:	0.019708	0.000000	0.000000	0.308149	0.672143
40	tsk_40	(x)	1	:	0.000000	0.000000	1.000000	0.000000	0.000000
41	tsk_41	(x)	1	:	0.000065	0.000000	0.000000	0.000000	0.999935
42	tsk_42	(x)	1	:	0.499997	0.000000	0.500001	0.000000	0.000002
43	tsk_43	(x)	1	:	0.000000	0.000000	1.000000	0.000000	0.000000
44	tsk_44	(x)	1	:	0.999996	0.000000	0.000000	0.000000	0.000004
45	tsk_45	(x)	1	:	0.999991	0.000000	0.000000	0.000000	0.000009
46	tsk_46	(x)	1	:	0.999994	0.000000	0.000000	0.000000	0.000006
47	tsk_47	(x)	1	:	0.000219	0.000000	0.491686	0.485005	0.023090
48	tsk_48	(x)	1	:	0.000000	0.000000	0.000000	0.300696	0.699304
49	tsk_49	(x)	1	:	0.000000	0.000000	1.000000	0.000000	0.000000
