logL = -127.736182 (converged)
AIC = 659.472365
BIC = 1045.701012

count.K
38 7 1 4 

