logL = -265.605197 (converged)
AIC = 1223.210395
BIC = 1884.770354

count.K
24 3 6 9 4 4 

