logL = -27.479943 (converged)
AIC = 402.959887
BIC = 735.651889

count.K
31 3 4 12 

