logL = -341.396013 (converged)
AIC = 822.792025
BIC = 956.633635

count.K
37 13 

