logL = -142.315147 (converged)
AIC = 672.630294
BIC = 1043.562757

count.K
28 2 9 11 

