logL = -238.222490 (converged)
AIC = 904.444979
BIC = 1313.617902

count.K
8 11 19 12 

