logL = -179.582915 (converged)
AIC = 715.165831
BIC = 1055.505926

count.K
2 13 24 11 

