logL = -291.346216 (converged)
AIC = 730.692431
BIC = 872.182134

count.K
11 39 

