logL = -168.297935 (converged)
AIC = 780.595870
BIC = 1205.064977

count.K
7 8 17 18 

