logL = -534.045897 (converged)
AIC = 1856.091793
BIC = 2609.428858

count.K
8 14 5 4 6 13 

