logL = -119.126835 (converged)
AIC = 480.253669
BIC = 711.608453

count.K
3 25 22 

