logL = -175.482571 (converged)
AIC = 616.965142
BIC = 871.264202

count.K
3 33 14 

