logL = -275.896490 (converged)
AIC = 1161.792979
BIC = 1744.959996

count.K
6 11 11 2 20 

