logL = -131.262118 (converged)
AIC = 402.524237
BIC = 536.365847

count.K
36 14 

