logL = -125.937904 (converged)
AIC = 631.875808
BIC = 995.160179

count.K
22 9 9 10 

