logL = -198.356701 (converged)
AIC = 936.713401
BIC = 1452.959613

count.K
7 19 5 6 13 

