logL = -52.813351 (converged)
AIC = 595.626703
BIC = 1064.072339

count.K
5 8 27 2 8 

