logL = -205.548310 (converged)
AIC = 839.096620
BIC = 1248.269543

count.K
26 13 5 6 

