logL = -87.087466 (converged)
AIC = 818.174932
BIC = 1433.846339

count.K
34 4 3 1 5 3 

