logL = -161.627704 (converged)
AIC = 595.255407
BIC = 855.290536

count.K
25 7 18 

