logL = -176.552295 (converged)
AIC = 725.104590
BIC = 1080.740869

count.K
10 15 18 7 

