0	tsk_0	(x)	1	:	0.020116	0.381005	0.051590	0.486599	0.030861	0.029829
1	tsk_1	(x)	1	:	0.000000	0.000000	0.000000	1.000000	0.000000	0.000000
2	tsk_2	(x)	1	:	0.000000	0.000000	0.000000	1.000000	0.000000	0.000000
3	tsk_3	(x)	1	:	0.000000	0.000000	0.000000	1.000000	0.000000	0.000000
4	tsk_4	(x)	1	:	0.000003	0.000001	0.246054	0.000000	0.271590	0.482352
5	tsk_5	(x)	1	:	0.022728	0.000001	0.116389	0.486348	0.150535	0.224000
6	tsk_6	(x)	1	:	0.000000	0.000000	0.000000	1.000000	0.000000	0.000000
7	tsk_7	(x)	1	:	0.000000	0.000000	0.000000	1.000000	0.000000	0.000000
8	tsk_8	(x)	1	:	0.000000	0.000000	0.000000	1.000000	0.000000	0.000000
9	tsk_9	(x)	1	:	0.000000	0.000000	0.000000	1.000000	0.000000	0.000000
10	tsk_10	(x)	1	:	0.999970	0.000000	0.000016	0.000000	0.000008	0.000006
11	tsk_11	(x)	1	:	0.999980	0.000000	0.000010	0.000000	0.000007	0.000003
12	tsk_12	(x)	1	:	0.999976	0.000000	0.000012	0.000000	0.000006	0.000006
13	tsk_13	(x)	1	:	0.999971	0.000000	0.000019	0.000000	0.000001	0.000009
14	tsk_14	(x)	1	:	0.499994	0.000000	0.065465	0.000000	0.109853	0.324688
15	tsk_15	(x)	1	:	0.999975	0.000000	0.000010	0.000000	0.000010	0.000005
16	tsk_16	(x)	1	:	0.999972	0.000000	0.000014	0.000000	0.000007	0.000007
17	tsk_17	(x)	1	:	0.498981	0.379342	0.018651	0.000000	0.048935	0.054091
18	tsk_18	(x)	1	:	0.999970	0.000000	0.000015	0.000000	0.000007	0.000008
19	tsk_19	(x)	1	:	0.498722	0.379134	0.055050	0.000000	0.027522	0.039571
20	tsk_20	(x)	1	:	0.000006	0.000001	0.339590	0.000000	0.143596	0.516806
21	tsk_21	(x)	1	:	0.000011	0.000003	0.313772	0.000000	0.141503	0.544711
22	tsk_22	(x)	1	:	0.000014	0.000002	0.378524	0.000000	0.287053	0.334408
23	tsk_23	(x)	1	:	0.000011	0.000002	0.267646	0.000000	0.359061	0.373280
24	tsk_24	(x)	1	:	0.000016	0.000002	0.104600	0.000000	0.239603	0.655779
25	tsk_25	(x)	1	:	0.002517	0.000000	0.164725	0.529945	0.254180	0.048634
26	tsk_26	(x)	1	:	0.000016	0.000004	0.138450	0.000000	0.620003	0.241527
27	tsk_27	(x)	1	:	0.003896	0.000000	0.103944	0.529852	0.298247	0.064061
28	tsk_28	(x)	1	:	0.000008	0.000001	0.259529	0.000000	0.289429	0.451033
29	tsk_29	(x)	1	:	0.000004	0.000002	0.151200	0.000000	0.332068	0.516726
30	tsk_30	(x)	1	:	0.000009	0.000002	0.320496	0.000000	0.120987	0.558506
31	tsk_31	(x)	1	:	0.000011	0.000002	0.273952	0.000000	0.247714	0.478320
32	tsk_32	(x)	1	:	0.000000	0.000001	0.231329	0.000000	0.374278	0.394393
33	tsk_33	(x)	1	:	0.000005	0.380157	0.166637	0.000000	0.119760	0.333443
34	tsk_34	(x)	1	:	0.000009	0.000002	0.200126	0.000000	0.279636	0.520228
35	tsk_35	(x)	1	:	0.000012	0.000002	0.146736	0.000000	0.166401	0.686849
36	tsk_36	(x)	1	:	0.000005	0.000002	0.221277	0.000000	0.245852	0.532864
37	tsk_37	(x)	1	:	0.000008	0.000003	0.244942	0.000000	0.167109	0.587939
38	tsk_38	(x)	1	:	0.000012	0.000003	0.673797	0.000000	0.000000	0.326187
39	tsk_39	(x)	1	:	0.000005	0.000002	0.259320	0.000000	0.145619	0.595054
40	tsk_40	(x)	1	:	0.000004	0.000001	0.191850	0.000000	0.315143	0.493002
41	tsk_41	(x)	1	:	0.000000	0.999993	0.000002	0.000000	0.000001	0.000004
42	tsk_42	(x)	1	:	0.000000	0.998133	0.000975	0.000000	0.000159	0.000733
43	tsk_43	(x)	1	:	0.000000	0.999993	0.000003	0.000000	0.000001	0.000002
44	tsk_44	(x)	1	:	0.000006	0.380157	0.201125	0.000000	0.169084	0.249628
45	tsk_45	(x)	1	:	0.000000	0.999993	0.000002	0.000000	0.000001	0.000004
46	tsk_46	(x)	1	:	0.000008	0.000001	0.331573	0.000000	0.418839	0.249580
47	tsk_47	(x)	1	:	0.000004	0.621203	0.087047	0.000000	0.144992	0.146754
48	tsk_48	(x)	1	:	0.000010	0.000003	0.212189	0.000000	0.239620	0.548177
49	tsk_49	(x)	1	:	0.000000	1.000000	0.000000	0.000000	0.000000	0.000000
