logL = -305.128720 (converged)
AIC = 1290.257441
BIC = 1940.345263

count.K
7 2 10 8 20 3 

