logL = -239.246720 (converged)
AIC = 810.493439
BIC = 1127.889258

count.K
24 4 22 

