logL = -85.847086 (converged)
AIC = 803.694172
BIC = 1407.893441

count.K
11 4 7 7 13 8 

