logL = -119.159046 (converged)
AIC = 362.318092
BIC = 480.863519

count.K
3 47 

