logL = -345.032738 (converged)
AIC = 998.065476
BIC = 1292.517019

count.K
17 18 15 

