logL = -187.044536 (converged)
AIC = 1006.089073
BIC = 1610.288343

count.K
25 3 5 6 5 6 

