logL = -168.589717 (converged)
AIC = 481.179433
BIC = 618.845090

count.K
18 32 

