logL = -272.510278 (converged)
AIC = 1125.020556
BIC = 1679.507228

count.K
8 7 14 6 15 

