logL = -242.141979 (converged)
AIC = 628.283957
BIC = 765.949613

count.K
13 37 

