logL = -105.557644 (converged)
AIC = 741.115288
BIC = 1247.801384

count.K
3 23 2 18 4 

