logL = -229.053203 (converged)
AIC = 614.106405
BIC = 763.244200

count.K
32 18 

