logL = -73.914939 (converged)
AIC = 657.829878
BIC = 1145.395745

count.K
23 0 5 3 19 

