logL = -49.648218 (converged)
AIC = 447.296436
BIC = 779.988439

count.K
29 6 14 1 

