logL = -424.361178 (converged)
AIC = 1696.722356
BIC = 2507.420111

count.K
14 11 5 8 2 10 

