logL = -136.018010 (converged)
AIC = 408.036020
BIC = 538.053585

count.K
34 16 

