logL = -220.093630 (converged)
AIC = 718.187259
BIC = 983.958457

count.K
22 8 20 

