logL = -268.733893 (converged)
AIC = 1107.467786
BIC = 1652.394342

count.K
7 9 19 8 7 

