logL = -120.192313 (converged)
AIC = 908.384626
BIC = 1547.000310

count.K
12 14 2 6 5 11 

