0	tsk_0	(x)	1	:	0.000000	0.491498	0.000323	0.014079	0.478606	0.015495
1	tsk_1	(x)	1	:	0.000000	0.469401	0.000133	0.001608	0.528847	0.000011
2	tsk_2	(x)	1	:	0.494341	0.000000	0.505659	0.000000	0.000000	0.000000
3	tsk_3	(x)	1	:	0.000000	0.000000	0.502197	0.000005	0.477289	0.020510
4	tsk_4	(x)	1	:	0.000000	0.000000	0.502182	0.000006	0.477235	0.020577
5	tsk_5	(x)	1	:	0.493691	0.000000	0.009429	0.000000	0.478775	0.018105
6	tsk_6	(x)	1	:	0.491228	0.493102	0.003354	0.012316	0.000000	0.000000
7	tsk_7	(x)	1	:	0.000000	0.493734	0.483184	0.023082	0.000000	0.000000
8	tsk_8	(x)	1	:	0.000000	0.000000	0.000000	0.000000	1.000000	0.000000
9	tsk_9	(x)	1	:	0.493956	0.000000	0.008851	0.000000	0.478539	0.018653
10	tsk_10	(x)	1	:	0.000000	0.492035	0.481489	0.026476	0.000000	0.000000
11	tsk_11	(x)	1	:	0.000000	0.000000	1.000000	0.000000	0.000000	0.000000
12	tsk_12	(x)	1	:	0.000000	0.000000	1.000000	0.000000	0.000000	0.000000
13	tsk_13	(x)	1	:	0.494341	0.000000	0.505659	0.000000	0.000000	0.000000
14	tsk_14	(x)	1	:	0.000000	0.000000	1.000000	0.000000	0.000000	0.000000
15	tsk_15	(x)	1	:	0.000000	0.000000	1.000000	0.000000	0.000000	0.000000
16	tsk_16	(x)	1	:	0.494341	0.000000	0.505659	0.000000	0.000000	0.000000
17	tsk_17	(x)	1	:	0.000000	0.494853	0.484300	0.020847	0.000000	0.000000
18	tsk_18	(x)	1	:	0.491554	0.495330	0.003976	0.009140	0.000000	0.000000
19	tsk_19	(x)	1	:	0.000000	0.000000	1.000000	0.000000	0.000000	0.000000
20	tsk_20	(x)	1	:	0.491258	0.492547	0.002658	0.013536	0.000000	0.000000
21	tsk_21	(x)	1	:	0.000000	0.495649	0.485094	0.019257	0.000000	0.000000
22	tsk_22	(x)	1	:	0.000000	0.492777	0.482229	0.024993	0.000000	0.000000
23	tsk_23	(x)	1	:	0.000000	0.402042	0.597958	0.000000	0.000000	0.000000
24	tsk_24	(x)	1	:	0.000000	0.999970	0.000000	0.000030	0.000000	0.000000
25	tsk_25	(x)	1	:	0.000000	0.999966	0.000000	0.000034	0.000000	0.000000
26	tsk_26	(x)	1	:	0.000000	0.493102	0.482553	0.024345	0.000000	0.000000
27	tsk_27	(x)	1	:	0.000000	0.999958	0.000000	0.000042	0.000000	0.000000
28	tsk_28	(x)	1	:	0.000000	0.493853	0.483303	0.022844	0.000000	0.000000
29	tsk_29	(x)	1	:	0.000000	0.999936	0.000000	0.000064	0.000000	0.000000
30	tsk_30	(x)	1	:	0.493558	0.000000	0.010722	0.000000	0.000000	0.495720
31	tsk_31	(x)	1	:	0.493521	0.000000	0.010795	0.000000	0.000000	0.495684
32	tsk_32	(x)	1	:	0.000000	0.000000	0.000000	0.000000	0.000000	1.000000
33	tsk_33	(x)	1	:	0.000000	0.491340	0.000806	0.014757	0.000000	0.493096
34	tsk_34	(x)	1	:	0.000000	0.000000	0.444861	0.000017	0.000000	0.555123
35	tsk_35	(x)	1	:	0.493909	0.000000	0.008945	0.000000	0.478545	0.018601
36	tsk_36	(x)	1	:	0.493610	0.000000	0.010621	0.000000	0.000000	0.495769
37	tsk_37	(x)	1	:	0.000000	0.491354	0.000484	0.015037	0.000000	0.493125
38	tsk_38	(x)	1	:	0.000000	0.000000	0.000000	0.000000	0.000000	1.000000
39	tsk_39	(x)	1	:	1.000000	0.000000	0.000000	0.000000	0.000000	0.000000
40	tsk_40	(x)	1	:	0.528168	0.000000	0.000028	0.000000	0.464262	0.007542
41	tsk_41	(x)	1	:	0.535826	0.463952	0.000003	0.000219	0.000000	0.000000
42	tsk_42	(x)	1	:	0.000000	0.491513	0.000161	0.014254	0.478857	0.015215
43	tsk_43	(x)	1	:	0.000000	0.491493	0.000234	0.014179	0.478685	0.015409
44	tsk_44	(x)	1	:	0.000000	0.491499	0.000253	0.014195	0.478828	0.015224
45	tsk_45	(x)	1	:	0.000000	0.499915	0.000000	0.500085	0.000000	0.000000
46	tsk_46	(x)	1	:	0.000000	0.000000	0.000005	0.999995	0.000000	0.000000
47	tsk_47	(x)	1	:	0.000000	0.499918	0.000000	0.500082	0.000000	0.000000
48	tsk_48	(x)	1	:	0.000000	0.499914	0.000000	0.500086	0.000000	0.000000
49	tsk_49	(x)	1	:	0.000000	0.499904	0.000000	0.500096	0.000000	0.000000
