logL = -111.607421 (converged)
AIC = 627.214843
BIC = 1013.443490

count.K
4 2 14 30 

