logL = -88.325671 (converged)
AIC = 300.651343
BIC = 419.196769

count.K
14 36 

