logL = -269.950492 (converged)
AIC = 1089.900985
BIC = 1615.707311

count.K
11 5 27 2 5 

