logL = -263.784350 (converged)
AIC = 1243.568700
BIC = 1928.072936

count.K
19 1 9 3 17 1 

