logL = -305.828463 (converged)
AIC = 767.656925
BIC = 916.794719

count.K
12 38 

