logL = -107.329785 (converged)
AIC = 462.659570
BIC = 699.750422

count.K
3 33 14 

