logL = -41.236461 (converged)
AIC = 532.472923
BIC = 962.678099

count.K
14 3 19 6 8 

