logL = -113.214490 (converged)
AIC = 676.428980
BIC = 1106.634156

count.K
25 9 9 6 1 

