logL = -71.904676 (converged)
AIC = 385.809352
BIC = 617.164135

count.K
22 8 20 

