logL = -88.720515 (converged)
AIC = 773.441030
BIC = 1343.223886

count.K
12 2 3 4 25 4 

