logL = -93.779531 (converged)
AIC = 575.559063
BIC = 946.491526

count.K
1 3 17 29 

