0	tsk_0	(x)	1	:	0.521413	0.477384	0.000000	0.001202
1	tsk_1	(x)	1	:	0.521785	0.477444	0.000000	0.000772
2	tsk_2	(x)	1	:	1.000000	0.000000	0.000000	0.000000
3	tsk_3	(x)	1	:	0.263413	0.000000	0.018057	0.718530
4	tsk_4	(x)	1	:	0.521538	0.477404	0.000000	0.001058
5	tsk_5	(x)	1	:	0.203989	0.000000	0.001224	0.794787
6	tsk_6	(x)	1	:	0.999902	0.000000	0.000000	0.000098
7	tsk_7	(x)	1	:	0.999913	0.000000	0.000000	0.000087
8	tsk_8	(x)	1	:	1.000000	0.000000	0.000000	0.000000
9	tsk_9	(x)	1	:	0.999915	0.000000	0.000000	0.000085
10	tsk_10	(x)	1	:	0.479050	0.520889	0.000000	0.000061
11	tsk_11	(x)	1	:	0.000000	1.000000	0.000000	0.000000
12	tsk_12	(x)	1	:	0.527032	0.472594	0.000000	0.000374
13	tsk_13	(x)	1	:	0.527029	0.472594	0.000000	0.000377
14	tsk_14	(x)	1	:	0.000000	0.559318	0.440682	0.000000
15	tsk_15	(x)	1	:	1.000000	0.000000	0.000000	0.000000
16	tsk_16	(x)	1	:	0.000000	1.000000	0.000000	0.000000
17	tsk_17	(x)	1	:	0.000000	0.000000	0.488264	0.511736
18	tsk_18	(x)	1	:	0.526988	0.472588	0.000000	0.000424
19	tsk_19	(x)	1	:	0.479040	0.520888	0.000000	0.000072
20	tsk_20	(x)	1	:	0.000000	0.471870	0.528130	0.000000
21	tsk_21	(x)	1	:	0.000000	0.526615	0.000000	0.473385
22	tsk_22	(x)	1	:	0.000000	1.000000	0.000000	0.000000
23	tsk_23	(x)	1	:	0.000000	0.000000	0.543947	0.456053
24	tsk_24	(x)	1	:	0.000000	0.501653	0.000000	0.498346
25	tsk_25	(x)	1	:	0.000000	0.469874	0.000000	0.530126
26	tsk_26	(x)	1	:	0.000000	0.473065	0.526935	0.000000
27	tsk_27	(x)	1	:	0.479949	0.519977	0.000000	0.000074
28	tsk_28	(x)	1	:	0.000000	0.467777	0.532223	0.000000
29	tsk_29	(x)	1	:	0.000000	0.525547	0.000000	0.474453
30	tsk_30	(x)	1	:	0.000000	0.000000	1.000000	0.000000
31	tsk_31	(x)	1	:	0.000000	0.000000	0.495449	0.504551
32	tsk_32	(x)	1	:	0.000000	0.000000	1.000000	0.000000
33	tsk_33	(x)	1	:	0.000000	0.000000	1.000000	0.000000
34	tsk_34	(x)	1	:	0.000000	0.000000	0.801623	0.198377
35	tsk_35	(x)	1	:	0.583286	0.000000	0.366486	0.050228
36	tsk_36	(x)	1	:	0.205439	0.000000	0.000000	0.794561
37	tsk_37	(x)	1	:	1.000000	0.000000	0.000000	0.000000
38	tsk_38	(x)	1	:	0.000000	0.000000	1.000000	0.000000
39	tsk_39	(x)	1	:	0.511766	0.000000	0.487958	0.000276
40	tsk_40	(x)	1	:	0.000000	0.000000	0.331728	0.668272
41	tsk_41	(x)	1	:	0.000000	0.526615	0.000000	0.473385
42	tsk_42	(x)	1	:	0.000000	0.000000	0.000000	1.000000
43	tsk_43	(x)	1	:	0.000000	0.000000	0.000000	0.999999
44	tsk_44	(x)	1	:	0.000000	0.000000	0.000000	1.000000
45	tsk_45	(x)	1	:	0.000000	0.000000	0.000000	1.000000
46	tsk_46	(x)	1	:	0.000000	0.000000	0.000000	1.000000
47	tsk_47	(x)	1	:	0.000000	0.000000	0.000000	1.000000
48	tsk_48	(x)	1	:	0.000000	0.000000	0.000000	1.000000
49	tsk_49	(x)	1	:	0.000000	0.000000	0.331728	0.668272
