logL = -135.096662 (converged)
AIC = 914.193325
BIC = 1529.864733

count.K
1 0 11 22 14 2 

