logL = -107.657330 (converged)
AIC = 735.314661
BIC = 1232.440642

count.K
12 2 3 6 27 

