logL = -273.274862 (converged)
AIC = 1214.549725
BIC = 1853.165408

count.K
3 0 7 16 5 19 

