logL = -157.090542 (converged)
AIC = 718.181084
BIC = 1104.409731

count.K
10 21 7 12 

