logL = -210.693629 (converged)
AIC = 961.387259
BIC = 1477.633470

count.K
5 15 11 8 11 

