logL = -121.512950 (converged)
AIC = 935.025900
BIC = 1596.585860

count.K
20 8 3 2 13 4 

