logL = -357.065375 (converged)
AIC = 1016.130751
BIC = 1304.846225

count.K
16 10 24 

