logL = -328.794972 (converged)
AIC = 1133.589945
BIC = 1588.651420

count.K
14 17 8 11 

