logL = -220.132457 (converged)
AIC = 584.264914
BIC = 721.930571

count.K
20 30 

