logL = -204.465508 (converged)
AIC = 968.931016
BIC = 1504.297458

count.K
15 6 5 13 11 

