logL = -92.384256 (converged)
AIC = 316.768511
BIC = 442.962030

count.K
9 41 

