logL = -166.980123 (converged)
AIC = 729.960247
BIC = 1108.540802

count.K
8 11 27 4 

