logL = -171.360604 (converged)
AIC = 608.721207
BIC = 863.020267

count.K
8 33 9 

