logL = -142.308166 (converged)
AIC = 696.616333
BIC = 1090.493072

count.K
3 9 7 31 

