logL = -82.461298 (converged)
AIC = 772.922596
BIC = 1354.177590

count.K
4 1 14 12 17 2 

