logL = -207.513563 (converged)
AIC = 687.027125
BIC = 947.062254

count.K
18 19 13 

