logL = -447.687787 (converged)
AIC = 1063.375575
BIC = 1223.985507

count.K
41 9 

