0	tsk_0	(x)	1	:	0.000000	0.456319	0.000390	0.000000	0.543291	0.000000
1	tsk_1	(x)	1	:	0.000000	0.029727	0.023526	0.479494	0.467252	0.000001
2	tsk_2	(x)	1	:	0.000001	0.999998	0.000001	0.000000	0.000000	0.000000
3	tsk_3	(x)	1	:	0.000000	0.497095	0.039177	0.000000	0.463727	0.000001
4	tsk_4	(x)	1	:	0.000000	0.000000	0.000000	0.000000	0.535501	0.464499
5	tsk_5	(x)	1	:	0.000000	0.000000	0.194781	0.000000	0.555933	0.249287
6	tsk_6	(x)	1	:	0.000000	0.456267	0.000452	0.000000	0.543280	0.000000
7	tsk_7	(x)	1	:	0.000001	0.999999	0.000000	0.000000	0.000000	0.000000
8	tsk_8	(x)	1	:	0.000000	0.000000	0.000000	0.000000	1.000000	0.000000
9	tsk_9	(x)	1	:	0.598825	0.000000	0.401175	0.000000	0.000000	0.000000
10	tsk_10	(x)	1	:	0.999816	0.000184	0.000000	0.000000	0.000000	0.000000
11	tsk_11	(x)	1	:	0.999022	0.000978	0.000000	0.000000	0.000000	0.000000
12	tsk_12	(x)	1	:	0.000002	0.999998	0.000001	0.000000	0.000000	0.000000
13	tsk_13	(x)	1	:	0.579660	0.000000	0.000001	0.000000	0.420339	0.000000
14	tsk_14	(x)	1	:	0.000001	0.999999	0.000000	0.000000	0.000000	0.000000
15	tsk_15	(x)	1	:	0.000002	0.999997	0.000001	0.000000	0.000000	0.000000
16	tsk_16	(x)	1	:	0.000001	0.497437	0.038744	0.000000	0.463818	0.000001
17	tsk_17	(x)	1	:	0.000001	0.672365	0.000002	0.327632	0.000000	0.000000
18	tsk_18	(x)	1	:	0.000001	0.499762	0.035701	0.000000	0.464536	0.000001
19	tsk_19	(x)	1	:	0.530630	0.000001	0.260584	0.208785	0.000000	0.000000
20	tsk_20	(x)	1	:	0.000000	0.000000	0.500000	0.000000	0.000000	0.500000
21	tsk_21	(x)	1	:	0.000000	0.000000	1.000000	0.000000	0.000000	0.000000
22	tsk_22	(x)	1	:	0.000000	0.000000	1.000000	0.000000	0.000000	0.000000
23	tsk_23	(x)	1	:	0.000000	0.499998	0.500001	0.000000	0.000000	0.000000
24	tsk_24	(x)	1	:	0.000000	0.000000	1.000000	0.000000	0.000000	0.000000
25	tsk_25	(x)	1	:	0.000000	0.000000	1.000000	0.000000	0.000000	0.000000
26	tsk_26	(x)	1	:	0.000001	0.500007	0.499992	0.000000	0.000000	0.000000
27	tsk_27	(x)	1	:	0.000001	0.499999	0.500000	0.000000	0.000000	0.000000
28	tsk_28	(x)	1	:	0.000000	0.000000	1.000000	0.000000	0.000000	0.000000
29	tsk_29	(x)	1	:	0.000001	0.500006	0.499994	0.000000	0.000000	0.000000
30	tsk_30	(x)	1	:	0.000000	0.519637	0.000001	0.480362	0.000000	0.000000
31	tsk_31	(x)	1	:	0.000000	0.033024	0.242992	0.473814	0.000000	0.250169
32	tsk_32	(x)	1	:	0.000001	0.999998	0.000000	0.000000	0.000000	0.000000
33	tsk_33	(x)	1	:	0.000000	0.000000	0.000000	1.000000	0.000000	0.000000
34	tsk_34	(x)	1	:	0.000000	0.519625	0.000000	0.480375	0.000000	0.000000
35	tsk_35	(x)	1	:	0.000000	0.030956	0.244089	0.474821	0.000000	0.250133
36	tsk_36	(x)	1	:	0.000000	0.500069	0.499931	0.000000	0.000000	0.000000
37	tsk_37	(x)	1	:	0.000000	0.000000	0.000000	1.000000	0.000000	0.000000
38	tsk_38	(x)	1	:	0.000000	0.499999	0.500001	0.000000	0.000000	0.000000
39	tsk_39	(x)	1	:	0.000000	0.000000	0.000000	1.000000	0.000000	0.000000
40	tsk_40	(x)	1	:	0.000000	0.000000	0.000000	0.000000	0.000000	1.000000
41	tsk_41	(x)	1	:	0.000001	0.488805	0.016743	0.000000	0.000000	0.494452
42	tsk_42	(x)	1	:	0.000000	0.000000	0.000000	0.000000	0.000000	1.000000
43	tsk_43	(x)	1	:	0.000000	0.000000	0.000000	0.000000	0.000000	1.000000
44	tsk_44	(x)	1	:	0.000002	0.999997	0.000001	0.000000	0.000000	0.000000
45	tsk_45	(x)	1	:	0.000001	0.999999	0.000000	0.000000	0.000000	0.000000
46	tsk_46	(x)	1	:	0.000000	0.489023	0.016475	0.000000	0.000000	0.494502
47	tsk_47	(x)	1	:	0.000001	0.999998	0.000001	0.000000	0.000000	0.000000
48	tsk_48	(x)	1	:	0.000001	0.999999	0.000000	0.000000	0.000000	0.000000
49	tsk_49	(x)	1	:	0.000000	0.519625	0.000000	0.480375	0.000000	0.000000
