logL = -300.868253 (converged)
AIC = 1305.736507
BIC = 1978.768604

count.K
1 3 13 5 28 0 

