logL = -266.512752 (converged)
AIC = 693.025504
BIC = 845.987344

count.K
24 26 

