logL = -107.969671 (converged)
AIC = 823.939342
BIC = 1405.194336

count.K
2 7 2 11 14 14 

