logL = -116.023399 (converged)
AIC = 752.046798
BIC = 1249.172779

count.K
6 27 13 0 4 

