logL = -36.679279 (converged)
AIC = 413.358559
BIC = 738.402470

count.K
21 0 1 28 

