logL = -22.663895 (converged)
AIC = 505.327791
BIC = 945.093082

count.K
1 5 1 39 4 

