0	tsk_0	(x)	1	:	0.000000	0.000000	0.000000	1.000000	0.000000
1	tsk_1	(x)	1	:	0.000000	0.000000	0.000000	1.000000	0.000000
2	tsk_2	(x)	1	:	0.000000	0.000000	0.000000	1.000000	0.000000
3	tsk_3	(x)	1	:	0.000000	0.000000	0.478376	0.521624	0.000000
4	tsk_4	(x)	1	:	0.000000	0.000000	0.450323	0.450554	0.099124
5	tsk_5	(x)	1	:	0.000000	0.000000	0.999982	0.000000	0.000018
6	tsk_6	(x)	1	:	0.000000	0.000000	0.999977	0.000000	0.000023
7	tsk_7	(x)	1	:	0.000000	0.999955	0.000002	0.000000	0.000043
8	tsk_8	(x)	1	:	0.000000	0.000000	0.450631	0.450609	0.098760
9	tsk_9	(x)	1	:	0.000000	0.452496	0.000000	0.451013	0.096491
10	tsk_10	(x)	1	:	0.000000	0.452506	0.000000	0.000000	0.547494
11	tsk_11	(x)	1	:	0.580854	0.000000	0.000000	0.000000	0.419146
12	tsk_12	(x)	1	:	0.580853	0.000003	0.000000	0.000000	0.419145
13	tsk_13	(x)	1	:	0.580849	0.000000	0.000000	0.000000	0.419151
14	tsk_14	(x)	1	:	1.000000	0.000000	0.000000	0.000000	0.000000
15	tsk_15	(x)	1	:	0.000000	0.452836	0.319965	0.000000	0.227199
16	tsk_16	(x)	1	:	0.000000	0.999971	0.000003	0.000000	0.000026
17	tsk_17	(x)	1	:	0.000000	0.000000	0.319870	0.000000	0.680130
18	tsk_18	(x)	1	:	0.000000	0.999984	0.000003	0.000000	0.000013
19	tsk_19	(x)	1	:	0.565397	0.430053	0.000003	0.000000	0.004547
20	tsk_20	(x)	1	:	0.328797	0.000001	0.000000	0.516855	0.154346
21	tsk_21	(x)	1	:	0.000000	0.000000	0.000000	0.000000	1.000000
22	tsk_22	(x)	1	:	0.893072	0.000002	0.000003	0.000000	0.106923
23	tsk_23	(x)	1	:	0.000000	0.000000	0.000000	0.000000	1.000000
24	tsk_24	(x)	1	:	0.000000	0.000000	0.000000	0.000000	1.000000
25	tsk_25	(x)	1	:	0.329041	0.000000	0.000000	0.000000	0.670959
26	tsk_26	(x)	1	:	0.000000	0.000002	0.000000	0.000000	0.999998
27	tsk_27	(x)	1	:	0.329985	0.000000	0.454279	0.000000	0.215736
28	tsk_28	(x)	1	:	0.329039	0.000000	0.000000	0.000000	0.670961
29	tsk_29	(x)	1	:	0.329008	0.000000	0.000000	0.000000	0.670992
30	tsk_30	(x)	1	:	0.249856	0.000000	0.000000	0.451109	0.299035
31	tsk_31	(x)	1	:	0.000000	0.000000	0.000000	0.000000	1.000000
32	tsk_32	(x)	1	:	0.000000	0.000001	0.000000	0.516873	0.483126
33	tsk_33	(x)	1	:	0.000000	0.000003	0.000000	0.516874	0.483123
34	tsk_34	(x)	1	:	0.000000	0.000000	0.000000	1.000000	0.000000
35	tsk_35	(x)	1	:	0.000000	0.000000	0.000000	0.000000	1.000000
36	tsk_36	(x)	1	:	0.249852	0.000000	0.000000	0.451106	0.299042
37	tsk_37	(x)	1	:	0.000000	0.452507	0.000000	0.000000	0.547493
38	tsk_38	(x)	1	:	0.000000	0.000002	0.000000	0.516874	0.483124
39	tsk_39	(x)	1	:	0.000000	0.000000	0.000000	0.000000	1.000000
40	tsk_40	(x)	1	:	0.000000	0.453134	0.453689	0.000000	0.093177
41	tsk_41	(x)	1	:	0.000000	0.451296	0.000000	0.516653	0.032051
42	tsk_42	(x)	1	:	0.000000	0.451806	0.000001	0.502990	0.045203
43	tsk_43	(x)	1	:	0.000000	0.999970	0.000002	0.000000	0.000028
44	tsk_44	(x)	1	:	0.000000	0.453180	0.453734	0.000000	0.093085
45	tsk_45	(x)	1	:	0.000000	0.999993	0.000000	0.000000	0.000007
46	tsk_46	(x)	1	:	0.000000	0.450984	0.000001	0.516597	0.032418
47	tsk_47	(x)	1	:	0.000000	0.528099	0.000002	0.471814	0.000085
48	tsk_48	(x)	1	:	0.000000	0.450848	0.000000	0.516573	0.032579
49	tsk_49	(x)	1	:	0.000000	0.528118	0.000002	0.471817	0.000064
