logL = -145.404829 (converged)
AIC = 678.809658
BIC = 1049.742121

count.K
10 6 19 15 

