logL = -217.114514 (converged)
AIC = 586.229027
BIC = 731.542776

count.K
28 22 

