logL = -118.481682 (converged)
AIC = 478.963365
BIC = 710.318148

count.K
9 27 14 

