logL = -214.256824 (converged)
AIC = 1180.513648
BIC = 1899.434298

count.K
12 7 3 9 14 5 

