logL = -171.066475 (converged)
AIC = 1010.132950
BIC = 1648.748634

count.K
0 6 19 4 10 11 

