logL = -239.788309 (converged)
AIC = 1039.576618
BIC = 1574.943060

count.K
13 27 3 5 2 

