logL = -540.863044 (converged)
AIC = 1257.726088
BIC = 1425.984113

count.K
20 30 

