logL = -97.041882 (converged)
AIC = 704.083764
BIC = 1191.649630

count.K
27 8 4 9 2 

