0	tsk_0	(x)	1	:	0.000000	0.000000	0.000000	0.000000	0.000000	1.000000
1	tsk_1	(x)	1	:	0.000000	0.000000	0.000000	0.000000	1.000000	0.000000
2	tsk_2	(x)	1	:	0.000000	0.000000	0.000000	1.000000	0.000000	0.000000
3	tsk_3	(x)	1	:	0.000000	0.000000	0.000000	0.291286	0.708714	0.000000
4	tsk_4	(x)	1	:	0.000000	0.000000	0.000000	1.000000	0.000000	0.000000
5	tsk_5	(x)	1	:	0.000000	0.000000	0.000000	0.293970	0.706030	0.000000
6	tsk_6	(x)	1	:	0.000000	0.000000	0.000000	0.712377	0.287622	0.000000
7	tsk_7	(x)	1	:	0.000000	0.000000	0.000000	1.000000	0.000000	0.000000
8	tsk_8	(x)	1	:	0.000000	0.000000	0.000000	1.000000	0.000000	0.000000
9	tsk_9	(x)	1	:	0.000000	0.000000	0.420578	0.000000	0.500000	0.079422
10	tsk_10	(x)	1	:	0.000000	0.000000	0.000000	0.551441	0.448559	0.000000
11	tsk_11	(x)	1	:	0.000000	0.000000	0.607241	0.000000	0.000000	0.392759
12	tsk_12	(x)	1	:	0.000000	0.000000	0.000000	0.805455	0.194545	0.000000
13	tsk_13	(x)	1	:	0.000000	0.000000	0.253111	0.246035	0.253965	0.246889
14	tsk_14	(x)	1	:	0.000000	0.000000	0.242974	0.000000	0.000000	0.757026
15	tsk_15	(x)	1	:	0.000000	0.000000	0.409953	0.330337	0.169663	0.090047
16	tsk_16	(x)	1	:	0.000000	0.000000	0.000000	0.000000	1.000000	0.000000
17	tsk_17	(x)	1	:	0.000000	0.000000	0.318952	0.246831	0.253169	0.181048
18	tsk_18	(x)	1	:	0.000000	0.000000	0.324468	0.000000	0.500000	0.175532
19	tsk_19	(x)	1	:	0.000000	0.000000	0.488270	0.000000	0.000000	0.511729
20	tsk_20	(x)	1	:	0.000000	0.000000	0.731733	0.000000	0.000000	0.268267
21	tsk_21	(x)	1	:	0.000000	0.000000	0.334752	0.000000	0.000000	0.665248
22	tsk_22	(x)	1	:	0.000000	0.000000	0.402477	0.000000	0.000000	0.597523
23	tsk_23	(x)	1	:	0.000000	0.000000	0.724012	0.000000	0.000000	0.275988
24	tsk_24	(x)	1	:	0.000000	0.000000	0.391686	0.122920	0.377080	0.108314
25	tsk_25	(x)	1	:	0.000000	0.305231	0.391096	0.000000	0.000000	0.303673
26	tsk_26	(x)	1	:	0.000000	0.000000	0.478584	0.244679	0.255321	0.021416
27	tsk_27	(x)	1	:	0.000000	0.000000	0.000000	0.620102	0.379898	0.000000
28	tsk_28	(x)	1	:	0.000000	0.000000	0.325383	0.000000	0.000000	0.674617
29	tsk_29	(x)	1	:	0.000000	0.000000	1.000000	0.000000	0.000000	0.000000
30	tsk_30	(x)	1	:	0.556419	0.000000	0.000000	0.205665	0.237916	0.000000
31	tsk_31	(x)	1	:	0.000000	0.000000	0.499100	0.000000	0.000000	0.500900
32	tsk_32	(x)	1	:	0.000000	0.000000	0.513158	0.000000	0.000000	0.486842
33	tsk_33	(x)	1	:	0.000000	0.400972	0.031678	0.000000	0.499822	0.067527
34	tsk_34	(x)	1	:	0.340269	0.000000	0.145839	0.000000	0.507520	0.006373
35	tsk_35	(x)	1	:	0.000000	0.000000	0.800470	0.000000	0.000000	0.199530
36	tsk_36	(x)	1	:	0.000000	0.000000	0.652979	0.000000	0.000000	0.347021
37	tsk_37	(x)	1	:	0.000000	0.000000	0.648359	0.000000	0.000000	0.351641
38	tsk_38	(x)	1	:	0.000000	1.000000	0.000000	0.000000	0.000000	0.000000
39	tsk_39	(x)	1	:	0.000000	0.000000	0.000000	0.290606	0.709394	0.000000
40	tsk_40	(x)	1	:	0.000000	0.000000	1.000000	0.000000	0.000000	0.000000
41	tsk_41	(x)	1	:	0.000000	0.631279	0.368721	0.000000	0.000000	0.000000
42	tsk_42	(x)	1	:	0.000000	0.000000	0.266687	0.000000	0.000000	0.733313
43	tsk_43	(x)	1	:	0.000000	0.401040	0.040380	0.000000	0.000000	0.558580
44	tsk_44	(x)	1	:	0.000000	0.000000	1.000000	0.000000	0.000000	0.000000
45	tsk_45	(x)	1	:	0.000000	0.631374	0.057058	0.000000	0.000000	0.311569
46	tsk_46	(x)	1	:	0.000000	0.305335	0.388007	0.000000	0.000000	0.306658
47	tsk_47	(x)	1	:	0.000000	1.000000	0.000000	0.000000	0.000000	0.000000
48	tsk_48	(x)	1	:	0.000000	0.401041	0.000000	0.000000	0.000000	0.598959
49	tsk_49	(x)	1	:	0.000000	0.000000	0.643892	0.000000	0.000000	0.356108
