logL = -130.423415 (converged)
AIC = 916.846831
BIC = 1543.990377

count.K
14 2 14 5 3 12 

