logL = -123.947840 (converged)
AIC = 627.895681
BIC = 991.180052

count.K
8 11 18 13 

