logL = -84.083212 (converged)
AIC = 648.166423
BIC = 1107.051945

count.K
2 24 12 5 7 

