logL = -141.661543 (converged)
AIC = 561.323086
BIC = 827.094284

count.K
8 7 35 

