logL = -162.421677 (converged)
AIC = 776.843355
BIC = 1208.960554

count.K
6 25 5 14 

