logL = -497.401080 (converged)
AIC = 1182.802160
BIC = 1362.532322

count.K
15 35 

