logL = -245.306765 (converged)
AIC = 642.613529
BIC = 787.927278

count.K
33 17 

