logL = -166.979426 (converged)
AIC = 729.958851
BIC = 1108.539406

count.K
10 30 9 1 

