logL = -43.187008 (converged)
AIC = 566.374016
BIC = 1025.259537

count.K
7 2 4 30 7 

