logL = -235.975643 (converged)
AIC = 761.951287
BIC = 1039.194623

count.K
25 5 20 

