logL = -62.881136 (converged)
AIC = 473.762272
BIC = 806.454275

count.K
15 11 4 20 

