logL = -49.343728 (converged)
AIC = 568.687456
BIC = 1018.012862

count.K
4 2 6 15 23 

