logL = -117.463772 (converged)
AIC = 878.927545
BIC = 1494.598953

count.K
0 1 2 15 1 31 

