logL = -137.802182 (converged)
AIC = 647.604365
BIC = 1003.240644

count.K
7 9 27 7 

