logL = -123.671553 (converged)
AIC = 903.343107
BIC = 1530.486653

count.K
5 20 8 6 5 6 

