logL = -135.852999 (converged)
AIC = 771.705998
BIC = 1249.711749

count.K
20 14 3 11 2 

