logL = -200.402538 (converged)
AIC = 536.805075
BIC = 666.822639

count.K
31 19 

