0	tsk_0	(x)	1	:	0.000000	0.000000	0.000000	0.500000	0.499999	0.000001
1	tsk_1	(x)	1	:	0.000000	0.000000	0.000000	1.000000	0.000000	0.000000
2	tsk_2	(x)	1	:	0.000000	0.000000	0.000000	1.000000	0.000000	0.000000
3	tsk_3	(x)	1	:	0.000000	0.000000	0.000000	0.500000	0.499999	0.000001
4	tsk_4	(x)	1	:	0.000000	0.000000	0.000000	1.000000	0.000000	0.000000
5	tsk_5	(x)	1	:	0.000000	0.000000	0.000000	1.000000	0.000000	0.000000
6	tsk_6	(x)	1	:	0.000000	0.000000	0.000000	1.000000	0.000000	0.000000
7	tsk_7	(x)	1	:	0.000000	0.000000	0.000000	0.500000	0.499998	0.000001
8	tsk_8	(x)	1	:	0.000000	0.000000	0.000000	1.000000	0.000000	0.000000
9	tsk_9	(x)	1	:	0.000000	0.000000	1.000000	0.000000	0.000000	0.000000
10	tsk_10	(x)	1	:	0.000000	0.000000	0.000000	0.500000	0.499999	0.000000
11	tsk_11	(x)	1	:	0.000000	0.000000	0.000000	0.000000	0.000000	1.000000
12	tsk_12	(x)	1	:	0.520147	0.000000	0.000000	0.479853	0.000000	0.000000
13	tsk_13	(x)	1	:	0.566477	0.000000	0.000001	0.000000	0.433522	0.000001
14	tsk_14	(x)	1	:	0.520147	0.000000	0.000000	0.479853	0.000000	0.000000
15	tsk_15	(x)	1	:	0.566477	0.000000	0.000000	0.000000	0.433522	0.000001
16	tsk_16	(x)	1	:	0.000000	0.000000	0.000000	0.000000	0.999913	0.000087
17	tsk_17	(x)	1	:	0.566477	0.000000	0.000000	0.000000	0.433521	0.000002
18	tsk_18	(x)	1	:	0.000000	0.000000	0.000000	0.500000	0.499999	0.000001
19	tsk_19	(x)	1	:	0.566477	0.000000	0.000000	0.000000	0.433523	0.000001
20	tsk_20	(x)	1	:	0.000000	0.500000	0.000000	0.000000	0.499998	0.000001
21	tsk_21	(x)	1	:	0.000000	1.000000	0.000000	0.000000	0.000000	0.000000
22	tsk_22	(x)	1	:	0.000000	0.500000	0.000000	0.000000	0.499999	0.000001
23	tsk_23	(x)	1	:	0.000000	0.500000	0.000000	0.000000	0.499999	0.000001
24	tsk_24	(x)	1	:	0.458969	0.000000	0.000000	0.540504	0.000528	0.000000
25	tsk_25	(x)	1	:	0.000000	0.500000	0.000000	0.500000	0.000000	0.000000
26	tsk_26	(x)	1	:	0.000000	0.000000	0.000000	1.000000	0.000000	0.000000
27	tsk_27	(x)	1	:	0.368963	0.000000	0.000000	0.000000	0.631036	0.000001
28	tsk_28	(x)	1	:	0.000003	0.000002	0.000000	0.000000	0.999995	0.000000
29	tsk_29	(x)	1	:	0.566478	0.000000	0.000000	0.000000	0.433519	0.000003
30	tsk_30	(x)	1	:	0.368964	0.000000	0.000000	0.000000	0.631032	0.000004
31	tsk_31	(x)	1	:	0.000000	0.480402	0.519598	0.000000	0.000000	0.000000
32	tsk_32	(x)	1	:	0.000000	0.000000	0.000000	0.000000	0.999998	0.000002
33	tsk_33	(x)	1	:	0.000000	0.000000	0.000000	1.000000	0.000000	0.000000
34	tsk_34	(x)	1	:	0.000000	0.000000	0.000000	0.000000	0.999993	0.000007
35	tsk_35	(x)	1	:	0.000000	0.000000	0.000000	0.000000	0.999995	0.000005
36	tsk_36	(x)	1	:	0.000000	0.000000	1.000000	0.000000	0.000000	0.000000
37	tsk_37	(x)	1	:	0.520145	0.000000	0.000000	0.479853	0.000001	0.000001
38	tsk_38	(x)	1	:	0.000000	0.000000	0.522198	0.000000	0.477797	0.000005
39	tsk_39	(x)	1	:	0.000000	0.000000	0.522198	0.000000	0.477798	0.000004
40	tsk_40	(x)	1	:	0.000000	0.000000	0.000000	0.000000	0.999991	0.000009
41	tsk_41	(x)	1	:	0.000000	0.500001	0.000000	0.000000	0.499996	0.000003
42	tsk_42	(x)	1	:	0.000000	0.000000	0.000000	0.500000	0.499999	0.000001
43	tsk_43	(x)	1	:	0.000000	0.000000	0.000000	0.000000	0.999971	0.000029
44	tsk_44	(x)	1	:	0.000000	0.000000	0.000000	0.000000	0.999996	0.000004
45	tsk_45	(x)	1	:	0.000000	0.500001	0.000000	0.000000	0.499995	0.000003
46	tsk_46	(x)	1	:	0.459420	0.000000	0.000000	0.540580	0.000000	0.000000
47	tsk_47	(x)	1	:	0.000001	0.536963	0.000000	0.000000	0.000001	0.463034
48	tsk_48	(x)	1	:	0.368963	0.000000	0.000000	0.000000	0.631036	0.000001
49	tsk_49	(x)	1	:	0.000000	0.000000	0.000000	0.000000	0.999990	0.000010
