0	tsk_0	(x)	1	:	0.017245	0.486788	0.084920	0.030284	0.380763
1	tsk_1	(x)	1	:	0.000000	1.000000	0.000000	0.000000	0.000000
2	tsk_2	(x)	1	:	0.000000	1.000000	0.000000	0.000000	0.000000
3	tsk_3	(x)	1	:	0.000000	1.000000	0.000000	0.000000	0.000000
4	tsk_4	(x)	1	:	0.000000	0.000000	0.054759	0.945240	0.000000
5	tsk_5	(x)	1	:	0.022900	0.486332	0.300319	0.190449	0.000000
6	tsk_6	(x)	1	:	0.000000	1.000000	0.000000	0.000000	0.000000
7	tsk_7	(x)	1	:	0.000000	1.000000	0.000000	0.000000	0.000000
8	tsk_8	(x)	1	:	0.000000	1.000000	0.000000	0.000000	0.000000
9	tsk_9	(x)	1	:	0.000000	1.000000	0.000000	0.000000	0.000000
10	tsk_10	(x)	1	:	1.000000	0.000000	0.000000	0.000000	0.000000
11	tsk_11	(x)	1	:	1.000000	0.000000	0.000000	0.000000	0.000000
12	tsk_12	(x)	1	:	1.000000	0.000000	0.000000	0.000000	0.000000
13	tsk_13	(x)	1	:	1.000000	0.000000	0.000000	0.000000	0.000000
14	tsk_14	(x)	1	:	0.500000	0.000000	0.257224	0.242775	0.000000
15	tsk_15	(x)	1	:	1.000000	0.000000	0.000000	0.000000	0.000000
16	tsk_16	(x)	1	:	1.000000	0.000000	0.000000	0.000000	0.000000
17	tsk_17	(x)	1	:	0.498942	0.000000	0.044927	0.077142	0.378989
18	tsk_18	(x)	1	:	1.000000	0.000000	0.000000	0.000000	0.000000
19	tsk_19	(x)	1	:	0.499250	0.000000	0.047016	0.074004	0.379730
20	tsk_20	(x)	1	:	0.000000	0.000000	0.427765	0.572235	0.000000
21	tsk_21	(x)	1	:	0.000000	0.000000	0.232333	0.767667	0.000000
22	tsk_22	(x)	1	:	0.000000	0.000000	0.511271	0.488729	0.000000
23	tsk_23	(x)	1	:	0.000000	0.000000	0.366603	0.633397	0.000000
24	tsk_24	(x)	1	:	0.000000	0.000000	0.292445	0.707555	0.000000
25	tsk_25	(x)	1	:	0.004858	0.529786	0.376551	0.088805	0.000000
26	tsk_26	(x)	1	:	0.000000	0.000000	0.527436	0.472564	0.000000
27	tsk_27	(x)	1	:	0.005274	0.529759	0.279465	0.185503	0.000000
28	tsk_28	(x)	1	:	0.000000	0.000000	0.355804	0.644195	0.000000
29	tsk_29	(x)	1	:	0.000000	0.000000	0.716861	0.283139	0.000000
30	tsk_30	(x)	1	:	0.000000	0.000000	0.508037	0.491963	0.000000
31	tsk_31	(x)	1	:	0.000000	0.000000	0.352012	0.647988	0.000000
32	tsk_32	(x)	1	:	0.000000	0.000000	0.192373	0.807627	0.000000
33	tsk_33	(x)	1	:	0.000000	0.000000	0.259194	0.360627	0.380179
34	tsk_34	(x)	1	:	0.000000	0.000000	0.314948	0.685052	0.000000
35	tsk_35	(x)	1	:	0.000000	0.000000	0.193178	0.806822	0.000000
36	tsk_36	(x)	1	:	0.000000	0.000000	0.485500	0.514500	0.000000
37	tsk_37	(x)	1	:	0.000000	0.000000	0.569726	0.430274	0.000000
38	tsk_38	(x)	1	:	0.000000	0.000000	0.424611	0.575389	0.000000
39	tsk_39	(x)	1	:	0.000000	0.000000	0.468541	0.531459	0.000000
40	tsk_40	(x)	1	:	0.000000	0.000000	0.354967	0.645033	0.000000
41	tsk_41	(x)	1	:	0.000000	0.000000	0.000000	0.000000	1.000000
42	tsk_42	(x)	1	:	0.000000	0.000000	0.000440	0.000838	0.998722
43	tsk_43	(x)	1	:	0.000000	0.000000	0.000000	0.000000	1.000000
44	tsk_44	(x)	1	:	0.000000	0.000000	0.224706	0.395114	0.380179
45	tsk_45	(x)	1	:	0.000000	0.000000	0.000000	0.000000	1.000000
46	tsk_46	(x)	1	:	0.000000	0.000000	0.424517	0.575483	0.000000
47	tsk_47	(x)	1	:	0.000000	0.000000	0.116454	0.262342	0.621204
48	tsk_48	(x)	1	:	0.000000	0.000000	0.243493	0.756507	0.000000
49	tsk_49	(x)	1	:	0.000000	0.000000	0.000000	0.000000	1.000000
