logL = -197.806411 (converged)
AIC = 655.612822
BIC = 904.175812

count.K
18 24 8 

