logL = -151.999192 (converged)
AIC = 833.998384
BIC = 1340.684481

count.K
13 5 20 8 4 

