logL = -217.467077 (converged)
AIC = 954.934154
BIC = 1452.060136

count.K
4 9 19 4 14 

