logL = -208.719919 (converged)
AIC = 701.439838
BIC = 972.947104

count.K
23 11 16 

