logL = -68.482565 (converged)
AIC = 384.965129
BIC = 622.055982

count.K
7 11 32 

