logL = -176.839009 (converged)
AIC = 485.678017
BIC = 611.871536

count.K
18 32 

