logL = -91.763080 (converged)
AIC = 311.526159
BIC = 433.895632

count.K
45 5 

