logL = -225.432411 (converged)
AIC = 862.864822
BIC = 1256.741561

count.K
18 9 18 5 

