logL = -448.312248 (converged)
AIC = 1246.624495
BIC = 1581.228521

count.K
3 17 30 

