logL = -297.222599 (converged)
AIC = 890.445197
BIC = 1173.424602

count.K
16 28 6 

