logL = -100.567000 (converged)
AIC = 833.134000
BIC = 1437.333269

count.K
3 22 3 11 5 6 

