logL = -106.556172 (converged)
AIC = 713.112345
BIC = 1191.118096

count.K
3 10 1 12 24 

