logL = -336.146546 (converged)
AIC = 1292.293093
BIC = 1885.020224

count.K
13 1 23 5 8 

