logL = -311.259532 (converged)
AIC = 936.519064
BIC = 1236.706676

count.K
17 9 24 

