logL = -222.065866 (converged)
AIC = 1136.131733
BIC = 1797.691693

count.K
3 13 3 2 0 29 

