logL = -203.485647 (converged)
AIC = 1074.971294
BIC = 1713.586977

count.K
10 3 10 7 11 9 

