logL = -174.272214 (converged)
AIC = 626.544428
BIC = 892.315626

count.K
9 25 16 

