logL = -54.145574 (converged)
AIC = 456.291148
BIC = 788.983151

count.K
14 6 28 2 

