logL = -21.155918 (converged)
AIC = 472.311836
BIC = 883.396783

count.K
4 33 4 5 4 

