logL = -20.365603 (converged)
AIC = 258.731206
BIC = 467.141713

count.K
1 12 37 

