logL = -202.814761 (converged)
AIC = 683.629523
BIC = 949.400720

count.K
2 28 20 

