logL = -564.770873 (converged)
AIC = 1621.541745
BIC = 2091.899404

count.K
7 16 10 17 

