logL = -92.842474 (converged)
AIC = 695.684949
BIC = 1183.250815

count.K
8 14 7 8 13 

