0	tsk_0	(x)	1	:	0.000000	0.000000	0.337535	0.000000	0.662465	0.000000
1	tsk_1	(x)	1	:	0.000000	0.000000	0.512143	0.000000	0.487857	0.000000
2	tsk_2	(x)	1	:	0.000031	0.000000	0.517377	0.000000	0.000000	0.482592
3	tsk_3	(x)	1	:	0.000000	0.000000	0.512081	0.000000	0.487919	0.000000
4	tsk_4	(x)	1	:	0.000000	0.000000	0.614155	0.000000	0.385845	0.000000
5	tsk_5	(x)	1	:	0.000000	0.000000	0.689873	0.000000	0.310127	0.000000
6	tsk_6	(x)	1	:	0.000000	0.000000	1.000000	0.000000	0.000000	0.000000
7	tsk_7	(x)	1	:	0.000011	0.000000	0.763478	0.000000	0.236511	0.000000
8	tsk_8	(x)	1	:	0.000012	0.000000	0.169966	0.000000	0.347432	0.482589
9	tsk_9	(x)	1	:	0.000000	0.999998	0.000002	0.000000	0.000000	0.000000
10	tsk_10	(x)	1	:	0.000000	0.000000	0.000000	0.000000	1.000000	0.000000
11	tsk_11	(x)	1	:	0.000000	0.000000	0.512931	0.000000	0.487069	0.000000
12	tsk_12	(x)	1	:	0.000000	0.000000	0.332289	0.000000	0.667710	0.000000
13	tsk_13	(x)	1	:	0.000000	0.000000	0.614897	0.000000	0.385103	0.000000
14	tsk_14	(x)	1	:	0.000000	0.000000	0.408509	0.000000	0.591491	0.000000
15	tsk_15	(x)	1	:	0.000006	0.000007	0.328341	0.000000	0.671646	0.000000
16	tsk_16	(x)	1	:	0.000000	0.000000	0.681129	0.000000	0.318871	0.000000
17	tsk_17	(x)	1	:	0.000005	0.000000	0.512233	0.000000	0.487762	0.000000
18	tsk_18	(x)	1	:	0.000005	0.000000	0.512663	0.000000	0.487332	0.000000
19	tsk_19	(x)	1	:	0.000000	0.000000	0.680531	0.000000	0.319469	0.000000
20	tsk_20	(x)	1	:	0.000000	0.000000	0.408509	0.000000	0.591491	0.000000
21	tsk_21	(x)	1	:	0.000027	0.000001	0.170919	0.000000	0.346462	0.482591
22	tsk_22	(x)	1	:	0.000003	0.000000	0.813923	0.000000	0.186074	0.000000
23	tsk_23	(x)	1	:	0.000000	0.000000	0.000000	0.000000	0.000000	1.000000
24	tsk_24	(x)	1	:	0.000005	0.000000	0.763432	0.000000	0.236563	0.000000
25	tsk_25	(x)	1	:	0.000039	0.000000	0.304941	0.000000	0.212428	0.482593
26	tsk_26	(x)	1	:	0.000000	0.000000	0.512221	0.000000	0.487779	0.000000
27	tsk_27	(x)	1	:	0.000000	0.000000	1.000000	0.000000	0.000000	0.000000
28	tsk_28	(x)	1	:	0.000012	0.000002	0.512056	0.000000	0.487930	0.000000
29	tsk_29	(x)	1	:	0.000000	0.000000	0.679150	0.000000	0.320850	0.000000
30	tsk_30	(x)	1	:	0.000000	0.000000	0.613241	0.000000	0.386759	0.000000
31	tsk_31	(x)	1	:	0.000000	0.000000	0.336714	0.000000	0.663286	0.000000
32	tsk_32	(x)	1	:	0.000000	0.000000	0.612815	0.000000	0.387184	0.000000
33	tsk_33	(x)	1	:	0.000051	0.000003	0.511590	0.000000	0.488356	0.000000
34	tsk_34	(x)	1	:	0.000000	0.000000	1.000000	0.000000	0.000000	0.000000
35	tsk_35	(x)	1	:	0.000006	0.000000	0.330713	0.000000	0.669280	0.000000
36	tsk_36	(x)	1	:	0.000000	0.000000	0.000000	1.000000	0.000000	0.000000
37	tsk_37	(x)	1	:	0.000001	0.000000	0.840395	0.000000	0.159605	0.000000
38	tsk_38	(x)	1	:	0.000003	0.000000	0.999997	0.000000	0.000000	0.000000
39	tsk_39	(x)	1	:	0.000000	0.000000	1.000000	0.000000	0.000000	0.000000
40	tsk_40	(x)	1	:	0.000000	0.000000	0.000000	0.000000	0.804224	0.195776
41	tsk_41	(x)	1	:	1.000000	0.000000	0.000000	0.000000	0.000000	0.000000
42	tsk_42	(x)	1	:	0.000000	0.000000	0.513127	0.000000	0.486873	0.000000
43	tsk_43	(x)	1	:	0.000004	0.000000	0.511949	0.000000	0.488047	0.000000
44	tsk_44	(x)	1	:	0.000011	0.000000	0.250538	0.000000	0.749451	0.000000
45	tsk_45	(x)	1	:	0.000005	0.000000	0.759525	0.000000	0.240470	0.000000
46	tsk_46	(x)	1	:	0.000000	0.000000	0.408360	0.000000	0.591640	0.000000
47	tsk_47	(x)	1	:	0.000000	0.000000	0.513273	0.000000	0.486727	0.000000
48	tsk_48	(x)	1	:	0.000000	0.000000	0.512556	0.000000	0.487444	0.000000
49	tsk_49	(x)	1	:	0.000051	0.000000	0.219740	0.000000	0.297613	0.482595
