logL = -190.367956 (converged)
AIC = 776.735911
BIC = 1155.316466

count.K
7 19 18 6 

