logL = -706.531093 (converged)
AIC = 2063.062186
BIC = 2684.469663

count.K
9 13 0 14 14 

