0	tsk_0	(x)	1	:	0.000000	0.004176	0.487800	0.487708	0.020315	0.000000
1	tsk_1	(x)	1	:	1.000000	0.000000	0.000000	0.000000	0.000000	0.000000
2	tsk_2	(x)	1	:	0.998342	0.000000	0.000000	0.001658	0.000000	0.000000
3	tsk_3	(x)	1	:	0.000001	0.003686	0.487911	0.488052	0.020350	0.000000
4	tsk_4	(x)	1	:	0.000000	0.000000	1.000000	0.000000	0.000000	0.000000
5	tsk_5	(x)	1	:	0.000000	0.000000	1.000000	0.000000	0.000000	0.000000
6	tsk_6	(x)	1	:	0.000699	0.000000	0.000000	0.499288	0.000000	0.500013
7	tsk_7	(x)	1	:	0.000000	0.000000	1.000000	0.000000	0.000000	0.000000
8	tsk_8	(x)	1	:	0.206840	0.000000	0.489875	0.287305	0.015980	0.000000
9	tsk_9	(x)	1	:	1.000000	0.000000	0.000000	0.000000	0.000000	0.000000
10	tsk_10	(x)	1	:	0.000000	0.000000	0.000000	0.499994	0.000000	0.500006
11	tsk_11	(x)	1	:	0.000000	0.000000	0.000000	0.000000	0.000000	1.000000
12	tsk_12	(x)	1	:	0.301529	0.000000	0.000000	0.198469	0.000000	0.500002
13	tsk_13	(x)	1	:	0.000000	0.483755	0.000000	0.001144	0.015672	0.499428
14	tsk_14	(x)	1	:	0.202521	0.000000	0.000000	0.297476	0.000000	0.500003
15	tsk_15	(x)	1	:	0.000000	0.000000	0.000000	0.000000	0.000000	1.000000
16	tsk_16	(x)	1	:	0.000000	1.000000	0.000000	0.000000	0.000000	0.000000
17	tsk_17	(x)	1	:	0.000000	0.000061	0.000000	0.000000	0.999938	0.000000
18	tsk_18	(x)	1	:	0.491500	0.000000	0.000000	0.008538	0.499962	0.000000
19	tsk_19	(x)	1	:	0.000000	0.000000	0.000000	0.000000	0.000000	1.000000
20	tsk_20	(x)	1	:	1.000000	0.000000	0.000000	0.000000	0.000000	0.000000
21	tsk_21	(x)	1	:	1.000000	0.000000	0.000000	0.000000	0.000000	0.000000
22	tsk_22	(x)	1	:	0.998470	0.000000	0.000000	0.001530	0.000000	0.000000
23	tsk_23	(x)	1	:	0.000000	0.002329	0.487562	0.486961	0.023147	0.000000
24	tsk_24	(x)	1	:	0.999029	0.000000	0.000000	0.000971	0.000000	0.000000
25	tsk_25	(x)	1	:	0.999327	0.000000	0.000000	0.000673	0.000000	0.000000
26	tsk_26	(x)	1	:	0.998468	0.000000	0.000000	0.001532	0.000000	0.000000
27	tsk_27	(x)	1	:	0.311053	0.000000	0.000000	0.188945	0.000000	0.500002
28	tsk_28	(x)	1	:	1.000000	0.000000	0.000000	0.000000	0.000000	0.000000
29	tsk_29	(x)	1	:	0.445077	0.000000	0.493845	0.061078	0.000000	0.000000
30	tsk_30	(x)	1	:	0.499895	0.271075	0.000000	0.000118	0.228912	0.000000
31	tsk_31	(x)	1	:	0.496799	0.246360	0.000000	0.003215	0.253626	0.000000
32	tsk_32	(x)	1	:	0.496284	0.219927	0.000000	0.003733	0.280057	0.000000
33	tsk_33	(x)	1	:	0.500003	0.448321	0.000000	0.000000	0.051676	0.000000
34	tsk_34	(x)	1	:	0.996567	0.000000	0.000000	0.003433	0.000000	0.000000
35	tsk_35	(x)	1	:	1.000000	0.000000	0.000000	0.000000	0.000000	0.000000
36	tsk_36	(x)	1	:	0.999713	0.000000	0.000000	0.000287	0.000000	0.000000
37	tsk_37	(x)	1	:	0.498376	0.352905	0.000000	0.001632	0.147087	0.000000
38	tsk_38	(x)	1	:	0.500000	0.500000	0.000000	0.000000	0.000000	0.000000
39	tsk_39	(x)	1	:	0.499367	0.500000	0.000000	0.000633	0.000000	0.000000
40	tsk_40	(x)	1	:	0.000000	0.000000	0.000000	0.000000	0.000000	1.000000
41	tsk_41	(x)	1	:	0.476350	0.000000	0.000000	0.023686	0.499963	0.000000
42	tsk_42	(x)	1	:	0.244625	0.000000	0.000000	0.255373	0.000000	0.500003
43	tsk_43	(x)	1	:	0.000000	0.000000	0.000000	0.000000	0.000000	1.000000
44	tsk_44	(x)	1	:	0.999972	0.000000	0.000000	0.000028	0.000000	0.000000
45	tsk_45	(x)	1	:	0.998930	0.000000	0.000000	0.001070	0.000000	0.000000
46	tsk_46	(x)	1	:	0.000000	0.000000	0.000000	1.000000	0.000000	0.000000
47	tsk_47	(x)	1	:	0.000000	0.496066	0.000000	0.005857	0.001006	0.497071
48	tsk_48	(x)	1	:	0.488136	0.353621	0.000000	0.011872	0.146371	0.000000
49	tsk_49	(x)	1	:	0.000000	0.000000	0.000000	0.000000	0.000000	1.000000
