logL = -90.889331 (converged)
AIC = 417.778663
BIC = 643.397377

count.K
30 12 8 

