logL = -358.319100 (converged)
AIC = 1168.638200
BIC = 1600.755400

count.K
22 10 13 5 

