logL = -161.918089 (converged)
AIC = 703.836179
BIC = 1067.120550

count.K
18 7 3 22 

