0	tsk_0	(x)	1	:	0.199153	0.000000	0.000000	0.800847
1	tsk_1	(x)	1	:	0.446696	0.000000	0.000000	0.553304
2	tsk_2	(x)	1	:	0.000000	0.000000	0.482524	0.517476
3	tsk_3	(x)	1	:	0.624884	0.000000	0.000000	0.375116
4	tsk_4	(x)	1	:	0.622909	0.000000	0.000000	0.377091
5	tsk_5	(x)	1	:	0.624431	0.000000	0.000000	0.375569
6	tsk_6	(x)	1	:	0.519016	0.000000	0.000000	0.480984
7	tsk_7	(x)	1	:	0.591740	0.000000	0.000000	0.408260
8	tsk_8	(x)	1	:	0.000000	0.000000	0.482524	0.517476
9	tsk_9	(x)	1	:	0.004154	0.995115	0.000000	0.000730
10	tsk_10	(x)	1	:	0.293374	0.000000	0.000000	0.706626
11	tsk_11	(x)	1	:	0.519556	0.000000	0.000000	0.480444
12	tsk_12	(x)	1	:	0.591921	0.000000	0.000000	0.408079
13	tsk_13	(x)	1	:	0.519556	0.000000	0.000000	0.480444
14	tsk_14	(x)	1	:	0.519742	0.000000	0.000000	0.480258
15	tsk_15	(x)	1	:	0.414595	0.000000	0.000000	0.585405
16	tsk_16	(x)	1	:	0.519677	0.000000	0.000000	0.480323
17	tsk_17	(x)	1	:	1.000000	0.000000	0.000000	0.000000
18	tsk_18	(x)	1	:	0.446176	0.000000	0.000000	0.553824
19	tsk_19	(x)	1	:	0.519385	0.000000	0.000000	0.480615
20	tsk_20	(x)	1	:	0.619636	0.000000	0.000000	0.380364
21	tsk_21	(x)	1	:	0.258689	0.000023	0.482525	0.258763
22	tsk_22	(x)	1	:	0.686374	0.000000	0.000000	0.313626
23	tsk_23	(x)	1	:	0.000000	0.000000	1.000000	0.000000
24	tsk_24	(x)	1	:	0.519534	0.000000	0.000000	0.480466
25	tsk_25	(x)	1	:	0.153436	0.000000	0.482524	0.364040
26	tsk_26	(x)	1	:	0.622909	0.000000	0.000000	0.377091
27	tsk_27	(x)	1	:	0.446715	0.000000	0.000000	0.553285
28	tsk_28	(x)	1	:	0.819872	0.000000	0.000000	0.180128
29	tsk_29	(x)	1	:	0.771571	0.000000	0.000000	0.228429
30	tsk_30	(x)	1	:	0.686374	0.000000	0.000000	0.313626
31	tsk_31	(x)	1	:	0.519556	0.000000	0.000000	0.480444
32	tsk_32	(x)	1	:	0.519340	0.000000	0.000000	0.480659
33	tsk_33	(x)	1	:	1.000000	0.000000	0.000000	0.000000
34	tsk_34	(x)	1	:	0.624884	0.000000	0.000000	0.375116
35	tsk_35	(x)	1	:	0.627263	0.000000	0.000000	0.372737
36	tsk_36	(x)	1	:	0.003427	0.995965	0.000000	0.000608
37	tsk_37	(x)	1	:	0.686374	0.000000	0.000000	0.313626
38	tsk_38	(x)	1	:	0.298658	0.000000	0.000000	0.701342
39	tsk_39	(x)	1	:	0.519736	0.000000	0.000000	0.480264
40	tsk_40	(x)	1	:	0.003281	0.993881	0.000000	0.002838
41	tsk_41	(x)	1	:	0.804327	0.000000	0.195673	0.000000
42	tsk_42	(x)	1	:	0.330130	0.000000	0.000000	0.669870
43	tsk_43	(x)	1	:	1.000000	0.000000	0.000000	0.000000
44	tsk_44	(x)	1	:	0.415788	0.000000	0.000000	0.584212
45	tsk_45	(x)	1	:	0.519230	0.000000	0.000000	0.480770
46	tsk_46	(x)	1	:	0.622909	0.000000	0.000000	0.377091
47	tsk_47	(x)	1	:	0.520434	0.000000	0.000000	0.479566
48	tsk_48	(x)	1	:	0.000000	0.000000	0.000000	1.000000
49	tsk_49	(x)	1	:	0.258689	0.000023	0.482525	0.258763
