logL = -86.461150 (converged)
AIC = 414.922300
BIC = 646.277083

count.K
6 34 10 

