logL = -312.321409 (converged)
AIC = 784.642817
BIC = 937.604657

count.K
20 30 

