logL = -128.781910 (converged)
AIC = 841.563821
BIC = 1399.874538

count.K
15 5 4 1 6 19 

