logL = -324.249315 (converged)
AIC = 980.498631
BIC = 1297.894450

count.K
9 30 11 

