logL = -120.471713 (converged)
AIC = 730.943426
BIC = 1199.389063

count.K
14 17 1 15 3 

