logL = -758.477929 (converged)
AIC = 1732.955859
BIC = 1939.454343

count.K
32 18 

