logL = -249.906969 (converged)
AIC = 825.813939
BIC = 1137.473689

count.K
14 23 13 

