logL = -88.679407 (converged)
AIC = 425.358813
BIC = 662.449666

count.K
39 9 2 

