0	tsk_0	(x)	1	:	0.000000	0.509738	0.000000	0.198466	0.291795
1	tsk_1	(x)	1	:	0.000000	1.000000	0.000000	0.000000	0.000000
2	tsk_2	(x)	1	:	0.000000	1.000000	0.000000	0.000000	0.000000
3	tsk_3	(x)	1	:	0.000000	0.495505	0.000105	0.347839	0.156552
4	tsk_4	(x)	1	:	0.000000	0.000000	0.507347	0.201011	0.291642
5	tsk_5	(x)	1	:	0.000000	0.000000	0.507347	0.201011	0.291642
6	tsk_6	(x)	1	:	0.000000	1.000000	0.000000	0.000000	0.000000
7	tsk_7	(x)	1	:	0.000000	0.000000	1.000000	0.000000	0.000000
8	tsk_8	(x)	1	:	0.000000	0.000000	0.507347	0.201011	0.291642
9	tsk_9	(x)	1	:	0.000000	0.000000	0.000000	1.000000	0.000000
10	tsk_10	(x)	1	:	0.000000	0.000060	0.489999	0.353577	0.156364
11	tsk_11	(x)	1	:	0.000000	0.556096	0.443904	0.000000	0.000000
12	tsk_12	(x)	1	:	0.000000	0.000000	0.000000	1.000000	0.000000
13	tsk_13	(x)	1	:	0.000000	0.000326	0.999674	0.000000	0.000000
14	tsk_14	(x)	1	:	0.000000	0.495473	0.000139	0.347836	0.156552
15	tsk_15	(x)	1	:	0.000000	0.000248	0.999752	0.000000	0.000000
16	tsk_16	(x)	1	:	0.000000	0.495467	0.000145	0.347836	0.156552
17	tsk_17	(x)	1	:	0.000000	0.000050	0.490009	0.353578	0.156363
18	tsk_18	(x)	1	:	0.000000	0.556096	0.443904	0.000000	0.000000
19	tsk_19	(x)	1	:	0.000000	0.000258	0.999742	0.000000	0.000000
20	tsk_20	(x)	1	:	0.000000	0.336742	0.663258	0.000000	0.000000
21	tsk_21	(x)	1	:	0.515411	0.000000	0.000000	0.484589	0.000000
22	tsk_22	(x)	1	:	0.590817	0.407385	0.001798	0.000000	0.000000
23	tsk_23	(x)	1	:	0.000000	0.495542	0.000065	0.347842	0.156552
24	tsk_24	(x)	1	:	0.384460	0.000000	0.615540	0.000000	0.000000
25	tsk_25	(x)	1	:	0.000000	0.000000	0.000000	1.000000	0.000000
26	tsk_26	(x)	1	:	0.000000	0.000000	0.000000	1.000000	0.000000
27	tsk_27	(x)	1	:	0.000000	0.000000	0.520565	0.479435	0.000000
28	tsk_28	(x)	1	:	0.000000	0.000000	0.000000	1.000000	0.000000
29	tsk_29	(x)	1	:	0.000000	0.498033	0.002260	0.499707	0.000000
30	tsk_30	(x)	1	:	0.000000	0.000280	0.999719	0.000000	0.000000
31	tsk_31	(x)	1	:	0.432348	0.567652	0.000000	0.000000	0.000000
32	tsk_32	(x)	1	:	0.517775	0.000000	0.000000	0.482225	0.000000
33	tsk_33	(x)	1	:	0.000000	0.000268	0.999732	0.000000	0.000000
34	tsk_34	(x)	1	:	0.513694	0.000000	0.000000	0.328991	0.157315
35	tsk_35	(x)	1	:	0.000000	0.000000	0.000000	1.000000	0.000000
36	tsk_36	(x)	1	:	0.000000	0.000115	0.494807	0.505078	0.000000
37	tsk_37	(x)	1	:	0.621744	0.000073	0.378183	0.000000	0.000000
38	tsk_38	(x)	1	:	0.000000	0.000000	0.000000	1.000000	0.000000
39	tsk_39	(x)	1	:	0.000000	0.000101	0.472059	0.527840	0.000000
40	tsk_40	(x)	1	:	0.485031	0.000000	0.000009	0.248361	0.266599
41	tsk_41	(x)	1	:	0.384460	0.000000	0.615540	0.000000	0.000000
42	tsk_42	(x)	1	:	0.000000	0.000000	1.000000	0.000000	0.000000
43	tsk_43	(x)	1	:	0.493005	0.000000	0.004628	0.502367	0.000000
44	tsk_44	(x)	1	:	1.000000	0.000000	0.000000	0.000000	0.000000
45	tsk_45	(x)	1	:	0.320668	0.000000	0.679332	0.000000	0.000000
46	tsk_46	(x)	1	:	0.000000	0.000000	1.000000	0.000000	0.000000
47	tsk_47	(x)	1	:	0.485030	0.000000	0.000010	0.248361	0.266599
48	tsk_48	(x)	1	:	0.494665	0.000000	0.002688	0.502648	0.000000
49	tsk_49	(x)	1	:	0.477081	0.000000	0.000138	0.522781	0.000000
