logL = -142.976148 (converged)
AIC = 545.952295
BIC = 794.515286

count.K
25 15 10 

