logL = -55.890784 (converged)
AIC = 353.781567
BIC = 585.136351

count.K
6 39 5 

