0	tsk_0	(x)	1	:	0.000000	1.000000	0.000000	0.000000	0.000000	0.000000
1	tsk_1	(x)	1	:	0.000000	0.331894	0.199560	0.000002	0.000000	0.468544
2	tsk_2	(x)	1	:	0.000000	0.000000	0.000000	0.000000	0.000000	1.000000
3	tsk_3	(x)	1	:	0.000000	0.000000	0.000000	0.000000	0.000000	1.000000
4	tsk_4	(x)	1	:	0.000000	0.494338	0.000000	0.006597	0.000000	0.499065
5	tsk_5	(x)	1	:	0.000000	0.488518	0.000000	0.013359	0.000000	0.498123
6	tsk_6	(x)	1	:	0.000000	0.000000	0.000000	0.000000	0.000000	1.000000
7	tsk_7	(x)	1	:	0.000000	1.000000	0.000000	0.000000	0.000000	0.000000
8	tsk_8	(x)	1	:	0.000000	0.000000	0.000000	0.000000	0.000000	1.000000
9	tsk_9	(x)	1	:	0.000000	0.500000	0.000000	0.000000	0.000000	0.500000
10	tsk_10	(x)	1	:	0.000000	0.679304	0.320696	0.000000	0.000000	0.000000
11	tsk_11	(x)	1	:	0.000000	0.000000	0.000001	0.999997	0.000002	0.000000
12	tsk_12	(x)	1	:	0.000000	0.000000	0.798681	0.201319	0.000000	0.000000
13	tsk_13	(x)	1	:	0.000000	0.000000	0.798586	0.201414	0.000000	0.000000
14	tsk_14	(x)	1	:	0.000000	0.499823	0.000000	0.500177	0.000000	0.000000
15	tsk_15	(x)	1	:	0.000000	0.000000	0.311448	0.688552	0.000000	0.000000
16	tsk_16	(x)	1	:	0.000000	0.459881	0.540115	0.000000	0.000004	0.000000
17	tsk_17	(x)	1	:	0.000000	0.459023	0.539572	0.001405	0.000000	0.000000
18	tsk_18	(x)	1	:	0.000000	0.000000	0.798582	0.201418	0.000000	0.000000
19	tsk_19	(x)	1	:	0.000000	0.459884	0.540116	0.000000	0.000000	0.000000
20	tsk_20	(x)	1	:	0.000000	0.000000	0.000000	0.999997	0.000003	0.000000
21	tsk_21	(x)	1	:	0.000000	0.000000	0.000001	0.999997	0.000003	0.000000
22	tsk_22	(x)	1	:	0.000000	0.499882	0.000000	0.500118	0.000000	0.000000
23	tsk_23	(x)	1	:	0.000000	0.000000	0.000001	0.999997	0.000002	0.000000
24	tsk_24	(x)	1	:	0.000000	0.499982	0.000000	0.500018	0.000000	0.000000
25	tsk_25	(x)	1	:	0.000000	0.499908	0.000000	0.500092	0.000000	0.000000
26	tsk_26	(x)	1	:	0.000000	0.499935	0.000000	0.500065	0.000000	0.000000
27	tsk_27	(x)	1	:	0.000000	0.000000	0.000001	0.999998	0.000001	0.000000
28	tsk_28	(x)	1	:	0.000000	0.499977	0.000000	0.500023	0.000000	0.000000
29	tsk_29	(x)	1	:	0.000000	0.500696	0.311661	0.187643	0.000000	0.000000
30	tsk_30	(x)	1	:	1.000000	0.000000	0.000000	0.000000	0.000000	0.000000
31	tsk_31	(x)	1	:	1.000000	0.000000	0.000000	0.000000	0.000000	0.000000
32	tsk_32	(x)	1	:	1.000000	0.000000	0.000000	0.000000	0.000000	0.000000
33	tsk_33	(x)	1	:	1.000000	0.000000	0.000000	0.000000	0.000000	0.000000
34	tsk_34	(x)	1	:	0.499892	0.000003	0.000000	0.500094	0.000010	0.000000
35	tsk_35	(x)	1	:	0.499893	0.000011	0.000000	0.500090	0.000005	0.000000
36	tsk_36	(x)	1	:	0.489621	0.489623	0.000000	0.020754	0.000002	0.000000
37	tsk_37	(x)	1	:	1.000000	0.000000	0.000000	0.000000	0.000000	0.000000
38	tsk_38	(x)	1	:	1.000000	0.000000	0.000000	0.000000	0.000000	0.000000
39	tsk_39	(x)	1	:	1.000000	0.000000	0.000000	0.000000	0.000000	0.000000
40	tsk_40	(x)	1	:	0.000000	0.489198	0.000000	0.012570	0.000000	0.498232
41	tsk_41	(x)	1	:	0.000000	0.488203	0.000000	0.013725	0.000000	0.498072
42	tsk_42	(x)	1	:	0.000000	0.697489	0.302511	0.000000	0.000000	0.000000
43	tsk_43	(x)	1	:	0.000006	0.494264	0.000000	0.002003	0.503727	0.000000
44	tsk_44	(x)	1	:	0.000000	1.000000	0.000000	0.000000	0.000000	0.000000
45	tsk_45	(x)	1	:	0.000000	0.247398	0.308414	0.000003	0.000000	0.444185
46	tsk_46	(x)	1	:	0.000000	0.494475	0.000000	0.001576	0.503948	0.000000
47	tsk_47	(x)	1	:	0.000000	0.000000	0.000001	0.489084	0.510915	0.000000
48	tsk_48	(x)	1	:	0.000005	0.493914	0.000000	0.002716	0.503365	0.000000
49	tsk_49	(x)	1	:	0.000004	0.495093	0.000000	0.000313	0.504589	0.000000
