logL = -389.576712 (converged)
AIC = 935.153423
BIC = 1084.291218

count.K
30 20 

