logL = -155.925980 (converged)
AIC = 707.851961
BIC = 1086.432516

count.K
18 7 23 2 

