logL = -329.282855 (converged)
AIC = 960.565711
BIC = 1249.281184

count.K
26 5 19 

