logL = -74.173920 (converged)
AIC = 708.347840
BIC = 1243.714282

count.K
6 4 5 13 10 12 

