logL = -245.762665 (converged)
AIC = 911.525329
BIC = 1313.050161

count.K
16 14 10 10 

