logL = -208.587000 (converged)
AIC = 557.173999
BIC = 691.015610

count.K
26 24 

