logL = -50.303308 (converged)
AIC = 220.606616
BIC = 335.327997

count.K
32 18 

