logL = -175.628560 (converged)
AIC = 921.257120
BIC = 1466.183677

count.K
2 3 5 24 16 

