logL = -146.352417 (converged)
AIC = 960.704835
BIC = 1599.320519

count.K
14 8 2 1 14 11 

