logL = -155.938576 (converged)
AIC = 861.877153
BIC = 1387.683479

count.K
1 4 11 32 2 

