logL = -265.217360 (converged)
AIC = 682.434720
BIC = 827.748468

count.K
27 23 

