logL = -136.497929 (converged)
AIC = 782.995859
BIC = 1270.561725

count.K
4 15 16 5 10 

