logL = -92.161492 (converged)
AIC = 816.322985
BIC = 1420.522255

count.K
5 14 6 3 8 14 

