logL = -256.887762 (converged)
AIC = 785.775523
BIC = 1045.810652

count.K
14 12 24 

