logL = -64.167267 (converged)
AIC = 500.334534
BIC = 855.970813

count.K
2 8 32 8 

