logL = -200.216961 (converged)
AIC = 672.433922
BIC = 932.469050

count.K
1 22 27 

