logL = -212.179503 (converged)
AIC = 684.359006
BIC = 932.921997

count.K
22 5 23 

