logL = -212.865426 (converged)
AIC = 739.730853
BIC = 1039.918464

count.K
16 6 28 

