logL = -201.764625 (converged)
AIC = 1131.529249
BIC = 1827.505623

count.K
6 2 2 31 9 0 

