logL = -78.279304 (converged)
AIC = 646.558607
BIC = 1115.004243

count.K
1 16 19 9 5 

