logL = -177.186939 (converged)
AIC = 614.373879
BIC = 862.936869

count.K
18 25 7 

