logL = -294.122751 (converged)
AIC = 756.245502
BIC = 916.855435

count.K
7 43 

