logL = -383.682480 (converged)
AIC = 939.364959
BIC = 1103.798938

count.K
24 26 

