logL = -177.837933 (converged)
AIC = 503.675867
BIC = 645.165569

count.K
29 21 

