logL = -199.277214 (converged)
AIC = 810.554429
BIC = 1204.431168

count.K
11 9 8 22 

