logL = -194.015370 (converged)
AIC = 520.030740
BIC = 646.224258

count.K
42 8 

