logL = -166.572806 (converged)
AIC = 729.145612
BIC = 1107.726167

count.K
25 8 9 8 

