logL = -55.322363 (converged)
AIC = 718.644726
BIC = 1299.899720

count.K
10 1 5 3 25 6 

