logL = -338.960794 (converged)
AIC = 1003.921588
BIC = 1315.581338

count.K
25 17 8 

