logL = -149.536484 (converged)
AIC = 799.072967
BIC = 1277.078719

count.K
13 2 2 31 2 

