logL = -264.527607 (converged)
AIC = 813.055213
BIC = 1084.562480

count.K
7 18 25 

