logL = -160.719431 (converged)
AIC = 581.438861
BIC = 830.001852

count.K
16 28 6 

