0	tsk_0	(x)	1	:	0.204030	0.000000	0.409229	0.386741
1	tsk_1	(x)	1	:	0.289185	0.000000	0.710815	0.000000
2	tsk_2	(x)	1	:	0.290202	0.000000	0.709798	0.000000
3	tsk_3	(x)	1	:	0.213515	0.000000	0.786485	0.000000
4	tsk_4	(x)	1	:	0.449034	0.000000	0.550966	0.000000
5	tsk_5	(x)	1	:	0.549335	0.000000	0.450665	0.000000
6	tsk_6	(x)	1	:	0.619959	0.000000	0.380041	0.000000
7	tsk_7	(x)	1	:	0.289263	0.000000	0.710737	0.000000
8	tsk_8	(x)	1	:	0.549811	0.000000	0.450189	0.000000
9	tsk_9	(x)	1	:	0.549265	0.000000	0.450735	0.000000
10	tsk_10	(x)	1	:	0.000000	0.000001	0.000000	0.999999
11	tsk_11	(x)	1	:	0.473383	0.000000	0.000000	0.526617
12	tsk_12	(x)	1	:	1.000000	0.000000	0.000000	0.000000
13	tsk_13	(x)	1	:	0.000073	0.352107	0.000073	0.647747
14	tsk_14	(x)	1	:	0.636845	0.000000	0.199997	0.163159
15	tsk_15	(x)	1	:	0.437917	0.000000	0.042590	0.519493
16	tsk_16	(x)	1	:	0.000037	0.352175	0.000037	0.647752
17	tsk_17	(x)	1	:	0.418692	0.000000	0.053823	0.527485
18	tsk_18	(x)	1	:	0.449366	0.000000	0.550634	0.000000
19	tsk_19	(x)	1	:	0.000053	0.352144	0.000053	0.647750
20	tsk_20	(x)	1	:	0.447754	0.000000	0.552246	0.000000
21	tsk_21	(x)	1	:	0.709680	0.000000	0.290320	0.000000
22	tsk_22	(x)	1	:	0.351671	0.000000	0.648329	0.000000
23	tsk_23	(x)	1	:	0.550090	0.000000	0.449910	0.000000
24	tsk_24	(x)	1	:	0.378363	0.000000	0.621637	0.000000
25	tsk_25	(x)	1	:	0.350872	0.000000	0.649128	0.000000
26	tsk_26	(x)	1	:	0.447414	0.000000	0.552586	0.000000
27	tsk_27	(x)	1	:	0.710456	0.000000	0.289544	0.000000
28	tsk_28	(x)	1	:	0.449445	0.000000	0.550555	0.000000
29	tsk_29	(x)	1	:	0.448907	0.000000	0.551093	0.000000
30	tsk_30	(x)	1	:	0.519794	0.000000	0.480206	0.000000
31	tsk_31	(x)	1	:	0.414829	0.000000	0.198171	0.387000
32	tsk_32	(x)	1	:	0.423646	0.000000	0.189777	0.386577
33	tsk_33	(x)	1	:	0.374060	0.000000	0.238942	0.386998
34	tsk_34	(x)	1	:	0.618166	0.000000	0.381834	0.000000
35	tsk_35	(x)	1	:	0.288649	0.000000	0.711351	0.000000
36	tsk_36	(x)	1	:	0.549468	0.000000	0.450532	0.000000
37	tsk_37	(x)	1	:	0.448409	0.000000	0.551591	0.000000
38	tsk_38	(x)	1	:	0.620468	0.000000	0.379532	0.000000
39	tsk_39	(x)	1	:	0.378078	0.000000	0.621922	0.000000
40	tsk_40	(x)	1	:	0.764113	0.000000	0.235887	0.000000
41	tsk_41	(x)	1	:	0.000000	1.000000	0.000000	0.000000
42	tsk_42	(x)	1	:	0.315394	0.000000	0.297987	0.386619
43	tsk_43	(x)	1	:	0.480252	0.000000	0.133099	0.386649
44	tsk_44	(x)	1	:	0.618478	0.000000	0.381522	0.000000
45	tsk_45	(x)	1	:	0.351980	0.000000	0.648020	0.000000
46	tsk_46	(x)	1	:	0.449689	0.000000	0.550311	0.000000
47	tsk_47	(x)	1	:	1.000000	0.000000	0.000000	0.000000
48	tsk_48	(x)	1	:	0.710142	0.000000	0.289858	0.000000
49	tsk_49	(x)	1	:	0.447950	0.000000	0.552050	0.000000
