logL = -169.564889 (converged)
AIC = 479.129778
BIC = 612.971388

count.K
27 23 

