logL = -48.759590 (converged)
AIC = 567.519180
BIC = 1016.844586

count.K
4 5 11 24 6 

