0	tsk_0	(x)	1	:	1.000000	0.000000	0.000000	0.000000	0.000000	0.000000
1	tsk_1	(x)	1	:	1.000000	0.000000	0.000000	0.000000	0.000000	0.000000
2	tsk_2	(x)	1	:	1.000000	0.000000	0.000000	0.000000	0.000000	0.000000
3	tsk_3	(x)	1	:	0.514515	0.000000	0.273024	0.000000	0.212461	0.000000
4	tsk_4	(x)	1	:	1.000000	0.000000	0.000000	0.000000	0.000000	0.000000
5	tsk_5	(x)	1	:	1.000000	0.000000	0.000000	0.000000	0.000000	0.000000
6	tsk_6	(x)	1	:	0.454076	0.000000	0.377122	0.000000	0.168802	0.000000
7	tsk_7	(x)	1	:	0.010203	0.000000	0.258641	0.490708	0.240448	0.000000
8	tsk_8	(x)	1	:	0.495105	0.000000	0.361272	0.000000	0.143623	0.000000
9	tsk_9	(x)	1	:	0.454071	0.000000	0.381258	0.000000	0.164671	0.000000
10	tsk_10	(x)	1	:	0.000000	0.000000	0.620984	0.000000	0.379016	0.000000
11	tsk_11	(x)	1	:	0.000000	0.000000	0.603009	0.000000	0.396991	0.000000
12	tsk_12	(x)	1	:	0.000000	0.000000	0.709296	0.000000	0.290704	0.000000
13	tsk_13	(x)	1	:	0.000000	0.000000	0.002566	0.000000	0.003894	0.993540
14	tsk_14	(x)	1	:	0.000000	0.000000	0.945460	0.000000	0.054540	0.000000
15	tsk_15	(x)	1	:	0.000000	0.000000	0.424382	0.000000	0.575618	0.000000
16	tsk_16	(x)	1	:	0.000000	0.000000	0.388421	0.000000	0.611579	0.000000
17	tsk_17	(x)	1	:	0.000000	0.000000	0.576466	0.000000	0.423534	0.000000
18	tsk_18	(x)	1	:	0.000000	0.000000	0.285857	0.000000	0.714143	0.000000
19	tsk_19	(x)	1	:	0.000000	0.000000	0.001991	0.000000	0.003899	0.994110
20	tsk_20	(x)	1	:	0.010044	0.000000	0.283903	0.490826	0.215227	0.000000
21	tsk_21	(x)	1	:	0.000000	0.000000	0.000000	1.000000	0.000000	0.000000
22	tsk_22	(x)	1	:	0.010884	0.000000	0.369674	0.490200	0.129242	0.000000
23	tsk_23	(x)	1	:	0.010478	0.000000	0.382897	0.490503	0.116123	0.000000
24	tsk_24	(x)	1	:	0.000000	0.000000	0.000000	1.000000	0.000000	0.000000
25	tsk_25	(x)	1	:	0.000000	0.000000	0.000000	1.000000	0.000000	0.000000
26	tsk_26	(x)	1	:	0.010745	0.000000	0.267554	0.490303	0.231398	0.000000
27	tsk_27	(x)	1	:	0.000000	0.000000	0.232194	0.525560	0.242246	0.000000
28	tsk_28	(x)	1	:	0.000000	0.000000	0.000000	1.000000	0.000000	0.000000
29	tsk_29	(x)	1	:	0.010437	0.000000	0.222039	0.490555	0.276969	0.000000
30	tsk_30	(x)	1	:	0.000000	0.940671	0.007826	0.000000	0.051503	0.000000
31	tsk_31	(x)	1	:	0.000000	0.000000	0.394908	0.000000	0.605092	0.000000
32	tsk_32	(x)	1	:	0.000000	0.948858	0.027060	0.000000	0.024082	0.000000
33	tsk_33	(x)	1	:	0.000000	0.000000	0.574015	0.000000	0.425985	0.000000
34	tsk_34	(x)	1	:	0.000000	0.934226	0.009306	0.000000	0.056468	0.000000
35	tsk_35	(x)	1	:	0.000000	0.941779	0.015316	0.000000	0.042906	0.000000
36	tsk_36	(x)	1	:	0.000000	0.000000	0.422459	0.000000	0.577541	0.000000
37	tsk_37	(x)	1	:	0.000000	0.000000	0.511563	0.000000	0.488437	0.000000
38	tsk_38	(x)	1	:	0.000000	0.000000	0.594054	0.000000	0.405946	0.000000
39	tsk_39	(x)	1	:	0.000000	0.947805	0.009246	0.000000	0.042949	0.000000
40	tsk_40	(x)	1	:	0.000000	0.000000	0.966501	0.000000	0.033499	0.000000
41	tsk_41	(x)	1	:	0.514518	0.000000	0.485482	0.000000	0.000000	0.000000
42	tsk_42	(x)	1	:	0.010046	0.000000	0.210745	0.490830	0.288379	0.000000
43	tsk_43	(x)	1	:	0.000000	0.000000	0.459267	0.000000	0.540733	0.000000
44	tsk_44	(x)	1	:	0.010356	0.000000	0.332461	0.490594	0.166590	0.000000
45	tsk_45	(x)	1	:	0.000000	0.000000	0.849168	0.000000	0.150832	0.000000
46	tsk_46	(x)	1	:	0.000000	0.000000	0.386557	0.000000	0.613443	0.000000
47	tsk_47	(x)	1	:	0.454251	0.386881	0.107588	0.000000	0.051280	0.000000
48	tsk_48	(x)	1	:	0.000000	0.000000	0.446426	0.000000	0.553574	0.000000
49	tsk_49	(x)	1	:	0.000000	0.000000	0.511026	0.000000	0.488974	0.000000
