logL = -90.946839 (converged)
AIC = 701.893679
BIC = 1199.019660

count.K
0 29 3 13 5 

