logL = -187.319241 (converged)
AIC = 1042.638482
BIC = 1681.254166

count.K
5 4 15 5 9 12 

