logL = -34.226752 (converged)
AIC = 518.453505
BIC = 948.658681

count.K
12 26 1 9 2 

