logL = -173.631391 (converged)
AIC = 751.262783
BIC = 1137.491430

count.K
4 11 20 15 

