logL = -161.314874 (converged)
AIC = 742.629749
BIC = 1144.154580

count.K
7 28 11 4 

