logL = -12.407702 (converged)
AIC = 454.815405
BIC = 865.900351

count.K
29 3 11 3 4 

