logL = -160.485743 (converged)
AIC = 780.971485
BIC = 1220.736776

count.K
14 13 10 13 

