logL = -175.644123 (converged)
AIC = 495.288246
BIC = 632.953902

count.K
33 17 

