logL = -208.178049 (converged)
AIC = 560.356098
BIC = 698.021755

count.K
8 42 

