logL = -65.818204 (converged)
AIC = 259.636408
BIC = 382.005880

count.K
29 21 

