logL = -326.598397 (converged)
AIC = 1073.196794
BIC = 1474.721625

count.K
9 16 1 24 

