logL = -136.198442 (converged)
AIC = 782.396885
BIC = 1269.962751

count.K
9 7 3 9 22 

