logL = -68.482623 (converged)
AIC = 616.965245
BIC = 1075.850767

count.K
12 2 9 5 22 

