logL = -130.949758 (converged)
AIC = 509.899515
BIC = 746.990368

count.K
5 40 5 

