logL = -239.138336 (converged)
AIC = 792.276672
BIC = 1092.464283

count.K
13 7 30 

