logL = -140.409225 (converged)
AIC = 936.818449
BIC = 1563.961995

count.K
4 17 13 2 10 4 

