logL = -84.002470 (converged)
AIC = 540.004941
BIC = 895.641220

count.K
13 18 14 5 

