logL = -329.311786 (converged)
AIC = 1218.623572
BIC = 1753.990013

count.K
2 10 2 11 25 

