logL = -161.461858 (converged)
AIC = 606.923717
BIC = 878.430984

count.K
28 15 7 

