logL = -226.413020 (converged)
AIC = 1144.826041
BIC = 1806.386001

count.K
8 13 5 4 7 13 

