logL = -221.546482 (converged)
AIC = 587.092964
BIC = 724.758620

count.K
15 35 

