logL = -197.960476 (converged)
AIC = 925.920951
BIC = 1432.607048

count.K
2 11 26 2 9 

