logL = -196.702184 (converged)
AIC = 903.404369
BIC = 1390.970235

count.K
5 17 14 8 6 

