logL = -101.893700 (converged)
AIC = 591.787400
BIC = 962.719863

count.K
9 25 7 9 

