logL = -83.804343 (converged)
AIC = 751.608685
BIC = 1309.919403

count.K
11 5 4 5 11 14 

