logL = -159.584618 (converged)
AIC = 849.169236
BIC = 1355.855333

count.K
19 5 5 7 14 

