logL = -279.722418 (converged)
AIC = 1287.444837
BIC = 1983.421211

count.K
15 9 10 5 1 10 

