logL = -174.569597 (converged)
AIC = 745.139195
BIC = 1123.719750

count.K
9 12 19 10 

