logL = -353.007827 (converged)
AIC = 862.015654
BIC = 1011.153448

count.K
32 18 

