logL = -47.349612 (converged)
AIC = 450.699224
BIC = 791.039319

count.K
1 19 28 2 

