logL = -455.137668 (converged)
AIC = 1082.275336
BIC = 1246.709314

count.K
31 19 

