0	tsk_0	(x)	1	:	0.000001	0.000000	0.000000	0.999999	0.000000
1	tsk_1	(x)	1	:	0.000000	0.000000	0.679579	0.000000	0.320421
2	tsk_2	(x)	1	:	0.240517	0.000000	0.000053	0.410331	0.349098
3	tsk_3	(x)	1	:	0.193863	0.000000	0.457802	0.000042	0.348293
4	tsk_4	(x)	1	:	0.193479	0.000000	0.457945	0.000056	0.348520
5	tsk_5	(x)	1	:	0.589570	0.000000	0.000000	0.410430	0.000000
6	tsk_6	(x)	1	:	0.000000	0.000000	0.991280	0.008720	0.000000
7	tsk_7	(x)	1	:	0.000002	0.000000	0.000000	0.999998	0.000000
8	tsk_8	(x)	1	:	0.193559	0.000000	0.457918	0.000050	0.348474
9	tsk_9	(x)	1	:	0.047497	0.000000	0.605549	0.000003	0.346951
10	tsk_10	(x)	1	:	0.301123	0.000000	0.000000	0.000000	0.698877
11	tsk_11	(x)	1	:	0.301123	0.000000	0.000000	0.000000	0.698877
12	tsk_12	(x)	1	:	0.301123	0.000000	0.000000	0.000000	0.698877
13	tsk_13	(x)	1	:	0.301123	0.000000	0.000000	0.000000	0.698877
14	tsk_14	(x)	1	:	1.000000	0.000000	0.000000	0.000000	0.000000
15	tsk_15	(x)	1	:	0.000000	0.000000	0.000000	0.443443	0.556557
16	tsk_16	(x)	1	:	1.000000	0.000000	0.000000	0.000000	0.000000
17	tsk_17	(x)	1	:	0.651002	0.000000	0.000000	0.000000	0.348998
18	tsk_18	(x)	1	:	0.000000	0.000000	0.000000	1.000000	0.000000
19	tsk_19	(x)	1	:	0.275217	0.000000	0.000000	0.724783	0.000000
20	tsk_20	(x)	1	:	0.000000	0.000000	0.815166	0.184834	0.000000
21	tsk_21	(x)	1	:	0.000000	0.000000	0.000000	1.000000	0.000000
22	tsk_22	(x)	1	:	0.000000	0.618336	0.000000	0.000000	0.381664
23	tsk_23	(x)	1	:	0.000000	0.000000	0.000000	1.000000	0.000000
24	tsk_24	(x)	1	:	0.541476	0.000000	0.457832	0.000692	0.000000
25	tsk_25	(x)	1	:	0.240506	0.000000	0.000096	0.410272	0.349127
26	tsk_26	(x)	1	:	0.000000	0.000000	0.000000	1.000000	0.000000
27	tsk_27	(x)	1	:	0.374871	0.000000	0.000000	0.625129	0.000000
28	tsk_28	(x)	1	:	0.000000	0.000000	0.000000	1.000000	0.000000
29	tsk_29	(x)	1	:	0.000001	0.000000	0.000000	0.000000	0.999999
30	tsk_30	(x)	1	:	0.240511	0.000000	0.000078	0.410297	0.349115
31	tsk_31	(x)	1	:	0.021635	0.000000	0.000000	0.407912	0.570454
32	tsk_32	(x)	1	:	0.021661	0.000000	0.000000	0.407896	0.570442
33	tsk_33	(x)	1	:	0.015549	0.000000	0.380133	0.035366	0.568951
34	tsk_34	(x)	1	:	0.240518	0.000000	0.000049	0.410337	0.349096
35	tsk_35	(x)	1	:	0.000000	0.000000	0.000000	0.000000	1.000000
36	tsk_36	(x)	1	:	0.240518	0.000000	0.000048	0.410339	0.349095
37	tsk_37	(x)	1	:	0.000000	0.000000	0.000000	0.000000	1.000000
38	tsk_38	(x)	1	:	0.000003	0.000000	0.000000	0.000000	0.999997
39	tsk_39	(x)	1	:	0.240514	0.000000	0.000066	0.410314	0.349107
40	tsk_40	(x)	1	:	0.089520	0.500175	0.000000	0.410305	0.000000
41	tsk_41	(x)	1	:	0.089522	0.500167	0.000000	0.410312	0.000000
42	tsk_42	(x)	1	:	0.589570	0.000000	0.000000	0.410430	0.000000
43	tsk_43	(x)	1	:	0.589570	0.000000	0.000000	0.410430	0.000000
44	tsk_44	(x)	1	:	0.000000	1.000000	0.000000	0.000000	0.000000
45	tsk_45	(x)	1	:	0.089521	0.500168	0.000000	0.410310	0.000000
46	tsk_46	(x)	1	:	1.000000	0.000000	0.000000	0.000000	0.000000
47	tsk_47	(x)	1	:	0.500000	0.500000	0.000000	0.000000	0.000000
48	tsk_48	(x)	1	:	0.000000	0.503442	0.000000	0.000000	0.496558
49	tsk_49	(x)	1	:	0.000000	0.503442	0.000000	0.000000	0.496558
