logL = -184.586420 (converged)
AIC = 647.172840
BIC = 912.944038

count.K
12 27 11 

