logL = -22.239363 (converged)
AIC = 156.478726
BIC = 263.552015

count.K
45 5 

