logL = -362.390387 (converged)
AIC = 888.780775
BIC = 1045.566661

count.K
14 36 

