logL = -202.654166 (converged)
AIC = 801.308332
BIC = 1179.888887

count.K
5 11 9 25 

