logL = -199.834473 (converged)
AIC = 539.668945
BIC = 673.510555

count.K
35 15 

