logL = -86.572839 (converged)
AIC = 683.145678
BIC = 1170.711544

count.K
34 5 4 4 3 

