logL = -101.303394 (converged)
AIC = 322.606788
BIC = 437.328168

count.K
26 24 

