logL = -136.262564 (converged)
AIC = 802.525128
BIC = 1309.211224

count.K
6 9 18 12 5 

