logL = -99.387483 (converged)
AIC = 678.774966
BIC = 1137.660488

count.K
2 7 19 8 14 

