logL = -78.596239 (converged)
AIC = 521.192478
BIC = 869.180665

count.K
3 36 1 10 

