logL = -332.144337 (converged)
AIC = 1132.288675
BIC = 1579.702058

count.K
17 6 25 2 

