logL = -116.948128 (converged)
AIC = 733.896255
BIC = 1211.902007

count.K
6 20 5 8 11 

