0	tsk_0	(x)	1	:	0.000000	1.000000	0.000000	0.000000	0.000000
1	tsk_1	(x)	1	:	0.000000	1.000000	0.000000	0.000000	0.000000
2	tsk_2	(x)	1	:	0.000000	1.000000	0.000000	0.000000	0.000000
3	tsk_3	(x)	1	:	0.000000	1.000000	0.000000	0.000000	0.000000
4	tsk_4	(x)	1	:	0.000000	1.000000	0.000000	0.000000	0.000000
5	tsk_5	(x)	1	:	0.000000	1.000000	0.000000	0.000000	0.000000
6	tsk_6	(x)	1	:	0.000000	1.000000	0.000000	0.000000	0.000000
7	tsk_7	(x)	1	:	0.000000	0.000000	0.000000	0.000000	1.000000
8	tsk_8	(x)	1	:	0.000000	1.000000	0.000000	0.000000	0.000000
9	tsk_9	(x)	1	:	0.000000	1.000000	0.000000	0.000000	0.000000
10	tsk_10	(x)	1	:	0.246800	0.500002	0.000000	0.253198	0.000000
11	tsk_11	(x)	1	:	1.000000	0.000000	0.000000	0.000000	0.000000
12	tsk_12	(x)	1	:	0.499999	0.500001	0.000000	0.000000	0.000000
13	tsk_13	(x)	1	:	0.000000	1.000000	0.000000	0.000000	0.000000
14	tsk_14	(x)	1	:	0.157530	0.500005	0.000000	0.342465	0.000000
15	tsk_15	(x)	1	:	0.293177	0.500000	0.000000	0.206823	0.000000
16	tsk_16	(x)	1	:	0.411754	0.000000	0.000000	0.588246	0.000000
17	tsk_17	(x)	1	:	0.513675	0.000000	0.000000	0.486325	0.000000
18	tsk_18	(x)	1	:	0.245699	0.500001	0.000000	0.254300	0.000000
19	tsk_19	(x)	1	:	0.073223	0.500005	0.000000	0.426772	0.000000
20	tsk_20	(x)	1	:	0.259476	0.000000	0.000000	0.740524	0.000000
21	tsk_21	(x)	1	:	0.116533	0.500005	0.000000	0.383462	0.000000
22	tsk_22	(x)	1	:	1.000000	0.000000	0.000000	0.000000	0.000000
23	tsk_23	(x)	1	:	0.513987	0.000000	0.000000	0.486013	0.000000
24	tsk_24	(x)	1	:	0.412365	0.000000	0.000000	0.587635	0.000000
25	tsk_25	(x)	1	:	0.807576	0.000000	0.000000	0.192424	0.000000
26	tsk_26	(x)	1	:	0.345883	0.000000	0.000000	0.654117	0.000000
27	tsk_27	(x)	1	:	0.512762	0.000000	0.000000	0.487238	0.000000
28	tsk_28	(x)	1	:	0.512508	0.000000	0.000000	0.487492	0.000000
29	tsk_29	(x)	1	:	0.512053	0.000000	0.000000	0.487947	0.000000
30	tsk_30	(x)	1	:	0.329915	0.500001	0.000000	0.170084	0.000000
31	tsk_31	(x)	1	:	0.000000	1.000000	0.000000	0.000000	0.000000
32	tsk_32	(x)	1	:	0.375358	0.180542	0.329796	0.114305	0.000000
33	tsk_33	(x)	1	:	0.000000	1.000000	0.000000	0.000000	0.000000
34	tsk_34	(x)	1	:	0.499998	0.500002	0.000000	0.000000	0.000000
35	tsk_35	(x)	1	:	0.000000	0.000000	1.000000	0.000000	0.000000
36	tsk_36	(x)	1	:	0.000000	1.000000	0.000000	0.000000	0.000000
37	tsk_37	(x)	1	:	0.000000	1.000000	0.000000	0.000000	0.000000
38	tsk_38	(x)	1	:	0.000000	0.000000	0.000000	0.000000	1.000000
39	tsk_39	(x)	1	:	0.000000	0.500001	0.000000	0.499999	0.000000
40	tsk_40	(x)	1	:	0.000000	0.000000	0.000000	1.000000	0.000000
41	tsk_41	(x)	1	:	0.259692	0.000000	0.000000	0.740308	0.000000
42	tsk_42	(x)	1	:	0.412266	0.000000	0.000000	0.587734	0.000000
43	tsk_43	(x)	1	:	0.513264	0.000000	0.000000	0.486736	0.000000
44	tsk_44	(x)	1	:	0.611827	0.000000	0.000000	0.388173	0.000000
45	tsk_45	(x)	1	:	0.000000	0.000025	0.468003	0.531972	0.000000
46	tsk_46	(x)	1	:	0.392523	0.000000	0.173262	0.434215	0.000000
47	tsk_47	(x)	1	:	0.759076	0.000000	0.000000	0.240924	0.000000
48	tsk_48	(x)	1	:	0.245554	0.500005	0.000000	0.254441	0.000000
49	tsk_49	(x)	1	:	0.331144	0.500003	0.000000	0.168854	0.000000
