logL = -392.998624 (converged)
AIC = 1105.997249
BIC = 1411.920930

count.K
21 19 10 

