logL = -234.002593 (converged)
AIC = 936.005186
BIC = 1383.418569

count.K
20 12 14 4 

