0	tsk_0	(x)	1	:	0.000000	0.500000	0.049410	0.450590	0.000000	0.000000
1	tsk_1	(x)	1	:	0.000000	1.000000	0.000000	0.000000	0.000000	0.000000
2	tsk_2	(x)	1	:	0.000000	0.500000	0.046885	0.453115	0.000000	0.000000
3	tsk_3	(x)	1	:	0.000000	0.500000	0.082120	0.417880	0.000000	0.000000
4	tsk_4	(x)	1	:	0.000000	0.000000	0.017457	0.982543	0.000000	0.000000
5	tsk_5	(x)	1	:	0.000000	1.000000	0.000000	0.000000	0.000000	0.000000
6	tsk_6	(x)	1	:	0.000000	0.500000	0.061160	0.438840	0.000000	0.000000
7	tsk_7	(x)	1	:	0.000000	0.500000	0.062989	0.437011	0.000000	0.000000
8	tsk_8	(x)	1	:	0.000000	0.000000	0.080780	0.919220	0.000000	0.000000
9	tsk_9	(x)	1	:	0.000000	0.000000	0.051829	0.948171	0.000000	0.000000
10	tsk_10	(x)	1	:	0.000000	0.000000	0.000000	0.000000	1.000000	0.000000
11	tsk_11	(x)	1	:	0.000000	0.000000	0.000000	0.000000	1.000000	0.000000
12	tsk_12	(x)	1	:	0.461413	0.038602	0.000000	0.000000	0.499979	0.000006
13	tsk_13	(x)	1	:	0.000045	0.499919	0.214687	0.285326	0.000000	0.000023
14	tsk_14	(x)	1	:	0.000000	0.000000	0.000000	0.000000	1.000000	0.000000
15	tsk_15	(x)	1	:	0.463095	0.536905	0.000000	0.000000	0.000000	0.000000
16	tsk_16	(x)	1	:	0.000000	0.019352	0.000000	0.000000	0.498784	0.481863
17	tsk_17	(x)	1	:	0.000000	0.500000	0.000000	0.000000	0.500000	0.000000
18	tsk_18	(x)	1	:	0.000000	0.000000	0.000000	0.000000	1.000000	0.000000
19	tsk_19	(x)	1	:	0.664109	0.000000	0.000000	0.000000	0.000000	0.335891
20	tsk_20	(x)	1	:	0.000000	0.000000	0.098888	0.901112	0.000000	0.000000
21	tsk_21	(x)	1	:	0.000002	0.019155	0.032550	0.465736	0.000000	0.482557
22	tsk_22	(x)	1	:	0.000000	0.500000	0.010020	0.489980	0.000000	0.000000
23	tsk_23	(x)	1	:	0.000002	0.019853	0.026527	0.471624	0.000000	0.481995
24	tsk_24	(x)	1	:	0.000000	0.000000	0.049520	0.950480	0.000000	0.000000
25	tsk_25	(x)	1	:	0.000000	0.000000	0.031096	0.968904	0.000000	0.000000
26	tsk_26	(x)	1	:	0.000000	0.000000	0.047934	0.952066	0.000000	0.000000
27	tsk_27	(x)	1	:	0.000000	0.000000	0.079130	0.920870	0.000000	0.000000
28	tsk_28	(x)	1	:	0.000002	0.019063	0.026731	0.471573	0.000000	0.482631
29	tsk_29	(x)	1	:	0.000000	0.000000	0.067746	0.932254	0.000000	0.000000
30	tsk_30	(x)	1	:	0.000000	0.000000	0.043460	0.956540	0.000000	0.000000
31	tsk_31	(x)	1	:	0.464125	0.035540	0.011879	0.488455	0.000000	0.000001
32	tsk_32	(x)	1	:	0.999996	0.000003	0.000000	0.000000	0.000000	0.000000
33	tsk_33	(x)	1	:	0.462954	0.036983	0.013633	0.486417	0.000000	0.000013
34	tsk_34	(x)	1	:	0.999958	0.000042	0.000000	0.000000	0.000000	0.000000
35	tsk_35	(x)	1	:	0.463013	0.536987	0.000000	0.000000	0.000000	0.000000
36	tsk_36	(x)	1	:	0.000000	0.000000	0.019222	0.980778	0.000000	0.000000
37	tsk_37	(x)	1	:	0.462536	0.037508	0.023523	0.476425	0.000000	0.000008
38	tsk_38	(x)	1	:	0.462314	0.037790	0.036492	0.463401	0.000000	0.000002
39	tsk_39	(x)	1	:	1.000000	0.000000	0.000000	0.000000	0.000000	0.000000
40	tsk_40	(x)	1	:	0.000000	0.000009	0.000000	0.000000	0.000000	0.999991
41	tsk_41	(x)	1	:	0.000000	0.000007	0.000000	0.000000	0.000000	0.999993
42	tsk_42	(x)	1	:	0.000000	0.000002	0.000000	0.000000	0.000000	0.999998
43	tsk_43	(x)	1	:	0.000000	0.000004	0.000000	0.000000	0.000000	0.999996
44	tsk_44	(x)	1	:	0.000000	0.000003	0.000000	0.000000	0.000000	0.999996
45	tsk_45	(x)	1	:	0.000000	0.000010	0.000000	0.000000	0.000000	0.999990
46	tsk_46	(x)	1	:	0.000000	0.000000	0.000000	0.000000	0.000000	1.000000
47	tsk_47	(x)	1	:	0.000000	0.000002	0.000000	0.000000	0.000000	0.999998
48	tsk_48	(x)	1	:	0.000000	0.000010	0.000000	0.000000	0.000000	0.999990
49	tsk_49	(x)	1	:	0.000000	0.000009	0.000000	0.000000	0.000000	0.999991
