logL = -103.028770 (converged)
AIC = 570.057539
BIC = 918.045726

count.K
32 1 14 3 

