logL = -56.088283 (converged)
AIC = 612.176566
BIC = 1090.182317

count.K
0 38 1 10 1 

