logL = -104.953850 (converged)
AIC = 769.907699
BIC = 1305.274141

count.K
7 5 6 4 11 17 

