logL = -210.200097 (converged)
AIC = 940.400195
BIC = 1437.526176

count.K
0 6 4 15 25 

