logL = -718.836097 (converged)
AIC = 1937.672194
BIC = 2415.677945

count.K
17 9 8 16 

