logL = -53.528706 (converged)
AIC = 597.057412
BIC = 1065.503048

count.K
1 9 27 6 7 

