logL = -192.478012 (converged)
AIC = 1028.956024
BIC = 1644.627432

count.K
8 4 13 13 3 9 

