logL = -156.775441 (converged)
AIC = 717.550882
BIC = 1103.779529

count.K
11 14 5 20 

