logL = -290.785422 (converged)
AIC = 1025.570844
BIC = 1450.039951

count.K
17 13 13 7 

