logL = -150.049815 (converged)
AIC = 560.099629
BIC = 808.662620

count.K
21 8 21 

