logL = -171.967559 (converged)
AIC = 1011.935119
BIC = 1650.550803

count.K
16 4 7 1 10 12 

