logL = -206.028199 (converged)
AIC = 808.056398
BIC = 1186.636953

count.K
5 12 14 19 

