logL = -114.888573 (converged)
AIC = 593.777146
BIC = 941.765333

count.K
2 23 21 4 

