0	tsk_0	(x)	1	:	0.000000	1.000000	0.000000	0.000000	0.000000	0.000000
1	tsk_1	(x)	1	:	0.000000	0.496238	0.000000	0.005635	0.000000	0.498126
2	tsk_2	(x)	1	:	0.000000	1.000000	0.000000	0.000000	0.000000	0.000000
3	tsk_3	(x)	1	:	0.000000	0.500000	0.000000	0.500000	0.000000	0.000000
4	tsk_4	(x)	1	:	0.000000	0.000000	0.000000	1.000000	0.000000	0.000000
5	tsk_5	(x)	1	:	0.000000	1.000000	0.000000	0.000000	0.000000	0.000000
6	tsk_6	(x)	1	:	0.000000	1.000000	0.000000	0.000000	0.000000	0.000000
7	tsk_7	(x)	1	:	0.000000	0.495607	0.000000	0.006579	0.000000	0.497813
8	tsk_8	(x)	1	:	0.000000	1.000000	0.000000	0.000000	0.000000	0.000000
9	tsk_9	(x)	1	:	0.000000	0.000000	0.000000	0.499997	0.000000	0.500003
10	tsk_10	(x)	1	:	0.000000	0.496062	0.000000	0.005900	0.000000	0.498039
11	tsk_11	(x)	1	:	0.000000	0.000000	0.000007	0.000000	0.000000	0.999993
12	tsk_12	(x)	1	:	0.000000	0.000000	0.000009	0.000000	0.000000	0.999991
13	tsk_13	(x)	1	:	0.000000	0.496078	0.000000	0.005875	0.000000	0.498047
14	tsk_14	(x)	1	:	0.491757	0.000000	0.000000	0.000000	0.000000	0.508243
15	tsk_15	(x)	1	:	0.000000	0.495896	0.000000	0.006148	0.000000	0.497956
16	tsk_16	(x)	1	:	0.000000	0.000000	0.000000	0.000000	0.000000	1.000000
17	tsk_17	(x)	1	:	0.000000	0.000000	0.000004	0.000000	0.000000	0.999996
18	tsk_18	(x)	1	:	0.000000	0.497435	0.000000	0.003844	0.000000	0.498721
19	tsk_19	(x)	1	:	0.000000	0.000000	0.999908	0.000000	0.000000	0.000092
20	tsk_20	(x)	1	:	0.000000	0.000000	0.000000	0.314093	0.572786	0.113120
21	tsk_21	(x)	1	:	0.000000	0.000000	0.000000	0.313937	0.572426	0.113637
22	tsk_22	(x)	1	:	0.000000	0.000000	0.000000	0.325343	0.674657	0.000000
23	tsk_23	(x)	1	:	0.000000	0.000000	0.000242	0.206213	0.793545	0.000000
24	tsk_24	(x)	1	:	0.000000	0.000000	0.000000	0.325343	0.674657	0.000000
25	tsk_25	(x)	1	:	0.000000	0.000000	0.000000	0.314235	0.572944	0.112821
26	tsk_26	(x)	1	:	0.000000	0.000000	0.000084	0.206263	0.793653	0.000000
27	tsk_27	(x)	1	:	0.000000	0.000000	0.000000	0.000000	0.000000	1.000000
28	tsk_28	(x)	1	:	0.000000	0.000000	0.000002	0.314256	0.572939	0.112803
29	tsk_29	(x)	1	:	0.000000	0.000000	0.000003	0.314256	0.572933	0.112808
30	tsk_30	(x)	1	:	0.000000	0.000000	0.000000	0.499980	0.000000	0.500020
31	tsk_31	(x)	1	:	0.000000	0.000000	0.000000	0.000000	0.000000	1.000000
32	tsk_32	(x)	1	:	0.000000	0.000000	0.000005	0.000000	0.000000	0.999995
33	tsk_33	(x)	1	:	0.000000	0.000000	0.000000	0.000000	0.000000	1.000000
34	tsk_34	(x)	1	:	0.000000	0.000000	0.000007	0.000000	0.000000	0.999993
35	tsk_35	(x)	1	:	0.000000	0.000000	0.000000	0.499992	0.000000	0.500008
36	tsk_36	(x)	1	:	0.000000	0.000000	0.000000	0.000000	0.000000	1.000000
37	tsk_37	(x)	1	:	0.000000	0.000000	0.000000	0.000000	0.000000	1.000000
38	tsk_38	(x)	1	:	0.000000	0.000000	0.000000	0.500000	0.000000	0.500000
39	tsk_39	(x)	1	:	0.000000	0.000000	0.000009	0.000000	0.000000	0.999991
40	tsk_40	(x)	1	:	0.000000	0.000000	0.000000	1.000000	0.000000	0.000000
41	tsk_41	(x)	1	:	0.000000	0.000000	0.000000	0.499999	0.000000	0.500001
42	tsk_42	(x)	1	:	0.000000	0.000000	0.000004	0.500000	0.000000	0.499996
43	tsk_43	(x)	1	:	0.483545	0.000000	0.000000	0.516455	0.000000	0.000000
44	tsk_44	(x)	1	:	0.483541	0.499990	0.000000	0.016469	0.000000	0.000000
45	tsk_45	(x)	1	:	0.000000	0.000000	0.000000	0.500000	0.000000	0.500000
46	tsk_46	(x)	1	:	0.483499	0.000000	0.000004	0.016548	0.000000	0.499950
47	tsk_47	(x)	1	:	1.000000	0.000000	0.000000	0.000000	0.000000	0.000000
48	tsk_48	(x)	1	:	0.478180	0.000000	0.000000	0.027216	0.000000	0.494604
49	tsk_49	(x)	1	:	0.593548	0.000000	0.000000	0.406452	0.000000	0.000000
