0	tsk_0	(x)	1	:	0.000000	0.000000	0.253746	0.000000	0.276718	0.469535
1	tsk_1	(x)	1	:	0.000000	0.000000	0.842615	0.000000	0.157385	0.000000
2	tsk_2	(x)	1	:	0.000000	0.000000	0.000000	0.000000	0.000000	1.000000
3	tsk_3	(x)	1	:	0.000000	0.000000	0.356090	0.000000	0.056123	0.587787
4	tsk_4	(x)	1	:	0.000000	0.000000	1.000000	0.000000	0.000000	0.000000
5	tsk_5	(x)	1	:	0.000000	0.000000	0.286421	0.000000	0.244044	0.469535
6	tsk_6	(x)	1	:	0.000000	0.969562	0.015114	0.000002	0.015322	0.000000
7	tsk_7	(x)	1	:	0.000000	0.000000	0.408750	0.000000	0.591250	0.000000
8	tsk_8	(x)	1	:	0.000000	0.000000	0.000000	0.000000	0.000000	1.000000
9	tsk_9	(x)	1	:	0.000000	0.960335	0.019772	0.000001	0.019892	0.000000
10	tsk_10	(x)	1	:	0.000000	0.000000	0.526245	0.000000	0.473755	0.000000
11	tsk_11	(x)	1	:	0.311809	0.000000	0.344813	0.000000	0.343378	0.000000
12	tsk_12	(x)	1	:	0.311856	0.000000	0.455029	0.000000	0.233114	0.000000
13	tsk_13	(x)	1	:	0.000000	0.000000	0.449130	0.000000	0.550870	0.000000
14	tsk_14	(x)	1	:	0.000000	0.000000	0.694154	0.000000	0.305846	0.000000
15	tsk_15	(x)	1	:	0.311704	0.000000	0.340872	0.000000	0.347424	0.000000
16	tsk_16	(x)	1	:	0.537700	0.000000	0.462241	0.000000	0.000059	0.000000
17	tsk_17	(x)	1	:	0.000000	0.000000	0.748750	0.000000	0.251250	0.000000
18	tsk_18	(x)	1	:	0.000000	0.000000	0.667926	0.000000	0.332074	0.000000
19	tsk_19	(x)	1	:	0.000000	0.000000	0.723360	0.000000	0.276640	0.000000
20	tsk_20	(x)	1	:	0.000000	0.000000	0.731077	0.000000	0.268923	0.000000
21	tsk_21	(x)	1	:	0.000000	0.000000	0.447778	0.000000	0.552222	0.000000
22	tsk_22	(x)	1	:	0.000053	0.000081	0.593182	0.000002	0.177068	0.229613
23	tsk_23	(x)	1	:	0.000000	0.000000	0.526494	0.000000	0.473506	0.000000
24	tsk_24	(x)	1	:	0.000000	0.000000	0.813850	0.000000	0.186150	0.000000
25	tsk_25	(x)	1	:	0.000000	0.000000	0.702907	0.000000	0.067535	0.229557
26	tsk_26	(x)	1	:	0.000000	0.000000	0.287064	0.000000	0.712936	0.000000
27	tsk_27	(x)	1	:	0.000000	0.000000	0.485867	0.000000	0.284571	0.229562
28	tsk_28	(x)	1	:	0.000000	0.000000	0.646248	0.000000	0.353752	0.000000
29	tsk_29	(x)	1	:	0.424930	0.000000	0.000433	0.000000	0.574637	0.000000
30	tsk_30	(x)	1	:	0.000000	0.000000	0.912334	0.000000	0.087666	0.000000
31	tsk_31	(x)	1	:	0.000000	0.000000	0.156931	0.000000	0.843069	0.000000
32	tsk_32	(x)	1	:	0.000000	0.000000	0.525893	0.000000	0.474107	0.000000
33	tsk_33	(x)	1	:	0.000000	0.000000	0.000000	0.000000	1.000000	0.000000
34	tsk_34	(x)	1	:	0.000000	0.000000	0.905529	0.000000	0.094471	0.000000
35	tsk_35	(x)	1	:	0.000000	0.000000	0.392728	0.000000	0.607272	0.000000
36	tsk_36	(x)	1	:	0.000000	0.000000	0.402572	0.000000	0.597428	0.000000
37	tsk_37	(x)	1	:	0.000000	0.000000	0.608541	0.000000	0.391459	0.000000
38	tsk_38	(x)	1	:	0.000000	0.000000	0.889893	0.000000	0.110107	0.000000
39	tsk_39	(x)	1	:	0.000000	0.000000	1.000000	0.000000	0.000000	0.000000
40	tsk_40	(x)	1	:	0.000001	0.000000	0.027608	0.939104	0.033288	0.000000
41	tsk_41	(x)	1	:	0.000000	0.000000	0.071869	0.928131	0.000000	0.000000
42	tsk_42	(x)	1	:	0.000000	0.000000	0.450576	0.000000	0.549424	0.000000
43	tsk_43	(x)	1	:	0.000000	0.000000	0.620280	0.000000	0.379720	0.000000
44	tsk_44	(x)	1	:	0.000000	0.000000	0.648620	0.000000	0.351380	0.000000
45	tsk_45	(x)	1	:	0.000000	0.000000	0.278737	0.000000	0.721263	0.000000
46	tsk_46	(x)	1	:	0.000000	0.000000	0.165158	0.000000	0.834842	0.000000
47	tsk_47	(x)	1	:	0.000000	0.000000	0.420692	0.000000	0.109779	0.469529
48	tsk_48	(x)	1	:	0.000000	0.000000	0.528131	0.000000	0.471869	0.000000
49	tsk_49	(x)	1	:	0.000000	0.000000	0.017616	0.934572	0.047811	0.000000
