logL = -237.417414 (converged)
AIC = 886.834828
BIC = 1280.711567

count.K
20 18 8 4 

