logL = -92.636660 (converged)
AIC = 655.273321
BIC = 1104.598727

count.K
3 4 19 12 12 

