logL = -434.027553 (converged)
AIC = 1056.055105
BIC = 1235.785268

count.K
28 22 

