0	tsk_0	(x)	1	:	0.000000	0.000000	0.000000	1.000000
1	tsk_1	(x)	1	:	0.000000	0.000000	0.000000	1.000000
2	tsk_2	(x)	1	:	0.000000	0.000000	0.000000	1.000000
3	tsk_3	(x)	1	:	0.350217	0.165791	0.000000	0.483992
4	tsk_4	(x)	1	:	0.000000	0.000000	0.000000	1.000000
5	tsk_5	(x)	1	:	0.382738	0.133269	0.000000	0.483993
6	tsk_6	(x)	1	:	0.000000	0.000000	0.000000	1.000000
7	tsk_7	(x)	1	:	0.000000	0.000000	0.000000	1.000000
8	tsk_8	(x)	1	:	0.000000	0.000000	0.000000	1.000000
9	tsk_9	(x)	1	:	0.000000	0.000000	0.000000	1.000000
10	tsk_10	(x)	1	:	0.700218	0.299782	0.000000	0.000000
11	tsk_11	(x)	1	:	0.589137	0.410863	0.000000	0.000000
12	tsk_12	(x)	1	:	0.664766	0.335234	0.000000	0.000000
13	tsk_13	(x)	1	:	0.699180	0.300820	0.000000	0.000000
14	tsk_14	(x)	1	:	0.477653	0.522347	0.000000	0.000000
15	tsk_15	(x)	1	:	0.808945	0.191055	0.000000	0.000000
16	tsk_16	(x)	1	:	0.536964	0.463036	0.000000	0.000000
17	tsk_17	(x)	1	:	0.640145	0.359855	0.000000	0.000000
18	tsk_18	(x)	1	:	0.700474	0.299526	0.000000	0.000000
19	tsk_19	(x)	1	:	0.538660	0.461340	0.000000	0.000000
20	tsk_20	(x)	1	:	0.587761	0.412239	0.000000	0.000000
21	tsk_21	(x)	1	:	0.462127	0.537872	0.000000	0.000000
22	tsk_22	(x)	1	:	0.783296	0.216704	0.000000	0.000000
23	tsk_23	(x)	1	:	0.532905	0.467095	0.000000	0.000000
24	tsk_24	(x)	1	:	0.635188	0.364812	0.000000	0.000000
25	tsk_25	(x)	1	:	0.404170	0.595830	0.000000	0.000000
26	tsk_26	(x)	1	:	0.608544	0.391456	0.000000	0.000000
27	tsk_27	(x)	1	:	0.534525	0.465475	0.000000	0.000000
28	tsk_28	(x)	1	:	0.334342	0.665658	0.000000	0.000000
29	tsk_29	(x)	1	:	0.236008	0.763992	0.000000	0.000000
30	tsk_30	(x)	1	:	0.138379	0.861621	0.000000	0.000000
31	tsk_31	(x)	1	:	0.534525	0.465475	0.000000	0.000000
32	tsk_32	(x)	1	:	0.657913	0.342087	0.000000	0.000000
33	tsk_33	(x)	1	:	0.000000	0.000000	0.000000	1.000000
34	tsk_34	(x)	1	:	0.000000	0.005432	0.994568	0.000000
35	tsk_35	(x)	1	:	0.434233	0.565767	0.000000	0.000000
36	tsk_36	(x)	1	:	0.003145	0.005636	0.991220	0.000000
37	tsk_37	(x)	1	:	0.347987	0.170332	0.000000	0.481680
38	tsk_38	(x)	1	:	0.399367	0.118957	0.000000	0.481675
39	tsk_39	(x)	1	:	0.000020	0.000003	0.540510	0.459467
40	tsk_40	(x)	1	:	0.029952	0.439309	0.000000	0.530740
41	tsk_41	(x)	1	:	0.000000	0.000000	0.000000	1.000000
42	tsk_42	(x)	1	:	0.000000	0.000000	0.000000	1.000000
43	tsk_43	(x)	1	:	0.000000	0.000000	0.000000	1.000000
44	tsk_44	(x)	1	:	0.000000	0.000000	0.000000	1.000000
45	tsk_45	(x)	1	:	0.067054	0.402206	0.000000	0.530740
46	tsk_46	(x)	1	:	0.053785	0.415475	0.000000	0.530740
47	tsk_47	(x)	1	:	0.289840	0.228483	0.000000	0.481677
48	tsk_48	(x)	1	:	0.582363	0.417637	0.000000	0.000000
49	tsk_49	(x)	1	:	0.057755	0.411505	0.000000	0.530740
