logL = -238.185267 (converged)
AIC = 624.370534
BIC = 765.860236

count.K
19 31 

