logL = -170.202099 (converged)
AIC = 476.404198
BIC = 606.421763

count.K
25 25 

