logL = -314.180672 (converged)
AIC = 936.361345
BIC = 1230.812888

count.K
12 18 20 

