logL = -48.971350 (converged)
AIC = 327.942700
BIC = 547.825346

count.K
23 7 20 

