logL = -282.707714 (converged)
AIC = 1125.415428
BIC = 1660.781870

count.K
1 13 8 22 6 

