logL = -269.200035 (converged)
AIC = 1230.400070
BIC = 1891.960030

count.K
6 18 11 5 2 8 

