logL = -166.123392 (converged)
AIC = 862.246783
BIC = 1368.932880

count.K
13 14 3 12 8 

