logL = -147.281501 (converged)
AIC = 894.563001
BIC = 1468.169903

count.K
14 5 9 11 11 

