logL = -446.809808 (converged)
AIC = 1061.619617
BIC = 1222.229549

count.K
12 38 

