logL = -216.132285 (converged)
AIC = 568.264570
BIC = 698.282135

count.K
17 33 

