logL = -496.845833 (converged)
AIC = 1165.691667
BIC = 1330.125645

count.K
13 37 

