logL = -174.395658 (converged)
AIC = 1016.791316
BIC = 1655.407000

count.K
4 16 4 5 7 14 

