logL = -161.590920 (converged)
AIC = 967.181839
BIC = 1582.853247

count.K
0 9 12 4 7 18 

