logL = -191.803343 (converged)
AIC = 819.606686
BIC = 1236.427701

count.K
4 14 5 27 

