logL = -163.943305 (converged)
AIC = 593.886609
BIC = 848.185669

count.K
32 2 16 

