logL = -95.842823 (converged)
AIC = 775.685647
BIC = 1333.996364

count.K
5 8 4 4 6 23 

