logL = -133.913014 (converged)
AIC = 623.826027
BIC = 964.166122

count.K
19 3 18 10 

