logL = -273.812207 (converged)
AIC = 1127.624415
BIC = 1682.111087

count.K
13 12 20 3 2 

