logL = -99.027110 (converged)
AIC = 708.054221
BIC = 1195.620087

count.K
10 22 3 4 11 

