logL = -105.409061 (converged)
AIC = 950.818121
BIC = 1658.266633

count.K
8 1 2 10 17 12 

