logL = -202.918114 (converged)
AIC = 1085.836227
BIC = 1735.924049

count.K
7 0 9 12 3 19 

