logL = -67.878117 (converged)
AIC = 371.756233
BIC = 597.374948

count.K
27 11 12 

