logL = -170.537149 (converged)
AIC = 745.074298
BIC = 1131.302945

count.K
7 14 25 4 

