logL = -430.845722 (converged)
AIC = 1025.691445
BIC = 1182.477331

count.K
18 32 

