logL = -47.137128 (converged)
AIC = 584.274256
BIC = 1052.719892

count.K
5 6 1 37 1 

