logL = -274.174912 (converged)
AIC = 688.349824
BIC = 822.191434

count.K
34 16 

