logL = -189.155631 (converged)
AIC = 938.311261
BIC = 1473.677703

count.K
0 11 4 23 12 

