logL = -122.298438 (converged)
AIC = 510.596876
BIC = 764.895936

count.K
16 2 32 

