logL = -262.969894 (converged)
AIC = 669.939787
BIC = 807.605444

count.K
27 23 

