logL = -158.625306 (converged)
AIC = 437.250613
BIC = 551.971993

count.K
23 27 

