logL = -164.713297 (converged)
AIC = 473.426595
BIC = 611.092251

count.K
32 18 

