logL = -54.341624 (converged)
AIC = 480.683248
BIC = 836.319527

count.K
5 8 1 36 

