logL = -122.683192 (converged)
AIC = 373.366383
BIC = 495.735855

count.K
42 8 

