logL = -333.282664 (converged)
AIC = 822.565327
BIC = 971.703122

count.K
26 24 

