logL = -204.489715 (converged)
AIC = 544.979430
BIC = 674.996994

count.K
28 22 

