logL = -171.484386 (converged)
AIC = 474.968773
BIC = 601.162291

count.K
28 22 

