logL = -111.807216 (converged)
AIC = 579.614431
BIC = 919.954526

count.K
15 14 13 8 

