logL = -336.955328 (converged)
AIC = 857.910656
BIC = 1033.816773

count.K
22 28 

