logL = -192.795020 (converged)
AIC = 965.590039
BIC = 1520.076711

count.K
7 5 24 13 1 

