logL = -133.081539 (converged)
AIC = 922.163079
BIC = 1549.306625

count.K
4 11 0 15 7 13 

