logL = -266.691137 (converged)
AIC = 681.382274
BIC = 822.871977

count.K
14 36 

