logL = -132.343357 (converged)
AIC = 754.686714
BIC = 1223.132350

count.K
16 7 2 18 7 

