0	tsk_0	(x)	1	:	0.000000	0.280308	0.314536	0.000000	0.237620	0.167536
1	tsk_1	(x)	1	:	0.000000	0.000000	0.476855	0.000000	0.246156	0.276989
2	tsk_2	(x)	1	:	0.000000	0.000000	0.000000	0.000000	0.472875	0.527125
3	tsk_3	(x)	1	:	0.000000	0.000000	0.544920	0.000000	0.097671	0.357409
4	tsk_4	(x)	1	:	0.000000	0.000000	0.480980	0.000000	0.244329	0.274692
5	tsk_5	(x)	1	:	0.000000	0.280149	0.719851	0.000000	0.000000	0.000000
6	tsk_6	(x)	1	:	0.998508	0.000000	0.000848	0.000000	0.000408	0.000236
7	tsk_7	(x)	1	:	0.000000	0.000000	0.376076	0.000000	0.293104	0.330820
8	tsk_8	(x)	1	:	0.000000	0.568212	0.120421	0.000000	0.088352	0.223014
9	tsk_9	(x)	1	:	0.000000	0.000000	0.128634	0.000000	0.219353	0.652012
10	tsk_10	(x)	1	:	0.000000	0.000000	0.129994	0.000000	0.344771	0.525235
11	tsk_11	(x)	1	:	0.000000	0.000000	0.548941	0.000000	0.212828	0.238231
12	tsk_12	(x)	1	:	0.000000	0.000000	0.253720	0.000000	0.407228	0.339052
13	tsk_13	(x)	1	:	0.000000	0.000000	0.367940	0.000000	0.140992	0.491068
14	tsk_14	(x)	1	:	0.000000	0.000000	0.485091	0.000000	0.381710	0.133199
15	tsk_15	(x)	1	:	0.000000	0.000000	0.314442	0.000000	0.111620	0.573938
16	tsk_16	(x)	1	:	0.000000	0.000000	0.486220	0.000000	0.384234	0.129546
17	tsk_17	(x)	1	:	0.000000	0.000000	0.376032	0.000000	0.293872	0.330096
18	tsk_18	(x)	1	:	0.000000	0.000000	0.420953	0.000000	0.331660	0.247387
19	tsk_19	(x)	1	:	0.000000	0.000000	0.551035	0.000000	0.089696	0.359269
20	tsk_20	(x)	1	:	0.000000	0.000000	0.082836	0.499998	0.247992	0.169173
21	tsk_21	(x)	1	:	0.000000	0.000000	0.846017	0.000000	0.153983	0.000000
22	tsk_22	(x)	1	:	0.000020	0.506802	0.000128	0.492147	0.000824	0.000080
23	tsk_23	(x)	1	:	0.000000	0.000000	0.192291	0.499997	0.000000	0.307713
24	tsk_24	(x)	1	:	0.000000	0.000000	0.379225	0.000000	0.398574	0.222201
25	tsk_25	(x)	1	:	0.000000	0.000000	0.790886	0.000000	0.098008	0.111106
26	tsk_26	(x)	1	:	0.000000	0.000000	0.373584	0.000000	0.295073	0.331343
27	tsk_27	(x)	1	:	0.000000	0.279148	0.194328	0.000000	0.359447	0.167077
28	tsk_28	(x)	1	:	0.000000	0.000000	0.163907	0.500075	0.336017	0.000000
29	tsk_29	(x)	1	:	0.000000	0.000000	1.000000	0.000000	0.000000	0.000000
30	tsk_30	(x)	1	:	0.000000	0.000000	0.000000	1.000000	0.000000	0.000000
31	tsk_31	(x)	1	:	0.000000	0.000000	0.000000	1.000000	0.000000	0.000000
32	tsk_32	(x)	1	:	0.000000	0.000000	0.303420	0.499998	0.067231	0.129350
33	tsk_33	(x)	1	:	0.000000	0.000000	0.355846	0.000000	0.000000	0.644154
34	tsk_34	(x)	1	:	0.000000	0.000000	0.000000	0.000000	0.304669	0.695331
35	tsk_35	(x)	1	:	0.000000	0.000000	0.446308	0.000000	0.155831	0.397861
36	tsk_36	(x)	1	:	0.000000	0.000000	0.000000	1.000000	0.000000	0.000000
37	tsk_37	(x)	1	:	0.000000	0.000000	0.257040	0.500003	0.242957	0.000000
38	tsk_38	(x)	1	:	0.000000	0.000000	0.075028	0.500002	0.260290	0.164681
39	tsk_39	(x)	1	:	0.000000	0.000000	0.000000	1.000000	0.000000	0.000000
40	tsk_40	(x)	1	:	0.000000	0.000000	0.066829	0.499998	0.291451	0.141722
41	tsk_41	(x)	1	:	0.000000	0.000000	0.000000	1.000000	0.000000	0.000000
42	tsk_42	(x)	1	:	0.000000	0.000000	0.000000	1.000000	0.000000	0.000000
43	tsk_43	(x)	1	:	0.000000	0.000000	0.000000	1.000000	0.000000	0.000000
44	tsk_44	(x)	1	:	0.000000	0.000000	0.000000	1.000000	0.000000	0.000000
45	tsk_45	(x)	1	:	0.000000	0.000000	0.178194	0.499998	0.259975	0.061833
46	tsk_46	(x)	1	:	0.000000	0.000000	0.000000	1.000000	0.000000	0.000000
47	tsk_47	(x)	1	:	0.000000	0.000000	0.000000	1.000000	0.000000	0.000000
48	tsk_48	(x)	1	:	0.000000	0.000000	0.184348	0.499999	0.189445	0.126208
49	tsk_49	(x)	1	:	0.000000	0.000000	0.000000	1.000000	0.000000	0.000000
