logL = -518.578620 (converged)
AIC = 1209.157240
BIC = 1373.591218

count.K
30 20 

