logL = -200.229301 (converged)
AIC = 568.458602
BIC = 729.068535

count.K
9 41 

