logL = -118.092673 (converged)
AIC = 640.185346
BIC = 1026.413993

count.K
7 27 10 6 

