logL = -308.770966 (converged)
AIC = 1309.541931
BIC = 1971.101891

count.K
0 9 20 10 1 10 

