0	tsk_0	(x)	1	:	0.000000	0.000000	1.000000	0.000000	0.000000
1	tsk_1	(x)	1	:	0.000000	0.000000	0.000000	0.000000	1.000000
2	tsk_2	(x)	1	:	0.000000	0.000000	0.514930	0.000000	0.485070
3	tsk_3	(x)	1	:	0.000000	0.000000	1.000000	0.000000	0.000000
4	tsk_4	(x)	1	:	0.000000	0.000000	0.444790	0.000000	0.555210
5	tsk_5	(x)	1	:	0.000000	0.000000	0.444792	0.000000	0.555208
6	tsk_6	(x)	1	:	0.000000	0.000000	0.000000	0.000000	1.000000
7	tsk_7	(x)	1	:	0.000000	0.000000	0.000000	0.000000	1.000000
8	tsk_8	(x)	1	:	0.000000	0.000000	1.000000	0.000000	0.000000
9	tsk_9	(x)	1	:	0.000000	0.000000	0.000000	0.000000	1.000000
10	tsk_10	(x)	1	:	1.000000	0.000000	0.000000	0.000000	0.000000
11	tsk_11	(x)	1	:	0.773778	0.000000	0.000000	0.226222	0.000000
12	tsk_12	(x)	1	:	1.000000	0.000000	0.000000	0.000000	0.000000
13	tsk_13	(x)	1	:	0.777195	0.000000	0.000000	0.222805	0.000000
14	tsk_14	(x)	1	:	0.000091	0.000000	0.000000	0.999909	0.000000
15	tsk_15	(x)	1	:	0.000202	0.000000	0.000000	0.999798	0.000000
16	tsk_16	(x)	1	:	0.000217	0.000000	0.000000	0.999783	0.000000
17	tsk_17	(x)	1	:	0.777082	0.000000	0.000000	0.222918	0.000000
18	tsk_18	(x)	1	:	0.777069	0.000000	0.000000	0.222931	0.000000
19	tsk_19	(x)	1	:	1.000000	0.000000	0.000000	0.000000	0.000000
20	tsk_20	(x)	1	:	1.000000	0.000000	0.000000	0.000000	0.000000
21	tsk_21	(x)	1	:	0.000032	0.000000	0.000000	0.999968	0.000000
22	tsk_22	(x)	1	:	0.777182	0.000000	0.000000	0.222818	0.000000
23	tsk_23	(x)	1	:	0.532599	0.000000	0.000000	0.000001	0.467400
24	tsk_24	(x)	1	:	0.000012	0.000000	0.000000	0.999988	0.000000
25	tsk_25	(x)	1	:	0.000022	0.000000	0.000000	0.999978	0.000000
26	tsk_26	(x)	1	:	1.000000	0.000000	0.000000	0.000000	0.000000
27	tsk_27	(x)	1	:	0.000077	0.000000	0.000000	0.999923	0.000000
28	tsk_28	(x)	1	:	0.513658	0.486342	0.000000	0.000000	0.000000
29	tsk_29	(x)	1	:	0.000003	0.500000	0.000000	0.499997	0.000000
30	tsk_30	(x)	1	:	0.000000	0.000000	0.000000	0.000000	1.000000
31	tsk_31	(x)	1	:	0.000000	0.000000	0.442687	0.000000	0.557313
32	tsk_32	(x)	1	:	0.000000	0.258859	0.741141	0.000000	0.000000
33	tsk_33	(x)	1	:	0.000000	0.000000	0.000000	0.000000	1.000000
34	tsk_34	(x)	1	:	0.000000	0.000000	0.436225	0.509484	0.054291
35	tsk_35	(x)	1	:	0.000000	0.000000	0.442649	0.000000	0.557351
36	tsk_36	(x)	1	:	0.000000	0.000000	0.000000	0.510354	0.489646
37	tsk_37	(x)	1	:	0.000037	0.000000	0.000000	0.999963	0.000000
38	tsk_38	(x)	1	:	0.000112	0.000000	0.000000	0.999888	0.000000
39	tsk_39	(x)	1	:	0.000000	0.000000	0.000000	0.000000	1.000000
40	tsk_40	(x)	1	:	0.000014	0.000000	0.493751	0.506019	0.000216
41	tsk_41	(x)	1	:	0.526470	0.000000	0.473524	0.000007	0.000000
42	tsk_42	(x)	1	:	0.000000	0.507368	0.492632	0.000000	0.000000
43	tsk_43	(x)	1	:	0.000063	0.500003	0.000000	0.499933	0.000000
44	tsk_44	(x)	1	:	1.000000	0.000000	0.000000	0.000000	0.000000
45	tsk_45	(x)	1	:	0.000000	1.000000	0.000000	0.000000	0.000000
46	tsk_46	(x)	1	:	0.526462	0.000000	0.473405	0.000001	0.000132
47	tsk_47	(x)	1	:	0.000010	0.000000	0.493641	0.506010	0.000339
48	tsk_48	(x)	1	:	0.000000	0.507368	0.492632	0.000000	0.000000
49	tsk_49	(x)	1	:	0.000077	0.500004	0.000000	0.499919	0.000000
