logL = -197.207560 (converged)
AIC = 1074.415119
BIC = 1724.502941

count.K
5 5 6 8 24 2 

