logL = -136.176029 (converged)
AIC = 802.352059
BIC = 1309.038155

count.K
9 4 15 7 15 

