logL = -147.473732 (converged)
AIC = 1034.947463
BIC = 1742.395975

count.K
5 17 6 8 3 11 

