logL = -155.649115 (converged)
AIC = 451.298229
BIC = 585.139840

count.K
15 35 

