logL = -423.972082 (converged)
AIC = 1019.944163
BIC = 1184.378142

count.K
8 42 

