logL = -246.205544 (converged)
AIC = 920.411088
BIC = 1329.584011

count.K
6 2 24 18 

