0	tsk_0	(x)	1	:	0.499113	0.499496	0.000512	0.000004	0.000004	0.000871
1	tsk_1	(x)	1	:	0.491217	0.496424	0.012359	0.000000	0.000000	0.000000
2	tsk_2	(x)	1	:	0.500000	0.500000	0.000000	0.000000	0.000000	0.000000
3	tsk_3	(x)	1	:	0.000000	0.000000	0.000000	0.135619	0.864381	0.000000
4	tsk_4	(x)	1	:	0.491213	0.496283	0.012311	0.000194	0.000000	0.000000
5	tsk_5	(x)	1	:	0.000000	0.499819	0.000000	0.247677	0.252505	0.000000
6	tsk_6	(x)	1	:	0.499999	0.000000	0.000000	0.086470	0.413531	0.000000
7	tsk_7	(x)	1	:	0.000000	0.499540	0.000000	0.500460	0.000000	0.000000
8	tsk_8	(x)	1	:	0.491274	0.496320	0.012105	0.000143	0.000000	0.000157
9	tsk_9	(x)	1	:	1.000000	0.000000	0.000000	0.000000	0.000000	0.000000
10	tsk_10	(x)	1	:	0.000000	0.000000	0.000000	0.266455	0.233523	0.500023
11	tsk_11	(x)	1	:	0.000000	0.000000	0.561365	0.088005	0.350629	0.000000
12	tsk_12	(x)	1	:	0.000000	0.000000	0.000000	0.616422	0.383578	0.000000
13	tsk_13	(x)	1	:	0.496860	0.000000	0.002036	0.081888	0.415529	0.003687
14	tsk_14	(x)	1	:	0.000000	0.000000	0.000000	0.215692	0.284301	0.500007
15	tsk_15	(x)	1	:	0.000000	0.000000	0.000000	0.397440	0.602560	0.000000
16	tsk_16	(x)	1	:	0.000000	0.000000	0.000000	0.000000	1.000000	0.000000
17	tsk_17	(x)	1	:	0.000000	0.000000	0.000000	0.241998	0.758002	0.000000
18	tsk_18	(x)	1	:	0.000000	0.000000	0.000000	0.000000	0.499996	0.500004
19	tsk_19	(x)	1	:	0.000000	0.000000	0.000000	1.000000	0.000000	0.000000
20	tsk_20	(x)	1	:	0.000000	0.000000	0.000000	0.000000	0.000000	1.000000
21	tsk_21	(x)	1	:	0.000000	0.000000	0.000000	0.000000	0.000000	1.000000
22	tsk_22	(x)	1	:	0.000000	0.000000	0.000000	0.000000	0.499992	0.500008
23	tsk_23	(x)	1	:	0.000000	0.000000	0.996685	0.000000	0.000000	0.003314
24	tsk_24	(x)	1	:	0.000000	0.000000	0.000000	0.092080	0.907920	0.000000
25	tsk_25	(x)	1	:	0.000000	0.000000	0.000000	0.133376	0.366603	0.500022
26	tsk_26	(x)	1	:	0.000000	0.000000	0.000000	0.000000	0.000000	1.000000
27	tsk_27	(x)	1	:	0.000000	0.000000	0.000000	0.393538	0.606462	0.000000
28	tsk_28	(x)	1	:	0.000000	0.000000	0.000000	0.197207	0.302782	0.500011
29	tsk_29	(x)	1	:	0.000000	0.000000	0.414606	0.585394	0.000000	0.000000
30	tsk_30	(x)	1	:	0.000000	0.000000	0.000000	0.238551	0.761449	0.000000
31	tsk_31	(x)	1	:	0.000000	0.000000	0.000000	0.201383	0.298598	0.500019
32	tsk_32	(x)	1	:	0.000000	0.000000	0.000000	0.000000	0.000000	1.000000
33	tsk_33	(x)	1	:	0.000000	0.000000	0.000000	0.000000	0.499993	0.500007
34	tsk_34	(x)	1	:	0.000000	0.000000	0.000000	0.000000	1.000000	0.000000
35	tsk_35	(x)	1	:	0.000000	0.000000	0.000000	0.245672	0.754328	0.000000
36	tsk_36	(x)	1	:	0.000000	0.000000	0.000000	0.289540	0.210377	0.500083
37	tsk_37	(x)	1	:	0.000000	0.000000	0.000000	0.104292	0.395653	0.500055
38	tsk_38	(x)	1	:	0.000000	0.000000	0.000000	0.000000	1.000000	0.000000
39	tsk_39	(x)	1	:	0.000000	0.000000	0.000000	0.129561	0.870439	0.000000
40	tsk_40	(x)	1	:	0.000000	0.000000	1.000000	0.000000	0.000000	0.000000
41	tsk_41	(x)	1	:	1.000000	0.000000	0.000000	0.000000	0.000000	0.000000
42	tsk_42	(x)	1	:	0.000000	0.000000	0.000000	0.000000	0.000000	1.000000
43	tsk_43	(x)	1	:	0.495468	0.000000	0.005834	0.129532	0.367533	0.001632
44	tsk_44	(x)	1	:	0.000000	0.000000	0.561526	0.130175	0.308298	0.000000
45	tsk_45	(x)	1	:	0.000000	0.000000	0.978263	0.000000	0.000000	0.021737
46	tsk_46	(x)	1	:	0.000000	0.000000	0.921177	0.000000	0.000000	0.078823
47	tsk_47	(x)	1	:	0.000000	0.000000	0.000000	0.499997	0.000000	0.500003
48	tsk_48	(x)	1	:	0.000000	0.000000	0.000000	0.000000	0.000000	1.000000
49	tsk_49	(x)	1	:	0.486943	0.000000	0.048509	0.000000	0.000000	0.464548
