logL = -249.461615 (converged)
AIC = 642.923230
BIC = 780.588887

count.K
29 21 

