logL = -367.273299 (converged)
AIC = 894.546598
BIC = 1047.508438

count.K
31 19 

