logL = -73.260175 (converged)
AIC = 636.520350
BIC = 1104.965986

count.K
29 3 11 2 5 

