logL = -156.979745 (converged)
AIC = 441.959491
BIC = 564.328963

count.K
15 35 

