logL = -199.562696 (converged)
AIC = 671.125392
BIC = 931.160521

count.K
21 20 9 

