0	tsk_0	(x)	1	:	0.000000	0.000000	0.556121	0.000000	0.000000	0.443879
1	tsk_1	(x)	1	:	0.000000	0.000000	0.000000	0.000000	0.000000	1.000000
2	tsk_2	(x)	1	:	0.000000	0.000000	1.000000	0.000000	0.000000	0.000000
3	tsk_3	(x)	1	:	0.000000	0.000000	0.995316	0.000000	0.000000	0.004684
4	tsk_4	(x)	1	:	0.000000	0.000000	0.000011	0.000000	0.000000	0.999989
5	tsk_5	(x)	1	:	0.000000	0.000000	0.000014	0.000000	0.000000	0.999986
6	tsk_6	(x)	1	:	0.000000	0.000000	0.491316	0.000000	0.000000	0.508684
7	tsk_7	(x)	1	:	0.000000	0.000000	0.491314	0.000000	0.000000	0.508686
8	tsk_8	(x)	1	:	0.000000	0.000000	0.556121	0.000000	0.000000	0.443879
9	tsk_9	(x)	1	:	0.000000	0.000000	0.491327	0.000000	0.000000	0.508673
10	tsk_10	(x)	1	:	0.500002	0.404295	0.000000	0.095703	0.000000	0.000000
11	tsk_11	(x)	1	:	0.500001	0.263648	0.000000	0.236351	0.000000	0.000000
12	tsk_12	(x)	1	:	1.000000	0.000000	0.000000	0.000000	0.000000	0.000000
13	tsk_13	(x)	1	:	0.500002	0.194042	0.000000	0.305956	0.000000	0.000000
14	tsk_14	(x)	1	:	0.000001	0.615734	0.000000	0.384265	0.000000	0.000000
15	tsk_15	(x)	1	:	0.000001	0.000000	0.000000	0.999999	0.000000	0.000000
16	tsk_16	(x)	1	:	0.000002	0.561153	0.000000	0.438845	0.000000	0.000000
17	tsk_17	(x)	1	:	0.500002	0.155277	0.000000	0.344721	0.000000	0.000000
18	tsk_18	(x)	1	:	0.500002	0.323667	0.000000	0.176331	0.000000	0.000000
19	tsk_19	(x)	1	:	0.000000	0.498391	0.000000	0.501609	0.000000	0.000000
20	tsk_20	(x)	1	:	0.500002	0.052918	0.000000	0.447080	0.000000	0.000000
21	tsk_21	(x)	1	:	0.000001	0.244794	0.000000	0.755206	0.000000	0.000000
22	tsk_22	(x)	1	:	0.500002	0.275631	0.000000	0.224367	0.000000	0.000000
23	tsk_23	(x)	1	:	0.512697	0.003041	0.000000	0.000579	0.000000	0.483683
24	tsk_24	(x)	1	:	0.000001	0.384367	0.000000	0.615632	0.000000	0.000000
25	tsk_25	(x)	1	:	0.000001	0.335437	0.000000	0.664562	0.000000	0.000000
26	tsk_26	(x)	1	:	1.000000	0.000000	0.000000	0.000000	0.000000	0.000000
27	tsk_27	(x)	1	:	0.000000	0.303508	0.000000	0.696492	0.000000	0.000000
28	tsk_28	(x)	1	:	0.487262	0.004926	0.000000	0.009159	0.498568	0.000086
29	tsk_29	(x)	1	:	0.000000	0.051429	0.000000	0.448486	0.499892	0.000194
30	tsk_30	(x)	1	:	0.000000	0.000000	0.000000	0.000000	0.000000	1.000000
31	tsk_31	(x)	1	:	0.000000	0.000000	0.000016	0.000000	0.000000	0.999984
32	tsk_32	(x)	1	:	0.000000	0.000000	0.000000	0.000000	0.209475	0.790525
33	tsk_33	(x)	1	:	0.000000	0.000000	0.000000	0.000000	0.000000	1.000000
34	tsk_34	(x)	1	:	0.000000	0.110555	0.000000	0.357313	0.000000	0.532132
35	tsk_35	(x)	1	:	0.000000	0.000000	0.000024	0.000000	0.000000	0.999976
36	tsk_36	(x)	1	:	0.000000	0.271151	0.000000	0.247678	0.000000	0.481171
37	tsk_37	(x)	1	:	0.000001	0.440521	0.000000	0.559478	0.000000	0.000000
38	tsk_38	(x)	1	:	0.000001	0.320833	0.000000	0.679166	0.000000	0.000000
39	tsk_39	(x)	1	:	0.000000	0.000000	0.000000	0.000000	0.000000	1.000000
40	tsk_40	(x)	1	:	0.000000	0.373358	0.495558	0.130637	0.000000	0.000447
41	tsk_41	(x)	1	:	0.489311	0.010525	0.493625	0.005992	0.000000	0.000548
42	tsk_42	(x)	1	:	0.000000	0.000000	0.494381	0.000000	0.504807	0.000813
43	tsk_43	(x)	1	:	0.000000	0.154098	0.000000	0.345805	0.499878	0.000218
44	tsk_44	(x)	1	:	0.500002	0.198474	0.000000	0.301524	0.000000	0.000000
45	tsk_45	(x)	1	:	0.000000	0.000000	0.000000	0.000000	1.000000	0.000000
46	tsk_46	(x)	1	:	0.488864	0.008557	0.493888	0.008519	0.000000	0.000172
47	tsk_47	(x)	1	:	0.000000	0.249595	0.495316	0.254373	0.000000	0.000715
48	tsk_48	(x)	1	:	0.000000	0.000000	0.494306	0.000000	0.504797	0.000897
49	tsk_49	(x)	1	:	0.000000	0.221468	0.000000	0.278466	0.499916	0.000150
