logL = -129.473349 (converged)
AIC = 728.946698
BIC = 1178.272105

count.K
3 9 5 30 3 

