logL = -145.729494 (converged)
AIC = 557.458987
BIC = 811.758047

count.K
19 9 22 

