logL = -105.457921 (converged)
AIC = 830.915842
BIC = 1423.642974

count.K
7 8 9 16 9 1 

