logL = -153.298745 (converged)
AIC = 836.597490
BIC = 1343.283586

count.K
19 1 5 14 11 

