logL = -73.283279 (converged)
AIC = 778.566558
BIC = 1382.765828

count.K
9 33 1 3 1 3 

