logL = -146.909595 (converged)
AIC = 803.819190
BIC = 1291.385056

count.K
8 11 20 9 2 

