logL = -280.679677 (converged)
AIC = 845.359353
BIC = 1116.866620

count.K
23 5 22 

