logL = -170.299925 (converged)
AIC = 480.599849
BIC = 614.441460

count.K
33 17 

