logL = -170.926410 (converged)
AIC = 489.852819
BIC = 631.342521

count.K
20 30 

