logL = -342.623720 (converged)
AIC = 969.247440
BIC = 1240.754706

count.K
3 19 28 

