logL = -94.409306 (converged)
AIC = 454.818612
BIC = 709.117672

count.K
19 3 28 

