logL = -308.770616 (converged)
AIC = 1177.541232
BIC = 1712.907673

count.K
4 10 0 18 18 

