0	tsk_0	(x)	1	:	0.000000	0.000000	0.428964	0.000000	0.000000	0.571036
1	tsk_1	(x)	1	:	0.000000	0.000049	0.427080	0.000000	0.000000	0.572871
2	tsk_2	(x)	1	:	0.000000	0.000105	0.429661	0.000000	0.000000	0.570235
3	tsk_3	(x)	1	:	0.000000	0.000000	0.428773	0.000000	0.281299	0.289927
4	tsk_4	(x)	1	:	0.000000	0.000000	0.817594	0.000000	0.000000	0.182406
5	tsk_5	(x)	1	:	0.000000	0.000000	0.302982	0.000000	0.281337	0.415681
6	tsk_6	(x)	1	:	0.000000	0.000000	0.429591	0.000000	0.000000	0.570409
7	tsk_7	(x)	1	:	0.000000	0.000000	0.198996	0.000000	0.000000	0.801004
8	tsk_8	(x)	1	:	0.000000	0.000000	0.229861	0.000000	0.000000	0.770139
9	tsk_9	(x)	1	:	0.000000	0.000000	0.427634	0.000000	0.281332	0.291034
10	tsk_10	(x)	1	:	0.000000	0.000121	0.273042	0.000000	0.000000	0.726837
11	tsk_11	(x)	1	:	0.000000	0.000000	0.528032	0.000000	0.000000	0.471968
12	tsk_12	(x)	1	:	0.000000	0.000000	0.360079	0.000000	0.355125	0.284797
13	tsk_13	(x)	1	:	0.000000	0.000000	0.429847	0.000000	0.000000	0.570153
14	tsk_14	(x)	1	:	0.000000	0.000075	0.647656	0.000000	0.000000	0.352269
15	tsk_15	(x)	1	:	0.000000	0.000000	0.360458	0.000000	0.000000	0.639542
16	tsk_16	(x)	1	:	0.000000	0.000228	0.748739	0.000000	0.000000	0.251034
17	tsk_17	(x)	1	:	0.000000	0.000000	0.423741	0.000000	0.000000	0.576259
18	tsk_18	(x)	1	:	0.000000	0.000241	0.358216	0.000000	0.000000	0.641543
19	tsk_19	(x)	1	:	0.000000	0.000239	0.691539	0.000000	0.000000	0.308222
20	tsk_20	(x)	1	:	0.400368	0.000026	0.455788	0.000000	0.000000	0.143819
21	tsk_21	(x)	1	:	1.000000	0.000000	0.000000	0.000000	0.000000	0.000000
22	tsk_22	(x)	1	:	1.000000	0.000000	0.000000	0.000000	0.000000	0.000000
23	tsk_23	(x)	1	:	0.619403	0.000032	0.119378	0.000000	0.000000	0.261187
24	tsk_24	(x)	1	:	1.000000	0.000000	0.000000	0.000000	0.000000	0.000000
25	tsk_25	(x)	1	:	0.400375	0.000046	0.382254	0.000000	0.000000	0.217326
26	tsk_26	(x)	1	:	1.000000	0.000000	0.000000	0.000000	0.000000	0.000000
27	tsk_27	(x)	1	:	1.000000	0.000000	0.000000	0.000000	0.000000	0.000000
28	tsk_28	(x)	1	:	1.000000	0.000000	0.000000	0.000000	0.000000	0.000000
29	tsk_29	(x)	1	:	0.602332	0.000071	0.219218	0.000000	0.000000	0.178379
30	tsk_30	(x)	1	:	0.400377	0.000055	0.536021	0.000000	0.000000	0.063547
31	tsk_31	(x)	1	:	0.000000	1.000000	0.000000	0.000000	0.000000	0.000000
32	tsk_32	(x)	1	:	0.000000	0.000000	0.427203	0.000000	0.000000	0.572797
33	tsk_33	(x)	1	:	0.000000	0.000000	0.000000	0.000000	0.355120	0.644880
34	tsk_34	(x)	1	:	0.000000	0.000131	0.427351	0.000000	0.000000	0.572518
35	tsk_35	(x)	1	:	0.285406	0.000000	0.378621	0.000000	0.000000	0.335973
36	tsk_36	(x)	1	:	0.000000	0.000000	0.259274	0.000000	0.355124	0.385602
37	tsk_37	(x)	1	:	0.000000	0.000000	0.000000	0.000000	1.000000	0.000000
38	tsk_38	(x)	1	:	0.285412	0.000000	0.201396	0.000000	0.000000	0.513192
39	tsk_39	(x)	1	:	0.000000	0.000149	0.497956	0.000000	0.000000	0.501895
40	tsk_40	(x)	1	:	0.000000	0.000000	0.154570	0.000000	0.000000	0.845430
41	tsk_41	(x)	1	:	0.000000	0.000000	0.599331	0.000000	0.000000	0.400669
42	tsk_42	(x)	1	:	0.000000	0.000000	0.385834	0.000000	0.264325	0.349841
43	tsk_43	(x)	1	:	0.000000	0.000000	1.000000	0.000000	0.000000	0.000000
44	tsk_44	(x)	1	:	0.000000	0.000000	0.529436	0.000000	0.000000	0.470564
45	tsk_45	(x)	1	:	0.000000	0.000000	0.000000	1.000000	0.000000	0.000000
46	tsk_46	(x)	1	:	0.000000	0.000000	0.126534	0.000000	0.000000	0.873466
47	tsk_47	(x)	1	:	0.000000	0.000000	0.331060	0.000000	0.000000	0.668940
48	tsk_48	(x)	1	:	0.000000	0.000000	0.361066	0.000000	0.000000	0.638934
49	tsk_49	(x)	1	:	0.000000	0.000000	0.423354	0.000000	0.000000	0.576645
