logL = -400.572938 (converged)
AIC = 965.145875
BIC = 1121.931762

count.K
21 29 

