logL = -84.742642 (converged)
AIC = 765.485284
BIC = 1335.268139

count.K
5 3 4 8 21 9 

