0	tsk_0	(x)	1	:	0.745846	0.000000	0.000000	0.000000	0.254154
1	tsk_1	(x)	1	:	0.000000	0.000002	0.999998	0.000000	0.000000
2	tsk_2	(x)	1	:	0.000000	0.000000	1.000000	0.000000	0.000000
3	tsk_3	(x)	1	:	0.000000	0.000001	0.999999	0.000000	0.000000
4	tsk_4	(x)	1	:	0.000000	0.000001	0.999999	0.000000	0.000000
5	tsk_5	(x)	1	:	0.000000	0.000004	0.999996	0.000000	0.000000
6	tsk_6	(x)	1	:	0.000000	0.000001	0.999999	0.000000	0.000000
7	tsk_7	(x)	1	:	0.000000	0.000000	1.000000	0.000000	0.000000
8	tsk_8	(x)	1	:	0.000000	0.000002	0.999998	0.000000	0.000000
9	tsk_9	(x)	1	:	0.140233	0.000001	0.499999	0.000000	0.359767
10	tsk_10	(x)	1	:	0.000000	0.000000	1.000000	0.000000	0.000000
11	tsk_11	(x)	1	:	0.588693	0.000000	0.000000	0.000000	0.411307
12	tsk_12	(x)	1	:	0.000000	0.000001	0.999999	0.000000	0.000000
13	tsk_13	(x)	1	:	0.184998	0.000001	0.499998	0.000000	0.315003
14	tsk_14	(x)	1	:	0.593053	0.000000	0.000000	0.000000	0.406947
15	tsk_15	(x)	1	:	0.490724	0.360400	0.000111	0.000000	0.148764
16	tsk_16	(x)	1	:	0.000000	1.000000	0.000000	0.000000	0.000000
17	tsk_17	(x)	1	:	0.186695	0.000001	0.499998	0.000000	0.313306
18	tsk_18	(x)	1	:	0.352628	0.000001	0.499999	0.000000	0.147372
19	tsk_19	(x)	1	:	0.415346	0.000000	0.000000	0.000000	0.584654
20	tsk_20	(x)	1	:	0.415161	0.000000	0.000000	0.000000	0.584839
21	tsk_21	(x)	1	:	0.416610	0.000000	0.000000	0.000000	0.583390
22	tsk_22	(x)	1	:	0.590451	0.000000	0.000000	0.000000	0.409549
23	tsk_23	(x)	1	:	0.324015	0.000000	0.000000	0.000000	0.675985
24	tsk_24	(x)	1	:	0.349665	0.000001	0.499999	0.000000	0.150335
25	tsk_25	(x)	1	:	0.694687	0.000000	0.000000	0.305313	0.000000
26	tsk_26	(x)	1	:	0.187769	0.000000	0.500000	0.000000	0.312231
27	tsk_27	(x)	1	:	0.000000	0.000003	0.999997	0.000000	0.000000
28	tsk_28	(x)	1	:	0.488529	0.000000	0.000000	0.000000	0.511470
29	tsk_29	(x)	1	:	0.591070	0.000000	0.000000	0.000000	0.408930
30	tsk_30	(x)	1	:	0.162490	0.714910	0.000000	0.000000	0.122600
31	tsk_31	(x)	1	:	0.592123	0.000000	0.000000	0.000000	0.407877
32	tsk_32	(x)	1	:	0.416443	0.000000	0.000000	0.000000	0.583557
33	tsk_33	(x)	1	:	0.035385	0.000000	0.504599	0.404978	0.055038
34	tsk_34	(x)	1	:	0.183618	0.597169	0.000000	0.000000	0.219213
35	tsk_35	(x)	1	:	0.814553	0.000000	0.000000	0.000000	0.185447
36	tsk_36	(x)	1	:	0.590165	0.000000	0.000000	0.000000	0.409835
37	tsk_37	(x)	1	:	0.590800	0.000000	0.000000	0.000000	0.409200
38	tsk_38	(x)	1	:	0.000000	0.000000	0.000000	1.000000	0.000000
39	tsk_39	(x)	1	:	0.000000	0.000001	0.999999	0.000000	0.000000
40	tsk_40	(x)	1	:	0.000000	0.000000	0.000000	0.000000	1.000000
41	tsk_41	(x)	1	:	0.003018	0.000000	0.000000	0.631355	0.365626
42	tsk_42	(x)	1	:	0.749372	0.000000	0.000000	0.000000	0.250628
43	tsk_43	(x)	1	:	0.336976	0.000000	0.000000	0.401037	0.261988
44	tsk_44	(x)	1	:	0.684933	0.000000	0.000000	0.000000	0.315067
45	tsk_45	(x)	1	:	0.000000	0.000000	0.000000	0.631356	0.368644
46	tsk_46	(x)	1	:	0.354923	0.000000	0.000000	0.305313	0.339763
47	tsk_47	(x)	1	:	0.000000	0.000000	0.000000	1.000000	0.000000
48	tsk_48	(x)	1	:	0.338905	0.000000	0.000000	0.401037	0.260058
49	tsk_49	(x)	1	:	0.489691	0.000000	0.000000	0.000000	0.510309
