logL = -279.496589 (converged)
AIC = 1310.993177
BIC = 2029.913827

count.K
1 6 13 9 20 1 

