logL = -145.076722 (converged)
AIC = 550.153445
BIC = 798.716436

count.K
9 27 14 

