logL = -194.086710 (converged)
AIC = 888.173419
BIC = 1366.179171

count.K
5 6 7 0 32 

