logL = -131.868650 (converged)
AIC = 871.737301
BIC = 1452.992294

count.K
9 1 7 24 7 2 

