logL = -170.676131 (converged)
AIC = 861.352262
BIC = 1358.478244

count.K
1 5 8 22 14 

