logL = -749.670524 (converged)
AIC = 1849.341048
BIC = 2183.945074

count.K
26 19 5 

