logL = -185.188342 (converged)
AIC = 636.376683
BIC = 890.675743

count.K
7 31 12 

