logL = -180.759809 (converged)
AIC = 951.519617
BIC = 1515.566404

count.K
6 13 6 2 23 

