logL = -256.562126 (converged)
AIC = 809.124251
BIC = 1092.103656

count.K
19 7 24 

