logL = -273.909671 (converged)
AIC = 1087.819341
BIC = 1604.065553

count.K
14 2 2 13 19 

