logL = -148.937976 (converged)
AIC = 837.875952
BIC = 1354.122163

count.K
3 6 8 5 28 

