0	tsk_0	(x)	1	:	0.000000	0.000000	0.000000	0.490928	0.000000	0.509072
1	tsk_1	(x)	1	:	0.000000	0.496843	0.000000	0.234382	0.000047	0.268727
2	tsk_2	(x)	1	:	0.000000	0.000000	0.000000	0.486123	0.000000	0.513877
3	tsk_3	(x)	1	:	0.000000	0.000000	0.000000	0.810538	0.000000	0.189462
4	tsk_4	(x)	1	:	0.377124	0.000000	0.004132	0.000000	0.618744	0.000000
5	tsk_5	(x)	1	:	0.000000	0.000000	0.000000	0.486601	0.000000	0.513399
6	tsk_6	(x)	1	:	0.000000	0.496840	0.000000	0.249534	0.000056	0.253571
7	tsk_7	(x)	1	:	0.382543	0.602588	0.014867	0.000000	0.000002	0.000000
8	tsk_8	(x)	1	:	0.000000	0.544045	0.000000	0.209189	0.000000	0.246766
9	tsk_9	(x)	1	:	0.000000	0.496844	0.000000	0.199584	0.000046	0.303526
10	tsk_10	(x)	1	:	0.000000	0.000000	0.499958	0.211586	0.000087	0.288370
11	tsk_11	(x)	1	:	0.000000	0.651471	0.286213	0.000000	0.062316	0.000000
12	tsk_12	(x)	1	:	1.000000	0.000000	0.000000	0.000000	0.000000	0.000000
13	tsk_13	(x)	1	:	0.000000	0.494763	0.505237	0.000000	0.000000	0.000000
14	tsk_14	(x)	1	:	0.683673	0.000000	0.259560	0.000000	0.056768	0.000000
15	tsk_15	(x)	1	:	0.000000	0.000000	1.000000	0.000000	0.000000	0.000000
16	tsk_16	(x)	1	:	0.513841	0.486159	0.000000	0.000000	0.000000	0.000000
17	tsk_17	(x)	1	:	0.000000	0.496833	0.000000	0.149902	0.000074	0.353192
18	tsk_18	(x)	1	:	0.000000	0.000000	1.000000	0.000000	0.000000	0.000000
19	tsk_19	(x)	1	:	0.000000	0.000000	0.418244	0.000000	0.581756	0.000000
20	tsk_20	(x)	1	:	0.544323	0.000000	0.000000	0.000000	0.455677	0.000000
21	tsk_21	(x)	1	:	0.513120	0.000000	0.486880	0.000000	0.000000	0.000000
22	tsk_22	(x)	1	:	0.513841	0.486159	0.000000	0.000000	0.000000	0.000000
23	tsk_23	(x)	1	:	0.513841	0.486159	0.000000	0.000000	0.000000	0.000000
24	tsk_24	(x)	1	:	0.000000	0.000000	0.000000	0.433768	0.000000	0.566231
25	tsk_25	(x)	1	:	0.692383	0.000000	0.307612	0.000000	0.000005	0.000000
26	tsk_26	(x)	1	:	0.513841	0.486159	0.000000	0.000000	0.000000	0.000000
27	tsk_27	(x)	1	:	0.513841	0.486159	0.000000	0.000000	0.000000	0.000000
28	tsk_28	(x)	1	:	0.000000	1.000000	0.000000	0.000000	0.000000	0.000000
29	tsk_29	(x)	1	:	0.513841	0.486159	0.000000	0.000000	0.000000	0.000000
30	tsk_30	(x)	1	:	0.000000	0.000000	0.000000	0.000000	1.000000	0.000000
31	tsk_31	(x)	1	:	0.450609	0.000000	0.000000	0.000000	0.549391	0.000000
32	tsk_32	(x)	1	:	0.544323	0.000000	0.000000	0.000000	0.455677	0.000000
33	tsk_33	(x)	1	:	0.544323	0.000000	0.000000	0.000000	0.455677	0.000000
34	tsk_34	(x)	1	:	0.000000	0.000000	0.000000	0.000000	1.000000	0.000000
35	tsk_35	(x)	1	:	0.450609	0.000000	0.000000	0.000000	0.549391	0.000000
36	tsk_36	(x)	1	:	0.000000	0.000000	0.000000	0.000000	1.000000	0.000000
37	tsk_37	(x)	1	:	0.000000	0.000000	0.000000	0.000000	1.000000	0.000000
38	tsk_38	(x)	1	:	0.544323	0.000000	0.000000	0.000000	0.455677	0.000000
39	tsk_39	(x)	1	:	0.450609	0.000000	0.000000	0.000000	0.549391	0.000000
40	tsk_40	(x)	1	:	0.000000	0.000000	0.000000	0.329040	0.455600	0.215360
41	tsk_41	(x)	1	:	0.000000	0.000000	0.000000	0.492595	0.000000	0.507404
42	tsk_42	(x)	1	:	0.000000	0.000000	0.000000	0.262935	0.000000	0.737065
43	tsk_43	(x)	1	:	0.000000	0.000000	0.000000	0.549507	0.000000	0.450493
44	tsk_44	(x)	1	:	0.000000	0.000000	0.000000	0.878815	0.000000	0.121185
45	tsk_45	(x)	1	:	0.000000	0.000000	0.000000	0.848128	0.000000	0.151872
46	tsk_46	(x)	1	:	0.000000	0.000000	0.000000	0.156723	0.455600	0.387677
47	tsk_47	(x)	1	:	0.000000	0.000000	0.000000	0.776626	0.000000	0.223374
48	tsk_48	(x)	1	:	0.000000	0.000000	0.000000	0.415596	0.000000	0.584404
49	tsk_49	(x)	1	:	0.000000	0.000000	0.000000	0.159363	0.000000	0.840637
