logL = -82.596006 (converged)
AIC = 419.192013
BIC = 662.018934

count.K
5 39 6 

