logL = -108.695702 (converged)
AIC = 697.391404
BIC = 1156.276925

count.K
2 3 0 23 22 

