logL = -124.112918 (converged)
AIC = 728.225836
BIC = 1187.111357

count.K
10 19 11 4 6 

