logL = -225.142077 (converged)
AIC = 722.284154
BIC = 982.319283

count.K
21 11 18 

