logL = -116.522003 (converged)
AIC = 597.044007
BIC = 945.032194

count.K
5 28 11 6 

