logL = -35.289317 (converged)
AIC = 306.578633
BIC = 532.197348

count.K
9 40 1 

