logL = -215.767951 (converged)
AIC = 709.535902
BIC = 975.307100

count.K
27 16 7 

