logL = -125.376535 (converged)
AIC = 882.753070
BIC = 1486.952339

count.K
15 10 4 8 12 1 

