logL = -231.720497 (converged)
AIC = 747.440994
BIC = 1018.948261

count.K
14 24 12 

