logL = -144.570127 (converged)
AIC = 669.140255
BIC = 1032.424626

count.K
2 3 43 2 

