logL = -153.964602 (converged)
AIC = 427.929203
BIC = 542.650584

count.K
25 25 

