logL = -242.111850 (converged)
AIC = 912.223700
BIC = 1321.396623

count.K
3 13 6 28 

