logL = -202.617232 (converged)
AIC = 1109.234465
BIC = 1782.266563

count.K
4 13 10 8 8 7 

