0	tsk_0	(x)	1	:	0.000000	0.000000	0.000000	0.000000	0.866655	0.133345
1	tsk_1	(x)	1	:	0.000000	0.000000	0.000000	0.000000	0.572215	0.427785
2	tsk_2	(x)	1	:	0.000000	0.000000	0.000000	0.499997	0.325729	0.174274
3	tsk_3	(x)	1	:	0.000000	0.000000	0.000000	0.000000	0.805139	0.194861
4	tsk_4	(x)	1	:	0.000000	0.000000	0.000000	0.000000	0.570449	0.429551
5	tsk_5	(x)	1	:	0.000000	0.000000	0.000000	0.000000	0.995327	0.004673
6	tsk_6	(x)	1	:	0.000000	0.000000	0.000000	1.000000	0.000000	0.000000
7	tsk_7	(x)	1	:	0.000000	0.000000	0.000000	0.000000	0.573936	0.426064
8	tsk_8	(x)	1	:	0.000000	0.000000	0.000000	0.000000	0.635845	0.364155
9	tsk_9	(x)	1	:	0.000000	0.000000	0.000000	0.000000	0.580434	0.419566
10	tsk_10	(x)	1	:	0.000000	0.000000	0.000000	0.000000	0.872523	0.127477
11	tsk_11	(x)	1	:	0.000000	0.000000	0.000000	0.000000	0.621092	0.378908
12	tsk_12	(x)	1	:	0.000000	0.000000	0.000000	0.000000	1.000000	0.000000
13	tsk_13	(x)	1	:	0.000000	0.000000	0.000000	0.000000	0.584676	0.415324
14	tsk_14	(x)	1	:	0.000000	0.000000	0.000000	0.000000	0.919706	0.080294
15	tsk_15	(x)	1	:	0.000000	0.000000	0.000000	0.000000	0.842346	0.157654
16	tsk_16	(x)	1	:	0.000000	0.000000	0.000000	0.000000	1.000000	0.000000
17	tsk_17	(x)	1	:	0.000000	0.000000	0.000000	0.000000	0.690019	0.309981
18	tsk_18	(x)	1	:	0.000000	0.000000	0.000000	0.000000	1.000000	0.000000
19	tsk_19	(x)	1	:	0.000000	0.000000	0.000000	0.000000	0.589669	0.410331
20	tsk_20	(x)	1	:	0.000000	1.000000	0.000000	0.000000	0.000000	0.000000
21	tsk_21	(x)	1	:	0.000000	0.000000	0.000000	0.000000	0.938073	0.061927
22	tsk_22	(x)	1	:	0.000000	0.000000	0.000000	0.000000	0.802714	0.197286
23	tsk_23	(x)	1	:	0.000000	0.000000	0.000000	0.000000	0.872380	0.127620
24	tsk_24	(x)	1	:	0.499942	0.000000	0.000000	0.000000	0.424304	0.075754
25	tsk_25	(x)	1	:	0.000000	0.000000	0.000000	0.000000	1.000000	0.000000
26	tsk_26	(x)	1	:	1.000000	0.000000	0.000000	0.000000	0.000000	0.000000
27	tsk_27	(x)	1	:	0.499706	0.000000	0.000000	0.000000	0.500294	0.000000
28	tsk_28	(x)	1	:	0.000000	1.000000	0.000000	0.000000	0.000000	0.000000
29	tsk_29	(x)	1	:	0.000000	0.499840	0.000000	0.000000	0.000000	0.500160
30	tsk_30	(x)	1	:	0.000000	0.499569	0.000000	0.000000	0.007192	0.493238
31	tsk_31	(x)	1	:	0.000000	0.000000	0.000000	0.000000	0.000000	1.000000
32	tsk_32	(x)	1	:	0.000000	0.499384	0.000000	0.000000	0.009943	0.490673
33	tsk_33	(x)	1	:	0.000000	0.499907	0.000000	0.000000	0.228763	0.271330
34	tsk_34	(x)	1	:	0.000000	0.000000	0.000000	0.000000	0.896045	0.103955
35	tsk_35	(x)	1	:	0.000000	0.499914	0.000000	0.000000	0.203964	0.296122
36	tsk_36	(x)	1	:	0.000000	0.000000	0.000000	0.000000	1.000000	0.000000
37	tsk_37	(x)	1	:	0.000000	0.000000	0.000000	0.000000	0.690582	0.309418
38	tsk_38	(x)	1	:	0.000000	0.499895	0.000000	0.000000	0.133774	0.366331
39	tsk_39	(x)	1	:	0.000000	0.499905	0.000000	0.000000	0.176889	0.323206
40	tsk_40	(x)	1	:	0.000000	0.000000	0.000000	0.000000	1.000000	0.000000
41	tsk_41	(x)	1	:	0.000000	0.000000	0.000000	0.000000	0.792880	0.207120
42	tsk_42	(x)	1	:	0.000000	0.000000	0.499970	0.000000	0.500030	0.000000
43	tsk_43	(x)	1	:	0.000000	0.000000	1.000000	0.000000	0.000000	0.000000
44	tsk_44	(x)	1	:	0.000000	0.000000	0.399985	0.000003	0.000000	0.600012
45	tsk_45	(x)	1	:	0.000000	0.000000	0.000000	0.000000	0.692041	0.307959
46	tsk_46	(x)	1	:	0.000000	0.000000	0.000000	0.000000	0.000000	1.000000
47	tsk_47	(x)	1	:	0.000000	0.000000	0.499958	0.000000	0.500042	0.000000
48	tsk_48	(x)	1	:	0.000000	0.000000	0.399951	0.000000	0.600049	0.000000
49	tsk_49	(x)	1	:	0.000000	0.000000	1.000000	0.000000	0.000000	0.000000
