logL = -50.817905 (converged)
AIC = 343.635810
BIC = 574.990594

count.K
20 2 28 

