logL = -302.937917 (converged)
AIC = 913.875834
BIC = 1208.327377

count.K
12 18 20 

