0	tsk_0	(x)	1	:	0.565798	0.434202	0.000000	0.000000	0.000000
1	tsk_1	(x)	1	:	0.185156	0.814844	0.000000	0.000000	0.000000
2	tsk_2	(x)	1	:	0.000336	0.000000	0.999663	0.000000	0.000000
3	tsk_3	(x)	1	:	0.000000	0.473535	0.000000	0.000000	0.526465
4	tsk_4	(x)	1	:	0.530918	0.469082	0.000000	0.000000	0.000000
5	tsk_5	(x)	1	:	0.506982	0.000000	0.000000	0.000000	0.493018
6	tsk_6	(x)	1	:	0.000000	0.473529	0.000000	0.000000	0.526471
7	tsk_7	(x)	1	:	0.000000	0.335709	0.664290	0.000000	0.000000
8	tsk_8	(x)	1	:	0.506995	0.000000	0.000000	0.000000	0.493005
9	tsk_9	(x)	1	:	0.000508	0.000000	0.999492	0.000000	0.000000
10	tsk_10	(x)	1	:	1.000000	0.000000	0.000000	0.000000	0.000000
11	tsk_11	(x)	1	:	0.000000	0.000000	0.000000	0.000000	1.000000
12	tsk_12	(x)	1	:	0.000000	0.000000	0.000000	1.000000	0.000000
13	tsk_13	(x)	1	:	1.000000	0.000000	0.000000	0.000000	0.000000
14	tsk_14	(x)	1	:	1.000000	0.000000	0.000000	0.000000	0.000000
15	tsk_15	(x)	1	:	0.506986	0.000000	0.000000	0.000000	0.493014
16	tsk_16	(x)	1	:	1.000000	0.000000	0.000000	0.000000	0.000000
17	tsk_17	(x)	1	:	0.000000	0.000000	0.000000	0.000011	0.999989
18	tsk_18	(x)	1	:	0.506980	0.000000	0.000000	0.000000	0.493020
19	tsk_19	(x)	1	:	0.000000	0.000000	0.000000	0.000002	0.999998
20	tsk_20	(x)	1	:	0.506968	0.000000	0.000000	0.000000	0.493032
21	tsk_21	(x)	1	:	0.999986	0.000000	0.000013	0.000000	0.000000
22	tsk_22	(x)	1	:	1.000000	0.000000	0.000000	0.000000	0.000000
23	tsk_23	(x)	1	:	0.000000	0.000000	0.000000	0.000015	0.999985
24	tsk_24	(x)	1	:	1.000000	0.000000	0.000000	0.000000	0.000000
25	tsk_25	(x)	1	:	0.506988	0.000000	0.000000	0.000000	0.493012
26	tsk_26	(x)	1	:	1.000000	0.000000	0.000000	0.000000	0.000000
27	tsk_27	(x)	1	:	0.999987	0.000000	0.000013	0.000000	0.000000
28	tsk_28	(x)	1	:	1.000000	0.000000	0.000000	0.000000	0.000000
29	tsk_29	(x)	1	:	1.000000	0.000000	0.000000	0.000000	0.000000
30	tsk_30	(x)	1	:	0.000000	0.000000	0.000000	0.000002	0.999998
31	tsk_31	(x)	1	:	0.000000	0.000000	0.000000	0.000007	0.999992
32	tsk_32	(x)	1	:	0.000040	0.000000	0.375384	0.000000	0.624576
33	tsk_33	(x)	1	:	0.000002	0.000000	0.375412	0.000000	0.624585
34	tsk_34	(x)	1	:	0.000000	0.000000	0.000000	0.000015	0.999985
35	tsk_35	(x)	1	:	0.000000	0.000000	0.000000	0.000027	0.999972
36	tsk_36	(x)	1	:	0.000000	0.000000	0.000000	0.000004	0.999996
37	tsk_37	(x)	1	:	0.000000	0.000000	0.000000	0.000008	0.999992
38	tsk_38	(x)	1	:	0.000000	0.000000	0.000000	0.000005	0.999995
39	tsk_39	(x)	1	:	0.506982	0.000000	0.000000	0.000000	0.493018
40	tsk_40	(x)	1	:	0.531164	0.468836	0.000000	0.000000	0.000000
41	tsk_41	(x)	1	:	1.000000	0.000000	0.000000	0.000000	0.000000
42	tsk_42	(x)	1	:	0.000000	0.490423	0.000000	0.000000	0.509577
43	tsk_43	(x)	1	:	0.531061	0.468939	0.000000	0.000000	0.000000
44	tsk_44	(x)	1	:	0.506976	0.000000	0.000000	0.000000	0.493024
45	tsk_45	(x)	1	:	1.000000	0.000000	0.000000	0.000000	0.000000
46	tsk_46	(x)	1	:	0.506976	0.000000	0.000000	0.000000	0.493024
47	tsk_47	(x)	1	:	0.531052	0.468948	0.000000	0.000000	0.000000
48	tsk_48	(x)	1	:	0.000000	0.999934	0.000066	0.000000	0.000000
49	tsk_49	(x)	1	:	0.999998	0.000000	0.000002	0.000000	0.000000
