logL = -159.000991 (converged)
AIC = 938.001981
BIC = 1530.729113

count.K
14 8 4 5 11 8 

