logL = -264.702177 (converged)
AIC = 693.404354
BIC = 850.190240

count.K
30 20 

