logL = -287.271215 (converged)
AIC = 750.542430
BIC = 918.800454

count.K
23 27 

