logL = -122.971434 (converged)
AIC = 755.942868
BIC = 1243.508735

count.K
8 10 20 7 5 

