logL = -181.867940 (converged)
AIC = 1055.735879
BIC = 1717.295839

count.K
4 25 11 4 4 2 

