logL = -90.552570 (converged)
AIC = 777.105140
BIC = 1346.887995

count.K
12 19 2 2 8 7 

