0	tsk_0	(x)	1	:	0.000000	0.000000	0.000000	0.701125	0.298875
1	tsk_1	(x)	1	:	0.647536	0.000000	0.352381	0.000000	0.000082
2	tsk_2	(x)	1	:	0.000000	0.000000	0.000000	0.700116	0.299884
3	tsk_3	(x)	1	:	0.000000	0.486581	0.000000	0.282901	0.230517
4	tsk_4	(x)	1	:	0.422388	0.000000	0.391245	0.058648	0.127719
5	tsk_5	(x)	1	:	0.000000	0.000000	0.000000	0.703466	0.296534
6	tsk_6	(x)	1	:	0.421471	0.000000	0.389989	0.067736	0.120803
7	tsk_7	(x)	1	:	0.421981	0.000000	0.390689	0.061020	0.126310
8	tsk_8	(x)	1	:	0.000000	1.000000	0.000000	0.000000	0.000000
9	tsk_9	(x)	1	:	0.000000	0.486581	0.000000	0.282901	0.230517
10	tsk_10	(x)	1	:	0.000000	0.000000	0.000000	0.800246	0.199754
11	tsk_11	(x)	1	:	0.000000	0.000000	0.000000	0.834257	0.165743
12	tsk_12	(x)	1	:	0.000000	0.000000	0.000000	0.426268	0.573732
13	tsk_13	(x)	1	:	0.000000	0.000000	0.000000	0.830204	0.169795
14	tsk_14	(x)	1	:	0.000000	0.000000	0.000000	0.798145	0.201855
15	tsk_15	(x)	1	:	0.000000	0.000000	0.000000	0.703466	0.296534
16	tsk_16	(x)	1	:	0.000000	0.000000	0.000000	0.000000	1.000000
17	tsk_17	(x)	1	:	0.000000	0.140228	0.000000	0.782553	0.077219
18	tsk_18	(x)	1	:	0.000000	0.000000	0.000000	0.889847	0.110153
19	tsk_19	(x)	1	:	0.000000	0.000000	0.000000	0.532763	0.467237
20	tsk_20	(x)	1	:	0.000000	0.000000	0.000000	0.700305	0.299695
21	tsk_21	(x)	1	:	0.000000	0.000000	0.000000	0.000000	1.000000
22	tsk_22	(x)	1	:	0.000000	0.000000	0.000000	0.699359	0.300641
23	tsk_23	(x)	1	:	0.000000	0.000000	0.000000	0.604809	0.395191
24	tsk_24	(x)	1	:	0.000000	0.000000	0.000000	0.359804	0.640196
25	tsk_25	(x)	1	:	0.000000	0.000000	0.000000	0.708723	0.291277
26	tsk_26	(x)	1	:	0.000000	0.000000	0.000000	0.352820	0.647180
27	tsk_27	(x)	1	:	0.000000	0.000000	0.500000	0.164435	0.335565
28	tsk_28	(x)	1	:	0.000000	0.000000	0.000000	0.757251	0.242749
29	tsk_29	(x)	1	:	0.000000	0.000000	0.000000	0.857013	0.142987
30	tsk_30	(x)	1	:	0.000000	0.000000	0.500000	0.426967	0.073033
31	tsk_31	(x)	1	:	0.000000	0.000000	0.000000	0.605320	0.394680
32	tsk_32	(x)	1	:	0.000000	0.000000	0.500000	0.268305	0.231695
33	tsk_33	(x)	1	:	0.000000	0.000000	1.000000	0.000000	0.000000
34	tsk_34	(x)	1	:	0.000000	0.000000	0.500000	0.327083	0.172917
35	tsk_35	(x)	1	:	0.000000	0.000000	1.000000	0.000000	0.000000
36	tsk_36	(x)	1	:	0.000000	0.000000	0.500000	0.117995	0.382005
37	tsk_37	(x)	1	:	0.000000	0.000000	0.500000	0.253325	0.246675
38	tsk_38	(x)	1	:	0.000000	0.000000	0.500000	0.271383	0.228617
39	tsk_39	(x)	1	:	0.000000	0.000000	0.500000	0.219168	0.280832
40	tsk_40	(x)	1	:	0.000000	0.000000	0.000000	0.605320	0.394680
41	tsk_41	(x)	1	:	0.000000	0.000000	0.000000	0.797764	0.202236
42	tsk_42	(x)	1	:	0.000000	0.000000	0.000000	0.761352	0.238648
43	tsk_43	(x)	1	:	0.000000	0.000000	0.000000	0.607250	0.392750
44	tsk_44	(x)	1	:	0.000000	0.486581	0.000000	0.282901	0.230517
45	tsk_45	(x)	1	:	0.000000	0.000000	0.000000	0.778822	0.221178
46	tsk_46	(x)	1	:	0.000000	0.000000	0.000000	0.360922	0.639078
47	tsk_47	(x)	1	:	0.000000	0.000000	0.000000	0.530997	0.469003
48	tsk_48	(x)	1	:	0.000000	0.486581	0.000000	0.282901	0.230517
49	tsk_49	(x)	1	:	0.000000	0.000000	0.500000	0.278926	0.221074
