logL = -110.871516 (converged)
AIC = 609.743033
BIC = 980.675496

count.K
14 8 21 7 

