logL = -227.165096 (converged)
AIC = 1122.330192
BIC = 1760.945875

count.K
3 22 5 7 8 5 

