logL = -420.840842 (converged)
AIC = 1009.681685
BIC = 1170.291617

count.K
16 34 

