logL = -101.537996 (converged)
AIC = 567.075993
BIC = 915.064180

count.K
4 1 8 37 

