logL = -191.471879 (converged)
AIC = 1026.943759
BIC = 1642.615167

count.K
14 5 9 10 5 7 

