logL = -179.868969 (converged)
AIC = 625.737939
BIC = 880.036998

count.K
15 13 22 

