logL = -212.039070 (converged)
AIC = 1104.078139
BIC = 1754.165961

count.K
4 17 11 5 11 2 

