logL = -167.729659 (converged)
AIC = 763.459318
BIC = 1172.632241

count.K
12 4 23 11 

