logL = -26.146880 (converged)
AIC = 624.293760
BIC = 1171.132340

count.K
2 19 1 11 1 16 

