logL = -159.625048 (converged)
AIC = 707.250096
BIC = 1078.182559

count.K
13 21 3 13 

