logL = -68.636573 (converged)
AIC = 627.273147
BIC = 1095.718783

count.K
12 5 18 5 10 

