logL = -348.885412 (converged)
AIC = 987.770823
BIC = 1265.014159

count.K
21 16 13 

