logL = -84.560279 (converged)
AIC = 801.120559
BIC = 1405.319828

count.K
8 9 6 5 2 20 

