logL = -106.490777 (converged)
AIC = 832.981553
BIC = 1425.708685

count.K
5 23 15 5 0 2 

