logL = -113.246352 (converged)
AIC = 362.492704
BIC = 492.510268

count.K
30 20 

