logL = -133.534351 (converged)
AIC = 767.068703
BIC = 1245.074454

count.K
21 6 7 8 8 

