logL = -131.730653 (converged)
AIC = 511.461307
BIC = 748.552160

count.K
4 14 32 

