logL = -117.044287 (converged)
AIC = 362.088575
BIC = 484.458047

count.K
37 13 

