logL = -162.848818 (converged)
AIC = 905.697636
BIC = 1460.184307

count.K
7 1 18 7 17 

