logL = -276.493163 (converged)
AIC = 1122.986326
BIC = 1667.912883

count.K
8 9 16 11 6 

