logL = -496.147607 (converged)
AIC = 1152.295214
BIC = 1305.257055

count.K
24 26 

