logL = -111.727720 (converged)
AIC = 595.455439
BIC = 951.091718

count.K
11 18 3 18 

