logL = -35.943108 (converged)
AIC = 195.886216
BIC = 314.431643

count.K
1 49 

