logL = -149.342183 (converged)
AIC = 426.684367
BIC = 549.053839

count.K
40 10 

