logL = -115.765064 (converged)
AIC = 367.530128
BIC = 497.547693

count.K
41 9 

