logL = -155.161920 (converged)
AIC = 558.323841
BIC = 795.414693

count.K
10 16 24 

