logL = -146.973165 (converged)
AIC = 823.946330
BIC = 1330.632427

count.K
0 20 11 13 6 

