logL = -158.488126 (converged)
AIC = 570.976253
BIC = 813.803174

count.K
26 17 7 

