logL = -134.612800 (converged)
AIC = 697.225600
BIC = 1106.398524

count.K
2 21 13 14 

