logL = -281.147324 (converged)
AIC = 1254.294647
BIC = 1915.854607

count.K
8 9 18 8 0 7 

