logL = -308.768524 (converged)
AIC = 1045.537047
BIC = 1454.709971

count.K
18 10 18 4 

