logL = -122.038129 (converged)
AIC = 900.076258
BIC = 1527.219804

count.K
0 10 16 3 8 13 

