logL = -95.296604 (converged)
AIC = 846.593207
BIC = 1473.736753

count.K
17 5 6 13 6 3 

