logL = -126.432995 (converged)
AIC = 632.865990
BIC = 996.150361

count.K
9 10 16 15 

