logL = -285.360752 (converged)
AIC = 990.721504
BIC = 1392.246335

count.K
10 22 13 5 

