logL = -264.000780 (converged)
AIC = 1256.001561
BIC = 1951.977935

count.K
9 10 4 5 2 20 

