logL = -57.749866 (converged)
AIC = 575.499732
BIC = 1015.265024

count.K
28 2 3 1 16 

