logL = -180.756691 (converged)
AIC = 901.513382
BIC = 1417.759594

count.K
12 11 12 14 1 

