logL = -201.105930 (converged)
AIC = 656.211861
BIC = 899.038782

count.K
18 17 15 

