logL = -187.114337 (converged)
AIC = 616.228673
BIC = 847.583457

count.K
2 22 26 

