logL = -151.899359 (converged)
AIC = 557.798717
BIC = 800.625639

count.K
39 5 6 

