logL = -207.928964 (converged)
AIC = 955.857928
BIC = 1472.104139

count.K
5 7 23 12 3 

