0	tsk_0	(x)	1	:	0.000000	1.000000	0.000000	0.000000	0.000000	0.000000
1	tsk_1	(x)	1	:	0.000000	1.000000	0.000000	0.000000	0.000000	0.000000
2	tsk_2	(x)	1	:	0.294423	0.705577	0.000000	0.000000	0.000000	0.000000
3	tsk_3	(x)	1	:	0.000000	1.000000	0.000000	0.000000	0.000000	0.000000
4	tsk_4	(x)	1	:	0.000000	0.494882	0.000000	0.000000	0.007012	0.498106
5	tsk_5	(x)	1	:	0.000000	0.000000	0.000000	0.000000	0.499980	0.500020
6	tsk_6	(x)	1	:	0.000000	0.495016	0.000000	0.000000	0.006778	0.498206
7	tsk_7	(x)	1	:	0.000000	0.494778	0.000000	0.000000	0.007193	0.498029
8	tsk_8	(x)	1	:	0.000000	0.495190	0.000000	0.000000	0.006473	0.498337
9	tsk_9	(x)	1	:	0.000000	0.000000	0.000000	0.000000	0.000000	1.000000
10	tsk_10	(x)	1	:	0.000000	0.445972	0.554028	0.000000	0.000000	0.000000
11	tsk_11	(x)	1	:	0.000000	0.000000	0.000000	0.000000	0.000000	1.000000
12	tsk_12	(x)	1	:	0.000000	0.497060	0.469863	0.000000	0.033077	0.000000
13	tsk_13	(x)	1	:	0.000000	0.000000	0.999998	0.000000	0.000002	0.000000
14	tsk_14	(x)	1	:	0.000000	0.495338	0.000000	0.000000	0.006215	0.498447
15	tsk_15	(x)	1	:	0.000000	0.000000	0.466566	0.000000	0.034468	0.498966
16	tsk_16	(x)	1	:	0.000000	1.000000	0.000000	0.000000	0.000000	0.000000
17	tsk_17	(x)	1	:	0.000000	0.000000	0.000000	0.000000	0.000000	1.000000
18	tsk_18	(x)	1	:	0.000000	0.532945	0.000000	0.000000	0.000000	0.467055
19	tsk_19	(x)	1	:	0.000000	0.000000	0.466538	0.000000	0.034503	0.498960
20	tsk_20	(x)	1	:	0.000000	0.494996	0.000000	0.000000	0.006813	0.498191
21	tsk_21	(x)	1	:	0.000000	0.055101	0.000000	0.439562	0.008277	0.497060
22	tsk_22	(x)	1	:	0.000000	1.000000	0.000000	0.000000	0.000000	0.000000
23	tsk_23	(x)	1	:	0.000000	0.494878	0.000000	0.000000	0.007019	0.498103
24	tsk_24	(x)	1	:	0.000000	0.494775	0.000000	0.000000	0.007198	0.498026
25	tsk_25	(x)	1	:	0.000000	0.000000	0.000000	1.000000	0.000000	0.000000
26	tsk_26	(x)	1	:	0.000000	0.558606	0.000000	0.441394	0.000000	0.000000
27	tsk_27	(x)	1	:	0.000000	0.558605	0.000000	0.441395	0.000000	0.000000
28	tsk_28	(x)	1	:	0.000000	0.000000	0.000000	1.000000	0.000000	0.000000
29	tsk_29	(x)	1	:	0.000000	0.558607	0.000000	0.441393	0.000000	0.000000
30	tsk_30	(x)	1	:	0.000000	0.000000	0.000000	0.000000	0.000000	1.000000
31	tsk_31	(x)	1	:	0.000000	0.000000	0.000000	0.000000	0.000000	1.000000
32	tsk_32	(x)	1	:	0.000000	0.494961	0.000000	0.000000	0.006874	0.498165
33	tsk_33	(x)	1	:	0.000000	0.000000	0.000000	0.000000	0.000000	1.000000
34	tsk_34	(x)	1	:	0.000000	0.000000	0.000000	0.000000	0.000000	1.000000
35	tsk_35	(x)	1	:	0.000000	0.000000	0.466569	0.000000	0.034464	0.498967
36	tsk_36	(x)	1	:	0.000000	0.000000	0.000000	0.000000	0.000000	1.000000
37	tsk_37	(x)	1	:	0.000000	0.000000	0.000000	0.000000	0.000000	1.000000
38	tsk_38	(x)	1	:	0.000000	0.000000	0.999999	0.000000	0.000001	0.000000
39	tsk_39	(x)	1	:	0.000000	0.000000	0.000000	0.000000	0.000000	1.000000
40	tsk_40	(x)	1	:	0.629980	0.370020	0.000000	0.000000	0.000000	0.000000
41	tsk_41	(x)	1	:	0.413714	0.586286	0.000000	0.000000	0.000000	0.000000
42	tsk_42	(x)	1	:	0.999999	0.000001	0.000000	0.000000	0.000000	0.000000
43	tsk_43	(x)	1	:	1.000000	0.000000	0.000000	0.000000	0.000000	0.000000
44	tsk_44	(x)	1	:	0.254403	0.000049	0.000000	0.259163	0.000046	0.486339
45	tsk_45	(x)	1	:	0.000000	0.495004	0.000000	0.000000	0.006799	0.498197
46	tsk_46	(x)	1	:	0.000000	0.494666	0.000000	0.000000	0.007389	0.497945
47	tsk_47	(x)	1	:	0.000000	0.000000	0.000000	0.000000	0.000000	1.000000
48	tsk_48	(x)	1	:	0.000000	0.494899	0.000000	0.000000	0.006983	0.498118
49	tsk_49	(x)	1	:	0.413713	0.586287	0.000000	0.000000	0.000000	0.000000
