0	tsk_0	(x)	1	:	0.999989	0.000006	0.000001	0.000000	0.000004
1	tsk_1	(x)	1	:	0.999992	0.000003	0.000000	0.000000	0.000005
2	tsk_2	(x)	1	:	0.504757	0.000000	0.000000	0.000000	0.495243
3	tsk_3	(x)	1	:	0.497247	0.502730	0.000000	0.000000	0.000022
4	tsk_4	(x)	1	:	0.504753	0.000000	0.000000	0.000000	0.495246
5	tsk_5	(x)	1	:	0.497244	0.502712	0.000000	0.000000	0.000043
6	tsk_6	(x)	1	:	0.504754	0.000000	0.000000	0.000000	0.495246
7	tsk_7	(x)	1	:	0.999992	0.000003	0.000000	0.000000	0.000005
8	tsk_8	(x)	1	:	0.504757	0.000000	0.000000	0.000000	0.495242
9	tsk_9	(x)	1	:	0.504756	0.000000	0.000000	0.000000	0.495243
10	tsk_10	(x)	1	:	0.504699	0.000000	0.000000	0.385130	0.110170
11	tsk_11	(x)	1	:	0.039136	0.506742	0.454085	0.000000	0.000036
12	tsk_12	(x)	1	:	0.364478	0.000006	0.000000	0.214925	0.420592
13	tsk_13	(x)	1	:	0.497245	0.502732	0.000000	0.000000	0.000023
14	tsk_14	(x)	1	:	0.999991	0.000003	0.000000	0.000000	0.000006
15	tsk_15	(x)	1	:	0.504760	0.000000	0.000000	0.000000	0.495240
16	tsk_16	(x)	1	:	0.999993	0.000002	0.000000	0.000000	0.000005
17	tsk_17	(x)	1	:	0.000000	0.518018	0.000000	0.000000	0.481982
18	tsk_18	(x)	1	:	0.999995	0.000002	0.000000	0.000000	0.000002
19	tsk_19	(x)	1	:	0.504752	0.000000	0.000000	0.000000	0.495248
20	tsk_20	(x)	1	:	0.000000	0.000000	1.000000	0.000000	0.000000
21	tsk_21	(x)	1	:	0.064285	0.000000	0.440788	0.385290	0.109637
22	tsk_22	(x)	1	:	0.064379	0.000000	0.440719	0.000000	0.494901
23	tsk_23	(x)	1	:	0.000000	0.000000	1.000000	0.000000	0.000000
24	tsk_24	(x)	1	:	0.000000	0.000000	0.999999	0.000000	0.000000
25	tsk_25	(x)	1	:	0.064254	0.000000	0.440806	0.000000	0.494941
26	tsk_26	(x)	1	:	0.000001	0.000000	0.999999	0.000000	0.000000
27	tsk_27	(x)	1	:	0.000000	0.000000	1.000000	0.000000	0.000000
28	tsk_28	(x)	1	:	0.000000	0.000000	1.000000	0.000000	0.000000
29	tsk_29	(x)	1	:	0.000000	0.000000	1.000000	0.000000	0.000000
30	tsk_30	(x)	1	:	0.000000	0.000000	0.000000	1.000000	0.000000
31	tsk_31	(x)	1	:	0.000000	0.000000	0.000000	1.000000	0.000000
32	tsk_32	(x)	1	:	0.000000	0.000000	0.000000	1.000000	0.000000
33	tsk_33	(x)	1	:	0.161693	0.000000	0.000000	0.838307	0.000000
34	tsk_34	(x)	1	:	0.000000	0.000000	0.000000	1.000000	0.000000
35	tsk_35	(x)	1	:	0.000001	0.000000	0.000000	0.999999	0.000000
36	tsk_36	(x)	1	:	0.000000	0.000000	0.000000	1.000000	0.000000
37	tsk_37	(x)	1	:	0.000000	0.000000	0.000000	1.000000	0.000000
38	tsk_38	(x)	1	:	0.000000	0.000000	0.000000	1.000000	0.000000
39	tsk_39	(x)	1	:	0.000000	0.000000	0.565496	0.385216	0.049288
40	tsk_40	(x)	1	:	0.000000	0.000000	0.000000	0.000000	1.000000
41	tsk_41	(x)	1	:	0.000000	0.000000	0.000000	0.000001	0.999999
42	tsk_42	(x)	1	:	0.000004	0.000000	0.000000	0.000001	0.999995
43	tsk_43	(x)	1	:	0.000000	0.000000	0.000000	0.000000	1.000000
44	tsk_44	(x)	1	:	0.000000	0.000000	0.000000	0.000000	1.000000
45	tsk_45	(x)	1	:	0.000001	0.000000	0.000000	0.385237	0.614762
46	tsk_46	(x)	1	:	0.000000	0.000000	0.000000	1.000000	0.000000
47	tsk_47	(x)	1	:	0.000010	0.000000	0.000000	0.000001	0.999989
48	tsk_48	(x)	1	:	0.000000	0.000000	0.000000	1.000000	0.000000
49	tsk_49	(x)	1	:	0.000001	0.000000	0.000000	0.000000	0.999999
