logL = -273.841784 (converged)
AIC = 1087.683568
BIC = 1603.929779

count.K
8 0 7 19 16 

