logL = -161.923255 (converged)
AIC = 583.846511
BIC = 832.409501

count.K
17 30 3 

