logL = -56.238233 (converged)
AIC = 562.476466
BIC = 992.681643

count.K
21 0 3 11 15 

