logL = -89.186134 (converged)
AIC = 420.372269
BIC = 651.727052

count.K
18 22 10 

