logL = -360.597358 (converged)
AIC = 1053.194717
BIC = 1370.590535

count.K
22 11 17 

