logL = -147.377824 (converged)
AIC = 698.755648
BIC = 1084.984295

count.K
6 11 21 12 

