logL = -245.496640 (converged)
AIC = 1194.993281
BIC = 1868.025379

count.K
5 3 5 14 13 10 

