logL = -120.587851 (converged)
AIC = 849.175701
BIC = 1430.430695

count.K
2 7 1 4 9 27 

