logL = -492.648234 (converged)
AIC = 1953.296467
BIC = 2878.715602

count.K
12 0 5 4 4 25 

