logL = -347.189606 (converged)
AIC = 1002.379212
BIC = 1296.830755

count.K
3 31 16 

