logL = -66.514054 (converged)
AIC = 765.028108
BIC = 1369.227377

count.K
3 4 15 1 1 26 

