0	tsk_0	(x)	1	:	0.500238	0.000000	0.000000	0.499762	0.000000	0.000000
1	tsk_1	(x)	1	:	0.000000	0.000000	0.000000	1.000000	0.000000	0.000000
2	tsk_2	(x)	1	:	0.000000	0.000000	0.000000	1.000000	0.000000	0.000000
3	tsk_3	(x)	1	:	0.000000	0.521291	0.000000	0.466826	0.000000	0.011883
4	tsk_4	(x)	1	:	0.516904	0.000000	0.000000	0.000000	0.482679	0.000417
5	tsk_5	(x)	1	:	0.516906	0.000000	0.000000	0.000000	0.482716	0.000378
6	tsk_6	(x)	1	:	0.000000	0.000000	0.000000	1.000000	0.000000	0.000000
7	tsk_7	(x)	1	:	0.000000	0.000000	0.000000	0.000000	1.000000	0.000000
8	tsk_8	(x)	1	:	0.516901	0.000000	0.000000	0.000000	0.482648	0.000451
9	tsk_9	(x)	1	:	0.504127	0.495873	0.000000	0.000000	0.000000	0.000000
10	tsk_10	(x)	1	:	0.000000	0.523203	0.000000	0.000000	0.000000	0.476797
11	tsk_11	(x)	1	:	0.000000	0.000000	0.000000	0.489892	0.000000	0.510108
12	tsk_12	(x)	1	:	0.313780	0.686220	0.000000	0.000000	0.000000	0.000000
13	tsk_13	(x)	1	:	0.000000	0.000000	0.000000	0.000000	0.000000	1.000000
14	tsk_14	(x)	1	:	0.000000	0.521334	0.000000	0.467369	0.000000	0.011297
15	tsk_15	(x)	1	:	0.000000	0.000000	0.000000	0.000000	0.000000	1.000000
16	tsk_16	(x)	1	:	0.000000	0.521195	0.000000	0.465604	0.000000	0.013201
17	tsk_17	(x)	1	:	0.000000	0.523203	0.000000	0.000000	0.000000	0.476796
18	tsk_18	(x)	1	:	0.000000	0.000000	0.000000	0.489892	0.000000	0.510108
19	tsk_19	(x)	1	:	0.000000	0.000000	0.000000	0.000000	0.000000	1.000000
20	tsk_20	(x)	1	:	0.000000	0.000000	0.000000	0.461560	0.517003	0.021438
21	tsk_21	(x)	1	:	0.000000	0.489889	0.510111	0.000000	0.000000	0.000000
22	tsk_22	(x)	1	:	0.000000	0.000000	0.000000	0.189751	0.000000	0.810249
23	tsk_23	(x)	1	:	0.000000	0.521179	0.000000	0.465402	0.000000	0.013419
24	tsk_24	(x)	1	:	0.000000	0.000000	0.000000	0.000000	0.254417	0.745583
25	tsk_25	(x)	1	:	0.000000	1.000000	0.000000	0.000000	0.000000	0.000000
26	tsk_26	(x)	1	:	0.000000	1.000000	0.000000	0.000000	0.000000	0.000000
27	tsk_27	(x)	1	:	0.000000	0.495656	0.000000	0.000000	0.501983	0.002361
28	tsk_28	(x)	1	:	0.000000	1.000000	0.000000	0.000000	0.000000	0.000000
29	tsk_29	(x)	1	:	0.000000	0.497851	0.000000	0.471899	0.000000	0.030250
30	tsk_30	(x)	1	:	0.000000	0.000000	0.000000	0.000000	0.000000	1.000000
31	tsk_31	(x)	1	:	0.000000	0.000000	0.424313	0.575687	0.000000	0.000000
32	tsk_32	(x)	1	:	0.000000	0.485732	0.514254	0.000000	0.000000	0.000014
33	tsk_33	(x)	1	:	0.000000	0.000000	0.000000	0.000000	0.000000	1.000000
34	tsk_34	(x)	1	:	0.000000	0.505971	0.494029	0.000000	0.000000	0.000000
35	tsk_35	(x)	1	:	1.000000	0.000000	0.000000	0.000000	0.000000	0.000000
36	tsk_36	(x)	1	:	0.000000	0.499401	0.000000	0.000000	0.000000	0.500599
37	tsk_37	(x)	1	:	0.000000	0.000000	0.498707	0.000000	0.000000	0.501293
38	tsk_38	(x)	1	:	0.504127	0.495873	0.000000	0.000000	0.000000	0.000000
39	tsk_39	(x)	1	:	0.480822	0.020575	0.000000	0.000000	0.000000	0.498603
40	tsk_40	(x)	1	:	0.477009	0.013904	0.508712	0.000000	0.000000	0.000375
41	tsk_41	(x)	1	:	0.000000	0.000000	0.000000	0.000000	0.254417	0.745583
42	tsk_42	(x)	1	:	0.000000	0.000000	0.000000	0.000000	1.000000	0.000000
43	tsk_43	(x)	1	:	0.000000	0.490349	0.376175	0.000000	0.000000	0.133476
44	tsk_44	(x)	1	:	0.000000	0.000000	1.000000	0.000000	0.000000	0.000000
45	tsk_45	(x)	1	:	0.000000	0.000000	0.377956	0.000000	0.616209	0.005835
46	tsk_46	(x)	1	:	0.000000	0.000000	0.000000	0.000000	1.000000	0.000000
47	tsk_47	(x)	1	:	0.477021	0.013903	0.508783	0.000000	0.000000	0.000292
48	tsk_48	(x)	1	:	0.000000	0.490349	0.376175	0.000000	0.000000	0.133476
49	tsk_49	(x)	1	:	0.477442	0.015179	0.376622	0.000000	0.000000	0.130757
