logL = -227.053228 (converged)
AIC = 582.106457
BIC = 704.475929

count.K
22 28 

