logL = -320.304465 (converged)
AIC = 1240.608929
BIC = 1814.215831

count.K
10 14 0 17 9 

