logL = -103.628310 (converged)
AIC = 815.256620
BIC = 1396.511613

count.K
15 17 5 5 3 5 

