logL = -204.132891 (converged)
AIC = 698.265782
BIC = 975.509118

count.K
14 22 14 

