logL = -141.212555 (converged)
AIC = 914.425111
BIC = 1518.624380

count.K
35 3 1 2 5 4 

