logL = -124.393886 (converged)
AIC = 748.787772
BIC = 1226.793524

count.K
16 18 7 1 8 

