logL = -259.479027 (converged)
AIC = 666.958054
BIC = 808.447756

count.K
45 5 

