logL = -105.318061 (converged)
AIC = 342.636121
BIC = 468.829640

count.K
35 15 

