logL = -385.832832 (converged)
AIC = 1271.665663
BIC = 1749.671415

count.K
6 19 11 14 

