logL = -136.518496 (converged)
AIC = 637.036993
BIC = 985.025180

count.K
27 11 4 8 

