logL = -168.065585 (converged)
AIC = 724.131170
BIC = 1095.063633

count.K
8 23 13 6 

