logL = -147.323952 (converged)
AIC = 536.647904
BIC = 768.002687

count.K
23 10 17 

