logL = -164.570029 (converged)
AIC = 613.140057
BIC = 884.647324

count.K
28 17 5 

