logL = -366.464582 (converged)
AIC = 920.929164
BIC = 1100.659326

count.K
26 24 

