logL = -67.591427 (converged)
AIC = 371.182854
BIC = 596.801569

count.K
30 6 14 

