logL = -317.153474 (converged)
AIC = 936.306949
BIC = 1225.022422

count.K
14 8 28 

