0	tsk_0	(x)	1	:	0.000000	0.000000	0.631673	0.368327	0.000000
1	tsk_1	(x)	1	:	0.000000	0.000000	0.544544	0.000000	0.455456
2	tsk_2	(x)	1	:	0.000000	0.000001	0.475787	0.000000	0.524213
3	tsk_3	(x)	1	:	0.000000	0.000069	0.012688	0.467418	0.519826
4	tsk_4	(x)	1	:	0.000000	0.000000	0.000000	1.000000	0.000000
5	tsk_5	(x)	1	:	0.000000	0.000000	0.000000	1.000000	0.000000
6	tsk_6	(x)	1	:	0.000000	0.000035	0.013294	0.467045	0.519626
7	tsk_7	(x)	1	:	0.000000	0.000000	0.544544	0.000000	0.455456
8	tsk_8	(x)	1	:	0.000000	0.000000	0.000000	0.000000	1.000000
9	tsk_9	(x)	1	:	0.000000	0.000000	1.000000	0.000000	0.000000
10	tsk_10	(x)	1	:	0.000000	0.289298	0.710702	0.000000	0.000000
11	tsk_11	(x)	1	:	0.000000	0.000000	0.479744	0.000000	0.520256
12	tsk_12	(x)	1	:	0.000000	0.764747	0.235253	0.000000	0.000000
13	tsk_13	(x)	1	:	0.000000	0.420344	0.002145	0.000000	0.577511
14	tsk_14	(x)	1	:	0.507564	0.000000	0.000000	0.000000	0.492436
15	tsk_15	(x)	1	:	0.000000	0.289298	0.710702	0.000000	0.000000
16	tsk_16	(x)	1	:	0.000000	0.000000	1.000000	0.000000	0.000000
17	tsk_17	(x)	1	:	0.537939	0.413881	0.048180	0.000000	0.000000
18	tsk_18	(x)	1	:	0.000000	0.837913	0.162087	0.000000	0.000000
19	tsk_19	(x)	1	:	0.538025	0.414169	0.047806	0.000000	0.000000
20	tsk_20	(x)	1	:	0.000000	0.000000	1.000000	0.000000	0.000000
21	tsk_21	(x)	1	:	0.000000	0.497624	0.502376	0.000000	0.000000
22	tsk_22	(x)	1	:	0.000000	0.000000	0.000000	0.000000	1.000000
23	tsk_23	(x)	1	:	0.000000	0.543669	0.000000	0.456331	0.000000
24	tsk_24	(x)	1	:	0.000000	0.543669	0.000000	0.456331	0.000000
25	tsk_25	(x)	1	:	0.000000	0.000000	1.000000	0.000000	0.000000
26	tsk_26	(x)	1	:	0.000000	0.538190	0.000000	0.000000	0.461810
27	tsk_27	(x)	1	:	0.000000	0.000180	0.523058	0.476762	0.000000
28	tsk_28	(x)	1	:	0.000000	0.538190	0.000000	0.000000	0.461810
29	tsk_29	(x)	1	:	0.000000	0.823140	0.176860	0.000000	0.000000
30	tsk_30	(x)	1	:	0.000000	0.000000	0.000000	1.000000	0.000000
31	tsk_31	(x)	1	:	0.000000	0.470864	0.529135	0.000000	0.000000
32	tsk_32	(x)	1	:	1.000000	0.000000	0.000000	0.000000	0.000000
33	tsk_33	(x)	1	:	0.453388	0.000000	0.546612	0.000000	0.000000
34	tsk_34	(x)	1	:	0.544394	0.000000	0.455606	0.000000	0.000000
35	tsk_35	(x)	1	:	0.453388	0.000000	0.546612	0.000000	0.000000
36	tsk_36	(x)	1	:	0.000000	0.000004	0.999996	0.000000	0.000000
37	tsk_37	(x)	1	:	0.453388	0.000000	0.546612	0.000000	0.000000
38	tsk_38	(x)	1	:	0.533475	0.000036	0.006898	0.459590	0.000000
39	tsk_39	(x)	1	:	0.473427	0.526530	0.000042	0.000001	0.000000
40	tsk_40	(x)	1	:	0.000000	0.000005	0.999995	0.000000	0.000000
41	tsk_41	(x)	1	:	0.000000	0.000005	0.999995	0.000000	0.000000
42	tsk_42	(x)	1	:	0.000000	0.823276	0.176724	0.000000	0.000000
43	tsk_43	(x)	1	:	0.000000	0.000004	0.325196	0.674800	0.000000
44	tsk_44	(x)	1	:	0.475620	0.000000	0.000009	0.524371	0.000000
45	tsk_45	(x)	1	:	0.544394	0.000000	0.455606	0.000000	0.000000
46	tsk_46	(x)	1	:	0.000000	0.000000	0.000000	1.000000	0.000000
47	tsk_47	(x)	1	:	0.000000	0.000006	0.999994	0.000000	0.000000
48	tsk_48	(x)	1	:	0.475621	0.000000	0.000007	0.524372	0.000000
49	tsk_49	(x)	1	:	0.000000	0.000080	0.395535	0.604385	0.000000
