logL = -153.483106 (converged)
AIC = 950.966213
BIC = 1566.637621

count.K
6 6 10 20 7 1 

