logL = -172.425088 (converged)
AIC = 598.850176
BIC = 841.677098

count.K
18 13 19 

