logL = -608.242923 (converged)
AIC = 1542.485847
BIC = 1854.145597

count.K
7 13 30 

