logL = -396.279523 (converged)
AIC = 1252.559046
BIC = 1692.324337

count.K
13 8 13 16 

