logL = -182.604136 (converged)
AIC = 661.208273
BIC = 944.187678

count.K
24 11 15 

