logL = -295.045337 (converged)
AIC = 1180.090673
BIC = 1744.137460

count.K
7 2 20 13 8 

