logL = -299.007416 (converged)
AIC = 1026.014833
BIC = 1435.187756

count.K
18 6 15 11 

