logL = -147.511391 (converged)
AIC = 835.022781
BIC = 1351.268993

count.K
5 4 7 29 5 

