logL = -327.136158 (converged)
AIC = 806.272316
BIC = 951.586064

count.K
25 25 

