0	tsk_0	(x)	1	:	0.474413	0.000049	0.000000	0.525396	0.000141	0.000000
1	tsk_1	(x)	1	:	0.503037	0.000000	0.496938	0.000000	0.000024	0.000000
2	tsk_2	(x)	1	:	0.000082	0.000000	0.519868	0.000000	0.480050	0.000000
3	tsk_3	(x)	1	:	0.000000	0.000013	0.485223	0.514762	0.000002	0.000000
4	tsk_4	(x)	1	:	0.000000	0.001236	0.000000	0.998764	0.000000	0.000000
5	tsk_5	(x)	1	:	0.000000	0.001246	0.000000	0.998754	0.000000	0.000000
6	tsk_6	(x)	1	:	0.000000	0.000011	0.485223	0.514766	0.000000	0.000000
7	tsk_7	(x)	1	:	0.503017	0.000000	0.496972	0.000000	0.000011	0.000000
8	tsk_8	(x)	1	:	0.000000	0.000000	1.000000	0.000000	0.000000	0.000000
9	tsk_9	(x)	1	:	1.000000	0.000000	0.000000	0.000000	0.000000	0.000000
10	tsk_10	(x)	1	:	0.000000	0.000000	0.000000	0.000000	1.000000	0.000000
11	tsk_11	(x)	1	:	0.000000	0.000000	0.516242	0.000000	0.483758	0.000000
12	tsk_12	(x)	1	:	0.000000	0.000000	0.000000	0.000000	1.000000	0.000000
13	tsk_13	(x)	1	:	0.000000	0.000000	0.512257	0.000000	0.487743	0.000000
14	tsk_14	(x)	1	:	0.000000	0.000000	0.495863	0.000000	0.000000	0.504137
15	tsk_15	(x)	1	:	0.000000	0.000000	0.000000	0.000000	1.000000	0.000000
16	tsk_16	(x)	1	:	0.385465	0.000000	0.000000	0.000000	0.614535	0.000000
17	tsk_17	(x)	1	:	0.000000	0.000000	0.000000	0.000000	0.553596	0.446404
18	tsk_18	(x)	1	:	0.000000	0.000000	0.000000	0.245357	0.754643	0.000000
19	tsk_19	(x)	1	:	0.000000	0.000000	0.000000	0.000000	0.553596	0.446404
20	tsk_20	(x)	1	:	0.590940	0.000000	0.000000	0.000000	0.409060	0.000000
21	tsk_21	(x)	1	:	0.495329	0.000000	0.000000	0.504632	0.000039	0.000000
22	tsk_22	(x)	1	:	0.000000	0.000000	1.000000	0.000000	0.000000	0.000000
23	tsk_23	(x)	1	:	0.000000	0.000000	0.000000	1.000000	0.000000	0.000000
24	tsk_24	(x)	1	:	0.000000	0.000000	0.000000	1.000000	0.000000	0.000000
25	tsk_25	(x)	1	:	0.000000	0.000000	0.000000	0.000000	1.000000	0.000000
26	tsk_26	(x)	1	:	0.000000	0.000000	0.494920	0.505079	0.000001	0.000000
27	tsk_27	(x)	1	:	0.000001	0.000004	0.000000	0.600674	0.399321	0.000000
28	tsk_28	(x)	1	:	0.000000	0.000000	0.494917	0.505081	0.000002	0.000000
29	tsk_29	(x)	1	:	0.000231	0.000000	0.000000	0.564627	0.435142	0.000000
30	tsk_30	(x)	1	:	0.000000	1.000000	0.000000	0.000000	0.000000	0.000000
31	tsk_31	(x)	1	:	0.689568	0.000000	0.000000	0.309852	0.000581	0.000000
32	tsk_32	(x)	1	:	0.000000	0.000000	0.000000	0.000000	0.000000	1.000000
33	tsk_33	(x)	1	:	0.499213	0.000000	0.000000	0.000000	0.000034	0.500752
34	tsk_34	(x)	1	:	0.000001	0.000000	0.000000	0.000000	0.467234	0.532765
35	tsk_35	(x)	1	:	0.499219	0.000000	0.000000	0.000000	0.000019	0.500762
36	tsk_36	(x)	1	:	0.000003	0.000000	0.000000	0.000000	0.999997	0.000000
37	tsk_37	(x)	1	:	0.499216	0.000000	0.000000	0.000000	0.000026	0.500758
38	tsk_38	(x)	1	:	0.000000	0.000042	0.000000	0.513611	0.000000	0.486348
39	tsk_39	(x)	1	:	0.000033	0.000000	0.000000	0.350008	0.049537	0.600422
40	tsk_40	(x)	1	:	0.000001	0.000000	0.000000	0.000000	0.999999	0.000000
41	tsk_41	(x)	1	:	0.000002	0.000000	0.000000	0.000000	0.999998	0.000000
42	tsk_42	(x)	1	:	0.000254	0.000000	0.000000	0.564634	0.435112	0.000000
43	tsk_43	(x)	1	:	0.000000	0.585435	0.000000	0.000034	0.414530	0.000000
44	tsk_44	(x)	1	:	0.000000	0.467871	0.000000	0.019358	0.000000	0.512771
45	tsk_45	(x)	1	:	0.000001	0.000000	0.000000	0.000000	0.467234	0.532765
46	tsk_46	(x)	1	:	0.000000	1.000000	0.000000	0.000000	0.000000	0.000000
47	tsk_47	(x)	1	:	0.000002	0.000000	0.000000	0.000000	0.999998	0.000000
48	tsk_48	(x)	1	:	0.000000	0.469687	0.000000	0.016950	0.000000	0.513363
49	tsk_49	(x)	1	:	0.000000	0.461177	0.000000	0.070180	0.468642	0.000000
