logL = -144.735328 (converged)
AIC = 701.470655
BIC = 1095.347395

count.K
13 13 5 19 

