logL = -290.229774 (converged)
AIC = 1016.459549
BIC = 1433.280564

count.K
10 5 24 11 

