logL = -259.784928 (converged)
AIC = 803.569857
BIC = 1075.077124

count.K
24 6 20 

