logL = -211.824035 (converged)
AIC = 1103.648070
BIC = 1753.735892

count.K
22 1 4 4 4 15 

