0	tsk_0	(x)	1	:	0.000000	0.000000	0.449269	0.550731	0.000000
1	tsk_1	(x)	1	:	0.000000	0.467595	0.126359	0.406047	0.000000
2	tsk_2	(x)	1	:	0.981452	0.000002	0.005000	0.013546	0.000000
3	tsk_3	(x)	1	:	0.000000	0.467594	0.374254	0.158152	0.000000
4	tsk_4	(x)	1	:	0.000000	0.000000	0.165607	0.834393	0.000000
5	tsk_5	(x)	1	:	0.000000	0.000000	0.297031	0.702969	0.000000
6	tsk_6	(x)	1	:	0.508532	0.000000	0.008934	0.008762	0.473772
7	tsk_7	(x)	1	:	0.000000	0.000000	0.300884	0.699116	0.000000
8	tsk_8	(x)	1	:	0.000000	1.000000	0.000000	0.000000	0.000000
9	tsk_9	(x)	1	:	0.000000	0.000000	0.351258	0.648742	0.000000
10	tsk_10	(x)	1	:	0.000000	0.000000	0.407054	0.100140	0.492807
11	tsk_11	(x)	1	:	0.000000	0.000000	0.000000	0.000000	1.000000
12	tsk_12	(x)	1	:	0.000000	0.000000	0.221325	0.285869	0.492807
13	tsk_13	(x)	1	:	0.000017	0.464684	0.027634	0.015134	0.492530
14	tsk_14	(x)	1	:	0.000000	0.000000	0.000000	0.000000	1.000000
15	tsk_15	(x)	1	:	0.000000	0.000000	0.000000	0.000000	1.000000
16	tsk_16	(x)	1	:	0.000000	0.000000	0.000000	0.000000	1.000000
17	tsk_17	(x)	1	:	0.000000	0.000000	0.000000	0.000000	1.000000
18	tsk_18	(x)	1	:	0.000000	0.000000	0.000000	0.000000	1.000000
19	tsk_19	(x)	1	:	0.000000	0.000000	0.000000	0.000000	1.000000
20	tsk_20	(x)	1	:	0.000000	0.000000	0.336254	0.170939	0.492807
21	tsk_21	(x)	1	:	0.000000	0.000000	0.000000	0.000000	1.000000
22	tsk_22	(x)	1	:	0.000000	0.000000	0.145726	0.854274	0.000000
23	tsk_23	(x)	1	:	0.000000	0.000000	0.347086	0.132932	0.519982
24	tsk_24	(x)	1	:	0.000000	0.000000	0.251617	0.748383	0.000000
25	tsk_25	(x)	1	:	0.000000	0.000000	0.284941	0.195077	0.519982
26	tsk_26	(x)	1	:	0.000000	0.000000	0.231137	0.248880	0.519982
27	tsk_27	(x)	1	:	0.000000	0.000000	0.504820	0.002373	0.492807
28	tsk_28	(x)	1	:	0.000000	0.000000	0.443790	0.063403	0.492806
29	tsk_29	(x)	1	:	0.000000	0.000000	0.252713	0.747287	0.000000
30	tsk_30	(x)	1	:	0.000000	0.651540	0.111993	0.236467	0.000000
31	tsk_31	(x)	1	:	0.000000	1.000000	0.000000	0.000000	0.000000
32	tsk_32	(x)	1	:	0.000000	1.000000	0.000000	0.000000	0.000000
33	tsk_33	(x)	1	:	0.000000	0.467594	0.087127	0.445279	0.000000
34	tsk_34	(x)	1	:	0.000000	1.000000	0.000000	0.000000	0.000000
35	tsk_35	(x)	1	:	0.000000	0.467595	0.141079	0.391326	0.000000
36	tsk_36	(x)	1	:	0.000000	0.467595	0.114555	0.417850	0.000000
37	tsk_37	(x)	1	:	0.000227	0.321307	0.158272	0.000002	0.520193
38	tsk_38	(x)	1	:	0.000000	0.000000	0.236324	0.243693	0.519982
39	tsk_39	(x)	1	:	0.000000	0.000000	0.346697	0.653303	0.000000
40	tsk_40	(x)	1	:	0.000000	0.000000	0.391599	0.165421	0.442979
41	tsk_41	(x)	1	:	0.000000	0.000000	0.460938	0.096083	0.442979
42	tsk_42	(x)	1	:	0.000000	0.000000	0.299511	0.257509	0.442979
43	tsk_43	(x)	1	:	0.000000	0.000000	0.314666	0.242354	0.442979
44	tsk_44	(x)	1	:	0.000000	0.000000	0.446798	0.553201	0.000000
45	tsk_45	(x)	1	:	0.000000	0.000000	0.204988	0.352032	0.442979
46	tsk_46	(x)	1	:	0.000000	0.000000	0.389792	0.167229	0.442979
47	tsk_47	(x)	1	:	0.000000	0.000000	0.334210	0.222811	0.442979
48	tsk_48	(x)	1	:	0.000000	0.000000	0.300871	0.699129	0.000000
49	tsk_49	(x)	1	:	0.000000	0.000000	0.377662	0.179359	0.442979
