logL = -362.571122 (converged)
AIC = 1021.142245
BIC = 1304.121649

count.K
8 25 17 

