logL = -141.464952 (converged)
AIC = 554.929904
BIC = 814.965033

count.K
10 12 28 

