0	tsk_0	(x)	1	:	0.450771	0.000000	0.000000	0.000005	0.549224
1	tsk_1	(x)	1	:	1.000000	0.000000	0.000000	0.000000	0.000000
2	tsk_2	(x)	1	:	0.000000	0.000000	0.000000	0.010104	0.989896
3	tsk_3	(x)	1	:	0.581282	0.000000	0.000000	0.000000	0.418717
4	tsk_4	(x)	1	:	0.450769	0.000000	0.000000	0.000000	0.549231
5	tsk_5	(x)	1	:	0.008137	0.441790	0.000000	0.000000	0.550072
6	tsk_6	(x)	1	:	0.000000	0.000000	0.000000	0.010131	0.989869
7	tsk_7	(x)	1	:	0.007942	0.441920	0.000000	0.000000	0.550138
8	tsk_8	(x)	1	:	0.000000	0.000000	0.000000	0.678409	0.321591
9	tsk_9	(x)	1	:	0.450772	0.000000	0.000000	0.000006	0.549222
10	tsk_10	(x)	1	:	0.040427	0.000000	0.000000	0.427302	0.532271
11	tsk_11	(x)	1	:	0.703105	0.000000	0.000000	0.000000	0.296895
12	tsk_12	(x)	1	:	0.559726	0.440274	0.000000	0.000000	0.000000
13	tsk_13	(x)	1	:	0.262714	0.440348	0.000000	0.000000	0.296938
14	tsk_14	(x)	1	:	0.703105	0.000000	0.000000	0.000000	0.296895
15	tsk_15	(x)	1	:	0.501758	0.000000	0.000000	0.498242	0.000000
16	tsk_16	(x)	1	:	0.135915	0.365684	0.000000	0.498401	0.000000
17	tsk_17	(x)	1	:	0.634749	0.365251	0.000000	0.000000	0.000000
18	tsk_18	(x)	1	:	0.012906	0.987094	0.000000	0.000000	0.000000
19	tsk_19	(x)	1	:	0.262716	0.440346	0.000000	0.000000	0.296937
20	tsk_20	(x)	1	:	0.000000	1.000000	0.000000	0.000000	0.000000
21	tsk_21	(x)	1	:	0.580612	0.419388	0.000000	0.000000	0.000000
22	tsk_22	(x)	1	:	0.000000	0.000000	0.000000	0.000000	1.000000
23	tsk_23	(x)	1	:	0.173967	0.826033	0.000000	0.000000	0.000000
24	tsk_24	(x)	1	:	0.022610	0.424990	0.000000	0.000001	0.552399
25	tsk_25	(x)	1	:	0.000001	0.000000	0.000000	0.000000	0.999999
26	tsk_26	(x)	1	:	0.021458	0.425734	0.000000	0.000002	0.552806
27	tsk_27	(x)	1	:	0.000000	0.000000	0.000000	0.000000	1.000000
28	tsk_28	(x)	1	:	0.580587	0.419413	0.000000	0.000000	0.000000
29	tsk_29	(x)	1	:	0.000001	0.000000	0.000000	0.000000	0.999999
30	tsk_30	(x)	1	:	1.000000	0.000000	0.000000	0.000000	0.000000
31	tsk_31	(x)	1	:	1.000000	0.000000	0.000000	0.000000	0.000000
32	tsk_32	(x)	1	:	0.000000	0.000000	1.000000	0.000000	0.000000
33	tsk_33	(x)	1	:	0.598625	0.000000	0.401375	0.000000	0.000000
34	tsk_34	(x)	1	:	0.000000	0.000000	1.000000	0.000000	0.000000
35	tsk_35	(x)	1	:	0.443116	0.000000	0.556884	0.000000	0.000000
36	tsk_36	(x)	1	:	1.000000	0.000000	0.000000	0.000000	0.000000
37	tsk_37	(x)	1	:	0.444163	0.000000	0.555837	0.000000	0.000000
38	tsk_38	(x)	1	:	0.442593	0.000000	0.557407	0.000000	0.000000
39	tsk_39	(x)	1	:	1.000000	0.000000	0.000000	0.000000	0.000000
40	tsk_40	(x)	1	:	0.422196	0.000000	0.000000	0.577804	0.000000
41	tsk_41	(x)	1	:	1.000000	0.000000	0.000000	0.000000	0.000000
42	tsk_42	(x)	1	:	0.501758	0.000000	0.000000	0.498242	0.000000
43	tsk_43	(x)	1	:	0.000000	0.000000	0.000000	0.678409	0.321591
44	tsk_44	(x)	1	:	1.000000	0.000000	0.000000	0.000000	0.000000
45	tsk_45	(x)	1	:	0.501758	0.000000	0.000000	0.498242	0.000000
46	tsk_46	(x)	1	:	0.000000	0.000000	0.000000	1.000000	0.000000
47	tsk_47	(x)	1	:	0.501758	0.000000	0.000000	0.498241	0.000001
48	tsk_48	(x)	1	:	0.000000	0.000000	0.000000	0.678409	0.321591
49	tsk_49	(x)	1	:	0.422196	0.000000	0.000000	0.577804	0.000000
