logL = -292.950963 (converged)
AIC = 875.901925
BIC = 1153.145261

count.K
31 12 7 

