logL = -104.220161 (converged)
AIC = 572.440322
BIC = 920.428509

count.K
17 7 12 14 

