0	tsk_0	(x)	1	:	0.000000	0.000000	0.499866	0.000000	0.301084	0.199050
1	tsk_1	(x)	1	:	0.000000	0.000000	1.000000	0.000000	0.000000	0.000000
2	tsk_2	(x)	1	:	0.468010	0.000000	0.000000	0.000000	0.291885	0.240105
3	tsk_3	(x)	1	:	0.000000	1.000000	0.000000	0.000000	0.000000	0.000000
4	tsk_4	(x)	1	:	0.000000	0.500002	0.000000	0.000000	0.094553	0.405445
5	tsk_5	(x)	1	:	0.000000	0.000000	0.000000	1.000000	0.000000	0.000000
6	tsk_6	(x)	1	:	0.000000	0.000000	0.000000	0.000000	0.178894	0.821106
7	tsk_7	(x)	1	:	0.000000	0.000000	0.000000	0.000000	0.052807	0.947193
8	tsk_8	(x)	1	:	0.000000	0.500012	0.000000	0.000000	0.484087	0.015901
9	tsk_9	(x)	1	:	0.000000	0.500002	0.000000	0.000000	0.000000	0.499998
10	tsk_10	(x)	1	:	0.000000	0.000000	0.000000	0.000000	0.036539	0.963461
11	tsk_11	(x)	1	:	0.000000	0.000000	0.499964	0.000000	0.221955	0.278081
12	tsk_12	(x)	1	:	0.000000	0.000000	0.000000	0.000000	0.088303	0.911697
13	tsk_13	(x)	1	:	0.000000	0.000000	0.499947	0.000000	0.105981	0.394072
14	tsk_14	(x)	1	:	0.000000	0.500019	0.499981	0.000000	0.000000	0.000000
15	tsk_15	(x)	1	:	0.540738	0.000000	0.000001	0.000000	0.030441	0.428819
16	tsk_16	(x)	1	:	0.000000	0.000000	1.000000	0.000000	0.000000	0.000000
17	tsk_17	(x)	1	:	0.000000	0.000000	0.499931	0.000000	0.307285	0.192783
18	tsk_18	(x)	1	:	0.000000	0.000000	0.499962	0.000000	0.268095	0.231943
19	tsk_19	(x)	1	:	0.999991	0.000000	0.000009	0.000000	0.000000	0.000000
20	tsk_20	(x)	1	:	0.000000	0.000000	0.462931	0.537069	0.000000	0.000000
21	tsk_21	(x)	1	:	0.000000	0.000000	0.462931	0.537069	0.000001	0.000000
22	tsk_22	(x)	1	:	0.000000	0.000000	0.462931	0.537069	0.000000	0.000000
23	tsk_23	(x)	1	:	0.000000	0.000000	1.000000	0.000000	0.000000	0.000000
24	tsk_24	(x)	1	:	0.000000	0.000000	1.000000	0.000000	0.000000	0.000000
25	tsk_25	(x)	1	:	0.000000	0.000000	0.499883	0.000000	0.204264	0.295853
26	tsk_26	(x)	1	:	0.000000	0.000000	1.000000	0.000000	0.000000	0.000000
27	tsk_27	(x)	1	:	0.000000	0.000000	1.000000	0.000000	0.000000	0.000000
28	tsk_28	(x)	1	:	0.000000	0.000000	1.000000	0.000000	0.000000	0.000000
29	tsk_29	(x)	1	:	0.000000	0.000000	1.000000	0.000000	0.000000	0.000000
30	tsk_30	(x)	1	:	0.000000	0.000000	0.000000	0.000000	0.007323	0.992677
31	tsk_31	(x)	1	:	0.000000	0.000000	0.499704	0.000000	0.500296	0.000000
32	tsk_32	(x)	1	:	0.000000	0.000000	0.499864	0.000000	0.154550	0.345586
33	tsk_33	(x)	1	:	0.000000	0.000000	0.499835	0.000000	0.000000	0.500165
34	tsk_34	(x)	1	:	0.468070	0.531928	0.000000	0.000000	0.000002	0.000000
35	tsk_35	(x)	1	:	0.000000	0.000000	0.499791	0.000000	0.161526	0.338682
36	tsk_36	(x)	1	:	0.000000	0.000000	0.000000	0.000000	0.018885	0.981115
37	tsk_37	(x)	1	:	0.000000	0.500041	0.499959	0.000000	0.000000	0.000000
38	tsk_38	(x)	1	:	0.000000	0.500030	0.499970	0.000000	0.000000	0.000000
39	tsk_39	(x)	1	:	0.000000	0.500015	0.499985	0.000000	0.000000	0.000000
40	tsk_40	(x)	1	:	0.000000	0.000000	0.499905	0.000000	0.345084	0.155012
41	tsk_41	(x)	1	:	0.000000	0.500038	0.499962	0.000000	0.000000	0.000000
42	tsk_42	(x)	1	:	0.000000	0.000000	0.499979	0.000000	0.228947	0.271074
43	tsk_43	(x)	1	:	0.000000	0.500028	0.499972	0.000000	0.000000	0.000000
44	tsk_44	(x)	1	:	0.000000	0.500024	0.499976	0.000000	0.000000	0.000000
45	tsk_45	(x)	1	:	0.000000	0.000000	0.499904	0.000000	0.391096	0.109000
46	tsk_46	(x)	1	:	0.000000	1.000000	0.000000	0.000000	0.000000	0.000000
47	tsk_47	(x)	1	:	0.000000	0.000000	0.499861	0.000000	0.246467	0.253672
48	tsk_48	(x)	1	:	0.000000	0.000000	0.499884	0.000000	0.302802	0.197314
49	tsk_49	(x)	1	:	0.000000	0.000000	1.000000	0.000000	0.000000	0.000000
