logL = -236.886135 (converged)
AIC = 1013.772271
BIC = 1530.018482

count.K
8 2 4 10 26 

