logL = -483.580013 (converged)
AIC = 1281.160027
BIC = 1581.347639

count.K
14 23 13 

