logL = -99.906880 (converged)
AIC = 843.813761
BIC = 1459.485169

count.K
1 32 2 3 0 12 

