logL = -23.528958 (converged)
AIC = 619.057915
BIC = 1165.896495

count.K
1 1 31 1 11 5 

