logL = -274.160652 (converged)
AIC = 992.321303
BIC = 1416.790410

count.K
5 13 16 16 

