logL = -249.897162 (converged)
AIC = 1079.794324
BIC = 1634.280995

count.K
7 23 1 3 16 

