logL = -553.303133 (converged)
AIC = 1746.606266
BIC = 2358.453628

count.K
8 11 18 13 0 

