logL = -109.050277 (converged)
AIC = 698.100553
BIC = 1156.986075

count.K
32 5 5 4 4 

