logL = -178.110637 (converged)
AIC = 484.221275
BIC = 606.590747

count.K
26 24 

