logL = -20.434883 (converged)
AIC = 364.869766
BIC = 674.617493

count.K
25 9 3 13 

