logL = -126.430501 (converged)
AIC = 872.861001
BIC = 1465.588133

count.K
13 0 11 2 8 16 

