logL = -106.372720 (converged)
AIC = 832.745440
BIC = 1425.472571

count.K
21 2 3 12 2 10 

