logL = -760.430816 (converged)
AIC = 1720.861632
BIC = 1912.063932

count.K
26 24 

