logL = -121.405049 (converged)
AIC = 382.810098
BIC = 516.651708

count.K
37 13 

