logL = -48.379047 (converged)
AIC = 680.758095
BIC = 1239.068812

count.K
7 6 13 1 13 10 

