logL = -120.856330 (converged)
AIC = 471.712660
BIC = 691.595305

count.K
7 20 23 

