logL = -70.689908 (converged)
AIC = 371.379817
BIC = 591.262462

count.K
7 20 23 

