logL = -154.977986 (converged)
AIC = 1037.955973
BIC = 1733.932347

count.K
5 3 4 14 8 16 

