logL = -283.904309 (converged)
AIC = 1235.808618
BIC = 1874.424302

count.K
8 0 17 2 12 11 

