logL = -372.844178 (converged)
AIC = 889.688355
BIC = 1027.354012

count.K
41 9 

