logL = -157.390435 (converged)
AIC = 574.780869
BIC = 823.343860

count.K
23 26 1 

