logL = -88.621121 (converged)
AIC = 431.242242
BIC = 674.069164

count.K
17 6 27 

