logL = -491.185604 (converged)
AIC = 1592.371207
BIC = 2175.538224

count.K
10 16 11 12 1 

