logL = -357.450637 (converged)
AIC = 1190.901274
BIC = 1645.962750

count.K
1 17 10 22 

