logL = -125.501149 (converged)
AIC = 943.002298
BIC = 1604.562258

count.K
18 7 4 5 12 4 

