logL = -146.361126 (converged)
AIC = 672.722252
BIC = 1036.006623

count.K
11 7 14 18 

