logL = -83.244828 (converged)
AIC = 306.489656
BIC = 440.331266

count.K
40 10 

