logL = -47.931978 (converged)
AIC = 667.863955
BIC = 1214.702535

count.K
12 1 22 5 5 5 

