logL = -330.353454 (converged)
AIC = 820.706908
BIC = 973.668749

count.K
16 34 

