logL = -63.861546 (converged)
AIC = 357.723093
BIC = 577.605738

count.K
3 40 7 

