logL = -86.233083 (converged)
AIC = 308.466166
BIC = 438.483730

count.K
8 42 

