logL = -83.681713 (converged)
AIC = 799.363426
BIC = 1403.562696

count.K
7 3 10 21 1 8 

