logL = -222.044272 (converged)
AIC = 994.088543
BIC = 1519.894870

count.K
10 10 4 12 14 

