logL = -150.153781 (converged)
AIC = 596.307562
BIC = 879.286966

count.K
13 12 25 

