logL = -179.779982 (converged)
AIC = 499.559963
BIC = 633.401574

count.K
35 15 

