logL = -256.931702 (converged)
AIC = 957.863405
BIC = 1382.332512

count.K
17 5 15 13 

