logL = -116.179208 (converged)
AIC = 900.358416
BIC = 1538.974100

count.K
2 10 7 25 5 1 

