logL = -162.688653 (converged)
AIC = 737.377305
BIC = 1131.254044

count.K
12 3 17 18 

