logL = -175.568775 (converged)
AIC = 995.137550
BIC = 1610.808958

count.K
6 1 11 14 17 1 

