logL = -375.146685 (converged)
AIC = 1046.293369
BIC = 1329.272774

count.K
15 14 21 

