logL = -120.198889 (converged)
AIC = 872.397777
BIC = 1476.597047

count.K
3 3 1 8 27 8 

