logL = -46.407064 (converged)
AIC = 688.814127
BIC = 1258.596983

count.K
6 2 29 1 10 2 

