logL = -214.565843 (converged)
AIC = 905.131686
BIC = 1360.193162

count.K
26 5 4 15 

