logL = -139.509437 (converged)
AIC = 809.018874
BIC = 1315.704971

count.K
4 19 7 6 14 

