logL = -88.126083 (converged)
AIC = 532.252165
BIC = 872.592260

count.K
14 18 8 10 

