0	tsk_0	(x)	1	:	0.000000	0.416366	0.391544	0.192090
1	tsk_1	(x)	1	:	0.000000	0.000000	0.272482	0.727518
2	tsk_2	(x)	1	:	0.000000	1.000000	0.000000	0.000000
3	tsk_3	(x)	1	:	0.000000	0.540609	0.193559	0.265832
4	tsk_4	(x)	1	:	0.000000	0.000000	0.360709	0.639291
5	tsk_5	(x)	1	:	0.000000	0.416366	0.421647	0.161987
6	tsk_6	(x)	1	:	0.000000	0.168611	0.108403	0.722986
7	tsk_7	(x)	1	:	0.000000	0.000000	0.131877	0.868123
8	tsk_8	(x)	1	:	0.000000	1.000000	0.000000	0.000000
9	tsk_9	(x)	1	:	0.000000	0.168611	0.211803	0.619585
10	tsk_10	(x)	1	:	0.000000	0.000000	0.218491	0.781509
11	tsk_11	(x)	1	:	0.553775	0.000000	0.280432	0.165792
12	tsk_12	(x)	1	:	0.557588	0.000000	0.212095	0.230318
13	tsk_13	(x)	1	:	0.000000	0.000000	0.273434	0.726566
14	tsk_14	(x)	1	:	0.000000	0.000000	1.000000	0.000000
15	tsk_15	(x)	1	:	0.557596	0.000000	0.108235	0.334169
16	tsk_16	(x)	1	:	1.000000	0.000000	0.000000	0.000000
17	tsk_17	(x)	1	:	0.000000	0.000000	0.320060	0.679940
18	tsk_18	(x)	1	:	0.000000	0.000000	0.155971	0.844029
19	tsk_19	(x)	1	:	0.000000	0.000000	0.748652	0.251348
20	tsk_20	(x)	1	:	0.000000	0.000000	0.320265	0.679735
21	tsk_21	(x)	1	:	0.000000	0.000000	0.441072	0.558928
22	tsk_22	(x)	1	:	0.000000	0.198019	0.630295	0.171686
23	tsk_23	(x)	1	:	0.000000	0.000000	0.386572	0.613428
24	tsk_24	(x)	1	:	0.000000	0.000000	0.417445	0.582555
25	tsk_25	(x)	1	:	0.000000	0.198019	0.531741	0.270241
26	tsk_26	(x)	1	:	0.000000	0.000000	0.097271	0.902729
27	tsk_27	(x)	1	:	0.000000	0.198019	0.565850	0.236131
28	tsk_28	(x)	1	:	0.000000	0.000000	0.545455	0.454545
29	tsk_29	(x)	1	:	0.762818	0.000000	0.237182	0.000000
30	tsk_30	(x)	1	:	0.000000	0.000000	0.370620	0.629380
31	tsk_31	(x)	1	:	0.000000	0.000000	0.386562	0.613438
32	tsk_32	(x)	1	:	0.000000	0.000000	0.318497	0.681503
33	tsk_33	(x)	1	:	0.000000	0.000000	0.316827	0.683173
34	tsk_34	(x)	1	:	0.000000	0.000000	0.218384	0.781616
35	tsk_35	(x)	1	:	0.000000	0.000000	0.544774	0.455225
36	tsk_36	(x)	1	:	0.000000	0.000000	0.188303	0.811697
37	tsk_37	(x)	1	:	0.000000	0.000000	0.369597	0.630403
38	tsk_38	(x)	1	:	0.000000	0.000000	0.450668	0.549332
39	tsk_39	(x)	1	:	0.000000	0.000000	0.318925	0.681075
40	tsk_40	(x)	1	:	0.000000	0.170634	0.284982	0.544383
41	tsk_41	(x)	1	:	0.000000	0.170634	0.282299	0.547066
42	tsk_42	(x)	1	:	0.000000	0.000000	0.273667	0.726333
43	tsk_43	(x)	1	:	0.000000	0.000000	0.450726	0.549274
44	tsk_44	(x)	1	:	0.000000	0.000000	0.238063	0.761937
45	tsk_45	(x)	1	:	0.000000	0.000000	0.319831	0.680169
46	tsk_46	(x)	1	:	0.000000	0.000000	0.319395	0.680605
47	tsk_47	(x)	1	:	0.000000	0.416366	0.425531	0.158103
48	tsk_48	(x)	1	:	0.000000	0.000000	0.319081	0.680919
49	tsk_49	(x)	1	:	0.000000	0.170634	0.334317	0.495049
