logL = -97.875476 (converged)
AIC = 827.750951
BIC = 1431.950221

count.K
8 3 2 8 20 9 

