logL = -24.489784 (converged)
AIC = 266.979569
BIC = 475.390076

count.K
5 13 32 

