logL = -225.387927 (converged)
AIC = 862.775853
BIC = 1256.652592

count.K
20 9 14 7 

