logL = -173.152187 (converged)
AIC = 1038.304373
BIC = 1699.864333

count.K
0 3 7 23 3 14 

