logL = -87.067882 (converged)
AIC = 546.135764
BIC = 901.772043

count.K
12 1 28 9 

