logL = -191.269550 (converged)
AIC = 534.539100
BIC = 679.852848

count.K
28 22 

