logL = -124.391896 (converged)
AIC = 778.783791
BIC = 1285.469888

count.K
0 8 11 29 2 

