logL = -101.817173 (converged)
AIC = 883.634346
BIC = 1533.722168

count.K
20 3 5 5 7 10 

