logL = -139.635539 (converged)
AIC = 923.271077
BIC = 1538.942485

count.K
7 7 6 14 5 11 

