logL = -121.978183 (converged)
AIC = 839.956365
BIC = 1409.739221

count.K
6 24 7 12 1 0 

