logL = -268.856959 (converged)
AIC = 677.713919
BIC = 811.555529

count.K
34 16 

