logL = -119.246742 (converged)
AIC = 894.493483
BIC = 1521.637029

count.K
1 4 8 26 6 5 

