0	tsk_0	(x)	1	:	0.503515	0.000000	0.000000	0.001127	0.495358
1	tsk_1	(x)	1	:	0.000000	0.000000	0.000000	0.000000	1.000000
2	tsk_2	(x)	1	:	0.501439	0.000000	0.000000	0.004229	0.494332
3	tsk_3	(x)	1	:	0.000000	0.000000	0.464983	0.044456	0.490560
4	tsk_4	(x)	1	:	0.000000	0.000000	0.466901	0.041604	0.491495
5	tsk_5	(x)	1	:	1.000000	0.000000	0.000000	0.000000	0.000000
6	tsk_6	(x)	1	:	0.000000	0.000000	0.000000	0.000000	1.000000
7	tsk_7	(x)	1	:	1.000000	0.000000	0.000000	0.000000	0.000000
8	tsk_8	(x)	1	:	0.504262	0.000000	0.000000	0.000000	0.495738
9	tsk_9	(x)	1	:	0.501766	0.000000	0.472963	0.025271	0.000000
10	tsk_10	(x)	1	:	0.499855	0.000000	0.000000	0.006600	0.493545
11	tsk_11	(x)	1	:	0.000000	0.000000	0.000000	0.506589	0.493411
12	tsk_12	(x)	1	:	0.500000	0.000000	0.000000	0.500000	0.000000
13	tsk_13	(x)	1	:	0.000000	0.000000	0.000000	0.504941	0.495059
14	tsk_14	(x)	1	:	0.000000	0.000000	0.000000	1.000000	0.000000
15	tsk_15	(x)	1	:	0.500000	0.000000	0.000000	0.500000	0.000000
16	tsk_16	(x)	1	:	0.499967	0.000000	0.000000	0.500033	0.000000
17	tsk_17	(x)	1	:	0.345780	0.000000	0.242857	0.000000	0.411362
18	tsk_18	(x)	1	:	0.500000	0.000000	0.000000	0.500000	0.000000
19	tsk_19	(x)	1	:	0.000000	0.000000	0.000000	0.505641	0.494359
20	tsk_20	(x)	1	:	0.430351	0.000000	0.000000	0.000000	0.569649
21	tsk_21	(x)	1	:	0.000000	0.000000	0.000000	0.000000	1.000000
22	tsk_22	(x)	1	:	0.502458	0.000000	0.000000	0.002707	0.494835
23	tsk_23	(x)	1	:	0.502135	0.000000	0.000000	0.003191	0.494673
24	tsk_24	(x)	1	:	0.499337	0.000000	0.000000	0.007374	0.493289
25	tsk_25	(x)	1	:	0.497264	0.000000	0.000000	0.010471	0.492265
26	tsk_26	(x)	1	:	0.500891	0.000000	0.000000	0.005050	0.494058
27	tsk_27	(x)	1	:	0.000000	0.000000	0.000000	0.000000	1.000000
28	tsk_28	(x)	1	:	0.000000	0.000000	0.000000	0.000000	1.000000
29	tsk_29	(x)	1	:	0.430353	0.000000	0.000000	0.000000	0.569647
30	tsk_30	(x)	1	:	0.500000	0.000000	0.000000	0.500000	0.000000
31	tsk_31	(x)	1	:	0.000000	0.000000	0.470010	0.037004	0.492985
32	tsk_32	(x)	1	:	0.500732	0.000000	0.000000	0.005290	0.493979
33	tsk_33	(x)	1	:	0.498545	0.000000	0.000000	0.008557	0.492897
34	tsk_34	(x)	1	:	0.502058	0.000000	0.473240	0.024702	0.000000
35	tsk_35	(x)	1	:	1.000000	0.000000	0.000000	0.000000	0.000000
36	tsk_36	(x)	1	:	0.502055	0.000000	0.473243	0.024702	0.000000
37	tsk_37	(x)	1	:	1.000000	0.000000	0.000000	0.000000	0.000000
38	tsk_38	(x)	1	:	0.502504	0.000000	0.473679	0.023817	0.000000
39	tsk_39	(x)	1	:	0.499032	0.000000	0.000000	0.007830	0.493138
40	tsk_40	(x)	1	:	0.000000	0.000000	0.000000	0.000000	1.000000
41	tsk_41	(x)	1	:	0.000000	0.000000	0.000000	0.504642	0.495357
42	tsk_42	(x)	1	:	0.000000	0.000000	0.000000	0.504646	0.495354
43	tsk_43	(x)	1	:	0.501212	0.000000	0.472460	0.026328	0.000000
44	tsk_44	(x)	1	:	0.000000	0.000000	0.000000	0.000000	1.000000
45	tsk_45	(x)	1	:	0.000000	1.000000	0.000000	0.000000	0.000000
46	tsk_46	(x)	1	:	0.000000	0.000000	0.469566	0.037686	0.492748
47	tsk_47	(x)	1	:	0.000000	0.000000	0.000000	0.000000	1.000000
48	tsk_48	(x)	1	:	0.000000	1.000000	0.000000	0.000000	0.000000
49	tsk_49	(x)	1	:	0.000000	1.000000	0.000000	0.000000	0.000000
