logL = -304.252143 (converged)
AIC = 768.504287
BIC = 921.466127

count.K
29 21 

