logL = -328.507529 (converged)
AIC = 947.015058
BIC = 1224.258393

count.K
18 18 14 

