logL = -235.583818 (converged)
AIC = 1081.167637
BIC = 1664.334653

count.K
11 6 18 9 6 

