logL = -100.892166 (converged)
AIC = 821.784331
BIC = 1414.511463

count.K
11 6 3 18 8 4 

