logL = -276.099041 (converged)
AIC = 836.198082
BIC = 1107.705348

count.K
9 22 19 

