logL = -568.348188 (converged)
AIC = 1510.696376
BIC = 1868.244678

count.K
14 15 21 

