logL = -277.535546 (converged)
AIC = 711.071092
BIC = 860.208887

count.K
21 29 

