logL = -280.361325 (converged)
AIC = 724.722650
BIC = 881.508536

count.K
18 32 

