logL = -50.236518 (converged)
AIC = 720.473037
BIC = 1313.200168

count.K
4 16 2 3 14 11 

