logL = -258.786590 (converged)
AIC = 929.573180
BIC = 1323.449919

count.K
18 8 0 24 

