logL = -129.782773 (converged)
AIC = 501.565546
BIC = 732.920330

count.K
22 6 22 

