logL = -274.221698 (converged)
AIC = 1168.443395
BIC = 1761.170527

count.K
10 11 5 21 3 

