logL = -141.812787 (converged)
AIC = 823.625573
BIC = 1339.871785

count.K
8 6 12 5 19 

