0	tsk_0	(x)	1	:	0.125698	0.000000	0.000000	0.874302
1	tsk_1	(x)	1	:	0.271869	0.000006	0.727947	0.000178
2	tsk_2	(x)	1	:	0.194644	0.000000	0.000000	0.805356
3	tsk_3	(x)	1	:	0.000000	0.499999	0.000000	0.500001
4	tsk_4	(x)	1	:	0.372502	0.000000	0.626983	0.000515
5	tsk_5	(x)	1	:	0.421209	0.000000	0.000000	0.578791
6	tsk_6	(x)	1	:	0.371323	0.000000	0.626983	0.001694
7	tsk_7	(x)	1	:	0.371662	0.000000	0.626983	0.001355
8	tsk_8	(x)	1	:	0.000000	1.000000	0.000000	0.000000
9	tsk_9	(x)	1	:	0.000000	0.499999	0.000000	0.500001
10	tsk_10	(x)	1	:	0.522786	0.000000	0.000000	0.477214
11	tsk_11	(x)	1	:	0.423762	0.000000	0.000000	0.576238
12	tsk_12	(x)	1	:	0.422348	0.000000	0.000000	0.577652
13	tsk_13	(x)	1	:	0.328705	0.000000	0.000000	0.671295
14	tsk_14	(x)	1	:	0.593811	0.000000	0.000000	0.406189
15	tsk_15	(x)	1	:	0.494421	0.000000	0.000000	0.505579
16	tsk_16	(x)	1	:	0.422906	0.000000	0.000000	0.577094
17	tsk_17	(x)	1	:	0.354807	0.000000	0.287246	0.357947
18	tsk_18	(x)	1	:	1.000000	0.000000	0.000000	0.000000
19	tsk_19	(x)	1	:	0.477572	0.000000	0.000000	0.522428
20	tsk_20	(x)	1	:	0.356215	0.000000	0.000000	0.643785
21	tsk_21	(x)	1	:	0.645291	0.000000	0.000000	0.354709
22	tsk_22	(x)	1	:	0.354085	0.000000	0.000000	0.645915
23	tsk_23	(x)	1	:	0.424662	0.000000	0.000000	0.575338
24	tsk_24	(x)	1	:	0.786248	0.000000	0.000000	0.213752
25	tsk_25	(x)	1	:	0.690404	0.000000	0.000000	0.309596
26	tsk_26	(x)	1	:	0.423413	0.000000	0.000000	0.576587
27	tsk_27	(x)	1	:	0.286150	0.000000	0.410180	0.303671
28	tsk_28	(x)	1	:	1.000000	0.000000	0.000000	0.000000
29	tsk_29	(x)	1	:	0.595236	0.000000	0.000000	0.404764
30	tsk_30	(x)	1	:	0.345521	0.000000	0.410179	0.244300
31	tsk_31	(x)	1	:	0.645473	0.000000	0.000000	0.354527
32	tsk_32	(x)	1	:	0.325747	0.000000	0.410180	0.264073
33	tsk_33	(x)	1	:	0.000003	0.000000	0.999995	0.000002
34	tsk_34	(x)	1	:	0.249903	0.000000	0.410180	0.339917
35	tsk_35	(x)	1	:	0.000003	0.000000	0.999996	0.000000
36	tsk_36	(x)	1	:	0.285671	0.000000	0.410179	0.304150
37	tsk_37	(x)	1	:	0.589821	0.000000	0.410179	0.000000
38	tsk_38	(x)	1	:	0.160078	0.000000	0.410180	0.429742
39	tsk_39	(x)	1	:	0.328143	0.000000	0.410180	0.261678
40	tsk_40	(x)	1	:	0.691532	0.000000	0.000000	0.308468
41	tsk_41	(x)	1	:	0.000000	0.000000	0.000000	1.000000
42	tsk_42	(x)	1	:	0.424032	0.000000	0.000000	0.575968
43	tsk_43	(x)	1	:	0.126674	0.000000	0.000000	0.873326
44	tsk_44	(x)	1	:	0.000000	0.499999	0.000000	0.500001
45	tsk_45	(x)	1	:	0.747813	0.000000	0.000000	0.252187
46	tsk_46	(x)	1	:	0.494028	0.000000	0.000000	0.505972
47	tsk_47	(x)	1	:	0.268230	0.000000	0.000000	0.731770
48	tsk_48	(x)	1	:	0.000000	0.499999	0.000000	0.500001
49	tsk_49	(x)	1	:	0.000000	0.000000	0.410179	0.589821
