0	tsk_0	(x)	1	:	0.000000	0.000000	0.408484	0.493489	0.098027	0.000000
1	tsk_1	(x)	1	:	0.000000	0.000000	0.408485	0.493489	0.098026	0.000000
2	tsk_2	(x)	1	:	0.000000	0.000000	0.740627	0.000000	0.259372	0.000000
3	tsk_3	(x)	1	:	0.000000	0.354883	0.406044	0.000000	0.239073	0.000000
4	tsk_4	(x)	1	:	0.000000	0.000000	0.408485	0.493489	0.098025	0.000000
5	tsk_5	(x)	1	:	0.000000	0.480628	0.408016	0.000000	0.111357	0.000000
6	tsk_6	(x)	1	:	0.000000	0.000000	0.846241	0.000000	0.153759	0.000000
7	tsk_7	(x)	1	:	0.000000	0.000000	0.846241	0.000000	0.153759	0.000000
8	tsk_8	(x)	1	:	0.000000	0.000000	0.740627	0.000000	0.259372	0.000000
9	tsk_9	(x)	1	:	0.000000	0.000001	0.846247	0.000000	0.153752	0.000000
10	tsk_10	(x)	1	:	0.497228	0.000000	0.462308	0.002905	0.037560	0.000000
11	tsk_11	(x)	1	:	0.538324	0.000000	0.000000	0.461676	0.000000	0.000000
12	tsk_12	(x)	1	:	0.000000	0.000000	0.465138	0.494639	0.040223	0.000000
13	tsk_13	(x)	1	:	0.000000	0.000000	0.463060	0.494324	0.042616	0.000000
14	tsk_14	(x)	1	:	0.000000	0.000000	0.000000	0.589645	0.000000	0.410355
15	tsk_15	(x)	1	:	0.000000	0.000000	0.999966	0.000000	0.000034	0.000000
16	tsk_16	(x)	1	:	0.000000	0.000000	0.000000	1.000000	0.000000	0.000000
17	tsk_17	(x)	1	:	0.000000	0.000000	0.000000	0.000000	0.506910	0.493090
18	tsk_18	(x)	1	:	0.000000	0.000000	0.463096	0.494329	0.042575	0.000000
19	tsk_19	(x)	1	:	0.497689	0.000000	0.468454	0.003318	0.030539	0.000000
20	tsk_20	(x)	1	:	0.440335	0.000000	0.000000	0.000000	0.000000	0.559665
21	tsk_21	(x)	1	:	0.496494	0.000000	0.000000	0.002714	0.500792	0.000000
22	tsk_22	(x)	1	:	0.990121	0.000000	0.000000	0.009879	0.000000	0.000000
23	tsk_23	(x)	1	:	0.000000	0.428485	0.000000	0.000000	0.000000	0.571515
24	tsk_24	(x)	1	:	0.000000	0.493779	0.000000	0.506221	0.000000	0.000000
25	tsk_25	(x)	1	:	0.000000	0.000000	0.000000	0.493191	0.506809	0.000000
26	tsk_26	(x)	1	:	0.440396	0.000000	0.000000	0.000000	0.000000	0.559604
27	tsk_27	(x)	1	:	0.496092	0.000000	0.465559	0.004612	0.033737	0.000000
28	tsk_28	(x)	1	:	0.000000	0.000000	0.000000	0.489890	0.000000	0.510110
29	tsk_29	(x)	1	:	0.495166	0.000000	0.000000	0.004147	0.500688	0.000000
30	tsk_30	(x)	1	:	0.000000	0.000000	0.000000	0.000000	0.000000	1.000000
31	tsk_31	(x)	1	:	0.000000	0.000000	0.000000	0.000000	0.499431	0.500569
32	tsk_32	(x)	1	:	0.000000	0.000000	0.000000	0.000000	0.000000	1.000000
33	tsk_33	(x)	1	:	0.000000	0.000000	0.000000	0.000000	0.000000	1.000000
34	tsk_34	(x)	1	:	0.000000	0.438370	0.000000	0.000001	0.000000	0.561629
35	tsk_35	(x)	1	:	0.000001	0.000000	0.456898	0.000002	0.183265	0.359835
36	tsk_36	(x)	1	:	0.000000	0.517386	0.482614	0.000000	0.000000	0.000000
37	tsk_37	(x)	1	:	0.000000	0.000000	0.999964	0.000000	0.000036	0.000000
38	tsk_38	(x)	1	:	0.000000	0.000000	0.000000	0.000000	0.000000	1.000000
39	tsk_39	(x)	1	:	0.000000	0.000000	0.460137	0.000000	0.045480	0.494383
40	tsk_40	(x)	1	:	0.000000	0.000000	0.000000	0.000000	0.640468	0.359532
41	tsk_41	(x)	1	:	0.496563	0.000000	0.000000	0.002637	0.500800	0.000000
42	tsk_42	(x)	1	:	0.000000	0.000000	0.000000	0.000000	1.000000	0.000000
43	tsk_43	(x)	1	:	0.000000	0.000000	0.000000	0.000000	1.000000	0.000000
44	tsk_44	(x)	1	:	0.000000	0.000000	0.000000	0.000000	1.000000	0.000000
45	tsk_45	(x)	1	:	0.000000	0.000000	0.000000	0.000000	1.000000	0.000000
46	tsk_46	(x)	1	:	0.000000	0.000000	0.000000	0.000000	1.000000	0.000000
47	tsk_47	(x)	1	:	0.000000	0.000000	0.000000	0.000000	1.000000	0.000000
48	tsk_48	(x)	1	:	0.000000	0.000000	0.000000	0.000000	1.000000	0.000000
49	tsk_49	(x)	1	:	0.000000	0.000000	0.000000	0.000000	0.640468	0.359532
