logL = -223.559475 (converged)
AIC = 1151.118950
BIC = 1824.151048

count.K
8 4 12 5 10 11 

