logL = -252.866394 (converged)
AIC = 917.732787
BIC = 1311.609527

count.K
8 22 18 2 

