logL = -387.642001 (converged)
AIC = 959.284002
BIC = 1135.190118

count.K
21 29 

