logL = -46.507693 (converged)
AIC = 701.015385
BIC = 1282.270379

count.K
1 2 25 3 13 6 

