logL = -55.324445 (converged)
AIC = 490.648889
BIC = 853.933260

count.K
35 9 4 2 

