logL = -135.503185 (converged)
AIC = 643.006371
BIC = 998.642650

count.K
11 23 3 13 

