logL = -317.813837 (converged)
AIC = 1071.627674
BIC = 1488.448689

count.K
16 9 12 13 

