logL = -123.479432 (converged)
AIC = 866.958864
BIC = 1459.685995

count.K
22 14 3 6 1 4 

