0	tsk_0	(x)	1	:	0.000000	0.000000	0.000000	1.000000	0.000000	0.000000
1	tsk_1	(x)	1	:	0.000000	0.000000	0.000000	0.457308	0.000012	0.542679
2	tsk_2	(x)	1	:	0.000000	0.000000	0.000000	0.457313	0.000001	0.542686
3	tsk_3	(x)	1	:	0.000000	0.000000	0.000000	1.000000	0.000000	0.000000
4	tsk_4	(x)	1	:	0.000000	0.000000	0.000000	0.000000	0.000000	1.000000
5	tsk_5	(x)	1	:	0.000000	0.000000	0.000000	0.304283	0.000000	0.695717
6	tsk_6	(x)	1	:	0.000117	0.005729	0.499903	0.000000	0.000000	0.494251
7	tsk_7	(x)	1	:	0.000000	0.000000	0.000000	0.457311	0.000007	0.542682
8	tsk_8	(x)	1	:	0.000000	0.000000	0.000000	0.457294	0.000038	0.542668
9	tsk_9	(x)	1	:	0.000000	0.000000	0.000000	0.000000	0.000000	1.000000
10	tsk_10	(x)	1	:	0.857220	0.142780	0.000000	0.000000	0.000000	0.000000
11	tsk_11	(x)	1	:	0.830776	0.169224	0.000000	0.000000	0.000000	0.000000
12	tsk_12	(x)	1	:	0.684249	0.315751	0.000000	0.000000	0.000000	0.000000
13	tsk_13	(x)	1	:	0.852526	0.147474	0.000000	0.000000	0.000000	0.000000
14	tsk_14	(x)	1	:	0.242209	0.263395	0.000000	0.000000	0.000000	0.494396
15	tsk_15	(x)	1	:	0.333635	0.166365	0.500000	0.000000	0.000000	0.000000
16	tsk_16	(x)	1	:	1.000000	0.000000	0.000000	0.000000	0.000000	0.000000
17	tsk_17	(x)	1	:	0.000000	0.000000	0.000000	0.457285	0.000051	0.542664
18	tsk_18	(x)	1	:	0.753189	0.246811	0.000000	0.000000	0.000000	0.000000
19	tsk_19	(x)	1	:	0.205262	0.300342	0.000000	0.000000	0.000000	0.494396
20	tsk_20	(x)	1	:	0.113681	0.391945	0.000000	0.457100	0.000000	0.037274
21	tsk_21	(x)	1	:	0.000000	0.000000	0.000000	1.000000	0.000000	0.000000
22	tsk_22	(x)	1	:	0.000000	0.000000	0.000000	0.097086	0.902914	0.000000
23	tsk_23	(x)	1	:	0.255760	0.249802	0.000000	0.456844	0.000000	0.037593
24	tsk_24	(x)	1	:	0.000000	0.000000	0.000000	0.009657	0.990343	0.000000
25	tsk_25	(x)	1	:	0.861075	0.138925	0.000000	0.000000	0.000000	0.000000
26	tsk_26	(x)	1	:	0.458086	0.018422	0.000000	0.000021	0.523472	0.000000
27	tsk_27	(x)	1	:	0.000000	0.000000	0.000000	1.000000	0.000000	0.000000
28	tsk_28	(x)	1	:	0.231117	0.274485	0.000000	0.457002	0.000000	0.037396
29	tsk_29	(x)	1	:	0.172455	0.333183	0.000000	0.457150	0.000000	0.037211
30	tsk_30	(x)	1	:	0.000000	0.000000	0.000000	0.000000	0.000000	1.000000
31	tsk_31	(x)	1	:	0.000000	0.000000	0.000000	0.000000	0.000000	1.000000
32	tsk_32	(x)	1	:	0.000000	0.000000	0.000000	0.000000	0.000000	1.000000
33	tsk_33	(x)	1	:	0.000000	0.000000	0.000000	1.000000	0.000000	0.000000
34	tsk_34	(x)	1	:	0.000000	0.000000	0.000000	1.000000	0.000000	0.000000
35	tsk_35	(x)	1	:	0.001505	0.003398	0.500235	0.456555	0.000000	0.038307
36	tsk_36	(x)	1	:	0.166736	0.293884	0.000000	0.539381	0.000000	0.000000
37	tsk_37	(x)	1	:	0.000000	0.000000	0.000000	1.000000	0.000000	0.000000
38	tsk_38	(x)	1	:	0.000000	0.000000	0.000000	0.000000	0.000000	1.000000
39	tsk_39	(x)	1	:	0.000000	0.000000	0.000000	0.000000	0.000000	1.000000
40	tsk_40	(x)	1	:	0.000000	0.000000	0.000000	0.000000	0.000000	1.000000
41	tsk_41	(x)	1	:	0.000000	0.000000	0.000000	0.457306	0.000017	0.542677
42	tsk_42	(x)	1	:	0.000000	0.000000	0.000000	0.000000	0.000000	1.000000
43	tsk_43	(x)	1	:	0.001722	0.004208	0.499869	0.000000	0.000000	0.494200
44	tsk_44	(x)	1	:	0.000000	0.005768	0.499934	0.000000	0.000000	0.494297
45	tsk_45	(x)	1	:	0.000000	0.000000	1.000000	0.000000	0.000000	0.000000
46	tsk_46	(x)	1	:	0.003053	0.002708	0.499937	0.000000	0.000000	0.494302
47	tsk_47	(x)	1	:	0.000000	0.000000	0.000000	0.000000	0.000000	1.000000
48	tsk_48	(x)	1	:	0.000000	0.005836	0.499907	0.000000	0.000000	0.494257
49	tsk_49	(x)	1	:	0.001271	0.003767	0.500184	0.456582	0.000000	0.038196
