logL = -47.555873 (converged)
AIC = 679.111746
BIC = 1237.422464

count.K
14 14 13 5 1 3 

