logL = -293.673729 (converged)
AIC = 1351.347458
BIC = 2081.740246

count.K
11 8 1 11 8 11 

