logL = -217.626485 (converged)
AIC = 707.252970
BIC = 967.288099

count.K
11 22 17 

