logL = -264.697581 (converged)
AIC = 1233.395161
BIC = 1906.427259

count.K
8 4 16 10 7 5 

