0	tsk_0	(x)	1	:	0.000000	0.001851	0.000000	0.000000	0.000000	0.998149
1	tsk_1	(x)	1	:	0.000000	0.465705	0.000000	0.000000	0.503915	0.030379
2	tsk_2	(x)	1	:	0.000000	0.000000	0.443565	0.000000	0.000000	0.556435
3	tsk_3	(x)	1	:	0.000000	0.000000	0.443565	0.000000	0.000000	0.556435
4	tsk_4	(x)	1	:	0.000000	0.000000	0.404720	0.000000	0.000000	0.595280
5	tsk_5	(x)	1	:	0.000000	0.000000	0.000000	0.000000	0.000000	1.000000
6	tsk_6	(x)	1	:	0.000000	0.000000	0.000000	0.000000	0.000000	1.000000
7	tsk_7	(x)	1	:	0.000000	0.000000	0.000000	0.000000	0.000000	1.000000
8	tsk_8	(x)	1	:	0.000000	0.999140	0.000000	0.000000	0.000000	0.000860
9	tsk_9	(x)	1	:	0.000000	0.473190	0.000000	0.483337	0.020697	0.022776
10	tsk_10	(x)	1	:	0.531878	0.000000	0.000000	0.468122	0.000000	0.000000
11	tsk_11	(x)	1	:	0.000000	0.000000	0.505832	0.479901	0.014267	0.000000
12	tsk_12	(x)	1	:	0.499155	0.465782	0.000000	0.002167	0.002419	0.030477
13	tsk_13	(x)	1	:	0.000000	0.000657	0.520187	0.000000	0.000000	0.479156
14	tsk_14	(x)	1	:	0.531878	0.000000	0.000000	0.468122	0.000000	0.000000
15	tsk_15	(x)	1	:	0.499570	0.432981	0.000000	0.002280	0.001740	0.063430
16	tsk_16	(x)	1	:	0.000000	0.999695	0.000000	0.000000	0.000000	0.000305
17	tsk_17	(x)	1	:	0.000000	0.456858	0.000000	0.483509	0.020485	0.039149
18	tsk_18	(x)	1	:	0.498336	0.000000	0.000000	0.002469	0.499195	0.000000
19	tsk_19	(x)	1	:	1.000000	0.000000	0.000000	0.000000	0.000000	0.000000
20	tsk_20	(x)	1	:	0.000000	0.474389	0.000000	0.483074	0.021007	0.021530
21	tsk_21	(x)	1	:	0.000000	0.518559	0.000000	0.476531	0.004910	0.000000
22	tsk_22	(x)	1	:	0.000000	0.000049	0.177229	0.000000	0.000000	0.822722
23	tsk_23	(x)	1	:	0.000000	0.000000	0.000000	0.000000	0.000000	1.000000
24	tsk_24	(x)	1	:	0.000000	0.456839	0.000000	0.483627	0.020346	0.039188
25	tsk_25	(x)	1	:	0.000000	0.002715	0.000023	0.484718	0.109999	0.402546
26	tsk_26	(x)	1	:	0.000000	0.456304	0.000000	0.483391	0.020624	0.039681
27	tsk_27	(x)	1	:	0.000000	0.995846	0.000000	0.000000	0.000000	0.004154
28	tsk_28	(x)	1	:	0.000000	0.525158	0.474842	0.000000	0.000000	0.000000
29	tsk_29	(x)	1	:	0.000000	0.518823	0.000000	0.478066	0.003111	0.000000
30	tsk_30	(x)	1	:	0.000000	0.000000	1.000000	0.000000	0.000000	0.000000
31	tsk_31	(x)	1	:	0.000000	0.000000	0.505796	0.479702	0.014502	0.000000
32	tsk_32	(x)	1	:	0.000000	0.000000	0.506577	0.000000	0.493423	0.000000
33	tsk_33	(x)	1	:	0.000000	0.474905	0.000000	0.000000	0.503921	0.021174
34	tsk_34	(x)	1	:	0.000000	0.000000	0.505828	0.479876	0.014296	0.000000
35	tsk_35	(x)	1	:	0.000000	0.000000	0.506577	0.000000	0.493423	0.000000
36	tsk_36	(x)	1	:	0.000000	0.000000	0.505807	0.479762	0.014432	0.000000
37	tsk_37	(x)	1	:	0.000000	0.000000	0.505820	0.479837	0.014343	0.000000
38	tsk_38	(x)	1	:	0.000000	0.000000	0.506577	0.000000	0.493423	0.000000
39	tsk_39	(x)	1	:	0.000000	0.000000	0.506577	0.000000	0.493423	0.000000
40	tsk_40	(x)	1	:	0.000000	0.000000	0.000000	0.000000	1.000000	0.000000
41	tsk_41	(x)	1	:	0.000000	0.000000	0.465971	0.000000	0.534029	0.000000
42	tsk_42	(x)	1	:	0.000000	0.000000	0.000000	0.000000	1.000000	0.000000
43	tsk_43	(x)	1	:	0.000000	0.000000	0.000000	0.000000	1.000000	0.000000
44	tsk_44	(x)	1	:	0.000000	0.000000	0.000000	0.000000	1.000000	0.000000
45	tsk_45	(x)	1	:	0.000000	0.000000	0.000000	0.000000	1.000000	0.000000
46	tsk_46	(x)	1	:	0.000000	0.464396	0.000000	0.000000	0.503915	0.031689
47	tsk_47	(x)	1	:	0.000000	0.000000	0.000000	0.593723	0.406277	0.000000
48	tsk_48	(x)	1	:	0.000000	0.000000	0.000000	0.593723	0.406277	0.000000
49	tsk_49	(x)	1	:	0.000000	0.000000	0.000000	0.000000	1.000000	0.000000
