logL = -130.036622 (converged)
AIC = 640.073244
BIC = 1003.357615

count.K
10 16 9 15 

