logL = -124.361667 (converged)
AIC = 620.723335
BIC = 976.359614

count.K
10 25 7 8 

