logL = -270.811514 (converged)
AIC = 831.623028
BIC = 1108.866364

count.K
16 19 15 

