0	tsk_0	(x)	1	:	0.000000	0.000011	0.244106	0.570177	0.000000	0.185707
1	tsk_1	(x)	1	:	0.000000	0.000034	0.478006	0.000000	0.000000	0.521960
2	tsk_2	(x)	1	:	0.000000	0.000005	0.376085	0.497018	0.000000	0.126891
3	tsk_3	(x)	1	:	0.000000	0.000006	0.348811	0.330711	0.000000	0.320472
4	tsk_4	(x)	1	:	0.000000	0.000026	0.356107	0.000000	0.000000	0.643867
5	tsk_5	(x)	1	:	0.000000	0.000030	0.351911	0.000000	0.000000	0.648059
6	tsk_6	(x)	1	:	0.000000	0.000003	0.301279	0.497018	0.000000	0.201700
7	tsk_7	(x)	1	:	0.000000	0.000005	0.323212	0.497018	0.000000	0.179765
8	tsk_8	(x)	1	:	0.000003	0.000001	0.153890	0.831637	0.000000	0.014469
9	tsk_9	(x)	1	:	0.000003	0.000000	0.152215	0.831637	0.000000	0.016145
10	tsk_10	(x)	1	:	0.000000	0.000036	0.535649	0.000000	0.000000	0.464315
11	tsk_11	(x)	1	:	0.000000	0.000042	0.454724	0.000000	0.000000	0.545234
12	tsk_12	(x)	1	:	0.000000	0.000020	0.587430	0.000000	0.000000	0.412550
13	tsk_13	(x)	1	:	0.000000	0.000006	0.284515	0.000012	0.402027	0.313440
14	tsk_14	(x)	1	:	0.000000	0.000004	0.367963	0.000010	0.402028	0.229995
15	tsk_15	(x)	1	:	0.000000	0.000034	0.491867	0.000000	0.000000	0.508099
16	tsk_16	(x)	1	:	0.000000	0.000035	0.230698	0.000000	0.000000	0.769267
17	tsk_17	(x)	1	:	0.000000	0.998672	0.000629	0.000000	0.000000	0.000699
18	tsk_18	(x)	1	:	0.000000	0.000026	0.427545	0.000000	0.000000	0.572428
19	tsk_19	(x)	1	:	0.000000	0.000028	0.430912	0.000000	0.000000	0.569060
20	tsk_20	(x)	1	:	0.000000	0.000000	0.000000	1.000000	0.000000	0.000000
21	tsk_21	(x)	1	:	0.000000	0.000000	0.000000	1.000000	0.000000	0.000000
22	tsk_22	(x)	1	:	0.000000	0.000000	0.000000	1.000000	0.000000	0.000000
23	tsk_23	(x)	1	:	0.683125	0.000000	0.000000	0.316874	0.000000	0.000000
24	tsk_24	(x)	1	:	0.000000	0.000000	0.000000	1.000000	0.000000	0.000000
25	tsk_25	(x)	1	:	0.000000	0.000000	0.000000	1.000000	0.000000	0.000000
26	tsk_26	(x)	1	:	0.683125	0.000000	0.000000	0.316874	0.000000	0.000000
27	tsk_27	(x)	1	:	0.000000	0.000000	0.000000	1.000000	0.000000	0.000000
28	tsk_28	(x)	1	:	0.000000	0.000000	0.000000	1.000000	0.000000	0.000000
29	tsk_29	(x)	1	:	0.683125	0.000000	0.000000	0.316874	0.000000	0.000000
30	tsk_30	(x)	1	:	0.000000	0.000006	0.255941	0.000000	0.524843	0.219209
31	tsk_31	(x)	1	:	0.000000	0.000004	0.334267	0.000000	0.524843	0.140886
32	tsk_32	(x)	1	:	0.000000	0.000029	0.266122	0.000000	0.000000	0.733849
33	tsk_33	(x)	1	:	0.000000	0.000028	0.187631	0.000000	0.000000	0.812340
34	tsk_34	(x)	1	:	0.000000	0.000032	0.311842	0.000000	0.000000	0.688126
35	tsk_35	(x)	1	:	0.000000	0.000039	0.367738	0.000000	0.000000	0.632223
36	tsk_36	(x)	1	:	0.000000	0.000028	0.595755	0.000000	0.000000	0.404217
37	tsk_37	(x)	1	:	0.000000	0.000000	0.000000	0.000000	1.000000	0.000000
38	tsk_38	(x)	1	:	0.000000	0.000017	0.281862	0.000000	0.000000	0.718121
39	tsk_39	(x)	1	:	0.000000	0.000022	0.426836	0.000000	0.000000	0.573141
40	tsk_40	(x)	1	:	0.000000	0.000000	0.000000	1.000000	0.000000	0.000000
41	tsk_41	(x)	1	:	0.000000	0.999782	0.000149	0.000000	0.000000	0.000069
42	tsk_42	(x)	1	:	0.000000	0.541624	0.000000	0.458376	0.000000	0.000000
43	tsk_43	(x)	1	:	0.000000	0.000000	0.000000	0.000000	1.000000	0.000000
44	tsk_44	(x)	1	:	0.538509	0.000001	0.009569	0.000000	0.000000	0.451921
45	tsk_45	(x)	1	:	0.000000	0.000000	0.000000	0.000000	1.000000	0.000000
46	tsk_46	(x)	1	:	0.000000	0.000043	0.402148	0.000000	0.000000	0.597809
47	tsk_47	(x)	1	:	0.000000	0.000041	0.496464	0.000000	0.000000	0.503495
48	tsk_48	(x)	1	:	0.666098	0.000000	0.000000	0.333902	0.000000	0.000000
49	tsk_49	(x)	1	:	0.000000	0.000000	0.000000	0.305533	0.694467	0.000000
