logL = -186.528349 (converged)
AIC = 777.056697
BIC = 1163.285344

count.K
6 10 18 16 

