logL = -54.295889 (converged)
AIC = 464.591778
BIC = 804.931873

count.K
24 7 5 14 

