logL = -270.546904 (converged)
AIC = 689.093807
BIC = 830.583510

count.K
30 20 

