logL = -138.324911 (converged)
AIC = 632.649821
BIC = 972.989916

count.K
22 9 16 3 

