logL = -96.322963 (converged)
AIC = 824.645926
BIC = 1428.845196

count.K
10 22 3 3 6 6 

