logL = -184.959290 (converged)
AIC = 635.918580
BIC = 890.217640

count.K
15 10 25 

