logL = -311.714287 (converged)
AIC = 779.428574
BIC = 928.566368

count.K
17 33 

