logL = -170.340526 (converged)
AIC = 830.681051
BIC = 1299.126688

count.K
6 14 7 14 9 

