logL = -227.627583 (converged)
AIC = 599.255167
BIC = 736.920823

count.K
19 31 

