logL = -127.475050 (converged)
AIC = 398.950100
BIC = 536.615757

count.K
22 28 

