logL = -113.086400 (converged)
AIC = 614.172800
BIC = 985.105263

count.K
20 10 4 16 

