0	tsk_0	(x)	1	:	0.000000	1.000000	0.000000	0.000000
1	tsk_1	(x)	1	:	0.000000	1.000000	0.000000	0.000000
2	tsk_2	(x)	1	:	0.482436	0.135295	0.382269	0.000000
3	tsk_3	(x)	1	:	0.482328	0.517671	0.000000	0.000000
4	tsk_4	(x)	1	:	0.483658	0.131793	0.384550	0.000000
5	tsk_5	(x)	1	:	0.000000	0.617859	0.382141	0.000000
6	tsk_6	(x)	1	:	0.482328	0.517672	0.000000	0.000000
7	tsk_7	(x)	1	:	0.000000	0.000000	1.000000	0.000000
8	tsk_8	(x)	1	:	0.482595	0.134816	0.382589	0.000000
9	tsk_9	(x)	1	:	0.000000	1.000000	0.000000	0.000000
10	tsk_10	(x)	1	:	0.482541	0.134976	0.382483	0.000000
11	tsk_11	(x)	1	:	0.482426	0.135326	0.382248	0.000000
12	tsk_12	(x)	1	:	0.000000	0.000000	1.000000	0.000000
13	tsk_13	(x)	1	:	0.000000	0.000184	0.353691	0.646125
14	tsk_14	(x)	1	:	0.000000	0.617598	0.382402	0.000000
15	tsk_15	(x)	1	:	0.482515	0.135052	0.382433	0.000000
16	tsk_16	(x)	1	:	0.000000	0.617859	0.382141	0.000000
17	tsk_17	(x)	1	:	0.000000	0.000266	0.353674	0.646061
18	tsk_18	(x)	1	:	0.000000	0.000290	0.353669	0.646042
19	tsk_19	(x)	1	:	0.000000	0.617614	0.382386	0.000000
20	tsk_20	(x)	1	:	0.482322	0.517678	0.000000	0.000000
21	tsk_21	(x)	1	:	0.482326	0.517674	0.000000	0.000000
22	tsk_22	(x)	1	:	1.000000	0.000000	0.000000	0.000000
23	tsk_23	(x)	1	:	0.000000	1.000000	0.000000	0.000000
24	tsk_24	(x)	1	:	0.482325	0.517675	0.000000	0.000000
25	tsk_25	(x)	1	:	0.593785	0.406215	0.000000	0.000000
26	tsk_26	(x)	1	:	0.000000	1.000000	0.000000	0.000000
27	tsk_27	(x)	1	:	0.594174	0.405826	0.000000	0.000000
28	tsk_28	(x)	1	:	0.482329	0.517671	0.000000	0.000000
29	tsk_29	(x)	1	:	1.000000	0.000000	0.000000	0.000000
30	tsk_30	(x)	1	:	0.000000	0.061383	0.000000	0.938617
31	tsk_31	(x)	1	:	0.000000	0.067507	0.000000	0.932493
32	tsk_32	(x)	1	:	0.000000	1.000000	0.000000	0.000000
33	tsk_33	(x)	1	:	0.000000	0.999999	0.000000	0.000001
34	tsk_34	(x)	1	:	0.000000	0.053144	0.000000	0.946856
35	tsk_35	(x)	1	:	0.000000	1.000000	0.000000	0.000000
36	tsk_36	(x)	1	:	0.000000	0.051529	0.000000	0.948471
37	tsk_37	(x)	1	:	0.000000	0.061393	0.000000	0.938607
38	tsk_38	(x)	1	:	0.000000	1.000000	0.000000	0.000000
39	tsk_39	(x)	1	:	0.000000	1.000000	0.000000	0.000000
40	tsk_40	(x)	1	:	0.000000	0.617697	0.382303	0.000000
41	tsk_41	(x)	1	:	0.000004	0.000000	0.999996	0.000000
42	tsk_42	(x)	1	:	0.482248	0.517752	0.000000	0.000000
43	tsk_43	(x)	1	:	0.000000	0.618244	0.381756	0.000000
44	tsk_44	(x)	1	:	0.000000	0.617853	0.382147	0.000000
45	tsk_45	(x)	1	:	0.000000	0.000000	1.000000	0.000000
46	tsk_46	(x)	1	:	0.000004	0.000000	0.999996	0.000000
47	tsk_47	(x)	1	:	0.482286	0.517714	0.000000	0.000000
48	tsk_48	(x)	1	:	0.000000	0.000000	1.000000	0.000000
49	tsk_49	(x)	1	:	0.000000	0.000000	1.000000	0.000000
