logL = -230.140093 (converged)
AIC = 738.280185
BIC = 1004.051383

count.K
24 15 11 

