logL = -126.418858 (converged)
AIC = 872.837716
BIC = 1465.564848

count.K
0 4 4 2 35 5 

