logL = -21.694855 (converged)
AIC = 367.389710
BIC = 677.137437

count.K
29 10 7 4 

