logL = -180.471602 (converged)
AIC = 880.943204
BIC = 1378.069186

count.K
5 15 15 10 5 

