logL = -193.371815 (converged)
AIC = 946.743629
BIC = 1482.110071

count.K
28 2 7 9 4 

