logL = -277.167493 (converged)
AIC = 702.334987
BIC = 843.824689

count.K
15 35 

