logL = -134.606076 (converged)
AIC = 641.212152
BIC = 996.848431

count.K
6 32 3 9 

