0	tsk_0	(x)	1	:	0.000000	0.000000	1.000000	0.000000	0.000000	0.000000
1	tsk_1	(x)	1	:	0.435437	0.000000	0.000000	0.000000	0.564563	0.000000
2	tsk_2	(x)	1	:	0.000000	0.000000	1.000000	0.000000	0.000000	0.000000
3	tsk_3	(x)	1	:	0.206341	0.000000	0.496307	0.000000	0.297353	0.000000
4	tsk_4	(x)	1	:	0.000000	0.000000	1.000000	0.000000	0.000000	0.000000
5	tsk_5	(x)	1	:	0.000000	0.000000	1.000000	0.000000	0.000000	0.000000
6	tsk_6	(x)	1	:	0.096591	0.000000	0.496274	0.000000	0.407135	0.000000
7	tsk_7	(x)	1	:	0.256133	0.000000	0.496323	0.000000	0.247544	0.000000
8	tsk_8	(x)	1	:	0.556290	0.000000	0.000000	0.000000	0.443710	0.000000
9	tsk_9	(x)	1	:	0.188390	0.000000	0.496301	0.000000	0.315309	0.000000
10	tsk_10	(x)	1	:	0.793862	0.000000	0.000000	0.000000	0.206138	0.000000
11	tsk_11	(x)	1	:	0.000025	0.000000	0.000000	0.000000	0.999975	0.000000
12	tsk_12	(x)	1	:	0.437593	0.000000	0.000000	0.000000	0.562407	0.000000
13	tsk_13	(x)	1	:	0.327625	0.000000	0.459390	0.000000	0.212985	0.000000
14	tsk_14	(x)	1	:	0.299473	0.000000	0.413132	0.000000	0.287395	0.000000
15	tsk_15	(x)	1	:	0.857551	0.000000	0.000000	0.000000	0.142449	0.000000
16	tsk_16	(x)	1	:	0.609972	0.000000	0.000000	0.000000	0.390028	0.000000
17	tsk_17	(x)	1	:	0.999972	0.000000	0.000000	0.000000	0.000028	0.000000
18	tsk_18	(x)	1	:	0.260528	0.000000	0.000000	0.510160	0.229311	0.000000
19	tsk_19	(x)	1	:	0.768676	0.000000	0.000000	0.000000	0.231324	0.000000
20	tsk_20	(x)	1	:	0.243986	0.000000	0.000000	0.510108	0.245906	0.000000
21	tsk_21	(x)	1	:	0.000001	0.000000	0.000000	0.999999	0.000000	0.000000
22	tsk_22	(x)	1	:	0.000000	0.000000	0.000000	0.999999	0.000000	0.000000
23	tsk_23	(x)	1	:	0.000001	0.000000	0.000000	0.999999	0.000000	0.000000
24	tsk_24	(x)	1	:	0.000001	0.000000	0.000000	0.999999	0.000000	0.000000
25	tsk_25	(x)	1	:	0.000001	0.000000	0.000000	0.999998	0.000000	0.000000
26	tsk_26	(x)	1	:	0.340266	0.000000	0.000000	0.510346	0.149388	0.000000
27	tsk_27	(x)	1	:	0.000001	0.000000	0.000000	0.999999	0.000000	0.000000
28	tsk_28	(x)	1	:	0.000001	0.000000	0.000000	0.999999	0.000000	0.000000
29	tsk_29	(x)	1	:	0.000918	0.189454	0.316374	0.491127	0.002128	0.000000
30	tsk_30	(x)	1	:	0.104209	0.495948	0.000000	0.000000	0.399843	0.000000
31	tsk_31	(x)	1	:	0.608898	0.000000	0.000000	0.000000	0.391102	0.000000
32	tsk_32	(x)	1	:	0.305023	0.000000	0.000000	0.000000	0.694977	0.000000
33	tsk_33	(x)	1	:	0.000520	0.000000	0.000000	0.495988	0.000547	0.502946
34	tsk_34	(x)	1	:	0.000746	0.000000	0.000000	0.496035	0.000225	0.502994
35	tsk_35	(x)	1	:	0.568849	0.000000	0.000000	0.000000	0.431151	0.000000
36	tsk_36	(x)	1	:	0.189873	0.000000	0.000000	0.509997	0.300131	0.000000
37	tsk_37	(x)	1	:	0.000000	1.000000	0.000000	0.000000	0.000000	0.000000
38	tsk_38	(x)	1	:	0.000682	0.000000	0.000000	0.495990	0.000381	0.502947
39	tsk_39	(x)	1	:	0.263001	0.000000	0.413122	0.000000	0.323877	0.000000
40	tsk_40	(x)	1	:	0.683556	0.000000	0.000000	0.000000	0.316443	0.000000
41	tsk_41	(x)	1	:	0.070793	0.495937	0.000000	0.000000	0.433270	0.000000
42	tsk_42	(x)	1	:	0.102044	0.495945	0.000000	0.000000	0.402010	0.000000
43	tsk_43	(x)	1	:	0.503872	0.496128	0.000000	0.000000	0.000000	0.000000
44	tsk_44	(x)	1	:	0.000000	0.000000	0.413061	0.000000	0.586939	0.000000
45	tsk_45	(x)	1	:	0.342577	0.000000	0.000000	0.000000	0.657423	0.000000
46	tsk_46	(x)	1	:	0.048814	0.495931	0.000000	0.000000	0.455255	0.000000
47	tsk_47	(x)	1	:	0.065716	0.495935	0.000000	0.000000	0.438349	0.000000
48	tsk_48	(x)	1	:	0.000000	0.000000	0.000000	0.000000	1.000000	0.000000
49	tsk_49	(x)	1	:	0.478097	0.000000	0.000000	0.000000	0.521903	0.000000
