logL = -152.827340 (converged)
AIC = 949.654680
BIC = 1565.326088

count.K
17 14 4 12 1 2 

