logL = -225.129865 (converged)
AIC = 606.259730
BIC = 755.397524

count.K
40 10 

