logL = -290.842317 (converged)
AIC = 1309.684633
BIC = 2005.661007

count.K
5 2 9 9 14 11 

