logL = -21.500902 (converged)
AIC = 473.001804
BIC = 884.086750

count.K
6 8 5 21 10 

