logL = -108.342240 (converged)
AIC = 706.684481
BIC = 1175.130117

count.K
5 7 24 9 5 

