logL = -481.724023 (converged)
AIC = 1147.448045
BIC = 1323.354162

count.K
22 28 

