logL = -422.533567 (converged)
AIC = 1021.067133
BIC = 1189.325158

count.K
23 27 

