logL = -300.899968 (converged)
AIC = 765.799935
BIC = 922.585822

count.K
26 24 

