logL = -189.600964 (converged)
AIC = 699.201928
BIC = 1005.125609

count.K
18 19 13 

