logL = -225.765812 (converged)
AIC = 735.531623
BIC = 1007.038890

count.K
21 7 22 

