logL = -235.442539 (converged)
AIC = 1030.885078
BIC = 1566.251519

count.K
6 9 6 16 13 

