0	tsk_0	(x)	1	:	0.000000	1.000000	0.000000	0.000000	0.000000	0.000000
1	tsk_1	(x)	1	:	0.069828	0.000000	0.708480	0.000000	0.000000	0.221692
2	tsk_2	(x)	1	:	0.080346	0.000000	0.491224	0.000000	0.000000	0.428430
3	tsk_3	(x)	1	:	0.000000	0.484672	0.515328	0.000000	0.000000	0.000000
4	tsk_4	(x)	1	:	0.232326	0.000000	0.491224	0.000000	0.000000	0.276450
5	tsk_5	(x)	1	:	0.000000	0.000000	0.000000	0.000000	0.000000	1.000000
6	tsk_6	(x)	1	:	0.077551	0.000000	0.491224	0.000000	0.000000	0.431225
7	tsk_7	(x)	1	:	0.218231	0.478689	0.000000	0.000000	0.000000	0.303080
8	tsk_8	(x)	1	:	0.132236	0.000000	0.000000	0.000000	0.000000	0.867764
9	tsk_9	(x)	1	:	0.000000	0.000000	0.505424	0.000000	0.494576	0.000000
10	tsk_10	(x)	1	:	0.364453	0.000000	0.000000	0.000000	0.000000	0.635547
11	tsk_11	(x)	1	:	0.431571	0.000000	0.000000	0.000000	0.000000	0.568429
12	tsk_12	(x)	1	:	0.433441	0.000000	0.000000	0.000000	0.000000	0.566559
13	tsk_13	(x)	1	:	0.655179	0.000000	0.000000	0.000000	0.000000	0.344821
14	tsk_14	(x)	1	:	0.503403	0.000000	0.000000	0.000000	0.000000	0.496597
15	tsk_15	(x)	1	:	0.487082	0.000000	0.000000	0.000000	0.000000	0.512918
16	tsk_16	(x)	1	:	0.338002	0.000000	0.000000	0.000000	0.000000	0.661998
17	tsk_17	(x)	1	:	0.432685	0.000000	0.000000	0.000000	0.000000	0.567315
18	tsk_18	(x)	1	:	1.000000	0.000000	0.000000	0.000000	0.000000	0.000000
19	tsk_19	(x)	1	:	0.363998	0.000000	0.000000	0.000000	0.000000	0.636002
20	tsk_20	(x)	1	:	0.534949	0.000000	0.000000	0.000000	0.000000	0.465051
21	tsk_21	(x)	1	:	0.245767	0.000000	0.000000	0.000000	0.000000	0.754233
22	tsk_22	(x)	1	:	0.387617	0.000000	0.000000	0.000000	0.000000	0.612383
23	tsk_23	(x)	1	:	0.344841	0.000000	0.000000	0.000000	0.472085	0.183074
24	tsk_24	(x)	1	:	0.654535	0.000000	0.000000	0.000000	0.000000	0.345465
25	tsk_25	(x)	1	:	0.276564	0.000000	0.000000	0.000000	0.000000	0.723436
26	tsk_26	(x)	1	:	0.431692	0.000000	0.000000	0.000000	0.000000	0.568308
27	tsk_27	(x)	1	:	0.532346	0.000000	0.000000	0.000000	0.000000	0.467654
28	tsk_28	(x)	1	:	0.132428	0.000000	0.000000	0.000000	0.000000	0.867572
29	tsk_29	(x)	1	:	0.752674	0.000000	0.000000	0.000000	0.000000	0.247326
30	tsk_30	(x)	1	:	0.134892	0.000000	0.000000	0.000000	0.472095	0.393013
31	tsk_31	(x)	1	:	0.364733	0.000000	0.000000	0.000000	0.000000	0.635267
32	tsk_32	(x)	1	:	0.288463	0.562223	0.000000	0.000000	0.000000	0.149314
33	tsk_33	(x)	1	:	0.196508	0.562223	0.000000	0.000000	0.000000	0.241269
34	tsk_34	(x)	1	:	0.451780	0.478689	0.000000	0.000000	0.000000	0.069531
35	tsk_35	(x)	1	:	0.382406	0.562223	0.000000	0.000000	0.000000	0.055371
36	tsk_36	(x)	1	:	0.348988	0.478689	0.000000	0.000000	0.000000	0.172323
37	tsk_37	(x)	1	:	0.547152	0.000000	0.000000	0.000000	0.000000	0.452848
38	tsk_38	(x)	1	:	0.313060	0.000000	0.000000	0.000000	0.000000	0.686940
39	tsk_39	(x)	1	:	0.276540	0.000000	0.000000	0.000000	0.000000	0.723460
40	tsk_40	(x)	1	:	0.388585	0.000000	0.000000	0.515917	0.000000	0.095498
41	tsk_41	(x)	1	:	0.400371	0.000000	0.000000	0.515917	0.000000	0.083711
42	tsk_42	(x)	1	:	0.378311	0.000000	0.000000	0.000000	0.000000	0.621689
43	tsk_43	(x)	1	:	0.431842	0.000000	0.000000	0.000000	0.000000	0.568158
44	tsk_44	(x)	1	:	0.128629	0.000000	0.000000	0.756867	0.000000	0.114504
45	tsk_45	(x)	1	:	0.204298	0.478689	0.000000	0.000000	0.000000	0.317013
46	tsk_46	(x)	1	:	0.354994	0.478689	0.000000	0.000000	0.000000	0.166317
47	tsk_47	(x)	1	:	0.000000	0.479600	0.000000	0.520400	0.000000	0.000000
48	tsk_48	(x)	1	:	0.000001	0.479600	0.000000	0.520399	0.000000	0.000000
49	tsk_49	(x)	1	:	0.233515	0.000000	0.000000	0.000000	0.000000	0.766485
