logL = -207.236766 (converged)
AIC = 1106.473532
BIC = 1768.033492

count.K
11 5 11 13 8 2 

