logL = -326.405401 (converged)
AIC = 824.810802
BIC = 989.244780

count.K
7 43 

