logL = -103.288541 (converged)
AIC = 610.577083
BIC = 996.805730

count.K
4 16 10 20 

