logL = -28.330550 (converged)
AIC = 168.661101
BIC = 275.734389

count.K
1 49 

