logL = -275.070374 (converged)
AIC = 1140.140748
BIC = 1704.187535

count.K
12 9 9 2 18 

