logL = -170.843297 (converged)
AIC = 861.686593
BIC = 1358.812575

count.K
10 7 7 10 16 

