logL = -236.545579 (converged)
AIC = 861.091157
BIC = 1232.023620

count.K
7 9 20 14 

