logL = -85.303257 (converged)
AIC = 766.606514
BIC = 1336.389370

count.K
7 6 23 1 11 2 

